   0.0000000e+00   1.4109328e-01   3.8315278e-02  -8.0198292e-02  -8.2950334e-02   9.7524703e-02   3.0423831e-01   1.7155182e-01   1.4482002e-01  -1.6393383e-01   7.2377940e-02   1.5173541e-01  -3.7596755e-01   3.3814015e-01   5.5244508e-01   2.5729974e-02  -1.6464976e-01   5.0274718e-01  -2.9157233e-01   4.6204920e-02   3.0192551e-01   1.6817089e-01   2.6677993e-01   7.7581840e-01   9.0348025e-02  -1.9869926e-02   2.0842646e-01   3.6219012e-01  -1.9795936e-01   2.5025957e-01   3.2554300e-01   4.2939860e-01  -6.7922073e-02   5.0965095e-01   3.5933431e-01  -1.9260899e-01   4.1378738e-01   4.4510567e-01  -2.1717796e-01  -2.7282834e-01  -5.3365715e-01  -1.4803580e-01  -9.3358319e-03   1.4688109e-01   3.4289533e-01   6.1844174e-01   1.1331992e-01  -1.3081807e-01   2.9238296e-01  -3.5594334e-01   2.6879031e-01   3.7078942e-02  -1.5079111e-01   2.3740053e-01   2.7129974e-01   1.8747784e-01   1.7862305e-01   2.8846880e-01   4.2967408e-01   3.0884160e-01   3.4213875e-01  -3.0127926e-02  -3.4178255e-03  -1.2921735e-01   2.6283624e-01   2.5029097e-01  -1.9306395e-01  -1.2793412e-01   1.9771939e-01   6.3684198e-01  -1.6527054e-02   6.1820778e-01   1.8319601e-01   8.8642044e-02   2.1387860e-01   2.4770649e-01   5.9917586e-01  -4.7301323e-02  -3.4213844e-01   1.5916120e-01   3.4727414e-01   1.0036685e-01  -1.1288594e-01  -2.2422067e-01  -1.7095701e-01   3.8956268e-01   2.7545264e-01   7.1020752e-01  -2.1993834e-01   8.9291489e-01  -9.7688974e-02   4.0282107e-01   2.7485279e-01   1.9895576e-01   4.1758460e-01   2.3651525e-01   3.0080430e-01  -2.4195345e-01   4.4758598e-02   1.7386599e-02   5.1625279e-01   3.7880503e-01  -2.0487115e-01   1.8771127e-01   5.0250898e-01  -1.4011629e-01   7.6481684e-02   1.9397416e-02   7.2971461e-02  -2.3676966e-01  -3.2005118e-02   2.6714725e-01   3.1043295e-01   6.7772685e-01   8.1820566e-01  -5.0911539e-01   5.6933741e-01  -1.6060606e-01   4.0963951e-01   4.0882365e-01   5.7492813e-01   9.6212827e-02  -4.0973132e-01   2.8164318e-01   7.0896123e-01   3.0021764e-01   5.2866660e-01   1.6709633e-01  -1.7410155e-02   4.1413533e-01  -3.6433318e-01   6.8561792e-02  -1.7150338e-01   2.4014780e-01   2.4478905e-01   5.9191106e-02   4.8266746e-01   2.5467834e-01   2.8014200e-01   1.7824615e-01   6.3554783e-01  -3.6161634e-01  -8.0611394e-02   4.7608884e-01   5.3893044e-01   9.6634873e-02   2.0299527e-01  -1.3504456e-01   2.5084498e-01   1.6397346e-01   5.4017767e-01  -4.3164063e-01   5.8060086e-01   2.2942873e-02  -2.2564611e-02   3.5489750e-01   5.5083390e-01   3.0003083e-01   3.3142203e-01   2.5444566e-01  -1.6849832e-01   3.3848629e-02  -5.6375903e-02   2.8636167e-01   2.2111121e-01  -3.2837493e-01   1.5734771e-01  -4.0766433e-02   3.4962524e-01  -3.7920111e-01  -2.0593909e-01   4.9305905e-01   2.3504433e-01  -1.0743465e-01  -3.2632346e-02   2.1422452e-01   2.1157094e-02
   1.4109328e-01   0.0000000e+00   4.6920547e-01   2.8168412e-01   4.0537070e-01   3.8934375e-01   2.2213074e-01   1.8943261e-01  -3.9048889e-02  -9.7390530e-02   2.2543987e-01   6.9284246e-01  -3.5731450e-01   4.1737367e-01   5.2923658e-01  -4.2674456e-01   2.2007627e-01   6.3965843e-01   6.7312529e-02   4.0321833e-01   5.5648586e-01   1.5360960e-01   1.7782326e-01   7.6928123e-02  -3.4894154e-01   1.9261815e-01   4.7903509e-01   4.7779145e-01  -1.9997678e-01   5.5431414e-01   2.9060260e-01   4.0704915e-01   2.6837337e-02   4.2198095e-01   3.5094936e-01   1.2540935e-01   5.6131300e-01   7.4141589e-02  -3.3556499e-01   2.5396489e-01  -2.2175002e-01  -2.2235332e-01  -1.1765323e-01   3.2756234e-01   2.4105541e-01   4.1678356e-02   1.0432652e-01   2.2879404e-01   3.0177847e-01   5.7973429e-03   2.1562682e-02   1.5126845e-01   4.6481386e-01  -1.2314460e-01   3.0185994e-01   2.4781888e-01   2.0646945e-01   3.6577552e-01   3.7221653e-01   3.8383696e-01  -5.3262144e-03  -5.6716975e-02   5.2724758e-02   2.8314941e-03   2.6040298e-01   1.8838271e-01   2.9023908e-01  -2.0499022e-03   3.4406402e-03   4.2529139e-01   2.8018000e-01   4.3039878e-01   3.4147537e-01   4.4014093e-01   2.7589386e-01   1.5872272e-01   1.7450436e-01   3.7093298e-01   2.2448862e-01   2.3171029e-01   3.4547052e-01  -1.8264509e-01   6.6355824e-02   9.9807586e-02   4.0911912e-01   3.7827206e-01   5.0783956e-01   2.2483980e-01  -1.3557078e-01   4.5383298e-02   3.7977159e-01  -6.5653657e-02   4.7404167e-01  -2.6292866e-01   1.2924004e-01   2.0252379e-01   4.8416987e-01  -6.7481698e-02   3.7348998e-01  -2.1514065e-01   1.6448177e-01   5.1095668e-01   2.5623856e-01   2.9980337e-01   5.2603457e-01  -2.9904128e-02   7.8787718e-02   1.1745062e-01   7.0919866e-02   3.5679591e-01   2.8263504e-01   4.7678198e-01   2.8035448e-01  -4.3525396e-02   2.7268872e-01   1.1630022e-01   4.7019925e-01   1.6275435e-01   6.2943988e-01   4.1907538e-01   3.4242404e-02   2.6984257e-01  -2.2406130e-01   5.7638315e-01   8.1683522e-03   5.0111966e-01   5.9405269e-01   4.0766072e-01   2.7101968e-02   5.4265117e-01  -5.4266362e-01   2.6447268e-01   4.8875109e-01   1.2865897e-01   1.5225670e-01   6.3561081e-02   3.3566505e-01   3.1742222e-01   2.0386086e-01  -1.3889095e-01   2.0576309e-01  -4.7711741e-01  -5.8419474e-02   6.0861022e-01   8.7434990e-02   2.6467439e-01   1.8852196e-01   3.1466492e-01   3.1249902e-01   4.6372312e-02   1.4499269e-01   7.6251016e-02  -2.4981118e-01   5.2218521e-01   6.4856501e-01   2.1259402e-01   2.4408464e-02   3.5976052e-01  -4.4014586e-01   3.6570298e-01  -2.5173345e-01   2.5151909e-01   2.9741630e-01   4.4084521e-01   5.4657476e-01   1.1806975e-03   4.9434961e-01   4.4570713e-01  -4.2973332e-01   2.9091170e-01   3.4025644e-01   9.1480983e-02   3.2362825e-01   3.3358139e-01   2.9623221e-02  -4.0036410e-01   1.0568218e-02
   3.8315278e-02   4.6920547e-01   0.0000000e+00   3.0292061e-01   5.1969320e-01   3.3303373e-01  -1.8529814e-01  -2.9514578e-01  -1.1723528e-03  -1.5913234e-01   1.3878144e-02   3.6848688e-01  -2.1451265e-01   2.0177393e-01   3.7384785e-01  -4.5248891e-01   8.0391488e-01   2.9531903e-01   1.7002414e-01   5.3188577e-01   1.3671739e-01  -2.8025385e-02   6.8832543e-02  -7.2704328e-02  -2.0657323e-01   1.5987483e-01   4.3675996e-01   3.1150800e-01  -3.5620379e-01   1.5382341e-01   1.7123266e-01   1.9493262e-01  -3.9338921e-03   1.5660727e-01   2.8765724e-01   1.9185531e-01   3.1522419e-01   2.2231487e-01  -5.7650358e-01   3.5407512e-01   3.5588106e-02  -7.4920693e-02   6.5145882e-02   2.0143054e-01  -7.4209166e-02   2.4673040e-01   9.9880020e-02  -1.1083833e-01   7.0592716e-02   4.8423944e-01  -3.8698491e-02   1.2998284e-02   1.7149114e-01   1.7757601e-01   2.8095669e-01  -6.5874048e-02   2.9362656e-01   1.5918281e-01   7.4757155e-02   2.3786481e-01   2.3490798e-01  -4.2861372e-03   1.7196127e-01  -2.8689243e-01  -3.2114649e-01   5.4129473e-02   2.7331162e-01   2.1264843e-01   1.5813009e-01   4.6290082e-01   3.0737890e-01   2.1169876e-01  -1.6684224e-01   6.2289937e-01   2.3339347e-01  -7.5538786e-02   2.0521751e-01   1.9135496e-01   3.6235937e-01   3.8334374e-01   1.3343119e-01  -4.2801491e-01   6.7988492e-02   2.4846887e-01   6.2645276e-01   6.5447766e-02   2.2331076e-01  -4.0500744e-02   1.6078481e-01  -7.6668207e-02   4.3668412e-01   3.0036254e-01   4.2593839e-01  -2.6619797e-01   3.0721318e-01   2.9219778e-01   3.9157082e-01   1.8944825e-02   3.4044629e-01  -1.4381617e-01   1.4784650e-01   1.5548920e-01   4.6863754e-02  -3.5425475e-02   2.4531669e-01   3.5825398e-03   3.2499302e-01  -3.1457418e-02   6.0398463e-02   5.4059502e-02   2.7803152e-01   2.3928591e-01   1.0107924e-01  -4.7593824e-02   8.7088501e-02   3.0218602e-02   9.1203487e-02   1.7105691e-01   2.9675941e-01   2.2391133e-01  -5.7070990e-02   3.7538357e-01   2.8475662e-02   3.1742381e-01   8.8967182e-02   5.7187003e-01   1.9594148e-01   5.2816884e-01  -6.5813930e-02   6.5842484e-01  -4.9911461e-01   3.2457909e-01   5.5765231e-01  -9.5728078e-02   8.6707747e-02  -2.6250352e-01   3.9286577e-01   1.1217991e-01   8.6370238e-02  -9.6666088e-02   1.0392245e-02  -4.0851439e-01  -3.6766636e-02   4.3837361e-01   3.3909750e-02   9.4886166e-03   6.1258285e-02   1.0789312e-01  -6.0204410e-03  -1.3695358e-02   1.9261905e-01   4.2305108e-02  -2.7715777e-01   4.6420549e-01   7.5245346e-01   1.9030356e-01  -3.4356944e-02  -3.7600683e-03  -2.3224768e-01  -2.1545338e-02  -1.6794417e-01   2.7792441e-02   3.5983348e-01   2.1354848e-01   2.7159605e-01   1.7596269e-01   5.2588844e-01   2.8375548e-01  -6.1761989e-01   4.5203125e-01   1.9365523e-01   1.2995469e-01  -5.7356087e-02   2.4843036e-01   3.4464921e-01  -1.9531471e-01  -2.1833274e-02
  -8.0198292e-02   2.8168412e-01   3.0292061e-01   0.0000000e+00   1.6447872e-01   2.7143866e-01  -6.1178129e-04   8.9564307e-02   5.3396841e-01  -1.1467384e-01  -1.2864349e-01   4.3669027e-02   4.4385384e-02   4.3424116e-01   3.9324803e-02  -3.2293980e-01   2.6076852e-01   3.1873276e-01   6.9577489e-02   2.9285208e-01  -7.4951915e-02   5.0385326e-01  -1.0830031e-01  -8.4063040e-02   1.9232104e-02   7.0294549e-02   5.4788744e-01   3.3516360e-01  -8.8359537e-02   4.4484963e-01  -1.0838915e-01   2.5902520e-01   2.3927001e-01   2.3229626e-02   1.8342898e-01  -4.5939834e-02   1.1160549e-01  -3.2353960e-02  -4.6242965e-02   1.4834415e-01   1.5672738e-01   7.6933633e-03  -3.6959351e-02   5.8239623e-02   2.3001487e-02  -1.3081130e-02  -2.0210579e-01   2.1658152e-01   1.2901805e-01   9.8934117e-02  -9.3034363e-02   1.6269615e-01  -8.7885782e-02   8.2213672e-02   1.6040076e-01  -9.0954640e-02  -2.7485246e-01   2.4333037e-01   2.6881506e-02   3.6904860e-01  -3.1015456e-02   2.1288208e-01  -1.4630072e-02  -3.1144326e-01   2.7677962e-02  -3.2957960e-01   3.6599303e-01   2.2474283e-02  -1.1136256e-01   6.9679237e-02  -7.4931808e-03   2.4210908e-01   4.5903760e-02   2.1438126e-01   3.9788422e-01   5.8469598e-02  -4.0824405e-02   3.4977437e-01   2.1873661e-02   1.8385862e-01   6.0433493e-02  -3.4866612e-01  -3.0899614e-01   1.3231825e-01   1.1314688e-01   9.1687666e-02   2.2919098e-01   6.8745411e-02   8.2739544e-02  -4.0900675e-02   5.9009537e-02  -6.9844963e-02  -9.7701426e-02   2.8526627e-01  -5.7240047e-02   3.3431665e-02   3.9500347e-01   4.4621206e-02   3.4575827e-01  -7.0685348e-02  -2.1335499e-02  -1.7013696e-01   5.0531909e-01   3.9558346e-01   4.1807463e-01   3.0096867e-01   1.4609669e-01   1.4848808e-01  -1.6388967e-01  -2.6989559e-03  -1.1827501e-01   4.6516241e-01   3.2543566e-01  -6.1149850e-02   7.8668448e-03   7.2682097e-02   1.1593802e-01   2.3698936e-01   2.7595635e-01   5.1156164e-01  -1.2606291e-01  -9.4349353e-02  -5.8248342e-02   1.9208917e-01  -1.2786868e-02   6.4898324e-02   2.1419286e-01   4.5037606e-01   5.4092666e-01   1.2050709e-01  -8.4752858e-02  -7.0823527e-02   8.4565784e-02  -2.0596048e-01   5.0343221e-01  -6.7944202e-02   1.3556544e-01   4.1623183e-01   5.2707711e-02   5.2063941e-02   5.9020371e-02   2.9020467e-02  -2.4305270e-01   2.3373832e-01  -4.3295115e-02   2.3155998e-03  -9.6097075e-02  -1.8578277e-01  -2.6663188e-01  -1.7963694e-02  -1.1662328e-01   3.5513825e-01  -1.2973398e-01   2.2131953e-01   2.3932453e-01   7.5133149e-02  -1.3883102e-01   1.2166087e-01  -3.1232486e-01   1.0516809e-01  -1.9537925e-01  -5.1191755e-02   1.2753270e-01   4.0050627e-01   4.0225309e-01  -3.0785284e-01   1.3818242e-01   4.5139948e-01  -3.6729267e-01   2.9528722e-02  -7.8205490e-02  -9.5619637e-02   1.7282858e-01   3.0426409e-01   2.8353787e-01  -3.1109831e-04   4.8951793e-01
  -8.2950334e-02   4.0537070e-01   5.1969320e-01   1.6447872e-01   0.0000000e+00   3.4880171e-01  -3.0101533e-01  -1.0352874e-01  -3.6476570e-02  -3.3280171e-01   1.1585357e-01   3.2162932e-01  -2.6174907e-01   1.6937899e-01   5.7301247e-02  -2.4189062e-01   6.0916958e-01   2.7364721e-01   3.4827184e-01   8.8401845e-01   2.1590752e-01  -8.4347330e-03  -6.5268596e-02  -1.1573461e-01  -2.6850116e-01   4.6957715e-01   4.1110423e-01   2.2282841e-01  -2.4613300e-01   1.8395313e-02   2.0629956e-01   1.9977165e-01  -1.5869398e-01  -1.5991545e-01   1.8875701e-01   3.7411002e-01   4.0439299e-01   9.0749142e-02  -3.6993443e-01   4.3815235e-01   9.7633354e-02  -3.4814510e-01  -1.0698087e-02   1.8879688e-01   7.8132721e-03   1.1260252e-02   2.4622234e-01  -1.6832352e-01   2.2435502e-01   4.8215995e-01  -5.0477554e-01   1.8631519e-01   2.2708258e-01   4.8279067e-02   2.4586728e-01  -2.3399693e-01   2.3828345e-01   9.2894266e-02   2.5422792e-01  -2.6977823e-02  -6.4275620e-02   1.8069151e-02   1.5019257e-01   1.3369783e-01   1.4005995e-02   9.4632771e-02   5.0666530e-01  -3.2877519e-03   2.4098985e-01  -5.2134731e-02   3.1129117e-01   1.3101083e-01  -4.6928005e-02   1.5486028e-01   4.4924556e-02   1.2457462e-01   3.1673436e-02   1.8515245e-01   6.6365100e-01   2.9593852e-01   9.2117761e-02  -3.1174297e-01   1.7904266e-01   4.0742840e-01   4.6796638e-01   5.1753108e-02   1.5495909e-01  -2.2206529e-02   4.8718920e-02  -1.7786276e-01   7.5197764e-01  -3.1649709e-02   2.3054359e-01  -2.5001904e-01   7.0149678e-02   6.3623886e-01   2.9576031e-01   1.7722624e-01   3.3415878e-01  -1.0968289e-01  -9.9760266e-02   9.4861925e-02   4.6996937e-02  -1.3720030e-01   1.9506008e-01   2.0070775e-01   2.1490900e-01   2.0774630e-01  -1.2933730e-01   1.7683978e-01   3.3553911e-01   1.5111802e-02  -7.9999653e-02  -1.5018525e-01  -7.6479604e-02   4.3596599e-01   1.4738651e-02   3.6950684e-01   1.3038814e-01   3.2583886e-01  -1.5123229e-01   6.0056825e-01  -1.2743898e-01   4.3527696e-01  -5.0189242e-02   2.2811972e-01   1.7542296e-01   3.5316416e-01   4.8101560e-03   2.1425552e-01  -5.5599232e-01   4.6026598e-01   5.9891082e-01  -1.3277796e-01   4.3390459e-02  -1.0536539e-01   2.9402495e-01  -7.6905467e-03   5.7379915e-02   4.2274786e-03   1.0154595e-01  -5.0404630e-01   1.5874529e-01   1.1543215e-01  -1.3692719e-01   5.3246229e-02  -1.6494483e-01   2.0364659e-01  -1.5768122e-01  -2.0929383e-02  -5.8388080e-02   1.0748523e-01  -3.3124677e-01   6.3537472e-01   4.8418884e-01   4.1008471e-02  -1.1810740e-01   2.8391641e-01  -3.3617702e-01   4.6345012e-03  -2.2800927e-01   3.7448156e-01   5.0074034e-01   2.3889345e-01   2.2808817e-01   2.9083657e-01   6.3362399e-01   1.0158365e-01  -4.3542259e-01   4.3886532e-01   3.4284742e-01  -1.3964709e-01  -1.0965062e-01   2.2639704e-01   4.1708847e-02  -2.1522137e-01  -6.1200984e-02
   9.7524703e-02   3.8934375e-01   3.3303373e-01   2.7143866e-01   3.4880171e-01   0.0000000e+00   4.1840972e-02   1.2269970e-01   1.2406987e-01  -1.5896666e-01   7.1038900e-02   2.8956237e-01  -2.0685587e-01   5.0125135e-01   2.8805006e-01  -1.4168480e-01   1.3408530e-01   3.6036113e-01   3.8740079e-01   4.1388881e-01   1.2256127e-01   4.2650448e-01  -1.0389366e-01  -5.5905591e-02  -3.1950479e-02   3.7543579e-01   6.4636340e-01   4.6590658e-01  -5.2377874e-02   5.1450116e-01  -1.1509288e-02   5.4503716e-01  -1.7030713e-01   1.6743717e-01   4.4590214e-01   2.9681693e-02   2.0388844e-01  -8.5818963e-02  -2.6343115e-01   1.5153880e-01  -7.9934607e-02  -3.1841509e-01   5.6418618e-02   1.6920010e-01   6.8544359e-02   4.2309057e-02   7.4106667e-02   8.5574180e-02  -2.1738813e-03  -2.6411598e-03   6.3291195e-02   4.8902494e-01  -5.0914455e-02   2.5865205e-02   3.5341673e-01   4.7965738e-02   3.2818097e-01   5.5605371e-01   4.0445739e-01   4.3462288e-01   2.5033261e-03  -9.4464888e-02   7.2562338e-02  -2.0264501e-01  -8.3040052e-03   1.2362505e-03   6.3444020e-01   1.2775210e-01  -7.1619455e-02   2.4041558e-01  -4.0903759e-02   5.0759614e-01   1.6275463e-01   4.1339356e-01   2.0973179e-01   4.5269082e-01   1.5207318e-01   3.5654433e-01   1.5769039e-01   4.0981021e-01   4.0737462e-01  -5.2108896e-02  -1.3234321e-01   3.4218232e-01   9.0392013e-02   5.3276225e-01   4.4291774e-01   1.2886483e-01   4.2455191e-02   6.3023516e-02   2.5238528e-01   1.3026302e-02   6.0461559e-02   1.3358964e-02  -3.2417121e-03   4.0897169e-01   4.6191587e-01   3.5032627e-01   2.5287275e-01  -1.8688263e-01   8.5481601e-02   1.6889673e-01   4.1653195e-01   3.4367501e-01   5.1562634e-01   1.4464741e-01   1.1035688e-01   4.4228579e-01  -6.6893783e-02   1.2573524e-01   1.1700909e-01   4.8575828e-01   3.9040084e-01  -8.1458052e-04   2.5932632e-01   1.5160401e-01   3.8800638e-01   9.2709612e-02   5.0173587e-01   5.1036659e-01   8.3267452e-02   1.8181196e-01  -5.3398093e-02   1.8326311e-01   9.4613962e-03   3.8637457e-01   5.2135342e-01   2.1372484e-01   3.3315199e-01   3.3392423e-01  -3.9902936e-01   1.9765376e-01   2.2265516e-01  -2.0573135e-01   5.7184199e-01   1.0674205e-02   5.2090724e-01   4.9544632e-01   3.6697438e-01  -9.7736533e-02  -3.0017390e-04  -4.9449417e-01   2.1390775e-03   5.1260871e-01  -7.9293634e-03   2.9353623e-02   3.1933251e-02   4.4449967e-02   8.0672213e-02  -1.8871852e-01  -3.6808299e-02   9.5433747e-02  -7.4871834e-02   2.8058889e-01   3.4506726e-01  -1.8932685e-01   1.7230563e-02   4.5027891e-01  -2.1527353e-01   3.7328509e-01  -5.9381736e-02   2.0869735e-01   2.8073406e-02   2.3175247e-01   6.1877505e-01  -1.9061691e-02   3.6142429e-01   3.4335546e-01  -1.9049749e-01   7.1025915e-02   9.3871295e-02  -6.1532567e-02   2.1292737e-01   6.1386660e-01   3.3769545e-01  -9.9424971e-02   2.5987153e-01
   3.0423831e-01   2.2213074e-01  -1.8529814e-01  -6.1178129e-04  -3.0101533e-01   4.1840972e-02   0.0000000e+00   1.6912518e-01   1.2096841e-02   6.8565211e-02   2.4189733e-01   4.2248277e-01  -2.0957553e-01   1.3126932e-01   4.2097714e-01   1.2535652e-01  -3.8888878e-01   2.6661892e-01  -1.6991298e-01  -1.1032114e-01   3.1248399e-01   7.4778173e-02   5.2069222e-01   2.9673508e-01  -2.4200656e-01  -1.9607683e-01  -6.8370609e-02   1.0098093e-01  -1.6246763e-01   3.4521826e-01   7.9920088e-02   3.8868523e-01  -1.4579800e-01   6.2174946e-01  -6.1560525e-02  -4.1763829e-02   9.4337437e-02  -1.2481989e-01   2.6816033e-03   1.6076402e-01  -2.4449084e-01  -2.9158488e-01  -1.7856361e-01   2.4643585e-01   3.6088280e-01  -1.8116808e-02  -4.6640318e-02   5.6023293e-01   3.1746334e-01  -4.4962037e-01   2.5072450e-01  -2.4596886e-02   2.0754928e-02  -2.5112987e-01   5.6222027e-02   6.8906134e-01   6.5889071e-02   2.8820092e-01   1.5724998e-01   1.4081562e-01  -6.0974345e-02   1.3477965e-01  -3.4462978e-01  -2.3082586e-01   3.3796236e-02   2.2762373e-01  -1.9376106e-01  -1.8395671e-01  -1.5720724e-01   3.5350335e-01   6.3684591e-03   2.6458710e-01   3.4136628e-01   1.6670774e-01  -7.9954942e-02   2.2244565e-01   3.4586504e-02  -1.5841212e-01  -4.1116126e-01  -8.6867491e-02   5.3338210e-01   2.6593773e-01   1.9191895e-01  -7.9741472e-02  -8.1003060e-03   3.0031147e-01   1.0054338e-01   3.2276746e-01  -3.7193138e-01   4.0507983e-01  -3.4570955e-01  -1.7869268e-01   3.3700033e-01   8.5458142e-03  -5.8542110e-02   5.6551722e-02  -1.1190865e-01  -3.4896899e-01  -5.6675308e-02   4.5522207e-01   3.4710692e-01   3.8816837e-01   1.3012711e-02   1.5424321e-01   4.7065936e-01  -6.7619564e-02  -2.3887082e-01  -1.9683214e-01   4.4426120e-01  -1.7376812e-01   3.0356758e-01   4.1926543e-01   1.6290591e-01   3.0148379e-01   4.0538584e-01  -4.9833345e-01   4.7955452e-01  -1.4240493e-02   2.7237539e-01   8.5158506e-02   1.0280656e-01  -2.0830924e-01  -4.5439018e-01   2.0970733e-01   5.9815433e-02   9.1163914e-02   3.0906389e-01  -1.6409718e-01   1.6915434e-01   1.6391782e-01  -1.0651221e-01  -8.6327954e-02  -3.3813460e-01   5.1307274e-01  -1.3429158e-02   6.5925013e-02  -7.0169840e-02   2.0482793e-01   1.3684311e-01  -1.2622958e-01   6.3211960e-02  -1.5690244e-01  -2.9271615e-01   2.3848440e-01   5.7585490e-01  -6.8915490e-02   6.2581814e-01   1.8125691e-01   4.1999010e-01   2.6794161e-01   4.8600896e-01  -5.7633919e-02   3.9991481e-02  -2.4402047e-02   1.3692282e-02   1.2287703e-01   6.3906753e-02   1.3824224e-01  -6.9354014e-02   3.6167913e-01  -2.1393199e-01  -2.2980919e-01  -3.5171761e-02   2.3000135e-01   2.5835758e-01  -3.0137492e-01   3.0915716e-03  -4.7215502e-03   1.9054177e-01  -1.1164270e-01  -2.3727971e-01  -4.8294458e-02   1.3459138e-01  -1.0765586e-01  -2.0042829e-01  -4.6912502e-02  -6.6983154e-02
   1.7155182e-01   1.8943261e-01  -2.9514578e-01   8.9564307e-02  -1.0352874e-01   1.2269970e-01   1.6912518e-01   0.0000000e+00   5.3374001e-02   1.7961239e-01   2.4059561e-01  -1.3767183e-01   4.0827687e-02   3.6067519e-01   4.2340292e-02   1.0926761e-01  -2.3635851e-01   3.4084183e-01   2.2883502e-02  -1.4288711e-01   1.8565096e-01   3.2909914e-01   5.4809212e-02   1.9599787e-01   1.6990589e-01   1.6973277e-01   2.0355184e-01   2.5922907e-01  -1.4382144e-01   2.8280207e-01   1.3697981e-01   2.7082118e-01   1.3640178e-01   1.4587431e-01  -1.0745090e-02  -9.8903904e-02   2.3282890e-01   2.4336432e-01   1.0919934e-01  -1.4491652e-01  -3.0183878e-01  -8.7797874e-02   2.0559596e-02   3.6483617e-01   1.8364260e-01   1.9170463e-01   1.5094464e-01   3.3488773e-01   1.9767278e-01  -3.6020180e-01   3.3681639e-01   3.4172861e-01   7.6415104e-02  -5.6522834e-02   1.3113081e-01   1.3942927e-01  -8.7812556e-02   2.8022547e-01   3.7064317e-01   1.3708326e-01   1.9376785e-01   4.9951360e-02   2.2636604e-01   2.0980494e-01   3.9348605e-01   1.5994106e-02   1.6193877e-01  -1.7218321e-01   6.3807345e-02   6.6590857e-02   1.2730313e-01   3.5720866e-01   3.8367160e-01  -1.7924140e-01   3.8169104e-01   1.4366765e-01   2.3157355e-01   3.3701340e-01  -3.3508362e-01   1.6561137e-01   2.2713977e-01   3.0193316e-01  -3.4507182e-03   6.8072031e-02  -2.6336383e-01   3.8282918e-01   1.0747328e-01   2.4519979e-01  -1.6930676e-02   1.6899799e-01  -1.4829083e-01   9.6137642e-02  -8.3265837e-02   1.9812821e-01   1.8242915e-01   2.2967402e-01   2.2643122e-01   2.1514831e-01   1.8774198e-01   1.1016858e-01   3.4706531e-01   5.2833268e-02   5.3086875e-01   2.4608916e-01   2.8823882e-01   2.9807342e-01  -2.1492955e-02   5.3484623e-01   9.1433854e-02   1.7253731e-01  -2.3099819e-01   1.0122429e-01   3.8850093e-01   1.8365565e-01   2.8582206e-01   8.6824558e-02   3.9857047e-01  -1.2440679e-01   3.3245705e-01   2.3216685e-01   3.5435499e-01   7.2543819e-02  -3.6596560e-01   1.3586441e-01   2.5562837e-01   2.5561922e-02   2.4226917e-01   1.5584129e-01   1.5785397e-01   1.0796318e-01   1.0844453e-01  -1.2292773e-01  -1.7477464e-01   2.8249736e-01   2.7204286e-01   4.6275603e-01   1.9622580e-01   4.0137259e-01   4.6537428e-01   7.0169363e-02   1.8813777e-01   3.9192701e-02   3.5819620e-02   1.7694268e-01  -4.5350273e-02   3.6601341e-01  -3.0605651e-02   1.0210682e-01   9.3161134e-02   2.2626329e-01  -1.0521988e-01   2.8045544e-01   2.2390317e-01   7.2877075e-02  -2.1699613e-01  -9.6653531e-02   3.2357848e-01   3.1125306e-01   1.2521610e-01   3.1165903e-01  -3.4220109e-01   1.4308823e-01  -1.1882066e-02   3.7722969e-01   1.9510236e-01  -1.8897542e-01  -1.0416928e-01   2.3539890e-01   9.2387191e-02  -2.3319038e-01  -5.1044692e-02   2.9031483e-01   2.3268451e-01   1.2740860e-01  -1.5569207e-01  -9.7147368e-02   3.5103890e-01
   1.4482002e-01  -3.9048889e-02  -1.1723528e-03   5.3396841e-01  -3.6476570e-02   1.2406987e-01   1.2096841e-02   5.3374001e-02   0.0000000e+00  -1.3722439e-01  -1.6592916e-01  -1.2888652e-01  -1.4222779e-04   3.3848950e-01  -6.5358607e-02  -1.4744784e-01  -5.7404211e-02   6.0477589e-02   7.3001901e-02   5.2167288e-02  -7.9156471e-02   5.1118124e-01  -1.3723612e-01   1.5642542e-01   1.5163841e-01  -2.2427895e-02   2.3771715e-01   2.9359585e-01  -1.9531824e-01   1.6210946e-01  -9.2251213e-02   1.7692990e-01   2.7285543e-02  -4.1912145e-03   3.5160087e-01  -1.5530978e-01  -2.0720750e-02  -5.4463864e-03   1.8185575e-02  -6.8567112e-02  -3.5066032e-02  -1.1351662e-02   1.3752802e-01  -1.3746360e-01   6.9154155e-05   8.1582828e-02  -1.6048466e-01  -1.5522628e-02   4.8361197e-02  -1.5672388e-01  -1.0353275e-01   8.7109436e-02  -2.6584897e-01   2.4374260e-01  -1.5188729e-02  -1.1554997e-01  -2.2156822e-01   2.1791963e-01  -5.1612081e-02   3.7793977e-01   2.1675924e-02   8.9859875e-02   1.4396202e-02  -2.7637280e-01   1.0186090e-02  -1.1149603e-01   1.1245765e-01  -2.9855486e-01  -1.2289990e-01   6.6248399e-02  -9.6071041e-03   2.0909519e-01  -3.6176755e-02  -7.7565822e-02   2.3795456e-01   2.6973884e-01   4.7574221e-02   1.0358391e-01  -2.0977837e-01   9.4743955e-02  -6.1016337e-02  -2.0788468e-01  -1.9857879e-01  -8.9067218e-02  -2.0579635e-01   3.5873168e-02   2.9896738e-01   2.1938037e-01   3.7360092e-02   1.2913502e-01  -3.8023669e-02  -3.5104818e-02  -3.7933527e-02   6.5359482e-01  -6.1724899e-03   5.1437026e-02   8.8057389e-02  -7.6744111e-02   7.0696450e-02  -5.9411729e-02  -1.2191158e-01  -1.2860018e-01   2.2984435e-01   4.5746301e-01   2.2936681e-01   2.8005067e-01   2.0483950e-01   8.5825053e-02  -1.2221339e-01  -1.6892491e-01  -6.6295535e-02   1.3369012e-01   3.0799204e-01   9.5700404e-02   1.1391559e-01  -1.5187893e-01   2.7025028e-02   3.2569517e-02   1.3871026e-01   2.7774304e-01   3.9135990e-02  -1.6438212e-02  -1.6204869e-02  -1.0040189e-01   9.6232579e-02  -4.4921031e-02   1.5116331e-02   8.2937463e-02   5.2238035e-01  -1.0406816e-03  -4.4163151e-02  -1.4671825e-01  -1.7256172e-01  -1.2792535e-01   5.1188578e-01  -5.1449633e-02   9.2265814e-02   1.4613688e-01   1.8116258e-02  -2.1337050e-02   2.2743262e-01   1.8832213e-01  -2.6014568e-01   1.0563471e-01   1.4876973e-02  -1.1266135e-01  -1.8870890e-02  -1.8156151e-01  -3.1034661e-01  -4.9871855e-02  -1.6834349e-01   2.8167407e-02   2.0924791e-01  -6.7470914e-02  -4.0371774e-02  -4.4187762e-02   8.3009581e-02  -1.5011609e-02   1.5506847e-02   2.0430228e-03  -4.7698002e-02  -9.6025061e-02   3.7616122e-02   7.4595018e-02   1.7641433e-01  -4.1245025e-01  -7.8179281e-02   2.4302955e-01   4.5330444e-02  -1.9757517e-01  -2.4720861e-01  -4.0951407e-02   6.4363250e-02   2.2299936e-01   6.5148021e-02   2.6577197e-01   5.2718615e-01
  -1.6393383e-01  -9.7390530e-02  -1.5913234e-01  -1.1467384e-01  -3.3280171e-01  -1.5896666e-01   6.8565211e-02   1.7961239e-01  -1.3722439e-01   0.0000000e+00   1.3058978e-01  -5.7689627e-02  -1.4817111e-02  -2.0899975e-01   2.4075908e-02  -1.5247673e-01  -2.6896669e-02  -1.7409676e-01  -9.4162329e-02  -3.5786092e-01   1.1172767e-01  -3.9007847e-02   3.4277846e-01  -2.4049289e-01   2.2198005e-01  -1.6631868e-02  -5.5045547e-02  -1.2385320e-01  -2.2060704e-01  -1.3393634e-01   3.1633039e-02   5.1259621e-02  -3.5392755e-02   9.4805245e-02   2.1582589e-02   1.9523412e-01   5.3572397e-02   8.3347003e-03  -1.4788964e-01   2.2362255e-02  -8.6832039e-02   3.0293415e-02   1.5298953e-01   1.9402736e-01   1.9351492e-03  -2.4445440e-02   3.0031793e-01   6.8665470e-02  -1.6772256e-01  -1.4594333e-01   5.9880150e-01   2.0993238e-01   2.0405511e-01  -1.7059228e-01  -2.5538603e-01   3.3485243e-01   3.4611916e-03  -2.6648173e-03   8.3106872e-03  -1.8706697e-01  -4.6576025e-02   3.0140661e-01   8.8032950e-02   1.8292641e-01  -1.1900076e-01   4.4704375e-01  -1.7171058e-01  -3.0761068e-01  -3.6474304e-02  -2.9049278e-02   1.0235188e-01  -7.5702077e-02  -6.2166341e-02   2.2418188e-02  -1.4153113e-02  -2.8310796e-01  -1.4928218e-01  -5.8307847e-02  -1.7063190e-01   1.9551392e-01  -3.4679364e-04   3.1406719e-01   1.5846510e-01   5.9602565e-02   2.6634836e-02   7.4118891e-02  -2.6940898e-02  -2.4551391e-01  -1.7669410e-01  -8.8457872e-02  -4.9574498e-02   3.8577045e-03   7.2850007e-02  -6.4088025e-02  -1.2389787e-01  -2.4505162e-01   5.7647317e-03  -2.6395635e-01  -1.6467272e-01   2.6280389e-01   9.0730252e-02   1.3520757e-01   1.0549531e-01  -1.9407147e-01  -9.1005290e-02   1.2737495e-01   4.5600381e-02   4.6838266e-02   5.4085773e-01   2.8045562e-02   1.6857242e-01  -4.1441538e-02  -6.1200144e-02   5.4687895e-02  -6.6965789e-02   9.8473683e-02   6.8807662e-02  -4.0722114e-01  -2.4436636e-02  -3.2241326e-01   5.1818435e-02   1.5952554e-01  -2.3401430e-02  -1.3169872e-01  -3.3897621e-02   9.2885068e-02  -2.4254024e-01   4.2398636e-02  -4.5673441e-02   5.3598845e-02   8.1366355e-02  -1.2708745e-01   7.3311029e-03   1.7042446e-01  -1.0394481e-01   8.7235522e-02  -1.3944509e-02   6.2079771e-02   1.8894571e-01   1.9545776e-01  -2.3766231e-01   7.8732114e-02   2.3154646e-02  -6.4603962e-02   1.2245519e-02  -5.2780200e-02   3.1447705e-01   2.9084083e-01   1.6268210e-01   2.5160920e-02  -1.8218712e-02   2.2895247e-01  -2.6081596e-02  -2.9940753e-03  -5.5302215e-02  -1.8603384e-01   5.8827802e-02  -2.2341184e-01  -6.8841694e-02   1.0096824e-01  -2.5124407e-01   1.7712345e-01   2.7275121e-01  -8.2854954e-02   3.7445080e-02   1.3036412e-01  -8.3935701e-02   1.3044185e-02  -4.6541450e-02   2.8028662e-02   2.1951655e-01   2.3451966e-02  -1.1060744e-01   3.2083310e-02  -1.2048312e-01  -1.8981670e-01   8.7414647e-02
   7.2377940e-02   2.2543987e-01   1.3878144e-02  -1.2864349e-01   1.1585357e-01   7.1038900e-02   2.4189733e-01   2.4059561e-01  -1.6592916e-01   1.3058978e-01   0.0000000e+00   1.9360457e-01   2.8501098e-02  -3.8484637e-02   2.9406313e-01  -1.3023908e-01   5.0591199e-02   1.2649447e-01   2.3817576e-01   9.4748228e-02   2.9185616e-01  -7.4955131e-02   3.5206809e-01  -6.4597542e-02  -6.0859463e-02   2.8373173e-01  -4.9771889e-02   2.6356155e-02  -1.4854270e-01  -8.3058355e-02   3.2719583e-01   1.3185575e-01  -3.4832448e-01   2.7334436e-01   1.3543408e-01   5.2827269e-01   3.4046513e-01   2.0721446e-01  -1.3670708e-01   3.3279244e-01   9.6380080e-02  -5.2745522e-01   3.1207985e-02   5.9879237e-01   1.4930508e-01   1.2625115e-01   6.9688563e-01   1.6518704e-01   4.2065789e-01  -2.2731687e-01   1.8158369e-01   8.0559176e-03   2.4502565e-01  -1.3915263e-01  -1.2758920e-01   3.8484578e-01   2.8207952e-01   2.1321290e-01  -4.0446177e-02  -2.5863619e-01   1.9135879e-01   1.8612907e-01   6.4038184e-02   3.6720387e-01   2.6737873e-01   3.4433540e-01  -1.8378079e-02  -2.6687984e-02   7.0707278e-01   7.3495269e-02   4.1840853e-01   2.0924150e-01   6.3613614e-02   5.4032263e-02  -1.0661072e-01   1.6310638e-02   1.6703702e-01   8.7419419e-02   2.6354043e-01   1.3120980e-01   3.5039347e-01   7.0854134e-02   4.8328149e-01   3.9969327e-01   1.7472096e-01   2.8647728e-01   1.8415222e-01  -9.1101498e-02  -2.1790115e-01   1.0327708e-01   1.5449758e-01   7.1042957e-02   3.6060700e-01  -1.7618531e-01   1.1147962e-01   1.1157008e-01   1.5837936e-01   4.7437325e-02   2.8380051e-01   2.6378445e-01   3.6940114e-01   3.5357446e-01  -2.4875397e-03  -1.2691651e-01   2.2840842e-01   8.6183503e-02  -1.8788704e-01   2.6003047e-01   2.3878923e-01   3.3608630e-02   3.7344514e-01   5.0692859e-02   1.1030755e-01   2.6813282e-01   1.4682445e-01  -4.0959701e-02   2.9631348e-01   2.7120702e-01   6.5866653e-02   2.0619635e-01   3.0989394e-01   1.2528896e-01  -3.6033260e-01   3.6357698e-01   1.6638553e-01   6.7685959e-02   1.3631784e-01  -1.0556329e-01  -1.4506299e-01   1.4862787e-01  -9.9941338e-02   5.2521232e-01   9.3918905e-02   4.2214390e-01  -4.5994132e-02   2.7004638e-01   4.0832896e-02  -2.9800637e-02   2.3049827e-01   1.8636262e-01  -1.9227494e-01  -2.0405560e-01   3.9435729e-01   1.3171538e-02   2.2212083e-01   3.8473729e-01   3.5277239e-01   2.9504704e-01   3.4443100e-01   2.7426562e-01   1.9999257e-01  -2.5806281e-02   5.7978688e-02   5.2430230e-01   1.1529148e-01  -9.7763864e-02   2.6184114e-01   9.3065666e-02   4.2113605e-02   1.2954524e-01  -2.9800509e-01   4.4755883e-01   3.3652849e-01   2.6638689e-01   1.4243402e-01   1.6906366e-01   4.5493876e-01  -1.1741188e-01  -1.1130741e-01   2.0942993e-01   2.6018730e-01   1.8310588e-01   3.3763836e-01   9.8362498e-02  -1.3444105e-01   7.5588309e-02  -2.1766921e-01
   1.5173541e-01   6.9284246e-01   3.6848688e-01   4.3669027e-02   3.2162932e-01   2.8956237e-01   4.2248277e-01  -1.3767183e-01  -1.2888652e-01  -5.7689627e-02   1.9360457e-01   0.0000000e+00  -3.1315047e-01   1.0316954e-01   5.6715943e-01  -1.9422113e-01   1.2186243e-01   3.2611505e-01   8.2623918e-02   3.8830969e-01   3.6520731e-01  -8.9421978e-02   3.1972833e-01   1.1335415e-01  -4.7149689e-01  -2.3999988e-03   1.8950180e-01   3.1570698e-01  -8.7021257e-02   2.5257915e-01   6.2533250e-02   2.6875019e-01  -1.3672157e-01   5.1024316e-01   2.0938707e-01   2.6882781e-01   3.5747181e-01  -4.8809060e-02  -2.8416515e-01   2.2521101e-01  -1.3194840e-01  -2.4953245e-01   2.9936635e-02   1.6782336e-01   3.8091535e-01  -6.0538338e-02   7.8542334e-02   7.3647721e-02   9.3547850e-02   3.4877332e-02  -4.0053240e-02  -1.6490278e-02   3.1882618e-01  -1.9131330e-01   1.1411003e-01   3.9331011e-01   3.3143060e-01   1.9167932e-01   2.2959261e-01   1.6524993e-01  -7.5489248e-02  -1.4500522e-02  -2.0766406e-01  -1.7560150e-01   1.1755625e-02   3.6114578e-01   1.4516355e-01   2.2240146e-02  -1.6821024e-02   4.0728045e-01   2.2119823e-01   2.4862362e-01   1.7174605e-01   4.3532871e-01  -1.0686769e-01   1.0652708e-01   7.1622401e-02   6.6999826e-02   2.7560394e-01   2.5582223e-01   3.7157305e-01  -8.8190344e-02   8.8001907e-02   5.1632335e-02   3.5874315e-01   2.5538559e-01   2.8292771e-01   1.8490119e-01  -2.2650512e-01   9.4305123e-02   3.2066029e-01  -1.2784372e-01   6.2510135e-01  -3.1778998e-01  -2.6516795e-02   1.7818590e-01   2.5392971e-01  -2.6188024e-01   8.7839083e-02   2.9376752e-02   6.7734464e-02   6.9428999e-01  -7.7760904e-02   6.8014265e-03   4.4070398e-01  -1.5970198e-01  -6.1855470e-03  -9.7701537e-02   3.2169940e-01   1.6924886e-02   5.1334319e-01   3.8431259e-01   4.5093058e-02  -1.7898385e-02   2.7610454e-01  -6.1090213e-02   3.3855051e-01   2.4600557e-01   3.4473915e-01   1.5340926e-01  -7.0084583e-02   2.6348084e-01  -1.7372625e-01   3.2683140e-01  -7.4472140e-02   6.1330333e-01   4.0691315e-01   2.3648993e-01  -7.2335909e-02   3.9369419e-01  -4.0729395e-01   3.5682666e-01   3.2414357e-01   1.2327440e-01  -5.7779573e-03  -2.1217678e-01   2.9137369e-01   9.6967454e-02   3.8490506e-02  -6.7298204e-02   7.5404739e-02  -4.6445856e-01  -7.5654773e-02   4.8267950e-01   3.0665453e-01  -9.8834352e-02   4.6768927e-01   1.8350680e-01   3.7683120e-01  -6.3130978e-02   3.4858324e-01  -1.2473921e-01  -2.3909767e-01   3.6844485e-01   5.6895491e-01   1.6591977e-01  -6.8495123e-02   2.5326552e-01  -3.8657786e-01   2.8871305e-01  -9.2451438e-02   9.9132197e-02   2.7970519e-01   1.0636079e-01   3.0063811e-01   1.3554972e-01   5.1103805e-01   1.6169999e-01  -2.6571386e-01   1.9468650e-01   4.2034328e-01  -3.8906872e-02   4.2569943e-02   2.1164836e-01  -8.0775868e-02  -4.4635436e-01  -2.1259447e-01
  -3.7596755e-01  -3.5731450e-01  -2.1451265e-01   4.4385384e-02  -2.6174907e-01  -2.0685587e-01  -2.0957553e-01   4.0827687e-02  -1.4222779e-04  -1.4817111e-02   2.8501098e-02  -3.1315047e-01   0.0000000e+00  -2.1883066e-01  -3.3084518e-01   1.2517518e-01  -1.1939298e-01  -3.2521555e-01   9.1660739e-02  -3.3344499e-01  -3.8710946e-01   7.0383238e-02  -2.1742112e-01  -2.9487581e-01   2.1650976e-01  -2.5842231e-02  -3.2281728e-01  -2.5311136e-01   3.0902667e-01  -1.7874095e-01  -1.7381209e-01  -4.0085207e-01  -7.5530162e-02  -3.2472340e-01  -2.2946785e-01   7.8294483e-02  -4.0664221e-01  -2.4085600e-01   3.5302244e-01  -1.1765075e-01   6.1127389e-01   4.6216968e-02   2.4275775e-01   5.2611801e-02  -1.3956776e-01  -1.8216951e-01  -1.7824669e-01   1.4312704e-01  -1.0789816e-01   3.0392083e-03   9.1075208e-03  -5.4675009e-02  -1.4923762e-01   3.9981304e-02  -1.8771135e-01  -1.2656756e-01  -2.2759634e-01  -2.8035222e-02  -5.0349905e-01  -1.4155713e-01  -1.1004609e-02   4.0006106e-02   8.4412353e-02   1.1146017e-01  -5.6044651e-02  -3.3380854e-01  -1.8979705e-02   4.0694886e-01   2.0413689e-02  -4.0495296e-01   1.1724283e-01  -2.9328694e-01  -2.1536978e-02  -3.4244477e-01   1.0195631e-01  -7.1477271e-02  -1.5472978e-01   1.1564146e-01   1.9628850e-02  -2.3428280e-01  -1.7845088e-02   8.7023175e-02   2.0691350e-02   5.7621680e-02  -1.5743021e-01  -1.3432115e-01  -2.3875238e-01  -1.8339828e-01   1.9231242e-01  -3.9239845e-01  -2.7123877e-01  -1.7304957e-01  -3.4651420e-01   1.5756553e-01  -2.2600675e-01  -3.5542015e-01  -1.7719415e-01   2.6602168e-01   1.4381847e-01   7.4366431e-02  -1.8190106e-01  -3.3262907e-01   2.6212121e-01  -5.1534753e-02  -3.0710275e-01   1.4532313e-01  -2.2088785e-01   7.2756793e-02  -7.4173655e-02  -6.9992205e-02  -3.0846297e-01  -1.0009608e-01  -6.9921523e-02  -3.0763552e-01  -3.2877362e-01   9.9629621e-02  -3.1730535e-01   4.9974482e-01  -3.8878333e-01  -1.3085325e-01  -1.1841836e-01  -4.0666353e-01   3.2162964e-01  -2.6221199e-01  -1.9645756e-01  -2.6105720e-01  -3.3671511e-01  -2.2704360e-01   1.3789697e-01  -3.7215118e-01   6.0097255e-01   3.3103631e-02  -1.4715446e-01   1.9566364e-03  -5.4861748e-02   1.8830224e-01  -4.0100951e-01  -7.8357259e-02  -3.2897260e-02   1.2609238e-02  -4.0689502e-01   7.0187236e-01   1.6754370e-01  -3.7495763e-01  -2.0442313e-01   1.1543165e-01  -1.0437298e-01  -2.1822419e-01  -2.6498268e-01   1.1039499e-01  -2.2336590e-01   2.0129284e-01  -4.7038150e-02  -1.8789920e-01  -2.3533600e-01  -2.8249321e-01  -9.9665467e-02  -2.6457429e-01   1.5642799e-02  -8.6301992e-02   2.0017755e-01   4.3831761e-03  -9.7066938e-02  -1.9355695e-01  -2.6489366e-01   1.2794798e-02  -3.4113916e-01  -2.0166685e-02  -1.5400400e-02  -1.6166093e-01   1.4848759e-02  -1.3387317e-01   9.7066782e-04  -5.3428295e-02   3.1375252e-02   7.8209310e-02   1.1619796e-01
   3.3814015e-01   4.1737367e-01   2.0177393e-01   4.3424116e-01   1.6937899e-01   5.0125135e-01   1.3126932e-01   3.6067519e-01   3.3848950e-01  -2.0899975e-01  -3.8484637e-02   1.0316954e-01  -2.1883066e-01   0.0000000e+00   3.6128343e-01  -4.7596652e-02   1.9970134e-03   6.6084965e-01   2.0421733e-02   2.4979770e-01   2.6177710e-01   6.3910064e-01  -9.9017240e-02   2.3695484e-01   2.3014154e-02   2.3985581e-01   7.4070628e-01   6.1727963e-01  -9.7008005e-02   7.0798099e-01   3.1708503e-01   6.2168804e-01   9.3925155e-02   3.2411315e-01   4.5051819e-01  -2.7026240e-01   2.9121252e-01   6.3706177e-02  -8.9184978e-02   8.0436318e-03  -2.2153270e-01  -1.2109131e-01  -1.6052568e-01   2.7103268e-01   5.6729234e-02   1.0899413e-01  -4.1500089e-02   2.6067710e-01   3.3346152e-01  -5.3358985e-02   1.4500491e-01   3.4412129e-01  -5.6373922e-02   2.1469515e-01   5.2009905e-01  -1.1226423e-02  -2.8345076e-02   5.6639811e-01   4.4287974e-01   7.0568021e-01  -1.8041069e-02  -1.9575976e-01   1.6354860e-01  -2.5565409e-01   2.5021608e-01  -1.1871841e-01   4.0113093e-01  -3.4156999e-02   1.1690507e-02   4.4528581e-01  -1.5795159e-01   6.2440778e-01   4.3418426e-01   2.7037252e-01   4.5101565e-01   4.8893896e-01   1.4718337e-01   5.9240910e-01  -2.1173563e-01   3.1581668e-01   4.2239255e-01  -7.0529609e-02  -3.1078908e-01  -8.6550757e-02  -2.1321471e-02   4.4102016e-01   5.5927285e-01   5.0661517e-01   1.2030294e-01   2.3173889e-01  -2.2373082e-02   6.1945358e-02   8.0838096e-02   3.3465873e-01   9.1596398e-02   3.7524210e-01   5.1011187e-01   1.8963072e-01   2.8373550e-01  -2.9089603e-01   2.5995326e-01   1.1748585e-02   4.3626855e-01   7.5607422e-01   6.0371933e-01   1.9732750e-01   3.4608577e-01   3.9324131e-01  -1.9074360e-01   1.7613714e-01  -1.3915149e-01   5.7545666e-01   5.2721622e-01   8.9354826e-02   3.2258828e-01  -9.6971318e-02   5.2656243e-01   1.2155116e-03   7.4369212e-01   6.3724579e-01   8.9410619e-02   1.1952737e-01  -1.4942905e-01   2.1673151e-01   1.0170011e-01   2.3251952e-01   6.1108002e-01   4.5170301e-01   5.0021795e-01   4.7315177e-01  -3.2482108e-01  -1.8675392e-01   1.1693393e-01   3.9947326e-02   6.0540372e-01   2.6093731e-01   4.7247010e-01   6.6165511e-01   3.7716829e-01  -8.0837600e-02   2.6371180e-01  -2.5890675e-01  -8.1085143e-02   6.6913518e-01   2.8842983e-02   3.8317076e-01  -1.6327297e-01   3.1673475e-02   3.2943742e-02   4.3878377e-02   5.8132054e-02   1.1526884e-01   6.1315967e-02   2.2434913e-01   3.1407016e-01   1.5384556e-01   7.2764375e-02   5.5535023e-01  -1.4461553e-01   5.0296258e-01  -1.9863410e-01   9.1495808e-02  -2.7165931e-02   5.2144930e-01   6.1600187e-01  -3.4740160e-01   2.0705459e-01   5.2139576e-01  -1.3734486e-01  -1.0853869e-01  -2.0606656e-01   5.6242223e-02   4.1307897e-01   4.4110432e-01   3.7602753e-01  -1.2379185e-02   5.1415714e-01
