   0.0000000e+00  -3.0801596e-01  -2.6012750e-01   4.5830829e-01  -1.0189797e-01  -1.2968885e-01  -2.3146040e-01   6.0313050e-02   4.4090039e-03  -7.7472986e-03  -1.2759612e-01  -3.7522753e-01  -6.1385517e-01   5.2243086e-01   1.5773452e-01   5.4725053e-01  -3.4042496e-01  -3.6241932e-01  -6.1344633e-02   7.0919186e-02   1.3003987e-01  -2.1532553e-02   9.2840839e-03  -8.6850180e-02   3.7461753e-01  -3.7593436e-03   1.3743216e-01  -3.5865575e-01  -5.0981792e-01   4.3810032e-02  -7.2818897e-02   3.8386134e-01   3.2770076e-01  -1.1511912e-01  -4.7958702e-02  -3.6643362e-01  -3.1061164e-01   4.3804392e-02   5.4468517e-01  -1.5553292e-01  -5.3024106e-01  -7.4766463e-02   8.4038513e-02  -1.7770422e-01  -1.5909850e-01   9.7435753e-02   2.2636931e-01   1.7212683e-01   2.4851896e-01  -4.1543156e-01  -4.0196133e-02   2.1376878e-02  -8.2199995e-02   1.8238921e-02   2.2829586e-01  -7.3672574e-02  -2.0227950e-01   2.1024233e-01   4.0723826e-01  -3.3167079e-01  -3.3429086e-02  -2.5600299e-01  -1.2207770e-01  -2.8359290e-02  -2.9750856e-01   2.0794362e-01  -2.9059938e-01  -2.9319484e-01   9.4327027e-02  -1.6735674e-01  -5.6342519e-02   2.4608747e-01   1.5274486e-02   5.7186744e-01  -4.0767132e-01   5.2706121e-02  -2.1615062e-01  -9.2595583e-02  -2.1790759e-01   3.5721103e-01  -3.5036535e-01   4.2578633e-01  -1.5156626e-01  -1.2298437e-01   3.1731487e-01   1.9721500e-01   3.2981368e-02   6.1815548e-02  -1.1421058e-01   5.9216815e-01  -2.1324525e-01   3.2409145e-02   1.9205078e-02  -2.5859737e-01   3.1051009e-01  -3.4558853e-02   2.5555535e-01   9.5563761e-02  -4.1139156e-01  -8.9024238e-02  -3.4339731e-01   3.5927164e-02  -1.6047924e-01  -1.8476646e-01   8.2326740e-02   4.2004228e-01  -1.7737868e-01   2.3517617e-02  -3.3836198e-01   3.3333702e-01  -7.5623212e-02   5.6852385e-02   9.4970459e-02   1.7678854e-01  -2.1868648e-02  -1.0703509e-01  -2.9970689e-02   3.9230830e-01   5.0233430e-01   2.8333776e-01   1.1268115e-02  -7.4150239e-02   3.3945401e-01  -7.4186656e-02   7.9662528e-02  -1.6718702e-01  -2.4033405e-01   5.2195852e-01   2.6903132e-01   1.9003745e-01   4.4632969e-01  -3.6364269e-01   2.1443236e-01  -5.9209502e-02   1.1654219e-01   2.3368054e-02   2.5440923e-01   2.5697232e-01  -2.4366402e-01   1.6955738e-01   2.7356246e-01  -4.6366379e-01  -8.9541901e-02   2.3935490e-01  -1.2911419e-01  -2.8293022e-02  -1.4779503e-01   2.2037164e-01   3.5080617e-02  -3.9069167e-01   3.5069719e-01  -2.9362405e-01  -1.1137593e-02  -3.9028649e-01  -2.9300001e-01   1.7074585e-01   1.4363993e-01   4.6813159e-01   7.6770192e-02  -2.6144647e-02  -1.3617137e-01  -1.5118809e-02  -9.3549626e-02   3.1635070e-01   4.0388362e-01  -2.2036092e-01  -1.8502527e-01   3.0597275e-01   6.8810297e-01  -3.8590550e-01  -1.7099160e-02   4.9774697e-01  -1.9975000e-01   3.2136498e-01   3.5703147e-01   1.0193764e-01  -5.7064655e-01
  -3.0801596e-01   0.0000000e+00   8.0876620e-02  -2.1715621e-01   1.3681763e-01  -1.5607130e-01   5.1927611e-01  -3.1821400e-01   2.0558226e-01   3.5118630e-01   6.2044064e-02   4.3832833e-01   2.8424545e-01  -2.4459142e-01  -3.8393841e-02  -7.5855015e-02   1.8227752e-01   3.6744131e-01  -3.4936391e-01   2.0735970e-01  -6.1262801e-03  -2.8493905e-02   5.6064012e-02   2.1539974e-01  -7.4806852e-02  -2.8694730e-01   1.0750000e-01   3.0069585e-01  -7.3803683e-02   1.0610911e-01   1.2023224e-01  -1.2309881e-01   2.1927901e-02   3.6562714e-01   5.3562169e-01   3.4132553e-01   4.8604718e-02  -4.7313603e-02  -1.0186895e-01   3.0774183e-01   1.7077271e-01  -1.0662265e-01   2.6070634e-01  -2.2359849e-01   4.0498623e-01  -2.4072333e-01   7.3311010e-02   2.7396964e-01  -5.2091166e-02   2.7025856e-01   1.5376504e-01  -4.6873465e-02   5.0371380e-02  -2.2518705e-01   1.4994063e-01  -7.6840572e-02  -1.3508854e-01   7.1204510e-02  -8.8624303e-02   4.4207865e-01  -1.3495003e-01   1.4681485e-01   1.4203118e-01   1.6133834e-01   4.3568271e-01  -4.0425973e-02   6.8286998e-02   3.5387437e-01  -4.7118067e-02   3.9691395e-02   2.2232972e-01   1.1471453e-02  -4.6866641e-02  -2.2811824e-01   1.2788421e-01  -3.2513911e-01   3.0218188e-02  -8.0482958e-03   5.1758006e-01  -3.8649797e-01   4.7043820e-03  -2.3769022e-02  -1.2129361e-01  -3.5636316e-01  -2.9036432e-01  -7.0495773e-02   4.1791083e-01  -9.7897588e-02   1.5594844e-01  -1.0286928e-01   4.6289011e-01  -2.1722949e-01  -2.0402812e-02   3.1578864e-01  -4.7427067e-02   1.3987799e-02  -9.8347009e-02  -3.5467152e-01   5.5976113e-01   8.9727667e-02   1.1424616e-01  -3.0968313e-02  -1.3542782e-01   2.6719691e-01   1.1501598e-01  -1.5409240e-01  -3.2055656e-03  -2.0207532e-01   1.7839922e-01  -9.5001901e-02   1.7294942e-02   5.3126368e-02   1.1175912e-01   6.3382488e-02   3.0563816e-01   2.3590552e-01  -1.6570338e-01  -3.4801952e-02  -1.7698940e-01  -6.1711723e-02   2.2810543e-01   2.4140990e-01  -2.2362812e-02   5.2501777e-01  -4.2456363e-03   1.6351005e-02   3.9426525e-01  -3.5306906e-01  -4.0496447e-01  -9.8828364e-03  -7.8898656e-02   4.6774457e-01   1.8037207e-01   2.7089753e-01   6.4130581e-02  -2.7953323e-01  -1.1117642e-01   1.5841582e-02   7.4410956e-02  -2.6929175e-02  -4.3214655e-02   1.5073446e-01  -2.8077769e-01  -3.3669583e-01   2.4721803e-01   3.1440563e-01   1.3108952e-01   5.0653603e-02   1.8977257e-01   4.0774404e-01  -2.5999247e-01  -1.0429907e-01  -1.2119645e-01   1.7351739e-01   3.6778570e-01   1.0137145e-01   7.6067285e-02  -1.0553840e-01  -2.0577408e-01  -1.8633279e-01   1.6304611e-01  -1.7028795e-01   3.1081454e-01   4.3805700e-02  -2.2142348e-02   3.4140908e-01  -7.3139936e-02  -5.2058615e-02  -8.6596093e-02   1.9934342e-01   3.2007891e-01  -1.9189141e-01   4.2600829e-01  -1.1507265e-01  -2.3026687e-01  -2.9648911e-01   2.8310721e-01
  -2.6012750e-01   8.0876620e-02   0.0000000e+00  -5.1700758e-01   1.1921738e-01   5.1133721e-01   2.7744262e-01  -4.2140475e-01   9.7954721e-02   3.1354609e-01  -4.5576457e-01   6.3172866e-01   5.1567835e-01  -3.2985387e-01  -2.9642414e-01  -3.3671523e-01   8.4928098e-01  -6.2041610e-02   2.0486026e-02  -4.6482395e-02  -1.2735987e-01  -3.6839421e-01  -1.8752167e-01  -2.4129551e-01  -4.2452077e-01  -3.1268877e-01  -2.3587591e-01   2.0794919e-01   4.5050004e-01  -3.1020165e-01  -1.2361223e-02  -5.4255074e-01  -1.7861688e-01   1.9512936e-01   1.9510376e-01   3.9269757e-01   3.4250132e-01   1.2331046e-01  -4.5371611e-01   5.8774805e-01   5.5482150e-01   3.5530244e-01  -2.5120131e-01  -3.5757889e-01  -1.8444702e-01   3.7696491e-01  -4.0350982e-01  -3.9804680e-01  -1.6787710e-01   7.1535630e-01  -3.8006101e-01  -2.7818285e-01   2.8278062e-01   3.5984717e-01   5.5317016e-02  -5.6765673e-01  -4.3201326e-02  -5.6955438e-01  -5.8293553e-01   1.7260837e-01   5.6023692e-01   1.3163494e-01  -3.0376583e-03  -1.2785687e-01   2.1821545e-01  -5.3846751e-01   3.2179519e-01   9.4313776e-02  -4.0303880e-01   7.4799972e-01   3.7452351e-01  -5.5935167e-01   1.6691961e-01   1.6826311e-01   2.7982614e-01  -3.4359523e-01   4.5712532e-01  -2.5840736e-01   2.6961783e-01  -1.9490956e-01   1.0323324e-01  -4.5072631e-01   2.0700698e-01  -2.4779962e-01   2.9520600e-01  -5.6428437e-01   1.5710658e-01   1.9162191e-01   2.8883013e-01  -2.8332372e-01   2.3520979e-01   6.2453127e-01   4.4490331e-01   7.6195935e-02   7.3153887e-02   2.1506545e-01  -1.8363148e-01  -3.8951932e-01  -8.0928682e-03  -3.2251916e-02   6.7695509e-01  -3.3906633e-01  -1.3371551e-01  -3.3027697e-02  -4.0802682e-01  -7.0451215e-01   5.6408884e-01  -4.0820116e-01   2.3368368e-01  -3.5310520e-01  -1.2417780e-03  -4.6688898e-01  -2.0897327e-01   6.4311409e-02   1.6431346e-01   1.5702441e-01  -4.5272344e-01  -4.2505804e-01  -2.9400993e-01  -2.5415130e-01   1.2152844e-01   1.8544102e-01  -4.2460791e-01   3.3192364e-02   5.3138854e-02   1.1191517e-01   1.0642890e-01  -1.9800506e-01  -3.7910950e-01   4.5468847e-01  -4.9367527e-01   1.7463829e-01   3.5685592e-03   8.6231929e-02  -2.6461760e-01  -1.6031629e-01  -1.1268002e-01  -1.3808281e-01  -6.5893869e-04  -4.6204009e-02  -5.9469756e-02   5.8714611e-01  -1.9478391e-01   4.1579813e-01  -2.5792699e-03  -3.7671372e-01   5.9798030e-01  -4.4939932e-01  -2.5560325e-01   4.8179478e-01  -5.6572519e-02  -1.2470938e-01   4.7767451e-01  -1.3650196e-01   8.2423123e-01   4.4831004e-02   2.6755316e-01  -5.2387389e-01   4.2659906e-01  -5.2525484e-01  -2.4378422e-02  -3.6095978e-01  -2.3982527e-01  -6.6498830e-01  -5.4123032e-01   1.3714990e-01  -2.7400018e-01  -2.9130102e-01  -1.0627588e-01   4.8577762e-01   2.4672230e-02   1.6561027e-02  -1.5302089e-01   2.3445841e-01  -3.8569461e-01  -5.7896623e-02   4.1214796e-01
   4.5830829e-01  -2.1715621e-01  -5.1700758e-01   0.0000000e+00  -2.6482382e-01  -1.3469953e-01  -2.6456242e-01   3.7457747e-01   1.0252522e-01  -3.1956412e-01   3.4546111e-01  -5.7173171e-01  -6.1666660e-01   3.6474803e-01   2.8326470e-01   6.5180978e-01  -5.9183910e-01  -7.6286584e-02  -7.0097151e-02   3.1707392e-02   1.8703418e-01   5.5646820e-01  -5.7350279e-02  -1.8898652e-01   6.6637828e-01   3.4556323e-01   3.3861639e-01  -2.7011003e-01  -5.9592655e-01   3.8579228e-01   9.3345016e-02   7.6055821e-01   2.9237182e-01  -2.2540466e-01  -1.4693115e-01  -5.5768650e-01  -2.8976681e-01   4.1920414e-02   6.3070418e-01  -3.7604069e-01  -6.4796977e-01  -2.1543256e-01   1.8499136e-01   2.4250401e-01  -7.9449881e-02  -1.7366780e-01   5.5414901e-01   4.2022164e-01   2.4335338e-01  -5.5473398e-01   3.4003632e-01   2.8674246e-01  -3.0836989e-01  -1.1550449e-01   8.2163867e-04   2.3473135e-01   6.3344406e-02   6.5496745e-01   7.1246170e-01  -5.8297293e-02  -2.3040317e-01  -1.4981396e-01  -2.8106521e-01   4.8683717e-02  -3.0388428e-01   1.8080670e-01  -7.6354442e-02  -2.7288033e-01   5.3256097e-01  -6.1755875e-01  -2.9851317e-01   6.6930646e-01  -2.0106180e-01   2.2938928e-01  -4.0034333e-01   4.7907031e-01  -2.4756155e-01   2.4120545e-01  -3.4108244e-01   3.7667837e-01  -3.0857915e-01   6.0470305e-01  -2.8449188e-02   1.5517472e-01   2.7627541e-02   5.2793534e-01  -2.1870721e-01  -2.8351190e-01  -3.8659324e-01   2.1286221e-01  -3.8810909e-01  -6.1980037e-02  -1.3072644e-01   9.3577035e-02   2.4239056e-02  -2.5334927e-01   3.6975937e-01   4.0596236e-01  -1.9021072e-01  -6.9995800e-02  -6.1094175e-01   1.7216484e-01   2.3620577e-01   6.9262542e-02   5.3641488e-01   7.5171857e-01  -3.9288405e-01   4.2590886e-01  -2.3725967e-01   3.4027516e-01   2.5129957e-02   4.3244361e-01   4.2241959e-01  -3.7252035e-01  -3.9634473e-01  -1.5839306e-01   4.7481864e-01   5.8160745e-01   2.7876749e-01   6.4539070e-01  -5.7847003e-02  -4.1663383e-01   3.0478292e-01   4.7871708e-02   7.8491766e-02  -2.0787434e-01  -2.1879404e-01   3.6033270e-01   6.7299035e-01  -4.3389106e-01   6.2217440e-01  -2.9030743e-01   9.1209414e-02  -1.6625283e-01   5.2917960e-01   3.9030368e-01   2.9445317e-01   2.2863318e-01  -1.8097159e-02  -3.5606731e-01  -5.3318172e-02  -6.5216187e-01   2.9292198e-01  -1.6585484e-01  -1.9854125e-01   2.7023450e-01  -2.8186248e-01   2.8574594e-01   9.7581458e-02  -5.6097121e-01   9.9261083e-02  -2.0311559e-02  -2.8933531e-01  -9.5614970e-02  -6.2251286e-01  -1.8634517e-01  -5.3700580e-02   6.5938199e-01   2.9514870e-02   2.3972527e-01  -4.8775264e-02   4.8202235e-01  -3.1729111e-01   7.2228975e-01   6.8747277e-01  -1.8276220e-01   2.7313717e-02   1.3530178e-01   3.1014396e-01  -5.0815553e-01  -1.4547389e-01   1.7155391e-01   2.7809856e-02   9.6423804e-02   4.6302483e-01   3.4712987e-01  -3.5804773e-01
  -1.0189797e-01   1.3681763e-01   1.1921738e-01  -2.6482382e-01   0.0000000e+00  -1.1407137e-01   6.7353949e-02  -2.7997172e-01   4.2486281e-01   4.0490854e-01  -1.9797083e-01   2.2942740e-01   3.6373270e-01  -8.0368845e-03  -1.9586589e-01  -9.5368693e-02   3.9771098e-01  -1.0930651e-01   2.5455676e-02   7.5778313e-01  -8.5445666e-02  -3.3028213e-01  -1.4621718e-01   3.7302014e-01   1.1117545e-01  -1.5926687e-01   1.6164389e-01  -9.5244012e-03   7.5528103e-02  -3.5807503e-01   2.3160128e-02  -2.6321360e-01  -1.6003545e-01   2.0444063e-01   9.0435502e-02   5.9075135e-01   3.5700682e-02  -1.2907564e-01  -6.2220313e-02   5.5277116e-01   3.2732281e-01   6.3608199e-02  -1.1442443e-01  -3.6523740e-02  -2.9978047e-02  -4.1817978e-01  -1.7511576e-01  -2.6369562e-01   9.2418244e-02   5.1950678e-01  -2.2441188e-01   1.5801025e-01   5.4748253e-01   1.7186250e-01   3.5447604e-01   5.1670779e-02  -2.6465190e-01  -2.4631938e-01  -2.6728510e-01   9.4169278e-02  -1.2891582e-01   2.3249615e-02   9.6375442e-02   7.9644281e-03   3.8650272e-01  -3.2079569e-01  -3.4229026e-02   1.7214938e-01  -2.5074947e-01  -1.3812796e-01   6.4009738e-01  -3.4122069e-01   8.1573314e-02  -4.2421195e-02   9.6169528e-02  -3.1186958e-01  -1.4316386e-01  -2.2596385e-01   7.1310707e-01   1.7822469e-01   6.9034281e-02  -1.6100114e-01   1.1627302e-01  -1.0918817e-01   2.9347583e-01  -2.0792607e-01   3.1988191e-01   3.0598165e-01   5.1706781e-01   8.5318530e-02   6.0606377e-01   2.1452787e-02   4.3520587e-01   1.5454255e-01   6.8445538e-02   7.6741543e-01   9.0211421e-02  -1.9598981e-01   1.3936525e-01   1.3968653e-01   3.0067217e-01  -8.7898023e-02  -2.5868955e-01  -1.3169532e-01  -3.5534443e-01  -3.5957866e-01   3.3205129e-01  -2.3183090e-01   1.1212944e-01   8.6148620e-02   1.5712096e-01  -3.9483057e-01  -8.5201759e-02   7.7800275e-02   1.9672446e-01   7.6611118e-01  -7.9876754e-02  -1.8603809e-01  -3.1216333e-01  -1.7333061e-01   7.2273742e-02   7.3218640e-01  -1.7873332e-01   7.8053517e-03  -1.7147202e-01  -8.2753999e-02  -5.0168496e-02   2.3514943e-01  -2.5828521e-01  -6.7822107e-02  -3.1320547e-02   4.1891172e-01   1.3683240e-01   1.8603544e-01  -2.4677833e-01  -1.5829441e-01   2.5048991e-01   3.6722701e-03   1.2119225e-01   3.5004274e-01   5.4280424e-01   3.1472068e-01  -1.5750989e-01  -4.0244950e-01   1.9514292e-01  -2.4475050e-02   1.8095861e-01  -2.7625350e-02   1.7728689e-02   3.2709178e-01  -2.4138692e-02  -3.1756689e-02   6.3663084e-02   1.0691966e-01   1.9114468e-01   3.4336854e-01  -1.9890081e-02  -1.5195448e-01  -5.1534037e-02  -2.0098569e-01   3.0319508e-01  -1.2491649e-01   7.9004904e-02  -3.3440026e-01  -1.8692093e-01   4.3811311e-01   5.1195594e-02   5.0642299e-02  -8.1905133e-03   5.6317069e-01   6.3306971e-01   3.7087704e-02   4.3326782e-02  -2.9979037e-01  -1.4521182e-01  -2.2802593e-01   2.7963508e-01
  -1.2968885e-01  -1.5607130e-01   5.1133721e-01  -1.3469953e-01  -1.1407137e-01   0.0000000e+00   2.2718050e-01  -1.0462717e-01   7.1003959e-02   7.5344476e-02  -7.7334825e-02   4.3563881e-01   3.6404678e-01  -5.3695256e-03  -2.2373749e-01  -3.8043238e-01   2.7823761e-01   3.3789561e-01   2.7704466e-01  -8.1008816e-02   1.3899252e-01  -2.5080940e-03  -1.9881393e-01  -4.8530089e-01  -1.3476587e-01   8.6400317e-02  -3.3201731e-02   3.7997126e-01   2.4754398e-01   1.5030888e-01   1.8086086e-01  -2.9697374e-01  -4.0765620e-02   9.2541035e-02   2.9663554e-02   2.5915252e-01  -1.6202074e-01   5.5992874e-04  -4.5170261e-01   1.7007261e-01   3.0988993e-01   4.1749555e-01  -1.3742789e-01  -1.0959712e-01   3.3711057e-02   3.2572567e-01  -2.0041439e-01  -2.3001714e-01  -9.3041555e-02   2.4785271e-01  -2.8469721e-01  -2.5023569e-02  -1.2240992e-01   2.9226194e-01  -1.2961306e-01  -2.2690989e-01   4.0763063e-01  -4.0208065e-01  -3.2290724e-01   2.4616651e-01   3.3848774e-01   2.7943786e-01  -1.9653309e-01  -2.4381368e-01   1.1431243e-01  -1.1730762e-01   7.6192566e-01   5.8282136e-02  -1.3510731e-01   5.5358045e-01  -1.0004475e-01  -6.3663912e-02   8.0763224e-02   1.0379428e-01   2.7062830e-01  -2.0514025e-01   4.0245699e-01   2.5225713e-03  -1.1578608e-01   2.9319171e-02   1.5605432e-01  -4.3494507e-01   3.0089848e-01   3.1750714e-02  -1.1439953e-01  -4.3560097e-01   1.7264705e-02   3.3594411e-03  -4.0619462e-02  -2.9888468e-01   1.2053298e-02   3.4314777e-01  -4.5008206e-02   3.0249117e-01   6.7449293e-02   5.9286453e-02  -4.1691574e-01  -1.1054753e-03   2.5473227e-01  -1.5715142e-01   1.9566023e-01  -6.4912318e-02   3.2441388e-02   2.1604057e-01  -1.2659498e-01  -4.0928312e-01   3.3809688e-01  -6.0074721e-02  -2.5276128e-01  -2.6857512e-01   5.8891464e-02  -2.4087574e-01   2.1747479e-01   1.3142450e-02  -1.4557669e-01  -1.2873674e-01  -2.0548230e-01  -2.3386523e-01  -2.1510213e-01   8.6897265e-02   1.7481636e-01  -1.4203438e-01  -2.5057914e-01  -8.1513165e-03   1.2565415e-01   4.4072991e-01   1.8146115e-01   3.4675837e-02   5.5046580e-03   2.8286255e-02  -4.9183039e-01   1.4861760e-01   1.8307250e-01   2.7387366e-01   1.7030344e-01   5.9371489e-03   1.0862148e-01  -3.1253677e-01   1.7923857e-01  -1.0934527e-01  -3.3577131e-01   3.4794307e-01   1.1129528e-01   3.8242236e-01  -7.6874856e-02  -1.9911923e-01   2.0159083e-01  -2.4778510e-01   5.3336321e-02   5.7865178e-02  -3.8377799e-01   2.4433758e-02   7.2431159e-02   1.2468731e-01   3.9774964e-01  -4.6645922e-02   2.2268693e-01  -3.2878030e-01   1.8810910e-01  -1.6866977e-01  -3.2948907e-01  -1.3901837e-02  -2.2863614e-01  -2.3565867e-01  -4.1840461e-01  -5.0276536e-02   8.3155395e-03  -3.0623581e-01   3.8791516e-02   3.5930359e-01  -2.2915647e-01   2.1182206e-02   2.5875028e-01   5.6157700e-01  -3.5681532e-02   7.4357696e-02   1.6090732e-01
  -2.3146040e-01   5.1927611e-01   2.7744262e-01  -2.6456242e-01   6.7353949e-02   2.2718050e-01   0.0000000e+00  -2.6809258e-01   5.0783797e-02   3.9850546e-01   2.6320410e-02   6.7997924e-01   2.9188379e-01  -2.2920648e-01   1.0193777e-01  -1.6814040e-01   1.3645995e-01   3.3415877e-01  -1.1790269e-01   1.9291126e-01   1.9537014e-01  -2.1586066e-01   3.2857440e-01  -7.9687519e-02  -3.3791027e-01  -1.9190809e-01   1.5906041e-01   3.6639574e-01   1.2891598e-01   3.6821191e-02   2.7943438e-01  -2.5450601e-01  -9.9725390e-02   6.0693742e-01   3.7975149e-01   4.0872717e-01   4.2873048e-02  -3.8932049e-02  -2.5831522e-01   3.4607316e-01   1.7886373e-01   1.4135001e-02  -1.9459439e-01  -2.0355053e-01   3.7776603e-01  -2.5264420e-01  -3.7677283e-02   3.2057376e-01  -1.5288717e-01   2.3695004e-01   9.8891452e-02  -9.6697643e-02   8.9099624e-02  -8.1703043e-02   1.8658531e-01  -4.4566486e-03  -6.6225036e-03  -2.1443001e-01  -1.9311988e-01   3.4894216e-01  -1.1438814e-01   1.4729846e-01  -3.0243694e-01   2.7502354e-02   3.2433026e-01   1.4417826e-02   2.6460863e-01   1.8805281e-01  -9.3710035e-02   2.7608194e-01   3.3146560e-01  -1.5539506e-01  -3.1579078e-02   8.4728701e-02   1.3411851e-01  -3.8599269e-01   8.8524661e-02  -1.0498927e-01   3.7401383e-01  -4.4480262e-01   2.1942827e-01  -6.0487873e-02   6.1722543e-02  -1.4530532e-01  -2.4497222e-01  -2.5996009e-01   3.5243813e-01   6.0663450e-02   1.0218207e-01  -1.5321242e-01   3.0691554e-01  -2.4843680e-01   1.6725513e-01   3.1320757e-01  -9.1017425e-02  -1.6730373e-02  -2.0867584e-01  -2.7160486e-01   4.4856306e-01   2.0387485e-01   2.1975083e-01   1.2516188e-01  -1.7949288e-01   6.2662914e-02   6.0541599e-02  -2.9743395e-01  -3.5854219e-02  -1.9893092e-01   1.7143532e-01  -2.0451526e-01   2.7056079e-01  -2.1607029e-01  -2.2635833e-03   6.1193199e-02   2.5481124e-01   1.1690235e-01  -1.4222246e-01  -6.9461776e-02  -3.0576375e-01  -1.4159638e-01   2.6297716e-01   9.9600216e-02  -3.0136008e-01   3.6248688e-01  -8.1136814e-02   1.2404019e-01   4.4682677e-01  -3.9596276e-01  -3.6452594e-01  -1.8441982e-02  -2.3457848e-01   5.3993073e-01   7.4263759e-02   3.6888798e-01  -1.7721896e-01  -1.9402980e-01  -1.5126185e-01   1.0899880e-01   1.1810900e-01  -4.9689202e-03  -1.1412498e-01   9.9166891e-02  -2.2707127e-01   2.8504930e-02   4.3463046e-01  -1.4768263e-02   5.2985297e-01  -1.1629081e-01   2.4284628e-01   3.7934435e-01  -3.1023298e-01  -1.4850604e-01  -8.8716517e-02   1.9076606e-01   4.6100984e-01   9.1645518e-02   1.9593185e-01  -1.3604829e-01  -3.8058567e-01  -1.5779537e-01   8.1932532e-02  -2.2028539e-01   1.5239780e-01  -6.3447411e-02  -2.1933739e-01   3.5778446e-01   2.4721181e-02  -7.1568837e-02  -8.2321096e-02   2.7446668e-01   3.1312363e-01  -1.6618994e-01   3.3574190e-01   1.3946821e-01  -3.5340511e-01  -2.8747499e-01   1.7239162e-01
   6.0313050e-02  -3.1821400e-01  -4.2140475e-01   3.7457747e-01  -2.7997172e-01  -1.0462717e-01  -2.6809258e-01   0.0000000e+00  -2.3376695e-01  -3.9915099e-01   5.7546160e-01  -4.8060138e-01  -3.9640576e-01   1.1946546e-01   2.5418813e-01   3.0873162e-01  -5.1122382e-01  -2.7319654e-02   2.9321566e-01  -9.8945742e-02   1.1526505e-01   3.4580152e-01  -1.3817151e-01   7.6164986e-02   1.4194059e-01   6.7215598e-01   3.5883891e-01  -1.4591438e-01  -2.8050552e-01   4.2470772e-01  -1.5714657e-03   4.2882226e-01   3.1274489e-01  -4.4430055e-01  -1.8054391e-01  -4.6269713e-01  -1.9755823e-01   1.8840944e-01   3.1893112e-01  -5.1142637e-01  -3.9318595e-01  -1.1039060e-01   2.5314662e-01   5.8344676e-01   2.5338766e-02   1.3288209e-01   4.8692928e-01   2.0447332e-01  -4.8005816e-03  -3.9529760e-01   2.4134227e-01   5.1772735e-01  -3.9434029e-01  -3.3495024e-01  -2.3438279e-01   4.5543804e-01   3.2448740e-01   3.5519689e-01   6.1069554e-01  -1.3520378e-01   1.8707425e-01  -8.9342208e-02  -3.2375984e-01   8.6338347e-02  -3.9988820e-01   2.5268585e-01   1.2758815e-01  -3.0679093e-01   6.4498069e-01  -4.0341137e-01  -3.9839190e-01   5.0965026e-01  -4.2915316e-01   1.9687522e-01  -2.6030291e-02   5.4364213e-01   1.3021147e-01   4.1019975e-01  -4.7437050e-01   5.7398458e-02  -2.7758755e-01   3.2882521e-01  -1.1147753e-01   7.3109977e-01  -2.0231839e-01   4.5899794e-01  -4.9597244e-01  -2.7999490e-01  -3.7723314e-01   2.9873944e-01  -4.2800503e-01   2.4770108e-02  -2.4111326e-01  -9.6178616e-02   1.2778804e-01  -3.2085752e-01   4.3330691e-02   7.1296544e-01  -1.7166733e-01  -2.2076684e-01  -5.6281856e-01   3.0092029e-01   2.6822439e-01  -4.3959104e-03   5.5759777e-01   4.6805483e-01  -3.6638023e-01   7.1822389e-01  -3.0711897e-01   4.1208664e-01  -6.5086739e-02   2.8449996e-01   1.6845022e-01  -8.7344143e-02  -1.6841361e-01  -3.6806809e-01   5.0837739e-01   5.5506258e-01   1.8025182e-01   2.1344992e-01   2.5241952e-02  -3.7412025e-01   3.7487329e-01  -3.1424467e-01   2.7607790e-01  -8.8877191e-02  -2.3908796e-01  -5.2923662e-02   4.9979778e-01  -2.8751615e-01   3.0441936e-01  -3.2243259e-01  -3.8770713e-01  -3.5462553e-01   3.8759919e-01   5.6896177e-01  -1.5827052e-01   1.2472486e-02   2.2516878e-01  -1.2450030e-01  -1.5364768e-01  -4.5074525e-01   4.4784172e-01  -2.4326254e-01  -2.2930459e-01  -4.6904790e-02  -3.9487038e-01   3.8564617e-01   3.3461047e-02  -5.9795457e-01   1.9541438e-01   1.0012304e-01  -1.1656157e-01   2.4305245e-01  -5.8011297e-01  -9.6760745e-02  -5.5842460e-02   5.4126566e-01   5.1048647e-02   2.3738657e-01  -1.1882538e-01   5.9303209e-01  -1.3913196e-01   5.4095616e-01   3.8251286e-01  -3.3182668e-01   2.5769059e-01   2.6259473e-01   3.7252999e-03  -5.0248253e-01  -3.6996901e-01  -7.1608027e-02   2.6152063e-04  -1.5006392e-01   1.8011925e-01   9.0845627e-02  -2.0907951e-01
   4.4090039e-03   2.0558226e-01   9.7954721e-02   1.0252522e-01   4.2486281e-01   7.1003959e-02   5.0783797e-02  -2.3376695e-01   0.0000000e+00   2.1687212e-01  -5.6676595e-02   2.7885282e-02   3.9229103e-01  -9.8942099e-02  -2.0290857e-02  -1.3346760e-01   2.4505576e-01  -3.4418770e-02   8.6247688e-02   3.7597326e-01  -2.7346652e-01  -7.1491553e-02  -8.5114999e-02   1.7555030e-01   2.7158896e-01  -2.0719174e-01   2.9513216e-01   3.2763281e-02  -6.1387911e-02  -5.7757979e-02   6.5692342e-02   1.8398401e-02  -2.7098363e-01   2.0929091e-01   1.5752056e-04   3.2736262e-01   2.0982011e-01  -1.1881566e-01  -1.3662621e-01   4.4267355e-01   2.6954955e-01  -1.5407973e-01   3.1449076e-01  -2.0697094e-01  -6.7170465e-02  -3.5949843e-01  -1.1205941e-01  -1.9774265e-01   1.6761662e-01   3.0127926e-01   4.5579999e-02   5.4290599e-02   3.3724468e-01   2.6588392e-01   1.6862464e-01  -8.6313898e-02  -2.3897150e-01   1.2088450e-01  -1.5257319e-01   4.8235463e-01  -1.1642926e-01  -4.3847368e-02   2.2674622e-01   3.3413327e-03   1.2855250e-01  -1.8734249e-01   1.0798230e-01   1.3089896e-01  -1.1533690e-01  -1.4781763e-01   2.2810051e-01   3.2132006e-03   1.9901003e-01  -3.5490560e-02  -8.1173161e-02   7.4207480e-02  -6.9585745e-02  -1.2819714e-01   4.9021606e-01   2.9259451e-01  -9.3951733e-03  -2.6500830e-02   2.5864126e-02  -1.8896154e-01   6.3542203e-02   9.4908459e-02   1.2867977e-01   1.8519177e-01   9.9896930e-02   2.3437053e-01   3.3862344e-01   1.9213878e-01   2.6041711e-01   5.4787257e-01   4.8747412e-02   4.1870562e-01   2.8558193e-01  -1.2732569e-01   1.7514891e-01   1.9548163e-01   9.0730417e-02  -1.2106254e-01  -1.5252153e-01   4.9549497e-01  -7.8370072e-02  -1.8123372e-01   2.5768066e-01  -1.3485873e-01   2.5495984e-01  -7.8967660e-02   2.8930803e-02  -1.2893260e-01   2.3361293e-01   2.4364116e-01   2.2757513e-01   4.3629511e-01   1.5901560e-02  -5.2524188e-02  -2.2082036e-01   3.1455551e-01   2.3029272e-01   3.1113326e-01  -3.9108367e-01   2.0263371e-01  -7.2713130e-02  -6.9066768e-02   8.2616774e-02   2.2843012e-01   1.6079855e-01  -1.5147015e-01  -1.2287754e-01   1.9454121e-01  -1.7418971e-01  -1.3248995e-01   2.7978330e-01   1.9980314e-01   5.4243662e-01  -4.6430028e-02   3.6738046e-01   2.2167967e-01   2.7531723e-01   1.7677086e-01  -5.1346791e-02  -3.4325753e-01   1.5621249e-01   1.6130098e-01   1.1184833e-01  -3.8307631e-02   1.0419070e-01   2.6129948e-01  -4.5467768e-03  -2.0276322e-01   6.7675789e-02   4.8758770e-02   1.7218044e-01   3.1226895e-01   8.5208135e-02  -1.0391048e-01   7.2822344e-02  -3.4527739e-01   2.6076932e-01  -7.0428579e-02  -1.6622242e-01  -1.8177322e-01  -5.0855148e-02   2.3431527e-01  -2.3075969e-01   1.0167870e-01   2.1445138e-01   4.0598753e-01   3.8576108e-01  -2.4339949e-02   1.0637637e-01  -2.9762728e-01  -1.3741003e-01   3.2893905e-02   2.9685061e-01
  -7.7472986e-03   3.5118630e-01   3.1354609e-01  -3.1956412e-01   4.0490854e-01   7.5344476e-02   3.9850546e-01  -3.9915099e-01   2.1687212e-01   0.0000000e+00  -5.0789850e-01   4.3977818e-01   2.6485645e-01  -1.3282266e-01  -1.6861238e-01  -6.8067320e-02   4.2172847e-01  -2.0735171e-02  -3.5590774e-01   4.6150987e-01   4.0731623e-02  -3.9474162e-01   1.8378139e-01   2.8545657e-01  -2.0865744e-01  -3.9458947e-01  -2.5991146e-02   3.4051712e-01   1.0768009e-02  -4.3986076e-01   6.4342046e-02  -1.7300201e-01  -1.8806007e-01   4.7496084e-01   2.7560875e-01   4.6670908e-01  -1.8447644e-02  -2.5321633e-01  -1.1052309e-01   6.4552076e-01   2.5624031e-01   8.9964958e-02  -2.0376860e-01  -4.3584991e-01   1.0588449e-01  -2.6115304e-01  -4.1448532e-01  -1.4929669e-01  -8.4306706e-02   4.2200364e-01  -2.8249102e-01  -8.3278520e-02   4.2494429e-01   2.9917125e-02   4.9173463e-01  -2.5159956e-01  -4.6543259e-01  -2.5603982e-01  -3.0846826e-01   9.7548768e-02  -1.6099282e-01   1.4447343e-01   1.6217401e-01  -7.1603379e-02   3.6554451e-01  -4.8302247e-02   3.0979540e-02   8.9764252e-02  -5.3510681e-01   2.5190335e-01   5.3681516e-01  -4.3036821e-01   2.1584595e-01   3.9887533e-02   1.2330177e-01  -3.5764744e-01  -1.9851594e-01  -2.0486785e-01   5.0451730e-01  -1.6736939e-02   1.6685595e-01  -2.0247995e-01  -1.3816754e-01  -4.5854744e-01   2.2713096e-01  -2.7185940e-01   5.2373977e-01   2.7604741e-01   3.6115849e-01   1.5391841e-01   5.8980657e-01  -9.5798803e-02   4.2353394e-01   1.3833583e-01  -1.2606913e-01   5.6528597e-01  -1.3533259e-01  -5.4420333e-01   7.9492225e-02   3.5739538e-01   3.3765669e-01   3.2773166e-02  -3.7840809e-01  -5.2007455e-02  -3.4890407e-01  -3.0909245e-01   1.4973949e-01  -5.3743274e-01   1.2108206e-01  -9.7873235e-02   3.8801109e-03  -4.0094889e-01  -1.2126278e-01   2.9749752e-01   3.8934691e-01   4.7212313e-01  -3.6496108e-01  -2.9761558e-01  -1.8244305e-01  -2.0232717e-01   7.2811175e-02   5.4138739e-01  -2.8279746e-01   1.4809032e-01  -1.4920513e-01  -1.5639604e-01   1.2634996e-01   1.2165695e-01  -4.3309848e-01   2.1582800e-01  -7.3597177e-02   3.0393181e-01   1.7278469e-01   4.0909933e-01  -2.9757639e-01  -2.4115693e-01   2.1462545e-01   1.7260460e-01   5.6653986e-03   1.4942693e-01   3.5627943e-01   1.8991406e-01  -4.5515333e-01  -7.7001309e-02   2.6599601e-01   7.2989079e-02   3.5839696e-01  -2.0971147e-01   1.2981247e-01   3.9871955e-01  -1.4569437e-02  -1.2952501e-01   6.8676850e-03  -1.9198238e-01   4.5656873e-01   3.1779170e-01  -6.2844784e-03  -1.5378054e-01  -8.1841665e-02  -3.6455554e-01  -7.3940632e-02  -4.4615466e-01   3.5933214e-01  -2.8616125e-01  -1.7778182e-01   2.9867881e-01  -1.8594351e-01   6.2523275e-02   8.7655411e-02   4.1653312e-01   4.6921909e-01  -8.2913207e-03  -5.1150292e-02   3.4449448e-02  -1.3846963e-01  -2.8757848e-01  -1.8192135e-02
  -1.2759612e-01   6.2044064e-02  -4.5576457e-01   3.4546111e-01  -1.9797083e-01  -7.7334825e-02   2.6320410e-02   5.7546160e-01  -5.6676595e-02  -5.0789850e-01   0.0000000e+00  -2.7527837e-01  -1.3526836e-01   4.0028199e-02   4.6741707e-01   1.1547344e-01  -5.7170351e-01   2.8090727e-01   3.0397241e-01  -1.6909049e-02   9.4091676e-02   4.5536513e-01   6.2427744e-02   3.3490138e-02   2.7470400e-01   6.0485003e-01   5.2306811e-01   8.9994918e-02  -1.8971819e-01   5.9148665e-01   3.6040782e-01   3.4279542e-01   9.3826870e-02  -7.0440607e-02   2.1742995e-02  -1.9253392e-01  -1.5346279e-01   2.6692934e-01   1.0943936e-01  -4.2822251e-01  -2.1695447e-01  -3.5153717e-01   3.2166118e-01   6.4784083e-01   3.4594047e-01  -6.4485506e-02   6.9372933e-01   4.7760915e-01   1.8816511e-02  -3.2310575e-01   6.6301418e-01   4.8496476e-01  -4.8508775e-01  -4.3295268e-01  -2.3950491e-01   6.1941965e-01   4.5219588e-01   4.7947471e-01   5.8558620e-01   2.1750190e-01  -8.4314528e-03  -1.1849249e-02  -3.6835849e-01   3.9983242e-01  -2.9207931e-01   3.0271310e-01   2.3030795e-01  -7.7861451e-02   8.3968627e-01  -4.5163529e-01  -4.6929230e-01   6.6676861e-01  -5.3686602e-01   1.0710426e-01  -9.4460416e-02   4.1198983e-01   2.7808439e-01   3.9296744e-01  -1.8517237e-01  -1.9536023e-01  -1.3101529e-01   3.0844085e-01   1.0879667e-01   5.6077326e-01  -5.1374525e-01   5.2635624e-01  -4.5182498e-01  -3.1840073e-01  -3.7426799e-01   1.4062187e-01  -2.8615544e-01  -2.1011615e-01  -3.3760317e-01   2.5228580e-01   2.2094703e-01  -3.6263584e-01   1.5647334e-01   6.8058383e-01   2.7980205e-01  -6.4330002e-02  -5.4088929e-01   4.7329808e-01   3.6905529e-01   9.7268759e-02   7.9355769e-01   3.3498045e-01  -3.7139481e-01   7.3601886e-01  -1.1536749e-01   3.4185260e-01   3.5346224e-01   5.2393554e-01   3.6470840e-01  -1.4716611e-01  -4.6228858e-02  -2.6204916e-01   4.1421067e-01   5.5051492e-01   8.9409750e-02   3.1653372e-01   2.9515732e-01  -3.3077004e-01   2.0842595e-01   5.1741818e-02   3.4169458e-01   7.4686910e-02   3.0099199e-01  -3.5295446e-01   3.2811486e-01  -5.0786824e-01   1.5957521e-01   7.8120203e-02  -2.4968747e-01  -3.0104484e-01   5.0075703e-01   4.6794818e-01  -2.0649572e-01   2.0363633e-02   4.2115104e-01  -7.6696645e-02  -2.3085256e-01  -3.5172493e-01   4.5982826e-01  -4.0666974e-01   1.4375397e-01   2.1165203e-01  -3.2973660e-01   5.3522387e-01   2.0198213e-01  -2.7926020e-01   7.0588817e-02   7.5422394e-02  -2.8109187e-01   6.1853223e-01  -5.3911321e-01  -3.0085092e-02   6.8358320e-02   4.5353044e-01  -2.1424007e-01   3.2387677e-01   2.5371727e-01   7.5975329e-01  -2.3819797e-02   5.9873920e-01   3.2739695e-01   1.9245194e-02   4.5763396e-01   1.6879985e-01  -9.0026727e-02  -3.6387607e-01  -1.2443344e-01   2.8832181e-02   3.6840490e-01  -1.1893585e-01   8.6003346e-02  -1.4605988e-01  -5.0934156e-02
  -3.7522753e-01   4.3832833e-01   6.3172866e-01  -5.7173171e-01   2.2942740e-01   4.3563881e-01   6.7997924e-01  -4.8060138e-01   2.7885282e-02   4.3977818e-01  -2.7527837e-01   0.0000000e+00   5.4764553e-01  -2.9303916e-01  -1.7876916e-01  -4.8574212e-01   5.7636836e-01   3.5623675e-01  -8.6605605e-02   1.6331304e-01   9.3007487e-02  -3.6685125e-01   2.6397532e-02  -7.8977236e-02  -4.7535589e-01  -2.8625216e-01  -1.5475621e-01   4.2825374e-01   3.8377760e-01  -1.2499430e-01   1.5972684e-01  -5.5710403e-01  -1.9557872e-01   4.2876918e-01   4.0129962e-01   6.1641335e-01   1.0472003e-01  -1.5791266e-01  -5.9218471e-01   5.4078721e-01   5.1632993e-01   2.3244221e-01  -2.5071544e-01  -3.0620444e-01   2.6120661e-01  -4.2461134e-02  -2.8372219e-01  -1.1869494e-01  -1.9632425e-01   5.8752399e-01  -2.2754049e-01  -1.9055701e-01   1.3926060e-01   1.7398729e-01   1.4012631e-01  -2.5611585e-01  -2.0016214e-02  -5.3631679e-01  -5.5120831e-01   4.1285389e-01   9.3760178e-02   2.6398273e-01  -6.6412428e-02   3.0015461e-02   4.5204806e-01  -2.4968028e-01   3.7852836e-01   2.8634045e-01  -3.9909118e-01   5.5104058e-01   3.5548477e-01  -4.3120875e-01   1.0689816e-01   8.1756616e-03   4.0805228e-01  -5.5668422e-01   2.2382797e-01  -2.0085646e-01   3.8414943e-01  -3.3324711e-01   2.9612716e-01  -4.5569373e-01   2.2357676e-01  -2.5769064e-01  -1.2729937e-01  -5.4891655e-01   3.9200603e-01   1.9277429e-01   3.5454028e-01  -3.3531129e-01   4.0299774e-01   3.3095481e-02   2.4672710e-01   3.1699484e-01  -1.6588026e-01   2.3926055e-01  -4.0122484e-01  -4.7457990e-01   4.4140325e-01   6.7108304e-02   5.4098106e-01   1.8121396e-02  -1.9590226e-01   9.0720347e-02  -2.6209780e-01  -6.5626982e-01   4.5024842e-01  -4.2164846e-01   1.7233973e-01  -3.3586237e-01   9.2193071e-02  -2.8717580e-01  -6.8569345e-02   2.0417736e-01   3.3344344e-01   1.8260528e-01  -3.7905953e-01  -4.1866290e-01  -3.6044012e-01  -2.5843061e-01   1.0880387e-01   2.8998611e-01  -3.4383788e-01   2.6723383e-01  -1.2805551e-01   3.7888189e-01   4.2929623e-01  -3.3473234e-01  -4.9716600e-01   2.1632368e-01  -6.0907071e-01   4.5793935e-01   2.3263718e-01   4.5151423e-01  -2.3803948e-01  -3.5715706e-01  -1.2772155e-01  -1.6840683e-01   6.7062087e-02   7.2806726e-02  -1.4861245e-01   4.8328139e-01  -2.0423704e-01   1.4675660e-01   3.5488908e-01  -1.1582618e-01   5.1506162e-01  -2.8480463e-01   7.9128597e-03   5.5541823e-01  -4.0837217e-01  -8.2119737e-02   1.0391083e-01   2.7575289e-02   6.9002862e-01   5.4326216e-02   1.0824275e-01  -5.3532973e-01  -1.2756015e-01  -2.4122245e-01  -5.3990885e-02  -3.3180433e-01   1.4640861e-01  -4.1850358e-01  -5.5858324e-01   2.7668362e-01  -1.1850331e-01  -1.6743072e-01  -1.3439170e-01   5.8081695e-01   2.3690276e-01  -2.2664580e-01   2.9384457e-01   2.0694873e-01  -3.1479977e-01  -1.6509250e-01   3.9299441e-01
  -6.1385517e-01   2.8424545e-01   5.1567835e-01  -6.1666660e-01   3.6373270e-01   3.6404678e-01   2.9188379e-01  -3.9640576e-01   3.9229103e-01   2.6485645e-01  -1.3526836e-01   5.4764553e-01   0.0000000e+00  -3.2502335e-01  -2.6829964e-01  -7.1487221e-01   5.7768231e-01   2.4362269e-01   1.6421520e-01   1.0590982e-01  -2.2515764e-01  -1.6797291e-01   3.6135090e-02   4.5407130e-02  -4.2214333e-01  -3.1990289e-01  -2.2078231e-01   5.0190438e-01   6.0021048e-01  -1.0933032e-01   1.6549485e-01  -6.0946386e-01  -4.9753159e-01   2.9559855e-01   1.6523858e-01   7.8535083e-01   4.1488511e-01  -1.8616858e-02  -7.1464204e-01   5.0401103e-01   9.2717477e-01   1.6166423e-01  -8.8749786e-02  -1.7718476e-01   1.7844869e-01  -5.7883713e-02  -5.0371023e-01  -3.9732830e-01  -5.1292437e-02   6.8540651e-01  -1.5676685e-01  -2.4945670e-01   2.7467947e-01   2.5708521e-01  -9.2684275e-02  -2.0619492e-01  -1.5570580e-03  -4.7196607e-01  -7.3018485e-01   5.0266567e-01   1.7532665e-01   2.4153629e-01   3.3609198e-01   8.5301091e-02   4.0438973e-01  -2.4561353e-01   3.8923054e-01   3.6787789e-01  -4.5946604e-01   5.0799176e-01   1.4173225e-01  -4.1688804e-01   2.6123319e-01  -3.7143813e-01   3.9335221e-01  -1.9814705e-01   3.3944902e-01  -1.7501480e-01   4.7026711e-01  -1.8390450e-01   4.2430495e-01  -7.3433261e-01   2.1526944e-01  -1.0865313e-01  -2.6193250e-01  -4.5264932e-01   1.1288480e-01   1.7068744e-01   3.0553054e-01  -3.2124411e-01   3.6561908e-01   1.3911626e-01   1.9631186e-01   4.8715201e-01  -6.2236220e-02   3.6588650e-01  -1.8122053e-01  -3.9685951e-01   3.9153155e-01   2.3054494e-01   5.8931032e-01  -1.2207951e-01  -2.8883144e-02   3.3136750e-01  -3.5583724e-01  -8.2509730e-01   4.9018435e-01  -4.2020843e-01   3.9441745e-01  -4.2173574e-01   1.4360888e-01  -3.1198639e-01   1.1565430e-02   2.7890808e-01   3.2599833e-01   3.3192441e-01  -3.5651316e-01  -6.3844495e-01  -5.3602513e-01  -1.6519686e-01   1.6479350e-01   3.6887946e-01  -6.4882960e-01   2.4374049e-01  -9.6595794e-03   3.5089967e-01   4.4643850e-01  -1.6260332e-01  -3.6284980e-01   4.3526814e-02  -6.4587661e-01   5.6905998e-01  -1.0690563e-01   1.1490102e-01  -1.2980580e-01  -1.6041490e-01   2.2526918e-02  -3.5636432e-01   3.0431576e-01   1.5296563e-01  -5.3270980e-03   8.5470758e-01  -5.8638267e-02  -1.5051874e-01   3.7670445e-01   1.2508237e-01   3.1720055e-01  -3.9923648e-01  -1.6179072e-02   6.2939213e-01  -2.9208605e-01   1.5185680e-01   2.0929648e-01   2.4763145e-01   5.4671361e-01   1.3477181e-01   7.1643915e-02  -7.3363063e-01   1.7849104e-02  -2.0410731e-01   1.0705518e-01  -2.4264907e-01   1.7679877e-02  -6.0923592e-01  -7.0845822e-01   3.0519262e-01   1.5709275e-03  -2.7576892e-01  -2.6745236e-01   7.5345136e-01   2.4171430e-01  -2.7032586e-01   1.9678043e-01  -2.0226947e-01  -5.3433202e-01  -2.3189080e-01   6.4815556e-01
   5.2243086e-01  -2.4459142e-01  -3.2985387e-01   3.6474803e-01  -8.0368845e-03  -5.3695256e-03  -2.2920648e-01   1.1946546e-01  -9.8942099e-02  -1.3282266e-01   4.0028199e-02  -2.9303916e-01  -3.2502335e-01   0.0000000e+00   1.6212953e-01   2.7547791e-01  -3.7835201e-01  -1.5434437e-01  -1.2418585e-01   1.0984865e-02   5.7421129e-02   4.2564568e-01  -6.5521882e-02  -6.6362842e-03   2.8791317e-01   1.4362215e-01  -6.2683510e-03  -1.8422043e-01  -1.6520842e-01   3.4252159e-01   2.4655900e-01   1.8331250e-01   2.2431276e-01  -9.1573900e-02  -2.5182208e-01  -4.0660320e-02  -2.5324994e-01  -7.4357760e-02   2.8586522e-01  -1.8870139e-01  -2.3387097e-01  -7.9929617e-02  -2.9796647e-02   2.0191035e-02  -2.0838084e-01  -4.8222304e-02   1.5014889e-01   2.5201790e-01   2.2340718e-01  -3.0622462e-01   9.1694654e-02   1.3143499e-01  -1.0335286e-01  -6.0818268e-02   1.8786671e-01  -2.7685606e-02   2.2088934e-02   2.9101906e-01   2.4638120e-01  -2.0944295e-01   2.7421200e-02  -2.0888173e-01  -2.0016022e-01   2.3944505e-01  -3.4618527e-01   2.6628264e-01  -1.5675656e-01  -2.8887811e-01   3.9237991e-02  -1.7375881e-01  -1.2296564e-01   2.8275820e-01  -1.5157771e-01   2.8232359e-01  -3.1811415e-01   1.8252227e-01  -3.2529221e-02   3.1843871e-02  -2.0233363e-01   2.2746723e-01  -2.1888445e-02   9.6512202e-02   9.1925071e-02   2.0526020e-01   2.2953900e-02   3.4463093e-01  -1.5404273e-01   1.4120879e-02  -2.2410746e-01   1.2108767e-01  -2.4904304e-01  -9.2878234e-02  -1.4998120e-01  -7.5496057e-02   2.3030816e-01  -4.3792494e-02   2.7231817e-01   7.0332173e-02  -2.2757072e-01   4.1090917e-02  -2.0281942e-01   1.1768662e-01   4.0636532e-01  -9.6058473e-02   1.4378529e-01   2.3972471e-01  -4.3208631e-02   2.0088468e-02  -1.6330602e-01   3.8998802e-01   1.3060230e-01   3.7225427e-01   2.2602438e-01  -1.3310845e-01  -1.4063822e-01  -1.5454746e-01   8.9847029e-02   2.0944130e-01   5.0365939e-01   3.0279494e-01  -8.2850689e-02  -1.8034999e-01   1.3206020e-01   2.1169848e-02   4.7661962e-02   2.0274850e-01  -1.7150614e-01   3.2237075e-01   2.7119733e-01  -6.0591564e-02   2.2021995e-01  -9.9907742e-02   2.9618987e-01  -2.1914433e-02   1.0649780e-01   1.1822531e-01   1.5740589e-01   2.7018116e-01  -3.3681781e-02   7.1569060e-02   2.4242642e-01  -2.3638525e-01   7.7225043e-02   1.0502236e-01   5.0985023e-02   1.4872892e-01  -2.3258307e-01   2.8150375e-01   7.4801199e-02  -3.5929769e-01   9.6046239e-02   2.9651806e-01  -2.2873865e-01  -1.7578312e-01  -2.7374326e-01  -3.0542221e-02   5.7903495e-02   3.0451238e-01  -1.1206881e-01   3.8221190e-01  -4.6309710e-02   1.2992589e-01  -8.1667946e-02   2.1853443e-01   2.5068703e-01  -1.7155407e-01  -8.4259327e-02   1.0957071e-02   3.4824366e-01  -2.2300479e-01  -1.1948792e-02   2.9244899e-01  -1.5134198e-01   2.7519836e-01   3.1887404e-01  -1.1620133e-01  -2.7790947e-01
