   0.0000000e+00  -5.7877813e-01   6.4715730e-02  -1.1761862e-01  -3.6232873e-01   1.5075241e-01  -1.6438832e-01  -1.2644757e-01  -4.1933553e-01  -1.1377423e-01   3.3939510e-02  -5.0002090e-01  -2.3812315e-01   5.0220187e-01   1.8581591e-01  -1.0129925e-01   4.8299060e-03   2.0387157e-01  -1.2953684e-01  -3.9460972e-01  -7.4871404e-02  -1.7512719e-01   7.6026885e-02   7.1207988e-01  -3.2393887e-01  -1.5673129e-01  -2.6579488e-01   5.7607036e-01  -8.3909547e-02   1.2705187e-01  -5.3350683e-03  -1.7993468e-01  -1.9460908e-01   1.8177820e-01   3.3540334e-01  -4.1474012e-01  -1.4385004e-02   2.5764229e-01  -9.1148716e-02  -4.5437422e-01  -1.1287000e-01  -1.9156586e-01  -5.5690552e-01   3.4774256e-01  -1.6917781e-01   4.0475960e-01   2.7862686e-03  -9.2122692e-02  -2.3834012e-01  -4.9098803e-01  -3.6679385e-02  -1.5261960e-01   1.5997618e-01  -8.7297235e-02  -8.4304494e-02   1.8463883e-01   1.7433613e-01  -2.0809085e-01   2.1466207e-02   4.7092510e-02   1.5593270e-01   1.5388889e-01  -5.8329803e-01  -2.0489126e-02  -3.7699710e-01  -4.4566287e-01   4.9062165e-02  -1.6313705e-01   8.1171582e-02   5.7914078e-01  -5.5437661e-01   6.1616122e-02  -1.3360572e-01   6.7520773e-02  -1.7976423e-01  -4.8507392e-01   2.4290795e-01   1.9197627e-01  -5.6017569e-01  -1.4843424e-01   4.4873892e-01  -1.3253817e-01  -3.8495090e-01   3.6321107e-01  -2.5783259e-02  -3.6397712e-01  -3.8778341e-02   4.0531982e-01  -2.2376562e-02   6.2646516e-01  -4.4694741e-01  -5.2192574e-02  -1.1736136e-02  -1.8010081e-01   2.9023272e-01  -5.2219204e-01  -2.1679166e-01  -6.0140876e-02  -1.7978448e-01   1.5569938e-01   1.2689040e-01   4.1454906e-01   3.0217835e-01   5.9495951e-02   2.1323704e-02  -3.0970326e-01  -1.7983405e-01   4.0513701e-02  -5.1104916e-02   3.9871454e-01  -1.2631219e-01   1.9371741e-01  -1.8646982e-01   6.6128676e-01   5.9129527e-01  -4.1826324e-01   5.2415533e-01  -9.3991375e-02   6.6155570e-01  -1.3262921e-01   4.3777277e-01  -6.0744871e-01  -1.2483695e-01  -3.1422700e-01   4.1960943e-01   5.4220499e-01   1.1603731e-01  -2.6406033e-01  -2.2886060e-01   2.3565080e-01  -2.1515551e-01  -4.4874370e-01  -3.4179378e-01  -1.6019305e-01  -5.9531586e-02  -2.7965316e-01  -3.2811741e-01   6.2224960e-01  -2.2841682e-01   2.8310078e-01   3.5867936e-01  -1.9926540e-01   2.1024791e-01   2.7603253e-01  -1.4037322e-01  -9.2419680e-02  -2.7622357e-01  -3.9474584e-01   4.4048706e-01  -5.3034210e-01   5.9949513e-01   3.1414597e-01   4.3755847e-01  -4.1606854e-01  -5.4421039e-01   3.4374035e-01   2.5914113e-01  -3.2719532e-02  -2.8461050e-01   4.3120281e-01  -1.5608196e-01   3.2623980e-01  -1.7773968e-01  -4.8058425e-02  -3.8119235e-01  -4.6586902e-01  -2.5063801e-01   2.8719698e-01   3.2828090e-01   2.5486095e-03  -6.2594604e-01   1.0945918e-01  -1.1906164e-01   1.6525695e-01   8.3961420e-02  -2.8031092e-01  -9.5653923e-02
  -5.7877813e-01   0.0000000e+00   2.0128866e-01  -2.5199306e-01   4.1630259e-01  -2.7174182e-01   2.5985877e-01  -2.4747427e-01   3.7013414e-01   1.7761751e-01  -8.5795060e-02   6.9802018e-01  -1.2649004e-01  -5.1866434e-01  -1.7537502e-01  -1.0192409e-01   3.9632694e-01  -2.9928508e-01   1.9327254e-01   3.8843022e-01   1.2166706e-02  -3.1113196e-01  -2.7562810e-01  -4.5411159e-01   2.4738680e-01   6.8105033e-03   2.3298518e-01  -6.8706759e-01   3.6336879e-03  -2.4226093e-01   4.1097457e-02  -2.9216911e-02   2.9768570e-03  -9.2536314e-02  -4.7994785e-01   3.4039106e-01  -4.9666619e-02  -3.6914646e-02  -1.6966233e-01   6.3937776e-01  -1.6443831e-01  -1.4257187e-01   6.8245250e-01  -2.6639033e-01   3.1593936e-03  -2.3690863e-01  -1.6596955e-01   1.1845462e-01   8.6271626e-02   7.6673625e-01  -1.4761439e-01  -6.3680494e-02   3.7842983e-04  -4.7495176e-02   2.6684265e-01  -4.3736013e-02  -1.6280398e-01  -7.1973961e-02  -3.3319919e-01  -3.2328610e-01  -3.7692974e-02  -1.1836536e-01   7.5575391e-01  -2.6398386e-02   4.4750353e-01   5.5130970e-01  -2.2144942e-01   1.5384482e-01  -3.2346909e-01  -4.2657443e-01   7.2292461e-01  -4.7582754e-01  -1.4085581e-01   1.0499386e-01   6.6371361e-02   1.3948530e-01  -1.1904907e-01  -2.6831444e-01   6.2967520e-01  -3.3346423e-01  -4.5650561e-01   2.4877163e-02   5.6668528e-01  -4.9900415e-01   5.2724682e-01   1.1923308e-01   7.2964848e-02  -2.1094178e-01   1.8236049e-01  -3.4712479e-01   5.5084152e-01   2.3194224e-01   9.1716845e-02  -2.3399911e-02  -6.0054667e-02   5.7357291e-01  -1.8660060e-01  -5.9741746e-02   8.5292737e-02  -3.8664692e-01   3.7320374e-01  -5.0901102e-01  -5.2674292e-01  -1.3636934e-01  -3.4241629e-01  -9.7424963e-02   2.7334613e-01  -2.2839212e-01  -1.0079750e-01  -3.3386668e-01   4.2216753e-01  -5.0236413e-01  -1.5261616e-01  -3.5629185e-01  -4.5757594e-01   5.8332165e-01  -6.3078249e-01  -1.6059562e-01  -4.7549544e-01  -2.2782475e-01  -2.6329617e-01   6.6305813e-01   2.0412156e-01   2.6858802e-01  -1.9929845e-01  -4.9583389e-01  -3.2172758e-01   1.0513437e-01  -1.0754067e-01   1.2983939e-01   3.0129358e-03   6.8480109e-01   5.6593924e-01   1.3833841e-01   1.9542600e-02   2.2245326e-03  -3.1037112e-02  -6.2585465e-01  -4.9299714e-02  -6.2506619e-02  -2.3019383e-01  -1.3525578e-02  -2.6639515e-01  -3.8083179e-02   1.9790033e-01  -1.1146013e-01   4.3407233e-01   5.0451019e-01  -4.9004143e-01   5.6142810e-01  -3.3700145e-01  -3.4550683e-01  -2.3457139e-01   6.1800228e-01   8.1511608e-01  -1.1825715e-01  -6.7737412e-02  -3.0727597e-01   4.4015866e-01  -4.4471229e-01   2.4582738e-02  -1.8587557e-01   4.1724491e-01  -1.3625222e-01   1.3032027e-02   6.5626786e-01   1.0559114e-01  -3.7416499e-01   5.6260344e-03   2.8702843e-01   6.1193866e-01   1.1297952e-02   8.5271669e-02  -1.2772706e-01  -1.3416517e-01   7.4085178e-03  -4.7909152e-02
   6.4715730e-02   2.0128866e-01   0.0000000e+00  -1.1785458e-01  -1.2801729e-01   2.7885587e-01   2.4700514e-01  -3.4086510e-01  -8.5091099e-03   2.6484794e-01   5.8299187e-02   3.8853686e-01  -1.8838555e-01   6.5513251e-02   4.5969800e-02   1.1616873e-01   8.2514456e-01  -2.5894440e-01  -2.0933429e-01  -1.1464896e-01  -3.1720406e-01  -1.3301002e-01   1.8740223e-01   2.2032866e-02  -7.0671807e-03   1.4758865e-01   2.5492450e-01  -2.1139674e-04  -6.6004314e-02   1.7813466e-01  -1.1292144e-01   1.8367064e-03   3.4949564e-02   2.7779590e-01  -7.4442423e-02  -1.2940373e-01  -2.9629881e-01   2.7067792e-01  -2.3454142e-02   4.5754611e-01  -6.8374064e-02   3.8833369e-02   5.2206752e-02  -3.5325315e-02  -2.9663123e-01   3.3482859e-01   9.3472377e-02  -2.7322255e-01  -5.5251981e-01   3.2930446e-01   1.2113397e-01  -2.8249016e-02   2.1087689e-02  -5.7961231e-02  -1.5787919e-01   2.1863345e-01  -2.4117553e-01  -6.2728104e-02  -7.8316642e-03  -1.7147520e-01   6.7775905e-01   6.3581919e-02   1.1625305e-01  -1.7588733e-01  -4.4606910e-01   2.3431683e-01   2.4936399e-01   5.7561355e-02   3.2145146e-03   5.3564518e-01  -9.3152491e-02  -1.7306395e-01   1.5524750e-01   5.3258948e-01  -1.7993109e-02  -1.2369416e-01   3.1657370e-01  -1.3841659e-01  -2.0621650e-01  -3.6895913e-01   3.2242843e-03   3.2984765e-01  -1.4130533e-01  -2.9629983e-01   3.3491900e-01   1.0385345e-01  -2.9217434e-01  -3.5113572e-02   2.1945612e-01   1.0088896e-01  -2.0669983e-01   7.3289840e-01   4.8619050e-01  -9.8885794e-02   3.3637869e-01  -4.5619068e-02  -1.6477040e-01  -4.4714859e-02  -2.1862502e-01  -1.0300829e-01   4.3248047e-01   9.3544372e-02  -1.3552724e-01   7.0181857e-02  -9.4528743e-02  -1.9768102e-01   9.0538169e-02  -1.2718783e-01  -3.1594353e-01   2.3457912e-02   2.7661166e-01  -3.2825602e-02  -2.0045945e-02   2.1195485e-01   3.3584044e-01  -1.7766191e-01  -1.2588779e-01   4.3365697e-02   2.5422281e-01  -4.2137178e-03   2.3237675e-01  -4.5103136e-02   3.9637215e-01  -1.5272276e-01   1.0672645e-01   2.8003138e-01  -6.6017036e-02  -2.7127492e-01  -1.8497837e-01   7.3097937e-01   2.9283712e-02   2.7607926e-02   4.6132960e-02  -3.0057778e-01   6.5280460e-02  -2.7032302e-01  -3.3813559e-02  -4.4658886e-02  -1.9732278e-01  -1.2725113e-01   1.1154391e-01  -2.1385211e-01  -2.7542574e-02   5.9229558e-01   2.3543274e-01  -9.1697109e-02   4.2177623e-01   1.4738836e-02   6.5778009e-02  -3.0237729e-01   4.3090523e-01  -1.3771941e-01   2.6294552e-01   7.2023249e-02   4.5857839e-01  -9.1333794e-02   3.9736343e-01  -5.6697435e-02   4.6782568e-01  -6.2398488e-02   2.8143787e-01   1.5829477e-01  -2.9370817e-02  -1.4121357e-02  -1.1986690e-01   8.6799312e-02   6.1910780e-02  -8.8595764e-02   2.5211163e-01   2.1288607e-01  -7.8217345e-02   2.1790259e-01  -2.6197299e-01   3.3300002e-01  -8.5730931e-02  -3.3801806e-01   1.6867284e-01
  -1.1761862e-01  -2.5199306e-01  -1.1785458e-01   0.0000000e+00   3.6597374e-02   9.8911051e-02   5.0754607e-03  -4.6057606e-03   1.5619111e-01  -2.1048670e-01   1.3651993e-01  -1.9893956e-01   1.2627119e-01   2.9882983e-01  -2.3122291e-02   1.2721054e-01  -1.3182111e-01   1.5991586e-01  -3.0638151e-02   1.2295889e-01   6.3360857e-02   3.5647256e-01   1.6441423e-01  -1.7824840e-01   1.3077945e-01   1.4099616e-01   1.6402572e-01   2.4376613e-01   1.3944954e-02   1.0889655e-01   7.2985566e-02   3.1446053e-01   1.1889457e-01   7.8226327e-02   1.9090231e-01   3.3069183e-01  -3.9674366e-02  -3.5844980e-01   3.0974548e-01  -5.0354881e-02  -1.7307355e-02   1.9249344e-01  -1.3478042e-01   5.0134773e-02   3.7146473e-02  -2.3382920e-01   2.4440047e-01   5.9111310e-02   1.1118419e-01  -1.7010918e-01   7.2626448e-02  -9.6121753e-03  -6.2786766e-02  -1.7430473e-02  -2.6796763e-01   1.7378789e-01  -1.4554889e-01   1.6468474e-01   2.2275664e-01   2.3872083e-01  -8.1240550e-02   6.4972879e-02  -1.3711839e-01   1.5511211e-01  -1.0657739e-01  -1.7086608e-01   1.9724211e-01   4.9929501e-02   2.7949626e-01   3.2929154e-02  -4.6893408e-02   5.8474058e-01   2.0128279e-01   3.4860534e-04  -5.5884712e-02   7.4333562e-02  -2.0624386e-01   1.4576280e-01  -6.3203425e-02   2.7922002e-01   1.4370939e-01  -6.1256920e-02  -1.1655182e-01   1.9456889e-01  -1.4023393e-01  -1.2032993e-02  -9.4985476e-02  -2.1385599e-01  -1.3785352e-01  -1.6377555e-01  -1.6050362e-01  -1.0690926e-01  -9.4586043e-02   2.6139310e-01  -2.5764481e-01  -8.4764765e-02   2.9824370e-01   3.9352853e-02   1.1217136e-02   2.1752282e-02  -1.1352396e-01   1.3773090e-01   2.6820573e-01  -5.2529453e-02   1.7033463e-01   3.7386823e-01  -1.7800886e-01   2.2644572e-01  -2.5514080e-02   1.6548605e-02  -4.4048231e-02   2.4503181e-01   5.7088285e-01  -3.3438109e-01  -4.3478590e-02  -1.8557166e-01   1.6382180e-01   1.0293860e-01  -3.5259060e-02   5.2907261e-01  -2.8270182e-01  -1.0109627e-01  -8.0945234e-02   8.6368135e-02  -3.2590426e-01   4.6489072e-03   8.9649549e-02   3.7399488e-02   4.9818495e-02  -1.1324086e-01  -1.1897557e-02  -1.2252902e-01   1.9167822e-02   7.1568524e-02   1.4836173e-01   5.1565876e-02   2.5420260e-01   2.3574034e-01   1.5058249e-01  -2.3601291e-01  -2.3032936e-01   4.5897272e-02  -3.6648118e-02  -3.9605232e-02  -4.5143415e-03   1.0429293e-01  -1.8917207e-02  -6.7623647e-02   1.2901561e-01  -1.3013171e-01  -6.5156188e-02   2.6495485e-01  -1.8507831e-01  -9.6155713e-02  -2.1852241e-01  -1.8312295e-01  -2.8721602e-01   2.6884074e-01  -8.9730234e-02   2.5219046e-01   1.3885204e-02   7.0257142e-02  -1.0830893e-01   3.6722140e-01   2.6718520e-01  -2.5693157e-01  -1.5193324e-01   3.4604897e-01  -1.8203395e-01  -5.0096816e-02  -9.0531730e-02  -2.7957424e-01   2.0111789e-01   9.6222638e-02   9.5295730e-02   7.1659356e-03   1.7839764e-01
  -3.6232873e-01   4.1630259e-01  -1.2801729e-01   3.6597374e-02   0.0000000e+00  -1.1528823e-01   1.2010340e-01  -2.3998524e-01   3.2666141e-02   4.1576621e-01  -6.5826259e-02   4.3188946e-01   4.9518363e-02  -3.1424084e-01  -2.8575708e-01  -6.0332467e-02   1.3672894e-01   1.4996123e-01   3.8176566e-02   7.8531994e-01   1.4214387e-01  -3.0623971e-01  -1.5841526e-01  -4.5267968e-01   5.6690440e-02   2.6503697e-01   2.8668649e-01  -3.2787833e-01   6.1518948e-02  -3.8036907e-01  -9.7367524e-02   1.2189577e-01   1.8662169e-01  -5.4736733e-02  -3.5415696e-01   5.6779927e-01   2.7250325e-01  -3.6095148e-01  -1.0187643e-02   3.7149907e-01  -2.9056540e-01   2.0921231e-01   4.2661083e-01  -2.7642413e-01   4.2993066e-01  -1.6494330e-01  -1.1714371e-02   1.3556921e-02   3.0818797e-01   5.4706468e-01  -2.4884309e-01  -1.6848549e-01  -2.4144346e-01   1.9108083e-01  -6.0854624e-02  -6.7666227e-02   5.1213280e-02  -1.3106707e-01  -1.2124599e-01  -1.1324262e-01  -1.0523594e-01   2.2717008e-01   3.8169518e-01  -1.9861542e-01   3.1969319e-01   5.6188383e-01  -2.0592275e-01  -2.2109890e-01  -1.8189036e-01  -3.9804596e-01   5.4653921e-01   1.9922347e-02  -2.0097190e-01   1.2222335e-02  -2.0236433e-01   4.9601092e-02  -1.4309455e-01  -9.2319822e-02   6.1787203e-01   8.2069693e-02  -3.2692090e-01  -4.5507060e-01   4.2505026e-01  -4.1353602e-02   3.7287763e-01  -1.6117346e-01   1.6256735e-02  -9.7441114e-02  -1.6326021e-01  -2.8974703e-01   5.7253702e-01   6.8221173e-02  -1.9142842e-01  -6.0863471e-02  -8.8268667e-02   7.2119782e-01   2.2931228e-01  -2.2131952e-01   5.1947259e-01  -3.3773628e-01  -9.8662420e-02  -4.1465265e-01  -3.3072686e-01  -2.7383570e-01  -3.3344412e-01   4.1852242e-02  -1.3376506e-01  -7.0440567e-02   2.9453337e-01  -2.5011316e-01   3.6092680e-01  -2.5276225e-01   6.5856624e-02  -2.2793478e-01  -4.1813309e-01   3.7780369e-01  -5.4584570e-01  -7.7809757e-02  -2.2877296e-01  -1.5777219e-01  -1.9807335e-01   6.7863092e-01   2.8223316e-01   4.1764901e-01  -9.9701291e-02  -4.2953547e-01  -2.5440063e-01   2.3366802e-01  -6.7585725e-02  -1.0802902e-01  -2.0760211e-01   2.8542153e-01   4.2934319e-01  -4.4687115e-02  -2.0423533e-03  -5.5663321e-02   2.5715683e-02  -4.2830796e-01  -1.1569228e-01   1.2681826e-01  -2.8100921e-01  -9.2007497e-03  -1.9138786e-01  -2.2323003e-01  -1.7975204e-01  -1.8295775e-01   1.9527508e-01   5.3228104e-01  -9.2204943e-02   3.8297175e-01  -2.1986471e-01  -1.0078521e-01  -4.6307263e-02   3.7324113e-01   3.7706550e-01   7.8687673e-02  -8.6438360e-03  -3.4988290e-02   3.4190039e-01  -2.6174842e-01  -8.0493896e-02  -1.5315203e-01   5.9422592e-01  -2.4794858e-02  -8.0180215e-02   4.5304049e-01  -1.7954747e-01  -5.3897175e-03  -6.5177471e-02   2.0415674e-01   4.9288509e-01  -2.0417329e-01  -7.4770505e-02  -8.8842872e-02   2.2079753e-01   8.8543206e-02  -2.8490695e-01
   1.5075241e-01  -2.7174182e-01   2.7885587e-01   9.8911051e-02  -1.1528823e-01   0.0000000e+00   3.5472076e-01   1.6563614e-01  -3.9683069e-01   2.1187724e-01   4.1142143e-01  -1.2794115e-01   1.5174357e-01   3.9635593e-01   4.6032537e-01   3.0100855e-01   1.2068146e-01   3.0210292e-01  -1.0160727e-02  -7.1773497e-02   7.0655170e-02   1.8757731e-01   5.0017152e-01   1.8350760e-01  -1.4376809e-01   8.7010028e-02   3.2307579e-01   5.9898592e-01  -5.3471770e-02   5.6396092e-01   1.0668034e-01   3.7018329e-01   2.9954991e-01   5.5899029e-01   2.9550985e-01  -7.2867729e-03  -1.7681794e-01  -9.8462079e-02   2.5961437e-01  -1.3154441e-01   2.7842687e-01   1.4207964e-01  -4.4481788e-01   3.3862404e-01  -1.4338366e-01   1.2734924e-01   4.2947531e-01   1.2831123e-01  -2.5852732e-01  -3.2764007e-01   5.1921534e-01   6.9591404e-02   1.3808124e-01   1.2668560e-01  -2.2914469e-01   4.5101350e-01   2.7715102e-01   2.0254932e-01   5.8628966e-01   3.6162024e-01   3.0068506e-01   8.5293209e-02  -3.3203791e-01   3.3911915e-01  -4.7743244e-01  -5.2083162e-02   7.1801643e-01   2.0425126e-01   6.1012730e-01   4.9991215e-01  -4.6819807e-01   4.1789046e-01   3.6442481e-01   2.1408989e-01  -1.3270718e-02  -9.2342450e-02  -5.2052950e-02   3.6722417e-01  -4.2847242e-01  -9.5755283e-03   5.9003400e-01   2.8250834e-01  -2.8957606e-01   1.8000883e-01  -4.6598219e-02   1.4556923e-01  -1.4006311e-01   2.1934107e-01   2.7296254e-01   3.9695005e-02  -4.2058617e-01   5.1851348e-02   1.4432082e-01   1.0743040e-02  -1.8324392e-02  -3.5017782e-01   1.1948973e-01   3.9036518e-01   5.0596831e-02   2.8514131e-01   3.8301764e-02   6.6044929e-01   5.5598611e-01   3.6072859e-01   5.4979224e-01  -7.7678828e-02  -3.4065866e-01   5.9068749e-01   2.2506424e-01   3.4360609e-01  -2.7493348e-02   6.2689449e-01   1.6405408e-01   8.7744402e-02   5.3659921e-01  -3.6407357e-01   4.1574124e-01   2.3414650e-01   2.6461087e-01   1.8147862e-01   7.1529780e-02  -2.9579311e-01  -4.7768146e-02   1.8498967e-02  -3.0968620e-03   4.7419216e-01   5.2436047e-01  -3.9107643e-01   2.1770626e-02   2.5042208e-01   2.2082469e-01  -1.3341800e-01  -2.6285824e-01   8.5988627e-03  -2.1271426e-01  -1.8960780e-01   7.2932235e-02   4.2618360e-01  -5.6273022e-02  -2.8523370e-01   1.3321294e-01  -1.8197673e-01   3.6426752e-01   3.3245055e-01   2.3911371e-01   4.1864223e-01   3.9356387e-02  -2.5656190e-01   5.2694814e-01  -4.5638566e-01   5.7644124e-01   3.2580781e-01   1.6408084e-01  -3.8596906e-01  -2.3025268e-01  -1.4624371e-01   1.2126710e-01   5.0829436e-01  -2.0938304e-01   5.2435470e-01   1.1728254e-01   3.4651876e-01  -2.3030512e-01   3.0486970e-01   1.4292242e-01  -2.6449722e-01   1.8127004e-01   2.0125271e-01  -1.1009056e-02  -5.0627445e-02  -2.6009365e-01  -1.8570499e-01  -9.8896104e-02   6.1838951e-01  -1.6020293e-02  -2.3366462e-01   4.6008168e-02
  -1.6438832e-01   2.5985877e-01   2.4700514e-01   5.0754607e-03   1.2010340e-01   3.5472076e-01   0.0000000e+00  -2.2376661e-01   3.6897079e-02   4.6939888e-01   4.0498192e-01   3.5152255e-01  -5.0356544e-04  -3.7710329e-02   3.4344336e-01   1.2072631e-01   2.2869216e-01   1.6767783e-01  -4.7388924e-03   2.1076608e-01   1.0009259e-01  -2.6876337e-02   5.0997121e-01  -3.2037491e-01   7.7976933e-02  -1.2987729e-01   3.1807026e-01   1.3644634e-01  -1.3963174e-01   2.0799421e-01   9.8284416e-02   6.5880181e-02   1.4166980e-01   6.3537897e-01  -2.3170141e-01   4.1689943e-01  -1.4805055e-01  -2.0671872e-01  -8.1299880e-02   3.5907961e-01  -7.9987910e-03  -5.3751024e-02  -7.1093943e-02  -5.9752964e-02  -1.4924110e-01  -2.6842000e-01   4.2994679e-01   5.1502329e-01  -3.3059806e-01   1.0947941e-01   3.3759814e-01  -2.1244012e-01   2.4595784e-01   4.2689191e-02   8.9875004e-02   4.6860200e-01  -1.7060966e-01  -8.3773495e-02   1.6791264e-01  -2.2621822e-01   1.5719264e-02   3.0870527e-01   7.1513167e-03   3.2018150e-01  -2.2895397e-01   3.3161172e-01   3.1984048e-01   8.9463402e-03   6.6032290e-02   1.8116742e-01   9.6770631e-02   2.1890089e-01   1.8673067e-01   3.6608596e-01  -1.3369637e-01  -2.9769108e-01  -3.2585999e-01  -9.5335834e-04  -1.7277405e-01  -3.3657610e-01   4.1913256e-01   1.7408318e-01   8.1119303e-02  -1.4411592e-01   1.7394888e-01   7.8425694e-02  -1.8559457e-02   1.7577741e-01   4.1965467e-02  -4.0231269e-01  -1.0381664e-01  -1.0295390e-01   2.7682093e-01  -2.4825627e-01  -2.8990173e-01   8.2579009e-03  -1.0861440e-01   1.4640159e-01   1.3017944e-01   1.0769602e-01   4.2046989e-01   2.4488142e-01   2.0615571e-01  -5.1697922e-02   2.5458893e-01  -3.4193450e-01  -2.1959698e-01   9.0481053e-02   1.9283001e-01   6.7315907e-02   4.5600740e-01   5.0329166e-02  -3.8650212e-02  -3.4278198e-01   2.7298095e-01   8.1736827e-03  -3.5916080e-02   2.1090984e-01  -6.4452401e-02  -5.5999948e-03  -3.9215583e-01  -4.8725218e-03   9.4226210e-03  -8.5257054e-02  -3.7824328e-01  -2.3787849e-02   8.5470063e-02  -2.7333739e-01  -1.7958652e-01   3.6871667e-01   2.4182590e-01   3.2910380e-01  -5.1926625e-03  -7.5190530e-02  -3.9817862e-01  -2.9624286e-01   4.5913274e-03   1.2643245e-01  -1.9674674e-01  -3.0382492e-01  -1.7282348e-01  -3.3487707e-01  -3.0377381e-02   3.6102671e-01   3.8157528e-01   8.5332290e-02   6.8132959e-01   9.8397328e-02   3.7705499e-01  -8.0889264e-03   8.3961333e-02   1.2465588e-01  -1.2502694e-01   7.7703258e-02   3.2110572e-01  -4.0540357e-01  -2.2918952e-01   2.1968975e-01  -1.4322659e-01   2.8450454e-01   1.9363737e-02   1.8346627e-01   2.7358897e-01   1.2366602e-01   4.1378550e-02   1.6053227e-01   3.5362480e-01  -9.1374174e-02  -2.3433936e-01   2.2483746e-01  -5.8181274e-02  -3.6141315e-01   8.9820998e-02   2.6238218e-01  -6.5803889e-02  -4.5872694e-01  -8.8107660e-02
  -1.2644757e-01  -2.4747427e-01  -3.4086510e-01  -4.6057606e-03  -2.3998524e-01   1.6563614e-01  -2.2376661e-01   0.0000000e+00   1.2205230e-01  -3.8135782e-01   2.2692782e-01  -4.0979126e-01   2.3689534e-01   3.5470837e-03   3.2565082e-01   1.4350994e-01  -4.3187024e-01   3.6205055e-02   1.6447285e-01  -2.0545432e-01   7.1067950e-02   6.7280225e-01  -4.4003277e-02   1.5339336e-01   1.6846669e-02   1.7032950e-01   8.9352488e-02   2.2333541e-01  -9.0346746e-02   2.5326001e-01   2.6803195e-01   2.1782700e-01   2.5929891e-01  -1.1041059e-01   2.4303893e-01  -1.3195940e-01  -2.0591671e-01  -8.0211453e-03   2.3228847e-01  -2.7587896e-01   5.3290391e-01  -7.1748103e-03  -1.4856470e-01   4.7584165e-01  -1.5171119e-01  -2.3806532e-01   2.0518777e-01   6.8549960e-02   2.5112194e-01  -2.7932921e-01   5.0535898e-01   6.9246678e-01   2.7021374e-01  -1.6042467e-01   1.8035000e-01  -4.8817391e-02   3.9988520e-01   6.4541272e-01   4.1277061e-01   5.9045079e-01  -2.2171773e-01  -2.8257587e-01  -1.3992031e-01   3.2293026e-01  -3.2784119e-02  -2.7587185e-01   1.9944125e-01   2.6032209e-01   5.4119905e-01  -1.8035870e-01  -2.0192712e-01   9.5784393e-02   1.5152633e-01  -3.3867537e-01   4.1789175e-01   5.5202890e-01  -2.9234185e-01   1.4531051e-01   2.3626041e-02   2.7416050e-01   2.4605576e-01   3.0450330e-01  -1.4980771e-01   3.3102035e-01  -4.6168172e-01   6.4307712e-01   1.2839977e-01  -8.5877833e-02   2.4574457e-01   3.2414487e-02  -4.8480539e-02  -2.9947878e-01   1.2614853e-02   4.5148438e-01  -2.4586837e-01  -2.0909727e-01   6.4651673e-02   4.8744857e-01   1.4963997e-02   1.3142127e-01  -2.7001691e-01   3.8502454e-01   4.3519894e-01   5.0332447e-01   5.1243531e-01   4.0689303e-01   1.3639925e-01   5.1470016e-01  -3.5927438e-02   1.6895072e-01  -3.2227494e-01   4.0460167e-01   7.5982998e-02  -1.6666492e-01  -4.9965939e-02  -4.0746297e-03   2.4563239e-01   1.8599476e-01  -2.6179594e-01   2.7777036e-01   5.9962072e-03  -9.7171010e-02  -3.7433422e-01  -4.3621979e-02  -1.2965841e-01   5.5223356e-02   3.6475632e-01  -9.6909397e-02   5.5143473e-01  -4.4883603e-01   2.5829436e-01   2.7453984e-02  -3.0499420e-01   1.5274024e-01   2.4534135e-01   6.7661372e-01   2.2225132e-01   1.3125602e-01   6.8764852e-01  -1.5663520e-01   1.4427617e-01  -9.2476742e-03   3.9240729e-01  -4.8241055e-01   3.2433866e-01   3.8889567e-01  -3.7886566e-01  -1.6486414e-01  -7.7723825e-02  -8.3029642e-03  -1.1955765e-01   3.7725206e-01  -1.9075883e-01  -2.6978380e-01  -3.3891492e-01  -3.9916248e-02  -6.0980355e-02   2.0514658e-01  -2.2583928e-01   2.5964405e-01   1.6444756e-01   1.4578402e-01  -3.7917321e-01  -6.7493495e-02   5.7213631e-01  -4.0999814e-02   1.6802032e-01   6.9309810e-02  -1.9506510e-01  -1.3703516e-01   7.7006060e-02  -8.0400531e-02   3.1732692e-02  -2.7411333e-02   8.4754755e-02   1.8795335e-01   5.4660720e-01
  -4.1933553e-01   3.7013414e-01  -8.5091099e-03   1.5619111e-01   3.2666141e-02  -3.9683069e-01   3.6897079e-02   1.2205230e-01   0.0000000e+00  -1.4135209e-01  -1.6645720e-01   2.3342229e-01  -1.7098779e-01  -3.3416704e-01  -1.6255924e-01  -1.2052632e-01   1.3809509e-02  -3.6922674e-01  -3.9793500e-02   2.7937951e-02  -1.5185561e-01   2.2841806e-01  -1.2050892e-01  -3.4114647e-01   5.6715029e-02   1.8518793e-02   1.1116135e-01  -3.7898056e-01   8.2206533e-02  -1.2028731e-01  -1.0552642e-01  -1.2133371e-01  -1.0303469e-01  -1.7642829e-01  -1.3558611e-01   1.3813750e-01  -1.1645352e-01   1.4920874e-01  -4.8455095e-02   2.3722505e-01   3.8169975e-02  -1.5635714e-01   3.7377647e-01  -2.0703426e-01  -7.7892605e-02  -1.3521349e-01  -1.3339359e-01  -4.0841547e-02   7.6211633e-02   2.6496123e-01   4.4731346e-02   2.5318388e-01   4.7219616e-02  -3.2831016e-01   1.6967273e-01  -2.2949124e-01  -1.8175902e-01   1.1037867e-01  -2.4400479e-01   5.6180520e-02  -1.4559968e-01  -1.7576811e-01   3.4186268e-01  -8.7608263e-02   2.0207031e-01   1.0015864e-01  -1.9631126e-01   2.0652760e-01  -1.3886327e-01  -2.7626024e-01   3.7205989e-01  -8.4458357e-02  -1.3154316e-01  -2.1242953e-01   1.3166956e-01   2.8182644e-01  -5.4984381e-02  -3.2362670e-01   2.9243904e-01  -1.3411926e-02  -3.0888737e-01   6.4473616e-02   1.2955819e-01  -3.3642410e-01  -9.1997914e-02   2.4679259e-01  -9.1861834e-02  -3.4389836e-01   1.6842643e-02  -2.3515795e-01   1.8267535e-01  -5.3565840e-02   4.6109349e-02   3.6060967e-01  -4.7393801e-03   1.6836924e-01  -9.2802857e-02  -3.9834845e-02  -1.5854222e-01  -9.9562819e-02   8.7294343e-02  -2.9911976e-01  -2.7045302e-01   1.4972168e-01  -1.5669218e-01  -6.9110964e-04   1.0804922e-01  -1.2596760e-01  -3.0970282e-01  -8.5463163e-02  -1.5718913e-02  -2.4886884e-01   2.4791964e-01  -2.4374684e-01  -4.0167295e-01   2.9789218e-01  -2.0587484e-01  -1.2888207e-01  -3.2340343e-01   2.8709453e-02  -1.9486934e-01   2.4775107e-01  -7.7878425e-02  -2.3735438e-02  -1.5755295e-01  -3.6890970e-01  -8.6658860e-02  -1.3791592e-02   2.8011162e-01  -6.4217829e-02   1.4172823e-02   2.6683185e-01   1.0379787e-01   4.3743961e-02   3.2890316e-01   3.0816979e-01   1.2628896e-01  -3.1989090e-01   2.4748281e-01   1.3197937e-02  -6.6500097e-02  -9.8679496e-02  -9.9436215e-02  -1.8354695e-01   1.3076937e-01  -3.4514047e-02   2.4789793e-02   3.3001759e-01  -3.1567046e-01   3.0311927e-01  -5.0224563e-01  -2.5047323e-01  -4.7993708e-01   2.9016679e-01   3.6849981e-01   1.0244949e-02  -5.5056326e-02  -3.1761217e-01   1.7515474e-01  -3.2408908e-01   1.0514848e-01  -1.8338322e-01   1.4916905e-01  -1.4550361e-01   1.1600751e-01   4.0980692e-01   1.0946610e-01  -8.0173129e-02  -1.3659623e-01   1.9363414e-01   3.5447932e-01   1.5463820e-01   3.1903021e-01  -1.1676074e-01   4.1972091e-02   9.4167638e-02   2.7248279e-01
  -1.1377423e-01   1.7761751e-01   2.6484794e-01  -2.1048670e-01   4.1576621e-01   2.1187724e-01   4.6939888e-01  -3.8135782e-01  -1.4135209e-01   0.0000000e+00   1.2238086e-01   3.6272583e-01  -9.8443895e-03  -1.1358462e-01   1.0621645e-01  -7.0357492e-02   2.4088411e-01   2.5367974e-01  -1.3639236e-01   3.7322262e-01   2.5284409e-01  -4.4622713e-01   3.7008198e-01  -2.9802706e-01   2.3471270e-03   1.0140436e-01   1.8889455e-01  -1.9838675e-02   1.0135777e-01  -1.4650675e-02   5.4459664e-02   2.0125260e-02  -9.4171831e-02   4.2010847e-01  -1.8483346e-01   2.4759810e-01   1.5346169e-01   4.2318244e-02  -2.0000937e-01   2.7545431e-01  -2.7752900e-01   1.2447745e-01   7.3565962e-02  -1.9522500e-01   2.8460463e-01   2.0045031e-01   1.1032816e-01   1.1018204e-01  -1.4603883e-01   2.0228399e-01   8.5020784e-03  -3.7301531e-01  -1.3119420e-01   3.2080644e-01   2.9844945e-02   1.6845186e-01  -1.9558460e-01  -4.4476718e-01   5.0271682e-02  -3.1969099e-01   2.5181141e-01   3.7566290e-01   9.1729202e-02  -1.8421023e-02   7.7054778e-04   5.3455309e-01   1.3002561e-01  -1.9671375e-01  -1.1603138e-01   1.2217933e-01   1.5431757e-01   4.7294548e-02  -4.0021818e-02   2.2802239e-01  -3.4530638e-01  -2.7737700e-01   1.1485004e-01   1.0051005e-01   3.6082972e-03  -2.1107261e-01   7.7585101e-02  -1.9574363e-01   8.7522373e-02  -8.2519771e-02   3.2602990e-01  -1.6388088e-01   1.0719452e-01   2.4696169e-01  -8.7725670e-03  -1.4290327e-01   1.6920461e-01   2.0618597e-01   1.0813020e-01  -4.1556607e-01   1.6168767e-01   2.1598455e-01   1.2027037e-02  -2.4397663e-01   4.0243777e-01   1.1013011e-01   2.1557267e-01  -5.3928943e-02  -1.7120254e-01  -1.5471886e-01  -2.9477240e-02  -2.8526504e-01  -2.9588223e-01  -1.3100958e-01   3.5880713e-01   1.2833535e-02   2.7457548e-01  -7.6595025e-02  -7.3035269e-02   8.5560665e-02   2.1924057e-01  -9.8821168e-02  -2.0538844e-01   5.4719101e-02   1.4372570e-02  -3.7870370e-01   5.3254926e-02   1.4040352e-01   1.9799442e-01   2.4613557e-01   1.1839856e-01  -1.3436772e-01  -3.2050267e-02  -2.9774481e-02  -2.7277312e-01   2.3585621e-01  -3.6704437e-02   1.7916040e-01   5.6902801e-02   1.4279048e-02  -4.0649872e-01  -4.2420755e-01  -1.2789213e-01  -1.1968133e-01  -4.1054746e-01   3.7477532e-02  -1.1271797e-01  -1.8165961e-01   1.6693592e-02   1.8850986e-01  -5.2281838e-02  -1.4843590e-01   4.6641146e-01   2.3272064e-01   3.0212670e-01   1.4119668e-01   1.8651401e-01  -1.0905169e-01   2.4986272e-01   9.9046494e-02   3.1122395e-01   2.2571076e-02   1.7927833e-01   1.8180370e-01   1.7450082e-01  -1.5519900e-02   3.3124952e-02   9.7616439e-02   3.9158707e-01  -5.7610817e-02  -2.3707912e-01   1.5943979e-01   1.0883888e-01  -1.7788226e-01  -1.6516703e-02   7.5629832e-02   9.6592468e-02  -3.4416679e-02  -2.3002362e-01   1.7892287e-01   1.5196712e-01  -2.0651006e-01  -4.4988349e-01
   3.3939510e-02  -8.5795060e-02   5.8299187e-02   1.3651993e-01  -6.5826259e-02   4.1142143e-01   4.0498192e-01   2.2692782e-01  -1.6645720e-01   1.2238086e-01   0.0000000e+00  -1.2853239e-01   1.4548623e-01   1.7314145e-01   5.3491941e-01   2.7314458e-01  -5.9581245e-02   2.9720362e-01   1.0000490e-01  -9.1515304e-02   2.5175847e-01   2.4767372e-01   4.1341545e-01   2.8252790e-02  -1.4381621e-01  -9.6748541e-03   1.6324075e-01   5.0964047e-01  -3.1777396e-01   4.3468678e-01   4.6266831e-01   2.4765178e-01  -3.6452119e-02   5.2050145e-01   1.0376155e-01   4.2704417e-01  -3.4820111e-01  -1.1876102e-01   2.1533274e-01  -7.1544251e-02   3.3112634e-01  -1.8925590e-01  -2.6964884e-01   4.7679167e-01  -2.8663365e-01  -2.4383929e-01   7.3819993e-01   3.8618161e-01  -2.2010021e-01  -1.9838614e-01   5.2631024e-01   5.5971680e-02   4.2647095e-01   1.8357442e-02   7.1333283e-02   4.7185627e-01  -1.1906499e-01   2.6137807e-01   3.3490998e-01   2.0024437e-01  -7.1436374e-02   4.9538143e-02  -2.5518499e-01   6.3587330e-01  -3.1454499e-01  -2.2311962e-02   4.8866802e-01   2.9718445e-03   5.4313201e-01   1.0848086e-01  -1.3441386e-01   3.5039336e-01   3.6366562e-01   2.0435131e-01  -6.1379671e-03  -8.3989111e-02  -3.2342263e-01   3.5341624e-01  -1.2596776e-01  -2.4000603e-01   5.4823044e-01   3.0968856e-01   2.1795305e-02   2.3802265e-01  -5.2908480e-02   4.0605509e-01   9.4107577e-02   7.2040438e-02   2.5529165e-02  -6.7634389e-02  -2.0727571e-01  -2.3353078e-01   2.5182587e-01  -1.1230861e-02  -3.6998017e-01  -2.5971862e-01  -1.3772312e-01   4.0114955e-01   1.1119047e-01   6.9788722e-02   2.0433191e-01   5.6913870e-01   5.7224425e-01   1.5438681e-01   6.0054301e-01  -5.8447909e-02  -3.5599146e-01   4.2336387e-01   6.9204827e-02   2.4778927e-01   2.2210263e-01   4.9847190e-01   8.4690159e-02  -2.1348104e-01   2.7685262e-01  -4.4713575e-02   4.0899821e-01   4.2807349e-01   7.2578591e-03   4.0254435e-02  -1.5870096e-01  -1.9325834e-01  -2.2175244e-01  -4.7681447e-02  -2.1199073e-01   2.3034594e-01   1.2815582e-01  -4.2788245e-01  -2.0341227e-01   1.2454039e-02   2.1969894e-01   3.4891799e-01  -2.2538939e-01  -8.8359631e-03  -2.5650098e-01  -4.6191247e-02  -8.5942466e-02   4.5891761e-01   1.3613914e-01  -3.7841770e-01  -9.9472190e-02  -1.8314835e-01   3.6233054e-01  -3.0038182e-02   3.8126316e-01   4.9321443e-01   9.2424413e-02   7.7639573e-02   4.1818058e-01  -1.0062131e-01   2.5767877e-01   5.5351627e-01   1.2383499e-02  -9.0434284e-02  -1.3755065e-01  -2.2627098e-01  -2.5729789e-01   2.9293607e-01  -3.6122662e-01   6.6175530e-01   1.2408498e-01   5.4925836e-01   4.5969805e-02   4.3039820e-01   3.3992761e-01  -1.3604946e-01   3.6037125e-01   1.5648287e-01  -2.1792158e-01   3.2586957e-01  -1.3645298e-01  -3.4370942e-01   1.4174390e-01   3.4207811e-01   3.6740209e-02  -3.3959118e-01   7.0620310e-02
  -5.0002090e-01   6.9802018e-01   3.8853686e-01  -1.9893956e-01   4.3188946e-01  -1.2794115e-01   3.5152255e-01  -4.0979126e-01   2.3342229e-01   3.6272583e-01  -1.2853239e-01   0.0000000e+00  -8.6104254e-02  -5.2275896e-01  -2.0614008e-01  -4.6899506e-02   4.6120136e-01  -1.7838056e-01   9.6233444e-02   4.4473636e-01  -4.6056897e-02  -3.1240419e-01  -1.8446952e-01  -3.8871209e-01   2.1155721e-01   5.6160611e-02   2.7591058e-01  -4.9188202e-01   6.6518256e-02  -2.1676322e-01  -1.3538048e-01   8.7381180e-02   6.7923006e-02  -2.5888222e-02  -2.7670719e-01   2.7353000e-01   3.0968162e-03  -5.3885435e-02  -2.0749301e-01   6.6621268e-01  -3.1340049e-01   1.9804259e-01   6.2623789e-01  -4.5167795e-01   1.7488101e-01  -1.2747583e-01  -1.4649777e-01  -3.2316346e-02  -9.9837257e-02   6.8681304e-01  -1.3211919e-01  -1.3537514e-01  -2.9081767e-01   4.2810059e-02   9.0437449e-02   5.8515391e-02  -1.6804883e-01  -9.2035011e-02  -2.7034609e-01  -2.0869383e-01   6.6800755e-02   2.2033243e-02   6.7392707e-01  -1.8714550e-01   2.1020182e-01   6.5580960e-01  -1.1394272e-01   7.3595695e-02  -2.8269309e-01  -2.4829070e-01   5.4522548e-01  -2.5429437e-01  -1.9663683e-01   2.7587578e-01   4.6451460e-02   7.1836310e-02  -7.0692475e-02  -2.4607563e-01   4.4439708e-01  -2.5541899e-01  -3.8199432e-01  -5.3143947e-02   3.4413357e-01  -4.1398621e-01   3.9061539e-01   2.7142405e-02  -6.4940598e-02  -1.7707301e-01   1.6302784e-01  -2.9710347e-01   4.3486436e-01   2.9408034e-01   8.8800464e-02  -7.8765830e-02  -2.4672851e-02   6.1045640e-01   4.3694448e-02  -4.2176426e-02   1.3375515e-01  -3.4831738e-01   1.1597862e-01  -4.1815887e-01  -5.4240980e-01  -9.4459121e-02  -3.0575170e-01  -1.6146932e-01   2.1642390e-01  -1.3807115e-01  -5.4826974e-02  -3.9751647e-01   3.4858151e-01  -3.0135452e-01  -7.6767289e-02  -2.3116968e-01  -3.1307083e-01   4.0779078e-01  -5.5014568e-01  -7.2848304e-02  -3.0684603e-01  -1.4975987e-01  -1.0005194e-01   5.9768326e-01   5.1059050e-01   3.0821272e-01  -1.3959488e-01  -2.9816801e-01  -3.7042502e-01   1.4631854e-01  -9.4191445e-02   2.4699060e-01  -6.4686917e-02   4.4216630e-01   3.5759390e-01  -9.2161770e-02   3.0910275e-02  -1.7569249e-01   6.6069400e-02  -5.9470366e-01  -1.9590133e-01   6.9907469e-02  -9.9016288e-02  -8.3235687e-02  -2.4443394e-01   5.6968162e-02   5.6397220e-02  -1.3394866e-01   5.3338747e-01   3.8119123e-01  -2.9757298e-01   4.0557104e-01  -2.0355598e-01  -3.7319001e-01   1.6965435e-02   4.1552153e-01   7.8997726e-01  -4.1277382e-02   2.8866088e-02  -1.5806515e-01   4.5915458e-01  -3.5660893e-01   2.9649870e-01  -1.8914645e-01   3.7843076e-01  -6.7303981e-02  -1.4536153e-02   6.5252694e-01   4.9798369e-02  -2.7934996e-01   1.1839833e-02   1.0832063e-01   5.2113464e-01   2.2342065e-02  -1.3243505e-01  -3.8892279e-03  -2.3351977e-02  -4.1442024e-02  -1.6026726e-01
  -2.3812315e-01  -1.2649004e-01  -1.8838555e-01   1.2627119e-01   4.9518363e-02   1.5174357e-01  -5.0356544e-04   2.3689534e-01  -1.7098779e-01  -9.8443895e-03   1.4548623e-01  -8.6104254e-02   0.0000000e+00  -2.4537548e-02   7.2352548e-02   3.4753980e-01  -1.1142158e-01   1.6500003e-01   1.1075227e-01   1.4696130e-01   2.1073843e-01   2.5732607e-01   6.7381398e-03  -2.7690035e-01   1.3643474e-01   8.9209393e-02   4.6203016e-01   3.8018923e-02   2.8091219e-01  -1.3315040e-01   1.1285190e-01   3.9982795e-01   3.4292482e-01  -1.4037793e-01  -1.3675016e-01   2.3753107e-01   3.8880490e-01  -2.2912819e-01   4.4104779e-01   9.4066675e-02   5.0717224e-01   5.4475542e-01   1.3568423e-01  -1.1594888e-01   3.0766267e-01  -1.3965419e-01   6.3129602e-02   1.8067372e-01   3.5955519e-01  -1.0580809e-02   6.7971070e-03   4.2908256e-02  -1.3350873e-01   4.1697607e-01  -9.2420637e-02  -2.0546888e-01   4.3844184e-02   2.5216932e-01   2.1162987e-01   1.6457176e-01  -5.8744047e-02   1.3442101e-01   2.7269798e-02  -3.4516857e-02   9.9943176e-02   1.2916458e-02   3.6751919e-01   8.1807928e-02   3.4532832e-01  -2.3672344e-01   1.0713344e-01   6.8436520e-02   2.8158354e-01  -1.1371905e-01  -1.2086756e-01   3.0636730e-01  -1.6996108e-01  -1.0993167e-01   6.8685288e-03   3.8917808e-01  -8.4243892e-02   2.1911256e-01   5.5975012e-02   1.3176227e-02  -1.0484774e-01   1.8234311e-01   1.0579654e-01  -8.2359271e-02  -1.7849921e-01  -7.5549077e-02   1.1863160e-01   4.5678234e-02  -2.2716105e-01   3.9212347e-02  -1.7342010e-01   7.2833747e-02   4.8003844e-01   1.6229940e-01   2.1754294e-01   1.6544187e-01  -2.6357929e-01  -2.1823377e-02   9.0513115e-02  -5.4819254e-02   3.1625722e-01   3.8109974e-01   3.2039431e-02   2.8283968e-01   4.3166486e-01  -4.3462213e-01  -3.0600619e-01   2.4530008e-01   2.7101845e-01  -1.8659001e-01  -1.2410863e-01  -4.5554762e-02   6.9834722e-02   4.9008710e-01  -3.8695554e-01   3.4410903e-01  -3.3546423e-02   1.7119919e-01   5.2822251e-02   2.6697567e-01  -1.0398644e-01  -1.4693751e-02   1.1001734e-01   3.2982464e-01   3.1020944e-01  -2.5730914e-01   4.5125162e-01   8.4356018e-02   8.1808961e-02   3.1565829e-01   1.0265063e-01   1.5099762e-01   2.1239338e-01  -1.1590377e-01   1.5132919e-01  -2.4789156e-01  -4.9010594e-02   3.7175144e-01  -3.3617281e-02  -3.1438368e-01  -4.0283597e-02   6.7515865e-02   9.5859707e-02  -2.7698191e-01  -1.6502253e-01   1.2142421e-01  -8.3861084e-02  -3.1982445e-02   2.2632895e-01  -1.2719118e-01  -1.3939402e-01  -2.9110371e-01  -1.4680654e-01   4.3474391e-01   1.4002364e-01  -4.7330087e-02  -3.2115852e-02  -2.5693920e-01  -1.6364061e-01   2.3594184e-01   4.0566212e-01  -1.2789875e-01   2.0565842e-01  -4.1517820e-02   7.1832730e-03  -3.6319917e-01   2.6071382e-01  -3.8505862e-01  -2.7896702e-01  -2.4258488e-01  -5.3754454e-02   3.3616787e-01   2.6767756e-03
   5.0220187e-01  -5.1866434e-01   6.5513251e-02   2.9882983e-01  -3.1424084e-01   3.9635593e-01  -3.7710329e-02   3.5470837e-03  -3.3416704e-01  -1.1358462e-01   1.7314145e-01  -5.2275896e-01  -2.4537548e-02   0.0000000e+00   1.1548015e-01   1.0695872e-01   4.8032500e-03   3.3791948e-01  -3.2549882e-01  -4.3336344e-01   2.2387244e-01   1.1508499e-01   2.5634406e-01   2.8434367e-01  -2.0433520e-01  -1.3759889e-01  -1.3543712e-01   5.6681544e-01   1.0806396e-01   4.7526528e-01   1.1804567e-01   1.8720739e-01   3.5534627e-03   3.5829633e-01   4.1352238e-01  -2.4596010e-01  -5.4689063e-02  -5.0207984e-02   1.6872729e-01  -4.5312675e-01   1.2169511e-01  -7.7855490e-02  -6.7786283e-01   4.4437474e-01  -1.6831566e-02   1.8401285e-01   2.4635418e-01   1.5798159e-01  -1.0659753e-01  -5.6899292e-01   3.2618030e-02  -1.1429400e-01   1.9818983e-01   1.8654379e-01  -1.6274469e-01   2.6043493e-01   3.5406388e-02   2.9517903e-02   3.6453682e-01   1.5707112e-01   1.9384034e-01   2.6724909e-02  -5.3008625e-01   2.1728882e-01  -3.6648521e-01  -4.2014734e-01   2.3339596e-01  -1.2876170e-01   2.7660615e-01   5.9099011e-01  -6.2011795e-01   3.8571797e-01   2.4310921e-01   7.7733666e-02  -2.3035625e-01  -9.3676896e-02   1.2476658e-01   3.8746308e-01  -6.1368706e-01   1.5176945e-01   4.8524698e-01   2.1559274e-02  -3.4176751e-01   2.4437907e-01  -9.9676506e-02  -1.2738066e-01   9.5048638e-02   2.5076892e-01   1.0235237e-01   4.8269991e-02  -5.7393815e-01  -8.0080495e-02  -8.0503016e-02   2.9770490e-02   5.0708829e-02  -6.3381317e-01   1.6190741e-01  -1.1317819e-01  -1.3166385e-01   2.7144195e-01   1.7677512e-01   4.6692407e-01   6.0356564e-01   1.9261634e-01   3.2028883e-01   7.6557341e-02  -2.2760297e-01   2.1316405e-03   3.7755402e-02   5.5725590e-01  -1.7417071e-01   4.6032514e-01   3.5995019e-01   1.5337743e-01   4.3291538e-01  -5.7163610e-01   4.0955990e-01   1.3403889e-01   5.5829311e-01   2.2588047e-01  -5.4935050e-03  -6.5298350e-01   4.3010222e-02  -1.6995279e-01   5.1257270e-02   6.4474406e-01   3.1131127e-01  -2.2062308e-01  -1.8213560e-01   3.0627379e-01  -2.9517931e-02  -4.9573049e-01  -1.0674271e-01  -1.0390768e-02  -1.9827509e-02   1.2462352e-02  -2.3816844e-01   6.8563971e-01  -5.6483509e-03  -1.2812198e-01  -3.4408258e-02  -7.0344172e-03   1.1636334e-01   4.1223077e-01  -1.8765770e-01   1.6125720e-01  -2.3995044e-01  -3.9759535e-01   4.7350861e-01  -5.8246739e-01   3.2560266e-01   3.1771813e-01   1.4386654e-01  -3.1598660e-01  -5.1330748e-01  -7.8767082e-02  -3.5928743e-02   1.8965876e-01  -2.5258836e-01   4.5174719e-01  -9.2562335e-02   2.9147839e-01  -1.0505413e-01   3.7452379e-01  -4.7109592e-02  -6.9470128e-01  -3.6189730e-02   4.9035472e-01   2.4596180e-01   1.4665870e-01  -5.8636825e-01  -1.5160976e-01   7.5909403e-02   3.6493586e-01  -1.9788892e-02  -1.5186167e-01  -3.2106776e-02
