   0.0000000e+00  -2.1283371e-01  -1.1519408e-01   1.7582793e-01  -1.5714350e-01  -4.7403474e-02   1.2758399e-01   7.8712837e-02   1.9182826e-02  -3.2759964e-01   7.1648958e-02  -1.8225901e-01   2.6966959e-01   1.6144269e-01   3.0613859e-01   6.5323890e-02  -2.9942232e-01   8.7932603e-02   1.7018901e-01  -6.4267305e-02   9.1086516e-02  -3.4514325e-01   1.5801210e-01   5.2121839e-01   2.3221396e-01  -2.5379342e-01  -1.0750066e-01   1.0690745e-01   6.2376890e-02  -2.7751035e-01   2.1514586e-01  -3.3337977e-01  -2.8722535e-01   5.3000896e-02   4.7302630e-01  -3.3479048e-01   3.5264453e-02   1.3888274e-01   1.0896064e-01  -7.8585669e-02   5.0039988e-04  -2.3663280e-01   7.5161732e-04  -1.6513686e-01  -1.2406792e-01   4.1976580e-01  -1.1635218e-01   6.9662900e-02   6.4679121e-02  -2.3601903e-01   1.6258630e-01  -1.6669056e-01  -2.0338876e-02  -1.5159434e-01   4.9461116e-01  -1.6551729e-01   2.0764099e-01  -2.3677346e-01  -1.7855516e-01   4.0862813e-01  -1.1701749e-01   1.1191531e-01  -7.2103359e-02   9.8750169e-02  -5.8636017e-02  -1.4584910e-01  -1.5827628e-01  -1.9221206e-01  -1.7261482e-01   8.0643332e-02  -1.9843744e-01   3.1984054e-01   1.4796223e-01   2.9700385e-01   8.0862419e-02  -1.7779580e-01   2.6755578e-01  -1.7273673e-01  -1.6196515e-01   1.1965077e-01  -1.4370388e-01   3.5968221e-02  -8.4376771e-03  -3.5658225e-01   1.6022658e-01  -2.8802529e-02   2.9716019e-01   5.7904069e-01  -1.1841671e-01   7.1187535e-01  -9.6883238e-02  -2.4452716e-01   1.1566922e-01  -4.2753416e-02   8.5404380e-04   6.4661149e-02   1.4722148e-01  -2.4579921e-01   1.5726246e-01  -1.8538838e-01   3.1038808e-01   1.9904877e-01  -3.5997610e-01   9.4893701e-02   4.9073074e-02  -3.2509945e-01  -1.4077430e-01  -3.0018350e-01   9.9700176e-02   1.3209623e-01  -1.0820159e-01  -3.1895403e-01   2.8375479e-01   6.9596857e-01   5.2516818e-01   3.3778593e-02  -5.2042212e-02   6.9483532e-02   1.6657829e-01   1.9782935e-01   3.6095526e-01  -2.0321612e-01  -1.7228677e-01  -2.9023086e-01   6.0756643e-01   2.3156149e-01   9.0952284e-02   2.0078039e-01  -2.1768628e-01   3.9056630e-02  -1.0263393e-01  -1.8970010e-01   8.8006309e-02   1.6108267e-01   2.3453416e-02  -1.9923708e-01   2.1479633e-01   6.1821162e-02  -1.3979469e-01  -9.9267136e-02   7.0405436e-01   2.3725257e-02  -2.9408748e-02  -1.0858457e-01   2.0599648e-01  -2.1193749e-01  -2.5291549e-01  -1.3474801e-01   5.6126051e-02  -9.0565945e-02   1.5335840e-01  -3.9778274e-01   1.4631112e-01   5.0319393e-03  -4.7516736e-02   3.3254396e-01   2.5647095e-01  -5.5250659e-03  -1.2710323e-01  -4.2054531e-01  -9.9535189e-02  -2.0546094e-01  -1.9068689e-01   1.8967149e-01  -4.2994030e-01   6.2628129e-02  -1.0203824e-02  -5.7141352e-02   3.1065879e-02   1.7348859e-01  -9.1674661e-03   5.2660116e-02   1.5649485e-01  -1.5248727e-01   5.8282436e-02  -6.3156783e-03  -3.8168041e-01
  -2.1283371e-01   0.0000000e+00   1.4549401e-01  -3.3380765e-01   3.3886620e-01   2.5370899e-01  -3.8289465e-01  -1.2363469e-01   5.9679118e-01   4.5708479e-01  -1.6343994e-01   6.3156543e-01  -1.9042748e-01  -3.2441365e-01  -8.8275832e-02  -2.4046426e-01   3.8985227e-01  -2.5285246e-01  -5.8138386e-02   3.5399827e-01  -3.5992879e-02  -4.3071506e-01  -2.7691141e-01  -9.9068572e-02  -9.1855497e-02   9.2124533e-03   1.0951504e-01  -2.4458913e-01   3.6094959e-02  -4.5171704e-01  -1.9688932e-01  -2.6161415e-01  -4.4052230e-02  -2.1794051e-01  -8.9788797e-02   3.1628521e-01   2.7387670e-01  -1.5828217e-01  -2.6554181e-01   5.8762286e-01  -9.5805889e-02   9.8999131e-02   3.6457075e-01   1.0434520e-01   3.8870878e-01  -2.9778679e-01  -1.7474459e-01  -1.7329776e-01  -1.2435109e-01   6.1193803e-01  -3.9438134e-01  -9.1357769e-02   6.6348322e-02   5.8114189e-02  -3.8107660e-01   2.6584128e-01   2.6284236e-01  -1.2375174e-01  -1.6654055e-01  -2.4622967e-01  -1.1603341e-01  -4.6591789e-02   3.8981947e-01   3.1898414e-01   2.6800675e-01   5.9469282e-01   1.2727201e-02  -6.3470172e-02  -4.9431520e-01  -1.9201009e-01   7.4161106e-01  -4.3536150e-01  -2.3414747e-01   1.1767347e-01  -7.7771582e-02   5.4534633e-02  -3.5288760e-01  -3.1050681e-01   5.0338574e-01  -1.5596026e-01  -4.0441501e-01  -2.5067235e-01   6.7553913e-01   9.5871466e-02   1.2645960e-01  -4.6758519e-01  -3.8080952e-02  -2.1288307e-01   3.7836342e-01  -1.0372180e-01   5.8811807e-01  -1.6450563e-02  -2.1310537e-01   3.2564364e-01  -2.7480595e-01   3.1489558e-01  -1.0265138e-01   2.5079112e-02   1.3231542e-01   2.5853031e-01  -9.9064003e-02   5.6028311e-02  -4.2017295e-01   3.4170614e-02  -4.1085656e-01  -1.0442683e-01   8.4695799e-02  -2.7171403e-01  -1.8398451e-01  -4.0023007e-01   5.4099610e-01  -4.2403029e-01  -1.3905905e-01   7.9774696e-02  -4.1030404e-01   4.7476005e-01  -2.4187495e-01  -2.8559520e-02  -4.5507660e-01  -3.4932808e-01  -2.2074344e-01   4.8212866e-01   3.5178730e-01   4.9615348e-01  -1.9065911e-01  -3.2977344e-01   2.3358933e-01  -1.1348772e-01  -1.5241348e-01  -4.9749274e-02  -1.4885960e-01   4.4591262e-01  -7.4882314e-03  -2.5661266e-01   1.1989367e-01   7.1867000e-02  -1.0995119e-01  -4.2359165e-01   3.7943179e-02  -3.1550183e-02  -2.6460186e-01  -1.9476546e-01  -1.1923340e-01  -3.1275948e-01   1.3781252e-01   1.4575556e-01   6.3152005e-01   1.2874016e-01   3.6035310e-02   3.5406697e-01  -5.1184937e-02  -2.1423584e-01  -7.9763700e-02   2.8071939e-01   8.8632945e-02  -5.1363153e-02  -1.9813864e-01  -1.1193020e-01   6.0166233e-02  -2.9983146e-01   1.3783258e-01   5.5339100e-03   3.7567871e-01  -2.7180694e-01  -3.9164721e-02   5.7654977e-01   3.6686302e-01  -1.3817285e-02   2.5964551e-02   4.3834449e-01   5.6935325e-01  -1.6749515e-01   5.5866606e-02  -8.3062366e-02  -1.1741149e-01   1.9188591e-01  -1.6432808e-01
  -1.1519408e-01   1.4549401e-01   0.0000000e+00  -3.1450111e-01   3.1464701e-01  -7.9875533e-02  -3.4622379e-03  -2.7536001e-01  -4.6625172e-02   2.6698285e-01  -3.1361909e-01   3.9157825e-01  -1.3767821e-01   1.1045765e-01   6.3616644e-02  -2.1356141e-01   8.4026782e-01  -2.5103784e-01  -1.8757598e-01   2.0529842e-01  -2.6168978e-01  -1.0056778e-01  -6.2933144e-02  -6.9269442e-02  -1.7946764e-01  -3.7317822e-02  -2.0537659e-03  -1.5390460e-02  -3.2228615e-01  -7.3993033e-02  -3.6220120e-01  -2.0158137e-01   5.5632192e-02  -1.1081003e-01   2.3846222e-01   2.0094425e-01  -4.0211426e-02   1.8090098e-01  -2.0802641e-01   2.8643599e-01  -2.8589848e-01   1.8206020e-01   1.6580725e-01  -1.7896592e-01   6.4518128e-03   3.1279426e-01   2.8078999e-01  -1.2189244e-01  -1.6956071e-01   4.3814295e-01  -1.0160988e-01  -1.6231863e-01  -4.1089535e-01   3.0535270e-01   5.3755999e-02   3.1928973e-01   1.8461039e-01  -1.9065719e-01  -5.8781574e-02   1.8408171e-01   4.0341169e-01  -3.4016907e-02   3.0038063e-01  -2.7936864e-01   1.3457316e-02  -4.0977578e-02  -9.5522710e-02  -1.5450348e-01  -5.2261028e-02   6.3770114e-01   2.6909250e-02  -7.3231626e-02  -2.4094249e-01   4.2185033e-01  -1.8413460e-01  -1.1881862e-01   1.9105211e-01  -7.1508295e-02   8.5816485e-03  -2.3472196e-01  -7.0301177e-02   5.0922727e-02   4.7443913e-02  -2.0218744e-01   2.9291417e-01  -1.8761088e-01  -1.4827216e-01  -7.9280466e-02   2.8105478e-01   9.2353270e-02  -8.4999799e-02   5.2576043e-01  -2.5258947e-02   1.7534672e-02   1.0620946e-01  -9.1726191e-02  -1.9527027e-02  -1.6781353e-01  -6.2819760e-04  -1.6125983e-01   8.5982086e-02  -1.0256646e-01  -2.2766769e-01   2.8586268e-01  -1.1108387e-01  -2.5529843e-01   2.3204391e-01  -9.5236500e-02  -9.4888384e-02  -6.3371063e-02   1.5725588e-02  -1.8120866e-01  -6.7681656e-02  -7.0103180e-02   2.2496780e-01  -1.5388086e-01   9.0302423e-02  -2.6157595e-01  -2.5994308e-02  -2.4074547e-01   3.3015355e-02  -9.2545657e-02   2.4369239e-01  -4.3272112e-02   2.4490453e-01  -7.0192040e-02  -2.8277908e-01  -3.2372160e-01  -1.1849199e-01   7.0949900e-01  -4.7856038e-02  -9.8322396e-02   3.5414486e-01  -5.9862865e-02  -2.3470261e-01  -2.8949677e-01  -2.5506606e-01  -2.7102715e-01  -2.8945722e-01   1.1613643e-01  -2.1323399e-01  -7.6555891e-02  -2.4875911e-01   3.9226170e-01  -1.0274608e-01  -3.2164287e-01   3.3499973e-01  -1.0840511e-01   1.2886741e-01  -4.4126100e-01   5.4023874e-01  -2.1275214e-01   2.1636895e-01  -6.5952544e-02   5.1679316e-01   1.4296865e-01  -9.6267227e-02   7.7973630e-02   3.0115285e-01  -2.0135435e-01  -5.4482513e-02  -1.5621147e-01  -2.4714714e-01  -2.7471998e-01  -1.1118874e-01   3.7553464e-02  -3.3263876e-02  -4.4570936e-02   3.1377274e-01  -1.6826517e-02  -1.2683457e-01  -9.9479017e-02  -5.7101242e-03  -8.0955436e-02  -1.2000034e-03   1.2438132e-01  -5.6957491e-03
   1.7582793e-01  -3.3380765e-01  -3.1450111e-01   0.0000000e+00  -1.2100298e-01   9.3362960e-02   1.7518460e-01   2.4493582e-01   8.0554400e-02  -3.2985330e-01   2.0465888e-01  -1.8255605e-02   6.6221690e-01  -5.1390235e-01  -1.9011084e-01   7.7173371e-01  -3.9295897e-01   2.8508037e-01   2.8442889e-01   1.7819357e-01   3.3625019e-01   3.7744335e-01   9.9432791e-02  -2.6799906e-01   7.0423313e-01   2.3827487e-01   1.7911547e-01   3.0213843e-01   3.9367270e-01   2.9486046e-01   1.5255666e-01   4.2050999e-01  -8.9053948e-02   1.3886785e-01  -1.3014491e-01  -4.2616095e-01  -1.5162669e-01  -4.3456942e-01   7.8450844e-01  -1.5276040e-02   6.5035413e-01  -6.3757224e-01   1.0198947e-01   7.3653967e-02  -2.5155640e-01  -8.0255794e-02  -7.3205631e-02   2.6753650e-01   8.4974580e-02  -1.5928123e-01   4.7434152e-01   2.0391214e-01   1.5488677e-01  -6.0147204e-01  -1.3329774e-01  -2.5480108e-01  -1.1456194e-01   3.5876831e-01   6.1174955e-02   3.2138973e-02  -4.0845686e-01   1.3743842e-01  -4.0479747e-01   1.8549142e-01  -2.4665845e-01  -3.6285554e-02   2.3260111e-01   2.4156643e-01   4.7542049e-01  -7.7482011e-02  -2.9164488e-02   5.7191226e-01   3.7407663e-01  -4.1786006e-01  -4.4692021e-02  -9.2608892e-02   2.0558222e-01   1.3950796e-01  -3.9876030e-02   7.0770115e-01   1.1564513e-01   8.4725858e-02  -2.1418155e-01   2.6032464e-02  -5.8772458e-01   9.5944930e-02   6.0230353e-02   1.0562108e-01  -6.1942484e-01  -4.7209594e-02  -2.0903090e-03  -4.4775510e-01   2.4473212e-01   2.0106918e-01  -2.6290227e-01  -5.6883168e-03   1.4075551e-01   1.2875741e-01   4.0574413e-01  -1.8771596e-01  -3.7890477e-01   2.5827442e-01   1.7863847e-01  -4.9195948e-01   3.8577329e-01   3.2483899e-01  -7.1956412e-01   3.5245867e-01   4.7515634e-01   4.6212626e-01   6.9903320e-02   3.1384167e-01   6.7235087e-01  -9.5895947e-02   8.5277546e-02   8.2834606e-02   1.4762019e-01   2.7290333e-01   4.5109205e-01   8.7331795e-01   3.6402802e-01  -5.5300095e-02  -1.1628851e-01  -2.0554257e-01  -1.0959769e-01  -2.1878617e-01  -1.2863752e-01   5.5524509e-01   4.1888294e-01  -1.7393843e-01   2.2126634e-01  -1.8294869e-01  -6.2829802e-01  -5.8806102e-02   5.4512962e-01   1.6134544e-02   4.3025646e-01   2.3212717e-01   8.0808407e-02  -6.4048206e-01   2.4293014e-01  -3.9634342e-02   1.8525443e-01   1.6742866e-01  -4.5774973e-02   2.0164894e-01  -1.7963947e-01   3.3341161e-01   2.9738898e-01   1.1551709e-01  -3.9167468e-01   1.0615152e-01  -7.5386699e-02  -1.1912393e-01   1.0674206e-01  -3.8735745e-01   6.5176872e-01  -1.8019488e-01  -1.0180704e-01   2.9807795e-01   1.7543302e-01   2.1474477e-01   2.6238703e-01   6.2792962e-01   3.1755700e-01  -1.4049512e-02   5.5824662e-02   3.8690261e-01  -6.7756547e-01  -1.6459952e-01   7.3918452e-02  -1.6699263e-01  -1.8857414e-01   2.2239212e-01   2.4136968e-01  -6.8679987e-01   1.4686968e-01
  -1.5714350e-01   3.3886620e-01   3.1464701e-01  -1.2100298e-01   0.0000000e+00  -1.7848063e-01  -2.2158050e-01  -6.6786175e-02   1.6035003e-01   2.2406873e-01  -9.3413101e-02   3.1778170e-01  -4.8294310e-02  -1.5051425e-01  -2.5884331e-02  -9.5513766e-02   4.4755114e-01  -2.0902643e-01  -2.7858660e-01   7.8205445e-01  -2.3249368e-01  -2.6871925e-01  -6.5192206e-02   1.3322368e-01   1.2335252e-01  -2.2408269e-01   1.2270421e-01  -2.3089284e-01  -2.2811277e-01  -4.4089096e-01  -4.3113331e-01  -2.9891210e-01   8.0163014e-02  -1.2739482e-02  -4.5400706e-02   6.6307752e-01   1.3685183e-01  -9.7687377e-03  -5.9078537e-02   3.7669555e-01   4.5565999e-02   3.1103031e-02   2.8994420e-01  -3.5169801e-02   2.9490529e-01  -1.8986884e-02   3.2502702e-01  -4.4544309e-01   1.5949909e-01   3.6487939e-01  -1.8763033e-01  -3.7317752e-01  -2.5703077e-01   1.6356072e-01  -3.2132373e-01   2.5885198e-01   9.6182670e-02  -3.1554470e-01  -4.6340756e-01  -1.6892487e-01  -9.2752467e-02   1.2866720e-01   4.3331471e-01  -8.2253940e-02   2.0551464e-01   1.3865836e-01  -2.4193893e-01   1.1262765e-01  -1.8533607e-01   9.4258921e-02   3.0743204e-01  -2.1979944e-01  -2.2664096e-01   2.1703580e-01   8.2220470e-02  -2.4716211e-01  -1.2765170e-01  -3.7428278e-01   5.1972236e-01  -1.3961557e-01  -3.2306526e-01  -1.0453776e-01   2.7763233e-01  -4.1456609e-02   1.5500998e-01  -3.3448171e-01  -1.8410712e-01   3.9806898e-02   2.9520389e-01   8.8300118e-02   4.0016048e-01  -3.7879584e-03  -1.8745319e-02  -7.1798400e-02  -8.6285483e-02   4.4356404e-01   5.2669743e-02  -3.3612877e-01   3.2940109e-01  -1.7264537e-01  -1.0718763e-01  -7.5035546e-02  -2.8771834e-01  -9.0624149e-02  -4.0654625e-01  -1.7600176e-01   4.4421209e-02  -3.3669813e-01   1.5352377e-01  -2.3045415e-01   2.8573066e-01  -3.6482061e-01  -5.4386445e-02  -4.9991148e-03  -1.0214952e-01   1.8144614e-01  -3.4031460e-01  -1.2182188e-01  -3.9155101e-01  -2.0501908e-01   4.3180707e-02   5.0474568e-01   2.0487685e-01   2.7263330e-01   4.3818476e-02  -2.9343165e-01  -3.6179923e-02   2.4356216e-01  -2.7227845e-01   9.6832186e-02   7.4771317e-02   3.7020495e-01  -1.7302277e-02  -1.1485076e-01  -6.0240240e-02  -2.3344323e-01   7.0134934e-02  -3.4024479e-01  -2.5129106e-01   6.9906121e-02  -4.0624451e-03   1.1326248e-01  -4.3500302e-01  -1.8103268e-01  -7.9648695e-02  -2.8941551e-01   3.4318178e-01  -3.4443055e-03   1.4407059e-02  -1.7486001e-01   1.5916189e-01  -1.1016366e-01   1.5416179e-01   1.5392355e-01   7.1534797e-02  -6.9672471e-02   5.6459394e-04  -2.5097595e-01   2.0127387e-02  -2.9407348e-01   2.6864357e-01  -2.6944610e-01   8.5808071e-02  -4.2102277e-01  -1.7958386e-01   2.8766580e-01   1.1060430e-01  -3.7819435e-01  -1.7856025e-02   2.3849234e-01   2.4161001e-01   8.2830463e-02   7.1793716e-03  -3.3165639e-01   2.3139004e-01  -1.4843913e-02  -1.2036973e-01
  -4.7403474e-02   2.5370899e-01  -7.9875533e-02   9.3362960e-02  -1.7848063e-01   0.0000000e+00  -8.1200221e-02   3.5789834e-02   4.3858373e-01  -6.5795498e-02   1.7642423e-01   2.2052711e-01  -5.4393073e-02  -2.7739103e-01  -1.2568612e-01   1.8213570e-01  -1.6465770e-01   1.8599540e-01   2.5740454e-01  -1.4636372e-01   1.8519019e-01   5.9283674e-03  -5.7008276e-02  -2.0225698e-01  -7.3954730e-02   5.9087954e-01   1.3790510e-01   1.4841551e-01   7.5843479e-02   8.8723376e-02   2.1473475e-01   3.8010181e-01  -9.3513748e-03   6.7589192e-02  -1.3371460e-01  -1.4670325e-02  -2.4006019e-01  -3.6936315e-01   8.7579606e-02   1.6573091e-01   6.4956227e-02  -6.3630447e-03   5.7817273e-02   1.3406680e-01  -1.5218281e-01  -3.5453128e-01  -1.3062896e-03   1.2980148e-01  -1.6817023e-02  -7.9563832e-03   9.7721136e-02   4.8717798e-01   2.4435253e-01  -7.9857329e-02  -3.3971035e-01   3.7996940e-01   4.4632329e-01   6.9303366e-02   2.7726143e-01  -1.0836575e-01  -2.5253711e-01   6.5826410e-02   5.0487724e-02   2.9163462e-01  -1.3790415e-01   5.4444191e-02   6.5373307e-01   5.5517868e-02   1.5072474e-01  -1.9532427e-01   1.9903041e-01  -2.5025556e-02  -1.5238372e-01  -2.0561471e-01   1.3389659e-01   9.3694438e-02  -3.6214808e-01   1.7317797e-02   1.8346077e-01   1.6971526e-01   2.1449223e-01  -3.9555974e-02   2.7676899e-01   1.5967752e-01  -3.9785429e-01  -2.1793157e-02  -5.1532300e-02  -1.1160834e-01  -2.3329787e-02  -1.9285251e-01   1.9832376e-01  -2.4342491e-01   2.8657946e-01   2.9131749e-01  -3.4307821e-01  -8.0318331e-02   1.9227851e-01   5.4442042e-01  -9.8796989e-02   1.7594611e-02  -2.9784693e-01   2.5138397e-01  -9.8880851e-02  -9.0681114e-02   5.9034412e-02   1.0134985e-01  -2.5991492e-01   4.6903637e-01  -3.0060060e-01   3.1369227e-01   1.1914162e-01   1.6394506e-01   1.2755233e-01  -1.7395225e-01  -1.4720235e-01   3.0031708e-01   6.6110057e-02   1.0152333e-01   7.5300337e-02   8.1667083e-02  -2.7836738e-01   2.2678140e-01  -1.7217672e-02   2.6696673e-01  -3.3649272e-01  -6.0905759e-02  -1.5650804e-02   8.6567987e-03  -2.4718046e-02  -2.1718210e-01   1.4593907e-01   1.2172305e-01  -3.0646811e-01   2.1672102e-01   1.7243252e-01   2.1994891e-01   2.3838496e-01  -1.9641183e-01   2.3654201e-01  -2.5966632e-01  -1.3923914e-01  -2.0435491e-01   4.0127007e-01   4.9076756e-02   5.2337483e-01   3.0713264e-01   9.0589420e-02   4.0419463e-01   2.5536846e-01   9.0230187e-02  -2.7432306e-01  -1.3952559e-02  -2.9846573e-01   1.6415500e-01   2.4213749e-01  -1.7011175e-01  -6.3548081e-02   3.7269757e-01   1.3249436e-01   1.6729863e-01   1.1106529e-01   3.8351776e-01   1.4518512e-01   1.6765210e-01   4.9865778e-01   4.0056703e-01   2.1077375e-01   3.2593703e-01  -1.7339053e-01   7.1139690e-02   4.4175751e-01  -1.8814315e-01  -7.5964667e-02   5.3083292e-01  -3.2294280e-01  -1.2763254e-01   1.3732834e-01
   1.2758399e-01  -3.8289465e-01  -3.4622379e-03   1.7518460e-01  -2.2158050e-01  -8.1200221e-02   0.0000000e+00  -3.2920000e-01  -5.7023677e-01  -3.1330887e-01   1.5047550e-01   2.0735124e-03   5.4456669e-03   2.8884842e-01   2.7149265e-01   1.5791930e-01  -2.9706158e-01   4.0064560e-01  -1.4461298e-02  -3.2087881e-01   2.6044045e-01   2.7039126e-01   6.8254525e-01  -4.1230405e-02   1.7458666e-01  -2.1867992e-02   2.7601812e-01   1.8985633e-01  -2.6229587e-01   4.2415986e-01   1.7264587e-01   3.0713315e-01   4.4944619e-02   4.6766291e-01   2.5724892e-01  -2.4487363e-01  -2.0347582e-01  -4.3619651e-02  -3.1288572e-02  -7.1887530e-02  -6.2714791e-02  -1.0055964e-01  -5.3193612e-01  -1.8828529e-01  -5.2530319e-01   3.7021140e-01   4.1477605e-01   6.9655946e-01   1.2419744e-01  -5.7422571e-01   3.7701957e-01  -1.5749761e-01  -1.9410672e-01  -1.5947062e-01   2.1661693e-01  -1.1390631e-01  -2.0614831e-01  -2.2457572e-02   1.7915211e-01   3.8385016e-01   4.9588732e-02   1.4875947e-01  -6.3209569e-01  -2.8734099e-01  -6.4946135e-01  -3.1290473e-01   6.3439565e-02  -1.1003631e-01   4.7955508e-01   6.0696237e-01  -4.0987437e-01   3.0216757e-01  -1.1910685e-01  -1.6024868e-01  -3.3563789e-02  -1.1496059e-01   3.5324427e-01   3.9635601e-01  -6.9328146e-01   1.3299034e-01   2.1513218e-01   4.7022624e-03  -2.9820358e-01  -1.5869890e-01   3.6030138e-02   2.7739952e-01   4.1529403e-01   5.5126297e-02  -3.8971276e-01   5.9847333e-03  -6.4832097e-01  -3.8703133e-02   4.6800010e-01  -2.7408874e-01   7.0108955e-02  -4.6230725e-01   1.3782838e-01  -8.2352219e-02  -2.3126579e-01  -1.0466776e-01   3.0805056e-01   7.9211303e-02   2.8784915e-01   5.3684058e-02   5.3233120e-01  -1.2144029e-01  -1.6841207e-01   2.3635531e-01   2.5382788e-01   4.7461769e-01  -1.7635205e-01   2.7922954e-01   3.0758665e-01  -9.0412444e-02   5.5799337e-01  -4.9455194e-01   4.5260492e-01  -2.9512111e-01   6.1382888e-01   3.8522357e-01   3.1129881e-01  -5.1599623e-01  -4.5253617e-01  -4.0368742e-01   1.7272303e-01  -3.3219990e-03  -1.6923836e-02  -1.5299394e-01  -5.1055339e-02   5.3943477e-01  -1.1639361e-01  -5.4575937e-01   3.1220843e-02   3.6859562e-01  -2.0842245e-01  -2.7783263e-01   7.7238286e-03   5.3234566e-01  -2.2843652e-01  -5.5202090e-02   1.3694871e-01  -2.1087641e-01   1.8025690e-01   5.9966332e-01  -7.0012355e-02  -1.9465981e-01  -2.2311525e-01  -2.6176136e-02   4.5676060e-01  -2.8671233e-01   2.7478564e-01   1.3420501e-01   1.4577768e-01  -3.0131399e-01   3.3076653e-01  -2.9856283e-03   1.5915176e-01   9.0648493e-02  -1.5967446e-01   1.7035471e-01  -2.3647838e-01  -1.4717618e-01  -2.8324471e-01   2.4468591e-01   5.4857348e-02  -3.0651069e-01  -3.4916388e-03  -4.3641371e-02  -5.7559016e-03  -2.8735364e-01  -3.8689066e-01  -1.7992382e-02  -1.6317623e-01   1.3157827e-02  -2.0511605e-01  -5.3995527e-02  -3.2700459e-02
   7.8712837e-02  -1.2363469e-01  -2.7536001e-01   2.4493582e-01  -6.6786175e-02   3.5789834e-02  -3.2920000e-01   0.0000000e+00   1.6157809e-01  -3.0006285e-01   2.9002671e-01  -3.8005203e-01   1.5524235e-01  -1.0193638e-01  -1.8040459e-01   5.7593995e-02  -1.1745505e-01  -9.4724512e-02   2.1891106e-01   6.1225068e-02  -8.0328625e-02   1.8887855e-01  -2.6013913e-01  -8.5042861e-02  -2.0944163e-02  -2.8979202e-02   1.4156902e-02  -9.0996627e-02   4.5956346e-01   1.2253268e-01   2.1611396e-01  -3.1891193e-02   7.5434059e-04  -4.4177122e-01  -2.2757109e-01  -3.2641838e-02  -1.0824979e-01   7.7182466e-03   3.8156853e-01  -1.5108177e-01   1.7103611e-01  -1.3062916e-01   1.9531624e-01   4.7540673e-01   1.5039985e-01  -1.0415016e-01  -1.4749835e-01  -8.6334336e-02  -1.7107823e-01   6.5772064e-02   7.7737009e-02   3.3922108e-01   2.4709426e-01   4.7431641e-02   1.5220411e-01  -4.2335546e-02   4.0806560e-02   3.3564571e-01   9.2329265e-02  -1.8172392e-01   2.2280336e-02  -1.7956981e-01   1.7321373e-01   4.6017523e-01   2.8944272e-01  -2.7845567e-01   2.0665127e-01   2.1994455e-01   1.4734195e-01  -3.9279878e-01  -2.0435067e-02   2.0404741e-01   1.6598056e-01  -2.0344039e-01   3.1500193e-02   3.7890510e-01   3.4632599e-04   1.2207577e-01   2.1682456e-01   2.2497591e-01  -7.6873579e-02   4.3222729e-02   6.6672892e-02   4.2741799e-01  -1.8057951e-01   2.5660980e-01  -1.8316368e-01   4.8180033e-03   7.7026788e-02  -7.2172008e-02   1.6458179e-01  -1.0984011e-02  -3.2084382e-01   6.9505790e-02  -7.8872056e-02   4.6492036e-02   8.9526843e-02   2.9112889e-01   1.7201272e-01  -1.1318580e-01  -1.9363347e-01  -5.0072571e-02   2.5479663e-01   1.1882475e-01  -6.0987421e-02   3.5822402e-01   7.7559177e-03   1.9077514e-01  -1.3207188e-01   1.2357849e-01  -2.7064236e-01   9.9235164e-02  -1.7303421e-02   6.2874526e-02  -1.8876111e-01   3.6942737e-01  -1.0160976e-01   3.0224286e-01   2.2035301e-02   3.0579311e-02  -1.2831461e-01   4.8478453e-02   4.8913719e-02   9.3399312e-02  -1.2153845e-01  -3.1179129e-02  -6.8950900e-02   2.7771350e-01   3.0612977e-01  -3.9334798e-01   3.2484104e-01   1.8584330e-01  -4.7331387e-02  -1.8556656e-01   3.4503753e-01   4.5664019e-01   1.9137937e-01   4.6069862e-03   4.0865237e-01  -1.4835090e-01   3.1992937e-02   2.9743630e-01   1.3850472e-01  -2.6289096e-01  -1.2632228e-01   3.4245653e-01  -2.6085147e-01   2.9824775e-02  -5.1752491e-01   7.2370251e-02  -3.1186446e-01   2.4561188e-01  -4.1587474e-02   2.3137896e-01  -2.7145896e-01   7.2556650e-04   8.8609571e-02  -1.7499742e-02   1.5360572e-01   1.0441684e-01   7.5498256e-02   4.9168820e-01  -4.7176015e-02   2.8442096e-01   6.7140287e-03  -4.1555431e-02  -3.7661778e-02   1.8713260e-01  -7.3677813e-02   2.6648396e-01  -8.5333837e-04  -5.5390845e-02   1.7387533e-01   7.3820857e-02   1.3544916e-01  -1.3660601e-01   2.6355759e-01
   1.9182826e-02   5.9679118e-01  -4.6625172e-02   8.0554400e-02   1.6035003e-01   4.3858373e-01  -5.7023677e-01   1.6157809e-01   0.0000000e+00   1.0118090e-01   9.1980021e-03   3.2494201e-01   1.5394185e-01  -4.9133921e-01  -1.2997894e-01   7.7882328e-02   8.5457390e-02  -8.8592563e-03   2.6473919e-01   3.1008373e-01   8.9753153e-02  -3.7292866e-01  -3.0700186e-01  -7.1792448e-02   1.2004436e-01   1.3971694e-01   5.6380522e-02  -9.7015811e-02   3.4702632e-01  -4.0453736e-01   4.8015459e-02  -4.9115815e-02  -9.2509055e-02  -2.7292416e-01  -1.8645299e-01   8.6193997e-02   1.1672480e-01  -3.2492559e-01   1.5640304e-01   3.6593541e-01   2.0068323e-01  -1.0441029e-01   5.0100321e-01   8.6604070e-02   3.2744981e-01  -3.7711071e-01  -3.0420282e-01  -2.8520457e-01  -7.6084439e-02   3.9884740e-01  -6.9203125e-02   1.4727612e-01   3.5019530e-01  -6.4608367e-02  -3.6865099e-01   2.1088394e-01   4.3362565e-01   6.6381378e-02  -1.2713838e-01  -2.9217189e-01  -2.7797250e-01   7.8871136e-02   4.2578996e-01   5.2545474e-01   2.5510970e-01   4.8025456e-01   2.5125258e-01   1.4578635e-01  -3.3460142e-01  -4.5323649e-01   4.9400496e-01  -5.2577579e-02   5.0976391e-03  -3.5351252e-02   1.5205883e-01   1.7008777e-02  -3.6710143e-01  -3.8446430e-01   6.4585765e-01   2.0324280e-01  -3.2105664e-01  -9.7477192e-02   4.2261315e-01   1.5248615e-02  -1.2731275e-01  -3.4647195e-01  -3.4043885e-02  -1.7645927e-02   2.0030844e-01   1.3766663e-02   6.5063723e-01  -2.5434641e-01  -1.6569067e-01   4.9577848e-01  -3.3658732e-01   4.1109829e-01   1.2834382e-01   1.8620200e-01   2.7122380e-01   8.7579634e-02  -3.0192414e-01   1.2259505e-01  -4.2965255e-01  -8.9553390e-02  -1.9957242e-01   1.0306629e-01  -1.3160946e-01  -1.3657859e-01  -1.4035517e-01  -2.3831443e-01   3.0180019e-01  -3.4129604e-01   9.4790132e-02   1.3804874e-01  -3.9240278e-01   6.3706950e-01  -3.4126643e-01   3.5343494e-01  -4.0333815e-01  -4.7950830e-02  -4.9563643e-02   6.0541087e-01   3.5186586e-01   6.0545475e-01  -1.8274324e-01  -2.6787470e-01   2.3322019e-01   1.9594839e-01  -3.3051411e-02  -4.2174123e-01   3.7377944e-02   4.1108210e-01  -2.5157719e-01  -8.3738459e-02   3.9146189e-01   1.9643823e-01   2.3813688e-01  -4.7037748e-01   1.6583663e-01  -1.7421528e-01  -3.5807550e-02  -8.0917925e-02   6.8705507e-02  -4.0987676e-01   4.2475742e-01   4.2670840e-01   2.5277368e-01   3.1136000e-01  -5.1120049e-02   2.8782072e-01  -3.0708390e-01  -3.1827662e-01  -6.6886428e-02   4.3512714e-01  -3.8875321e-02  -1.3859208e-01   9.7590495e-02  -4.4193824e-03   1.5140722e-01  -2.3939971e-01   3.4308904e-01   2.7565541e-01   4.2548461e-01   1.0092222e-01   1.0624726e-01   6.1099129e-01   2.9870255e-01   1.6466015e-01  -2.0786806e-01   4.0992192e-01   6.9452159e-01  -1.2117188e-01   3.2203806e-01   1.0553118e-01   5.2291907e-02  -9.8178947e-02  -2.1289576e-02
  -3.2759964e-01   4.5708479e-01   2.6698285e-01  -3.2985330e-01   2.2406873e-01  -6.5795498e-02  -3.1330887e-01  -3.0006285e-01   1.0118090e-01   0.0000000e+00  -2.9683314e-01   3.6190138e-01  -2.3280359e-01  -2.1153171e-01  -2.7111489e-02  -2.4230342e-01   4.3676025e-01  -3.8872218e-01  -1.2450670e-01   1.9256842e-01  -9.8245244e-02  -1.5763842e-01  -1.9679385e-01  -1.2218555e-01  -1.7353794e-01  -1.0143636e-03   7.1137284e-02  -1.6270864e-01  -1.0605753e-01  -2.5073471e-01  -3.3725386e-01  -2.3416764e-01  -3.5506583e-02   1.1110597e-01  -1.8253319e-01   3.1238868e-01   4.9795491e-01   8.0826865e-02  -2.4233005e-01   4.4823743e-01  -4.8275415e-02   1.9834051e-01   6.7289644e-02  -3.3051549e-01   4.9882012e-01  -1.5598181e-01  -1.8193155e-01  -3.0131613e-01  -1.5377231e-01   4.2343101e-01  -4.1451326e-01  -1.0800364e-01  -1.7736094e-01   2.1330006e-01  -2.9991623e-01   3.5610242e-03  -7.6866980e-03   3.1012203e-02  -5.3106601e-02  -3.4711356e-01   1.6620338e-01  -5.2006294e-02   2.4113827e-01  -1.2301249e-01   3.8011678e-01   5.2838910e-01  -1.5337213e-01  -1.1828467e-01  -3.5754792e-01   9.1414274e-02   5.1335488e-01  -3.1506514e-01  -6.7990887e-02   4.6573044e-02  -7.2663008e-02   5.0093302e-02  -9.9256637e-02  -3.3203452e-01   2.4345179e-01  -1.5495505e-01  -2.9452018e-01  -4.0542780e-02   1.3209493e-01  -1.9667716e-01   7.1138790e-02  -2.5457790e-01  -2.7569521e-01  -2.0190392e-01   2.4999015e-01  -1.2703739e-01   3.8831946e-01   2.3620742e-01  -8.3738407e-02   5.9388170e-02   4.9685337e-03   1.8308091e-01  -1.1681969e-01  -9.7874498e-02   8.9568366e-02   6.3081406e-01  -1.7549415e-01   2.7100475e-02  -3.3484438e-01  -2.1893618e-02  -2.7706868e-01  -5.2376978e-02   2.0794765e-01  -2.2722352e-01   1.6045861e-03  -3.4327901e-01   5.6802233e-01  -2.7559735e-01  -3.0596540e-01  -3.0568779e-02  -2.8133081e-01   2.1784266e-01  -3.7261260e-01  -9.9324595e-02  -4.0686652e-01  -2.9311680e-01  -6.2631667e-02   2.2986564e-01   1.8677605e-01   2.4301882e-01  -1.0552805e-01  -1.8123374e-01   1.4995777e-01  -2.0581040e-01   5.6534693e-02   3.8397757e-02  -7.2195501e-02   3.8909811e-01   6.8213439e-02  -3.7091438e-01  -4.8426342e-02   3.5379118e-03  -1.5452265e-01  -4.6768822e-01   4.1251543e-02   8.6459175e-02  -2.8966883e-01   9.3486388e-02  -2.3300890e-01  -2.1926243e-01  -1.6480503e-01  -9.9952636e-02   6.1694403e-01  -3.2562045e-02   3.2221337e-02   4.2746063e-01  -2.1255737e-02  -2.5655026e-01   1.1649688e-01  -3.2849553e-02  -1.2001002e-01  -1.1787090e-01  -6.4926442e-02   1.5239979e-02   1.3013816e-01  -2.3664335e-01   1.8142670e-01  -2.4339159e-01   1.6100101e-01  -3.1318441e-01  -3.8381139e-02   3.1335575e-01   3.4643281e-01  -2.8819456e-02   1.0967249e-01  -5.7254268e-02   3.1159543e-01  -1.1476889e-01  -5.3000087e-02  -1.9075466e-02  -5.6945434e-02   8.7607969e-02   8.5278783e-02
   7.1648958e-02  -1.6343994e-01  -3.1361909e-01   2.0465888e-01  -9.3413101e-02   1.7642423e-01   1.5047550e-01   2.9002671e-01   9.1980021e-03  -2.9683314e-01   0.0000000e+00  -1.9130430e-01  -1.5148863e-01  -2.6790325e-02   1.3907500e-01   8.5854219e-02  -3.2766952e-01   3.7321650e-01  -1.6102120e-02  -1.3221010e-01   2.1585995e-01   1.9803565e-02   3.2717248e-01  -3.2487094e-01  -1.2351005e-01   3.7187408e-02   7.5934893e-02  -1.3457478e-01   1.4961227e-01   1.6891349e-01   5.3513006e-01   1.5597525e-01   1.5130001e-02   2.2278084e-01  -7.2976532e-02   1.6490354e-01  -2.1997788e-01  -8.2973244e-02   1.6437215e-01  -1.7162840e-02   8.1642726e-02  -5.0814554e-02  -1.1089328e-01   3.7113068e-01  -2.0440824e-02  -6.4160509e-02   1.9193791e-01   3.3697992e-01   1.4785653e-01  -2.0997092e-01   3.3214684e-01   2.9295643e-02   3.9164540e-01   2.4903098e-03  -1.2587537e-02   6.0631959e-02   6.8106909e-02   6.5566116e-02   2.4463416e-01   5.0277309e-02  -7.4971930e-02  -3.4129142e-02  -5.6647483e-02   4.9023977e-01  -3.7662007e-02  -2.0530309e-01   2.5577428e-01   1.8298508e-01   1.8948660e-01  -1.4531257e-01  -7.6640614e-02   2.9575554e-01   1.0747110e-02  -1.9838596e-01   8.4552390e-03  -5.6521575e-02  -5.4392430e-02   1.8672541e-01   7.6061737e-03   3.2443787e-02  -4.5120525e-02   6.4416838e-02   1.4382116e-01   9.7633816e-02  -1.8148196e-01   4.7460934e-02   1.1325561e-01  -1.5872692e-01   3.0345789e-02  -1.4904818e-01  -1.9005543e-02  -1.1322821e-01   1.6536365e-01   5.5196711e-02   8.9418020e-02  -1.4547472e-01   9.6346986e-02   3.3784207e-01   1.6567482e-02  -3.1355127e-03  -3.2530712e-02   3.5280359e-01   1.5296182e-01   1.3551446e-01   1.5049754e-01   1.6100678e-01  -1.1647120e-01   2.3574818e-01  -1.4172249e-01   3.2623195e-01  -4.6763487e-02   7.8662088e-02   4.0864170e-02  -7.5691849e-02  -1.0124750e-01   1.9205695e-01   3.7252541e-02  -2.7941070e-02   4.5051649e-02   1.7056325e-01  -6.0762312e-02  -1.0229176e-01  -1.6831634e-01   8.0660185e-02  -1.5150227e-01  -8.3092099e-03   4.9195170e-02   2.0810423e-02   2.8725218e-02  -2.3750197e-01   1.0693253e-01   3.6914322e-01  -1.1712935e-01   1.6852472e-01   5.5920007e-02   1.8031650e-01   6.8469219e-02   1.2402212e-01   1.9843246e-02  -6.1406725e-02  -9.7303186e-02  -1.1469660e-01   2.7079785e-01  -6.1922223e-02   1.5223284e-01   2.8790542e-01  -1.6890492e-01   1.6326720e-01  -2.8710476e-02   2.8092920e-02  -1.1966842e-01   1.0721961e-01  -1.1815520e-01   4.0196898e-01  -2.5037812e-01  -3.3149481e-02   1.0361550e-02   1.7501000e-01   4.1583662e-02   2.5253768e-02  -8.6693400e-02   4.6234309e-01  -2.8306193e-02   2.6465456e-01   1.6715945e-01  -3.0504455e-02   3.4025604e-01  -5.3055782e-02  -1.0088948e-01   2.1705564e-01   4.2600480e-02   5.9063670e-02   6.1995219e-02   1.9645594e-01  -4.2312046e-02  -7.0719592e-02   1.0335241e-01
  -1.8225901e-01   6.3156543e-01   3.9157825e-01  -1.8255605e-02   3.1778170e-01   2.2052711e-01   2.0735124e-03  -3.8005203e-01   3.2494201e-01   3.6190138e-01  -1.9130430e-01   0.0000000e+00   3.1449346e-02  -3.4846574e-01  -1.0165483e-01   1.2214991e-01   3.5690486e-01  -1.1243568e-01  -7.1183840e-02   3.4147667e-01   4.5661681e-02  -1.0964611e-01  -1.7120457e-01  -2.8711033e-01   1.0249859e-01  -9.1891879e-03   8.1862717e-02  -1.2384809e-01  -1.0158286e-01  -2.3016673e-01  -3.4204185e-01   1.9086668e-02  -1.0412105e-02   4.4821249e-02   8.5215313e-02   1.0621268e-01   1.2269837e-01  -2.4011727e-01  -2.1505817e-02   6.3791365e-01   7.5661922e-02  -1.1300795e-01   3.0952040e-01  -2.3495160e-01   9.3179552e-02  -1.8062043e-01  -2.0375574e-02   2.1082129e-02  -1.0415876e-01   4.6749705e-01  -1.6286440e-01  -2.3089132e-01  -1.7229745e-01  -1.0005885e-01  -3.7647045e-01   2.8861302e-01   2.1383769e-01  -1.1341299e-01  -1.2026030e-01  -5.6426605e-02  -1.7462197e-01   5.0287679e-02   1.5272280e-01  -5.2954425e-02  -9.6286104e-02   4.6412154e-01   5.6360313e-02  -1.2891304e-01  -2.3719533e-01   1.3856442e-01   5.9803546e-01  -2.6140705e-01  -1.5517373e-01  -6.2165780e-02  -2.8501815e-01  -1.2006662e-01  -5.3896803e-02  -3.2658225e-01   2.1482360e-01   3.9636789e-03  -3.3387927e-01   2.8010210e-02   3.6978016e-01  -3.9728118e-02  -1.3971480e-01  -5.4243063e-01   2.9070250e-02  -3.4157766e-01   1.2801053e-01  -2.0984030e-01   2.6696222e-01  -7.7292096e-02   1.6933471e-01   3.1266721e-01  -2.8262792e-01   7.6393879e-02  -5.9737009e-03   4.1942933e-02   1.5558060e-01   1.6311072e-01  -1.5473814e-01   1.7044995e-01  -3.2737610e-01  -1.3424958e-01  -2.0120552e-01  -2.4311065e-02  -2.0105855e-01  -8.1864259e-02   3.8240184e-02  -1.9750815e-01   5.8264307e-01  -2.8634716e-01   1.7114154e-01  -2.1108680e-01  -1.2065890e-01   1.3625169e-01  -6.9307518e-02  -1.3482741e-01  -1.1781697e-01  -2.5479859e-02  -4.7777769e-02   3.2462086e-01   2.6141001e-01   2.4544434e-01  -1.9129231e-01  -4.8719259e-01  -2.5281697e-02  -9.4619679e-02  -5.2623793e-02   2.5924701e-01  -1.2519869e-01   2.0454321e-01  -2.4483416e-01  -1.6308070e-01   2.6094410e-02  -1.6684201e-01  -6.4628152e-02  -3.2429525e-01  -1.5887951e-01  -2.5437543e-01  -2.3205083e-01  -2.2622519e-01  -2.2815187e-02   6.2383480e-02   1.1465817e-01  -7.7390781e-02   6.7500567e-01   1.8301797e-01   4.5435668e-01   9.4405171e-02  -6.9155488e-03  -1.9221682e-01  -1.3038219e-01   7.0427048e-03   4.5957153e-01  -1.3264637e-01   3.0735209e-02  -9.2123232e-03   1.4949954e-01  -2.0536078e-01   1.3558686e-01  -2.4896094e-01   1.9913481e-01  -1.4313844e-01   1.8270240e-01   5.1638774e-01   3.9571749e-01   1.4790225e-02  -1.2938252e-01   1.3653096e-01   4.7283780e-01  -2.0789566e-01  -2.3315661e-01   1.3795512e-01  -2.0128532e-01  -3.6589669e-02   8.1331198e-02
   2.6966959e-01  -1.9042748e-01  -1.3767821e-01   6.6221690e-01  -4.8294310e-02  -5.4393073e-02   5.4456669e-03   1.5524235e-01   1.5394185e-01  -2.3280359e-01  -1.5148863e-01   3.1449346e-02   0.0000000e+00  -3.2999000e-01  -1.7903363e-01   6.5846833e-01  -2.1584499e-01   1.1803502e-01   2.7522275e-01   2.5883738e-01   2.1593445e-01   1.4172047e-01  -3.6660017e-02  -7.3264591e-03   7.2553920e-01   2.0475901e-01   1.0202364e-01   4.2615345e-01   2.3714997e-01   9.7188262e-02  -2.0362949e-01   2.1988712e-01  -1.6813430e-02  -6.3374967e-02  -5.2024276e-03  -5.0665610e-01   9.1907086e-02  -2.0965227e-01   5.9634031e-01   1.1508869e-01   6.6945627e-01  -6.1769566e-01   1.0821061e-01  -1.0623879e-01  -1.3284270e-01   1.0419375e-01  -2.7398148e-01   8.4053209e-02   2.3440433e-01   4.5625902e-03   3.2977962e-01   1.7110220e-01  -9.3929656e-03  -5.8861646e-01  -2.1993844e-02  -1.2943699e-01   4.3145915e-02   1.9729731e-01  -2.6372066e-01   4.0365040e-02  -3.4823436e-01   2.5298730e-01  -2.1166075e-01  -4.7812130e-02  -2.5303518e-01   3.4138882e-02  -2.3647155e-02   2.2655846e-01   2.0381104e-01  -5.0950864e-02  -3.5741199e-02   4.4212695e-01   3.8346760e-01  -1.7491542e-01   4.1513090e-02  -8.9340730e-02   2.9883596e-01   3.9633069e-02  -5.5854810e-02   5.7221189e-01   9.5491084e-02   2.0725878e-01  -1.9925091e-01  -1.5769376e-02  -2.2606728e-01   2.3042468e-02   7.2133638e-02   2.1034564e-01  -4.4769604e-01   1.6519275e-01  -2.3032262e-02  -4.3202369e-01   1.7640371e-02   8.1473878e-02  -1.5796205e-01   1.6045929e-01   4.8169750e-02   3.0957364e-02   5.1483945e-01  -2.4805608e-01  -2.2380267e-01   1.1733181e-01  -4.4416699e-02  -4.8233881e-01   2.3540876e-01  -2.1826235e-02  -4.9334121e-01   1.8454941e-01   5.8613941e-01   6.3947672e-02   1.0294353e-01   1.2112546e-01   5.9141245e-01   1.3138194e-01   1.7154376e-01  -4.1991741e-02   1.2355293e-01   3.9253615e-01   3.6264353e-01   5.9196100e-01   3.9092978e-01  -3.9084394e-02  -2.8297671e-02  -1.5968338e-01   6.2011973e-02  -1.3963894e-01  -5.9033567e-02   4.1533104e-01   8.3221954e-02  -1.1590437e-01   1.6357097e-01  -2.5588793e-01  -3.4249402e-01  -1.1489138e-02   3.3197076e-01  -1.7889738e-01   4.4893232e-01   2.2842177e-01   1.4269021e-02  -4.1877490e-01   4.0866255e-01   1.4363867e-01   1.6196223e-02   7.5587244e-02   6.3211711e-03  -6.3147058e-02  -1.1276711e-01   2.1628901e-01   2.8191115e-01   6.3683494e-02  -2.4043772e-01  -2.9514365e-02   2.5834994e-02  -7.7425806e-02   2.3016025e-01  -1.9840848e-01   6.3113034e-01  -2.8835301e-01  -2.2332117e-01   1.3528634e-01   2.9309368e-01  -2.9622740e-02   2.5102953e-01   3.1487003e-01   8.7436915e-02  -1.2304655e-02   1.2661522e-01   2.8420819e-01  -6.0966541e-01  -1.8459667e-01   1.0002866e-01  -5.1832466e-02  -6.6965397e-02   2.3596055e-01   4.4688831e-01  -6.6215772e-01  -1.7292750e-03
   1.6144269e-01  -3.2441365e-01   1.1045765e-01  -5.1390235e-01  -1.5051425e-01  -2.7739103e-01   2.8884842e-01  -1.0193638e-01  -4.9133921e-01  -2.1153171e-01  -2.6790325e-02  -3.4846574e-01  -3.2999000e-01   0.0000000e+00   3.2732191e-01  -4.3920813e-01  -5.1291919e-02  -1.1925603e-02  -1.8985322e-01  -4.1428572e-01  -3.1170449e-01  -1.6337162e-03   1.7936095e-01   4.6350495e-01  -4.5674105e-01  -3.3346893e-01  -1.5430152e-01   7.1301502e-02  -4.5398339e-01   9.2284560e-02   1.8093942e-02  -2.0335049e-01   2.3795027e-01  -5.9079967e-02   4.5565192e-01  -7.7583706e-02  -1.1722880e-02   4.6791497e-01  -5.1144343e-01  -3.9369527e-01  -4.6131630e-01   5.1869779e-01  -4.1191025e-01   1.1998111e-02  -1.6456231e-01   3.5981023e-01   2.1142872e-01  -1.1461456e-02   1.1981921e-01  -3.5030106e-01  -5.3973023e-02  -2.8118130e-01  -2.6669838e-01   3.3552435e-01   6.1756117e-01   1.3255100e-01  -1.5520045e-01  -3.7258795e-01   1.5793940e-01   4.5736931e-01   3.3234462e-01  -7.8234102e-02  -5.3906047e-02  -3.6810289e-01  -1.1275541e-01  -5.1264298e-01  -2.1348451e-01  -2.7439282e-01  -1.0547949e-02   2.8854250e-01  -5.7262332e-01  -5.5398849e-02  -1.4506308e-01   4.6543485e-01   1.8556187e-01  -2.3624524e-01   9.8471365e-03   2.6569803e-01  -4.7174710e-01  -5.9912670e-01   2.5179334e-01   7.5279785e-03  -2.3100938e-01  -2.7013545e-02   6.7055554e-01   1.0752564e-01   2.6494830e-01   2.9150660e-01   2.9675795e-01   2.9808113e-01  -5.5976583e-01   4.6568430e-01  -1.6793871e-02  -2.9951644e-01   4.6573747e-01  -3.4878847e-01  -1.8341859e-01  -1.5224690e-01  -5.1401363e-01  -2.4623905e-01   5.7451311e-01  -9.7112308e-02   2.4037563e-01   4.6564365e-01   5.9118717e-02  -3.7970864e-01   6.3060244e-01  -1.3462191e-01  -1.9020677e-01  -1.9715424e-02  -4.6515126e-01   4.1861835e-02  -2.1855700e-01   1.7280523e-01   4.1846966e-01  -5.1999757e-01   2.4489713e-01  -1.7841113e-01   1.6807343e-01  -3.6545876e-01  -4.1397308e-02  -4.4653740e-01  -1.1922161e-01  -2.6593775e-01   3.9187639e-01   6.5483867e-01   7.4092398e-03  -4.4969632e-01  -3.4773905e-01   3.2324137e-01  -2.3167037e-01  -2.7092121e-01   7.6746894e-01   3.2697634e-01  -6.1495142e-01  -3.0259070e-01  -3.5212519e-01   3.2357019e-01  -3.6623904e-01   7.0546360e-01   2.3242301e-01  -8.2814881e-03  -5.4808609e-02   2.9065488e-01  -3.3585301e-02  -4.2607922e-01  -4.1452815e-01  -5.4010263e-01  -1.2737606e-01  -3.9615439e-01   6.2235071e-01   1.9532660e-01   3.7389783e-02  -1.8984588e-01   3.6158294e-02   5.1954482e-01  -5.2361398e-01   1.4722594e-01  -1.7455046e-01  -4.3856599e-02  -2.5795118e-01  -2.9406440e-01  -6.3715500e-01  -3.3285714e-01  -2.9032538e-01  -4.9081067e-01  -2.6262267e-01  -4.1763406e-01   6.7641355e-01  -1.5278783e-01  -4.6153963e-01   4.6669874e-01   1.4706270e-01  -2.9744138e-01   5.8162487e-02   5.6233694e-01  -1.0783641e-01
