   0.0000000e+00  -1.1052212e-01  -4.6884678e-02  -3.5721407e-01  -3.1222476e-01  -8.5939994e-02  -1.4605554e-01   2.6472714e-01   1.1422057e-01  -3.2652144e-01  -1.7049156e-01  -3.0523527e-01   8.0390235e-02   4.8925842e-01   1.1258048e-01   2.1339144e-02  -1.4844429e-01  -1.0925814e-01  -1.5005087e-01  -2.9365013e-01  -3.4235823e-01  -2.3124468e-01  -2.0204471e-02   8.0437323e-01  -3.7093650e-02   1.3217554e-01  -3.1098526e-01   2.4102993e-01   1.1378897e-01  -2.0094811e-01   9.6450095e-02  -1.5155815e-01   5.4311856e-02  -1.8434334e-01  -1.4227918e-01  -3.4447811e-01  -1.9064108e-01   6.4855726e-01  -4.2986262e-02  -2.3139753e-01  -1.4327620e-01   2.0273287e-01  -1.1942872e-01   9.2745112e-02  -2.3032877e-01   4.8093099e-01  -4.5249923e-01  -3.2117680e-01  -2.5456221e-01  -2.0698901e-01  -1.3664224e-01   2.2225022e-01  -2.8796992e-01  -3.6390424e-02   3.9275687e-01   3.3488840e-02   8.2005003e-02  -1.1162468e-01  -9.2842080e-02  -1.6571760e-01   3.6230420e-01  -1.5935962e-01  -5.6018029e-02   1.0371489e-01  -1.4906867e-01  -3.0005815e-01  -1.3406911e-01   1.4031356e-01  -3.0311752e-01   1.2162459e-01  -3.0320808e-01  -4.1173693e-01  -3.2692945e-01   6.3161015e-01  -1.6144724e-01   6.4423724e-02   4.3482373e-01  -8.6085981e-02  -2.9245221e-01  -7.9975499e-02   2.4610043e-01  -3.4842802e-01  -2.7554848e-01   3.5711274e-01   5.1197152e-01   1.4731028e-01  -1.3043026e-01   5.6873784e-01  -5.6623519e-02   8.9425581e-01  -3.3077074e-01   2.3624211e-01  -3.4943196e-01  -1.8512475e-01   6.4055844e-01  -2.8210724e-01  -2.9583940e-01   9.8207217e-02  -7.5780772e-02  -3.1378310e-01   1.9534159e-01   2.1495104e-01  -2.9895515e-01   6.3801981e-03  -2.8225142e-01  -2.1523026e-01   3.8528875e-02   8.1411175e-02  -2.0856188e-01  -1.4166123e-01  -2.9631199e-01  -7.7329413e-02  -2.9837516e-01   8.7230950e-01   4.8214405e-01  -1.8398947e-01  -1.4319879e-01  -2.8768779e-01  -1.3634215e-01  -3.2443505e-01   6.9861513e-01  -2.4782346e-01  -1.1474564e-01  -1.6120181e-01   6.7365726e-01   3.7716599e-01  -1.7911913e-01  -1.9436151e-01  -1.0426973e-01  -3.2682860e-01  -1.3707425e-01  -3.4395594e-01   3.4863123e-01  -6.7691527e-02  -2.8663852e-01   1.3037599e-01  -2.9627835e-01   2.5207744e-01   3.0926879e-01   6.5805402e-01   6.7269961e-01  -1.1829411e-01  -1.4074626e-01  -2.7290960e-01   6.8942169e-02  -2.9500927e-01  -2.0141950e-01  -2.3422189e-01  -3.3188777e-01  -8.7500793e-02   7.9846905e-01   2.8731968e-02   4.5552881e-01  -1.4011735e-01  -3.0001049e-01   6.7728030e-01   5.6555446e-01  -4.9485379e-02   2.1050139e-01   3.3346346e-01  -7.3588500e-02  -1.6042210e-03  -3.7931612e-01  -2.3597145e-01  -2.0241427e-01  -2.8420929e-01  -2.5807479e-01  -1.1927917e-01   5.7338726e-01  -4.2788540e-01  -3.8311838e-01   2.5459732e-01  -1.9708123e-01  -2.9765251e-01  -5.7744908e-02  -4.3759021e-01  -1.5083851e-01
  -1.1052212e-01   0.0000000e+00   2.0595404e-01  -6.6478227e-02   5.0909830e-01  -4.5626651e-02  -2.1292097e-01  -1.8937143e-01   5.2993622e-01   7.0797225e-02  -1.4203524e-01   6.0038272e-01  -2.2976244e-01  -4.0481591e-01  -3.5624911e-01  -3.2007552e-02   2.2079910e-01  -3.3586310e-01   2.7393521e-01   4.3686896e-01  -8.1029205e-02  -3.9127420e-01  -5.7045313e-01  -9.8508027e-02   2.8898559e-01   2.3285814e-02   1.3665313e-01  -4.4856520e-01   2.5755881e-01   3.3964382e-01  -2.5614976e-01  -2.4834490e-01   5.5095749e-02  -1.4072556e-01  -3.6700443e-01   2.7406625e-01   1.3579810e-02  -8.1812792e-02  -1.8529128e-02   4.2183073e-01  -2.3400311e-01   1.2638205e-01   2.3939709e-01  -8.9453091e-02   5.3642095e-01  -5.0215611e-02  -1.2596762e-01   1.5432500e-01   1.1588350e-01   3.3498145e-01  -4.7526271e-01  -9.3499424e-02   6.5014451e-02  -1.2127487e-02  -6.7564448e-02  -2.3074693e-01  -3.3302114e-02  -3.4473205e-01  -2.2290371e-01  -9.3788465e-02  -1.1462076e-01   1.6028150e-01   4.6003059e-01   3.7352597e-01   6.7006171e-01   2.3715906e-01  -3.6012600e-01   2.7398806e-02  -3.9549663e-01  -1.9969806e-01   7.5450072e-01  -4.7794524e-01  -5.1051554e-02  -2.0589031e-01  -1.7746221e-02  -3.4452688e-01  -9.0235811e-02  -2.1689172e-01   5.9876574e-01   1.1591451e-01  -3.8955778e-01   1.6713983e-02   6.0972502e-01  -2.3345229e-01  -2.1370634e-01  -3.3639137e-01   1.0904501e-02  -2.0021027e-01   2.8934778e-01  -8.5383845e-02   4.6553811e-01  -6.9456150e-03   3.5386218e-02  -2.5119396e-01  -5.0452195e-02   4.7057036e-01  -1.5455618e-01   1.8435758e-01  -2.2654707e-02   1.7378974e-01   1.0427059e-02  -1.1822033e-01  -4.5611881e-01   9.2696169e-02  -2.4326666e-01  -2.6344193e-01  -1.1433613e-01  -1.6576132e-01  -7.6767775e-02  -4.6361412e-01   3.7266745e-01  -4.3852832e-01  -2.8491409e-01  -1.4275278e-01  -2.4556538e-01   6.4485034e-01  -4.9956355e-01   1.4152492e-01  -2.0080262e-01  -3.9626871e-01  -1.5179089e-01   4.9907967e-01   3.5225031e-01   4.4142735e-01  -5.4577305e-02  -3.3064811e-01   6.4134150e-02   1.3265144e-01  -3.3776308e-01   2.2095758e-01  -1.8481294e-02   2.4206102e-01  -2.6451801e-01  -3.6083879e-03  -2.0101813e-01  -2.2913693e-01  -2.1210303e-01  -2.4140071e-01  -3.0221358e-01  -2.8614035e-03   4.5373787e-02  -1.2246894e-01  -2.9593935e-01  -2.7524516e-02  -2.3110941e-01  -1.5119977e-01   4.2492127e-01  -5.9343163e-02  -3.0150130e-01   2.6970308e-01  -1.5239464e-01  -5.0951079e-01  -1.1511781e-01   3.9619798e-01   5.2176054e-01  -6.6842070e-02  -1.4986608e-01  -2.3503447e-01   2.9735512e-02  -3.2237249e-01  -8.9437109e-02   1.8844148e-01   4.8514670e-01  -4.1177451e-01  -3.8689174e-01   4.7607848e-01   1.4840870e-01  -1.0247142e-01  -1.8275758e-01   6.2982870e-02   3.9753866e-01  -2.0689225e-01   3.7629212e-01  -1.8007338e-01  -2.3221335e-01  -1.7911849e-02  -2.4791410e-01
  -4.6884678e-02   2.0595404e-01   0.0000000e+00  -2.5870977e-01   3.4929190e-01   2.5653219e-01  -2.7972551e-01  -3.0778121e-01  -1.7572484e-02   1.4950818e-01   1.0212761e-01   5.6295708e-01   5.3540977e-02  -2.6018359e-01  -2.7953992e-01   1.7596164e-01   8.6134027e-01  -2.5452768e-01  -2.4077109e-02   3.6582373e-01  -3.7064390e-01  -5.4220595e-01  -3.9438833e-01  -8.3138645e-02  -2.1069315e-02  -1.0867575e-01   7.2053985e-02  -1.8106174e-01   9.3362594e-02   7.8595597e-02  -1.1106307e-01  -3.5279578e-01   1.6905889e-01  -1.2138298e-01  -2.7318974e-01   4.1076026e-01  -4.7551431e-01   2.3163879e-01   1.1179496e-01   3.6888120e-01   2.4799221e-01   2.1499791e-01  -8.2548936e-02   2.4331369e-01   7.0974432e-02   2.7280261e-01   1.0254535e-01  -1.0213377e-01   4.8446998e-03   6.8688860e-01  -3.0856970e-01  -2.4452952e-01  -2.4795681e-01   2.4396153e-02  -2.0683475e-01   1.7335731e-01  -1.6822697e-02  -5.3142930e-01  -4.4087231e-02   1.9120208e-01   2.7442374e-01   2.0073835e-01   3.6969638e-02  -3.7151261e-02   2.3215452e-02   2.0605646e-01  -6.3734012e-03   4.8084022e-02  -1.6594932e-01   4.8896986e-01   1.2530220e-01  -4.4656068e-01   3.0581754e-02   2.5169398e-01  -2.4474705e-01  -2.7647293e-01   3.3971179e-01  -1.0231956e-01   3.0945027e-01   4.0586335e-02  -1.2131079e-01   1.9282682e-01   1.4878593e-01  -1.4834574e-01   2.5401684e-01  -2.1669563e-01   5.7179177e-03   2.0476376e-02   2.4328817e-02   3.7808187e-02   2.6538036e-01   6.3116118e-01   1.8337533e-01  -4.1813450e-01   1.6083531e-01   1.8612538e-01  -7.3581593e-03   7.1099471e-02   2.7216920e-03  -2.2833608e-01   1.6212690e-01   2.3893553e-02  -2.8786856e-01   8.6614518e-02  -3.0483605e-01  -3.3707414e-01   1.2808289e-01  -2.6741680e-01  -1.7872073e-01  -3.5356770e-01   3.4195859e-01  -4.9385953e-01  -1.8026787e-01  -2.2120625e-01   1.6785117e-01   1.0763639e-01  -1.4533665e-01   2.3297673e-01   2.1964338e-01  -2.9541955e-01   1.4217119e-01   9.1188442e-02   1.5931471e-03  -1.6332221e-02   6.0395180e-02  -3.4506775e-01  -1.0178991e-01  -1.8975734e-01  -5.0777883e-01   5.6447053e-01   2.7910116e-01   8.5287282e-02  -6.1419145e-02  -4.4028968e-01  -2.9697306e-01  -2.2497956e-01   2.8583115e-02  -3.7693335e-02  -2.6276766e-01   4.6408238e-02  -1.4340956e-01   2.5707076e-01  -2.2233300e-01   4.9983958e-01  -4.7254006e-02  -4.0217638e-01   2.1056035e-01   8.4636371e-02  -5.4468910e-02  -4.4857207e-01   1.7002604e-01  -5.0751897e-01   2.8624896e-01   1.6450342e-01   5.9072143e-01  -1.3277947e-01   1.7390872e-01   1.8936148e-01   5.0603063e-01  -1.0888033e-01  -1.9320713e-01  -6.1023373e-02  -5.7459474e-02  -6.0629636e-01  -3.4429285e-01   1.2901533e-01  -2.2577947e-02  -1.7795785e-01   1.3524736e-01   9.6567419e-02  -6.5473483e-02   2.2652028e-01   2.4201601e-01   2.8178541e-01  -2.3344651e-01   3.9636639e-02  -5.2680136e-01
  -3.5721407e-01  -6.6478227e-02  -2.5870977e-01   0.0000000e+00   1.5389342e-02   4.8421951e-02  -6.2522117e-02   1.4387491e-01  -2.0915968e-02  -1.2822373e-01   7.4157345e-02  -1.0400754e-01  -9.4176246e-02  -3.1159913e-01  -4.3092821e-02  -3.3335505e-01  -7.7019593e-02   6.2042591e-02   1.6780014e-01   4.1272830e-02   3.5796673e-01   5.5368511e-01   1.2357063e-01  -4.3352697e-01   2.6406458e-01   2.4848177e-01  -1.0508256e-01  -2.0365768e-01   3.0001569e-02  -1.3119304e-01   1.9207634e-01   3.1560501e-01  -4.1881416e-01   2.1491550e-02   4.6151613e-01  -6.2832320e-02   4.7452476e-01  -4.4193076e-01  -1.3608130e-01   3.5352685e-02   1.3747732e-01  -2.8449893e-01   7.6404473e-02  -1.4002510e-01   1.4293482e-01  -2.2011782e-01   1.9367206e-01  -1.0998514e-02   3.9498011e-01  -1.7724317e-01   2.7292178e-01   2.0869226e-01   3.0709214e-01   3.5634244e-01   2.6218500e-02  -1.6816938e-01   2.1478755e-01   5.4810674e-01   1.8419747e-01   1.2616195e-01  -9.9833422e-02  -1.6807606e-02   1.2368541e-01  -5.6773438e-02  -1.0689299e-01   2.6981876e-02   1.2144803e-01  -2.7847001e-01   4.3147130e-01  -3.9741499e-01   1.3169940e-01   5.5198563e-01   1.0988692e-01  -4.2889247e-01   5.8851416e-01   2.7818246e-01  -1.4838921e-01   2.0315538e-02   1.7256044e-02   1.6937268e-01  -1.9366779e-01  -5.2272011e-03   1.3770315e-01   8.3084701e-02  -3.2473167e-01   1.6064291e-01  -3.0271206e-02  -4.4056044e-01  -1.7861502e-01  -3.0227617e-01   1.9338662e-01  -2.6989423e-01   1.2882372e-01   4.4407582e-01  -2.9049491e-01   2.3332263e-01   3.5611439e-01  -2.1839103e-02  -8.8227070e-02   6.9115137e-02  -2.1468344e-01  -2.8234454e-01   2.4724963e-01   8.6218364e-02   4.6278741e-01   5.2558155e-01  -4.1762702e-01   3.0982533e-01   2.0312211e-01   2.3353649e-01   2.5846147e-02   1.9393547e-01   3.9217800e-01  -1.4954348e-01  -4.5519150e-01  -4.5782678e-02   2.2524718e-01   7.4412853e-03  -1.6007958e-01   6.3805108e-01  -3.6545341e-01   1.4286995e-01  -2.0629436e-01  -5.4932369e-02  -2.8606072e-01   2.1704220e-04   9.8833441e-03   2.5416667e-01   5.9975592e-01  -6.2025974e-02  -1.4052606e-01   1.5212850e-01  -1.0212460e-01   1.9558983e-01   7.1157894e-01  -1.0398341e-02   2.7433030e-01  -2.4932776e-01   9.3775447e-02  -2.3571182e-01  -1.6250266e-01   9.2246192e-02   6.6811521e-02  -1.2409875e-01  -1.1384929e-01   3.6970828e-01  -7.2172101e-02  -1.8814134e-02  -5.0650177e-03   1.5441098e-01  -5.0597043e-01   1.0727723e-01  -4.0172559e-01   1.3153145e-01  -2.3296247e-02  -3.6478968e-01  -1.9768932e-01  -2.1498948e-02  -2.8714880e-01  -5.2554999e-02   2.7569096e-02   6.8404358e-02   1.3064979e-01   5.9071124e-01   4.7632223e-01   2.1210438e-02   1.3736411e-01   3.1816801e-01  -4.8419239e-01   2.6521238e-01   6.6582572e-02  -2.8441436e-01   7.0909780e-02   1.2361726e-01   1.7857713e-01   3.9311711e-02   5.5266971e-01
  -3.1222476e-01   5.0909830e-01   3.4929190e-01   1.5389342e-02   0.0000000e+00   1.3523910e-01  -4.2263631e-01  -2.4116646e-01   2.8548519e-01   3.6119929e-01   4.0744436e-02   5.9439652e-01  -2.3705874e-01  -5.6114543e-01  -5.6177884e-01   6.6601617e-02   4.9438552e-01  -2.4729528e-01   3.5034679e-01   8.9772723e-01  -9.7612804e-02  -1.9939048e-01  -6.2651417e-01  -3.8357206e-01   1.8418280e-01  -2.2742186e-01   3.1794828e-01  -6.0262434e-01   3.9574358e-01   2.0856173e-01  -2.4817124e-01  -2.3914964e-01   2.4862656e-01  -3.0336651e-02  -3.7353890e-01   8.0147776e-01  -5.8158884e-02  -6.6540174e-02   2.2267183e-01   4.4217651e-01   8.7492281e-02  -5.6831161e-02   1.2751334e-01  -3.5581076e-02   6.0848338e-01  -8.6035129e-02   4.2544990e-01  -1.3631968e-01   3.7950186e-01   5.5679860e-01  -3.1980185e-01  -2.8715076e-01   3.3744294e-02  -1.1165459e-01  -3.5435521e-01  -3.4285171e-01  -1.4663118e-01  -2.0310446e-01   4.3058238e-02   1.4272631e-01   1.1470121e-01   2.9465454e-01   4.1007240e-01   1.0880338e-01   5.8155036e-01   2.7844393e-01  -3.4630510e-02   2.9682141e-02  -2.8961453e-02  -3.3236009e-01   4.5404191e-01  -1.9911186e-01   2.8288478e-02  -4.3145377e-01  -8.2244052e-03  -2.9849753e-01   1.6438911e-01  -1.6784144e-03   9.0288305e-01   1.4534178e-01  -6.6857121e-01   2.2941862e-01   5.8057790e-01  -2.3797178e-01  -3.9919420e-01  -4.8927100e-01  -1.8636500e-01  -4.1876719e-01   3.4123397e-01  -2.0068447e-01   8.3067235e-01   2.0856774e-01   2.6767306e-01  -1.8651693e-01  -3.8096605e-02   7.9903892e-01   1.1153840e-01   1.3238541e-01  -4.1191282e-02   2.7348171e-01  -4.5694292e-01  -4.3562077e-01  -2.9534728e-01   9.4196229e-03  -2.1621964e-02  -5.8874081e-02  -1.6758078e-02  -1.8241811e-01  -2.4746746e-01  -1.7892788e-01   4.6121875e-01  -4.2681125e-01   4.4044431e-02  -3.8594523e-01  -6.0786238e-01   7.4715590e-01  -2.9662661e-01   3.7495235e-01  -2.7685791e-01  -1.9954711e-01  -8.0874326e-02   6.8845717e-01   3.4616373e-01   3.6000187e-01  -1.6061128e-01  -5.7565511e-01   4.8161205e-02   1.6621772e-01  -3.2939056e-01   2.5058502e-02   2.0740282e-01   5.4874443e-01  -5.9937465e-01  -3.7688627e-01  -6.1995125e-03  -3.5309136e-01   2.1661449e-01  -6.3935184e-01  -4.6666535e-01   2.8344591e-02  -7.1090456e-02   1.6287445e-01  -7.0743144e-02   1.1940100e-02  -2.6801375e-01   7.2036042e-02   8.3839237e-02   1.9077808e-01   3.6575448e-03  -1.2661364e-01  -3.7346862e-01  -6.0860500e-01  -1.5671261e-01   5.9695592e-01   5.1402335e-01  -2.7326740e-01  -1.5927540e-02   5.1765975e-02   2.9296109e-01  -4.3964037e-01  -9.6293494e-02   2.7476369e-01   3.7819714e-01  -2.5574612e-01  -1.3389057e-01   7.1133279e-01   2.6183973e-01  -2.5031979e-01  -2.6101126e-02   3.9198541e-01   5.4944197e-01  -9.3389361e-02   7.0049077e-01   7.2982898e-02  -3.5925767e-01   2.9455894e-01  -1.6920889e-01
  -8.5939994e-02  -4.5626651e-02   2.5653219e-01   4.8421951e-02   1.3523910e-01   0.0000000e+00   2.2164876e-01   2.3898518e-01   1.7767605e-02   7.8404689e-02   6.7925201e-02   3.3046504e-01  -2.4197590e-01  -1.4710692e-01   6.5216517e-02   2.2537549e-01   2.6878250e-01  -3.5399272e-01   1.8454157e-01   1.7742683e-01  -1.2762771e-01  -8.2885021e-02   8.0621959e-02  -2.8284997e-01  -5.2869535e-02   1.0683295e-01   2.7514580e-01  -3.6121167e-01   2.0687585e-02  -1.9150720e-01  -1.1704918e-01  -1.0590677e-01   1.4328110e-01   3.3742873e-01   4.0154983e-01   2.3467900e-01  -1.4186847e-01  -1.9564661e-01   3.5709755e-01   4.9717425e-01   1.4239588e-01   6.8672795e-02   2.6630816e-01  -1.3352795e-02  -9.1003558e-02  -3.9411430e-01   4.7683296e-02   3.9074879e-02   9.0763178e-02   3.8380719e-01  -1.2160743e-01   7.2340679e-02   2.3445762e-02  -1.2287551e-01   4.1594057e-02   1.9584953e-02   2.4989645e-01  -1.0224488e-01   9.2818710e-02   2.8574472e-01  -1.5941113e-01   3.9289654e-01   6.1191711e-02  -9.1616607e-02  -1.9354035e-01   2.9379367e-01   2.1010477e-01  -5.4420120e-03   2.4503093e-01   2.2889705e-02   1.0286013e-01  -3.4020384e-02   1.2326201e-01  -2.0953968e-01   4.3951359e-02   7.9299032e-03  -1.2836683e-01  -4.5093877e-02   1.7381662e-01   1.3121359e-02  -1.0995412e-01   2.3393685e-01   2.4319804e-01  -3.4900235e-02  -1.5816749e-01   5.0543355e-02   1.7632179e-01  -1.4314757e-02   1.8215584e-01  -2.3196987e-01   2.8511638e-01   1.6740560e-01   2.6884428e-01   5.7793212e-02  -2.5231051e-01   1.3200029e-01   3.5326520e-01   1.7406237e-01  -1.2494304e-01   1.1042516e-01  -1.1695138e-01   4.7207529e-02  -4.8914076e-02   1.5698870e-01  -2.7080398e-02  -1.5072460e-01   1.1385662e-01   2.6396230e-01   2.2965365e-01   3.2680680e-03   3.5667716e-01  -2.2394892e-01   1.5113948e-01  -2.0767931e-01  -1.2997547e-01  -1.1925871e-01  -1.2992525e-01   2.5055944e-01   6.3878144e-02  -5.2011295e-02  -1.8424652e-01   2.7066415e-01   2.6277198e-01  -1.9702190e-01  -4.0700200e-01  -2.7609763e-02   1.0595742e-01  -1.6295964e-01  -1.2355996e-01   2.8999380e-01   3.3727278e-01   1.0932448e-01  -2.8487614e-01  -2.1815182e-01   1.4920591e-01   9.6276638e-02  -6.8361338e-02  -2.2861564e-01  -1.7192653e-02  -3.8474304e-02   1.2084184e-01  -6.5522609e-02  -2.7786779e-01   3.6681074e-01   1.9334483e-01  -5.8499108e-02   4.5392529e-01  -6.7382198e-02   1.7136454e-01  -1.4167890e-01  -2.8072648e-01  -5.8545132e-02  -8.0109592e-02  -2.0702049e-02   4.6412669e-01  -5.7698318e-02  -1.5660519e-01   1.4368799e-01   7.8134358e-03  -1.7931570e-02   2.9002362e-01  -1.6378974e-01  -1.8014716e-01  -1.0283806e-01  -7.1875219e-02  -7.6983323e-02   4.4649843e-01  -3.6888778e-02  -1.1916466e-01   8.2166682e-02   2.6317372e-01  -3.5808582e-01   6.2636981e-02   5.6313629e-01   1.2253371e-01  -4.7619935e-02  -7.4457351e-02
  -1.4605554e-01  -2.1292097e-01  -2.7972551e-01  -6.2522117e-02  -4.2263631e-01   2.2164876e-01   0.0000000e+00  -1.3501613e-01  -3.0622862e-01   1.6899040e-01   8.4848247e-02  -1.2364059e-01   7.2721269e-02   2.2917926e-01   5.9951125e-01   2.5108299e-01  -3.3023400e-01   9.1200247e-02  -3.4962881e-01  -3.0398863e-01   1.8152999e-01   1.3175472e-01   7.1362956e-01  -1.8242496e-01  -3.4192527e-01  -1.8686383e-01   4.1973843e-01   2.9298363e-01  -2.9020820e-01   3.6934877e-02  -5.0737558e-02   1.0173130e-01   1.2228738e-01   6.3857460e-01   3.1496566e-01  -3.9670721e-02   1.6370173e-01  -3.5305863e-01   2.1329259e-01   7.9387651e-02  -4.1434182e-02   1.8821673e-01   1.5861370e-01  -1.9819421e-01  -2.2109002e-01  -3.3373656e-01   3.7633150e-02   6.2667373e-01  -4.0661707e-01  -1.3050663e-01   1.9702461e-01  -1.6121907e-01   1.6402968e-01  -2.5875130e-01  -3.6251644e-02   2.2659310e-01  -7.4406103e-02   1.2402058e-01  -6.6895896e-02   4.7199937e-02  -5.3608523e-01   1.5525610e-01  -2.7115021e-01  -2.2367851e-01  -3.7473128e-01   2.1851842e-01   9.2767470e-02   1.4772477e-02   1.1571186e-01   2.2382363e-01  -2.7521199e-02   3.1312213e-01   1.8449549e-01  -1.3848173e-01  -2.5029801e-01   2.0728843e-01  -4.3969013e-01  -3.0458134e-02  -3.3865323e-01  -2.3324552e-01   3.7167149e-01  -6.0338864e-02  -1.1183753e-01  -2.3906515e-01  -5.4407025e-02   3.0038015e-01   4.3596475e-01   1.1639254e-01  -1.5234227e-01  -3.6776936e-01  -2.1548314e-01  -2.4616504e-01   2.8985376e-01   1.5043814e-01  -3.5946439e-01  -4.3420993e-01   1.5876320e-02  -3.0671381e-02  -2.2198273e-02   4.1779908e-01   2.0739122e-01   2.7846022e-01   3.9861480e-01  -2.4549309e-03   8.9046708e-02  -1.2332238e-01   4.1709464e-01   4.7376030e-02   3.8580862e-01   1.9560547e-01   5.6894131e-02   3.9533227e-01  -4.7365420e-03  -1.6392469e-01   1.7758939e-01  -3.8056298e-01  -1.6014810e-02   1.1460313e-01   3.3244811e-01   8.6550572e-02  -3.7747894e-01  -9.8540042e-02   8.1658329e-02  -2.7833139e-01  -3.4748550e-01   1.7173344e-01   2.2259804e-01  -1.1885874e-01   1.4392082e-01   2.2150970e-01   1.1468657e-01   1.3190313e-02   1.0491172e-01   1.7912726e-01   4.3496939e-02   2.6057790e-01  -2.7318490e-01   3.0353530e-01   6.7537602e-02  -3.4699803e-01  -2.5135508e-01   1.0537175e-02   1.9656800e-02   2.2121026e-01   4.6366767e-01   1.1697570e-01   3.7033162e-01   2.5693799e-02   5.3459763e-01   1.9450475e-01  -2.1409248e-01   5.1160229e-01  -2.5438226e-01  -5.0829561e-01  -1.4820062e-01  -7.8317913e-02  -4.0663293e-01   4.7942480e-02  -3.1891988e-01   2.3163713e-01   2.2450052e-01  -3.3954039e-01  -1.4038055e-01   1.5885007e-01   1.7252180e-02  -2.4419107e-01   3.4581474e-01  -1.2905876e-02  -1.4378628e-01  -5.5462091e-02   1.8561285e-01  -3.9777975e-01  -4.6423923e-01   1.5480688e-01   2.0720272e-01   1.2578629e-01   7.4967381e-02
   2.6472714e-01  -1.8937143e-01  -3.0778121e-01   1.4387491e-01  -2.4116646e-01   2.3898518e-01  -1.3501613e-01   0.0000000e+00   1.6926111e-01  -2.9428187e-01  -2.5227790e-01  -3.1821408e-01  -2.1994633e-01   1.5363438e-01   3.4346014e-03  -9.7607594e-02  -3.3779278e-01  -5.8180611e-02   3.4040416e-01  -2.3395481e-01  -5.8170132e-03   2.7573415e-01   2.3872636e-02   1.9541833e-01   1.4480317e-02   4.4197733e-01  -1.5928070e-01  -1.1173424e-01  -4.9625452e-04  -1.9680065e-01  -9.2148288e-03   1.8565314e-01  -5.4520889e-02  -2.4600810e-01   3.3129665e-01  -3.4833047e-01   1.7844374e-01   7.8653985e-02  -8.8611075e-02  -3.0618592e-02  -1.8270697e-01  -1.0674000e-01   1.9148373e-02  -1.1874397e-01  -2.3761867e-01   2.1418827e-02  -2.8026046e-01  -2.0018155e-01   6.6737935e-02  -2.8532532e-01  -7.7499837e-02   7.0933408e-01  -3.9519931e-02   1.6874173e-02   3.5296246e-01  -1.7548102e-01   2.2874807e-01   3.3648842e-01   6.8392216e-02  -2.8970872e-02   1.4375512e-01  -1.9073420e-01  -8.0719283e-02   6.1930920e-02  -1.1269876e-01  -1.9230860e-01   2.1440190e-01  -1.2043146e-01   2.2715617e-01  -1.5329705e-01  -2.0140898e-01   1.2804685e-01  -1.6471829e-01  -3.8158710e-02   2.1293148e-01   3.3344201e-01   5.3093060e-02  -7.2460671e-03  -2.2126907e-01   1.2088586e-02   1.3948292e-01  -2.0881087e-01  -1.4976417e-01   5.2371807e-01  -8.1242100e-02   2.6950463e-01  -1.6495664e-01   1.7066946e-01  -3.0310248e-02   2.1305931e-01  -1.9297635e-01  -1.8205984e-01  -2.5013783e-01   2.7467145e-01   1.0954953e-01  -9.8188661e-02   1.8202624e-01   1.7688631e-01  -1.5257674e-01  -2.9713931e-01  -5.1883462e-02  -1.6896585e-02   3.9196205e-03  -1.7493931e-02   1.8114613e-01   3.0428790e-01  -2.5408449e-01   6.8228782e-01   7.6070147e-02   2.5568256e-02  -2.2498992e-01   2.0437630e-02   1.5140465e-01   3.4567795e-01  -8.5181091e-03  -2.1469716e-01   1.6169112e-01  -3.2857901e-01  -3.1196228e-01   1.2621294e-01   1.2961552e-01  -1.0600160e-01   1.2151934e-02  -1.9646111e-01   1.2258129e-01   3.2017335e-01  -1.1555182e-01  -1.5625568e-01   3.9834832e-01  -2.5280143e-01  -2.6915053e-01  -2.6732554e-01  -1.4215994e-03   9.7343178e-02   2.7171450e-01   4.5703385e-01  -8.9294589e-02  -5.2964560e-02   5.7144150e-01   1.7834461e-01   3.5201541e-01  -2.6298927e-01  -6.1829064e-02  -3.7344138e-01  -7.2457323e-02   1.2833022e-01  -9.1637421e-02  -2.3183425e-01  -2.5304798e-01   1.7754213e-01   7.1236790e-02   2.3362579e-01  -3.2612389e-02  -1.0324603e-01  -2.7177503e-01   2.7303080e-01   1.6851967e-01  -9.1747023e-02  -1.3291744e-01   2.0501213e-01   8.0632725e-02  -9.4519818e-02  -1.8592332e-01   3.0448367e-01   8.9499068e-02  -1.8918891e-01  -8.9285722e-02   1.8235742e-01   2.4535165e-02  -3.1041543e-01  -1.6562693e-01  -3.1548227e-02  -5.8063594e-02  -1.3578045e-01   2.8658233e-02  -3.0073846e-01   3.5765993e-01
   1.1422057e-01   5.2993622e-01  -1.7572484e-02  -2.0915968e-02   2.8548519e-01   1.7767605e-02  -3.0622862e-01   1.6926111e-01   0.0000000e+00  -2.1490788e-01  -2.1542222e-01   2.1748346e-01  -3.4226152e-01  -1.1900410e-01  -3.2009047e-01  -1.0370799e-01  -5.3904292e-02  -2.4689424e-01   2.0039884e-01   3.0227827e-01  -1.6282785e-01  -1.0022483e-01  -4.4685738e-01   1.3727874e-01   1.4948797e-01   1.6823873e-01   4.1236541e-02  -2.8738465e-01   2.4433784e-01   2.8122089e-01  -1.9275777e-01  -1.4390206e-01  -6.2513950e-02  -3.2344265e-01   2.5881174e-02   3.2558691e-03  -1.0445151e-02   1.3625830e-01  -2.0620044e-01   1.6387115e-01  -4.1378151e-01  -5.3675738e-02   6.2114015e-01  -2.1221049e-01   5.4731729e-01  -2.2656018e-02  -2.8041681e-01  -2.1579088e-01   1.5116463e-01  -5.2017978e-02  -3.6060148e-01   1.9447426e-01  -1.7477580e-01   7.9635295e-02   5.4890752e-02  -4.0067756e-01   1.6834706e-01  -1.5120692e-01  -2.9091184e-01   2.2316762e-01   6.1742420e-02  -4.7196414e-03   5.8470792e-01   4.3068906e-01   6.6562764e-01  -1.0578784e-01  -4.2300817e-01  -4.4433805e-02  -3.6226263e-01  -2.4590533e-01   2.4105423e-01  -2.9587919e-01  -3.1319599e-01  -1.9766997e-01   1.4719609e-01  -2.0588167e-01   8.0316994e-03  -1.9094274e-01   4.0139014e-01  -1.3287212e-01  -2.6407253e-01  -1.2033531e-01   1.5224136e-01   1.3579430e-01  -2.8846412e-01  -1.3365409e-01  -9.7641635e-02  -3.3245401e-03   1.5487966e-01   1.6917529e-01   1.5637176e-01  -9.1187796e-02  -3.3772562e-01   1.3172728e-01   7.6057274e-02   3.3551579e-01  -4.4099600e-02   1.4303065e-01  -3.8918808e-02   5.9526932e-02  -2.7589585e-01  -1.0610738e-01  -4.2409943e-01   4.3940636e-01  -4.4925538e-02  -9.3015696e-02  -2.1739941e-01   6.0703729e-04  -2.1586297e-01  -3.1204227e-01  -3.8511899e-02  -3.2806703e-01   1.8229726e-01   1.1188544e-01  -2.0455116e-01   4.4726746e-01  -3.6516678e-01   1.0952020e-02  -4.2289144e-01  -2.6203738e-01   2.1179432e-02   2.6496018e-01   3.9955208e-01   5.8877274e-01   6.9403095e-02   2.5764517e-02   2.0128940e-01   2.0385137e-01  -6.9756721e-02  -1.3457917e-01  -2.5578015e-01  -4.1170392e-02  -2.3140972e-01  -9.1951351e-02   5.1506423e-02  -4.1275116e-02  -8.3027854e-02  -2.0845840e-01   2.2405867e-02   1.7728417e-01   2.4163173e-01  -2.1858825e-01  -2.4738704e-01  -3.1247844e-01  -1.2182896e-01  -1.3785258e-02   9.0414472e-02  -2.1273117e-01  -4.6058297e-01   2.1019557e-01  -4.3931516e-02  -2.9624671e-01  -8.8331213e-02   2.8896790e-01   9.3955563e-02   2.4852500e-01  -2.9724475e-02  -3.4067089e-01  -9.3625589e-02  -2.0762371e-01   5.4147938e-02   2.4126883e-01   1.1659995e-01  -2.3652207e-01  -1.3452431e-01   3.9769899e-01  -1.9779000e-02   2.9540173e-02  -1.0342997e-01  -2.5652895e-01   1.3541641e-01   1.0441672e-03   4.8234342e-01  -1.3122209e-01  -2.1583286e-01  -2.9666516e-02   1.4512281e-01
  -3.2652144e-01   7.0797225e-02   1.4950818e-01  -1.2822373e-01   3.6119929e-01   7.8404689e-02   1.6899040e-01  -2.9428187e-01  -2.1490788e-01   0.0000000e+00   3.9938333e-01   3.6744413e-01   3.0841913e-02  -3.0400588e-01   3.4684032e-02   3.2272040e-01   3.0907754e-01   4.1037081e-02   1.8377333e-02   3.0798411e-01   1.5297880e-01  -1.6757267e-01  -5.5297674e-02  -4.1429742e-01   5.7263033e-02  -3.1349126e-01   1.5602797e-01  -1.3288271e-01   1.8504292e-01  -3.1376754e-03   6.5242998e-02  -2.5661860e-01   1.1064859e-01   3.8497408e-01  -2.7071387e-01   4.5875583e-01   2.0136526e-02  -3.1382838e-01   4.5770355e-01   1.5755186e-01   1.2032172e-01  -8.3749954e-02  -1.6207342e-01   2.1288611e-01   2.2791483e-01  -3.0581155e-01   3.4100761e-01   2.1845034e-01   2.0568799e-01   3.8364428e-01  -2.0144620e-01  -3.7361394e-01   1.7765494e-01  -1.5038430e-01  -3.0437904e-01   1.8991678e-01  -2.5214163e-01  -2.1370184e-01  -5.5866829e-02  -2.6639244e-02  -1.2020287e-01   1.8406329e-01  -3.9412922e-02   6.1967012e-02   1.3224173e-01   5.2812856e-01   1.4127556e-01  -1.7209067e-01  -1.0351429e-02  -1.9931862e-01   1.6335363e-01  -8.6102428e-02   3.6675733e-01  -1.4278446e-01  -1.3527429e-01  -1.8349001e-02  -1.2387918e-02   1.5691155e-01   3.3766833e-01  -1.2012428e-02  -1.7542744e-01   2.2513238e-01   3.6790445e-01  -3.0784280e-01  -8.4631087e-02  -1.6829637e-01   1.4006457e-01  -1.0012341e-01   1.4694097e-01  -3.0352124e-01   3.3051897e-01   7.2861407e-02   5.0818195e-01  -1.6561239e-01  -2.2529254e-01   2.4381501e-01  -1.3073693e-01  -8.2918590e-02   1.0701677e-02   4.1325275e-01  -5.5880445e-03   3.2169031e-02  -1.0508660e-01  -8.5348433e-02  -2.1786393e-01  -1.3738584e-01   2.4850420e-01  -3.8975627e-01   3.2818385e-01  -1.3083258e-01   5.0392480e-01  -2.0310863e-01  -2.6442908e-01  -4.8812909e-01  -1.2967245e-01   1.9222220e-01   1.1445653e-02   3.5463275e-01   1.5212914e-01  -1.2624909e-01  -1.9057398e-01   3.0436573e-01   1.0616812e-01   9.3980889e-02  -2.8301285e-01  -4.2738487e-01  -6.0907453e-02   6.6376438e-02  -2.3443973e-01  -4.3759437e-02   3.5634941e-01   6.3832945e-01  -3.7331578e-01  -1.0871549e-01  -2.3400385e-01   8.5466307e-02   2.8794720e-02  -1.0757604e-01  -3.4306242e-01  -2.3205715e-01  -2.3683255e-01   3.5776665e-01   2.3860839e-02   2.5523644e-01   8.4152891e-02   3.0698576e-02   2.2642720e-01   2.9853591e-01   5.0337099e-01   2.3409045e-02  -2.3895837e-01  -2.1964651e-01  -1.8210998e-01   2.6206441e-01   2.1947825e-01  -3.6396934e-01  -1.0033333e-01  -1.4918375e-02   9.4456078e-02  -1.5928819e-01  -1.2116668e-01   1.1633910e-01   5.2262490e-01  -2.0647737e-01  -1.6795976e-01   3.5383871e-01   4.7232611e-01  -2.0948064e-01  -5.5468894e-02   4.1062137e-01   5.2861001e-01  -1.6448753e-01   2.4605351e-01   1.9824778e-01  -2.5520136e-01   3.0394659e-01  -8.4733049e-02
  -1.7049156e-01  -1.4203524e-01   1.0212761e-01   7.4157345e-02   4.0744436e-02   6.7925201e-02   8.4848247e-02  -2.5227790e-01  -2.1542222e-01   3.9938333e-01   0.0000000e+00   1.5804455e-01  -6.2082196e-02  -1.1196841e-01   4.1834465e-01  -5.2255013e-02   1.4104642e-01   1.0719208e-01  -9.1587030e-02  -1.4424623e-02   2.3079227e-01  -5.7153726e-03   2.0675423e-01  -3.7115271e-01   9.9611759e-03  -2.0386181e-01  -1.8754500e-01   1.8536322e-01  -1.3827235e-01   7.8490433e-02   5.6736142e-01  -6.1463177e-02  -3.1700800e-01   4.4004736e-01  -7.0072430e-02   1.5213005e-01  -1.4674628e-01  -2.4411726e-01   3.3207377e-01  -2.0414611e-01   4.0206320e-01  -4.0106293e-01  -8.7310665e-03   6.5078077e-01   9.7240131e-02  -3.6323663e-01   2.7647063e-01   5.6942709e-02   1.8438178e-01  -4.6737698e-02   2.7614029e-01  -1.7112484e-01   2.1688657e-01  -1.9496971e-01  -1.3410220e-01   4.8885645e-01  -1.1475165e-01   9.1552392e-03   2.6635877e-01   4.2659740e-02  -1.7617128e-02   2.7783512e-01   3.9622575e-02   2.2244451e-01   7.4108901e-02   2.2065116e-01   2.5826656e-01  -1.1274195e-01   3.3193543e-01  -1.2435390e-01  -1.1595374e-01   1.6514049e-01   2.2247424e-01   1.5092461e-01  -1.5510461e-01   1.5655974e-01   2.5408725e-03   3.3840934e-01  -1.6597364e-02  -3.4281467e-02   1.0039874e-01   3.0415046e-01   2.1347131e-01  -1.0158676e-01   3.3041090e-01   1.3018311e-01   3.3406204e-01  -3.7824026e-02  -5.3905455e-02  -1.2070274e-01  -4.6229881e-02   1.6176564e-01   2.6766828e-01  -9.3118499e-02  -2.4412910e-01   2.7253846e-02   1.0471862e-01  -3.9748697e-02   2.0813524e-01   2.7463753e-01   1.1706216e-01   4.2190137e-01   1.2709833e-01   1.9885161e-01   7.6249382e-02  -2.5200337e-01   1.6521955e-01  -1.9173111e-01   2.4139264e-01   7.2770205e-02   2.5896796e-01   4.2577033e-02   5.9053890e-03  -3.0415439e-01   6.2874762e-02  -1.5314081e-02   4.1812553e-01   3.0392965e-01   3.7588340e-01  -9.2519257e-02  -1.8931571e-01  -1.7964059e-01  -1.5520628e-01   2.5308262e-01  -2.7524306e-01  -1.0352601e-01   3.3577061e-01  -2.1763854e-01  -1.9853396e-01  -1.4417436e-01   3.3912674e-01   5.2975496e-01  -4.0204369e-02   1.9161058e-01  -1.2643506e-01   8.6253358e-02  -3.3630509e-02   2.4499480e-01  -1.1814898e-01  -3.5241158e-01  -2.5732733e-01   2.8427237e-01   4.0421830e-01   4.2492323e-01   5.8892838e-01   2.5926623e-01  -7.2561922e-02   3.8140464e-01   3.8265791e-01   7.8326936e-02   1.5241720e-02  -8.7680519e-02  -1.5399675e-01   2.4816871e-01  -1.9093192e-02  -3.1878054e-01  -1.1968063e-01   3.6501546e-01  -2.7055946e-02   1.8034835e-01  -7.8048014e-02   2.1349203e-01   1.8529365e-01  -5.1762325e-02  -6.5765657e-02   6.5059852e-02   2.4339101e-01   7.9914738e-02   3.8659773e-02   4.2114902e-01   1.1345063e-01  -2.3986147e-01   1.7656233e-01   3.8646056e-01  -9.7518297e-02   1.6184099e-02  -6.1779626e-02
  -3.0523527e-01   6.0038272e-01   5.6295708e-01  -1.0400754e-01   5.9439652e-01   3.3046504e-01  -1.2364059e-01  -3.1821408e-01   2.1748346e-01   3.6744413e-01   1.5804455e-01   0.0000000e+00  -2.7772014e-01  -5.1868179e-01  -3.0045479e-01   1.6282267e-01   6.8304403e-01  -4.4343327e-01   1.9162533e-01   6.1725745e-01  -2.1840197e-01  -4.4137369e-01  -5.5660253e-01  -4.2115546e-01   1.1877721e-01  -1.6971568e-01   1.9915192e-01  -4.1192473e-01   1.7271480e-01   1.3346983e-01  -1.4635748e-01  -3.7324987e-01   4.5390473e-02   1.5135162e-01  -1.5589843e-01   5.1008810e-01  -3.4742192e-01  -1.3250063e-01   3.0512548e-01   5.2686143e-01   6.5015678e-02  -1.8872540e-02   1.5790237e-01   1.5703419e-01   5.6485380e-01  -1.3826217e-01   1.4046193e-01  -4.6811617e-02   2.0685387e-01   6.5369329e-01  -4.3515030e-01  -3.2643208e-01  -2.0920831e-02  -1.9626047e-01  -3.7441673e-01   1.0949886e-02  -4.7901126e-02  -4.4341585e-01  -1.0762945e-01   3.5132941e-01   1.0599772e-02   3.2474443e-01   2.2694958e-01   4.3576801e-02   3.2667066e-01   6.0431631e-01  -1.2561687e-01  -9.5824764e-02  -1.2616607e-01  -1.2356675e-01   4.5745422e-01  -3.8657060e-01   8.4654322e-02  -2.4800100e-01  -1.7962769e-01  -1.7838637e-01   1.2044887e-01  -4.0024774e-02   7.0953571e-01  -3.4765944e-02  -3.5954596e-01   2.7214289e-01   6.3117397e-01  -2.4272710e-01  -1.9732445e-01  -2.3947385e-01   1.0448652e-01  -3.6222778e-01   1.8099043e-01  -2.6477121e-01   6.5657393e-01   3.2572771e-01   4.0592971e-01  -2.4766664e-01  -7.3859091e-02   5.8317912e-01  -3.0430060e-02   1.8598765e-02   2.9297235e-03   2.0339856e-01  -1.6632720e-01  -1.1533472e-02  -2.5350450e-01   1.4856139e-01  -2.0228401e-01  -3.1598326e-01   1.0275410e-01  -2.7529699e-01   1.0112892e-04  -3.5945097e-01   7.6095248e-01  -5.2824508e-01  -2.3798553e-01  -3.8732012e-01  -3.1744165e-01   4.4890067e-01  -2.5488833e-01   3.8575113e-01  -1.8098019e-02  -3.8991207e-01  -1.1896030e-01   5.7385558e-01   3.3125082e-01   2.2043784e-01  -1.6623466e-01  -4.9944116e-01   9.2491046e-02  -1.5588765e-01  -4.2363062e-01   2.6818822e-01   3.4588181e-01   4.5974881e-01  -3.5107029e-01  -3.6998413e-01  -2.5556499e-01  -1.0563006e-01  -1.3447867e-01  -3.1027835e-01  -3.8072372e-01  -6.2598054e-02  -1.5367939e-01   1.8012488e-01  -2.3139928e-01   4.3857414e-01   8.9572322e-02  -1.7240194e-01   5.4600241e-01   4.7367587e-02   1.7532389e-01  -2.4083266e-01  -2.7570320e-01  -5.6503054e-01  -1.7508638e-01   3.8945884e-01   8.4813155e-01  -4.1715914e-01  -1.4088919e-01   3.2740047e-02   3.1324458e-01  -3.1987335e-01  -1.8909139e-01   8.1016862e-02   2.8405171e-01  -4.6951253e-01  -3.8479245e-01   5.9608909e-01   4.1757932e-01   2.3736775e-02  -1.7637794e-01   3.4248431e-01   5.8304876e-01  -7.1453448e-02   4.2658651e-01   3.1676587e-01  -2.7510606e-01   1.1030833e-01  -3.5380787e-01
   8.0390235e-02  -2.2976244e-01   5.3540977e-02  -9.4176246e-02  -2.3705874e-01  -2.4197590e-01   7.2721269e-02  -2.1994633e-01  -3.4226152e-01   3.0841913e-02  -6.2082196e-02  -2.7772014e-01   0.0000000e+00   2.4613245e-01   1.4593731e-01  -5.2304458e-02   1.9453856e-02   3.4241581e-01  -3.3911731e-01  -2.8046942e-01  -1.1147237e-01  -6.9252774e-02   1.3471807e-01   2.1005889e-01  -7.3725241e-02  -4.9185606e-02  -1.5647078e-01   1.1100903e-01  -8.0284477e-02  -1.4582590e-01   3.0119610e-02  -1.0732508e-01   1.0147179e-01  -7.3358499e-03  -2.2119061e-01  -5.6878141e-02  -7.6384747e-02   7.3727475e-02  -4.7330346e-02  -1.7041025e-01   2.8485037e-01   2.3942365e-01  -1.6532625e-01   9.5244720e-02  -3.3988801e-01   1.7532772e-01   2.2846382e-02   6.7569163e-02  -2.8544007e-01  -1.9038152e-02   2.4994271e-01  -9.7610236e-02  -2.1854983e-01   1.2870895e-01   4.5766304e-02   3.0917378e-01   6.7098207e-02  -1.3039202e-01  -8.3997442e-03  -2.8761786e-01  -8.1831026e-02  -6.8540441e-02  -2.2274469e-01  -1.4505186e-01  -2.9757090e-01  -6.1912726e-02   1.2521647e-01   2.1689392e-01  -5.0834814e-02   1.7534874e-01  -1.7475783e-01  -1.3302676e-02   2.2442285e-01   3.3057152e-01  -4.2046769e-03  -2.4150720e-01  -6.2215822e-04   2.0465631e-01  -1.7188090e-01   1.0363489e-01   1.4662440e-01  -7.2454561e-02  -3.2806542e-01  -2.1833014e-01   2.3902349e-01  -1.8732823e-01  -2.0750254e-01   1.5962156e-01  -1.8565733e-01   1.2543018e-01  -1.5758364e-01  -2.9641672e-02   2.0622919e-02  -9.6919688e-02   2.3096423e-02  -2.0298234e-01  -1.7471264e-01   8.1215211e-02   3.0298075e-01  -1.1725362e-01   1.1718750e-01   5.8252935e-02  -2.8838196e-02  -3.3274109e-01  -2.6046584e-01  -1.1606281e-02   3.1753395e-01  -1.2409938e-01  -3.7103193e-02   6.6000503e-02  -1.3842174e-01   5.6361289e-02  -1.1356444e-01   1.0228099e-01   2.3807071e-01  -1.6383137e-01   1.4960071e-01   1.5934100e-01   1.9677091e-01   9.8105204e-02   1.0840287e-01  -1.5845258e-01  -1.7179594e-01  -3.0091050e-01   1.1486537e-01   4.3861643e-02  -3.1062038e-01   2.5585400e-01   1.2494972e-02   9.5516336e-03   1.9929387e-01  -2.0783053e-01   2.9972830e-01  -4.8825273e-02  -9.2855602e-02  -2.7539774e-01   5.0658486e-02   8.0387264e-02  -8.2245710e-02  -1.0219206e-01  -7.8910792e-02   4.9669594e-01   2.0493114e-01  -3.7140173e-02  -1.4154238e-01  -2.9337769e-01  -8.5932436e-02   6.1667304e-03   2.9963522e-02  -9.7391287e-02   2.5475500e-01   9.0437449e-02   2.5188283e-01  -2.5910668e-01  -2.4489361e-01   1.3465824e-01   3.2989545e-02  -1.4420838e-02   5.9461101e-02   4.3791291e-02   4.4823464e-02   1.1825634e-01  -1.4683759e-01   6.4157450e-02  -2.2273000e-02  -3.2048654e-01  -1.9289683e-01  -2.5023223e-01   1.3470683e-01  -2.5974340e-02  -2.4431885e-01   1.5845287e-01  -3.6627535e-01  -1.2326410e-01   1.3939482e-01   1.2491384e-01   1.1042255e-02
   4.8925842e-01  -4.0481591e-01  -2.6018359e-01  -3.1159913e-01  -5.6114543e-01  -1.4710692e-01   2.2917926e-01   1.5363438e-01  -1.1900410e-01  -3.0400588e-01  -1.1196841e-01  -5.1868179e-01   2.4613245e-01   0.0000000e+00   4.6731182e-01   4.7387459e-03  -4.7213790e-01   3.5027743e-01  -2.4573262e-01  -6.1352539e-01  -2.2713450e-01   1.4718480e-01   4.0711261e-01   6.1674668e-01  -3.3981127e-01   1.5527746e-01  -2.7993677e-01   5.7180337e-01  -2.0818687e-01  -7.2193980e-02   1.2417810e-01   4.2831495e-02   9.1423491e-02  -3.5808319e-02   2.4165322e-01  -4.8951301e-01  -2.3653631e-03   1.1133938e-01  -1.5225832e-01  -4.1457096e-01  -1.9391803e-01   2.5106534e-01  -1.8303814e-01   6.2481321e-02  -4.4281050e-01  -3.9852949e-02  -3.8107709e-01  -8.4318647e-02  -4.4625373e-01  -4.5321837e-01   2.0784478e-01   1.3884375e-01  -4.5841870e-01   1.2583237e-01   4.3687516e-01   2.6260648e-01   7.3480697e-03   1.3186522e-01  -3.0219761e-02  -1.0193086e-01  -2.0403431e-01  -3.4399827e-01  -1.9823417e-01  -2.0010466e-01  -2.2201725e-01  -4.7975068e-01   8.8097351e-02   4.0796895e-02  -1.2149077e-01   2.0877502e-01  -5.3611154e-01   2.9911580e-02  -7.6817843e-02   5.0013736e-01  -8.5860835e-02   2.4810651e-02  -2.5375997e-01   1.1755432e-01  -5.7186346e-01  -1.3323190e-01   7.0406201e-01  -3.3351379e-01  -5.4899426e-01   3.3131045e-01   4.2571686e-01   6.8487682e-02   1.6790532e-01   6.1704356e-01  -1.2454276e-01   3.7571734e-01  -6.1013866e-01  -2.4780387e-01  -3.7138534e-01   8.5141166e-02  -1.9498299e-02  -6.1680021e-01  -2.3383313e-01  -4.8897912e-02   2.0040104e-01  -2.3348998e-01   1.6712180e-01   3.2347063e-01   3.1457120e-01   1.6645213e-01  -1.8069096e-01  -1.6596060e-01   7.9625757e-02   1.7311339e-02   3.2244472e-02   1.0315419e-01  -4.7232190e-01   4.8194347e-01   8.8845246e-02   3.8188919e-01   6.2300236e-01  -3.9485548e-01   1.8012695e-02  -2.5220528e-01   2.4784262e-01  -1.0214380e-01   7.8009380e-02  -5.4974507e-01  -1.8699828e-01  -1.9622998e-01   6.9374878e-02   8.2640838e-01   9.3002767e-02  -2.1198899e-01   6.3380144e-02  -2.3233626e-01  -1.4810729e-01  -4.4197618e-01   6.0430333e-01   1.1596821e-01  -1.7249606e-01   3.6790823e-02  -3.4184320e-02   4.6504077e-01   1.4504635e-01   1.7914149e-01   2.8865019e-01  -2.0755722e-01   5.2682974e-02  -1.1780917e-01   1.7648914e-01  -1.1782669e-02  -2.5890132e-01  -3.1493628e-01  -1.5300051e-01  -6.9795011e-02   5.0525010e-01   5.4190232e-01   3.2730586e-01  -4.2913168e-01  -5.1987150e-01   5.6748514e-01  -4.8259018e-02  -6.2006632e-03  -2.5361651e-01   5.6905002e-01  -8.3457590e-02  -1.4890656e-01  -4.7961408e-01   8.0451559e-02   1.8213428e-01  -5.0976703e-01  -3.4742926e-01   4.7564014e-03   1.3856448e-01  -3.8683388e-01  -4.6495751e-01  -1.1741728e-02  -4.0142230e-01  -1.2900805e-01   4.3171656e-02  -2.3917112e-01   1.6733256e-01
