   0.0000000e+00  -2.7856675e-01  -3.1900619e-01   4.6278073e-03  -2.3584852e-01   1.6869178e-01  -1.4832279e-01  -4.6372880e-02  -1.7207060e-01  -4.0538341e-01   6.2932166e-02  -3.2238950e-01  -4.7078844e-02   2.6274343e-01  -1.5811756e-02   3.0034289e-01  -2.3611024e-01   3.4471835e-02  -3.9073142e-02  -2.5360988e-01  -1.5724537e-01   2.6185934e-02  -3.3405433e-01   5.0238998e-01   5.9104739e-02  -1.6977267e-02  -2.5343272e-02   4.7879068e-01  -1.1790322e-01  -5.0253488e-02  -3.5476009e-02   6.9886761e-02   1.3452652e-01  -2.2602698e-01  -1.3930280e-02  -1.7298617e-01  -2.9710885e-01   6.1763539e-01   2.6825020e-01  -1.5391620e-01   1.3675222e-01   2.0103542e-01  -2.3329730e-01   1.8134575e-02  -1.4459046e-01   4.3763757e-01   1.2331361e-02  -2.1844582e-01  -2.1662184e-01  -2.0513324e-01   5.9251709e-02  -1.1014681e-01  -2.7541070e-01  -8.9119532e-02   7.6105261e-02   1.2081672e-01  -2.2012145e-02   4.3328994e-02  -6.1906957e-02   1.3263573e-01   2.5813664e-01  -2.1246612e-01  -3.6613897e-02   5.8747954e-03  -1.9388881e-01  -3.4671714e-01   6.0791813e-02   1.9238685e-01   2.0389775e-01   8.7480489e-02  -3.2097333e-01   9.5685516e-02   1.4559069e-01  -2.0450092e-01  -1.0289228e-01  -1.3498267e-01   3.2861949e-01  -8.1634805e-02  -6.4860018e-02   1.6093362e-01   2.3093767e-01   6.9720635e-02  -1.3520849e-01  -1.4568510e-01   2.3893999e-01   1.5113119e-01  -2.0459498e-01   4.1658063e-01   1.1317990e-01   7.6658263e-01  -2.2078288e-01  -6.4131003e-02  -2.9222256e-01   1.3954765e-01   5.6515653e-01  -3.2651240e-01   6.6099673e-02  -3.7525453e-02  -1.6822565e-02  -3.1667562e-01   3.3942112e-01   7.8362755e-02   7.3297221e-02  -4.3569706e-01   3.3627610e-02   3.8080041e-02  -8.7057561e-02   5.6240720e-02  -1.7164939e-01  -2.2247601e-01  -3.6746918e-01   1.2031695e-01   1.8990739e-01   7.1653259e-01   3.5452478e-01  -6.8668441e-02  -3.3881482e-02   2.0706998e-02   2.0447026e-01   9.0928104e-02   5.2507647e-01  -2.6183693e-01  -2.8920735e-01  -2.6307881e-02   4.9424870e-01   2.1869710e-01   3.7428575e-03  -1.7094376e-01   8.2696640e-03  -2.7694149e-01   2.3766910e-01  -5.6006700e-02  -1.7691225e-01  -2.0194398e-01   5.4199855e-02  -1.0351133e-01  -1.0773896e-01   2.6148638e-01  -1.7218741e-03   3.4814867e-01   4.9717894e-01  -1.6327420e-01   1.6172127e-02   2.0542953e-02  -2.0975330e-01  -1.1400062e-01  -3.1801948e-01  -3.5253480e-01  -1.1123827e-01  -1.9921501e-01   3.3223592e-01   1.9961434e-02   5.3104519e-01  -2.2468333e-01  -1.1352076e-01   6.1438780e-01   5.2878790e-01   1.3768892e-01  -2.4035847e-02   1.1009775e-01   1.2472689e-01  -1.7478062e-01  -3.2636244e-01  -4.0065082e-02   1.4548897e-01  -2.2890674e-01   1.2283209e-02   1.7050042e-01   6.7775052e-01  -3.5822798e-01  -2.7896172e-01   4.6589447e-01   6.7835922e-02   1.7455200e-01   2.8833388e-02  -1.5143699e-01   1.9447864e-01
  -2.7856675e-01   0.0000000e+00   3.4938737e-01  -5.0641353e-01   5.7411155e-01  -5.6976950e-01  -2.6888561e-02  -1.5559201e-01   2.9056121e-01   3.2688517e-02  -6.1133278e-01   5.6868915e-01  -2.6506532e-01  -5.0165141e-01   1.9056061e-02  -3.5354420e-01   5.7547615e-01  -5.8938111e-01  -5.1166389e-02   3.5470118e-01   5.7649019e-01  -5.8906258e-01   6.2333556e-01  -1.8157591e-01  -9.7026105e-02  -1.8579560e-01  -1.4398786e-01  -3.0014720e-01  -1.4295733e-01  -3.0504214e-01  -2.3062400e-01  -3.2071742e-01  -7.0662108e-02  -1.3172670e-02  -1.1481508e-01   1.9336520e-02   2.3496356e-01  -2.9549267e-01  -1.7847640e-01   3.0959140e-01   4.2611210e-03  -2.7231068e-01   5.5117753e-01  -2.9873019e-01   3.4150798e-01  -1.4089112e-01  -5.1159781e-01   3.8592944e-01   2.7617856e-01   3.8202562e-01  -6.9910595e-01   4.9163785e-02   6.1416318e-01   1.9029297e-01  -5.0831578e-01  -3.8030289e-01  -1.6269066e-01  -3.9234869e-01  -8.7883379e-02  -6.3618878e-01  -1.6113423e-01   3.2456568e-01   3.5964760e-01   4.4096555e-01   4.0462229e-01   1.1017545e-01  -4.2310392e-01   4.2536684e-01  -6.0049430e-01  -3.8060563e-01   6.9178678e-01  -5.1698910e-01   1.7175490e-01   4.0496469e-01   1.0579043e-01  -1.1403133e-01  -2.4238468e-01  -1.3708736e-01   6.8858868e-01  -9.2693263e-02  -4.2621924e-01  -9.4899646e-03   1.2066321e-01  -5.2583426e-02   9.6774763e-02  -2.3336293e-01  -1.7889281e-01  -4.8072065e-01   1.8975100e-01  -1.8928546e-01   7.3445045e-01   9.2394937e-02   2.4562370e-01  -2.6063502e-01  -2.4741272e-01   6.9705824e-01  -1.9215468e-01  -1.4082689e-01   1.6237074e-01   2.7041716e-01  -4.8433137e-01  -2.7321097e-01  -3.9082152e-01   5.7717535e-01  -6.4836280e-01  -4.7534976e-01   1.3585760e-01  -3.7680337e-01   2.6594590e-01  -2.2986761e-01   4.7334250e-01  -5.2407221e-01  -4.1285002e-01  -1.3550104e-01  -2.8374807e-01   7.3891065e-01  -2.4527135e-01   1.2267481e-01  -3.5377302e-01  -5.0827999e-01  -3.7669436e-01   5.6839484e-01   3.5024681e-01  -2.2185929e-01  -2.4865929e-01  -6.0038143e-01  -4.5922271e-01   8.3659943e-03  -5.1394757e-01   5.3261534e-01  -1.0463470e-01   3.4055364e-01   2.4171844e-01   2.1314057e-02  -3.8082104e-01  -2.1821763e-01   1.6063260e-01  -4.6025064e-01  -1.6478308e-01  -6.0015476e-02  -4.0005429e-03   2.4545081e-02  -3.5654922e-01  -4.6364790e-01   2.5568416e-01  -1.9460840e-01   5.9487244e-01   7.1494682e-02  -4.8670635e-01   5.8082594e-01   1.0491568e-01  -3.6851779e-01  -2.3020946e-01  -2.3437032e-02   3.4611911e-01  -1.4731704e-01  -1.7265258e-01  -7.9114428e-02  -5.6359736e-02  -4.4016814e-01   3.0667781e-01  -1.7828292e-02   5.9900722e-01  -4.2373947e-01  -3.5579467e-01   6.5939185e-01   2.1149420e-01  -4.2423276e-01  -2.5692990e-01   6.8609012e-01   6.8401462e-01  -2.2033128e-01  -1.4216606e-01  -4.3745514e-01   1.8310112e-01   2.6092892e-01  -6.1292348e-01
  -3.1900619e-01   3.4938737e-01   0.0000000e+00  -5.3841195e-02   4.3662956e-01  -1.1759452e-01  -1.0815227e-01   2.9265588e-02  -2.0628016e-01   7.8876847e-02  -3.0522137e-01   4.8380211e-01  -2.2255787e-01  -1.5954242e-01   7.4347065e-02  -1.0873702e-01   7.5443591e-01  -4.4759113e-01   1.0341888e-01   4.5575195e-01  -1.8288979e-01  -2.8758079e-01   3.1448206e-01  -2.2790835e-01  -1.9044708e-01   4.7481578e-02  -6.0400342e-02  -3.6696682e-01   1.0379364e-01  -3.5280707e-01  -1.6053073e-01   5.0817578e-02   1.2443968e-02  -3.4408102e-02  -1.0407424e-01  -2.2607972e-02  -1.3441139e-01  -3.0340867e-01  -1.5764973e-01   4.5452330e-01  -1.7228638e-01   2.7468286e-01   7.0498691e-01   7.6532762e-02  -2.5424433e-01   9.5042207e-02  -3.1606070e-01  -1.5432432e-01  -3.3310427e-02   6.7844966e-01  -3.5855915e-01   2.2132180e-01  -7.5617707e-02   3.1452611e-01  -1.6227257e-01   3.4985317e-02   1.3441569e-01   3.1964092e-02  -3.4468837e-01  -2.7462357e-01   2.4868224e-01   1.1590208e-01   1.9399577e-01  -2.7734429e-01  -2.9396015e-01   3.2111379e-02   6.1109917e-02  -1.6287166e-01  -2.4745487e-01   4.6066024e-01   2.5271854e-01  -2.6743520e-01  -1.0098700e-01   8.0355061e-01   5.0234973e-02   5.3512460e-04   1.3903611e-01  -1.2924728e-01   2.0070997e-02  -1.1219334e-01  -1.8382160e-01  -2.5614875e-01  -1.2480477e-02   6.3470246e-02   2.3928954e-01   1.3705334e-03   6.9891431e-02  -3.3365640e-01  -7.6697758e-02  -3.4531756e-01   2.4349232e-01   5.8705809e-01   2.2643454e-01  -1.8339137e-01  -2.4850479e-01   4.9605208e-01   1.4205498e-01  -1.0260211e-01  -1.1059478e-01  -1.9045386e-01  -1.9849547e-01  -4.3949289e-02  -1.6457562e-01   3.7332953e-01  -3.7731578e-01  -1.9089035e-02   2.4768625e-01  -1.8374715e-01   8.8798509e-02  -1.7390240e-01   2.9331573e-01  -6.5685581e-02  -1.0081642e-01  -2.3763584e-01  -2.7994478e-02  -8.8918701e-02   9.5775184e-02  -9.8797593e-02   7.1607452e-02  -2.1074983e-01  -1.9323983e-01   3.6512283e-01   5.8212111e-01  -5.1529828e-01  -1.5927718e-01  -1.3960059e-01  -4.4013006e-01   8.3735421e-02  -3.0972417e-01   7.7679717e-01  -3.4952735e-01  -2.7408662e-01   6.1793817e-01  -1.7476277e-01   1.0724709e-01  -1.0518906e-03   2.4807746e-01  -3.7061160e-01  -5.3948095e-02  -3.9649537e-01  -1.3377997e-02   8.7893275e-02  -2.5551377e-01   1.3430773e-01   1.1714904e-01  -2.9220423e-01   5.7685495e-01   4.2440986e-02  -2.9349880e-01  -1.3215437e-01   4.7273066e-01  -2.1330630e-01  -5.0011775e-02  -1.4620877e-01   7.1481559e-01  -4.5723208e-01  -1.5848460e-01  -1.3950737e-01   4.1880334e-01  -1.4539906e-01   4.3932203e-02  -1.5637983e-01   3.9213532e-01  -4.8715041e-01   4.7648689e-02   7.6923223e-02  -2.0947725e-01  -2.6814437e-02  -1.4721110e-01   4.0416470e-01   1.9088490e-01  -1.6681886e-01  -3.8732306e-01   2.0767137e-01   1.9835576e-02   3.2197489e-01  -3.4249193e-01
   4.6278073e-03  -5.0641353e-01  -5.3841195e-02   0.0000000e+00  -1.7058822e-01   3.3422375e-01   5.4719756e-02   3.8088907e-02  -8.0816233e-02  -2.8014449e-02   2.1861512e-01  -1.9489518e-01   2.4477249e-01   2.1656824e-01   4.0934408e-03   2.7612828e-01  -2.6323483e-01   3.1920761e-01  -7.7730982e-02   1.2188336e-01  -4.0766106e-01   6.3136033e-01  -3.1636305e-01   1.8746815e-02   1.1392142e-02  -1.4220898e-02   2.5452493e-01   3.4514712e-02  -9.2061342e-02   2.4539898e-01   4.1013075e-02   3.8378308e-01   2.9209490e-02  -8.2454214e-03   1.5166542e-01   3.1260162e-01  -1.9285836e-01  -7.1005062e-02   1.1911702e-01  -5.3389328e-02   2.6345485e-03   3.5656293e-01  -2.5335264e-01   1.9677404e-01  -1.5012622e-01  -1.1791968e-02   4.6279682e-01  -3.1489565e-01  -2.1751847e-01  -7.0550683e-02   4.8892459e-01  -1.1097183e-01  -4.1606317e-01  -8.4558557e-02   3.2114397e-01   1.9140537e-01   2.9771801e-02   5.5707948e-01   1.3908896e-01   6.1794652e-01   1.0972177e-01   1.1506239e-01  -1.1980288e-01  -3.2460459e-01  -2.3800536e-01  -4.0778004e-02   3.2739697e-01  -3.0868739e-01   5.1479930e-01   3.5777243e-01  -3.9370198e-01   4.4315548e-01  -2.5144930e-01  -1.3343590e-01  -2.0398993e-01   1.7427556e-01   7.3246619e-02   3.1338768e-01  -3.5727516e-01   1.4839741e-01   2.5916121e-01  -4.0288740e-03  -1.0652370e-01  -1.0140069e-01  -5.4469782e-02   2.6821243e-01   1.8914908e-01   9.8284774e-02  -5.3370826e-02  -1.1427912e-01  -5.4710016e-01   1.1288634e-01  -7.3124099e-02   4.8623860e-01  -1.0084354e-01  -3.3566806e-01   3.1815819e-01   3.0006833e-02  -2.9219898e-02  -1.7621972e-01   1.7366307e-01   1.7024867e-01   3.1341704e-01  -1.6302192e-01   4.5569852e-01   6.1375719e-01   4.2434305e-02   2.2859998e-01   4.8326671e-02  -1.0933238e-01  -3.0600805e-01   4.4411548e-01   4.0876665e-01   1.1232972e-03   1.7284130e-01  -5.4313499e-01   9.5669020e-02   9.9165219e-03   2.1315897e-01   7.3614915e-01  -2.8057186e-02  -2.8152244e-01  -5.3160803e-02   1.2860850e-01  -6.7577662e-02   4.1957860e-01   3.0616507e-01  -1.1980075e-02   6.6350660e-01  -3.0439339e-01   1.6698047e-01  -8.3917124e-02  -5.2271379e-02  -1.7327153e-01   5.9568982e-01   1.6758923e-01   1.3757821e-01   2.8207478e-01   8.0842618e-02   7.2228729e-02   1.4410343e-01  -1.1230078e-01   1.7515897e-01   2.2868428e-01  -6.7028399e-02   1.7141609e-01  -2.7206540e-01  -2.5657165e-01   1.7093767e-01  -4.0793416e-01  -6.8499431e-03   2.0405634e-01   5.9382399e-02  -1.1766985e-02  -7.3970441e-02  -1.5485795e-01  -1.6070395e-02   4.1676955e-02   1.6762689e-01   3.3552892e-01  -6.7854525e-02  -1.7461689e-01  -3.9262413e-01   2.8529336e-01   4.2620480e-01  -4.0911201e-01  -9.4818443e-02   3.0210283e-01   9.4736833e-02  -5.5234285e-01  -4.4655524e-01  -4.8005461e-02   7.4136258e-02   3.0539062e-01  -2.8500759e-01  -1.1548073e-01   6.3887381e-01
  -2.3584852e-01   5.7411155e-01   4.3662956e-01  -1.7058822e-01   0.0000000e+00  -1.8197109e-01   1.1573123e-01  -1.5632615e-01   7.4159880e-02   1.1472475e-01  -3.6881642e-01   6.5863284e-01  -6.7388393e-02  -2.8603795e-01  -1.1456676e-01  -2.7109196e-01   4.2920869e-01  -2.5619192e-01  -8.7939351e-02   7.8764800e-01   2.2559077e-01  -3.2834525e-01   4.3419011e-01  -2.3627989e-01   4.6758564e-02  -1.6849857e-01   3.1534596e-01  -2.3426721e-01  -9.8265724e-02   6.0703131e-02  -4.1027989e-01  -1.8032279e-01   2.0301343e-02  -2.0451447e-02  -2.5881847e-03   5.2092566e-01   1.6772819e-01  -3.9196991e-01  -1.5059543e-01   3.7648422e-01   3.7384256e-02  -1.8775672e-01   4.3445425e-01  -2.4588649e-01   2.2462009e-01  -1.3679121e-01   4.8458387e-03   2.9317998e-01   1.3841340e-01   1.8429475e-01  -2.7420978e-01  -6.0018259e-02   1.2322858e-01   9.0072605e-02  -3.9140210e-01  -1.9565221e-01  -1.1051284e-01  -1.3356286e-01  -3.5566919e-02  -2.6511993e-01  -9.5382375e-02   5.3314230e-01   1.4813262e-01   2.3312601e-01  -1.4192090e-02   2.5005764e-01  -7.2994704e-02   3.7760319e-01  -2.0952196e-01  -4.8937231e-02   1.5831473e-01  -1.0853555e-02  -1.1861485e-01   3.1633678e-01   4.0779784e-02  -2.8251514e-02  -1.5347433e-01  -2.6988991e-02   6.8643457e-01  -1.2917217e-01  -2.9115240e-01  -1.5060113e-01  -1.6572788e-01   1.1897004e-02  -1.3989818e-01   2.6990083e-02  -1.2612776e-02  -4.3354407e-01   1.6883057e-01  -1.7830997e-01   5.1540789e-01   5.9353106e-02   3.6859632e-01   3.7655921e-02  -3.9229214e-01   7.3441497e-01   5.4561677e-02  -8.0713897e-02   4.1461996e-01   1.5692218e-01  -4.4141377e-01  -7.9942869e-02  -2.1845657e-01   5.0767914e-01  -2.9517173e-01  -3.6135146e-01  -1.4023913e-02  -3.1012905e-01   2.1818985e-01  -3.9623447e-02   3.6032412e-01  -1.9548902e-01   1.7808728e-03  -2.0177211e-01  -1.7970781e-01   4.1629371e-01  -2.3369926e-01   4.0083989e-02   4.2940376e-02  -2.1135019e-01  -3.6313998e-01   8.0674598e-01   4.5480825e-01  -2.0537565e-01  -1.6257373e-01  -3.0113070e-01  -9.7970801e-02  -1.2454064e-01  -2.4264547e-01   2.7478851e-01  -5.3199549e-02   3.4006487e-01   3.5161746e-01  -3.8209119e-01  -2.0050944e-01  -1.4094646e-01   9.0390233e-02  -4.6186326e-01  -6.0714532e-02  -1.9428028e-01  -1.2009695e-01   1.8134550e-01  -1.3465470e-01  -8.5456667e-02   2.8722519e-01  -9.7390765e-02   4.0258775e-01   1.0369511e-01  -1.4192238e-01   1.3945171e-01   5.3238829e-02  -3.5320641e-01  -2.6425539e-01   3.1274972e-02   4.7641482e-01  -2.7514100e-01  -2.9684844e-01   7.7122770e-02  -8.0679291e-02  -3.2550047e-01   1.4355359e-01   1.1058921e-01   1.2133019e-01  -1.9678134e-01  -1.5263168e-01   5.8472373e-01   2.7784000e-01  -2.0852689e-01  -1.7007206e-01   3.7669326e-01   7.0536642e-01  -3.4887805e-01  -1.8063465e-01  -3.2751947e-02   5.7860931e-02  -1.1785435e-01  -3.2336372e-01
   1.6869178e-01  -5.6976950e-01  -1.1759452e-01   3.3422375e-01  -1.8197109e-01   0.0000000e+00   9.8762861e-02   3.2233919e-01  -2.3182413e-01  -2.6406268e-01   2.7619513e-01  -4.0174906e-01   1.9418128e-01   4.5188685e-01   8.0929365e-02   4.8529735e-01  -3.5767394e-01   2.2677160e-01   2.5735402e-01  -1.1698532e-01  -4.7814814e-01   3.8483310e-01  -4.3824239e-01   6.0174546e-02   8.2967705e-02   3.6223843e-01   4.2785184e-01   5.2166128e-01  -1.0770228e-01   2.7359337e-01   4.9028996e-02   5.7919486e-01   3.1722692e-01   5.1618799e-02   1.6718166e-02   1.4905889e-01  -4.4404145e-01   3.3360602e-01   2.9235573e-01  -5.2715925e-02  -4.9368324e-02   2.4203926e-01  -3.4803806e-01   5.1644396e-01  -1.8609922e-01   2.1218558e-01   3.1761392e-01  -1.0732364e-01  -1.9784307e-01  -3.5824458e-01   4.5879722e-01   2.4966976e-01  -3.8681701e-01  -1.1184095e-01   3.4457853e-01   4.4591545e-01   4.7047662e-01   4.5044402e-01   2.7108043e-01   4.1163205e-01   3.2661267e-01  -3.3722833e-01  -3.0355244e-01  -2.4067540e-01  -2.6846208e-01  -3.2712060e-01   7.8938618e-01  -8.5107826e-02   7.8577942e-01   5.1681613e-01  -4.6510768e-01   2.6700996e-01  -2.4426408e-01  -1.4574730e-01  -5.0704923e-03   1.8360466e-01   3.4345503e-01   9.2972065e-02  -3.1673372e-01   7.3952575e-02   5.4479177e-01  -2.4155841e-01   5.0283397e-03   3.0732813e-01  -1.4951327e-01   3.8080209e-01   1.7143763e-01   2.7351850e-01  -4.5096312e-02   2.1652922e-01  -4.0335758e-01   2.4608856e-02  -7.2884612e-02   2.7644932e-01   2.5418547e-01  -4.5245796e-01   6.5325401e-02   3.8754902e-01  -3.1380702e-01  -4.5064237e-01   3.7223524e-01   4.5004661e-01   3.9966853e-01  -3.0795839e-01   4.3591381e-01   4.6207705e-01  -2.8263700e-02   6.0303531e-01  -4.0745432e-01   2.3674952e-01  -2.7298004e-01   5.6977182e-01   6.1088973e-02   4.3467526e-03   3.5690881e-01  -4.0125729e-01   4.5737449e-01  -1.8992974e-01   5.0200522e-01   2.6403234e-01   2.4424645e-01  -2.8008876e-01  -2.3611830e-01  -6.9970670e-02   2.8710348e-01   6.4642959e-01   3.6285157e-01  -8.6792214e-02   4.0763365e-01  -2.8058039e-01   5.2259936e-02  -2.5835050e-01   4.2856223e-02  -1.1780228e-01   3.3195877e-01   1.7179518e-01  -7.5069888e-02   4.2050748e-01   4.3358602e-01  -1.5751257e-01  -6.0079904e-02  -5.4905585e-02   1.7325665e-01   5.2423842e-01   8.0742613e-03   6.8434253e-02  -4.4078948e-01  -1.4491532e-01   2.3261426e-01  -5.3327829e-01   9.3758665e-03   3.2518842e-01   9.2779162e-02  -1.0572469e-01   5.2535409e-02  -2.8412966e-02   3.2914319e-02   2.5808540e-01   4.2864723e-02   5.1381428e-01  -1.0381393e-01  -1.1613594e-01  -4.8057028e-01   5.8402723e-02   4.9999619e-01  -4.3456151e-01  -3.1181527e-01   5.0913388e-01   1.8835214e-01  -3.1490522e-01  -3.3035888e-01   4.8221659e-02  -1.8627409e-01   7.2454103e-01  -1.6913913e-01  -2.9105129e-01   5.8331112e-01
  -1.4832279e-01  -2.6888561e-02  -1.0815227e-01   5.4719756e-02   1.1573123e-01   9.8762861e-02   0.0000000e+00  -4.7159799e-01  -5.0813771e-01   3.8782722e-01  -2.3646986e-01   4.3448730e-01   2.4512760e-01   2.4078928e-01   5.1828049e-01   1.2619307e-01  -4.2076381e-01  -1.2641952e-01  -4.8457398e-01   1.9610028e-01  -9.1403747e-02   2.8838379e-01   4.5933640e-01  -6.3510580e-01  -5.3771839e-02  -5.2786777e-01   3.8393194e-01   6.1154829e-02  -1.5493280e-01   6.0355847e-01  -3.2580524e-01   1.7775095e-01  -1.1541460e-02   7.9126458e-01   4.8947407e-01   3.5762417e-01   6.1977003e-02  -3.8155595e-01   7.0742294e-02   3.8227096e-01   8.8539897e-02  -1.0923072e-01  -4.6770992e-01   1.1343632e-01   6.4352845e-01  -5.9899034e-01  -4.6960080e-02   7.5252412e-01  -6.3926378e-02  -1.2459097e-01   2.0577150e-01  -5.0492331e-01   2.2294032e-01  -1.1849147e-01   2.7109259e-01   4.0638237e-01  -4.5849812e-01   1.8662613e-01   2.3126955e-01   4.6677951e-02  -4.9300552e-01   1.8986038e-01  -6.5175402e-01  -5.0393620e-02   3.1691513e-01   4.9154708e-01   3.4171783e-01  -6.0754986e-02   1.0196365e-01   1.7913566e-01   6.3662586e-02   2.6720643e-01  -6.6587555e-02   8.5772822e-02  -2.4275068e-01  -3.1031522e-01  -5.0058256e-01  -4.4371078e-02   8.4193812e-02  -1.4493629e-01   5.3960544e-01   2.2219296e-01   5.5437094e-02  -4.3617678e-01  -5.1882939e-01  -1.0086161e-01   5.0173302e-01   8.5912307e-02  -4.7876178e-01  -7.1413367e-02  -3.1916048e-01  -4.5381823e-01   5.3876264e-01  -6.3294998e-02  -4.4327423e-01  -4.3514354e-02  -3.0396902e-02  -2.5011533e-01   4.7234056e-02   5.7678453e-01   1.0827012e-01   6.0925418e-01   4.7542644e-01   6.2206803e-02   3.4772611e-01  -1.0054232e-01  -1.0712953e-01  -1.6430924e-01   3.1340834e-01   2.6563774e-01   6.1007694e-01   4.2115892e-01  -2.7094394e-02  -3.4616968e-01   4.9941809e-01   6.6994400e-02   1.5379247e-01   3.7714718e-02   2.1695738e-01   2.9091299e-01  -4.3827342e-01   3.7753357e-02   3.3290058e-02   1.0709082e-01  -5.1805690e-01   2.9176725e-01   5.3958738e-01  -2.8322293e-01  -1.9942212e-01  -2.6805787e-01   4.4112070e-01   3.8586823e-01   1.6528727e-01  -1.7259807e-01  -4.4788288e-01  -4.8558360e-01  -4.1040960e-02   3.4806185e-02  -3.7338734e-01   1.7915215e-03  -3.7454444e-01   1.0127741e-01  -1.3018895e-01   4.1004822e-01   6.4513711e-01   7.5381800e-02   4.2516495e-01  -9.0762630e-02   4.7192256e-01   2.8911959e-01  -1.0544899e-02   4.8383789e-01  -3.7479411e-01  -2.7060581e-01   2.3994765e-01  -3.7022845e-01  -6.1609668e-01   3.8657569e-02  -4.0977848e-01   4.1009770e-01  -1.0580100e-01  -2.9473635e-01  -2.5539367e-01  -3.7179778e-02   3.0431464e-02   3.2480318e-01   9.9505008e-02  -9.2035986e-02  -2.8418551e-01  -1.3642099e-01   3.1374846e-01  -5.9517430e-01  -2.7715903e-01   1.2866218e-01   6.2805354e-02  -2.7175751e-01   1.1311199e-01
  -4.6372880e-02  -1.5559201e-01   2.9265588e-02   3.8088907e-02  -1.5632615e-01   3.2233919e-01  -4.7159799e-01   0.0000000e+00   1.4357403e-01  -3.2155047e-01   1.8818589e-01  -3.9357214e-01  -8.3318977e-02   6.0954878e-02  -5.4507589e-02  -7.7992701e-03   1.6538793e-01   1.1458946e-01   5.0588402e-01  -1.5347018e-01  -1.0753522e-01   5.0726214e-02  -4.0789390e-01   2.1381229e-01  -3.4194831e-02   5.3655083e-01  -1.2345835e-01  -1.2056643e-01  -1.9982967e-03  -2.8370920e-01   3.0815044e-01   3.7422078e-01  -7.8154997e-02  -3.3069203e-01  -2.9566562e-01  -1.8395495e-01  -3.0091390e-01   2.6290022e-01  -8.7021743e-02  -1.6068028e-01  -1.5471540e-01   1.7180278e-01   1.2122256e-01   1.3002578e-01  -3.9922874e-01   3.3723711e-01   8.4489372e-02  -4.4108236e-01   4.8262407e-02  -3.6717345e-02   3.6430430e-02   6.8931741e-01  -1.3304944e-01   1.7416944e-01  -1.6304054e-01  -1.5525203e-01   5.6332950e-01   2.8608456e-01   1.6345074e-01   1.6167915e-01   3.6782980e-01  -3.8275684e-01   2.8014415e-01  -1.5042000e-01  -1.5405111e-01  -4.0305958e-01   4.2678479e-02  -1.6036014e-01   3.0594410e-01   3.3427197e-02  -3.9566796e-02  -2.2510056e-01  -3.7385143e-01  -8.4139088e-02   2.7983125e-01   6.7376546e-01   4.1608771e-01   6.1548743e-02  -1.4957781e-01   2.8739816e-01  -1.3941163e-01  -3.1495989e-01   2.4511440e-02   7.2012528e-01   2.7646495e-01   3.8206763e-01  -1.6308786e-01   2.9957923e-02   2.9293296e-01  -1.5357586e-01   1.1376556e-01   2.7832290e-01  -3.1993391e-01   3.6096182e-02   3.5906905e-01  -1.0462458e-01   7.1060611e-02   4.0584048e-01  -3.3195234e-01  -5.1840232e-01   1.6448946e-01  -1.5026687e-01  -1.1700537e-01  -1.3683118e-01   2.7969246e-02   4.5632382e-01  -2.0692477e-02   5.9981002e-01  -4.7445757e-01  -5.2920220e-02  -3.5693893e-01  -4.8914513e-02  -2.2516413e-01   5.0965660e-02  -2.8407850e-01  -1.8986545e-01   1.3948216e-01  -2.1094141e-01  -5.6745627e-02  -2.5178309e-01   2.7329836e-01   6.5253488e-03  -4.4428396e-02  -8.5723319e-02   2.9077622e-01   2.4838776e-02  -2.2430109e-01   2.4731179e-01   4.2500236e-01   1.3609303e-01  -3.1142133e-01  -2.8944857e-01  -1.2192814e-01   2.4620362e-01   4.1846813e-01   7.2123918e-01   1.2235914e-01   2.4659277e-01   7.4089769e-01   3.8597176e-02   1.8305238e-01  -9.6052898e-02   2.1219023e-01  -1.3701709e-01  -2.2420031e-01   1.7422771e-02  -3.3381341e-01   1.1511274e-01  -2.4033359e-01  -3.6692359e-01  -5.0228087e-02   3.7286717e-02   1.2217859e-01   6.9558648e-02  -8.0578954e-02   2.2556684e-02   4.1030287e-01   3.3728937e-01   3.2967821e-01   1.1815545e-02   1.6958363e-02   2.0331142e-01   4.3498219e-02   2.9373656e-02   3.2455108e-01  -3.2094801e-01  -3.3013893e-01   1.0001688e-01   8.2487884e-02   7.5392704e-02  -3.1662620e-01   1.9307053e-01  -7.4798660e-02   1.2687401e-01  -6.3355123e-02  -2.1751776e-02   2.0651044e-01
  -1.7207060e-01   2.9056121e-01  -2.0628016e-01  -8.0816233e-02   7.4159880e-02  -2.3182413e-01  -5.0813771e-01   1.4357403e-01   0.0000000e+00  -1.1734410e-01   1.1673664e-01  -1.6368386e-01  -2.1382076e-01  -3.1014131e-01  -3.8629429e-01  -8.8521267e-02   1.4376107e-01   1.7131705e-01   1.6916610e-01  -1.0649431e-01   5.3127139e-01  -1.6770685e-01   1.8274416e-02   3.9494321e-01   3.1461994e-01   1.3866203e-01  -5.5411046e-02  -1.0426410e-01  -3.9655096e-02  -2.1832006e-01   8.6553712e-02  -3.3031227e-01   8.7743523e-02  -4.6090673e-01  -4.0779649e-03  -1.1078736e-03   2.4309297e-01   3.3733476e-02   1.0686413e-01  -3.1541969e-01  -4.3786369e-02  -1.7605314e-01   2.6610757e-01  -2.1472307e-01  -1.1397855e-01   9.2348961e-02   1.8058670e-01  -2.7921923e-01   2.0925255e-02  -1.7675237e-01  -1.6894435e-01   2.2772716e-01   1.1210470e-01   7.0407719e-02  -3.0514863e-01  -4.7188148e-01   1.2551470e-01  -2.6656728e-01   3.4077937e-02   5.5117777e-03   7.6539866e-02   1.8050861e-01   5.6251663e-01   5.6936729e-01   2.3625378e-02  -1.6948421e-01  -4.7442356e-01   3.8653543e-01  -1.6802736e-01  -4.8416867e-01   2.1544762e-02  -8.7665817e-02   1.2660414e-01  -3.3787022e-01   3.3058980e-01   9.7216756e-02  -1.7862907e-03   1.4665149e-01   3.0715526e-01   8.6545946e-02  -5.2041918e-01   3.1631078e-02  -1.0101196e-02   2.2525989e-01   7.5156417e-02  -2.0328262e-01  -5.9711707e-01  -2.8452497e-01   4.5970848e-01  -1.4815283e-02   3.6142725e-01   3.2165560e-02  -3.5533667e-01   1.7550698e-01  -2.3414433e-02   1.6266065e-02  -4.9273720e-03   1.7501077e-01   1.9116607e-01  -4.5561878e-02  -4.4985335e-01  -3.7241904e-01  -5.1839944e-01   2.8933415e-01  -3.4751960e-01  -9.7287271e-02   9.3237344e-02   1.9890056e-02   5.0529145e-02  -2.0196977e-01  -2.7473166e-01  -5.4393700e-01  -2.2556509e-02   1.3283885e-01  -4.9667796e-01   2.3459367e-01  -2.7428447e-01   1.6636087e-01  -3.8064087e-01  -2.1567167e-01  -4.2362123e-02   1.3355894e-01   3.2519905e-02   1.4373008e-01   7.1659235e-02  -4.6464880e-01  -1.4735970e-01   1.5544723e-01   2.5538730e-01   7.3974906e-03  -7.2658252e-02   1.0952399e-01  -2.6871412e-01   1.4552221e-01   1.8270162e-01   2.2704828e-01  -7.5804614e-02  -2.2089591e-01   1.5395942e-01   6.7661230e-02   1.6373615e-01   7.7388512e-02   1.6532221e-01  -4.6824876e-01  -3.0518773e-01   3.0524411e-02  -2.5315304e-01   1.0030928e-01  -2.9396553e-01   5.9321978e-02  -3.7081536e-01  -5.6533957e-01   3.3144002e-02   4.4645159e-01  -2.6169809e-01   2.4931615e-01   1.9677268e-01  -6.5504159e-02  -6.5862764e-02  -4.9958397e-01   3.1447694e-01   4.0269560e-01   1.3526405e-01   2.0754351e-01  -1.0439481e-01   4.3578616e-02   2.7482976e-01   3.0950076e-02   1.7336400e-02   1.2171439e-01   2.8858541e-02   1.5094152e-01   4.6618241e-01  -2.4792154e-01   3.6747449e-02   1.2732191e-02  -5.8786495e-02
  -4.0538341e-01   3.2688517e-02   7.8876847e-02  -2.8014449e-02   1.1472475e-01  -2.6406268e-01   3.8782722e-01  -3.2155047e-01  -1.1734410e-01   0.0000000e+00   5.6137454e-02   4.3687199e-01   1.2802989e-01  -9.9129832e-04   9.3685969e-02  -2.1731999e-01  -1.2564349e-01   6.6268471e-02  -4.9437495e-01   1.6938372e-01   1.2843209e-01   1.8674084e-01   4.6798904e-01  -4.3097182e-01  -1.0977335e-01  -5.1169392e-01   9.5270052e-02  -3.6568895e-01   1.6556682e-01   2.9886120e-01  -1.2838974e-01  -2.1222347e-01  -1.3091858e-01   5.2380626e-01   2.3124190e-01   2.5265140e-01   5.2507267e-01  -4.9341586e-01  -4.3624959e-02   1.9387796e-01  -2.8509894e-02  -4.5588788e-01  -1.1395762e-01  -4.1384394e-02   3.5292997e-01  -5.5972577e-01   3.4787592e-02   3.3990853e-01  -9.8527893e-02  -5.1057212e-03   2.4078679e-01  -3.4072926e-01   1.4363167e-01  -2.8278591e-01   1.5439476e-02   1.2894046e-01  -3.7306704e-01   5.9486528e-03  -6.5159463e-02   5.1410491e-02  -5.1871493e-01   1.0611706e-01  -2.6426860e-01  -1.1654152e-01   2.5347410e-02   8.4106835e-01  -9.8281177e-03  -2.6871947e-01  -1.7784413e-01   3.0628377e-02   2.5841476e-02   1.9384287e-01   5.6438404e-02  -5.5729287e-02  -1.8086758e-01  -2.1554063e-01  -6.0735900e-01  -1.1689624e-01  -6.6763146e-03  -2.0392186e-01  -3.7079579e-02   6.8425605e-02  -5.1968066e-02  -3.3589033e-01  -3.9766408e-01  -2.3883327e-01   2.0545437e-01  -1.0701054e-01  -1.5808245e-01  -4.9539765e-01  -1.0998767e-01  -4.0682501e-01   5.1304373e-01   1.0824477e-01  -5.0493564e-01   2.3594605e-02  -1.6129222e-01  -3.4927794e-01   1.7551305e-01   6.2812683e-01  -1.8914512e-01   1.2576408e-01   1.1146361e-01   1.8325218e-01   2.3204568e-01  -2.2770385e-01  -2.2681223e-01  -3.5096271e-01   4.4067811e-01   4.4300704e-01   3.5021868e-01   4.2561059e-02   5.0959511e-02  -4.5310589e-01  -1.1020350e-01  -1.1291694e-01  -2.1285552e-02  -1.3739643e-02  -9.2299122e-02   6.3002351e-02  -5.2440201e-01   1.1889383e-01   1.8232687e-01   1.0074292e-01  -5.2479418e-01  -1.1260345e-01   2.4158656e-01  -1.6721807e-01  -2.0192773e-01   2.3003249e-02   1.0208987e-01   1.6779953e-01  -3.7946897e-04  -1.9101139e-02  -2.5658150e-01  -2.4691420e-01  -3.1247539e-01  -1.4874271e-01  -4.6336623e-01  -5.8918356e-02  -3.5305201e-01  -5.5317274e-02  -1.3541216e-01   2.0970815e-01   1.8754722e-01   6.5736515e-02   3.9366150e-01   4.6239932e-01   5.4937123e-01   2.3076272e-01  -2.8889205e-01   1.6790477e-01  -4.5476615e-01   1.2245948e-01   1.6202297e-01  -2.9709878e-01  -5.3663752e-01  -1.6032361e-01  -3.3734584e-01   4.2956126e-02  -2.4363581e-01   9.1621549e-02   1.5457761e-01   1.1365639e-01  -2.8653478e-01   1.7730073e-01  -2.3424845e-02  -2.5156110e-01  -4.5993054e-01   1.0234405e-01   2.0924558e-01  -4.1573545e-01  -5.6506685e-02  -1.3619086e-01  -1.4680616e-01  -2.1156883e-01  -9.9071824e-02
   6.2932166e-02  -6.1133278e-01  -3.0522137e-01   2.1861512e-01  -3.6881642e-01   2.7619513e-01  -2.3646986e-01   1.8818589e-01   1.1673664e-01   5.6137454e-02   0.0000000e+00  -5.3224073e-01   7.1484794e-02  -1.0269279e-01  -1.5274810e-02   2.9933128e-01  -1.5306836e-01   6.9314551e-01   1.2805843e-01  -3.0647904e-01   6.1371869e-02   1.3024390e-01  -3.9033211e-01   2.3631933e-01   2.8619402e-01   3.4650827e-01   9.5308316e-02   4.4632008e-02   1.9363653e-01  -5.0532206e-02   5.8104767e-01  -1.5220771e-01   8.9453173e-02  -1.1161789e-01  -1.1296327e-01   7.0249035e-02   4.6301337e-02   1.0695046e-01   2.8223164e-01  -2.1690587e-01   7.5844089e-02  -4.8355896e-02  -1.9623693e-01   1.7862972e-01  -2.7664652e-01   5.0349140e-02   4.7822318e-01  -3.2343761e-01   8.3714559e-02  -2.2153059e-01   6.3811064e-01   1.3825744e-01  -2.4856416e-01  -1.1593141e-01   1.4341060e-01   4.0716445e-02   1.3004104e-01  -7.0983009e-02   1.7581551e-01   5.4264590e-01   1.0853919e-01  -2.0140576e-01   1.1678641e-01   8.1374453e-02  -1.5616543e-01  -1.0713088e-01   3.8896165e-02  -2.0739167e-01   3.7746391e-01  -9.2818790e-02  -2.9457447e-01   4.3594667e-01   8.5615054e-03  -3.9809712e-01   9.5216439e-02   1.5242572e-01   7.6795176e-02   2.6306358e-03  -3.7661111e-01   1.5798577e-01  -1.0103908e-01   2.5123403e-01   1.1522396e-01   2.2715295e-01   1.9812351e-01   2.0219319e-02  -2.7935394e-01   6.9438817e-02   1.4240064e-01   5.5099895e-02  -2.1062403e-01   3.4810529e-02  -2.6794354e-01   1.2082324e-01   6.5298123e-02  -4.3520771e-01   2.4052344e-01   2.0327060e-01   2.1649924e-02  -1.8245839e-01   1.2958873e-01   7.2184038e-02  -5.3345699e-02  -3.2358563e-01   2.8958122e-01   1.2921804e-01   4.9358535e-02   2.5789875e-01  -8.7433646e-02   2.7271724e-01  -4.0133341e-01  -9.1690489e-02   2.9582029e-01   1.7865278e-01  -2.6323387e-01  -3.8513530e-01   7.5300637e-02   1.5784173e-02  -9.4037971e-02   6.1386973e-02   2.0497519e-01  -2.3326459e-01  -7.8314801e-02   3.8556060e-01   1.1818919e-01  -1.1271962e-03   2.9624240e-01   5.2293264e-02   2.6874547e-01  -2.4438426e-01   1.2212052e-01  -3.3053362e-02  -2.8880949e-01   4.0122092e-01   1.6593464e-01   3.8549442e-01  -1.4514458e-01   3.6210764e-01   1.6134950e-01   1.7630031e-01   2.3764206e-02  -1.9269928e-01   4.3075958e-01   1.4885199e-02  -1.7920768e-01   2.5570317e-01  -4.8852906e-01   3.3466204e-01   3.6962910e-01  -2.1349221e-01  -2.7481551e-01  -2.3907799e-02   3.4130748e-01   5.9291554e-01  -3.4750931e-01   2.4591524e-01   2.3740875e-01   1.2679123e-01   2.8966924e-02  -6.2064999e-02  -5.4289984e-02   4.3240308e-01  -1.1620398e-01   5.5416189e-01   8.2994161e-02  -3.9884561e-01   5.4623230e-02   2.8895312e-01   1.6967774e-01  -2.8426308e-01  -4.4646432e-01   4.4755697e-02   5.3560147e-01   9.0402872e-02  -1.2929743e-01  -1.6802645e-01   2.1682802e-01
  -3.2238950e-01   5.6868915e-01   4.8380211e-01  -1.9489518e-01   6.5863284e-01  -4.0174906e-01   4.3448730e-01  -3.9357214e-01  -1.6368386e-01   4.3687199e-01  -5.3224073e-01   0.0000000e+00   1.6717429e-03  -1.1566736e-01   6.0362061e-02  -2.7322153e-01   2.6683930e-01  -4.1365650e-01  -3.9167048e-01   6.6842521e-01   1.5690469e-01  -1.7675541e-01   7.7210210e-01  -4.1627697e-01  -2.1063640e-01  -4.6899340e-01   1.8110498e-01  -3.9098336e-01  -6.3217125e-02   1.9188256e-01  -5.9010009e-01  -1.3876590e-01  -7.9628889e-02   3.5723772e-01   3.5025573e-01   3.1878575e-01   3.4773677e-01  -5.1055941e-01  -1.3515167e-01   4.4346436e-01  -3.7501094e-02  -2.1448306e-01   3.6493340e-01  -2.9753864e-01   3.4288977e-01  -3.8433439e-01  -1.7848967e-01   5.0585939e-01  -7.6724448e-02   3.1186895e-01  -3.2179504e-01  -2.9950117e-01   2.2327159e-01   6.1061529e-02  -3.0306457e-01  -7.6678941e-02  -3.5238938e-01  -9.7621140e-02  -1.0525867e-01  -2.3770930e-01  -4.1928747e-01   3.9177582e-01  -9.3409719e-02   2.9134524e-02   9.6203293e-02   6.4780581e-01  -1.5058857e-01   9.6561732e-02  -3.7961051e-01   1.2627101e-01   2.3904276e-01  -8.8809402e-02   1.3229105e-01   4.9575926e-01  -1.3378774e-01  -3.0577059e-01  -4.4582664e-01  -1.3456593e-01   5.0629717e-01  -2.3761906e-01  -1.7115009e-01   7.7411773e-02  -2.1323881e-01  -2.9100454e-01  -3.2634397e-01  -2.5952758e-01   2.6856871e-01  -3.3631969e-01  -1.1288890e-01  -2.8844192e-01   2.6307369e-01  -1.7767526e-01   6.4218443e-01  -2.2113942e-02  -5.2555770e-01   6.2161121e-01  -5.8865100e-02  -3.3580836e-01   2.6431503e-01   4.4024488e-01  -4.9188866e-01   1.6123181e-01  -1.8283932e-01   6.5201720e-01  -2.6331055e-01  -4.1643937e-01  -1.2972817e-01  -4.7826555e-01   4.4226264e-01   1.2803413e-01   6.5683079e-01  -1.0898892e-01  -8.0665826e-02  -3.7196887e-01   1.2830189e-02   3.2165688e-01  -2.0886070e-01   1.5842161e-01  -5.2632362e-03  -9.1196862e-02  -5.1764232e-01   6.5333543e-01   5.4690815e-01  -2.2567181e-01  -4.0263521e-01  -2.1916777e-01  -4.5932386e-03  -1.6069914e-01  -3.7926517e-01   3.3683086e-01   5.8834443e-02   2.4036590e-01   3.8766838e-01  -4.3523587e-01  -3.2440408e-01  -4.0583108e-01   2.9775870e-02  -6.0903945e-01  -4.1500496e-01  -1.5495254e-01  -2.4276261e-01   5.7853444e-02  -2.8391631e-01   1.1065814e-01   4.1935648e-01  -2.9527352e-01   7.7817404e-01   1.8085646e-01   1.2451574e-01   2.8466388e-01   8.4952303e-02  -1.9638079e-01  -4.1108988e-01  -1.7003269e-01   5.7326962e-01  -3.7671016e-01  -5.7689213e-01   1.0901188e-02  -2.1608274e-01  -2.3352311e-01   5.4947891e-02  -1.1448041e-01   1.6534974e-01  -2.5071943e-01  -2.0543572e-01   5.7552131e-01   2.5351008e-01  -3.7059211e-01  -3.6731646e-01   3.6387124e-01   7.0067550e-01  -4.7886760e-01  -3.5475281e-01  -8.8745333e-02   1.2906017e-01  -2.9244280e-02  -2.9939900e-01
  -4.7078844e-02  -2.6506532e-01  -2.2255787e-01   2.4477249e-01  -6.7388393e-02   1.9418128e-01   2.4512760e-01  -8.3318977e-02  -2.1382076e-01   1.2802989e-01   7.1484794e-02   1.6717429e-03   0.0000000e+00   2.5588740e-01  -1.1321110e-01  -3.6891209e-02  -3.3703652e-01   3.5211828e-01  -1.8797284e-01   1.3325023e-01  -1.9307164e-01   4.1454977e-01  -2.5812535e-01  -9.5491969e-02  -3.6313120e-02  -1.9120636e-01   2.2510264e-01   1.1362602e-01  -2.0316984e-02   5.2770828e-01  -4.6311392e-02   1.8946804e-01  -2.3383909e-01   2.3716810e-01   2.2480566e-01   3.5824534e-01   4.6996338e-02  -1.9383975e-01  -1.8042349e-01  -8.0607382e-02   5.3366980e-01  -2.8257281e-02  -3.2163651e-01  -1.0685821e-01   4.3727285e-02  -2.5612169e-01   3.6080314e-01   1.4598011e-01   6.9640106e-02  -2.1041326e-01   5.1019290e-01  -2.0641117e-01  -1.9062625e-01  -2.2173004e-01   3.1038021e-01   1.4039919e-01  -4.1313900e-02   1.9497070e-01   5.1270386e-01   3.9639198e-01  -2.7297246e-01  -1.5721970e-02  -3.2367635e-01  -1.0415321e-01  -4.2070034e-02   1.8088440e-01   2.4731067e-01  -7.0333617e-02   2.1071476e-01   9.3367871e-02  -1.9846767e-01   2.9189112e-01   3.7351316e-02  -1.1318215e-01  -1.6976925e-01   2.4899992e-02  -2.3406406e-01   4.6722390e-02  -9.7075127e-02   2.2352493e-01   2.6678823e-01   1.9806667e-01  -3.0297333e-01  -9.7938951e-02  -2.7315193e-01   1.4092916e-01   3.8279957e-01   2.6593487e-01  -2.3132194e-02  -6.7157979e-02  -3.3179894e-01  -3.1573755e-01   4.8156091e-02   2.5304445e-01  -2.4691773e-01  -4.3723462e-02   2.2677833e-01  -1.6632504e-01   1.1422012e-01   3.4466089e-02   2.6043603e-01   2.5939589e-01   4.6345605e-01   3.8121238e-02   4.8047480e-01   2.1241594e-01  -2.4893501e-01   7.7429423e-03  -4.3039495e-02   2.8095688e-01  -1.2358705e-01   4.3209389e-01   1.1681216e-01  -2.6282196e-01   1.8422825e-01  -1.9682275e-01   9.3125438e-02   4.8227469e-01   1.8403980e-01   2.5096149e-01  -9.6592185e-02  -2.0301806e-02  -7.3155152e-02   3.0507773e-01  -1.2214300e-01   3.3393923e-01   3.9366279e-01  -1.8280185e-02   1.3076394e-01  -3.6053496e-01   3.0495871e-01  -1.2011282e-03  -3.2811243e-02  -6.8289289e-02  -6.1372810e-02  -4.0771897e-02   1.1332220e-02   1.8797434e-01  -7.9208495e-02   7.0488596e-02  -1.3094699e-02   1.9825445e-01   1.1155525e-01   2.6073654e-01  -2.3007468e-02   3.8506890e-01  -1.4421683e-01   5.6203082e-02   4.1029855e-01  -1.9279036e-01  -2.2617357e-01   3.8218282e-01  -2.3454812e-01  -2.0726821e-01  -1.2406955e-01  -1.4854458e-02  -1.9048609e-01   3.4143590e-01  -2.8649817e-01   3.5955343e-01  -3.9521660e-02   2.0402361e-01  -3.8770969e-01   3.5521339e-01  -2.9444008e-02  -1.5477764e-01  -1.5900805e-01   1.9752612e-01  -1.0533352e-01  -4.1632621e-01  -3.1161716e-02  -2.4876644e-01  -1.8248888e-02   1.2955566e-01   2.6930526e-03  -2.4432686e-01   1.6954562e-01
   2.6274343e-01  -5.0165141e-01  -1.5954242e-01   2.1656824e-01  -2.8603795e-01   4.5188685e-01   2.4078928e-01   6.0954878e-02  -3.1014131e-01  -9.9129832e-04  -1.0269279e-01  -1.1566736e-01   2.5588740e-01   0.0000000e+00  -1.0337345e-01   2.1976582e-01  -4.6542142e-01   1.1000713e-01  -1.1574697e-01  -1.7897057e-01  -4.9807269e-01   6.1637791e-01  -2.6017685e-01  -1.0796055e-02  -1.0178353e-01  -9.3793742e-02   1.9558948e-01   3.6358053e-01   5.8528268e-02   5.6352468e-01  -2.2058625e-01   4.5659363e-01   1.0941483e-01   1.1303011e-01   2.9078498e-01  -8.4599947e-02  -3.0356205e-01   2.4815123e-01   1.0646010e-01  -1.8194485e-01   3.7577259e-02   6.8487171e-02  -3.9112991e-01   2.8779276e-01  -1.3874078e-01  -5.9807765e-02   1.2466908e-01  -1.1379658e-01  -4.1778461e-01  -3.8311217e-01   2.4580202e-01  -1.3112052e-01  -5.5420055e-01  -7.9568816e-02   4.8478702e-01   4.1766012e-01   5.3685576e-02   4.7403360e-01   3.2563741e-02   1.8649465e-01  -3.2136466e-03  -2.6986083e-01  -3.8800141e-01  -3.9866118e-01  -3.5254766e-01  -5.0572325e-03   4.9394344e-01  -1.8841789e-01   2.8990244e-01   4.7856735e-01  -6.1395986e-01   1.4864076e-01  -1.6835977e-01  -6.0917300e-02  -2.8461714e-01  -5.0141476e-02   5.3156002e-02  -1.7812216e-01  -3.3567994e-01   7.6114009e-03   6.6759436e-01  -2.1084483e-01  -1.5941577e-01   3.2719338e-02  -3.0751700e-01   2.4011602e-01   4.7194536e-01   6.4374414e-01  -1.4048500e-01   2.1494328e-01  -4.9545567e-01  -2.7782518e-01  -1.8988377e-02   1.9349384e-01   1.1265345e-01  -4.5842112e-01   1.1425759e-02  -2.9662569e-02  -2.6829766e-01  -1.6374415e-01   3.5559688e-01   3.8673829e-01   5.6402995e-01  -8.2731894e-02   4.3627027e-01   3.4996636e-01  -1.6942565e-01   1.7083520e-01  -3.0633434e-01   1.5980166e-01  -2.3123877e-01   6.8177334e-01   7.7957735e-02  -1.5705085e-01   5.9193724e-01  -4.3487466e-01   2.4965815e-01  -7.4938408e-02   5.8319588e-01   4.4802937e-01   9.2578005e-02  -2.9051673e-01  -2.7924043e-01  -2.4737050e-02   7.7784405e-02   7.1753677e-01   3.3836905e-01  -1.3219694e-01   3.0619637e-01  -3.5003898e-01   2.5403729e-02  -4.3030041e-01   1.7250165e-01  -3.3163514e-01   1.8832421e-01  -5.8756376e-02  -3.5218724e-01   2.7535223e-01  -2.0045805e-02  -1.2209431e-01  -8.0268946e-02   5.2798527e-02  -8.5113352e-02   6.7498084e-01  -1.2586690e-01   7.7854857e-02  -2.9180372e-01  -2.7700219e-01   2.8068467e-01  -5.7214911e-01   9.9326116e-02   5.2925593e-01  -1.2283098e-01  -3.8507328e-01   7.2522409e-02  -5.4263319e-02  -1.0569603e-01   1.2779308e-01  -1.7490574e-01   5.7321784e-01  -2.3894283e-01  -2.3949211e-01  -6.4506992e-01   7.3433980e-02   3.3679426e-01  -4.6792656e-01  -2.3469584e-01   2.4346691e-01   9.2765468e-02  -4.2400356e-01  -3.7957330e-01   8.3269048e-02  -3.0555263e-01   5.3393526e-01  -4.4961576e-02  -3.2847286e-01   4.8917105e-01
