   0.0000000e+00  -3.0425906e-01  -1.2126596e-01  -7.8725155e-03  -1.2530719e-01   4.4467411e-02  -9.1224688e-02  -2.1820227e-01   7.1140903e-02  -3.6712083e-01   2.0602610e-01  -3.5100800e-01   7.2651551e-02   2.1981788e-01   5.4217907e-02   9.6690380e-02  -1.5511059e-01   8.1542317e-02   6.9646779e-02  -1.0003984e-01   2.1970021e-02  -7.1061882e-02   8.9616183e-02   6.8603798e-01  -1.7976590e-02  -2.8630323e-01  -1.2550797e-01  -2.7022125e-01  -9.1822802e-02   3.9472440e-02   4.9942922e-02  -2.4912759e-01   2.9598975e-01  -2.1900337e-01  -1.0285380e-01   1.7209946e-02  -2.8808381e-01   4.8462353e-01   1.9724881e-02  -1.1706703e-01   9.4744250e-02   3.1613094e-01  -1.6694185e-01   2.3867401e-01  -1.8740828e-01   5.5794465e-01   1.0356000e-01  -8.5411181e-02  -1.4575573e-01  -2.5661066e-01   8.9217144e-03  -2.4573351e-01  -1.0226974e-01   3.9044160e-02   3.2030774e-01   1.1833565e-01   1.1250464e-01  -1.3754189e-02   4.1019799e-02  -1.6629529e-01   3.5534858e-01  -2.3102390e-02  -1.5673279e-01  -2.1421134e-01  -2.7836000e-01  -1.8070499e-01  -5.3943442e-02  -2.9308221e-02  -2.7009066e-02   3.4409017e-01  -3.4262121e-01  -2.3955061e-01  -2.2687237e-01   4.7447703e-01  -1.2090865e-01  -1.9162332e-01   4.1456288e-01   2.3248247e-02  -1.2136148e-01   1.4982690e-01  -2.8930932e-01  -1.1480822e-01  -1.1590375e-01  -1.5283057e-01   2.2265750e-01  -2.8427222e-02   1.5933976e-01   4.8527682e-01  -2.1102765e-01   6.8007910e-01  -2.9627005e-01   4.8198653e-01   3.5702884e-02   2.8583561e-02   5.1625045e-01  -1.1034548e-01   3.7880182e-02  -3.4663113e-02  -1.2033498e-01  -2.9472830e-01   5.8085753e-01  -1.1407601e-01  -2.6317514e-01  -5.0753794e-02   1.2603216e-02  -1.5026650e-01   1.3787205e-02  -1.3186467e-01  -7.3058671e-02  -8.2750165e-03  -3.2524431e-03  -1.1103506e-01  -2.1339650e-01   7.9251778e-01   4.5272022e-01  -2.8804329e-01   1.6106066e-01  -1.8492504e-01   5.9084379e-02  -2.7513999e-01   6.2484304e-01  -1.3701846e-01  -2.4443144e-01  -1.9099590e-01   6.0069927e-01   2.1985193e-01   9.3261403e-02   4.4885988e-02  -1.0408213e-01   1.2497184e-01   2.9415667e-01  -1.5933057e-01   1.7206650e-02   1.3249372e-01  -1.6503854e-02  -3.6031510e-02  -2.4110324e-01  -2.5135932e-01  -1.8825322e-01   3.6227756e-01   6.4429109e-01   2.3550081e-01   1.6804943e-01   2.3673193e-01  -5.4816040e-02  -5.2256749e-02  -2.6672507e-01  -1.1421960e-01  -9.6964972e-02  -1.4196741e-01   6.3904628e-01  -3.6835650e-01   7.1360875e-01  -8.4135553e-02   5.8713981e-02   5.2517210e-01   5.3464512e-01  -1.3381174e-01   3.9071258e-01  -3.1153930e-01  -1.6018767e-01   2.9154437e-01  -4.3880125e-01  -6.9807684e-02  -4.1179230e-01  -1.8922575e-01   7.6968477e-02  -1.8251785e-01   7.0039429e-01  -6.1104820e-02  -7.1160964e-02   4.9429963e-01  -1.6334171e-01   1.8493289e-01   4.2032805e-02  -5.9203820e-02  -1.8530406e-01
  -3.0425906e-01   0.0000000e+00   4.2356727e-01  -4.2066441e-01   6.5947710e-02  -3.3192970e-01  -4.6226149e-02   4.7036582e-02  -9.9498974e-03   3.7091270e-01  -3.6611916e-01   6.4627630e-01  -2.5821761e-01  -2.7814423e-01  -5.9016494e-02  -5.8265748e-02   4.1279091e-01  -1.4255574e-01  -1.6442093e-01   5.0204613e-02  -3.6435582e-01  -4.8403330e-01  -1.5608199e-01  -1.0286547e-01  -5.5588235e-02   6.5528460e-02   9.1622780e-02  -3.2310196e-01  -2.5879044e-01  -4.1710658e-01   1.1409388e-01  -2.0770464e-01  -3.4532667e-01   2.0101762e-01  -1.1875906e-02  -6.2421960e-04   4.0417963e-01  -7.3616635e-02   2.8361292e-03   3.3147496e-01  -5.7178616e-02  -2.7224914e-01  -1.8984277e-02  -1.7054819e-01   2.6919675e-02  -4.8454992e-02  -2.4645026e-01  -1.1587301e-01   5.2827078e-02   3.2024624e-01  -3.1321339e-01  -7.2978449e-02   2.4835981e-01  -7.1305667e-02  -1.2107369e-01  -2.8037941e-01  -4.8573805e-02  -4.2063487e-01  -5.2141561e-02  -5.9091917e-02  -2.1657716e-01  -1.9074546e-01   2.8392720e-01   3.7894392e-01   2.8407833e-01   3.4334378e-01  -1.1246181e-01   3.3671045e-02  -4.1711787e-01   3.5795328e-02   4.4823038e-01   7.8060730e-02   2.3404944e-01  -4.2892761e-01  -1.5345968e-02  -2.7852520e-01  -2.6922632e-01  -5.9167189e-02   4.5707603e-01  -4.5925843e-01  -1.0984797e-01   1.1795269e-01   3.4557029e-01  -1.3033326e-01  -1.7704872e-01  -3.1618979e-01  -3.7865944e-01  -1.8766364e-01   4.1726044e-01   6.0926408e-02   3.1257480e-01  -3.2281965e-01  -1.7219777e-01  -4.2273038e-01  -1.9312351e-01   1.4355020e-01  -1.5209832e-01  -1.4999744e-01   1.8459095e-01   1.9816435e-01  -1.3442252e-01   1.9678769e-01  -9.8643404e-02   1.8280714e-01  -4.0539459e-01  -4.3823467e-01   2.6693624e-02  -2.1870167e-01  -7.5666115e-02   3.5023996e-01   7.9681249e-02  -3.7087606e-01   4.3496780e-02  -1.5785686e-01  -2.6295799e-01   3.8856997e-01  -2.5785026e-01   1.9342376e-01  -2.8213094e-01  -1.9739744e-01  -1.6789980e-01   1.0756828e-01   1.1912239e-01   1.5413787e-02  -1.4120921e-01  -1.4562607e-01  -2.9461039e-01  -1.1510426e-01  -4.5621255e-01   1.4007308e-01  -7.2503768e-02   4.3941509e-01   3.5167847e-01  -4.5713244e-01  -3.9683994e-01  -2.0088525e-01  -1.6557116e-01  -1.0117916e-02  -7.9044999e-02  -3.7043673e-02   1.8444811e-02  -1.9900944e-01  -8.6045964e-02  -4.7580934e-01   3.0334107e-02  -3.7250115e-01   4.4568958e-01   1.8689797e-01   1.1981604e-01   1.4488511e-01  -2.5172915e-01   2.4268953e-01  -1.1474798e-01   3.9155904e-01  -2.0715895e-02   5.0081260e-02  -3.3997104e-01  -1.3966180e-01  -3.2937680e-01  -1.7384327e-01   8.9596155e-02   6.2010816e-02   5.0316789e-01  -3.9030072e-01  -2.4397355e-01   3.2173424e-01   3.8033457e-01  -2.8171876e-01  -1.9563944e-01   1.3236151e-01   5.6381224e-02  -2.3744955e-01   3.4447783e-01  -4.0632082e-01  -5.7048303e-02  -3.6574046e-02  -3.2473744e-01
  -1.2126596e-01   4.2356727e-01   0.0000000e+00  -2.3104338e-01   3.7709597e-01   1.8903577e-02  -3.4322344e-01  -1.3474003e-01   9.1023552e-02   4.5533829e-01  -2.9360638e-01   5.2725135e-01   1.0838194e-01  -3.3094573e-01   1.8455926e-01   1.2990653e-01   8.6684187e-01  -1.0198230e-01   1.7521450e-01   1.6306454e-01  -4.9866755e-01  -3.9072037e-01  -2.9309344e-01  -1.6560532e-01   8.8233534e-02  -5.5539478e-02   5.5718870e-02  -1.5493768e-01  -3.5007366e-01  -5.3320095e-01   4.2864932e-02  -9.5663063e-02  -1.7685123e-01  -3.1560895e-02  -1.4739899e-01   1.6746609e-01  -2.2754153e-02  -1.8072184e-01   1.0800056e-01   6.6293293e-01   6.5252662e-02  -4.6499059e-02   4.7991273e-01  -1.5010037e-01  -4.2685122e-01   1.0457334e-01  -1.9799723e-01  -2.6601893e-01  -1.7424639e-01   7.8088290e-01  -2.5662424e-01  -8.1359705e-02  -2.3399694e-01  -7.0999334e-03  -2.7573464e-01  -9.8736598e-02   3.6055583e-01  -2.5506501e-01  -2.3326859e-01  -6.9843420e-02   4.6331752e-01  -1.9778334e-01   3.8586711e-01   9.1643687e-02  -4.2617086e-01   2.5827293e-01   3.4567140e-02  -3.8347821e-02  -2.9152647e-01   3.3468500e-01   1.1931255e-01  -2.6870143e-01   1.3919119e-01   2.8888633e-01   1.4122444e-01  -1.5623369e-01   2.0454863e-01  -1.5165832e-02   1.7854366e-01  -2.2700280e-01  -4.4632921e-02   2.2442766e-01   3.8591199e-01  -8.6383585e-03   2.6407995e-01  -2.1312552e-01  -5.5931543e-01  -2.7963055e-02   2.2438849e-01  -4.7063849e-02   9.2299799e-02   4.0491778e-01  -6.7479968e-02  -1.1897214e-01  -2.7520731e-01   5.9813435e-01   1.8141877e-01   1.8280756e-01   1.4824334e-01  -2.6773829e-01  -8.9179208e-02  -2.3201290e-01  -2.1843436e-02   1.1981503e-01  -5.6661446e-01  -2.6904797e-01   1.2768958e-01   3.5514748e-02  -3.2279148e-01   1.6417838e-01   4.2021355e-01  -3.5691482e-01  -8.0772190e-02  -5.8198223e-02  -4.5196787e-01   4.0966817e-01  -7.5230722e-02   9.3467595e-02  -1.4845839e-01  -4.6015582e-02  -2.5145168e-01   3.2812448e-01   2.2262386e-01  -3.3010509e-01  -3.7623938e-01   3.1857056e-01  -5.1323002e-01  -2.3316859e-01  -2.7086741e-01   5.1436115e-01   5.2662175e-02   9.4152037e-02   4.9351667e-01  -3.7589930e-01  -1.4385580e-01  -1.6720786e-01  -7.3648231e-02  -6.2092722e-02  -7.9867491e-02  -9.1036299e-03  -1.2800357e-01  -3.5495662e-02  -1.8311974e-02  -1.5690618e-01  -1.9529205e-01  -4.0088043e-01   3.1753917e-01   4.2398918e-02  -1.8321323e-01  -2.5388487e-01  -9.9364503e-02   1.6000827e-01  -7.7329539e-02  -4.7929496e-02   5.3143372e-01  -1.2875452e-01  -3.8067011e-01  -1.6447295e-01   2.1899673e-01  -1.3668512e-01  -6.1235953e-03   7.2152414e-02   3.8514330e-01  -5.9817574e-01   3.8065919e-02  -1.1119456e-02   4.1978954e-02  -2.3428112e-01  -1.4486586e-01   3.5878461e-01   2.7239445e-01  -2.2264981e-01  -1.5995425e-01   9.3381229e-02   1.1645319e-01   2.0806468e-01  -1.6805262e-01
  -7.8725155e-03  -4.2066441e-01  -2.3104338e-01   0.0000000e+00  -9.4192921e-02   2.2748811e-01   1.3238316e-02   2.6399512e-01   3.7728531e-01  -1.4795631e-01   1.9226252e-01  -4.0647279e-01  -9.1346043e-02   3.2273826e-01  -1.3754148e-02  -2.1963020e-01  -2.1014379e-01   8.2934924e-02  -8.8728825e-02   1.2344706e-01   3.4764225e-01   6.6764318e-01   1.6288293e-01  -1.1380214e-01   4.0557210e-02   8.5324423e-02   1.6720456e-02   3.8562540e-01   5.3386027e-01   4.4765937e-01   4.2803490e-02   4.3209793e-01   2.7923175e-01  -1.1564714e-01  -1.0987245e-01   5.2147694e-02  -3.6651147e-01  -1.5596709e-01  -1.4368822e-01  -1.7574375e-01   3.8654400e-02   2.5367744e-01  -2.7358540e-01   1.8645838e-01  -7.2088536e-02   1.6990415e-02   1.5686533e-01   1.2952553e-01  -1.9634928e-01  -8.8164655e-02   4.5964297e-01   1.7876957e-01  -1.4021548e-02   1.9600508e-01   3.4004590e-01   2.1407231e-01  -1.7005275e-01   5.9277618e-01  -1.6124410e-02   4.1496231e-02  -6.9559234e-02   1.8539767e-01  -9.7172465e-02  -1.8714956e-01  -1.8809887e-01  -5.7833070e-02   1.8311375e-01  -1.8730390e-01   3.9472152e-01  -1.2742931e-02  -2.0776448e-01   6.3503232e-02  -3.9602741e-01   5.5144560e-03   8.4351881e-02   4.6745373e-01  -5.1423991e-02   1.9736179e-01  -2.5138173e-01   5.6183425e-01   2.6606039e-01  -4.7012653e-02  -2.6436024e-01   1.0157160e-01  -9.4404709e-02   4.3404541e-01   3.6124809e-01   4.0819202e-02  -1.6966740e-01  -2.7839516e-01  -1.7440162e-01   1.0412365e-02   2.8661191e-02   5.5719098e-01   2.8682127e-02  -8.9036658e-02   1.5691890e-01   1.4590185e-01  -3.5208524e-02  -1.0889423e-01  -5.0022009e-02  -8.6883260e-02   4.6013271e-01   1.7992623e-01   3.8764007e-01   7.0731619e-01  -2.1522388e-01   2.2899220e-01   2.1407551e-01  -1.2567566e-01  -1.7271140e-01   5.0590049e-01   2.3272338e-01  -2.2967295e-01   2.6120310e-01  -2.5120596e-01   1.4609385e-01  -3.4221912e-01   4.8119423e-01   6.0150222e-01  -6.9174131e-02  -2.3034912e-01  -1.4833723e-01  -3.2947064e-02  -6.8311332e-02  -1.2683041e-01   1.8233315e-01   2.9602156e-01   6.4460113e-01   5.1503813e-02  -3.0156112e-01  -2.3106519e-01  -3.0003400e-01   4.2491034e-01   5.3455337e-01   4.4190007e-01   4.3233043e-01   2.7659969e-01   2.9136131e-01  -2.4456526e-01  -1.9818284e-01  -1.6326968e-01  -1.4896177e-02   2.1975498e-01  -6.0978579e-02   4.3807965e-01  -2.5186135e-02  -2.4445588e-01  -1.3307732e-01  -1.9172499e-01  -1.0737609e-01   7.9744176e-02  -2.4287349e-01   1.7152493e-02  -1.0102384e-01  -1.6825567e-01   1.5952388e-01   8.8442912e-02   6.7650607e-02   3.0491949e-01   1.2281077e-02   2.5213844e-02  -8.1685695e-02   5.1818241e-01   3.8646236e-01  -2.7291672e-01  -1.5882318e-01   4.2312182e-01  -7.9184030e-02  -1.2270194e-01  -2.9955792e-01  -3.5597146e-03  -3.6347757e-02   3.8284106e-01  -1.3675312e-01   2.5532013e-01   4.7103492e-01
  -1.2530719e-01   6.5947710e-02   3.7709597e-01  -9.4192921e-02   0.0000000e+00   2.0050904e-01  -3.8284959e-01  -1.2808502e-01   1.5569405e-01   2.0675826e-03  -1.7667328e-01   2.2655042e-01   2.1112999e-01  -3.0718255e-01   7.3740410e-02   1.0186208e-01   4.5373439e-01  -1.7143285e-01   5.6356305e-02   5.5333816e-01  -2.5775520e-01  -3.7089196e-01  -3.9050811e-01  -9.7040617e-02  -6.0844357e-02   2.9033304e-02   1.3240645e-01  -1.2100447e-01  -9.3015143e-03  -4.0676150e-01  -2.0283207e-01  -2.8015365e-01   4.0274074e-02  -1.5718703e-01   5.1848845e-02   5.2272204e-01  -1.9532817e-01  -1.5358416e-01   5.8291128e-02   2.9377341e-01   1.3845895e-01   5.8963729e-04   3.3374187e-01  -4.5637791e-02  -4.5847446e-02  -9.5613192e-02   7.1856767e-02  -2.6514120e-01   4.2994558e-01   3.7227563e-01  -1.0367483e-01  -1.5731238e-01  -1.7894145e-01   1.0706431e-01  -2.0379815e-01  -1.2233242e-01   3.1723587e-02  -2.8133272e-01  -2.4563398e-01  -8.2261823e-02   3.8204023e-01   2.8604071e-01   2.4609603e-01   1.5847128e-01  -2.4185937e-01   8.0360030e-03   2.4054314e-01   7.8267678e-02  -3.8915469e-01  -6.9950523e-02  -3.0145008e-01  -1.7734863e-02   2.8566420e-03   1.4124103e-01   2.8878615e-02  -9.7410548e-02   1.2079719e-01  -1.4965435e-01   3.9416438e-01  -2.9941386e-02  -1.2967385e-01   3.5329879e-01   3.2223271e-01   2.0484239e-01   1.4719561e-01  -4.1228692e-01  -5.2681996e-01  -2.3232025e-01   3.5705427e-02  -9.9832874e-02   4.5193156e-01   2.9963574e-01  -9.8018508e-03  -4.8224995e-02  -1.6026248e-01   6.9422828e-01   3.9295858e-01   1.3063279e-01   2.7845744e-01  -1.1607543e-01  -2.2501385e-01  -2.4032990e-01  -1.9444495e-01  -7.8177475e-02  -4.3065489e-01  -1.8417458e-01   9.0316402e-02   1.6420353e-02  -7.2916168e-02   2.7216119e-01   1.0471568e-01  -3.7595970e-01   6.9982680e-02  -1.0887925e-01  -4.0510724e-01   5.0084582e-01  -2.4250205e-01   1.5947960e-01  -2.0302889e-01  -1.6933766e-02  -1.0672007e-01   6.8536751e-01   3.6271569e-01  -2.6451348e-01  -1.1392624e-01   1.2143318e-01  -2.6909235e-01  -1.4036390e-01  -1.8128709e-01   2.7272470e-01  -5.4391974e-02   2.2660054e-02   3.0119849e-01  -4.3853706e-01  -1.6910116e-02  -1.8241921e-01   5.1219586e-02  -2.5337199e-01  -1.4049726e-01  -9.9217984e-02  -1.6378024e-01  -5.3343199e-02  -5.3185547e-02  -9.8075089e-02  -5.3614836e-01  -3.7644417e-01  -3.1261644e-01   1.0456693e-02   1.1049289e-03  -3.7937557e-01  -2.4460039e-01  -1.1353353e-01  -6.1942118e-02   1.9880305e-01   5.1571176e-01  -1.8338672e-01  -1.8524424e-01  -1.9670994e-02   3.4893123e-01  -3.7181916e-01   2.4767394e-01   1.4536479e-01  -8.9108007e-02  -2.4305782e-01  -3.1245848e-02  -8.8810396e-02   2.7851124e-01  -1.6558524e-01  -6.1267713e-02   5.2978535e-01   3.2500368e-01  -6.0409265e-02   1.3487608e-01   1.0351858e-01   1.1997790e-01   9.3520532e-02  -2.6828376e-01
   4.4467411e-02  -3.3192970e-01   1.8903577e-02   2.2748811e-01   2.0050904e-01   0.0000000e+00   1.7584417e-01   1.8838118e-01   3.1033465e-01  -2.1845759e-01   2.6910197e-01  -1.0819861e-01   1.1248648e-01   2.6995317e-02   1.4094161e-01  -1.5292322e-01   5.4767700e-03   1.5076526e-01   1.4440443e-01   2.7921902e-01   1.2358738e-01   2.0839301e-01   1.6032185e-01  -5.5907284e-02   1.4608263e-01   3.5518499e-01   3.2581610e-01   4.6426262e-01   3.5769275e-01   1.5213581e-01  -2.7420471e-01   1.1881874e-01  -1.0883012e-01   1.8091390e-01   2.0844166e-01   3.7565520e-01  -5.3381547e-01  -3.3626156e-01  -2.4885997e-01  -1.9920091e-01   1.9267302e-01  -2.1228173e-02  -4.5816461e-02  -1.5668980e-01   1.5593756e-01   1.0642899e-01   3.5024242e-01  -7.9265553e-02   7.3962752e-02  -3.2209944e-02   3.6263445e-01   3.1305855e-01  -1.9879894e-01   2.2742402e-02  -5.5207891e-02   1.7361926e-02   8.1455493e-02   2.4342521e-01   6.7128877e-02   3.5273495e-01  -2.0588870e-02  -1.6481556e-02  -1.2861428e-01  -7.7898139e-03  -8.2185624e-02  -5.2450103e-02   6.0690048e-01   7.3825287e-02   2.6881202e-01   2.6072317e-01  -3.7121548e-01   3.1405261e-01  -2.2502712e-01   3.6426923e-02  -1.2306119e-02   2.1742022e-01  -9.4777690e-02   1.7845842e-02   4.6909936e-02   2.6965939e-01   3.4569127e-01  -2.1420216e-01  -3.7755242e-01   3.1887870e-01  -1.6951340e-01   1.6311176e-01   1.0920505e-01  -9.8197512e-02   1.4294451e-01  -2.2258132e-01  -4.2033093e-02   2.5849301e-02   2.2002556e-01   2.8843770e-01  -2.0436384e-01   5.3283922e-02   3.4457217e-01   4.5621850e-01   8.9650229e-02  -5.0596049e-02  -2.5822729e-01   1.5431392e-01   7.8957585e-02   2.4809391e-01   2.8241154e-01   2.4539854e-01  -2.5896716e-01   4.4620792e-01  -1.1110488e-01  -1.3565238e-01  -1.4360588e-01   1.8614963e-01   8.7072582e-02  -1.7771220e-01   1.6011459e-01  -1.8140179e-01   9.6355878e-02   7.9510886e-02   1.1466376e-01   3.6804030e-01  -1.2846272e-01   2.1312713e-01   2.4747768e-01  -1.9944378e-01  -6.3058250e-02   3.4635111e-02   1.7060903e-01  -5.8231536e-02   3.5758070e-01   1.5960681e-01  -2.8419419e-01   2.8006285e-02  -1.8132180e-01  -8.0944826e-02   2.4591571e-01   2.6585603e-01   1.7175830e-01   1.3148141e-01   3.2449830e-01  -4.7085634e-02  -9.2859667e-02  -5.1904316e-04   2.4225543e-01   3.5312661e-01  -4.3867233e-02   8.8810411e-02  -9.0651237e-02  -4.1638530e-01   2.7926201e-01  -2.8011902e-01  -9.4302237e-02   7.7344467e-02  -6.6671718e-02   7.4601842e-02   1.4137542e-01  -2.8172279e-01  -1.2459576e-01   2.6146098e-01  -8.5864887e-02   2.9519657e-01   2.5454629e-01   2.6527219e-01  -1.3521686e-01   2.5597359e-01   2.7394087e-01  -1.0336800e-01   2.8608599e-02   3.5782097e-01  -1.1426745e-01  -1.6284363e-01  -1.6342259e-01  -2.1043246e-01   1.2403185e-01   5.7741648e-01  -2.6302470e-02  -4.8589860e-02   3.2853091e-01
  -9.1224688e-02  -4.6226149e-02  -3.4322344e-01   1.3238316e-02  -3.8284959e-01   1.7584417e-01   0.0000000e+00  -3.0567152e-02  -1.7252417e-01  -2.0724949e-01   1.5018349e-01   1.1583965e-01  -1.2972872e-01   2.6361703e-02   2.9994318e-01  -1.6141995e-01  -4.8256900e-01   3.7941608e-01  -2.1764140e-01  -6.5640061e-02   4.8447572e-01   8.2021127e-02   8.2137878e-01  -1.6229177e-01   3.3167481e-01   5.2454821e-02   2.6507767e-01   2.6935050e-02  -2.2844388e-02   3.0363368e-01   1.2154340e-01  -3.2111732e-02  -2.9117762e-01   6.6595475e-01   5.0646428e-01  -1.2320967e-02   1.3185470e-01  -2.3900725e-01  -1.9451451e-01  -1.2775428e-01  -9.9774972e-02  -1.7629865e-01  -2.7489387e-01  -2.7137693e-02   5.5361550e-01  -1.3770104e-01   1.0550519e-01   6.2830409e-01  -1.5574346e-01  -4.6276176e-01   4.3497027e-01   1.9835425e-01   3.1386516e-01  -2.2882134e-01   6.0226697e-02   3.7176651e-01  -1.2676806e-02  -4.2849546e-02  -2.0625887e-02   2.9612725e-01  -4.6606823e-01   7.9007117e-02  -6.2498452e-01  -1.6683181e-01   4.1830334e-01   2.7543280e-01  -3.4871252e-02  -1.5013089e-02   1.0736529e-01   1.3463049e-01   4.1608885e-01   5.8659693e-01  -6.8645359e-02  -1.5283962e-01  -2.9796401e-01  -1.2998947e-02  -3.3722278e-01  -1.5189549e-01  -2.7290751e-01   5.3741074e-02   1.6030865e-01  -1.6824307e-01  -3.1332821e-01  -9.0711872e-02  -2.4056147e-01   2.7901821e-01   4.7194938e-01  -1.7805799e-01  -8.1350664e-02  -2.3227039e-01  -2.9679139e-01  -4.0604748e-01   4.9149767e-01  -1.0402468e-01  -4.9641359e-02  -4.5430802e-01   3.3401084e-02  -2.0138392e-01   2.2429169e-01   6.0161591e-01  -5.9193097e-03   6.6688862e-01  -1.4831743e-01  -1.2320199e-01   4.8045030e-01  -8.8146998e-03  -2.4652995e-01  -1.0280292e-01   2.0903666e-01  -1.3222658e-02  -1.2238310e-02   5.8129251e-02   1.9001915e-01  -1.2132400e-01   2.5318265e-01  -4.1106071e-01   5.6013666e-03  -2.3669118e-02  -4.0958696e-03   1.4062472e-01  -1.6470055e-01  -2.9339294e-01  -1.8371231e-01   1.5047456e-01  -1.8942409e-01  -7.5668125e-02   6.8649505e-01  -6.3406117e-02   1.4778212e-01  -1.6506414e-01  -1.4080376e-01   1.6939582e-01  -4.6259910e-01   1.5513941e-01  -1.1975037e-01   1.4416777e-02   4.6107263e-02   1.9610445e-02   1.6588382e-01   5.5358470e-02  -1.6596129e-01   1.1930449e-03   1.9949784e-01   8.7191416e-02   7.3290172e-01   2.1052409e-01   5.2894277e-01   8.6264062e-02   4.3271894e-01   5.4752042e-01   3.4491613e-02  -5.1518996e-02  -1.0635381e-01  -2.5840160e-02  -2.8224252e-01  -1.8072229e-01   2.3274103e-02   1.7937154e-01  -4.3856565e-01   3.2161915e-01   5.0358987e-02  -6.4618033e-02   2.9130053e-02   3.0493065e-01  -5.2875150e-02   2.5314566e-01  -4.1515979e-03   7.7708698e-03  -2.7530098e-01  -4.4313307e-01  -2.8288565e-01  -1.6319204e-01   3.9283675e-02  -5.5988193e-02  -2.1782797e-01  -1.5783314e-01   1.0629104e-01
  -2.1820227e-01   4.7036582e-02  -1.3474003e-01   2.6399512e-01  -1.2808502e-01   1.8838118e-01  -3.0567152e-02   0.0000000e+00   2.2733658e-01  -1.0662210e-01   1.0993065e-01  -3.3633971e-02  -1.5277601e-01   1.0874159e-02  -2.5050473e-01  -1.1556481e-01  -5.4298891e-02  -1.8023794e-01  -1.3018624e-01  -7.5092259e-02  -7.1083177e-02   3.0696764e-01  -1.4887540e-01  -1.1135957e-01  -1.9935238e-01   5.9749963e-01   7.7405090e-02   4.9221283e-01   1.9125511e-01   1.2845411e-01  -1.7113911e-01   3.7643840e-01  -5.6294520e-02   6.7010603e-02  -1.1566402e-01  -7.7835749e-02  -3.8769616e-02  -1.2005490e-01  -1.2675175e-01  -2.7094010e-01   2.3585661e-01  -1.8357197e-01  -2.0084645e-01   2.4837486e-02   7.4958466e-02  -2.2145079e-01   1.4321678e-01  -1.8580670e-01   1.4652399e-01  -3.7607612e-02   2.8626261e-02   5.3008324e-01  -1.3640981e-01   1.0034071e-01   1.6248811e-01   1.3461843e-01   1.3916075e-01   3.5974802e-01   3.6795749e-01   6.4038204e-02  -2.2292500e-01  -1.1450398e-01   7.8971204e-02   2.0465349e-01   8.6376083e-02  -7.3618096e-02   9.6929650e-02  -1.1109888e-01   3.2628532e-01  -2.6375455e-01  -3.7795830e-02   1.1524566e-01   5.1004251e-02  -3.0028164e-01  -6.0039082e-03   5.1609235e-01  -2.1929664e-01   3.7623227e-01  -4.4120686e-03   1.4311224e-01   4.8389159e-01  -9.0928142e-02  -1.4593752e-01   5.1440486e-01  -2.4326688e-01   2.8721331e-01  -3.3825388e-02  -8.6555587e-02   6.8279804e-02  -1.3230568e-01  -6.0034501e-02  -3.2007628e-01   2.1787350e-02   2.1623549e-01  -1.2171267e-01  -1.1651744e-01  -1.4222312e-01   4.6253817e-01   4.6544936e-02  -8.0667322e-02  -2.4788993e-01   2.2702049e-02   4.5981697e-01   6.6336565e-02   7.2274738e-02   4.1954209e-01  -1.9388445e-01   4.8298289e-01  -7.2395938e-02  -1.0737200e-01  -1.2878225e-01   2.7108573e-01   7.4482923e-02  -2.3713095e-01   1.4878517e-01  -4.6182968e-02   2.6341736e-01   4.8239871e-02   2.7229870e-01   1.7022431e-01  -1.3005978e-01  -3.2093986e-02  -1.0895750e-02   5.2046424e-02  -4.6794986e-02  -2.8897768e-01  -1.0016142e-01   5.2353710e-02   2.5240098e-01  -2.8490786e-01  -2.5815165e-01  -8.3047877e-02  -1.9075616e-01   2.1795252e-02   1.3931328e-01   6.0840430e-01   1.4273291e-01   5.4965254e-01   5.6670000e-01  -1.3932831e-01  -1.6964619e-02  -1.7228310e-01   2.2242008e-01   1.8834856e-02  -1.3142946e-01   1.5991153e-01   7.1242545e-03  -2.5360653e-01  -7.9142941e-02  -3.7673300e-02  -2.1262715e-01   6.3848869e-01  -3.1398665e-01   2.8343292e-01  -2.6572118e-01  -9.1547685e-02  -8.9167298e-02   3.8780557e-01  -2.4808410e-01   3.8428661e-01   4.6968648e-02   2.6808690e-01   9.8278703e-02   2.8871843e-01   2.7712642e-01   8.9294390e-02   2.0762590e-01   4.5843882e-01  -3.2158754e-01  -2.9218754e-01  -1.2188250e-01  -1.5716140e-01   2.2878674e-01   1.8161409e-01  -3.0008993e-01  -9.7246911e-03   5.4653517e-01
   7.1140903e-02  -9.9498974e-03   9.1023552e-02   3.7728531e-01   1.5569405e-01   3.1033465e-01  -1.7252417e-01   2.2733658e-01   0.0000000e+00  -9.5253719e-02   7.2651411e-04  -1.6184854e-02   4.0967082e-02  -9.8563563e-02   7.0885188e-02  -1.3881034e-01   1.2158844e-01   6.5702370e-02  -1.2501758e-01   2.6808005e-02  -1.1646377e-01   2.0277792e-01  -1.4869040e-01   5.5709468e-02   1.2356640e-01   8.1010225e-02   2.4367618e-01   7.9051510e-02   2.0826570e-01   4.7135100e-02  -8.8804331e-02   8.0202364e-02   1.5127278e-02  -1.7731341e-01   1.2876763e-01   3.0001252e-01  -3.6479704e-01  -3.1468066e-02   5.6626112e-02  -6.4453713e-02   9.6256833e-02  -6.7477303e-02  -6.0976453e-02  -1.7009739e-02  -6.1143108e-02   1.8327375e-01   1.5378788e-01  -2.4244589e-01   1.5131392e-01   3.9025247e-02   8.0968960e-02  -7.8265909e-02  -1.7794881e-01  -6.8439083e-02   1.2425714e-01  -1.9572810e-01  -7.4773495e-02   2.9944872e-01  -6.3513078e-02   3.0695761e-01  -4.1854946e-02   1.8950696e-01   2.5653370e-01   2.7122702e-01   6.8724793e-02  -1.1171676e-01   3.3449013e-01   1.3768092e-01  -4.5195366e-02   8.9462634e-02  -3.0848909e-01   1.3290946e-01  -3.2050185e-02  -2.4612730e-01   2.0338262e-02   2.6111896e-01   1.0801198e-01   1.2102230e-01   3.4888837e-01   5.7531712e-02   2.2185932e-02   6.7658499e-02  -2.4305344e-01   1.3297593e-01  -3.5427904e-01   1.2581349e-01   3.5451683e-02   8.2842758e-02   3.7910359e-01  -5.5142980e-02   2.1254540e-02  -2.3171598e-02  -3.5434965e-01   4.4044956e-01   8.7162217e-02  -5.2840351e-02   2.4732417e-01   1.8693804e-01   3.5338638e-01  -2.6585986e-01  -2.7707630e-01   1.0464768e-01   2.2066886e-02   6.6747588e-01   1.9972292e-01   1.9142264e-01  -2.6782594e-01   3.8271764e-02   6.5138373e-02   9.3949377e-02  -3.8454937e-01   6.2820222e-02   2.4468855e-01  -1.7946599e-01   8.3785120e-02  -4.8912264e-02  -1.3524986e-01  -1.8193035e-01   1.0374131e-01   1.5282618e-01   8.8426562e-02   1.1595721e-01   2.5977525e-01  -5.9082691e-02   1.5870604e-01  -1.4916067e-01  -1.2924357e-01   1.0663008e-01   3.8454067e-01   4.1245730e-02  -1.0354514e-01  -5.8546106e-02  -2.0814314e-01  -9.2949385e-02   2.1541409e-01   5.1056895e-01  -2.9669251e-02   6.5631772e-02   3.8345757e-01  -1.1651808e-01  -1.1407286e-02  -1.1374658e-01   2.7723568e-01  -4.4985849e-02  -1.8626575e-01   1.9446355e-01  -1.2840525e-02  -2.5771690e-01   2.0430304e-02  -2.4794121e-01  -2.2440186e-01   5.7279406e-03  -4.6794560e-02   4.2585378e-01  -2.0917685e-03  -4.8965156e-02   9.9385492e-02   8.6435278e-02  -5.0705863e-02  -8.5679006e-02   1.4545159e-01   5.7903785e-01   1.5866803e-01   2.7854530e-01   1.0065216e-01  -1.8355070e-01   2.8845261e-01   8.6476343e-02  -7.9303798e-02  -1.3548166e-01  -8.3763168e-02   2.0169653e-02   5.2802540e-01   2.6462553e-01  -1.9751960e-01   4.8922504e-02   2.2780124e-01
  -3.6712083e-01   3.7091270e-01   4.5533829e-01  -1.4795631e-01   2.0675826e-03  -2.1845759e-01  -2.0724949e-01  -1.0662210e-01  -9.5253719e-02   0.0000000e+00  -2.6021070e-01   4.6257186e-01   3.1442340e-02  -4.3401971e-01   1.5005344e-01  -4.9084839e-02   4.6825051e-01  -2.8142732e-01   2.4590515e-01   5.8237952e-02  -3.3198632e-01  -1.9386411e-01  -1.4686511e-01  -2.0326546e-01   1.8980670e-01  -4.7988723e-02  -2.5427288e-01  -7.1913503e-02  -6.7191062e-02  -3.8471386e-01   1.0685663e-01   2.1818978e-01  -2.1043974e-01   2.2562777e-03  -2.0817685e-01  -2.2208548e-01   3.3059168e-01  -1.6990881e-01   9.0518735e-03   4.6859796e-01  -2.6260452e-02  -7.1077909e-02   3.9384795e-01  -2.7378066e-01  -1.8505967e-01  -2.2533772e-01  -5.0028252e-01  -2.1831025e-01  -1.3029974e-01   6.1618439e-01  -2.0518516e-01  -1.0359293e-01  -2.0645178e-01   1.3823576e-01  -7.7416228e-03  -1.7828494e-01   1.6305301e-01  -1.6694140e-01   9.9211543e-03  -1.8536108e-01   1.1198048e-01  -6.1358435e-02   4.3021845e-01   7.4939702e-02  -1.6756259e-02   4.9174477e-01   4.1535734e-02   8.2539060e-02  -1.5329448e-01  -1.7406169e-01   1.7637613e-01  -2.3691414e-01   1.3728660e-01  -2.1797720e-02   1.8557955e-01  -2.2780700e-01  -4.9227811e-02  -2.0141965e-01   3.7991357e-02  -2.5536690e-01  -4.4013479e-02   5.4331034e-02   3.7130719e-01   5.4286067e-02   1.6218503e-01  -4.2367104e-02  -4.2921014e-01  -1.2816232e-01   2.4602288e-01  -1.7478343e-01   2.5271607e-01  -2.0881488e-02  -1.5557225e-01  -1.5035094e-01  -3.2872447e-01   3.7095155e-01   4.5648832e-02   1.7733507e-01  -2.9859053e-02   2.3012812e-01  -2.4662586e-01  -4.5328202e-02  -3.7223760e-02   4.6436886e-02  -3.0977915e-01  -1.5789538e-01   2.3768163e-01   7.4156969e-02   2.1537792e-01   4.7775605e-03   4.4628274e-01  -1.3974754e-01  -2.0899967e-01  -2.4911177e-01  -4.3129944e-01   4.9406325e-01  -1.7657056e-01   4.5182486e-02  -2.3489077e-01  -8.3751834e-04  -3.5451791e-01   8.9549446e-02   1.8764307e-01   2.1678040e-01  -3.5915966e-01  -3.1346381e-02  -3.6139471e-01  -6.2671260e-02  -1.9250412e-01  -3.6653948e-02  -9.8853697e-03   2.9709475e-01   3.0151387e-01  -1.6064748e-01  -9.5418087e-02  -2.4687451e-01   1.1197432e-01  -4.0543060e-02  -3.5273769e-02   3.0482305e-02  -9.4107928e-02  -7.6998028e-02  -3.4681504e-01  -4.4380349e-01   1.5355138e-01  -1.8114558e-01   3.6923493e-01   1.9221104e-01  -2.0098398e-01   2.0117840e-01  -1.8854698e-01   2.1280297e-01  -2.8761980e-01  -1.2406279e-01  -3.6324026e-02  -5.6547324e-02  -4.4812536e-01   1.8815550e-02  -1.6498892e-02  -6.8362363e-02   1.3780376e-01  -2.5324804e-01   6.0999646e-01  -3.8871074e-01   1.4181832e-01   3.1323663e-01  -1.9096060e-01  -2.2078663e-01  -1.9422095e-01   3.4971257e-01   2.9149709e-01  -1.9121279e-01  -1.9518392e-01  -2.4026868e-01   1.9250417e-01   3.5127987e-01  -1.3850898e-01
   2.0602610e-01  -3.6611916e-01  -2.9360638e-01   1.9226252e-01  -1.7667328e-01   2.6910197e-01   1.5018349e-01   1.0993065e-01   7.2651411e-04  -2.6021070e-01   0.0000000e+00  -5.0451915e-01   2.8468869e-01   1.4159902e-01  -7.1939913e-02  -1.8153014e-01  -2.0714130e-01   3.5873197e-01   2.1229965e-03  -2.3150625e-02   4.4952634e-01   4.4169032e-01   3.1178570e-01   1.1678668e-01  -3.2133125e-02   1.9059521e-02  -1.1368648e-01   3.1613016e-01   1.8246996e-01   4.3918468e-01   2.7288947e-01   3.2868387e-01   7.7211258e-02   1.2780975e-01  -4.0839878e-02   1.3884415e-01  -1.3579301e-01   7.8492029e-02  -2.1599535e-01  -3.2541143e-01   5.8245827e-01   1.6067966e-01  -2.6002084e-01   1.7441717e-01  -8.2092276e-02   3.8641878e-01   6.1011366e-01   1.3045410e-01  -1.0011825e-01  -2.7166513e-01   3.6867937e-01   1.5830344e-01   1.8401216e-01   1.3919446e-01   4.8892391e-02   3.5410199e-01  -1.5897423e-01   4.7253802e-01   4.4124345e-01   1.7270532e-01  -8.2096221e-02  -2.0038589e-01  -3.4148437e-01   1.0545495e-01   2.0388294e-02  -2.7714544e-01  -1.2258293e-01   2.2796043e-01   6.0394427e-01   1.3288637e-01  -6.5883053e-02   3.7784525e-02  -1.6700590e-01   8.4415143e-02  -1.9027159e-02   3.8543344e-01   1.0421289e-02   1.4324908e-01  -3.0845890e-01   2.5825791e-01   8.7686816e-02  -5.2898530e-01  -2.3913744e-01  -4.2196929e-02   3.3174896e-02   4.2811137e-01   3.2977593e-01   1.8830464e-01  -2.0930477e-01  -2.7814449e-02  -3.7884113e-01   2.1653967e-02   3.7614720e-02   2.8812820e-01   3.3618331e-02  -3.1896705e-01  -7.7789459e-02   3.0396764e-01  -1.4539392e-01  -1.3086609e-01   1.2546831e-01  -3.0088749e-02   6.0297704e-02   7.9115703e-02   4.6327204e-01   3.3675510e-01  -2.7874214e-01   4.7449497e-01  -1.8617791e-01  -8.9082507e-02  -1.1445439e-01   2.9379942e-01  -2.0450611e-01   1.0796732e-01   2.1026677e-01  -4.5405780e-01   2.8631707e-01  -7.8318773e-02   2.1272646e-01   7.8904757e-03   1.0447156e-01  -2.5337827e-01  -3.7809538e-02   2.1119575e-01   2.0143992e-01  -2.5373391e-01   2.0477047e-01   8.2188008e-02   3.3457953e-01  -2.4184026e-02   2.4881975e-01   1.2256060e-01  -3.1678875e-01   5.0125600e-01   2.4396859e-01   3.1066785e-01   4.2853278e-02   5.6672503e-02   2.5365545e-01   1.6242253e-01   1.2212476e-01   2.6509993e-01   3.5686103e-01   2.9686264e-01   1.2000316e-01   5.6581804e-01  -2.0624622e-01  -9.7881720e-02  -9.6868446e-02   1.7648942e-01   1.7203747e-01  -8.8248139e-02   1.2730588e-01  -2.9663207e-03  -2.6650862e-01   3.3705697e-02   1.8085789e-01   4.4455632e-01  -6.0266891e-02   1.3554118e-01  -4.5449892e-03   3.5585783e-01  -8.4121859e-02   5.6228261e-01   2.1805225e-01  -3.1615318e-01  -4.7456903e-02   2.2422586e-01   1.7068755e-02  -1.0730658e-01  -3.9134088e-01   1.8255168e-01  -8.9981362e-02   2.2379803e-01  -4.0745461e-02  -4.5266586e-02   3.6038341e-01
  -3.5100800e-01   6.4627630e-01   5.2725135e-01  -4.0647279e-01   2.2655042e-01  -1.0819861e-01   1.1583965e-01  -3.3633971e-02  -1.6184854e-02   4.6257186e-01  -5.0451915e-01   0.0000000e+00  -3.4087204e-02  -4.4894084e-01   2.3585083e-01   9.9690699e-02   3.8292350e-01  -1.0564212e-01  -1.3807270e-01   2.5820671e-01  -3.9707033e-01  -5.7617900e-01  -8.2093376e-02  -1.6028566e-01   3.9249641e-02   2.0089237e-02   1.2199133e-01  -2.2699807e-01  -3.6348205e-01  -4.8412023e-01  -1.4761372e-01  -2.6691318e-01  -3.3074324e-01   3.2387407e-01   3.3033439e-01   1.6819344e-01   2.1826829e-01  -1.2908761e-01   1.2360301e-01   3.9189042e-01  -7.8282121e-02  -2.5011240e-01   3.4740149e-01  -2.4903928e-01   2.4313157e-01  -2.5105567e-01  -2.2388648e-01  -1.3424307e-01   7.3404747e-02   3.9743782e-01  -1.7286746e-01  -1.1978027e-01  -6.9984212e-02  -5.1414860e-02  -2.1976852e-01  -2.4770649e-01   1.7178076e-01  -5.3434605e-01  -1.7305913e-01   1.5375705e-01  -6.0352023e-02   3.9613119e-02   2.3592279e-01   6.1298693e-02   1.0932989e-01   4.3930035e-01   7.3479595e-02   1.7499326e-01  -4.8475757e-01  -4.9726105e-02   2.2084869e-01   2.4131607e-01   2.8358980e-01  -2.1316631e-01  -1.2695765e-01  -3.4237544e-01  -1.7012872e-01  -1.7289675e-01   4.4186639e-01  -5.3891003e-01  -8.6302551e-02   3.0227973e-01   2.7684761e-01   1.0328345e-01  -1.2518931e-01  -3.2336344e-01  -4.3255118e-01  -1.5189112e-01   3.4020484e-01  -8.1662476e-02   3.4747957e-01  -1.6953796e-01   1.0046488e-01  -3.7528408e-01  -2.3473437e-01   3.1475063e-01   1.6046891e-01  -7.3364730e-02   3.5278762e-01   3.5101510e-01  -3.3122226e-01   4.4304900e-01  -2.4161556e-01   3.6996642e-02  -3.0506309e-01  -5.1546807e-01   1.2460389e-01  -1.8490259e-01   2.0900787e-02   2.3718709e-01   2.4136362e-01  -4.4769321e-01   4.1848799e-04  -2.5911272e-01  -4.5106687e-01   4.4630334e-01  -2.7539290e-01   3.1649662e-01  -3.8859544e-01  -1.8769688e-01  -2.5154030e-01   4.3906491e-01   3.6181262e-01  -4.6967084e-02  -2.6886237e-01   1.8709761e-01  -1.8237661e-01  -2.5204990e-01  -4.6629408e-01  -2.9809487e-03  -6.6900849e-02   3.7759329e-01   2.3757054e-01  -5.0096593e-01  -4.0756668e-01  -3.3357686e-01  -1.6497318e-01  -3.8554842e-02  -1.1362066e-01  -1.2476379e-01  -9.6919565e-02  -1.8261713e-01  -9.8566124e-02  -4.0277265e-01   1.5657350e-01  -5.3601551e-01   4.3312648e-01   1.5970918e-01   3.1503110e-01   4.9736487e-02  -3.4769344e-01   2.2347681e-01  -1.5843543e-01   1.6366014e-01   2.1566431e-01  -9.3182790e-02  -2.9241983e-01   7.8892754e-03  -1.6364549e-01  -2.0553251e-01   2.7510292e-01  -4.9455964e-02   3.5619394e-01  -5.2883996e-01  -2.0774268e-01   5.0969767e-01   3.5842409e-01  -3.1286469e-01  -2.9528341e-01   1.0309738e-01   3.5202461e-01  -1.7609354e-01   1.5391029e-01  -3.0762386e-01  -2.8660271e-02  -2.5267392e-02  -2.5584863e-01
   7.2651551e-02  -2.5821761e-01   1.0838194e-01  -9.1346043e-02   2.1112999e-01   1.1248648e-01  -1.2972872e-01  -1.5277601e-01   4.0967082e-02   3.1442340e-02   2.8468869e-01  -3.4087204e-02   0.0000000e+00  -5.6183379e-02   4.6132394e-02   1.8524591e-01   1.1578056e-01   7.7398326e-02   1.1127564e-01   1.9451824e-02  -6.3983803e-02   1.1323046e-01  -3.5058237e-02   5.2449317e-02  -3.3121182e-02  -2.0793506e-01  -1.4756194e-01   8.7531359e-02  -2.9172313e-02   1.0193459e-01  -9.7217123e-02   1.5455888e-01   1.9726120e-01  -4.1200428e-02  -3.7066233e-02   1.1817924e-01  -1.6309473e-01   3.2778285e-02   2.4463676e-01  -1.6650484e-02   4.8532067e-01   1.5340882e-01   2.2398542e-01  -8.3667103e-02  -3.2752241e-02   1.4724359e-01   1.6783979e-01  -1.8482426e-01  -1.3360386e-02   1.2152985e-01   1.4261483e-01  -7.9550637e-02  -2.2968937e-01   6.8593054e-02  -1.3513389e-01  -5.5470842e-02  -1.4589303e-02   1.7395385e-01   1.6647819e-01   1.6551329e-01   2.5858214e-01   1.6666297e-02   9.4506495e-02   1.1513464e-01  -1.5898631e-01  -2.7126340e-01   3.2521674e-02   3.2658537e-01   7.5051150e-02   2.9503677e-02  -2.1897508e-01  -1.1453486e-01   7.3806797e-02   2.2500892e-01  -5.3446956e-02   3.5009426e-02   1.9209709e-01   6.8215973e-02   1.0569620e-02  -3.7775771e-02  -1.6823860e-01  -1.1556168e-01  -6.9866162e-02   1.4882875e-01   4.7318320e-03   8.1131033e-02  -1.1928308e-01   1.5995982e-01  -2.9354489e-02  -5.5673992e-02  -1.4456513e-02   3.3387859e-01   5.7643758e-02   3.0557164e-01  -1.1167557e-01   1.2881054e-01   1.3262659e-01   1.6600685e-01  -8.9999135e-02  -1.7720921e-01  -1.3190859e-01  -9.9048158e-02  -1.1258674e-01   1.6861382e-01   1.1125137e-01   8.2483468e-02   3.4761768e-02   1.2139989e-01  -2.4861267e-01  -1.4302544e-01   7.3981316e-02   1.1560317e-01  -2.2973455e-01   3.5491443e-03  -8.3249765e-02   5.3147854e-02   2.2723701e-02   3.4561787e-01   4.6070803e-02  -9.1030796e-02   1.2610819e-01   7.8477589e-02   1.3118748e-01   9.7521496e-02   8.5228903e-02   1.7427125e-01  -5.4267959e-02  -5.6781027e-02   1.0954723e-01  -7.5527595e-02   5.5137917e-01  -3.1771576e-02  -2.6541446e-02  -1.1645628e-02   1.3136598e-01   8.8410366e-02   6.7670107e-02  -6.6801545e-02   1.5865794e-02  -5.8968031e-02  -1.2185362e-02   7.2257415e-01   8.0598971e-02   1.9068662e-01  -3.3460587e-02  -5.4698392e-03  -2.7536313e-01  -9.6644259e-02  -1.6643051e-01  -1.0983645e-01   5.0538461e-02  -1.6538907e-01   2.6783724e-01  -1.5585925e-01   2.5410923e-02  -2.2500087e-01   1.9770473e-01   2.9804906e-01   2.5635192e-01  -1.5826078e-01   1.5115706e-01   2.2860059e-01  -1.9356287e-01   8.6035533e-02   1.4835578e-01   4.2450697e-02  -4.4270054e-02   1.7772062e-01   1.6563745e-01   1.4084720e-01   1.8866413e-01   1.8341782e-01  -1.8319416e-01   1.5797846e-01   7.7393880e-02   1.3464350e-03   1.9196591e-01
   2.1981788e-01  -2.7814423e-01  -3.3094573e-01   3.2273826e-01  -3.0718255e-01   2.6995317e-02   2.6361703e-02   1.0874159e-02  -9.8563563e-02  -4.3401971e-01   1.4159902e-01  -4.4894084e-01  -5.6183379e-02   0.0000000e+00  -1.9438486e-01   4.9836468e-02  -4.2722053e-01   1.8375607e-01  -8.6199749e-02  -1.4357560e-01   3.7086244e-01   5.3437489e-01   2.7233734e-02  -7.4970524e-02  -9.2472762e-02  -7.2152173e-02  -3.2337606e-02   3.1179619e-01   1.0262932e-01   7.1893655e-01   1.7605484e-03   5.5623928e-02   1.3731083e-01  -9.0298828e-02  -2.2789982e-01  -3.2921750e-02  -2.8788547e-01   1.9624656e-02  -5.1685400e-02  -5.0689996e-01  -7.1623974e-02  -2.0400602e-02  -4.9334660e-01   3.0965270e-01   1.1553743e-01   2.5048439e-02   2.2124219e-01   2.3861438e-01  -1.4747145e-01  -4.3269288e-01   2.3248415e-01   2.3510100e-02   1.9415241e-01  -1.4248192e-01  -3.1461185e-02   4.2024370e-02  -1.7689945e-01   3.5698218e-01   1.6795694e-02  -7.0895050e-02  -1.9814808e-01   1.7627562e-02  -3.9325620e-01  -2.2865677e-01  -6.1041277e-02  -2.7247650e-01   1.7859831e-02  -1.1203668e-01   4.4723354e-01   3.0956336e-01  -1.8989592e-01   6.5254185e-02  -1.4752533e-01   1.0491067e-01   6.0897720e-02   2.8934724e-01  -8.5247430e-02   3.0926798e-01  -7.2236789e-02   1.7753078e-01   1.6466500e-01  -1.8426600e-01  -3.9651841e-01  -1.5687228e-01  -1.7383382e-01   1.5340452e-01   5.0001958e-01   1.8811569e-01  -2.3584829e-01  -1.3805765e-01  -1.5057541e-01  -6.5809873e-02   4.0658174e-02   2.2144663e-01  -5.9361832e-02  -4.4753233e-01  -3.9571924e-02  -2.4642840e-01  -2.3884463e-01  -1.7372580e-01   1.4289860e-01  -1.8706053e-01   5.4478107e-01   1.1573679e-01   3.2076035e-01   4.1453114e-01  -2.5602644e-02  -2.7582855e-02   7.5245777e-02  -2.6999066e-01  -3.9195633e-01   6.4310622e-01   8.1153198e-02  -1.0301042e-01   3.9843577e-01  -4.7942667e-01   2.8876811e-01  -1.1145597e-01   5.7614967e-01   2.3619157e-01   1.9925323e-02  -3.3178458e-01  -3.2458239e-01  -1.7524817e-01   2.7318647e-02   1.2031563e-01   3.6308207e-01   1.7113832e-02   2.1738552e-01   1.7023178e-01  -9.9533097e-02  -2.4648441e-01  -1.0797965e-01   3.5387758e-01   2.0280809e-01   2.4937707e-01   2.5807834e-02   3.3189705e-01  -1.8233582e-01  -3.2622051e-01  -1.3093780e-01  -7.9593478e-02  -9.0164507e-02   6.0021604e-01  -5.6009042e-02   3.1566465e-01  -2.1898117e-01  -1.7125254e-01   7.2632499e-02  -1.5536957e-01   5.9544466e-02  -2.5604567e-02  -3.3360184e-04  -8.7170565e-02  -7.3074930e-02  -1.4040716e-01   1.7063945e-01  -2.5123607e-01  -1.0632081e-01   3.0781549e-01  -1.4371493e-01  -6.8643796e-02  -4.3124394e-01   2.9936946e-01   1.9929805e-01  -3.3100124e-01  -8.3799107e-02   2.8348074e-01   1.7790381e-01  -3.5235597e-01  -3.4847560e-01  -1.7972365e-02  -5.0656712e-02   1.7589866e-01  -2.9356026e-02  -2.2217958e-01   3.2040049e-01
