   0.0000000e+00   2.9234105e-01   2.1582263e-02  -2.4258282e-01   1.1333158e-02  -1.8073214e-02   1.4293031e-01   1.7814953e-03  -1.5580417e-02   1.5898976e-01  -1.3517421e-01   2.6524023e-01   1.4289748e-02   1.2327952e-01  -4.7982619e-02   1.0752496e-01  -6.6255389e-02  -1.4949619e-01  -2.6898204e-02  -8.6698849e-02  -3.6159589e-02  -3.4385712e-01  -5.0647279e-03   3.7613865e-01   1.5347779e-01   5.1774288e-02  -8.3569030e-02   1.4268234e-01   3.8886819e-02  -1.4844491e-01  -1.4474736e-01  -1.0500109e-01   2.4694662e-02   1.9336219e-02   5.8978372e-02  -7.2255006e-02   2.4452285e-01   6.0497890e-01  -8.6560596e-02   7.6650294e-02   1.3503244e-02   2.5725944e-03  -2.1856212e-01  -1.9794533e-01   2.5132812e-02   2.2774609e-01  -2.7988774e-02  -5.8688457e-02  -1.8807979e-01   3.8938161e-03  -1.3464161e-01  -1.4678454e-01   1.5000130e-01   1.0731134e-01  -1.4004125e-01  -1.6242609e-01  -5.8820545e-02  -2.4378329e-01   1.4145632e-01   2.1632334e-01   1.2354209e-01  -8.4286460e-02  -1.4322573e-01  -8.6829678e-02  -1.2002206e-01   2.8687388e-01  -2.4789822e-02  -1.5481300e-02  -1.5417635e-01   1.6285806e-01   4.4761603e-02  -1.4274306e-01   3.4251191e-02   1.9618479e-01   3.4530030e-02   4.7688768e-02   2.5471034e-01   2.3784353e-01   1.4625144e-01  -1.0725864e-01  -1.0895019e-01   3.2997882e-02  -1.9372650e-01  -4.1496903e-02   2.1837462e-01  -6.2304258e-02  -1.8112764e-01   5.3687371e-02  -2.8540502e-02   6.8978285e-01   1.8532428e-01   1.4535041e-01   1.1023121e-01  -4.2939497e-02   4.6207524e-01   1.7018254e-01   1.6649741e-01   2.9423701e-02   1.9703530e-01   1.4810630e-01  -1.2080893e-01   6.4252366e-02  -3.6706828e-01   1.7050723e-01  -2.4172578e-02  -1.4575059e-01   3.8962421e-02  -1.1433721e-01  -2.4383183e-01  -2.4984390e-01   5.6825408e-03  -1.2227180e-01  -1.2964427e-01   7.5709823e-01  -1.9335567e-02   1.7259689e-01   5.4772100e-03   2.0128049e-01  -1.5802873e-01  -2.1634732e-01   2.7213019e-01  -4.0617352e-02  -6.6423389e-03  -2.5622888e-01   6.0762890e-01   1.8247207e-01  -3.3529058e-02  -2.4761646e-01  -6.1700207e-02  -1.0671594e-01  -1.8484405e-02  -2.1679961e-01   3.5954787e-01  -7.3217741e-02  -8.5238677e-02   9.3485688e-02  -8.1908713e-02  -1.1673206e-01   1.8953662e-01   4.3034897e-01   6.0414239e-01  -2.4766982e-01  -1.4137302e-02  -3.4785537e-02  -1.9163039e-01  -1.2162073e-01  -9.2680576e-03   1.1724241e-01   1.1534920e-01  -4.1509425e-02   4.8140928e-01  -4.2823803e-01   3.7109735e-01  -6.4271099e-02   9.3870614e-02   5.9423551e-01   1.0101095e-01   1.2613563e-01   2.1218805e-01  -2.5939633e-01   4.5166484e-02  -1.5866662e-01  -2.4226644e-01  -1.1795248e-01  -2.5211283e-01   2.5101242e-01  -5.8941215e-02  -5.9408673e-02   4.2816448e-01   9.2045600e-02   3.3068112e-01   5.0075476e-01   3.7759148e-02  -6.2816444e-02   1.7616526e-01  -4.8382288e-01  -2.8068165e-01
   2.9234105e-01   0.0000000e+00   4.9492350e-01  -1.9683154e-01   4.9725892e-01   4.2656095e-03  -8.7481194e-02  -5.5594619e-02   4.6075077e-01   3.3698951e-01  -2.4761600e-01   7.4745771e-01  -1.0101997e-01  -1.1883184e-01  -2.1098334e-01   2.9348020e-01   4.6661285e-01  -3.0833351e-01   1.9230551e-02   3.1779284e-01  -2.7387969e-01  -3.3360418e-01  -3.6844197e-01   4.2296816e-01  -2.2130344e-02  -1.0811801e-01   4.6471036e-02  -4.6868680e-02   8.8962017e-02  -2.0237201e-01  -1.3483492e-02  -5.4912745e-02   2.3024554e-01  -9.3859535e-02  -5.6403675e-02   3.7633346e-02   2.2395703e-01   9.9882449e-02   6.3129922e-02   6.1879100e-01   5.7696253e-02   1.7702819e-01   1.5569133e-01  -3.9336104e-01   6.1384523e-02  -1.2591922e-01  -2.4938947e-01   2.8549532e-01  -1.9228275e-01   6.2009109e-01   2.4041025e-02  -1.0336814e-01   4.6182097e-01   2.7738962e-01  -8.2769164e-02  -3.7165377e-01   1.1023838e-01  -2.2862418e-01   5.1437849e-02  -7.4408502e-02   1.8380155e-01   4.0354531e-01  -2.0441579e-02  -1.5089742e-01  -1.8321710e-01  -6.8759061e-02  -1.2355844e-02   6.8789842e-03  -3.0326909e-01  -1.2089289e-01   6.0681037e-01  -2.2881844e-01   2.1101396e-01  -1.0521558e-01   2.5706718e-01   2.5687509e-02   3.1816206e-01   1.0489372e-01   6.0095472e-01   1.6193013e-01  -4.5588962e-01   3.0686250e-01   8.2259664e-03  -1.0979624e-01  -2.2975171e-01  -2.6479807e-01  -3.5300016e-01  -2.3479661e-01   2.9818232e-01   2.7386883e-01   6.0066136e-01   4.1883698e-01   4.4560982e-01   3.7319085e-02  -3.2163379e-02   6.3092020e-01   1.5172227e-01  -7.0781771e-02   3.2453693e-01  -1.7029379e-01  -3.2860098e-01  -4.0899249e-01  -1.5146974e-01  -1.3600969e-01  -2.4869275e-01  -1.3695218e-02   3.3291822e-01  -2.1376450e-01  -1.5199723e-01   7.4805038e-03  -5.5278347e-02  -3.3803694e-01   7.4528194e-02   1.6529665e-01  -2.6543796e-01   4.1215191e-01  -1.5747371e-01   2.2143590e-01  -2.0172457e-01  -2.7190091e-01   3.8899393e-01   3.3802493e-01   5.4149329e-01  -4.8647885e-01   1.5827881e-01  -1.7874041e-01  -3.1860117e-01  -1.2856634e-01  -1.7346431e-01  -2.0395937e-02   9.5659929e-02  -1.2604087e-01   3.4729180e-01  -2.9835855e-01  -9.5753839e-02  -1.0805168e-01  -9.8795868e-02  -2.0500794e-01   8.8489211e-02   2.9056763e-01   2.6855846e-01  -2.7372986e-01  -6.6056932e-02   3.2174644e-01  -2.2264341e-01  -1.5595596e-01   1.4350572e-01   2.2015506e-02   5.6280370e-02   4.3316126e-02   1.5498947e-02  -3.6169364e-01   2.4346529e-01  -1.5498357e-01   8.0249728e-01   2.9602602e-01   1.3994455e-01   1.3024465e-01   3.5680428e-01  -1.8024023e-01   3.9408519e-01  -1.6948287e-01   2.8800668e-01  -2.2627216e-01   8.1370904e-02   2.1215322e-01   9.6340891e-02  -1.1960970e-01   2.0229909e-01   5.6646611e-01   4.7241735e-01   1.4105227e-01   7.6523876e-03   1.5396992e-01   2.3941127e-01  -1.0876541e-01  -2.2075889e-01
   2.1582263e-02   4.9492350e-01   0.0000000e+00  -3.7387105e-02   1.2994623e-01   1.6978218e-01   5.5445590e-03  -3.2793853e-02   4.2196781e-02   1.2568191e-01  -8.4058968e-02   4.9288097e-01  -2.2795790e-01   1.5679609e-01   7.1593821e-02   2.5848056e-01   8.2485432e-01  -3.0193377e-02  -1.6573302e-01   4.1315293e-02  -1.0968975e-02  -1.4538477e-01  -7.8132025e-02   3.2533193e-01  -1.2007487e-01   1.4973871e-01  -7.0500573e-02   1.6053889e-01   1.5274321e-01   1.7999703e-01  -1.5092974e-01   1.6819157e-01   2.3265573e-01  -7.0375731e-02  -2.4312598e-01   4.5738786e-04   5.3072849e-02  -4.6047363e-02   6.2194413e-02   3.1628740e-01   1.9779898e-02   1.9539446e-01  -2.1874417e-02  -2.8161556e-03  -2.5340489e-01   1.9128562e-01  -1.2659113e-01   1.0756942e-01  -2.1431689e-01   6.7520392e-01  -4.8545767e-02  -5.9938387e-02   2.1884801e-01   2.4336089e-01   1.2192756e-01  -8.8280771e-02   9.6141954e-02  -1.1930667e-01   1.7970318e-01  -7.2781140e-02   5.5783427e-01  -9.0082340e-02  -4.1110334e-02  -9.7574872e-02  -2.1466398e-01  -2.5182395e-04   1.2437919e-01  -1.3460782e-01  -2.2159724e-01   2.3046979e-01   3.2964818e-01  -2.3178010e-01   6.3978328e-02   2.2498703e-01   1.4195868e-01   1.0512198e-01   4.8392842e-01   1.0321075e-01   1.1926156e-01   1.4275215e-01  -2.1992675e-02   3.7261035e-01   2.9089994e-01   4.7490334e-02   2.0369644e-01   1.8005583e-01  -6.9949100e-03  -1.7983286e-02   7.2324455e-02  -4.8958647e-03   1.9499761e-01   6.3025813e-01   1.6378847e-01   8.9130219e-02  -1.0383055e-02   1.9786526e-01   1.9769747e-01  -2.4422067e-01   1.0863610e-01  -3.0341087e-01   1.7362046e-01  -1.2907653e-01   7.9109943e-02  -5.1071268e-02  -7.7713646e-02   1.6463946e-01   3.4517189e-01  -2.1283716e-01  -1.9849576e-01  -5.6096631e-02   1.2055954e-02   1.3494120e-01   4.1109387e-02   1.0906077e-01   1.2043923e-01   2.1095536e-02  -9.0965593e-02   4.4727583e-01   3.4139802e-01  -4.5879704e-02   3.2010060e-01   5.9656617e-02   1.8427263e-01  -7.0303318e-02   8.2807265e-02   2.2263929e-01   5.9789249e-03   1.7547288e-01  -2.4007665e-02   1.5821513e-01  -7.7257649e-02  -1.1514601e-01   2.9191269e-01   4.1874493e-02  -3.4341025e-02   1.1630900e-01   8.2016559e-02   1.4045587e-01   1.3608252e-01   1.9469084e-01   7.7315032e-02  -2.5397574e-01  -5.1594802e-02   4.7555351e-01  -1.3914006e-02   1.0711106e-01   2.4965145e-01  -1.3699707e-02   1.3317550e-01   4.1692040e-02   2.9565712e-01  -4.2737781e-02   1.5764690e-01  -1.7344679e-01   6.1681721e-01  -1.2933675e-02   2.5926806e-01   2.0468710e-01   4.6462864e-01   1.6370708e-01   1.5752858e-01  -1.9928846e-01   1.7014416e-01  -4.6660480e-02   1.6044831e-01  -1.2892550e-01   3.0947988e-03   1.3541085e-01   3.0860263e-01   2.0582075e-01   1.2447174e-01  -7.9493130e-02  -1.6958429e-01   3.2934863e-01   1.2186859e-01   6.1947540e-02  -1.9899130e-02
  -2.4258282e-01  -1.9683154e-01  -3.7387105e-02   0.0000000e+00   4.0111310e-02   3.4644591e-01   2.9079733e-01   1.0107401e-01   6.5553077e-02   2.1618982e-01  -3.3145712e-01  -1.1566378e-01   1.1708427e-01   1.3245307e-01   8.0337867e-02  -5.1096633e-01  -8.0481571e-03   2.2168973e-01  -9.3628493e-04   2.7707549e-01   2.5638893e-01   3.0098547e-01   1.6221050e-01  -7.7925484e-02   1.5264644e-01  -1.1786675e-04   1.7915288e-01   1.7372523e-01  -1.0643018e-01   1.5929383e-01  -3.0730098e-02  -2.2704551e-01  -2.4583682e-01   2.5109558e-01   1.9864710e-01   6.7153994e-02  -1.1922934e-01  -2.5072732e-01  -3.4845681e-01  -1.1046198e-01  -4.4571012e-02   5.7849607e-02   4.8580022e-02   4.6579196e-02   3.9797533e-01  -2.1070816e-01  -5.9209877e-02  -6.9797446e-03   5.3984521e-02  -1.8408679e-01   1.9531756e-01  -5.3486023e-02   1.6742314e-01   2.5740868e-03   9.8482591e-04   6.1147523e-02   1.0130503e-02   4.6018782e-02  -7.3741573e-02  -1.3382193e-01   1.8628759e-01   3.9467823e-02   2.0419496e-01   1.9486828e-02   2.5042139e-01   7.4418810e-02   7.4723959e-02   1.2007537e-01  -1.8674341e-01  -2.3962487e-01  -3.3147509e-01   4.0416623e-01  -4.4617384e-02   2.0523668e-01   6.4456450e-02  -1.6764382e-01   2.8304048e-01  -1.5493076e-01  -1.2507493e-01  -2.1580772e-01   2.2512511e-01  -1.0464869e-01  -5.1512849e-02  -1.0426383e-01  -4.4418616e-02  -2.0094501e-02   3.1787150e-01   6.8877340e-02  -1.9080520e-01  -1.1960076e-01  -2.9409120e-01   2.5063886e-01  -3.9509610e-02   5.6506437e-02  -9.7238033e-03  -1.5170728e-01  -1.8120862e-01   1.0114876e-01  -2.3684523e-01   2.5959009e-01  -6.0246163e-02   7.4387246e-02   8.0785760e-02   1.5412733e-02   2.5443479e-01   1.9959615e-01   1.2682321e-01   1.2895425e-01   2.2385050e-01   1.5144793e-02   1.7128895e-01   7.4935520e-02   8.7311839e-03  -1.8434603e-01   4.9553751e-02   7.9149043e-02  -1.3222385e-01  -2.1937432e-01   3.3007950e-01   7.2648380e-01   3.4748854e-02   9.9637679e-02  -2.7360432e-01  -3.8621647e-02  -2.4478079e-01  -1.0280084e-01   3.3224837e-02   1.2530004e-01   2.5265307e-01  -9.6654847e-02  -4.1235390e-01   1.6565350e-02   8.1721120e-03  -3.8658095e-02   3.3975764e-01   3.2294353e-02   2.1984022e-02   9.1951777e-02  -4.2406769e-02  -2.4734279e-01  -3.9384267e-01   1.9969246e-02  -1.3112134e-01   1.5631715e-01   2.2832452e-01   5.2549446e-02   6.0602541e-02  -3.4783005e-02  -1.0791824e-01   2.2537152e-01  -2.5236156e-01   1.9949905e-01   1.4380052e-01  -2.1053954e-01  -1.3052544e-01  -1.4085154e-01   1.5487191e-01  -6.3533541e-02   1.2916972e-01   3.0741649e-01  -4.6309173e-01  -1.9220629e-01   1.7889679e-01   2.6421632e-01   1.0334825e-01   1.7240999e-01  -1.8650349e-01  -2.9107466e-02  -2.1981107e-01  -2.7546431e-01  -2.4677462e-01  -3.9333572e-01   7.2974042e-02   5.3329976e-02   7.9345443e-04   2.9897997e-01   2.9691937e-01
   1.1333158e-02   4.9725892e-01   1.2994623e-01   4.0111310e-02   0.0000000e+00   8.9082832e-02   1.2855806e-02   1.9923379e-01   3.3272990e-01   2.2456687e-01  -1.8642643e-01   4.9991235e-01   8.4444955e-02  -2.5892352e-01  -1.1793959e-01   3.4682096e-02   1.5548833e-01   9.9747783e-02   2.0086631e-01   8.1120786e-01   5.7146304e-03  -1.8580322e-01  -2.6925688e-01   1.5410784e-01  -1.5207998e-01   1.9682243e-02   2.3886952e-01  -1.1639428e-01  -1.9177541e-01  -1.3521877e-01   3.0409666e-01  -1.0651380e-01   8.8908389e-03   1.9799583e-01  -2.1907112e-01   5.4454239e-01   2.5083768e-01  -2.3512187e-02  -1.4875398e-01   3.8803545e-01   3.2927985e-01   8.3494141e-02   1.9452397e-01  -2.0157156e-01   3.6852698e-01  -3.0330255e-01   1.1705789e-01   7.9884796e-02   2.9200882e-01   3.5000468e-01   3.8392286e-01  -8.4568073e-02   5.6952304e-01   9.7788788e-02  -5.7035165e-02   4.0390757e-02   1.4947496e-01  -1.0627953e-01   6.3393744e-02  -1.6909708e-01   1.4446653e-01   5.1057628e-01   4.3885469e-02   1.6338276e-01   1.5694305e-01  -1.0857334e-01   1.5836484e-01   2.1102837e-01   1.1790570e-02  -3.3590376e-01   4.9654434e-02  -2.2950599e-02   4.4912262e-01  -2.7964662e-01   4.9823522e-02   6.3005622e-03   3.0341889e-01   1.6962490e-01   8.2739086e-01  -5.2798937e-02  -3.1744516e-01   1.6679752e-01  -1.1965210e-01   1.0950892e-01  -2.4449372e-01  -2.3456504e-01  -2.3542760e-01  -2.5780583e-01   1.1845083e-01   1.2561348e-01   4.4873226e-01   2.5312069e-02   5.4312691e-01  -3.8838394e-02   3.9764950e-02   6.3973349e-01   5.2427048e-02   5.9120195e-02   3.7206865e-01   1.4165608e-01  -4.6638019e-01  -3.1182038e-01  -7.5821966e-02  -7.5967531e-02  -3.5989910e-03   8.8243242e-02   8.8566074e-02   1.3776542e-01   1.5318593e-01   3.8040267e-01   1.9228505e-01  -1.8524405e-01   1.1863087e-01  -1.5014605e-01  -3.8098727e-01   4.4690202e-01   3.8037726e-02  -6.9985847e-02  -2.2366004e-01  -6.5008967e-03   2.2155661e-01   7.1965949e-01   3.0617333e-01  -5.2717032e-01  -1.7057794e-01  -3.9680146e-01  -3.7832733e-01  -2.1283610e-01  -2.2224931e-01  -1.8574532e-01   2.9720149e-01  -1.1940382e-02   4.4333882e-02  -3.5516412e-01  -4.1230985e-02   3.3732474e-02  -3.2788814e-01  -3.8139205e-01  -4.3599600e-02  -1.6329841e-01   4.9452055e-02   1.4638527e-02   5.7299784e-02   1.0305722e-01  -3.0481447e-02  -2.0759793e-01  -1.2457652e-01   2.2516424e-01   2.3685428e-01  -8.1023617e-02  -2.0965500e-01  -1.8709461e-01   5.0197263e-02  -1.8380692e-01   4.9118984e-01   1.2819485e-01   1.7046924e-01   6.8056695e-02   2.0781375e-01   6.9920962e-02   1.0667747e-01  -8.9095328e-02   5.1547978e-01   8.1250759e-02   1.2208090e-01   4.0266369e-01   1.1705510e-01  -2.7658631e-01   9.9572964e-03   3.8233252e-01   3.0486892e-01  -1.2409119e-01   2.3219026e-01   4.4487923e-02   1.2849587e-03  -8.1714953e-02   7.1757194e-03
  -1.8073214e-02   4.2656095e-03   1.6978218e-01   3.4644591e-01   8.9082832e-02   0.0000000e+00   3.6765711e-01   4.8989258e-01  -1.8257073e-01   3.2941563e-01   1.6156691e-01  -1.5866814e-01  -1.5706392e-01   3.4577198e-01   1.2128010e-01  -2.2372409e-01  -4.0337161e-02   3.8826579e-01   4.4032253e-01   1.7348188e-01  -3.6689640e-02   3.2968050e-02   1.7888164e-01  -1.4577752e-01  -9.4667598e-02   5.2934837e-01   3.3780684e-01   5.1832020e-01   8.3129991e-02   2.9578819e-01  -1.2466936e-01  -1.3122737e-01  -7.8532990e-02  -1.2635355e-01  -2.3643934e-01   1.4136450e-01  -2.5535599e-02  -2.7452854e-01  -3.9533264e-01  -6.7634613e-02   2.9300599e-01  -2.5658316e-01  -5.0703624e-01   3.2798995e-01  -1.1779474e-01   6.8801953e-02   2.2449100e-01   2.5224387e-01  -5.9671414e-02  -2.3121941e-01   2.3354681e-01   2.8846188e-01   1.3241782e-01   1.4214110e-01   2.3062735e-02   2.2696163e-01   5.2193324e-01  -1.0122834e-01   3.9848914e-01  -3.4323885e-03   1.7746666e-01   1.5798537e-01  -5.1655414e-01   5.2132531e-02  -1.0218122e-01   1.6046030e-01   6.1168537e-01  -3.5349485e-01  -1.8504899e-02   1.5764688e-01  -1.8695284e-02   2.1166255e-01  -1.9395866e-01   3.3512383e-01  -8.8663410e-02   3.0608551e-01   3.2009724e-01   1.7630736e-01  -8.5550116e-02  -2.1865687e-01   5.4526105e-01  -4.4657236e-02   3.2383808e-01   3.6021361e-01   3.1478283e-01   2.4749123e-01   6.9433185e-02  -4.3316843e-01  -1.3815731e-01  -3.3474617e-02   9.0393479e-02   9.1449141e-02  -2.7996334e-01   1.6391214e-01   6.2941808e-02   1.5718191e-02  -1.8291237e-01   4.7738482e-01  -1.8554335e-01  -2.9362002e-01   2.8942096e-01   3.8736110e-01   2.5048881e-01   1.3704752e-02   2.1626826e-01   3.6093877e-01   5.5164367e-03   5.8077870e-01   2.1358778e-01   1.6069383e-01   1.6863987e-01   4.3400639e-01  -3.8129634e-02   4.4005681e-02   4.0020326e-01   2.2350936e-01   2.6283091e-01  -2.2967087e-02   5.6765870e-01   1.0723362e-01   5.4993630e-02   8.4422700e-02  -1.4132415e-01  -8.1733940e-03  -1.5489157e-02   1.5056988e-01   2.3321721e-01  -1.1315474e-01  -1.8377064e-01  -9.5726398e-03  -4.8176902e-01   4.1922585e-01   4.9792038e-01   3.0780144e-01  -4.0794711e-01   4.0278213e-01  -3.4881999e-01   5.1932502e-01   3.3483589e-01  -2.1681077e-01  -4.5341830e-02  -2.6166950e-01   5.6711494e-01   4.9850129e-01   1.3524531e-03   4.5129441e-01   3.6786593e-02  -7.2776247e-03   1.9072059e-01  -8.5601547e-02   1.7642834e-01   4.1590476e-01  -2.2590534e-01   1.3265485e-01   1.8089252e-01  -1.4047754e-01   3.3777523e-02   2.7394343e-01   2.4757775e-01   6.7088397e-01  -1.2978238e-01   1.9846948e-01  -5.5762320e-02  -9.9234528e-02  -1.1426346e-02  -9.0425151e-02   3.0887979e-01   4.8379841e-01   1.1093078e-01   6.0707306e-02   1.9083134e-01  -2.4127930e-01  -4.6778117e-01   6.0672716e-01  -1.1179740e-01  -1.6870543e-01   1.8465586e-01
   1.4293031e-01  -8.7481194e-02   5.5445590e-03   2.9079733e-01   1.2855806e-02   3.6765711e-01   0.0000000e+00  -9.6345914e-03  -1.5094918e-01   2.6948978e-01  -2.5810461e-01   6.7168859e-02   3.1317514e-01   1.8339108e-01   3.6478094e-01  -3.2865164e-01  -1.3864187e-01   1.6999335e-01  -8.7407620e-02   1.0968334e-01   4.3225288e-01  -8.2782043e-02   3.7694418e-01  -1.0964715e-01   9.1955232e-02   1.7749279e-02   1.2236141e-01   4.0575887e-01  -1.1103321e-01   1.1152516e-01   1.5833075e-01  -2.3015105e-01  -1.4287583e-01   3.7686561e-01   1.3611307e-02   1.8720189e-01  -7.6350523e-03   9.6594138e-02  -4.1446175e-01  -1.0152190e-01   1.7418876e-01   3.8566849e-02  -5.8045598e-02  -5.8521966e-02   2.0846248e-01   1.0439862e-01   2.1666478e-02   1.8699525e-01   6.7965996e-02  -1.4268963e-01   1.7594636e-01  -2.5830596e-01   6.2183939e-02   6.0655514e-02  -9.8757602e-02   1.1565887e-01   3.7875372e-03  -2.1625743e-01   5.9276663e-02   6.3262230e-02   6.7164423e-03   3.6715375e-02  -4.7742064e-02   4.4123769e-02   1.1819073e-01   4.2371342e-01   8.4590732e-02  -7.0724206e-03  -2.3283118e-01   5.0595960e-02  -1.9397877e-01   7.0273106e-02   9.6812548e-02   2.3989657e-01   4.7671974e-02  -1.2759700e-01   1.9013532e-01  -1.4657322e-02  -1.1504855e-01  -2.3911043e-01   4.2725948e-01  -4.7842802e-02  -7.4896619e-02  -6.0929274e-02   2.0505421e-01   2.1845361e-01   3.0638029e-01  -1.2718730e-01  -1.2627322e-01   1.3247473e-01  -2.0100303e-01   1.3027155e-01  -1.6726440e-01  -2.1550503e-01   1.8183959e-01  -1.8187256e-01  -5.5125243e-02   4.1372492e-02  -1.5614833e-01   2.5009033e-01   5.8485919e-02   3.3940669e-01  -1.4865183e-01   1.5712243e-01   1.2746352e-01  -1.2955732e-01  -2.7428920e-02  -3.3711703e-03   5.8093418e-02   8.5115008e-02   3.0041052e-01   1.2189962e-01  -5.7026441e-02   2.8173338e-01   3.4586591e-01  -2.2085892e-02  -8.0256635e-02  -5.9566708e-02   2.2854995e-01   1.4758165e-01   6.7461804e-03  -5.8637321e-02  -3.3451531e-01  -7.9922744e-02   2.5819928e-01   2.5285006e-01   1.5517332e-01  -5.2591918e-02   6.1325110e-02  -2.3190489e-01  -2.2228093e-01   6.6308535e-02   1.5778745e-01   2.4412137e-01   1.2398725e-01   1.0163696e-01  -2.3337727e-01   1.9461847e-01   1.9119064e-01  -6.5072076e-02  -1.1921164e-01   4.6842908e-02  -1.2020745e-02   1.5357161e-01   3.6745269e-01   8.0145826e-02   4.2918474e-01   1.7135424e-01   2.5086372e-02  -2.2223552e-02   1.5100710e-01  -1.7271160e-01   9.0533952e-02  -1.6203804e-01  -9.6113850e-02   9.7187258e-02  -1.1266863e-02   5.9464374e-02   1.4989854e-01   3.1972191e-01  -2.6123998e-01  -2.0243618e-01   9.6563001e-02   4.6480765e-02  -2.3386316e-01   3.6728608e-01  -1.7575571e-01  -4.6679657e-02   5.0461608e-02  -3.4532630e-01  -3.8671140e-02  -7.1647812e-02  -5.5133265e-02   5.0241713e-02   4.6008451e-02  -3.7166723e-02  -1.1222182e-01
   1.7814953e-03  -5.5594619e-02  -3.2793853e-02   1.0107401e-01   1.9923379e-01   4.8989258e-01  -9.6345914e-03   0.0000000e+00  -1.0935316e-03   1.7697360e-01   1.6756390e-01  -1.0994952e-01   1.1829961e-01   4.0776622e-02  -5.9790613e-03  -1.3345758e-01  -7.6287295e-02   2.4124017e-01   3.5312640e-01   2.7318168e-01  -1.3712997e-01  -5.1473879e-03   1.5365766e-02  -1.7259135e-01  -1.3362391e-01   4.8829945e-01   2.2508969e-01   1.2562998e-01   2.0248606e-02   2.1011749e-02  -1.5152812e-02   1.1214866e-01  -6.8929111e-02  -1.4673045e-01  -2.4475014e-01   1.5264983e-01   4.2992624e-02  -1.1501493e-01  -2.7681064e-01   2.0893595e-02   4.0418116e-01  -2.1756458e-01  -3.4041516e-01   4.2755553e-01  -7.7312116e-02   1.8569306e-02   2.2875216e-01  -8.0135895e-02   9.3381577e-03  -1.5536410e-02   8.7842557e-02   5.0051028e-01   1.2866413e-01  -2.1441903e-01   9.3639609e-02   4.5248968e-01   3.4132580e-01   8.1038604e-02   3.9955750e-01  -4.2718039e-02   1.6464983e-01   1.1960102e-01  -3.0107169e-01   1.3604394e-01  -2.8860123e-01   1.2168198e-01   2.8600202e-01  -2.8918109e-01   3.4599485e-01  -1.1233881e-01  -2.3443730e-02   5.3609827e-02  -1.8427099e-01   5.4925311e-02  -3.2624704e-01   4.0553049e-01   1.8154121e-01   3.7282826e-01   1.2805698e-01  -2.2245631e-01   2.6319289e-01  -2.7619739e-01   2.0995006e-01   5.0563123e-01   8.7557876e-02   1.5724136e-01  -2.5786320e-01  -3.4067012e-01  -1.5116490e-01   2.1154819e-03   3.1518400e-01  -1.7031908e-01   3.6559661e-02   1.9893662e-01   2.1254322e-01   1.2151879e-01  -1.0130838e-01   4.0112324e-01  -4.2859684e-02  -4.8024586e-02  -3.9524595e-02   4.1597663e-01   3.3740855e-01   2.0238664e-02   1.5432931e-01   4.1796150e-01   1.2733390e-01   6.4535376e-01  -2.7189560e-02   1.2293066e-01   3.7136930e-01   2.5921313e-01  -2.9604559e-01   6.8346790e-02  -7.1075033e-03   2.9843983e-01   4.8559851e-01  -1.8235306e-01   1.7722280e-01  -2.1966891e-02   1.0686144e-02   1.8421255e-01  -1.0996191e-01   1.5584750e-01   3.5959037e-02  -1.3857989e-01   1.2715318e-01  -1.2869217e-01  -1.0391135e-01  -2.4512495e-02  -1.7609714e-01   2.4594031e-01   2.2508627e-01   7.7929364e-02  -3.4899673e-01   2.6401610e-01  -4.0441817e-01   1.6467175e-01   3.9293191e-02  -1.3169151e-01   9.2582628e-02  -9.3879458e-03   5.0264022e-01   1.6287466e-01  -1.3491368e-01   2.6337321e-01  -1.9570372e-01  -3.2562505e-02   2.2012553e-01  -4.2898802e-03  -9.0511033e-02   3.7791302e-01  -3.0873982e-01   1.3932129e-01   5.7952667e-02  -1.0892467e-01   1.4365292e-01   1.2392329e-01   1.8254848e-01   3.1111879e-01  -1.0615630e-01   3.8185422e-01  -3.7818758e-02  -1.7675360e-01   1.1271078e-01  -5.4683691e-02   2.6341289e-01   3.0095550e-01   1.1130843e-01   1.3857322e-01   2.7264936e-01  -1.2433149e-02  -3.1155523e-01   2.9356702e-01  -7.3440359e-02  -2.4128852e-01   2.5333447e-01
  -1.5580417e-02   4.6075077e-01   4.2196781e-02   6.5553077e-02   3.3272990e-01  -1.8257073e-01  -1.5094918e-01  -1.0935316e-03   0.0000000e+00   2.0911896e-01  -6.5495666e-02   3.4790486e-01   1.7994329e-01  -2.0887534e-01  -1.6069266e-01   2.3354863e-01   8.1911924e-02  -1.3199041e-01   1.1102531e-01   2.6811629e-01  -1.2456509e-01   8.6361252e-02  -6.1492566e-02   7.6490917e-02   1.4787046e-01  -1.8617314e-01  -4.8086872e-02  -3.2399673e-01   5.7565028e-02  -7.0217418e-02   2.3609475e-01   5.3863292e-02   2.0577212e-01  -1.9022726e-01   2.8117056e-01  -1.8017958e-02   2.7527788e-01  -3.9960745e-02   6.8419629e-02   2.8568887e-01   2.2750386e-01   2.4491157e-01   3.2456852e-01  -2.1637888e-01   3.5710972e-01  -2.0245797e-01   2.4649762e-02   1.8903846e-01  -5.7484178e-02   3.3987496e-01   1.5346330e-01  -1.8362223e-01   3.3249073e-01   2.4594240e-01   9.3426553e-02  -2.4871123e-01  -3.4931567e-02   1.0923553e-01   1.6503237e-01   3.2450697e-01   4.8549695e-02   3.9566677e-01   1.5551435e-01   1.7781153e-02   1.9582271e-01  -2.6292124e-01  -6.2082450e-02   7.1604245e-02  -1.2823093e-02  -2.2151696e-01   2.7612578e-01   1.5971529e-01   2.5544683e-01  -2.7450522e-01   3.3222550e-01   3.5932662e-02   1.1653005e-01   9.1081576e-02   3.2899641e-01   3.0342759e-01  -4.5214698e-01   1.0865951e-01   5.4625463e-02  -3.9186494e-02  -3.6431554e-01  -2.6033244e-01  -2.1162047e-01  -4.5159659e-02   3.0641630e-01  -3.7930026e-02   2.2365466e-01   1.4635157e-01   3.4096251e-01   3.5242946e-01  -5.2111028e-02   3.0128082e-01   2.2801308e-01  -1.3994408e-02   1.7267014e-01   1.1601409e-01  -3.3855869e-01  -2.6352037e-01  -1.2180267e-01   2.8411039e-01   9.5219408e-02   4.1350338e-02   2.0771711e-01  -9.5096303e-02   9.9618390e-02   1.3302416e-01   3.1045682e-02  -3.6006832e-01   2.5577653e-01  -1.0801812e-01  -3.1615944e-01   2.9755076e-01  -1.7622262e-01  -1.3759538e-01  -2.1618344e-01   2.4514402e-02   2.0443636e-01   1.4471710e-01   3.8797596e-01  -2.6983588e-01  -1.0328887e-01  -2.3230402e-01  -8.0626514e-02   2.1290555e-01   1.7328351e-01   7.4253924e-02   2.5434764e-01   4.2040902e-02   1.7269065e-01  -2.4524569e-01   1.0083272e-01  -1.2912018e-01   7.6562388e-03  -2.5337056e-01  -1.5339345e-01   2.3516805e-01   1.4892182e-01  -3.7883872e-02   9.4535657e-02   6.8995766e-02   5.3781661e-02  -4.7998513e-02   3.5865747e-02  -7.2609504e-02  -1.9854908e-01   2.5472363e-01  -2.2336669e-01  -1.8737577e-01   8.0674914e-03  -2.8341344e-03   2.8406328e-01   1.1171857e-01   4.1551223e-02   1.7130122e-01   1.4694300e-01  -3.5721668e-01   2.1110396e-01   1.8163000e-01   1.4852971e-01   1.1631162e-01   1.2690267e-01   2.0295079e-01   5.0646934e-02  -2.9563901e-01   5.0610393e-02   2.6468552e-01   1.7774804e-01  -5.5435194e-03   2.3790273e-02   4.0250867e-02   1.0734702e-01   6.9179090e-02   1.9445591e-02
   1.5898976e-01   3.3698951e-01   1.2568191e-01   2.1618982e-01   2.2456687e-01   3.2941563e-01   2.6948978e-01   1.7697360e-01   2.0911896e-01   0.0000000e+00  -2.3766979e-01   3.3869173e-01  -1.0806782e-01   1.6572657e-01  -6.4827096e-02  -2.2319311e-02   3.6798340e-02  -2.5120474e-01   3.5160324e-01   3.1335898e-01  -2.5720243e-01  -1.9002313e-01   5.8278684e-02   1.2026095e-01   1.8721025e-01   1.4447855e-01  -1.9720637e-02   1.0103719e-01   2.0186863e-01  -1.6407129e-01  -2.8752726e-02  -1.5228667e-01   4.9179300e-02  -3.4994339e-02   1.7282987e-01  -2.3784371e-01   1.5281736e-01  -5.3649843e-02  -9.7348665e-02   1.9596897e-01   1.2885255e-01   5.1263125e-02   3.6100973e-02  -5.8621696e-02   1.5855127e-01  -1.9403893e-01  -2.3108828e-01   2.5344379e-01  -1.6920930e-01   1.0061586e-01   4.8408873e-02  -4.2628691e-02   2.5136066e-01   3.8743505e-01  -1.0537855e-01  -1.4492701e-01   1.7348824e-01  -9.8268388e-02   9.7177079e-02  -1.0089077e-01   8.2744307e-02   2.6734032e-01  -6.6360227e-02  -1.2511808e-01  -1.9539916e-02   1.1853203e-01   1.7793485e-01  -8.6235067e-02  -8.7997665e-02  -1.6434622e-01   2.3123966e-01  -2.5011944e-02   8.8288277e-02   5.7072449e-03   2.7722375e-01   1.3575972e-01   3.1465834e-01   1.5206577e-01   2.5314443e-01  -7.7294870e-02   4.3329849e-02   2.2700475e-02   5.5214402e-02   4.8820601e-02  -5.5954145e-02  -3.7600972e-02   7.7289653e-02  -1.2224921e-01   5.7206544e-02   1.7003059e-01   2.6453539e-01   4.1134975e-02   3.6075440e-01  -2.6866180e-02   2.1361046e-03   4.1368634e-01   1.8223918e-01   2.5311448e-01   5.3659434e-02   6.2532250e-02   2.9538427e-02  -1.6251751e-01   9.4412443e-02  -9.2522382e-02  -5.2268356e-02   1.2359601e-01   3.9203756e-02   9.0316829e-02   4.8133432e-02  -6.1379851e-02   1.2251172e-01  -1.0969237e-01  -1.4509269e-02   7.0514179e-03   1.5255082e-01   3.4847682e-01  -9.2311590e-02   7.6379716e-02   6.8110712e-02  -3.0059211e-02   3.1719439e-01   2.7311231e-01   2.0411316e-01  -1.8209468e-01  -1.6449648e-01   1.1052320e-01   4.9272459e-02   6.4394927e-02  -3.6319783e-01  -1.8050912e-01  -5.7364162e-02   6.2844968e-02   3.0056010e-01  -1.2822887e-01  -2.4357331e-01   1.8470954e-01  -1.7801843e-01   3.9318853e-02   1.1075969e-01   1.7107965e-01   4.2145860e-02  -2.1690421e-01   5.5328364e-02   1.6339104e-01  -7.2261726e-02   1.5589921e-01   4.9062084e-01  -1.8957441e-01  -6.4343732e-02   2.8773008e-01   3.0751398e-02   1.5644420e-02   2.3934687e-01  -1.3479978e-01   2.8453091e-01   2.2651259e-01   1.9175665e-01   1.6543310e-01   1.3968817e-01   2.3021430e-01   1.7069804e-01  -8.0567847e-02   2.7188758e-01  -2.8045413e-01  -6.4904380e-02   3.1246681e-01   4.9379856e-03  -1.2313111e-02   2.0656222e-01   1.4535213e-01   2.7582960e-01  -1.4243809e-02  -2.1045775e-01   8.0854175e-02   2.5852426e-01  -5.6343988e-02  -2.0512966e-01
  -1.3517421e-01  -2.4761600e-01  -8.4058968e-02  -3.3145712e-01  -1.8642643e-01   1.6156691e-01  -2.5810461e-01   1.6756390e-01  -6.5495666e-02  -2.3766979e-01   0.0000000e+00  -4.1404838e-01  -1.2031557e-01   3.6757832e-01  -1.2522756e-01   3.1748599e-01  -1.3488311e-01   3.1483008e-01   3.7840672e-01  -1.8394827e-01  -1.8965240e-01   3.7497573e-01   1.5919642e-01  -4.0826300e-02  -5.7636358e-02   3.6332977e-01   3.3618648e-02  -5.5040097e-02   1.4238707e-01   4.0796941e-01  -1.3141241e-01   2.4273514e-01   8.3193377e-02  -4.6025083e-01  -1.7902096e-01   6.6403196e-02   5.2992724e-02  -6.6577999e-02   3.1589846e-01  -1.7048119e-01   2.1681297e-01  -2.7017287e-01  -4.0569352e-01   5.5294190e-01  -2.7651169e-01   6.6389109e-02   4.9003765e-01  -1.3199755e-01  -1.0477257e-02  -1.8968827e-01  -1.1352106e-01   4.1673704e-01  -3.7985301e-01  -1.0124375e-01   2.6094948e-01   8.2330683e-02   3.1480799e-01   1.5794897e-01   3.4945409e-01   1.0417469e-01   1.1676903e-02  -6.8964698e-02  -4.4082722e-01  -2.0513587e-02  -1.0552076e-01  -1.2931089e-01   2.5413548e-01  -3.3047492e-01   5.8379046e-01   2.7400231e-01   1.2980866e-01   1.5284068e-01  -2.9425614e-02   2.9192911e-02  -2.4055473e-01   2.7536698e-01  -1.3605428e-01   1.4429033e-02  -2.5169699e-01   8.0157546e-02   1.9530466e-01   1.3024797e-01   4.5264649e-01   3.2025285e-01   9.3142805e-02   2.1834414e-01  -3.8830572e-03  -1.7990568e-01  -1.3154210e-01  -3.0175826e-01  -5.8836122e-02  -1.8627886e-01  -3.7251105e-01   3.1131460e-01   7.0840244e-02  -1.3963732e-01   6.5022213e-02   3.3926584e-01  -3.1829515e-02  -3.5357342e-01   3.4692050e-01   1.4452795e-01   4.2065422e-01   4.0234459e-02   1.4559231e-01   1.1814631e-01  -2.8804166e-01   3.8140420e-01   1.2584068e-01   1.7435025e-01  -2.6070457e-01   4.7770989e-01   2.1252721e-01  -1.5395165e-01   1.7999408e-01  -1.1044186e-01   2.7291810e-01   1.3135375e-01   1.7035730e-01  -1.5058654e-01  -1.4120291e-01  -2.0448014e-01  -9.1232858e-02   1.8394815e-01  -1.2214095e-01   2.2477078e-01   1.6273147e-01  -1.2992599e-01  -7.5360771e-02   3.2088934e-01   2.0724525e-01   5.0508195e-01   1.4118423e-01   3.3036524e-01  -4.7991734e-01   2.8015910e-01  -1.5212161e-01   2.7832927e-01   1.4489277e-01   1.5895615e-01   1.1716400e-01  -8.7868196e-02   5.3941970e-01   5.2750457e-02   6.3877043e-03   4.1081317e-01  -2.8982576e-01  -1.3235496e-01   4.8102143e-02  -2.2969697e-01   1.3645625e-01   4.8430088e-01  -4.7151368e-01   6.3990190e-01  -1.3781406e-01  -2.8654587e-01  -1.0781504e-01   2.3960399e-01  -6.2965367e-02   1.5240291e-01   4.3048317e-03   7.0255920e-01  -3.6615864e-01  -6.6044159e-02   2.3478647e-01  -4.2954327e-01   5.3064472e-01   2.8831448e-01   8.0841185e-02   1.2354097e-01  -1.5429484e-02   1.2232793e-01  -3.9572242e-01   2.5875337e-01  -8.4005272e-02  -3.6576449e-01   2.6495393e-01
   2.6524023e-01   7.4745771e-01   4.9288097e-01  -1.1566378e-01   4.9991235e-01  -1.5866814e-01   6.7168859e-02  -1.0994952e-01   3.4790486e-01   3.3869173e-01  -4.1404838e-01   0.0000000e+00  -8.0134151e-02  -1.4388332e-01  -5.7521550e-02   1.2412505e-01   5.0915689e-01  -3.4284384e-01  -1.6346213e-01   3.6350639e-01  -3.1111809e-02  -3.4142765e-01  -2.5561143e-01   4.0960494e-01  -1.2041294e-02  -6.3334239e-02   2.4540877e-02  -1.2752064e-01   1.2387833e-01  -3.3644286e-01  -8.1487984e-03  -7.5436287e-03   7.6621363e-03   2.0722082e-01   3.4323891e-02   4.8994377e-02   2.7170031e-01   1.1818436e-01  -4.0846206e-02   5.8258300e-01  -3.6669023e-02   1.2964999e-01   3.3547403e-01  -4.0282701e-01   1.7192486e-01   1.8989039e-02  -3.8161627e-01   1.2334115e-01  -1.3721488e-01   6.2221494e-01  -6.5530924e-02  -8.9147304e-02   4.5963820e-01   3.1348430e-01  -1.2870897e-01  -3.1745737e-01  -1.1986549e-01  -9.5552769e-02  -1.5796468e-01  -7.7889084e-02   1.6266766e-01   1.9364603e-01   3.1008289e-01  -1.7339790e-01  -4.6125490e-02   8.5319402e-02  -1.6034326e-01   1.4863418e-01  -2.2481240e-01  -6.6256838e-02   3.1818077e-01  -1.8592667e-01   1.9905837e-01  -3.9152166e-02   2.5524573e-01  -1.3330976e-01   2.7326570e-01   1.6125715e-02   5.6410086e-01   8.9300557e-02  -4.2820592e-01   2.8568099e-01  -1.1363756e-01  -2.2079164e-01  -1.8696488e-01  -2.9801772e-01  -1.6625472e-01  -1.1093318e-01   2.1775347e-01   2.6841128e-01   4.7210569e-01   4.0275477e-01   6.3371896e-01  -8.7828796e-02  -6.0963936e-02   5.8475545e-01   2.3886303e-01  -2.8571197e-01   3.1231029e-01   1.8587864e-01  -4.4891709e-01  -3.3209590e-01  -1.7059515e-01  -2.0270510e-01  -1.7195394e-01  -1.3748418e-01   2.0185915e-01  -2.7217650e-01  -1.0814615e-01   5.6840699e-02   1.0435598e-01  -2.3941665e-01   4.2362154e-02   1.1268070e-01  -3.7453066e-01   3.3292473e-01  -2.7294481e-01   2.4349896e-01  -1.8225865e-01  -7.6995968e-02   3.3871850e-01   4.4822734e-01   4.6986219e-01  -4.8851545e-01   4.5206787e-02   1.0408614e-02  -3.4529136e-01  -5.0289708e-02  -1.3943920e-01   7.0800422e-02   6.8163248e-02  -3.4909098e-01   2.1190297e-01  -3.4310315e-01   1.7435524e-01  -1.3236118e-01   7.4457250e-03  -3.6853455e-01   8.3472357e-04   2.9448070e-01   1.9040255e-01  -1.5882206e-01  -2.9317492e-01   2.8482098e-01  -2.5664829e-01  -3.9075650e-01   3.6795577e-01   1.4254378e-01   9.4467721e-02   2.5321838e-02   1.2299022e-02  -3.7453930e-01   4.6139835e-01  -4.1262617e-01   6.7427880e-01   3.1891925e-01   1.1555125e-01  -7.3681171e-03   3.2958286e-01  -1.8073995e-01   2.2050824e-01  -2.7696608e-01   4.2163405e-01  -2.0885389e-01   6.9890105e-02   4.3492651e-01   1.6520439e-02  -4.0701583e-01   1.3139127e-01   4.2511761e-01   3.1554608e-01   4.6637322e-02   2.4190703e-01  -5.8164973e-02   1.2589397e-01  -4.1415685e-02  -2.4440745e-01
   1.4289748e-02  -1.0101997e-01  -2.2795790e-01   1.1708427e-01   8.4444955e-02  -1.5706392e-01   3.1317514e-01   1.1829961e-01   1.7994329e-01  -1.0806782e-01  -1.2031557e-01  -8.0134151e-02   0.0000000e+00  -1.4964428e-01  -1.1136706e-01  -1.4062676e-01  -1.8333414e-01   1.4458853e-01  -1.8095569e-03   1.7748320e-01   3.7906994e-01   1.4701828e-03   1.4093114e-01  -1.4109581e-01   1.1015607e-01  -1.6527367e-01  -1.8745638e-01   1.6119114e-01  -1.8602542e-01   1.5795814e-01   2.6317580e-01  -8.3617984e-02   6.8252913e-02   9.8319692e-02   1.6552849e-01   2.0677968e-01   1.2170463e-02   1.8314657e-01  -1.9960532e-01  -2.5383822e-01   4.9005661e-01   2.8757136e-01  -4.5937446e-03  -4.7592932e-02   3.6148977e-01  -2.2085553e-02   3.5624133e-01  -1.1561620e-01   5.1607446e-02  -5.8490142e-02   3.3384962e-01  -2.0932302e-01  -5.9831893e-02  -1.4959076e-01   4.7786851e-02   2.6414723e-01   5.1366110e-02  -4.1003728e-02   5.3573259e-02   1.6265476e-01   1.2045497e-01   1.6954119e-01  -9.3330300e-02   2.8820100e-02   6.6432535e-02   1.1655719e-01  -2.1727463e-01   1.0268125e-01   7.2360806e-02  -2.4032994e-01  -2.6294012e-01   3.6413261e-02   1.8459339e-01   5.9246092e-02   2.0673203e-02  -9.9347616e-02   1.5208579e-01  -7.6738610e-04   1.1504438e-02  -9.0929090e-03   9.3158569e-02  -1.0562574e-01  -6.3102031e-02  -2.7846665e-02   8.0345204e-02   5.0866316e-02  -1.3098626e-01  -3.0031263e-02   3.5268146e-02   1.6416239e-01  -2.3343021e-01   4.1771193e-02   1.2479404e-02   4.1194564e-02   2.1953165e-01  -2.5422755e-01   4.4275744e-02  -2.2186396e-04  -1.3934845e-01   3.1319114e-01  -1.5601159e-01   2.7951268e-01  -1.0507286e-01   2.8283997e-01   3.1447085e-01  -7.1645322e-02   8.2708787e-03  -9.6134596e-02  -7.6005197e-02   2.2577494e-01   3.8733972e-01  -1.6540666e-01  -3.1492737e-01   2.4103021e-01  -3.1620976e-02   1.7607969e-02  -1.4479153e-01  -2.3348598e-01   1.0714092e-02   5.6970492e-02  -2.3731240e-02  -1.0993093e-01  -1.8714527e-01   1.4675584e-02   2.8090310e-01  -2.3282415e-01   1.2180473e-01   1.9553548e-02   2.5984234e-01  -2.8219735e-01   1.2417760e-01   8.8061648e-02   8.9571544e-03  -7.7899608e-02   7.9928260e-02  -1.4548181e-01  -1.6480893e-01  -5.6751048e-02  -2.4983779e-01   8.2195124e-03  -9.9899161e-02   2.7606983e-01  -5.5123227e-02  -1.0245828e-01   3.9829387e-01  -1.0285786e-02  -8.6180209e-02  -3.2131987e-02  -5.3197989e-02  -6.7013914e-02   1.1609924e-02  -1.4142096e-01   5.4427136e-02   5.9666009e-02  -3.4007141e-01   1.5357777e-02   1.1978806e-01   1.5207339e-01   2.9578217e-01  -5.5118930e-02  -1.5386370e-01  -3.3598293e-02  -1.8967811e-02   1.6618388e-01  -4.9097229e-02   1.7528710e-01  -1.1514535e-01  -1.5210787e-01  -7.9850124e-02  -4.0445086e-01  -1.1905545e-01   1.1064119e-02  -1.1023754e-01  -8.9391172e-02  -3.9594081e-02  -3.0981861e-02   8.8254025e-03
   1.2327952e-01  -1.1883184e-01   1.5679609e-01   1.3245307e-01  -2.5892352e-01   3.4577198e-01   1.8339108e-01   4.0776622e-02  -2.0887534e-01   1.6572657e-01   3.6757832e-01  -1.4388332e-01  -1.4964428e-01   0.0000000e+00   1.5770758e-01  -7.7121657e-02   1.5744641e-03   2.2567936e-01   1.4097375e-01  -3.0893814e-01  -8.6225358e-02   2.3438824e-01   2.3056293e-01   2.7509285e-02   1.8995344e-01   1.6289347e-01   1.9859904e-01   2.8680481e-01  -1.3237235e-01   3.5142045e-01  -2.8815457e-01  -1.2898938e-01  -7.5690283e-02  -1.4214886e-01   8.1483580e-02  -3.1631988e-01   6.9657648e-02   9.5754272e-02   3.2949530e-03  -1.6933649e-01   4.8914183e-02  -3.0711370e-01  -3.7830872e-01   2.3986060e-01  -8.4453200e-02  -2.4030412e-02  -1.1277715e-02   1.5003781e-01  -1.1698472e-01  -2.0789553e-01  -6.4552657e-02   6.5983527e-02  -4.2262348e-01   1.5849932e-01  -1.3394182e-02  -2.9110314e-01   1.9903235e-01  -2.8227782e-02   2.6305966e-01   5.0602239e-02   1.1699669e-01  -7.4061263e-02  -4.3122273e-01  -2.0962741e-01   5.3684266e-02   1.1951798e-01   1.3874892e-01  -4.4896441e-01  -4.6410036e-02   2.2942842e-01   9.4622410e-02   2.3089269e-01  -1.3655493e-01   1.3441896e-01   2.1176806e-02   1.6313401e-01   1.6306588e-01  -1.1461048e-01  -5.0671878e-01  -1.6056707e-01   4.1340083e-01   2.9891960e-01   3.6238081e-01   1.1003079e-01   2.2338490e-01   2.1636980e-01   5.5457821e-01  -9.2609899e-04  -2.0938552e-01  -1.8276672e-01  -6.1003610e-02   6.3298099e-02  -4.1044031e-01   1.0092770e-01   8.3181426e-02  -2.3574331e-01  -2.5711372e-02   6.0099112e-02  -2.3906403e-01  -2.8590133e-01   4.5839377e-01   7.0386288e-02   1.6244857e-01   1.6693600e-01   9.0881474e-02  -1.8157886e-03  -1.2443045e-03   6.5383413e-02   1.4886368e-01  -1.1649660e-01  -2.9575010e-01   4.5375137e-01   2.2505768e-01   1.5613897e-01   4.7761588e-01  -3.1281161e-01  -1.5640284e-01   1.2568724e-01   4.5542754e-01   2.0786626e-02  -1.1586788e-01  -3.1391654e-01  -3.6297483e-01   2.0729331e-01   6.8359529e-02   5.9483974e-01   2.3082862e-01   8.3988068e-02   5.1028105e-02   1.8454349e-01  -1.9460699e-01   3.1789822e-01   4.7945206e-01   4.8078935e-01  -2.6906236e-01   2.4556480e-01  -1.7534566e-01   4.2157000e-01   3.1352988e-01   3.6374458e-01  -8.9101449e-02  -2.2478535e-01   1.3276029e-01   2.8065382e-01   4.0348923e-02   4.6492612e-01   1.3683816e-01  -1.6994639e-01  -4.8038402e-02  -7.0997505e-02   1.7659066e-01   2.5686604e-01  -1.1412109e-01   2.2096393e-01  -1.4556245e-01  -1.4593368e-01  -9.7752098e-02   6.7543490e-02   4.6186265e-02   2.6963966e-01  -9.1924649e-02   1.2433239e-01  -2.6500353e-01  -9.3103873e-02  -2.3719197e-02  -2.0831664e-01   4.6255377e-02   2.5829799e-01   1.4459111e-01  -1.2033456e-01  -2.6197759e-02   7.3235131e-02  -3.1715793e-01   2.4050428e-01   7.3662870e-02  -2.5780649e-01  -7.5297042e-02
