   0.0000000e+00  -1.1552531e-01   1.9033342e-01   1.0230017e-02  -2.0733838e-03  -1.7505865e-01   2.4352009e-02   9.6877632e-02   2.4200186e-01   4.6865476e-02  -6.6531717e-02  -6.7857085e-02   1.4768400e-01  -1.4701028e-01   3.1593311e-01  -7.2779818e-03   1.1224696e-01  -4.1749073e-02  -1.0505155e-01   1.4258148e-01  -2.1008624e-01  -5.8014438e-02   4.1129696e-02   5.8710338e-01   1.1669406e-01   2.2024991e-01   5.0676958e-02  -8.2178490e-02  -8.5805593e-02  -1.7137924e-01   8.0940074e-02   1.4232120e-01  -2.6975377e-01   1.1383308e-02  -9.2374317e-02   5.6098284e-02  -1.0775536e-01   3.8342868e-01   7.6299750e-03   8.8736128e-02  -1.3656342e-01  -3.5835332e-01   8.4450300e-02  -2.1527371e-02  -2.5665828e-02   3.3461540e-01  -1.5762081e-02  -1.6819671e-01   4.2744160e-02  -3.9702608e-02   4.5558609e-02   1.0902796e-01  -9.5731558e-02  -2.1693518e-01   2.2012998e-01  -2.0543659e-01  -2.1079083e-01   5.6637937e-02  -1.5688967e-02  -6.3878144e-02   7.5900760e-02   7.2157163e-02   1.9936378e-01   3.0059851e-02  -2.1035333e-01   4.8167930e-02  -6.6349131e-02  -1.7726084e-02   7.8559428e-02   3.1324959e-01  -1.0651818e-01  -3.8193376e-02   3.3594105e-02   1.9647228e-01   1.9833322e-01   8.9921038e-02   3.2781370e-01  -2.4246295e-01  -6.7896225e-02   1.4589191e-01   2.4248612e-01   2.0303453e-01  -9.4958873e-02   1.8829849e-01  -1.6146191e-01   1.6776934e-01  -7.4061714e-02   4.4033470e-01  -9.2496934e-02   6.2250735e-01  -2.8661156e-02   1.6169503e-01   1.1549765e-01  -1.4389482e-01   4.1575319e-01   1.6407782e-01   2.2383768e-01  -2.7167258e-01   6.8510183e-02  -1.2251626e-02  -1.4392845e-01   2.0591218e-01  -1.6855957e-01   4.3437755e-02  -9.6827910e-02   1.4792609e-01  -3.1044843e-01  -6.9185426e-02   1.4620923e-01  -3.2043721e-01   5.6937515e-02  -4.0573574e-02   2.4594308e-03   6.4815302e-01   1.0705517e-01  -1.7362038e-03  -1.2655575e-01   8.1192432e-04  -4.3118692e-01  -5.0637085e-02   3.6062148e-01  -6.7740544e-02  -1.4528458e-01  -3.2636425e-04   3.8102836e-01   9.8829466e-02   4.7587698e-02  -1.0467324e-01   1.4388498e-01   2.3662460e-01   1.8192917e-01  -1.4709688e-01  -1.6482997e-01  -3.3497467e-02   8.8853723e-02   9.0557210e-02   7.8028752e-02   8.8048734e-02   1.4388213e-01   6.4231803e-01   7.4919861e-01   2.8847206e-01  -2.2714708e-01  -2.8504596e-01   1.4931640e-02   6.0107573e-02   8.8763849e-02  -4.4349996e-02  -1.0215583e-01  -9.3602175e-02   3.6592713e-01   5.4599295e-02   1.0415126e-01   1.3329701e-01  -1.0777292e-02   3.4067375e-01   4.2566009e-01   8.5347204e-02   1.7198513e-01   5.3628712e-02  -5.9542023e-02  -2.8953726e-02   6.4445949e-03   5.1250738e-02   8.1913676e-02   2.0282555e-01   7.1181229e-02   4.5494401e-02   2.2098467e-01  -1.7431691e-02   1.1444850e-01   5.1449532e-01  -2.0187890e-01  -3.4101341e-01   1.4717339e-01   2.5665515e-02  -4.8724779e-02
  -1.1552531e-01   0.0000000e+00   2.8574384e-01  -8.0694487e-02   6.5531387e-01  -2.0228190e-01   1.4820655e-01  -2.4504631e-01   4.0236040e-01   3.7065680e-01   3.6838232e-01   4.1438252e-01   1.1826676e-01  -5.7034606e-03  -1.2057019e-01   2.6370955e-01   5.6110596e-01   2.7291825e-01   8.1100376e-02   5.9858141e-01  -3.2540216e-01  -2.3351041e-01  -6.9772561e-02  -4.5341151e-01   2.7059449e-02  -2.1943907e-01   3.6753265e-01  -2.0436275e-01   1.3169488e-01   3.9949323e-02   2.4923336e-01  -2.2287107e-01  -5.1019697e-02   1.8241899e-01   5.1931478e-01   4.3097787e-01  -6.9752354e-02  -1.2990280e-01   3.5719233e-01   3.8271817e-01   1.0524695e-01   3.8677576e-02   5.0163275e-01  -2.4933134e-01   3.1835238e-01  -2.6103763e-01   1.8252693e-01   5.1534547e-01   1.4854291e-01   4.1587676e-01  -2.3494594e-01  -6.8735340e-02   4.7786869e-01  -3.8752768e-02  -3.7894046e-02  -6.7259745e-02  -2.9148724e-01  -3.1174691e-01   1.0410053e-01  -2.7215167e-01  -1.6553634e-01  -1.8967266e-01   3.2457861e-01   5.5236140e-01   4.0143310e-01   2.4610589e-03  -1.1285798e-01   2.2247430e-01  -7.5429478e-02  -3.1272790e-01   6.5375653e-01  -2.4562682e-01   7.7862217e-02  -3.7634153e-01   1.7176663e-01  -2.0225824e-01  -2.2527395e-01  -3.4809340e-02   7.3913314e-01   2.5387037e-01  -2.7161951e-01  -1.7826396e-01   4.3302839e-01  -2.6849445e-01   1.2748335e-01  -6.1316386e-03   5.7204759e-01  -2.3469697e-01   3.0377445e-01  -1.3323013e-01   7.1213924e-01  -1.0728757e-01   1.3220245e-01   1.3328058e-02  -2.1953793e-01   2.7135156e-01  -9.2010387e-02   4.6121974e-02   2.7891229e-01  -3.0573276e-02   1.9763466e-01  -9.1836566e-02  -3.3889499e-01   5.3859231e-02  -2.5538009e-01   9.9765010e-04   7.7710983e-02   2.7046687e-03   1.7762279e-01   2.3586025e-01   2.4892785e-01  -3.2463437e-01  -1.4768644e-01  -1.6500552e-01  -1.7769688e-01   7.2701497e-01  -3.4083306e-01   1.3464369e-01   5.5942295e-02  -2.1708072e-01  -2.7270168e-01   6.4357716e-01   3.0373027e-01   7.0750063e-01  -2.3035566e-01  -4.0336849e-01   5.1626900e-01   8.3079175e-02  -2.8210262e-01   6.4600489e-02   2.7377870e-01   3.5797825e-01  -1.5084248e-01   3.7478208e-01  -1.9884295e-01  -6.4085594e-02   2.1704642e-01   8.6109044e-02  -2.1536475e-01  -8.9310863e-02  -1.7779562e-01   6.1200670e-02  -1.4938545e-01   2.5752266e-02   1.9181020e-01  -1.8613342e-01   3.1948105e-01   4.6064957e-01  -1.8835305e-01   2.8171232e-01  -1.5225514e-01  -3.0030282e-01  -1.1680176e-01   5.0707738e-01   6.4028753e-01  -1.0930801e-01  -2.0999693e-01   2.9026830e-01   3.1764133e-02  -2.7194096e-01   1.6513891e-01   3.1291966e-01   2.1250503e-01  -8.5790395e-02  -4.4599261e-02   4.5631513e-01   2.8387046e-01  -3.3323411e-01  -1.4961320e-01   5.9441866e-01   5.0521425e-01  -1.5890143e-01   2.7753460e-01  -4.0770416e-02  -4.9171547e-02  -1.5746684e-01   6.9044593e-04
   1.9033342e-01   2.8574384e-01   0.0000000e+00  -2.2741876e-01   1.8823725e-02   1.5907441e-01  -4.8590341e-02  -1.3078281e-01   1.8823069e-01   1.4401936e-01   9.4602114e-02   4.5248742e-01   1.1419573e-01  -6.4495428e-02   1.6813827e-01   1.7192084e-01   6.2218628e-01  -1.4544914e-01  -4.4849350e-02   1.3338973e-01  -2.3720205e-01  -1.5836411e-01  -1.1233513e-01  -1.4110232e-05  -4.5251349e-02  -9.6797732e-02   1.7020709e-02   3.3533685e-02  -3.7433799e-02  -1.3893336e-01  -2.0383931e-03   4.1036758e-02   1.7866137e-02   1.4871820e-02   1.7684301e-01  -1.0160381e-01  -1.9452754e-02   2.4063250e-01   7.4053040e-02   2.2760187e-01   4.8440783e-02  -8.7770461e-02   4.5470416e-01  -2.4987158e-02  -2.0680949e-01   1.8524281e-01   9.6544693e-02   8.5545097e-03  -1.0590703e-01   2.3267454e-01  -3.2227591e-01   1.6091843e-01   1.0644644e-03   2.4015554e-01   3.0697334e-02   1.0571176e-02  -2.3410120e-01  -4.9851493e-03  -1.1174718e-01  -2.0267614e-02   1.4258542e-01  -2.9365508e-01   2.1399822e-01   8.1268818e-02  -1.7003310e-01  -8.3826056e-02   8.8038569e-02   1.3273679e-01  -7.0797516e-02   3.0309299e-01   2.2166578e-01  -1.6345877e-01   2.2539474e-01   1.9980207e-01   1.5558999e-01  -4.2993003e-03   7.5747405e-02   2.5850487e-02   1.2006968e-01   1.1471329e-01   3.3968373e-02  -6.0517513e-02   2.8700518e-01  -2.5399183e-01   2.2932952e-01   2.7951010e-01   8.4300463e-02   1.7898045e-01   8.6762269e-02   1.2272876e-01   1.9052033e-01   4.6090277e-01   1.2341794e-01  -1.9259679e-01   2.9328945e-02   4.7786731e-02  -4.9609007e-02  -1.8295583e-01  -4.2933555e-02  -5.8674914e-02   1.3859214e-01   1.4860770e-01  -1.9325066e-01   2.1288228e-02  -8.9211190e-02  -5.7186723e-02   7.1596524e-02  -7.9282859e-03   1.6847016e-01  -6.3080239e-02   1.9532719e-01  -1.4900553e-01  -1.6394571e-01   1.3198531e-01   1.7800979e-01   9.6523230e-02  -6.9726770e-02   1.9891701e-01   1.3447654e-01  -6.6676167e-02   2.2100838e-01   2.2324677e-01   2.9066826e-01   7.9550830e-02   1.6836873e-01  -3.9291932e-02   1.5945181e-01  -1.5695290e-02  -6.7029623e-02   4.9581364e-01   3.8575300e-02  -7.6301383e-02  -5.9998959e-02   9.4494136e-02   1.2481232e-01   1.2934530e-01   2.6629977e-01   8.9476950e-02   2.1976786e-02   1.4518521e-01   2.1356792e-01   4.8260902e-02  -2.0249025e-01   2.3604113e-01   1.5261744e-01  -6.4416806e-02   3.2185758e-01   9.8347155e-02  -1.0226577e-01  -2.9799670e-01   4.2868011e-01  -2.0615804e-01   4.2138944e-01   1.5361412e-01   5.3382898e-01   1.8895061e-01   1.3371958e-01   1.8333596e-01   4.2679960e-01  -1.1894612e-01   1.3470637e-02   4.8373502e-02  -2.1017523e-01  -1.7211753e-01   3.1870649e-01   2.4586370e-01   1.6645169e-01  -3.0667920e-01   1.9150257e-01   1.7990970e-01   1.0062122e-01   5.1887470e-02  -9.6490604e-02  -4.9487195e-03  -3.4010417e-02  -3.2708929e-02   8.5011529e-03
   1.0230017e-02  -8.0694487e-02  -2.2741876e-01   0.0000000e+00   1.0315727e-01  -6.4053726e-02  -1.0542946e-01   2.3855530e-01   1.3268076e-02  -3.0926646e-01  -2.3464299e-01  -1.3019119e-01   1.3353929e-01   2.4806615e-01  -4.7132315e-02   8.0677065e-03  -7.1037979e-02   2.1771806e-01   7.1949137e-03  -6.1262597e-02   2.8738993e-01   4.6114166e-01   1.5369613e-01   1.0511478e-01   4.7788866e-01   1.3058688e-01   1.7491010e-01   1.4849232e-01   3.3918918e-01   5.8098652e-01  -5.9623939e-02   3.8803869e-01   1.0528295e-02  -4.0565953e-01  -1.7818734e-01   1.0867282e-01  -6.8649811e-03  -2.1328478e-01  -4.1030157e-02  -2.8483970e-01   2.6509939e-02   7.5966146e-02  -2.0642473e-01   1.9221997e-01   9.4290980e-02   1.7096580e-01   6.3978560e-02  -8.8532708e-02   4.2760958e-01  -2.6319763e-01   4.5599887e-01  -7.1016218e-02  -3.4998953e-01  -1.9816821e-01   2.8657941e-01  -1.4893311e-01  -8.6343245e-02   4.7249552e-01   5.5960568e-01   3.8602634e-01   2.8727758e-01   3.0986142e-01  -1.6036064e-01  -1.9066923e-01  -1.7218386e-01  -3.0116632e-01   1.7333079e-01  -7.3294146e-02   2.9757121e-01   1.0931560e-01  -2.8967907e-01   6.2634842e-01  -1.2930829e-01   1.4796274e-01  -3.8470194e-03   3.1418750e-01   3.0390588e-01   5.7793391e-02  -1.5774705e-01   4.0049297e-01   1.7545300e-01   5.9294066e-02  -1.2239753e-01   2.0347713e-01   2.4740862e-01   1.5807313e-01  -1.7991649e-01   3.1641010e-01  -1.0326498e-01  -1.7733154e-01  -3.0924371e-01   2.2589055e-01  -2.5533164e-01   1.9431283e-01   2.5878120e-01  -2.3902974e-01   4.0177858e-01   8.7045646e-02   1.6797283e-01  -3.2500110e-01   7.2994155e-02  -3.0192366e-01   4.0679553e-01   3.0054818e-01   5.5755850e-01   6.7059443e-01  -1.3318292e-01   1.7339124e-01   5.6040598e-02  -2.0921332e-02  -3.1750177e-01   4.5660185e-01   6.7808445e-01   6.8306816e-02   1.5277579e-01  -1.5158218e-01   2.9355189e-01  -3.1952174e-01   2.5683899e-01   5.3122521e-01   1.1636298e-01  -2.0303088e-01  -2.2796684e-01  -6.7764313e-02   5.0101077e-02   3.7200376e-01   2.8588106e-01  -1.0664848e-01   5.8232954e-01  -8.4628873e-02   1.5745582e-01  -1.7622423e-01   4.6094527e-01   1.5716644e-02   2.6301074e-02   1.6969789e-01   1.9640278e-01  -2.5901997e-02   4.6104956e-02   1.6239532e-01  -7.4670318e-03  -8.4051405e-02   9.2652720e-02  -4.3797546e-03  -1.3985613e-01   3.3969033e-01  -3.2707068e-01   8.9794361e-02   4.6937757e-02   3.5254202e-02   4.2017030e-02   4.0794661e-01   6.9454007e-02  -9.6639970e-02  -3.0005065e-01  -3.2093467e-01   3.7232872e-01   2.0134593e-01   3.0916694e-01   3.3414338e-01   2.8410310e-02  -1.4598476e-02   1.5124173e-02   7.7430095e-01   1.5396630e-01  -2.3558505e-01  -7.0468686e-02  -9.5264746e-03   1.0703762e-01  -2.4082401e-01  -2.7830154e-01  -1.1090051e-01   3.9327451e-01   5.2975479e-02   2.9513603e-01  -5.6064226e-02   5.4749821e-03
  -2.0733838e-03   6.5531387e-01   1.8823725e-02   1.0315727e-01   0.0000000e+00  -1.9239278e-01   1.0061254e-01  -1.5662537e-01   3.6516280e-01   2.4919770e-01   4.8505885e-01   2.1532554e-01   3.2089541e-01  -2.4274418e-01  -2.0063327e-01   2.4050292e-01   3.4922818e-01   3.0896288e-01  -3.3991070e-02   8.1814072e-01  -2.8303093e-01  -1.4987937e-01  -9.9025439e-02  -4.2288069e-01   2.0466881e-01  -3.3429780e-02   6.3164228e-01  -8.4007955e-02   1.2888024e-01   1.1086079e-01   1.7386873e-01   1.8817492e-02  -1.3132882e-01  -4.4446552e-03   4.0394961e-01   6.8881016e-01  -4.2253466e-02  -9.1794965e-02   3.7000631e-01   2.5477751e-01   3.3256253e-01  -5.4056946e-02   3.7755207e-01  -1.9005711e-01   2.7519759e-01  -1.4576760e-01   4.1479138e-01   3.3349553e-01   3.1092459e-01   3.1898555e-01   1.0751740e-01  -2.8958542e-02   2.8157208e-01  -1.4630307e-01  -2.6858729e-01  -1.4517997e-01  -2.1724259e-01  -1.6073356e-01   2.2268242e-01  -1.2002908e-01  -1.6168907e-01   7.7318174e-02   3.8081973e-01   4.4736640e-01   3.3656405e-01   1.0567296e-02   4.4695932e-02   1.5585328e-01   2.3978365e-01  -3.2712487e-01   4.0451355e-01  -2.6554357e-03   5.4515197e-02  -3.1203801e-01   1.3343783e-02  -2.0193750e-01  -1.5467792e-01  -3.4461651e-02   7.9096188e-01   4.6223562e-01  -1.9218775e-01  -1.3883737e-01   2.0924530e-01  -8.1445686e-02   2.3523964e-02   5.6082593e-02   4.6339599e-01  -2.0397804e-01   2.3993842e-01  -8.0053023e-02   5.8629586e-01  -2.1373320e-01   1.5214924e-01   2.0703171e-02  -1.5015819e-01   4.6259403e-01   2.1990379e-02   1.4246176e-01   3.5872045e-01   1.6173606e-02  -1.0826599e-01  -6.2880096e-02  -3.4670315e-01   3.3221032e-02  -7.1178621e-02   1.4697755e-01  -1.7356822e-01   1.8810244e-01   1.3753662e-01   1.4756884e-01   7.6594547e-02  -1.9311385e-01   1.4212581e-01  -7.7434756e-02  -2.3173476e-01   7.5057429e-01  -1.4497670e-01   8.0655525e-02  -1.3430823e-01  -5.8901886e-02  -3.0442703e-01   6.7100752e-01   1.7293175e-01   6.9706914e-01  -1.7988262e-01  -2.4046694e-01   5.1942624e-01  -7.4782274e-02  -2.3890741e-01  -9.8773899e-03   3.9453047e-01   2.9594732e-01  -1.9164854e-01   3.0800809e-01  -1.7984401e-03  -1.0650302e-01   2.7054817e-01  -1.0899872e-01  -1.1615920e-01   6.8359141e-03  -2.0968686e-01   1.6043525e-01  -4.9988752e-03  -2.3445174e-01   8.9888776e-02  -2.1057899e-01   1.0072400e-01   5.7844476e-01  -1.0223377e-01   3.0250088e-01  -2.5313908e-01  -2.8033173e-01  -2.6626824e-01   5.8783719e-01   4.2673204e-01  -2.0610655e-01  -1.0539162e-01   4.3229295e-01   3.0809928e-02  -1.6944530e-01   1.4257646e-01   3.7364528e-01   3.2851955e-01   1.0653813e-01   7.4127743e-02   3.8981474e-01   3.2779412e-01  -1.2096408e-01  -3.7729495e-01   5.2673819e-01   5.8829769e-01  -2.3975809e-01   3.4432875e-01  -4.4839591e-02   3.0987220e-02  -1.1028894e-01  -7.4572298e-02
  -1.7505865e-01  -2.0228190e-01   1.5907441e-01  -6.4053726e-02  -1.9239278e-01   0.0000000e+00  -6.9683545e-02   8.4101591e-02  -1.0674750e-01  -1.9464429e-01   1.8914718e-01  -3.9626842e-04  -3.8463541e-02  -9.2158534e-02   2.0493744e-01   1.0268719e-01  -3.4974220e-02  -3.2686365e-01   2.7482029e-01  -2.9133454e-01   8.4472213e-02   3.9336955e-01   2.4598958e-01  -1.9798476e-02  -3.1595079e-01   2.4477704e-01   1.7435951e-02   5.0175287e-01  -1.9797084e-01   2.1732322e-01  -1.4202045e-01   2.1831531e-01   1.9074458e-01   2.2421405e-02  -2.1291297e-01  -1.6869082e-01  -2.6573149e-01   9.0072559e-02   3.0552457e-02   2.2406298e-02   1.4735863e-01   2.4505575e-01  -9.5671839e-02   2.6443896e-01  -2.5076329e-01   2.0401404e-02   2.5440937e-01  -3.5800707e-01  -3.6965895e-01   8.0419752e-03  -1.6249917e-01   3.3112776e-01  -3.2463561e-01   8.6727183e-02  -1.1183171e-01   5.6419796e-01   3.3774171e-01   4.2636414e-01  -4.5955296e-03   4.8172605e-01   1.0023942e-01  -2.2748260e-01  -1.0082350e-01  -2.2713544e-01  -3.2153960e-01   1.2876710e-01   7.2529323e-01  -1.4828116e-01   3.9853710e-01   1.8350399e-01  -2.7416923e-01   1.1158672e-01  -8.9197077e-03   3.8528831e-01   6.2903446e-02   5.7063426e-02  -1.0903433e-01   2.7567831e-01  -7.8017954e-03  -4.0471976e-02   3.2034308e-01  -2.5677645e-01  -1.0418461e-01   2.8488389e-01  -2.5246482e-02   2.2292699e-01  -3.5468125e-01   1.3761420e-01  -9.9836932e-02  -8.8830766e-02  -1.6336531e-01   1.3641522e-01   2.7881443e-01   8.7874538e-02  -1.6132669e-01  -2.4521468e-01  -2.3184749e-01   4.1970189e-01  -2.9089122e-01   1.6608232e-01  -1.7179387e-02   3.1615513e-01   1.8059278e-01   2.0983507e-01   1.9222301e-01  -2.7623769e-01   6.8934859e-02   6.2756743e-01  -1.3271439e-01  -7.9254495e-02  -1.3403339e-02   5.5067276e-01  -1.0042671e-01  -1.1717376e-01   1.4211560e-01  -1.8959513e-01   3.2701191e-01   1.4875881e-01   2.1727207e-01   2.6598014e-01  -2.6918293e-02  -1.1533293e-01   1.8469313e-01  -3.4525551e-01  -8.0132641e-02   3.8951598e-01  -1.9011206e-01  -4.3590424e-02   6.2657963e-02   1.5866446e-01  -2.2848686e-01   7.9413651e-02   2.3073642e-01  -2.7585588e-01   1.9458553e-01   2.1677187e-01   1.9660332e-01   1.1495508e-01   5.0113993e-01  -1.5327622e-01  -8.3315489e-02  -2.6779043e-01   3.2219084e-01   3.8856061e-01   5.5162652e-02   8.1408222e-02  -1.4756201e-01  -2.2678058e-01   5.1880871e-01  -4.3946878e-01  -6.0138454e-03   6.2898065e-02   2.5402789e-01  -1.7631660e-01   1.6015391e-02  -3.7304764e-02  -1.4035957e-01   2.2400988e-01   1.1372685e-02   3.6526249e-01  -2.2573424e-01   6.2588016e-02  -3.4885602e-01  -1.3542159e-01   5.4080774e-01  -3.9503870e-03   3.7013869e-02   1.3333792e-01   1.6948405e-01  -3.7528493e-03  -2.2344560e-01  -1.4596611e-01  -2.6071136e-01   6.0425788e-01  -1.5439030e-01  -2.5129765e-02   3.5052476e-01
   2.4352009e-02   1.4820655e-01  -4.8590341e-02  -1.0542946e-01   1.0061254e-01  -6.9683545e-02   0.0000000e+00  -2.1610805e-01   1.1835899e-01   4.0860822e-01  -7.8375657e-02   2.7880845e-01  -6.7687236e-02   1.5288874e-01   3.3597221e-01  -3.6283449e-02  -8.1919586e-02   7.5649495e-02   5.4211169e-02   5.5223005e-02  -2.9151495e-02  -2.7987999e-01   3.7101858e-02  -1.2779483e-01  -5.1754291e-03   2.6554863e-03   1.2609154e-01  -1.7113190e-01   2.7697363e-01   4.0670140e-02   3.6929236e-01   1.5816636e-01  -4.2348610e-01   6.8751329e-01   9.2691422e-02   4.0571330e-01   1.1636970e-01   1.0023228e-01  -1.9617359e-02   2.7987017e-01  -9.1484009e-03  -1.7563135e-01  -1.0898086e-01   4.3304244e-02  -1.1603182e-01  -2.0723555e-02   4.8682075e-02   6.3219340e-01   8.2368470e-02   6.9253161e-02   3.0648825e-01  -4.9903685e-02   4.0538587e-01  -1.3356816e-01   2.6012022e-01   2.4567865e-01  -2.9412572e-01  -3.1563701e-01  -1.9289945e-01  -2.4013020e-01  -4.5131468e-02   7.5426154e-02  -2.3765286e-03   3.3756960e-01   2.6593167e-01   5.6027866e-01   7.5843376e-02  -8.5091034e-02  -2.7943764e-01  -3.4876639e-02   2.7147868e-01  -3.4927019e-01   9.1456758e-02  -2.0242445e-01  -1.3183794e-01  -3.0420568e-01   1.3145587e-02  -2.6949923e-01   5.9191468e-02  -1.3654295e-01   2.3628329e-01  -5.1282792e-02   2.9133874e-01  -8.4537582e-02   1.1513612e-01  -2.2599967e-01   2.5638023e-01   1.8836646e-01   8.3255173e-02  -4.9278711e-02   5.3687169e-02  -8.3579060e-02   2.4779803e-01   1.9049331e-02  -5.1053658e-03  -1.7832667e-01  -2.5931414e-01  -1.4012428e-01  -3.5176875e-01   4.8968496e-01   2.4251154e-01   3.9769620e-01  -5.5953093e-03  -2.0461395e-01  -1.8289916e-01  -2.0927830e-01  -2.0089781e-01  -2.8427281e-01   1.2350895e-01   5.1732902e-01   7.1366791e-01  -8.2454294e-02  -4.2764616e-01   3.6177567e-02   3.7042581e-01   1.8806572e-01  -1.7605083e-01   1.2585140e-01  -1.0872386e-01  -2.0402051e-01  -8.3859920e-02  -1.0588893e-01   1.2408056e-01   2.1884607e-01  -8.6068490e-03  -1.2492279e-01   9.9933727e-02  -2.6958730e-01  -4.2705554e-01  -7.0591566e-02   2.3515179e-02   6.7720385e-01  -2.2300780e-01   2.8474178e-01  -2.2404402e-01  -3.0208007e-01  -2.8774136e-02   3.2417847e-01  -1.5541209e-01   4.5029808e-02   2.1331360e-01  -1.9104308e-01  -1.7708511e-01   8.6141987e-02   6.2305760e-01   2.3899879e-01   6.3031430e-01   8.1258192e-02  -4.3084500e-02   4.1116390e-01   2.2946282e-01  -1.1918519e-02  -5.6739712e-02   2.0524660e-01  -1.8471276e-02   7.6084925e-02  -1.8698823e-01   9.4213484e-02  -2.2841171e-03   1.9511084e-01  -2.4435399e-01  -1.2629367e-01   3.5240347e-01  -1.6389972e-01  -5.4300527e-02   3.3506985e-01   1.3767063e-01   6.3033970e-02  -5.4648686e-02   1.5644886e-01   3.2010278e-01  -1.4097464e-02  -6.3357277e-02  -1.4303950e-01   4.8396029e-02  -2.4471613e-01  -2.0135977e-01
   9.6877632e-02  -2.4504631e-01  -1.3078281e-01   2.3855530e-01  -1.5662537e-01   8.4101591e-02  -2.1610805e-01   0.0000000e+00   7.4277715e-03  -3.3677607e-01  -2.3717978e-01  -3.3302701e-01  -1.3640924e-01   1.9726062e-01   2.0548691e-01   2.4444873e-02  -2.1693718e-01  -1.2400959e-01  -8.4879167e-02  -3.2830394e-01   7.5262286e-02   5.3239854e-01   2.0786448e-01   2.8404634e-01   1.5399667e-01   4.2184795e-01  -3.0483829e-02   3.0840107e-01   4.4865365e-02   3.1147913e-01  -2.4769657e-02   2.3709875e-02   1.1640578e-01  -4.0975088e-01  -2.1619604e-01  -3.0303820e-01  -1.0777375e-01  -6.4793637e-02  -2.1700466e-01  -3.0112839e-01  -1.1798234e-01   1.5062111e-01  -2.0995266e-01   6.1881087e-01  -1.0335984e-01  -1.8630305e-02  -1.5648267e-01  -3.3855906e-01   1.3786685e-01  -1.8213494e-01   5.2377182e-02   3.9321815e-01  -4.2390776e-01  -1.0839729e-01   6.4714618e-02   3.2748582e-02   5.7145903e-02   4.8483391e-01   2.2869718e-01   3.1230484e-01   1.9546201e-01   3.8544101e-01  -2.3015647e-01  -1.7040235e-01  -3.9702606e-01  -3.9300354e-01   6.0094798e-02  -1.4726455e-01   4.5912186e-01   4.1426545e-02  -3.3750948e-01   2.3778959e-01  -1.0961317e-01   2.9765339e-01   9.7449353e-02   2.5428587e-01   6.1856330e-02   2.1653217e-01  -3.1429252e-01   9.0185639e-02   4.2385120e-01  -6.3864893e-02  -8.6480381e-02   7.0486034e-01   4.5247968e-02   1.6119921e-01  -3.4787532e-01   1.8353737e-01  -2.4519186e-01   1.0007113e-02  -2.4706713e-01   1.3914004e-01  -3.4037715e-01   2.7771672e-01  -4.2507746e-02  -2.8628617e-01   1.1912233e-01   8.8698091e-02  -2.0743228e-01  -3.1098999e-01   5.6611383e-02  -4.7329147e-02   6.0173396e-01   2.3085943e-01   2.9050287e-01   3.1338239e-01   1.5657882e-01   3.4574991e-01  -7.5552995e-02  -7.6828145e-02  -2.6738436e-01   3.9284899e-01   2.3528435e-01  -2.9109193e-02   2.3980998e-01  -1.9844199e-01   4.1515260e-01  -1.5759372e-01   2.5978579e-01   1.2097561e-01  -7.8425911e-02  -2.7219193e-01  -3.0861662e-01  -2.1165697e-01  -1.2807440e-01   4.0189396e-01   5.4206773e-03   1.9923512e-01   3.6983361e-01   1.4315682e-01  -1.9938489e-01  -2.9074251e-01   6.1730927e-01  -2.3485708e-01  -1.1884988e-01   5.2823851e-01  -8.0607105e-02   2.5300442e-01   5.2370626e-01  -8.7757323e-02   2.1541759e-02  -1.6737748e-01   2.9648604e-01   3.1604666e-02  -2.1055545e-01   1.9142257e-01  -4.2571455e-01  -1.1058727e-01  -3.0468464e-02  -3.1747375e-01  -4.3944200e-02   7.1992393e-01   3.7622484e-02  -2.6883956e-01  -2.8432630e-01  -2.0700335e-01   1.4367765e-01  -2.1576625e-01   2.0017460e-01   4.6946332e-01  -1.6848804e-01  -7.0457497e-03  -3.9168429e-01   2.7482895e-01   2.7388962e-01  -1.9274785e-01  -3.0864494e-01   3.1946917e-01   2.7011611e-01  -4.4469051e-01  -3.7726516e-01  -8.1187229e-02  -2.1348966e-01   1.6946674e-01  -4.9292240e-03   1.0161421e-01   1.7811757e-01
   2.4200186e-01   4.0236040e-01   1.8823069e-01   1.3268076e-02   3.6516280e-01  -1.0674750e-01   1.1835899e-01   7.4277715e-03   0.0000000e+00   3.7081136e-01   2.8509352e-02  -1.5293923e-02   1.7637843e-01   1.3486814e-01  -1.0913114e-01   3.4968892e-01   3.9070395e-01  -2.0506014e-01  -1.3277293e-01   3.4926621e-01  -4.7993744e-01   4.5921517e-02   9.3046300e-02  -3.8599632e-02   1.2995279e-01   3.1966259e-02   4.1006879e-01  -3.0384161e-02  -1.1913201e-01  -8.6168270e-02   1.3611752e-01  -2.1885416e-01   7.5215611e-02   1.2043830e-01   4.7865797e-01   2.1996860e-01   5.0736556e-02  -2.2071973e-02   4.6477867e-01   4.9775148e-01  -6.2133972e-02   1.3942125e-01   5.8170102e-01  -1.3723971e-01   3.0949771e-01  -2.9276871e-01   9.4822547e-02   2.5583044e-01   3.1990859e-01   5.4196879e-01  -6.3250841e-02   1.4622869e-01   1.1551141e-01  -4.8505988e-02   1.5576459e-01  -2.0705250e-01  -3.0710101e-01  -2.1184755e-01   1.6146656e-01  -4.2571606e-02  -2.1822467e-01   2.9960094e-01   6.2758823e-01   5.0195110e-01   3.7619770e-01  -1.7748411e-01   5.9402220e-02   5.1458793e-01   7.8742842e-02  -2.2731018e-01   5.0165633e-01  -3.0152502e-01   1.3039597e-01  -1.4261461e-01   3.9204318e-01  -3.6666952e-01  -1.9465072e-01  -1.1833954e-01   3.3597758e-01   4.8199590e-01  -8.5926444e-03  -1.1736110e-01   2.3469302e-01  -2.7867607e-02  -8.5778393e-02  -1.8232490e-01   5.6860541e-01  -6.8998952e-02   4.0881754e-01   1.7043409e-01   3.8133733e-01  -1.6378120e-01   1.5559125e-02   4.2559757e-01  -1.0922599e-01   1.9508757e-01   1.9555132e-01  -1.5896916e-01   8.8587584e-02  -3.9194561e-02   2.6175413e-01   3.8499197e-02  -1.8689519e-01   1.5129374e-01  -4.4502779e-01   1.2858559e-01   6.0636505e-02   5.1427099e-02   1.7945411e-01  -1.5758425e-01   2.2429200e-01  -2.4397326e-01   1.0714769e-01  -7.3028753e-03   1.4722486e-01   5.1549052e-01  -1.1699694e-01   1.1225167e-03  -1.5798798e-01  -2.3553545e-01  -2.8452105e-01   3.3460417e-01   2.0222877e-01   3.6706015e-01  -1.2568850e-01  -1.3301379e-01   3.4725767e-01   3.0673336e-01  -7.0332815e-02   2.4400273e-01   4.2526097e-01   3.1712112e-02  -1.7563995e-01   2.5886339e-01   6.8212557e-04  -5.6285181e-02   1.1612488e-01   1.1943300e-01   8.0938979e-02   1.4810970e-01   5.5388407e-02   7.2323209e-02  -3.0929139e-01  -2.3880295e-02   3.1682436e-01  -1.1826349e-01   2.5587194e-01   8.3867633e-02  -3.2960523e-01  -2.3988196e-02   4.2026230e-02  -4.9707800e-03  -1.8622264e-01   2.6348911e-01   4.5991682e-01  -4.3959669e-02  -5.7536032e-02   1.2513578e-01  -5.7666264e-02  -1.0405358e-01   2.4995093e-01   6.5867291e-02   6.5528527e-02  -8.1959678e-02   7.1350272e-02   3.7841926e-01   5.9879695e-02  -1.4054890e-01  -2.2951469e-01   3.0282541e-01   3.0691502e-01   5.9926065e-02   1.7370791e-01  -1.2395105e-02   1.3534516e-01  -1.4524930e-01  -8.7133731e-02
   4.6865476e-02   3.7065680e-01   1.4401936e-01  -3.0926646e-01   2.4919770e-01  -1.9464429e-01   4.0860822e-01  -3.3677607e-01   3.7081136e-01   0.0000000e+00   6.5732926e-02   2.3781973e-01   3.8639548e-02  -4.4803695e-02   7.1369901e-02   2.5284435e-02   3.3817252e-01   3.2399884e-02   2.2030234e-01   4.4501316e-01  -3.2960005e-01  -5.3722005e-01  -9.1431120e-02  -4.0110449e-01  -2.1508810e-02  -1.7259215e-01   1.8749440e-01  -3.0477383e-01  -1.0265672e-01  -4.5166391e-01   4.4361590e-01  -7.9027571e-02  -2.5403344e-01   6.1140190e-01   5.2096459e-01   3.5615971e-01   7.6857120e-02  -8.2262966e-02   2.9944607e-01   5.7833557e-01  -1.0029795e-01  -2.0133118e-01   4.4210041e-01  -2.4351865e-01   1.0535753e-01  -3.6313751e-01  -1.3993707e-01   5.8202540e-01   1.6377460e-01   4.1648284e-01  -1.4307573e-01   1.0189086e-01   5.6539262e-01  -5.1517364e-03   9.4956548e-02   4.7060806e-02  -1.3290379e-01  -5.3553041e-01  -3.8394449e-01  -5.0261242e-01  -3.6194019e-01  -1.7927165e-01   3.7884841e-01   5.9336676e-01   3.4801595e-01   3.5732213e-01  -2.4226541e-02   3.7635039e-01  -3.3585041e-01  -3.8080424e-01   6.5585676e-01  -6.2195144e-01   2.0987765e-01  -5.4321480e-01   2.3973450e-01  -3.9847553e-01  -3.6856834e-01  -1.7625755e-01   3.4746523e-01   4.4637613e-02  -1.1928889e-01   2.0085141e-01   4.8886925e-01  -2.0968004e-01   2.1765586e-02  -4.3301480e-01   5.2258312e-01  -9.5122361e-02   3.5145535e-01  -1.8386237e-01   4.2840411e-01  -4.0043957e-01   4.3965547e-01  -1.5290832e-02  -1.1951516e-01   3.4053829e-01  -1.0927840e-01  -1.6318239e-01  -2.9519224e-02   2.3115916e-01   3.4120813e-01   2.5716961e-01  -3.9728475e-01  -3.5259696e-01  -6.0773107e-01  -1.4942245e-01  -6.1559584e-02  -2.9583247e-01   2.3193612e-01   3.5504134e-01   6.6432847e-01  -5.2889211e-01  -3.1245582e-01  -1.1930004e-01   1.6786172e-03   3.8485308e-01  -3.0277750e-01   1.6842924e-02  -2.8211154e-01  -3.1998624e-01  -3.3801075e-01   3.4622896e-01   2.7571964e-01   2.5550018e-01  -2.3627311e-01  -4.5148616e-01   2.2943473e-01   1.3220854e-01  -4.2478382e-01   8.6811218e-03   3.8763532e-01   3.9066527e-01  -4.4343566e-01   3.7882555e-01  -1.1956197e-01  -3.6393377e-01  -4.8855834e-02   1.3313927e-01  -2.4563622e-01   8.7382948e-02   4.9014137e-02   2.4617855e-01  -3.9308699e-01   1.4569275e-02   4.3256711e-01  -1.0292875e-01   6.9458180e-01   2.6330767e-01  -3.6186573e-01   1.6450165e-01   1.2497121e-02  -2.9241666e-01  -3.0236612e-01   1.6339968e-01   5.6083872e-01  -1.4180796e-01  -3.5665995e-01   5.4523896e-02  -1.9032954e-01  -3.1515483e-01  -6.0487699e-02  -1.0074960e-01   4.4247395e-01  -3.4411504e-01  -1.8407509e-01   6.0092446e-01   7.6683151e-02  -1.2615976e-01  -3.1627326e-01   4.4040105e-01   6.0472933e-01  -2.9521186e-02  -8.3277030e-03  -9.0237123e-03  -9.5331861e-03  -2.3636281e-01  -4.3483155e-01
  -6.6531717e-02   3.6838232e-01   9.4602114e-02  -2.3464299e-01   4.8505885e-01   1.8914718e-01  -7.8375657e-02  -2.3717978e-01   2.8509352e-02   6.5732926e-02   0.0000000e+00   1.9394092e-01   2.1847476e-01  -4.2414029e-01   1.4593108e-01  -2.5455364e-02   1.6213150e-01   2.6033997e-01   4.5627183e-02   4.3449657e-01  -1.1410733e-02  -1.8010789e-01  -1.4724086e-01  -2.5242683e-01  -1.3577828e-01  -4.0361017e-02   3.1408879e-01  -9.2317026e-02  -2.6698252e-01   1.2609843e-01   1.8988528e-01   3.7589415e-02  -1.9703480e-01   9.5744256e-02   2.3228892e-01   4.1553097e-01  -6.3134144e-02   4.7405724e-02   1.1707723e-01   1.8051063e-01   2.4404146e-01  -1.5742350e-01   6.1350611e-02  -3.6840733e-02   5.4365300e-03   1.8968603e-02   4.9884545e-01   9.8092042e-02  -2.7805034e-01   5.3736366e-02  -1.9123247e-02  -1.1545441e-01   2.8442010e-01  -2.4190548e-01  -4.5509093e-01   1.8625845e-01  -1.6870852e-01  -1.3187720e-01   1.5498596e-02   2.9673761e-02  -6.4390088e-02  -2.5666608e-01   2.1711478e-01   3.8799744e-01   2.1915266e-01   2.2364275e-01   1.3413871e-01  -6.9133347e-05   2.1216188e-01  -1.1681942e-01   1.3219563e-01  -1.4778930e-01  -4.2504286e-03  -8.8751182e-02  -1.5621859e-01  -9.6749780e-02  -1.2726366e-01   1.3030883e-01   5.5442526e-01   9.1436176e-03  -3.0339214e-01  -1.0760826e-01   1.7667521e-01  -1.4578660e-01  -7.4971021e-02   2.7008480e-02   2.7306447e-01  -2.8739805e-01   2.2603826e-01  -1.3988451e-02   3.1928627e-01  -1.6734442e-01   3.0847860e-01  -1.9891973e-01  -1.8250822e-01   2.5925530e-01  -1.7801982e-01   1.8541265e-01   2.4166737e-01   1.1452210e-01  -2.0027623e-01   2.7836452e-01  -3.5196976e-01   1.5076575e-01  -7.7598348e-02  -1.5532460e-01  -1.4426100e-01   2.2065239e-01  -1.2103150e-01   4.2478041e-02   3.0254121e-02  -8.5868267e-02  -1.2453467e-01   8.6341588e-02  -3.5650230e-01   4.8296343e-01  -7.2383752e-02   2.0836665e-01  -7.1850441e-02  -4.7017998e-02  -3.6171603e-02   4.3886508e-01   2.8684740e-01   3.9920734e-01  -5.3607909e-02  -8.2476666e-02   2.1201321e-01  -2.1601617e-01  -3.4441736e-01   2.5002571e-02   1.1093792e-01   4.4155894e-01  -1.6538488e-01   2.3475057e-01  -6.2544709e-02  -6.4678682e-02   2.0974531e-01  -1.5908203e-01  -1.0958409e-01  -4.3025887e-02  -1.2402095e-01   7.1258588e-02   4.4921618e-02  -8.9460629e-02   2.7844903e-01  -7.6273056e-02  -7.0179312e-02   4.0761590e-01   2.1770485e-01   2.7680449e-01  -2.1406539e-01  -4.0382161e-01  -1.2830403e-01   5.6395211e-01   3.3914964e-01  -2.0694522e-02  -8.0800835e-02   3.1666946e-01  -6.8836164e-03  -2.6480238e-01   1.0330666e-01   5.8266156e-01   3.5562908e-01  -1.8321047e-01   3.5978176e-02   2.7977092e-01   5.7367075e-01  -8.1624134e-02  -8.6402723e-04   4.7181528e-01   4.1608297e-01  -1.2365596e-01   1.4159813e-01   1.6080456e-01  -1.7009765e-01  -1.7679671e-01   2.5492040e-02
  -6.7857085e-02   4.1438252e-01   4.5248742e-01  -1.3019119e-01   2.1532554e-01  -3.9626842e-04   2.7880845e-01  -3.3302701e-01  -1.5293923e-02   2.3781973e-01   1.9394092e-01   0.0000000e+00   1.1780544e-01   3.1413449e-02   8.3431882e-02   1.5053482e-01   2.7510313e-01   1.6945088e-01  -1.4644570e-01   2.3987074e-01  -1.5342700e-01  -3.1374984e-01  -2.3250827e-01  -1.7094366e-01  -8.4148311e-02  -2.1846009e-01   7.3339402e-02  -2.6068957e-01   2.2493214e-01   1.7013031e-02   4.5060919e-02  -5.7608410e-02  -5.8594729e-02   3.0081552e-01   3.3238740e-01   3.1968170e-01  -1.2141142e-02   1.1613186e-01   5.7957288e-02   1.6292216e-01   1.7327773e-01  -3.4491842e-02   3.0968348e-01  -1.5830548e-01  -7.0072934e-02  -1.0226611e-01   1.2955740e-01   1.8711159e-01  -2.0173748e-01   4.9664591e-02  -1.4445955e-01   2.3104752e-03   2.0529899e-01   1.0440037e-01  -4.2424483e-02   2.1058684e-01  -3.0714954e-01  -2.0356499e-01  -3.0156292e-01   7.8405823e-02  -1.0296445e-01  -2.4114453e-01   8.6817240e-03   7.3952204e-02   1.6031885e-02   2.5992351e-01  -7.2183245e-02  -6.2100947e-02  -1.7134170e-01  -1.5442191e-02   2.1436006e-01  -2.5830850e-01   1.8556700e-01  -5.3338779e-02   3.5838982e-02  -3.2237740e-01  -2.0730499e-01   1.0107819e-01   2.9171149e-01  -3.2982252e-02  -2.7050629e-01  -3.2151559e-02   1.8647391e-01  -4.7018433e-01   1.6571707e-01  -3.9889758e-02   2.3893204e-01   2.9232781e-03   6.2880178e-02  -2.1575521e-02   2.1524579e-01   1.5175239e-01   3.8062215e-01  -1.5682735e-01  -1.6259363e-01   4.7697365e-02  -3.0157278e-01  -2.0386693e-01  -1.5937957e-01   3.5770316e-01  -8.3457951e-02   1.0503721e-01  -2.4646035e-01   9.2690114e-02  -1.1963792e-01  -3.3565483e-01  -1.1950661e-01  -2.0975258e-01   1.2648099e-01   2.3330674e-01   3.6512565e-01  -1.4502680e-01  -4.1066978e-01  -5.2158469e-02  -5.8089220e-02   9.7468951e-02  -1.1576768e-01   2.9004848e-01   6.2922400e-02  -1.5084258e-01   2.1471509e-03   2.5002546e-01   4.0491268e-01   2.9225409e-01  -6.8389520e-02  -6.5940126e-02   2.6783950e-01  -9.8569797e-02  -4.5017802e-01  -3.3780530e-02   1.8282756e-01   3.2551486e-01  -1.1087671e-01   1.8662512e-01  -1.3824585e-02  -2.9571497e-01   2.8163462e-01  -2.7960977e-01  -2.9971011e-01   1.2330676e-01   7.3487506e-03   2.2821896e-01  -3.8382444e-02   1.8387629e-01   3.0462781e-01  -1.3797809e-01   5.3965179e-01   1.9178973e-01   2.2210954e-02   1.8086800e-01   2.4017741e-01  -3.8065502e-01   1.9930249e-01   2.8030385e-01   3.5289107e-01   2.1989265e-01  -1.5188171e-01   2.0738623e-01   1.5326924e-01  -2.0810570e-01  -1.4624088e-01   1.9924308e-01   9.4388643e-02  -1.9829933e-01   1.7715913e-01   2.9027588e-01   3.8119393e-01  -3.9448065e-01  -2.6192149e-02   2.8129467e-01   3.2840630e-01  -2.1149981e-01   5.4695443e-02  -2.7915645e-02  -9.2540331e-02  -3.1319375e-01   1.0527576e-02
   1.4768400e-01   1.1826676e-01   1.1419573e-01   1.3353929e-01   3.2089541e-01  -3.8463541e-02  -6.7687236e-02  -1.3640924e-01   1.7637843e-01   3.8639548e-02   2.1847476e-01   1.1780544e-01   0.0000000e+00  -1.6280562e-01  -1.9442548e-01  -2.4066472e-02   2.6992443e-01   1.4738293e-01  -1.4533015e-01   3.4322732e-01  -3.9857490e-02  -4.4022745e-02  -7.2889584e-02  -9.4394987e-03   1.7979191e-01  -1.9704579e-01   5.0248144e-01  -8.0522760e-02   2.4387841e-02   1.3286967e-01  -6.2071822e-03   2.9905378e-02  -4.4710579e-03   1.8652660e-02   1.3810366e-01   3.8430722e-01  -7.3832125e-02   9.5026529e-02   1.6107978e-01   3.1672143e-01   3.1185342e-01  -6.8060967e-02   1.9428198e-01  -1.8670564e-01   9.3209815e-02   2.4149927e-02   4.3553299e-01   9.6752922e-02   2.1950418e-01   1.0323696e-01   1.6109678e-01   4.6133837e-02  -9.1630781e-04  -1.8640418e-01   1.5318006e-01  -8.6010289e-02  -1.5202586e-01  -8.9192482e-02   1.8648926e-01  -6.2747592e-02  -8.6279837e-02   1.1469459e-01   8.4301916e-02   1.1884932e-01  -7.1605750e-02   8.4608424e-02   1.7164036e-01   7.3503972e-02   1.9233745e-01  -5.8610085e-02   1.0713452e-01   1.2759886e-01   1.9188053e-01  -7.1186604e-02   1.0750223e-01  -1.6790214e-01  -5.7412738e-02  -1.2866363e-02   2.1065968e-01   3.0742264e-01  -2.6528157e-01   3.3975696e-02   4.2199944e-02  -1.9657011e-01  -7.2082478e-02  -8.9752737e-02   1.3968845e-02   8.8126895e-02   1.2156428e-01   1.1664317e-01   1.3642878e-01   5.2465316e-02   1.1190980e-01   1.3093166e-02  -4.2755234e-02   2.8073061e-01   1.7526549e-01  -1.6255051e-02   1.4838610e-01   5.6307604e-02  -3.5442207e-02  -5.6056902e-02  -1.0001123e-01  -6.0308034e-02  -8.6564147e-02  -3.9413833e-02  -3.1230245e-01   6.4508002e-02   1.7628824e-01   4.9952180e-02   4.0132379e-02  -3.1668328e-02   1.5027091e-01   7.7906684e-02  -1.5640369e-01   1.7119895e-01  -3.0226878e-04   1.7732796e-01  -6.1266894e-02   7.9010902e-02   1.2549624e-02   2.1122141e-01   6.7583454e-02   5.2860104e-02  -1.5571925e-02  -6.9923587e-02   1.2260359e-01  -4.8643174e-02   1.1486922e-01  -1.7607641e-02   3.9422497e-01   1.1972737e-01  -9.4921484e-02   1.3324943e-01   2.1571808e-01  -4.8540640e-02   3.4195802e-01  -3.6524044e-02  -5.7794830e-02   3.0672364e-01   4.8255085e-02   4.3140170e-01  -7.0685887e-02  -1.0142996e-01   1.1142816e-02  -8.4349308e-03   1.0209364e-01   2.6326966e-01  -1.1172945e-02   2.5673684e-02  -5.5910979e-02  -1.2353490e-01  -4.4129959e-02   2.0799671e-01   2.1272511e-01  -1.8556628e-02   7.9776987e-02   3.7865940e-01   9.3722008e-02  -1.0828678e-01   1.5420874e-01   2.5890830e-01   1.7328176e-01  -4.1931987e-03   1.6838665e-01   5.9062706e-02   1.7085672e-01  -8.6422759e-02  -2.1345868e-01   1.5410461e-01   1.6011358e-01   2.3299384e-02   1.3812913e-01  -4.7851257e-02   1.1706518e-01  -1.7585979e-01  -4.4161199e-02
  -1.4701028e-01  -5.7034606e-03  -6.4495428e-02   2.4806615e-01  -2.4274418e-01  -9.2158534e-02   1.5288874e-01   1.9726062e-01   1.3486814e-01  -4.4803695e-02  -4.2414029e-01   3.1413449e-02  -1.6280562e-01   0.0000000e+00   9.6230853e-03   2.1509157e-01  -1.7877391e-01   7.1905545e-04  -4.0443350e-02  -3.1265356e-01   2.1197573e-01   2.2970356e-01   2.7417745e-01   1.0580589e-01   3.1924153e-01   1.4798853e-01  -1.8021442e-01  -6.2605185e-02   6.3313578e-02   3.1224778e-01   1.8051991e-01  -9.4035875e-02   8.1983633e-03  -1.2204862e-01  -4.3562010e-02  -1.9592487e-01  -5.6044003e-02  -1.4278648e-01   1.5247159e-01  -8.0466942e-02  -1.8204209e-01   1.6079164e-01   1.1114402e-01   1.1562086e-01   1.9531069e-01  -2.9981419e-01  -2.6488834e-01   2.2512277e-01   3.1672294e-01  -4.6149646e-02   2.8939805e-02   1.0249000e-01  -9.1441678e-02   1.2930827e-01   4.9234101e-01   4.7544105e-03  -9.7730222e-02   1.3078155e-01   9.9446629e-02   8.1510807e-02  -1.5842504e-01   2.6406507e-01  -2.2473909e-02   1.6439753e-02   8.4720302e-02  -3.0454891e-01  -1.1269172e-02  -3.0804166e-03  -5.5657142e-02  -1.3362744e-01   1.2253771e-01   4.6456193e-02  -1.3472817e-02   4.8663695e-02   7.7926178e-02  -1.9778373e-02  -1.3753490e-01  -2.3122403e-02  -2.4850133e-01   7.6069620e-02   1.9282129e-01   4.7705481e-03   2.7825221e-01   4.3597500e-02   4.3314419e-01  -1.4444506e-01   3.9838045e-02   3.5076770e-01  -8.8454437e-02  -1.0895994e-01  -1.3265983e-01  -3.0068906e-02  -1.4711149e-01   2.4245564e-01  -8.0616733e-02  -2.8392694e-01   1.3058857e-03  -2.9891764e-02  -5.7882248e-02  -1.2306037e-01   5.8488022e-01  -1.7557428e-01   6.0952935e-01   2.1094529e-02   2.5696548e-02   1.0496135e-01   1.3419200e-01  -1.1108646e-01   1.9126910e-01   1.2714920e-01   1.0636236e-01   1.9104746e-01   9.7568212e-02   9.5447407e-02   3.5506277e-01  -2.9003196e-01   2.5229075e-01  -9.6412603e-02   3.9883747e-01   4.5096306e-02  -1.8634042e-01  -2.0581988e-01  -9.6400022e-03  -1.1349717e-01  -1.6077920e-01   1.1105466e-01   1.5827874e-01   3.2555974e-01   1.1264085e-01   7.0025805e-02   1.3026459e-01  -5.5294244e-02   4.5681364e-01   2.2643172e-01  -7.7654649e-02  -1.0323312e-01  -2.2024662e-01   1.5935574e-01   1.4742150e-02   2.0946683e-02   1.1160587e-01  -1.0194077e-01  -8.1597274e-03   2.8285103e-01   6.1733198e-02   4.8007430e-01   1.3820149e-01  -3.0141154e-01  -2.4925496e-01  -4.7383634e-03   2.6238369e-01   4.9965999e-01   3.5874025e-02   1.3702717e-02  -2.0305075e-02   1.7780181e-02  -5.0011728e-03  -2.6295901e-01  -1.2065410e-01   2.9214912e-01  -1.1704377e-01  -1.1814800e-01  -2.3819744e-01   1.5317935e-01  -2.3039492e-02  -1.2897744e-01  -9.5953771e-02  -2.0174267e-02   5.9654789e-02  -9.8562066e-02  -2.7358250e-01   1.2137944e-01   1.3131987e-01   2.0384053e-01   3.4098515e-01  -3.3252244e-01  -1.0764569e-01
