   0.0000000e+00  -8.9870988e-02  -2.9359883e-01  -1.8076033e-01  -2.7730268e-02  -4.1203586e-01  -2.2859031e-01   2.4750152e-01  -2.2870832e-01  -2.4068555e-01  -2.0423111e-01  -5.8575987e-01   1.9547311e-02   3.1303906e-01   3.8842595e-01  -6.2428124e-02  -1.0987048e-01  -1.1908970e-01  -9.7783980e-02  -1.5052094e-01  -3.5822065e-01  -4.5991674e-01  -4.1953733e-01   8.4427246e-01   1.9857066e-01   2.3762728e-01  -3.1961486e-01   7.9909048e-01  -1.4707487e-01  -5.8558935e-01   7.5113278e-02   2.7199787e-02   7.7463534e-02  -6.1145100e-01  -3.8038177e-01  -4.8966365e-01   4.9091192e-02   3.8646300e-01  -1.0410430e-01  -2.5255077e-01  -4.6860016e-02   1.8045816e-01  -1.3279327e-01  -3.9465588e-01   7.7533339e-02   3.0470882e-01  -4.4564331e-01  -3.5142939e-01  -1.0993151e-01  -1.5666727e-01  -2.3888843e-01   2.6914977e-01  -2.3426958e-01   2.3977784e-01   5.2220743e-01  -1.2474681e-01  -3.7943493e-01  -1.8823550e-01  -1.7298193e-01  -3.5726113e-01   2.0611779e-01  -2.6491669e-01  -6.2785047e-02   3.5997579e-01  -1.4290423e-01  -2.0052840e-01  -3.9945136e-01   2.6566533e-02  -3.5373464e-01   2.1988394e-01  -3.2583775e-01  -2.3023841e-01  -1.5951305e-01   4.3355244e-02   1.8247368e-01   2.5279484e-01   2.3452890e-01  -4.4877953e-02   2.4079742e-02   7.3733278e-02   5.1430167e-01   1.1584782e-01  -9.4908097e-02  -2.0657469e-01   7.2258068e-01   4.7244906e-01  -2.3994253e-01   7.5323039e-01  -4.1793498e-03   9.4410251e-01   2.7401673e-02  -6.8934480e-02  -4.3760228e-01  -2.6520946e-01   2.9091392e-01  -9.9430837e-02  -6.9134602e-02  -9.3504970e-02  -4.2073580e-02  -2.9008339e-01   6.1154526e-01  -1.6088935e-01  -1.2864911e-01  -1.0696272e-01  -1.8216369e-01   3.4713591e-02   2.4122134e-01  -1.6402710e-01   7.3607388e-02  -4.5992732e-01  -3.9378358e-01  -2.6193575e-01  -1.5560708e-01   8.1383685e-01   7.8424128e-01   2.2336864e-02  -1.0283730e-01  -7.9372452e-02   2.9306531e-01  -1.8981855e-01   5.5379096e-01  -1.0134648e-01  -1.3537414e-01  -7.1752266e-02   7.9011894e-01   1.8238132e-01   4.3344285e-02   1.0809715e-01  -2.4465055e-01  -2.7198954e-01  -3.9935682e-02  -3.1769153e-01  -2.2309143e-01  -1.0295692e-01  -2.9474957e-01   2.0441897e-01   2.5512147e-02   2.1793045e-01   2.8779468e-01   5.9371968e-01   7.8586263e-01  -1.1538977e-01  -3.4963193e-01  -1.5505370e-01   1.1883331e-01   2.9924661e-01  -3.9549357e-01  -2.3030077e-01  -5.3048922e-01   6.0961069e-02   5.3958385e-01   3.6263894e-01   5.2510995e-01  -6.8212315e-03  -3.7419206e-01   8.5308359e-01   3.5989832e-01  -1.4666867e-01  -1.3088792e-01   2.8266140e-01  -1.1912582e-03  -2.6537491e-01  -2.3394007e-01  -1.2315613e-01  -2.4726591e-01  -1.4866286e-02  -4.1537336e-01   4.5888657e-01   6.9498333e-01  -4.2660239e-01  -6.4533402e-02   9.8764980e-02  -2.9745097e-02  -3.8999479e-01   1.5573885e-01   2.8005807e-02  -4.1379571e-01
  -8.9870988e-02   0.0000000e+00  -3.0041793e-01  -4.4142845e-01   5.5718093e-01  -4.8126336e-01  -4.2883999e-01  -1.1239755e-01   7.2283988e-01   1.6925301e-01  -3.4355484e-01  -1.8730118e-01   1.2974468e-03  -1.4467945e-02  -1.0372868e-01  -7.8637747e-02  -2.0944015e-01   1.7437544e-02  -1.6043316e-01   3.1572594e-01  -5.2221768e-01  -4.4022580e-01  -4.9571756e-01  -5.3552900e-02   1.3893117e-01  -2.2018140e-01   1.0763216e-01  -1.4751239e-01  -1.9499334e-02  -2.6597376e-01  -1.9524606e-01  -2.5964920e-01   1.4991055e-01  -1.6980769e-02   2.4114626e-01  -1.4198792e-01   5.5911089e-01  -2.7928680e-01   1.6697392e-01   5.1619798e-01  -2.0562732e-01  -9.6127945e-02   5.8738159e-01  -2.6579862e-01   1.4687937e-01  -3.7512584e-01  -3.8065017e-01   2.0229501e-01   3.7324785e-01   5.0386491e-03  -5.8934909e-01  -1.9038305e-01   6.9551368e-01  -2.1762031e-01  -1.0692171e-01  -3.4136787e-01  -6.3674114e-02  -3.3299599e-01  -4.8407208e-01  -1.2993283e-01  -3.6331032e-01  -2.4775114e-01   6.8334463e-01   1.3169185e-01   3.3092720e-01  -2.9124354e-01  -3.6959862e-01  -4.8673895e-02  -4.7623360e-01  -4.8889688e-01   6.6538285e-01  -3.6098627e-01   1.6165756e-02   2.2273022e-02  -3.3813358e-02  -1.0950882e-01  -3.8795881e-01   7.6695624e-02   7.0216869e-01  -1.1787556e-01  -2.6117405e-01  -5.2300219e-03  -7.0934085e-02  -1.7650928e-01  -1.7773452e-01  -4.0396647e-01   1.9398942e-01  -2.3979564e-01   6.1974060e-01  -7.9242724e-02   8.0345775e-01  -2.4630236e-01   2.9883257e-01  -2.5359540e-02  -3.6702700e-01   2.9241608e-01  -2.0312932e-01   9.8910681e-03   3.5139592e-01  -1.5658685e-01  -1.3434814e-01  -3.9723530e-01  -2.9744139e-01   4.5480601e-01  -4.5244955e-01  -3.8958589e-01  -2.3587430e-01  -2.9479986e-01   3.7234137e-03  -2.9560818e-01  -5.0788314e-02  -4.4869483e-01  -2.2831876e-01  -2.8232322e-01  -1.6416538e-01   8.2138494e-01  -1.5804266e-02   2.3093987e-02  -2.1995717e-01  -4.5506527e-01  -3.2150688e-01   4.4422226e-01   6.2707526e-01  -2.7910623e-02  -1.9746612e-01  -3.1002570e-01  -5.4621500e-01  -8.3062376e-02  -4.3668340e-01  -4.0665615e-01   2.2903984e-01   4.5549953e-01   1.4771332e-01  -3.0124459e-01   2.1339800e-01  -1.0102511e-01   1.2307117e-01  -1.9997250e-01  -1.5165606e-01  -1.8821739e-01   5.2701252e-02   8.7055929e-02  -3.9560103e-01  -4.6464815e-01  -5.1332411e-01  -2.3007264e-01   2.8148917e-01   1.8132835e-01  -1.0145443e-01  -5.7123489e-02  -2.1002633e-01  -1.2274126e-01  -2.8960950e-01   5.1620100e-02   3.4113945e-01  -1.3091926e-01  -2.7968769e-01  -2.8425581e-01  -2.0369672e-01  -1.6770475e-01  -7.7669056e-02  -1.7706290e-01  -1.5856257e-01  -5.5056565e-02  -2.8903488e-01   8.3076464e-01   2.1806549e-01  -6.8821267e-02  -1.8512276e-01   3.1322893e-01   7.1625335e-01  -1.5058280e-01   2.8918387e-01  -3.7485973e-01  -1.0710298e-01   1.0160653e-01  -2.6443849e-01
  -2.9359883e-01  -3.0041793e-01   0.0000000e+00   2.8960689e-01  -2.9979896e-01   3.8939283e-01  -1.4449367e-01   1.9642442e-01  -3.4060464e-01   2.5619402e-01  -1.3654373e-01   3.7988430e-01   5.3135508e-02  -2.2246330e-01  -1.4376647e-01  -5.6100831e-02   8.5988284e-01  -3.2631710e-01   2.0552565e-01   3.4666507e-01   2.0677508e-01   4.1409320e-01   1.6588487e-01  -3.8897399e-01   2.9619886e-01   5.3500372e-04   4.0528282e-01  -3.9229541e-01   8.3958002e-02   2.1410308e-01  -1.1032281e-01   3.5480078e-01  -1.0671422e-01   7.4620809e-02   2.2772682e-01   2.4941897e-01  -5.9379754e-01   3.9878269e-01  -1.2306969e-01   4.5474684e-01  -6.7429851e-02  -3.6230151e-02   7.3092800e-02   1.4693547e-01  -1.1672717e-01   3.3348258e-01   1.0128925e-01  -3.3891722e-01  -1.2109069e-01   6.9727428e-01   1.8264076e-01   9.4177209e-03  -5.6700051e-01   1.5289872e-01  -1.2949320e-01  -8.1592174e-03   3.2632076e-02   5.0757959e-01   2.3865358e-01   1.7715806e-01   4.3404674e-01   4.0613635e-01   3.8907474e-02  -5.0481723e-01  -3.7129055e-01   3.1681870e-01   2.5374257e-01   2.2783981e-01   1.7869338e-01   4.4174186e-01  -1.0102400e-03   1.5880899e-01  -3.4525698e-01   5.2983008e-01   6.5714931e-02   2.4953221e-01   4.2811310e-01  -1.1641153e-01  -4.8218626e-02   3.5792297e-01  -5.2526947e-01   1.2554884e-02  -1.1309921e-02   2.6432470e-01   4.7936084e-03  -1.7436025e-01   1.4526923e-01  -8.1601382e-02  -2.9414954e-01  -3.2808133e-01  -2.5227441e-01   6.7672463e-01   2.3562345e-01   9.9829668e-02   3.9262493e-01   3.3857533e-01   5.1085285e-01   1.4209080e-01  -3.6375942e-04   3.0471654e-01  -1.1629040e-01   2.2258868e-01  -1.5479623e-01  -2.6311744e-01   1.3215111e-01   3.7529129e-01   3.0823304e-01   2.7268580e-01   5.2880496e-03  -1.2127353e-01   4.2267070e-01   2.0825006e-01   2.7069510e-01  -1.5773971e-01  -2.0681768e-01  -4.3243707e-01   1.1073155e-01  -7.0946218e-02  -1.3691597e-01   2.5404112e-01   1.3443725e-01   2.3541075e-01   5.5579754e-02  -1.7444043e-01  -2.7024130e-02  -3.9129331e-02  -7.7638940e-02   1.5947121e-01   5.2072274e-01   7.9383016e-01  -2.6021716e-01  -3.8431799e-01   2.0956396e-01  -3.2776446e-01   3.0971234e-01   2.0945137e-01   2.7064200e-01  -3.0661668e-01   1.1540303e-01   2.8556549e-02  -3.3942631e-01  -1.3475523e-01   5.8855085e-02   1.7747421e-01  -5.8704719e-02  -2.5076792e-01   4.2162979e-01  -2.6953010e-01  -2.8020309e-02  -3.8760952e-02  -4.8385715e-02  -4.9513926e-01   3.1701582e-01  -2.3402244e-01   5.6967809e-01  -1.7563396e-01   2.4971355e-01   2.1173967e-01   6.5659082e-01  -3.4046109e-01   4.3069025e-01   1.3544382e-01   6.8571635e-02  -2.5846869e-01   4.9169053e-01  -2.7190762e-01  -4.4134322e-02  -3.2937507e-01  -1.5472290e-02  -1.5486008e-02  -1.4110895e-01   2.5944296e-01  -4.3922035e-01   2.6439252e-01   1.3204293e-01   2.5426606e-01   3.4209141e-01
  -1.8076033e-01  -4.4142845e-01   2.8960689e-01   0.0000000e+00  -2.1254129e-01   5.8037995e-01   2.0773902e-01   7.6032781e-02  -2.1694978e-01  -7.9527140e-04   4.3215603e-01   4.1385620e-01   2.4082650e-01  -4.9258101e-02  -2.4861874e-02   2.8535129e-01   1.5508137e-01   1.2310048e-01   4.3366109e-01   1.1458614e-01   1.4070530e-01   6.6950702e-01   3.3537722e-01  -2.2132503e-01   5.5263784e-02   1.4829551e-01   1.2645797e-01  -1.3841494e-01   2.0311094e-01   4.5180599e-01   4.6640318e-02   5.3934211e-01  -2.2767328e-02   4.8629360e-04  -6.9881610e-02   3.7927178e-01  -3.0678364e-01  -2.4545305e-02   6.6426776e-02  -1.3692523e-01   2.3984428e-01   1.4014500e-01  -2.2784499e-01   4.1525256e-01  -2.5646309e-01  -5.1362038e-03   4.9742700e-01  -2.1206765e-01  -1.3667122e-01   3.2822874e-02   6.2443380e-01   1.2677761e-01  -3.8916912e-01   1.4560053e-01  -1.3498087e-01   5.5933910e-01   3.0866820e-01   6.1768409e-01   5.1303317e-01   4.3885248e-01   1.2304867e-01   3.0861671e-01  -3.6324321e-01  -2.9925936e-01  -3.7765763e-01   2.1425461e-01   4.4351837e-01   4.3309222e-02   5.9202096e-01   2.9326169e-01  -4.0905927e-01   5.0986757e-01  -6.1040321e-02   1.3691013e-01   5.6090702e-02   2.7933917e-01   1.3353725e-01  -9.5826469e-02  -3.7114723e-01   2.6721046e-01   3.5049371e-02  -3.6335023e-02   4.0293256e-02   4.2596700e-01  -6.8514583e-02   3.0965649e-01  -1.2843180e-01  -5.0986365e-02  -2.8248484e-01  -1.8114147e-01  -4.5779038e-01   3.2092991e-01  -2.6567251e-01   2.3475220e-01  -1.7264828e-02  -4.2201258e-03   5.5402928e-01   2.3478044e-01  -3.2423404e-03   2.5826823e-02  -3.0408656e-01   2.6432312e-01   3.9813862e-01  -1.6114015e-01   6.1376182e-01   4.8718109e-01   2.6311522e-01   5.8724250e-01  -4.0476763e-02   1.4943408e-01  -1.3078497e-01   6.9832341e-01   5.8305657e-01  -5.8878066e-02  -2.5412936e-01  -4.2059967e-01   1.7171065e-01   1.7619131e-01  -9.8416649e-02   7.9246467e-01   1.5569795e-01  -1.4524988e-02  -2.2572086e-01  -2.4973818e-01  -1.5320308e-01   1.1491753e-01   2.8096018e-01   1.8818443e-01   6.4294918e-01   2.9615088e-01  -4.0657795e-02  -2.1660177e-01   2.5174454e-01  -4.0954102e-02   3.2320878e-01   2.6627692e-01   1.3327279e-02  -2.1683037e-01   2.1647677e-01  -1.1322050e-01  -3.2572843e-01   1.1817810e-01   5.1098563e-01   2.4541419e-01   7.3966932e-03  -1.7250978e-02  -1.6214375e-01  -6.5033998e-02   1.2902313e-01  -2.8930187e-01   3.8688859e-02  -1.1720681e-01   1.2038488e-01  -1.0202857e-01  -3.8197459e-02  -1.2939304e-01  -3.0211848e-02   4.4095760e-01   1.7354983e-01   2.8100357e-01   2.2425930e-01   4.7181811e-01  -2.9833162e-02   3.2980645e-01   6.0124448e-01  -4.3813668e-01   1.7671090e-01   1.9434443e-01   5.0994703e-02  -2.7465050e-01  -3.9173182e-01  -1.7296332e-01   4.3737001e-02   5.0997073e-01  -4.8762346e-02  -3.1944819e-02   6.0255273e-01
  -2.7730268e-02   5.5718093e-01  -2.9979896e-01  -2.1254129e-01   0.0000000e+00  -2.1219852e-01  -2.2917757e-01  -1.1948171e-01   4.5454186e-01  -8.0035265e-02   1.5913472e-01  -2.5609860e-01   1.6446100e-02  -1.8472838e-01  -2.1279317e-03  -1.1131146e-01  -2.6543626e-01   4.3263907e-01  -3.5447540e-02   5.5795504e-01  -3.9661248e-01  -1.7062858e-01  -3.0966444e-01  -6.5398711e-02  -8.0137972e-02  -1.0927852e-01   2.3557067e-02  -4.1937689e-02  -7.5823178e-02  -6.1838332e-02  -1.9348376e-01  -6.6282401e-02   1.6095716e-01  -9.0208302e-02  -8.9925923e-02   3.0966401e-01   3.3058876e-01  -3.8093431e-01   1.2877749e-02   3.3151007e-01   4.2275149e-02   1.7596402e-02   4.2893871e-01  -5.7540851e-02  -3.1946210e-02  -3.7044336e-01   9.9913860e-02   7.0308356e-02   2.8037367e-01  -1.1424837e-01  -1.0048743e-01  -7.9001978e-02   4.3968488e-01   3.5298548e-02  -1.6540951e-01  -5.4511539e-02   5.2349519e-02  -1.7010507e-01  -2.7834029e-01  -8.4810602e-02  -2.9088342e-01   2.1621801e-02   5.0938380e-01   6.2088858e-02   4.9525846e-02  -1.4583175e-01  -1.2704548e-01   5.8602690e-03  -1.4205690e-01  -3.0266478e-01   3.2558847e-01  -2.6000394e-02   9.0029578e-02  -1.8883439e-01   1.3430522e-01  -3.6520594e-02  -3.0313188e-01   7.5482832e-02   6.6466723e-01  -2.1886992e-01  -1.0053878e-01   9.5425631e-02   1.6911621e-02   2.8989540e-02  -1.1858052e-01  -1.3693628e-01  -7.1425213e-02  -2.1720380e-01   4.6017824e-01  -1.3912164e-02   7.6478805e-01  -1.6088515e-01   2.1098553e-01   6.6829030e-02  -4.5568336e-01   4.2946783e-01  -1.0860349e-02   5.0578481e-02   5.2419481e-01  -3.1456197e-01  -1.8392852e-01  -1.5263354e-01  -1.2620112e-01   2.1462817e-01  -1.7145717e-01  -6.6300828e-02  -6.7196991e-02  -1.7238153e-02   8.0864050e-02  -2.3553953e-02  -1.4177824e-01  -1.9159797e-01   9.6674608e-02  -1.7478123e-01  -1.5619682e-01   7.7724434e-01   2.3209237e-01   1.2743013e-01  -2.6120184e-01  -1.1756498e-01  -3.2152809e-01   6.0883049e-01   2.0708979e-01   4.8406701e-02  -2.0931296e-01  -3.7074522e-01  -3.3302073e-01  -1.6631082e-01  -1.5795191e-01  -4.0417322e-01   2.5213158e-01   4.5660172e-01  -4.2437631e-02  -1.8876932e-01   1.4932154e-01  -2.3264701e-02   1.2690910e-01  -3.0500569e-01   2.3108067e-03  -2.7558622e-01  -1.4581497e-02   1.3037830e-01  -1.2345545e-01  -4.5511778e-01  -3.2010998e-01  -1.0887674e-01  -5.0969700e-02   3.6683979e-01   9.5416469e-02  -1.4046463e-01  -1.5970920e-01  -1.6009725e-01  -2.3240295e-01   2.6980654e-01   1.0467271e-01  -9.3020989e-02  -3.4394281e-01  -6.5483989e-02  -7.2719948e-02  -4.0492587e-02  -2.0249710e-01   5.2574190e-03  -1.2817649e-01   1.7858252e-01  -1.0520154e-01   5.8021348e-01   2.3445809e-01   7.7003905e-02  -7.1104306e-02   2.2234265e-01   5.6551499e-01  -3.0666768e-01   3.4628607e-01  -2.3236191e-01  -2.5675417e-01   8.4435523e-02  -4.4676700e-02
  -4.1203586e-01  -4.8126336e-01   3.8939283e-01   5.8037995e-01  -2.1219852e-01   0.0000000e+00   3.5169089e-01  -3.3584410e-02  -2.6104281e-01   2.2865155e-02   4.4333348e-01   7.0380565e-01   3.5509193e-02  -1.3993949e-01   3.7723850e-04   1.6775709e-01   1.7902840e-01   1.8530864e-01   3.5062340e-01   3.8789149e-02   3.7208197e-01   6.3601017e-01   6.2147471e-01  -4.3346834e-01  -1.2448828e-01   5.7283596e-02   2.4223528e-01  -2.8963482e-01   2.3412882e-01   7.8120120e-01  -1.5781202e-01   3.7329758e-01  -1.4264379e-01   3.5150785e-01   8.5098083e-02   4.7104821e-01  -4.5792166e-01  -8.2975925e-02  -2.4258761e-02  -4.3650082e-02   2.1913061e-01  -7.0452777e-02  -2.1685000e-01   4.3391728e-01  -3.0270558e-01   7.6164947e-02   6.9158968e-01   5.8160099e-02  -2.8655649e-01  -2.1347833e-02   6.6784861e-01   3.3482729e-02  -3.7731066e-01  -8.2692290e-02  -1.5123462e-01   4.6586051e-01   4.3722643e-01   4.0381506e-01   4.4076220e-01   5.4711629e-01   1.3858328e-01   4.9303937e-01  -3.9422127e-01  -3.4433897e-01  -3.6979116e-01   4.4309968e-01   8.8307798e-01   1.8847369e-01   6.6622557e-01   5.0634917e-01  -4.1663022e-01   6.7938826e-01  -8.0471311e-02   1.0615854e-01  -1.9328618e-01  -8.9502583e-02   1.8175835e-01  -9.6024313e-02  -4.0006969e-01   1.4110132e-01  -1.3566594e-01  -1.5142948e-01  -1.7040737e-02   4.2849205e-01  -1.2363487e-01   8.8235368e-02  -6.3283440e-02  -2.2096432e-01  -1.6147240e-01  -4.3123983e-01  -4.9625087e-01   3.3916288e-01  -9.6977930e-03   3.8110807e-01   1.9177988e-02  -5.1378994e-02   4.1351246e-01   7.0746863e-02  -7.7650924e-02   7.7839885e-02  -4.5247440e-01   6.4621503e-01   3.6035436e-01  -1.9393756e-01   7.2027901e-01   3.3684338e-01   1.1684630e-01   5.0828522e-01   1.1082008e-02   4.3874823e-01   1.7311649e-02   5.7260231e-01   4.6375745e-01  -2.4849651e-01  -4.8210327e-01  -4.1130268e-01   9.4864196e-02   8.6838857e-02  -2.4477270e-01   5.9451343e-01   1.3076837e-01  -3.1911667e-02  -3.3800684e-01  -2.9935974e-02  -3.0342195e-01   3.5149044e-01   4.0096905e-01   6.3128218e-02   5.9564738e-01   5.3407440e-01  -1.3005327e-01  -1.3889158e-01   3.6560380e-01   2.0637575e-02   2.2986043e-01   2.8182239e-02  -1.2734049e-01  -3.7532923e-01   1.1764488e-01  -2.4626551e-01  -4.7412213e-01  -5.7053002e-02   5.7308799e-01   4.2451654e-01  -2.4448291e-02  -1.4582478e-01   8.4184464e-03   7.0073803e-03   5.6562127e-01  -4.1336533e-01   3.2538339e-02  -2.5662020e-01   7.7664124e-02  -3.0850666e-02  -1.7097927e-02  -3.6575971e-01   4.5591173e-02   1.8149880e-01   2.1089004e-01   5.4081601e-02   2.2828974e-01   2.8738815e-01  -6.7334152e-02   3.2852030e-01   3.7143214e-01  -4.3006456e-01   3.4773185e-01   7.4397664e-02  -7.7800818e-02  -1.4320101e-01  -2.1094757e-01  -9.0407263e-02   1.9655363e-02   7.6364727e-01  -1.4026483e-01  -1.4190722e-01   5.3263212e-01
  -2.2859031e-01  -4.2883999e-01  -1.4449367e-01   2.0773902e-01  -2.2917757e-01   3.5169089e-01   0.0000000e+00  -2.9886186e-01  -2.8801871e-01   1.3817932e-01   2.9252529e-01   4.5685530e-01  -1.0087276e-01   1.3227072e-02   2.8865484e-01   1.4922198e-01  -3.2096882e-01   2.3555313e-01   4.0986811e-02  -3.2228487e-01   4.5831742e-01   3.0183176e-01   7.0654080e-01  -4.3290103e-02  -3.7837855e-01  -4.1157925e-02  -6.7743090e-02   6.0624394e-02  -2.7612219e-02   4.2801392e-01   1.8214551e-01   2.6808397e-03  -1.1195930e-01   5.6617471e-01   6.9512194e-02   2.5783634e-01  -1.4664378e-01  -1.2796827e-01  -2.3566038e-02  -3.3129406e-01   2.6687148e-02   5.1334042e-02  -4.1551870e-01   3.1618941e-01   1.2011375e-01  -6.7083054e-02   3.2235899e-01   3.2350741e-01  -3.1922798e-01  -3.1828468e-01   4.4858698e-01  -1.5214843e-01  -1.5082469e-01  -1.3069170e-01  -5.9991436e-03   3.9937057e-01   1.8629728e-01  -8.0164018e-02   1.4284683e-01   3.7942947e-01  -1.4014217e-01   1.2782403e-01  -5.0413608e-01  -3.1101892e-01  -8.0611170e-02   4.6953290e-01   3.0659400e-01  -1.2006476e-02   2.6776342e-01   6.3025237e-02  -3.9577974e-01   4.3175529e-01   1.7400769e-01  -2.5260014e-01  -2.3765287e-01  -2.0778302e-01  -9.0457078e-02   1.1363658e-01  -4.3788436e-01  -1.7210395e-01   4.2366771e-01  -4.8924180e-02   2.5351856e-01   4.8502958e-02  -1.6844376e-01   1.8712755e-01  -1.7039357e-01   1.0450573e-02  -1.8643333e-01  -1.9006976e-01  -4.5253831e-01  -1.4559821e-01   2.4674601e-03   8.3321083e-02  -6.4782728e-02  -3.6570059e-01  -2.0348808e-02  -2.1448863e-01  -2.7820355e-01   3.6393897e-01  -1.6236594e-01   2.3407073e-01   4.6590115e-01  -8.7732412e-02   4.4620550e-01  -8.1258798e-02  -8.5142125e-02   1.0840137e-02   1.8045170e-01   3.6364950e-01   1.2023250e-01   3.4786041e-01   9.3578280e-02  -1.7486110e-01  -7.6552852e-02  -4.4013161e-01   3.2957090e-02  -2.0429337e-01   1.8805318e-01   1.7500392e-01   3.1129350e-02  -3.4731098e-01  -4.8675896e-01   8.5706349e-02  -2.5780016e-01   4.1040217e-01   7.2362697e-01  -2.5122462e-02   8.3174212e-03   7.4430576e-02  -1.6303634e-01   1.2087631e-01  -9.7652227e-02   3.3777227e-01  -2.2759634e-01  -2.3772793e-01  -2.7433460e-01   1.4849508e-01  -2.5464061e-01  -1.0908824e-01  -1.7245626e-01  -1.7252277e-01   2.7451136e-01   5.9443429e-01   6.5161042e-01   1.0488173e-01   6.9925912e-04   1.3008512e-01   4.3775832e-01  -1.6569795e-01   3.4678654e-02   1.9850701e-01  -1.9790526e-01  -1.3495022e-01  -2.2708343e-01  -1.1434638e-01  -1.3713850e-01   1.3333089e-01  -1.0678280e-01   2.5034360e-01  -3.4740848e-02  -9.1161330e-02   2.0330089e-01   2.2385967e-01  -7.3076324e-02  -4.9980468e-01   1.8336054e-01   1.1947432e-01  -2.3400258e-01  -1.0732060e-01  -2.7537962e-01  -3.7872105e-03   2.4740453e-02   4.7307160e-01  -4.6214733e-02  -2.6976356e-01   8.9507815e-02
   2.4750152e-01  -1.1239755e-01   1.9642442e-01   7.6032781e-02  -1.1948171e-01  -3.3584410e-02  -2.9886186e-01   0.0000000e+00  -6.0187776e-02  -1.0948785e-01  -1.1796695e-01  -2.0363683e-01   8.4399714e-04  -8.4278318e-02  -4.2989458e-02  -2.5981902e-01   2.9609422e-01  -3.7170065e-02   1.4962486e-02   8.9905086e-02  -1.4537867e-01   1.5221570e-02  -2.7509510e-01   3.3335557e-02   1.3757043e-01   4.1819794e-01   5.6739000e-02   1.7583087e-01  -3.9647232e-02  -3.1906577e-01  -1.0586234e-01   4.7346133e-01   3.7604317e-01  -3.9064804e-01  -6.9322934e-02  -2.0768931e-01  -2.9704064e-02   4.6341005e-01  -3.5545682e-01   2.5532860e-02   6.9637483e-02   3.7064591e-01  -1.5108711e-01   8.1580500e-02  -6.4311033e-02   3.6105471e-01  -4.5378874e-02  -2.4914409e-01  -7.4991632e-02   1.9982843e-01  -6.9409640e-02   6.4946474e-01  -3.6246361e-01   1.7540078e-01   1.9688631e-01  -1.0921887e-01  -1.1892100e-01   4.9435211e-01   2.2291014e-01   1.0721858e-01   3.7705419e-01  -1.3574758e-01  -7.5555662e-02   2.5871821e-01  -1.9614616e-01  -1.3569637e-01  -7.5592512e-02   6.9794758e-04   3.4622449e-02   3.1643483e-01   9.1645348e-04  -9.0039403e-02  -2.2412467e-01   2.8036976e-01   2.5229685e-01   6.6946000e-01   4.2895941e-01   1.7031167e-01   1.7444522e-02   3.1842175e-01  -3.0169352e-02  -8.8677662e-02  -2.0816678e-02   3.2490424e-01   8.9967597e-02   2.5262145e-01   1.0790517e-01   1.5032754e-01  -2.0324130e-01   2.2662012e-01   1.1553379e-01   3.0447446e-01  -2.2605502e-01  -5.6800452e-02   3.4542618e-01   7.9698347e-02  -1.1276688e-02   3.3260559e-01  -7.2051506e-02  -2.7318841e-02   3.3736896e-02   2.1167824e-01  -1.5466314e-01   2.3207690e-02   3.7260033e-02   5.2949025e-01   3.4023051e-01   4.0841931e-01   4.2552334e-03  -3.5753685e-01   2.9845120e-02   8.0740982e-02   4.7688627e-02   4.4331768e-01   1.6113785e-01  -3.4103877e-02   2.5339166e-01   1.2992204e-01  -1.7354560e-01   6.9910648e-02   2.8067970e-01   1.1555833e-01  -6.8032458e-03  -2.2330548e-01   4.1706779e-01  -1.4795942e-02  -2.3985371e-01   1.7807031e-01   3.0901258e-01   7.3505819e-02  -2.7579904e-01  -4.4180461e-01  -2.8736000e-02  -2.9450829e-01   1.7665346e-01   8.3237901e-01   3.5301002e-01  -8.8511978e-02   7.4805476e-01   4.2744413e-01   1.3641377e-01  -1.2724162e-01  -2.7940650e-02  -1.2794371e-01  -1.0509896e-01   1.2554553e-01  -8.0243538e-03  -3.4703962e-01  -4.2268389e-01   1.3565356e-01   2.4158352e-02   1.6086684e-02   1.5769458e-01   1.5592488e-01  -1.4571210e-01   2.5826709e-01   3.7876808e-01   2.8438999e-01   3.1439721e-01  -2.0149122e-02  -4.1976649e-02   1.7409837e-01  -1.2646604e-01  -3.3229456e-02   3.3330911e-01  -4.2490490e-02  -3.1714780e-01  -1.1282797e-02   1.3104212e-01  -3.4953756e-01  -7.9472500e-02   1.0317515e-01  -3.5169720e-01  -2.3572610e-01   1.5516939e-01   1.9724250e-01   1.0936623e-01
  -2.2870832e-01   7.2283988e-01  -3.4060464e-01  -2.1694978e-01   4.5454186e-01  -2.6104281e-01  -2.8801871e-01  -6.0187776e-02   0.0000000e+00   6.8334470e-02  -6.3434803e-02  -2.1637860e-02  -3.5805156e-02  -1.5366068e-01  -8.8432012e-02  -1.5532716e-02  -2.3416227e-01   3.4409257e-01  -1.1601519e-01   2.3691656e-01  -3.0524322e-01  -3.0116402e-01  -2.5797999e-01  -2.1198070e-01   2.2277934e-03  -2.0899399e-01   2.1206737e-01  -2.4670900e-01   1.0010955e-01  -1.1967919e-01  -9.8207206e-02  -1.6054759e-01   1.2076794e-01   1.0425694e-01   3.0771246e-01   2.4374575e-02   5.1494965e-01  -3.2298045e-01   1.8627631e-01   3.6180389e-01   7.6164350e-02   6.5958670e-02   3.8564857e-01  -9.8403860e-02   1.1092327e-01  -3.6813714e-01  -8.2038617e-02   3.8014201e-01   3.4628202e-01  -5.0481373e-02  -3.1129510e-01  -2.1143414e-01   6.5849961e-01   1.8278568e-02  -1.8112290e-01  -3.0075491e-01   3.0699965e-03  -1.9960332e-01  -1.0389067e-01   8.4852003e-02  -2.4895304e-01  -1.1635772e-01   4.5885295e-01   2.5732067e-01   3.8462457e-01  -2.2380856e-01  -9.5460547e-02   2.6416529e-02  -2.2672972e-01  -4.6383479e-01   5.3742650e-01  -1.2340864e-01   1.4252724e-01  -1.9499997e-01  -1.3081783e-01  -1.0061857e-01  -3.0280883e-01  -7.3714096e-03   4.1165925e-01  -2.8000687e-02  -2.0410477e-01  -9.9280741e-03  -2.7985670e-02  -2.4990988e-03  -3.2282506e-01  -3.6406536e-01   2.2611485e-01  -2.9299519e-01   4.8818877e-01  -2.1076344e-01   6.2134020e-01  -3.0304324e-01   1.6801592e-01   2.8298289e-01  -3.1599741e-01   1.0170040e-01  -8.6342409e-02   2.8645082e-01   3.2419684e-01  -1.2527619e-01  -2.8043579e-01  -2.1290046e-01  -3.2394200e-01   7.1563158e-01  -2.3807498e-01  -2.3130176e-01  -2.0879068e-01  -1.4528398e-03   4.2483310e-02  -5.8850479e-02  -4.5713745e-02  -3.3775994e-01  -6.9390307e-02  -2.6056855e-01  -2.6175324e-01   6.9858894e-01   3.5001833e-02   2.2824841e-01  -3.0724065e-01  -2.8252392e-01  -3.3378949e-01   2.3328602e-01   4.0411461e-01  -3.0778046e-03  -2.8457028e-01  -2.3896835e-01  -4.4496229e-01  -1.0920948e-01  -2.0207138e-01  -3.6937244e-01   2.6163799e-01   5.3483396e-01   5.8915197e-02  -9.4091815e-02   2.4476030e-01  -8.3329928e-03   6.9376431e-02  -1.1875131e-01  -1.0927699e-01  -3.2789786e-01  -1.2078464e-01   1.9935560e-01  -8.8392529e-02  -3.9116939e-01  -4.4172989e-01  -9.5183607e-02   1.5907565e-01   3.1299407e-01   9.3898750e-02  -7.0067090e-02  -3.4255190e-01  -1.1243890e-01  -3.7963444e-01   2.5346580e-01   1.5275266e-01  -2.7493332e-01  -2.4619321e-01  -3.9346546e-02  -1.9433145e-01  -1.7656659e-01  -1.1887117e-01   4.0908968e-03  -1.9083991e-02   1.9471723e-01  -1.9203777e-01   6.3453840e-01   2.9035941e-01  -1.1835712e-01  -2.5295592e-01   3.2317025e-01   5.3646739e-01  -3.5877918e-01   4.0978765e-01  -2.7098149e-01  -3.2976540e-02   3.3469498e-02  -9.5436052e-02
  -2.4068555e-01   1.6925301e-01   2.5619402e-01  -7.9527140e-04  -8.0035265e-02   2.2865155e-02   1.3817932e-01  -1.0948785e-01   6.8334470e-02   0.0000000e+00  -2.8110810e-01   3.7542538e-01   2.8102073e-02  -4.0472107e-01  -1.5653261e-02   2.7003438e-01   1.9944072e-01  -2.7689133e-01  -1.1816998e-02   3.8078216e-01   2.1823248e-02   1.3018301e-01   2.7725638e-01  -2.4912701e-01   7.8175858e-02  -3.4213052e-01   2.1593837e-01  -1.8651062e-01  -3.0671533e-01   1.8334091e-01  -2.6336080e-01  -5.0498460e-02   3.8570667e-02   5.0390335e-01   2.3245030e-01   2.2428405e-01  -2.2428642e-02  -5.7638410e-02   9.8390145e-02   5.3453912e-01  -6.6146249e-02  -7.4323283e-02   4.8461524e-02   1.2679909e-01   3.7275317e-01  -6.9699132e-02  -1.5182845e-01   4.8166267e-02  -5.6037008e-02   2.9288202e-01  -3.5651620e-02  -2.4861921e-01   1.1850708e-02   3.7217328e-02  -3.5107297e-01  -3.3994303e-02  -1.6407003e-01  -1.9433238e-01  -2.2850456e-02   1.5873002e-01  -7.7951869e-02   2.3815997e-01   1.5204003e-02  -5.1802660e-01  -5.1256360e-02   4.5820816e-01  -3.4914935e-02   1.6192175e-02  -1.8407219e-01  -1.1297029e-01   2.1296649e-01  -5.1352480e-02  -1.0461553e-03   9.8767727e-02  -6.0295307e-02  -8.1425201e-02  -8.2110076e-02   1.5356712e-01   2.9339095e-01   8.5161636e-03  -2.1935925e-01  -1.7542694e-01   8.6429188e-02   1.2737630e-01  -1.5788199e-01  -3.9698556e-01   2.2337997e-02  -6.0573907e-02  -2.3992650e-01  -1.8104849e-01   7.7610342e-02   7.5555413e-02   6.7107668e-01   7.6185742e-02  -1.1216806e-02   4.0186467e-01   1.1420616e-01  -1.2038565e-01  -1.7028545e-02   7.3678579e-01  -3.4666783e-01  -1.0534385e-02  -1.9729132e-01  -7.6603465e-02  -7.4119327e-02  -1.6800291e-01  -1.4115886e-01  -9.8279649e-02   4.8275716e-01  -6.9533505e-02   6.0407200e-01  -8.9098818e-02  -2.0256350e-01  -1.4250244e-01  -2.4121348e-01  -3.3795282e-02   1.8324802e-03  -2.2790910e-01  -1.3336351e-01  -1.6043884e-01  -3.4740025e-02   4.0909972e-01  -4.2881902e-02  -2.3904494e-01  -1.4753907e-01  -5.1248837e-02   1.1943607e-01   1.7215549e-01  -2.8380856e-02   2.3460775e-01  -6.3879096e-02   2.4277082e-01   4.6462088e-02  -3.5866793e-01  -1.4405056e-01  -1.1224431e-01   1.3383358e-01  -3.2388250e-01  -3.4907969e-01  -1.9056497e-01  -2.7755840e-01  -6.9341766e-02  -3.1471456e-01   1.7324561e-01   1.0639125e-01  -4.0091957e-01   6.1669269e-01   1.3745891e-01   1.7200688e-01  -2.7380511e-02  -1.8360051e-01  -4.8280538e-01  -7.4510703e-02   6.0318327e-02   5.6641268e-01  -6.4535280e-02  -4.2626191e-02  -7.7784660e-02  -2.2839712e-02  -1.4435981e-01   2.8731052e-01  -1.4265948e-01   2.8838908e-01  -1.3882875e-01   3.8736356e-02   1.1031603e-01   1.8975513e-01  -1.5049582e-01  -2.5847074e-01   3.4554803e-01   3.0127223e-01   9.1879037e-02  -2.0765611e-01   1.5900471e-01   7.4812992e-02   9.8966797e-02   1.2979245e-01
  -2.0423111e-01  -3.4355484e-01  -1.3654373e-01   4.3215603e-01   1.5913472e-01   4.4333348e-01   2.9252529e-01  -1.1796695e-01  -6.3434803e-02  -2.8110810e-01   0.0000000e+00   1.8652309e-01   1.8059298e-01  -1.0485278e-01   1.6087109e-01   3.2845635e-01  -2.4979126e-01   5.5093393e-01   2.6967533e-01  -7.4303071e-02   1.0500417e-01   4.6857384e-01   3.3682446e-01  -1.2649919e-01  -1.0110652e-01   1.2136894e-01  -1.4427842e-01   8.8591724e-03   1.1309744e-01   4.4615482e-01   1.0657334e-01   2.4733038e-01   8.5338391e-02   5.3700796e-02  -1.2852430e-01   4.3709316e-01  -1.0445856e-01  -3.7315867e-01   2.4344552e-01  -3.4505948e-01   3.5701349e-01   1.6189138e-01  -3.7907303e-02   5.1388509e-01  -2.7612401e-01  -1.9428744e-01   7.3088246e-01  -5.7718620e-03  -1.3696027e-01  -3.4440094e-01   7.3142892e-01   1.5027698e-01  -1.0354513e-01   2.9984748e-02   1.1363251e-04   5.7334556e-01   3.0502929e-01   3.0323811e-01   3.3384561e-01   4.3064501e-01   2.4300568e-02   1.9939962e-01  -2.0069057e-01   4.4997126e-02  -2.2894876e-01  -1.3425682e-02   3.3594658e-01   4.6740743e-02   6.7343888e-01   3.0119658e-02  -4.3201162e-01   5.5959811e-01   2.7285338e-01  -1.6257157e-01   6.4871125e-04   6.0610896e-02  -1.6953607e-02  -1.0135739e-01  -3.1658365e-01   1.1341951e-01   2.5026678e-01   1.7007068e-01   1.6824215e-01   3.4008018e-01  -1.3343280e-01   3.9083987e-01  -3.3960758e-01  -1.0376191e-01  -3.9176963e-02  -1.5484868e-01  -3.0972243e-01   2.7933401e-02  -2.3936564e-01   3.8870832e-01  -2.5856163e-01  -1.7925054e-01   2.2294943e-01   2.3904665e-02   5.9196258e-02  -2.6055109e-01  -3.1190840e-01   3.3811384e-01   4.8591390e-01   5.6543774e-02   5.8894431e-01   2.3799102e-01  -2.3700389e-02   3.6163739e-01  -5.9582837e-02   4.7481473e-01  -2.8825526e-01   6.0215573e-01   4.9535572e-01  -1.7221185e-01  -2.0534047e-01  -1.3783813e-01   2.1681600e-01   1.8479417e-01  -8.5094166e-02   5.8104033e-01  -7.7798780e-02  -1.6062040e-01  -2.6942247e-01   5.0520308e-02  -3.1829170e-01   1.6754545e-01   3.0376976e-01  -2.4564227e-01   2.8846222e-01  -1.2608908e-01   2.6442501e-01   1.3986353e-01   2.7474610e-01   3.6791659e-01   1.8455558e-01  -3.3679659e-02  -1.0821306e-02  -8.1083710e-02   2.6874970e-02  -3.9250368e-01  -2.4217552e-01   3.2013926e-01   5.4824607e-01   1.0592374e-01   1.1640938e-01   1.0302122e-01  -4.9985147e-01   2.1540691e-01   3.1261362e-01  -2.9229893e-01  -2.2388851e-02   2.9590848e-02  -1.4743134e-01   8.1489208e-02  -3.3515397e-01  -1.8751116e-01  -6.9153363e-02   3.6756067e-01  -2.8469293e-02   4.2935178e-01  -2.2027935e-01   5.0003922e-01   1.5111521e-02   4.9675313e-01   3.3494741e-01  -2.0076833e-01   3.2514430e-01   2.1403829e-01  -5.8135150e-02  -1.9271410e-01  -2.4829479e-01  -4.1643804e-01   3.2416754e-01   3.4959182e-01  -2.8055720e-01  -1.6198287e-01   4.5340742e-01
  -5.8575987e-01  -1.8730118e-01   3.7988430e-01   4.1385620e-01  -2.5609860e-01   7.0380565e-01   4.5685530e-01  -2.0363683e-01  -2.1637860e-02   3.7542538e-01   1.8652309e-01   0.0000000e+00   3.9736385e-02  -1.5539565e-01   1.1439747e-01   1.6266241e-01   1.2034528e-01   8.2987402e-02   1.8711760e-01   2.8307785e-02   4.0168542e-01   5.5538971e-01   7.0296090e-01  -4.8666244e-01   2.5546713e-02  -1.9502051e-01   3.0063747e-01  -3.9486674e-01   8.8528336e-02   7.4141572e-01  -1.3309090e-01   1.4805068e-01  -1.4137483e-01   6.7844850e-01   4.1437693e-01   4.2919581e-01  -3.0773263e-01  -1.1034992e-01   2.5127829e-02   1.8983548e-01   1.6817727e-01  -1.5960118e-01  -8.6354901e-02   4.3969700e-01  -9.7264209e-02  -2.6462316e-02   4.8056272e-01   3.0902057e-01  -3.3125067e-01  -1.1812204e-03   4.4557572e-01  -1.7408325e-01  -1.1222529e-01  -1.5080779e-01  -2.8832898e-01   3.2491969e-01   3.5043554e-01   2.2079657e-01   2.7319767e-01   6.1825441e-01   3.3410898e-02   3.5923030e-01  -3.4152124e-01  -4.5124444e-01  -1.7570370e-01   5.5956913e-01   6.1123123e-01   2.3129013e-01   3.6162524e-01   2.6267765e-01  -1.7302599e-01   5.1783800e-01   1.1185919e-01   2.1499813e-01  -2.6770245e-01  -2.4158474e-01   7.1594387e-02  -2.9036619e-02  -2.8626593e-01   6.6238197e-02  -1.5639805e-01  -1.5588254e-01   1.4056039e-01   3.5494215e-01  -2.6802933e-01  -1.6106961e-01  -2.8316820e-03  -2.6381885e-01  -8.2733695e-02  -5.6494806e-01  -4.0905470e-01   2.3223477e-01   2.8077947e-01   4.3741672e-01   5.8327998e-02  -9.3021332e-02   3.6084010e-01  -1.3021317e-01  -1.6875804e-01   3.3064784e-01  -4.8828864e-01   4.6811168e-01   2.6509020e-01   7.2502303e-02   5.2443704e-01   1.0003032e-01  -6.7246090e-02   1.4892460e-01   2.1647785e-01   3.4149396e-01   2.8294617e-01   4.5152987e-01   2.9691278e-01  -4.7322480e-01  -5.3937597e-01  -3.5720493e-01   4.5747654e-02  -7.8875296e-02  -8.9158992e-02   3.4293452e-01   4.0387573e-02  -3.7383620e-02  -1.8643359e-01   3.2860941e-02  -4.6144682e-01   4.4232253e-01   4.1309589e-01   1.0751343e-02   3.0140486e-01   5.3598271e-01  -6.6151170e-02   1.0566484e-01   4.4224922e-01   1.8032207e-02   2.4279574e-01  -1.5211117e-01  -1.6491669e-01  -2.5120411e-01  -2.0292286e-01  -3.6163745e-01  -5.0224562e-01  -1.0271873e-01   3.4601476e-01   5.4112802e-01   9.4481065e-02  -1.9273001e-01   3.3736420e-01  -1.3079100e-02   6.1372595e-01  -3.4762004e-01  -8.8792835e-02  -2.4975639e-01  -8.1829055e-02  -4.6791331e-02   2.5498677e-01  -4.5488656e-01  -6.5568181e-02   9.1011704e-02   9.9094481e-02  -1.6287950e-02   2.9529676e-01   2.0710462e-02   4.0900216e-02   2.3075657e-01   2.3743984e-01  -2.6954724e-01   4.3313399e-01  -1.1541943e-01  -2.8807322e-01   6.1863807e-02  -2.7475131e-02  -6.7906945e-02  -9.6290180e-02   7.3987639e-01   7.3259780e-02  -1.6150120e-01   4.2074765e-01
   1.9547311e-02   1.2974468e-03   5.3135508e-02   2.4082650e-01   1.6446100e-02   3.5509193e-02  -1.0087276e-01   8.4399714e-04  -3.5805156e-02   2.8102073e-02   1.8059298e-01   3.9736385e-02   0.0000000e+00  -3.9833887e-02   1.2992005e-01   1.2818046e-01   4.3611574e-02   2.5614786e-02   2.3981227e-01   1.2326926e-01  -2.5933173e-01   1.2650300e-01  -1.3141035e-01  -5.7883076e-03   1.9744810e-01   2.2728822e-01  -1.4215138e-02   3.9146449e-02  -1.4672358e-01   1.9782041e-02  -2.8787547e-02   1.4463590e-01   2.4802693e-02  -2.3324817e-01  -1.8092447e-01   2.0960427e-03   7.0931062e-02  -4.9054697e-02   2.1737020e-01   1.3079696e-02   2.4128614e-01   1.4006045e-01   1.6721039e-01   8.0775339e-02  -5.1556643e-02  -7.3857774e-02   1.5328722e-01  -3.5705028e-01  -2.6340578e-02  -4.8931762e-02   1.0942947e-01   1.0580260e-01  -1.3845066e-01   6.7582154e-02   4.1766978e-03   2.3306043e-01   4.4049411e-02   2.2115733e-01   1.9485973e-01   9.4011118e-02   9.8083528e-02   1.0724377e-01   4.6928018e-02  -2.0890872e-02  -3.3238013e-01  -1.1162952e-01  -1.1244995e-01  -1.1596097e-02   1.4363526e-01  -8.0226213e-03  -1.7736620e-01   7.7754404e-02   3.0841264e-01   1.6387253e-01  -5.5952829e-02   2.3362434e-01   4.3689172e-02  -5.1677152e-02   8.1919177e-02   1.1462013e-01   1.2106610e-01   4.0576253e-01  -1.1478757e-01   1.1600263e-01   6.9597731e-02   2.4332635e-01  -2.5370401e-01   1.0715871e-01   1.6402453e-01   1.5197352e-02  -6.9049979e-02   1.2018470e-01  -9.2530227e-02   1.0607104e-01  -6.1197325e-02   1.4036324e-01   8.4837832e-02   5.8328452e-02   1.3116631e-01  -1.0901274e-01  -9.2462686e-02  -8.4287735e-03   2.4199791e-01  -1.2029368e-01   2.5426466e-01   1.7852550e-01  -1.0502877e-01   9.4601377e-02  -5.6011476e-02  -1.4551582e-01  -2.6944783e-01   2.1915694e-01   2.7878702e-01  -3.8593117e-02   1.2918222e-02   1.5196357e-03   3.4698317e-02   3.2379081e-01  -1.5751912e-02   2.0350391e-01   5.6299856e-02   2.4909028e-02   1.2536916e-01  -1.6226630e-01   9.9126735e-03  -1.4397126e-01   4.1085898e-02   1.8969704e-01   4.5910826e-02  -6.0358124e-02   4.4530237e-01  -1.0574584e-01   3.3580565e-01  -7.9447946e-02   3.3233450e-01   1.4659144e-01   2.0509521e-02  -1.2785290e-01   1.4363677e-01  -1.6210686e-01  -1.0926236e-01   3.8920970e-01   1.2802831e-01  -7.4766485e-02  -3.2733446e-02  -1.6009645e-02  -1.0099460e-01  -7.8960380e-02  -2.3246638e-01  -1.3274397e-01   8.0560039e-02  -1.8766670e-03   2.5583913e-02  -1.3361877e-01   5.0887227e-02  -7.0753319e-02   3.2195112e-02   2.8831647e-01  -2.3845190e-02   2.6336503e-01  -2.4587505e-01   3.4500006e-01  -2.0365740e-01   2.4126168e-01   2.5926665e-01   2.1452927e-01   1.3795009e-01   1.8115694e-01   3.7034579e-02  -1.7920905e-01   4.3949377e-02  -1.3994407e-01   1.3146225e-01   2.7317671e-02  -2.7722848e-01   8.2573219e-02   2.2876986e-01
   3.1303906e-01  -1.4467945e-02  -2.2246330e-01  -4.9258101e-02  -1.8472838e-01  -1.3993949e-01   1.3227072e-02  -8.4278318e-02  -1.5366068e-01  -4.0472107e-01  -1.0485278e-01  -1.5539565e-01  -3.9833887e-02   0.0000000e+00   3.1795622e-01  -3.1674338e-02  -2.3037221e-01  -1.0214259e-01   1.1729854e-01  -3.9436162e-01   8.8268000e-03  -1.1958055e-01  -2.1286627e-01   4.6746877e-01   6.8269698e-02   2.0858091e-01  -2.7505277e-01   4.2473687e-01   2.3060255e-01  -1.0335295e-01   4.1388910e-01  -1.7346342e-01  -1.3883684e-01  -2.3913948e-01  -6.6656256e-02  -3.6159677e-01   1.9564073e-01   3.9900664e-02   9.4035265e-02  -3.2363982e-01   7.6151205e-02  -7.6269941e-02  -1.6703697e-01  -5.6485238e-02  -4.8260720e-02  -1.8224208e-01  -1.7478443e-01   1.0180762e-02   3.9182711e-03  -2.4110162e-01  -1.9570358e-01   6.6509886e-02   2.4877817e-02  -1.1482499e-01   5.4469525e-01   1.4045102e-01   9.4527210e-02  -2.1860045e-01  -7.5742726e-02  -2.2269862e-01  -2.4307448e-01  -2.4898534e-01  -1.7066141e-01   2.8998230e-01   6.7053283e-02  -1.3059285e-01  -2.9023537e-02  -2.0956960e-02  -2.1723017e-01  -6.4250597e-03  -9.6572140e-02  -1.0923918e-01  -1.0375210e-01   5.0253350e-02  -1.3371318e-01  -1.4575315e-02  -2.0000325e-01   5.8162545e-02  -1.9871569e-01  -4.4767541e-02   4.7866916e-01   4.6225724e-02   9.2342047e-02   7.3919846e-02   4.7289767e-01   3.4646616e-01   1.2997661e-01   2.9727032e-01   8.2052116e-02   3.4665565e-01  -1.6722353e-01  -2.8341836e-01  -4.1822638e-01  -2.4905301e-01  -7.1119146e-02  -3.1636616e-01  -1.5460218e-01  -1.6562635e-01  -1.2146121e-01  -2.8192242e-01   5.7844900e-01  -1.4054851e-01   4.5495698e-01  -1.0507612e-02  -1.0419113e-01  -1.2813603e-03   1.3412368e-01  -1.9901983e-01  -1.8053861e-01  -1.0205888e-01  -3.5487261e-01  -3.5520318e-02  -6.9706774e-02   7.9991989e-02   4.6423219e-01  -9.0066775e-02  -1.5155865e-01  -1.1350656e-01   5.9283879e-01  -1.0541738e-01   3.1559020e-02  -3.2151317e-01  -2.1997331e-03   2.4928394e-01   1.4361227e-01   3.5149068e-01   1.0464948e-01  -1.9207097e-01  -2.1907213e-01  -3.0115091e-01   7.6191768e-02  -2.5697784e-01   6.2027452e-02   2.5334227e-01  -2.6864454e-01  -1.3910089e-01  -1.8300048e-01   5.1873935e-01  -7.2630286e-03   4.0413528e-02   3.2828574e-01  -2.0781295e-01  -1.2617983e-01   1.5046578e-01   1.3228887e-01   4.6998493e-01  -3.1201068e-01  -1.0822773e-01  -2.0342085e-01   7.2687947e-02   5.5356988e-01   7.2513336e-01   7.1423756e-02  -2.5529474e-01  -3.0344238e-01   2.0348732e-01  -1.5691509e-01  -1.8347163e-01  -2.3231086e-01   3.0179363e-01  -5.0379990e-02  -2.8308515e-01  -2.2541972e-02  -1.4464005e-01  -2.7088519e-01  -1.0040623e-01  -2.1261022e-01   3.6059713e-01   2.4488638e-01  -2.6259980e-01  -1.4473181e-01  -1.1959122e-01   1.8986540e-02   7.3686468e-02   7.5103063e-02  -8.9720775e-02  -1.8804894e-01
