   0.0000000e+00  -4.2763847e-01   1.1484626e-01  -6.0832564e-02  -2.0395383e-01   2.8830248e-01  -1.1584966e-01   1.0358082e-01  -3.6836212e-01  -4.5322497e-01  -6.6519429e-02  -4.2039943e-01   1.5636273e-01   2.9681116e-01   1.5927516e-01   1.2071724e-01   2.3239180e-01  -1.6526618e-01   6.8994419e-02  -3.7181045e-01  -2.2332748e-01  -2.4839560e-01  -3.3819767e-01   6.3932356e-01  -1.9721708e-02   2.2907853e-01  -3.3381452e-01   6.9395770e-01  -2.3895704e-01  -1.7489879e-01  -1.3536516e-01  -7.8983424e-02   2.9097428e-01  -4.9097278e-01  -3.7294138e-01  -4.2649118e-01  -2.9759095e-01   3.0020852e-01   9.1909494e-02  -4.0275771e-01  -7.4393976e-02   1.9023871e-01  -3.6342356e-01  -1.1183053e-03  -4.1612196e-01   7.8582883e-01  -4.9453273e-02  -1.6195728e-01  -1.3279558e-01  -7.5961195e-02  -1.5038824e-01   2.8011781e-01  -4.3491056e-01   2.7543322e-02   4.1948865e-01   2.8749433e-01   3.5677196e-01  -1.1842653e-02   5.6766724e-02  -2.3568459e-01   3.7942870e-01  -3.0839110e-02  -2.2688354e-01   9.3103487e-02  -4.4407615e-01  -4.4340966e-01   1.4587045e-01  -1.6993789e-01   2.5931398e-01   5.6309550e-01  -5.6953193e-01  -6.7859312e-02   8.7917179e-03   6.3613330e-01  -3.7785362e-02  -9.1883943e-02   4.8797135e-01   1.6068063e-01  -3.3748066e-01  -9.0149661e-03   4.7946505e-01   7.3899359e-02  -4.1965688e-01   1.4557392e-01   3.7608505e-01   2.6464414e-01  -4.3622221e-01   6.0501798e-01  -2.5193862e-01   7.7096352e-01  -2.5404989e-01   4.2693368e-01  -2.8794235e-01  -2.6461477e-01   5.0562216e-01  -2.1811518e-01   3.3236520e-02   1.5786640e-01  -1.5410528e-01  -3.5185750e-01   7.2417982e-02  -2.1590181e-01   1.5396482e-01  -3.4191149e-01  -1.9566151e-01  -8.6016729e-03   1.9902377e-01   2.1785580e-01  -3.3811652e-01  -3.9395017e-01  -2.4624011e-01   4.3901087e-02   3.0911352e-02   8.0946320e-01   4.7246147e-01  -4.8898849e-01   1.3952798e-01   8.2898059e-02   6.0821402e-01   1.9759491e-02   6.1774045e-01  -2.4702541e-01  -3.7383260e-01  -3.6461870e-01   7.1873575e-01  -4.7987877e-01  -1.6602994e-01  -2.2064462e-01  -2.8975783e-01   3.6467741e-01   8.3191695e-02  -4.3676443e-01  -1.3890656e-01   8.3990741e-02  -1.5802747e-01   1.3181554e-01   2.9493889e-02   2.1772294e-01   3.7187548e-01   1.3524150e-01   6.4966920e-01   2.3396872e-01   2.9725721e-02   4.9649713e-01  -3.6607338e-01  -4.3467643e-01  -2.2937709e-01  -1.5256901e-01  -2.4645130e-01  -3.1108270e-01   6.3929675e-01  -4.9981105e-03   6.1064112e-01  -1.9066707e-01  -2.2196773e-01   1.2547136e-01   4.6894705e-01   1.2923085e-01   3.2965819e-01   2.7944803e-01  -7.1134675e-02  -5.0639919e-02  -3.4998988e-01  -2.0235895e-01  -1.3186543e-01  -5.6316738e-01  -1.2375991e-01   3.4462768e-01   7.1963568e-01  -3.2557101e-01  -4.7266334e-01   2.1599527e-01  -3.3628674e-01   2.4633049e-01  -7.9672358e-02  -7.9042212e-03  -1.2250205e-01
  -4.2763847e-01   0.0000000e+00   7.2269002e-03  -1.2207202e-01   2.4706034e-01  -5.6917813e-01  -1.8646362e-01  -3.6508008e-02   2.6373717e-01   4.7461361e-01  -9.6088484e-02   4.7322356e-01  -2.5321271e-01  -1.4709230e-01  -3.9851994e-01  -1.8403817e-01   7.1921210e-03  -1.2279623e-01   8.9690317e-02   3.3316713e-01  -2.1698567e-01  -8.2440819e-02   7.5928644e-02  -2.9980609e-01   2.0546305e-01  -3.2420815e-02   7.8580126e-02  -4.6165787e-01   2.0354962e-01  -3.0727011e-02  -2.7735011e-01  -2.5446767e-01  -4.6071194e-02   1.4525793e-01   2.1686963e-01   2.6111649e-01   3.3889863e-01  -2.7142927e-01  -2.4282688e-02   4.4654634e-01  -1.2628960e-01  -6.7838370e-02   3.2091621e-01  -1.4860645e-01   2.9625764e-01  -4.5286594e-01  -2.4818167e-01  -2.3762592e-01   1.2939505e-01   2.7247299e-01  -1.6719556e-01  -9.2004511e-02   5.6039390e-01   3.6158388e-02  -2.6192544e-01  -5.0233457e-01  -5.9820632e-02  -2.3830509e-01  -2.0922331e-01  -2.8823620e-02  -5.0921845e-01   2.0536767e-01   4.7449455e-01  -2.7502203e-02   6.1713607e-01   6.0559874e-01  -4.6846389e-01   5.1195590e-01  -4.3681580e-01  -5.4016263e-01   5.8474530e-01  -7.3156600e-02  -2.2264339e-01  -4.7706542e-01  -1.4953775e-01  -4.6930948e-03  -4.4418982e-01  -3.0044736e-01   6.2317351e-01   3.9895630e-02  -5.6646269e-01  -8.9504983e-02   5.2502700e-01  -4.7325468e-03  -4.2375914e-01  -4.1728943e-01   6.8487700e-01  -2.9103969e-01   5.4171438e-01  -3.2328123e-01   5.6974354e-01  -4.4817014e-01   7.5298410e-03  -1.1771469e-01  -3.6054941e-01   3.3327885e-01  -1.3768585e-02  -1.9679562e-01   1.4523068e-01   4.0965098e-01   1.2743046e-01  -2.6424779e-01  -2.9373508e-01   3.7571013e-01  -3.8116371e-02  -1.8027856e-01  -3.1235460e-01  -2.8281147e-01   2.2276665e-01   1.4545936e-01   1.7923884e-01  -2.4317500e-01  -4.4393836e-02  -3.7230659e-01  -3.4278267e-01   6.7334354e-01  -1.2050382e-01   8.7366564e-02  -6.1711724e-01  -3.1462409e-01  -3.8417884e-01   5.0632247e-01   4.0773938e-01   5.1884198e-01  -3.7851982e-01   5.0282832e-01  -2.2683780e-02   4.4989796e-01   2.4457158e-02  -4.3588763e-01  -2.1558262e-01   4.4573595e-01   5.5590557e-01   8.0007550e-02  -9.7757138e-02  -8.0223640e-02   8.3280070e-02  -3.8982141e-01  -3.5225814e-01  -7.6826243e-02  -1.8437177e-01  -5.7580627e-02  -1.6267318e-02  -6.3685071e-01   4.4399382e-02   3.1071466e-01   1.4061166e-01  -1.8116084e-01  -6.0471403e-02   5.1512962e-01  -6.1772244e-01  -1.1718080e-01  -3.7977664e-01   3.1010829e-01   3.4886900e-01  -1.6244353e-02  -1.9988110e-01  -2.7835030e-01  -3.9541511e-01  -3.1321604e-01   4.1579169e-01   7.4474873e-03   4.1171279e-01   8.7036942e-02  -1.4605166e-01   5.9149030e-01   3.2817025e-01  -4.2778745e-02  -4.6343575e-01   4.1921772e-01   7.1266791e-01  -1.6530983e-01   2.0634358e-01  -4.2664190e-01   1.3064440e-01  -1.6056013e-01  -1.2961725e-01
   1.1484626e-01   7.2269002e-03   0.0000000e+00   9.1372145e-03   4.2062311e-02   6.6835969e-02   2.4409128e-01  -1.1426012e-01   2.4376487e-02   2.4387089e-01  -5.3752734e-02   3.4514199e-01   1.7981232e-01  -2.8047427e-01   2.9303899e-01   8.1020616e-02   8.5774483e-01  -1.2275066e-01   4.8964312e-02   1.8543134e-01  -2.9303488e-01  -2.4150995e-02   3.2071756e-02  -1.9744219e-01  -1.5835807e-01  -3.3234109e-02  -5.3468390e-02  -1.1869783e-01   1.0898539e-01  -2.5987690e-02  -2.8297927e-01   9.2875290e-02  -1.3220796e-01   8.1194253e-02   3.0641432e-01  -3.5401584e-02  -1.1793799e-01  -1.1062773e-01   3.8272621e-02   4.5919012e-01   8.4359112e-02   6.3558514e-02   1.0991997e-01  -9.5744865e-02  -1.0149313e-01   6.2045933e-02  -9.2170708e-02  -2.2185688e-01  -1.4173322e-01   5.0301673e-01  -3.2485916e-02  -1.7704427e-01  -1.4245407e-01   7.7631954e-02  -2.2399447e-01   1.1466919e-01  -8.9896370e-02  -7.1073585e-02  -7.2337448e-02   2.1491438e-01   3.1682013e-01   8.6974184e-02   6.7242268e-02  -7.8319179e-02  -2.7049257e-01   1.5593723e-01  -5.5157735e-02   8.1230842e-02   5.0454480e-02   6.0569989e-01   1.2032547e-01   6.6091117e-02   1.4065410e-01   1.6715641e-01  -8.1540667e-02  -1.4351094e-01   1.9329890e-01   4.8580740e-02  -8.3375925e-02  -4.9268084e-02  -2.1330735e-02   1.5844493e-02  -3.7370212e-01  -1.4033516e-01   1.3557772e-01  -9.4417331e-02  -1.3380702e-01  -1.6980054e-01   5.0028100e-02  -5.3735477e-02  -9.4931440e-02   5.1268168e-01   1.5500469e-01  -6.4312094e-02   4.1869639e-03   3.2422427e-01  -1.1301691e-02  -2.0521472e-01  -9.7473363e-02  -2.9902825e-02   1.7185516e-01  -2.0954800e-02  -2.2122263e-01   8.7597662e-02   2.4636387e-02   4.3040875e-02  -5.2527505e-02   1.3971062e-02   8.3015074e-02  -2.7403930e-01   2.3909248e-01   7.7393288e-02   1.1170806e-01  -5.6425259e-02   2.0870466e-01  -2.2444721e-01  -2.2532029e-02  -2.9246247e-02   5.7398424e-02   1.7007350e-01  -6.6030969e-02  -3.2114200e-02   2.3899320e-01  -2.6905013e-01   4.6689295e-02   1.4548340e-01   2.0095844e-03   5.4846083e-02  -6.7774634e-02   7.1198669e-01   1.3696085e-01  -1.4860751e-01  -1.2096236e-01  -4.5795009e-02   6.0896836e-02  -1.7496474e-01  -4.2440399e-02  -1.2295423e-01  -7.5500787e-03  -3.0809534e-01  -1.1012726e-01   7.7162213e-03  -9.6732042e-02   2.8126501e-01   2.7864024e-01  -2.3231296e-01   5.2179037e-01   6.6555803e-02   1.5551203e-02  -3.0494900e-02   1.5278254e-01  -2.8163088e-01   7.6582223e-02  -1.5599355e-01   5.9135936e-01  -2.5486440e-01   9.0440444e-03   9.0907500e-02   2.1556065e-01  -1.4805574e-01   1.3398916e-01  -1.4313185e-01   1.4016500e-01  -1.2235698e-01   1.0031925e-01  -4.8572469e-02   7.5752425e-02   1.4635685e-01   3.0204089e-02  -3.2542121e-01  -5.4479630e-02  -5.5637396e-02  -1.3696828e-01   4.0973334e-01   1.2206748e-01   3.4672998e-02   1.0403213e-01
  -6.0832564e-02  -1.2207202e-01   9.1372145e-03   0.0000000e+00   1.6416532e-01   1.6089718e-01   1.0139970e-01   5.3503101e-02  -5.9733262e-02  -7.5165582e-02   3.0937807e-01   4.7953673e-02   1.7071471e-01  -8.7158273e-02   1.0642915e-01   6.2252245e-02   4.8569838e-02   4.5039875e-01  -1.2099443e-01   1.4578947e-01   4.0167958e-01   4.3017182e-01   7.2524004e-02  -2.4719634e-01   1.7045520e-02  -4.3730089e-02   1.9983116e-01  -6.9362792e-02   1.1357209e-01   2.5871449e-01   3.0785717e-01   2.3839312e-01  -3.3612876e-02  -3.3010755e-02   3.4047177e-02   2.4844975e-01  -4.5345166e-02  -1.1959534e-01   7.7545716e-02  -8.2682410e-02   3.1281857e-01  -3.0736520e-02  -3.1083603e-02   2.7738536e-01   6.7519071e-02  -2.5274091e-02   3.5282551e-01   2.9163892e-01   2.0181136e-01  -2.1448918e-01   3.7031680e-01   1.0651724e-01   8.1018745e-02  -1.3847699e-01  -8.9217993e-02   1.1726635e-01   3.2566000e-02   5.5044951e-01   2.0864097e-01   2.2133286e-01   1.6612269e-01  -1.8937209e-01  -1.0015725e-01   2.2626290e-01  -6.6610816e-04  -2.0686065e-01   1.5279147e-01  -1.5518319e-02   1.7081931e-01  -3.4292818e-02   1.6357096e-02   4.5573915e-01   1.8762631e-01   2.4088102e-02  -1.6579810e-03   1.5242030e-01  -2.6167569e-04   1.6775239e-02  -1.4286670e-01   1.7273909e-01   7.6131043e-02   5.4182380e-02   1.3965235e-01   1.1038495e-01  -3.4828263e-02   2.1050863e-01  -3.1894633e-01  -2.3964349e-01  -2.1286697e-01  -2.5223661e-01  -1.5221675e-02   1.8380685e-01   8.2573827e-03   5.1344983e-01  -1.1263832e-01  -4.5303478e-02   1.8513003e-01  -7.8752433e-02   2.8081588e-01   1.0905475e-01  -1.0396288e-01   1.6359756e-01   2.5471658e-01  -1.0974346e-01   2.9039946e-01   4.7277551e-01  -1.1864653e-02   3.7955802e-02  -3.1453000e-02   2.1798291e-01  -9.4061814e-02   3.2086132e-01   2.6165482e-01  -1.4072480e-01  -2.3639319e-01   1.1813079e-01   1.3600954e-01   2.4432464e-01   4.0685337e-02   6.4544187e-01  -2.6240062e-01  -1.0622706e-01  -2.5887498e-01   1.1586952e-01  -2.5782618e-01  -2.0847939e-01   9.5760904e-02   3.1177840e-02   3.9424902e-01   8.2872760e-03  -2.0587280e-02   2.6258107e-01  -1.3261982e-03   2.1963320e-01   4.6000155e-01   6.2801819e-02  -5.6293846e-02   1.2485251e-01   8.9360689e-02  -2.5239453e-01  -2.1450455e-01  -7.7411060e-02   2.0396123e-01   3.5503251e-02   1.2902496e-01   1.2438607e-01  -2.4511741e-02   2.2237974e-01   5.3596336e-02   1.3951691e-01  -1.4205535e-01   1.3282208e-01  -2.1818105e-01   1.4989005e-01  -2.3269229e-02  -1.5807800e-01  -2.1685621e-01  -1.6577205e-02   1.8090304e-01   1.6814856e-01  -1.4975960e-01   9.3988500e-02   1.3681886e-01   3.7492783e-01   3.3325585e-01  -1.2813266e-01   7.4476899e-02   5.6426971e-02  -1.1734925e-01   1.8699439e-01  -1.3537686e-01  -3.3488601e-01   3.2218773e-01   2.0657072e-01  -1.2158832e-01   1.5280803e-01   5.0592571e-01
  -2.0395383e-01   2.4706034e-01   4.2062311e-02   1.6416532e-01   0.0000000e+00   6.4077664e-02  -2.6757444e-01   2.6259701e-01   1.2187377e-01   2.8185241e-01   4.4214316e-01   9.7002145e-02   3.9252801e-02  -4.7547831e-01  -2.8185032e-01   2.0031051e-01   2.0687231e-01   4.3274585e-01   3.7141820e-02   8.2576073e-01  -9.2639419e-02   1.2676939e-01  -1.2332576e-01  -3.3523558e-01  -2.2822848e-01   3.8962124e-02   3.2558486e-01  -1.4317412e-01  -5.2651829e-03   1.8642696e-01  -7.4029183e-02   2.9881498e-01   5.2818483e-02  -1.2884150e-01  -1.5185498e-01   7.6583014e-01   1.1973658e-01  -3.2816744e-01   1.6431785e-01   2.6466224e-01   3.0708227e-01  -6.0201042e-02   2.4617851e-01   8.3924078e-02   2.8407030e-01  -1.9147120e-01   5.6944294e-01  -1.9621439e-01   2.5419483e-01   3.0730309e-02   3.3269730e-01   3.3768909e-01   1.6766439e-01  -1.1286203e-01  -2.1438190e-01  -1.1955811e-01   2.6977244e-01   2.1203196e-01   3.8623512e-01   1.1716831e-01   1.1388503e-01   1.7269033e-01   1.7072817e-01  -8.7279430e-02   2.1206951e-01   2.7603458e-01   2.0596316e-01   6.6719621e-02   1.6212727e-01  -1.6105378e-01   5.1934601e-02   1.5680653e-01   9.3288283e-02  -2.9763539e-01  -2.8758572e-01   2.8455604e-01  -7.4781815e-02   8.5679448e-02   6.2403361e-01   1.3424266e-01  -1.7197226e-01   2.3515288e-01   2.9870264e-02  -8.1385143e-03  -4.0333699e-01   1.6367244e-01  -1.6329795e-01  -2.2555762e-01   3.0615588e-01  -3.2152628e-01   6.0705485e-01  -3.3435848e-03  -5.0056020e-02  -6.1260249e-02  -1.7833036e-01   5.7305918e-01   9.5314810e-02   1.1033374e-02   5.8469743e-01  -1.3608833e-01  -2.1098243e-01   9.2739885e-02   9.3423810e-02   7.0456293e-02   4.3065757e-01   2.4269965e-01  -1.3783712e-01   2.6478264e-01  -8.0067388e-02   3.3418240e-01  -1.3768374e-01   1.2995306e-01   2.0599429e-01  -2.7988245e-01  -4.6516607e-01   4.0185898e-01   4.3025435e-02   3.2421168e-01  -1.4605837e-01   7.4843650e-02  -3.2080688e-01   6.3863832e-01   3.2790237e-02   2.2308309e-01  -2.2426526e-01  -1.6157500e-01  -1.6788427e-01   2.9909648e-01   2.7246261e-01  -1.1831323e-01   1.7039544e-01   5.0627237e-01  -6.7030716e-02  -1.3706145e-01  -1.4710521e-01   3.7300347e-01   1.5287802e-01  -3.3883248e-01   2.5269737e-01  -2.1106216e-01  -3.4727700e-01   1.9847673e-01   2.5356503e-01  -2.7085203e-01  -1.7930954e-01   2.6013940e-01  -8.1013718e-02   3.8923088e-01   3.3819765e-01   8.3517102e-02  -3.5960047e-01   2.0272429e-01  -1.2775135e-01   3.3820002e-01   2.3469422e-01  -2.5108876e-01  -1.0546243e-01   1.5683626e-01   9.3174385e-02   6.0159895e-02   3.9616909e-02   3.0018220e-01   4.3737461e-01   3.4474650e-01   3.6989834e-01   1.9510566e-01   4.1520427e-01   2.0982116e-01  -2.8952446e-01   4.0863499e-01   2.8143227e-01  -3.8137269e-01   4.5059013e-01  -2.6625671e-01   1.5848020e-02   1.4906322e-01   9.7072839e-02
   2.8830248e-01  -5.6917813e-01   6.6835969e-02   1.6089718e-01   6.4077664e-02   0.0000000e+00   2.5175595e-01   2.6490834e-01  -3.3531603e-01  -2.2398332e-01   8.0868811e-02  -1.6990713e-01   2.1643908e-01  -9.5691293e-03   3.1987833e-01   2.9240498e-01   1.1021598e-01   9.4880951e-02   3.4462480e-02  -1.3443621e-02   1.5660569e-01  -1.5361282e-02   7.1791351e-02   7.5742758e-02  -3.8239941e-01   2.2443905e-01   1.8571072e-01   5.2300766e-01  -3.8337582e-02   1.9163847e-02   1.6724545e-01   4.0040328e-01   2.1390800e-01   2.5706292e-02  -1.7255993e-01   1.0986983e-01  -3.7795120e-01  -1.6256605e-01   1.7102037e-01  -1.3678364e-01   3.9331585e-02   1.0270331e-01  -1.6367694e-01   1.3959609e-01  -2.9312250e-01   1.7002400e-01   3.7924298e-01   1.7495323e-01  -2.5133205e-01  -1.8989054e-01   1.7553551e-01   2.9911819e-01  -2.6230213e-01   1.5527462e-01   1.0649402e-01   4.3832037e-01   4.0515951e-01   2.9881585e-01   3.0036765e-01   1.4210026e-02   4.0356319e-01  -3.5729965e-01  -3.3615892e-01   9.9180042e-02  -5.2759740e-01  -3.1588940e-01   7.3492671e-01  -3.4338765e-01   5.2281525e-01   4.9353250e-01  -2.6622361e-01   1.0912652e-01   9.1596010e-02   3.5610611e-01  -8.0844529e-02   4.1420325e-03   3.0303428e-01   1.6509732e-01  -3.2277718e-01   1.9746857e-01   5.1870626e-01   9.1359540e-02  -3.9550171e-01   1.2065506e-01   2.9853387e-01   5.1465957e-01  -6.0373791e-01   1.7538080e-01  -3.8733304e-01   5.7053255e-02  -3.1446981e-01   3.6692519e-01   1.1653536e-01  -3.6716030e-02   8.3875431e-02  -9.4203837e-02  -6.9577968e-02   1.8278948e-01   3.0988118e-02  -1.1730714e-01  -2.7856450e-02   3.1922444e-01   2.0386079e-01  -3.3784287e-01   1.1194541e-01   2.8500754e-01   1.8006824e-01   4.9507433e-01  -3.3336950e-01  -4.8529126e-02  -7.5107417e-02   3.1443875e-01  -1.8625316e-02   8.1860530e-02   3.6588116e-01  -4.2153071e-01   2.5122489e-01  -2.5136254e-01   5.4664637e-01   2.9925363e-01   1.0357093e-01  -3.0159493e-01  -2.8775793e-01  -3.3959166e-01   1.2045054e-01  -4.6262339e-01  -1.3001610e-02  -1.3609220e-01   2.7729507e-02   4.3274700e-01   1.1422633e-01  -2.6143890e-01  -4.4456083e-01   4.6507732e-03  -2.6642722e-02   2.9439522e-01   1.3818798e-01   3.8001584e-01   5.1849885e-01  -2.1738183e-01   1.8832490e-03   1.2586300e-01   3.4741659e-02   4.7819136e-01   9.0632247e-02  -2.7655283e-01   1.6510249e-01   2.7149453e-01   2.5068768e-01  -3.9808202e-01   4.8844983e-01   2.5192190e-01   2.2153302e-01  -7.0780260e-02  -6.0330503e-02  -1.9277422e-01   2.2524919e-01   1.2240890e-01   2.7531278e-01   3.9043755e-01  -2.6038030e-01   4.9729724e-02  -1.7519944e-01  -3.2251682e-03   3.6732725e-01  -4.2987269e-01  -1.4780641e-01   4.4096897e-01   2.3088209e-01  -2.2838470e-01  -4.6708828e-01  -1.8049854e-01  -2.4262840e-01   3.0989450e-01  -1.8354220e-01   3.2089558e-01   1.2358183e-01
  -1.1584966e-01  -1.8646362e-01   2.4409128e-01   1.0139970e-01  -2.6757444e-01   2.5175595e-01   0.0000000e+00  -2.9214868e-01  -1.3367040e-01   9.3343026e-02  -1.3770241e-02   5.1157723e-01  -3.2243434e-02   1.3658630e-02   5.6822524e-01   1.1330081e-01   3.6709155e-02   1.1566209e-02  -2.4473510e-01  -9.2255693e-02   2.2443644e-01  -7.0359131e-02   7.5351037e-01  -2.2011809e-01  -1.6952960e-01  -9.4365210e-02   2.0069873e-01   2.0317901e-02   8.0101873e-02   1.4597210e-01   1.8696994e-01   9.3558754e-02  -3.0991000e-01   5.8005017e-01   3.4631626e-01  -5.2630330e-02   2.0147205e-02  -1.9191844e-02  -1.3907965e-01   5.3731367e-02  -2.1879831e-01  -1.2061258e-01  -1.6453513e-01  -6.1813250e-02  -1.4219074e-02  -1.1510776e-01  -1.7198296e-02   5.1148840e-01  -1.8978923e-01   3.5891744e-02   3.2388629e-01  -3.0870765e-01   1.4300463e-02  -7.3521622e-02  -1.7118882e-01   3.6622536e-01  -3.2545252e-01  -3.4026098e-02  -9.1839527e-02   2.0085551e-01  -4.7554341e-04  -9.4260166e-02  -3.7381280e-01   2.0531237e-01  -3.4224619e-01   1.3083725e-02   1.5669208e-01  -2.1267069e-01  -3.6494285e-02   3.3181353e-01   1.7428450e-01   2.8575317e-01  -2.1836212e-02   1.8511811e-01  -8.3291885e-02  -3.0554519e-01  -1.3768627e-01  -2.1013683e-02  -4.7594955e-01  -2.7018140e-01   2.9006968e-01  -2.2406437e-01  -1.2499996e-01  -1.9347896e-01   2.6893289e-01   9.3705795e-02  -5.8750723e-02  -1.7758905e-01  -4.4595287e-01  -2.2474469e-01  -6.4503535e-01   6.8721998e-02   4.9047391e-01   8.4570919e-02  -2.6505440e-01  -1.2017588e-01  -3.6219365e-01  -3.5656366e-01  -3.2045036e-01   4.5064859e-01   2.1419393e-01   4.0455555e-01  -1.1323025e-01  -2.7491729e-02  -2.6539248e-02  -4.1788038e-02  -1.9033135e-01  -2.2552693e-01   3.4033034e-01  -1.2287065e-01   4.8890567e-01   9.7059915e-02  -2.8471877e-01  -2.5699297e-01   3.9484358e-01  -3.8001573e-01   3.9264136e-03  -1.0958624e-01   2.0302694e-01   2.7610776e-01  -3.5472391e-01  -5.0940156e-01  -1.0288775e-01  -8.3032381e-02  -1.8117046e-01   1.9134974e-01   3.6866244e-01  -4.2663915e-01  -2.5280009e-01   3.2972005e-01  -1.2329581e-01  -1.0547602e-01  -2.6909693e-01   2.5401802e-01  -4.5861039e-02  -3.2494650e-01  -3.6903377e-01   4.2843903e-01  -1.5041383e-01  -2.9731814e-01  -1.6971241e-01  -1.9430030e-01  -2.3445187e-01   3.8254879e-01   7.2021815e-01  -1.8511251e-01   5.9188497e-01  -4.7668634e-02   8.6176893e-02  -6.1320943e-02   2.3441704e-01  -2.1694303e-01  -2.1367494e-01  -2.0905001e-01   1.6444556e-01  -1.6803792e-01  -3.0365769e-01  -6.4237060e-02  -1.7769412e-01   6.4736388e-02  -2.3527901e-01  -1.7359452e-01  -2.2844783e-01  -1.4776474e-01  -5.9585329e-02  -1.4675096e-02  -8.1263650e-02   5.1714777e-02  -1.4636171e-01  -2.7941689e-01  -2.7164758e-01  -1.9529404e-01  -2.5670529e-01   4.7906301e-01  -2.1237902e-01  -2.3298674e-01  -8.2637874e-02
   1.0358082e-01  -3.6508008e-02  -1.1426012e-01   5.3503101e-02   2.6259701e-01   2.6490834e-01  -2.9214868e-01   0.0000000e+00   2.3420195e-01  -1.2990941e-01   2.5759245e-01  -2.5912432e-01   1.7384906e-01  -2.6920967e-01  -3.4517687e-01   1.7068676e-02  -5.2785412e-02   2.2884221e-01   4.3470785e-01   4.4523099e-02  -9.6004778e-02   3.4926713e-01  -2.0398737e-01  -1.6515978e-02  -1.3468340e-01   2.2039200e-01   3.7785150e-01   9.1231819e-02   1.9237292e-01   9.0838746e-02  -1.7103525e-01   1.3559967e-01   1.2310419e-01  -2.4025087e-01  -4.5579514e-04   1.8971331e-01  -2.7970836e-01  -2.7409837e-01  -4.7464542e-03   5.1183801e-02   2.6039427e-01  -1.4830485e-01   4.5723670e-01   2.4985971e-01   1.2909449e-01   2.0328902e-02   3.7573764e-01  -1.9801580e-01  -2.2889006e-01  -2.7728364e-01  -1.0749644e-02   7.0004968e-01  -7.8994055e-02  -2.7103543e-02  -2.2793368e-01  -3.1895172e-01   4.4212001e-01   4.2192153e-01   3.2372743e-01   2.0818150e-01  -1.8686232e-02  -4.2356232e-01   4.2394851e-01  -3.5763609e-02   8.8540588e-02  -5.6197698e-02   2.4250434e-01   3.2504642e-01   3.7625231e-01   4.9124158e-02  -1.3701369e-01   2.6010189e-01   1.1841017e-02  -2.1691431e-01  -1.2931748e-01   3.3712262e-01   1.1837953e-01  -4.1841012e-02   3.5039576e-01   4.2084811e-01  -1.1733055e-01   8.5096560e-02  -1.4861324e-01   4.9756009e-01  -3.9859504e-01   2.7085553e-01  -1.1672736e-01  -1.8828407e-01   7.5222914e-02  -4.9444962e-03   2.0634564e-01  -3.3908779e-02  -1.7078436e-01   2.8658597e-01  -2.0038860e-02   8.9903183e-02   5.3036033e-01   3.6520695e-01   3.4255967e-01  -1.0248952e-01  -3.8385898e-01   1.0179720e-01   9.0617243e-02   1.6352206e-01   3.8335698e-01   3.8601027e-01  -2.3638482e-01   5.7331828e-01  -5.7064668e-01   2.6069406e-01  -3.6625118e-01   2.6037415e-01   4.2184025e-01   2.5259774e-02  -2.2940603e-01   3.0374062e-02   5.3165974e-02  -1.0676224e-01  -1.2797099e-01   1.3218349e-01  -5.2141801e-02   2.7287400e-01   2.1707626e-01   1.4927491e-01   6.5506210e-02  -2.0931601e-01  -2.2402827e-01   3.8478328e-01   5.3165193e-01  -9.9205485e-02   6.6201345e-02   8.5187662e-02  -1.7596981e-02  -9.0434201e-03   3.0976467e-01   6.1248325e-01   2.4233228e-01  -2.1057932e-01   6.3218962e-01   3.4888491e-02  -4.6050644e-02  -1.1822450e-02   5.3848131e-01  -2.5341070e-01  -1.5931655e-01   2.3593738e-01  -2.3563363e-01   3.3568372e-01   3.1056014e-01  -5.7281265e-02  -2.1036382e-01   4.4308153e-01  -2.0124295e-01   5.7599902e-02  -8.9055698e-02   4.3506038e-02   1.4148496e-01  -1.7162377e-01  -3.5385991e-02   1.4057274e-01   3.2846806e-01   2.3246779e-01  -6.9235551e-02   4.1028626e-01   4.6843440e-01  -2.2635208e-01   9.5253170e-02   2.6618563e-01  -1.3630035e-01   6.0249953e-03   1.2357450e-02  -2.0725262e-01   2.3200870e-01  -1.4631293e-01  -1.8812088e-01   1.1899161e-01   2.7880663e-01
  -3.6836212e-01   2.6373717e-01   2.4376487e-02  -5.9733262e-02   1.2187377e-01  -3.3531603e-01  -1.3367040e-01   2.3420195e-01   0.0000000e+00  -1.1622452e-01   4.3307091e-01   4.6879936e-02  -1.8924171e-01  -3.3545534e-01  -3.5709583e-01  -4.3451808e-01   3.6236413e-02   2.2392785e-01  -4.1158774e-02   8.9391718e-02  -1.8251482e-01   5.3967077e-01   6.0659346e-02  -3.4998899e-01   9.7639190e-02  -1.0791521e-01   2.1761512e-01  -3.1186934e-01   2.7557942e-01   5.2650243e-01  -2.1344313e-01  -7.9407106e-02  -2.8423902e-01   2.0252998e-02   4.9563523e-01   8.5914111e-02   5.1472802e-02  -1.2323818e-01  -2.7525074e-01  -3.5374991e-02   1.9996784e-01  -2.0539099e-01   7.3781379e-01   1.7300870e-01   6.9091086e-01  -2.4105858e-01   6.7258952e-02  -3.3492478e-02  -1.4922721e-01  -1.6211643e-01   1.9760994e-01   9.2780091e-02   3.9558355e-03  -3.1939238e-01  -4.4855126e-01  -3.4643629e-01  -6.5412776e-02   8.3921407e-02   5.8196166e-02   5.6718864e-01  -1.6692463e-01  -8.1357567e-02   6.5359100e-01  -2.0538647e-01   5.0134564e-01   1.1244271e-01  -1.8673673e-01   3.2863923e-01  -1.8044467e-02  -1.6187018e-01  -3.3904382e-02   3.5535922e-01   1.5183937e-01  -2.8428594e-01  -1.8360203e-01   2.4367804e-01  -1.5036312e-01  -3.5796464e-02   5.4340267e-01   8.7347850e-02  -3.0499202e-01   2.6239114e-02  -1.3482376e-01   8.2906859e-02  -4.8459802e-01  -7.0019528e-02   3.1901365e-01  -4.3808632e-01   3.9433874e-01  -2.8993473e-01   1.3416174e-01  -1.7581495e-01  -1.4848078e-01   3.2473666e-01  -1.1463244e-01  -3.3919362e-02   3.9339970e-01  -3.7225376e-02   1.9524280e-01  -1.1452053e-01  -5.6143540e-01   1.8995261e-01   6.6161442e-02   8.0956126e-01   4.3199848e-01  -2.1058123e-01  -3.9632130e-01   4.0676905e-02  -9.4369545e-02   2.4070901e-01  -2.0449920e-01   2.4016331e-01   4.3457369e-01  -3.1109938e-01  -5.5715496e-01   7.9311562e-02  -1.1891489e-01   2.2292460e-01  -3.8763317e-01  -2.0993279e-02  -2.9854748e-01   3.9478460e-01   5.3990145e-01   4.0582461e-01  -7.2613266e-02   3.2454347e-01  -1.9018691e-01   2.3751985e-01   5.7184431e-01  -2.1828561e-01  -8.7218446e-02   4.1621953e-01   7.1239310e-02  -1.7013446e-01   5.0447905e-01   1.1297471e-01   3.0748907e-02  -4.2020011e-01  -3.3702462e-02  -1.5654491e-01  -2.4849775e-01  -2.3663568e-01   4.0957332e-01  -3.6135745e-01   8.9114105e-02   6.4009220e-01  -2.1308206e-01   2.4022164e-01   2.1000661e-01   1.6442305e-02  -5.1396807e-01   4.0724553e-02  -4.4457110e-01   2.9870861e-02  -9.6871998e-03  -3.6897036e-02  -1.5599286e-01  -2.7820341e-02  -1.2703047e-01  -1.4619397e-02   4.5884991e-01   2.8666993e-01  -1.3594414e-01   5.3138488e-01   1.0815853e-01   1.1479283e-01   3.9751389e-01  -8.6049112e-03  -4.0871131e-01  -5.3327986e-02   2.9203657e-01  -1.5204077e-01   6.0913523e-01   2.3295556e-02   1.6481029e-02  -2.6026182e-01   2.3208214e-01
  -4.5322497e-01   4.7461361e-01   2.4387089e-01  -7.5165582e-02   2.8185241e-01  -2.2398332e-01   9.3343026e-02  -1.2990941e-01  -1.1622452e-01   0.0000000e+00  -2.4335772e-01   6.2218682e-01   2.2175463e-02  -2.5021769e-01  -7.3385921e-02   2.5955686e-01   1.6886478e-01  -2.3436901e-01   2.1320894e-01   4.9645450e-01  -1.0330835e-01  -3.4825134e-01   2.8983674e-01  -3.6698508e-01  -1.5471212e-01  -1.0584267e-01   8.0606032e-02  -5.1765090e-01  -2.7975143e-02  -2.5118563e-01  -1.9294767e-01   1.4999735e-01   2.6339749e-03   4.6624075e-01   8.8394538e-02   3.9096293e-01   2.5998940e-01  -2.3854596e-01   2.1226126e-01   6.6008877e-01   2.5159039e-02   1.4282767e-01   3.2618572e-02  -1.3854500e-01  -2.0286342e-02  -5.3069493e-01  -2.4191122e-02  -2.1702600e-01   2.4301819e-02   4.4474930e-01  -1.4506410e-01  -2.9788718e-01   3.5143015e-01   2.4820528e-01  -2.4108947e-01  -3.7929649e-02  -1.4880972e-01  -3.2217261e-01   4.1010720e-02  -2.9747318e-01  -2.1036647e-01   2.5393302e-01   1.2223233e-01  -1.7140659e-01   9.8561834e-02   7.3908669e-01  -1.8852567e-01   1.5088424e-01  -3.4480497e-01  -2.5228126e-01   5.5968974e-01  -2.8524412e-01  -3.9070708e-02  -4.5559164e-01  -1.2038046e-01   1.2860826e-02  -2.5154376e-01  -3.5626634e-02   2.3208378e-01  -6.2577029e-02  -3.7822695e-01  -4.9401732e-02   3.4797531e-01  -1.5233811e-01  -1.3721341e-01  -4.1602960e-01   2.4176716e-01  -2.8959643e-01   1.7137555e-01  -4.1980996e-01   3.7176924e-01  -4.9703777e-02   4.8604341e-01  -1.9317855e-01  -2.9310772e-01   6.0575653e-01  -3.1310638e-01  -4.0871414e-02  -5.2054982e-02   3.7975947e-01   2.5466757e-01   2.1544235e-02  -4.4178417e-01  -7.4597205e-02  -1.8010574e-01   1.7678548e-01  -4.6495713e-02  -2.6435763e-01   3.5984957e-01   6.6524230e-02   5.7855224e-01  -4.1363574e-01  -1.4203164e-01  -4.9654459e-01  -5.3833782e-02   3.8397003e-01   1.8700900e-02   9.7465150e-02  -4.1540087e-01  -1.3835569e-01  -2.9618806e-01   3.2080863e-01   2.3912627e-01  -7.5144908e-02  -4.5025434e-01   4.7434971e-01   3.8227913e-02   1.2262604e-01  -1.7571043e-01  -5.3095724e-02  -5.4720908e-02   8.2324383e-02   1.2262414e-01  -1.6850499e-01  -2.6190786e-01  -7.5111696e-02   4.4899851e-02  -3.0041095e-01  -3.5875620e-01  -6.2850865e-02  -3.3917858e-01  -9.1482380e-02  -1.7310474e-01  -2.2786193e-01   2.3713294e-01  -7.3913869e-02   5.5916745e-01  -9.4943456e-02   7.1745574e-02   2.1911561e-01  -2.7831634e-01  -1.4073666e-01  -1.6078332e-01   2.4203501e-01   5.5269036e-01  -3.2525293e-02  -1.1852082e-01  -8.1105664e-02  -1.6744942e-01  -4.4034932e-01  -3.0130709e-02   5.7723225e-02   5.7058842e-01  -2.4802852e-01  -2.3928574e-02   5.8092015e-01   1.9682187e-01  -1.8704623e-01  -2.9411277e-01   3.5889619e-01   5.8467880e-01  -5.2971794e-02  -1.8108676e-01  -1.8376615e-01   1.4639883e-01   7.6585859e-02  -1.4176895e-01
  -6.6519429e-02  -9.6088484e-02  -5.3752734e-02   3.0937807e-01   4.4214316e-01   8.0868811e-02  -1.3770241e-02   2.5759245e-01   4.3307091e-01  -2.4335772e-01   0.0000000e+00  -1.0447322e-01   5.0949716e-02  -2.9459093e-01  -1.0964972e-01  -3.4762351e-03   1.3783553e-01   6.5405695e-01  -1.2120891e-01   2.1914866e-01  -2.3012214e-02   3.7128929e-01  -1.8713923e-02  -2.7944829e-01  -8.5261828e-02   9.4309878e-02   3.0974714e-01   6.4688479e-02   2.7953357e-01   5.1736386e-01   1.2317074e-02   2.7190005e-01  -8.6334789e-02  -1.0675304e-01   7.3405344e-02   4.2513906e-01  -1.5630392e-01  -2.4105473e-01   8.4160037e-02  -2.8750218e-01   4.4127368e-01  -1.1294132e-01   3.9217361e-01   4.7029598e-01   6.0887429e-01  -2.4205021e-02   7.2983803e-01   9.2566848e-02  -7.4826848e-02  -4.0228332e-01   5.9130285e-01   3.4355725e-01  -1.5174974e-01  -1.4326761e-01  -1.8092415e-01   1.0896245e-01   1.8238225e-01   3.3392304e-01   4.7468444e-01   4.7103280e-01   3.4316952e-01  -1.4315218e-01   2.3617303e-01  -6.0232636e-02   2.2187363e-01  -5.1450027e-02   1.4531144e-01   3.8369258e-02   5.5125638e-01   4.2489877e-02  -3.6420634e-01   4.9923595e-01   2.4038600e-01   2.6412515e-02  -1.4400608e-01   2.9235598e-01   1.7430769e-01   3.0380642e-01   3.7873905e-01   1.3679202e-01   1.1409350e-01   2.1693634e-01  -1.7026853e-01   2.8553090e-02  -2.9981621e-01   4.4370524e-01  -1.8204679e-01  -1.0900923e-01   7.2251830e-02  -2.5310773e-01   1.0749823e-01   1.9190480e-01  -8.7911103e-02   2.4023789e-01  -4.0163147e-02  -5.4451910e-02   2.6488400e-01   2.0600504e-02   4.0037700e-01  -2.4756332e-01  -4.3112253e-01   5.2665106e-01   2.7068085e-01   4.6406097e-01   7.1056920e-01   1.9214323e-01  -2.4999570e-01   3.1092105e-01  -2.7109010e-01   3.4774166e-01  -2.6632537e-01   3.9010736e-01   3.5808330e-01  -1.8037930e-01  -4.5863405e-01   2.4519745e-03   1.4219762e-01   3.5336542e-01   2.7174864e-02   2.7245989e-01  -2.5173352e-01   3.5047029e-01   4.8823165e-02   3.1615233e-01  -8.4049657e-02  -5.1273764e-02  -3.7387228e-02   5.7629369e-02   5.0000895e-01  -3.2893402e-03   3.2089786e-02   5.3524411e-01  -1.7599166e-02   2.5592372e-02   3.4248079e-01   3.3450501e-01   1.4052347e-01  -2.0016524e-01   3.4222512e-01  -3.7556266e-01  -2.1777672e-01  -1.8781066e-02   5.5624727e-01   3.0405939e-02   5.0138928e-02   5.2085871e-01  -3.2551096e-01   4.9475468e-01   4.1706847e-01  -1.3264365e-01  -2.3053566e-01   1.7747678e-01  -1.3811218e-01   1.8232027e-01  -2.6074275e-03  -3.1288915e-01   1.5502150e-02   2.2874318e-01   3.3619096e-01   2.8380471e-01   1.1783296e-01   5.3496408e-01  -3.0152349e-02   6.5229060e-01   3.4117363e-01  -1.9912592e-01   5.5143207e-01   2.6763263e-01  -1.5807357e-01   1.2020182e-01  -8.5058137e-02  -3.8674929e-01   6.4567717e-01   2.5063865e-01  -1.2445514e-01  -3.7841743e-02   2.0866249e-01
  -4.2039943e-01   4.7322356e-01   3.4514199e-01   4.7953673e-02   9.7002145e-02  -1.6990713e-01   5.1157723e-01  -2.5912432e-01   4.6879936e-02   6.2218682e-01  -1.0447322e-01   0.0000000e+00  -4.2534841e-02  -2.0491250e-01   2.2909524e-01   6.3876340e-02   1.6342214e-01  -1.1082853e-01   3.7962575e-02   3.8787147e-01  -1.4736673e-02  -2.5715177e-01   5.5823582e-01  -4.4635141e-01  -1.9614366e-01  -4.7311118e-02   1.1753510e-01  -4.6276247e-01   2.9141951e-01  -1.5558389e-01  -1.4061075e-01   2.9069611e-02  -3.1246593e-01   6.5648256e-01   4.9700141e-01   3.0030605e-01   5.7833280e-02  -1.9103086e-01  -2.1174686e-02   5.7581055e-01  -2.3690286e-01   5.7845240e-02   1.3022588e-01  -1.8159711e-01   1.1893310e-01  -4.6502933e-01  -1.0164566e-01   4.9090835e-02  -9.1240749e-02   3.4874213e-01   6.2013343e-02  -4.0999672e-01   4.0867481e-01   1.2002383e-01  -3.1806806e-01  -7.8785321e-02  -2.7451888e-01  -2.8732660e-01  -1.2607728e-01   4.6307698e-02  -1.9257927e-01   7.2767248e-02   6.3296403e-02   4.1246127e-02   2.8546801e-02   5.4570385e-01  -1.4261819e-01   8.1702026e-02  -3.7996027e-01  -1.0219255e-01   6.3610892e-01   2.3776869e-02  -2.4809609e-02  -2.7012281e-01  -1.6824887e-01  -1.5752100e-01  -3.0277690e-01  -2.0850278e-01   5.9070736e-02  -9.5425591e-02  -3.0527277e-01  -9.4872078e-02   2.6279416e-01  -1.2291010e-01  -3.6320462e-02  -3.6234116e-01   3.6700869e-01  -3.7486259e-01   8.9152919e-02  -4.8117617e-01   9.6203243e-02  -7.4889824e-02   5.7134341e-01  -9.5150329e-02  -4.0152174e-01   3.8206445e-01  -3.1466531e-01  -3.0996414e-01  -8.6869617e-02   5.3214926e-01   3.1956236e-01   1.3357631e-01  -4.8043912e-01   1.3591650e-01  -7.8515839e-02  -4.2541284e-02  -2.1015155e-01  -4.1366345e-01   3.2965077e-01  -5.4362734e-02   7.3153283e-01  -2.2738622e-01  -1.2120220e-01  -4.9286269e-01   1.2814523e-02   2.3130731e-01  -5.9771346e-02  -4.9686551e-02  -3.3056748e-01  -8.3967269e-02  -5.1438419e-01   5.3372894e-02   2.5246466e-01   1.8228410e-01  -5.0414687e-01   5.5857194e-01   2.4318039e-01   4.9645973e-02  -2.2718541e-01   5.0656182e-02  -1.4882419e-01   2.2906918e-01   2.4248922e-01   1.5224917e-01  -1.3264301e-01  -2.1843050e-01  -2.3856325e-02  -1.1264215e-01  -4.1299018e-01  -2.5348482e-01  -2.7839568e-01  -1.9382841e-01  -2.8981273e-01  -1.2619103e-01   5.5155638e-01  -4.6013911e-02   7.4635161e-01  -2.3191146e-01   5.6222661e-02   2.5000499e-01  -2.3671270e-01  -3.3751386e-01  -2.9821574e-01   1.2528602e-01   6.3031962e-01  -8.1230693e-02  -3.4198743e-01  -1.5277340e-01  -2.3952801e-01  -3.7666542e-01   6.8131046e-02  -1.2263519e-01   2.3910539e-01  -1.5456942e-01  -1.2128833e-01   5.6144558e-01   2.4095515e-01  -7.6088180e-02  -3.6959519e-01   3.8238059e-02   4.8039307e-01  -1.9941107e-01  -1.2094382e-01   2.7068804e-02   3.9269886e-02  -1.0309868e-01  -1.7356943e-01
   1.5636273e-01  -2.5321271e-01   1.7981232e-01   1.7071471e-01   3.9252801e-02   2.1643908e-01  -3.2243434e-02   1.7384906e-01  -1.8924171e-01   2.2175463e-02   5.0949716e-02  -4.2534841e-02   0.0000000e+00  -1.2536666e-01   1.5882730e-01   1.2558206e-01   1.8336346e-01   7.0490025e-02   2.1407288e-01   7.1507969e-03  -2.0025295e-02   3.6885120e-03  -2.2767653e-02   3.0742811e-02  -2.3348078e-01  -2.7938976e-02   3.1282843e-02   3.4627248e-02  -1.2837236e-01  -2.2473094e-01  -7.1595173e-02   1.2597244e-01   6.0964290e-02   9.4598209e-02  -1.8761451e-02   1.2059147e-01  -1.5208459e-01   2.3852608e-02   2.8199757e-01   1.2739871e-01   4.7354458e-01   4.2380638e-03  -3.9956570e-02   2.1349696e-01  -9.7201882e-02   1.3852273e-01   2.0283615e-01  -2.1659321e-01   7.6846433e-02  -2.3307174e-01   1.4863777e-01   4.7859736e-02  -6.5773719e-02   1.7816332e-01  -8.0942811e-02   2.1081166e-01   1.0293514e-01   3.7356818e-02   3.6017143e-01  -9.2225753e-02   3.3533907e-01  -9.8955613e-02  -3.9994314e-02   1.1354454e-02  -2.4116028e-01   7.9373506e-03   2.0520735e-01   8.7436728e-02   4.2696298e-01   1.7587120e-01  -8.0718324e-02   1.5983808e-01   4.7562018e-01  -8.9168761e-02   2.2345645e-01  -1.2554659e-02   3.1157439e-01   4.7323491e-02  -1.8694639e-01   2.0202449e-01   3.5142207e-02   3.2768581e-01  -1.0986509e-01  -2.3390968e-02   2.0253991e-02   1.6075104e-01  -2.4102829e-01  -6.3186217e-03  -2.1576057e-01   7.5506254e-03  -1.0942330e-01   3.7084185e-01   1.2157051e-01   8.7693835e-02   3.3102963e-01   7.0546950e-02   1.8243543e-01   1.8358853e-01   3.7861672e-02  -9.7706325e-02   2.4559356e-03   1.3451445e-01  -3.6059261e-02  -2.9265124e-01   1.0795969e-01   2.9433499e-01   2.8637539e-02   1.8167038e-01   2.6477753e-02   9.6833791e-02   8.0045932e-02  -9.9065338e-05   1.6973491e-01   1.1958816e-01   1.6533560e-01  -6.9963913e-02   3.2242555e-01   1.2304196e-02   1.2982173e-02   3.1447236e-01   1.5392879e-01  -8.0354035e-02   2.7792805e-03  -3.4814865e-01   3.9047159e-02  -1.7543770e-01   1.3943554e-01   3.5030275e-02   1.9889917e-01   2.8336897e-01   3.7102409e-01  -1.0385207e-01  -2.3200235e-01   8.1870037e-02   1.3947434e-01   4.1472021e-02   9.2222740e-02  -2.9627917e-03   2.2468584e-01   1.5080436e-01   7.8788649e-02   3.6380534e-01   1.0000804e-01   1.8893211e-01   5.1728273e-02  -3.2288039e-01   1.7582550e-01   2.2304687e-01   2.4573984e-01  -3.9508970e-02   1.3243900e-01   2.4362436e-01   2.4138154e-01   2.1869896e-02   1.6552575e-01   2.3506377e-02   1.6797608e-01   1.7201165e-01   2.9217159e-01   1.0680741e-02  -4.4389945e-02  -1.7400461e-02   1.2579380e-01  -2.7908352e-02   1.5034161e-01  -1.2077275e-01  -1.3723675e-01  -1.1206093e-01   1.7586380e-01  -1.2750000e-01  -2.0447592e-02   1.0666638e-01  -4.2355535e-02   2.1719055e-01  -1.6953977e-02   2.4765245e-01   5.9992954e-02
   2.9681116e-01  -1.4709230e-01  -2.8047427e-01  -8.7158273e-02  -4.7547831e-01  -9.5691293e-03   1.3658630e-02  -2.6920967e-01  -3.3545534e-01  -2.5021769e-01  -2.9459093e-01  -2.0491250e-01  -1.2536666e-01   0.0000000e+00   1.9779866e-01   6.7978778e-03  -1.6506879e-01  -3.4858889e-01  -7.5893103e-02  -5.0176072e-01   4.8150292e-02  -2.9502027e-01  -1.1345941e-01   4.2459616e-01   2.7666360e-01   1.6254047e-01  -2.4778605e-01   4.0992496e-01  -1.9583171e-01  -2.1673561e-01   2.1229419e-01  -1.2798466e-01   5.7363530e-03  -1.4022592e-01  -1.2034189e-01  -5.3116013e-01  -2.3712660e-01   2.1966637e-01   4.9874365e-02  -3.8972912e-01  -3.6222246e-01   3.5116489e-02  -3.5956423e-01   1.5500740e-01  -3.5888379e-01   1.7088282e-01  -3.8015851e-01   1.7575779e-01  -4.9169625e-02  -2.0817847e-02  -2.7468334e-01  -8.9208568e-02  -1.5727563e-01   1.7197892e-01   6.1224089e-01   3.6440239e-01  -4.5285683e-02  -1.6481986e-01  -1.8700286e-01  -3.0460498e-01  -1.1413933e-01  -7.9009253e-02  -2.0618808e-01   1.4896948e-01  -2.5971075e-01  -3.2634659e-01  -1.2555927e-02  -1.1444378e-02  -8.4225253e-02  -3.9199099e-02  -1.8083333e-01  -2.7718307e-01  -2.4198029e-01   4.4360993e-01   5.3075487e-02  -3.0916620e-01   1.8643748e-02   1.4131405e-01  -3.9429393e-01  -2.0765996e-01   4.9441418e-01  -2.1628857e-01   1.7655899e-01   1.3110797e-01   5.2800240e-01   8.2059972e-02   9.8868564e-02   6.3875418e-01  -2.1008033e-01   3.3478556e-01  -2.6143916e-01   7.8535222e-03  -5.4538291e-02  -1.3047222e-01   9.6517243e-02  -2.2635938e-01  -2.4294847e-01   5.5029657e-06  -4.1395432e-01  -1.0286889e-01   3.3758183e-01  -2.1821271e-01   2.0697286e-01  -2.4721201e-01  -4.3916867e-01  -6.1400631e-02   4.0250378e-01  -2.0427386e-01  -1.2922054e-01  -3.4884203e-01   6.1671616e-02  -7.8885957e-02  -3.2671068e-01   2.9309749e-01   4.4869698e-01  -2.2907735e-01   3.0838493e-01  -1.4711070e-01   4.6478529e-01  -2.0055014e-01   2.7388927e-01  -3.3057708e-01  -2.2902749e-01  -1.0997920e-01   1.2056731e-01   6.2601994e-02   2.8666452e-02  -2.1052386e-01  -3.8388962e-01  -3.1309424e-02  -1.6173378e-01  -3.8415578e-01   3.1861743e-01   2.3108222e-01  -4.8731852e-02  -2.7744110e-01  -1.3510898e-01   5.2866264e-01  -1.2878379e-01   1.2796535e-01   3.5806028e-01  -3.1992776e-02  -1.5986859e-01   3.6926395e-01  -1.2312806e-01  -2.2654356e-01  -8.6934210e-02  -3.5866278e-01  -3.4733633e-01  -1.4160916e-01   4.3909477e-01   1.7946785e-01   2.3126390e-01   1.6167056e-02  -1.8190874e-01   1.5572266e-01   6.3306447e-02  -1.6785363e-01  -6.0004189e-02   2.4821224e-01  -2.9902107e-02   8.6989153e-03  -3.3344057e-01  -3.3117978e-01  -2.0330059e-01  -2.1265566e-01  -2.3174489e-01   3.9225238e-02   2.1083773e-01  -6.1302164e-02  -2.4223554e-01   1.5118208e-01  -4.8521809e-01   1.1341174e-01   2.2986783e-02  -6.5721870e-02  -1.6719145e-01
