   0.0000000e+00  -4.5371263e-01  -3.6807771e-01  -2.5116970e-01  -4.7153029e-01  -2.1116317e-01  -8.9977373e-02  -5.1217777e-02  -3.6624464e-01  -2.8298182e-01  -1.6263402e-01  -5.0195425e-01  -9.0889044e-02   2.8920200e-01   1.9041218e-01  -2.0035900e-01  -5.5531807e-01  -3.7384528e-01  -1.8288628e-03  -4.8871372e-01   9.1878637e-03  -3.7048759e-01   3.1137538e-01   7.2186937e-01   7.2614535e-02   6.0174732e-02  -6.6502602e-01   5.3524962e-01  -1.6287409e-01  -3.2365178e-01  -9.9444714e-02  -6.8238791e-02  -4.2715241e-04  -1.6095119e-01  -3.0519306e-01  -3.8245843e-01  -2.6188064e-01   6.8766473e-01  -3.1985175e-01  -6.3070085e-01  -2.9343482e-01  -6.7432429e-02  -4.9101679e-01  -7.3324683e-02  -5.0446991e-01   5.0026459e-01  -4.3873158e-01  -3.5921893e-01  -1.9068010e-01  -4.3534282e-01   6.9514277e-02   1.4474140e-01  -3.5247735e-01  -1.0114371e-02   1.0104493e-01  -2.0106699e-02  -7.5347550e-03  -4.2368594e-01  -1.1222718e-01  -4.3215655e-01   2.9325701e-01  -3.2077025e-01  -1.4190410e-01   9.6830602e-02  -5.3132593e-01  -1.8599493e-01  -3.8377853e-01   4.7210652e-02  -4.0622668e-01   4.6932607e-01  -4.5252831e-01  -4.0856767e-01  -2.6789129e-01  -1.8864088e-01  -1.6491564e-01  -2.7375241e-01   4.2739007e-01  -1.2727309e-01  -4.7836609e-01  -3.7769792e-02   2.9555654e-01  -2.6920207e-01  -6.4352871e-02   2.3159797e-02   1.4996903e-01  -2.6585911e-01  -3.8352809e-02   2.7300386e-01  -1.2475760e-02   8.2541450e-01  -5.9419312e-01   1.1650344e-01  -3.4019058e-01  -3.0724152e-01   6.6761001e-01  -4.1719641e-01  -3.0394496e-01  -2.9198381e-02  -6.2016668e-01   3.4405284e-02  -2.6433482e-01   1.5358376e-01   3.5204171e-02  -4.2481117e-01  -2.4601047e-01  -3.7073968e-01  -6.4993790e-02  -2.0907035e-01  -3.1917717e-02  -1.5856659e-01  -5.8518192e-02  -2.9350003e-01  -1.3236288e-01   8.4381564e-01   8.3843019e-03  -5.1941250e-01  -1.5057757e-01  -1.3477139e-02   5.5557576e-01  -2.4582056e-01   5.6323977e-01  -5.3403025e-01  -1.6719663e-01  -5.3411993e-01   7.2857939e-01  -4.4003648e-01  -2.4065179e-01   1.0665895e-01  -3.8048463e-01   2.8015340e-01  -7.7481666e-02  -4.6519244e-01   9.1938931e-02  -4.9120550e-02  -3.3926061e-01  -1.9105332e-01  -1.1229829e-01   5.4682243e-02  -1.1969316e-01   7.7442713e-01   6.6117023e-01   1.6287080e-02  -1.2182589e-01   2.4110477e-02  -4.0008441e-02  -4.4931309e-01  -4.2463899e-01  -3.5929053e-01  -3.7436611e-01  -1.3538538e-01   4.4738773e-01   1.9364900e-01   1.5748643e-01  -1.8251107e-01  -5.8023695e-01   8.3186802e-01   6.6308142e-01  -5.4769600e-02   1.4922986e-01  -3.4404759e-02  -1.3104042e-01  -2.8567556e-01  -3.7134798e-01  -4.9599653e-01  -4.8535130e-01  -4.4040487e-01  -2.1933231e-01   2.7385425e-01   1.5554283e-01  -4.7150300e-01  -3.9809265e-01   7.0810012e-01  -4.3458180e-01  -1.8904093e-01  -1.4517998e-01  -3.0185051e-01  -3.2135533e-01
  -4.5371263e-01   0.0000000e+00   4.0354621e-01   3.6528331e-01   5.4489151e-01   2.8245500e-01   4.6634111e-01  -8.5607549e-02   7.4443279e-01   3.7431488e-01   2.4148781e-01   7.6626905e-01   1.7074924e-01  -3.4184300e-01  -1.0299611e-01   1.6362199e-01   5.0398329e-01   4.5653790e-01  -2.2836746e-01   6.2521887e-01  -4.7117372e-02   4.2578371e-01  -1.5086486e-01  -6.2127315e-01   1.0561500e-01  -6.5331877e-03   6.9884616e-01  -3.7754969e-01   3.4828975e-01   5.5544399e-01   1.9496585e-02  -2.4807594e-02   1.8770729e-01   2.0588103e-01   3.5252511e-01   3.4685552e-01   2.6666616e-01  -2.6030649e-01   9.7258379e-02   6.1402045e-01   1.9694040e-01   2.9687247e-01   5.8322920e-01  -1.1734059e-01   4.4392556e-01  -1.0232957e-01   5.0685807e-01   2.1307208e-01   1.3287113e-01   5.9141537e-01   1.8349036e-01  -2.6873060e-01   2.6646795e-01   1.7979342e-01  -1.8546752e-01  -1.2382780e-01  -2.2365159e-02   5.4494099e-01   3.4209659e-01   6.3355633e-01   2.6741876e-02   2.7171906e-01   6.9865857e-01  -1.2241363e-01   4.9058971e-01   4.0892503e-01   4.5156158e-01   2.3424766e-01   3.0890161e-01  -2.4806087e-01   4.8402805e-01   3.3363043e-01   1.8024255e-01   1.4885393e-01   1.7059648e-01   3.3259546e-01  -4.9912924e-02   9.4317353e-02   2.9090464e-01   1.3750685e-01  -2.6904407e-01  -1.1004904e-02  -2.4170926e-01  -4.5372335e-01  -1.4204618e-01   1.7034621e-01   3.2132508e-01  -4.3552503e-01   4.2360328e-01  -4.4043356e-01   4.2698641e-01   1.7421943e-01   3.0148209e-01   5.4848448e-01  -2.4175407e-01   4.7322909e-01   4.0068956e-01  -1.4354615e-01   5.4246958e-01   1.4586109e-01   2.1827109e-02   8.0640695e-02  -2.3426530e-01   7.3877497e-01   3.9109010e-01   4.6636292e-01   1.1873946e-01   1.5805514e-01   1.3391970e-01  -3.0120310e-02  -6.4392991e-02   4.2737047e-01   3.6430095e-01  -3.9201580e-01  -2.8299676e-01   3.7275926e-01   7.9108360e-02  -8.7553508e-02  -4.0470634e-01   3.6229472e-01  -1.6020588e-01   6.0016952e-01   3.2733949e-01   6.2844419e-01  -2.5836469e-01   2.8814701e-01   5.2541549e-01   1.1888856e-01   5.0679595e-01  -3.9914379e-01   4.6417061e-02   3.9723121e-01   1.5253604e-01  -3.7894450e-02   3.0900080e-01   2.4406071e-01   3.7846501e-01  -3.3495319e-01   2.0241909e-01  -4.4404327e-01  -4.6231753e-01   5.4296053e-02   2.1146676e-01  -8.9875751e-02   1.9061220e-01   6.2433318e-01   4.2947399e-01   4.6318586e-01   2.8307909e-01   3.4039648e-02  -2.9247146e-01  -5.6321664e-01  -1.0520414e-01   2.0115067e-01   5.3695508e-01  -4.6283142e-01  -2.2615111e-01   3.4668586e-01   2.5838929e-02  -1.7600747e-01   3.5415097e-01   1.6164232e-01   3.1716704e-01   5.5344344e-01   5.5832242e-01   3.2067987e-01   2.8306397e-01  -2.8308893e-01  -3.6865276e-02   2.4349225e-01   3.8071800e-01  -4.4659688e-01   5.8740540e-01   1.7722586e-01   1.5379331e-01   1.8203451e-01   6.6183559e-01
  -3.6807771e-01   4.0354621e-01   0.0000000e+00   2.4103486e-01   1.0270721e-01   4.8728816e-01   1.3745595e-01   1.5920442e-02   1.0215423e-01   1.1234028e-01   4.9793464e-02   6.2301371e-01   9.7107297e-02  -6.7145740e-02   8.3424999e-02   1.0188726e-01   8.3585800e-01   5.6367456e-02  -1.6346752e-01   2.6615180e-01  -2.6322727e-01   1.3926535e-01  -2.7895432e-01  -2.7000286e-01   1.9127219e-01  -1.4752966e-01   3.6698207e-01  -7.9519487e-02   3.6992074e-02   1.8621020e-01   1.9060400e-02  -5.6985357e-02   2.0880043e-01   5.6685552e-02  -1.5083762e-02   4.8305250e-02  -2.7607669e-01  -1.1898356e-02   1.0271810e-01   4.4031239e-01   1.7551115e-01   2.0632410e-01   4.7097291e-01  -1.1889876e-02   1.2071381e-01   2.9064304e-01   2.0120698e-01   7.8486438e-02  -6.0064609e-02   4.9643097e-01   1.8492471e-01  -3.6663448e-01  -8.1490494e-02  -7.6168206e-04  -1.0261680e-02  -1.4191077e-01   3.4617842e-01   2.6943649e-01   8.3500062e-02   1.7511997e-01   4.1698525e-01  -2.0014246e-02   2.5340348e-01   1.0455499e-01   3.0897453e-03  -5.8292490e-02   5.2944565e-01   6.1270647e-02   3.0468277e-01   3.2223861e-01   7.4364628e-02   1.8990103e-01   1.3011841e-01   5.0396468e-01   2.6122141e-01   1.2826852e-01   2.9819921e-01  -1.1757620e-01   5.8678688e-02   9.9786182e-02  -1.8007423e-01   1.4529411e-01   1.3880741e-01  -1.3998220e-01   3.9128158e-01  -2.6196386e-02  -2.3129720e-01  -5.8591251e-03  -4.9453338e-02  -1.8506540e-01   1.2062966e-01   6.0153315e-01   1.8870059e-01   2.5481568e-01   5.0435125e-02   2.8496342e-01   3.0645884e-01   4.6756952e-03   3.4422101e-01  -2.4697710e-01   2.4643573e-01   1.7860388e-01  -1.2910298e-01   2.6871026e-01  -1.4611492e-01   1.9310236e-01   1.2183244e-01  -1.7486142e-03  -2.9140020e-01  -2.6670270e-02   2.8439203e-01   9.6245829e-03   2.6619698e-01  -1.3306666e-01   1.3057166e-01  -7.6909925e-02   3.2882572e-02   7.3320577e-02   4.0819260e-02   1.7712758e-01   1.1856407e-01   1.9395131e-01   1.4419273e-01   1.3698183e-01  -5.9962127e-02   3.1074312e-01   1.3614969e-01  -2.6338525e-02   6.2356878e-02   2.0485131e-01   1.3638339e-01  -1.2989081e-01   1.4476306e-01  -7.0744283e-02   2.7265305e-01   3.1183474e-02   2.4046324e-01  -1.2050047e-01  -2.3085311e-01  -1.6927374e-01  -1.2456123e-01   2.1968793e-02  -1.0193076e-02   4.4660309e-01   1.7984880e-02   9.5503925e-02   2.9118313e-01  -1.9072572e-01   1.7322104e-02  -3.2373730e-01   2.8834418e-01  -2.1224506e-01   3.3596890e-01  -1.7197568e-02   7.1530352e-01  -2.1327334e-01   3.3995731e-02   1.5566780e-02   3.7521859e-01  -2.4236011e-01   3.8900749e-01   7.9185057e-02  -1.6421238e-01   1.0502249e-01   2.0660238e-01   1.1885921e-01   8.4614690e-02  -1.6304856e-01   2.8024199e-01  -3.9323196e-02  -2.3313132e-02  -1.4384946e-01   2.3097255e-02   6.8214415e-01   3.9370897e-01   1.6218698e-01   2.8972965e-01
  -2.5116970e-01   3.6528331e-01   2.4103486e-01   0.0000000e+00   1.1698364e-01   3.4738186e-01   3.3532845e-03   1.7972568e-01   4.2800115e-01   7.1581559e-02   2.6663648e-01   3.9342780e-01   2.0078578e-01   1.0777514e-01   1.1502270e-01   4.3652240e-01   2.7832090e-01   2.4065979e-01  -3.0591004e-01   1.2207738e-01  -8.5728037e-02   7.3157955e-01   5.8578300e-03  -2.2144514e-01   3.2760884e-01   1.0489447e-01   2.6896074e-01  -2.6043069e-01   1.5977434e-01   5.9328505e-01   2.3177359e-01   2.5825821e-01   5.0988350e-01  -1.7454822e-01   2.1527640e-01  -3.4033762e-02   1.3304801e-01  -3.5050252e-01   5.2133707e-01   1.9878235e-01   5.8303557e-01   6.0506401e-01   4.4581735e-01   1.3735622e-01   4.4166009e-01  -1.8144654e-01   2.2737149e-01   1.5114325e-01   1.8788935e-01   4.1975650e-01   1.0308315e-01   8.7032097e-02  -1.1879886e-01   3.6680148e-01   5.0206894e-01   1.3418517e-01   1.7015195e-01   5.2430671e-01   5.1540759e-01   4.9959002e-01   1.4550352e-01   4.5911208e-01   2.2546148e-01   7.3848867e-02   4.3237432e-01  -1.5618697e-01   3.0545488e-01  -2.3393173e-01   3.4645348e-01  -3.8497713e-02  -2.2846670e-02   6.3422559e-01   3.1340923e-01   3.8626081e-01   6.0064783e-01   2.0807551e-01  -1.1665097e-01  -1.1057854e-01  -8.1073687e-02   6.1818689e-01  -8.9529157e-04   5.0736834e-01   1.7663374e-02   7.3744461e-02   1.8417517e-01   2.7066424e-01  -2.5894882e-03   2.3610293e-01   1.7605139e-01  -3.2160526e-01   2.0972577e-01   3.7755163e-01  -6.9574203e-02   5.2948619e-01  -2.4703326e-01  -3.9094377e-03   5.9370201e-01  -1.3514000e-01   5.2990475e-01   7.7037915e-02   1.2512718e-02   1.2402149e-01   3.0066494e-01   3.9779204e-01   4.4855268e-01   6.2910134e-01   4.4081850e-01   2.5721212e-02   6.6704811e-02  -1.0599782e-01  -7.8255866e-02   4.9499114e-01   7.0043370e-01  -3.4390092e-01  -9.1549924e-02   6.1682853e-02   1.1928880e-02   2.2252561e-01  -3.5278995e-01   7.7602883e-01   1.9615823e-01   1.4111883e-01   4.0565713e-01   2.5235050e-01  -3.3279690e-01   5.2808164e-01   2.6196432e-01   5.4790546e-01   5.7169842e-01  -1.1972680e-01   2.8259689e-01  -3.0128630e-02   4.7805845e-01  -5.1986046e-02   6.0864347e-01   2.9822744e-01   6.5712588e-01  -2.1524421e-01   1.5186799e-01  -2.7164168e-01   8.6194886e-03   8.6239437e-02   1.1006113e-01  -8.8895626e-02   1.7083428e-01   2.8244770e-01  -1.1295672e-01  -7.7818010e-02  -4.8635197e-02   4.2193795e-02   6.3363448e-02   5.5193474e-02   4.1114235e-01  -2.3041257e-01   1.3639827e-01  -3.1272792e-01   8.8739557e-03   5.0071580e-01   2.7990036e-01   3.3715187e-01   3.8203683e-01   2.0086609e-01   1.5033205e-01   6.0315038e-01   6.1136590e-01   2.1314248e-02   2.2391773e-02   1.4890140e-01   4.5350308e-01  -5.8574498e-02   5.7340323e-02  -3.5916803e-01   5.7400657e-01   6.9033737e-02   3.3511789e-01   3.2420396e-01   6.5922963e-01
  -4.7153029e-01   5.4489151e-01   1.0270721e-01   1.1698364e-01   0.0000000e+00   1.3817563e-01   7.6737311e-02  -9.4810812e-02   6.7978392e-01   5.2580197e-01   3.1685104e-01   3.1007151e-01   3.5554984e-01  -6.4777720e-01  -4.7925750e-01   2.7327650e-01   4.3220803e-01   4.8804706e-01   4.6365530e-02   9.3133886e-01  -1.4704248e-01   3.4334318e-01  -4.0897362e-01  -5.8573297e-01   1.1195329e-01   3.2725408e-02   7.9973533e-01  -5.0164530e-01   1.6832505e-01   2.4831676e-01  -3.0570165e-01  -8.1314906e-03  -9.1467615e-02   1.9915993e-01   3.8322045e-01   7.5164691e-01   5.2714376e-01  -2.8037448e-01   1.0621161e-01   7.3918901e-01   2.2849964e-01   3.8550095e-02   3.4516296e-01   3.1391705e-02   3.3065966e-01  -4.1319370e-01   7.4199519e-01  -1.0748738e-01   1.2473840e-02   5.0143592e-01   5.2996422e-02  -1.3678713e-01   4.2701339e-01   4.8530846e-02  -3.4529698e-01   1.0245621e-01  -2.4575939e-01   4.6986690e-01   2.7046289e-01   3.8352357e-01  -9.2732815e-02   2.8416457e-01   5.1700024e-01  -4.7189434e-01   3.8665412e-01   5.5539059e-01   2.9677694e-01   1.7039236e-01   4.0889432e-01  -6.1537708e-01   6.6285363e-01   3.0225033e-01   8.0399549e-02  -7.0085940e-02  -8.0481754e-02   1.8713612e-01  -2.7316525e-01   2.7668313e-01   8.1319674e-01  -1.8662991e-02  -4.7436019e-01  -6.1135948e-02  -3.2235525e-01  -3.3544731e-01  -4.8746810e-01   2.2332988e-01   2.7933826e-01  -6.0147955e-01   5.6032506e-01  -4.9464307e-01   6.8085916e-01  -4.3983615e-02   5.2756920e-01   4.8625604e-01  -3.3433254e-01   7.9140793e-01   2.6654200e-01   7.0037188e-02   5.6237587e-01   1.8091515e-01  -1.3587953e-01  -1.5528584e-01  -2.2918610e-01   5.0193557e-01   3.9105927e-01   3.2216357e-01  -6.9634034e-02   3.1237103e-01   2.3095853e-01   1.1996250e-01  -1.1572459e-01   3.0588917e-01   1.5315982e-01  -4.2757734e-01  -3.5823399e-01   6.7524839e-01   1.6855437e-01  -1.0830857e-02  -5.5188947e-01   1.9425894e-01  -4.9522429e-01   8.5463653e-01   1.5687176e-01   4.5407487e-01  -3.1615180e-01  -4.0514952e-02   1.5362867e-01   5.1885595e-03   5.3969823e-01  -6.5320064e-01   1.6263700e-01   7.1959376e-01  -2.4004983e-01  -3.3611036e-01   2.3925872e-01   2.3469895e-01   1.1402414e-01  -3.9949403e-01   2.9366036e-01  -3.7484672e-01  -6.2848275e-01   2.2640909e-01   3.0935818e-01  -4.6020137e-01  -1.5763967e-01   4.4503698e-01   4.9892500e-01   7.0854109e-01   5.1018077e-01   8.6153009e-02  -5.9366013e-01  -6.1757057e-01  -4.4806559e-01   4.9511397e-01   5.6264433e-01  -4.0589220e-01  -4.9125818e-01   3.0104558e-01  -1.5196444e-01  -1.4481857e-01   6.7575497e-02   2.7639366e-01   5.4676007e-01   5.3077325e-01   5.6006251e-01   5.4956967e-01   3.7916820e-01  -8.7020405e-02  -4.3793338e-01   6.3539929e-01   6.7644490e-01  -4.1940375e-01   4.4226656e-01  -6.6714295e-02  -4.1158832e-02   2.0188784e-02   5.3175417e-01
  -2.1116317e-01   2.8245500e-01   4.8728816e-01   3.4738186e-01   1.3817563e-01   0.0000000e+00   4.4456786e-01   4.1136750e-01   6.8676619e-02  -1.4857093e-01   5.4844568e-01   4.4816515e-01  -5.0946418e-02  -2.7561425e-01   3.4787119e-01  -2.7377618e-02   3.6274131e-01   3.8250444e-01  -1.4664040e-01   2.4730440e-01   2.7494938e-01   3.6397373e-01   1.6540723e-01  -3.2494606e-01   9.9995507e-02   3.6829525e-01   1.9126908e-01  -1.0688122e-01   2.3011984e-01   5.4514168e-01   8.1389126e-02   3.4664568e-01  -5.6938962e-03  -2.5018847e-01  -3.3347452e-01   1.7737135e-01  -2.6510823e-01   4.0763839e-02  -1.2957331e-01   3.7274878e-02   7.4021020e-02   1.9436973e-01   1.2988898e-01   3.5540768e-01  -1.0129513e-01   3.0407411e-01   5.1507321e-01   2.9810059e-01   1.5365943e-01   1.2453286e-01   4.0046200e-01   6.0629223e-02  -2.6118423e-01  -2.8060607e-01  -1.3901955e-02   3.0563034e-01   7.9702995e-01   5.0936403e-01   4.8902479e-01   2.7786140e-01   2.0399091e-01  -1.2267957e-01   9.9532795e-02   5.1989910e-02  -8.2836851e-02   1.1114628e-01   8.6694522e-01   2.7067989e-01   7.1150082e-01   3.3984625e-01  -2.6512274e-01   2.0279766e-01   7.0707898e-02   4.1186148e-01   2.6655095e-02   4.8047657e-01   5.2008226e-02   1.5514675e-01  -2.2301065e-03   3.1284996e-02   1.0916231e-01  -8.7998130e-02   2.3122268e-01   1.9459064e-01   5.1304009e-01   4.0452050e-01  -4.4942953e-01   7.9916847e-02  -6.4551741e-02  -1.1506581e-01   2.1490524e-03   3.0125777e-01  -4.0316229e-02   2.4013487e-01   4.7199439e-02   2.1149130e-01   7.6280307e-02   1.7483783e-01   1.5756812e-01  -3.7723457e-01  -1.2061943e-01   5.2813660e-01   3.8351907e-01   1.4113205e-01   2.9951353e-01   4.8019453e-01  -1.1790050e-01   5.0491370e-01  -1.6740530e-01   2.7859351e-01   1.6978216e-01   5.1198948e-01   1.1442376e-01  -6.4495276e-02  -6.6478643e-03  -1.1225171e-01   2.7467571e-01  -1.8701803e-01   5.9757117e-02   3.4486386e-01   4.6915553e-02   2.1640743e-01  -2.4477603e-01   9.4285461e-02   6.5887526e-02   4.2878218e-01   4.2074731e-01  -1.2162571e-01   4.5961429e-01   2.2681968e-01  -4.1431745e-02  -6.0335648e-03   1.9803171e-01  -1.7017834e-01   2.3580217e-01   4.7788743e-01   1.9167159e-01  -1.5323848e-01   3.4650073e-01  -1.4695651e-01  -7.0176908e-02  -2.4550020e-01   3.7715932e-01   3.7615736e-01   2.1401723e-01   2.6333174e-01  -6.9552346e-02  -4.4065240e-02   2.6068415e-01  -3.3577289e-01   3.1414289e-01   5.6547132e-02   1.0494131e-01   9.7928216e-02   3.5841490e-01  -1.6309031e-01   2.5190109e-02   3.8396713e-01  -1.0007778e-02   3.4489833e-01   2.8364432e-01   3.9011757e-01  -6.5649378e-02   3.4782174e-01   3.7243818e-01   8.5583380e-02   4.0821742e-01   2.9202728e-01   6.2906103e-02  -2.4305987e-01   3.4068469e-02  -1.8929035e-01   9.3579330e-02   6.9643579e-01   1.5329322e-01  -1.9836900e-01   4.6457746e-01
  -8.9977373e-02   4.6634111e-01   1.3745595e-01   3.3532845e-03   7.6737311e-02   4.4456786e-01   0.0000000e+00   1.9316762e-01   2.8303193e-01   1.9294568e-01   3.1474338e-01   4.9235826e-01  -1.5754527e-01  -1.8987186e-01   4.1509081e-01  -1.8254082e-01   1.7049947e-02   4.6810856e-01  -9.5206940e-02   2.0480685e-01   4.4129052e-01  -1.2951015e-02   4.0956232e-01  -4.0504695e-01  -1.2138090e-01   2.0456804e-01   2.4941674e-01   1.3520005e-01   1.0129472e-01   3.4697584e-01   1.8305513e-01   1.3519632e-01  -1.4595961e-01   3.9648698e-01   3.4844805e-02   3.0767926e-01  -1.1954287e-01  -6.9426274e-02  -2.6691145e-01   1.6164300e-02  -1.5389882e-01   1.2708681e-02   1.3609740e-01   9.1600880e-02  -6.7463179e-03   1.6363398e-01   2.9769229e-01   5.4725167e-01   1.1563658e-01  -7.6196856e-02   4.6976255e-01  -6.4721531e-02   1.9145737e-01  -2.7789994e-01  -1.5941785e-01   6.1123631e-02   2.1704980e-01   1.3905437e-01   2.5355211e-01   2.9551769e-01  -1.7043325e-01  -2.0741099e-01   2.0874670e-01   1.0660225e-01  -3.2563914e-02   5.9979272e-01   5.0189039e-01   4.8703436e-01   2.9377162e-01   1.1310501e-01  -3.2064951e-02  -5.0493025e-03   1.2237289e-01  -3.0810171e-02  -2.5014499e-01   4.6850049e-01  -1.2698650e-01   2.8070231e-01  -2.4626211e-02  -1.6653142e-01   4.3455061e-01  -1.2380288e-01   1.7825218e-01  -1.2663314e-02   8.0852665e-02   2.2856435e-01  -1.1161288e-01  -1.7409327e-01  -9.6222528e-02  -8.4692300e-02   3.0445760e-02  -1.7150347e-01   1.8048816e-01   2.9403313e-01  -8.4403205e-02   1.4368922e-01  -5.7660588e-02  -7.0708122e-03  -1.9852315e-02   1.1862555e-01  -7.0027515e-02   3.6259758e-01   8.6832681e-02   1.8371148e-01   2.7380309e-01   1.6951354e-01  -2.1515932e-01   3.1876030e-01   5.5719998e-02   2.6264356e-01   3.5319635e-01   2.3240327e-01  -4.7953890e-02  -3.8725511e-02   7.0799983e-02  -2.3602861e-02   2.1444112e-02  -1.7612596e-01   1.0240498e-01   1.5429648e-02  -2.1608945e-01   2.9503276e-01  -2.3962279e-01   2.1625159e-01   2.0933663e-02   3.1400459e-01   6.5891878e-01  -2.3513697e-01   1.1156798e-01   8.0179242e-02  -1.4745504e-01   3.0313175e-01   5.5208145e-02   2.1025574e-01  -4.3509934e-03   2.3105497e-01   3.0517432e-02   1.6279543e-01   2.3139960e-01  -1.7897107e-01  -1.9637724e-01  -2.7846628e-01   3.2952905e-01   3.7775393e-01   5.5857646e-01   4.5884291e-01   2.5611647e-01   3.0633691e-01   3.1491886e-01   2.5209600e-02   7.1873163e-03  -2.9706552e-02  -2.3457703e-01   2.2207587e-01   1.9152204e-01  -1.9146945e-01  -1.6979584e-01   1.6952932e-01  -4.4592424e-01   1.3631549e-01   2.3368084e-01   1.7718918e-01   2.2199811e-01   1.5341727e-01  -4.3756090e-05   2.5916025e-01   4.9093893e-01  -1.4838177e-01  -1.6487174e-01  -1.7221173e-01   2.9877200e-01  -2.6693354e-01   1.1825761e-01   2.8852934e-01  -4.0576434e-02  -2.4326284e-01   1.4635643e-01
  -5.1217777e-02  -8.5607549e-02   1.5920442e-02   1.7972568e-01  -9.4810812e-02   4.1136750e-01   1.9316762e-01   0.0000000e+00  -9.2580480e-02  -1.7161273e-01   4.9554479e-01   2.9127279e-02   7.2100857e-03  -8.1230759e-02   2.6118916e-01  -8.1275359e-02  -1.2594415e-01   1.7249074e-01  -3.0539914e-02  -8.6569398e-02   2.5565787e-01   2.1484766e-01   1.4019992e-01   2.8777164e-02  -1.4842349e-01   3.1147225e-01  -1.4757786e-01   5.8983688e-02   1.1084605e-01   1.8592472e-01   1.1377512e-01   2.6912934e-01   1.5311851e-01  -2.2436702e-01  -2.9634284e-01  -2.3402422e-02  -2.4871478e-01  -1.8240591e-01   8.9617094e-02  -2.4281071e-01   9.8826563e-02   2.3419522e-01  -1.6745109e-01   6.9969531e-01  -1.1198310e-01  -1.8180956e-02   1.7187443e-01   2.8807102e-01   3.1813951e-02  -3.2030120e-01   3.0595749e-02   3.8452304e-01  -1.6847295e-01  -9.8992686e-02   1.2698035e-02   3.4913938e-01   4.2339940e-01   1.0361202e-01   3.8233014e-01  -5.4532655e-02  -1.7423188e-01  -7.5424008e-02  -2.5584530e-01   3.2164005e-01  -9.8675368e-02   4.6692551e-03   2.6810145e-01   1.3557273e-01   2.6098361e-01   1.3506568e-01  -2.5891586e-01   1.1813609e-01   2.6489928e-01   2.4566634e-01   8.8043507e-02   4.7519369e-01  -1.9142336e-01   2.5886170e-02  -1.3389177e-01   7.2492641e-02   1.5951515e-01   1.0318683e-01   2.8591676e-01   5.2647845e-01   3.0762967e-01   4.9703943e-01  -3.3562437e-01   3.2603389e-01  -2.7015477e-01  -6.7385894e-02  -1.0200360e-02  -5.5212656e-02   8.4363207e-02  -2.0519702e-01  -1.3207823e-01  -1.5422848e-01  -4.7594246e-02   8.4037581e-02  -3.3314672e-02  -3.5161629e-01  -2.0755677e-01   4.0591683e-01   3.5113676e-01  -1.5393126e-01   1.3935392e-01   2.7245472e-01  -2.0440222e-01   4.0216530e-01  -3.9287302e-02   4.8457372e-01   2.9513065e-01   1.8247047e-01  -1.9631675e-01  -8.4572778e-02   1.0134812e-01  -7.6535900e-03   4.1178620e-02  -1.9343842e-02   6.0331081e-02   9.5661531e-02   5.4599658e-02  -4.8127534e-02  -3.0652195e-01  -1.7724222e-01  -9.9420789e-02   3.4347706e-01   1.1029441e-01  -8.1699940e-02   1.7294377e-01   5.3418330e-02   2.6794793e-02  -1.0095278e-01   2.8639113e-01  -6.8807557e-02   7.0973897e-02   5.0076276e-01   1.3364499e-01   4.0094979e-02   3.9462765e-01  -9.3028299e-02   1.1172401e-01  -2.4193533e-01   1.4337623e-01   1.0599795e-01   1.6176022e-01   9.4682130e-02  -1.9080093e-01  -7.6169561e-02   2.6499252e-01  -1.2071325e-01   1.6256745e-01   4.1313641e-01   1.4507721e-01   1.1271975e-01  -7.5916343e-02  -9.6840651e-02   2.2243078e-02   2.2356236e-01  -1.4155101e-01   4.3163580e-01   5.9621436e-02   3.5583101e-01  -5.4911421e-02   8.1995305e-02   6.9369324e-02   1.8743048e-02   2.4498156e-01   1.6085186e-01   8.8073130e-02  -1.0540451e-01  -7.8190911e-02  -1.3787951e-01  -8.3118208e-02   2.0840048e-01  -7.1996119e-02  -5.5426888e-02   1.5536874e-01
  -3.6624464e-01   7.4443279e-01   1.0215423e-01   4.2800115e-01   6.7978392e-01   6.8676619e-02   2.8303193e-01  -9.2580480e-02   0.0000000e+00   6.0854583e-01   1.6839815e-01   4.7386996e-01   3.4687210e-01  -4.7326165e-01  -2.9940430e-01   3.7595235e-01   3.0785631e-01   4.3856207e-01  -1.8377427e-01   6.4848397e-01  -1.6577814e-01   5.1292448e-01  -2.1864146e-01  -6.0560015e-01   1.6974010e-01  -2.4951543e-02   6.6985143e-01  -3.8446360e-01   1.6739314e-01   4.3920694e-01  -1.2478889e-01  -8.5280929e-03   2.0669605e-01   2.9958210e-01   5.6360229e-01   4.9422794e-01   5.6234368e-01  -3.0497041e-01   2.5828165e-01   6.2310893e-01   4.3673731e-01   2.9405352e-01   4.9364082e-01  -9.4138251e-02   5.1411754e-01  -3.2057006e-01   4.8631296e-01   3.1987255e-03  -4.4364497e-02   5.4713687e-01   6.8770326e-02  -1.5833334e-01   3.7981428e-01   2.5449559e-01  -7.8296246e-02  -7.1177899e-02  -2.3445583e-01   4.8757138e-01   2.9961559e-01   5.3792119e-01   2.0934433e-02   3.4777760e-01   7.4251511e-01  -2.8702116e-01   5.9126607e-01   5.4774492e-01   1.7032917e-01   9.1813076e-02   2.5293295e-01  -4.6229679e-01   5.7722928e-01   3.4558123e-01   2.3670555e-01  -6.9895511e-02   1.4151414e-01   2.0770226e-01  -1.1338843e-01   1.9599222e-02   4.6147169e-01   2.4082755e-01  -2.5175906e-01   2.1360410e-01  -3.6903085e-01  -4.4220557e-01  -4.6139196e-01   1.3816017e-01   4.9950857e-01  -4.7290903e-01   6.5257736e-01  -4.8022687e-01   5.6698685e-01   8.4207699e-02   3.5099607e-01   6.6635012e-01  -2.7724718e-01   5.0716601e-01   4.2537857e-01  -1.4723226e-01   5.5855684e-01   5.1363242e-01  -1.4841577e-01  -9.7817962e-02  -2.0384637e-01   7.5485856e-01   5.1495604e-01   4.0366980e-01   1.8105470e-01   6.6256115e-02   3.6298655e-01  -1.3660185e-01  -1.2271214e-01   3.7055918e-01   4.1825535e-01  -4.1054874e-01  -3.8807310e-01   5.1440705e-01  -3.3412879e-02   1.4339122e-01  -5.4921460e-01   3.8915943e-01  -1.7295286e-01   6.6851958e-01   3.9712362e-01   5.7127444e-01  -3.5572115e-01   7.6529272e-02   3.0347134e-01   2.5505274e-01   5.5056629e-01  -6.5418499e-01   2.6008972e-01   5.4751974e-01   1.8138955e-02  -1.0190144e-01   3.0164957e-01   2.2005557e-01   4.0039584e-01  -4.1053072e-01   2.2154009e-01  -3.6430457e-01  -5.1926583e-01   2.3904032e-01   9.6727688e-02  -3.5667319e-01   1.0850647e-01   5.4794442e-01   4.2335950e-01   5.7274805e-01   2.6694631e-01   2.5940284e-01  -5.1545263e-01  -5.7809330e-01  -2.1993161e-01   1.6991570e-01   3.9988804e-01  -4.1389372e-01  -2.5658558e-01   3.7297500e-01  -4.7576028e-03  -6.6117877e-02   2.3622024e-01   3.3195353e-02   5.2967949e-01   5.5039365e-01   6.1437003e-01   3.7326036e-01   2.0896353e-01  -2.2300523e-01  -1.4021757e-01   3.5948497e-01   5.6695004e-01  -3.5991232e-01   6.4441270e-01  -1.0745759e-01  -6.4101330e-03   7.8507880e-02   6.2018260e-01
  -2.8298182e-01   3.7431488e-01   1.1234028e-01   7.1581559e-02   5.2580197e-01  -1.4857093e-01   1.9294568e-01  -1.7161273e-01   6.0854583e-01   0.0000000e+00  -5.6290855e-02   3.3351949e-01   2.6768783e-01  -4.1320340e-01  -3.1621334e-01   2.7035540e-01   2.3502875e-01   1.8826502e-01   1.1125451e-02   5.0669057e-01  -3.0537650e-01   1.6276324e-01  -2.3785103e-01  -4.4129858e-01   2.7023315e-01  -1.8145321e-01   6.1843144e-01  -2.5503015e-02   1.5624456e-01  -6.7352313e-02  -1.5871358e-01  -3.0532517e-01   3.6825016e-02   6.0679682e-01   6.9509067e-01   4.7677485e-01   4.7493246e-01  -2.9651578e-01   1.5920780e-01   6.3022083e-01   1.4745139e-01   1.1832799e-01   4.2757074e-01  -4.5106070e-02   4.3620647e-01  -4.3947991e-01   2.8448646e-01  -7.5545223e-02  -1.1602867e-01   3.4828789e-01  -1.2206277e-01  -2.1743354e-01   4.1735874e-01   1.2787629e-01  -2.4617060e-01  -4.3149258e-02  -4.3400799e-01   1.5365630e-01  -1.0477168e-01   3.8018753e-01  -1.2153184e-01   2.4800857e-01   4.7343071e-01  -3.5718773e-01   4.4268782e-01   6.5391673e-01  -1.1097539e-02   8.6743609e-02   7.7234892e-02  -4.7904240e-01   5.8852133e-01   3.0097415e-01   1.5048013e-02  -1.6009603e-01  -6.9494317e-02   5.3753218e-02  -2.9019243e-01   1.7198419e-01   4.2793857e-01  -1.6752585e-02  -1.1030507e-01   9.7146076e-02  -1.9144957e-01  -2.5179912e-01  -5.8596118e-01  -9.0888012e-02   3.9175957e-01  -4.6414330e-01   3.6130529e-01  -2.9930901e-01   4.9982762e-01  -4.6031132e-02   6.3576261e-01   5.4167934e-01  -3.4141642e-01   4.5644938e-01   3.4040942e-01  -1.0090220e-01   3.7177450e-01   5.9674083e-01   5.1096383e-03  -2.6331331e-01  -4.5734599e-01   4.5917664e-01   1.0322768e-01   3.7997337e-03  -3.0445159e-02  -6.4616323e-02   5.1552195e-01  -9.0750642e-02   2.2593480e-01  -9.8526013e-02   2.4109431e-01  -3.0411495e-01  -7.1611904e-05   4.3190959e-01  -1.1820804e-01   1.9240572e-01  -3.5648025e-01   1.0872471e-01  -4.2280835e-01   5.5809257e-01   3.4483375e-01   3.3674206e-01  -3.3185281e-01  -2.7807984e-02   1.5224875e-01   4.8415264e-02   1.6714883e-01  -5.0817846e-01   2.1072515e-01   5.0183021e-01  -1.5347537e-01  -6.3479559e-02   2.0183558e-01  -4.6027366e-02   6.5225641e-02  -5.5044388e-02   3.3538997e-02  -2.6675540e-01  -4.6399605e-01   4.1000384e-01   1.1002547e-01  -2.1940811e-01   5.2527519e-02   2.0439958e-01   6.2846489e-01   4.9878655e-01   2.4367259e-01   3.9290587e-01  -4.6768645e-01  -4.6339355e-01  -2.8712933e-01   3.7115575e-01   4.2705619e-01  -3.6592898e-01  -4.9308467e-01  -5.3254535e-02  -1.0453406e-01  -2.5236238e-01   1.2518678e-01  -8.8079076e-02   5.8539794e-01   9.1492334e-02   2.0246664e-01   4.9396347e-01   1.4239462e-01  -1.2049841e-01  -3.3792665e-01   4.9617403e-01   5.1414089e-01  -3.7890606e-01   3.6942740e-01  -7.5788433e-02  -6.2645451e-02   1.2179766e-04   1.9779886e-01
  -1.6263402e-01   2.4148781e-01   4.9793464e-02   2.6663648e-01   3.1685104e-01   5.4844568e-01   3.1474338e-01   4.9554479e-01   1.6839815e-01  -5.6290855e-02   0.0000000e+00   2.1495483e-01  -2.9154142e-02  -2.8689633e-01   2.2679878e-01   3.0866868e-02   5.4047378e-02   5.2287259e-01  -1.0051017e-01   3.5608575e-01   3.5182368e-01   3.9773668e-01   7.5879269e-02  -2.3798536e-01  -1.2054907e-01   4.4691259e-01   1.6423789e-01  -1.7798878e-01   2.4992527e-01   4.6807470e-01   2.2300499e-01   5.5635932e-01  -4.0491702e-02  -1.5849561e-01  -2.8441730e-01   4.0748201e-01  -4.4167934e-02  -5.6336207e-02   2.0123837e-02   2.4979798e-02   1.8393342e-01   1.2700131e-01  -6.4561431e-02   4.3300543e-01  -1.7183482e-01   3.0754472e-02   6.1551784e-01   4.0061217e-01   8.1170612e-02  -3.9577555e-02   4.3903554e-01   2.2470239e-01   6.6077457e-02  -2.3271153e-01  -1.3838527e-01   6.1095837e-01   2.8862976e-01   4.5443672e-01   7.2154732e-01   1.4368994e-01  -1.4257810e-01  -7.7459661e-02   7.3365489e-02   2.4291278e-01  -1.2567589e-02   3.0754105e-01   5.4898363e-01   4.2522573e-01   6.9275719e-01   2.6670661e-02  -2.8662958e-02   1.6208844e-01   2.7673095e-01   2.0775746e-01  -2.0930182e-01   5.9471339e-01  -1.5703731e-01   2.7299927e-01   1.8580862e-01   4.6737819e-02  -7.7019504e-03   2.5712236e-02   3.0088579e-01   2.9596029e-01   1.8047029e-01   6.8285244e-01  -3.0272919e-01  -1.0813376e-01  -2.4190744e-02  -1.8376462e-01   2.1494457e-01  -7.7571715e-02  -1.2087019e-02   2.3692501e-01  -9.0876105e-02   2.4659474e-01  -7.4419566e-02   1.8038629e-01   1.2057343e-01  -2.1732850e-01  -3.7796505e-03   3.7035754e-01   4.5837454e-01   6.7823525e-02   5.7072223e-01   4.5040956e-01  -3.0866560e-01   7.0316335e-01   8.9549104e-02   5.0479085e-01   5.7165783e-02   5.8056149e-01  -4.2665755e-02  -1.3952403e-01  -1.1392903e-01   1.9175897e-01   3.3359871e-01  -5.8825515e-02   3.5692624e-02   2.5488870e-01  -1.3109209e-01   2.3441123e-01  -2.8668086e-01   1.9222927e-01  -8.9137172e-03   3.3288300e-01   4.1276279e-01  -1.8697267e-01   4.2658016e-01   3.8382328e-02   9.8661144e-02   3.3470822e-01   1.3349371e-01   2.3281783e-02   1.8714200e-01   6.1194539e-01   1.5492335e-01  -7.3781521e-03   6.2221072e-01  -1.5561928e-01  -9.0219741e-02  -3.2007217e-01   5.5878104e-01   1.0678545e-01   2.6998550e-01   4.5323362e-01  -6.9125364e-02   2.8833913e-01   5.0043182e-01  -1.9555473e-02   7.8083441e-03   1.3359847e-01  -2.3585212e-01   4.1605667e-01   2.0907912e-01  -8.7034305e-02  -1.2960332e-01   6.5258472e-01  -3.4714594e-01   4.8191395e-01   1.0178636e-01   6.9310894e-01   2.1322564e-01   4.3162002e-01   4.6736464e-01   1.7532967e-01   6.0090811e-01   3.5518630e-01  -2.0455187e-01  -1.0325167e-02   2.4610557e-01  -1.6574241e-01   9.1461058e-02   2.1947895e-01  -1.0666548e-01  -3.6021275e-01   3.9444282e-01
  -5.0195425e-01   7.6626905e-01   6.2301371e-01   3.9342780e-01   3.1007151e-01   4.4816515e-01   4.9235826e-01   2.9127279e-02   4.7386996e-01   3.3351949e-01   2.1495483e-01   0.0000000e+00  -1.0307093e-02  -1.8315381e-01   1.9066795e-01   8.2057190e-02   5.9390080e-01   3.6580569e-01  -2.2398392e-01   4.8558523e-01  -6.5447155e-02   3.9288760e-01  -5.2501224e-02  -5.2285339e-01   2.3203945e-01  -8.0550428e-02   6.1801796e-01  -2.1442612e-01   3.5580523e-01   5.1177533e-01   1.0747417e-01   2.2704744e-02   1.5401258e-01   1.8089724e-01   2.5025544e-01   2.4743039e-01  -4.0465553e-02  -3.8991696e-01   1.1076318e-01   5.0247645e-01   1.0286981e-01   3.4020215e-01   7.5312193e-01  -1.1060856e-01   5.1319153e-01  -7.6574014e-02   4.5308798e-01   3.2965888e-01   7.5652917e-02   5.5592363e-01   1.8532630e-01  -3.2554307e-01   8.2175813e-02   1.4164943e-01  -9.6204335e-03  -2.0727160e-01   1.5194493e-01   4.4871387e-01   2.6847971e-01   6.2907257e-01  -2.3123921e-02   2.7246864e-01   3.9160446e-01  -2.3089840e-02   3.7535843e-01   3.0722472e-01   5.1311011e-01   1.1425534e-01   3.6708130e-01  -5.1951617e-02   2.3308185e-01   4.2492022e-01   1.9221529e-01   4.3636210e-01   2.9368425e-01   3.8332524e-01  -1.7975975e-01   4.6163952e-02   1.4421873e-01   2.0656056e-01  -6.5168527e-02   1.5427916e-02  -6.6013255e-02  -2.1915604e-01   1.2276958e-01   2.3000897e-01  -1.7216838e-02  -1.1308784e-01   5.8243761e-02  -4.0067205e-01   3.0202651e-01   2.0391697e-01   3.2299638e-01   5.6790092e-01  -3.7011434e-01   3.8015338e-01   4.9443067e-01  -1.3737591e-01   5.3198201e-01  -5.4997373e-03   1.1110184e-01   2.3449728e-01  -2.2276839e-01   5.4548118e-01   2.7739360e-01   4.3834204e-01   1.3988081e-01   5.5083969e-02   5.8710515e-02   1.6472091e-02   1.8626043e-01   3.6425570e-01   3.5027402e-01  -4.1542999e-01   2.1505201e-02   1.5154280e-01  -2.7380048e-02  -4.2579254e-02  -2.9314518e-01   3.7716287e-01  -1.5803035e-01   4.8872767e-01   2.7757346e-01   4.3433835e-01  -3.1845108e-01   5.8819913e-01   6.1474241e-01   1.1449103e-01   4.2699599e-01  -1.0140730e-01   3.4038005e-02   1.8850056e-01   3.1826396e-01  -7.1752385e-02   4.7422805e-01   2.0487571e-01   3.8708085e-01  -1.4248860e-01  -9.5341476e-04  -4.8734949e-01  -2.8372807e-01  -1.3890245e-02   1.2810648e-01   2.3724404e-01   3.8124212e-01   5.5677775e-01   3.5402016e-01   1.8911369e-01   3.3046109e-01  -1.1136588e-01  -2.7625406e-02  -3.3412159e-01   1.3312428e-01   4.5687018e-02   6.1291529e-01  -5.1716569e-01  -2.7283414e-01   1.7953728e-01   7.2267298e-02  -1.6178728e-01   4.2897454e-01   1.5610594e-01   2.2441760e-01   4.8254977e-01   4.2730426e-01   3.1805671e-01   3.2592424e-01  -2.4491907e-01   1.5695108e-01   7.5687628e-02   2.8948557e-01  -5.6222265e-01   4.4639310e-01   3.5783328e-01   2.4491617e-01   2.3786875e-01   5.6920133e-01
  -9.0889044e-02   1.7074924e-01   9.7107297e-02   2.0078578e-01   3.5554984e-01  -5.0946418e-02  -1.5754527e-01   7.2100857e-03   3.4687210e-01   2.6768783e-01  -2.9154142e-02  -1.0307093e-02   0.0000000e+00  -2.5932136e-01  -4.0204824e-01   5.3737209e-01   1.9884482e-01  -2.6556055e-02   1.0054905e-01   2.6148814e-01  -3.5831720e-01   1.8170331e-01  -4.0093985e-01  -7.5890140e-02   2.8315317e-01  -1.7807878e-01   2.7729440e-01  -1.0319186e-01  -8.2153823e-03   5.8654011e-02  -2.9938772e-01  -1.1265873e-01   2.3608542e-01   6.5898199e-02   1.9336954e-01   9.7350696e-02   3.0012688e-01  -8.8985109e-02   4.1629359e-01   2.8017878e-01   5.3977106e-01   1.3466787e-01   8.5810764e-02  -7.0315592e-02   2.1335879e-01  -1.5513992e-01   1.3382083e-01  -2.4029146e-01  -1.5670247e-01   2.9521083e-01  -1.3858733e-01  -5.8259601e-02   1.2572135e-01   2.1723191e-01   4.9503216e-02  -5.1658858e-02  -1.3898219e-01   1.3797397e-01   1.5288644e-01  -3.6213982e-02   7.3086874e-02   2.7181576e-01   3.1223853e-01  -1.9370379e-01   2.4100660e-01  -3.4769235e-03  -9.7631210e-03  -1.6564220e-01   1.1278625e-01  -2.0441865e-01   3.2433343e-01   1.4056671e-01   3.3281950e-01  -1.6265856e-01   1.5003391e-01  -6.7914961e-03   1.8926523e-02   8.0835134e-02   3.4806305e-01   2.2360148e-01  -2.9716677e-01   3.8738501e-01  -2.4825332e-01  -2.1669790e-01  -1.6311543e-01   1.3874830e-02   2.2992490e-01  -2.0588391e-01   4.7624678e-01  -8.5967393e-02   2.4830146e-01   1.4501649e-01   1.2184206e-01   9.2262891e-02  -8.0771119e-02   3.0360024e-01   2.3661503e-01  -6.1197890e-02   2.8239346e-01   2.0239668e-01  -1.2011754e-01  -1.2269800e-01  -8.6316947e-02   1.9684193e-01   1.2201320e-01   2.5196562e-02   1.9859865e-01  -2.9675964e-02  -2.6077115e-02  -3.5826067e-01  -1.5389198e-01   8.4280221e-02   2.5523719e-01  -5.8628924e-02  -1.4112657e-01   1.9886227e-01   1.4226900e-01   4.5612025e-01  -1.1558009e-01   8.5031053e-02   2.5534252e-02   3.5514203e-01   3.2825632e-01   7.3755928e-02  -1.2642272e-01  -1.9839874e-01  -2.2742485e-01   1.5226073e-01   2.1789867e-01  -3.5176020e-01   5.1009659e-01   1.4263918e-01  -2.7183028e-02  -2.2895736e-01   6.2818972e-02   1.3694270e-01   1.8667387e-01  -2.6748630e-01   8.5535718e-02  -1.7867861e-03  -8.4066349e-02   5.3381834e-01   8.3610512e-03  -2.9450653e-01  -2.0104296e-01   4.5938809e-02   1.8736517e-01   1.1727229e-01  -7.4997244e-02   3.9179476e-02  -8.4600944e-02  -3.0775452e-01   4.6617696e-02   1.2855361e-01   1.4560431e-01  -3.8033519e-02  -4.5009870e-02   2.4765883e-01   7.4937123e-02  -7.7268309e-02  -1.8132653e-02  -7.1435759e-02   1.0669786e-02   1.5724843e-01   2.4939099e-01   3.7247233e-02  -1.8167355e-02  -2.6115337e-03  -1.9213395e-02   1.7741743e-01   7.6672387e-02  -7.5807643e-02   2.6967902e-01  -6.8985274e-02   2.1534799e-01   7.3275729e-02   1.7088120e-01
   2.8920200e-01  -3.4184300e-01  -6.7145740e-02   1.0777514e-01  -6.4777720e-01  -2.7561425e-01  -1.8987186e-01  -8.1230759e-02  -4.7326165e-01  -4.1320340e-01  -2.8689633e-01  -1.8315381e-01  -2.5932136e-01   0.0000000e+00   5.1202921e-01  -8.8218167e-02  -1.6743663e-01  -2.6148905e-01  -3.1546087e-02  -6.4877721e-01   2.4850470e-01  -1.4875488e-01   3.9681418e-01   4.5973018e-01   2.5873551e-02  -2.1244825e-01  -4.7170132e-01   2.5863454e-01  -5.8447763e-02  -9.4009766e-02   4.8608026e-01  -2.3651547e-02   2.0815850e-01  -2.4031257e-01  -2.0945610e-01  -5.6545529e-01  -3.2226978e-01  -7.6792095e-03   8.8982519e-02  -4.2485804e-01  -3.8863052e-03   1.3004232e-01  -8.2830112e-02  -7.1983884e-02  -8.5893291e-02   1.3580161e-01  -5.5969076e-01   1.7547055e-01   3.0940559e-01  -4.7564380e-02  -1.0769696e-02  -2.4246080e-02  -3.6016298e-01   2.1029990e-01   6.4077050e-01  -1.2329978e-01  -6.2088830e-02  -3.6921871e-01  -9.9080315e-02  -1.4365166e-01  -4.1194466e-02   8.7748018e-02  -3.5302968e-01   3.7106753e-01  -1.4523893e-01  -5.1198606e-01  -2.9194423e-01  -2.1299799e-01  -3.9920267e-01   3.0403331e-01  -5.1457157e-01   3.1248929e-02   3.1795558e-02   1.9973658e-01   3.2297917e-01  -1.2898263e-01   4.0448575e-02  -3.4891270e-01  -6.0916598e-01   3.7835448e-01   3.0804352e-01   9.4133210e-02   2.7995118e-01   2.3582040e-01   3.7791410e-01  -1.5553232e-01  -1.4898895e-01   6.9648871e-01  -4.8668856e-01   1.9779578e-01  -4.1662784e-01   1.2845361e-01  -3.8563776e-01  -2.6850867e-01   5.4002042e-02  -5.7304839e-01   1.1111119e-01   6.8948595e-02  -2.0396148e-01  -1.6974923e-01   3.5289936e-01  -1.1889801e-01   1.4270718e-01  -3.3636804e-01  -2.5243348e-01  -1.6471543e-01   2.5281481e-01  -3.7283457e-01  -1.8684769e-01  -1.2273376e-02  -3.8142617e-02  -1.9132691e-01   1.1574612e-01   1.3330101e-01   3.4904268e-01  -4.6773537e-01  -2.4182175e-01   6.1608702e-02   2.8775074e-01   1.0504908e-01   3.4656254e-01  -6.6549999e-01   9.1971921e-03  -1.7377548e-01   5.3246447e-02   2.5908299e-01  -5.3879805e-02   3.4185207e-01  -3.6832276e-01   5.5619890e-01  -1.9973711e-01  -5.4411848e-01   4.6199952e-01   3.6056463e-01  -2.3234873e-02  -1.6454466e-01   1.8193904e-01   4.6551723e-01  -2.9215792e-01   1.8380757e-01   5.7240651e-01  -2.0073134e-01  -2.8049213e-01   2.1268085e-01   1.7253679e-01  -2.9962497e-01  -5.0128330e-01  -5.0865573e-01  -4.3375681e-01   9.9413626e-02   4.2344613e-01   5.5372190e-01   5.3018167e-01  -4.8712603e-01  -4.7682751e-01   1.9222893e-01   3.0360487e-01  -6.9638833e-02   2.7913984e-01  -3.7215184e-02   9.5446698e-02  -1.1630161e-01  -2.3577182e-01  -2.5538775e-01  -3.6800736e-01  -4.5956632e-01  -2.8151614e-01  -6.5866091e-02   6.5020761e-01  -4.0899260e-01  -4.7412240e-01   1.4009124e-01  -1.2588874e-01  -1.4979386e-01   1.9251466e-01   2.6269246e-01  -3.2745272e-01
