   0.0000000e+00  -1.2155520e-01  -2.7148597e-01  -1.7628186e-01  -3.1409227e-01   1.3685192e-01  -3.4804552e-01   2.4040264e-01   4.7608433e-02  -2.0737728e-01  -4.0391802e-01  -2.4144457e-01  -5.6463271e-02   4.2231341e-01  -1.4361667e-01   2.0558243e-01  -2.7352481e-01  -3.6604688e-01   1.5633416e-02  -2.2820276e-01  -1.4535880e-01  -1.4925385e-01  -2.4460282e-01   6.9930429e-01  -2.3237043e-01   8.0526138e-02   1.3837496e-03   1.5633670e-02   1.0760484e-01  -1.6637112e-01  -1.3611600e-01  -2.0908973e-02   1.6190874e-01  -3.6500800e-01   4.1754031e-02  -4.6537889e-01  -3.0248741e-01   9.5848178e-02   4.3016414e-01  -9.8126029e-02   7.5008729e-02   2.1369259e-01  -1.1839534e-02   2.2348629e-01   4.8929330e-02   1.4431955e-01  -2.9950965e-01  -1.6721369e-01  -3.9379458e-02  -1.4341353e-01  -2.3443293e-01   8.5449298e-02   3.7890355e-02   2.1486884e-01   3.9192371e-01  -1.8515499e-01  -1.3450259e-01  -5.5023834e-02   1.1018892e-02   1.0675122e-01  -1.4796201e-01  -6.8789269e-02   8.7349637e-02  -1.5044186e-01   2.1974645e-01  -3.9237673e-01   7.0274726e-02   1.9718850e-01   8.8351460e-02  -1.0348502e-01  -2.7364681e-01  -1.1477756e-01   1.6513945e-01   6.9404965e-02   1.6503438e-01   3.1032283e-02   2.9663509e-02   2.8775546e-01   4.3463496e-02  -5.2134136e-02  -1.7619921e-01   2.4934537e-01  -2.5727051e-01  -4.7612063e-03  -7.3707948e-02   3.9089111e-02   3.9928845e-02   3.7929036e-01   1.3853979e-01   7.4929398e-01  -1.0091132e-01  -6.6807201e-02  -2.9715818e-01   2.0350985e-01   1.5276034e-01  -8.8715085e-02   2.1964899e-03   2.6038244e-01  -2.2607061e-01  -2.7362577e-01   3.0810984e-01   3.2514112e-02   3.1644643e-02   8.5877905e-02   4.1619593e-03   6.3178716e-03   1.4922547e-02   2.3902563e-01  -3.4447794e-01  -5.7020029e-02  -3.6045933e-01  -3.6965258e-02  -2.2305368e-02   7.3209546e-01   4.5350847e-01  -1.3623121e-01   7.1833628e-02   8.7188113e-02   2.0662027e-01   1.1110987e-02   4.3403995e-01   8.8437761e-02   5.0565852e-02   7.2464513e-02   3.1419481e-01   3.2800605e-01  -7.3248345e-03   1.9641765e-01  -4.7040949e-03  -2.0269808e-01   9.2945309e-02  -4.2425105e-01   1.6963813e-01  -8.0532887e-02   9.5863899e-02   1.6152595e-01   2.5292223e-01   1.2352864e-01   1.2495169e-01   5.1883432e-01   5.0226716e-01   4.0015988e-02   1.0203543e-01  -3.2465209e-02  -1.7749388e-01  -7.6300105e-02  -1.9143064e-01  -2.3984337e-01  -2.8547735e-02  -2.3763569e-01   5.8549395e-01   8.3536824e-02   3.1920544e-01  -2.9233933e-01  -1.5751084e-01   5.1463269e-01   1.9606413e-01   9.4377577e-02  -1.4494756e-01  -1.3071519e-01   1.4035337e-01  -1.4524033e-01  -3.3682392e-01  -2.2446344e-01   7.7968905e-02  -1.6596290e-01  -2.6611202e-01  -2.9009913e-02   2.4848848e-01  -1.9489105e-01   1.3739641e-01   9.6779910e-02  -1.0836145e-01  -1.0178411e-01  -7.0490281e-02   1.5736564e-01  -1.5511564e-01
  -1.2155520e-01   0.0000000e+00   5.1001179e-01  -2.5063905e-01   4.7259885e-01  -4.0526416e-01  -4.8163135e-01  -2.7797660e-01   5.8299424e-01   4.7330322e-02  -2.9965419e-01   6.5906915e-01  -1.0845349e-02  -3.2081045e-01  -3.7038688e-01  -1.7605934e-01   6.6147431e-01   1.0927712e-01   1.6981512e-01   1.6383626e-02  -2.5792853e-01  -3.5651112e-01  -7.1492416e-01   4.2162056e-02   3.3249544e-01   1.3864001e-02   1.1699071e-01  -7.0525670e-03   7.8351360e-02  -2.1186215e-01   3.2920736e-01  -1.5726928e-01  -1.2974345e-01  -3.6826993e-01  -3.6797727e-01   1.9586541e-02   2.1343523e-01  -1.6938703e-01  -3.2211920e-01   4.5203739e-01  -5.3276962e-02  -1.8885583e-01   5.3849182e-01  -9.7297890e-02   1.9969890e-01  -4.1132506e-01  -2.0502519e-01  -3.2474519e-01  -2.0193746e-02   6.4116821e-01  -4.6631553e-01  -1.8727043e-01   3.5733987e-01   3.8396202e-02   8.8601588e-02  -4.7995414e-01   1.2717628e-01  -1.7357667e-01   2.7963429e-01  -1.3652319e-01  -4.0640727e-02   1.1443011e-01   6.7521459e-01   4.4336314e-01   6.2165263e-01  -1.7722506e-01  -8.1116428e-02   7.8625370e-02  -5.9496130e-01  -4.2457408e-01   1.8735676e-01  -4.0507261e-01  -3.1155239e-01  -4.8121125e-01   2.2427475e-01  -2.5201984e-01  -4.0818663e-01  -1.2482274e-01   5.7322043e-01   1.2615957e-01  -6.0564338e-01  -1.1511321e-01   3.8367686e-01   4.6063796e-02   2.5131323e-01  -7.3117264e-02  -5.0724242e-02   1.4769046e-01   3.4569855e-01   1.2837715e-02   5.7355635e-01  -8.7994294e-02   1.0108195e-01   1.6259775e-01  -5.0643916e-01   4.2401285e-01   1.0987808e-01  -1.0163231e-01   3.6044585e-01  -2.5094632e-01  -1.8050431e-02  -5.4152860e-01   2.9107927e-02   4.0322176e-03  -5.0838736e-01  -5.2679347e-02   2.1758424e-01  -1.7481816e-01   3.0862950e-01  -1.8492731e-01  -1.1552676e-01  -3.8756789e-01  -1.3633833e-02  -2.6016482e-01  -3.7138353e-01   6.0051235e-01  -2.3593856e-01   1.0583740e-01  -3.7711932e-01  -3.7355131e-01  -2.5367296e-01   4.5753919e-01   5.8519062e-01   4.4613160e-01  -2.6635597e-01  -1.5109407e-01  -4.5971641e-01   2.1496311e-01  -3.8347031e-01   3.7720342e-01   3.3751537e-02  -6.7600915e-02   6.2932982e-01  -4.2362743e-01   3.2845734e-01  -4.2701988e-01   5.7556147e-02  -5.1099591e-01  -2.5873359e-01  -3.3608063e-01  -2.0097660e-01   4.6658199e-02  -2.3483626e-01  -4.6610789e-01  -2.0925935e-01   3.0758882e-01  -2.8567235e-01   5.1364451e-01  -2.5048216e-01  -1.5138349e-02  -2.9424365e-01  -3.1016728e-01  -2.4003333e-01   5.6968208e-01   6.1588130e-01  -7.1513191e-02  -4.2093974e-01  -9.4677390e-02   4.3183698e-02  -4.4622842e-01   5.1744643e-01   8.7248413e-02   6.0713105e-02  -3.3297217e-01  -2.9124697e-01   6.4810996e-01   3.5069674e-01  -1.5269963e-01  -1.8832419e-01   6.9740610e-01   2.7697583e-01  -4.5744149e-01   3.3702228e-01  -1.4536446e-01   1.8060876e-01   1.5806647e-02  -1.7485099e-01
  -2.7148597e-01   5.1001179e-01   0.0000000e+00  -1.4147806e-01   3.3646265e-01  -2.8933369e-01  -2.6399486e-01  -3.0319275e-01   3.6833441e-01   2.4625385e-01  -2.0095298e-01   5.9530933e-01  -4.4269880e-02  -2.7312196e-01   5.7490667e-02  -2.6879556e-01   8.8163636e-01   2.0107522e-01  -1.8415246e-04   1.4409298e-01  -3.1980302e-01  -3.3568413e-01  -3.3569528e-01  -6.8884688e-02   4.4693687e-01  -1.2093890e-01   3.0125112e-01  -1.9852200e-01   1.0065401e-01  -3.0930701e-01  -7.0051949e-02  -2.2338930e-01  -2.2654407e-01  -2.1759270e-01  -1.6767308e-01   4.1979757e-02  -1.1162120e-01  -2.3414211e-02  -2.7429648e-01   5.5967759e-01  -1.3928829e-01  -1.3146603e-01   4.2449237e-01  -1.3384252e-01   1.8108048e-01  -8.3210380e-02  -1.4472095e-01  -3.0384529e-01  -3.0609501e-01   6.3933200e-01  -2.0867063e-01  -2.3297793e-01  -1.6487871e-02   1.1554495e-01  -1.1542084e-02  -1.7367400e-01  -2.8928888e-01  -2.9307400e-02  -2.8832273e-03   1.9086106e-02   4.2316735e-01   1.9787935e-01   6.0586226e-01   1.3984953e-01   9.1574264e-02  -1.2590449e-01  -9.2161539e-02   3.4084250e-02  -2.8730888e-01   3.0428389e-01   1.3463143e-01  -2.8137902e-01  -9.5554532e-02   6.3743681e-02   2.8920950e-01  -2.7544621e-01  -1.8202808e-01  -2.3970875e-01   2.9600518e-01   1.7138005e-01  -1.9910568e-01  -1.7977910e-01   2.3824333e-01   5.9676972e-02   4.0725725e-01  -1.4337404e-01  -1.1403739e-01  -4.9168357e-02   2.3742164e-01  -2.5763103e-01   2.9781986e-01   3.7255285e-01   1.1504320e-01   1.0530743e-01  -2.4324026e-01   3.1125780e-01   3.0574577e-01  -2.0339194e-01   4.3296479e-01  -5.7439123e-02  -1.0342275e-02  -2.6957365e-01  -8.4463577e-02  -1.0895413e-01  -3.2638223e-01   6.8411299e-03   3.8840545e-01  -2.7424365e-01   2.4345184e-01  -1.8001397e-01   1.1513444e-01  -2.4153493e-01   2.6683107e-01  -1.7873304e-01  -1.6574811e-01   1.9371414e-01  -2.3754733e-01   8.9333495e-02  -2.3035116e-01  -2.2872551e-01  -1.0491168e-01   5.4300482e-01   6.4022404e-01   1.1923226e-01  -1.5616390e-01  -2.1385725e-01  -1.8457362e-01   1.4892230e-01  -1.2505073e-01   5.5441185e-01  -8.7516191e-02  -4.6492101e-02   4.5163568e-01  -1.6343722e-01   1.8064031e-01  -3.6606103e-01   1.5088174e-01  -2.0996996e-01  -2.5222602e-01  -3.6983423e-01  -1.3339149e-01  -1.1784439e-01  -1.2530222e-01  -1.7601769e-01   1.7523158e-02   1.3740538e-01   1.6231723e-01   5.9083437e-02  -2.1586806e-01  -2.0178600e-01  -3.7996789e-01  -2.0749193e-01   9.4125671e-02   1.6079672e-01   7.3926476e-01  -1.3217235e-01  -2.6778765e-01   1.0347619e-01   3.5796872e-01  -3.0154392e-01   4.1106479e-01   8.6936440e-03   1.4459809e-01  -5.2022023e-02  -1.1490437e-01   4.4716537e-01   2.5608712e-01  -2.9021199e-01   9.0941564e-02   3.9318311e-01   1.6331048e-01  -7.9575295e-02   3.7160915e-02  -7.4116707e-02   1.9125646e-01   1.8584070e-01  -1.7477740e-01
  -1.7628186e-01  -2.5063905e-01  -1.4147806e-01   0.0000000e+00  -1.2057348e-01   2.3201580e-01   7.6885362e-02   1.7450108e-01   3.4845280e-02  -1.3044415e-01  -1.6322060e-02   6.4738986e-02  -2.9518786e-01   1.6741575e-01   6.5015607e-02  -1.5466579e-01  -2.0006837e-01   6.1071831e-03   6.7509708e-02   1.3154258e-01  -1.9637870e-01   4.6201030e-01   2.2419497e-01  -2.4652308e-01  -1.5003057e-01   4.8297065e-01   2.9502452e-01   4.0680492e-01  -9.1489014e-02   3.4201194e-01  -2.6056170e-01   1.2149834e-01  -7.0146074e-02   2.3678181e-01   3.1992260e-03  -2.6951999e-02  -2.9237348e-01   1.5590392e-01  -2.2018517e-01  -3.2434127e-01  -1.2635483e-01  -7.8320907e-02  -2.3597338e-01   1.6669395e-04  -3.3853857e-02   2.0414851e-01   1.3534880e-01  -2.1672413e-01   8.2084719e-03  -1.6342059e-01   1.5759705e-01   4.2040017e-01  -3.0361095e-01  -2.9601455e-01  -1.7726089e-01   2.0245544e-01   2.8625220e-02   3.8416486e-01   5.9962878e-02   4.6058640e-01  -1.9395776e-01  -7.6952571e-02  -2.4728115e-01  -3.6776028e-01  -2.0080360e-01   1.2894302e-01   9.8794305e-02  -2.7061727e-01   1.7936890e-01  -8.7726774e-02  -4.7468455e-01   5.8384242e-01   5.7358102e-02   1.4916285e-02  -4.9014904e-02   1.6492416e-01   7.2319305e-02   3.5671239e-01   9.8079217e-02   1.7117473e-01   4.5553529e-02  -3.4249819e-02  -3.3081844e-01   4.4306152e-01  -2.8555449e-01   1.2223565e-02  -2.7440732e-01  -4.6574397e-02  -2.6947963e-01  -2.4272723e-01  -4.2212304e-01  -2.4928778e-01   3.3916124e-01   2.6769274e-01   7.4528986e-02  -7.4893042e-02   7.0395966e-02   2.2140872e-01   1.2102041e-01   6.3986370e-02  -4.0282760e-01   4.0307901e-01  -6.9220456e-02   2.9010841e-01   4.5124651e-01   3.3616219e-01  -3.5322770e-01   4.0651806e-01  -6.4977860e-02   4.0952550e-01   5.0623993e-03   4.6864298e-01   1.9273233e-01  -2.3745359e-01  -3.4859914e-01   1.1111238e-02   4.6257645e-01  -3.2868617e-02   9.9445451e-02   4.1087906e-01  -6.2693745e-02  -1.3813789e-01  -1.1943858e-01  -2.5569118e-01   5.4126657e-02   3.8173480e-01   2.9210212e-01   5.7548086e-02   5.4519270e-01  -3.0723582e-01  -4.1470185e-01  -1.6617066e-01  -1.2138906e-01   1.5968214e-01   2.8845030e-01   1.7241134e-01   8.1654894e-02  -8.6699039e-02   1.9983099e-01  -9.8793443e-02  -8.1821769e-02  -3.6914476e-01   3.1572441e-01   1.5354985e-01  -2.9355793e-01  -3.0491637e-01  -1.2268504e-01  -1.3437816e-01   3.7197519e-01  -3.1658802e-01  -4.8349710e-02   1.3914479e-01  -1.0114761e-01  -6.4781418e-02  -3.4386807e-01  -1.8177838e-01  -2.3355323e-03   8.1400464e-02  -4.2205938e-01   2.0563013e-01  -1.9339563e-01   2.0673302e-01  -3.1291819e-01   3.9203280e-01   2.8318222e-01   1.2177860e-01   9.7035251e-02   3.8268858e-01  -1.6393168e-01  -2.4362025e-01   1.3395370e-01   7.0904962e-02   1.9573930e-01   1.7089546e-01   4.2435806e-01  -2.4829845e-01   4.5663327e-01
  -3.1409227e-01   4.7259885e-01   3.3646265e-01  -1.2057348e-01   0.0000000e+00  -2.4676793e-01  -1.4923413e-01  -4.1321596e-01   2.1372961e-01  -1.1791509e-03   4.4342091e-02   3.6404873e-01   4.2295853e-01  -5.2191635e-01  -2.6766741e-01  -5.2289848e-02   4.8943230e-01   1.6819058e-01  -3.1948894e-02   7.0585662e-01   2.2240562e-02  -2.0121895e-01  -2.7598335e-01  -1.4743546e-01   3.0155076e-01  -1.0978909e-01   5.7634572e-02  -1.8766597e-01  -2.3948920e-02  -1.6215856e-01   3.3868307e-01  -1.8308926e-01   7.2217313e-02   1.1409440e-02  -3.5207705e-01   6.5436267e-01   2.1712769e-01   1.1072375e-02  -4.9784619e-01   5.9615780e-01   3.0069283e-01  -2.4784343e-03   1.2744775e-01  -5.6215144e-02   1.9495489e-01  -2.8198148e-01   3.0060555e-01  -1.1900805e-01   2.1186251e-01   5.0688377e-01  -8.2351914e-02  -3.9369734e-01   4.1836233e-02   4.0813465e-02  -8.7697495e-02  -1.3674720e-01  -7.4985534e-02  -2.4842701e-01   1.2335102e-01  -3.7277008e-01   6.5625429e-02   3.2535058e-01   3.2756318e-01   1.7755124e-01   2.3510783e-01   1.6082829e-01   8.8726089e-02   3.9875607e-02  -3.9953896e-01  -2.3689337e-01   1.3085945e-01  -1.2669813e-01  -2.6025792e-01  -2.3192826e-01   1.8442238e-01  -3.2020246e-02  -2.7283273e-01  -6.8211550e-02   5.7515270e-01   2.8169095e-01  -4.8724588e-01  -4.9986795e-02   4.4435879e-01  -1.0115317e-01   1.9826947e-01  -8.5000466e-02  -1.9561252e-01  -2.3279155e-01   7.2344735e-02  -2.3423612e-01   4.4543714e-01   1.9615600e-01   2.0727172e-01  -1.5837707e-01  -3.4271675e-01   7.2558265e-01   3.5243250e-01  -8.3623106e-02   5.1305015e-01  -4.2927328e-02  -2.0600903e-01  -5.2705163e-01   1.2882612e-01  -2.0652598e-01  -4.4034815e-01  -8.1949909e-02   2.3824527e-01  -3.2025239e-01   2.8396995e-01  -7.5003313e-02  -8.7736814e-03  -3.7869177e-01  -2.9743567e-02  -2.7824779e-01  -4.7571267e-01   5.6207386e-01  -2.5656147e-01   9.4274788e-02  -3.1985957e-01  -1.6501526e-01  -2.6430678e-01   5.5764117e-01   3.2850356e-01   1.8999002e-01  -1.7203639e-01  -2.9977075e-01  -2.9699554e-01  -1.0972642e-02  -4.1982171e-01   2.2612465e-01   1.9350507e-01   6.6981240e-02   1.4613908e-01  -1.0752612e-01   1.0217834e-01  -2.6909008e-01   2.3366624e-01  -3.4733149e-01  -1.9593776e-01  -3.3381366e-01  -3.9917137e-01   2.2346456e-01  -1.0781758e-01  -3.0310164e-01  -6.1881992e-02   5.8418641e-02  -1.8809467e-01   5.7424296e-01   3.2215238e-02   5.4477852e-02  -4.0922022e-01  -3.2928070e-01  -1.8731155e-01   5.3359698e-01   4.7398512e-01  -1.9821748e-01  -4.7459887e-01  -5.7501151e-02   3.0615182e-01  -4.3699592e-01   2.5953095e-01   1.7588452e-01   2.8187240e-01  -1.9704728e-01  -3.1097946e-01   3.1372938e-01   3.7880920e-01  -1.5424393e-01  -8.2301447e-02   6.0606535e-01   4.3052989e-01  -2.9675492e-01   3.8378520e-01   6.2727946e-02   1.9929363e-01   6.7650166e-02  -1.0072293e-01
   1.3685192e-01  -4.0526416e-01  -2.8933369e-01   2.3201580e-01  -2.4676793e-01   0.0000000e+00   4.5624204e-02   2.1770931e-01  -1.6800744e-01  -5.1671925e-01   6.3260847e-02  -3.9182152e-01  -8.2201917e-02   3.4538400e-01   4.8751641e-02   1.8136703e-01  -2.5146319e-01   8.5166701e-02  -9.9072379e-03  -6.3551196e-02   9.4183331e-03   5.0976161e-01   2.2953706e-01  -3.3132723e-02  -3.7502355e-01   5.5242484e-02   3.8851194e-01   4.1318994e-01  -7.8229509e-02   5.5726558e-01  -1.0389173e-01   3.4846633e-01   2.3656540e-01   5.1116161e-02   2.1481761e-01   5.9018666e-02  -2.8318100e-01  -8.5225103e-02   1.2514253e-01  -2.4879734e-01   1.0381906e-01   9.7891819e-02  -4.1890490e-01  -4.5830997e-03  -2.1669540e-01   3.9687134e-02   3.7868830e-01  -3.4865930e-02   1.6886258e-01  -4.1298513e-01   2.6232928e-01   1.1014881e-01  -2.7085999e-01  -8.1066225e-02  -1.1650451e-01   1.3494268e-01   6.7490279e-02   2.5614270e-01   1.8712747e-01   5.2649018e-01  -1.8267345e-01  -1.9064799e-01  -4.0813207e-01  -4.9680216e-01  -1.1722449e-01   2.7935921e-02   7.3624368e-01   1.1279950e-01   6.5779344e-01   5.1285880e-02  -4.0663893e-01   5.3624576e-01  -5.7752602e-03   5.4698891e-02   8.6492563e-02   1.3224204e-01  -6.5131310e-02   2.3838172e-01  -1.1075628e-01  -2.0170528e-01   2.4987626e-01  -9.3221725e-02  -4.6644233e-01  -1.4518611e-02  -4.0540886e-01   4.7912984e-03  -6.3577202e-02  -1.4649025e-01   8.3345751e-02  -4.0712162e-03  -4.4409824e-01  -1.4933106e-01  -1.3409995e-01   4.0023694e-02  -2.6800893e-02  -2.6980382e-01   6.9792778e-02   4.0736431e-01  -2.2701375e-01  -2.5898749e-01  -3.0092805e-01   1.7332383e-01  -5.8562593e-02   5.4173670e-01   6.4925928e-01   1.4540064e-01  -1.1479436e-01   6.9745558e-01  -2.0725509e-01   6.2938421e-01  -4.7837304e-01   6.9092006e-01   2.3843951e-01  -7.4090925e-02  -5.6518045e-03  -1.4962704e-01   4.3462476e-01  -2.6501876e-01   4.7791802e-01   5.9049144e-01  -7.9062057e-02  -3.4983570e-01  -2.1064407e-01  -2.6803800e-01  -1.1322579e-01   4.4281858e-01   2.7943908e-01  -2.8247482e-01   3.5541151e-01  -6.4693129e-02   7.9414912e-02  -1.4557177e-01  -1.5157126e-01   3.4862894e-01   3.5012726e-01   2.7063893e-01   2.9691214e-03   1.3409217e-01   1.5152789e-01   1.2920589e-01   1.8310068e-01   5.3834478e-03   4.5193049e-01   6.5756925e-01  -2.7529909e-01  -3.1888511e-01  -3.5581080e-01  -4.4177890e-03   6.0019983e-01  -2.4080733e-01   1.1233474e-01   1.4354429e-01   1.1754123e-01  -2.3922912e-01  -1.6629359e-01   6.6383100e-02   1.0267512e-02   6.5918199e-02  -8.8078765e-02   3.3002899e-01  -1.9256806e-01   1.2253988e-01  -3.2709054e-01   2.5400143e-01   5.4375209e-01  -1.9801428e-01  -1.4699434e-01   4.7904520e-01   1.3994787e-01  -4.7973639e-01  -1.2371734e-01   1.3002431e-01   4.3446744e-02   5.7322400e-01  -1.3781113e-01   2.5518279e-02   4.3120831e-01
  -3.4804552e-01  -4.8163135e-01  -2.6399486e-01   7.6885362e-02  -1.4923413e-01   4.5624204e-02   0.0000000e+00  -1.9837159e-01  -2.4883787e-01   2.7870799e-01   3.7419550e-01  -2.5639171e-01   6.3879502e-02  -6.8810049e-02   3.6883501e-01  -7.1121303e-02  -4.0206562e-01   4.8133603e-02  -2.7426997e-01   1.1198347e-01   5.0077277e-01   1.2528550e-01   7.0228141e-01  -2.8843566e-01  -1.2694848e-01  -2.4976242e-01  -3.3872306e-01  -1.1026109e-01  -2.8351451e-01   1.1944706e-01   7.6538965e-02   1.8765891e-02   1.0511052e-01   7.6286989e-01   4.6841191e-01   2.6836597e-01   2.5647133e-01   1.2210115e-01  -2.9769117e-02  -4.7040554e-02   3.6407283e-03   6.6396626e-02  -3.1742744e-01  -2.9360217e-02  -2.0588186e-01   1.2977826e-03   1.3710820e-01   5.9946063e-01  -2.7610768e-02  -4.2730731e-01   3.9146987e-01  -8.4556241e-02   5.7738525e-02  -7.7618042e-02  -1.7538176e-01   5.2697379e-01   5.0317002e-02   3.6909653e-02  -1.6370898e-01  -1.4621268e-01  -3.7295093e-02   1.6797368e-01  -5.4411093e-01   3.7069493e-03  -5.1143606e-01   6.2483603e-01  -1.1670405e-01  -3.8223063e-01   6.9511933e-02   2.7899251e-01   3.4377767e-01   1.0342172e-01  -2.0162533e-02   2.3162920e-01  -2.4265121e-01   1.0616256e-01   1.6696078e-01  -1.1858030e-01  -6.1533815e-01  -2.8785260e-01   6.0360786e-01  -1.9187023e-02   1.4842577e-01  -1.6330460e-01  -8.3437424e-03   5.4477450e-02   1.7843640e-01  -1.3669958e-01  -4.7635659e-01  -2.7107940e-01  -2.5384797e-01   1.8495197e-02   3.6505251e-01  -3.0143858e-02   2.1667048e-01  -1.7146987e-01  -2.4881050e-01  -9.9063871e-02  -2.4189918e-01   6.0686312e-01  -7.8485836e-02   2.8311130e-01   9.2363836e-02  -1.1481450e-01   8.0817003e-02  -1.3988016e-01  -1.3456922e-01  -1.8686021e-01   9.9036443e-02  -6.3845941e-02   6.6108296e-01   1.2536153e-01  -2.2842404e-01  -5.0088756e-02   1.6065599e-01  -4.6337082e-01  -1.9487526e-01  -1.7631461e-01   1.7438978e-01   1.8657977e-01  -4.7194452e-03  -4.2327416e-01  -5.7715852e-01  -1.5145225e-01   5.9953307e-02  -2.7682908e-01   3.2111537e-01  -4.3624861e-01  -2.0019753e-03  -8.7502522e-02  -2.7594753e-02   3.7018210e-01  -5.4404291e-01   2.6667523e-01  -4.6111828e-01   6.4311967e-02  -3.2206755e-01   2.6913258e-01   5.0201857e-02   1.1887253e-02  -6.4157529e-02  -4.2133169e-02  -2.1921713e-01   2.4430669e-01   4.9538877e-01  -2.0404480e-02   5.9370303e-01  -1.9594305e-01  -1.5729906e-01   4.9337556e-01  -9.3907502e-02   1.2601337e-01   5.1420563e-02  -2.9750156e-01  -3.2742216e-01  -1.3562044e-01   9.1059883e-02   2.4863850e-02   6.0168189e-02   3.9031271e-01  -5.1359840e-01  -2.5761070e-01   2.5866109e-01   4.6388651e-02  -5.0110592e-02  -4.9008410e-01  -2.5237692e-01  -5.3253517e-02   8.7467252e-02  -3.7759917e-01  -2.2074308e-01   1.5392418e-01  -4.0720941e-01   6.2060490e-02  -3.4297137e-01  -7.2858054e-02  -5.9764869e-02
   2.4040264e-01  -2.7797660e-01  -3.0319275e-01   1.7450108e-01  -4.1321596e-01   2.1770931e-01  -1.9837159e-01   0.0000000e+00  -2.2831988e-01  -2.1054730e-01   2.1981248e-02  -3.5854033e-01  -2.1083052e-01   2.3839888e-01  -3.2065261e-02   1.0468219e-01  -2.4414525e-01  -4.8475256e-02   3.1503326e-01  -3.6883599e-01  -1.7035656e-01   3.5104333e-01  -7.5409507e-02   7.6148950e-05  -1.6604258e-01   3.4597148e-01   9.3170608e-02   2.6904462e-01  -1.0005825e-01   9.3451465e-02  -1.7465138e-01   1.7120955e-01   1.3092029e-01  -2.4844261e-01  -1.0735893e-01  -3.5209228e-01  -1.9271732e-01  -1.6100241e-01   3.9015559e-01  -5.1045941e-01   8.5728274e-02   4.4382488e-02  -1.6203392e-01   3.8797338e-01  -2.0096803e-01   1.3409154e-01  -3.3557428e-02  -1.2541796e-02   2.7506858e-02  -2.1666598e-01  -2.3805545e-02   6.5478693e-01  -7.0733508e-02  -6.2637655e-02   2.9651102e-03   4.4266271e-02   2.0493423e-01   2.4862958e-01   3.3236304e-02   1.4849374e-01   8.4636767e-02  -2.2613406e-01  -1.3947963e-01  -8.0833348e-02  -7.7977055e-02  -3.8069839e-01   1.2340582e-01   9.4748317e-02   4.3941524e-01  -7.3600913e-02  -2.8829608e-01   1.3398883e-01   3.0687735e-01   1.6239474e-01  -2.3811045e-01   3.4178033e-01   8.7827665e-02   1.8260452e-01  -1.2897570e-01  -2.4246329e-02   2.6383274e-01   1.7507273e-01  -3.5971741e-01   4.6487384e-01  -2.1888574e-01   3.3647238e-01   3.3532283e-02   1.7263480e-02   2.0839743e-01   3.8953342e-02  -1.5991299e-01   4.7623628e-02  -3.2718903e-01  -1.0316010e-01   1.0581657e-01  -3.0660462e-01  -8.2816066e-02   1.2023298e-01  -1.1672731e-01  -2.2642795e-01  -2.0351061e-02   5.2067078e-01   1.8070688e-01   2.7213722e-01   3.0186441e-01   1.0505920e-01  -1.6811104e-01   3.7360743e-01  -4.6178789e-01   2.5814194e-01  -3.3930727e-01   1.6482311e-01   1.1476422e-01   1.3889498e-01   1.0061423e-01  -2.2511023e-01   2.4652050e-01   5.6298539e-02   2.7495504e-01   1.0100053e-01   9.5644515e-02  -2.4986339e-01  -2.2737660e-01  -1.3835779e-01  -2.6280989e-02   2.9971156e-01   1.3035041e-01   9.2848699e-02   3.0945807e-01  -2.3518578e-01  -1.4447867e-01  -2.1296308e-01   8.4344902e-02   2.1947552e-01   1.0924013e-01   6.0014612e-01  -7.0352937e-02   3.7939408e-01   4.7694825e-01   5.5790266e-02   5.3416360e-02  -2.8009116e-01   3.9552552e-01   2.7095545e-01  -2.8405890e-01  -2.0259408e-01  -2.5438852e-01  -2.8742744e-01   1.4271154e-01  -3.4100070e-01   1.8697519e-01   6.3819137e-01  -4.1179973e-02  -2.5575403e-01  -3.1736436e-01  -3.2265172e-03   3.2016619e-01   9.8541128e-02  -1.8019723e-01   2.0724932e-01  -1.1652457e-01   9.0624743e-02  -2.3309727e-01   1.8008916e-01   1.6990861e-01  -2.3786524e-01  -3.2517097e-01   3.1283643e-01  -8.2533683e-02  -2.4005484e-01  -2.6462530e-01  -4.5374929e-02  -2.4956237e-03   1.1882644e-01   4.9975732e-02   4.4825370e-02   2.4175749e-01
   4.7608433e-02   5.8299424e-01   3.6833441e-01   3.4845280e-02   2.1372961e-01  -1.6800744e-01  -2.4883787e-01  -2.2831988e-01   0.0000000e+00   1.1138120e-02  -2.5911958e-01   3.5628343e-01  -1.0417059e-01  -2.4014414e-01  -1.8298910e-01  -1.1539139e-01   3.6657562e-01   4.0759327e-02   1.2433984e-01   4.5406670e-02  -2.6430407e-01  -2.2718465e-01  -4.2989909e-01   4.6394155e-02   1.6726268e-01  -2.5914939e-02   2.9344882e-01  -2.6630474e-02   5.2912590e-02  -1.8352979e-01   1.0106737e-01  -2.3319129e-01  -2.3312888e-01  -1.7027518e-01  -5.0314770e-02  -2.2064018e-02  -1.0933028e-01   4.9741430e-02  -1.7165326e-01   3.3614251e-01  -1.7451206e-01  -2.6128979e-01   3.5995834e-01  -3.0709031e-02   2.7947555e-01  -1.3417458e-01  -3.0636523e-01  -2.7213913e-01  -2.6480796e-01   2.4777712e-01  -2.6392272e-01  -1.7820837e-01   2.1300403e-01  -2.3100184e-02   8.3493715e-02  -1.7314569e-01  -4.8213505e-02   5.5466610e-03   1.2647615e-01   6.5953345e-02  -3.7732484e-02   1.5055842e-03   5.9902344e-01   2.1054015e-01   4.4943453e-01   9.2388309e-03  -4.8678004e-02   6.6306046e-02  -4.4089074e-01  -1.7915046e-01  -1.1020361e-01  -1.8987346e-01   2.6129747e-02  -3.2221749e-01   3.9428457e-01  -3.8492874e-01  -2.3051992e-01  -7.5980164e-02   3.6637979e-01   2.2160664e-01  -3.9402341e-01   1.2690868e-02   1.8259000e-01  -7.9807105e-02   1.2855635e-01  -6.8593763e-02  -4.3942318e-02   2.1627900e-01   1.3590256e-01   5.5768517e-04   1.4754415e-01  -1.9893471e-01   1.9956331e-01   4.7226518e-01  -1.2315731e-01   2.6540349e-01   1.8248307e-01   3.3807779e-02   3.5476360e-01  -1.5975960e-01  -4.8259744e-02  -2.5070579e-01  -5.9764577e-02   3.1804617e-02  -2.9261653e-01   4.5243463e-02   1.7241605e-01  -1.0109995e-01   1.7030011e-01  -5.5446786e-02   1.3155164e-02  -1.5734859e-01   3.0292256e-01  -4.9295606e-02  -2.4239677e-01   3.5690576e-01  -1.7114115e-01   2.6415627e-01  -1.4234450e-01  -3.2541380e-01  -1.7588153e-01   3.5049039e-01   5.3183138e-01   1.4521801e-01  -7.1468826e-02  -7.0794834e-02  -2.2616632e-01   2.8773865e-01   5.1774870e-02   2.1533555e-01  -6.8797457e-02  -1.8494405e-01   3.0038971e-01  -2.3498185e-01   2.7425020e-01  -3.3690141e-01   2.8456617e-01  -3.9488212e-01  -1.7745378e-01  -9.2688888e-02  -2.7522178e-01  -1.6883185e-02  -1.6660833e-01  -2.1345368e-01  -1.1742515e-01   2.7850366e-01  -7.5025725e-02   2.7893420e-01  -8.7010353e-02  -9.4629187e-02  -2.4241311e-01  -3.3080464e-01  -6.0816685e-02   3.7322533e-01   4.0273452e-01   1.5928203e-02  -2.9837058e-01   2.9031029e-01  -1.0701485e-01  -3.4294974e-01   4.5160623e-01   1.0325578e-02  -1.0663821e-01   6.4957703e-02   9.5459584e-03   5.0712745e-01   1.8334225e-01  -1.3430171e-01  -2.0293647e-01   3.0804388e-01   3.1353507e-01  -2.5028608e-01   2.5041310e-01   4.5581507e-02   2.0754038e-01   4.8296080e-02  -2.7650549e-01
  -2.0737728e-01   4.7330322e-02   2.4625385e-01  -1.3044415e-01  -1.1791509e-03  -5.1671925e-01   2.7870799e-01  -2.1054730e-01   1.1138120e-02   0.0000000e+00  -6.6889278e-02   2.0367949e-01  -1.7441040e-01  -4.1188330e-01   3.8454578e-01  -2.2043349e-01   1.3547481e-01  -2.4757865e-01  -1.0212141e-01  -3.6618582e-02  -1.7769636e-02  -3.7582056e-01   2.3338391e-01  -2.1098805e-01   1.9326913e-01  -3.1716804e-02  -3.0589234e-01  -3.1997155e-01  -1.7219758e-04  -4.6978503e-01   4.6661503e-02  -3.1928342e-01  -2.5034137e-01   1.2004290e-01  -7.0487935e-02  -2.2363102e-01   1.4903560e-01   6.0824389e-02   2.2198919e-02   1.2225987e-01  -2.7515388e-01  -1.8063607e-01   1.5868391e-01  -1.1605366e-01   1.2494423e-01   1.1628777e-03  -4.2547664e-01   9.1338036e-02  -1.8218641e-01   1.4955747e-01   2.0017327e-02  -8.8516212e-02   5.5252435e-02  -1.0613704e-01  -1.0803248e-01   6.2326960e-02  -8.4498153e-02  -1.6547049e-01  -3.8960043e-01  -3.8406508e-01   3.3956154e-01   5.2466731e-02   1.4828708e-01   4.1560866e-01  -1.6349619e-01   2.2127398e-01  -4.0877192e-01   2.7254218e-02  -3.1985833e-01   1.6531364e-01   4.0424255e-01  -4.3893442e-01   1.8320397e-01   7.6159218e-02  -8.4428426e-02  -1.4928100e-01   2.0299297e-01  -1.2506576e-01  -1.9414818e-01  -7.1834687e-02   6.5723286e-02  -2.2545257e-02   3.3204462e-01   1.3122105e-01   4.3254373e-01  -1.1017333e-01  -5.7111882e-02   2.1511692e-02  -2.6582705e-01  -1.5755213e-01   3.4842125e-01   1.9437675e-01   1.3001582e-01   1.0964108e-03   2.3694783e-01  -4.7765982e-02  -8.5266630e-02  -1.9342843e-01  -5.5008931e-02   4.2091774e-01   2.1556090e-01   7.2398311e-02  -5.1557123e-02  -4.8075784e-01  -3.5861207e-01  -1.6815822e-01   3.8876053e-02  -3.6331122e-01   2.7583048e-01  -4.8666775e-01   5.8724791e-01  -4.2297225e-01  -1.6671862e-01  -9.7078979e-04   4.6370765e-02  -1.3080723e-01  -2.7587507e-01   4.0653155e-01  -1.7380390e-01  -3.7967886e-01  -1.2742893e-01   2.2850945e-01  -2.4446275e-02   4.9423296e-02   6.4526229e-02  -5.6984423e-01   5.1983462e-02   1.7889517e-01  -1.3822048e-01   4.8317047e-02  -3.3024268e-02   3.0357363e-01  -7.9779067e-03  -7.8701770e-02  -5.0286720e-01  -1.7808812e-01   3.3035101e-02   7.6130394e-03  -1.4691298e-01   3.7244424e-02  -2.9084025e-01  -1.0078618e-01  -3.7607241e-01  -3.1511654e-01   5.2445006e-01   3.2865803e-01   6.2292949e-01  -2.3827966e-01  -4.6863292e-01   3.7360917e-01  -2.6512302e-01   9.8472772e-02  -1.5208018e-01  -9.7968554e-02   1.3091817e-01   3.1499043e-03   1.4766101e-01   1.9788822e-01   5.9968022e-02  -1.7003335e-01   5.8063375e-03  -3.0575599e-01   5.2989951e-01  -6.2371317e-02  -2.4963388e-01  -5.9308941e-02  -5.1033933e-02  -3.2739009e-01  -2.1773222e-01   1.5400283e-01  -1.2058327e-01   5.8217500e-02  -4.4920795e-01  -3.8928969e-01  -8.6842052e-02  -1.7323062e-01  -3.4603927e-01
  -4.0391802e-01  -2.9965419e-01  -2.0095298e-01  -1.6322060e-02   4.4342091e-02   6.3260847e-02   3.7419550e-01   2.1981248e-02  -2.5911958e-01  -6.6889278e-02   0.0000000e+00  -3.8355555e-01   3.5268961e-01  -6.9307068e-02   2.6269861e-01   1.3887436e-01  -1.4794080e-01   2.5327228e-01  -1.8547092e-01   9.7637178e-02   4.1657975e-01   2.3020638e-01   4.3970046e-01  -2.9012478e-01  -1.7713393e-01  -5.4625093e-02  -2.1644898e-01  -2.2513018e-01  -2.0599290e-01   3.5522953e-01   3.7316202e-01   1.7133115e-01   7.7590947e-02   4.4978855e-01   1.3574520e-01   4.9903177e-01   1.8955166e-01  -8.3775879e-02  -1.0612772e-01  -1.3166354e-01   2.4269712e-01  -1.5498184e-01  -4.7240740e-01   2.0226618e-01  -1.6802988e-01   1.0241806e-01   6.1791440e-01   5.3739854e-01   5.6590043e-02  -3.2725719e-01   5.1939263e-01  -8.4794503e-02  -9.4949076e-02  -2.9831809e-01  -4.5962665e-02   5.3262769e-01  -3.2858468e-02  -5.4364828e-02  -1.5253945e-02  -2.3225644e-01  -1.2265308e-02  -6.5073028e-02  -4.1578122e-01   1.6218421e-01  -2.7095778e-01   4.1826215e-01   3.3933364e-02  -1.4991662e-01   2.7166751e-01   1.3402768e-01   3.1272946e-01   1.6582378e-01   2.3781965e-02   1.1181316e-01  -1.3606118e-01   2.0743305e-01   6.8841649e-02  -1.6661925e-01  -1.8910044e-01  -3.3347741e-02   4.0334945e-01   1.5578014e-01   2.3489015e-01  -1.1076581e-01  -1.1212943e-01   2.1409042e-01  -3.1591498e-02  -2.6534989e-01  -1.8732234e-01  -2.7746210e-01  -4.2415539e-03  -1.1548274e-01   2.2447299e-02  -3.6537537e-01   6.5080440e-02  -1.8385270e-01  -2.0727371e-01  -4.6997530e-02  -1.2483070e-01   1.5238307e-02   1.8436326e-01   3.3441505e-01   1.8862619e-01  -8.2581606e-02   1.9569810e-01  -1.3563935e-02  -2.0198727e-01  -5.8057246e-02   1.5000163e-02   2.7143139e-01   1.8342881e-01   1.6198230e-01  -2.6406937e-01  -1.5518876e-01   1.3478549e-01  -5.0078976e-02   5.4365702e-02  -4.4226553e-02   7.6511971e-02   1.7518937e-01  -4.9018545e-02  -3.7244766e-01  -3.5624457e-01   4.7870952e-02  -9.8340493e-02  -2.4747486e-01   1.5943544e-01  -4.1542400e-01  -2.2872632e-03   7.5391939e-02   2.7824755e-01   6.6765757e-01  -5.6524134e-01   4.4682546e-01  -3.8753389e-01   2.1663390e-01  -3.4614950e-01   4.1310362e-01   1.8481356e-01  -2.3015403e-01  -8.6876999e-02   2.9246387e-02   1.8043664e-01   1.8066582e-01   3.0939187e-01   1.4099929e-01   1.4316211e-01   2.4906399e-01   3.0626674e-01   1.6852583e-01   1.7418546e-02   7.4953138e-02  -1.1765266e-01   1.4862822e-01  -2.3983035e-01  -2.5559986e-01   1.6731180e-02   1.0689902e-01   2.7186705e-02   3.5058595e-01  -4.0887258e-01   2.6085704e-01   3.2355492e-01   2.8034037e-01   5.2175477e-02  -9.9521030e-02   1.6178975e-01  -4.7928368e-02  -2.3015026e-02  -4.9407836e-02  -2.0734755e-01  -5.8318052e-03   5.9606021e-03   4.3656943e-02  -1.4828460e-01  -2.1667955e-01   1.5917327e-01
  -2.4144457e-01   6.5906915e-01   5.9530933e-01   6.4738986e-02   3.6404873e-01  -3.9182152e-01  -2.5639171e-01  -3.5854033e-01   3.5628343e-01   2.0367949e-01  -3.8355555e-01   0.0000000e+00  -1.9113561e-01  -1.5701789e-01  -8.9924812e-02  -3.2565146e-01   5.5292606e-01  -2.5704108e-02   7.2995403e-02   2.5067746e-01  -3.9282265e-01  -3.2991000e-01  -4.0886409e-01  -3.4545839e-02   4.4608810e-01   7.0875735e-02   1.5016799e-01   2.7558753e-02   2.2786734e-01  -2.2556828e-01  -7.7539883e-02  -2.2754808e-01  -2.7686373e-01  -1.4849811e-01  -7.2543204e-02  -5.7648829e-02   8.2803421e-02  -1.1764275e-01  -3.2041286e-01   4.7188620e-01  -2.9310469e-01  -3.0573589e-02   5.4240784e-01  -3.3886037e-01   5.4498495e-02  -2.7432933e-01  -1.8909858e-01  -5.2535229e-01  -1.2593693e-01   6.8741707e-01  -3.9033480e-01  -1.3436607e-01   6.2784451e-02   1.7806318e-01  -8.5229000e-02  -2.5635236e-01  -2.5572080e-02  -1.2208570e-01   7.3658389e-02   1.4047491e-01  -3.7186289e-03   1.6228129e-01   5.0675538e-01   1.0818721e-01   2.6625065e-01  -8.5729891e-03  -1.2587885e-01   3.3754583e-02  -4.9087273e-01  -2.2580781e-01  -2.0189074e-02  -2.0327453e-01  -2.6191575e-01  -1.4539884e-01   1.0295524e-01  -1.5198401e-01  -3.4842225e-01  -6.0570233e-02   5.2891914e-01   2.2281130e-01  -4.5747179e-01  -2.2901017e-01   1.6495554e-01   6.3770189e-02   1.8130933e-01  -1.3330970e-01  -1.1671142e-01   9.9420455e-02   1.0115819e-01  -1.4084592e-01   2.5930846e-01   9.1332890e-03   4.4328048e-01   2.3770591e-01  -4.2804400e-01   4.0843207e-01   2.6549326e-01  -1.0678574e-01   3.5272244e-01  -6.9348397e-02  -1.7835116e-01  -3.5766236e-01  -3.2357745e-02  -1.0514964e-02  -4.1489966e-01  -4.6587510e-04   1.8732999e-01  -1.9082032e-01   3.5354864e-01  -2.0383788e-01   1.1375111e-01  -2.0463338e-01   3.0294298e-02  -3.1184913e-01  -3.9965012e-01   3.8016671e-01  -8.0614594e-02   6.9434332e-02  -4.4307425e-01  -2.6080313e-01  -2.6512064e-01   5.8441108e-01   7.0102719e-01   1.3134728e-01  -1.6965109e-01   1.0673801e-01  -2.8691307e-01   2.1437718e-01  -2.5726858e-01   2.0078338e-01  -2.9188976e-01  -1.8308106e-01   5.6426929e-01  -4.5957220e-01   3.7120544e-01  -3.5784610e-01   2.7982936e-01  -5.5487188e-01  -2.5837018e-01  -3.5849447e-01  -1.1862984e-01  -1.2995903e-01  -1.8170807e-01  -4.7189232e-01  -4.9793080e-02  -1.1712723e-02  -8.7938462e-02   1.6822605e-01  -1.0348997e-01  -1.3921388e-01  -2.8182644e-01  -2.0697899e-01  -1.3013306e-01   2.9061154e-01   4.6460050e-01  -1.8269927e-01  -3.9687114e-01  -1.0236947e-01  -3.4268573e-03  -2.6141165e-01   5.8640211e-01   8.3899050e-02   4.4435222e-03  -2.3164395e-01  -2.8076558e-01   6.2466577e-01   4.1519046e-01  -2.1065872e-01  -9.1080897e-02   5.0117664e-01   4.0110413e-01  -3.0088370e-01   2.2608015e-01  -2.4189806e-01   2.1907805e-01  -4.3786108e-02  -1.0333500e-01
  -5.6463271e-02  -1.0845349e-02  -4.4269880e-02  -2.9518786e-01   4.2295853e-01  -8.2201917e-02   6.3879502e-02  -2.1083052e-01  -1.0417059e-01  -1.7441040e-01   3.5268961e-01  -1.9113561e-01   0.0000000e+00  -1.4420607e-01  -1.1331366e-01   2.9876874e-01   6.5607924e-02   3.2670742e-01  -3.3609675e-01   2.3120280e-01   3.5481092e-01  -5.6706775e-02  -3.5679948e-02   4.7822755e-02   3.5435985e-02  -1.5045481e-01  -3.1108591e-01  -2.7675206e-01  -1.0205045e-01  -6.6511786e-02   2.3872864e-01   2.3064949e-01   1.6885998e-01  -4.6707334e-02   3.7405135e-03   4.8129844e-01   2.5489350e-01  -9.6210735e-02  -1.5870502e-01   2.7040334e-01   6.3375696e-01   2.1918256e-01  -1.0082346e-01   1.4392569e-01   8.3905338e-02  -9.7210419e-02   3.0158716e-01   2.4658308e-01   1.6239786e-01   5.4191689e-02   3.0475666e-01  -3.6111748e-01  -1.7638135e-01   1.1090029e-01   1.0445436e-01   1.9259722e-01  -1.6956402e-01  -8.7410975e-02   1.3679361e-01  -3.5405191e-01   2.3812623e-02   2.8338650e-01  -4.0995175e-02   5.5263524e-02  -1.2635924e-02   2.6255526e-02   9.3230507e-02  -1.9746677e-01  -1.2569975e-01   2.9149122e-02   1.4941541e-01   2.4313969e-02  -2.4099921e-01   5.3843488e-02   3.2521951e-01   8.2633334e-02  -9.0017112e-02  -3.4644697e-02   9.6096722e-02   1.4787943e-02  -1.5944753e-02   2.4571663e-01   2.9319530e-01  -2.9818085e-01   1.3876586e-02   9.8225109e-02  -1.6871432e-02  -1.1278666e-01  -1.5559018e-02  -3.6200556e-02   1.3482263e-01   1.7960993e-01  -1.6395365e-01  -1.1637867e-01  -1.4127850e-01   3.6226521e-01   1.4146861e-01  -1.6710711e-01   1.2116073e-01   1.4415506e-01   7.8751890e-02  -1.5310835e-01   2.0149421e-01  -2.3841128e-01  -2.1055578e-01   9.3844888e-02   2.7910567e-01  -3.2502023e-01   1.5823450e-01  -1.2544357e-01   3.5417828e-02  -2.7295414e-01  -3.0829319e-01   9.6796572e-02  -9.7490064e-03   2.0163755e-01  -2.6772340e-01  -1.7564083e-01  -8.2814624e-02   1.6889366e-01   6.9196322e-02  -3.4038679e-02  -1.2112466e-01   1.1856723e-01  -2.4549005e-02  -1.6448611e-01  -1.3784501e-01  -2.5516955e-01  -2.7041203e-01   1.6704806e-01   5.0069011e-01   2.9456436e-01  -1.3472216e-01   6.9079029e-02  -1.2340131e-01  -8.8303860e-02   5.6768914e-02   7.2913015e-02   8.7660185e-02  -2.0862857e-01  -1.0043257e-01   5.5383488e-01  -9.3059361e-02  -1.5148571e-02   2.2351037e-02   1.6263715e-02   2.4558850e-02   3.4964030e-01  -5.6289692e-02   1.5741289e-01  -6.4614746e-02  -2.4481894e-01   1.7892736e-01   2.7266540e-01   1.2035474e-01  -1.7874391e-01  -3.1133973e-01  -3.1496418e-01   4.6341801e-01  -1.4554522e-01  -1.5102492e-01   1.3422070e-01   1.5680325e-01  -1.0005113e-01  -5.9052811e-02  -7.5118460e-02   4.1119469e-02  -2.2450924e-01   2.4233911e-01   1.9782177e-01   2.3419330e-02  -7.5655019e-02   7.8931067e-02  -5.0692133e-02  -1.0676808e-01   2.6451293e-01  -1.1442430e-02
   4.2231341e-01  -3.2081045e-01  -2.7312196e-01   1.6741575e-01  -5.2191635e-01   3.4538400e-01  -6.8810049e-02   2.3839888e-01  -2.4014414e-01  -4.1188330e-01  -6.9307068e-02  -1.5701789e-01  -1.4420607e-01   0.0000000e+00  -1.6585704e-03  -1.7155993e-02  -3.1598760e-01  -1.4590860e-01   9.8374092e-02  -1.6995416e-01   3.7288941e-02   2.1410152e-01  -3.2064827e-02   4.8657043e-01  -3.7697376e-01   1.3333074e-01   5.0106677e-02   3.6592557e-01  -1.7508988e-02   3.5871054e-01  -2.9185312e-01   2.1573406e-01   8.2617457e-02  -1.1230616e-01   3.3630094e-01  -3.4538682e-01  -2.8900628e-01   3.6588061e-02   2.4228998e-01  -3.3768320e-01  -3.3330484e-02   3.1653746e-01  -2.7975291e-01   1.7051402e-01  -1.6522327e-01   1.0779790e-01   7.1906869e-02   3.9037667e-02  -6.5576306e-02  -4.3004993e-01  -6.7647483e-02   9.2531910e-02  -7.9438645e-02   1.4021562e-01   2.2446123e-01   8.6100081e-03  -3.0837416e-02   1.3957596e-01  -4.2375594e-02   4.6268111e-01  -2.1800229e-01  -2.1413666e-01  -3.8236692e-01  -3.0432007e-01  -9.4904872e-02  -2.3076055e-01   2.0548425e-01  -5.2037638e-02   3.8536728e-01   1.0463229e-01  -2.1359554e-01   3.9130276e-01   3.6401441e-02   2.7092757e-01  -2.6554854e-02   1.2828231e-01  -2.5758521e-02   2.5165824e-01  -3.1311598e-01  -2.7429119e-01   1.3882207e-01   2.5654300e-02  -3.9745217e-01  -5.1853254e-02  -2.1465606e-01   3.6894338e-03   2.5959896e-01   4.3660096e-01  -1.1557629e-01   4.2946812e-01  -5.4146972e-01  -1.0118115e-01  -1.7089022e-01   1.0893732e-01  -6.2514160e-02  -4.5035509e-01  -1.9429661e-01   3.5762553e-02  -3.0900268e-01  -1.8218688e-01   1.8318737e-01   2.2329938e-01  -4.9322789e-02   4.0957489e-01   3.9921130e-01   7.0991826e-02  -2.2256062e-02   3.7574755e-01  -4.0793627e-01   3.1813305e-01  -3.3543919e-01   4.9700243e-01  -6.6502066e-02   4.0302816e-01   3.8089065e-01  -3.2971858e-01   4.3016675e-01  -2.3284246e-01   3.9950887e-01   4.1848415e-01   4.1607682e-01  -3.3837970e-01  -1.2880160e-01  -7.0126562e-02   2.5616509e-02   6.5710039e-01   1.0832923e-01  -1.3080522e-01   1.1831535e-01   3.2221242e-02  -2.5080109e-01  -3.2143271e-01   7.0949329e-03   1.5780915e-01   2.5926110e-01   3.0278926e-01  -2.0738028e-01   2.9054495e-01   1.3237704e-01   3.4401672e-01   7.4091984e-01  -7.3383126e-02   2.2267977e-01   3.8144937e-01  -2.5997134e-01  -2.5625188e-01  -2.6747871e-01  -3.1995499e-01   1.4690456e-01  -2.1026336e-01   5.7407991e-01   2.6704798e-01   3.5587371e-01  -3.9309971e-01  -2.4933679e-01   2.9599785e-01   2.0276056e-01  -1.3291287e-01  -1.3346441e-01   4.0891615e-01  -2.4927110e-01   8.9022201e-02  -3.5621706e-01   5.6362322e-02   3.1329141e-01  -2.4626515e-01  -2.6969211e-01   2.1510422e-01   4.3482223e-01  -4.3037622e-01  -2.0508472e-01   1.1882244e-01  -1.9521730e-02   2.0919820e-01  -8.1608791e-02   3.0560794e-02   3.6308330e-01
