   0.0000000e+00  -3.7450095e-01  -2.4670491e-01  -8.5230753e-02  -5.0797525e-01   1.2897665e-01   4.4254185e-01  -4.5094188e-01  -4.6809694e-01  -4.4604885e-01   8.5312554e-03   2.1450812e-01  -9.8690604e-02   4.6717960e-01   3.4283199e-01   9.5148431e-02  -3.7038036e-01   3.6679745e-01  -1.2473986e-01  -4.6932859e-01   5.3272321e-02   1.2583176e-01   2.3803927e-01   7.6059849e-01  -7.1790425e-02  -4.3699669e-01  -2.7136193e-01   3.9777676e-01  -8.7079826e-02   3.1169324e-01   4.2680490e-01  -1.0728635e-01  -3.5651998e-01   2.1916735e-01  -4.0323431e-01  -2.5448446e-01  -7.0553247e-02   4.7193656e-01   3.0905941e-01  -3.4002546e-01  -3.9803893e-02  -8.5127366e-02  -3.3642119e-01  -5.9346530e-02   2.4465458e-01   2.7485530e-01   1.6820858e-01   2.1681274e-01   2.2826441e-02  -4.4823028e-01   2.6074623e-01  -4.3299324e-01   7.7118259e-02  -1.8854737e-01  -9.8389882e-02   3.8146382e-01   7.1159973e-02  -2.8502667e-01  -3.8941222e-02  -1.5999669e-01   2.6804926e-01  -1.3297674e-01  -2.5491981e-01   2.4100446e-01  -2.4885315e-01   1.3183125e-02   2.3479520e-02  -5.3968456e-03   2.1314071e-01   2.8396296e-01  -4.5515841e-01   3.3903919e-01  -1.3089957e-01  -3.3588125e-02  -6.1265625e-02  -1.3931201e-01   4.1366860e-01   8.1859435e-02  -4.4071184e-01   6.2800938e-02   1.1866021e-01   2.8461439e-01  -5.6316523e-01  -1.1416401e-01  -1.3956815e-01  -1.8259829e-02  -2.2543137e-01   4.4801528e-01  -1.9877789e-01   9.1153735e-01  -5.5716526e-01   1.1399257e-02   1.5948097e-02  -2.2146714e-01   5.4914946e-01  -5.1308324e-01   1.9002040e-01  -5.0311989e-01   1.0621059e-01  -3.8943694e-02   3.4389352e-01   7.9894057e-03  -1.8877736e-01   4.4408525e-02   3.7939635e-01  -3.1227750e-01  -3.2520590e-01  -2.4791340e-01   8.3891296e-02   3.1389533e-01  -3.3437601e-01   2.1083930e-01   1.9060722e-01   8.5251791e-01   6.6739284e-01  -3.0883432e-01   1.1531387e-01  -1.9970159e-01   4.6145503e-01  -6.7903990e-02   7.0173514e-01  -3.2764255e-01  -1.4011962e-01  -2.8091469e-01   5.9819244e-01  -8.5439933e-02   7.2741383e-02  -1.1120634e-01   7.5411845e-03   9.4326630e-02   1.6436487e-01  -3.9629871e-02  -1.1291902e-02  -1.6323971e-01   6.9404796e-02  -3.8611146e-01  -1.5770609e-01   3.4952849e-01  -1.7960872e-01   6.5648400e-01   8.1275190e-01   1.6805126e-01   1.6665324e-01   2.9819738e-01   3.5716275e-02  -1.2933940e-01  -1.3635262e-01  -1.2198064e-02   2.4954961e-01  -3.2405824e-01   5.5664240e-01  -1.3180496e-01   5.3475725e-01  -4.0573198e-02  -2.2490582e-01   7.8123335e-01   7.2591138e-01   1.6738935e-01  -4.2740648e-02  -5.3346872e-01  -1.9753619e-01   8.0670044e-02  -4.7646430e-01   3.2878385e-01  -4.9378464e-01  -3.8329451e-01   1.6977438e-01   2.1829445e-01   6.7853098e-01  -5.8717876e-01  -1.2587661e-01   6.0177511e-01   6.4943808e-02   4.2259926e-01   1.2063950e-02  -2.4014356e-01   4.0315043e-02
  -3.7450095e-01   0.0000000e+00   1.6783011e-01  -6.7736307e-02   2.7666197e-01  -1.5711329e-01  -2.4167922e-01  -1.1550255e-01   5.4315305e-01   1.7665276e-01  -5.4032695e-01   7.3561200e-02  -5.7587668e-02  -9.0881414e-02  -6.4878432e-02  -2.1004826e-01   2.4268893e-01  -1.5585771e-01   1.1492163e-01   1.7922982e-01  -3.4537083e-01  -2.4152785e-02  -5.5215078e-01  -4.5304198e-01  -5.9047791e-02   9.8915359e-02   4.0959075e-01  -3.3989916e-01   2.4691704e-01  -5.3290918e-03  -2.9498825e-01  -5.0813846e-02   1.5159939e-02  -4.7915543e-01   5.8451452e-01  -1.5550097e-01   3.7484013e-01  -2.7986086e-01  -3.2884117e-01   2.5840662e-01  -2.0864988e-02  -2.4932831e-02   2.2254291e-01  -2.4034464e-01  -1.0648408e-01  -2.6385143e-01  -4.6360025e-01   4.1846391e-02   2.7580206e-01   2.6986665e-01  -2.2345998e-01  -1.0218243e-02   3.8545140e-01  -4.8578695e-02   1.8399202e-01  -4.0860245e-01  -5.6095442e-02  -5.7969385e-02   3.3376109e-02   3.1653969e-01  -1.1209892e-01   2.8559157e-01   4.7578616e-01   4.7174565e-02   4.0508553e-01   8.2054840e-02   2.9409222e-02  -1.5626032e-01  -1.5287290e-01  -1.8387880e-01   2.7282029e-01  -1.3001836e-01  -3.8711033e-02   2.4051661e-01  -8.8751800e-02  -2.0331782e-01  -2.5911393e-01  -2.5836685e-02   6.4211588e-01  -4.4953060e-01  -4.1146507e-01  -2.0321193e-01   2.4244344e-01   6.3269333e-02   1.0490387e-01  -2.4136597e-01   4.9497432e-01  -4.1153881e-01   1.0652530e-01  -3.9107357e-01   4.2361538e-01  -1.6499169e-01  -3.0616898e-01   2.2524936e-01  -2.5485514e-01   2.9421951e-01   1.0944780e-01   1.8419424e-01   1.8327545e-01  -4.1210420e-01  -1.9378579e-01  -2.3902401e-01   2.3669149e-02   4.6039229e-01  -1.1675217e-01  -9.2011918e-02  -8.8995682e-02   5.3598630e-02   2.0093500e-01  -3.1554599e-01   3.0683179e-02  -2.3686798e-01   9.8669195e-02  -4.1193431e-01  -4.6667948e-01   7.8213331e-01  -9.6035186e-02   6.1166771e-02  -3.7929941e-01   5.0364390e-02  -3.8263030e-01   4.3593996e-01   3.1293241e-01   3.3121803e-01  -3.4268146e-01   3.5659749e-01   1.6827441e-01  -2.3826707e-01  -1.0429358e-01  -9.8332879e-02  -4.9937718e-02   2.8919502e-01   4.9719393e-01  -4.7305835e-01   1.7632325e-02  -1.9341479e-01  -1.6955744e-01  -1.2497853e-01  -1.8076929e-01  -3.0654688e-01  -4.0997975e-01  -2.2164256e-02  -1.3260156e-01  -3.8541971e-01  -3.0840641e-01   1.6726712e-01  -1.1968181e-01   2.0350041e-01  -3.5260974e-01   1.5596763e-01  -4.9535833e-01  -1.7506712e-01  -3.5717551e-01   2.2578412e-01   2.5095947e-01  -4.2233257e-01  -3.3366517e-01  -2.0016533e-01  -2.9651331e-01  -1.2434069e-01   3.0477884e-01  -1.7441627e-01   1.3119456e-01   1.1832223e-01   4.5767714e-02   6.6632908e-01   2.6479406e-01  -2.2007481e-01  -3.9680156e-01   2.0174474e-01   5.9630296e-01  -1.8893486e-01   2.0376304e-01  -1.8938990e-01   2.3964379e-03  -3.1476422e-01  -7.4361293e-02
  -2.4670491e-01   1.6783011e-01   0.0000000e+00  -2.7808411e-01   3.6577444e-01  -2.2708486e-01  -4.5467502e-01   8.1816320e-02   2.0286109e-01   7.1321627e-01  -5.6330615e-02  -2.2301699e-01  -3.2266122e-01  -2.7034342e-01  -3.9546107e-01   2.2457922e-01   8.8690523e-01  -3.1014685e-01   2.0631076e-01   4.1379993e-01  -5.6846034e-01  -4.9671259e-01  -2.8707024e-01  -1.5909915e-01   1.5586179e-01   3.0768851e-02  -7.3967768e-02  -2.9659564e-01   1.7016875e-01  -4.7972080e-01  -2.1336629e-01  -7.8900694e-02   2.1851142e-01  -2.5486157e-01   1.7420233e-02   2.9529635e-02  -5.6605282e-02  -1.2559595e-01   3.1677429e-02   5.1234597e-01  -2.5480520e-01   8.5230394e-02   4.2624491e-01   2.7043448e-01  -6.4466981e-01   2.8046229e-01  -4.1748604e-01  -5.5624216e-01  -3.9572435e-01   7.4077748e-01  -1.1537939e-01   1.4534624e-01  -2.4696442e-01   1.9588319e-01  -9.5146535e-02  -5.3891596e-02  -1.6297154e-01  -1.6669234e-01  -2.1023987e-01   3.9536377e-01   4.8898417e-02  -3.8933646e-01   4.0657901e-01   3.7673431e-02  -2.8747097e-01  -3.1525256e-01  -7.2183335e-02  -1.0474779e-01  -4.5301820e-01   3.7600315e-01   3.5891003e-01  -4.6732129e-01   2.6120259e-02   6.0410928e-01   9.7422519e-02  -8.0498874e-02  -1.2468095e-02  -5.0452250e-02   4.0721187e-01  -7.4079481e-02  -1.8406044e-01   8.9315185e-02   4.8034899e-01  -1.9738291e-01   6.5639404e-01  -1.4438288e-01   1.2793755e-02  -2.2215576e-01   9.0600342e-02  -3.3300676e-01   4.9159195e-01   5.3038554e-01  -6.5193560e-02   2.2937581e-02  -9.6203059e-02   4.1786495e-01  -2.8090048e-01   2.0708007e-01  -1.5987359e-01  -3.5926644e-01  -2.4830967e-02   4.7965177e-01  -1.5884455e-01   2.3611938e-02  -5.6516176e-01  -3.8789949e-02   3.3612804e-01   5.7948862e-03  -3.7943661e-01  -4.0719271e-01   6.0040826e-01  -5.4231798e-01  -1.6197932e-01  -2.5640199e-01  -2.7665515e-01  -4.2147696e-02  -1.6838367e-01  -2.2610391e-01  -9.8294408e-02  -1.0756221e-01  -2.2737831e-01   4.1878499e-01   1.6879453e-01  -1.9226221e-01  -3.7478922e-01   1.2890985e-01  -4.5824932e-01  -2.3602773e-02  -2.3198211e-01   5.9632002e-01  -2.1432551e-01  -4.5995002e-01   3.0345469e-01   1.0032707e-01  -3.8577386e-01  -1.8073894e-03   1.6533400e-01  -3.4657744e-01  -1.7331947e-01  -6.7863300e-02  -8.0077069e-02  -1.7721098e-01  -1.7526383e-01   2.8133299e-01   1.9205326e-01  -8.7744937e-02   2.2828265e-01  -4.4680515e-01  -4.2284146e-01  -1.3959435e-01   2.8219447e-01  -1.1283920e-01  -7.7645148e-02  -7.6579632e-02   8.2635620e-01  -2.0665983e-01  -2.3615319e-01  -3.0432825e-01   2.4637327e-01   1.2015465e-01   1.7046468e-02  -9.9896938e-02   1.9496531e-01  -5.3159050e-01  -1.5738634e-02   1.9463280e-01  -2.7936852e-01  -8.1743499e-02  -1.4639195e-01   3.4568041e-01  -1.3962353e-01  -1.7792768e-01  -4.9659517e-01  -2.5007997e-01   1.0601165e-01   3.0953341e-01  -1.1104910e-01
  -8.5230753e-02  -6.7736307e-02  -2.7808411e-01   0.0000000e+00   1.4163300e-01   6.1695402e-03  -7.4268099e-03   9.0027613e-03  -1.9800079e-01  -2.1298512e-01   3.3935278e-02   1.1624171e-01   6.9836293e-02  -1.1520327e-01   8.2096034e-02  -1.5809024e-01  -2.6365677e-01   3.2714207e-01   5.7685008e-02   1.6350132e-01   1.7400131e-01   5.3669343e-01  -9.3832578e-02   6.7263916e-03   1.0740358e-01   7.9666448e-02   1.3343049e-01  -5.2271266e-02  -4.2291443e-02   2.3340645e-01  -3.8049478e-02   4.0020298e-01   1.5043810e-01  -4.7569543e-02   1.4248023e-01   2.0930740e-01   2.2665805e-01   5.6908622e-02  -1.0083365e-01  -1.5159079e-01   2.1634448e-02  -4.6595629e-03  -3.3876149e-02  -1.9229559e-01   1.1389057e-01  -2.6710766e-01   2.1770838e-01   1.0163062e-01   2.0695290e-01  -3.7988642e-01   1.8267674e-01  -3.0291561e-02  -9.4789281e-02  -3.2246851e-01   1.9598841e-01  -1.2434201e-01   3.4752821e-01   4.9633593e-01   1.6402960e-01  -2.4532714e-01   4.2692989e-02   3.9428085e-01  -1.1605528e-01  -4.3691457e-01   1.4627130e-01   5.0588469e-02   1.8857273e-01  -1.9685326e-01   1.7866071e-01  -3.2732866e-01  -6.5760691e-02   2.5912795e-01   1.5535715e-01  -3.5850969e-01  -6.5108720e-02   2.7250619e-01   1.2734130e-02   8.0005798e-02  -1.3353537e-01   3.1887575e-01   1.9932912e-02   1.7691625e-01  -1.2273858e-01   1.3006426e-01  -3.5258433e-01   1.0166487e-01  -2.6911861e-01   6.4371622e-02   6.4421530e-02  -7.7221007e-02  -1.2692896e-01  -9.5326716e-02  -2.0747776e-01   1.8194393e-01   1.2101191e-01   6.1462656e-02   3.8822843e-01   5.3721508e-02   2.3674244e-01   1.1095525e-01  -1.5672305e-01  -2.6713117e-01   2.2745470e-01  -9.9075674e-02   2.6965151e-01   5.5079270e-01  -3.2286650e-02  -3.8534933e-02   2.4264324e-01   1.3557320e-02  -2.3990388e-01   2.9198692e-01   6.6039257e-02  -1.9178648e-01   1.4611089e-02   9.5046301e-02   8.4960040e-02   9.6263324e-02  -1.6628320e-01   6.0301960e-01  -9.6692932e-02   1.3023853e-02  -3.0595855e-01   2.6459303e-01  -6.2778573e-02  -2.4517841e-01   1.8178071e-01  -1.4484998e-01   4.9920033e-01  -4.0380123e-01  -1.6729915e-01   2.2412007e-01  -3.7382392e-01  -1.2395244e-01   3.7397611e-01   1.5764613e-01   1.5285721e-02  -6.0920294e-02  -7.4575326e-04   1.2421307e-01  -1.2145933e-01  -4.3616874e-02   8.6190519e-02  -3.0195857e-01  -2.0506025e-01   1.2563657e-01  -2.4195052e-02  -6.7296783e-03   1.6448814e-02   5.4745616e-02  -3.0475199e-01  -1.3746524e-02  -4.8406822e-02   2.3152210e-01  -3.6173688e-01  -1.0669190e-01  -1.1669152e-01   1.2098099e-01   1.3587103e-01  -2.1384753e-02  -1.8056897e-01  -4.8606691e-02  -2.0402993e-01   2.0025468e-01   4.5726986e-01  -9.3826141e-03   1.4997287e-01  -1.1137774e-01   4.5761306e-02  -1.0313563e-02   1.2036474e-01  -4.1926649e-02   1.0326914e-01   5.6962811e-02   1.5756669e-01  -1.6342043e-01   2.9167711e-01
  -5.0797525e-01   2.7666197e-01   3.6577444e-01   1.4163300e-01   0.0000000e+00  -3.0555439e-01  -3.2907371e-01  -4.7436038e-02   2.1062957e-01   4.3637331e-01  -7.8774874e-02  -5.5340413e-02  -8.9690295e-02  -3.8764505e-01  -3.0613824e-01  -9.5872677e-02   4.4729138e-01  -1.6088906e-01  -7.6517911e-02   8.4046845e-01  -2.3310376e-01  -7.9733715e-02  -1.8410246e-01  -3.1021210e-01   1.5595508e-01  -7.3836814e-02   1.9471529e-01  -2.1535065e-01   1.0171306e-01  -1.4882912e-01  -3.7940971e-01   1.0402405e-01   3.0571578e-01  -1.0629194e-01   1.4654958e-01   5.0872576e-01   1.1313708e-01  -1.6741183e-01  -2.3111644e-01   2.3488385e-01  -4.8945382e-02   1.9651740e-02   2.7293668e-01  -1.1407712e-01  -3.7408516e-01   1.5261906e-02  -7.4174503e-02  -2.0074904e-01  -2.9303617e-02   3.0085592e-01  -3.6007453e-02  -1.8575892e-02  -8.9276083e-02  -4.1000362e-02  -2.5324535e-02  -2.1612999e-01  -9.2292492e-02   1.1246090e-01   2.4197854e-02   6.3797351e-02  -1.1212769e-01   4.7719855e-02   2.6039977e-01  -2.0051541e-01  -1.8361930e-01   1.3494304e-01  -2.0945554e-01  -1.7699663e-02  -3.5254251e-01  -1.0854437e-01   6.2764286e-02  -1.4557312e-01   1.6484150e-01   7.9410407e-03   4.9627703e-02  -6.8505644e-02  -1.5562174e-01  -2.4914736e-01   6.3568193e-01  -9.1548046e-02  -2.9200495e-01   3.8825673e-02   2.8768109e-01  -1.6488239e-01   1.6574979e-01  -7.6344575e-02  -4.4927410e-02  -3.1008457e-01   3.6559272e-02  -4.6549502e-01   5.7581471e-01   2.1007152e-01   6.6775019e-02   4.5272760e-02  -1.4752571e-01   6.9990622e-01   3.8957411e-02   1.2265678e-01   3.6125375e-02  -1.6833490e-01  -3.5064450e-01  -2.2708599e-02  -1.4682297e-01  -9.6220395e-02  -2.7088441e-01  -1.4214314e-02   3.5980865e-01  -1.3189605e-01  -4.0880174e-02  -1.0003706e-01   3.0573526e-01  -2.0212168e-01  -7.1370452e-02  -4.7374692e-01  -4.1969852e-01   3.5705263e-01  -2.4996678e-01   2.1404066e-01  -3.9200452e-01   1.0835936e-01  -2.5405212e-01   6.2784055e-01   1.2452037e-01  -6.0142205e-02  -2.7320933e-01  -1.2608724e-02  -1.8306988e-01  -3.6218951e-02  -2.7040609e-02  -7.2501608e-02  -2.5094445e-01  -2.3665520e-02  -9.2155915e-02  -5.4794309e-02  -1.2735075e-01  -6.4366635e-02  -3.2521504e-04  -4.2418004e-01  -1.3444803e-01  -1.5632360e-01  -3.4786778e-01  -1.5451616e-01   3.8375135e-02  -1.0855706e-01  -1.1565395e-01   9.7440950e-03  -6.0040506e-02   9.1134481e-02  -6.4443632e-02  -5.1783053e-02  -1.7736653e-01  -1.6326675e-01  -1.5099994e-01   2.4568393e-01   2.9531084e-01  -3.4282687e-01  -3.8022329e-01  -7.6350322e-02   1.6861474e-01   2.7636915e-02   2.1978298e-01  -1.1899637e-01   2.9277025e-01  -2.4203172e-01   1.6955150e-01   3.7538342e-01  -1.1324635e-01  -2.5671026e-01  -2.5784834e-01   4.3177344e-01   1.8373761e-01  -2.5797270e-01  -8.4280092e-02  -2.8605874e-01   8.2306713e-03   2.7096786e-01   3.3734589e-02
   1.2897665e-01  -1.5711329e-01  -2.2708486e-01   6.1695402e-03  -3.0555439e-01   0.0000000e+00   5.0673475e-01  -7.9503279e-03  -1.6408224e-01  -2.0227493e-01   9.1109586e-02   3.8225586e-01   1.0798152e-01   3.5612742e-01   1.4992545e-01   2.5151634e-01  -3.0508129e-01  -3.0091415e-02  -3.5902000e-02  -2.8411199e-01   2.1941453e-01   2.1315159e-01   2.9583480e-01   3.2100039e-02  -2.1589920e-01   3.9047509e-02   1.2093197e-01  -7.3026333e-02   8.7882121e-02   3.9920696e-01   2.6257404e-01  -2.6037775e-01  -1.8923062e-01   4.1535420e-01  -7.5419663e-02   2.7924816e-02  -1.6804037e-01  -1.0063286e-01   1.7354791e-01  -1.1132841e-01   1.7812987e-01  -2.4516192e-02  -2.0449068e-01   2.7658024e-02   1.8632066e-01  -6.1443903e-03   4.0270945e-01   4.1223248e-01   2.0177874e-02  -2.1609405e-01  -6.4266664e-02  -2.8206150e-02   2.1092016e-01  -1.2878618e-01  -1.4789316e-01   4.4594874e-01   4.5494438e-01  -1.9854460e-02   1.7799349e-01   1.3718949e-01   1.0998964e-01   9.3634263e-02  -2.2879484e-01   1.4214359e-01  -1.4305659e-01   2.2817512e-01   6.2320223e-01   1.2583823e-01   5.6379935e-01   3.1676583e-01  -2.3252775e-01   2.8645074e-01  -4.8647273e-02  -8.9915656e-02  -1.1050500e-01   3.8582107e-02   9.6872973e-02   4.9182595e-02  -2.3355176e-01   2.0054284e-02   4.0166254e-01   1.8315622e-01  -3.8462488e-01   1.1665811e-01  -3.5342571e-01   2.5946354e-01  -9.7966078e-02  -3.4541879e-03   1.9259601e-02   1.0294326e-01  -4.8035705e-01  -1.1504619e-01   2.8995341e-01  -1.3848291e-01  -4.6277233e-02  -3.6736839e-01   4.7224255e-02  -6.9995144e-02   2.9238043e-01   3.1916266e-01  -4.5953303e-02   1.1741156e-01   1.3934614e-01   1.0032133e-01   4.0566260e-01  -6.7007816e-02  -2.9945360e-01   2.4723248e-01   8.4568268e-02   4.3030910e-01  -9.9291518e-02   3.7521449e-01   3.1517543e-01   1.4009208e-01   3.8704534e-02  -1.6684292e-01   3.0123860e-01  -1.2665964e-01   2.9257066e-01  -3.2522285e-02   8.2025615e-02  -2.8934970e-01  -1.3307809e-01  -2.4681342e-01   1.3729075e-01   4.3256997e-02  -3.2832495e-02  -2.9744836e-02   1.9347104e-01   1.2537077e-01   5.5973926e-02   2.2515457e-01  -2.9636051e-01   7.1089231e-02   2.4664615e-01  -7.0819708e-02  -2.3669433e-01   2.6088893e-01   2.4404067e-01  -8.4998610e-02   4.0559197e-02   1.4365795e-01   3.0639793e-01   3.4530151e-01  -1.0368204e-01  -1.4144018e-01   1.0725793e-02   1.3142215e-01   4.2710745e-01  -2.4583291e-02   5.7553580e-02   1.9343549e-01  -1.1939542e-01  -2.0694312e-01  -9.9780224e-02  -2.1209845e-02   1.0148367e-01   3.4723044e-02  -1.8613620e-01  -2.7111555e-02  -8.7466183e-02   2.6783077e-01  -1.0359478e-01   3.3363084e-01  -1.0809929e-01  -2.0700597e-01   2.0762319e-01   2.1134315e-01  -1.8278085e-02  -3.4767131e-01  -1.0413186e-01   5.9356665e-02   1.9130274e-01   5.9474934e-01  -9.4820093e-02  -2.4923142e-01   2.9061013e-01
   4.4254185e-01  -2.4167922e-01  -4.5467502e-01  -7.4268099e-03  -3.2907371e-01   5.0673475e-01   0.0000000e+00  -4.7607041e-01  -4.3664569e-01  -4.3105184e-01   5.7640029e-02   7.6930695e-01   1.5954129e-01   4.1084764e-01   6.5696620e-01   2.6113641e-01  -6.6144500e-01   2.5851092e-01  -2.4012159e-01  -2.6852866e-01   5.1215789e-01   3.4028319e-01   6.8909292e-01   1.2760680e-01  -3.0243027e-02  -4.7681580e-01  -3.2107175e-02  -1.0386178e-02  -1.0444136e-01   6.6120842e-01   6.0796194e-01  -3.3150025e-01  -3.6337206e-01   7.2160843e-01  -1.0381151e-01   1.0138366e-01  -9.2883075e-02   5.1216306e-02   2.8928754e-01  -1.4739349e-01   1.1718919e-01  -1.4985357e-01  -5.2471187e-01  -2.2905841e-01   6.0848743e-01  -4.5798693e-02   5.8528998e-01   7.5626090e-01   1.0899153e-01  -5.8660735e-01   2.2981753e-01  -5.0995943e-01   3.6103969e-01  -3.2039963e-01  -1.3663141e-01   4.2686863e-01   1.5635407e-01  -2.5867077e-01   7.7436068e-02  -5.5549531e-02   1.1210260e-02   1.2349100e-01  -4.3080345e-01   1.7844505e-02  -2.1862105e-01   6.1432135e-01   2.8086823e-01   2.6567284e-01   4.3211911e-01   5.1321357e-01  -3.6677478e-01   5.6997793e-01   6.0866476e-02  -3.2362807e-01  -9.5628155e-02  -1.7298897e-01   1.4234132e-01  -2.4940281e-01  -3.5956995e-01   6.5453992e-02   1.6918578e-01   9.4465953e-02  -6.7898631e-01  -8.6783179e-02  -6.6400133e-01   1.3949844e-01  -9.1888101e-02   3.1631122e-01   4.4922557e-02   3.5840931e-01  -7.6445343e-01  -2.0031644e-01   4.8488189e-01  -3.7528228e-01   1.6525800e-01  -5.9557490e-01   3.2172989e-01  -5.4314668e-01   2.8030627e-01   5.3326080e-01   3.4667540e-02  -1.3167211e-01   1.4988703e-02   4.2105346e-02   7.5112111e-01  -2.7982546e-01  -3.7733097e-01  -3.5601333e-01   3.9232666e-01   5.6096622e-01  -3.0264084e-01   5.5842525e-01   1.9747713e-01   2.6547553e-01   3.5894180e-01  -1.9495908e-01   1.4380946e-02   9.7228630e-02   4.0984974e-01  -2.5289568e-01   2.4891470e-01  -2.7241713e-01  -1.2227677e-01  -2.4795622e-01   1.7393883e-01   7.5309869e-02   4.1185521e-01  -5.6212527e-02   5.4907939e-02   9.3880491e-02   2.0468189e-01   3.6945653e-01  -3.4402741e-01   2.8178206e-02   2.2459957e-01  -4.1573980e-01  -3.8822414e-01   5.9223288e-01  -1.9529456e-01   1.6578059e-01   3.6176512e-01   2.5779794e-01   1.5554766e-01   4.6991281e-01   2.5148238e-01  -1.6170256e-02   2.6876300e-01   2.6920422e-01   6.6955556e-01  -3.6103884e-02   9.3155492e-02   1.7526282e-01   2.6342599e-01  -1.8652375e-01  -3.6948919e-01   1.8202138e-01   2.4576740e-01   7.5303108e-02  -2.1035616e-01  -3.9290233e-01   1.8706906e-02   1.3083978e-02  -2.5449540e-01   5.3678599e-01  -3.4997022e-01  -2.9034408e-01   4.7392675e-01  -4.6496111e-03   3.3491504e-01  -6.3097443e-01  -2.5769414e-02   1.8603785e-01   4.3458143e-01   5.7264941e-01   2.5822315e-02  -1.6246288e-01   2.3583288e-01
  -4.5094188e-01  -1.1550255e-01   8.1816320e-02   9.0027613e-03  -4.7436038e-02  -7.9503279e-03  -4.7607041e-01   0.0000000e+00   1.7944201e-01   3.6663307e-01   2.2686188e-01  -5.1809687e-01  -6.2814075e-02  -3.3264729e-01  -2.9150318e-01  -6.3495419e-02   2.4875400e-01  -4.3416056e-01   2.5524965e-01  -3.5583756e-02  -8.7788508e-02  -1.7609476e-01  -2.9498176e-01  -2.0440607e-01  -1.6082804e-01   6.7086195e-01   2.7416077e-02   1.6546496e-01   5.1164831e-02  -4.6773405e-01  -2.7724463e-01   1.6374850e-01   9.1114889e-02  -1.9401151e-01  -4.0930675e-02  -7.2367804e-02  -3.4178177e-01  -2.4245519e-01  -1.2896331e-01   6.9495919e-02   1.6020141e-01   1.6614442e-01   3.3607716e-01   4.7375172e-01  -1.8956744e-01  -2.1161252e-01  -3.2141507e-01  -4.2386981e-01  -3.7036633e-01   2.8369306e-01  -5.0618353e-01   7.7883248e-01  -3.4871641e-01   2.8216818e-01   1.0735147e-01  -1.4826653e-01   1.5322718e-01   3.8931344e-01   1.2057949e-01  -3.6149267e-03  -9.4236955e-02  -3.3156355e-01   5.9839407e-02   4.6279726e-04   1.2169731e-01  -4.7385631e-01   2.8815897e-02   8.1612534e-02   5.2818472e-02  -4.0273588e-01   3.4795086e-01  -5.0226994e-01  -1.5701862e-02   1.5210714e-01   2.9233595e-02   5.1834686e-01  -2.8160900e-01   4.7552889e-01  -1.8778028e-02   1.5188074e-02   4.6596067e-01  -1.4468509e-01   5.4140191e-01   4.5472210e-01   2.5057205e-01   3.5813088e-01  -7.4549252e-02  -6.0879673e-02   2.9326856e-02  -4.3579141e-01   3.6034267e-01  -8.6622661e-02  -1.1206226e-01   1.8774069e-01  -4.3827204e-01   2.2893329e-01  -5.7063068e-01   7.3872873e-01  -1.5202927e-01   1.0331270e-02   3.1799253e-02   2.1831929e-01   4.3978373e-01  -2.7016731e-01  -4.7221335e-01   3.4656478e-01   2.4066616e-01   6.2176284e-01  -4.7558142e-01  -3.4195494e-01   3.3720204e-01  -1.7579125e-01  -4.7882156e-02  -3.4076942e-01  -1.1496762e-01  -8.0119360e-02   2.0413081e-01  -1.9559316e-02  -1.1602381e-01   7.6885710e-03  -3.8386128e-01  -5.3560591e-02   2.9220689e-02   1.2995402e-01  -2.1855998e-01  -1.6716232e-01  -1.7734514e-01   2.6385640e-01   8.4427846e-02  -1.6039024e-01  -1.3465782e-01  -2.0740766e-01  -4.4022706e-02   2.3986619e-01  -1.1092045e-01   8.6083662e-01   3.8132330e-01  -2.0819044e-01   6.4316818e-01  -4.2839981e-01  -3.6242864e-01  -2.5468555e-01  -5.5246065e-02  -2.5772798e-01   7.3897575e-02   1.0268132e-01   1.5188442e-01  -3.2913458e-01  -4.0490967e-01   2.7990826e-01  -1.2495356e-01   4.4255758e-01  -2.4398289e-01  -1.3770832e-01   1.0297739e-01  -2.9127222e-01  -3.0802455e-01  -1.8119304e-01   2.3628969e-02   7.8633869e-01  -1.0587465e-01   8.1872725e-02   2.0398712e-01  -4.0371545e-01   4.6886233e-01   9.7894542e-02  -3.5715825e-01   2.4767209e-01  -4.0033065e-01   5.1356694e-01  -4.8165709e-02  -3.6556870e-01  -4.1236031e-01  -3.8336107e-01  -1.5211345e-01   1.5274833e-01  -1.7244751e-02
  -4.6809694e-01   5.4315305e-01   2.0286109e-01  -1.9800079e-01   2.1062957e-01  -1.6408224e-01  -4.3664569e-01   1.7944201e-01   0.0000000e+00   3.0997230e-01  -2.6786623e-01  -9.0949717e-02   2.2064160e-03  -2.5842920e-01  -1.2758531e-01  -3.7174154e-01   2.7774794e-01  -1.9648374e-01  -8.3849465e-03   1.8654912e-01  -3.7283004e-01  -3.6361804e-01  -4.2194916e-01  -2.6431425e-01  -3.6125728e-02   3.1295876e-01   3.6209373e-01  -7.1534084e-02   1.7066455e-01  -4.5841462e-01  -4.7705108e-01   1.1143257e-04  -4.1954867e-02  -3.3831652e-01   5.8297394e-01  -2.1953397e-01   3.7407814e-01  -3.4142035e-01  -5.5728857e-01   2.9944098e-01  -1.7810028e-01   1.8483234e-02   4.7884948e-01  -1.3812845e-01  -2.0439785e-01  -3.1083917e-01  -3.3295008e-01  -2.9876059e-01  -3.0525070e-02   4.8137264e-01  -1.6765989e-01   1.4428825e-01   1.7026547e-02   2.1735205e-01   4.1243240e-02  -3.3066087e-01  -2.6591231e-01  -4.0723002e-02  -8.0224818e-02   2.3805403e-01  -2.5086801e-01   3.8285713e-02   5.0122045e-01   8.7779559e-02   2.8147607e-01  -1.0587983e-01  -1.9013847e-01  -7.4645497e-02  -3.1170205e-01  -2.7702696e-01   4.0727510e-01  -2.9840944e-01   1.2087091e-01   3.2754339e-01   1.5000132e-01  -7.1697668e-02  -3.6539874e-01  -6.7233566e-03   4.5845374e-01  -3.1181876e-01  -2.1118365e-01  -2.5096244e-01   4.1132303e-01   9.2981729e-02   3.1505684e-01  -1.9148032e-01   5.8647426e-01  -5.4027845e-01  -1.3090174e-03  -3.9179815e-01   4.3623875e-01  -1.3529252e-01  -1.1776123e-01   2.7029678e-01  -4.1588751e-01   3.9759988e-01  -1.7571210e-01   2.6715862e-01  -2.7316500e-01  -1.9690729e-01  -2.0537345e-01   1.6172762e-01  -1.5206312e-01   3.5941392e-01  -3.0616678e-01  -7.1722095e-02   1.6510880e-02   2.9453498e-01   4.1330088e-02  -4.6383191e-01   3.5949223e-01  -4.8198186e-01   2.3535338e-04  -3.9064366e-01  -3.5511556e-01   4.2190436e-01   1.3114077e-01   1.3233604e-01  -4.3839546e-01  -8.7586066e-02  -3.7741594e-01   2.9522809e-01   3.0850784e-01   9.0568597e-02  -2.9991092e-01   4.0778745e-01  -2.8003189e-01   6.7127915e-02  -1.7455745e-01  -9.8247930e-02  -2.2079915e-01   4.0439921e-02   3.6118629e-01  -2.1491189e-01  -1.5022479e-01   1.5079140e-01   1.3461116e-01  -3.7745801e-01   2.2006984e-01  -3.2702747e-01  -4.0591193e-01   7.4552605e-02   3.6864856e-02  -2.4647357e-01  -1.2390102e-01  -4.6484969e-02  -3.7227727e-02  -1.4572600e-02  -3.7581328e-01   1.5888498e-01  -1.8805880e-01  -2.3097225e-01  -4.4984461e-01   1.2737338e-02   2.7483359e-01  -2.2324650e-01  -3.9482000e-01  -1.8722053e-02  -3.2209238e-01   1.1591350e-01   1.7549218e-01   7.7771473e-03   1.6293885e-01  -2.1040606e-01   9.8749649e-02   5.8963333e-01   5.8362454e-02  -7.7877347e-02  -5.7686553e-01   4.5169873e-01   3.0732336e-01  -3.5409803e-01  -7.6201192e-03  -3.8703369e-01  -1.1712178e-02  -6.5243016e-03  -1.9951539e-01
  -4.4604885e-01   1.7665276e-01   7.1321627e-01  -2.1298512e-01   4.3637331e-01  -2.0227493e-01  -4.3105184e-01   3.6663307e-01   3.0997230e-01   0.0000000e+00  -4.8637672e-02  -2.0113631e-01  -2.5444087e-01  -5.2282753e-01  -2.4845944e-01   6.7174823e-02   7.4883309e-01  -5.2240567e-01   1.8175479e-01   4.1919168e-01  -4.3499580e-01  -4.3107394e-01  -2.6988115e-01  -3.4500499e-01  -4.4472136e-02   2.9535174e-01   5.3911072e-02  -2.4443791e-01   4.3472854e-02  -5.8324066e-01  -3.2553295e-01  -1.4653841e-01   1.0717876e-01  -1.0400022e-01  -8.0468992e-03   2.0673429e-01  -1.0213201e-02  -3.7520012e-01  -2.2075118e-01   6.4561885e-01  -1.1410140e-01   4.4533355e-02   4.0887567e-01   2.4974370e-01  -5.6914000e-01  -6.4813175e-02  -4.4754884e-01  -5.2924889e-01  -4.2782339e-01   6.8734214e-01  -4.1585891e-01   4.0044425e-01  -1.5740002e-01   1.4145558e-01  -1.4106484e-02  -1.5949395e-01  -1.1245602e-01   4.1136415e-02  -6.0345327e-02   2.3977984e-01  -1.0104448e-01  -3.7096280e-01   3.4661932e-01  -8.1364815e-02  -2.1579969e-01  -1.7021884e-01  -1.1725362e-01  -1.3157789e-01  -4.6942916e-01   1.3671185e-01   5.1906652e-01  -6.1545395e-01   1.2713728e-01   4.8759129e-01   8.3432735e-02   1.1427984e-01  -2.5928549e-01   4.4953073e-02   4.9817351e-01  -1.7000697e-01   2.4128062e-02   3.2173896e-02   6.7368771e-01   7.9868969e-02   5.4442092e-01   2.9612810e-02  -5.1957434e-02  -3.0048833e-01   1.0579755e-01  -5.4875334e-01   5.4139305e-01   2.1355465e-01   1.5658866e-01   3.9111236e-02  -4.1910805e-01   4.6204219e-01  -3.5462298e-01   3.5670432e-01  -1.4655896e-01  -2.7797159e-02  -1.0311401e-01   4.8050291e-01   1.2606683e-02  -1.3790550e-01  -5.6236408e-01   1.0827592e-02   3.1806352e-01   6.0376122e-02  -3.2471899e-01  -4.2293553e-01   7.7290602e-01  -4.9881662e-01  -2.7225596e-01  -5.0180064e-01  -3.2683930e-01   6.5129458e-02  -1.4160342e-01   1.0562970e-02  -3.0336469e-01  -1.9463669e-01  -5.3672496e-01   4.1036577e-01  -2.3148380e-02  -1.0147596e-01  -6.0645278e-01   2.7744143e-02  -4.2396336e-01  -4.4734130e-02  -2.7036423e-01   3.7984381e-01  -3.9687798e-01  -1.4750394e-01   1.2033375e-01   2.2441806e-01  -5.2162283e-01   2.6698605e-01   1.0108021e-01  -3.8020557e-01   1.2477256e-01  -2.7123044e-01  -3.0815672e-01  -2.4290893e-01  -2.7760898e-01   1.7517671e-01   3.1664038e-01  -1.1129440e-01   4.0631143e-01  -4.1140766e-01  -4.4662103e-01   2.4577884e-01   4.7531669e-02  -1.9165900e-02  -3.1427955e-01  -1.2437593e-01   7.6633125e-01  -3.9964102e-01  -5.2427883e-01  -3.3780452e-01   2.9652328e-02   3.8115405e-01  -1.8623906e-01  -2.6011029e-01   4.8456154e-01  -6.0253418e-01   2.0182802e-01   3.3851250e-01  -1.7578015e-01  -5.5940100e-02  -4.1279226e-01   6.6977464e-01  -4.8629026e-02  -4.1484355e-01  -5.3903999e-01  -3.7347920e-01  -4.8021666e-03   2.1609831e-01  -1.1918631e-01
   8.5312554e-03  -5.4032695e-01  -5.6330615e-02   3.3935278e-02  -7.8774874e-02   9.1109586e-02   5.7640029e-02   2.2686188e-01  -2.6786623e-01  -4.8637672e-02   0.0000000e+00  -2.0589454e-01   2.4961177e-01  -2.4058282e-01  -2.2343269e-01   2.2986066e-01  -4.8347863e-02  -1.3866264e-01  -1.8588714e-01  -2.4869117e-02   2.7120058e-01   1.2388089e-02   5.6091858e-01   9.3148854e-02  -4.8739282e-02  -1.4080230e-02  -4.9703242e-01   1.5799506e-01  -2.2065586e-01  -4.2060349e-02   1.2254043e-01   1.4110944e-02   1.7854333e-01   3.1331588e-01  -2.8187140e-01   4.4878441e-01  -3.3001486e-01   2.2812578e-01   2.7629545e-01  -2.2636524e-01   2.8210059e-01   1.3871882e-01  -3.4581308e-01   3.0737218e-01  -2.2954512e-02   1.9832325e-01   4.6847234e-01  -1.4337840e-01  -7.8563918e-02  -1.6474966e-01  -1.1550282e-02   1.9193869e-01  -2.0253053e-01   1.7388005e-02  -2.2474098e-01   4.2701172e-01   1.6876449e-01   5.5091271e-02   1.7081702e-02  -1.9831955e-01   2.1997738e-01  -1.9443839e-01  -3.9360878e-01   1.9341248e-01  -2.8368066e-01  -1.0463580e-02  -5.2811395e-02   1.7247347e-01   1.4424527e-01   4.2507057e-02  -9.8544993e-02   1.2932262e-01   1.1143499e-02  -3.8018338e-01  -1.4898887e-01   3.6149520e-02   2.2386879e-01  -8.9743527e-02  -4.8535824e-01   1.8776488e-01   3.4669454e-01   1.1032974e-01  -9.5243753e-03  -6.3894794e-02  -1.4161288e-01   1.7200675e-01  -3.8066529e-01   6.2785867e-02  -7.1515465e-02   5.3031602e-02  -2.1002308e-01   2.0583244e-01   3.4823473e-01  -8.0617469e-02   1.9145880e-01  -1.6660412e-01  -3.2018514e-01  -1.9792890e-02   1.2997227e-02   3.6025059e-01  -1.2253065e-02   3.5602970e-01  -8.9745406e-03  -3.0392865e-01   2.1491448e-02   1.0043294e-01   2.0685423e-01   1.9200098e-02  -2.7299775e-01   3.6972111e-01   3.0438772e-02   1.7456388e-01   7.0299955e-02   9.1502230e-02   9.9560497e-02  -4.9728520e-01   1.6884314e-01   4.0099635e-02   6.4204488e-02   1.6524228e-02   1.9873679e-01  -3.2990293e-01  -2.7766260e-01  -3.1912286e-01   8.3992361e-02  -3.9950154e-01  -1.6895476e-01   2.5425926e-01  -3.7083592e-02   1.2017849e-01   7.8935456e-02  -3.4386256e-02  -4.5443637e-01   5.8491149e-01   3.6312397e-02   1.1320707e-01   8.9304503e-02   1.2928582e-02   1.3811700e-01   5.9018795e-02   1.0460648e-01   7.3974970e-02   5.0410077e-02   1.1834620e-01   1.6810743e-01  -2.3577484e-01  -1.2255233e-02   1.6182392e-01   3.9527913e-01  -1.3386341e-02   6.1471363e-02   1.6990951e-01   1.8417187e-01   2.3280559e-01  -1.7936510e-01   1.1106583e-01   2.0599378e-01  -1.2676703e-02   3.0108930e-01   2.3900005e-01  -2.1747651e-01   3.9350645e-01   3.1471710e-01  -1.2894506e-01   6.3159174e-02  -5.8633258e-01  -3.1604567e-01   7.5043487e-02   5.6054324e-02   4.8432707e-02  -6.0748428e-01   8.4206865e-02   4.1061698e-02  -2.6401232e-02  -1.8069695e-01   2.3297776e-01   1.2063541e-01
   2.1450812e-01   7.3561200e-02  -2.2301699e-01   1.1624171e-01  -5.5340413e-02   3.8225586e-01   7.6930695e-01  -5.1809687e-01  -9.0949717e-02  -2.0113631e-01  -2.0589454e-01   0.0000000e+00   8.7122202e-04   3.1479642e-01   6.0013029e-01   1.5762278e-01  -4.4464790e-01   2.4555703e-01  -1.2333801e-01   2.6008190e-02   2.5075708e-01   2.9079068e-01   4.1752290e-01   5.3169221e-02   8.0896037e-03  -4.8464853e-01   2.5509110e-01  -2.4388622e-01   6.0821081e-02   5.4140946e-01   3.0935954e-01  -2.5822564e-01  -3.3084174e-01   5.6424999e-01   2.9851799e-01   1.3449377e-01   1.6187739e-01  -1.6271324e-01   1.3454834e-01   1.0408979e-02  -1.9995006e-02  -2.3305792e-01  -2.2022178e-01  -4.5818025e-01   4.8060388e-01  -1.0030327e-01   4.4647583e-01   6.4239940e-01   1.2292812e-01  -3.7539517e-01   2.2878257e-01  -5.5319239e-01   3.5282638e-01  -3.8092357e-01  -1.8594004e-01   1.6808947e-01   1.2919318e-01  -1.5735881e-01   7.2601917e-02   1.6658181e-01  -5.5922731e-02   2.4031644e-01  -1.5290868e-01  -5.6784956e-02  -1.6304855e-01   6.9239012e-01   1.9498945e-01   5.9392949e-02   2.2717406e-01   4.2168437e-01  -2.2213533e-01   5.4509783e-01   2.2158184e-01  -1.5290294e-01  -8.0806922e-02  -1.5463103e-01   2.0295611e-02  -3.2259730e-01  -1.5575316e-02   3.3399813e-02  -9.3533884e-02   4.7925006e-02  -5.5718082e-01  -1.1777482e-01  -5.8070237e-01   1.3578264e-02  -1.6343887e-02   3.3155259e-02   7.1651683e-02   1.1259998e-01  -5.2117576e-01  -1.5545522e-01   4.2211849e-01  -1.7059747e-01  -2.0930503e-03  -2.8944510e-01   4.1338227e-01  -4.5490661e-01   3.1136150e-01   4.0552463e-01  -2.8493151e-01  -1.4946605e-01  -1.7507973e-01   2.6845942e-01   7.1677745e-01  -1.9072352e-01  -3.3245995e-01  -3.6308552e-01   5.1468860e-01   4.0176018e-01  -8.6229794e-02   3.2708591e-01   1.4500031e-01  -3.7782980e-02   1.4969042e-02   1.0376113e-01   4.4728472e-02   1.4751202e-01   3.3830531e-02  -1.2052411e-01   4.9639734e-02   6.0071176e-02  -4.9203488e-02  -2.8008380e-01  -9.6280883e-04   3.5284765e-01   3.7473168e-01  -1.3708772e-01   1.3344271e-01   1.9437790e-02   3.1476363e-02   3.9407403e-01  -2.5255943e-01  -2.0540487e-01   1.5457405e-01  -3.9990247e-01  -3.5711862e-01   2.5323736e-01  -2.8367933e-01   8.0736927e-02   2.2116916e-01   2.2289158e-01   2.0253914e-01   3.6127372e-01   1.1901116e-01  -1.3194092e-01   2.6827730e-01   3.0601412e-01   5.3485181e-01  -5.7054497e-02  -2.4794325e-02  -6.4887918e-02   2.2840777e-02  -9.4792085e-02  -1.8232600e-01   7.0957138e-02   1.5087498e-03   2.6328661e-02  -2.4206006e-01  -4.9434116e-01   8.3642599e-02  -9.8179366e-02  -2.1085497e-01   5.1812476e-01  -2.2091466e-01   9.2828750e-02   5.9453738e-01  -2.3974434e-01   1.4288353e-01  -4.3858909e-01   2.5743931e-01  -3.0055896e-02   4.0737007e-01   3.9648696e-01   7.5330427e-02  -1.4227249e-01   3.0972696e-01
  -9.8690604e-02  -5.7587668e-02  -3.2266122e-01   6.9836293e-02  -8.9690295e-02   1.0798152e-01   1.5954129e-01  -6.2814075e-02   2.2064160e-03  -2.5444087e-01   2.4961177e-01   8.7122202e-04   0.0000000e+00   7.7937052e-02   9.0438799e-02  -1.1275558e-02  -2.3358563e-01   1.2138804e-01  -5.7579507e-02  -5.7305892e-02   3.3368135e-01   2.1013781e-01   3.0928825e-01  -9.3334715e-02  -1.6203822e-01  -3.7313740e-02  -1.6181137e-01   1.6550463e-01  -4.0126308e-01   1.7286817e-01   4.9121697e-02   2.3501659e-02  -2.0239088e-01   1.1638333e-01  -1.0476308e-01   8.3113204e-02  -6.5437727e-02  -3.9382382e-02   1.1164337e-02   5.2391032e-05   5.0921728e-01   3.3125755e-02  -2.6666613e-01  -1.0697566e-01   1.2632691e-01  -1.1731042e-01   3.5187160e-01   2.2897864e-01   1.2547584e-01  -2.2111185e-01  -2.2733575e-02  -1.1245742e-01   9.2426075e-02  -8.8138049e-02   3.2108619e-03   1.3284543e-01   1.6545025e-01  -4.7030988e-03   2.8083606e-01  -3.6650934e-02   9.3976702e-02   1.3934179e-01  -1.0498041e-01  -4.3184809e-02   1.4506632e-01   2.2484504e-01  -7.1505586e-02  -5.9255961e-02   9.5691373e-02  -7.4636320e-02  -9.1096082e-02   3.4550564e-01  -1.2347030e-02  -3.0491884e-01   6.6678596e-02  -1.0497286e-01   3.5184151e-02  -1.5520327e-01  -1.8938083e-01  -6.6290483e-02   2.3592651e-01  -1.2928396e-02  -1.0191607e-01   3.5766686e-02  -3.2514114e-01   1.3229901e-01  -2.6037848e-02  -4.9661303e-02   8.4255228e-02  -1.0958636e-02  -9.0504666e-02  -1.8280954e-01   2.0317639e-01   3.9178676e-02  -7.3001780e-03  -9.5351517e-02   3.4225059e-02  -2.0872274e-01   1.6028023e-01   1.4374194e-01  -1.4512806e-01  -1.3410874e-01   1.4371133e-01   6.6843610e-02   2.9842669e-01  -8.0061195e-02  -1.1330977e-01  -2.1814776e-01   1.0646813e-01   3.0348369e-01  -2.3593241e-01   3.0660124e-01   2.4768912e-01   1.1964901e-02  -4.6388216e-02   6.7533954e-02   1.7216461e-01   3.2498129e-01   9.7032470e-02   7.0586379e-02  -8.9170303e-03  -8.5594948e-02  -8.3243499e-02   9.5516633e-02   1.2896531e-03   4.9811940e-02   1.5459411e-01   5.8172058e-03  -1.5389657e-01  -1.8559069e-01   3.4901510e-01   2.2160973e-01  -8.5408128e-02   4.7369178e-02   2.3232439e-01  -1.0299426e-01  -3.0186895e-01   4.1953338e-02  -3.4686078e-02  -1.1328804e-01  -1.8821098e-01   5.7667228e-01   1.8365558e-01  -1.0204245e-01  -5.5413321e-03   6.4757004e-02  -1.9597558e-01   3.4209766e-01   2.9206308e-01  -2.1611734e-03  -2.7388834e-01   1.1595338e-01  -2.8306996e-01   1.7613416e-01  -2.4620089e-01  -1.4411117e-01  -3.8459869e-03   2.1582106e-01  -1.5966401e-02   9.8787269e-02  -1.2945141e-01   2.5782282e-01   1.7927521e-01   3.5831996e-01  -1.0135747e-01  -1.4780727e-01   9.4184120e-02   6.9820414e-02  -9.2833456e-02  -7.3979622e-02  -1.1926577e-01   1.7444466e-02   4.3837653e-01   1.1988131e-01   1.7285249e-01  -1.5683337e-01   2.6181424e-03
   4.6717960e-01  -9.0881414e-02  -2.7034342e-01  -1.1520327e-01  -3.8764505e-01   3.5612742e-01   4.1084764e-01  -3.3264729e-01  -2.5842920e-01  -5.2282753e-01  -2.4058282e-01   3.1479642e-01   7.7937052e-02   0.0000000e+00   2.5991392e-01  -5.3410136e-02  -3.7289701e-01   1.5903652e-01   8.5459390e-02  -4.0925584e-01   1.9015923e-01   2.3812955e-01   1.4136871e-01   3.7067775e-01  -2.6530986e-02  -2.4056101e-01  -1.6541068e-01   1.2484422e-02   1.3971685e-01   5.8904114e-01   3.2501301e-01  -1.3308650e-01  -3.4075479e-01   1.2720867e-01  -9.0172765e-02  -3.9508767e-01  -1.6104267e-02   6.8161347e-02   2.7575405e-01  -3.9398459e-01  -2.3209730e-03  -2.6317815e-01  -2.3975651e-01  -3.1246513e-02   2.2393709e-01   1.1047570e-01   1.9136577e-01   4.1582708e-01   1.3330285e-01  -2.6281023e-01   1.9575130e-01  -3.1538872e-01   2.1914183e-01  -3.0310130e-01  -9.8223212e-02   3.4503329e-01   1.4617083e-01  -2.0336111e-01  -1.0698092e-01   9.3184497e-02  -1.4756390e-02   5.0651555e-02  -2.6889132e-01   2.1769931e-01   1.1120161e-01   8.5142414e-02   1.2113816e-01  -7.7325317e-02   2.4544515e-01   1.4598793e-01  -5.0767489e-01   4.1814119e-01  -1.4219811e-01   2.7431935e-02  -5.0110771e-02  -9.1736634e-02   1.1498400e-01  -3.8587276e-02  -2.3902196e-01  -1.1796986e-01   5.6147182e-02  -8.8221487e-02  -5.4333797e-01  -4.2139697e-02  -2.1000170e-01   2.5272956e-02   1.0604713e-01   2.9906859e-01   1.2255348e-01   4.5443324e-01  -4.2351617e-01  -1.0414597e-01  -8.1179094e-02  -1.0724362e-01   8.7315863e-02  -3.9278045e-01   7.1502196e-02  -2.8882180e-01   1.4608017e-01  -1.3237702e-01   6.6432862e-02  -1.8248979e-01   2.0352631e-02   2.7027387e-01   3.9460582e-01  -2.2379000e-01  -4.7850679e-01  -4.1064944e-02   1.5570038e-01   3.3689891e-01  -3.3660201e-01   3.5110046e-01   1.5895593e-01   4.8902077e-01   1.8302558e-01  -1.2161544e-01   1.8243375e-01  -2.7079005e-01   4.6853058e-01   1.0044716e-02   2.9979729e-01  -2.8318459e-01   7.6998849e-02  -1.1837053e-03   3.8137617e-01   2.3022909e-01   2.5338179e-01  -2.1070079e-01   1.0598868e-01  -3.4101042e-02   3.3199168e-01  -2.2978235e-02   2.3226127e-01  -2.8363230e-01   2.3885036e-01  -2.4394335e-01  -1.7264566e-01   3.4097478e-01  -7.9121454e-02   8.2149061e-02   3.8315188e-01   1.6231574e-01   3.0204739e-01   1.6883395e-01  -2.6911422e-01   1.4031191e-01  -3.1961715e-01   2.0785478e-01   2.5396201e-01  -2.3092016e-01   2.3791352e-01   3.0727438e-02   1.2017460e-02  -2.9348177e-01  -2.9526425e-01   2.7328836e-01   2.8877335e-01  -2.0841077e-02  -1.4447375e-01  -3.8005804e-01   7.2361753e-02   1.0725883e-01  -3.6806421e-01   5.3968616e-01  -3.4110793e-01  -2.0453063e-01   2.1048218e-01   3.1029938e-01   2.4636231e-01  -6.5462836e-01   5.2556153e-02   1.8374718e-01   2.9498280e-01   5.5904441e-01   2.6784994e-02  -3.0483536e-01   8.4549055e-02
