   0.0000000e+00  -1.8872490e-01   1.0643448e-01  -2.1730665e-01   5.2738423e-02  -2.4197033e-01  -2.8565627e-01   3.9569496e-02   8.3491548e-02  -1.1510780e-01  -8.2917178e-02   1.1142927e-01   1.2523002e-01  -3.6877735e-01  -1.6614560e-01  -1.3021469e-01   1.7920401e-01  -1.2411991e-01  -2.2504542e-01  -4.1531808e-02  -2.2708850e-01  -1.9442382e-01  -2.1219578e-01   6.9699835e-01   5.4672166e-02  -1.4528546e-01  -1.7124629e-01  -4.6126138e-01   1.4850682e-01  -1.1785467e-01  -3.2586684e-01   1.4598112e-01   3.0112670e-02  -4.2129636e-01  -5.2062226e-02  -7.9137806e-02  -2.4109495e-02   4.3993327e-01  -5.2212780e-02  -4.2843757e-02   4.3634545e-02   2.2083171e-01   9.4053006e-02  -2.8412175e-01  -9.9881171e-02   7.9187481e-01  -1.1063339e-01  -2.3449823e-01  -1.7138400e-01   2.3078704e-01   1.4107565e-01  -8.6239981e-02   5.8497912e-02  -3.5114643e-01  -1.6808224e-01  -4.7679587e-01  -2.8418870e-01  -4.3533681e-02  -1.5033969e-01   1.0660295e-01   3.8980188e-01  -2.1370614e-01   1.7604111e-01   1.3887232e-01  -2.4039310e-01  -3.5556371e-02  -3.4631662e-01   2.2644861e-03  -9.7268492e-02   3.3207395e-01   4.4826111e-02   6.7416887e-03  -1.8740696e-01  -1.1238749e-01   3.1286808e-02   3.8529848e-02   4.8391133e-01  -3.8097905e-01  -6.7745600e-02   3.9708133e-02  -3.5117356e-01  -1.4098636e-01  -1.3540582e-01  -1.7717145e-01   5.2221157e-01   3.4434469e-02  -1.3528678e-01  -3.4688696e-01   1.3931620e-01   7.4610948e-01   1.9503434e-04   1.3141796e-01  -2.3760425e-02   1.3349293e-01   5.7257091e-01   1.8018146e-01   2.7115503e-02  -1.6227094e-01  -9.9254516e-02  -2.0944223e-01  -2.2610185e-01   2.3771105e-01  -3.3983713e-01  -5.7303395e-02  -9.6641660e-02  -1.5976897e-02  -6.5545219e-02  -1.3189846e-01  -2.2175705e-01  -4.0404180e-02  -1.0063928e-01  -2.5176608e-01  -5.0462781e-02   6.9361411e-01  -5.9215777e-02  -7.9429397e-02  -9.5243995e-02  -1.7967547e-01  -4.5449865e-01  -8.9863364e-02   6.5131401e-01   9.9671635e-03   2.9734043e-01  -7.3894161e-02   7.4265059e-01  -2.6458780e-02  -2.0523327e-01  -2.0447383e-01   7.7983395e-02   4.0500134e-01  -2.3693578e-01  -2.2786600e-01   2.2866155e-01  -3.3059135e-01   2.1031829e-02   1.8758952e-01  -1.5966231e-01  -2.7658119e-01   1.9067214e-01   5.3706425e-01   5.0378700e-01  -1.1841958e-01   3.4537709e-01  -3.9794907e-02  -4.7124760e-01  -2.6677261e-01  -7.4323119e-03   7.0751001e-02   8.5982327e-02  -1.8212211e-01   1.5254578e-01  -4.5240087e-01   4.2046649e-01  -5.0090683e-02  -3.7931698e-02   6.6306588e-01   5.3155366e-01   1.5130690e-01   3.3272788e-01  -4.1958339e-01   4.2699442e-02   7.8901072e-02  -7.8428158e-02  -4.4636655e-02  -7.3676407e-02   1.2262537e-02  -1.4884284e-01  -2.0981021e-01   7.6825105e-01   2.5362416e-02   1.0083431e-01   2.9145961e-01  -2.9593731e-02  -2.6576080e-01  -1.5172215e-01   2.0172226e-01   9.9014045e-02
  -1.8872490e-01   0.0000000e+00   1.2846752e-01   1.7508982e-02   3.7901123e-01   1.4254015e-01  -6.7393216e-02  -5.9212763e-02   4.8547389e-01  -2.6988467e-01   7.4808879e-02   3.1038182e-01  -1.7099053e-01   1.6468342e-01   8.8571464e-02  -9.6729732e-02   1.3480114e-01   2.5583798e-01   9.9247393e-03   2.6371114e-01  -1.3188633e-01  -7.0153846e-02  -5.2068319e-01  -3.1502086e-01   6.8828750e-02  -1.4053586e-01   1.1344167e-01  -2.3720632e-01  -2.3020223e-01   6.6094782e-01   1.4618088e-02  -1.3985257e-01  -7.6099909e-02   1.9343584e-01   2.6530290e-01   8.5088118e-02  -2.5367925e-01  -3.7230825e-01  -8.3496328e-02  -4.2195337e-02  -6.9765482e-02  -1.5518876e-01   1.5203009e-01   3.1983694e-01  -9.3369665e-02  -1.9875360e-01   2.0065810e-01   5.2357848e-01  -4.9981472e-02  -1.2338461e-01  -2.3756305e-01  -4.7475050e-02   4.7448682e-02   8.7301254e-02  -1.1201704e-01   8.1163120e-02   1.4226279e-01  -1.4603586e-01   6.5099742e-02   2.0622854e-01  -1.5246987e-01  -2.7270118e-01   2.4508446e-01   4.4862299e-01   4.3312389e-01  -3.3249558e-01   2.2783100e-01   1.0885767e-01   5.6484438e-02   3.4330527e-02   3.6511590e-02  -3.0602505e-02   1.0482138e-01   1.3433154e-01   6.5473490e-02  -1.4204379e-02  -1.8269768e-01   1.3300508e-01   2.2644682e-01  -1.6006573e-01  -2.7730064e-01   1.8272712e-01  -6.4399259e-02   9.5871329e-02   2.0408127e-01   2.3614823e-01   4.2656404e-01  -1.6209979e-01   1.7851950e-02  -3.1853854e-01   1.3239774e-01   5.5345490e-02   5.5024790e-02   7.3987132e-02  -3.1222915e-01   2.4859569e-01  -1.5047065e-01  -1.5598233e-01   1.9075046e-01  -3.7928936e-01   3.2663920e-01  -2.4579059e-01   8.3738279e-02   4.7209354e-01  -2.3474453e-01   4.3170482e-02  -1.0351046e-01  -9.5542216e-02  -3.0108135e-02   3.7892578e-01  -1.2568575e-01  -2.9318466e-02   9.2757320e-02  -2.8862414e-01  -3.1128899e-01   4.2247884e-01   1.2238449e-01   1.3054148e-01   1.5410399e-02  -1.4318444e-01  -2.6579640e-01   1.1372012e-01   1.8385621e-01   4.4603820e-01  -2.8570767e-01   2.4443508e-01  -2.7610123e-02  -1.3263803e-01  -1.8221244e-01   3.1926207e-03  -1.8126806e-01  -6.3837602e-02   3.0719390e-01   2.1934976e-01   1.0791428e-02  -1.4453716e-02  -3.2091563e-01  -4.9560275e-02   9.9273870e-02  -2.5243439e-02  -4.9116071e-03   1.1259256e-02   7.6108854e-02   2.2939011e-01  -1.1276165e-01   3.0733189e-01  -2.7544361e-01   4.5068895e-01   6.4236052e-02   1.6622421e-01   8.3343832e-02   1.2510021e-01  -1.8530190e-01   1.3698974e-01   3.2880858e-01  -3.0477031e-01  -2.8925878e-01  -1.4243143e-01  -1.3201418e-01  -1.3458619e-01   1.3170709e-02   1.7633217e-01  -5.5976503e-02   4.2637127e-02  -4.1982834e-02   3.3085753e-01   5.5925062e-03   1.0310494e-01  -1.7157623e-01   1.6829991e-01   1.8749150e-01  -2.1856691e-01   1.0258533e-01   4.3454114e-01   1.4342489e-01  -2.2570511e-01  -1.7102576e-01
   1.0643448e-01   1.2846752e-01   0.0000000e+00  -2.6172506e-01   4.3210315e-01   7.3356297e-02  -4.6869400e-01   5.5168679e-02  -9.2864556e-02  -6.9479270e-02  -5.5820374e-02   5.7483643e-01  -8.2387357e-03  -2.8573918e-01  -3.9116233e-01   1.9991766e-01   8.8725230e-01   4.0481943e-02  -1.8033896e-01   4.2179599e-01  -1.3339650e-01  -4.0268359e-01  -2.3080574e-01   1.7097257e-02  -6.0231947e-02  -2.3157857e-01   3.8307124e-02  -3.3514253e-01  -3.0361322e-01  -1.9391175e-01  -1.2072824e-01  -3.8721730e-02   1.4238838e-01  -2.0278776e-01   1.4733565e-01   2.5933197e-02   3.8580759e-02   1.2407330e-01   2.0118043e-01   5.6700724e-01   1.6074176e-01   3.0553299e-01   4.6193811e-01  -1.6508240e-01  -3.3789097e-01   2.4889103e-01  -1.4861453e-01  -4.0326041e-01   8.7929636e-02   7.4001094e-01   2.7760025e-02   9.6242156e-02   2.6035672e-01   3.1092760e-01  -1.7298940e-01   2.1468088e-02   7.5062059e-02  -4.1644658e-01   7.7452119e-02  -2.6728765e-01   4.9516802e-01  -4.4983347e-02   2.1284866e-01  -1.3777487e-02  -2.9917010e-01  -9.9175660e-02   2.0269262e-02   3.3362166e-01  -2.1292941e-02   3.7980500e-01   3.3985434e-01  -3.5641442e-01   1.2194183e-01   2.3926679e-01   1.8126987e-01  -5.3046335e-02   5.0190631e-01  -3.3658139e-02   4.9545338e-01  -1.2655233e-01  -5.4032836e-01   2.0264059e-01   3.2258274e-01  -1.7555236e-01   6.2503835e-01   1.9931091e-01  -1.2171161e-02  -2.4369626e-01  -1.9134448e-02   1.8198441e-01   3.1376153e-01   8.4824425e-01   6.1972416e-01  -2.0542692e-01   2.1039196e-01   5.9660159e-01  -7.2528233e-02   1.6594728e-01   2.1195927e-01  -2.5229989e-01   5.5600472e-01  -7.9117469e-02  -4.3589419e-01   8.9953413e-02  -5.4763241e-01  -2.3759752e-01   3.3549291e-01   6.9470746e-02  -6.0108968e-02  -1.0419876e-01   3.0992917e-01  -5.2001576e-01  -1.5871416e-01   2.4541290e-01  -3.2733031e-02   1.7994576e-01  -3.6548095e-03   1.0964813e-01  -1.1750239e-01  -3.3337382e-01   3.5514842e-01   5.5001364e-01   3.7127186e-01  -1.4068333e-01   1.7300787e-01   4.5224455e-01  -2.5771060e-01   4.1186898e-02  -2.8436112e-01   4.2580320e-01   2.4337890e-02  -2.0477727e-01   4.1675928e-02  -2.1402769e-01   1.1526617e-01   1.3771491e-01   1.7282948e-01  -1.6177026e-01   1.5933249e-01  -1.2507663e-01   1.4006206e-01  -1.8188775e-05   2.1898481e-03   2.2346241e-01  -3.8559316e-01  -3.5441929e-01   3.4338181e-01   4.2654564e-02  -2.2197277e-01  -7.1840380e-01   4.3863865e-01  -4.9446411e-01   2.5988696e-01  -1.5281760e-01   7.5960086e-01   1.9552821e-01   2.9813469e-01   1.1245103e-01   6.6837320e-01  -6.4344952e-01   1.1221218e-01   1.9667053e-02  -1.6149203e-01  -2.8038118e-01  -1.2993495e-01   1.6833421e-01   6.3085761e-02  -7.9281920e-02   2.9018371e-01   4.8883334e-01   1.9547902e-01  -7.4976336e-02  -2.7939931e-01   2.4997264e-01   1.5446203e-02  -4.2694290e-02  -2.0210874e-01
  -2.1730665e-01   1.7508982e-02  -2.6172506e-01   0.0000000e+00  -2.9381555e-01   2.9460084e-01   3.2190496e-02   4.6475262e-01   1.4200553e-01  -1.0938316e-01   5.5656771e-03  -2.9791451e-01  -2.0536588e-01   2.9960109e-01   2.9088419e-01   2.8093540e-01  -2.4738334e-01   1.1023824e-01   4.3273203e-01  -1.5731017e-01   1.8730570e-01   3.9960679e-01   3.5035351e-02  -4.6032473e-02  -2.7659538e-01   4.2492942e-01   3.1973204e-01   2.7397323e-01  -1.7048489e-01   2.1850334e-01   1.0652009e-01   8.3001763e-02   1.4355889e-01   1.0610982e-01  -4.5365336e-02  -1.5992062e-01  -2.5675930e-01  -1.2005719e-01   1.7021695e-01  -3.3637879e-01  -7.0245397e-03   1.9898089e-02  -1.5758943e-01   1.2995150e-01   1.4360372e-02  -2.2876539e-01   1.6259330e-01   6.9111076e-02   3.5042301e-02  -2.6659713e-01   2.3834211e-01   3.3029223e-01  -8.9355500e-02  -2.5099715e-03   2.6080729e-01   8.7120669e-02   2.7875166e-01   3.2288976e-01   3.7603590e-01   7.4322249e-02  -1.6287970e-01   2.9362041e-01   2.6697793e-02  -9.6293193e-02   7.7628404e-02  -3.0809742e-01   2.1927885e-01  -2.8379978e-01   3.9229693e-01  -1.3542392e-01  -2.7397398e-01   2.6618110e-01   2.4184353e-01   1.5429916e-01  -1.4559671e-01   4.0654381e-01  -2.6813894e-01   1.5419026e-01  -2.7489603e-01   1.1821833e-01   1.6423195e-01   4.5181337e-01  -7.1155222e-02   3.6611719e-01  -2.0216759e-01   2.8045178e-01  -6.0483415e-02   2.0047478e-01   4.0993875e-02  -2.7748871e-01  -1.7519394e-01  -2.1090467e-01  -1.9300521e-01  -1.8328253e-01  -1.5604056e-01  -4.1016478e-01  -4.7828926e-02   1.9657587e-01  -6.7333311e-03  -1.2338218e-01  -1.2429601e-01   6.6018425e-02   1.8584762e-01   2.9907970e-01   4.1778773e-01   5.3046165e-01   1.2538304e-01   4.6901757e-01  -1.3938653e-01   1.4856106e-01  -1.4391916e-01   3.0592711e-01   4.1633753e-01  -2.0312550e-01  -4.4970509e-02  -2.3224280e-01   1.5391329e-01  -1.4015624e-02   1.4849665e-01   4.5120810e-01  -4.4351208e-01  -2.7244809e-01  -2.9677332e-01  -1.2292061e-01  -3.2045844e-01   1.6437843e-01  -7.5283519e-04   2.4256143e-01   5.2163000e-01  -1.9688608e-01   1.6538607e-01  -2.8061893e-01   4.1911659e-01   1.0390470e-01   2.5772759e-01   2.0038879e-01   8.7422433e-02   1.3499621e-01   2.7024275e-01  -2.3364565e-01  -1.0181582e-01  -1.8804066e-01   1.0083749e-01  -1.1520790e-01   1.7684249e-01   3.6235223e-01  -2.9833838e-01  -2.7390788e-01  -1.0751228e-02   7.9441642e-02  -1.1933249e-01   2.2989970e-01  -1.0476084e-01   1.1222843e-01  -2.5564076e-01  -2.6688791e-01  -3.9764184e-01   1.3237521e-01  -1.4927812e-01   3.2428611e-01  -4.0138839e-01   3.2839788e-01  -2.0197700e-01   5.8748097e-01   4.3228099e-01  -3.1349004e-01  -7.9668221e-02   1.6043379e-01  -1.7340424e-01  -2.0141112e-01  -1.4790339e-01  -3.0234666e-01   1.8098651e-01   8.9585796e-02   7.8578628e-03  -1.3695589e-01   4.3733954e-01
   5.2738423e-02   3.7901123e-01   4.3210315e-01  -2.9381555e-01   0.0000000e+00   2.7966162e-01  -6.8787419e-02  -3.1733535e-01   3.2742737e-01  -8.6170087e-02   2.4729065e-01   5.3301660e-01  -8.4603009e-02  -2.2207066e-01  -2.7442039e-02   9.2212155e-02   3.9270193e-01   2.1769527e-01  -2.5142977e-02   7.3630970e-01  -6.3849336e-02  -3.4236626e-01  -2.2562102e-01  -1.6032748e-01   1.5961014e-01  -2.2892314e-01   3.5013687e-01  -2.7336168e-01  -1.9342439e-01   2.6905824e-01  -1.5981857e-01  -5.0244961e-02  -8.5771281e-02   2.6760134e-01   1.7517782e-01   5.8624131e-01  -2.8678465e-01  -1.8109757e-01  -8.5953967e-02   4.4627828e-01  -1.5028983e-02  -7.8476116e-02   2.1099712e-01  -2.5466344e-01   1.0060592e-01  -7.2250133e-02   2.0196194e-01   1.8704197e-01   1.0686758e-01   3.8364192e-01  -2.6489614e-01  -1.3201443e-01   9.7109708e-02  -7.2318853e-02  -3.6196390e-01  -5.4505092e-02   1.4658632e-01  -3.2393869e-01  -1.1500102e-01   2.9930046e-02   2.1233693e-02  -8.8381836e-02   3.0494034e-01   2.2106075e-01   1.7360568e-01  -5.6830336e-02   2.1929513e-01   3.5271149e-01   1.2727547e-02   2.0782726e-01   1.3540651e-01  -4.1380605e-02   1.1531428e-01   2.0580579e-01   3.5358458e-02  -1.9613089e-01   2.9671561e-02  -4.5583966e-02   7.0962725e-01  -4.1351461e-02  -3.0138639e-01  -6.9961871e-03   9.5611180e-02  -2.6787158e-01   3.8818478e-01   2.1149869e-01   2.3399366e-01  -1.7431109e-01  -7.4671460e-02  -1.3462111e-01   4.7538119e-01   4.8221176e-01   4.6588114e-01  -2.7652342e-02  -1.4567600e-01   5.8161906e-01   1.5886389e-01   1.1593210e-01   3.8769167e-01  -2.9432293e-01   3.4519830e-01  -2.5500429e-01  -1.3193903e-01   1.9073475e-01  -3.2885112e-01  -1.1177649e-01  -1.8811293e-01  -4.8993902e-02   5.4107032e-02   2.9458240e-01   2.2156379e-01  -1.3145940e-01  -2.5039895e-01  -1.5567915e-01  -1.6946478e-01   5.1890670e-01   1.0694360e-01   2.1610529e-01  -1.7814861e-01  -1.1780609e-01   1.3955686e-03   5.7654182e-01   3.7702043e-01   1.2957375e-01  -1.5391767e-01   3.2937618e-01   6.6967979e-02  -3.4203352e-01  -2.0240902e-01   1.8047700e-01  -2.6661492e-01   2.7166973e-01  -4.5819845e-02  -7.3160001e-02  -4.2629494e-02  -1.0676567e-01  -2.2033142e-01  -2.1684083e-01   1.5368928e-01   3.8536267e-02   4.1310499e-02  -2.5195108e-01   1.6032554e-01   2.1161309e-01  -6.1275835e-02  -1.7257235e-01   7.3937441e-04   5.1361592e-01   2.7587479e-01  -1.0076005e-01   1.9621228e-01  -2.1720409e-01   1.7021529e-01  -2.7662689e-02   5.7142896e-01  -7.1866998e-02  -9.7236865e-02   2.8680315e-02   1.1571765e-01  -3.0225209e-01   2.3621739e-01   1.7688790e-02   1.3055029e-02  -2.4057328e-01  -1.9527272e-02   4.9057753e-01   3.2134541e-01  -1.6645358e-01  -7.1108332e-02   4.8130913e-01   3.6464654e-01  -3.2212076e-01   2.7065263e-02   3.2169419e-01   2.4401746e-01  -2.0788212e-01  -1.8559995e-01
  -2.4197033e-01   1.4254015e-01   7.3356297e-02   2.9460084e-01   2.7966162e-01   0.0000000e+00   1.9424854e-01   8.0744537e-02  -1.8319014e-01  -7.1572703e-02   2.1020475e-01  -4.1819553e-02  -3.1730156e-01   2.7236886e-01   3.3430854e-01   2.6847106e-01  -4.3375076e-02   3.9132470e-01   1.2911169e-01   4.2236719e-02   7.9240476e-02  -1.1643526e-02   3.7109262e-02  -1.3666716e-01  -2.0943915e-01   9.3176684e-02   4.5266109e-01   3.5673889e-01  -1.4846588e-01   3.2248849e-01   5.2609115e-03   2.9873690e-02   9.1288710e-02   7.4928257e-01  -6.6867344e-02   3.1033385e-01  -2.1406267e-01  -4.2487762e-01   1.3713586e-01   2.5526916e-02   1.1961775e-01  -1.4957240e-02  -3.9557407e-01   1.2986516e-01   1.3626568e-01  -3.7261084e-01   4.2412968e-01   3.4522341e-01   4.2143764e-02  -1.2145155e-01   1.2372782e-01   6.9495561e-02   1.7636924e-01   7.4750109e-02   1.4233810e-01   3.8255983e-01   6.8778907e-01   2.2443669e-02   4.4866085e-01   3.2473112e-02  -9.8638395e-02  -7.1538308e-02  -8.2916732e-02  -5.2106318e-02  -3.9976380e-03  -3.9470555e-01   7.8326668e-01   8.5314300e-02   5.4689069e-01   1.4512879e-01  -3.2415330e-01   4.5528844e-02   5.6302921e-02   6.8064879e-01  -1.8920815e-01   2.2359874e-01  -2.3351694e-01   3.8765123e-01   1.4608458e-01   6.9117396e-02   3.2485401e-01   1.1950754e-01  -1.3130978e-01   2.3645240e-01   1.2050322e-01   3.8570882e-01  -1.8642861e-01   2.9424798e-01  -1.9870848e-01  -4.8718623e-01  -4.5188379e-02   1.3836907e-01   1.6461200e-01  -3.1217788e-01  -4.9936389e-01  -7.5246239e-02   4.8960397e-02   5.2751112e-01   1.8836328e-01  -2.8060935e-01   2.0098499e-01  -2.1244831e-01   4.1799101e-01  -2.2506027e-03   2.1216351e-01   1.3360125e-01   4.3213068e-02   5.7689910e-01  -2.0620565e-01   4.6800346e-01  -8.2897527e-02   5.5762192e-01  -3.8223768e-02  -4.6231440e-01   9.4231888e-02   4.2419989e-02   4.3559823e-01   1.2400880e-01   4.2905151e-01   2.4226093e-01  -4.0511958e-01   9.0532714e-02  -2.7723878e-01  -6.1706587e-02  -4.8068058e-01   4.3627110e-01   8.2676793e-02  -1.1735963e-01   3.0576170e-02  -1.1082534e-01  -2.8237779e-02   8.9990384e-02   2.2941720e-01   5.1424611e-01  -2.2428656e-01   4.2582688e-02  -2.1582515e-01   6.7915529e-02   1.3674993e-01  -3.2658290e-01  -9.7969837e-02  -2.7151926e-01   1.6181576e-01   5.0522899e-01   3.0321877e-01   2.3302913e-01  -2.7505499e-01  -3.6279333e-02   4.6354626e-01   5.9604648e-02   4.4347787e-01   3.8329425e-01   5.1651149e-02  -2.4384293e-01   1.4640738e-01  -4.0760341e-01  -3.6104612e-01   2.7675262e-01  -1.7689460e-02   2.6180614e-01  -3.0760300e-01   2.9874440e-01  -2.9382309e-01   3.5766457e-01   2.6489397e-01  -3.3674326e-02   2.0890187e-02   4.8760391e-01  -2.0447501e-01   9.5231615e-02  -1.3298989e-01  -4.8976536e-01   1.7634742e-01   7.1231765e-01   3.1029202e-01  -4.1646442e-01   1.5347359e-01
  -2.8565627e-01  -6.7393216e-02  -4.6869400e-01   3.2190496e-02  -6.8787419e-02   1.9424854e-01   0.0000000e+00  -3.2671508e-01  -1.1175743e-01   2.2601149e-01   1.1964361e-02  -2.0490786e-01  -7.9163131e-02   1.8232877e-01   5.4053240e-01   3.4377733e-02  -5.0040459e-01  -1.3849162e-02   4.0915572e-02  -3.9449951e-02   3.7641360e-01   4.5008397e-02   5.3702159e-01  -2.3074308e-01   5.5827464e-02   3.9628112e-02   3.4072561e-01   3.7694904e-01   1.5739787e-01  -1.3660520e-01   2.0835062e-01   3.8746276e-02   1.6182907e-02   5.0380909e-01   5.7770685e-02   2.8507901e-01   9.8719505e-02  -2.7952844e-01  -1.1814848e-01   1.3529214e-01  -3.5012372e-02   1.9562722e-04  -2.5138933e-01   2.4910975e-01   1.9956595e-01  -3.5547473e-01  -1.5887041e-01   4.5889466e-01   8.7951960e-02  -1.9007644e-01   5.0842832e-02  -3.0674361e-01   5.1543816e-02  -6.4789155e-02   2.2242486e-01   3.4462437e-01   9.9084233e-02  -1.2038735e-01  -9.6387002e-02  -1.0975083e-02  -5.4242225e-01   3.1454200e-02  -2.7209807e-01  -5.7631610e-02   9.4585407e-03   3.2590194e-01   1.4571805e-01  -8.0914138e-02  -9.2540248e-02  -2.3770547e-01   1.4383573e-01  -3.5560179e-02  -1.1904392e-01   1.1701679e-01  -8.2019401e-02  -1.0265914e-01  -4.4220562e-01   7.0446639e-02  -7.9351881e-02  -3.8595869e-02   7.0254787e-01  -1.6939027e-01   7.3908942e-02   1.9877694e-02  -3.1786155e-01  -1.9115082e-01   6.5477697e-02   2.0582768e-01  -5.6769781e-04  -2.0941718e-01  -4.0200828e-02  -4.3914528e-01  -1.5137336e-01   7.3876671e-02  -3.7712389e-01  -3.1542969e-01   9.5327441e-02   1.3769002e-01  -2.5855433e-01   4.2525947e-01  -2.9844408e-02   1.8001926e-02   2.7785230e-01  -1.6087712e-01   2.2151809e-01   6.9999027e-02  -1.0435491e-01  -4.3499569e-02   1.0279396e-01  -1.0868697e-01   2.0830886e-01   2.7840686e-01  -5.8976424e-02  -3.0965443e-01   3.1281572e-01  -1.3211892e-01   1.3586047e-01   5.8123070e-03   3.4284117e-01   1.6866380e-01  -3.2765612e-01  -1.4422258e-01  -3.7397159e-01   5.9846029e-02  -2.6369171e-01  -2.8660081e-01   2.7645025e-01  -1.0915894e-01  -7.7586333e-02  -1.3613898e-01   6.1873049e-02   5.8563832e-01  -1.5817468e-01   3.1861693e-01  -2.2348895e-01  -3.5467613e-01  -6.8592991e-02   4.3958573e-01  -3.6620379e-01  -1.9238877e-01  -2.9422157e-01  -4.9880310e-02  -2.2660564e-01   6.1341421e-02   5.4616786e-01   4.0448491e-04   1.8940201e-01  -1.1302279e-01   9.6776039e-02   4.6423000e-01  -1.5530355e-01   5.0223025e-01  -1.0448949e-01   5.5022814e-02  -2.1327537e-01  -2.1413875e-01  -3.2582870e-01  -1.3640389e-01  -5.0957238e-01   3.8708528e-01   1.4634516e-01  -2.9382887e-01   3.6755975e-01  -1.4914061e-01  -7.4602301e-02   1.5783653e-02   1.4388774e-01   2.5034040e-01  -2.8876790e-01  -1.7107780e-01  -1.1712852e-01  -1.8473556e-01   1.0612374e-02   8.3625619e-02  -3.7976441e-02   6.1416931e-02  -7.6002492e-03
   3.9569496e-02  -5.9212763e-02   5.5168679e-02   4.6475262e-01  -3.1733535e-01   8.0744537e-02  -3.2671508e-01   0.0000000e+00  -5.7975508e-02  -2.0428687e-01   1.6333272e-01  -1.2953684e-01  -1.5311229e-01  -9.7858111e-02  -1.5835307e-02   3.0083373e-01   1.0642144e-01   2.1158350e-01   1.2804052e-01  -2.8048037e-01  -7.7618452e-02   1.5011380e-01  -2.2554348e-01   8.0751173e-02  -5.4645383e-01   3.6544934e-01  -7.1883955e-02   1.1353148e-02  -3.8472931e-02   1.3203578e-01  -3.9233316e-02   1.6548566e-01   2.5292722e-01  -1.3782093e-01   8.8952855e-02  -2.9727108e-01  -1.4739350e-01   2.2642992e-01   2.6273645e-01  -3.6412818e-01  -1.2037603e-01   2.6993911e-01   8.9459863e-02   1.3964602e-01  -1.5330213e-01   1.1931076e-01   2.1327559e-01  -1.7709795e-01  -2.6465187e-01  -1.1848613e-01   3.3912676e-01   6.8026801e-01  -2.2233209e-01  -1.3687276e-01   4.2888329e-02  -7.7898326e-02   5.7230063e-02   3.0030988e-01   3.8635665e-01  -8.8566235e-02   2.7020491e-01  -1.3616513e-01  -5.8936837e-02   1.4743121e-01  -2.8515286e-01  -5.1313057e-01   6.8323238e-02   9.1175108e-02   4.2378905e-01   1.4457253e-01  -1.9785838e-01   6.0330889e-02   1.2921473e-01  -1.1995412e-01   6.2647647e-02   5.9326714e-01   1.6958942e-01  -6.6479152e-03  -3.5109981e-01   9.3372574e-02  -1.0811558e-01   2.0431143e-01  -1.6040311e-01   5.3776713e-01  -5.4169552e-03   5.8836084e-01  -2.5430930e-01  -1.8522887e-01   9.8403498e-02  -8.5046222e-02  -2.1334957e-01   1.6120434e-01  -1.5282296e-01  -9.3802578e-02   2.6448544e-01  -1.8531234e-01  -1.5120495e-01   2.0735574e-01   8.3796518e-02  -3.3449288e-01  -1.2143449e-01   3.6834525e-01  -1.0159643e-01   1.9626318e-01   2.9001707e-01   2.6485223e-01   2.5832847e-01   5.7109904e-01  -3.1918580e-01   2.1697272e-02  -1.9322592e-01  -4.5386999e-02   3.2609976e-01   1.0729001e-01  -1.5585703e-01  -2.8307679e-01   1.8471209e-01  -7.1668627e-02  -6.8371862e-02   8.5895744e-02   5.8653829e-03  -1.5439971e-01   3.1678212e-02   9.5775093e-02   9.7313873e-03   1.0615720e-01  -1.3845048e-01   3.4995178e-01   3.9607124e-01   9.0400526e-02   8.9459573e-03  -4.4841318e-01   2.8892792e-01   2.9999216e-02   1.3275562e-01   7.2531458e-01  -3.8243649e-02   6.4120361e-02   7.0956303e-01   9.9465357e-02   2.0289172e-02  -1.2312105e-01   3.2494450e-01  -8.9788102e-02  -1.3631472e-01   1.7949706e-01  -1.5794328e-01  -1.4539917e-01  -6.1596227e-02  -2.6636515e-01  -1.1585172e-01  -3.2228306e-02  -3.5386041e-02   8.6207326e-02  -8.5973707e-02  -3.5816229e-02   7.2100182e-02   2.1333437e-01   2.1390713e-01  -5.0593577e-03  -3.5520354e-01   5.0173390e-01  -6.6877846e-02   5.5563910e-01   3.1045696e-01  -2.4253292e-01  -1.9068251e-01   9.2608890e-02   1.1902042e-01  -1.6047849e-01  -3.3356027e-02   3.9735577e-02   1.5782638e-01  -2.9997599e-02  -4.3927454e-03  -1.5481119e-02   2.7089582e-01
   8.3491548e-02   4.8547389e-01  -9.2864556e-02   1.4200553e-01   3.2742737e-01  -1.8319014e-01  -1.1175743e-01  -5.7975508e-02   0.0000000e+00  -3.8467861e-01   8.9839843e-04   1.9479436e-01  -1.0149933e-01   5.3385865e-02   3.8968416e-02  -1.0394933e-01  -2.2386687e-02  -6.9213325e-03   4.7138919e-02   2.7132230e-01  -3.4732146e-02   1.1065115e-01  -3.6526349e-01  -9.6429614e-02   1.2549668e-01  -3.1839761e-02  -1.5929106e-02  -2.2390971e-01  -1.1240326e-01   4.5941190e-01   2.9797813e-02  -4.5078442e-02  -1.9528870e-01  -1.5437272e-01   2.6311009e-01  -1.5837016e-02  -3.4177799e-01  -4.9592828e-03  -2.2327723e-01  -1.0768869e-01  -6.2426898e-02  -2.9902871e-01   2.4129663e-01  -6.7307692e-02  -4.2051796e-02   6.6060470e-02   1.5459645e-02   8.4275610e-02   1.5476958e-01  -5.2728432e-02  -2.3263340e-01   3.7001253e-02  -1.9531897e-01  -1.7708688e-01  -9.6666672e-02  -3.0646220e-01  -2.2329170e-01   6.0724295e-02  -2.3471622e-01   3.3101754e-01  -1.4369202e-01   7.4178222e-03   5.8006043e-01   4.1540106e-01   4.3304782e-01  -1.9386110e-01  -2.7247744e-01  -3.7308961e-02  -2.4563837e-01  -1.6499504e-01  -6.8255587e-02   2.5951709e-02   2.1953168e-01  -2.0778893e-01  -3.5388160e-02  -1.0784788e-01  -8.4630158e-02  -1.2517484e-01   1.6738456e-01  -2.1124629e-01  -3.4225228e-01   1.9244862e-01   3.8303701e-02  -1.3352434e-01   5.0669373e-02   1.7698132e-02   6.1042096e-01  -2.1865303e-01   2.0906821e-01   2.3045411e-02   2.8221354e-01  -5.4958009e-02  -3.6795693e-02   3.1691262e-01   1.3702654e-01   2.1054041e-01  -1.1162210e-01  -2.4051537e-01   1.7658083e-02  -3.1693058e-01   3.9109870e-02  -1.2493177e-01  -1.8191136e-01   6.5686114e-01  -1.2046458e-01   3.2791041e-01  -3.4345814e-01  -2.8663996e-01   1.7637123e-01   2.1731766e-01  -2.5435087e-02  -1.7857672e-01   1.8096159e-01   9.6837979e-02  -2.4219753e-01   4.7514465e-01  -1.9087722e-02   1.0708410e-01  -2.5504803e-01   8.6375870e-03  -8.6479222e-02   7.2697443e-02   3.2844410e-01   4.1218918e-01   1.1121491e-02  -4.5220086e-02   8.5805051e-02  -2.0451964e-01   1.6102171e-01  -2.0626514e-01  -3.0786109e-01  -5.2354866e-02   2.2054974e-01  -1.6501091e-01   2.8242227e-01  -1.1857873e-01  -2.7601658e-01  -2.2098325e-01   1.6405736e-01   1.8608820e-01   3.2419343e-01  -7.4128472e-02   5.2577461e-02  -2.4951809e-01  -7.5997655e-02   1.9688660e-01  -2.2115148e-01   3.9750477e-01  -9.6122424e-02   1.5341468e-01  -2.4520442e-01  -1.4365295e-01  -3.6713768e-02   5.0020576e-01  -4.0061402e-02   8.4716774e-03  -1.2308458e-01  -1.1074675e-01  -1.8171466e-01  -8.6041534e-02   4.7879746e-02   1.1101274e-01   1.3260136e-02  -2.7939298e-02   1.4453919e-01   2.5305479e-01   5.8268767e-02  -3.0454296e-01  -3.4175060e-02   2.1219198e-01   4.2337820e-01  -1.5205756e-01   1.6678567e-02  -1.3306581e-01  -9.9654223e-02  -6.7431073e-02   9.4053203e-02
  -1.1510780e-01  -2.6988467e-01  -6.9479270e-02  -1.0938316e-01  -8.6170087e-02  -7.1572703e-02   2.2601149e-01  -2.0428687e-01  -3.8467861e-01   0.0000000e+00   1.0694497e-01  -3.4472733e-01   3.0249806e-01  -2.6115183e-01  -8.9917860e-02  -2.0007349e-01   2.0073419e-02   1.9537400e-01  -4.8640141e-02   1.3913027e-01   2.0571935e-01   1.8547802e-01   4.7775014e-01  -7.9595829e-02   1.8947911e-01  -1.2708655e-02   4.8871723e-02   1.2487671e-04   9.4211946e-02  -2.9382915e-01  -5.3375256e-02   4.4193906e-02  -2.2680757e-01   1.4269117e-01  -2.6078241e-01   2.9470715e-01   2.6060119e-01  -2.2436944e-02  -1.8015883e-01   8.5168124e-02   1.6186861e-01  -1.7134342e-01  -2.0890018e-01  -5.2065053e-02   8.7227553e-03  -9.9011441e-02  -2.9570739e-02   6.5063638e-02  -1.5119439e-01   1.1210432e-01  -1.1335309e-01  -1.8792230e-02  -2.8101271e-02  -2.5889991e-01  -7.8837815e-02   1.5153496e-01  -2.3658938e-01   8.8208807e-02   1.2602839e-01   2.8003978e-02   5.6171644e-02  -7.2764582e-02  -1.5469903e-01  -2.2174797e-01  -1.9912366e-01   4.4669219e-01   6.8951664e-02  -8.6027536e-02   1.9248971e-02   1.3688649e-01   1.1829039e-02   2.8830605e-01  -9.0936681e-02  -2.4409633e-01  -1.1365217e-01  -9.2315971e-02   4.8189171e-03   6.5729826e-02  -3.0848795e-02   3.5576502e-01   3.5334749e-01  -2.6461255e-01  -7.7439080e-02  -3.7114768e-01  -1.3304484e-01  -1.3332259e-01  -2.0774356e-01  -1.0664230e-01  -2.2654831e-01  -8.3185306e-02  -1.2580903e-02   3.5120601e-02  -1.6665014e-01   6.8035167e-02  -1.3445558e-01   1.0941439e-01   2.8946784e-01   1.9220349e-01   2.2159026e-01   4.5425581e-01  -1.1410614e-01   4.2823629e-02  -5.1649278e-02  -2.6046831e-01   1.7015163e-01  -6.5669587e-02  -5.6169957e-02   8.7191447e-02  -6.8909139e-02  -7.5190288e-02   3.1935015e-02   1.8289699e-02  -6.0581664e-02  -2.4608497e-01   8.5465039e-02  -3.0432576e-01   1.6464231e-01   1.7310214e-01  -6.0138717e-03   2.2386142e-01  -2.9624283e-02  -9.4982880e-02  -1.6734283e-01  -1.4402979e-01  -1.6642437e-01  -2.2318456e-01  -7.2855064e-02  -9.9247254e-02   2.2624710e-01   1.2826214e-01  -6.5017640e-02   4.1956576e-01  -1.9044765e-01  -1.2439946e-01   7.0492235e-02  -4.1892760e-02   1.3756519e-01   1.1739011e-01  -1.2028011e-01   1.6162544e-02  -4.4594421e-01  -1.3159424e-02   5.5670977e-02   7.3413335e-02   1.3640236e-01  -1.4323639e-01   5.8506094e-02  -1.9736835e-01   2.4377777e-01   1.1824319e-01   6.9034617e-03  -1.7475492e-02  -2.5978460e-01  -1.9566984e-01  -2.8742718e-02   5.3382146e-02  -1.1152237e-01   1.3674969e-01   1.3692623e-02   3.9057280e-02   2.4053166e-01  -2.0755235e-01   4.7834861e-01   6.3006449e-02  -1.3440494e-02  -2.2012566e-01  -1.1844384e-01  -3.8074451e-02  -8.4321708e-02  -1.0948212e-01  -4.4855386e-01  -9.6839088e-02   2.3250836e-01  -1.1401893e-01  -1.2023338e-01   6.7926056e-03   1.9822888e-01
  -8.2917178e-02   7.4808879e-02  -5.5820374e-02   5.5656771e-03   2.4729065e-01   2.1020475e-01   1.1964361e-02   1.6333272e-01   8.9839843e-04   1.0694497e-01   0.0000000e+00  -1.2471833e-01  -9.6010422e-02  -2.2824943e-01   2.1975103e-01   6.9696094e-03   3.1184514e-02   5.1278744e-01   9.1498473e-02   8.8680543e-02   9.2510853e-02  -4.1497129e-02   8.9053092e-02  -8.4137304e-02  -3.2626138e-01   1.3266981e-01   1.7267871e-01   3.5125629e-02  -2.9064317e-02   3.5567918e-01   5.4916882e-02   1.4113270e-02  -1.6339514e-01   2.6901675e-01   3.2650056e-02   4.2640536e-01  -3.0059204e-01  -2.8413734e-01  -8.2074681e-02  -1.4175511e-01   1.3515631e-01  -6.2602773e-02  -1.8793430e-01   7.8991066e-02   2.3786171e-01  -7.4231145e-02   6.5650995e-01   3.1208977e-01  -3.5068367e-01  -1.3182243e-01   6.4969229e-02   1.5064305e-01  -9.0025485e-02  -5.2764663e-01  -4.1020417e-02   1.6754484e-01   8.8015352e-02   5.8554276e-02   3.6975573e-01   3.7671868e-02   1.7686000e-01  -2.9442335e-01  -1.2706786e-01   3.5056263e-01   3.0570092e-02  -2.8092033e-01   2.7788464e-01   1.5803121e-02   4.0906015e-01   2.8523428e-01  -2.1810969e-01   1.8201750e-01   8.7815394e-02  -1.9287543e-01  -1.0297125e-01   1.4691386e-01   6.0580515e-02   1.4640571e-01  -5.1991392e-02   1.3223326e-01   8.0194727e-02  -2.0474667e-02  -3.0518044e-01   4.6798114e-02  -1.9496467e-01   3.3554925e-01  -1.7367371e-01  -1.3836330e-01  -1.6274460e-02  -3.0761125e-01  -1.4239185e-01   5.3845888e-02  -1.1979465e-01  -5.3101592e-02  -1.6074909e-01  -1.2128360e-01  -1.3937900e-01   2.8929633e-01   4.2841537e-01  -1.0330114e-01  -1.9866174e-01   8.7909551e-02   2.7234694e-01  -1.0544790e-01   2.4450194e-01  -3.3169333e-02  -2.2197923e-01   2.7310221e-01  -1.5429153e-01   4.6602409e-01  -1.8539590e-01   1.3800171e-01  -3.3315277e-01  -2.1640241e-01  -1.3921203e-01   6.8755668e-02   5.0813030e-01  -1.8434285e-02   5.9121368e-02   1.7477753e-01  -6.0356543e-02  -2.0206624e-01  -4.6019744e-03   1.7345714e-01  -2.2576207e-01  -9.9843336e-03  -9.1541674e-03  -3.1681283e-01   1.5266576e-01   2.1883103e-01  -2.3901221e-01   2.3884190e-01  -5.9275815e-02   2.6786041e-01  -1.5959098e-01   2.9698135e-01  -3.3946318e-01   1.1127880e-01   3.7672315e-01  -9.5396293e-02  -6.7117746e-02  -2.9123652e-01   5.1202614e-01   1.7095379e-01   2.6784552e-01   3.6708886e-01  -3.7928576e-01   4.8584128e-01   5.6784779e-01   6.5954378e-02  -1.4371090e-01   1.6651656e-01  -2.0595639e-01   1.0682679e-01  -1.4584164e-02  -2.9080288e-01  -6.3203532e-02   2.2864831e-01   3.1210278e-02   1.1299165e-01  -2.9565288e-01   4.1184517e-01   1.6948674e-01   3.0481535e-01  -4.1222767e-02   1.7502733e-01   1.0172739e-01   8.6844094e-03  -1.0755784e-01   1.6253222e-03   7.0774503e-02  -2.1309618e-01   2.7614999e-01   9.0047789e-02  -1.1530334e-01  -4.3057611e-01  -1.1536910e-01
   1.1142927e-01   3.1038182e-01   5.7483643e-01  -2.9791451e-01   5.3301660e-01  -4.1819553e-02  -2.0490786e-01  -1.2953684e-01   1.9479436e-01  -3.4472733e-01  -1.2471833e-01   0.0000000e+00   1.6839158e-02  -2.9589459e-01  -1.2757075e-01   2.3997664e-01   3.9034226e-01  -2.0070275e-01   1.2552312e-02   4.4400641e-01  -4.4742601e-01  -6.2395818e-01  -5.1978004e-01  -6.6489729e-02   1.3278281e-01  -2.5611085e-01  -4.4137895e-02  -3.7508912e-01  -1.2531254e-01  -3.0903984e-02  -3.4423451e-01  -6.9354845e-02   1.2747180e-01  -1.4261954e-01   4.0290863e-01   7.7332587e-02  -7.0270318e-02   2.9371671e-02   9.4121645e-02   4.5784029e-01   1.0020643e-02   3.0258968e-01   5.9748252e-01  -2.8600537e-01  -1.1482670e-01   3.0982539e-03  -1.5618093e-01  -2.3834934e-01   2.1359084e-01   4.3374676e-01  -1.9292537e-01  -4.8830212e-02   2.0165404e-01   3.0839723e-01  -3.0494886e-01  -2.1755101e-01   1.2769163e-01  -5.5012117e-01  -2.0446376e-01  -2.0831474e-01  -5.3354475e-02   6.4053602e-02   3.0028570e-01   1.1576937e-02   7.0761306e-02   1.1153818e-01  -3.8394534e-02   4.5987131e-01  -1.3161408e-01  -8.5102030e-02   2.7674398e-01  -2.8703827e-01   1.3773434e-01   1.5194410e-01   2.9866512e-01  -1.6719409e-01   1.0767382e-01  -4.9163058e-02   6.6387309e-01  -2.4664768e-01  -5.7552066e-01   2.8627308e-01   1.3840272e-01  -9.1990019e-02   3.5640312e-01   2.8638591e-02   1.3831052e-01  -1.5948510e-01   2.8024621e-01   1.0050254e-01   3.2026342e-01   5.0030253e-01   5.6680519e-01  -2.1697894e-01   6.8831341e-02   6.3549654e-01   1.4667234e-02   7.3534685e-02   7.7987749e-02  -3.3468788e-01   3.1697753e-01   5.8670541e-02  -3.6364773e-01   6.1723153e-02  -4.5314825e-01  -2.8022847e-01   1.8284754e-01  -1.1588009e-01   2.6836029e-01  -1.1506263e-01   3.4803457e-01  -4.4403170e-01  -8.8008178e-02   1.4199776e-01  -2.0191835e-01   5.5116241e-01  -1.5546806e-01   1.9328643e-01  -2.7223905e-01  -2.8555646e-01   1.4806231e-01   6.9849369e-01   4.6257772e-01  -8.2348048e-02   1.0264796e-01   3.6899554e-01  -1.6713072e-02   2.7036627e-02  -4.5218322e-01  -3.5172677e-03   8.3958695e-03  -1.8274235e-01  -1.7868130e-01  -3.0148799e-01   1.4481937e-02  -6.3568447e-02   7.6112151e-02  -4.4327571e-01  -7.5022641e-03   1.7320140e-01   1.7932069e-01  -2.3094524e-02   1.5713457e-02  -1.1820098e-02  -4.0373672e-01  -3.1874565e-01   4.2201126e-01   3.9733879e-01  -1.6739805e-01  -4.3421293e-01   8.1156565e-02  -5.0524321e-01   3.1677631e-01  -3.5011935e-03   7.0513994e-01   1.4072267e-01   7.4667968e-02  -2.3877246e-02   1.8566036e-01  -4.8318560e-01   2.8943655e-01   2.8152090e-02  -3.2505698e-01  -3.9012062e-01  -2.5390118e-01   6.7512227e-01   4.7106605e-01  -2.1717731e-01   9.2482060e-02   3.2845551e-01   6.1119608e-01  -3.2517089e-03  -3.3279191e-01   2.3824041e-01   3.8308333e-02   1.6669302e-01  -4.5738963e-01
   1.2523002e-01  -1.7099053e-01  -8.2387357e-03  -2.0536588e-01  -8.4603009e-02  -3.1730156e-01  -7.9163131e-02  -1.5311229e-01  -1.0149933e-01   3.0249806e-01  -9.6010422e-02   1.6839158e-02   0.0000000e+00  -3.0662699e-01  -4.1130083e-01  -2.3392831e-01   2.0913185e-02   1.1889383e-01  -1.2794898e-01   4.3887485e-02  -1.4347392e-01   1.1581720e-02   4.2068798e-02   2.7582174e-02   1.3750800e-01  -2.5311716e-01  -2.4690398e-01  -2.5507202e-01   1.5127756e-01  -2.3606101e-01  -4.3386739e-02  -9.2181319e-02  -6.2068041e-02  -3.0283972e-01  -2.2585999e-01   1.7725049e-01   3.2020814e-01   1.5379266e-01  -3.4558814e-02   5.2409993e-02   3.1244726e-01   4.7933331e-03   6.5217589e-02   1.4841034e-02   1.3980728e-01   1.0093477e-01   4.9938545e-02  -1.1284709e-01  -1.8149891e-01   2.7398689e-03  -6.9904627e-02  -2.6461919e-01  -1.7972658e-02  -8.8507369e-02  -1.5187970e-01   6.0607907e-02  -2.1551872e-01  -1.4757350e-01  -9.3489014e-02   1.5656517e-02   2.4012298e-01  -3.1117504e-02  -1.3439834e-01  -6.3379035e-02  -7.6741342e-02   2.4860567e-01  -2.9918053e-01   1.5216739e-01  -9.8647532e-02   2.3267596e-01   8.8716402e-02   1.1081233e-01   3.3505905e-02  -1.7596397e-01  -6.3220296e-02  -3.2023966e-02   2.7215091e-01  -6.1652316e-02  -6.1657695e-02   1.2389229e-01  -4.3323698e-02  -1.6676723e-01  -1.4024646e-03  -1.7228567e-01  -3.8403418e-02  -1.7469972e-01  -2.4724782e-01  -2.4097223e-01   1.3707026e-01   1.1919556e-01  -1.6735545e-01   6.4889805e-02  -8.1459856e-02   2.0940783e-01   1.6695005e-01   1.3347297e-01   1.6409017e-01  -1.6942442e-01   1.2864956e-01   2.0695478e-01   2.8690741e-02   1.7535072e-02  -1.1297123e-01  -1.1599414e-01  -2.2421652e-01  -3.1348509e-01   3.8028938e-02  -3.0455058e-01   1.9150694e-01  -1.5496755e-01   2.4777551e-02  -3.2215739e-01  -1.2346180e-02   1.5649162e-02   8.9111582e-02  -1.0206955e-01   3.0009838e-04   2.2633924e-01  -2.7461129e-02  -2.3306547e-01   2.1604555e-01   3.3204162e-02   9.0142894e-02  -3.8271930e-02   1.1490883e-01  -1.9015202e-01  -2.0830080e-01   3.2067696e-02  -3.2237429e-02   1.9147840e-01   9.1152685e-02   8.5753739e-02   1.9017055e-02  -2.0558363e-01   9.5689624e-02   7.7170758e-02  -1.2340130e-02  -6.3979509e-02  -1.4289164e-01   1.5359187e-01  -1.0055057e-01   5.3322195e-01   2.5121334e-02   8.5539431e-02  -1.6386696e-01  -2.2505759e-01   9.9547011e-02  -1.3708968e-01   1.1014655e-01   6.0346494e-02   1.2851415e-01  -1.8694246e-01   3.5665525e-04  -2.6776973e-01   7.7480710e-02   1.8755976e-01   1.3779984e-01  -1.2017553e-01   1.6283455e-01  -2.8644889e-01   2.4288535e-01  -3.0664488e-01   1.9725989e-01  -1.3339982e-01  -2.7295175e-01   2.9603623e-02  -1.4823122e-01   1.5050967e-01   1.0304086e-01   4.6618786e-02  -1.5969168e-01   1.7467891e-01   1.4733767e-01  -1.0185307e-01  -2.4235665e-01   1.0721450e-01  -1.0637761e-01
  -3.6877735e-01   1.6468342e-01  -2.8573918e-01   2.9960109e-01  -2.2207066e-01   2.7236886e-01   1.8232877e-01  -9.7858111e-02   5.3385865e-02  -2.6115183e-01  -2.2824943e-01  -2.9589459e-01  -3.0662699e-01   0.0000000e+00   2.7415399e-01   1.5284850e-01  -3.1720328e-01  -8.4714344e-03   5.8612046e-02  -2.5238935e-01   1.9659833e-01   4.3927410e-01   1.3368604e-01  -1.2727846e-01  -5.7421082e-03   1.2719203e-01   7.3639439e-02   5.6748915e-01  -6.4997680e-02   2.5910577e-01   4.3763814e-01   1.7507124e-01   2.4779407e-01   2.0715345e-01  -7.2036763e-02  -1.8994376e-01  -1.9265294e-01  -2.8204307e-01   2.1857884e-01  -1.5551908e-01  -2.2448177e-01   1.1239154e-02  -4.9664486e-01   2.8327922e-01   1.3924590e-01  -4.1808066e-01   5.5203807e-03   2.5728743e-01   2.5983781e-01  -3.8158477e-01   7.1376403e-02  -1.9040371e-02  -1.0514275e-01   3.5245232e-01   5.7145445e-01   2.7132932e-01   2.2742649e-01   2.6717050e-01  -6.0720361e-02   7.6845902e-02  -3.5447908e-01   1.9018479e-01  -1.1241475e-01  -1.0250992e-01   1.6659272e-01  -1.6904527e-01   2.4117252e-01  -2.7480719e-01  -5.1120654e-02  -1.5824732e-01  -2.6742630e-01  -1.8226010e-02  -1.0232972e-01   4.6465659e-01  -1.5799301e-01   1.0381235e-01  -5.0494454e-01   1.8332527e-01  -2.9234681e-01  -5.4910534e-02   4.0959427e-01   9.2200720e-02  -2.0101349e-02   3.6186885e-01  -1.8698890e-01  -1.3394872e-01   1.8539027e-01   6.5706332e-01  -2.0195790e-01  -3.5390327e-01  -2.3762300e-01  -3.5368443e-01  -2.3806946e-01  -1.6263446e-02  -4.2886702e-01  -3.4629828e-01   4.3774995e-02  -2.0012257e-01  -3.5304570e-01  -1.2281523e-01   2.1205550e-01  -4.5221808e-01   5.1369332e-01   1.9360333e-01   2.5610649e-01   1.5887644e-01   1.0741670e-01  -9.4380954e-02  -3.6078658e-02   9.4715478e-02  -2.2418332e-01   5.4579882e-01   2.3782209e-01  -3.5964194e-01   3.1951475e-01  -2.2956598e-01  -1.0125012e-01  -1.7657512e-01   5.8527937e-01   1.1021248e-01  -4.7291859e-01  -2.8331077e-01  -4.2586148e-01   2.2837771e-01  -3.4591848e-01   2.3174458e-01   4.9006424e-01   2.7700480e-01  -5.3206584e-02  -2.8769798e-01   1.9578980e-01  -1.1133167e-01   2.1969917e-01   5.0812475e-01  -2.6481521e-01  -1.9513097e-01  -3.3230305e-02   3.0792390e-01  -2.8339250e-01  -3.8937467e-01  -3.7622869e-02  -2.1265117e-02  -4.0034215e-01   1.7755764e-01   5.3218001e-01   3.6078356e-01  -3.2672089e-01  -2.7480917e-01  -6.1795425e-02   1.8995448e-01   2.1333911e-01   6.2896251e-01  -3.6733116e-02  -6.0487497e-02  -2.1674072e-01  -4.0476249e-01  -3.5871888e-01  -2.5120810e-01  -2.7321122e-01   5.7758218e-01  -2.0122367e-01  -1.1687130e-01  -1.9894568e-01   1.2039229e-01   2.6024897e-01  -3.6303740e-01  -1.7685157e-01   4.1238927e-01  -2.2108833e-01  -3.0550440e-01  -2.5800597e-01  -6.4304745e-02  -3.0021678e-02   2.7726966e-01   3.4499118e-01  -7.7057098e-03   1.0470597e-01
