   0.0000000e+00  -3.8821343e-01  -1.5183327e-01  -3.4287524e-01  -3.9191405e-01   2.2790622e-02   2.1202790e-01   9.6139800e-02   1.6546319e-01  -2.7874118e-01   7.6142723e-02  -2.5520945e-01  -4.9401553e-02   3.1360372e-01  -1.7310491e-02   1.5682900e-01  -1.6255771e-01  -2.4826773e-01   2.9160190e-01  -1.8214470e-01   6.2162620e-02  -4.7918896e-02   1.1985038e-01   4.9704575e-01  -1.6553577e-01   2.8910685e-01  -1.0664807e-01   2.7297929e-01   5.4018512e-02  -5.2815555e-02  -1.0564966e-01  -7.0087511e-02   1.9670934e-02   1.8037744e-01   7.7173953e-02  -1.4356105e-01   1.0693458e-02   5.4768321e-01  -5.4829304e-04  -1.6439263e-01  -8.8551123e-02   1.2140270e-01   1.6024184e-02   2.6808715e-01  -8.4722022e-02   4.5932633e-01  -1.0220324e-01  -8.9197910e-02  -4.5715188e-01  -3.2608311e-01  -3.1219434e-02   3.5053369e-01  -1.4264028e-01   4.0292285e-02   3.3085488e-01   1.3903369e-01   1.7121567e-01  -4.6302239e-03  -1.3082794e-01   2.2870602e-01   2.9721766e-01  -1.0340469e-01  -6.8042311e-02   1.7420432e-03  -3.3934751e-01   1.9826254e-01   1.7064569e-02   1.8266665e-01  -1.2029431e-01   3.1218634e-01  -1.9417852e-01   1.0775564e-02   1.5523694e-01   3.9340506e-01  -7.2467447e-02  -1.8726774e-01   3.5625386e-01   2.9709239e-01  -4.9970096e-01  -1.6976676e-02   1.5447428e-01  -5.4069327e-02  -3.8244210e-01   1.5213881e-01   5.5063884e-01   1.9171213e-01   4.4588436e-02   1.4941209e-01  -1.5406781e-01   5.5646369e-01  -4.0057812e-01  -1.5013591e-01  -1.7282218e-01   7.1524799e-02   5.3181398e-01  -3.9333401e-01   4.4003142e-02   2.0191431e-01  -2.7857482e-01   5.7404918e-02   1.5352414e-01   3.0729396e-01   3.3364104e-03  -2.2665509e-01  -3.8604645e-02  -8.2593957e-02  -1.3624155e-01   1.0546767e-01  -4.2629210e-01   5.5417602e-02  -4.1739228e-02   7.1186867e-02  -5.1372702e-01   6.2836994e-01   2.8806022e-01  -4.3645744e-01   1.3418108e-01   7.8301254e-02   8.9349165e-03  -1.8246720e-01   4.4545079e-01  -9.6684977e-02  -2.6289544e-01  -7.0024289e-02   4.7043471e-01   2.1005640e-02   8.2815092e-03  -1.2131011e-01   6.7168135e-02  -4.0064655e-02  -6.3999808e-02  -3.9566099e-01  -5.8365581e-02  -8.1021716e-02  -4.5784110e-02   1.8337404e-02  -6.1025217e-02   3.1103185e-01   1.3896541e-01   3.4856301e-01   6.4692292e-01   2.0632616e-01   1.6792547e-01   1.2697033e-01  -1.2340268e-02  -2.8414625e-01   7.9764306e-02   6.3757702e-02   1.9094101e-01  -1.4052351e-01   4.7633800e-01   5.3556860e-02   2.9501987e-01  -1.0167476e-01  -2.0694043e-01   3.2136700e-01   4.3512776e-01  -1.8919287e-01   1.8125776e-01   1.3705733e-01   1.4755718e-01   2.6649597e-01  -2.8797492e-01  -2.7243334e-01  -2.3663743e-01  -1.9390136e-01   7.3861539e-02  -8.6151953e-03   2.1165643e-01  -3.3574399e-01  -6.1143840e-02   4.5694898e-01  -2.3401335e-02   1.4435033e-01  -1.6443133e-01  -2.5086139e-01  -1.2718134e-01
  -3.8821343e-01   0.0000000e+00   5.5596259e-01  -9.1559407e-02   6.9633551e-01   6.5930491e-02  -3.4817058e-01  -7.1976293e-02  -2.1705726e-01   3.0221521e-01  -3.7512676e-01   3.5580406e-01  -1.8640968e-01   5.2844417e-02  -1.3239686e-01  -1.3075119e-01   7.3160166e-01  -1.4359572e-01   4.3012666e-03   5.2465609e-01  -4.4615076e-01  -4.1576474e-01  -4.8334595e-01  -2.1096857e-01  -9.2269822e-02   4.7734688e-02   1.5968446e-01  -2.3055450e-01   3.2772179e-02  -4.7210480e-01   1.8983207e-01  -3.0232685e-02   1.5717897e-01   2.6651908e-03  -3.4054747e-01  -1.9564417e-01  -2.9147292e-01  -3.0158851e-01  -1.0950963e-01   5.8377149e-01  -1.8843317e-01   4.6360163e-02   1.9532670e-01  -2.9966768e-01  -3.9662379e-01  -3.7851189e-01  -4.9993865e-01   3.0304071e-01   2.9843779e-01   7.1413431e-01  -5.1014727e-01  -2.1735654e-02   1.3487547e-01   3.1820654e-01  -2.5284199e-01  -1.5288672e-01   1.5320943e-02  -1.0390894e-01  -1.0753740e-02  -4.8883037e-01  -2.9661967e-01  -2.3577912e-01   5.6336354e-01   1.2922781e-01   5.1692754e-01  -5.0356996e-01   1.9610982e-01   2.5826236e-02  -2.1454348e-01  -8.0004017e-02   4.6982703e-01  -6.4995801e-01  -1.4963964e-01   9.6736296e-02   1.4983848e-01   2.2560774e-01  -3.2460967e-01   3.2057578e-02   6.1180605e-01   4.6264454e-03  -1.0596550e-01  -9.6399512e-02   4.3503457e-01  -9.2681044e-02  -3.4959921e-01  -2.9962837e-04  -3.2766440e-01   1.2155546e-01   6.3213026e-01  -3.1880475e-01   7.4708261e-01   4.0697138e-01   5.9182788e-01  -7.5417054e-02  -3.0256144e-01   7.6618903e-01  -4.0014844e-01   6.2632812e-02  -9.2800723e-02  -4.6009202e-01  -1.6056238e-01  -5.3293987e-01  -3.5325327e-02   6.7232236e-01  -5.9537492e-01  -1.6662504e-01   4.1494436e-01   5.8680930e-04   5.6777497e-01  -2.8070178e-01   3.1131821e-01  -6.2350505e-01   9.7944175e-02  -5.5570651e-01  -3.0091777e-01   6.4358216e-01   6.1208206e-02  -2.3212341e-01  -7.4227026e-02  -2.4728949e-01  -4.6480054e-01   4.4861358e-01   5.7284413e-01  -4.9337226e-02  -4.5070183e-01   3.8530876e-01  -6.3014846e-01   1.6335115e-01  -3.0536622e-01   4.5266677e-01  -1.1287299e-01  -4.6629118e-02   4.0861892e-01  -2.3203371e-01  -2.4090829e-01  -4.0813606e-02   7.5048132e-02  -3.1010604e-01  -5.9186767e-02  -3.4077770e-01  -2.2045333e-01   3.1098384e-02  -2.1751006e-01  -3.5017755e-02  -7.4499406e-02  -1.5076858e-02   6.0033344e-02  -1.5432695e-01  -6.6002067e-01  -9.7146549e-02  -2.7769969e-01  -1.4042021e-01  -3.5035104e-01   2.2291664e-01   6.2098148e-01  -3.1270699e-01  -3.0872459e-01  -9.8283574e-02   5.9164361e-02  -1.6865128e-01   1.5553267e-02  -1.7093954e-01   1.8529471e-01  -4.8656721e-01  -1.9215858e-02   2.7645825e-01   8.2757763e-02  -1.1585134e-01  -2.3597309e-01   8.4025872e-01  -2.0633268e-02  -3.5498021e-01  -4.2190461e-01   3.2561396e-02  -3.3340999e-02   2.1822444e-01  -2.7175348e-01
  -1.5183327e-01   5.5596259e-01   0.0000000e+00  -6.0609840e-02   5.4853373e-01  -1.7848811e-01  -3.3939411e-01  -1.5552655e-01   1.0049366e-01   1.2905910e-01  -3.8632181e-01   5.5040050e-01  -1.4845675e-01   1.2449854e-01  -4.7345950e-01  -2.5994110e-01   8.8969384e-01  -3.2445127e-01  -1.0877229e-01   4.3034765e-01  -6.8438753e-01  -2.0956982e-01  -5.4792720e-01  -3.5246436e-01  -2.2169333e-01  -2.1190856e-01  -3.9573959e-02  -2.6440294e-01   7.0262312e-02  -2.9973432e-01  -1.5668506e-01  -3.1802413e-01  -8.5168274e-02  -4.1089515e-01  -1.6652162e-01  -1.9073358e-01  -1.5936359e-01  -1.7963986e-01  -3.0123910e-01   2.6783433e-01  -1.6318126e-01  -1.5894300e-01   3.4230864e-01  -3.9338337e-01  -5.7153289e-01   3.1784828e-03  -2.6627994e-01   4.7083361e-02   1.3925818e-01   6.7985992e-01  -6.2243979e-01  -1.8859024e-01   4.9603032e-02   1.1488726e-01  -1.6382807e-01  -2.9739790e-01  -2.0338624e-01  -1.4790601e-01   3.0230044e-02  -1.8987590e-02  -4.2344967e-02  -1.5281080e-02   4.7384474e-01  -2.9564898e-01  -4.0501074e-02  -5.1317343e-01  -8.3123212e-02  -3.5009735e-02  -2.6211294e-01   4.5752888e-01   1.2233854e-01  -5.6207305e-01   7.8584259e-03   2.3385097e-01  -1.4407831e-01   1.2642223e-01  -2.2097704e-01  -1.9922438e-01   5.3123886e-01  -1.8748545e-01  -1.0909750e-01  -3.2657033e-01   7.6838225e-02   1.1843334e-01  -1.1833292e-01  -3.2336777e-01  -2.8653695e-01   8.5170196e-02   5.4089528e-01  -2.7992371e-01   4.4224437e-01   3.7454081e-01   4.5510573e-01  -1.8573265e-02  -2.2242417e-01   5.9543242e-01  -3.5112592e-01  -1.2715560e-01  -1.8090094e-01  -5.4676774e-01   1.8972367e-01  -5.8790270e-01  -1.7110121e-01   4.6320871e-01  -5.9013978e-01   9.9048841e-02   2.5328266e-01  -2.0439579e-01   3.5453073e-01  -1.4371415e-01   2.5601408e-02  -4.4469219e-01  -1.0629886e-01  -2.8893998e-01  -4.9122037e-02   3.8147941e-01   2.8130686e-02  -9.8016728e-02  -1.1705841e-01  -3.1187819e-01  -4.3074157e-01   3.6687368e-01   3.9334673e-01  -2.8705329e-01  -2.1543115e-01   5.6246456e-01  -5.5070592e-01  -1.1025314e-01  -1.3116181e-01   6.0738369e-01  -7.2586776e-02  -3.6041456e-01   4.8890728e-01  -3.0672094e-01  -1.0804800e-01  -1.5055601e-01  -2.3784849e-01  -2.7093061e-01  -4.2907388e-01  -2.6474922e-01  -1.9533052e-01   1.6388989e-01  -2.6906953e-01   6.5250804e-02  -3.3820550e-01  -1.7987937e-01   7.0442637e-02   1.8879184e-02  -4.2566414e-01  -1.8963412e-01   2.8265285e-02  -2.3570887e-02  -1.5931335e-01   1.2339223e-01   8.1330571e-01  -2.1936807e-01  -3.6607333e-01  -1.6875562e-01   1.7439319e-01  -4.8300669e-01  -1.2588227e-01  -2.1183806e-01   1.1174020e-02  -5.0884648e-01   2.3358979e-02  -3.9273942e-02  -3.5593314e-02  -1.1772574e-02   7.1450645e-02   5.3012635e-01  -1.8854673e-01  -3.8247889e-01  -3.7133469e-01   2.2730390e-01  -4.9832918e-02  -6.2340804e-02   1.3046568e-02
  -3.4287524e-01  -9.1559407e-02  -6.0609840e-02   0.0000000e+00  -1.4440323e-01  -5.0193859e-02  -6.9986413e-02   1.3093625e-01   2.0675305e-01  -2.5435714e-01   5.8692134e-02  -5.5949744e-02   2.1541095e-01  -1.3669030e-01   9.1719630e-02  -2.9754405e-01  -9.2746064e-02   1.4398214e-01  -3.4077422e-01  -1.9580917e-01   1.6010943e-01   5.1364789e-01   3.0496267e-02  -2.0175023e-01  -7.0559390e-02  -2.3537491e-01   1.0773260e-01   1.2210694e-02   8.0382455e-02   3.4847299e-01   2.3292191e-02   1.9952901e-01  -2.3896931e-01  -1.6672577e-01   1.2730853e-01   1.1126180e-01   2.0702284e-02   3.5970382e-02  -1.2513890e-01  -1.3082311e-01   1.6373007e-01  -2.2492078e-01   3.4759659e-02  -2.0487844e-02  -3.1569949e-02   1.3625815e-01   2.9694787e-01   6.5847501e-02   1.1613042e-01  -1.5489180e-01   2.2773597e-01  -3.1234110e-01   1.4968017e-01  -2.8201858e-01  -9.9558978e-02  -5.4399218e-02  -2.2654900e-01   5.3222130e-01   4.4896441e-01   1.9544252e-01   2.4516820e-01   6.3677011e-02   1.9763911e-02  -1.9913916e-01  -1.6624718e-02  -5.4529511e-03  -7.9679963e-02  -2.0554339e-01   3.2632992e-01  -8.5353299e-03  -4.8920660e-02   3.6172181e-01   1.3226061e-01  -8.4015278e-02  -1.7931375e-01   2.1786261e-01   2.1870047e-01  -1.3785354e-01  -1.9023284e-01  -5.0066468e-02  -1.8041510e-02  -3.1051217e-02  -4.3708660e-02   1.2734974e-01  -8.0869163e-02   9.1137515e-02   1.9651548e-01  -1.1534933e-01  -1.4468169e-01  -1.2196310e-01  -1.6777901e-01   3.4769695e-03  -4.3179337e-01   2.7689324e-01   3.7134282e-03  -2.3651356e-01   9.0870773e-02  -2.2123811e-01   1.6957190e-01   8.2968906e-02   1.1750450e-04  -1.4224502e-01   3.6428201e-01   1.9145960e-02   3.1054619e-01   4.3549177e-01  -8.3954856e-02  -2.0989305e-02  -1.5322070e-01  -9.5844652e-02  -2.8257904e-01   3.1387360e-01   5.3569103e-01  -6.4751357e-02  -7.1593251e-02  -1.6068105e-01   2.3263062e-02   2.4933711e-01   1.1453149e-02   4.9179629e-01   1.6575361e-01  -2.3309170e-01  -2.0547098e-01  -7.9470257e-02   9.2156724e-02  -1.0368621e-01   8.6542136e-02  -1.5437331e-01   3.9783161e-01  -4.7282009e-02  -1.0969447e-01   3.1437274e-01  -7.3154852e-02   7.2128069e-02   2.2622106e-01   3.0655685e-02  -1.4816269e-01  -8.3732400e-02  -3.0733227e-02  -2.0000083e-01  -2.0636506e-01  -1.9100522e-01   1.5883311e-02  -3.2689754e-02  -1.5249802e-01   2.7017729e-01  -1.1490199e-01  -1.0257625e-01   6.6065739e-02   1.9803839e-01  -9.0256298e-02   2.5612485e-01   2.2801640e-01  -6.8358658e-02  -7.2715713e-02  -7.2388126e-02   1.6034163e-01   2.5812791e-01   1.4052671e-01  -9.3020387e-02  -3.2293142e-01  -1.8014757e-01  -6.8308413e-03   3.8680782e-01   4.4371209e-01  -1.3707663e-01  -1.1402960e-01   2.3175994e-01   2.7535930e-01  -1.2831463e-01  -3.9828848e-01  -3.5194698e-04   1.5505078e-01  -1.4235810e-01  -1.9828532e-02   6.5108148e-02   5.5041104e-01
  -3.9191405e-01   6.9633551e-01   5.4853373e-01  -1.4440323e-01   0.0000000e+00   1.3316401e-02  -4.2651600e-01  -8.5945396e-02  -2.5804537e-01   3.5966598e-01  -2.6899580e-01   3.5207237e-01  -8.7278974e-02  -7.5041683e-02  -1.8586117e-01  -7.0854288e-02   6.5642413e-01  -2.3208264e-02   2.9522005e-02   7.6358696e-01  -5.3265178e-01  -4.4427676e-01  -5.1725930e-01  -2.3531665e-01  -5.3631556e-02  -3.4125846e-02   1.4517236e-01  -2.3388281e-01   1.6594959e-02  -3.3026210e-01   7.9738662e-02  -2.9086188e-01   2.0072620e-01  -2.5939419e-01  -2.7955294e-01   1.5364786e-01  -1.0649965e-01  -4.4415260e-01  -1.4568616e-01   4.7592416e-01  -6.3277762e-02  -1.6823920e-02   1.2613434e-01  -3.4073017e-01  -3.2182995e-01  -4.3874234e-01  -2.1936945e-01   3.0355516e-02   3.9465593e-01   6.6136978e-01  -3.7396131e-01  -7.4968649e-02  -2.8707935e-02   2.0962733e-01  -3.6535033e-01  -2.1509916e-01   4.6758270e-02  -3.2284352e-01  -1.0045564e-01  -3.7205555e-01  -3.8656430e-01   6.2415083e-02   4.4474369e-01   8.3118049e-02   4.1120963e-01  -3.7576041e-01   1.1446746e-01   8.2745609e-02  -1.1858271e-01  -5.6823805e-02   8.3185651e-02  -4.9244420e-01   7.3341484e-02  -2.7990764e-02   1.3235088e-01   5.7224302e-02  -4.8442665e-01  -7.9510391e-02   8.0177232e-01   6.4992121e-02  -1.7677008e-01   1.0816421e-01   2.4299270e-01  -1.0331525e-01  -3.5728204e-01  -2.2173485e-01  -2.0700447e-01   1.5001855e-01   5.9408545e-01  -4.0465323e-01   7.5361268e-01   2.9157778e-01   5.8933387e-01  -2.0550850e-01  -4.8705339e-01   8.2792847e-01  -2.9722470e-01   6.6171262e-02   4.6119260e-02  -4.2084166e-01  -1.8495065e-01  -5.1579976e-01  -2.2421974e-01   5.7657423e-01  -5.0502385e-01  -2.2427274e-01   2.9191235e-01   1.1302951e-02   4.8902704e-01  -1.1569164e-02   1.5495102e-01  -4.8490890e-01   1.1503671e-01  -6.2841874e-01  -3.0664569e-01   7.2792764e-01  -1.7154625e-02  -1.7563168e-01   2.8375000e-03  -3.0765739e-01  -4.5613648e-01   4.7297917e-01   5.3636866e-01  -4.5903424e-02  -5.4225623e-01   3.3538618e-01  -4.1363864e-01   1.1481081e-01  -3.7811441e-01   3.7167238e-01   5.9307589e-03  -1.8645968e-02   2.7705101e-01  -1.9525773e-01  -1.7406950e-01  -5.3408918e-02   4.1004913e-02  -2.8399760e-01  -1.4810898e-01  -1.9641537e-01  -2.2735222e-01  -7.3385743e-02  -1.6742010e-01  -1.3365301e-01  -1.5812017e-01  -4.6921367e-03  -1.8329692e-01   1.7837046e-01  -3.9132684e-01  -1.7423835e-01  -2.9566768e-01  -2.9868304e-01  -2.7711025e-01   2.4851890e-01   5.5254128e-01  -2.5868382e-01  -5.0079617e-01  -1.4042838e-01  -1.2711166e-01  -1.5337898e-01   1.2365654e-01  -1.0440153e-01   3.5362068e-01  -4.1557694e-01  -6.1885900e-03   1.7352346e-01   1.2942015e-01  -1.1154257e-02  -2.7423585e-01   7.4641841e-01   1.7181431e-01  -5.0482797e-01  -1.9532494e-01  -3.6454718e-02  -7.8091935e-02   2.4114221e-01  -2.4048515e-01
   2.2790622e-02   6.5930491e-02  -1.7848811e-01  -5.0193859e-02   1.3316401e-02   0.0000000e+00   3.4223168e-02   5.2251573e-01  -1.0508902e-01  -5.6217507e-03   5.0363273e-01  -3.8611510e-02  -3.7891096e-02   2.2674260e-01   6.3595241e-01  -1.2148785e-01  -3.2131625e-02  -3.3213711e-02   6.1159467e-01   1.7940261e-04  -1.9557706e-01  -3.5409635e-01   8.5044502e-02   1.6911947e-01  -2.2882741e-01   7.8640088e-01   7.2220958e-01   1.9125645e-01  -2.2061172e-01  -3.5472714e-01   3.6120790e-01   1.6839695e-01  -9.5767709e-02   4.7491560e-01  -2.7216772e-01  -1.5340382e-01  -2.1068934e-01   7.2931773e-02   2.5848389e-02   4.7026332e-01   6.6932766e-02  -8.1231720e-02   1.3490636e-01   5.2514781e-01   1.7487969e-01  -2.4417771e-01  -4.1985728e-01  -1.2511678e-01  -3.6894325e-01   1.3640355e-01   4.0071410e-02   7.3854365e-01  -3.6784170e-01   2.2336662e-01   3.0056062e-01   7.0231631e-01   8.1381640e-01  -2.8128343e-02  -1.4773373e-01  -1.6502758e-01  -1.0215434e-01  -8.8099396e-03   1.8186412e-01   6.5886942e-01   1.0911937e-01  -1.7682769e-01   7.3656806e-01  -1.4367032e-01   5.9665765e-01  -1.1129886e-01   4.9503842e-02  -1.0300221e-01  -9.2573381e-03   1.0983717e-01  -3.8244090e-01   1.2492105e-02  -2.4013051e-01   3.8463599e-01   9.9815565e-02  -2.6917308e-01   3.2954920e-01   2.0194939e-02   4.5341925e-01   1.1038841e-01  -1.3203695e-01   4.7049578e-01   1.8260729e-01   6.7315865e-02   3.0912664e-02  -2.0668286e-01   3.1801176e-02   7.2740339e-02   3.9937578e-01   1.9848618e-01   5.4729917e-02   6.5528307e-02  -2.7245665e-01   7.4844497e-01  -9.5599143e-03  -5.5976362e-02  -1.7167139e-01   4.3696471e-01  -1.1063340e-01   1.4719672e-01  -9.9087253e-02  -2.0284411e-01   1.2708399e-02   7.5243748e-01   4.9455513e-02  -3.1332461e-01   6.0997866e-01  -1.9567080e-01  -1.2768401e-01  -8.3431198e-02  -2.7187461e-01  -2.1384872e-02   5.3748045e-01  -6.1605076e-02   3.9104640e-01  -4.4158485e-02  -1.4348692e-01   1.3164955e-01   2.1542759e-01   6.8420520e-02  -1.4653050e-01  -1.1091025e-01  -1.2742075e-01  -3.7955709e-01  -2.3168046e-01   9.6397038e-02  -5.5175897e-02   1.6984398e-01   1.6628998e-01  -2.1727003e-01  -2.5729185e-01   2.7510032e-01  -2.6631234e-01   1.4623378e-02   7.1114881e-01  -1.9981804e-02   4.2519496e-03   1.5634657e-02   5.6264278e-01   2.2514644e-01   4.7517935e-01   3.3372507e-02  -4.9759507e-03  -2.9716179e-01  -6.1370962e-02  -1.2034150e-02  -3.0249513e-01  -1.2005835e-01  -2.2039018e-02   1.2233964e-01  -3.3351256e-01   2.9463836e-03  -3.2141912e-02  -1.4150573e-03  -2.8163275e-01   7.2606749e-01   1.4247894e-01   6.2926364e-01  -1.4732953e-01  -1.4515121e-01  -1.2547569e-01   2.9776983e-01   5.9274256e-01  -6.2753779e-02  -3.2171798e-01   5.9575925e-02   2.5629594e-01  -2.0148355e-01  -1.7722478e-01  -5.8040685e-02  -3.7093145e-01   2.5673397e-01  -9.1472014e-02
   2.1202790e-01  -3.4817058e-01  -3.3939411e-01  -6.9986413e-02  -4.2651600e-01   3.4223168e-02   0.0000000e+00  -3.2866636e-02   9.0223432e-02  -2.0997124e-02   2.3446747e-01   2.3819833e-01   9.8823022e-03   8.2330665e-02   3.3543560e-01   2.1521449e-01  -4.7148936e-01   2.3590533e-01   7.4833060e-02  -3.8369855e-01   3.2642051e-01   1.1457269e-01   5.0032842e-01   5.0673699e-03   2.3193297e-01  -2.7495376e-02  -2.2263160e-01   3.2297914e-01   1.4683979e-01   2.9300666e-01   1.9002420e-01   2.0792186e-01   1.5043040e-01   3.1081055e-01   4.3912164e-02   5.9145803e-02  -1.1724131e-02  -9.1225995e-02   2.7095270e-01  -1.4886974e-01   1.2335480e-01   1.7547496e-01  -9.8333996e-03   2.8364443e-01   3.9179933e-01  -6.1755928e-03   1.2602326e-01   1.5232644e-01  -4.2428254e-01  -3.2005321e-01   4.0439780e-01   1.2840397e-02   1.1392382e-01  -1.5953067e-01   1.8268943e-01   3.8225984e-01   2.7033423e-02   1.1779343e-01  -9.1686127e-02   3.0781543e-01  -1.7239170e-01   2.4214334e-01  -3.7279294e-01  -4.7745017e-02  -1.9272480e-01   4.2735414e-01  -4.0684067e-02   1.0965626e-01  -4.1169505e-02   8.7936313e-02   2.1746342e-01   2.1144945e-01  -7.9331290e-02  -1.5368324e-02  -8.2536063e-02  -4.5221886e-02  -1.5801529e-02   2.2375016e-02  -3.1975387e-01   1.5598698e-01   3.5441434e-01   2.4361721e-01   1.3851804e-03  -9.0395516e-02   2.1059061e-01   8.5633498e-03   2.5255072e-01  -2.2944747e-01  -4.6811830e-01  -6.3993664e-02  -4.6016353e-01  -2.4009132e-01  -2.0874183e-01   1.0225893e-01  -7.7352490e-02  -4.0438894e-01   2.0513558e-01   5.4471749e-02  -1.3140055e-02   4.7265707e-01   2.1355022e-01   3.9024167e-01   1.5411470e-01  -2.3918901e-01   3.5992508e-01  -7.3236237e-02  -3.0703185e-01  -1.1578431e-01  -1.6569634e-01  -1.6291367e-01   2.2922464e-01   4.9496983e-01  -1.2100267e-01   1.3180093e-01   4.0621496e-01  -3.9384595e-01  -2.2678567e-02  -1.0072771e-02   3.1163986e-01  -1.9679820e-02   1.6282934e-01  -2.4667442e-01  -1.7523169e-01   1.0529868e-01   4.1985273e-02  -1.8954649e-01   3.1071469e-01  -2.9309962e-02  -1.7239957e-02  -4.2694155e-02   4.0797409e-02   1.6112337e-01  -2.8254381e-01   2.5341232e-01  -1.2172765e-01  -1.4220794e-01   5.6183286e-03   3.5609918e-01   4.7640439e-02  -7.8000010e-02   6.5398142e-02  -9.9864952e-02   6.2021938e-02   4.1170886e-01   4.9310691e-01   1.2752398e-01   7.0733449e-01  -2.2594927e-01   2.1174699e-01   1.6891198e-02   2.4930291e-02   2.6124430e-01   1.1450072e-01  -1.7616822e-01  -2.1560270e-01  -4.7567724e-02   1.1209682e-02   2.8531314e-01  -2.5171141e-01   3.2015081e-01   2.1796080e-01   1.1068003e-01  -2.4565998e-01   2.7823709e-01   7.3336975e-02   1.9992146e-01  -7.6972804e-02  -1.0276624e-01  -2.4892829e-02  -4.6024101e-01   1.0991904e-01  -3.9160023e-02   2.3469998e-01   1.8006487e-01   2.1635398e-01  -1.2659356e-01  -1.0096491e-01
   9.6139800e-02  -7.1976293e-02  -1.5552655e-01   1.3093625e-01  -8.5945396e-02   5.2251573e-01  -3.2866636e-02   0.0000000e+00  -1.5019335e-01   8.4655329e-02   5.2170585e-01  -3.0745770e-01   8.1348008e-02   4.1003869e-01   3.5684321e-01   2.2952849e-01  -7.0015285e-02  -1.1544944e-01   3.5679736e-01  -1.2630262e-01  -1.0685822e-02  -1.4269571e-01   7.1412183e-02   1.9280449e-01  -2.6075238e-01   4.9408443e-01   2.9526498e-01   2.5993928e-01  -1.1816359e-01  -3.9115564e-01   4.1894036e-01   2.9439718e-01   1.9567777e-01   1.9445564e-01  -1.5401728e-01  -1.5099766e-01  -3.3755500e-01  -1.4131915e-02   2.2190597e-01   2.4521906e-01   8.8061172e-02   4.5696506e-02   4.9425109e-02   4.7600579e-01  -3.8472416e-02  -1.7091593e-01  -9.1943915e-02  -1.2390052e-01  -2.9058506e-01   6.2667126e-02   4.3059484e-02   5.6188723e-01  -2.6222654e-01   1.0937985e-01   2.1899755e-01   3.4711237e-01   5.0266883e-01   2.8136712e-01   8.4006972e-02  -3.0606441e-01  -9.9771747e-02  -8.5284144e-02   3.0369928e-01   5.1930277e-01   1.2433944e-01  -1.0540928e-01   3.0388754e-01   3.3147120e-02   5.6571661e-01  -1.7107962e-01  -1.1285309e-01   3.1683589e-03  -4.3795292e-02   4.3517902e-03  -1.5896585e-01   3.3397195e-01  -2.0603902e-01   4.3551668e-01  -7.5854062e-02   4.1910582e-02   3.5750826e-01   7.1171120e-02   3.2989546e-01   5.9525293e-01   1.2949201e-01   5.2698118e-01   1.4451981e-01   1.6562401e-01   1.3028113e-01  -1.9406123e-01   9.6717575e-02   1.6701550e-01   1.6079848e-01  -7.3495114e-02  -3.6212043e-02  -2.5797898e-02  -1.9532639e-01   4.4913660e-01  -2.1035155e-02  -4.9563693e-02  -1.2176067e-01   4.2460769e-01   3.6203364e-01   7.3146283e-03   1.3745449e-01   1.0370821e-02   5.2340847e-02   4.9590402e-01  -4.9138139e-02  -1.5358374e-01   2.2342330e-01  -1.0851786e-01  -5.3730529e-02   8.6888079e-03  -8.7342316e-02  -6.4100241e-02   4.2747864e-01   1.6316569e-02   1.4941445e-01  -4.2378727e-02   1.0866395e-01  -3.7575374e-02   1.7953854e-02  -2.4732885e-02  -1.1467749e-01   4.6266135e-02  -1.8743781e-01  -2.0896626e-01   6.8262145e-03   5.7335938e-02  -1.0047392e-01   1.8534460e-01  -1.4800971e-02  -2.4820440e-01   3.9216626e-02   6.2015868e-01  -4.1710855e-02   3.0128370e-01   5.4623977e-01   5.6954518e-02   1.2064329e-01  -1.2151496e-01   4.8906711e-01   4.4860377e-02   2.8247096e-01   1.2571666e-01  -1.0759833e-01  -1.3432572e-01   7.9300767e-02   1.4075025e-01   2.1254721e-02   3.0740797e-01   1.4478347e-01   1.6933245e-01  -2.1235510e-01   1.2672279e-01   1.1845829e-01   3.1257107e-01  -4.4408417e-02   4.4304116e-01   6.5278365e-02   3.6638203e-01  -2.6738137e-02  -1.2858022e-01  -9.2192258e-02   3.5813204e-02   2.1149209e-01   1.1981489e-01  -1.1917443e-02   7.5438714e-02  -9.6398323e-02  -5.3678867e-02  -2.3815639e-01  -5.2862041e-03  -2.8235757e-01   1.1672742e-02   9.6336841e-03
   1.6546319e-01  -2.1705726e-01   1.0049366e-01   2.0675305e-01  -2.5804537e-01  -1.0508902e-01   9.0223432e-02  -1.5019335e-01   0.0000000e+00  -3.5210482e-01   8.8682843e-02   3.5655784e-02   2.8292597e-01   1.5618862e-01  -8.1416023e-02  -2.3869503e-01   3.7509001e-02   2.4187441e-02  -1.1788541e-01  -2.1424142e-01  -2.5782780e-02   4.0064598e-01  -3.9915855e-03   4.3074224e-02  -1.9497958e-01  -8.2480859e-02   4.2472930e-02  -1.8696240e-01   1.1948245e-01   1.8252336e-01  -5.9518061e-02  -1.0295043e-01  -5.2083146e-01  -1.2434289e-01   2.4437093e-01  -1.5116892e-01   4.4859864e-02   3.2741761e-01  -8.7752107e-02  -2.4467145e-01   1.6902764e-01  -4.8036647e-01   2.7609215e-01   4.8830131e-02  -1.2274484e-01   2.4304476e-01   9.5095625e-02   1.4497019e-02  -1.2596566e-01  -9.6000121e-02   1.8967592e-02  -7.0294237e-02   1.3074773e-01  -4.4380978e-01  -1.1277012e-02   1.5087467e-01  -1.2195923e-02   2.4228671e-01   2.0840673e-01   4.7858344e-01   2.2273560e-01   1.6399703e-01   2.1207736e-02  -2.3371654e-01  -2.7500675e-01  -2.5050319e-02  -9.7827370e-02  -6.0132588e-02   1.1131056e-01   8.5658671e-02   6.9194023e-02  -5.0924307e-02  -1.2313639e-01   2.9529795e-01  -4.4033239e-01  -2.8031679e-02   1.9055659e-01  -2.4883525e-01  -2.0505304e-01  -2.0715720e-01  -1.3391326e-01  -1.5513759e-01  -1.2020378e-01   2.7290051e-02   7.1828810e-02  -2.5168009e-01   3.8442792e-01  -1.6043815e-01  -1.6825058e-01   1.7640461e-01  -3.7249095e-01  -3.2166006e-01  -3.3157719e-01   4.8729392e-01   2.0396165e-01  -1.5655432e-01  -1.4220826e-01  -2.7884381e-02  -1.9081985e-01   7.0395449e-02   1.5861760e-01   2.8621950e-02  -1.3627050e-01  -2.4055030e-02  -3.4954122e-02   3.0508688e-01  -2.9016747e-01  -1.1847534e-01  -2.5139976e-01  -1.3638990e-01  -7.1913293e-02   2.7246316e-02   1.8611561e-02   4.0440721e-02   9.0261150e-02  -3.1321840e-01   9.6965398e-02  -3.6941602e-02  -4.3448947e-02  -1.1644403e-01  -4.9347792e-02   7.6175372e-02  -1.3167000e-01  -2.8111972e-01   1.8681365e-01   9.4829587e-02  -2.0023587e-02  -4.3815431e-01   4.1560398e-01   2.9274089e-02   6.4617746e-02  -9.4117487e-02   2.6231196e-01  -7.1181560e-02   5.8363918e-02  -6.7822392e-02  -5.3577817e-01  -2.2687533e-01  -2.7986279e-01  -2.1309416e-01  -4.7425250e-02   2.2721760e-01   1.8483100e-01   1.5049015e-01  -1.6099060e-01   9.6805790e-02   1.5948679e-01  -1.8741179e-01   8.6355430e-02   3.4153944e-02   8.1502085e-02   3.8618370e-02  -4.2165857e-02  -2.2328391e-01   7.9516505e-03  -1.0992031e-01   1.3029404e-02  -4.9756481e-02  -1.4836927e-01  -2.4152786e-01  -1.6009239e-01   1.3141043e-01  -2.5213123e-01   1.3127865e-01   1.4097076e-01  -1.7233549e-01  -5.7691942e-02  -2.2156403e-01   1.7841670e-01  -2.9211508e-01  -3.1158393e-01  -9.4164512e-02   2.7772050e-01   1.6732339e-01  -1.6702904e-01  -3.4382486e-01   2.2130049e-01
  -2.7874118e-01   3.0221521e-01   1.2905910e-01  -2.5435714e-01   3.5966598e-01  -5.6217507e-03  -2.0997124e-02   8.4655329e-02  -3.5210482e-01   0.0000000e+00   3.5662740e-02   1.0398171e-01  -2.1319184e-01   5.3354464e-03   1.0699326e-01   1.4615381e-01   1.9094769e-01   3.1851373e-03   1.5857258e-01   3.3899685e-01   3.9691157e-03  -3.1275546e-01  -2.2959805e-02  -2.0529505e-01   2.0455302e-01   1.2177728e-02  -6.3985053e-02  -1.6032792e-01  -7.5207179e-03  -1.5622018e-01   1.2978732e-01  -1.4493822e-01   2.8626334e-01   5.4134292e-02  -1.5747795e-01  -2.1023564e-02  -7.7862972e-02  -3.8379064e-01   8.4487409e-02   3.7678104e-01  -4.4015132e-02   2.8061567e-01  -1.5163555e-01   9.5929242e-02  -9.4795378e-02  -3.5721019e-01  -1.1850481e-01   1.2180801e-01   2.0085149e-01   3.3499044e-01   4.9505593e-03   2.0951577e-02  -1.2079906e-02   1.4718679e-01  -1.3254938e-01   3.2795136e-02   8.5796652e-02  -2.6238295e-01  -2.3685428e-01  -2.4231703e-01  -3.8536974e-01  -9.0329708e-02   2.8383253e-02   1.1426932e-01   2.3440965e-01   4.9384986e-03   1.8173870e-02   3.6948925e-02  -3.4540419e-02  -8.2296200e-02   2.3450581e-01  -1.8383552e-01  -7.5312456e-02  -2.7396487e-01   1.0420792e-01   1.0210318e-01  -4.0310414e-01   1.1544046e-01   2.8629446e-01   1.1752153e-01   1.2194532e-01   1.6045695e-01   3.2611033e-01  -7.7961213e-02  -1.8148352e-01  -1.1254730e-01  -1.6007190e-01  -5.1471129e-02   1.8611791e-01  -3.6777030e-01   3.9507067e-01   2.1856048e-01   3.1919669e-01  -2.5297236e-01  -3.8174176e-01   3.3983094e-01  -1.2691196e-01   1.1424091e-01  -6.1887527e-02   1.5686376e-01  -1.1998246e-01  -6.3715576e-02   7.4360908e-02   7.7015651e-02  -2.0518481e-01  -2.7852254e-01   1.0422549e-01   4.1631947e-02   2.9585870e-01  -1.3337957e-01   2.9043603e-01  -6.4667636e-02   1.4180734e-02  -4.1281257e-01  -1.0443209e-01   1.8994759e-01   1.1011795e-01  -9.7488547e-02  -6.9591510e-02  -1.7098892e-01  -3.9888520e-01   1.4800575e-02   1.8892534e-01  -1.5883968e-02  -3.4108570e-01   4.7616607e-02  -1.1338898e-01   1.6387049e-01  -4.6823832e-01   3.0734359e-01  -1.8343360e-01   1.8980849e-01   1.8701737e-02   1.2892712e-01  -1.0687588e-01  -2.7584232e-02   9.2335423e-02   3.9178965e-02   7.3062620e-02  -1.8333528e-01   3.1767425e-03  -3.1464424e-01  -1.7989147e-02  -8.1487649e-02   2.7136960e-01   1.5266609e-02   2.1513973e-01  -1.5487619e-02  -1.7266102e-01   2.5175382e-02  -2.1860799e-01  -2.7555131e-02  -2.8227591e-01   2.3962083e-01   1.9225458e-01  -2.1259244e-01  -3.5567987e-01   1.2740807e-01  -1.5738339e-01   8.4465369e-02   3.8544992e-02   1.9515923e-03   4.5338178e-01  -2.1847359e-01   9.7150815e-02   2.6457888e-01   8.7317661e-02  -6.2829714e-02  -4.0492100e-01   2.7024805e-01   1.5197522e-01  -2.6843122e-01  -1.7633422e-01   1.7290466e-02   1.7578910e-01   4.8900300e-02  -1.8126199e-01
   7.6142723e-02  -3.7512676e-01  -3.8632181e-01   5.8692134e-02  -2.6899580e-01   5.0363273e-01   2.3446747e-01   5.2170585e-01   8.8682843e-02   3.5662740e-02   0.0000000e+00  -3.6091674e-01  -3.8884491e-04   1.3945549e-01   4.7230685e-01   9.7048732e-02  -3.5488460e-01   2.3383949e-01   2.9871523e-01  -2.4005064e-01   2.9948902e-01   6.6682724e-03   3.7284932e-01   1.5255038e-01  -2.8805664e-02   4.1656530e-01   3.4493732e-01   1.0477021e-01  -1.9503545e-01   1.1035845e-01   3.0558512e-01   1.7204089e-01  -5.1073542e-02   3.3472724e-01  -3.8286844e-02   2.6759316e-01   1.0414216e-01   1.2069652e-01   2.0874394e-01  -1.8906344e-02   1.8497273e-01  -6.4471922e-02  -2.6776151e-02   5.4539045e-01   4.3759379e-01   2.9253038e-02   2.4848999e-01   1.9127394e-02  -2.7133308e-01  -1.9415242e-01   4.0607302e-01   4.6572118e-01  -5.9521731e-02  -4.6160969e-02   2.4007812e-01   5.1871630e-01   4.7645077e-01   8.0753509e-02  -2.6904622e-02   8.8432455e-02   3.9390484e-02   3.4744688e-01  -1.2783832e-01   4.1518038e-01   7.3158242e-02   2.9479200e-01   2.9836484e-01  -1.1704707e-01   7.3820119e-01  -2.4556292e-01  -4.3893987e-02   3.2837304e-01   5.9021667e-02   7.8142301e-03  -3.6674676e-01   1.3897729e-02  -6.2467491e-02   3.2959843e-01  -1.2677729e-01  -6.6864280e-02   2.1557388e-01   3.3878783e-01   3.5654952e-01   1.8607899e-01   9.6550824e-02   3.3716276e-01   3.3027617e-01  -7.4096230e-02  -3.2825730e-01  -1.2550637e-01  -2.8168438e-01  -7.3390996e-02  -7.9045882e-02   1.5351991e-01   7.7659163e-02  -3.5605028e-01  -2.3383799e-02   5.0003248e-01   9.0401559e-02   2.4985922e-01  -1.3373375e-01   6.1613191e-01   1.0397038e-01  -2.5943944e-01   3.4754346e-01  -6.3250519e-03  -3.6381376e-01   4.5575087e-01  -1.5626634e-01   6.1002989e-02   2.5127826e-01   2.6486718e-01  -7.8660329e-02   1.6988227e-02  -1.0028510e-01  -1.4163195e-01   2.5869856e-01  -3.9303936e-02   1.3679466e-01   4.8827996e-02   3.2537907e-02  -1.1965046e-01  -2.1161702e-01   2.3745634e-01   5.5945962e-02  -4.0415686e-01   2.9008967e-01  -4.4836792e-01   4.0151583e-02  -1.4128784e-01   5.0102640e-02   6.1050561e-01  -1.8169359e-01  -3.6203799e-03   5.6534067e-02   3.9748359e-01  -3.0127955e-01   1.1506543e-01   4.9466051e-01   2.0197933e-02   4.4028535e-02  -2.5923490e-01   6.8930022e-01   8.3673700e-02   4.4108589e-01   2.4381245e-01  -5.3417015e-02   5.4082634e-02   4.9298377e-01   2.3475489e-01  -4.8210488e-02   8.1063367e-02   2.3689842e-02   2.2561177e-01  -5.1070364e-01   7.5358378e-02   1.0770003e-01   3.1611136e-01  -2.7762158e-01   5.5116873e-01   1.5271500e-01   6.0292794e-01  -1.0113596e-01   3.2551751e-01  -1.6196048e-01   1.4013803e-01   5.0393828e-01  -6.4573139e-02  -1.2571015e-01  -2.9543609e-01   1.7709702e-01  -1.2184746e-01   3.2439473e-01  -1.0850488e-01  -2.1914169e-01  -1.3735685e-01   3.1675054e-02
  -2.5520945e-01   3.5580406e-01   5.5040050e-01  -5.5949744e-02   3.5207237e-01  -3.8611510e-02   2.3819833e-01  -3.0745770e-01   3.5655784e-02   1.0398171e-01  -3.6091674e-01   0.0000000e+00  -6.5225412e-02   1.9333994e-02  -4.0219799e-02  -1.6813424e-01   4.0920466e-01   3.4712749e-03  -8.6086405e-02   2.1524290e-01  -4.7076115e-01  -1.7261778e-01  -2.1655493e-01  -2.9982722e-01   1.4621819e-01  -2.9390141e-01  -5.2142987e-02  -1.0639504e-01   1.7205187e-01  -9.4101818e-02   1.8098213e-02  -1.1884517e-01  -5.2819942e-02  -6.4250019e-02  -1.8626560e-01  -1.1493175e-01  -1.1047310e-01  -4.4032582e-01  -1.1212143e-01   2.2047642e-01  -7.4500016e-02  -3.9271046e-02   4.5936482e-01  -2.9877066e-01  -8.6018143e-02  -2.5281784e-01  -2.0421894e-01  -2.1097583e-02  -9.4384424e-02   3.9466821e-01  -2.1948387e-01  -2.8287958e-01   7.7127164e-02   9.7007521e-02  -1.5685277e-01  -7.7395193e-02  -1.9323878e-01  -2.0575144e-01   6.5483482e-03   1.3968664e-01  -3.7915961e-01   1.7397952e-01   1.9586434e-01  -2.2714750e-01  -5.5296932e-02  -1.4188260e-01   2.6820683e-02  -9.2193282e-03  -2.9980384e-01   2.1814208e-01   9.9522331e-02  -3.7075548e-01  -2.3038714e-02  -5.6462726e-02  -6.2762716e-02   4.7284317e-02  -3.7415579e-01  -2.5867358e-01   4.6303949e-01   7.0912566e-02  -2.7514886e-02  -3.0799812e-02   1.1535338e-01  -1.7715777e-01  -3.4967612e-01  -2.8907374e-01  -6.3370673e-02  -2.6151443e-02   2.1398242e-01  -4.2345929e-01   1.7995260e-01   4.2834841e-02   4.1046919e-01   6.3573875e-02  -4.3926642e-01   4.2019943e-01  -2.0992717e-01  -1.6894313e-01   3.8962326e-02  -7.9004386e-02   8.9681874e-02  -2.9758953e-01  -2.2942557e-01   4.6651241e-01  -3.4127414e-01  -9.0643488e-02   1.3645081e-01  -2.4033339e-01   3.1637481e-01  -1.5158007e-01   2.9513736e-01  -1.4993386e-01  -1.9909509e-02  -3.7161286e-01  -1.8908199e-02   2.5523739e-01  -2.6520359e-02  -6.3172981e-02   2.2477620e-01  -1.1895520e-01  -3.2363429e-01   2.8264669e-01   4.5620941e-01  -7.1121038e-02  -3.0255779e-01   3.8100624e-01  -2.0824717e-01   1.2900122e-02  -1.9348662e-01   3.3237847e-01  -1.2792324e-02  -2.8270582e-01   1.6857837e-01  -1.1754079e-01  -1.3573773e-01  -3.7096179e-01  -1.0288604e-01  -1.8390785e-01  -3.8703806e-01  -3.3313516e-01  -2.2936724e-01   6.8438854e-02  -3.2194027e-01   2.7559222e-01   8.8767353e-02   6.4332659e-03   3.9798442e-01  -8.0689204e-02  -2.5382907e-01  -2.1028689e-01  -2.6033244e-01  -3.0529643e-02  -1.3172259e-01  -1.8822121e-01   5.8626132e-01  -2.4666397e-01  -4.5607674e-01   7.3566821e-02  -2.7944433e-01  -2.2949148e-01   2.6569027e-02  -2.2562669e-01  -9.1726491e-02  -2.0934415e-01   1.2153650e-01   3.7024899e-01  -1.0455972e-01  -1.2426518e-01  -1.0098207e-01   3.0510170e-01   1.1598734e-01  -5.0315896e-01  -1.9068875e-01   2.8227105e-01   1.4984287e-01   6.1740194e-02  -1.1849117e-01
  -4.9401553e-02  -1.8640968e-01  -1.4845675e-01   2.1541095e-01  -8.7278974e-02  -3.7891096e-02   9.8823022e-03   8.1348008e-02   2.8292597e-01  -2.1319184e-01  -3.8884491e-04  -6.5225412e-02   0.0000000e+00   1.0862228e-01   1.9793878e-01   2.6394835e-02  -8.6973166e-02   2.5592083e-01  -2.8276727e-01  -1.6866739e-01   2.0536855e-01   3.8809780e-01   3.8153636e-02  -5.5257112e-02  -2.5084118e-02  -6.3840807e-02   2.2998334e-01  -3.3002980e-02  -1.0369214e-01  -4.8529556e-02   1.3568018e-01   1.5264104e-01  -2.9961979e-01   1.1095771e-02   1.1068991e-02  -8.9723680e-02   5.8010107e-02   7.7506401e-02   2.0178237e-01  -1.8238328e-02   4.3521888e-01  -4.7605200e-01   2.5540748e-01   5.8557227e-02   6.2249401e-02  -9.6830392e-03  -4.7088492e-02  -4.9119969e-02   1.2420970e-02  -3.9798402e-02   2.0721708e-01  -4.2159252e-02  -1.7103348e-01  -2.1594259e-01   2.2629907e-01   1.1475883e-01  -2.1006685e-02   3.5357796e-01   3.9482776e-01   5.7313816e-02   1.5212328e-01   1.7362991e-01   1.5283812e-01  -1.7313160e-02  -1.1196508e-01   1.2059122e-01  -8.7188369e-02   3.0709644e-02   1.8899629e-01  -1.3960351e-01   1.5818895e-02  -6.4909069e-02   7.3046810e-02  -2.2514333e-01  -9.9568064e-02   1.1659242e-01   9.6736436e-02  -5.5915469e-02  -7.7491259e-02  -1.3556127e-02  -6.6971373e-02  -1.3219743e-01  -2.3756888e-02   1.1208471e-01  -2.0735112e-01  -5.9496420e-02   2.0319627e-01   1.7192470e-03   9.1306296e-02  -1.0401921e-01  -1.2229802e-01  -2.0051926e-01  -2.2484616e-01   2.5089789e-01   9.2608787e-02  -9.6073622e-02   1.8490599e-02  -1.0188140e-01   1.6511924e-01   2.5822325e-01  -6.3367900e-02   1.2449253e-01   8.6476277e-02  -7.3138331e-03   3.9211595e-02   2.2309570e-02  -1.3108451e-01  -4.6996952e-02  -4.2599165e-02  -1.9696968e-01  -6.0652410e-02  -5.2951207e-02   2.2996182e-01   3.3733789e-02  -2.0561036e-01  -1.4251400e-01   1.1104233e-01   2.6589228e-01   1.2114499e-01   1.2832608e-01   6.7310998e-02  -1.3435482e-02   1.5333378e-02  -3.9742424e-01   2.9380422e-02   8.8098260e-02  -2.8835106e-02  -1.5050487e-01   2.8224301e-01   2.4363790e-02   5.1867748e-01  -4.6338904e-02   4.9761672e-02  -1.9693827e-01   3.3440689e-01   6.9184300e-03  -3.0649076e-01  -2.7430915e-03  -1.3826137e-02  -1.6958628e-01  -2.4023110e-01   4.0988521e-01  -1.4012525e-02   8.7889576e-02   1.2732792e-01  -4.8138309e-02  -1.2988908e-01  -1.9975975e-01  -1.0705177e-02   1.7213172e-01  -3.4471844e-01   1.4203383e-01   2.7664943e-02  -2.7902266e-01  -1.3448938e-01  -1.8880910e-01   7.0878111e-02   3.0033681e-01  -1.9156961e-01  -3.3467950e-02   1.2246208e-02  -1.5226576e-01  -1.0645147e-01   1.7895160e-01   2.6270846e-01   3.7040123e-02  -2.4154208e-01  -1.8172760e-02   7.8140523e-02  -1.9421706e-01  -1.8541658e-01   2.0435544e-02   1.0142721e-01  -1.2865431e-01  -1.3005426e-01  -5.0057347e-02   1.3655547e-01
   3.1360372e-01   5.2844417e-02   1.2449854e-01  -1.3669030e-01  -7.5041683e-02   2.2674260e-01   8.2330665e-02   4.1003869e-01   1.5618862e-01   5.3354464e-03   1.3945549e-01   1.9333994e-02   1.0862228e-01   0.0000000e+00   2.0839570e-01   3.0499047e-01   1.3806474e-01  -6.8383220e-02   5.3802048e-02  -1.3765699e-01  -2.5594114e-01   1.7885488e-02  -8.5886623e-02   2.0857250e-01  -1.3400678e-01   2.8602239e-01   1.3147260e-01   3.2117870e-01   1.7927405e-02  -3.4602718e-01   3.2319465e-01   3.3389400e-01   1.4522260e-01   3.1134691e-02   1.2487855e-01  -2.8831291e-01  -3.0999250e-01  -5.5975787e-02   2.1875428e-01   1.8709041e-01   9.1604212e-02  -1.1538819e-02   1.0605568e-01   1.9436896e-01  -2.0742868e-01  -4.9219752e-02  -1.9148503e-01   1.2082278e-01  -3.4533380e-01   1.8254812e-01   3.3919009e-02   3.3737967e-01  -1.1602095e-01   7.2199477e-02   1.6017735e-01   2.3268089e-01   2.0179634e-01   3.0864002e-01  -6.0060349e-02  -5.4745151e-02  -1.0054311e-01  -2.0091289e-01   3.2577327e-01   1.8415826e-01  -1.2702406e-01  -2.4257617e-01   1.2261670e-01   1.0320859e-01   1.4857411e-01   1.7982746e-01   1.3001658e-01  -2.6966470e-01  -1.9352943e-01   1.8859826e-01  -4.3076913e-02   2.3368340e-01  -2.1203866e-01   3.1542862e-01  -7.5734353e-02   1.4735671e-01   3.7502479e-01  -1.0778678e-01   1.4372635e-01   3.9690021e-01   2.5013529e-01   3.4281022e-01   3.4206677e-01   3.0590601e-01   2.3413097e-01  -1.3253256e-01   3.1912096e-02   1.3194278e-01   1.1269609e-01   1.2950160e-01  -8.3501081e-02   1.2391704e-01  -1.2143321e-01   2.3530709e-01  -2.3801796e-01  -2.2763167e-01   1.5948833e-01   2.4031140e-01   2.1305488e-01   2.2638671e-01  -6.0154454e-02   2.1987689e-01   1.1147687e-01   1.3988482e-01  -5.8564447e-02  -2.7651566e-01   1.4521925e-01  -1.3075713e-01  -1.4211788e-01   1.2990592e-01   2.9540434e-01  -7.1697365e-02   2.9712283e-01  -3.0622686e-01   1.5188491e-01  -3.4789290e-02   4.8511086e-02   9.4375351e-02   1.9915647e-01  -5.8774630e-02   6.5962135e-02   5.5346104e-01  -2.1913676e-01  -1.7738979e-01   1.2285932e-01   2.9440578e-01   1.1433555e-03  -1.0629911e-01   2.9796268e-01  -2.7409899e-01   2.4886355e-03   3.1847031e-01  -4.5986763e-02   3.5789008e-01   2.7214578e-01  -1.1363299e-01   1.2696883e-01   7.6269691e-02   2.9850459e-01   2.8076507e-01   2.4153272e-01  -9.6030963e-03   2.3002792e-01  -2.7770320e-01  -1.3298669e-01  -1.9636033e-01   2.1661027e-01   2.1154067e-01   2.3466038e-02  -1.4467537e-01   7.7506224e-02   2.3933374e-02   2.6294460e-02   1.3904176e-01   2.1056775e-03   2.2037579e-01   9.9163842e-02   2.1547731e-01  -2.3895380e-01  -1.1815238e-01   1.5936625e-01   5.0781792e-02  -5.7182949e-02   4.3631156e-02   1.2838089e-01   6.4423970e-02  -2.4215586e-01  -1.9579476e-01  -2.8492879e-01   2.2187461e-01  -2.3517165e-01  -9.6814373e-02   1.1075600e-01
