   0.0000000e+00  -2.9509071e-01  -5.2477110e-01   2.7337097e-02  -1.3336727e-01  -1.6274175e-02  -3.4575179e-01  -7.1702355e-02  -6.4837399e-02  -3.3143241e-01  -5.1518889e-02  -2.1494238e-01  -1.3581764e-01   3.8775566e-01   6.4637529e-02  -1.3440693e-01  -4.7874596e-01  -1.9714867e-01  -1.5838863e-01  -2.7187849e-01   7.2965778e-03   1.7362671e-01  -2.5826748e-01   7.1556428e-01   1.1962398e-01  -4.5726123e-02  -2.4015212e-01   2.0564603e-01   4.9029499e-02   1.7763255e-02  -2.0343968e-01  -3.2182572e-03   1.2193802e-01  -3.3051126e-01  -2.7280540e-01  -2.6690321e-01   1.9828583e-01   2.1480704e-01  -3.5157721e-01  -1.9172224e-01  -1.8530987e-01   2.2781975e-01  -3.5920560e-01  -3.5749191e-02   1.5191532e-01   1.3716184e-01  -3.0894172e-02  -3.1642988e-01   2.5412541e-01  -2.3068564e-01   1.0610516e-01   6.8911059e-02  -2.2716148e-01  -2.2563037e-02  -1.9195062e-02  -1.1711091e-01   2.6154629e-01   1.4347854e-01  -1.2460980e-01   2.6925553e-01  -2.3408509e-01   7.3829584e-02  -2.1907945e-01  -1.9342832e-01  -2.5524295e-02  -3.0587823e-01  -8.3006448e-02   1.7216908e-02  -9.7162148e-02  -1.1645560e-02  -3.2495349e-01   1.2992903e-01  -2.1926321e-01   1.7370041e-01   2.0107389e-01   2.7563147e-03  -9.2953425e-02  -1.9115115e-01  -2.4180634e-01  -1.4009265e-01  -2.8581399e-02  -1.8341510e-01  -3.5308674e-01   1.1988504e-01  -1.5588444e-01   1.8688406e-01   7.1913581e-02   4.1262760e-01  -8.3504680e-02   6.8115158e-01  -8.4848279e-02  -2.2038850e-01  -1.6406934e-01  -9.6072838e-02   1.2001903e-02  -1.6322535e-01  -1.9025120e-01  -2.2900529e-02  -8.3569324e-02   2.5325148e-01  -2.9730195e-01   6.1598447e-02   1.3507133e-01   9.4675811e-02   1.9148072e-01  -2.3129910e-01  -4.7096715e-03  -5.6104495e-02  -6.0449704e-03  -5.0874004e-04  -5.1686609e-01   2.8247156e-01  -2.0535498e-01   5.8941242e-01  -5.8271567e-02   5.4995518e-02   6.6195314e-02  -1.8089454e-01  -2.6919604e-01   5.9565798e-02   2.2393398e-01  -1.0295327e-01  -2.5598911e-01  -1.7442037e-01   2.3979011e-01   4.8115909e-01   5.0632436e-02  -1.2154866e-01  -7.7979933e-02  -2.2439645e-01  -7.9273884e-02  -4.3595702e-01   3.9645224e-01  -2.1248582e-01  -1.6315035e-01  -1.8034439e-01   3.9890328e-02  -2.4625297e-01   4.2630421e-02   5.4498459e-01   7.7983908e-01   8.6973709e-02   2.2836753e-01   4.8675600e-02  -1.5539644e-01  -3.1791632e-01  -4.5916249e-01  -2.1468263e-01  -7.3140846e-02  -5.8721902e-02  -1.1815031e-01  -2.6856302e-02   3.3241870e-01  -2.5614589e-01  -4.5108974e-01   7.4596093e-01   1.1221728e-01  -2.6651247e-01  -1.0700077e-01   1.5790524e-01  -1.5543302e-01   2.3236426e-01  -3.5614205e-01   8.5201586e-03  -5.0498728e-02  -3.2510110e-01  -2.0892388e-01   8.8759509e-02   3.3685578e-01  -2.9728585e-01  -2.4944824e-01   3.1519055e-01   1.0465774e-02  -4.2368027e-01   3.2279859e-01  -1.6060986e-01  -2.8918897e-02
  -2.9509071e-01   0.0000000e+00   1.8812212e-01  -7.6474522e-02   2.1540144e-01  -4.4256012e-01  -3.5334521e-01   1.7270873e-02   7.6023983e-01  -1.5286736e-01  -4.4581451e-01   3.8611343e-01  -2.1213425e-01  -5.2823009e-02  -2.1920381e-03  -2.1793718e-01   1.9599525e-01  -4.1648066e-01  -1.3907966e-02  -1.5267519e-01  -5.4396054e-01  -6.9994743e-02  -3.5531781e-01  -3.3115166e-01   3.3001158e-01   2.1084067e-01   1.8668249e-01   8.6618638e-03   2.0487822e-02  -9.5546553e-02   1.0118237e-01  -4.4059444e-02  -1.5931133e-01  -6.0909064e-02   2.9255773e-01  -2.7670083e-01  -4.3602448e-01  -2.5305840e-01  -2.4717836e-01   2.2635909e-01  -2.3434342e-01   1.0976332e-01   5.5881066e-01  -1.6261087e-01  -1.9484492e-01  -2.1294361e-01  -5.8718398e-01   1.7272732e-01  -1.7979767e-01   2.8311817e-01  -4.9678744e-01   2.4480377e-01   7.2425228e-01  -6.0596078e-02  -1.6615963e-01  -4.2829932e-01  -1.0114172e-01  -3.5671520e-02   1.0226715e-02  -3.5007157e-01  -1.7861461e-01   1.2709145e-01   6.7045114e-01   4.1607779e-01   5.7005459e-01  -4.1856672e-01  -3.8404824e-01   6.3327577e-01  -3.2276331e-01  -1.7256854e-01   7.4824590e-01  -5.1902210e-01   6.2708385e-02  -1.2791952e-01   1.7012524e-01  -2.0317342e-01  -2.0255249e-01   4.6012011e-02   5.5479797e-01   2.9456468e-01  -2.6607635e-02   9.7508790e-02  -2.7729115e-01  -1.7829175e-01  -1.7263782e-01  -2.0029129e-01   6.8197351e-02  -1.5964568e-01   6.7466044e-01  -2.1636014e-01   5.7431256e-01  -2.0257069e-01  -5.2960267e-01   1.3048757e-01  -1.9433881e-01   1.4873420e-01   1.3529999e-01   5.6014232e-02  -2.2222169e-01  -2.9687248e-01   3.6154469e-01  -2.0916805e-01  -1.2905302e-01   1.1832388e-01  -2.2568118e-01   2.0162383e-01  -6.9211745e-02  -2.0517167e-02   5.4010805e-02  -5.5702392e-01  -1.1581164e-01  -1.1821276e-01   3.8680460e-01  -2.7788815e-01   1.4086469e-01   5.6643227e-01  -9.7308203e-02  -8.9768387e-02  -2.7157406e-01  -2.7284726e-01  -1.6133706e-01   3.0252642e-01   6.0575228e-01   3.6578061e-01  -1.8504053e-01  -2.9886957e-01  -6.2540845e-02  -2.5753512e-02   2.9164411e-01   7.9207645e-02  -8.5534151e-02   9.9907476e-02  -1.4174767e-02  -2.0757749e-01   3.0164383e-01  -1.8373185e-01   9.4602791e-03   1.3734855e-01  -1.0635303e-01  -2.2429351e-01  -1.9186665e-01  -2.8966349e-01  -8.0955118e-02  -6.0784524e-01  -3.1238065e-02   4.3988702e-01   3.1252107e-01   3.5859692e-02  -4.4093937e-01   2.1622162e-01  -3.5961112e-01   7.0508979e-02  -1.8588799e-01   1.0539207e-02   4.8120417e-01  -3.6559316e-01  -1.7852306e-01   2.7484739e-02  -1.3749296e-01   3.3125326e-02   3.2398197e-01  -3.2034851e-01   2.0574074e-01  -1.0794864e-01   6.5540476e-03   2.7347403e-01  -1.0371479e-01  -1.5122302e-01  -3.1302958e-01   1.3402157e-02   4.0514386e-01  -3.8099026e-01   2.2481767e-01  -1.4711382e-01   1.3860787e-01  -5.4863114e-02   7.3599256e-02
  -5.2477110e-01   1.8812212e-01   0.0000000e+00  -1.1337575e-01   3.2953356e-01   6.7227423e-02   8.7023934e-02  -1.6487592e-01   8.5229746e-02   4.1842086e-01  -2.9888152e-01   1.4788090e-01   3.8993233e-01  -1.4414545e-01   1.3528633e-01   8.9819269e-02   8.8894541e-01   4.0504553e-03   6.7059297e-02   4.0208500e-01  -1.1285128e-01  -2.3843393e-01   3.5350740e-02  -6.1103586e-01  -2.1338767e-01   3.7970837e-02   4.7376710e-01  -1.5886750e-01   6.2774664e-02  -3.4860883e-01   1.9472395e-01  -1.9950993e-01   1.8556976e-01   3.1502263e-01  -8.7051168e-02   2.5874975e-01  -1.1099687e-01  -1.5072508e-01   2.0780663e-01   6.2365565e-01   2.4429192e-01   6.0844524e-02   4.3967816e-01   1.5027701e-02  -7.7082806e-02  -8.2447148e-02  -1.1103453e-01  -8.8477146e-02  -3.5497452e-01   7.5210770e-01  -2.9036258e-01  -2.0653260e-01   1.0302112e-02   1.8954557e-01   2.1528933e-01   9.7846919e-03  -2.1195422e-01  -1.8428257e-01   1.0307886e-01  -3.3344642e-01   3.2244515e-01  -2.9204938e-01   3.6422358e-01   1.2418449e-01  -3.0012879e-02   3.2814218e-01   8.2232033e-02   1.1415001e-01   1.1187538e-01   2.6298411e-01   3.4153874e-01  -3.5991875e-01   2.5203279e-01   4.8987168e-02  -8.6726604e-02  -2.6864011e-01   4.9205074e-02   5.9321424e-02   1.8063570e-01   2.6580870e-01  -4.2205057e-02   3.4677554e-01   3.8107054e-01  -2.2085641e-01   4.1134873e-01  -3.5768484e-01  -1.9271477e-01  -3.0179038e-01   6.0804480e-02  -4.2934197e-01   2.1534050e-01   4.4260940e-01   3.9238067e-01   1.5182033e-01  -3.5937060e-02   4.3377896e-01   6.7409666e-02   7.9210171e-03  -2.0044091e-02  -3.8426487e-01   5.6465752e-01  -2.6555648e-01  -4.4853614e-01  -2.4217638e-01  -4.3911893e-01  -4.9183440e-03   3.8926337e-01  -1.4433569e-01  -2.7561894e-02  -1.1816265e-01   5.3536784e-01  -4.1345100e-01  -1.8465219e-01  -2.5413369e-01   3.2539853e-01   4.6024379e-02  -1.9961596e-01   2.0844534e-01   5.1141730e-01  -1.5154692e-01  -2.8232255e-01   3.2731209e-01   3.0829511e-01   2.5807584e-01  -2.0000812e-01  -5.2900388e-01  -6.0708225e-02   3.2285776e-01   3.2490649e-02   7.4228791e-01   2.9122714e-01   2.9670618e-01  -3.6682562e-01   8.3926819e-02   7.1853095e-02  -1.6361335e-01   2.2354723e-01   2.7173132e-01  -2.9676216e-01  -2.6436826e-01  -4.3370174e-01   4.7146739e-02  -3.5226898e-01   1.5388217e-01   1.9234081e-01   2.1577196e-01   5.7440690e-01   7.0166335e-02  -2.1362609e-01  -1.4233571e-01   4.1062008e-01  -1.4098130e-01  -8.6870293e-02   2.1257604e-01   7.9144014e-01  -6.5274138e-01  -1.3774738e-01   3.6338240e-01   3.1629033e-01  -2.7634614e-01   1.0343117e-01  -1.6545001e-01   5.4503471e-01  -4.4940734e-01  -4.1484868e-02   2.7126107e-01   2.7365125e-01  -1.3315902e-01  -9.6128701e-02   5.2718689e-01  -1.0880376e-01  -3.7336587e-01  -1.7762680e-01   4.5709665e-01  -1.4449570e-01   3.5157111e-01   6.7347788e-02
   2.7337097e-02  -7.6474522e-02  -1.1337575e-01   0.0000000e+00   2.0731972e-01   3.2166896e-01   6.8956808e-02   1.9523983e-01  -3.1300103e-02  -1.2254749e-01   1.7821823e-01   1.9464037e-01   6.4171235e-02   8.0648748e-02  -1.7846397e-01   2.6733914e-01   7.1002455e-02   1.6055834e-01   1.8914302e-01   2.2715278e-01   1.7132925e-01   4.5471757e-01  -6.5717446e-02   2.7912572e-02   2.6836218e-01   2.5932583e-01   3.3300788e-02  -1.4153111e-01  -1.1022067e-01   3.2836588e-01  -1.5262266e-01   3.0189417e-01  -1.1751375e-01  -9.5279282e-02   8.8059767e-02   1.3939759e-01  -6.6163121e-02  -2.7500312e-01   2.0671954e-01  -3.2938652e-02   2.0010616e-01  -2.6354683e-01  -1.6403517e-01   2.4032924e-01  -1.4282599e-01  -2.4291930e-01   3.3414609e-01  -1.1213636e-01   2.3696832e-01  -1.3279251e-02   1.2389939e-01   1.0776428e-01  -1.7188415e-01  -2.1100175e-01   3.6230257e-02  -8.6482128e-02   3.9596232e-01   3.4058158e-01   1.0779279e-01   2.8286446e-01  -1.8314369e-01  -2.7724236e-02   8.5400697e-02  -6.4575597e-02  -1.4402558e-01   4.6768847e-02   2.3335055e-01   2.8472867e-02   2.3112175e-01  -1.6385807e-01  -1.4383874e-01   2.5958277e-01   8.4783973e-02   9.7368263e-02  -7.4780009e-02  -3.0911567e-02  -2.9642732e-01   2.0183013e-01   2.6223550e-02   2.4044967e-01  -8.4064917e-02   1.0465610e-01   9.2621471e-02   2.7012146e-01  -5.5572496e-02  -8.4481566e-02  -1.6924517e-01   1.2382685e-02  -1.7285976e-01  -1.6820327e-01  -6.2932461e-02  -2.2940254e-01   1.9888651e-01   2.0453836e-01  -2.5256207e-01   1.3885359e-01   1.2369006e-01   3.0504555e-01   2.1964191e-01   1.2312529e-01  -2.7861776e-01   1.4133408e-01   2.1098462e-01   4.1292822e-01   2.9931041e-01   4.6088775e-01  -1.8831091e-01   3.9492710e-01  -2.3043569e-01   2.0150531e-01  -2.5457494e-02   2.0193177e-01   3.2152972e-01  -2.3464476e-01  -3.7024623e-01  -4.4440797e-02   1.2563293e-01  -1.3720524e-02  -5.7447122e-03   5.4112608e-01  -2.1922239e-01   9.1067833e-02  -1.8125835e-01  -7.4247006e-02  -2.2625766e-01   1.7679103e-01   8.3232046e-02   2.9566415e-01   4.0548332e-01  -5.8403223e-02   1.4995819e-01   4.7920387e-03   2.3445563e-01   9.3181944e-02   2.0956418e-01   2.6190498e-01  -1.0484143e-01  -2.4919312e-01   2.2400234e-01   4.5187146e-03  -2.0252614e-02   2.2637369e-01   1.8956917e-01   2.1475374e-01  -1.3467914e-01  -4.9170709e-02  -1.6633739e-01   5.1551729e-02   1.8685804e-01  -1.6360697e-02  -1.1647764e-01  -1.9144421e-02  -1.5219583e-01  -1.1837718e-01  -7.0096509e-02  -6.2196544e-02  -1.9474452e-01   9.6733251e-02  -2.1501923e-01   6.2544156e-02  -1.4903223e-01   1.8796987e-01   4.1190258e-02   4.3301819e-01   3.8745380e-01   2.9830982e-02   1.6444839e-02  -9.5283293e-02  -1.9247769e-01   1.8736992e-01   3.0699057e-02  -1.6744450e-01   8.9033308e-02   9.9508652e-02   1.5528692e-01   4.1266993e-02   3.8354994e-01
  -1.3336727e-01   2.1540144e-01   3.2953356e-01   2.0731972e-01   0.0000000e+00  -1.8687281e-01  -2.9067913e-01   3.9495393e-02   1.4978921e-01  -5.5751751e-02  -4.5121203e-01   1.6609813e-01   3.9843587e-01  -3.1430881e-01  -1.8591205e-01   3.4584275e-01   4.9115831e-01   6.8107086e-02  -7.6919138e-02   7.5882069e-01  -2.7267575e-01  -6.5848311e-02  -2.6145788e-01  -2.1660920e-01   2.3296369e-01   2.0350739e-01   3.7989990e-01  -5.2096373e-01   1.8843419e-01  -2.4354266e-01  -1.4608086e-01  -1.1088382e-01  -3.9631121e-02   1.7378734e-03  -7.3810655e-02   5.3455761e-01  -1.9993207e-01  -1.7733682e-01   2.6893291e-01   3.3270798e-01   4.5962139e-01  -7.4701577e-02   2.5927171e-01   2.6819433e-02   2.5609576e-01  -2.3287748e-01   1.0312763e-01  -2.7045700e-01   1.5702678e-01   5.8729486e-01  -1.8151042e-01  -1.5550917e-01   1.5840895e-01   1.3005804e-01  -5.5406901e-02  -2.0943447e-01   3.4584367e-02  -3.5848836e-02   9.9289132e-02  -2.2244892e-01   6.8037564e-02   1.9325107e-01   4.9343246e-01   7.1114665e-02   1.4592045e-01   1.3530273e-01  -9.6831251e-02   1.7224473e-01   1.1732892e-01  -1.8880753e-01   3.1216662e-01  -3.6599720e-01   4.2397500e-01  -1.1628110e-01  -4.6383088e-02  -1.8078932e-01  -1.7077555e-01   1.9908944e-01   6.5021341e-01   5.3312635e-01  -4.6443134e-01   5.3449561e-01   1.3123750e-01  -1.5707776e-03  -9.9351637e-02  -3.7626124e-01  -4.2747510e-01  -1.1490399e-01   6.9387700e-02  -3.0153963e-01   6.0432526e-01   1.2656169e-01   2.6125857e-01   1.0795611e-01  -2.6900282e-01   7.9667954e-01   2.0737985e-01   9.0635404e-02   1.5202849e-01  -2.4394105e-01   4.5793041e-02  -9.2602864e-02  -2.8143106e-01   5.8269127e-02  -2.1648293e-01   1.9716302e-01   2.1916018e-01   1.2737919e-02   5.7149442e-02  -1.2271949e-02   1.6419459e-01  -2.4156277e-01   9.6436501e-02  -2.8357610e-01  -2.1111906e-01   4.4243141e-01  -1.0840878e-02   2.8350989e-01  -7.5316357e-02  -3.6427569e-02  -2.2941857e-01   6.4064473e-01   3.0366936e-01   3.3002649e-01  -2.6428453e-01  -4.7296837e-01   3.6684515e-01   3.1692382e-01   1.8342928e-01   5.6253966e-02   5.1117454e-01   3.3078450e-01  -3.1840659e-01  -9.6461059e-02   1.0265247e-01  -3.9398618e-02   4.3331252e-01  -3.4023579e-01  -2.3550784e-01   6.8117374e-02  -1.3385459e-01   3.5140653e-01  -1.5229207e-01  -8.9055914e-02   1.5927035e-01   3.0122780e-01   3.2644052e-01   3.0456549e-01  -5.7007796e-02   3.4578410e-02  -1.3994990e-01  -3.8463354e-01   9.2032669e-02   1.1023875e-01   4.0732282e-01  -1.4028138e-01  -2.3306255e-01   4.5294931e-01   2.4141867e-01  -3.6253936e-01   2.4278550e-01  -1.0324420e-02   4.6403349e-01  -2.1154213e-01   1.1718426e-01   6.3671721e-01   4.8780148e-01  -1.2514061e-01  -1.2190621e-01   5.9395698e-01   2.2879702e-01  -3.6758353e-01   1.3563940e-01   3.2036136e-02   2.2716028e-01   3.2097979e-01   2.9022034e-01
  -1.6274175e-02  -4.4256012e-01   6.7227423e-02   3.2166896e-01  -1.8687281e-01   0.0000000e+00   3.5748237e-01  -2.2743371e-02  -3.5499087e-01   1.8821756e-01   6.3263891e-01   5.5637531e-02   2.2525969e-02   6.7005771e-02   7.0001938e-02   2.4885371e-01   2.7083818e-02   2.6337942e-01   3.6886538e-01   1.4587741e-02   5.5586168e-01   4.7176371e-01   1.8960636e-01   1.0117137e-01  -1.5924922e-01   2.5104541e-01   1.0393579e-02   1.7798874e-01  -1.7791261e-01   3.9764749e-01   7.9813267e-02   4.9992280e-01   9.9847601e-02  -8.7922303e-02  -9.0360613e-02   7.9114149e-02   2.0411134e-01   5.7519434e-02   1.8871682e-01  -7.3214760e-02   1.3365120e-02  -1.7868261e-01  -1.7752895e-01   4.5358862e-02  -8.4469241e-02   7.8192352e-02   5.5807225e-01  -1.9439745e-01  -1.2557803e-02  -1.8416533e-01   4.3535390e-01   5.1861136e-02  -5.9869119e-01   1.2798789e-01   1.7559034e-01   3.8152938e-01   4.9763539e-01   4.3690811e-01   2.8029720e-01   5.9444137e-01   8.3052801e-02  -1.9618581e-01  -4.8775527e-01  -3.8080103e-01  -4.9390062e-01   1.4596412e-01   8.3102790e-01  -3.5011466e-01   5.9575441e-01   4.6191844e-01  -5.6607646e-01   4.6329780e-01  -3.9596997e-02   3.5833172e-01   1.3955818e-01   2.1865083e-01   1.6175377e-02   3.3364562e-01  -4.2421806e-01  -3.2872687e-02   2.0760603e-01  -1.5591488e-01   7.4114954e-02   3.5274356e-01   1.8123088e-01   3.7341396e-01  -2.8877164e-02   2.1739749e-01  -5.1117761e-01   4.4460864e-02  -4.5437855e-01   9.0962478e-02   3.7909119e-01   1.2590442e-01   3.6493342e-02  -2.2905844e-01   7.5680378e-02   4.2160275e-01   2.0877402e-02   3.7301157e-01  -2.3428758e-01   2.6728313e-01   3.1863938e-01   2.7098238e-01   5.8789796e-01   2.3124716e-01  -1.1607776e-02   5.3801621e-01  -2.9496730e-01   3.6354378e-01   1.1319729e-01   5.8803660e-01  -7.0937974e-02  -2.5859129e-02  -3.2728547e-02  -4.7367737e-01   1.9381195e-01   1.1349233e-01   2.2716316e-01   5.4335685e-01  -5.9678979e-03  -2.1236232e-01  -2.1167909e-01  -1.2796731e-01   4.1535584e-02   4.0511412e-01   1.1431029e-01  -4.2557567e-02   1.8072221e-01   1.7995681e-01  -5.5839950e-02  -1.5704450e-01   3.4043926e-01   1.5911221e-01   1.5485344e-01   3.3605375e-01  -2.9895116e-02  -9.3165874e-02   3.4541516e-01   1.3068898e-02  -1.6113262e-02   7.3618145e-02   2.4328991e-01   5.7066174e-01   5.9150634e-02  -3.0244942e-01  -4.0007910e-01  -8.9354098e-02   5.3921605e-01  -3.4295373e-01   3.5425918e-01   3.5444279e-02   4.3589131e-02  -3.8531817e-02  -1.6629944e-01   2.7296276e-02   7.1670262e-02   7.1539725e-02  -6.7931487e-03   4.4292530e-01  -1.2590562e-01   4.9128926e-01  -1.9339505e-01   3.0347233e-01   5.0275348e-01  -4.9972358e-01  -1.0590584e-01   4.4063237e-01   1.3076069e-01  -1.4839376e-01  -4.6256927e-01   8.4522448e-02  -2.6773318e-01   5.5855986e-01  -6.4330737e-02  -5.8159467e-03   3.6223507e-01
  -3.4575179e-01  -3.5334521e-01   8.7023934e-02   6.8956808e-02  -2.9067913e-01   3.5748237e-01   0.0000000e+00  -2.1689585e-01  -3.2491391e-01   4.9789286e-01   3.6914320e-01   2.4507167e-02   1.4208301e-01   1.4803623e-01   1.8172900e-01   8.0354975e-02  -4.7567729e-03   4.9882714e-01   1.1705901e-01   6.4070901e-02   5.3074492e-01   8.4064106e-02   6.2860011e-01  -2.1522474e-01  -3.5792181e-01   2.0956419e-02  -1.5024316e-02   1.6668910e-01  -1.7686899e-01   4.9607719e-01   1.8164792e-01   1.0970160e-01  -1.8229479e-02   6.6076456e-01   2.1115888e-01   2.9348135e-01   2.7168967e-01  -1.3472052e-01   3.4619213e-01  -2.6049203e-02   1.7886861e-01  -3.1774474e-01  -1.0433466e-01   2.1823835e-02  -7.0659005e-03  -1.8306309e-01   3.4056313e-01   5.0452088e-01  -1.7367611e-01  -3.3081132e-01   4.5808447e-01  -6.5274215e-02  -1.4031672e-01  -1.1849866e-01   1.4258076e-01   3.4044983e-01  -5.9882657e-02  -7.8983572e-02   7.9220723e-02   7.7079675e-02  -5.9099014e-02  -1.4468169e-01  -4.1720619e-01  -1.1368599e-01  -1.4638946e-01   6.4988489e-01   3.3940250e-01  -3.1260513e-01   1.6487227e-01   1.0635467e-01  -1.4047858e-01   4.3735312e-01   6.1774368e-02  -1.6565642e-01  -1.5751420e-01   3.5266843e-03  -6.7436038e-02   2.0440836e-02  -3.5524010e-01  -1.1601207e-01   3.4882851e-01  -7.9555488e-02   5.2364218e-01  -1.3439056e-01   3.3863608e-01  -1.1226874e-02   2.6797962e-01  -2.3827401e-01  -3.8120538e-01  -4.0752063e-01  -4.3093651e-01  -1.1465426e-01   2.5997605e-01  -8.1193877e-02  -4.1567441e-02  -3.9886040e-01   4.8519003e-02  -1.2566788e-01   1.9367802e-01   1.0911992e-01   9.9556356e-02   1.3105972e-01   3.7887753e-02   3.5097091e-02   6.7517554e-02  -4.6584303e-02  -1.6490901e-02  -8.5912201e-02   5.3021409e-02   4.0081289e-01   5.1269802e-01  -3.3229423e-02   4.0670909e-02  -2.9664695e-01   1.0264205e-01  -5.3047753e-01  -4.8825402e-02   1.8690843e-01   4.8167176e-01   2.1562824e-01  -2.3452147e-01  -3.7647123e-01  -1.5566662e-01  -2.2052700e-01  -2.6024925e-01   5.0299411e-02  -1.8816378e-01   8.8902799e-02  -1.9683952e-01   2.8439575e-02   2.0517545e-02   2.7468313e-01  -1.1107910e-01   4.7394618e-01  -1.0730889e-01   1.9799004e-02  -2.1040354e-01   3.9880505e-01   6.7770498e-02  -2.0198555e-01  -2.6398911e-01  -1.9339105e-02  -2.1016231e-01   2.5893199e-01   7.9392403e-02  -1.9751720e-01   1.7194733e-01   1.2722268e-02   3.3785824e-01   2.5301120e-01   3.6863301e-01   1.3174069e-01  -2.4147252e-01   1.8384149e-01  -1.2053233e-01  -2.4614800e-01  -1.0144624e-01   9.9723254e-02  -2.4830695e-01   5.3880503e-02  -1.4281130e-01  -9.3688996e-02   2.0321935e-01   1.6123616e-01   1.2730500e-01  -8.7886453e-02   2.7951727e-01   1.1918452e-01  -1.3163061e-01   2.0137900e-02  -1.3708579e-01  -1.2033754e-01   1.1532547e-01   3.2599659e-01  -1.4885627e-01  -1.1104116e-01   2.0373600e-02
  -7.1702355e-02   1.7270873e-02  -1.6487592e-01   1.9523983e-01   3.9495393e-02  -2.2743371e-02  -2.1689585e-01   0.0000000e+00  -3.9964495e-03  -2.9845155e-02   3.0688321e-01  -5.8204173e-02  -4.3001654e-02  -2.6822998e-01  -3.7652837e-01   2.4890360e-01  -8.2361336e-02   6.5851565e-02  -1.9056544e-01   8.6175614e-02  -7.1566441e-02   1.2667576e-01  -6.3129476e-02   1.7564768e-01   8.7556575e-02   2.5282398e-02   1.0694374e-01  -1.4719581e-01  -3.2119441e-02  -6.8800758e-02  -2.1669858e-01   2.4389814e-01   1.8932263e-02  -1.7511579e-01  -2.4941572e-02   2.3640902e-02  -2.5013421e-01   1.0269242e-01   4.3677386e-02  -8.0512889e-02   2.0465691e-01  -7.2280089e-02  -7.7441077e-02   1.6382555e-01  -1.5505585e-01   5.7217893e-02   1.4344646e-01  -8.2151169e-02   1.7047686e-02   2.6664712e-03   6.0653081e-02   3.1100374e-01  -1.9047374e-01  -1.5749018e-01  -1.5995306e-01   9.9698142e-02   8.5201208e-02   2.6104888e-01   2.7983933e-01   1.6650599e-02   9.8131464e-02   2.2386314e-02  -6.2982331e-02  -3.7555559e-02  -2.0652788e-01   1.0473142e-02   5.8285316e-02   9.3592168e-02   1.8499417e-01  -8.7631864e-02  -1.2029670e-01   1.8469175e-02   6.4779292e-02  -1.2335621e-01  -1.7344449e-01   1.7773691e-01   1.5037249e-01   3.4175450e-01   7.2497443e-02  -3.1772446e-02  -6.7010588e-02   3.4300484e-02  -1.5179730e-01   5.7121830e-01  -3.5645780e-01   2.4905610e-01  -2.9274955e-01  -2.6818625e-02   9.2683676e-02   5.9464518e-02  -4.9938583e-03   2.8010096e-02   5.6730228e-02  -9.4115458e-02   9.0511632e-02   1.8372006e-02   8.5353933e-03   1.9271985e-01  -1.9759203e-02  -5.4505942e-02  -3.2860035e-01   2.1518603e-01   3.7450990e-01  -3.6044233e-02   2.8727881e-01   3.6873018e-01  -2.6339889e-01   5.0384917e-01  -3.3555746e-01   4.3578995e-02  -2.0642809e-01   1.8098154e-01   7.0718675e-02   7.4218547e-02  -2.4944332e-01  -9.5087883e-02   3.8456034e-01  -1.8648271e-03  -1.9392248e-01   1.4089336e-01   1.8876087e-01  -4.7655683e-02  -1.5638938e-01  -8.6513312e-02   1.5485552e-01   9.3588405e-02  -7.5761755e-02   7.4522346e-03   9.3711989e-02  -1.8665689e-01   9.5461744e-02  -9.9159136e-02   4.9570872e-02  -1.5887622e-01  -1.1698986e-02   5.0780938e-01  -9.1818781e-03  -2.5613632e-01   1.4711608e-01   1.0283008e-01  -1.0356275e-01   1.0476344e-02   4.3712687e-01   8.4498265e-02  -7.7488465e-02   2.8257784e-01  -2.0826350e-01   1.7912596e-01   3.5712094e-01  -2.3005581e-01  -3.0135441e-01   2.6598941e-01  -1.6667270e-01  -1.0173564e-01  -5.7832364e-02   1.3272276e-01   1.8477823e-01   3.0537466e-01   6.8616793e-02   1.3818193e-01   2.1038146e-02   3.8186542e-01  -1.7160799e-01   2.3063480e-01   1.0435859e-01   1.6793971e-02  -1.2837281e-02   6.1541295e-02  -2.3696973e-01  -2.6562969e-01   3.2290947e-01   2.4913294e-01  -3.9138850e-01   1.0138438e-01  -7.1176373e-03  -1.5085175e-01   1.8453475e-01
  -6.4837399e-02   7.6023983e-01   8.5229746e-02  -3.1300103e-02   1.4978921e-01  -3.5499087e-01  -3.2491391e-01  -3.9964495e-03   0.0000000e+00  -1.5310887e-01  -4.4675204e-01   3.5797529e-01  -2.1335794e-01   7.8048258e-02  -8.0953177e-03  -1.1912484e-01   4.2708990e-02  -4.1672084e-01   9.8492601e-02  -1.4824812e-01  -5.8709570e-01  -3.0202361e-02  -3.8782710e-01  -1.8520940e-01   3.4811091e-01   1.7486282e-01   3.5092153e-01  -3.5994672e-02  -1.1727070e-01  -2.7953950e-03  -2.2116811e-02  -2.4316368e-01   4.0452046e-02  -6.2530192e-02   3.6385658e-01  -2.9373382e-01  -2.2614583e-01  -2.2129677e-01  -1.4490721e-01   3.3136993e-01  -2.2631507e-01   2.8800349e-01   5.7451944e-01  -5.3451321e-02  -2.6013311e-01  -2.0687067e-01  -4.9313649e-01   2.3087091e-01  -1.9566153e-01   2.1240567e-01  -5.3327971e-01   1.8391813e-01   5.0824961e-01  -2.3921209e-01   7.9667916e-02  -4.6397497e-01  -2.0247805e-02  -9.9606983e-02  -5.5086214e-02  -2.3333422e-01  -2.4813940e-01  -5.3430202e-02   5.7872316e-01   2.8543886e-01   4.2010199e-01  -3.3197981e-01  -2.6730500e-01   6.8869046e-01  -2.5542358e-01  -9.9125869e-02   5.9206257e-01  -3.4203106e-01  -8.6427662e-02  -9.2292879e-02   2.0426444e-01  -1.8126323e-01  -2.5510749e-01  -1.5816646e-01   4.9104948e-01   2.9140732e-01  -1.2318936e-01   4.6433953e-02  -2.0317442e-01  -2.1420601e-01  -2.7860839e-01  -3.2956474e-01   2.4558385e-01  -5.5157482e-02   5.8082624e-01  -8.8174700e-02   4.4980847e-01  -2.9751793e-01  -3.8255604e-01   3.2480044e-01  -1.8791850e-01   1.4716088e-01   1.6753168e-01   9.9394447e-02   2.5494912e-02  -2.6967600e-01   2.8622030e-01  -1.2865766e-01  -2.7410397e-01   2.6256496e-01  -3.3543680e-01   1.5937268e-02   3.0868131e-02  -1.3269754e-01  -4.5619237e-03  -3.9173899e-01  -1.4050331e-01  -2.1944196e-01   4.5180193e-01  -1.1460769e-01   1.6778240e-01   4.2357236e-01  -2.3559624e-01  -1.3808244e-01  -2.6522669e-01  -2.8895317e-01  -1.2883746e-01   2.6367570e-01   4.9950285e-01   1.5862758e-01  -1.3562309e-01  -1.6137352e-01  -9.5493737e-03   1.9473539e-01   3.7030598e-01   1.2413216e-01  -8.7278696e-02  -4.6895005e-03  -4.2191915e-02  -2.5944751e-01   3.9449368e-01  -1.7717812e-01   5.4853820e-02   1.6879368e-01  -1.2201613e-01  -4.7714270e-02   3.8644787e-02  -2.9625303e-01  -9.6037249e-02  -4.3555907e-01  -7.3607007e-02   1.5163482e-01   2.2467488e-01   1.9535363e-02  -3.4575273e-01   3.3415167e-01  -4.1745321e-01  -7.1084510e-02  -1.4899211e-01  -1.3490652e-01   4.0202345e-01  -1.8925429e-01  -1.2915317e-01  -8.2217524e-02  -2.2464970e-01  -1.3952092e-01   4.4614381e-01  -3.6948084e-01   1.0805327e-01  -8.7402920e-02  -1.3557850e-01   2.4276205e-01  -1.3495945e-01  -2.7551076e-01  -1.3975989e-01  -6.6086484e-02   1.7948316e-01  -2.4570755e-01   3.6405338e-01  -1.6427103e-01   9.4490156e-02   2.5609356e-02   1.0317349e-01
  -3.3143241e-01  -1.5286736e-01   4.1842086e-01  -1.2254749e-01  -5.5751751e-02   1.8821756e-01   4.9789286e-01  -2.9845155e-02  -1.5310887e-01   0.0000000e+00   8.8452130e-02  -1.2103405e-01   4.6900046e-01  -5.2903649e-02  -8.7492977e-02  -6.1600674e-02   3.0836557e-01   3.2838359e-01  -4.9754930e-02   2.2183310e-01   2.4629988e-01   6.6456385e-02   3.3062456e-01  -3.4790692e-01  -4.3326966e-01   4.7693785e-02   2.5177652e-01   8.0805334e-02  -1.5459863e-02  -1.0998432e-02  -9.1475015e-02   7.8960622e-02   1.3108785e-01   6.2318706e-01   1.1343259e-01   3.6984639e-01   2.7730260e-01  -1.5969928e-02   1.0509044e-01   1.8910110e-01   1.3726937e-01  -2.6180316e-01   1.9017976e-01   1.1634712e-01   6.9210292e-03  -8.7727414e-02   2.9147711e-01   4.4528789e-02  -4.3742202e-01   1.5055579e-01   2.0332259e-01  -2.6004904e-02  -1.6002773e-01  -7.7744793e-02   6.0845157e-02   1.2990172e-01  -1.7727154e-01  -6.1438072e-02   2.6612396e-01  -1.2417840e-01   2.1993860e-01  -3.4025113e-01  -1.4417023e-01  -8.3528868e-02  -1.8644439e-01   6.8420387e-01   2.5083755e-01  -3.0786724e-02   3.0948374e-01   8.6569537e-02  -3.6651293e-02   1.2269761e-01   1.6418368e-01  -1.5469869e-01  -3.8299367e-01  -3.3707152e-02   1.0940494e-01   2.4335573e-01  -3.8371948e-02  -1.1142571e-01   1.9810249e-01  -2.3485564e-02   3.5144230e-01   3.9693837e-04   1.1905931e-01  -2.7374501e-02  -1.1075555e-01  -4.0377951e-01  -1.5285018e-01  -2.9403752e-01  -1.7162904e-01   2.0796190e-01   3.6268054e-01  -4.0661608e-02   5.4667604e-02  -1.0217728e-01  -1.1270373e-01   5.8966408e-03   4.5455406e-02   1.0259438e-01   9.0671706e-02  -1.4198752e-01  -9.2708927e-02  -1.0790726e-01  -8.6292245e-02  -2.2370310e-03   4.0477534e-02   7.7637194e-02  -2.1161625e-01   2.7459656e-01   4.3136953e-01  -6.3226544e-02  -1.4148688e-01  -1.7699523e-01   7.7979942e-02  -3.7854048e-01  -3.2498351e-02   3.7524437e-01   3.7641708e-01  -9.1884955e-03  -1.0741468e-01  -2.2130115e-01  -4.9489599e-02  -9.0527242e-02  -1.1568767e-01  -1.6083049e-01  -3.2326002e-01   3.0268814e-01  -1.7469881e-01   1.9212320e-01   1.2608400e-01   1.6151535e-01  -1.9936249e-01   1.8358503e-01   2.7644136e-02  -6.3607833e-03   3.0558179e-02   1.4833906e-01  -6.0970212e-02  -2.5980747e-01  -3.5742777e-01  -2.2627029e-01  -2.6774091e-01   1.8226573e-01  -1.5935348e-01  -7.2324518e-02   2.4051201e-01   3.5985279e-01   2.5495764e-01  -7.2122664e-02   1.8234040e-01  -1.5795715e-02  -1.7266553e-01   1.7362424e-01   1.3522904e-01  -3.4058923e-01   2.4332929e-02   1.7725324e-01   5.3329536e-02   1.2459715e-02  -1.0883824e-01   5.5005350e-02   3.9319882e-01  -1.1064442e-01   5.8005838e-02  -2.2598736e-02   3.3007975e-01   1.8888583e-01  -1.9463436e-01   4.2190302e-02   3.6194577e-02  -1.4629128e-01  -1.1768466e-01   4.5605562e-01  -2.6883360e-01   7.8620118e-02   2.1993870e-01
  -5.1518889e-02  -4.4581451e-01  -2.9888152e-01   1.7821823e-01  -4.5121203e-01   6.3263891e-01   3.6914320e-01   3.0688321e-01  -4.4675204e-01   8.8452130e-02   0.0000000e+00  -1.8552932e-01  -9.2136079e-02  -1.5333932e-01  -5.8272474e-02   1.2078935e-01  -3.1806441e-01   4.5654394e-01   1.7074885e-01  -1.9915595e-01   5.6246068e-01   2.6353998e-01   2.8279502e-01   1.7954108e-01  -1.6266239e-01  -3.9539205e-02  -2.8543915e-01   1.3592321e-01  -2.2938993e-01   4.1724753e-01   1.3192540e-01   5.2837731e-01  -1.3132539e-01  -2.3049405e-02  -1.0806682e-02   4.8840023e-02   9.4419759e-02   1.9833204e-01   1.0933143e-01  -5.0435026e-01   6.7292370e-02  -3.8441847e-01  -4.3900465e-01   2.6958378e-01  -5.3957614e-02   2.1075296e-01   5.6805642e-01   2.8405311e-02   7.4710716e-03  -5.5907031e-01   6.4519108e-01   1.5078430e-01  -4.2226786e-01  -2.5581783e-02   5.7459661e-02   4.5913645e-01   2.6152786e-01   3.1051919e-01   2.7623876e-01   4.1226637e-01   1.1035276e-01  -4.4287214e-02  -6.2977765e-01  -9.3105229e-02  -3.7980944e-01   1.4297438e-01   4.9058985e-01  -3.7564780e-01   3.4257551e-01   2.4303896e-01  -5.8725084e-01   5.2817510e-01   4.7907567e-03   3.6094882e-02  -3.1379378e-02   4.7772274e-01   1.9352551e-01   2.6783435e-01  -4.4741172e-01  -3.0205895e-01   2.3362760e-01  -2.1130405e-01   5.1643855e-02   4.5204110e-01   3.3296883e-02   5.8555681e-01  -5.4906500e-03  -3.0013235e-03  -3.6898576e-01   1.1754050e-01  -5.1987383e-01   3.7171351e-02   1.7268802e-01  -1.3417392e-01   2.3029859e-01  -5.1165886e-01   1.1419811e-02   1.1673020e-01   1.7400607e-02   3.9502393e-01  -4.5646621e-01   4.0303082e-01   5.5646159e-01   8.2839145e-02   6.1103729e-01   2.5340144e-01  -3.2233416e-01   4.6522997e-01  -3.0403441e-01   4.3860749e-01  -2.6128907e-02   5.1455833e-01  -5.7556467e-02   9.7619963e-02  -2.2375043e-01  -5.1359676e-01   2.9334336e-01   1.8293494e-01   9.0545420e-02   4.3190282e-01   2.4232820e-01  -4.5161879e-01  -3.8878167e-01  -2.8141450e-01   2.0723569e-01   3.3743678e-01   2.9874840e-02  -1.4929031e-01  -1.5606094e-02  -2.5738811e-01  -1.6380679e-01  -6.4129748e-02   2.4574941e-01   2.5931854e-01  -7.9683630e-02   5.8886328e-01  -3.0747495e-01  -7.2041463e-02   4.6481196e-01   4.0902385e-02  -6.1293460e-02   6.8523786e-02   4.2516657e-01   3.9202998e-01  -2.4338164e-02  -8.7465375e-02  -5.5234701e-01  -1.2853877e-02   5.8503403e-01  -2.2141690e-01   1.2229260e-01   3.0184885e-01   2.1436418e-02   2.0206508e-01  -5.1699307e-01   1.7908193e-01   2.7899023e-01   6.2277142e-02  -2.6583044e-02   4.2515831e-01  -2.4916881e-01   5.2587257e-01  -3.3950926e-01   5.7263327e-01   2.5040254e-01  -4.7488621e-01  -1.5056318e-01   4.7781083e-01   4.7101350e-02  -3.3033196e-01  -9.3975470e-02   3.2252370e-01  -2.1461454e-01   3.4304785e-01  -1.5999813e-01  -3.0895084e-01   9.5871904e-02
  -2.1494238e-01   3.8611343e-01   1.4788090e-01   1.9464037e-01   1.6609813e-01   5.5637531e-02   2.4507167e-02  -5.8204173e-02   3.5797529e-01  -1.2103405e-01  -1.8552932e-01   0.0000000e+00  -1.5072623e-01  -1.4583675e-01  -1.3613808e-01   3.4793669e-02   1.9961728e-01  -3.5728242e-01   2.3939860e-01   5.6832423e-02  -2.5294717e-01   2.1604423e-01  -2.6051694e-01  -6.9518999e-02   2.4944330e-01   2.9818124e-01   7.6901963e-02  -1.7104498e-01  -1.8475184e-02   1.3281080e-01  -1.8774324e-01   2.7569437e-02   4.1429426e-03  -6.8070535e-02   6.0542643e-01  -2.2963764e-01  -2.0264673e-01  -4.4375003e-01  -1.7182549e-02   1.8884134e-01  -1.6821726e-01  -1.0099092e-01   6.1346423e-01  -3.4088636e-01  -1.5024772e-01  -3.4096610e-01  -2.3809488e-01   6.8835605e-02  -5.8669924e-02   1.0596615e-01  -2.7285354e-01   5.4152525e-03   1.0966393e-01   1.0524195e-01   1.8114402e-01  -3.6351930e-01   2.0960712e-01   1.3767879e-01  -4.3912352e-02   2.4649777e-01  -3.6454560e-01   1.1913812e-01   2.8380115e-01  -1.5915313e-01   1.2732251e-01  -1.2391993e-01   3.1769732e-02   2.7862823e-01   1.0071794e-01  -5.4136445e-02   3.3939157e-01  -1.1373261e-01  -1.1295457e-01   4.9243111e-01   4.2405184e-01  -1.2963139e-01  -4.4821407e-01   7.5656219e-02   3.6051381e-01   3.5701809e-01  -2.8879680e-01  -1.3404656e-02  -7.9048644e-02  -1.6734327e-01   6.1894485e-02  -1.8659536e-01  -1.0278607e-02   3.1664525e-01   1.1631917e-01  -2.1059565e-01   3.1121559e-01  -3.2112847e-01   3.6104480e-02   5.6650147e-01  -4.5334370e-01   3.2157486e-01   3.3630227e-01   2.2964826e-01   1.3737543e-02  -9.1567535e-02  -1.3207099e-02   2.8634456e-01  -1.6977583e-01   3.0736226e-01   4.2054469e-02   1.5374378e-01   1.8574730e-01   1.9038610e-01  -4.7489784e-02  -3.7651648e-01   2.7403368e-01   1.1292590e-01   3.5090596e-01  -3.2756067e-01  -1.6099644e-01   1.1224123e-01  -2.2493720e-01  -1.0779411e-01  -1.2860100e-01   4.0996603e-02  -3.3714847e-01   4.4604420e-01   5.0370290e-01   2.2198096e-02  -3.5255384e-01   1.4311483e-02   1.0684337e-01   2.6765249e-02   4.6966532e-01   1.1667153e-01  -4.7101470e-02  -2.4614924e-02   9.5587377e-02  -3.2952097e-01   4.3871325e-01  -1.0169737e-01   1.5498628e-01  -2.3205652e-01   1.1939976e-01  -8.7162680e-02  -1.2813097e-01  -1.7939260e-01  -5.9059358e-02  -1.3647121e-01   1.6220790e-01  -3.3322444e-02   2.8175320e-01  -1.5387264e-01  -5.4289193e-02   5.5647334e-02  -9.9473583e-02  -2.7403620e-01  -2.7413547e-01  -2.0558408e-01   4.2348579e-01  -1.3535068e-01  -4.3555380e-01  -9.7475350e-02  -3.1933813e-01  -3.3751612e-02   4.3276070e-01  -2.0022454e-01  -7.1150786e-02  -9.5649375e-03   2.6382543e-01   2.9246575e-01   1.5907848e-02  -1.7930974e-01  -7.6491874e-02   1.0852845e-01   1.4624236e-01  -3.9680532e-01   4.7984233e-04   1.4253929e-01   1.5603318e-01   2.4435637e-01   1.9229833e-01
  -1.3581764e-01  -2.1213425e-01   3.8993233e-01   6.4171235e-02   3.9843587e-01   2.2525969e-02   1.4208301e-01  -4.3001654e-02  -2.1335794e-01   4.6900046e-01  -9.2136079e-02  -1.5072623e-01   0.0000000e+00  -1.6591698e-02   1.1272509e-02   2.3496207e-01   4.1368418e-01   3.8511984e-01  -4.3108757e-02   5.3199040e-01   1.9007269e-01  -7.8495675e-02   2.0865406e-01  -2.5209008e-01  -2.7782306e-01  -3.3805424e-02   2.7393549e-01  -1.0083198e-01   1.2387983e-01  -1.0942884e-01   5.6863053e-02   1.0060561e-01   2.4797357e-01   2.4384425e-01  -4.7952111e-02   4.6315093e-01  -6.7761630e-02  -1.8842091e-02   3.8694908e-01   2.8300346e-01   5.9391128e-01  -6.4430599e-02  -2.9150432e-02   1.0137158e-01   2.1323249e-01  -1.4153361e-02   3.0296989e-01  -1.1711178e-01  -1.3592424e-01   3.0172634e-01   1.5049958e-01  -2.7852888e-01  -2.0456014e-01   1.2770457e-01   8.9036468e-02   2.9219376e-01  -1.7565810e-01  -1.3252128e-01   3.4455768e-01  -1.3985957e-01   2.8037580e-01  -1.8024083e-01   5.7165618e-02  -1.7322688e-01  -1.2849607e-01   4.7102240e-01   1.9349923e-01  -1.2576630e-01   2.4868304e-01   8.9505072e-02   6.7169666e-03  -1.0334456e-02   4.9562083e-01  -7.6888353e-02  -2.6926648e-01  -3.1415471e-02   9.6528826e-02   2.4981315e-01   8.8305325e-02   1.9488538e-01   5.8621385e-02   5.0259123e-01   2.3813644e-01   1.6410388e-02   1.9157340e-01  -1.2060802e-01  -2.6887514e-01  -2.6159159e-01  -1.1931867e-01  -1.8182466e-01   1.2412304e-01   2.8729169e-01   3.9217851e-01  -8.8964545e-02  -1.7843016e-03   2.9968276e-01  -6.2654951e-02  -7.6284369e-02   9.5669693e-02   3.1258301e-02   1.3636904e-01  -2.3207981e-01  -7.9526045e-02  -1.5609425e-01  -1.2159385e-01   1.5514654e-01   1.8331656e-01  -1.6102872e-02  -1.2679211e-01   1.4746565e-01   3.7109599e-01  -2.3073332e-01  -8.2436508e-02  -1.4834271e-01   1.0203366e-01  -1.2866747e-01   2.4135172e-02   6.2729059e-01   3.4213641e-01   1.1609503e-01  -6.4308404e-02   1.3768520e-01  -2.9840339e-02   9.0729218e-02  -7.5171548e-02  -2.5203066e-01   1.4367558e-01   2.9274123e-01  -9.4502270e-02   1.6176362e-01   5.8232958e-01   1.4014674e-01  -2.0565654e-01   9.9137612e-02  -1.3920503e-01   7.1290251e-02   2.9966985e-01   8.1700292e-02  -2.8264874e-01  -2.2860028e-01  -1.0226330e-01   2.7436272e-01  -2.2585755e-01   2.2628841e-01   6.0069407e-02   2.3909559e-01   3.2672008e-01   1.6731554e-01   2.2969157e-02  -9.5526289e-02   3.3706892e-01  -3.3845447e-02   1.0223329e-01   1.5771325e-01   1.3611315e-01  -2.4960552e-01  -2.2832478e-02   3.8761195e-01   3.1973100e-01  -1.6822866e-01  -1.7523802e-01   1.8200424e-01   3.4192391e-01  -5.8715088e-02   9.4452991e-02   1.8977589e-01   3.4798374e-01   2.0552456e-01   1.0367372e-01   3.2117413e-01   6.8597754e-03  -1.8382463e-01  -4.7221583e-02   2.0004351e-01   6.6693032e-02   3.5546527e-01   9.9678142e-02
   3.8775566e-01  -5.2823009e-02  -1.4414545e-01   8.0648748e-02  -3.1430881e-01   6.7005771e-02   1.4803623e-01  -2.6822998e-01   7.8048258e-02  -5.2903649e-02  -1.5333932e-01  -1.4583675e-01  -1.6591698e-02   0.0000000e+00   4.2952883e-01  -2.5285764e-01  -1.5563861e-01  -1.7032682e-01   8.0506887e-02  -3.7342825e-01   3.2759592e-01   1.3475553e-01   2.4905837e-01   2.1503579e-01  -9.2739753e-03   1.7017187e-01  -1.3308104e-01   4.1008709e-01  -1.1984314e-01   3.4031376e-01   2.7031624e-01   3.1873036e-02   2.5391289e-02   6.8877902e-04  -2.7868472e-02  -3.4741876e-01   4.5495593e-02  -1.8720704e-01  -1.6808746e-01   4.8512317e-02  -1.4472730e-01   1.5673597e-01  -1.9121432e-01   4.2067995e-02  -6.2907859e-02  -2.9881364e-01  -1.6580653e-01   2.0065543e-01   5.9422865e-02  -9.0005861e-02  -4.8006744e-02   9.2724551e-02  -2.0857299e-02  -2.4934404e-02   4.5475813e-02   1.2461226e-01   3.1287979e-01   1.3033471e-01   3.9945481e-02   2.1069408e-01  -4.1957053e-01  -1.7723651e-01  -9.8137511e-02  -1.5332656e-02  -1.1664809e-01  -1.8009142e-01   8.1908875e-03   8.3385168e-02  -1.5527360e-01  -1.0624175e-03  -1.0101560e-01   1.9205745e-01  -3.0922847e-01   1.3304311e-01   2.2983923e-01  -1.2523676e-01  -3.3797206e-01  -1.7098820e-01  -4.0007311e-01   5.5901932e-02   4.5595876e-01  -2.3085900e-01   2.2053946e-02  -1.3321185e-03   2.5950467e-01   3.6424966e-02   4.6865144e-01   2.0363493e-01   5.7923565e-02   6.0777310e-02  -2.0899658e-01  -4.0805371e-01  -1.9701112e-01  -6.3925267e-02  -2.5600308e-01  -4.0896173e-01  -7.1336226e-02   6.8244300e-02  -2.1630231e-01   2.0541823e-01   2.2007588e-01  -1.4866117e-01   1.1692947e-01   1.5951709e-01   7.4505994e-02  -1.6198680e-01   1.7307270e-01  -1.7360595e-01   1.8667854e-01  -5.8834966e-03  -1.1152638e-01   7.4827933e-02   5.8669560e-02  -2.5308213e-02   3.7719988e-01  -3.8942125e-02  -1.2185390e-02  -2.8814932e-01   2.0174222e-01   1.5217512e-01  -2.9745770e-01  -2.1189657e-01  -8.3137180e-02   1.8481196e-01  -2.3497986e-01   5.0298912e-01  -9.1451782e-02  -1.2819683e-01  -8.9304955e-02   6.8667720e-02  -1.2149741e-01  -3.9303739e-01   4.2852235e-01   2.1654662e-01  -8.2852403e-02  -2.2488377e-01   6.4661521e-02   3.9683390e-01  -6.5312380e-02  -1.9736099e-01   2.5956716e-01  -2.1900098e-01  -1.5935190e-01   1.5350962e-01   6.9732165e-02  -9.6914151e-02  -5.2232464e-02  -3.1668683e-01  -1.9555633e-01   9.6654653e-02   2.0669400e-01   3.8063855e-01  -1.7747796e-01  -2.3394159e-01  -1.8785839e-01  -2.0043822e-02  -2.9376213e-01  -1.1234845e-01  -3.9732795e-01   2.0950630e-01  -1.3705750e-01  -1.1105094e-01  -2.0420870e-02  -2.2139702e-02   2.2118796e-02  -3.4373032e-01  -2.2297209e-01  -5.1254573e-02   9.7675091e-03  -1.7251938e-01  -3.3943935e-01  -1.8501281e-01   4.2435337e-02  -3.0288445e-01   7.3923151e-02   2.0957577e-02  -4.3977656e-02
