   0.0000000e+00  -4.5819400e-01  -1.1630003e-01   2.4555638e-01  -1.5345656e-01   3.5870629e-01   3.1924409e-02   2.6545567e-01  -1.5903356e-01  -3.1767294e-01  -5.4399365e-02   4.7498126e-02   4.0736700e-03   4.5481752e-01  -7.7977361e-02   2.0358088e-01  -3.0308257e-01  -2.2315379e-01  -2.6054125e-01   1.3318541e-02   4.6021741e-02   1.8223114e-01   9.4126461e-02   5.9584771e-01   3.1217275e-01  -2.9222442e-02  -2.8029641e-02   2.7771536e-01   5.3985797e-03   3.7279927e-01  -4.4061679e-01   3.6413859e-01   2.0452724e-01  -3.9756643e-01   8.9050838e-02  -3.3147545e-01  -3.9682713e-01   4.7551144e-01   1.2440516e-01  -4.3049455e-01  -2.2260849e-01   1.1743790e-01   9.8628400e-02  -1.8786619e-01   6.0503666e-02   4.7787105e-01   2.8169666e-02  -4.3461732e-02  -4.4329349e-01  -2.6545727e-01   3.8202118e-02   2.4280582e-01  -5.0760870e-01  -5.1968798e-02   2.3414053e-01   1.1077546e-01   2.1576242e-01   2.1137434e-01   1.8662822e-01   4.3549552e-01   5.4858627e-01   1.5298767e-01  -1.4501094e-01  -4.7598491e-01  -2.5401566e-01  -7.7164317e-02   1.1642717e-01   1.9172547e-01   2.1709436e-01   2.8170210e-01  -5.2851536e-01   2.6121505e-01  -2.7136326e-01   3.4320826e-01   5.3634111e-02   9.2872336e-03   5.4219648e-01  -2.4024864e-02  -2.3393828e-01   2.9165226e-01   3.4273657e-01   1.3654708e-02  -4.4409843e-01   4.6021995e-02  -3.4503633e-01   5.0213843e-02  -3.1256517e-01   6.2348893e-01   8.8241390e-02   5.6610354e-01  -3.7802429e-01   3.8416147e-01  -1.4575027e-01   1.4641911e-01   5.0884500e-01  -2.1914105e-01   4.7197305e-01  -1.2088338e-01  -1.8822176e-02  -1.9680418e-01  -3.6803068e-01   2.8791936e-01   2.4637929e-01  -5.6716032e-02   3.9285430e-01   1.2709866e-01   1.1609678e-01   8.0127019e-02  -3.7070042e-01   3.2274261e-02  -3.9242888e-01   4.3833631e-01   3.3658632e-01   6.2811992e-01   1.8891414e-01  -3.8694273e-01  -3.6112168e-02  -2.3888348e-01   3.7731089e-01   2.5262941e-01   5.4273856e-01   5.3998120e-02   3.9823518e-02  -1.0629704e-01   5.0069576e-01   3.8135646e-01   5.0641462e-02   8.0109988e-02   3.4258794e-01  -1.4596051e-01   7.1810913e-02  -3.6508426e-01   8.3648360e-02  -4.5964936e-01   2.3033743e-01  -1.9665027e-03   6.9348174e-02   2.8230829e-01   1.7479794e-01   3.5350331e-01   6.7937922e-01  -4.2529737e-02   7.7453347e-02   1.4151224e-01   1.3667838e-01  -1.2988872e-01  -3.6139652e-01   1.0669277e-03   3.7661175e-01  -3.8424747e-01   1.0591880e-01   2.0209495e-01   3.0412650e-01  -3.6888939e-01  -2.3792924e-01   5.0581766e-01   5.7858126e-01   2.1701517e-01   4.5884403e-02   3.5312501e-01   2.3174568e-01  -3.2888229e-02  -3.4873417e-01   9.7368627e-02   7.0685580e-02  -4.5145010e-01  -2.7369634e-01   3.0212857e-01   3.7063961e-01  -3.8392706e-01  -1.5560588e-01   5.1354785e-01  -1.9903081e-01   2.5561943e-01   9.1834062e-02   6.1782032e-02   7.0615855e-02
  -4.5819400e-01   0.0000000e+00   2.1402925e-01  -1.0507393e-01  -3.0604008e-02  -3.6415381e-01   2.1737696e-01  -2.5570348e-01   4.0901369e-01   3.1790529e-01   7.0467524e-02   3.3315090e-01  -1.2210196e-01  -3.1664375e-01   1.5035478e-01  -3.0609222e-01   2.8761276e-01   9.7137494e-02   1.9801803e-01  -7.8052857e-02  -1.6807656e-01  -1.4136635e-01  -1.5951272e-01  -4.0819409e-01  -1.4281593e-01   4.6573127e-02   2.9999120e-02   6.3787055e-02   1.1680055e-01  -8.5214126e-02   3.2601105e-01  -9.5734760e-02  -1.6557311e-02   4.5132976e-01   7.7388454e-02   2.3033761e-01   3.7561690e-01  -4.4989061e-01  -7.5728710e-02   4.8524485e-01   2.2206912e-01   5.6833447e-02  -1.2597617e-01   1.7499848e-01   1.1072284e-01  -2.5803181e-01  -5.2054059e-02   2.5093353e-01   1.2005332e-01   2.6787567e-01   1.8858219e-02  -1.5020688e-01   3.7279899e-01  -3.5133307e-03   1.3322450e-02   1.8571049e-01  -4.5624132e-01   6.3286253e-02  -6.9621011e-02  -2.5496651e-01  -5.2560778e-01  -2.1969312e-01   3.9268863e-02   3.6699381e-01   1.3457687e-01   2.4408090e-01   9.8319254e-03  -9.0092446e-02  -1.7678153e-01  -1.3222968e-01   5.7608516e-01  -3.8870649e-01   3.0329391e-01  -1.7221317e-01  -9.3406127e-02  -9.2284794e-02  -3.6646501e-01  -5.0599081e-02   9.6260536e-02  -1.6749340e-01   3.7062629e-02   1.3787664e-01   4.6250982e-01   1.9677844e-01   4.4662506e-01  -1.7100301e-01   3.2296228e-01  -5.5721849e-01   4.4466533e-03  -4.9690800e-01   1.4379834e-01  -4.5791598e-01   1.5691034e-01   1.7246241e-01  -2.9804360e-01   1.6952990e-02  -2.7049375e-01   5.9370115e-02   6.7125208e-03   2.8660085e-01   5.0341844e-01  -1.7968542e-01  -3.0020355e-01   6.6942406e-02  -2.7497359e-01   5.4685772e-02  -8.6982608e-02   3.8669874e-02   1.6236072e-01  -1.6544358e-03   5.0168432e-01  -3.2180688e-01  -4.1249660e-01  -4.1467352e-01   1.5277517e-01   3.6693029e-01   6.6155247e-02   1.5240818e-01  -1.4330028e-01  -1.3284151e-01  -3.8361635e-01   1.4267757e-02  -8.9116141e-02   1.5243021e-01  -3.0640443e-01  -2.7012243e-01   1.2066317e-01  -2.4942487e-01  -1.8164680e-01   2.4434804e-01  -6.6459731e-02   6.1245843e-01   2.2031498e-01   3.4262173e-01  -3.7561733e-01  -9.8801614e-02  -1.8125983e-02  -1.8080396e-02  -7.8271876e-03  -4.4527570e-01  -3.4305164e-01  -4.6896968e-02   3.6899344e-02  -2.3751309e-02   1.8531285e-02   1.9641602e-01   5.1282137e-01   1.6737737e-01  -2.6693497e-01   5.3396494e-01   5.3205400e-03   6.3447538e-02  -2.3345868e-01   5.6887786e-01   4.1206966e-01  -4.8716203e-01  -6.1080290e-01   2.9579213e-02  -1.0574781e-01  -1.6033565e-01  -2.1788169e-01   1.7821154e-01   2.8534706e-01  -5.1334420e-02   1.1727039e-01   5.3223638e-01   5.3923582e-01  -2.4924087e-01  -3.4164087e-01   3.5056714e-01   4.1307478e-01  -5.8449027e-01   4.7491714e-02   2.5536923e-02   1.3105956e-02  -1.1305858e-02   3.2308309e-01
  -1.1630003e-01   2.1402925e-01   0.0000000e+00  -4.0699984e-01   5.6299607e-02   1.3411102e-02   1.4639795e-01  -4.3742282e-01   1.1957185e-01   5.5536639e-01  -4.0000597e-01   4.3360576e-01  -9.5239408e-02  -1.1999721e-01  -6.7311137e-02  -1.2565709e-01   8.3498306e-01  -3.2351149e-01   1.0040755e-01   2.8205517e-01  -6.1049383e-01  -1.5382427e-01  -4.5789333e-01  -2.6593648e-01  -2.8042767e-01   2.0376336e-02  -5.6523942e-03  -2.8513827e-01  -2.1676329e-02  -3.7637824e-01  -1.0269935e-01  -3.9777323e-01   2.6100135e-01   3.2831634e-01  -2.3621569e-01   4.7907254e-01  -1.8995193e-01  -4.0304430e-01  -1.1646109e-01   5.2404583e-01   1.4838255e-01   2.9026109e-01  -2.3474206e-02  -1.3490669e-02  -3.3872744e-01   3.6315963e-02   5.5291190e-02  -1.0561739e-01  -1.0542682e-01   7.4793691e-01  -2.5697522e-01  -2.6344871e-01   1.6417675e-01   4.1288337e-01  -2.1260772e-01  -8.6314335e-02  -4.1022418e-01   3.4737614e-03  -9.7207199e-03  -2.6789472e-01  -6.0362486e-02  -1.8278188e-01   1.6831528e-01  -1.1084528e-01  -2.5067158e-01   1.3976850e-02   2.6616415e-01  -3.2499873e-01  -3.9032096e-01   3.8348722e-01   2.3851106e-01  -4.6390100e-01   2.6175209e-01   2.1402001e-01   7.1005037e-02   9.2688994e-02  -2.2315837e-01   2.8775964e-02   1.0765290e-01  -1.7722934e-01  -2.3451940e-02   9.2758625e-02   2.7522834e-01  -1.5761349e-01   5.8779940e-01  -2.5842291e-01  -3.0472379e-01  -6.7246616e-02   1.9934480e-02  -3.1758415e-01   2.9625784e-01   4.0023137e-01   2.9542847e-01  -2.4648507e-02  -3.5638361e-01   4.0138495e-01  -4.0184934e-01  -1.4799791e-02  -9.4600524e-02  -2.6843672e-02   3.0835128e-01  -2.6539197e-01  -4.7314998e-01   3.1875117e-02  -4.4977405e-01  -2.0847209e-01   1.3620772e-01  -2.7922412e-01  -1.2574331e-01  -1.8354465e-02   6.2477839e-01  -5.0025282e-01  -4.1816990e-01  -2.5781231e-01   2.4441185e-01  -1.7713833e-02  -7.0329274e-02   4.5168918e-02  -2.3207478e-02  -3.5278791e-01  -3.0978069e-01   2.7623348e-01   1.6109585e-01  -2.4337750e-01  -3.6214893e-01  -2.5994958e-01  -2.8040952e-01  -2.1085865e-01  -1.4130928e-01   6.7920494e-01   2.1815444e-02  -1.2446218e-01   1.1767616e-01   6.6293312e-02  -3.5136138e-01  -8.7760255e-02   2.9475163e-01  -1.4911872e-01  -1.1264722e-01  -2.4682457e-01  -1.6735949e-01   1.5654118e-01  -2.2558785e-01   4.2478785e-01  -1.6558195e-01  -2.0625129e-01   7.0539500e-01  -2.2492789e-01  -3.2560559e-01  -3.1897118e-01   2.4332501e-01  -1.3827139e-01   1.4853619e-01   1.6063437e-01   7.9824955e-01  -3.3709051e-01  -3.5534466e-01   5.2338710e-02   6.0242705e-01  -3.0012669e-01  -2.7907869e-01  -8.0672211e-02   1.0132444e-02  -3.4791634e-01   4.5214778e-03   4.5140014e-02   1.5780830e-01  -2.6995970e-01   1.2499032e-01   2.8842598e-01   1.3868491e-01  -4.2137434e-01  -4.1681679e-01   1.4199672e-01  -2.2138122e-02   3.1134045e-01   2.5757273e-01
   2.4555638e-01  -1.0507393e-01  -4.0699984e-01   0.0000000e+00   8.7900528e-02  -1.5704473e-01  -2.3312466e-01   4.8584341e-01   2.2765911e-02  -4.8360959e-01   3.2695883e-01  -1.7734458e-01   1.5435278e-01   2.0903352e-01  -6.0638806e-02   3.6391803e-01  -3.8506022e-01   1.6322425e-01  -1.1794037e-02  -9.4637053e-02   3.6866935e-01   3.4938273e-01   1.7252477e-01   2.8027209e-01   2.9150529e-01   1.0175689e-01   2.8416077e-01   2.6242391e-01   6.4294292e-02   4.4748713e-01  -1.2068449e-01   5.5081732e-01  -2.0081086e-01  -3.2642803e-01   1.6266545e-01  -4.6910049e-01  -1.6465641e-01   5.2043105e-01   2.3677885e-01  -2.9101757e-01   1.4742768e-01  -1.5441742e-01   2.1160557e-01  -5.9836856e-02   2.4985267e-01   7.5038023e-02   1.0690310e-01   8.3566633e-02  -3.2556138e-02  -3.7644565e-01   1.2411826e-01   4.8581521e-01  -2.8293222e-02  -2.2727925e-01   3.6138055e-01   2.7997331e-01   1.1346859e-01   4.1536590e-01   9.8264517e-02   5.6632605e-01   3.5081154e-01   8.0201836e-02  -7.0593603e-02  -3.9195892e-02   2.9239350e-01  -1.4938339e-01  -2.6178734e-01   4.2472569e-01   4.3250409e-01  -8.5730180e-02  -1.4381628e-01   5.5592861e-01  -2.7742681e-01   2.9428838e-02  -1.3763720e-01  -1.0894829e-01   4.6230329e-01   1.2974893e-01  -4.8805431e-02   4.2041904e-01   1.1841126e-01  -1.7834931e-01  -2.2249448e-01   1.1586725e-01  -3.1563684e-01   3.0181644e-01   9.7464657e-03  -7.5951401e-03   5.1117485e-02   5.3372812e-01  -1.6881253e-01   2.1226685e-02  -1.3320396e-01   3.0858352e-01   4.9457478e-01  -1.0342551e-01   6.3486560e-01  -2.0033240e-01   3.9034197e-01  -1.4268231e-01  -3.9821020e-01   1.8730695e-01   4.9992795e-01   1.3280694e-01   3.8133864e-01   4.6911999e-01  -1.4357872e-01   2.8652648e-01  -4.1864983e-03   1.6806282e-01  -3.3642389e-01   6.0659876e-01   6.4934835e-01   3.2384350e-01  -2.2419509e-01   1.8410208e-03   1.9491372e-01  -6.0669771e-02   2.5548561e-01   6.9881568e-01   5.1093535e-01  -7.0952189e-02  -9.2792273e-02   4.3292597e-01   3.7518174e-01   3.3596724e-01   2.2238052e-01   1.0339527e-01   5.8356284e-01  -3.3919501e-01  -2.2884626e-01   6.2995305e-02   1.6414970e-01  -2.6668891e-01   6.1020202e-01   1.7409083e-01  -2.3850028e-02   1.6900054e-01   3.7414164e-01   2.0501663e-01   1.0706021e-01  -4.7924993e-02   1.9575148e-01  -9.4952048e-02   8.0718544e-03  -7.5443983e-02  -4.4838028e-01   9.3531726e-02   3.6315487e-01  -3.9808470e-02  -1.7082361e-01   3.1066811e-01   5.4220707e-02  -3.9156831e-02  -3.6437787e-01   3.6357641e-01   2.0060479e-01  -3.6001561e-02  -2.9169706e-01   5.2452897e-01   2.5033484e-01   8.6460578e-02  -2.1071171e-01   6.0928109e-01   3.7348627e-01  -7.1400502e-02  -5.9188771e-02   2.9540645e-01  -3.1628621e-02  -1.2456061e-01  -2.1238361e-01   2.4462110e-01   3.4367276e-01   6.1035677e-02  -8.6609502e-02   1.6494578e-01  -1.4945712e-01
  -1.5345656e-01  -3.0604008e-02   5.6299607e-02   8.7900528e-02   0.0000000e+00  -1.2807543e-01  -3.4568137e-01   1.9217011e-02   2.2143616e-01   4.8355515e-02  -1.1452831e-01  -2.3163185e-01   2.9999719e-02  -6.1601648e-02  -1.4041075e-01  -2.2408447e-02   1.9253664e-01  -3.0396912e-02   3.7674908e-02   7.0176063e-01   5.5982800e-02  -5.9638962e-02  -1.1312481e-01   1.1512645e-01   9.2422315e-02  -8.2122659e-02   3.8644215e-01  -1.5843297e-01   2.8496979e-03  -2.8458613e-01   1.9409623e-01  -7.5231709e-02  -1.0942339e-01  -7.1637681e-02  -2.3106454e-01   3.4070897e-01   2.0067933e-01  -1.6367300e-01   1.1609208e-01   2.8802827e-01   8.2660703e-02  -3.2549500e-02   1.9028724e-01  -6.2110258e-02  -5.2644140e-02  -7.7511786e-02   1.9158044e-01  -1.4293741e-01   1.8988399e-01   1.5465863e-01  -1.0666276e-01   1.9200580e-01   4.0268224e-01  -2.8326073e-02   4.7503795e-02  -1.8947709e-01   7.2000464e-02   1.2841255e-01  -2.0245407e-01  -1.2584375e-01  -2.0152159e-01   4.1533114e-02   2.0396915e-01   2.5781720e-01   3.5065520e-01  -1.2208795e-01  -1.6719256e-01   8.6089171e-02   8.6910740e-02   3.3466823e-02   1.3892474e-01  -2.1352943e-01  -1.0791823e-01   5.9919352e-03  -7.1092944e-02   1.7767310e-01  -1.6916448e-01   4.2202855e-02   5.8304416e-01  -2.1897502e-02  -2.0344909e-01   3.8681496e-02   1.5454539e-01  -9.7103722e-03   9.1182879e-02   1.8113922e-01  -1.8173012e-02  -2.7668083e-02   1.6283934e-01   1.6237317e-01   4.4173025e-01   1.0965077e-03   1.5761381e-02  -1.9419392e-01  -5.3443063e-02   5.9855548e-01   2.6904152e-02  -1.6115306e-01   1.2827896e-01   1.6468326e-02   1.2058352e-01  -2.1704125e-01   4.3139591e-02   1.4633905e-01  -2.0231478e-01   2.5942822e-01   2.4873706e-02  -4.8001902e-02   1.5491482e-01  -1.7247475e-02  -4.7527477e-02  -1.0163274e-01   1.1435856e-01   3.5672777e-02  -1.0965484e-01   4.7537157e-01   1.8728000e-01  -1.0764728e-01  -1.2155818e-01  -1.0948205e-01  -1.1233792e-01   4.2921548e-01   9.0627158e-02   2.9159839e-01   6.3216493e-02   5.8279041e-02   7.2536745e-02   1.1418391e-01   1.7147525e-01   8.5569910e-02   2.4936943e-01   3.1364572e-01   6.2325139e-02   1.3377235e-01   2.9716910e-02   1.1297574e-01   2.1478591e-01  -1.2060956e-01   2.0580854e-01   1.8999809e-01  -4.4251575e-02   3.3412943e-01   2.9066422e-02  -2.1772967e-01  -2.4423368e-01   1.0334119e-01   1.6883336e-01  -1.2154753e-01  -1.0921033e-01   1.3857021e-01  -1.8215941e-02   2.7970271e-02  -1.3275810e-01   4.0495230e-01   9.2546697e-02   1.2202262e-01  -7.6902761e-02  -2.8574188e-01   3.8014261e-02  -1.3985878e-02   1.0436097e-03  -4.9954095e-02   2.3595653e-01   9.5920149e-02   2.9891755e-01   2.1865221e-01  -3.8627938e-02  -3.9459441e-01  -3.2472800e-02   1.5937098e-01   1.0337532e-01  -7.0800251e-02   1.8572702e-01  -3.0928850e-01   2.0550432e-02   9.9016688e-02  -9.9866648e-02
   3.5870629e-01  -3.6415381e-01   1.3411102e-02  -1.5704473e-01  -1.2807543e-01   0.0000000e+00   2.2640374e-01   5.5454674e-02  -3.0637272e-01  -9.9609868e-02   1.7636750e-01   4.1833487e-02   1.2258280e-01   3.1996043e-01   1.5005491e-01   2.6894093e-01  -1.0244174e-01  -5.3307914e-02   7.9893754e-02   6.6151034e-02   3.6323798e-02   8.5633698e-02   3.4611353e-01   2.4339201e-01  -1.2389862e-01  -2.7323879e-02  -8.8176525e-02   1.3321754e-01  -8.8147208e-02   5.0351628e-02  -3.4567480e-01   3.5676481e-03   1.7686794e-01   6.7119209e-02  -1.2647533e-01   2.4183526e-02  -2.6326285e-01   5.5051101e-02   6.9318210e-02  -2.6020050e-01  -6.3474795e-02   1.4872309e-01  -7.7408462e-02   1.2208295e-01  -1.3132738e-01   2.2352455e-01   1.0811664e-01  -8.6427323e-02  -2.9475392e-01  -1.0567582e-01   1.9783179e-01   4.5213070e-02  -4.8178618e-01  -4.7661821e-02  -1.4479326e-01   4.0330135e-03   3.6241010e-01  -2.5704840e-01   6.8772642e-02   3.4198041e-02   9.9727945e-02   1.2435337e-01  -1.2433494e-01  -3.5713892e-01  -4.0377528e-01   2.9018107e-01   3.9884495e-01  -8.1273758e-02   3.3045150e-01   3.5335208e-01  -4.5534901e-01   1.5491334e-01   1.8254118e-02   2.4111873e-01   6.9037785e-02   1.6410496e-01   1.2462235e-02   4.0328726e-03  -2.5765198e-01  -1.1147738e-01   3.0565767e-01   3.2837168e-02  -1.5054191e-01   1.5488510e-01  -1.4802644e-01   1.8937015e-01  -2.5159999e-01   3.9455396e-01   1.2405876e-01   5.7288333e-02  -2.2607049e-01   1.4167900e-01   1.1519326e-01  -5.9158352e-02  -6.9938674e-02  -5.3105133e-02  -3.2284103e-02   2.2843679e-01  -3.6501455e-01  -1.8734663e-01  -2.9699487e-01   2.8902296e-01   8.3851042e-02  -1.5789062e-02   1.0567850e-01  -2.3123303e-01  -2.2005458e-02   2.2287519e-01  -1.1135569e-01   1.9179242e-01  -1.3256431e-01   5.3946117e-02  -3.6681297e-02   2.7695196e-01   1.0687947e-01  -2.7534144e-01   7.0950869e-02   1.7610099e-01   7.2847425e-02  -7.8308110e-02  -1.1290846e-01  -2.2007174e-02  -4.7696378e-02  -4.3631138e-01   1.1202748e-01   1.7225585e-01  -6.8990981e-02  -7.0688452e-02  -2.5877927e-01   2.0908026e-02   1.3674747e-01  -2.7677632e-01  -2.3799407e-02  -2.4926361e-01   3.9761946e-03   3.6511855e-02  -1.5374974e-01   2.0441753e-01  -1.2052674e-01   2.0108077e-01   3.6274435e-01  -1.1221491e-01   3.0677944e-01   2.8265150e-01   1.9871734e-01   1.2347785e-01  -2.0251363e-01   5.7855105e-02   3.7862970e-01  -4.2914345e-01   2.3126248e-02   4.9797626e-02  -1.9588450e-02  -3.9147865e-01  -2.8381677e-02   2.2336524e-01   1.6455237e-01   2.0213298e-01   1.5306961e-01  -5.8046737e-02  -2.2617122e-02   1.2710724e-01   8.5830023e-02   4.5302966e-02  -1.5862783e-02  -2.2866189e-01  -3.1685599e-02   1.9263163e-01   1.1134314e-01  -1.6423335e-01   3.5057957e-02   1.3215561e-02  -2.7969632e-01   3.6002941e-01   1.0800972e-02  -2.2844114e-01  -4.0198281e-02
   3.1924409e-02   2.1737696e-01   1.4639795e-01  -2.3312466e-01  -3.4568137e-01   2.2640374e-01   0.0000000e+00  -2.1716878e-01  -1.1350687e-01   3.3702672e-01   1.7730118e-01   5.3997995e-02   2.0372326e-01  -1.3160047e-01   3.3277808e-01   1.3342090e-02  -1.4227917e-01   2.6079520e-01   9.8842107e-02  -1.3331044e-01   3.6561147e-02  -2.9133903e-01   2.6874788e-01  -3.6947063e-01   1.3561973e-01  -7.7233696e-02  -3.7590916e-01  -1.2970765e-03  -1.9476527e-01   2.0488228e-01  -1.1461904e-01  -6.8434492e-02   2.9400868e-01   4.7159723e-01   6.7431199e-02   1.4260722e-01  -3.4706385e-02  -1.5298960e-01  -9.5917114e-04   1.4148756e-02   1.1885246e-01   1.6833776e-01  -6.6032852e-01  -1.1695460e-02  -1.3270642e-01  -8.2714403e-02   2.3359642e-01   6.3069768e-01  -1.5950050e-01   7.4041144e-02   3.4788027e-01  -3.4268292e-01  -3.3967239e-01   1.6065643e-01   2.7273664e-02   2.6962080e-02  -6.0834128e-02   3.5500421e-02   2.4045691e-01  -6.4482352e-02  -1.8926944e-01  -1.7163827e-01  -4.2100576e-01  -3.7157004e-01  -4.9089119e-01   5.2291646e-01   3.7200243e-01  -4.6754811e-01  -1.4450318e-01   2.1322576e-01  -9.7096974e-03  -1.2247246e-01   2.7463918e-01  -1.4965826e-01  -5.3312266e-02  -3.8026135e-01  -2.2527237e-01  -2.4998148e-01  -4.1765988e-01   1.7013264e-01   4.2692522e-01   2.0312041e-01   2.1827234e-01   1.7725204e-02   7.9765739e-02  -3.7967595e-01  -1.8450774e-01   5.0207733e-02  -4.4187477e-01  -3.4696478e-01   4.2823998e-04  -6.9726259e-02   4.8638870e-01  -4.8231967e-02  -2.6671418e-01  -2.6857610e-01  -2.2362653e-01   3.0319414e-02  -4.4208048e-01   1.2009075e-01   5.2863118e-02   1.7216719e-01  -3.0577552e-01  -1.3177624e-01  -5.3337385e-02  -1.6605537e-01   6.5206613e-02  -1.2529734e-01   2.2219433e-01   2.8603043e-01   3.7760157e-01  -1.8400721e-01  -3.0799190e-01  -1.9158455e-01   5.2122595e-01  -3.5312289e-01  -2.7063899e-01   9.9165133e-02   6.6687636e-02  -2.0337180e-02  -3.1313449e-01   4.4860639e-02  -4.9556112e-01  -2.0778444e-01  -3.5475630e-01  -3.6659362e-01  -2.5669601e-01  -2.4384557e-01  -1.0811903e-01   1.6987815e-01   1.5150759e-01  -7.6649598e-02  -2.7776569e-01   7.6554681e-02  -5.2020732e-01  -3.3608534e-01  -1.1647613e-02   2.4207098e-01  -1.3666812e-01  -1.4740419e-01  -1.1356852e-03  -2.0650446e-01  -8.6844244e-02   4.3220474e-01   1.2368306e-01  -1.8706547e-01   2.6048383e-01   1.0138634e-01   2.3426008e-01  -1.1092107e-01   1.7641963e-01  -9.8454746e-02  -2.7337816e-01  -1.4292087e-01   9.3607616e-02  -2.9093274e-01  -8.0940698e-02   3.4555683e-01  -7.8056584e-03  -8.6175995e-02  -4.5807644e-01  -2.0375682e-02   1.0186275e-01  -2.4536656e-01  -2.9170038e-01  -4.8715804e-02   1.9121929e-01  -1.5345063e-02   2.0479482e-01   1.4287837e-01  -7.4630936e-02  -2.1198386e-01  -3.5762482e-01   2.4354240e-01   5.7346557e-02  -1.6777293e-01   4.4381732e-01
   2.6545567e-01  -2.5570348e-01  -4.3742282e-01   4.8584341e-01   1.9217011e-02   5.5454674e-02  -2.1716878e-01   0.0000000e+00   9.2877244e-02  -4.2361411e-01   2.6826413e-01  -2.2753131e-01  -2.4989881e-02   1.9245735e-01   6.0645050e-02   2.7765743e-02  -4.9401815e-01  -1.8511269e-02   1.1301623e-01  -1.4316855e-01   3.4906420e-01   4.6093515e-01   2.2730398e-01   4.4305567e-01   1.0178533e-02   1.8362563e-01  -4.7948957e-02   5.6813517e-01   3.1291176e-02   3.4536160e-01   1.3793770e-02   3.4858542e-01   9.8854680e-03  -2.4406891e-01   7.1832322e-02  -4.2967440e-01  -1.5728027e-01   4.2290319e-01  -4.4496742e-02  -4.7901787e-01  -5.9936088e-02   3.1544569e-02  -6.8820839e-02   2.0526315e-01   2.5741018e-01   2.3938547e-01   6.3113639e-03  -4.2941173e-02  -6.1365103e-02  -4.3069367e-01   2.2958028e-01   3.7367799e-01  -1.1733395e-01  -3.2098181e-01   1.2929916e-01   1.9557154e-01   3.1963534e-01   1.9978198e-01   8.7339214e-02   2.9408054e-01   2.4104080e-01  -1.3255329e-01  -2.4616438e-01  -2.5190870e-02   9.6218153e-02   5.3583502e-02  -2.4367347e-01   2.2255050e-01   4.2062279e-01  -1.8041919e-02  -3.4950935e-01   3.5180416e-01  -3.6558079e-01   1.7250768e-01  -2.8117378e-01   5.5360304e-02   3.4694980e-01   1.3616283e-01  -1.6707824e-01   4.4997378e-02   4.1666149e-02  -3.6230471e-01  -1.7272901e-01   3.5685580e-01  -1.9121548e-01   2.6917028e-01  -1.2263489e-01   1.1145264e-01   9.6760988e-02   4.5817779e-01  -2.5579590e-01   3.6673809e-03  -5.5541958e-02  -2.1043083e-03   4.2485362e-01  -2.4866047e-01   3.1920457e-01   1.3164395e-01   1.1820146e-01  -4.4315505e-02  -1.6854263e-01   3.0834370e-01   6.2847927e-01   1.4363907e-01   3.2360925e-01   3.3345246e-01  -8.0781849e-02   3.2219056e-01  -6.2815317e-02   2.3968778e-01  -4.3321947e-01   4.9062891e-01   3.4129455e-01   4.1913680e-01  -5.2841974e-03  -5.7401841e-02   2.4057380e-01  -1.8449973e-01   4.1950827e-01   2.7578596e-01   3.9653165e-01  -2.3204204e-01  -3.7486676e-01   6.7250929e-02   4.3693480e-01   2.3751234e-01   1.6845869e-01   1.0600780e-01   2.6310868e-01  -3.1207553e-01  -2.0241879e-01  -7.4324543e-02   8.3550915e-03  -1.8628491e-01   2.9409547e-01   3.4284386e-01  -1.3695801e-01   3.1918794e-01   1.8687944e-01   2.0418334e-01   1.0880919e-01  -3.5770578e-02   2.6419253e-01   6.8270587e-02   8.8964278e-02   3.1581680e-02  -4.7792659e-01   7.2509364e-02   3.1732411e-01   5.2276964e-02   1.8034785e-02   4.6511115e-01   5.8438007e-02  -1.6575660e-01  -4.8095344e-01   3.4227174e-01   2.8854120e-01   6.2777275e-02  -1.1140738e-01   4.7277223e-01   1.3432139e-01   1.3640623e-01  -3.4837461e-02   4.3995669e-01   2.3904342e-01  -1.2182416e-02  -1.0421460e-01   2.7314824e-01   1.4768056e-01  -2.3543218e-01  -1.7955398e-01   1.6990964e-01   1.9496287e-01   7.2360360e-02  -6.3403002e-02  -2.5780950e-02   8.0623601e-02
  -1.5903356e-01   4.0901369e-01   1.1957185e-01   2.2765911e-02   2.2143616e-01  -3.0637272e-01  -1.1350687e-01   9.2877244e-02   0.0000000e+00   1.7222366e-01  -8.4253659e-02   2.0969164e-01  -2.1936980e-01   1.1224589e-02  -8.6935137e-02  -2.9007375e-01   1.6871634e-01  -7.7306590e-02   3.6479996e-01   2.5365388e-02   5.4489066e-02   1.0407640e-01  -2.8373400e-01  -6.0027428e-02   1.5282864e-01  -3.2450007e-02   4.9318187e-02   9.6690859e-02   1.0778211e-02  -4.6413606e-02   3.1915264e-01   1.8423336e-02   6.2079147e-02   1.1493993e-01  -1.2483311e-01   6.8083461e-02   1.8646494e-01  -2.2923636e-01  -1.4173553e-01   2.8680099e-01   1.4878692e-01   1.4419799e-01  -1.0548675e-02   3.3775557e-02   1.8895936e-01  -1.3212559e-01   7.8983751e-02  -2.0548880e-02   4.5439349e-02   2.2288489e-01   7.2202281e-02   8.5991110e-02   3.9137052e-01   2.4282796e-02   1.0244921e-01   2.1144409e-01  -2.4390262e-01   8.2355562e-02   1.4362796e-02  -2.3041912e-01  -3.3833118e-01  -1.9240294e-01   3.1340923e-01   4.5215045e-01   3.2660289e-01  -4.2063865e-02  -1.5597353e-01   1.0640186e-01   8.9098739e-03  -7.0151729e-02   4.1190571e-01  -3.1826817e-01  -5.6810298e-02  -6.5687040e-02  -2.0772001e-01   1.6151942e-02  -1.0352092e-01   7.5224148e-02   1.2443555e-01  -6.3221091e-02  -9.6329241e-02  -2.0713710e-01   1.8874046e-01   2.7442021e-01   2.0931250e-01  -1.2551639e-01   8.4523827e-02  -2.2323407e-01   2.3187776e-01  -1.5710727e-01   8.5575831e-02  -1.6184628e-01   1.5629672e-02   2.3164658e-03  -2.7959545e-02   7.0458120e-02   4.1973886e-04   5.2636659e-02   4.8817176e-02   1.5759665e-01   4.1532597e-01  -3.1464275e-02   5.4372685e-02   2.8717645e-01  -1.1039763e-01   1.1770942e-01   2.2644297e-01  -1.2605543e-02   1.3949105e-03   5.9614360e-02   1.9856797e-01  -8.4111046e-02   4.9943075e-02  -1.6647505e-01   4.9735467e-02   4.1418542e-01   9.8282633e-02  -1.8084990e-01   4.2489089e-02  -1.8300382e-01  -6.6415055e-02  -1.3906696e-02  -1.9045669e-02   2.0894964e-01  -4.9012336e-02  -2.8934158e-02   1.3315046e-01   2.2123282e-02   3.2341101e-02   1.4965339e-01  -4.2568310e-02   3.5161213e-01   2.1013302e-01   2.7385105e-01  -1.7693201e-01   3.4281902e-01   1.0493617e-01   5.7648871e-02   2.1387816e-01  -2.4957105e-01  -6.7829328e-02   1.3207929e-01  -5.5159990e-02  -4.7197586e-02  -9.2789674e-02   1.3124661e-01   3.1488329e-01   1.3729039e-01  -2.5197729e-01   4.9496057e-01  -9.5479757e-02   1.8948817e-01  -8.6861671e-02   4.7777014e-01   1.7176308e-01  -1.4976053e-01  -1.2408532e-01  -8.6135155e-02   6.4388176e-02   1.5879560e-01  -7.4845181e-02   1.3975306e-01   3.6206987e-01   4.6625684e-02   1.9526410e-01   2.8052812e-01   1.4385642e-01  -1.3324099e-01   4.0252904e-02   2.0596069e-01   1.8070935e-01  -2.6369595e-01   8.5090751e-02  -1.3159544e-01  -3.8533606e-02   1.1276169e-01   2.0445603e-01
  -3.1767294e-01   3.1790529e-01   5.5536639e-01  -4.8360959e-01   4.8355515e-02  -9.9609868e-02   3.3702672e-01  -4.2361411e-01   1.7222366e-01   0.0000000e+00  -1.3052740e-01   2.0354211e-01   2.8682739e-02  -3.0101722e-02   2.3288865e-01  -3.0708240e-01   4.0351413e-01  -4.1890336e-03   1.6443549e-01   1.2235937e-01  -2.7949345e-01  -1.2054294e-01  -1.2192987e-01  -4.0941573e-01  -1.6881847e-01   2.7378575e-02  -2.2344167e-01  -2.7857481e-01  -4.8634446e-02  -2.8297124e-01   1.8559997e-01  -3.8079502e-01   3.1285496e-01   5.9121655e-01  -1.5134552e-01   4.5141196e-01  -1.8432069e-02  -5.5780515e-01  -1.4125007e-01   5.5598089e-01   2.0318207e-01   3.5149176e-01  -1.5551508e-01  -9.6520844e-02  -3.3307279e-02  -1.7888858e-01   8.7870585e-02   1.7652413e-01  -1.9958263e-04   4.7179865e-01   1.4758975e-01  -3.8995846e-01   1.1379056e-01   2.6237570e-01  -1.0203079e-01   1.0117861e-01  -2.9710296e-01  -8.2039673e-02   8.5517064e-02  -4.1223148e-01  -4.4573920e-01  -2.1916946e-01   6.1308068e-02   1.5432854e-01  -2.1235725e-01   4.0156796e-01   2.0275773e-01  -3.4873744e-01  -4.8117912e-01   2.3883692e-01   3.2089189e-01  -3.9313028e-01   2.3723074e-01   1.0638463e-02  -8.0969125e-02   6.6520889e-02  -4.8805897e-01  -2.0752804e-02  -9.2192323e-02  -3.8622816e-02   1.9850069e-02   6.3735815e-02   2.9317905e-01  -2.0687579e-02   4.8008359e-01  -2.6113404e-01  -1.2465129e-01  -1.2236149e-01  -3.7597267e-02  -5.0023867e-01   3.3156425e-01  -5.6152570e-03   4.3583383e-01  -1.5714110e-01  -4.1731181e-01   8.8337793e-02  -3.3886200e-01  -4.0541393e-02  -1.7099685e-01   3.7577443e-01   4.2764513e-01  -1.9110238e-01  -3.2230175e-01  -2.5233227e-04  -3.6393924e-01  -1.8919130e-01   2.2294822e-01  -3.9162317e-01   1.4243232e-01  -1.0630664e-02   7.1898273e-01  -5.4803285e-01  -4.8191180e-01  -3.8865145e-01   4.7278633e-01  -5.8160252e-02  -1.2118980e-01   1.9551108e-02  -1.9684814e-01  -4.0755560e-01  -5.2328234e-01   1.8165523e-01   5.1371885e-02  -1.8273926e-01  -4.3496307e-01  -4.4493660e-01  -2.2646023e-01  -3.1200749e-01  -2.1568601e-01   5.4959467e-01   1.4331166e-01   1.0285440e-01  -9.2486306e-02   3.1862999e-01  -4.9745242e-01  -5.0465196e-02   1.9962998e-01  -5.9919778e-02  -1.0789079e-01  -2.9223575e-01  -2.0887772e-01   2.6111176e-02  -3.2836484e-01   2.4750899e-01   6.2955332e-02  -8.5898014e-02   7.3281815e-01  -9.5018469e-02  -2.1349420e-01   4.7564276e-02   2.0612986e-01  -1.5987813e-01  -8.6597677e-02   2.9748110e-01   4.5429692e-01  -4.5288420e-01  -4.0337978e-01   1.6308124e-02   2.5260769e-01  -2.1699157e-01  -3.1279020e-01  -1.1496919e-01   2.9703585e-01  -2.8900558e-01  -6.9305942e-02   1.4335387e-01   4.3762323e-01  -2.9280674e-01   1.1848705e-01   2.6508708e-01   1.3569226e-01  -4.1553440e-01  -2.8331495e-01  -1.2650965e-01   1.7428923e-01   2.4329697e-03   2.9173911e-01
  -5.4399365e-02   7.0467524e-02  -4.0000597e-01   3.2695883e-01  -1.1452831e-01   1.7636750e-01   1.7730118e-01   2.6826413e-01  -8.4253659e-02  -1.3052740e-01   0.0000000e+00  -6.0150511e-02   2.2830030e-01   1.4622132e-01   3.6852719e-01   1.7881534e-01  -3.9039675e-01   5.8400264e-01  -5.1868801e-03  -1.1139274e-01   4.8016481e-01   2.8896017e-01   5.3352530e-01  -5.0335934e-02   2.5265181e-01   2.5750190e-02   1.8569830e-01   2.9007932e-01   1.9123212e-01   4.4087548e-01   3.6387389e-02   3.6110792e-01  -6.5605537e-02   1.6408505e-01   1.1203187e-01  -2.3382916e-01  -3.0696546e-02   2.4606571e-01   5.7344903e-02  -2.0402222e-01   1.5276899e-01   3.8726954e-02  -2.1926987e-01   1.6196506e-01   2.0277896e-01   1.1851550e-01   3.9974577e-01   2.7413717e-01   4.8847879e-02  -2.9146867e-01   4.4582476e-01   1.2180379e-01  -2.6097967e-01  -2.2967877e-01   1.6909825e-01   4.0674904e-01   1.4419496e-01   7.8364089e-02   1.6040857e-01   2.6923685e-01   6.3983403e-03  -9.0355236e-02  -3.5363318e-01   2.9048412e-02  -8.1632999e-02   3.5421846e-01   1.2851405e-02   8.1816799e-02   4.9601926e-01   1.4604489e-01  -1.2434737e-01   3.4633540e-01  -5.3037602e-03  -5.3864985e-02  -2.6237090e-02  -5.8574609e-02   1.4345064e-01  -7.7517941e-02  -3.1464668e-01   1.4312191e-01   1.4494435e-01  -4.8080931e-02  -4.0277016e-02   2.1961918e-01  -1.9032200e-01   2.8619739e-01   7.4745356e-02  -1.3690186e-01   2.7206862e-03   7.8740308e-02  -2.0389462e-01  -1.6888166e-01   1.6630685e-01   4.6968764e-02   2.0040593e-01  -2.2520474e-01   2.2993115e-01   1.3391864e-01   4.5282836e-02   2.4761799e-02  -1.0344508e-01   4.7671898e-01   3.1719381e-01  -1.5294783e-02   3.2009593e-01   1.1573095e-01  -1.3736294e-01   2.1648089e-01   8.5643683e-02   4.1942415e-01  -5.9178078e-03   3.0323120e-01   7.3067263e-02   1.7566783e-01   1.4625140e-02  -6.9798618e-02   2.5215699e-01   1.6828818e-01   2.6048448e-01   3.0846164e-01   5.8513233e-02  -1.9307799e-01  -2.6163635e-01  -1.4260845e-01   1.4587948e-01   4.2375198e-02   2.7116587e-01  -8.6603956e-02   9.3099517e-03  -1.4610171e-01   7.0082673e-02   2.8307954e-01  -5.4606597e-02  -8.5590142e-02   9.1715017e-02   6.3344021e-02  -1.6045838e-01   1.8416521e-01   1.2610106e-01   1.5556014e-01   1.2493554e-02  -1.3132066e-01   4.4246169e-01   8.8934354e-02   3.6715030e-01   1.5443585e-01  -3.1681792e-01   4.0832334e-01   4.7288483e-01   9.1462021e-02  -6.7718853e-02   1.0597389e-01  -6.8773350e-02   7.0894182e-02  -2.7957011e-01   1.4937581e-01   2.4718372e-02   2.3625394e-01  -2.2405371e-01   1.7410201e-01  -9.0048300e-03   3.5086500e-01   2.0914426e-01   5.0216200e-01   9.9386411e-02   4.5526046e-02   4.6818071e-01   1.8236912e-01  -6.7617446e-02  -1.3458035e-02  -1.3445197e-02   4.4699488e-02   2.0711142e-01   1.9771928e-01   2.6188920e-01  -2.1527568e-01  -8.7458054e-02
   4.7498126e-02   3.3315090e-01   4.3360576e-01  -1.7734458e-01  -2.3163185e-01   4.1833487e-02   5.3997995e-02  -2.2753131e-01   2.0969164e-01   2.0354211e-01  -6.0150511e-02   0.0000000e+00  -3.5592663e-01   6.7474550e-02   2.3373904e-01  -2.9458716e-01   3.8084732e-01   4.1251035e-02  -1.0000897e-01  -3.3763650e-02  -1.7569566e-01   1.7101806e-01   3.8097000e-02  -2.4642173e-01  -6.2319163e-02   2.0206411e-01   1.3570643e-01   1.4937941e-02   2.6519987e-01   1.3529007e-01  -1.3562926e-01   5.7688403e-02  -1.7328223e-01   1.5358019e-01   2.9851106e-01   5.2716770e-03  -1.3629587e-01  -6.2024684e-02  -4.6919437e-01   1.8473832e-01  -9.6433808e-02   1.4894925e-01   1.2957717e-01   1.5498898e-01   3.1877283e-01   3.3387437e-01  -2.3349117e-01  -3.2306118e-01  -3.7628969e-01   1.9482675e-01   1.4118089e-01  -1.5449950e-01  -1.5672787e-01  -1.0325868e-01  -1.8799105e-01   2.1728568e-01  -4.5819487e-01  -1.2049134e-01   1.6201971e-01   5.0203530e-02   7.4097136e-03   2.7440019e-01   1.7457251e-01  -5.4360490e-02  -8.1993041e-02   3.6740055e-02   4.1892885e-02  -6.0059677e-02  -9.1515822e-02   2.6416640e-01   5.8022957e-02   9.9248109e-03   5.8875312e-02   3.0588057e-01  -2.2527494e-04   2.2427499e-01   1.6092483e-01   1.1150982e-01  -3.7564643e-02  -1.8438693e-01   1.7020964e-02  -8.8217845e-02  -7.2570996e-02  -3.7946394e-02   4.4606591e-01   4.4155088e-02   4.2969112e-02  -1.8986462e-01   2.4312961e-01  -2.1899005e-01  -3.3808895e-01   1.7506382e-01  -1.4023801e-02   1.7941918e-01  -3.7406971e-02   1.5653042e-02  -6.5651781e-02   1.6129745e-01   1.8108634e-01   1.6835324e-01   6.5554380e-02   2.0852747e-01  -1.9446347e-01   2.1169303e-01   2.7525320e-02  -1.7504079e-02  -1.0433583e-01   1.0169436e-01  -1.5880767e-01  -3.0710678e-01   3.0193341e-01  -1.3331278e-01  -1.9701683e-01   9.4073765e-02   7.9108571e-03  -1.1031061e-01   1.6494361e-01  -8.3958361e-02  -5.4523033e-02  -1.3333035e-01   8.6359156e-03   2.0680782e-01   2.6892239e-01  -2.0549041e-01   1.3990291e-01  -2.5676667e-02   5.2020321e-01  -3.4993897e-01  -3.3046512e-01   3.2348300e-01  -1.5037295e-01   5.7573744e-02   3.3652011e-01  -2.0944012e-02  -1.3021500e-01   5.3475410e-03   1.6813290e-04  -3.4637708e-01  -1.0052720e-01  -2.8224587e-01  -3.4179866e-02  -1.4809367e-01   2.0478026e-01   2.4141161e-01   5.0745020e-01   1.9412753e-01   2.3824463e-01  -1.0520516e-01  -1.2271474e-01   6.2673417e-02   2.4369539e-01  -2.3502914e-01   4.7474895e-01   1.4594904e-01   4.2289608e-01  -1.2996674e-01  -2.2330608e-01   1.2539968e-01   2.4255281e-01  -2.0564701e-01   2.9592628e-02   2.9185041e-01  -5.3824271e-02   1.2003721e-01   6.6456567e-02   2.1029971e-01   4.5408166e-01  -1.1439874e-01  -1.1889213e-01  -2.3945031e-01   2.7350648e-01  -2.0032301e-01  -1.0144740e-01   2.3269078e-01   6.4531546e-02  -5.4424090e-02   8.0817465e-03
   4.0736700e-03  -1.2210196e-01  -9.5239408e-02   1.5435278e-01   2.9999719e-02   1.2258280e-01   2.0372326e-01  -2.4989881e-02  -2.1936980e-01   2.8682739e-02   2.2830030e-01  -3.5592663e-01   0.0000000e+00  -6.8613635e-02  -1.7002577e-01   4.2172491e-01  -1.4883482e-01   2.3616225e-01  -6.9013755e-02   1.5371760e-01   1.0380909e-01  -9.5187066e-02  -4.4876667e-02  -9.0401221e-02   1.4296671e-02  -2.6096119e-01   1.2560144e-01  -1.2184936e-01  -3.2245140e-01   1.6383473e-01  -6.2245779e-02  -5.6278680e-02   2.6564253e-01   2.2018570e-02  -3.7182935e-01   1.4872748e-01   3.7245355e-03  -5.2424900e-02   3.6201879e-01   5.5737900e-02   6.3639457e-01  -4.1150327e-02  -8.6712795e-02  -7.8302593e-02  -1.4746935e-01  -3.1766576e-01   4.5169900e-01   3.6663923e-01   2.0426071e-01  -4.3537593e-02   1.3676376e-01  -8.5729488e-02  -5.3682404e-02   1.9055537e-01   1.6662384e-01   1.7264443e-01   1.6366089e-01   8.6438132e-02   1.4138477e-01   1.1756238e-01  -2.5674476e-02  -9.1817398e-03  -5.1523249e-03  -3.1219298e-02   4.3402632e-02   1.1221795e-01   3.1118156e-01  -2.9126668e-02   9.3734980e-02  -1.4135866e-01   9.3015333e-02   5.6516112e-02   1.2898639e-01  -1.3244181e-01   1.2654468e-01  -2.2867242e-01  -2.6513478e-01   1.2843858e-01   8.1316481e-03   4.2165838e-01  -2.1900068e-02   2.4090529e-01   1.0784371e-02  -4.1653206e-02  -2.9871078e-01  -2.9364864e-02  -1.0330422e-01   6.8484134e-02  -1.7215911e-01  -2.8747599e-02   3.4110136e-01  -1.6887847e-01   1.5866987e-01  -3.0556089e-03  -1.2518268e-01   4.6782798e-02   2.6922072e-01  -2.0373015e-01  -9.1818312e-02  -2.2569068e-01  -1.9384322e-01  -8.8618888e-02  -2.4303359e-03  -6.3503660e-02   6.1477797e-02  -2.6756977e-01   1.5189136e-01  -5.8159659e-02  -3.0612708e-02   3.5306914e-01  -7.8519659e-02   8.6571423e-02   9.9146713e-02  -2.7026903e-01   5.4991813e-03   5.0588202e-03   1.8612558e-01   5.1314507e-01  -1.8784771e-01   2.1600019e-01  -2.5209804e-01   6.8320787e-02  -1.7538723e-01   7.0358908e-02  -3.1834107e-01   5.6520870e-02  -2.9443588e-01   9.2793198e-03   2.7488722e-01  -1.5996829e-02   3.6438316e-01   2.7057252e-02  -1.5916514e-01   2.3705629e-02   1.3351924e-01  -5.1909844e-02   8.9544419e-02   1.6740145e-01  -1.7761165e-02  -1.3831790e-01   3.1836426e-02   2.9803813e-01   1.0386166e-02   5.6939323e-03  -2.0822202e-01  -1.8816297e-01  -7.1474565e-02   2.5303887e-01   2.4689380e-01  -1.2035356e-01  -3.3285791e-01   2.5140206e-02  -4.4426658e-01  -5.5382422e-02  -1.5542604e-01  -9.6706587e-02   7.6181885e-03   3.5033716e-01  -2.7034294e-01   9.3870322e-02  -1.1378827e-01   4.7815041e-02   1.4541872e-01   6.0892508e-02  -5.4254209e-02  -2.3390369e-01   1.9711885e-02   1.3978398e-01   2.4333327e-03   2.4886609e-01  -6.2374422e-02  -1.2123740e-01  -7.4394158e-02   7.4178458e-03  -3.9922489e-02   7.2132796e-02   1.2666761e-01
   4.5481752e-01  -3.1664375e-01  -1.1999721e-01   2.0903352e-01  -6.1601648e-02   3.1996043e-01  -1.3160047e-01   1.9245735e-01   1.1224589e-02  -3.0101722e-02   1.4622132e-01   6.7474550e-02  -6.8613635e-02   0.0000000e+00   2.7352346e-01   1.3698871e-01  -1.9982099e-01  -1.2766625e-02  -3.5202057e-02  -6.9360446e-02   2.7575392e-01   5.4835318e-01   3.0361696e-01   3.3947107e-01   9.3413725e-02   7.2032804e-02  -1.3469973e-03   3.0232468e-01   4.9881749e-02   2.3779324e-01   1.1672842e-01   2.5778980e-01   9.0325642e-02  -1.2239829e-01   7.3080547e-02  -2.6731037e-01  -3.3631638e-01   1.4280088e-01   6.3016825e-02  -3.4641726e-01  -1.1285543e-01   1.1635409e-01   2.7874829e-01   1.5313590e-01   1.7837055e-01   2.3605089e-01  -3.1987016e-02  -2.3031570e-01  -1.4155787e-01  -2.1802061e-01   2.2784997e-01   3.9796171e-01  -2.2833357e-01   3.1247350e-03   2.6938966e-01   3.2502926e-01   1.8373269e-01   7.6260115e-02  -3.1864044e-02   4.9133014e-01   9.5922532e-02  -4.3703151e-02   1.0567459e-01   8.5784657e-02  -1.3389558e-01   7.3262134e-02  -1.2467075e-01   4.0995949e-01   1.3931164e-01   2.0622440e-01  -3.1844416e-01   4.0549355e-01  -3.2309304e-01   5.1540403e-01   3.2029071e-02   3.7969092e-01   5.1119200e-02   2.6138558e-01  -3.4012057e-01   1.3826012e-01   3.3379144e-01  -2.2583520e-01  -1.6181318e-01   2.4846755e-01  -6.1883527e-02   3.5783966e-01  -1.5028150e-01   3.9836725e-01   3.2320454e-01   2.4556696e-01  -3.6268369e-01   7.5206148e-02  -6.7771359e-03   8.6507771e-02   2.4961739e-01  -1.2225180e-01   2.3526031e-01   1.0179413e-01   5.4651124e-02  -4.1072004e-03   5.5523893e-02   5.1221873e-01   4.0597138e-01   2.7173535e-01   1.4685249e-01   6.0483361e-02   2.0037642e-01   5.7240033e-02  -1.7748271e-01   1.2021384e-01  -9.4786500e-02   3.3727107e-01   2.2554331e-01   3.5026312e-01   2.1669146e-01  -2.8102839e-01   5.3934019e-03  -1.8443081e-01   4.2231080e-01   2.1099004e-01   1.8021156e-01  -1.0195562e-01   1.8798212e-01  -3.3422067e-01   3.6408137e-01   5.6837741e-01   2.3757391e-01   1.7146875e-02   9.3229743e-02   3.4538724e-02  -1.3409803e-03  -2.5178371e-01   4.0178774e-01  -1.4335698e-01   4.0820611e-01   3.4766456e-01  -3.9016220e-02   9.7023038e-02   2.3858749e-01   9.3489393e-02   4.0194717e-01   1.1679073e-02   1.9554103e-01   2.8621142e-01   4.2975058e-01   2.7433768e-01  -3.1820290e-01  -8.5889861e-02   1.4634667e-01  -1.2109031e-01   1.8850439e-01   1.8850069e-01   1.3594755e-01  -1.1992490e-01  -2.1534445e-01   1.6933110e-01   8.2974592e-02  -1.1090391e-01   3.1669224e-02   3.2260968e-01   3.5051377e-01   2.8733993e-01   1.7471664e-01   2.5340432e-01   3.4743111e-01  -2.7198314e-01  -3.2747776e-02   2.0204380e-01   2.0425028e-01  -2.4929639e-01  -1.9761372e-01   1.6808594e-01   1.9391785e-01   1.2725765e-01   1.7971528e-02   1.7651077e-01  -1.7357628e-01
