   0.0000000e+00  -1.8477054e-01  -4.6874505e-01  -2.7058286e-01  -3.6259520e-01  -7.6006428e-02   2.1162126e-01   1.6865854e-01  -8.3019897e-02  -3.6673798e-01   1.5549632e-01  -2.0412868e-01  -3.8186552e-01   4.7869029e-01   4.5906691e-02  -1.9258300e-01  -3.6268112e-01   1.3607240e-01  -1.1228196e-01  -3.8048687e-01  -7.6937168e-02  -2.8278255e-01   1.6237038e-01   8.0601393e-01  -1.6790369e-01  -1.0134290e-01  -3.5720193e-01   5.9762323e-01  -1.1433968e-01  -2.6874396e-01   2.3552314e-02   4.4973010e-02  -2.5381281e-01  -1.0713918e-01  -1.5614235e-01  -2.4658214e-01  -9.9062112e-02   3.0821788e-01  -3.9552150e-02  -3.7633438e-01  -2.0008440e-01  -1.6730285e-01  -2.1592836e-01  -2.4540937e-01   1.9563909e-01   3.1744970e-01  -1.7767623e-01   4.5893201e-02  -3.4815319e-01  -4.9154383e-01   2.6796214e-01   1.2092509e-01  -2.0428570e-01  -5.8142395e-02   2.6913663e-01  -3.1693502e-01  -8.2231661e-02  -1.9016032e-01   2.6810854e-02  -1.3097243e-01  -1.4350950e-02   2.3933311e-02  -1.7644198e-01  -4.5049899e-02  -3.1967335e-02  -2.5614411e-01  -2.6319828e-01   5.2731495e-02  -2.5557477e-01   4.2673965e-02  -2.9435179e-01   2.8061708e-01   3.4398272e-02  -9.8216451e-02   7.2694795e-02  -2.0134002e-01  -1.7986875e-02  -2.5606032e-01  -2.5692067e-01  -1.8562105e-01   1.4104544e-01   1.6295728e-02  -1.9619668e-01  -9.0629371e-02   1.9513381e-01   4.6286709e-01   1.3974427e-01   5.5940107e-01  -3.0985604e-01   8.5936905e-01  -4.8919728e-01  -3.1505389e-01  -2.7350963e-01  -1.3913419e-01   2.7107039e-01  -3.3790993e-01  -1.3528725e-01   9.6080792e-02  -3.3166026e-01   6.5411615e-02   1.2915318e-01   2.3954590e-02  -2.8275008e-01  -3.6531383e-02   2.9531007e-01  -3.2327575e-01  -1.2493048e-01  -3.7573417e-01  -1.1111334e-01   1.7147636e-01  -2.4333245e-01   1.5342129e-02   1.1882241e-01   8.1327883e-01   1.3917745e-01  -2.7563883e-01  -8.2494615e-02  -1.9441212e-01  -7.5578890e-02  -5.5557285e-02   4.4873977e-01  -2.7541278e-01  -2.7044810e-01   4.8138097e-02   7.3228060e-01  -5.9880926e-02   3.7734541e-01  -8.5061868e-02   1.4106857e-01  -5.0247757e-02  -2.1097906e-01   2.6498427e-04   1.4768709e-01  -2.9702917e-01  -2.6725260e-01  -1.2456035e-01   1.4540949e-03  -2.1548739e-01   3.7285712e-01   5.3856248e-01   7.7492637e-01  -4.4781299e-03   3.9338917e-01  -3.7409604e-01   1.8308334e-01   1.1887492e-01  -2.2815407e-01  -5.5526700e-02   1.1320877e-01   5.2245336e-02   2.9879470e-01  -2.0733899e-01   2.4593788e-01   9.6231788e-02  -4.1239359e-01   7.7584716e-01   3.2814829e-01   3.8511399e-03  -4.2138516e-01   2.6903571e-01  -1.7190860e-01   1.8036250e-01  -1.9722490e-01   2.3791901e-01  -2.2481498e-01  -3.4115221e-01   1.4272927e-02  -2.1851540e-01   4.5177197e-01  -3.9958963e-01  -4.9308403e-02   3.1900195e-01   2.2672258e-01  -3.1465018e-01   6.7051460e-02  -2.8319837e-01  -2.1044989e-01
  -1.8477054e-01   0.0000000e+00   5.2012069e-02  -1.1731272e-01   5.2486349e-01   1.0658926e-01  -2.3892612e-01  -3.1626918e-01  -2.0155904e-02  -5.8346793e-02  -2.8569296e-01   4.2907995e-01  -2.7544801e-01  -3.0550645e-01   3.3109344e-01  -7.8596141e-02   1.4237594e-01   4.0510088e-01  -9.1445736e-03   6.5364581e-02  -6.5787653e-02  -2.6098734e-01  -6.6669223e-01  -7.5035631e-02  -1.9970076e-01  -6.6190412e-02   2.7162046e-01  -3.1444567e-01   1.5620350e-01  -1.3865096e-01  -1.2183710e-01  -1.5017663e-01   5.7690820e-02  -2.9160218e-01   3.3005786e-01   1.3217697e-01  -1.9424460e-01  -1.0855669e-01  -1.7550513e-01   2.9626527e-01  -2.6402236e-01   1.9535912e-01   2.9065110e-01  -4.2545859e-01   4.1433543e-01  -1.4732302e-01  -9.3560725e-02   4.5217607e-01  -2.1302609e-01   1.0957695e-01  -4.9887621e-01  -1.8421849e-01  -2.3139862e-02  -7.9705932e-02  -2.8968340e-01  -4.7202392e-01  -7.4934846e-02  -6.3133231e-02  -1.9433038e-01  -7.6963502e-03  -2.0148617e-01   4.5476464e-02   4.0491856e-01   4.5614920e-01   7.1419170e-01   1.0042333e-01   5.0239373e-03   9.0188791e-02  -1.8145016e-01  -1.4170911e-01   6.3566505e-01  -1.4758007e-01   1.1097540e-01   1.3686552e-02  -1.7671640e-01  -1.0493501e-02  -5.0311189e-02  -3.5996907e-01   6.6347325e-01  -2.3183132e-01  -4.1186160e-01   9.5362245e-02   4.9425075e-01  -1.3965950e-01   6.9765436e-03  -5.3936291e-01   5.2514809e-01  -2.3406137e-01   5.1877777e-01  -1.2299326e-02   2.9114510e-01  -9.1710154e-02   1.9320927e-01  -1.9513160e-01  -2.3494410e-01   1.0760474e-01  -2.5591498e-01  -5.2847829e-02   1.9534075e-01   3.3349085e-02  -2.5808406e-01  -4.4935100e-02  -3.2208630e-01   3.1285359e-01  -1.7856339e-01  -2.6549855e-01  -1.4694119e-01  -1.8645622e-01  -3.2393930e-01  -2.9956947e-01   1.9674864e-01  -4.7767998e-01  -2.2365473e-01  -1.8475473e-01  -3.3622374e-01   7.5055647e-01  -3.8854126e-01   8.9594734e-03  -3.8305758e-01  -2.0283666e-01  -1.7914849e-01   6.1540209e-01   5.9017225e-01   6.7924668e-01  -8.7015444e-02   2.5354309e-01  -4.9857728e-01  -7.9342377e-02  -3.3137466e-01  -1.1230754e-01  -3.4283441e-01   1.6279899e-01   4.4514735e-01  -5.2282645e-01  -5.2737201e-02   2.1677160e-01  -5.0621766e-02  -3.2870714e-01  -1.5785552e-01  -3.4877888e-01  -2.0685554e-01  -6.5759879e-03  -1.8038445e-01  -1.0019071e-02  -2.5272084e-02   2.8632763e-01   7.3027955e-02  -1.9050658e-01  -6.2257558e-02   3.6528925e-01  -1.0017487e-01  -4.9159845e-01   2.4450195e-03   6.2263770e-01   5.5411796e-01  -1.6907117e-02  -2.4676313e-01  -2.4075974e-01  -1.8599008e-01  -2.5679051e-01   1.4898077e-01   7.1995285e-02   2.5739716e-01   3.3282397e-02  -5.7080370e-02   5.2407474e-01  -9.8408320e-02  -3.1596420e-02  -1.8350432e-01   4.6101062e-01   2.5180454e-01  -2.4883173e-01   4.0231309e-01   9.7387766e-02  -7.3820010e-02   1.3736157e-01  -2.0901704e-01
  -4.6874505e-01   5.2012069e-02   0.0000000e+00  -4.0246741e-02   4.3606950e-01   2.6669866e-01  -4.8096193e-01  -4.0377936e-01   5.6841745e-03   2.0886741e-01  -4.6749807e-01   1.2423192e-01   2.3569685e-01  -1.5337709e-01  -1.3065720e-01  -7.4190736e-03   8.5971137e-01  -3.7869888e-01   1.0529880e-01   5.0240765e-01  -3.3099101e-01  -6.0724142e-02  -2.1152899e-01  -2.8828454e-01   2.1650225e-01  -1.6745407e-01   2.3310740e-01  -3.5535110e-01   1.3691644e-01  -2.9436634e-01  -7.5195947e-02  -2.7818724e-01   2.7556089e-01  -3.0756364e-01  -2.2618777e-01   5.1305695e-02  -2.1727005e-01  -1.9294477e-01  -9.6759376e-02   5.4962677e-01   1.2802317e-01   1.6151319e-01   3.9662867e-01   1.6350493e-01  -3.7576900e-01  -1.1946605e-01  -1.5274452e-02  -4.5223911e-01   9.0067758e-02   7.8747495e-01  -3.3985445e-01  -3.2696643e-01  -1.9333832e-01   2.7503025e-01  -3.7642610e-02   2.5851823e-02  -1.6934277e-01  -1.7802841e-01  -1.5958921e-01  -8.2548638e-02   1.5615479e-01  -1.8212185e-01   2.3180517e-01  -3.7262186e-01  -1.2999607e-01  -2.3947832e-02   3.0320241e-01   2.1884745e-02  -1.8486716e-01   4.5696363e-01   1.5606580e-01  -5.1791402e-01  -3.5690857e-02   4.6162461e-01  -2.0869537e-01   4.0491957e-02   3.3400689e-01  -4.1142818e-02   2.8395299e-01   7.5412324e-02  -1.8172570e-02   8.4359078e-02   2.1401993e-01   8.4714469e-02   2.7149570e-01  -4.1455181e-01  -3.2081563e-01  -1.0201197e-01   3.8442156e-01  -3.7304495e-01   5.5250695e-01   5.4362508e-01   5.3211639e-01  -7.2120454e-02  -2.9981967e-01   4.8684966e-01  -1.1265387e-01  -2.1412403e-01   9.2749268e-02  -3.9847498e-01   2.3304470e-01   9.9584713e-03   6.1837938e-02   1.4125527e-01  -5.4833463e-01   9.3095454e-02   3.3181290e-01  -4.8889292e-02   1.9171083e-02  -1.9809434e-01   4.8281434e-01  -2.1018648e-01  -4.6849606e-01  -3.0745519e-01   2.3962701e-01   1.5410001e-01  -2.4109699e-01   2.1427536e-01   2.4815739e-01  -2.1754693e-01  -2.4055038e-01   4.3154430e-01   2.7514196e-01  -2.6413169e-01  -3.1404252e-01   1.1096533e-01  -4.6145782e-01  -5.8488032e-02  -4.2557453e-01   5.1211248e-01   2.6395623e-01  -3.2954393e-01   2.7363946e-02   4.0773513e-02  -1.5842306e-01  -2.4135572e-01  -7.7126203e-02   5.9572034e-02  -6.1509270e-01  -2.2064414e-01  -4.1218338e-01   5.5024983e-02  -6.6205422e-01   6.3047857e-01  -2.9678741e-02  -5.4489639e-01   2.4134789e-01  -3.8448224e-02  -4.1160247e-01  -4.0697542e-01   3.3094646e-01   1.6411466e-01   2.0611359e-01  -2.5337252e-01   7.0190518e-01  -3.3347093e-01  -2.8147589e-01  -8.8885318e-02   3.5735498e-01  -1.3167474e-01  -2.6210351e-02  -5.1940037e-01  -2.5261602e-01  -4.8041816e-01   2.0145333e-01   2.4385824e-01  -3.3679634e-01   6.7631802e-02  -1.0086853e-01   3.0726177e-01   2.1425255e-01  -1.4084853e-01  -3.6604481e-01   3.5427059e-01   5.5851863e-02   1.8102411e-01  -1.0658685e-02
  -2.7058286e-01  -1.1731272e-01  -4.0246741e-02   0.0000000e+00  -2.5107903e-01   5.6541229e-02   3.7495628e-02   1.8987699e-01   3.0025559e-01  -1.2244454e-01   5.7799036e-02  -1.5218009e-01   3.1680672e-01   2.3654240e-01  -2.1703718e-01  -6.4552082e-02  -8.2054780e-02   2.9547254e-02  -1.2302513e-01  -3.1887657e-02  -6.1946892e-02   6.7202721e-01   1.6792783e-02  -2.8344893e-01   1.0910270e-01   1.4688839e-01   1.5091397e-01  -2.4825880e-01  -8.9506735e-02   4.6942278e-01  -8.0589861e-02   4.7715940e-01  -1.4432238e-03   8.7632435e-04  -8.2416948e-02   4.6665037e-02  -3.4152980e-02   7.0993403e-02   6.8582110e-03  -1.5953862e-01   2.5022862e-01  -1.4092591e-01  -2.0830195e-01   1.3209890e-01   4.0780083e-02   9.2698445e-03   2.8442911e-01  -2.9592225e-01   2.6106818e-01  -2.8104983e-02   1.9434528e-01   2.1043671e-01  -1.5736793e-01  -1.4485194e-01  -1.4597929e-01   2.5057177e-01   3.8054224e-01   2.9469590e-01   3.5434632e-01   4.4164730e-01   9.9420089e-02   7.7481347e-02  -8.6866326e-03  -1.3880445e-01  -1.5367760e-01   3.7562580e-02   1.7574626e-01  -3.8127870e-01   4.2539655e-01  -6.1702468e-03  -3.0550308e-01   3.0128018e-01   1.5898504e-02  -3.4301881e-02   2.4771889e-01  -1.0918974e-01   6.6178818e-02   4.6127141e-01  -1.4382706e-01   1.2484771e-01   4.6268306e-02   1.1472783e-01  -3.2980252e-01   2.7910200e-01  -1.9742481e-01  -6.2575892e-02   1.7717614e-01  -2.6495097e-01  -7.9912360e-02  -3.0358789e-01  -7.3741236e-02   1.1953934e-01  -1.3964467e-01   3.6418020e-01   6.7721000e-02  -1.6595331e-01   1.8851979e-01  -2.3099210e-02   2.4410333e-01  -2.0784914e-01  -2.9058592e-01  -3.8206967e-01   2.3358428e-01   2.7329940e-01   1.5191228e-01   5.6704350e-01   5.1690902e-02   3.8063630e-01  -3.0982572e-02   1.0606986e-01  -9.1223150e-02   4.3172901e-01   5.8284673e-01  -3.1490131e-01  -2.7847245e-01   2.5923433e-04   3.0387016e-01   1.4802013e-01  -7.3151868e-02   6.9898310e-01  -1.8518724e-01  -8.5102771e-02  -1.9487608e-01   3.9566186e-02  -3.6602505e-01   2.0490121e-01  -5.4875243e-02   5.7399716e-02   5.6935447e-01  -8.7855707e-02   5.7435485e-02  -1.3539528e-01   2.2645725e-02   2.1408188e-01   5.3308495e-01   2.0799536e-01   1.4932199e-03   4.6042633e-02   1.4205910e-02  -1.0612566e-01  -3.3178785e-01   1.1584500e-01   8.4141321e-02   7.4587622e-02  -5.1391302e-01  -5.8521833e-02  -2.8740961e-01  -4.2779917e-03   3.9443314e-02  -2.1576431e-01  -2.6957486e-01   7.0420051e-02  -2.0718881e-01  -2.4757146e-01  -1.8897590e-01  -2.6691858e-01   5.9194750e-02   2.1879464e-01   2.5394837e-01  -1.4145917e-01  -4.0058814e-02   1.8773634e-01  -1.2595925e-01   1.8476878e-01   5.1609607e-01  -1.0426362e-01  -8.9629464e-02   2.7606438e-01  -1.2195385e-01  -1.0942095e-01  -1.5147795e-01   8.2749400e-02   1.0943278e-01   2.2116217e-01  -7.4455252e-02  -1.7215678e-01   6.5078122e-01
  -3.6259520e-01   5.2486349e-01   4.3606950e-01  -2.5107903e-01   0.0000000e+00   8.5810035e-02  -4.3186413e-01  -6.0379896e-01  -5.1709365e-02   3.0030050e-01  -4.2316521e-01   4.5419100e-01   9.7825865e-02  -5.1812232e-01   1.9074686e-02   2.1325657e-02   4.9966470e-01   8.5311869e-02   1.2985636e-01   6.0201977e-01  -6.9548632e-02  -3.8747751e-01  -4.4828987e-01  -2.8039456e-01  -1.5766402e-01  -2.5323484e-01   5.3272885e-01  -5.2767109e-01   2.1981700e-01  -2.9783799e-01  -2.2538637e-01  -2.4791632e-01   1.8030899e-01  -2.4142982e-01   1.0724282e-01   4.5389950e-01   9.8389317e-02  -2.4840469e-01  -5.0816274e-02   5.6301004e-01   1.0148825e-01   2.0162919e-01   3.7399382e-01  -2.5016772e-01  -6.8075833e-02  -3.4234519e-01   1.4870554e-01   1.9404595e-01   1.7399266e-01   4.7641791e-01  -3.1727482e-01  -3.6878624e-01   1.5934405e-02   2.2018470e-01  -1.6296297e-01  -2.1202844e-01  -2.1190826e-01  -1.1643573e-01  -1.6293633e-01  -1.3559718e-01  -1.5215688e-01   1.1603575e-01   3.3468495e-01  -3.2117610e-02   3.9708958e-01   2.6207291e-01   1.0658562e-01   5.8198664e-03  -1.7743192e-01  -2.2288571e-01   5.7280286e-01  -3.2000383e-01   2.2070550e-01   2.5021635e-01  -1.6173344e-01   1.5530682e-01   4.7436955e-02  -2.8545068e-01   5.7855517e-01   5.0206223e-02  -4.5614100e-01  -2.2764029e-02   4.8307182e-01  -2.7601646e-01   1.2978104e-02  -6.6048545e-01  -1.3723494e-01  -3.5589504e-01   4.2264102e-01  -2.9980067e-01   6.4114758e-01   1.9953960e-01   5.3616808e-01  -7.1033770e-02  -3.2887506e-01   5.8363596e-01   5.8728650e-03  -1.0082825e-01   3.0362907e-01   1.0236743e-01  -1.4884843e-01  -1.3794301e-01  -3.0615297e-01  -1.5930631e-02  -2.7153150e-01  -1.9542173e-01   1.7968343e-01  -1.8739433e-01   1.2998183e-01  -3.8250477e-01   3.3819891e-01  -5.0982830e-01  -4.9511913e-01  -2.9349448e-01  -2.6638701e-01   5.1893576e-01  -5.0924044e-01   2.0509424e-01  -2.7328658e-01  -1.7582100e-01  -3.5137791e-01   5.0729956e-01   4.1767325e-01   8.0686948e-02  -2.6949480e-01  -1.8463175e-01  -4.6881532e-01   1.1330688e-01  -4.9179339e-01  -1.0071356e-01  -1.8684620e-02   1.2171493e-01   2.4482048e-01  -2.2998805e-01  -1.7583449e-01  -1.0360024e-01   6.9655865e-02  -2.8222364e-01  -4.4764480e-01  -3.8691459e-01  -3.1811071e-01   4.9382987e-02  -5.4386423e-01   9.7966290e-02  -1.5451992e-01  -1.2510693e-01   1.8599118e-01  -1.5731782e-02  -1.5292048e-01   2.9923013e-01  -5.6644529e-02  -3.1581373e-01   4.4898736e-02   2.5842032e-01   5.7087203e-01  -2.5954602e-01  -3.8404535e-01  -2.0203486e-01   1.0299111e-01  -2.9444148e-01  -2.0461664e-02  -3.7047078e-01   1.6970924e-01  -2.7643650e-01   2.1478747e-02   3.5051949e-01  -1.6090238e-01  -1.2367699e-01  -2.6114346e-01   5.7853829e-01   3.6280325e-01  -3.0168067e-01   3.5026923e-02   3.8150359e-02  -1.2337647e-02   2.1759865e-01  -2.0873282e-01
  -7.6006428e-02   1.0658926e-01   2.6669866e-01   5.6541229e-02   8.5810035e-02   0.0000000e+00  -7.0649530e-02   9.1263680e-02   2.5188691e-01   1.3102869e-01   5.8599199e-03   2.4022963e-01  -2.6096474e-02  -7.1937310e-03   2.3505348e-01   2.2884580e-01   2.9679183e-01  -8.8164851e-02   2.7768138e-01   1.3935416e-01  -2.4550041e-01  -1.0332126e-02  -1.3806932e-01  -5.9042263e-02   6.3625056e-02   2.7948955e-01   3.0181907e-01  -1.4660712e-01   1.5525820e-01  -1.7967748e-01  -1.7097087e-01  -1.8901597e-02   2.5838626e-01   3.5459116e-02   7.0619915e-02   1.0155125e-01  -3.8272955e-01  -9.6546980e-02   1.7125935e-01   2.7969479e-01   1.2375605e-01   9.8876795e-02   2.6894080e-01  -1.3394435e-01   5.5993117e-02   1.4427465e-02   3.3446725e-02  -1.0409255e-01  -3.8966894e-01   1.6938265e-01  -1.6039329e-02   2.9060573e-01  -1.3882339e-01   7.1901501e-02  -5.7733042e-02  -2.1483199e-01   2.6974957e-01  -1.1427630e-01  -1.5457426e-01   4.0123427e-01   6.8305750e-02   5.9945796e-02   1.2657902e-01  -2.2066847e-01  -2.3938409e-01   1.9491143e-01   6.4704715e-01   1.6519648e-01   6.3100862e-02   2.8309303e-01   2.6139295e-02  -2.1477413e-01  -7.5492430e-02   2.7206916e-01  -1.3385828e-01  -2.1256306e-01   1.2643353e-01  -1.2525588e-01   4.2265317e-01  -6.5828985e-02   6.6020601e-04   9.2122610e-02  -9.5461488e-02   2.9657525e-01   1.2385935e-01  -1.8368315e-01   3.0922745e-02  -2.8313970e-01   5.7151295e-02  -6.9370275e-02   1.6553953e-01   2.0417703e-01   3.7872856e-01   1.9211858e-01  -2.5394188e-01   8.2668115e-02  -9.7833657e-02   9.9859587e-02  -2.4905104e-01  -2.8168363e-01   9.0930336e-02   1.2384441e-01  -1.2466993e-02   3.1127677e-01  -1.0651502e-01  -1.2490057e-01  -2.0276671e-01   1.2260965e-01  -1.1353699e-01   9.9585031e-02   1.9532804e-01  -4.4995960e-02  -5.6038743e-02  -4.4211027e-02  -1.0005539e-01   1.8018099e-01  -5.0128246e-02  -2.2861665e-02   8.2213897e-02   3.6186750e-02  -1.4030718e-01   3.7698230e-01   3.0989038e-01  -1.0300418e-01  -1.1947476e-01   4.8498694e-01  -3.2785255e-01  -2.7751255e-01  -3.4304275e-02   3.3197155e-01   2.3269107e-01  -1.5088462e-01  -4.2183920e-02  -2.3661623e-01   1.8538320e-01   2.9937601e-02   1.1746550e-01  -1.1721311e-01   9.0210411e-02   5.7185342e-02  -2.7960278e-01  -1.1945154e-01   5.7447004e-02   3.6540149e-01  -1.0723896e-02  -3.8508112e-01   1.2323655e-01   1.0537751e-01   1.1498505e-01  -4.2359565e-01   9.3031035e-02  -1.6214756e-02  -9.2791368e-02  -1.6833943e-01   3.6387824e-01   9.5220728e-02  -1.3697853e-01   1.1827231e-01   1.1211558e-01   1.4344867e-01   1.3797307e-01   8.9649032e-03  -2.5866860e-01  -1.0537370e-01   2.5448475e-01   1.8728851e-01  -2.4277556e-02   2.0366790e-01  -7.3859776e-02   2.0211212e-01   4.0575566e-01  -9.1652835e-02  -2.1445379e-01   7.0592632e-01   2.5956563e-02   9.2574139e-03   7.1243117e-02
   2.1162126e-01  -2.3892612e-01  -4.8096193e-01   3.7495628e-02  -4.3186413e-01  -7.0649530e-02   0.0000000e+00   2.3513161e-01   1.3020297e-01   1.5087478e-01   4.7061301e-01   1.1372649e-01   2.9191408e-03   1.8600590e-01   3.9091980e-01   8.2351004e-02  -6.7766855e-01   2.0447509e-01  -1.8931122e-01  -2.9761315e-01   2.8877383e-01   3.0145291e-01   6.5857541e-01   4.7175669e-02  -1.0072314e-01   3.6877671e-02  -1.9213991e-01   3.5772838e-01  -3.1199324e-01   6.6415710e-01   1.1508930e-03   2.0235088e-01  -7.4663849e-02   6.1909994e-01   3.8188781e-01   4.6829914e-02   2.5052050e-01  -4.8670916e-02   2.0554730e-01  -4.7177381e-01  -4.4108210e-03   8.8637978e-02  -4.0552635e-01  -1.2971061e-01   3.4838787e-01  -8.8212749e-02   9.3558012e-02   4.2943668e-01  -2.0165243e-01  -5.7326485e-01   6.0970716e-01   1.4569144e-01   7.6837721e-02  -3.0459639e-01   2.7136935e-02   3.1931275e-02   1.5101458e-01   1.5974555e-01   2.5924745e-01   2.8327557e-01  -2.7135252e-01   2.9237646e-01  -6.3128962e-01   2.3366918e-01  -2.5601175e-01   2.0736991e-01  -5.4819032e-02   4.3396008e-02   1.9290062e-01  -1.4974291e-01  -3.1476143e-01   5.9232878e-01   6.6707786e-02  -4.0810928e-01  -1.2565971e-01  -9.5414975e-02  -5.1898109e-01  -1.6485668e-02  -1.5032283e-01  -8.5945232e-02   2.5343474e-01  -3.6511338e-02  -5.3925308e-01  -2.7199370e-02  -3.6582625e-01   6.5579231e-01   3.7926370e-02  -6.3869242e-02  -5.7812455e-01   8.7069343e-02  -5.7124290e-01  -4.5213740e-01  -3.0266720e-01   2.4675608e-01   3.4197712e-02  -4.6027109e-01   1.6595278e-01   2.8863126e-02  -2.4420271e-01   6.0117681e-01  -2.4382606e-01   2.3240615e-01   2.1127479e-01   3.5162109e-02   7.3972746e-01   5.8950024e-02  -3.6510419e-01   1.4943118e-01  -5.1679033e-02   3.5770218e-01  -5.2131255e-01   4.9415274e-01   2.7913965e-01   1.5101849e-01  -1.7852667e-02  -2.2255381e-01   3.2689805e-01  -6.6176913e-02  -1.8514556e-03   7.0516654e-02   1.3508543e-02  -3.1233757e-01  -3.2526125e-01   2.6223233e-02  -8.2857963e-04   1.6048615e-01   6.5872791e-01  -2.5675813e-01   3.8410493e-01  -3.3122902e-01   1.9956503e-01   2.0519898e-01  -4.5063603e-01   8.5311661e-02   1.8286428e-01   1.2539681e-01  -2.0616245e-01   1.9198417e-01   4.2992428e-01   3.0901523e-01   2.8109874e-01  -7.1099839e-02   4.1564503e-01  -2.4388190e-01   2.0623373e-01   5.0510005e-01   1.1350772e-01   5.5416885e-02   6.6276992e-01   2.9698416e-01  -3.0380900e-01   1.7011886e-01  -2.7376904e-01  -9.5931559e-02  -5.4727212e-01   1.8321350e-02   2.1070496e-02  -5.0473526e-02  -2.2131473e-01   1.4232835e-01  -6.0145982e-02   2.8654783e-01   9.1175861e-02   5.1744679e-01  -3.2736920e-02  -1.3481815e-01   4.3111612e-01   8.0462141e-02  -1.3293799e-01  -6.1899526e-01  -2.8827819e-01  -1.3946277e-01  -2.2114967e-02   2.2460247e-02  -2.1156304e-01  -1.3871109e-01   9.2937937e-02
   1.6865854e-01  -3.1626918e-01  -4.0377936e-01   1.8987699e-01  -6.0379896e-01   9.1263680e-02   2.3513161e-01   0.0000000e+00   7.0059409e-02  -3.5539664e-01   5.1118905e-01  -4.7419616e-01  -1.4771013e-01   3.4099529e-01  -2.7958038e-01   2.1517121e-01  -3.6459707e-01   1.6005752e-01  -1.8981965e-02  -5.9219002e-01   8.8804231e-02   3.3651504e-01   2.6969362e-01   1.6819428e-01   7.0042604e-02   4.8710480e-01  -3.8105248e-01   4.9683824e-01  -1.5128874e-01   1.8381054e-01   3.1439749e-01   3.5220877e-01  -3.2801925e-02   1.6037344e-01  -8.3540238e-02  -3.3465874e-01  -2.1619306e-01   6.8549913e-02   2.0515257e-01  -4.1418579e-01  -1.2115154e-01  -2.0777361e-01  -2.8832110e-01   2.6314326e-01  -5.2383043e-02   1.9014337e-01  -8.3051950e-02  -1.6802460e-01  -1.5528366e-01  -4.2268173e-01   1.0994046e-01   6.8148654e-01   1.7002318e-01  -2.1557184e-01   1.7669274e-01   2.9225698e-01   2.4405879e-01   2.2462820e-01   5.6667389e-02  -3.8579927e-02   1.5624458e-01  -7.7007685e-02  -7.9070453e-02   1.4220853e-01  -1.9928649e-01  -3.2719265e-01   1.9676298e-01   9.9725637e-02   3.1646897e-01  -5.7103080e-04  -3.4379785e-01   1.5036448e-01  -5.3483708e-02  -2.4222072e-01   1.7144762e-01   1.2943769e-01  -6.0292909e-02   2.0544499e-01  -4.3963746e-01   1.2295919e-01   5.9012449e-01   9.2668169e-03  -2.2073143e-01   6.0273566e-01  -2.1143750e-01   4.5749706e-01   2.5125398e-01   2.0610252e-01  -2.2617121e-01   7.2867735e-02  -3.5547795e-01  -4.0534705e-02  -5.4830842e-01   3.1250861e-02   1.1187954e-01  -4.3149247e-01  -4.2670087e-02   2.6520475e-01  -1.9297441e-02  -1.9206822e-01   4.8232404e-02  -1.4204201e-01   5.1811352e-01  -9.2096134e-02   1.3263746e-01   1.4884978e-01  -2.2819641e-01   3.8295754e-01   1.0675009e-02   2.5340155e-01  -1.6681053e-01   4.2296446e-01   3.6453289e-01   8.2729760e-02   1.8673065e-01  -2.0583164e-01   5.6141090e-01  -1.4433824e-01   3.1934471e-01   1.6901339e-01   2.6656555e-01  -4.0555005e-01  -2.7839257e-01  -1.8413692e-02   1.0080833e-01  -5.3174399e-02   2.5340345e-01  -6.6213653e-02   3.7743505e-01   5.7110694e-03   8.1846768e-02   2.6381427e-02  -9.2408482e-02   7.9772874e-02   1.6536074e-01   4.9859412e-01   1.2746913e-01   3.7528126e-01   4.5768556e-01   2.8713008e-01   1.0232054e-01  -2.5305340e-01   4.6227662e-01  -2.0870349e-01  -2.9755466e-02   9.0787639e-02  -1.6439308e-01   2.2525275e-01   2.3313228e-02  -2.2120774e-01  -1.3207362e-01   4.1406649e-01  -3.0014628e-01  -1.1683122e-01  -4.0806792e-01   1.4056598e-01   3.0826002e-01   1.8407461e-01   2.2342687e-02   5.4440297e-01   1.6121003e-02   4.2134117e-01   7.0947256e-02   3.0811782e-01  -3.0052247e-02  -3.7879611e-01   2.5475094e-01   3.4263591e-01   6.4321818e-02  -2.4675755e-01  -2.0335968e-01   9.5655172e-02   1.7414809e-01   1.5374655e-02  -2.1861105e-02  -1.0891405e-01   1.7168140e-01
  -8.3019897e-02  -2.0155904e-02   5.6841745e-03   3.0025559e-01  -5.1709365e-02   2.5188691e-01   1.3020297e-01   7.0059409e-02   0.0000000e+00   1.8101892e-01   9.3757725e-02  -1.2932520e-01   5.7157079e-02   1.9434368e-01   9.5298609e-02   4.2336315e-01  -1.2536064e-02   1.2362065e-01   2.1571240e-01   1.6349586e-01  -4.1428954e-03   4.4531943e-01  -2.3760535e-02  -5.3907813e-02   6.4497615e-02   3.4941862e-01   2.0925355e-01  -1.8009514e-02   6.9036474e-02   2.1492546e-01  -4.9048367e-02   3.5472733e-01   3.3222835e-01  -4.5955355e-02   1.0514935e-01   2.6029568e-01   3.0209262e-02  -1.6028802e-01   4.1651716e-01  -1.7320092e-01   3.2170884e-01   3.1956573e-01   2.9504810e-01  -1.2986010e-01   2.2043173e-01  -8.4603313e-02   1.0810855e-01   4.4399261e-02  -9.8985505e-02  -3.9827428e-02   1.6363914e-01   1.0906088e-01  -1.0258991e-01  -1.0786237e-01  -1.2770877e-01  -1.4100495e-01   3.0631339e-01   3.5405784e-01   5.8012812e-02   5.5802126e-01   7.2622848e-02   3.9852836e-02   1.3440317e-01  -9.2135981e-02  -1.3019291e-01   8.9565449e-02   1.6410348e-01   1.6115631e-01   2.0708320e-01  -2.3832995e-02  -1.2847985e-01   5.1940675e-02   7.6070277e-02   6.8987022e-02  -2.8210412e-01  -5.8781772e-02  -1.0531493e-01   4.7079742e-02   1.0827623e-01  -1.3658428e-02   1.3182301e-01   8.6200793e-02  -2.5082596e-01  -7.8737008e-02  -2.5007986e-01  -3.7860410e-02   2.0569212e-01  -8.6023721e-02  -1.3185127e-02  -1.3698735e-01   1.9265805e-02  -1.4666140e-02   1.4092596e-01   5.1926122e-01  -1.0475215e-01   1.1601622e-01   3.3276919e-02   1.7396397e-01  -2.0123081e-01  -6.1523454e-02  -2.1208586e-01  -1.6862148e-02   1.9232311e-01   4.4408968e-01   4.5582534e-02   3.5564762e-01  -9.0905498e-02   2.8897768e-01  -2.6739729e-02   2.3699949e-02  -8.3926949e-02   3.1166848e-01   7.1247007e-02  -2.1633088e-01  -1.2155506e-01   2.2675959e-02   1.2539297e-01  -8.9267688e-02  -1.9834076e-01   8.9150649e-02  -2.3791424e-02   6.8673771e-02   2.4218499e-01   4.0695738e-02  -1.8912685e-01   2.2673056e-01  -1.1155356e-01   8.0430007e-02   2.1236522e-01  -8.1934421e-02   2.0606883e-01   7.1608686e-02   1.9265988e-02  -6.5648451e-02   5.4319873e-01   1.8432167e-01  -4.9277037e-02  -7.3232851e-02   6.8167269e-02   4.5070989e-02  -1.8458292e-01   1.0932170e-01   5.2304679e-03  -5.4179777e-02  -1.5507446e-01   3.2862634e-02  -1.8704514e-02   7.1874091e-02   5.5154556e-02  -5.2880994e-04  -2.6485006e-01   3.6350401e-02  -9.5577971e-02  -1.6182648e-01   1.1096543e-03  -1.2490218e-01  -1.0006628e-01   6.6474445e-02   8.9119995e-02   1.2868581e-01   1.4193919e-01   2.2593210e-02   4.9486727e-02   3.7079837e-02   3.8945378e-01   2.2022302e-02   7.1104734e-04   3.6710469e-02  -1.7960662e-01  -1.3702608e-01   3.8733957e-02  -2.1574768e-01  -6.4276161e-02   3.4739961e-01  -7.6462118e-03   2.4095594e-01   4.6054949e-01
  -3.6673798e-01  -5.8346793e-02   2.0886741e-01  -1.2244454e-01   3.0030050e-01   1.3102869e-01   1.5087478e-01  -3.5539664e-01   1.8101892e-01   0.0000000e+00   1.1783288e-01   4.9927700e-01   3.8172266e-01  -6.0401814e-01   3.7648821e-01   1.1929723e-01   1.5585461e-01  -9.0778176e-03   6.8046875e-02   4.3797839e-01   2.3594564e-01   2.1125938e-04   1.6167674e-01  -4.5599841e-01  -1.4139363e-01   3.1030365e-02   1.6977760e-01  -4.2126058e-01  -1.4955601e-01   8.8403417e-02  -2.8985286e-01  -1.4915703e-01  -9.2134809e-03   5.5234560e-01   2.2204305e-01   5.5892372e-01   1.5710380e-01  -2.3022044e-01   2.0606315e-01   1.5604099e-01   2.6200704e-01  -8.2844658e-02   7.1904356e-02  -1.7732270e-02   2.8958167e-02  -2.4298045e-01   2.1961263e-01   2.1168252e-01  -1.5107757e-01   1.6923680e-01   1.6997739e-01  -2.0633035e-01   1.3472296e-01  -2.5141096e-01  -2.7543705e-01   5.4074264e-03  -1.2286594e-01   1.2740430e-01  -5.0535935e-02   2.9607896e-01  -4.4359870e-02   8.2817196e-02  -1.7703203e-01  -3.7554925e-02  -1.3770713e-01   7.8991633e-01   2.6508679e-03  -2.5338935e-01   4.2301164e-02  -1.7856045e-02   9.2481571e-02  -2.1110417e-02   2.0508943e-01  -5.6978984e-02  -2.2829912e-01  -6.4313597e-02  -8.0043962e-02   1.3540983e-02   1.8288962e-01  -1.2278640e-01  -3.4242335e-01   7.1062935e-02  -9.2689508e-02  -2.3886925e-01  -2.8722708e-01  -1.4574227e-01  -3.9437550e-01  -5.1611062e-01  -1.8402632e-01  -4.0748744e-01   1.3846038e-01   6.1450921e-03   4.4013548e-01   1.9157957e-01  -1.7609563e-01   1.1795259e-01   2.3727628e-01  -1.1474880e-02   4.5987422e-02   3.9740576e-01  -2.4129928e-01   4.6112094e-01  -1.7130243e-02   8.5352962e-02   1.2052420e-01   2.0216137e-02  -2.6636331e-01   1.0592823e-01   3.9902068e-02   1.0093948e-01   1.7164962e-01  -1.3999374e-01  -2.4610616e-01  -3.0233553e-01  -2.0416526e-01   1.0056168e-01   2.9993387e-02   2.4910331e-01  -3.4862560e-02  -9.1913075e-02  -3.7633826e-01   2.2364426e-01   9.5361642e-02  -2.2590658e-01  -3.7110754e-01   1.0592642e-01  -5.0972450e-02  -1.3394452e-01  -1.0009728e-01  -2.5903203e-02   2.9614898e-01   3.5103929e-01  -4.0235066e-01  -3.3326177e-03   6.0728818e-02  -1.4716711e-01  -2.8169786e-01  -9.3096445e-02  -1.4808234e-01  -2.7815495e-01  -3.3798070e-01   7.7507165e-02  -1.8141317e-01   2.9082437e-01   1.1981451e-01  -1.0797405e-01   3.8910343e-01   3.9835119e-01   4.3533399e-01   1.9154293e-01  -2.5204110e-01  -6.0366084e-02  -2.0984064e-01  -1.8244012e-01   1.5833877e-01  -2.9664438e-01  -2.0168870e-01  -5.5853828e-02   5.7134057e-02  -2.7996172e-01  -6.8023436e-02  -6.7477175e-02   3.7478723e-01  -9.7854243e-03   7.6311082e-02   3.4714744e-01   2.2600114e-01   1.8273738e-01  -3.9468385e-01   1.3058417e-02   1.4361282e-01  -2.0309747e-01  -2.1133547e-01   1.4970410e-01  -2.3902522e-01  -1.5280086e-01  -1.5142056e-02
   1.5549632e-01  -2.8569296e-01  -4.6749807e-01   5.7799036e-02  -4.2316521e-01   5.8599199e-03   4.7061301e-01   5.1118905e-01   9.3757725e-02   1.1783288e-01   0.0000000e+00  -1.1822595e-01   1.2832920e-01   3.4140191e-02   1.6402561e-02   3.0176908e-01  -5.1266695e-01   1.8527449e-01   2.6761842e-02  -2.7186662e-01   1.8468718e-01   2.6726737e-01   4.0732350e-01  -3.2133327e-02  -4.5246164e-02   2.8823474e-01  -1.6517017e-01   3.5805491e-01  -1.4044305e-01   4.0073802e-01   1.1827143e-01   2.2911614e-01   2.9966765e-02   5.7621419e-01   4.9875999e-02   1.5688820e-01  -4.9197373e-03   2.6629584e-02   2.9540350e-01  -4.1497007e-01  -6.6415879e-03  -6.3754107e-02  -1.8679026e-01   2.4600385e-01   5.2662816e-02   1.3388761e-01   3.5387641e-01   9.9446613e-02  -3.2849899e-01  -5.1029511e-01   4.3598777e-01   3.8567768e-01   1.6746367e-01  -1.5408234e-01  -9.3259229e-02   3.5485348e-01   1.5074344e-01   3.2658017e-01   1.9617678e-01   7.9319934e-02   1.1822365e-01  -6.8216865e-02  -3.3311360e-01   1.5394651e-01  -3.2180702e-01   1.6562163e-01   4.9355157e-02   4.2086386e-02   4.8717425e-01  -2.9404372e-02  -3.5645564e-01   3.7385281e-01   1.8282775e-01  -3.6493729e-01  -1.2619233e-01   1.3744088e-01  -1.6563026e-01   2.1656809e-01  -3.6747559e-01  -1.2117017e-01   2.4998631e-01   1.6753232e-02  -2.0765332e-01   1.8076837e-01  -2.0758975e-01   4.7828242e-01  -2.3474177e-02  -4.3056250e-02  -4.2276595e-01  -1.8982741e-02  -4.8716331e-01  -3.9358490e-01  -2.9350822e-01   1.3821341e-02   1.2073700e-01  -4.2736179e-01   8.7928605e-02   2.2219484e-01  -1.2065807e-01   1.2485699e-01  -1.5152976e-01   1.3773329e-01   3.1456365e-01  -1.2187067e-01   3.5066260e-01   1.7484468e-01  -3.1588638e-01   4.2480773e-01  -7.1783823e-02   5.4131130e-01  -2.6310929e-01   4.2323733e-01   3.0280655e-01  -1.0676047e-01   6.2883046e-03  -2.6455386e-01   3.9965479e-01   3.8270082e-02   2.5374904e-01   2.3412941e-01   7.1176462e-02  -3.0259745e-01  -2.9126391e-01  -9.9336019e-02   3.9210504e-02  -4.3608726e-02   3.0519157e-01  -6.4981605e-02   4.0445351e-01  -1.1630681e-01   1.3505424e-01   2.7743776e-01  -2.9833021e-01   5.5809847e-02   1.7892941e-01   3.2731193e-01   2.2108737e-03   1.4919148e-01   5.1509598e-01  -3.6551140e-03   6.5998557e-02  -1.0016612e-01   5.2001693e-01  -1.7332440e-01   3.9424712e-02   2.3268540e-01  -8.2852644e-02   3.7128477e-01   4.3270787e-01  -4.6203349e-02  -1.8737643e-01   1.7286551e-01  -2.1577760e-01   6.1351724e-03  -4.6701472e-01  -5.0997368e-02   1.1791618e-01   2.3980379e-01  -1.2926324e-01   2.8639584e-01   6.5693848e-02   5.3417364e-01   1.3369245e-01   3.9230998e-01  -1.0745024e-01  -3.1687092e-01   4.6721376e-01   1.4363040e-01   6.0675843e-02  -4.2139352e-01  -2.7528796e-01   7.7981632e-02   8.3137710e-02   1.7235120e-02  -3.1660520e-01  -5.6041479e-02   1.0840441e-01
  -2.0412868e-01   4.2907995e-01   1.2423192e-01  -1.5218009e-01   4.5419100e-01   2.4022963e-01   1.1372649e-01  -4.7419616e-01  -1.2932520e-01   4.9927700e-01  -1.1822595e-01   0.0000000e+00   9.8677358e-02  -4.9520766e-01   6.3444397e-01  -1.5430568e-01   6.3196435e-02   1.1300543e-01   7.1324000e-03   2.7992581e-01   9.2867461e-02  -3.0312798e-01  -2.0504839e-01  -3.2837128e-01  -2.1755224e-01  -9.4766147e-02   2.1558539e-01  -5.3112969e-01   1.7856289e-02   1.7086154e-02  -3.7647254e-01  -3.3404190e-01  -9.6331010e-02   3.7775780e-01   5.3452124e-01   3.1237400e-01   1.4069389e-01   1.0212913e-03  -1.1057925e-02   2.3853799e-01  -5.4996479e-03  -1.4881541e-02   7.0282239e-02  -2.9423937e-01   3.2258483e-01  -1.5002981e-01   4.3963661e-02   4.5391683e-01  -2.0362726e-01   5.4525541e-02  -1.2855225e-01  -3.3176136e-01   6.1116690e-02  -1.7763019e-01  -3.0737102e-01  -2.6394102e-01  -1.1494475e-01  -1.9732619e-01  -1.2442551e-01   2.7590852e-01  -1.6407831e-01   3.0816132e-01  -1.4726729e-01   1.3797172e-01   1.3357075e-01   5.1535880e-01   7.3286754e-02  -2.0415929e-01  -1.7267018e-01  -5.4954808e-02   4.2944220e-01  -1.2134369e-01   2.1592538e-01   2.1826445e-01  -1.4489706e-01  -3.0880726e-01  -1.4003677e-02  -2.1617173e-01   4.8200623e-01  -2.3228010e-01  -5.3038433e-01   1.9148855e-01   1.1848828e-01  -9.0493336e-02  -3.5580792e-02  -4.0544189e-01  -9.6643426e-02  -5.2368712e-01   1.1515974e-02  -1.7483491e-01   8.6805594e-02  -3.6275613e-03   3.7869986e-01   8.0114674e-02  -1.2773659e-01   9.9343149e-02  -1.1080107e-01  -4.2349040e-02  -5.3049245e-02   3.9147664e-01  -2.4993545e-01   4.6076965e-01  -3.8841833e-01   1.3134257e-01   8.4902359e-02  -3.6520022e-01  -1.9271909e-01  -9.0458874e-02  -2.9068918e-02  -1.0876444e-01   1.5252463e-01  -4.6933777e-01  -2.4988100e-01  -1.5033882e-01  -3.3858567e-01   2.2614314e-01  -3.1155950e-01   2.3323535e-01  -3.1458120e-01  -1.0097072e-01  -2.3661087e-01   4.4773380e-01   3.1297610e-01   9.1964371e-02  -1.6798307e-01   3.9091974e-01  -1.3481298e-01  -2.7640352e-01  -3.6698948e-01  -1.2178189e-01   3.8654176e-02   2.2050365e-01  -2.5764980e-02  -2.4783996e-01  -9.6545613e-02  -1.7063941e-01  -1.4132433e-01  -2.3162378e-01  -2.1624355e-01  -1.4115618e-01  -2.1967678e-01   1.2419928e-02  -1.4379153e-01   2.5339223e-01   2.2517932e-01   1.1450875e-01   5.0852618e-01   1.2007438e-02   2.3756397e-01   3.4138274e-01  -7.8189640e-02  -2.7323732e-01  -7.5456904e-02   1.1360662e-01   3.0334510e-01  -9.2325891e-02  -1.4566934e-01  -1.6908004e-01   2.9151730e-02  -4.2264348e-01  -7.7240045e-02  -9.3187956e-02   1.0909299e-01  -4.6739319e-02  -7.6650722e-02   4.4931442e-01   1.7461350e-01  -2.9522941e-02  -2.1543096e-01   2.0288424e-01   2.8087942e-01  -9.0386133e-02   8.8848587e-03   1.9328047e-01  -1.2301159e-01  -1.0751268e-01  -2.1404952e-01
  -3.8186552e-01  -2.7544801e-01   2.3569685e-01   3.1680672e-01   9.7825865e-02  -2.6096474e-02   2.9191408e-03  -1.4771013e-01   5.7157079e-02   3.8172266e-01   1.2832920e-01   9.8677358e-02   0.0000000e+00  -2.4631322e-01  -1.6049058e-01   6.1167993e-02   1.5416945e-01  -9.5507964e-02  -1.0417566e-01   4.5547817e-01   8.9567926e-02   3.1536833e-01   2.6281343e-01  -4.0392974e-01   1.3165584e-01   3.7287481e-02   2.8129418e-01  -2.7356059e-01  -4.8486880e-03   1.7575460e-01  -8.6009138e-02   9.4056098e-02   1.0554589e-01   2.0246647e-01  -1.5671242e-01   3.6661133e-01   2.0447981e-01  -1.7788545e-01   1.4039482e-01   9.9862478e-02   6.3041463e-01  -5.7184135e-02  -9.1298761e-02   1.5861877e-01  -1.9164753e-01  -1.4322858e-01   4.3423977e-01  -2.9351408e-01   2.8823021e-01   3.1303745e-01   2.1777556e-01  -2.0693302e-03  -7.5962758e-02   9.9325349e-02  -6.3245290e-02   2.3065825e-01   7.4726167e-02   1.6213328e-01   2.0205800e-01   6.7970284e-02  -5.0818148e-02   1.2968694e-01  -8.2734160e-03  -2.1927808e-01  -2.6947622e-01   3.9219434e-01   2.6319226e-03  -1.7637160e-01   2.8981173e-01  -1.5505350e-01  -1.4081001e-01   4.8303851e-02   3.3726243e-01  -5.3763242e-02  -7.2958386e-02   1.5348591e-01   1.3031229e-02   2.7311913e-01  -1.3017191e-01   1.0391745e-01  -3.6605918e-02   1.4560931e-01  -2.2199105e-01   1.5118919e-02  -3.2424725e-01  -1.0920033e-01  -4.1736331e-01  -3.2467352e-01  -9.1576755e-02  -4.6616181e-01   1.4637414e-01  -1.0603523e-02   1.4757352e-01   1.9968296e-01  -8.7785505e-02   1.9209111e-01   4.5004324e-01  -5.2528534e-02   2.2791714e-01   9.6338519e-02  -2.7972180e-01  -9.5048195e-02   2.0235967e-01  -4.7585318e-02   5.6865611e-02   3.8414970e-01   1.1729015e-01   2.7798390e-01   2.4602423e-01   1.8781957e-01  -9.4312440e-02   1.0034409e-01   4.0169890e-02  -3.5512815e-01  -1.7488209e-01  -1.5381849e-01   1.0366028e-01   5.7918998e-01   6.8485257e-02   1.9675545e-01  -3.1434658e-01  -1.5102348e-01  -1.1631006e-01  -3.4164291e-01  -4.0217286e-01  -1.8030622e-01   4.0949719e-02   1.2014553e-01   2.2288189e-01  -1.8321224e-01   5.2288381e-01   9.3413414e-02  -2.5388589e-01   2.6180181e-01   1.6407361e-01  -5.5989345e-02   2.0583544e-02   1.4966005e-01  -1.5577957e-01  -3.3606634e-01  -3.2173721e-01   3.7241744e-01  -9.6726547e-02   1.0647860e-01  -2.0497696e-01  -1.4509213e-01   6.4792952e-02   1.9749444e-01   1.4874590e-01  -1.2901961e-01  -3.6040053e-01   2.0226852e-01  -1.5037165e-01  -3.6037399e-01  -5.2309157e-02  -4.1591826e-01  -1.7386070e-01   2.1791319e-01   1.6439900e-01  -1.8045659e-01  -1.0320917e-01  -1.4141628e-01  -3.4880323e-02   5.5253402e-02   3.7283642e-01  -4.0583250e-02  -3.9313918e-02   2.1299397e-01  -3.1351758e-01  -6.2482349e-02  -8.3960400e-02  -9.8045277e-02  -1.2527376e-01   1.0055257e-01  -1.1268402e-01  -1.8757535e-02   3.4076134e-01
   4.7869029e-01  -3.0550645e-01  -1.5337709e-01   2.3654240e-01  -5.1812232e-01  -7.1937310e-03   1.8600590e-01   3.4099529e-01   1.9434368e-01  -6.0401814e-01   3.4140191e-02  -4.9520766e-01  -2.4631322e-01   0.0000000e+00  -2.0730164e-01  -7.0361738e-02  -1.9346455e-01  -7.8166698e-02  -1.1047594e-01  -3.8655455e-01  -2.6131882e-01   2.5947405e-01   1.8516037e-01   5.9571612e-01   4.6228055e-03   4.3060475e-02  -2.9524596e-01   5.1344074e-01  -2.1443692e-01   1.6983016e-01   9.9059133e-02   2.0039806e-01   9.2037042e-05  -3.3406049e-01  -1.3785142e-01  -4.3295262e-01  -1.4590213e-01   1.6766440e-01   1.9177749e-02  -4.1964688e-01  -2.0604446e-02  -1.5244778e-02  -1.7180381e-01   1.4865321e-01   1.2988739e-01   2.5812491e-01  -1.5658504e-01  -3.6885231e-01  -5.3767505e-02  -2.9332701e-01   2.2328745e-01   2.0496080e-01  -3.2875849e-01   1.9246686e-01   2.6686148e-01   1.0031359e-01   3.0491239e-01  -1.0344423e-03   1.0927748e-01   5.8805518e-02   2.1566195e-01   2.1248919e-02  -1.9659103e-01  -2.3234925e-01  -2.5658193e-01  -5.5633791e-01   4.6510537e-02   1.1825694e-01   1.3934276e-02   2.8164532e-01  -5.1314042e-01   2.3630530e-01  -1.3415408e-01   7.3795068e-02   2.7422751e-02  -1.8401665e-01   1.0578483e-01   5.3477443e-02  -2.4478967e-01   8.3337425e-02   4.5111883e-01   9.4457682e-03  -2.8448599e-01   2.4731810e-01   3.1346398e-01   4.3663539e-01   1.7664079e-01   6.1202350e-01  -2.0467260e-01   5.0534160e-01  -3.5546575e-01   2.1453929e-02  -2.8305393e-01   1.4029160e-01   1.8021890e-01  -2.3822517e-01  -1.9404775e-01  -7.7706146e-02  -2.5676454e-01  -2.9109291e-01   1.8796240e-01  -2.7134734e-01   1.1491643e-01   1.1621759e-01   2.0705613e-01   1.4835967e-01   2.7230700e-01  -8.2788435e-04  -1.5780365e-01   1.8745862e-01  -2.6615443e-01   5.0115388e-01   2.2893510e-01   3.5662161e-01   2.1551910e-01  -2.7592011e-01   1.6770424e-01  -1.7036932e-01   1.8779434e-01   1.2448141e-01   4.0184921e-01  -2.3950806e-01  -2.5383277e-01   1.6525964e-02   3.3406859e-01   1.4671591e-01   2.6734534e-01   4.9218291e-02   2.7053085e-01   1.7980400e-01  -3.7723698e-02  -3.2841953e-01   1.0363928e-01   2.8720068e-02   1.4623606e-01  -5.0607944e-03  -1.9558584e-02   7.6196012e-02   1.8789735e-01   4.7552693e-01   4.4195085e-01   4.0047964e-02   1.3666035e-01  -3.8860892e-02  -1.3661949e-01  -8.3878222e-03  -4.8181272e-01  -1.6808266e-01  -9.7344343e-02  -2.9961037e-01   3.5497744e-01   1.5254451e-01   2.4432505e-01  -1.7830370e-01  -3.3469332e-01   3.2347259e-01   2.5211044e-01   2.1157662e-02  -7.0179700e-02   3.0275021e-01  -1.0596968e-01  -3.2640653e-02  -4.3082492e-01   4.8135448e-02   1.3222484e-01  -3.5146824e-01  -1.3884436e-01  -1.9040609e-02   4.2895031e-01  -2.9775783e-01  -2.5120452e-01   1.9610859e-01   9.9114557e-03   9.2915478e-02   2.3347345e-02  -1.1724390e-01   2.8018092e-01
