   0.0000000e+00   3.2977372e-01   2.4997928e-01  -3.5032265e-02  -1.9964688e-01  -5.8870702e-02  -3.9604176e-01  -2.7029004e-01   9.2258432e-04  -2.3879801e-01  -3.4777504e-01   1.7339239e-01   1.2537458e-01   1.4213642e-01  -4.6894622e-02  -3.0001866e-01   1.9591425e-01  -8.6238938e-02  -3.1869625e-01   3.3959629e-02  -5.8542666e-02  -5.0346846e-02  -1.2286407e-01   5.0891106e-01   6.7530973e-02   2.8913174e-04  -3.0217504e-02   5.4231645e-03   1.7464909e-01  -1.8175598e-01  -2.1379351e-01  -1.4303773e-01  -1.9200437e-01  -2.7939461e-01  -1.5742812e-01  -8.5573202e-02   1.7678227e-01   3.3682662e-01  -2.2040810e-01   1.9761329e-02   2.9803959e-02  -2.2844619e-01   2.1950399e-01  -5.6442769e-01   7.9529305e-02   8.0185041e-02  -4.9668793e-01  -3.5774337e-01   7.6563787e-02   2.5336845e-01  -1.4058177e-01  -3.3978757e-01   1.1773316e-01   6.7365104e-02   5.7956371e-03  -3.0988560e-01  -2.0388903e-01  -6.9242642e-02   2.8356451e-02   1.9379207e-02   4.0893526e-02  -2.4605813e-01   1.9403205e-01   9.7962448e-02   2.0253508e-01   1.2293121e-01  -2.3693686e-01   2.2887984e-01  -3.1286194e-01  -1.7387072e-01   6.9095360e-02  -7.3310963e-02  -2.1895826e-02   2.6215108e-01   4.2514340e-02  -2.6558334e-01  -9.9795981e-03  -2.4694844e-01   1.1998200e-01  -1.7660770e-01  -3.5664836e-01  -2.7212636e-02  -3.9485742e-02  -2.3895355e-01   3.4516576e-01  -3.0447289e-01  -8.2485365e-02  -3.7687230e-01  -7.3797981e-02   8.0950887e-01   2.7340388e-02   8.3563646e-02  -1.9052995e-01  -1.4245040e-01   2.5420034e-01   8.2341359e-02  -2.5345729e-01  -1.9473863e-01   4.0366668e-02   4.5004885e-02   1.3263071e-01   7.5915178e-02  -4.2396769e-01   8.1462536e-02  -1.0519456e-01   6.8952661e-02   1.4248093e-01  -2.3261778e-01   1.0276799e-01   3.0544386e-03  -9.2671226e-03  -1.8320442e-01  -1.3957761e-01   8.0966580e-01  -1.5138475e-02   1.6100679e-01  -3.3656367e-01  -6.7499729e-02  -2.2410230e-01  -1.6072886e-01   3.1064727e-01   1.1056675e-01   1.8197057e-02  -1.5768783e-01   4.7582666e-01  -6.0651577e-03  -2.9327057e-01   1.8708291e-01  -3.5699180e-02  -1.6324710e-01  -2.0674846e-01  -1.1822116e-01   2.4654900e-01  -3.6431501e-01   8.5607827e-02  -2.6863053e-01  -1.1673847e-01  -2.0401379e-01  -3.3250826e-01   6.1276706e-01   5.7742161e-01   9.6586358e-03  -1.4717852e-01  -2.4110523e-01  -4.2982459e-01  -4.6635971e-01  -1.1157460e-01  -2.8671608e-02  -1.3903812e-01   5.3503671e-02  -4.2485616e-02  -2.4647392e-01   2.5305915e-01   5.8805257e-02   1.4491199e-01   6.9681623e-01   1.9598642e-01  -1.7225646e-01  -8.2293061e-02  -3.1889691e-01   9.3426382e-02  -2.5514433e-01  -6.9071553e-02  -1.5648406e-01  -3.5161455e-01   2.4895509e-01  -6.4701624e-02  -7.9233852e-02   2.9201150e-01   1.2472212e-01   1.9562899e-01   2.3462068e-01  -2.1913059e-01  -9.2803857e-02  -1.4617321e-01  -4.2759681e-02  -3.7639430e-02
   3.2977372e-01   0.0000000e+00   4.4428019e-01   1.3278612e-02   1.7284625e-01  -1.7891936e-01  -4.6649768e-01  -1.2883194e-01   1.3466702e-01  -5.0196362e-01  -3.5243851e-01   1.9220408e-01  -5.7167992e-02  -2.7895981e-01   3.7973737e-01  -3.9961516e-01   4.7883480e-01  -1.2277911e-02   9.3919230e-02   2.0950389e-01  -2.2488744e-01  -2.2979230e-01  -3.1111263e-01   7.0337101e-03   1.8339175e-01   3.1948939e-02   1.3896205e-01  -1.4965518e-01   3.1165039e-01  -4.4166998e-01   1.5285076e-01  -1.2913736e-01  -3.7496477e-02  -4.5280362e-01  -3.4356727e-01  -1.3800903e-02  -2.5694828e-02   1.8548236e-02  -3.2991702e-01   1.5568779e-01  -1.8164801e-02  -4.9968500e-02   4.4703987e-01  -2.2528252e-01   2.0075474e-01   1.6714482e-01  -4.0728537e-01  -4.2356386e-01   8.5895771e-04   3.4792173e-01  -1.4648855e-01  -3.0748097e-01   2.1366051e-01   1.9968900e-01   1.0555575e-01  -3.0949394e-01  -1.0106350e-01  -1.9627906e-01   5.6999928e-02  -8.3204565e-04  -8.0431912e-02  -1.3101472e-01   4.7936091e-02   4.5184502e-01   3.6404623e-01   9.7776971e-02  -2.8433141e-01   3.0600607e-01  -1.6471774e-01   1.0595725e-01   4.8276159e-01  -6.2857102e-02  -5.6614885e-02   4.8013501e-01   1.5356998e-01  -1.6736405e-01  -1.7369455e-01   4.6005245e-02   5.7135028e-01  -1.3504854e-01  -4.4340284e-01  -4.9182041e-02   3.1671350e-01   4.1747639e-02   2.0368801e-01  -3.8312524e-01  -9.0224727e-03  -1.2580016e-01  -1.0247806e-01   4.0274888e-01   4.3235085e-01  -1.6706515e-01  -2.0605294e-01  -3.4015697e-01   5.9997431e-04   6.1876176e-02  -3.2441458e-02   6.9210131e-02   3.5747943e-01  -3.8427802e-02   1.5923188e-01   3.7881737e-01  -5.6877448e-01   2.0578719e-02  -6.3131104e-02   7.2555266e-02   4.2333237e-02   1.3239638e-01   6.4814830e-02  -3.3682167e-01   2.3899907e-01  -3.5051567e-01  -1.5108091e-01   4.1186862e-01   5.9464575e-02   4.3763854e-01  -5.4574504e-02  -7.4557878e-02  -4.1644540e-01  -2.0972601e-01   2.8385858e-02   3.2850648e-01   4.6150190e-02  -2.1642277e-02   2.7112738e-01   1.1848528e-01  -3.8482859e-01   2.5459386e-02  -5.8431725e-03   2.3512074e-01  -1.6885834e-01   9.9220080e-02   1.7484913e-01  -5.4876552e-01  -1.5029622e-01  -1.8690446e-01   1.6565856e-01  -3.5026022e-01  -1.8705549e-01   2.1346258e-01   6.6500155e-02  -4.3199671e-02  -1.5545521e-01  -5.0617329e-02  -4.0202753e-01  -3.5420135e-01   8.8139700e-02   1.3073453e-01  -3.0022784e-01   8.0033728e-02   1.9086863e-01  -4.3719082e-01  -6.3557043e-03   3.1482177e-01   6.0879220e-01   1.3678102e-01  -2.3324074e-01  -1.0374902e-01  -1.2047751e-01  -5.3993785e-01   1.6051016e-01   1.6163465e-01   4.7920070e-02   3.1797869e-02  -2.6668133e-01   4.6957294e-01   9.7755557e-02   7.5671353e-02   3.1499385e-02   3.9189750e-01   6.2980263e-01   1.3483470e-02  -1.6288560e-01  -9.4911366e-02  -2.4612416e-01  -1.0571845e-01   1.6950233e-02
   2.4997928e-01   4.4428019e-01   0.0000000e+00   1.7754644e-01   6.0890563e-02   3.1507355e-01  -3.2142360e-01  -2.1614435e-01   1.3866724e-01  -3.1312377e-01  -4.7313702e-01   2.2071500e-01  -1.3139013e-01  -3.8353670e-02   1.3588681e-01  -5.0946296e-01   7.6060557e-01   9.0784706e-02   7.3897808e-02   3.2252715e-01  -4.8755748e-01   4.9122654e-03  -1.5639640e-01   1.2278290e-01   1.7127719e-01  -1.3753794e-01   2.6407571e-01  -1.1705453e-01   3.7094446e-01  -2.5699530e-01   1.6708032e-02  -1.6285562e-01   3.9761505e-02  -1.5964983e-01  -3.2244918e-02  -1.7396625e-01  -1.9930754e-01   1.4188320e-01  -5.1484963e-01   3.6293367e-01  -1.3374060e-01  -1.1095845e-01   6.4027819e-01  -4.4317706e-01   8.8247057e-02   5.4806197e-01  -1.0837111e-01  -5.1962901e-01  -2.8890116e-01   5.0817341e-01  -1.2795085e-01  -3.3039599e-01  -4.2537680e-01   6.3480243e-02   9.5768854e-02  -3.7562541e-01  -2.1512889e-01  -2.1355286e-01   2.0988128e-01   2.6430456e-01   2.8015719e-01  -3.8292419e-02   4.6744990e-01   1.9697550e-01  -6.1931974e-02   2.1432021e-01   1.6685020e-01   1.8333113e-01   1.4016883e-01   4.6143145e-01  -1.4088784e-02   6.2312978e-02  -2.0551274e-01   6.9715774e-01   1.9016347e-02  -3.1620416e-01   2.0561347e-01   1.7064394e-01   7.9825574e-02  -2.4000521e-01  -2.6859662e-01  -7.7253540e-02  -1.5799522e-01   4.4154777e-02   6.4218044e-01  -2.9365770e-01  -1.3337398e-01  -4.5754476e-02   6.5065807e-02   3.6542039e-01   5.9794846e-02   3.7030185e-01   3.6702360e-02  -6.7692041e-02   6.0171363e-02   1.7731498e-01   1.0469751e-02   9.1699336e-02   3.2314375e-01   2.9131490e-02  -6.7561674e-02   2.9308058e-01  -4.7480231e-01   2.7617005e-01  -8.2895066e-02   1.9629512e-01   3.1961929e-01   2.4857254e-01   1.5285496e-01  -2.5121381e-01   1.4962940e-01  -2.3849492e-02   1.5488317e-02   2.5890446e-01  -2.1147970e-01  -6.4984105e-02   2.7598081e-02  -2.1248706e-01  -4.0904350e-01  -3.3334048e-02   1.4667457e-01   3.3132332e-01   1.4188910e-01  -2.0507768e-01   4.8180940e-01   4.4240146e-01  -3.1477677e-01   1.3011637e-01   1.2849241e-01   3.6481738e-01  -3.5807383e-01  -2.0529190e-01   2.1349589e-01  -6.3639183e-01  -2.8571540e-02  -1.7149320e-01   7.5161146e-02  -2.8191579e-01  -4.9545019e-02   1.0416986e-01   1.5040946e-01   1.4637852e-01   9.5650283e-03   2.3769321e-01  -4.1421405e-01  -4.6678994e-01   9.1827295e-02  -1.4539259e-01  -2.2930032e-01  -2.4606179e-01   3.2470782e-01  -4.7045165e-01   3.2620499e-01   3.7408333e-02   6.1663120e-01   1.6506414e-01  -2.4252034e-02  -1.0813831e-01   2.3196078e-01  -4.0016065e-01   2.7935008e-01   5.5971172e-02  -2.2212693e-01   2.6842385e-02  -4.6797262e-01   2.5532734e-01   1.4635364e-03   2.5306004e-01  -8.1188488e-02   7.4769860e-02   3.6312265e-01  -1.9544126e-02  -4.0575441e-01   3.9520154e-01  -6.2055801e-02  -4.9026903e-02   1.1574827e-02
  -3.5032265e-02   1.3278612e-02   1.7754644e-01   0.0000000e+00   1.9041783e-02   3.8312593e-01  -2.4710168e-01  -4.2890408e-01   2.7707004e-01   2.1203894e-02   1.6471201e-01   4.4842528e-01  -4.6539119e-01  -3.5613711e-01   9.5670457e-02  -3.6826871e-01   3.9032374e-02   7.2951678e-01   3.2498128e-01  -2.0748558e-01   2.3282465e-01   2.4643275e-01  -1.8729612e-01  -2.0356452e-01   2.7215064e-01  -2.6741720e-01  -2.5539483e-01  -3.4804951e-01   5.5827756e-02   3.5431838e-01   3.6608820e-01   6.6538667e-01   4.1028386e-01  -1.5436461e-01   7.8114742e-02   3.5280605e-01  -4.7950991e-01  -2.8409714e-01  -3.4903905e-01   4.9587718e-01  -6.6510169e-01   1.0725578e-01  -1.9346576e-02   1.1789660e-01  -4.2553382e-01  -5.2885732e-02   2.3672194e-01  -2.5699430e-01  -1.6966779e-01   5.5648743e-01   6.5271332e-01  -2.1970060e-01  -7.9449140e-02  -2.0361032e-01   2.5481542e-01  -2.2471222e-01  -1.5104643e-01   1.1592766e-01  -3.9489193e-01   5.2514495e-01  -3.8644972e-01   9.2831625e-02   1.7905704e-01   2.6004094e-01   1.9143105e-01  -3.4299255e-01   3.7188176e-01  -1.5890213e-01   4.4265977e-01   1.5561864e-01   1.0729674e-01   5.7222240e-01   2.7078751e-01  -2.7323227e-02  -2.3293741e-01   1.2597145e-01  -2.1500480e-01   1.8052749e-01   1.3710952e-01   3.6137963e-01  -2.3163718e-01  -5.8204675e-01  -3.0678166e-01  -2.7477849e-01   4.8189855e-01  -3.4364102e-01   9.2228968e-02  -7.8242571e-02  -4.7556959e-01  -1.1218471e-01   2.9718930e-01  -3.1843327e-01   1.9000964e-02   4.6335785e-01  -4.9245484e-01  -6.0686994e-01   3.2178161e-01   1.3776619e-01   3.7672006e-01  -5.8187129e-01  -2.7847185e-02  -1.5087252e-02   1.8494178e-01  -4.0637551e-02   6.4788558e-01  -4.8478126e-01  -1.4381733e-02   6.0112272e-01  -3.3527619e-01  -2.5699885e-02  -8.0404203e-02   9.3787878e-02   3.9235170e-01  -2.9852991e-01  -6.8067717e-02   2.6298487e-01   2.2490075e-01  -2.5385305e-01  -2.4849350e-01   8.1766162e-01   1.2525879e-01   2.3679331e-01  -5.0913887e-01   5.1461327e-01   8.5581251e-02  -1.2202263e-01  -2.0731770e-01  -4.8590524e-02   1.9608337e-01   1.5105390e-01  -3.4778344e-01   2.0882980e-01  -4.2587008e-01   1.8915502e-01  -7.1214267e-02  -3.6550298e-01   5.3360486e-01  -3.6912455e-01  -2.0988411e-01  -1.5128525e-02   7.2425659e-02  -3.6198556e-01   4.7251187e-01   1.9947505e-03   1.1798407e-01  -2.9465811e-02  -6.0066209e-02   2.5055603e-01   3.0611371e-02   1.4675590e-01   1.5857968e-01  -2.4161293e-01  -1.9114666e-02   2.1515400e-01   2.9728263e-01  -1.2606935e-01  -3.2835830e-02  -5.3390853e-01  -1.5818759e-01  -1.7283490e-01  -3.8614659e-01   2.3282935e-01   3.5604454e-01   7.3039710e-01  -4.5057593e-02   3.4426153e-01   2.7849689e-01   2.0374532e-01   5.0333327e-02  -2.0549707e-01   2.1739080e-01  -3.2026547e-01  -3.2033141e-02   1.4344943e-01   4.4124433e-01  -9.6618809e-02  -3.6460922e-01
  -1.9964688e-01   1.7284625e-01   6.0890563e-02   1.9041783e-02   0.0000000e+00  -1.9943847e-01  -3.3926008e-01   1.8235717e-01   1.9590642e-01  -3.3537114e-01  -2.1262415e-01  -1.9426901e-01  -3.4380545e-01  -2.7568910e-01  -1.1771425e-01   2.9246918e-02   2.5821021e-01   1.4175318e-01   1.0245193e-01   5.9970261e-01  -2.5058554e-01   8.7532239e-02  -1.5757478e-01   3.9593063e-02  -7.1865280e-02   2.4738566e-01  -3.9336246e-05  -1.0064462e-01  -3.9148040e-03  -2.7882209e-01   1.8803045e-01  -1.7253990e-02   1.8552912e-01  -4.3373677e-01  -1.9138956e-01   1.6855244e-01  -3.4466466e-01  -1.2219085e-01  -2.8332356e-02   2.3509136e-01  -3.0897774e-01   2.6725849e-01   1.5890975e-01  -6.9642131e-03  -5.3228175e-02   1.0443929e-04   2.5333679e-01  -1.6519482e-01   6.8292447e-02   2.3558336e-01  -6.6879430e-04   1.6867992e-01  -4.5239384e-02  -1.8148863e-01   1.1617937e-01  -1.9786453e-01  -1.9140811e-02  -3.1358780e-01   2.4617237e-01   2.6132428e-01  -5.0148544e-02   1.4449481e-01  -4.8935509e-02   1.0240624e-01  -1.1548819e-01   1.5281803e-01   1.1517369e-01  -3.4230751e-01  -1.1892632e-01  -2.2145375e-01   1.9046289e-02  -1.3720418e-01  -1.7365106e-01   3.2390502e-02  -2.5725675e-01   4.4591347e-02  -1.0921057e-02   9.8698409e-02   4.7372669e-01   7.1558436e-02   1.1988186e-01   8.0438985e-02   2.0159460e-01   3.5958547e-01   7.3473064e-02   2.1158733e-02  -1.6617439e-01   9.6949897e-02  -1.5419201e-01  -9.6713434e-02   4.1530585e-01  -1.9862254e-02   5.0478892e-02   1.2715875e-01  -1.3457157e-01   2.0565430e-01  -2.7138956e-02   1.0902227e-01   2.3272277e-02  -1.2692137e-01   2.4658208e-01  -1.8918313e-01  -1.0534768e-03  -2.1529263e-01  -1.1439930e-01   1.7228375e-01  -7.5877035e-02   3.1879786e-01   1.3781992e-03  -1.3896487e-01   3.5671035e-02  -7.0375040e-02  -2.0077444e-01  -1.4918267e-01  -7.1271035e-02   6.5813730e-02   2.2754998e-01  -2.3566102e-01  -2.4373494e-01  -9.2743012e-02   3.8429665e-02   4.9693585e-01  -5.4081221e-02  -8.4133353e-02   1.0066564e-01  -1.5977665e-01  -3.4260956e-02   5.2035255e-02   1.6513805e-01  -1.1755600e-01   3.3359546e-01   5.6536231e-02  -1.3168715e-01  -1.4770836e-01  -4.0673632e-02   4.0040801e-02   1.9287736e-01  -3.7783747e-01  -1.0690530e-01  -4.1111610e-02  -1.1291585e-02   2.0214082e-01   8.6337730e-02  -1.6273892e-01  -3.3241059e-01   4.0907218e-01  -1.5734113e-01   1.3384356e-02   1.0565934e-01  -2.9316314e-01   4.8043809e-02  -1.2699853e-02   1.2034223e-01   2.0986161e-01   2.2560105e-01   6.7991974e-02   1.2365981e-01   3.9465408e-01   2.0689255e-01   5.2991362e-03  -1.8534085e-01   2.5162665e-01   3.8874171e-03   3.3350585e-01   2.8866880e-01   1.5881231e-01   1.2551521e-01  -1.4452074e-01   4.8731634e-02   4.7723877e-01   4.4731483e-01   2.7169738e-03  -1.6164751e-01  -1.0526835e-01  -1.7504427e-01  -6.4000747e-02   1.8248086e-01
  -5.8870702e-02  -1.7891936e-01   3.1507355e-01   3.8312593e-01  -1.9943847e-01   0.0000000e+00  -7.1491402e-02  -1.2820984e-01   2.8330183e-02   1.6562957e-01  -1.0990009e-01   1.5920806e-01  -7.2086552e-02   2.0505469e-01  -2.2545329e-01  -3.8077736e-01   8.6988889e-02   1.3730200e-01   1.5100968e-01   8.5618979e-03  -9.7156852e-02   3.3567988e-01  -1.7555752e-01  -2.6113241e-03   1.6285348e-01  -1.2656166e-01   3.2699432e-01  -1.3742255e-01   1.1513556e-01   4.5298435e-01  -1.0649967e-01   1.2236923e-01  -2.3706100e-01   2.2678011e-01   2.1626317e-01  -4.6291392e-02  -4.8307430e-02   1.3773413e-01  -3.7297168e-01   2.1634590e-01  -8.3052520e-03  -4.6209278e-01   1.1505383e-01  -1.0790675e-01  -5.0245509e-02   3.5065499e-01   2.5957570e-01  -1.9430861e-01  -3.5435048e-02   8.8167556e-02   1.3950624e-01  -1.9562211e-03  -3.4031367e-01  -4.2493834e-02  -7.3354139e-02  -1.3952802e-01  -1.2611799e-02   2.9022043e-01  -5.4547896e-02   4.1740971e-01   3.3615620e-01   1.1124693e-01   2.2581776e-01   8.6236880e-02  -2.8999200e-02  -2.0559391e-01   6.2913824e-01   9.0594802e-02   5.1399095e-01   4.5797146e-01  -3.2417383e-01   4.6468716e-01   1.4535957e-02   1.0958511e-01  -1.0578142e-01   8.9336318e-02   3.0375606e-01   2.3140919e-01  -2.0607627e-01  -1.4803524e-01  -9.7981392e-02  -2.3320372e-01  -4.2802225e-01  -1.5094635e-01   4.3089756e-01   5.9836306e-03  -4.1572088e-02  -2.9361956e-01   7.5060822e-02   1.7154829e-04  -1.7553457e-01   1.2546036e-01  -1.1137045e-02   2.9169677e-01   5.9557092e-02  -5.8883267e-02   3.4856797e-01   2.5233924e-01   4.3287624e-01  -2.5454605e-01  -2.6709681e-01   7.4615011e-02   1.7573424e-01   3.9566335e-01   2.0726523e-01  -6.0206433e-02   2.2839331e-01   3.7023156e-01   4.1325079e-02   3.0284945e-01  -8.4832416e-02   4.5317919e-01   4.9659587e-01  -1.1513631e-01  -3.0210671e-01  -5.4501564e-02   2.0175594e-01   4.4225341e-02   2.9460298e-02   4.6248768e-01   9.8431228e-02  -6.6636655e-02  -2.3692484e-01   7.3728461e-02   2.0561989e-01   2.6754515e-01  -2.3226428e-02  -9.3159907e-02   1.7246985e-01   2.3595443e-01  -5.6673482e-01  -9.2779155e-02   1.8204529e-01  -8.0659672e-02   1.9438435e-01   1.4703406e-02  -7.2011801e-02   8.0059298e-02   3.5550283e-01  -1.1106745e-01  -1.7509330e-02  -2.3303863e-01   2.8683101e-01   2.8465151e-01  -6.7254246e-02  -2.6905801e-01  -1.9284580e-01   6.2197776e-02  -3.3300887e-02  -2.1887360e-02  -7.6015530e-02  -2.0442975e-01   1.5032693e-01  -1.5415484e-01   5.2320370e-02  -1.1644549e-01   1.3402120e-02  -3.2169429e-01   1.4752388e-01  -2.7513504e-02   1.4432294e-01   2.8731346e-02  -4.6066673e-02   2.2524018e-02  -1.8015575e-01  -9.4575584e-02  -9.9373076e-02   3.0652872e-01  -1.6673435e-01  -1.8908551e-01  -2.5862849e-01  -1.4453219e-01   5.9882657e-02   6.2856285e-01   2.8325942e-01   1.0128016e-01   4.0674732e-03
  -3.9604176e-01  -4.6649768e-01  -3.2142360e-01  -2.4710168e-01  -3.3926008e-01  -7.1491402e-02   0.0000000e+00   8.9511963e-02  -3.7704533e-01   4.7786007e-01   3.5270340e-01   3.0581001e-02   9.0280018e-02   2.8423806e-01   2.3125172e-01   2.8634756e-01  -4.9480318e-01  -4.2468651e-02   5.3263715e-02  -2.0196248e-01   8.6156572e-02  -2.3302681e-01   6.4429981e-01  -2.2641665e-01  -1.5807862e-01  -5.9302334e-02  -4.3867123e-02   2.8177075e-01  -1.5998340e-01   2.5725163e-01   1.5320403e-01  -1.7203482e-01   1.3881290e-02   6.2887443e-01   4.2513940e-02  -3.3672571e-02   6.5858039e-02  -1.6595729e-01   2.4079714e-01  -1.4501842e-01   1.4534803e-01   4.2143088e-02  -3.9340485e-01   4.3003241e-01   9.9725701e-02  -2.6535046e-01   7.3384372e-02   6.8418349e-01  -3.9470515e-02  -3.6057922e-01  -9.8165316e-02   2.1162585e-01   3.6944463e-02  -2.0895211e-02  -3.9288298e-02   6.8888792e-01  -6.8430551e-03  -1.1271201e-01   7.0342799e-04  -4.1487152e-01  -1.1955462e-01   1.8985899e-01  -8.6108488e-02  -1.6027291e-01  -4.2147831e-01   1.7286217e-01  -2.6401179e-02   1.0557194e-01  -2.2669646e-02   1.4406431e-01  -5.6258284e-02  -1.3127390e-01  -2.9458605e-03  -2.6846081e-01   8.7842668e-02  -4.3566935e-02  -2.1112728e-01  -1.1777222e-01  -4.6497367e-01  -1.3095285e-01   4.5522271e-01   2.1020652e-01  -7.0471033e-03  -2.7297293e-02  -3.9321776e-01   3.2163425e-01   4.8797864e-02   3.0288935e-01   1.8419299e-01  -4.8695092e-01  -4.1408272e-01  -3.4982269e-02   3.3218645e-01  -1.9438120e-01   1.8754994e-03  -7.5112183e-02   9.7642947e-02  -2.8520124e-01  -1.9751507e-01   4.0211799e-01   2.4203148e-02   2.9859497e-02   3.4627171e-01  -1.3627879e-01  -1.7011354e-01   2.3903650e-02  -2.1150731e-01  -3.5268942e-01   1.9681096e-01  -2.3495606e-02   8.0531316e-02   1.3827753e-01  -1.2464994e-01  -3.2848334e-01   3.7050150e-01  -2.6258002e-01   3.0221383e-03   5.9305851e-02   5.6507763e-01  -1.7283794e-01  -3.2994108e-01  -3.9750637e-01   3.7350821e-01  -1.0773885e-01  -3.8907837e-01   1.9962611e-01   4.7480419e-01  -1.7559480e-01  -1.4242826e-01   6.6788114e-02   1.9123696e-02   6.6188567e-02  -8.1470710e-02   3.8080547e-01  -2.7050916e-01   1.2589105e-01  -3.0089769e-01   4.9666528e-01   1.5807997e-01  -4.5507253e-01  -2.6614522e-01   7.4302233e-02  -1.7462202e-01   2.7723278e-01   7.2883691e-01   2.6840515e-01   4.8351301e-01  -1.5392709e-01   2.7280462e-01  -1.3568291e-01   2.9200334e-01   4.8392503e-01  -2.1908683e-01  -1.2322921e-01  -3.1173800e-01  -5.2449307e-01   7.3348563e-02   4.9126442e-02  -1.9172209e-01   4.0611320e-01   1.1219170e-01  -5.8771002e-02  -8.9457027e-02  -1.9564687e-01  -8.3124094e-02  -2.1542735e-01   1.5611267e-01   9.4199862e-02  -1.3647593e-01  -2.9240977e-01  -4.1952405e-01  -1.0807153e-01   1.6882471e-01  -1.5927452e-01   1.0394816e-01  -7.8090053e-02  -1.4698668e-01
  -2.7029004e-01  -1.2883194e-01  -2.1614435e-01  -4.2890408e-01   1.8235717e-01  -1.2820984e-01   8.9511963e-02   0.0000000e+00   4.4171910e-02   1.2741466e-01   8.8427755e-02  -5.3591030e-01   3.8555252e-01   2.7111508e-02  -3.1595852e-01   4.4386163e-01   9.2889438e-02  -5.1033391e-01  -7.0466182e-02   3.4804638e-02  -8.2947978e-02   1.6638306e-01  -2.2816076e-01   1.1304224e-01  -2.1564468e-01   3.2170758e-01   5.7437307e-02   1.9367531e-01  -3.9975671e-01  -2.9002490e-01  -3.5984126e-01  -2.2939030e-01  -9.4351982e-02  -2.0306652e-02  -8.5027370e-02  -5.8076311e-02   3.6585025e-01   2.6004473e-01   2.8640463e-01  -1.7674302e-01   3.9461766e-01   1.3938571e-01   1.6245169e-02   1.9409205e-01  -1.2323815e-01   7.8587850e-02   7.8305308e-02   2.8027252e-01   1.7763246e-01  -3.9086511e-01  -2.1962802e-01   4.3118054e-01  -7.0797823e-02   1.0878448e-01  -2.0264925e-01   2.7518165e-01   3.1552669e-01   1.3977516e-01   1.1555767e-01  -2.5360379e-01   4.0950773e-01  -1.6227529e-01  -3.3541504e-01  -3.0648553e-01  -2.1869701e-01   1.0646019e-01   4.2805863e-02  -6.2511960e-02  -1.3069935e-01  -3.8486807e-02  -1.1001450e-01  -3.2513470e-01  -8.8801885e-02  -1.3509286e-01   6.1839386e-02   2.8191482e-01   3.7339472e-01  -1.3386932e-02  -9.0764683e-02  -9.6520129e-02   2.3817903e-01   3.1982018e-01   2.5064190e-01   5.7025258e-01  -4.4607615e-01   3.2840030e-01  -2.9916802e-01   3.0735557e-02   1.9394978e-01  -2.3932461e-01  -6.4837521e-02   3.4931562e-01  -1.2468049e-01   7.0707207e-03   3.5826062e-01   3.1945808e-01  -2.6564178e-01   1.5701052e-01  -2.9174055e-01   4.9528000e-02  -5.6453783e-02  -9.8328419e-02   1.9815468e-01  -2.0470577e-01  -3.5336223e-01   1.9127639e-01  -3.6885308e-02  -1.6904449e-01  -1.7050219e-02   1.1842441e-01   1.4351344e-01  -1.2074888e-01  -1.9178089e-01  -1.1599857e-01  -6.8964258e-02  -3.1783033e-01   7.5369601e-02   2.4269019e-01   2.9515133e-01  -3.7695060e-01   4.5861193e-02  -1.1441797e-01   2.8680189e-01  -3.7960091e-01  -1.3960362e-01  -5.8174371e-02  -1.4449318e-01  -4.4563338e-03  -6.4962979e-05   1.4503780e-02   3.1952485e-01  -1.4772279e-01   7.6819297e-02   4.6607872e-02   7.0297800e-02   6.0321633e-01  -2.3522964e-01   2.2429724e-01   2.9679778e-01  -8.9508904e-02  -3.2732335e-01   1.9610748e-01  -2.2094200e-01   1.5611017e-02  -7.5982617e-02   1.6046296e-01  -1.2802781e-01   1.3180600e-01  -8.6897844e-02  -7.9502151e-02  -2.6231246e-01   4.7355903e-01  -4.6002191e-02  -2.6008903e-01  -2.1501192e-01  -6.8982845e-02  -6.6996465e-02   2.3061579e-01   4.1825877e-01   3.5763452e-01   1.1489517e-01  -2.0580351e-02  -1.4630102e-02  -4.2952561e-01   3.1501253e-01  -5.1226142e-01  -2.3522592e-01   3.8394802e-05  -1.0058178e-01   4.6529636e-01  -3.4023150e-01   2.0502838e-01  -2.9563411e-02  -1.1592676e-02  -1.6398461e-01   1.0525286e-01   3.4788364e-01
   9.2258432e-04   1.3466702e-01   1.3866724e-01   2.7707004e-01   1.9590642e-01   2.8330183e-02  -3.7704533e-01   4.4171910e-02   0.0000000e+00   2.7267068e-02   1.9338892e-01   5.4667797e-02   3.9427496e-02  -5.5035232e-01   6.1971213e-02   9.9832636e-02   3.0283971e-01   1.7745387e-01   1.4729993e-01  -1.2831730e-02   1.5561582e-01   1.8109708e-01  -4.1962041e-01  -7.2403479e-02   8.7224932e-02   6.3231657e-02  -1.3033121e-01  -2.8430483e-01  -9.5812459e-02  -2.8015266e-01  -1.0423020e-02   3.7609110e-01   8.9047673e-02  -2.8444816e-01   8.5200287e-02   4.2984332e-01  -1.6515575e-02   5.6598061e-03   9.1483227e-02   7.1665438e-02  -1.8116311e-01   2.2117433e-01   1.5952566e-01  -1.7323361e-01  -1.9253964e-01  -3.4172957e-02   1.7004624e-01  -2.9301488e-01  -1.7745921e-01   2.4325177e-01   3.8593910e-01  -1.8624612e-01   2.8999151e-02  -1.5259302e-01  -7.8745773e-02  -1.7771076e-01   3.5994539e-01   2.7556989e-01  -2.7201853e-01   2.0653545e-01   3.0462188e-02  -6.9325223e-02   1.6124092e-01   8.2698878e-02   2.7450955e-01  -8.7381977e-02   1.8412030e-01  -1.6948670e-01   2.7803560e-03  -4.4266005e-02   3.4433232e-02   1.2707650e-01   2.5695849e-01   1.6544201e-02   1.4013759e-02   2.4685021e-01   8.6387725e-02  -6.0088987e-02   4.0369996e-01   3.9782764e-01  -3.8691358e-01  -3.7929768e-02   1.5509946e-01   5.6916883e-02   1.0011990e-01  -2.2509224e-01  -1.1560051e-02  -1.0101773e-01  -3.6992816e-01  -2.6386057e-02   4.5703449e-01   1.6776297e-01   4.3454440e-02   3.5031866e-01  -1.0315236e-01  -1.8476084e-01   5.2899374e-02   1.9070180e-01   4.1633266e-02  -4.2419377e-01  -2.3545015e-01  -2.2025950e-01  -2.5676766e-01  -1.4862305e-01   3.4696297e-01  -3.2336988e-01   1.0913484e-01   1.3731922e-01  -4.2415283e-01   1.6234631e-01   1.6606099e-01  -2.5993062e-01   9.0358954e-02  -8.4970192e-03  -1.6065089e-01   2.5516985e-01  -3.9212763e-02   4.9536602e-02  -3.2049608e-01   2.1985252e-01   2.7494571e-01   2.7950685e-01  -1.8357831e-01   1.9865893e-01  -1.1483585e-01  -3.4146366e-01  -5.2864840e-01   1.1139562e-01  -1.6600262e-02   1.2120345e-01   1.9460617e-01   1.9621430e-01  -3.7355148e-01  -8.1460689e-02   1.1186126e-01  -1.2160828e-01   2.6171999e-01  -2.9552597e-01  -6.2318577e-02   4.3225888e-03  -9.5011333e-02  -1.5114367e-01   1.2416922e-01  -2.4746500e-02  -1.6383106e-01  -1.6411387e-01  -1.4947348e-01   5.3491746e-01   8.7090338e-02   2.6305706e-01  -1.6174114e-01  -2.3398467e-01  -2.5025463e-02   1.6760719e-01   3.0934360e-01   1.0634389e-01   1.0383219e-01  -1.9449488e-01   2.0566736e-01  -2.6123235e-01   4.2282083e-02   3.1293336e-01   3.8516654e-01   2.2354975e-01   3.3632134e-01   7.0768556e-02  -1.3378479e-03   1.5107418e-01   7.6833962e-02   3.1884023e-01   2.0043447e-01   1.4027065e-02  -1.0357328e-01   2.4140886e-01   3.3129888e-01   1.3139452e-01  -1.5114961e-02
  -2.3879801e-01  -5.0196362e-01  -3.1312377e-01   2.1203894e-02  -3.3537114e-01   1.6562957e-01   4.7786007e-01   1.2741466e-01   2.7267068e-02   0.0000000e+00   5.5706620e-01   2.6128514e-01   2.0939873e-01  -3.7611133e-02   8.5584697e-02   2.3678930e-01  -4.1724052e-01   1.0244336e-01   7.4947068e-02  -3.0147826e-01   5.1376986e-01  -3.0954899e-02   1.7181233e-01  -1.6315635e-01  -1.8046030e-01  -8.6208680e-02  -1.9468190e-01   3.9624769e-02  -2.3953869e-01   3.9211048e-01  -9.4024711e-02   3.7288094e-01  -8.1325252e-02   5.2232087e-01   2.2186715e-01   3.6002903e-01   2.7047744e-01  -1.4290319e-01   2.0896874e-01  -1.9777555e-01   6.1897056e-02  -1.0614898e-01  -2.9098068e-01   2.5810291e-01  -2.0220278e-01  -2.2741200e-01   4.4235126e-01   4.3706689e-01  -1.5545387e-01  -3.2520922e-01   4.3273707e-01   4.1854332e-02   2.4798472e-01  -6.0829961e-02   6.6231466e-03   5.2154803e-01   1.2382336e-01   3.2076104e-01  -5.0971296e-01  -1.6202713e-01  -3.0126852e-02   6.8508802e-02  -7.0922392e-02  -7.0063408e-02   3.8830604e-02  -2.7690489e-02   3.2411924e-01  -1.9044210e-01   1.0773622e-01   2.0640220e-01  -2.4816819e-01   2.7655479e-01   4.5469017e-01  -3.3410500e-01  -1.2688362e-02   2.4941896e-01   1.6032505e-02  -2.9464840e-01  -3.8252404e-01   2.4817672e-01  -2.2066818e-02  -1.3063313e-01  -8.8720116e-02  -1.2812551e-01  -7.0482664e-02  -8.3832623e-02   8.4799063e-02  -2.0393412e-01  -6.4410068e-02  -3.5130643e-01  -1.9906952e-01  -1.6028937e-01   2.5818514e-01   1.7972262e-01  -1.0308693e-01  -4.0127440e-01   7.4911080e-02  -1.4592948e-01  -1.4990977e-01  -1.8471911e-01  -2.9352331e-01  -2.3076814e-02   2.3099178e-01  -1.4729290e-01   3.6158682e-01  -4.6708000e-01  -1.6191979e-01  -1.3708968e-01  -3.4936087e-01   4.1842744e-01   3.8181946e-02  -1.5515070e-03   7.5798507e-02  -3.8464963e-01   2.9111191e-03  -3.9914134e-03   5.6075413e-02   2.4904645e-01   4.1177776e-01   2.5160693e-01  -4.7036579e-02  -2.7637626e-01  -1.0425535e-01   2.9914211e-01  -3.4711604e-01  -2.5532590e-02   2.2374261e-02  -7.9126387e-02  -3.5424882e-01   1.6432264e-01   5.7715637e-02   2.1688073e-01  -3.0366134e-01   5.0579093e-01  -4.3551503e-02  -9.9115473e-02  -5.9854339e-02   3.5557406e-01   2.7098223e-01  -3.1913207e-01  -1.3878742e-01  -3.8021216e-01   1.1704842e-01   2.3195134e-01   4.6707685e-01  -6.0273820e-02   9.9556037e-02   4.2378767e-01   4.6652065e-01   3.9149179e-01  -1.0732735e-01   1.7574134e-01  -1.3563181e-01  -7.0737888e-02  -1.8840524e-01  -1.8522111e-01   4.1383600e-02  -3.4193800e-01  -1.6371127e-01   9.9682882e-02  -4.8917929e-02  -8.9538075e-03   4.2182625e-01  -4.9114884e-02   1.5950279e-01  -1.9479287e-01   6.7582613e-02   1.0374329e-01  -3.9939691e-02  -2.1990474e-01  -4.8742127e-01  -9.8454561e-02   2.5011844e-01   1.1681816e-01   3.7602227e-01   2.6721169e-02  -3.3040137e-01
  -3.4777504e-01  -3.5243851e-01  -4.7313702e-01   1.6471201e-01  -2.1262415e-01  -1.0990009e-01   3.5270340e-01   8.8427755e-02   1.9338892e-01   5.5706620e-01   0.0000000e+00   1.4693521e-01   1.8098656e-01  -2.5103529e-01   2.5237216e-01   3.8045546e-01  -4.3747662e-01   3.2218687e-01   1.2047276e-01  -4.5460884e-01   6.2173961e-01  -3.8283018e-02  -1.6394966e-02  -3.3975747e-01  -7.9066473e-02  -1.2263310e-01  -3.8833723e-01   5.4975656e-02  -3.7025171e-01   2.7258998e-01   2.4150444e-01   5.5526291e-01   1.2905213e-01   2.0814379e-01   1.8510294e-01   5.1600913e-01   1.2987159e-01  -2.5578372e-01   3.3180130e-01  -5.3947349e-03  -7.7444494e-02   2.1147957e-01  -4.6510943e-01   5.2365733e-01  -3.1784663e-01  -3.0768835e-01   3.8563136e-01   4.9383028e-01  -7.8155732e-02  -2.0616592e-01   5.8037614e-01   1.5161246e-01   2.2720618e-01  -2.0338444e-01   2.1012145e-01   5.1338696e-01   1.7661989e-01   4.1585959e-01  -5.7189728e-01  -1.1663636e-01  -2.3727150e-01   1.0306971e-01  -2.1435400e-01   9.5310166e-02   9.5338331e-02  -3.3062373e-01   1.3697914e-01  -1.3404401e-01   1.3144395e-01   2.5930700e-02   1.2888211e-01   3.1130485e-01   5.4342836e-01  -5.9623396e-01   2.4083202e-02   4.2527868e-01  -9.9797046e-02  -1.9974924e-01  -8.4709794e-02   4.5460218e-01  -2.0223620e-02  -2.8818433e-01   1.5692109e-01  -2.0118073e-01  -2.9077282e-01  -3.0194319e-02   1.9399572e-01   1.5205792e-02  -2.1686415e-01  -5.5545795e-01  -2.4657065e-02  -2.7904344e-01   8.3550877e-02   2.8574445e-01  -9.5464619e-02  -5.6260103e-01   2.0062914e-01  -5.2671248e-02  -6.8411050e-02  -4.0498550e-01  -1.7363722e-01  -4.1954647e-02   3.3082660e-01  -3.4886912e-01   4.7939269e-01  -5.8339227e-01  -8.8140597e-02   3.1211320e-02  -4.5184553e-01   3.3831542e-01   4.6417117e-02  -1.3960414e-01   1.7758935e-01  -4.8345488e-01   1.1923806e-01   1.3696574e-01   3.4232970e-02   2.4371136e-01   2.9960580e-01   3.7536669e-01  -5.6372576e-02  -3.1732832e-01  -1.7421530e-01   4.5754577e-01  -4.9930396e-01  -3.1396154e-01  -8.5341120e-02  -8.3294259e-02  -1.7098618e-01   1.2738627e-01   2.0885465e-01   4.9176510e-01  -5.2799413e-01   7.0586641e-01  -1.2219702e-02  -1.4401638e-02   1.4401743e-01   3.4174025e-01   1.6932485e-01  -2.2901974e-01  -2.5933465e-01  -4.0402296e-01   2.5267137e-01   8.2463569e-02   5.7413130e-01   1.8836292e-01   1.3653734e-01   5.1979679e-01   2.7128097e-01   4.1803151e-01  -7.9395939e-02   1.4096725e-01  -3.8825120e-01   8.4414731e-02  -1.5165854e-01  -2.8435719e-01  -5.4422466e-02  -3.6225358e-01  -1.0884480e-02   1.2382970e-01  -2.1078222e-01   1.5687909e-01   5.5489660e-01   2.5439960e-01   3.0387982e-01  -8.7919758e-02   1.0192256e-01  -2.4936083e-02   3.0721887e-02  -1.6113136e-01  -3.6916661e-01  -1.1050760e-01   4.9069655e-01  -1.2565860e-01   3.2538095e-01   7.9105751e-02  -4.0994760e-01
   1.7339239e-01   1.9220408e-01   2.2071500e-01   4.4842528e-01  -1.9426901e-01   1.5920806e-01   3.0581001e-02  -5.3591030e-01   5.4667797e-02   2.6128514e-01   1.4693521e-01   0.0000000e+00  -1.2951057e-01  -3.6018113e-01   6.2966670e-01  -3.2734586e-01  -5.3844373e-02   4.1311572e-01   2.3588551e-01  -3.3986265e-03   3.3909883e-01  -2.5812953e-01   1.6348991e-01  -1.4702784e-01   1.8095351e-01  -1.8966438e-01  -2.1948944e-01  -1.9134080e-01   2.7557849e-01   2.2209699e-01   2.0268447e-01   5.5627246e-01   6.5417237e-02   6.2393073e-02  -4.2214133e-02   5.1352476e-01  -8.0509862e-02  -3.8867152e-01  -3.0267381e-01   2.2431178e-01  -2.5988995e-01   1.6847846e-02   7.5010106e-02  -1.4808268e-01  -5.7753580e-02  -2.6580705e-01   6.3366359e-02  -1.3338114e-01  -1.2467438e-01   2.2091750e-01   5.8997898e-01  -4.1041329e-01   2.9145020e-01   1.3448958e-01   3.7312847e-01  -3.8930619e-02  -7.9708026e-02   5.3899810e-03  -5.9843428e-01   1.0265136e-01  -3.6513740e-01   2.3488450e-01   1.1673664e-01   3.9999526e-01   3.9828961e-01  -2.0925492e-02   3.1417886e-01   5.0472322e-02  -2.0670198e-03   2.6180771e-01   1.6818391e-01   4.9179574e-01   5.4784494e-01   1.5698747e-01   5.5524235e-02   6.6137313e-02  -3.2587347e-01  -2.7692994e-01   2.6030937e-01   3.4142339e-01  -4.4448209e-01  -4.5749591e-01  -3.3442150e-01  -4.2382298e-01   4.6743270e-01  -6.1531960e-01   2.5051187e-01  -1.6356310e-01  -4.5893833e-01   9.3475340e-02   3.3115460e-01  -3.0791241e-01   9.4594824e-02   2.9440364e-02  -5.4795724e-01  -5.8915496e-01   4.4007328e-01  -2.3191986e-01   2.9646225e-01  -2.9992829e-01  -1.0335454e-01   4.4889552e-01  -2.0375876e-01  -9.5714847e-02   6.4812620e-01  -5.9199400e-01   2.8702961e-02   1.5487340e-01  -3.2056123e-01   2.5495574e-03   1.2952382e-01  -2.8794158e-01   1.5513880e-01  -1.2613556e-01   1.5342751e-01   5.6530742e-01  -3.5222237e-02   3.0090468e-03  -2.8136768e-01   4.6947910e-01  -2.1016537e-03   2.2983438e-01  -3.0618753e-01   5.5035384e-01  -1.4505885e-01   2.0656178e-01  -1.3248202e-01   1.1858563e-01  -4.4887152e-01   2.0395925e-01  -1.5379664e-01   3.3928066e-01  -3.3947810e-01   2.1921448e-02  -2.5288089e-01  -5.5747336e-01   4.2128690e-01  -2.0533629e-01  -4.3020728e-02  -1.1424964e-01   1.9122741e-01  -4.7200142e-01   3.1797842e-01  -1.7140256e-02   1.9800422e-01  -4.5850849e-01   4.1428355e-01   3.1477233e-01   1.1447103e-01   4.7752774e-01   3.0883128e-01  -4.2155412e-01   4.6130519e-02   2.8973382e-01   4.6991703e-01  -4.0157841e-02  -1.1355146e-01  -5.9068617e-01  -3.9132234e-01  -4.9698051e-01  -4.9133297e-02   1.0621884e-01   3.6420423e-01   3.3044145e-01  -1.2790545e-01   6.2330713e-01   3.9616257e-01  -3.6284445e-02   1.8835917e-01  -2.7966097e-01   3.5186551e-01  -3.2807246e-01  -4.3996815e-02   9.7990946e-02   3.6268241e-01   1.5492918e-01  -6.2292509e-01
   1.2537458e-01  -5.7167992e-02  -1.3139013e-01  -4.6539119e-01  -3.4380545e-01  -7.2086552e-02   9.0280018e-02   3.8555252e-01   3.9427496e-02   2.0939873e-01   1.8098656e-01  -1.2951057e-01   0.0000000e+00   6.0554325e-03   2.2501429e-02   4.9737996e-01  -3.1616258e-02  -4.9275236e-01  -2.7859798e-01  -7.6077861e-02   2.3141032e-01   7.5973197e-02  -1.9356157e-01   1.5021596e-01   2.4541340e-02   1.7802365e-02  -1.0342480e-01   3.1870426e-01  -9.2769678e-02  -5.4901387e-02  -3.8514535e-01  -2.1646084e-02  -2.3692091e-01   5.7083004e-02   1.2337777e-01   9.5794311e-02   6.1963760e-01   2.4371061e-01   4.0288877e-01  -2.3972258e-01   7.5518072e-01   1.7695854e-02  -6.9839119e-04  -1.7072026e-01   4.5784783e-02  -5.2628801e-03  -1.9935274e-02  -3.5827962e-02   2.0743700e-01  -4.7994443e-01  -5.2638900e-02   4.2347063e-02   7.8852479e-02   4.5860116e-01  -8.9687255e-02   1.8577488e-01   3.4438085e-01   4.8873079e-01  -2.3703192e-01  -4.1447474e-01   2.9726902e-01  -1.5146059e-01  -3.1829611e-01  -1.0144818e-01   2.3674166e-01   7.8379609e-03  -3.0812539e-02   3.8263868e-01  -1.8397618e-01   1.0706592e-01  -9.7559593e-02  -1.0281169e-01   3.0741838e-01  -3.5566323e-02   4.0981371e-01   3.2862294e-01   2.5369357e-01  -4.3146960e-01   5.4850548e-02   5.1647993e-02  -5.6826866e-02   2.0850723e-01  -3.0303860e-02   1.3348203e-03  -3.5631704e-01   5.7091768e-02   2.4655766e-02  -1.3122095e-01   1.5732421e-01   4.5997349e-02  -2.4900430e-02   2.7042172e-01  -2.8873937e-01  -1.5326919e-01   2.0974912e-01   9.0649127e-02  -1.5457388e-01  -1.1259564e-01  -2.1478197e-01  -2.3469407e-02  -2.3806736e-01   2.3431746e-01  -9.8519812e-03  -3.0276314e-03  -4.3304003e-02  -1.3295037e-01   4.0056673e-02  -3.8535395e-01  -1.6387929e-01   3.1331756e-01   1.3472530e-01  -2.1931272e-01   5.1109473e-02   1.1524281e-01   7.4809470e-02   8.6262212e-02  -3.3501415e-02   7.1597424e-01   1.9762416e-01  -1.6754290e-01   7.2811275e-02  -1.7017266e-01   3.9413377e-02  -3.2813696e-02  -2.5464646e-01  -1.0396947e-02  -1.6527961e-01   2.1638940e-01  -3.4556370e-01   9.9018123e-02   3.3993363e-01  -3.0737404e-02   1.5707905e-01   1.0092615e-01   1.7435561e-01   3.6160307e-01  -1.0838171e-01   3.4210124e-01   3.6668814e-01   1.1968366e-03  -5.0075074e-02   5.4637122e-02  -6.0443401e-02   1.2706711e-01   5.6195729e-02  -3.2240279e-01  -1.3141970e-02   1.5736705e-01  -2.2602332e-01   4.4307321e-01  -1.9406046e-01   5.9872165e-02  -1.1534014e-01  -1.2688785e-01  -1.0295490e-01   8.2182328e-02  -2.1360106e-01  -6.7855759e-02   1.1570328e-01   5.7431058e-02   2.0456590e-01  -2.4964466e-01   1.2487411e-01  -6.4294788e-01   2.0973013e-01  -2.9164104e-01  -1.5601259e-01  -6.5791010e-02   3.0308669e-02   3.5582843e-02  -3.3431721e-01   2.8653599e-01   1.6958750e-01   2.0991393e-01   1.1284074e-01   2.0481328e-01   9.9164041e-02
   1.4213642e-01  -2.7895981e-01  -3.8353670e-02  -3.5613711e-01  -2.7568910e-01   2.0505469e-01   2.8423806e-01   2.7111508e-02  -5.5035232e-01  -3.7611133e-02  -2.5103529e-01  -3.6018113e-01   6.0554325e-03   0.0000000e+00  -4.2441060e-01  -5.9817304e-02  -1.6546955e-01  -3.3936322e-01  -4.1771617e-01   1.7109767e-02  -3.4959827e-01   1.2808056e-01   2.1627854e-01   1.6896628e-01  -6.1798207e-02  -9.1851174e-02   4.6349272e-01   2.3519858e-01   1.1799209e-01   3.0699871e-01  -1.2541442e-01  -6.2798946e-01  -3.4371664e-01   4.3254813e-01   1.1683355e-01  -5.4213524e-01   1.6204898e-01   2.5021863e-01  -2.6674223e-02  -2.3995775e-01   2.9362787e-01  -4.9281577e-01  -9.9429811e-02  -4.0660483e-02   4.1893449e-01   2.5502098e-01  -1.4126150e-01   2.0756363e-01   1.0855191e-01  -1.2890541e-01  -6.2066333e-01   1.0930508e-01  -2.5457512e-01  -1.1386788e-01  -2.7653175e-01   7.4581651e-03  -2.9583337e-01  -1.1479965e-01   5.3148724e-01  -6.6196681e-02   3.7211972e-01   3.2256608e-02   1.5656034e-01  -2.9045307e-01  -3.5107689e-01  -6.1087581e-02  -7.3638494e-02   2.5435293e-01   1.1550308e-01  -2.4332454e-03  -4.2243813e-01  -1.4062027e-01  -4.8743820e-01  -1.0474597e-01  -6.6155188e-03  -3.1038442e-01   2.2067430e-01   8.2303392e-02  -5.3852453e-01  -6.1360929e-01   3.6848840e-01   3.8072933e-01  -9.9541430e-02  -8.7300687e-02  -1.0608217e-01   3.7177505e-01  -5.5945540e-02  -7.0996835e-02   5.4835504e-01   2.0202780e-01  -6.8193928e-01   1.8556816e-01   5.5271213e-02  -1.8758184e-01   4.4653350e-01   4.3838143e-01  -8.3463597e-02  -2.6253170e-01   1.3640492e-02   4.7247186e-01   1.5509486e-02  -1.1016282e-01   2.2715235e-01   4.8473440e-01  -5.2623749e-01   5.4964713e-01  -4.8028133e-02  -3.0109172e-01   5.6688281e-01   1.9248077e-01  -3.6524581e-01   5.2942672e-01   9.4925998e-02   2.6466194e-01  -1.2972313e-01  -4.4099486e-01  -1.7238666e-01  -9.2463089e-02   3.6093151e-01  -3.7129565e-01  -2.3624145e-01  -4.6440004e-01   3.7492506e-01  -4.6811145e-01   2.0339030e-01   3.7687534e-01   4.7326770e-01  -1.7464209e-01   2.1137613e-01  -1.7261093e-01  -3.2599031e-01  -3.4788818e-01   6.6620913e-01  -3.9267750e-02   2.2689113e-01   2.4594592e-01  -6.4800079e-01   3.3299450e-01   7.3166070e-02   3.6264007e-02   1.3753970e-01   2.2241628e-01  -3.4986200e-01   1.6701134e-01  -1.0341763e-01   9.3524088e-02  -2.4740113e-01  -4.9434387e-01   3.3110193e-02  -4.2817467e-01  -2.0882652e-01   3.0496027e-01   6.8348285e-02  -3.5926391e-01  -4.5989495e-01   3.5721695e-02   3.6733387e-02   3.0762957e-01   6.8508352e-02   2.9845995e-01   3.3093438e-01  -4.3096179e-01  -6.4971526e-01  -3.9598536e-01  -3.1734025e-01  -3.5025125e-01  -3.3794350e-01  -5.1254084e-02  -5.0848788e-02  -2.1126696e-01  -4.2129600e-01  -4.2161298e-02   1.4538411e-01   8.6884343e-02  -2.0102178e-01  -8.9379658e-02   3.8651312e-01
