   0.0000000e+00  -4.4173640e-02  -1.3317568e-01   6.6541621e-02  -1.3616964e-01  -5.7980216e-02   6.8057579e-03   8.8855307e-02   2.2572578e-02   1.4482196e-02  -2.4889716e-01   1.4038342e-01  -1.4566927e-01   2.0982959e-01  -3.5006486e-02  -4.0897610e-01   3.2717455e-02  -3.9156133e-02  -7.7672984e-02  -8.3145772e-02   2.3507192e-02  -1.6815865e-01  -5.4820660e-02   7.9736227e-01  -1.5637754e-01  -3.7866881e-01   4.8061508e-02   1.9471851e-01  -1.6342142e-01  -9.1323182e-02   3.6241466e-03  -1.9811472e-01  -3.0461590e-01  -1.0711325e-01   1.1902697e-01  -2.4840953e-01   6.3972510e-02   2.0796559e-01  -2.5611674e-01  -7.2805505e-02  -2.0135325e-01  -2.0558486e-01   6.5788217e-02  -2.1996271e-02   1.1228675e-01   1.8910953e-01  -2.2073515e-01  -6.2931413e-02  -1.5335633e-01  -1.7669747e-01  -7.6922386e-02  -1.5339284e-01  -1.1178209e-01  -5.8129084e-02   1.1893311e-01  -8.4252351e-02  -9.9524163e-02  -6.8140716e-02  -6.5299161e-02   1.5583936e-02   9.0925758e-02   8.8334268e-02  -2.2314693e-03  -2.4971573e-02   1.6080189e-01  -1.8999952e-01   2.8999973e-02   1.2345660e-01  -1.8501750e-01   2.0872483e-01  -1.5978723e-02   2.9289103e-02  -2.4590301e-01   2.5118763e-01   7.1412826e-02  -5.9091072e-02   3.4841307e-01  -4.9981414e-02  -1.8782558e-01  -6.7935510e-02  -2.4277111e-01  -1.0407035e-01  -7.7370454e-02  -2.2405141e-01   1.5389870e-01  -4.7340297e-02   1.9854007e-02   5.0053605e-01   2.7047880e-02   8.2177801e-01  -1.5547939e-01   3.1913519e-01  -2.3453779e-01  -1.1804685e-01   3.3405427e-01  -1.6030369e-01  -1.0923742e-01  -1.7018899e-01   8.8790157e-02   2.1205912e-01   2.0568944e-01   6.2399947e-03  -1.7715864e-01   7.8174222e-02  -1.8901635e-03  -5.4077547e-02   1.8725944e-01  -3.1822385e-01   2.7287623e-01  -7.2659995e-02  -1.0796985e-01   1.7028896e-02  -8.5285232e-03   7.9539589e-01   3.3651275e-01  -1.3827217e-01  -2.1910542e-01  -1.7895190e-01   3.4242894e-04  -8.0075523e-02   6.0227333e-01  -1.0301007e-01  -4.6834704e-02   5.3143480e-02   5.6326915e-01   2.5411642e-01   1.5209716e-01  -4.4156967e-02   1.2566844e-01  -2.6633341e-02  -2.5809112e-01  -1.3775885e-01   2.1019922e-01  -1.6827361e-01   1.0169330e-01  -2.8812032e-02  -1.0653703e-01  -1.1567194e-01   4.7859333e-02   6.7477777e-01   4.0421124e-01  -1.0493475e-01  -1.3695659e-01   1.3688262e-01  -5.5554754e-02  -1.3575446e-01  -2.5222417e-02  -2.0689953e-01  -9.6918054e-02   4.5982091e-02   3.4442247e-01  -2.2633034e-01   5.9178034e-01  -7.9497933e-02   2.4060060e-02   6.2444091e-01   4.0486302e-01  -2.3004980e-01   1.6027168e-01  -1.3021138e-01   6.6645398e-02  -2.1079712e-01  -6.8311060e-02  -8.5207448e-03  -2.6185483e-01  -2.3153933e-02   8.9657950e-02  -1.6229417e-01   6.0861936e-01  -3.7257834e-02  -2.4559296e-02   3.4823984e-01  -4.3637617e-02   7.7154503e-02  -4.0644928e-02   5.2715805e-02  -1.7931261e-01
  -4.4173640e-02   0.0000000e+00   2.5435194e-02   3.4708272e-01   4.2732292e-01   4.0302326e-01   2.3509346e-01   1.6040297e-01   2.5276939e-01  -3.4757079e-01  -1.9260702e-02   4.0981802e-01  -1.7340727e-01   5.0590432e-01   3.3238209e-02  -1.5005140e-01   3.4699804e-01   1.9071556e-01   8.9043423e-02   2.2180459e-01   5.4700844e-01   3.2250397e-01  -8.4216363e-02  -2.5380595e-02   2.5569865e-01   5.2925414e-02   6.5683056e-01   6.5726605e-02  -7.4617396e-02   4.5758800e-01   8.1366736e-04   3.7531805e-01   6.1524709e-02  -2.9618240e-01   3.5906896e-01   3.9645684e-01  -4.3934552e-02  -2.8048990e-01  -1.6802230e-01   6.4790003e-02   1.2497873e-02  -1.3609216e-01   1.5733331e-01   7.0894548e-02  -2.7168690e-02  -1.3175979e-01   3.3776348e-01   2.9197433e-01   3.6726814e-01   1.5026483e-01   1.1176778e-01   7.7263333e-02   2.2182774e-01  -2.7162514e-01  -3.9250940e-01   2.9968923e-02   1.2666330e-01   3.1637234e-01   3.1876776e-01   5.3801274e-01  -2.5728832e-01   7.3585731e-02   9.7448553e-02   4.5011187e-01   5.7415931e-02  -3.3110972e-01   5.4019018e-01   6.5930623e-02   3.6973711e-01  -2.2112579e-01   2.9819826e-01   3.2931538e-01  -3.9232538e-01   3.6501125e-02  -4.4497260e-02   1.1944893e-01  -2.8005358e-01   2.6310316e-01   4.5369804e-01   1.5461270e-01   1.0075871e-01  -2.2847827e-01   1.0114067e-01   3.4138762e-01   2.4889586e-01   4.9522224e-02   6.8052408e-01   9.7714794e-02  -2.6438125e-01  -5.3647008e-02   5.4974182e-01  -3.6145161e-01  -1.1216790e-01   2.1948763e-01  -3.1526898e-01  -1.1096225e-01   2.1109989e-01   2.5250099e-01   2.4758407e-01  -6.4933104e-02   1.2187062e-01  -5.3153466e-03   1.2942778e-01   4.0095653e-01   3.1226770e-01   3.7493510e-01  -2.4504206e-01   2.6456068e-01   1.7541426e-01   3.8375591e-01  -2.5282657e-01   3.5792610e-01   3.4739840e-01  -8.9606711e-02  -1.4138050e-02   4.9636001e-01   2.5231774e-01   2.9601255e-02   2.9510162e-01   4.0797213e-01  -1.7801928e-01   1.6803619e-01   3.4965828e-01   2.6227211e-01  -1.6315607e-01   3.9313582e-01   2.3955175e-01  -1.6927099e-02   3.0514743e-01   3.3435593e-02  -9.4932280e-02   1.1732964e-01   6.0731636e-01   1.3663045e-01   2.3044655e-01   1.1537538e-01  -5.1694966e-02   1.1935929e-01   5.5687169e-02  -1.2105865e-02  -1.2716128e-01  -2.8067074e-01   3.2760082e-01   4.1466588e-02  -2.1637690e-02   5.1368054e-01  -2.6936518e-01   1.3342256e-01   1.8568211e-01  -7.1841741e-02  -3.1278291e-01   2.2862021e-01  -1.1679690e-01   5.7479840e-01   1.1524107e-01  -1.5478169e-02  -3.3526876e-01   3.0306034e-01  -4.3560250e-01   1.3431980e-01   2.1817265e-02   3.4553061e-01  -2.6199786e-01   6.7420896e-01   3.5009352e-01  -1.1726370e-01   4.4851229e-01   1.1542621e-01  -2.9993864e-01   3.0640446e-01   1.6006678e-01  -1.7269179e-01   3.3837034e-01   3.0380270e-01   5.8500321e-02  -1.7895146e-01   4.6004530e-01
  -1.3317568e-01   2.5435194e-02   0.0000000e+00   1.1666962e-02   1.0747964e-01   1.6360513e-02  -1.1997355e-02  -1.8908595e-01  -8.6710192e-02   3.6854623e-01   8.5140486e-02   1.8690359e-01  -1.5194428e-01  -1.3280591e-01   1.1767977e-01  -1.2450966e-01   5.0667213e-01  -4.2131760e-03  -9.2259734e-02   1.5775091e-01  -1.4628382e-01  -1.2374050e-01   4.5789158e-02  -2.2157514e-01  -3.0017517e-01   9.8618041e-02   1.6256706e-02   5.7838937e-02   5.4433600e-02  -1.1431928e-01   1.9450537e-01  -9.7140346e-02   3.7802472e-02   2.0756862e-01  -1.3966455e-01   5.0463728e-02  -2.0002424e-01   2.5948922e-01  -2.5966737e-01   6.2524314e-01  -6.7219522e-02  -4.4243782e-03  -1.0019193e-01   1.2327457e-01   1.6025962e-01   7.3015769e-01   6.7814078e-02  -1.0384929e-01  -7.1590694e-02   6.0714488e-01   4.8436879e-02  -1.2206216e-01  -1.0590849e-01   2.5319667e-02  -1.7835399e-01   1.0011972e-01   4.5097719e-02  -1.3727703e-01  -1.2503011e-01   2.3126155e-02   6.0974173e-01   1.2611584e-01   4.1554636e-02   1.0688743e-01  -8.9973504e-02   3.6246047e-01   2.1421827e-02   1.9308537e-01  -1.6331172e-01   6.8173034e-01   1.3192827e-01  -1.4914120e-01  -1.0482037e-01   3.0481546e-01  -1.0336108e-01  -3.1703624e-02   3.2001103e-01   5.0602780e-03  -1.3853028e-01  -2.8107712e-01   1.5288977e-01  -2.9807928e-01   1.7573733e-01  -1.1870485e-02   2.5484953e-01  -7.8266828e-02  -2.2860921e-01  -1.4014170e-01  -8.1808336e-02  -7.7751959e-02  -1.3852416e-01   3.8944140e-01   1.3638029e-01  -1.0018430e-01   2.8993599e-01   3.0319015e-01  -1.8759240e-01  -2.3223517e-01   8.6558208e-03   8.0251610e-02   4.0448101e-01   1.4785462e-01  -6.0007947e-02  -4.9022080e-02  -1.5066800e-01  -3.1159010e-02   9.1163208e-02  -1.3940921e-01   8.6327374e-02  -1.6989334e-01   3.5025602e-01  -1.3968234e-01  -2.0245382e-01  -1.5737928e-02   2.5527652e-01  -1.1959885e-01  -7.4398998e-02  -7.2561393e-02   2.1793533e-01  -1.7208897e-01   6.9367474e-03   7.6022999e-02  -1.4209103e-02   3.6184624e-02   2.1516057e-01   7.2115506e-02   6.1065457e-02  -1.9092081e-01  -1.1508316e-01   5.8826466e-01  -2.6015823e-01   1.4862389e-02   4.1073870e-02   2.6052385e-02  -1.4899806e-01   5.5322278e-03  -1.8384651e-01   6.7369100e-02  -1.6704665e-01  -1.4226773e-01  -1.6704827e-01  -2.0651016e-01  -1.2479441e-01   4.9694127e-01   1.8795499e-01  -1.7502452e-01   4.3628154e-01   1.5554636e-01  -2.9742059e-02   2.1577569e-01   3.8993233e-01  -5.3529584e-02   8.7362502e-02   1.5146655e-02   7.5205351e-01  -1.9412371e-01   1.1910931e-01  -8.3688333e-05   9.3386377e-02  -1.6303107e-01  -5.0630051e-02  -8.0085221e-02   4.2276872e-01  -1.8822770e-01  -7.0622561e-02   1.1148361e-01  -1.9145432e-01   1.0015764e-01   3.0593808e-02  -1.5530009e-02  -8.0549019e-02   6.1495802e-02  -5.5443322e-02   2.1448062e-01  -6.2699715e-02   1.2031221e-01  -5.4535355e-02
   6.6541621e-02   3.4708272e-01   1.1666962e-02   0.0000000e+00   5.4064493e-02   2.2206107e-01   3.3607572e-01   7.9629787e-02   4.4359244e-01  -1.7339013e-01   1.8235854e-01   2.2474878e-01  -8.0291501e-02   2.6509734e-01   6.5250075e-02  -6.6977415e-02  -7.7671706e-02   3.4928629e-01  -4.7725534e-02  -4.3723640e-02   3.3647626e-01   3.4434232e-01   2.1769441e-01  -4.1406986e-02  -9.5441829e-02   9.2323153e-02   3.7802712e-01   2.1891550e-01  -1.9230399e-01   4.7421561e-01  -5.9086094e-02   4.6131707e-01   1.7803135e-01  -2.3753398e-01   1.6789677e-01   4.2720572e-02   4.3971040e-02  -1.9715431e-01  -1.5300580e-01   3.8008733e-02   1.3647472e-01  -1.0813021e-01  -8.7052842e-02   1.4889965e-01   2.0419947e-01  -3.7513084e-02   4.2345605e-01   3.2519073e-01   5.8260488e-02  -1.2528721e-01   2.3176426e-01   5.5120039e-02  -1.5520804e-01  -3.5313024e-01  -3.2124320e-01   2.1129573e-01   2.9877925e-02   5.1688541e-01   3.5575334e-01   4.8963943e-01  -1.2332976e-01   1.8049906e-01   1.7080899e-01   2.5525658e-01   9.1944201e-02   9.0871829e-02   2.6922622e-01   2.7223389e-01   3.0051569e-01  -2.4973758e-02   4.5913680e-02   6.8333483e-01  -2.8609248e-01   1.5952817e-01  -5.2264741e-02   4.2978772e-01  -1.9308199e-01   2.8942639e-01   3.7958592e-02   3.8729985e-01   8.8427514e-02  -2.7777537e-01   3.0612711e-02   1.7559731e-01  -1.8299064e-02   3.6070535e-01   1.1740169e-01   8.5781581e-02   1.9282438e-02  -4.8934524e-02   1.1111115e-01  -1.2887740e-01  -2.8244999e-01   4.1284462e-01  -1.4990479e-01  -1.7606204e-01   2.1870719e-01   1.1649457e-01   2.2517978e-01   5.3895336e-02   8.5532742e-02  -2.7005862e-02   3.6388778e-01   5.4718356e-01   4.7500933e-01   4.5181468e-01  -3.8163614e-01   2.4450360e-01   2.9353988e-02   1.2750667e-01  -3.7085692e-02   4.5523918e-01   5.8517391e-01   3.1264364e-02   2.0152352e-02   1.2743522e-03   1.0223205e-01  -7.3113846e-02   1.8021569e-01   7.7029544e-01  -1.9485218e-01  -6.2515232e-02  -1.3868639e-02   2.8041525e-01  -4.1767050e-02   2.7014255e-01   3.3820115e-01  -8.5903050e-03   5.7210564e-01  -4.0619136e-02  -3.1751411e-01  -1.2865480e-01   3.2112295e-01   1.1381338e-01   6.1653076e-01   4.0252245e-01   3.0480076e-02   4.3821493e-02   3.5946480e-01  -1.9762155e-01  -7.5781730e-02  -2.2827328e-01   1.9183685e-01   1.8316739e-01   2.0009982e-01   3.3704929e-01  -2.3433683e-01  -4.5697307e-02   2.0333083e-01  -7.0914238e-02  -9.5401580e-02   1.0071866e-01  -3.5341914e-02   1.5503053e-01  -1.0367025e-01  -1.4737604e-01  -2.9052266e-01   3.1330477e-01  -4.9664385e-01   2.7958040e-01  -6.4939317e-03   2.2738592e-01  -3.5282001e-02   5.4377838e-01   4.2346808e-01  -2.6213336e-01   2.5500787e-01  -1.0101354e-02  -1.7064863e-01  -4.3111744e-02  -8.7244007e-02  -1.8344821e-01   5.8671182e-01   2.0329437e-01   8.6761147e-02   7.5386284e-02   4.0713703e-01
  -1.3616964e-01   4.2732292e-01   1.0747964e-01   5.4064493e-02   0.0000000e+00   1.7072872e-01  -1.8932774e-01   1.2707432e-01   1.0710418e-01   1.5214518e-02  -1.5852586e-01   3.0596039e-01   7.7306341e-02  -1.7112965e-01  -1.5798156e-01  -2.0364032e-01   4.7655138e-01   7.2819853e-02   1.1663890e-03   8.6956566e-01   1.5982386e-01   2.1994056e-01  -1.6696238e-01   5.5827694e-03  -9.2829254e-03   8.8025387e-02   4.8144111e-01  -2.2832612e-01  -4.4166916e-02   4.2887333e-02   2.2546281e-01   2.3355939e-01  -1.0716923e-01   4.4313357e-02   1.2974714e-01   6.4226781e-01   1.4962655e-01  -1.3309244e-01  -1.5611571e-01   3.4101439e-01   1.6247964e-01  -1.6506185e-01   2.9892891e-01  -9.5069646e-02  -1.1391523e-01  -1.9309008e-02   1.6862989e-01  -2.2645896e-01   4.1623832e-01   2.6545397e-01  -1.5053745e-02  -9.9372976e-03   5.3744201e-01  -8.9528881e-02  -3.3906271e-01  -1.6472888e-01   5.9052604e-02   2.5025435e-01   1.8790842e-01   4.2438271e-02   6.8667234e-02   2.3402517e-01  -1.0709158e-01   2.1191692e-01   3.3991801e-01  -1.8325757e-01   3.4918087e-01  -1.5686998e-02   8.0070739e-02  -2.6040046e-01   4.2254702e-01  -2.1579244e-02  -6.0632677e-02   1.5476908e-02   1.0256994e-03   1.2633873e-01  -1.2727622e-02   1.9091747e-01   6.7070726e-01   6.8412107e-02  -1.1820244e-01  -8.6963220e-03   4.7124855e-01   1.7013848e-01   6.0171655e-01  -3.6034163e-02   1.4081037e-01  -2.5497556e-01  -1.7659019e-01  -2.5635465e-02   7.2067347e-01  -1.7653174e-01   3.1269521e-01   1.1001764e-01  -2.8277405e-02   6.5105582e-01   1.3598868e-01   4.5780564e-02   2.5245035e-01   2.0770638e-01   4.2191516e-02  -2.8361159e-02   3.3521643e-02   7.6754697e-02   6.9071178e-03   3.8212955e-01  -1.4616574e-01   1.3260006e-01   1.2455836e-01   1.0543290e-01   2.6531878e-01   1.3427454e-01  -1.8209181e-02  -7.1363995e-02   2.9244619e-03   6.4786610e-01   6.0297130e-02   9.7453103e-02  -1.1758015e-01   1.3328442e-01  -2.7614430e-02   7.7223184e-01   3.6040864e-01   9.5173540e-02   3.2407705e-02   5.9449179e-02   2.7267015e-01   3.7740206e-02   1.7432027e-01   1.5135209e-01   6.8350679e-02   2.4469746e-01   1.9048665e-01   2.7431088e-02  -2.8069791e-02   9.7128324e-02   1.1871851e-01  -1.3455341e-01   5.7502525e-03  -8.2715117e-02  -4.6023276e-03  -1.0894520e-02   1.6395307e-01  -2.1839063e-02  -1.8956419e-01   2.1773438e-01   1.4763800e-01   2.8820537e-01  -2.8241966e-01   2.2707770e-01  -9.9535486e-02   3.7138694e-02  -9.9258409e-02   2.5411297e-01   3.6998249e-01   7.5483193e-02  -1.3151205e-01   5.6919626e-02  -1.2517028e-01  -1.5147067e-01  -7.7538685e-02   3.8246477e-02   5.1723575e-02   2.1517295e-01   4.0757080e-01   5.0016966e-01   3.0617856e-01  -7.6615304e-02  -2.1355090e-01   7.4977848e-01   4.2776092e-01  -1.4962485e-01  -8.1748458e-02  -4.2766982e-02   9.6109978e-02  -1.2369643e-01   3.6761166e-01
  -5.7980216e-02   4.0302326e-01   1.6360513e-02   2.2206107e-01   1.7072872e-01   0.0000000e+00   4.5556669e-01   3.2715256e-01   3.8342400e-01  -2.1098942e-01   1.1496179e-01   4.4359018e-01  -2.0079738e-01   4.3921905e-01   1.6939500e-01  -5.9045828e-02  -7.1011225e-02   7.3727024e-02   4.2510456e-01   5.8312256e-02   4.1219974e-01   4.0617366e-01   1.3240782e-01  -2.6087838e-02   1.7102834e-01   2.6534001e-01   5.1796951e-01   3.0388688e-01   1.6797676e-01   4.3577469e-01  -1.0812106e-01   4.3395524e-01   3.7961223e-02  -1.6889844e-03   2.7886963e-01   4.4386576e-01   7.0912483e-02  -4.1196240e-01  -9.5133990e-02   5.1503845e-02  -9.6191750e-02  -2.4176752e-01   7.6985163e-02   1.9939668e-01  -1.5464926e-01  -2.3319592e-01   3.4089661e-01   4.9146517e-01   1.6627738e-01  -1.6334216e-02   1.9097858e-01   2.8913462e-01   1.1399544e-01  -2.6789202e-01  -2.8724658e-01   3.2334789e-01   3.8375178e-01   4.1691398e-01   2.9582137e-01   4.4537956e-01  -2.7618625e-01  -5.4258651e-03   6.9773880e-02   1.1713073e-01   1.0248013e-01  -1.0377277e-01   7.9146144e-01  -1.2695776e-01   5.6063897e-01  -5.1903835e-02   1.9479923e-01   2.5981356e-01  -3.3191716e-01   1.4593814e-01  -1.8728473e-01   1.4375711e-01  -3.9918481e-01   1.7592391e-01   3.1726296e-01   1.5175239e-01   3.4426214e-01  -2.2789826e-01   1.6956942e-01   3.6899284e-01  -7.4749365e-02   2.0352253e-01   2.8346114e-01   2.6862924e-01   1.0538342e-01  -1.8926488e-01   2.5870508e-01  -3.2094345e-01   1.6365616e-02   2.9336456e-01  -4.7662134e-01  -2.1697739e-01   1.8942249e-01   5.5526501e-01   2.8590676e-02   1.8310017e-03  -4.5186508e-02   9.1757852e-02   3.2707124e-01   2.2418678e-01   3.7591942e-01   4.1211368e-01  -3.8339910e-01   5.9949174e-01   1.0531772e-01   4.0338348e-01  -5.0025658e-02   4.8941033e-01   2.6026911e-01  -1.3998499e-01  -2.7326891e-02   1.9591073e-01   3.6641810e-01  -1.2352257e-02   3.8690511e-01   4.3355815e-01  -2.1696750e-01   1.6029483e-02   8.5773918e-02  -2.6962433e-02  -2.5671387e-01   4.7287700e-01   1.5764444e-01  -1.0528510e-01   3.3378718e-01   9.6606486e-03  -1.0509292e-02   7.9497720e-02   4.1075165e-01   2.4572652e-01   2.1764038e-01   1.2276623e-01  -1.5851844e-01   2.3347296e-01   1.5641486e-01  -2.0660453e-01  -2.7406738e-01  -2.0475905e-01   3.0403919e-01   1.5107544e-01   1.7395691e-01   3.1057505e-01  -1.1284478e-01   2.4012605e-01   4.9555216e-01  -1.1573729e-01  -2.0396710e-01   4.4040801e-01  -1.8726051e-01   3.4326304e-01  -2.8871274e-02  -6.1628848e-02  -3.5214922e-01   1.6452147e-01  -4.4870875e-01   4.1314217e-01  -6.5547567e-02   3.1395418e-01  -2.3774194e-01   4.0206847e-01   4.0770316e-01   4.8398882e-02   2.4655735e-01   2.2612968e-01  -2.3542406e-01  -1.8391982e-02   3.5046887e-01  -3.1587279e-01   1.3948384e-01   5.8111698e-01   9.9608926e-02  -4.2783812e-01   4.9451523e-01
   6.8057579e-03   2.3509346e-01  -1.1997355e-02   3.3607572e-01  -1.8932774e-01   4.5556669e-01   0.0000000e+00   1.4286104e-01   2.7955158e-01   7.0022991e-02   4.1894110e-01   5.1098152e-01   1.0415570e-02   3.0289477e-01   4.8717123e-01   1.1046116e-01  -3.4758633e-01   1.3548606e-01   1.0667923e-01  -2.1612192e-01   3.3210721e-01   7.9442724e-02   5.8148001e-01  -9.3341297e-02  -1.2173105e-02  -2.4425129e-02   2.3325444e-01   2.1075623e-01   1.2078453e-01   2.7961824e-01   2.0592382e-01   3.1946700e-01   1.9627894e-01   1.8647778e-01   3.1702125e-01   1.4263964e-01   1.7465399e-03  -9.9142133e-02  -3.3390772e-02   5.6048108e-02   4.0622825e-02  -4.7231022e-02  -1.5292378e-01   3.1012480e-02   2.4281788e-01  -4.0275425e-02   3.2208508e-01   4.7682426e-01  -3.2528959e-02  -8.7514722e-02   3.5799148e-01   5.2874617e-02  -9.3943579e-03  -1.8211083e-01  -1.2669110e-01   3.1599176e-01   1.0114555e-01   2.1566855e-01   4.0199016e-01   3.2947340e-01  -1.7968824e-01   6.1682172e-02  -7.2847524e-04   2.4314277e-01   1.1867007e-01   1.6568906e-01   3.3402939e-01  -9.9631126e-02   1.5974550e-01   2.3336903e-01   3.4135721e-01   2.6151974e-01  -2.2335646e-01   1.0734282e-01  -2.3343151e-01   1.2812084e-01  -2.1681331e-01   1.4995842e-01  -7.7481557e-02   1.3798975e-01   3.7053344e-01  -1.6452558e-01   8.9339694e-02   6.8695651e-02  -2.5752718e-01   1.9414514e-01   2.0519858e-02   1.9711582e-01   1.5678446e-01  -1.2595053e-01  -1.7600405e-01  -9.2445039e-02  -5.1265276e-02   5.6556942e-02  -1.8201347e-01  -3.9115256e-01   1.7412312e-01   2.1667937e-01   1.5348609e-01   2.1524895e-01   2.7423865e-01   3.7919527e-01   1.8010293e-01   2.5484936e-01   3.6472907e-01   3.4197034e-01  -2.6479754e-01   1.5916814e-01   1.8198468e-01   2.4694993e-01   6.1451026e-02   2.2124312e-01   1.8674735e-01   2.1094672e-02   2.0771996e-01  -1.1487987e-01   3.8611201e-02   1.0695949e-01   3.1873799e-01   3.9046043e-01  -1.7233256e-01  -4.1463736e-01  -1.9714759e-01   2.3295912e-01  -7.5024909e-02   2.2139874e-01   7.5448110e-02  -2.0620593e-01   2.4193156e-01   1.2629891e-01  -1.5538042e-03   2.9429876e-01   2.3500797e-01   4.7193682e-01   1.2923949e-01   1.8080764e-01  -9.5356805e-02   3.1106156e-01   2.3649077e-01  -8.2752619e-02  -3.0780862e-01  -1.6963681e-01   1.5090540e-01   1.1091343e-01   3.8443623e-01   3.5629606e-01   1.7460321e-01   1.8142855e-01   5.1729016e-01   6.3533087e-02   9.0047890e-02   1.1614788e-01  -5.5797918e-02   3.1638439e-01  -8.4260006e-02  -1.2524194e-01  -1.4085214e-01   2.9117686e-01  -3.2155893e-01   2.5606630e-01  -1.5647848e-01   3.0127850e-01  -1.1755480e-01   2.8057714e-01   1.0345151e-01  -4.8136369e-02   1.1567503e-01  -3.8804560e-02   4.5876522e-03  -1.9814742e-01   1.9336187e-01  -2.9174258e-02   2.7629156e-01   2.9368998e-01  -1.3246305e-02  -1.8949446e-01   2.0966314e-02
   8.8855307e-02   1.6040297e-01  -1.8908595e-01   7.9629787e-02   1.2707432e-01   3.2715256e-01   1.4286104e-01   0.0000000e+00   2.1858542e-01  -3.5136173e-01   4.2934875e-02  -1.6355588e-02  -2.1554195e-01   2.7509041e-01   1.1696530e-01  -1.1788751e-01   2.4796095e-02   2.6844840e-02   2.3694403e-01   4.7409725e-02   1.7843516e-01   4.5445611e-01   1.3559496e-02   1.3620704e-01   2.1163150e-01   3.7057581e-01   2.4047458e-01   4.8978665e-01   2.1904475e-01   3.1221085e-01  -4.9762419e-02   2.8533002e-01  -1.4414079e-02  -9.7913005e-03   2.4474974e-01   1.9984143e-01   1.3930041e-02  -2.9915913e-01   4.5313025e-02  -1.0248694e-01  -1.4031701e-01  -4.8922050e-01   1.2414446e-01   2.1308182e-01  -2.1571167e-01  -2.1811750e-01   6.1168808e-02   2.8953097e-01   7.2285048e-03  -1.1421903e-01  -6.2265007e-02   7.2010117e-01   1.3688790e-01  -1.1893144e-01  -3.1002234e-01   2.6276040e-01   1.4075961e-01   4.4734571e-01   3.0871057e-01   2.0373053e-01  -1.8141106e-02  -1.1402376e-01   1.5241999e-01   1.1777752e-01  -7.5002414e-02  -1.5852084e-01   4.7455996e-01  -8.6850268e-02   4.1607903e-01  -2.0683848e-01  -2.0729981e-02  -2.1420602e-02  -4.3017356e-01   9.8281978e-02  -8.5137704e-03   3.2504236e-01  -4.1789173e-02   1.8910844e-01   3.0478649e-01   1.3959585e-01   4.2606427e-01  -1.2845597e-01   1.2434365e-01   6.6378462e-01  -6.0420945e-02   2.6509149e-01   5.5827780e-02   2.3197455e-01  -8.7687176e-02   2.3459887e-02   2.7950268e-01  -1.7304871e-01   2.1077846e-01   2.8937259e-01  -2.2184218e-01  -1.9081628e-01   8.5014072e-02   3.3815805e-01  -4.0875662e-02  -3.2482748e-02  -1.0340503e-01   1.3194160e-01   6.8057939e-01   1.2018853e-01   1.5861339e-01   4.5111605e-01  -1.4032604e-01   4.9479526e-01  -2.0873672e-02   1.5642486e-01   6.5784062e-03   3.8888846e-01   1.4800378e-01   1.0245460e-01   9.5926415e-02   3.0096945e-01   4.7138581e-01  -2.0316066e-01   2.9195302e-01   2.3562788e-01   1.1113670e-02   5.1540401e-02   2.3427853e-01   1.1033818e-01  -3.7381297e-02   2.5073414e-01   1.6869656e-01  -5.4798893e-02   2.2813023e-01   1.4437804e-02  -1.0205502e-02   7.1966472e-02   2.0395449e-01   2.0115607e-01   1.2406195e-01   4.5765370e-01  -2.0113142e-01   3.6814260e-01   4.4361996e-01  -1.0312984e-01  -1.2439294e-01  -2.3434978e-01   4.0490504e-01   1.7557327e-01   1.7449060e-01   3.1122566e-01  -1.8895714e-01   1.1346196e-01   1.1860201e-01  -9.8420225e-02  -1.0898857e-01   6.0506870e-01  -8.9272350e-02   1.7537129e-01  -1.3010925e-01  -2.9411615e-02  -2.5477373e-02   5.5739364e-02  -2.4422504e-01   6.3583610e-01   4.3630037e-02   4.6964208e-01  -2.6754146e-01   1.9209056e-01   1.3452857e-01   2.3230129e-02   3.6048273e-01   2.6765634e-01  -3.8604619e-02   2.0389715e-01   1.6432299e-01  -2.1903694e-01  -3.6088344e-02   6.1853397e-02   1.3670459e-01  -4.3731520e-01   3.0276039e-01
   2.2572578e-02   2.5276939e-01  -8.6710192e-02   4.4359244e-01   1.0710418e-01   3.8342400e-01   2.7955158e-01   2.1858542e-01   0.0000000e+00  -1.6520374e-01   1.1377187e-01   2.0752431e-02  -1.8802455e-01   8.5127659e-02   8.0981329e-02   5.6076957e-02  -1.5559938e-01   3.5344850e-01   4.3270628e-02  -1.6003002e-02   3.3531117e-01   4.7196811e-01   7.9281679e-02  -1.1689561e-01   1.6349003e-01   1.3425333e-01   4.8627748e-01  -3.2022250e-02   1.7100673e-01   3.9148666e-01  -5.7837374e-02   5.3219429e-01   1.0859580e-01  -1.8658307e-01   3.0282342e-01   2.6096122e-01  -1.5206548e-01  -1.2468293e-01   8.4935122e-02   1.0237882e-01   2.3258100e-02  -8.4280210e-02   1.2653816e-01  -1.2285608e-01  -5.0404555e-02  -1.5071654e-01   4.0097661e-01   2.3476723e-01  -4.4542334e-02  -1.1392232e-01   2.3821875e-01   1.1062886e-01  -1.9739190e-02  -2.1302886e-01  -3.2181130e-01   2.2575205e-02   1.4021038e-01   5.9587007e-01   2.9524914e-01   4.5984354e-01  -2.3282879e-01  -1.4140960e-01   3.8899353e-01   1.4806517e-01   9.4248544e-02   8.3297761e-02   3.6810205e-01   9.0270235e-02   4.5335939e-01  -1.4038964e-01   1.7130466e-01   4.5844724e-01  -3.6169009e-01  -2.4840567e-01  -1.9808923e-01   4.7316148e-01  -3.4739322e-01   2.6573469e-01   7.4308993e-02   3.4364554e-01  -2.4308720e-02  -1.4463151e-01  -3.2737216e-02   1.1160021e-01  -2.1055376e-01   5.0365829e-01   2.7919441e-01   9.7244035e-02   2.3033590e-01  -1.4836778e-01   1.7595322e-01  -2.6020622e-01  -1.5129775e-01   5.9777960e-01  -1.7209420e-01  -1.9208380e-01   2.2222020e-01   2.2061614e-01   1.2415238e-01  -8.1622372e-02   4.7906506e-02  -1.9598853e-01   3.6679249e-01   6.9938911e-01   4.5773762e-01   4.8181804e-01  -2.6651937e-01   3.3062694e-01   1.3379231e-01   1.2132320e-01  -2.2523113e-01   4.0617857e-01   5.4269763e-01  -1.7136570e-01  -1.7182783e-01   3.4767469e-02   9.2627029e-02  -2.0186665e-01  -6.5617925e-03   4.6999118e-01  -2.4812375e-01  -4.1797155e-02   9.8879066e-02   1.3221380e-01  -1.8610218e-01   7.2526428e-02   2.7250629e-02   9.7232053e-02   6.4273099e-01  -1.1907600e-01  -1.0577085e-01  -1.7147220e-01   1.2158792e-01   2.0118104e-01   6.8126417e-01   4.3866651e-01  -6.2322536e-02  -9.6643211e-03   5.0264633e-01  -5.1302586e-02  -1.8251450e-01  -2.1550352e-01   3.4034869e-01  -4.0767190e-03   1.1143761e-01   2.6432930e-01  -2.6544747e-01   2.3560955e-01   2.7956728e-01   1.3686444e-02  -3.5267405e-01   9.6552844e-02  -2.1700745e-01   1.0182615e-01  -1.1155249e-01  -1.1005265e-01  -2.8258996e-01   1.2572826e-01  -3.6330889e-01   3.2094827e-01   4.1206716e-02   2.4212078e-01   1.4635440e-02   3.4870418e-01   3.9862409e-01  -1.3618997e-01   2.7575271e-01   5.7574073e-02  -1.6683665e-01  -4.3073442e-02   8.0836444e-02  -9.8923649e-03   3.4724479e-01   3.0109625e-01   2.0229495e-01  -2.2713397e-01   5.0067083e-01
   1.4482196e-02  -3.4757079e-01   3.6854623e-01  -1.7339013e-01   1.5214518e-02  -2.1098942e-01   7.0022991e-02  -3.5136173e-01  -1.6520374e-01   0.0000000e+00   1.6958730e-01   3.0472016e-01   3.6872331e-01  -5.5131465e-01   1.6696130e-01  -9.8255041e-02   1.1618516e-01  -1.7736506e-01  -3.9503744e-02   2.1166243e-01  -3.9177117e-01  -4.1992304e-01   4.0340241e-01  -1.1133778e-01  -4.8062315e-01  -2.2072900e-01  -2.6082726e-01  -2.5960416e-01   2.4329104e-03  -5.6455088e-01   5.3658901e-01  -3.3085329e-01  -7.5018293e-02   6.1603608e-01  -2.4057759e-01   1.8136968e-02  -4.5854448e-04   5.7043588e-01  -1.6289793e-01   4.7146156e-01   1.7435648e-01   5.1670041e-02  -1.0538049e-01  -1.5140181e-01   5.2096732e-01   5.3994848e-01  -1.3055053e-01  -5.0782891e-01  -1.2037706e-01   1.3427819e-01   6.4097620e-02  -4.4227693e-01   2.4278616e-01   9.4173395e-02   4.5129192e-02  -8.2565102e-02   1.5570080e-01  -3.5055096e-01  -2.3634146e-01  -2.4666763e-01   4.9209852e-01   3.4725416e-01  -1.4095616e-01   1.3896823e-01   2.3293401e-01   7.4316001e-01  -3.9114913e-01   1.7058945e-01  -5.2164523e-01   4.5760382e-01   3.0504652e-01  -1.9460916e-01   2.4443820e-01   8.5511523e-02  -2.0546204e-01  -2.0794569e-01   3.6901671e-01  -1.2179811e-01  -2.9834877e-01  -3.5870431e-01  -8.2752968e-02  -2.1524406e-03   1.9795858e-01  -3.9226969e-01   2.9453206e-01  -1.8999152e-01  -4.3857481e-01  -3.8038047e-01   9.0907431e-02   7.5636926e-02  -3.4669831e-01   2.8567988e-01   3.7984606e-01  -2.3720948e-01   5.1834281e-01   4.6463221e-01  -2.2286712e-01  -2.1415691e-01  -1.9619148e-01   5.5419457e-01   4.1709661e-01   4.1113458e-01  -4.4454529e-01  -3.9946091e-02  -2.4255441e-01  -9.8207414e-02   6.4967759e-02  -4.2023853e-01   3.2008521e-01  -3.0949707e-01   5.4522643e-01  -4.7660727e-01  -2.6826580e-01   1.1955002e-01   4.0549512e-01  -2.4975889e-01  -3.8251347e-01   2.3026222e-01  -2.7053947e-01  -2.9354293e-01   3.0829633e-02   6.9237088e-02  -1.8846739e-01   1.0020318e-01   3.6868589e-01  -4.1114879e-01   4.4812402e-02  -1.5652186e-01  -2.3650258e-01   4.1139743e-01  -1.7053032e-01   3.2534164e-01  -3.3257046e-01   1.2521542e-01  -1.8435284e-01  -1.6682275e-01  -9.8663919e-02  -1.9465041e-01  -1.1993007e-01   5.6254705e-02  -1.0270927e-01   4.3047507e-02  -2.8734778e-01   1.0643645e-01   1.5874450e-01  -3.1257674e-01   7.5225120e-01   1.5450244e-01  -1.2061034e-01   4.9991785e-01   5.6688510e-01  -4.9587249e-01   1.1429615e-01  -1.4273938e-01   4.8208529e-01   4.8791159e-02   2.5636420e-01  -1.2543348e-01   2.1006853e-01  -5.5146880e-01   1.1819941e-02  -2.9317395e-01   6.5107347e-01  -4.7234067e-01  -1.5702860e-01   5.0636878e-01  -1.4960862e-01  -2.8476666e-01   1.2250955e-01   1.0076008e-01   1.0372570e-01   3.1118135e-01  -1.5588453e-01  -1.3468610e-01  -2.6897517e-02   2.7087493e-01  -3.2498368e-01
  -2.4889716e-01  -1.9260702e-02   8.5140486e-02   1.8235854e-01  -1.5852586e-01   1.1496179e-01   4.1894110e-01   4.2934875e-02   1.1377187e-01   1.6958730e-01   0.0000000e+00   1.1822530e-01   1.7247446e-01  -1.1336394e-01   2.2308171e-01   1.7532986e-01  -4.1255663e-01   7.1028114e-02   1.5060455e-01  -2.6850692e-01   1.3075202e-01  -4.8973465e-02   4.0648183e-01  -3.4627423e-01  -1.6466379e-01   2.0035542e-01  -1.2609876e-01   1.7960467e-01   1.0894128e-01  -8.0275941e-02   3.6323615e-01   1.1744681e-01   1.5488678e-01   1.7798202e-01  -3.6892289e-03   6.3442419e-02  -2.2834336e-01   1.0843956e-01   4.5517677e-02   1.7797608e-01   3.2551143e-01   1.8509249e-03  -2.5439305e-01   2.5432558e-01   3.5185390e-01   1.3891272e-01   6.1543777e-01   4.5556666e-02  -2.3470647e-02  -1.5203744e-01   1.2086697e-01   8.0909831e-02  -3.0032968e-02  -2.7707652e-01  -8.1817233e-02   4.3374906e-01   2.2273019e-01   3.3324468e-02   2.1721509e-01   2.1670275e-01   6.2947391e-02   1.3293574e-01  -1.7761975e-02   5.1672662e-01   1.9332344e-02   5.1900916e-01   1.6906163e-02   6.9108422e-02   1.2473058e-01   2.5887323e-01   2.4177381e-01   9.7529167e-02  -3.2114781e-02  -8.4301687e-02  -1.0784729e-01   1.6914175e-01   3.7656547e-02   1.5282389e-01  -2.9781467e-01  -1.8527546e-01   4.4025860e-01  -7.5505879e-02   1.2957414e-01   6.5036748e-02  -2.7400050e-01   1.5546653e-01  -1.8562234e-01  -2.2725255e-01   1.1539686e-01  -2.2892047e-01  -3.9346888e-01   3.2247420e-03   9.8592933e-02   1.1044343e-01   6.7687617e-02  -1.9941185e-01  -8.2531217e-02   1.8643369e-01  -1.3344793e-01  -3.5755076e-02   3.6543054e-01   3.7989071e-01   1.4818489e-01   1.3407619e-01   1.0423340e-01   1.9832736e-01  -2.6481012e-01   1.4227603e-01  -1.1548218e-01   2.2016937e-02   1.3123110e-01  -1.0548311e-01   6.0567431e-02  -7.1052942e-02   3.1554140e-01  -2.0946444e-01   9.3237455e-02   1.4098472e-01   1.5488264e-01   1.6951050e-01  -1.6370333e-01  -3.6578077e-01  -1.6365795e-01   3.4047774e-01   7.4484173e-04  -1.9201107e-01  -4.7258363e-03  -1.5955231e-01  -5.2536516e-02   1.8865286e-01  -6.9886848e-02   4.1172897e-01  -1.9520007e-01   4.6513410e-01   7.5638215e-02   2.6437339e-01  -3.2696818e-01   4.0607877e-01   2.4166966e-01  -3.5487838e-01  -2.3715939e-01   1.4110682e-02   3.6243371e-01   4.4230668e-02   5.0774469e-01   2.2069607e-01   1.1782173e-01   9.2425932e-02   2.9448016e-01   8.6316095e-02   2.0984641e-01  -4.6322893e-02  -4.7189791e-02   3.7393710e-01  -6.6616082e-02  -3.0526214e-01   8.7480744e-03   3.5184046e-01  -2.3411960e-01   7.5613473e-02  -9.4308787e-02   6.0555796e-01   2.0957784e-01   9.9411692e-02   2.7173375e-02  -1.4658749e-01  -1.4859265e-01   4.6796797e-02  -1.6524642e-01  -1.6775183e-01  -1.9846605e-01  -1.1860639e-01   3.8327505e-01   3.0811074e-02  -3.7360541e-02  -1.3955655e-02  -9.4762875e-03
   1.4038342e-01   4.0981802e-01   1.8690359e-01   2.2474878e-01   3.0596039e-01   4.4359018e-01   5.1098152e-01  -1.6355588e-02   2.0752431e-02   3.0472016e-01   1.1822530e-01   0.0000000e+00   1.0200975e-01   1.1689662e-01   1.5882415e-01  -3.0301901e-01   1.6322437e-01   6.2491212e-02   8.9054552e-03   3.1744908e-01   1.8797552e-01   2.7149141e-03   3.2114733e-01   1.2721680e-01  -2.6239377e-01  -6.0425483e-02   3.5314961e-01   1.8097607e-01   6.6140509e-03  -2.2387439e-03   2.5464831e-01   4.6300401e-02  -1.2606704e-01   2.8418261e-01   2.7606445e-01   2.9847293e-01   1.5485690e-01  -9.8946982e-02  -4.2083250e-01   3.0212204e-01  -5.2666867e-02  -2.1190039e-01  -2.9655170e-02   6.8999602e-02   2.8382643e-01   1.6565979e-01   1.7080262e-01   4.2325339e-02   1.9920076e-01   6.8992169e-02   1.3138244e-01  -1.8554710e-01   2.6969731e-01  -3.7792760e-01  -1.8669118e-01   1.6325414e-01   8.0902508e-02   1.0158460e-01   1.2905820e-01   2.6888097e-01   3.1959247e-02   2.8656767e-01  -3.1711736e-01   2.9074758e-01   3.1412969e-01   1.6073555e-01   4.2158566e-01   6.7115552e-02  -8.5947105e-02   2.3845229e-01   4.5067184e-01   1.0981553e-01  -1.2255369e-01   3.1389827e-01  -3.2552983e-01  -1.5893014e-01  -6.8318525e-03   2.1311431e-01   1.6470734e-01  -1.1335454e-01   1.9920445e-01  -2.0575160e-01   3.2939179e-01   4.9296812e-02   3.4484234e-01  -1.6923962e-01   1.1255253e-01  -2.9633944e-02  -9.9242303e-03   1.1077989e-01   8.6176877e-02  -7.0068204e-02   8.2587348e-02  -2.0033226e-01  -4.5737526e-02   7.9010291e-02  -4.6045050e-02   3.1670371e-02   1.5484419e-01   4.3673294e-01   3.6461428e-01   4.2075221e-01  -1.4306344e-01   1.0926235e-01   8.4638076e-02   2.4092778e-01  -2.8962793e-01  -1.9630908e-03   3.3954448e-01   2.5106886e-01   2.8324704e-01   1.1386695e-01  -1.3910618e-02   2.4181656e-01   4.0794519e-01   1.0146335e-01  -1.1965569e-02   1.2421576e-01   1.9410971e-01   1.4736675e-01   2.5678565e-02   1.3087847e-01   9.6651953e-02   2.7502701e-01   2.0122742e-01   2.8659957e-01   3.1085034e-01  -3.0316743e-01   1.5363879e-01   2.7747566e-01  -2.0901579e-01   3.1528851e-01   3.7186390e-01   1.4427731e-01  -2.1456750e-02  -1.3562799e-01  -1.9372351e-01   1.1384022e-01  -5.9649225e-02  -1.8269371e-02  -1.8341689e-01  -1.4711323e-01   4.8266855e-02   2.1880684e-01   1.5298213e-01   7.1346045e-02   4.3619459e-01   2.0798921e-01   2.4368275e-01   8.3216586e-02   3.0763069e-01   2.5612370e-02   6.1616222e-02   3.8348326e-01   3.8005318e-01   6.3527703e-02  -5.3099129e-02   1.0680452e-02  -3.0105658e-01  -1.2899673e-01  -1.3481912e-01   3.3197395e-02   5.2572222e-02   1.7247913e-01   2.3387183e-01   3.1463501e-01   1.9288197e-01  -1.8533636e-01   1.6819770e-02   1.8991444e-01   3.9841733e-01  -6.8939612e-02   1.1684830e-01   2.2065098e-01  -7.2178167e-02  -2.6226446e-03   1.2435088e-01
  -1.4566927e-01  -1.7340727e-01  -1.5194428e-01  -8.0291501e-02   7.7306341e-02  -2.0079738e-01   1.0415570e-02  -2.1554195e-01  -1.8802455e-01   3.6872331e-01   1.7247446e-01   1.0200975e-01   0.0000000e+00  -3.4242339e-01  -1.3992129e-01   1.9809013e-01  -2.0539161e-01   1.5201971e-01  -1.7536434e-01   1.9673743e-01  -1.1022957e-01  -3.4463220e-02   3.2472077e-01  -1.5074480e-02  -1.7904369e-01  -5.4627387e-02  -1.3847360e-01  -2.6633386e-01  -1.8654871e-01  -2.0292373e-01   2.4562395e-01  -1.3906407e-01  -7.2996176e-02   1.6434494e-01  -1.2809306e-01   9.7915820e-02   2.8333745e-01   1.4227745e-02   1.4492756e-01   6.2755086e-02   5.5430397e-01   2.1432044e-01  -1.1776748e-01  -1.5368812e-01   2.1260507e-01  -7.4641001e-02   3.4005916e-02  -2.2604781e-01   1.1197935e-01  -8.7409130e-02  -1.2854508e-02  -1.2565809e-01   1.7508352e-01   8.5388363e-02   1.8936206e-01  -7.0078120e-02  -1.1387342e-01  -2.0944819e-02   4.1742761e-02  -1.1860609e-01  -7.6630437e-02   2.0936182e-01  -1.7386542e-01   1.5712762e-02   9.7891598e-02   2.5206946e-01  -2.9911886e-01  -1.6354242e-01  -2.7516752e-01  -6.0326539e-02   8.1864621e-02   4.6137413e-02   4.7741930e-01  -2.2564702e-01   5.4533671e-02  -3.6840467e-02  -1.8464693e-02  -6.0218571e-02  -1.4878951e-01   1.0252978e-03  -4.9541567e-02   3.3273281e-01   1.8519213e-01  -1.7846050e-01   8.4532845e-03  -1.7152958e-01  -2.0388409e-01  -2.9967641e-01   4.0936554e-02  -1.2922521e-01  -1.4871305e-01  -5.0507508e-02   2.4959172e-01  -1.2630339e-01  -5.1788098e-03   2.5308521e-01  -4.1922642e-02  -1.9638633e-01   6.3385908e-02   2.2884241e-01  -1.0689769e-02   3.6206539e-02  -2.8108767e-01  -7.8264475e-02  -1.3548311e-02  -4.3093077e-02   2.2081271e-02  -1.6875074e-01   5.1742131e-02   4.5775100e-02   2.3631504e-01  -1.4194081e-01  -1.3303924e-01  -1.1924221e-01   3.8766186e-02  -1.5256522e-01  -1.0024337e-01   5.3026504e-01  -2.8127521e-01  -5.8005415e-02  -6.5506580e-02   7.2911329e-02  -3.9083833e-02   3.3854515e-02   5.4557095e-03  -3.7517899e-01  -3.5855525e-02   1.2581583e-01  -1.2017544e-01   3.8983041e-02   3.4763126e-01   1.2707502e-01  -2.5704397e-01   1.1374751e-01  -1.1721267e-01  -1.1939239e-01   3.2310649e-01  -7.2389424e-02  -5.9739387e-02  -7.3337765e-02  -1.0665478e-01   5.6152295e-01  -2.9137498e-02  -2.3222775e-01  -2.1285639e-02  -5.8051803e-02   2.9714017e-01   7.0110713e-02   4.2334360e-02   2.9247363e-01   7.3814700e-02  -1.8977873e-01   3.0598789e-03  -9.7933030e-02  -8.8240742e-02   2.2110548e-02  -8.5856623e-03   5.1645188e-02   1.0926374e-01  -1.9993053e-01  -1.3795894e-01  -6.3484397e-02   2.2628565e-01  -1.1205502e-01   1.1890464e-01   2.0668533e-01   4.9492507e-02  -3.4567357e-01  -9.3950667e-02   1.4663472e-01   2.1890151e-02   8.4543662e-02   1.6425592e-02  -4.0511978e-01   1.9123266e-02   2.4043599e-01  -1.0841785e-01
   2.0982959e-01   5.0590432e-01  -1.3280591e-01   2.6509734e-01  -1.7112965e-01   4.3921905e-01   3.0289477e-01   2.7509041e-01   8.5127659e-02  -5.5131465e-01  -1.1336394e-01   1.1689662e-01  -3.4242339e-01   0.0000000e+00   9.2740949e-02  -8.5350151e-02  -3.4132187e-02   1.3351997e-01   1.8916635e-01  -3.0722883e-01   4.9889690e-01   2.8205513e-01  -4.0490907e-02   1.4850381e-01   3.1434439e-01   1.2768458e-01   2.7971718e-01   5.2325548e-01   4.1998299e-02   6.1651132e-01  -3.2558337e-01   2.6750833e-01   1.1085434e-01  -4.1981987e-01   2.7768441e-01  -4.4854050e-02  -1.6989348e-02  -3.4776970e-01  -6.8759866e-02  -3.8487807e-01  -2.0280231e-01  -2.6203440e-01   3.0102272e-02   4.0606204e-01  -1.2189107e-01  -2.6804969e-01   8.4195469e-02   7.2084279e-01   1.5786276e-01  -2.0218941e-01   1.0770029e-01   2.6778392e-01  -2.1014568e-01  -1.7759609e-01  -2.5005106e-01   2.9584266e-01   8.3066237e-02   1.9204541e-01   3.1397505e-01   4.5820249e-01  -3.1720614e-01  -9.2591381e-02   9.6627064e-02   8.2780479e-02  -1.6683293e-01  -3.7262023e-01   4.7059280e-01   2.4525501e-04   4.3561745e-01  -8.4694469e-02  -2.1623678e-01   3.3778388e-01  -3.7319517e-01   3.5306884e-01   3.1178439e-03   1.4821551e-02  -2.9875504e-01   1.9123625e-01   1.5315193e-01   1.9247904e-01   3.2262508e-01  -1.3224250e-01  -2.0146858e-01   3.6694580e-01  -1.4764786e-01   7.2532455e-02   4.9378538e-01   5.0347039e-01  -1.9028302e-01   2.0212756e-02   1.6055394e-01  -1.9858854e-01  -3.0337438e-01   1.1390852e-01  -4.3503140e-01  -5.5865085e-01   2.3817921e-01   2.9971080e-01   7.6501014e-02  -2.1412514e-01  -1.3544985e-01  -1.0233075e-01   2.6435507e-01   1.8135286e-01   4.4885146e-01   1.4995979e-01  -1.4017856e-01   3.5074171e-01   4.4097620e-02   4.3543362e-01  -3.8444404e-01   4.8933917e-01   3.7700166e-01   4.7257398e-02  -1.0593155e-01   1.0303819e-01   4.2098568e-01  -1.4777171e-01   6.2560721e-01   3.7881133e-01  -8.5368329e-02  -1.8553517e-01   3.1343767e-02  -2.8402112e-03  -2.7417809e-01   7.4679620e-01   9.1974880e-02  -3.2751217e-02   1.4052664e-01  -7.8593127e-02  -1.1048859e-01  -1.8914500e-01   7.1141149e-01   2.2917277e-02   1.8385172e-01   5.6306645e-02  -9.0508218e-02   3.5903914e-01   2.3079287e-02   4.5867196e-02  -1.1692285e-01  -3.5370987e-01   1.8789950e-01   2.4175356e-01   1.1470538e-01   3.2594916e-01  -5.0519931e-01  -1.4115138e-01   4.2513510e-01  -3.8663540e-01  -2.1728494e-01   4.9642027e-01   3.0281157e-02   2.5446987e-01  -2.6796898e-01  -2.7204246e-02  -1.8931106e-01   2.1014669e-01  -3.5113662e-01   5.1965712e-01   1.1794065e-01   2.7363804e-01  -4.9372239e-01   5.2177950e-01   5.6561245e-02  -4.2082588e-01   1.7668883e-01   2.4930724e-01  -9.0015495e-02  -2.1709187e-01  -7.4947973e-02  -2.7936531e-01   2.7595923e-01   5.1124415e-01   1.1280572e-01  -3.5617022e-01   2.4449400e-01
