   0.0000000e+00  -2.3396083e-01  -1.7883643e-01  -2.8225482e-01  -3.2464296e-01   4.0423981e-02  -2.2569647e-01   3.0488030e-02   2.1091130e-01  -1.7776840e-01  -1.8017895e-01  -2.1077997e-01  -5.8507910e-02   5.6357328e-01  -1.2341757e-01  -2.6235746e-01  -8.9045678e-02  -9.2638385e-02   1.9715297e-01  -3.7237000e-01  -1.2903494e-01  -1.7957868e-01  -1.1752373e-01   6.9200192e-01   1.0474051e-02   8.8574480e-02   1.8434648e-02   4.5524690e-01  -1.7438603e-02   5.9363545e-02  -2.0729969e-01  -1.4011939e-01  -1.8697145e-01  -3.9200532e-01  -2.2678133e-01  -3.2677490e-01  -9.0828040e-02  -6.4281371e-02  -2.1964568e-01  -8.6672181e-02   1.9256311e-02  -1.2309432e-01  -8.8688155e-02  -9.2296926e-02  -1.7151668e-01   4.0346259e-01  -1.2149603e-01  -2.7920857e-01   3.5921348e-02  -2.7436047e-01  -1.0683805e-01   1.2229944e-01  -2.1073405e-01  -7.0532792e-02   2.6155272e-01  -1.7358452e-02   8.7648187e-03   2.4719153e-02   3.9304090e-02   5.0270001e-02   1.8762937e-02  -3.6525400e-02   4.2160793e-02  -2.4980227e-01  -1.2753858e-01  -1.7614172e-01   2.3267858e-02  -7.2680829e-02   4.0143843e-02   2.6693383e-01  -3.1955495e-01  -2.1490373e-01   1.0169827e-02  -2.0637191e-01   1.5899514e-01   2.8013059e-02   7.1443512e-02  -1.1789341e-01  -3.0697387e-01  -2.3010084e-01   1.4262334e-01  -1.9998389e-01  -1.8991860e-01   2.5618796e-01   4.4815572e-01  -1.3411082e-02   1.5344658e-01   6.0812320e-01   1.9119423e-01   8.4313801e-01  -1.9944274e-01   1.8837062e-01  -2.7896271e-01  -8.1655094e-02  -8.7467206e-02  -3.7743843e-01  -1.6379096e-01   5.1392782e-02   6.1384306e-02  -2.6025528e-01   3.0873625e-01  -3.5902239e-01  -3.1256139e-02   2.2873981e-01  -6.7539037e-03  -3.2345604e-02  -1.5551908e-01   7.5532741e-02   1.9390713e-02  -3.6878073e-01  -3.6829636e-01  -1.0742229e-03   1.3280667e-01   7.9701500e-01   2.2797550e-01  -4.0965787e-01  -6.2432714e-02  -1.0113426e-01   1.6590679e-01  -2.3872831e-01   4.8789104e-01  -4.0702187e-01  -1.0222074e-02  -2.6004943e-01   7.0230105e-01  -1.1967191e-01  -2.4328727e-01   8.3450829e-02   8.1579747e-02  -9.9124413e-03  -2.0887600e-01  -3.3400242e-01   4.6325336e-01  -8.5806971e-02   3.6471977e-03  -2.3003095e-03  -1.2610608e-01   7.6732181e-02  -8.0828094e-02   4.6359492e-01   6.6207166e-01   8.2464238e-02  -1.2548821e-01   2.1598141e-01  -1.5007312e-01  -1.0290834e-01  -2.7805828e-01  -5.4439328e-02  -1.7166413e-01  -2.8306463e-02   3.1063944e-01   1.7186783e-01   4.6234597e-01  -2.4941181e-01  -3.0357666e-01   6.1391855e-01   3.4019174e-01  -1.2588157e-01   1.3951056e-01   1.3087782e-01  -3.5701631e-01  -1.2451155e-01  -1.5486473e-01  -1.8847239e-02  -8.6749974e-02  -5.7988115e-01  -4.1152176e-01   4.3345450e-02   6.3026710e-01  -3.0686471e-01  -4.7525953e-01   4.5370214e-02  -1.7613127e-01   1.8895854e-01  -1.9836797e-01  -3.5206473e-02  -1.2757156e-01
  -2.3396083e-01   0.0000000e+00   2.4307462e-01   8.8088694e-02   1.6350214e-01  -4.4765901e-01  -3.6343228e-01   3.7415753e-01   5.6672620e-01  -1.3306367e-01  -1.5000014e-01   1.6229200e-01   8.0035347e-03  -1.0455505e-02  -3.1521077e-01  -3.7216266e-01   3.1024938e-01   8.9098432e-03  -1.3511825e-02  -3.6286133e-02  -1.6309870e-01   7.5351759e-02  -3.3482070e-01   6.4869393e-02  -2.8225454e-02   4.4454026e-01  -4.8038341e-02   1.4413982e-01   7.2918792e-02   2.6829805e-01   5.4080950e-02   2.3579743e-01  -2.8989741e-01  -8.3891875e-02   5.7941637e-01  -3.4226450e-01  -1.0487998e-01  -3.9210236e-01  -2.5626153e-01   1.7171262e-01   2.2704916e-02  -3.4175658e-01   7.7283149e-01   3.5083569e-01  -5.4797618e-01  -9.2512546e-02  -2.3811284e-01   2.7077569e-02   8.0644774e-02   2.3458229e-01  -3.4799713e-01   3.9223456e-01   3.9982930e-01  -1.6413920e-01  -7.4052644e-02   5.4923280e-02  -1.9458615e-01   1.8711607e-01   1.3878292e-01   4.2912680e-01  -4.2419574e-02  -1.5089948e-01   6.2943840e-01   1.3949751e-01   1.3017217e-01  -3.9059425e-01  -4.7002448e-01   9.0422932e-03   2.3685996e-01   3.2227843e-02   7.6992053e-01  -3.8199123e-01   9.1948981e-02   6.6194342e-01  -8.2318133e-02   1.9827503e-01  -3.0000400e-02   3.4054352e-01   1.6066006e-01   8.4312124e-02   1.5531517e-01  -2.8642579e-02   4.4061625e-01   3.9748337e-01   2.6522439e-01   5.9831958e-02   2.5754926e-01   1.1588421e-02   4.6210670e-01  -5.3426359e-02   7.1790630e-01  -7.7302507e-02  -2.7443676e-01   2.0743766e-01  -3.8762866e-01   4.6530343e-01  -2.6683497e-01   3.8272602e-01  -9.5447792e-02  -2.7767721e-01   2.0872569e-01  -8.1214805e-02  -4.5815077e-02   3.7589207e-01  -2.8119868e-01   3.4193376e-01   2.9247737e-02   3.1896493e-01  -2.1307006e-01  -2.8081962e-01   3.3158484e-01  -1.7917510e-01   3.2505782e-02  -2.0652801e-01  -1.0445116e-01   5.9964022e-01   5.5201972e-01   1.8113216e-02  -7.7783243e-02  -2.0022851e-01  -2.4589167e-01   3.2541852e-01   2.3209424e-01   3.8572182e-01  -1.9485396e-01   1.8450402e-01  -2.6045273e-01  -8.2685065e-02   4.9649475e-01   4.8919084e-01  -1.0436290e-01   2.3940685e-03   2.7820051e-01   4.0877679e-01   3.0232390e-01   2.1347007e-01  -2.1745570e-01   2.9821339e-01   2.0109433e-01  -7.7799026e-02  -3.7387181e-02   8.9583560e-02   5.6854382e-02  -2.9282410e-01  -1.3029240e-01   1.4342280e-01   2.7078230e-01   2.3749305e-01  -4.3723783e-01   4.6565316e-01   1.4457399e-01   2.6330258e-01  -3.0295532e-01   2.3155155e-01   4.4139575e-01  -3.4781349e-02  -3.0140847e-01  -1.2198292e-01   1.0014553e-01  -2.4347955e-01  -1.7650239e-01   2.5226380e-01  -8.8764727e-02   7.5972809e-02   1.5874513e-01   2.0376243e-01   2.3573774e-01   4.2633212e-01  -2.1669025e-01  -2.2283392e-02   4.0740883e-01  -3.9507013e-01  -1.2809069e-01  -1.5036384e-01  -2.5732384e-01  -2.7757174e-01   2.7154397e-01
  -1.7883643e-01   2.4307462e-01   0.0000000e+00  -3.5740733e-02   4.6813071e-01   1.5529368e-01   2.9539672e-01  -1.5665320e-01  -3.9069268e-02   1.2119505e-01  -1.4853544e-01   3.1403486e-01   1.7462006e-01  -3.6253932e-01  -1.4446911e-01   2.6271887e-01   8.6767836e-01  -8.1224284e-02  -1.6398889e-02   5.9073510e-01  -3.6953339e-01  -2.0098936e-01   1.5912897e-03  -3.3022914e-01  -5.8460309e-02  -1.1927734e-01   4.2036318e-01  -1.6412944e-01  -4.9658523e-02  -2.2060242e-01  -3.5608700e-01  -7.5957251e-02   3.2153219e-02   1.3693117e-01   1.6082666e-01   3.6035256e-01   2.1035485e-02   1.2427717e-01   1.7629566e-01   7.0053306e-01   1.0013728e-01   9.5159966e-02  -1.0573910e-02  -6.3355824e-02  -3.4669398e-02   1.3462931e-01  -7.2249532e-02   4.8441286e-02  -1.6454329e-02   7.4746274e-01  -1.5563519e-01  -2.0718141e-01  -1.0821793e-01  -2.6095478e-01  -9.9120245e-02  -7.2420135e-03   4.9467534e-02  -3.5665401e-01  -2.0958367e-02  -8.7716589e-02   2.8057554e-01   1.4253156e-01  -5.9860360e-03  -3.2031784e-01  -3.2928286e-01   2.7705873e-01   1.0205802e-01   1.9387343e-01  -6.7309259e-02   5.5004912e-01   2.3936603e-01   1.0835507e-01   1.4316213e-01   2.1303955e-01  -1.6529177e-01  -2.7243295e-01   4.1423868e-01   7.5546124e-03  -4.3394123e-02   7.2283521e-02  -2.2933456e-02   2.8370639e-02  -3.2086599e-02  -5.4633219e-02   2.1977079e-01  -2.5007705e-01  -1.3090688e-01  -3.2726235e-01  -1.9745699e-01  -1.6199484e-01   1.0760838e-01   3.4995943e-01   3.8957031e-01   4.6777103e-02   6.3365187e-02   4.4361823e-01   1.3402685e-02   1.4949660e-02  -8.1369083e-03  -1.2482019e-02   3.9513540e-02  -3.8240190e-02  -2.1388958e-01  -1.7923261e-01  -2.9140873e-01  -1.9039527e-01   1.3302780e-01   4.0873295e-02  -8.8982603e-02   1.5724195e-01   4.1639948e-01  -3.8647761e-01  -2.2852050e-01  -2.2760670e-01   2.1637021e-01   1.5875713e-01  -6.0864658e-03   4.2322090e-02   5.6832489e-02  -1.3457290e-01  -1.6946611e-01   3.0408911e-01  -2.3584557e-02  -1.0394561e-01  -3.9067705e-02  -7.5449767e-03  -6.6534461e-02  -3.0972495e-01  -1.2604160e-01   5.7562238e-01   1.7397051e-01   4.7787684e-02  -8.8538590e-02  -2.5683983e-01  -1.8127593e-01  -2.1989418e-01  -2.2193575e-01  -4.3092720e-03  -1.6929867e-01  -1.5465035e-01  -1.5582340e-01   9.2718208e-02  -2.1075326e-01   1.0404910e-01  -1.4680556e-01  -3.5696370e-01   2.9048239e-01   1.7668594e-01   1.6157262e-01  -2.5283029e-01   3.4043421e-01  -1.1089349e-02  -2.8015241e-02   1.5529846e-01   7.8301274e-01  -2.0426904e-01  -1.6358881e-01   2.9040845e-02   1.9608033e-01  -1.8227387e-01   1.8376299e-01  -1.1062369e-01  -5.0439517e-02  -2.8567567e-01  -2.1564958e-01   3.2534317e-01   2.3319930e-01   8.1470300e-02  -1.0121298e-01   2.9006564e-01   1.6955733e-01  -5.0519356e-02  -1.1599240e-01   9.3838454e-02  -1.6004129e-01  -3.8320565e-02  -1.6563707e-01
  -2.8225482e-01   8.8088694e-02  -3.5740733e-02   0.0000000e+00   5.6140564e-02   1.7389495e-01   2.4464415e-04   2.4963632e-01   1.8522892e-01  -1.6546236e-01   1.8592796e-01   1.6468095e-01   7.4479706e-02   9.2385244e-03  -4.0438106e-02  -6.3194456e-02   1.9687782e-02   6.1716002e-02   1.1426136e-01   9.4011907e-02   2.5452494e-01   4.1721857e-01   6.5037979e-02  -1.3877231e-01   2.1175313e-01   1.9939245e-01   4.7384776e-02   6.9573764e-02   9.5660349e-03   2.2535673e-01   2.3782257e-01   4.2640115e-01  -1.2518569e-01  -1.0065476e-01  -1.7136669e-02  -1.7725354e-02   1.0445534e-02  -9.2399036e-02  -2.0012991e-02  -1.9787560e-02   6.0861311e-03  -1.0944538e-01   1.8880169e-01   3.3172791e-01   6.1655257e-02  -1.0143049e-01   3.3415648e-01  -7.0278122e-02   1.6810223e-01  -3.7246214e-02   1.2787731e-01   2.0051177e-01   4.4901285e-02  -1.0091127e-01  -1.3487184e-01   9.6558046e-02   1.7079195e-01   3.2126514e-01   2.7062327e-01   3.0631800e-01   4.5859667e-02   1.0842396e-01   1.9458384e-01   1.4791921e-01   2.7535907e-01  -8.8702132e-02   8.6960970e-02   8.3702058e-02   2.5631082e-01  -1.1001518e-01  -1.3280367e-02   2.8191695e-01   2.2336591e-02   1.1894880e-01   3.4692664e-02   3.3166505e-01  -7.3205011e-02   3.3171440e-01   6.7309366e-02   3.0292758e-01   2.0117752e-01   1.8876307e-01   6.2537023e-02   1.6244940e-01  -1.8093704e-01   2.4867067e-01   2.0483936e-01  -7.7273397e-02   1.5406728e-01  -2.0610264e-01   1.1910026e-01  -4.6110345e-02  -1.3577240e-01   5.2754767e-01  -1.2479109e-01   1.0684678e-01   2.6434264e-01   1.4248082e-01   5.7923457e-02  -1.2863025e-01  -1.0138374e-01   1.2120768e-01   2.7878822e-01   2.2459297e-01   2.3693973e-01   4.5629423e-01   2.3744548e-02   1.6380277e-01   6.9752891e-02  -4.1114158e-02  -1.5465839e-02   2.4393432e-01   4.6132372e-01  -2.0760638e-01  -1.4624530e-02   8.0829910e-02   2.5835194e-01   4.0729121e-02   3.8282503e-02   4.5082899e-01  -2.0550614e-01   4.0483372e-02   1.2159825e-01   1.0657675e-01  -1.1599017e-01   6.2334760e-02   1.4477114e-01  -1.5042022e-01   3.6759740e-01  -1.6222068e-01   1.3776427e-01   6.4261460e-02   1.1345798e-02   1.7798415e-01   3.6902614e-01   2.1614529e-01  -1.7236217e-02   7.9891810e-02   2.8034534e-01  -1.5999004e-01  -1.4862217e-01   1.3343223e-01   1.5513384e-01  -7.7853699e-02   5.1386133e-03   3.6511936e-01  -1.8328476e-01   9.4820008e-02  -2.5216514e-02   9.6596027e-02  -1.8690473e-01   1.7282884e-01  -4.2594854e-02   1.4662792e-01  -9.4281426e-02  -1.4141470e-01  -3.7492584e-02   1.9201952e-01  -7.4553846e-02   2.0059997e-01   1.1296702e-01   2.6328438e-01  -8.8313264e-03   3.6003939e-01   2.4872129e-01  -1.3421540e-02   1.6421988e-01   2.1047579e-01  -2.7716544e-02  -5.9890147e-02  -3.1528120e-02  -8.5624725e-02   3.4312106e-01   2.8105017e-02   2.3090131e-02  -1.9310012e-01   3.9808956e-01
  -3.2464296e-01   1.6350214e-01   4.6813071e-01   5.6140564e-02   0.0000000e+00   9.7479464e-02   3.4584530e-01  -1.1697532e-01  -2.0963400e-01   3.1277187e-01   7.0592395e-02   2.3753779e-01   3.8468717e-01  -4.0061335e-01  -3.1071163e-02   3.1917771e-01   3.0467381e-01   3.7515142e-01   5.2860167e-02   7.4325612e-01  -1.1238495e-01  -1.2563549e-01   4.4464664e-02  -4.6634599e-01  -1.9857063e-01  -8.9413441e-02   2.2956090e-01  -6.2764650e-02   2.4320541e-01  -1.1861439e-01  -2.3426968e-01  -1.3954635e-01  -5.5693366e-02   2.8796555e-01   1.8209150e-01   5.8585296e-01   3.2999151e-02   1.5316200e-04   3.2862482e-01   3.1590156e-01   4.2985925e-01   7.8232771e-02  -4.4633120e-02   3.4982228e-02   1.5145405e-01  -1.9424526e-01   3.1129398e-01   7.1315875e-02   9.8370722e-02   3.6960952e-01  -3.0528037e-02  -1.2352984e-01  -1.2798484e-01  -1.7763759e-01  -3.0039963e-01  -7.0207042e-02  -1.5700329e-01  -3.9504385e-01   1.8243250e-01  -2.3515306e-01  -5.3252554e-02   2.2619517e-01  -9.0688013e-02  -1.5278502e-01  -1.8985574e-01   4.4924828e-01   1.7214322e-01   1.5518573e-01  -1.0555367e-01   9.5629565e-02   2.1656476e-01   1.3690798e-01   3.2911031e-01   9.7746316e-02  -2.8713247e-01  -1.7024643e-01  -1.8906972e-02   1.6564082e-01   7.7826934e-02   2.8463779e-01  -2.4727378e-02   3.8710063e-01  -4.6526090e-02  -1.2964021e-02  -2.4691444e-01  -1.6928677e-01  -1.7429217e-01  -4.2134072e-01  -2.0375622e-01  -3.0133879e-01   2.7777028e-01  -8.3238888e-02   4.0310742e-01  -5.2669651e-02  -2.6551782e-02   5.6519874e-01   5.4937020e-02  -5.3493205e-03   3.4551937e-01   1.5784822e-01  -2.3335353e-01   1.7714614e-01  -4.3985255e-02  -3.6555064e-01  -1.2942427e-01  -1.4675162e-01  -7.3001768e-02   2.8876868e-02  -1.5660182e-01   2.8537030e-01   4.3511714e-01  -2.0919740e-01  -1.1924964e-01  -3.6369585e-01  -1.1000689e-01   2.6412962e-01  -9.4667738e-02   3.0630328e-01  -1.8858910e-01   2.1370561e-02  -3.4319345e-01   5.5534024e-01   6.4907358e-02   1.6348842e-01  -3.2633915e-01  -1.5168626e-02   1.3968140e-01  -3.9131765e-01  -1.9333528e-01   1.3230548e-01   4.4809378e-01   3.1874172e-01  -3.4560438e-01  -1.5121577e-01  -2.8854978e-01  -1.5903683e-01  -1.6522785e-01  -6.0515704e-02  -1.3242762e-01  -4.7586416e-01  -4.4864875e-01   1.1930234e-01   6.1345043e-02  -1.0924018e-01   3.2466329e-02  -1.4809187e-01   2.7801042e-01   4.4500294e-01   2.4358365e-01  -4.6908046e-02  -1.7069509e-02   6.6496566e-02  -3.2558917e-01   2.1622376e-01   4.3925006e-01  -4.4966071e-01  -2.5788886e-01   2.0331351e-01  -9.0828830e-02  -1.1358840e-01   3.3544835e-01   5.0031126e-03   3.2354484e-01   8.9780269e-03  -1.9745624e-01   4.4056506e-01   4.0221417e-01   3.1980236e-02  -3.4983792e-01   3.8041773e-01   3.3680129e-01  -1.5920292e-01   2.4327964e-01  -3.1141526e-03  -1.3922466e-01  -1.8398580e-01  -1.8578431e-01
   4.0423981e-02  -4.4765901e-01   1.5529368e-01   1.7389495e-01   9.7479464e-02   0.0000000e+00   4.2207657e-01  -3.1234139e-02  -1.5275819e-01   7.8503686e-02   3.0289930e-01   2.3674960e-01   8.7364908e-03   7.3153557e-02   2.3608575e-01   2.3334303e-01   1.3438467e-01   9.3067224e-02   5.3540450e-01   2.5094833e-01   1.0877975e-01   2.3143872e-01   2.5129155e-01  -7.5486999e-02  -8.4852044e-03  -2.2703496e-01   2.5164284e-01  -3.5053178e-02  -6.7403409e-02   1.7851125e-01  -1.6517742e-01  -6.3657518e-02   8.4003759e-02  -2.0199925e-02  -2.8968297e-01   2.7618789e-01   1.2958475e-02   8.6591920e-02   1.2151817e-01   5.0107080e-02   2.6424909e-02   1.3381060e-01  -5.2276747e-01   1.1488965e-01   3.3825611e-01   1.9968491e-01   4.5162508e-01   8.8864191e-02  -1.5542356e-01  -7.9768064e-02   4.0820637e-01  -1.2020829e-01  -3.2332414e-01  -1.4516872e-01  -1.1760340e-01   1.3526220e-01   4.7133647e-01   5.2863419e-03   5.0334652e-02  -2.9496395e-02   1.1039161e-01   1.4215971e-01  -1.6636090e-01   3.8322991e-02  -1.6900786e-01   3.5095207e-01   8.6079896e-01   2.8583170e-01   1.4638739e-01   2.9639031e-01  -5.0596222e-01   4.9205987e-01  -2.0042433e-01  -4.2478556e-01  -2.0272229e-01  -2.6418423e-03   6.2078996e-02   2.9743380e-02  -4.5174139e-02   3.0517228e-02   7.6094228e-02  -1.4047695e-02  -3.3805563e-01  -2.7850928e-01  -9.6579305e-02   1.0760602e-01   5.4109699e-02  -1.4526493e-01  -4.7591207e-02   1.4719783e-02  -3.7630231e-01   7.9849694e-02   3.8791217e-01   1.9348155e-01   6.8759544e-02  -1.2643387e-01   3.0041731e-01   9.8365360e-02  -1.3506855e-02   7.8284050e-04  -2.5238470e-01   1.1000359e-01   2.1689155e-01  -1.3342760e-02   3.9504466e-01   3.9957601e-02   4.5459155e-02  -7.4488793e-03  -1.0452356e-01   4.3556774e-01  -1.1557376e-01   4.4640111e-01   1.1909804e-01  -8.1727305e-02   1.2023156e-01  -3.2711440e-01  -8.6469222e-02  -6.8581748e-02   2.0084582e-01   3.7677066e-01   3.6461736e-02  -1.7886141e-01  -4.7743796e-02  -2.9019661e-01   1.8164673e-01   5.0798899e-02   2.6391401e-01  -1.9710679e-01  -1.4958586e-01  -1.5126588e-01  -1.3660559e-02  -9.1188421e-02   2.3354337e-03  -2.1971558e-01   2.1050730e-02   2.4058072e-02   3.7292580e-02  -2.9282600e-01   4.5716941e-02  -2.0024515e-01  -8.2186083e-02  -1.7129132e-01   1.8595785e-01   3.8733111e-01   2.1878264e-01   5.0264754e-02  -3.3653177e-01   3.0166732e-02   6.0948636e-01  -2.0879965e-01   1.0177135e-02  -1.8381275e-01   2.2925816e-01   7.4183296e-02  -8.7613750e-02  -1.5947575e-01   7.2060779e-02   1.7755786e-01  -5.8935955e-02   4.7428885e-01   2.1599835e-01   1.1786706e-01  -9.7250586e-03   1.3860715e-01   1.1285277e-01  -4.7478315e-02   6.7727656e-02  -4.0404624e-02   2.0262841e-01   1.9575534e-01  -2.2008900e-01   4.5557079e-02   3.5581837e-01   5.6850613e-01   1.7470003e-01   4.6017452e-02   5.4713193e-02
  -2.2569647e-01  -3.6343228e-01   2.9539672e-01   2.4464415e-04   3.4584530e-01   4.2207657e-01   0.0000000e+00  -2.4222280e-01  -3.6934462e-01   2.7030710e-01   2.7229055e-01   2.8284209e-01   3.2939245e-01  -2.5354710e-01   3.7608758e-01   5.1799084e-01   5.7284564e-02   1.3580816e-01   5.5609106e-02   5.0581952e-01   1.1145021e-01  -2.4816277e-01   5.5563122e-01  -4.4122340e-01   7.3214126e-02  -2.8134923e-01   4.1791238e-01  -4.2062201e-03   3.5177811e-02  -8.5932209e-02   6.2298863e-02  -1.4677848e-01   5.5065127e-02   5.1354552e-01  -1.5741755e-01   6.7222121e-01  -1.2274549e-03   1.4954912e-01   3.5486420e-01   3.7266597e-01   2.6725696e-01   1.8267002e-01  -5.2035048e-01  -6.9566704e-02   5.4468328e-01  -2.9497890e-01   1.8881451e-01   3.3159450e-01  -1.0157809e-02   1.5037351e-01   2.8061362e-01  -3.9921421e-01  -2.8914671e-01  -9.4876553e-02  -2.3304433e-01   1.9017759e-01   1.6350181e-01  -3.9653121e-01   2.2165597e-02  -4.2804949e-01  -2.3948778e-01   2.6185264e-01  -3.2467311e-01  -5.9928517e-02  -1.7798294e-01   7.8599257e-01   4.4760091e-01   1.9763716e-01  -2.1460397e-01   2.0092347e-01  -2.5829758e-01   4.4857483e-01   2.1946081e-01  -2.3726037e-01  -3.2023630e-01  -2.1690334e-01  -1.4504648e-01  -7.4964615e-02  -6.7809292e-02   9.0710203e-02   2.7480604e-01   3.5183431e-01  -1.7511953e-01  -2.1830802e-01  -3.3933677e-01  -9.4316850e-02   9.8687658e-02  -4.0500064e-01  -3.9917709e-01  -3.1525218e-01  -3.9263325e-01  -2.0074702e-01   6.8856980e-01  -1.4254073e-01   4.2070725e-02   1.8002502e-02   2.9748242e-01  -1.3950177e-01   2.0063170e-01   4.1031418e-01  -2.4677254e-01   4.0248366e-01   1.4316252e-01  -3.8064145e-01   1.2387325e-01  -3.7172842e-01  -6.4017187e-02  -6.3616951e-02   7.8454501e-02   5.4898237e-01   3.2954172e-01  -9.1506121e-02  -1.8979822e-01  -3.0443034e-01   3.4178766e-01  -2.1380947e-01  -2.9303967e-01   3.0925210e-01   1.5360868e-01   1.2638049e-01  -3.0793917e-01  -6.0128143e-02  -1.7946674e-01  -2.0243953e-02  -3.0021401e-01   1.6566981e-01   2.7675585e-01  -2.2855470e-01  -3.1864629e-01  -2.7071659e-01   4.1145331e-01   4.1095391e-01  -4.2256455e-01  -3.5095797e-01  -3.8013234e-01  -2.1545966e-01   1.2614142e-02   4.9919896e-03  -1.9982403e-01  -4.1440745e-01  -3.4304272e-01   1.0924596e-01   2.9677519e-03   3.0413082e-01   1.4996974e-01  -6.9478304e-02   3.2095549e-01   2.2756493e-01   6.4754764e-01  -4.1644862e-01   1.1264090e-01   1.0853532e-02  -2.1089127e-01   1.0698886e-01   1.9593693e-01  -3.9324158e-01  -2.9652277e-01   3.2690350e-01  -3.9654719e-01   3.4840937e-01   3.0265660e-01  -8.9871729e-02   3.6110429e-01  -1.2254371e-01  -3.2244434e-01   3.4574852e-01   2.9146419e-01  -6.0089522e-02  -3.2083985e-01   3.5123077e-01  -4.5261983e-02  -8.5407965e-02   2.1115798e-01   1.1114641e-01  -1.0921926e-01  -6.1070968e-02  -2.8928302e-01
   3.0488030e-02   3.7415753e-01  -1.5665320e-01   2.4963632e-01  -1.1697532e-01  -3.1234139e-02  -2.4222280e-01   0.0000000e+00   5.2887798e-01  -2.6382193e-01  -2.8395341e-02   9.7334873e-02  -8.3191335e-02   3.9968594e-01  -2.9827590e-01  -6.1189888e-01  -1.2665128e-02  -5.7992582e-02   3.9978360e-01  -2.7865437e-01   2.5692843e-02   3.1491308e-01  -1.8297719e-01   3.3098763e-01   1.7869526e-01   7.8023006e-01   9.3821903e-02   3.2110469e-01  -8.0475235e-02   2.4684002e-01   2.1898996e-01   2.4255379e-01  -5.5754948e-01  -3.7343366e-01   2.8031980e-01  -4.4306676e-01  -2.8575855e-01  -6.5615565e-01  -5.7512676e-01  -1.3423828e-01  -8.3919359e-02  -7.0619676e-01   4.4334722e-01   6.2290674e-01  -4.0437955e-01  -1.1544736e-01  -1.0772008e-01  -2.7229129e-01  -9.5733813e-02  -2.2287077e-01  -8.4361031e-02   7.9755343e-01   1.6243512e-01  -1.4407427e-01  -1.8726882e-01   1.9304855e-01   2.5910526e-01   4.0050344e-01   8.6817261e-02   5.9667719e-01  -3.3376288e-01  -8.0611202e-02   5.6585760e-01   4.3844338e-01   1.2911973e-01  -2.9282613e-01  -1.3958823e-01   5.8978196e-02   4.8219145e-01   8.3825431e-02   1.7419066e-01  -1.9829403e-01  -5.1220197e-02   2.4103869e-01  -8.6250441e-03   6.9728583e-01  -3.7221633e-01   4.7793793e-01  -1.1840661e-01  -1.7633795e-01   4.4819368e-01  -1.3115190e-01   1.5303179e-01   6.8351171e-01   8.1333113e-02   5.0992172e-01   2.7287493e-01   9.5214141e-02   4.1058284e-01   1.3663894e-01   3.0068665e-01  -4.0651946e-01  -3.6629685e-01   2.8466787e-01  -7.2672040e-01   9.5814414e-02  -8.8170646e-02   7.4512461e-01  -5.7104527e-02  -3.7832029e-01   1.4203805e-01  -9.0012323e-02   3.8428727e-01   4.9450588e-01   1.4762181e-02   5.9000108e-01  -1.8109277e-01   6.7418643e-01  -1.6600421e-01  -1.2390681e-01  -2.1268681e-01   2.4430667e-01   3.3387539e-01   4.9410897e-02  -8.1326356e-03   2.6467841e-01   6.1247751e-01  -2.1016398e-01   1.3451817e-01  -1.7078035e-01  -2.7900420e-01  -1.2620631e-01   2.6822882e-01   2.0518460e-01   4.2866369e-02   2.0813217e-02  -1.6087131e-01  -1.5837908e-01   7.5944329e-01   5.3377802e-02  -3.5781444e-01  -2.5615380e-01   3.6841251e-01   4.2496085e-01   4.5753517e-01   7.1812786e-01  -3.8077152e-01   2.2868383e-01   6.9662238e-01  -7.8325304e-02   3.8523143e-02   6.5561389e-02   2.7243314e-01   7.5218681e-03  -1.4189248e-01   5.1504060e-01  -3.5501896e-02   2.6167223e-01  -2.4208553e-01   2.5888773e-01   1.5695972e-03   4.7113733e-01  -3.3309129e-01   1.0520274e-01  -1.1686481e-01   5.1475780e-02  -3.8181918e-01  -2.9625646e-01  -2.7510876e-01   3.0203609e-01  -2.3143113e-01   4.4930522e-01  -1.0611272e-01   3.4092322e-01   3.9589240e-01  -6.4889558e-02  -1.0190065e-01   4.1200878e-01  -3.3024782e-02  -2.9670902e-01   6.3383663e-02  -5.9861800e-01   2.0411609e-02   4.1601561e-02  -1.7112227e-01  -4.9031074e-01   5.1222553e-01
   2.1091130e-01   5.6672620e-01  -3.9069268e-02   1.8522892e-01  -2.0963400e-01  -1.5275819e-01  -3.6934462e-01   5.2887798e-01   0.0000000e+00  -3.0216273e-01  -1.8952635e-02   2.8276686e-01   3.4931411e-02   3.8240566e-01  -2.3321337e-01  -5.7973902e-01   1.4526360e-01   7.6384041e-02   2.8420216e-01  -2.7316586e-01   3.2485091e-02   1.0203369e-01  -2.5826475e-01   4.6908628e-01   1.8161749e-01   5.5973525e-01   8.2007475e-02   4.8387773e-01  -6.1674442e-03   5.2900573e-01   1.0398797e-01   2.1701431e-01  -4.7632317e-01  -2.8246344e-01   5.5617421e-01  -4.8954468e-01  -6.2180076e-02  -4.5582819e-01  -5.0597522e-01  -1.9184908e-02   2.5824826e-02  -5.5141229e-01   5.3003834e-01   4.4239703e-01  -4.3100602e-01   5.5156459e-02  -6.9893634e-02  -2.4291798e-01   2.1357005e-01  -2.1202021e-01  -2.1062430e-01   5.6442966e-01   9.5831448e-02  -3.6415890e-01  -3.4358472e-03   2.2656239e-01   5.9564267e-02   2.7582069e-01   2.4374225e-01   7.2984144e-01  -1.1571112e-01  -6.1607098e-02   8.1961499e-01   2.1535725e-01   1.8975494e-01  -3.2227782e-01  -3.0123025e-01  -4.7926008e-02   3.8264423e-01   2.3030260e-01   1.9134507e-01  -2.2434186e-01   1.4273311e-01   2.6848480e-01  -6.0067045e-02   4.3705059e-01  -1.6151658e-01   3.6538501e-01   5.7152219e-02  -8.3012058e-02   4.3212481e-01  -8.5006291e-02   1.2823813e-01   5.7862489e-01   3.2222910e-01   1.4514193e-01   4.4679980e-01   4.0691106e-01   7.5748940e-01   3.6579321e-01   2.8837683e-01  -2.0049277e-01  -3.4979574e-01   4.6799426e-01  -5.1262980e-01   7.6246194e-02  -1.7319015e-01   5.0511774e-01  -2.1235141e-02  -3.8210078e-01   3.9503554e-01  -8.7802609e-02   1.4582913e-01   8.0091731e-01  -1.1982559e-01   4.2488958e-01  -2.1572662e-01   4.7813403e-01  -1.0531197e-01  -3.1966595e-01  -1.5377658e-01   3.3202867e-02   4.9065391e-01   2.2664083e-01   2.1486398e-01   2.1160078e-01   5.7419403e-01   6.0496033e-02   1.8394145e-01  -1.4608530e-01  -5.5767549e-02  -1.5633531e-01   4.8606525e-01   2.0994338e-01   2.4315302e-01   2.6614849e-01  -2.4074471e-01  -1.6147366e-01   6.5391720e-01   1.7509105e-01  -3.0978357e-01  -2.8361565e-01   5.5956460e-01   4.1119525e-01   4.2112891e-01   3.2971268e-01  -3.6046453e-01   4.3639073e-01   3.1655552e-01   1.4988599e-01   3.2684095e-01   1.7419891e-01   1.4379336e-01  -3.6344504e-02  -9.2423011e-02   3.3155872e-01  -4.6170272e-02   2.8630905e-01  -3.0266920e-01   5.4887950e-01   1.6634559e-01   4.0559446e-01  -3.5224170e-02   1.6899368e-01   3.4388360e-02   3.4301831e-01  -1.1272224e-01  -8.9303235e-02  -6.6387018e-02   1.4845003e-01  -1.9213115e-01   2.8973800e-01  -1.8534914e-01   2.7065126e-01   2.1138442e-01  -1.4661410e-01   2.5872025e-02   4.7035841e-01   1.6332432e-01  -4.1080025e-01   1.0235149e-01  -4.4158496e-01  -3.7169878e-02   8.8523489e-02  -3.2978015e-01  -4.3174430e-01   3.7719982e-01
  -1.7776840e-01  -1.3306367e-01   1.2119505e-01  -1.6546236e-01   3.1277187e-01   7.8503686e-02   2.7030710e-01  -2.6382193e-01  -3.0216273e-01   0.0000000e+00   1.0346101e-01   1.7751998e-01  -1.6576362e-01  -4.0520499e-01   3.6112682e-01   3.1256720e-01  -5.3618835e-02   3.1198506e-02  -9.6644333e-02   2.3884644e-01   2.0632324e-02  -7.8970968e-02   2.9319841e-01  -4.2804658e-01  -3.3975533e-01  -2.7961482e-01  -4.5632961e-01  -1.1589941e-01   3.1474845e-02  -5.2519705e-02  -2.5841794e-01  -2.4405160e-01   1.3774780e-01   5.7909063e-01  -1.1057251e-02   4.0504054e-01   4.1610639e-01   1.8209514e-01   2.2704721e-01  -1.4255504e-01  -1.7746356e-01   2.1606737e-01  -2.5902641e-01  -2.8788586e-01   5.5566198e-01  -4.2838041e-02   8.9911945e-03   3.3992519e-01  -5.3498617e-02   9.2105851e-02   2.1524906e-01  -2.7129991e-01  -1.4412194e-01   8.8671857e-02  -2.7184869e-01  -2.2831768e-01   3.3545539e-02  -1.8493734e-01  -1.7649256e-01  -2.5100261e-01   6.3507120e-02   1.1347765e-01  -3.3733002e-01  -2.2383911e-02  -2.8793228e-01   4.1848587e-01   2.4798333e-01   6.7239972e-02  -5.5386368e-01  -1.3337271e-01  -3.0579574e-02   1.2427768e-01  -2.4097560e-01  -1.3648843e-01  -5.4466997e-02  -3.8519623e-01   1.1126374e-01  -2.7524515e-01   2.9437627e-01  -2.3928684e-02  -2.7846528e-01  -1.5559973e-01  -1.1881332e-01  -3.6278786e-01  -3.6249339e-01  -7.7828467e-02  -1.6024645e-01  -3.3142575e-01  -2.0288308e-01  -2.0093758e-01   1.0372414e-01  -5.7296748e-02   4.7600672e-01   5.0767326e-02   2.5860705e-01   6.2615877e-02   1.2970961e-01  -2.5102011e-01   1.1021455e-01   8.0074233e-01  -3.9264537e-01   1.5363147e-01  -3.1543890e-01  -2.8648174e-01  -1.0743719e-01  -2.1845156e-01  -2.6308175e-01  -4.4936008e-01   3.4757369e-01   3.2834207e-01   3.8386016e-01  -5.2343380e-02  -3.8530046e-01  -1.9331309e-01  -2.8796976e-01   1.0269123e-01  -3.3709019e-01  -3.9337200e-02  -3.6414253e-01   1.7321664e-01   3.8999760e-02   5.0485887e-01   1.4486092e-02  -3.0994294e-03  -1.5261553e-01  -6.4194662e-02   5.4056239e-01  -9.6328123e-02  -3.8469656e-01  -5.4979603e-02   3.0423590e-02   1.9479197e-01  -3.9659670e-01  -1.4019588e-01  -9.6144983e-02  -3.2450287e-01   1.4574331e-01  -2.9693265e-01  -2.0938640e-01  -2.0796999e-01  -5.5418836e-02  -2.8275374e-01  -3.0959675e-01  -2.5425886e-02   5.0675888e-01  -2.4336994e-01   7.0864086e-02  -2.0203837e-01   3.5835580e-01   2.5558218e-01  -2.9521906e-01  -4.3629299e-01  -2.2708841e-02   2.9037949e-01   2.5776549e-01  -2.9004937e-01   6.3669975e-02   1.4130962e-01  -7.4859582e-02  -3.8684583e-02   2.8003370e-01  -2.6138343e-01   4.6628891e-01  -2.3401800e-01  -5.6711562e-02   5.0645725e-01   3.2471086e-01  -2.4651686e-01  -9.0221903e-02   5.0937073e-01   2.2534867e-01   1.5686420e-01   9.4676683e-02  -1.1391812e-01   3.3845603e-01   8.3348389e-02  -1.2525492e-01
  -1.8017895e-01  -1.5000014e-01  -1.4853544e-01   1.8592796e-01   7.0592395e-02   3.0289930e-01   2.7229055e-01  -2.8395341e-02  -1.8952635e-02   1.0346101e-01   0.0000000e+00   1.6266505e-01   1.3207190e-01  -1.4346058e-01   6.0348202e-01   5.1229930e-02  -9.4477234e-02   4.2627094e-01   2.3214181e-01   2.0915165e-01   7.7674985e-02   5.9185702e-03   4.8729631e-01  -1.8675778e-01  -1.2472470e-01  -1.5599060e-01   3.1954436e-02   1.9715487e-01  -2.8864771e-03   2.7500214e-01   3.8347837e-01   8.6591190e-02  -1.3832596e-01   3.3136412e-01  -8.1727017e-02   2.3293932e-01   1.1456988e-01   2.4383266e-02   1.5943373e-02  -8.7343991e-02   2.5661595e-01  -8.5062902e-02  -1.8365983e-01   2.5462911e-01   4.7069808e-01  -2.3315934e-01   6.8819604e-01   2.8727322e-01   7.1463749e-02  -3.1732090e-01   5.9425262e-01  -6.7380316e-02   1.4286764e-01  -1.7262092e-01  -1.2090994e-01   3.8267363e-01   1.8052991e-01   5.7879032e-02   3.9869541e-01  -7.4857187e-02  -9.9322590e-02   2.2734837e-01  -3.1299126e-03   4.0348240e-01   2.8965242e-01   1.8837874e-01   3.3303490e-01   5.5082374e-02   2.3261866e-01  -1.0282248e-02  -1.3794396e-01   5.4884518e-01  -7.0952757e-02  -1.7944520e-01  -3.0777703e-01   6.0571189e-02  -1.9519543e-01   1.1538015e-01   9.8835082e-02   1.5563166e-01   2.3443660e-01   8.9195756e-02   5.9755980e-02  -2.5064014e-01  -2.7665886e-01   1.7574145e-01   7.7265022e-02  -2.3203561e-01   1.0223840e-01  -1.4384118e-01  -2.4209435e-01  -2.8095591e-01   2.5596575e-01   9.1663301e-02  -1.4370865e-02  -7.4642582e-02   1.9251949e-01  -1.4491883e-02   1.7236527e-01   1.9129690e-01  -3.1212552e-02   6.0892650e-01  -3.1219210e-02  -1.3134730e-02   5.0393306e-01   1.3818998e-01  -4.7338290e-02  -5.6763005e-02   3.7807325e-02   3.0059473e-01   7.4584778e-02   2.4633180e-01   2.2257639e-01  -1.5404405e-01   2.3308019e-01  -5.0649762e-02   6.1038540e-02   4.5645734e-02   4.8803803e-02   2.4574687e-01  -2.4906209e-01  -1.7808536e-01   7.4936458e-02   2.3305232e-02  -1.2191340e-01   2.3462477e-01   3.6902520e-01  -2.0572071e-01  -9.1736130e-02  -2.6125472e-01   5.6234211e-02   4.6223371e-01  -7.5122952e-02   1.6387069e-01  -2.0312186e-02  -5.3899548e-02  -1.3663811e-01   1.7428537e-01   4.7753773e-02  -8.5194404e-02  -1.2563779e-01  -8.7371934e-02   5.4112338e-01  -4.0523478e-02   4.8030193e-01   1.8386659e-01  -2.7779469e-02   3.0391713e-02   3.2015948e-01   6.4073885e-02  -5.7289976e-02  -1.2489924e-01  -3.6642681e-02   4.4218040e-01  -2.4809681e-01  -3.1890576e-02  -1.0715721e-01   4.0983022e-01  -2.2110376e-01   3.4055395e-01   2.5712668e-01   4.6273607e-01   3.0211652e-01   3.6562679e-01   1.8147966e-01   5.0548808e-03   3.4951987e-01  -1.3889274e-01  -4.8683929e-02   6.3567968e-02   7.2595255e-02  -1.1946604e-01   4.8626299e-01   3.7146598e-02  -4.8598900e-03  -6.9049172e-02   8.1601267e-02
  -2.1077997e-01   1.6229200e-01   3.1403486e-01   1.6468095e-01   2.3753779e-01   2.3674960e-01   2.8284209e-01   9.7334873e-02   2.8276686e-01   1.7751998e-01   1.6266505e-01   0.0000000e+00   6.1063594e-02  -1.1102459e-01   4.8581987e-02  -7.1026104e-02   3.0569683e-01   1.9045228e-01   9.1893436e-02   2.6581472e-01   9.0511982e-02   4.2432327e-02   9.2349011e-02  -2.1596913e-01  -4.5065627e-02   2.0185702e-01   1.2584590e-01   1.1476338e-01  -1.7870443e-01   4.1357152e-01  -1.0658842e-02   8.0044264e-02  -1.9915002e-01   9.1181799e-02   3.8056303e-01   1.3058645e-01   6.1301412e-02  -1.4447543e-01  -1.6777210e-01   1.5969770e-02  -1.0653120e-02  -8.6838873e-02   6.1808166e-02   1.7405254e-01   2.4949637e-01  -5.8755286e-02   1.2027245e-01   1.9494480e-01  -5.8480684e-02   1.0607525e-01   2.3078942e-01   2.3745318e-01  -1.4189249e-01  -1.7019015e-01  -1.5535845e-01   1.5238100e-01   2.2430210e-01  -9.0315598e-02  -6.0218978e-03   4.1895323e-01   6.3689395e-02   2.0032949e-01   1.7750016e-01   9.2707376e-02  -7.7255507e-02   2.3853984e-01   1.8417557e-01   1.2932753e-01  -6.4450833e-02   3.3314931e-01  -9.1799014e-02   3.1751814e-01  -5.0276168e-02   1.5871479e-01  -2.3250797e-01   2.5164670e-02   8.1890909e-02   1.0399178e-01   5.5840749e-02  -7.4984532e-02   1.1647319e-01   5.2671714e-03  -3.7499922e-02   4.3719009e-02  -8.7259043e-03   9.7326936e-02   1.3862435e-01  -1.3665028e-01   1.6169694e-01  -1.6193797e-01   3.1739656e-02  -3.8390709e-02   2.9383720e-01   4.0191909e-01  -1.4777449e-01   1.2880978e-01   1.9689896e-01   1.3134191e-01  -5.0796306e-02   7.6842820e-02  -1.8864699e-01   1.9422305e-01  -9.2423162e-02   3.3561584e-01   6.2435105e-02   1.0057740e-01  -9.4989846e-04   8.0915725e-02   2.0686081e-02   2.1134499e-01   1.0941615e-01   3.8466171e-02   7.1899992e-02  -2.1786066e-01   3.4433722e-02   4.4352427e-02   1.0717230e-01   3.0042578e-02  -2.0342663e-02   1.4907462e-01  -2.0342076e-01   8.1585547e-02   2.0610674e-01   1.0366473e-01  -1.0943253e-01   4.8839911e-01   3.9279215e-01  -2.4176928e-01   6.2865340e-02   1.4579862e-01  -7.9650127e-02  -8.8997078e-02   1.4875885e-01   2.4858597e-02   1.7971678e-01   3.4405942e-02  -1.3163830e-01  -3.6705400e-02   1.8032224e-01  -2.3808167e-01  -8.7692961e-02  -6.0898109e-02  -5.4228260e-02   2.5320151e-01   3.1879422e-01   1.2174309e-02  -5.9888414e-02   2.0530018e-01   2.8172579e-01   1.3416493e-01   9.1497305e-02  -4.2551595e-02  -8.9549560e-02   2.6869747e-01   3.3181796e-01  -2.4725500e-01  -2.1123060e-01   5.3104705e-02  -1.4275017e-02   2.5150530e-01   2.4884824e-01   1.0889980e-02   2.0264536e-01  -1.2798869e-02   6.7831301e-02   2.8450885e-01   2.7199746e-01   5.6371929e-02  -4.2813107e-02   2.0221781e-01   5.2843814e-02  -2.7725251e-01   2.0656514e-01   2.1245110e-01  -3.0896291e-02  -1.9639223e-01   2.8551826e-01
  -5.8507910e-02   8.0035347e-03   1.7462006e-01   7.4479706e-02   3.8468717e-01   8.7364908e-03   3.2939245e-01  -8.3191335e-02   3.4931411e-02  -1.6576362e-01   1.3207190e-01   6.1063594e-02   0.0000000e+00  -9.5638050e-02  -5.6146825e-02   3.3542362e-01   1.2068052e-01   2.9288303e-01   5.7853225e-02   4.1984428e-01  -3.3778466e-02  -3.4637939e-01   1.8295312e-02  -1.4661755e-01   2.7761452e-01  -1.5920018e-02   4.9294809e-01   1.4443329e-01   2.7787356e-01  -3.4884683e-02   3.6097753e-02  -1.3238461e-01  -5.2966184e-02   1.2912787e-01   9.9167646e-02   3.3994522e-01  -2.5249007e-02  -4.6483817e-02   3.9072786e-01   3.9715378e-01   6.9851736e-01  -3.9047649e-02  -4.7491210e-02   2.2935667e-01   3.4471385e-02  -2.7696134e-01   2.1530367e-01  -1.6556339e-01   1.7903424e-01   1.5159756e-01  -6.9251798e-02  -5.6179922e-02  -1.0096157e-03  -1.4405152e-01  -1.3927174e-01   2.2470725e-01  -1.7663153e-01  -3.9190095e-01   3.4776255e-01  -1.1803423e-01  -3.6576828e-01   4.7568451e-01   7.4566372e-02  -2.1540477e-02   9.7640768e-02   3.5832719e-01  -9.3308417e-03   9.0991611e-02   1.2452100e-01   1.0448754e-01   1.9053284e-03   1.2402877e-01   6.3407601e-01  -7.8724774e-02  -1.3127150e-01  -5.0668373e-02  -2.6965159e-01   1.5322258e-01   2.0428957e-03   3.8105768e-01   2.6046027e-01   6.1786101e-01  -5.0165847e-02   1.7054906e-01  -1.1254600e-01  -1.8623012e-01   5.8075468e-02  -1.2095512e-01   5.1819046e-02  -1.0646449e-01   5.2518343e-02  -1.7911697e-01   2.0808089e-01  -1.5083917e-01  -1.5871910e-01   2.7069178e-01   2.5566025e-01   5.4104988e-02   4.6677683e-01  -6.7675967e-02   1.2455840e-01   2.4965510e-01   4.9125145e-02  -1.6707553e-01   3.7545799e-02  -2.5624645e-01  -3.7578764e-02   2.7513912e-01  -5.4894856e-04   1.1221583e-01   2.0277924e-01  -3.0611651e-01   1.5518545e-01  -1.4691572e-01   2.7430833e-01   6.7954548e-02   4.8366182e-02   6.0418751e-01   1.6633976e-01  -9.2698080e-02  -3.3643042e-01  -1.0125529e-01   1.6655259e-01   3.9140968e-02  -1.8988261e-01  -3.5440034e-02  -2.1531751e-01  -1.3803760e-01  -8.8818946e-02  -9.9388290e-02   6.0641411e-01   2.9466461e-01  -1.3208305e-01  -1.0495444e-01  -3.7575307e-01  -1.3038352e-01  -1.5090520e-01   3.5316514e-01  -1.9541859e-01  -2.6161679e-01  -3.1942360e-01   5.8921304e-01   9.6513350e-02  -1.4083230e-02  -1.7085512e-01  -8.0111392e-03   2.3949081e-01   4.9584457e-01   1.5849819e-01  -1.5840770e-01   1.0876871e-01   3.2344903e-01  -3.3161775e-01   4.1068986e-02   1.3981903e-01  -1.9622911e-01  -3.0525858e-01   4.6161782e-01  -3.3596303e-01  -3.5514911e-02   6.2806036e-02   1.3120374e-01   5.1276284e-02   7.9811440e-02  -3.8105466e-01   1.6431547e-02   1.6098113e-01   2.0630914e-01  -3.5794593e-01   1.0313367e-02   6.6872143e-02  -2.5772167e-01   1.2123911e-01   5.4890904e-02  -4.5620938e-01  -1.8830876e-01  -3.2115414e-01
   5.6357328e-01  -1.0455505e-02  -3.6253932e-01   9.2385244e-03  -4.0061335e-01   7.3153557e-02  -2.5354710e-01   3.9968594e-01   3.8240566e-01  -4.0520499e-01  -1.4346058e-01  -1.1102459e-01  -9.5638050e-02   0.0000000e+00  -1.4152855e-01  -4.7594460e-01  -2.6468776e-01  -9.4631226e-02   3.3659428e-01  -5.3260345e-01   6.7968604e-02   1.9633814e-01  -2.3592920e-01   8.0509743e-01   2.6767579e-01   4.0165472e-01   1.8540025e-02   4.9468545e-01  -1.6869864e-01   2.8759440e-01   1.2024381e-01   1.9663882e-01  -2.4777516e-01  -5.1893937e-01   4.2790200e-03  -5.5418332e-01  -2.1025296e-01  -4.6125024e-01  -3.9633167e-01  -2.4898928e-01  -5.9578001e-02  -3.0707460e-01   1.1012675e-01   2.9547703e-01  -4.5962749e-01   9.8204896e-02  -3.2561728e-02  -3.1505178e-01  -2.7172741e-02  -4.1577311e-01  -1.7308143e-01   4.1418913e-01  -1.4179208e-01   6.9129867e-02   3.6751746e-01   2.0084492e-01   1.3978594e-01   3.5720486e-01   5.2371783e-02   3.4989084e-01  -1.9267257e-01  -1.7635336e-01   3.2573460e-01   5.5284552e-02   3.5526155e-02  -3.5253234e-01   5.0869848e-02  -6.5725357e-02   3.5831497e-01   2.2475624e-01  -2.6419731e-01  -2.9122147e-01   5.3892318e-02   5.2953747e-02   2.2636871e-01   4.5126427e-01  -1.9156373e-01   2.4376864e-01  -3.0897683e-01  -2.1511337e-01   3.3416908e-01  -1.7614859e-01  -6.8553035e-02   4.9491578e-01   4.2052869e-01   2.7355368e-01   5.5057597e-01   6.9606288e-01   3.0636718e-01   6.4624001e-01  -1.2909625e-01  -6.3198629e-02  -4.2284469e-01   1.4203435e-01  -4.6576448e-01  -3.7508104e-01  -1.9082189e-01   3.9953769e-01  -1.2851822e-01  -4.7868280e-01   3.0063330e-01  -2.3999739e-01   4.5487015e-01   5.9294031e-01   1.4958613e-01   2.7220029e-01  -4.2778046e-02   3.5155976e-01  -1.8770856e-01  -3.4091230e-01  -3.8593010e-01   3.9686183e-01   3.2981275e-01   4.4980393e-01   2.1650055e-01  -3.4873855e-01   3.4218006e-01  -4.8437478e-02   3.3186492e-01  -4.9542602e-02   1.4231664e-01  -4.6909920e-01   1.0886236e-02  -1.5506089e-01   4.6625790e-01   1.9836480e-01  -3.4035171e-01   1.7652777e-01   4.6414663e-01  -7.0110692e-02  -3.0871696e-01  -4.8365711e-01   6.8505929e-01   1.0417703e-01   2.4391894e-01   4.2517273e-01  -6.7016741e-02   1.2511687e-01   3.8492332e-01   2.2775032e-01   4.2370476e-01   1.2016235e-01   2.1743831e-01   2.4219135e-01  -1.7445216e-01   4.6581618e-01  -2.2882176e-01   1.0632711e-01  -3.0304792e-01   6.7381352e-03   3.5002925e-01   3.7973730e-01   2.2241678e-01  -2.6269243e-01  -4.5418540e-01   3.6324302e-01   1.3842290e-02  -2.5736758e-01  -4.2037216e-02   3.0933792e-01  -3.5729036e-01   3.0598863e-01  -2.5614955e-01   2.7158928e-01   2.3049560e-01  -5.0573838e-01  -4.2152722e-01   2.8361490e-01   4.4581845e-01  -3.9957749e-01  -4.2600990e-01  -2.7521147e-01  -8.5272454e-02   3.0511069e-01  -1.5989922e-01  -8.5641170e-02   2.1406213e-01
