   0.0000000e+00  -2.0342550e-01  -1.8081104e-01  -1.4458178e-01  -3.3002467e-01   4.3740439e-01  -3.9572038e-01   5.0292640e-01   2.1466608e-01  -5.3535170e-01  -6.2784119e-02  -3.5739482e-01  -1.4416285e-01   2.2817282e-01  -5.5769251e-01  -2.7121576e-01  -1.5807364e-01   1.7466050e-01   2.5641688e-01  -2.4834355e-01  -4.2365374e-01   1.7243569e-01  -2.6691754e-01   5.7467197e-01   3.2304504e-01   3.3036515e-01   2.9081538e-01   4.3788844e-01  -1.6890303e-01  -1.0628421e-01  -5.8128760e-01   7.2425309e-02  -1.3921943e-01  -4.1556474e-01   2.6982733e-01  -4.9371796e-01  -4.0403707e-01   5.1675203e-01  -3.2412423e-01  -2.6511183e-01  -1.4471088e-01  -1.8063081e-01   2.0463195e-01   2.1123952e-01  -1.2413891e-01   7.5690167e-01  -1.9656806e-01  -3.8286160e-01  -2.6027820e-01  -4.6576194e-01   2.6160536e-01   3.8972666e-01  -4.8833330e-01  -1.7177182e-01  -2.1304077e-01   2.4630129e-01   2.9280067e-01   2.6912396e-01  -3.8997560e-01   1.3636032e-01   3.9967062e-01  -2.7389957e-01   3.0660844e-01  -3.0784907e-01  -3.6516936e-01  -2.1364789e-02   3.3107192e-01  -1.3964096e-01   2.1586762e-01   2.6957781e-01  -4.5532175e-01   2.7074812e-02   3.3670031e-02  -1.4863089e-01  -3.8483643e-02   2.2256776e-01   2.0269908e-01   4.2389199e-01  -3.5859760e-01  -5.2100444e-01   3.1690110e-01  -1.7813015e-01  -4.0854527e-01   4.3765512e-01  -4.2827289e-01   1.8968330e-01  -1.2078670e-01  -8.6113315e-02   3.3483773e-01   8.2417354e-01  -3.7343213e-01   2.7634371e-01  -4.2576543e-01   1.6355920e-01   3.0499913e-01  -2.3176406e-01  -1.4173402e-01   3.6352724e-01  -2.0477181e-01  -5.1936333e-01  -4.0890882e-01  -1.7629206e-01   3.2472215e-01   3.6758857e-01  -2.2653046e-01   3.8678978e-01  -6.2729635e-02   2.9304600e-01  -2.7177679e-01  -3.3098415e-01  -6.0977679e-01   1.7045913e-01   5.0409811e-02   6.1302923e-01   4.1998170e-02  -3.4402589e-01   2.6875753e-01   7.4308274e-03   4.3358338e-01  -2.2903833e-02   5.8585931e-01  -3.8986008e-01   1.9450700e-01  -3.8676015e-01   7.3288888e-01   2.5750939e-01  -3.5101603e-01  -3.1357198e-01   3.0848781e-01  -2.5861543e-01  -1.9210292e-02  -3.2183970e-01  -2.0639688e-02  -3.6710521e-01   3.0812369e-01   4.1715285e-01  -4.2140279e-01  -4.9163133e-02   3.7439992e-01   4.5128015e-01   5.0285494e-01   1.5645009e-01   1.2587450e-01   6.1249341e-01  -6.3235493e-01  -4.2170030e-01  -5.3904425e-01  -2.7423903e-01  -6.8325080e-02  -5.9594730e-01  -3.1780766e-01   3.7738017e-01   3.8056434e-01  -1.8621397e-01  -1.5302802e-01   8.2991859e-01   2.5921186e-01  -3.7305456e-01   1.7955852e-01   2.3829540e-01  -4.9704546e-02   1.4868378e-01  -5.6902820e-01  -2.4316648e-01   6.5696233e-02  -2.8948840e-01  -1.3466972e-01   4.1535871e-01   5.3856590e-01  -4.8911444e-01  -3.2490413e-01   8.9369044e-02  -5.6183465e-02   5.6720024e-01   3.0392114e-01  -2.7957777e-01   2.7066039e-01
  -2.0342550e-01   0.0000000e+00   3.2471572e-01  -1.1827635e-02   3.9602398e-01  -5.0300835e-03  -4.0057302e-02  -5.0202958e-02  -5.5155055e-02   1.7216968e-01   3.5045919e-01   5.6765715e-01   3.2445131e-02  -3.1591580e-01   4.1231461e-02  -5.6764761e-02   2.4529587e-01  -9.2615441e-02   1.5424318e-02   2.8539502e-01  -9.2909318e-02  -4.8761874e-03  -1.2504761e-01  -3.0334444e-01  -7.2089414e-02   8.7060114e-03  -6.4156774e-02  -1.7928449e-01   2.0684101e-02   5.2037290e-02   3.9179574e-01  -8.9957489e-02  -9.2862732e-02   6.0781796e-01   6.8942504e-02   9.1700168e-02   3.7038885e-01  -7.5903984e-02  -3.8755026e-02  -1.8438038e-02   4.2451019e-02  -1.3825125e-01  -4.7038609e-02  -9.9879598e-02   2.3064545e-02  -3.6182880e-02  -1.8497798e-01  -1.0677254e-01  -2.5007385e-01   1.9790276e-01  -2.6908668e-01  -3.9596629e-02   5.8105987e-01  -1.2783416e-01  -1.2755838e-01  -7.3617580e-02   1.1880859e-02  -1.6418308e-03   4.9924327e-02   5.3273654e-02  -2.8028229e-01   4.4450854e-02  -1.3326104e-01   5.3157057e-01   2.9925896e-01   4.2087069e-02   4.2518716e-03   3.6684718e-01  -1.1795223e-01  -1.7101955e-01   6.4217258e-01  -4.3408926e-02  -2.8145127e-02   2.7422134e-01   2.6357580e-02   2.5578338e-02  -8.9580839e-02   8.1997709e-02   5.8838804e-01   5.5999396e-03  -7.3217679e-02  -1.3476174e-03   1.6409826e-01   2.3867534e-02  -9.9747231e-02   1.0159197e-02   2.4281910e-01  -2.7211013e-01  -1.4188330e-01  -2.0268257e-01   5.8418560e-01  -4.2716735e-01   1.1257317e-01  -2.8777770e-02  -3.9500389e-03   1.6533078e-01   9.6840904e-02   2.4980963e-02  -1.3367964e-02  -2.4322321e-02  -1.8414430e-01   8.0962829e-02  -1.0882910e-01   2.1701494e-01  -4.6207798e-02  -1.6786970e-01  -2.3710134e-01  -4.9253376e-02  -1.2586281e-01   7.2865879e-02   1.6682381e-01  -1.6390832e-01   4.4009834e-02  -1.4733519e-01  -4.1345647e-01   5.4714673e-01   7.2205519e-02  -2.8932273e-02  -1.4912816e-01   5.3384895e-02  -2.6147785e-01   3.7054939e-01   1.9061367e-01  -1.0740426e-02  -1.0514069e-01  -1.7185697e-01  -4.4020192e-01  -3.0004271e-02  -4.1503585e-02  -2.1199691e-01  -1.5907004e-01   5.4937945e-01   5.6854578e-01   5.7577163e-01  -1.5441750e-01   2.9460051e-02  -1.4976622e-01  -2.2451976e-01   1.8960094e-02   5.0881822e-02  -8.9771974e-03  -1.5584091e-01   1.7805576e-01  -1.6641446e-01   1.8857927e-02  -2.9240740e-02   6.5777458e-02   4.1527154e-01   2.0238840e-01   8.6306642e-02  -1.1120792e-01  -1.1048701e-01  -3.4245096e-01   6.9714829e-01   3.6548398e-01  -8.0788414e-02  -6.1039748e-02  -4.5135721e-02  -3.1695299e-01  -2.1667584e-01   1.6292441e-01   1.3289842e-01   9.5249349e-03  -1.1502083e-01   1.7695572e-02   5.7589427e-01   2.9714119e-01  -1.5186666e-01  -2.4254121e-01  -1.6007053e-01   4.2166158e-01  -7.7030597e-02   1.3054754e-01  -1.8357855e-01  -2.7418801e-01   1.0684708e-01   2.3307870e-02
  -1.8081104e-01   3.2471572e-01   0.0000000e+00  -2.6707545e-01   2.6019460e-01  -2.4555663e-01   1.8076494e-01  -3.8677343e-01  -3.1327173e-01   5.4885486e-01  -5.2937264e-02   6.9241775e-01   5.0643366e-02  -4.0925283e-01   2.0202676e-01   2.4185503e-01   8.4582652e-01  -9.2709311e-02  -1.6198792e-01   3.4019450e-01  -2.3607654e-01  -2.9883188e-01   8.1247357e-02  -3.3026913e-01  -1.5950186e-01  -2.5561114e-01  -1.5524481e-01  -3.5185125e-01   4.7092743e-02  -4.2682545e-01   1.4814674e-01  -3.0939882e-01   1.1284326e-01   4.9660587e-01  -2.0800165e-01   2.7331204e-01   3.9552605e-01  -2.8247822e-04   1.9111497e-01   5.8852628e-01   1.8453697e-01   1.8160473e-01  -2.9787393e-01  -4.4488304e-01  -9.3737545e-02  -7.9528958e-02  -1.6508512e-01  -2.5874848e-01   2.7137336e-02   6.3345091e-01  -8.8995766e-02  -3.6263713e-01   2.8160277e-01   8.3887339e-02  -4.8304085e-02  -3.5849760e-01  -2.0949925e-01  -3.9768303e-01   1.4523315e-01  -1.1619064e-01   3.2640857e-01   1.0938359e-01  -3.5487973e-01  -2.4551264e-02  -1.2470843e-01   2.6789521e-01  -2.4787783e-01   1.0965144e-01  -3.5469322e-01   3.8801413e-01   4.1894072e-01  -1.0440626e-01   8.8258310e-02   5.1518804e-01  -1.1707952e-01  -3.7115831e-01   3.5075597e-01  -1.7678183e-01   1.8191919e-01   7.2669806e-02  -4.0947799e-01   1.5813395e-01   8.6227009e-02  -2.3771350e-01  -4.0357227e-02  -3.7839727e-01  -1.5510964e-01   2.4024911e-02  -2.3619816e-01  -1.1162484e-01   2.1037965e-01   1.7379323e-01   3.6767685e-01  -2.5045064e-01   9.2162815e-02   3.0423337e-01   2.6535603e-01  -2.0671278e-01  -4.5428249e-02   3.6214485e-01   6.8799251e-02  -4.3093606e-02  -4.6737128e-01  -2.9452697e-01  -2.3327731e-01  -2.7923334e-01   1.9201752e-02  -2.6779841e-01  -1.7110062e-01   2.0422092e-01   3.4977408e-01  -3.4190453e-01  -1.0195828e-01   4.9191553e-02  -1.4276789e-01   1.2783518e-01  -2.1258944e-01   8.0700615e-02  -1.8434485e-01  -2.4941054e-01  -2.4856740e-02   3.2815420e-01   1.4546546e-01  -2.1794066e-01  -7.0340840e-02   1.1307027e-02  -1.7328156e-01  -1.9925586e-03  -2.8039150e-01   2.9978919e-01   3.3611968e-02   2.6582099e-01   1.2382855e-01   1.4500039e-01  -2.3839870e-01  -4.2800376e-01   3.1952834e-02  -4.3116807e-01  -4.0693782e-01   1.7402210e-01  -1.7824291e-01  -1.2685033e-01  -2.4907963e-02  -1.9592035e-01   2.0946709e-01  -3.7455504e-01   4.6732029e-01   1.5608020e-01   3.3297139e-01   7.8296758e-02   4.7814665e-01  -4.6849570e-01   7.1066320e-03   4.6497671e-02   6.4991210e-01  -1.2920263e-01   1.1662558e-01   9.3314422e-02   1.8960404e-01  -4.4957388e-01   6.1956579e-02  -2.7681964e-01  -6.3463506e-03  -3.2309842e-01  -2.9739260e-01   3.7425400e-01   2.5535099e-01  -2.8748631e-01   1.2678266e-02  -1.1481822e-01   1.7323498e-01   2.1054440e-01  -3.8954791e-01  -2.9055639e-01  -1.8958342e-01  -2.7824534e-02  -2.3340511e-01
  -1.4458178e-01  -1.1827635e-02  -2.6707545e-01   0.0000000e+00   1.6065622e-02   3.7177092e-01  -6.7811855e-03   2.6263640e-01   5.6412767e-01   4.3366936e-03  -8.0397660e-02  -7.8789406e-02  -2.3023339e-01  -1.6748818e-02   2.7176119e-01  -5.4270824e-01  -3.2934546e-01  -6.0130558e-03   1.4385265e-01   1.2557405e-01   7.4586885e-02   6.4985043e-01   8.0162645e-02   1.1376754e-01  -9.8787541e-02   2.8460692e-01   3.7796728e-01   2.4232232e-01  -1.3222329e-01   3.5776325e-01  -1.1902641e-01   5.5677066e-01  -2.3067571e-01  -1.3664344e-01   1.7706636e-01  -4.1941064e-02  -7.1863584e-02  -3.4833275e-01  -4.9520918e-01  -1.8429168e-01  -1.9632529e-01  -3.4646299e-01   4.6841787e-01   2.9411237e-01   3.0468367e-01   1.2351148e-02   1.9438765e-01   6.4370955e-02  -2.3943572e-01  -1.7778553e-01   6.2528289e-02   3.3271737e-01  -1.3016286e-01  -2.1489623e-01  -1.3483101e-01   4.0921122e-01   2.5955143e-01   5.9787267e-01  -3.8777444e-02   5.7605657e-01  -3.9674345e-01   3.3436970e-02   4.0379418e-01  -1.9005581e-01   2.8704394e-02  -1.6580135e-01   4.3636998e-01   4.0209613e-01   4.3961693e-01  -9.2954550e-02  -1.8304067e-01   3.6808045e-01  -1.1065108e-01  -1.4401018e-01  -5.0613097e-02   5.6044549e-01  -4.8089300e-01   9.5575386e-02   1.3126883e-02  -3.9051693e-03   3.5152151e-01  -4.1371096e-01  -7.5100986e-02   2.9506102e-01   1.6043972e-01   4.8187051e-01  -2.0205696e-01  -6.6868147e-02  -1.9213068e-01  -2.6534280e-01  -1.7965309e-02  -2.9596691e-01  -1.3105019e-02   6.7084680e-01  -3.9620183e-01  -9.1567766e-02   2.1728374e-01   2.9989534e-01   1.0382028e-01  -8.3620018e-02  -2.8485999e-02   3.3640062e-01   5.7097009e-01   3.2029610e-01   5.4314418e-01   4.7330684e-01  -4.3204474e-01   4.4471239e-01   2.1047479e-01  -1.6014587e-01  -1.2251109e-01   5.3744013e-01   5.1425075e-01  -3.3548390e-01   8.9466056e-02  -1.4867837e-01   2.3535686e-01  -4.0832012e-01  -7.3569794e-02   8.3859398e-01  -2.2603409e-01  -2.5355854e-02  -1.9514968e-01   1.1814029e-01  -4.8522273e-02   1.4926098e-02   7.5872466e-02  -6.2193223e-02   5.7562283e-01  -1.1689480e-01  -6.0502541e-01  -1.9606368e-01  -1.6575636e-01   2.1633979e-02   3.6366002e-01   4.2992268e-01   8.7798220e-02   1.8974595e-01   4.8192329e-01  -3.6422448e-01   4.6457711e-02  -2.2921778e-01   7.0806286e-02   4.3496015e-02   1.7404951e-01   1.9908447e-01  -1.0897032e-01  -1.4975822e-01  -1.7650553e-01   9.9948209e-03   2.7141691e-02   4.1570908e-01  -1.4642514e-01  -1.9580946e-02  -2.1592486e-01  -2.2036108e-01  -3.0604263e-01   9.4997454e-02  -3.3048067e-01   4.8010904e-01   2.7071258e-01   1.5568740e-01   3.3992195e-03   3.3116074e-01   5.7697935e-01  -1.1090339e-01  -5.3671963e-02   3.4722887e-01  -3.1654351e-01  -2.9733925e-02   1.0290117e-02  -4.2558627e-01   2.4038246e-01   1.8793687e-01  -2.2118456e-02   2.8021978e-01   5.8011037e-01
  -3.3002467e-01   3.9602398e-01   2.6019460e-01   1.6065622e-02   0.0000000e+00  -1.8477675e-01  -1.8922643e-01  -1.3839296e-01  -3.8065362e-03   2.7124588e-01   1.5948105e-01   3.3529807e-01   1.3929022e-01  -3.3840377e-01   2.0436028e-01  -3.7887026e-03   2.7329019e-01  -7.0714119e-03  -6.2939946e-02   7.8710962e-01  -1.3025912e-01  -6.5233211e-02  -2.2401834e-01  -2.7261757e-01  -1.7979640e-01  -7.0157773e-02  -7.5331470e-02  -2.2988466e-01   2.3407576e-01  -1.8505128e-01   2.9899856e-01   7.8081844e-02  -7.8443897e-02   3.2881105e-01  -2.0431580e-01   3.7034168e-01   3.9133064e-01  -2.7260880e-01   6.0257331e-02   1.1969297e-01   2.2383089e-01  -1.6103737e-01  -9.8106912e-02  -1.2656689e-01   9.7853293e-02  -2.9393328e-01   5.2523486e-02  -1.7378284e-01   2.3381127e-01   4.5690629e-01  -3.0056841e-01  -5.5408833e-02   3.5131044e-01   1.3976695e-01  -1.3711560e-01  -4.2565057e-02  -1.9351972e-01  -1.2382974e-01  -1.4004482e-01  -1.6783069e-01  -2.3301976e-01   1.6761765e-01  -1.7410363e-01   1.2872331e-01   1.3504670e-01  -1.8774588e-01  -1.2173904e-01   2.3027694e-01  -1.6821733e-01  -2.0425003e-01   3.3528023e-01  -1.5180716e-01   1.6695160e-01   3.3108246e-01   9.0707924e-02  -7.7603468e-02  -2.1692154e-01  -2.3283913e-02   6.9305094e-01   1.2576890e-01  -9.1714931e-02   3.4572543e-02   3.0919809e-02  -1.3289074e-01   1.1590634e-01  -6.6266129e-02  -2.7762264e-01  -2.8986590e-02  -5.1043724e-02  -3.5418667e-01   7.2252341e-01  -2.1295612e-01   1.9168211e-01  -8.1661513e-02  -1.5584948e-01   7.3933201e-01   2.1459363e-01  -5.0791496e-02   8.5448964e-02  -6.8876572e-02   1.2894902e-01   2.6546436e-02  -1.1199900e-01  -8.9876889e-02   1.6558233e-02  -1.6506198e-01  -6.8690519e-02  -6.7153330e-03   2.0476631e-01   3.3621038e-01   1.6771755e-01  -1.8104052e-01  -6.5088343e-02  -3.5055373e-01  -2.8785249e-01   4.3335916e-01  -8.2267604e-02  -8.1263372e-02  -2.9045352e-01   7.0905924e-02  -4.1315673e-01   7.9281340e-01   1.6226208e-02   2.3800159e-01  -4.0162560e-01  -3.2388321e-01  -1.9882228e-02   5.7063894e-02  -1.3209473e-01  -8.7691804e-02   5.9711793e-02   2.9992068e-01   2.0998483e-01   3.2749900e-01  -2.9480385e-01  -2.0731169e-01   1.2963472e-01  -1.8805672e-01  -1.4322618e-01  -1.9764119e-01  -2.0891392e-01   1.5741415e-02   8.5798466e-02  -2.6506962e-01   3.6281870e-02   1.3536883e-01   8.1663034e-02   3.0498855e-01   9.9164294e-02   1.0539657e-01   1.8129598e-01  -8.6726903e-02  -2.4923668e-01   3.7630482e-01   2.0503971e-01  -3.2764439e-01  -2.0614946e-01   1.3579063e-01  -1.1960927e-01  -1.1960683e-01   1.1024711e-01   1.4236014e-01  -4.9187523e-02   1.1733476e-01   1.5345033e-01   4.5505465e-01   1.9104749e-01  -1.8741166e-01  -3.4450224e-01   1.0580405e-01   5.9710521e-01  -5.4583358e-02  -4.7135603e-02  -2.9842996e-01  -1.1716736e-01   2.0730525e-01  -1.0076257e-01
   4.3740439e-01  -5.0300835e-03  -2.4555663e-01   3.7177092e-01  -1.8477675e-01   0.0000000e+00  -3.8848462e-01   8.2993080e-01   6.8512073e-01  -3.2735577e-01   1.4669993e-01  -6.4425989e-02  -1.7532576e-01   1.3018037e-01  -3.3207532e-01  -6.5526546e-01  -4.1493882e-01   1.9911377e-02   6.2581833e-01  -2.4692332e-02  -3.0000124e-01   5.0301638e-01  -1.6031031e-01   4.3407108e-01   1.0921146e-01   8.5184533e-01   7.3919883e-01   7.3169884e-01  -1.9674775e-01   7.5147881e-02  -5.2237970e-01   3.6796556e-01  -3.3755146e-01  -1.6690668e-01   3.8307205e-01  -3.9166147e-01  -3.1623541e-01  -1.0877114e-01  -5.8329949e-01  -3.1837445e-01  -1.8653133e-01  -3.8438740e-01   6.8337265e-01   6.6388771e-01  -5.1612721e-02   4.3666615e-01   1.9831086e-01  -2.0928395e-01  -5.2803634e-01  -4.7552660e-01   8.8491756e-02   8.4917885e-01  -2.3626130e-01  -3.0181952e-01  -4.1884377e-01   7.9122565e-01   7.7966908e-01   6.2848717e-01  -1.6794257e-01   4.7981704e-01  -9.1843908e-02  -1.9416953e-01   5.5939859e-01  -1.7467016e-01  -3.4933068e-01   1.6997986e-02   9.1718468e-01   1.0869265e-03   6.9083572e-01   6.3074138e-02  -4.4792715e-01   1.0275718e-01  -3.2095695e-01   4.4000661e-02   5.9691774e-02   7.2342331e-01  -4.3914243e-01   6.2807555e-01  -1.2843758e-01  -4.2278605e-01   8.3164521e-01  -5.4798328e-01  -1.0200579e-01   8.1736629e-01  -1.0500643e-01   6.8347434e-01  -1.8510055e-01  -1.3996293e-01   1.3384893e-01   3.6138847e-01  -1.5578825e-01  -1.1243476e-01  -2.3133561e-01   6.0572603e-01  -3.2118819e-01  -2.2474180e-01  -7.1800955e-02   8.3136869e-01  -1.1955638e-01  -6.1322686e-01  -2.8541061e-01   4.3716570e-01   7.4433870e-01   6.4672474e-01   2.4411492e-01   5.6302423e-01  -3.5080547e-01   8.5402774e-01  -1.1589171e-01  -2.1025917e-02  -3.3016301e-01   4.8529799e-01   2.0114736e-01  -7.2822054e-02   1.7104310e-01  -2.6232489e-01   7.0313952e-01  -2.3598909e-01   5.2879774e-01   4.2469768e-01   2.9583722e-02  -2.6034175e-01   9.8628807e-02  -2.4509589e-01   3.5122452e-01   3.2915703e-01  -3.3727686e-01  -4.0613045e-01   6.4186094e-01  -2.9627126e-01  -3.2519891e-01  -2.7672583e-01   7.5282309e-02  -2.6322619e-01   4.1544732e-01   8.0066795e-01  -2.7501281e-01   1.7222450e-01   8.1205945e-01  -1.6627957e-01   3.9064497e-01  -1.0934688e-01   3.2115787e-01   7.5521162e-01  -4.5286444e-01  -1.1040406e-01  -5.4272799e-01  -2.2946686e-02   2.3884433e-01  -5.7945981e-01  -1.8159445e-01   7.8481017e-01   2.3107459e-01  -2.5940820e-02   7.7413755e-02   3.5240916e-01  -3.7823943e-01  -1.2304393e-01  -2.7098667e-01   6.8255180e-01  -9.2062777e-02   5.2972660e-01  -4.6665889e-01  -4.8865769e-02   5.6186387e-01  -1.3120742e-01   2.7465640e-02   6.9957605e-01   8.0017875e-02  -3.9987286e-01  -4.8244456e-02  -5.7987448e-01   2.6997963e-03   8.5059514e-01   1.8548468e-01  -1.6366679e-01   6.7613461e-01
  -3.9572038e-01  -4.0057302e-02   1.8076494e-01  -6.7811855e-03  -1.8922643e-01  -3.8848462e-01   0.0000000e+00  -5.3246184e-01  -3.7610366e-01   4.9985450e-01  -7.5026648e-02   1.4205535e-01  -2.3270953e-01   7.5412255e-03   4.5170678e-01   1.8499904e-01   1.3199102e-01   6.5306716e-03  -3.9292035e-01  -9.4903187e-02   4.0806040e-01  -1.1633232e-01   6.6408940e-01  -2.3555952e-01  -1.7355532e-01  -4.3601047e-01  -1.4865645e-01  -2.7216507e-01  -2.3373993e-01   2.4688644e-01   3.2159154e-01  -3.2388095e-01   6.8612890e-02   2.5793835e-01  -1.7197398e-01   4.6233246e-01   4.5781668e-02  -9.8220800e-02   9.2664866e-02   5.1317494e-01  -1.0673820e-01   1.2774643e-01  -3.8732119e-01  -3.1830827e-01  -1.0861853e-02  -2.5996284e-01   2.1109364e-01   7.2520166e-01   8.6107444e-03   1.4229555e-01   1.2393968e-01  -4.9953103e-01   1.4440254e-01  -1.5903335e-01   3.6107568e-01  -3.7439694e-01  -3.8472548e-01  -2.3890777e-01   2.6681486e-01   1.5441139e-02   4.8943733e-02   3.6032049e-02  -3.6723429e-01   7.0037718e-02   5.0735634e-02   3.5593160e-01  -3.4446294e-01   1.3325903e-01  -2.1351133e-01   3.5394872e-01   2.8209027e-01   2.5689322e-01  -3.1059645e-02  -2.1945084e-01  -2.4655454e-01  -2.8489444e-01   1.4487654e-01  -4.5717044e-01  -2.8095680e-01   9.9673306e-02  -3.3417360e-01   4.6872205e-02   4.2815518e-01  -4.4878829e-01   2.1759542e-01  -2.2718866e-01   2.3063636e-01   1.6686952e-01  -4.4410173e-01  -3.8496345e-01  -8.7587763e-02   3.3409778e-02   3.1791515e-01  -1.6378187e-01  -1.7670347e-02  -3.4363697e-01   1.6311346e-01  -4.2894801e-01   2.5820139e-01   6.4652386e-01   1.8606488e-01  -3.4651287e-02  -3.0683873e-01  -3.6701006e-01   8.2395067e-02  -2.4716397e-01  -7.8229315e-02  -3.9257358e-01  -1.3730857e-01   8.2843411e-02   4.8524746e-01  -3.4535375e-02   9.7283854e-02  -7.6217624e-02   3.0018245e-01  -1.6052604e-01  -3.3430491e-01  -2.0129830e-01  -1.2358588e-01  -1.1389715e-01   4.5725690e-02  -2.4540082e-01  -2.0607155e-01  -1.0613998e-01  -1.7923554e-01  -1.5425879e-01   4.5798059e-01   3.1258698e-02  -2.5653770e-01   5.6968735e-01  -1.7482526e-01   9.8666333e-02  -2.9448232e-01  -9.1042870e-02  -1.2184030e-01  -3.5880247e-01   1.0238898e-01   2.0000377e-01  -4.4791858e-01  -2.3247157e-03  -3.4930028e-01  -2.9832225e-01  -1.1017666e-01  -3.6358894e-01   5.5437643e-01   1.9246653e-01   7.3871920e-01   1.0684567e-01   4.2220064e-02   4.0250320e-01   3.4705724e-01  -3.9228844e-01  -1.1295641e-01  -7.2589016e-02   5.6001964e-02  -3.5079306e-01   1.5701386e-01   5.7600356e-02   2.3655865e-02  -1.9434946e-01   1.6454709e-01  -2.5516900e-01   5.4898458e-01   1.7134249e-01  -1.9014325e-01  -1.5083154e-01   2.6843635e-01  -4.1639437e-01  -2.3445070e-02   3.9497755e-01  -2.4710360e-01   1.2905489e-01   1.3364927e-01  -3.4329751e-01  -1.4769045e-01   2.9160102e-02  -2.5598493e-01
   5.0292640e-01  -5.0202958e-02  -3.8677343e-01   2.6263640e-01  -1.3839296e-01   8.2993080e-01  -5.3246184e-01   0.0000000e+00   7.2772762e-01  -4.6141688e-01   1.1374290e-01  -2.6711811e-01  -1.4042272e-01   1.8424120e-01  -4.1612893e-01  -6.0416834e-01  -4.9273257e-01  -3.7162606e-02   6.5917716e-01  -6.5569778e-02  -3.4445410e-01   4.4865706e-01  -3.6452400e-01   5.6479607e-01   2.5115560e-01   8.4593394e-01   6.2490920e-01   7.3832662e-01  -1.3891850e-01   1.5467637e-02  -4.1695163e-01   3.9785638e-01  -4.1528169e-01  -2.8523499e-01   3.8501103e-01  -5.0355232e-01  -3.3365166e-01  -1.3198632e-01  -5.4194232e-01  -5.2814535e-01  -2.2096789e-01  -4.6663756e-01   7.1769877e-01   7.5742745e-01  -8.2753675e-02   3.5789471e-01   9.8136944e-02  -2.7538425e-01  -4.2044471e-01  -4.8622707e-01  -3.5579211e-02   9.2785857e-01  -2.1783867e-01  -2.9610591e-01  -3.8450265e-01   7.7256020e-01   6.9169495e-01   6.3627899e-01  -3.2926409e-01   3.5095598e-01  -1.9106926e-01  -2.2149740e-01   6.4686040e-01  -8.1170962e-02  -2.5530271e-01  -2.0529324e-01   7.7151092e-01  -7.4979772e-02   6.1884403e-01  -7.8932208e-02  -4.5679228e-01  -4.6182226e-02  -3.1338660e-01   6.2990627e-02   1.3941344e-01   7.2230448e-01  -4.9148669e-01   6.2929754e-01  -1.3418108e-02  -4.2335478e-01   8.7814736e-01  -4.9429528e-01  -2.0324962e-01   8.4132104e-01  -8.2751667e-02   6.8484290e-01  -1.3107891e-01  -6.9099129e-02   3.2976120e-01   4.1187365e-01  -8.2903090e-02  -1.7950548e-01  -3.3794351e-01   5.4957276e-01  -3.6733325e-01  -8.9679455e-02  -1.2626002e-01   8.0625558e-01  -2.0177029e-01  -7.1968653e-01  -1.9815320e-01   3.8344543e-01   7.9962333e-01   6.2284664e-01   1.5012595e-01   6.0725468e-01  -2.6688922e-01   8.2335889e-01  -7.4844495e-02  -9.4345065e-02  -3.9188809e-01   4.9142716e-01   1.4096029e-01  -5.9108116e-02   1.9749904e-01  -1.2049531e-01   6.1790132e-01  -2.0092980e-01   4.9884351e-01   3.7128640e-01  -2.1044022e-02  -1.7512197e-01   1.3939731e-01  -1.3491850e-01   3.0401020e-01   2.6485853e-01  -3.1285851e-01  -4.4904941e-01   6.6531907e-01  -4.2478575e-01  -1.9017446e-01  -2.3447859e-01   1.9590261e-01  -1.8042284e-01   3.8178138e-01   8.3172179e-01  -3.2242901e-01   2.8403294e-01   8.1645668e-01  -1.5177743e-01   5.1987121e-01  -1.0750764e-02   2.7630463e-01   7.0295978e-01  -4.7050619e-01  -3.8056903e-02  -6.5978136e-01  -1.2050238e-01   8.8231665e-02  -5.5279476e-01  -2.6872742e-01   8.9251034e-01   1.8894360e-01  -1.0719384e-02  -1.1642419e-01   3.6385281e-01  -4.4596620e-01  -9.9657156e-02  -3.2081836e-01   7.6020296e-01  -8.7580757e-02   5.0151716e-01  -5.6345486e-01  -2.0192889e-02   5.3546043e-01  -8.8709744e-02  -1.0330518e-01   6.5225751e-01   4.2091069e-02  -2.9113168e-01   6.5105574e-02  -5.9735671e-01  -8.3593512e-02   7.4799378e-01   3.0485340e-01  -2.3731040e-01   6.1294530e-01
   2.1466608e-01  -5.5155055e-02  -3.1327173e-01   5.6412767e-01  -3.8065362e-03   6.8512073e-01  -3.7610366e-01   7.2772762e-01   0.0000000e+00  -2.6515128e-01  -2.2054425e-02  -1.5469158e-01  -8.7524829e-02   1.3857575e-01  -1.8423792e-01  -6.7601375e-01  -4.8823889e-01  -6.7293439e-03   5.0024022e-01   1.5581083e-01  -2.6406130e-01   6.5509874e-01  -1.6075513e-01   4.1645265e-01   8.4958256e-02   6.4516457e-01   5.5478651e-01   5.7794011e-01  -1.4717130e-01   1.2399697e-01  -3.7586562e-01   5.2862828e-01  -4.6612065e-01  -1.9316576e-01   4.6197895e-01  -3.2579209e-01  -2.2709795e-01  -2.4447094e-01  -5.8868120e-01  -4.2589194e-01  -1.4551508e-01  -4.8397349e-01   8.7260071e-01   5.8274444e-01   5.5297034e-02   2.0890842e-01   1.0158090e-01  -2.3256738e-01  -3.4959630e-01  -3.8454138e-01  -5.9515700e-02   7.1887578e-01  -1.3587359e-01  -3.3568588e-01  -3.5507413e-01   7.0376629e-01   5.8137014e-01   7.0825003e-01  -2.9208075e-01   6.3885778e-01  -2.7985293e-01  -1.0592579e-01   7.7792652e-01  -1.6739640e-01  -2.2781359e-01  -1.8337282e-01   6.8704161e-01   7.2911723e-02   5.7963139e-01  -1.2279813e-01  -4.0200526e-01   1.5740485e-01  -2.1430158e-01   6.1578935e-02   7.8965009e-02   6.7021691e-01  -5.2751483e-01   4.4260101e-01   2.7026921e-02  -2.7452913e-01   6.8348383e-01  -4.2489523e-01  -1.3495769e-01   6.3525090e-01  -8.3947372e-02   6.5258870e-01  -2.3375588e-01  -1.0235496e-01   1.3198969e-01   1.5950757e-01  -3.6591265e-02  -2.8942335e-01  -1.6314550e-01   8.4039579e-01  -4.5373419e-01  -3.3511044e-02   8.3358971e-02   6.8496403e-01  -1.9994519e-03  -5.0746764e-01  -2.0577682e-01   4.2631383e-01   7.4410299e-01   6.7076059e-01   3.9151301e-01   6.1718773e-01  -3.9550455e-01   7.2907445e-01   1.2339996e-01  -7.0869659e-02  -2.4625915e-01   6.3121926e-01   3.6297976e-01  -2.8064092e-01   7.5406049e-02  -1.0896896e-01   4.7790446e-01  -2.9979161e-01   2.3466461e-01   6.1344310e-01  -1.2175952e-01  -5.6364506e-02   6.9230693e-02  -1.4619019e-01   1.2717107e-01   2.3090305e-01  -1.7514427e-01  -3.1203833e-01   7.6642833e-01  -3.8921971e-01  -3.8195962e-01  -2.5095959e-01   5.5861263e-02  -1.5626088e-01   5.4206403e-01   6.9352929e-01  -1.5077169e-01   1.1650352e-01   7.1080577e-01  -3.1156403e-01   3.5005903e-01  -1.3049747e-02   1.9448927e-01   4.4728330e-01  -2.7042330e-01  -7.2377057e-02  -4.9111423e-01  -1.3404300e-01   7.2422471e-02  -4.0157474e-01  -2.2670410e-01   6.9730780e-01   8.9830650e-04  -7.2919163e-02  -1.6797536e-01   1.5152048e-01  -4.3016297e-01  -6.9847538e-02  -4.0618308e-01   6.6809339e-01   2.0562401e-02   3.2784146e-01  -3.9010189e-01   1.2090898e-02   6.4452195e-01  -2.0741051e-02  -6.9920599e-02   5.2524205e-01  -1.5498880e-01  -2.2004463e-01   7.3710856e-02  -5.8524357e-01  -3.7557803e-02   5.6827833e-01   2.0451376e-01  -1.2315358e-01   7.6450598e-01
  -5.3535170e-01   1.7216968e-01   5.4885486e-01   4.3366936e-03   2.7124588e-01  -3.2735577e-01   4.9985450e-01  -4.6141688e-01  -2.6515128e-01   0.0000000e+00  -1.1600302e-01   5.5483789e-01   1.9651808e-02  -4.1348703e-01   6.2472387e-01   1.6948929e-01   3.8181737e-01  -1.2950021e-01  -2.0697462e-01   3.3645419e-01   1.9975393e-01  -3.3364351e-01   4.3660672e-01  -4.6855840e-01  -2.1220563e-01  -3.1226169e-01  -1.9628326e-01  -4.2684940e-01  -9.3758520e-02  -2.3661548e-01   5.2591339e-01  -3.1643839e-01   5.1872826e-02   6.3643956e-01  -4.0142537e-01   4.9481919e-01   5.2663463e-01  -3.8835665e-01   1.4409686e-01   6.1904948e-01   1.7963241e-01   9.9913414e-02  -2.9010855e-01  -2.8717079e-01  -1.3197484e-01  -3.9490574e-01   4.5293968e-02   2.6878896e-01   1.2179584e-01   5.8003311e-01  -2.0944757e-01  -4.2938121e-01   5.7498508e-01   9.5927610e-03   1.9387527e-01  -3.6901826e-01  -2.4544386e-01  -4.2421001e-01   2.3540035e-01  -1.9661011e-01  -8.2817691e-02   1.9975499e-01  -3.9507771e-01   1.4003948e-01   1.1293341e-01   2.1273404e-01  -3.1760737e-01   2.6353326e-01  -3.7571081e-01   1.6419139e-01   5.3675345e-01  -1.5335774e-02   6.1054563e-02   3.9156875e-01  -7.0208292e-02  -2.6211097e-01  -2.6183739e-02  -2.9481271e-01   2.7743345e-01   2.2853022e-01  -3.3582792e-01   1.5654890e-01   5.2692977e-01  -3.5906785e-01   3.9985910e-01  -2.5285576e-01  -8.3429000e-02   1.3678894e-01  -5.1940909e-01  -4.7747904e-01   3.5725964e-01  -8.6403629e-02   6.4399497e-01  -1.9845165e-01  -2.2364952e-01   2.1728130e-01   3.3939863e-01  -2.4174119e-01   9.9401265e-02   6.1289213e-01   3.0550628e-01   7.8138936e-02  -3.6519999e-01  -5.0713349e-01  -4.3833773e-02  -4.2804090e-01  -8.7042464e-02  -2.9559438e-01  -2.3992558e-02   4.3574844e-01   7.3413335e-01  -3.3614811e-01  -5.0892644e-02  -2.5487465e-01  -7.1922520e-02   2.2260267e-01  -3.2805871e-01  -7.3865160e-02  -2.1382015e-01  -7.1768100e-02  -3.2759082e-01   3.5789379e-01  -2.7609762e-01   4.0008780e-02  -4.0264963e-01  -3.3342359e-01   2.0651420e-01   1.3093885e-01  -3.5964085e-01   4.4091151e-01  -9.5593786e-02   2.3963265e-01  -1.3577520e-01   2.3675252e-01  -4.6329001e-01  -4.6987444e-01   2.5783850e-01  -7.6333171e-02  -4.9878224e-01  -1.9966186e-01  -2.7826747e-01  -3.0233600e-01  -9.0244740e-02  -3.8828820e-01   5.7516911e-01   1.2918890e-01   7.6022916e-01   3.2136362e-01   3.0264701e-01   5.4032557e-01   5.5895004e-01  -3.8927136e-01  -1.4083781e-01   9.8347574e-02   4.2556009e-01  -4.9570883e-01  -1.6395514e-01   3.0333598e-01  -8.6148818e-02  -3.4556740e-01   1.6491979e-01  -2.9645095e-01   5.7641614e-01  -4.2469125e-02  -2.3800222e-01   4.2137586e-01   3.8188765e-01  -4.4724034e-01  -2.6088755e-01   4.2032512e-01   3.2761069e-01  -7.7814527e-02  -2.2877550e-01  -4.4776772e-01  -3.5250169e-01   1.6161563e-01  -3.3311646e-01
  -6.2784119e-02   3.5045919e-01  -5.2937264e-02  -8.0397660e-02   1.5948105e-01   1.4669993e-01  -7.5026648e-02   1.1374290e-01  -2.2054425e-02  -1.1600302e-01   0.0000000e+00   1.1632570e-01  -2.6192260e-02  -9.2610223e-02  -8.3405421e-02   6.5130646e-02  -7.6773688e-02   7.4106302e-02  -1.9110369e-03  -3.6526687e-03   7.1091970e-02  -1.3956679e-02  -1.5453378e-03  -1.1454026e-01   1.6244880e-03   2.1342459e-01  -2.2609468e-02   7.0243874e-02   9.7850706e-03   1.7264268e-01   1.0457880e-01   1.0714703e-01  -7.1166804e-02   2.8764414e-01   1.6217725e-01   1.1317986e-01  -3.4207126e-02  -3.7147848e-03   9.0447849e-02  -1.7872027e-01  -4.2975924e-02   1.8501535e-02   1.9124931e-02   1.4124112e-01   1.8549051e-01   5.1506713e-02   3.8499113e-01  -3.7854992e-02  -3.9652015e-02  -2.0816195e-01  -6.1066411e-03   1.7436245e-01   1.8436668e-01  -3.2572625e-02  -4.5600842e-02   1.9961321e-01   1.8516101e-02   1.0599752e-01   1.0240778e-01  -7.7966173e-02  -1.5142284e-01   1.1171615e-01   2.3459948e-03   3.5240115e-01   1.4096379e-02   2.9574327e-01   9.8377503e-02   9.9956170e-03   2.6548145e-01  -1.5120009e-01  -8.4421870e-03   2.0660741e-03  -1.0417353e-01  -1.1122965e-01   3.7057085e-02   7.7232377e-02   7.4440334e-03   1.6988609e-01   1.3384155e-01  -1.3301405e-03   1.0668573e-01   8.0643845e-02   1.6677236e-01   8.2802350e-02  -1.8297624e-01   1.8311947e-01   9.2672185e-02  -2.1799668e-01   1.2494691e-03   2.5475276e-02   2.9400572e-01  -2.5033411e-01  -6.5688147e-02  -8.1056188e-03   6.9779170e-02  -4.6501500e-02  -8.4607949e-02   1.2754196e-01   1.3827316e-01  -1.2284631e-01  -3.1719703e-01   1.4419288e-01   9.3776863e-03   1.1797972e-01   1.2928012e-01   4.5854546e-02   2.8853947e-04   1.4184176e-01  -1.3683532e-01   3.2007437e-01   4.4162115e-02  -7.1729593e-02  -2.8126298e-02  -6.6303488e-02  -2.3844754e-01   1.0725591e-01   3.3829483e-01   7.5906316e-02   2.0851161e-01  -3.2713086e-02  -9.6812102e-02   7.8014086e-02   1.7520626e-01  -1.4441506e-01  -6.2054974e-03   2.3446802e-02  -1.6295546e-01  -6.1158716e-02  -1.7239399e-02  -2.7468671e-01   1.4739561e-01   3.6905233e-01   1.7878322e-01   8.0381752e-02   8.0672170e-02   1.7460438e-01  -6.9429963e-02  -4.5037766e-02   2.1558171e-01  -3.4237820e-02   1.0797762e-01  -9.2714714e-02   4.0737735e-01   9.8226223e-02  -1.8051513e-01  -2.3553298e-02  -1.7286921e-01   4.8345961e-01   2.8243250e-01  -1.5198739e-01  -2.1610023e-01   1.5343318e-02  -1.9382781e-01   4.0743381e-01   2.3097486e-01  -3.9310269e-02   1.7532315e-03   1.8049804e-01  -2.2369341e-01   2.4600897e-02  -3.2056891e-02   4.4742912e-01  -8.5603608e-04   9.3862983e-03   4.5296766e-02   1.2323386e-01   2.9986663e-01   2.4431422e-02  -5.1222640e-02  -1.7232229e-01   6.2935931e-02  -4.2071554e-02   3.2984911e-01   1.2270008e-01  -8.4269457e-02  -2.9474801e-01   7.4020669e-02
  -3.5739482e-01   5.6765715e-01   6.9241775e-01  -7.8789406e-02   3.3529807e-01  -6.4425989e-02   1.4205535e-01  -2.6711811e-01  -1.5469158e-01   5.5483789e-01   1.1632570e-01   0.0000000e+00   8.4978403e-02  -4.0737166e-01   2.6310793e-01   1.6046252e-01   4.6550482e-01  -1.6744590e-01  -3.7992785e-02   4.3116146e-01  -2.0524080e-01  -2.3964257e-01   3.1595828e-02  -3.4978553e-01  -1.8917277e-01  -6.6048588e-02  -1.3065429e-01  -2.7943566e-01   7.5596274e-02  -2.1497315e-01   1.9899193e-01  -1.8331938e-01  -2.3499643e-02   7.2036479e-01  -6.2252268e-02   1.4540010e-01   4.2496224e-01  -2.4896926e-01   1.3785764e-01   3.9073362e-01   2.0670048e-01   1.1099779e-01  -1.4912311e-01  -2.7371049e-01   6.2716490e-02  -2.4032805e-01  -1.3655636e-01  -1.3797190e-01  -1.0078910e-01   4.3765138e-01  -1.9282537e-01  -2.1854904e-01   4.5441217e-01  -1.2129403e-02  -9.3661411e-02  -1.3650606e-01  -5.6385002e-02  -2.2537848e-01   1.6478199e-01   3.3934748e-02  -3.2344861e-02   1.2843091e-01  -2.7577152e-01   1.1911660e-01  -5.6544590e-02   2.7219789e-01  -9.0669868e-02   2.6617436e-01  -2.4643393e-01   4.4205581e-03   4.2868850e-01  -1.7286228e-02   1.7413949e-02   6.5910278e-01   1.0613276e-03  -2.0772423e-01   2.2352930e-02  -1.2086335e-01   4.0112545e-01   1.0029179e-01  -2.3527237e-01   1.3125052e-01   2.2156029e-01  -1.2971645e-01   2.0620366e-02  -1.9447652e-01  -1.4173970e-01  -1.6314276e-02  -2.9300047e-01  -2.6495634e-01   4.1344291e-01  -1.2821285e-01   4.4865424e-01  -1.0219377e-01  -1.0815610e-01   3.3280608e-01   2.6929535e-01  -5.4589383e-02  -8.1355056e-02   1.8315694e-01  -9.9825662e-02   2.4039186e-01  -2.9512759e-01  -9.3155338e-02   7.1519127e-02  -2.7996083e-01  -2.3397043e-01  -1.1272329e-01  -8.8386036e-02   2.6834114e-01   4.6537785e-01  -2.1250323e-01   1.2572890e-02  -2.4425768e-01  -2.6813409e-01   2.1913353e-01  -1.1872455e-02   5.9864137e-02  -1.5997479e-01  -3.9492900e-02  -3.0255468e-01   4.7490745e-01   1.8057006e-01  -1.7972102e-01  -2.7661231e-01   1.0726516e-01  -2.2374472e-01  -2.6781219e-02  -1.9673446e-01   7.7859641e-02  -2.2973332e-02   3.3144928e-01   2.9636585e-01   2.5432399e-01  -2.2864111e-01  -2.6072182e-01   1.0660749e-01  -4.6004185e-01  -2.4893835e-01  -7.3085335e-02  -2.1247076e-01  -1.2328582e-01   1.5208739e-01  -2.0320005e-01   2.6409988e-01  -2.3321040e-01   3.3905794e-01   2.5530481e-01   3.8724591e-01   2.4565389e-03   3.3616236e-01  -3.1677506e-01  -1.4652557e-01   1.6259611e-01   6.6736681e-01  -3.0735557e-01  -1.2375585e-01   1.4943681e-01  -1.2927133e-01  -3.1300941e-01   1.1950230e-01  -1.5871618e-01   8.5230716e-02  -2.6594431e-01  -1.3186488e-01   5.6416398e-01   3.6526477e-01  -2.3945964e-01  -2.5965059e-01  -1.1873244e-01   4.1118794e-01  -8.0423473e-02  -2.5206132e-01  -1.9092439e-01  -2.4208476e-01   1.4800170e-01  -1.2544623e-01
  -1.4416285e-01   3.2445131e-02   5.0643366e-02  -2.3023339e-01   1.3929022e-01  -1.7532576e-01  -2.3270953e-01  -1.4042272e-01  -8.7524829e-02   1.9651808e-02  -2.6192260e-02   8.4978403e-02   0.0000000e+00  -9.6239567e-02   2.6075200e-02   3.4294777e-01   1.2464222e-01   1.0351836e-01  -7.5788432e-02   9.2053105e-02   8.0066315e-02  -2.5597014e-01  -7.9424375e-03  -2.1604445e-01  -1.2193735e-01  -1.2138532e-01  -3.7309732e-01  -1.4580930e-01   1.6030726e-01  -1.8691666e-01   6.4305793e-02  -1.0173861e-01   3.1165676e-01   2.2594678e-02  -8.8758897e-02   9.4145869e-03   2.6764104e-01  -7.1305846e-02   3.9305737e-01  -1.7222433e-01   6.8845045e-01   3.4312099e-01  -1.0750386e-01  -1.0619923e-01  -4.5401631e-02  -2.5430723e-01  -1.0741613e-01  -1.8783511e-01   2.5559408e-01   1.6649665e-01  -2.0377562e-01  -1.3041460e-01   8.4460312e-02   4.6760044e-01   3.8669455e-02  -1.0075325e-01  -8.2434969e-02  -2.3884782e-01   1.6804091e-01  -2.3119165e-01  -1.0116154e-01   2.6264340e-01  -1.2475103e-01   1.0437754e-01   6.8863168e-02  -3.9616684e-02  -1.9042044e-01  -3.8522206e-01  -2.7186892e-01  -2.4474704e-01   8.6118621e-02  -3.0814690e-01   1.4663360e-01   9.3620104e-02   2.0393139e-01  -2.3139259e-01  -8.1023211e-02  -1.0746774e-01   2.0826594e-01   4.1228025e-01  -1.6208282e-01   3.6236752e-01  -4.5623738e-02  -1.8040226e-01  -1.8341692e-02  -2.9958406e-01  -7.3256998e-03  -1.6018524e-01   2.7143781e-01  -1.7138121e-01   3.0198572e-02  -3.7192296e-02   9.4622765e-03  -2.0550972e-01   2.3495697e-03   2.4743392e-01  -2.4769410e-01  -1.2199871e-01   7.2244822e-02   4.0351243e-02   1.4132467e-01  -2.7121299e-02  -2.7294515e-01  -1.7605894e-01  -1.2136303e-02  -3.3335399e-01   2.7439700e-01  -1.7068224e-01   2.3351614e-01   2.0390968e-01   9.0851851e-02  -2.2069361e-01  -4.5669893e-01  -1.1453504e-01  -1.9316527e-01   1.4500436e-01  -7.1280910e-02   5.8477654e-01  -6.9376631e-02  -2.9036972e-01  -2.4481541e-01   2.5569466e-01  -5.4416804e-02   1.4099203e-01  -2.9838429e-01  -5.1458599e-02  -1.1537102e-01   3.4654983e-01  -2.9266697e-01   1.8144537e-02   5.4096475e-01   3.3286268e-02   9.2559684e-02   1.6446074e-01  -2.2257714e-01  -2.5040567e-01   2.5471585e-01  -1.4280451e-01  -1.8424102e-01  -4.9339082e-02  -1.6719066e-01   4.5634140e-01  -1.6089989e-01  -1.4428432e-01   2.7699785e-02  -4.8426894e-02  -5.9326682e-02   4.3751056e-02  -1.6996804e-02   8.5377850e-02  -1.6686588e-01  -2.1778802e-01  -1.2371679e-01   3.4486350e-02   5.9167444e-02  -1.8171976e-01  -1.0091596e-01   2.5896561e-01   8.9178050e-02  -2.2076396e-01  -4.0465950e-01  -1.6260228e-02   8.0259331e-02  -1.0142957e-01  -2.0775161e-01   1.5701572e-01  -3.2709619e-02  -2.0757765e-01  -1.8178546e-01  -1.4291123e-02   1.2358757e-01   2.1750402e-02  -1.1550306e-01  -1.9976802e-01  -6.0283978e-02  -4.2639811e-02  -2.6233054e-01
   2.2817282e-01  -3.1591580e-01  -4.0925283e-01  -1.6748818e-02  -3.3840377e-01   1.3018037e-01   7.5412255e-03   1.8424120e-01   1.3857575e-01  -4.1348703e-01  -9.2610223e-02  -4.0737166e-01  -9.6239567e-02   0.0000000e+00  -2.6170864e-01  -1.9889153e-01  -4.3009546e-01   9.6264258e-02   3.6689945e-02  -2.8721368e-01   2.2456275e-02   3.1362080e-01  -1.3890796e-01   4.8945337e-01   5.5943934e-02   1.0829213e-01   2.0221031e-01   3.2693676e-01  -8.0439887e-03   3.6097108e-01  -3.1549002e-01   1.4721061e-01  -4.9591688e-03  -3.8714141e-01   1.0951063e-01  -2.6257263e-01  -2.9390742e-01   4.2835334e-02  -2.1133658e-01  -2.2865798e-01  -1.7651732e-01  -6.5908139e-02   6.8560260e-02   2.6258039e-01  -1.3695081e-01   7.9710363e-02   6.9302871e-02   2.9235699e-01   2.2990136e-02  -4.0990250e-01   7.4900696e-03   1.9919890e-01  -3.0787852e-01  -9.3942818e-02   1.9743836e-01   2.1962054e-01   3.9929556e-02   3.0558190e-01  -2.2366155e-02   1.3397708e-01   6.5548453e-02  -2.9738549e-01   1.8846960e-01  -9.3827341e-02  -6.1412054e-02  -1.0076567e-01   1.4848832e-01  -2.3743689e-01   2.2125183e-01  -1.3477890e-01  -2.6957394e-01   8.8984720e-02  -1.9820496e-01  -2.0356347e-01  -1.2829292e-01   2.0349203e-01  -2.7179487e-02   1.7813391e-01  -3.1822429e-01  -1.0447325e-01   2.2105910e-01  -1.7530470e-01  -1.0794221e-01   1.2468713e-01   1.0764965e-01   1.4180743e-01   3.1423517e-01   1.7279822e-02   2.4101423e-01   2.5078206e-01  -3.0296796e-01   1.6683550e-01  -3.2923805e-01   1.6041014e-01  -1.9032805e-02  -2.8720063e-01  -2.9941606e-01  -9.2072036e-03  -4.5381120e-02  -3.3098916e-01  -8.6438952e-02  -1.0325799e-01   3.3026210e-01   2.5419948e-01   9.7572062e-02   3.5744484e-01   4.3267940e-02   8.1155785e-02  -1.7114091e-02  -2.7704476e-01  -2.6119094e-01   3.6742133e-01   4.1062332e-02  -1.3879740e-02   2.7724398e-01  -2.6849159e-01   1.2005605e-01  -1.1769088e-01   3.1403791e-01   1.9958724e-02   3.2719222e-01  -3.8721877e-01   4.0959627e-02  -1.1669537e-02   1.7344037e-01   2.6403476e-01   3.4506231e-03   3.8673130e-02   2.5195827e-01  -4.0389602e-02  -6.7047865e-02  -2.9336105e-01   4.9268739e-02  -2.3652012e-01   2.7770038e-01   2.6735235e-01  -1.6778045e-01   2.7215363e-01   2.0095568e-01  -3.2171986e-02   2.5639785e-02  -4.3870031e-02  -1.2892129e-01   3.1047467e-01  -2.6146250e-01   9.1375141e-02  -2.5553988e-01  -2.5097597e-01  -2.4778348e-01  -1.4447455e-01  -1.6409396e-01   2.9593146e-01   1.5833241e-01  -2.1501894e-01  -2.4826235e-01   1.6630279e-01   6.9943572e-02  -2.2020186e-01   8.0193922e-02   3.3738077e-01  -1.4875072e-01   1.0557528e-01  -6.0508907e-02   1.9494168e-01   2.3384755e-01  -3.9427151e-01  -2.6695922e-01   2.9081742e-01   2.9318224e-01   3.3174769e-02  -2.7407881e-01  -2.3690189e-02   1.3357820e-01   3.1636020e-01   2.7372722e-01  -1.1813964e-01   9.0851537e-02
