   0.0000000e+00  -2.1232979e-01   1.2560563e-01  -1.6256385e-01  -2.9205102e-01   8.0506386e-03   1.2531311e-01  -1.3970317e-01  -2.3108062e-01  -4.6040710e-02  -1.7019044e-01  -1.3474557e-01  -8.3919543e-02   4.4543646e-01   4.7064911e-02   2.3601359e-01  -1.5181161e-01   9.8501454e-02  -7.5730152e-02  -1.1230007e-01  -1.5850288e-01  -1.2653233e-01   1.3733560e-02   3.6878661e-01  -1.0081427e-01  -2.9851798e-02  -1.3997481e-01   2.8231859e-01  -6.0512858e-02  -2.4967022e-01   6.1007551e-02  -1.3090137e-01   3.6574010e-01  -1.4336792e-01   3.6477687e-01  -3.6833246e-01  -2.5784453e-01  -1.6836795e-01   2.0975477e-01   3.9352170e-02  -7.7859553e-02   2.3859411e-01   3.1728259e-03   2.0752259e-01  -2.3188749e-01  -2.3313549e-01  -3.8922623e-01   3.0467360e-01  -2.5096063e-01  -8.7981918e-03  -3.4322485e-02  -1.8873164e-01  -9.8764719e-02  -6.3803388e-02   2.0146010e-01   2.4290895e-01   7.5088289e-02  -2.1331743e-01  -6.7356304e-02   1.7010953e-01   6.3028640e-02  -8.6352432e-02  -1.5964966e-01  -1.0984160e-01  -7.8100647e-02  -1.9105494e-01  -7.4350280e-03  -3.6345869e-01  -1.8089025e-01   7.2066515e-03   2.3450371e-01  -9.6568987e-02   1.0834816e-03   4.7145962e-01   2.3199977e-01  -1.4114003e-01   2.9052796e-02   1.6892183e-01  -2.1653906e-01  -1.1248905e-01   3.6647782e-01   5.7149572e-02   1.2965965e-02   5.6572647e-02   4.5324081e-01  -8.5056123e-02   3.6601999e-01   1.8375769e-01  -1.1009748e-01   3.9389901e-01  -3.2639268e-01   1.3949649e-02   6.8704128e-02  -1.6094845e-01  -1.1337476e-01  -2.0724296e-01   1.2467018e-01   5.3862839e-03  -1.0934443e-01  -6.1433440e-02   7.5137529e-01   1.1408957e-01   3.3902922e-01   9.0001663e-02   4.1896354e-02  -2.9627465e-01  -2.4737939e-02  -1.9682845e-01  -2.8310016e-01   6.1032997e-02   3.7596212e-02   4.1097075e-03  -1.1035246e-01   2.8289977e-01   5.8325931e-01  -3.1485601e-02   5.8488204e-02  -3.9025839e-02   3.4734087e-01  -1.7406155e-03   1.6307584e-01  -3.1900363e-01   5.6981703e-02  -1.8054015e-01  -2.6490985e-01   2.3878147e-01   3.4351597e-02   1.6747155e-01  -3.4021778e-01  -1.2883836e-01   6.5361314e-02  -1.2030653e-01  -4.1075411e-02  -9.4788006e-02  -1.2026117e-01  -2.7899452e-01   1.5049370e-02   4.7114703e-01  -2.5030933e-01   2.5756590e-01   3.7161368e-01  -1.0293341e-01  -2.5511609e-01   3.0506753e-01   1.8466779e-01   1.9829724e-01   2.8094161e-01  -4.4109312e-01   6.1515554e-02  -2.8404661e-02   5.9372757e-01   3.0245420e-01   3.3503575e-01  -1.2236286e-01   6.9680220e-02   1.2428946e-01   3.2354360e-02   8.0555295e-02  -1.9052367e-02   2.1404326e-01  -1.4624141e-01  -1.0447338e-01  -2.7860101e-01  -1.4461626e-01  -2.2243703e-01   4.9856855e-02  -3.2107920e-02   9.6673202e-03   2.6387417e-01  -1.8602866e-01  -2.1738556e-01  -2.5263942e-02  -2.5926298e-01   1.9232757e-01   7.4257522e-03  -4.0691695e-02  -9.8364621e-02
  -2.1232979e-01   0.0000000e+00   1.3122837e-01  -3.1149767e-01   2.7385273e-01  -4.4143300e-01  -3.9559334e-01   3.5389956e-02  -2.6504849e-01   2.0214872e-01  -4.6737146e-01   2.9022197e-01   1.2659738e-01  -1.8058834e-02  -1.8886277e-02   3.4157143e-01   5.9236182e-01  -9.1557286e-02   8.4109101e-03   4.2976218e-01  -2.9451812e-01  -4.9264608e-01  -5.3115757e-01   3.7485388e-02  -1.7522882e-01  -7.0120343e-02  -3.0957974e-01  -2.5320584e-01   2.0528958e-01   2.5163050e-01  -6.5602628e-02  -2.0412290e-01   2.4769648e-01   6.3274349e-01  -4.3934968e-01   1.9302682e-03   1.5339282e-01   1.1649830e-01   3.0828932e-01   8.0964070e-02   2.3436925e-01   1.9949496e-01   1.2364453e-01  -2.1324791e-01   3.6021710e-01   2.6079979e-03  -3.0190463e-01  -2.6016472e-01   9.6563916e-02   3.6390065e-01  -5.2445125e-01  -2.8361832e-01   6.9942132e-01   9.7030435e-02   7.7654273e-02  -4.1222928e-01  -1.3359283e-01  -2.7005197e-01  -6.7686035e-02  -2.4595275e-01  -9.3877438e-02   1.0948889e-01   3.4183763e-01   6.1124011e-01   2.1976081e-01  -6.0858161e-02  -4.2750189e-01   3.2201564e-01  -5.6669714e-01  -2.2492395e-01  -1.8734131e-01  -4.0160784e-01   4.2428188e-01  -1.3084350e-01  -1.4934426e-01  -9.0423880e-02   1.6733231e-01  -2.3119923e-01   6.2987920e-01  -1.2717475e-01  -5.3209083e-01   2.6456998e-01  -1.7153056e-01   8.8950040e-02  -4.8317629e-01  -1.5754862e-01  -6.1529850e-01   8.3739839e-02   4.1538197e-01  -1.0396570e-01   2.6433079e-01   4.9438508e-02   5.3359236e-01  -3.8596019e-01   6.4112967e-02   5.3668300e-01   1.0990285e-01  -2.5707454e-01   5.2130397e-01  -1.6983083e-02  -4.0944871e-01  -2.4647751e-01  -5.4056892e-01   2.4912520e-01  -5.3091554e-01  -1.3347846e-01   1.9943482e-01  -3.1733948e-01  -3.1002694e-01  -3.2374488e-01  -1.0396346e-01  -6.6097323e-01  -4.6574522e-01  -1.4936530e-01  -4.1716628e-01   4.9745280e-01  -3.4532868e-01   1.3866203e-01  -3.2351559e-01  -1.9891549e-01  -4.9131435e-02   5.3731947e-01  -1.9971163e-01   4.9216167e-01  -4.8288099e-02   7.8938885e-02   9.2527130e-03   3.1114560e-02  -4.0659042e-01   1.0151273e-01   2.3094270e-01   2.5130701e-01   6.1676909e-01  -7.7545643e-02  -2.9294467e-01  -5.6627281e-02   1.0202876e-01  -4.3008221e-01  -6.9749838e-02   1.4405305e-01  -3.0595354e-02   2.2510135e-01  -3.2945797e-01  -2.0675751e-01  -1.2074689e-01  -2.3597357e-01  -3.4855057e-01   2.8931493e-01   7.5446742e-02   4.3279816e-02  -4.9153471e-01  -2.5098858e-01   3.7100497e-02   2.9586316e-01   4.6293905e-01   1.7798583e-02  -4.0966046e-02  -3.2032225e-02   1.9684015e-01  -6.4281272e-01   4.3726421e-01  -3.8352271e-01   4.4868692e-01  -3.3861634e-01  -3.1580991e-01   3.9411063e-01  -1.2450730e-01  -1.1301435e-02  -1.0614456e-01   3.6194003e-01   5.8122408e-01   2.7600396e-02   4.7541518e-01  -1.2477246e-01  -3.7427647e-01   2.3864998e-01  -2.7107707e-01
   1.2560563e-01   1.3122837e-01   0.0000000e+00  -3.1854374e-02   2.8040083e-01   1.6484829e-01  -8.9021249e-02  -3.3335522e-01  -3.4992216e-01   3.9708382e-01  -2.9601627e-01   3.5275919e-01   7.9053440e-02   1.4277605e-01   1.3778121e-01   4.7484056e-01   6.7699995e-01  -1.7178535e-01   5.5238664e-02   4.6420970e-01  -1.4243988e-01  -1.2380838e-01   1.5956244e-01  -3.6563612e-02  -2.5030439e-02  -2.7684182e-01  -1.3204526e-02   1.0925994e-01   1.8178433e-01  -2.6321656e-01  -2.3720947e-01  -3.1295673e-01   2.4607265e-01   2.5172682e-01   6.4326924e-02  -2.8178998e-02  -6.7186427e-02   8.1599292e-02   2.2964333e-01   5.2035329e-01   6.9823764e-02   3.7690792e-01  -2.7347848e-01  -2.8929891e-01   8.5716059e-02   2.2878763e-01  -2.2198887e-01  -1.2685914e-01  -3.5669955e-02   6.4822558e-01   9.6317572e-03  -2.6596371e-01  -7.1147448e-02   2.0041978e-01   3.1481498e-01  -7.9209266e-02  -8.5903548e-02  -1.3171463e-02  -8.7904381e-02   1.3013175e-01   6.4114501e-01   3.2143070e-01  -1.8042067e-01  -2.6262943e-01  -1.9902739e-01   2.4384054e-01   2.3473922e-01  -2.6843703e-01  -2.5095024e-01   5.4840660e-01  -6.0248612e-02  -1.0707382e-01   1.7879571e-02   4.5583813e-01   2.4141481e-01  -1.3592179e-01   3.8049070e-01  -2.4325543e-02   5.2175537e-02  -7.7522911e-02  -4.2867823e-02   6.4422610e-02  -1.7026379e-01  -1.5623673e-01   8.5543620e-03  -9.3923103e-02   8.8748814e-02   2.4136099e-01  -1.0102335e-02   4.4546316e-02  -1.1748465e-01   6.2324240e-01   3.3723372e-01  -1.2093885e-01   7.6596642e-02   2.3685303e-01   4.1531446e-01  -2.5787805e-01   2.8601139e-03   2.1631475e-01   7.1644318e-02   1.4584930e-02  -1.4584520e-02  -3.3340036e-01  -8.7967343e-02  -1.0578086e-01   2.0016284e-01  -2.0008034e-01   1.8623441e-01   1.3382678e-01   2.7682179e-01  -1.0308259e-01  -2.0828420e-01   1.4258393e-02   8.2139024e-02  -1.4802024e-01  -3.2030350e-02   1.2772009e-01   3.9092363e-01  -7.6815838e-02   7.5621654e-02   1.3817834e-01   3.3094244e-01  -1.9614938e-01   1.0082174e-01   3.8010760e-01   1.0290875e-02   1.0766589e-01  -2.3477781e-01   3.7204540e-01   8.7409540e-02  -1.2408791e-01   2.6430940e-01  -3.0598283e-01  -2.6515822e-01  -2.3913797e-01   3.9587332e-02   7.6858985e-02  -1.7450119e-01   8.4024228e-02   1.0146131e-01   1.4929715e-01  -1.9366247e-01   6.8954918e-01   2.3501047e-01  -1.3781099e-01   2.2927949e-01  -1.0382160e-01   3.9906514e-01  -9.7997868e-02   1.2476861e-01  -2.3880666e-02   3.8315746e-01  -4.1875267e-01   6.8005998e-01   5.5891611e-02   1.2332921e-01  -2.1442073e-01   4.9694884e-01  -3.3512827e-02  -7.1982500e-02  -3.6303231e-01   3.6157434e-01  -2.4402566e-01  -3.4052756e-01   9.9081222e-02  -2.0944759e-02   1.5970553e-01   2.6855279e-01  -5.6948826e-02   1.3861140e-01   1.1368413e-02  -2.4246973e-01   4.3336503e-01   5.2680298e-03   1.3633228e-01  -3.2403405e-01
  -1.6256385e-01  -3.1149767e-01  -3.1854374e-02   0.0000000e+00  -1.8868715e-01   5.6177633e-01   2.3918188e-01   3.0950445e-01   4.2179321e-01  -3.2295245e-01   4.3329961e-01  -6.2908803e-02  -2.7167229e-01   6.2947559e-02   1.1148987e-01  -5.7045719e-02  -1.5514282e-01   1.2314947e-01   2.4574419e-01  -2.3857642e-01   3.7854146e-01   6.2144011e-01   4.0505371e-01  -6.1264153e-03   4.6010604e-01   1.1357718e-01   2.6745674e-01   4.3185439e-02   9.8668509e-02  -5.5774597e-02   2.6982416e-01   3.5671965e-01   7.8680650e-02  -1.6329511e-01   4.3124703e-01   2.0970442e-01  -7.6405290e-02  -1.1848371e-01   1.0643275e-01   9.9377744e-03  -1.9985193e-01   3.2340132e-02  -7.4145493e-02   1.0061017e-01  -2.0323153e-02  -3.0605932e-02   3.2512434e-01   1.4940413e-01   6.7956496e-02  -1.6253821e-01   5.4844470e-01   4.3761853e-01  -1.5870505e-01  -7.8190051e-02   5.8262828e-02   2.7835735e-01   3.2069090e-01   1.3453856e-01   3.2545402e-01   4.0809095e-01   2.2054269e-01  -4.3481759e-02   2.2012194e-01  -2.6197972e-01   7.8024824e-02   1.4903972e-01   6.5648636e-01   1.1289966e-01   5.7766775e-01   1.2186800e-03   6.8283405e-02   6.7864018e-01   3.5499107e-03   1.1368044e-01   2.1306699e-02   1.0104213e-01  -1.1424117e-01   1.7437481e-01  -2.9541196e-01   3.5567620e-01   3.2553499e-01   9.4373932e-03   1.7913610e-01   1.5388118e-01   1.4445640e-01   9.7520355e-02   5.1376111e-01  -1.6764774e-01   2.8845281e-02  -1.7288804e-01  -3.4206568e-02  -6.5786186e-02  -3.5174824e-01   3.6247590e-01  -1.5546574e-01  -3.7400891e-01  -1.5913975e-01   4.0370760e-01  -1.8653803e-01  -1.2409483e-02  -1.1917380e-01   2.2844055e-01   4.5524162e-01   1.7506477e-01   5.4197011e-01   6.5245661e-01  -1.3694724e-01   6.0617413e-01   6.3657524e-02   2.3613293e-01   2.5860684e-01   5.9212816e-01   7.0854816e-01  -1.6814589e-01   4.6848316e-02  -7.6030878e-02   1.7251035e-01  -1.1039113e-01   1.6876735e-01   4.3227515e-01  -3.0748966e-02  -3.4913250e-01   3.8435799e-01   2.2215536e-02   8.4481827e-02   1.4464970e-01   3.6159483e-01   1.5803427e-01   4.9912206e-01  -2.0163735e-01  -3.1700619e-01  -1.1108903e-01  -2.2764435e-01   2.6471065e-01   6.5739801e-01   8.1120056e-02  -4.6160762e-02   1.0696911e-01   7.9419292e-02  -2.7384414e-01  -1.5223216e-01  -1.8349144e-01   4.7770618e-01   1.3486606e-01   2.9062186e-01   3.4113739e-01   1.8548787e-01   5.8317958e-02   5.4431759e-02   9.4632978e-02   6.1085168e-02   2.6326696e-01   1.0233612e-01   1.2843428e-03  -1.6575497e-01   5.6587339e-02   3.3452942e-03   2.4071148e-01  -1.0789907e-01   4.6175410e-01  -1.2038752e-01   3.9189592e-01  -2.1261195e-01   5.7781080e-01   4.7385545e-01  -1.2137253e-01   3.0360493e-01   1.1851063e-01   2.3408230e-01  -1.9562068e-02  -1.5683843e-01  -2.4395609e-01  -1.5698751e-01   2.7196925e-01   4.0842252e-01  -2.3942497e-01   4.6240576e-01
  -2.9205102e-01   2.7385273e-01   2.8040083e-01  -1.8868715e-01   0.0000000e+00  -2.8491172e-02  -2.7225839e-01  -1.3251767e-01  -2.1905990e-01   2.5808591e-01  -1.9859359e-01   2.0674553e-01   2.0973875e-01  -1.8044373e-01   1.5479287e-02   1.3364498e-01   4.0164371e-01  -1.8149322e-01  -1.4384105e-02   6.0151489e-01  -1.9473478e-01  -1.3072128e-01  -2.1111807e-01  -1.4566987e-01  -1.6231820e-01  -1.4378889e-01  -4.6382009e-02  -1.0921387e-01   1.0239445e-01  -4.2375903e-02  -2.9653499e-01  -2.2706125e-01  -1.3937333e-01   3.2333817e-01  -2.0811865e-01   3.8369091e-01   1.9891689e-01   1.5436259e-01   1.8690928e-02   1.2364159e-01   3.2683618e-01  -2.5931507e-02   3.1966453e-02  -2.2890823e-01   3.8261551e-01   1.9260103e-01  -1.6808489e-02  -3.9185790e-01   1.0519608e-01   2.2016154e-01  -5.3529749e-02  -1.9074830e-01   1.1923641e-01  -2.4954531e-02  -2.8972593e-02  -2.9725475e-01  -1.1565521e-01   1.2313761e-01  -1.2065518e-01  -4.2378672e-02   1.3813383e-01   3.4296299e-01  -2.0010037e-01   4.9814059e-03  -1.3096974e-01   1.5251370e-01  -2.6975784e-02   1.4145066e-01  -1.6653745e-01   1.2223270e-01  -2.3002143e-01  -2.6049644e-01   1.2570419e-01   3.8015781e-02   2.9146815e-01   7.3517351e-03   8.6025875e-02  -3.9557559e-02   3.4055115e-01  -3.0160225e-02  -2.5025949e-01  -8.0897674e-02  -1.4372478e-01   2.0196135e-03  -2.8492730e-01   7.5404385e-02  -2.6090179e-01   1.3433343e-01   1.7974346e-01  -3.9864195e-02   2.3580973e-01   1.5424574e-01   2.7755101e-01   3.4336813e-03   9.0359097e-02   4.0749470e-01   3.2851708e-01  -2.0964905e-01   3.6668480e-01   5.0574192e-02  -2.3692701e-01  -2.1606352e-01  -3.6467588e-01  -2.5417024e-01  -4.4381973e-02  -5.7258776e-02  -6.4570043e-02  -5.8895510e-02   3.2209928e-01   4.1709763e-02   2.4253553e-01  -1.5838118e-01  -2.4329740e-01  -3.8845764e-02  -2.1387149e-01  -1.6500749e-01  -1.5948606e-02   1.9586576e-01  -6.2022788e-02  -3.1270943e-01  -1.1223005e-01   5.2077750e-01   1.2910154e-01   6.3360011e-04   1.4198746e-01   8.6848151e-02   1.1678361e-01  -1.0493654e-01  -1.2952918e-01   1.6697574e-01   1.4970700e-01  -8.6083125e-02   2.5517549e-01  -3.0387990e-01  -3.1627975e-01  -7.0168389e-02  -7.7709264e-02  -2.6745929e-01   1.1223764e-01  -1.0387563e-01  -1.6076782e-01   2.1810452e-01  -7.3694830e-02   1.0620382e-01  -1.9475920e-02  -4.0781203e-01  -1.3540607e-01   2.9466346e-01   6.6180548e-02  -2.1011365e-01  -2.4613515e-01  -1.2672678e-01  -1.6193846e-01   8.1949181e-02   3.3127231e-01   2.2100529e-03  -8.7326257e-02  -2.8840431e-01   1.2887782e-01  -2.1926624e-01   1.4039563e-01  -2.0975958e-01   4.7459210e-01  -2.9825940e-01  -1.4809470e-01   2.6110445e-01  -2.0399510e-02   1.9144117e-03  -1.6270271e-01   3.5915649e-03   4.4906859e-01   8.2366568e-02   1.8370622e-02   1.5596510e-01  -1.0843026e-01   1.4883896e-02  -1.7432548e-03
   8.0506386e-03  -4.4143300e-01   1.6484829e-01   5.6177633e-01  -2.8491172e-02   0.0000000e+00   3.1303553e-01   2.3500518e-01   1.6548719e-01  -2.6073185e-01   4.0670593e-01  -4.5196775e-02  -3.2909927e-01  -4.9160889e-02   1.7359019e-01  -2.5094556e-01  -1.5825694e-01  -8.6055281e-02   1.3475317e-01  -8.9674601e-02   1.9393086e-01   6.1172014e-01   4.0488100e-01  -2.2676851e-01   3.9229628e-01   2.5901836e-01   3.5602029e-01   3.1796754e-01  -3.0742614e-02  -2.4802316e-01   9.5699240e-02   4.0973613e-01  -2.0563840e-01  -3.8297439e-01   5.4610142e-01   1.8012075e-01  -6.3350565e-02  -1.8744041e-01  -1.8917037e-01   9.3097986e-02  -2.2262595e-01  -1.1602972e-01  -8.7189956e-02   2.3232985e-01  -1.1567773e-01  -2.1985397e-02   3.1133574e-01   1.4564257e-01   1.5093110e-01  -2.3161248e-01   5.3970017e-01   2.9918200e-01  -3.1801151e-01  -2.1661691e-01  -1.7394672e-01   4.4165775e-01   3.3444053e-01   1.1789694e-01   8.4323384e-02   4.0050975e-01   3.2793377e-01   1.8623053e-01  -1.0865523e-01  -4.9585664e-01  -1.1193437e-01   1.8832502e-01   8.3932492e-01  -5.4265134e-02   7.4063779e-01   1.4634859e-01   1.3963622e-01   5.3580824e-01  -1.8220702e-01   3.7997714e-01   1.7390597e-01  -9.5137629e-02  -1.4023967e-01   4.6905027e-01  -2.2760381e-01   1.8455014e-01   5.2678056e-01  -1.5344030e-01   2.3262077e-01   2.3559332e-01   4.4633213e-01  -2.3154766e-02   5.7695844e-01  -2.9859458e-01  -1.9604601e-01  -2.1498744e-01   1.0018476e-01  -1.3405604e-02  -2.0164250e-01   1.8953385e-01  -2.2229298e-01  -3.2896433e-01  -8.5106455e-02   4.9097275e-01  -3.3123149e-01  -1.9616285e-01   2.1562625e-01   4.2436733e-01   4.5112664e-01  -9.9015033e-03   5.1539143e-01   3.0718455e-01  -3.6631295e-01   7.7044096e-01   2.6752629e-01   4.0168645e-01   3.5196334e-01   7.1478063e-01   4.9835025e-01  -6.6769344e-02   3.6712704e-01  -1.5604634e-01   4.5332709e-01  -2.6122317e-01   3.3174778e-01   3.1105168e-01  -1.8104275e-01  -2.6786448e-01   3.3187522e-01  -2.8412320e-01   6.4017414e-02   2.8605884e-01   4.1012710e-01   2.6357368e-02   3.8915020e-01  -2.5447862e-01  -3.5134186e-01  -2.2144171e-01  -6.7597814e-02   1.0732634e-01   3.7559242e-01  -1.2302626e-01  -1.0848082e-01   2.5676275e-01  -7.2767605e-02  -4.2104045e-01  -2.4919663e-01  -3.5941696e-01   3.4359748e-01   4.4468753e-01   2.4657433e-01   2.3630779e-01   3.8217299e-01   5.7150559e-02   1.5496308e-01  -1.8882166e-01   3.8554548e-01   4.3973027e-01   3.5829641e-02  -1.4586056e-01  -1.3760252e-02  -1.3479119e-01  -1.6771195e-01   1.4135505e-01  -1.1729233e-01   5.0360133e-01  -1.7767298e-01   4.1997782e-01  -2.5140878e-01   2.9906571e-01   4.9289790e-01  -2.6136540e-02   2.9087104e-01   1.0280196e-01   6.2960075e-02   7.6004199e-02  -8.0821338e-02  -3.9807922e-01  -3.4885096e-01   5.5804359e-01   3.8609251e-01  -3.8482077e-01   3.6524510e-01
   1.2531311e-01  -3.9559334e-01  -8.9021249e-02   2.3918188e-01  -2.7225839e-01   3.1303553e-01   0.0000000e+00  -1.1073720e-01   4.1291823e-02  -8.3780350e-03   4.6399991e-01   4.0176864e-01  -1.1010529e-01  -2.6369444e-01   6.4503127e-01  -2.8144915e-01  -4.3224954e-01  -2.1418506e-01  -2.0971330e-02  -1.1577398e-01   4.4035790e-01   1.0505057e-01   6.2240053e-01  -3.6952962e-01   2.0231072e-01  -7.7773917e-02   2.9395461e-01  -1.3266073e-01  -4.1287603e-02  -4.8389490e-01   4.2172013e-01   3.0618866e-01  -1.9948116e-01  -2.1434632e-01   3.8494705e-01  -6.5304206e-02  -2.4052115e-01  -3.7376090e-01  -1.9879525e-01   1.3812321e-01  -2.2305365e-01  -3.0024564e-01  -9.1141766e-02   3.7845563e-01  -3.1129718e-01  -1.9642202e-01  -8.6267266e-02   7.1332497e-01  -8.5155326e-03  -4.2268371e-01   2.7615878e-01  -1.2204237e-01  -2.8234951e-01  -3.3371877e-01  -2.4383406e-01   4.0067255e-01   3.3977546e-02  -1.4234109e-01  -9.2014036e-02  -6.9806037e-02  -8.5992071e-02  -9.7666119e-03  -3.2445448e-01  -4.4391337e-01  -3.0036583e-01   1.5124781e-01   2.8565697e-01  -3.9582844e-01   2.8974486e-01   2.3994012e-01   7.1145500e-01   3.7733617e-01  -9.2222495e-02   2.7325080e-01  -1.6001797e-01  -1.2226367e-01  -3.8160042e-01   2.2818394e-01  -4.4156667e-01  -1.1660863e-01   5.0191172e-01  -7.3857550e-02   5.5393580e-01  -1.4641159e-01   4.8947732e-01  -8.5056479e-02   3.2209783e-01  -3.7978566e-01  -4.4199933e-01  -2.6691032e-01  -2.6784330e-01  -2.7412729e-01  -8.8763558e-02   2.4650443e-02  -4.1780603e-01  -5.3109461e-01  -1.1591987e-01   2.6087057e-01  -4.6196182e-01   4.0070558e-01   3.5313723e-01   5.1498653e-01   4.2357018e-01  -1.5182286e-01   3.5306810e-01  -8.5219614e-02  -3.9093136e-01   1.0254875e-01   1.5307618e-01   2.6426942e-01   4.3257786e-01   4.6467704e-01   2.8995093e-01  -2.1874952e-01   3.7912804e-01   6.3119158e-02  -2.7934640e-02  -2.6202557e-01   2.2007272e-01   2.4028465e-01  -3.5381821e-01  -4.8861724e-01  -5.5012184e-02  -3.6092861e-01  -2.8052891e-01  -4.7955105e-02   3.9336638e-02  -3.3852428e-01   2.2879335e-01  -5.1997609e-02  -1.2210875e-01   4.1679361e-01  -3.9870982e-01   3.8931893e-01   9.6012577e-02  -2.1206553e-01  -1.4681405e-01   2.8307164e-01  -1.9151337e-01  -3.4852412e-01  -2.5695102e-01  -3.7448214e-01   6.5268006e-02   1.2454922e-01   5.1694724e-01   3.6389605e-01   7.9198533e-01  -3.6449087e-01   2.5723036e-01   3.3191968e-01   5.4133835e-01   8.1657280e-02  -2.0781100e-01  -6.4444936e-02  -1.1973702e-01  -3.3343126e-01  -4.3795033e-01   9.1028869e-03  -3.6787972e-01   4.2500802e-01  -2.5146416e-01   2.6054166e-01  -4.8510235e-01   6.5879660e-02  -3.0661242e-02   2.7900212e-01   5.2906837e-01  -2.4504322e-01  -1.9302611e-01  -4.7893574e-03  -1.7466694e-01  -4.4293701e-01  -5.6030455e-01   2.1366543e-02   2.4942700e-01  -4.5799341e-01  -1.1787202e-01
  -1.3970317e-01   3.5389956e-02  -3.3335522e-01   3.0950445e-01  -1.3251767e-01   2.3500518e-01  -1.1073720e-01   0.0000000e+00   3.8184387e-01  -5.2097094e-01   4.4404989e-01  -3.5297601e-01  -2.3190409e-01   2.2275930e-01  -1.9853686e-01  -6.2964480e-02  -1.3225411e-01   2.7489370e-01   2.7090051e-01  -2.7692347e-01   3.3889321e-01   2.3527811e-01  -2.1499819e-01   8.8123130e-02   8.6324281e-02   4.3829380e-01  -1.4314609e-01   1.6872416e-01  -1.0321835e-01   2.3245703e-01   4.7114774e-01   3.1796921e-01   7.9086231e-02  -2.6054639e-01   3.4573132e-02   7.3616141e-03  -7.4459810e-02  -1.3106918e-01   1.4919601e-01  -3.9988774e-01   2.5826332e-03  -1.4592534e-01   4.0419978e-02   5.1622603e-01  -3.0452640e-02  -1.2643777e-01   2.3729275e-01   1.7805317e-01   4.1027829e-02  -3.8144049e-01   9.4570686e-02   4.2471728e-01   7.3894496e-02  -1.8495761e-01   2.1112737e-02   2.8770921e-01   3.1218686e-01   1.4168887e-01   1.7196819e-01   2.1333154e-01  -1.1819089e-01  -1.7262948e-01   4.9268050e-01   2.2548911e-01   3.6527712e-01  -4.1685486e-01   2.6732918e-01   1.3908865e-01   4.2545825e-01  -4.5974613e-01   1.3411773e-01   1.5233251e-01   2.5104019e-01  -1.2624971e-01   6.5609784e-02   2.4292800e-01  -1.4740795e-01   4.0690240e-01  -1.3366028e-02   1.9950539e-01   3.0517622e-01   8.6851343e-02   1.8599175e-01   5.7012929e-01   2.0196544e-01   2.8322558e-01   8.6444641e-02  -1.4600433e-01   1.7861759e-01  -4.2329997e-02   1.4850933e-01  -3.1301802e-01  -3.4551384e-01   1.8990970e-01  -1.7237544e-01  -1.7852957e-01  -2.6444708e-01   4.7062449e-01   3.9350116e-02  -3.0058138e-01  -4.1327710e-02  -3.1755863e-02   2.7126891e-01   3.4835200e-01   1.7343683e-01   4.2790388e-01  -7.8649588e-02   5.3185041e-01  -2.3333536e-01   3.6237036e-02  -1.3813666e-01   9.4269306e-02   1.7859386e-01  -1.9460370e-01   1.1395914e-01   2.5007248e-01   2.9322291e-01   4.7181584e-02   4.5350384e-02   1.6240020e-01  -1.0000546e-02  -1.2105671e-01  -6.9081700e-02   4.3642060e-01   7.9205082e-03  -2.0742831e-01   1.1382207e-01   2.1099667e-01   3.6037518e-01  -3.2850361e-01  -1.2699075e-01   7.7773403e-02  -6.8418358e-03   4.9936554e-01   3.4606576e-01   2.6523101e-01   1.7618132e-01   2.3682811e-01   2.1396717e-01  -8.4272822e-02  -9.9281184e-02  -3.5310072e-02   4.3620160e-01  -1.7441671e-01  -4.8911335e-02   3.9287154e-01  -4.4769733e-02   2.3998849e-01  -1.4969504e-01   2.3281479e-01   3.8869223e-02   5.1243908e-01   2.1457325e-02   3.5286350e-01  -2.1041821e-01  -9.1379813e-03   2.4489810e-02   3.0667705e-01  -2.4862112e-01   2.0371819e-01  -1.6789522e-01   5.3151673e-01  -7.8987912e-02   3.3073910e-01   4.8418089e-01  -1.8276192e-01   7.3649067e-02   1.0810500e-01   1.5370486e-02   1.2417352e-01  -7.8277493e-02  -2.1669976e-01   1.8093522e-01   1.4812803e-01   3.9983425e-02   1.0502105e-02   3.8222952e-01
  -2.3108062e-01  -2.6504849e-01  -3.4992216e-01   4.2179321e-01  -2.1905990e-01   1.6548719e-01   4.1291823e-02   3.8184387e-01   0.0000000e+00  -2.4649655e-01   4.1598344e-01  -1.0914955e-01  -2.4418388e-01   1.2572893e-01  -6.2320786e-02  -1.5237956e-01  -3.0302887e-01   1.2118111e-01   1.3915858e-01  -3.8981898e-01   3.6262202e-01   5.6801574e-01   1.6623659e-01   3.2757523e-02   2.5201074e-01   4.4742764e-02   1.2456475e-01  -2.0807524e-02  -5.3823481e-02   4.8091815e-01   2.1447494e-01   1.4839834e-01   8.1239550e-02  -1.6434653e-01   2.0848281e-01   2.1819140e-01   1.1087907e-01  -3.7210751e-02   4.3268706e-02  -2.5319575e-01  -7.0109816e-02  -2.1394727e-01   5.0942760e-02   1.6538254e-01  -1.8722880e-02   3.7581258e-02   5.1482002e-01   1.7630256e-02   4.3876330e-02  -3.6532314e-01   3.5304326e-01   3.9659210e-01  -1.7781669e-01  -2.5168951e-01   3.0396740e-03   5.6292216e-02   2.0080159e-01   3.9726631e-01   3.8291921e-01   4.3104543e-01  -8.7766259e-02  -3.1196606e-01   4.3097985e-01   6.6271737e-04   2.1888025e-01   9.3429975e-02   3.3546294e-01   3.5009610e-01   3.5242909e-01  -1.9876331e-01  -4.2455036e-02   4.2467553e-01  -9.6875931e-02  -2.3077178e-01  -6.9870666e-03   4.5148361e-01  -1.4929282e-01   8.4253612e-02  -8.0549960e-02   4.2532091e-01   1.4340898e-01   1.1918968e-02   4.8039973e-02   1.2998142e-01   3.7417250e-02   4.3974377e-01   2.1651664e-01  -1.4866405e-01   1.5667185e-01  -6.4793490e-03   4.1345844e-02  -3.9160140e-01  -3.3190678e-01   5.7210863e-01  -5.2669302e-02  -2.7595259e-01  -1.0684990e-01   2.4229927e-01  -5.0679548e-02   3.1752935e-02  -1.1211010e-01  -2.3000585e-02   2.5209832e-01   3.8242545e-01   4.6912574e-01   5.4078987e-01  -1.6554455e-01   3.2904561e-01   1.1353974e-01   1.1757644e-01  -8.4673134e-02   3.2355272e-01   5.7341075e-01  -6.4427394e-03  -1.0340220e-01  -1.0686669e-01   1.2425768e-01  -1.3552870e-01  -5.1959549e-02   2.1505624e-01  -3.0735466e-02  -1.3492374e-01   1.3145237e-01   1.4496850e-01   1.6248924e-01  -5.7569163e-02   1.8729084e-01   9.3504154e-02   6.0235950e-01  -2.9097491e-01  -1.6664844e-01   4.0035589e-02  -2.7873087e-01   2.8218816e-01   5.1554881e-01   5.2365753e-01  -5.8800514e-02   1.3751146e-02   4.0607003e-01  -7.6029543e-02   2.7993620e-03  -1.3529371e-01   5.9120713e-01  -1.0178299e-01  -1.9658060e-02   2.1758114e-01  -1.5942472e-01   1.2708759e-01  -3.8737145e-02   1.8405752e-01  -1.3457966e-01   1.3954762e-01  -1.9252742e-01   1.5559682e-01  -3.4864243e-01   7.2635025e-02   2.0244951e-02   2.6863717e-01  -3.2228231e-01   3.0464418e-01  -2.5480105e-03   4.6173966e-01  -4.7294349e-02   5.5362741e-01   3.9258968e-01  -2.3207457e-01   2.1236856e-02   3.4754131e-02   1.0609829e-01  -6.2014480e-02  -1.5901969e-01  -7.7602312e-02   1.5153570e-01   7.0769051e-03  -7.2201814e-03  -2.3228373e-01   5.1559986e-01
  -4.6040710e-02   2.0214872e-01   3.9708382e-01  -3.2295245e-01   2.5808591e-01  -2.6073185e-01  -8.3780350e-03  -5.2097094e-01  -2.4649655e-01   0.0000000e+00  -4.5400622e-01   4.4333511e-01   3.0741744e-01  -8.3341617e-02   1.8140152e-01   2.6088681e-01   3.1067988e-01  -3.6499689e-01  -9.5496682e-02   6.1061390e-01  -3.7488578e-01  -2.6757640e-01   9.0067492e-02  -2.1431645e-01  -1.5994254e-01  -3.5419799e-01   2.0707097e-02  -3.2250923e-01   1.0262046e-01  -2.3399042e-01  -4.9314280e-01  -1.9171384e-01  -1.2024968e-01   5.0748654e-01  -1.7370000e-01  -1.0375048e-01   1.0843403e-01   4.4551104e-03  -1.3605909e-01   3.9588669e-01   1.1217002e-01   1.5907743e-01   2.6978739e-02  -5.1832021e-01   4.6023199e-02   1.1558263e-01  -1.8284059e-01  -2.9981371e-01  -3.8488776e-02   4.3532242e-01  -2.0550003e-01  -3.6372609e-01   2.5907559e-02   1.8656504e-01   1.8974956e-01  -2.8686270e-01  -3.1880868e-01  -2.1970425e-02  -1.7011950e-01  -1.8350273e-01   2.7103524e-02   2.9435109e-01  -2.5047983e-01  -1.7507710e-01  -4.1560080e-01   5.2806601e-01  -2.0239560e-01  -2.1269691e-01  -4.3249712e-01   4.4533068e-01  -2.3162431e-01  -1.7775589e-01  -7.7515763e-02  -6.2687577e-02  -8.1615206e-02  -1.6564527e-01   1.3522273e-02  -2.6624983e-01   2.3291033e-01  -3.0873295e-01  -3.6937492e-01  -1.5712624e-01  -2.6843928e-01  -3.7512138e-01  -3.9176434e-01  -1.9868989e-01  -2.6533006e-01   3.4635859e-01  -1.0791259e-01  -1.3724986e-01  -9.5151711e-02   2.6331950e-01   4.9588375e-01  -6.8507446e-02  -3.1019450e-02   5.1604284e-01   3.5747233e-01  -3.9766260e-01   4.1728885e-02   5.9289614e-01  -1.3990242e-01   8.4390580e-02  -4.0525818e-01  -2.9693317e-01  -3.0465195e-01  -3.3682426e-01   1.2812665e-01  -4.1250228e-01   3.0825533e-01  -7.2343758e-02   8.8937724e-02  -2.9629595e-01  -3.0598122e-01  -7.9295630e-02  -2.9127793e-01  -2.2939633e-02  -2.7103494e-01   2.0314139e-01   1.5029561e-02  -1.3796489e-02  -1.3097272e-01   3.3701703e-01  -2.6122802e-02  -3.1045173e-01   1.7576995e-02   1.6275730e-01  -2.0719388e-01  -1.0976890e-01  -1.7688657e-01   3.3876025e-01   2.0727402e-01   1.8871146e-01   2.0911143e-02  -4.5242904e-01  -2.5323414e-01  -1.6926651e-01  -1.9769147e-03  -2.7240133e-01  -1.6706225e-01  -2.0630139e-02   1.8458624e-02   2.1066941e-01  -2.6797795e-01   1.8740090e-01   5.9641736e-02  -4.6826668e-01  -5.4969171e-02  -2.1320607e-01   4.5050995e-01  -2.3009005e-01  -2.4643099e-01  -3.6193531e-01  -5.8121405e-02  -1.8139160e-01   3.4881252e-01  -1.6657317e-01  -1.2043948e-01  -3.8540469e-01   2.7947053e-01  -3.2526512e-01   1.9723989e-01  -4.5888678e-01   4.5239931e-01  -4.3714071e-01  -4.2783271e-01   2.2013992e-01  -9.3806810e-02  -4.3193769e-02  -1.8952975e-01  -1.1010028e-01   1.9647299e-01   2.0739697e-02  -2.2715012e-01  -1.2671913e-01  -5.7541152e-02   1.0542006e-01  -4.3074881e-01
  -1.7019044e-01  -4.6737146e-01  -2.9601627e-01   4.3329961e-01  -1.9859359e-01   4.0670593e-01   4.6399991e-01   4.4404989e-01   4.1598344e-01  -4.5400622e-01   0.0000000e+00  -1.3169318e-01  -1.6844812e-01  -1.0882909e-01   1.7699153e-01  -3.1984054e-01  -4.5092161e-01   2.2641022e-01   7.9591063e-02  -3.6442329e-01   5.9939032e-01   4.0668124e-01   2.6903021e-01  -1.6364398e-01   1.5520443e-01   1.9532131e-01   2.2498409e-01   5.1399831e-02  -1.7887562e-01   7.1926148e-02   6.0427401e-01   4.4730984e-01  -1.4790759e-01  -4.4008920e-01   3.7941250e-01   1.7991777e-01  -1.9545520e-01  -2.6085099e-01  -1.0487764e-01  -2.4796301e-01  -6.1996692e-02  -4.0796916e-01  -6.3815933e-02   5.8870882e-01  -1.0130641e-01  -1.2109534e-01   4.8237691e-01   5.2789238e-01  -2.2990275e-02  -5.9722268e-01   4.7840106e-01   2.7020090e-01  -2.9131654e-01  -4.2762572e-01  -2.5663939e-01   5.0733034e-01   2.8374440e-01   1.6426092e-01   2.6568476e-01   2.5269658e-01  -7.4586967e-02  -9.9917951e-02   1.3496047e-01  -7.3346047e-02   1.9068063e-01  -1.0048076e-01   4.2446587e-01  -7.6225147e-02   6.5033854e-01  -1.1833326e-01   4.6371967e-01   5.3780077e-01   1.3040363e-01   3.9402111e-03  -5.7509930e-02   1.1406167e-01  -2.7372082e-01   2.4182535e-01  -3.1559304e-01   1.8789712e-01   5.4992614e-01   5.4102826e-02   5.8940805e-01   1.0096449e-01   4.4311962e-01   1.0599646e-01   4.1881827e-01  -3.2713087e-01  -8.9664476e-02  -1.8606087e-01   7.3196406e-02  -4.3822354e-01  -4.7416516e-01   3.4374494e-01  -2.5378135e-01  -5.4135455e-01  -2.0662692e-01   3.9580105e-01  -2.8120277e-01   4.9372500e-02   1.4673706e-01   4.0050972e-01   4.8030885e-01   2.0041502e-01   4.0693634e-01   2.9504243e-01  -2.9937445e-01   4.4728948e-01   2.0332509e-02   2.5550597e-01   2.5860005e-01   4.7867497e-01   4.7121528e-01  -2.6951522e-01   3.3640881e-01   3.0767308e-02   2.0390112e-01  -8.0438577e-02   1.6471610e-01   3.6298773e-01  -1.2261294e-01  -4.3048358e-01   8.1757590e-02   2.9445127e-02  -1.1578790e-01  -1.6744494e-01   1.9963861e-01  -2.1704817e-01   3.8009474e-01  -2.2582464e-01  -1.1438533e-01   3.3071606e-01  -3.8208492e-01   5.5574515e-01   3.4816041e-01   9.5320878e-02  -5.9868171e-02   3.9414297e-01   6.1697276e-02  -2.8997891e-01  -1.8725739e-01  -2.5707049e-01   5.1412374e-01  -3.7227736e-02   2.2638426e-01   6.0605323e-01   3.9502382e-01  -2.9411172e-02  -3.1489533e-02   3.2118036e-01   3.2503831e-01   3.0449633e-01  -2.2078455e-01   3.2254516e-01  -3.3662540e-01  -9.4572258e-02  -1.6695257e-01   3.4275303e-01  -4.5464635e-01   4.5628881e-01  -2.8602280e-01   7.8064536e-01  -3.9366302e-01   5.2080289e-01   4.2875874e-01  -1.3436110e-01   4.3653151e-01  -1.4543163e-01   1.6798059e-03   9.1527150e-02  -3.8154704e-01  -2.7392557e-01  -1.4058996e-01   1.6584340e-01   1.3190466e-01  -4.1349805e-01   3.6368165e-01
  -1.3474557e-01   2.9022197e-01   3.5275919e-01  -6.2908803e-02   2.0674553e-01  -4.5196775e-02   4.0176864e-01  -3.5297601e-01  -1.0914955e-01   4.4333511e-01  -1.3169318e-01   0.0000000e+00   1.3508562e-01  -2.2341207e-01   5.1390089e-01   1.6091814e-01   3.2346349e-01  -4.6142137e-01  -3.8743211e-02   4.2909294e-01  -9.9441400e-02  -1.7300039e-01   1.4448372e-01  -3.4453006e-01   1.7869537e-01  -2.7601696e-01   2.2191294e-01  -3.3295058e-01   2.2439849e-01  -2.5919066e-01  -5.7569355e-02   1.6816069e-02  -3.0404723e-02   3.9086134e-01  -1.2442675e-05   8.8031177e-02   6.3497636e-02  -2.6086354e-01  -2.2369607e-03   4.2816506e-01   4.2211744e-02   8.4886068e-02   3.7932804e-02  -2.0037992e-01   1.5321176e-01  -7.8403109e-02  -2.0906596e-01   2.7991054e-02   1.5645590e-01   2.3481563e-01  -1.3379393e-01  -3.0541444e-01   2.1795614e-01  -4.4535358e-02  -4.9300456e-02  -1.5450525e-01  -2.2306369e-01  -2.1248241e-01  -8.2702702e-02  -5.6010861e-02   5.7839333e-02   1.7881057e-01  -1.6212870e-01  -1.7791787e-01  -3.2632945e-01   4.6376244e-01   2.3406644e-03  -1.7489378e-02  -1.9521018e-01   3.1489648e-01   1.6676926e-01   7.7584941e-04   6.3275966e-02   1.2346816e-01  -1.6992939e-01  -8.7826454e-02  -1.7064232e-01  -4.2785353e-02   2.2838402e-01  -1.0697964e-01  -1.1032314e-01   9.7465878e-02   1.1675517e-01  -2.3297401e-01  -2.0484819e-01  -1.6543872e-01  -2.0653901e-01  -1.5020448e-01  -5.9112034e-02  -3.9060585e-01  -1.0676918e-02   5.0185241e-02   4.5307992e-01  -1.7172608e-01  -3.1366514e-01   7.4308321e-02   1.6996053e-01  -1.2161924e-01   3.9100759e-02   4.0372320e-01  -1.7093265e-01   2.2191081e-01  -1.9112599e-01  -1.5758609e-01  -3.8561649e-02  -1.3002277e-01  -2.7039616e-02  -2.2888437e-01   2.3510622e-01   1.5408862e-02   3.5003244e-01  -9.5960551e-03  -1.1513025e-02  -2.5923796e-01  -2.2226672e-01   1.7448372e-01  -2.5168183e-01  -1.6927736e-01  -8.3647260e-02  -3.1192399e-02  -3.5726112e-01   1.3804923e-01   7.8130877e-02  -1.2750809e-01  -2.4611769e-01   2.7232904e-01   6.3990417e-02  -2.2217752e-01  -3.3512656e-02   2.0898652e-01   2.7875996e-02   4.1871440e-01   5.5167763e-02  -3.6812999e-02  -2.4821605e-01  -1.5808326e-01   2.0737931e-03  -2.7806675e-01  -1.1724405e-01  -2.1755249e-01  -2.0355366e-01  -6.7026372e-02  -1.2486007e-01   2.1788375e-01   2.3541477e-01  -2.1887660e-01   3.2729255e-01  -1.1359280e-01   3.6489142e-01   4.7964625e-02  -1.3396127e-01  -2.9301673e-01  -8.9190119e-02  -4.8459160e-02   4.0602697e-01  -3.2172219e-01  -4.1217506e-01  -1.5667669e-01   7.1130101e-02  -1.3993565e-01   3.1940320e-01  -2.1536130e-01   1.3357061e-01  -2.8092644e-01  -2.5053664e-01   5.5821295e-01   3.2875655e-01  -1.5287683e-01  -1.9593847e-01   1.8767016e-01   4.1168483e-01  -3.1367896e-01  -1.9524735e-01  -1.1056332e-01   5.9837668e-02  -1.1086011e-01  -2.8674774e-01
  -8.3919543e-02   1.2659738e-01   7.9053440e-02  -2.7167229e-01   2.0973875e-01  -3.2909927e-01  -1.1010529e-01  -2.3190409e-01  -2.4418388e-01   3.0741744e-01  -1.6844812e-01   1.3508562e-01   0.0000000e+00  -2.2085243e-01  -4.8473506e-02   1.0299377e-01   1.1993413e-01  -1.5128828e-02  -1.2218249e-01   3.2366223e-01  -2.2023476e-01  -2.7678302e-01  -4.9969549e-02  -1.6690304e-01  -3.7251139e-01  -1.9849625e-02  -3.9283269e-02  -7.4134573e-02   1.7274630e-02  -1.7402796e-01  -2.1123216e-01   1.9051285e-02  -8.5308377e-02   1.3721665e-01  -3.2743331e-01  -9.5247055e-02  -1.1292850e-01  -1.8921356e-01  -5.7777687e-02   1.6403345e-02   3.6880027e-01   9.0673660e-02   1.0426823e-01  -2.4084635e-01  -2.7506237e-01  -1.8545964e-01  -2.5830939e-01  -1.5375832e-01   1.0525494e-01   1.9282068e-01  -1.9454310e-01  -7.6606126e-02   3.7282397e-02   3.4971866e-01   1.3961846e-01  -1.2718275e-01  -2.1085704e-01   6.0455669e-02  -7.3332801e-02  -1.6134550e-01  -1.9073465e-01   1.0873929e-01  -1.9035737e-01  -1.1436868e-02  -1.4720258e-01   9.7328938e-02  -3.3297293e-01  -1.4594263e-01  -1.9248774e-01   1.6001475e-02  -1.0845861e-01  -2.9366619e-01   1.4116988e-01  -1.0716261e-01  -7.4816179e-02   6.3681054e-02  -1.0003409e-01  -2.9372667e-01   1.8008204e-01  -1.3222575e-01  -2.4836258e-01   9.4689360e-02  -9.8122639e-02  -4.0444587e-02  -2.3097220e-01  -8.6397701e-02  -2.7020214e-01   1.8271316e-01  -5.9633211e-02  -1.3437715e-01   1.5649881e-02   1.4898693e-01   1.9648275e-01  -1.4424870e-01  -1.4881427e-01   3.6465604e-01   1.7955506e-01  -2.2362381e-02   7.9511860e-02   2.3428216e-01  -1.6181999e-01  -2.1092876e-02  -2.3370159e-01  -2.7578468e-01  -2.9997197e-01  -7.8623335e-02   3.4974297e-01  -2.6125367e-01   4.0207379e-02  -4.8255761e-02  -1.0821491e-01  -2.4925359e-01  -3.0177839e-01  -2.4487058e-01  -2.8469254e-01   2.2862136e-02  -1.4535204e-01   3.5800164e-01  -7.7484852e-02  -5.0138938e-02  -2.0674354e-01   1.1746961e-01  -6.2680671e-02  -6.8692011e-02  -2.2912345e-01  -1.7963678e-01  -1.6947533e-01  -1.1201122e-01  -9.6860891e-02   7.6589305e-02   4.9538345e-01   1.2435719e-01   6.3762060e-02  -1.2192260e-01  -9.7784480e-02   1.0502208e-02   3.2740163e-01  -1.5685506e-01   1.2435567e-02   3.8262039e-02   1.4117371e-02   5.6911095e-01  -1.8405338e-01  -1.5091050e-01  -7.1669213e-02  -2.0867389e-01  -6.7174807e-02  -1.6483968e-01   1.4457912e-01  -8.7815214e-02  -2.2101851e-01  -2.1510890e-01  -1.0337495e-01  -9.0451121e-03   3.7186144e-02  -1.7759782e-01  -1.6081148e-01   5.5573026e-03   3.0583995e-01  -2.2762589e-01   8.9909426e-02  -7.9369578e-02   1.2136397e-01  -2.6775696e-01  -1.1933084e-01   1.1117109e-01   4.8629190e-02   9.6998331e-02  -2.9443449e-02   6.8590681e-02   6.5082544e-02  -4.2700541e-02  -1.6873710e-01  -1.8899581e-01   3.7660757e-02   1.8426039e-01  -1.1625314e-01
   4.4543646e-01  -1.8058834e-02   1.4277605e-01   6.2947559e-02  -1.8044373e-01  -4.9160889e-02  -2.6369444e-01   2.2275930e-01   1.2572893e-01  -8.3341617e-02  -1.0882909e-01  -2.2341207e-01  -2.2085243e-01   0.0000000e+00  -2.5252543e-01   3.5352440e-01   7.6673868e-02   1.1217722e-01   4.4136419e-02  -1.6209631e-01  -3.9377018e-02   3.9823381e-02  -1.3255592e-01   4.5520561e-01  -7.4212995e-02  -4.1650217e-02  -3.6925569e-01   2.8399511e-01   6.7671591e-02   9.4070510e-02  -4.3303399e-02  -3.0037904e-01   4.2759427e-01   2.2163565e-02   1.4120936e-01  -3.0035133e-01  -2.9723322e-02   5.3014163e-02   3.6098346e-01  -1.4327668e-01   4.7928214e-02   1.3570371e-01  -1.9696372e-01   1.2211945e-03   5.6160512e-02   2.0787221e-02  -5.7560078e-02  -5.7079957e-02  -2.2469615e-01   1.0050247e-01   9.1033684e-02   7.4208395e-02  -1.1899524e-01  -2.4849967e-02   5.0690377e-01  -1.5702780e-02   3.7098402e-02   9.8769059e-02   9.1158745e-02   2.8698684e-01   2.3292759e-01   9.7412369e-02   2.7024838e-01   6.0515463e-02   8.3633328e-02  -3.2172831e-01   5.9687655e-02  -1.6538909e-01  -1.6528439e-01  -3.6748110e-02  -1.4916785e-01  -3.0370580e-02  -1.0849001e-02   1.4897564e-02   3.0692417e-01   1.1698908e-01   1.9297664e-01   1.6872937e-01  -1.9325886e-01   2.3848574e-01   1.2938353e-01  -8.0849755e-02  -2.6680999e-01   2.1285604e-01   9.0906074e-02   2.4844178e-01   2.7010092e-01   4.3570224e-01   2.3881852e-01   3.5604580e-01  -3.4070855e-01   6.4276316e-02  -1.9452313e-01   1.6365873e-01   6.4367857e-02  -5.2162073e-02   2.2403028e-01  -1.2798625e-02   3.4643259e-02  -1.4030192e-01   1.9623989e-01  -2.4754216e-01   2.7298901e-01   2.3093354e-01   9.1632413e-02   8.9475006e-02   2.0421171e-01  -1.0009441e-01  -3.2066611e-02  -1.7794295e-01  -1.1306333e-01  -1.2077919e-01   3.5787265e-02   1.3575224e-01   1.4312862e-01  -1.1447420e-01   7.1634392e-02   1.6743510e-01   3.8329067e-01  -1.0907763e-01   3.7535610e-01  -2.3334495e-01   2.3081897e-01   1.8779827e-01   1.3202082e-02   2.6638861e-01  -4.5510922e-03   4.6616644e-01   6.2244307e-02  -7.6905474e-02  -1.3355094e-02  -1.9603853e-01  -4.8678197e-05  -7.0224880e-02  -1.8623014e-03   1.2842312e-01   2.6680451e-01   2.9316610e-01   4.7277809e-02   3.0945271e-01   4.4085629e-01   7.8283139e-02   9.4487270e-02   2.3620431e-01  -2.1041329e-02   9.5890314e-03  -1.3752088e-01  -3.9483312e-02  -1.0198881e-02  -4.4077731e-03   1.0015491e-01   3.9991724e-01   4.0825695e-01  -7.1056114e-02   6.5218251e-02   3.7523840e-01   3.3993363e-01   3.9647314e-02   5.7395954e-02   1.2545028e-01  -2.4287921e-01  -8.0403528e-02   8.1026966e-02   4.3395500e-02  -1.3498629e-01  -2.4040775e-01  -2.5317270e-01   2.6634873e-01   3.6161762e-01  -3.0700784e-01  -1.0970451e-01   1.7998982e-01   3.9298453e-02   1.4686365e-01  -3.4581886e-02   2.2315718e-01   9.2347290e-02
