   0.0000000e+00  -2.8447098e-01   1.0116568e-01   1.3298454e-01   1.3660349e-02  -7.0717456e-02  -4.1672156e-01   3.7420098e-01   3.5544927e-01  -2.9727008e-01  -3.4586800e-02   1.8140907e-02  -2.9823867e-02  -1.6955538e-02  -2.5711927e-01  -1.2606280e-01  -5.3532047e-02  -8.8479974e-02   8.2566740e-02   3.6591665e-03  -3.4321958e-01   3.5478717e-01  -3.4074119e-01   7.3037271e-01   2.6398106e-01   3.9521251e-01  -1.8627826e-01   4.2966626e-01   3.9822216e-02  -1.2429984e-01  -2.2215617e-01   2.8696748e-01  -7.9363680e-02  -4.9164821e-01  -1.6650356e-01  -6.2259002e-02  -1.4206835e-01   7.1240480e-01  -1.5070827e-01  -4.6561273e-01   3.6113854e-03  -1.9435544e-02   3.0013458e-01   1.5912772e-01  -1.4709897e-01   5.7875967e-01   2.0397676e-02  -4.2981364e-01   6.6137468e-02  -1.4715321e-01  -7.5663314e-03   4.5437637e-01  -4.1641174e-01   1.1017570e-01   2.6968404e-01  -7.8946856e-02   8.3234810e-02   3.7443481e-01   2.4118777e-02   2.8074813e-01   4.2403930e-01   7.8446301e-02   2.4158024e-01  -1.6720784e-01  -1.7238094e-01  -2.6377340e-01  -3.7792098e-02  -2.8040208e-02  -8.4115200e-02   1.4799057e-02  -5.2102321e-01  -4.9837531e-02  -3.7317141e-02   6.5210179e-01   2.0456491e-01   2.4994169e-01   5.3834031e-01   1.4503473e-01  -1.3757193e-02   3.3229195e-01  -1.3058241e-01   4.9170081e-02  -4.0366194e-01   4.6674394e-01   1.1867477e-01   4.0760160e-01  -4.2918866e-01   1.6943365e-01   1.8264810e-01   8.4513241e-01  -2.3581484e-01   4.3889153e-01  -2.5098115e-01   4.8781026e-01   6.2490454e-01  -9.4100491e-02   1.4141236e-01   1.3122364e-01   3.1868400e-02  -2.2492513e-01  -2.5843217e-01  -1.7782469e-01   2.3302161e-01   1.6692043e-01  -1.2124769e-01   3.3852020e-01   3.4647446e-02   1.3160422e-01  -2.4341442e-01  -3.2972578e-01  -4.5645792e-01   4.6125670e-02   2.5731008e-01   7.7223776e-01  -2.1446408e-01  -1.6096380e-01   2.3022080e-01  -2.3377089e-02   2.1204414e-01   1.0199375e-01   6.0653152e-01   1.1444594e-02   2.1249068e-01  -1.1591877e-01   7.2354589e-01  -9.0642374e-03  -2.6083683e-02   9.5104498e-02   3.0214642e-01  -3.8986511e-01  -7.2760450e-02  -3.4368927e-01   5.2546633e-01  -2.7995512e-01   4.8869474e-01   5.1905524e-01   2.4397660e-01  -1.6680490e-01   4.7774860e-01   6.5620938e-01   7.2727989e-01   1.0147104e-03  -4.4246520e-03   2.0575708e-01  -4.0357007e-01  -2.5355659e-01  -4.3319302e-01  -2.8758206e-01  -2.9210217e-01  -2.3965654e-01  -1.1620695e-02   3.5748434e-01   4.4015372e-01  -2.1105067e-01  -3.0237628e-01   7.6818227e-01   6.3822689e-01   7.1231612e-02   2.5334883e-01   1.3483497e-01  -1.7055383e-02  -2.0076854e-02  -3.3924485e-01  -3.3461335e-02   3.5282741e-01  -3.7861973e-01  -3.0790458e-01   2.6776019e-01   3.8490226e-01  -3.4744413e-01  -2.3452945e-01   5.4315207e-01  -5.5525699e-02   4.7284082e-02   2.5854245e-01  -6.9280007e-02   3.2815278e-01
  -2.8447098e-01   0.0000000e+00   4.1021211e-02   1.2401128e-01   7.7095272e-02  -5.3456829e-02   1.7995628e-01  -1.7824044e-01   9.4843126e-02   1.1129610e-01   1.7802501e-01   2.5434412e-01  -8.2656846e-02  -1.4686100e-01  -2.9432084e-02   5.8195796e-02   7.6302132e-02   5.1012210e-02  -1.6689818e-01   5.4768768e-02   3.8689724e-02  -1.2107451e-01  -7.5608802e-02  -3.2671489e-01  -1.0452505e-01  -6.4057691e-02   2.6243832e-01  -1.6688359e-01  -2.1312154e-01   3.0643439e-01   2.5252633e-01  -1.4102804e-01  -6.3830124e-02   2.4289165e-01   5.9167373e-02   1.1006127e-01  -3.3315354e-02  -2.9035146e-01   4.5659297e-02  -6.4937566e-02   4.9881707e-02   1.5525350e-03  -2.4921063e-02   2.0590923e-01   2.1265636e-02  -1.1212037e-01   4.0600536e-02   1.7408673e-01  -1.6169398e-01  -5.1281807e-02   1.9029887e-02  -1.5707000e-01   1.5597998e-01  -1.8609893e-01  -2.6590058e-02   1.4095929e-02  -4.1434021e-02  -1.4633548e-01   1.4106675e-01  -4.0136338e-02  -9.4668759e-02   1.0821173e-02  -1.5388008e-02   3.5891118e-01   2.9297135e-01   5.7610550e-02  -4.4852541e-02   4.9135883e-03  -3.9090877e-03  -6.3517755e-02   3.5332219e-01  -4.2840567e-02   1.6539984e-01  -2.0413363e-01  -8.8041170e-02  -1.5576970e-01  -1.6262380e-01  -2.0186554e-02   1.5046314e-01  -1.1765135e-01  -1.1698139e-01   2.3512323e-02   1.3060923e-01  -1.4653513e-01   2.9150130e-01  -2.0810889e-01   2.7497185e-01  -3.0948352e-01  -1.4690898e-01  -2.2679434e-01   2.9046186e-01  -1.5187647e-01   4.5572754e-02  -1.5316205e-01  -2.0854072e-01   5.2860696e-03  -1.0807481e-01  -3.5143530e-02  -1.1156266e-01   3.5909428e-02   3.0177973e-02   1.6772533e-01  -3.2503622e-02   2.0887685e-01   2.3010679e-02  -2.2101419e-01  -6.9955702e-02  -9.1959987e-03  -2.3385632e-01   3.9796624e-01   4.7149325e-02   1.8593132e-03  -4.6711520e-02  -2.6181188e-01  -1.3884201e-01   7.6343003e-02  -1.5230851e-02   1.1911813e-01  -3.2486030e-03  -8.3672809e-03  -1.8751672e-01   1.1208904e-01  -1.5704005e-01   1.9134869e-01  -2.1774326e-01  -2.7796665e-01   7.1860717e-02  -9.6072375e-02  -1.8604764e-01   2.3812261e-01   1.8530514e-01   3.1758339e-01   6.5375644e-02   2.4673611e-01  -2.5899371e-01  -1.5817699e-01   3.3606816e-02   5.6698124e-02  -2.5757562e-01  -2.5171333e-01  -1.4964420e-01  -4.2831024e-03  -4.8344224e-02   5.6512795e-02   1.8330561e-02   2.0808763e-01   1.0155857e-01   3.2813248e-01   1.7014842e-01   2.0916584e-01  -8.7458929e-02  -1.6868023e-01  -1.5103323e-01   2.5242492e-01   3.1069271e-01  -3.0794733e-01  -2.0735643e-01   9.0418686e-02  -1.5959644e-01  -2.3122186e-01   1.0822535e-02   1.2317767e-01   2.1344353e-01   1.2516389e-01  -1.3500040e-01   3.0683444e-02   1.4530020e-01  -1.2346592e-01   9.6292076e-03   1.5152587e-01   1.7450576e-01  -2.7370929e-01   2.1276759e-01   1.0067941e-01  -2.1727064e-01  -4.0906235e-02  -1.6706805e-01
   1.0116568e-01   4.1021211e-02   0.0000000e+00   4.6792290e-02   6.5948905e-01   1.9255631e-01  -1.4160602e-01   3.8945668e-02  -4.8831108e-02   3.9830284e-01   1.3667502e-01   4.9734173e-01  -2.7669608e-02  -3.4597462e-01  -1.8739970e-01   1.8084868e-01   8.1238769e-01  -1.1861765e-01  -1.2596686e-01   6.8642304e-01  -5.8922829e-01   1.7241151e-01  -4.0582663e-01  -1.9089470e-02   1.2685032e-01   6.3245153e-02   4.9382203e-01  -1.3388722e-01  -1.0412581e-01  -8.3860011e-02  -5.6879262e-01  -7.5178967e-03   1.7674092e-02   2.8125213e-01  -2.1495557e-03   6.3283618e-01  -5.0452603e-01   6.4588211e-02   1.4510260e-01   6.7588214e-02  -7.3909813e-02   8.2992425e-02   4.5940404e-01  -1.1442044e-01   1.6550963e-01   2.1440254e-01   2.5095287e-01  -6.0108773e-01  -9.1001045e-02   7.4464117e-01   1.1325512e-01   7.2321863e-02  -2.8025725e-01   4.0290225e-01  -4.6265444e-02   1.2001992e-02   4.6419059e-02   9.8857375e-02   3.4283789e-02   1.2965080e-02   3.4891180e-01   3.5337133e-01   1.2398871e-01  -5.1637945e-01  -4.6691399e-01   1.3285813e-01   2.0365982e-01   1.8416411e-01   1.6045458e-01   4.7064029e-01  -1.9761030e-01  -1.7105709e-02   2.1067833e-02   2.9601676e-01   1.0258681e-01   1.1589473e-01   1.7984075e-01   9.7712588e-02   6.4816611e-01   1.9216884e-01  -4.0797832e-01  -2.1146842e-02  -5.0206771e-01   9.0075843e-02   3.2581232e-01  -5.2716625e-02  -5.6285907e-01  -3.4772897e-01  -7.2312832e-02   1.8289658e-02   3.1471080e-01   3.6953665e-01   6.6804787e-01   1.4774074e-01   7.7808430e-02   6.7424211e-01   2.8750180e-01   7.5623472e-02   2.8929902e-01  -3.7844402e-01  -4.8267171e-01  -1.0786317e-01   7.5317422e-04  -3.0612711e-01  -1.3194737e-01   1.5541294e-01   2.7528956e-01   2.5344652e-01  -2.9500011e-01   3.3290372e-02   4.9110328e-02   6.6519490e-02   1.0442963e-01   2.2077009e-04  -4.0796452e-01   2.8652159e-01   1.2649790e-01  -1.2294050e-01   1.7387071e-02   7.7831627e-02   7.5335149e-02   6.7774334e-01   2.6233811e-01  -5.4450433e-01   1.3179603e-02  -4.2334707e-01  -2.4114724e-01   1.1091461e-01  -1.0055345e-02   2.6920985e-01   2.1859523e-01   2.5156906e-01   1.5232723e-01  -4.6748731e-01  -1.3020131e-01   1.2120905e-02   2.4982142e-01  -5.4826688e-01   6.8865313e-02  -6.6832723e-05   9.1990482e-02  -5.1033324e-02   2.1171997e-01   3.5413480e-01  -2.8667885e-01  -5.7744963e-01   1.1422919e-01   4.2444860e-01   1.6798054e-01  -4.9138439e-01   1.1714926e-01  -2.3922662e-01   3.2053803e-01  -4.8856868e-02   7.2805607e-01   4.4648674e-02   6.6885310e-02  -6.6922981e-02   5.0499954e-01  -3.3046988e-01   2.2506497e-01   3.9091743e-02  -2.7117863e-01  -1.4149551e-01   2.8216583e-01   1.1669962e-01   1.7037275e-01   2.0563643e-01   3.1532292e-01  -3.0280385e-03   4.7121093e-01   9.6485764e-02   2.9587822e-02   3.0022464e-01   8.6771841e-02   2.8446237e-01   2.8889896e-01
   1.3298454e-01   1.2401128e-01   4.6792290e-02   0.0000000e+00   1.6203489e-01   3.2906236e-01  -4.7440029e-02   2.2683827e-01   3.2775731e-01  -4.1122410e-02   2.8306950e-01   3.2141991e-01  -1.3748117e-01  -2.2191736e-01  -2.9615329e-01   6.7153312e-02  -1.7666294e-01   2.9332757e-02   6.5282733e-02   1.7807395e-01  -3.4208891e-01   5.2939223e-01  -3.2994399e-01   1.0417112e-01   2.4887437e-01   3.8958755e-02   1.9275661e-01   2.6030207e-01   5.2857025e-02   5.1018762e-01  -1.4971640e-01   2.3584345e-01  -1.3646281e-01  -1.6607645e-01   9.3045861e-02   1.2471398e-01  -3.7929206e-01   1.5051351e-01   5.8680054e-02  -3.6147915e-01  -5.3254048e-02  -1.5152648e-01   1.5329934e-01   2.9012384e-01   1.5163841e-01   1.5620542e-01   4.6008936e-01  -2.6296032e-01  -2.6051092e-01  -1.3960933e-01   5.5085236e-02   2.6466399e-01  -2.8258914e-01  -9.6435394e-02   1.0416810e-01   1.0272769e-02   4.1829719e-01   5.0703722e-01   3.8166480e-01   4.0526607e-01   1.8273836e-01  -6.6873006e-02   3.1629307e-01  -8.6485164e-02  -8.7016434e-02  -1.2699361e-01   3.6018991e-01   1.4969133e-01   4.6547477e-01  -7.0183825e-02  -4.0556809e-01   4.7556845e-01  -2.3551068e-01   1.4197884e-01   9.3629506e-02   3.4134818e-01   2.2588228e-01   1.6523563e-01   5.9397471e-02   3.1758393e-01  -2.0862986e-01  -1.6465818e-01  -3.4628336e-01   6.4006771e-02  -5.7440093e-02   1.8429570e-01  -2.7402500e-01  -3.0740144e-01   1.3679202e-01   2.3459038e-01  -7.7017890e-02   8.1124418e-02  -6.5351935e-02   4.0263728e-01   1.9208897e-01   6.5750707e-02   2.1933426e-01   2.8897770e-01   2.7859770e-02  -2.6798156e-03  -3.5988357e-01   1.6031831e-01   2.2567442e-01   3.1256950e-01   4.1158155e-01   5.5969292e-01  -2.5093249e-01   4.5758321e-01  -4.6834761e-01  -6.5587626e-03  -2.7495318e-01   5.5613157e-01   5.5832196e-01   2.1062060e-01  -3.4019532e-01  -1.0750715e-01   2.7611433e-01  -2.0887862e-01   1.7056445e-01   5.1742085e-01   1.9980514e-01   1.2197704e-01   1.6771239e-01  -1.0215600e-01   2.2414225e-01  -2.6031766e-01  -5.2809081e-02   1.4095729e-01   7.0588319e-01  -2.2248442e-01  -1.7451308e-01  -6.4441549e-02   2.4683217e-01  -2.4478460e-01   4.2975255e-01   1.1394641e-01   2.3400594e-01  -2.1860288e-01   2.0447583e-01   9.1720442e-02   2.0262778e-01  -1.5834689e-01   4.2696022e-01   3.5231576e-01  -2.5767035e-01   4.4796563e-02  -2.5864408e-01  -5.9463978e-02   1.8728588e-01   1.1045158e-02  -1.6543214e-01   4.9751625e-02   9.9549282e-02  -1.5123934e-01  -9.3132053e-02   1.4773814e-01   1.5429594e-01   3.4931431e-01   1.7579119e-02  -1.0009164e-01   1.0061318e-01   2.2140343e-01  -2.3712978e-01   5.7633467e-01   5.0998860e-01  -2.7996241e-01  -1.4437836e-01   1.9214213e-01   1.2551703e-01  -3.6611165e-01  -3.4290312e-02  -2.4578407e-03   3.4647990e-01   4.2405849e-01   1.5523619e-01  -9.2390243e-02   4.9649559e-01
   1.3660349e-02   7.7095272e-02   6.5948905e-01   1.6203489e-01   0.0000000e+00   2.7920217e-02  -1.7495148e-01  -1.7267379e-02   5.3753772e-02   3.5248008e-01   1.4648278e-01   4.2102430e-01   1.9014898e-01  -2.8870230e-01  -3.5584560e-01   2.7887421e-01   7.2123018e-01  -1.0764248e-01  -1.4753717e-01   9.0426783e-01  -6.6550203e-01   2.4701175e-01  -5.4933164e-01  -1.2317429e-01   1.9296378e-01  -9.6154843e-02   5.6781317e-01  -2.0260189e-01  -5.6437014e-02   1.2906130e-01  -4.9839916e-01   1.9641848e-01  -6.6262337e-02   1.5408874e-01   9.1772773e-02   8.1356960e-01  -2.9945954e-01  -1.2858492e-01   3.1917020e-01  -7.5227447e-02   1.1972106e-01   1.8694527e-01   3.8453564e-01  -1.3081680e-01   2.2836812e-01  -4.8388987e-02   4.0383863e-01  -6.0294739e-01   7.6896393e-02   7.2235310e-01   1.8864314e-01  -9.2156518e-03  -2.6780401e-01   4.3339078e-01  -9.2851927e-02  -2.8350603e-01  -1.2906656e-02   1.5701895e-01   1.9157623e-01   2.2981274e-03   2.5611088e-01   4.8388785e-01   2.2363664e-01  -4.9033014e-01  -4.1590040e-01  -1.5358400e-01   1.1213670e-01   4.6556450e-01   1.9418191e-01  -9.5444344e-02  -2.1012565e-01   5.1199777e-02   1.1154490e-01   1.7439267e-01   2.9044075e-01   1.5505415e-01   9.2449496e-02   2.5481093e-02   9.0466033e-01   3.9443556e-01  -5.6998583e-01  -3.1037747e-02  -5.8085277e-01  -4.9481322e-02   2.9365836e-01  -6.8371644e-03  -6.0525647e-01  -4.2430061e-01   9.3588248e-02  -9.4448141e-03   7.3640575e-01   2.8173997e-01   6.2357079e-01   1.7966364e-01  -3.4493979e-02   9.1098785e-01   5.4867650e-01  -2.0623529e-02   3.4962804e-01  -2.6486102e-01  -6.2252000e-01  -1.7488880e-01   1.3620696e-01  -2.7548375e-01   6.6440967e-02   2.6804836e-01   3.9862072e-01   2.9759221e-01  -1.2204587e-01   7.3906355e-02  -2.0243011e-01   2.2731495e-01   2.2140507e-01  -1.0589040e-01  -5.9416309e-01   6.8121819e-01   5.4249552e-03   1.1312353e-01  -1.3183359e-01   1.5336725e-01   2.4034135e-02   9.1919015e-01   2.6061201e-01  -3.6477760e-01  -1.0593058e-01  -5.1913307e-01  -1.5737806e-01   7.7208630e-02   1.2918227e-01  -1.3574612e-01   3.8452203e-01   3.4907775e-01   9.8233381e-02  -5.4117850e-01  -6.2154551e-02  -4.8436700e-02   4.0663910e-01  -6.0180381e-01   2.5480554e-02  -1.1025681e-01   1.0592383e-01   2.0652485e-01   2.8875762e-01   5.8323020e-02  -3.0743033e-01  -3.9585154e-01  -9.9791250e-02   5.2508247e-01   4.1094252e-02  -2.1974641e-01  -2.0284725e-01  -2.3558252e-01   2.9330545e-01  -2.2441666e-02   5.0097538e-01  -7.6691333e-02   5.4820136e-03   7.1439055e-02   5.1882921e-01  -4.0866739e-01   4.9423259e-01   9.8202637e-02  -4.3190441e-01   1.1017506e-01   3.2222944e-01   3.8758570e-01   8.0572350e-02   7.6705309e-02   3.1840308e-01   1.1851496e-01   7.5539714e-01   2.3865715e-02   2.3037302e-01   2.3047819e-01   2.4297120e-01   4.4145704e-01   3.1845595e-01
  -7.0717456e-02  -5.3456829e-02   1.9255631e-01   3.2906236e-01   2.7920217e-02   0.0000000e+00   3.8402130e-01   2.0329581e-01  -2.7203249e-01   1.8609089e-01   4.7493786e-01   4.4089464e-01  -2.5932926e-01  -1.1565426e-02   1.6644146e-01   1.7959798e-01  -1.0797244e-01   2.0908795e-01   1.9538441e-02   1.3767271e-01  -4.3580962e-02   2.4307743e-01   8.6140688e-02  -1.0768320e-01   3.3645585e-02  -9.8081725e-02   4.9904509e-01   2.7830042e-01   9.7149374e-02   6.2327088e-01  -2.4036693e-01   9.8807807e-02   1.6610948e-01   1.7222157e-01  -1.3297987e-01   2.8026861e-01  -3.6199088e-01  -2.5152473e-02   4.3918746e-02   2.1988033e-01  -3.0440678e-02  -1.7052238e-01  -1.2312416e-01   2.7369033e-01   2.9849793e-01   5.4685804e-02   5.6295298e-01   2.6903666e-02  -2.5509406e-01   7.0301965e-03   4.3333858e-01   2.0771405e-01  -1.9621264e-01  -2.2357343e-01  -1.9947679e-01   4.3786067e-01   5.1109584e-01   1.9680240e-01   9.2974294e-02   1.3116806e-01   1.5367619e-01  -2.1686323e-01  -2.2278410e-01  -1.9512825e-01  -1.4765752e-01   3.0192396e-01   8.5325006e-01   9.7133219e-02   6.4194908e-01   4.8455003e-01  -2.6352505e-01   5.6644541e-01  -2.6967332e-01   1.0117221e-01  -1.9049739e-01   4.5921657e-01   1.4093232e-01   1.8575447e-01  -1.4924102e-01  -4.6897117e-02   1.3732434e-01  -1.1370743e-01  -1.1587179e-01  -1.3225172e-01  -1.5695908e-01   2.1902008e-01  -7.2274991e-02  -1.7348186e-01  -1.8208150e-02  -1.2588856e-01  -3.3943741e-01  -3.5437409e-02   1.2185259e-01  -3.7697666e-02   5.2794180e-02   7.1196767e-02   2.0710642e-01   3.8336873e-01   2.1012263e-01   3.8741544e-01  -8.4391716e-02   4.2890989e-01   1.6106328e-01   5.9401848e-02   5.8354200e-01   3.6926338e-01  -6.1948655e-02   5.8236534e-01  -2.8717459e-01   2.4709076e-01   1.2111487e-01   5.8947642e-01   1.7817997e-01  -6.4330205e-02   8.0621913e-02  -3.6638621e-01   2.0736999e-01  -3.3479044e-01   3.2794506e-01   3.6286868e-01   5.8270732e-02  -8.3334315e-02  -2.3532118e-01  -2.6624122e-01   3.7448231e-03   1.2632434e-01  -2.9281735e-02  -1.3460019e-01   3.3496667e-01   2.6265417e-01  -2.3657305e-01   1.0522440e-01   5.0884513e-02  -2.1346872e-01  -1.1568056e-03   1.0420883e-01  -3.2259574e-01  -2.8093182e-02   2.1541712e-01  -5.5971644e-02   9.9647730e-02  -2.9562618e-01   5.2106704e-01   6.3306698e-01   1.3328255e-01  -3.1168590e-02   7.6033796e-02   3.3296159e-02   6.8190443e-01   1.5597201e-01   2.4935939e-01  -6.2797035e-02  -4.7828238e-02   1.1092004e-02   2.5785582e-01   7.3247616e-02   7.0146968e-02   3.4754028e-02   5.0164571e-02  -1.4412917e-02   8.4674649e-02   1.8900572e-01  -4.4121437e-02   3.9718672e-01   1.8727861e-01  -3.0737225e-01   2.1937186e-01   2.4119569e-01   1.3173974e-01  -2.4625375e-01  -1.0980552e-01  -5.2171797e-02  -6.8365620e-03   7.7562388e-01   3.3662499e-01  -2.9895474e-01   3.0573842e-01
  -4.1672156e-01   1.7995628e-01  -1.4160602e-01  -4.7440029e-02  -1.7495148e-01   3.8402130e-01   0.0000000e+00  -1.8065984e-01  -5.2509614e-01   5.5179895e-01   7.7089716e-02   3.2172667e-01  -3.3828256e-01   8.1284527e-02   5.7399184e-01   3.2258412e-01  -1.5123236e-01   3.9310405e-01  -7.6856615e-02  -1.3740485e-01   4.8113461e-01  -1.6178538e-01   6.6839796e-01  -6.1671533e-01  -4.3650027e-01  -3.9598205e-01   2.2161998e-01  -2.1286996e-01   3.7767472e-02   4.0539906e-01   1.3773664e-01  -1.4295880e-01  -6.8498661e-02   7.0138489e-01  -2.5409218e-03  -7.9916113e-03   2.3556877e-01  -4.7059948e-01   2.1450107e-01   5.6660293e-01   5.5900229e-02  -2.5738845e-01  -4.2097242e-01  -1.0483927e-01   4.3382174e-01  -3.1456002e-01  -7.8023675e-02   6.2759404e-01  -4.1042536e-01  -8.6697559e-02   3.0265426e-01  -3.0331220e-01   3.9695680e-01  -4.6477819e-01  -3.8665947e-01   4.2900627e-01   6.0082060e-02  -3.0235844e-01  -7.7250648e-02  -8.5280249e-02  -4.2935303e-01  -3.2811098e-01  -4.9530632e-01   6.4039384e-02   6.4849251e-02   7.2377559e-01   3.3489496e-01  -2.1252668e-01  -2.1634451e-02   3.3989173e-01   4.5476769e-01   4.9153817e-01   5.9455813e-02  -4.8216588e-01  -1.4003200e-01   4.9312992e-02  -3.6919822e-01  -1.6709269e-01  -3.1135768e-01  -5.9804344e-01   4.5381260e-01  -3.6534780e-02   4.2587684e-01  -3.9791555e-01  -1.9150239e-01  -6.7667985e-02   4.4008246e-01  -1.7892340e-01  -2.4523602e-01  -5.4169479e-01  -5.7724973e-02  -5.6073784e-01   2.0671299e-01  -4.1073907e-01  -3.9877440e-01  -1.0394966e-01  -1.7719987e-01   2.8760150e-01  -2.9323392e-02   7.5646794e-01   3.2273163e-01   5.3365879e-01  -8.3528495e-02  -1.7127741e-01   4.7650924e-01  -1.0751024e-01  -3.2406944e-01   7.2074805e-02   2.7628826e-01   5.1472465e-01   5.4509276e-01   2.1846558e-01  -2.8369370e-01  -4.7660641e-01   4.3700473e-01  -1.2768813e-01  -1.8533267e-01   1.4048298e-02  -1.8005789e-01  -3.5748486e-02  -4.8533743e-01  -2.8157134e-01  -5.2246188e-01   1.1194511e-01  -5.1250072e-01   2.7876386e-01   3.8462236e-01  -5.6929657e-01  -1.4880475e-01   4.4623117e-01  -1.3949503e-02   4.8580699e-01  -4.5220988e-01   3.2257546e-01  -3.2203800e-01  -2.2444518e-01  -3.8886032e-01   3.1803913e-01  -3.0758751e-01  -4.5214852e-01  -3.5907347e-01  -1.9870589e-01   3.6031630e-02   7.5206461e-03   7.7002167e-01   4.2802158e-01   6.4920144e-01   2.8761085e-01   7.6296162e-01   5.8708632e-01   1.1853614e-01  -1.7502320e-01  -5.6568452e-01   2.0147815e-01   3.0839283e-01  -4.0618198e-01  -4.4314715e-01   6.0283701e-02  -4.1014790e-01   8.9216090e-02  -2.4307951e-02   2.8525684e-02   4.0537932e-01   1.4612994e-01  -4.1912117e-01   2.1155137e-01   6.0397190e-01  -1.2581671e-01  -3.0761409e-01   2.6416463e-01   1.4573818e-01  -4.7477886e-01   8.9415711e-02   1.3332634e-01  -1.6875197e-02  -5.1750062e-01  -2.0174677e-01
   3.7420098e-01  -1.7824044e-01   3.8945668e-02   2.2683827e-01  -1.7267379e-02   2.0329581e-01  -1.8065984e-01   0.0000000e+00   3.5999430e-01  -2.2186080e-01   4.7708538e-02   9.2527207e-02  -1.9193091e-01  -1.3160769e-01  -1.9081376e-01  -1.0115252e-01  -1.5914790e-01   7.1235887e-03   1.3560617e-01  -3.7192203e-03  -3.0653625e-01   4.8884939e-01  -2.8303324e-01   2.8534606e-01   2.0271597e-01   5.2980190e-01   8.7634840e-02   2.4158751e-01   7.2859308e-02   1.1785123e-01  -2.5686466e-01   3.0353935e-01  -4.3989468e-02  -2.4165313e-01  -9.5556975e-02  -5.8972691e-02  -6.7429541e-02   4.5944974e-01  -7.7452835e-02  -2.4660521e-01  -2.0060744e-01  -9.3008700e-02   3.5560566e-01   1.1245323e-01  -5.8959888e-02   4.9102724e-01   2.4000497e-01  -2.4590066e-01  -5.1240252e-02  -1.6396302e-01   1.9227395e-01   7.7764043e-01  -2.4814045e-01  -7.9777400e-02   9.1927030e-02  -4.5860271e-02   4.0729583e-01   5.9522928e-01   1.0140125e-01   4.9701763e-01   3.5632500e-01  -1.7095612e-01   1.9350243e-01  -1.5643904e-01  -1.2867178e-01  -2.7614821e-01   2.6977919e-01  -5.5586477e-03   2.1453201e-01  -2.6284491e-02  -3.4024368e-01   2.2552466e-01  -2.3993251e-01   5.2071985e-01   2.6136077e-01   6.1937096e-01   4.2157685e-01   3.8490183e-01  -9.0351333e-02   2.4761679e-01  -1.9117388e-01  -8.2421202e-02  -2.4603370e-01   6.6393367e-01  -1.5923768e-01   6.6313839e-01  -2.1749791e-01  -2.4764776e-01   2.1419935e-01   3.8328900e-01  -2.4635653e-01   2.3921590e-01  -2.2067926e-01   5.0130121e-01   4.4526708e-01  -9.3365791e-02   1.4771749e-01   3.9739303e-01  -5.1043866e-02  -2.2637557e-02  -2.9386613e-01   2.4957986e-02   1.0654808e-01   3.8238938e-01   1.2681331e-01   4.1638511e-01   1.0067769e-02   5.2320875e-01  -1.4098074e-01  -2.3916884e-01  -3.3381632e-01   1.6750166e-01   4.3239760e-01   4.3275651e-01  -2.8561138e-01  -5.1478561e-02   4.4956903e-01  -1.0065201e-01  -3.7833258e-02   2.9179113e-01   4.2226482e-01  -8.0878649e-02   1.9018237e-01  -5.9330514e-02   4.1587844e-01  -1.1142196e-01   1.2740434e-02   1.3576674e-01   5.2779210e-01  -3.3482047e-01  -2.0333707e-01  -2.9327453e-01   3.7952268e-01  -2.7287460e-01   4.9898620e-01   6.7794269e-01   1.6774073e-01  -2.4728337e-01   6.5838894e-01   4.0093247e-01   4.9682091e-01  -1.0568234e-01   2.9278227e-01   1.1581332e-01  -3.0255935e-01  -7.9254590e-02  -3.6467535e-01  -3.0481109e-01  -8.2417347e-02  -1.1408892e-01  -1.9513594e-01   2.9111273e-01   2.3963179e-01  -7.9996962e-02  -2.2182561e-01   4.0296805e-01   4.1426587e-01   1.9271307e-01   1.5497702e-01   1.2407466e-02   1.2240392e-01   6.6462774e-02  -3.4434502e-01   2.4183171e-01   3.9455426e-01  -3.0934560e-01  -2.2277633e-01   4.3870290e-01   2.0206719e-01  -2.5349950e-01  -9.6114619e-02   3.4367250e-01   1.5822633e-01   2.7025375e-01   3.9910627e-01  -1.6431240e-01   6.1011007e-01
   3.5544927e-01   9.4843126e-02  -4.8831108e-02   3.2775731e-01   5.3753772e-02  -2.7203249e-01  -5.2509614e-01   3.5999430e-01   0.0000000e+00  -3.9361584e-01  -8.1301011e-02   1.3240858e-02   9.0621399e-02  -2.4976206e-01  -3.9558386e-01  -3.6150170e-01  -1.1172251e-01  -3.4029868e-01   1.4474900e-01  -2.0622232e-02  -2.9906548e-01   3.9370051e-01  -4.8557756e-01   3.8006995e-01   3.7007414e-01   4.4969475e-01  -1.4348485e-01   1.4216026e-01  -1.2272132e-01  -7.0272766e-03   7.6846154e-03   2.3130424e-01  -2.4300807e-01  -4.3955131e-01   2.1799034e-01  -1.3245588e-01  -1.9232737e-01   4.2647441e-01  -2.5878571e-01  -5.2999378e-01  -8.4063933e-03  -1.3060810e-01   5.0406005e-01   1.6556638e-01  -2.1420485e-01   3.6308448e-01  -4.0325724e-02  -3.2579477e-01   1.7021842e-01  -2.3612501e-01  -1.4008690e-01   4.4731962e-01  -2.1480973e-01   3.7014412e-02   1.7890912e-01  -3.1564036e-01   2.1775703e-01   4.1178758e-01   2.5690610e-01   4.1658693e-01   4.4192086e-02   2.5650773e-01   6.3757223e-01   1.0322702e-01   1.3402513e-01  -4.8748580e-01  -3.0414437e-01   1.6201779e-01  -1.2173607e-01  -3.6810393e-01  -3.1535003e-01  -8.1902875e-02  -2.1532927e-02   4.0678560e-01   1.8808933e-01   2.8478386e-02   2.1012350e-01   9.2080075e-02   1.4295239e-01   4.2589333e-01  -2.5019064e-01   1.2244339e-02  -3.1118800e-01   5.2003211e-01  -6.4076222e-02   1.6343615e-01  -2.0466026e-01  -1.2889548e-01   4.6359605e-01   5.3340238e-01   6.0330963e-02   8.7333101e-02  -2.6118087e-01   6.0908701e-01   2.7025253e-01  -3.0484710e-02   7.3720672e-02   3.6870156e-02  -6.8689099e-02  -2.9507551e-01  -3.2784354e-01  -2.4763563e-01   1.4383720e-01   5.3224588e-01  -1.8164627e-01   1.6836544e-01  -6.2609052e-02  -1.1348174e-02  -2.6878508e-01  -3.1210961e-01  -4.6154028e-01   7.7602649e-02   5.9747483e-01   4.6854284e-01  -4.1582583e-01   6.5768067e-02   3.4571741e-01   1.3979551e-02  -4.9271682e-02   2.0007548e-01   3.5468940e-01   1.3792545e-01   4.2919105e-01   8.0543197e-02   4.1141778e-01  -2.5053214e-01  -7.0241044e-02   3.0422091e-01   3.7966277e-01  -4.6896728e-01  -2.4654871e-02  -3.3393026e-01   4.1215847e-01  -1.5190931e-01   5.7089010e-01   3.1547257e-01   4.3014543e-01  -2.0688406e-01   3.0554180e-01   4.0068803e-01   3.6938531e-01   2.0134006e-02  -4.7627015e-02  -2.8470773e-02  -4.8079330e-01  -1.2582868e-01  -4.9032181e-01  -1.4649166e-01  -4.2501803e-01  -1.1208653e-01  -3.5767060e-01   2.5668612e-01   1.0024206e-01  -1.0319451e-01  -3.4324956e-01   3.5838351e-01   2.4455928e-01   1.4574896e-01  -1.3049963e-01   8.7691672e-02   4.9608174e-02  -2.6068855e-02  -2.4333843e-01   1.1574538e-01   3.7783506e-01  -1.6286578e-01  -3.9913207e-01   1.7978440e-01  -4.0015577e-02  -2.7161659e-01  -6.1760881e-02   2.0369317e-01   2.8695947e-01  -7.6735745e-02   3.8734344e-02   1.7683597e-02   3.1552795e-01
  -2.9727008e-01   1.1129610e-01   3.9830284e-01  -4.1122410e-02   3.5248008e-01   1.8609089e-01   5.5179895e-01  -2.2186080e-01  -3.9361584e-01   0.0000000e+00   1.2134896e-01   3.1126904e-01  -1.4270174e-01  -5.9446683e-02   3.4063288e-01   4.1810633e-01   3.7984635e-01   2.3720998e-01  -9.6225658e-02   3.6346349e-01  -1.3920525e-04  -1.6641287e-01   2.6614832e-01  -6.0785230e-01  -2.7339216e-01  -3.5925896e-01   3.2712359e-01  -2.6950063e-01  -2.9599073e-01   1.2498964e-01  -8.9146043e-02  -8.3057689e-02   3.0806948e-03   7.6401970e-01  -1.4122911e-01   4.0153468e-01   2.5236162e-02  -4.4086722e-01   5.0115359e-01   4.0939678e-01   1.7204796e-01  -1.0498025e-01  -5.6895299e-02  -1.7640640e-01   5.3140905e-01  -2.2468623e-01   2.1104233e-02   7.3779783e-02  -3.2001791e-01   3.8488841e-01   2.5271328e-01  -2.7543005e-01   2.5548501e-01  -6.9982875e-02  -2.5122373e-01   2.8106756e-01  -8.6616975e-02  -2.5167184e-01   1.0085117e-01  -3.0108875e-01  -1.0471040e-01   1.1283981e-01  -3.4871923e-01  -1.3603709e-01  -1.1360784e-01   6.7522059e-01   1.4919001e-01   2.7707610e-02   3.0749070e-02   4.5294706e-01   3.7652364e-01   1.4229398e-01   3.6122232e-01  -2.7570677e-01   1.5124254e-03   6.2557791e-02  -2.8423626e-01  -1.2304590e-01   3.2268186e-01  -2.9887345e-01   8.8779123e-02   1.5326991e-01   8.1874479e-02  -3.5703534e-01   9.0957159e-02  -5.2586989e-02  -5.0198829e-02  -2.8602552e-01  -1.5654332e-01  -4.6288793e-01   3.1803158e-01  -2.7875779e-01   6.6055211e-01  -2.4838426e-01  -3.8382805e-01   3.7044582e-01   2.6284658e-02   2.2752520e-01   1.3278575e-01   1.5130154e-01   2.7851352e-02   3.1097063e-01  -5.1400563e-02  -4.3908505e-01   1.3354732e-01  -7.7622122e-03   3.9306265e-02   8.0305333e-02   1.1299796e-01   2.9214074e-01   5.0505141e-01   7.2162750e-03  -2.9673853e-01  -4.5690718e-01   1.2723072e-01   2.7749206e-01  -3.9105186e-02   1.9637060e-01  -1.5403512e-01  -6.8917380e-02  -4.2511595e-01   2.6497812e-01  -2.0843154e-01  -1.2004524e-01  -4.6889293e-01  -2.9748241e-02   1.0448602e-02  -4.4630833e-01  -2.3533908e-01   4.9207026e-01   3.6829054e-01   6.8290129e-01  -4.3501431e-01   1.1684810e-01  -4.1141644e-01  -1.5868307e-01  -1.3391165e-01  -1.5712085e-02  -1.7884569e-01  -5.0429760e-01  -2.9990895e-01   3.8697044e-02   7.5969151e-02   6.7968458e-02   4.6651002e-01   4.2777594e-02   7.2410077e-01   5.2061688e-01   5.1016947e-01   6.8244538e-02   1.7433085e-01  -2.7761876e-01  -1.6460249e-01   2.2426608e-01   6.1814404e-01  -4.4741175e-01  -3.5092067e-01   8.9157856e-02  -1.1347406e-02  -1.5952817e-01   1.5989348e-01   1.5384740e-01   2.9946180e-01  -1.1606551e-02  -1.4248646e-01   4.1796232e-01   5.5925735e-01  -8.9769517e-02   4.4630895e-02   2.6773832e-01   4.7958096e-01  -4.2841693e-01   9.6677582e-02   7.1123094e-02  -8.4503677e-02  -9.2386895e-02  -1.3931989e-01
  -3.4586800e-02   1.7802501e-01   1.3667502e-01   2.8306950e-01   1.4648278e-01   4.7493786e-01   7.7089716e-02   4.7708538e-02  -8.1301011e-02   1.2134896e-01   0.0000000e+00   2.3514536e-01   4.7026301e-02  -2.8616276e-01   4.2467553e-02   2.1445995e-01  -2.7965057e-02   4.4897625e-01  -1.6442304e-03   1.5474087e-01  -1.7283057e-02   4.9998317e-02  -4.0844717e-02  -9.2767561e-02   8.8268777e-02  -6.5601606e-02   2.7835048e-01   1.8602633e-01  -3.5042136e-02   4.6537932e-01   6.5230264e-02   2.7994846e-02   5.8848938e-02  -3.1919453e-02  -1.1342423e-01   3.5552905e-01  -1.9167006e-01  -1.0425365e-01   2.3910333e-01  -1.0501439e-01   1.6631585e-01  -3.5211537e-03  -1.5908921e-01   3.4208523e-01   3.0199436e-01   1.9869658e-02   7.3941852e-01  -4.3025709e-02  -4.4250546e-02  -4.8664447e-02   4.5733191e-01   5.5372738e-02  -2.1850905e-01  -1.9574838e-01  -1.1808135e-01   3.1271595e-01   2.1914246e-01   5.7455896e-02   2.7308763e-01  -7.8347053e-02   9.3303599e-02  -5.8939347e-02  -1.4118940e-01   3.3413834e-01   3.3482275e-01   1.1447015e-01   3.7598892e-01   2.3796410e-01   5.3633301e-01   2.8688742e-01  -1.1599974e-01   3.6329801e-01   1.8801262e-02   1.1723303e-02  -1.4168246e-01   2.1990657e-01   7.7641962e-02   3.2819999e-01   1.1098194e-01   8.6810264e-02  -9.9832668e-02  -6.1533274e-03  -5.4021935e-02  -2.1453334e-01  -2.8039696e-02   1.3081195e-01  -3.5084958e-02  -2.0984995e-01  -4.9938312e-02  -4.4911245e-02  -3.3628550e-02  -7.4332846e-02  -1.0108826e-01  -5.5881794e-02   2.3336677e-02   3.1188426e-02   2.2779634e-01   1.7660999e-01   2.5012883e-01   1.2324872e-01  -2.6058626e-02   4.7627369e-01  -3.1851486e-02   1.4475284e-01   3.7033207e-01   1.9253659e-01  -1.1924360e-01   3.9864379e-01  -3.3967253e-01   4.1072006e-01  -1.0362471e-01   3.0736812e-01   1.6261998e-01  -6.8316676e-02   3.1812199e-02  -1.5866893e-01   1.1235932e-01  -5.0986216e-03   2.0299027e-01   2.4523416e-01   7.1401583e-02   1.0647141e-01  -2.0459615e-01   4.6742420e-02   9.5282087e-03  -1.5563024e-01  -4.5736300e-02  -5.6396690e-02   1.6946355e-01   1.5473285e-01   1.5065880e-01   3.3721994e-01  -3.4004649e-03   7.1994299e-02  -1.4025449e-01   3.5716680e-02  -1.7800016e-01   2.0608292e-03   1.0193198e-01  -1.8684755e-01  -4.1052025e-02  -1.2127699e-01   6.7098237e-01   4.2332553e-01   1.1589507e-03   1.3821458e-01  -8.6671449e-03   1.6021840e-01   4.0790012e-01   1.8897391e-01   1.0471741e-01  -1.3735289e-01  -2.4067875e-02   3.9987798e-01   1.6210441e-01  -3.6688131e-02   2.5891229e-02   1.8674681e-01  -1.3315122e-02  -1.9977262e-01   7.2393205e-02   6.3832993e-01   1.4958640e-01   5.0953750e-01   2.3393073e-01  -3.5314626e-01   3.0103609e-01   8.6625449e-02   1.5288126e-01  -2.9036157e-01  -5.2490087e-02  -7.4389171e-02   1.8187893e-01   4.5411196e-01   4.8395054e-02  -1.6525220e-01   1.3645523e-01
   1.8140907e-02   2.5434412e-01   4.9734173e-01   3.2141991e-01   4.2102430e-01   4.4089464e-01   3.2172667e-01   9.2527207e-02   1.3240858e-02   3.1126904e-01   2.3514536e-01   0.0000000e+00  -1.2170125e-01  -3.8826481e-01  -8.1564975e-02   1.8328228e-01   2.6576799e-01   4.7970042e-02  -4.3853170e-02   4.5357554e-01  -3.9289916e-01   3.7723612e-01  -2.8663007e-01  -9.3428865e-02   5.5076912e-02  -7.4129911e-02   4.6677225e-01  -1.1489748e-01  -2.3586845e-03   4.6959931e-01  -5.0939596e-01   2.7666663e-02  -1.3202284e-01   2.9575556e-01   3.2055796e-01   3.4430903e-01  -4.3714847e-01  -3.1180235e-02  -1.6636488e-03  -1.3499996e-01  -2.0938623e-02  -7.7500615e-02   3.5725862e-01  -2.4815004e-02   4.1236998e-01   1.2547956e-01   3.2150800e-01  -3.0965566e-01  -1.5887694e-01   1.9741178e-01   2.0389101e-01   8.1958517e-02  -2.8612406e-01   7.5757492e-02  -2.2405039e-01   1.7711132e-01   2.3050147e-01   1.8625518e-01   8.1822816e-02   4.7838045e-01   1.0689354e-01   1.2274429e-01   1.6201743e-01  -4.0304887e-01  -2.4373180e-01   1.2470037e-01   5.0244689e-01   2.6502505e-01   1.7855324e-01   1.7610858e-01  -3.6288569e-01   3.9642809e-01  -6.7673852e-02   3.2736597e-01   1.0184712e-01   2.8613430e-01   1.2902628e-01   6.0737248e-02   3.2230362e-01   1.6760525e-01  -2.6832356e-01  -1.1874955e-01  -4.0522084e-01  -1.6189251e-02   5.8681340e-02   7.9227793e-02  -3.0650023e-01  -4.3188365e-01   2.3268168e-02   2.5871014e-02   9.1597455e-02   1.2464228e-01   3.8012559e-01   2.2867311e-01   6.2466426e-02   4.9738721e-01   3.1307993e-01   2.2117787e-01   3.1167443e-01   2.4523873e-01  -5.2962803e-01   3.4392929e-01   7.5057594e-02   1.1934915e-01   3.1021579e-01   2.4303843e-01  -7.4828204e-02   3.1279045e-01  -2.7201726e-01   2.0233737e-01  -7.4821552e-02   4.8779557e-01   2.8015980e-01   7.2579683e-02  -4.0198770e-01  -4.9623128e-02   1.4312069e-01  -2.3667048e-01  -8.8101962e-02   2.6659663e-01   9.2867134e-02   4.4841170e-01   1.0397630e-01  -3.4561034e-01   5.6817966e-02  -2.9462074e-01   1.6604981e-01   2.3878533e-02   2.6208477e-01   1.5953360e-02   3.9849499e-03   1.3910274e-01   3.3999886e-01  -4.0458292e-01   2.4049944e-02   7.2760616e-02   2.0434901e-01  -4.5460358e-01   8.8991805e-02  -1.7121005e-03   1.6177972e-01  -1.0410385e-01   3.8740303e-01   4.9567998e-01   4.2892586e-02  -3.2792200e-01  -3.1549902e-02   1.9793114e-01   5.1429552e-01   7.5138835e-02   3.3944717e-02  -2.7431528e-01   5.6125920e-02  -1.9348161e-01   4.9975603e-01   9.3944715e-02   3.3890283e-02   1.6039247e-01   1.4338043e-01  -2.5289230e-01   3.6693897e-01   6.6776766e-02  -2.7983228e-01   1.6695640e-01   1.1128460e-01  -4.0530956e-02   1.6897006e-01   2.9031146e-01   2.0877677e-01  -1.7895753e-01   3.5959000e-01   4.0113816e-02   1.6788758e-01   5.5750236e-01   3.0214303e-01  -8.5081652e-02   3.7437701e-01
  -2.9823867e-02  -8.2656846e-02  -2.7669608e-02  -1.3748117e-01   1.9014898e-01  -2.5932926e-01  -3.3828256e-01  -1.9193091e-01   9.0621399e-02  -1.4270174e-01   4.7026301e-02  -1.2170125e-01   0.0000000e+00  -9.3264703e-02  -2.0746032e-01   9.7722656e-02   1.1382272e-01   7.4381187e-03  -4.2267585e-02   2.1247211e-01  -7.0021327e-02   6.0100670e-02  -1.7985691e-01   7.9589176e-02   5.3148036e-02  -9.4848492e-02  -1.0925024e-01  -5.6790997e-02   3.3238631e-02  -9.1521475e-02  -4.7275415e-02  -1.3692921e-01   7.2792360e-02  -2.7266365e-01  -3.8005782e-02   1.6035355e-01   4.5600249e-02  -9.3508120e-02   1.0079717e-01  -2.0370256e-01   5.4083885e-01   2.6107289e-01  -2.9000565e-02  -7.3190175e-02  -9.2889645e-02  -1.7797072e-01   7.0117419e-02  -2.1171315e-01   3.0413414e-01   3.8750005e-02  -8.1594027e-02  -1.7233411e-01  -9.0268601e-02   1.4688772e-01  -1.0450489e-01  -3.1135287e-01  -2.0944085e-01  -2.6815795e-03   2.0145840e-01  -7.9852074e-02  -7.4810524e-02   2.7965359e-01   4.7738853e-02   4.7481809e-02   2.0272400e-02  -2.6568721e-01  -2.2977093e-01   2.3806177e-01   2.0524572e-02  -2.7556246e-01  -1.4511533e-01  -2.1891353e-01   2.2927386e-01   3.9479813e-03   1.1216049e-03  -2.0828233e-01  -1.1672424e-01  -7.3772783e-02   2.7360426e-01   2.1150100e-01  -1.8284869e-01   2.1344476e-01  -1.8850182e-01  -2.1054155e-01  -7.0008412e-02  -2.3498689e-01  -2.0686970e-01   6.8557735e-02   4.0616561e-02  -5.0846298e-03   2.3805360e-01   6.7671518e-02  -2.6045679e-02   2.9546399e-02  -1.2971830e-01   1.8230697e-01   1.6897121e-01  -2.2706092e-01   2.7051753e-01  -1.7611959e-01  -1.5188511e-01  -1.9351601e-01   1.0970542e-02   1.7513003e-02  -1.1380249e-01  -5.4680506e-02   7.4705880e-02  -1.6107594e-01   4.3567634e-02  -1.5401853e-01  -1.7369656e-01  -2.2891138e-03  -7.2988872e-02  -3.1958984e-02  -1.1076211e-01   1.4507417e-01  -2.2590336e-01   3.5828171e-01  -1.7728092e-02  -4.2178385e-02  -2.4677087e-02   2.1247315e-01   5.5708285e-02  -3.2756099e-02   1.8307888e-02  -8.8490169e-02  -1.6704933e-01   1.7972242e-01  -2.5424094e-02  -1.8718943e-01   3.0781985e-01  -1.1931704e-01   8.6007294e-02  -1.4820706e-01  -8.2339213e-02  -2.0726975e-01   1.2648838e-01  -1.2375250e-01  -9.6263313e-02  -6.9020177e-02  -1.2121077e-01   5.3032465e-01   6.5402831e-02  -8.7842116e-02  -1.2874660e-01  -1.9642929e-01  -2.4514856e-01  -9.2808709e-02  -2.7506255e-01  -4.2546482e-02  -5.0772574e-02  -1.4125121e-01   1.1972981e-01  -1.7696021e-01  -1.4052410e-01  -6.1066020e-02  -9.2828800e-02   6.9151522e-02   4.0764655e-02  -6.5178529e-02   2.8084867e-02  -1.9893662e-02  -1.0718175e-01   1.2077895e-02   6.4198638e-02   1.3581821e-01  -1.7523499e-01  -2.3995586e-01   2.1806814e-02  -1.5542488e-01   4.4308129e-02   4.2779188e-03  -1.4440312e-01  -1.3839745e-01   3.0428728e-02   3.6018646e-01  -4.2662125e-03
  -1.6955538e-02  -1.4686100e-01  -3.4597462e-01  -2.2191736e-01  -2.8870230e-01  -1.1565426e-02   8.1284527e-02  -1.3160769e-01  -2.4976206e-01  -5.9446683e-02  -2.8616276e-01  -3.8826481e-01  -9.3264703e-02   0.0000000e+00   3.1552420e-01   9.7871230e-02  -2.3272661e-01   1.6521392e-01   6.2937312e-02  -3.3907729e-01   3.3726896e-01  -2.3646188e-01   3.3715238e-01  -1.0204156e-01  -1.2142457e-01  -1.8296469e-01  -2.5314268e-01   2.1850218e-01  -2.5753869e-02   3.9130841e-03   4.5594825e-01   1.6821907e-01   1.8761586e-01  -8.7767196e-02  -3.0977522e-01  -2.9730737e-01   3.2016739e-01  -8.0042728e-02   1.7185820e-01   2.0745718e-01   7.0174723e-02  -1.5379187e-03  -3.0150177e-01   2.4746163e-01  -1.7838171e-01  -2.9231577e-01  -2.4336251e-01   4.1739867e-01  -4.5993421e-02  -1.7271796e-01  -1.1740748e-01  -1.4783305e-01   2.5747645e-01  -2.3130304e-01   2.8022497e-01   1.5224109e-01   7.0387816e-02  -2.6103904e-01  -1.3045942e-01  -2.7276680e-01  -1.5589518e-01  -1.2677921e-01  -4.0228981e-01   1.6070907e-01  -2.8759885e-02   6.5477998e-02   9.3721472e-02  -3.6115910e-01  -6.6779921e-02  -8.2954012e-02   1.7319369e-01  -1.1702213e-01   1.4119199e-01  -2.3833018e-01  -4.8774946e-02   6.9799528e-03  -1.8512664e-01   2.2185828e-02  -3.8072003e-01  -2.6515591e-01   5.3078945e-01   2.1111902e-02   3.8614332e-01  -6.1524149e-02   5.8539152e-02   1.5621360e-01   3.6960922e-01   5.0121495e-01  -9.3428692e-02  -1.1890804e-01  -2.4145827e-01  -1.9652695e-01  -1.9613082e-01  -2.5173976e-01  -1.8991112e-01  -3.2907187e-01  -2.0368511e-01   2.3843800e-02  -2.1865420e-01   9.8744004e-03   5.5039964e-01  -4.8018737e-02   3.3271768e-01  -1.1681860e-01  -7.3813338e-02   4.2377665e-02  -3.2529708e-02  -1.3282824e-01   2.1390072e-01   1.1250418e-02   1.6732628e-01  -7.4477902e-02  -2.9917834e-01  -1.8973680e-01   4.6817990e-01  -1.2158324e-01   4.4563738e-02   1.8291224e-01   3.9534034e-01  -1.6061212e-01  -2.2850311e-01  -4.0681439e-01  -1.6416253e-01   3.7025993e-01  -1.8839486e-01   6.6142227e-01   1.2546862e-01  -2.9593307e-01  -2.1013398e-01   1.1360385e-01  -2.3366032e-02  -1.0447807e-01  -1.9582878e-01   2.7546143e-01  -4.1426577e-02   5.5943072e-02  -1.4947655e-01   6.1766897e-01  -6.8155811e-03  -1.0299832e-01  -1.1481644e-01   6.8728668e-02  -2.9114234e-01  -8.5165897e-02   1.7892125e-01   3.8403633e-01   1.2490970e-01  -2.0117030e-01  -1.2217580e-01   1.4387354e-01   2.6924358e-01   4.2284812e-01  -1.0686594e-01   4.7946227e-02  -2.2077709e-01  -4.8439636e-02  -1.5191921e-01  -3.2505299e-02  -1.5086021e-01   4.2663737e-01  -2.2967878e-01  -6.7512005e-02   1.4088533e-01  -8.4988880e-02  -2.7832959e-01  -7.2637738e-02  -3.1136569e-02  -4.1940347e-02  -1.2398137e-01   1.6048978e-01  -3.5369549e-01  -1.6645452e-01  -1.3388071e-01  -1.2723431e-01  -6.0404429e-02  -1.0559637e-01  -2.9147449e-01
