   0.0000000e+00  -2.8883919e-01  -2.3576586e-01  -5.7653855e-02  -1.3094407e-01  -1.4111732e-02  -2.9990830e-01  -8.8484684e-03  -4.8711983e-03  -1.4563602e-01  -3.6212420e-02  -3.1897388e-01  -8.2601187e-02   3.5884883e-01  -3.7320874e-02  -3.8005437e-02  -2.5888389e-01  -1.9640675e-01   1.2123513e-01  -9.6727494e-02  -3.0782996e-01  -1.1561817e-01  -2.2089327e-01   7.7690368e-01   9.1045464e-02   1.0056832e-01  -2.2295847e-01   3.9270344e-01  -8.3959127e-02  -1.2052258e-01  -2.4897042e-01   3.1898970e-02  -2.0462774e-02  -4.0847272e-01   7.6773497e-02  -1.4228857e-01  -1.5845570e-01   5.7288378e-01  -1.2736185e-01  -2.1619202e-01  -8.2456063e-03   3.6131365e-02   3.8699999e-03  -2.3832801e-01   1.7284572e-02   4.7112595e-01   1.2401347e-01  -3.1246611e-01   9.3260502e-02  -1.5050318e-01  -1.6615437e-01   1.1981129e-01  -2.1252899e-01   6.0875615e-02   3.6274730e-01  -2.2360839e-01   9.6225033e-02  -9.1012575e-02  -1.0810669e-01   9.5874035e-02  -2.2136112e-02   6.0249845e-02  -1.7113482e-01  -4.1742267e-02  -8.0938864e-02  -1.4847895e-03  -7.0593582e-03   1.1692683e-02  -1.0217816e-01   2.4979671e-01  -3.5235733e-01   6.5439073e-02  -1.0064122e-01   2.5265216e-02   1.3630114e-01  -2.5670193e-01   4.0142578e-01  -2.0272429e-01  -2.6020607e-01  -8.1581788e-02   1.6836986e-02   6.4291902e-02  -3.7576367e-01   9.6076417e-03   2.9109988e-01  -2.0100415e-01  -1.1018811e-01   2.8706390e-01  -3.0138024e-02   8.8398179e-01  -1.9496801e-01  -1.6239200e-01  -3.1479937e-01   2.7393294e-02   5.8288635e-01  -1.4671098e-01   5.0673150e-02   3.7621539e-02  -1.7880575e-01  -1.0762317e-01  -1.0531141e-01   1.2405391e-02  -3.0791272e-01  -1.3518311e-01   6.7900551e-02  -1.5253709e-01  -2.0233373e-02  -1.9781173e-02   3.2261732e-02  -2.8216665e-01  -3.7369857e-01   1.0397933e-02   6.6211925e-02   9.0379275e-01   3.5968318e-01  -1.3810534e-01  -1.5816411e-01   4.4417176e-02  -1.7316744e-01  -3.6503986e-02   7.1985483e-01  -1.0533338e-01  -9.8398458e-02  -2.5615468e-01   7.2709510e-01  -1.2780351e-02  -2.5099634e-01   1.3120452e-01  -1.1214113e-01  -1.7872628e-01  -4.5324251e-02  -2.9842427e-01  -7.2317438e-02  -3.1568133e-01   1.5849544e-01  -1.8419331e-01   1.2754970e-02   4.7833217e-02   3.5875060e-02   7.5707746e-01   7.5826191e-01   8.3958091e-02   1.9936443e-01  -6.4304141e-02  -2.3787494e-01  -1.9782279e-01  -3.2228303e-01  -5.2667419e-02  -7.0584453e-02  -4.1601511e-02   4.2609884e-01  -3.2924208e-01   5.0277158e-01  -1.4023730e-01  -3.1110263e-01   7.7862941e-01   5.2236205e-01  -1.1609772e-01   1.8856307e-02  -1.4125207e-01   1.4203663e-01   2.4226089e-01  -2.6004778e-01  -3.3448933e-02   1.1025037e-01  -2.4030511e-01  -1.7988352e-01   1.9957339e-02   5.4888559e-01  -2.1710188e-01  -1.3723410e-01   6.0465108e-01  -1.0537322e-01  -1.2530494e-01  -2.3650710e-02  -1.4418315e-01   7.7104036e-02
  -2.8883919e-01   0.0000000e+00   6.9286457e-01  -2.6485333e-01   3.9399539e-01   2.6884242e-02  -3.4888620e-02   1.3217209e-02   2.3853430e-01   3.1584654e-01  -2.0481250e-01   7.3905327e-01  -8.5389049e-02  -2.2475913e-01  -1.9533704e-01  -1.1030875e-01   7.2504346e-01  -1.6235393e-01   1.3820458e-01   2.4303227e-01   1.6130655e-02  -1.8128539e-01  -3.4500392e-01  -2.2814182e-01  -1.0596855e-01  -1.8738671e-02   1.0750846e-01  -4.3583798e-01  -1.6087248e-01   1.9777228e-02   1.4303830e-01  -1.6081194e-01   2.0575293e-01  -1.2008423e-02   1.4843664e-01   4.9080551e-02  -2.6539660e-01  -1.1452439e-01  -1.3847456e-02   4.8301695e-01   7.2451195e-02   6.5851252e-02   1.5693906e-01   2.3713652e-01  -4.7007409e-01   1.4429564e-01  -3.3125091e-01   1.0653390e-01  -2.7159918e-01   5.4379185e-01  -3.7066826e-01  -2.3152644e-01   7.1087373e-01   1.2399395e-01  -6.0281842e-02  -1.6740663e-02   1.6010586e-01  -3.1973320e-01  -1.5565229e-01  -2.1077827e-01   3.8385711e-01  -6.4996991e-02   2.3331504e-01   3.6228989e-01   1.7456783e-01  -3.6530660e-01   3.1474279e-01  -2.4740331e-02  -2.1104260e-01   1.9319270e-01   7.2591228e-01  -4.7949908e-01   5.8416310e-02  -5.9329931e-03   1.0546953e-03  -1.3545000e-01  -8.4793040e-02   1.2414734e-01   5.6096510e-01  -8.8419245e-02  -3.5122455e-01  -9.2710568e-02   5.4198443e-01  -8.5831620e-02  -5.0099587e-02  -1.6272613e-01   2.3557079e-01  -2.0176400e-01   4.0978789e-01  -1.9266626e-01   5.9847255e-01   4.3806750e-01   4.3979395e-01  -3.0148623e-02  -1.7219593e-01   2.4113055e-01  -2.5956574e-01   1.2848868e-01   2.0689378e-01  -5.9458133e-01   5.5547375e-03  -1.7112611e-01  -8.5294649e-02   1.2221487e-01  -5.4760490e-01  -1.5403714e-01   7.4977544e-02   4.3578978e-02  -2.4904483e-01   2.3980542e-01   2.9245392e-01  -5.1265976e-01  -2.4630644e-01  -3.3565035e-01  -4.1795871e-01   4.7275588e-01  -9.0673940e-02  -1.9377517e-01  -3.8816242e-02  -2.9024038e-01  -3.0988164e-01   4.2560591e-01   3.9281766e-01   5.2598943e-01  -2.1144835e-01  -2.7139127e-01  -1.6926660e-01   1.5052955e-01  -3.0505457e-01   5.1929982e-01  -2.4075569e-02   1.3115045e-01   4.5497937e-01   4.1237666e-01  -1.8299317e-01  -1.2863258e-01   2.1806522e-02  -2.5483090e-01  -2.5556669e-01  -2.1717996e-01  -6.5110182e-02  -1.2530520e-01  -4.3598050e-01   4.5474822e-02  -1.0736261e-01  -2.0826871e-01   2.1446521e-01   8.3644656e-02  -3.3421147e-01  -3.4065277e-01  -3.0117234e-01   2.6063449e-02   7.1085368e-02   3.4633950e-01   7.2443689e-01  -1.1487525e-01  -2.9258466e-01   4.4409444e-02   3.3534451e-01  -3.6976055e-01  -1.7062652e-01  -2.4325057e-01   5.0055633e-01  -4.2660568e-01  -2.8265303e-01   4.9939279e-01   1.9615353e-03   2.5793357e-04  -1.3622742e-01   7.1927607e-01   3.3135379e-01  -7.3612194e-02  -1.8774043e-01   1.4789253e-01   1.3902813e-01  -2.5053823e-02  -6.3134923e-02
  -2.3576586e-01   6.9286457e-01   0.0000000e+00  -2.9229625e-01   4.6893432e-01   7.1718890e-02  -7.6888247e-03  -6.4564774e-02   1.0981816e-01   2.2437174e-01  -2.9047296e-01   7.0733281e-01  -9.3940369e-02  -4.0857858e-01  -4.1800099e-01  -9.0123005e-02   9.0691816e-01  -2.8803444e-01   1.8881991e-01   3.8251830e-01  -2.1878522e-01  -2.3429844e-01  -2.7035925e-01  -1.8529766e-01  -5.2332917e-03  -9.6153276e-02   1.9209367e-01  -3.9782075e-01  -5.0089600e-02  -3.5599589e-01  -2.0792481e-01  -3.2023154e-01   5.9990760e-02  -6.4853521e-02   7.5630429e-03   1.6034493e-01  -2.5119790e-01  -1.0530129e-01   1.3681032e-02   6.7517522e-01  -2.2695910e-02  -5.9934473e-02   5.4700166e-02   7.2655243e-02  -2.3614990e-01   2.7799338e-01  -2.3412300e-01  -2.3002583e-01  -1.9140712e-01   7.8958814e-01  -3.7111240e-01  -2.1911088e-01   4.2643485e-01   6.7320432e-02  -1.3244776e-01  -4.2933672e-02   7.1673196e-02  -4.0632602e-01  -3.5970096e-01  -2.9941968e-01   5.7057793e-01   7.3096386e-02   2.1256223e-01  -5.9195045e-02  -4.9154037e-03  -2.5076034e-01   1.4709098e-01   2.0700593e-02  -3.5412453e-01   5.0589382e-01   6.1730130e-01  -4.2040285e-01  -4.8037592e-02   9.5918869e-02   1.5632323e-02  -2.2948362e-01  -1.4007295e-02   1.7981053e-02   4.8250515e-01  -1.8547347e-01  -2.4668746e-01  -8.7623531e-02   3.5326127e-01  -6.3509379e-02  -6.5036455e-02  -3.0560788e-01  -3.6785710e-02  -3.6658206e-01   2.5527881e-01  -1.4043812e-01   4.5011364e-01   5.4498055e-01   5.0869698e-01  -1.5457684e-01  -1.2891794e-01   3.9588617e-01  -2.2025116e-01   1.0604417e-01   3.0706099e-01  -4.1390717e-01  -5.9952411e-02  -3.4458084e-01  -1.4676687e-01  -6.9706780e-02  -5.8805431e-01  -2.7909705e-01   1.5771519e-01  -2.4890657e-02  -1.0384966e-01   1.7274974e-01   3.1204116e-01  -5.4832066e-01  -1.3664244e-01  -2.7127045e-01  -2.9934142e-01   2.6985740e-01  -2.0853828e-01  -2.9451450e-01  -9.9399465e-02  -3.7789661e-01  -3.2151814e-01   4.1284001e-01   3.9784452e-01   2.2368190e-01  -1.6308187e-01  -3.3900602e-01  -1.5328174e-01  -5.6951957e-02  -3.0591587e-01   6.4886557e-01  -3.7228083e-02   1.9096879e-02   9.4628591e-02   8.8866917e-02  -2.1412726e-01  -2.5566305e-01  -1.1188103e-01  -3.8710737e-01  -3.0738282e-01  -2.0865412e-01  -3.6128614e-02   7.8231265e-05  -4.6497361e-01  -8.9541290e-02  -1.9486748e-01  -5.5055078e-01   3.4111706e-01  -8.2550503e-02  -3.8100571e-01  -5.5549817e-01  -2.0242919e-01   1.5550448e-02   4.7156690e-02   2.1243279e-01   7.1978382e-01  -2.4542419e-02  -2.6932341e-01  -2.0489643e-01   2.6362787e-01  -2.8018612e-01  -7.0076323e-02  -3.8501810e-01   3.5258463e-01  -5.3516731e-01  -3.2794079e-01   4.5286930e-01  -5.3939043e-02  -3.8095307e-02  -1.8750169e-01   5.9240646e-01   3.5046590e-01   1.5080215e-02  -2.4547183e-01   5.9327992e-02   5.3647322e-02  -3.4697532e-02  -1.2227383e-01
  -5.7653855e-02  -2.6485333e-01  -2.9229625e-01   0.0000000e+00  -2.7947158e-01   1.1055833e-01   4.6474703e-02  -2.2920282e-02   3.0218182e-01  -2.2121542e-01   1.0960473e-02  -2.4338851e-01  -1.8182121e-01  -3.6978272e-02   1.5943085e-01  -3.2404859e-01  -3.3465883e-01   7.4971004e-02  -4.3552242e-02  -2.7722734e-01   1.0266093e-02   4.2168649e-01   9.3228501e-02  -1.4604188e-01   1.2802887e-01   2.7252673e-01   9.4600434e-02   1.5271203e-02   3.5756811e-02   1.8320953e-01   5.9587671e-02   1.5086315e-01  -2.6904965e-01   2.7568655e-02   5.7466046e-02  -1.7770440e-01   1.1415283e-01  -2.5598031e-01  -3.5667176e-01  -3.2005100e-01  -2.2984024e-01   1.3968831e-03   3.3775963e-01   2.4615627e-01   3.6008511e-02  -3.4844169e-02   8.3764371e-02  -8.8759765e-03   1.7292056e-01  -3.5438041e-01   1.4483221e-01   2.7414810e-01  -2.4675008e-01  -7.7166094e-02  -1.3050386e-01   1.0146809e-01   3.9253691e-02   3.1472230e-01   1.0483964e-01   4.2741356e-01  -3.6144209e-01  -5.8176745e-02   1.6421532e-01  -7.3811871e-02   1.0271452e-03   8.6217088e-02   9.9885264e-03  -8.9476511e-02   2.4406558e-01  -1.2702738e-01  -3.2740192e-01   3.2488720e-01  -2.4041298e-01   2.2908647e-01   1.1689903e-01   1.4981147e-01  -2.3064707e-01   2.5181945e-01  -3.4083009e-01   1.4612117e-03   6.5351549e-02  -1.6632460e-01  -1.6081022e-01   1.1866860e-01  -1.2385520e-01   2.3107684e-01  -4.0131688e-02   2.3660287e-01  -6.4472504e-02  -1.5274058e-01  -3.5620257e-01  -2.4678668e-01  -9.8159984e-02   4.6191758e-01  -1.4196550e-01  -2.6270303e-01   1.6603634e-02   2.0272883e-01  -1.3458928e-01   1.6472353e-01  -1.5010678e-01   1.3850366e-01   1.7268769e-01   4.3148927e-01   2.4820643e-01   3.2554033e-01  -4.7391539e-02   1.4004067e-01   1.0001294e-01  -7.0076515e-02  -7.5219017e-03   2.9032991e-01   4.5851362e-01   7.2670301e-03  -9.1951942e-02  -1.4981282e-01   3.8845407e-01  -1.3493411e-01   2.2092156e-01   4.8523202e-01  -4.3990754e-02  -3.4832593e-01   1.1483952e-01  -3.1263096e-01   1.2002572e-01   1.7770186e-01  -6.4984689e-02   1.0471580e-01   4.9466147e-01  -2.8099575e-01  -3.3942069e-01  -2.3202718e-01   1.8033276e-02  -1.0490530e-01   4.5223105e-01   1.3132116e-01  -2.9664283e-02  -1.9700922e-02   3.0564720e-01  -8.9789727e-02  -1.9215321e-01  -1.4495337e-01   3.3068577e-01   1.4162457e-02   3.0534942e-02   2.0127880e-01  -1.1619763e-01  -2.6888147e-02   2.4706967e-01   1.2680770e-01  -7.4355465e-03   9.6417550e-02  -1.7717086e-01  -7.5425148e-02  -3.0314987e-01  -9.0243986e-02  -9.9681339e-03   3.0699610e-02  -2.5140023e-01   1.9785803e-01   9.7270038e-03   3.2661887e-01  -2.4072292e-01   4.7476839e-01   3.4418635e-01  -1.0961922e-01   6.7659814e-02   2.0742339e-01   5.3437121e-02  -2.9232562e-01  -9.1460617e-02  -1.5501687e-01   3.0806760e-01  -1.0768770e-02  -1.9762397e-01   1.7506609e-02   2.5888129e-01
  -1.3094407e-01   3.9399539e-01   4.6893432e-01  -2.7947158e-01   0.0000000e+00   2.6235131e-01   1.0335038e-01  -1.4524171e-02   1.8617443e-03   2.3429108e-01   3.7837879e-02   3.0772408e-01   3.7778933e-02  -3.8709781e-01  -4.0728870e-01  -1.5786563e-02   5.3767957e-01  -8.9012363e-02   1.7167933e-01   7.0459090e-01  -1.7927351e-01  -3.2789837e-02  -3.0854698e-01  -3.5034074e-02   8.5079268e-02  -7.6748116e-02   2.9187095e-01  -3.6873316e-01  -7.2473758e-02  -1.2934243e-01  -1.6131612e-01  -2.6532051e-02   1.3478774e-01  -1.7667655e-01  -4.3037252e-03   6.4830728e-01  -1.7315445e-01  -2.5204951e-02   6.0608850e-02   5.3136833e-01   2.5533013e-01   5.3170606e-02  -1.6487633e-01   1.0689584e-02  -2.2715571e-02   1.1180384e-01   1.4670260e-01  -5.9573595e-02  -2.3218298e-02   4.0396951e-01  -3.3322441e-01  -1.5678262e-01   2.3550862e-01   2.3075923e-01  -1.6197567e-01  -1.4459884e-01   1.3388138e-01  -8.6677732e-02  -1.1131258e-01  -2.5811748e-01   2.7067710e-01   1.6224504e-01  -1.5381976e-01  -5.4680732e-02   1.3599682e-01  -7.0890476e-02   3.5749450e-01  -1.5289998e-01  -1.4634422e-01   1.9399758e-01   4.2443167e-01  -3.4901296e-01   2.7782486e-01  -3.2217470e-01  -5.0389572e-02  -4.6197676e-02   4.7120165e-02  -3.0651922e-03   6.3014993e-01   1.1666085e-01  -2.1458626e-01   3.9705366e-02   1.6228036e-01   3.0613607e-02  -3.1919605e-01  -1.1075517e-01  -1.0458239e-01  -2.7164428e-01   1.3193978e-01  -6.0413825e-02   4.4337484e-01   6.4755471e-02   2.3065873e-01  -4.3345972e-02  -7.6492611e-03   6.1521802e-01  -6.3100169e-02   7.9789768e-02   3.7105012e-01  -2.7630875e-01  -1.3134951e-01  -1.9680042e-01   1.3520080e-01  -1.4134036e-01  -4.7739995e-01  -1.5515945e-02  -2.2353023e-02   7.1422076e-02   1.6984557e-01   5.2191115e-02   6.9011676e-02  -3.4826046e-01  -2.2035922e-01  -1.3068054e-01  -2.5419945e-01   1.4774420e-01  -5.5320935e-02  -3.8115828e-02  -2.1555381e-02  -1.8984561e-01  -1.0609737e-01   6.2222397e-01   8.8519177e-02   1.0646525e-01  -1.1224007e-01  -3.2402428e-01  -1.1317770e-01  -4.1647564e-03  -2.5951987e-01   3.2520757e-01   1.5379993e-01   1.7664757e-01  -8.0678337e-02   3.0405306e-02  -1.8159236e-01  -2.1646007e-02  -2.2217005e-03  -2.7859721e-01  -6.1531064e-02  -5.5842395e-02   3.1292868e-03   4.8545801e-02  -2.2095618e-01  -2.3116149e-01  -3.1466183e-01  -3.3923894e-01   2.0090565e-01   7.7029033e-02  -2.7019831e-01  -2.8020908e-01  -2.6666234e-01   1.4908235e-01   8.7667532e-03   1.5888186e-01   3.2835042e-01   1.1587628e-02  -1.5716844e-01   5.7105222e-02   2.9208634e-01  -1.5464474e-01   9.7385451e-02  -1.5643362e-01   2.5967421e-01  -2.3825950e-01  -2.1617582e-01   2.8445329e-01   8.7301622e-02  -7.3341612e-02  -2.2618525e-01   5.0480936e-01   4.1156184e-01   7.4232505e-02   3.7001853e-02   2.0803717e-02   1.4654007e-01  -7.9530350e-02   3.7271852e-02
  -1.4111732e-02   2.6884242e-02   7.1718890e-02   1.1055833e-01   2.6235131e-01   0.0000000e+00   1.9822710e-01  -2.0525177e-01   1.0565846e-03   1.2569473e-01   2.7660666e-01   1.1295762e-01   1.1578235e-01  -7.6035934e-02   1.8262962e-01   6.6732616e-02   1.6266838e-01  -9.8875917e-02   9.3074640e-02   2.7000941e-01  -2.6306817e-01   1.3527352e-01  -5.7281827e-02  -2.3958680e-02   1.5594361e-01   3.7240844e-01   4.3282706e-01  -1.2536492e-02  -7.3837512e-02   1.4169964e-01  -1.2060650e-01   1.3018932e-01  -1.8732833e-01  -1.9602971e-02   2.5458126e-01   4.2208379e-01  -4.8948892e-02  -2.4353610e-01   7.9682077e-02   2.6567990e-01   2.0038536e-01  -2.9941331e-01  -3.8610745e-02   1.6326042e-01   1.1523466e-01   2.2458647e-01   4.6581795e-01  -1.1021459e-01  -3.3042407e-02  -2.1622352e-02  -3.2372889e-02   1.9989430e-01   3.4154718e-02  -1.5206116e-01  -6.5867612e-02   1.0141523e-01   1.3121420e-01   1.1384108e-01   2.1770085e-01   3.2438945e-01   2.7743447e-03   2.6168173e-01  -1.5660061e-01  -4.3669854e-02  -3.4181141e-02   4.5814492e-01   5.3408304e-01  -7.1036296e-02   2.4579826e-01   3.6774143e-01  -1.0645289e-01   5.5358982e-02   2.3433335e-01   7.0098853e-02  -1.8540886e-01  -1.3197024e-01  -2.0602204e-03   1.4006165e-01   1.0487805e-01  -3.0075889e-02   8.2908220e-02   2.0976740e-01  -1.0660329e-01   7.4192972e-02  -1.2797470e-01  -1.3430080e-01  -2.3377362e-01  -8.1192852e-02  -3.6083531e-02  -3.7004385e-02  -8.0396723e-02  -1.8039432e-01   3.1344997e-01   2.6694487e-01   2.4408217e-02   3.0627503e-01   1.0787114e-01   2.7726154e-01   1.9132335e-02   1.5952254e-01  -4.6971396e-02   2.3922948e-01   1.8667594e-02   9.1800967e-02   4.0502478e-02  -2.0237883e-01  -2.2311717e-01   2.7466322e-01   2.6958923e-01   1.1877113e-01   2.2893920e-01   2.4368886e-01   6.9174929e-04  -4.6802767e-02  -3.2895455e-02   5.9992350e-02   2.5191386e-01   1.4087737e-01   2.9698182e-01   1.2826009e-01  -7.7893045e-02   2.0660558e-01   2.7555727e-02  -1.6250919e-01   2.0645522e-02   6.5805691e-02   1.0338468e-01  -1.2583519e-01  -2.2984752e-01   2.4322228e-01   1.9010636e-01   3.4774063e-02   1.1779627e-01  -1.4735241e-01  -1.8000650e-01  -2.6609537e-01   2.0578201e-02  -2.7167433e-02   1.4125148e-01  -5.5293282e-02   5.8628466e-02  -1.8237958e-01   3.5755394e-01   2.9929221e-01  -2.3679238e-02  -4.9955527e-02  -8.8503212e-03   3.3711920e-01   4.1244331e-01   2.9255906e-02  -2.2998462e-02   2.2364372e-03  -2.2545593e-01   1.0271403e-01   2.3153704e-01  -3.5261678e-02   5.7199226e-02   2.2569486e-01  -1.5549668e-01   1.3079016e-01   6.9985047e-03   1.2687387e-01  -1.6583560e-01   1.2978465e-01   1.6562842e-01   1.2046879e-01   3.6682339e-01   9.7846019e-02  -1.2067651e-01   3.4584232e-02   4.7532300e-01  -1.1315661e-01   1.8412964e-01   4.7859345e-01  -1.6396879e-02  -4.2821709e-01   4.6090997e-02
  -2.9990830e-01  -3.4888620e-02  -7.6888247e-03   4.6474703e-02   1.0335038e-01   1.9822710e-01   0.0000000e+00  -7.3827405e-02  -8.3697360e-02   3.8148255e-01   2.5656796e-01   2.6430029e-01   1.0230953e-01  -2.0374976e-01   1.5629353e-01  -1.4375300e-01  -1.3924359e-01   1.5134789e-01   8.7930646e-02   3.9254650e-02   2.6671317e-01   3.6413669e-02   6.4506878e-01  -4.0236435e-01  -8.9933321e-02   1.9679493e-01  -2.7275259e-02  -1.0752272e-01  -4.7419329e-02  -5.0565382e-02   3.1201600e-01   6.0920264e-02  -1.1743197e-01   3.2193365e-01   5.7817524e-02   1.4842987e-01   2.7900273e-01  -3.9292339e-01  -1.3743817e-01   3.0023137e-01   2.0224947e-02  -6.7604647e-02   6.5118038e-03   1.3673809e-01   3.7024585e-01  -3.2967514e-01  -1.1821261e-01   3.6744326e-01  -1.4735058e-01  -2.3989875e-01   1.5385378e-02   1.8216907e-01   1.9131327e-02  -1.4091365e-01  -3.0625887e-01   3.4183534e-01  -5.3395336e-02  -7.3135746e-02   2.3052144e-02   8.9377977e-02  -3.2246629e-01   5.0156581e-02   8.9051459e-02   6.9970302e-02  -5.8274178e-04   4.0334863e-01   1.3524594e-01  -3.6534600e-02  -1.3640459e-01  -5.4048289e-02   1.9232348e-01  -1.7664802e-01   2.2658363e-01  -2.1459066e-02  -2.0064281e-01  -2.5786737e-01  -5.0442893e-01   6.8902838e-02   1.2647093e-01  -1.9745679e-01   5.8440056e-01   3.4649027e-02   3.4197623e-01   5.4005214e-02  -1.2644010e-01  -1.5489037e-01  -3.0002973e-02   5.2643932e-03  -6.3494418e-02  -2.7266504e-01  -2.9506456e-01  -6.7132983e-02   2.5337864e-01   4.8069619e-02  -3.3120031e-01  -4.6159376e-02  -1.7089277e-01   1.0047832e-01   4.2983819e-02   4.7256203e-01   1.3368350e-01   5.2089383e-01   9.3981792e-03   2.3625412e-01   9.4396951e-02  -1.1797741e-02  -1.5063641e-01   4.3625410e-02   6.7871627e-02  -2.9887190e-02   4.6718345e-01  -6.3721348e-02  -9.1606792e-02  -2.0055257e-01   9.2269989e-02  -1.4591707e-01  -4.5634601e-02  -4.4415614e-02   8.5110567e-03  -6.5865883e-02  -3.7588967e-01  -1.9914823e-01  -3.3757662e-02   7.0807341e-02  -2.3806494e-01  -2.5801262e-02   2.7531289e-01  -2.8234738e-01   1.7924884e-03  -1.6735520e-02  -8.8158342e-02   6.2089364e-01  -1.4015395e-01   1.9565993e-01  -5.7536517e-02  -2.2961046e-01  -2.9716523e-01   1.2803585e-01  -4.1397227e-02  -1.8312257e-01  -1.8226614e-01  -1.7368885e-01  -7.7915017e-02  -3.2290107e-02  -4.4430107e-02   6.5015291e-03   7.3884554e-01  -1.3199553e-01   8.7293178e-02   2.1669073e-01  -3.3824940e-02   2.1096983e-01  -2.6308417e-01  -9.2796775e-02   3.3615285e-03  -4.1168058e-02  -3.6496567e-01   6.4135328e-03  -2.0618670e-01   3.3118629e-01   1.0220496e-02  -1.1232829e-01   1.6870166e-01  -2.3861582e-02  -1.3623034e-01   7.1312214e-02   4.0268171e-01   5.8703527e-02  -2.6268337e-01  -7.0931310e-02  -2.1795099e-02  -1.8674596e-01   1.0614623e-01  -3.3189379e-02  -7.3272351e-02  -1.6959482e-01   9.1583020e-02
  -8.8484684e-03   1.3217209e-02  -6.4564774e-02  -2.2920282e-02  -1.4524171e-02  -2.0525177e-01  -7.3827405e-02   0.0000000e+00   2.4032758e-01  -1.7143053e-01  -1.2680131e-01  -1.2828379e-01   3.2933476e-02  -4.9132951e-02  -1.0758333e-01   1.1626603e-02   9.4834966e-03  -9.2701218e-02   1.6429321e-01  -7.0507704e-02   7.2563860e-02   3.6941413e-01   3.9188816e-02  -3.5820372e-02  -4.5573956e-02   7.0043622e-02   3.1340329e-02  -1.6754929e-01   1.9938167e-02  -2.0703889e-01   1.3822677e-01  -1.0283366e-01   1.5448351e-01   6.4142158e-02   1.7911946e-02  -9.0522705e-02   4.2978353e-02  -7.2503068e-02  -9.0708638e-02   2.5732930e-02  -3.9853054e-02   1.4651497e-01   2.7578743e-01   7.6053130e-02  -2.1319313e-02  -5.9871864e-02  -1.5929397e-01   6.5755650e-02  -9.0387602e-02   3.8510506e-02   8.5767228e-02   8.9871731e-02   1.3686281e-01   2.1077655e-01   3.1200858e-02  -1.1046234e-01   2.1049762e-01   2.9152851e-01   1.2681868e-01   3.4837007e-02  -7.8155256e-02  -1.6580518e-01   1.9585751e-01   1.5375199e-01   6.9958732e-02  -3.1710476e-01   3.4578579e-02   5.2877605e-02   1.6076603e-01  -2.0431437e-01   2.0430519e-01  -1.0113750e-01  -2.3284628e-01  -1.4532924e-01   4.2030595e-02   8.0222274e-02  -1.3179602e-02   4.8251317e-03   6.3641674e-02   1.5564251e-01  -1.8946207e-02  -1.8127451e-01   2.6541696e-01   5.1777902e-01  -8.9266343e-02   6.3359038e-02   1.3107035e-01   1.5846932e-02   1.4987129e-01  -1.1540403e-02   1.1855196e-01  -2.4909991e-02  -1.4393449e-01   1.3067505e-01  -6.7967288e-02  -2.1279494e-01  -5.7964288e-02   3.7986798e-01  -9.9040859e-02  -2.9791050e-02  -1.7855424e-02  -8.5390444e-02   4.4544809e-01   1.1323841e-01  -1.5464516e-01   2.5536341e-01   8.2558677e-02   5.1917793e-01  -1.8649314e-01  -1.9116165e-01   5.5647768e-02  -1.2968206e-01   1.0010308e-01   4.4468117e-02  -1.4324838e-01   1.1990814e-01   6.6708533e-03  -5.2208714e-02  -2.0296720e-01  -1.8428831e-01   1.4611681e-01  -9.5219982e-02   2.4502396e-01   2.7141767e-02   1.0866180e-03  -1.6098181e-01   6.5302427e-02   1.0459977e-01   4.4507531e-01  -1.5602204e-01  -6.2218136e-02   9.4768184e-02  -6.8728492e-02   2.0930575e-01   2.4402648e-01   3.3166719e-01   8.7696961e-02  -8.1104753e-02   1.7891632e-01  -5.1397532e-02  -3.6532595e-02   3.3393511e-02  -2.5942269e-02  -1.8593783e-01   2.8462634e-02  -2.8577679e-02   4.8289019e-02  -1.6758582e-01  -1.8437712e-01  -2.8853691e-02  -1.2861408e-01   2.6459198e-01  -8.2161690e-02  -8.4819627e-02  -1.0738054e-01  -8.0298918e-02  -1.0268895e-01   1.0387797e-01  -4.2880804e-02   3.8805955e-02   1.2254554e-02   4.8818373e-02   1.8260638e-01  -1.6676930e-01   6.0407551e-02   5.0318080e-02  -2.4951407e-01   3.4238843e-02   1.3415419e-02   9.5443429e-02  -1.8042255e-01   3.2799219e-02  -2.3796005e-01  -2.0192811e-01  -1.7376521e-02   7.3917583e-02   4.5234520e-01
  -4.8711983e-03   2.3853430e-01   1.0981816e-01   3.0218182e-01   1.8617443e-03   1.0565846e-03  -8.3697360e-02   2.4032758e-01   0.0000000e+00   5.4188710e-02  -2.8083396e-01   1.8657237e-01  -3.4171591e-01  -9.3720837e-02  -4.1456661e-03  -4.3702567e-01   6.6377820e-02  -2.1367390e-01   1.3828252e-01  -3.1871911e-02  -1.5358832e-01   4.1935314e-01  -1.7275356e-01  -2.2129079e-02   2.2421285e-01   3.6869606e-01  -1.8474989e-03  -1.3794774e-01   6.9537782e-02   2.4224378e-01   1.8545446e-01  -6.5780293e-02  -1.9880529e-01  -9.9586040e-02   2.9134506e-01  -1.8531706e-01  -1.1318194e-01  -2.8344872e-01  -4.8777743e-01  -5.7926346e-02  -1.0516327e-01  -1.8215844e-01   6.6087444e-01   3.6810373e-01  -3.7006963e-01   1.4693853e-01  -1.2999642e-01  -1.3733203e-01  -5.0234397e-02  -5.3388791e-03  -2.3673204e-01   2.3798373e-01   3.7206485e-01  -5.5628968e-02   9.8230736e-03   2.0522033e-02   3.8542506e-01   1.9378323e-01  -1.2777533e-01   1.8146365e-01  -3.8137799e-02  -4.1928334e-02   5.5290495e-01   3.3180064e-01   7.9119407e-02  -2.9002606e-01   2.1766948e-01   7.6156349e-02   4.4545792e-02  -3.8936079e-02   6.3698394e-02  -1.7833639e-01  -1.3723772e-01   9.8649941e-02   1.2243791e-01  -7.0981222e-02  -1.9867680e-01   1.6077919e-01   1.3205550e-01  -1.2068327e-01  -1.4441391e-01  -2.5685944e-01   1.1952314e-01   3.1815594e-01  -1.5080873e-01  -1.4045180e-02   1.0666617e-01   1.2186167e-01   4.4679253e-01   2.3764061e-02   2.7080687e-01   1.5833592e-01   1.2639062e-01   4.9684274e-01  -1.5177548e-01  -1.2779897e-01  -1.3108916e-01   4.5577091e-01   6.1996258e-02  -3.0139567e-01  -3.7554485e-01   2.6270608e-02   1.2140294e-01   5.7013406e-01  -2.5663106e-01   2.2254639e-03  -1.6057960e-02   3.0311250e-01  -2.9913670e-03  -5.9007270e-02   7.5947756e-02  -1.7824531e-01   4.0280253e-01   6.1041859e-02  -3.5147242e-01   3.9050928e-01   1.8573688e-01  -1.1637349e-01   1.1599956e-01   8.5507733e-02  -6.9286378e-02   1.2403480e-01   5.1094710e-01   1.5644028e-01   1.5791190e-01  -5.0093144e-02  -1.2830299e-01   3.9897969e-02   3.6457588e-01  -1.3956370e-01  -3.5260994e-01  -1.4883496e-01   2.2500409e-01   1.9627783e-01   4.6749597e-01   2.9654218e-02  -8.1929804e-02  -2.7315622e-01   1.2566186e-01  -6.8266027e-02   3.8740737e-03  -2.9196569e-01   3.0713794e-03  -1.4911973e-02  -1.2957222e-01  -7.8953354e-02  -9.5228349e-02   1.3268457e-01  -1.5163423e-01  -2.5752416e-01  -1.5888062e-01   1.6290813e-01   6.1145964e-02   1.8427357e-01   1.4376071e-02   3.4240245e-05  -1.5064512e-01  -1.0082126e-01  -1.2132299e-01  -1.9607920e-02   8.8721831e-04   8.2794680e-02   4.4765661e-02  -1.8470458e-01   1.3169467e-01   2.9145694e-01  -1.0725546e-01   1.7070367e-01   1.0519482e-01   1.9334562e-01   1.7434824e-01  -3.2386919e-02  -3.9913563e-02  -1.6290331e-01  -1.8254591e-01  -8.6015436e-02   4.3687315e-01
  -1.4563602e-01   3.1584654e-01   2.2437174e-01  -2.2121542e-01   2.3429108e-01   1.2569473e-01   3.8148255e-01  -1.7143053e-01   5.4188710e-02   0.0000000e+00  -4.0955245e-03   5.1092063e-01   1.4526208e-01  -1.3809790e-01   1.4624724e-01   1.3231307e-01   1.8302979e-01  -1.2390111e-01   2.0928463e-01   2.0078431e-01  -2.2476921e-02  -6.3289260e-02   9.9932331e-02  -1.0284557e-01  -5.2298399e-02   1.8146912e-01  -2.9287748e-01  -6.6571470e-02  -2.7604704e-01  -7.4514793e-02   1.3028028e-01   2.0432681e-01   7.5052606e-02   6.6869933e-02   5.4078269e-02  -1.9323712e-02  -2.7280560e-01  -1.5568551e-01   1.2616154e-01   3.2739345e-01   1.6935507e-01  -5.2641598e-02   2.5557827e-01  -4.9783427e-02  -6.6669969e-02  -3.9452031e-02  -2.6012202e-01   9.4649264e-02  -7.1450976e-02   9.0883739e-02  -1.8571194e-01  -3.6204060e-03   2.3722985e-01  -1.1463011e-01  -2.4407811e-01   1.2921138e-01   9.3392469e-02  -1.3383310e-01   3.1080586e-02  -4.7325398e-02  -8.1971053e-03   1.4074629e-01   5.5954035e-03   1.2985651e-01   1.4132768e-02   1.7108300e-01   1.6608181e-01  -1.2710411e-01  -2.1526029e-01   1.8964481e-01   3.2180690e-01  -3.3173147e-01   2.8650913e-01  -2.1633623e-01   1.1805206e-01  -1.0571937e-01  -2.2438772e-01   1.1929725e-02   3.4109269e-01  -1.0212665e-01   1.4905415e-01   1.3990752e-01   2.2187758e-01   1.5726926e-01  -8.9113098e-02  -1.2305434e-01   5.3314539e-02   1.3492574e-02   2.4736863e-01  -5.6552691e-02   9.1029993e-02   6.3917968e-02   3.7859577e-01   2.0961417e-01  -1.4955210e-01   1.8099204e-01   1.5687132e-02   2.4042487e-01   4.2468006e-02   4.7420133e-02  -1.5726846e-02   3.1712808e-01  -7.9726373e-02   5.2013205e-02  -3.1224972e-02  -1.4714707e-01  -1.6965315e-01   1.2873871e-01  -6.5969831e-02  -7.9596723e-02   3.6818531e-01  -3.0979291e-01  -3.7308302e-01  -7.5098267e-02  -7.3803650e-02   1.7672034e-01  -1.1070659e-01   1.7354925e-01  -1.7929753e-01  -9.3087885e-02  -1.3845017e-01   3.0359083e-01   2.6299779e-01   2.4390006e-01  -1.8212255e-01  -1.1172313e-01   2.8260976e-02  -9.9411756e-03  -1.9198088e-01   1.9529373e-01   3.1891207e-01   3.2817016e-01   1.2603989e-02   1.2428856e-01  -1.7163947e-01  -1.3610587e-01   9.8651025e-02  -2.3017399e-02   2.2324778e-02  -2.4080187e-02   1.0843727e-02   1.4283724e-01  -1.8989078e-01  -1.1986017e-01  -1.4626690e-01  -1.3482456e-01   3.5537121e-01   7.4292148e-02  -1.3188246e-01   4.9864149e-02  -2.7571322e-02   7.0432938e-02  -8.8803837e-02  -2.1930332e-02   2.2316532e-01   8.2385707e-02  -1.3774991e-01   1.7289026e-01   1.9459429e-02   9.6022636e-03   1.9435371e-02  -1.9628395e-01   3.7848078e-01  -3.1149257e-01  -2.4348357e-01   1.5060751e-01   1.8068667e-01   1.4579618e-01  -1.2332465e-01   1.2079658e-01   3.2347701e-01  -1.0047141e-02  -1.8462748e-01  -2.6232931e-02   2.5177056e-01  -1.2175784e-01   1.5734986e-02
  -3.6212420e-02  -2.0481250e-01  -2.9047296e-01   1.0960473e-02   3.7837879e-02   2.7660666e-01   2.5656796e-01  -1.2680131e-01  -2.8083396e-01  -4.0955245e-03   0.0000000e+00  -2.3151013e-01   2.7805335e-01  -2.7360629e-02   2.5516028e-01   2.3708230e-01  -2.1506599e-01   3.8180831e-01  -2.6420356e-01   4.0992872e-02   3.6359617e-02  -9.8002431e-02   3.9462273e-02  -5.9360919e-02   3.9637003e-02   5.6377458e-02   1.6101280e-01  -1.8660447e-02  -2.5956845e-01   8.2748598e-03   1.4139955e-02   3.6468239e-01  -1.7818485e-02   1.0183771e-01  -4.1359428e-02   4.6278320e-01   2.4181474e-01   4.0878334e-02   3.2834802e-01  -2.0264175e-01   3.9278228e-01  -7.7642976e-02  -2.4519149e-01   1.8732200e-01   2.5884918e-01  -1.7187240e-01   5.9565662e-01   8.7025803e-02  -2.3372395e-01  -3.9378109e-01   2.0579657e-01   8.8294858e-02  -9.3815531e-02  -1.4266685e-01  -1.5027592e-02   2.2224882e-01  -2.0635502e-01   6.2470480e-02   3.1404361e-01   2.3563544e-02   4.9100509e-03   1.7567529e-01  -2.2919714e-01   2.0391042e-01  -1.6221020e-01   5.5904380e-01  -3.9612691e-02   5.6504030e-02   3.7418278e-01  -7.9074038e-02  -2.4100043e-01   2.1375638e-01   2.3801121e-01  -2.1525359e-01  -1.6253252e-01   5.3622088e-02   1.8319456e-02   1.1578862e-01  -2.2132013e-01   1.3888532e-01   1.2825883e-01   1.5359519e-01  -2.7309000e-02  -2.2986378e-02  -1.6715400e-01   9.1252117e-02  -2.6831976e-01  -9.9468630e-02  -3.0521079e-01  -1.3471978e-01  -2.6382918e-01  -1.8621699e-01   4.4140277e-03  -4.9085313e-02   1.1870245e-01   1.0340314e-01   1.8440598e-01  -1.4758314e-01   2.1460617e-01   1.9997301e-01  -2.9392603e-02   4.1629330e-01  -9.3297428e-02  -1.6982735e-01   2.4499992e-01  -6.2605457e-02  -1.2028000e-01   8.5723661e-02   8.2151985e-02   3.7184107e-01   9.8373665e-02   2.4779361e-01  -1.3619531e-01  -1.3641056e-01   2.0832445e-02  -2.6102775e-01   1.7988563e-01   2.3555780e-01   8.8072487e-02   2.3696961e-01  -8.0568109e-02  -1.5211807e-01  -2.8512603e-01   4.6521650e-03  -1.8058380e-01   1.0420125e-01   1.3006726e-01  -3.0569184e-01  -2.1302933e-01   8.5162345e-02   2.7353390e-01   2.8687995e-01  -1.4603433e-01   1.6234768e-01  -1.3810256e-01  -1.8103600e-02   5.8544591e-02   1.0069602e-01   6.6277268e-02  -2.0384483e-02  -1.0378197e-01  -3.8954855e-02   3.5860840e-01   2.5961079e-01   5.8896971e-02   1.4550359e-01  -1.4941636e-01   4.5126393e-01   5.0381920e-01   9.3006096e-02  -8.4474515e-02  -7.1030771e-02  -8.8735108e-02   3.0324664e-01  -1.8942905e-03  -9.9763955e-03   1.4718160e-01   1.9676076e-01  -1.4787689e-01   5.9216637e-02   8.6019045e-02   4.5577993e-01   1.1613873e-03   3.9656957e-01   1.5355860e-01  -2.6050049e-01   3.7512064e-01  -4.6414499e-02  -3.1808685e-02  -7.4844871e-02  -8.9850093e-03  -8.1984106e-02   3.6893601e-01   2.6368267e-01  -1.2392619e-02  -1.5157963e-01  -9.0439403e-02
  -3.1897388e-01   7.3905327e-01   7.0733281e-01  -2.4338851e-01   3.0772408e-01   1.1295762e-01   2.6430029e-01  -1.2828379e-01   1.8657237e-01   5.1092063e-01  -2.3151013e-01   0.0000000e+00  -5.2574372e-02  -1.8766279e-01   4.2223886e-02  -1.5527731e-01   5.7485119e-01  -1.1271435e-01   1.9790501e-01   3.0988288e-01  -3.8939946e-02  -1.8972482e-01  -7.6968731e-02  -2.4275990e-01  -2.8911696e-02   1.3373817e-02   6.8641084e-02  -2.8114640e-01  -5.2989345e-02   2.5470570e-02   5.8998297e-02  -1.6682981e-01   1.0676784e-02   1.8261137e-01   1.8683210e-01  -9.4297238e-03  -9.8042419e-02  -2.9445591e-01  -1.5573394e-01   5.3384628e-01  -1.1742759e-02  -1.2629257e-01   1.3947072e-01   9.4182598e-02  -1.3047140e-01  -5.9843364e-03  -3.0473022e-01   2.6724318e-02  -1.9063749e-01   4.1322155e-01  -2.1070293e-01  -9.6463341e-02   5.9099716e-01  -8.5720447e-02  -1.0341820e-01   1.0451641e-01   1.0060747e-01  -3.2736181e-01  -1.4306398e-01  -8.8725384e-02   1.6026608e-01  -3.1489649e-02   2.5323859e-01   1.9138217e-01   4.5884656e-02  -2.3831055e-01   2.6642167e-01  -1.3242428e-02  -2.3401327e-01   2.7127965e-01   5.5756433e-01  -3.4517896e-01   2.8625425e-02   1.2212658e-01  -9.3989273e-02  -2.1854750e-01  -3.1159349e-01   2.3404548e-02   5.0706005e-01  -2.6010564e-01  -7.7454508e-02  -1.1904567e-01   4.0133801e-01  -6.0771877e-02  -4.2589020e-02  -2.4106814e-01   1.6196905e-01  -1.6097479e-01   3.3312563e-01  -2.1552201e-01   4.7369782e-01   3.4352680e-01   6.0796687e-01  -4.7917140e-02  -3.3495652e-01   2.2805206e-01  -1.7313181e-01   1.5592037e-01   2.5714871e-01  -2.7095880e-01  -9.4267461e-02   6.1595105e-02  -1.5076391e-01   1.4813020e-01  -3.8063082e-01  -1.4415339e-01   1.9517694e-02   2.4110536e-02  -8.3658034e-02   1.5126573e-01   5.0629008e-01  -3.6437014e-01  -1.7713478e-01  -2.9985801e-01  -2.9600193e-01   4.5986105e-01  -1.6522524e-01  -2.1390038e-01  -9.7235632e-02  -2.2908598e-01  -4.3493039e-01   4.0321258e-01   3.6161265e-01   4.5316889e-01  -2.6295986e-01  -1.4486694e-01   1.4191116e-01  -3.6791688e-02  -2.8875406e-01   3.6763969e-01  -7.5087403e-02   2.4019036e-01   3.4506823e-01   2.1660392e-01  -2.7172798e-01  -2.3184063e-01  -1.4407158e-01  -2.5713391e-01  -2.6604648e-01  -2.4472868e-01  -1.0188357e-01  -1.5161816e-01  -3.5491432e-01  -3.2608251e-02   6.1859135e-02  -2.2032672e-01   4.5650527e-01  -1.5248717e-02  -2.5389200e-01  -3.0806090e-01  -1.5626451e-01   1.5943053e-02  -6.7887709e-02   1.9241904e-01   5.9119106e-01  -9.0301663e-02  -4.8014880e-01   3.8549963e-03   1.0851401e-01  -1.7728502e-01  -1.5934687e-01  -2.7485893e-01   2.9389128e-01  -4.1794945e-01  -2.7832257e-01   5.9762912e-01   1.8785437e-01   1.1058071e-01  -2.3179714e-01   4.6834246e-01   4.5616642e-01  -1.5830726e-01  -1.0185600e-01   3.1391494e-02   4.0408194e-03  -8.6757947e-02  -7.2355057e-02
  -8.2601187e-02  -8.5389049e-02  -9.3940369e-02  -1.8182121e-01   3.7778933e-02   1.1578235e-01   1.0230953e-01   3.2933476e-02  -3.4171591e-01   1.4526208e-01   2.7805335e-01  -5.2574372e-02   0.0000000e+00  -8.3411599e-04   1.1000021e-01   4.4039427e-01  -2.1474826e-02   2.0792999e-01  -1.3985370e-01   1.0873610e-01   3.5726145e-02  -3.2438827e-03   1.1605646e-01  -4.1095552e-02   3.2368088e-02  -3.3153843e-02   7.0887663e-04  -7.4487529e-02   8.6819077e-02  -1.2352158e-01  -6.4527793e-02  -2.4348961e-02   2.4498451e-01   6.0211603e-02  -9.0657659e-02   1.0781530e-01  -1.2073680e-02  -1.4446949e-01   3.1797232e-01   1.1550068e-02   5.5115964e-01   9.1348511e-02  -1.6961288e-01  -1.8155999e-01   2.5806482e-01  -1.7256664e-01   4.3077617e-02   1.6601000e-01  -6.1494293e-02  -1.1728975e-01   1.2038627e-01   9.1911071e-02   3.2899085e-02   1.4533190e-01  -4.3871474e-02  -3.0608443e-02  -1.0120971e-01   3.5940743e-02   2.9590832e-01  -9.2496710e-02  -5.7193530e-02   1.4484877e-01  -3.0180972e-02   7.5443386e-02   2.7860254e-01   1.8273335e-01  -3.1270284e-02  -7.6648822e-02   1.0293668e-01  -3.2710335e-02   7.8108494e-02   7.2322993e-02   2.8317535e-01  -3.1013455e-01   7.6782814e-02  -6.6773600e-02  -9.4833611e-02  -1.0107840e-01  -5.3304852e-02   3.4099018e-01   1.2585597e-01   2.4867624e-01  -2.4192504e-02   1.0019707e-01  -2.1630670e-02  -5.3225597e-02   9.2802935e-03  -2.0903744e-02  -1.5779975e-01  -7.9943164e-02   5.3221189e-02  -1.6542383e-02  -1.3274806e-01   9.0057044e-02  -6.5912653e-02   3.4547569e-02   2.9798188e-01  -1.4547251e-01   6.0032176e-02   2.8852442e-01   1.2161694e-01   7.3030778e-02   4.8441281e-02  -1.0550546e-01   1.2575277e-01   6.8353646e-02  -1.6254872e-02   2.8973212e-02   3.8400224e-02  -6.7197045e-03   5.7607804e-02   1.3384505e-01  -1.3322818e-01  -1.0623248e-01   6.9515711e-02  -5.7824041e-02   1.9354863e-03   5.7911331e-01  -1.8772288e-01  -1.0610374e-01  -2.1929062e-02  -2.6973553e-02  -1.1102114e-01   1.2197438e-01  -2.6416922e-01  -1.0779243e-01   2.6682015e-01   2.0187296e-02  -8.2691068e-02   7.0658370e-02   4.7710830e-01   1.7365904e-01  -1.8428957e-01   6.1795668e-02  -2.1256857e-01  -2.2770320e-02   2.8556357e-01   1.4282766e-01   7.5154493e-03  -5.2524567e-02   1.7066226e-02   3.6728109e-01   1.7014340e-01  -1.0194322e-01   6.6478577e-02   6.3478483e-02   7.8706028e-02   1.1396699e-01   1.7533795e-01   2.2759285e-01  -5.0613315e-02   1.2925001e-01  -3.4631477e-02  -6.0846157e-02  -5.9679436e-02   7.1596796e-03   4.5887992e-02   2.3547307e-01  -4.3738469e-03   7.0839230e-02   5.3346656e-02   3.5794593e-02   3.8328276e-02   4.2018208e-02   9.5000993e-03  -7.3712941e-02   1.5898005e-02   5.9567657e-02  -3.9471173e-02  -3.2471818e-02  -8.4966188e-02  -1.0189669e-02  -2.0742067e-02  -2.2985056e-02   1.7369404e-01   3.5417876e-02   2.3521849e-02
   3.5884883e-01  -2.2475913e-01  -4.0857858e-01  -3.6978272e-02  -3.8709781e-01  -7.6035934e-02  -2.0374976e-01  -4.9132951e-02  -9.3720837e-02  -1.3809790e-01  -2.7360629e-02  -1.8766279e-01  -8.3411599e-04   0.0000000e+00   3.5799396e-01   1.0763673e-01  -4.9038075e-01   4.7375954e-02   8.5359056e-03  -3.1632051e-01   2.8865018e-01  -5.5567483e-02   7.4982768e-02   3.9790612e-01   3.1351696e-02   3.6135003e-02  -2.3037440e-01   6.8144527e-01  -1.4668349e-01   3.3066793e-01   3.1100116e-01   1.1830044e-02   3.5488806e-02  -1.5329212e-01  -4.2170623e-02  -3.9159699e-01   1.2104412e-01   3.3161101e-01  -5.7434069e-02  -3.0909443e-01  -3.0106147e-02   1.1379114e-01  -2.7579149e-02   5.8041109e-02   7.4226439e-02  -1.1187831e-01  -4.3848804e-02   2.4635518e-01   1.5564912e-01  -4.0956646e-01   1.0837452e-01   7.9694406e-02  -1.2064793e-01  -2.5398760e-02   6.7297426e-01   8.1648893e-02  -3.6646151e-02   8.2242934e-03   1.0735830e-01   8.2834870e-02  -8.0210144e-02  -5.3043953e-02  -3.2488075e-01   1.9438162e-01   2.4305538e-02  -1.5507029e-01   1.2079345e-01  -7.4141452e-02   6.4545775e-02  -1.8388742e-01  -2.6041383e-01   7.7593466e-02  -8.0491552e-02   2.7486672e-01   5.8205401e-02   1.1555927e-01   1.8727678e-01  -1.1655160e-01  -2.7655741e-01  -7.5330158e-02   2.3599501e-01  -1.1000815e-02  -3.6036961e-02  -9.3888188e-02   6.3012692e-01   1.2694654e-01   2.7646274e-01   4.9713583e-01  -9.2844869e-02   3.5130077e-01  -8.5586267e-02   2.4575735e-02  -3.4533482e-01  -9.7463324e-02   2.0322976e-01  -3.4464539e-01   4.7426295e-02  -1.2271906e-01  -3.2662193e-01  -9.3152403e-03   4.0821848e-01   1.5106419e-01  -1.3966773e-02  -1.9171631e-02   3.3355906e-01   1.9498410e-02   3.0841088e-02  -8.2537909e-02  -2.8819807e-02  -1.9716163e-01  -1.8284713e-01   2.7545862e-01  -2.2659706e-01   3.1087847e-01   4.9285693e-01  -4.0926159e-03  -5.2945370e-02   1.5726749e-01   1.4028676e-01   8.3360198e-02   3.5518693e-01  -1.9307679e-01  -1.8669149e-01   6.5957968e-02   1.8888094e-01   3.3075499e-01   3.1934820e-02   1.4482057e-01  -5.3414162e-02  -2.7475760e-01   2.6600700e-03  -3.7263861e-03   3.4465497e-01   1.3829823e-02  -1.7985892e-02   9.1364252e-02   1.4358825e-01   5.4392111e-01   9.4042541e-02   2.9342330e-01   3.4147843e-01  -5.5947238e-02   4.2230226e-02   3.3790951e-01   2.1354131e-01   4.3651748e-01  -2.1588760e-01  -5.6867032e-02   1.4742899e-02   3.2685999e-01   5.2577882e-01  -7.3241602e-02   3.2751864e-01  -7.1653614e-02  -1.9962138e-01   2.3450727e-01   2.3872720e-01   1.9814836e-02   8.7742117e-02   9.7094448e-02  -1.1267651e-01   2.6398410e-01  -9.2301548e-02   1.2455645e-02  -6.3320765e-02  -9.5448916e-02  -3.6622273e-03   2.2930150e-01   4.2482704e-01  -2.4852482e-01  -2.5134184e-01   1.8252173e-01  -1.6194135e-02   9.4383973e-02   1.1188276e-01  -6.6176226e-02  -2.4876308e-02
