   0.0000000e+00  -4.7051128e-01  -2.4351696e-01  -3.5476317e-01  -2.1812437e-01  -3.7099933e-01  -2.9823136e-01  -3.5724079e-01  -3.6157857e-01  -3.6182788e-01  -2.7441068e-01  -4.9381392e-01   1.0092817e-01   2.2644746e-01  -1.4070393e-01   1.3284723e-01  -3.3911505e-01  -2.8060715e-01  -3.9835175e-01  -2.0975480e-01   8.3696607e-02  -2.1863697e-01  -3.7959823e-01   7.4248518e-01   2.7291180e-04  -4.7740762e-01  -1.7222322e-01   1.0323543e-01  -2.5769370e-01  -2.5219947e-01  -4.6499681e-01  -3.4856801e-01   7.5271899e-02  -9.6744607e-02  -2.1532662e-01  -1.9586938e-01   1.6078156e-01   6.7591450e-01   8.0905554e-02  -2.7956877e-01  -8.5372932e-03   2.6406520e-01  -4.1524102e-01  -3.2016963e-01  -2.6629213e-01   2.0530630e-01  -1.4536448e-01  -2.5229522e-01   8.0972652e-02  -2.1819107e-01  -2.2940667e-02  -3.3128463e-01  -1.9974308e-01   3.3155002e-01   3.7160296e-01  -2.3167134e-01  -3.6585835e-01  -3.1692350e-01  -1.4701316e-01  -2.1410570e-01   3.3589481e-01   2.5623612e-02  -3.1251508e-01  -4.4965410e-01  -2.3360174e-01  -1.4242844e-01  -4.1530838e-01  -1.6647473e-01  -1.4905898e-01   1.3795692e-01  -4.2862860e-01  -1.0619899e-01  -5.3840990e-02   3.2086445e-02  -1.5909335e-01  -3.7615767e-01   5.4141358e-01  -1.3904275e-02  -3.5252387e-01  -5.2559526e-02  -2.9461219e-01  -6.0408773e-02  -4.1472232e-01  -4.2369690e-01   2.1619598e-02  -4.0275356e-01  -7.6431869e-02   6.1011719e-01  -1.9392611e-01   9.3096409e-01  -3.1528956e-01   4.7174895e-01  -4.3174510e-01  -4.8434360e-01   6.4973123e-01  -2.4735221e-01   1.0198301e-01  -3.8800130e-01  -3.4082706e-01  -7.7957762e-02   2.9685815e-01  -2.7309959e-01  -2.8025645e-01  -5.1436554e-01  -1.9702872e-01  -4.5008439e-01   3.3340533e-01  -3.6972162e-01   8.4530041e-02  -1.7612790e-01  -4.4986230e-01  -1.3192397e-01   9.4342722e-03   9.5098197e-01   5.0788206e-01  -3.7864472e-01  -9.1491192e-02  -5.6657058e-02   2.8376867e-01  -3.2299411e-01   8.0305992e-01  -2.2489389e-01  -3.8123162e-01  -3.8007870e-01   6.6431733e-01   3.2139030e-02  -4.6678880e-02   1.1142110e-01  -3.6887464e-01  -2.1075282e-01  -3.7906062e-02  -4.6257472e-01  -2.6471539e-01  -6.0039122e-02  -3.0790322e-01  -2.9974929e-01   7.7638191e-02   7.4141153e-02  -4.0327095e-01   8.0383753e-01   6.4042146e-01   1.0268277e-01  -1.9814323e-01   1.9897590e-01  -2.2447891e-01  -3.6752002e-01  -3.6848201e-01  -3.0383404e-01  -4.7176623e-01  -2.6916421e-01   6.5708683e-01  -4.4660737e-01   7.2294999e-01  -3.9057932e-01  -3.4822445e-01   8.6390575e-01   6.6378913e-01  -1.9368095e-01   1.0938953e-01  -3.6633338e-01  -2.2178190e-01  -3.3829394e-01  -3.3713708e-01  -3.4767715e-01  -4.0894592e-01  -3.0792096e-01  -4.1621897e-01  -2.4187179e-01   7.7088627e-01  -3.8180033e-01  -3.8836362e-01   6.5686011e-01  -3.7248165e-01  -2.6977731e-01  -6.1444182e-02   1.7173029e-01  -4.2185701e-01
  -4.7051128e-01   0.0000000e+00   2.6341201e-01   9.3340795e-02   4.6860480e-01   2.5215433e-02   8.1083989e-04   3.2078478e-01   3.1288286e-01   2.2006768e-01   3.5446366e-02   6.0381766e-01  -3.1162215e-02  -3.2811003e-01  -1.0735114e-03  -2.0258990e-01   5.7686856e-01   5.1526216e-02   3.2860811e-01   2.4949600e-01  -3.3836898e-01  -1.1385034e-01   7.7355064e-02  -4.4317734e-01  -1.5173428e-01   3.1110480e-01   2.9695294e-02   5.7620773e-03   1.7986084e-01   2.5122378e-02   4.8316168e-01   1.7637034e-01  -9.9808226e-02  -2.1592229e-01   1.4489967e-01   2.4449049e-01  -2.9276473e-01  -3.3183873e-01  -1.4878770e-02   1.9403796e-01   2.0108335e-02  -3.2198774e-01   6.2285898e-01   4.4588739e-01   2.9239576e-01  -4.5186144e-02   2.5220939e-03  -1.1489335e-02  -1.5432609e-01   2.5599363e-01  -2.2174689e-01   1.1012537e-01   1.1653996e-01  -3.4671488e-01  -4.2705284e-01   2.5997692e-01   1.1623148e-01  -1.0731393e-02   6.3361548e-02   4.2515141e-02  -1.4257517e-01  -3.1124298e-04   3.4725667e-01   8.6625869e-01   3.5062242e-01  -9.6183215e-02   4.5695114e-02   9.9376824e-02  -9.8814439e-02  -2.5886379e-01   5.3546441e-01  -1.5699085e-01   1.2765639e-01   1.4718617e-01   2.2193450e-02   2.3571905e-01  -3.6479891e-01   2.3741102e-01   6.9619624e-01   2.7429184e-02   1.2314150e-01   4.1887546e-02   5.8779311e-01   4.5499325e-01   3.4923817e-01   1.7286926e-01  -3.3561369e-02  -2.4415830e-01   1.0656394e-01  -4.8998984e-01   4.5903356e-01  -4.1275493e-01   6.7355042e-01   4.3034423e-01  -3.9036160e-01   2.7737032e-01  -2.5726798e-01   2.5666691e-01   3.9623149e-01  -1.1791310e-01  -3.3315366e-01   2.7945313e-01   7.0872810e-02   4.4214882e-01  -1.5587403e-01   1.3630154e-01  -2.7062817e-01   2.0247006e-01  -3.5971383e-01   4.0936165e-01   5.1885993e-01  -2.8433768e-01  -4.1962261e-02  -5.1812169e-01  -2.7457588e-01   7.7993772e-01  -3.6725459e-02  -1.6014213e-02  -2.6075920e-01  -6.4894080e-02  -4.8803796e-01   3.4041175e-01   5.3168867e-01   5.4115926e-01  -4.3241487e-01  -1.2107135e-01  -1.3067015e-01  -1.9554534e-01   3.4095210e-04   2.6119429e-01   1.6800509e-02   5.0187199e-01   5.8669837e-01  -2.0313978e-01   1.8133946e-01   2.7300897e-01  -2.7968176e-01  -8.4814827e-02   2.8007828e-01  -4.0522309e-01  -4.6391289e-01  -1.8933054e-01   2.1156847e-01  -3.9550694e-01   3.9765357e-03   2.2576464e-01   2.0202235e-01   5.4443419e-01   5.7812108e-01   3.1530877e-01  -5.8421127e-01   3.8904701e-01  -4.9096321e-01   6.2848208e-01   5.0523605e-01  -4.0406622e-01  -4.9580062e-01   7.2962811e-02  -1.8361619e-01   1.5934447e-01   2.3331517e-01   5.5948013e-01   4.1162549e-01   2.5644888e-02   2.3021201e-01   5.6281059e-01   4.5122859e-01   2.2553198e-01  -4.8703253e-01   7.5665678e-01   4.2603862e-01  -4.6803118e-01   6.1933610e-01  -7.6411358e-02   2.4815366e-02  -3.5217576e-01   1.2510576e-01
  -2.4351696e-01   2.6341201e-01   0.0000000e+00  -2.1668013e-02   1.8768344e-01  -8.8748244e-02   1.7852623e-01  -1.1826118e-01   1.4659466e-01   2.9359940e-01  -8.7736100e-02   4.2103235e-01   1.7660519e-01  -1.7740254e-01   8.9798311e-02  -1.2505753e-02   7.8331019e-01  -7.7469381e-02   1.9537689e-02   3.5344270e-01  -7.2743055e-02  -7.9133897e-02   3.2350334e-01  -2.7437841e-01  -1.4274728e-01  -1.1118796e-02   4.7456417e-02  -1.7411587e-01   1.6733899e-01  -8.0028488e-02   1.3920341e-01   5.1135452e-02   6.7134273e-03   1.0486587e-01  -1.7369558e-02   3.0908358e-01  -5.9845448e-02  -1.4203708e-01  -5.2836642e-02   7.0164001e-01   1.1054181e-01  -4.4458683e-02   2.9341669e-01   1.0696245e-01   2.3618509e-02   4.7584053e-01  -4.6724116e-02  -1.5954365e-01  -4.1135411e-02   6.9564497e-01  -9.3381041e-03  -6.2177373e-02   1.9674677e-01  -7.5098681e-02  -2.2768097e-01   2.4720712e-01  -1.9850434e-01   3.1929408e-02  -2.1198773e-01   8.4806193e-02   3.9163817e-01   6.8437814e-02  -6.8367302e-02   1.3589805e-01  -2.8806733e-01   5.8152171e-02  -1.4595594e-03  -2.9183064e-01  -2.5056711e-01   6.5341117e-01   2.1543139e-01  -4.3807605e-02  -2.8560825e-02   3.7066509e-01  -9.3056255e-02  -5.8182598e-02   4.5511337e-02   2.7504008e-02   4.0630194e-03  -2.2052711e-01  -1.3691344e-01  -2.4339939e-02   2.5644912e-01   7.2301598e-02   4.0632433e-01  -1.3891786e-01  -1.4488509e-01  -2.3579819e-01  -1.5779608e-01  -2.5845729e-01   4.7130857e-03   2.7036885e-01   2.7998894e-01   1.5588419e-01  -1.3135740e-01   3.8008276e-01  -4.1379731e-02  -1.1909411e-01   1.2927805e-01   7.7201967e-02  -1.0951321e-01   8.1322549e-02  -1.3982282e-01  -5.2598144e-03  -2.6823761e-01  -2.4206585e-02  -1.1938580e-01  -9.7054489e-02   1.1140667e-01  -1.1064838e-01   3.1202856e-01  -2.4206076e-01  -2.2658720e-02  -2.7075876e-01  -1.8976908e-01   4.0884711e-02   3.6810213e-02   7.5370533e-02   8.6964822e-02  -1.6004392e-02  -1.8119645e-01   2.3298663e-01   2.1775416e-02  -1.0458451e-01  -8.1742514e-02   2.6356117e-02  -2.8690142e-01  -2.0567721e-01  -4.1672967e-02   7.0672682e-01  -1.5525969e-01   1.9302438e-01   2.9427397e-01  -1.2663780e-01  -3.7080440e-02  -1.9094318e-01  -8.9498841e-02  -1.5551492e-01  -5.7682815e-02  -2.0975293e-01  -2.1116040e-01  -1.7748336e-01  -2.1636394e-01   2.5041994e-02  -1.2672086e-02  -3.3372977e-01   4.8376666e-01   2.1130583e-01   7.8565490e-02  -2.2037892e-02  -7.1690822e-02   1.7699966e-01  -1.6916868e-01   6.7346244e-02   7.4991251e-01  -2.1074478e-01  -5.4190879e-02  -1.4547215e-01   2.9158537e-01  -3.9586631e-02  -1.3956084e-01   1.3852258e-02   2.2813147e-01  -4.1203417e-01   9.6859533e-02   8.5105248e-02   1.6808837e-01   6.3349816e-02  -1.7680916e-01   2.6775318e-01   1.1701396e-01  -1.7227846e-01  -1.1708123e-01  -7.6673893e-02  -9.2520958e-02  -6.1120842e-02   4.1974207e-02
  -3.5476317e-01   9.3340795e-02  -2.1668013e-02   0.0000000e+00   1.8650157e-02   4.6563518e-01   8.9791063e-02   3.2510397e-01   5.4928223e-01   1.1971088e-01   1.0121904e-01   6.8183957e-02  -3.2843472e-01   1.1572553e-01   6.1866363e-02  -3.9712818e-01   3.7079681e-02   1.9488516e-01   3.0081566e-01   5.3147360e-02   1.3033558e-02   5.9466306e-01   6.6324124e-02  -1.9207054e-01   2.4420642e-02   4.5813873e-01   2.8897731e-03   1.1242218e-01   1.1514185e-02   1.7022868e-01  -1.5156636e-02   5.8471576e-01  -2.8845017e-01  -6.3052159e-02   2.2915229e-01  -4.9812431e-02   9.6933060e-02  -4.3842553e-01  -4.2347347e-01  -5.4070380e-02  -1.4067489e-01  -4.3660796e-01   1.6013702e-01   2.4790023e-01   1.9400632e-01  -2.3528386e-01   1.2131697e-01   2.3254628e-01   1.3090526e-02  -2.0138472e-01   1.8724758e-01   4.2558341e-01   8.3185123e-02  -2.6127941e-01  -9.5952290e-02   1.2309711e-01   3.3835849e-01   6.9187864e-01   2.0647209e-01   2.4977138e-01  -1.4300043e-01   3.1505035e-02   2.3154647e-01  -1.2912060e-02   1.4717688e-01  -3.7691178e-02   4.3805172e-01   1.4167815e-02   3.9243292e-01  -1.7233660e-01   1.5225834e-02   4.0649114e-01  -1.1986816e-01  -2.4085329e-04   7.0685521e-02   5.3534161e-01  -4.3753444e-01   1.8218477e-01   7.2435927e-02   5.4230529e-03   3.4211464e-01  -1.8300521e-01  -1.7966470e-02   3.2866230e-01   2.4128377e-03   4.4165923e-01   1.2265887e-01  -7.4773179e-02   1.3222376e-01  -3.2531971e-01   6.6897945e-02  -2.9996142e-01  -8.5050890e-02   4.2971273e-01  -5.1148545e-01  -5.2627413e-02   2.6858342e-01   3.5683639e-01   2.2361379e-01  -2.8836856e-02   8.6304701e-02   1.5420694e-01   4.2768457e-01   4.8402264e-01   4.5359586e-01   6.3635009e-01  -3.5088692e-01   4.8070944e-01   1.9909747e-01  -5.5227926e-02   3.5044249e-02   4.7273240e-01   5.8727645e-01  -4.0132404e-01  -4.8136223e-02   9.2454401e-02   2.8478991e-01  -1.3449787e-01  -2.1652121e-02   7.3255147e-01  -3.3600320e-01   3.3200636e-02   1.0245543e-01   2.0302707e-01  -2.0709556e-01   2.7007634e-01   3.0104087e-01  -1.2216578e-01   7.1235293e-01  -7.9205458e-02  -3.9636907e-01  -5.8531050e-02   1.7129923e-01   1.3998173e-01   4.8435957e-01   2.6359406e-01  -1.0871718e-01   1.3715061e-01   3.3070188e-01  -3.6799050e-01  -2.5276080e-01  -3.1017157e-01   2.3059698e-01  -4.9714728e-02   1.0849266e-01   1.7513540e-01  -3.3033870e-02  -3.5929767e-02   1.3799707e-02  -4.2644977e-02  -1.0891675e-01   3.5241972e-01  -1.9640011e-01  -4.6379131e-02  -1.1496468e-01  -3.1768601e-01  -2.8742682e-01   6.3999462e-02  -8.5259640e-02   4.1397326e-01   2.1797183e-04   1.2098550e-01   4.7152704e-02   3.9239259e-01   6.5922825e-01   6.4442117e-02   1.2700790e-01   3.9969970e-01  -2.5592328e-01   2.3362788e-02   6.9383302e-02  -4.3144199e-01   2.4061942e-01   4.2427972e-01   2.6774928e-01  -2.7339423e-01   6.3835318e-01
  -2.1812437e-01   4.6860480e-01   1.8768344e-01   1.8650157e-02   0.0000000e+00  -9.3082907e-02  -7.9187745e-02  -2.3711366e-02   2.3666301e-02  -4.6020988e-02  -1.2251373e-01   2.3689120e-01   1.3928870e-01  -3.8599703e-01  -3.7313887e-01  -9.4252554e-03   4.2871274e-01   3.4426945e-01   5.7107217e-02   7.4333010e-01  -1.7922385e-01  -1.7296633e-01  -6.1053275e-02  -2.9938311e-01  -6.9981476e-03   1.0317161e-01  -2.0254116e-01  -1.1120299e-01   1.8733403e-01  -6.9098016e-02   5.7874788e-02   8.4223663e-02  -8.7295597e-02  -6.8606027e-03  -4.7704987e-02   6.6238152e-01  -1.2379803e-02  -3.7840442e-02   1.7862233e-01   2.1487325e-02   2.1181688e-01  -2.2128983e-01   1.0356420e-01   1.5741976e-02   1.9295491e-01   1.5798830e-01   3.3429377e-01  -2.0200647e-01   1.7625915e-01   2.0066092e-01   1.0186313e-01  -8.8929569e-02   2.9321611e-01  -1.2023260e-01  -3.4676513e-01  -4.4515031e-02  -8.4300766e-02  -6.5059796e-02   1.1339556e-02   7.9435877e-02   1.1461013e-01   3.1081294e-01  -6.1379929e-02   3.8166570e-01  -3.6575086e-02   1.8755441e-01  -1.2943754e-02  -3.0536543e-02  -1.9484828e-01  -8.7242222e-02  -4.8259365e-02   2.2123301e-01   1.7991966e-01  -1.4671308e-01   4.9028940e-02   3.2046832e-02  -1.3793880e-02   2.3297540e-01   7.4367024e-01   4.0193041e-02  -1.6534733e-01   1.8035945e-01   1.9416491e-01   1.5310393e-01   6.9495095e-02  -7.5575268e-02  -2.6110587e-01  -2.2090857e-01  -1.6060497e-01  -2.7061629e-01   6.5031794e-01  -8.7237902e-02   5.9620706e-01   1.1118676e-01  -7.3413174e-02   5.9571099e-01  -4.4289187e-02   4.1230403e-03   6.0194002e-01  -2.5472383e-02  -4.2998073e-01  -4.6443316e-02  -1.6770864e-02   3.9526286e-03   3.7862218e-02   8.4694986e-04  -1.5006399e-01  -2.2529930e-02   4.0211858e-02   4.4197113e-01   1.4785385e-01  -3.0527046e-01  -4.6561577e-02  -2.4824945e-01  -2.4499774e-01   5.4947023e-01  -4.0343246e-02   2.1115352e-01  -1.1859487e-01   9.9016305e-02  -1.9663669e-01   8.8784499e-01   2.1742004e-01   2.2463773e-01  -1.1422344e-01  -2.0725892e-01   7.3937517e-02  -3.3109081e-02  -1.2083410e-01   3.1773479e-01   1.0690970e-01   3.7904389e-01   3.6891152e-01  -3.0434644e-01   2.1702109e-02  -6.0235388e-02  -2.0996438e-01  -2.4589474e-01  -2.3967988e-02  -1.1875478e-01  -3.7985379e-01  -2.6434797e-01   2.4966770e-01  -2.7810337e-01  -1.0633473e-01  -1.0557280e-01  -1.3757912e-01   6.2557394e-01   4.9270926e-01  -1.2539601e-01  -3.9899307e-01   1.0841680e-01  -1.8611052e-01   5.0715627e-01   2.3681290e-01  -1.8418994e-01  -2.2902142e-01   7.9667765e-02   3.7133121e-02  -2.6536989e-02   4.2575363e-02   1.4794039e-01   2.6707823e-01  -8.3523980e-02   7.8207704e-03   5.9296165e-01   2.8621280e-01   4.0933915e-02  -2.2502162e-01   5.5586432e-01   3.8508537e-01  -1.3028795e-01   4.3967755e-01  -1.2450433e-01   1.4801644e-01  -1.8068707e-01  -9.6487146e-02
  -3.7099933e-01   2.5215433e-02  -8.8748244e-02   4.6563518e-01  -9.3082907e-02   0.0000000e+00   5.7871304e-02   6.9409402e-01   5.2155775e-01  -1.6744641e-01   2.2052913e-01  -1.2212044e-01  -2.8507435e-01   2.5851108e-01   5.5656382e-03  -4.4817827e-01  -1.0697716e-02   2.0709613e-01   6.2287120e-01  -2.3307686e-01   2.4075883e-01   4.4491956e-01  -1.1392646e-01  -7.2888330e-02  -1.5087140e-01   7.4476604e-01   3.2794579e-01   5.0694824e-01  -3.7432313e-02   2.3766429e-01   9.9314517e-02   5.6202146e-01  -3.6805143e-01   3.5976028e-02   1.7531403e-01  -2.0827952e-01   2.4902566e-03  -5.9949371e-01  -4.7791537e-01   3.8647892e-03  -1.5525769e-01  -4.5085851e-01   2.4994016e-01   4.1647719e-01  -1.0847058e-01  -1.8688915e-01   1.5722020e-01   5.7736535e-01  -1.1524903e-01  -1.8959572e-02   5.6290613e-02   7.2632106e-01   1.5592791e-01  -2.9579134e-01  -2.6187833e-01   2.0024725e-01   8.0559740e-01   6.2122855e-01   4.1763554e-01   2.3268921e-01  -3.3351552e-01  -1.3280757e-01   2.7880954e-01   1.2164007e-01   2.1140772e-01  -2.4347259e-01   8.6268531e-01   1.4977162e-01   6.6124726e-01  -1.4284038e-01   1.1763813e-01   1.1335992e-01  -2.2174644e-01  -1.0313852e-01   1.3177012e-01   6.4287152e-01  -6.3071070e-01   2.5412337e-01   4.8420816e-02  -1.2866277e-01   7.9615496e-01  -2.6651159e-01   8.3472632e-02   6.4364717e-01  -2.2937698e-02   6.6441335e-01  -1.3502345e-02  -2.2409409e-02   3.4300611e-01  -2.8299652e-01   1.4485821e-01  -4.3937343e-01  -6.1484763e-02   5.3988493e-01  -6.0295658e-01  -2.4929962e-01  -1.2312269e-02   6.0483075e-01  -3.9024189e-02  -1.6041489e-01   2.6543772e-01   2.2325341e-01   6.9508126e-01   5.3392345e-01   4.4701272e-01   5.6823196e-01  -4.0757483e-01   7.4040236e-01   2.4699890e-02   1.5731433e-01  -5.4639265e-02   5.6004841e-01   2.0700751e-01  -3.6327990e-01   1.8934552e-01   1.7640920e-01   3.6257545e-01  -2.2899031e-01   2.1596593e-01   4.3104881e-01  -3.8785045e-01  -1.1693640e-01   2.9223586e-01   4.0589550e-01  -2.7171422e-01   3.7724655e-01   2.8476411e-01  -3.0963900e-02   6.4925623e-01  -2.5419945e-02  -1.1078916e-01  -2.5619117e-03   6.8255369e-02   3.8266885e-01   6.1561831e-01   6.2801000e-01  -1.9330975e-01   5.9938229e-01   7.2280556e-01  -4.4975849e-01  -1.0550750e-01  -1.2628890e-01   3.7196036e-01   1.3550630e-01   2.1888287e-02   3.6512343e-01  -1.4725646e-01   5.6144410e-02  -5.7775116e-02   5.5659599e-02  -9.6326885e-03   6.6484848e-01  -2.8760452e-01   5.2308462e-02  -7.9119228e-02  -3.1118228e-01  -4.9086337e-01   3.0478044e-01  -1.3246228e-01   7.4450989e-01   1.6158807e-01   3.0046294e-01   7.5353526e-02   4.3345474e-01   6.7184967e-01  -3.8895406e-02   1.0166091e-01   5.3891346e-01  -3.4777797e-01   1.0144647e-01   1.0061894e-01  -5.5317617e-01   9.1709503e-02   8.2312589e-01   2.4597057e-01  -5.2709884e-01   7.2818513e-01
  -2.9823136e-01   8.1083989e-04   1.7852623e-01   8.9791063e-02  -7.9187745e-02   5.7871304e-02   0.0000000e+00  -1.0154469e-01  -4.2089490e-02   3.4769060e-01   4.4697907e-01   5.4522934e-01   2.0089715e-01  -2.6411684e-01   4.4009535e-01   8.5159308e-02  -6.0764581e-02   2.3908454e-01   1.4602447e-02   2.5652574e-01   2.0704412e-01   7.7157752e-03   4.1999520e-01  -4.6649993e-01  -2.4295308e-02  -6.2527578e-02   7.7287987e-02  -2.7861190e-01   3.3180826e-01   4.3193436e-01   1.1708733e-01  -1.5097448e-01  -2.0785071e-01   5.9024369e-01   4.5065319e-01   3.5794589e-01   2.2523555e-01  -1.2478820e-01  -4.8241505e-02   3.9762917e-01   2.1935405e-02  -2.0932537e-01   1.4602878e-01   3.0572794e-02   5.7092340e-01  -1.4167457e-01   1.3215599e-01   2.9167716e-01  -6.4297104e-02  -3.7133601e-02   4.8752680e-01  -1.2387266e-01   3.0968947e-01  -3.7223002e-01  -7.9318794e-02   5.3208995e-01  -7.3385187e-02  -1.0010153e-01   6.6586688e-02   4.3855206e-01  -3.4313723e-01   3.7759640e-01  -9.1947996e-02  -1.0702553e-02  -1.9404813e-01   3.7494550e-01   6.5725685e-02  -8.8378045e-02  -1.1978621e-01   2.8268867e-01   2.8386301e-01   3.6603528e-01   6.1739465e-02   1.8351310e-01  -2.0211739e-01  -3.5478683e-02  -1.0274402e-01  -2.8892603e-01  -2.6562695e-02  -4.0639146e-02   3.2637100e-02   9.0545727e-02   1.9793528e-01  -1.1843277e-02   5.5423822e-02   7.9567242e-02   1.2003928e-02  -2.7020909e-01   6.3697362e-02  -3.0914938e-01  -2.9449424e-01  -2.9040578e-01   1.1469225e-01   7.7236474e-02  -8.4900946e-02   2.4076337e-01   6.7453266e-02  -4.1049560e-02   9.1241230e-03   5.1160258e-01  -8.3324266e-02   4.0315874e-01  -3.6100550e-02  -2.5375433e-02   4.2581877e-02   2.2108756e-02  -2.5608364e-01  -1.4108534e-01   3.6129120e-01  -1.7528912e-01   5.4723658e-01  -3.3763619e-04   4.8457545e-02  -2.4469553e-01  -2.0902741e-01  -1.3563109e-01   1.2641319e-01   1.2592054e-01  -2.3524018e-01   2.2350653e-02  -3.6302253e-01  -4.1818717e-02  -3.0134772e-02  -1.5697654e-01  -2.4854296e-01   2.2300251e-02   3.8495181e-01  -2.0862700e-01  -9.2233904e-02  -9.7696661e-03   5.1497101e-02   5.0263492e-01  -2.5564750e-01   5.9765585e-02  -4.8141092e-02  -7.9577875e-02  -8.5547758e-02  -1.4154190e-01  -1.4959205e-01  -2.2582232e-01  -4.0139865e-01   3.5643072e-02   1.7541839e-01  -7.0462602e-02   6.0476634e-01   9.2363757e-02   7.1229322e-01  -3.0902594e-01   2.6679867e-01   6.4004936e-02  -1.2698838e-01  -5.3003701e-02  -3.5596077e-01   4.9492661e-03   1.9362752e-01  -2.9930745e-01  -2.4284923e-01   1.8435810e-01  -4.0134151e-01  -1.1159378e-01   2.0407244e-01  -5.4934639e-02  -1.3311898e-01  -5.4109993e-02  -8.5749888e-02   1.0844200e-01   3.5558520e-01  -1.7240635e-01  -3.9906349e-01  -8.9993044e-02   5.4112127e-01  -7.5210929e-02  -1.5693506e-01  -5.2202819e-02  -1.0039066e-01  -1.9169193e-01   2.7694511e-02
  -3.5724079e-01   3.2078478e-01  -1.1826118e-01   3.2510397e-01  -2.3711366e-02   6.9409402e-01  -1.0154469e-01   0.0000000e+00   4.7199457e-01  -1.3634548e-01   2.8700152e-01  -1.0170014e-02  -2.7377054e-01   2.3414935e-01   1.1330912e-01  -4.6827672e-01   1.2413134e-01   2.0551954e-01   6.1856422e-01  -3.5194254e-01   9.4094040e-02   3.3814103e-01  -4.9845245e-02  -1.2520670e-01  -1.0999377e-01   7.2652074e-01   1.3422402e-01   5.5322597e-01  -1.3491441e-01   1.6974209e-01   3.6757800e-01   4.9513068e-01  -3.8005444e-01  -1.1399831e-01   4.5073174e-02  -3.3841487e-01  -2.6660608e-01  -6.4233660e-01  -3.8920426e-01  -1.6842375e-01  -1.4016159e-01  -5.5653337e-01   4.0257809e-01   6.5456764e-01  -1.1119977e-01  -3.3893870e-01  -3.5056398e-03   6.2584523e-01  -1.8581796e-01  -2.4750100e-02  -1.4213784e-01   8.1944293e-01   1.0429675e-01  -3.7842216e-01  -2.1737431e-01   3.2735296e-01   6.2201487e-01   3.8124454e-01   3.8553803e-01   6.2724775e-02  -4.0778065e-01  -1.4367953e-01   4.7228325e-01   4.6937355e-01   3.0248128e-01  -2.9006242e-01   6.5674176e-01   8.1470695e-02   6.2904905e-01  -4.2267683e-01   3.3886872e-01  -1.6541286e-01  -8.5483408e-02  -2.5461001e-03   1.6782958e-01   7.7285026e-01  -7.2766525e-01   3.3308494e-01   2.6953693e-01  -1.0946108e-01   8.0373424e-01  -2.0497604e-01   3.0119226e-01   7.2331852e-01   1.5572056e-01   7.3831163e-01  -5.2892737e-02   1.0972114e-01   4.5678299e-01  -3.0259874e-01   2.2927903e-01  -5.5121702e-01   1.5222474e-01   5.1377879e-01  -6.6385837e-01  -2.9786449e-01  -1.9459516e-01   6.0737380e-01   6.8507885e-02  -3.2281430e-01   3.2619414e-01   3.0203650e-01   7.4653517e-01   6.2222643e-01   2.8515571e-01   5.2828877e-01  -3.8663273e-01   7.1240767e-01  -3.0136618e-01   3.1606980e-01   1.3912469e-01   3.1552067e-01   8.9948422e-02  -3.9828495e-01   2.3965628e-01   4.0571133e-01   2.8655058e-01  -1.0111284e-01   1.6239796e-01   1.5575161e-01  -4.9654107e-01  -9.6549023e-02   5.5008465e-01   5.2330662e-01  -4.2783058e-01   2.8612603e-01   1.3585902e-01  -1.4539866e-01   4.7139141e-01   2.7340243e-02   2.5042019e-02   8.9076362e-02   3.4637931e-01   3.9076175e-01   5.6329282e-01   8.6031516e-01  -3.4851357e-01   6.9751851e-01   8.3692588e-01  -4.8617212e-01  -1.0869295e-01  -4.9131723e-02   4.2186510e-01  -5.2795925e-02   3.9045200e-02   5.1214551e-01  -2.1414608e-01   2.8268021e-01   1.3079818e-01   1.9966760e-01  -1.1824622e-01   7.7715659e-01  -3.6138975e-01   2.0776972e-01  -3.4667774e-02  -3.5751524e-01  -6.0611779e-01   2.5108914e-01  -2.0006886e-01   8.0573518e-01   1.7386404e-01   5.1360528e-01   2.2214164e-01   4.4460638e-01   4.9216145e-01   1.1237069e-01   1.1588081e-01   5.0958893e-01  -3.8510742e-01   3.6798534e-01   5.9135322e-02  -6.6354119e-01   2.1714875e-01   6.1077063e-01   1.9950186e-01  -5.9444206e-01   5.7781031e-01
  -3.6157857e-01   3.1288286e-01   1.4659466e-01   5.4928223e-01   2.3666301e-02   5.2155775e-01  -4.2089490e-02   4.7199457e-01   0.0000000e+00   9.9650097e-02   1.1316505e-01   8.9019295e-02  -1.7145132e-01   3.0896886e-01   9.0113094e-02  -4.4770180e-01   2.6634957e-01  -5.3654216e-03   4.1345748e-01  -1.0373633e-01  -1.2928346e-01   3.9102017e-01   9.5975900e-02  -4.0703916e-02  -6.5091238e-02   5.6676095e-01   1.2111362e-02   3.5227376e-01  -4.1397978e-02  -6.8481023e-02   9.0954458e-02   5.3527400e-01  -2.2327518e-01  -9.7674690e-02   9.8122780e-02  -1.5477324e-01  -7.7517746e-02  -5.1447323e-01  -3.6762933e-01   1.2963600e-01  -7.9954528e-02  -3.3917665e-01   5.1122938e-01   3.0783900e-01  -3.5959666e-02  -5.8328370e-02   3.4410138e-04   1.4958443e-01  -1.2350047e-01  -2.3383314e-02  -5.2084071e-02   5.1589781e-01   6.6305671e-02  -3.0301964e-01  -3.2615701e-01   1.7728954e-01   4.9958049e-01   7.3134702e-01   8.5280216e-02   1.9159116e-01  -9.2432516e-02  -1.0409758e-01   6.7671903e-01   1.8167797e-01   9.3909484e-02  -2.0297526e-01   4.6400841e-01   6.5145845e-02   3.5484558e-01  -1.2830561e-01   9.0401404e-02   5.5804983e-02  -6.3449235e-02   6.2152887e-02   2.1117621e-01   5.2145171e-01  -5.0691500e-01   3.6171808e-01   8.4426937e-02   7.3363900e-02   4.7992739e-01  -2.1815673e-01   1.1111904e-01   5.2473331e-01   8.5926192e-03   4.4537658e-01   3.2168249e-02   1.4411959e-02   4.4056894e-01  -3.0752138e-01   1.1928108e-01  -3.3303859e-01   6.4539389e-02   7.9636610e-01  -5.2153375e-01  -4.4382098e-02   4.5939786e-03   3.8465202e-01   4.5809793e-02  -2.2727908e-01  -3.7173478e-02   2.2781535e-01   3.9131366e-01   6.9599622e-01   2.1249576e-01   3.6688134e-01  -3.0441853e-01   5.1361875e-01   2.4901652e-02   5.1360531e-02   1.1161485e-01   2.0609812e-01   4.6984448e-01  -3.9445269e-01   6.6927832e-02   2.5413378e-01   2.9742417e-01  -1.2172337e-01   7.8822588e-02   3.4426739e-01  -3.2516724e-01   7.6738191e-03   3.8780784e-01   2.8542342e-01  -2.0271650e-01   4.1624579e-01  -2.6494467e-02  -5.6577333e-02   7.3603899e-01   8.8376689e-02  -2.0776715e-01  -5.1189635e-02   4.0918350e-01   1.0220060e-01   7.5702258e-01   4.2774266e-01  -1.7918083e-01   2.8927858e-01   5.5406870e-01  -4.0908909e-01  -4.9731965e-02  -3.1756748e-01   2.1540635e-01  -2.3402898e-02  -4.7562238e-02   8.2386895e-03   2.1744828e-02   2.3539680e-01   2.3330064e-02  -5.3274807e-03  -2.5757891e-01   6.1674828e-01  -2.7713688e-01   3.6552904e-02   1.2939975e-01  -2.2637045e-01  -3.4008861e-01   6.1199672e-02   3.0224475e-02   4.7753508e-01   2.2693368e-01   2.9955035e-01   1.2568347e-01   1.5661636e-01   7.2715242e-01   6.7103925e-02   1.6713034e-01   4.8380463e-01  -3.2227278e-01   2.3557515e-01   6.5744645e-02  -4.8440752e-01   2.3485912e-01   4.5415324e-01   1.6718218e-01  -4.3828643e-01   6.7518823e-01
  -3.6182788e-01   2.2006768e-01   2.9359940e-01   1.1971088e-01  -4.6020988e-02  -1.6744641e-01   3.4769060e-01  -1.3634548e-01   9.9650097e-02   0.0000000e+00   1.0768932e-01   5.5890453e-01   9.3518041e-02  -2.2655556e-01   4.0178384e-01   2.5073534e-02   1.6312990e-01   1.0690579e-01   8.3960979e-02   1.1906660e-01  -7.1898664e-02   2.6953184e-03   6.5457272e-01  -4.0269706e-01   9.2403606e-02   2.4706197e-02  -7.6935486e-02  -2.0343080e-01   1.9943640e-01  -2.7288610e-02   3.2537821e-01  -7.6331453e-02  -1.4036789e-02   7.5122631e-02   1.7337757e-01   5.8370825e-02   1.8920269e-02  -2.1375279e-01   5.0130314e-03   3.4164098e-01   9.2107197e-02  -6.7997079e-02   3.0275016e-01   8.4764145e-02   2.5067031e-01  -7.8049234e-02  -2.3423297e-01  -1.1060710e-02  -1.2089982e-01   4.1867662e-02   2.4612369e-02  -5.9139113e-02   9.8282749e-03  -1.7530760e-01  -3.0131864e-02   2.6964813e-01  -5.1334465e-02  -7.7986324e-03   6.9527427e-02   5.5212836e-02  -2.2771177e-01  -1.5527434e-01   7.5044205e-02   1.6506272e-01  -4.3249074e-02   2.0926536e-01  -2.2973760e-02  -2.2083099e-01  -2.3845675e-01   1.2496642e-01   4.2621806e-01  -1.3604012e-02   1.4023034e-01   3.7904603e-01  -5.4929705e-03   1.9761971e-02  -1.2721343e-01  -1.0308187e-01  -2.0412061e-02   3.6887102e-02  -9.8859462e-02   1.2758137e-01   3.5990773e-01   8.3444147e-02   1.9304821e-01   4.2312055e-02   2.0817871e-01  -2.4182755e-01  -5.7775266e-02  -3.5865529e-01  -2.4059282e-01  -1.9242928e-01   3.0776704e-01   1.6328235e-01  -2.1991399e-01   2.6443045e-01  -9.4881849e-02   2.2499675e-02   2.7659742e-03   2.6716107e-01  -2.1531467e-01   2.9185013e-01  -7.8430998e-02   8.6436137e-02  -3.2543587e-01  -4.2403776e-02  -2.1143036e-01  -7.2274427e-02  -2.0720232e-02  -1.9598954e-01   5.9720610e-01  -1.5827397e-01  -4.2821033e-02  -3.4113793e-01  -2.5611504e-01   1.8442657e-01  -6.0050947e-02   8.7813891e-02  -2.8725736e-01   1.8256748e-01  -3.0966501e-01  -8.8344572e-02  -3.7472976e-02  -9.2022206e-02  -2.0118285e-01  -1.2602808e-01  -1.8517196e-01  -2.7852372e-01  -7.4247796e-02   5.0849660e-02  -1.0344331e-01   3.7386407e-01   9.4980446e-02  -2.3068227e-02  -3.3672153e-02  -7.9234599e-02   4.7372376e-02  -2.4052126e-01  -4.5210806e-02  -2.8682544e-01  -2.9024014e-01  -1.6240351e-01  -1.5859687e-01  -2.5301732e-01   1.2967956e-01  -5.6123580e-02   6.8697117e-01  -1.0901587e-01   2.7438626e-01   3.9218696e-01  -2.4050783e-01  -1.8191257e-02  -2.2769321e-01   6.1108984e-02   3.6654309e-01  -3.4791062e-01  -2.4686196e-01   2.1289305e-02  -1.8621446e-01  -7.2963568e-02  -1.3996236e-01   2.1247352e-02   3.0842438e-01  -1.8029622e-01   2.0452388e-02   2.4165704e-01   3.9198807e-01  -5.4440257e-02  -3.3871545e-01   8.8198235e-02   3.5286770e-01  -1.8449644e-01  -8.9793383e-02  -2.3366445e-01   5.4396553e-02   6.1745582e-02  -5.4567584e-04
  -2.7441068e-01   3.5446366e-02  -8.7736100e-02   1.0121904e-01  -1.2251373e-01   2.2052913e-01   4.4697907e-01   2.8700152e-01   1.1316505e-01   1.0768932e-01   0.0000000e+00   1.8132495e-01   1.0619860e-01  -3.2671387e-03   4.9769879e-01  -1.8977546e-01  -9.4209205e-02   4.0063737e-01   2.1815557e-01  -1.0489187e-01   1.6081218e-01   2.8661815e-01   2.3549588e-01  -2.8388015e-01  -3.1119246e-02   2.1832300e-01   1.2874150e-01   8.9043021e-02  -1.4146141e-01   4.6154116e-01   4.1461064e-01  -3.3366316e-02  -2.1336902e-01   2.1589019e-01   1.4444540e-01   1.1539195e-01   8.6227753e-02  -2.8438460e-01  -1.1333381e-01   5.0937790e-02   1.2602499e-01  -3.1273444e-01   1.9279803e-01   2.9680907e-01   2.3980220e-01  -2.9083214e-01   3.3129668e-01   3.7594439e-01  -1.6386023e-02  -2.6895563e-01   3.3118367e-01   1.8697965e-01   3.0774022e-01  -3.6764461e-01   1.6088565e-01   4.6838214e-01   2.4609576e-01   6.5815303e-02   2.2833448e-01   1.6993526e-01  -2.7558036e-01   3.7417227e-02   1.9467392e-01   2.1861972e-01   1.2587365e-01   5.3205784e-02   2.4595135e-01   1.7824744e-02   3.6689074e-01  -7.9801927e-02   3.4121279e-01   9.5991048e-02   1.4527044e-02   5.4122810e-02  -8.6017311e-02   1.9271905e-01  -2.9677516e-01   2.4925479e-02   5.6934852e-02  -2.5886660e-02   3.2334833e-01   3.0798247e-03   2.5436394e-01   2.1796178e-01   7.3706464e-02   3.7287502e-01   1.7468087e-01  -9.6902118e-02   2.0671446e-01  -2.5914532e-01  -1.9214248e-01  -3.5591275e-01   1.7639040e-02   1.7394713e-01  -2.1974302e-01  -1.3930556e-01  -1.9472186e-01   2.7679678e-01   7.7035229e-02   8.8746372e-03   1.8153219e-01   3.2246891e-01   2.4484776e-01   2.7705488e-01   1.3138149e-01   7.1826054e-02  -2.5309057e-01   1.9133084e-01  -4.9027891e-02   2.3269762e-02   3.3004633e-01   2.3784041e-01   4.3307548e-02  -2.6579234e-01  -7.7987959e-02   3.3492179e-02   3.4049112e-01  -7.9374803e-03   2.8523891e-02  -2.0832382e-02  -4.1140455e-01  -1.7491689e-01   2.0645237e-01   1.4057203e-01  -3.1642334e-01   1.5621840e-01   3.4773563e-01  -2.4719229e-01   2.3152612e-02  -1.1020880e-02  -7.4250770e-03   5.4128516e-01   1.9396316e-02   3.4811303e-01   1.6754698e-01   2.8326157e-01  -2.0833238e-01   1.3539919e-01   2.0189012e-01  -3.1567166e-01  -3.0229448e-01  -5.4532320e-02   3.8550705e-01   7.1110395e-02   5.1571276e-01   3.8573653e-01   2.7534561e-01  -1.5580055e-01   1.2886916e-01   2.0767004e-01  -6.7009426e-02   1.1990978e-01  -2.7111349e-01   1.8461126e-01   2.5118943e-02  -2.6639552e-01  -2.2962772e-01   9.6304188e-02  -3.5731128e-01   2.5750680e-01   1.9707561e-01   3.3936691e-01  -1.2339551e-01   3.2128554e-01   1.0094835e-01   5.8907418e-02   2.9828772e-01   7.0993311e-02  -2.9802489e-01   1.4764475e-03   1.7537796e-01  -2.4159381e-01   7.6001395e-02   1.4943827e-01  -1.5901983e-02  -2.3261517e-01   2.1223523e-01
  -4.9381392e-01   6.0381766e-01   4.2103235e-01   6.8183957e-02   2.3689120e-01  -1.2212044e-01   5.4522934e-01  -1.0170014e-02   8.9019295e-02   5.5890453e-01   1.8132495e-01   0.0000000e+00   2.0533312e-01  -4.5609770e-01   3.5429219e-01  -2.3335762e-02   3.7031295e-01   1.8141104e-01   1.1978886e-01   4.3722594e-01  -9.6788242e-02  -1.3063908e-01   4.3319443e-01  -6.7786755e-01  -8.8435329e-02   5.7004095e-02   1.1980972e-01  -2.8121330e-01   4.1385859e-01   2.7206029e-01   4.6777388e-01  -6.7423674e-02  -1.7596615e-01   1.6649577e-01   4.0199311e-01   4.2049847e-01  -8.9374178e-02  -2.1988262e-01  -1.9597866e-02   4.7322138e-01   3.3544317e-02  -2.4682267e-01   5.0887081e-01   2.2785926e-01   6.2312830e-01  -8.5615259e-02   4.9053898e-02   6.7311944e-02  -2.4554213e-01   2.1247684e-01   1.2462376e-01  -1.6190645e-01   1.7463930e-01  -3.6750460e-01  -2.5510778e-01   5.0817030e-01  -8.2367033e-02  -1.5186685e-01  -7.5995223e-02   2.9454984e-01  -1.8572395e-01   2.7018562e-01   1.0175473e-01   5.1767778e-01   1.5665605e-02   1.8634431e-01  -3.0642854e-02  -8.6169970e-02  -2.7337077e-01   1.0382295e-01   5.8611871e-01   1.0384430e-01   4.9421214e-02   3.5997546e-01  -6.6090375e-02  -2.1295552e-02  -1.3533765e-01  -1.5402077e-01   4.4953003e-01  -9.7749641e-02  -1.1303052e-01   8.1482914e-02   5.9323041e-01   1.6130850e-01   3.3077175e-01  -5.8882812e-03   2.8058630e-02  -4.7504093e-01  -3.8925819e-02  -5.3385767e-01  -7.3483066e-04  -2.7142590e-01   6.3313255e-01   2.9830781e-01  -2.5464105e-01   4.5201616e-01  -1.4237470e-01   4.6001903e-03   2.2128180e-01   1.9252679e-01  -3.0771219e-01   4.4970569e-01  -1.8898248e-01   1.8088645e-01  -1.6246630e-01   2.7505598e-02  -2.5425261e-01  -1.0625861e-01   1.4808434e-02   1.8700267e-03   8.2059143e-01  -3.0308561e-01  -1.0371313e-01  -4.8851687e-01  -3.8803419e-01   4.0383376e-01  -9.0727307e-02   1.2382612e-01  -3.8733606e-01  -1.8723509e-02  -4.6600606e-01   1.7896198e-01   2.1323883e-01   2.0627637e-01  -3.6789488e-01  -1.5990399e-01  -3.4326449e-02  -1.7558963e-01  -1.5744317e-01   2.0791132e-01   6.1969675e-03   6.9263224e-01   2.2440273e-01  -2.1478702e-01  -4.3210391e-02  -7.6271411e-02  -1.6310929e-01  -2.5959165e-01  -5.1733115e-02  -3.6997719e-01  -5.5077261e-01  -9.2826459e-02   8.7192675e-02  -2.7638804e-01   3.9259236e-01   1.6948878e-01   7.4114768e-01   1.1547976e-01   6.6190386e-01   2.6198328e-01  -4.6934808e-01   9.6734204e-02  -4.3097709e-01   3.8207545e-01   6.1040454e-01  -4.8186112e-01  -3.8370593e-01   7.9624609e-02  -2.5820791e-01  -1.0326975e-01   1.5387362e-01   2.2106330e-01   1.7318829e-01  -1.1879541e-01   3.4080671e-02   5.4064928e-01   5.7927299e-01  -5.8721291e-02  -4.7372547e-01   3.9577507e-01   6.2140575e-01  -2.8184253e-01   2.3400732e-01  -2.0163299e-01  -1.5261670e-01  -1.9318216e-01   1.6254980e-02
   1.0092817e-01  -3.1162215e-02   1.7660519e-01  -3.2843472e-01   1.3928870e-01  -2.8507435e-01   2.0089715e-01  -2.7377054e-01  -1.7145132e-01   9.3518041e-02   1.0619860e-01   2.0533312e-01   0.0000000e+00  -2.6799736e-01   1.5879400e-02   3.8074825e-01   6.4948864e-02   1.1581615e-01  -3.3698564e-01   2.9436385e-01   3.1840966e-02  -2.6750950e-01   4.8570924e-03  -9.0376324e-02  -9.2182058e-02  -2.6837399e-01   1.0659916e-01  -1.3706307e-01  -4.5328628e-02   1.0460761e-01   3.9663219e-03  -3.7302583e-01   1.6357930e-01   2.0400425e-01   6.8365862e-02   3.7244628e-01   1.5250047e-01   2.3345347e-01   3.0911566e-01   3.0509927e-01   5.6829414e-01   1.9423859e-01   1.7604023e-02  -1.6488704e-01   9.4762435e-02   1.9466244e-01   1.6520848e-01  -1.0723105e-01  -1.4146318e-01  -7.3097546e-02   1.9713555e-01  -3.5842886e-01   6.1138452e-02  -8.7850925e-02   2.8015985e-02   7.9789487e-02  -3.0346332e-01  -2.9037163e-01   7.5439305e-03   9.5521444e-02   2.0486339e-01   3.1468453e-01  -1.1683083e-01  -6.7262275e-02  -3.2555062e-01   2.4847355e-01  -2.4483989e-01  -1.5630468e-01  -2.8109775e-01   3.0796032e-01   9.3142104e-03   6.4393907e-02   2.5482221e-01  -2.0115884e-02  -1.5730756e-01  -3.1454464e-01   3.0288241e-01  -1.3461129e-01   9.2699690e-03   1.3487098e-01  -3.3513656e-01   4.6961057e-01   1.4000675e-01  -2.2735744e-01   2.8761489e-02  -2.9103486e-01   1.6602783e-02  -9.6074217e-02  -1.4480537e-01   3.2494874e-02  -2.1852117e-01   1.4756832e-01   9.7686225e-02  -8.3327926e-02   2.9651936e-01   3.2393289e-01  -2.5944946e-02  -3.6970932e-01   4.8247262e-02   1.8391601e-01  -2.2284068e-01   1.1853974e-02  -4.4441217e-01  -2.6327369e-01  -1.8484921e-01  -5.4389922e-01   9.5318999e-02  -4.4263030e-01   2.4572174e-01  -1.8126605e-01   1.3862994e-01  -3.8047105e-01  -4.8676201e-02   1.1606794e-01  -2.9483301e-02  -8.9606963e-02  -1.5164910e-01   4.8811928e-01  -1.2178710e-02  -2.5322078e-01   9.2944026e-02   6.2494070e-02  -1.4837493e-01  -2.2812946e-01   1.4725967e-01  -1.1572818e-01  -7.0707308e-02   5.0860420e-02  -3.9562590e-01   1.5236048e-01   2.4057906e-01   1.8839623e-01  -9.5213067e-02  -3.3973820e-01  -2.1511380e-01  -2.8064068e-01   8.8270974e-02  -1.8419228e-01  -3.1915188e-01   9.3605050e-02  -7.1816455e-02   9.1661005e-02  -6.3948954e-02   1.3445377e-02   1.5646722e-01  -1.2442917e-01   2.2418645e-01   2.3806558e-02   7.9256255e-02  -2.6109693e-01  -9.6325627e-03  -2.5460225e-01   5.4946350e-02   3.1810789e-02   2.5490773e-01   1.0862110e-01   2.3007946e-01   2.5430544e-01  -1.8352471e-02  -3.2197964e-01   1.7495021e-02  -1.2381250e-01  -2.4072697e-01  -2.8474580e-01  -2.9733788e-01   1.0827440e-01   4.8070941e-02  -3.8369555e-01   6.9113282e-02   3.5573735e-02   1.2252084e-01   2.4450988e-01  -1.1460035e-01  -3.7132607e-01  -3.3592108e-01   4.8706127e-02  -3.6496629e-01
   2.2644746e-01  -3.2811003e-01  -1.7740254e-01   1.1572553e-01  -3.8599703e-01   2.5851108e-01  -2.6411684e-01   2.3414935e-01   3.0896886e-01  -2.2655556e-01  -3.2671387e-03  -4.5609770e-01  -2.6799736e-01   0.0000000e+00   1.3023924e-01  -3.3288618e-01  -2.7674337e-01  -8.6151681e-02   1.6272567e-01  -5.7313722e-01   9.0532428e-02   4.8155107e-01  -1.1180271e-01   4.3959955e-01   2.8810239e-03   1.0476993e-01  -8.6365829e-02   4.2543783e-01  -4.2752961e-01   2.8900135e-02  -2.0799648e-01   1.8569025e-01  -1.6043423e-01  -9.8797613e-02  -2.1314701e-02  -5.5793583e-01  -9.1480517e-02  -1.4947819e-01  -3.6807344e-01  -2.3113538e-01  -6.8524647e-02  -4.7810320e-02   7.1013219e-03  -1.9074278e-02  -4.3543659e-01  -4.5993564e-02  -1.7620670e-01   2.4283094e-01  -5.9426318e-02  -1.6550865e-01  -1.8586969e-01   2.9686775e-01  -1.5243667e-01   7.7533807e-02   2.0927903e-01   6.6340845e-03   2.4257721e-01   3.7461024e-01   5.5906521e-02   9.6299077e-02  -3.1076541e-02  -3.2273173e-01   2.9111839e-01  -3.2967771e-01   5.5265882e-02  -2.8998889e-01   1.2381173e-01   9.4607176e-03   4.2126272e-01   1.7741554e-02  -1.1165116e-01  -1.5380839e-01  -2.6823026e-01   8.4407646e-02   8.3232809e-02   1.8140526e-01  -1.3969178e-01   1.6983564e-01  -4.6039724e-01  -2.9868760e-02   3.9470985e-01  -4.3325320e-01  -3.5937878e-01   4.0327231e-02  -1.1966575e-01   2.6304083e-01   2.8837171e-01   4.5315353e-01   2.9195698e-01   2.5979591e-01  -2.4342944e-01   6.0995131e-02  -3.8596398e-01   1.9879484e-01  -1.0077422e-01  -5.9656378e-01  -4.8739539e-02   1.7681322e-01  -3.5792058e-01  -3.6027865e-01   4.5743692e-01   1.1985755e-01   4.0650985e-01   2.5748931e-01   1.9515818e-01   1.1425744e-01  -1.4905451e-02   2.9689446e-01  -1.3742046e-01  -6.3575225e-03  -3.1088764e-01   5.2407550e-01   3.0013005e-01   1.9831077e-01   4.2613045e-01  -3.0620413e-01   3.5533385e-01  -2.7165974e-01   4.5056293e-01   4.9281253e-02   2.0174028e-01  -3.0400675e-01  -1.3048404e-02  -7.3818634e-02   8.9950762e-02   6.8698994e-01   9.2546456e-03   1.1485541e-02   4.5302648e-01  -1.3659739e-01  -1.7938361e-01  -4.9560439e-01  -6.8630240e-03   3.8065113e-01   3.2751440e-01   1.7594987e-01  -1.0874985e-01   4.8627430e-01   2.3764698e-01  -3.5823301e-02   5.1975692e-01  -1.9314293e-02   4.2883590e-02   4.3881154e-01  -1.4999507e-01  -4.8815964e-02  -2.5745694e-01  -2.6148476e-01  -3.5732043e-01   1.3090852e-03   4.0911009e-01   1.6897920e-01   1.7383515e-01  -3.3720789e-01  -2.9571239e-01   1.7333818e-01   1.7895058e-01  -1.6936469e-01   7.4842025e-02   3.4897729e-01  -4.4632262e-02  -7.4139561e-02  -4.2429835e-02   2.0383648e-01   2.9169912e-01  -4.1317368e-01  -2.8842377e-01   3.2100043e-01   2.1740747e-01  -3.3259406e-01  -4.6181948e-01  -3.3788386e-02  -1.8452044e-01   3.7378414e-01   6.2956541e-02  -1.5551766e-01   3.8491799e-01
