   0.0000000e+00  -1.0037339e-01  -1.9239757e-01   1.4074005e-02  -1.0734292e-01  -2.3477020e-01   7.2181572e-03   3.5287572e-01   1.3180294e-01   1.8030109e-01  -3.0851484e-02  -1.0895916e-01  -4.4101933e-02   1.9773116e-01  -1.1116932e-01  -1.6599046e-01  -1.4831158e-01   9.2576087e-02  -1.0139961e-01   1.2862237e-01   3.0461114e-04  -1.3297573e-01  -7.7492252e-03   7.4590134e-01   1.2063041e-01   5.3291476e-03  -3.1471962e-02   3.6535697e-01  -1.4449686e-01  -2.1506582e-01   8.8772999e-03  -7.2910582e-02  -9.7932611e-02  -1.6962328e-01  -1.1971128e-01  -4.7811249e-02  -6.2768438e-02   1.1283436e-01  -2.5229096e-01   8.1197558e-02  -8.8435626e-02  -1.4974360e-01  -1.6408584e-01  -2.4299107e-01   1.7154661e-01   2.2764479e-01  -1.5679628e-01   5.5148927e-02   1.8538991e-01   3.4591268e-02   2.9856031e-02   1.5075369e-01  -8.1880849e-03  -8.9486616e-02   2.1414293e-01  -3.2849348e-01  -2.7279294e-02  -7.4333548e-02  -8.3517205e-02   1.2773707e-01  -1.9096235e-01   9.6892809e-02   1.3657076e-01   2.1514253e-01  -1.0180012e-02   1.0747992e-01  -2.4671271e-01   5.9073224e-02  -3.2895202e-01  -9.9956439e-02  -9.4516652e-02  -5.5583615e-02  -1.2668928e-01   2.6358110e-01   4.9511877e-02   2.0041833e-01  -8.5347154e-02  -6.1462813e-02  -2.1281503e-01  -4.1862018e-02   8.8431453e-02  -1.2576880e-01  -3.1220848e-01   2.6255970e-01   5.0643465e-01   1.0546631e-01   8.9367750e-02   7.1954853e-02  -1.3213217e-01   7.8673243e-01  -8.0900895e-02  -3.2144942e-02  -2.4557642e-01   4.9832881e-02   1.1330468e-01  -3.5335140e-02  -1.5261675e-02   9.8746362e-02   1.0391384e-01   5.9978675e-02  -9.8264490e-02   2.3312922e-02  -2.4720407e-01   1.2380813e-01  -1.9190936e-02  -1.4351012e-01   4.8904706e-02  -4.6667764e-02   2.1743898e-01  -1.7253869e-01  -1.7800643e-01  -1.3990386e-01   5.2114857e-02   8.1262282e-01   3.6971284e-02  -1.0467560e-01  -1.3148006e-01  -5.7722722e-02  -1.1227360e-01  -7.9759534e-02   4.0039976e-01  -7.5979175e-02  -1.5411170e-01  -2.0859925e-01   7.0058122e-01   7.1730330e-02   1.4305371e-01   1.0922281e-02  -2.3522960e-03  -5.6809398e-02  -1.1583175e-01   6.9891825e-03   1.6738601e-01  -1.8715167e-01  -9.0539185e-02   2.3287946e-01  -9.5220465e-02  -6.7110662e-02   3.4461157e-01   6.4425409e-01   7.5727777e-01  -1.7561141e-01  -1.7064234e-01  -3.7003187e-01   2.4208299e-02  -2.8837688e-01  -1.3163774e-01   1.1784700e-01  -2.1888413e-01   3.7379953e-02   3.1542258e-01  -4.6016057e-02   1.5077154e-01  -8.0012935e-02  -1.5250775e-01   6.1438290e-01   3.2396250e-01  -1.2503175e-01  -1.0515477e-01  -2.0399114e-01   3.3805064e-02  -2.2359577e-01   1.0574119e-01  -1.1050997e-01  -2.6226102e-01  -1.5876476e-01  -3.9770785e-02  -2.7747744e-01   3.0719257e-01  -1.0814384e-01  -1.4861317e-01   4.0623091e-01   1.5917897e-01  -2.4857570e-01  -3.3398192e-02  -2.2574697e-01  -1.6848193e-01
  -1.0037339e-01   0.0000000e+00   5.0403838e-02   3.8956340e-03   7.1960120e-02   2.5567106e-01  -6.8724599e-02  -8.6330102e-02   2.4384175e-01  -2.3867509e-01   8.4247881e-02   5.7138099e-01  -1.3098627e-01   9.7654107e-02   4.0879486e-01   6.5616230e-02  -7.2440075e-05   2.7675731e-01  -5.8003282e-03  -1.0267273e-01   2.4083136e-01   2.1238788e-01  -3.3655441e-01  -4.3642421e-02   5.0479006e-02   4.0043218e-02  -7.8446777e-02  -1.2577437e-01  -9.1927728e-02   5.3182193e-01   5.3521430e-01   7.6272910e-02   7.6430268e-03  -2.5517061e-01   4.3780102e-01   2.5835457e-02  -1.5906078e-01  -7.1221956e-02   4.2848527e-02  -3.5562391e-01   1.6123188e-01  -2.1885998e-01   4.2365129e-01  -1.0035774e-01   4.3134529e-02   3.8903725e-02   1.5826582e-01   2.7554017e-01  -1.2298266e-01  -7.9094927e-02   9.4424750e-02  -1.2578463e-01  -2.7069006e-01  -2.9701869e-01   4.4996074e-02  -2.2808683e-01   3.0601678e-01   6.6358945e-02   2.6733864e-01   2.9142117e-01   4.1033455e-02  -1.3333156e-01   1.9579362e-01   3.1797094e-01   3.4829727e-01   8.7726408e-02   3.1560754e-01   1.1697434e-01   7.0429350e-02   2.5186515e-01   3.1400838e-01   1.5524250e-01   2.5620654e-02   4.3213266e-01   2.2370426e-02  -2.3821187e-01   3.0400975e-02  -8.8621000e-02   2.5042856e-01   2.2056063e-01  -4.1357111e-01   3.0106409e-02  -9.1345613e-02  -4.6987542e-03   1.5253334e-01  -1.9843688e-01   3.6863809e-01  -6.3282457e-02  -3.4068429e-02   2.0105200e-01   1.0796661e-01  -8.2699718e-02  -2.6991679e-01   2.0709819e-01  -1.8584212e-01  -1.7541012e-01  -2.1505393e-01  -2.1229795e-01   4.4292477e-01  -1.3228431e-01  -1.6725270e-01   3.7095167e-01   6.4654673e-02   1.2354625e-01  -1.6780726e-01  -2.4257198e-01  -5.4527785e-02  -2.7473870e-02  -2.7287589e-01   4.0141469e-02  -2.8437679e-01   2.3683973e-01   3.4358545e-03  -4.7016460e-03  -2.0484003e-01   6.6040619e-02  -1.5959850e-04  -2.0281248e-02  -2.9388485e-02   5.8314386e-02   8.7843693e-02   7.8076882e-02   3.6452900e-01   3.2702965e-01  -4.2822910e-02   3.5353686e-01  -1.1040821e-01  -1.1025903e-01  -1.9317194e-01   9.0393798e-02   7.2281560e-02  -4.8030454e-02   2.9306543e-01   3.1409867e-01  -1.7857222e-01  -1.2262959e-01  -3.0270154e-02  -2.0333461e-02  -5.9227018e-02  -2.2892555e-01  -2.6477281e-02  -1.5374688e-01   1.3816320e-01   9.9211669e-02   9.0824905e-02   1.0259627e-01  -1.0607221e-01   2.2028107e-01   4.6052131e-01  -1.7790272e-01  -4.2697243e-01  -3.0807747e-01   1.5286638e-02   3.3438392e-01   1.2057605e-01   9.0065877e-02   1.2107001e-01   2.8955304e-01  -4.2973513e-02  -1.4772122e-02   9.8355182e-02   1.6446957e-01  -5.8631585e-02  -5.9394101e-02   1.2465388e-01  -1.2009096e-01   3.0679410e-01  -3.5463623e-02   2.4320283e-01  -3.4093593e-02   1.2142719e-01  -1.9276125e-02   3.7351072e-01   5.0695271e-01   3.2952739e-02   4.0507018e-02  -2.0173345e-02
  -1.9239757e-01   5.0403838e-02   0.0000000e+00  -2.5650293e-01   1.3468342e-01   1.0278804e-01  -2.1666372e-01  -1.5171122e-01   1.1129953e-01   1.7378963e-01  -2.0688026e-01   8.0845061e-02   1.0258500e-01  -3.1082156e-01  -8.3444228e-02   1.8455850e-01   8.0206225e-01  -4.0503830e-01  -4.3365117e-02   8.9986779e-02  -4.0658421e-01  -2.5905504e-01  -2.2587922e-01  -3.1348726e-01   1.7786441e-02  -3.0358916e-01   1.5429080e-02  -4.4000508e-01   1.9392176e-01  -3.0862818e-01  -2.1610836e-01  -2.4545035e-01   2.1762112e-01   1.2717814e-01  -3.1827400e-02   3.3230594e-02  -8.1108396e-02  -9.9724582e-03   1.5372739e-01   2.8568519e-01   1.0849092e-01   1.8875425e-01   4.3260484e-01  -5.2292471e-02  -1.6331533e-01  -9.8257144e-02  -2.5034017e-01  -2.3919937e-01   4.9995281e-02   2.3723807e-01  -2.0140912e-01  -2.3419065e-01  -4.2991861e-02   3.2103369e-01   8.9889058e-02  -3.5416859e-02  -1.5095077e-01  -3.2340834e-01  -2.3097564e-01  -3.3774671e-01   5.1094045e-01   9.9531109e-02   3.1311695e-01  -1.7351397e-01  -3.0604416e-01  -1.0692352e-01  -1.1696070e-01   2.3621030e-01  -2.3469449e-01   4.9036125e-01   1.9792805e-01  -3.3643196e-01   2.4299047e-01   5.9157413e-04   2.0108580e-01  -1.4202570e-01   2.4938318e-01  -1.2657005e-01   1.7210763e-01  -1.8386338e-01  -2.4007265e-01   1.7933640e-01   2.2496768e-01  -2.9248223e-01   1.7854184e-02  -2.0920548e-01  -3.5708894e-01  -4.8753607e-01   3.2172362e-01  -2.9490114e-01   6.4598622e-02   5.7119239e-01   5.0525578e-01  -2.3129948e-01   1.6547402e-01   3.7248345e-01   9.7400478e-02  -1.4403040e-01  -1.6114783e-01  -3.5421488e-01   3.2377899e-01  -1.5555169e-01  -2.8238901e-01  -2.4277099e-01  -2.8665648e-01  -6.1313242e-02   2.1202224e-01  -1.4987404e-01   4.3414531e-02   9.1487747e-02   5.4082057e-01  -4.2728801e-01  -2.9406104e-01  -1.8328883e-01  -1.0299958e-02  -4.4345535e-02  -1.4786677e-01   2.5615589e-01   2.5270378e-01  -2.6076045e-01  -1.3042491e-01   1.8616807e-01   3.1652647e-01  -2.4109109e-01  -2.7266540e-01  -3.9104605e-01  -3.4649661e-01   2.9452777e-01  -1.3218755e-01   3.7608259e-01   8.4889075e-03  -1.0427901e-01  -2.0072003e-01  -1.5996916e-01  -4.5867316e-02  -2.1520092e-01  -4.7927053e-02  -2.1555975e-01  -2.7451139e-01   4.2628879e-02  -1.6099681e-01   2.3417959e-01  -1.8481360e-01   5.3939602e-01  -1.5072383e-01  -2.9216716e-01   2.0905718e-01  -2.2009248e-01  -1.4432376e-01  -2.3599581e-01   1.3217190e-01  -9.8277274e-02   3.2821536e-01  -4.7811038e-02   4.7254666e-01  -2.8192399e-01  -1.3348310e-01  -1.2860802e-01   4.6580777e-01  -2.6737508e-01   1.4844579e-01  -1.5935007e-01  -9.9244542e-02  -2.9011696e-01  -2.0953267e-01   1.4481165e-01  -1.2076824e-01  -2.3845154e-01   5.5359266e-02   3.1551708e-01   4.0447032e-02  -1.5825904e-01  -2.7859958e-01   2.7759326e-01   1.6869825e-01   1.2240144e-01  -1.4682417e-01
   1.4074005e-02   3.8956340e-03  -2.5650293e-01   0.0000000e+00  -1.7201072e-01   1.7252332e-01   4.8285430e-02   4.2726086e-01   1.4830367e-01  -3.1724227e-02   5.7276615e-01  -5.1074106e-02  -5.7509608e-02   3.2543323e-01  -1.2054580e-02   1.8884428e-01  -3.3173922e-01   4.9193363e-01   2.9777082e-01   7.9711339e-02   4.9365694e-01   7.9258742e-01   2.6285256e-01   1.0979234e-01   2.8900033e-01   3.9826895e-01  -3.5563222e-01  -3.9468299e-02  -1.8891561e-01   3.8577018e-01  -1.0226010e-01   2.4210018e-01  -1.1194301e-02  -1.7768887e-01   1.8310188e-02  -2.1115500e-02  -5.8630474e-02   9.3152500e-02   4.7166146e-02  -3.5554173e-01   3.1194577e-02  -1.5418090e-01  -4.6894633e-01   4.0922864e-01   3.3372125e-01   1.5237500e-01   4.5676268e-01  -3.9288287e-01   3.0147143e-01  -3.3603276e-01   4.2993584e-01   4.2252702e-01  -3.2178685e-01  -3.3873484e-01  -2.7665557e-03   2.1805279e-01   8.6499205e-02   7.3402649e-01   6.3237983e-01   5.0207744e-01  -4.5573096e-02   8.5211762e-02  -1.1273747e-02   2.2665943e-01   1.1958175e-01  -9.5516483e-02   4.0680284e-01  -2.2817177e-01   5.2343975e-01  -3.2615922e-01  -5.9352424e-01   4.1941141e-01   3.1572455e-02   1.8299609e-02  -4.4087262e-01   4.2732588e-01   5.7931727e-02   2.5449008e-01  -8.5514692e-02   1.7741475e-01   9.8047462e-02   1.9193287e-01  -4.3151256e-02   5.0033433e-01  -1.1704888e-01   3.4434704e-01  -6.8154772e-02   4.6454689e-02  -1.8725094e-01   1.7712854e-01   2.9870558e-02  -4.9274199e-02  -3.6897081e-01   4.6243237e-01  -1.2593379e-01  -3.2374200e-01   2.5853915e-01   1.8766795e-01   4.0206076e-02   4.3860012e-01  -2.3745709e-01   2.2035334e-01   5.6837790e-01   5.9147747e-01   4.0050303e-01   6.1456656e-01  -1.1995237e-02   4.2535723e-01  -1.1578959e-01  -2.5378273e-01  -1.5051505e-01   7.1939685e-01   8.3836443e-01   1.4111987e-01  -1.8431007e-01  -3.2796143e-01   3.9343863e-01   1.7771457e-01  -3.7475979e-01   8.1233485e-01   1.7312813e-01  -1.7669846e-02  -3.0696036e-01   1.2761972e-01   1.8339276e-01   3.2620904e-01   2.3358834e-01  -2.5018124e-01   6.9950549e-01  -4.3901759e-01  -4.8896037e-02   1.2376198e-02   4.0528774e-01   1.2345083e-01   5.9778597e-01   3.6695246e-01  -1.8402180e-01  -6.0858774e-02   4.2384373e-01   1.9039320e-02   1.3470489e-01  -1.9979536e-01   3.9095603e-01  -4.2322535e-01   3.6200397e-02   3.8552004e-01  -5.0459420e-01  -2.1379059e-01   1.7044688e-01   1.1203886e-01  -2.6330983e-01   1.4721891e-01   4.3023500e-02  -4.3413617e-02  -5.4606988e-01   7.4931196e-02   1.2954666e-01   3.8129721e-01  -2.7017078e-01   3.6296142e-01   1.7782694e-02   4.8067042e-01  -3.2269221e-01   7.5663532e-01   6.5933128e-01  -1.2262283e-01   3.3948545e-01   3.5090399e-01  -1.4793093e-03  -4.7211586e-01  -1.5736071e-01   1.1463093e-01   9.4498733e-02  -2.4289431e-02   1.1391979e-01   3.8102519e-02   5.6395267e-01
  -1.0734292e-01   7.1960120e-02   1.3468342e-01  -1.7201072e-01   0.0000000e+00  -3.2908779e-01  -4.3651241e-01  -1.3116269e-01   3.3076202e-01   3.5404001e-02  -5.8110175e-02  -1.9071156e-01   3.5194179e-01  -4.4118437e-01   3.5916999e-02  -2.9097801e-02   4.2926709e-01  -2.2989475e-02  -1.0975876e-01   6.3777970e-01  -2.7666886e-01  -3.4579923e-01  -1.7536294e-01   2.0852365e-02   2.3983084e-01  -2.3548455e-01   3.3647436e-01  -1.8317979e-01   3.4023284e-01  -3.4240723e-01   2.9717767e-01  -7.7385446e-02   1.0387727e-01   3.6579705e-02  -9.7078966e-02   6.5603332e-01   7.3216762e-02  -1.6105917e-01   1.7399102e-01   4.1476926e-01   4.2429748e-01  -3.5406064e-02   2.3693154e-01  -6.0591279e-02   6.5262514e-02  -4.2817965e-01   9.7081620e-02   3.6441655e-01   3.5029878e-01   8.0755410e-02  -5.9092156e-02  -1.9754752e-01   3.7564195e-01   1.3180877e-01  -7.9523162e-02  -1.1707345e-01  -3.4496465e-01  -3.5173910e-01   4.5851947e-02  -1.9168460e-01  -6.9524026e-02   3.7796890e-01   4.3490792e-01   1.8500285e-01   3.1078935e-01   8.3135748e-02  -7.7366323e-02   5.4708919e-01  -1.1503639e-01  -2.7296141e-01   4.7681371e-01   8.6074667e-03   4.8353571e-01  -1.9681002e-01   9.4544915e-02   4.9219778e-02  -1.9494030e-01   2.2710711e-01   6.4873703e-01   5.1483118e-02  -2.1574922e-01   2.2400325e-01   2.6612499e-01  -2.6124543e-01  -6.9318706e-03  -1.0400797e-01  -3.0706654e-01  -3.0631764e-01   4.9320084e-01  -8.2348776e-02   7.0457879e-01  -3.6956238e-02   2.9593502e-01  -7.1437061e-02  -2.0730593e-01   8.0477422e-01   1.8434757e-01   1.2108827e-01   3.5631785e-01  -3.4424625e-01   1.2274231e-01  -8.5372534e-02  -2.6787942e-01  -1.7243524e-01  -7.0852411e-02   1.3171540e-02   3.2723097e-01  -5.3849973e-02   3.3849309e-01   4.1240288e-01   6.6351094e-02  -4.0988936e-01  -1.4922851e-01  -1.3012859e-01  -2.3521600e-01   7.1916324e-01   8.7638001e-02   3.4552088e-01   3.7647294e-02  -2.1317735e-01  -3.4382793e-01   5.7662043e-01   2.6431660e-01   3.9894084e-01  -1.7527912e-01  -5.2532216e-01  -1.1007432e-01   1.6277326e-01  -1.7481775e-01   1.0516476e-01   3.7880495e-01   2.2495969e-01  -4.4102881e-01   1.5843355e-01  -4.1288090e-02  -8.1476892e-02  -5.3687910e-02  -2.8492191e-01  -7.4366742e-02   4.2675199e-02  -1.3998631e-01   1.4055594e-01   2.8771939e-03  -1.0043975e-01  -1.1244340e-01  -2.0246126e-01   1.1227636e-01   4.7980107e-01   3.1724844e-02  -2.9468664e-03   7.4483104e-02  -2.4226651e-01   3.7347899e-02   4.1787876e-01   5.1425932e-01  -1.9884724e-01  -4.1633294e-01   2.1694150e-02   2.1793279e-02  -2.7586501e-01   3.2884074e-01  -1.8741259e-03   4.8422034e-01  -9.1446568e-02  -1.3966989e-01   3.1346902e-01   7.8816124e-02  -3.2676025e-01  -4.0703801e-02   6.6894816e-01   3.5518816e-01  -3.3125298e-01   3.4644571e-01   1.1862313e-02   1.2407541e-01   1.6176873e-02  -1.8465440e-01
  -2.3477020e-01   2.5567106e-01   1.0278804e-01   1.7252332e-01  -3.2908779e-01   0.0000000e+00   3.4689964e-01   2.3402247e-02  -6.5293634e-02   7.0750932e-02   3.9676641e-01   4.1059114e-01  -1.1114092e-01   1.6052809e-01   3.6730184e-01   3.2889733e-01  -2.4468624e-01   3.0067248e-01   3.0558075e-01  -1.3124342e-01   2.7115002e-01   2.4689951e-01   2.1482842e-01  -1.1213825e-01   2.6511770e-02   2.0848770e-01  -8.7744156e-02   1.4886520e-01  -5.6055832e-02   3.9892008e-01  -1.4465248e-01   5.7269034e-02   2.4679983e-01   2.5326954e-02   3.3491895e-01   7.6718115e-02  -1.8909482e-01   1.3139709e-02   2.9913532e-02  -2.7574021e-01   1.5969890e-01   2.0562278e-01   1.0941210e-01   2.4361565e-01   7.6869463e-02   1.4572569e-01   5.1407973e-01  -2.7440986e-01  -1.3943076e-01  -1.4877105e-01   4.1404134e-01   1.4342305e-01  -4.0235185e-01  -3.2682566e-01   1.4208238e-01   2.4323594e-01   6.5203021e-01   1.0308872e-01   3.3574537e-01   3.1357178e-01   6.6639571e-02   2.8066713e-02  -8.7914547e-02  -5.7489126e-02  -1.0109403e-01   2.8138554e-01   7.0917565e-01  -1.3303519e-01   4.2454730e-01   3.2724254e-01  -3.7981723e-01   2.2714319e-01   1.1967433e-01   2.3687091e-01  -3.5513640e-02  -1.7063146e-01   6.0331293e-02  -2.4761282e-02  -9.1115447e-02   1.5880301e-01   1.0685595e-01   1.5677871e-01   1.1575384e-02   9.1609516e-02   7.2443689e-02  -2.7089072e-02   6.5435698e-02   1.0412802e-01  -1.5856502e-01   1.2400099e-02  -2.7772466e-01   6.6581859e-02  -4.1205884e-02   2.0467706e-01  -1.2928464e-01  -3.1394549e-01  -3.8950257e-03   6.4711608e-02   1.3025221e-02   3.5485453e-01  -9.3126829e-02   3.7386355e-01   2.1203600e-01   2.5346131e-01   1.9529927e-01  -2.0838702e-01  -8.6127630e-02   3.3531250e-01  -1.7224661e-01  -1.0044887e-01   7.4939015e-02   4.1034429e-01   1.0593383e-01  -5.6709794e-02   2.3848191e-01  -3.9842083e-01   1.5624357e-01   2.3558116e-01   2.5069196e-02   2.7045054e-01   1.2700184e-01  -1.7313129e-01   6.7297598e-02  -8.6065797e-02  -6.3040025e-02   3.8281090e-01   7.6775584e-02  -1.1724035e-01  -1.1751898e-01  -1.0999057e-01  -4.4092534e-03  -1.1860294e-02   4.5674402e-01  -7.1911570e-02   1.0159497e-01  -3.1111554e-02   8.2495014e-03   1.2341423e-01   1.0573094e-01  -2.4613475e-01  -3.3300691e-02  -2.9011518e-01   2.5108223e-01   3.3257159e-01   2.6932109e-01   1.3372033e-01  -1.5290309e-01  -1.6516174e-01   5.0866303e-01  -1.3886814e-01  -1.0980231e-01  -4.6595446e-02   3.1264786e-01   6.0602833e-02  -3.1531680e-01   6.9057127e-02   1.5633515e-01   4.6003276e-01  -5.4938640e-02   3.5753796e-01   2.3886869e-02   2.9805489e-01  -2.9367260e-01   1.2260805e-01   1.9650672e-01  -8.4819451e-02   3.1981916e-01   3.7495248e-01   3.7566613e-01  -5.0027575e-01   2.3546335e-02   1.0593761e-01  -1.6810314e-01   6.0865709e-01   5.4426236e-02  -9.2550553e-02   2.4955253e-02
   7.2181572e-03  -6.8724599e-02  -2.1666372e-01   4.8285430e-02  -4.3651241e-01   3.4689964e-01   0.0000000e+00   2.5874020e-02  -1.9014238e-01   3.8158941e-01   1.6982072e-01   3.0337806e-01  -2.1335590e-01  -5.1384022e-03   2.1463810e-01  -2.7005268e-02  -5.2548131e-01   2.6523686e-01   1.3992353e-01  -1.0892360e-01   9.6466170e-02  -4.7724284e-02   4.9350780e-01   1.0477170e-02  -1.4182248e-01   1.1820837e-01  -1.9560041e-02   4.7023436e-01  -2.5220699e-01   1.3006463e-01  -1.7833578e-02  -3.2758223e-02  -5.5916695e-02   4.4420502e-01   1.6090038e-01   7.0168419e-03   4.5493295e-02  -1.6826463e-01  -3.6935546e-01  -7.7633879e-02  -1.1519162e-01  -1.5712454e-01  -2.0206304e-01   7.1783768e-02   2.2325013e-01   8.1413845e-02   2.3210207e-02   1.6054729e-01  -3.0517290e-01  -1.0145644e-01   3.9633402e-01   1.4427928e-01   2.6205594e-02  -3.2341101e-01  -1.8813168e-01   1.5213079e-01   4.0312962e-01   7.6011362e-03   1.1212598e-01   1.2457174e-01  -3.2164524e-01   6.6280117e-03  -2.8488335e-01  -6.5355559e-03  -9.7065974e-02   3.3900966e-01   9.2061763e-02  -2.7635987e-01   3.0186963e-02   4.9507324e-02  -2.5480530e-01   1.6140940e-01  -2.1517843e-02   1.5131862e-01  -1.1117295e-01  -1.4531159e-01  -1.7927530e-01   4.3386894e-02  -2.8551020e-01  -1.6372766e-01   5.7209636e-01   1.0433139e-01  -1.1473982e-02   1.7794348e-01   1.3771858e-01  -4.8890207e-03   2.5135195e-01   2.2171800e-01  -2.6778421e-01   6.7121864e-02  -4.8689635e-01  -2.6039012e-01   9.6558882e-02  -5.8821254e-02  -7.4043915e-02  -4.0925824e-01   2.4247173e-02   1.6081147e-01   5.4928914e-02   5.4534770e-01  -6.6579995e-02   3.9686246e-01   2.7892707e-02   1.7698131e-01   3.9952359e-01  -2.1512817e-01  -3.3622756e-01   9.7503790e-02  -6.4242690e-02  -2.2177220e-01   2.0252855e-01   2.7898843e-01   1.2273780e-01   7.3769636e-02   5.2147809e-01  -2.6567051e-01   2.0959527e-02   1.4889391e-02  -1.0548394e-01   8.6567327e-02  -6.5297273e-02  -3.2488760e-01  -1.9237776e-01  -1.7294066e-01   2.1096576e-02   2.6797180e-01   3.7603583e-01  -2.7408482e-01  -8.9629296e-02  -2.0492827e-01  -1.4340115e-01   3.3805289e-01   1.4925101e-01   1.3279908e-02  -8.0027409e-02  -8.4226782e-02  -9.2518984e-02   4.3653701e-01   4.6612214e-02  -9.6674292e-02   1.6055720e-01  -3.4922356e-01   3.1475970e-02   7.3125498e-02   4.8009017e-01   1.8316089e-01   2.3751884e-01   4.9746156e-02   1.1574334e-01   2.8445866e-01   2.5392721e-01   2.1994654e-01  -1.3541994e-01   6.0982885e-03  -4.1102074e-01   7.9938044e-02   1.0753857e-01   1.8104304e-01  -3.2171351e-01   2.7418627e-01  -1.5619803e-01   5.8324487e-02  -9.2365724e-02   1.2917308e-01  -9.3053258e-02   1.4585621e-01   3.0839380e-01   1.8679305e-01  -4.2220053e-03  -3.8475554e-01   2.1329841e-01   1.6094430e-01  -7.3349762e-02  -7.3660644e-02  -1.8224341e-01  -1.9639694e-01  -1.1592874e-01
   3.5287572e-01  -8.6330102e-02  -1.5171122e-01   4.2726086e-01  -1.3116269e-01   2.3402247e-02   2.5874020e-02   0.0000000e+00   2.6968796e-01   8.2182564e-02   3.3875105e-01  -1.4057419e-01  -1.7312203e-01   1.7691423e-01  -1.0503252e-01   2.0316900e-01  -1.9743710e-01   1.3524318e-01   3.8351906e-01   9.5496148e-02  -4.0191119e-04   2.2925684e-01   1.2242774e-01   3.5352040e-01   7.7223610e-02   5.3667250e-01  -2.1238641e-01   2.4963554e-01  -8.7335543e-02  -1.5116935e-02  -1.6991748e-02   9.2196589e-02   2.3833478e-01  -1.6547188e-03  -1.2451337e-01  -7.5044814e-02   3.1656573e-02   3.7677656e-02  -2.1129125e-01  -8.0839844e-02  -1.1266322e-01   1.1286941e-02  -2.4298573e-01   3.3941799e-01   1.7900248e-01   9.7664346e-02   4.7266691e-02  -1.3434171e-01   2.8325843e-01  -6.2313428e-02   1.7625847e-01   7.0255797e-01  -6.7812773e-02  -1.5624905e-01   1.1260530e-01   2.2954146e-01   1.7871409e-01   2.1284283e-01   2.4444943e-01   1.4955455e-01  -1.5318035e-01   5.8022303e-02   8.9877388e-02   3.2357558e-01  -1.4584284e-01  -1.1393952e-01   1.5004905e-01  -5.0337629e-02   2.4938210e-01  -1.9849357e-01  -2.5631095e-01  -8.7822922e-02   5.8700929e-02   1.5479695e-01  -3.3194689e-01   5.0499258e-01   3.8720003e-02   3.1159924e-01   8.3184667e-03   3.0177387e-02   2.4790571e-01   1.8796388e-01  -1.9290670e-01   7.6690734e-01   1.6865121e-01   4.2586385e-01   6.5142864e-02   1.9141987e-02  -1.8394856e-01   4.6149414e-01   1.4976815e-01   4.4184217e-03  -1.7695304e-01   2.4820808e-01  -2.2470267e-01  -1.7179897e-01   1.0068639e-01   3.2795232e-01  -5.0205762e-02   6.9634365e-02  -1.0287066e-01   1.8178451e-01   2.0094883e-01   4.9371313e-01   8.8831407e-02   2.1931403e-01   4.6155606e-02   5.0239588e-01   6.7854522e-02  -2.0930749e-01  -3.8012432e-02   1.9576849e-01   3.0545422e-01   3.5283848e-01   2.9586275e-02  -7.6001821e-02   4.1081942e-01   4.4583643e-02  -2.8256662e-01   3.7591996e-01   2.5919976e-01   6.0822550e-02  -2.7230231e-01  -5.4413277e-02   3.3455915e-01   3.8457100e-02   1.0898636e-01  -1.2715897e-01   3.0143430e-01  -3.4112242e-01  -8.8539124e-02  -3.4850779e-02   2.5320560e-01  -8.2805302e-02   3.3042557e-01   5.3615422e-01  -2.2351210e-01  -7.0076083e-02   6.5312274e-01   2.0680909e-01   4.5190600e-01  -3.7115899e-01   4.4223081e-01  -4.4145020e-01  -2.8122696e-02  -6.7969362e-02  -1.1653116e-01  -5.6336261e-02  -9.9295498e-02  -1.1214474e-02   2.1289737e-02   2.1809473e-01   8.8921713e-02  -9.3713964e-02  -2.5579251e-01   2.7561733e-01   1.9032784e-01   2.3779473e-01  -1.9301463e-01   2.8236152e-01   3.2350977e-02   3.4818578e-01  -2.4148921e-01   1.1098539e-01   2.6984391e-01  -4.6930866e-02   1.3096389e-01   2.1023976e-01   2.5076344e-01  -1.7404452e-01  -5.3802426e-02   1.8885067e-01  -4.0073497e-02  -6.8495264e-02   9.0315220e-03  -1.4243157e-01   2.6831944e-01
   1.3180294e-01   2.4384175e-01   1.1129953e-01   1.4830367e-01   3.3076202e-01  -6.5293634e-02  -1.9014238e-01   2.6968796e-01   0.0000000e+00   1.1886090e-01   2.1326727e-01   4.4932019e-02   1.2863200e-01  -1.6013851e-01   5.2551395e-02   3.4078292e-02   1.6735737e-01   1.6901098e-01  -7.7621348e-02   2.8349502e-01  -1.8634171e-02   1.2318529e-02  -1.7792384e-01   5.2112003e-02   2.5414794e-01   6.0060703e-02  -6.7430711e-02  -1.8293494e-01   7.6752382e-02   3.9289908e-02   3.5495270e-01   1.2922884e-01   1.4525415e-01  -7.0061147e-02   1.4287175e-01   1.7230582e-01   1.5779430e-01  -1.8356108e-01  -5.8912359e-02   5.1038662e-02   3.3763216e-01  -1.2341374e-01   2.3241910e-01  -5.4177182e-02   1.6596988e-01  -9.8347619e-02   3.2873059e-03   2.5785296e-01   2.9232231e-01   1.1467913e-01   8.6586605e-02   6.4594262e-02  -9.7085699e-02  -8.2381830e-02  -5.6187888e-02  -1.4441032e-01  -1.1283498e-01   5.1408440e-02   3.6758895e-01   9.8212729e-03  -1.5802845e-01   3.1132737e-01   7.2110364e-01   2.8555674e-01   2.3374715e-01  -3.7315577e-02  -2.9761346e-02   3.6272694e-01   1.1048628e-02  -1.4973804e-01   2.4132244e-01  -2.8376700e-02   2.5172670e-01   1.4037501e-01   2.5094302e-02   2.1637899e-01  -5.2054594e-02   1.8682777e-01   3.9016743e-01   1.4664125e-01  -1.7679389e-01   1.5436152e-01  -2.0620143e-01   1.8017875e-01  -6.2084734e-02   1.3707823e-01   1.2845283e-01  -2.4676769e-01   3.1210040e-01   1.8728561e-01   4.6346458e-01  -4.8298313e-02  -5.0282867e-02   3.3563899e-01  -1.9030096e-01   2.0853648e-01   6.3645641e-02  -8.2751442e-02   3.4896799e-01  -2.0413157e-01  -1.8769474e-01   1.7892533e-02  -7.8138536e-02   2.4455770e-01  -1.1979207e-01   8.6655784e-02   1.1738607e-01   3.2016356e-02   2.2421991e-01   2.2338484e-02  -1.1804054e-01  -8.7322430e-02   5.6447134e-02   1.3602222e-01  -2.1624812e-01   1.8591887e-01   2.1747157e-01   3.1585234e-01  -2.9684787e-01   4.7688431e-02  -8.8831901e-02   4.2720639e-01   3.5393931e-01   1.8002055e-01   6.6537118e-02  -2.0331040e-01  -1.9074263e-01  -3.7841498e-02   2.0496717e-01  -1.0505591e-01   2.3954556e-01   2.9198250e-02  -1.3507746e-01   1.9124485e-02   1.1712336e-01   2.4544880e-01  -1.3709807e-01  -1.9025554e-01   3.6903378e-01   6.4664106e-02   2.9711024e-02  -8.8847576e-02   2.4918217e-01  -2.9196800e-01  -1.4372859e-01  -2.5322982e-01   6.2384664e-02   3.6010557e-01   1.8137862e-01  -7.2387621e-02  -1.0164659e-01  -1.4942955e-01   3.7663279e-02   2.2391573e-01   1.6325504e-01   6.3940225e-02  -3.2868891e-02   2.5879967e-01  -9.5567769e-02  -5.7531269e-02   4.5972681e-01   2.1542070e-01   8.4608545e-02   3.7078233e-02   5.1847058e-02   1.1069764e-01   1.3110194e-01  -1.5708102e-01   1.4477991e-01   1.9383463e-01   1.5557565e-01  -5.4263222e-02   3.8464120e-01  -7.9684867e-03   2.6578762e-01  -3.1877768e-01   1.8653881e-02
   1.8030109e-01  -2.3867509e-01   1.7378963e-01  -3.1724227e-02   3.5404001e-02   7.0750932e-02   3.8158941e-01   8.2182564e-02   1.1886090e-01   0.0000000e+00  -1.7862624e-02  -1.9502582e-02  -3.6892423e-02  -2.0589326e-01   3.3510108e-02  -1.2380132e-01  -1.1112596e-02   2.8420242e-02   8.0254745e-02   3.4643490e-01  -1.4155799e-01  -1.8728918e-01   2.9361277e-01   5.7895569e-02   9.8405025e-02  -2.3267113e-01   7.5271488e-02   1.7541359e-01  -9.4754881e-02  -2.7317317e-01   6.4051700e-03  -1.4834428e-01  -7.4390076e-02   3.6798971e-01  -1.3267310e-01   2.2901454e-01   2.5727181e-01  -3.2881366e-01  -2.7444440e-01   2.5842093e-01   6.2736431e-02  -1.8615094e-01  -1.7840289e-02  -5.0229155e-02   2.9365512e-01  -1.3591162e-01  -1.5214830e-01   6.3400995e-03   1.2390939e-01   1.6034073e-01   3.2949595e-01  -7.7651052e-02   5.2943433e-02  -7.7882758e-02  -1.3005608e-01  -1.0406253e-01   1.1566554e-01  -1.8307759e-01   2.5245531e-02  -1.4945499e-01  -1.8893496e-01   3.5171508e-01   2.0744393e-01   2.4975107e-02  -5.9154026e-02   2.9023926e-01  -1.9445425e-01   1.5397089e-02  -1.7121034e-01  -4.8212643e-03  -1.1213196e-01  -1.1769577e-01   9.6519670e-02   2.3467081e-02   2.4140504e-02   8.3427118e-02  -2.1118378e-01   3.9697298e-02   1.0712914e-01  -3.4255181e-01   2.6972723e-01   1.7041129e-02   3.6128069e-03   3.4226822e-02   1.5381024e-01   8.7743804e-02  -3.5999052e-02  -1.6201529e-01  -1.2070676e-01   3.8961886e-02   3.8757378e-02   9.7390909e-02   3.0903304e-01  -6.3077085e-02  -1.1041226e-01   1.0135066e-01   1.2189621e-01   2.1350210e-01  -3.6919034e-02   2.1397097e-01   3.3709424e-02   6.0955067e-02  -1.5250796e-01   5.0147037e-04   1.9267445e-01  -1.3163696e-01  -1.7804920e-01  -8.6282289e-02   3.4309872e-01  -7.4801048e-02   3.1863877e-01  -1.5396793e-01   3.4211988e-02   9.3502204e-02   3.6081224e-01  -1.0300498e-01  -2.8734304e-02   1.8225264e-01  -1.0733871e-01  -1.1658516e-01  -2.2118125e-01   1.8780875e-01  -6.2476146e-02  -1.4935043e-01  -1.0194023e-01  -2.1819720e-01   2.1458364e-01  -4.6424067e-02  -3.8781455e-02  -1.2545691e-01   6.8280500e-02   3.6473643e-01  -1.6537726e-01   2.5220206e-02   2.4851196e-02   6.4456177e-02  -1.5418574e-01   1.4102820e-01   1.6832919e-01   1.6612952e-01   1.9881490e-01  -1.0102549e-01  -1.3224843e-01  -3.2287494e-02   3.1848135e-01  -1.4912064e-01   2.8617435e-01   5.9709325e-02  -3.1627458e-02   2.7044073e-01   3.9275244e-01   1.1759924e-01   7.5864894e-02   4.6537382e-02  -2.3409820e-02   1.6413513e-02  -1.4226511e-01  -4.8502572e-02  -1.4711031e-02  -1.0957216e-01   1.7797682e-01  -1.7082167e-01   1.5842909e-01  -2.7259686e-02  -2.5807739e-01   3.6904109e-01   1.2773325e-01  -1.0502694e-01   2.4696594e-02  -2.9894871e-03   1.7992158e-01  -1.1289844e-02  -9.6383256e-02  -1.5662944e-01   9.6124983e-02  -2.3088539e-01  -2.6382148e-01
  -3.0851484e-02   8.4247881e-02  -2.0688026e-01   5.7276615e-01  -5.8110175e-02   3.9676641e-01   1.6982072e-01   3.3875105e-01   2.1326727e-01  -1.7862624e-02   0.0000000e+00   1.0831702e-01   1.1829792e-01   1.1355893e-01   1.7647711e-01   2.3967283e-01  -3.2774553e-01   6.4625536e-01   2.6721641e-01   7.1842120e-02   3.9617609e-01   3.8043242e-01   3.0929301e-01   6.2590266e-02   1.4671282e-01   4.5310341e-01  -4.3874285e-01   1.2715959e-01  -1.3880180e-01   3.6597304e-01   1.3626711e-01   6.6457830e-02   2.6984391e-03  -9.1908526e-03   2.3281477e-01   2.4860245e-01  -7.4321268e-02  -3.3667255e-02   8.8379026e-02  -4.2997716e-01   3.2531057e-01  -1.7970219e-01  -2.6893091e-01   4.2507841e-01   3.0147808e-01   1.3661521e-01   6.8964241e-01  -1.6414756e-01   1.6732683e-01  -4.3145308e-01   5.0975639e-01   4.0877883e-01  -2.5309297e-01  -5.3290389e-01   6.0588553e-02   3.4366695e-01   3.8382905e-01   2.9119495e-01   6.5191240e-01   4.9907993e-01  -1.2969282e-01   1.8114331e-01   1.4419553e-01   4.3121923e-01   1.8685108e-01   1.9142776e-01   4.8236081e-01  -1.5941364e-01   5.5486673e-01  -2.9138719e-01  -5.1629100e-01   4.6756217e-01   1.9787732e-01   1.6771765e-01  -3.2570309e-01   2.5420241e-01  -3.8731580e-02   2.6849934e-01  -1.4259303e-02   1.3963727e-01   1.7677106e-01   2.8846205e-01   9.6960397e-02   4.4951674e-01  -1.5936901e-02   1.9582022e-01  -3.0770172e-02   7.4748113e-02   9.2559621e-02   2.0832931e-01   1.2535748e-02  -1.5115847e-01  -1.9651680e-01   4.8966312e-01  -2.7771762e-01  -2.0143496e-01   2.3890284e-01   2.3904250e-01   2.6153649e-01   3.2005637e-01  -3.1697548e-01   5.5789226e-01   3.2526422e-01   5.9637701e-01   2.7182134e-01   8.4112504e-02  -2.0073907e-02   4.8148774e-01   2.8144229e-02  -5.5927512e-02   3.6305549e-03   5.0764231e-01   5.0284097e-01   1.1549685e-01  -5.9027564e-02  -2.1902821e-01   4.6219447e-01   3.8090008e-01  -2.8921623e-01   5.6690983e-01   9.0216430e-02  -7.6853657e-02  -9.7140148e-02   1.2789271e-01   1.8498204e-01   3.8398409e-01   1.9145685e-01  -3.5336025e-01   2.2197653e-01  -4.7223647e-01   8.1786351e-02   1.7315567e-01   3.1841060e-01   9.8755203e-02   3.7937591e-01   2.6601171e-01  -3.1755404e-01  -6.3138524e-02   4.5960498e-01  -1.8259046e-01   7.1913885e-02  -1.8922112e-01   5.4962639e-01  -2.4177105e-01   1.5360455e-01   2.7202796e-01  -4.7702339e-01   1.3699768e-01   4.6920163e-01  -3.7430109e-02  -1.4202746e-01   2.3470118e-02   4.4348858e-02   3.8508475e-01  -5.2253645e-01   1.0913435e-01   6.5834270e-02   5.5970684e-01  -3.9070276e-01   4.1169881e-01   4.4614869e-03   6.6818086e-01  -5.6622564e-02   5.2367905e-01   4.0414991e-01  -1.9109268e-01   6.0066469e-01   3.1828191e-01   7.1947990e-02  -3.3850184e-01  -1.1237184e-01   4.3970935e-02   2.4419685e-01   2.4527701e-01   1.2322567e-01  -8.5152619e-02   1.6249174e-01
  -1.0895916e-01   5.7138099e-01   8.0845061e-02  -5.1074106e-02  -1.9071156e-01   4.1059114e-01   3.0337806e-01  -1.4057419e-01   4.4932019e-02  -1.9502582e-02   1.0831702e-01   0.0000000e+00  -5.1911517e-02  -1.2670571e-01   3.9688744e-01   1.6657510e-01  -1.6768137e-01   1.4753707e-01  -1.7415710e-02  -6.2262583e-02   2.2505783e-01   5.7621272e-02  -2.3792829e-01  -1.1605193e-01  -1.3769805e-01   7.4875828e-02   2.7134899e-02  -1.4776304e-01  -3.5384134e-01   3.3437940e-01   9.7719159e-02  -1.3175087e-01  -7.5653767e-02   9.6000406e-02   7.3027453e-01   7.3009158e-03  -1.7597656e-01  -5.3478738e-02   3.1429039e-02  -2.5829804e-01   1.0864433e-01  -1.1600293e-01   5.6623548e-01  -1.4188329e-01  -3.1634782e-02   2.0423092e-01   7.3111718e-02   1.2656606e-01  -2.8756379e-01  -8.0835940e-02   1.7688257e-01  -1.3794299e-01  -2.3860408e-01  -3.3520904e-01  -1.2164928e-01  -2.5303685e-01   4.8189463e-01   2.3366381e-02   2.0556020e-01   3.4446380e-01  -7.2396963e-02  -1.4845023e-01   4.1194558e-02  -3.3741464e-02  -5.5499693e-02   4.8987330e-01   1.9285648e-01  -5.7351639e-02   3.3476739e-02   4.0951592e-01   9.4932021e-02   3.2107257e-01   3.9329857e-02   5.6618138e-01   3.1714141e-02  -3.8537355e-01  -4.4581632e-02  -1.9095903e-03   4.5981098e-02   1.0276408e-01  -3.3252868e-01   1.9846039e-01  -2.0986124e-01  -2.9285590e-02  -4.9135173e-02  -1.4971506e-01   1.9104595e-01   4.7893674e-02  -1.0307113e-01   1.1922664e-01  -2.1359816e-01  -2.4908435e-01  -9.2894499e-02   2.0654961e-01  -3.0650793e-02  -2.2599383e-01  -8.7228720e-02  -8.9958449e-02   3.1627945e-01   2.2179271e-01  -4.7151420e-01   5.0581476e-01  -1.1422053e-01   1.1335978e-01  -2.0903327e-01  -3.6455583e-01  -3.3570192e-01   7.6836113e-02  -2.6143590e-01  -9.0955975e-02  -1.3472224e-01   2.0254111e-01  -1.3030649e-02   1.8863854e-02  -2.0572813e-01  -1.1518350e-01  -4.7054605e-02   1.3880637e-01  -2.0591550e-01   1.0955746e-01   1.2767855e-01  -2.5284860e-02   4.5399617e-01   1.1944132e-01  -3.1163423e-02   5.1151370e-01  -1.0970863e-01  -1.8898507e-01  -1.8099767e-01   5.1956572e-02  -8.7166398e-02  -1.7627554e-01   1.6026570e-01   4.3177428e-02  -5.9861047e-02  -1.8337034e-01   5.2099940e-04  -1.8137623e-01  -1.0650624e-01  -2.7359657e-01  -3.1241771e-03  -2.6873385e-01   1.1691193e-01   2.4429379e-01   1.0244823e-01  -9.8333892e-02   1.2759680e-01   1.7826460e-01   5.5346304e-01  -3.1385998e-01  -4.1883135e-01  -4.0743331e-01  -1.0390166e-01   1.3970800e-01  -2.7204819e-03   6.6418726e-02   2.0791580e-01   3.1948578e-01  -2.2188915e-01  -1.2649507e-01   1.4130068e-01   2.5121425e-01  -1.3813489e-01  -7.7916314e-02   2.3959008e-02   7.2901004e-02   3.5665427e-01  -6.6072751e-02   1.1154274e-01  -2.7660426e-01   3.4729703e-01   1.3967616e-01   2.2583360e-01   3.3179081e-01   3.1756130e-02   7.7818642e-02  -9.6822071e-02
  -4.4101933e-02  -1.3098627e-01   1.0258500e-01  -5.7509608e-02   3.5194179e-01  -1.1114092e-01  -2.1335590e-01  -1.7312203e-01   1.2863200e-01  -3.6892423e-02   1.1829792e-01  -5.1911517e-02   0.0000000e+00  -3.0236235e-01   7.4616529e-02   1.3762029e-01   1.7263844e-01   1.3607491e-01  -2.6307620e-01   3.2767343e-01  -7.1535365e-02  -1.0270363e-01  -3.6482401e-02  -1.4873861e-01   2.2186692e-01  -1.2673891e-01   9.6305135e-02  -2.2334522e-01   7.5939259e-02  -1.7276080e-01  -6.4014394e-02  -1.9417130e-02  -4.6852616e-02   9.0728345e-03  -3.3323588e-02   3.7337376e-01  -1.4192415e-01   6.5887200e-02   2.1733402e-01   1.5491943e-01   4.7302201e-01   6.1951151e-02   4.2807606e-02  -2.2788722e-01   8.3729672e-02  -8.0502927e-02   1.8723462e-01  -1.7726795e-02   2.5951781e-01  -4.3787674e-02   7.7037424e-02  -1.0528482e-01  -4.4832732e-03   8.6964628e-02  -1.9250116e-02  -1.2644517e-01  -2.5626590e-01  -6.3698615e-02   1.7009392e-01  -1.2522470e-02   1.5878241e-02   3.1369596e-01   1.2799684e-01  -7.2944404e-02   1.5481997e-01   3.8197900e-02  -1.2100753e-01   2.1677551e-01  -2.4294289e-02  -1.1188979e-01   5.0881113e-02   1.4431876e-01   2.9720835e-01  -1.6610176e-02   1.6386238e-01  -8.7455831e-02  -8.8978284e-02  -6.9581389e-02   1.4900398e-01   1.7445613e-01  -1.8067776e-01   1.8048291e-01   2.0590835e-02  -2.7535819e-01  -1.2926125e-01  -3.7470705e-02  -2.5655285e-01  -5.8222034e-02   3.3474817e-01  -2.1185175e-02   2.0167828e-01   7.8780719e-02   1.6829704e-01   7.3366492e-02   1.2680516e-01   4.3440527e-01   2.3339482e-01  -1.7280177e-01   2.1793892e-01   3.9170254e-02  -1.5818255e-01  -5.2480045e-02  -2.3078419e-01  -8.6139061e-02   8.6273326e-02   5.3605081e-04   1.3428657e-01  -8.1327523e-02   3.2633431e-01  -8.7886159e-02   8.4768676e-02  -1.7036294e-01  -2.9415520e-02   1.3989829e-02  -1.9098074e-01   2.2266128e-01   6.3667903e-02   4.2319930e-01  -2.2797566e-01   1.0825484e-02  -1.1305042e-01   1.1576271e-01   1.2701105e-01   1.8659070e-01   1.5394146e-03  -9.0646827e-02  -5.9010960e-02   4.2913497e-02  -4.3092649e-03  -4.9207639e-02   5.3478586e-01   1.0456157e-01  -3.0499313e-01  -1.0022029e-01   4.4474189e-02  -7.5637596e-02   1.2559255e-02  -3.0812255e-01  -1.4613156e-02   5.2488881e-02  -9.5015538e-02   5.0694324e-01  -1.0025697e-01  -6.9983930e-02  -7.3548540e-02  -8.6126461e-02   1.4191817e-04   1.2493553e-02  -2.3506769e-02  -6.0732961e-02   4.5611487e-02  -2.7577839e-01   4.4716266e-03   1.8300224e-01   1.1558512e-01  -2.7482024e-02  -1.3545901e-01   1.3782380e-01   8.5554818e-02  -2.1330965e-01   2.2344358e-01   4.4727830e-02   5.3464518e-02   8.1577803e-02   8.5672944e-02  -1.8961183e-02   6.1882463e-02  -2.6295413e-01  -8.6473214e-02   1.3247404e-01   7.7706398e-02  -5.6087791e-02   1.8340248e-01  -9.7538808e-02   1.5623749e-01   1.2830047e-01   2.2996632e-02
   1.9773116e-01   9.7654107e-02  -3.1082156e-01   3.2543323e-01  -4.4118437e-01   1.6052809e-01  -5.1384022e-03   1.7691423e-01  -1.6013851e-01  -2.0589326e-01   1.1355893e-01  -1.2670571e-01  -3.0236235e-01   0.0000000e+00   1.1912187e-01  -9.8036759e-02  -4.1130294e-01   2.1289996e-01   1.9948129e-01  -2.8594652e-01   5.3851039e-01   4.5276732e-01   1.7137995e-01   3.4323184e-01   1.0534583e-01   1.8796813e-01  -3.2597866e-01   2.8779444e-01  -1.9088142e-01   3.8323139e-01  -9.3776189e-02   2.7932519e-01   2.2664071e-02  -4.5007234e-01  -1.6400283e-02  -3.0171591e-01  -2.0994500e-01   4.4490268e-02  -1.0075596e-01  -4.4625512e-01  -1.5994458e-01  -1.5435753e-01  -3.8546847e-01   2.7287325e-01   8.0593587e-02   2.4881897e-01   2.4972646e-01  -2.2827443e-01   1.8110021e-01  -1.3775044e-01  -4.4862822e-03   1.8580241e-01  -3.2071951e-01  -1.7516688e-01   4.2995995e-01   1.2718720e-01   1.9061671e-01   2.3554960e-01   1.2347416e-01   2.1203613e-01  -6.8981496e-03  -1.3030748e-01  -2.5512638e-01   8.9949500e-02   2.2086753e-01  -1.5998406e-01   3.0678834e-01  -2.6933778e-01   2.3481407e-01  -1.7868691e-01  -4.9512558e-01   9.6699241e-02  -2.2501171e-01   1.7241237e-01  -2.1177558e-01   6.5243445e-02   7.7561136e-02  -8.2820624e-02  -3.2363941e-01   1.9165561e-01   7.5909685e-02  -1.6587224e-01  -6.5247203e-02   3.6243610e-01   2.0124708e-01   5.3648492e-02   3.8909416e-01   4.7539044e-01  -3.4612642e-01   2.4488471e-01  -2.1117653e-01  -1.7047305e-02  -5.1683774e-01   1.3568461e-01  -1.1962611e-02  -5.3456065e-01  -1.1830628e-01   2.7473534e-03  -3.7997546e-02   2.1235895e-01  -2.5962695e-02   1.1243380e-02   5.6807065e-01   1.6612225e-01   1.1598813e-01   2.9510689e-02  -1.1032194e-02   9.3153702e-02  -2.3220681e-01  -4.9912425e-02  -3.4476466e-01   4.7665378e-01   3.6628134e-01   1.8753379e-01   3.9085608e-02  -3.7477013e-01   1.1739953e-02  -2.2377729e-01   9.2713017e-02   3.1136588e-01   2.4994923e-01  -2.7868728e-01  -3.5054114e-01  -5.6790727e-02   2.3783865e-01   4.2747635e-01   2.4473247e-01   3.3503225e-02   5.6195068e-02  -2.8006300e-01  -2.0125448e-01  -2.5763581e-02   6.9545398e-01   2.3499069e-01  -2.3146299e-02   9.9616866e-02  -4.8766225e-02   3.9064589e-01   2.0359576e-01   7.0046401e-02   1.7497957e-01  -2.0958923e-01   2.3556603e-02  -2.3440008e-01   1.3598698e-01   4.9389201e-01  -5.1770936e-01  -2.3732124e-01  -8.9276697e-03   2.4425546e-01  -1.3021908e-01   4.1470354e-01   9.2462926e-02  -1.4210224e-02  -5.5142118e-01   1.6477018e-01   2.0728614e-01   1.9603705e-02  -4.9407373e-02   3.5525147e-01  -1.2720437e-01  -1.3931004e-02  -2.2338097e-01   1.8670001e-01   1.1441188e-01  -3.2862013e-01   1.0823619e-02   4.8086024e-01   1.0618675e-01  -5.0684557e-01  -3.8693894e-01   1.3706155e-01  -6.9614239e-02   5.8845049e-02   2.6681733e-02  -6.4678744e-02   2.2509772e-02
