   0.0000000e+00  -3.9348027e-02  -1.9428336e-02  -2.1986807e-01  -9.5988128e-02  -2.0413956e-01  -2.0385509e-01  -5.0230233e-03   6.6527503e-02  -8.3984436e-02  -2.7051958e-01  -2.8470859e-01   9.6999548e-02   5.3046504e-01  -2.3855086e-01   3.8671413e-02   7.7578034e-02  -3.7495246e-01  -1.0969509e-01  -1.5546165e-01  -2.3541764e-01  -3.6140355e-01  -1.9626680e-01   7.5866716e-01  -9.5121828e-02  -2.0222274e-01   6.1248002e-02   4.5140611e-01  -2.5551767e-02  -4.5627657e-01  -1.6077925e-01  -1.8222536e-01   3.1073060e-01  -8.3486461e-02  -2.3390073e-01  -2.2115585e-01  -7.2947067e-02   2.0027986e-01   1.1491260e-02   5.4092053e-03   1.2872888e-02   1.9069694e-01  -7.3292687e-02  -1.8626008e-01  -2.2045551e-01   4.1180597e-01  -2.3574277e-01  -1.0608707e-01  -9.8496044e-02  -1.7642294e-02  -1.6103802e-01   5.8381437e-02  -3.7893114e-02   8.4686401e-02   3.1636584e-01  -1.3482134e-01  -3.7272798e-03  -3.0636853e-01   1.3713267e-02  -2.4264829e-01   3.0495525e-01  -1.7500398e-01  -2.8062141e-02  -1.4373302e-01  -2.6187604e-01  -9.1735788e-02  -1.3801240e-01   1.2494571e-01  -2.5810380e-01   4.3485475e-01  -1.0801516e-01  -3.1679185e-01   4.5728868e-02   2.6007796e-01  -1.4363060e-01  -7.9002090e-02   2.9947442e-01   1.1059795e-02  -6.9129168e-03  -1.8961099e-01   2.6583621e-02  -8.5832972e-02  -2.9136986e-01  -1.4639171e-02   7.2854823e-01  -1.2306343e-01  -2.7611054e-01   4.8751610e-01   1.8720418e-01   7.9311772e-01  -1.9905564e-02   1.9436235e-01  -4.8436109e-02  -1.3615189e-01   1.5560476e-01  -1.7556598e-01  -1.4693740e-01   5.4962695e-03  -2.5081573e-01  -3.0450817e-02   4.6948625e-01  -1.2291299e-01  -2.5990292e-01  -7.3228204e-02  -2.4603183e-01  -1.1573765e-01   1.8200096e-01  -7.1013301e-02  -5.1008368e-02  -2.2781059e-01  -1.7655763e-01  -3.3312804e-01  -1.4338699e-01   5.6659693e-01   4.3158643e-01   2.7942820e-02   5.3762197e-03   1.4465587e-02   3.9261225e-01  -1.9165731e-01   6.0868320e-01  -1.3236534e-01  -1.9291196e-01  -1.3179717e-01   5.7937151e-01   1.8853504e-02  -2.4470587e-01   4.1850208e-02  -1.0008854e-01   8.1972104e-02  -2.7827076e-02  -1.6358967e-01   3.7100943e-01  -1.7908329e-01  -1.4491240e-01  -2.0241724e-02  -3.0130816e-02   3.3783288e-01  -2.6650884e-02   3.2320861e-01   7.6216964e-01   6.4514613e-02   1.9891383e-02  -6.1801409e-02  -8.0958842e-02  -1.8411636e-01  -3.8694268e-02  -1.1032521e-01  -2.5535025e-01  -8.4166477e-03   6.2886042e-01  -1.4454332e-01   5.4865356e-01  -2.2096960e-01   1.2455802e-03   4.8005144e-01   6.0518257e-01  -5.3626291e-02   2.5172096e-01  -1.8879037e-01   1.0404591e-02  -2.2065931e-01   1.8842292e-02  -2.9763213e-01  -2.6965727e-01  -9.2883699e-03  -2.8456924e-01   4.1362611e-01   6.7437583e-01  -8.3037877e-02  -2.2604400e-03   1.4097013e-01  -2.7692985e-01  -6.6448204e-02   9.8880956e-02   3.1285357e-03  -2.4282924e-01
  -3.9348027e-02   0.0000000e+00   2.3768182e-01   4.1459856e-02   1.0305075e-01  -3.6097513e-01  -2.8058140e-01   2.4929035e-01   6.6666848e-01  -2.3694722e-01  -1.7626214e-01   5.0975033e-01  -2.2968894e-01   1.2453588e-01   1.9829022e-01  -5.7684945e-01   2.8868679e-01  -2.8419898e-01   8.5783382e-03  -3.8387320e-01  -1.7908390e-01   1.3467211e-01  -4.9714134e-01  -7.4682766e-02   1.5190097e-02   2.7102037e-01  -4.5754798e-01   2.9622603e-01   9.6724432e-02   2.8931332e-01   5.1708167e-01   4.1048663e-01  -1.7037736e-01  -7.2523901e-02   2.9173474e-01  -5.7657988e-01  -2.5963651e-02  -5.7695909e-01  -5.3646188e-01  -2.1515499e-01  -1.3295789e-01  -2.8511575e-01   5.1263159e-01   9.1259567e-02  -2.1546644e-01  -4.2295469e-01  -5.2902442e-01   5.1813245e-02   1.6218634e-01   2.0890341e-01  -2.6230453e-01   4.0428294e-01   3.0297386e-01   3.4114561e-01   1.6801306e-01   3.9132359e-01   3.8445997e-02   2.4979432e-01   1.1523906e-01   3.6370997e-01  -2.6914755e-01  -2.4010264e-01   6.8998731e-01   5.5434877e-01   3.6607225e-01  -3.0162595e-01  -5.2586553e-02   1.6924784e-01  -2.1990234e-01  -4.6796942e-01   4.0363918e-01  -2.0658159e-01  -1.2061181e-01   1.7810444e-01   2.0312943e-01   4.6394786e-01  -4.3680842e-01   2.5590374e-01   3.3910098e-01  -9.4700674e-02  -1.6139036e-01  -2.5876040e-02   1.4847947e-01   3.5412596e-01   9.7415142e-02   4.7725956e-01  -3.5402830e-03   2.5493054e-01   4.7809323e-01  -2.0326501e-01   7.2916093e-01  -9.5126025e-02   3.9207226e-01   4.5145361e-01  -5.8718488e-01   1.0506375e-01  -3.6296426e-01   3.3960632e-01   4.0186969e-02  -2.8296278e-01   9.9181933e-02  -3.5722481e-01   1.4821886e-01   5.7841140e-01   1.2160901e-01   3.8888362e-01   2.8946966e-01   2.9019348e-01  -3.5777539e-01   4.0537215e-01  -1.4600620e-01  -2.5622994e-01   2.2219796e-01  -3.6249337e-01  -4.8415240e-02   6.8247857e-01   1.8617690e-01  -2.3608395e-01   3.2477982e-01   2.4695647e-01  -4.0318973e-01   6.2398989e-01   4.2620012e-01   3.8015567e-01  -2.4639133e-01   1.0837790e-01  -1.2161458e-01   3.6827841e-01   4.3061980e-01  -2.3893313e-01  -1.6654059e-01  -2.2748001e-01   3.5867823e-01   7.5999312e-02   4.9768644e-01   4.5740471e-01   4.8848068e-02  -8.1851205e-02   4.2388782e-01  -3.0150934e-01  -7.0422526e-02   9.5428444e-02  -4.2438031e-02  -2.1727935e-01  -3.9872354e-02   4.9315629e-01   4.2535441e-01   2.8559945e-01   3.8195422e-02   4.4027621e-01   9.7728778e-02   1.8235072e-01  -1.6708988e-01   4.1331179e-02   3.6762509e-01  -1.7669408e-01  -2.2710186e-01  -2.9975163e-01  -2.9250054e-01   1.0004730e-01   2.9745327e-01   1.9152937e-01   2.1358660e-01   1.3275013e-01   1.4531046e-01   4.2052934e-01  -9.9723107e-02   3.6259681e-01   1.0205884e-02   5.7462642e-01   5.2457162e-01  -5.2069734e-01   2.8573660e-01  -2.1455235e-01   3.6758427e-01  -1.3402583e-01   1.5391926e-01
  -1.9428336e-02   2.3768182e-01   0.0000000e+00   3.2035165e-01   8.8872492e-02   4.3428172e-01  -3.4694277e-01   1.7895928e-01   1.0958991e-02   1.2123601e-01  -1.5717214e-01   4.6308944e-01  -9.8634541e-02   7.0217010e-02   6.1332228e-02  -5.5546576e-02   9.0106702e-01  -1.3257031e-01   2.6318906e-01   1.6834374e-01  -3.8014414e-01   1.1991410e-01  -3.5732728e-01   2.6472000e-02  -4.1545061e-02   1.2694086e-01   2.5587334e-02  -1.6602635e-02  -3.9352552e-02  -3.1793648e-01  -1.9735428e-01   2.5912437e-01   2.0270802e-01  -8.9684588e-02   1.0709196e-02  -1.5095290e-01  -2.8358547e-01  -1.8049079e-01  -6.2853662e-02   3.3654710e-01   9.5996357e-03   1.7771553e-02   1.6115437e-01   6.7312423e-02  -1.6637583e-01   1.6796605e-01  -8.7197552e-02  -3.6888441e-01  -1.5059972e-01   4.6842936e-01  -2.5815693e-02   7.4908183e-02  -3.6394861e-01   1.1909791e-01   1.0306867e-01   1.4304284e-01   2.3809760e-01   1.4412629e-01  -8.7782425e-02   1.6433974e-01   2.2147940e-01  -8.8087658e-02   7.4746467e-02  -4.3774101e-02  -3.7670634e-01   4.6075507e-03   3.7789351e-01  -1.3605725e-01   1.0303395e-01   2.2762605e-01   6.9154309e-02  -8.0544357e-02   7.7134969e-02   1.7591970e-01   4.7325000e-02   1.8403703e-01   3.1129909e-01   1.7289663e-01  -2.5518015e-01  -2.4585879e-01  -1.3630484e-01   1.1033171e-01  -5.8871920e-02   1.5752782e-01   1.3720167e-01   1.9385689e-01  -2.4186779e-01   1.0541342e-01  -9.0421526e-02  -7.3638804e-02  -1.1811998e-01   4.5567094e-01   1.5607704e-01   1.6878186e-01  -1.6438018e-01   2.9903794e-01  -5.8471387e-02   8.9908835e-02  -5.2485989e-02  -3.0099815e-01   1.0790054e-01  -2.6694260e-01   4.3535265e-02   4.7040876e-02  -5.1439672e-02   2.6620810e-01   2.8520131e-01   2.0801641e-01  -7.2843519e-02   1.2480954e-01  -7.3356281e-02  -4.1948231e-02   3.8651163e-02  -1.5261087e-01  -2.0842756e-02  -2.5901046e-01  -1.0682770e-01  -5.1048614e-02   2.1835594e-01   2.0033415e-01   5.6832015e-02   1.3192944e-01   2.6709619e-01  -4.0886506e-01   1.6582443e-01   1.5528691e-01  -3.4653391e-01   4.2415319e-03   1.3522697e-01   3.2422925e-01  -5.7664146e-02  -4.9675056e-01   1.6041149e-01  -3.0018247e-01   1.5651858e-01   2.1161135e-01  -4.5145596e-02   3.4827605e-03   1.1600077e-01  -1.1157889e-01  -7.3388548e-02  -9.4102660e-02   1.0534892e-01   3.8405304e-01  -2.2461291e-01  -2.3969897e-01   2.0334287e-01   1.2909297e-01   3.2909535e-01  -2.8756721e-01   1.3036333e-01   9.9492142e-02   1.1082761e-01  -2.4232688e-01   4.2192580e-01  -8.2199263e-02   1.5209799e-01  -6.0236508e-02   2.9405011e-01  -8.5395218e-02  -4.9290908e-02   1.1267833e-02   9.0640067e-03  -6.0821406e-02   2.1850008e-01  -1.3500432e-01   3.8255517e-02  -9.2837068e-02  -4.8266765e-03   6.3880698e-02   3.3800452e-02  -1.0039488e-03  -2.3901142e-01   2.7860979e-01  -1.6313712e-01  -6.6069470e-02   2.7580070e-01
  -2.1986807e-01   4.1459856e-02   3.2035165e-01   0.0000000e+00  -1.8023325e-01   2.0803732e-01  -2.4822932e-01   3.4016169e-01   1.8201916e-01  -3.2975310e-01   1.6353647e-01   2.9317617e-01  -4.0336642e-01   1.5279628e-01   4.2719433e-01  -3.2854010e-01   1.8876054e-01  -1.0154522e-02   4.3464596e-01  -7.4252774e-02  -1.4203853e-01   6.6334190e-01  -2.8845771e-01  -1.2544098e-01   3.7145992e-01   6.1191170e-01  -3.0000086e-01   1.5316227e-01   4.5951100e-02   8.7532473e-02   1.2440464e-01   6.4131252e-01   5.5064237e-03  -4.3512379e-01   4.2670814e-01  -1.8495846e-01  -2.7547701e-01  -4.3224553e-01  -3.7803243e-01  -1.3951484e-01  -3.5460633e-01   2.1947946e-02   1.4512592e-01   3.7656897e-01   1.6693498e-01  -1.9982298e-01   6.2125967e-02  -5.0944224e-01  -5.2749863e-02  -1.5864813e-01   3.1891490e-01   4.6941027e-01  -4.8933852e-01   1.9503503e-01   1.8950986e-01   4.4650242e-01   4.9894993e-01   6.4101358e-01   9.6192728e-03   5.5570109e-01   8.8386118e-02   1.0102071e-01   2.3625226e-01   2.0507620e-01  -5.2334685e-02  -2.6570778e-01   4.1878610e-01  -2.1727538e-02   5.5154010e-01  -2.0675082e-01  -3.0615566e-01   5.9172961e-01  -1.8900662e-01   3.0399817e-01   2.3545415e-01   4.3545857e-01  -3.4796230e-02   2.1059995e-01  -3.2505087e-01  -2.9350811e-02   1.1832546e-02  -5.6488637e-02  -5.1611148e-02   4.6107705e-01   2.1395720e-02   4.4798870e-01   1.8955903e-01   3.6971898e-02  -3.4337005e-02  -2.1791450e-01  -2.7039402e-02   2.1664378e-01  -1.1481657e-01   4.8513922e-01  -4.6609680e-01  -3.1665634e-02   1.5724877e-01   3.8073718e-01   2.3194860e-02  -4.1297329e-01   7.0165523e-02   1.6040654e-01   5.0862869e-01   3.6409094e-01   6.0033795e-01   6.1231734e-01   1.7087626e-01   3.5836429e-01  -2.5728075e-01  -1.1521688e-01  -2.2152999e-01   5.0140129e-01   6.0768925e-01  -4.3513501e-01  -1.7412651e-01  -2.3609769e-01   2.1673438e-01  -4.4349019e-01   5.3074305e-02   6.3434776e-01  -2.3772521e-01   1.5250875e-01   3.9921326e-01  -2.0438772e-01  -2.9194609e-02   3.8880777e-01   9.2941287e-02   1.6160945e-01   5.6359473e-01  -3.3051884e-01  -3.0077309e-01  -3.5641693e-01   7.3483460e-02  -3.4670969e-01   5.2083820e-01   4.0491991e-01   1.1998181e-01  -2.7246651e-01   4.6021434e-01  -3.5872111e-01  -3.2920155e-01  -1.0956450e-01   2.3805015e-01  -1.1316152e-01  -1.9706574e-01   1.0158625e-01  -3.3315119e-01  -3.0192893e-01  -3.2442320e-02  -1.9746755e-01  -6.9596262e-02   2.3276004e-01  -7.5212584e-02  -1.7237691e-01  -2.7262722e-01  -3.8615362e-01  -2.3932399e-01  -1.7542594e-01   3.1957021e-02   3.7494909e-01   3.8068962e-01   2.8080427e-01  -4.4505323e-01   4.9379667e-01   6.7893567e-01  -1.3699151e-01   1.0935082e-01   2.0016399e-01  -1.8219778e-01  -1.5580320e-01  -1.2967488e-01  -3.3367525e-01   1.0165418e-01   2.9600545e-01   1.3941749e-01  -1.4297682e-01   7.2365000e-01
  -9.5988128e-02   1.0305075e-01   8.8872492e-02  -1.8023325e-01   0.0000000e+00   2.2260192e-01   2.1073733e-01  -2.3104102e-01  -2.4807858e-01   5.6646008e-01  -2.2507877e-01   1.3570636e-01   3.1690468e-01  -3.6987378e-01  -2.4897112e-01   1.0420537e-01   6.8141358e-02  -8.2529405e-04  -1.5405061e-01   7.0727642e-01   1.0990084e-01  -2.9597592e-01   2.4553492e-01  -2.0101019e-01  -3.8708716e-01  -2.8903184e-01   5.1658045e-01  -2.6690512e-01   1.2966474e-01   7.0915258e-02  -2.0017739e-01  -1.7619888e-01  -2.9314867e-02   3.1118721e-01  -4.9728111e-01   4.8706962e-01   3.7425770e-01   3.4228927e-02   2.5343327e-02   5.1572615e-01   2.2937946e-01  -8.9110388e-02   9.9256020e-02  -4.4775402e-01   2.8687944e-01  -1.4887921e-01   8.7763972e-03   3.6694904e-01   8.9910540e-02   3.8113599e-01  -2.6665792e-02  -2.3798241e-01   1.8977023e-01  -1.4577039e-01  -3.4711517e-01  -2.4429825e-01  -3.4452199e-01  -2.8501648e-01  -1.3353563e-02  -2.8990840e-01  -3.3959317e-01   2.2153679e-01  -1.6362521e-01  -2.4400418e-01   9.4114725e-03   6.1234313e-01   2.0623373e-01  -7.4159495e-02  -1.0624427e-01   9.2949931e-02   3.4789691e-01  -2.2226972e-01   3.3013051e-01  -2.7862185e-01  -1.4907656e-01  -1.2126853e-02  -2.7864285e-01   9.0911074e-04   5.5992416e-01  -1.1087183e-02  -2.4332215e-01   7.0443953e-02  -2.9801443e-02  -3.0844908e-01  -2.4605481e-01  -7.6618170e-02  -4.4607860e-01  -1.4476597e-01  -6.1418030e-02  -2.1905977e-01   2.7134058e-01  -3.0216787e-01   4.1293310e-01  -2.3545339e-01   3.0262147e-02   7.8997916e-01  -2.3441769e-02  -5.2549608e-02   3.5229175e-01   2.8279270e-01  -4.4386150e-01  -3.4999018e-01  -3.8114891e-01  -3.8035508e-01  -3.8661698e-01  -1.3578224e-01  -1.0921247e-01   4.5777427e-02   2.2447094e-01   5.0173024e-01   1.0714734e-01  -1.9366606e-01  -3.9338704e-01  -1.6607439e-01  -1.0317766e-01   3.1540394e-01  -1.3262547e-01   3.1863156e-01  -1.4026404e-01  -1.4932461e-01  -1.2597283e-01   3.6457523e-01  -2.2034722e-01  -6.8882593e-02  -3.5318182e-01  -5.3211611e-01  -1.2206097e-02  -1.6462178e-01  -2.0907024e-01   3.7638941e-01   3.1041104e-01   9.0700232e-02  -3.9035609e-01   1.4762661e-01  -2.2972236e-01  -1.1767716e-01  -1.6906043e-01  -1.3368144e-01  -1.9885660e-01   1.6150657e-02  -2.1011917e-03   1.6824882e-01  -2.9710102e-01   1.0503875e-01  -3.4128712e-02  -2.2192294e-01   3.0630691e-01   4.4862046e-01   5.1231052e-01   3.9530826e-02  -2.9779686e-01  -3.3855629e-01  -1.4265494e-01   2.0372187e-01   5.7545098e-01   2.2501858e-02  -1.1771912e-01   1.1610209e-02  -2.3882676e-01  -2.9880152e-01  -1.2162270e-01  -3.0763577e-01   5.4746967e-01  -3.3322962e-01  -2.0682326e-01   3.9855466e-01   2.5114701e-01  -2.1914664e-01  -3.2926059e-02   3.6446114e-01   4.1339645e-01  -6.7846833e-02   9.4888081e-02  -1.9385731e-01  -5.0274253e-02   2.2338898e-01  -1.9984883e-01
  -2.0413956e-01  -3.6097513e-01   4.3428172e-01   2.0803732e-01   2.2260192e-01   0.0000000e+00   9.8347743e-02  -7.2668965e-03  -4.8726579e-01   4.4865366e-01  -8.6084585e-02   1.9936020e-01   2.8461702e-01  -1.5716923e-01   4.5190181e-02   4.5924109e-01   3.6505226e-01   1.1314881e-01   3.2638381e-01   5.0457616e-01   1.0097198e-01  -7.2381179e-02   1.3599258e-01  -1.2798513e-01  -9.8523440e-02  -1.0197226e-02   4.6870404e-01  -2.2184880e-01  -3.5786202e-02  -1.7933734e-01  -3.3563058e-01  -1.0316475e-01   3.5757248e-01   1.3740278e-01  -1.7496804e-01   4.0048941e-01  -7.1910806e-02   1.6641582e-01   4.1558625e-01   4.8401536e-01   1.8346914e-01   2.3239064e-01  -1.4240593e-01  -3.9185472e-02   8.3989101e-02   7.3039907e-02   3.7313873e-01  -9.1578083e-02  -1.8504426e-01   1.9997516e-01   1.2187463e-01  -1.5165879e-01  -2.9065240e-01  -1.2260605e-01  -4.3478177e-02  -2.0442561e-01   2.7109750e-01  -4.4308870e-02  -2.4146693e-01  -1.2717649e-01   1.7859985e-01   1.3304600e-01  -4.1090690e-01  -3.8669683e-01  -4.9616148e-01   4.0247027e-01   6.5259844e-01  -1.1208600e-01   4.4436215e-01   3.3376681e-01  -1.1540478e-02   9.0251438e-02   2.5586511e-01   4.8847194e-02  -7.3972116e-02  -1.0269595e-01   2.6778335e-01  -1.9815958e-02  -2.1227732e-01   7.4923823e-02  -2.7579084e-02   1.6794479e-01   8.0539926e-02  -1.0737796e-01  -9.2839380e-02  -1.2145897e-01  -3.5558839e-02  -1.5131645e-01  -4.7470370e-01  -1.9196787e-01  -4.7113030e-01   2.3525347e-01   4.2562475e-02  -2.3381941e-01   1.8827479e-01   3.0986953e-01   2.1727610e-01  -7.5683098e-02  -9.4173026e-02  -5.6118833e-02  -7.3491052e-02   1.1028226e-01  -5.4440898e-02  -3.7881623e-01  -1.4222353e-01  -8.2850895e-02   1.1728325e-01   9.9764715e-02   1.8247752e-01   1.6535627e-01   1.4204470e-01   2.3166953e-01  -1.6303738e-01  -1.1304979e-01   7.4619735e-02  -4.8084494e-01  -2.2054297e-01   2.0502732e-01   9.6336037e-02  -4.1882258e-02   1.1012510e-01  -2.1350160e-01  -1.3548629e-01  -3.7595605e-01  -5.9974148e-02  -3.6431131e-02  -2.1945696e-01  -2.4648986e-01  -2.1710656e-01   4.1746191e-01   3.0971307e-01  -1.9544918e-01  -2.7981350e-01  -1.1107781e-01  -2.7977655e-01  -4.4163624e-02  -5.8514014e-02   4.6767442e-02  -1.1281934e-01   7.4069987e-02  -2.7360942e-02   9.6652299e-02   7.2575204e-02   6.2791657e-01  -3.6710117e-02  -4.5601945e-01   3.9763236e-02   1.2778753e-01   4.6784887e-01  -4.4212999e-01  -1.8784228e-01  -6.3076277e-02   1.0577694e-01  -2.3352463e-01   2.4688302e-01  -7.8358453e-02   9.3397951e-02   9.6933684e-02   2.2634813e-01  -9.9197042e-02  -1.6591804e-01  -1.1755631e-01   8.7241780e-02  -1.0395611e-01   1.2528329e-01  -2.5287199e-01   1.3198988e-02  -3.1479346e-01   2.7578716e-02  -8.9395193e-02  -1.1261196e-01   2.0310905e-01  -3.4718546e-01   5.8673164e-01  -4.0009397e-01  -8.8141249e-02   8.2835844e-02
  -2.0385509e-01  -2.8058140e-01  -3.4694277e-01  -2.4822932e-01   2.1073733e-01   9.8347743e-02   0.0000000e+00  -4.2169956e-01  -4.2910319e-01   4.8814663e-01  -1.2124344e-01  -1.0539994e-02   1.9802544e-01  -4.4720451e-01  -1.4302226e-01   3.4185921e-01  -3.8039977e-01   1.8716097e-02  -3.5914579e-01   3.4135009e-01   4.8139924e-01  -3.1603075e-01   8.2211006e-01  -2.9858063e-01  -3.6527493e-01  -3.5496159e-01   4.1242092e-01  -3.6110504e-01  -9.7144354e-02   2.7218317e-01  -1.9019066e-02  -3.0930823e-01  -2.0042538e-01   6.6388994e-01  -3.5516608e-01   5.3130716e-01   3.2968561e-01   2.7992281e-01   2.8241656e-01   3.0071544e-01   1.0607965e-01  -2.5253999e-01  -1.7030426e-01  -2.3441488e-01   3.8080937e-01  -7.6160523e-02   1.1366843e-01   6.0958058e-01   1.9450119e-01  -2.0769179e-01   2.7202937e-01  -3.5250487e-01   3.3545243e-01  -5.1460655e-01  -3.3509532e-01  -2.3963023e-01  -5.0236252e-01  -3.2643756e-01  -8.1879032e-02  -4.9021088e-01  -3.1347095e-01   3.4049545e-01  -4.6414448e-01  -2.9499660e-01   9.5756086e-02   6.0634191e-01  -1.1708059e-01  -4.2734475e-01  -2.1651204e-01   6.2276641e-02   3.3846650e-01   7.4399238e-03   2.9834851e-01  -1.8217921e-01  -4.0760187e-01  -3.4699933e-01  -1.8829221e-01  -1.3322236e-01   2.9311536e-01  -9.6965643e-02   3.4884982e-01   1.9990915e-01   2.6310909e-01  -4.7585490e-01  -2.5617063e-01  -3.4102351e-01   8.7621669e-02  -3.9384430e-01  -3.8174421e-01  -1.4512349e-01  -2.1816022e-01  -4.8191488e-01   3.2360814e-01  -4.7483554e-01   2.9383468e-01   1.2593295e-01  -5.4261236e-02  -3.2048211e-01   2.5344304e-01   6.6344446e-01  -2.1638287e-01   2.5490973e-01  -2.7361364e-01  -4.7385432e-01  -1.1980014e-01  -4.1233421e-01  -5.2177458e-01  -3.3738819e-01   4.3922819e-01   1.2641779e-01   6.8281048e-01   8.7429002e-02  -4.5708598e-01   5.6887644e-02   2.7634766e-01   1.1058590e-02  -7.4682730e-02   3.1915985e-01  -3.8938087e-01  -1.9928539e-01  -1.1033905e-01  -1.9849650e-01  -4.3873549e-01   2.2306916e-01  -2.2458210e-01  -5.3212436e-01   5.1815361e-01  -4.8916245e-01  -4.6020469e-01   2.6971160e-01   1.7996386e-01   5.4985502e-01  -4.8964920e-01   4.8152792e-01  -4.7582393e-01  -4.4446320e-01  -3.7894472e-01   1.8072337e-01  -3.9004569e-01   1.1718459e-01   1.7783895e-03  -8.9959827e-02  -2.0796907e-01   2.5201000e-01   5.0329090e-01  -1.5632274e-01   3.4744875e-01   2.9684940e-02   2.9609595e-01   1.4887308e-01  -1.4439605e-01  -2.8519958e-01  -2.6962269e-01   2.1242573e-01   1.0750435e-01  -4.5283081e-02  -1.5148980e-01   1.8439227e-01  -2.8776407e-01   2.8340333e-03  -3.0686949e-01  -1.6251320e-01   3.1773386e-01  -2.7774504e-01  -3.9047034e-01   2.3374644e-01   1.2113695e-01  -3.5193712e-01  -2.1096140e-01   7.5909971e-02   6.7763256e-02   1.7091365e-01  -1.0944864e-01  -2.0487189e-01  -1.3804533e-01   2.8933756e-02  -3.7914054e-01
  -5.0230233e-03   2.4929035e-01   1.7895928e-01   3.4016169e-01  -2.3104102e-01  -7.2668965e-03  -4.2169956e-01   0.0000000e+00   4.0221846e-01  -4.6099438e-01   9.6060648e-02   2.3222730e-01  -1.2808353e-01   2.0475841e-01   2.8298515e-01  -3.0176415e-01   1.2581429e-01   7.0754731e-02   4.5443853e-01  -3.9615253e-01  -2.6349081e-01   5.2589455e-01  -4.8080257e-01  -1.7377393e-03   1.8243517e-01   6.1116803e-01  -4.2525352e-01   2.2958908e-01   1.7670578e-01   3.6415483e-03   8.0669489e-02   5.4978416e-01   3.4304018e-02  -3.6061930e-01   5.2382852e-01  -4.3695835e-01  -3.5399057e-01  -4.0701765e-01  -2.5964493e-01  -3.7814177e-01  -2.4401683e-01  -1.1693100e-01   3.0256550e-01   4.1973062e-01  -1.5796528e-01  -1.6778281e-01  -1.2070331e-01  -2.9091964e-01  -1.3250849e-01  -7.4255254e-02  -6.8727351e-04   6.8580128e-01  -2.5871529e-01   2.7617688e-01   1.2018935e-01   3.6022897e-01   4.8383520e-01   5.8467186e-01  -1.4993390e-03   6.2844685e-01   8.4403139e-02  -1.2352611e-01   3.7643677e-01   2.8317197e-01  -8.9531312e-02  -3.6037963e-01   1.7121354e-01   1.7669718e-01   4.3569269e-01  -2.9650308e-01  -2.1228295e-01   2.8994010e-01  -2.7023486e-01   1.4497879e-01   2.2713631e-01   5.8884123e-01  -3.3957879e-02   3.8967069e-01  -1.8282063e-01  -5.8441627e-02  -1.0635464e-01  -1.5270937e-01  -1.1016808e-01   6.7253002e-01   2.7934866e-02   6.4000809e-01  -3.9852385e-02   1.9525588e-01   2.8023425e-01  -1.4550139e-01   1.6603114e-01   1.5889265e-01  -6.5207273e-02   5.3153138e-01  -4.7338229e-01  -1.7229338e-01  -1.5955753e-01   5.7572290e-01  -3.1067153e-01  -5.1522414e-01   8.6538776e-02   1.3216335e-01   4.6336740e-01   4.7559510e-01   4.8801780e-01   7.0000838e-01   3.3411278e-01   6.8442921e-01  -4.2267070e-01   1.9893773e-02  -3.3439137e-01   1.9832137e-01   4.4594926e-01  -2.3941804e-01  -3.1084621e-01   6.6752386e-02   3.0663646e-01  -3.3734228e-01   1.7513573e-01   2.7465646e-01  -1.7276099e-01   2.2768979e-01   3.3397791e-01  -1.0778653e-01   3.2018712e-02   4.1380372e-01  -1.8312231e-01   3.2334713e-01   6.5666105e-01  -3.2880758e-01  -1.6291920e-01  -3.6364604e-01   3.1195315e-01  -3.8593793e-01   5.1550295e-01   8.1632726e-01   2.4854766e-02  -1.5248684e-01   7.0592177e-01  -7.6952967e-02  -1.3839044e-01   1.3998799e-01   3.6805634e-01  -3.0379789e-01  -2.4193078e-01   3.1096388e-01  -2.3305185e-01  -1.1460338e-01  -9.7483625e-02  -1.8383421e-01  -7.8357092e-02   5.4347958e-01  -3.1498385e-02  -2.5036747e-01  -1.5476046e-01  -1.4653346e-01  -4.6341879e-02  -3.0306875e-01  -6.7400868e-02   3.1864531e-01   3.4058822e-01   4.3462351e-01  -3.1278006e-01   5.6858351e-01   6.2244348e-01  -5.5476187e-02  -3.6325920e-02   2.4856888e-01  -2.7232146e-02  -3.9192996e-02  -2.7789923e-02  -3.0966565e-01   1.0530207e-01   1.8109120e-01   1.4034681e-01  -2.9266052e-01   6.4498125e-01
   6.6527503e-02   6.6666848e-01   1.0958991e-02   1.8201916e-01  -2.4807858e-01  -4.8726579e-01  -4.2910319e-01   4.0221846e-01   0.0000000e+00  -5.7346079e-01   1.8164952e-01   2.0229936e-01  -2.2046279e-01   2.7603721e-01   2.9195514e-01  -6.1682940e-01   3.6577183e-02  -1.4958283e-01   1.1266159e-01  -5.7837656e-01  -1.6392432e-01   3.7324507e-01  -5.3133968e-01   5.6231321e-02   2.7261699e-01   4.5672724e-01  -6.2374616e-01   3.8388134e-01   5.0871449e-02   2.9494275e-01   4.7649738e-01   4.8696347e-01  -1.0239662e-01  -3.3050462e-01   6.2116452e-01  -6.2122899e-01  -2.6917819e-01  -6.0791472e-01  -5.8564686e-01  -5.8254866e-01  -1.6336562e-01  -1.3475831e-01   5.7161100e-01   2.4941844e-01  -9.9127873e-02  -3.2736957e-01  -3.3922922e-01  -2.1800583e-01   7.9428465e-02  -1.1484039e-01  -1.3931437e-01   5.6371457e-01   9.0385276e-02   4.2710283e-01   2.0700559e-01   4.2434961e-01   2.1711284e-01   4.2400430e-01   7.0123024e-02   6.5116425e-01  -7.8073628e-02  -1.9530182e-01   8.9378978e-01   7.0537431e-01   4.2866022e-01  -5.3238038e-01  -1.5159504e-01   4.6572717e-01  -4.2401593e-02  -4.9755372e-01  -7.7952306e-02   8.2787053e-02  -2.8750732e-01   1.2971458e-01   4.3123446e-01   5.2537043e-01  -3.1105418e-01   3.2584755e-01   8.9049992e-02  -2.8337803e-02  -1.6134770e-01  -1.5926257e-01  -4.9207675e-02   5.1580838e-01   1.0783405e-01   5.3407716e-01   1.4372352e-01   2.6967951e-01   6.4706528e-01  -1.0656255e-01   6.1586530e-01   3.5349516e-03  -1.7888420e-03   8.0047648e-01  -6.1585131e-01  -2.2944435e-01  -1.3618509e-01   4.2612719e-01  -5.7369027e-02  -4.1516238e-01   1.5869095e-01  -2.0596180e-02   2.5876348e-01   8.9521250e-01   3.3072693e-01   5.0799771e-01   3.2812376e-01   3.9263342e-01  -5.2070707e-01   7.1110106e-02  -3.7637527e-01  -1.6636410e-01   6.5612834e-01  -2.6203974e-01  -2.0909305e-01   4.9404392e-01   3.4397088e-01  -2.5863332e-01   3.5592063e-01   3.0069994e-01  -3.2514316e-01   4.0608265e-01   6.1236919e-01   3.2099601e-01  -2.6197297e-02   3.3991680e-01  -4.8376807e-02   5.5460623e-01   6.8578487e-01  -5.6933005e-01  -2.6496689e-01  -1.4387479e-01   4.9923398e-01  -1.6712068e-01   7.9164080e-01   5.3436346e-01   1.8695707e-01  -1.6178603e-01   5.5923409e-01  -2.4454315e-01  -9.3213847e-02   1.6015218e-01   1.5526827e-01  -5.0819653e-01  -1.1668854e-01   5.4780925e-01  -6.3859919e-02   5.5188718e-02  -2.8599765e-01   2.7230804e-01   5.6723883e-02   2.7204341e-01  -9.2976033e-02   8.0007414e-02  -1.4697972e-01  -1.7518399e-01  -1.9943719e-01  -3.3230176e-01  -2.2900377e-01   2.4611134e-01   5.5964782e-01   3.6346245e-01  -1.2997761e-01   4.1548634e-01   3.3571171e-01   1.9046083e-01  -5.7686950e-02   5.1103558e-01   2.7295300e-03   1.8590085e-01   2.1145434e-01  -4.7701382e-01   5.7311457e-01  -1.9237644e-01   3.4646344e-01  -2.8264710e-01   3.3936460e-01
  -8.3984436e-02  -2.3694722e-01   1.2123601e-01  -3.2975310e-01   5.6646008e-01   4.4865366e-01   4.8814663e-01  -4.6099438e-01  -5.7346079e-01   0.0000000e+00  -2.7738515e-01   4.3826064e-02   2.8282729e-01  -3.9022086e-01  -2.2683365e-01   5.0054573e-01   1.0456186e-01  -2.6626238e-02  -2.1083535e-01   6.7058817e-01   2.4017125e-01  -4.4699173e-01   5.8876962e-01  -1.5954589e-01  -3.9972969e-01  -4.8237695e-01   6.8097382e-01  -3.7739933e-01  -6.9830717e-02  -1.3266517e-01  -2.8414121e-01  -4.8782317e-01   1.5331977e-01   6.6547602e-01  -5.7602300e-01   5.6882643e-01   4.5911581e-01   3.3713142e-01   4.0739009e-01   7.0373973e-01   2.5451578e-01   2.5180006e-02  -1.5963651e-01  -4.1929343e-01   2.5335743e-01   1.0082651e-02   9.8754128e-02   3.1516055e-01   8.2348068e-03   3.5375408e-01   6.0085530e-02  -5.4216804e-01   1.6283415e-01  -2.6030097e-01  -2.7598858e-01  -4.3103635e-01  -4.1353789e-01  -4.8902994e-01  -2.1195297e-01  -5.7759364e-01  -2.6671929e-01   1.8121690e-01  -4.5894229e-01  -4.5676719e-01  -1.9878525e-01   7.5453560e-01   2.4515822e-01  -2.5677895e-01  -1.8880407e-01   2.9599191e-01   3.9531875e-01  -2.7376157e-01   4.1049650e-01  -2.9176530e-01  -2.5495693e-01  -3.9523173e-01  -5.9558344e-02  -1.4657442e-01   2.5121741e-01  -6.8581881e-02  -1.1820446e-02   2.0385022e-01   9.0856683e-02  -5.2937632e-01  -1.8428339e-01  -4.2518265e-01  -2.6572661e-01  -2.8261490e-01  -3.8690924e-01  -1.3386629e-01  -2.3137243e-01  -3.0177083e-01   3.9709078e-01  -5.5350967e-01   3.5522487e-01   4.9674780e-01  -2.9250904e-02  -2.6542883e-01   2.1863353e-01   6.1562539e-01  -2.6212406e-01  -1.8085793e-01  -4.8030157e-01  -6.1559456e-01  -5.3815661e-01  -4.8350363e-01  -2.3677171e-01  -2.4125969e-01   5.9531560e-01   3.6778476e-01   4.1040183e-01  -1.3319125e-01  -5.9088892e-01   8.9833113e-02   2.1586148e-01  -1.1601089e-01  -3.4038769e-01   3.5456145e-01  -1.9693060e-01  -3.2336707e-01   1.9105165e-02  -8.6215161e-02  -3.5838348e-01  -1.2671764e-01  -2.5319761e-01  -6.0035026e-01   4.1472273e-02  -3.6974346e-01  -5.5856441e-01   6.0593658e-01   3.7498245e-01   1.6426719e-01  -4.5805027e-01   3.2384982e-01  -5.3653626e-01  -4.7787891e-01  -2.1228504e-01   1.5965111e-01  -5.5462717e-01   1.4035463e-01   9.0752755e-02  -3.2294620e-02  -3.4129767e-01   4.8650799e-01   2.9466547e-01  -4.7054035e-01   4.6727243e-01   3.2918738e-01   5.7335760e-01  -1.6734901e-02  -1.1798625e-01  -4.6227027e-01  -1.1767022e-01  -6.8295825e-03   5.6033242e-01   1.8730600e-02   3.0901163e-03   7.7058120e-02  -8.5677988e-02  -3.9930834e-01  -3.7309872e-01  -3.9002804e-01   5.0983306e-01  -6.1289079e-01  -4.1661238e-01   1.9191520e-01   7.7294036e-02  -3.8199092e-01  -2.6080821e-02   1.4138176e-01   2.0301145e-01   2.8137533e-01  -2.9839037e-01  -3.9927142e-02  -3.9448735e-01   2.1055819e-01  -3.7473929e-01
  -2.7051958e-01  -1.7626214e-01  -1.5717214e-01   1.6353647e-01  -2.2507877e-01  -8.6084585e-02  -1.2124344e-01   9.6060648e-02   1.8164952e-01  -2.7738515e-01   0.0000000e+00  -1.7549180e-02   2.3911920e-02  -1.8592989e-01   2.9041292e-01  -4.0798289e-02  -2.0565676e-01   4.5910555e-01  -5.5502443e-02  -7.1406920e-02   1.3199838e-01   4.4435177e-01   3.7980926e-02  -2.3006543e-01   2.5711708e-01   1.2963209e-01  -1.1864165e-01  -2.2066048e-01   1.2766111e-01   4.1969361e-01   1.5289471e-01   8.8350680e-02  -1.4731814e-01  -1.9898104e-01   2.7724492e-01   2.0558809e-01  -2.1723938e-01  -9.8992477e-02  -2.2985594e-02  -3.0393947e-01   8.0623827e-02   2.6087200e-02  -4.9186072e-02   2.1541190e-01   3.3539072e-01  -3.7830933e-02   6.5205720e-01  -1.6415090e-01  -5.3908059e-02  -2.9889787e-01   2.6448848e-01  -6.8239754e-02  -1.7425563e-01   1.2490222e-01  -6.6650457e-02   8.1496391e-02   7.2828586e-02   2.8810336e-01   7.2977289e-02   3.2476601e-01   1.7481201e-01   2.2888273e-01   1.4895841e-01   4.6460513e-01   1.6527844e-01  -8.8583703e-02  -2.0583760e-02   2.4023151e-01   3.9044786e-01  -1.8248895e-01  -3.8810720e-01   4.3742883e-01  -8.0797208e-02  -1.9515368e-01   8.9542897e-02   4.9460447e-02   6.2237902e-02   8.0398759e-02  -2.3952098e-01   2.2995086e-01  -9.9037221e-02   5.3282941e-03   2.0903483e-02   8.2527953e-02  -2.5030240e-01   2.7428321e-02   2.3411676e-01  -2.4785302e-01  -5.4347767e-02  -2.2184939e-01  -1.0830391e-01   9.3945749e-02  -3.3135594e-01   2.3836438e-01  -6.9885975e-02  -1.9642340e-01   1.9914044e-01  -1.8188414e-02   4.4752376e-02  -1.9991774e-01  -1.7511173e-01   4.5981551e-01   1.3830939e-01   2.4507096e-01   3.1952370e-01   1.3797644e-01  -1.1084727e-01   9.2679154e-02  -2.2109262e-01  -1.1546234e-01  -5.0708804e-02   2.2042872e-01   3.6868993e-01  -2.5843992e-01  -3.5527383e-01  -2.2808090e-01  -6.0423422e-02   3.4784630e-02  -1.9315332e-01   1.5834292e-01  -2.5198565e-02  -2.9361996e-02   3.2498532e-01   5.1087218e-02  -2.0522216e-02   1.0525882e-01   1.4656404e-01   1.5375106e-01   1.8852410e-01  -2.1542438e-01  -1.4608942e-01   2.9282722e-01  -1.3872705e-01   1.3508511e-02   2.2744879e-01   4.0658929e-02   2.4831657e-01  -9.5142118e-02   6.5439905e-02  -1.1204933e-02  -9.9736637e-02   1.4349868e-02   4.8540057e-01  -6.4865018e-02  -4.4344265e-02   1.8576157e-01  -3.4294451e-01   3.6983716e-02  -3.5828146e-02  -1.8450580e-01  -2.9911189e-01   1.5281445e-01   2.4668419e-02   4.4218764e-01  -3.9037495e-01  -2.2326011e-01  -6.0313066e-02  -8.4639897e-02  -6.6732240e-03   1.7587371e-01   2.8700695e-01   5.4188035e-01  -2.3859978e-01   4.6152804e-01   1.9023821e-01  -2.0874015e-01   4.5373074e-01  -1.4547920e-01  -1.1063338e-01  -3.0104272e-01  -2.8552340e-01  -5.1344703e-02   6.2174126e-01   1.4140808e-01   8.0024123e-02  -1.0858037e-01   2.2434191e-01
  -2.8470859e-01   5.0975033e-01   4.6308944e-01   2.9317617e-01   1.3570636e-01   1.9936020e-01  -1.0539994e-02   2.3222730e-01   2.0229936e-01   4.3826064e-02  -1.7549180e-02   0.0000000e+00  -1.9417911e-01  -1.0828215e-01   4.7566745e-01  -2.0615904e-01   3.5644395e-01  -1.0720657e-01   1.3491608e-01  -2.5441233e-02  -1.3468373e-01   2.3433705e-01  -2.3002087e-01  -2.7103313e-01  -2.3429632e-02   2.4231723e-01  -1.6458418e-01  -5.5388807e-02   1.4896652e-02   2.5717082e-01   1.6183664e-01   3.3600309e-01  -8.0428037e-02   5.5406450e-02   2.1197772e-01  -2.1893745e-01  -1.6954864e-01  -4.0457451e-01  -2.6186058e-01  -1.4052322e-02  -2.1999414e-01  -1.7047492e-01   4.7279085e-01   7.3825833e-02   6.7641266e-02  -2.3290851e-01  -1.5415205e-01  -9.3034395e-02  -6.3876668e-03   2.1010913e-01   1.2409200e-01   2.2460528e-01  -1.3622842e-01   1.2363163e-01  -1.6078548e-02   2.6020229e-01   8.8872196e-02   2.8050771e-01  -3.2383455e-02   3.0096900e-01  -1.7359272e-01   5.3535515e-03   3.5048808e-01   2.6581856e-01   2.5601286e-02   5.4421076e-02   1.2796315e-01  -9.8098655e-02   1.7034927e-01  -2.2740190e-01   1.2812323e-01   4.2071838e-02  -4.7730339e-02   2.9143027e-01   2.7121026e-02   3.5642798e-01  -1.6948477e-01   2.0381055e-01   7.5457531e-02  -8.6294793e-02  -1.8573028e-01   1.2909630e-01   1.0444325e-01   2.0661628e-01  -5.9502161e-02   3.5238228e-01  -5.2228606e-03  -3.1864433e-02  -2.7610319e-02  -3.4415546e-01   2.2433571e-01   5.9250182e-02   3.5754579e-01   2.4099133e-01  -3.8358638e-01   3.2019498e-01  -2.5756493e-01   1.8848626e-01   7.1813095e-03  -2.9928132e-01  -9.1454597e-02  -3.0848845e-02   1.0445972e-01   2.4519645e-01   1.4985120e-01   2.8096231e-01   1.3741405e-01   3.4437468e-01  -3.0994377e-01   2.8088578e-01   1.0285316e-01   7.9813974e-02   1.0516838e-01  -3.9977519e-01  -8.4493711e-02   1.4690497e-01   2.6322681e-02  -1.3941701e-01   1.7055565e-01   1.8819422e-01  -3.3395544e-01   4.9805907e-01   4.7151320e-01  -8.3577030e-02  -2.1193170e-01   1.6301144e-01  -1.0449611e-01   1.5667731e-01   2.5411673e-01  -4.8832762e-02  -7.5731645e-02  -2.6717965e-01   6.2428591e-02  -1.1128001e-01   3.1265270e-01   3.4830810e-01  -7.0003201e-02  -1.3586492e-01   2.6315165e-01  -3.2058768e-01  -1.7864551e-01  -8.0723669e-02   2.0991944e-01   2.3583581e-01  -1.2959798e-03   3.5275886e-02   3.8543300e-01   1.0612495e-01   4.2504641e-01  -2.6690833e-02  -1.3084561e-01   8.5696097e-02  -1.4678320e-01  -1.2782996e-02   2.9773677e-01  -3.5169066e-01  -1.7167859e-01  -1.9586502e-01  -1.4661114e-01   6.3905362e-02   1.1660897e-01   3.2487713e-01   8.9121098e-02   9.7329812e-02   2.2832744e-01   2.5049107e-01   1.3727331e-01   6.0819652e-02  -1.3045252e-01   2.5983655e-01   3.4658021e-01  -3.0376003e-01   7.5609801e-02   1.5635352e-01   8.2697648e-02  -1.5703682e-01   2.5087537e-01
   9.6999548e-02  -2.2968894e-01  -9.8634541e-02  -4.0336642e-01   3.1690468e-01   2.8461702e-01   1.9802544e-01  -1.2808353e-01  -2.2046279e-01   2.8282729e-01   2.3911920e-02  -1.9417911e-01   0.0000000e+00  -2.6113513e-01  -1.7425216e-01   4.5965799e-01  -3.6520853e-02   1.9620982e-01  -1.2571888e-01   3.7031628e-01   1.8595499e-01  -4.2019519e-01   2.9623596e-01   2.4463077e-02  -3.7821915e-01  -2.8213035e-01   4.2909907e-01  -7.4835735e-02   5.0345176e-02   5.5607293e-02  -7.3145694e-02  -3.5044250e-01   1.8129523e-01   2.8634626e-01  -3.5293162e-01   4.7835751e-01   1.9506888e-01   3.1976059e-01   5.1139690e-01   2.5083573e-01   6.6401953e-01   4.1448210e-02  -1.1542189e-01  -2.8727891e-01   1.9905715e-01   9.2055138e-02   2.7992175e-01   3.7402208e-01   8.3647575e-02   1.2038943e-01   7.4891451e-02  -1.9900180e-01   2.4521229e-01  -2.1471441e-01  -1.7684857e-01  -3.7578752e-01  -1.7065438e-01  -3.4149920e-01  -2.6081049e-02  -2.7417583e-01   7.9599351e-02   3.1583468e-01  -3.1453318e-01  -2.0325128e-01  -1.2672857e-01   3.7334237e-01   9.2455604e-02   9.3062996e-02  -1.8944279e-02   2.7780460e-01   1.6370624e-01  -2.1069089e-01   5.5342736e-01  -1.9428854e-01  -1.7763434e-01  -2.3766434e-01   1.3215276e-01  -6.6844771e-02   3.0148965e-01   2.1425979e-01  -2.9215806e-03   1.9145671e-01   6.4268389e-02  -2.9956742e-01  -1.0575000e-01  -2.4779297e-01  -1.5912236e-01  -3.4060107e-02  -1.3623554e-01   7.0516527e-02  -1.6933560e-01  -8.2561671e-02  -1.7539426e-02  -3.3518784e-01   3.3801097e-01   2.3436897e-01   1.2903899e-01  -2.2733553e-01  -4.9680345e-03   2.8888731e-01  -6.4257046e-02   1.5624433e-01  -3.3672021e-01  -3.2958359e-01  -2.8755138e-01  -3.4338115e-01  -2.9264700e-02  -6.0067490e-02   1.6333213e-01   1.6926231e-01   1.2860011e-01  -1.9518236e-01  -3.5048752e-01   1.1377653e-01   7.7783972e-02   6.7473598e-03  -1.2830379e-01   7.3549254e-01   6.2607460e-02  -3.3152983e-01   2.0490445e-01  -1.1075446e-01  -3.0871701e-01   6.7793795e-02   1.4525177e-02  -3.0539316e-01  -3.4745799e-02  -1.8557570e-01  -3.6653430e-01   3.4883776e-01   5.4111048e-01   3.5143996e-01  -2.6156509e-01   2.2216800e-01  -4.1004181e-01  -1.9496875e-01  -9.8464737e-02   2.1516779e-01  -2.0226266e-01   3.3915047e-01   2.0996348e-01   5.4588963e-01   3.0533736e-03   2.5890753e-01   1.5875805e-01  -1.2439390e-01   6.6878132e-02   2.7913356e-01   2.0807985e-01   4.1695132e-02  -1.2936523e-01  -2.0554351e-01   1.1773214e-01   9.5053415e-02   2.7285036e-01   2.4200580e-01   2.1331257e-01   1.7187648e-01  -3.7086362e-03  -1.7391362e-01  -1.7429748e-01  -1.8038156e-01   3.5835319e-01  -1.6053374e-01  -3.4287328e-01   4.6880340e-02   7.3588060e-02  -2.0688423e-01   1.4453174e-01   4.2619756e-02   3.7399883e-03   2.7414962e-01   1.5399798e-03   9.3185877e-02  -1.3226038e-01  -1.4130946e-01  -3.0853327e-01
   5.3046504e-01   1.2453588e-01   7.0217010e-02   1.5279628e-01  -3.6987378e-01  -1.5716923e-01  -4.4720451e-01   2.0475841e-01   2.7603721e-01  -3.9022086e-01  -1.8592989e-01  -1.0828215e-01  -2.6113513e-01   0.0000000e+00   1.3772423e-01  -3.3978062e-01   8.9923266e-02  -2.3338861e-01   1.5030798e-01  -4.3652985e-01  -3.5964591e-01   5.9875385e-02  -5.5719939e-01   5.9568872e-01   2.1255655e-01   2.8186828e-01  -3.7448031e-01   6.4819833e-01  -4.5683246e-02  -3.2864096e-01   8.2034556e-02   1.7937646e-01   2.3973407e-01  -4.6470125e-01   2.8983471e-01  -5.2958584e-01  -1.7904475e-01  -2.5629670e-01  -2.9699954e-01  -2.9889392e-01  -2.8520428e-01   3.1229276e-01   8.4998704e-02   2.5697046e-01  -4.2222676e-01   6.9770220e-02  -2.0964982e-01  -4.2014467e-01  -8.8283339e-02  -1.0567051e-01  -3.1021875e-01   3.3337183e-01  -2.7211986e-01   4.3884938e-01   6.6850266e-01   2.8535577e-01   3.5951517e-01   9.2351127e-02  -1.0178645e-01   1.9342985e-01   2.7337118e-01  -3.4595922e-01   2.3585781e-01   8.3542955e-02  -1.3402017e-01  -5.5560376e-01   2.8645914e-02   2.7227200e-01   7.8685591e-02   2.5738668e-02  -2.7502946e-01  -9.3377270e-02  -2.4470074e-01   4.7308738e-01   2.8779056e-01   2.0381904e-01   1.0783888e-01  -3.4577052e-02  -2.2155396e-01  -7.7760212e-02   2.2628793e-01  -1.5645998e-01  -1.6501505e-01   4.8166206e-01   5.7244693e-01   1.7041872e-01   8.5828138e-02   7.0198005e-01   2.2961097e-01   4.0063959e-01   9.9325925e-02   3.5595701e-01  -1.7777310e-01   2.6828269e-01  -2.6093335e-01  -3.7550356e-01  -8.4145749e-02   2.3146129e-01  -3.5718408e-01  -4.1604230e-01   5.5548351e-01  -9.0238573e-02   2.7703004e-01   3.5245426e-01   1.1136331e-01   1.8741798e-01   4.7151738e-01   1.2989195e-01  -1.8314477e-01  -2.6507547e-01  -4.2025777e-01  -1.6561883e-02   2.8638446e-01   1.7497082e-01   2.7793603e-01  -1.0465315e-02   1.2545343e-01  -3.7495933e-01   5.5101810e-01   1.0602297e-01   3.1690940e-01   1.8039206e-02   2.2694286e-01  -8.4369424e-02   2.7248165e-01   5.2709003e-01  -2.5428385e-01   3.6967460e-01   2.7686490e-01  -3.2426235e-01  -1.9992724e-01  -4.4251009e-01   6.3091649e-01  -3.3159873e-01   2.7309940e-01   2.6024062e-01   2.4344508e-01   2.4940304e-01   2.6146071e-01   1.9685217e-02   3.8208549e-01   1.4269094e-02   2.1119641e-02  -2.1767523e-01  -1.6839466e-01   9.4867127e-02  -1.5579313e-01  -2.3661292e-01  -3.8824982e-01   3.2282858e-03   5.2838425e-01   2.5890795e-01   4.4361832e-01  -3.1484996e-01  -2.1536262e-01   1.6057704e-01   2.9884784e-01  -2.7428583e-01   2.7812269e-01   2.3375915e-01   1.9025238e-01  -1.5397785e-02  -2.7561350e-01   1.0553977e-01   1.4521452e-01  -1.0919647e-01  -3.4197868e-01   6.6378482e-01   4.8571987e-01  -1.2155198e-01  -2.1618876e-02  -1.8071127e-01  -2.0923224e-01   2.0622791e-01   1.0497450e-01  -9.4459785e-02   1.4901146e-01
