   0.0000000e+00  -2.5223227e-01  -2.3528819e-01   6.2747612e-02  -4.2211570e-01   3.3767663e-01  -1.4146997e-01   3.0368743e-01  -4.5166967e-02  -3.6842515e-01  -2.3940859e-01  -2.4076339e-01  -2.5454343e-01   3.6421938e-01   1.8082416e-01  -3.5659821e-01  -3.5977059e-01  -5.1183070e-02   3.7387218e-02  -4.0004789e-01  -1.6622648e-01   1.2597127e-01   1.4685264e-04   7.0995896e-01   2.7086509e-01   1.2771287e-01  -1.9854741e-01   4.7721137e-01  -3.8180767e-02   2.1675416e-01   1.3089786e-01   6.0100334e-02   7.2583659e-02  -8.9460020e-02   6.3451049e-02  -3.2183402e-01  -1.7321404e-01   6.9551882e-01  -4.7312510e-01  -3.4527610e-01  -1.3629485e-01   2.9840766e-01  -1.3330073e-01   7.6901272e-02  -1.5946327e-01   6.1564934e-01  -6.8952494e-02  -2.1586278e-01  -2.5892739e-01  -4.1026606e-01   1.4208573e-01   2.0169520e-01  -9.5593538e-02   2.5923471e-02   2.4861608e-01  -5.9414536e-02   2.2738025e-01   1.7205406e-01  -9.4627205e-02   2.9163757e-01   4.5418584e-01  -7.3878855e-02  -2.8837735e-02  -3.1200255e-01  -3.8705674e-02  -2.9448120e-01   2.9410840e-01  -1.4657709e-01   1.4630444e-01   1.8858188e-02  -4.1433136e-01  -1.1420541e-01  -1.6701725e-01   3.9831935e-01   1.5143822e-01   1.5779338e-01   5.7668385e-01   3.0021330e-01  -2.3710234e-01   9.2489887e-02   4.5886019e-01  -3.7359560e-01  -2.1389053e-01   1.5481943e-01   5.1401909e-01   2.0181052e-01  -7.6890516e-02   3.8403843e-01  -5.6065505e-04   8.8217622e-01  -1.7172770e-01   7.6693961e-02  -2.1083163e-01   1.6877192e-01   4.8190592e-01  -2.9482237e-01  -2.4092322e-01   2.8028332e-02  -1.1581696e-01  -9.8872656e-02   9.3443628e-02  -2.1605149e-01   2.8023239e-01   1.6484971e-01   5.3972147e-02   1.3923231e-01   1.5285707e-01   2.1410310e-01   3.0910686e-02  -2.5416559e-01  -6.0530777e-02   2.7100499e-01   1.5391874e-01   8.3546277e-01   6.4519155e-01  -2.4268606e-01   9.0538339e-02  -1.5138023e-01   4.9431759e-01   1.0940052e-01   7.7771856e-01  -2.4801421e-01   1.2968856e-01   3.4175475e-02   7.9862661e-01   3.4372511e-01   2.6349510e-01   1.6219980e-01   1.9373517e-01  -5.1466098e-02  -1.7949269e-01  -2.6839883e-01   1.3895346e-01  -1.1349670e-01  -7.5910670e-02   1.2880586e-01   3.0054549e-02   2.6736865e-01   9.5187326e-02   7.7455780e-01   6.6837420e-01  -1.5412858e-01   7.3143800e-02   2.9657429e-01   5.3815462e-02   2.2226329e-01  -3.3362329e-01  -1.5840473e-01  -2.0272960e-01  -8.6158314e-02   5.6067938e-01   3.5719809e-01   6.2620413e-01  -1.6841449e-01  -1.4280805e-01   8.1886698e-01   7.2618887e-01  -5.8619100e-02   2.1505788e-02   3.3000167e-01   5.3612045e-02  -1.8103549e-02  -3.2202375e-01   1.0417734e-01   1.4272061e-01  -1.4980127e-01  -1.1539503e-01   2.5121891e-01   7.3292293e-01  -2.5639899e-01  -4.3597953e-01   5.9768270e-01  -1.2199490e-01   1.4834475e-01   1.9417529e-01  -9.4003593e-02   2.1883057e-01
  -2.5223227e-01   0.0000000e+00   5.1045868e-01  -1.6541953e-01   4.8728289e-01   1.4407401e-01   1.0177894e-01   1.2140155e-01   2.1049634e-01   2.5033701e-01   5.3251469e-01   5.0064479e-01   5.8141082e-02  -8.4876262e-02  -1.1391085e-01   2.5272884e-01   4.6442404e-01   1.1081135e-01   2.3961975e-01   4.8234838e-01  -1.4856477e-01  -1.1001900e-01  -1.5835245e-01  -1.6709396e-01  -1.2095434e-01  -5.8215510e-02   4.8821318e-01  -2.0030367e-01  -2.5485343e-01   3.5034271e-01   7.9765930e-02  -1.2162862e-01   3.1193806e-01  -9.9188168e-02   2.2083289e-01   5.1003011e-01  -3.0176847e-01  -2.8256598e-01   2.0580053e-01   5.9022784e-01   2.0914573e-01   1.9817156e-01   2.2188321e-01   3.5635135e-01   2.5822266e-01  -3.2954378e-01   2.0930884e-01   3.8631033e-01   2.4042347e-01   5.9473757e-01   7.3733384e-02  -1.5127052e-01   1.1831985e-01  -1.9041296e-01   1.2412730e-01   9.9757121e-02   1.9581416e-01  -3.4962500e-02   1.5297005e-01  -7.0600386e-02  -1.4654437e-01   2.5176845e-01   3.8491723e-01   6.5871602e-01   3.5225892e-01   3.6625405e-01   1.5843680e-01   2.3312950e-01   6.5312575e-02   1.0039826e-02   7.5967319e-01  -6.4929247e-02  -8.0179968e-02   2.3210477e-01  -5.9979605e-03   1.6803268e-01  -1.6023102e-01   3.8282294e-02   5.6865250e-01   1.4633407e-01  -2.1180306e-01  -6.7216733e-02   5.4536631e-01   1.8846253e-02   6.6314921e-02   6.8325152e-03   6.4243423e-01   1.8947682e-01  -1.1848141e-01  -2.5782834e-01   5.2120739e-01   2.1175059e-01   5.1261494e-02   2.2599417e-01  -2.7183477e-01   4.2028967e-01   2.9860532e-01   2.3208779e-01   1.8612494e-01   1.1567315e-01   3.3229065e-01   1.8781196e-01  -7.6868309e-02   2.3048140e-01   2.1229309e-01   1.0632937e-01   1.1252504e-01  -3.1946981e-02   7.7276192e-02   7.4848320e-02   2.5310653e-01  -3.2637455e-01  -2.6244356e-02  -3.9628149e-01  -1.7960178e-01   6.4774426e-01  -3.3211173e-03   7.2047824e-02  -1.6556746e-01  -9.7501385e-03  -1.8451125e-01   4.5456495e-01   2.1822720e-01   1.8219050e-01  -2.5180694e-01   1.7548681e-02   3.1105266e-01   7.4605451e-02   7.7810185e-02   1.9172440e-01   2.1600126e-01   6.7999028e-01   1.0101507e-01   2.6686115e-02  -1.5941225e-01   2.0673620e-01   1.2376638e-01   2.9075884e-02   1.1071730e-01  -8.6692625e-02   9.1249015e-03  -5.4422560e-02   4.2369382e-01  -1.9143497e-01   2.3142581e-01   4.6839494e-03   5.1309078e-01   2.4671211e-01   2.1564471e-01   3.1336524e-01  -1.2216154e-02  -2.8650004e-01  -4.7387365e-02   4.9916690e-01   7.8385683e-01  -1.4654478e-01  -2.3558661e-01   6.5673324e-02   2.3300469e-01  -2.2249326e-01   2.7203055e-02   3.8127772e-01   3.6619112e-01   2.5855600e-02  -1.0855777e-01   6.7998146e-01   5.1466102e-01  -1.5873750e-01  -2.0974298e-01   2.9952285e-01   6.2371409e-01  -2.3268760e-01   1.4793322e-01   3.6180448e-03   9.7231249e-02   1.2785472e-01   1.4453199e-01
  -2.3528819e-01   5.1045868e-01   0.0000000e+00  -1.8349244e-01   3.7557187e-01   3.5551687e-04   1.7220600e-01  -9.4448881e-02   4.6546504e-02   4.2335995e-01   2.1816817e-01   4.2439920e-01   1.2661928e-01  -3.0633413e-02   1.2032970e-02   4.5564685e-01   8.3481383e-01   1.7820251e-01   9.7337200e-02   5.1020997e-01   3.3064632e-02  -6.2950735e-02   4.5814606e-02  -1.4359442e-01  -2.3098992e-01  -1.9807017e-01   2.6006640e-01  -2.3499071e-01  -9.1963718e-02   5.2190862e-03   2.3461669e-02  -1.4888401e-01   3.3458009e-01  -3.1284117e-02  -2.0537932e-01   3.6963890e-01  -2.1880894e-01  -1.7836011e-01   4.0568787e-01   6.6854190e-01   1.1368161e-01   1.9105119e-01   2.8910710e-02   5.8939611e-02   4.0050065e-02  -1.8700752e-01   1.8491855e-01   1.8486629e-01   2.2951580e-01   7.3695665e-01   5.0120677e-02  -2.6208883e-01  -6.8752913e-02   7.0583646e-02   1.7713332e-01   2.3725482e-01   1.1424618e-01  -4.8325778e-02   1.7557528e-01  -8.3875036e-02   8.0526696e-03   2.5739514e-01   3.1092377e-01   1.4517901e-01   4.6531775e-02   6.1949159e-01  -7.9927030e-04   3.8615735e-01   4.3911042e-02   5.4572657e-01   3.7392168e-01   6.7887520e-02   2.2943628e-02   2.8394078e-01  -5.0576604e-02  -6.5487625e-02   2.1803936e-02  -1.5414814e-01   2.4139535e-01   3.6534284e-02  -1.6633485e-01   1.4552475e-02   2.0031992e-01  -1.7399256e-01   4.7085830e-02  -8.2267128e-02   2.0740272e-01   1.1489480e-01  -1.1796995e-01  -2.3280175e-01   3.9666564e-01   4.4610810e-01   1.2094932e-01   1.9380719e-01  -1.1975094e-01   3.1625514e-01   3.1014469e-01   6.9953199e-02   2.7418981e-01  -3.6622503e-02   3.7465391e-01   1.4321872e-01  -2.5635705e-01  -1.2130848e-01   1.6663915e-01   1.6157322e-01   2.2812827e-01  -1.6017757e-01   1.1844812e-01  -2.6236133e-02   2.5877642e-01  -1.2090715e-01   7.7985808e-02  -2.6430124e-01  -1.2964729e-01   2.9197018e-01  -6.0111554e-03   1.3787098e-01  -1.5994444e-01   3.9857696e-02  -1.4264179e-01   2.8573575e-01   1.8167506e-01   3.3655996e-02  -2.4316894e-01  -7.6546008e-02   1.9052986e-01  -6.2667239e-02   1.2458289e-01   5.9736503e-01   1.9623188e-01   3.3743254e-01   1.1426650e-01   1.1429177e-01  -1.5287515e-01  -1.8572027e-02   2.0443367e-01   1.0953987e-01  -2.0356316e-02   1.7400848e-02   4.2939192e-02  -1.4283372e-02   8.2064627e-02  -5.6129424e-02   1.7973214e-02  -3.0219998e-01   6.1065696e-01   3.3382317e-01   1.2527936e-01  -7.5143154e-02   4.8345645e-02  -1.8584021e-01   1.1428659e-01   8.4125270e-03   7.3399497e-01  -6.5479400e-02  -1.2822469e-01  -1.8974708e-02   4.4147453e-01  -2.2469561e-01   2.0249956e-01  -5.3121658e-02   2.0867117e-01  -1.3294791e-01  -2.0645265e-01   2.1955285e-01   6.3540019e-02  -1.6257485e-01   1.0356910e-02   3.6038781e-02   4.5933521e-01  -1.4286769e-01   1.2839510e-01  -6.6247617e-02  -9.0603247e-02   1.2981850e-01   8.6505090e-03
   6.2747612e-02  -1.6541953e-01  -1.8349244e-01   0.0000000e+00  -1.0113073e-03   1.1432080e-01   3.3761958e-02   1.9429586e-01   1.6346812e-02  -1.3813287e-01   1.5745045e-02   4.1929508e-02  -2.4311233e-01  -1.3879933e-02  -4.1104031e-02  -1.2705920e-01  -1.7837260e-01  -8.2343018e-02  -1.2476047e-01   6.8568333e-03   3.9345638e-02   5.6748704e-01   8.7919147e-02   6.8518045e-02   2.2113085e-02   2.3136246e-01  -1.9658289e-02   1.6294145e-01   2.0120220e-01   3.5913104e-03  -9.7001517e-02   4.2323859e-01  -1.6681572e-01   5.6723121e-02   1.3355777e-01  -5.3855667e-03   1.7991625e-01  -2.6307612e-02  -1.6077904e-01   3.2604530e-02  -1.5534023e-01   5.2795937e-02   1.3416830e-01  -1.0852769e-02   6.0977651e-02   1.1432527e-01   2.6175013e-01  -5.6218179e-02   1.1593509e-01  -1.0802665e-01  -4.0446679e-02   2.1588688e-01   1.3994381e-01  -6.1728748e-02   4.3028470e-02  -3.5854709e-02  -9.7541602e-02   5.5587847e-01   2.8843373e-01   4.7150119e-01   2.7058858e-01   4.3841900e-02   2.2915359e-02  -2.2754786e-01  -1.3086753e-01  -2.5622669e-01   1.8094450e-01  -7.2363361e-02   2.5675775e-01  -2.6307981e-01  -1.0823682e-01   5.3565127e-01  -1.0911830e-01  -2.3174615e-03   3.0840638e-02   3.5350918e-01   9.5855782e-02   2.2082301e-01  -1.3708119e-01   3.0573307e-01   1.9707375e-01  -7.3277160e-02  -2.1227179e-02   3.3025048e-01   1.1477272e-01   3.5080507e-01  -2.4488019e-01   1.6964760e-02  -1.1174645e-01   2.7481375e-02  -2.3824681e-02   2.2173541e-01   7.5737869e-02   1.4054633e-01  -1.0167078e-01   1.0689799e-01  -1.3535578e-01   7.1315030e-02  -1.2467958e-01  -5.2278581e-03  -1.6316095e-01  -3.7592431e-02   4.6309957e-01   1.8651722e-01   1.6909275e-01   4.8422152e-01   1.4210443e-01   4.0522785e-01   2.9701433e-02   3.3134888e-02  -1.2318177e-02   3.4647178e-01   2.7635654e-01   8.2033779e-02  -1.1388611e-02  -1.4715920e-01  -1.2540444e-02  -2.2261772e-01   1.3339861e-01   6.7666353e-01   5.4711960e-02   3.2723216e-02  -9.1069748e-02  -8.3686094e-02   1.4618065e-01   8.4653768e-02  -6.5464901e-02   3.0943046e-01   4.8133687e-01  -3.3576498e-01  -4.9380828e-01  -7.0859758e-02   1.5649364e-01  -2.9193478e-02   5.2425567e-01   2.7347713e-01   5.8365173e-02   4.1566433e-03   1.3916234e-01  -1.0881208e-01  -2.8066971e-02  -4.6235128e-01   5.4990718e-04  -1.1633162e-01  -1.3852887e-01   1.0166749e-01  -2.4700009e-01  -2.8777135e-01  -1.7393087e-01   1.4677631e-01  -8.2476891e-02   2.9428025e-01   6.8282025e-02   5.6096768e-02  -2.7356652e-01  -8.7118180e-02   4.1484805e-02   1.8057494e-01   1.0502748e-01   2.5972799e-01   5.3381249e-02   1.0380746e-01  -1.0799432e-01   4.2438742e-01   4.9121581e-01  -3.1544312e-02   1.6820170e-03   3.0668039e-02   2.8694536e-02   1.6426255e-01  -3.6993441e-01  -1.6338592e-01   1.1727917e-01  -6.8738681e-02   1.1638713e-01   1.0511274e-01   4.7341904e-01
  -4.2211570e-01   4.8728289e-01   3.7557187e-01  -1.0113073e-03   0.0000000e+00   6.6108156e-02   7.0080340e-02   1.2080451e-01   1.8449133e-01   2.7577845e-01   4.5796710e-01   2.5153694e-01   4.2845794e-01  -3.8009995e-01  -1.1538541e-01   2.2527564e-01   4.6156794e-01   2.3768396e-01  -2.8657972e-02   7.8293457e-01   1.2615503e-01   1.5974017e-01  -3.5208828e-03  -3.1791946e-01  -2.6982448e-01   4.5510707e-02   4.8396728e-01  -1.5145227e-01   6.4054935e-03   2.2757769e-01  -2.2392518e-01   1.5970662e-01   1.0567949e-01  -1.9198877e-01   1.9599615e-01   6.9388589e-01  -1.4520625e-01  -3.5229206e-01   2.9579037e-01   5.3429953e-01   4.2286301e-01   4.4236040e-02   3.0100577e-01  -6.1327932e-02   4.4697186e-01  -2.6858911e-01   4.9550640e-01   3.8447782e-01   5.0304656e-01   5.0893932e-01   1.7011037e-01  -7.8888252e-02  -1.1290716e-01  -1.6056095e-02  -1.0174903e-01  -3.2023918e-02  -1.7189799e-01   1.9917116e-02   3.3127892e-01   1.0710975e-02  -5.3400497e-02   2.9003479e-01   4.0158771e-01   3.4849082e-01   4.7557930e-02   2.4516644e-01   2.0832907e-01   2.2245225e-01   2.0582024e-01  -7.3476427e-03   4.3196852e-01   1.1501088e-01   1.7578451e-01  -3.0690440e-02  -9.9394787e-02   8.2540199e-02  -1.7685929e-01  -1.6821892e-02   6.2975683e-01   1.6036891e-01  -1.6877807e-01   5.7138524e-02   1.6558024e-01   5.2441738e-02  -3.1938493e-01   1.1951122e-01   1.4358406e-01  -8.4887240e-02  -1.3296658e-01  -4.9456207e-01   4.3962454e-01   3.1837317e-01   2.1356289e-01   2.1848639e-01  -3.5903658e-01   6.1461198e-01   3.5629985e-01   2.9250005e-02   3.3643217e-01   1.5615277e-01  -1.4892555e-01   2.6050235e-01  -3.4527659e-03  -7.5444032e-03   3.8145755e-01   2.3265890e-01   1.1535915e-01   4.7044263e-02   2.4696220e-01   4.2470768e-01   1.2766682e-01  -1.5601997e-01   1.6939182e-01  -5.0858068e-01  -4.3016479e-01   6.0145582e-01  -3.3973801e-03   3.6805385e-01  -2.8599910e-01   9.3921135e-02  -2.2583907e-01   6.4774502e-01   8.5213618e-02   1.6103920e-01  -3.2692443e-01  -7.2518883e-02   2.4762671e-01   4.1211060e-02   1.1796535e-01  -2.7525418e-02   4.7013782e-01   6.1909474e-01  -2.1767610e-01  -5.4191700e-02   5.4959135e-02   2.0896551e-01   2.8416125e-01  -1.0054266e-01   2.2744837e-01  -2.9960604e-01  -1.3878767e-01   9.2892472e-02   3.1541598e-01  -3.0849705e-01   2.8880513e-01   6.2415421e-03   2.4916698e-01   1.6401644e-01   3.6945067e-01   3.8680909e-02  -3.7662997e-01  -2.1079786e-01  -1.4446409e-01   3.4954900e-01   4.4125248e-01  -3.4407550e-01  -2.3695101e-01   2.7055159e-01   2.7174895e-01  -9.2127372e-02   6.4583005e-02   2.4595965e-01   2.3645567e-01   2.2021557e-01  -3.2323431e-02   4.0938620e-01   2.0244754e-01  -1.9357719e-01  -2.6435265e-01   2.5228111e-01   4.8970168e-01  -3.7041790e-01   5.0015921e-01  -1.8495626e-01   1.9982301e-02   1.4248515e-01   2.1081052e-01
   3.3767663e-01   1.4407401e-01   3.5551687e-04   1.1432080e-01   6.6108156e-02   0.0000000e+00  -1.9403299e-02   6.7355156e-01   1.3218630e-01  -2.6904685e-01   2.6055480e-01   5.6468354e-02  -9.1670983e-02   2.2496832e-01   7.1698678e-02  -2.6194656e-01  -5.8918774e-02   1.7796907e-01   4.6972250e-01   6.6494611e-02  -1.9750137e-01   3.6143572e-01  -1.0106105e-01   5.2212283e-01   2.1582885e-01   6.2846756e-01   4.0452743e-01   6.7947340e-01  -3.6567630e-01   3.6670029e-01   8.6612827e-02   3.9464178e-02   1.6394311e-01  -1.4364510e-01   2.3023988e-01   2.1065801e-01  -1.5079297e-01   1.0958409e-01  -3.4252352e-01   1.6615471e-01   4.3774191e-03   4.1450479e-01   1.0157013e-01   3.4604694e-01  -1.9060494e-01   3.0982350e-01   3.1834686e-01   4.6359955e-02   2.1011884e-02  -2.4980604e-02   8.9413386e-02   5.6251824e-01   2.4298029e-02   1.8670846e-01   2.1433437e-01   7.0314118e-02   5.9283118e-01   4.5308428e-01   7.7101164e-02   4.4915910e-01   3.5312574e-01   6.5188845e-02   1.3449207e-01   4.5012509e-02  -2.1605209e-03  -1.2555708e-02   8.2046581e-01  -9.0003017e-04   5.5316044e-01  -1.6002329e-01   8.6321720e-02  -1.0001097e-01  -1.0329734e-01   5.2769196e-01   3.5747020e-01   3.6985370e-01   2.3075083e-01   3.3956971e-01   1.4300793e-01   2.0744377e-01   6.0850915e-01  -2.8625198e-01   2.5205390e-01   5.3066200e-01   3.0755870e-01   3.2666233e-01  -5.6367520e-02   4.8057433e-01  -1.5903871e-01   1.7696898e-01   2.7683995e-01   3.1158140e-01   7.2036975e-02   4.8154449e-01  -1.2398546e-01   1.9460651e-01  -1.8254908e-02   5.3985747e-01   1.6876622e-01  -1.7141377e-01   2.0911217e-01  -6.0073820e-02   6.2885943e-01   1.7973544e-01   3.0761894e-01   4.3731849e-01   3.5266758e-01   6.9497935e-01   1.4769945e-01   8.3060407e-03   2.0452669e-01   4.3185237e-01   1.7021488e-01   6.0808620e-02   3.9949402e-01   1.2754364e-01   3.2305194e-01  -1.1002316e-02   6.0902777e-01   2.3445138e-01   3.5760654e-01   1.1752504e-01   2.7123751e-01   1.4388857e-02   4.2353135e-01   5.7826747e-01   1.9081607e-01   3.5303542e-01   4.7214019e-01  -1.3161278e-01   9.1751723e-02   2.3757679e-01   2.7111065e-01   3.7520689e-04   1.7106601e-01   4.6623350e-01   3.8957147e-01   2.9347164e-01   3.1575651e-01   2.3033012e-01   2.3986867e-01  -2.2976574e-01   3.1327671e-01   1.9250663e-01   9.8577283e-02   1.6465732e-01   3.7383255e-02  -1.9854356e-02  -1.7198333e-01   9.4490163e-02   1.9759232e-01   6.2402778e-01   4.6428303e-01   8.0463662e-02   2.2908601e-01   1.7725705e-01   2.9597722e-01  -8.0318914e-02   2.4709433e-01   6.7510782e-01  -1.9367537e-01   2.6692920e-01  -4.1794785e-02   1.2994811e-01   3.6370359e-01   7.1730822e-02   1.5268795e-01   6.1402496e-01   3.1877564e-01   2.5807211e-01  -9.3033154e-02  -9.0955932e-03  -8.4758464e-02   1.8579089e-01   4.4268645e-01  -4.2577522e-02   6.1908781e-01
  -1.4146997e-01   1.0177894e-01   1.7220600e-01   3.3761958e-02   7.0080340e-02  -1.9403299e-02   0.0000000e+00  -6.9059363e-02  -4.8941957e-02   3.8940029e-01   4.2348317e-01   3.4397220e-01  -1.7548881e-01   2.7543137e-02   2.5289494e-01   3.9823596e-01   8.8369097e-02   1.6119402e-01  -2.0662626e-01   2.7693192e-03   3.5058357e-01  -1.5684475e-01   5.7722510e-01  -8.0850132e-02  -4.3612169e-03  -1.0536869e-01  -5.0723123e-02  -2.3381084e-02   3.9376960e-02   1.5227162e-02  -2.0425369e-02  -6.2409542e-02  -2.5133054e-02   5.2303320e-01   2.1006669e-02   2.9639303e-02  -6.1745552e-02  -1.3834205e-01   2.0467137e-01   3.4508799e-01   4.7689229e-02   6.4670988e-02   2.1294185e-01   3.1101917e-01   2.8602640e-01  -2.8288741e-01   2.2693302e-01   4.9057308e-01  -4.2318603e-02  -5.7788142e-02   2.8070201e-01  -1.0307666e-01   2.6485446e-01   3.9188090e-02   6.8988841e-02   5.1211317e-01  -1.1825632e-01  -1.5020792e-01   4.8210263e-02  -9.2941986e-02  -1.4457173e-01  -1.3724249e-01   3.4395436e-01   9.7636256e-02  -6.7795561e-03   3.3367516e-01  -2.8668266e-02   5.5447119e-02   1.7897315e-01   4.2507864e-01   5.3015392e-02   3.4230963e-01   1.6883760e-01   7.2554789e-02  -5.6977157e-02  -1.4824519e-01  -1.0037446e-01  -6.9833603e-03  -1.3862286e-01   1.3446159e-02   2.7038180e-01   1.9745561e-01   7.2031526e-02  -3.0688156e-02   1.1336121e-01   6.5365215e-02   2.3230616e-01   3.1262331e-01   1.1335628e-01  -8.0493441e-02  -1.8593209e-01  -1.5004632e-01   3.2121586e-01   3.6200216e-02  -1.3975221e-01  -1.8916818e-01   2.5130332e-01  -2.0922668e-01  -2.0608945e-02   4.4178732e-01   2.7552184e-01   4.3460687e-01  -6.3438984e-02   2.9729700e-02   2.6883672e-01  -3.9795816e-02  -1.1448680e-01  -1.4781142e-01  -6.6806157e-03   8.5644007e-02   2.6561107e-01  -8.7627662e-03   1.5411517e-01  -1.7131459e-01   2.1288195e-01  -2.0364010e-01   2.8306558e-01   2.5645673e-02   6.7532980e-02  -6.6748580e-03  -1.5723885e-01  -1.3788744e-01   9.8514659e-02  -1.7024701e-01  -2.4887678e-01   1.0115287e-01   1.3714224e-01  -9.3250582e-02  -7.0706740e-02   3.6377999e-01  -8.9729525e-02   5.1872560e-02  -9.9490219e-02   1.6816541e-01   5.1918575e-02  -1.6869547e-01  -1.0093975e-01   4.1394955e-01  -8.0872668e-02  -3.2797158e-02   9.0030295e-02  -2.2259220e-01   8.8346954e-03   1.3383315e-01   2.4406956e-01  -2.1082862e-01   5.1276135e-01   3.1801979e-01   3.9636450e-01   7.0876919e-03   3.1282446e-01  -3.0119825e-02   7.2744968e-03  -2.0099812e-01   1.1724515e-01  -7.5551813e-02  -1.0856372e-01   8.8106526e-02  -1.7688446e-01  -1.0423455e-01   1.0855740e-01  -2.5542663e-02   2.6190704e-01  -2.1474858e-02  -2.3157232e-01  -2.0602510e-02  -5.4771865e-02  -1.2949151e-01  -1.4619243e-01   1.2727373e-01   6.9083107e-02  -9.7992228e-02   9.8124583e-02   1.0913898e-01   8.8484187e-02   9.7083252e-02  -3.2808538e-02
   3.0368743e-01   1.2140155e-01  -9.4448881e-02   1.9429586e-01   1.2080451e-01   6.7355156e-01  -6.9059363e-02   0.0000000e+00   3.8693141e-01  -3.0396577e-01   2.4404303e-01   6.2099174e-02  -3.8891729e-02   5.9981895e-02   1.8577731e-01  -2.9213895e-01  -1.5802369e-01   2.3184401e-01   2.6344260e-01   2.5856197e-02  -1.4687894e-01   3.4526744e-01  -1.5508427e-01   3.7665149e-01   4.3033113e-01   6.1911849e-01   2.1353084e-01   6.0488798e-01  -1.0296684e-01   4.5621024e-01   1.8790207e-01   1.3796426e-01  -1.0586414e-02  -7.5235288e-02   3.4238302e-01   1.7617244e-01  -1.6768687e-01   4.2195455e-02  -3.2678966e-01  -1.6890050e-02   1.4097230e-01   2.6868768e-01   2.9474606e-01   3.7719731e-01  -3.9139938e-03   3.5040764e-01   3.0102643e-01   5.8634257e-02  -5.2979716e-02  -1.4732323e-01   2.5093665e-02   6.9583625e-01   8.8519844e-03   1.2457370e-03   2.0365002e-01   9.9708363e-02   3.6025449e-01   3.6586769e-01   1.6443737e-01   4.9880049e-01   3.9258591e-01  -2.5025202e-02   1.4410738e-01   1.2529663e-01   7.0688290e-02  -5.6233655e-02   7.1573711e-01   8.5553298e-02   4.7514403e-01  -1.8923963e-01  -3.0782760e-02  -2.3430197e-02  -3.8815302e-02   4.4413413e-01   2.6016413e-01   2.8842807e-01   2.9072302e-01   4.6363476e-01   1.8211466e-01   3.4882713e-01   5.4540153e-01  -2.1209778e-01   2.3432602e-01   6.6692046e-01   2.2187149e-01   3.7059424e-01  -1.4515551e-02   2.5954903e-01   2.8280415e-02   1.1074700e-01   1.4168752e-01   1.7376833e-01   1.1809445e-02   4.7429732e-01  -1.8847711e-01   8.4651253e-02  -2.1332738e-02   4.5300900e-01   1.3208595e-01  -2.2640691e-01   6.4535808e-02   6.9158417e-02   5.7098471e-01   3.7877941e-01   2.7852270e-01   3.2683225e-01   2.5247060e-01   6.6910535e-01   6.8344202e-02   2.1275530e-01   2.0374252e-01   3.9242625e-01   1.7671379e-01   9.2046753e-02   2.7499895e-01   1.0776162e-01   3.2117272e-01   6.8895699e-02   3.4144828e-01   2.2581971e-01   3.4684536e-01   1.3968324e-01   2.9078313e-01   8.1994876e-02   4.2153520e-01   4.5940030e-01   2.5598777e-01   3.0025699e-01   4.3739109e-01  -3.1318993e-01   2.8810648e-03   1.7841901e-01   2.4277091e-01   8.2148502e-02   3.5811758e-01   5.0218815e-01   3.7243856e-01   2.7780791e-01   4.0339551e-01   1.5286483e-01   3.3171304e-01  -3.3288746e-01   3.9509157e-01  -1.3192053e-02   1.9532636e-01   4.2823341e-01  -1.0677238e-01  -1.9340387e-02  -7.3535298e-02   7.2892426e-02   3.3884524e-02   5.4730070e-01   4.1392428e-01   6.0300077e-02   1.0240221e-01   1.8971978e-01   2.7882066e-01   1.1669390e-01   2.8867046e-02   5.6269103e-01  -1.0058320e-01   4.0640518e-01  -1.4334968e-01   2.9899373e-01   3.9432180e-01  -4.5778046e-03   3.2388774e-02   4.4600249e-01   2.2766358e-01   1.9403191e-01  -1.3273816e-01  -1.0234804e-01   5.5802373e-02  -3.9371823e-02   3.4121058e-01  -5.0598976e-02   5.6336735e-01
  -4.5166967e-02   2.1049634e-01   4.6546504e-02   1.6346812e-02   1.8449133e-01   1.3218630e-01  -4.8941957e-02   3.8693141e-01   0.0000000e+00  -2.5038346e-02   2.5834999e-01   7.3790381e-02   1.7774606e-01  -1.2777858e-01   5.9064775e-02  -7.6499623e-02   6.9525170e-02   1.4277098e-01   1.7497697e-02   1.6934429e-01  -4.6971347e-02   3.1453923e-01  -1.6999904e-01  -8.2880977e-02   1.1885916e-01   2.1081360e-01   2.2078805e-01   1.8675562e-01   7.0714873e-02   2.8017144e-01   1.1301136e-01  -5.2219258e-02  -2.1198689e-01   1.5590333e-01   3.7521493e-01   3.6371161e-01  -4.9296247e-02  -5.0913041e-02   5.3885438e-03  -4.2538420e-02   8.1257306e-02  -2.1236942e-01   3.6461953e-01   2.1198193e-01   3.0643521e-01   1.7387668e-01   2.6474972e-01  -6.6382792e-02   2.4763435e-02   4.1017410e-02  -3.2083851e-02   2.1880052e-01   3.7791084e-02  -2.2752674e-01  -5.9514119e-02  -3.5795172e-02   1.3092392e-01   2.8627674e-01   1.9637438e-01   4.1439979e-01   1.5761231e-01   1.2086174e-02   3.7459112e-01   3.9742007e-01   2.6264575e-01   2.1376962e-01   1.8931193e-01   1.0439093e-01   2.5898507e-01  -8.6153355e-02   3.4185430e-02   1.5357483e-01  -6.0665264e-02  -1.1018771e-02   1.5836403e-01   1.9474204e-01   8.1835967e-02   1.4757949e-01   3.4556467e-01   1.5812094e-01   3.6055291e-02  -1.2690240e-01   2.5642840e-02   2.8423283e-01  -3.1499406e-01   2.0973352e-01   3.2945738e-01  -8.6292428e-02   2.0359665e-01  -1.2868160e-01   1.2232951e-01  -4.0681915e-02   9.0412648e-02   4.8516930e-01  -2.7613550e-02   7.5738135e-02   1.1159514e-01   2.1408357e-01   6.2329769e-02  -5.0581339e-02  -1.2553652e-01   2.2330922e-01   7.2657886e-02   6.3887872e-01   2.2493743e-01   4.6238618e-02  -2.5455459e-01   2.3811462e-01  -7.3144859e-02   2.8775404e-01   1.4576460e-01   1.0375161e-01   2.0649369e-01  -1.7108676e-01  -1.1233465e-01   2.6823576e-01   9.8769648e-02   1.4856976e-01  -2.8930717e-02   5.4491022e-02   2.5788851e-02   8.8429254e-02   2.6341600e-01   2.7802107e-01   8.1794197e-02   1.9131158e-01   2.5351506e-01   7.0198194e-02   2.8694305e-01  -1.9562510e-01   5.3125064e-02   3.0151376e-01   1.1336389e-03   3.3356493e-03   3.0152659e-01   3.8924109e-01   1.0629451e-01  -7.4142657e-02   3.3213201e-01  -4.8648033e-02  -2.8523814e-02  -1.3369521e-01   3.7877323e-01  -3.9813170e-02   2.9380813e-01   4.7431998e-01  -5.2429821e-02   1.9316794e-01   1.2329531e-01   6.3214971e-02  -2.1020110e-01  -2.2575722e-03  -1.6606074e-01   1.0990835e-01   2.4271839e-01  -1.4562533e-02  -9.5933501e-02   4.9729559e-02  -7.2473323e-03   8.7332810e-02   8.2563251e-02   4.1184031e-01   9.7346186e-02   3.3340574e-01   1.6471903e-01   1.5077613e-01   2.5830822e-02   7.8107735e-02  -1.0607195e-01  -1.0546673e-02   7.6504405e-02  -7.2956056e-02   1.7976102e-01   4.4435921e-03   1.6081235e-01  -8.0044282e-02   2.6338877e-01
  -3.6842515e-01   2.5033701e-01   4.2335995e-01  -1.3813287e-01   2.7577845e-01  -2.6904685e-01   3.8940029e-01  -3.0396577e-01  -2.5038346e-02   0.0000000e+00   7.8421251e-02   7.3593050e-02   9.1970132e-02   2.7444498e-04  -3.8234453e-02   4.2907053e-01   4.8275379e-01   1.7309473e-01  -1.3212839e-01   3.4344134e-01   4.0223533e-01  -1.8199217e-01   4.7342428e-01  -3.4232401e-01  -3.1291974e-01  -1.5962607e-01   1.5348818e-03  -2.4068735e-01   2.0482780e-01   1.0557773e-01  -8.7072284e-02  -1.3970408e-01   1.8321041e-01   3.3112567e-01  -2.4730740e-01   9.9017019e-02  -7.5400183e-02  -1.8305166e-01   3.8192248e-01   4.2572773e-01   3.4928391e-01  -2.1070420e-02  -6.4018344e-03  -7.7892234e-02   1.9276242e-01  -2.3663266e-01  -3.5556284e-02   4.4391411e-01   1.7519441e-01   3.6234083e-01   2.6537961e-01  -2.2948488e-01   2.8869149e-02  -3.4272865e-02   2.9622616e-02   3.1865736e-01  -1.6004921e-01  -1.4266715e-01   1.8952038e-01  -3.5391200e-01  -2.0732521e-01   9.9633467e-02   3.2008876e-01   1.7590083e-01  -3.1788698e-02   5.8885372e-01  -1.8795262e-01   1.5769688e-01  -1.7651760e-01   4.8361186e-01   3.7160337e-01   1.8752849e-01   2.8953740e-01  -1.2529186e-01  -1.1666802e-01  -1.5455480e-01  -1.9462732e-01  -2.3003652e-01   3.7616080e-02   2.7811237e-02  -1.6392191e-01   2.9954178e-01   3.8732578e-02  -2.1402570e-01  -1.5905741e-01  -7.5441610e-02   1.8043549e-01  -1.2458931e-01  -1.9968588e-01  -3.2127651e-01   2.1701574e-01  -9.1349702e-02   3.6054897e-01   6.7864839e-02  -3.2578429e-02   1.3259564e-01   3.5013664e-01  -7.7818974e-02   1.6689692e-01   5.1330666e-01   1.7991219e-01   1.9650035e-01  -1.8559702e-01  -2.8532529e-01   1.2984061e-01   1.2230440e-01  -1.7234089e-01  -3.6055066e-01   1.6944038e-01   1.6662972e-01  -5.6049028e-02  -2.5113389e-01  -1.0235135e-02  -3.6168497e-01  -1.5041193e-01   1.6123096e-01   1.1358533e-01   2.3911100e-01  -2.6324351e-01  -9.7412866e-02  -3.2030794e-01   1.3845092e-01  -1.1611993e-01  -7.5143534e-02  -3.8654288e-01  -2.7959778e-01   1.2626131e-01  -2.8440546e-01  -3.0652285e-02   4.9442528e-01   2.2228489e-01   1.6535086e-01  -3.0370777e-01   5.7720908e-02  -9.5303332e-02  -1.7196336e-01   8.0676417e-02   2.3792291e-01   4.0912326e-02  -1.3152042e-01  -6.9927881e-02   1.0542969e-01  -2.3282957e-01   3.2253014e-02   2.2776629e-01  -2.4671498e-01   5.7037496e-01   4.9056571e-01   4.4881235e-01   1.8669044e-01   3.8235101e-02  -2.2137516e-01  -3.1023192e-01  -4.2493925e-02   3.0840882e-01  -1.6643051e-01  -1.6188898e-01   1.3306132e-01  -3.9089052e-02  -3.2058066e-01   1.3360981e-02  -2.2787049e-01   6.7130858e-01  -3.4078711e-02  -3.9419226e-01   1.1688656e-01   2.2487944e-02  -3.4009361e-01  -2.8941306e-01  -3.4420753e-02   4.2973782e-01  -7.6866295e-02   1.4226409e-01   5.7790526e-02  -7.9771368e-02  -2.2092067e-02  -7.6939080e-02
  -2.3940859e-01   5.3251469e-01   2.1816817e-01   1.5745045e-02   4.5796710e-01   2.6055480e-01   4.2348317e-01   2.4404303e-01   2.5834999e-01   7.8421251e-02   0.0000000e+00   4.2682744e-01  -2.8832781e-02  -8.2905464e-02   1.4220603e-01   2.1486015e-01   2.3089428e-01   2.4894969e-01   1.1454167e-01   3.7074452e-01   6.0585063e-02  -9.1426084e-03   4.9835601e-02  -1.0629916e-01   2.6042183e-02   6.3411604e-02   4.2754564e-01   1.2526445e-02  -2.1043044e-01   2.3692474e-01   1.5998782e-01  -2.9476348e-02  -6.3461911e-02   1.7447700e-01   3.0641851e-01   6.2643340e-01  -1.2077604e-01  -3.3690550e-01   2.1286686e-01   4.5356218e-01   1.9161946e-01  -2.2712035e-03   2.1537797e-01   4.8588364e-01   4.4244230e-01  -3.6669310e-01   6.0443651e-01   4.1393919e-01   2.4547325e-01   1.7104868e-01   2.2662937e-01   7.6778518e-02   2.6901727e-01  -1.6375015e-01   5.0496576e-02   3.3376703e-01   4.8683134e-02  -2.5377222e-02   2.6362526e-01   6.0591472e-02  -8.5289461e-02   1.0615214e-01   3.3968612e-01   5.3085443e-01   2.9047556e-01   2.3663938e-01   2.8019513e-01   2.3371989e-01   5.0148557e-01  -1.1247104e-02   3.9395948e-01   2.0973962e-01   7.8102705e-03   1.4430785e-01   5.9892631e-02   3.7951931e-02  -1.3119263e-01   8.2138972e-02   4.9696348e-01   1.9758119e-01   2.6294482e-02  -8.4111763e-02   4.3070592e-01   1.0175943e-01  -6.2694620e-02   8.6443070e-02   4.6382830e-01   1.1546238e-01   6.0636953e-02  -2.7304509e-01   2.7693667e-01   4.4411555e-02   2.3331035e-01   2.2624683e-01  -3.9739269e-01   1.9478608e-01   2.8574123e-01   1.6462668e-01   1.5436822e-01   1.4850766e-01   1.7075251e-01   4.4705213e-01   1.8322996e-02   2.3727353e-01   3.0052738e-01   6.7924074e-02  -9.5446780e-02   2.3413181e-01  -4.8679677e-02   2.9760195e-01   3.1720856e-01   1.3833656e-02   1.9440923e-01  -3.9346957e-01  -1.2697132e-01   4.5722947e-01   1.4664045e-01   1.8340302e-01  -9.0056658e-02   6.6659059e-02  -1.3481579e-01   3.0889734e-01   2.9147866e-01   3.1774720e-01  -2.6001665e-01   2.1987254e-01   2.8466840e-01   1.0868482e-01   5.8495250e-02   1.3888291e-02   3.9819668e-02   6.6104739e-01   1.0824508e-01   2.0832207e-01  -5.7872324e-02   1.7718799e-01   1.9206380e-02   1.6275428e-01   3.8601596e-02  -1.4049861e-01   1.8221119e-02  -3.3433639e-01   6.1496950e-01  -1.8942543e-01   2.5218158e-01   1.7910723e-01   3.6127230e-01   2.4527219e-01   2.8836391e-01   1.7359560e-01  -5.0364775e-02  -1.2732838e-01  -4.8168494e-02   4.0585628e-01   4.2311218e-01  -1.9501781e-01  -2.4967202e-01   2.7288195e-01   2.6055629e-02   1.1060874e-02   1.5578035e-01   6.0573221e-01   1.8936842e-01   2.3880448e-01  -4.4268829e-02   4.1091071e-01   2.5930162e-01  -1.2993224e-02  -2.2880557e-01   3.5130010e-01   2.5059259e-01  -3.8084979e-01   3.8358822e-01  -1.6367965e-01   1.2394754e-01   1.2346035e-01   1.5774578e-01
  -2.4076339e-01   5.0064479e-01   4.2439920e-01   4.1929508e-02   2.5153694e-01   5.6468354e-02   3.4397220e-01   6.2099174e-02   7.3790381e-02   7.3593050e-02   4.2682744e-01   0.0000000e+00  -1.8328422e-01  -1.7406618e-01  -3.2715443e-02   1.1441622e-01   2.6052256e-01  -1.7951362e-01  -1.5854915e-01   1.7611305e-01   6.4611959e-03  -4.7294702e-02  -1.3836203e-01  -2.3545564e-01   2.2159156e-02  -9.3481945e-02   2.2960576e-01  -2.3206791e-01  -2.2393244e-01  -8.8345457e-02   8.8433639e-02  -4.5636639e-02  -2.6277083e-02   1.4828737e-01   1.2323928e-01   3.0909075e-01  -4.4144041e-02  -3.8601868e-01   6.1146730e-02   5.5688103e-01  -1.7762676e-01   2.9358606e-02   2.4814874e-01   3.4129739e-01   2.1176229e-01  -3.6738716e-01   2.1918943e-01   2.9141223e-03   2.5016726e-02   3.3043084e-01  -1.4327959e-01  -9.2665552e-02   3.5955042e-01  -7.4854232e-02  -5.5930978e-02   2.6982442e-01  -7.7389345e-02  -2.2410645e-02   4.5090789e-02   2.1127228e-01  -4.9928903e-02  -4.2178135e-02   1.0065649e-01   3.1444006e-01   2.1089863e-01   3.4164083e-01  -4.5770781e-02   1.5067693e-01   1.3063963e-01  -3.5531035e-02   3.6253132e-01   9.9167370e-02  -1.8275938e-03   2.2398396e-01   2.1461205e-02   1.4288778e-01  -2.1019965e-01   5.4489030e-03   2.8096517e-01  -9.1053396e-03  -9.4847717e-02  -2.0021700e-02   3.7555458e-01   1.8382463e-01   1.1137564e-01  -9.6975645e-03   2.8571814e-01   1.5000918e-01   3.2184133e-02  -1.9982429e-01   2.0903346e-01   1.9486125e-01  -9.9851347e-03  -1.2838342e-01  -4.2973582e-01   2.2218344e-01  -4.3144831e-02  -1.6133729e-01  -1.3391457e-01   1.0397132e-01   1.9860110e-01   1.8830763e-01  -1.6971092e-02   2.9325560e-01   8.3654074e-02  -1.1227815e-01   1.5366002e-01   7.1163248e-02  -1.9084461e-01  -1.1439812e-02   3.9657148e-01   7.3290326e-02  -8.1697242e-02  -2.2021838e-01  -1.4279515e-01   1.2921018e-01   4.7952940e-02   5.1883061e-02  -7.8784732e-02   4.0725484e-02  -2.7906867e-01   2.2961863e-01   1.8658016e-01   5.7327638e-02  -3.0595832e-01   2.0184683e-01   8.1811959e-02   1.2234914e-01  -3.8883304e-02   3.5533951e-02  -8.0076905e-02   4.1140697e-01   1.9383799e-01   1.5616828e-01  -7.8814064e-02   7.4651935e-02  -2.3824064e-02  -1.2434066e-01  -4.2658808e-02  -2.3030723e-01  -1.2300098e-01  -2.6604074e-01   3.1404200e-01  -2.4298282e-01   9.7486378e-02  -1.7793219e-01   4.9697720e-01  -4.7108129e-02   6.2585143e-02   1.0868549e-01   3.9467502e-02  -1.4245777e-01  -2.9059065e-03   1.7517074e-01   3.9129136e-01  -2.6016840e-01  -3.2444249e-01  -1.0631240e-01   1.0865828e-01  -1.3144242e-01   1.3790290e-02   2.3045993e-01   8.4304858e-02  -8.0187171e-02   1.1165062e-01   3.7981628e-01   1.4725240e-01   8.4149618e-02  -2.6732301e-01   2.9775547e-01   2.7288061e-01  -4.1847369e-01  -4.9435128e-02   4.9250523e-02  -2.6518385e-02   1.8406177e-01  -4.7829127e-02
  -2.5454343e-01   5.8141082e-02   1.2661928e-01  -2.4311233e-01   4.2845794e-01  -9.1670983e-02  -1.7548881e-01  -3.8891729e-02   1.7774606e-01   9.1970132e-02  -2.8832781e-02  -1.8328422e-01   0.0000000e+00  -1.8557127e-01   4.9397327e-02   2.8047312e-02   1.5037549e-01   1.9873464e-01   1.6678654e-01   2.7622847e-01   4.1533330e-02   5.7888602e-03  -1.0653476e-01  -1.9573858e-02  -1.3023890e-01   1.3925225e-02   9.0953592e-02  -1.1967153e-01   2.1423972e-01   1.6038710e-01  -1.2855687e-01   7.9911591e-02   1.0577183e-01  -1.3537829e-01   8.8813179e-02   1.2511130e-01   6.4810087e-02  -1.0518919e-01   2.1502465e-01  -4.0290567e-03   5.3373537e-01  -6.2414557e-02  -1.7839755e-03  -1.8928502e-01   2.0574811e-01  -3.4748030e-02  -9.4880360e-03   1.8803471e-01   1.9949615e-01   1.6273642e-01   1.4725891e-01  -1.7162761e-01  -2.7685200e-01   9.8493288e-02  -3.2927530e-02  -3.4159911e-02   6.7695051e-02  -3.4143283e-02   1.0895795e-01  -1.4085023e-01  -6.6752465e-02   9.5822603e-02   7.2101308e-02   2.5902461e-02   2.7647218e-03   3.3433915e-02  -1.4315457e-03  -7.6929903e-02  -9.7587658e-02   2.7912864e-02   5.4296795e-02  -1.3812592e-02   2.5122230e-01  -5.9624680e-02  -1.2278615e-01  -1.0068420e-01  -4.9582574e-02  -1.5451097e-01   5.8100210e-02   5.3722897e-02  -1.4637345e-01   1.8086277e-02  -1.3235629e-01  -2.1265701e-01  -3.2671658e-01  -5.8969467e-02  -6.6199795e-02  -1.7890261e-01  -4.1323741e-02  -3.0548027e-01  -6.3652003e-02   3.9675788e-02  -2.7342148e-02   1.0033009e-01  -2.7839329e-02   1.5423843e-01   2.5608331e-01  -2.1536904e-02   2.5165850e-01  -4.9869414e-02  -1.9263921e-01   1.2854297e-01  -2.0656270e-01  -1.2742369e-01   1.4738508e-01   4.3355736e-02  -7.6086810e-02  -1.9498057e-01   3.5704496e-01   1.8918959e-01  -1.1690484e-01  -1.6250420e-01   2.3128852e-02  -3.0055166e-01  -2.9367539e-01   2.2409095e-01   1.9353967e-03   4.0332570e-01  -1.8691833e-01   1.1555953e-03  -7.0498794e-02   1.2262168e-01   9.2188975e-02   2.5805840e-02  -1.8643857e-01  -6.8258094e-02   5.9789800e-02  -8.3946426e-02  -4.7443189e-02   3.1031471e-02   5.5729836e-01   1.0453351e-01  -1.8874913e-01  -1.5174605e-01  -2.0040788e-02   2.1931246e-02   3.5393171e-01  -5.2676067e-02   1.3494520e-01  -5.8156854e-02  -8.6865027e-02   5.0909881e-01  -2.9649497e-02   1.4187012e-02   4.1225547e-02   8.9131002e-02   1.0561483e-02   4.2176527e-02   1.3061017e-01  -7.4836236e-02  -2.7203233e-01  -1.1487349e-01  -1.3700017e-01  -6.9561497e-02   1.5665518e-01  -7.9286526e-02  -6.1359190e-02   3.2836184e-01   1.7721586e-02  -5.4645320e-02  -1.2755806e-01  -8.4734285e-02   8.3502564e-02   1.1469023e-04  -1.4757538e-01  -2.8607568e-02  -9.2917289e-03  -8.0954266e-02  -3.7430144e-02  -1.0232165e-01   1.7848836e-01  -2.5575860e-02   2.2847999e-01  -1.1916965e-01  -3.9554897e-02  -6.5050869e-02  -3.0500109e-02
   3.6421938e-01  -8.4876262e-02  -3.0633413e-02  -1.3879933e-02  -3.8009995e-01   2.2496832e-01   2.7543137e-02   5.9981895e-02  -1.2777858e-01   2.7444498e-04  -8.2905464e-02  -1.7406618e-01  -1.8557127e-01   0.0000000e+00   2.3023788e-01   8.9161754e-02  -1.9731126e-01   5.7551746e-02   2.3583223e-01  -2.8817337e-01   8.3650168e-03  -1.2029692e-01   1.0132925e-01   4.4420212e-01  -4.5165442e-02   5.0978603e-02  -2.9711748e-02   2.9142105e-01  -8.2302978e-03   1.3110782e-01   3.7979942e-01  -1.7323920e-01   2.5463766e-01   7.7999039e-03  -5.9269402e-02  -2.0397522e-01  -4.0720457e-02   2.9727850e-01   5.3224727e-02  -1.4808575e-01  -8.4972591e-02   2.7241520e-01  -4.3400047e-01   1.9076793e-01  -1.5072238e-01   1.8460361e-01  -1.6372803e-01   1.3885244e-02  -2.1390265e-01  -9.1867204e-02   2.2525383e-02   8.7134147e-02   7.2071531e-02   9.3399973e-02   6.4482787e-01   2.2147859e-01   3.1897393e-01  -4.4450165e-02   8.9117015e-02   7.1264664e-02   1.3743045e-01   7.7659184e-02  -2.0844270e-01  -1.8747113e-01   3.1068664e-02   7.6791420e-02   6.0421126e-02   1.4273414e-01   4.0226293e-02   1.2491995e-01  -6.7630704e-02  -7.5391119e-02  -5.9488351e-02   4.8114778e-01   1.7188164e-01   1.1623518e-01   2.5542471e-01   8.4857358e-02  -2.4071114e-01   1.9513358e-01   2.6394471e-01  -1.5410741e-01   3.0148186e-02  -9.4858349e-03   4.5331731e-01   3.2562438e-02   1.1869369e-01   4.7409569e-01  -2.5803240e-01   3.4939049e-01   2.5466232e-02  -2.0692939e-02  -1.3344822e-01   1.2986613e-01   2.8417749e-01  -2.2638586e-01  -4.3593480e-03   1.6198677e-01   7.0164528e-02  -1.1746694e-01   5.1359513e-01  -1.8413191e-01   1.2153776e-01  -3.2073136e-02  -5.4239584e-02   7.8669112e-02   1.5739104e-01   9.4157874e-02   1.8327802e-01  -3.8622339e-01  -5.1145497e-02   1.0844624e-01  -8.3469207e-02   2.3557164e-01   5.1112857e-01  -1.1822001e-01   3.1332550e-02  -1.1765043e-01   4.1816725e-01   7.9583951e-02   2.3163537e-01  -1.9030811e-01  -4.4906179e-02   1.2620709e-03   2.2568042e-01   2.3354436e-01   2.0169309e-01   1.3534273e-01   5.4424379e-02   2.0939097e-01  -2.0186313e-01  -1.4876499e-01   4.1972117e-01   1.9381736e-01  -1.3705855e-01   2.9228077e-03   1.6647629e-01   4.8675396e-01   1.1290917e-02   4.0223906e-01   1.3669428e-01  -2.5131293e-01  -1.5687199e-01   3.6398825e-01   3.2271105e-02   6.8521593e-02   1.3108028e-01   9.2879194e-03  -2.8181178e-01   1.9319197e-01   5.5070176e-01   2.2823839e-01   2.7600712e-01  -1.9426459e-01   2.8302597e-02   3.0018529e-01   3.2057182e-01  -1.8922221e-02  -2.5403779e-02   1.7105597e-01  -8.1159533e-03  -2.0120463e-01  -1.0603251e-02  -7.7410438e-02  -1.6495301e-01  -9.8688659e-02  -5.3853307e-02   2.0134868e-01   3.5992704e-01  -1.9808715e-01  -1.5324065e-01   2.4360240e-01  -3.2906711e-01   1.9413701e-01   2.1219382e-01  -1.5650780e-02  -2.8040385e-02
