   0.0000000e+00   7.4437869e-02   1.7234439e-01  -3.4147390e-01   2.6278012e-01  -1.7410263e-02  -1.9835222e-01  -1.8694556e-02   1.4366422e-01   6.2523638e-02   3.6144534e-02   1.9933057e-01  -6.3750685e-02   5.8291121e-01   1.3218419e-01  -6.2272522e-02   4.8779641e-03   5.1146565e-02   2.0036041e-01   1.4823673e-01  -3.4638151e-01  -2.8782959e-01  -5.3061086e-02   7.7330490e-01   2.5374913e-02   1.6760098e-01  -2.5589946e-01   1.2509366e-01  -2.1573734e-01  -1.6497429e-01  -3.7519858e-02  -1.4456267e-01  -2.0059929e-01   2.0404234e-01   3.1156592e-01   2.9794672e-02  -2.5772675e-01   2.2710503e-01  -7.3145742e-03  -1.0056280e-01   2.6780262e-02  -1.1783847e-01   1.6270979e-01   5.0479654e-02   6.4485466e-02   4.0240465e-01  -1.5521941e-01  -8.3894079e-02  -1.2465742e-01   5.8343527e-02   1.1277997e-01   1.4645807e-01   9.1607695e-02  -1.1027743e-01   2.7932369e-01  -1.1969187e-01   2.6910123e-01  -2.2503545e-01  -1.1836457e-01   1.7063311e-01   2.7048704e-01   2.4356053e-01   5.6981237e-02   6.2896428e-02   1.4150367e-01  -1.7471859e-01   8.3715133e-02  -3.4691830e-02  -1.5005915e-01   1.6758268e-01   4.7242634e-02  -1.4684518e-01  -2.2492018e-02   4.2491928e-01  -1.3490152e-01  -1.9487476e-01   1.5120753e-01   4.7986228e-02   1.2994920e-01  -3.5424747e-01  -1.3347473e-01  -4.8118988e-02   3.3419646e-01  -1.2249209e-01   2.9972736e-01  -7.4949978e-02   4.4266465e-01   5.1209635e-01  -1.7480815e-02   6.7081682e-01   2.0210574e-01   2.6722733e-01   2.1962116e-01   1.1549137e-01   3.5712150e-01   7.5148825e-02  -1.5338306e-01   1.8998862e-01   1.5972133e-01  -5.4960144e-02   2.6166633e-01   1.5937815e-01  -3.1799916e-01   4.3439325e-02   6.0224549e-02  -2.4320924e-02   9.3920458e-03  -5.3140797e-02   6.8054726e-02  -7.0698338e-02   1.1884194e-01  -1.6293998e-01  -4.8222208e-02   8.2994365e-01   3.4364949e-01   2.8078564e-01  -2.4161093e-01   1.0566543e-02   1.7715495e-01  -2.8364365e-01   7.0741608e-01   1.1397691e-01   1.5298105e-01   2.7629586e-01   2.1928563e-01   3.8184111e-01  -3.9644338e-02  -4.9360363e-02  -4.2678728e-02   1.7406003e-01  -6.6286074e-02   3.0011188e-01   3.0985600e-01   6.9581930e-02   9.6246881e-02   5.3771015e-02  -2.7533828e-01   1.2838982e-01  -1.2075603e-03   8.7680867e-01   7.4074499e-01  -2.2169216e-01   6.7470705e-02   2.1086646e-01   2.1424206e-02   1.6527830e-01   2.7465271e-01  -1.2892747e-01  -1.8768417e-01  -6.9590464e-02   4.6612406e-01  -3.1912007e-01   5.2287253e-01   1.5478740e-01   1.8390512e-01   6.9958995e-01   5.1787646e-01  -9.2333003e-02   1.6946028e-01  -1.2089467e-01  -2.0227810e-02   1.5499087e-01  -1.4938220e-01  -2.3655206e-01  -8.9038599e-02   1.6426136e-01   1.2183572e-01  -5.4124143e-02   4.3474196e-01   1.9387942e-01   1.2458422e-01   6.0017956e-01   6.5167528e-02   2.7379943e-01  -1.3813065e-01  -2.5517235e-01  -8.2882200e-02
   7.4437869e-02   0.0000000e+00   6.2719630e-01  -7.9544408e-03   4.0169435e-01   2.2081685e-01  -1.2882981e-01   3.3225875e-01   6.8690438e-01   3.0680066e-01   4.7133622e-01   5.6402009e-01   2.6559145e-01   3.0609862e-01   4.6835897e-01   4.9660535e-02   3.9666793e-01   2.9629610e-01   4.4134501e-01   2.7156470e-01  -9.5231474e-02   1.6991565e-01  -8.6796913e-02   3.6900545e-01   2.4394414e-01   5.1713144e-01   3.0940760e-01   1.1490582e-01   2.0073842e-01   5.6860163e-01   3.4342319e-01   2.1457178e-01  -1.5707248e-01   2.0271312e-01   5.1983983e-01   1.7824131e-01   1.3929209e-01  -3.2050739e-01  -2.0199800e-01   8.0883825e-02   3.4510198e-01  -2.2014800e-01   4.1372153e-01   3.3779672e-01   2.6254391e-01   4.5222378e-01   1.4260257e-01   3.7547212e-01   1.5450887e-01   3.5167719e-01   9.8607400e-02   3.9571785e-01   4.6775387e-01  -8.2690098e-02  -1.1068279e-02   2.5209832e-01   4.6366392e-01   1.4767811e-01   2.4584171e-02   5.1853384e-01   4.9645696e-01   2.7685676e-01   4.9704451e-01   4.2566460e-01   3.2843835e-01   1.0862586e-01   2.3491612e-01   2.5369539e-01   1.2909512e-01   1.7494953e-01   6.7707661e-01   1.4935615e-01   7.3754652e-02   3.6232943e-01  -3.8118126e-01   8.3361808e-02   7.0957549e-02   1.6451571e-01   5.5720905e-01   1.0003269e-01   8.2799646e-02   4.3211968e-01   1.0982727e-01   4.2073948e-01   5.4366670e-01   3.7256361e-01   5.2683461e-01   2.0433971e-01   3.5007258e-01   2.9137544e-01   5.3994225e-01   1.9770024e-01   1.0919763e-01   4.1873202e-01  -1.2147535e-01   3.9509768e-01   2.2607371e-01   5.1859247e-01   4.9382870e-01   1.0176754e-02   1.9297356e-01   4.4852930e-01   1.7716063e-01   6.6066472e-01   2.1798510e-01   3.0902187e-01  -7.9924962e-02   4.1697397e-01   3.5007724e-02  -7.7801228e-02   2.7471472e-02   1.1467234e-01   2.7517644e-01   4.7605850e-02   3.4860351e-02   5.2601130e-01   2.5456675e-01   2.4376909e-01   4.0283307e-01  -1.6192863e-01   2.8035619e-01   3.5082613e-01   4.5003893e-01   3.4961855e-01   2.2521138e-01   2.3525414e-01   2.2258729e-01   1.4488177e-01   3.1038490e-01   6.5355435e-02   1.8177542e-01   5.5377887e-01   5.2186414e-01   2.2170298e-01   3.8340858e-01   2.8453468e-01  -5.4661673e-02  -1.2248284e-01   4.8159349e-01   1.1118103e-01   2.7468311e-01  -2.9393440e-02   4.1231041e-01   3.9222575e-01   3.1313864e-01   2.0818252e-01   2.7313782e-01   1.8054189e-01  -6.4960062e-02   2.2819820e-01   3.3481375e-01   3.9813251e-02   4.0366568e-01   5.7059811e-01   6.9542939e-01   3.8179835e-01   4.8460918e-02   3.0624254e-01   1.5810519e-01   2.2586682e-01   2.0717687e-01   3.5665879e-01   5.8574815e-02  -1.9704354e-01   2.3184383e-01   1.5565406e-01   5.7426383e-01   5.2374628e-01   1.5632308e-01   7.6109228e-02   3.6395503e-01  -2.4174853e-02   3.4827434e-01   3.8927183e-01   3.0225783e-01  -3.2296100e-01   4.3590719e-01
   1.7234439e-01   6.2719630e-01   0.0000000e+00  -2.5364268e-01   2.2668945e-01   1.7502088e-01  -2.3552298e-01   1.9597438e-01   4.8664228e-01   3.7840047e-01   1.5379808e-01   6.4097364e-01   2.1398393e-01   1.3029013e-01   4.2081240e-01   9.2996309e-02   5.1880447e-01  -1.5422932e-02   2.0016608e-01   7.9594500e-02  -2.8889780e-01   1.4189542e-01  -1.2233593e-01   3.1178275e-01   2.2973366e-01   3.9357140e-01   2.8767871e-02  -1.6353868e-01  -1.0915848e-01   2.6044092e-01   1.2407988e-01   3.0091129e-02  -1.6575290e-01   2.4418496e-01   3.6191390e-01   7.2091027e-02  -3.9079637e-02  -1.2610133e-01  -2.6713500e-01   2.7691710e-01   4.9930187e-02  -3.1979395e-02   3.5530257e-01   1.5542866e-01   8.9051670e-02   5.9381025e-01  -1.4488669e-01   1.2252655e-01   5.8742992e-04   7.2878221e-01   2.0490738e-02   3.4174813e-01   3.6742046e-01  -1.2013245e-01   2.2775102e-02   6.0859444e-02   4.6220659e-01   7.2298892e-02  -1.2341441e-01   4.0455395e-01   7.1379562e-01   2.2690170e-01   3.1879686e-01   1.6406285e-01   3.9324442e-02   3.6714638e-02   2.6948310e-01   6.6206390e-02   6.7482280e-03   5.3014390e-01   6.3338140e-01  -4.2084633e-02  -2.3361521e-01   4.3637759e-01  -3.2962964e-01   1.0282746e-01   2.7665371e-01   1.6689530e-01   2.8595357e-01  -1.5689020e-02  -6.0255956e-02   3.8298634e-01   2.3881581e-01   2.9422204e-01   4.8546733e-01   2.4539752e-01   3.4733545e-01   1.5550199e-01   2.7584959e-01   2.5970087e-01   3.1784356e-01   4.8912120e-01   1.6041348e-01   2.8762103e-01   1.1281331e-01   2.6783061e-01   1.1969436e-01   3.5058331e-01   2.1254034e-01  -3.9623122e-02   3.0931097e-01   4.2851257e-01   1.6624742e-02   4.3715732e-01   9.4773370e-02   3.4397395e-01   5.5974550e-02   2.1347249e-01   2.8246812e-02  -2.9760921e-01   8.2350292e-03   1.0856301e-01   9.3308371e-02   1.4641271e-01   2.2927981e-01   2.4972561e-01   7.5336472e-02   1.7270775e-01   2.9817955e-01  -3.9388484e-01   3.4269480e-01   2.2630926e-01   3.2992664e-01   1.0142285e-01   4.7084688e-01   1.4128419e-01   1.4294000e-01   6.1710550e-03   1.6619563e-01   2.7132376e-01   2.2798973e-01   2.9528441e-01   4.5950707e-01  -3.5486636e-02   1.9347935e-01   1.3927232e-01  -5.6442885e-02  -2.4463844e-01   4.0128093e-01   1.5746353e-01   2.3728702e-01  -1.5251811e-01   2.4425867e-01   5.7952664e-01   2.5876900e-01   1.0183903e-01   5.0929903e-01   7.3276643e-02  -1.0245202e-01   1.2564618e-01   2.8325497e-01  -5.6289049e-02   5.0343893e-01   2.6306174e-01   8.5855813e-01   2.9190052e-01   2.5443131e-01   3.7165036e-01   3.8278647e-01   1.3951735e-01   6.4535908e-02   2.7402334e-02  -4.8805905e-02  -3.8436990e-01   8.4739250e-02   9.9628516e-02   2.9753729e-01   3.2490396e-01   3.5524540e-01  -1.4038786e-02   1.2343347e-01   1.0057213e-01  -5.3250942e-02   5.1411584e-01   2.7412653e-01  -2.0666288e-01   3.2570221e-01
  -3.4147390e-01  -7.9544408e-03  -2.5364268e-01   0.0000000e+00   2.0086332e-01   4.0811613e-01   2.1648405e-01   3.9751143e-01  -3.7557225e-02  -1.3236317e-01   3.3843000e-01  -9.4989230e-02   9.5929398e-03  -4.9503588e-02   1.9156564e-02   2.3796010e-01   7.8767148e-02   3.8039078e-01   7.8137263e-02   3.2456490e-01   4.4315483e-01   4.9718163e-01   1.8567207e-01  -1.4966698e-01   2.1622371e-04   1.2266093e-01   3.9800021e-01   2.1519175e-01   2.4925968e-01   2.3162607e-01   1.7127162e-01   3.2223113e-01   2.4399244e-01   1.0919180e-02  -7.7282667e-02   2.7688963e-01   2.0764487e-01  -1.0856537e-01   3.4200072e-01   2.6080111e-01   2.6399372e-01   1.6235993e-02  -9.4850005e-02   3.3256270e-01   2.0891034e-01  -1.5233031e-01   4.9679724e-01   2.8243393e-01   3.4584898e-01  -1.0270748e-01   1.6012825e-01   1.0986195e-01  -1.4486726e-02   1.1658260e-01   1.9800931e-01   2.8502923e-01   6.0012446e-03   3.6362942e-01   4.5049187e-01   9.6985146e-02  -5.5339581e-02   5.8767531e-02  -1.7106737e-01   2.0140203e-01   1.0719685e-02   3.3287337e-01   3.1992929e-01  -1.1950149e-01   4.5870636e-01  -2.0549467e-01  -5.6806189e-03   3.9290948e-01   3.3837438e-01  -2.3497061e-01  -6.2044321e-02   1.9414206e-01   1.7603824e-02   3.3012534e-01   1.3552841e-01   2.9524847e-01   2.9454034e-01  -1.5634873e-01  -8.9852279e-02   3.3438871e-01  -2.6501111e-01   5.8424396e-02  -2.5969329e-01   2.2776121e-02  -3.1543570e-01  -2.0124661e-01   4.6012322e-03  -4.4681598e-02   9.4126645e-03   1.2980469e-01   3.1982879e-03   1.9498762e-01   1.1012675e-01   1.8498808e-01   3.2103602e-01   1.1288159e-02   6.3403103e-03  -1.5138772e-02   4.6801490e-01   8.4203935e-02   2.5105988e-01   2.0595371e-01   1.5012520e-01   3.8254164e-01   1.3399991e-01   3.8202996e-01  -1.8711878e-02   4.0842681e-01   2.8921672e-01  -3.2898208e-01  -8.1329729e-02   4.0798216e-02   3.0784396e-01  -4.1660482e-02   5.4713124e-02   6.0254547e-01  -1.3005196e-01   1.3000908e-01  -2.7693009e-01   1.4199382e-01  -1.4314778e-01   9.1930493e-02   2.8729020e-01   1.6597562e-01   3.4997929e-01  -1.1075246e-01   7.8180084e-02   2.1954915e-02  -1.7406303e-01   2.8336093e-01   9.2094694e-02   2.3894789e-01   1.7381513e-01   2.1140244e-01   9.9159303e-02  -2.9856081e-01  -1.0557854e-01   8.1237041e-02   2.9532339e-01  -1.8162865e-01   1.6553634e-02   1.7477148e-01  -1.6942795e-01   3.2508631e-01   3.7561265e-01   6.2831464e-02  -1.0371676e-01   4.2731019e-01  -1.9348754e-01   7.0043372e-02  -2.2342288e-01  -1.9596156e-01  -1.6185060e-01  -1.0353913e-01  -2.5026983e-02   3.2726886e-01  -3.0607480e-01   2.6254973e-01   3.0482879e-01   5.9996902e-01   4.9836677e-01   6.3065931e-02   8.7957070e-02   2.1516458e-01  -9.8802665e-02   1.5875571e-01   5.8618856e-02  -1.4229892e-01   1.8735984e-01  -7.1118504e-02   2.2451740e-02  -1.8859209e-02   3.8937557e-01
   2.6278012e-01   4.0169435e-01   2.2668945e-01   2.0086332e-01   0.0000000e+00   3.3498662e-01  -7.1768513e-02   2.5798144e-01   2.1985468e-01   2.6525684e-01   4.3672675e-01   2.7411561e-01   8.1993761e-02   1.9696357e-01   3.9459660e-02  -3.5629908e-02   4.5316444e-01   3.7079356e-01   2.4441878e-01   8.0816475e-01   1.4913023e-01   1.1658569e-01   1.3930607e-02   2.5232207e-01  -5.2700383e-02   3.7751522e-01   2.8524956e-01   8.5051347e-02   4.9107875e-02   5.4854924e-03   4.0063232e-01   3.9196454e-02  -1.0747300e-01   4.2823288e-01   3.7454723e-01   5.3060064e-01   9.7672851e-02  -1.0463531e-01   2.2347340e-01   4.6863812e-01   4.4781973e-01  -2.6587085e-01   8.2695733e-02   2.9814233e-01   2.6802822e-01   1.1999545e-01   3.2003464e-01  -1.2885201e-03   3.5715795e-01   4.1821602e-01   3.6128330e-02   2.6416736e-01   3.4657649e-01   1.7746318e-03   7.3254711e-02  -7.3563656e-03   2.7630394e-01   5.7528045e-02   3.8099348e-01   2.3945529e-01   4.9919482e-01   4.3793021e-01   1.3328432e-01   4.2219552e-01   3.2053020e-01   4.6144787e-01   3.2656297e-01   6.7090935e-02   2.9858754e-02   4.6487241e-02   3.2057164e-01  -8.4868098e-02   3.7453716e-01   8.9860105e-02  -5.4234666e-02  -2.2397992e-02   7.8426139e-02   2.6817882e-01   7.8887496e-01   8.2146510e-02  -2.2159318e-02  -1.3458737e-01   3.2348388e-01   1.3118234e-01   3.6109145e-01  -4.1438432e-02   2.9872855e-01   2.1103479e-01  -1.1574657e-01   2.3088159e-02   7.4228076e-01   2.6685256e-01   6.2329300e-01   1.9225403e-01   1.2473924e-01   7.7083258e-01   4.2122344e-02   3.7483414e-01   6.2163810e-01   1.7551533e-02   7.7659408e-02   1.2442746e-01   1.0392536e-01   1.9830545e-01   1.2315916e-01  -4.5726760e-02   1.2286642e-01   1.6101813e-01   2.7073504e-01   3.0063310e-01   2.5628362e-01   1.1787378e-01   1.0081254e-01   7.6831380e-02  -1.4204334e-01   6.7581524e-01   7.6150791e-02  -6.5474762e-02  -5.3769884e-02  -1.2262999e-03   2.0869217e-01   7.6927006e-01   7.0437247e-02   6.2525380e-01  -7.6783714e-02   9.0564943e-02   3.0031048e-01   2.5159296e-01   2.7648308e-01  -1.1364688e-01   9.3175042e-02   6.2210249e-01   4.7207181e-01   2.5512406e-01   2.1029990e-01   2.1658831e-01  -1.1381292e-01   2.1271667e-02   2.3086137e-01   2.9909678e-01   3.8279306e-01   2.9810791e-02   2.5112170e-01   1.1098912e-02  -5.3573820e-03   3.2350558e-01   2.2809309e-01   4.3634008e-01   1.5268416e-01   3.1406282e-01  -1.6599691e-02  -1.5419165e-03   1.9349603e-01   5.6187051e-01   3.5523995e-01   3.1527759e-01   1.9398862e-01  -2.1281888e-01   3.7298841e-01   1.6430814e-02  -6.7377979e-02   4.2334742e-01   4.6507332e-01   1.9760065e-01   3.1126492e-01   6.1625135e-01   4.4554761e-01   3.1246674e-01   2.5488876e-01   5.5445817e-01   6.6454707e-01   1.3395894e-01   3.5454981e-01   1.2912876e-01  -8.2058812e-02  -2.2237116e-01   1.8226547e-01
  -1.7410263e-02   2.2081685e-01   1.7502088e-01   4.0811613e-01   3.3498662e-01   0.0000000e+00   3.5079640e-01   5.1382774e-01   2.9722027e-01  -9.0089561e-02   4.2189140e-01   2.4424457e-01  -4.2430825e-02   6.7745437e-02   1.9552650e-01   1.7972357e-02   3.2761127e-01   3.8667558e-01   6.0245288e-01   3.3041945e-01   1.8074802e-01   5.5217531e-01   1.5291703e-01   1.2456401e-01   1.4797682e-01   6.3857103e-01   4.3724250e-01   4.2113371e-01   3.5980506e-01   3.7263098e-01   3.6683852e-01   3.1259889e-01  -1.7230497e-01   1.9841407e-01   2.7619630e-01   1.0486352e-01   7.7188401e-02  -3.0889482e-01   8.2140391e-02   4.3949770e-01   2.1343642e-01  -2.7148156e-01   2.5106911e-01   6.5358041e-01   2.8311056e-01   2.2345672e-01   4.2239944e-01   1.1572781e-01   2.5320570e-01   2.2567831e-01   1.3154390e-01   4.6417985e-01   4.9791641e-04   5.5399086e-02   2.7635587e-01   4.7660235e-01   7.0444781e-01   3.5741906e-01   2.1710717e-01   3.9562288e-01   4.0980543e-01   1.9153487e-01   2.4138669e-01   1.9466504e-01   2.0607101e-01   4.1197136e-01   7.4508562e-01   2.3453310e-04   3.7968463e-01   1.0839350e-01   6.9225284e-02   1.8264597e-01   2.9855862e-01   3.1750892e-01  -1.7677802e-01   3.2597820e-01   1.1915872e-01   5.8842011e-01   3.0343114e-01   1.8019825e-01   4.7401502e-01  -1.9911078e-01   1.1210730e-01   4.5387353e-01   1.8242328e-01   3.2996089e-01   8.6893760e-02   2.1743613e-01  -2.2121933e-01  -5.7121658e-02   3.4472540e-01   2.4481868e-01   3.8693908e-01   4.0941135e-01   6.8533548e-03   2.5381269e-01   1.7467482e-01   7.4870519e-01   3.8983295e-01  -3.7551933e-02   1.3796741e-01   2.6591152e-01   3.1461378e-01   3.5997894e-01   3.2041929e-01  -3.4277139e-02   3.3036709e-02   6.3540506e-01   1.3239050e-01   3.4363118e-01   9.2062525e-02   5.4749317e-01   3.5200397e-01  -1.5828838e-01   7.3059091e-02   2.8486248e-01   4.9025041e-01  -2.0436045e-01   4.0537843e-01   1.8507976e-01   7.0830603e-02   4.1045819e-01   8.4962925e-02   3.5768405e-01  -3.3977502e-02   4.1833971e-01   4.3549403e-01   2.9030592e-01   5.2614687e-01   1.0287225e-01   7.3807359e-02   1.0054351e-01   2.7783688e-01   1.9083836e-01   3.7722928e-01   6.1151883e-01  -2.8121235e-02   2.0134724e-01   5.3251393e-01  -3.2758252e-02   1.8710312e-01  -1.3812836e-01   4.9910949e-01   3.0893421e-01   1.9702783e-01   3.1661628e-01   1.0958599e-01   3.6410222e-01   4.2640312e-01   9.1628276e-02   1.6738440e-01   2.6563953e-01   1.2385489e-01   2.0852334e-01   2.2613045e-01   1.4169978e-01   9.4458407e-02  -1.9587863e-01   1.3871950e-01   3.9138745e-01  -2.9487833e-01   4.2000432e-01   2.3597440e-01   3.9063057e-01   7.3375820e-01   2.2162832e-01   2.7622867e-01   5.5220122e-01   1.1591790e-01   4.4312472e-01   3.3473508e-01  -3.7133957e-02   3.6347143e-01   4.7950319e-01   6.7555709e-03  -3.5059904e-01   6.2919652e-01
  -1.9835222e-01  -1.2882981e-01  -2.3552298e-01   2.1648405e-01  -7.1768513e-02   3.5079640e-01   0.0000000e+00  -1.3416346e-02  -8.0339544e-02   6.1513505e-02   5.7279393e-02  -1.1174664e-02  -8.6304336e-02  -1.4031266e-01   1.6216614e-01   1.2148928e-01   1.0320185e-01   1.5908524e-02   7.0474705e-02   7.8928738e-02   1.9028177e-01   2.2752959e-02   3.7624930e-01  -1.6089848e-01  -6.8397077e-03  -1.7639455e-03   4.1447157e-01   3.7083342e-01   3.6837120e-01   2.8321176e-02   4.0810297e-01   1.8750082e-01   4.1147495e-02   1.7185005e-01  -4.4598311e-02   1.5165599e-01   2.4833989e-01  -1.2100304e-01   3.2718917e-01   2.9681435e-01   8.2071590e-02  -3.5092855e-03  -1.1194892e-01   1.0330198e-01   4.0826022e-02  -3.6186930e-01   2.6813097e-01   6.0907081e-02   1.7570829e-01  -1.2424919e-01  -4.0288418e-02  -1.5457136e-01  -8.3954654e-02   2.0333119e-01   1.1598635e-01   8.1641981e-02  -1.3879517e-02   1.3301125e-02   1.6119165e-01  -5.8422674e-02  -2.1307842e-01   7.9408924e-02   6.6730792e-02   2.0720425e-01   9.9448585e-02   2.6295016e-01   4.5954678e-02  -2.3394631e-01  -9.8856076e-03   2.0057640e-03  -1.6979445e-02  -1.2642119e-02   3.8034170e-01  -1.4344746e-01  -3.6303292e-02   5.5867878e-02  -2.9521349e-01   6.9016062e-02   4.7433934e-02   2.5868792e-01   4.5824157e-01  -2.4720220e-01  -2.8994555e-03  -7.8633124e-02  -6.9275527e-02   5.7707993e-02  -7.8708469e-02  -3.3299205e-02  -3.8692478e-01  -1.9188538e-01  -4.9913703e-02  -2.1262503e-01   1.6465801e-01  -1.5369464e-01  -2.8993011e-01  -2.1500287e-02   3.2440251e-02   1.3008143e-01  -6.9513648e-02   4.0299542e-01  -2.4426718e-02   1.4502669e-01   1.7568782e-01  -2.1110618e-01   3.5067069e-02  -2.9614901e-01   2.9243937e-02   1.5722643e-02   1.3495494e-01   1.7653108e-01   1.2930304e-01   1.1790881e-01   6.6178545e-02  -2.9267854e-01   2.1376250e-02  -6.1131896e-02   1.0634043e-03  -1.9867625e-01  -3.7582433e-02   1.3923368e-01  -2.0919156e-01   5.4615047e-03  -7.7580013e-02   1.2447545e-01  -3.7408876e-01   6.8544338e-02   2.4544533e-01   1.3556591e-01  -1.5049506e-02  -4.6492401e-02   1.2613540e-01  -3.2764675e-02  -1.5385747e-01   1.4160595e-01  -2.9332527e-02   7.5948649e-02   1.3043143e-01   2.4130381e-01   3.6898235e-03  -1.4741463e-01  -6.5721083e-02   6.1410207e-02  -8.9009846e-02  -9.5312510e-02   2.3445652e-01   3.8164656e-02   3.1052718e-01   5.8585788e-02   2.2812324e-01   2.5066275e-01  -3.1774475e-02   1.7869738e-01  -2.4893547e-01  -5.8187455e-02  -5.7923252e-02  -3.4913673e-02  -2.6569802e-01  -2.0543534e-01  -1.3992368e-01   1.8127860e-01  -3.0510962e-01  -8.0323429e-02   3.7647514e-01   3.1805263e-01   1.6961734e-01   2.2054462e-01   6.4134419e-02   1.0325580e-01  -1.3396438e-01   1.4515428e-01   1.4795177e-01  -1.0528094e-01   1.4667548e-01  -1.8961637e-01  -6.0838828e-02   5.4712004e-03  -5.4004928e-02
  -1.8694556e-02   3.3225875e-01   1.9597438e-01   3.9751143e-01   2.5798144e-01   5.1382774e-01  -1.3416346e-02   0.0000000e+00   2.4843727e-01  -5.0409139e-02   4.6955611e-01   2.0947579e-01   2.8687554e-01   1.0857181e-01   2.7113711e-01   1.9724306e-01   1.7889859e-01   4.4066882e-01   3.8322181e-01   2.3896784e-01   2.4049604e-01   3.6186015e-01   1.5306138e-01   8.1576769e-02   7.9427257e-02   4.5885629e-01   2.7942118e-01   3.3573040e-01   1.3165592e-01   4.8106337e-01   1.7142067e-01   1.1615405e-01   3.1671402e-02   1.6688065e-01   8.2274584e-02   2.6636789e-01   1.2732494e-01  -2.1993047e-01   8.0527250e-02   2.6144198e-01   2.4779323e-01  -1.3502491e-01   2.0719588e-01   6.7294258e-01   3.2388624e-01   2.7168543e-01   4.3819994e-01   4.6405651e-01   3.4242588e-01   2.0025075e-01   1.6539265e-01   4.9247389e-01   2.8409965e-01   2.2148714e-02   2.1745990e-01   4.0268005e-01   4.0374902e-01   2.4629931e-01   2.6947741e-01   2.6340451e-01   2.4977508e-01   1.9550509e-01   1.2867720e-01   4.3666989e-01   2.5266984e-01   2.4370815e-01   5.8595526e-01   4.2760565e-02   4.8996494e-01   1.1168738e-01   3.2540649e-01   2.3399244e-01   8.5894167e-02   1.6615921e-01  -2.1595061e-01   1.1359395e-01   1.0595881e-01   5.8426051e-01   2.7265398e-01   9.3398878e-02   3.7485914e-01   1.9407364e-01   6.6061781e-02   8.2526074e-01   1.4744831e-01   2.4074041e-01   3.0755471e-02   4.1976536e-02  -1.6855102e-01   1.1188515e-01   2.2853076e-01   1.0594588e-01   1.5212019e-01   2.5714327e-01  -2.3023182e-02   1.8686144e-01   2.5516704e-01   5.1407927e-01   3.5445969e-01   4.7914572e-02   2.7702850e-01   2.6983742e-01   4.9093900e-01   3.3762958e-01   2.0487393e-01   3.0569138e-01  -9.0754997e-02   6.5874986e-01   2.3363464e-01   2.6278832e-01   9.7140713e-02   3.5717358e-01   2.2783540e-01   2.0877837e-02   2.4486798e-01   3.4023007e-01   5.3462889e-01   1.2224049e-01   5.5810326e-01   1.3387566e-01   8.4790641e-02   2.0063997e-01   7.5723920e-02   2.0704079e-01   1.2635007e-01   2.8395507e-01   4.0343197e-01  -4.4469291e-02   3.8808819e-01   2.1235858e-01   1.9321762e-01   3.3894041e-01   1.9150224e-01   3.1542487e-01   2.0591824e-01   4.1006524e-01   6.4442193e-02   3.3233564e-01   3.5445161e-01  -4.6058294e-02   5.6566752e-02  -8.0255605e-02   5.7168935e-01   2.9129795e-01   1.9943777e-01   2.3404207e-01   1.2595354e-01   3.8515642e-01   2.8697615e-01   1.8345012e-01   2.2930716e-01   5.3970349e-01   8.0463592e-02   2.9828582e-01   2.2915445e-01   1.2367027e-02   4.6804255e-03   9.4136356e-02   5.4977509e-02   4.5861842e-01  -9.2180911e-02   4.2582020e-01   1.5399351e-01   2.4462528e-01   3.6777646e-01   1.5540921e-01   2.9356785e-01   6.6307063e-01   8.1452163e-02   1.8368511e-01   1.4515793e-01  -1.2061962e-01   2.3973323e-01   4.3477064e-01   1.2543609e-01  -3.3505753e-01   5.4039463e-01
   1.4366422e-01   6.8690438e-01   4.8664228e-01  -3.7557225e-02   2.1985468e-01   2.9722027e-01  -8.0339544e-02   2.4843727e-01   0.0000000e+00   1.1274154e-01   2.6927939e-01   5.0592273e-01   1.1623186e-01   2.9157803e-01   3.8728419e-01  -1.1402118e-01   2.1414701e-01   3.2186180e-01   5.2104827e-01   1.0493051e-01  -2.1644850e-01   2.5357650e-01  -1.2733210e-01   4.7089206e-01   2.5029000e-01   5.5822163e-01   2.0974161e-01   2.5742888e-01   1.0348196e-01   6.6765219e-01   2.8577138e-01   3.2632602e-01  -2.6982799e-01   1.6316786e-01   7.0102801e-01  -1.3271341e-01   5.9159199e-02  -3.9988037e-01  -3.3342180e-01  -2.4383034e-02   1.1421566e-01  -2.7106641e-01   6.2156574e-01   2.4599671e-01   4.0009147e-01   4.3516346e-01  -2.1781386e-02   1.4277285e-01   1.2813803e-01   1.8664279e-01   4.6022799e-02   4.1904842e-01   1.5785619e-01  -3.3259730e-02   7.5808899e-02   3.0894083e-01   5.7566040e-01   1.6543217e-01  -1.6990008e-01   6.6357318e-01   4.1425524e-01   3.1322413e-01   6.9689600e-01   1.9651772e-01   5.1560747e-01  -2.3786576e-02   1.8741160e-01   3.2787139e-01   1.8930326e-01   6.7766903e-02   3.1018718e-01   2.3904861e-01  -7.9905478e-02   3.8945400e-01  -1.6199102e-01   1.8284264e-01   1.1870099e-01   1.6084022e-01   4.0965973e-01   1.0318905e-01   1.8739841e-01   3.2617814e-01   5.1351458e-02   3.8600880e-01   4.1868136e-01   4.1447703e-01   6.0871820e-01   3.6978019e-01   3.4045729e-01   3.8852746e-01   4.6149109e-01   1.9639683e-01   4.6593042e-02   6.3728671e-01  -1.9985100e-01   1.4875117e-01   2.3176485e-01   5.9068783e-01   4.2495499e-01   5.4874188e-02   3.6900957e-02   4.2636770e-01  -2.6895825e-03   7.8199786e-01   2.1656666e-01   2.7341985e-01  -4.5914965e-02   5.2332041e-01   1.5848444e-01  -2.8866812e-01  -6.7945668e-02   1.1353737e-01   4.7153009e-01   8.5007890e-02   1.0478134e-01   5.3681040e-01   2.8191746e-01   2.2631950e-01   3.6953706e-01  -5.9674069e-02   3.3761209e-01   2.6683448e-01   5.4403806e-01   4.3929428e-01   1.0789167e-01   3.4162765e-01   2.7833024e-01   1.6159517e-01   5.7950376e-01  -1.0990645e-01   7.3379653e-02   3.9150652e-01   5.0486298e-01   6.2780049e-02   5.0718201e-01   3.6074457e-01   7.7135078e-02  -1.3225289e-01   5.3945524e-01   1.1928882e-01   2.9086995e-01  -1.7497919e-01   3.9086132e-01   4.0874167e-01   4.4136824e-01   4.2837042e-01   1.7315831e-01   8.9633702e-02  -1.2715445e-01   1.7498941e-01   4.4339544e-01  -9.4247756e-02   4.0166729e-01   3.4754234e-01   4.7665663e-01   4.6723084e-01   5.9175050e-02   2.6863468e-01   6.1998135e-02   2.6900355e-01   2.8371090e-01   3.4701482e-01  -1.2807114e-01  -1.0047092e-01   3.2654759e-01   2.2406464e-01   4.2049464e-01   4.7224676e-01   8.3839069e-02  -6.5565903e-02   2.6217938e-01  -2.3375260e-02   4.6189559e-01   4.3821226e-01   3.9872239e-01  -3.3089415e-01   4.7414980e-01
   6.2523638e-02   3.0680066e-01   3.7840047e-01  -1.3236317e-01   2.6525684e-01  -9.0089561e-02   6.1513505e-02  -5.0409139e-02   1.1274154e-01   0.0000000e+00   2.0389183e-01   2.2559012e-01   1.9827127e-01  -1.3144115e-01   3.7217244e-01   1.9965327e-01   1.4069297e-01  -3.7496734e-03  -1.8144028e-02   2.5824620e-01   9.5402146e-02  -2.4014654e-02   4.1078401e-01   6.3790949e-03  -3.7021855e-02   1.3096697e-01   3.4908944e-02   1.5662927e-02  -1.6044216e-01   1.2657455e-01   1.2660596e-01   8.2537588e-02  -1.9413932e-01   3.6401001e-01   1.0691881e-01   3.9375666e-01   2.7753981e-01  -2.1015483e-02  -3.5727932e-02   8.0742334e-02   2.8276170e-01  -1.5865794e-01   4.9257999e-02  -3.9129621e-02   2.7824255e-01   2.4514651e-01   9.8501870e-02   3.0397190e-01   9.4005077e-02   2.1406373e-01   2.0770092e-01   1.3907366e-01   2.4411956e-01  -2.8112282e-01  -3.4360390e-01   6.8151963e-02   1.3882464e-01   1.2214191e-01  -1.4381365e-02   1.3424052e-01   2.1118518e-01   3.7265571e-01   4.5256605e-03   2.3171758e-01  -3.8254691e-02   4.7061621e-01   1.1612148e-02  -5.2289272e-02   5.8393857e-03   3.2537656e-01   4.8054945e-01  -4.6309647e-03   6.4927270e-02   1.1251846e-01  -3.3924004e-01   1.0890747e-01   1.3718073e-01  -1.8894232e-02   3.2617276e-01   4.7991087e-02   3.1008308e-02   3.1751998e-01   1.4223489e-01   5.5447566e-02   2.8747785e-01   2.1996209e-01  -5.5434637e-05  -8.2120289e-02  -2.2380315e-02   9.5512797e-02   1.5060739e-01   1.3203229e-01   1.0551361e-01   1.0648670e-01  -8.5542673e-02   4.3678611e-01   1.3749657e-01   4.5300340e-02   6.2125934e-02   4.6788599e-01   3.2701261e-01   2.5942513e-01  -4.5887055e-03   1.4225747e-01   3.9387966e-02   1.7222567e-01  -2.5658567e-01  -1.7255368e-02   2.1928920e-01  -1.5206414e-01   1.1936261e-01  -4.4664408e-02  -9.7091599e-02   8.2878993e-02   2.1197222e-01   8.7786463e-02  -3.8999426e-03   2.4998804e-01   8.7520146e-02  -1.9018563e-01   3.7611084e-02   1.7274192e-01   6.5372612e-02  -6.1388077e-03   1.9584820e-01  -2.3611866e-02   2.6888799e-01  -1.7496887e-01  -6.1279252e-03   1.7739608e-01   1.3187820e-01   3.6334575e-01   7.4989809e-02   1.3553569e-01   3.3468591e-02   4.3450679e-02  -8.7982900e-02   4.9765302e-02   1.7883903e-01   2.4068130e-02   5.3730596e-04  -9.6945264e-02   5.9839719e-02   3.0298132e-01   3.5479510e-01  -1.2999503e-01   3.9131305e-01   1.8664034e-01   1.0242628e-01   3.6590513e-01   2.1260892e-01  -1.5373668e-01   1.6900722e-01   1.2100722e-01   3.7389211e-01   8.2400624e-02   8.1281448e-02   3.1076275e-01   4.7201149e-02   1.1385036e-01  -1.4761832e-01  -5.2658709e-02   3.5791901e-01  -1.8852428e-01   6.5696361e-03   1.7342008e-01   2.9425040e-01   6.6512672e-02  -9.9268239e-02  -5.3815209e-02   1.4543269e-01  -2.5003739e-02   4.7297389e-02   2.2625449e-01   1.2776288e-01  -1.9006113e-01   9.0692823e-02
   3.6144534e-02   4.7133622e-01   1.5379808e-01   3.3843000e-01   4.3672675e-01   4.2189140e-01   5.7279393e-02   4.6955611e-01   2.6927939e-01   2.0389183e-01   0.0000000e+00   1.7919946e-01   3.0260666e-01   1.8782820e-01   3.4014926e-01   1.6897991e-01   7.9438855e-02   5.3333664e-01   2.6461140e-01   4.9579401e-01   3.1721104e-01   3.8586903e-01   1.3796992e-01   8.5939002e-02   1.5424607e-01   3.8072554e-01   3.2212414e-01   7.3324248e-02  -3.7000257e-02   4.0904181e-01   2.1349399e-01   3.1220653e-01  -1.1056811e-01   1.6390585e-01   1.4765242e-01   5.3449343e-01   7.0917051e-02  -7.8809197e-02   9.5470321e-02   1.5998274e-01   3.7280840e-01  -2.6526620e-01   2.9615209e-02   4.4231737e-01   4.3330172e-01   1.3789121e-01   7.1688630e-01   3.7163515e-01   1.4651890e-01   3.9746100e-02   4.7550243e-01   4.2771496e-01   2.4848480e-01  -7.8367391e-02  -4.2664995e-02   4.1586642e-01   3.2870081e-01   3.9163183e-01   4.4051694e-01   2.9024763e-01   2.2539504e-01   3.1416811e-01   4.3388682e-02   4.1661349e-01   1.4082738e-01   3.9453759e-01   4.8641683e-01   9.0954721e-02   5.1952387e-01  -4.9072383e-02   3.6050868e-01   4.0828002e-01   1.6574931e-01   9.0834843e-03  -3.8902846e-01   4.1941872e-02   1.3389164e-01   3.7832465e-01   3.6994708e-01   1.0345079e-01   1.9228495e-01   1.8129288e-01   9.7903554e-02   3.9253143e-01  -2.0014740e-02   3.0256521e-01   5.2689459e-02   1.4446692e-01   3.7408440e-02  -1.4338789e-02   2.1195007e-01   1.2213208e-01   1.7035039e-01   3.1043900e-01   1.5867840e-01   4.0629081e-01   3.0992952e-01   4.4173453e-01   4.6439703e-01  -1.5144099e-02   3.4334877e-02   3.4953870e-01   3.9018515e-01   3.7983480e-01   4.0938057e-01   4.1126446e-01  -1.3295121e-01   4.7900115e-01   8.6111843e-02   3.2049195e-01   9.4881908e-02   3.8126422e-01   2.9997729e-01  -5.9791410e-02  -1.0184077e-01   2.8265889e-01   3.1851909e-01   9.9588341e-02   2.6138278e-01   2.1473146e-01   1.0280563e-01   2.3161643e-01  -3.2964220e-02   2.3933484e-01   1.0503431e-01   1.9477235e-01   2.3393465e-01  -8.2967533e-02   2.2406980e-01  -8.3601812e-02   1.4982663e-01   4.9574515e-01   1.2545006e-01   3.0297269e-01   1.0735857e-01   2.5695324e-01  -5.8495928e-02   4.2611455e-03   4.2640142e-01  -6.4292369e-03   2.4852044e-01  -1.3715872e-01   6.8429019e-01   9.7188310e-02   1.0692054e-01   2.7248346e-01  -1.0922987e-02   4.3544632e-01   4.2855619e-01   5.0651576e-03   4.9300206e-02   2.0289550e-01   1.3113236e-01   5.0258021e-01   1.9190105e-01   1.0902544e-01   9.9827319e-02   2.1962138e-01   4.6322417e-02   3.6176270e-01   6.8843202e-03   6.0052130e-01   2.2226533e-01   3.3429394e-01   4.4806193e-01   1.0072384e-01   5.6362314e-01   3.8337474e-01   6.0577239e-02   2.5885558e-01   2.3262684e-01  -2.6423948e-02   4.1899435e-01   2.9416534e-01   1.1233875e-01  -3.9055342e-01   5.2102823e-01
   1.9933057e-01   5.6402009e-01   6.4097364e-01  -9.4989230e-02   2.7411561e-01   2.4424457e-01  -1.1174664e-02   2.0947579e-01   5.0592273e-01   2.2559012e-01   1.7919946e-01   0.0000000e+00  -1.1493376e-02   1.0247190e-01   3.0556841e-01  -7.5341739e-02   4.1154519e-01   7.1046069e-02   4.2850851e-01   1.9869481e-01  -2.1789123e-01   2.3851180e-01   4.7088743e-02   3.9293062e-01   2.5779329e-01   4.2496689e-01  -3.0516172e-02  -1.1109956e-01   4.3969184e-02   3.4123793e-01   3.1241619e-01   3.5603623e-02  -3.3234619e-01   4.7572573e-01   6.6556056e-01  -9.8436246e-02  -1.5667800e-01  -3.3449439e-01  -3.4342890e-01   3.0000587e-01   1.0726781e-01  -1.8124454e-01   6.1936634e-01   1.9997148e-01   3.0652787e-01   4.6128027e-01  -1.6915413e-01   2.6658217e-02   1.7940328e-02   5.0677290e-01   1.0158449e-01   4.0626074e-01   2.3715826e-01  -1.0837330e-01   1.4242138e-01   8.9102676e-02   4.2335492e-01   2.3636116e-01  -2.0151416e-01   7.7094426e-01   5.9775677e-01   3.1836000e-01   5.2392104e-01   1.8176056e-02   2.8289537e-01   1.4429942e-01   3.8806403e-01   2.5626741e-01  -1.6680657e-01   2.8201001e-01   4.7270281e-01   1.1214479e-01  -1.5458632e-01   5.0458162e-01  -3.7549615e-01   3.8008115e-02   2.7804503e-02   1.9389648e-01   2.6977598e-01  -8.6954961e-02  -1.6735415e-01   1.3632850e-01   3.1066247e-01   1.6695410e-01   5.0583663e-01   2.0425100e-01   4.5442143e-01   2.4499099e-01   2.6710796e-01   2.4009978e-01   4.4446242e-01   4.1912185e-01   3.5548546e-01   5.6105990e-01  -1.4878699e-01   2.4148821e-01   2.3420262e-01   4.5208096e-01   2.9989649e-01  -3.3001505e-03   2.5649576e-01   5.1569354e-01   1.3099217e-01   5.0741256e-01   2.8166898e-01   1.1375421e-01  -1.1007952e-01   1.7574331e-01   7.5410711e-02  -2.8613253e-01   2.6289184e-01   3.1175891e-01   3.8280325e-01   1.5069881e-01   1.0534677e-01   3.7933513e-01   1.3090205e-01  -9.9764513e-02   2.2063046e-01  -2.1540025e-01   2.5987654e-01   4.5345572e-01   5.3732913e-01   3.3245114e-01   2.3693656e-01   4.7566546e-01   2.4287679e-01   1.8419715e-01   4.3108600e-01   1.2070739e-01  -1.0516198e-02   2.7784194e-01   5.4814253e-01  -8.4386647e-02   6.0409778e-01   3.3878316e-01  -6.2865192e-02  -8.8928196e-02   4.2594658e-01   2.2330761e-01   2.2479600e-01  -1.7818026e-01   3.7209496e-01   5.6797631e-01   3.0129562e-01   4.0470328e-01   5.2314129e-01  -8.7716771e-02  -8.1857896e-02   1.4351335e-01   2.2331397e-01  -1.5964237e-01   3.9476760e-01   2.5489567e-01   7.4308107e-01   3.8201012e-01   9.3160256e-02   7.3850456e-04   2.1391762e-01   5.9718876e-02  -5.5017839e-02   1.7788070e-01  -1.0097563e-01  -8.5507188e-02   3.0361184e-01   2.4522126e-01   4.3433798e-01   2.0746677e-01   1.6282732e-01   1.3742981e-01   4.3164821e-01  -8.0992737e-02   3.3000070e-01   5.2466946e-01   2.9176902e-01  -2.8563241e-01   3.8133505e-01
  -6.3750685e-02   2.6559145e-01   2.1398393e-01   9.5929398e-03   8.1993761e-02  -4.2430825e-02  -8.6304336e-02   2.8687554e-01   1.1623186e-01   1.9827127e-01   3.0260666e-01  -1.1493376e-02   0.0000000e+00  -2.3311272e-02   3.3891625e-01   4.5294521e-01  -3.5838317e-02   3.1066753e-01  -6.1469426e-02   9.8285411e-02   1.5667256e-01  -1.0098385e-01   1.1013799e-01  -1.1387951e-01   1.5553156e-01  -1.3580603e-03   7.0405735e-03  -1.3740363e-01  -7.5582158e-02   2.2449189e-01  -1.5761780e-01  -9.2400824e-02   1.1175359e-01   6.7762434e-02  -1.6023659e-01   2.8943256e-01   2.4082300e-01   3.8712232e-02   1.8486217e-01  -3.5924364e-02   5.3553752e-01   1.8099974e-01   5.2380871e-02   1.2488248e-01   3.5959202e-01   1.7895134e-01   2.5120144e-01   4.0386087e-01   3.6740681e-01   1.3880295e-01   2.3883443e-01   1.2050096e-01   1.9724616e-01   1.2431778e-01  -9.8440412e-02   1.6648857e-01   9.0388492e-02   5.7285196e-02   2.7155700e-01  -4.1594960e-02  -1.1630848e-02   3.1301821e-01  -1.1192978e-01   2.8342549e-01   1.9036332e-02   1.6401012e-01   1.0927650e-01   2.1531854e-02   1.9066757e-01   1.1441472e-01   3.2171907e-01   2.5110214e-01   2.5751779e-02   3.8668492e-02  -9.4861108e-02  -2.0857461e-02   5.2393993e-02   1.0183530e-01   2.0122253e-02   3.5016515e-01  -3.0105585e-02   3.8386282e-01  -1.5918656e-02   2.7390494e-01   1.1699988e-02   1.1921284e-01  -1.2914286e-01  -7.1153321e-02  -1.0447484e-01   4.7325092e-02  -8.1168966e-02   9.2944090e-02  -8.3323802e-02   2.1498966e-02   4.9741945e-02   2.7365813e-01   4.0309519e-01   1.0750783e-01   2.5311569e-01   2.1993284e-01   6.9725694e-02   2.4804832e-01   1.4703946e-01   1.1921199e-01   7.9350699e-02   3.9490651e-01  -4.5772083e-02   1.2248534e-01   2.7011038e-01  -1.2853492e-01   5.1223691e-02  -4.3932707e-02  -4.0705677e-02   5.7672752e-02   1.0928300e-01  -7.3194443e-03   1.7715724e-01   3.4479369e-01   1.9415383e-01   2.9551651e-02  -8.2363491e-02  -1.0901377e-01   7.6156104e-02  -1.0257043e-01   2.8911218e-01   1.1236249e-02   2.5940110e-01  -2.2629296e-01  -1.1493999e-01   1.2709691e-01   5.9261415e-01   1.5922184e-01  -7.5909386e-02   1.0601858e-02  -8.2505671e-02  -1.9233818e-02   3.6709803e-01  -1.0659092e-01   1.4170101e-01  -1.6735213e-01  -1.2385429e-01   3.0544747e-01   2.1376194e-01   1.4767106e-01   1.5279385e-01  -9.2381923e-02   5.0800595e-02   2.7286157e-01   2.1946427e-01   7.5247894e-02   8.5452082e-02   1.0954561e-01   3.3506519e-02   7.2114382e-03   1.6934459e-01  -1.6343709e-01   6.4281932e-03   4.7271724e-01   7.5886477e-02   1.6231290e-01   1.5318294e-01   8.8160737e-02   8.5238971e-02  -3.9873451e-04  -1.7668322e-01  -2.7260215e-02   9.5971948e-02   2.1648282e-01  -9.5368570e-02  -2.1593564e-01  -5.8214131e-02  -1.6424561e-01  -5.9602990e-03   2.5493696e-01   3.2427853e-01   1.3946868e-02   1.7355293e-01
   5.8291121e-01   3.0609862e-01   1.3029013e-01  -4.9503588e-02   1.9696357e-01   6.7745437e-02  -1.4031266e-01   1.0857181e-01   2.9157803e-01  -1.3144115e-01   1.8782820e-01   1.0247190e-01  -2.3311272e-02   0.0000000e+00   2.1609354e-01  -1.4026662e-01  -5.5224179e-03   1.8041293e-01   2.0586395e-01   4.1238706e-02  -1.9924635e-01  -9.7926370e-02  -1.3675237e-01   7.0301699e-01   6.6438555e-02   2.2019015e-01   6.9479403e-02   9.2042409e-02  -8.4746774e-02   7.9987500e-02   6.4807054e-02   5.7184598e-02  -4.8924774e-02   1.2584050e-02   2.7972245e-01   9.7443562e-02  -9.9871083e-02   9.8408266e-03  -1.4758956e-03  -1.4873269e-01   2.2254614e-03  -8.8575898e-02   1.5694102e-01   1.7588894e-01  -5.6678826e-02   1.6345185e-01   3.9899387e-02   7.9768076e-02  -1.2827532e-01  -9.8882314e-02   5.0403666e-02   1.3445646e-01   1.5055665e-01  -1.0201655e-01   4.9394900e-01  -2.2008384e-02   1.7773244e-01  -1.7838418e-01   7.3966994e-02   1.1564414e-01   2.6451785e-01  -3.6639949e-02   1.7178399e-01   2.0475891e-01   6.8104484e-02  -1.3697321e-01  -1.0813815e-02  -6.6586483e-02   1.0423577e-01  -1.5786077e-01   6.2835823e-02   1.4202532e-03   1.7181852e-01   2.0527965e-01  -1.1895419e-01  -1.3649078e-01   1.7874533e-03   2.2970040e-03   2.4399861e-01  -1.7505958e-01   1.0769475e-01   3.7984032e-02   1.0286325e-01   9.4042619e-02   1.8076022e-01   2.5198422e-02   5.7957805e-01   4.6852194e-01   6.5470131e-02   3.0194673e-01   2.8829335e-01   6.5537628e-02   1.0601662e-01   4.1001212e-02   2.7723787e-01  -1.8330133e-02  -2.0848691e-01   2.3644563e-01   1.8242483e-01  -2.4327466e-01   3.5458327e-02   1.4227607e-01  -1.7412466e-01   2.8580464e-01   5.8622745e-02   7.1934590e-02   1.9456756e-01   2.4280812e-01  -1.6735221e-01   1.4833952e-01  -3.6895057e-02  -3.5725407e-02   6.3383068e-02   3.1021546e-01   1.7612672e-01   3.3872558e-01  -9.6084403e-02   1.4155340e-01   1.7726661e-01  -1.8304576e-01   5.8214178e-01   1.0886399e-02   1.4175675e-01   2.3451780e-01  -8.6031868e-02   3.4374098e-01  -7.8073712e-02   4.9036640e-02   1.1131387e-02  -3.3528719e-02  -6.1606509e-02   2.7356780e-01   3.8661941e-01   1.6841719e-01   3.4240068e-02   2.5399528e-02  -2.2445477e-01   7.1527401e-02   3.9930412e-02   5.1493908e-01   7.5919950e-01  -2.9955740e-01   1.7635138e-01   5.7858483e-02   4.4647268e-02   2.1246508e-01   9.0340457e-02   4.1060267e-02   5.2733807e-04  -1.9655845e-01   2.8332921e-01  -3.9578462e-02   3.4180618e-01   1.6400472e-01   1.1646704e-01   6.0261640e-01   3.9046806e-01   3.6748456e-02   1.4634960e-01   7.7615424e-02   1.4949690e-01   2.2773162e-01  -1.0381596e-01  -1.7432738e-01   2.1395353e-02   7.4532295e-02   1.2988822e-01   2.1021905e-01   5.1555495e-01   2.1369317e-01   1.6921001e-01   4.2440978e-01   2.2974976e-02   4.0903634e-02  -1.0029665e-01  -2.0807243e-01   4.1897374e-02
