   0.0000000e+00  -9.4432970e-02  -1.5746027e-01  -4.3915192e-02  -1.3804928e-02  -8.7319121e-02  -7.5154342e-02  -4.0319646e-02   1.1581927e-01   1.8369285e-01  -5.3578996e-02   5.3198002e-02   1.2874191e-01   2.4727133e-01  -8.2467416e-02   8.6486897e-02  -2.2807580e-01  -4.4645760e-02   1.1223427e-01   1.4500097e-01  -6.3682005e-02   1.5626518e-02  -6.2365751e-02   3.7054146e-01   1.9477981e-01   2.4971327e-02  -5.9166104e-02   3.6906014e-01   1.2231592e-01  -2.6478807e-01  -3.7812850e-02  -2.0041144e-01   4.6104695e-02   1.1965837e-01   1.5845542e-01  -9.8827603e-02   1.3222400e-01   5.8239076e-01   1.6210692e-01  -6.1541964e-02   6.2650805e-02   1.9678393e-01   6.9190486e-02   4.4032619e-03   5.7030505e-04   1.5059835e-01  -8.1122324e-02  -1.7800121e-01   1.0327253e-01  -3.8863172e-02  -1.5445828e-01  -5.1594916e-02   6.1544143e-04   2.7864729e-01   7.6947373e-02   9.4841093e-02   1.1187475e-01  -3.9193477e-02  -4.0714548e-02  -1.1248167e-01   1.7687403e-01   1.2767491e-01  -7.5303342e-02   1.5168905e-01   3.5667409e-02   2.0288098e-02  -1.7149560e-01  -2.4492599e-02  -2.1264803e-01   1.5285886e-01   1.3659321e-01  -1.8053738e-01   3.6210529e-02   4.2932113e-01   7.3280663e-02   1.8980121e-02   2.5429948e-01  -1.2053000e-01   9.6976984e-03   1.7887413e-01   1.0205393e-01  -2.1168251e-01   7.1546028e-02  -1.1801462e-02   5.0847887e-01  -1.1612739e-01   3.8331678e-02   4.1530421e-01  -5.9429719e-02   7.0444713e-01   8.2829286e-02   1.4299227e-01   5.2041289e-02   1.7874164e-01   3.8600618e-01   1.2015022e-01   1.1779993e-01   2.8628659e-02  -1.2952328e-03   2.3567774e-01   1.2891987e-01   1.9674386e-01  -2.3813252e-02   1.3677309e-01  -2.6746491e-01  -7.7839566e-02   1.6237919e-02  -1.4431667e-01   3.6101510e-01  -3.0648179e-01   1.2561758e-01  -3.8041919e-01  -1.2124800e-01   7.8773083e-01   9.6826736e-02   1.1057792e-01  -2.0132679e-01  -9.0628110e-02  -5.6708743e-02  -2.2951830e-01   3.0947609e-01  -6.1920723e-03  -7.9323348e-02   1.0843557e-02   2.7692275e-01   9.4569293e-02  -7.3663758e-02   1.5390680e-01   3.7374975e-02  -2.1485367e-01   3.1781634e-01   1.0483510e-01   2.4793455e-01  -8.4264999e-02  -8.5354334e-02   1.3078079e-01   6.6215242e-02   2.2524353e-01  -9.5672012e-02   7.2646760e-02   4.1739389e-01   8.0633068e-02  -1.7544207e-02  -5.6571505e-02  -3.6855266e-03   1.8141170e-01  -6.6207361e-02  -1.6001806e-01   7.4754063e-02   1.8730309e-01   4.6468422e-01  -3.7261577e-02   4.8355279e-01   2.0038900e-01  -2.9841994e-02   5.9902456e-02   1.7011635e-01   1.0142517e-01   2.6164237e-01  -3.4771752e-02  -2.6999527e-03   1.0361148e-01   1.6367974e-01  -9.3621947e-02  -1.8380815e-01   1.6972918e-01   8.3512134e-02  -3.0818508e-02   2.5436246e-01  -1.0683535e-01   1.5408746e-01   2.3360036e-01  -1.0951108e-01  -4.0874704e-02   2.3498705e-01   1.8298574e-01  -5.0852013e-02
  -9.4432970e-02   0.0000000e+00   5.1809096e-01   1.0890550e-01   3.6615751e-01   3.4601070e-01   3.7255810e-01   3.0200858e-01   5.8585739e-01   8.0887236e-02   2.9193508e-01   5.7500883e-01  -9.8241898e-02   7.1637030e-02   4.2625744e-01   3.3618189e-01   6.3516801e-01   2.4931391e-01   9.0955956e-02   3.2645897e-01  -9.0472117e-02  -8.4404090e-02  -9.6952981e-03  -3.0414411e-01   1.5060737e-01   3.7148673e-01   5.0661449e-01   2.3683063e-01   2.3999830e-01   1.2662970e-01   3.6464253e-01   8.8766975e-02   1.7990241e-01   3.6699156e-01   5.1073046e-01   2.9792497e-01   8.1497660e-02  -1.0274990e-01   2.7580787e-01   6.4268987e-01   2.4287679e-01   7.3460834e-02  -4.4245544e-02   2.6312569e-01   3.2040000e-01   1.3053282e-01   3.3996992e-02   5.1468940e-01   2.0163483e-02   4.5098949e-01   1.7699828e-01   3.0506432e-01   3.8924518e-01  -4.6516755e-02   2.7982616e-01   4.9493207e-02   1.9807992e-01   2.6926900e-01   1.3665136e-01   3.1324142e-01   2.6598942e-01   3.2834286e-02   2.1181990e-01   3.0091849e-01   2.6909373e-01   1.1029638e-01   3.5419059e-01   4.8462468e-01   9.5403050e-02   2.6438275e-01   5.3990931e-01   2.5556179e-01   2.2519910e-01   2.7963813e-01  -8.9974323e-02   2.3249697e-01   1.9873952e-01   1.2008470e-01   5.3578887e-01   1.9720749e-01   1.6284597e-01   2.4445255e-01   3.1421605e-01   2.9878809e-01   2.6547963e-01   2.5874981e-01   4.3436819e-01   5.4750937e-02   1.9759044e-01  -2.2882962e-03   3.3164722e-01   1.5161607e-01   2.4021653e-01   2.2188014e-01  -1.4730563e-01   4.3285509e-01   9.8024463e-03   1.0251057e-01   3.4863526e-01   1.5475889e-01   1.4546106e-01   3.3179027e-01   1.1609468e-01   5.9382097e-01   2.1741805e-01   2.1307777e-01   2.7761923e-01   1.3749223e-01  -1.4824858e-01  -1.2034070e-01   2.7073473e-01   3.0677158e-01  -2.2925318e-02  -1.1895251e-01   1.6351588e-01   5.4333596e-01  -6.0154179e-02   1.5942296e-01   2.7201496e-01  -2.0500962e-03   9.4018320e-02   3.5084916e-01  -9.4387816e-02   4.5724993e-01   1.4412700e-01   2.9372282e-01   3.0975244e-01  -1.9263517e-02   2.7253541e-02   4.0143629e-01   4.7145613e-02   5.0348859e-01   3.3559668e-01   2.3230916e-01   1.3240349e-02   1.0978860e-01   3.7182980e-02   1.7559657e-01   3.6076176e-01  -3.9051628e-01   1.4114517e-01  -1.7542667e-01   4.5292172e-03   2.0196042e-01   1.5798801e-01   2.9097803e-01   3.6842606e-01   3.2705073e-01   3.0916422e-01   2.0018989e-01   1.7836858e-01   2.9710229e-01   2.0649660e-01   2.8796957e-01   6.0358485e-01  -3.6228439e-01   2.7759002e-01   3.1023070e-01   1.5384362e-01   2.7307010e-01   1.6107447e-01  -1.7040069e-02   3.6346775e-01  -2.6087145e-02   3.4928003e-01   4.2822509e-01   2.2866668e-01   2.2968448e-01   3.3280763e-01   2.6956053e-01   3.4990122e-01  -4.9551883e-01   1.6598732e-01   1.8686339e-01   1.5496556e-01   2.1509506e-01   2.5973947e-01
  -1.5746027e-01   5.1809096e-01   0.0000000e+00   2.8225562e-01   5.5229222e-02   4.1588939e-01   4.0934278e-01   2.3209118e-01   2.5730652e-01   2.1680054e-01   6.6146072e-02   5.3337143e-01  -2.5673370e-01   1.7630089e-01   2.3073656e-01   2.3368902e-01   8.8142992e-01   2.3199809e-02   1.5292547e-01   9.7034683e-02  -1.1270239e-02   2.2229499e-01   2.2404383e-01  -3.7865266e-01   1.6847022e-01   3.4264355e-01   4.2436067e-01   3.3084381e-01   1.5496306e-01   1.9475692e-01   4.6640187e-02   1.9398991e-01   4.1739435e-01   2.8438685e-01   3.7823997e-01   1.2855705e-01   9.6359637e-02  -1.1810128e-01   3.3520128e-01   6.7848405e-01   6.6454711e-02   3.2214287e-01  -9.3446474e-02   3.0787137e-01   1.6135971e-01   2.5959987e-01   1.0425246e-01   3.3755940e-01  -1.5244799e-01   7.9508118e-01   7.2298686e-02   2.6097182e-01   1.9756737e-01   1.6931917e-01   2.7450462e-01   2.3593878e-01   5.5236143e-02   3.5002806e-01   1.3267243e-01   3.8862987e-01   3.5688686e-01   9.4742339e-02  -9.6183154e-02  -5.7199799e-02   1.3628916e-02   2.0669817e-01   3.3916588e-01   2.6844626e-01   2.2479189e-01   5.9286415e-01   4.9033960e-01   2.3548356e-01   9.3808820e-02   3.0993385e-01   9.1168068e-02   2.8662658e-01   4.3336723e-01   2.2202777e-01   1.6755692e-01   2.6097762e-01   3.2275664e-01  -1.0932115e-01   1.9176004e-01   3.1173864e-01   2.1879413e-01   2.2416617e-01   3.1341562e-01   3.0048163e-01  -5.5939054e-02  -1.3134675e-02   5.1467393e-02   3.2159384e-01   1.9871301e-01   2.7159076e-01  -8.4578396e-03   2.0043735e-01   1.5989276e-01   1.6686666e-01   1.5787194e-01   2.3325022e-01   3.9276312e-01   2.4625911e-01   2.4837962e-01   3.6298335e-01   2.3764463e-01   2.5702084e-01   2.3856578e-01   2.2086912e-01  -1.4694331e-01  -5.6651446e-02   3.4935139e-01   3.4823435e-01  -1.7042150e-02  -5.4174309e-02   4.1096547e-01   2.8761410e-01   2.4487826e-01  -7.0655376e-05   4.5053072e-01   3.5402333e-01   2.3612651e-01   1.1331804e-01  -1.4431905e-01   8.4718766e-02   3.7406883e-01   4.6481769e-01   1.6762502e-01   1.0140714e-01   2.0415866e-01   7.6061212e-01  -1.7798786e-01   1.9161724e-01   4.0364445e-01   2.7317048e-02   1.6582908e-01  -4.2884896e-02   3.6350551e-01   2.1831739e-01   3.1881115e-01  -5.6230325e-01  -2.0565711e-02  -4.5399839e-01  -6.1891545e-02   5.0358944e-01   8.4116242e-02   7.4372233e-02   5.5421889e-01   1.3616902e-01   2.5425218e-01   2.3366947e-01   1.9929323e-01   3.1613735e-01   2.1785903e-01   8.3181171e-02   7.0054728e-01  -5.9335538e-01   3.5439403e-01   2.3939605e-01   2.7142988e-01   3.2865542e-01   6.7715663e-02  -7.5532325e-02   2.5678606e-01   5.9709187e-02   4.0099920e-01   2.4915949e-01   1.4697302e-01   2.8785840e-01   2.6635801e-01   8.0037745e-02   1.7639389e-01  -4.3892243e-01   3.4085604e-02   3.0395921e-01   2.0429737e-01   2.9846540e-01   4.0524568e-01
  -4.3915192e-02   1.0890550e-01   2.8225562e-01   0.0000000e+00   3.4785692e-01   5.7064673e-01   1.6324514e-01   4.6178396e-01   2.5522093e-01   4.3622791e-01   3.5954969e-01   1.4995126e-01   2.0492007e-01   2.4462324e-01   2.0411425e-01   4.7416184e-01   1.8936314e-01   5.0078142e-01   2.0728606e-01   4.2640557e-01   4.5010638e-01   7.3123160e-01   2.2664897e-01  -3.5858290e-01   4.3896987e-01   4.8245661e-01   4.9868001e-01   3.7652486e-01  -2.2127556e-01   6.6040675e-01   3.3379398e-01   6.2929646e-01   3.9407123e-01   2.3571750e-01   1.5055985e-01   6.4738137e-01   1.8025529e-01   1.4921626e-01   5.4122783e-01   2.1192029e-01   4.4357163e-01   3.8729918e-01   8.2039064e-02   4.6798404e-01   8.4255439e-02   3.5718371e-01   7.3181580e-01   2.3445759e-01   2.4734337e-01   3.6810585e-01   3.1335886e-01   3.6013987e-01   1.4622524e-01   5.3314562e-01   1.3485523e-01   4.4361281e-01   1.5793206e-01   6.7917115e-01   5.4711000e-01   5.2831313e-01   2.5875446e-01   2.5234614e-01  -1.0657998e-01  -2.9512610e-02   1.4873569e-01   5.3884958e-01   5.1866267e-01  -1.1538949e-01   6.7274931e-01   2.2393009e-01   8.0937503e-02   6.2712166e-01   2.3373479e-01   2.1905233e-01   6.0104488e-02   5.5574400e-01   3.6014327e-01   4.7320664e-01   1.8518451e-01   5.6291877e-01   4.1052558e-01  -1.2738151e-01   1.2405333e-01   4.0086120e-01  -4.4849904e-02   2.6822056e-01   3.3568431e-01   1.9806048e-01  -3.5386941e-01  -1.0654536e-01   3.0255551e-01   2.7968526e-01   1.8363743e-01   7.2426979e-01   2.8243930e-01   3.2429519e-01   5.6357833e-01   5.2048643e-01   3.3226268e-01   1.5961603e-01   1.2258629e-01   3.2999028e-02   5.4631229e-01   2.1175938e-01   4.1223113e-01   7.1314453e-01   2.7934597e-01   6.4802079e-01   1.5038611e-01   3.9340689e-01   3.5930450e-02   4.6228829e-01   4.7999693e-01   1.3678329e-01   1.6665792e-01   3.4848580e-01   2.7292345e-01   1.6626502e-01   3.1860210e-01   5.8187149e-01   1.4983681e-01   1.2192173e-01  -3.1152133e-01   1.8287766e-01   4.0415357e-01   1.3531824e-01   1.8414343e-01   1.7147837e-01   7.2690390e-01   1.9523236e-01   2.6317585e-01   1.2075941e-01   5.4422857e-01  -7.2774369e-02   6.9882850e-01   2.9571814e-01   3.8722292e-01   1.1641061e-01   2.5320563e-01  -2.3267646e-01  -1.1746782e-01  -1.8311933e-01   4.0451234e-01   2.7439151e-01   1.2384657e-01   3.2277925e-01   1.7597529e-01   2.1689752e-01   3.2568667e-01   7.7907157e-02   8.2054138e-02   3.3024536e-01   1.6994459e-01   3.4856891e-01   1.8785312e-01  -3.0301101e-01   1.9935504e-01   3.9220392e-01   2.6172936e-01   3.2124905e-01   1.7045813e-02   1.5127406e-01   3.1298031e-01   7.4305668e-01   5.9487334e-01   2.6194720e-01   1.8858649e-01   4.1825497e-01   1.2728209e-01  -2.8829409e-03   3.1064409e-01  -1.2108982e-02   5.4273629e-01   4.9589224e-01   2.3235006e-01  -1.4357309e-02   7.7264145e-01
  -1.3804928e-02   3.6615751e-01   5.5229222e-02   3.4785692e-01   0.0000000e+00   1.5690609e-01   1.2027759e-01   2.3900533e-01   5.8031227e-01   5.4870637e-01   3.9448012e-01   2.6403750e-01   3.1756005e-01  -1.1260848e-01   1.9851450e-01   2.1798003e-01   1.4745123e-01   5.3805049e-01  -7.5837945e-02   7.7232551e-01   1.6905962e-01   1.7559492e-01   2.0209949e-01  -1.7187279e-01   1.0269847e-01   2.1916161e-01   3.7894277e-01   1.6819511e-01  -2.4294566e-01   5.2231571e-02   4.7557079e-01   2.4706917e-01  -1.2510327e-01   3.0243026e-01   3.4031193e-01   6.6162969e-01   2.2289762e-01   1.2389570e-01   3.9650259e-01   2.2431401e-01   5.2858361e-01  -1.0645559e-01   8.5816784e-02   2.3207816e-01   1.0039005e-01  -5.8548986e-02   2.6926208e-01   1.3235283e-01   4.3778363e-01   1.7151311e-01   2.1914348e-01   1.2943856e-01   3.3002423e-01   2.7626628e-01  -1.1459290e-01   1.5271295e-01   1.5170079e-01   2.1556222e-01   3.4676954e-01   1.1121598e-01   4.3945668e-02   2.8362558e-01   1.6393461e-01   2.6840842e-01   5.6418045e-01   5.0019927e-01   9.7393309e-02   2.1188380e-01   1.9819238e-01  -3.1045646e-02   3.4313427e-01   2.8354330e-01   5.3175462e-01   1.0763423e-01  -7.4601167e-02   2.5874103e-01   4.1437350e-02   1.3021092e-01   7.0296842e-01   2.5082541e-01   1.3073977e-01   1.8134508e-01   3.9623347e-01   2.0676574e-01   4.6363118e-02  -3.6014218e-02   9.7489262e-02   5.5267355e-02  -2.6774843e-01  -8.3578142e-02   7.4125300e-01   3.8171842e-02   4.8776913e-01   4.5108914e-01   1.8171056e-02   4.8986241e-01   2.1343716e-01   1.3386111e-01   5.9063049e-01   4.3266960e-01  -5.5168728e-02   7.1160392e-02   1.1032922e-01   3.0908169e-01   1.2369520e-01   3.9233772e-01   5.6288423e-02   1.5452223e-01   4.1112561e-01   1.8061233e-01   2.2809782e-01   3.0590903e-03   2.1648787e-01  -3.8577830e-03  -1.6202385e-02   6.4229420e-01  -1.2376406e-01   5.1938427e-01  -2.2365419e-02  -5.9941506e-02  -1.5664486e-01   4.8971825e-01  -3.3074799e-01   6.4783411e-01  -4.5921913e-02  -2.2993884e-01   3.1916004e-01  -1.1331684e-01   1.4443761e-01  -3.9669217e-02   3.7651135e-01   5.5938177e-01   2.3558994e-01   2.6052939e-01   2.5534117e-01   1.4686919e-01   7.8455819e-02   2.0341163e-02   3.4549574e-03   1.4282685e-01  -5.2062915e-02   1.1577432e-02   2.4427778e-01  -4.8639433e-02   2.2703516e-01   4.8394509e-01   1.9301055e-01   6.0310906e-01   4.3011332e-01   1.7542938e-01   1.4974331e-01   1.3013867e-01   1.9506253e-03   5.1224276e-01   1.6269297e-01   1.0424795e-01  -9.9095960e-02   5.1011591e-01  -6.8365359e-02   1.4051081e-01  -5.7413664e-02   2.0186402e-01   4.6039963e-01   2.4588306e-01   2.9021134e-01   5.9292847e-01   3.7976646e-01   1.8543538e-01  -1.7651324e-01   4.3270223e-01   5.6375830e-01   6.4530887e-02   4.8115698e-01   8.4261343e-02   4.6506733e-02  -1.8692029e-01   2.8552005e-01
  -8.7319121e-02   3.4601070e-01   4.1588939e-01   5.7064673e-01   1.5690609e-01   0.0000000e+00   3.7552107e-01   5.9303889e-01   2.4782228e-01   2.4905525e-01   3.6091657e-01   2.4837192e-01   6.6978307e-02   4.8711210e-01   4.2143242e-01   5.5745274e-01   3.9581701e-01   2.9501324e-01   4.0451345e-01   2.0382823e-01   2.0351455e-01   5.0204302e-01   3.1887218e-01  -4.3219061e-01   4.6438524e-01   7.3718655e-01   7.6055192e-01   5.9412746e-01  -1.9931935e-01   7.1725920e-01   2.8192913e-01   5.6349188e-01   4.6405307e-01   2.7688901e-01   1.7826116e-01   5.9807293e-01   2.1953067e-01   4.6545864e-02   5.4942079e-01   3.7657786e-01   3.3121887e-01   4.6725218e-01   1.5574042e-01   5.5404277e-01   7.8921512e-02   4.2198509e-01   7.3937416e-01   5.2337901e-01   5.6935011e-02   4.4761829e-01   4.9191145e-01   6.7991787e-01  -1.7731399e-02   5.7494020e-01   5.5029507e-01   5.1482449e-01   2.8491903e-01   6.8106227e-01   3.7640177e-01   6.9821500e-01   5.0053946e-01   2.8135406e-02  -8.1808991e-02  -7.2250368e-02  -1.0420375e-01   4.6895299e-01   8.7543323e-01   1.5717011e-01   7.3209982e-01   4.4923180e-01   1.1287530e-01   5.2297028e-01   1.1832680e-01   3.8277129e-01   1.7430152e-01   5.5190671e-01   4.3549258e-01   5.7229278e-01   3.7789380e-02   5.4752900e-01   6.3902188e-01  -5.6731184e-02   5.1219574e-02   5.8749815e-01   9.2600270e-02   5.2691854e-01   5.2719902e-01   2.9510682e-01  -1.5109237e-01  -8.6948433e-02   7.1902353e-02   5.2393951e-01   1.2633606e-01   5.1739171e-01   2.4946366e-01   1.4090743e-01   3.4762987e-01   5.6255376e-01   2.1137502e-01  -5.6940897e-02   2.5096186e-01   2.5444106e-01   6.0447765e-01   2.4813417e-01   4.8793713e-01   5.0659176e-01   5.4804958e-01   7.2478829e-01  -8.2031252e-02   1.5211615e-01   6.1111390e-02   7.3275251e-01   2.3417712e-01   4.2448446e-02   3.9834596e-01   1.9646857e-01   4.8207724e-01  -2.0210826e-02   6.8796572e-01   5.0292257e-01   3.4955708e-01  -4.7947166e-03  -1.1178077e-01   1.5421014e-02   4.0581034e-01   4.9269543e-01   2.2632623e-01   1.8517256e-01   5.3932892e-01   5.0285291e-01   1.1273409e-01   3.1375312e-02   5.3450115e-01  -1.0654951e-01   5.6024158e-01   3.1045380e-01   5.2055391e-01   3.5850579e-01   5.4222212e-01  -4.6028931e-01   7.5185872e-02  -1.2799442e-01   3.7812348e-01   7.2453501e-01   3.2410532e-01   1.7121661e-01   2.8481887e-01   1.4181832e-01   3.1569936e-01   3.5371564e-02   1.8423585e-01   5.0960408e-01   5.2653284e-01   1.9771085e-01   5.8825409e-01  -5.5845313e-01   4.5282021e-01   3.6747665e-01   4.6803944e-01   5.9922164e-01  -6.8601808e-02   1.2935323e-01   2.0979442e-01   5.6957103e-01   6.8304786e-01   2.1053822e-01   1.9860439e-01   6.0958381e-01   4.1872246e-01  -1.8201995e-01   1.3966180e-01  -3.0123200e-01   3.0455707e-01   8.7611386e-01   4.0258365e-01   2.1420163e-01   6.2897500e-01
  -7.5154342e-02   3.7255810e-01   4.0934278e-01   1.6324514e-01   1.2027759e-01   3.7552107e-01   0.0000000e+00   4.2721992e-01   2.1167786e-01   1.0632513e-01   4.6740902e-01   6.3773432e-01   2.9576403e-02   4.7632130e-01   5.0213486e-01   4.5192334e-01   3.0615355e-01   1.9921336e-01   4.5529099e-01   1.2753792e-01   2.0085385e-01   1.2949325e-01   5.1627283e-01  -2.3919169e-01   2.0830847e-01   4.7976233e-01   4.3052616e-01   3.9777902e-01   1.6977436e-01   2.6188301e-01   4.8982728e-01   2.7183392e-01   2.5062606e-01   3.1988921e-01   3.7023229e-01   3.5933210e-01   6.1535471e-02  -1.1794461e-01   3.3104602e-01   6.0250611e-01   3.0660768e-01   1.5605036e-01   4.8500604e-02   5.7787228e-01   4.6744686e-01  -2.8986722e-02   2.4771758e-01   7.1031633e-01  -2.4453697e-02   3.2489049e-01   5.2735449e-02   2.9751006e-01   3.1099474e-01   2.7547532e-01   4.4026490e-01   4.0643605e-01   6.6400967e-03   2.8534513e-01   3.1564794e-01   4.0364030e-01   1.9573868e-01   3.1272040e-02  -1.2975134e-01   5.0072710e-01   2.2369875e-01   1.1815846e-01   2.9732487e-01   3.3359482e-01   1.9331449e-01   3.7592538e-01   6.2618205e-01   4.0896539e-01   2.4489037e-01   3.4708272e-01  -1.7828879e-01   2.8735136e-01   1.2797947e-01   1.8656312e-01   2.9144821e-01   3.2879250e-01   5.7359061e-01   1.1489783e-01   3.3772103e-01   4.8171147e-01   3.8408282e-01   5.3983342e-01   3.8434184e-01   2.3077176e-01   1.3746281e-02   1.0010291e-01   7.9985550e-02   2.9366338e-01   3.5939551e-01   1.3188832e-01  -1.4287990e-01   7.8467770e-02   1.5466142e-01   3.0364688e-01   3.1643317e-01   3.5052639e-01   6.1579033e-01   5.7174924e-01   3.8206088e-01   3.2280484e-01   5.3933639e-01   3.4134098e-01   4.0991718e-01   1.7103782e-01   4.2043284e-02  -1.8588511e-01   5.4635272e-01   3.9634937e-01   9.9438602e-02  -6.6454495e-03   7.0174013e-01   3.1595856e-01   1.8624556e-01   2.0458821e-01   3.5372264e-01   1.6873532e-01   3.6121483e-02   2.9203141e-02  -1.0207747e-01   2.1514766e-01   9.0698905e-02   4.6358250e-01   4.1034731e-01   5.7906229e-02   1.3711400e-02   4.4983512e-01   1.2328396e-02   5.8224486e-01   2.4449570e-01   4.7291652e-01  -1.0138385e-02   3.9387751e-01   2.6032106e-01   6.4539922e-01   4.7530218e-01  -5.4153282e-01   2.5311723e-01  -8.3948506e-02   9.4881785e-02   4.8052964e-01   5.0566833e-01   5.0317343e-01   8.4897682e-01   3.7537785e-01   3.0283151e-01   5.0883008e-01   4.7708657e-01   5.4239228e-01   2.1692482e-01   2.5970868e-01   5.0961897e-01  -4.7020391e-01   2.1119983e-01   3.2388764e-01   1.7801828e-01   5.3074627e-01   1.7491788e-01   1.7992158e-01   3.4373950e-01   1.5994776e-01   4.2326760e-01   3.4028469e-01   3.8075597e-01   2.3033545e-01   1.6274505e-01   3.9119591e-02   2.7114037e-01  -4.6312754e-01   2.0942938e-01   1.8661074e-01   3.4520739e-01   1.6402722e-01   2.9722621e-01
  -4.0319646e-02   3.0200858e-01   2.3209118e-01   4.6178396e-01   2.3900533e-01   5.9303889e-01   4.2721992e-01   0.0000000e+00   2.7406130e-01   1.8863604e-01   6.2518522e-01   3.6695278e-01   1.4343547e-01   3.9990226e-01   5.3394051e-01   4.9758065e-01   1.5166684e-01   3.9914255e-01   3.6687573e-01   1.1337450e-01   2.4348162e-01   3.8582141e-01   3.8788861e-01  -1.9612792e-01   3.3380231e-01   6.9715768e-01   4.2817098e-01   5.9027792e-01  -1.6212455e-01   4.2760564e-01   3.8333428e-01   5.6401996e-01   3.7237048e-01   2.5878962e-01   2.1217440e-01   4.8166278e-01  -1.5378347e-02   1.1965553e-01   4.1466119e-01   2.3658826e-01   4.0413629e-01   2.0214977e-01   1.9012083e-01   6.1400314e-01   2.2404111e-01   2.7097646e-01   5.6789393e-01   5.0099164e-01   9.0216092e-02   2.5083536e-01   3.2463826e-01   6.4666867e-01  -8.8869577e-02   4.4234357e-01   4.5221267e-01   4.6460752e-01   1.5059791e-01   6.2635598e-01   4.6538768e-01   4.3526136e-01   3.0770965e-01  -3.0721358e-02   6.6363819e-02   2.0234553e-01   8.4435925e-02   4.1115271e-01   6.6557063e-01   1.3933632e-01   6.4760688e-01   3.2959489e-01   2.1074193e-01   4.2817245e-01   1.7338016e-01   3.2819501e-01   2.7860386e-02   4.4740967e-01   3.1244871e-01   5.9635125e-01   1.9252620e-01   4.2576962e-01   6.4489527e-01   1.3522510e-01   2.6215451e-01   9.0608180e-01   1.0532768e-01   6.3803391e-01   3.8212388e-01   9.9753543e-02  -9.8492537e-02  -1.5987320e-01   2.3119702e-01   3.9456983e-01   3.6256873e-01   4.0374480e-01   1.1198484e-01   7.4762358e-02   3.0728636e-01   4.7973127e-01   2.8893665e-01  -9.1096441e-03   2.4333923e-01   2.9260912e-01   7.7499122e-01   2.4692731e-01   5.0211125e-01   5.7914060e-01   4.5344709e-01   6.1939174e-01  -6.5734321e-02  -1.7207492e-02   2.2848280e-01   6.3784037e-01   3.5458578e-01   5.9641675e-02   4.1271083e-01   2.3494063e-01   3.6687813e-01   1.7887889e-01   5.4286861e-01   3.5741700e-01   3.0655518e-01   9.7196805e-02  -4.2668334e-03   1.5743783e-01   2.3929266e-01   2.4462680e-01   3.6139735e-01   4.8816829e-02   3.4607983e-01   2.9489368e-01   5.5002105e-02   2.3360837e-01   4.5377045e-01   1.1433918e-01   3.7425982e-01   5.7225473e-01   2.9088567e-01   5.8480133e-01   6.0516255e-01  -2.7723411e-01   3.3197609e-01  -6.9645005e-02   4.0877610e-01   5.3515756e-01   4.4041334e-01   2.3113714e-01   2.9751300e-01   2.5830448e-01   2.6578108e-01   6.3601264e-02   2.1332720e-01   8.4049101e-01   3.3080455e-01   2.6355621e-01   3.8142677e-01  -3.4569212e-01   2.6305254e-01   4.6972935e-01   3.3786560e-01   7.6972250e-01   1.2169945e-02   3.4767619e-01   1.7212573e-01   3.6053667e-01   6.3229984e-01   2.4550043e-01   1.9203430e-01   7.6282652e-01   2.9118853e-01  -9.8533336e-02   2.0092248e-01  -3.3364193e-01   3.0964079e-01   6.1365727e-01   1.9417889e-01  -1.2325115e-02   6.3385083e-01
   1.1581927e-01   5.8585739e-01   2.5730652e-01   2.5522093e-01   5.8031227e-01   2.4782228e-01   2.1167786e-01   2.7406130e-01   0.0000000e+00   3.8578439e-01   3.3849856e-01   3.7176668e-01   2.4517322e-01  -5.3530636e-02   3.5668411e-01   3.5193581e-01   3.6667268e-01   4.5999012e-01   2.2018165e-02   6.6603719e-01   1.6072847e-01   1.7641056e-02   1.3306420e-01  -1.4355949e-01   3.6016762e-01   3.3365333e-01   4.0098831e-01   2.5808118e-01   2.2510246e-01   1.0727636e-01   5.3740492e-01   7.8720052e-02   5.6475416e-02   4.6737020e-01   6.1881487e-01   4.7039764e-01   3.8043110e-01   1.8205900e-01   4.5650427e-01   4.0543789e-01   5.4283220e-01   1.0848299e-01   2.3990121e-01   1.8619676e-01   2.2479141e-01   3.0355708e-02   1.6175536e-01   2.6573753e-01   3.7666193e-01   2.6156822e-01   2.0232962e-01   1.6999824e-01   4.2678684e-01   2.1919510e-01   1.3964972e-01   9.0518152e-02   3.9981919e-01   2.6216376e-01   3.9124780e-01   2.1918807e-01   2.0862011e-01   1.6264228e-01   4.3147359e-01   4.3999252e-01   5.0681421e-01   3.9137961e-01   1.9915271e-01   3.6688909e-01   5.2102704e-02   1.0581665e-01   4.2350155e-01   2.4411328e-01   4.0968869e-01   1.3761836e-01   6.0741110e-02   3.4508622e-01   2.0896980e-01   5.7364270e-02   6.6725625e-01   4.3772446e-01   1.4298964e-01   1.2360161e-01   3.5939435e-01   2.1611775e-01   1.9667774e-01   7.3366599e-02   2.7023093e-01  -1.5481624e-03   1.9644733e-02   1.0307161e-01   6.7094532e-01   1.1877009e-01   3.0560658e-01   4.5470030e-01   8.0148546e-03   6.6696634e-01   2.5579576e-01   1.1413435e-01   5.0985856e-01   3.9682039e-01  -9.4020824e-03   2.6106874e-01  -4.6804445e-03   6.1650954e-01   1.4817961e-01   3.4952089e-01   1.8061234e-01   9.0648593e-02   3.2109803e-01   1.1465035e-02   3.3508884e-01   1.7814738e-02   6.8367098e-02   1.0954581e-01   3.7580148e-02   7.4999473e-01  -2.1988011e-01   3.6751281e-01   7.6235277e-03  -1.3264077e-01   1.1749271e-02   7.0081036e-01  -2.9211229e-01   6.2106119e-01   1.1422106e-01  -4.1903146e-03   4.0113308e-01   5.7767236e-02   1.7309788e-01   3.1694856e-02   4.0532530e-01   6.4929931e-01   3.5546602e-01   3.6756168e-01   1.2238843e-01   2.9656268e-01   1.0989406e-01   9.0879940e-02   1.9606960e-01  -2.4882063e-02   7.4958193e-02  -1.4348814e-01   2.3630700e-01  -4.3941113e-02   2.5605894e-01   5.5044115e-01   2.2170684e-01   4.5990465e-01   6.1356985e-01   3.3209144e-01   1.7908694e-01   1.1399277e-01   1.6574854e-01   5.1014927e-01   3.6005335e-01  -4.0137817e-02   6.1763814e-02   5.3143980e-01   7.7396868e-02   9.9914553e-02   2.4244624e-01   1.1886422e-01   5.2465926e-01   1.2580945e-01   2.2381852e-01   7.0595507e-01   4.4548721e-01   2.0062077e-01   2.6524964e-02   3.3082890e-01   6.6345126e-01  -9.4460228e-02   3.3075412e-01   8.7314902e-02   2.7028095e-01   2.6288733e-01   2.3741567e-01
   1.8369285e-01   8.0887236e-02   2.1680054e-01   4.3622791e-01   5.4870637e-01   2.4905525e-01   1.0632513e-01   1.8863604e-01   3.8578439e-01   0.0000000e+00   2.0650274e-01   2.7819121e-01   2.6575982e-01   1.1677969e-01   1.5212163e-01   2.0051704e-01   8.5518052e-02   3.7630834e-01   1.6130916e-01   6.1508981e-01   1.6601569e-01   3.3404625e-01   2.1535199e-01  -1.8274414e-01   2.1663858e-01   2.4815861e-01   3.0602126e-01   2.9830392e-01  -2.1841251e-01   1.2448948e-01   2.2660168e-01   3.9118167e-01  -7.5473566e-02   2.6089255e-01   3.3479173e-01   4.7188730e-01   2.3077721e-01   2.8681406e-01   3.1019560e-01   1.2326522e-01   3.8230370e-01   8.6683087e-02   6.5028718e-02   2.2805004e-01  -1.0169454e-02   3.5590033e-02   2.8298968e-01   5.4993091e-02   3.1988795e-01   2.8029805e-01  -4.5280610e-02   1.9922968e-01   7.6907225e-02   3.8961960e-01  -1.1075115e-01   3.1485482e-01   1.9079339e-01   3.4340064e-01   3.0652504e-01   1.8112587e-01   7.5887041e-02   3.3544933e-01  -1.0315469e-01  -1.9593509e-02   3.1409155e-01   6.8012830e-01   8.5252752e-02  -1.6542670e-02   2.2257505e-01   1.3146311e-01   1.7039625e-01   2.5286404e-01   4.1001931e-01   1.8766544e-01   1.5621269e-01   4.5913592e-01   2.0557742e-01   1.6198547e-01   3.9390784e-01   2.9381285e-01   2.7502717e-01  -1.7059618e-01   1.2642715e-01   2.5824436e-01   7.2856507e-02   7.1984267e-03   1.3148396e-01   1.9652849e-01  -3.2834798e-01  -7.9642001e-03   5.4605984e-01   1.2388964e-01   3.8867916e-01   4.9820950e-01   2.1991077e-01   4.3721319e-01   4.2932835e-01   2.1771831e-01   3.8672732e-01   5.3451291e-01   4.8230613e-02   1.7888866e-01   1.5947151e-01   2.2595200e-01   1.4814427e-01   3.4072644e-01  -8.0269418e-02   1.6566482e-01   5.5901313e-01   4.8989669e-02   3.0491108e-01   2.2505534e-02   1.0084070e-01   2.5108356e-01   1.0311453e-01   4.4640537e-01  -4.6815602e-02   3.4866165e-01   1.5855010e-01   9.0389022e-02   7.3090968e-02   2.8585816e-01  -3.5510335e-01   2.2963916e-01   1.6919027e-01  -1.1128291e-01   8.5831277e-02  -1.2204470e-01   3.5588482e-01   7.7792790e-02   2.7938082e-01   2.7201347e-01   3.8530695e-01  -1.0411862e-01   3.3702034e-01   6.7787976e-02   1.9463805e-01   8.5495725e-02   7.0001311e-04   3.5233923e-02  -5.5968016e-02  -2.3152850e-01   2.1123146e-01   2.0050202e-01   1.3381971e-01   2.9429223e-01   2.1817829e-01   3.2782375e-01   4.8332149e-01   2.3609606e-01   2.2589389e-01   1.3133818e-01   1.1669357e-01   4.0996458e-01   1.9857075e-01  -8.8105095e-02  -3.3704050e-02   4.4309257e-01   2.0415383e-02   1.8588806e-01   3.2846237e-02   1.3817478e-01   4.1026856e-01   2.5637381e-01   3.0649449e-01   4.8970167e-01   4.4895012e-01   2.6915132e-01  -1.0889801e-01   1.5462594e-01   4.9232408e-01   1.6199209e-01   2.4255662e-01   1.7601207e-01   4.2846469e-02  -1.7742036e-01   3.6829281e-01
  -5.3578996e-02   2.9193508e-01   6.6146072e-02   3.5954969e-01   3.9448012e-01   3.6091657e-01   4.6740902e-01   6.2518522e-01   3.3849856e-01   2.0650274e-01   0.0000000e+00   2.7545941e-01   3.4473822e-01   3.8252310e-01   5.5513937e-01   4.8210813e-01   5.1259505e-02   6.0772386e-01   2.1498727e-01   3.3410299e-01   3.6228447e-01   1.5939516e-01   3.1290728e-01  -6.2883864e-02   2.3109359e-01   4.6598540e-01   4.4043275e-01   4.3642143e-01  -1.7129977e-03   3.5071111e-01   5.4996124e-01   4.2405124e-01   5.7065308e-02   1.2317885e-01   1.6307200e-01   6.2875218e-01   5.8914959e-02   1.0214037e-01   4.4508492e-01   2.0806851e-01   5.3641242e-01   4.5378062e-02   2.1545738e-01   5.7300560e-01   3.6954185e-01   4.6841435e-02   4.9643458e-01   4.6736165e-01   2.5954209e-01   6.9356741e-02   1.9850327e-01   4.2255801e-01   3.9347676e-02   2.0785927e-01   2.8424306e-01   5.1044795e-01   1.0442271e-01   3.7127705e-01   5.4068985e-01   2.9515326e-01   9.7905300e-03   2.5474603e-01   9.8995381e-02   4.9034703e-01   4.1235254e-01   3.3620449e-01   4.2764448e-01   2.0285289e-01   4.5086719e-01   2.5631532e-01   2.1647341e-01   3.9537553e-01   3.3118904e-01   3.1384642e-01  -1.2210738e-01   3.3064311e-01   6.4597283e-02   3.5518805e-01   3.8793477e-01   3.7390553e-01   4.5186332e-01   1.6375243e-01   3.6970043e-01   4.9133130e-01   1.7144696e-01   4.4141491e-01   3.5821742e-01   7.0522414e-02  -6.0221369e-02  -7.1936433e-02   3.0546757e-01   5.5715493e-02   3.9450400e-01   3.4248262e-01  -7.5273892e-02   3.5865551e-01   2.7950739e-01   3.2927395e-01   4.8950701e-01   4.3142056e-03   3.4930902e-01   4.5183175e-01   4.9456931e-01   2.7117231e-01   6.0298509e-01   4.9159635e-01   2.2134396e-01   4.0154845e-01   1.4728170e-01   9.8523217e-02   2.6015745e-01   4.0772845e-01   1.5992314e-01   2.8836899e-02   4.8579856e-01   3.9210978e-01   1.9786606e-01   3.6558612e-01   3.6060836e-01   1.6538318e-01   8.0016222e-02   2.8022648e-01  -9.2848325e-02   4.5133882e-01   4.1828711e-02   9.4635657e-02   4.8211306e-01  -1.1597189e-02   2.0561132e-01   2.0006159e-01   2.8865462e-01   4.9693363e-01   2.0084229e-01   3.6952053e-01   2.2729121e-01   4.6519107e-01   7.1939798e-03   5.6716655e-01   4.3397472e-01  -1.7132147e-01   2.5306285e-01   1.1341022e-01   6.0746856e-01   3.5058797e-01   5.2515859e-01   4.5659865e-01   2.7356845e-01   4.0392499e-01   3.1341036e-01   2.3638930e-01   3.6545641e-01   5.4872614e-01   1.5310963e-01   5.1243478e-01   2.0660389e-01  -1.6497244e-01  -8.5613367e-03   5.5283628e-01   4.8580111e-02   5.1656282e-01   2.4988380e-01   6.5244770e-01   3.1432271e-01   3.9749797e-01   3.8409688e-01   3.3303037e-01   3.6898433e-01   3.2517330e-01   7.8654036e-02   2.7249660e-02   3.2875974e-01  -2.5695195e-01   5.3589522e-01   3.1203656e-01   1.6003749e-01  -6.5088528e-02   3.9314015e-01
   5.3198002e-02   5.7500883e-01   5.3337143e-01   1.4995126e-01   2.6403750e-01   2.4837192e-01   6.3773432e-01   3.6695278e-01   3.7176668e-01   2.7819121e-01   2.7545941e-01   0.0000000e+00   2.0147447e-02   3.2112192e-01   5.4832919e-01   2.7258341e-01   4.8114979e-01   5.8139804e-02   3.9803915e-01   1.7729269e-01   7.5745136e-03   4.5056145e-02   3.7616153e-01  -2.4110575e-01   1.0572487e-01   4.5731710e-01   3.0272507e-01   4.1996624e-01   1.0807538e-01   6.7172382e-02   3.2316615e-01   2.6508631e-01   1.5825053e-01   5.9198118e-01   5.9757272e-01   1.9532972e-01  -3.8812379e-02  -3.3614112e-02   2.5090099e-01   6.4497405e-01   2.3704675e-01   7.9885019e-02   7.5774926e-02   3.5098654e-01   3.9100430e-01  -3.3508723e-02   2.0464472e-02   5.1260256e-01  -1.3870588e-01   5.0089000e-01   4.0387020e-02   3.2232108e-01   2.5344152e-01   1.5473079e-01   3.3273354e-01   2.1884213e-01   1.4646633e-01   3.2846876e-01   2.2527421e-01   3.5855014e-01   2.0793364e-01   7.9381755e-02  -5.7756334e-02   3.5071345e-01   3.1260477e-01   2.3163087e-01   1.7498011e-01   4.0329629e-01   5.3219334e-02   3.1518529e-01   7.4049768e-01   3.1374383e-01   3.2714932e-01   4.5401836e-01  -1.2125382e-01   2.8087013e-01   1.5310381e-01   1.4821060e-01   4.0692705e-01   2.7833327e-01   4.2301190e-01   1.3328819e-01   3.0348107e-01   4.5093811e-01   4.5986321e-01   4.3526418e-01   2.5568115e-01   3.1844418e-01   3.2915107e-02   1.0936758e-01   2.5682570e-01   2.2740205e-01   3.3737361e-01   2.1314467e-01  -1.7831327e-01   1.8771133e-01   1.6429826e-01   2.0520399e-01   2.4026054e-01   4.8073138e-01   4.5551733e-01   5.7559814e-01   2.9909396e-01   4.8663814e-01   3.1105420e-01   3.0380078e-01   2.6083797e-01   8.0328777e-02  -9.3490685e-03  -3.7829903e-01   6.0040828e-01   3.1078210e-01   3.3589347e-02   8.0704733e-02   5.0306582e-01   3.9719644e-01   7.6031431e-02   2.5659535e-01   2.9887127e-01   7.6133054e-02   1.1453278e-01   1.8971057e-01  -1.2356389e-01   2.6287540e-01   1.0706346e-01   4.0041797e-01   3.3373405e-01  -1.4672435e-01  -4.3038855e-02   3.9954790e-01  -7.7618666e-02   4.9700503e-01   4.3787968e-01   3.3500296e-01  -6.6079129e-02   2.1821096e-01   1.6208438e-01   4.9202561e-01   4.6222176e-01  -5.4580103e-01   3.1121301e-01  -2.8085832e-01   2.1628467e-02   3.3989396e-01   3.8242657e-01   3.3508249e-01   7.6858250e-01   2.4310396e-01   3.2380651e-01   4.4769741e-01   4.8488030e-01   4.8211948e-01   2.1975880e-01   2.0080323e-01   6.2526682e-01  -5.4306739e-01   2.1298565e-01   4.0218990e-01   1.0489356e-01   4.1631183e-01   1.4940816e-01   9.0439019e-02   4.2216087e-01  -1.0294970e-01   4.5714849e-01   4.1702848e-01   4.1540227e-01   2.9601144e-01   2.4412781e-01   1.5729566e-01   3.2636834e-01  -5.4476281e-01   1.8830692e-02   1.0122135e-01   1.3918152e-01   1.3836561e-01   3.3814589e-01
   1.2874191e-01  -9.8241898e-02  -2.5673370e-01   2.0492007e-01   3.1756005e-01   6.6978307e-02   2.9576403e-02   1.4343547e-01   2.4517322e-01   2.6575982e-01   3.4473822e-01   2.0147447e-02   0.0000000e+00   1.2524205e-02   2.1833744e-01   3.0443684e-01  -2.7798060e-01   3.2257345e-01   7.6529495e-02   3.0584355e-01   2.1307060e-01   9.5902527e-02   5.2944047e-02  -1.4934710e-01   2.0962542e-01   2.7123963e-01   7.5582282e-02   1.5109616e-01  -9.1330170e-02   1.2817477e-01   1.9195766e-01   1.2871319e-01  -4.1197577e-02   1.4640281e-01   1.1550631e-01   2.4102811e-01   1.8355671e-02   9.7684426e-02   3.0473759e-01  -1.2327549e-01   5.6801683e-01   1.3907626e-01   3.4446327e-01   1.5239162e-01   2.2331928e-01  -1.5906268e-01   1.7230573e-01   4.8980179e-02   1.2246997e-01  -1.5921410e-01   6.2198802e-02   3.1070100e-01  -7.4884973e-02   1.3407540e-01   5.0810846e-02   2.4208600e-01   1.6485281e-01   1.0294135e-01   4.4078348e-01   1.7536673e-02  -6.7963385e-02   1.3179872e-01   6.9758628e-02   1.6940047e-01   2.7017274e-01   2.2536625e-01   1.2275612e-01  -7.7921348e-02   1.1574103e-01  -3.1176284e-01  -4.1815129e-02   1.9820556e-01   3.7669240e-01   4.1697981e-02   2.3247618e-02   1.3606782e-01  -2.1745212e-02   1.2270370e-01   1.8633021e-01   3.3379932e-01   2.8335459e-01   6.1569646e-02   2.1260191e-02   1.0534097e-01  -1.3358331e-01   3.3783005e-02   8.7513261e-02  -5.8534304e-02  -9.3615741e-02  -1.0017238e-01   2.6504096e-01  -1.0063212e-01   1.6489037e-01   1.9198366e-01   2.0872824e-02   1.9365329e-01   3.1599881e-01   1.9817404e-01   2.5361653e-01   8.8257906e-02   7.5271491e-03   2.4499361e-01   8.8474447e-02   2.4983427e-03   1.6748968e-01   2.9997928e-01   1.1575717e-01   2.4749386e-01   2.6637324e-01   2.0380926e-02   1.1359657e-01  -1.1169875e-01  -1.0045994e-02   8.8316333e-03   9.6003084e-03   9.4486702e-02   4.9685357e-02   3.5658194e-01   1.6838003e-02  -1.1819349e-02  -1.9223154e-01   2.6330282e-01   1.2156496e-02   1.7808226e-01  -1.0531650e-01  -7.5112571e-02   1.1716587e-01  -5.4316197e-02   1.2987526e-01  -2.8204111e-01   4.9790098e-01   1.4207970e-01   1.0689677e-01   1.4220205e-01   7.8648669e-02   2.2043315e-01  -3.3282461e-02   8.6758640e-02   8.3249833e-02   8.9804536e-02  -3.9930974e-02   3.8947929e-01   3.4974759e-01  -7.2783624e-03   2.2257080e-01   2.3515894e-01  -3.6983105e-02   7.0754664e-02   1.5062108e-01  -3.2064506e-04   6.6606291e-02   1.1976658e-01  -4.3263722e-02   3.5580910e-01  -1.4225131e-01  -3.3355034e-02  -2.0656887e-01   4.2186169e-01  -1.4691654e-01   1.8973713e-01   2.3812709e-01   4.0687933e-01   8.6080221e-03   2.7489549e-01  -2.9591904e-02   1.3645023e-01   2.6559221e-01  -1.8442679e-04  -1.3989650e-01  -9.9106206e-03   1.4843671e-01  -3.6145772e-02   2.2609194e-01   3.8679876e-02  -3.6343728e-02  -2.6318128e-02   1.4969575e-01
   2.4727133e-01   7.1637030e-02   1.7630089e-01   2.4462324e-01  -1.1260848e-01   4.8711210e-01   4.7632130e-01   3.9990226e-01  -5.3530636e-02   1.1677969e-01   3.8252310e-01   3.2112192e-01   1.2524205e-02   0.0000000e+00   5.1651658e-01   4.4755795e-01   2.1805262e-02   1.8001569e-01   4.6234227e-01  -8.8938447e-02   2.0479614e-01   3.6151836e-01   3.5585665e-01  -5.4553094e-02   2.5161917e-01   4.5811075e-01   4.3247606e-01   5.5788605e-01  -6.2714154e-02   4.1188588e-01   1.4336303e-01   4.4808218e-01   3.0487434e-01   9.5381737e-02   3.8602006e-02   2.8009954e-01   1.3300852e-01   2.0479770e-01   3.2599406e-01   1.7150836e-01   2.0747352e-01   3.1733220e-01   3.2184203e-02   4.4410921e-01   2.7619141e-01   3.0505178e-01   4.0099634e-01   3.9428701e-01   1.2704671e-01   1.6507112e-01   8.6601539e-02   3.5924662e-01  -2.5320547e-01   4.1438325e-01   5.6379273e-01   5.4145193e-01   6.6178966e-02   4.6677843e-01   2.1439334e-01   4.4922931e-01   3.1313785e-01   1.2643690e-01  -3.5423653e-01   1.0408720e-01  -1.0048197e-01   2.5720550e-01   4.2580356e-01   1.1546155e-01   4.1928219e-01   5.0541673e-01   8.3683753e-02   3.3640234e-01   8.2491782e-02   6.1280188e-01  -8.3318923e-02   4.0690033e-01   3.3603751e-01   3.4161671e-01  -2.5729522e-02   3.8325625e-01   6.2066931e-01  -8.8343105e-02  -5.8457842e-02   4.7141094e-01   4.5811943e-01   5.5277667e-01   5.9306355e-01   5.5621342e-01  -1.1407296e-01   2.3584096e-01   1.1049505e-02   4.1458579e-01   1.6546585e-01   2.5819438e-01   2.2131377e-01  -5.2915443e-02   3.7443124e-01   3.0371264e-01   8.6235469e-02   1.2536489e-02   6.2775204e-01   4.0524792e-01   5.0223028e-01   9.0935094e-02   4.5252615e-01   3.8269641e-01   3.5223534e-01   2.5928753e-01   1.1387791e-01  -2.5867235e-01  -1.2485556e-03   5.2194001e-01   5.0686365e-02   3.4143801e-01   6.8801908e-01  -1.7724560e-02   2.2290050e-01  -1.0157361e-01   6.3945790e-01   3.3989549e-01   3.6262881e-01  -2.4097031e-01  -1.4563738e-01  -5.1370702e-02   3.2244153e-01   4.3783815e-01   7.0336598e-02   2.1556904e-02   3.4035356e-01   3.6435506e-01   3.0906139e-02   2.2489799e-02   4.1680103e-01   4.2285445e-04   2.4919214e-01   2.0524980e-01   3.2624808e-01   7.0526177e-01   4.0568942e-01  -4.9540873e-01   2.9880044e-01  -1.3174922e-01   3.0266848e-01   6.4558401e-01   3.6059856e-01   2.2600937e-01   3.1947636e-01   7.0946132e-02   1.9773097e-01   2.6741003e-01   6.1028903e-01   5.2840009e-01   5.0526364e-01   1.5507573e-01   4.0598878e-01  -4.7930723e-01   3.0883176e-01   2.6288994e-01   3.9770794e-01   5.5281686e-01   8.2545073e-02   2.1598405e-01   2.7789117e-01   3.5613528e-01   3.9467833e-01   4.6501862e-02   1.5029495e-01   3.4744421e-01   3.6572227e-01  -4.5437187e-01   3.8715267e-02  -1.8802048e-01   1.2806843e-01   5.1672929e-01   3.7282451e-01   1.9002840e-01   3.1776340e-01
