   0.0000000e+00  -3.3161586e-01   2.9246186e-01  -1.5311435e-01  -2.3389415e-01  -1.6586533e-01  -4.0075084e-01  -1.7338488e-02  -1.0336941e-01  -2.0661180e-01  -2.1677601e-01  -1.9128897e-01  -1.9910224e-01   4.5627403e-01   1.2670050e-01   8.0143568e-03   9.4585577e-02  -5.7968497e-03  -1.1139562e-01  -3.0772085e-01  -2.4226030e-01  -5.4629994e-01  -3.5164733e-01   7.8918629e-01   3.6597821e-02  -3.6086104e-01  -3.3585116e-01   5.2159470e-01   2.3273864e-02  -4.6662735e-01  -2.6938131e-01  -2.8315164e-01   1.6091938e-02  -3.8162453e-01  -4.1810435e-01  -4.3030198e-01  -3.3816830e-01   5.4035222e-01  -8.6273808e-02  -1.4390774e-01  -2.3341929e-01   1.3344177e-01  -2.4258452e-01  -5.1073242e-02  -2.4078056e-01   5.3516785e-01  -3.1901659e-01  -2.3220567e-01   9.6984644e-02   9.5336969e-03  -1.6275482e-02  -1.3709778e-01  -3.5551906e-01   2.0353083e-01   5.1494106e-01   4.1055390e-01   1.1155564e-01  -3.7847519e-01  -1.4323116e-01  -1.8331382e-01   5.8491605e-01  -2.1822505e-02   9.7328691e-03  -2.6100759e-01  -2.1990152e-01  -4.1788408e-01  -1.6338325e-01  -1.7273942e-01  -2.5668990e-01   2.4250662e-01  -3.2115016e-01  -3.4595204e-02  -3.0867114e-01   7.1458018e-01   1.7096742e-01  -6.2062778e-02   5.9471078e-01  -2.6548870e-01  -3.1332221e-01  -2.0578858e-01   9.8684749e-02   5.4140359e-02  -8.6285965e-02  -1.5104568e-01   5.0384266e-01  -2.1076676e-01  -1.9174270e-01   5.6362098e-01  -6.5307129e-02   7.7864481e-01  -2.3639178e-01   4.6413718e-01   2.1820134e-02  -3.1822060e-01   2.6399676e-01  -2.4684093e-01  -2.2636615e-01  -1.7937343e-01  -1.5839199e-01  -3.6068009e-01   5.9818002e-01  -7.2836853e-02  -2.7563126e-01  -2.8087319e-01  -3.5472636e-01  -2.9130604e-01   4.6640333e-01  -2.8642390e-01  -6.1972734e-02  -1.4694461e-01  -8.3258670e-02  -4.1197316e-01  -6.1064858e-02   8.4945652e-01   6.4273780e-01  -2.5041097e-01  -4.9203106e-02  -2.8194267e-01   3.9881728e-01  -2.6032818e-01   6.5382432e-01  -3.7334345e-01  -1.3935508e-01  -3.0099923e-02   3.8376815e-01   5.7823772e-01   2.1586485e-01   9.5804003e-03  -3.5495917e-01   1.3999454e-01  -3.7111620e-02  -3.4178498e-01   3.2948671e-01   1.0379202e-02  -2.4052835e-01  -1.2729775e-01  -1.5689262e-01   3.5175188e-01  -3.1295913e-01   6.1803779e-01   7.6459106e-01   7.8073393e-02  -1.5760412e-01   1.8650485e-01   1.6607786e-01  -2.3287652e-01   2.3406229e-02  -4.0695524e-01  -2.7386978e-01  -4.3669683e-01   8.2394386e-01  -1.3966928e-01   7.1975995e-01  -2.6532153e-01  -2.3305063e-01   5.7794462e-01   6.0099584e-01  -2.5752898e-01   4.3541779e-01  -1.8986093e-01  -2.4440497e-01  -1.8409390e-01  -3.9709627e-01  -3.2953602e-01  -3.6272213e-01  -3.6749759e-01  -1.7208323e-01   3.7116806e-01   6.0125939e-01   2.6481922e-02  -2.5937956e-01   4.8933244e-01  -2.9556571e-01   4.4882622e-01  -1.5831164e-01  -2.8536720e-01  -3.2698692e-01
  -3.3161586e-01   0.0000000e+00   1.5876201e-01  -7.8332319e-02   4.4124018e-01  -1.8881522e-01  -3.6622789e-02  -9.6054310e-02   5.0942326e-01   3.6285862e-01  -6.5248854e-02   5.7513257e-01   2.6223402e-02  -2.2829184e-01  -9.1401128e-03   7.6692631e-02   4.7378245e-01  -2.1583644e-01  -7.6665895e-03   2.7591724e-01  -2.5474392e-01   2.8600033e-02  -2.1568488e-01  -2.8997749e-01   2.1603676e-03   1.6078340e-01   2.9869020e-01  -1.8429956e-01  -1.5938555e-01   4.7184555e-02   3.0722973e-01  -1.0127221e-02   1.4776383e-01   3.5428315e-01   4.1717754e-01  -6.4838123e-02   3.0514961e-01  -1.6456397e-01   9.9591435e-02   4.4398928e-01   5.1953488e-02  -1.5024166e-01   5.0434301e-01   7.4029601e-03   1.5187835e-01  -1.5632043e-01  -1.2755514e-01  -9.5458550e-02   2.1968259e-02   3.5030535e-01  -2.5953336e-01   1.0407404e-01   6.6921035e-01  -6.2593322e-03  -2.1838726e-01  -1.2477930e-01   7.5450999e-02  -3.5536395e-03  -1.1207242e-01   3.0314453e-01  -1.9128842e-01   7.2763026e-03   2.2534503e-01   6.8978639e-01   8.8438198e-02   1.9622630e-02  -3.9098617e-02   3.0092279e-01   1.3090246e-01  -7.6565804e-03   4.4469839e-01  -9.7745272e-02   2.5747163e-01  -1.5959299e-01  -2.8432926e-02  -3.0496969e-01  -1.8839757e-01   3.8934464e-02   3.2947942e-01  -1.5104667e-01  -2.1488697e-01   1.8970072e-03   1.1402777e-01   1.9581521e-01   2.7830433e-02  -2.2480124e-01   2.2097185e-01  -2.9648945e-01   5.6317705e-01  -2.1147280e-01   5.5063215e-01  -1.5795503e-01   2.4297729e-01   2.3803749e-01  -1.5789214e-01   5.6819298e-01   1.0808216e-01   3.9240409e-02   2.7276051e-01   2.5423103e-01  -2.9690090e-02   1.5329526e-01  -9.7779798e-02   4.4685192e-01  -1.9143583e-01   1.4680322e-02  -1.9320266e-01   1.4145313e-01   1.4880346e-02  -2.8047867e-02   2.5206421e-01  -1.1721121e-01  -1.5498093e-02  -1.8675390e-01  -2.5113746e-01   6.5820486e-01   8.0299976e-02   1.0010784e-01  -2.9329212e-01  -5.8989020e-02  -3.0510833e-01   5.4283670e-01   4.2363252e-01   2.2170006e-01  -7.4366658e-02  -1.8802426e-01  -1.4228973e-01  -2.1030860e-01  -9.3874914e-02   2.8700816e-01   9.2092056e-02   4.7730765e-01   2.9472275e-01   4.2932835e-02   2.2720016e-01  -2.5959240e-01  -6.8427597e-02  -1.9720176e-01  -1.3203594e-01  -2.2064655e-01  -1.5453486e-01  -1.0625875e-01  -7.3608222e-02  -8.3945217e-02  -1.0806232e-01  -2.8547691e-02   2.7203760e-01   3.3489095e-01  -6.4436297e-02   1.5311455e-01  -1.8204391e-01   1.3658442e-02  -2.2114779e-01   3.3668665e-01   6.9890421e-01  -2.1239577e-01  -3.0504447e-01   3.8189171e-02  -1.7783624e-01  -2.4313708e-01   1.5749218e-01  -4.9570068e-02   1.5975640e-01   1.1429520e-01   2.2701104e-02   5.7236170e-01   2.1137918e-01  -2.8817145e-01  -2.8338306e-01   2.1455858e-01   4.4938566e-01  -3.2242761e-01   3.5442546e-01  -7.4008889e-02   1.0175666e-01  -9.8378873e-02   1.2475491e-01
   2.9246186e-01   1.5876201e-01   0.0000000e+00  -1.7597587e-01  -5.3830432e-02   6.4927687e-02  -1.0721339e-01  -1.7887372e-01  -1.5468184e-01   1.9567500e-01  -3.4990561e-01   5.2833426e-01   4.2588184e-02   2.2931427e-02   2.3795637e-01  -6.1447834e-03   8.1677414e-01  -9.5581786e-02   5.5781667e-02   5.8953044e-02  -3.3412516e-01  -1.0565448e-01  -3.2154034e-01   1.1699626e-01  -6.4806001e-02  -1.4532060e-01  -1.0788232e-01   4.5765885e-02   8.4244639e-03  -1.3817963e-01   1.6575131e-02  -1.1341242e-01   8.3692550e-02  -4.1836539e-02  -4.3018395e-02  -2.7175848e-01  -7.0087899e-02   2.1555007e-02  -6.3768353e-02   3.0231311e-01  -6.0415434e-02   2.2820832e-01   8.8080718e-02   7.7766288e-02  -2.1476140e-01   4.1695076e-01  -2.8468351e-01  -1.2580075e-01  -2.1767514e-01   4.6361189e-01  -1.4108867e-01  -4.5884872e-02  -1.9277702e-02   3.2718816e-01   3.2472350e-01   2.8446786e-01   7.9059030e-02   1.3221386e-02  -1.4709911e-01   1.9853200e-01   6.1615098e-01   1.0085639e-01  -5.8119596e-02  -9.9524503e-02  -2.9018371e-01  -2.9403670e-01  -4.1452158e-03  -2.8087987e-01  -1.9960243e-02   5.8172500e-01   2.5824015e-01  -1.7749141e-01  -7.1282282e-02   5.9734203e-01   5.9371288e-02  -3.8729440e-02   4.2719194e-01  -1.8116892e-01  -1.8812253e-01  -2.9986922e-01  -1.6571241e-01   5.7802267e-02   6.9471621e-02  -9.7835658e-03   5.0921918e-01  -1.6178268e-01  -3.3915005e-03   1.8491328e-01   3.4989955e-02   1.2485528e-01  -2.3151641e-02   6.5862131e-01   2.6239040e-01  -1.0217395e-01   1.9533889e-01   3.8943454e-02  -2.4184325e-01  -1.3991200e-01  -2.1713724e-01   4.1204865e-02   5.1432946e-01   7.3588815e-02  -2.2102358e-01  -4.0542162e-02  -1.8878179e-01  -1.7500051e-01   4.2153742e-01  -1.4069079e-01   2.4874216e-02  -1.6862569e-01   3.3152553e-01  -1.9583299e-01  -1.4461527e-01   2.5723232e-01   4.0286865e-01   2.4401080e-02  -9.2229561e-02   1.1828353e-01   3.8365106e-01  -1.5640050e-01   3.3754638e-01  -9.2048630e-02   2.4332876e-01  -3.3203821e-02   2.7627882e-01   2.1253052e-01  -1.5015837e-01  -9.9457439e-02  -8.6403490e-02   6.9579731e-01   3.6277184e-02  -1.4431087e-01   5.1967791e-01   1.2727151e-01   5.1212231e-02  -1.9130911e-01  -1.5513091e-01   1.7226142e-01  -1.5885869e-01  -1.0679924e-02   2.9911820e-01   1.2456146e-01  -2.7262227e-01   5.5909820e-01   2.3795328e-01  -1.0876968e-01   5.3963485e-01  -4.0752864e-01  -1.6494105e-01  -2.0024540e-01   4.0147238e-01  -6.7501209e-02   5.1954155e-01  -3.1709109e-01   4.4865523e-01   5.0221547e-02   2.2778420e-01  -1.2630170e-01   5.4984025e-01  -2.7355765e-01  -9.5664240e-02  -3.7627481e-01  -1.8126854e-01  -3.6717915e-01  -1.0039297e-01   3.8828293e-02  -6.5387282e-02  -2.4885114e-02   3.1089422e-01   3.2491482e-01  -7.2229616e-02   1.1283824e-01  -3.0221838e-01   4.7465519e-01   8.3615110e-03  -1.5793448e-01   4.0743723e-02
  -1.5311435e-01  -7.8332319e-02  -1.7597587e-01   0.0000000e+00  -1.5618808e-01   2.8801941e-02   2.6635802e-02   2.6818085e-01   2.1443534e-01  -4.0742998e-02   3.3827325e-01  -1.2824151e-01   4.7458963e-02   1.9627792e-01  -1.0922973e-01  -1.1910290e-01  -1.0330052e-01   3.1286798e-02  -8.2614620e-02  -1.5042288e-01   2.1097673e-01   5.1773503e-01   1.0716039e-01  -2.9565055e-01  -1.9494748e-01   2.2241456e-01   1.8415712e-02  -1.5720771e-01   6.0001674e-02   3.6982756e-01   2.8770695e-02   4.7086767e-01  -9.3547615e-02  -2.7379769e-01  -7.3461965e-02   1.4333796e-02   7.7657599e-02  -3.5135684e-01   2.0582508e-01  -1.6588941e-01   1.0155710e-01  -2.7029812e-01  -1.7558043e-01   2.8991600e-01   8.5322318e-02  -2.5399183e-01   1.1078161e-01   3.3502366e-02   2.6874665e-01  -3.1235229e-01   2.4161665e-01   1.1486253e-01  -1.2063246e-01  -1.4288310e-02  -1.3588630e-02  -6.6003315e-02   1.2209919e-02   5.8393595e-01   3.5046955e-01   8.5208765e-02  -1.0691386e-01   3.9175026e-01  -5.6565150e-02  -2.0306310e-01   5.1789330e-01   1.2626743e-02   1.4891759e-01  -1.2129442e-01   1.2755068e-01  -2.0894745e-01  -6.0289085e-02   6.6271681e-01   6.5096394e-02  -1.3264573e-02  -2.3300662e-01   1.1982515e-01  -2.2495746e-01   1.4640080e-01   1.0241324e-01   4.0923447e-01  -7.7434981e-02   2.1402393e-01   2.6482139e-01   1.7273226e-01   2.6912896e-02   1.2047858e-01   3.2406751e-01  -1.5285880e-01  -6.7253995e-02  -3.1656399e-01  -1.0878993e-01  -1.0371427e-01  -2.0656166e-01   6.1448107e-01  -1.3497409e-01  -1.4092105e-01   2.9728752e-01   2.5135402e-01   3.6474061e-01   3.8979085e-02  -1.7892735e-01  -1.5426426e-01   2.1470333e-01   4.0638422e-01   3.3813286e-01   5.0827466e-01  -1.6450831e-01   2.3070137e-01   2.4644917e-02  -5.8267700e-02  -2.2436583e-02   4.4124037e-01   5.1153536e-01  -2.7918382e-01  -2.0020571e-01   1.1340984e-01  -5.1537356e-02   9.0964482e-02  -2.2890472e-01   7.4826346e-01  -3.5910432e-01  -7.4831870e-02  -2.0472286e-01   2.3105187e-01  -2.1716518e-01   5.3957444e-02   2.2611829e-01  -1.2177147e-01   6.0538293e-01  -3.1475652e-01  -1.8777486e-01   5.0798360e-02  -5.5540692e-02  -2.0018527e-01   4.6885296e-01   2.6235509e-01   1.2820581e-01  -8.4986544e-02   3.4066867e-01  -4.2387597e-01  -2.8866255e-01  -2.8865634e-01   3.1405899e-01  -2.5667364e-01  -1.4530157e-01   2.6392066e-01  -1.9573704e-01   1.6986431e-02  -1.0904279e-01   3.7148606e-01  -1.7258187e-01  -3.1998828e-02  -2.2463170e-01   2.6531934e-01  -3.1073433e-01  -3.6873695e-01  -2.8069697e-01   2.1492230e-01  -4.5114744e-02   2.1529223e-01  -1.2840136e-01   2.3764889e-01  -3.7858854e-02   3.0899427e-01   4.0164879e-01  -1.0073056e-02   1.3953887e-01  -2.7974014e-01  -3.9245621e-01  -7.6646965e-02  -1.6764435e-01  -3.7348130e-01   1.6110940e-01  -2.4161590e-01  -2.2083331e-01  -9.0941440e-02   4.1366881e-01
  -2.3389415e-01   4.4124018e-01  -5.3830432e-02  -1.5618808e-01   0.0000000e+00   9.2805029e-02   3.6224827e-02  -1.6535867e-01   2.5245221e-01   1.2822098e-01   1.4681536e-01   1.5763074e-01   1.5672054e-01  -1.7702685e-01  -7.5199562e-02   1.4343186e-01   7.7280050e-02  -2.4399141e-02  -3.1464949e-02   5.7785916e-01  -9.8091756e-02  -7.9191094e-02   1.6576334e-01  -1.1513615e-01   1.0988061e-01   2.0568907e-02   4.6089254e-01  -1.1071062e-01  -4.4344349e-02   1.5506728e-01   7.0255096e-03  -3.9672934e-02   1.7626823e-01   2.6706904e-01   2.4252001e-01   4.7510746e-01   1.8455263e-01  -1.0247483e-02   1.1618336e-01   1.3692126e-01   1.5055396e-01   1.5915592e-01   3.7507841e-01  -1.2358311e-01   3.2822956e-01  -1.3309283e-01   2.2948016e-01  -8.0535762e-02   7.9216273e-02   1.4644788e-01  -6.2648048e-02   7.9248648e-03   4.1514602e-01   2.7985988e-02  -1.9853241e-01  -9.9036315e-02   8.4993822e-02  -1.1684556e-01   1.6471272e-02   7.9620437e-02  -1.7250973e-01   3.1871052e-02   1.6418553e-01   3.9305599e-01  -1.0215433e-02   3.1512483e-01   7.6665245e-02   3.9870435e-01   2.1157186e-01  -6.7950535e-03  -5.6321352e-02  -7.5027638e-02   3.0453811e-01  -2.3228301e-01   2.1362167e-02  -1.4113911e-01  -1.2214870e-01   1.0162658e-01   2.5723739e-01   1.3097579e-01  -1.6794177e-01   1.2329637e-01  -2.6412538e-01   1.6792042e-02  -3.3808295e-01  -1.0690670e-01   2.7506302e-02  -1.6799073e-01   4.3514091e-01  -5.0548611e-02   4.8499391e-01  -1.3864609e-01   1.3035813e-01   3.4138358e-02   1.3388668e-03   6.7360859e-01   3.5513356e-01  -1.0505966e-02   3.0934575e-01   9.6389748e-02  -2.5192484e-01   9.0289239e-02  -1.9009571e-02   1.4962225e-01  -6.4618353e-02  -1.0284207e-01  -7.3910266e-03   1.7151436e-01   2.3535814e-01   2.2648104e-01  -5.3487618e-02  -8.6258425e-02   1.0733666e-02  -1.4228606e-01  -2.4117909e-01   3.5670404e-01  -2.8706355e-02   1.8122394e-01  -1.4576099e-01  -7.7410429e-02  -9.4315794e-02   6.3410440e-01   2.6929590e-01  -1.0089420e-01  -8.9573313e-02  -1.8679536e-01   6.7356890e-03  -5.2591400e-02  -1.1300461e-01   5.8888518e-04   3.0093661e-01   5.0059563e-01  -9.5223319e-02  -1.4770970e-01  -2.9988649e-02  -1.4732071e-01   1.4218478e-01  -1.5510675e-01  -1.5107916e-01   1.5724670e-02  -4.1575351e-02  -7.5083550e-02  -1.4817812e-01  -1.4160695e-01  -9.9982266e-02  -1.0740948e-01  -1.2810272e-01   5.5201944e-01   2.7293905e-01   7.9196093e-03  -2.3004276e-01   4.9555062e-02  -1.5207921e-01   4.2563075e-01   4.0956950e-01   2.1680064e-02  -1.0981877e-01   1.5469197e-01  -1.1062982e-01  -6.8478038e-02   4.3567930e-01  -1.7543278e-02   3.5721673e-01   2.5782340e-01  -1.3456632e-02   3.4107093e-01   3.9615870e-01  -3.8111317e-03   2.4314950e-03   3.7238134e-02   4.3597926e-01   9.5901035e-03   4.2000801e-01  -4.8631046e-02   3.4115913e-01   1.4660465e-01  -3.7279135e-02
  -1.6586533e-01  -1.8881522e-01   6.4927687e-02   2.8801941e-02   9.2805029e-02   0.0000000e+00   5.5900842e-01   3.1158334e-01  -1.5090771e-01  -1.5339737e-02   4.8764924e-01  -3.6871930e-02   1.3126872e-01  -1.2093116e-02   5.3067897e-02   5.5444246e-01  -1.5653901e-01   1.6612851e-01   1.9423057e-01  -2.1218772e-02   2.9665062e-01   2.2820172e-01   5.4569304e-01  -1.2943534e-01   3.0284957e-01   2.5710386e-01   4.1861608e-01   9.6782529e-02  -1.0530837e-01   4.8968311e-01   2.1143083e-01   2.2725210e-02  -1.0499367e-01   1.9520405e-01   1.7282938e-01   4.7254885e-01  -1.0072864e-01  -2.2074249e-01   4.7153361e-01   1.8067326e-01   2.0799956e-01   3.1111531e-01  -1.8340234e-02   2.5012006e-01   1.0944776e-02  -7.8578537e-02   5.6501374e-01   3.6662015e-01  -3.0377675e-01  -2.5963098e-01   2.6303856e-01   2.3390289e-01   1.0902107e-01  -4.4308796e-02  -7.1636723e-02   3.2581771e-01   4.5674176e-01   2.3050665e-01   3.4074586e-01   1.4234360e-01   2.8159021e-03  -1.2535394e-01  -2.0627894e-01  -1.2478865e-01  -1.6222721e-01   4.5716701e-01   8.0569422e-01   1.9151278e-01   4.9570833e-01   3.1603819e-01   1.7435548e-01   1.4516534e-02  -5.1468686e-02  -9.1206105e-02  -8.9415800e-02   9.8329438e-02   2.7607933e-02   2.4300855e-02  -2.1224815e-02   2.0911912e-01   2.2654690e-01   4.6453225e-01  -1.4237578e-03   3.5027228e-01  -3.4171322e-01   2.4656912e-01   2.1906990e-01  -9.7921314e-02  -3.1362308e-02  -1.5614724e-01  -1.9921055e-01   5.5197411e-02   4.8380035e-02   1.6374952e-01   1.6434503e-01  -1.9162514e-01   1.8911245e-01   4.6226736e-01   1.5715733e-01   2.2608268e-01  -5.4265863e-02   3.6460816e-01   2.3929454e-01  -5.1292863e-03   3.4904342e-01   1.1107532e-02  -1.4849897e-01   5.5772470e-01  -1.5226369e-02   2.6543201e-01   4.5428602e-02   4.9082148e-01   1.7123397e-01  -2.1438139e-01   1.1566568e-01  -2.5592598e-01  -5.8626347e-02   1.0336683e-01   3.8019957e-01   2.3579106e-02  -1.0689770e-02   5.0331000e-02  -2.0303054e-01  -3.1860357e-01  -8.2629798e-02   1.2643983e-01  -7.5702529e-02  -3.6139122e-01   4.3341975e-02   1.6800350e-01   4.3992636e-01   2.0116858e-01  -2.9197726e-01   1.0822999e-01   1.9061810e-02   1.3029480e-01   1.8540786e-01   1.8878584e-01   1.4789498e-01  -1.8971684e-01   2.3016894e-02  -1.9247123e-01   1.8175545e-01   4.0055407e-01   1.4193107e-01   1.8909125e-01  -9.6277790e-03   1.7359604e-01   4.9305552e-01   1.0007109e-01  -1.5119051e-01   2.5080017e-01  -1.3897579e-01  -2.2335897e-02   2.9827479e-02  -7.9552305e-02   4.9530927e-02   3.0711228e-01  -2.1071582e-02   3.6174708e-01   3.4287048e-01   2.7336538e-01   2.7041849e-01   2.9099505e-02   1.3451913e-01  -4.2953064e-02   2.3981775e-01   2.9222888e-01   2.3752828e-01  -1.7885875e-01  -3.8142927e-02  -5.3247848e-02   1.3230819e-02   4.9294652e-01   2.0415676e-01   2.2221872e-01   1.1204884e-01
  -4.0075084e-01  -3.6622789e-02  -1.0721339e-01   2.6635802e-02   3.6224827e-02   5.5900842e-01   0.0000000e+00   1.6526063e-01  -7.0179774e-02   2.6261851e-01   2.9212637e-01   1.3371884e-01   3.3079948e-02  -1.4137891e-01   3.7716895e-01   3.9310835e-01  -2.4816954e-01   1.4386613e-01   5.2952094e-02   1.4896179e-01   3.0485888e-01   3.7406273e-01   6.8363745e-01  -3.8255792e-01  -2.7561972e-02   2.1570706e-01   3.1471502e-01  -1.1074758e-01  -2.6179785e-01   4.3434513e-01   2.8102708e-01   1.2108605e-01  -1.0176269e-01   4.6780025e-01   2.9426797e-01   4.7971878e-01  -1.5108971e-02  -3.1656518e-01   9.2048247e-02   2.2362493e-01   1.7003568e-01   5.7887823e-03   2.8502257e-02   1.6053813e-01   2.1292539e-02  -2.6544619e-01   3.8783661e-01   4.9468275e-01  -3.2421549e-01  -2.2580439e-01   2.6067859e-01   1.1936956e-01   1.3876152e-01  -1.7985073e-01  -2.5131498e-01   2.2102703e-01   1.3450847e-01   2.9147525e-01   5.0760254e-02   1.6433488e-02  -3.2427374e-01  -2.6650097e-02  -3.3372633e-01  -8.3457723e-02  -1.6760368e-01   5.6819179e-01   4.5020220e-01   3.0633008e-02   3.0288074e-01   2.5621567e-01   3.8751611e-01  -1.7657185e-02   4.0356862e-02  -3.5213660e-01  -1.7433165e-01   1.0326390e-01  -2.4640490e-01   2.4838770e-01  -1.2836102e-01  -6.0997931e-02   3.5390627e-01   2.9765277e-01   1.4479400e-01   2.2766845e-01  -3.6698708e-01   3.2982970e-01  -3.7596560e-02  -3.4411627e-01  -1.4294140e-01  -3.9249150e-01  -4.4191473e-01  -2.0674405e-01   2.0654211e-01   1.0761357e-01  -6.8650264e-02  -2.3965100e-01  -2.0824307e-02   2.9547064e-01   6.1664663e-02   5.9750594e-01  -1.8215798e-01   3.1926378e-01   3.9013808e-01  -2.4139091e-02   3.3267809e-01   1.5785402e-01  -3.8495526e-01   3.4909923e-01  -5.6067768e-03   2.1618692e-01   2.8084371e-01   4.3623758e-01  -5.8626258e-02  -4.1763609e-01   5.1059140e-02  -3.1913294e-01  -2.0053901e-03   5.3218197e-02   8.6644776e-02   8.8692140e-02  -2.7524474e-01  -9.0790369e-02  -3.1374696e-01  -3.6031169e-01  -1.8533575e-01  -1.5003929e-01   1.0077998e-01  -3.1878852e-01   1.7488617e-01   5.3451136e-02   2.6077605e-01   3.0977578e-01  -4.6135945e-01   1.5349204e-01  -4.1927349e-02   5.1775088e-02   9.2729122e-02   1.3967907e-01   1.7504234e-01  -2.9036259e-01  -2.9098482e-01  -1.3332792e-01   1.9786141e-01   3.4385548e-01   4.7735448e-01   3.0314625e-01   2.7108261e-01   5.7290917e-02   5.0515833e-01   1.6069592e-01  -3.3777352e-01   3.0300494e-01  -3.9336272e-01   1.6933535e-02  -1.0438853e-02  -2.8232466e-01  -2.6091847e-01   1.8167636e-01  -3.5305110e-01   4.1323486e-01   1.5684249e-01   2.6722743e-01   4.0668315e-01   3.3638904e-02   2.0549632e-01  -7.1427286e-04   2.6354581e-01   1.6641692e-01  -1.9911871e-01  -2.2267205e-01  -1.2150337e-02  -2.9805665e-01  -9.3768711e-02   5.1785672e-03   7.7857435e-02   4.5460986e-02   2.3958838e-01
  -1.7338488e-02  -9.6054310e-02  -1.7887372e-01   2.6818085e-01  -1.6535867e-01   3.1158334e-01   1.6526063e-01   0.0000000e+00   1.5367076e-01  -6.1483937e-02   4.9691860e-01  -1.6511693e-01  -8.1518907e-02   2.1157395e-01   3.7646544e-03   2.6633837e-01  -1.4888203e-01  -5.6532262e-02   4.5950641e-02  -3.2301156e-01   1.8230466e-01   2.0679305e-01   2.0427462e-01  -6.9198021e-02   2.1137172e-01   6.1863231e-01  -9.9209031e-02   3.3221025e-01  -1.1678648e-01   1.7064511e-01   3.0050931e-01  -2.4033655e-03  -1.4393903e-01   4.9421006e-02  -1.0280458e-01  -5.6753343e-03  -1.2492767e-01  -1.2321555e-01   3.3430993e-01   7.4033369e-02   1.0420528e-01   1.3867658e-02  -1.4119057e-01   4.8784171e-01  -2.6526908e-01  -2.2374578e-01   3.2288371e-01   3.1419988e-01   7.6196778e-02  -1.6660127e-01   6.1703487e-02   6.5732677e-01   1.7615150e-01   8.8060001e-02  -9.6287032e-02   2.9537546e-01   4.5420239e-01   1.7965584e-01   2.2763182e-01   4.2497921e-02  -7.5878357e-02  -9.7084690e-02   1.1130354e-01   4.4077695e-02   2.4980980e-01  -1.6897442e-02   4.9140924e-01   8.1243517e-02   3.3174457e-01  -1.9187962e-01   1.8501922e-01   1.0043038e-01  -2.0627766e-01  -7.5093495e-02  -4.1382434e-02   1.2414416e-01  -8.9937267e-03   2.1295545e-01  -1.0789694e-01   1.3827683e-01   4.5351770e-01   3.0851958e-01   3.1184426e-01   6.4415892e-01  -5.2726765e-02   2.4899726e-01   3.8972278e-01  -7.0003684e-02   1.3793487e-01  -1.1889891e-01  -2.1057620e-02  -9.2416155e-02   1.0737082e-01   1.6823195e-01  -1.0183703e-02  -2.9470353e-01   6.5261432e-02   6.1656051e-01   5.6638815e-02   5.5114667e-03   1.1281095e-03   1.9227931e-01   3.8791009e-01   5.4225913e-02   1.9000768e-01   2.1511383e-01  -1.4261949e-01   5.5190737e-01  -2.5329624e-02   1.1567215e-01   2.3073667e-01   4.0257610e-01   3.8259309e-01  -1.0128282e-01   1.3257128e-01   1.1624168e-02   3.6214876e-01  -6.1018066e-02   5.9507372e-02   7.8347594e-02  -2.2110831e-01  -2.5328625e-01  -3.0058261e-01   1.2786253e-01  -1.5213390e-01   1.5278289e-01   3.0202442e-02  -3.0327752e-01  -2.7807580e-03  -1.3619276e-01   1.5637827e-01   5.0885547e-02  -6.3529313e-02   2.3412904e-01   2.4672394e-01   3.1799786e-01   6.7978000e-02   2.5038352e-01   3.0238225e-01  -1.4914395e-01  -3.0335803e-02  -4.0363278e-01   5.7718042e-01   9.7010350e-02   5.3378564e-02   2.8000718e-01   4.6014486e-02   2.4771563e-02   1.8015701e-01   7.6203940e-02  -1.2339378e-01   5.1056745e-01  -9.7204284e-02   8.3724073e-02  -1.8341395e-01  -8.4847651e-02  -1.1864239e-01   9.4435263e-02  -1.4591109e-02   4.1927016e-01  -6.2407884e-02   6.0771647e-01  -9.6182709e-02   5.2934052e-02   2.2846899e-01  -1.1283718e-01   1.0475509e-01   2.4407390e-01   2.7640060e-02   1.9156718e-01  -8.4055406e-02  -1.8424155e-01   1.7348415e-02   1.3418467e-01  -1.7440564e-01   4.2421131e-02   1.2935718e-01
  -1.0336941e-01   5.0942326e-01  -1.5468184e-01   2.1443534e-01   2.5245221e-01  -1.5090771e-01  -7.0179774e-02   1.5367076e-01   0.0000000e+00   1.1314627e-01   1.3679304e-01   1.1528912e-01  -1.5033639e-01  -2.1885276e-01  -1.4095251e-02   4.9481571e-02   7.9720616e-02  -2.9789115e-02  -6.3254887e-02   4.7195067e-02  -1.5562048e-01  -1.1976107e-01  -5.3801665e-02  -1.0560189e-01  -6.6390786e-02   2.7512336e-01   2.0257765e-01  -7.9279093e-02  -5.9907203e-02  -2.0286919e-02   2.4228727e-01  -1.0626814e-01  -3.2319057e-02   5.6330927e-02   1.9690788e-01  -3.2148674e-02  -9.4365270e-02  -1.2136478e-01   2.0170012e-01   2.2827907e-01  -1.7242079e-01  -2.3273102e-01   3.9114508e-01   1.0821281e-01   1.6956202e-01  -1.8107004e-01  -1.3487298e-01  -1.9300518e-01   3.1794075e-01   1.6657055e-01  -1.9215388e-01   1.2477287e-01   3.1819364e-01  -3.0726359e-02  -2.1744014e-01   3.4987459e-02  -3.3607770e-02  -6.2573435e-02  -1.0938497e-02   1.4017121e-01  -1.6206647e-01   1.5048210e-01   4.2075594e-01   4.9772726e-01   3.4091383e-01   1.4876784e-02   5.8026070e-02   4.0596333e-01  -2.2155248e-02  -2.3068296e-01   4.8751192e-02   2.4778125e-01   2.0509088e-01  -1.5045809e-01  -5.5890573e-02  -2.7434035e-01  -1.8179084e-01   1.4476026e-01   2.7770415e-01   1.2419307e-02  -1.3152817e-01   1.3527757e-01   1.4266147e-01   1.7294579e-01  -9.1140257e-02  -2.4231476e-01   3.0936938e-01  -3.1914387e-01   4.7708406e-01  -8.1537347e-02   3.1881861e-01  -1.4458128e-01   1.9373000e-01   4.0461919e-01  -9.5744913e-02   3.7835555e-01   2.9634731e-01   8.7317217e-02   4.0707713e-01   6.4133399e-02  -2.0942258e-01  -6.0823841e-03  -2.2752983e-01   5.1137871e-01  -1.3933763e-01  -6.1698725e-02  -1.8114315e-01   1.0512937e-01  -6.1147826e-02   1.2136445e-02   7.3581059e-02  -1.6453143e-01   2.8717253e-01  -3.3080120e-02  -2.0433648e-01   4.6267736e-01   1.0853718e-01  -8.1935539e-02  -3.0310049e-01   3.1390217e-03  -2.6574276e-01   3.4905935e-01   9.6291327e-02   3.3266810e-01  -8.7176802e-02  -1.4891664e-01  -6.9786332e-03  -1.0159582e-01  -1.2477070e-02  -1.8538363e-01   6.7804398e-02   4.5591740e-01   6.6007858e-02   8.0177794e-02   3.2325366e-01  -1.5434382e-01  -7.9497921e-04  -2.7920327e-01  -1.6844664e-01  -7.5038422e-02  -1.2764439e-01  -2.8643682e-01   6.6213143e-02  -2.0333825e-01  -1.2150959e-01  -6.4386802e-02  -1.1131474e-02   3.0732802e-01   5.4586042e-02   3.4434327e-02  -7.7274853e-02  -1.5743570e-01  -2.1321858e-01   3.4589979e-01   1.9959958e-01  -1.1574407e-01  -2.3721382e-01  -5.8709363e-02  -1.0118384e-01  -2.8079874e-01   1.6422893e-01   1.0718900e-01   1.1288408e-01   2.6952283e-01  -9.8938928e-02   3.2419329e-01   9.2697345e-02  -2.7633366e-01  -1.7790164e-01   8.0703032e-02   2.5623909e-01  -2.3857766e-01   6.0231901e-01  -1.1520288e-01   3.8069221e-02  -1.0259253e-01  -8.4193521e-02
  -2.0661180e-01   3.6285862e-01   1.9567500e-01  -4.0742998e-02   1.2822098e-01  -1.5339737e-02   2.6261851e-01  -6.1483937e-02   1.1314627e-01   0.0000000e+00  -1.8396434e-01   5.5100445e-01   2.3189172e-02  -2.2809513e-01   4.5334502e-01   1.0571171e-01   3.3932184e-01  -2.0597951e-01  -6.4877300e-02   1.9351963e-01   1.9025660e-02   1.3056120e-01   1.8828117e-01  -2.6008062e-01  -6.7992310e-03  -4.7086217e-03   1.3536965e-01  -2.9168035e-01  -3.0619559e-02  -5.4812150e-02   2.6527274e-01   7.4027122e-02  -7.9497240e-02   3.8471123e-01   4.1508768e-01   7.3770679e-02   3.0196417e-01  -1.7867583e-01  -6.5667392e-02   4.9580393e-01  -4.2410316e-02  -7.3957819e-02   3.8170466e-01  -1.0187857e-01  -8.6394466e-03  -1.8002204e-01  -2.2695620e-01  -2.3491952e-03   2.0691854e-02   3.1280038e-01  -5.2147522e-02  -3.1328995e-02   2.7999589e-01   7.4702573e-02  -2.8792035e-02  -6.5377325e-02  -2.1840207e-02   2.2978864e-02  -1.5589068e-01   3.1732888e-01  -2.4576769e-01   2.9184965e-01  -9.6000837e-02   1.2532854e-01  -6.1674725e-02   2.9796524e-01   1.2652427e-03  -1.1827438e-01  -1.0715987e-01   1.5328202e-01   4.7952487e-01  -9.0902362e-02   7.2516360e-02  -1.6964173e-01   5.3081103e-02  -9.7977370e-02  -1.9392094e-01   3.7265999e-02   1.2269052e-01  -2.9742550e-01  -1.6050353e-01   8.9489802e-02   1.4129047e-01   7.4962520e-02  -4.7514088e-02  -5.6116046e-02   1.1612574e-02  -3.3261044e-01   4.5663161e-02  -2.3369717e-01  -9.9377012e-02  -1.7571136e-01   4.4155816e-01   1.6170328e-01  -8.7408556e-02   1.7117572e-01  -4.9476153e-02  -2.8644711e-02  -7.4456003e-02   5.9135096e-01  -1.6143297e-03   2.2456069e-01  -4.1375385e-02   2.3543517e-01  -1.6675108e-01  -3.1514333e-02  -1.2440078e-01  -2.9001087e-03   1.2116090e-01  -3.6507948e-02   4.7960972e-01  -1.5242412e-02  -9.2770409e-02  -1.8862083e-01  -1.1211793e-01   8.1492564e-02  -6.5919378e-02  -2.5397188e-02  -1.9571460e-01  -3.6890778e-02  -2.3280412e-01   1.2886912e-01   1.5686920e-01   8.8242798e-02  -6.3065750e-02  -8.0843725e-02   1.1037720e-01  -2.5845391e-01   4.2950363e-02   3.6052699e-01   6.1605621e-02   1.3690237e-01   1.2608241e-02   7.5190822e-02   1.3870495e-01  -1.4582150e-01  -7.0737596e-02  -1.3086297e-01   4.9839288e-03  -2.1240875e-01  -2.0664049e-01  -1.3712022e-01  -1.3819763e-01   1.2429579e-01   3.8497548e-01   6.8850826e-02   5.2899883e-01   7.1825648e-03   2.4790611e-01   1.3908843e-01  -2.3987690e-01   1.3737477e-02  -2.2315026e-01  -2.4762573e-02   4.9322918e-01  -2.1393667e-01  -2.6678995e-01   2.4567958e-02  -2.4484362e-01  -1.7292090e-01   2.2608976e-01  -1.9170488e-01   3.5729942e-01  -1.8844215e-01   1.2626783e-02   2.9895101e-01   1.0874844e-01  -1.7976433e-01  -2.1397467e-01   1.3135919e-01   2.5038110e-01  -2.7802366e-01  -2.4017914e-01   1.4689605e-03   2.2599119e-01  -1.0781621e-01   6.9067087e-02
  -2.1677601e-01  -6.5248854e-02  -3.4990561e-01   3.3827325e-01   1.4681536e-01   4.8764924e-01   2.9212637e-01   4.9691860e-01   1.3679304e-01  -1.8396434e-01   0.0000000e+00  -2.5221966e-01   8.8261996e-02  -1.4651903e-03  -1.8398852e-01   3.4278677e-01  -3.3423561e-01   2.4493709e-01   1.6532040e-01  -7.2157081e-02   4.1469010e-01   4.1977491e-01   4.8312593e-01  -2.0528669e-01   6.0733543e-02   4.3515091e-01   3.2346669e-01   2.9807121e-02  -1.4642532e-01   5.6777569e-01   1.0957083e-01   2.7809439e-01  -7.8823389e-02   3.1981359e-02   1.3409133e-01   4.2906288e-01  -5.5467109e-02  -1.8340855e-01   4.1580734e-01  -1.1937690e-01   2.0561184e-01   2.4279124e-02  -7.6549404e-02   3.6049214e-01   3.1756803e-01  -2.2058933e-01   6.8892875e-01   1.9164673e-01  -2.1127866e-02  -3.2674625e-01   4.5825469e-01   3.2474051e-01   4.7131394e-02  -1.8495722e-01  -2.5376139e-01   1.3705498e-01   2.8442161e-01   3.7395361e-01   3.5828119e-01   1.1876274e-01  -1.3601039e-01  -1.2224969e-01  -1.0698069e-01   6.1546937e-02   2.5995277e-01   3.2991447e-01   5.6965076e-01   2.0378762e-01   5.3934829e-01  -1.4081091e-01  -5.9153306e-02   4.2746276e-01   2.9677912e-02  -2.3874747e-01  -3.1811690e-01   5.3772746e-02  -7.6963391e-02   6.6848362e-03   1.2029140e-01   3.3028158e-01   1.9800638e-01   3.9400069e-01   6.1373919e-02   4.9314032e-01  -3.3200882e-01   2.9234553e-01   3.2284607e-01  -1.1901805e-01   8.4401158e-02  -2.0160658e-01   2.0342968e-02  -8.2589037e-02  -1.2883138e-01   4.0104619e-01   1.9206873e-02  -1.0091645e-01   3.6020268e-01   5.1803080e-01   4.6535406e-01  -2.7015604e-02  -2.1170764e-01   2.4999227e-01   3.1489229e-01   2.2675616e-01   4.1629644e-01   2.1766045e-01  -3.3039614e-01   6.3702998e-01   2.4187612e-01   2.0837601e-01  -1.3881153e-01   5.7019581e-01   4.1459027e-01  -2.5953966e-01  -1.2272801e-01   2.6793066e-02   6.2982148e-02  -1.3530063e-01  -8.3341200e-02   3.9134936e-01  -2.2598006e-01   1.4682429e-01  -2.9578776e-01  -7.6932142e-02  -1.8418551e-01  -1.5267610e-02   2.0135353e-01  -3.8678806e-01   2.6174316e-01  -3.3873073e-01   2.2188282e-01   4.4580246e-01  -2.6950360e-01   1.8945887e-02   2.0416195e-01   2.4836443e-01   1.4025577e-01   7.1144759e-03   2.4779635e-01  -2.1696877e-01  -1.5790672e-01  -3.2546779e-01   5.5501346e-01  -1.4532945e-01  -5.2866104e-02   2.0045112e-01  -3.0025383e-01   3.5166871e-01   3.6128711e-01   1.5154703e-01  -2.7807226e-01   2.9405955e-01  -3.0200607e-01   4.8713893e-01  -2.6094167e-01  -1.3609742e-01  -7.0127789e-02   2.8887119e-01  -6.5993264e-02   4.2581401e-01   1.6173037e-01   7.0629900e-01   1.3731829e-01   4.6913310e-01   3.8363588e-01  -2.3648160e-02   4.4488717e-01   1.9555912e-01  -1.2150808e-01  -1.0318676e-01  -3.6467152e-02  -1.8902055e-01   3.3290780e-01  -2.9256078e-02  -1.0932417e-02   7.2356536e-02   3.4409593e-01
  -1.9128897e-01   5.7513257e-01   5.2833426e-01  -1.2824151e-01   1.5763074e-01  -3.6871930e-02   1.3371884e-01  -1.6511693e-01   1.1528912e-01   5.5100445e-01  -2.5221966e-01   0.0000000e+00   1.7084083e-02  -2.5181878e-01   2.8379852e-01   9.7039925e-02   7.1274657e-01  -2.5838934e-01   1.7367564e-01   2.4838363e-01  -1.5415004e-01   2.5912086e-02  -1.6940922e-01  -2.7780431e-01  -3.5382231e-02   5.3202961e-02   1.3672709e-01  -2.5195134e-01  -1.8500887e-02  -6.7273834e-02   2.3848277e-01  -3.0430885e-02   9.2681911e-02   4.3774660e-01   5.2578359e-01   7.1938781e-03   1.9106182e-01  -1.9879267e-01   1.9677094e-02   5.8816852e-01  -8.1635054e-03   6.6459376e-02   5.8414715e-01   7.3984927e-02   1.2982022e-01  -1.1496216e-01  -2.0701382e-01   4.5856191e-02  -1.8611213e-01   5.2876188e-01  -2.3688952e-01   5.7224030e-02   4.6466379e-01   2.2482846e-01   2.7677996e-02  -9.3984909e-03  -2.4513503e-03   6.2106657e-02  -1.6990359e-01   6.0833004e-01  -4.2661611e-02   1.2153637e-01  -3.7033498e-02   3.1912583e-01  -1.6234270e-01   6.6700421e-02   2.9860748e-02  -7.4070773e-02   3.6564780e-02   1.8995228e-01   5.9896969e-01  -1.1018721e-01   1.2001229e-01   9.8893408e-02   4.8435535e-02  -5.8275277e-02  -1.1840404e-01  -1.7054409e-02   1.9220431e-01  -3.3723010e-01  -2.8506769e-01   9.4993939e-02   2.2251975e-01   1.8865109e-01   2.5183039e-01  -4.1289584e-02   1.6046385e-01  -1.3097335e-01   1.9100094e-01  -2.0455889e-01   2.7193492e-01   4.8436968e-02   6.4092091e-01   2.4524744e-01  -1.9605845e-01   4.0512686e-01  -6.7134586e-02   4.1686336e-02  -1.2944713e-01   4.4091199e-01   1.3481211e-01   3.8182540e-01  -2.8579040e-01   3.1254725e-01  -7.2050210e-02  -1.0686819e-01   1.1083444e-01   9.2614635e-02   9.7738106e-02   5.2561846e-02   6.3823148e-01  -1.7353392e-01  -9.8705813e-02  -1.1415129e-01  -5.1591623e-02   4.3740262e-01   4.5886042e-03   1.5096341e-01  -3.3026061e-02  -1.0934647e-01  -1.9383875e-01   2.8804837e-01   4.9534379e-01  -1.4086639e-02  -9.2353338e-02   6.6806860e-02  -1.8088374e-01  -1.2747427e-01  -5.7403517e-02   5.6127043e-01   5.9647631e-02   2.0508920e-01   5.0660724e-01   1.8349840e-01   2.2277887e-01  -1.0386210e-01  -1.4378376e-01  -1.0414419e-01   5.4348848e-02  -2.0782378e-01  -8.1247064e-02  -1.2665007e-01  -1.1936879e-01   2.8561675e-01   1.9895493e-01   7.1497787e-02   7.3270640e-01  -6.8156670e-02   1.8311459e-01  -1.5164461e-02  -1.6266929e-01   4.2385757e-03  -4.4270003e-02  -1.5102351e-03   7.5175906e-01  -1.8174368e-01  -2.8205906e-01   6.5430917e-02  -2.3088451e-02  -4.0401531e-01   1.7363514e-01  -1.4024878e-01   9.0330783e-02  -1.8570215e-01  -3.4300501e-02   5.9912301e-01   1.4993997e-01  -2.3286449e-01  -1.2668919e-01   4.5516724e-01   3.9215507e-01  -2.7195898e-01  -1.4721366e-01   1.5485028e-01   1.5342050e-01  -5.8457577e-02   1.5706978e-01
  -1.9910224e-01   2.6223402e-02   4.2588184e-02   4.7458963e-02   1.5672054e-01   1.3126872e-01   3.3079948e-02  -8.1518907e-02  -1.5033639e-01   2.3189172e-02   8.8261996e-02   1.7084083e-02   0.0000000e+00  -1.5325315e-02   5.2296031e-02   7.6969104e-02  -1.0902304e-03   1.8971636e-01   9.1362373e-03   2.1991159e-01   1.5176401e-01   2.1466099e-01   7.6236040e-02  -1.5590537e-01   1.1103007e-01  -1.6006436e-01   1.3615129e-01  -1.9360829e-01   1.6252176e-01   1.7678475e-01  -2.8392207e-04   3.3606920e-01   9.9445658e-02  -7.7796054e-03   1.1329922e-01   3.2166794e-01   4.6456673e-01  -1.8930667e-01   4.2881357e-02  -1.5669822e-01   5.7584036e-01   1.0898959e-01   4.5990971e-02  -4.7558557e-02   2.4226518e-01  -9.2895651e-02   1.6079165e-01   3.5422167e-02  -1.1009534e-01   2.3191009e-02   3.0238214e-01  -1.2223304e-01   2.9722975e-02   1.0344232e-01   1.5861054e-01  -1.3774058e-01   3.0827850e-02   1.8222105e-01   3.6356608e-01   1.3473440e-01  -6.8270842e-02   2.1553485e-01   6.4945311e-02   6.5569366e-02   1.0111506e-01   2.0139916e-01   2.5677146e-02   1.1719828e-01   1.4157526e-01  -5.0528713e-02  -5.1422453e-02  -5.8487139e-02   3.1174969e-01  -6.9142557e-02  -1.0661521e-01   1.4614680e-01  -1.1552043e-01   1.8827222e-01   1.4209190e-01   1.2326195e-01  -1.5117049e-01   2.5718514e-01  -2.3458089e-02  -1.2202270e-01  -3.8995172e-02   1.1157633e-01   1.2754920e-01   3.7089895e-03   1.1499178e-01  -1.8210375e-01   7.1774166e-02  -4.2034630e-02  -2.1086826e-01   2.9057214e-02  -2.8716196e-02  -2.5065783e-02   1.1676921e-01  -4.4922368e-02  -6.0760995e-02   2.0480669e-03  -1.2099068e-01  -4.2179635e-02   2.4747024e-02   1.5778948e-01   1.0774735e-01   1.7161098e-01   7.5628638e-03   2.6016764e-02   3.3272541e-01   2.8853704e-01  -9.3392160e-02   1.0367456e-01   1.4570577e-01  -2.3377631e-01  -1.6694731e-01  -3.6953900e-02  -9.7472340e-02   4.6791858e-01   3.6126934e-02   2.5808922e-01  -1.3524257e-01   8.8040595e-02   2.5174502e-01   7.6947432e-02  -4.9756549e-02  -1.0208940e-01   3.8734796e-02   9.6331876e-02   1.9080090e-01  -6.5957024e-02   2.6093692e-01   1.2074011e-01   3.7606426e-03   5.9882769e-03   4.9576207e-02   4.3765501e-02  -6.0109884e-03  -5.7375862e-02   8.2768965e-02  -9.8270594e-02  -8.8140739e-02   3.9119126e-01  -1.0824713e-01   5.1247644e-03   6.7484746e-02   1.0918019e-01  -1.6991538e-01   1.1627483e-01   8.6953303e-02   1.7292800e-01  -1.8376449e-01  -1.2034462e-01  -6.2871799e-02   1.3561722e-01   2.4912798e-02  -1.2719928e-01  -1.2339818e-01   3.9841945e-01  -1.7089550e-02   8.9848815e-03   1.0190840e-01  -1.1181511e-01   2.7862327e-01   3.1515426e-01   1.7500020e-01  -3.9329800e-03   3.7132961e-02   6.1288694e-02  -2.6180206e-02   6.6554376e-02  -8.6293889e-02  -2.0425724e-01   8.8963518e-02  -1.8523932e-02   1.6844128e-01   6.3011613e-02   2.1004221e-01
   4.5627403e-01  -2.2829184e-01   2.2931427e-02   1.9627792e-01  -1.7702685e-01  -1.2093116e-02  -1.4137891e-01   2.1157395e-01  -2.1885276e-01  -2.2809513e-01  -1.4651903e-03  -2.5181878e-01  -1.5325315e-02   0.0000000e+00   2.0380799e-01   2.2900197e-01  -4.1195129e-02   5.3991460e-02  -8.8340078e-02  -2.6854726e-01   8.4167914e-02  -2.6242442e-02  -2.0956966e-01   3.3293415e-01   5.9634510e-02  -5.7554116e-02  -2.2667571e-01   5.3163991e-01  -1.1803012e-01   4.0092400e-02   1.0096486e-01   4.0350827e-03   1.8966325e-01  -3.1682859e-01  -5.2058863e-01  -3.2842464e-01  -5.9805875e-02   2.0648803e-01   2.1591327e-01  -1.0980324e-01   1.7090035e-01  -4.5916876e-02  -5.7439761e-01   2.5620697e-01  -3.5467077e-01   1.2315884e-02   3.9503374e-02   3.9580030e-01   6.4205278e-02  -1.1742857e-01   8.9227638e-02   1.0124752e-01  -9.5526285e-02  -1.8188563e-03   4.9154760e-01   3.0571200e-01   4.1252878e-01   1.3794316e-02   1.1823170e-01  -3.1437485e-01   1.3319191e-01   9.9395036e-02  -2.0864942e-01  -1.9830260e-01   1.1564198e-01  -2.8930511e-01   1.4796289e-01  -2.6944310e-01   1.5197994e-01  -5.5265172e-03   1.0689287e-02  -9.9226775e-02  -1.5131894e-01   4.6115725e-01  -1.7172708e-02   1.4765922e-01   1.4465150e-01   8.6468055e-02  -2.0114386e-01   2.2770255e-01   4.3423204e-01   2.2777751e-01   1.0268504e-01   1.3842202e-01   4.5549751e-01   5.0452293e-02   1.3415827e-01   4.6070530e-01  -3.3531198e-02   2.8312640e-01  -1.5639900e-01   4.9300388e-02  -1.7974853e-01  -2.1225707e-01  -2.2734834e-02  -3.7796659e-01  -1.7572540e-01   1.4564990e-01  -1.0894752e-01  -2.4166576e-01   5.3791844e-01  -8.7383600e-02   4.1884242e-01  -1.8262877e-01  -1.1574373e-01   1.0506251e-01   1.3185200e-01   1.1660126e-01  -1.6600728e-01  -1.9079539e-01   2.0666392e-02   1.0475928e-01   3.8986900e-02   2.7718122e-01   5.0653935e-01  -8.1711854e-02   1.2077669e-01  -5.5579819e-02   4.4020803e-01   1.9412076e-01   1.3867858e-01  -3.6375112e-01  -3.3179489e-01   1.4717413e-01  -3.3917246e-02   4.3822862e-01   2.8931341e-01  -2.7695447e-01  -1.2096929e-01   2.8922835e-02   1.2898943e-01  -2.1453259e-01   1.4367289e-01  -1.7289897e-02  -1.8704561e-01   5.3164262e-02   1.2933832e-01   7.4310838e-01  -2.1878812e-02   1.3560759e-01   4.3349437e-01  -1.4054333e-01  -7.8107966e-03   1.7069531e-01   2.0144137e-01   2.4863985e-01   1.2893770e-03  -2.2812534e-01  -3.6810636e-01   3.0308637e-02   3.8076977e-01   4.0440575e-01   3.3249104e-01  -7.5091215e-02  -2.3853023e-01   2.7537771e-01   1.1508811e-01   7.5273726e-02   4.3302495e-02   4.0011050e-01  -3.5740855e-01  -3.4289818e-03  -2.8849748e-01  -1.4695089e-01   5.2390338e-02  -3.0989162e-01   7.4257173e-03   4.3911725e-01   1.9082777e-01   6.4980835e-02  -2.1600601e-01   1.4422278e-01  -3.2185200e-01   2.7082929e-01  -1.8398019e-01  -1.8740882e-01   4.9356077e-02
