   0.0000000e+00  -2.8390538e-01   1.1462842e-01  -2.6185141e-01  -2.2671324e-01  -8.2440328e-02  -2.7356664e-01   9.9353308e-02  -1.1586884e-01  -1.1569341e-01  -2.1532183e-01  -1.8084584e-01  -2.8390196e-01   4.5083096e-01   1.9041908e-02  -2.8911535e-01   3.1581317e-02  -3.3586433e-01  -1.8325814e-02  -2.8021067e-01  -1.5741928e-01  -1.5496294e-01  -1.9610297e-01   7.4802206e-01   2.0005034e-01  -1.6376434e-01  -1.6413591e-01   6.9904282e-01  -4.0977098e-02  -4.6530779e-01  -2.1403047e-01  -1.0601874e-01  -1.5727536e-01  -1.5572787e-01  -3.2554745e-01  -3.9356072e-01  -2.4313823e-01   4.9246018e-01  -3.5393002e-01  -1.9565019e-01  -3.4550898e-01  -4.7349573e-02  -1.9727753e-01  -2.2723198e-02  -3.4144223e-01   2.3846959e-01  -2.3403803e-01  -2.8153094e-01  -1.7735089e-01   6.6259205e-02  -3.0153827e-01   5.6243959e-02  -3.2193748e-01   6.1946926e-02   1.7071348e-01  -7.0809287e-02   3.4135386e-02  -2.8041856e-02  -1.7835675e-01  -1.8162579e-01   1.6999433e-01  -1.4347319e-01  -2.7881090e-01  -1.1021720e-01  -1.1366057e-01  -1.9431821e-01  -8.2933641e-02  -1.2713953e-01  -8.6653779e-02   3.6549690e-01  -3.5556332e-01  -2.2886708e-01  -4.2089342e-01   4.7171839e-01   1.3453702e-01   1.7977290e-01   4.3312646e-01   1.1444637e-02  -2.0972245e-01  -2.2313740e-01   1.4529303e-01  -6.7656995e-02  -2.3906981e-01  -5.5222639e-02   7.0470073e-01   2.2693389e-01  -3.1614615e-01   3.4353131e-01  -1.1407109e-01   8.6311802e-01  -2.7539526e-01   3.0280609e-01  -2.1559146e-01  -1.6495924e-01   5.2348255e-01  -2.1398092e-01  -2.7233520e-01  -5.1799678e-03  -4.7591703e-02  -1.6535413e-01   2.3253833e-01  -8.7643846e-02  -3.9103277e-03  -3.0882515e-01  -2.2934995e-01  -1.4560888e-01   1.5037922e-01  -4.2852271e-02  -1.7646685e-01  -8.4660122e-02  -1.5306174e-01  -1.8458039e-01  -3.3594596e-01   7.8422002e-01   3.2055387e-01  -1.0884480e-01   9.5757728e-02  -2.5592734e-01   1.3133799e-01  -1.3533219e-01   7.0168768e-01  -2.2856862e-01  -1.7236773e-01  -2.6670977e-01   6.6682636e-01   4.2770391e-01  -2.2617014e-01  -1.8590976e-01  -1.0736736e-01  -1.1450892e-01  -3.0498938e-01  -3.0550972e-01   1.6944724e-01  -1.8601619e-01  -2.6475661e-01   9.4574278e-02  -1.7003558e-01   1.4010059e-01   1.5617076e-01   5.2985790e-01   6.7695940e-01  -1.8649880e-01  -1.5448135e-01   1.9231350e-01  -1.3732058e-03  -2.4995600e-01  -2.4371912e-01  -2.8241864e-01  -2.4532442e-01  -2.3409547e-01   5.4285514e-01   2.4415989e-02   6.0966936e-01  -2.2589996e-01  -1.7990109e-01   7.9910492e-01   5.2547455e-01  -2.5665893e-01   2.8046945e-01  -8.0114566e-03  -1.1056964e-01  -4.9951221e-02  -2.8869617e-01  -3.4054876e-01  -1.6099835e-01  -3.3655847e-01  -2.2311808e-01   4.7718279e-01   6.1842172e-01  -1.8776016e-01  -2.7606974e-01   4.6700601e-01  -3.4155016e-01   9.7647847e-02  -7.5971836e-02  -1.0000637e-01  -1.2232902e-01
  -2.8390538e-01   0.0000000e+00   1.2813929e-01  -1.2447275e-01   4.9683100e-01   1.4773386e-01  -1.7955012e-01  -2.1062505e-02   5.0572456e-01   1.4201490e-01  -2.6311459e-01   6.3562994e-01   6.4281024e-02  -3.7829157e-01  -1.9881820e-01   8.5925011e-02   2.5202919e-01  -3.9648185e-02   2.7649922e-01   3.6259730e-01  -1.1988250e-03  -2.4122021e-01  -1.9815988e-01  -5.0588112e-02  -9.2238312e-02   2.6149002e-01   2.7878559e-01  -3.2180730e-01   5.1733564e-02   7.1142589e-02   4.8697559e-02  -1.1495011e-01   3.0371529e-01  -1.3462052e-01   1.8354044e-01   1.9622158e-01   3.5822596e-01  -1.8095289e-01   1.2373604e-01   2.2340789e-01  -1.9290118e-03   3.1249660e-02   4.6454442e-01  -3.3434783e-01   1.9669905e-01  -1.8146342e-01  -2.7946059e-01   6.9635050e-02   3.6038942e-01   5.5522978e-02  -1.8242168e-01   4.6462388e-02   5.1357707e-01   5.7672902e-02  -1.5761827e-01  -2.8425535e-01   3.0309927e-01  -1.5349538e-01  -1.4011697e-01   1.5180893e-01  -3.2013124e-01   1.8487967e-01   4.2386799e-01   1.0003121e-01   1.4467281e-01  -1.2598123e-01  -1.1524524e-01   3.2223925e-02  -2.6649340e-01  -1.9998206e-01   7.6666204e-01  -2.9514024e-01   7.8305442e-02  -1.1250894e-01   1.2840238e-01  -1.1634505e-01  -3.5423376e-01  -1.5085071e-01   7.1690766e-01   7.5850407e-02  -4.9631878e-01   3.7137689e-02   1.4272853e-01   7.1195764e-02  -4.0546172e-01  -1.3819429e-01   3.9568742e-01  -2.9229966e-01   3.9035892e-01  -1.5790461e-01   7.8501763e-01  -1.5946799e-01  -9.7434915e-02   3.2376387e-01  -2.9939116e-01   4.9289239e-01  -4.7989236e-02   3.7151150e-01   5.2133373e-02   2.8351510e-03  -4.4026792e-01  -1.1945791e-01  -3.9656364e-01   4.3459007e-01  -4.3307564e-01  -1.5588529e-01  -7.8093424e-02   1.7275539e-01   8.1412113e-02  -1.8412518e-01   4.2988590e-01  -3.3133496e-01  -1.2203685e-01  -2.3368556e-01  -4.6554512e-01   7.4699950e-01  -3.1061528e-01   1.3884559e-01  -3.7786133e-01  -1.7774912e-01  -2.6147724e-01   4.6291406e-01   2.8651503e-01   6.8322399e-01  -1.7365138e-01  -1.6306018e-02   1.7089179e-01   1.8338000e-01  -1.9680624e-01   2.6697514e-01   1.9551009e-01   2.7825239e-01   9.9111424e-02  -5.3540405e-02   8.2903653e-02   1.9992536e-02   3.1471125e-01  -2.0601376e-01  -1.1810664e-01  -1.5324164e-01  -1.1704391e-01   2.2779052e-01  -3.1996769e-01  -2.6729415e-01   4.2030242e-02  -1.6289483e-01   2.1622070e-01   1.3370186e-01  -2.2645061e-01  -9.2945534e-02  -3.3890977e-01  -3.9793736e-01  -2.3313310e-01   3.5838069e-01   5.2916221e-01  -9.1089650e-02  -3.1768733e-01  -1.9299078e-01  -2.6888646e-01  -4.6228101e-01  -2.1674268e-01  -1.5482542e-01   4.8108970e-01  -2.3401137e-01   2.3380890e-02   4.4995417e-01   3.8833365e-01  -4.1130325e-01  -1.8604179e-01   3.3594816e-01   5.0321768e-01  -3.4490936e-01   3.2523816e-02   1.2468228e-01  -1.3238687e-01  -6.7498177e-02   2.0268787e-01
   1.1462842e-01   1.2813929e-01   0.0000000e+00  -2.6589345e-01  -1.1020021e-01   7.7792458e-02  -2.7776809e-02  -6.7525621e-02  -1.1632746e-01   2.2262994e-02  -2.5181089e-01   3.0996758e-01  -1.0754595e-01  -1.8163366e-02  -5.4060040e-02  -1.1084965e-01   7.6882916e-01  -2.9442577e-01   9.1623501e-02  -4.0416999e-02  -1.9266967e-01  -2.1894448e-01  -2.2439116e-01   7.8280567e-02   1.1497817e-01   9.7845875e-02  -1.0847122e-01   1.2668403e-01  -1.4453145e-02  -2.1417080e-01  -3.0024089e-01  -2.3867579e-01   3.7994977e-01  -7.8586025e-02  -2.4988080e-01  -2.3640470e-01  -2.9982789e-02   1.8411284e-01  -1.3513022e-01   3.6111290e-01  -2.8871019e-01   2.3998016e-01   1.8232659e-01  -9.9327496e-02  -3.3122704e-01   2.7036452e-01  -3.1352955e-01  -1.9009136e-01  -1.2007365e-02   4.1141503e-01  -1.8180069e-01  -9.6170673e-03  -1.8989014e-01   2.7723132e-01   2.7150652e-02  -5.3959993e-02   1.2557645e-01  -7.4444021e-02  -3.0465854e-01  -1.4375327e-01   2.8285911e-01   3.2071658e-03  -1.6151997e-01  -2.2166580e-01  -2.8720790e-01  -1.2606243e-02   5.3762757e-02  -1.5031076e-01  -1.0778157e-01   5.2619041e-01   3.0413930e-01  -3.0583818e-01  -1.9099046e-01   3.8396397e-01   1.4940555e-01   1.7302019e-02   3.1252940e-01  -1.8130947e-02   2.7834735e-02  -1.4501118e-01  -1.5687673e-01   4.4421701e-02  -1.0493575e-01   1.2075371e-02   2.6588373e-01  -3.4116414e-02  -4.2337065e-01   3.3442907e-02  -2.2772434e-02   1.0941022e-01  -8.2837244e-02   4.8592300e-01  -1.1800726e-01  -9.3614402e-02   1.6635198e-01   1.6622191e-01  -2.0532077e-01   8.6258355e-02  -8.9939117e-02  -1.4436056e-01   1.6791128e-02  -1.0970797e-01  -1.9909308e-01  -1.8651202e-01  -3.8149678e-01  -1.8712456e-01   3.7850845e-01   1.1205743e-02  -2.2697169e-02   1.1328047e-02   2.8406377e-01  -3.3649756e-01  -2.3018240e-01   1.0501925e-01   5.0906266e-02  -3.8485677e-02  -1.1860183e-01  -5.3147740e-03   7.3378445e-02  -1.8193423e-01   1.7204900e-01  -1.5743729e-01  -4.8092704e-02  -2.8095997e-01   2.3570486e-01   5.6855442e-04  -1.0927130e-01  -4.1724248e-02  -1.6266865e-01   6.5726939e-01  -1.9522419e-01  -2.5917321e-01   2.5200915e-02  -3.0714625e-01  -1.3385347e-01  -6.4264958e-02  -9.0724276e-02  -2.9506292e-02   9.2528564e-03   2.5030187e-02   1.2551277e-01  -1.3394723e-02  -2.8341499e-01   1.5294274e-01   1.6561981e-02  -5.0407744e-01   2.4159121e-01  -3.2564007e-01  -3.6295674e-01  -3.0310511e-01   2.3946129e-01  -1.6635510e-01   2.4499020e-01  -1.5057404e-02   5.9190165e-01   6.7948007e-02   1.7588589e-01  -2.6534816e-01   4.1503911e-01  -2.1048677e-01  -3.5633223e-01  -1.9340516e-01  -2.0678262e-01  -4.3852815e-01  -1.1587369e-01  -1.5673784e-01   2.9104400e-02   8.3470918e-03   2.1181558e-01  -1.0944137e-01   5.2848364e-02   1.0728592e-01  -5.4926623e-01   2.8332895e-01   1.0991626e-01   1.8224137e-01  -9.9167232e-02
  -2.6185141e-01  -1.2447275e-01  -2.6589345e-01   0.0000000e+00   1.1145286e-01   1.7995857e-01  -1.4754243e-01   2.7431962e-01   1.2425174e-01  -1.2544783e-02   2.3132424e-01  -1.9939127e-01   2.8463368e-03   1.6572828e-01  -3.7696315e-02  -8.1004658e-02  -2.9528339e-01   1.3037326e-01  -4.6285563e-02   1.6705738e-01   7.5480644e-02   6.6394146e-01  -6.9229866e-02  -3.0102192e-01   3.4130271e-02   1.2616743e-01   1.0651259e-01  -2.4562473e-01   5.9595863e-02   2.4663368e-01   1.0101899e-01   6.0151172e-01   1.2626418e-01  -1.4630700e-01   2.8258063e-01   2.3035869e-01   2.0529125e-01  -2.8235850e-01   2.6988816e-02  -1.5166481e-01   2.6670611e-01  -6.3668719e-02  -7.3011437e-02   1.9666693e-01   1.8318972e-01  -1.9094197e-01   4.3079239e-01  -7.7938621e-02   1.6524227e-01  -3.0147699e-01   2.2504112e-01   1.8779255e-01  -1.2613709e-01  -1.3861332e-01   2.7191284e-02  -4.2108087e-02  -7.2821875e-02   4.9331359e-01   2.8592000e-01   1.9608420e-01  -2.2283527e-01   3.6522489e-02   3.2163750e-01  -8.5780748e-02   6.8082202e-02  -6.1797647e-02   2.7106972e-01   4.0216646e-01   4.8613456e-01  -3.1124504e-01  -1.3913248e-01   5.2866856e-01   7.1365190e-04  -1.9827528e-01   6.7605399e-02   2.7527670e-01  -1.6195489e-01   3.2135368e-01  -1.2132867e-01   2.7027330e-01   2.2927706e-01  -3.4126689e-01  -8.4651757e-02   2.5584056e-01  -2.4508148e-01   2.2674162e-01   2.4504925e-01  -2.1168559e-03   7.0638277e-02  -2.6075263e-01   2.1290079e-02  -1.6216140e-01  -1.2186531e-01   2.5582700e-01  -1.5105984e-01   6.5012514e-02   2.2435182e-01   2.4412605e-02   9.9829100e-02   9.1370263e-03   4.0292219e-02  -1.3555412e-01   4.4074000e-01   2.1297231e-01   4.1547172e-01   7.5486175e-01  -2.1934614e-01   3.1547025e-01   3.3325757e-02  -1.1652151e-01  -2.3232373e-01   5.6318662e-01   7.0558380e-01  -1.6467006e-01  -1.3128308e-01  -1.0251402e-01   1.6013137e-01   3.6176316e-02  -5.4271967e-03   6.3982530e-01  -2.2928268e-01   9.4889906e-02   2.6946100e-01   2.9081121e-02  -2.6162663e-01   2.4915026e-02   3.2508253e-02   9.5754172e-03   5.8176379e-01  -4.0151033e-01  -3.3398252e-02  -4.2333370e-02   1.1667154e-02   4.8442272e-02   5.3871013e-01   2.2538627e-01   2.0172620e-01  -1.0716079e-01   2.5484914e-01  -1.9391957e-01  -3.0008261e-01   3.9104621e-02   3.5550446e-01   2.0598969e-02  -1.7409700e-02   4.5812174e-01  -2.5635178e-01  -1.3480951e-01   4.9366625e-02   2.7652251e-01  -1.9080187e-01   4.5088164e-01  -1.2344283e-01   4.7453834e-02  -1.3969216e-01  -4.1150084e-01  -2.6336741e-01   2.5576181e-01  -2.1899648e-01   3.3870404e-01   3.4240747e-01   2.7130535e-01   3.3520517e-02   7.0538152e-01   5.0422263e-01  -1.0254420e-01  -1.3336509e-01   9.2784780e-02  -2.1294045e-01  -2.8077518e-01  -8.3836772e-02  -3.3002000e-01   3.6253381e-01   3.3027400e-02   2.5082266e-01   3.8059218e-02   5.0585665e-01
  -2.2671324e-01   4.9683100e-01  -1.1020021e-01   1.1145286e-01   0.0000000e+00   1.0993949e-01  -3.2153948e-02  -1.2456995e-01   2.1666165e-01   4.6879621e-01  -7.7695066e-02   4.4434590e-01   2.4378617e-01  -3.6796900e-01  -1.7283786e-01   9.5753508e-02  -7.3012829e-02   2.5628085e-01   5.1890048e-02   8.2088974e-01   1.1751437e-01   2.6044334e-02  -1.7433893e-02  -1.9789644e-01  -1.0974636e-01   3.4276358e-02   4.9650838e-01  -4.2738121e-01   1.8605672e-01   1.5478093e-02  -5.4547966e-02  -6.2489952e-02   1.0229732e-01  -3.8611184e-02   1.1492301e-01   6.6230587e-01   2.3084600e-01  -9.9239039e-02   1.3451821e-01   2.0246455e-01   2.8543500e-01   3.5039193e-02   1.7740794e-01  -4.2632842e-01   3.9588285e-01  -5.6455317e-02   2.7930708e-01   1.0389719e-01   2.5938199e-01  -4.3960450e-02   1.0998518e-01  -8.0873482e-02   2.0801157e-01   1.1057206e-01  -3.4766312e-01  -2.1722093e-01   7.4141798e-02  -1.2789186e-03   8.9217057e-02   1.0323322e-01  -1.7222572e-01   1.3121058e-01   1.2439999e-01  -1.5537559e-01   2.3742115e-01   1.7452810e-01   3.1624786e-03   2.7015771e-01  -8.5233334e-02  -2.1140857e-01   2.8025727e-01   9.2283211e-02   2.7605221e-01  -3.1587635e-01   9.4703756e-02  -1.1329736e-01  -1.0608765e-01  -2.0016989e-01   6.4610378e-01   2.7062275e-01  -4.4997164e-01  -4.6351552e-02   3.7032371e-02  -3.7875004e-02  -4.9762260e-01  -1.2920834e-01   1.3706348e-01  -3.3285645e-01  -8.1438019e-02  -1.8748644e-01   6.8454868e-01  -1.3073230e-01   1.3230008e-01   1.3173529e-01  -8.3105509e-02   6.2818201e-01   2.5119033e-01   3.8889028e-02   3.2928279e-01   6.0557433e-02  -4.9547934e-01  -9.1849160e-02  -2.5366197e-01   1.7380357e-01  -1.0163056e-01   3.9899438e-02  -7.7753778e-02   6.4847104e-02  -8.7033487e-02  -5.2150105e-02   3.1875395e-01  -4.1723015e-02   6.0480310e-02  -9.2540035e-02  -4.8167119e-01   5.3196184e-01  -2.5131803e-01   2.5966349e-01  -5.1735611e-01   9.3385458e-02  -1.4648910e-01   6.4341527e-01   1.9116397e-01   3.6958303e-01  -1.7402872e-01  -1.5012782e-01   3.2907252e-01   6.5119718e-02   5.0969357e-02  -1.1663275e-01   2.1839069e-01   3.0972998e-01  -1.9720529e-01  -6.0328464e-02   4.5220066e-02  -9.3347304e-02   3.0628199e-01  -3.3565086e-01  -1.6024501e-01  -6.7429608e-02  -1.6915691e-01   1.8135620e-01  -1.0832424e-01  -3.5361597e-01  -4.5244934e-02  -5.5595512e-02   1.0275248e-01   2.8047076e-01   1.3496215e-01   1.0633194e-04  -4.6212347e-01  -1.5011496e-01  -1.4453051e-01   1.7976399e-01   1.5287303e-01  -1.3304112e-01  -2.0184883e-01   1.7446818e-01  -1.8672225e-01  -1.7992566e-01   1.8966229e-01  -1.0178502e-01   3.2473996e-01   4.7713016e-02   1.7183756e-01   5.1297177e-01   3.1605188e-01  -4.3610775e-01  -9.2185053e-02   5.8846209e-03   5.9142187e-01  -2.8525658e-01   2.9165178e-01  -8.8820974e-02   3.3088518e-02   5.7150696e-03   2.1573610e-01
  -8.2440328e-02   1.4773386e-01   7.7792458e-02   1.7995857e-01   1.0993949e-01   0.0000000e+00  -2.9894901e-01   6.3613827e-01   5.0798440e-01  -1.0277067e-01  -3.5503676e-01   3.0600993e-01  -2.4652876e-01   2.5953005e-01  -2.0713775e-01  -1.5910616e-01   8.7666185e-02  -1.7172510e-02   5.3883200e-01   9.9110952e-02  -3.0186988e-01   4.5021985e-01  -3.4556466e-01   1.3626437e-01   1.9706297e-01   7.0565505e-01   5.5142622e-01   2.0780184e-01   2.8275683e-02  -4.2747534e-02  -3.1996381e-01   3.0290866e-01   2.3857156e-01  -3.3935315e-01   4.4062226e-01  -8.8893255e-02  -1.9049558e-01  -1.7388819e-01  -2.7897776e-01  -2.5061985e-01  -2.3446569e-01  -1.8009108e-01   4.7873343e-01   8.1213121e-02   1.4803596e-01  -1.3094132e-01  -5.1923323e-02  -4.7216992e-01   8.0123495e-02  -2.5689460e-01  -5.5973010e-02   6.5227785e-01  -1.6756928e-01  -1.6147183e-01  -2.4362560e-01  -2.1105407e-01   6.7983242e-01   1.6373747e-01   2.0669779e-02   5.3121003e-01  -1.7065228e-01  -7.7324211e-04   4.3250864e-01   9.9371806e-02   1.2309285e-01  -1.9868480e-01   7.5988407e-01   1.3074336e-01   4.7032480e-01  -8.6095905e-02  -1.2939511e-01  -7.2476455e-02  -3.6139483e-01   2.7511349e-01   2.7091862e-01   1.6973696e-01  -2.2925491e-01   3.4752944e-01   3.5204976e-01  -1.0373491e-01   2.3708198e-01  -3.9637937e-01  -3.5247574e-01   6.7523866e-01  -6.6656745e-02   2.5444922e-01   1.4269905e-01   7.5616261e-02   3.9038793e-01   9.6567445e-02   2.8353921e-01   1.4261104e-01  -2.1186823e-03   5.1351092e-01  -2.0068634e-01  -4.1290809e-03  -6.7860000e-02   7.2709186e-01  -4.9721314e-03  -3.8801523e-01  -7.8806896e-02  -3.0480970e-01   1.8863079e-01   5.2390640e-01  -5.8569815e-02   2.4597677e-01  -3.5418848e-01   8.0096242e-01  -1.8455269e-01  -6.2282134e-02  -2.9971445e-02   3.5411568e-01   1.0990359e-01   1.0550843e-02  -4.7480708e-02   2.4856410e-01   2.5457005e-01  -1.5044220e-01   9.8545949e-02   1.8118779e-01  -1.0066798e-01   4.1867709e-01   3.5060159e-01   9.1003963e-02   5.1129488e-02   5.4351617e-01  -3.8643771e-02  -2.4762129e-01   8.6548468e-02  -1.7458648e-01  -3.3145334e-01  -3.5563561e-01   3.5716755e-01  -2.4641400e-01   3.6461592e-01   3.3511923e-01   2.9374901e-01  -7.2743865e-02   3.2637600e-01  -1.0789571e-01   1.4408913e-01  -1.7657830e-02  -4.6442731e-03   3.7726219e-01  -9.6107353e-02  -2.3379220e-01  -3.2387075e-01  -5.0293154e-02  -2.3947824e-01  -3.1644054e-01  -1.5536336e-02   3.2000810e-01  -8.1901830e-02   1.4619439e-01   4.2479160e-01  -5.2336382e-02  -1.8298061e-01  -1.9055970e-01  -4.4034264e-02   2.5661646e-01  -5.1639694e-02   7.2266319e-02  -1.7100055e-01  -2.7714864e-02   5.9349972e-01   6.0776676e-03   4.5928689e-02   2.7892373e-01  -2.5565403e-02  -2.1934862e-01   1.5329733e-01  -3.1286435e-01  -8.8966013e-02   7.2232967e-01   1.4293798e-01  -4.0747352e-01   6.3073888e-01
  -2.7356664e-01  -1.7955012e-01  -2.7776809e-02  -1.4754243e-01  -3.2153948e-02  -2.9894901e-01   0.0000000e+00  -3.6010576e-01  -3.9116968e-01   1.0199305e-01   4.3064450e-01   1.4845004e-03   3.6069871e-01  -2.8863593e-01   6.8515918e-01   4.5294136e-01  -2.5860787e-01   6.3542785e-03  -1.0105157e-01  -1.1157289e-01   4.9167577e-01  -3.5926913e-01   8.8055741e-01  -3.8489159e-01  -1.3825770e-01  -2.5853916e-01  -1.3389962e-01  -1.2999123e-01  -1.1904625e-02   2.2095825e-01   5.1935270e-01  -3.0882135e-01  -5.8643638e-02   8.0314840e-01  -1.5623222e-01   3.0062617e-01   1.4266825e-01  -3.1150849e-01   3.2918879e-01   3.8001009e-01   2.6216919e-01  -2.2596445e-02   1.5277651e-02   1.5851997e-02   1.4523033e-02  -2.6432007e-01  -1.8758911e-02   7.2194288e-01  -6.4207215e-02  -1.2131643e-01   2.4282961e-01  -4.3936149e-01   3.4740072e-01  -6.6200089e-02   2.1313067e-01   6.4350964e-01  -2.6578036e-01  -4.7910449e-01   1.1613766e-01  -2.2751419e-01  -1.0763260e-01   3.0968122e-01  -3.5895816e-01   2.4567625e-01  -7.1474195e-02   6.3293347e-01  -1.3193327e-01  -1.9167892e-01  -3.1115905e-01   7.3525080e-02   2.0686756e-01   9.4072002e-03   3.7048198e-01  -3.1927305e-01  -2.9253677e-01  -4.0915004e-01  -2.0156980e-01  -2.4625233e-01  -1.7432538e-01   7.6715687e-02   9.4204367e-02   2.2139948e-01   5.7919241e-01  -3.1279233e-01  -8.2984245e-02  -3.7509922e-01  -1.1636800e-01  -1.8404859e-02  -2.3661398e-01  -4.1548779e-01  -2.4270699e-01  -3.9011258e-01   3.2286680e-01  -3.0643656e-01  -2.8607839e-01  -2.5304401e-01   4.6462689e-02  -2.7230914e-01  -4.4664262e-02   6.9305229e-01   1.7159612e-01   7.8748718e-01  -1.0613257e-01  -2.7190095e-01   2.6427371e-01  -3.2004587e-01  -3.5127578e-02  -3.9798012e-01   3.0106256e-01   2.0297324e-01   3.6610558e-01  -2.0496290e-01  -3.1040271e-02  -3.5720046e-01   4.6700286e-01  -2.3950712e-01  -1.0264413e-01   3.4240916e-01  -9.2356354e-03  -1.1400838e-01  -5.0738866e-01  -2.3619364e-01  -1.0102692e-01  -9.5737896e-02  -4.7698512e-01  -4.6144826e-01   4.6417312e-01  -1.0969320e-01  -3.7182512e-01   6.3371704e-02   3.0223793e-01   6.0689468e-01  -2.5588552e-01   5.2139690e-01  -2.7041752e-01  -3.8931712e-01  -1.3502345e-01   5.4896037e-01  -4.9559296e-01  -1.1502715e-01  -2.6921829e-01  -9.0927667e-02  -2.3246091e-01  -1.9602003e-01   4.5042522e-01   1.2388150e-01   7.2116245e-01   2.8964321e-01   4.9896068e-01   3.6434212e-01   9.8582415e-02  -9.2792419e-02  -3.0384476e-01  -1.5316700e-02  -2.3261811e-01  -2.7327589e-01  -3.2917877e-01   2.0984222e-01  -2.6580117e-01   1.1048404e-01   2.2253814e-01  -2.1775065e-01   2.2565411e-01  -1.4222363e-01  -3.8517146e-01   2.5894451e-01   2.7857333e-01  -3.4249179e-01  -2.8930631e-01   3.4465700e-01  -5.9872064e-04  -2.4968932e-01   4.2032171e-02  -3.2782683e-01  -3.7393426e-02  -5.0853350e-02  -4.9519974e-01
   9.9353308e-02  -2.1062505e-02  -6.7525621e-02   2.7431962e-01  -1.2456995e-01   6.3613827e-01  -3.6010576e-01   0.0000000e+00   4.2527516e-01  -3.6184547e-01  -2.2524913e-01   1.0252919e-01  -4.7272795e-01   3.4883890e-01  -8.4409027e-02  -2.4479266e-01   4.8819715e-02  -1.4210600e-01   5.3482463e-01  -1.3696789e-01  -3.0260845e-01   4.0994804e-01  -3.7577487e-01   2.4160515e-01   1.7210115e-01   6.5680879e-01   1.9207425e-01   4.2368492e-01  -9.3902590e-02  -1.6786240e-01  -1.9019685e-01   4.3185406e-01   8.0888892e-02  -3.0951677e-01   2.5578789e-01  -2.4670293e-01  -1.3893755e-01  -2.0747428e-01  -2.4236697e-01  -4.9173290e-01  -3.2950477e-01  -3.0666020e-01   1.8539845e-01   3.2900372e-01   5.4856041e-02  -9.3196745e-03  -8.2065283e-02  -5.0655231e-01   4.8205049e-02  -3.8310076e-01  -1.4120181e-01   8.6213771e-01  -1.4584488e-01  -3.2088617e-01  -1.2375672e-01  -3.1830659e-02   5.5795971e-01   2.9352673e-01   1.2549386e-02   3.4910375e-01  -1.0698291e-01  -2.4380715e-01   4.4408451e-01   1.9642489e-01   1.1410617e-01  -4.2377262e-01   3.9624366e-01   8.4200184e-02   4.6903635e-01  -4.3297417e-02  -2.3933466e-01  -7.6358060e-02  -4.3848948e-01   2.2898653e-01   1.5845415e-01   4.0014565e-01  -7.6949545e-02   5.6649084e-01   1.7546710e-01  -2.6929895e-01   3.9638079e-01  -4.6316959e-01  -1.8505194e-01   7.8787461e-01   1.2836235e-01   4.2431460e-01   1.2089935e-01   6.0198618e-02   4.0142689e-01   1.9869226e-01   7.5779516e-02   1.5951409e-01  -1.4424014e-01   3.7404389e-01  -9.1152065e-02  -2.4393334e-01  -2.8938596e-01   5.9520413e-01  -1.7670534e-01  -2.6329343e-01   1.4012910e-01  -1.8319205e-01   3.8852714e-01   3.7970436e-01  -5.8444008e-02   4.5966601e-01  -4.0457751e-01   6.1273974e-01  -1.2047247e-01  -2.0823590e-01  -7.0275522e-02   3.0177562e-01   1.7018434e-01   8.4880063e-02   9.6689869e-02   2.1434362e-01   4.5908826e-01  -3.5842238e-01   2.3479680e-01   1.9407500e-01   4.7876893e-02   1.4672826e-01   2.6471870e-01   1.3059139e-01   1.9247195e-01   5.1653536e-01  -1.3505238e-01  -2.8590918e-01   1.8466911e-01  -2.3467539e-01  -4.8585820e-01  -3.2333165e-01   3.2915963e-01  -2.1295315e-01   3.8840951e-01   5.7340235e-01   8.4890443e-02   6.7224455e-02   5.8245677e-01  -1.4308245e-01   1.8132081e-01  -1.7928670e-01   2.2522377e-01   3.7824690e-01  -2.5258172e-03  -3.2022309e-02  -3.5084236e-01  -2.9204910e-01  -3.4188440e-01  -1.6549105e-01   1.2790161e-01   5.2182131e-01  -1.0511535e-02   1.8435995e-01   1.8439451e-01  -2.7266042e-02  -7.4306354e-02  -3.7959028e-01  -5.5222296e-02   4.4609091e-01  -8.6860931e-02   3.1223814e-01  -1.9514716e-01   3.9921181e-02   4.4189014e-01  -1.1807795e-01   2.6460800e-02   5.3041242e-01   1.7927482e-02  -1.9053073e-01   3.4011619e-02  -1.6178044e-01  -1.8846861e-01   5.8942703e-01   1.3526416e-01  -4.5596839e-01   5.5592229e-01
  -1.1586884e-01   5.0572456e-01  -1.1632746e-01   1.2425174e-01   2.1666165e-01   5.0798440e-01  -3.9116968e-01   4.2527516e-01   0.0000000e+00  -9.2836330e-02  -3.4555858e-01   4.6581469e-01  -1.3747001e-01  -1.6408270e-03  -2.1576741e-01  -3.2062088e-01   7.1793514e-02   6.2436556e-02   5.2323018e-01   1.0939019e-01  -1.8939934e-01   1.9708697e-01  -3.8411897e-01   1.5371169e-01  -8.2407065e-03   6.0019754e-01   1.9109056e-01  -6.7634025e-02   5.9002415e-03  -4.0485189e-02  -1.0860945e-01   1.8592170e-01   4.7649813e-02  -3.0730690e-01   6.2534009e-01  -1.1130156e-01   1.6455698e-01  -1.7868859e-01  -3.1572843e-01  -3.3445712e-01  -1.3579596e-01  -3.6178066e-01   6.2942080e-01  -1.1681920e-01   3.1127032e-01  -1.4566706e-01  -2.0598970e-01  -3.2612793e-01   3.0565522e-01  -3.3555204e-01  -1.8993371e-01   5.0457942e-01   1.2327302e-01  -1.9934886e-01  -2.5513187e-01  -3.2428608e-01   6.0034707e-01   2.0351347e-01  -8.2410345e-02   5.7735462e-01  -3.7828000e-01  -2.7853839e-02   8.4198983e-01   1.3439641e-01   3.2683220e-01  -4.0095084e-01   2.2459572e-01   1.9421553e-01   7.0853973e-02  -3.0026286e-01   1.4415191e-01  -1.7194626e-01  -2.6751809e-01   1.4492660e-01   2.1073774e-01   2.7582538e-01  -4.2583201e-01   1.0646401e-01   4.8049900e-01  -1.1599213e-01  -1.6352931e-01  -2.1423136e-01  -2.2585190e-01   4.0809325e-01  -2.7249615e-01   2.8631100e-01   5.6960314e-01  -1.2648891e-01   6.8190060e-01   8.0804718e-03   4.7804067e-01   4.1967815e-02  -2.1136910e-01   7.8985570e-01  -2.6434765e-01   8.3472850e-02  -8.1197822e-02   6.4099732e-01  -2.7543500e-02  -2.7547439e-01  -3.1810134e-01  -2.9426083e-01  -9.2961165e-02   8.5666974e-01  -3.2438485e-01   2.0074104e-01  -3.6580051e-01   5.2634689e-01   6.9991410e-02  -2.4267705e-01   4.5635482e-02   4.4999363e-02   1.5016320e-01   1.9153909e-04  -3.3950755e-01   5.0054957e-01  -7.7447365e-02  -9.1946789e-02  -1.9617683e-01   2.3496311e-02  -7.1212200e-02   3.9613633e-01   5.4983125e-01   5.7301863e-01   4.2578768e-02   4.4010595e-01   2.6884314e-03  -1.0785694e-01   1.6692190e-01  -2.0523381e-01  -2.0911743e-01  -1.6730906e-01   3.4184338e-01  -1.2357399e-01   5.0711680e-01   4.8624529e-01   3.5103752e-01  -2.6210940e-01   3.6549267e-01  -9.0487379e-02   1.0955692e-01   3.2166696e-02  -2.6577850e-02  -2.3080951e-02  -7.4202043e-02  -6.2801913e-02  -2.0399183e-01  -1.0205030e-01  -3.3956730e-01  -1.8228945e-01  -2.2161447e-01  -4.1620914e-02  -1.6614112e-01   3.6762539e-01   3.5351849e-01  -3.3766852e-02  -1.8523916e-01  -2.5182821e-01  -1.9215315e-01  -8.9129775e-02  -3.7371492e-02   1.8169069e-01   2.9036586e-02  -4.8005256e-02   4.2123848e-01   1.1155357e-01   2.2721947e-01  -7.1288952e-02  -7.1378372e-02  -3.9026214e-02   1.8700259e-01  -2.9339388e-01   3.9978005e-02   3.9029205e-01   1.6527218e-02  -3.3545187e-01   6.4294524e-01
  -1.1569341e-01   1.4201490e-01   2.2262994e-02  -1.2544783e-02   4.6879621e-01  -1.0277067e-01   1.0199305e-01  -3.6184547e-01  -9.2836330e-02   0.0000000e+00  -1.9465513e-01   3.4980346e-01   3.9090070e-01  -3.0382620e-01  -1.7098557e-01   2.2678693e-01  -5.6977065e-02   1.2715508e-01  -2.1295745e-01   5.8239165e-01   3.9095457e-02  -9.8003800e-02   1.5885554e-01  -2.0750621e-01  -6.1844302e-02  -1.3761554e-01   2.9984938e-01  -3.5836243e-01  -3.2694859e-02  -7.8386803e-02  -1.3494668e-01  -2.4106973e-01   3.7364269e-02   9.1521722e-02  -6.9176202e-02   4.8762245e-01   2.3322446e-01   1.0159857e-02   2.7464211e-01   4.0491005e-01   2.3834224e-01   4.3949231e-02   1.8771941e-01  -4.4829445e-01   2.6379208e-01  -5.2115067e-02   1.3765450e-01   1.2011169e-01   1.5448145e-01   8.2040293e-02   1.6714357e-01  -3.6318506e-01   4.3277337e-02   9.3015395e-02  -3.2438388e-01  -1.5002125e-01  -1.8204692e-01  -6.6578247e-02   4.6608197e-02  -6.3532088e-02  -2.8655575e-02   2.5216334e-01  -1.5864516e-01  -3.7430596e-01  -7.7151660e-02   4.5215841e-01  -9.5909660e-02  -1.4738292e-02  -2.5744785e-01  -2.4935423e-02   1.2169174e-01   2.1230853e-01   3.3906346e-01  -3.0216775e-01   7.9128206e-02  -3.2997269e-01  -1.3763113e-01  -4.4176893e-01   3.6770177e-01   2.9633217e-01  -3.7777239e-01   2.6166338e-01  -1.3160161e-01  -1.8378448e-01  -4.1815883e-01  -3.5909065e-01  -1.9071703e-01  -2.2687571e-01  -2.0686284e-01  -1.4713166e-01   3.8706758e-01  -2.4703883e-01   3.7735246e-01  -1.3765441e-01  -4.3175632e-02   5.0191881e-01   4.3409618e-01  -2.3729666e-01   1.0077716e-01   1.4368273e-01  -4.2724587e-01  -1.5211134e-02  -1.7083771e-01  -1.3382893e-01   5.2981693e-03  -1.5315829e-01   4.7113382e-02  -1.8297627e-01   4.0683857e-02   2.2812832e-01   4.1003954e-01  -2.7604991e-02   4.0319250e-03   5.0542480e-02  -2.6655199e-01   2.6549055e-01  -2.5299923e-01   4.7218847e-01  -3.5499410e-01   1.8463674e-02  -1.8549369e-01   4.1623356e-01   1.2496654e-01  -1.8738837e-02  -2.0097590e-01  -2.1939726e-01   2.9865495e-01   1.6165192e-01  -7.5123508e-02   1.0257677e-01   2.7992529e-01   8.3411317e-02  -3.4013032e-01   1.7661520e-02  -1.1143311e-01  -4.2521449e-01   1.4863349e-01  -2.7557578e-01  -3.9307407e-01   7.2991908e-02  -1.8302101e-01   3.7522350e-02  -2.7232577e-01  -4.0578565e-01  -7.4338947e-02  -1.9678896e-01   1.7468604e-01   2.7704075e-01   2.4886272e-01   1.0856706e-01  -3.6437856e-01  -2.4259989e-01  -1.8544024e-01   5.3919916e-03   4.6915374e-02  -5.5575107e-02  -1.0427343e-01   2.8979557e-01  -2.0716607e-01  -2.0134604e-01   1.1309147e-01  -3.3677087e-01   2.1387371e-01  -3.6313722e-02  -5.5827781e-02   5.4287632e-01   1.9571919e-01  -4.1210510e-01  -8.8330378e-02  -1.1003024e-01   5.6400283e-01  -1.7323457e-01   9.7895415e-02  -3.3792429e-01   2.1219666e-01   5.1076114e-02  -1.4986256e-01
  -2.1532183e-01  -2.6311459e-01  -2.5181089e-01   2.3132424e-01  -7.7695066e-02  -3.5503676e-01   4.3064450e-01  -2.2524913e-01  -3.4555858e-01  -1.9465513e-01   0.0000000e+00  -3.8306421e-01   2.9137908e-01  -2.7339299e-01   4.9980464e-01   1.5426651e-01  -2.2985669e-01   3.2855665e-01  -8.0721281e-02  -1.7740342e-01   5.4789374e-01  -2.9276448e-02   5.0658376e-01  -3.9608123e-01  -9.8519421e-02  -3.4610875e-01  -2.6784122e-01  -2.6061898e-01   6.3904587e-02   2.8039733e-01   5.6665996e-01   2.0777988e-01  -1.1864145e-01   4.7112389e-01  -1.3965580e-02   3.8040039e-01   1.9226062e-01  -2.4583261e-01   2.1921071e-01   3.4704316e-03   5.4758742e-01  -1.6806518e-02  -3.9284180e-01   2.1353712e-01   1.6086490e-01  -1.2586219e-01   4.9168385e-01   4.8766794e-01  -1.2216542e-01  -2.5030360e-01   4.2520066e-01  -3.2335235e-01   2.2041916e-01  -4.9219568e-02   2.7089189e-01   3.7497736e-01  -3.2439786e-01  -2.9956311e-02   3.5609972e-01  -1.1436729e-01  -1.0424046e-02   9.3150131e-02  -2.0827631e-01   2.3658243e-01   2.5111929e-01   1.4946902e-01  -1.3004647e-01   1.5086724e-01   1.2836480e-01  -1.8056808e-01   1.2742671e-02   3.0978486e-01   4.1876171e-01  -4.0610943e-01  -2.4764468e-01   1.6277822e-02  -8.1193010e-02   1.0362724e-02  -4.3387654e-01   1.2549761e-01   2.6897142e-02  -1.0652158e-01   5.0816528e-01  -3.1677971e-01  -1.4208501e-01   5.3353177e-03   8.2710200e-02  -1.7100505e-01  -2.2704189e-01  -3.1862969e-01  -3.6781022e-01  -1.7102353e-01  -6.7772822e-02  -1.5125907e-01  -2.6722924e-01  -1.5469657e-01   5.2072751e-02  -2.3523623e-01   1.4079815e-01   4.0902060e-01   1.0285287e-01   4.9931940e-01  -3.5027877e-03  -1.6056446e-01   4.7176918e-01   1.8968394e-01   5.4803832e-02  -1.7521777e-01   1.9328013e-01   1.3842475e-01  -7.9104783e-02   2.5516923e-02   2.4461914e-01  -3.4693045e-01   9.8311850e-02  -3.4103421e-01  -6.2927214e-02   1.9215772e-01  -1.5963440e-01   2.9921680e-01  -2.7064243e-01  -3.4894890e-01  -1.3904032e-01   7.4869258e-02  -2.6946325e-01  -4.3440941e-01   3.0765896e-01   7.6787688e-02   8.8766711e-02  -2.7943567e-01   2.6429083e-01   5.6425180e-01  -2.5215922e-01   5.3452772e-01  -4.6476592e-02   3.0659248e-02  -1.7959369e-01   2.1067607e-01  -5.2353175e-02  -2.1739707e-01  -3.0209021e-01   6.3486479e-02   2.8496871e-01  -1.8045973e-01   3.8810540e-01   5.0566403e-01   2.5116490e-01   1.6298524e-01   4.5543262e-01   4.9795286e-01  -6.0241343e-02   1.8773582e-02  -5.6060032e-02   2.2234973e-01  -3.8688704e-01  -2.5060345e-01  -2.8109802e-01   3.8466486e-01  -5.5277786e-02   1.0577623e-01   3.1109476e-01   4.6464799e-01   2.3046499e-01   3.9287330e-01  -2.5386528e-02  -1.0976194e-01   2.2057821e-02  -2.1665555e-01  -1.8016657e-01   2.7572726e-01  -2.4909593e-01  -1.1868313e-01   3.9412027e-01  -2.5445659e-01   1.7134868e-02   2.0759513e-01  -8.4165358e-02
  -1.8084584e-01   6.3562994e-01   3.0996758e-01  -1.9939127e-01   4.4434590e-01   3.0600993e-01   1.4845004e-03   1.0252919e-01   4.6581469e-01   3.4980346e-01  -3.8306421e-01   0.0000000e+00   1.2356300e-01  -2.0985804e-01  -8.2479167e-03   2.9879668e-02   2.9239453e-01  -5.4897179e-02   3.5093345e-01   4.3106480e-01  -2.3812858e-01  -1.9895004e-01  -1.2682216e-01   9.3248005e-02  -1.0191380e-01   3.3627175e-01   3.1318182e-01  -9.6162957e-02   3.2858394e-02  -1.4507645e-01  -1.9597310e-01  -1.0350507e-01   2.1411079e-01  -7.0523085e-02   3.6053645e-01   1.7399055e-01   1.5412153e-01  -1.5030913e-01   1.1656908e-02   1.6056411e-01  -9.9203655e-02  -3.7717341e-02   6.8988604e-01  -4.9107200e-01   2.6172257e-01  -1.7776652e-01  -2.8027128e-01  -1.6355679e-01   3.2321341e-01  -1.1473414e-01  -4.9682549e-02   1.1468542e-01   2.0483260e-01   1.1814802e-01  -2.9297110e-01  -2.2103283e-01   3.7453913e-01  -3.1926039e-02  -1.5033340e-01   4.4768641e-01  -2.9917627e-01   1.6310696e-01   3.3929978e-01  -6.8870127e-02   8.0710091e-02  -3.3773332e-02   4.2079665e-02   5.0933585e-02  -1.8395113e-01  -4.2678831e-03   3.9515548e-01  -2.2659269e-01  -5.9402863e-03   8.9987955e-02   3.0625798e-01  -4.0154297e-02  -3.8696275e-01  -1.6697867e-01   7.3198932e-01   8.3124586e-02  -4.1154061e-01   7.5782429e-02  -1.2524474e-01   2.2553594e-01  -3.0686522e-01  -4.4299688e-02   2.2211311e-02  -1.4350846e-01   3.3635994e-01  -9.6995780e-02   5.8416703e-01  -1.0259842e-02   7.2969674e-02   3.7932290e-01  -3.5258056e-01   4.0894332e-01  -1.1763838e-02   3.8190014e-01  -5.8987896e-02   2.7924929e-02  -5.4082544e-01   3.2777356e-02  -3.9285986e-01   4.5786537e-01  -3.8542869e-01  -1.0112804e-01  -1.0373527e-01   2.0519659e-01   4.1357901e-02  -1.1897697e-01   6.2501532e-01  -1.8608725e-01  -8.7135058e-02  -9.7213414e-02  -2.4383647e-01   5.8284052e-01  -3.5517061e-01   2.0470597e-01  -3.4330864e-01  -1.3318827e-01  -2.3143985e-01   5.1442385e-01   4.9094488e-01   3.3810741e-01  -1.4159651e-01   2.3407323e-01   3.8669587e-01  -1.7491429e-03  -1.1222128e-01   2.1949490e-01   6.3161833e-02   3.0332538e-02   6.9986406e-02  -1.3787869e-01   1.3613600e-01   4.9032904e-02   2.4413266e-01  -2.3382186e-01   5.5131023e-03  -5.8906872e-02   7.4959312e-02   1.3338076e-01  -3.2757254e-01  -2.4690063e-01   1.5638662e-01  -4.1276980e-01   2.7100542e-01  -6.8920180e-02  -1.8391509e-01  -3.1443834e-01  -1.1129163e-01  -3.1380057e-01  -1.5511257e-01   2.5946478e-01   5.7924407e-01  -1.9992675e-02  -3.3312125e-01  -1.7854612e-01  -1.6773782e-01  -3.3658827e-01  -1.0475651e-01  -2.5810890e-01   7.3376316e-02  -3.9773037e-01   1.8640704e-01   5.0857018e-01   5.8206832e-01  -3.2168196e-01  -1.0710146e-01  -1.0211347e-01   6.0637909e-01  -3.8508374e-01  -2.4304125e-01   1.9866030e-01   1.8369322e-01  -9.8853321e-02   2.9307043e-01
  -2.8390196e-01   6.4281024e-02  -1.0754595e-01   2.8463368e-03   2.4378617e-01  -2.4652876e-01   3.6069871e-01  -4.7272795e-01  -1.3747001e-01   3.9090070e-01   2.9137908e-01   1.2356300e-01   0.0000000e+00  -4.0732360e-01   1.0609932e-01   3.4136472e-01  -1.0205050e-01   2.0467348e-01  -1.4426125e-01   2.8586739e-01   2.6045230e-01  -2.1086682e-01   4.5783793e-01  -4.2486147e-01  -2.4240173e-01  -2.5966562e-01   3.3676318e-02  -4.6901268e-01   1.8981576e-02  -4.9167605e-02   1.8307070e-01  -5.8821726e-02   4.8994967e-02   3.5121670e-01   4.8637951e-02   5.3474122e-01   1.9849528e-01  -1.6222218e-01   4.4804421e-01   3.3548416e-01   7.0048852e-01   1.1185845e-01   1.1688318e-01  -2.6943691e-01   2.6987182e-01  -2.1197149e-01   2.3116880e-01   3.4709285e-01   1.5343087e-01   6.0707821e-02   3.9399085e-01  -4.5893713e-01   1.1556167e-01   1.4281132e-01  -5.2591975e-02   3.8755019e-02  -2.2601259e-01  -9.4712237e-02   3.8404584e-01  -3.5375425e-03  -1.4767282e-01   3.9317019e-01  -7.8197051e-02  -2.2859971e-01  -5.6458525e-03   3.9297030e-01  -1.8089569e-01   1.5073471e-01  -1.5277714e-01  -1.8775815e-01   1.9192497e-01   2.2833118e-01   6.5859551e-01  -5.0462760e-01   6.6118479e-02  -1.7224678e-01  -2.3469086e-01  -3.0347508e-01   4.1465733e-02   5.4770642e-01  -3.3630894e-01   4.5020223e-01   8.8399401e-02  -2.9673984e-01  -4.7686663e-01  -1.9165112e-01  -6.2317307e-02  -3.5692578e-01  -9.1716927e-02  -4.3626835e-01   1.3291089e-01  -3.0878334e-01   2.4106510e-01  -5.4581189e-02  -1.8767721e-01   3.4664869e-01   4.8796660e-01  -1.9109838e-01   1.2873153e-01   4.0731076e-01  -3.3038958e-01   1.9266495e-01  -2.6077426e-01  -2.5993876e-02   2.1398891e-01  -1.7675016e-01   8.8211837e-02  -1.8212856e-01   2.0299881e-01   3.0484761e-01   2.4603667e-01  -5.3320449e-02   1.5011215e-01  -2.2487905e-01  -2.0647969e-01   1.8096170e-02  -3.4241041e-01   8.3144470e-01  -4.1416597e-01   7.1387244e-02  -3.7937940e-01   1.2659504e-01   1.1156635e-01   2.5747543e-02  -4.3542029e-01  -3.7058022e-01   2.7281275e-01   3.8770749e-01  -2.5671892e-02   7.0682029e-03   7.2045934e-01   3.7040207e-01  -4.8117923e-01   2.8223905e-01  -4.9335107e-02  -2.7063352e-01   2.1348966e-01  -1.2699372e-01  -2.9511636e-01  -3.4915059e-02  -3.6092680e-01   4.7491540e-01   1.9190665e-02  -5.4127136e-01   1.5059296e-01   1.2116423e-01   3.6348874e-01   3.6956246e-01   3.9248956e-01   2.5403883e-01  -3.8267267e-01  -2.7792104e-01  -3.2420252e-01   2.7031679e-02  -1.1251065e-01  -2.8007182e-01  -2.7955816e-01   6.2314462e-01  -1.5990754e-01  -1.7751046e-01   2.6083414e-01  -9.0750074e-02   2.4479152e-01   1.1917240e-01  -8.5479701e-02   3.9944601e-01   1.7018193e-01  -4.6637508e-01  -2.2279226e-01   1.3258391e-01   2.4516382e-01  -2.3777814e-01   2.7514432e-01  -4.2464561e-01   2.0920067e-01   2.9266229e-01  -1.2667473e-01
   4.5083096e-01  -3.7829157e-01  -1.8163366e-02   1.6572828e-01  -3.6796900e-01   2.5953005e-01  -2.8863593e-01   3.4883890e-01  -1.6408270e-03  -3.0382620e-01  -2.7339299e-01  -2.0985804e-01  -4.0732360e-01   0.0000000e+00  -7.5105983e-02  -2.8822503e-01  -1.3785702e-01  -2.6557141e-01  -3.4393195e-02  -3.0574003e-01  -2.5742754e-01   4.4127670e-01  -3.2463598e-01   5.0139576e-01   1.1440090e-01   8.9840220e-02  -3.2784992e-03   5.9596630e-01   5.5036457e-02  -1.2451492e-01  -2.8857286e-01   2.7157912e-01  -8.5959894e-02  -3.2405526e-01   3.5015874e-02  -4.8518782e-01  -2.8289052e-01   2.3663464e-01  -3.3686677e-01  -3.3674633e-01  -4.0472661e-01  -4.9710745e-02  -9.6029965e-02   4.2938972e-01  -2.5746691e-01  -4.0661927e-02  -8.8243394e-02  -4.1770145e-01  -1.3543084e-01  -1.8616993e-01  -1.5071553e-01   4.0474829e-01  -4.5274083e-01   3.6119079e-02   2.4619717e-01  -1.2744685e-02   3.9452114e-02   2.9584358e-01  -1.2617820e-01   1.7326941e-01  -1.0611011e-02  -2.1414352e-01   3.8591128e-03   2.9019169e-02  -1.6318871e-02  -2.1117591e-01   3.4331602e-01  -3.5323685e-02   4.2283542e-01   9.7444479e-02  -5.0828585e-01  -1.5356174e-02  -4.9807592e-01   5.1919500e-01   2.6021664e-01   2.6829467e-01   1.2840422e-01   4.3622262e-01  -2.6139876e-01  -1.7719699e-01   5.9080460e-01  -2.3262398e-01  -4.0755846e-01   3.4778922e-01   5.8864771e-01   3.4330171e-01  -1.6551733e-01   5.7225372e-01  -1.3754727e-03   4.7340708e-01  -3.0629209e-01   1.6657607e-01  -1.6215324e-01   3.0403136e-02   2.0746487e-01  -3.4826992e-01  -2.6109530e-01   1.0542069e-01  -5.9037687e-02  -3.0622571e-01   4.2421532e-01  -2.3780587e-01   5.2767699e-01   2.4895350e-02   9.1932606e-02   1.8020992e-01  -1.4768506e-02   3.3250100e-01  -1.2707449e-01  -8.0506515e-02  -4.3547589e-01   4.5906496e-01   9.7815750e-02   3.9114166e-01   4.0646803e-01  -2.7573345e-01   4.7505791e-01  -4.0681116e-01   4.9129091e-01   1.9283347e-01   3.2939442e-01  -1.6469340e-01  -4.0608150e-02  -4.0791705e-01   2.9990049e-01   6.8540066e-01  -2.4260138e-01  -3.1966523e-01   1.9904378e-01  -2.5715008e-01  -4.4599404e-01  -5.5137474e-01   4.5869456e-01  -2.1162799e-01   1.8274563e-01   1.8304162e-01  -1.3909831e-01   1.2784415e-01   3.5493025e-01   2.8407486e-01   4.2425683e-01  -2.1823610e-01   1.3323167e-01   4.5749629e-01  -1.1604064e-01  -4.0866182e-02  -4.9061040e-01  -3.1573611e-01  -2.0969798e-01  -2.0479046e-01   5.7008444e-01   4.4163904e-01   3.2241037e-01  -3.2172554e-01  -1.1648269e-01   3.4305738e-01   2.4119900e-01  -2.2099025e-01   1.1592894e-01   4.2380373e-01  -7.8007981e-02   1.6620990e-02  -4.8511819e-01   8.7900204e-02   3.1212072e-01  -4.9764971e-01  -2.6903167e-01   6.8598965e-01   2.3703511e-01  -4.2228703e-01  -3.6989160e-01   1.8204260e-01  -2.4950673e-01   2.6195601e-01   3.0816194e-03  -1.8434066e-01   1.8180670e-01
