   0.0000000e+00  -2.2050790e-01  -1.4801914e-01  -2.8981975e-01  -3.8954307e-01  -8.0073702e-02  -4.7966776e-01   1.0319323e-01  -2.0926024e-01  -2.9345932e-01  -1.4835862e-01  -4.7649658e-01  -2.4183516e-01   6.6360844e-01   4.2086444e-01  -8.5426818e-02  -1.0961593e-01  -1.5646747e-01  -2.7350299e-02  -5.5030172e-01   2.1526011e-01  -8.2706139e-02  -1.1635285e-01   7.3160698e-01   1.9157116e-01  -9.6506196e-02  -5.6808902e-01   1.2486930e-01  -3.0762890e-02  -2.0546142e-01   2.3619833e-01  -8.9621689e-03   3.2152646e-02  -2.3110248e-01  -3.1023701e-01  -5.5965326e-01   5.1196594e-02   3.9038041e-01  -1.6679597e-01  -4.0930384e-01  -2.2764058e-01   2.7602350e-02  -1.6036632e-01   2.9261652e-02  -2.9716292e-01   1.1979270e-01  -3.6446414e-01  -4.2057252e-01   1.4184685e-01  -4.4898146e-01   3.7823530e-04  -7.4467418e-02   1.1531498e-01  -5.1452331e-02   3.8435016e-01  -1.6150865e-01   4.8498197e-02  -2.0427281e-01  -6.9144623e-02  -3.6785449e-01   7.0296711e-02  -4.5311708e-01  -1.8005653e-01   1.9833023e-01  -3.9289306e-01  -3.5155446e-01   2.1386255e-01  -3.1763855e-01  -3.4863501e-01   3.4472993e-01  -1.7511667e-01  -3.3761261e-01  -2.7098676e-01   2.1771619e-01   1.5195943e-01  -1.2570068e-02   1.5020311e-01  -6.7696652e-02  -6.0856059e-01  -1.4994556e-01   1.7759139e-01  -4.2979704e-02   4.7246144e-02   1.3621240e-01   7.5778966e-01   5.9160607e-02   2.8246331e-01   4.1817751e-01  -6.2183551e-02   8.5777378e-01  -5.1997203e-01   4.9214895e-02  -2.5827342e-01  -3.3181426e-01   1.5048767e-01  -5.1001857e-01  -2.6775889e-01   6.5606041e-02  -2.4827679e-01  -4.1754088e-01   6.0933874e-01   2.5401463e-01  -1.9077216e-02   2.8067396e-01  -2.8617851e-01  -1.6691144e-01   2.2099357e-01  -1.4596214e-01  -2.1509056e-02  -7.0961805e-02  -2.0436894e-01  -7.1200234e-05  -2.4795420e-01   7.0762998e-01   4.8734700e-01  -3.9977869e-01  -1.6687408e-01  -2.2147011e-01   4.3395623e-01  -2.7241187e-01   5.1932004e-01  -5.4045497e-01  -1.0874167e-01  -4.8583220e-01   4.5400477e-01   3.0814883e-01  -2.7585316e-01   6.2903468e-02  -2.0161796e-01   1.9819525e-01  -2.0847910e-01  -3.4468381e-01   4.3417103e-01   1.4827728e-01  -8.6731410e-02   3.9170994e-02  -1.2138428e-01   4.0277464e-01   6.4019278e-02   3.0050604e-01   6.2676482e-01  -8.2990389e-02  -5.0872320e-03  -1.3884351e-01  -6.1741882e-02   1.6651366e-02  -1.3267252e-01  -3.9360102e-01  -3.9900065e-01   1.1592161e-01   6.2987838e-01   3.1505747e-01   3.5389151e-01  -3.0956671e-01  -3.5882628e-01   5.9351572e-01   1.4234526e-01  -9.3909526e-02   4.5314022e-02   4.3023335e-02  -1.4079082e-01  -7.9722603e-02  -2.3893128e-01  -2.6990668e-01  -2.2003687e-01  -2.8149383e-01  -5.1040277e-01   2.0981614e-01   4.7850887e-01   3.5251178e-02  -4.8755327e-01   1.4890363e-01  -5.4102304e-01  -4.9693276e-02   1.1348799e-01  -3.4766758e-01  -1.9102103e-01
  -2.2050790e-01   0.0000000e+00   1.9562814e-01  -1.4948286e-01   1.9626271e-01  -4.1595434e-01   1.0539793e-01  -1.0064088e-01   5.8183433e-01   1.1091931e-01  -1.3847923e-01   3.9626043e-01  -7.6342833e-02  -2.4976308e-01  -2.5832706e-01  -2.0644935e-01   2.0955964e-01  -4.5001782e-02  -1.5403050e-01   9.2444321e-02  -3.7093262e-01  -2.1148653e-01  -3.8408743e-01  -2.5731988e-01  -1.9663526e-01  -1.6047118e-01   1.8333734e-02  -4.0686744e-01   1.3748448e-01   3.7272776e-01  -2.6554820e-03  -2.4344733e-01  -1.5511982e-01   1.6853650e-01   4.8447481e-01  -4.8815776e-03   8.3911857e-02  -1.4881872e-01  -1.4879893e-01   3.8866198e-01  -1.7704969e-02  -2.6333191e-01   4.0719562e-01   5.6928585e-02   5.7507677e-02  -1.3564194e-01  -3.4688163e-01   2.9665713e-01   2.2674525e-02   5.3161848e-01  -3.0646864e-01  -1.1688122e-01   2.9947486e-01  -1.5143229e-01  -1.1952216e-01  -1.7318388e-01  -1.9255326e-01  -2.9748155e-01  -5.4598603e-02   1.7854857e-01  -1.3110287e-01   1.4532198e-01   6.5900547e-01   3.0342039e-01   3.4245483e-01  -4.7587705e-03  -4.1943701e-01   8.0866221e-02  -1.3777569e-01  -2.2578650e-01   6.4554051e-01  -2.4287814e-01   1.1719154e-01  -1.3710093e-01  -1.5420770e-01  -3.6595700e-01  -1.8409215e-01   1.6080847e-01   3.9388189e-01  -7.3528267e-02  -4.9331779e-01  -1.2468316e-02   2.6976899e-01  -1.0879009e-01  -2.1481583e-01  -3.8242693e-01   1.1543448e-01  -2.3883454e-01   3.9265972e-01  -1.8894617e-01   3.9585258e-01  -7.4469552e-02   2.8264912e-01   3.3787633e-03  -1.2503197e-01   2.7362212e-01  -1.0341995e-01  -1.1568866e-01   1.3444269e-01  -5.0025890e-02  -3.1217452e-01  -3.2578151e-01  -5.2605076e-01   1.6550146e-01  -3.9038922e-01  -2.6811276e-01  -2.3883029e-01  -1.8284497e-01   6.0318557e-02  -1.1570024e-01   2.8598137e-01  -4.9869820e-01  -5.0508476e-03  -2.4427906e-01  -2.4730627e-01   5.1548344e-01  -9.1081585e-02   5.8260963e-02  -2.2406709e-01  -2.2172974e-01  -3.1791877e-01   4.4630269e-01   3.5338740e-01   3.3185644e-01  -1.7176911e-01  -3.0142884e-01  -1.6131101e-02  -1.7042623e-01  -2.4850263e-01   7.2808542e-02  -1.2798288e-01   2.1588622e-01  -5.1752806e-01   1.5357806e-01  -2.6074701e-01  -3.3852650e-01  -2.4413169e-01  -2.1007236e-01  -5.2340885e-01  -3.9477047e-02  -1.3532641e-01  -1.6770771e-01  -3.5205947e-01   4.2590324e-02  -1.1834300e-01  -3.9822611e-01   2.5175085e-01   1.5950103e-01  -1.8346524e-01   2.8420635e-01  -1.8031640e-01  -2.8375876e-01  -3.4111456e-01   4.4781299e-01   6.2961652e-01  -1.3005085e-01  -2.0174399e-01   1.3992745e-02  -6.3174865e-03  -2.7787518e-01   2.0589037e-01  -2.8639025e-01   2.2976898e-01  -3.3663799e-01  -7.0505569e-02   3.0190263e-01   1.1376161e-01  -1.7875257e-01  -3.1303585e-01   3.5883573e-01   3.3103191e-01  -1.8196137e-01   1.3655857e-01  -1.8119642e-01  -2.4091840e-01   1.7380019e-01  -1.0515908e-01
  -1.4801914e-01   1.9562814e-01   0.0000000e+00  -2.4864789e-01   2.4317951e-01   1.6336004e-01   3.0058315e-01  -2.4978869e-01  -2.7967609e-02   3.1579997e-01  -3.3921789e-01   3.1391188e-01   7.5803140e-02  -4.4239620e-01  -4.6777029e-01   2.0566748e-02   9.0784618e-01  -5.2935510e-02  -7.5783896e-02   2.6301449e-01  -3.5163558e-01  -3.4786596e-01   6.5833343e-02  -4.7109927e-01  -3.0398461e-01  -1.2944655e-01   4.8390817e-01  -3.3074400e-01  -1.4349367e-01  -2.1056472e-01  -5.1716395e-01  -3.0843526e-01  -1.2363149e-01   2.5319834e-01   1.0907746e-01   1.7945528e-01  -3.9092411e-02   4.2074634e-01  -1.3502971e-02   5.4171083e-01   7.1327609e-02  -4.2586430e-02   5.2741359e-02  -2.0614024e-01   1.5813166e-01   5.5964726e-01  -1.4037095e-01   3.3488107e-01   5.0629749e-03   6.5788558e-01  -1.6795605e-01  -2.4098518e-01   5.6847330e-02   1.9072663e-01  -7.5051846e-02   4.3896678e-02  -1.9235153e-01  -1.3829373e-01  -2.3470993e-01   1.0506259e-01   6.4474628e-01   1.4974978e-01   2.2380316e-01  -4.0597928e-01  -1.7777721e-01   2.2564670e-01  -1.4161685e-02   1.6201576e-01  -1.9434868e-01   6.5223263e-01   2.9626601e-01   2.4316106e-02   8.9836048e-02  -1.2921616e-01  -2.1871162e-01  -8.0232191e-03   6.3457957e-01   2.0996247e-01   2.0917868e-01  -1.5495296e-01  -1.8192278e-01   3.3569287e-02  -4.1866673e-03  -1.6490332e-01  -2.1395287e-01  -1.5164788e-01  -2.6413052e-01  -3.1726742e-01   8.8369019e-03  -3.0157034e-01   2.3895377e-01   6.7945819e-01   3.0469108e-01   1.3121567e-02   5.9370045e-01   3.9148467e-01   1.6814993e-01  -1.8961796e-01   1.1808697e-01   6.5122367e-02  -1.1097711e-01  -3.4646618e-01  -2.8213099e-01  -4.8928339e-01  -8.3505594e-02  -1.2060644e-01   1.5911257e-01  -8.8143069e-02   8.9242197e-02   6.8149364e-03   1.1765985e-01  -2.9523505e-01   1.5526877e-01   1.2190616e-01  -3.2532455e-01   2.1326321e-01   6.8645250e-02   2.3887788e-03  -5.7624404e-02  -2.4698817e-01   3.4948842e-01   2.7670016e-01  -3.1694978e-02   8.5219355e-02   3.9421432e-01  -3.7660261e-01   2.9583135e-01  -2.3473949e-01   8.2207875e-03   7.2957806e-01   1.3069282e-02   6.9011586e-02  -3.1794596e-01  -1.6122733e-01  -8.0615272e-02  -1.5960689e-01  -1.6380908e-02  -2.9327746e-01  -2.4420555e-01   4.8700398e-02   1.1720164e-01   1.0716783e-02  -9.5147553e-02   4.5728940e-01  -1.1568989e-02  -2.3452762e-01   1.7544923e-01  -5.6031489e-02   2.5067875e-01  -1.7588726e-01  -2.0924454e-01  -3.9504258e-01   2.1189202e-01   1.7312511e-01   4.0836056e-01  -3.8679315e-01   5.3806748e-01  -2.4870572e-01   6.1076597e-01  -3.1817183e-01   8.4266822e-02  -3.1717271e-02   2.4123205e-01  -1.6503787e-01  -1.3732365e-01   2.8310041e-01   1.7813561e-01  -2.4539168e-01   3.0347212e-01   1.0624538e-01   2.6615469e-01   5.7035662e-01  -3.1128058e-02   1.4653430e-01  -2.1340874e-01   3.6719758e-02  -2.0555642e-01
  -2.8981975e-01  -1.4948286e-01  -2.4864789e-01   0.0000000e+00   4.7160919e-02   2.1866777e-01   4.7704791e-02   2.4344739e-01   1.2710268e-01  -1.2149920e-01   3.6068730e-01  -1.7681382e-01   1.8761662e-01  -7.1046415e-02   8.0618152e-02   2.3072927e-01  -2.6622989e-01   3.8643353e-01   1.4220100e-01   7.5295448e-02   2.5417352e-01   5.0515844e-01   2.3049354e-01  -1.5904387e-01   1.3500488e-01   2.8433808e-01   3.3660433e-02   1.9264791e-01  -3.7216351e-02   1.9369777e-01   2.1838190e-01   4.0513753e-01   2.0576636e-01  -1.2063766e-01  -1.3991521e-01   2.4591341e-01  -1.7559410e-01  -2.3381135e-01   1.6902517e-01  -1.5388097e-01   2.2221332e-01   2.2583150e-01  -1.2032981e-01   3.0296133e-01   3.5892078e-02  -1.5240861e-01   5.0734792e-01  -8.3718964e-02  -5.1142563e-02  -2.3809356e-01   3.9713633e-01   3.0272465e-01  -1.6203805e-01   6.1806405e-02  -1.9432322e-01   2.1752162e-01   2.0800376e-01   3.4340096e-01   6.0724121e-01   1.1061095e-01  -1.9753384e-01   7.8856748e-02  -7.8221700e-02   1.0529092e-01   2.5545364e-01  -3.9820488e-02   3.6984912e-01   1.3153794e-01   5.7058411e-01  -2.1886929e-01  -1.6632380e-01   2.4511408e-01   3.8862172e-01  -2.2529763e-01   1.4786245e-01   3.1203218e-01  -2.1478822e-01   9.4466470e-02   8.0321615e-02   3.0128496e-01   1.2520068e-01   1.9462254e-01  -2.7031401e-02   2.3457601e-01  -1.3466813e-01   3.0081517e-01  -9.6236635e-02  -1.6160256e-01   7.3162877e-02  -2.7902085e-01   2.1643851e-03  -1.7332034e-01  -1.9429037e-01   3.2457310e-01  -2.5781004e-01   6.0698928e-03   1.7279082e-01   2.5782088e-01   1.3488803e-01   2.0922314e-01  -1.1434544e-01   1.6932005e-01   5.0841141e-01   1.1196547e-01   4.8325305e-01   5.3383511e-01   7.7300713e-02   4.2530491e-01  -1.0272129e-01   1.3081831e-02  -1.4767590e-01   2.7333746e-01   1.1789183e-01  -3.6979400e-01  -8.7365973e-02   3.6100054e-02   1.4548371e-01   2.4371621e-01  -8.9617343e-02   6.6446102e-01  -1.6943826e-01  -1.2736918e-02  -6.7352900e-02   2.3127722e-01  -2.5562196e-01  -6.6186778e-02   3.2400220e-02   1.2363937e-01   3.0491476e-01  -4.3234282e-01   2.5109097e-01   1.6988939e-01   6.1978829e-02   8.0727213e-02   1.6617526e-01   3.9066385e-01   9.4555369e-02  -2.1765019e-02   4.0261727e-01  -1.1350183e-01  -3.0750000e-01   3.5689193e-02   3.1135128e-01  -2.7018198e-01   1.1041379e-01   5.3311790e-01  -1.7839685e-01   2.7591767e-01   7.3393506e-02  -6.2267939e-02  -2.0403744e-01   2.3809795e-01  -6.0198622e-02   2.0797193e-02  -2.0017864e-01  -9.4602701e-02  -1.7517722e-01   3.8173141e-01  -1.1408343e-01   3.3433239e-01  -6.6631764e-02   4.1682961e-01  -1.8210109e-02   4.9583508e-01   4.2029423e-01  -1.3208821e-01   9.9850321e-02   1.5106512e-01  -1.0722985e-01  -4.1551564e-02  -1.1461578e-01  -1.2455028e-01   4.8068072e-01   1.7436686e-01   2.1066370e-01  -2.5909036e-02   6.2090401e-01
  -3.8954307e-01   1.9626271e-01   2.4317951e-01   4.7160919e-02   0.0000000e+00  -6.6595354e-02   3.6120633e-01  -7.2931210e-03   3.1762911e-01   4.5931738e-01   2.2574628e-01   2.6277706e-01   4.8289883e-01  -5.2425894e-01  -4.0875171e-01   2.4713289e-01   3.7155543e-01   1.9314912e-01   1.6780848e-01   8.8204156e-01  -1.8294494e-01  -1.3432517e-01   8.7758467e-02  -5.2272405e-01   6.7806412e-02   1.5565624e-01   5.8937435e-01  -2.2424132e-01   1.1256553e-01   3.3557975e-01  -2.3875608e-01   2.8563891e-02   1.3482775e-01   3.9302846e-01   3.5021535e-01   7.8916911e-01   7.2399461e-02  -9.3829020e-02   2.9899586e-01   4.1947031e-01   4.9364338e-01   3.2797865e-03   3.8865964e-01  -7.1967220e-02   2.2660573e-01   1.8834765e-01   3.3225628e-01   4.5489120e-01   2.4568066e-01   4.2678043e-01   1.6138170e-01   5.8725136e-02  -1.3190831e-01   1.6785296e-01  -1.3792260e-01  -2.0989553e-02   1.2184407e-01  -7.8980107e-02   2.4300168e-01   2.0693825e-01   1.4041653e-01   4.4133243e-01   3.6370044e-01  -7.9612277e-02   3.4046797e-01   3.5580810e-01  -2.5959599e-02   4.2059447e-01   2.2419398e-01  -1.3975202e-01   2.2280094e-01   2.9644083e-01   4.5370510e-01  -5.2589049e-01  -4.7749049e-02   4.3982260e-03   1.7894642e-01   2.9400608e-01   5.6845505e-01   1.1645158e-01  -3.4609768e-01   2.6545766e-01  -7.2576226e-02   1.6650909e-01  -6.0561534e-01  -6.0637023e-02  -2.3431471e-01  -4.8914318e-01   2.1010138e-01  -4.6216143e-01   7.5353618e-01   7.7123774e-02   2.9153876e-01   3.5906328e-01   1.5523992e-01   8.1698643e-01   3.0087900e-01   1.3527909e-01   4.7250368e-01   4.5412705e-01  -3.6811267e-01  -3.2103149e-01  -1.3123226e-01  -2.7941486e-01   1.0151885e-01   5.0814996e-02   3.7267612e-02   2.2907958e-01   2.1969880e-01   1.6387340e-01   8.9175171e-02  -2.8606815e-01   2.0554429e-01  -2.0967523e-01  -4.8248786e-01   6.1269445e-01   1.5109704e-01   5.5192766e-01  -4.2723875e-01   1.1263268e-01  -9.3993344e-02   7.3620684e-01   1.1334623e-01   5.4077822e-01  -6.2944212e-02  -4.9002875e-01   2.4793093e-01   1.7829195e-01   1.3059470e-01  -4.5786965e-02   3.6337121e-01   4.9597663e-01  -3.8387779e-01  -6.1255214e-02  -1.1491927e-01   1.0863290e-02   4.3982333e-02  -4.3178879e-01   4.4523815e-02  -2.2839658e-01  -1.2597553e-01   1.2120556e-01   4.6681125e-03   4.0853346e-03   1.0344027e-01  -2.0738607e-01  -3.9175916e-02   6.2661454e-01   3.1686214e-01  -1.7644945e-01  -5.2586538e-01  -3.0261654e-01  -1.4197121e-01   4.7254930e-01   2.5040020e-01  -4.1307480e-01   1.6893807e-01   1.8153478e-01   1.8738525e-01  -1.1854440e-01   4.3564471e-02   3.1464464e-02   4.0638062e-01   1.6319070e-01  -2.3775236e-02   2.8458481e-01   5.1367052e-01  -9.4975207e-02  -8.4918834e-02   1.0756395e-01   6.4330985e-01   2.3840093e-01   5.4025923e-01  -1.2478581e-01   3.8772006e-02   4.5955768e-02   1.3609509e-01
  -8.0073702e-02  -4.1595434e-01   1.6336004e-01   2.1866777e-01  -6.6595354e-02   0.0000000e+00   3.0246315e-02   1.6685489e-01  -4.2584060e-01  -8.0325779e-02  -2.4915561e-02  -1.1800054e-01   1.2867211e-01  -9.5720531e-02  -8.4643607e-02   2.3298507e-01   1.7012008e-01   5.0334626e-02   2.1776553e-01   7.2832856e-02   5.4523143e-02   1.0709459e-01   4.0483713e-01  -1.6095593e-01   1.9844400e-04   3.7035579e-01   2.9928055e-01   3.0758729e-01  -1.0079465e-01  -4.8420078e-01  -2.6889537e-01   6.2662107e-02   1.6323088e-01   4.1388039e-02  -2.8583314e-01   1.5162367e-01  -1.7270812e-01  -2.4030876e-02   2.4723027e-01  -1.0124152e-01   7.5295339e-02   1.1473234e-01  -2.3019342e-01   9.6331198e-02  -1.9909305e-01   2.1602516e-01   3.2878815e-01  -5.0869836e-02  -1.8693678e-01  -1.2694436e-01   1.9663022e-01   2.0518425e-01  -3.1873651e-01   1.8112405e-01  -4.1087481e-02   4.6800418e-01   4.0121266e-01   3.4041784e-01   1.6983166e-01   4.6716400e-02   2.0247223e-01  -2.0485651e-01  -3.2233896e-01  -5.4577778e-01  -2.2507874e-01   1.5695169e-01   6.7479424e-01   8.6867978e-02   3.5260595e-01   3.8223604e-01  -3.3963438e-01   3.0150343e-01   8.7936896e-02   1.7202661e-01  -1.1198050e-01   3.7648955e-01   2.8843623e-01   1.3231047e-02  -4.6778591e-02   7.6667050e-02   3.1431006e-01  -7.5974430e-02   3.9641736e-03   2.5335029e-01   2.0297167e-02   3.7496124e-01  -3.3875971e-01  -2.9888825e-02  -1.9418358e-01  -1.5492462e-01  -4.6905784e-02   2.4284740e-01   9.6896329e-02   1.9254839e-01   1.2704724e-01   4.6254599e-02   2.7484555e-01   3.0857621e-01  -3.6594117e-02   2.1909049e-01   1.2950160e-01   1.8138849e-01   3.6133669e-01  -1.8694883e-01   4.7103149e-01   3.7700383e-01   2.0019985e-01   5.2552729e-01  -1.5370817e-01   3.3883046e-01  -7.8514855e-03   3.4228591e-01   1.8144408e-01  -9.4178287e-03  -1.5106246e-01  -2.0137130e-01   2.6827636e-01   1.0110118e-02   2.8105605e-01   2.5770491e-01   2.3751190e-01  -3.0767520e-02  -4.1258491e-01  -6.0139627e-02   1.4697167e-01   6.9394425e-02   2.9633250e-02   4.9527598e-02   3.4191339e-01   9.4511259e-02   1.4967206e-01  -1.0288713e-01   4.0968535e-01  -3.3745131e-01   2.6864552e-01   3.0653835e-01   3.8614881e-02  -2.9567627e-02   4.2557166e-01  -1.8536779e-01   6.8273411e-03   8.8841406e-02   4.4446645e-01   2.4898852e-01   1.4899197e-01   3.5593965e-01  -2.2294508e-01  -5.4864929e-02   4.4557213e-01  -2.4779409e-01   3.6285125e-02   5.5165142e-02   2.7821192e-01  -1.3522532e-01  -1.9946279e-01  -2.3278634e-01   2.6235952e-01   1.4310300e-02   1.1662180e-01   1.9277329e-01  -4.4831959e-02   4.3466688e-01  -1.6964820e-01   3.2329171e-01   1.8214518e-01  -3.4842242e-02   4.1434907e-02   4.7349767e-02   3.0981057e-01  -1.2341659e-01  -7.2595728e-02   2.5973705e-01   2.5158249e-02   6.8261722e-01   8.4006609e-02  -1.2012464e-01   2.8266686e-01
  -4.7966776e-01   1.0539793e-01   3.0058315e-01   4.7704791e-02   3.6120633e-01   3.0246315e-02   0.0000000e+00  -3.3282954e-01   2.2892177e-01   5.3796640e-01   1.1101986e-02   6.4478635e-01  -1.4866326e-02  -4.6156844e-01  -3.6891822e-01   1.2306337e-01   2.8173069e-01  -2.0105542e-02  -3.5491841e-02   4.3833943e-01  -3.8385372e-01  -2.3177989e-01   6.9617794e-03  -4.0497473e-01  -2.3420577e-01  -2.0690911e-01   5.1020746e-01  -2.3253419e-01  -3.2868249e-02   7.3714747e-02  -3.8430249e-01  -1.2253183e-01  -9.9194529e-02   3.3076360e-01   2.7093676e-01   5.3697641e-01  -2.3189981e-01   9.4081759e-02   3.7263274e-02   4.1358539e-01  -2.4143045e-03   3.0957196e-02   2.0994780e-02  -9.7854639e-02   4.6588215e-01  -2.1931457e-04   1.3116383e-01   5.0062037e-01  -1.0456173e-01   3.5875819e-01   3.6939393e-02  -1.6341570e-01   1.2194606e-01   7.8330803e-02  -2.8487531e-01   2.7130053e-02  -1.0652057e-02  -1.7024266e-01  -5.3214427e-02   9.1268544e-02   8.6209134e-02   4.3708228e-01  -2.2951040e-02  -2.2034366e-01   1.5380287e-01   5.6195203e-01  -2.5149850e-01   2.1226995e-01  -4.2523807e-02  -5.5554036e-02   3.5274980e-01   1.2540353e-01   2.3798925e-01  -2.4885673e-01  -6.9230163e-02  -9.1912531e-02  -2.6283729e-02   9.5049268e-02   6.1881588e-01   1.0705785e-01  -9.2254932e-02  -1.9841500e-01  -1.6285915e-01  -3.1320236e-01  -5.0427076e-01  -1.7736806e-01  -2.5911995e-01  -3.5178972e-01  -8.1684369e-02  -4.2500369e-01   3.9198290e-01  -1.2219312e-02   3.7772938e-01  -4.7192536e-02   9.3270596e-02   3.6462814e-01   4.5730750e-02  -2.9869422e-01   1.9397765e-01   5.1454943e-01  -5.3419284e-01  -1.0888838e-01  -2.6908171e-01  -3.5838722e-01  -4.5716291e-03  -2.4101909e-01  -1.3973897e-01  -2.0846832e-01  -6.5531201e-02   7.8959200e-02   2.8829304e-01  -2.1389405e-01  -1.7507935e-02  -3.4887759e-01  -2.4906612e-01   3.7775443e-01  -9.8104807e-02   1.2664347e-01  -1.7497180e-01  -1.2195173e-01  -2.4228431e-01   4.5114221e-01   6.0460357e-02   4.4704869e-01  -2.2445089e-01  -2.7816525e-01   3.1854974e-01  -2.1499358e-01  -2.2650281e-01   9.0523302e-02   5.9466458e-02   4.1700621e-01  -4.9347767e-01  -1.2761056e-01  -2.4901081e-01  -1.5761510e-01   5.9912559e-02  -3.6165478e-01  -1.8517644e-01   2.5512116e-02  -3.3729274e-01  -1.8152154e-01  -3.3308433e-01   3.2137422e-01  -3.1097583e-02  -3.1512396e-01   3.7967701e-01   3.7673063e-01   5.2239195e-01  -1.5334291e-01  -3.7088474e-01  -4.0182189e-01  -2.0186171e-01   2.7152325e-01   5.0329530e-01  -2.2529377e-01   1.5850961e-03   1.5089065e-01   3.5663760e-02  -1.4161759e-01  -9.0111213e-02  -2.5738205e-01   4.1983432e-01  -1.3279737e-01  -1.3704100e-01   3.7143332e-01   4.9351384e-01  -3.3580395e-01  -2.0666212e-01  -8.2440674e-03   4.4307013e-01   9.8784740e-03   1.3997334e-01   4.8777907e-02  -1.7518349e-01   1.0058799e-02  -1.8290196e-01
   1.0319323e-01  -1.0064088e-01  -2.4978869e-01   2.4344739e-01  -7.2931210e-03   1.6685489e-01  -3.3282954e-01   0.0000000e+00   2.0624691e-02  -2.6569631e-01   1.7135951e-01  -3.9212910e-01   2.1852610e-01   1.5993710e-01   1.8507476e-01   2.4224759e-01  -2.2628150e-01   1.5467473e-01   1.0070270e-01  -1.2637574e-01   2.6481190e-01   4.5467936e-01   1.5162825e-01   2.5220094e-02   2.6428819e-01   5.5659744e-01  -1.1030633e-01   4.2485124e-01   3.7521019e-02  -6.9502673e-02   2.2081539e-01   4.1645900e-01   1.9838020e-01  -4.4674999e-02  -1.6970117e-01  -3.0092419e-02   4.1578596e-02  -2.0873029e-01   2.9683517e-01  -2.4520564e-01   1.2619002e-01  -5.0555505e-02  -6.9324257e-03   4.7087353e-01  -1.8961099e-01  -6.0246721e-02   3.2524975e-01  -2.3143101e-01   1.3038544e-01  -3.0855211e-01   6.4935667e-02   6.1462961e-01  -1.3573748e-01   1.0431622e-01  -2.0039829e-02   3.1170794e-01   2.4022376e-01   3.2334128e-01   3.1344580e-01   2.1374816e-02  -1.7183707e-01  -8.9210621e-02   1.7632506e-02   1.0637645e-01   5.3103685e-02  -2.1259670e-01   3.8374455e-01  -7.4461816e-02   4.4674096e-01  -1.3967763e-01  -2.0254619e-01   4.9438142e-02   6.6133871e-02  -3.5313855e-02  -1.4753997e-01   4.1576579e-01  -6.4037575e-02   3.8724114e-01  -7.3094909e-02   5.3561598e-02   3.1631938e-01   2.6999241e-01   2.2143560e-01   7.4812514e-01   9.2342823e-02   3.4668522e-01   1.2617582e-01   1.9843927e-02   1.3996106e-01   7.3098988e-03  -1.7250688e-01  -1.6181926e-01  -1.4900055e-01   2.5554665e-01  -1.4094528e-01  -6.8690965e-02   1.3611004e-01   3.7352222e-01   4.5172390e-02  -1.5719060e-01   1.9562012e-01   3.3040814e-01   4.4064085e-01   1.8706320e-01   1.5815650e-01   5.1357928e-01   2.2849766e-01   4.9116442e-01   1.7223352e-01   1.2918854e-01  -2.0394669e-01   2.4563365e-01   2.3646503e-01  -1.0467456e-02   3.8547268e-02   4.0086404e-02   3.4390991e-01   8.2236074e-02  -1.1325696e-02   3.5641664e-01   8.9666254e-02  -1.6352324e-01  -2.1069068e-01  -1.3089525e-01   6.7884911e-03   9.8063803e-02  -2.5080498e-01   9.1244903e-02   4.5020676e-01  -3.3033758e-01   2.8870831e-01   6.3873234e-02   2.9425123e-01   3.1443072e-02   3.0314902e-01   5.7658032e-01  -1.4854884e-01   2.2863308e-01   3.7522435e-01  -2.9152375e-01  -2.6755337e-02   1.5507179e-02   5.1519561e-01  -3.8179005e-01   7.9349827e-02   4.0445171e-01  -2.4583600e-01  -1.7264059e-02  -1.3773458e-01   1.0724342e-01  -6.1660666e-03   5.1263316e-01  -1.7078912e-02  -3.1264951e-04  -4.0735249e-01  -1.3899715e-01  -6.0639400e-02   1.7862921e-01  -1.7187689e-01   6.0228292e-01   1.6217041e-02   5.1676194e-01  -1.7989213e-01   2.6061439e-01   7.9509987e-02  -9.7870881e-02  -2.0302067e-01   4.4464755e-01   8.5885490e-03   1.4781093e-01  -1.0845714e-01   1.2290921e-02   7.5460589e-02  -4.7103547e-04   9.8779740e-02  -2.0343412e-01   4.6672798e-01
  -2.0926024e-01   5.8183433e-01  -2.7967609e-02   1.2710268e-01   3.1762911e-01  -4.2584060e-01   2.2892177e-01   2.0624691e-02   0.0000000e+00   3.2131765e-01   2.6018751e-01   2.6516621e-01   1.7695919e-02  -1.7138275e-01  -1.0457185e-01   6.9212629e-02   1.0897562e-02  -1.0732301e-02   1.3131052e-01   1.7193294e-01  -1.9614708e-01   2.7791757e-02  -3.4218439e-01  -2.1738479e-01   8.7060031e-02  -8.4257833e-02   4.4697733e-02  -3.7756468e-01   2.0116232e-01   6.9789350e-01   1.2336413e-01   1.9489825e-01  -2.6976513e-02   8.1848721e-02   5.8477305e-01   2.0433792e-01  -4.4092263e-02  -2.2928476e-01   2.6712045e-03   2.2498586e-01  -6.9929880e-03  -1.9784466e-01   5.5868704e-01   2.4893512e-02   1.4259366e-01  -1.9766955e-01  -7.2232085e-02   3.3750669e-01   9.8745213e-03   2.0719019e-01  -5.9365494e-02   5.4495837e-02   2.6292292e-01  -2.0680555e-01  -2.0767707e-01  -2.6380865e-01   1.5887494e-01  -4.0075267e-01   1.1979387e-01   7.9637903e-02  -3.9553017e-01   3.1361669e-01   6.0986612e-01   5.1403601e-01   4.2864300e-01   2.2980492e-01  -3.6717934e-01   1.7695063e-01   1.7896186e-02  -4.3615359e-01   3.5633928e-01  -1.4540277e-01   2.7797204e-01  -3.9187608e-01   1.3941683e-01  -2.0384407e-01  -3.3761070e-01   1.8246296e-01   5.1705118e-01   1.2994735e-01  -4.2666631e-01   1.5123053e-01   1.1124096e-01   1.1072521e-01  -3.6344499e-01  -4.0125981e-01   2.0151428e-01  -3.6589164e-01   4.0096532e-01  -2.2106149e-01   4.9298296e-01  -4.8030704e-01   8.8388129e-02   1.5634742e-01  -2.7976010e-01   2.3919333e-01  -6.9040822e-02   1.8160595e-01   1.5704135e-01   1.6302884e-01  -4.9368271e-01  -6.1623433e-02  -3.3107075e-01   2.7099101e-01  -4.0784643e-01  -1.7488925e-01  -2.0445954e-01  -5.8040584e-02   1.0398973e-01   3.5243620e-02   1.2132416e-01  -5.4420724e-01   1.8594380e-01  -2.5752808e-01  -2.4862586e-01   4.9211236e-01  -2.9451248e-02   2.7063263e-01  -4.5074044e-01  -2.4020643e-02  -3.5091221e-01   4.2631384e-01   4.9160159e-01   4.3320582e-01  -2.4421417e-01  -2.8696827e-01  -1.9556559e-01  -1.3793808e-01  -2.0269050e-01  -2.7857022e-01   6.4492442e-02   4.2551168e-01  -4.9901715e-01   1.7745800e-01  -1.8314188e-01  -1.1043111e-01  -2.7338334e-01  -2.4513422e-01  -2.1610935e-01  -1.6026299e-01  -2.3313155e-01  -7.5985750e-02  -2.9839555e-01  -2.6201785e-01  -2.9819301e-01  -2.9059689e-01   1.3676852e-01   4.9359063e-01  -8.5425602e-02   2.8110051e-01  -4.0206324e-01  -1.1832390e-01  -5.2044528e-01   5.0246020e-01   4.0716108e-01  -1.0384882e-01  -3.3468807e-01   2.1995029e-01  -3.5143607e-01  -1.3673961e-01   2.7609657e-01  -1.6510121e-01   3.3020806e-01  -1.2157246e-01  -4.1407180e-02   2.4905810e-01   2.1000539e-01  -1.3694635e-01  -4.4380010e-01   1.6653636e-01   4.2744687e-01  -2.6143186e-01   4.0020265e-01  -3.6646455e-01  -8.5232253e-02  -4.5018909e-02   7.1467373e-02
  -2.9345932e-01   1.1091931e-01   3.1579997e-01  -1.2149920e-01   4.5931738e-01  -8.0325779e-02   5.3796640e-01  -2.6569631e-01   3.2131765e-01   0.0000000e+00  -1.4251095e-01   3.7603601e-01   2.2500961e-01  -3.3356719e-01  -2.0892659e-01   5.3400697e-02   3.1147154e-01  -1.7485709e-01   1.2681776e-01   4.0775427e-01  -3.1709415e-01  -3.3500391e-01   2.5205878e-02  -2.9722579e-01  -1.5685752e-01  -1.5170780e-01   3.1655873e-01  -2.2121965e-01   1.9055279e-01   1.8315833e-01  -1.9568104e-01  -7.9966976e-02  -9.3782069e-02   4.6155225e-01   3.4365311e-01   3.8293157e-01   1.5800737e-01   9.3417545e-03   2.3188343e-02   5.5293206e-01   1.0145648e-01  -1.3864943e-01   2.5348934e-01  -1.9215268e-01   3.4162998e-01  -4.1636183e-03  -4.0272752e-02   4.4740637e-01   5.7089744e-02   4.6052679e-01  -7.0819305e-02  -9.6979456e-02   2.7982170e-01  -5.3338623e-02  -1.7138720e-01  -7.4781498e-02   8.7610829e-02  -3.4197476e-01  -8.4520370e-02   6.1170101e-02  -1.7521408e-02   3.6900873e-01   1.5519705e-01  -2.0714379e-02   4.6586568e-02   5.7999153e-01  -2.5557048e-01   2.5535177e-01  -1.0029236e-01  -3.7278752e-02   3.3575780e-01  -2.0060499e-02   3.2983526e-01  -3.5141764e-01  -1.2728442e-01  -6.5537479e-02  -5.3542017e-02   4.5596176e-02   4.4550764e-01   4.9174158e-02  -1.2987124e-01   1.7938613e-02  -4.5085197e-03  -1.3681341e-01  -4.1399306e-01  -1.7863443e-01  -7.1040902e-02  -2.0999608e-01   1.2386465e-02  -2.7797990e-01   4.0249330e-01  -8.6050033e-02   3.2342565e-01   6.8988909e-02   7.2107839e-02   4.6390418e-01   7.0938727e-02  -9.2576470e-02  -4.2863713e-03   4.5670111e-01  -3.8398581e-01  -1.7110440e-01  -3.6341026e-01  -2.3697666e-01  -2.4073008e-01  -2.5304600e-01  -2.6350789e-01  -1.3372970e-01   8.3539678e-02   1.3020584e-01   3.7587558e-01  -3.8739002e-01  -3.6250373e-03  -1.8789880e-01  -1.7190469e-01   4.0411123e-01  -3.9828037e-02   2.8545827e-01  -2.4425761e-01  -1.5193377e-01  -3.0352394e-01   3.3264682e-01   1.2731142e-01   3.4877258e-01  -1.9715773e-01  -2.7618844e-01   1.2178800e-01  -5.9927215e-02  -1.7997364e-01   1.6184033e-01   9.6530197e-02   4.1423265e-01  -4.5251790e-01   4.5563719e-02  -2.7795631e-01  -1.1360089e-01  -3.8576089e-02  -1.5569986e-01  -2.4778732e-01   2.6056215e-02  -1.8586044e-01  -7.3701818e-02  -3.3300192e-01   2.0095162e-01  -9.7238284e-03  -3.7167318e-01   4.2974546e-01   3.8157549e-01   3.8533845e-01   5.5894448e-02  -3.0994423e-01  -2.8360241e-01  -3.4470245e-01   3.0241157e-01   4.9873713e-01  -2.2456428e-01  -3.2085334e-02   6.5990322e-02  -3.3652460e-02  -2.2565669e-01  -8.0522123e-02  -2.8105078e-01   5.3728338e-01  -2.4226313e-01  -2.6980149e-01   3.9248058e-01   2.3569949e-01  -1.9435061e-01  -3.0739022e-01   3.3938796e-02   3.5835447e-01   1.8843617e-02   9.7443078e-02  -2.2851378e-01  -1.8609714e-01  -1.4245257e-02  -1.9788828e-01
  -1.4835862e-01  -1.3847923e-01  -3.3921789e-01   3.6068730e-01   2.2574628e-01  -2.4915561e-02   1.1101986e-02   1.7135951e-01   2.6018751e-01  -1.4251095e-01   0.0000000e+00  -7.6456687e-02   3.6478816e-01   1.5167238e-01   2.0801296e-01   2.9894059e-01  -3.4133135e-01   4.1503290e-01   8.2255097e-02   2.2098749e-01   3.0105957e-01   3.8781424e-01   1.5624990e-01   4.5170845e-02   2.4726831e-01   2.5081018e-01   1.8008411e-02   2.7000845e-01  -1.7997268e-01   4.7909962e-01   3.5007127e-01   3.7492537e-01   1.5714113e-01  -1.2203728e-01   2.4638559e-02   3.4466517e-01  -2.4864746e-01  -3.1587517e-01   2.6136150e-01  -3.5339284e-01   3.7133378e-01   1.2650673e-01   8.3777091e-02   2.6208794e-01   1.7709920e-01  -2.2085498e-01   5.7134302e-01   3.4381583e-02   1.5505723e-01  -3.3436262e-01   4.0183387e-01   2.7607297e-01  -1.6638007e-01   1.3144296e-01   1.3250638e-01   2.1253308e-01   1.4245822e-01   2.2298815e-01   4.6407875e-01   1.2878297e-01  -2.4473314e-01   2.7132653e-01   8.6865775e-03   3.4159730e-01   4.3764523e-01   3.9683670e-02   1.2038355e-01   5.7657127e-02   4.2808338e-01  -2.4545210e-01  -2.7147801e-01   2.4740165e-01   2.9431064e-01  -1.1613283e-01   1.9115760e-01   1.5363966e-01  -2.0344803e-01   1.5220496e-01   1.6587432e-01   1.9312872e-01   1.8375957e-01   2.1270724e-01  -1.7978674e-02   2.7138863e-01  -1.2904128e-01   1.3734989e-01  -2.2589411e-02   2.9786789e-02   1.1918482e-01  -1.2090919e-01   1.9472720e-01  -3.1814075e-01  -2.0151811e-01   3.0027004e-01  -2.9652471e-01   1.5544303e-02   1.4650753e-01   2.7498312e-01   3.6266617e-01   4.6990386e-02  -2.7717075e-02   4.1466062e-01   4.0536144e-01   2.2851157e-01   2.1054184e-01   2.8133293e-01   1.0387700e-01   3.0295229e-01   4.5789252e-02   1.2487033e-01  -1.3588276e-01   2.5824282e-01   1.7750653e-01  -2.0351969e-01   2.5743191e-02   2.6502181e-02   2.7394111e-01   3.0561505e-01  -5.5299052e-02   3.9640638e-01  -1.3653316e-01   5.0932662e-02   2.2925229e-02   3.0788898e-01  -2.8750628e-01   1.2692345e-01   5.9647353e-02   8.9942850e-02   1.9954309e-01  -4.9066416e-01   3.3176269e-01   3.5216432e-01   1.5872723e-01   6.1589015e-02   1.1398900e-01   2.5248192e-01   7.0959069e-02  -6.2224617e-03   4.0945072e-01  -1.8091877e-01  -2.6947295e-02   2.2832199e-01   3.2181044e-01  -3.8584508e-01   1.2638542e-01   3.1729364e-01  -3.0789066e-01   5.0130546e-01   5.1738097e-02  -2.7987789e-01  -1.1557786e-01   2.6829093e-01  -1.0864873e-02   3.6870583e-01  -3.6056369e-01   8.5890930e-03  -2.7609381e-01   4.4885407e-01  -2.9094644e-01   3.8570647e-01   4.8040116e-02   3.7855504e-01   3.4305189e-02   4.1921210e-01   2.2706968e-01  -2.6307848e-01   3.5561340e-01   1.6311070e-01  -1.2303556e-01  -8.0899741e-02   5.2183626e-02  -2.4215988e-01   5.1795841e-01  -5.1503731e-02   1.0881174e-01  -1.5234599e-01   3.4948699e-01
  -4.7649658e-01   3.9626043e-01   3.1391188e-01  -1.7681382e-01   2.6277706e-01  -1.1800054e-01   6.4478635e-01  -3.9212910e-01   2.6516621e-01   3.7603601e-01  -7.6456687e-02   0.0000000e+00   2.9128050e-02  -3.4968452e-01  -2.8009082e-01   8.2748351e-02   2.3662326e-01   1.1963980e-02  -1.7434219e-01   3.8717028e-01  -3.3527004e-01  -2.6732047e-01  -3.3427475e-02  -2.8779232e-01  -3.6926767e-01  -2.5597189e-01   3.8102737e-01  -1.9478379e-01  -9.6430501e-02   2.7114559e-01  -1.6642475e-01  -3.2804369e-01  -1.0437149e-01   3.6464172e-01   5.7224793e-01   2.6737203e-01  -1.2169970e-01  -1.3893819e-01   3.7492733e-02   5.0989015e-01   1.1395166e-01   3.7574437e-02   3.1821748e-01  -5.2061887e-02   4.8752805e-01  -2.3972302e-01  -1.4303404e-01   6.5896827e-01  -8.8958378e-02   5.9127610e-01  -1.2903808e-01  -2.5179078e-01   1.7059641e-01   4.5891287e-02   6.2538842e-02   1.3030249e-02  -1.8095830e-01  -1.1491399e-01  -5.1885411e-02   4.6245800e-01  -1.0317330e-01   4.3991727e-01   2.6417350e-01  -3.5999980e-02   2.8202553e-01   4.2399820e-01  -4.5792860e-01   6.3331098e-02  -1.4961427e-01  -1.4628151e-01   4.8956785e-01   5.2556095e-03   1.9462575e-01   1.4261421e-01  -5.2691868e-02  -1.9146001e-01  -2.2312613e-01   1.6631422e-01   5.4936425e-01   8.1152634e-02  -1.7458982e-01  -3.1254486e-02   3.0746139e-02  -3.4264992e-01  -4.5702107e-01  -1.7860635e-01  -1.1369757e-01  -9.5073788e-02   1.4260240e-01  -3.4395479e-01   4.6411395e-01  -6.3253650e-02   3.4798619e-01   6.7256516e-02  -1.2628824e-01   3.3489841e-01   4.1463316e-02  -3.1776256e-01   2.2517656e-01   4.0101789e-01  -3.8338174e-01  -1.1001600e-01  -3.1396686e-01  -7.2781911e-02  -1.7260793e-01  -2.6119403e-01  -3.4705261e-01  -2.3375842e-01  -6.0516103e-02   2.1514062e-02   4.0199874e-01  -1.7653856e-01  -5.6972174e-05  -4.1074300e-01  -2.0975536e-01   3.5516746e-01   1.1906043e-02   1.4533597e-01  -2.2838342e-01  -1.4786883e-01  -4.0096076e-01   4.6063860e-01   2.9851630e-01   4.6535409e-01  -3.6048903e-01  -5.6613373e-02   4.9364756e-01  -1.9983694e-01  -2.6245373e-01   9.9030446e-02  -5.9609950e-02   2.1761246e-01  -4.3464255e-01  -5.2351590e-02  -3.4692276e-01  -3.1826580e-01   1.6893588e-01  -2.2405209e-01  -3.6784825e-01   1.6244223e-01  -2.0106494e-01  -1.6003822e-01  -3.0755387e-01   2.5769038e-01   1.8582956e-01  -3.0927368e-01   3.8997615e-01   3.1020235e-01   4.0217279e-01  -7.5092875e-02  -1.7686602e-01  -3.7695547e-01  -2.0324169e-01   3.2136762e-01   6.5833128e-01  -4.6895189e-02  -2.1773211e-01   8.9929114e-02  -5.7263202e-02  -2.4924857e-01  -4.8509919e-02  -2.2096804e-01   4.7736752e-01  -1.0378460e-01  -5.7913292e-02   3.9569699e-01   5.1421090e-01  -1.9339365e-01  -3.9389649e-01   6.5421365e-02   4.6255664e-01  -1.8834748e-01   1.9583046e-01  -9.7690728e-02  -3.1198466e-01   2.3854337e-01  -2.2227485e-01
  -2.4183516e-01  -7.6342833e-02   7.5803140e-02   1.8761662e-01   4.8289883e-01   1.2867211e-01  -1.4866326e-02   2.1852610e-01   1.7695919e-02   2.2500961e-01   3.6478816e-01   2.9128050e-02   0.0000000e+00  -1.0931792e-01  -9.4321779e-03   3.2804738e-01   8.9973804e-02   3.7975098e-01   2.3850828e-01   4.6376424e-01   2.8580993e-01   2.9047723e-01   3.8539581e-01  -2.4959035e-01   4.7378878e-02   3.9313527e-01   3.0303848e-01   1.1741568e-01  -1.1484496e-01   1.9594381e-01   1.4834311e-01   2.1301499e-01   8.1064597e-02   3.2454409e-01   1.1212180e-01   4.4557929e-01   1.6472803e-01  -2.9953155e-01   4.0785697e-01   9.4109857e-02   7.4895368e-01   3.1376643e-02   1.2542573e-01   2.0944088e-01   3.1116592e-01  -4.1010810e-02   5.1462026e-01   2.3809400e-01   3.5677648e-01   8.6611902e-02   3.3798794e-01   1.8327799e-01   2.4022914e-02   2.4897237e-01   1.7693267e-01   2.6774766e-01   1.4992981e-01   3.1849371e-01   4.6559582e-01   4.0862227e-01   3.6596557e-04   3.2672276e-01   1.3868010e-01   7.2574837e-02   3.0126655e-01   2.9529839e-02   2.0880200e-01   1.8303953e-01   4.4712316e-01  -6.0637412e-02   1.1663079e-02   4.0549147e-01   4.7645901e-01  -2.0561673e-01  -1.2675332e-01   3.1250872e-01   6.0101473e-02   3.5484855e-01   1.5004014e-01   8.0324848e-02   7.2866927e-02   4.2695285e-01   1.8528721e-01   3.1680968e-01  -2.8953234e-01   2.9474741e-01  -4.9318559e-02  -8.5160990e-02   1.1414577e-01  -3.1273457e-01   2.5464652e-01   1.6275183e-02   3.9203329e-02   5.2617069e-01  -6.2296837e-02   3.9166457e-01   5.2746955e-01   3.6716153e-01   3.9503357e-01   3.3238495e-01   2.1371667e-02   4.3531300e-02   3.3769950e-01  -9.1622891e-02   3.6191924e-01   4.1637653e-01   7.6092594e-02   4.8964363e-01   3.2922747e-01   1.9061392e-01   1.5266717e-02   1.9156530e-01   2.6256384e-01  -2.5269921e-01  -2.2639614e-01   2.6136723e-01   2.7882356e-01   6.2888300e-01  -2.3156082e-01   3.8894634e-01  -7.2552848e-02   1.7017683e-01  -2.8660335e-02   2.8009674e-01  -1.7093737e-01  -4.7652597e-02   3.5906580e-01   1.5423220e-01   4.9885299e-01  -1.3604708e-01   5.7373944e-01   4.3106287e-01   1.1173493e-01   5.3810280e-03   2.5895750e-01   3.2756683e-01   1.2422576e-01   4.4537832e-02   3.7422660e-01  -2.4461980e-01   1.0445129e-02   3.6038311e-01   4.3476687e-01  -3.0855561e-01   4.2158676e-01   2.7398057e-01  -1.4896335e-01   3.7520066e-01   1.8747288e-01  -1.9384000e-01  -2.2602178e-01   1.5985275e-01  -3.2319763e-02   3.0154061e-01  -2.1704739e-01  -2.5292893e-01  -4.3803134e-02   3.0929359e-01  -5.9780333e-03   1.9704668e-01   3.1855389e-02   4.6200153e-01   3.9329774e-01   3.5762428e-01   2.2618250e-01   5.6466223e-02   2.1566926e-01   2.1339628e-01  -8.9419921e-02   2.0935966e-01   1.9149133e-01   6.7703461e-02   4.4673007e-01  -1.1860456e-01   5.7208496e-02  -6.3723246e-02   3.9207978e-01
   6.6360844e-01  -2.4976308e-01  -4.4239620e-01  -7.1046415e-02  -5.2425894e-01  -9.5720531e-02  -4.6156844e-01   1.5993710e-01  -1.7138275e-01  -3.3356719e-01   1.5167238e-01  -3.4968452e-01  -1.0931792e-01   0.0000000e+00   7.6282576e-01   6.4079579e-02  -5.7067655e-01   1.6645878e-02   3.5507351e-02  -5.9610203e-01   4.1912974e-01   1.7477233e-01   8.4977955e-02   8.5650566e-01   2.1708942e-01  -7.2257086e-02  -7.5522265e-01   4.0600820e-01  -3.3368101e-02  -1.1958655e-02   6.3794044e-01   1.9833454e-01   1.5940616e-01  -2.5725467e-01  -2.6314773e-01  -5.8523819e-01   5.9016108e-02  -8.6195543e-02  -7.6796563e-03  -4.3649103e-01  -1.3412075e-01   1.1542696e-01  -1.1164635e-01   2.5821519e-01  -1.4013464e-01  -4.2425071e-01  -1.6619819e-01  -3.4238101e-01   6.3711739e-02  -5.7773119e-01   9.9931987e-02  -3.8522360e-03   2.1139014e-01  -2.2936542e-02   5.9017355e-01  -1.7020980e-02   8.1047948e-02  -9.4701983e-03   1.0104769e-01  -2.2219485e-01  -3.8286477e-01  -3.2072856e-01  -2.7433547e-01   4.5686551e-01  -2.1363185e-01  -3.6203714e-01   2.1458452e-01  -5.1549588e-01  -1.3208948e-01   5.4830381e-02  -1.2054310e-01  -3.8448311e-01  -1.8758077e-01   4.1983136e-01   1.6235589e-01   3.5821116e-02  -3.4771310e-01  -1.2010811e-01  -5.9653483e-01  -4.6881843e-02   4.9088509e-01  -1.1592279e-01   2.1105324e-01   1.2097414e-01   6.8559487e-01   2.1067404e-01   5.4574613e-01   7.6616475e-01  -1.4060022e-01   7.2793648e-01  -5.9814795e-01  -3.0312017e-01  -3.0165537e-01  -1.9477158e-01  -3.7406881e-01  -6.8462352e-01  -3.6085387e-01   1.1381096e-01  -1.6455894e-01  -3.5804686e-01   6.5007615e-01   4.9094138e-01   3.2353395e-01   5.4756188e-01  -2.1450089e-01   1.8735253e-02   1.3727719e-01  -1.0527618e-01   2.2046018e-02  -1.3769064e-01  -1.2575140e-02   3.7150350e-01  -3.2553872e-01   2.8996998e-01   7.5806692e-01  -4.9325230e-01  -1.1745162e-01  -2.0334309e-01   4.7296350e-01  -3.9486108e-02   3.9082968e-02  -6.7611507e-01  -1.0809542e-01  -4.0541583e-01  -1.2465376e-01   7.4973028e-01  -2.1683026e-01   1.7328501e-01  -1.6397572e-01  -1.6236443e-01  -4.4823433e-02  -2.2504078e-01   6.3614156e-01   2.9421660e-01  -4.5157335e-02   1.0377587e-01  -6.5244266e-02   7.3083270e-01   1.0525304e-01   3.7409528e-01   4.5428433e-01   1.2238196e-02   1.7213452e-02  -3.9270443e-01   1.1966978e-01   2.8015959e-01   1.0465835e-01  -3.0941555e-01  -3.9515716e-01   2.0348327e-01   7.1947287e-01   6.9589470e-01   2.4466720e-01  -2.9156004e-01  -4.0575112e-01   7.0415073e-01  -4.1115287e-01   1.4789188e-01  -3.0405064e-01   3.2512933e-01  -2.4484009e-01   4.6660546e-02  -1.9366827e-01  -9.0886135e-02  -6.1715267e-02  -3.6481580e-01  -4.5210338e-01   3.9947772e-01   1.1843776e-01   7.1153390e-03  -6.7077828e-01  -3.7466824e-01  -4.4002743e-01  -1.7734559e-01   1.4835992e-01  -3.3387217e-01   6.6542842e-03
