   0.0000000e+00  -1.6418311e-01   1.7062123e-01  -2.7477969e-01   1.8135253e-01  -7.8364564e-02  -3.5565097e-01   8.9603172e-02   3.8971314e-02  -1.3426798e-01   1.8009855e-01  -1.7066687e-01   3.8303828e-01   1.1273372e-01   2.8446964e-02   2.1206171e-02   3.3648917e-01   1.2024249e-01  -7.5846630e-02  -8.0661285e-02  -2.3089774e-01  -7.4372490e-02  -1.2532571e-01   6.3604432e-01  -2.2290187e-01   2.2343378e-02  -1.1884842e-01   6.4237546e-01   3.0453904e-03  -2.5979215e-01   1.6481153e-01  -2.0722840e-01  -8.5048079e-02  -5.2438878e-01  -3.2852233e-01  -1.9605673e-01  -1.8213542e-01   6.2297033e-01   1.7311357e-01  -5.6300053e-02   1.6823756e-01  -3.9750528e-02  -8.0412346e-02   2.1454854e-02  -4.0394095e-01   5.5950146e-02  -2.6855076e-02  -2.5378587e-01   1.6517679e-01   1.3416810e-01  -5.4550131e-02   1.6576359e-02  -3.1493817e-01   2.0357023e-01  -1.2443573e-02   1.9527659e-01   7.3393831e-02  -7.5711581e-02   7.5141408e-02  -3.0058985e-02   5.2353075e-01   1.8513271e-04   1.4482849e-01   8.8387209e-03  -6.2561369e-02  -1.3341888e-01  -1.4167164e-01  -2.3256573e-01  -1.5281778e-01   1.3309004e-01  -1.3740860e-01  -1.1707254e-01   4.3254746e-02   1.9255043e-01  -1.1360428e-01  -7.1709976e-02   3.5776497e-01  -6.0542591e-02  -5.5715400e-02   7.1648731e-02   1.7878599e-01   4.4708668e-02  -2.7475051e-01   1.7682210e-02   5.5473141e-01   2.0891738e-02  -1.2537130e-01  -7.3232929e-02  -7.4723425e-03   8.8428758e-01   9.7181660e-02   4.0264825e-01  -2.3159325e-01  -7.3214435e-02   4.0939647e-01   1.2757188e-01   1.2067083e-01  -2.0672783e-01   5.4757843e-02  -4.2706543e-01   2.7917551e-01  -2.5457654e-01  -3.1971296e-01   1.0689349e-01  -2.4830148e-01  -1.5874545e-02   2.5080156e-01  -1.2891692e-01  -4.9226935e-02  -1.4643191e-01  -3.2558598e-01  -1.9789899e-01  -5.5866206e-02   8.0599335e-01   3.8416275e-01  -2.9629439e-01  -1.2991804e-02   1.0242149e-01   3.3348804e-01  -9.6371930e-02   4.8981702e-01   1.4443619e-01   5.7551689e-02  -7.7092955e-02   2.5679510e-01  -1.9892447e-01  -2.9097817e-01   5.3373248e-02  -5.3022248e-02   2.7631211e-02   7.9723879e-03  -3.5318074e-01  -1.4651430e-01  -2.4163592e-02  -3.5051616e-03  -7.7114645e-02   3.7166719e-03  -1.4887660e-01  -4.9159326e-02   6.6675741e-01   4.6801125e-01   2.4791484e-01  -1.7313236e-02   6.0161407e-02  -3.2079226e-01  -4.6647315e-01  -3.1081380e-01   1.2538956e-02  -4.4689523e-02  -2.8476874e-01   6.7750901e-01   7.4898818e-02   3.9114085e-01  -1.6473158e-01   7.1874873e-02   7.0593150e-01   4.4856108e-01   1.4245938e-02   4.1142959e-01   1.1439451e-01  -1.8238909e-02   6.6490396e-02  -2.5537160e-01  -2.3373053e-01  -1.9215305e-01  -2.5302372e-01  -2.5653999e-01   4.8571596e-01   5.5714267e-01   4.5792779e-02  -2.1314542e-01   2.0011152e-01  -2.5567835e-01   1.6471844e-01  -1.1416845e-01   1.1898679e-01  -1.0321918e-01
  -1.6418311e-01   0.0000000e+00  -1.0905327e-02  -1.4163042e-01   1.8950782e-01  -3.8764711e-01   2.4953255e-02  -1.1721976e-01   5.3435751e-01  -2.4943631e-01  -2.7430995e-01   5.1718765e-01  -3.1262401e-01   7.4919608e-02  -8.5627422e-02  -4.8572440e-02  -1.0229531e-01  -3.0096410e-01   5.4242654e-02   1.8213064e-01   1.1412138e-01  -5.6585189e-01  -2.0418465e-01  -3.0048439e-01  -4.7318261e-03  -6.5132515e-02   2.8942706e-01  -2.1645847e-01  -3.9193190e-02  -2.9608732e-03   1.1504057e-01  -1.8104871e-01   7.2441305e-02  -3.2964057e-03   6.1940298e-01   2.2935841e-01  -2.2442339e-01  -1.4116592e-01  -6.6672301e-03   3.3361729e-01  -2.9318799e-01  -2.9446843e-02   4.0848506e-01  -2.4113016e-01   4.7752689e-01  -1.1892859e-01  -2.9028836e-01   4.8089495e-01  -1.0826649e-02  -4.6515148e-02  -4.2824950e-01  -1.5651980e-01   4.0366162e-01  -1.2900553e-01  -1.7583317e-02  -2.8966401e-01  -3.7111400e-02  -5.0885936e-01  -1.7004830e-01   7.9423465e-02  -2.8746857e-01   1.3596154e-01   3.7917240e-01   2.5631826e-01   4.2965456e-01   4.9612471e-02  -2.6944661e-01   3.7379071e-02  -2.3976806e-01  -2.3006888e-01   7.3366575e-01  -2.0294484e-01   5.3172377e-02  -3.8124647e-01   1.4008733e-01  -2.6951248e-01  -2.7374815e-01  -2.7844594e-01   6.0459976e-01  -1.5289451e-01  -3.2662216e-01   2.9618112e-01   2.8344175e-01  -1.0250422e-01  -1.7638037e-01  -2.1976227e-01   5.9327307e-01  -3.0436237e-01   2.8402367e-01  -7.4359110e-02   1.7509751e-01  -2.3093836e-01  -5.3252865e-02   1.1943589e-02  -1.6791424e-01   6.7284886e-02   1.2217690e-01   1.3313867e-01   4.1890737e-02   2.7103362e-01  -1.5979828e-01   1.1530156e-01  -2.0611715e-01   5.2145341e-01  -5.4914985e-01  -3.3755259e-01  -8.4687619e-02  -1.6507905e-02  -1.1323034e-01  -3.9359648e-01   2.6612612e-01  -5.0845137e-01  -2.1606232e-01  -9.8028906e-02  -2.6508291e-01   7.2169289e-01  -1.1431863e-01   7.1739906e-03  -3.2985815e-02  -2.0999108e-01  -1.5625053e-01   1.4638994e-01   3.4318653e-01   5.9155891e-01  -6.0850809e-02   8.0549159e-03   6.3366475e-02  -6.0575066e-02  -5.1112052e-01   7.6641828e-02   7.4138524e-02   5.1805128e-01  -2.1066381e-01   2.3389856e-01  -6.8623338e-02  -1.5695747e-01  -2.7805525e-02  -1.3804781e-01  -2.0088725e-01  -8.7805279e-02  -9.2047694e-02  -4.1799475e-02  -2.6512635e-01  -4.2509217e-01   4.7912210e-01   6.8398766e-02   5.6205267e-01   2.6054994e-02  -3.1461202e-01   2.8249094e-01  -1.0675765e-01  -1.5625463e-01  -1.8088200e-01   3.8121341e-01   5.3883200e-01  -5.7194021e-03  -1.8890460e-01  -9.7777437e-02  -2.6773849e-01  -2.8741252e-01   3.9398493e-01  -1.7684979e-01   4.0319933e-01  -4.3457834e-01  -4.2370704e-01   4.7145772e-01   2.5968399e-01  -1.3241976e-01  -1.2610580e-01   2.9503002e-02   5.8623268e-01  -1.4218523e-01  -2.5961163e-01  -2.7980289e-01  -1.8900289e-02  -2.1128985e-01  -4.6501700e-01
   1.7062123e-01  -1.0905327e-02   0.0000000e+00  -1.4726079e-01   2.6397113e-01   3.4648457e-01   2.0156970e-01  -5.8034222e-02  -2.3096373e-01   1.9646332e-01  -2.2941707e-01   4.5109361e-01   3.2630114e-03  -3.8507562e-01  -2.2965128e-02  -1.4071519e-01   8.1328597e-01  -1.5169735e-01  -2.4801523e-02   1.2559949e-01  -3.8897584e-01  -1.5512262e-01  -1.5950404e-01   3.1297795e-01  -2.3659550e-01  -8.4739537e-02   4.8031199e-01   3.3825345e-01  -9.7672287e-02   9.8502719e-02  -3.3098010e-01  -4.2234280e-01  -4.0844087e-02  -1.7713145e-02   1.1726010e-02  -3.1505686e-02  -7.5158318e-02   2.6410430e-01  -1.8141297e-01   3.5953500e-01  -8.4750679e-02   4.1121061e-02   3.0544383e-01  -1.1764116e-01  -1.6400435e-01   3.1084916e-01  -2.2149800e-02  -1.3417905e-01  -2.3241468e-01   6.6269883e-01  -2.4614461e-01  -1.5671088e-01  -6.1257393e-02   8.6607390e-02  -1.6790129e-01   2.2103959e-02  -1.4673208e-01  -1.5625061e-01  -1.9228618e-01   5.0853387e-01   4.4881716e-01   1.1955084e-01  -1.0367729e-02  -2.8007515e-01  -3.2425415e-01   1.0127577e-01   2.9088133e-01   1.2127081e-02  -2.2023712e-01   7.5680403e-01   8.3180194e-02  -7.3831966e-02  -2.2198426e-01   4.1042805e-01  -1.1286002e-01  -3.6880527e-01   3.8686681e-01   7.8938553e-02   3.9852637e-02  -1.0337813e-01   9.7752371e-03  -1.4317239e-01  -2.9505240e-01  -4.6299345e-02  -5.5311664e-02  -2.6080511e-01  -4.3728766e-01   3.0408378e-01   1.7332729e-02   2.5805233e-01  -1.1554638e-02   4.4796126e-01   3.8662455e-01   8.7023901e-02   2.8037723e-01   2.5416010e-01   5.4248323e-02  -1.3337157e-01  -4.3807331e-02  -2.5957207e-01  -8.6669034e-02   8.8572323e-02  -2.8223445e-01  -9.2428460e-02  -1.3147432e-01  -1.2142420e-01   1.2987470e-01  -1.7040062e-01  -3.7148754e-01  -8.4399443e-02   1.6552585e-01  -6.3220528e-02  -1.0028703e-01   2.2259552e-01   7.9668214e-02  -1.2036621e-01  -1.6415041e-01  -1.6767508e-01   4.6805214e-01  -2.9326719e-01   2.9859533e-01   4.1082432e-01   2.4966183e-01  -6.5888993e-02   3.1581659e-01   2.3608878e-01   1.4380937e-01  -8.4569670e-02  -2.6709169e-01   7.4538781e-01  -7.5405564e-02  -1.6392891e-01   9.2946981e-02  -2.2243729e-01   9.2521756e-02  -3.0627160e-01  -9.8741570e-02  -2.1161205e-01  -3.8376009e-01   1.8002478e-01   4.6482204e-02   1.2514682e-01  -2.4831190e-01   4.5717641e-01   7.7588183e-03  -5.9506646e-01   1.5982860e-01  -1.0906884e-02   1.2732297e-01  -3.6217251e-01   3.3466437e-01  -2.7024379e-01   4.0899232e-01   4.8120684e-02   6.4612296e-01   2.2850288e-01   3.8159974e-01  -1.1005898e-01   3.9342529e-01  -1.4973666e-01   2.1792623e-01  -2.0374734e-01  -9.7460105e-03  -2.7841253e-01  -1.9742371e-01   1.9918942e-01  -3.5856537e-03   1.6860171e-01   2.3461957e-01   8.4773995e-02   5.6351578e-02   2.1403288e-01  -1.2067277e-01   2.3087153e-01  -6.8366643e-02  -7.0495194e-02  -1.8432035e-01
  -2.7477969e-01  -1.4163042e-01  -1.4726079e-01   0.0000000e+00  -1.6882028e-01   3.4432004e-02  -1.5438169e-01  -6.5221646e-02  -2.2270162e-02  -1.6591611e-01   5.3930190e-02  -1.9826911e-01  -2.2275278e-01  -6.1057501e-02   7.2967923e-02  -5.5183822e-02  -1.4742974e-01  -1.2449382e-01   1.1238092e-01  -1.0034365e-01  -4.4643950e-02   4.7904930e-01  -1.3615631e-01  -1.8641691e-01   2.3274925e-01   1.0548391e-01  -7.4889441e-02  -2.7627544e-01  -3.3804326e-02   1.4776210e-01   3.4258521e-03   3.9237233e-01   3.9689305e-01  -8.9910715e-02  -1.0680140e-01  -1.2899007e-01  -2.8692255e-03  -2.5026799e-01  -1.3862237e-01  -1.9085534e-01  -1.5011834e-01   1.3563729e-01  -1.8341170e-01   1.9104371e-01   3.5294377e-02  -3.8073424e-02   7.5202753e-03  -3.4021251e-01  -5.6672612e-02  -1.2106443e-01  -3.5540570e-02   1.7315666e-01  -4.0166839e-01  -4.6422834e-02  -1.4162103e-01   6.7373092e-02  -4.5791874e-02   4.6776365e-01   7.4000233e-02  -5.9140822e-03   2.8337532e-02  -9.0292871e-02   8.5912922e-02  -7.7780591e-02  -1.3893415e-01  -3.4800311e-01   1.3173737e-02  -2.3541884e-01   3.0616446e-01  -1.9901766e-01  -2.1860967e-01   6.4082732e-01   5.0331537e-02   4.9818940e-02  -8.4066536e-02   3.1967254e-01  -4.4970143e-02   5.4662828e-02  -4.8986776e-02   3.7677594e-02  -5.3941868e-02   2.4973817e-02  -1.3258262e-01   1.1679736e-02  -5.6720707e-02   2.0351947e-01  -2.0991436e-01   1.2095659e-01  -9.1973940e-02  -2.8189722e-01  -9.0446460e-02  -5.7383229e-02  -4.7312341e-02   8.6899728e-02  -1.3633876e-01  -1.8869981e-01   7.8683535e-02   8.4933310e-02  -2.6492537e-01  -2.5623067e-01  -5.8274829e-02   3.6637364e-02   3.0934903e-01  -2.0821126e-01   3.6358670e-01   2.8920766e-01  -1.9031119e-01   8.6936732e-02   1.3752912e-01   4.9108079e-02  -4.0359311e-02   4.5588854e-01   4.1283849e-01  -3.0766174e-01  -1.7743725e-01  -6.5995071e-02   2.6047207e-01  -6.1447068e-02  -2.8892440e-01   5.7677344e-01  -1.2233372e-01  -7.7158531e-02   4.9728701e-03  -2.6714790e-01  -1.7103990e-01  -8.4615614e-02   1.6287092e-01   1.7855313e-01   4.9679998e-01  -2.6734197e-01  -2.4717165e-01  -1.7775877e-01   2.1261836e-01  -1.8911094e-01   1.2519128e-01   1.0205191e-01   5.0269775e-02  -4.2393627e-02   1.7366527e-01  -1.4228876e-01  -5.7719119e-02  -1.2359378e-01   2.2708072e-01  -8.2246166e-02  -2.4885307e-01   2.6754520e-01  -3.0261370e-01  -2.2657769e-01  -6.2924160e-02  -2.2859305e-01  -3.3224326e-01  -1.9880858e-02   1.9146926e-02  -1.9533831e-01  -2.2187112e-01  -2.8102499e-01  -4.1704131e-03   1.2226002e-01  -7.7691487e-03  -3.0130091e-02  -2.1110135e-01   1.5871050e-01  -3.5517169e-01   4.7883535e-01   4.5732443e-01  -7.9298217e-03  -1.0512099e-01  -2.9314130e-01  -5.4906974e-02  -2.0444143e-01  -9.0910739e-02  -4.9646057e-02   2.8178257e-01   3.1832470e-02   1.5441132e-01   3.2358281e-01   4.4024083e-01
   1.8135253e-01   1.8950782e-01   2.6397113e-01  -1.6882028e-01   0.0000000e+00  -4.1026355e-02   3.6262487e-03  -4.7235568e-02   1.7039710e-01   3.7177662e-01  -4.8010649e-02   3.3597300e-01   2.5958001e-01  -9.8717885e-02  -4.2721357e-01  -6.9431856e-02   3.7951007e-01   1.1681174e-01  -9.4440603e-02   7.8370038e-01  -2.8617959e-02  -1.8336537e-01   1.0310610e-01   2.3452547e-01   4.1114089e-02   4.0856452e-02   5.3840907e-01   1.4654862e-01   2.2075704e-01  -3.1871103e-02  -1.0317021e-01  -3.5171479e-01  -1.0861757e-01  -3.0086024e-02   5.0765361e-02   5.9511525e-01   2.6020148e-01   5.9328327e-03   5.3614834e-02   3.0555241e-01   2.3173748e-01   7.2210462e-02   2.8614290e-01   3.9793733e-02   3.0600909e-02  -2.0595106e-02   3.0414921e-01  -5.8175478e-02   3.4684553e-01   4.8887497e-01  -3.4836552e-03  -1.1503071e-01   9.9388092e-02   2.0459835e-01  -3.0105197e-01   3.4946369e-02  -1.4872260e-01  -2.7000701e-01   1.4629512e-01   8.5281434e-02   2.8691437e-02   5.8473641e-01   1.6085534e-01  -1.3549550e-01   7.2140030e-02   1.9758246e-01  -2.8818613e-02   4.0738064e-02  -2.0283077e-01   1.5007785e-01   2.5495202e-01  -1.8566976e-02   1.0748027e-01  -3.0296705e-02   1.4364270e-01  -1.7454408e-01  -8.7978885e-02   1.4361207e-01   5.9538733e-01   1.4940814e-01  -5.7286067e-02   3.0445018e-02  -1.5307186e-01   1.9589086e-01  -5.3192330e-02  -9.1034197e-02   7.1738589e-02  -1.7431148e-01   1.7013673e-01   1.1272036e-01   5.6867415e-01   5.9474208e-03   2.1845111e-01  -2.6324468e-02  -1.6663924e-02   7.9312682e-01   6.2724870e-02  -1.6520807e-01   2.9634022e-01   3.3957249e-02   6.9811701e-02  -2.3309182e-01   1.0282884e-02   2.1981885e-01  -3.1397345e-01   8.8794821e-02   1.5285191e-01  -1.5292015e-01   2.8277474e-02   5.2830044e-02  -7.0237726e-02  -2.4028226e-01  -2.2362600e-01   4.4305870e-02  -1.3993902e-01   3.5670004e-01   2.8917486e-02   2.0318072e-01   3.6201694e-01  -4.3117151e-02  -7.3077220e-04   6.1543867e-01   2.3256662e-01   2.8222278e-01   1.3053460e-01  -8.3496029e-02  -7.5296114e-02   1.0006820e-01  -2.5440998e-01   1.8553818e-01   2.9684457e-01  -9.1288028e-02  -2.4702975e-02  -1.1693807e-01   2.1412043e-02  -1.2704575e-01   2.8700603e-01  -3.3142544e-01  -1.9324253e-01   1.7231211e-02  -2.3933531e-02   1.2221681e-01  -2.0177041e-01   4.8747119e-02  -5.4394406e-02  -3.7965787e-01   8.2770622e-02   2.3526062e-01   1.7707233e-01  -1.3596204e-01   2.3783695e-02   1.1658612e-01  -4.2007322e-02   1.8372862e-01   4.8258635e-01   1.2257104e-01  -2.9780072e-02   2.5835291e-02   1.5262177e-01   1.0720971e-01   2.7798154e-01  -9.5102871e-02   2.7763750e-01  -2.4204307e-01  -3.7170046e-01   3.8722166e-01   2.2130238e-01   2.4249538e-01  -1.0093678e-01   4.6349131e-01   4.0761811e-01  -1.4391065e-01  -5.0765211e-02   5.8487876e-03   2.6436862e-01  -1.1271755e-01  -3.3151087e-01
  -7.8364564e-02  -3.8764711e-01   3.4648457e-01   3.4432004e-02  -4.1026355e-02   0.0000000e+00   3.1564026e-01   1.4447451e-01  -1.7914909e-01   2.8415622e-01   6.5028785e-02  -2.1127024e-02  -1.0529171e-02  -5.0227089e-02   1.4826293e-01   1.8391090e-01   1.1901285e-01   3.4302293e-02   6.6437848e-02  -1.0862835e-01  -1.1269072e-01   3.2635680e-01   6.8023931e-02   1.9359432e-01  -8.0759246e-02   6.1017078e-02   4.7531688e-02   3.1907435e-01   2.1575298e-01   5.3710719e-01  -1.5395876e-01   1.2024231e-01   1.7027515e-02   2.6540031e-01  -7.8024102e-02   1.2900757e-02   2.0393829e-01  -5.1323492e-02   9.7914084e-02  -1.7400280e-01   1.1794751e-01   1.7689677e-02  -4.1195348e-02   2.1383254e-01  -1.8233779e-01   2.5310007e-01   4.1148852e-01  -1.0601721e-01  -3.2327049e-01   7.7998869e-02   3.1963956e-01   1.7840623e-01  -1.3739874e-01  -8.3671175e-02   1.6295337e-01   3.2999274e-01   1.6335950e-01   2.6555080e-01   1.1470200e-01   3.6219334e-01   1.0647957e-01   9.0750869e-03  -1.1514369e-01  -1.2954622e-01  -3.3026015e-01  -2.2626392e-02   8.6447598e-01   2.1188154e-01   3.1792103e-01   4.6765140e-01  -4.0308830e-01   1.4698198e-01   2.5605292e-02   4.5483936e-01  -1.7171489e-01   5.1154530e-02   1.6559434e-01   3.1578010e-01  -2.9045480e-01   1.2608202e-01   4.4709890e-01  -2.0703520e-02  -1.7905411e-01   1.4062045e-01  -1.7443986e-02   1.0046059e-01  -3.6538982e-01   4.5162039e-01   1.4339594e-02  -1.0350986e-01  -3.5471751e-01   2.3221396e-01   5.0630172e-01   1.6487827e-01  -3.2896674e-02  -1.9887135e-01   1.8782980e-02   1.8643052e-01   1.4053063e-01  -2.1877033e-01   1.3594812e-01   3.4331109e-01   3.8335484e-01  -1.2135108e-01   3.3357954e-01   1.2287295e-01   4.3691888e-02   2.8764397e-01  -1.4066964e-01   6.0563309e-01   8.3727004e-03   5.8262078e-01   1.5033495e-01  -2.0554351e-01   2.2196181e-01  -2.4564322e-01   9.0343512e-02  -1.0525756e-01   2.2942339e-01   4.3246158e-02   4.0377755e-03  -1.9107429e-01  -1.4844490e-01  -2.4826426e-01   8.6792999e-02   2.9198785e-01   2.5089840e-01  -1.1654774e-01   1.2262053e-01   2.6266975e-01   6.9962238e-02  -2.6222659e-01   5.3527234e-01  -2.2110349e-01   2.1523463e-01   8.2066128e-02  -9.9360474e-02   1.8381087e-01   4.5534545e-02  -2.5937114e-01  -1.0334289e-01  -5.7745170e-02   2.0669108e-01   6.9623249e-01  -1.9693634e-01   6.1464603e-02  -1.8334099e-01   1.6338602e-01   5.9414469e-01  -2.7740901e-01  -4.7684683e-02   9.2828165e-02   1.7301534e-01  -4.9610702e-02   5.7434594e-02  -2.2033740e-01  -1.5920190e-02   1.7104936e-01   7.2770174e-02   2.7238707e-01  -7.5709945e-02   3.6121744e-02  -2.3858579e-01   2.7581747e-01   2.9989780e-01  -2.2842367e-01   7.6771021e-02   1.7561516e-01  -7.5193369e-02  -3.1861463e-02  -1.8394649e-01  -4.8041394e-02   2.6837818e-01   7.3381548e-01   2.9456731e-02  -1.4251454e-01   2.8089846e-01
  -3.5565097e-01   2.4953255e-02   2.0156970e-01  -1.5438169e-01   3.6262487e-03   3.1564026e-01   0.0000000e+00  -7.1700105e-02  -5.9299132e-02   5.3364478e-01  -6.1217493e-02   2.8395731e-01  -2.7392326e-01  -2.2195233e-01  -2.1579451e-01  -3.0521219e-02  -1.0071872e-02   1.4896998e-01  -8.5844205e-02   2.2801081e-01  -3.0246989e-02  -9.9271149e-02   4.2252906e-01  -6.1739023e-02  -2.5858695e-01  -1.8810476e-02   3.3584292e-01  -1.0829924e-01  -1.1657206e-02   3.5960646e-01  -3.2212804e-01  -1.1561219e-01  -1.8678706e-01   5.7019129e-01   2.5108451e-01   4.2114489e-01   1.6165921e-01  -2.5709852e-01  -2.4200253e-01   1.8509072e-01  -1.5438669e-01  -1.7137920e-01   1.5823074e-01  -3.3295801e-02   3.5371338e-01  -3.4549648e-02   3.2611037e-01   5.1234844e-01  -4.5052223e-01   8.4808411e-02   4.0191940e-01  -1.8397850e-01   4.4394419e-01  -1.5509664e-01  -2.0602752e-02   1.0686913e-02  -1.5343948e-01  -6.4287122e-02  -8.9267688e-02   1.1468892e-01  -4.2990067e-01   1.1794974e-01  -2.8260683e-01  -6.8831566e-02  -2.6985553e-01   5.7909027e-01   2.9512745e-01   2.0789652e-01   3.7213845e-04   4.2431808e-01   1.3916318e-01   9.6963721e-02  -1.8209168e-01   4.7700464e-02  -1.0332036e-01  -2.3439729e-01  -1.9419165e-01   1.9143959e-01  -2.1636658e-01  -3.0498409e-01   3.5066466e-01  -1.7052568e-01   1.8355832e-01   2.2477089e-02  -3.6677260e-01  -1.3219154e-01  -8.4433135e-02   1.7468250e-01  -6.6623699e-02  -2.5807659e-01  -3.0573603e-01  -2.7468349e-01   3.9249332e-01   9.2277633e-02  -1.6884664e-01   1.2218099e-01  -1.4458457e-01   7.6139429e-02   2.1818800e-01   4.3272996e-01  -2.4654095e-01   3.5138289e-01   1.2326465e-01   1.4308068e-01   2.2523505e-01  -1.1523668e-01  -2.2485349e-01   1.1204919e-01  -1.9957007e-01   2.5667028e-01   3.4820672e-01   1.0541023e-01  -1.6757235e-01  -2.1565380e-01   2.0393851e-03   3.1747652e-02  -9.6246995e-02  -1.8120805e-01  -6.3478795e-02  -5.8975972e-02  -7.4199673e-02  -1.5945158e-01  -2.1375974e-01   2.2253186e-02  -3.8800561e-02   4.9709545e-01   3.1638434e-01  -3.2208628e-01  -1.5695605e-01   3.3989520e-01  -6.3469053e-02   3.8615624e-01   1.8798460e-01  -9.2657902e-02  -2.1948509e-01  -1.3265341e-01  -2.9017342e-01   1.7117117e-01  -2.1345277e-01  -2.0511602e-01  -5.5422458e-02  -3.4515727e-01  -3.7487383e-03   3.2551440e-01   2.4617202e-01   8.0245220e-02   6.0289500e-01   2.4816521e-01   5.3615426e-01   3.2560193e-02  -1.8602701e-01   2.1207604e-02  -1.9166415e-01   2.1126024e-01   1.6209370e-02  -4.6691490e-02  -2.1365451e-01  -1.3644079e-01  -3.3116334e-01   3.1486312e-01  -1.6803580e-01  -5.6673749e-02   4.4594397e-01   5.7952337e-02  -2.4684590e-02   4.6626983e-02   2.8698603e-01  -4.7786573e-02  -2.8961839e-01   1.4512929e-01  -2.4837465e-04  -7.0546654e-02   1.9270428e-01   3.2171109e-02  -1.7482044e-01  -2.2039441e-01  -9.3822159e-02
   8.9603172e-02  -1.1721976e-01  -5.8034222e-02  -6.5221646e-02  -4.7235568e-02   1.4447451e-01  -7.1700105e-02   0.0000000e+00   2.2417732e-02   4.5468721e-02   1.3674048e-01  -8.0838144e-03   1.4584183e-02  -1.0322802e-01  -6.9641532e-02   1.5272988e-01  -1.3910776e-01  -1.4233598e-01  -1.0874676e-02  -6.8510290e-02  -1.5369613e-01   3.2545909e-01   2.0694274e-02   9.4288126e-02  -2.3526841e-02   3.3539779e-01  -6.9178185e-02   2.0630110e-01   1.8402208e-01   1.7705093e-01  -5.3071433e-02   8.6328611e-02   8.6893270e-03  -3.9024420e-02   7.1872580e-02  -4.7740895e-02  -4.3524884e-02  -3.1074791e-02   8.0373054e-02  -2.0737635e-01  -1.9977065e-02  -3.9671741e-02   1.2471990e-01   3.5837665e-01   8.2928181e-03   2.0428380e-02   1.1837285e-01  -1.4253520e-01  -1.3092638e-01  -1.4537439e-01   3.4827161e-02   4.3231879e-01  -1.1993563e-01   1.1868432e-01  -1.3648322e-01   5.0299125e-02  -9.2202193e-03   8.4287291e-02   1.5514047e-01   1.3667225e-01  -2.1550844e-02  -5.1780987e-03  -1.7582765e-02  -6.8398556e-02  -1.4184340e-01   6.0037433e-03   1.8093109e-01  -5.9765479e-02   3.6582289e-01  -2.7995886e-02  -2.0035067e-01   2.5971031e-02   3.0120495e-02   6.9183785e-02  -2.5313506e-02   2.5157908e-01  -1.5933098e-02   4.3959056e-01   3.2222713e-02   1.7196996e-02   3.8473202e-01   5.5487979e-02  -1.8598279e-01   7.3511654e-01  -1.5401386e-01   2.6455106e-01  -6.4468604e-02  -4.5991686e-02   9.2233349e-02  -1.3117727e-02  -1.5532949e-01  -1.1462418e-01   1.2920570e-01   1.1640309e-01   7.4202516e-02  -3.7491464e-02  -4.0542332e-02   2.3141837e-02  -1.2100767e-01  -5.4626694e-02  -4.1224496e-02   4.7263463e-02   2.4820684e-01   2.7381347e-02   6.4365027e-02   1.8731902e-01  -2.3066944e-02   3.4636365e-01  -1.0441254e-01   2.2309616e-01  -5.6262034e-03   2.2996725e-01   3.3835162e-02  -8.8703462e-02  -6.3992394e-02  -4.7324016e-02   3.4681291e-01   1.0769208e-01  -1.3561162e-01   1.1737308e-01  -5.6046681e-02  -1.6147491e-02   5.6947087e-02  -1.0534500e-01   6.4224267e-02   4.6561825e-02  -1.9768501e-03   9.4920027e-02   2.2978321e-01  -1.6930014e-01   6.0904560e-02  -1.8602532e-01   1.0925583e-01  -2.0898476e-01   2.7555506e-01   4.9961675e-01   1.6421870e-02  -6.4855392e-02   3.3581857e-01  -1.1265356e-01   7.2329722e-04  -5.2965584e-02   1.2506308e-01   1.0750695e-01  -1.2298369e-01  -3.2233553e-02  -1.0062215e-01   8.1976377e-03   1.2211158e-01  -2.0935564e-01  -1.4493500e-01   3.9075037e-01  -9.7992639e-02   7.8676945e-02  -8.9184705e-02  -9.3375817e-02  -8.7170333e-02  -2.1143197e-03  -1.2660549e-01   1.7883600e-01   5.6603279e-02   1.8836027e-01  -1.8188330e-01   1.4716137e-01   1.8374703e-01  -1.2146275e-01   7.6164100e-02   4.3124279e-01  -1.3425253e-01  -1.2746290e-01   8.3268686e-02  -1.6265142e-01  -7.0902351e-02   1.0585528e-01   3.8866465e-02  -1.0552420e-01   2.5455398e-01
   3.8971314e-02   5.3435751e-01  -2.3096373e-01  -2.2270162e-02   1.7039710e-01  -1.7914909e-01  -5.9299132e-02   2.2417732e-02   0.0000000e+00  -2.3728855e-01   2.8138736e-01  -7.2176370e-02   1.0577985e-01   2.2657735e-01   6.3876456e-02   2.7826616e-01  -2.1035217e-01   3.5130053e-02   3.1957519e-02  -7.6283249e-02   2.3990529e-01  -1.9484070e-01  -1.9249491e-01  -1.7884387e-01   6.2928221e-02   1.8229232e-02   1.7083374e-01  -6.6835093e-02   7.5472682e-02   2.3883477e-01   3.9435783e-01   1.0760748e-01   1.9071335e-01  -1.2235237e-01   3.9014062e-01   1.7614624e-01  -1.6938525e-01  -8.0029947e-03   2.9089148e-01   4.3580536e-02   2.4305346e-02   1.5521999e-02   2.3747913e-01   3.1314987e-02   2.3216280e-01  -1.2528291e-01   1.6523861e-02   3.9361195e-01   1.4070913e-01  -2.8710165e-01  -9.8809596e-02   5.7904883e-02   1.9892151e-01  -1.6243736e-01   9.2755199e-02  -1.2283101e-01   8.7178999e-02  -1.5505100e-01   1.9912398e-01  -9.3452374e-04  -2.0283949e-01   1.6735047e-01   6.1672924e-01   5.0036655e-01   4.0929187e-01  -1.2263475e-01  -6.5785079e-02  -5.0588018e-02   3.8117191e-02  -2.4173017e-01   2.4031143e-01   9.5260282e-03   3.0067479e-01  -4.0851322e-01   2.0746395e-01   2.3493406e-02  -1.9079573e-01  -1.6767302e-01   3.0721269e-01   2.0772999e-01  -8.8821721e-02   4.5248393e-01   2.0454456e-01   2.0477440e-02  -4.0426941e-02   3.3012360e-02   5.1192372e-01  -2.9154834e-01   5.5215711e-01  -4.0055784e-02   1.3859101e-01  -2.3449729e-01  -2.6000647e-01   3.0808695e-01  -1.1221493e-01   1.8486086e-03   2.4580109e-01   2.3185064e-01   3.2767315e-01  -7.5413089e-02   4.8411161e-02   8.6644872e-02  -5.4391740e-02   6.3779154e-01  -2.9504872e-01  -1.5029473e-01  -4.6770197e-02   2.9596512e-01  -3.0522086e-02   1.0911207e-02  -1.0554580e-01  -2.3358873e-01   1.8473085e-01  -3.6894152e-03  -9.8414588e-02   4.1605261e-01   1.0782577e-01   1.0767650e-01  -1.4865868e-01  -3.1484472e-02  -1.3379804e-01  -1.0038922e-01   2.4720595e-01   5.4654560e-01  -6.8377572e-02  -2.6999106e-01   3.3088280e-03   9.1075632e-02  -1.2333386e-01  -6.4733003e-02   2.0939603e-01   3.2746501e-01  -2.0238719e-01   4.2576334e-01   2.0814753e-01   5.7834236e-02   6.6778888e-02   8.1997667e-02   9.2448407e-02   2.6384334e-02   1.0461770e-01   2.2290200e-01   4.8038433e-02  -4.0933769e-01   6.9949403e-02   2.3836238e-01   5.7686735e-02   3.0633399e-01  -1.1426741e-02   1.9978359e-01  -1.4172176e-01   8.5431801e-02  -2.5620348e-01   4.3561475e-01   7.2400084e-02   1.8531028e-02  -1.6744333e-01   1.9952320e-01  -2.2191534e-01  -1.5031341e-01   2.3247248e-01   1.4841777e-01   9.0057451e-02  -1.1049816e-01  -1.6165821e-01   7.0749896e-02   1.7385691e-02   5.2384766e-02  -6.3581482e-02  -6.8869211e-02   1.3042315e-01  -1.9062716e-01   8.1774140e-02  -6.9832324e-02  -5.2785357e-02  -2.1367122e-01  -1.2120323e-01
  -1.3426798e-01  -2.4943631e-01   1.9646332e-01  -1.6591611e-01   3.7177662e-01   2.8415622e-01   5.3364478e-01   4.5468721e-02  -2.3728855e-01   0.0000000e+00  -1.3815175e-01   2.4650206e-01   6.0785120e-02  -2.3016015e-01  -3.6456338e-01  -2.3159034e-01   1.3661289e-01   2.4936488e-01  -2.0898901e-01   4.3658399e-01  -8.7178340e-02   1.3206554e-01   5.3547230e-01   9.2755391e-02  -1.3755534e-01   1.5268378e-02   1.5009682e-01   1.3387714e-02   1.8033671e-01   1.2121391e-01  -4.4247647e-01  -2.5126492e-01  -2.6955813e-01   4.5377522e-01   3.4790514e-02   3.9324884e-01   6.0914545e-01  -1.4451995e-01  -2.0394773e-01  -7.8061472e-02   1.8707378e-01  -1.1088724e-01   1.0829951e-01  -9.2059916e-02  -7.3636254e-03   9.1467582e-02   4.3911268e-01   1.3349849e-01  -4.0698810e-02   2.0799050e-01   4.3736855e-01  -1.0030899e-02   3.0183578e-01  -2.3989647e-02  -1.1670936e-01   1.6848510e-01  -1.7743628e-01   1.0267627e-01  -3.9080380e-02   2.1541004e-01  -1.7980706e-01   3.2135882e-01  -3.6269167e-01  -2.9653856e-01  -2.2043308e-01   5.9322696e-01   1.9974220e-01   2.5268476e-01  -1.2648736e-01   4.1161930e-01  -5.3453205e-02   4.8244820e-02  -2.6130127e-02   2.3009354e-01   1.1099032e-01  -1.0368509e-01  -3.1406626e-02   1.4688477e-01  -1.1239702e-01  -1.1292794e-01   2.3733203e-01  -1.8257123e-01  -7.1754200e-03   1.4341151e-01  -3.3865724e-01  -6.6891240e-02  -2.2593563e-01   1.5216463e-01  -4.5619956e-02  -1.4645472e-01  -4.1234177e-02  -1.6975009e-01   4.8616044e-01   8.7053572e-02  -1.9827775e-02   3.6336541e-01  -2.5482691e-01  -1.5504994e-01   1.8378540e-01   3.5607338e-01  -1.8064319e-01  -2.7232086e-02   2.1133267e-01   8.4365242e-02   3.1064573e-01   1.0520719e-01  -1.7636391e-01  -9.0932053e-02  -7.7720793e-02   3.5637645e-01   1.0586604e-01   2.0888941e-01  -2.4991859e-01  -1.4744329e-01  -1.5585313e-01   2.3533429e-02  -5.2920940e-02   5.0781484e-03   2.5773008e-01  -3.9615049e-02  -5.1128460e-02  -2.0158580e-02  -1.2033756e-01  -1.5850987e-01   1.1280607e-01   3.7381019e-01   1.4848947e-01  -2.2362279e-01  -2.8515110e-02   2.1822799e-01   8.1378034e-02  -3.8245409e-02   2.6243738e-01  -3.2003196e-01  -1.0153193e-01  -5.1613362e-02  -2.5093041e-02  -9.8195520e-02  -1.3995291e-01  -2.5035404e-01  -1.1594851e-01  -1.3061494e-01  -4.6808821e-02   5.2244649e-01  -9.6746554e-02  -1.3181031e-01   1.7916746e-01   2.8086377e-01   6.5010874e-01  -5.4859136e-02  -1.6772718e-01   7.1255719e-02  -1.6768529e-01   9.8713967e-02  -2.4164094e-03  -9.4539240e-02  -1.2764147e-01  -3.7079423e-02  -9.7841976e-02   3.8521541e-01  -9.7431461e-02  -1.8717060e-01   4.3695631e-01   1.1995069e-01   2.4762666e-02   1.4857867e-01   3.7754596e-01   5.3985734e-02  -2.9965674e-01   4.1750843e-01  -8.9362931e-04  -7.4358155e-02   1.8859787e-01   1.1992123e-01   5.0477284e-03  -1.9925573e-01  -1.8452724e-02
   1.8009855e-01  -2.7430995e-01  -2.2941707e-01   5.3930190e-02  -4.8010649e-02   6.5028785e-02  -6.1217493e-02   1.3674048e-01   2.8138736e-01  -1.3815175e-01   0.0000000e+00  -6.0170807e-01   3.1199986e-01   2.0075450e-01   1.0275730e-01   3.7682509e-01  -8.9716357e-02   5.4623494e-01   6.2885481e-02  -2.3913907e-01   3.1463189e-01   2.4813874e-01   1.6814414e-02   5.1300858e-02   5.3356812e-03   7.7072333e-02  -9.1077917e-02   1.9861320e-01  -5.3672719e-02   2.6592058e-01   5.5717818e-01   2.0532861e-01  -4.7505285e-02  -1.2826863e-01  -2.6394904e-01   5.6287055e-02  -1.4811725e-01   1.3678269e-01   4.1456810e-01  -1.0627841e-01   2.1046488e-01  -1.1387192e-01  -2.6453808e-01   5.4319060e-01  -2.2701814e-01  -1.1625514e-01   4.6360105e-01   1.0300042e-01   1.3171669e-01  -2.4880213e-01   3.6945310e-01   8.7130171e-02  -1.0534953e-01  -3.7239246e-02   3.4806884e-02   3.6923517e-01   1.1811776e-01   1.0496863e-01   3.7690075e-01  -2.6765532e-01   4.8662816e-02   3.9811538e-02   5.5090942e-02   5.6634699e-01   1.4663292e-01  -2.1993706e-01   1.1211143e-01  -2.2824196e-01   3.4738508e-01  -6.9107597e-02  -3.2305436e-01   1.8454676e-01   3.7256782e-01  -5.7722050e-02  -9.9857082e-02   7.4656322e-02   6.2765238e-02   2.9177089e-01  -2.9006181e-01   1.4389673e-01   3.1995802e-01   2.4222510e-01   7.5605573e-02   1.7911706e-01   3.2914419e-01   1.2071921e-01   5.4556828e-02  -8.3873564e-02  -7.4251106e-03   7.8721717e-02  -3.9501052e-02  -1.7888772e-02  -2.1343075e-01   9.7282963e-03  -1.8127684e-02  -1.5134930e-01   7.7382435e-02   6.0104058e-02   1.6744251e-01  -3.3517101e-01   3.6740756e-01   2.5797608e-02   8.9793255e-02   3.1117285e-02   1.0068431e-01   2.1224928e-01  -1.3505430e-01   2.2307318e-01   6.7034036e-02   3.9579901e-01  -2.7052078e-01   1.1414225e-01   1.6537972e-01   8.7863432e-02   3.8322134e-01  -1.6462865e-01   2.6658025e-01   2.3396456e-01  -6.6999230e-03   1.2943965e-01   2.8208958e-02  -2.0413004e-01  -1.9530481e-01   2.3295592e-01  -6.3724103e-02  -3.0690288e-01  -7.9605503e-02   8.3839271e-03   3.2046505e-01  -5.8686206e-02   1.2572438e-01   2.5812145e-02  -7.2193341e-02   5.1316701e-01   3.0768463e-02   9.4085466e-02  -8.6245159e-02   5.1909042e-01   1.2163660e-01   1.7889462e-01   7.3265522e-02   3.3820047e-02   3.2116891e-01  -1.0187648e-02  -1.2509278e-01   2.4183984e-01  -3.7659671e-01   4.3984761e-01   1.6990986e-01   1.1898767e-01   1.4159739e-01   4.1231110e-01  -1.4656848e-02   2.1196734e-01  -3.8172751e-01   1.1864547e-01  -3.3980570e-03   2.5291728e-01  -1.8415966e-02   1.4640522e-01  -2.7348188e-01   5.2980544e-01  -1.7100379e-01   3.5562550e-01   1.1920970e-01  -3.6072865e-01  -1.2826098e-01   2.7214400e-01   4.7808357e-02  -5.8912053e-02  -3.5514826e-01  -2.3956099e-02   2.4994478e-01   1.8717213e-01  -1.2409231e-01  -8.7454570e-02   1.7059550e-01
  -1.7066687e-01   5.1718765e-01   4.5109361e-01  -1.9826911e-01   3.3597300e-01  -2.1127024e-02   2.8395731e-01  -8.0838144e-03  -7.2176370e-02   2.4650206e-01  -6.0170807e-01   0.0000000e+00  -2.7002371e-01  -3.0026094e-01  -2.8330078e-01  -2.1165443e-01   2.5954478e-01  -3.7455630e-01   5.6706408e-02   5.2749986e-01  -2.8789896e-01  -2.6078057e-01   7.2305419e-03  -1.3919313e-01  -1.0162860e-01   4.5003421e-02   3.8196826e-01  -1.4037863e-01   4.9407326e-03  -2.5250290e-02  -4.0723943e-01  -3.7840420e-01  -1.2395225e-01   1.1852486e-01   5.5171562e-01   2.0417714e-01   5.9838457e-02  -1.2813657e-01  -2.4649252e-01   4.3563301e-01  -2.7051776e-01  -7.8617989e-02   6.3522819e-01  -2.7981222e-01   4.2048557e-01   6.1347086e-02  -2.3935273e-01   1.2310435e-01  -1.3926292e-01   4.0306770e-01  -2.9217654e-01  -1.0378037e-01   2.6352718e-01   1.4099648e-01  -2.2302635e-01  -2.2982875e-01  -1.0003586e-01  -2.9859127e-01  -2.5036081e-01   4.8484676e-01  -1.2540983e-01   2.1891572e-01   8.9204210e-03  -3.0596111e-01  -8.9772597e-02   3.8460197e-01  -2.6613192e-02   1.6755387e-01  -2.3389895e-01   1.6609546e-01   5.4138141e-01  -1.1827988e-01  -2.0051502e-01   7.6195451e-02   5.5643224e-03  -2.4840667e-01  -1.2352653e-01  -3.2620922e-02   4.8323711e-01  -2.4194064e-01  -1.5452901e-01  -2.1907494e-02  -2.3216310e-02   5.3385489e-02  -4.0644872e-01  -1.6646840e-01   7.0338033e-02   2.1405311e-02   2.7479286e-02  -1.4755918e-01   2.5956097e-02  -5.5331461e-02   4.3119945e-01   1.7067329e-01   1.7803232e-02   3.2051252e-01  -3.0929119e-02   3.3124692e-02   2.2446807e-02   3.5475036e-01  -3.2285030e-01   1.4197803e-01  -6.4440622e-02   2.1768424e-01  -3.2418180e-01  -7.8999447e-02   1.2450043e-01  -8.1265711e-02  -1.2901679e-01  -3.7247698e-01   4.7617541e-01  -2.1135121e-01  -2.5034676e-01  -1.2552832e-01  -3.2933304e-01   3.4886962e-01  -4.4727242e-02  -1.0552173e-01   8.2492383e-02  -1.1016535e-01  -6.4621353e-02   4.4874084e-01   4.1338918e-01   9.9647955e-02   9.7918241e-02   3.7243221e-01   2.0805806e-01  -1.1129715e-01  -3.9193928e-01   2.2209073e-01   2.2979751e-02   2.0941680e-01   6.8521942e-02  -3.1063348e-01   6.0299649e-02  -1.2751492e-01   3.6826218e-02  -3.9659807e-01  -2.4116861e-01  -1.8122095e-01  -1.6785405e-01  -1.4255397e-01  -3.0413115e-01   1.1406182e-01   3.7853259e-01  -3.1098580e-01   6.9060985e-01  -2.7918595e-01  -9.2266336e-02  -1.0172851e-01  -1.4491010e-01  -1.9160626e-01   1.9375277e-02   1.2651178e-01   6.9316538e-01  -1.2927083e-01  -3.1825003e-02  -1.6352895e-01  -5.7078168e-02  -1.4732662e-01   3.7864258e-01  -3.1311593e-01   3.5732305e-01  -3.4771964e-01  -2.7473034e-01   5.6943483e-01   3.6893187e-01  -9.1103691e-02  -1.5194952e-01   1.0293571e-01   5.8361855e-01  -6.3155412e-02  -3.5496254e-01  -1.1196852e-01   1.2217002e-01  -6.9217710e-02  -2.7455844e-01
   3.8303828e-01  -3.1262401e-01   3.2630114e-03  -2.2275278e-01   2.5958001e-01  -1.0529171e-02  -2.7392326e-01   1.4584183e-02   1.0577985e-01   6.0785120e-02   3.1199986e-01  -2.7002371e-01   0.0000000e+00   1.4474770e-01   2.3900136e-02   2.4528689e-01   1.9025212e-01   3.3584905e-01  -1.5473877e-01   3.4061541e-03   5.5342078e-02   1.8199218e-01  -2.4021493e-02   2.4830570e-01   7.7922032e-02  -8.3254034e-04  -9.0258516e-02   3.1921607e-01   1.5992416e-01  -7.9518461e-02   2.8384417e-01   1.2414921e-01  -8.7353108e-02  -2.7854010e-01  -2.8779439e-01  -3.5612446e-02   2.0134017e-01   2.6067491e-01   3.6558490e-01  -9.3138494e-02   7.0586871e-01   1.0194157e-01  -4.9547340e-02   1.0069429e-01  -3.8104772e-01   2.7019024e-02   1.5762635e-01  -1.7607067e-01   4.4296307e-01   1.4818503e-02   1.9629014e-01   7.3817420e-02  -2.0881264e-01   5.6291414e-02   3.5185621e-02   1.6014628e-01   2.1102366e-01   1.2999707e-01   4.0994356e-01  -2.2906091e-02   3.5624618e-01   1.9201670e-01   1.5599606e-01   1.3990597e-01   3.9630457e-02  -6.6065447e-02  -4.7059643e-02  -1.2422176e-01  -5.7560133e-02   2.2509820e-02  -2.8727708e-01  -5.6009651e-02   4.5074619e-01   3.9514787e-02   6.4379962e-02   9.0709097e-02   1.5830301e-01  -2.5138697e-02  -1.6374189e-02   5.3107435e-01   4.1830848e-02   1.7004185e-01  -1.5858442e-01   3.8116500e-02   3.0279738e-01   1.1243437e-01  -1.1882637e-01   5.3073420e-02   2.5291623e-01   2.7931725e-01   1.9071379e-01   3.1154049e-01  -1.9594767e-01   3.8937872e-02   3.0580787e-02   1.6287367e-01   2.2180275e-01  -1.0519565e-01   2.1086877e-01  -2.5678813e-01   2.6587351e-01  -1.9505295e-01  -6.3589032e-02   5.7503916e-02   2.1202388e-02   2.1477738e-01   2.3730204e-01  -1.0127406e-01   1.9054004e-01   1.1322831e-01  -3.3219456e-01   2.0373353e-02   9.6584629e-02   2.4598047e-01   1.2205672e-01  -2.2113377e-01  -4.6862095e-02   5.3540271e-01   1.8893013e-01  -9.4163138e-02   1.2268006e-01   2.0723553e-02   3.7118304e-02   9.0625029e-02   7.1267556e-02  -3.3920707e-01  -1.2295410e-01   1.7672289e-01   2.0474693e-01  -2.5301891e-02   4.0601392e-01  -2.3177035e-01  -1.1502337e-01   1.3475699e-01   2.3462740e-01   8.2002360e-02   3.6991733e-01  -4.8321732e-02   1.1579520e-01   1.7835828e-01   1.4820367e-01   4.0717076e-01   3.0675263e-03   1.6050610e-02  -2.9450984e-01  -1.6404986e-01  -4.0221816e-01   1.8439786e-01   8.3445696e-02  -7.4161803e-02   2.3468401e-01   1.3226763e-01   1.6641305e-01  -5.8305338e-02  -6.8778324e-02   1.6649727e-01   1.2089351e-01   4.0101874e-01   3.6329192e-01   3.7584446e-02   1.3480027e-01   1.9000840e-01  -1.5898018e-01   3.1569772e-02   5.8840821e-03  -1.4300703e-01  -2.9104089e-01   3.0116810e-01   2.6575330e-01   8.0415038e-02  -1.4802486e-01   1.8277356e-02   2.8864837e-02   1.7994081e-01  -2.1622564e-02  -2.0815823e-02   7.4050752e-02
   1.1273372e-01   7.4919608e-02  -3.8507562e-01  -6.1057501e-02  -9.8717885e-02  -5.0227089e-02  -2.2195233e-01  -1.0322802e-01   2.2657735e-01  -2.3016015e-01   2.0075450e-01  -3.0026094e-01   1.4474770e-01   0.0000000e+00   1.7255709e-01   1.1921266e-01  -2.7733871e-01   1.4415936e-01   1.0803487e-01  -2.2147397e-01   6.6800140e-01  -9.7325126e-03   2.6706389e-01  -7.5817048e-02   5.2046527e-02   8.4941925e-02  -2.6842279e-01   3.0853520e-02  -1.0561346e-01   5.7268453e-02   6.0393504e-01  -1.1801785e-02  -1.8427148e-01  -1.2881869e-01   4.8115025e-02  -1.1399627e-01   1.6803809e-01  -7.4238102e-02   3.8019035e-01  -2.4168518e-02   2.7456768e-01  -3.2496268e-01  -3.3576855e-01   1.7863855e-01  -1.0072682e-01  -1.6093686e-01  -5.1118458e-02   3.2077475e-01   4.7144402e-01  -2.8869485e-01   8.7706235e-02   4.1157185e-03   3.2753340e-02  -1.7775202e-01   5.7300723e-01   1.0653797e-01   2.4930452e-01  -1.3774638e-01  -2.0077954e-02  -1.5225286e-01  -5.6386980e-02   4.3857791e-02   1.2913402e-01   4.7656448e-01   3.7295754e-01  -2.3049476e-01   6.3063982e-02  -6.2758180e-02  -1.0778796e-01  -3.6591517e-01   7.8058258e-02   1.2991792e-01   2.0880977e-01  -2.3752342e-02  -1.3491443e-01   3.5707809e-02  -1.7545885e-01  -2.2494194e-01  -9.6332641e-02   1.3737929e-01   1.4556444e-02   7.2255147e-02   5.3822611e-01   1.2339556e-02   5.9245993e-01  -5.8250176e-02   4.9473834e-01   1.5885651e-01   3.3037925e-02  -2.1173149e-02   8.2969186e-02  -1.6643088e-01  -2.7985507e-01   5.0068765e-03  -1.4271809e-01  -3.3596836e-01   1.7104193e-01   2.2318327e-01   2.5289708e-01   3.8790168e-02   6.7672278e-01   1.9336188e-02   3.3825157e-01   1.8603315e-01  -2.2758865e-01   7.0928118e-02   2.7004530e-02  -1.4286502e-01   5.8629741e-01   1.5647924e-01  -1.5448260e-01  -2.0964754e-02   9.5081501e-02  -9.4821535e-02   4.4922536e-01   1.6700661e-01  -1.0436036e-01   5.4527099e-02   1.3831023e-01   1.4682899e-01  -2.4170761e-01  -2.5844134e-01  -1.7730200e-01   1.6144438e-01  -1.7721080e-01   2.0564347e-02  -1.3335597e-02  -1.2531641e-01  -1.3088016e-01  -2.0192685e-01  -1.1027629e-02   2.1456047e-01   2.2494340e-01   4.7527956e-01  -7.7516503e-02   1.1968672e-02  -1.8771495e-01   5.9797466e-01   2.0170455e-02  -1.9148013e-01  -2.6160826e-01  -6.9526836e-02  -1.5143221e-01  -1.7943971e-01   2.2463457e-01   5.2308420e-01  -1.6197647e-01   2.4558991e-01  -2.0371716e-01   4.1854886e-01   8.9332676e-02   5.1393199e-01  -1.0033401e-01   1.6198795e-02  -1.8817058e-01  -1.6386868e-01  -2.3958576e-01  -5.7869157e-02  -2.1698441e-01   6.4073923e-02  -6.9592303e-02  -8.3546612e-02   5.7175799e-02   2.4859450e-02  -1.8688766e-01  -1.0539951e-01  -5.0029377e-02   1.4460685e-01  -1.0545869e-01   1.5996772e-01  -1.2678928e-02  -2.2570252e-01  -1.0909244e-02   1.3508795e-01  -1.8095915e-02  -2.2603133e-02  -1.5802835e-01
