   0.0000000e+00  -2.3555354e-02  -1.4612751e-01   1.2359130e-01   9.4682278e-02   3.9067709e-01   1.5002655e-01   5.2131756e-02  -1.2493412e-01  -2.9328193e-01   1.8614048e-02   9.6448714e-02   1.8673879e-02   5.8562351e-02   2.3358195e-01  -5.3364574e-02  -2.9755668e-01   1.7337862e-02  -1.8919910e-01   5.9125603e-02  -3.5281598e-01  -4.7850774e-02  -1.6898442e-01   5.1206589e-01   1.4239736e-01   6.6154891e-02  -2.3086063e-01   2.7671348e-01  -2.5609305e-02   1.7940487e-01  -2.5262061e-01  -1.7032035e-01  -2.1975277e-02  -2.9302641e-01  -2.1371392e-01  -1.4642967e-01   4.6794409e-02   6.3149195e-01  -1.2007872e-01  -5.4053976e-01  -1.0203230e-01  -2.4419825e-02  -2.4248062e-01   3.5073180e-02   6.0022388e-02   5.9245324e-01   1.6330737e-01  -6.8415841e-02  -9.2165555e-02  -4.4616236e-01   3.6362402e-02   2.7240918e-01  -3.1660136e-01  -1.6277666e-01  -9.0413602e-02   3.5032722e-02   3.3838166e-01  -2.2849339e-01   3.3041767e-02   1.9730344e-01   4.7204252e-01  -6.2742873e-02  -2.1426181e-01  -5.2860696e-03  -5.5156311e-02  -2.5513638e-01   3.0824000e-01  -1.1230139e-01   1.2757226e-01   1.9710894e-01  -3.6740379e-01   1.6840049e-02  -1.4544249e-01   4.1681228e-01  -6.9758635e-02  -2.3869108e-01   6.4772977e-01   2.1618432e-01  -1.9450144e-01   8.8834669e-02   2.9470494e-02  -1.7900237e-01  -4.1731917e-01   2.4720863e-01   2.8178852e-02  -9.1206174e-02  -3.9364761e-01   7.8715694e-02  -2.0128456e-01   7.6242734e-01  -1.8323563e-01   2.7644682e-01  -3.0785530e-01   3.7178420e-02   6.1072041e-01  -2.5697712e-01   2.1568578e-01   7.9373436e-02  -3.7877153e-02  -3.9508497e-01  -2.6228508e-01   2.1583825e-01  -2.7382425e-02  -8.2136644e-02  -1.5938973e-01  -1.4690219e-01  -1.1753976e-01   3.9886867e-02  -2.1107076e-01   1.1002299e-01  -3.6433483e-01   2.7554702e-01   2.0451347e-02   8.1650397e-01  -2.2160102e-01  -2.7947326e-01   3.2754216e-01   3.0375543e-02   2.3647803e-01   3.1057555e-02   7.2709401e-01  -1.8503571e-01   1.6964743e-02  -1.2926556e-01   7.6177217e-01   3.7004188e-01  -2.8254777e-02  -2.3763825e-01  -2.7308494e-01  -1.3711995e-01  -1.7184736e-01  -3.9045338e-01   4.3844779e-01  -3.4248186e-01  -1.8785891e-01  -1.3824814e-01  -1.4044504e-01  -1.0044915e-01   1.6866344e-01   6.4814665e-01   7.5779635e-01   5.5757059e-02   2.1500615e-01   2.0637405e-01  -1.8781215e-01   3.0472325e-03  -4.8830445e-01  -1.7212466e-01   1.4397173e-01  -2.7729239e-01  -1.8077893e-02  -2.3680845e-02   2.9916001e-01  -1.5034138e-01  -2.4987375e-01   6.8280356e-01   6.3696577e-01   6.9624742e-02   5.2023110e-02   1.4799403e-02  -2.1198342e-02   7.4527764e-02  -3.3998434e-01   2.7115788e-02  -1.5791518e-01  -2.3036469e-01  -2.1066944e-01   4.7167406e-01   4.7301453e-01  -1.4075198e-01  -2.0551256e-01   6.2170858e-01  -5.6764048e-03   3.2704041e-01  -1.3346516e-01   7.5570410e-02  -2.2794919e-01
  -2.3555354e-02   0.0000000e+00   3.1732227e-02   2.3302404e-01  -2.2185600e-02  -1.0089336e-01   7.6775459e-02   1.1489717e-02   6.8557976e-01  -5.0357926e-01  -1.4543526e-01   6.0232333e-01   2.7950514e-02   5.9260392e-02  -3.6811180e-01  -9.8253108e-02   1.8905704e-01  -7.9080139e-03  -2.2672109e-02  -3.6965141e-02  -2.2237385e-01   2.4471420e-01  -5.8567320e-01  -2.0567538e-02   2.4810206e-01   2.4584483e-03   3.0575892e-01  -2.4918471e-01   1.0461404e-01   2.5426081e-02   5.6144395e-02   6.0394637e-02   1.0287324e-01  -4.3156702e-01   4.9228562e-01  -1.7862005e-01  -2.3811749e-02  -2.2807036e-01  -1.2563417e-01  -3.0066617e-04  -5.6690127e-02   2.2611972e-02   2.1660529e-01  -9.2773893e-02  -7.2107710e-03  -6.0159772e-04   1.5518579e-01   3.8916666e-01  -7.7931989e-02   1.7147378e-01  -3.1434141e-01   1.7219593e-01  -2.7906856e-01   1.7720214e-01   4.7853004e-01  -4.8294004e-01   1.3407855e-01   1.8218568e-01   8.2801201e-02   4.8609699e-01  -2.3615764e-01  -2.0274846e-01   4.7374656e-01   3.2401343e-02   3.8299695e-01  -2.0449785e-01   2.4736820e-02   2.8498250e-01   9.5233177e-02  -2.2799740e-01   3.7238102e-01  -1.8146890e-01  -1.3711734e-01   2.4977477e-01   2.6504729e-01   9.4362200e-02  -2.1231781e-01   1.7755622e-01   3.0479372e-01   2.3642863e-01  -5.2066549e-01  -1.6515214e-01   1.2098502e-01  -5.5368847e-02  -3.8030590e-02  -1.6173760e-01   3.0797435e-01  -5.6394539e-02   4.7427125e-01   1.4218753e-03   3.9009273e-01  -2.0306075e-01  -3.8493179e-01   4.4367362e-01  -2.4112340e-01   1.2008286e-01   2.5301602e-01  -1.7522423e-02   6.3079612e-02  -2.1915036e-01  -2.7109202e-01   8.4243495e-02  -7.8790664e-02   3.2389323e-01   3.4644387e-02   2.1605307e-01   1.5953305e-01   1.4386042e-01   5.4037166e-02   4.5711185e-02  -7.0025001e-02   2.2968049e-01   1.8546471e-01  -5.9505834e-02  -5.7222012e-01   3.3784406e-01   5.5839456e-02   5.2589804e-02  -3.1132497e-01  -1.2147539e-01  -9.3742998e-03  -1.3262162e-01   3.6921772e-01   3.9991092e-01  -1.1020617e-01  -2.0695131e-01  -3.6385072e-01   3.0761134e-01   2.1563892e-02  -2.6662625e-01   1.5888725e-01  -3.0511441e-01   2.2222830e-01   3.0510278e-02   1.6045075e-01   1.0499866e-01   2.5704683e-01  -3.2925145e-01   1.0949016e-01   3.7767188e-03   5.3804846e-02  -1.3962428e-02   1.4948725e-01  -2.9357690e-01  -4.3729650e-01   7.6424559e-02   2.5567882e-02  -1.1000468e-01  -8.7092628e-02   1.9763887e-01  -5.2863070e-01  -3.0641482e-01  -7.3565072e-02   9.4516950e-02   2.9175755e-01   2.9041866e-02  -2.1047445e-01  -1.6078098e-01  -1.4174552e-01  -3.5225316e-01   1.3144134e-01   1.8248712e-01  -1.5280264e-01  -4.6485729e-02   1.7582469e-01   2.1928639e-01   5.3191879e-02  -1.2587110e-01  -7.4262977e-02   4.0650640e-02   3.0953354e-01  -1.6116759e-01   3.1224875e-01   1.3125116e-01   2.5941729e-01   1.5502156e-02   1.5977236e-01
  -1.4612751e-01   3.1732227e-02   0.0000000e+00  -4.1973505e-02  -3.2737218e-01  -1.1992555e-01  -2.2186673e-01  -2.7755349e-01  -3.1561506e-02  -3.0826615e-02  -2.5682113e-01   1.4585472e-01   8.3121527e-02   6.9610538e-02   3.5811237e-01   6.9535792e-02   8.2616353e-01  -1.8867594e-01   1.5966739e-01   3.6208580e-02  -8.2953343e-02  -4.4366761e-02  -2.0570960e-01   2.3539352e-01   7.9544148e-02  -1.6480091e-02   2.0908616e-01   5.0857162e-02   8.5898914e-02   1.3377955e-01  -1.7309167e-01   4.5119524e-02   3.1928627e-02  -1.1985601e-01  -5.9802905e-02  -1.4616853e-01  -6.0430496e-01  -2.2739516e-02  -1.1209869e-01   5.5466003e-01  -1.9382154e-02   2.8080399e-01   3.0959253e-01  -1.4218122e-01  -2.5318525e-01   2.8637511e-01  -2.1133507e-01  -3.6154972e-01   7.8525007e-02   5.1775516e-01  -7.9600263e-02  -2.3130807e-01  -2.0180898e-02   3.2996049e-01   1.8284965e-01  -2.4062353e-02  -2.4083062e-01  -3.8270300e-02  -2.5497862e-01   1.0830855e-01   3.1490407e-01   9.5016939e-02   9.6609007e-02   1.3002833e-01  -2.3227378e-01  -1.2857477e-01  -4.2139200e-02  -1.6730507e-01  -2.9751969e-01   4.2541660e-01  -1.2593100e-01  -2.0205340e-01  -9.7820582e-02   2.9484010e-01  -1.9257980e-02  -1.6085852e-01   1.4608486e-01  -9.3203197e-02  -3.4874833e-02  -2.4706464e-02  -1.5476638e-01   6.1696668e-02   6.7197729e-02  -7.6899536e-02   5.3180833e-01  -1.4882601e-01  -6.9500312e-02   2.4167736e-01  -5.2106213e-02   7.7899102e-02  -1.6469585e-01   4.9253721e-01  -1.0593888e-01   1.4607054e-01   2.5996640e-02  -8.2132465e-03  -4.6463854e-02  -3.2192642e-01  -2.2789182e-01  -1.1744586e-01   3.3486417e-01  -8.0728945e-02  -7.3837150e-02   3.3078625e-02  -1.0638263e-01  -1.0184940e-01   3.0126028e-01  -3.4534404e-01  -2.1803040e-01  -1.8473474e-01   2.3698937e-01  -1.3337892e-01  -7.8248042e-02  -1.1349905e-02   3.4769842e-01  -8.6539878e-02  -1.8437958e-01  -1.6178874e-01   5.3445507e-03  -9.1097927e-02   1.1377353e-01  -9.2801598e-02   2.3352907e-01  -9.0189109e-02  -3.0600238e-02  -7.6345172e-02   2.2143530e-01   1.6542034e-01   1.1181336e-01   4.9908263e-01   7.1549501e-02  -2.9346029e-01   2.0030669e-02   8.1173308e-02   1.1479035e-01  -1.7330254e-01   2.4825413e-01  -1.5434895e-02  -2.4670884e-01   1.4808002e-02  -3.8053940e-02   8.7366104e-02  -1.8886183e-01   1.2339203e-01   7.1278997e-02  -1.1256641e-01   2.0033976e-01  -4.6080049e-01  -2.6417731e-01  -1.3570665e-01   2.4947879e-01  -1.4420698e-01   2.9442042e-01  -2.5057936e-01   5.6301825e-01   2.3510656e-03  -5.6402934e-02   2.2177931e-02   4.2386321e-01  -2.5687933e-01  -2.3186272e-01  -7.4413841e-02   6.9996549e-02  -2.2275372e-01  -4.7747325e-02  -4.2664100e-03  -6.6777133e-02   3.0708379e-02   2.8687032e-01  -5.7104290e-02  -3.5730439e-03   1.1149589e-02  -3.7652666e-01   4.1402911e-02   2.0102141e-01   1.0854272e-01  -9.2386530e-02
   1.2359130e-01   2.3302404e-01  -4.1973505e-02   0.0000000e+00   1.5111294e-01   4.1351163e-01   3.0212565e-01  -5.9053840e-02   9.9472873e-02  -3.7472165e-02   1.7403281e-01   2.9406433e-01  -5.1504097e-02  -2.8318781e-01   7.2004311e-02  -3.0455008e-01  -9.2674465e-02   2.2945016e-01  -7.0089085e-02   3.5159029e-01  -2.2902080e-01   4.8922690e-01  -9.4054552e-02   1.2919263e-01   2.3642055e-01   6.3422018e-02   3.3127706e-01   2.2650344e-01   9.1565941e-03   2.5246470e-01   8.5303130e-02   2.9985400e-01  -1.6941736e-01  -2.9615898e-01   1.3530532e-01  -9.0214201e-03   2.1823579e-01  -1.3303240e-02  -2.0072385e-01  -2.0851082e-01   1.4689681e-01  -1.7298872e-01  -2.0448717e-01   7.2212856e-02   2.3831097e-01   1.6087262e-01   3.1841645e-01  -7.3026367e-03  -5.9966499e-03  -2.3334091e-01  -1.3705402e-02   1.2838251e-01  -1.3663083e-01  -1.8664218e-01  -8.3555282e-03  -4.7490142e-02   2.5562115e-01   3.6448992e-01   3.2825050e-01   5.1413087e-01  -1.4502412e-01   9.7836171e-02  -2.8176350e-01  -5.1308822e-02  -4.5090618e-02  -1.9523707e-01   4.1092173e-01  -2.1518747e-01   3.1256606e-01   1.8378521e-01  -1.9702459e-01   4.9167349e-01   8.9792885e-02   2.4359132e-01  -2.6296392e-01  -6.1837428e-02  -3.0015074e-02   2.5136374e-01  -1.9284183e-01   1.1837621e-01   1.1656130e-01  -2.0576438e-01  -1.5274817e-01   1.0300280e-01  -7.7137095e-02  -1.4241186e-01  -6.7945857e-02  -3.3030275e-02   7.0626277e-03   2.2857255e-01   5.3223635e-02  -1.0638324e-01  -2.1513636e-01   4.6560926e-01  -2.9183361e-03  -2.3923743e-01   2.8637642e-01   1.6935998e-01   2.1400951e-01  -2.5186153e-01  -3.6264729e-01   2.7373612e-01   1.5298392e-01  -2.4906100e-02   3.0597853e-01   1.6585566e-01  -1.7768896e-01   2.1359866e-01   2.9180447e-02   3.2903870e-01  -4.5329844e-02   5.0430714e-01   3.9846536e-01   1.1801213e-01  -1.8956664e-01  -1.6671654e-01   2.2299163e-01  -1.3927109e-01   1.0252400e-01   6.7618631e-01   1.1643012e-01  -8.6662829e-02  -1.3614684e-02  -1.5367521e-02   9.6766032e-02   3.1061259e-01   1.4577075e-01  -1.0679422e-01   3.2199322e-01  -6.9381146e-02  -2.0302809e-01  -1.9127922e-01   3.5322935e-01  -7.9981928e-02   3.3572559e-01  -5.8012543e-02  -6.0424471e-02   4.4093627e-02   2.5020663e-02   1.0753874e-01   1.1529570e-02   1.0632620e-01   2.5800440e-01   8.0594222e-02  -7.3723448e-02   9.6641043e-02  -1.5811770e-01  -2.5914427e-02   2.2080029e-01  -2.7221341e-01  -1.3486627e-01  -5.7811519e-02  -7.0608037e-02   4.7813207e-03  -1.4304927e-01   7.7123380e-02   1.0444712e-02   6.5056124e-02  -3.1538398e-01   1.9615170e-01  -1.0872778e-01  -3.7926893e-03  -9.3606841e-02   6.1412114e-01   3.7719026e-01  -1.2150830e-01  -3.4249251e-02   2.4537152e-01  -4.9810625e-02  -1.1847974e-01  -2.0855087e-01   6.8945827e-02   2.7166039e-01   4.5124935e-01  -6.1900493e-02  -1.2103708e-01   4.0667411e-01
   9.4682278e-02  -2.2185600e-02  -3.2737218e-01   1.5111294e-01   0.0000000e+00   3.2783958e-01   4.1727499e-01  -1.2879926e-01   8.7653781e-02   2.6373731e-01   1.3818463e-01   7.0816037e-02   1.4656150e-01  -4.0601706e-01  -2.3641075e-01  -1.0532900e-01  -2.8384625e-01   2.5494373e-01  -1.4344395e-01   7.0054402e-01  -1.4032489e-01   1.3516550e-01   1.7135745e-01  -2.3477354e-01  -2.7414597e-01  -2.0723085e-01   2.5286895e-01  -1.8584051e-01   1.6521640e-01   8.3003673e-02  -7.1309437e-02   7.3093863e-02  -4.7075577e-02   5.6684684e-02  -1.7315767e-02   5.3035216e-01   5.1365497e-01  -1.5182815e-01  -6.7000296e-02  -1.6684474e-01   2.1925650e-01  -2.8182405e-01  -2.2309142e-01  -4.9606990e-02   1.5344272e-01  -1.8477832e-02   3.0221723e-01   2.4827871e-01  -4.2574105e-02  -2.2934302e-01   9.8423791e-02  -1.0757092e-01   1.8296048e-02  -3.0214795e-01  -2.9111884e-01  -3.6658863e-02   5.5311434e-02   3.3280088e-02   3.4313436e-01   1.4560021e-02  -2.4868474e-01   2.9526008e-02  -2.5030935e-01  -3.4569814e-01  -1.2089110e-01   2.7220702e-01   3.1895910e-01   2.1333562e-02   2.0617362e-01   4.0549080e-02   5.7616768e-02   3.4662389e-01   1.6192089e-01  -1.2593447e-01  -1.3678742e-01   3.9115168e-02  -1.8967472e-01   7.6272212e-02   1.4156293e-01   1.1271916e-01   1.2389623e-01  -8.9919416e-02  -2.4176944e-01  -1.3239999e-01  -3.3706168e-01  -1.2697518e-01  -2.3261877e-01  -3.7371121e-01  -1.1005631e-01  -5.9560379e-02   3.0444112e-01  -3.4659906e-01   1.6942336e-01  -7.6868003e-02  -1.6854195e-01  -1.0358085e-02   2.8517697e-01  -7.9319486e-03   4.1951342e-01  -1.4497441e-01  -4.5139820e-01   1.5347403e-02   1.4152516e-01  -2.3730223e-01   1.1094248e-01   1.2367939e-02  -2.3984972e-01   6.4941844e-02   3.5114695e-01   4.0734920e-01  -1.1524128e-01   2.4419712e-01   5.8785857e-02  -5.5979531e-02  -3.4185616e-01   2.7227971e-02   4.5935128e-02   5.7948828e-02   7.6610132e-02   1.2037305e-01  -1.3728160e-01   4.4896669e-01  -1.9407123e-01  -7.4239118e-02  -6.0681516e-02   1.2107390e-01  -8.6476370e-02  -9.8497667e-02  -1.7679858e-01  -1.7798358e-01   1.4369398e-01   1.1614293e-01   7.6727343e-02  -1.2718105e-01  -2.1573507e-01  -3.2770805e-02  -9.2905008e-02  -1.4091615e-02  -5.5771936e-02  -2.5895956e-02  -2.9224986e-02   1.0648943e-01   9.3441795e-02   3.6968340e-02   1.0564512e-02  -5.1385261e-02  -9.4230572e-02   4.0843256e-01   4.7943242e-01  -6.4352725e-02  -2.0820382e-01  -1.2405045e-02  -2.0490840e-01   2.5009676e-01  -8.9628220e-02  -7.1016390e-02  -8.2012366e-02   1.8630361e-01  -3.4114281e-01   1.3970796e-01   1.9470683e-01  -9.6832014e-02   1.8236415e-01   2.3511771e-01  -6.9642702e-02   8.0190458e-02   1.2742658e-01   2.8765969e-02  -2.9705654e-01   3.8601927e-01   7.8356103e-02  -1.2432207e-01   3.9661181e-01   1.5333425e-01  -1.3646896e-01  -1.8779035e-01   1.7514131e-02
   3.9067709e-01  -1.0089336e-01  -1.1992555e-01   4.1351163e-01   3.2783958e-01   0.0000000e+00   6.0800695e-01  -8.3345406e-02  -2.1656790e-01   1.6914576e-01   4.0994433e-01   2.8521088e-01  -2.1400477e-02  -2.3194267e-01   2.2250191e-01  -1.4636743e-01  -2.8827109e-01   3.4600671e-01  -1.2518645e-01   3.9176555e-01  -3.4125658e-01   1.1063442e-01   1.7307248e-01   1.8070151e-01  -8.5683323e-02   6.8606110e-02   1.0613637e-01   4.3062365e-01  -1.3563697e-01   3.5101175e-01  -3.2910426e-01  -4.5950780e-02  -1.4360522e-01  -6.7249110e-02  -2.8522310e-01   1.5307242e-02   2.6690384e-01   2.1294448e-01  -2.0528503e-01  -4.1102543e-01   1.7318470e-02  -2.1757241e-01  -2.6457326e-01   3.1300635e-01   9.4946343e-02   3.8159633e-01   4.6409497e-01  -1.0391412e-01  -1.9336847e-01  -5.4644224e-01   2.2679093e-01   2.1679681e-01   7.0183231e-02  -4.4692083e-01  -3.5467917e-01   3.0385953e-01   5.6430903e-01  -9.1225180e-02   2.5973462e-01   2.6770295e-01   8.9831596e-02  -1.4757010e-01  -4.8634653e-01  -1.6515165e-01  -2.8378290e-01  -1.5654186e-02   8.5969757e-01  -2.9822091e-01   3.9587755e-01   5.2630434e-01  -5.6132722e-01   4.2259586e-01  -7.1313346e-02   4.3615515e-01  -4.5350465e-01  -3.2080377e-01   2.4699830e-01   2.9479305e-01  -5.2924042e-01   2.5931500e-02   5.2941771e-01  -1.1309692e-01  -3.1978510e-01   1.8849883e-01   1.1661421e-01  -9.8980833e-02  -3.9619255e-01  -1.2335094e-01  -2.2847492e-01   3.7499161e-01  -3.0253065e-01   3.7221609e-02   7.7058991e-03   9.6402702e-02   2.4213694e-01  -6.1516101e-01   2.2724821e-01   1.6452783e-01   5.4426103e-02  -5.2657978e-01  -3.4766748e-01   4.4146748e-01   2.7537877e-01  -3.6996576e-01   1.9282971e-02  -1.6646346e-01  -2.1895138e-01   2.4294923e-01  -5.3081243e-02   5.9658321e-01  -1.3995934e-01   5.2414103e-01   1.2345478e-01   3.2392922e-01  -8.5245272e-02  -5.5752914e-01   3.8931788e-01  -2.6318328e-01   6.5112813e-01   3.6202110e-01   2.7948190e-01  -2.3699395e-01  -1.3038553e-01  -1.9971763e-01   3.8930139e-01   6.5400818e-01  -2.0548871e-02  -5.0813495e-01  -1.6831924e-01   2.3250556e-01  -1.5992577e-01  -2.1356466e-01   5.5944404e-01  -8.7556530e-02  -1.0420536e-01  -1.8583618e-01  -3.4095741e-01   3.2351463e-01  -1.2062498e-02   1.7264317e-01   1.8708967e-01   2.5378757e-02   2.7557706e-01   5.3708429e-01   7.2684839e-02  -1.9759391e-02  -5.1804551e-01   1.7920704e-01   6.1815992e-01  -5.5893832e-01   2.5367075e-01   2.6074243e-01   1.2774289e-01   1.1435166e-02  -9.3175021e-02   2.1101958e-01   2.5445821e-01   1.4051244e-01  -1.7158043e-01   3.4308910e-01  -1.8576807e-01   3.3150001e-02  -4.5188516e-03   3.6502909e-01  -6.8818996e-02  -3.4275440e-01  -2.6188226e-01   6.0245158e-01   1.6919334e-01   8.2472811e-02  -4.7368883e-01   2.3256786e-01   1.3112641e-01   7.6507506e-01  -2.9071487e-01  -1.7866362e-01  -6.0603678e-02
   1.5002655e-01   7.6775459e-02  -2.2186673e-01   3.0212565e-01   4.1727499e-01   6.0800695e-01   0.0000000e+00  -2.2970420e-01  -5.4653769e-02   3.7088185e-01   3.5526414e-01   5.6064898e-01  -6.3519005e-02  -4.2376565e-01  -1.2044773e-01  -7.5922604e-02  -4.7622722e-01   3.9025957e-01  -3.3310560e-01   5.3165330e-01  -2.5113936e-01   7.5255322e-02   2.9081212e-01  -1.0403153e-01  -2.2562819e-01  -1.9533216e-01   1.5307020e-01   1.0240322e-01   1.2029215e-01   3.2063547e-01  -2.1834458e-01  -2.3138745e-01  -3.1205148e-01   2.7419109e-01   9.5235111e-02   1.1841067e-01   5.2018570e-01  -4.2004894e-02  -1.5572425e-01  -4.4525900e-01   2.1111002e-01  -4.0656655e-01  -1.3384889e-01   2.9857323e-01   2.1690096e-01   1.1354272e-01   3.8144171e-01   3.0612554e-01  -2.6861648e-01  -6.2484943e-01   2.1537839e-01   1.5031050e-02   2.0307697e-01  -5.6366966e-01  -4.8950156e-01   2.4329413e-01   2.1802951e-01  -1.3396147e-01   5.9274778e-02   3.3118391e-01  -3.0723067e-01  -2.1778598e-01  -5.6576581e-01  -3.1158555e-01  -3.0319650e-01   4.4542835e-01   6.2239078e-01  -2.2852720e-01   1.2979800e-01   3.7466760e-01  -2.4544872e-01   3.5898080e-01   7.7625034e-02   3.2855090e-01  -3.7984654e-01  -2.9924180e-01  -5.3190374e-02   1.4652947e-01  -4.3382044e-01  -1.5390181e-01   4.1927554e-01   5.0424494e-02  -8.6812208e-02  -1.6284365e-01  -1.2415312e-01  -3.1683950e-01  -2.3531416e-01  -3.4814242e-01  -2.0048518e-01   6.0126730e-02  -9.0151550e-02  -2.8998607e-01   2.6690543e-01   1.9011808e-01  -4.5220059e-02  -6.1302538e-01   7.4819236e-02  -1.4220157e-01   1.4431450e-01  -2.4095245e-01  -5.3122957e-01   4.9863922e-01   3.5550398e-02  -4.3507019e-01  -7.6815027e-02  -2.0014092e-01  -4.2443333e-01  -4.6709384e-02   2.1344232e-01   6.5114888e-01   9.5519031e-02   3.2532354e-01  -5.2444735e-03   1.0762114e-01  -2.8524626e-01  -3.4412287e-01   2.4160827e-01  -1.5880494e-01   5.6510336e-01   1.8203139e-01   6.4051143e-02  -9.2239066e-02  -3.5476506e-02  -9.5208567e-02   9.1497589e-02   3.8845211e-01  -1.3316365e-01  -5.0255849e-01  -2.3892780e-01   1.7889611e-01  -8.4422841e-02   9.3791394e-02   4.8803840e-01   1.4263930e-03  -2.6503436e-01  -2.9511875e-01  -3.8770903e-01   2.9138083e-01  -2.6584284e-01   3.4548263e-02  -5.1720201e-02   8.5733809e-03   2.2251662e-01   5.1654107e-01   3.4077707e-01   2.9595189e-02  -1.9112473e-01   5.0438941e-01   6.7679548e-01  -3.2257389e-01   2.5264501e-02   1.6655481e-01  -2.3859041e-01   2.1945276e-01   8.2568639e-02   1.2926539e-02  -3.7776397e-02   5.4332349e-02  -5.1643973e-01   9.7441549e-02  -9.2317885e-02  -3.8391439e-02   1.3851468e-01   3.1084347e-01  -2.9817761e-01   9.6981821e-03  -1.0356973e-01   3.3418885e-01  -2.0191779e-01   2.8154956e-01  -2.9972019e-01  -4.6216616e-03   2.1635433e-01   6.7865418e-01  -3.3032977e-01  -3.0822577e-01  -1.4027080e-01
   5.2131756e-02   1.1489717e-02  -2.7755349e-01  -5.9053840e-02  -1.2879926e-01  -8.3345406e-02  -2.2970420e-01   0.0000000e+00   1.3897403e-01  -2.8032027e-01   2.4914303e-03  -1.9973058e-01  -1.4699260e-01   3.5825656e-01   5.1669104e-02   1.9691034e-01  -1.8740825e-01  -1.1732852e-01   4.9178527e-02  -2.3110124e-01   2.9949172e-02   3.7146941e-02  -1.6380147e-01  -2.3554458e-02   3.1145900e-01   2.6277916e-01  -1.2242017e-01   1.1075888e-01  -1.9384680e-01  -5.4575819e-02   1.3710683e-01   2.1043312e-01   2.1962436e-01  -1.7908680e-01   8.4315255e-02  -2.5221456e-01  -2.4517537e-02   2.8292550e-02   2.9161908e-01  -6.9254605e-02  -9.2343245e-02   7.7728873e-02  -1.4363710e-01   1.1109792e-01  -2.4374420e-02  -1.8343507e-01  -5.9982362e-02   1.0268236e-01   1.6453846e-01  -1.3590572e-03  -1.9497482e-01   5.5155960e-01  -2.6039206e-01   1.7314996e-01   2.2886200e-01  -1.3075128e-01   2.4090508e-01   4.4556201e-03   1.3527542e-01   8.6671123e-02  -6.6895734e-02   9.6750362e-02   2.4249681e-01   2.4017644e-01   7.8571689e-02  -2.8524911e-01  -1.6559205e-01   2.3333527e-01   3.0525479e-01  -3.1325580e-01   2.4287581e-02  -5.3337442e-02  -7.7842843e-02  -1.1150024e-01   2.5071993e-01   4.2055562e-01  -7.0538708e-02   1.6208644e-01   1.4932362e-01  -5.8443374e-02  -3.5200765e-02   5.2771664e-02  -1.0816816e-01   6.3087513e-01  -1.1222461e-01   3.1775381e-01   9.5557035e-02   2.4793974e-01   2.7130601e-01  -1.1160293e-02  -5.7658580e-02  -6.5582123e-02  -2.3237223e-01   5.3664151e-02  -1.2046791e-02   2.2879550e-01   7.9207310e-02   3.8265314e-01   1.2323148e-01   1.2764227e-01   9.7661800e-02   1.1775693e-01   1.7502794e-01   3.3750536e-01  -6.0793781e-02   3.6096581e-01   1.0379747e-01   5.0989829e-01  -2.8319183e-02  -2.3309498e-01  -1.7408549e-01   3.6903575e-02   2.2901025e-01  -5.6485417e-02   7.8645300e-02   1.3099703e-01   9.1581258e-02   1.5952512e-01  -1.3947647e-01  -8.9901940e-02  -6.6225115e-02  -1.8494842e-01   2.0250498e-01   3.0565642e-02  -5.9237413e-02   2.0747288e-02  -1.6983301e-02   2.5883651e-01   7.4398024e-02  -2.8522699e-01   6.1850469e-02   1.0189563e-01  -6.1720934e-02   2.8273164e-02   9.4012580e-02   5.7547912e-01   1.9238820e-01   5.3394793e-02   5.7062225e-01  -1.0163614e-01   7.2224238e-02  -1.8655590e-01   2.4824195e-01  -2.5272439e-01  -2.6641141e-02   2.0476184e-01  -6.7700217e-02  -1.6451777e-01  -2.4099938e-01   1.4514335e-01  -6.6252429e-02   3.1148705e-01   1.1051675e-01  -2.8520801e-01  -4.6775354e-01  -6.8726851e-02   5.1984889e-02  -1.8550357e-02   3.6291683e-02   3.0335232e-01   2.0162069e-01   3.3098977e-01  -1.4896397e-01  -1.7665057e-03   1.4122867e-01   2.5897540e-02   6.4224257e-02   9.3019838e-02   2.0581110e-02  -4.4787187e-01   1.0695373e-01  -4.6362020e-03   4.8547660e-02  -1.8141690e-01   1.4054483e-01   4.0236574e-02   2.0330448e-01
  -1.2493412e-01   6.8557976e-01  -3.1561506e-02   9.9472873e-02   8.7653781e-02  -2.1656790e-01  -5.4653769e-02   1.3897403e-01   0.0000000e+00  -2.7923512e-01  -1.3153399e-01   2.4728129e-01  -1.2138241e-02  -8.7263060e-02  -5.4958839e-01  -1.4057619e-01   1.3302388e-01  -4.4749223e-02   6.7797902e-02   1.0241886e-02  -2.7257301e-01   3.3367905e-01  -4.2726079e-01  -3.1783306e-01   1.7465692e-01  -5.6530293e-02   1.9858199e-01  -4.5078781e-01   2.0494072e-01  -2.3314655e-01  -7.1621131e-02   1.5837363e-01   7.8677586e-02  -3.0869002e-01   6.9750754e-01  -1.0963780e-01  -3.5235273e-02  -1.8092329e-01  -7.8568137e-02   6.0209028e-02  -3.2593408e-02  -1.1782580e-01   3.6718310e-01  -3.0628581e-01   5.5006777e-02  -6.5629851e-03  -4.0643857e-03   3.2955026e-01  -7.4255242e-02   2.2357774e-01  -1.3006993e-01   1.9236538e-02  -3.7298490e-01   1.8524153e-01   3.4634369e-01  -5.2758507e-01   1.0075142e-02   3.6126884e-01   1.0160676e-01   2.6377532e-01  -2.1574533e-01   2.8214592e-02   5.7307013e-01  -2.1838166e-02   3.4025684e-01  -1.3727809e-01  -2.5222246e-01   2.8549683e-01   1.1774032e-01  -2.4092530e-01   3.7238893e-01  -8.4908959e-02  -9.4818068e-02  -1.9773328e-01   2.7739004e-01   3.1443141e-01  -2.5889818e-01  -7.5129433e-02   4.3079705e-01   1.2276556e-01  -5.7426185e-01  -2.3427324e-01   5.5615762e-02  -1.9498371e-01  -3.1012808e-01  -1.3190636e-01   2.0964493e-01  -1.7906326e-01   6.6327577e-01  -1.3192843e-01   5.3089327e-01  -2.6659347e-01  -2.7566809e-01   5.2529147e-01  -1.9888290e-01   2.3710485e-01   1.5302522e-01   1.6730297e-02   1.6245854e-01   3.1510418e-02  -2.9023668e-01  -2.8488330e-01  -2.2572348e-01   3.8590238e-01   1.3787258e-01   2.1140950e-01   1.1720869e-01   1.6893670e-01   1.7276599e-01  -1.0726813e-01  -1.2289741e-01  -2.1110386e-02   2.5735575e-01  -1.0992081e-01  -4.9330566e-01   3.6588579e-01  -1.7964092e-01  -1.2862546e-02  -4.6143239e-01  -4.4017123e-02  -9.0956198e-02   6.1024838e-02   4.6438371e-01   3.6736280e-01  -1.9836745e-01  -5.1345943e-01  -3.8371151e-01   3.1838390e-01   1.9260921e-01  -3.0635963e-01  -3.1399722e-02  -1.5947697e-01  -2.2012526e-01  -4.8579983e-02   2.7664126e-01   2.1526815e-01   1.4814153e-01  -4.7237495e-01   1.4750853e-01   1.7443781e-02  -4.4520537e-02  -5.4249175e-02   8.5997888e-02  -4.8357966e-01  -3.5437618e-01   1.3493930e-01   1.0582022e-01  -8.6473321e-02  -4.2396703e-02   2.3644841e-01  -6.2433640e-01  -4.5035766e-01  -1.2142613e-01   5.7499010e-02   1.6738029e-01   3.3034955e-02  -1.8078397e-01  -6.3916737e-02  -9.8831988e-02  -2.7718290e-01   3.5447293e-01   1.5652782e-01  -1.0446983e-02   1.8076459e-02   2.3831357e-01   3.9342055e-01   8.7354528e-02  -3.1821990e-01  -2.3656537e-01  -4.5102583e-02   2.9249191e-01  -1.1686443e-01   3.5158571e-01  -1.1773368e-01   2.4812543e-01  -2.1850047e-02   2.6574120e-01
  -2.9328193e-01  -5.0357926e-01  -3.0826615e-02  -3.7472165e-02   2.6373731e-01   1.6914576e-01   3.7088185e-01  -2.8032027e-01  -2.7923512e-01   0.0000000e+00   4.0058220e-01  -2.7002832e-01  -1.9229937e-02  -5.1153270e-01  -5.6806621e-02  -1.7948912e-01  -1.9413398e-01   2.8776139e-01  -7.4705526e-02   3.6746372e-01   1.4685940e-01   9.7049756e-05   7.8377020e-01  -4.1607954e-01  -4.0869510e-01  -1.4455760e-01  -2.7377513e-02   5.1887044e-02   8.8424507e-02   1.0985038e-02  -5.3763586e-02  -1.1529215e-01  -4.0206235e-01   6.8700876e-01  -1.2349828e-01   3.7700216e-01   3.5957680e-01  -2.3624108e-01  -2.1495567e-01   1.6807212e-03   1.8263009e-01  -3.0995777e-01  -1.0413685e-01   1.9027768e-01   6.9975815e-02  -1.0122286e-01   1.0668591e-02  -3.0436506e-02  -2.9382312e-01  -2.7433486e-01   4.0522435e-01  -3.4600169e-01   5.1476821e-01  -4.2817495e-01  -6.2398706e-01   4.4285452e-01  -2.1068442e-01   5.1891115e-02  -2.9318850e-02  -2.6473035e-01  -2.6036393e-01   8.8929861e-02  -5.2502607e-01  -1.9754119e-01  -4.0915995e-01   6.5643101e-01   4.5286483e-02  -3.4064803e-01  -1.1569809e-01   4.3790958e-01  -2.0805782e-01   3.2656992e-01   1.6634703e-01  -3.1192815e-01  -4.3336355e-01  -1.4195260e-01  -2.3900539e-01  -1.9133232e-01  -4.4733687e-01  -2.3551802e-01   5.1560524e-01   4.3423848e-02   1.1400858e-01  -3.0653855e-01  -1.4217844e-01  -1.1474271e-01  -8.8791376e-02  -3.6905883e-01  -3.5893923e-01  -2.4569746e-01  -1.4214656e-01  -2.3603689e-01   6.3616272e-01  -9.5161278e-02  -2.1900171e-01  -3.5933212e-01  -2.3996170e-01  -2.5029213e-01   2.1173907e-02   3.2261755e-01  -1.9783610e-02  -5.0864624e-02  -3.8470605e-02  -3.6934898e-01   6.5436807e-02  -3.0813009e-01  -3.8531830e-01  -2.6750241e-01   2.1297753e-01   3.6444217e-01   3.3282620e-01  -2.3663172e-01  -1.5759906e-01  -2.1771298e-01   3.4479546e-01  -3.4639624e-01  -9.5457348e-02  -1.8244753e-01   4.2107674e-01   1.4646511e-01  -2.5537453e-01   1.1660375e-01  -2.9689987e-01  -1.1784314e-01  -1.5824553e-01  -2.6075763e-02   4.6543351e-02  -3.5251705e-01  -4.5789999e-03   4.7711604e-01  -1.5315820e-01   3.7514174e-01  -2.3377681e-01   2.0881146e-01  -1.1137575e-01  -2.8044336e-01  -3.9342259e-01   2.9977641e-01  -3.5403438e-01  -1.6538651e-01  -4.0243125e-01  -2.4301986e-02  -7.1336173e-02   4.1107037e-01   4.7527613e-01  -7.5135062e-02   1.1376938e-01   5.9583376e-01   4.9399343e-01  -1.8346317e-01   3.0803516e-01   9.1090366e-02  -1.8412705e-01   2.9155604e-01   1.2095855e-01  -1.9027286e-01  -1.9971982e-01   1.0589882e-01  -3.2045823e-01   1.5159807e-01  -1.7042994e-01  -1.3047090e-01   4.9464358e-01   1.1850953e-01  -4.8243869e-02  -1.3521666e-01  -5.4286180e-02   8.0003800e-02  -4.0616845e-01   2.5240363e-01  -4.2908844e-01  -1.6468763e-01   3.2584394e-02   1.1455579e-01  -3.1586892e-01  -2.7353636e-01  -2.5650775e-02
   1.8614048e-02  -1.4543526e-01  -2.5682113e-01   1.7403281e-01   1.3818463e-01   4.0994433e-01   3.5526414e-01   2.4914303e-03  -1.3153399e-01   4.0058220e-01   0.0000000e+00  -3.0134209e-02  -6.0081377e-02  -3.4885248e-01   4.2082728e-04   5.0609724e-02  -2.7961014e-01   6.5083085e-01  -2.6425182e-01   2.4306642e-01  -6.8963262e-03   1.8968758e-01   5.0361814e-01  -3.2298561e-01  -2.1866122e-01   2.0369426e-02  -2.0824704e-01   1.3767454e-01  -5.0585774e-02   1.1065200e-01  -6.7202677e-02   7.5373591e-02  -2.6092054e-01   2.9112488e-01  -1.9554766e-01   3.6803118e-01   4.5536586e-01  -8.4528510e-02   1.2580255e-01  -4.6234750e-01   2.7499992e-01  -3.6300630e-01  -3.4897338e-01   5.1910999e-01   2.6796990e-01   1.2948880e-01   6.4483476e-01   1.1218131e-01  -2.8479358e-01  -5.3423707e-01   5.9562601e-01   1.0098390e-01   3.3058322e-01  -4.7367950e-01  -4.8041259e-01   4.0443012e-01   1.6933626e-01   9.1181465e-02   2.6794762e-01  -2.0436020e-02  -7.1335876e-02   3.3750547e-02  -4.0345830e-01   1.0779902e-01  -2.7343713e-01   2.8807694e-01   2.2339268e-01  -1.7787706e-01   4.7538636e-01   3.6502056e-01  -3.4363213e-01   4.7399596e-01   2.0925978e-01  -4.4751445e-02  -3.9387340e-01   2.3323301e-03  -1.2324874e-02   1.8079846e-01  -4.4622576e-01  -2.9328135e-01   4.9184518e-01   7.9167419e-02  -6.6714420e-02   7.2380007e-02  -2.2541285e-01  -4.2858134e-02  -2.7889990e-01  -3.7541130e-01  -1.7075631e-01  -9.0987883e-02  -1.9330697e-01  -2.6278634e-01   2.7520844e-01  -6.5528357e-03   6.9258118e-03  -5.3573706e-01  -4.6023764e-02   5.9418296e-02   2.2708655e-01  -1.5512786e-01  -2.0411376e-01   1.7332290e-01   1.9187869e-01  -2.8399988e-01   1.5870686e-01   6.4551326e-02  -4.1064968e-01   3.4502683e-01   1.2972871e-01   5.3988199e-01  -4.3670726e-02   2.2496058e-01   4.5832538e-02   8.3203175e-03   3.4764492e-02  -4.1480634e-01   3.9268631e-01   2.0025159e-02   5.0556719e-01   2.1010056e-01  -4.3765394e-02  -3.6135880e-01  -1.7028480e-01   1.1723660e-01   3.1016879e-02   9.2609067e-02  -1.5626294e-01  -4.2484289e-01  -1.0270797e-01   3.0105003e-01  -3.9130763e-02   1.8069838e-01   9.2722705e-02   3.8418304e-01  -1.9737215e-01  -1.0153993e-01  -4.6254292e-01   4.0071266e-01  -1.1128723e-01  -1.1991423e-01  -1.4855292e-01  -1.0605153e-01   3.9682693e-01   4.6200705e-01   1.9898097e-01   2.6298312e-01  -4.1629728e-01   5.4859868e-01   6.3690738e-01  -2.3699133e-01   8.2103341e-02   2.8974309e-01  -2.0993964e-01   2.6603080e-01  -1.2565998e-01  -6.7706630e-02   4.1226281e-02   3.2555882e-01  -3.0362386e-01   3.1830827e-01   5.4297456e-02   3.0413546e-01   3.2404041e-01   4.8162745e-01   3.2658669e-02  -2.7355154e-01  -1.0776777e-01   3.3918771e-01  -2.3532451e-01  -1.2170630e-02  -3.8611891e-01  -4.6874787e-02   4.0089030e-01   4.3376777e-01  -2.2125690e-01  -3.8934540e-01   1.0204522e-01
   9.6448714e-02   6.0232333e-01   1.4585472e-01   2.9406433e-01   7.0816037e-02   2.8521088e-01   5.6064898e-01  -1.9973058e-01   2.4728129e-01  -2.7002832e-01  -3.0134209e-02   0.0000000e+00   4.3655179e-02  -1.4320722e-01  -1.0741136e-01   4.9628404e-02   4.2340179e-02   9.3746964e-02  -5.4237163e-02   2.7543984e-01  -3.6243280e-01   3.3565607e-02  -3.6371167e-01   1.7406338e-01   8.1609034e-02  -1.5071485e-01   3.5412239e-01   2.0469482e-03   8.2456321e-02   2.6985554e-01  -2.5995016e-01  -8.8932847e-02   2.1004132e-02  -2.2859906e-01   3.1459207e-01  -1.1879027e-01   4.0742527e-02  -8.8682926e-02  -9.1835518e-02  -1.2874226e-01   6.0602666e-02  -1.8420284e-02   2.5548099e-01   7.4745444e-02   1.9276443e-01   8.1567445e-02   2.0433523e-01   2.1575928e-01  -5.1838470e-02  -1.1599695e-01  -8.2452194e-02   1.8295866e-01  -9.1337517e-02  -1.0003279e-01   4.3658079e-02  -1.9927147e-01   1.5204250e-01  -1.5306879e-01  -3.3616638e-02   6.1772907e-01  -1.8747669e-01  -2.3574328e-01  -4.9888565e-02  -2.3386386e-01   2.4817356e-02   1.0394983e-01   4.2378863e-01   2.3191102e-04  -1.0129060e-02   7.4227031e-02   2.5356594e-02   7.6996948e-03  -8.6542343e-02   6.3980095e-01  -1.0549445e-02  -2.1809580e-01  -5.9775093e-02   1.3896022e-01   5.6549630e-02   2.3010801e-02  -1.3142819e-01   6.5497578e-02   2.1276212e-02  -2.5456813e-02   7.0748793e-02  -2.9070851e-01  -1.2278589e-01  -3.1542781e-02   2.6579073e-02   7.3542790e-02   1.5514929e-01  -7.0326940e-02  -1.0606867e-01   3.9827456e-01  -9.4231311e-02  -2.3179471e-01   1.8534121e-01  -1.2701392e-01   1.2355483e-02  -3.7940313e-01  -4.8861009e-01   4.6137831e-01  -9.5971830e-02  -1.6587816e-01  -1.1776521e-01  -1.7500182e-02  -3.2682793e-02  -4.0227654e-02   1.2159652e-01   2.5485325e-01   5.9983354e-03   3.8252976e-01   1.8344162e-02   5.1080870e-02  -5.1071520e-01   5.7396523e-02   1.6429932e-01  -1.0841766e-01   1.2205751e-01   5.0208400e-02   8.8902542e-02  -4.0560658e-02   3.0226267e-01   5.3276347e-02   8.5383420e-03   2.3858109e-01  -1.5830175e-01  -1.0777266e-01  -1.1058909e-01  -7.6937549e-02   4.6779590e-02  -2.0768928e-01   5.9557558e-01  -3.8845098e-02  -7.1138503e-02  -1.3210379e-01   5.8476481e-02  -6.0887041e-02  -1.1671133e-01   2.4019524e-02   1.1751328e-01   6.1086862e-02   2.0253541e-01   1.9178845e-01  -1.5272550e-02  -1.0936444e-01  -3.8113823e-02   8.3543140e-03   1.6815682e-01  -7.2090285e-02  -2.3170704e-01  -9.9239066e-02  -1.0296853e-01   5.0605680e-02   3.8487100e-01   1.3279188e-02  -1.1235107e-01  -2.1524339e-03  -1.8150996e-01  -2.6665319e-01  -1.8487460e-02   1.8944286e-02  -1.3274817e-01   3.1311888e-02  -1.8305476e-01   2.6680669e-01   3.2209999e-03   1.6440381e-01   9.2558020e-03   1.7093290e-01   2.5985257e-01  -5.7578984e-02   1.0722873e-01   5.8654405e-01   4.8806581e-03  -8.3890399e-02  -9.9678719e-02
   1.8673879e-02   2.7950514e-02   8.3121527e-02  -5.1504097e-02   1.4656150e-01  -2.1400477e-02  -6.3519005e-02  -1.4699260e-01  -1.2138241e-02  -1.9229937e-02  -6.0081377e-02   4.3655179e-02   0.0000000e+00  -1.1962010e-01  -1.4589853e-01  -1.6111988e-01   2.4951531e-02   1.2940482e-01   3.8712339e-02   1.1861061e-01  -6.1209890e-02  -5.2604830e-02  -1.8075819e-01  -1.3334370e-02  -4.3372347e-02  -6.3160563e-02  -1.1955572e-01  -1.7338859e-01   9.3318846e-02   1.5462895e-01  -1.0039763e-01   5.6639190e-02   1.4532122e-01  -1.7928845e-01   2.9691161e-02   4.3948530e-02  -1.6784706e-01  -8.6338601e-02  -2.1379096e-01  -5.9136783e-02   4.2872575e-01   2.1478088e-01   4.9890343e-02  -3.4066547e-02  -4.2947365e-02   3.5017703e-02  -2.4137178e-04  -1.5015878e-01  -7.4776336e-02   3.2238484e-02  -2.7985390e-02  -2.0243083e-01  -4.3774679e-02  -2.9316162e-02   6.1837149e-02  -1.7642776e-01  -8.3209102e-02  -1.0482730e-02   2.2725985e-01   7.0225063e-02  -3.8667583e-02  -9.9734693e-02   6.5423389e-02  -3.7155449e-02   1.9346689e-02   1.9514940e-02   9.2444799e-02  -9.2838412e-02  -1.0929413e-01   4.9751593e-03  -1.5375200e-01  -2.8180951e-02   3.9250129e-01  -7.2250924e-02   2.2412355e-02   8.0778128e-02  -3.3582261e-02   9.8400814e-03   1.0572993e-02   3.9081771e-01  -9.5789290e-02   1.3048997e-01  -1.0375616e-01  -1.4434875e-01   3.0178249e-02   1.4845864e-01  -2.4292376e-02  -1.2017322e-01  -9.4947383e-02  -1.2153092e-01  -1.1259125e-01   4.0830181e-03  -1.4807133e-01  -3.9759218e-02  -4.1016715e-02   5.0444579e-02   1.9785982e-01  -1.3106298e-02   7.6700042e-02  -1.4665711e-01  -7.4867529e-02   3.5451050e-03  -2.0697321e-03  -3.0667932e-02   2.1573295e-01  -1.6046446e-01   6.7180800e-02   3.9531568e-03  -1.4461604e-01   4.5907899e-02  -1.4429695e-01   1.2566404e-01  -2.5631258e-03  -1.6698646e-02  -1.5908314e-01  -1.8984598e-01  -7.4376354e-02   2.8286706e-01  -8.2257984e-02   4.6384797e-02  -4.5592267e-02   4.7000811e-02   7.1379924e-03   1.4794106e-01  -9.5609312e-02  -5.2205971e-02  -1.0995264e-01   2.3533856e-01   8.5588523e-02   1.4562721e-02   2.6404365e-01  -2.0681845e-01   7.8405196e-02   8.9740320e-02   1.1457821e-02   4.9934312e-02   2.4428101e-01  -1.4559656e-01  -2.5762633e-02   4.5525684e-02  -1.1810911e-02   6.1701470e-01  -2.4573813e-02  -3.9686088e-02  -1.2386645e-01   1.4577031e-02  -1.8624725e-01  -1.3606233e-01   2.6994014e-02  -1.8544018e-01  -6.6623185e-02  -1.2498155e-01  -2.2585355e-02  -4.9904248e-02  -4.0855374e-02  -7.6429455e-02   7.9720986e-03   1.3904383e-01   3.7139902e-02  -2.0351974e-01  -1.0702932e-01   2.6763876e-02   2.6020946e-02   2.3293580e-02   1.1662015e-01  -2.0503838e-01  -1.8082499e-01  -1.3784018e-01   1.5824298e-02   1.2935008e-01  -8.6797325e-02  -1.3051067e-01  -1.9344360e-02  -5.5744069e-02  -2.3893600e-02   2.3062153e-01   5.6738937e-02
   5.8562351e-02   5.9260392e-02   6.9610538e-02  -2.8318781e-01  -4.0601706e-01  -2.3194267e-01  -4.2376565e-01   3.5825656e-01  -8.7263060e-02  -5.1153270e-01  -3.4885248e-01  -1.4320722e-01  -1.1962010e-01   0.0000000e+00   2.7366564e-01   2.0933698e-01   1.8392721e-01  -3.5142884e-01   1.1203447e-01  -5.0591119e-01   3.1818644e-01  -1.5975698e-01  -3.5315819e-01   3.7897363e-01   3.5515604e-01   1.3198852e-01  -1.2684514e-01   3.6941499e-02  -2.9956348e-01   8.9352855e-02   2.6719103e-01  -1.5057744e-01   3.8396126e-01  -2.7562952e-01  -9.4110831e-02  -3.5992909e-01  -3.5892680e-01   1.6623178e-01   3.2571246e-01   1.8569566e-01  -1.2902576e-01   3.5124885e-01   1.3866812e-02  -1.5368870e-03  -7.6916029e-02  -1.1552794e-01  -2.3591645e-01   2.3229624e-02   3.8400676e-01   2.9944220e-01  -3.1763901e-01   1.6285756e-01  -2.0684936e-01   4.4999304e-01   6.2620260e-01  -1.2706491e-01   1.6270800e-01  -1.9453758e-01  -1.9815107e-01  -1.8616424e-02   2.3995795e-01   3.7094260e-02   3.8856644e-01   4.5217936e-01   2.1909508e-01  -5.1526146e-01  -1.7324720e-01   2.3056512e-01   3.0615363e-03  -3.1437063e-01   7.3876985e-02  -2.8013867e-01  -1.9838436e-01   1.7909879e-01   3.3347934e-01   1.3611329e-01   1.2425131e-01   1.0815233e-01   1.5635043e-01   7.3129326e-03  -2.0143695e-01  -5.9741030e-02  -3.5487211e-02   2.6397852e-01   3.1773580e-01   2.0037935e-01   3.3163292e-01   6.6105845e-01   2.6225227e-01   8.3501972e-02  -1.3846629e-01   2.5987034e-01  -3.5996564e-01  -1.6468491e-01   1.3789953e-01   3.0227950e-01   2.6938139e-02   9.7332069e-02  -1.3161460e-01   1.2532474e-02   6.0168272e-01   3.3785607e-02   1.6597227e-01   4.7646257e-01  -2.4253134e-01   1.0157194e-01   4.4272816e-01   4.4254713e-02  -2.3946262e-01  -4.3353365e-01  -8.3384847e-02  -3.7439977e-02   1.4591439e-01   9.4481194e-03   2.6421272e-01   1.9379130e-01  -6.6971585e-02   5.1386312e-02  -1.8833347e-01  -2.1429821e-01   2.9086609e-02  -2.3334022e-01   1.9052502e-01   7.2197347e-02   9.1487913e-03   1.7844259e-01   2.0282148e-01   2.9025746e-01  -8.8158519e-02  -7.9065561e-02   2.3176036e-02  -7.2959890e-02   1.0479455e-01   6.4113287e-02   1.1301377e-01   2.9202353e-01   2.4213366e-01   5.0689228e-02   2.2844001e-01  -9.6311660e-02   1.2776352e-01  -1.6659275e-01  -9.8228570e-02  -2.6150723e-01  -9.2433986e-02   1.9337771e-01   1.6330991e-02  -4.8826446e-01  -5.6232932e-01   1.5159666e-01   1.0106421e-01   2.0680496e-01   2.7004351e-01  -3.3936064e-01  -1.6103372e-01  -4.8900577e-02   4.5233748e-02  -1.8225288e-01   3.6882700e-01  -8.1655431e-02   1.1391493e-01   2.1581921e-01  -2.3916176e-01  -2.7121089e-01  -7.8270499e-02   2.0124682e-02   4.2033615e-02  -8.6404967e-02   4.3100644e-01  -3.6905145e-01   1.3577611e-01   1.0820928e-01  -1.7133929e-01  -2.8936520e-01   1.5114419e-01   3.7569568e-01  -1.3974784e-01
