   0.0000000e+00  -3.8162247e-01   2.5996778e-03   1.4794633e-01  -3.3380896e-01  -8.0261119e-02  -1.4431551e-01  -1.7642519e-01  -1.4653064e-01  -1.9952286e-01   7.5888062e-02  -2.4996487e-01  -1.5989266e-01  -2.3350069e-01   2.6218776e-03   8.4187469e-02  -6.2529262e-02  -2.2934721e-02  -1.3404642e-01  -1.4372699e-01  -3.9756772e-01  -5.3124666e-02  -2.2936305e-01   8.1565811e-01   9.1566725e-02  -2.4584068e-01  -1.2051623e-01   4.3249420e-01   1.2363503e-01  -1.0624149e-01  -1.8716069e-01   2.2684696e-01   6.0529344e-01  -1.3600646e-01  -3.6891909e-01  -1.9217118e-01  -1.4750243e-02   7.0190058e-01  -2.5607143e-01  -2.1033117e-01  -1.2355602e-01   5.1892765e-01  -1.7013470e-01   5.5715477e-02  -1.1205606e-01   8.3869308e-01  -1.7253168e-02  -3.9348065e-01  -2.5367155e-01  -2.1585484e-01   1.5989609e-01   9.9809493e-02  -3.0256768e-01   2.0726997e-02   2.6378703e-02   6.6747096e-02   7.3122408e-02   1.9169335e-01   4.5266342e-02   4.0053036e-02   4.2000801e-01  -1.6244726e-01  -2.3907371e-01  -1.0817985e-01  -2.0441629e-01  -1.8406951e-01  -7.9731521e-02  -2.2972397e-01  -2.9170970e-02   7.5861271e-01  -2.2563409e-01   2.2813987e-01  -1.8991840e-01   5.9188406e-02  -9.6584352e-02  -2.1978554e-02   7.3490964e-01  -1.7607732e-02  -2.4274023e-01   4.9132338e-02  -1.2919127e-01  -2.0738612e-01  -4.1267846e-01  -1.2660220e-01   4.2158585e-02   7.9144936e-02  -2.9144552e-01   2.0620467e-01  -2.5857465e-01   9.4592899e-01  -2.7269772e-01   3.7607684e-01  -3.6118981e-01  -2.4180441e-04   7.3814881e-01  -2.1792223e-01  -5.1166118e-02  -1.4120404e-01  -1.9512331e-01   1.0929601e-01  -9.8764734e-02   4.5846177e-01  -1.7839847e-01  -3.6613597e-01   1.1662440e-01   1.5112716e-01   1.1502928e-01  -2.3027082e-01  -1.6178518e-01  -2.1810385e-01  -3.0693638e-01   1.9720960e-02  -1.2263362e-02   9.3643631e-01   2.4930812e-01  -2.6610363e-01  -1.3014504e-01  -2.6105701e-01   9.8135837e-03   2.3256816e-01   8.7945928e-01  -1.8046390e-01  -3.3713322e-01  -1.4710457e-01   8.4814112e-01  -2.4637870e-01   5.9407986e-02  -2.1188329e-02   2.9598324e-01   3.3522644e-01  -3.0156397e-01  -3.2967435e-01  -3.3499750e-01  -4.5205386e-01  -2.7328252e-02  -6.0732826e-02   1.7327507e-01  -2.1472537e-01  -7.5195848e-02   6.9812773e-01   6.5278198e-01  -6.8117897e-04   1.3541562e-01   8.1750375e-02  -2.0029937e-01  -1.9499248e-01  -2.5646280e-01  -1.0042936e-02  -1.2528264e-01  -1.1969157e-01   6.8717236e-01  -4.4251631e-01   7.6892682e-01  -5.8750567e-02  -3.7101571e-01   7.8503806e-01   9.1437463e-01   1.1045282e-01   4.1285448e-01  -3.2676003e-02  -1.9089631e-01   5.1930991e-02  -1.3922428e-01   2.1331202e-02  -2.0891661e-02  -2.5211260e-01  -1.0283054e-01   5.3858467e-01   5.5279226e-01  -4.7372928e-01  -6.6260694e-02   7.4065051e-01  -1.7573041e-01  -2.3271107e-01  -4.5058563e-02   1.0806734e-01   6.0102180e-02
  -3.8162247e-01   0.0000000e+00   2.4444488e-01  -1.3572907e-01   6.5159313e-01  -1.1214713e-01   7.4602507e-02   8.8234019e-02   1.9943964e-01   6.4336394e-02  -3.2987784e-01   5.4959762e-01   7.1502492e-02  -4.9650841e-03  -3.9278838e-01  -1.6733735e-01   3.6344941e-01  -2.3394787e-01   3.0362567e-01   3.2654007e-01   2.1509707e-01  -2.7571372e-01  -2.2684747e-01  -5.6063196e-01  -4.5122612e-04   3.0033070e-02   2.0931904e-01  -5.7357698e-01   8.8151746e-02  -2.1215375e-01  -9.7805466e-02  -2.2114736e-01  -8.4952463e-02   8.8066068e-02   2.2506415e-01   3.1538867e-01   3.1112712e-01  -3.1927527e-01   8.1207226e-02   5.6046273e-01  -6.9278312e-02  -1.9360456e-01   3.2968415e-01  -3.6268233e-01   8.8393613e-02  -3.1993698e-01  -1.8752949e-01   2.9586749e-01   2.5720404e-01   5.7817733e-01  -4.0262194e-01  -1.6190359e-01   4.2113266e-01   7.6997010e-02  -2.6954982e-01  -4.0719351e-01  -1.8896506e-01  -2.3390623e-01  -3.3237142e-01  -7.2245766e-02  -1.3269288e-01   1.2737400e-01   3.2668288e-01  -1.9155243e-02   2.4373249e-01  -8.9776347e-02  -1.6306273e-02   3.5349490e-01  -2.1910623e-01  -3.4032385e-01   6.8804400e-01  -2.7669821e-01   6.1424302e-02   2.6862721e-01   1.4849675e-01  -1.9235306e-01  -3.2197857e-01  -2.8508962e-01   5.8123519e-01   4.0172877e-02  -3.0906516e-01   2.3187219e-02   6.4469720e-01  -2.3581552e-01   2.0847563e-01  -1.3920613e-01   5.7332847e-01  -5.2302459e-01   4.0497796e-01  -3.7797955e-01   6.7849532e-01  -9.8442607e-02   2.2024742e-01   5.8661457e-02  -2.6001898e-01   5.2076842e-01   2.6180662e-02   1.9851053e-01   2.2670550e-01  -2.3549489e-01  -1.3257173e-01  -4.9072526e-01  -3.6130736e-01   3.1213574e-01  -3.9312814e-01  -1.3591778e-01  -2.1975546e-03   1.1397406e-01   1.6053742e-01  -1.5147862e-01   3.5309622e-01  -3.1155312e-01  -1.3926334e-01  -3.7601165e-01  -5.0548704e-01   7.1660198e-01  -1.8726452e-01   4.4386358e-02  -3.4477331e-01  -1.9996455e-01  -3.7158416e-01   4.4804103e-01   3.3950938e-01   4.1170511e-01  -3.1833503e-01   2.2012159e-01  -2.1579884e-01   2.5770096e-01  -2.3617924e-01  -1.7226152e-01   2.6632391e-01   2.8029638e-01   8.1298450e-01   1.7317182e-01   2.7138119e-01  -1.3568886e-01   9.9933288e-02  -1.8611387e-01  -1.5596665e-01  -2.8001433e-01  -5.4581917e-01   1.5799894e-01  -4.1714692e-01  -3.7262519e-01  -1.3607491e-01  -2.0184500e-01   3.2093425e-01  -1.7912192e-02  -2.6528845e-01  -1.6992956e-01  -5.6064505e-01  -8.2591511e-02  -4.0471061e-01   8.2239087e-02   6.6801796e-01  -3.4667822e-01  -3.2417959e-01  -2.5673159e-01  -6.0488554e-02  -3.9247515e-01   3.2626690e-01  -4.1638358e-01   2.3667898e-01  -3.8959547e-01   6.1809214e-02   4.5613573e-01  -5.9873181e-02  -5.7588210e-01  -3.0340941e-01   6.5322449e-01   3.8661276e-01  -3.2441527e-01   1.5695896e-01   2.6195184e-03  -7.3998341e-02   1.4054741e-01   1.9211796e-02
   2.5996778e-03   2.4444488e-01   0.0000000e+00  -2.0694862e-01   2.0472239e-01   2.8196897e-01   1.1123506e-01   1.0578744e-01  -1.5599651e-02   3.4306290e-01  -2.5879681e-01   5.5809912e-01   4.6731221e-03  -3.9964788e-01  -2.6453958e-01   7.1714590e-02   8.8240292e-01  -2.8718322e-01  -1.0634582e-02   4.5703426e-01  -3.4835325e-01  -2.0673132e-01  -1.5065939e-01  -2.1197719e-01  -4.0635301e-02  -7.7070034e-02   3.0460002e-01  -3.3639147e-01   2.7833300e-01  -4.2365859e-01  -4.1117393e-01  -2.2212414e-01   1.0277038e-01   1.3031550e-01   2.2911487e-02   4.1306864e-01  -2.1543223e-01  -1.0349177e-01  -1.1413411e-01   5.5296777e-01  -1.6299257e-01   3.8766886e-01   2.4031709e-01  -1.7535449e-01   1.9216835e-02   1.0114970e-01   3.3748203e-02  -4.8779804e-02  -2.3133513e-01   6.7545003e-01  -2.0563204e-01  -4.5091440e-02   1.8481832e-01   3.1847812e-01  -1.5486489e-01  -2.3067590e-01  -9.0194478e-02  -3.1011892e-01  -3.6830021e-01  -2.3991658e-02   5.0910002e-01   1.6612551e-01  -1.4331330e-02  -1.8180942e-01  -5.0617864e-01   1.0207626e-01   2.3617196e-01   9.5155344e-02  -1.6816265e-01   3.8279318e-01  -7.0594167e-02  -2.3078618e-01  -1.2386776e-01   5.2708830e-01   2.1610174e-01  -2.3323590e-02   1.2546618e-01  -1.6545823e-01   2.1430471e-01  -9.4854103e-02  -1.9461385e-01   5.5255840e-02   1.8331875e-02  -6.1654751e-02   1.6794265e-01  -7.4482373e-03  -2.4712655e-02  -3.3554427e-01   2.6155734e-01  -8.6395131e-02   1.0107501e-01   6.9158253e-01   5.6923563e-01   3.1537806e-02   5.9508596e-03   3.3039310e-01   1.6803885e-01  -3.5303261e-02   1.5995144e-01  -1.3423632e-01  -1.6934122e-01   1.0473436e-01  -4.2373402e-01  -1.2606905e-01  -4.3940739e-01  -4.3310554e-04   3.3554815e-01  -2.9124928e-01   7.6176458e-02  -4.2380344e-02   4.6319956e-01  -3.6127226e-01  -1.5602647e-01  -1.3380179e-01  -1.7309333e-01   1.7558309e-01  -1.7326819e-01   1.1477888e-02  -8.6326929e-02  -3.0143021e-01  -4.1546102e-02   3.3659851e-01   3.4285145e-01  -3.3226486e-01   4.1493252e-02   1.8327454e-01  -3.4651533e-01   3.9215166e-01  -2.6301709e-01   4.9664421e-01   2.1670879e-01  -3.5436639e-01   3.0879407e-01  -3.0344351e-01  -4.2607242e-02   5.0337250e-02   2.5231678e-01  -2.8282357e-01  -8.2719039e-02  -2.6135762e-01  -2.2736284e-01   1.3361721e-01  -2.5978357e-01  -3.6183543e-02  -3.0534823e-01  -4.3543627e-01   3.2429904e-01  -4.9632170e-02  -1.0887214e-01  -3.1488200e-01  -1.7983849e-01  -2.1855448e-01   7.5242578e-02  -2.6099144e-01   7.6307018e-01  -1.9543358e-01   1.0654726e-02  -3.1004876e-01   5.4407228e-01  -3.4461508e-01   2.8994972e-01  -3.3968373e-01   2.1382116e-01  -4.0944321e-01  -1.4673690e-01   3.8762871e-01  -6.5697606e-02  -2.7253581e-01   1.4113406e-01   4.2017184e-01   1.9958581e-01  -1.6585801e-01  -2.8859491e-01   3.1332564e-01  -1.5955044e-01   3.3849563e-01  -4.2077691e-02
   1.4794633e-01  -1.3572907e-01  -2.0694862e-01   0.0000000e+00   8.2646842e-03   2.9859574e-01   8.7831986e-02  -2.0008093e-01  -2.2552847e-01  -1.4254823e-02  -1.1421018e-01  -2.0485274e-01   2.9926069e-01  -1.2124540e-01  -5.8666141e-02   3.1609404e-01  -1.8992078e-01   4.2505865e-01  -2.9445830e-02   1.4138012e-01  -1.4659624e-01   6.2374534e-01   9.7789479e-02   1.6606070e-01   2.0524698e-01  -1.9774410e-03   2.3735418e-01   4.2761350e-02   5.2600771e-02   3.9953210e-01  -1.4513479e-01   6.2975955e-01   1.4496529e-01  -1.6533285e-01  -3.6630946e-01   1.9929215e-01  -2.5350249e-01   5.0372807e-02   2.6173220e-02  -2.0778815e-01   2.7665909e-01   7.1466539e-02  -1.8102041e-01   4.1654402e-03   1.4535082e-01  -6.0030568e-02   3.7456062e-01   8.6982737e-02  -9.3023285e-03  -2.7661972e-01   5.4498900e-01  -3.6070604e-02  -3.9117529e-01  -6.3744875e-02  -4.8599566e-02   2.0135245e-01   3.5333422e-01   7.3277684e-01   5.9714458e-01   2.7544346e-01  -1.8840304e-01   1.7576578e-01   8.7209136e-02  -3.2654610e-01  -8.7538056e-02   1.0728695e-01   3.0306518e-01  -2.8666677e-01   4.9380153e-01  -4.2703168e-02  -2.3572206e-01   7.3505175e-01   1.3365373e-01  -2.1219831e-01   5.4091009e-02   1.5024143e-01  -2.0638031e-02   1.8157150e-01  -1.3244802e-01   3.9353184e-01   5.5970617e-02   7.5428852e-02  -2.6203899e-01  -9.6632387e-03   1.8617703e-02   1.7222993e-01  -2.8527880e-01   1.3131233e-01  -1.7311435e-01   7.6660958e-02  -1.3168430e-01  -2.1338311e-01  -7.3335496e-02   5.7199100e-02  -2.8837253e-02  -1.6821426e-01   4.6350404e-01   2.7490332e-03   2.0445110e-01   4.0247251e-01  -1.2953445e-01  -2.3728646e-01   2.2066804e-01  -1.2567644e-01   3.6178089e-01   6.4193584e-01  -2.4903630e-02   1.3960374e-01  -5.0417005e-02   3.1781590e-01  -1.9625486e-01   5.4425505e-01   4.2176886e-01   1.4431404e-01   7.1209753e-02  -2.1192686e-01   4.7261292e-01   1.9875586e-01   1.1616373e-01   8.1896891e-01   7.2315090e-02  -9.9663633e-02  -3.5736435e-02  -2.3833493e-01  -2.1331045e-02  -1.0904191e-01   2.2667317e-01  -1.7652564e-02   7.7955148e-01   6.7330524e-02   1.2399132e-01  -6.9241710e-02  -2.3897081e-01  -2.8255055e-01   8.8567861e-02   1.8364383e-02   2.3647140e-02  -2.0114901e-01   2.2272037e-01   3.1884497e-01   2.5197555e-01  -2.6656811e-02   3.1938660e-01   1.8133050e-01  -2.3357890e-01  -1.3316553e-01  -2.1453255e-01   2.1395658e-02   1.0289807e-01   2.3204132e-01   4.3756452e-02  -5.4874106e-02  -2.4068121e-02  -3.9843222e-01  -2.2778551e-01   1.7464444e-01   8.4632865e-02   4.9180079e-01  -1.4883734e-01   3.6992829e-01  -1.0728643e-01   3.7981945e-01  -1.1658064e-01   2.5191074e-01   5.4986156e-01  -2.7614188e-01   4.1375316e-02   1.4986357e-01  -1.4918479e-01  -8.9158672e-02  -1.1333692e-01   1.5934955e-01   2.0135025e-01   1.8971993e-01   1.8029746e-02  -1.2194680e-01   5.6214420e-01
  -3.3380896e-01   6.5159313e-01   2.0472239e-01   8.2646842e-03   0.0000000e+00  -1.2318752e-01  -7.4438030e-02   2.9275320e-01   4.1098979e-01  -4.2638812e-02  -2.4355035e-01   4.6600918e-01   3.5283916e-01  -3.0520128e-01  -7.0491954e-01   3.3360446e-02   4.0460040e-01  -1.6661204e-01   1.9384483e-01   7.7655842e-01  -1.3706874e-01  -1.3260741e-01  -5.1033810e-01  -5.0316069e-01  -1.7743761e-01   1.4654220e-01   2.9448010e-01  -6.8213824e-01   1.4149759e-01  -1.4768475e-01  -3.8796213e-01  -4.7789840e-02  -5.3077201e-02  -1.9816016e-01   2.3974079e-01   6.1356840e-01   8.9364429e-02  -2.4297186e-01   1.9106632e-01   3.5091509e-01   2.2781780e-01  -1.1589462e-01   5.7858330e-01  -3.7673802e-01   2.6015415e-01  -2.5864371e-01  -9.3618353e-03   8.9102026e-02   2.3147064e-01   5.5203825e-01  -2.7632127e-01   7.5419167e-02   6.9079934e-02   4.1956990e-02  -3.5757098e-01  -4.7121864e-01  -1.7519173e-01  -9.6197331e-02  -2.5089592e-02  -2.0559171e-01   8.0680073e-02   4.4432159e-01   3.4053770e-01  -6.2186768e-03   2.7980133e-01   4.2559583e-02  -1.4249681e-02   3.6052877e-01  -5.6214073e-02  -3.2012225e-01   2.9549787e-01  -1.4320794e-01   3.5711676e-01   8.2596301e-02   1.0536552e-01  -1.0194757e-01  -1.8168519e-01  -1.2751385e-01   8.2443823e-01   1.9122945e-01  -5.5699483e-01   2.6962318e-01   2.5719944e-01  -1.7162037e-01  -5.7869367e-02  -5.4028152e-02   5.4785328e-01  -6.3757173e-01   3.6546418e-01  -3.1843106e-01   7.6141692e-01   7.0857967e-02   1.1613447e-01   3.8930167e-01  -1.8447454e-01   8.4630209e-01   2.0488865e-01   3.1288206e-01   6.1446401e-01  -1.1303467e-01  -5.3903491e-01  -4.9026505e-01  -3.8793080e-01   2.6344604e-01  -2.2137793e-01   8.5736224e-02  -5.5537954e-02   2.5366112e-01   1.4510239e-01  -1.0537723e-01   2.9097637e-02  -1.8465086e-01  -1.8821436e-02  -3.2503137e-01  -7.7179685e-01   8.0273256e-01  -2.7776205e-02   3.8191519e-01  -5.3806359e-01  -5.6383547e-02  -2.4069861e-01   7.5218711e-01   4.8807340e-01   4.5400841e-01  -2.2825705e-01   2.5134046e-01   7.1001971e-02   3.3943323e-01  -1.0734917e-01  -2.2689268e-01   4.8392405e-01   3.0923414e-01   5.6394018e-01  -1.8385493e-01   4.6713553e-01   5.2852978e-02   1.1026814e-01  -4.9052438e-01   6.7625685e-02  -2.5580740e-01  -4.3666736e-01   6.1063808e-02  -2.5037914e-01  -4.1121970e-01  -3.3615144e-01  -2.0615361e-01  -9.5153359e-02   1.7886040e-01  -2.4753446e-01  -1.8980560e-01  -6.6918899e-01  -3.1610590e-01  -3.1052161e-01   1.2719958e-01   5.6173604e-01  -2.2836988e-01  -2.8491300e-01   8.5254316e-03   7.2697081e-02  -4.6330487e-01   5.1585656e-01  -2.3350239e-01   1.3328612e-01  -2.9660377e-01   2.0909115e-01   6.2350198e-01  -6.0336908e-02  -4.7453410e-01  -2.5514175e-01   4.8009594e-01   5.8790064e-01  -2.7051297e-01   3.8579168e-01  -1.7097821e-03  -2.6685382e-01   1.8674869e-01   2.2094903e-01
  -8.0261119e-02  -1.1214713e-01   2.8196897e-01   2.9859574e-01  -1.2318752e-01   0.0000000e+00   2.5201086e-01  -1.9630985e-01  -4.4410009e-01   1.2927680e-01   2.0678959e-02   8.2250490e-03   9.7348254e-02  -1.1813209e-01  -7.1549643e-02   3.1950030e-01   2.0181433e-01   3.0540168e-01  -9.9600468e-03   4.6924675e-02  -9.8585777e-02   3.5449169e-01   1.2054017e-01   2.3955231e-02   5.0204751e-02  -4.8415545e-02   6.0190014e-01  -3.6972997e-02   1.3843560e-01   4.2335442e-01  -1.2077537e-01   3.1045960e-02  -1.7512601e-02  -9.1675103e-02  -3.0030112e-01   1.5672578e-01  -1.4393538e-01  -3.5811663e-01   7.0602439e-02  -3.1668267e-02   3.8672765e-02   1.5284232e-01  -2.4296276e-01   9.8533005e-02  -1.5393839e-01  -2.1554471e-01   5.1093121e-01   3.0408488e-01  -1.7132735e-01  -2.3050896e-02   2.5392818e-01  -1.5548890e-01  -1.0438264e-01   1.1746951e-01  -2.1769517e-01   3.3439525e-01   5.8609171e-01   1.5771285e-01   1.6166692e-01   3.7385617e-01  -5.9105510e-02  -1.0582615e-01  -1.8731779e-01  -2.3092553e-01  -3.5489797e-01   3.5476043e-01   8.8576072e-01  -3.0843997e-01   4.1125319e-01   1.5444987e-01  -4.0259699e-01   3.3776616e-01  -3.5024819e-02   3.7323229e-01   5.4289881e-02  -1.4453352e-01  -1.7687996e-01   2.8576005e-01  -2.5573929e-01  -6.7719951e-02   4.7918792e-02  -6.6715063e-03  -1.3779044e-01   1.1823609e-01   2.9670451e-01  -1.7575051e-01  -5.5815371e-01   1.1643488e-01  -3.2778819e-01  -2.0497966e-01  -3.4509666e-01   1.2922472e-01   5.9199979e-01  -2.5536237e-01  -2.7853598e-01  -2.7675804e-01   1.4323580e-01  -2.8381943e-01  -4.2153256e-02   2.2562722e-01   1.5013546e-01  -4.3986758e-03   2.1388569e-01  -2.3335043e-01   1.7529199e-01  -3.6435355e-03   2.5736478e-01  -6.1949163e-02  -1.4459013e-01   7.7374068e-01   1.0450687e-01   5.4667889e-01   1.0399068e-01  -1.9593057e-01   3.0574655e-01  -4.1584445e-01   2.0809291e-01   4.5651176e-02   4.4476045e-01   3.0663527e-01  -2.7747609e-01  -1.5945889e-01  -6.0140475e-02  -4.8742748e-01  -3.5000454e-01   2.3735117e-01  -5.2218509e-02  -4.8141899e-02   2.0163027e-01   6.6076323e-01   9.5252696e-02  -3.2545503e-01  -1.3884160e-01  -1.2303957e-01  -2.0129263e-01  -1.7717862e-01  -7.5257120e-02  -1.0241859e-01  -1.2035877e-01  -1.8063600e-01   7.7913045e-02   1.0356641e-01   3.8477679e-01   7.4910537e-01  -2.2016951e-01  -1.7935373e-01  -3.3428176e-02   1.2162999e-01   5.4881185e-01   2.7475720e-01   2.7911065e-02   2.3740434e-01  -2.3610759e-02  -3.4582608e-01   1.2320907e-01  -3.6792859e-01  -2.3395336e-01   1.2428064e-01   7.8225500e-02   4.1710558e-01  -8.5422029e-02   2.5008720e-01   1.1136975e-02   2.2112952e-01  -6.3304885e-03  -2.3709977e-01   2.6408917e-01  -2.0627368e-01   1.0215281e-01   2.9832611e-01  -1.9398285e-01  -3.1949533e-01  -2.1511802e-01   8.9930654e-01   5.8956897e-02  -4.9700322e-03  -3.7278136e-02
  -1.4431551e-01   7.4602507e-02   1.1123506e-01   8.7831986e-02  -7.4438030e-02   2.5201086e-01   0.0000000e+00  -1.6830878e-01  -3.6472122e-01   6.9141844e-01  -3.7253582e-01   5.6252891e-01  -4.6522435e-02  -3.2074475e-01   9.2639965e-02   1.0242133e-01  -1.1119598e-01   7.5024402e-02  -8.5418820e-02   1.7131752e-01   2.2981290e-01  -2.7855541e-02   3.5636636e-01  -1.8474364e-01  -4.6164693e-02  -1.7544904e-01   3.6241673e-01  -1.7178334e-01  -1.7841411e-02  -3.8776281e-02  -2.8574203e-01  -4.4203180e-02  -1.4488021e-01   7.6966182e-01   4.9094028e-02   2.9580755e-01   6.7067269e-02  -1.6621363e-01  -3.4741039e-01   3.7094352e-01  -2.3708776e-01  -4.5137530e-02   1.1592266e-01  -2.8286129e-01   3.4083052e-01  -2.3520388e-01  -8.1150977e-02   7.0162314e-01  -3.0832005e-01  -5.1603455e-02   2.1856440e-01  -2.0227062e-01   3.4279629e-01  -1.0725218e-01  -3.4310553e-01  -8.0379569e-02  -9.1503354e-02  -8.6492574e-02  -1.2649390e-01   3.3463020e-02  -4.0805828e-01   2.8193930e-01  -2.1575566e-02  -4.9061868e-01  -3.9967018e-01   6.7984708e-01   1.1753381e-01  -1.9230848e-01  -1.3382741e-01  -1.7843469e-01   2.7168172e-01   2.9118573e-02  -1.7098067e-01  -1.5276504e-01  -9.9114797e-02  -3.2817570e-02  -2.8025123e-01  -1.1630747e-01  -9.6370431e-02  -3.7264374e-01   2.3323747e-01   4.6951036e-02  -1.4778035e-01  -1.5521829e-01  -1.6933597e-01  -5.9447293e-02  -1.2560774e-01  -1.0142976e-01  -8.1860373e-02  -1.8766566e-01  -1.0856853e-01  -3.7091511e-01   3.6933912e-01  -2.6535009e-01  -2.7298552e-01  -6.0206615e-02  -6.4450847e-02   7.2308528e-02  -1.4374212e-01   5.6125808e-01   8.4334306e-02   2.8824283e-02  -1.2858754e-01  -2.5643460e-01  -2.5752139e-02   8.7278422e-02  -1.2458856e-01  -2.6132558e-02   1.1970575e-01   2.2350904e-01   5.8339670e-01   5.7880654e-02  -5.0322935e-02  -1.4520517e-01   1.7418829e-01  -2.3690267e-01  -1.6404464e-02  -3.1300063e-03  -7.1257098e-02  -2.1562442e-03  -2.5027962e-01   8.9532083e-02   1.4199919e-01  -2.7092334e-01  -2.5855893e-01   2.2251755e-01   1.2528793e-01  -1.9918050e-01   1.7753564e-01  -3.2171220e-02  -7.8602770e-03   3.2857903e-01  -1.3553549e-01  -4.9437329e-02  -2.2527669e-01  -7.4245832e-02  -2.3726091e-01  -1.7699342e-01  -1.0351406e-01  -7.3308396e-02  -1.9135235e-01   5.1281006e-02  -1.1789183e-01   4.7489229e-02   1.3246299e-01  -4.6629013e-01   7.1460444e-01   1.1007418e-01   2.4353613e-01   5.7010041e-02  -2.7751179e-01   3.8923439e-02  -3.2040266e-01  -4.7724507e-01   1.2785857e-01  -1.2602453e-01  -1.9148378e-01  -1.3173121e-01  -4.3263308e-01   2.3538183e-01   2.4121769e-02  -1.3768139e-01   4.0045470e-01  -1.5414807e-01  -1.2182056e-01   2.1987224e-01   2.1300871e-01  -2.2334176e-01  -2.8209213e-01   1.2435261e-01   3.6211362e-01  -1.9173004e-01  -1.9150327e-01   1.0697045e-01  -7.7209174e-02  -3.4291609e-01  -8.5162192e-02
  -1.7642519e-01   8.8234019e-02   1.0578744e-01  -2.0008093e-01   2.9275320e-01  -1.9630985e-01  -1.6830878e-01   0.0000000e+00   2.3302740e-01   7.5125669e-04   1.6539130e-01   9.6739517e-02   2.3396845e-02  -2.5616928e-01  -3.3476902e-01   3.1054104e-02   2.0836235e-01  -4.3467774e-01   1.8193609e-01   2.5858568e-01  -2.4550325e-01  -1.0648859e-01  -3.8600629e-01  -2.3954072e-01  -1.6017740e-01   4.2298689e-01  -1.2301704e-01  -2.2104663e-01   7.6246532e-02  -1.8912950e-01  -2.7540346e-01   1.8091059e-01  -7.8564670e-02  -7.8543312e-02   1.2391603e-01   1.1249006e-01  -1.0445150e-02  -7.0354849e-02   7.9592031e-02   3.7088323e-02   5.7161062e-03  -9.1292254e-02   3.0653256e-01  -7.2347161e-02  -9.2343889e-02  -1.4157294e-02  -4.7313335e-02  -2.3533816e-01  -7.7677698e-02   1.8130069e-01  -3.3666562e-01   5.9659470e-01  -1.4585277e-03  -9.9249123e-02  -1.6724857e-01  -1.3516273e-01  -1.0445965e-01  -2.0129625e-03   7.0413847e-02  -3.3754178e-01   1.8701552e-01   9.5879347e-02  -6.6652172e-02   2.3696648e-01   3.2788814e-02   9.0032433e-03  -9.8885351e-02   1.7960805e-02   1.0109418e-02  -9.8386544e-02  -2.0884610e-02  -2.4804588e-01   1.0912679e-01  -1.3484867e-01  -1.1512995e-01   2.8447809e-01  -1.1419591e-02  -1.4796714e-02   3.1761401e-01  -1.1298900e-02  -1.8710869e-01  -1.6532358e-02   3.6324323e-03   4.0000443e-01  -2.9201995e-01   3.1312714e-01   2.3142994e-01  -3.5707578e-01   2.6455673e-01  -1.5383979e-01   2.4399369e-01   1.2267617e-01  -1.2389290e-01   2.6721390e-01   1.9737465e-02   4.2224078e-01  -2.3579188e-02   2.5592803e-01   1.5507223e-01  -2.1211993e-01  -2.8484050e-01   4.5654937e-02  -1.8308834e-01   4.1457034e-02  -3.6132160e-02   1.3832314e-01  -1.7212932e-01   3.0182211e-01  -1.1895340e-01  -1.8057153e-01  -9.6121840e-02  -2.5230688e-01  -1.6852332e-01  -1.6254376e-01  -3.4149193e-01   3.4087876e-01   1.2533514e-01   2.1182663e-01  -2.7940887e-01  -1.6013290e-01  -7.3339112e-02   3.0642280e-01   1.5768762e-01   2.6247803e-01  -7.2244987e-02   1.0014607e-01  -1.3055935e-01   4.5452986e-02  -8.9836914e-02  -2.0054533e-01   7.2244782e-02  -1.5029935e-02   1.0787392e-01  -1.9834850e-01   2.5244396e-01   4.8875473e-01  -2.3489531e-02  -2.1692718e-01   4.3587316e-01  -1.6928689e-01  -2.5003909e-01  -9.0206094e-02   5.6166008e-02  -2.2275244e-01  -1.1032992e-01   2.2659759e-02  -1.2439197e-01   1.7183904e-01  -1.4589596e-01  -2.4228589e-01  -2.7690949e-01   3.2529713e-02  -1.5580532e-01   3.2074955e-01   1.8006468e-01  -9.5024054e-02  -4.9322157e-02   5.3843600e-02   3.4740668e-02  -3.0115198e-01   1.0517223e-01   6.8824971e-02   9.4127330e-02  -1.0536707e-01   1.1109944e-01   2.4761263e-01   1.3439548e-01  -1.1298877e-01  -1.4887819e-01   2.4866414e-02   2.4540662e-01  -1.6203788e-01   1.1217723e-02  -1.3555521e-01  -2.3436404e-01  -3.6319051e-03   2.1659538e-01
  -1.4653064e-01   1.9943964e-01  -1.5599651e-02  -2.2552847e-01   4.1098979e-01  -4.4410009e-01  -3.6472122e-01   2.3302740e-01   0.0000000e+00  -2.3655572e-01   1.9332125e-01   4.8939151e-02   1.1369814e-01   7.6034403e-02  -1.3486647e-01   1.1059529e-01   1.2655830e-01  -2.0768167e-01   9.8935392e-02   2.9852612e-01  -7.6174803e-02  -1.2729095e-01  -2.8780644e-01  -2.5397448e-01   3.1932486e-03   1.3485540e-01  -1.4100248e-01  -1.6250897e-01  -2.7856440e-02   1.5721037e-02   2.2056001e-04  -1.0565194e-01   2.3529632e-02  -2.1178549e-01   6.3175150e-01   1.1977169e-01   6.4773503e-02  -2.0466493e-02   4.0476848e-01   7.8260108e-02   1.9179966e-01  -1.0645667e-01   5.4117032e-01  -1.7248105e-01   9.9575386e-02  -2.0832138e-02  -1.7026312e-01  -3.3089755e-01   1.9388820e-01   1.8835362e-01  -3.1515505e-01   1.1492669e-01  -1.0523898e-01   7.5613503e-03   7.3987180e-02  -2.8270680e-01  -2.8131526e-01  -1.4305514e-01  -2.0775293e-02  -1.9532172e-01   2.2092788e-01   1.0320387e-01   5.3001223e-01   5.8482689e-01   5.2742357e-01  -3.1143206e-01  -3.4755574e-01   4.4734836e-01  -6.3173244e-02  -1.7910859e-01   8.9326005e-02  -2.2962759e-01   3.3267786e-01  -1.5270247e-01   5.8314188e-03   1.2669609e-01   6.0298683e-02   3.3539932e-02   4.6990509e-01   3.1239022e-01  -2.6119746e-01   2.4684904e-01   1.0622954e-01  -1.6591966e-01  -2.6607931e-01   1.7248086e-01   6.5330891e-01  -2.3073781e-01   5.7416602e-01  -6.8504470e-02   4.1290252e-01   1.2053512e-01  -2.4070262e-01   7.4442064e-01   5.6677566e-02   4.5679782e-01   1.0328707e-02   2.1020413e-01   3.9265151e-01  -3.9944473e-01  -2.5685322e-01  -4.0285748e-02  -2.4260672e-01   7.0309298e-01  -1.0772850e-01  -6.9023205e-02  -1.2352453e-01   2.6393429e-01   1.3495388e-01  -4.6296745e-01  -1.5231150e-01  -2.8792091e-01   6.6225821e-02  -1.5663137e-01  -4.5474886e-01   4.8599631e-01  -1.3317947e-01   2.8267662e-01  -4.4576710e-01  -1.5038140e-01   2.3795513e-02   3.4887601e-01   2.4825722e-01   6.5629016e-01   3.5714920e-02   5.9047530e-02   5.6915715e-02   1.3836476e-01  -2.3865039e-01  -4.1906676e-01   2.5142313e-01   1.4237546e-01   2.2734947e-01   6.7497709e-02   6.6074711e-01   2.2460216e-01   1.1137984e-01  -3.2039255e-02   1.5201597e-01  -1.4417179e-01  -1.8820153e-01  -9.3817098e-02  -2.2750307e-01  -4.9389167e-01   1.6076872e-01   4.2013373e-01  -1.8998199e-01   5.9142792e-02  -3.3803703e-01  -1.7552682e-01  -1.8605058e-01  -2.4385278e-01  -3.9160929e-02   6.3122110e-01   1.2545397e-01  -5.0381523e-02  -2.3626567e-02   1.8052713e-02   1.4926934e-01  -4.2909349e-01   3.2310303e-01  -1.1799471e-01  -6.2298432e-02   1.7172549e-02   1.3096713e-01   3.6060773e-01  -2.6397665e-02  -4.3650410e-02  -6.5158022e-02  -9.2780058e-02   2.2055351e-01  -8.3675057e-02   4.2316253e-01  -3.4925973e-01  -8.9239937e-02   3.2742083e-02   1.6715329e-01
  -1.9952286e-01   6.4336394e-02   3.4306290e-01  -1.4254823e-02  -4.2638812e-02   1.2927680e-01   6.9141844e-01   7.5125669e-04  -2.3655572e-01   0.0000000e+00  -4.0762585e-01   5.7269058e-01  -1.1079005e-01  -4.2018877e-01  -1.3641647e-02   9.9250771e-02   1.8943495e-01  -2.2351144e-01  -2.1381555e-01   2.6000255e-01   2.8747183e-02  -2.3478522e-01   2.3012990e-01  -2.7026557e-01   3.3003096e-03  -2.4299790e-01   1.8316909e-01  -2.4849063e-01  -1.1281922e-01  -3.8591528e-01  -3.9948094e-01  -5.2832792e-02  -1.3009487e-01   7.0134246e-01   4.3202155e-02   3.6600207e-01  -1.4730441e-01  -2.3926107e-01  -3.7221903e-01   4.7935435e-01  -2.7315568e-01   1.0930296e-01   1.6688343e-01  -2.2394118e-01   1.2262394e-01  -2.1591254e-01  -1.4601404e-01   4.5667075e-01  -3.5663310e-01   1.7090297e-01   6.7848936e-02  -1.9182620e-01   3.8783637e-01  -5.4762034e-03  -2.6451569e-01  -1.8108041e-01  -2.1480023e-01  -1.6093275e-01  -2.6923693e-01  -4.5236522e-02  -2.7480226e-01   2.5185433e-01   5.9258699e-03  -3.7270789e-01  -6.0984507e-01   6.4114528e-01  -4.3887333e-02  -1.3469348e-01  -2.8209031e-01  -1.3760869e-01   1.8431430e-01  -1.4300436e-01  -2.2229779e-01   1.5319817e-02   5.4316787e-02   1.0780566e-01  -3.2276291e-01  -1.7242801e-01  -5.5835941e-02  -2.8641424e-01   8.0616297e-02   4.9595453e-03  -8.5110363e-02  -1.9816694e-01  -9.8049858e-02   1.2832206e-01  -1.9151686e-02  -2.1590294e-01   5.0549392e-02  -2.2974960e-01  -3.0961343e-02  -1.1910837e-01   4.7874769e-01  -8.8288679e-02  -3.4756037e-01   1.3262964e-01  -3.2360664e-02   1.2085361e-01  -1.8762903e-01   2.7821743e-01  -3.1504626e-02   5.3470824e-02  -3.5548218e-01  -2.1638192e-01  -2.2897157e-01   2.7037629e-01   1.1633693e-02  -1.6329344e-01   2.6788945e-01  -1.5416390e-02   6.1707904e-01  -2.4945940e-01  -1.9222891e-01  -2.0511711e-01   8.2359566e-02  -9.4299721e-03  -1.8940272e-02   2.8963202e-02  -8.5641112e-02  -1.5089857e-01  -2.7614078e-01   1.8863419e-01   4.0752144e-01  -3.3764472e-01  -2.3344410e-01   2.8596616e-02  -1.8744440e-01  -7.3504869e-02   7.6085907e-02   6.3883593e-02   2.1406141e-02   7.0369675e-02   6.5899691e-03  -1.9276551e-01  -2.5336536e-01   8.8588782e-02  -1.0074076e-01  -2.0767764e-01  -1.3585123e-02  -2.3400439e-01  -2.5438875e-01  -7.3103011e-02  -2.4766564e-01  -4.2469433e-02  -5.0629447e-02  -5.1412689e-01   6.7583240e-01   7.7307405e-02   1.2903333e-01  -1.9534576e-01  -2.6327398e-01  -1.4577852e-01  -2.7145870e-01  -3.5572466e-01   3.7856969e-01  -1.9664881e-01  -2.4158004e-01  -3.0611587e-01  -1.6519496e-01  -8.3274519e-02  -4.2709499e-02  -2.6895546e-01   6.0116684e-01  -3.6703032e-01  -8.0283061e-02   3.2073911e-01   7.0036574e-02  -2.5558600e-01  -1.6850668e-01   2.0262461e-01   3.4750814e-01  -2.8794197e-01  -3.1260661e-01   7.3879285e-02  -1.3679141e-01  -6.7900664e-02  -2.1357976e-04
   7.5888062e-02  -3.2987784e-01  -2.5879681e-01  -1.1421018e-01  -2.4355035e-01   2.0678959e-02  -3.7253582e-01   1.6539130e-01   1.9332125e-01  -4.0762585e-01   0.0000000e+00  -5.9889388e-01   3.9627283e-02   2.5690571e-01   2.3874217e-01   1.2196363e-01  -2.7103954e-01   2.5436533e-01   2.0655219e-02  -4.0163015e-01   6.3091316e-02   1.6224617e-01  -5.1511710e-02   1.3326862e-01  -2.2835845e-01   2.7625096e-01  -2.5436190e-01   4.1542529e-01  -2.8862660e-01   3.7726787e-01   3.0814586e-01   1.9529767e-01   8.5385010e-02  -3.5400241e-01   1.0987270e-01  -2.7261663e-01  -1.2760057e-02   1.2319440e-01   2.1433309e-01  -6.1048535e-01   2.7901686e-01  -1.6730527e-01  -2.4276587e-01   5.5896948e-01  -3.9324724e-01   2.3326030e-01   5.3173148e-01  -2.3314116e-01  -9.8757331e-02  -5.1418882e-01   2.8365984e-01   4.2483362e-01  -1.8791874e-01  -4.3026090e-01   1.4298162e-02   5.8037552e-01   2.2984731e-01   1.8921756e-01   4.7938001e-01   3.1488603e-02   2.2123484e-01  -5.1506590e-01  -8.7680655e-02   6.6137479e-01   3.1370253e-01  -6.0885134e-03   9.6417700e-03  -1.5319153e-01   4.6578990e-01   2.1656651e-01  -3.8269655e-01   2.5160926e-01   2.2391883e-01  -3.8387334e-01  -4.5986159e-01   2.1882029e-01   2.9314152e-01   2.8764084e-01  -3.6629460e-01   6.9121995e-03   2.4746097e-01  -1.0397268e-01  -1.6592690e-01   3.1570042e-01  -4.2574337e-01   1.1558404e-01  -5.1985013e-02   1.1722022e-01  -1.2739174e-01   1.0323469e-01  -3.3685218e-01   5.6999020e-02  -2.8182830e-01   1.7283373e-01   2.2114305e-01  -2.9218028e-01  -2.5657941e-01  -1.2759188e-01  -8.9349709e-02  -6.4871466e-02   8.8173444e-02   4.2399095e-01   3.1633291e-01   1.9072905e-01   7.0091632e-01  -1.9184238e-01  -4.5580918e-01   3.3233684e-01  -3.0644146e-01   1.0828047e-01  -4.9551810e-01   4.0528223e-01   8.5482913e-02   3.1113674e-02   1.7231069e-01  -2.5188770e-01   1.4707012e-01   6.7579666e-02   1.0710059e-01   1.2026567e-01   1.8737919e-01  -4.5508543e-01  -4.8371969e-01   3.2667196e-01   1.5043608e-01   1.7428250e-01   2.6452867e-01  -4.8087979e-01   1.2492091e-01  -2.6712939e-02  -1.5987049e-01  -1.4293984e-01  -4.6656002e-01   1.4387779e-01   1.5113154e-01   2.3230807e-01  -3.5985237e-01   2.7206467e-01   2.6388237e-01   8.9643467e-02  -1.9159831e-03  -3.6249570e-02   6.5177943e-01   2.3399925e-01   3.9945053e-01   6.6685227e-01  -5.3535735e-01   5.4553306e-01   5.4561924e-01   2.5202374e-01   2.9269213e-01   3.0870321e-01  -1.6595307e-03   5.6885489e-01  -4.1965810e-01   3.7168453e-02   1.5972454e-01   4.4478662e-01  -7.5330991e-02   3.7840112e-01  -3.8758660e-01   6.4394245e-01   2.9579185e-02   8.0738921e-01   2.8567659e-02  -4.8476924e-01   5.4762460e-01   3.6501771e-01  -1.1891305e-01  -3.7495849e-01  -5.2067202e-01   7.0938963e-02   3.1488506e-01  -1.6128237e-02  -1.1075611e-01  -1.8707504e-01  -1.0532602e-01
  -2.4996487e-01   5.4959762e-01   5.5809912e-01  -2.0485274e-01   4.6600918e-01   8.2250490e-03   5.6252891e-01   9.6739517e-02   4.8939151e-02   5.7269058e-01  -5.9889388e-01   0.0000000e+00  -2.5480887e-02  -4.3857666e-01  -3.8207810e-01  -1.2719474e-02   4.8211105e-01  -3.6969652e-01   7.6295655e-02   5.9736046e-01  -7.4214507e-02  -4.2546511e-01  -1.9578495e-01  -4.7031288e-01   2.7738274e-02  -1.8908050e-01   3.2989014e-01  -6.3493430e-01   2.1344715e-01  -4.3529369e-01  -5.1243177e-01  -3.1681654e-01  -6.3979155e-02   5.1267272e-01   2.9019535e-01   4.7900127e-01   4.1285504e-02  -2.6437122e-01  -2.1802344e-01   7.1542572e-01  -2.4045759e-01   9.6586372e-02   5.9789689e-01  -5.1192247e-01   3.5310455e-01  -2.5272941e-01  -3.8853736e-01   3.1851913e-01  -2.0263537e-01   6.2764810e-01  -3.7009875e-01  -1.4356945e-01   3.6398678e-01   2.7546299e-01  -3.8135760e-01  -5.3084319e-01  -3.5526016e-01  -4.5195133e-01  -4.5187849e-01  -1.6630302e-01  -6.5012201e-02   4.1463766e-01   1.5214912e-01  -3.5477916e-01  -3.1090346e-01   3.2231911e-01  -4.8976269e-02   2.4609773e-01  -4.8077188e-01  -2.2020736e-01   4.0407459e-01  -4.1375285e-01  -5.8497596e-02   3.2469058e-01   2.5739743e-01  -8.4408156e-02  -2.7654630e-01  -3.1720469e-01   5.3031135e-01  -1.3460254e-01  -3.4675400e-01   1.6605336e-01   1.8014302e-01  -3.2412596e-01   8.2845892e-02  -6.9195067e-02   2.8086472e-01  -5.1886669e-01   3.3968260e-01  -2.7565872e-01   3.9283216e-01   6.6393405e-02   5.5764104e-01   7.5855340e-02  -2.5584227e-01   5.7594103e-01   6.6441998e-02   2.8498733e-01   1.8108172e-01  -1.1261121e-02  -3.0194175e-01  -1.8290595e-01  -5.3800652e-01  -9.0197409e-03  -5.3638306e-01   1.4655782e-02   2.1061897e-01  -1.0476397e-01   2.0509656e-01  -1.4521768e-01   7.1743988e-01  -4.2495783e-01  -2.2092451e-01  -2.7416474e-01  -4.2105314e-01   4.5351269e-01  -2.2126091e-01   1.1694715e-01  -4.3017388e-01  -3.3140276e-01  -2.7049645e-01   6.4061901e-01   5.6077213e-01  -4.6951833e-02  -2.4910402e-01   3.4720331e-01  -1.4108739e-01   3.2353008e-01  -2.5378550e-01  -4.4837591e-02   2.4714224e-01   1.6805616e-01   4.9952151e-01  -1.9622094e-01   1.1059501e-01   2.5166162e-02   1.9810537e-01  -4.5328091e-01  -1.5765577e-01  -2.8061708e-01  -4.3818274e-01   1.1129941e-01  -5.4102735e-01  -3.2987202e-01  -1.7972106e-01  -5.8553112e-01   6.5685698e-01  -9.6396103e-02  -2.0568538e-01  -4.0028240e-01  -5.1728276e-01  -2.9352467e-01  -2.4219264e-01  -2.5676522e-01   7.3556206e-01  -2.3085028e-01  -2.2539814e-01  -3.3105967e-01   4.0694525e-02  -4.3764270e-01   4.9187954e-01  -5.6879819e-01   2.8680735e-01  -6.2322762e-01  -1.4463728e-01   8.0020307e-01  -5.1397073e-02  -5.6299684e-01  -1.1425301e-01   5.3438964e-01   6.9602282e-01  -2.9339335e-01  -2.2642578e-01   2.6105913e-02  -8.6042304e-02   1.4083856e-01  -5.9690599e-02
  -1.5989266e-01   7.1502492e-02   4.6731221e-03   2.9926069e-01   3.5283916e-01   9.7348254e-02  -4.6522435e-02   2.3396845e-02   1.1369814e-01  -1.1079005e-01   3.9627283e-02  -2.5480887e-02   0.0000000e+00  -1.9576195e-01  -2.5596683e-01   3.5556253e-01   1.3996761e-01   2.6750057e-01   7.3377001e-02   3.5907563e-01  -1.0071783e-01   1.6425536e-01  -1.9213056e-01  -2.5102325e-01  -1.9291401e-01   7.7113204e-02   1.0052121e-01  -2.8356870e-01   3.5083944e-02   2.0177722e-01  -1.2419429e-01   4.4068257e-02   3.4426317e-02  -2.5832943e-01   1.0102223e-01   4.6188316e-01  -1.4111701e-01  -2.2195308e-01   2.7850345e-01  -1.1399068e-01   7.4157752e-01  -3.7999869e-02   2.7176386e-01  -4.2947797e-02   3.1807398e-01  -1.9983177e-01   3.1179724e-01   1.9993603e-02   2.0407013e-01   9.9730165e-02   2.5008051e-01   7.0931406e-03  -2.3732884e-01   5.8997514e-02  -2.4542840e-01   8.2513783e-02   2.6351386e-01   1.7221644e-01   2.6394835e-01   2.7112796e-01   5.5772482e-02   3.8533445e-01   3.1409626e-01   5.4218413e-02   1.8177988e-01   2.0621755e-02   1.8212511e-01   4.3421197e-02   3.5053549e-01  -1.5129853e-01  -1.5887697e-01   2.1388717e-01   5.5820680e-01  -1.1715153e-02   2.2005771e-02   3.3612248e-02  -1.3691431e-01   2.0755809e-01   1.8896700e-01   4.0599932e-01  -2.3866499e-01   5.1028612e-01  -5.2612155e-02  -6.2797254e-02  -1.0353795e-01   4.6541122e-02  -2.5900262e-04  -2.8465124e-01   7.4932524e-02  -1.8747378e-01   1.4056064e-01   3.0912658e-04  -4.0054887e-05   1.6635047e-01  -1.9343977e-01   2.6602955e-01   4.5571008e-01   7.1119084e-02   4.4778571e-01   1.9357000e-01  -3.1388859e-01  -2.5537688e-01  -5.9396275e-02   2.0942608e-01   1.2291070e-01   1.2696161e-01  -6.1812779e-02   2.8166814e-01   1.2693976e-01   2.7205909e-03  -6.6615403e-02   1.8998733e-01   1.8025446e-01  -1.5299458e-01  -2.6456288e-01   1.1126292e-01   3.4613014e-01   7.5710661e-01  -1.9285646e-01   2.4662268e-01  -1.6046549e-01   2.5669779e-01   1.9990119e-01   9.2125998e-02  -1.5912766e-01   1.5690561e-01   2.9991620e-01   2.7399417e-01   1.2597153e-01   1.1298621e-02   7.3291852e-01   6.8993430e-02   1.0495651e-01  -5.6726473e-02   1.8800431e-01  -5.0287463e-03   2.4422653e-01  -2.9644815e-01   1.2232845e-01  -3.1645214e-02  -2.5910351e-01   3.7426610e-01   1.3721646e-01  -2.9537355e-02  -3.4806593e-02   4.7491955e-02  -2.3087901e-01   9.1614408e-02  -2.2522065e-02   4.5230521e-02  -2.7790307e-01  -1.3735575e-01  -1.7067167e-01   1.3528613e-02   1.0230330e-01  -1.2205083e-01  -1.0877030e-01   4.4576045e-01   3.7881487e-02  -2.9944535e-02   1.2264074e-01   1.8644393e-01  -1.4802356e-02   6.7457071e-02   3.2384362e-01   5.3582503e-02   1.5507385e-01  -1.6442011e-01  -1.8435718e-01   6.8236583e-02   8.3267441e-02  -1.7097486e-01   4.4953131e-01   1.0067280e-01  -1.3923792e-01   1.0114229e-01   3.6632543e-01
  -2.3350069e-01  -4.9650841e-03  -3.9964788e-01  -1.2124540e-01  -3.0520128e-01  -1.1813209e-01  -3.2074475e-01  -2.5616928e-01   7.6034403e-02  -4.2018877e-01   2.5690571e-01  -4.3857666e-01  -1.9576195e-01   0.0000000e+00   5.3962364e-01  -2.4156425e-01  -3.6906339e-01   2.1697609e-01   1.0255311e-01  -6.2776619e-01   5.6929672e-01   9.2875575e-02   3.8726221e-01  -1.8038895e-02   1.2540572e-01   1.0486821e-01  -1.5518595e-01   3.2962937e-01  -8.7211093e-02   2.3479207e-01   8.7056070e-01  -2.3505458e-01  -9.4828412e-02  -1.5217795e-01   8.4254385e-02  -5.6871306e-01   3.1763298e-01  -1.3945302e-01   3.5675703e-01  -1.6927662e-01   1.5883552e-02  -2.6512956e-01  -4.1410503e-01   2.4725788e-01  -3.1338038e-01  -1.5379475e-01  -5.3072229e-02  -3.9335198e-02   4.2336609e-01  -2.1467433e-01  -1.0936193e-01  -1.2312578e-01   1.7324514e-01   3.2806588e-04   6.4138143e-01   1.5777108e-01  -1.0011897e-01  -8.6433051e-02   1.0060251e-02   1.3758917e-01  -2.0286196e-01  -5.2487473e-01   5.5129256e-02   3.3996471e-01   4.4686695e-01  -4.2581915e-01  -1.5701578e-02   4.9546063e-03   3.2059693e-02  -1.6903371e-01   1.6319608e-01  -7.2803115e-02   1.1316486e-02  -3.1386299e-02   6.0347383e-02  -1.3034931e-01  -1.7806829e-01   7.5785107e-02  -3.3062588e-01   1.3436996e-01   3.4616861e-01  -7.1791874e-02   4.4553492e-01   1.3406868e-01   3.4883634e-01  -1.9516108e-01  -2.2927494e-02   5.3307825e-01  -6.9948059e-02  -2.0850737e-01  -1.8849771e-01  -2.1456169e-01  -1.4684678e-01  -1.4667988e-01  -1.2437541e-01  -4.4026211e-01  -2.3002831e-01  -2.1136484e-01  -3.1523551e-01  -3.3710374e-01   6.8154934e-01  -1.5832468e-01   5.5453184e-01   3.1169802e-01  -1.9606444e-02  -3.7710611e-01   9.0818432e-02   5.5516603e-02  -6.7632854e-02   7.4237047e-02  -1.0843601e-01   2.8677954e-02   9.0593730e-02  -2.2690939e-01   3.1412579e-01  -1.8495016e-01  -1.3313370e-01  -2.0451654e-01   4.5051527e-01  -6.5814552e-02  -2.3712880e-01  -5.0352094e-01  -4.5083097e-01   1.4068513e-01  -1.7076748e-01  -1.7525875e-01  -8.7384049e-02  -9.5304592e-02  -2.6181717e-01  -1.9107867e-01  -1.7184794e-01  -1.9899455e-02   1.0084496e-01   7.3291030e-01  -9.0258681e-02  -2.3523776e-01  -8.8448568e-02   8.2577251e-01  -2.1878855e-01  -1.5136276e-01   1.8178308e-01  -4.2137729e-02  -1.7156030e-02   2.6463961e-02   3.3746255e-01   6.5887233e-01  -4.9319006e-02  -3.0406939e-01  -1.3967400e-02   3.0808159e-01   2.0518445e-01   5.6997322e-01  -1.2977675e-01   2.5375298e-01  -3.1982072e-01  -2.4240265e-01  -2.0830039e-01  -5.1040185e-02  -1.3745970e-01   2.1467945e-01  -2.3134133e-01   5.2865842e-02  -3.1864378e-01   2.8182187e-01  -1.1545153e-01  -4.2301777e-01  -1.1667092e-01   3.6746114e-02   1.1936583e-02  -4.0256046e-02  -6.1471728e-01  -8.9485117e-02   1.5173460e-03  -4.2659137e-02   3.0848544e-01  -6.5596841e-02  -2.6348495e-01
