   0.0000000e+00   1.9968973e-02  -7.8072854e-02   9.8904353e-02  -1.1471311e-01  -1.4535734e-01  -2.5089965e-01   1.3342121e-01   2.5582934e-01  -2.6013466e-01   7.7988874e-02  -8.5359724e-02  -7.6140186e-02  -2.2265144e-01  -9.9028656e-02  -2.4463914e-01  -7.2061796e-02  -1.4102926e-01  -5.1463339e-02  -9.1235588e-02  -1.0573202e-01   1.3262792e-01  -7.1424840e-02   5.4623429e-01  -1.3737529e-02   9.1577200e-02  -1.9318966e-01  -2.9155573e-02   1.2227483e-01   4.1910421e-02  -1.9708187e-01   3.9885581e-01  -8.1006114e-02  -8.4187919e-02  -5.1323343e-02  -7.4860194e-02   1.4339669e-01   2.8516543e-01  -4.0547597e-01  -1.9543279e-01  -1.9731496e-01   8.1211234e-02   3.4526110e-02  -3.3876083e-01  -1.7483864e-02   7.0150958e-01   1.3745681e-02  -1.5433098e-01   1.6064928e-02  -1.1830550e-01  -5.2272407e-03   9.0935889e-03  -2.6407611e-02  -1.4674794e-02  -2.6589096e-01  -2.9459438e-01   9.7528706e-02   3.9210822e-01   1.8034834e-01   2.3513386e-01   4.1088718e-01  -2.4338091e-01  -3.2840165e-02   9.0665326e-02   4.8671816e-02  -1.2129749e-01  -2.6168565e-01  -2.3582346e-01   1.2423494e-01   1.2122957e-01  -2.8277917e-01   8.7904377e-02  -2.7999959e-01   5.6058069e-01  -3.8307477e-02   4.4655581e-01   3.6705730e-01  -1.6679104e-01  -1.6884169e-01  -1.5615248e-01  -2.1826520e-01  -2.8161305e-01  -3.1923521e-01   2.2882825e-02   3.8216185e-01   3.3281855e-01  -9.3395224e-02  -5.6749808e-02  -4.8048315e-02   7.4304922e-01  -2.1918995e-02   4.5652063e-01  -1.9472441e-01   1.1261468e-01   4.9950000e-01  -1.3464609e-01  -1.9174472e-01  -7.8591383e-02  -3.0626777e-01   6.5788786e-03  -1.3092612e-01  -5.6509033e-02  -2.8944107e-01   3.2246343e-02   1.7281532e-01   3.9867709e-01  -2.0581111e-01   1.7803810e-01   2.2118745e-01  -1.5949858e-01  -2.2114119e-01   8.4312175e-02   1.5280762e-02   8.3858405e-01   6.5322774e-02   5.2135168e-02  -1.6424949e-01  -2.3358015e-01  -3.5955285e-01   2.0832442e-01   5.9789582e-01  -1.1859752e-01  -1.1839459e-01   6.6482428e-02   6.6505691e-01  -2.5013673e-02  -2.7818864e-01  -1.0915901e-01   4.8270717e-01  -1.9376471e-01  -5.0575244e-01  -3.2969189e-01   2.0925347e-01  -2.0664379e-01   1.3389528e-01   5.5042412e-01   4.6009879e-02  -3.6666728e-01   5.4025988e-01   6.4299942e-01   7.1263634e-01  -3.0450631e-03   1.6559116e-01  -3.2201009e-01  -1.6086651e-01  -1.3993826e-01  -2.9744952e-01   2.7504056e-03   1.3119171e-02   6.9570515e-03   2.5588061e-01  -2.7919725e-01   5.0346011e-01   4.0615826e-02  -1.6064141e-01   7.2237346e-01   7.0506056e-01   1.4401811e-01   5.0853046e-01  -1.7378085e-01  -1.8359386e-01   1.7771840e-01  -2.3916383e-01   6.9337657e-02   3.5772056e-01  -1.2485739e-01  -9.1452135e-02  -3.6124763e-02   4.0966438e-01   6.8578966e-03   3.2935649e-02   3.2944093e-01  -1.0050897e-01  -2.2438649e-01  -1.4852213e-01  -1.7948396e-01   2.3562946e-01
   1.9968973e-02   0.0000000e+00   2.6201205e-01  -3.5842967e-01   6.0875187e-01  -1.5477769e-01  -5.7810658e-01   2.8415328e-01   4.7374224e-01   2.2308256e-01  -5.9741411e-01   6.7582155e-01  -1.7075093e-01  -4.4702907e-01  -3.0046280e-01  -2.7159615e-01   2.7513563e-01  -3.7784021e-01   2.2898258e-01   4.3091080e-01  -6.2748429e-01  -3.4106708e-01  -7.2871548e-01  -1.8252638e-01   9.7388719e-02   1.4527492e-01  -1.7802695e-01  -6.2260792e-01   3.9918965e-01   1.6669876e-02   2.4494798e-02  -2.5181375e-01   1.1396120e-01   3.4037196e-01   5.9724846e-01  -1.9685301e-02  -1.0571602e-01  -2.8494964e-01   2.6350216e-02   4.7535054e-01  -8.2075318e-02  -3.4431215e-01   6.2501433e-01  -2.1566294e-01   1.0924734e-01  -2.7374959e-01  -5.9447995e-01   3.7748812e-01  -3.8917557e-01   3.0853912e-01  -4.6493815e-01   2.3639454e-01   7.0679664e-01   3.5999515e-02  -4.0156538e-01  -6.9579827e-01  -2.2944319e-01  -1.8295293e-01  -2.3292887e-01  -1.0471494e-01  -4.1017944e-01   1.5513474e-01   7.3368757e-01   3.0250478e-01   4.4245594e-01   5.0449130e-02   2.4340458e-01   2.6918647e-01  -6.0348421e-01  -4.3368887e-02   6.1697925e-01  -4.8518212e-01   2.6108846e-01  -7.7105553e-02   1.5653651e-01  -2.7844777e-01  -4.2003104e-01  -1.6764990e-01   5.1706607e-01   2.0431468e-02  -7.1087204e-01   2.8682890e-02   2.8229617e-01  -1.2165034e-01  -4.0509200e-01  -4.5326316e-01   4.3711562e-01  -3.4502630e-01   7.0315933e-01  -7.3800767e-02   6.8794911e-01  -2.9781887e-01   3.6045694e-01   2.5907771e-01  -2.9326350e-01   4.3366561e-01   1.8479193e-01   1.2687908e-01   2.5200276e-01  -4.0833834e-01  -3.7137834e-01  -4.2508150e-01  -6.1851937e-01   6.1360790e-01  -6.1999708e-01  -8.8751025e-02   1.5055046e-01  -2.3177841e-01  -3.0755732e-01   2.1998325e-01   3.3969592e-01  -5.8581112e-01  -5.2427628e-02  -1.2652994e-01  -4.2620101e-01   8.3038919e-01  -2.4450161e-01   9.3311217e-02  -2.1926945e-01  -4.4449732e-01  -4.2504682e-01   5.5296983e-01   6.9463655e-01   4.3017025e-01  -2.3778656e-01  -5.6045404e-01  -3.4460782e-01   2.8966843e-01  -1.8924196e-01   3.0918255e-01   5.5078831e-02  -1.2521678e-01  -1.3829713e-01   9.5192589e-02   4.7060292e-01  -8.9672619e-02   6.9561678e-02  -5.4476936e-01  -7.3277526e-02  -5.4949371e-02  -2.4376441e-02  -4.6831679e-02  -4.8298770e-01  -1.9875969e-01  -2.3316620e-01  -4.5216857e-01   1.8933718e-01   5.5793949e-01  -4.9929238e-01  -2.4962920e-01  -5.3801178e-01  -4.6034490e-01  -3.8749231e-01   2.5323886e-01   6.8298577e-01  -2.0186946e-01  -2.8166608e-01  -1.6106151e-01  -3.3133906e-01  -5.7901035e-01   2.3107933e-01  -3.2806711e-01   4.8287862e-01  -6.5033600e-01   1.4026119e-01   6.7602918e-01  -2.1624408e-01  -3.7489564e-01  -4.1131736e-01   6.5487927e-01   4.6690400e-01  -2.5706183e-01  -1.5959632e-01  -9.2909026e-02  -2.8860618e-03   2.5676166e-01   2.6919146e-01
  -7.8072854e-02   2.6201205e-01   0.0000000e+00  -5.0703085e-02   3.3780607e-01   4.4158566e-01  -2.3476681e-01  -7.9071944e-02   2.1736278e-03   3.2707493e-01  -3.1787061e-01   5.8569241e-01   3.0257456e-02  -1.4653124e-01  -3.1170679e-01   8.9758744e-02   9.1864677e-01  -2.0616922e-01   9.8765387e-02   5.3849388e-01  -3.6013046e-01  -1.4622345e-01  -3.8285530e-01  -2.4367553e-01   1.5231991e-02  -3.4036151e-02   1.9894726e-01  -2.7058367e-01   7.9053363e-02   4.0495956e-02  -4.4809302e-01  -2.7179715e-01   2.3131009e-01   1.0288226e-01   6.9291485e-02   6.1450635e-02  -2.8851707e-01  -1.0073977e-01   9.5917362e-02   5.8221732e-01   3.8419955e-02   2.2160940e-01   4.1783395e-01   7.0245090e-02  -2.7194119e-01  -2.6926272e-02  -6.5461988e-02  -1.7706809e-01  -4.0847929e-01   6.5195298e-01  -1.8557187e-01  -6.8341478e-02  -6.5898081e-02   5.1810075e-01  -2.1985329e-02  -2.3613148e-01   2.9706539e-01  -1.8491797e-01  -7.1432984e-02  -1.1539457e-01  -8.9430414e-03   6.1150866e-02   4.5443191e-01  -1.5358530e-01  -2.7173472e-01   5.6063416e-02   4.5144759e-01   2.8704300e-01  -1.8068818e-01   6.3943270e-01   4.5888389e-01  -1.9490054e-01  -4.5472699e-02   9.1774911e-02   4.8861140e-03  -2.8256786e-01  -4.2045198e-02  -1.9894071e-01   5.1029148e-02   3.9736285e-02  -2.7454998e-01  -2.3934431e-02   7.9980323e-02  -2.0054620e-01  -6.4986940e-02  -4.0471346e-01  -3.5548819e-01  -1.7090565e-01   1.6573112e-01  -2.0844050e-01  -1.3498897e-02   2.3540703e-01   6.1704851e-01   3.1136834e-02  -1.1441805e-01   5.8215281e-01   2.9848658e-01  -7.4868351e-02   2.1135157e-01  -3.7069695e-01  -2.0197857e-01  -2.1781978e-01  -1.9805197e-01   7.4758964e-02  -3.8885465e-01  -1.8311606e-01   3.1212234e-01  -1.9178159e-01  -3.2598802e-01   2.0432264e-01   4.0048137e-01  -2.2539533e-01  -3.6164647e-02  -1.5650337e-01  -2.6422229e-01  -3.5282872e-02  -8.8268817e-02  -3.8578680e-02   2.2568059e-01  -1.1500924e-01  -5.7818534e-02   4.2208972e-01   6.1574273e-01  -2.3818655e-01  -7.2079623e-02  -1.3721658e-01  -4.0247889e-01  -1.1724649e-02  -1.6942113e-01   7.0100259e-01   8.8440674e-02  -4.6246390e-01   1.5685126e-01  -3.2344699e-01   4.4048322e-01  -1.9200434e-01   1.8291801e-01  -2.0353770e-01  -2.9380012e-01  -1.7168547e-01  -5.0702892e-02   4.5914500e-02  -2.4527553e-01   3.8261507e-01  -3.9056873e-01  -4.8292115e-01   4.9318045e-01   8.6042935e-02  -2.2412710e-02  -4.6598441e-01  -1.4709655e-01  -2.3665472e-01  -7.9016080e-02  -1.3062233e-01   7.1981962e-01  -8.9848096e-02  -6.8227252e-02  -5.0745951e-02   1.3043703e-01  -4.0882084e-01   3.1808604e-01  -1.7695836e-01   1.9584974e-01  -3.2751694e-01  -4.2545364e-02   1.6493370e-01  -2.6184594e-01  -1.8132370e-01   2.3437155e-02  -7.6483203e-02   9.2652831e-03  -1.5540003e-01  -9.2731550e-03   5.4262550e-01   1.3620644e-01   2.9789183e-01  -2.2686728e-03
   9.8904353e-02  -3.5842967e-01  -5.0703085e-02   0.0000000e+00  -1.8485344e-01   1.4292713e-01   1.1932198e-02   5.3747220e-02   1.1294378e-01  -2.2367550e-01   3.7232934e-01  -3.2474612e-01  -4.5242260e-02   3.0117439e-01   1.2361737e-01   2.9773363e-01  -4.3656595e-02   3.9143464e-01  -8.3888135e-02  -7.3275311e-02   3.5566518e-01   7.4681641e-01   1.7933953e-01   2.3380606e-01   2.4218346e-01   9.3363740e-02  -6.2829608e-02   3.4885674e-01  -6.5730897e-02   3.4052967e-01  -2.1944643e-01   5.0618061e-01   1.9754111e-01  -5.0577248e-01  -3.3846427e-01   6.4527170e-03  -5.6330786e-02  -6.6006337e-02   9.3075850e-02  -2.7290780e-01  -1.0439909e-01   4.2260068e-01  -8.8418992e-02   2.9571512e-01  -9.0293520e-02   9.2354774e-02   4.8191898e-01  -5.4366041e-01   4.6064674e-01  -4.8252602e-02   5.0664923e-01  -8.7238861e-02  -5.3939783e-01   3.6918523e-01   2.1630597e-01   2.1622994e-01   4.2188751e-01   6.6867101e-01   4.6463826e-01   1.7961571e-01   2.6961808e-02  -1.7874946e-01  -4.5513368e-02  -1.7653993e-01  -1.9434432e-01  -2.0437332e-01  -9.6434533e-02   1.0910168e-01   5.7304885e-01  -2.0433258e-01  -5.5431008e-01   5.9822600e-01  -3.3372818e-01   3.5901635e-01   2.1195502e-01   1.8000944e-01   3.0172529e-03   2.3101622e-01  -2.8185016e-01   4.5538052e-01   2.4541618e-01  -1.7749975e-01  -3.1204238e-01   1.9537150e-01   1.7036405e-01   2.6152976e-01  -2.7963255e-01   1.4638173e-01  -2.2822229e-01   2.0874656e-02  -2.0475437e-01   2.3765897e-01  -2.0890356e-01  -1.7940291e-02  -4.0149064e-02  -1.0815633e-01   3.0400496e-01   1.0802992e-01   1.6799809e-02   8.7038601e-02   4.3593304e-02  -1.2816630e-01   4.8597738e-01  -2.5060513e-01   5.5097376e-01   6.2206958e-01   2.3710592e-01   4.7111090e-01  -3.5374614e-02  -1.8737047e-01  -3.7771488e-01   6.4221665e-01   5.8000055e-01   7.6787447e-02   4.8220202e-02  -3.9037923e-01   3.9890644e-01  -2.6605605e-01   4.1242967e-02   8.1298288e-01   2.4492112e-01  -2.0734206e-01  -1.7681759e-01  -2.6013192e-01   6.3950901e-02   4.8328966e-01   7.8746319e-03   2.0491518e-01   6.8170066e-01  -3.5043319e-01  -6.9267801e-02  -2.5443803e-01   5.2416294e-01  -5.3502105e-01   2.6781801e-01   1.3873590e-01   3.4315902e-01   1.2342898e-01   1.6857731e-01   1.9501988e-03   1.5804451e-01  -8.9982686e-02   4.4723749e-01   8.4838427e-02  -1.8632002e-01   1.3979252e-01  -4.2025912e-01  -3.4569294e-01   1.8361242e-01  -1.9138288e-01   1.9155994e-01   2.3418301e-01   3.2934171e-01  -2.5274781e-01  -2.8058319e-01   1.5367070e-01   1.4250026e-01   2.3261969e-01   1.8314592e-01   2.1748213e-01  -3.2077089e-02   4.0717577e-01  -4.6091014e-01   6.3381424e-01   5.9224158e-01  -4.3673541e-01  -1.0399430e-01   2.4236108e-01   2.5987052e-01  -4.2437006e-01  -3.5131805e-01  -9.5946434e-02   3.4214033e-01   1.6597925e-01   2.4618594e-01   1.3056069e-01   4.3448617e-01
  -1.1471311e-01   6.0875187e-01   3.3780607e-01  -1.8485344e-01   0.0000000e+00  -9.2592175e-04  -4.1471354e-01   1.6551421e-01   4.3765395e-01   3.4043196e-01  -3.8039978e-01   5.8142329e-01   1.2861730e-01  -4.3605140e-01  -3.2359638e-01  -1.1472855e-01   3.3699378e-01  -1.2901351e-01   5.2204506e-02   8.3442817e-01  -6.3560195e-01  -2.6466673e-01  -5.3675162e-01  -3.1875133e-01   2.4801832e-01  -9.0721780e-02   2.8630158e-01  -4.2159624e-01   3.1209126e-01  -1.4374745e-01  -2.6997059e-01  -2.9790185e-01   2.9191120e-02   2.9506583e-01   3.2580218e-01   5.1500705e-01  -1.0425879e-01  -3.1243143e-01   5.8041645e-02   5.2852342e-01   7.5660299e-02  -1.5378518e-01   6.0407296e-01  -2.0474945e-01   2.0641096e-01  -4.1478620e-01  -1.3558163e-01   7.4337541e-02  -3.2950430e-01   3.0794124e-01  -2.0778137e-01   1.4358247e-01   4.6003222e-01   1.7038468e-01  -3.6552169e-01  -4.6307434e-01  -2.1152596e-01  -2.1191135e-01  -2.6827602e-01  -2.5504993e-01  -3.5431997e-01   5.0995278e-01   6.3002939e-01   9.7004493e-02   2.5209405e-01   2.4540232e-01   2.9962296e-01   4.0783278e-01  -2.8356346e-01   6.4507616e-03   4.2653174e-01  -2.9529862e-01   1.2657754e-01  -2.5952354e-01   2.3612863e-01  -2.7786974e-01  -3.8923187e-01  -1.5141033e-01   7.2914294e-01   1.6553173e-01  -4.8109767e-01   1.1501022e-01   3.7474392e-02  -1.4382706e-01  -5.0263203e-01  -3.8576626e-01   6.5105121e-02  -3.1394608e-01   4.3824411e-01  -2.7496018e-01   7.8792089e-01  -2.8715022e-01   4.3073009e-01   3.5824134e-01  -3.4701160e-01   7.9248251e-01   4.1397014e-01  -1.5058558e-01   6.0241936e-01  -2.9493031e-01  -4.0745079e-01  -4.8772379e-01  -4.9329797e-01   3.0409963e-01  -5.2841263e-01  -1.1509524e-01   2.0015111e-01  -2.0289287e-01  -3.6388527e-01   2.2858784e-01   3.6022957e-01  -5.0783885e-01  -2.3700248e-02  -2.2424665e-01  -3.8882682e-01   6.3929101e-01  -2.3180443e-01   2.8417382e-01  -1.9667154e-01  -2.6583852e-01  -4.7912221e-01   8.6015680e-01   6.2511172e-01   2.9561331e-01  -4.3942439e-01  -4.1789245e-01  -2.2165574e-01   2.2719077e-01  -1.7167562e-01   3.0972285e-01   3.6036329e-01   8.9185073e-02  -3.2242654e-01  -2.3571228e-01   5.4583365e-01  -1.0482576e-01   2.1226275e-01  -4.5893663e-01  -1.2925093e-01  -1.9331187e-01  -2.0738024e-01   1.8402958e-01  -4.4552719e-01  -9.4558523e-02  -3.2642549e-01  -6.0075653e-01   2.5172087e-01   5.5166251e-01  -2.0989579e-01  -4.3396027e-01  -5.2884136e-01  -4.0821572e-01  -4.1276730e-01   2.3696061e-01   6.5192508e-01  -3.2712757e-01  -3.7593636e-01  -1.5970741e-01  -3.0048137e-01  -3.7962340e-01   4.9226897e-01  -3.2175405e-01   4.3460322e-01  -5.3293766e-01   2.9098963e-02   5.3215822e-01   1.2104144e-02  -3.3400776e-01  -4.8338452e-01   3.9974559e-01   4.0403415e-01  -3.3907457e-01   4.5798713e-02   2.8828212e-02   1.2415766e-01   3.2389972e-01   1.5863235e-01
  -1.4535734e-01  -1.5477769e-01   4.4158566e-01   1.4292713e-01  -9.2592175e-04   0.0000000e+00   2.3921693e-01  -1.1078487e-01  -2.4746569e-01   2.6334508e-01   8.6026555e-02   1.5378071e-01   7.5375469e-02   1.8830242e-01   1.5731787e-01   2.1643168e-01   4.9938612e-01   9.7063358e-02   1.5015379e-01   1.2544568e-01   1.8705963e-01   1.2789433e-01   1.0504477e-01  -1.4924567e-01  -1.0450974e-01  -8.3767757e-03   2.3417091e-01   1.6292162e-04  -7.9437947e-02   1.8690249e-01  -1.5577218e-01  -4.4799984e-02   1.2572016e-01  -1.1565149e-01  -2.0503445e-01  -1.7609575e-02  -2.1065718e-01  -1.3535444e-02   5.8137448e-02   2.8683126e-01  -5.6808237e-02   1.7691402e-01   7.2792816e-02   1.5345872e-01  -2.3764979e-01  -2.2654807e-02   2.2774515e-01  -9.2651758e-02   4.5627587e-02   4.2087029e-01   1.9188589e-01  -1.2298799e-01  -3.9636533e-01   1.6414705e-01   2.3071707e-01   7.3007385e-02   5.7552984e-01   1.3494624e-02   6.6644398e-03   2.2136781e-01   6.6739068e-02  -7.7660595e-02   7.7626194e-02  -1.8954059e-01  -4.6289922e-01   4.7810626e-02   6.5894250e-01  -1.0163389e-01   1.2359375e-01   2.9210078e-01   1.1360676e-01   7.9958733e-02  -1.6576572e-01   1.5266303e-01  -1.1202959e-01  -7.2297096e-02   7.6668285e-02  -9.5368922e-02  -1.8297375e-01  -7.0519702e-02   4.6863424e-02  -7.5927802e-02   1.8307305e-01  -1.1782899e-02   1.3296519e-01  -1.5857398e-01  -2.3519433e-01  -1.3941370e-01  -1.3873310e-01  -3.2025914e-01  -3.4004322e-01   2.1224191e-01   4.2822194e-01  -1.1462176e-01  -4.2880192e-02   1.7409913e-01   8.1690742e-02  -6.3402212e-03  -6.5911303e-02  -2.2382426e-02   3.1817096e-02   2.7996405e-01   1.4460237e-01  -2.4440945e-01   3.4699886e-02  -5.7381670e-02   2.9208721e-01   2.5467568e-02  -8.6854691e-02   3.8765102e-01   1.2052661e-01   1.3452933e-01   2.0217103e-02  -1.3066098e-01  -1.9799408e-01  -3.9074563e-01  -1.0347216e-02  -1.2322249e-01   3.3996162e-01   1.4330135e-01  -7.2141537e-03  -5.8480774e-02   1.1661699e-01  -4.8415466e-01  -6.5967925e-02   7.6363281e-02   2.5015765e-02  -1.8398904e-01   1.9983641e-03   3.1776627e-01   6.0032078e-02  -1.4075577e-01   2.6014876e-01  -1.9708758e-01   1.4455604e-01  -3.5908715e-02   4.9000424e-02   1.5224977e-01  -1.3593544e-01  -1.1676869e-01  -2.1406605e-01   4.3178316e-02   1.7889780e-02   3.0146825e-01  -1.5668169e-01  -8.2579581e-02   1.9380811e-01  -2.4292747e-01   2.4641882e-01  -1.4758350e-01   2.7936821e-02   1.2360496e-01  -2.5314656e-02  -2.5321002e-01   1.9493577e-01  -1.1301043e-01  -2.6949743e-02   2.2316956e-02   1.9743315e-01  -1.5163264e-01   2.7479320e-02   4.0830134e-02   4.9740513e-02   9.7970867e-02   8.1636988e-03  -1.5619079e-01  -1.8168857e-01  -2.3094059e-02   1.6949346e-01  -1.1196911e-01  -1.7137721e-01  -1.6625328e-01  -6.8084380e-02   6.6207834e-01  -1.1096600e-01   1.8111143e-01  -1.1199518e-01
  -2.5089965e-01  -5.7810658e-01  -2.3476681e-01   1.1932198e-02  -4.1471354e-01   2.3921693e-01   0.0000000e+00  -2.7739659e-01  -3.1126674e-01   1.4470345e-01   3.3557045e-01  -4.0388426e-01   2.1138942e-01   3.4524237e-01   4.4933172e-01   1.6081645e-01  -2.8787063e-01   2.5882617e-01  -1.2585835e-01  -3.6220279e-01   5.0924647e-01   1.4664696e-01   7.3509424e-01  -7.1265191e-02  -9.4971201e-02  -1.1048305e-01   2.7430071e-01   3.3624956e-01  -2.1815693e-01   7.0132643e-02   2.3419421e-01  -1.3624873e-02  -1.9377890e-01   7.8465950e-02  -2.8208119e-01   3.5946280e-02   2.3002652e-01   6.2965352e-02  -1.3471096e-01  -2.8720726e-01   9.4181422e-02  -3.3314493e-02  -4.8578620e-01   8.7725930e-02   8.7442059e-02  -4.3123999e-02   2.6988000e-01   1.9986631e-01   2.0677869e-01  -4.2071813e-01   3.6135147e-01  -2.2178123e-01  -2.3498898e-01  -2.0444948e-01   3.1416367e-01   6.4264236e-01   1.1263823e-01  -1.5287147e-01   6.2109596e-02   2.8693189e-01   2.8259722e-02   9.6623419e-02  -5.8519948e-01  -1.3458611e-01  -1.9174720e-01   2.2517904e-01  -9.7269397e-03  -3.6121861e-01   2.0587886e-01   9.6443488e-02  -1.7907065e-01   2.3021412e-01  -5.5954850e-02  -1.8611562e-01  -1.9901247e-01   5.4758639e-04   6.8126310e-02   6.9634370e-03  -2.8142703e-01  -1.6227590e-01   5.8854375e-01   1.5089983e-01   4.4719598e-02  -3.5932348e-02   2.1033241e-01   1.2895700e-01  -9.9183883e-02   1.7910314e-01  -5.2246407e-01  -1.4920087e-01  -5.2341182e-01  -9.7467338e-02  -8.3475828e-02  -1.7178685e-01   1.8371406e-02  -4.0985901e-01  -2.2456337e-01  -1.2140426e-01  -1.2406331e-01   6.5879078e-01   3.2786250e-01   6.2052697e-01   4.3990521e-01  -2.5435679e-01   4.4352369e-01  -2.0299066e-01  -2.3894153e-01   1.6215428e-02   1.6766874e-01  -2.9577598e-02   3.8255894e-02   3.4431576e-01  -4.2809200e-02  -8.4766982e-02   3.0154990e-01  -4.8681660e-01   6.0437778e-02   1.9172441e-01   3.1679212e-01   1.8065019e-01  -1.5978565e-02  -4.2282376e-01  -5.1191626e-01  -2.0624523e-01  -1.0886964e-02   3.1079311e-01   5.8099153e-01  -3.6204715e-01  -4.8659367e-02  -6.8697839e-02   4.7449112e-02   5.2135266e-01  -2.7376708e-02   3.3060774e-01  -4.3914137e-01  -1.8426805e-01  -2.7438886e-01   5.7093340e-01  -1.6121922e-01  -1.5621389e-01  -2.0371633e-01  -6.6696719e-02   2.1386524e-01   3.0218402e-01   5.6610475e-01   4.7122268e-01   2.0283498e-01  -2.6463420e-01   4.3096273e-01   5.1628656e-01   3.2974548e-01   3.4972473e-01  -5.2132768e-02  -1.4341651e-01  -4.4197100e-01  -1.7218906e-01  -7.5613935e-02   1.3775398e-01  -8.8733037e-02   4.4011377e-01  -3.4089275e-01   8.0575320e-02  -5.2511619e-02   4.1609699e-01  -3.2995613e-01  -3.4574809e-01   2.9313534e-01   8.0105923e-02   1.5195896e-02  -3.7023284e-01  -3.1497085e-01  -4.2893262e-02   2.3095256e-02   1.0155641e-01  -2.1460830e-01  -2.1346669e-01  -3.0735848e-01
   1.3342121e-01   2.8415328e-01  -7.9071944e-02   5.3747220e-02   1.6551421e-01  -1.1078487e-01  -2.7739659e-01   0.0000000e+00   3.8697774e-01  -1.5627632e-01   1.2650622e-01   3.2874582e-02  -1.0122612e-01  -2.4796709e-01  -3.8376796e-02  -8.0365632e-03  -8.7434602e-03   3.1864832e-02   1.3219705e-01   1.0329835e-01  -2.0761669e-01   1.4968327e-01  -1.5467978e-01   1.7757806e-01   3.1704843e-02   3.4434873e-01  -1.2764960e-01   3.5007452e-02   2.3774238e-01  -7.1473650e-02  -6.0622547e-02   2.7953246e-01  -8.3394142e-02  -1.0221637e-01   1.0139972e-01  -3.2001472e-02   4.2433217e-03  -8.5157018e-02  -5.8957829e-03   1.4620621e-01   3.8202302e-03  -1.3222291e-01   1.2246941e-01   1.0920664e-02   1.8991910e-01  -2.3954711e-02  -7.9161138e-02  -1.1793313e-02  -9.0789551e-02   1.7950845e-01   1.6159056e-01   4.3744117e-01   1.3734549e-01  -4.3922768e-02  -2.7228446e-01  -2.4216073e-01  -1.1994971e-02   2.2211581e-01   2.6390180e-01   7.0419586e-02  -1.2085810e-01   3.8948020e-02   2.7667628e-01   9.7086241e-02   1.8720419e-01  -1.0228979e-01   5.7642682e-02  -7.7572582e-02   9.9737030e-02  -1.9959642e-01  -2.9226348e-02  -1.5130707e-02   1.6861010e-01   1.0246943e-01   5.4796038e-02  -1.2953228e-02  -1.0768080e-01   2.3652517e-01   8.4084718e-02   1.8934756e-01  -3.3565294e-02   1.9869265e-02  -1.0954717e-01   5.3912732e-01  -1.6719738e-01   3.8090216e-02   2.0037596e-01   3.0098814e-02   2.8392333e-01   1.2430294e-01   2.5551561e-01  -4.2748395e-02  -5.2965237e-02   5.3144382e-02  -3.0008122e-02   8.7769256e-02   1.0440943e-01   2.8440603e-01   1.1483872e-01  -5.3424114e-02  -9.3300208e-02  -1.2612199e-01  -2.1533785e-01   1.7341629e-01   5.5472937e-02   2.7359083e-01   2.1359005e-02   5.5000769e-01  -9.6823352e-02  -1.3846923e-01  -1.3485204e-01  -1.7862364e-02   1.0423675e-01   9.6370923e-02   2.6660422e-02   3.0812640e-01   1.8097338e-01   2.1476188e-02  -2.4398973e-01   9.0860802e-02  -3.9701379e-02   1.2742772e-01   1.6757812e-01   1.4910292e-01   2.5664594e-02   1.0147365e-02  -4.3750420e-02   2.2878472e-01   2.2277130e-01  -9.3369019e-02   7.3103147e-04   3.1426251e-02   1.2379468e-02  -4.1954750e-02   2.3084230e-01   2.1855998e-01   2.0109159e-01  -2.2801857e-01   1.9292262e-01   9.7771930e-02   2.5427221e-01  -1.0856532e-01   2.1831412e-01  -3.0961269e-01  -5.0590200e-02  -1.2843308e-01  -1.7142189e-01   1.1080290e-01  -1.6287117e-01  -6.5443630e-02  -5.8570402e-02   7.1476679e-02  -5.6311450e-02   1.6192070e-01   9.0330597e-02   1.3275230e-02   2.3637495e-02   2.6024506e-01  -7.5024455e-02   5.0867022e-02  -4.9532885e-02   2.7011448e-01   4.9643495e-02  -1.6902944e-02   4.5874219e-01   2.0013680e-01  -5.4474331e-02   1.7171077e-01  -9.6310000e-02   2.5650652e-01   1.8391926e-01  -1.4295972e-01  -4.4159735e-02  -3.4498691e-01  -7.4675819e-02   2.6678253e-02   5.3161493e-01
   2.5582934e-01   4.7374224e-01   2.1736278e-03   1.1294378e-01   4.3765395e-01  -2.4746569e-01  -3.1126674e-01   3.8697774e-01   0.0000000e+00   1.1782903e-01  -7.7660852e-02   3.0790175e-01   5.2030222e-02  -5.0200922e-01  -6.7768223e-02  -3.5183020e-02  -7.5406564e-02   4.0421920e-02   6.1613258e-02   3.5545260e-01  -4.9392621e-01   8.9841483e-02  -3.3735427e-01   5.8497851e-02   9.0443325e-02   2.1991913e-01   6.7395254e-02  -2.9995098e-01   2.5888669e-01   2.6819917e-01  -2.2477998e-01   1.6493810e-01  -1.0460602e-01   1.7689769e-01   2.4994055e-01   3.3336466e-01   1.2100005e-02  -3.5337011e-01  -3.2024188e-02   1.0414526e-01  -1.1867071e-02  -2.0041005e-01   4.8172725e-01  -3.2473853e-01   5.1481825e-01  -6.8770158e-02  -8.1772847e-02  -1.4921554e-02  -1.6982526e-01  -2.6115719e-02   1.1331107e-01   2.6948693e-01   5.0057218e-01   5.1524146e-02  -4.5392334e-01  -4.0358468e-01  -5.9105894e-02   2.1604963e-01   9.5916552e-02   1.5143511e-01  -3.4457577e-01   3.0776127e-01   4.5991017e-01   4.6358862e-01   5.5609363e-01   2.8686472e-01  -1.0209076e-01   1.5752432e-01   2.8931890e-02  -2.3527837e-01  -3.3270489e-02   8.9081544e-02   1.2555130e-01   2.6771332e-02   1.9319461e-01  -2.0852792e-02  -3.8495970e-01  -6.7477110e-02   4.6643540e-01   1.1672575e-01  -4.0125700e-01   1.2999461e-01  -3.4395381e-01  -2.3896247e-02  -3.9611954e-01  -1.1242400e-01   2.0205646e-02  -1.4101829e-01   4.3248268e-01   5.8534443e-02   5.6161002e-01  -2.3689785e-01  -5.6162842e-02   6.0520934e-01  -2.4531037e-01   2.5164779e-01   2.9069463e-01   1.4821953e-01   4.1041678e-01   4.8325924e-02  -5.0143202e-01  -2.1929089e-01  -4.2027005e-01   6.1267190e-01  -5.8187498e-02   2.7173872e-01  -7.2703287e-02   2.0252181e-01  -1.6364628e-01  -1.7867383e-01   1.1167106e-02  -1.4040066e-01   3.5144176e-01   1.5592227e-01  -3.0200322e-01   5.9844716e-01  -1.5043463e-01   1.8478882e-01  -4.9736227e-01   1.2279407e-01  -1.7382974e-01   4.7228665e-01   3.5484232e-01   5.0582094e-01  -8.7160510e-02  -1.6001535e-01  -6.2167228e-02   5.4947411e-02   3.1205679e-01  -1.4121714e-01   1.4937862e-01   8.1481851e-02  -1.6438603e-01  -1.6832676e-01   6.1450272e-01   1.9104825e-01   1.9254340e-01  -5.5125535e-01   1.5998717e-01  -1.9839799e-02   1.7620026e-01  -1.1989447e-01  -7.4457464e-02  -3.7465725e-01   2.7651362e-02  -2.6012833e-01  -1.3401279e-01   5.6257737e-01  -3.0746735e-02  -2.6975821e-01  -4.0607483e-01  -4.6264241e-01  -1.6742464e-01   4.5849812e-01   2.9620533e-01  -3.5111302e-02  -7.6724053e-02   1.3604021e-01  -2.5785681e-01  -2.4129755e-01   2.1895556e-01   1.2286794e-02   1.2521178e-01  -1.2720798e-01   4.2219806e-01   3.8515807e-01   2.3417687e-01  -2.6775874e-01  -2.9941569e-01   1.1996410e-01   3.3351591e-01  -3.5066733e-01   2.8778642e-01  -3.1825709e-01  -3.3107688e-02   1.0446170e-01   5.5089828e-01
  -2.6013466e-01   2.2308256e-01   3.2707493e-01  -2.2367550e-01   3.4043196e-01   2.6334508e-01   1.4470345e-01  -1.5627632e-01   1.1782903e-01   0.0000000e+00  -2.7130123e-01   6.1159877e-01   1.4899168e-01  -4.2978066e-01  -5.9231759e-02   8.5268906e-02   2.1057877e-01  -1.4657480e-01   8.5632381e-02   3.7069478e-01  -4.3142113e-01  -2.2947625e-01  -2.7222015e-01  -4.3142688e-01  -1.7812610e-02  -6.2563805e-02   2.0709050e-01  -4.3682460e-01  -4.3426306e-02   3.5635919e-02  -3.7525858e-01  -2.6953599e-01  -1.5309403e-01   6.3403976e-01   3.1515329e-01   2.5616492e-01  -2.3527885e-01  -3.8457451e-01   4.0427103e-02   2.8108523e-01  -1.4393842e-01  -1.8382016e-01   5.2082610e-01  -1.1893925e-01   1.5972604e-01  -3.8082919e-01  -1.8447729e-01   1.5940798e-01  -4.1828269e-01   2.5761264e-01  -2.1017657e-01  -4.8019950e-02   2.9544652e-01  -9.0602938e-02  -2.9394749e-01  -1.2274107e-01  -5.8522042e-02  -2.6820974e-01  -3.3248560e-01   3.0843269e-03  -3.3339232e-01   3.5860764e-01   3.4786965e-01  -1.6430484e-02  -5.4763005e-02   6.3962802e-01   3.6473343e-01   1.7497760e-01  -2.7829212e-01   4.5354732e-02   3.4717181e-01  -1.5599346e-01   8.4124771e-02  -3.7502275e-01  -2.8066770e-02  -1.9076366e-01  -3.0065269e-01  -1.3548364e-01   4.7995215e-01  -1.3872297e-01  -3.6684122e-01   2.8511630e-01   7.9333554e-02  -2.3939677e-01  -4.9399073e-01  -4.0236594e-01  -1.3063623e-01  -4.9373569e-01   1.2103454e-01  -4.0400009e-01   1.5998157e-01  -3.1999807e-01   6.1063273e-01   3.5341674e-01  -3.7004032e-01   3.2385164e-01   1.1072635e-01  -5.0247135e-02   2.9105687e-01   3.2489767e-04  -5.1688630e-01   1.5123730e-01  -3.7213999e-01   1.3395820e-01  -3.6128051e-01  -2.5234645e-01  -6.1698667e-02  -2.1884204e-01  -2.8559225e-01   2.4502551e-01   6.5728103e-01  -3.3786661e-01  -3.4460570e-02  -3.3633547e-01  -5.8266431e-01   1.8598275e-01  -1.5191210e-01   2.7840585e-01  -9.7596844e-02  -2.2506183e-01  -3.8322823e-01   4.7657525e-01   4.4133483e-01  -8.5819741e-02  -4.2221153e-01  -3.8789485e-01  -5.7503821e-02  -1.5771112e-01  -2.6267541e-01   1.8275702e-01   1.9101544e-01   2.0062882e-01  -3.0417144e-01  -8.3707303e-02   3.6793575e-01  -1.3498707e-01  -9.6862207e-02  -3.6467178e-01  -2.0115922e-01  -3.2606309e-01  -3.6546202e-01   2.2285075e-02  -1.8425447e-01   1.1059965e-01   9.1763644e-02  -4.7484326e-01   4.6896924e-01   2.6839803e-01   1.2726804e-01  -3.2580633e-01  -5.3574755e-01  -4.4818569e-01  -4.0231577e-01   9.0913461e-02   5.3835256e-01  -3.3193727e-01  -3.5176099e-01  -2.1917246e-01  -3.3738210e-01  -3.4373004e-01   3.3971358e-01  -1.5641266e-01   2.9727687e-01  -4.1666174e-01  -1.9509839e-01   4.4176487e-01   1.0174099e-01  -2.8945700e-01  -4.0022479e-01   4.3368149e-02   2.1946333e-01  -3.5995987e-01   3.9860824e-02   2.3494873e-01  -1.2409883e-03   8.8764803e-02  -8.3941719e-02
   7.7988874e-02  -5.9741411e-01  -3.1787061e-01   3.7232934e-01  -3.8039978e-01   8.6026555e-02   3.3557045e-01   1.2650622e-01  -7.7660852e-02  -2.7130123e-01   0.0000000e+00  -5.0052803e-01   1.9855691e-01   1.2714384e-01   2.5029003e-01   3.1044932e-01  -3.5590112e-01   6.4013127e-01  -1.7906312e-01  -2.8624562e-01   4.1081757e-01   5.2845094e-01   4.8414750e-01   2.2390259e-01  -5.1621781e-02   1.2138761e-01   6.1006485e-02   5.5188256e-01  -2.7689100e-01   2.0388369e-01  -1.3444568e-01   5.4460539e-01  -2.2620691e-01  -3.5257390e-01  -6.2983215e-01   3.2238924e-01  -4.7381759e-05   1.4581537e-01  -6.5643136e-03  -3.9432473e-01   7.4193775e-02   1.4766927e-01  -4.1898249e-01   2.7136337e-01   1.1122635e-01   2.5790730e-01   7.6995996e-01  -3.5794512e-01   2.8324290e-01  -3.0246539e-01   6.7419004e-01  -4.6003969e-02  -4.8355453e-01  -1.9732224e-01   3.9207824e-02   6.3294189e-01   2.3410796e-01   4.7053278e-01   5.1958830e-01   2.4565413e-01   2.7185016e-01  -1.3974454e-01  -4.1626499e-01   8.0241552e-03  -2.4607509e-01   1.2496966e-01  -2.1965753e-01  -2.8585293e-01   7.5413552e-01  -8.2152108e-02  -6.7213701e-01   5.7459056e-01  -9.1582688e-02   2.7867580e-01  -2.1277130e-01   4.4060722e-01   3.1058571e-01   3.7124529e-01  -2.9222006e-01   7.1373963e-02   5.1840076e-01  -1.3271578e-02  -3.5030686e-01   2.1852425e-01   1.7847069e-01   5.9573852e-01  -4.2176428e-01   2.0115717e-01  -2.8802424e-01   1.3646221e-01  -3.5148766e-01   1.6868218e-01  -3.7274611e-01  -7.9101347e-02   2.4389882e-01  -3.8349916e-01  -1.3464854e-01  -8.5258802e-02  -9.6899666e-02   2.1899926e-01   9.1262306e-02   3.8258150e-01   3.8211470e-01  -3.2683903e-01   7.4251066e-01   4.0617192e-01  -2.4638091e-01   5.0419420e-01   1.7547354e-01  -1.2192558e-01  -3.6280987e-01   6.6467133e-01   2.3346125e-01   2.6619740e-01   2.3832283e-01  -4.9477879e-01   4.8027291e-01  -4.7870774e-02   2.3924124e-02   4.9069414e-01   3.3431245e-01  -3.6170601e-01  -5.5772695e-01  -1.4801742e-01   2.2194769e-01   5.1134467e-01   1.8016361e-01  -2.8546748e-01   4.4495920e-01  -3.3603883e-01   2.1023801e-02   2.2380527e-01   1.5770536e-01  -1.8458332e-01  -2.3880271e-01   3.6363785e-01  -3.2095984e-02   2.2113068e-01   3.6188055e-01   1.3134852e-01   2.1747330e-01   1.5720293e-02   7.5097863e-01   6.5592795e-02   8.4240992e-02   3.1161386e-01  -4.5196570e-01  -1.4620160e-01   6.8300504e-01   8.4443460e-03   3.3907432e-01   3.0600625e-01   2.7473113e-01   2.0264374e-01  -5.6308646e-01   2.0195345e-01   3.1622639e-01   4.0542720e-01   1.9721145e-01   4.8103290e-01  -2.3540276e-01   6.9537059e-01  -2.6722977e-01   7.1582469e-01   2.6353759e-01  -5.4597787e-01   4.1837614e-01   3.8178420e-01   1.7379027e-01  -5.4525059e-01  -2.7556107e-01   3.5434971e-02   3.1360426e-01  -5.6911505e-03  -4.7966417e-02  -1.4626972e-01   2.0441480e-01
  -8.5359724e-02   6.7582155e-01   5.8569241e-01  -3.2474612e-01   5.8142329e-01   1.5378071e-01  -4.0388426e-01   3.2874582e-02   3.0790175e-01   6.1159877e-01  -5.0052803e-01   0.0000000e+00  -2.9266403e-02  -5.9106794e-01  -3.1567400e-01  -2.3822997e-02   4.9850565e-01  -3.7369333e-01   1.6010706e-01   5.8227319e-01  -7.5733657e-01  -3.7467401e-01  -6.9464063e-01  -3.3373883e-01   4.9759186e-02  -6.8793608e-04  -2.9955235e-02  -6.0257991e-01   2.1671389e-01  -2.7190268e-02  -4.4336023e-01  -3.1473769e-01  -3.7604668e-02   6.4656435e-01   5.8631143e-01   1.7684728e-01  -3.2908718e-01  -3.3343490e-01   1.0318080e-01   5.9069388e-01  -1.0642454e-01  -2.4914446e-01   8.2903325e-01  -1.3562304e-01   2.7098695e-02  -3.1125794e-01  -4.4347577e-01   2.1595227e-01  -6.3148246e-01   5.0148029e-01  -4.5090710e-01   1.1882647e-01   5.1656725e-01   9.2921404e-02  -4.5173879e-01  -4.9055399e-01  -2.9942625e-02  -2.3281402e-01  -3.6363458e-01  -1.0463722e-01  -3.1482339e-01   2.2857553e-01   7.0057738e-01   4.3659424e-02   2.8243004e-02   3.4445449e-01   4.0078520e-01   2.8544932e-01  -5.1840224e-01   2.2992845e-01   5.9303818e-01  -4.1670751e-01   1.2626279e-01  -2.1295417e-01  -3.7532480e-02  -1.7467132e-01  -3.2246693e-01  -2.0221305e-01   5.5162662e-01  -1.2545898e-01  -6.4359605e-01   1.6808599e-01   1.9006311e-01  -2.8912165e-01  -5.3441182e-01  -4.3445256e-01  -2.2096729e-03  -4.6010026e-01   5.2264522e-01  -2.6078243e-01   4.0319778e-01  -2.3260080e-01   7.3587542e-01   3.8666891e-01  -3.4015799e-01   5.8208244e-01   1.8298142e-01  -2.4395800e-02   3.2221245e-01  -4.6657112e-01  -5.7657765e-01  -2.0942944e-01  -6.3000103e-01   3.6414500e-01  -6.5705640e-01  -2.2648470e-01   1.0061884e-01  -3.7101419e-01  -3.3797590e-01   3.3174899e-01   7.0684108e-01  -5.5099864e-01  -5.1928953e-02  -2.3079571e-01  -6.1551781e-01   4.8439420e-01  -2.0272027e-01   1.2020164e-01  -1.2693480e-01  -4.4504215e-01  -3.4727100e-01   6.7045737e-01   8.0938606e-01   7.0680568e-03  -3.4571881e-01  -4.9576184e-01  -4.6769281e-01   1.9155873e-02  -2.7012203e-01   4.6701634e-01   1.0068423e-01  -2.2273243e-01  -3.1588415e-01  -1.4163975e-01   6.3828365e-01  -3.0840679e-02  -2.8655523e-03  -5.8546781e-01  -1.1738984e-01  -1.7061997e-01  -1.3931742e-01   1.1387248e-01  -3.6888222e-01   6.6270023e-02  -2.1753148e-01  -7.5903414e-01   5.1906427e-01   5.0159274e-01  -1.7113665e-01  -5.0979238e-01  -6.0000502e-01  -5.4620156e-01  -3.6309131e-01   1.4315390e-01   8.7733956e-01  -2.2007060e-01  -2.7830575e-01  -2.3601378e-01  -2.6892054e-01  -5.7187971e-01   4.6832021e-01  -2.4892025e-01   4.1173330e-01  -6.9739122e-01  -7.2370091e-02   7.0003428e-01  -7.3736549e-02  -3.4969418e-01  -3.9073845e-01   3.5259616e-01   5.0950791e-01  -2.9945830e-01  -1.0217037e-01   2.3852144e-01  -2.1679886e-04   2.6069166e-01   4.9962338e-02
  -7.6140186e-02  -1.7075093e-01   3.0257456e-02  -4.5242260e-02   1.2861730e-01   7.5375469e-02   2.1138942e-01  -1.0122612e-01   5.2030222e-02   1.4899168e-01   1.9855691e-01  -2.9266403e-02   0.0000000e+00  -1.2622794e-01  -6.4053726e-02   2.3113726e-01  -1.9579793e-02   4.9170068e-02  -3.9107080e-02   2.9963450e-01  -4.4886620e-03  -1.1243493e-02   1.5864977e-01  -2.0216251e-01  -1.1855337e-01  -1.6326248e-01   3.2155554e-01  -9.7692351e-02  -1.3869839e-01   9.3038824e-02  -1.8836510e-01  -3.1780118e-02  -2.0996996e-01   3.9538479e-02  -2.9565836e-01   4.6379028e-01  -3.2162194e-02  -2.6107247e-01   1.0311159e-01   5.5265595e-02   6.2969802e-01  -1.1646678e-01  -1.0699569e-01  -1.9268293e-01   9.7512624e-02  -1.4857606e-01   3.1347274e-01  -1.0150205e-01  -1.4238556e-01  -8.5370479e-02   1.3642476e-01  -9.0240695e-02  -8.0286319e-02  -8.7073835e-02  -7.9969241e-02   1.1492055e-01  -5.2240028e-02  -9.8322291e-02   8.7428670e-02   1.8020255e-01  -1.7210347e-01   2.4342652e-01  -1.6260698e-01   3.2050510e-02  -5.9257460e-02   1.1120028e-01  -6.0761634e-02   1.5965511e-01   1.6350931e-01   2.4698188e-02  -1.0034150e-01   1.2670009e-01   2.7698947e-01  -2.9857524e-02  -8.6744272e-02  -1.0277657e-01  -1.3593343e-01  -2.7531485e-01   7.6288282e-02   2.9822122e-02   6.8105147e-02   3.0633911e-01  -2.3876145e-01  -2.4583530e-01  -2.3783430e-01  -7.1278974e-02  -2.8550727e-01   2.9514912e-02  -1.2327543e-01  -1.3335123e-01   9.1181527e-03  -1.8486936e-01   7.6426700e-02   1.1553353e-01  -2.0093936e-01   2.2121864e-01   1.4055870e-02  -1.0537987e-01   1.1534829e-01   8.9525613e-02  -1.3564481e-01   1.7248186e-01  -7.6109373e-02   2.8680356e-03   1.3603974e-01  -5.5876743e-02  -2.7437111e-01  -4.7621676e-02   3.8494473e-03  -7.3425803e-03   5.1539577e-02  -8.5653250e-03  -2.6075964e-02  -1.4885942e-01   4.9625833e-02  -6.1257078e-02  -2.3933903e-01   6.7010964e-01  -5.1266467e-02   7.7873382e-02  -2.1075411e-01   2.0902060e-01  -1.2434921e-01   6.7862887e-02  -2.0367769e-01   3.4635367e-02   4.5855131e-02  -2.3505213e-01   4.0815820e-02   2.8777233e-02   4.4705422e-01   1.6571840e-01  -2.0933742e-01  -1.1593747e-01  -7.5354880e-03  -1.1607154e-01  -4.9955733e-02   1.9631997e-02  -1.2737160e-01  -2.7970006e-01  -1.2634584e-01   2.4162976e-01   1.5858784e-02   3.8625947e-02  -7.3855097e-02  -3.9815330e-02   1.4650838e-01   1.3231803e-01   3.2850886e-01  -2.0764622e-02  -1.2608380e-01  -9.4527015e-02  -2.5124936e-01   6.2322115e-02  -7.3676537e-03  -2.8972773e-01  -2.0513235e-01   2.7520072e-01  -1.8618586e-01   3.3686745e-02   8.1987622e-02  -2.5569354e-02   9.9227068e-02   8.1523125e-02  -1.5830244e-01  -1.2272651e-01   2.6313565e-01  -2.5150710e-01  -2.5057415e-01  -1.9560815e-01   4.4522837e-02  -2.8597115e-01   1.7015329e-01  -2.9202589e-02  -1.1328845e-01  -1.0256713e-01   3.5824568e-02
  -2.2265144e-01  -4.4702907e-01  -1.4653124e-01   3.0117439e-01  -4.3605140e-01   1.8830242e-01   3.4524237e-01  -2.4796709e-01  -5.0200922e-01  -4.2978066e-01   1.2714384e-01  -5.9106794e-01  -1.2622794e-01   0.0000000e+00   2.6029573e-01   6.9694294e-02  -3.8614797e-02   1.5880835e-01  -2.2022421e-02  -4.4046854e-01   8.1431267e-01   2.9199603e-01   4.5842182e-01   1.1286112e-01  -4.0002705e-02  -3.4477274e-02  -1.7845537e-01   5.2449587e-01  -1.2824826e-01   3.6320989e-02   5.2787518e-01  -4.6616901e-02   2.8830476e-01  -5.5898150e-01  -3.7494659e-01  -3.3537529e-01   4.9400660e-02   1.9051029e-01   1.3118270e-01  -3.7789927e-01   1.1357708e-01   2.7803168e-01  -5.2323680e-01   5.1802635e-01  -4.5192292e-01   1.6191359e-02   1.7398860e-01  -8.2707416e-02   5.8420616e-01  -1.7548874e-01   1.1333455e-01  -1.1730491e-01  -5.2428633e-01   1.1775405e-01   8.4158292e-01   4.5127330e-01   2.7029435e-01   3.3617845e-02   8.3697053e-02  -1.5842294e-01   1.4109390e-01  -2.8185478e-01  -4.5841545e-01  -2.1558275e-01  -3.3899683e-01  -4.2024618e-01  -2.5529622e-02  -2.0505917e-01   1.5840262e-01  -9.2033646e-02  -1.8351163e-01   7.1523651e-02  -9.3499352e-02   1.5062702e-01  -5.6294214e-03  -1.7864723e-02   1.6373961e-01   1.7921167e-01  -4.9102914e-01   1.3335502e-01   6.1202626e-01  -2.0342550e-01   3.6677331e-01   9.9744337e-02   6.0373205e-01   1.6559457e-01   1.3090254e-01   5.3936744e-01  -4.7773185e-01  -7.2996279e-02  -4.7537565e-01   1.8230354e-01  -2.3255069e-01  -5.6261836e-01   5.2193085e-02  -3.6890368e-01  -6.6857529e-02   3.4118018e-02  -3.0040750e-01   8.2258477e-02   7.8822135e-01   3.1074718e-02   8.3147271e-01  -4.3448156e-01   2.6710734e-01  -2.6341965e-02   2.8834236e-01  -1.5412097e-02   1.1722954e-01   7.0315774e-02  -3.7220093e-01   4.0069550e-01  -4.9229483e-02  -1.6717811e-01   5.4672097e-01  -5.3523720e-01   2.2972330e-01  -3.2383296e-01   6.2624122e-01   2.3726192e-01   1.1090787e-01  -5.8356872e-01  -4.6648424e-01  -2.7311117e-01   7.4739666e-02   5.5138731e-01   3.3964755e-01   1.5777745e-01  -5.2929604e-02  -1.2758268e-01  -6.1756370e-02  -3.7205556e-02   4.8418342e-01   1.4220247e-01  -5.0212365e-01  -1.9986381e-01   4.1582682e-03   8.3473730e-01  -2.0278258e-01  -1.7783146e-01  -1.7142920e-01  -1.1508935e-01   7.6358232e-02   4.1005022e-01  -1.4107955e-02   6.6769849e-01  -1.7496357e-01  -5.0372594e-01  -3.5648776e-02   3.6218818e-01   5.3468653e-01   7.4742673e-01   1.9367598e-01  -2.9936789e-01  -5.1479375e-01  -6.9660296e-02  -5.5929604e-02  -1.7811671e-02   1.5729542e-01   4.7152245e-01  -4.4345723e-01   3.8672117e-02  -1.9961767e-01   4.1794903e-01  -1.0555860e-01  -5.6072304e-01  -2.7952777e-01   3.5757282e-01   4.0441321e-01  -1.7938619e-01  -5.8066257e-01   1.0462802e-01  -9.0855566e-02   2.6373731e-01   1.1537529e-01   1.2058768e-01  -2.2588193e-01
