   0.0000000e+00   2.0867396e-01   3.3732098e-02   1.4497038e-01   6.1993132e-02   3.6774152e-01  -2.3814937e-02  -1.6237444e-02   1.3061072e-01  -3.5971815e-02   1.6902918e-01   1.8765044e-01  -1.9391974e-01   1.5179191e-01   1.8511551e-01  -1.3314553e-01   3.9563142e-02   2.1794371e-01  -1.3642742e-01   4.5806535e-02  -1.7954598e-01   5.8312003e-02  -2.5554414e-01   6.2436722e-01   5.6237370e-02   1.0059621e-01   2.1418060e-01  -5.8804158e-02  -5.7034417e-02   3.4508358e-01  -1.4997247e-02   1.4293596e-01   4.8427377e-03  -3.8189389e-01  -2.7722592e-01   8.5640738e-02  -2.2164148e-01   4.6194609e-01   8.9293702e-02  -1.3658163e-01  -1.3475254e-02   2.7578909e-01   6.5673968e-02   3.2170138e-01   7.2050078e-02   7.4387086e-01   3.6066821e-01  -3.6847409e-01   2.8468393e-01  -5.5218537e-02   1.6391968e-01  -3.9667825e-02  -4.8594318e-01  -3.2236371e-02  -2.8377240e-02   2.3180781e-01   2.3398378e-01   1.7356376e-01   6.8396089e-02  -7.6004666e-02   5.3487517e-01   7.2323330e-02   9.3786815e-02   2.1588411e-01  -4.0835539e-02   1.9177441e-01   3.6569672e-01   1.2491431e-01   1.8455691e-01   4.2134291e-01  -2.5958375e-01   1.3183803e-01  -4.9432872e-02   1.5389376e-01  -1.3864944e-01   1.0150432e-01   6.4744166e-01   4.8747875e-03  -9.3124511e-04   1.8271260e-01  -1.1306814e-01  -1.0957750e-01  -1.1432574e-01   9.9495551e-02   3.1664331e-01   3.0082134e-02  -1.4487281e-01   2.7715152e-01   1.3755833e-01   7.8195439e-01  -9.6705303e-02   5.6676907e-01  -3.4729699e-03   1.5413703e-01   4.6536050e-01   7.1936711e-02  -6.4979217e-02  -3.0652015e-01   1.7470633e-01  -2.9144960e-01  -1.6935281e-01   3.6889185e-01   9.4574541e-02  -4.6582856e-02   1.1947669e-01   2.0518633e-01   1.5397360e-01  -5.1578233e-02  -9.3607474e-02  -1.9634173e-01  -2.4646766e-01   2.5262414e-01  -6.5727979e-02   7.2204739e-01  -1.2500850e-01  -1.1151615e-01   1.1770696e-01   5.6973279e-02   2.7131617e-01   1.9432932e-01   6.3723767e-01   2.8002091e-02   1.4789505e-01  -5.4409979e-02   5.8720988e-01  -1.2764110e-01  -1.4377363e-01  -6.2938043e-02   2.4597883e-01   1.6212689e-01  -1.8914941e-01  -2.0329110e-01   2.8870165e-01  -3.6537691e-01   1.1400776e-01   2.8064385e-01  -9.2933733e-02  -3.4349374e-01   2.0736394e-01   4.2890545e-01   6.6882440e-01  -9.5202623e-02   1.6025072e-01   2.7808061e-01  -8.9799386e-02   2.8654867e-01  -4.6809757e-01   2.6062909e-01   1.0127404e-01  -3.6537537e-01   4.5433605e-01  -1.7010846e-01   6.8886644e-01   6.0903294e-02  -3.9077052e-02   4.1023912e-01   5.5166633e-01   1.2915304e-01   4.3132298e-01   3.5849018e-02   3.6628238e-02   1.4122829e-01  -1.2251088e-01   1.8849357e-01   1.7619319e-01  -1.9761328e-01  -6.5552769e-02   4.1991998e-01   6.3677796e-01  -1.0390871e-01  -1.4664903e-01   3.0000166e-01   1.6984332e-01   2.7665118e-01  -1.4488606e-01   1.6690632e-02   6.4449841e-02
   2.0867396e-01   0.0000000e+00   6.0571541e-02   3.1121636e-01  -2.3111809e-01   4.4906718e-01   2.1882130e-01  -3.8116656e-01   7.1630655e-03   1.1550865e-02   3.5121534e-01   4.8559397e-01  -3.4630990e-02   6.1105937e-01   4.5622761e-01   1.0514131e-01   1.5248961e-01   5.5226381e-01  -4.3096090e-02  -3.0382302e-01   1.7700790e-01   2.9068530e-01  -2.8123569e-01   1.4528280e-01   1.2700273e-01   7.2064713e-02  -3.1416147e-02  -5.5534879e-04  -2.1697491e-01   5.6387103e-01   4.2171489e-01   3.3263059e-01   2.7810870e-02  -4.8467251e-01  -3.6772546e-01   7.0373605e-02  -1.2904517e-01   2.3788082e-01   2.0429041e-01  -3.5673226e-01   1.5611406e-01   6.5266865e-02  -1.5119999e-01   5.9116437e-01  -2.3373612e-02   3.6385323e-01   4.5450707e-01   1.5723690e-01   2.1602407e-02  -3.6865157e-01   5.3203509e-01  -2.3677133e-02  -4.0110184e-01  -1.9858854e-01   1.8983329e-01   4.4199540e-01   4.7357331e-01   3.3448176e-01   2.7336599e-01   3.2068814e-01   2.8441640e-01  -5.3620542e-02  -2.7385297e-01  -2.0493712e-02  -2.0055895e-01   5.6618527e-01   4.6922603e-01   8.9330999e-03   3.4225328e-01   5.1095101e-01  -4.0105944e-01   4.9243079e-02   7.4079082e-02   3.7209937e-02  -3.0369022e-01   2.6903391e-01   2.2794381e-01   2.9223777e-01  -4.9590883e-01   1.9477190e-01   4.4342392e-02   9.3986366e-02   5.0992611e-01   1.6418608e-02   6.9210180e-01   9.7015700e-02  -2.4305272e-01   1.9191364e-01  -1.5374879e-01   1.7086233e-01  -5.5231207e-01   2.4291649e-01  -2.8811646e-01  -1.0271856e-01   5.6157244e-02  -4.8760653e-01  -2.1162050e-01  -2.5597603e-01  -1.2039673e-01  -1.5711580e-01   3.5748811e-01   2.4337740e-01   5.1120874e-01   1.4581045e-01   3.5810035e-01   2.9482318e-01   8.3140389e-02  -1.1575070e-01  -1.5524946e-01   1.4908161e-02   2.2497468e-01   4.6029896e-01  -2.2219044e-01   1.5476844e-01  -1.2703022e-01  -5.6589765e-01   3.4136950e-01   1.4516065e-01   4.3370231e-01   3.1427145e-01   1.9301609e-01  -5.1132410e-01  -1.4919484e-01   1.4249636e-02   4.3469114e-02   1.9126968e-01   2.4519909e-01  -1.2062041e-01   2.6434130e-01   4.2373603e-01  -9.0770852e-02   5.0710515e-03   6.2281293e-01   2.2955816e-01  -1.8434593e-01   2.4851472e-03  -2.3806444e-01  -7.3314490e-02  -1.6800397e-02   1.7868177e-01   2.5217942e-01   1.0959275e-02   3.6217933e-01   5.9395719e-01   1.7178780e-01   4.3385129e-01  -4.5883660e-01   3.2001219e-01   2.5879225e-01  -2.0936370e-01   4.1642889e-01   1.9205132e-01   3.1623571e-01   4.1945729e-03   2.2640132e-02   1.4461540e-01   2.9521798e-01   3.9656011e-01   1.4063353e-01   4.5197192e-01  -2.2331090e-01   4.4452595e-01   1.2807191e-01   4.5882068e-01   2.2201513e-01  -6.5063543e-01   4.6970363e-02   1.3182215e-01   3.4593483e-01  -3.1146325e-01  -6.6065204e-01   1.4358067e-01  -2.8336498e-02   6.0007499e-01  -4.3104289e-02  -1.5499550e-01   1.1344773e-01
   3.3732098e-02   6.0571541e-02   0.0000000e+00  -4.4708273e-01   2.7493018e-01  -1.0328849e-01  -1.2641837e-01   2.8071897e-02   2.3766608e-01   2.1078881e-01  -2.3822872e-01   3.9612269e-01  -3.1205668e-02  -3.4560998e-01  -3.4266197e-01  -1.6118693e-02   9.1282938e-01  -3.1300332e-01  -6.0824810e-02   4.2125430e-01  -3.5542258e-01  -1.2738768e-01   3.6502012e-01  -9.9134553e-02   3.6620401e-02   2.1614982e-01   3.2478576e-01  -3.2479081e-02   2.9067122e-01  -2.0688480e-01  -2.9451207e-01  -2.1478591e-01   9.2462461e-02   2.5705296e-01   2.3359041e-01   3.7203772e-03  -2.7088846e-01  -1.8880098e-01   9.3804889e-02   7.0710432e-01  -4.8000324e-02   3.2110591e-01   4.3112538e-01   6.1990789e-03  -1.6986251e-01   5.6129775e-02  -7.3248891e-02  -3.0991721e-01  -1.0098591e-01   7.3788085e-01  -2.6000056e-01   4.4105319e-02  -1.6216128e-01   3.9593661e-01   9.6230993e-02  -2.0112153e-02  -1.0307308e-01  -2.2126182e-01  -1.6544549e-01  -3.0866411e-01   3.6134366e-02   4.8246189e-02   5.0256779e-01   1.4330243e-01  -1.7119371e-02  -2.1931855e-01   1.3486664e-02   2.8489403e-01  -7.7990168e-02   2.7736137e-01   4.5580909e-01  -4.9848273e-01  -4.0727113e-02   6.4294481e-01   3.1065738e-01  -2.2275224e-01  -5.2311241e-02  -4.6459037e-02   2.6738624e-01   1.8262323e-01  -4.9539778e-02   2.5717866e-02  -7.5130519e-02   9.6432001e-02   3.1767790e-01  -2.3682545e-01   2.8919773e-01  -1.0635796e-01   5.8047062e-01  -6.2116290e-02   3.5823322e-01   3.1513174e-01   5.8783126e-01   7.6556415e-02  -1.4249604e-01   5.4287058e-01   7.4968848e-02  -1.8094856e-02   1.7839752e-01  -4.4360943e-01   8.6655459e-02  -2.8895583e-01  -3.5068389e-01  -1.3821580e-02  -4.3670412e-01  -7.9496786e-02   2.5637020e-01   2.1512369e-02  -7.3484976e-02   2.1850093e-01   3.4966564e-01  -2.1147042e-01  -3.1160507e-01  -1.1932610e-01   1.8932442e-01   2.4094068e-01   9.9418791e-02   1.9989390e-01   1.2467748e-02  -4.2722445e-01  -2.1633354e-01   4.1397273e-01   5.9300337e-01  -3.1926685e-01  -9.2612891e-02  -1.7102104e-01  -4.7344260e-01   9.3039058e-02  -3.6188700e-01   3.5931943e-01  -7.5721291e-02  -5.2485641e-01  -2.6865163e-01  -2.9585973e-01   1.6367504e-01  -1.0985798e-01   2.0391150e-01   7.1529025e-03  -2.2314139e-01   2.2800512e-02  -7.4651055e-02  -1.6751517e-02  -6.2508070e-02   1.6871377e-02   1.4562275e-02  -1.3406441e-01   2.5474475e-01  -7.1108621e-02   1.1261524e-01  -2.1052854e-01   6.8826921e-02  -3.1913212e-01   2.5434697e-01   2.6829931e-01   8.4959894e-01  -8.4086245e-02  -1.2855151e-01  -1.4716845e-01   3.1264493e-01  -3.3332493e-01   2.3366623e-01  -1.8705702e-02   3.2765691e-02  -4.6876463e-01  -6.7801383e-02   2.1907430e-01  -4.3806225e-02  -1.5576328e-01   1.6394901e-01   4.1649855e-01   2.6262138e-01  -2.4170387e-01  -3.4344258e-01  -1.8634998e-01   1.7423260e-02   1.6207155e-01  -1.5466775e-01
   1.4497038e-01   3.1121636e-01  -4.4708273e-01   0.0000000e+00  -3.6450203e-01   5.5176523e-01   2.2768350e-01   1.0278799e-01   1.1806966e-01  -3.0286490e-03   4.3127183e-01  -7.2381974e-03   2.8167418e-01   4.6968704e-01   5.5454718e-01   2.0700447e-01  -3.5686188e-01   5.5762703e-01   1.3063772e-03  -3.9686279e-01   2.7002707e-01   5.4669451e-01  -4.2010213e-01   7.8112140e-02   9.8557980e-02   1.1655482e-01   9.0905793e-04   6.3515817e-02  -3.7580621e-01   4.5769231e-01   4.1609851e-01   5.2125850e-01   7.4364773e-02  -4.4543448e-01  -4.5638289e-01   4.5138365e-02   3.2069657e-01   3.1247572e-01   2.0058006e-01  -5.9342317e-01   3.2632991e-01   1.0748284e-01  -3.4746935e-01   4.5667712e-01  -3.2512698e-02   2.1548106e-01   4.4869436e-01  -3.6152171e-03   3.9530989e-01  -5.1084094e-01   6.4049272e-01   2.7130519e-01  -1.9409610e-01  -1.7481662e-01  -2.9959144e-01   3.3731951e-01   4.2132359e-01   6.4134273e-01   5.0475954e-01   2.6959690e-01   4.2794043e-01   1.2643936e-01  -4.3562445e-01   1.2313214e-01  -2.1178261e-01   4.7313910e-01   4.9026175e-01  -3.0969187e-01   4.4566674e-01   1.1391720e-01  -6.5489668e-01   6.0034575e-01   5.6195553e-02  -1.0700587e-01  -4.2281085e-01   5.1593665e-01   3.7447501e-01   2.9692721e-01  -4.6935165e-01   1.3455170e-01   2.0046461e-01  -1.4023630e-01   1.9562811e-01   2.2129786e-01  -3.0181039e-02   3.4205521e-01  -4.4567710e-01   9.6991731e-02  -4.6102122e-01   1.8782231e-01  -3.6860033e-01   3.3762650e-01  -3.4598034e-01   1.6896282e-01   1.8855962e-01  -4.5454169e-01  -5.8340833e-02  -1.3239848e-01  -1.7794909e-01   3.3709768e-01  -4.1767981e-02   3.4253441e-01   6.3196601e-01   2.5966047e-01   6.7383347e-01   5.6344981e-01  -1.2129066e-01   1.7331985e-01   8.7675654e-02  -1.8453092e-01  -5.6905647e-02   6.2599999e-01   2.2895777e-01   1.4634169e-01  -2.2524739e-01  -5.1107392e-01   2.3289151e-01   1.1998874e-01   2.1699794e-01   8.2957538e-01   1.6644134e-01  -4.9275606e-01  -4.9533080e-01  -1.7430779e-01   1.2315248e-01   2.3998051e-01   3.1885082e-01  -2.6999099e-01   7.7718670e-01  -7.4405891e-02  -1.4824981e-01   2.3363584e-01   6.6828070e-01   1.2848269e-01   7.6479042e-02   3.3250292e-01  -5.7547138e-03  -8.1447371e-02   4.2369670e-01  -5.8425757e-02   1.4556880e-01   1.2132280e-01   3.1282261e-01   3.2887272e-01  -5.8723510e-02   4.2178305e-01  -5.1561395e-01   1.9482430e-01   2.4206075e-01  -9.1143322e-02   7.8249710e-02   3.7710632e-01   1.4664127e-01  -3.2337752e-01  -4.2516339e-01  -8.9386051e-03   2.3179420e-01   4.8737442e-01   1.8177938e-01   6.0594387e-01  -3.3231272e-01   3.2605863e-01   3.2699726e-02   8.1803803e-01   3.9688844e-01  -5.7000098e-01  -5.7008664e-02   3.3196462e-01   4.6165834e-02  -2.6534100e-01  -5.2803859e-01   2.2787541e-01   3.4810550e-01   5.6779786e-01  -1.8176364e-01  -6.9702211e-02   4.0904779e-01
   6.1993132e-02  -2.3111809e-01   2.7493018e-01  -3.6450203e-01   0.0000000e+00  -6.5555977e-02  -1.4381159e-01   6.2603608e-02   5.8539158e-02   3.0848245e-01  -1.1015224e-01   3.8427049e-02   1.5029117e-01  -4.8008496e-01  -4.2387287e-01  -1.1096759e-01   2.9143336e-01  -4.9104342e-04   1.0532453e-01   8.1111367e-01  -3.8580042e-01  -4.4927356e-01  -8.3126639e-02   2.4843650e-02  -1.7958606e-01  -5.6535319e-02   3.5014796e-01  -1.6135273e-01   7.3654603e-02  -2.4434849e-01  -5.3031114e-01  -2.9586900e-01  -2.5422471e-02   2.0957230e-01  -2.9146088e-02   5.8785352e-01   1.6898108e-04  -2.2273487e-01   4.7958606e-02   3.9698401e-01   3.2451310e-01   8.4723269e-02   5.3926970e-01  -3.1217736e-01   4.1477500e-01  -1.5584978e-01   1.9230511e-01  -2.2665410e-01   2.0227843e-01   4.3717246e-01  -1.1298698e-01  -1.3476177e-01  -1.3731230e-01   1.5976894e-01  -1.3114084e-01  -3.0984938e-01  -1.5142379e-01  -4.2013992e-01  -3.3004303e-02  -4.6070595e-01  -2.2509773e-01   2.3116841e-01   6.2855787e-01  -5.3640962e-02   3.7280679e-01  -7.9636844e-03  -3.0139943e-03   2.9137102e-01  -1.0014688e-01  -2.8588008e-01   4.7705478e-01  -1.0918705e-01   3.9595381e-01   2.2653428e-01   1.5042004e-01  -3.0194148e-01  -1.6292529e-01  -2.8934889e-01   7.0621132e-01   7.7347066e-02  -4.4589988e-01   2.8864548e-01  -2.0498507e-01  -3.8340694e-02  -5.5354529e-02  -1.7783469e-01   2.0142699e-01  -2.2244219e-01   5.0685823e-01  -4.9489919e-02   6.3447880e-01   1.8142078e-02   7.0070814e-01   9.9268015e-04  -1.4144685e-01   7.2108322e-01   1.2429159e-01   5.8514025e-02   6.2853420e-01  -2.7369630e-01  -3.3438231e-01  -1.7078332e-01  -4.7064083e-01  -2.4096829e-01  -3.9068716e-01  -2.0762155e-01   5.8763669e-02   8.0960169e-02  -7.8392234e-02   5.3646344e-01  -3.1161067e-03  -3.6342697e-01  -5.4019909e-02  -1.8993584e-01  -1.1648535e-01   6.3901333e-01  -2.1535237e-01   3.2561337e-01  -1.9106417e-01  -3.6510222e-01  -1.6365122e-01   7.6161617e-01   4.3931822e-01   2.1093413e-01  -5.0679249e-02  -4.0260680e-01  -4.8092368e-01   2.2100077e-02  -3.7761363e-01  -2.5843244e-01   1.8937492e-01  -1.9817134e-01  -4.3547851e-01  -5.1760660e-01   4.8834392e-02  -4.6050949e-02   6.8556229e-02  -4.0058661e-01  -1.1742748e-01   8.1733619e-02  -5.2966693e-02   1.6075530e-01  -2.1692067e-01  -1.8419231e-01  -3.3227032e-01  -2.2291272e-01  -3.4831195e-02   4.0003485e-01   2.7321894e-01  -4.1025752e-01  -1.8846085e-01  -4.2484872e-01   4.9463393e-02   5.1252334e-01   4.4106793e-01  -3.4036957e-02  -2.3924429e-01  -9.1676743e-02  -7.5588657e-03  -4.2121475e-01   3.6702249e-01  -1.5408257e-01   2.1436009e-01  -3.6454936e-01  -1.2493005e-01   3.7401616e-01   2.5039608e-01  -8.5099053e-02  -1.2183737e-01   7.1197346e-01   5.7821120e-01  -1.7809000e-01   3.8543354e-01  -2.7226907e-01  -2.7776187e-02   1.2632700e-01  -2.7926257e-01
   3.6774152e-01   4.4906718e-01  -1.0328849e-01   5.5176523e-01  -6.5555977e-02   0.0000000e+00   2.0070896e-01   1.2338295e-01  -4.5453359e-02  -2.7375997e-02   4.6583160e-01   3.4745073e-01   1.8931633e-02   4.8544941e-01   5.4567113e-01   9.9334657e-02  -5.8626420e-02   5.9041695e-01   1.5031188e-01  -1.7685324e-01   1.6808931e-02   4.0195590e-01  -4.8725456e-01   4.7751623e-01   1.7558152e-01   1.7059452e-01   1.9513008e-01   9.9315158e-02  -4.1589017e-01   4.3526785e-01   2.0183522e-01   3.1663085e-01  -3.5768771e-02  -5.3020215e-01  -6.3824496e-01   1.3102359e-01   6.3158152e-02   2.0216169e-01   3.2724057e-01  -3.7314172e-01   2.4075957e-01   1.8910208e-01  -5.7894176e-02   5.4938896e-01   5.2409193e-02   4.7795740e-01   6.2649224e-01  -1.7448122e-01   3.4098018e-01  -2.8077787e-01   6.9228743e-01   1.9310529e-01  -4.8853297e-01  -9.1590626e-03   6.3176834e-02   4.7441479e-01   6.1228326e-01   3.9857698e-01   4.5644139e-01  -3.8622599e-02   5.5875591e-01   7.5620862e-02  -2.2001132e-01   2.3245055e-01  -1.7786551e-01   6.7704223e-01   9.0158200e-01   1.2902533e-01   6.9420292e-01   4.9615245e-01  -4.9125997e-01   4.4956476e-01   1.1283373e-01   6.0377639e-02  -2.2048256e-01   2.9417495e-01   4.1909427e-01   2.0008455e-01  -3.0018474e-01   3.5463637e-01   8.1167468e-02   5.2604976e-02   1.2991050e-01   3.4370559e-01   3.0899235e-01   8.0465167e-02  -3.9091017e-01   2.9719904e-01  -7.7913751e-02   4.0605676e-01  -3.8743045e-01   5.1993742e-01  -7.1450712e-02  -7.9733899e-02   2.0273583e-01  -2.1900923e-01   8.1490311e-02  -2.4032544e-01   1.7721664e-01   2.0530728e-03   2.9883924e-02   4.1806194e-01   5.7442805e-01  -1.8713123e-01   4.8441911e-01   4.6406542e-01   1.2121476e-01   3.8787541e-01   8.1981402e-03  -3.8150216e-02  -7.4761579e-03   6.0062707e-01  -7.0166845e-02   2.6162059e-01  -7.2488157e-02  -3.7658479e-01   2.2315687e-01   2.0622021e-01   4.6101109e-01   5.0417220e-01   2.9766403e-01  -2.6150953e-01  -3.5263588e-02  -1.9604806e-01   1.3797783e-01   2.0693874e-01   3.8270828e-02  -1.3410369e-01   4.1616126e-01   1.7583916e-01  -2.1000668e-01  -6.0085642e-02   5.2682043e-01  -2.6693743e-01  -1.3034128e-01   4.3056573e-01  -5.0050659e-02  -2.9874869e-01   4.3142939e-01   1.5949594e-01   4.6961681e-01   5.0757095e-02   4.8503795e-01   6.7908729e-01  -1.2720905e-01   3.4685188e-01  -6.4326718e-01   5.2785207e-01   5.3654869e-01  -4.8123480e-01   4.4680352e-01   9.0110685e-02   5.3289896e-01  -1.3553561e-01  -3.4920051e-02   1.1801222e-01   3.6448767e-01   4.5651195e-01   3.2858681e-01   6.5090043e-01  -1.5518044e-01   4.4230493e-01   2.9222661e-02   6.5459534e-01   3.3233425e-01  -5.4963449e-01   1.0269573e-01   4.1781781e-01   4.2545240e-01  -1.0071635e-01  -4.2329175e-01   1.1313204e-01   2.9019261e-01   7.8929326e-01  -8.7263047e-02   5.5760320e-02   8.3947854e-02
  -2.3814937e-02   2.1882130e-01  -1.2641837e-01   2.2768350e-01  -1.4381159e-01   2.0070896e-01   0.0000000e+00  -7.2509316e-02   4.2704322e-01   3.6886506e-01   4.1560022e-01   1.1960188e-01   5.7116090e-02   3.4200935e-02   2.7442483e-01  -1.7615078e-01  -8.7628928e-02   4.9889531e-01  -2.2025434e-01  -1.6373018e-02  -1.7161489e-01  -1.2323810e-03  -7.7010641e-02  -8.9019622e-02  -1.5901831e-01  -1.6790885e-01   3.4802974e-01  -1.6418040e-01  -3.7649217e-01   2.2321916e-01  -3.4387151e-02  -9.0892760e-02  -6.2409542e-02   7.9700012e-02   1.9608254e-01   4.7458828e-01  -8.2631224e-03   1.2716737e-01  -2.2819452e-01  -3.3282613e-01  -3.7351405e-02  -1.3379458e-01   1.7898836e-01   8.4096110e-02   4.5452593e-01  -1.6864388e-02   3.7833189e-01   4.3877896e-01  -7.3015925e-02  -4.6584761e-01   3.2798500e-01  -5.8205224e-02  -1.1213236e-01  -1.1307065e-01  -1.5769187e-01   5.7138763e-02  -6.2654307e-02  -2.9639813e-02  -4.9311194e-02   4.0433819e-01   2.5685209e-01   3.9099178e-01  -8.8257942e-02   1.9534209e-01   2.3837663e-01   4.3161133e-01   1.8805597e-01  -2.6058647e-01   1.3531776e-01   1.4646675e-01  -7.2196609e-02   4.4924718e-01  -1.0480212e-01  -1.3550695e-01  -3.8698291e-01   3.0519122e-02   1.5272629e-01   1.9406721e-02  -2.2043624e-01  -2.8809841e-01   1.2342523e-01  -1.1328443e-01  -1.4479801e-01  -9.2671914e-02  -1.9525369e-01   6.7321086e-03   8.3269359e-03  -1.6643376e-01  -1.4883263e-01  -4.4272867e-02  -3.9377380e-01   6.1751681e-02  -2.6329667e-02   3.4914357e-01   2.4653060e-01  -2.8344757e-01   3.6999018e-02  -2.9400235e-01   1.8978316e-01   2.5581661e-01  -8.3456950e-02   4.1313802e-01   7.4759581e-02   2.8966231e-01   1.8460634e-01  -1.3218794e-01  -1.6373029e-01  -3.3872624e-02  -3.7143182e-01   3.6340062e-01  -1.5263285e-01  -3.6127705e-03   2.9133628e-01   3.6581239e-02  -2.7324047e-01  -2.0974086e-01   7.3931291e-02  -1.5013095e-02  -1.2910429e-01   1.1804683e-01   1.0200689e-01  -3.3323181e-01  -2.7771040e-01   1.0373434e-01  -2.2006074e-01  -1.8025936e-02   4.7979048e-01  -2.6229590e-01   1.4435012e-01   1.9084343e-01  -2.5488356e-01   2.3207428e-01   2.2734390e-01   1.8835531e-01   1.8375819e-01  -3.7478826e-02  -1.6811964e-01   2.5869805e-02  -4.0431490e-02  -8.0378833e-02  -2.3665266e-02  -1.0741707e-01   1.3670458e-02   1.4929137e-01  -6.2526964e-02  -8.1585394e-03  -1.0548847e-01   3.8297271e-01   4.4794685e-01  -9.8060505e-02  -2.6586338e-01  -3.1258603e-02  -5.2217102e-02  -5.4346591e-02  -9.4689709e-02  -4.0173562e-02   7.6707112e-02  -5.8746653e-03   9.8673477e-02   2.8245745e-01  -1.1116748e-01  -2.5259879e-02   1.4847238e-01   2.2716926e-01  -2.1633981e-01  -1.1321848e-01   4.2560738e-01   4.6817245e-02  -4.7642104e-02  -3.2364371e-01  -1.8707139e-01   1.4379751e-01   4.8008724e-01   1.8358518e-01  -2.1675983e-01  -9.8271900e-03  -3.2755854e-02
  -1.6237444e-02  -3.8116656e-01   2.8071897e-02   1.0278799e-01   6.2603608e-02   1.2338295e-01  -7.2509316e-02   0.0000000e+00  -1.5687440e-02   4.5591528e-02   2.0606576e-02   1.5068947e-02  -3.3004472e-02  -2.6927439e-01  -1.8441810e-02   3.5364382e-02  -1.0454859e-02  -1.7071105e-01   7.2864643e-02   1.2885115e-01  -1.5200700e-01   1.9563622e-01   8.1219391e-02   6.6043413e-02   4.5481304e-03   2.2455547e-01  -1.2218274e-02   1.0766658e-01   9.2524563e-02  -1.2231574e-01  -2.2135942e-01  -3.0188059e-02   5.6234331e-02   1.5522407e-01  -1.4023716e-03  -1.3558169e-01   7.4042522e-02  -5.6478692e-02   8.6882492e-02   9.8818680e-02   2.7205273e-02   2.5882895e-01   1.6773537e-01   1.6929587e-01  -4.7797316e-02  -8.9968236e-02  -5.8988834e-02  -2.1587060e-01   1.0262806e-01   2.2763258e-01  -3.2927694e-02   3.8798573e-01   1.1490060e-01   2.7112311e-01  -8.1440871e-02   2.8449271e-02   1.6002989e-01   2.1041521e-02   2.0803217e-01  -1.4778948e-01   3.0119748e-02   7.4495998e-02   1.2420149e-01   3.1761256e-01   9.6629365e-02  -2.8619606e-02   1.1881295e-01   8.4954013e-02   2.1139346e-01  -2.2116208e-01   6.5515607e-02   3.4774540e-03   1.2057093e-02   2.1845563e-01   1.9553299e-01  -6.8963718e-02   2.8848716e-02   2.5556438e-01   2.1947607e-01   1.8984861e-01   9.1195417e-02   1.2193475e-03  -2.4047360e-01   5.4164309e-01  -2.9447924e-01  -1.8688805e-01  -1.8414611e-02  -5.4336281e-02   1.9924774e-01   2.4093594e-02   2.2503767e-01   1.4935568e-01   1.7783124e-01   8.6641941e-02  -4.6304624e-02   3.1348642e-01   1.0756381e-01   2.1112513e-01   1.3161608e-01   8.1843963e-02  -2.7530583e-01   1.5310967e-02  -2.8428415e-02  -4.1698978e-02  -7.1459785e-02   6.1603643e-02   4.9038965e-03   6.1443893e-01   2.9157544e-01  -8.3312787e-02  -6.5527219e-02   1.0239094e-02   3.4942806e-02  -1.2165638e-01   7.1876971e-02   2.1227918e-01   3.9373859e-02   1.1567909e-01  -1.4944004e-01   4.7814987e-02   4.8082271e-02   2.1866819e-01   1.8249728e-01  -2.5898143e-02   1.5000482e-01  -4.2824915e-02  -1.5889489e-01  -6.8408972e-02   2.0136778e-02  -3.3519423e-01   4.1676213e-02  -8.3236400e-02  -1.3815257e-01  -3.2882424e-01   7.5620498e-02   1.6285457e-01   2.0942581e-01  -1.4358689e-01   2.2957005e-01  -1.9779155e-01   2.3240757e-02  -5.7729705e-02   1.2100812e-01  -1.0662727e-01  -1.6427111e-01  -4.8069098e-03   1.9116835e-02  -3.8741884e-02   5.0060783e-02  -1.1117687e-01  -5.2983658e-02   5.9712607e-02   1.0697654e-01   1.7443466e-02  -2.2399667e-03  -1.2848867e-01   9.0725950e-02   4.8790764e-02   6.3409676e-02   4.3053404e-02   8.6061170e-02   8.6718581e-02  -7.3334166e-02   3.6798668e-02   6.1593064e-02   2.1091005e-01  -8.6182217e-02   2.3448908e-01  -7.6652514e-02   1.5958529e-01   3.1417582e-01  -1.0162520e-01   3.8753198e-02  -1.1215994e-01   6.4559235e-03   3.8998170e-02   3.7302732e-02
   1.3061072e-01   7.1630655e-03   2.3766608e-01   1.1806966e-01   5.8539158e-02  -4.5453359e-02   4.2704322e-01  -1.5687440e-02   0.0000000e+00   1.6467412e-01   1.6257958e-01  -2.6796795e-02   1.2352543e-01  -2.5324217e-01  -1.3140001e-02  -1.5619944e-01   1.5352875e-01   1.7194274e-01  -1.7787770e-01   1.9514949e-01  -4.7502270e-01   5.9787320e-02  -9.8088102e-03  -1.1876724e-01  -9.8665909e-02  -5.1876857e-02   2.3093971e-01  -2.2464799e-01  -9.1169349e-02   1.8659102e-01  -1.8774875e-01  -9.8738157e-02  -7.1355314e-02   8.5230465e-02   4.0553103e-01   2.9662675e-01  -1.9155569e-01   4.3740093e-02  -2.4642121e-01   1.0030997e-03   2.9528405e-02   1.6995396e-01   4.7119168e-01  -5.7652044e-02   3.8623175e-01  -1.7088499e-02   1.5287176e-01  -1.6181194e-01  -3.9693522e-02  -4.8893011e-02   2.1468733e-02  -9.0403431e-04  -2.5875877e-01   1.0671072e-01  -3.3463549e-01  -1.6668449e-01  -8.5400970e-02   5.1926014e-02  -9.4930375e-02   2.6124933e-01   3.0798390e-01   3.4658759e-01   4.6503292e-01   2.9464495e-01   4.9250742e-01  -5.5147309e-02  -8.6263384e-03  -1.5217695e-01   1.2128533e-02  -1.1637657e-02   3.2439527e-03   2.1015185e-01  -2.4937588e-02   2.5943092e-01  -1.4350321e-01  -1.2555760e-02   1.9822669e-01   3.7957196e-02   1.1752756e-01  -5.4359713e-02  -9.8257182e-02  -1.4102284e-01  -4.1319918e-01  -4.7543514e-02  -2.1351662e-01   4.9191969e-02   2.1702990e-01  -2.9850563e-01   2.9627745e-01   4.4906020e-02  -1.6538933e-02   2.7004512e-01   2.0680212e-01   8.1256331e-01   1.8904611e-01   1.2896929e-01   9.3856295e-02  -9.9420480e-02   2.4896103e-01  -1.2029910e-01  -3.7812588e-01   1.9707968e-01  -2.5749980e-01   6.0578180e-01  -7.6876925e-02  -2.2814407e-02  -1.1290777e-01  -4.0204008e-03  -3.5637394e-01   1.3919940e-01  -1.9216574e-01  -6.1934063e-02   3.4784884e-01  -4.4460013e-02  -2.9272824e-01   9.8622274e-02  -3.4224876e-02  -6.0516575e-02  -3.0637304e-01   5.4963869e-02   1.8372023e-02  -9.5383460e-03   1.0075637e-01  -1.3089488e-01  -8.6021767e-02  -2.3548159e-01   1.3455876e-02  -1.4928305e-01   2.0964439e-01  -4.1001260e-02  -3.0167037e-01  -4.9254472e-02  -3.6869264e-02  -5.4498200e-02   6.7226315e-01  -3.0491560e-02   9.8266313e-02  -1.8268034e-01  -1.3964046e-01   3.0823096e-03  -1.2244693e-01  -5.3779396e-02  -1.3762986e-01  -9.2768732e-02  -2.2736404e-02   5.6207173e-02  -8.1788163e-02   1.4029643e-01   1.2747842e-01  -2.1744362e-01  -3.3649302e-01  -3.1715826e-01   1.1476703e-02   1.7061788e-01   2.1972777e-01  -1.5098436e-04   3.6517850e-02  -9.1120157e-02   3.0861883e-01  -1.8439386e-01   3.8992041e-02  -5.2280455e-02  -9.8835269e-02   1.2949329e-03  -3.7926080e-02   1.2157340e-01   1.1405133e-01   1.2741213e-02   2.6079887e-02  -5.9155154e-02   1.1502953e-01   1.8680818e-01   3.7463176e-01  -2.5581721e-02  -3.0475015e-01   1.3827217e-01   1.5055010e-01
  -3.5971815e-02   1.1550865e-02   2.1078881e-01  -3.0286490e-03   3.0848245e-01  -2.7375997e-02   3.6886506e-01   4.5591528e-02   1.6467412e-01   0.0000000e+00   1.3717070e-01   4.8320999e-02   3.4699455e-01  -2.6037888e-01  -1.3911501e-01  -1.5115172e-01   3.0573816e-01   2.5890401e-01  -6.5434175e-02   3.5522745e-01  -1.2047054e-01  -2.3714274e-02   5.7284456e-02  -1.2987005e-01  -2.1475630e-01  -8.4686149e-02   5.1034727e-01  -8.5712807e-02  -1.3760222e-01  -5.3118794e-03  -2.8725766e-01  -5.4364659e-02  -2.9025546e-02   3.8151663e-02  -2.4231383e-02   5.1633806e-01   7.5932678e-02  -5.1311382e-02   7.3253052e-04   1.1643045e-01   2.3050586e-01  -1.2525905e-01   1.5440646e-01  -4.2845924e-02   1.6345626e-01  -5.2770746e-02   2.9067786e-01   1.5140910e-01   1.0609000e-01   6.9340532e-02   2.4946347e-01  -2.5995039e-02  -2.0723837e-01  -1.0784187e-01  -2.7897481e-01  -1.8174831e-01  -2.0704934e-02  -3.6569814e-02  -8.6885842e-02  -3.4063703e-02  -8.6401116e-02   1.6228813e-01   3.0676163e-02  -2.5589372e-02   4.7156848e-02   2.8625376e-01   6.0816942e-02  -5.3739545e-03  -9.1587144e-02   3.3926929e-02   1.1900323e-01   8.2289444e-02   1.1793842e-01   4.0289586e-03  -1.4564204e-01  -6.7694037e-02   3.9219153e-02  -1.1647219e-01  -1.8491375e-02  -2.4674949e-01  -1.8893434e-02  -5.9051929e-02  -8.8869661e-02  -4.7393872e-02  -1.5466435e-01   3.0650323e-03  -5.3029838e-02  -3.0363600e-01   8.5356096e-02  -3.5766158e-02   1.0915644e-01  -2.4897495e-02   3.7457969e-01   1.1537613e-01  -4.4449478e-02   2.0991919e-01  -3.1397102e-02  -9.3623103e-02   2.1787422e-01   1.3080011e-01  -1.8278379e-01  -9.9132743e-02  -1.5434235e-01   1.3869671e-01   3.4868274e-02  -4.7191254e-02  -2.2418709e-01  -3.2360533e-02  -2.1572416e-01   5.7280407e-01  -4.2018405e-02  -7.3943926e-02  -7.8454227e-02  -3.8666659e-03  -2.1237023e-01   4.6532184e-02  -6.7120302e-02   3.1240172e-01  -1.2391502e-01  -8.3352807e-02  -1.8454412e-01   1.3806670e-01   6.0896512e-02   6.0537334e-02  -3.8874983e-02  -1.5502206e-01  -3.7766646e-02  -4.0116094e-01   1.9345001e-02   1.8524607e-01   2.7701317e-02  -6.7768206e-02  -4.7362930e-02  -1.4388277e-01   1.2122317e-01  -1.3180021e-01  -2.1671436e-01  -5.4626390e-02  -8.6185566e-02   8.6985908e-03  -1.4494454e-01  -1.2438679e-01  -1.9433901e-01   6.4937602e-02  -2.5107344e-01  -8.6623839e-02  -1.2724160e-01   3.9616245e-01   5.1565148e-01  -9.9922323e-02  -2.8461840e-01  -1.4979302e-01  -7.0576500e-02   1.8095468e-01   2.2221132e-01   5.7466433e-02  -2.5268662e-01  -7.1582962e-03  -6.1765513e-02  -2.5477241e-02   1.0829729e-01  -2.0228210e-01   5.6437209e-01  -4.6394489e-02  -5.4402681e-02  -4.5514651e-02   3.8982022e-01  -1.4967466e-01  -2.2717931e-01   1.7131553e-01   8.5125130e-03  -1.9225853e-01   2.6320500e-01  -9.3523129e-03  -1.0638452e-01  -1.1839013e-01  -8.7223800e-03
   1.6902918e-01   3.5121534e-01  -2.3822872e-01   4.3127183e-01  -1.1015224e-01   4.6583160e-01   4.1560022e-01   2.0606576e-02   1.6257958e-01   1.3717070e-01   0.0000000e+00   4.7180766e-02   8.6000760e-02   2.3430082e-01   4.2138236e-01  -1.1999118e-02  -7.6658123e-02   7.3739517e-01   2.5803579e-03  -2.3312007e-01   3.8984113e-02   1.4585948e-01  -3.4148406e-01   1.9126362e-01  -1.4241153e-01  -2.6276774e-02   7.4337993e-02   5.9367783e-02  -3.2630604e-01   5.2559226e-01   2.4520179e-01   2.1689064e-01  -6.6030741e-02  -4.0843318e-01  -3.2462951e-01   3.1397755e-01  -3.0377755e-02   3.6369001e-01   1.0353708e-01  -4.5144086e-01   2.9486554e-01  -4.4146307e-02  -1.2260153e-01   3.8246651e-01   2.5564097e-01   3.0353047e-01   7.3827113e-01   1.5012795e-01   7.4338857e-02  -3.5989589e-01   6.3914312e-01   1.9403075e-01  -2.5647508e-01  -2.5597935e-01  -8.0475503e-02   2.8362122e-01   2.7967774e-01   2.2718129e-01   3.6549858e-01   3.3406556e-01   4.5707022e-01   8.4117284e-02  -2.2747832e-01   5.1597338e-01   2.0827748e-01   5.2668711e-01   4.2403250e-01  -2.1968829e-01   5.3492360e-01   2.5948302e-01  -3.6852219e-01   3.3407696e-01   2.3309235e-01  -1.2991731e-01  -4.7547547e-01   3.3434788e-01   3.7819074e-01   1.3302367e-01  -4.1153679e-01   9.2637010e-02   7.4373999e-02   2.9972298e-02   1.2875509e-01   5.5893894e-02   1.4282464e-03   2.1594311e-01  -1.0929755e-01   6.2607559e-02  -8.2901510e-02   1.9512933e-01  -3.5916552e-01   1.8158396e-01  -2.3220778e-01   1.7227944e-01   2.7303434e-01  -3.6956458e-01  -6.3398389e-02  -3.9385243e-02   2.6882373e-02   1.0836466e-01  -6.4795936e-02   6.1471673e-01   2.4466919e-01   3.2528104e-01   4.7123183e-01   2.1039543e-01  -9.0346313e-02   2.7155011e-01  -2.0025773e-01   1.8801619e-01  -1.3313718e-01   2.8665696e-01   2.2834819e-02   1.0145666e-01  -1.9618404e-01  -3.3080790e-01   1.7367906e-01   2.2369560e-01   1.9710706e-01   3.2664926e-01   2.2637330e-01  -3.7699746e-01  -2.5717594e-01   1.4725155e-01   1.5181647e-01   5.1925564e-02   3.7930271e-01  -3.0261850e-01   3.6895969e-01   1.6438635e-01  -2.3196837e-01   2.3775832e-01   3.5978895e-01   5.4947530e-02  -2.9588095e-02   2.2354073e-01  -2.8717616e-01  -3.5088665e-02   2.4549412e-01   5.5293762e-02   2.1872896e-01  -8.7870698e-02   4.4186972e-01   3.2604598e-01  -3.5950914e-02   6.1948594e-01  -4.2352474e-01   5.3421389e-01   4.7309068e-01  -2.4133323e-01   1.4200798e-01   1.0644850e-01   2.2145904e-01   2.2201451e-01  -2.0634691e-01   1.0644069e-01   1.5457905e-01   3.9795323e-01   1.9761285e-01   4.7728591e-01  -3.9703106e-01   5.8928377e-01   2.6651768e-01   5.4042417e-01   7.0187856e-02  -4.4691328e-01   5.1786995e-01   2.8121756e-01   8.2119212e-02  -1.8244706e-01  -4.2699272e-01   2.9955342e-01   3.7786307e-01   4.1483655e-01  -2.6403755e-01   1.6416625e-02   1.0717082e-01
   1.8765044e-01   4.8559397e-01   3.9612269e-01  -7.2381974e-03   3.8427049e-02   3.4745073e-01   1.1960188e-01   1.5068947e-02  -2.6796795e-02   4.8320999e-02   4.7180766e-02   0.0000000e+00  -2.4496599e-02   1.1701642e-01   3.6882559e-01   2.2834290e-01   3.4071696e-01   1.3180468e-01  -1.0072246e-01   8.1978108e-02  -9.9931788e-02   1.0341246e-01   8.3899933e-02   1.1121549e-01   1.7009264e-01   1.8482176e-01   4.6571347e-02  -2.5457592e-02   4.8357858e-02   2.1031702e-01  -9.2841753e-03   1.3240635e-01   1.4899699e-01  -4.1535977e-02  -1.4652096e-01  -6.1184068e-02  -1.0853161e-01  -1.0584522e-01   2.5841029e-01   1.6583059e-01   1.3946803e-01   3.3073955e-01   2.7271724e-01   2.8099859e-01  -6.2073748e-02   1.7258133e-01   1.8825061e-01  -7.4250420e-02  -2.6545624e-02   1.4123159e-01   2.1610355e-01   8.0710709e-02  -3.5889904e-01   2.5895867e-01   1.6002417e-01   3.3488610e-01   3.0419229e-01   9.1335817e-02   3.1019763e-01   1.0767059e-01   4.6089573e-02   1.5462215e-02   7.6695883e-02   8.4355291e-02  -2.6419708e-01   3.0493107e-01   4.4244582e-01   1.7785632e-01   2.7279854e-01   3.1241788e-01  -2.7572490e-02  -1.8016509e-01   1.5068112e-01   4.9392979e-01   1.6679790e-01   5.5671094e-02   1.1163033e-02   3.2230581e-01  -1.0827760e-01   3.2282923e-01  -9.4436472e-03   1.9436200e-01   2.2931111e-01   1.0938094e-01   4.2093294e-01   3.7737324e-03  -1.2619883e-01   1.6854201e-01   1.8742050e-01   6.6272863e-02   1.8848671e-02   3.5603442e-01   2.2646532e-01  -8.3978485e-03  -1.1368106e-01   1.2479675e-01   9.4394234e-03  -2.2829704e-01   1.3718578e-01  -1.1378735e-01   9.7362533e-02   1.9768938e-01   1.3551056e-01  -2.8536242e-02   2.1319437e-02   1.8905677e-01   2.6716410e-01   1.1276204e-01   1.6799116e-01   4.8528791e-02   4.4317704e-01   2.4909805e-01  -1.2093692e-01  -8.2886221e-03   9.1770732e-02  -2.8078121e-01   2.1573382e-01   3.6832094e-01   2.3468729e-01   1.0986466e-01   1.4200613e-01   1.3122114e-01   2.8794179e-01  -2.6748681e-01   5.0951525e-02   1.3394365e-01  -5.4782558e-02   3.7184019e-02  -3.2123713e-02   1.4586899e-01  -1.1408287e-02  -3.9515340e-01   1.3969108e-01  -2.4166628e-01  -1.1004473e-01   2.3691187e-01   2.1264143e-01  -2.6627927e-01   1.4007212e-01   1.5001577e-01   7.4962670e-02  -2.5431485e-02   3.9845701e-01   3.3377148e-01   2.0464533e-01   9.3146537e-02  -4.5888824e-02   1.5470558e-01   3.5987444e-01  -2.7718169e-01   2.7980310e-01  -1.1814710e-01   2.7752193e-01   9.8720995e-03   3.9156391e-01   8.7016022e-02   1.7632429e-01   3.3783315e-01   1.0791981e-01   1.3484121e-01   1.3563465e-01   3.3028185e-01   5.4276121e-02   6.5936069e-02   2.5213984e-01  -2.1315567e-01   1.0349656e-01   1.6309459e-01   3.4546052e-01   6.7101745e-02  -7.1397299e-02  -9.7682588e-02  -1.5297854e-01   3.1541011e-01   2.3289413e-01  -1.2383097e-01   6.2172459e-02
  -1.9391974e-01  -3.4630990e-02  -3.1205668e-02   2.8167418e-01   1.5029117e-01   1.8931633e-02   5.7116090e-02  -3.3004472e-02   1.2352543e-01   3.4699455e-01   8.6000760e-02  -2.4496599e-02   0.0000000e+00  -7.7104108e-02   1.5171511e-01   3.4865942e-01   6.8417950e-02   2.8669128e-01   1.6483279e-02   1.5365159e-01   7.4444151e-02   1.4168224e-01  -7.4832384e-02  -3.0052197e-01   1.9288703e-02  -1.6927158e-01   2.0307676e-01  -4.5187482e-02   1.3801002e-02   8.8024397e-02  -3.6631509e-02   2.3197361e-01   3.3615756e-01  -4.7344255e-02  -1.4378949e-01   3.0226452e-01   3.5117345e-01  -1.1041308e-01   2.7978172e-01  -1.1464660e-02   7.1143213e-01   8.8056805e-02  -3.0921376e-02  -1.5513612e-01   4.9925852e-02  -2.1612326e-01   2.9822381e-01   6.6190097e-02   2.5784371e-01  -1.1854124e-02   3.5802388e-01  -3.8478557e-02  -8.2164313e-02   2.9983683e-02  -3.5132283e-01  -1.7375879e-01   4.2452917e-02   2.5416790e-01   3.2212762e-01   1.7758069e-01  -6.4399953e-04   1.8932256e-01  -4.5575789e-02  -2.0809496e-01  -8.2771455e-02   8.9243839e-02   5.4475455e-02  -2.4178138e-01   1.2340511e-01  -1.6806009e-01  -1.2781816e-01   2.1768224e-01   4.0732683e-01   4.0398144e-02  -4.1106259e-02   2.1207823e-01  -4.5882520e-02   7.2549782e-02  -5.5408991e-03   8.1375358e-02  -7.6999654e-02   9.3001307e-02   8.9565224e-02  -1.6765940e-01  -1.7220296e-01   2.8280858e-01  -1.7025746e-01  -1.7189429e-01  -1.1001733e-01  -2.2099825e-01   1.9218515e-01   8.9316705e-02   1.1878124e-01   1.5723466e-01  -1.5329883e-01   1.0662412e-01   6.9032829e-02   1.4711149e-01   2.1115221e-02   3.6439184e-01  -1.5699278e-01  -3.4193217e-02   7.3526176e-02   2.9335690e-01   3.3464230e-01   2.3424452e-01  -1.7718909e-01   9.1549330e-02   2.2230761e-01   2.2227154e-01   6.8145769e-02   1.9216643e-01   1.2329636e-01  -1.7250117e-01  -1.5800255e-01  -1.1511929e-01  -2.0291046e-02   5.4093599e-01  -2.2253932e-01   3.7073563e-01  -2.7533744e-01   7.9971229e-02  -1.5393599e-01  -1.1272865e-01  -1.3353236e-01   8.2915529e-02   1.5347703e-01  -2.2135293e-01   3.0085291e-01  -1.5206107e-01   3.8590902e-01   2.3330294e-02   8.0786784e-02  -1.6645649e-02   1.1991495e-01   2.1542776e-01   1.5648383e-01  -1.2032060e-01   2.5929290e-01  -9.6641974e-02  -3.1105645e-01   1.3514392e-01   1.6068939e-01  -1.5219645e-01  -1.9776612e-02   2.2895448e-04  -4.4848224e-02   1.6141508e-01   2.7599582e-01  -5.2271479e-03  -2.9746592e-01  -7.9234687e-02  -2.2247789e-01  -6.7679432e-02  -3.1486917e-02  -1.2368169e-01  -2.4293334e-01   3.7853240e-01  -5.1964783e-02   5.8966590e-02  -1.2926670e-02   5.4177162e-02   1.7156381e-01   2.3690446e-01   2.2567714e-01  -1.5913467e-01   1.3430051e-01  -2.3917291e-01  -2.6194741e-01   1.0063586e-01  -5.7720764e-02  -7.7634443e-02   2.0915888e-01  -1.3814805e-03   1.1339310e-01  -4.2543592e-02   3.0053497e-01
   1.5179191e-01   6.1105937e-01  -3.4560998e-01   4.6968704e-01  -4.8008496e-01   4.8544941e-01   3.4200935e-02  -2.6927439e-01  -2.5324217e-01  -2.6037888e-01   2.3430082e-01   1.1701642e-01  -7.7104108e-02   0.0000000e+00   4.8372383e-01  -3.9157555e-02  -2.5353523e-01   4.2201242e-01   4.5823474e-02  -6.1610332e-01   6.1119961e-01   2.7132246e-01  -2.1192871e-01   3.1707400e-01   5.9170922e-02   3.2320728e-02  -2.0196048e-01   3.1926167e-01  -3.4152142e-01   3.3192285e-01   7.2522119e-01   2.2341875e-01  -1.8737439e-02  -5.1220795e-01  -4.8805913e-01  -1.7572731e-01   1.1737083e-01   2.8107047e-01   1.4094325e-01  -5.5406606e-01   4.8468455e-02  -1.3591691e-02  -5.0804700e-01   5.3079246e-01  -1.6324833e-01   2.8380530e-01   2.1742061e-01   1.7191660e-01   1.5704402e-01  -5.4699985e-01   4.3182768e-01   2.8368306e-02  -1.2788475e-01  -2.4669604e-01   3.1149795e-01   4.9323412e-01   5.2761238e-01   2.7604351e-01   2.2578263e-01   1.1899000e-01   2.6575506e-01  -7.8609019e-02  -5.7613912e-01  -4.2175958e-02  -2.3454236e-01   4.8403334e-01   3.9127430e-01  -1.3745911e-01   1.5433412e-01   4.4194292e-01  -5.7167036e-01   2.1987049e-01  -6.3092736e-02  -2.0447022e-01  -3.3518466e-01   2.6382484e-01   2.0271456e-01   1.6013775e-01  -6.2721839e-01   1.0579041e-01   3.1436277e-01  -6.2233886e-02   5.5991350e-01   1.2167167e-01   4.7249459e-01   3.9512414e-02  -4.3802616e-01   4.0921706e-01  -5.4397096e-01   1.7239474e-01  -5.9814966e-01   1.0576055e-01  -5.9755678e-01  -2.6986682e-01   1.0932053e-01  -6.9857458e-01  -2.8285791e-01  -1.5165298e-01  -3.0618567e-01   1.3477322e-01   5.5403809e-01   1.4602750e-01   7.2322842e-01  -1.5990477e-01   3.6373196e-01   1.6842273e-01   1.3511317e-01  -1.0363135e-01   1.0164078e-01  -2.7470848e-01   1.2720705e-01   3.8510107e-01  -1.0880213e-01   2.7354232e-01   1.7539489e-01  -6.4823200e-01   1.5462132e-01  -1.0554416e-01   6.5943207e-01   4.5237623e-01   4.5439837e-02  -6.5919154e-01  -4.8570227e-01   6.9764684e-02   4.8560895e-02   5.8733961e-01   3.2595782e-01  -2.4294471e-04   3.5063651e-01   3.3305986e-01  -1.3573791e-01   2.7164177e-01   7.3628817e-01   4.3342459e-01  -2.9213684e-01   2.3458862e-02  -2.2568843e-01   1.9694582e-01   1.2245466e-01  -4.0819059e-02   2.5232979e-01  -1.4345923e-02   2.2731797e-01   6.4716397e-01   1.6713585e-01   2.8325035e-01  -4.4176473e-01   1.1745453e-01   1.4425287e-01   1.2090226e-01   5.6457947e-01   5.6822450e-01   1.3556394e-01  -2.3423656e-01  -3.4650835e-01  -2.7235485e-02   2.1595998e-01   3.0433940e-01   6.7098405e-02   6.0903794e-01  -4.1055897e-01   2.4027408e-01   9.4578881e-02   5.5901381e-01   9.7609159e-02  -6.6674523e-01  -8.4146013e-02   2.1982825e-01   2.7980697e-01  -3.7884094e-01  -7.2127615e-01   1.5027758e-01  -2.4721647e-02   6.7625962e-01  -5.4004080e-02  -1.2866858e-01   9.9038333e-03
