   0.0000000e+00  -6.1587379e-02  -9.9373220e-02   3.0275589e-01   7.0573342e-02  -1.2216634e-01   1.8105353e-01  -2.1993239e-01   2.0797474e-01  -4.8026213e-02  -1.3670656e-01   3.8511839e-02   1.2865715e-01   6.3446060e-01   8.7454760e-02   1.9586431e-01  -1.3759253e-01   6.1110892e-04  -1.7894482e-01   2.9908182e-01  -2.0651235e-01   2.2900582e-01  -6.4366926e-02   5.0192815e-01  -3.1772499e-02  -1.5237550e-01   2.5964276e-01   1.4955556e-01   1.7806221e-01  -1.6970784e-01  -6.7071894e-02   2.5005564e-01   5.0212913e-03   9.7675890e-02   9.6062542e-02   1.5264808e-01   1.8354707e-02   3.1367129e-01  -5.5083886e-02  -9.7851147e-03   4.6088906e-02   2.8608003e-01   4.9199267e-02  -2.4100406e-01   1.4327449e-01   4.9325493e-01   1.1826592e-01  -2.1765157e-01  -1.2782189e-02  -1.4924937e-01   1.3951034e-01  -1.3932274e-01  -2.5089827e-02   4.5444613e-01   5.5712502e-01  -1.7392812e-01  -1.4785157e-01   2.1342578e-01   1.2924034e-01   1.4208130e-01   5.6109177e-02   3.1015851e-01   7.7917407e-03   2.3870366e-02  -5.6592232e-02  -7.5697849e-02   2.8188298e-01   1.0721074e-01  -1.2020714e-01   1.7543225e-01  -1.5689201e-01   1.8183016e-01  -2.9811676e-02   1.8340377e-01   9.8627710e-02  -3.9599557e-02   1.7956755e-01  -2.5400939e-01   1.5203229e-01   3.5338594e-01   1.9457393e-01   3.6817817e-02  -3.3015418e-01  -2.7005039e-01   3.2673468e-01   5.7962320e-02  -2.5210560e-02   5.5980893e-01   8.3952258e-02   7.2519535e-01   2.1226756e-02   9.6701680e-02   6.5602406e-02   3.5858460e-02   1.9041089e-01   9.2396343e-02   3.6387712e-01  -1.2442355e-01  -6.5382206e-02  -3.9494188e-02   9.5955366e-02   3.8722877e-03  -2.3295644e-02   2.4880276e-01   2.2309242e-01   2.9978278e-01   2.3035268e-01  -1.4084569e-01   1.3379035e-01  -1.5030214e-01  -2.6733435e-01   5.0842779e-02   2.8195777e-01   6.2165738e-01   4.1760349e-01  -6.4631192e-03  -2.9548183e-01   1.6538087e-01   2.9425757e-01   3.2809920e-01   4.6403231e-01   1.1863162e-01  -9.5614600e-02   6.3732829e-02   5.0654956e-01   5.1178274e-01   8.7396842e-02   2.3765058e-01   3.6685722e-01  -1.6780921e-01  -3.5912872e-02  -1.5077169e-01   2.1633680e-01  -1.9735870e-01   2.9019230e-01  -6.5120554e-03   1.4969652e-01  -2.4816952e-02  -7.6181232e-02   2.6155625e-01   5.1127436e-01  -1.6201928e-01   3.9631863e-02  -2.3826698e-01   4.4210147e-02  -1.5125052e-01  -1.6837260e-02  -1.4450742e-01  -1.7781181e-02  -1.0479512e-01   2.4569421e-01  -1.1185545e-01   5.0115303e-01   2.2943203e-02  -1.8059332e-01   2.6082170e-01   3.2688913e-01   1.9090082e-01   3.9227445e-02   1.3234802e-02   9.8753538e-02  -1.7030804e-01  -2.4313876e-01   1.8271158e-01   1.4305392e-01   1.8300267e-01  -2.2995479e-01  -5.0607323e-02   6.5622855e-01  -2.5725803e-01   1.4758744e-01  -7.9670101e-02   1.9866562e-02  -1.2742380e-01   2.3968054e-01  -4.5321788e-02   2.0569755e-01
  -6.1587379e-02   0.0000000e+00   4.9472121e-01  -1.3395226e-01   7.8808050e-01  -3.0930423e-01   7.6964818e-02  -8.3632699e-02   1.3233705e-01   8.4111151e-02  -4.8886950e-01   5.1800156e-01   1.5840437e-01  -2.9474951e-01  -5.5130543e-01  -7.2349023e-02   7.4389557e-01  -3.9498081e-01  -7.2688520e-02   5.5675570e-01  -4.5366451e-01  -3.4872811e-01  -3.8646762e-01  -6.1224648e-02   1.0484138e-01  -2.7966349e-01   5.3370932e-01  -2.5544948e-01   2.1082963e-01   5.1016850e-02  -3.7688348e-01  -8.9303222e-02   1.8770778e-03   4.1779907e-01  -2.5208831e-01   1.2542353e-01   1.6268486e-01   9.8440849e-02   1.4274711e-01   5.3932940e-01  -1.6579359e-02   1.0975934e-01   2.5900370e-01  -4.9219147e-01  -1.4721109e-01   2.5661978e-01  -2.8572248e-01   3.6294500e-02   6.0127479e-02   6.5951983e-01  -4.5549510e-01  -2.2553391e-01   7.4388720e-01   1.5552526e-01  -1.0025721e-01  -4.6264873e-01  -1.9449474e-01  -1.7810160e-01  -3.4330921e-01  -1.4147622e-01   1.3704158e-01   1.2859093e-01   5.1936193e-01   2.4429472e-01   3.9535415e-01  -2.8186450e-01  -5.9976133e-02   5.1518508e-01  -3.7737692e-01  -9.0513468e-02   7.8760753e-01  -2.6212370e-01  -8.2279950e-02   7.9747927e-03   2.2929778e-01  -1.5937774e-01  -9.5607413e-02  -2.0563896e-01   5.5626417e-01   2.6505761e-01  -5.4872323e-01  -1.1977716e-02  -1.5694424e-01  -7.4512877e-02  -8.9809603e-02  -3.2110973e-01  -2.8676724e-01  -2.9908365e-01   3.6260963e-01  -5.3098427e-02   6.5263103e-01   6.7503600e-02   4.9318669e-01   2.3379769e-01  -3.3218204e-01   3.7713260e-01  -9.4733825e-02  -1.6922456e-01   2.8867004e-01   3.1989849e-02  -1.9875635e-01  -3.9245359e-01  -5.5302262e-01  -4.7721265e-02  -3.5051857e-01   1.2614100e-02   1.2773107e-01  -2.1163545e-01   2.7480633e-01   5.4573044e-01  -8.1872688e-02  -5.4245339e-01  -1.0789081e-01  -1.6007925e-01  -4.7016180e-01   6.5527025e-01  -2.6940089e-01   2.0676764e-01  -4.7890717e-01  -1.0309424e-01  -5.0553587e-02   5.7048433e-01   3.0694217e-01   3.7861255e-01   1.6390294e-01  -1.2643260e-01  -3.7312439e-01   2.5682689e-01  -1.4809650e-01   1.0103911e-02  -1.8925995e-02  -1.1618559e-02   3.5479234e-01   2.6007780e-01   1.0879550e-01  -5.7782442e-03   8.9526902e-02  -1.6203641e-01  -6.7985398e-02  -2.1564173e-01  -1.5417905e-01   9.2482561e-02  -1.9848335e-01  -3.3030033e-01  -3.2627360e-01  -5.1247229e-01   1.5943209e-01   3.3842057e-01   1.5601259e-01  -1.5011193e-02  -1.8966137e-01  -4.9545841e-01  -9.8749100e-02   5.0494506e-01   4.8259069e-01  -2.5187331e-02  -6.3887160e-02  -2.4543227e-01   1.5313967e-01  -4.7559210e-01   2.0008850e-01  -4.6618496e-01   2.8754025e-02  -3.4547977e-01  -7.3522622e-02   3.9003456e-01  -2.5432287e-01  -4.1796682e-01  -1.6019733e-01   4.8666178e-01   4.7244864e-01  -9.7789221e-02   1.7228106e-01  -2.8571137e-01  -2.5509225e-02   1.7235529e-01   3.0644646e-02
  -9.9373220e-02   4.9472121e-01   0.0000000e+00  -1.5219505e-01   3.6866971e-01   8.6864956e-02  -9.4661639e-02  -2.1689937e-01  -2.8684878e-01   3.2060577e-01  -1.6026313e-01   3.7364144e-01  -7.1791145e-03  -3.1039199e-01  -7.4297684e-02  -2.0985331e-02   8.0222403e-01  -3.7446463e-02  -1.2246971e-02   2.3058736e-01  -7.9145191e-02  -2.9481722e-01  -1.5526396e-01  -1.0226721e-02  -5.6114590e-02  -2.2974638e-01   1.0442500e-01  -3.5889714e-01   6.3331993e-02   2.0506366e-01   7.5206926e-02  -1.2096816e-01   1.7498385e-01  -4.0773386e-02  -3.0622804e-01  -8.6745889e-02  -2.8071747e-02  -1.7027944e-02   1.3502065e-01   6.2872977e-01  -1.9414440e-02   2.9503662e-01   2.3602436e-01  -2.0284352e-01  -2.4042763e-01   2.2673990e-01  -1.4148643e-01   2.2521206e-01   9.8862488e-02   5.9288749e-01  -2.3788146e-01  -2.2920552e-01   3.0546300e-01   3.6917428e-01  -1.2299442e-01  -2.7098913e-01  -6.9311409e-02  -2.3965992e-01  -3.8782213e-01  -1.0280800e-01   4.8409454e-01  -1.4675764e-01   1.9669671e-01   1.5608829e-01  -5.2527368e-02  -3.0382106e-02   2.8753089e-01   2.3389410e-01  -3.0135730e-01   1.9427643e-01   5.5817841e-01  -3.8861260e-01  -1.0775688e-01   4.2729544e-01   3.1628010e-01  -3.0134948e-01   6.8052923e-02  -1.7329948e-01  -2.0724791e-03   6.4209059e-02  -3.8689009e-01   4.2591364e-02   2.8713770e-01  -1.5792102e-01   4.5560643e-01  -3.7556278e-01  -1.0662525e-02  -1.6516052e-01  -1.0461897e-02  -1.0916691e-01   5.2013574e-02   5.7363285e-01   3.9035218e-01  -3.9775578e-02  -9.7838516e-02   2.4503063e-01  -2.7930459e-02  -2.6059402e-01  -1.6547181e-02   3.1219168e-03   1.5206579e-01  -1.7282949e-01  -3.8823647e-01  -5.6613209e-02  -3.1122587e-01  -9.3316850e-02   5.0859626e-01  -1.9636376e-01   1.7292022e-01   4.9337399e-01   2.6073494e-01  -4.6344791e-01  -1.8097087e-01  -1.3991585e-01  -4.5607170e-01   1.9028139e-01  -3.0373261e-01   1.3154799e-01  -1.9754506e-01  -3.2989518e-01  -1.3514820e-01   2.0323984e-01   2.2993160e-01  -4.7873919e-03   2.2733549e-02  -1.3559880e-01   2.7466376e-02   5.9883748e-02  -1.3506667e-01   5.2782158e-01  -6.2396123e-02   1.3756622e-01   4.3809007e-01   2.9238550e-01  -3.1889908e-02  -1.4631837e-01   3.3396447e-01   1.3392298e-01  -2.5216549e-01  -7.3856172e-03  -7.9513638e-02   4.6768231e-02  -3.5514383e-01   2.9126080e-01  -1.2578879e-01  -1.7478795e-01   1.7075962e-01   1.1291952e-01   2.7428996e-01   2.0812022e-01   1.9403841e-01  -2.7484251e-01  -5.9758792e-03  -1.3337250e-02   7.0266103e-01   1.8050892e-01  -4.1149809e-02  -2.1800259e-01   5.4071119e-01  -4.4550981e-01   9.4368980e-02  -4.2477937e-01   3.6123127e-01  -2.1893740e-01  -9.3597397e-02  -6.8286558e-02  -2.3690540e-01  -3.6477896e-01  -1.0404272e-01   5.5819888e-01   1.0400031e-01   1.6084689e-01  -1.5868573e-01   2.4679379e-01   5.2056279e-02   3.5692275e-01  -1.7986799e-02
   3.0275589e-01  -1.3395226e-01  -1.5219505e-01   0.0000000e+00  -2.2674027e-02   2.4248424e-01   2.7997263e-01   2.8169602e-02   2.2079169e-01   1.6239474e-01  -1.0039270e-02   3.0997296e-02  -4.6850625e-02   2.2713243e-01   1.1347982e-01   4.8157081e-01  -2.4092955e-01   1.9904345e-01   7.1026524e-02   2.5365590e-01  -5.3780201e-02   5.3399447e-01   3.1092196e-01  -3.7753582e-02  -1.0777021e-01  -4.6335805e-03   1.1290251e-01   1.1927961e-01   2.4856149e-01  -1.1393282e-01   1.3314353e-02   5.9089273e-01   2.7613809e-02  -5.0595690e-02   2.0368828e-01   1.4563897e-01   1.5973354e-01   9.7528183e-02   2.1101674e-01   8.3587584e-02  -8.4094822e-02   9.0849360e-02  -5.6417040e-03  -3.5886741e-02   3.7291652e-01   1.0395689e-01   1.4556327e-01  -1.5008630e-01  -4.8892834e-02  -2.2301424e-01   4.4067705e-01   8.9543392e-02  -1.9397904e-01   1.0752173e-02   4.6077804e-02   5.0535761e-03   4.3077185e-02   6.2205657e-01   3.7707858e-01   2.9844605e-01  -7.0152085e-02   4.0339214e-01  -5.3561786e-02  -1.8093542e-01   1.0717175e-01   1.2611579e-01   1.7695890e-01  -1.7665338e-02   2.1537652e-01   1.5615174e-01  -2.0816721e-01   5.1239386e-01  -3.5267529e-02   1.2284606e-01   6.2145021e-03   3.3851313e-01  -7.9844625e-02   3.5867508e-02   1.6029144e-01   6.2349351e-02   2.6931648e-01  -1.5428526e-03  -2.6397777e-01   1.0471692e-01  -1.3838499e-01   3.8953277e-01   1.7219025e-01   5.0524723e-02  -7.4843784e-02   2.1473657e-01  -1.7193039e-01   2.0245106e-02  -5.8387594e-02  -5.3914714e-04  -9.9708088e-02   1.2716444e-01   3.6782114e-01   2.1458145e-01   4.5939691e-02   1.0748754e-01  -1.1036187e-01  -7.0084227e-03   2.7392321e-01   3.4716482e-01   5.1547225e-01   5.2517524e-01  -4.0864731e-02   2.7640513e-01   7.3602493e-02  -2.9261069e-01  -7.8626741e-02   3.6801118e-01   3.9887516e-01   2.0687553e-01   1.3442791e-01  -1.3897442e-01  -1.5567953e-02   3.6949154e-02  -7.4763834e-02   7.2747988e-01   2.8417953e-02   6.9558228e-02  -1.9209902e-01  -1.7391863e-02   1.3462748e-01   3.2309117e-01   3.8046148e-01   7.9562425e-02   5.5562331e-01  -2.5397272e-01  -1.8137059e-01  -2.7613641e-02  -8.3274112e-02  -8.8410394e-02   3.2179336e-01   1.5830649e-01   3.2542529e-01  -1.3663268e-01   2.5571781e-01  -1.1313441e-03   4.6391559e-02  -1.9203042e-01   1.4965539e-01  -1.3648519e-01   2.4092867e-01   1.2398142e-01   7.8967648e-02  -2.0755302e-01  -2.5237735e-02  -2.7205221e-02   1.0976975e-02   9.7384668e-02   1.4328473e-01  -1.6500958e-01  -2.1690687e-01   1.3445628e-01   6.4650150e-02   3.0233824e-01  -1.1874952e-01   3.1228700e-01   9.5901574e-02   4.9439923e-02  -2.4334547e-01   3.1944045e-01   4.5386272e-01  -1.3395967e-02  -1.0944018e-01  -1.9932496e-02   2.3116219e-01  -3.6867047e-01  -2.2203240e-02  -3.1514971e-01   4.6441812e-02  -9.4433646e-03   4.2630783e-02   9.7910756e-02   5.8703614e-01
   7.0573342e-02   7.8808050e-01   3.6866971e-01  -2.2674027e-02   0.0000000e+00  -2.4882796e-01  -7.7991120e-02  -9.6997845e-02   3.1763801e-01   1.1365520e-01  -4.8705658e-01   3.0547482e-01   4.0067381e-01  -1.7112825e-01  -6.6951790e-01   4.0955848e-02   6.8934415e-01  -2.8253168e-01   1.6724758e-02   7.5930356e-01  -4.7689045e-01  -1.7935453e-01  -5.3506755e-01   1.8368070e-01   5.4756818e-02  -1.5839636e-01   5.3312531e-01  -1.5300957e-01   2.3117068e-01  -1.2813967e-01  -3.9853152e-01   9.4342722e-02   2.5597729e-02   3.5762973e-01  -3.9484682e-01   3.6058816e-01   1.3655703e-01   3.9774179e-01   3.1473542e-01   4.4910589e-01   2.7713208e-01   6.0122878e-02   2.3765506e-01  -4.7194318e-01  -1.9767879e-01   3.8831347e-01  -1.1593844e-01  -1.7854659e-01   7.5358837e-02   5.9964146e-01  -3.4045796e-01  -9.7851832e-02   5.3703055e-01   2.1073366e-01  -6.2432251e-02  -4.3938152e-01  -1.6620080e-01   3.6184845e-02  -1.5737187e-01  -1.9489821e-01   2.8394373e-01   2.6873037e-01   5.3484008e-01   7.6875180e-02   2.1086114e-01  -2.4471866e-01   6.2917836e-02   6.0146375e-01  -3.2824665e-01  -2.6062769e-01   6.3676504e-01  -2.0482504e-01   1.3690406e-01  -1.8984857e-01   2.9237844e-01  -1.0580311e-01   5.0213083e-02  -1.4550981e-01   5.8046120e-01   2.8884738e-01  -5.8883799e-01   1.5731644e-01  -2.8396288e-01  -4.7720772e-02  -5.9701120e-02  -3.0219916e-01  -3.3008366e-01  -1.9691919e-01   4.1430184e-01   7.8823420e-02   6.1783822e-01   1.5209804e-01   3.7640608e-01   2.6321036e-01  -2.5931085e-01   6.1568755e-01   1.4097608e-01  -3.4092412e-02   4.0361748e-01  -1.4695692e-01  -2.6675946e-01  -5.9941066e-01  -4.9823589e-01   2.5450738e-02  -2.7671763e-01   2.4589668e-01   1.6396903e-01  -9.8472069e-02   2.9105260e-01   6.1378016e-01  -3.0533847e-01  -5.2337141e-01   3.0806245e-02  -5.4388419e-03  -5.0495551e-01   5.1204722e-01  -2.2871592e-01   4.4381863e-01  -4.1851434e-01   1.9222601e-02   1.2689703e-01   6.8120085e-01   2.5000591e-01   2.8176893e-01   3.4390443e-01  -1.8601454e-01  -4.1975481e-01   2.7545791e-01   1.3918049e-01  -9.0416708e-02   1.6142561e-01  -8.2331614e-02   4.2384384e-01   8.5597848e-02   2.8410121e-01   7.5129230e-02   1.5521728e-01  -3.0279475e-01   5.3977214e-02  -2.4916204e-01  -1.0429782e-01   2.3802944e-01  -1.8541940e-01  -4.6749851e-01  -5.0357646e-01  -6.1200178e-01  -1.0246960e-01   3.8409484e-01   2.2458326e-01  -8.5694224e-02  -3.3511591e-01  -4.1983015e-01   7.8908870e-02   3.7964452e-01   3.4649161e-01   1.0828702e-01  -9.1901274e-03  -7.7019570e-02   2.9153803e-01  -4.8827417e-01   2.9486761e-01  -4.8436588e-01   1.6736320e-01  -2.6246840e-01   1.5552074e-01   3.5072118e-01  -3.6167516e-01  -3.2465259e-01   3.5602127e-02   4.2565718e-01   4.8475670e-01  -8.0629302e-02   2.0491546e-01  -2.6030241e-01   3.8962658e-02   1.0327556e-01   2.6400754e-01
  -1.2216634e-01  -3.0930423e-01   8.6864956e-02   2.4248424e-01  -2.4882796e-01   0.0000000e+00  -1.2463383e-01  -3.2094962e-02  -1.3544399e-01   2.4624543e-01   5.6880126e-01   1.3301013e-01  -9.0933526e-03  -7.4691896e-02   3.0257726e-01   3.5412147e-01  -1.4697200e-01   4.9243351e-01   2.5518212e-01   3.2190475e-02   3.7538524e-01   5.2467886e-01   4.0868385e-01  -2.6901404e-01  -1.5806057e-01   2.3650043e-01   2.0134169e-03   3.1283312e-02  -1.1357441e-01   1.3998552e-01   8.4769291e-02   2.7574609e-01  -1.0443140e-01  -2.1476248e-01   1.0242480e-01   3.2136633e-01  -7.4751421e-02  -2.0407922e-01   1.6960766e-02  -1.4489902e-01   1.3096601e-01  -1.0128133e-01   8.7535530e-03   1.5084534e-01   1.9991662e-02  -1.4273538e-02   6.3856912e-01  -9.9496446e-02  -5.4596181e-02  -1.6121360e-01   5.7711892e-01   1.4424807e-01  -5.8094701e-01  -1.6857726e-01  -2.9818778e-01   3.2371714e-01   3.2375147e-01   2.1582744e-01   3.6481138e-01   4.2376000e-01   1.8853889e-01  -1.0216081e-01  -1.8771227e-01   1.5197985e-01  -2.3914793e-01   6.2557018e-01   5.8303950e-01  -2.8338521e-01   5.6716978e-01   2.5351179e-01  -4.1454369e-01   3.1249290e-01   2.2289314e-01   2.4773949e-01  -9.4726696e-02   1.6426781e-01   1.3453524e-01   1.2839708e-01  -1.3916675e-01  -4.2474246e-01   2.5752807e-01   2.6581657e-01   4.0371600e-02   7.4329980e-02  -1.2766210e-02   2.9132897e-01   2.2500351e-01  -6.6325695e-02  -2.1615635e-02  -1.7947247e-01  -3.4937627e-01   1.3028097e-01  -3.2181583e-01  -1.6107492e-01   5.3502201e-02   3.2510967e-01   2.6988012e-01   3.1651246e-01   1.4931137e-01  -2.9514073e-01  -2.0853355e-01   3.0579693e-01   4.2361761e-01   5.0381620e-01   4.0815266e-01   2.2890896e-02  -1.5020561e-02   4.8571985e-01  -7.9960230e-02  -2.7451900e-02   2.6525646e-01   4.3177994e-01   9.7356641e-02  -1.2016567e-01  -7.1448262e-02  -6.4292036e-01   2.0634893e-01   1.6244074e-01   8.6147974e-02   8.6019621e-02  -3.4516086e-01  -2.5938247e-02   9.1394764e-03  -4.2221677e-02  -1.4008001e-01   1.4241536e-01   2.6967682e-01  -2.5343338e-01   2.3321214e-01   2.0859266e-01  -5.9711046e-02  -3.7431980e-03   7.4560235e-02  -1.8014747e-01  -1.9451092e-01   1.2798866e-01   1.7965383e-02  -1.4719351e-01   1.3355484e-01  -1.0597135e-01  -1.6158871e-01   2.8622056e-02   2.6975368e-01   6.4120203e-01   2.6039647e-01   2.6172587e-01  -3.2611227e-01   2.8939336e-01   3.0123071e-01  -2.9754261e-01  -7.0545328e-02   5.8005047e-02  -7.5469828e-02  -3.2485365e-01   2.8225545e-01  -5.7710816e-02  -1.3388792e-01   1.6180324e-01   7.2032486e-02   1.9398283e-01   1.5281148e-02   3.6078693e-01   2.8431701e-01   4.7470926e-01   3.5179561e-01  -2.8018736e-01   4.5558550e-01   4.5674413e-02   9.6085603e-04  -2.8215194e-01  -1.2705504e-01  -7.4906834e-02   7.9076023e-02   6.5133019e-01  -1.9625564e-01   4.2716640e-02   3.0607359e-01
   1.8105353e-01   7.6964818e-02  -9.4661639e-02   2.7997263e-01  -7.7991120e-02  -1.2463383e-01   0.0000000e+00  -2.0369969e-01   8.5207073e-02   7.9359858e-02  -9.7029097e-02   2.3990743e-01  -2.9044457e-01  -5.8050526e-02   2.4628823e-01   8.3752209e-02  -1.5782399e-01   2.2706708e-01  -4.0767385e-01   1.3740576e-02   8.7039680e-02   6.8740967e-02   5.6357987e-01  -1.8873978e-01  -2.0155333e-02  -3.1643910e-01   2.0036567e-01  -1.8393495e-01   1.4725982e-01   3.3593089e-01   1.5770060e-01   2.7408482e-01  -2.6780456e-01   2.9155580e-01   3.5331051e-01   1.2195237e-02   1.9142808e-01  -1.0817408e-02  -2.0140008e-01   3.3639553e-01  -2.7474017e-01  -8.1725912e-02   4.3399241e-02  -1.8703561e-01   3.9599613e-01   5.0686423e-02  -1.3735402e-01   4.8936893e-01  -3.6768619e-01  -3.3306089e-01   3.0896769e-01  -1.6808143e-01   2.6468818e-01  -1.3235484e-02   1.8391307e-01  -3.0569423e-01  -1.3330085e-01   1.9661975e-01   1.2202169e-01   7.3075473e-02  -4.3882711e-01   2.5516466e-01  -1.0526914e-01  -2.7560803e-01   3.0782872e-01  -1.4079024e-01  -1.8253661e-02  -7.3645368e-02  -1.4040931e-01   5.6414222e-01   8.5658354e-02   3.0847647e-01  -2.9852234e-01   1.6939239e-01  -1.5288714e-02   1.8124218e-01  -2.8034786e-01  -2.3364245e-01   2.0895450e-01   2.3645849e-01   2.2324670e-01  -2.1574457e-01   3.1179002e-02  -1.9127505e-01  -2.3883009e-01   1.9338034e-01   9.7069943e-02  -9.3927289e-02  -1.6843550e-01   9.6609307e-02  -1.4672480e-01  -2.3945119e-01   1.6535566e-01   1.4776452e-02  -1.1084558e-01  -2.4215957e-01   1.2514962e-02  -3.1107403e-01  -9.2483474e-02   5.2381896e-01   1.3001201e-01   2.8827481e-01   1.2599111e-01   2.7316059e-02   3.9027755e-01   2.2943399e-01  -8.8555376e-02  -1.9203148e-01  -7.8397879e-02  -3.2724515e-01   1.8414062e-01   1.5606675e-01   2.6814383e-01  -3.8633325e-03   2.5263618e-02   2.6694569e-01  -2.8661113e-01  -1.1434079e-01  -2.2003887e-01   3.2121830e-01   2.9672099e-03  -1.7873109e-01  -2.0231596e-01   1.1006396e-01   5.7257795e-02   4.6617963e-02   4.4345365e-01   1.1748902e-01   1.6344156e-01   2.8292266e-02  -3.7829560e-01   3.9233866e-01  -3.3497335e-01   4.7532194e-01   6.0675164e-02   3.7658745e-02   1.0134707e-01   2.1756334e-01   1.9914457e-01   2.2102912e-01  -8.1377861e-03  -4.1202126e-01   1.5723487e-02  -1.4237393e-01   4.8913828e-01   3.5308767e-01   6.9581698e-01  -3.7206149e-01  -1.0395047e-01   3.5356853e-01   1.7910618e-01  -9.2491595e-02  -3.3457223e-01  -2.4622558e-03  -2.0238429e-01   1.1012197e-01  -8.6886309e-02   1.0617057e-02  -4.8425330e-01   2.3500005e-01  -1.8161597e-01  -8.9791648e-02  -2.6527525e-01   2.1429066e-01  -1.2034535e-01   2.5437003e-01  -7.0960573e-03  -1.5774779e-01  -8.5360292e-02  -2.3763064e-01  -6.1260103e-02  -1.4264748e-01  -4.4247133e-02  -3.6566493e-01   7.9715118e-02  -5.2902941e-02   2.0942678e-02
  -2.1993239e-01  -8.3632699e-02  -2.1689937e-01   2.8169602e-02  -9.6997845e-02  -3.2094962e-02  -2.0369969e-01   0.0000000e+00   8.1530044e-02  -5.4605392e-03   1.8224462e-01  -2.4649985e-01  -1.2380414e-01  -3.1811172e-02  -1.9377416e-01  -4.6382567e-02  -1.0714830e-01  -1.8282764e-01   2.8850002e-01  -1.2781020e-01  -1.1089411e-01   1.1844040e-01  -1.6762158e-02  -1.7807217e-01   1.4100795e-02   2.4677358e-01  -2.1852151e-01   2.1314829e-01   2.7566696e-02  -3.1788330e-01  -2.5853028e-01   2.0486060e-01   8.1348948e-02  -2.0067353e-01   3.2484082e-02  -2.1341612e-01  -2.5744786e-02  -1.9330861e-01   8.2034942e-02  -1.5758461e-01  -1.4363303e-01  -3.0175768e-02  -1.9815888e-01   2.1966701e-01  -4.8693695e-02  -1.6699564e-01  -7.4965018e-02  -2.8578236e-01  -2.7527966e-01   4.0556227e-02  -1.2415986e-02   4.2616217e-01  -7.7075298e-02  -1.7249869e-01  -6.4481828e-02   2.2037716e-01   1.7765468e-01   2.8368333e-01   2.1723480e-01   6.0534645e-02  -2.3458252e-01  -3.4300936e-02   1.2461055e-01   1.5965375e-01  -8.1296206e-02  -4.7712931e-02  -1.7654036e-01  -1.6387780e-01   3.0675039e-01  -1.1146682e-01  -1.2302701e-01   4.0229792e-02   6.1075526e-02  -3.4974730e-01  -9.0825871e-02   4.7886338e-01   4.6703192e-02   2.6415185e-01   4.8269468e-02  -1.2088443e-01   3.0549587e-02  -1.3997243e-01  -1.6159475e-01   5.4243822e-01  -2.7877310e-01   4.1809414e-01  -2.1856980e-01  -2.4948349e-01  -3.5314379e-02  -2.4731570e-01  -2.4350915e-02  -3.2732548e-01  -1.0279244e-01  -1.8229758e-01  -1.0064589e-01  -1.2110277e-01  -5.5063893e-02   3.6106489e-01  -1.5927011e-01   4.5707170e-02  -2.6165332e-01  -7.6150552e-02   1.6963603e-01  -1.9097750e-02   1.4418696e-01   9.3691442e-02  -2.4767818e-01   3.4943034e-01  -3.0404934e-02  -1.9643187e-01  -2.6974432e-01   2.5390777e-01  -1.0590323e-01  -1.1799602e-01  -8.4294638e-03   6.6163686e-02   3.0932938e-01  -1.4451436e-01   3.4021584e-02   8.5541974e-02  -6.3168695e-02   4.7479842e-02  -6.8157868e-02  -1.6146286e-01  -8.4678967e-02  -4.2149836e-02  -1.3628121e-01   1.9225303e-02   1.5244346e-01  -3.3734039e-01   1.3724493e-01  -9.3338657e-02   4.7051973e-02  -2.2387582e-01  -1.6943645e-02   5.3658951e-01  -1.5191068e-01  -1.0311805e-01   4.5428994e-01  -1.5025354e-01  -2.5720029e-01  -4.1451963e-02   5.6844832e-01  -1.1006038e-01  -1.1694171e-01   5.3069604e-03  -1.1712650e-01  -6.7826987e-02  -1.7704583e-01  -1.8872409e-01  -1.6479943e-01   3.4100940e-01   1.8340821e-02  -2.6516591e-02  -2.0999969e-01  -1.7430086e-01  -7.3454012e-02   1.7731508e-01  -1.5451129e-01   1.5848269e-01  -1.2223857e-01   3.3702153e-01  -1.6924126e-01  -1.4014147e-01   1.0743741e-01   5.4714787e-02   8.1100866e-02   2.8783752e-01  -1.6257936e-01  -1.8861339e-01  -1.2550943e-01  -5.6182971e-02  -1.8115131e-01  -8.0375350e-02  -2.0687167e-01  -1.5827991e-01   1.1858105e-01
   2.0797474e-01   1.3233705e-01  -2.8684878e-01   2.2079169e-01   3.1763801e-01  -1.3544399e-01   8.5207073e-02   8.1530044e-02   0.0000000e+00  -6.1672221e-02  -6.0908169e-02   1.4971741e-01   3.1944547e-01   3.5288365e-02  -3.1158101e-01   1.5966021e-01  -7.4976612e-02  -2.9287654e-02  -1.8903339e-02   4.3426379e-01  -1.1407519e-01   2.0166656e-01  -2.0832950e-01   1.9521609e-03  -1.7022425e-02  -1.1299759e-01   4.7992394e-01  -6.8406892e-02   2.1296848e-01  -5.1384558e-02  -3.9646113e-01   1.6658928e-01   9.9406913e-02   4.2054855e-01  -9.3316086e-02   4.3928806e-01   6.4428447e-02   1.8856078e-01   2.6238683e-01  -9.5906968e-02   2.6314825e-01   1.1886562e-01   3.8177843e-01  -3.2008837e-01   2.4996994e-01   2.7388917e-01   1.9888829e-01  -2.7106804e-01   6.4228135e-02  -4.1329541e-02   4.3213206e-02   5.2841501e-04   5.1466653e-02   4.8869306e-02   2.7478214e-01  -3.4665485e-01  -1.8304064e-01   2.9159247e-01   2.4328833e-01   8.0927601e-02  -1.2254049e-01   5.2692914e-01   5.3577399e-01   5.7403064e-02   4.5213390e-01   1.2236025e-02   1.3254771e-01   4.4081049e-01  -4.8405170e-05  -1.4609337e-01  -1.3591017e-01   2.5713119e-01   2.1640032e-01  -3.2414214e-01  -3.2031336e-02   2.9526364e-01  -4.3674204e-02  -6.3387403e-02   4.0363100e-01   3.8195125e-01  -3.9995807e-01   2.1547736e-01  -4.7610348e-01  -7.4059709e-02  -3.4729154e-01  -2.6482816e-02  -6.2941612e-02  -1.6243023e-01   4.1004315e-01   5.4456962e-02   4.5496531e-01  -1.0444471e-01  -6.6636171e-02   5.8464688e-01  -1.9164775e-01   2.6452622e-01   2.4623047e-01   1.3210454e-01   4.1730587e-01  -1.3121928e-01  -2.5270681e-01  -6.5989078e-02  -2.0144802e-01   3.3175057e-01   1.2157511e-01   2.2280775e-01  -6.0036802e-02   4.8477484e-02   3.9225009e-01  -2.6362871e-02  -4.7120101e-01  -6.1141527e-02   3.7017720e-01   1.7980660e-01  -1.6724315e-01   1.1051883e-01  -1.8399329e-01   2.5801157e-01  -2.2586526e-01   3.0133685e-01   2.5819359e-01   4.0071892e-01   2.3442516e-01   4.8491357e-01   3.0083713e-01  -3.0736872e-02  -1.5176872e-01   2.9714493e-01   3.7815420e-01  -3.5383534e-01   2.3832023e-01  -3.0319758e-03   1.1606999e-01  -5.0121570e-02   4.5852260e-01   3.2270414e-01   1.1754804e-01  -4.2263183e-01   2.4463594e-01  -1.3778281e-01  -2.7481624e-02   5.8614191e-02   1.9183227e-02  -4.7279696e-01  -1.5778439e-01  -2.5793690e-01  -2.4296835e-01   2.8050302e-01  -1.2229118e-01  -1.6940557e-01  -4.0840528e-01  -2.8958172e-01   2.4836937e-01   3.7202176e-01  -6.4306805e-02  -4.6385563e-03   2.5392523e-01   2.5798161e-01  -6.0610361e-02  -3.2301174e-01   2.0046316e-01   6.9355580e-02  -1.0670478e-01   1.0010582e-01   9.8249690e-02   3.4136089e-01   8.3248722e-02  -1.0804585e-01   3.1604306e-01  -2.3887449e-01   4.1231519e-01  -2.0732878e-01   5.2561837e-01  -2.7832836e-01   1.3622172e-01  -1.7953866e-01   2.8240061e-01
  -4.8026213e-02   8.4111151e-02   3.2060577e-01   1.6239474e-01   1.1365520e-01   2.4624543e-01   7.9359858e-02  -5.4605392e-03  -6.1672221e-02   0.0000000e+00  -1.3636116e-02   1.7206617e-02   1.8340467e-01  -2.8867194e-01  -8.9487357e-02   2.3529354e-01   2.5311066e-01   2.8055788e-01  -1.8570469e-03   1.1200668e-01   2.0730390e-01  -2.1534938e-02   2.8639328e-01   1.9779884e-02  -1.9680950e-01  -6.9893631e-02  -5.5593036e-02  -1.7912258e-01  -2.1391649e-02   2.2906271e-01   2.4350717e-01   2.9045029e-01   1.7922165e-01  -4.5765123e-02  -3.1395200e-01   2.5270373e-01   1.4356929e-02   2.0215600e-01   2.3264308e-01   2.9094041e-01   1.0606074e-01   4.4163620e-02  -1.5107421e-02   7.7221666e-02  -1.9730310e-01   2.7270638e-01   2.2860561e-02   2.1980665e-01  -4.8621926e-02  -7.6845036e-04   2.1523667e-01   2.9849759e-02   6.9845392e-03   2.1442222e-01  -1.7175657e-01  -4.5381375e-02  -9.0196809e-03   1.5956848e-01   2.2769447e-02  -1.3577798e-01   3.2530869e-01   5.5997678e-02  -1.5355440e-03   1.8193516e-02  -1.3661728e-01   1.3257283e-01   2.2876624e-01  -1.1804584e-01  -1.9392437e-01   1.8113346e-01   1.2929323e-01  -1.4882838e-01   1.1970735e-01   4.9364238e-02   2.4591935e-02   5.7549797e-02   9.6435289e-02   1.0544200e-01  -1.0097340e-01  -8.0681111e-02  -8.0791787e-02   6.0993539e-02   3.4634216e-01   5.6348092e-02   2.0806163e-01   4.0625360e-02  -5.0962289e-03  -2.9418426e-02  -1.2751329e-01   6.0666484e-02  -2.2845137e-01   2.3241620e-01   3.1464666e-02  -1.1435216e-01   4.5851378e-02   2.7618940e-01   4.5021042e-02  -3.0128459e-02  -2.2552567e-02   4.4151901e-02   1.9438445e-01  -7.2807503e-02  -1.3886560e-01   2.1252114e-01   4.4521518e-02   1.5226648e-01   1.6574843e-01  -3.4049257e-02  -2.6689957e-02   3.7919720e-01   3.2302277e-01  -1.8547516e-01   6.8899623e-02  -7.5339513e-02  -1.8453810e-01  -1.9060584e-01   3.7492234e-02   2.8725220e-01  -9.2480719e-02   1.3185640e-02   6.4307856e-02  -1.1924063e-01  -2.3286802e-01  -1.1064097e-01   1.9633088e-01  -2.4884492e-01   1.4967723e-01   3.2900914e-02   1.6804185e-01   4.4354306e-01  -1.5103632e-02   3.7006127e-01   7.5482871e-02   2.3696008e-01  -9.1407214e-02   1.1146583e-01   4.8686255e-02   1.8683259e-01   1.3162563e-01  -1.9400231e-02  -2.9371752e-02   2.9298682e-02  -4.8791890e-02   2.5214578e-01  -1.2307929e-02   5.2751567e-02   2.9820011e-02   7.7063620e-02   3.2144969e-01   3.0357743e-01   1.3978761e-02   3.0634574e-03  -5.2648361e-02  -1.4195747e-04   2.5974375e-01   2.4732955e-01   1.2329509e-01   8.4508585e-02   2.8285605e-01  -1.0382456e-01   4.9600973e-02  -1.0671780e-01   5.5275581e-01   3.4948058e-02   9.9762982e-02  -2.4659816e-01  -5.9006645e-02  -2.3343700e-01  -2.4452527e-03   2.8685823e-01  -2.4962311e-01   1.2401290e-02  -4.1382375e-02   8.7280092e-02  -3.0140664e-02   1.5053538e-01   1.2729028e-01
  -1.3670656e-01  -4.8886950e-01  -1.6026313e-01  -1.0039270e-02  -4.8705658e-01   5.6880126e-01  -9.7029097e-02   1.8224462e-01  -6.0908169e-02  -1.3636116e-02   0.0000000e+00  -6.7908136e-02  -2.2517577e-01  -1.1967466e-01   4.6155616e-01   7.7581084e-02  -3.3806954e-01   6.2453980e-01   1.1177796e-01  -3.3493375e-01   6.3895182e-01   3.9037658e-01   4.6267651e-01  -3.3048321e-01  -8.5845247e-02   7.3708055e-02  -2.1707136e-01  -1.9364049e-01  -1.4521675e-01   3.2820965e-01   1.9009520e-01   7.7782186e-02  -8.1636408e-02  -2.8851166e-01   3.1708487e-01   6.9626173e-02  -1.1195740e-01  -3.5627862e-01  -7.2494139e-02  -3.9746876e-01  -5.6564924e-02   1.3868384e-02   5.0471939e-02   4.0892471e-01   1.4763574e-01  -2.3040960e-01   6.8653623e-01   9.2757043e-02  -9.2582786e-02  -4.0902089e-01   6.4119734e-01   3.0128898e-02  -5.3863872e-01  -2.3288141e-01  -6.9005658e-02   3.6350662e-01   3.2018928e-02   8.0679669e-02   4.1376608e-01   4.0803189e-01  -4.1697336e-02  -1.6084266e-01  -9.1644289e-02   3.1005653e-01  -6.0508661e-02   5.6045428e-01   3.3408856e-01  -2.6349588e-01   6.0680338e-01   2.9073159e-01  -5.7467062e-01   3.7018047e-01   1.4642744e-01   8.8294719e-02  -2.0324515e-01   1.7717889e-01  -3.1288116e-02   1.1177665e-01  -3.4418377e-01  -3.1001082e-01   2.0332329e-01   1.8308475e-01   2.3086082e-01  -9.7112854e-02  -2.0793432e-02   2.7421492e-01   2.1326325e-01  -1.6132400e-01  -1.5656035e-01  -3.1733319e-01  -3.7663074e-01   1.0359948e-02  -5.0324940e-01  -2.9195485e-02   7.8459410e-03  -1.1154002e-01   5.9382228e-02   8.3047713e-02   1.2169690e-02  -9.2488019e-02  -7.7614669e-03   6.4746825e-01   4.7711279e-01   3.0323258e-01   4.8922953e-01  -7.8346614e-02  -9.6952203e-02   2.3354878e-01  -7.3524853e-02  -2.5854682e-01   1.5397958e-01   5.1993438e-01   1.2663848e-01  -8.3234782e-02  -4.3948659e-02  -5.5511736e-01   1.7928252e-01  -5.5260996e-02   1.4689807e-01  -2.2392008e-02  -3.9298680e-01  -2.7796400e-01   3.6231522e-02   1.1662090e-01  -2.7298804e-01   2.5590074e-02   3.5070323e-01  -1.4633341e-01   1.8173489e-01   1.5177255e-01   3.4592114e-02   2.7781540e-01  -1.2803783e-01   6.9957464e-02  -1.8158460e-01   1.3683793e-01  -1.2138498e-01  -9.2757019e-03   6.3636527e-02  -9.5440126e-02  -1.2707932e-01  -2.3166105e-01   4.5895114e-01   5.5374762e-01   4.6018691e-01   5.6561260e-01  -2.7907980e-01   2.1060167e-01  -8.2683651e-02  -5.1174785e-02  -1.8514210e-02   1.2467802e-01  -1.3972912e-01  -2.0506236e-01   3.2320250e-02  -1.3219926e-01  -1.2096674e-01   2.1509054e-01  -6.1262110e-02   1.4147520e-01  -7.6433316e-02   7.0326126e-01   2.0425082e-01   6.0749524e-01  -7.7543706e-02  -3.0966746e-01   6.4143477e-01   8.2996654e-02  -6.7967106e-02  -3.4723203e-01  -3.1470469e-01  -8.6731369e-02   2.3457780e-01   4.5215575e-01   3.1783856e-03  -2.4549793e-01  -1.0667330e-01
   3.8511839e-02   5.1800156e-01   3.7364144e-01   3.0997296e-02   3.0547482e-01   1.3301013e-01   2.3990743e-01  -2.4649985e-01   1.4971741e-01   1.7206617e-02  -6.7908136e-02   0.0000000e+00  -1.2001920e-01  -2.2469164e-01  -4.9500207e-02   2.4767971e-02   3.4932953e-01  -7.6376834e-03  -4.4872355e-02   4.3225082e-01  -1.0871910e-01   2.2004474e-02  -1.2119998e-02  -3.9933133e-01   1.6203383e-01  -3.7314099e-01   5.4751464e-01  -3.9230036e-01   2.0870683e-01   3.6141564e-01  -4.3645509e-01  -9.9942179e-02  -3.1922477e-02   6.0647061e-01   7.8430335e-02   1.6805384e-01  -3.1171376e-02  -2.8688057e-01  -7.7444649e-02   3.1538464e-01  -1.9565630e-01   1.8076389e-01   6.4568552e-01  -4.6453127e-01   1.9983750e-01   1.0915265e-01   1.2998882e-01   1.0484258e-01  -9.7270720e-02   3.6173294e-01  -2.0109016e-02  -3.2047753e-01   2.1515933e-01   3.4376570e-02  -4.8116162e-02  -4.0161210e-01  -3.0876545e-01  -1.2649423e-01  -1.3191285e-01   3.9382942e-01  -2.7249145e-02   1.4643887e-01   3.1365139e-01   2.3807290e-01   2.8125195e-01   3.4284678e-01   1.8673614e-01   3.7627346e-01  -3.3585098e-02   1.2980661e-01   2.3411337e-01   2.2641739e-01  -2.7252686e-01   4.1254878e-01   5.5404362e-02  -5.5017175e-02  -2.6774662e-01  -2.9957902e-01   4.7730882e-01   2.3649301e-01  -3.6663535e-01   3.4855977e-02  -2.2924588e-01  -2.8971851e-01  -1.7888643e-01  -2.1618426e-01   5.0455762e-02  -2.6770951e-01   4.6254653e-01  -2.3100420e-01   2.8926088e-01   5.6804732e-02   2.0622635e-01   3.6569451e-01  -3.3935262e-01   3.8789075e-01   1.1654191e-01  -1.9863600e-01   2.7888371e-01  -9.2512245e-02  -3.3091501e-01   6.5841374e-02  -1.6840894e-01   2.9310761e-01   1.9132999e-02  -8.7820600e-02  -2.1611986e-02  -1.6797012e-01   3.0400004e-01   1.6266136e-01   6.9536546e-02  -3.7922224e-02   1.6926437e-02  -2.2936682e-01  -4.2042265e-01   1.3518544e-01  -3.4372176e-01  -5.0206776e-02  -3.7814473e-01  -2.5913228e-02  -2.9425881e-01   5.2948406e-01   6.2520747e-01   4.3940140e-01  -1.0905171e-01   2.3996359e-01  -5.8539607e-02   1.5994090e-01  -5.3503146e-02   9.6304305e-02  -1.8025039e-01  -5.0060010e-02   3.0600063e-01   1.5962856e-01   2.3268126e-01  -6.6366184e-02   1.3886698e-01  -2.4532137e-01  -1.9502776e-01  -1.3434078e-01  -1.2069275e-01  -8.3164365e-02  -2.3875768e-02   3.0589739e-02   1.4111786e-01  -1.9864039e-01   4.2447523e-02   3.3409497e-01   1.5065310e-01  -2.7759210e-01  -2.8795957e-01  -5.1104618e-01  -1.8755156e-01   1.4405671e-01   5.8813589e-01  -1.2404636e-01  -1.4977154e-01  -2.3025125e-01  -1.1703318e-01  -3.4350634e-01   2.5301400e-01  -9.6421735e-02  -4.2420393e-02   7.4617219e-02  -1.9639252e-01   5.2034188e-01   2.9404308e-01  -4.3111175e-01  -1.9942969e-01  -7.9430968e-02   5.6739066e-01  -2.7586809e-01   3.0812182e-01   4.1563753e-02   1.9410483e-01  -1.3623383e-02  -5.3950908e-02
   1.2865715e-01   1.5840437e-01  -7.1791145e-03  -4.6850625e-02   4.0067381e-01  -9.0933526e-03  -2.9044457e-01  -1.2380414e-01   3.1944547e-01   1.8340467e-01  -2.2517577e-01  -1.2001920e-01   0.0000000e+00   6.3601814e-02  -5.0720621e-01   1.8407826e-01   2.4957684e-01  -1.1402302e-01   4.6350454e-02   4.6688269e-01  -2.0695539e-01  -1.1555113e-01  -4.1897415e-01   5.0465711e-01   1.5185814e-01   3.9618907e-02   1.8991892e-01  -1.7862622e-02  -5.2631061e-02  -1.5787746e-01  -1.7090655e-01  -6.1545957e-02   2.8043470e-01   6.7166209e-02  -3.4310227e-01   5.9931063e-01   1.5349711e-01   4.8703364e-01   3.6956428e-01   1.4354313e-01   7.1419429e-01   2.7657962e-01   4.6041916e-02  -1.9757663e-01  -3.3106213e-01   4.0448263e-01   5.9757472e-02  -2.4790951e-01   2.0647228e-01   1.7653241e-01  -1.9569028e-01  -3.0400002e-02   4.2683536e-02   2.1984311e-01   1.3176636e-01  -1.6536382e-01  -6.1178264e-02   1.3634612e-02   1.4528490e-04  -1.6629085e-01   3.8999110e-01   1.4972881e-01   2.1941374e-01  -8.3650820e-02  -1.5641562e-01  -5.0498309e-02   1.1628071e-01   2.1751216e-01  -2.8600632e-01  -2.4572984e-01   1.5220318e-01  -6.5413867e-02   4.1372018e-01  -4.3491697e-01   1.2173812e-01  -1.4308927e-01   3.8918236e-01  -1.9519246e-02   2.8234375e-02   1.9120157e-01  -3.5909437e-01   2.6418363e-01  -1.1745807e-01   3.4961567e-02   1.3734117e-01  -2.4983800e-01  -1.7173284e-01   1.8750647e-01   2.4417202e-01   2.3532564e-01   2.5486097e-01   2.3985390e-01   2.1249705e-02   1.7074332e-01   9.9626426e-02   5.6081483e-01   3.7907234e-01   9.4596684e-02   3.7121575e-01  -5.1153079e-01  -2.5105085e-03  -3.8673009e-01  -4.2996984e-01   8.4577369e-02  -3.6141029e-01   4.2129225e-02   2.2789695e-01  -1.0628369e-01   2.0193345e-01   4.8244563e-01  -1.7252492e-01  -3.3782078e-01   1.0068914e-01   8.8846080e-02  -1.5770910e-01  -1.5238710e-01   6.0842321e-03   6.5216778e-01  -1.4266236e-01   4.0143606e-02   4.1571087e-01   1.8686582e-01   6.9768429e-02  -4.3319897e-02   4.0884490e-01  -2.3359176e-01  -4.9933263e-01   1.4768966e-01  -1.4443270e-02   5.3137426e-02   5.6504963e-01  -6.9180232e-02   3.0516883e-01  -2.6745289e-01   2.1689379e-01  -6.0367936e-02  -4.6214059e-02  -1.9188122e-01  -6.9949759e-02  -1.7260174e-01   1.0383335e-01   5.0409484e-01  -2.2912341e-01  -2.6876076e-01  -5.9334221e-01  -4.5053663e-01  -4.1415616e-01   2.7754279e-01   3.5803466e-01  -1.9490862e-01  -2.8567507e-01  -2.7789576e-01   4.5521789e-01   2.7618431e-01   1.6755342e-01   1.6283630e-01   1.3355487e-01   2.4618332e-01   4.1496558e-01  -3.2683532e-01   2.2950117e-01  -3.2048537e-01   3.6450468e-01  -2.7906298e-01   1.7692245e-01  -1.3841032e-01  -2.1946062e-01  -1.1387095e-01   3.5226360e-01   2.2702706e-01   1.6648202e-02   8.6564248e-02   2.2153834e-01  -7.2162223e-02   2.7649883e-02  -3.7219985e-03   1.6280577e-01
   6.3446060e-01  -2.9474951e-01  -3.1039199e-01   2.2713243e-01  -1.7112825e-01  -7.4691896e-02  -5.8050526e-02  -3.1811172e-02   3.5288365e-02  -2.8867194e-01  -1.1967466e-01  -2.2469164e-01   6.3601814e-02   0.0000000e+00   1.1417197e-01   4.5981632e-02  -3.9470937e-01  -2.2357730e-01  -3.7677614e-02   4.2090278e-02  -2.1888850e-01   3.3392556e-01  -1.4583589e-01   4.3874239e-01  -5.3063453e-02   2.4078004e-01  -1.2356372e-01   6.0544647e-01  -8.3950365e-03  -3.9487748e-01   4.4219010e-02   7.1798882e-02   2.1513207e-02  -1.0011485e-01   2.1303169e-01  -9.5224537e-02  -8.6397653e-03   6.7582561e-02  -1.5302445e-01  -2.9749793e-01   9.9628123e-02   6.5435993e-02  -2.5355997e-01   1.7686679e-01   5.4062494e-02   1.8596988e-01   4.7837346e-02  -3.6580818e-01   1.3199404e-01  -2.2418365e-01  -4.2231916e-02   1.8371833e-01  -2.3393486e-01   2.2910800e-01   4.7964847e-01   2.6894470e-01   1.4000554e-01   1.1235062e-01   9.1461433e-02   8.8663427e-02   3.2869148e-02   2.1171760e-01  -2.1145030e-01  -9.8323259e-02  -1.7986971e-01  -1.7145992e-01   7.6019173e-02  -7.2966173e-02   1.8502391e-01  -2.6901388e-02  -2.9143548e-01   8.4966719e-02  -5.3653815e-03   1.5444210e-01  -1.2121902e-02   2.3253523e-02   8.4911953e-02   1.4707499e-01  -6.3527986e-02   6.0718642e-02   4.9368965e-01  -6.4227010e-02  -2.9051553e-01   1.1896683e-01   2.2534818e-01   1.6870594e-01   1.4236154e-01   6.6268385e-01   3.3474088e-02   6.1598266e-01  -1.4856076e-01  -5.4204029e-02   1.8515133e-02  -2.3017018e-01   1.6635919e-01  -1.1984227e-01   2.4241361e-01   5.6303937e-02  -1.1446396e-01  -6.8171460e-02   1.3031666e-01  -7.0193924e-02   3.2541360e-01   1.2551777e-01   7.0009794e-02   1.9622158e-01   6.4217682e-02   1.3653222e-01  -1.0478462e-01  -2.9348402e-01  -2.1771220e-01   2.0173170e-01   1.9115760e-01   4.4714058e-01   7.1101642e-01  -1.6700345e-01   1.7153652e-01  -8.4734285e-02   6.3551337e-01   2.7194747e-01   3.0846129e-01  -2.8045079e-02  -1.5818743e-01  -1.9995980e-01   2.7463168e-01   6.2894904e-01  -2.6772568e-02  -6.7900712e-03   1.3229711e-01  -3.0655276e-01  -9.9034039e-02  -3.8732312e-01   2.0173052e-01  -4.5704842e-01   8.3249937e-02  -1.4360888e-02   9.8765746e-02   1.2020672e-01  -4.1148779e-02   4.3883979e-02   3.8237044e-01  -2.5921087e-02   1.5155610e-01  -1.1594874e-01  -7.5172857e-02  -5.7229117e-02  -6.4446924e-02  -2.6008982e-01  -6.8258188e-02  -2.5459609e-01   2.6495470e-01   3.5328554e-01   5.0162651e-01  -1.0272871e-01  -3.8576281e-01  -3.4040996e-02   1.7141628e-01   1.5105780e-01  -5.0430868e-02   3.5376791e-01  -1.9804542e-02   6.1882774e-02  -4.4692878e-01   3.2830848e-02   2.4669758e-01   5.3225071e-02  -2.0345616e-01   4.9165529e-01   6.6088423e-01  -3.3468134e-01  -1.3865861e-03  -1.5871762e-01  -1.6251883e-01   7.3148921e-02   4.6057158e-02  -1.4502833e-01   2.3301082e-01
