   0.0000000e+00  -2.3877692e-01   1.0864663e-02  -1.7762273e-01  -2.7019814e-01   1.2815124e-01  -3.9780337e-01   4.9219058e-02  -3.0741297e-01  -5.6949915e-02  -3.5862167e-02  -2.4924085e-01  -1.9743640e-01   1.1513446e-01  -5.3278891e-02  -2.1717826e-01   1.7242568e-01   4.6922482e-02   1.8660594e-01  -3.6511962e-01  -7.1149522e-02  -2.4366128e-01  -2.6516495e-01   4.5831654e-01   1.6811669e-01   2.5380147e-01  -3.3235791e-01   2.7400244e-01   1.4128961e-01  -2.0721681e-02  -3.9363789e-02  -2.8118694e-01   1.9152514e-02  -3.0052748e-01  -3.4877825e-01  -1.5168186e-01  -2.1221473e-01   4.4735589e-01  -2.9576661e-01  -3.4969266e-01  -1.9189669e-01   2.2727393e-01  -1.5777333e-01   1.5644831e-01  -4.5687018e-02   5.8603751e-01  -1.1592507e-01  -2.6153058e-01   9.5815452e-02  -1.8852389e-01  -2.2074993e-01  -2.4124093e-02  -1.5484212e-01   1.2067221e-01   1.6786373e-02  -5.3795976e-03   2.1591804e-01  -2.6076338e-01  -1.0650381e-01   5.8211917e-02   6.7649750e-01  -2.2800480e-01  -1.3028663e-01   2.7787355e-01   1.6554084e-02  -3.9888907e-02  -1.5028550e-01  -3.3945378e-01  -2.9219280e-01   4.7777387e-01  -3.5312115e-01   8.0920775e-02  -3.1288224e-01   7.0360144e-01  -4.0791757e-02  -2.7297701e-01   5.9942315e-01  -8.0969381e-02  -2.3330252e-01  -1.9170127e-01  -1.5931753e-01  -1.5079058e-01   3.6973963e-01   4.9280981e-01   4.1396036e-01  -2.7028257e-01  -3.5835499e-01   1.5253167e-01  -1.4535549e-01   4.7938112e-01  -1.4848159e-01   5.9882687e-01  -3.3174530e-01  -2.7431079e-01   5.3525821e-01  -2.1967854e-01  -1.0264131e-01  -5.2905744e-02  -4.3865606e-02  -3.0865486e-01   6.7655668e-01  -6.8124654e-03  -9.8673692e-03  -2.5501005e-01  -2.3706795e-01  -3.1551626e-01   2.1005773e-01  -1.7016663e-01  -6.9513285e-02  -1.3006999e-01   2.1457323e-02  -8.1795838e-02  -1.3911780e-01   5.2214922e-01   4.9641695e-01  -1.6800992e-01   9.3172731e-02  -3.9033137e-01   5.9155225e-01  -1.2300031e-01   5.6876503e-01  -3.1078399e-01  -2.7025351e-01  -1.0141501e-02   4.8790437e-01   2.7512184e-01   2.7423404e-02   5.7318928e-02  -3.6008265e-01   1.7104793e-01  -3.6324827e-01  -8.5044019e-02   2.8608506e-01  -1.1191280e-01   7.6211326e-02  -1.8632005e-01  -2.7153572e-01   3.0640285e-02  -1.6912128e-01   4.3733081e-01   5.4820579e-01   1.0362405e-01  -1.6589866e-01  -5.6108818e-02  -2.2818815e-01  -1.2953470e-01  -2.5558923e-01  -5.7179141e-02  -1.3255982e-01  -2.9443468e-01   5.6034294e-01   2.1632007e-01   6.4305116e-01  -2.3065885e-01  -2.9032602e-01   3.0859731e-01   6.3229657e-01   4.1414482e-02   6.1508930e-01  -1.0816242e-01  -8.4889964e-02  -1.1371233e-01   1.0068102e-01  -8.7679168e-02  -3.3376010e-01  -3.6339991e-01   2.7321455e-02   4.0161824e-01   6.9982827e-01  -3.6809483e-02  -3.9329617e-01   3.1964651e-01   5.1365521e-02   7.6252009e-02   2.2701819e-01  -1.7854237e-01  -2.3250393e-01
  -2.3877692e-01   0.0000000e+00   5.4290972e-01  -2.7933321e-01   4.8767611e-01   1.1452446e-01   2.3416367e-01  -2.6167185e-01   5.8047509e-01  -7.2915546e-02  -3.9375801e-01   3.3469797e-01   5.1245566e-02  -7.0288370e-01  -2.6282798e-01   8.3228209e-02   4.8461480e-01  -5.5030777e-01  -1.6447574e-01   4.1413155e-01  -6.1761022e-01  -4.8390973e-01  -3.6336413e-01   8.7421749e-02  -1.6716227e-01  -4.3155119e-01   2.4797021e-01  -4.2296924e-01  -4.5835653e-02  -2.6760656e-01  -2.6457530e-01  -3.9722609e-01   3.3374051e-01  -1.7310978e-01  -1.3237861e-01  -7.2178885e-02   2.7315709e-01   1.3275479e-01  -6.8386562e-02   6.0923808e-01   4.3303531e-02  -1.6560253e-01   5.9445086e-01  -2.6973094e-01  -5.6910357e-01   2.9928964e-02  -3.3614357e-01   3.0320492e-01  -1.3138860e-01   6.1607291e-01  -4.3092144e-01  -5.3851398e-01   2.8068204e-01   2.0312485e-01  -2.4278495e-01  -3.3838779e-01  -1.7243331e-01  -3.3523930e-01  -1.0597110e-01  -4.4412861e-01  -1.3050175e-01   1.3035935e-01   5.9047855e-01  -1.5961817e-01  -2.2221322e-01  -2.2241101e-01   3.0534060e-02   1.7058776e-01  -3.0154017e-01   3.6315073e-02   5.6318707e-01  -4.7303231e-01   2.6751061e-02  -2.8089597e-01   2.2776180e-01  -1.7232549e-01   2.6131348e-02  -2.5380041e-01   2.2551651e-01   4.9471736e-01  -4.2980046e-01  -2.1919155e-01  -4.8194172e-01  -8.2895852e-02   1.9308293e-01  -2.0316276e-01   2.8553854e-01  -2.4553830e-01   2.9488691e-01   1.9329681e-01   8.0064534e-01   9.5003555e-03   2.9627037e-01   3.9848305e-01   1.3681173e-01   7.7683798e-01   3.5560127e-02  -2.7337197e-01  -1.3370433e-01  -4.8469939e-01  -1.0467329e-01  -3.3600014e-01  -6.4858315e-01  -1.6183524e-01  -5.1054802e-01  -2.7452786e-01   1.8264729e-01  -3.0051847e-01   9.7663677e-02   7.0168112e-02  -4.0421085e-01  -4.4359606e-01  -2.2116571e-02   2.3049521e-01  -1.1847609e-01   7.5756735e-01  -1.6807224e-01  -2.1911853e-02  -8.9098981e-02  -3.8103197e-01   6.6925102e-02   7.4062277e-01   5.4465012e-02   2.6344593e-01   1.6518169e-01  -4.2346869e-01  -1.0299370e-01   3.3175725e-01  -2.0005934e-01   3.4831389e-01   1.3985732e-01  -4.6483294e-01  -3.0231380e-01  -1.4479945e-01   1.9635872e-01  -2.1435405e-01   8.2262848e-02  -2.7626448e-01  -2.8185363e-01   1.4299683e-01  -1.7834974e-01   5.3629962e-02  -3.8193762e-01  -4.3031352e-02  -2.1413123e-01  -5.9170407e-01   2.8188755e-01   2.0395692e-01  -9.1841615e-02  -4.8284366e-01   1.2767531e-01  -6.2544310e-01   3.1137093e-02  -5.8091335e-02   7.7279369e-01   2.4306029e-01  -7.7883481e-02  -1.7923769e-01   3.4162436e-02  -4.8000998e-01   9.7706120e-02  -3.1729271e-01  -4.0280084e-01  -3.7694271e-01  -1.9349124e-01   3.6373379e-01  -1.8467949e-01  -4.2454103e-02   3.1506579e-02   4.2436908e-01   5.7306774e-01   1.9016028e-01  -5.0338999e-01  -1.7496558e-01   3.3558602e-02   9.9036320e-02  -2.7379591e-01
   1.0864663e-02   5.4290972e-01   0.0000000e+00  -1.7543152e-01   8.8493801e-02   5.9549965e-01   1.2010302e-01  -2.5541016e-01   3.8270868e-01   9.0771733e-02  -4.7410813e-01   5.4877577e-01  -9.2657774e-02  -5.3553190e-01  -3.1892787e-01  -2.7160493e-04   8.5065498e-01  -4.4859203e-01   1.3789281e-01   2.9384263e-01  -4.1771578e-01  -4.0164903e-01  -3.4339959e-01   8.4642604e-02  -1.7184475e-01  -3.6682331e-01   3.1679551e-01  -1.5265757e-01   1.3156388e-01  -1.4564616e-01  -3.5616520e-01  -4.1532898e-01   4.6618457e-01  -2.5639391e-01  -1.3404312e-01  -2.9543356e-01   1.0352986e-01   2.7877339e-01  -1.7812701e-01   6.4130164e-01  -9.0715797e-02   2.6532428e-01   5.8215054e-01  -2.8642888e-01  -6.8260091e-01   3.3792837e-01  -4.3593828e-01   8.4042916e-02  -2.0983700e-01   7.9233372e-01  -5.1943405e-01  -4.7911210e-01   3.4781633e-02   1.4241129e-01  -1.3709214e-01  -3.3948241e-01  -7.5540303e-02  -2.8007877e-01  -9.4125848e-02  -2.1948085e-01   2.2040951e-01   9.7314636e-02   5.5653689e-01  -4.1068856e-02  -2.6983992e-01  -2.4856500e-01   6.5413607e-02  -6.3787404e-02  -4.8339052e-01   5.3686944e-01   4.0919441e-01  -4.0496345e-01  -1.9488335e-01  -6.9800304e-02   7.9851934e-02  -2.6195827e-01   2.4037511e-01  -3.3737572e-01  -1.7776268e-01   2.3063551e-01  -3.0710183e-01  -2.4121525e-01  -1.9048147e-01   2.3045206e-01   5.6985739e-01  -2.7594344e-01   7.4626247e-02  -2.8353440e-01   1.9850398e-01   2.5240792e-01   4.3154965e-01   4.4305928e-01   2.1891290e-01   4.4805380e-01   3.5232090e-01   6.2461726e-01  -1.1824424e-01  -2.7748604e-01  -2.8699169e-01  -4.7528138e-01   2.9423297e-01  -3.8923207e-01  -5.1234640e-01  -1.2808549e-01  -4.7725126e-01  -2.9701273e-01   3.5921632e-01  -4.8862800e-01   2.8752907e-01  -1.9141266e-02  -1.7591300e-01  -3.8706622e-01   1.7335030e-01   3.9215075e-01   2.2168061e-01   3.4332370e-01  -1.4744823e-01  -2.2653769e-01   3.3795899e-01  -3.6280556e-01   1.0495573e-01   4.4675849e-01  -1.1983787e-01   1.3391314e-01   3.7066140e-01  -3.1848569e-01  -1.4520061e-01   1.2352031e-01  -2.3552730e-01   7.4376200e-01  -2.1288608e-01  -5.0324324e-01  -1.7916771e-03  -7.0781311e-04   4.3711134e-01  -2.8373618e-01  -2.1427259e-02  -9.0269849e-02  -3.2576067e-01   2.1872266e-01  -2.1196410e-01  -1.6108914e-01  -5.4282011e-01   4.0387691e-01  -2.0380438e-01  -4.8412362e-01   3.8721849e-01   7.9024508e-02   4.8457523e-02  -4.4077371e-01   3.4358799e-01  -3.6233596e-01   1.2526975e-01  -9.7997326e-02   7.5815006e-01   2.0531965e-01   1.1472306e-01  -1.3070936e-01   4.1402744e-01  -5.5755251e-01  -8.8252838e-02  -4.4329347e-01  -3.0086184e-01  -1.5904358e-01  -2.7156516e-01   1.2182612e-01  -1.2188097e-01   2.3277983e-02   2.3020169e-01   3.3152989e-01   4.1554375e-01   2.5279546e-01  -4.0844602e-01   2.9348577e-01  -5.9932141e-02   9.1550935e-02  -1.6834376e-01
  -1.7762273e-01  -2.7933321e-01  -1.7543152e-01   0.0000000e+00  -2.2619507e-01  -6.5967828e-03   1.1884744e-02   2.9318437e-01  -1.1188591e-01   8.5933382e-02   4.0583694e-01   3.6852474e-02   2.0956218e-01   3.1237086e-01   2.4606221e-01   2.3968040e-01  -1.6329074e-01   3.2972005e-01   1.3193838e-01  -1.5610536e-01   2.9470802e-01   4.8205420e-01   2.5123083e-01  -3.1818959e-01  -2.5317183e-01   1.9691806e-01  -4.7867134e-02   1.5748343e-01  -1.0876038e-01   3.0319691e-01   1.2424057e-01   4.2008312e-01   1.2322176e-01   1.4526956e-01   2.8220781e-01   1.5897372e-01  -1.5196290e-02  -2.1609869e-01   1.2731699e-01  -1.6390398e-01   4.1168630e-01   1.0956843e-02  -2.7838459e-01   2.3737498e-01   3.3978639e-01  -2.4178257e-01   5.0539108e-01  -4.9931409e-02   1.0782033e-01  -1.6466832e-01   3.8386572e-01   3.7075188e-01  -2.2664980e-01  -4.0053627e-01   6.3456607e-02   2.4560838e-01   8.4610511e-02   4.8198765e-01   5.7549300e-01   2.5997017e-01  -1.3018227e-01   6.9268940e-02  -1.4329443e-01   4.0923154e-02   1.6557239e-01   4.0647772e-02   1.6533682e-01  -1.5326709e-01   4.8201730e-01  -2.3565801e-01  -2.4049227e-01   3.5140682e-01   2.3521899e-01   1.0551687e-02  -1.2121039e-01   2.6682488e-01  -2.3259779e-01   2.8642275e-01  -1.4224491e-01  -1.1828690e-01   2.6002469e-01   7.3154586e-02   1.1717676e-01   1.3579766e-02  -1.8610768e-01   2.3112475e-01   2.1238143e-02   3.6805584e-02  -3.2484210e-02  -2.9802837e-01  -3.1784103e-01  -1.6595994e-01  -2.6354875e-02   5.9764813e-02  -2.3214210e-01  -3.0017573e-01  -1.6130943e-01   2.7101207e-01   2.8272357e-01   4.2063207e-01  -2.2960905e-01   2.6809264e-01   2.5134850e-01   1.1400727e-01   5.8568116e-01   4.7063148e-01  -1.9063866e-01   4.0244860e-01   4.7450192e-02  -1.5322309e-02   3.0830123e-01   4.5268304e-01   4.2248631e-01  -3.3559238e-01  -1.0600274e-01  -4.1964069e-01   1.7284661e-01   2.1496752e-01  -1.1722353e-01   5.3920657e-01  -4.6636272e-01  -3.0025446e-01   1.5873564e-01  -1.8346272e-01  -2.8786766e-01   2.3462351e-01   1.5231040e-01  -4.7157737e-01   5.0186467e-01  -2.3303649e-01   5.6555562e-02   3.2137454e-01   4.1990081e-01  -5.5051538e-02   1.2596693e-03   3.3997148e-01  -1.5772132e-01  -4.8925550e-03   3.4179134e-01  -3.0754273e-01  -5.5279122e-02  -1.6177427e-01   3.4376561e-01   1.6177770e-03   1.8290213e-01   3.8672220e-01   3.5614216e-02  -2.3068821e-02   8.4087094e-02   2.9696446e-01  -2.6908575e-01   2.2365933e-01  -1.8057385e-01   2.9129411e-01  -2.9363217e-01  -2.9262805e-01  -3.4844857e-01   4.8487676e-01  -1.3593426e-01   2.5661595e-01  -2.0518219e-01   3.8094003e-01   1.8316426e-01   6.1874362e-01   6.0085057e-01  -1.5677328e-01   3.0478621e-03  -2.0053372e-01  -2.1940060e-01  -2.0208958e-01  -1.4010381e-01  -3.1831871e-01   3.6927840e-01   1.8417266e-01  -1.6706944e-01   1.5869046e-01   3.9138092e-01
  -2.7019814e-01   4.8767611e-01   8.8493801e-02  -2.2619507e-01   0.0000000e+00   7.7092444e-02   4.2570638e-01  -1.5355519e-01   3.5117209e-01   8.1378954e-02  -2.5284031e-01   2.4027211e-01   3.5666271e-02  -3.9817428e-01  -2.8298915e-03   1.9261278e-01   1.6837848e-02  -1.3527207e-01  -2.0159608e-01   7.4577536e-01  -2.6423102e-01  -1.8539561e-01   8.4985306e-02  -2.4148517e-02  -1.6644420e-01  -3.0930074e-01   2.4088556e-01  -2.4115052e-01  -8.4603846e-02   3.8785858e-02  -1.6631693e-01  -1.8388491e-01  -8.2661113e-02   1.5007445e-01   7.0996878e-02   3.6791448e-01   1.4861435e-01  -1.6321999e-01   5.3843283e-02   2.6205600e-01  -4.9169241e-02  -1.8724658e-01   3.1888941e-01  -1.4577782e-01  -5.9917583e-02  -2.8062705e-01  -9.5980218e-02   4.3536198e-01  -9.0986837e-02   2.2448279e-01  -7.9191886e-02  -3.1536004e-01   1.4462570e-01   9.8873895e-02  -1.7537224e-01  -1.0845389e-01  -2.1280481e-01  -2.4439260e-01  -2.2870247e-01  -2.9871653e-01  -4.0654884e-01   1.9780244e-01   6.9258077e-03  -1.9896499e-01  -3.1976702e-02   2.1010061e-01   3.0326377e-01   2.5213010e-01  -1.0146273e-01  -2.9459383e-01   2.2633156e-01  -2.5896834e-01   8.0605441e-02  -2.6103757e-01   3.1545511e-02  -1.6805260e-01  -3.8975624e-01  -1.8520092e-01   5.9281106e-01   1.1134429e-01  -1.5147581e-01  -8.3781667e-03  -1.9773265e-01  -2.0771997e-01  -6.0080447e-02  -1.3222732e-01   1.1445261e-01  -1.1028980e-01   1.9385955e-01  -9.5947291e-02   5.7908336e-01  -3.8788759e-01   3.7846226e-01   4.0612062e-01  -2.0518729e-01   4.6412489e-01   1.6025488e-01  -2.8319044e-01   1.0360854e-01   4.3278923e-02  -2.5046045e-01  -2.9740000e-01  -2.2131637e-01  -8.2002247e-02  -2.2948211e-01  -1.1326626e-01  -6.7411861e-02  -1.7553677e-01   2.3984273e-02   4.4630931e-01  -1.4054800e-01  -1.3672773e-01  -1.9674189e-01  -9.0578744e-02  -2.2153587e-01   4.8796775e-01  -2.9355019e-01   2.4900322e-01  -2.6609096e-01  -2.8370341e-01  -1.6629611e-01   6.9366234e-01   1.5524873e-02   2.1011892e-01  -1.2061583e-01  -3.0633210e-01  -2.2432013e-02   1.0505562e-01  -2.0880306e-01  -1.6316042e-01   1.9815447e-01  -1.2733927e-01  -3.5901130e-01   5.1412765e-02  -1.3707535e-01  -1.7627253e-01   6.1302158e-02  -1.8950192e-01  -2.5378579e-01  -4.8634992e-02  -1.8031546e-01   5.2947606e-02  -1.9184193e-01  -1.1545353e-01   1.0100451e-01  -2.0238403e-01   1.5534251e-01   3.9623856e-01   2.5077163e-01  -9.9107800e-02  -8.2385611e-02  -3.0348409e-01  -1.8387857e-01   6.0409291e-02   2.9001587e-01   4.1839713e-02  -2.2607919e-01  -2.6226504e-01  -3.1424021e-01  -2.5729031e-02   3.1111296e-01  -1.6344389e-01   9.5333992e-03  -2.6829101e-01  -2.1820502e-02   4.4376708e-01  -7.7613573e-02  -1.0099613e-01  -9.7438893e-02   3.9142546e-01   4.4765422e-01  -1.3445612e-01  -2.1750767e-01  -2.4433667e-01   5.6373977e-02   1.1016711e-01  -2.1153118e-01
   1.2815124e-01   1.1452446e-01   5.9549965e-01  -6.5967828e-03   7.7092444e-02   0.0000000e+00   2.0672938e-01  -1.2074672e-02   1.6491962e-01   2.4863496e-01  -2.6104182e-01   4.1278307e-01   4.7357428e-06  -1.0775693e-01  -1.0583811e-01   1.8123385e-01   5.7708351e-01  -1.4054615e-01   2.8698896e-01   2.5881914e-01  -6.9903148e-02  -3.9239608e-02   5.7666370e-02  -1.0047449e-01  -1.8668492e-01  -1.0839489e-01   3.2398065e-01   1.1890230e-01   1.2833343e-01   1.8704671e-01  -3.3235979e-01  -2.7048136e-01   2.5664265e-01   7.1383682e-02   7.6182472e-02  -1.4714941e-01  -5.6595033e-02  -1.4763658e-02  -7.7468325e-02   3.4180290e-01  -5.6856779e-02   1.3412894e-01   3.4308204e-01  -1.0000842e-01  -2.4255815e-01   1.6790055e-02  -1.5013120e-01   8.5084971e-02  -7.9014824e-02   5.1419155e-01  -2.5607440e-01  -3.9218566e-02  -1.9288333e-01  -8.1654278e-03  -3.4662933e-02  -4.6596098e-02   2.9741404e-01  -1.3854037e-01  -9.5685060e-03  -3.8298700e-02   1.4765331e-01   7.3470847e-02   1.6516545e-01  -1.6929987e-01  -2.2744639e-01  -4.1883386e-02   3.9759818e-01  -2.1425365e-01  -1.4230937e-01   3.8572627e-01   6.7497594e-02  -1.6806675e-01  -1.2111943e-01   4.2347835e-02   9.5472352e-03  -2.0069940e-01  -1.7734164e-02  -2.1870033e-01  -1.4662016e-02  -2.3836912e-02   1.4866847e-01  -8.7245065e-02   3.2935649e-02   2.7481397e-01   5.0980534e-01  -2.0564721e-01  -6.0564513e-03  -2.1944658e-01  -3.4545672e-02  -6.0474733e-02   8.2198420e-02   3.2491652e-01   3.5557056e-01   3.3810943e-01   5.9735623e-02   2.5508090e-01  -1.4059830e-01  -1.0315003e-01  -9.7402052e-02  -2.8596513e-02   1.3962494e-01  -2.4338752e-01  -1.4066878e-01  -1.6299718e-01  -2.0545117e-01  -4.7063499e-02   2.4035403e-01  -1.3302271e-01   4.3189925e-01   1.5541673e-01   3.1826257e-01  -4.4809966e-03  -1.7758970e-02   2.5683358e-02   1.3418071e-01  -1.0438584e-01  -9.0065038e-02  -9.5048822e-02   3.3665741e-01  -1.8446967e-01  -2.0138796e-01   9.6777307e-02  -1.8898840e-01  -8.3262164e-02   1.8187049e-02   7.3779468e-02  -1.0759227e-01   3.4573680e-02  -1.5899728e-01   4.6396252e-01  -1.5628241e-01  -2.7138914e-01   3.4715077e-01   2.5874721e-02   2.3159706e-01  -1.5000392e-01  -1.0345391e-01  -9.6449105e-02  -2.1196385e-01  -7.2831835e-02  -2.5295503e-01  -1.4244483e-01  -3.1041382e-01   6.4740431e-01  -5.8039199e-02  -1.6464424e-01   4.3223025e-01   1.0217485e-01   5.5858925e-01  -1.2466678e-01   8.5006845e-02   1.5675511e-02   2.3496070e-02  -2.0708275e-01   3.3713161e-01  -1.3940278e-01  -6.8041311e-02   2.3943723e-02   2.7341714e-01  -5.4211906e-02  -9.9368676e-02  -1.8260993e-01  -6.3658374e-02   2.4898068e-02  -5.7842237e-02  -6.2841683e-02  -2.6958379e-01  -5.4463107e-04   5.0075277e-03   2.0847966e-01   1.6431530e-01  -3.5545824e-02  -1.4020491e-01   6.5147167e-01  -6.2907771e-02  -1.3855004e-02  -7.6161769e-02
  -3.9780337e-01   2.3416367e-01   1.2010302e-01   1.1884744e-02   4.2570638e-01   2.0672938e-01   0.0000000e+00  -2.2238662e-01   1.4613145e-01   2.3878226e-01  -2.9624636e-01   4.3060912e-01   8.0293281e-02  -5.8807180e-02   5.1164650e-01   3.4489064e-01  -1.4861857e-01  -3.7092501e-01  -9.6626911e-02   5.7395266e-01  -5.8283453e-02   9.2394841e-02   5.4790737e-01  -2.1986750e-01  -3.0785177e-01  -2.9937133e-01   4.0554171e-01   1.1393075e-01  -1.2460762e-01   2.0199291e-01  -7.1129226e-02  -2.3963955e-01  -1.4892581e-01   7.8680845e-01   6.2295992e-01  -2.7272912e-03   2.0893397e-01  -3.3984538e-01   7.9532784e-02   5.3014325e-01  -1.2170830e-01  -1.1574081e-01   2.4931055e-01  -2.8832282e-01  -7.9575510e-02  -4.2627407e-01  -2.3497351e-01   6.1317214e-01  -3.6920354e-01   2.8735969e-01  -1.9045006e-01  -1.1831387e-01   1.1248854e-01   6.8302972e-02  -7.0719921e-03  -1.4955859e-01  -2.4755826e-01  -2.0646710e-01  -1.6352643e-01  -2.6054176e-01  -5.1256115e-01  -2.8270258e-02  -7.3639282e-02  -3.7939166e-01  -2.7084451e-01   7.6707688e-02   2.6475787e-01   1.5459044e-01  -1.0489579e-01  -1.6471824e-01   3.7275795e-01  -3.4790905e-01   6.8075708e-02  -4.8366335e-01  -1.1698225e-01  -1.3770256e-01  -5.0935053e-01  -3.2436389e-01   4.7502949e-01  -1.4669680e-01   5.2295549e-01  -2.1008879e-02  -1.4717792e-01  -3.1266284e-01  -1.1776327e-01  -1.4641368e-01   3.5562803e-01  -8.2080657e-02   1.5820387e-01  -2.1041044e-01   2.3741579e-01  -4.2142763e-01   8.1195239e-01   3.6536824e-01  -4.0297522e-01   2.7932619e-01  -2.8090250e-02  -3.7742935e-01  -2.3307127e-02   3.1593092e-01  -2.7634220e-01  -1.0864147e-01   9.1819138e-02   6.9368393e-03  -1.1096574e-01  -1.0436179e-01  -1.6450042e-01  -1.7021050e-01   2.2668291e-01   3.1656051e-01   2.7841321e-01  -1.0726604e-01  -1.9389316e-01  -2.7148935e-01   1.4282408e-02   2.4019456e-01  -3.6066005e-01   3.1700749e-01  -2.3993614e-01  -3.1868399e-01  -4.1734960e-01   3.7836486e-01   2.6070060e-01  -1.4231116e-01  -3.2637928e-01  -2.8023803e-01   4.5215672e-02  -2.3069286e-01  -1.3731215e-01  -1.1856714e-01   7.9006751e-02   4.4851687e-03  -2.8535915e-01   1.3604149e-01  -1.6380842e-01  -2.0361883e-01   7.5262727e-02   2.3826459e-01  -1.6455100e-01  -2.4430116e-01  -2.3325144e-01   2.2832229e-02  -2.2189247e-01   3.2118023e-01   3.4002237e-01   6.8383586e-02   7.2185935e-01  -1.0532669e-01   5.1594260e-01   2.0659700e-01  -2.5639727e-01   9.9173573e-02  -4.0881340e-01  -1.4127044e-03   3.7666758e-01  -1.8741736e-01  -3.8383038e-01  -1.0920919e-01  -4.4628655e-01   2.9469455e-01   2.9653432e-01  -2.0011829e-01  -1.2631948e-01  -2.8276965e-01   6.0321045e-02   5.9289315e-01  -3.3690330e-01  -2.4729041e-01  -3.2482039e-01   2.0599970e-01   7.1289367e-01  -3.3703240e-01  -2.9174721e-01  -2.2930523e-02  -8.0092363e-02   1.1316113e-01  -1.1827082e-01
   4.9219058e-02  -2.6167185e-01  -2.5541016e-01   2.9318437e-01  -1.5355519e-01  -1.2074672e-02  -2.2238662e-01   0.0000000e+00  -2.5732715e-01  -4.7686236e-02   3.7785986e-01  -1.3065577e-01  -1.2419701e-01   1.9075076e-01  -5.2095835e-02  -1.2623533e-01  -1.5573417e-01   3.6812896e-01   2.9508254e-01  -2.8358342e-01   5.5517407e-02   3.1971798e-01   4.7991477e-02  -2.3094880e-01   7.3001926e-02   4.0286124e-01  -2.1885021e-01   1.3979808e-01   1.4633735e-01   1.3448966e-01  -1.8886031e-01   5.0594358e-01  -1.3309076e-01  -5.2658556e-02   5.1537812e-02  -2.0666597e-02  -1.1085005e-01  -2.5697853e-01   7.8746700e-02  -3.8862579e-01   3.5386827e-02  -1.6876976e-01  -2.2085187e-01   8.9956185e-01   3.9609186e-01  -2.1233025e-01   3.0293153e-01  -2.6263725e-01   1.9534867e-01  -3.1986185e-01   3.7214137e-01   5.2795703e-01  -3.2773327e-01  -2.2856884e-01  -1.5629082e-01   5.5233865e-01   2.3064854e-01   4.2655795e-01   2.4727849e-01   2.2080881e-01  -9.8645511e-03   4.9418804e-02  -2.6733870e-01   1.6938185e-01   1.0500239e-03   1.0820399e-01  -1.2886492e-01  -1.7138422e-01   4.9753294e-01  -2.1640364e-01  -4.5579351e-01   3.8839845e-01  -1.0395806e-01   2.4864032e-01  -3.3253762e-02   2.1783201e-01  -1.3602351e-01   5.6241806e-01  -1.7060557e-01  -1.5104643e-01  -3.0065144e-02  -4.8749431e-02   2.7979657e-01   4.0783787e-01  -7.9494915e-02   2.3828284e-01  -2.9231674e-01  -2.2640194e-02  -1.2119836e-01  -3.7271628e-01  -3.7902220e-01  -1.2075272e-02  -1.8938651e-01  -2.0361388e-01  -1.9866071e-01  -3.1930457e-01  -5.2929555e-02   5.3271809e-01   3.9579634e-02   2.4976091e-01  -2.1264276e-01   1.6033093e-01   1.7123781e-01  -5.1300680e-02   4.2679019e-01   5.9900253e-01  -2.3832086e-01   6.1808819e-01  -1.0339271e-01  -9.1933735e-02   2.7437996e-01   4.0650133e-01   3.7222582e-02  -4.1395593e-01  -2.4111144e-01  -4.1085096e-01   2.9009790e-01  -2.1186787e-02   7.3344698e-02   4.1236940e-01  -2.6916145e-01  -2.5265258e-01   4.2182097e-02  -3.0984923e-01  -3.7893837e-01   2.5267276e-01   6.6220921e-03  -1.8328587e-01   3.1835036e-01  -1.5113047e-01  -7.9772034e-02   1.9479648e-01   3.4066844e-01  -2.4170362e-01  -1.0357434e-01   4.3848207e-01  -1.6130938e-01  -1.8430474e-01   3.2323584e-01  -2.8191944e-01  -1.1084253e-01  -2.2510895e-01   4.5154622e-01   1.2530244e-01  -7.9509805e-02   2.8465381e-01  -1.9188269e-01   8.7266243e-02  -8.0590883e-02   2.0407400e-01  -2.7704899e-01   1.7133720e-01  -5.6912925e-02   2.4694700e-03  -3.3958334e-01  -3.8668073e-01  -2.8199058e-01   1.9942940e-01  -2.9693078e-02   9.2362782e-03  -1.3544303e-01   4.7723090e-01   2.2526318e-01   4.0497514e-01   2.9200601e-01  -1.2802844e-01   2.4108513e-02   1.6394871e-01  -2.0763780e-01  -1.6495883e-01  -2.8202141e-01  -2.9428274e-01   3.5652487e-01   3.6451787e-01  -1.7646118e-02  -6.4574634e-02   2.7790642e-01
  -3.0741297e-01   5.8047509e-01   3.8270868e-01  -1.1188591e-01   3.5117209e-01   1.6491962e-01   1.4613145e-01  -2.5732715e-01   0.0000000e+00  -1.1539630e-01  -2.6275065e-01   1.4036481e-01  -3.5834614e-02  -4.8068989e-01  -1.5625003e-01  -1.2193393e-01   3.8579228e-01  -3.8760465e-01  -1.2395898e-01   3.1262384e-01  -4.7624168e-01  -2.2327718e-01  -2.6959421e-01  -1.7720633e-01  -7.1821118e-02  -3.3415646e-01   4.0303993e-01  -4.3757194e-01   2.0638575e-01  -7.2844917e-02  -1.7048169e-01  -1.7479122e-01   2.3547364e-01  -1.7399325e-01  -9.5584096e-02   3.1463918e-02   9.5645692e-02  -5.1175602e-02  -2.0772567e-02   4.5518440e-01   4.1207501e-02  -1.5051975e-01   5.3990385e-01  -2.3918178e-01  -2.5378863e-01  -1.4032808e-01  -1.9459200e-01   8.7725197e-02  -1.3122872e-01   4.7696288e-01  -2.1968537e-01  -3.9449205e-01   1.3113930e-02   5.1761264e-02  -2.4743183e-01  -3.4896152e-01  -1.8592094e-01  -1.7299942e-01  -4.2263576e-03  -5.8523290e-02  -1.5457996e-02   2.4566072e-01   6.0153891e-01  -5.5954023e-02  -1.0571592e-01  -2.1170943e-01   2.1976792e-01   2.7989550e-01  -1.2790047e-01  -7.7235867e-02   3.5410832e-01  -1.9494335e-01   8.5474779e-02  -4.3311311e-01   1.4333712e-01   2.3857704e-02  -7.0457761e-02  -8.0428572e-02   2.3693329e-01   5.0750873e-01  -2.9681370e-01  -7.1009420e-02  -5.6989673e-01  -1.0939557e-01  -3.3597695e-03  -1.9166680e-02   2.3246375e-01  -4.0256824e-01   3.2186528e-01   1.1883555e-02   5.6597625e-01  -5.8886380e-02   9.9895114e-02   5.7454402e-01  -3.6870880e-02   5.2629821e-01   2.2525206e-01  -1.9863750e-01   4.3630773e-02  -3.1375089e-01  -1.8761778e-01  -2.4274729e-01  -5.6683667e-01   1.6255218e-01  -3.2871410e-01  -1.1331645e-01   2.2665932e-01  -1.9274145e-01   2.3360568e-01  -8.5113018e-02  -4.3275341e-01  -2.5727395e-01   2.0139150e-01   5.9922269e-02  -1.6321014e-01   3.8904997e-01  -2.3914688e-01   1.2467516e-01  -1.5228978e-01  -7.3968263e-02  -9.6700508e-02   5.9302940e-01   7.4262173e-02   2.6771276e-01  -3.2526161e-02  -4.1169945e-01  -1.4464192e-01   2.5252741e-01   3.8350340e-02   2.7602887e-01   1.2779786e-01  -4.1653166e-01  -2.1082067e-01  -6.9870505e-02   3.6673868e-01  -3.6683400e-02   2.6516745e-01  -2.9295612e-01  -6.1572314e-02  -5.6946863e-02  -3.1462377e-01  -2.3478209e-01  -3.0558686e-01  -1.0312499e-02  -1.0551553e-01  -4.6040551e-01   1.1750147e-01   3.1433143e-01  -2.8022330e-02  -3.8822264e-01  -1.1705411e-01  -6.3271144e-01  -2.0112569e-01   4.6370916e-02   5.9757899e-01   2.6539102e-03  -1.0749918e-01  -1.0264886e-01  -6.3611671e-03  -3.4040045e-01   1.7991377e-01  -2.3381564e-01  -2.5944978e-01  -1.7896861e-01   5.1435290e-02   1.8933758e-01  -2.4954324e-01  -1.5817636e-01  -1.2151678e-01   1.5724540e-01   3.1943797e-01  -5.2325152e-02  -1.4478730e-01  -5.7292086e-02  -1.2076561e-01   1.1934648e-01   1.8329055e-01
  -5.6949915e-02  -7.2915546e-02   9.0771733e-02   8.5933382e-02   8.1378954e-02   2.4863496e-01   2.3878226e-01  -4.7686236e-02  -1.1539630e-01   0.0000000e+00   1.2424805e-01   1.6568268e-01   2.9676754e-01   1.3464694e-02   1.2880824e-01   1.0009460e-01   4.9766363e-02   9.3899627e-02  -2.2666536e-02   2.3129281e-01   3.8349425e-02   1.5896742e-01   2.6446327e-01  -1.5303345e-01  -1.5360397e-01  -7.2296380e-03   1.4816239e-01   2.8655356e-02  -2.3711183e-01   4.7139476e-01  -3.9939023e-02  -2.0825933e-02  -1.1337016e-01   2.9181012e-01   9.0843995e-02   1.9800523e-01  -1.9835226e-02  -1.7574506e-01  -8.3774334e-02   3.9656444e-02   1.0557138e-02  -5.9222649e-02  -1.0159935e-01  -9.5407695e-02   2.8905245e-02   4.0575621e-02   3.8152636e-02   1.5624895e-01  -6.8193558e-02   6.5379621e-02  -4.0236423e-03   1.1975664e-01  -1.3353023e-01  -7.6545908e-02  -7.6389078e-03   1.6096967e-01  -7.4770882e-02   1.7020116e-01   1.5453173e-01   7.4637044e-02  -7.8247930e-02  -2.3878866e-01  -1.8256070e-01  -2.8003660e-02  -1.8491162e-02   5.5239463e-01   1.8864899e-01  -1.9339817e-01  -2.1475509e-02   2.9330106e-02  -1.4783667e-01   1.9732865e-02  -1.7350601e-02  -1.7897451e-01  -2.7227193e-01  -1.3173737e-02  -1.3526484e-01  -6.5283959e-02  -2.7088472e-02  -3.6741674e-01   2.4492762e-01   8.7461659e-02   2.1764796e-01  -5.4754600e-02  -4.2866763e-02   2.8930626e-03  -7.0909687e-02  -2.1153567e-01  -4.4121819e-03  -1.7164029e-01  -1.8293727e-01  -4.6561666e-02   3.1221322e-01   1.0110858e-01  -1.5015345e-01  -2.3642764e-02  -2.4648226e-01   1.1265652e-03  -3.0222372e-02   2.9782343e-01  -8.6742089e-02   2.6971740e-01   7.9578941e-02   4.9181653e-02   2.2501968e-01   3.5321062e-02  -3.0778109e-01   7.8908104e-02   2.1910288e-01   1.8686004e-01   2.7280506e-01   2.0816251e-01   1.5622489e-02  -9.4865186e-02  -8.5206542e-02  -1.8064846e-01   9.2447219e-02   1.1087160e-01  -1.0742330e-02  -7.1448885e-02  -2.1692182e-01  -9.9076164e-02  -3.1423801e-02  -8.1447626e-02  -7.7485130e-02  -6.7966908e-02   7.3238089e-02  -3.0660167e-01   1.1593785e-01  -7.0846569e-02  -1.6206040e-02   1.0800514e-01   1.7355346e-01  -1.4762036e-02   9.9528624e-04  -7.1628743e-02  -3.6486003e-01   2.0362273e-02  -1.0823489e-01  -1.0779020e-01  -2.2481386e-01   3.2366998e-01   1.1294013e-01   1.5315265e-01   1.5795079e-01   1.3435636e-01   1.7445693e-01   1.4381787e-01   4.9859510e-01   1.0676779e-01  -2.1147858e-02   2.6321841e-01  -3.1705668e-02   1.3895028e-01  -9.3147348e-02  -1.6983468e-01  -9.6394479e-02   1.8822051e-01  -7.3446989e-02   1.9735231e-01   6.0577612e-02   1.2986749e-01   3.9430831e-01   1.7438139e-01   1.1603195e-01   4.2602604e-03   2.4347986e-01  -1.2572993e-01  -1.1399233e-01  -2.7376274e-02  -5.1319484e-02  -1.5456871e-01   1.3518774e-01   1.1254250e-01  -9.3910075e-02  -1.6343706e-01  -1.4850065e-03
  -3.5862167e-02  -3.9375801e-01  -4.7410813e-01   4.0583694e-01  -2.5284031e-01  -2.6104182e-01  -2.9624636e-01   3.7785986e-01  -2.6275065e-01   1.2424805e-01   0.0000000e+00  -4.3656756e-01   3.5128066e-01   2.8092104e-01  -4.7210863e-02   1.1632749e-01  -3.0113744e-01   5.9624838e-01  -8.1889009e-02  -3.6672715e-01   2.5847410e-01   3.5420952e-01  -1.2388143e-03  -3.8802214e-01  -3.4252709e-02   4.2013974e-01  -1.4425932e-01  -1.6610310e-02   1.0610623e-01   2.4876766e-01   9.0251562e-02   5.5180583e-01  -8.6411852e-02  -8.8020690e-02  -1.8236286e-01   4.0432971e-01  -2.7657704e-01  -3.9728234e-01   2.5807872e-01  -4.7805185e-01   6.4229122e-01  -1.7139153e-01  -3.7997957e-01   4.3444181e-01   4.0799170e-01  -1.2284088e-01   8.0956008e-01  -3.2379887e-01   1.1136542e-01  -4.8817495e-01   6.4564659e-01   4.5941899e-01  -4.0538054e-01  -3.4115344e-01  -1.9804887e-01   5.2832478e-01   2.2343218e-01   5.9900046e-01   6.8026792e-01   3.1634455e-01  -1.0917522e-02  -5.4120956e-02  -3.4313847e-01   4.0791531e-01  -2.3906669e-02   2.5746584e-01   7.2518235e-02  -1.3235502e-01   7.6335907e-01  -3.2199820e-01  -4.9104903e-01   5.5787425e-01   4.6606632e-01  -1.0346743e-02  -1.1973189e-01   7.5188479e-01  -1.2241585e-01   5.8577519e-01  -2.3001542e-01  -5.7516079e-02   5.1335888e-02   5.5249368e-02   1.4889638e-01  -5.9220278e-02  -4.1730975e-01   7.4821746e-01  -3.7595828e-01  -1.0647176e-01  -3.3570219e-01  -4.5712313e-01  -5.0544680e-01  -1.0986489e-01  -3.7459401e-01  -3.3489535e-01  -3.0223068e-01  -4.0906509e-01   2.7789994e-02   4.0968768e-01   3.4446857e-01   2.6896256e-01  -3.2141945e-01   7.7184831e-01   2.1078760e-01   1.5123354e-03   6.6660747e-01   4.6846512e-01  -3.2171854e-01   7.4074619e-01  -2.7248427e-01  -8.0017328e-02   1.3577505e-01   5.7615442e-01   5.9834961e-02  -4.1385555e-01  -3.7444451e-01  -5.8639024e-01   3.9034321e-01   2.6192553e-01  -1.9641929e-01   4.6339545e-01  -2.1315380e-01  -4.4675194e-01  -8.4466763e-02  -3.7890229e-01  -3.6462050e-01   2.9376025e-01  -1.7256175e-01  -2.3277195e-01   6.7621107e-01  -3.0179950e-01   2.8021007e-01   4.0099623e-01   3.5733252e-01  -3.3786299e-01  -1.3858736e-01   7.7600956e-01  -1.0669012e-01  -2.9629461e-01   7.6630629e-01  -4.2830112e-01   6.4340224e-02   7.8776299e-03   7.7689248e-01  -1.8684720e-01  -1.7736985e-01   4.8490743e-01  -3.4080062e-01   1.8984303e-01  -9.0046943e-02   1.5751128e-01  -3.3224855e-01   2.1175619e-01  -1.0586649e-01   4.2603280e-01  -5.3633559e-01  -4.6796988e-01  -1.7503592e-01   6.7201205e-01  -1.0495024e-01   1.3929490e-01  -1.1494341e-01   7.8098078e-01   4.9968592e-01   5.4575589e-01   4.7246490e-01  -3.4798439e-01   3.8067513e-01  -1.2441938e-01  -3.2744617e-01  -3.9913034e-01  -4.1464084e-01  -3.9965576e-01   5.9219740e-01   2.6224429e-02  -4.5740927e-02  -1.6914587e-02   4.0014993e-01
  -2.4924085e-01   3.3469797e-01   5.4877577e-01   3.6852474e-02   2.4027211e-01   4.1278307e-01   4.3060912e-01  -1.3065577e-01   1.4036481e-01   1.6568268e-01  -4.3656756e-01   0.0000000e+00   2.7885998e-02  -3.5829465e-02   2.9967399e-03   3.1566846e-01   3.8129624e-01  -2.7550532e-01   2.8537669e-01   4.5550829e-01  -5.4106681e-02   2.3558922e-02   2.0445738e-01   9.6730534e-02  -1.8256845e-01  -2.8621588e-01   2.8691036e-01   9.2035267e-02  -1.1360062e-01   1.1036618e-01  -1.7991509e-01  -1.8980356e-01   2.6787355e-01   1.8941749e-01   3.0021426e-01  -1.4515854e-01   3.3005192e-01   3.8471539e-02  -1.8471097e-02   4.8778505e-01  -1.6460472e-01   4.3276460e-02   2.4042652e-01  -2.4263268e-01  -3.2256539e-01  -9.2243622e-02  -3.6642620e-01   3.8526590e-01  -9.0474149e-02   5.5919958e-01  -3.0993794e-01  -1.0051195e-01   2.0750023e-01  -2.9305416e-02   2.2187642e-01  -2.1445172e-01  -9.2043279e-02  -7.5483887e-02  -1.9184706e-01  -8.2579149e-02  -2.3554112e-01   5.2661849e-02   1.3477862e-01  -4.1157710e-01   2.2364449e-02  -6.2342967e-02   2.4583648e-01   1.9058342e-02  -2.8858490e-01   1.4525866e-01   3.4244717e-01  -4.8755558e-01  -4.7499998e-02  -8.8050609e-02  -9.5594879e-02  -3.3506195e-01  -2.0397623e-01  -2.9622212e-01   6.2159272e-02  -8.2943936e-02   7.9062022e-02   9.3088144e-02  -1.4670959e-02  -1.1631061e-01   3.7801589e-01  -3.3192191e-01   3.8522786e-01   3.0004894e-02   3.0379115e-01  -4.3784929e-02   2.2777619e-01  -6.6251298e-02   4.7021273e-01   4.8174530e-01  -4.1292776e-03   3.2797459e-01  -1.9174807e-01  -1.3455337e-01  -2.2117829e-01   2.5251069e-02  -4.2524783e-02  -2.8762338e-01  -1.1076002e-01   1.3730445e-01  -1.5547864e-01  -5.8027495e-03   5.8869553e-02  -2.7999814e-01   2.0168131e-01   2.4801521e-01   1.3224080e-01  -1.9391950e-01   1.9419246e-01   2.0669508e-02   1.3856913e-02   2.8301327e-01  -2.2940051e-01   7.2256092e-02  -3.3813510e-02  -2.6955116e-01  -3.4138375e-01   3.9779365e-01   1.4621677e-01   1.8523678e-01   1.6837008e-02  -4.0552751e-02   3.0758187e-01  -5.1553401e-02  -1.8256782e-01   2.8026121e-01   3.6415115e-02  -3.6622782e-02   7.0400062e-02   6.5245840e-02   6.2010865e-02  -2.9874167e-01   8.8889069e-02   1.5108849e-01  -4.0682520e-01  -3.4845731e-02  -3.3577796e-01  -3.5749112e-02  -3.3387367e-01   3.2270127e-01   3.5141524e-01  -1.5373625e-01   4.8955165e-01  -5.8080024e-02   1.9364196e-01   7.0049377e-02   1.0481745e-01  -7.2743660e-02  -2.3700498e-01  -5.5288097e-02   4.4413329e-01  -1.3620631e-03  -2.4303542e-01  -2.4459655e-01  -1.0841795e-01  -2.5577420e-03  -8.5619225e-02  -2.6197309e-01  -1.2425724e-01  -6.7862767e-02  -1.1347254e-01   3.8086800e-01  -3.0947494e-02  -9.2383530e-02  -9.0576448e-02   3.7561041e-01   4.5141282e-01   6.7798034e-03  -3.5898960e-01   2.9337616e-01  -2.9211465e-01   3.7417954e-02  -3.4848466e-02
  -1.9743640e-01   5.1245566e-02  -9.2657774e-02   2.0956218e-01   3.5666271e-02   4.7357428e-06   8.0293281e-02  -1.2419701e-01  -3.5834614e-02   2.9676754e-01   3.5128066e-01   2.7885998e-02   0.0000000e+00  -3.1347636e-02   2.3718307e-02   4.2463465e-01  -8.0182173e-02   2.5105919e-02  -1.8592227e-01   3.1703465e-02  -9.5753786e-02  -3.8339581e-02   6.9979339e-02  -1.8758783e-01  -1.1673489e-01  -6.9726798e-02  -4.8483860e-02  -1.7126057e-01  -7.1813290e-02   8.2914739e-02  -4.2613660e-03  -6.8438054e-03  -2.2247000e-03   1.5648539e-01  -7.3484621e-02   9.5584687e-02  -4.4926547e-02  -1.5442752e-01   2.8719614e-01   2.2472263e-02   6.1151951e-01  -3.9889151e-02   3.9218678e-02  -8.2823862e-02  -9.3707127e-03  -1.3414958e-01   2.0690797e-01  -3.9237906e-02  -1.8592291e-01  -1.5386209e-01   4.4814373e-02   7.9419294e-02  -1.6571378e-01  -7.9544258e-02  -4.5471098e-02   1.7226306e-01  -1.6418991e-01   2.3769152e-01   4.2154671e-01   6.0685162e-02  -1.1229904e-01  -1.9664235e-01  -1.3782694e-01  -7.1480973e-02  -1.6469783e-01   4.6368956e-02   7.8314877e-02  -2.4632637e-01   2.7635695e-01  -1.4177379e-01  -5.7157898e-02  -9.4291240e-02   4.0942230e-01  -2.1757062e-01  -3.3602054e-02   3.6085228e-01  -8.8978198e-02   2.2238485e-01   2.2560858e-02   3.2132059e-02   6.6595038e-02   4.8074900e-02  -9.9965539e-02  -3.1967076e-01  -2.0468637e-01   3.5035355e-01   7.5758276e-03  -1.2437607e-01  -2.3472510e-01  -1.1138593e-01  -9.7124558e-02  -5.8319411e-02   2.2691785e-01   1.1533427e-01  -1.8355619e-01   1.3948811e-01  -2.7778233e-01  -3.2998208e-02   1.2942974e-01   3.1353586e-02  -2.3339520e-01   3.7183191e-01  -1.1235456e-01  -1.5452837e-01   2.8768451e-01  -5.3316834e-02  -3.1682536e-01   3.1575800e-01  -1.2245563e-01  -3.0547101e-02   6.5378268e-02   1.0853977e-01  -1.6316546e-01  -1.3537937e-01  -1.7030553e-01  -3.7247970e-02   3.2953703e-01   3.0828379e-01  -1.9100407e-01   7.8069411e-02  -1.2416021e-01   5.6153250e-02   7.2585485e-02  -1.7961411e-01  -8.4166300e-02   8.3532388e-02   4.3033455e-02  -1.7466035e-02   2.8333860e-01  -2.1514878e-01   6.1821090e-01  -1.4136210e-02   1.4425105e-01  -2.4889511e-01   6.2120919e-02   2.7424143e-01  -1.9094468e-01  -1.6712515e-01   2.4902034e-01  -1.8456910e-01  -1.7801495e-02   4.5548024e-01   3.1972850e-01   5.4983460e-02  -1.4330851e-02   9.3450945e-02   1.3996532e-01  -3.2786055e-02   1.4808173e-01  -9.8238715e-02  -1.3587694e-01  -3.9672701e-02   2.3150243e-02   1.9657998e-01  -5.2175109e-02  -8.4459434e-02  -3.0275003e-01   5.4916752e-01  -1.8052220e-01   9.8921279e-02  -1.5511965e-01   3.6551496e-01  -5.8813940e-02   1.1464056e-01   1.3615620e-01   5.0771914e-02   2.0506167e-01  -2.2534162e-01  -2.6851271e-01  -1.7986263e-01   4.8706471e-02  -9.4672432e-02   2.4225416e-03  -3.3175799e-02   2.4248680e-02  -7.4838798e-02  -1.2895328e-03
   1.1513446e-01  -7.0288370e-01  -5.3553190e-01   3.1237086e-01  -3.9817428e-01  -1.0775693e-01  -5.8807180e-02   1.9075076e-01  -4.8068989e-01   1.3464694e-02   2.8092104e-01  -3.5829465e-02  -3.1347636e-02   0.0000000e+00   3.6126960e-01   1.3831760e-01  -4.4629388e-01   4.7408862e-01   2.2327976e-01  -2.6958853e-01   6.7821482e-01   6.3367205e-01   5.5112467e-01  -1.2980646e-01   9.7987667e-02   4.2464564e-01  -1.2521566e-01   6.2208554e-01  -1.2115458e-01   3.2285161e-01   3.3641322e-01   4.0110861e-01  -1.8053481e-01   3.1495164e-01   2.7349016e-01   1.3882201e-01   2.4773394e-04  -2.4957314e-01   1.1497067e-01  -4.1176202e-01  -4.3671890e-02  -5.0197417e-02  -6.5489413e-01   9.8191452e-02   5.0854440e-01  -2.5460259e-01   2.9470512e-01  -4.1714949e-02   2.1351066e-01  -4.3484237e-01   4.1401787e-01   6.3727353e-01  -2.8585922e-03  -1.6377836e-01   5.8180229e-01   1.9547297e-01   2.2270986e-01   3.8723852e-01   7.4479564e-02   3.7282112e-01  -5.7224392e-02  -5.6546312e-02  -5.1398716e-01  -1.3913752e-01   3.3455077e-01   2.1279191e-01   1.6995134e-01  -1.5105016e-01   3.2176857e-01  -1.4015465e-01  -3.3187906e-01   3.2187991e-01   4.6614350e-02   2.8883034e-01  -2.3511308e-01   9.8019477e-02  -2.2020360e-01   6.9635889e-02  -9.4217760e-02  -4.0405479e-01   5.9226971e-01   2.8525681e-01   3.6799890e-01  -1.6899066e-01  -9.4649236e-02   1.1344506e-01   4.3874209e-02   4.2829848e-01  -6.8683970e-02  -2.9968046e-01  -6.3794890e-01  -1.4448489e-01  -1.3722023e-01  -3.8739627e-01  -3.3328660e-01  -6.7961683e-01  -7.4776064e-02   2.6830940e-01   1.5579005e-01   5.7161631e-01  -4.7499444e-02   3.2331642e-01   7.5733305e-01   2.9505534e-01   4.9341297e-01   3.2180480e-01  -1.3230699e-01   3.5118182e-01  -1.2100086e-01   4.3169117e-02   4.9193513e-01   3.9072244e-01   1.2007582e-01  -3.9046936e-01   7.0226481e-02  -5.3398313e-01   7.4299456e-02   9.2369000e-02  -6.7403494e-02   2.7854685e-01  -2.8053045e-01  -6.5027613e-01   4.7226953e-02  -5.6662205e-02  -3.3367337e-01   5.4202030e-01   3.5877507e-01  -2.1214415e-01   2.2741655e-01  -3.4477671e-01  -2.6060380e-02   5.6149414e-01   4.3666879e-01   1.6673845e-01  -2.5821485e-01   1.6934878e-01   7.8497934e-02   3.9426658e-01   2.4771506e-01  -3.2992904e-01   1.3870088e-01   2.2070062e-02   3.0192151e-01   6.4397250e-02   4.0289788e-01   6.3198941e-01  -1.0243446e-01  -2.5983809e-01   1.4530641e-01   5.9035528e-01  -1.9224119e-01   6.8871169e-01  -1.5469134e-01  -7.1296925e-02  -6.1582064e-01  -3.7926417e-01  -1.5579414e-01   1.3572526e-01  -1.9677548e-01   6.2946178e-01  -1.3093803e-01   2.0088043e-01   3.2913170e-01   3.0292660e-01   2.0454040e-01  -1.9099022e-01   1.1471129e-01  -8.9373555e-02  -1.7630793e-01  -2.4761029e-01  -4.1798189e-01  -2.8212563e-01   3.7761726e-01   1.8481464e-01  -1.5002673e-01  -1.8993789e-01   2.4082678e-01
