   0.0000000e+00  -1.8363496e-01   2.4650934e-02  -1.8665767e-01  -3.2197131e-01   2.5683354e-03  -9.0366631e-02  -2.8892077e-01  -7.5139210e-02  -2.8088746e-01   1.0970428e-02  -1.5322057e-01  -2.8649720e-01   5.2996486e-01  -4.6523500e-02  -7.3179011e-02  -2.2541701e-02  -1.7815073e-01   1.4245799e-01  -3.0815733e-01  -1.8917457e-01  -2.6430800e-01  -6.2591168e-02   7.9246115e-01   1.9093029e-02   1.4374762e-01  -3.2528639e-01   4.8029171e-01  -4.5612100e-02  -2.0494196e-01  -2.0769694e-01  -2.4847966e-01  -1.0582169e-01  -2.0917238e-01   1.3046559e-02  -6.4965459e-02  -1.9246360e-01   5.2764169e-01  -3.7457014e-01  -2.2994599e-01  -2.2996445e-01   7.1447100e-02  -2.0972781e-01  -3.1287367e-01  -3.2332569e-01   5.8919411e-01  -1.3100889e-01  -1.0700955e-01  -2.3844821e-01  -8.1834917e-02  -2.0852610e-01  -2.7358114e-01  -2.7599884e-01  -2.3010084e-02   3.4225929e-02   2.3348700e-02   1.4949717e-01  -2.7072032e-01  -3.2097716e-01  -7.8100960e-02   4.1548817e-01  -4.2873210e-01  -2.1504083e-01   8.7358401e-02  -1.7932520e-01  -1.5426370e-01  -1.2234114e-01   4.6293532e-02  -1.2629007e-01   3.2036396e-01  -2.8137443e-01  -2.1803130e-01  -2.6409413e-01   4.7631329e-01  -1.7220935e-01  -3.0249675e-01   5.3869292e-01  -1.8299998e-01  -3.8613186e-01  -3.0411170e-01  -4.9094050e-02  -2.0913652e-01  -7.3501017e-02   2.6012361e-02   4.7811240e-01  -1.6098100e-01  -1.0065493e-01   4.4269483e-01  -3.4311686e-01   8.2987015e-01  -2.4062918e-01   3.0992645e-01  -1.0131945e-01   1.3221017e-01   6.0635774e-01  -2.1127375e-01  -4.3887965e-01  -2.4549164e-02  -3.0434405e-01  -2.9749544e-01   7.8724055e-02  -1.4723734e-01  -4.6847062e-01  -1.8299660e-01  -1.2718254e-01  -1.8071282e-01  -1.5133696e-01  -1.9369809e-01  -1.7216320e-01   6.9124270e-02  -2.6784513e-02  -1.3951200e-01  -2.3594578e-01   8.4432223e-01   3.3611027e-01  -2.9020651e-01  -2.0734131e-01  -2.7351373e-01   1.9682789e-01  -1.0813639e-01   6.6213535e-01  -2.9513202e-01  -5.8094684e-02  -9.4321588e-02   5.7535789e-01   4.1106447e-01  -1.8502878e-01  -3.4061366e-01  -1.4838285e-01   1.3242283e-02  -4.5681841e-01  -1.7894381e-01   3.9654066e-02   4.4655998e-02  -1.1000975e-01   1.5783897e-01  -2.0410735e-01   1.2350504e-01  -1.0861496e-01   4.8608279e-01   8.1077961e-01  -1.1425861e-01  -1.6800640e-01   1.2112418e-01  -1.9730496e-01  -9.7033088e-02  -1.1845908e-01   6.5945066e-02   1.4516206e-02  -2.1423549e-01   6.8806123e-01  -4.7596948e-01   5.4560176e-01  -5.3894989e-02  -1.9576469e-01   7.3656080e-01   7.0587965e-01  -3.2476665e-01   3.1273768e-01  -2.1627409e-01  -2.6789520e-02  -2.2201308e-01  -4.7170394e-03  -2.0854753e-01  -2.3002648e-02  -2.8004882e-01  -2.0271841e-01   2.3361877e-01   5.9471930e-01  -1.3952587e-01  -1.0635438e-01   6.3703840e-01  -9.9973273e-02   2.9769762e-02   6.0549095e-03   1.1006581e-02  -5.7356977e-02
  -1.8363496e-01   0.0000000e+00   6.1967903e-01  -2.5870820e-01   6.6600301e-01  -1.8790045e-01   9.1693178e-02  -1.1676797e-01   1.3012072e-01   5.9528928e-01  -2.8176190e-01   7.6909305e-01   1.8352867e-01  -4.5784511e-01  -5.2669267e-02   2.1801612e-02   7.0364997e-01   3.6269195e-02   5.7933620e-02   5.6788377e-01  -5.8353856e-01  -4.3145395e-01  -3.6061158e-01  -1.4625251e-01  -2.3179068e-01  -2.6407281e-01   3.5699784e-01  -3.7126392e-01   4.2774470e-01  -1.1846320e-01   1.0424019e-01  -3.0045037e-01   6.7335543e-03   4.0348730e-01  -6.0312083e-01   1.7837257e-01   9.5012080e-03  -2.1532993e-01   1.4725538e-01   6.6746249e-01   2.4335609e-01  -1.8361167e-01   3.1246472e-01  -9.2793256e-02   3.8915728e-01  -3.0071960e-01  -4.5537314e-01  -1.5465771e-02   2.0758006e-01   6.1069975e-01  -2.6517155e-01  -9.5800800e-02   7.5450701e-01   3.6193153e-01  -1.3896167e-01  -3.1107667e-01  -4.5668273e-01  -2.9019120e-01  -1.4279037e-01  -2.9190187e-01  -1.3069859e-01   4.8480253e-01   1.3668579e-01   5.3554602e-01   4.0271934e-01  -1.6033661e-01   9.7742369e-02   1.2558222e-02  -4.8481193e-01  -1.6576770e-01   7.2809823e-01  -5.1895133e-01   3.5370287e-01   7.0721001e-02   2.2115697e-01  -9.9816385e-02  -1.9386447e-01  -1.4235660e-01   6.1703775e-01  -5.6696837e-02  -3.3173810e-01   1.8547613e-01   3.5881078e-01  -2.8279644e-01   3.2177871e-02  -1.6371522e-01  -5.9932533e-01  -9.6484245e-03   4.8330364e-01  -1.2633459e-01   4.4942535e-01   1.6847389e-01   6.2709147e-01  -1.9501399e-01  -2.4017224e-01   6.9100155e-01   1.8143189e-01  -9.0128119e-03   1.6627364e-01  -4.5791481e-01   4.6083906e-02  -1.5001611e-01  -4.8044585e-01   1.5609179e-01  -4.0178513e-01  -1.3432923e-01   5.1392715e-01  -2.2476161e-01   2.3119276e-01   5.5400499e-01   4.7773411e-01  -5.6630385e-01  -4.2551055e-01  -2.3252220e-01  -2.5201305e-01   4.3589420e-01  -1.5072242e-01   3.6641402e-01   1.1915975e-02  -2.0525611e-01  -1.8540383e-01   6.6802409e-01   2.0425501e-01  -1.9665523e-01  -2.4270100e-01  -1.6249863e-01   2.7368044e-02   3.7687638e-01  -3.0487669e-01   5.8884080e-01   3.2348541e-01   7.3152904e-02   5.4031821e-01   1.2112635e-01  -2.0866510e-01  -2.8156169e-01  -1.6392572e-02  -4.5615425e-01  -3.5980703e-01  -1.1977650e-01   5.7092056e-02   3.0794617e-01  -3.4282676e-01   2.5130605e-01  -3.2374168e-01  -3.4361707e-01   6.2306690e-01   8.1614827e-02   8.7577797e-03  -9.6771908e-03  -2.5466965e-01  -1.1339865e-01  -1.7155565e-01   3.6047257e-01   7.8469339e-01  -1.9720894e-01  -1.0670254e-01   5.9880401e-02   7.8756123e-02  -4.2694157e-01   7.6765906e-02  -2.6919529e-01   3.2699189e-01  -6.1303948e-01  -2.1132620e-01   3.5743263e-01   3.7812716e-01  -3.8040609e-01  -5.9015517e-02   7.1364379e-01   3.8729913e-01  -1.1378633e-01  -2.5634019e-01  -1.7205675e-01   2.8240135e-02   1.5875075e-01  -1.3207105e-01
   2.4650934e-02   6.1967903e-01   0.0000000e+00  -2.3554204e-01   4.3270205e-01   6.6017732e-02  -2.4109188e-02  -2.3334887e-01  -3.3893224e-02   3.3432476e-01  -3.5169294e-01   6.8120294e-01   2.0229607e-01  -2.9985959e-01  -9.8273764e-02   8.7660149e-02   8.7986372e-01  -5.2980983e-02   7.2968394e-02   4.6301055e-01  -4.1173029e-01  -3.6629151e-01  -3.0956167e-01   7.8882654e-02  -1.6709783e-01  -2.4184268e-01   1.4230506e-01  -1.8555977e-01   3.7269772e-01  -4.0006331e-01  -1.4022462e-01  -2.4028044e-01  -3.5825741e-02   1.7659081e-01  -5.4252617e-01   1.3501964e-01  -1.1264014e-01   1.0888437e-01   4.6842209e-02   5.7470649e-01   1.5715956e-01   7.8142958e-02   1.5598858e-01  -1.1274246e-01   6.9259679e-02   1.9607966e-02  -4.1713775e-01  -1.4003619e-01   9.5977692e-02   6.0995965e-01  -3.0774153e-01  -1.7596241e-01   2.2046782e-01   4.6774988e-01  -2.0912676e-02  -1.6953444e-01  -2.8705249e-01  -3.0226757e-01  -2.3068820e-01  -2.8979534e-01   2.4452500e-01   3.6006586e-01  -9.3777712e-02   2.9861081e-01  -4.2802716e-02  -2.4476960e-01   1.4244843e-01  -3.1020959e-02  -4.6249233e-01   1.5929415e-01   3.8161538e-01  -5.1547656e-01   1.8921250e-01   3.0081384e-01   2.9218044e-01  -1.1213757e-01   1.5155057e-01  -1.6202333e-01   2.5738102e-01  -3.5456766e-02  -4.0136351e-01  -5.9859399e-03   1.8311816e-01  -3.0738430e-01   3.7540040e-01  -1.1450282e-01  -4.7377635e-01   1.3155233e-02   3.1297224e-01   8.7772691e-02   2.9487029e-02   5.9708190e-01   6.4800829e-01  -2.1652462e-01   6.2433161e-02   6.3151826e-01   1.9384273e-02  -5.1513025e-02  -3.4384248e-02  -4.5852530e-01   4.3727187e-02  -3.2119406e-01  -4.6906781e-01  -1.2867252e-01  -4.2847813e-01  -3.7615375e-02   6.4716888e-01  -2.9771911e-01   1.6875408e-01   5.6045915e-01   3.3690325e-01  -5.4155547e-01  -3.3155046e-01   9.9724477e-03  -7.2359239e-02  -4.5530129e-02  -1.6077267e-01   1.8069891e-01   3.0946364e-01  -2.3091650e-01  -2.5170982e-03   4.5436040e-01   1.2344853e-01  -2.4467728e-01   9.7425253e-02  -9.2878012e-02  -7.8054130e-02   3.3485370e-01  -1.9419217e-01   5.5257113e-01   2.0649758e-01  -2.2009246e-01   4.2114270e-01   1.2120247e-01  -2.4484645e-01  -1.1580135e-01   5.2268719e-02  -3.2923306e-01  -2.6919460e-01   2.4802295e-02   2.5778639e-01   2.0747929e-01  -4.2424215e-01   5.4553644e-01  -3.2567629e-01  -3.7803661e-01   6.0234232e-01  -1.3228762e-01   2.1304535e-01  -1.6798253e-01   6.0520983e-02  -3.2707378e-01   1.3104683e-01   1.5724243e-02   6.4887555e-01   1.1811989e-02   9.3014395e-02  -7.9665317e-02   4.2770530e-01  -5.4753180e-01   9.9707521e-03  -3.9446489e-01   2.3817998e-01  -6.0270352e-01  -2.2468684e-01   1.1911170e-01   5.5943798e-02  -3.1605767e-01   2.7123180e-01   3.1739037e-01   9.7493734e-02   1.5979781e-01  -3.9629810e-01   1.7053784e-01  -1.0396706e-01   3.4610877e-01  -4.9149057e-02
  -1.8665767e-01  -2.5870820e-01  -2.3554204e-01   0.0000000e+00  -2.1676325e-04   1.9661816e-01  -1.3180103e-01   3.7866641e-01   4.0069850e-01  -2.4403843e-01   6.2733705e-02  -1.4629886e-01  -5.4331108e-02   1.4074136e-01  -1.3725388e-01   1.4548693e-01  -2.4766944e-01   1.8456652e-01   4.6815280e-02   6.0956156e-02   3.6894401e-01   6.4915193e-01  -6.7469209e-02  -2.5961106e-01   1.3505078e-01   2.1870422e-01   8.0113000e-02  -2.8484367e-01  -1.0986618e-01   1.2694684e-01  -1.0360269e-01   5.2606749e-01   2.9892041e-01  -2.2737718e-01   2.7083830e-01   1.4318568e-01   1.7905253e-01  -1.8048073e-01   3.6906612e-01  -1.2059153e-01   8.9170602e-02   2.0505052e-01   1.5869094e-01   2.1442382e-01   1.0306704e-01  -1.1081264e-01   4.3461790e-01  -8.6331630e-02   8.4035241e-02  -3.2879713e-01   2.3249752e-01   2.7480860e-01  -1.7271521e-01   1.9180077e-01   1.8569868e-01  -1.0557981e-01   2.6577068e-01   6.5792059e-01   6.3439344e-01   3.1125830e-01  -1.8189622e-01  -4.5899034e-02   2.1284567e-01  -2.8238532e-01   6.8726086e-02   8.6117236e-03   5.9091218e-02   2.9259273e-01   5.5049759e-01  -9.6180559e-02  -1.7102160e-01   5.6902009e-01   2.1116738e-02  -6.9821206e-02   1.9755602e-01   3.6679404e-01  -1.8060238e-01   4.8419595e-01  -4.8968967e-02   6.8597324e-01  -1.2267066e-01   2.2475908e-01  -9.6079037e-02   3.5444094e-01  -2.4268431e-01   2.2547149e-01   2.5747301e-01  -9.5617108e-02  -6.9256031e-03  -2.2201603e-01  -4.4964647e-02  -1.8886677e-01  -2.3245434e-01   2.6597545e-01  -1.3013985e-01  -1.7860224e-01   4.8530249e-01   8.8743099e-02   4.7296649e-01   2.4482513e-01  -2.4949183e-01   1.4109147e-01   5.1526030e-01   2.6152751e-01   5.2008801e-01   6.5410038e-01   4.9784449e-02   4.0726349e-01  -1.5226221e-01  -2.2195590e-01  -1.7384429e-01   4.2597906e-01   7.1281953e-01  -1.7401340e-01  -2.8964270e-01   1.9945761e-02   3.9151622e-01  -5.2849385e-03  -3.8827554e-01   7.5910060e-01  -9.2401644e-02  -4.8194099e-02   2.0480192e-01   9.9529746e-02  -1.3405589e-01   1.8574183e-01  -1.9928113e-01   2.3548260e-01   6.5597073e-01  -1.5460267e-01   1.0902332e-02  -7.9337796e-02   9.4220506e-02  -2.3297997e-01   4.6940921e-01  -4.4276526e-02   4.4893988e-01  -1.7554112e-01   1.7629881e-01  -1.9846229e-01  -2.0147789e-01  -4.1373899e-01   3.0999295e-01  -2.8974734e-01   3.3442126e-02   1.6219683e-01  -2.4243640e-01  -4.8712773e-02  -5.0195993e-02  -6.6497376e-04  -2.2943298e-01   2.7909482e-01  -1.0274040e-01  -1.1690515e-01  -1.6850448e-01  -2.0604522e-01  -1.4906446e-01   4.8113256e-01  -1.5794059e-01   8.8003034e-02   3.6162216e-01   2.9284666e-01  -1.9100257e-01   5.8158916e-01   5.7303002e-01  -8.0543777e-02   7.3164682e-02   2.1545645e-01  -1.0998456e-01  -8.8656003e-02  -4.9267904e-02  -2.3161642e-01   4.1805139e-01  -5.6512587e-02   3.0308853e-01   2.9101254e-02   6.1221449e-01
  -3.2197131e-01   6.6600301e-01   4.3270205e-01  -2.1676325e-04   0.0000000e+00   9.7235578e-03  -6.4721005e-02   7.0529115e-02   1.2059341e-01   3.8038085e-01  -6.6892354e-02   5.5858874e-01   3.6344063e-01  -3.6247311e-01  -1.6597743e-01   2.6661976e-01   4.9638031e-01   1.2974101e-01  -1.6158682e-02   8.4529857e-01  -3.1257690e-01  -1.5180353e-01  -3.4613179e-01  -3.0976230e-01  -1.2805164e-01  -1.0271497e-01   6.0795267e-01  -4.0964329e-01   3.5105488e-01  -1.1127821e-01  -7.7677546e-02   4.9115236e-03   1.0018023e-01   1.8221120e-01  -4.5213885e-01   5.4340001e-01   1.5582040e-02  -3.1209607e-01   3.9976784e-01   6.3291330e-01   4.5629337e-01   6.5338487e-02   2.4145543e-01   2.4107132e-02   3.8321595e-01  -3.7348608e-01   2.0529643e-02  -2.2317407e-01   3.8178076e-01   6.1120634e-01   4.0296747e-02   1.6185841e-03   5.3727100e-01   3.4623461e-01  -1.1879633e-01  -2.6703044e-01  -2.7885840e-01  -1.2326378e-01   1.6841808e-01  -1.7783710e-01  -2.2811873e-01   6.8263927e-01   2.6061708e-01   2.5781135e-01   3.4513794e-01   5.7339538e-02   9.4755127e-02  -2.8842055e-02  -1.7434035e-01  -2.3040274e-01   4.5634604e-01  -2.0127736e-01   4.4389193e-01   6.1923942e-02   3.1755900e-01   9.3615513e-02  -2.5626236e-01  -3.8534206e-03   7.3858581e-01   1.5059406e-01  -2.5581800e-01   2.1052871e-01   1.7876163e-01  -5.6173461e-02  -2.6260628e-01  -4.8634609e-02  -4.7103444e-01  -5.3458530e-02   4.4937611e-01  -2.5778124e-01   6.3901809e-01   4.6403498e-02   5.1249997e-01  -2.1758739e-01  -3.5304630e-01   8.0301954e-01   4.4269935e-01   5.3913427e-02   4.3502279e-01  -1.3709662e-01  -2.3083454e-01  -3.0515810e-02  -9.1593099e-02   8.3191885e-02  -1.9889152e-01  -4.9525738e-02   3.9739268e-01   6.2379943e-02   1.7901948e-01   3.9716172e-01   3.8552757e-01  -3.3220561e-01  -1.8696691e-01  -3.7857078e-01  -4.1299660e-01   4.6289691e-01   5.0047427e-02   4.8442528e-01  -2.6367957e-01  -3.7694431e-02  -2.7197706e-01   8.3490475e-01   2.2922808e-01  -2.0230728e-01  -3.3378447e-01  -1.2350113e-01  -1.9321517e-02   3.0615698e-01  -1.1174303e-01   3.4370980e-01   5.2287875e-01   8.4215047e-02   3.2262314e-01  -9.3400879e-02  -7.9279369e-02  -2.8909366e-01   1.3006690e-01  -4.6792775e-01  -2.6275697e-01  -2.4401202e-01  -6.9384092e-02   3.0814768e-01  -1.7722685e-01   1.0164475e-03  -2.7324319e-01  -2.6083612e-01   4.3135664e-01   2.1118249e-01   2.2527180e-01  -1.2123415e-01  -3.9373073e-01   1.9660855e-01  -2.2770353e-01   3.7821454e-01   6.9114475e-01  -3.4049407e-01  -3.5594002e-01   2.8223698e-01  -3.7093465e-02  -1.7238385e-01   4.9756855e-02  -8.8200229e-02   2.3980883e-01  -3.5482262e-01  -2.1802582e-02   2.7897845e-01   4.7854616e-01  -2.5388928e-01  -1.8129149e-01   6.0867052e-01   4.7812692e-01  -2.8278809e-01  -8.4005299e-02  -2.0951480e-01  -1.0057788e-01  -5.4164205e-02  -7.4471678e-02
   2.5683354e-03  -1.8790045e-01   6.6017732e-02   1.9661816e-01   9.7235578e-03   0.0000000e+00  -4.7739821e-02   1.4225586e-01  -2.2993882e-01  -2.3921976e-01   1.0322005e-01   1.1660342e-01   5.0843350e-02   9.8440577e-02  -1.9658601e-01   3.2123504e-01  -1.1691486e-01  -1.3558725e-02   2.1547577e-01   6.7484484e-02   3.9432350e-01   1.7162709e-01   4.6290997e-02  -1.1213322e-01   1.2009441e-01   3.6044002e-01   3.8616893e-01   6.5223436e-02   3.9688171e-02   2.0430634e-01  -3.6589095e-01   1.5434785e-01   3.6993457e-02  -4.7785409e-02   2.7695260e-01   2.9042782e-01  -2.1684245e-02  -1.8149571e-01   5.3829943e-03  -4.5973998e-02   6.0113569e-03   3.3182093e-01  -2.3291787e-03   1.6034747e-01  -4.8296915e-02   4.4444041e-03   4.7030920e-01  -1.6152872e-01  -2.7939187e-01   1.1299881e-01   3.5093662e-01   1.7135818e-01  -2.5534549e-01   4.1452638e-02  -4.2926497e-02   3.4305359e-01   5.9623441e-01   4.7464585e-02   2.4091435e-01   4.7689370e-01   4.0217999e-02  -9.4106435e-02  -6.5777610e-02  -2.5794358e-01  -2.8546184e-01   2.0467873e-01   6.0067078e-01  -1.3230575e-01   3.7549621e-01   1.5973688e-01  -4.6261363e-01   1.9173002e-01  -1.4621100e-01   2.3922490e-01   9.9779158e-02  -5.4287357e-02  -5.5524239e-02   3.5013243e-01   4.4370695e-02   6.5917101e-02  -2.6780771e-02   2.4711914e-02  -1.2576961e-01   2.8805399e-01   9.3963996e-02  -1.1137104e-01   2.8969229e-01  -1.4258804e-01  -1.5797493e-01  -1.2472373e-01  -1.4142313e-01  -4.4068122e-03   1.3818612e-01   1.8548190e-02  -9.4045379e-03  -3.8473566e-02   6.8058180e-02   7.1539431e-02  -1.3655362e-01   1.6879221e-01  -2.5622022e-01   4.9570484e-01   1.4750005e-01   4.9650688e-02   3.0948248e-01   8.2898346e-02  -7.2462224e-02   3.9199655e-01  -2.9405868e-01   7.5334451e-02   1.3719273e-01   4.9767214e-01   1.0968014e-01  -3.9145588e-03  -7.7978439e-02  -2.7836812e-01   1.4535617e-01  -8.1784438e-02   7.9081562e-02   3.0405758e-02  -4.6529549e-02  -1.1602934e-02   8.7470086e-02  -1.1996117e-01  -1.2471833e-01   7.8270828e-02  -2.5472962e-02  -1.5506391e-01   5.4543507e-02  -6.7840465e-02   4.5395217e-02   7.3706172e-03  -1.1632645e-01  -9.9852660e-02   1.6047218e-02   1.5737873e-01   8.4301744e-02  -6.9272157e-02   9.1702494e-02  -1.3829271e-02  -1.0139861e-02  -1.5208546e-01   3.8745578e-01   3.2516543e-01   3.0120152e-02  -9.0171461e-02  -7.4682251e-02   1.9748265e-02   6.1555292e-01  -2.7590362e-01   3.6163615e-02  -4.5468377e-02   2.3315855e-01  -1.5209221e-01  -2.7948666e-02  -1.4288784e-01  -2.9882820e-02   1.9014926e-01  -5.6399800e-02   1.3991549e-02  -1.5694796e-01   1.4914768e-01  -1.4396251e-01   2.3974187e-01   1.5082200e-01  -6.6159715e-02   2.0817133e-01   3.1871259e-01   1.2293389e-01  -2.1888294e-01   2.3613886e-01  -1.8895735e-01   9.1271277e-03   5.4689221e-01   5.8987213e-03  -8.2078296e-02   5.1377962e-02
  -9.0366631e-02   9.1693178e-02  -2.4109188e-02  -1.3180103e-01  -6.4721005e-02  -4.7739821e-02   0.0000000e+00  -3.5953736e-01  -8.0039989e-02   4.7867598e-01   3.4814828e-01   5.4664829e-02   3.7103893e-01  -3.3515275e-01   8.2679227e-01   1.1136676e-01   9.7597587e-02   4.3674295e-01  -2.6424896e-01   2.0208731e-01   1.5287845e-01  -2.6761192e-01   7.6376966e-01  -2.2744111e-01  -2.5803430e-01  -4.3560456e-01   1.2892584e-01  -2.3184741e-01  -2.7140628e-01   9.9634619e-02   4.4203386e-01  -2.9634440e-01   1.2541422e-01   8.1991179e-01  -2.8502261e-01   3.6016761e-01   1.7099869e-01   4.0042404e-02   4.8187400e-02   3.5538938e-02   3.1051159e-01   1.0399932e-01   8.2044021e-02   9.5576933e-02   3.8792385e-01  -1.5220665e-01  -1.3657208e-02   7.7232628e-01  -9.9418170e-02  -1.9991375e-01   3.2841995e-01  -3.7856990e-01   5.8297339e-02   1.0207545e-01   1.1442385e-01   4.9253889e-01  -5.1563241e-01  -2.2746570e-01  -2.2839301e-01  -2.6217724e-01  -7.0848353e-02   1.6248284e-01  -1.7929541e-01  -4.9870544e-02  -1.3783319e-01   2.6334859e-01   5.4792764e-02  -1.0886623e-02  -3.4182428e-01   2.1401804e-01   1.9564610e-01   5.1115089e-02   4.2192697e-01  -4.0785096e-01  -3.2579442e-02  -1.1244984e-01  -7.5627569e-02  -2.1927926e-01  -9.7577391e-02  -1.8619051e-01   4.2258411e-01   3.0806870e-01   2.3978243e-01  -3.7527593e-01  -6.3355701e-02  -1.9861267e-01  -4.9221376e-02  -2.0400995e-01  -3.7355008e-01  -1.5790885e-01  -1.8030930e-01   4.2207953e-03  -1.0899817e-01  -5.3740499e-02   6.4877636e-02  -7.5836211e-02  -6.0638377e-02  -3.1946088e-01   1.0022015e-01   2.2400228e-01   2.3184115e-01  -2.4778775e-01  -2.6766951e-02  -2.1573981e-01  -1.9228249e-01  -1.7110197e-01   2.4228272e-01  -4.1570182e-01   5.9081389e-01   1.8736240e-01   5.3338721e-01  -1.1978164e-01  -1.5334832e-01  -2.9558847e-02   3.2425393e-01  -3.5792905e-01  -1.4781317e-01   4.3328499e-01   2.5495087e-01  -1.7344248e-01  -1.8457987e-01  -2.3750349e-01  -1.6058317e-01   1.4816564e-01  -1.3898486e-01  -4.3466702e-01   7.1629018e-01   6.9133345e-02  -2.1756165e-01   1.5005584e-01   2.3585153e-01   7.2778340e-01  -3.2541370e-01   5.6720230e-01  -1.6325446e-01  -3.2425071e-01  -1.9377382e-01   1.6799967e-01  -3.9717477e-01   5.8541048e-02  -1.3474348e-01   6.0846253e-02  -3.5057246e-01   2.2172800e-01   6.6520930e-01   4.3152269e-01   4.1649673e-01  -8.4433412e-02   8.5917993e-02   6.0827389e-01  -1.4444713e-01  -8.5752244e-02  -2.4112475e-01  -3.2753059e-02  -1.7947592e-01  -7.2338971e-02  -1.8391783e-01  -4.6882616e-02   8.2794273e-03   3.4831662e-01   1.0873527e-01  -3.9843300e-01   5.4679870e-01  -1.1425202e-01  -2.3141700e-01  -7.1681515e-02   9.8507756e-02  -4.9763307e-01  -2.2867209e-01  -1.8766385e-01  -2.9736410e-01   3.5583969e-02   5.3820191e-02  -3.8958410e-01  -1.0060356e-01   2.9473755e-01  -2.4627787e-01
  -2.8892077e-01  -1.1676797e-01  -2.3334887e-01   3.7866641e-01   7.0529115e-02   1.4225586e-01  -3.5953736e-01   0.0000000e+00  -5.8376303e-02  -1.9109513e-01  -2.9004708e-02  -1.4667066e-02  -3.8168844e-02   1.1999882e-01  -3.4123949e-01   2.1411967e-01  -2.6875737e-01  -3.1625961e-01   1.0282747e-01  -2.6098860e-02   2.8410332e-02   4.0413936e-01  -3.2368275e-01  -2.0875341e-01   5.5227494e-02   6.2862454e-01   1.0519044e-01  -1.4242327e-01   1.0805577e-01   6.7464380e-02  -1.6382934e-01   3.1160325e-01   1.6933836e-01  -2.9904220e-01   2.2095001e-01  -1.0595888e-01  -1.5354639e-01  -3.1006324e-01   3.2559891e-01  -4.0405920e-02  -1.3726597e-02  -2.1193232e-02  -3.7245544e-02   3.5821737e-01  -4.5308565e-02  -1.8177375e-01   2.3890777e-01  -3.8261671e-01  -1.2376284e-01  -2.2969934e-02  -9.2637458e-02   8.2784017e-01   1.4453337e-02  -9.2149968e-02  -2.0934700e-01  -1.7673564e-01   3.4925431e-01   3.9112152e-01   5.3343582e-01   2.7517767e-01  -2.3112071e-01  -8.2439367e-02   1.6904957e-01  -1.3096798e-01   4.0232826e-02  -6.0369470e-02   5.2796309e-02  -1.5111039e-01   5.6341836e-01  -3.6715512e-01  -6.2039531e-02   9.9393540e-02  -1.1224902e-01   3.2340604e-02  -4.9997637e-02   2.0467112e-01  -2.6387596e-01   5.7975345e-01   1.7382186e-01   3.5874247e-01  -8.3460760e-02   1.6428427e-01  -1.8624877e-01   6.8009326e-01  -3.6072971e-01   1.5717360e-01   5.7548102e-02  -1.6561542e-01   2.1103694e-01  -2.5043360e-01   1.8681328e-01  -3.1960097e-01  -4.0586807e-02  -4.6881636e-02  -2.5940709e-01  -8.5075733e-04   2.9239662e-01   3.7496131e-01   7.5853786e-03   1.6698095e-02  -2.7118173e-01   3.2819299e-01   4.0160190e-01   1.4047412e-01   2.4079366e-01   2.9217110e-01  -1.6045375e-01   7.8361703e-01  -2.8139860e-01  -2.6700346e-01  -1.7533354e-01   2.3856853e-01   1.8131077e-01  -2.8610073e-01  -3.1544543e-01   2.6130966e-01   6.2735917e-01  -5.0523587e-03  -3.3955287e-01   3.1142684e-01  -1.1367993e-01   1.7752241e-01   1.5848561e-01  -1.1455537e-01  -1.4845358e-01   2.5754206e-01  -3.4197540e-01  -8.2932794e-02   2.1353506e-01  -2.6103690e-01   1.0557719e-01  -2.1924133e-01   1.5241507e-01  -4.1469373e-01   3.3969022e-02   2.2002106e-01   2.1612523e-01  -1.5336957e-01   3.8077792e-01  -2.9218516e-01  -1.9232962e-01  -1.5125875e-01   4.5435561e-01  -2.8680066e-01  -2.0117795e-01  -1.4542752e-01  -1.7660365e-01  -1.3355957e-04  -1.2191268e-01  -2.7824028e-01  -2.6253226e-01   5.8828779e-01  -1.4680473e-01  -8.5398608e-02   1.3045588e-01  -2.6046235e-01  -1.1904596e-01   4.3152604e-01  -3.2348820e-01   1.1725942e-01  -1.0746494e-01   5.3510085e-01  -4.2997337e-01   2.8159198e-01   4.8406315e-01   1.7296941e-01   1.3821896e-01   4.4664529e-01  -1.7375802e-01   8.9961740e-02   2.9558029e-01  -2.9942160e-01  -6.5548444e-02   6.8818878e-02  -3.4104597e-02  -1.4457669e-01   3.7405245e-01
  -7.5139210e-02   1.3012072e-01  -3.3893224e-02   4.0069850e-01   1.2059341e-01  -2.2993882e-01  -8.0039989e-02  -5.8376303e-02   0.0000000e+00  -1.1152182e-01   5.0077756e-02   3.9827172e-02  -1.6369500e-01  -8.9910959e-02   6.4592673e-03  -1.4231865e-02  -2.5146371e-02   2.3208590e-01   1.4059271e-01   9.1160300e-02  -9.3984500e-02   1.6599042e-01  -1.6549654e-01  -7.9153984e-02   9.9293099e-02  -1.3418245e-01   1.0494679e-01  -2.6716880e-01   1.3961200e-01   8.6348182e-02   2.8165835e-01   1.4715861e-01   3.3393348e-01  -1.1164251e-01   8.0301468e-03  -7.1763758e-03   1.3518417e-01  -9.8729848e-02   2.6071046e-01   1.3052126e-01   8.5362658e-02   1.3479698e-01   2.6605495e-01  -7.6186877e-02   1.9745896e-01  -2.2261402e-01   5.5399467e-02  -2.1891226e-03   3.0605393e-01  -1.0088297e-01  -5.2244967e-02  -5.1051726e-02   1.2567099e-01   1.6908888e-01   3.7378905e-01  -2.6291413e-01  -1.0715859e-01   1.6741263e-01   1.8815872e-01   1.5183543e-03  -1.9877847e-01   1.6943564e-01   3.9957241e-01   2.7665692e-01   4.1773155e-01  -2.0728984e-01  -1.5113718e-01   3.7869938e-01   9.4711897e-02  -1.8207064e-01   2.3581014e-01   1.5644976e-01   1.5031015e-01  -1.0311354e-01   3.1971549e-01   2.5643777e-01  -2.0075565e-01   6.9061208e-02   1.0163427e-01   4.2136805e-01  -1.7299884e-01   2.0493128e-02   8.4138973e-02  -3.4843269e-02  -1.3349575e-01   1.6699213e-01   9.1181271e-02   1.5570855e-01   2.6403738e-01  -6.7823643e-02   1.5610342e-01  -7.1731769e-02  -2.8889100e-02   4.2099466e-01  -1.7665325e-01  -1.5408079e-02   3.2239291e-01   9.5079661e-02   4.2017494e-01  -7.5074582e-02  -2.3936515e-02  -8.0488047e-02   3.2132030e-02   5.5123614e-01   1.5874146e-01   3.2317630e-01   1.4193694e-01  -3.0963932e-02   9.1898255e-02  -1.5579849e-01  -8.6021292e-02  -5.9721766e-02   2.8061800e-01  -1.1389195e-01  -1.0919857e-01   3.5126977e-01   7.5913863e-03  -6.1683423e-02  -2.7945274e-01   3.6583390e-01  -8.8578922e-02   1.3950891e-01   2.4490956e-01   3.6149783e-01  -1.5338208e-01  -1.0671847e-03  -4.1997132e-02   3.1860148e-01   2.9874871e-01   4.5916149e-02  -4.5972645e-02   1.2168756e-02   2.4479505e-01  -3.0013807e-02   2.6755785e-01  -5.2087308e-02   2.7579866e-01  -1.3184372e-01  -4.3060548e-03  -1.1211887e-01  -7.9597222e-02  -1.6890616e-01  -4.6913603e-02  -2.1801144e-01  -1.5219755e-02   1.9727060e-01  -5.3753989e-03   7.1393371e-02  -2.5531829e-01   6.2221905e-02  -1.4225980e-01  -2.5539760e-02  -8.1829020e-02   2.9696218e-01   3.9361049e-02  -7.9896243e-02  -1.1396340e-01   2.3087413e-01  -4.4885403e-02  -1.3124920e-01   3.6281925e-01   5.0113931e-02  -1.3698084e-01   1.6005162e-01   7.0171410e-02   1.0762673e-01   1.0837881e-01  -9.6915194e-02  -1.4942613e-01   1.5224600e-01   1.1516257e-01  -2.0564232e-01   4.0768155e-01  -2.4814268e-01   3.5413099e-01   4.6054902e-02   1.8612111e-01
  -2.8088746e-01   5.9528928e-01   3.3432476e-01  -2.4403843e-01   3.8038085e-01  -2.3921976e-01   4.7867598e-01  -1.9109513e-01  -1.1152182e-01   0.0000000e+00  -1.0214758e-01   5.0729914e-01   3.3311786e-01  -4.9794091e-01   2.7499355e-01  -9.3147084e-02   4.2383711e-01   2.1926814e-01  -1.1643966e-01   4.8707147e-01  -1.3437221e-01  -2.2068138e-01   1.6284732e-01  -3.2977621e-01  -3.0215545e-01  -3.3415490e-01   1.8522322e-01  -3.9524322e-01   1.6095952e-01  -1.7673350e-03   2.0825379e-01  -2.7812166e-01  -8.5349856e-02   7.0993161e-01  -4.5924111e-01   1.8206945e-01   9.3711101e-02  -2.0419090e-01   1.5773852e-02   4.2965790e-01   2.4308405e-01  -2.2221320e-01   3.2441627e-01  -4.6214577e-03   4.1119620e-01  -3.0650322e-01  -3.2723239e-01   3.2141100e-01   1.3842984e-01   2.7347937e-01   4.0201458e-02  -1.5346812e-01   5.1185568e-01   8.5079948e-02  -1.7887601e-01  -3.7585385e-02  -5.5410771e-01  -1.6859123e-01  -1.8142927e-01  -2.4653521e-01  -1.8185334e-01   4.4826881e-01  -3.1214969e-02   1.6657875e-01   8.1025603e-02   2.1880275e-01  -2.4267138e-02  -4.6757527e-02  -4.7194196e-01  -1.0412259e-02   4.8677802e-01  -2.4166728e-01   3.9762721e-01  -2.5666435e-01   5.3025522e-02  -6.8827899e-02  -2.2134529e-01  -1.9704687e-01   3.6580620e-01  -1.5281636e-01  -7.0593101e-02   2.5154199e-01   2.7754501e-01  -3.6594194e-01  -1.6865524e-01  -1.4829811e-01  -3.1828138e-01  -2.5781823e-01   1.3725545e-01  -2.7512089e-01   2.3928100e-01  -3.4107901e-02   4.5207247e-01  -1.7065615e-01  -2.4296640e-01   4.3870477e-01   8.6308988e-02  -1.1687873e-01   9.6634573e-02   5.7604511e-02   3.8518036e-02  -9.5013661e-02  -2.1546675e-01  -2.1056702e-02  -2.8340778e-01  -1.3666427e-01   2.6536281e-01  -2.8447270e-01   4.6411463e-01   3.8792085e-01   5.7885333e-01  -3.2309595e-01  -2.3329753e-01  -2.4976253e-01  -1.7474006e-01   1.1777164e-01  -1.7859448e-01   4.4172309e-01   9.7199706e-02  -2.1752818e-01  -3.4673863e-01   3.3565910e-01   8.2556350e-02  -3.5408543e-02  -3.0181741e-01  -2.9719529e-01   3.9946245e-01   6.7603333e-02  -2.4344265e-01   4.3905881e-01   3.6161679e-01   2.7924494e-01   8.0788311e-02   3.4482796e-01  -1.2948790e-01  -3.3825172e-01  -1.6914635e-01  -2.5726593e-01  -3.2615728e-01  -4.0087003e-02  -2.0295048e-01   2.2226384e-01  -2.8790710e-01   2.4871723e-01   1.2447431e-01  -1.8417685e-02   5.6758268e-01   4.6502845e-03   1.6190429e-01   3.4121987e-01  -3.9416770e-01  -5.6475250e-02  -3.8092994e-01   6.6008517e-02   4.3296465e-01  -2.6920827e-01  -3.3179299e-01  -4.3356908e-02  -8.8461849e-02  -7.9496399e-02   1.1205761e-01  -2.8591955e-01   5.8399237e-01  -3.3666982e-01  -1.9942796e-01   2.0841243e-01   2.5497852e-01  -5.4551759e-01  -2.3437788e-01   3.0333902e-01   1.2802938e-01  -1.9798595e-01  -1.7367470e-01  -2.6521444e-01  -1.0295516e-01   1.8900280e-01  -1.3932660e-01
   1.0970428e-02  -2.8176190e-01  -3.5169294e-01   6.2733705e-02  -6.6892354e-02   1.0322005e-01   3.4814828e-01  -2.9004708e-02   5.0077756e-02  -1.0214758e-01   0.0000000e+00  -3.6619877e-01   2.7499343e-01   4.8416304e-02   5.6546194e-01   4.2128761e-01  -2.5638263e-01   4.1628931e-01  -1.4857692e-01  -1.3004982e-02   3.0735855e-01  -8.4110292e-02   5.7473567e-01  -4.2588429e-02  -1.3362636e-01   5.8327277e-02   3.7865690e-02   7.9548299e-02  -4.4286962e-01   7.5665141e-02   4.4540383e-01   1.1677810e-01   3.1852319e-01   8.7508727e-02   1.5725252e-02   4.5854234e-01  -9.7363266e-02  -8.5789976e-02   3.4252901e-01  -2.2249503e-01   4.1627642e-01   3.2093771e-01  -3.1079159e-01   3.6645136e-01  -3.6618170e-02  -7.3126927e-02   5.5762859e-01   3.8513814e-01  -1.4918792e-01  -2.4118310e-01   4.7776781e-01  -2.5928890e-02  -1.8849225e-01  -1.7684425e-01   1.9008624e-01   6.3864855e-01  -5.8324624e-02  -9.5033443e-02   1.0245405e-01  -1.3885925e-01  -7.0414199e-02  -8.1738161e-02  -2.2983331e-01   1.4757557e-01  -1.3806142e-01   1.7580331e-01   1.4625875e-01  -3.2834876e-01   1.2632152e-01   4.5786599e-02  -7.0307486e-02   8.1387951e-02   3.7315014e-01  -1.7470147e-01  -1.6639280e-01   1.0421702e-01  -8.0925563e-02  -8.4608227e-03  -2.5624641e-01  -9.1571473e-02   5.5260768e-01   1.9671616e-01   1.7552155e-01  -9.2944221e-03  -4.3700789e-02   1.5267044e-01   1.2790851e-01   8.6961060e-02  -3.9303950e-01  -6.5546410e-02  -1.3005789e-01  -1.7562031e-01  -4.5643781e-01   1.0459703e-01  -2.0138036e-02  -2.4426791e-01  -3.9076396e-02  -1.9439458e-01  -6.9917191e-02   2.9444194e-01   2.6819843e-01   3.3346866e-02   1.5019691e-01  -2.3016977e-02   6.5439831e-02  -8.0011173e-02  -1.0169075e-01  -3.5217483e-02   1.9104262e-01  -9.0137356e-02   1.3168197e-01   1.1893998e-01  -1.6074636e-01  -2.4883427e-02   4.4034725e-01  -1.8671600e-01   1.7234309e-02   3.1680767e-01   1.8384033e-01  -1.8625303e-01  -7.5781298e-02  -3.3704837e-01  -1.7761313e-01   3.5392448e-01  -1.2731633e-01  -1.5153116e-01   4.7291779e-01  -2.0181716e-01  -1.8943620e-02  -2.8867104e-01   3.0071346e-01   5.5147356e-01  -4.0653741e-01   4.7940234e-01  -1.5865619e-01   2.0283520e-01  -2.1957239e-01   3.9430394e-01   9.8682842e-02  -3.6521865e-02  -1.1240525e-01   2.2663621e-01   9.2846319e-02   5.5349879e-02   5.4305366e-01   6.2277431e-01  -3.1861004e-02   3.0060766e-01   4.6081989e-02   3.6522964e-01   5.9167189e-02   7.1436907e-02  -1.7812183e-02   2.3909493e-01  -4.0643186e-01  -6.7872848e-02  -6.9672900e-02   1.4379716e-01  -1.0990959e-01   5.2345330e-01  -2.6270515e-01   2.4439565e-01   3.3401306e-01   1.5745273e-01  -9.9296345e-02  -2.6883401e-01  -4.6732876e-02  -7.9196848e-02  -9.6498123e-02  -2.6070271e-01  -2.7514011e-01  -7.0176396e-02   9.3407355e-02  -3.0043602e-02  -2.8075690e-01  -8.1924670e-02  -2.4341160e-01
  -1.5322057e-01   7.6909305e-01   6.8120294e-01  -1.4629886e-01   5.5858874e-01   1.1660342e-01   5.4664829e-02  -1.4667066e-02   3.9827172e-02   5.0729914e-01  -3.6619877e-01   0.0000000e+00   1.7352424e-01  -3.3144218e-01  -1.5478894e-01   1.5124617e-01   6.0708197e-01  -1.2672848e-01   8.6698167e-02   5.8804448e-01  -4.5573372e-01  -2.5941599e-01  -3.8509316e-01  -1.3254453e-01  -1.2300981e-01  -1.3312858e-01   4.3503070e-01  -3.6153955e-01   4.7688464e-01  -1.4501212e-01  -2.0150908e-01  -2.3966836e-01   1.3848854e-02   4.0917774e-01  -3.4492420e-01   1.3281132e-01   4.0523297e-02  -2.0541885e-01   6.0465842e-02   5.8448923e-01   1.3964361e-01  -2.0133312e-02   4.3282212e-01  -1.2875688e-01   4.0026224e-01  -2.9069580e-01  -4.0645369e-01  -2.2533698e-01   5.0944450e-02   5.6036915e-01  -1.9564691e-01  -4.2545164e-02   4.9690294e-01   4.3598164e-01  -2.3121389e-01  -2.5964479e-01  -3.0393224e-01  -2.0809717e-01  -1.4942861e-01   1.6580517e-02  -1.7459061e-01   3.7968876e-01   8.6265926e-02   3.0810029e-01   1.9551130e-01  -2.5077168e-02   1.0869346e-01   5.7599103e-02  -3.4569910e-01  -1.7846524e-01   4.4193622e-01  -3.9666390e-01   2.2483827e-01   2.2244039e-01   3.5320090e-01  -5.7850141e-02  -2.3369025e-01   3.1041779e-02   6.0777114e-01  -3.3688505e-02  -3.9000955e-01   1.7048124e-01   9.6724887e-02  -1.1251605e-01   5.5997048e-03  -1.6280108e-01  -4.3970369e-01  -7.9812176e-02   4.8153867e-01  -1.3421962e-01   3.5381089e-01   1.5659373e-01   7.7791149e-01  -1.5309253e-01  -2.5025782e-01   6.9668864e-01   2.6126534e-01   2.8152715e-03   1.4739236e-01  -3.8288025e-01  -1.9105168e-01   4.0016951e-02  -4.3788352e-01   1.8642801e-01  -2.9212903e-01  -6.6939214e-02   4.6716758e-01  -5.9428251e-02   7.8029806e-02   4.8649982e-01   5.4269835e-01  -3.4754610e-01  -2.5634175e-01  -2.1507542e-01  -3.2413432e-01   2.2276032e-01  -3.4288097e-02   2.5399360e-01  -5.9877446e-02  -1.3903801e-01  -1.5685653e-01   7.1222551e-01   4.0141800e-01  -3.2265629e-01  -2.5226535e-01   1.8299640e-02  -5.2416527e-03   3.4528598e-01  -2.0771882e-01   4.4876556e-01   3.1954018e-01  -9.4131870e-02   5.1946221e-01  -1.1712267e-01  -1.2647266e-01  -3.0650074e-01   8.0540129e-02  -5.2443188e-01  -3.7413282e-01  -1.5330795e-01   7.4873708e-02   2.6907327e-01  -2.9257785e-01   3.0858149e-01  -3.1801532e-01  -5.4751151e-01   6.2105657e-01  -2.8493968e-02   2.1288599e-01  -2.3366731e-01  -2.5288573e-01  -7.7551875e-02  -8.3181189e-02   1.1364032e-01   8.0865798e-01  -1.7461432e-01  -1.8639868e-01  -5.0390688e-03  -2.7844760e-02  -4.6499936e-01   1.1572390e-01  -2.8412256e-01   1.0092810e-01  -5.5369256e-01  -8.7243539e-02   3.6367527e-01   5.2184416e-01  -2.2786026e-01   8.8504719e-03   4.9964921e-01   5.5621132e-01  -1.8831552e-01  -3.0843763e-01  -5.6275307e-02   2.9071735e-02   2.1304173e-01  -3.4174380e-02
  -2.8649720e-01   1.8352867e-01   2.0229607e-01  -5.4331108e-02   3.6344063e-01   5.0843350e-02   3.7103893e-01  -3.8168844e-02  -1.6369500e-01   3.3311786e-01   2.7499343e-01   1.7352424e-01   0.0000000e+00  -3.2598182e-01   3.4213207e-01   4.0757806e-01   2.6859711e-01   2.1531755e-01  -1.8416047e-01   4.6429094e-01   4.1864550e-02  -1.0010756e-01   2.4842015e-01  -3.0171089e-01  -1.6913228e-01  -1.9143393e-01   2.1522143e-01  -2.9084599e-01   6.7503175e-02  -2.6929728e-01   1.4281192e-01   3.6257396e-03   2.2026422e-01   3.4816919e-01  -3.2947364e-01   4.9066568e-01   5.3468598e-02  -1.0520548e-01   4.6508106e-01   3.5522735e-01   8.0847321e-01   7.6109286e-02   7.4786377e-02   2.9113961e-01   7.5383940e-02  -2.1790373e-01   1.9630141e-01   2.9763743e-01   1.0195049e-01   1.4229034e-01   1.6185064e-01  -5.7193654e-02   3.2355395e-02   1.2183923e-01  -3.0194449e-02   2.9224077e-01  -3.6493067e-01  -5.2423690e-02   4.0516950e-02  -3.0428391e-01  -2.1128786e-02   3.4344177e-01  -4.5615579e-02   6.0829545e-02  -1.9742688e-01   7.9853544e-03   5.2109888e-02  -1.6993268e-01  -6.7302332e-02  -1.7797274e-02   2.9122525e-01  -1.5331060e-01   6.0841162e-01  -3.0229883e-01   9.1299470e-02   2.2724850e-01  -9.4720742e-02  -1.2443470e-01   6.6822226e-02   3.3848563e-02   7.3905550e-02   2.4351784e-01   3.3431425e-01  -2.0233841e-01  -1.9386372e-01   2.0324868e-01  -2.8355347e-01  -2.5889442e-01  -2.4442794e-02  -3.0965001e-01  -9.1852475e-02   9.2495561e-02   1.8323305e-01  -2.2592098e-01  -6.2507720e-02   3.8319866e-01   2.1399707e-01  -1.8624708e-01   7.2531938e-02   9.8830211e-02   5.9126280e-02  -1.5276827e-01   7.9446186e-02  -1.3204197e-01  -2.1662247e-01   5.4954460e-02   2.5091529e-01  -2.0086939e-01   3.8585524e-01   3.2724719e-01   5.0750920e-01  -2.2651910e-01  -1.3999409e-01  -2.2972372e-01  -5.4718630e-02  -1.5736827e-01  -3.6432457e-02   7.9740520e-01   1.6146548e-01  -1.8495191e-01  -2.4810123e-01   1.2300394e-01   7.5998339e-02  -1.3114611e-01  -2.1091057e-01  -3.3162238e-01   3.1062102e-01   1.1408149e-01   6.2517644e-02   1.0136580e-01   6.8178928e-01   3.8434382e-01  -1.1343677e-01   3.0502844e-01  -9.3347510e-02   8.3660131e-03  -9.3955305e-02  -1.2851099e-01  -1.3811187e-02  -1.1205645e-01  -1.9005441e-01   5.0824473e-01  -1.3491054e-01   1.9887847e-01   2.8457579e-01   1.7754765e-01   4.7828115e-01  -1.3362683e-01   2.0278114e-01   1.8692840e-01  -3.6249797e-01   1.3420818e-01  -3.0585761e-01  -9.5717758e-02   1.2819600e-01  -2.1424170e-01  -2.9340436e-01   1.8475498e-01   6.5531914e-02   1.3254937e-01  -1.1700758e-01  -1.4350010e-01   3.1217467e-01  -2.1056154e-01  -9.8639779e-02   6.7456926e-02   3.4400819e-02  -3.9494760e-01  -2.3333291e-01   1.5289708e-01  -9.5139216e-02  -1.0695086e-01  -2.8377418e-01  -9.5761413e-02  -3.6460211e-01   8.1094634e-02  -9.2437260e-02
   5.2996486e-01  -4.5784511e-01  -2.9985959e-01   1.4074136e-01  -3.6247311e-01   9.8440577e-02  -3.3515275e-01   1.1999882e-01  -8.9910959e-02  -4.9794091e-01   4.8416304e-02  -3.3144218e-01  -3.2598182e-01   0.0000000e+00  -2.3648227e-01   8.6486892e-02  -4.0611985e-01  -3.0586454e-01   1.0296463e-01  -4.3085479e-01   1.0849578e-01   1.8956806e-01  -8.2575286e-02   5.3678287e-01   1.0740720e-02   4.6678319e-01  -1.8060889e-01   5.8209885e-01  -1.5333531e-01  -2.0063604e-02  -2.8271792e-01   1.4098080e-01   1.0648074e-01  -4.3806185e-01   3.8426853e-01  -2.2612136e-01  -1.2905856e-01   2.0808950e-01  -1.0905556e-01  -3.9826865e-01  -2.7460200e-01   8.5075836e-02  -2.3882884e-01  -1.2118903e-01  -3.8701190e-01   4.2777986e-01   1.5313875e-01  -2.5647824e-01  -2.2572147e-01  -2.6355936e-01  -8.9627974e-02   1.4125827e-01  -3.4224291e-01  -1.8624825e-01   1.2297577e-01   3.0636640e-03   4.1166609e-01   7.2927087e-02   3.4992686e-02   2.0303301e-01   8.3229574e-02  -4.9183522e-01   4.0434416e-02  -1.2945092e-01  -1.5027524e-01  -8.3650529e-02  -1.2828225e-01  -3.3850938e-02   3.7595276e-01   1.6495682e-01  -5.1117269e-01   4.6534091e-02  -3.5204326e-01   4.1329317e-01  -2.2716953e-01   1.2679107e-01   2.4126906e-01   2.1625192e-01  -3.7586656e-01  -1.0499862e-01   1.4426562e-01  -8.5257850e-02  -3.5326336e-01   4.6978030e-01   2.6519459e-01   1.9648667e-01   3.5679831e-01   4.5901335e-01  -1.9303456e-01   5.3339738e-01  -1.7276703e-01  -1.2895505e-01  -3.6009352e-01   6.0648498e-02   2.3278955e-01  -3.8187839e-01  -1.1583812e-01   1.0885699e-01  -1.9213589e-01   3.8307837e-02  -2.3138160e-02   1.5020619e-01   1.3389158e-01   3.2764282e-02   1.0310338e-01   1.5968958e-02  -4.0192765e-01   2.7291399e-01  -3.6700544e-01  -3.2051056e-01  -3.5074165e-01   2.9431728e-01   6.8962901e-02   4.0726831e-01   2.8259789e-01  -1.2342489e-01   1.4363972e-01  -3.5005826e-01  -7.9592322e-02   1.1286991e-01   5.6867508e-01  -3.2406188e-01   6.6053042e-02  -8.1004278e-02   4.2213667e-01   5.8996697e-01  -3.3025989e-01  -2.7250717e-01   1.5436270e-01  -1.3700618e-01  -3.3250193e-01  -2.9190724e-01  -1.0003031e-02  -3.0991490e-01   1.0100692e-02   2.6660998e-01  -1.1264418e-01   3.4164189e-01   2.7904661e-01   1.3109578e-01   5.2956480e-01  -1.4676838e-01   2.6355136e-01  -1.9367930e-01  -1.6827723e-01  -1.0329619e-01  -4.7921937e-01  -1.0920262e-02  -1.3756158e-01  -2.9519149e-01   5.6795555e-01   8.3836070e-02   3.8939654e-01  -1.0099900e-01  -2.4424163e-01   4.4644925e-01   4.0831538e-01  -1.5891433e-01  -1.7537613e-01   9.8634206e-02  -1.1842895e-01   1.8333630e-01  -3.1422958e-01   1.9670134e-01   2.3473494e-01  -1.9990964e-01  -1.2350234e-01   5.7165060e-01   4.4972603e-01  -3.2676309e-01  -6.8837943e-02   2.2845636e-01  -5.9435098e-02   7.8683477e-02  -1.1382026e-01  -3.2372622e-01   1.1144433e-01
