   0.0000000e+00  -2.0380989e-01   8.3166192e-02   1.6207490e-02  -7.1618203e-02   7.8873822e-03  -2.8420987e-01  -1.0863944e-01  -9.5271771e-02  -1.2849925e-01  -1.3071255e-01  -2.5510760e-01  -1.4577907e-01   2.7742472e-01  -3.1665525e-02  -9.3032177e-02   8.7973957e-02  -3.4851282e-02   9.9118983e-02  -1.0897664e-01  -2.0013039e-02   2.8217882e-02  -2.0377873e-01   6.3788944e-01   2.5704927e-02  -8.3512734e-04  -2.0260603e-01   4.3710945e-01   3.3813712e-02  -2.5725600e-01  -4.3659181e-02   1.9271002e-01   1.6991664e-01  -1.7490172e-01  -4.3439551e-01  -1.7087453e-01  -1.9174762e-01   4.6434227e-01  -1.6318555e-01  -2.5963541e-02   2.2394260e-02   4.1527292e-01  -3.9448382e-01  -1.5390283e-01  -2.7689048e-01   3.7544680e-01  -1.9370684e-01  -2.6799610e-01  -2.4851218e-01   2.4255390e-02  -9.8995279e-02  -1.0848532e-01  -2.9142339e-02   3.6201145e-01   6.0291769e-02   5.3014688e-02   3.1557134e-02   1.3065082e-01  -7.1370969e-03  -3.7682902e-01   2.2744174e-01  -1.8830468e-01  -6.0763308e-02   1.0812663e-01  -1.7333737e-01  -1.9103425e-01   1.6675592e-02   5.7763423e-02  -1.1486061e-02   3.4710684e-02  -1.2901292e-01  -1.0379016e-01  -5.6900032e-02   6.0443239e-01   2.9039732e-01   1.5061227e-01   3.3057805e-01  -2.7181364e-02  -5.0725384e-02   2.7883824e-01  -2.3904690e-01   3.5008181e-02  -1.1234915e-01   6.7193413e-02   5.3929165e-01   1.7710741e-01  -1.9471786e-01   6.3019954e-01  -1.0458810e-01   7.4229479e-01  -3.8798457e-02   2.4818355e-01  -1.5442781e-01  -2.6441856e-01   3.9930543e-01  -6.9847337e-03   2.2684349e-01   9.1061331e-02  -3.4104977e-02  -5.5329604e-02   1.3116731e-01  -7.4810948e-02  -1.1226258e-01  -2.6850727e-01   1.0899556e-01   6.2251514e-02   2.9043205e-01  -3.8535501e-02  -2.7210887e-01  -1.2113688e-01  -2.1473714e-01  -8.7344534e-02  -1.3419137e-01   7.2965622e-01   4.1288205e-01  -9.7533642e-03  -7.6006157e-02  -4.5967629e-02  -7.5683739e-02   1.0002630e-01   6.1384895e-01  -3.7198858e-03  -2.3360044e-02  -1.1424842e-02   6.5339612e-01   2.0453360e-01  -2.4296528e-01   2.2198819e-01   1.0605939e-01  -9.7975100e-02  -3.2360180e-02  -2.1205130e-01  -4.9497589e-02  -3.5534731e-02   1.0163438e-02   1.4223548e-01   2.6102101e-01  -3.5210513e-02   7.7606501e-02   7.0886025e-01   7.3107970e-01  -2.7912636e-01   5.9057298e-02  -1.0575373e-01  -1.2489343e-01  -4.8482061e-02  -2.3651447e-01  -6.7625038e-02  -1.9563449e-01  -9.3497323e-02   6.7744807e-01  -1.6810664e-01   6.8348850e-01  -1.5657845e-01  -6.7477571e-02   5.0034703e-01   3.7111921e-01  -2.2455535e-03   2.3066030e-01  -1.0031665e-01  -4.0193340e-02  -1.4273559e-01  -7.3979963e-02  -3.3206383e-01   7.4016728e-03  -1.3522036e-01  -3.3689434e-01   6.9858728e-02   7.0226269e-01  -1.2502263e-01  -2.2941880e-01   5.4995765e-01  -1.2668059e-01   1.2985722e-02   2.6218906e-02   1.5089771e-01  -1.3201106e-01
  -2.0380989e-01   0.0000000e+00   2.2786634e-01  -2.8463581e-01   5.8182362e-01  -2.5289097e-01   3.4969972e-01  -2.5223173e-01   4.7817474e-01   3.8745131e-01  -3.4954159e-01   6.1036296e-01   1.1921893e-01  -3.2376748e-01  -3.0198706e-01  -1.9845510e-01   2.0917116e-01  -3.6842811e-01  -1.2409697e-01   3.8109800e-01  -2.9873511e-01  -3.4511591e-01  -4.6826286e-03  -1.8983305e-01  -3.8253540e-02  -3.9466952e-01   4.3026539e-01  -4.0726604e-01   2.7218267e-01  -1.2913463e-01  -2.2066192e-01  -2.8758052e-01  -2.4390788e-01   3.9423730e-01   1.8562217e-01   1.8146319e-01   3.6696976e-01  -2.7976323e-01  -1.4269592e-02   5.5356731e-01   5.8394214e-02  -4.6830686e-02   1.7660984e-01  -4.1942421e-01  -2.7204644e-02  -2.8898722e-01  -3.2654412e-01   2.4770700e-01   2.7428519e-01   5.0804588e-01  -2.5594060e-01  -3.1454264e-01   7.7226320e-01  -7.4336029e-02  -4.0717849e-01  -3.5201212e-01  -6.4771432e-02  -2.8588083e-01  -2.7476785e-01  -9.0902447e-02  -4.3658751e-01   3.6068643e-01   6.5113637e-01  -1.2591423e-01   2.9490188e-01  -5.6095570e-02  -9.0811825e-03   2.1717431e-01  -3.2601796e-01   1.1880138e-01   8.1536057e-01  -4.8798253e-01   2.3887396e-01  -2.2666438e-01   1.0061225e-01  -2.7524102e-01  -4.1530309e-01  -3.1163039e-01   5.7869339e-01  -1.8640176e-02  -1.8870339e-01   6.1794683e-02  -5.2871698e-02  -3.2366542e-01  -1.5883038e-01  -2.5192156e-01   6.5531789e-01  -2.2253005e-01   5.1557884e-01  -1.3846324e-01   6.7202228e-01  -3.8815545e-01   4.2933027e-01  -2.4291262e-01  -4.4012395e-01   4.4362736e-01   7.1986040e-03  -1.8945297e-01  -9.2663726e-02  -2.8835448e-01  -2.2129324e-01  -4.7904459e-01  -5.1784051e-01   2.5345051e-01  -4.3398040e-01  -3.8878943e-01  -1.9856370e-02  -2.8301520e-01   2.7047571e-01   9.2325462e-02   2.8429342e-01  -3.9419629e-01  -2.6677847e-01  -1.6731915e-01  -3.6535981e-01   6.7855950e-01  -3.7358073e-01   6.2946331e-02  -4.3922292e-01  -3.5677622e-01  -2.4007549e-01   5.0908587e-01   5.4081477e-01   2.5065522e-01  -2.3337428e-01  -3.8627895e-01   4.2373383e-02   2.2312898e-01  -3.1109526e-01   4.5685866e-01   1.4035236e-01   3.8184030e-01   7.9425700e-02   3.2597094e-01  -8.7562405e-02  -4.7386548e-01   8.8006041e-02  -1.8474908e-01  -3.3002454e-01  -1.6818421e-01  -1.2588074e-01   1.4989233e-01  -4.9889968e-01  -2.9518217e-01  -1.0911522e-01  -4.7330594e-01   3.7165454e-01  -2.3971362e-01   4.2392849e-03  -1.9882306e-01  -3.6191803e-01  -3.8332686e-01  -2.1790646e-01   3.2077808e-01   6.3541894e-01  -1.1024867e-01  -4.3722736e-01  -8.5774568e-02  -3.3377964e-01  -4.4441300e-01   1.9655463e-01  -4.5796181e-01  -8.4311126e-02  -4.2215980e-01  -1.6798277e-01   4.9316861e-01   7.9238815e-02  -3.9224469e-01  -2.8698526e-01   6.4678100e-01   5.2040838e-01  -2.7998443e-01  -2.8861451e-01  -1.1227704e-01   1.2300499e-01  -2.2087645e-02  -2.9833202e-01
   8.3166192e-02   2.2786634e-01   0.0000000e+00   1.0870865e-01   1.5968664e-01   2.7650990e-01  -1.2133108e-01  -1.1606360e-01   3.3152990e-01   3.7482811e-01  -2.1651165e-01   3.9845050e-01   1.8846989e-01  -1.0085820e-01   1.4211534e-01   3.5839118e-01   7.1388152e-01  -5.5160931e-02   2.4839426e-02   2.7329279e-01  -2.1062680e-01   1.2540161e-01  -1.9858426e-01  -1.0978539e-01   1.8905768e-01  -5.9834961e-02   1.7720474e-01   6.3538267e-02   1.0181796e-01  -4.5961598e-02  -2.0320908e-01   7.8489405e-02   3.4868693e-01   2.0135717e-02  -1.9176274e-01   1.3687105e-01  -2.8801237e-01  -1.3184003e-01   2.1380068e-01   3.1108618e-01   1.8271355e-01   4.4847018e-01   2.2495245e-01  -4.7585623e-02  -2.3186664e-01   3.1681540e-01   8.3200363e-02  -3.1122963e-01   1.0132728e-01   5.4295910e-01  -2.0751496e-02  -2.2352689e-01   3.5024925e-02   4.1005339e-01   2.4826709e-03  -4.8383004e-02   5.2942290e-01   1.4050976e-02   4.7224437e-02   2.4439854e-01   1.9647803e-01   1.6853506e-02   4.8687375e-01   6.1823390e-02  -3.8259466e-02   2.5697691e-02   2.0445453e-01   1.4680785e-01   1.0188370e-01   6.1313248e-01   1.0898112e-01  -1.3097552e-01   7.0109513e-02   4.3843592e-01   1.9723773e-01  -1.2221389e-01   6.1955993e-02  -4.4933761e-02   2.1341246e-01   3.1251444e-01  -1.0245447e-01   1.1736625e-01  -3.1215518e-02   1.5278229e-01   4.7809265e-01  -1.6782311e-01  -1.5604934e-01   8.4902944e-02   1.7672923e-01   4.9725317e-03   2.4289456e-01   3.6216039e-01   2.2423955e-01   9.1209548e-02  -1.3727155e-02   3.4086841e-01   3.3250723e-01   1.0761915e-01   8.1017721e-02  -1.6325030e-01   2.7530159e-02  -1.3794626e-01  -1.9834825e-01   9.9148678e-02  -1.6643071e-01   3.3860548e-02   2.8778146e-01   1.2523702e-02  -2.2618268e-01  -4.7263009e-02   1.3685432e-01   8.5971113e-03  -3.7245931e-03   7.1621862e-02   9.3061101e-02   9.8508315e-02  -1.0232099e-01   8.9727172e-02   2.3971224e-01   8.2242538e-02  -1.7773411e-01   3.2076148e-01   5.8219337e-01  -7.9750861e-02  -3.3972043e-02   1.3952289e-01   1.0362870e-02   2.5076713e-01  -7.4442831e-02   6.6010601e-01   1.9752080e-01  -2.9195267e-01   3.6966786e-01  -1.1766096e-01   2.6754097e-01  -1.0239225e-01   3.3286777e-01  -1.3826715e-01  -4.5076991e-02  -8.6324146e-02   2.0723149e-03  -1.7346979e-02  -1.0829534e-01   3.3571690e-01   5.8099898e-02  -3.1137421e-01   7.1881563e-02   1.8977654e-02  -8.7463348e-02  -2.7182669e-01   2.1980667e-01  -1.7685757e-01   1.2831730e-01  -1.6736585e-01   6.9677490e-01  -2.5327117e-01   3.8828033e-02   7.2632286e-03   2.4896139e-01  -1.8039232e-01   1.7388600e-01  -1.2507611e-01  -2.8363083e-02  -7.2860043e-02   1.2160372e-01  -7.3969227e-02  -1.5648835e-01   7.3277734e-02   2.2473185e-01   7.2265493e-02   6.6971711e-02   1.1198326e-01  -5.9350206e-02   5.7154714e-01   1.1269804e-01   3.1137688e-01   1.1289026e-01
   1.6207490e-02  -2.8463581e-01   1.0870865e-01   0.0000000e+00  -8.3675349e-02   5.5496945e-01  -7.7991865e-02   2.7189208e-01   1.3771361e-02  -9.3413398e-02  -2.4615333e-02  -1.4172587e-01  -1.7807748e-01   2.1078531e-01   5.9097520e-02   3.0437931e-01  -2.4227478e-02   3.1190869e-01   1.5981155e-01   1.5221167e-01   8.8066164e-02   6.2926667e-01   1.0792226e-01  -8.2745891e-02   2.4042250e-01   3.7921447e-01   7.5311382e-02   3.1592614e-01  -1.2500678e-01   1.5959179e-01  -1.2812573e-01   6.5518580e-01   2.9236747e-01  -1.3664223e-01  -1.7975219e-01   2.4697066e-01  -1.1998662e-01  -8.7855869e-02   1.3106726e-01  -1.6020482e-01  -1.1717399e-01   1.0221755e-01  -1.1437020e-01   2.1922815e-01   1.2277650e-01   1.3910525e-01   5.5340804e-01  -2.4781716e-01   1.5068623e-01  -2.4071706e-01   5.1943345e-01   2.3896845e-01  -2.8425806e-01   5.1018091e-02   1.7564701e-01   5.9746207e-02   2.2824378e-01   6.1552643e-01   4.5081822e-01   1.6108223e-01   2.4475777e-01   1.0552618e-01  -9.4676872e-02  -1.6516277e-01  -6.5407168e-02   1.5369981e-01   4.4420030e-01   1.7602537e-01   5.5992001e-01   1.8280915e-01  -3.4882888e-01   5.4201821e-01  -2.1868097e-01   1.4743397e-01  -6.5909546e-02   2.4058258e-01   1.0088444e-01   3.4356872e-01  -5.3362222e-02   1.1613948e-01   1.1747570e-01  -2.9962487e-02  -1.1801860e-01   4.5193685e-01   7.0539072e-02   1.1319084e-01  -3.6208531e-01   1.3326724e-01   1.2626125e-01  -5.5429962e-02  -2.3220934e-01   1.8955400e-01  -8.8298546e-02   2.9026022e-01   4.1767590e-02  -1.1934752e-01   2.9628390e-01   4.4020168e-01   3.2121265e-01   4.6173864e-01  -1.5616715e-01   3.4695170e-01   2.8355061e-01   1.3894790e-01   5.8790971e-01   6.9407981e-01  -4.0269140e-02   5.6128929e-01  -2.0338360e-01  -7.0634905e-02  -1.1537981e-01   5.8824000e-01   5.8758204e-01  -3.1942127e-02   7.9503869e-02  -2.0558537e-01   2.6805554e-01  -2.0090790e-01   2.5811359e-01   7.5776716e-01  -1.1326328e-01  -1.2516389e-01  -9.4978765e-02  -1.2107803e-01  -1.2318330e-01   3.8567921e-01   1.0832817e-01  -1.6034526e-01   4.8862178e-01  -2.0003998e-02  -1.1051715e-01  -2.7476390e-01   2.7469167e-01  -2.1886586e-01   5.2967960e-01   2.8631744e-01  -1.2525795e-01  -5.6673278e-03   3.1567091e-01  -7.0615011e-03   7.8294940e-02  -6.4679609e-02   3.6626259e-01   2.3163903e-01   4.2830093e-02   2.7451315e-01  -1.4406542e-01   2.3881250e-01   1.1132343e-01   4.8522392e-02   7.0400429e-02   1.1198849e-01   8.2020426e-02  -2.9099553e-01  -1.6904346e-01  -1.5786722e-01   1.0971865e-01   2.3383622e-01   1.8047216e-01   4.5569492e-01   7.6311999e-02   2.9453681e-01  -9.6083951e-02   4.2697486e-01   6.0743769e-01  -2.4927112e-01  -1.4914136e-01   4.4394573e-01   2.6440543e-01  -4.1912140e-01  -1.4685653e-01  -9.5391005e-02   4.5350970e-01   2.8895560e-01   1.5631264e-01   2.1141792e-01   6.8782676e-01
  -7.1618203e-02   5.8182362e-01   1.5968664e-01  -8.3675349e-02   0.0000000e+00   1.0897823e-02   2.9680839e-01  -1.9994031e-01   1.5444792e-01   2.0728411e-01  -2.7523023e-01   5.2542309e-01   2.0489234e-01  -3.2949323e-01  -2.0577430e-01   9.0946458e-02   2.8803491e-01  -1.5884763e-01  -1.6485338e-01   8.3025615e-01  -3.8349823e-01  -1.6633664e-01   4.9354619e-02  -1.2793529e-01   1.7238010e-02  -3.7440448e-01   6.8036528e-01  -2.0701930e-01   4.9191579e-01  -9.5768642e-02  -3.6194985e-01  -2.4486030e-01  -6.2008541e-02   2.6787715e-01   2.3392802e-01   6.9088954e-01   2.5727659e-01  -1.1748209e-01   2.4313274e-02   6.6180691e-01   5.3067875e-02   2.5139160e-01   2.5689356e-01  -2.8861968e-01   3.7195242e-01  -2.1656421e-01  -3.8895648e-03  -6.2762998e-02   5.2241255e-01   5.7852069e-01  -1.0360367e-01  -2.8875513e-01   4.5728142e-01   1.8102932e-01  -3.7865643e-01  -2.6193646e-01   1.6055507e-01  -2.8634473e-01  -7.1351288e-02   2.8019658e-02  -2.7981154e-01   7.1139435e-01   5.3495250e-01  -3.0628775e-01   1.4012842e-01   1.8741542e-01   3.0588098e-01   4.1342743e-01  -2.1578843e-01   1.7800281e-01   4.8832158e-01  -2.6896612e-01   2.0726286e-01  -1.3751294e-01   2.4027815e-01  -5.2774908e-02  -3.5045835e-01  -2.2739133e-01   7.6208527e-01   2.6873649e-01  -1.7475178e-01   1.5807502e-01  -3.2187892e-01  -2.0322093e-01  -1.4032192e-01  -1.2256410e-01   1.3991754e-01  -2.4216415e-01   4.0283183e-01  -1.4962874e-02   7.3207578e-01  -2.9882711e-01   3.5226433e-01  -1.0381448e-01  -3.8178040e-01   7.6016126e-01   3.9590022e-01  -2.0760990e-01   4.7616365e-01  -1.3144227e-01  -4.3398765e-01  -2.0535601e-01  -3.0883194e-01  -1.6669158e-01  -2.8842799e-01  -2.7110616e-01   1.7016712e-01  -1.9099215e-01   2.8534931e-01   1.9865549e-01   1.2451108e-01  -2.7651645e-01  -4.5800853e-02  -1.5624665e-01  -2.7053499e-01   6.9025817e-01  -3.1315966e-01   1.1569730e-01  -4.0230793e-01  -2.3294381e-01  -2.7680290e-01   8.1082998e-01   5.8278276e-01  -1.0503358e-01  -9.7795438e-02  -3.2140989e-01   3.2982715e-01   3.4010447e-01  -2.8141222e-01   3.0751024e-01   2.6215313e-01   3.6269801e-01  -3.9562636e-02  -1.0361993e-01  -9.7337940e-02  -1.4352670e-01   3.8283392e-01  -2.9568642e-01  -2.2712317e-01   1.9565925e-02   2.4937614e-03   1.3972262e-01  -2.5430661e-01  -3.3662394e-01  -9.1200885e-03  -3.2409344e-01   1.9734040e-01   1.3584587e-01   2.2496531e-01  -1.9612884e-01  -2.3846416e-01  -3.9129190e-01  -1.5401804e-01   8.2652486e-02   4.6970274e-01  -7.6846487e-02  -4.3020897e-01   1.5223414e-02  -1.9894229e-01  -1.9663829e-01   4.0178565e-01  -2.2220970e-01  -7.5141734e-02  -2.7476872e-01  -2.7539936e-01   5.8826180e-01   3.3534966e-01  -3.1674028e-01  -8.7691977e-02   4.8592713e-01   6.8206436e-01  -1.9234185e-01  -3.1750085e-02  -3.3338540e-02   1.6750501e-01  -9.0430326e-02  -2.0644905e-01
   7.8873822e-03  -2.5289097e-01   2.7650990e-01   5.5496945e-01   1.0897823e-02   0.0000000e+00   2.6436586e-02   1.6683528e-01  -5.1994241e-02  -6.2970385e-02  -1.0539578e-01   9.0572970e-02  -8.3489940e-02   8.7603594e-02  -4.7115739e-02   4.1192861e-01   6.7495761e-03   1.6826096e-01   4.1377200e-01   2.6315974e-01  -1.5547294e-01   7.5940927e-01   1.1757084e-02   7.7092781e-03   1.6123072e-01   3.4030420e-01   2.5835772e-01   4.1229931e-01  -9.9868596e-02   7.4531135e-02  -4.4271324e-01   4.5672780e-01   2.1931463e-01  -4.8383134e-02  -2.2254455e-01   3.7040881e-01  -3.9859346e-01  -1.5231720e-01   1.3329289e-01   5.0882610e-02  -1.2705239e-01   1.1583113e-01   7.8167699e-02   1.0780563e-01   5.9510082e-02   1.8774490e-01   5.2836941e-01  -4.7426743e-01   1.9789573e-01  -6.7702407e-02   4.1662100e-01   1.2743566e-01  -4.1439765e-01   6.5022428e-02   1.1612562e-01   9.8866160e-02   6.5349004e-01   5.3517920e-01   2.1464371e-01   3.1776381e-01   1.6091278e-01   1.1083097e-01  -1.4445466e-01  -3.1605132e-01  -2.5651268e-01   4.8139511e-01   6.9452860e-01   1.1377397e-01   6.7640738e-01   5.6276589e-01  -4.4741532e-01   3.0605209e-01  -1.5675875e-01   4.0183903e-01  -1.6372339e-01   2.1336955e-01  -6.9015053e-02   3.0005929e-01   4.0479428e-02   2.8367377e-02   1.2091229e-01   8.7870110e-02  -2.1868819e-01   5.4522995e-01   3.2953762e-02   6.7860623e-02  -5.6926328e-01   1.8138807e-01  -4.3493277e-02   2.2675008e-02  -3.1610208e-01   1.0195011e-01   1.1767918e-01   2.3597534e-01  -1.0405113e-01  -9.0765288e-02   3.2331872e-01   4.6173070e-01   3.4351953e-01   4.1365925e-01  -3.4817081e-01   3.5052639e-01   1.3156017e-01   1.7306309e-02   4.8411210e-01   4.8271174e-01  -1.2443570e-01   6.1035247e-01  -3.8518468e-01  -6.7917767e-03   3.4885115e-02   6.9573192e-01   3.2059642e-01  -8.1028753e-02   2.2786104e-01  -3.3052732e-01   2.5456228e-01  -1.6048859e-01   3.5753239e-01   6.3634461e-01  -2.5395792e-01   2.2324342e-03   5.6932867e-02  -3.3759876e-01  -1.8101421e-01   6.7431948e-01   1.3929541e-01  -1.0452086e-01   2.9853568e-01   2.8944765e-01   2.7965762e-02  -3.9649719e-01   4.1827803e-01  -4.6213648e-01   4.0306167e-01   1.4269149e-01  -6.0779832e-02  -6.8240055e-02   8.9105586e-02  -1.1589112e-01  -4.1997245e-03   6.5872670e-02   4.5577704e-01   5.4283361e-01  -1.4153589e-02   9.6140203e-03  -1.2697995e-01   4.3304145e-01   4.2713261e-01  -1.8485399e-01   7.6443201e-02  -5.2976009e-02   7.4401075e-02  -4.1388646e-01   9.8516004e-02  -2.4918868e-01  -5.1291447e-02   7.9038132e-02   1.2291936e-01   5.1666108e-01  -3.6623078e-02   1.5501429e-01  -1.5365437e-01   2.3769033e-01   5.4330469e-01  -9.5150977e-02  -3.7761590e-02   5.3588655e-01   2.2397167e-01  -5.6484754e-01  -7.2835141e-02  -2.1046907e-01   4.4311254e-01   6.9014194e-01   9.5875023e-02   4.7684633e-02   5.7708567e-01
  -2.8420987e-01   3.4969972e-01  -1.2133108e-01  -7.7991865e-02   2.9680839e-01   2.6436586e-02   0.0000000e+00  -1.7748840e-01   2.8230146e-01   5.6796453e-01  -9.3629403e-02   6.2752060e-01  -7.8318120e-02  -1.4261250e-01   7.9110401e-02  -2.9271537e-02  -3.8501973e-01  -1.0825543e-01  -9.6732453e-02   3.4593093e-01  -2.5164023e-02  -1.5168415e-01   6.2144174e-01  -3.2363627e-01   8.5947158e-02  -3.4697037e-01   3.4963256e-01   4.3992475e-02   1.4127090e-01   1.4164513e-01  -2.1635094e-02  -3.3806903e-01  -2.3765200e-01   8.8790606e-01   4.6679604e-01   3.3141751e-01   1.5071007e-01  -4.1585584e-01  -1.9714442e-01   4.2253800e-01  -1.9795689e-01  -2.2526411e-01   2.9414596e-01  -1.5528817e-01   2.5314889e-01  -5.0990894e-01  -1.3438634e-01   4.1887257e-01   2.2317802e-01   6.2230035e-02   6.7643125e-02  -1.5766987e-01   3.5579225e-01  -1.5610014e-01  -2.5761999e-01   7.9671316e-02   8.9498381e-02  -2.1096270e-01  -2.0227357e-01   1.9048970e-01  -4.9529620e-01   5.2704420e-01   9.2778879e-02  -2.0878017e-01   4.3822027e-02   3.5865090e-01   1.1376104e-01   2.3798258e-01  -2.7984991e-01   2.0307418e-01   4.4573213e-01  -1.7214931e-01  -8.3341326e-02  -3.7417417e-01  -1.8594825e-01  -1.1788223e-01  -3.6433713e-01  -1.4251679e-01   5.4427414e-01  -2.7579304e-01   5.6774119e-01   1.7770475e-01  -1.2077935e-01  -3.4755642e-01  -4.3492221e-01  -8.5505240e-02   2.8469587e-01  -3.3378355e-01   2.4818413e-01  -3.6765511e-01   1.7946413e-01  -5.3932345e-01   8.1707739e-01   1.2744164e-01  -4.9644999e-01   3.0872494e-02  -9.3632150e-02  -2.8378285e-01   9.1514727e-02   3.2743531e-01  -1.1896571e-01   1.0464828e-02  -2.9747397e-02   1.8558319e-01  -2.2101083e-01  -2.2021743e-01  -3.7834576e-01  -1.8848565e-01   5.1281561e-01   1.2114006e-01   7.7760949e-01  -1.4232857e-01  -2.6542558e-02  -4.0270648e-01   1.8714871e-01   2.6212747e-01  -2.4441189e-01   2.6593203e-02  -8.1011863e-02  -1.9613764e-01  -4.0414299e-01   2.4453908e-01   2.3860582e-01   8.1219992e-02  -3.6955370e-01  -2.2977225e-01   3.4977250e-01  -2.5664758e-01  -2.4613299e-01   2.0906449e-01  -8.1458792e-03   4.7049965e-01  -1.3173441e-01   2.7584647e-01  -1.1249858e-01  -1.0619130e-01  -2.2623274e-01   2.3548734e-01  -2.1369399e-01  -1.8522471e-01  -1.4224854e-01   1.5928429e-01  -1.6004795e-01   8.8142590e-02   4.2346690e-01  -3.8732761e-02   8.7095127e-01  -1.1020827e-02   5.0968561e-01   4.8534725e-02  -3.5082725e-01   1.9048750e-02  -3.8308411e-01   3.2857091e-02   2.1204393e-01  -2.3993237e-01  -4.4654133e-01   1.6662086e-02  -5.4577875e-01   2.1711948e-01   2.0223150e-01  -9.7413613e-02  -9.7000261e-02  -8.6416589e-02  -2.9373009e-01   5.9974301e-01   2.8061531e-01  -2.8109621e-01  -5.0679378e-01   2.3408382e-01   5.8040493e-01  -5.6642468e-01   5.7038072e-02  -5.0926693e-02  -3.3508758e-02  -9.6313674e-02  -1.5108505e-01
  -1.0863944e-01  -2.5223173e-01  -1.1606360e-01   2.7189208e-01  -1.9994031e-01   1.6683528e-01  -1.7748840e-01   0.0000000e+00  -1.0612330e-01  -3.4721501e-01   4.0460608e-01  -2.2677906e-01  -9.9130056e-02   2.2771289e-01   5.0114484e-02   1.1723672e-01  -1.4837557e-01   2.4706981e-01  -7.4113403e-02  -1.8364775e-01   1.9402656e-01   3.2885520e-01  -1.6201192e-01  -1.7679417e-01  -2.9773303e-02   7.9813022e-01  -1.2994059e-01   1.9888768e-01  -3.7172701e-02   2.5541633e-01   1.8406754e-01   2.8601269e-01   1.3033550e-01  -1.7736301e-01  -1.1868807e-01  -4.8177878e-02   6.1875827e-02   5.6409275e-02   2.2023924e-01  -3.3594437e-01   8.7271690e-02  -1.3852192e-01  -6.1122551e-02   6.7554132e-01   7.8819720e-02   7.3291746e-02   3.6889110e-01   4.0787538e-02  -1.2476130e-01  -2.6035873e-01   1.5201702e-01   8.7138413e-01  -1.5639116e-01  -7.2521708e-02   7.9412483e-02   3.1935296e-01   6.6717329e-02   2.8277319e-01   5.1630418e-01   9.1498793e-02   3.7761003e-01  -1.2477450e-01  -3.4262524e-01   1.5033126e-01  -4.4747858e-02   6.9037709e-02   9.5153054e-02  -1.1647352e-01   4.3136945e-01  -1.0620734e-01  -1.9599594e-01   1.5845175e-01   7.4555748e-02  -1.7459351e-01   7.3586236e-02   2.7425634e-01   3.4640141e-01   6.5048754e-01  -2.8522932e-01   5.2208737e-02   1.9929929e-01  -2.4787373e-01   8.9396868e-02   6.5554583e-01  -1.8149434e-01   2.3470304e-01  -2.1314105e-01  -8.1100246e-02  -2.9873070e-01  -2.0704886e-01  -2.9120030e-01   2.0205441e-01  -3.1217996e-01   2.7429091e-01   2.4539330e-01  -2.5235960e-01  -2.2776905e-03   1.8932168e-01   1.5257191e-01  -6.4953177e-02   6.0807809e-02   4.0610299e-01   5.1560642e-01   2.0871847e-02   2.3221772e-01   4.7395193e-01  -1.5865615e-01   6.1097552e-01   2.4049745e-03   6.3943786e-02  -1.3463355e-01   2.6380234e-01   1.0813073e-01  -2.4605484e-01  -9.0277977e-02  -1.1667302e-01   6.1403896e-01  -1.0065765e-01   2.1041736e-01   2.3095188e-01  -1.1042633e-01  -2.9495362e-01  -2.5179178e-01  -3.8652668e-02  -3.4370186e-02   1.4105488e-01   7.3488777e-03  -7.3410494e-02   1.9363469e-01  -2.1795010e-01  -6.9096636e-02  -1.9241773e-02  -4.9359580e-02  -8.4268185e-02   4.8700336e-02   5.8695540e-01  -1.5704125e-01   1.8329557e-01   6.2995620e-01  -2.3643277e-01  -2.1416576e-01  -1.0321697e-01   4.0481840e-01   4.1169744e-02   2.0755459e-03   4.5388332e-01  -3.0588131e-01   1.9915833e-01  -5.7370482e-02   1.2609197e-01  -3.9480115e-02   4.3964700e-01   1.8470721e-02   9.9052946e-02  -3.2066031e-01  -1.9240825e-01   1.6647201e-01   3.2317719e-01   1.6987767e-01   3.6826145e-01   6.4264659e-02   4.6887473e-01  -6.9342928e-03   4.1037789e-01   3.0888344e-01  -2.7468983e-01   9.2321441e-02   3.7379344e-01  -1.7370882e-02  -1.5848210e-01  -1.7879809e-01   6.2607652e-03   7.7844105e-02  -1.2414560e-01   2.2447603e-01  -2.1558225e-01   4.3783192e-01
  -9.5271771e-02   4.7817474e-01   3.3152990e-01   1.3771361e-02   1.5444792e-01  -5.1994241e-02   2.8230146e-01  -1.0612330e-01   0.0000000e+00   4.6009393e-01   2.4319118e-02   3.4861517e-01   1.6067147e-01  -7.4306926e-02   9.1652079e-02   1.9178142e-01   6.1842701e-02   1.3556205e-01  -7.3122088e-02   2.0495873e-01  -7.1822344e-02  -8.5071646e-02   1.6709943e-01  -2.8049127e-01   9.4895266e-02  -1.4238318e-01   1.7696170e-01   9.9550068e-03   9.5295766e-03   2.5004065e-01   8.6797788e-02   2.1205359e-02   1.8766447e-01   4.0817779e-01   6.4156391e-02   1.2927231e-01   7.2603449e-02  -2.0808956e-01   2.0841807e-01   1.7269058e-01   2.4895264e-01   1.4024238e-01   2.5858238e-01  -1.3492931e-01   3.8842291e-02  -8.1507492e-02  -2.7248191e-02   1.7137075e-01   7.9245490e-02   1.3719729e-01   1.7226353e-01  -2.0205350e-01   4.2265301e-01   5.0348337e-02  -1.4165766e-01   1.7075182e-02   7.3662653e-02  -1.2555404e-02   1.3387733e-01   6.2745944e-02  -1.3977823e-01   2.7177312e-01   4.1419998e-01   2.5319609e-01   4.4009982e-01   1.1189689e-01  -1.4628817e-02   3.6724240e-01  -7.8601452e-02   9.2040516e-02   4.0889678e-01  -3.5252534e-02   2.8815647e-01  -1.3510813e-01   4.2628553e-02  -1.2360030e-01  -7.5505323e-02  -9.4894337e-02   3.4953738e-01   1.4317042e-01   1.2338272e-01   1.0362686e-01   7.3084985e-02  -1.3544796e-01  -2.7693828e-03  -8.8302548e-02   4.2577780e-01  -1.6366152e-01   4.7014566e-01  -1.4691783e-01   2.9399789e-01  -9.2833426e-02   3.4054822e-01   1.7190723e-01  -1.5251364e-01   9.2467982e-02   1.5882168e-01   2.9045304e-02   9.9134972e-02  -1.7609521e-02   4.5926187e-02  -1.8287711e-01  -1.7365008e-01   5.1550535e-01  -1.3058976e-01  -1.2194152e-02   1.5675337e-02  -8.1477307e-02  -1.4003493e-02  -7.3511691e-02   3.4210809e-01  -1.6286713e-01   4.7257939e-03  -9.5922240e-02  -9.5238480e-03   3.9214547e-01  -1.7263156e-01   8.0617730e-02  -2.4527716e-03   2.2569360e-02  -1.5295246e-01   1.3930459e-01   2.5196072e-01   3.8981360e-01  -1.3743490e-01  -2.3682382e-01   1.4073532e-01   1.4052600e-01   5.3720120e-02   2.4413823e-01   2.3066865e-01   2.6472475e-01   6.4858921e-02   3.5441211e-01   2.5436959e-01  -1.7153235e-01   8.3648941e-02   1.4785811e-01  -5.1287617e-02  -5.2274331e-02   2.8299429e-02   1.1078000e-01  -2.2476501e-01   5.7373298e-02   1.9505417e-01  -1.0547249e-01   3.4226121e-01  -1.0011768e-01   1.0391109e-01   1.6848980e-02  -1.4377109e-01  -7.8378202e-02  -1.2327622e-01   2.7937534e-01   3.8318951e-01  -1.8918980e-01  -6.5924016e-02   3.0278064e-01  -1.4289188e-01  -1.6108321e-01   2.4908838e-01  -8.0243447e-02   5.4941029e-02   1.5199062e-02   7.0238782e-02   1.4256426e-01  -8.7026531e-02  -1.8518913e-01  -1.5814837e-01   1.7551288e-01   1.8286288e-01  -6.7249529e-02   1.4952093e-01   1.1613854e-01   9.9881341e-02   1.2757226e-01   7.2049605e-02
  -1.2849925e-01   3.8745131e-01   3.7482811e-01  -9.3413398e-02   2.0728411e-01  -6.2970385e-02   5.6796453e-01  -3.4721501e-01   4.6009393e-01   0.0000000e+00  -2.8309848e-01   6.0899110e-01   5.2441986e-03  -1.3907170e-01   1.7489521e-01  -3.2879894e-02   4.5486347e-02  -1.4753674e-01  -1.7990200e-01   2.4399795e-01  -6.9315131e-02  -1.6532541e-01   4.1229553e-01  -2.0107718e-01   8.7211911e-02  -3.8079883e-01   1.4344415e-01   9.6640391e-02   1.5466351e-01  -2.0762514e-02   1.9305172e-03  -3.5053709e-01  -1.3856421e-01   6.9199060e-01   9.1926533e-02   6.4029022e-02  -5.7706051e-02  -3.9459770e-01  -1.0010476e-01   4.3323124e-01  -1.0986450e-01  -9.3455134e-02   3.0704192e-01  -1.4866648e-01  -1.2438088e-01  -2.9067854e-01  -3.5605604e-01   1.8443099e-01   9.4241854e-02   1.8619422e-01  -1.5418881e-01  -3.4024107e-01   4.0876426e-01  -4.1027127e-02  -1.7012010e-01   7.6797734e-02   2.4151032e-01  -3.0754450e-01  -2.3101412e-01   9.1876015e-02  -3.3664208e-01   2.7523136e-01   3.3885060e-01  -3.7556703e-02   1.7886508e-02   1.5160622e-01  -9.8762157e-02   2.7020982e-01  -3.1929330e-01   3.3475396e-01   5.1572437e-01  -3.1615390e-01  -4.6128353e-02  -1.0849557e-01  -9.7072794e-02  -3.5863754e-01  -3.1428212e-01  -2.4444750e-01   5.7072136e-01  -2.1279522e-01   3.6730229e-01   1.8861340e-01  -4.8225410e-02  -2.7489832e-01  -6.0911195e-02  -2.9014965e-01   2.3265678e-01  -1.8465684e-01   2.8229425e-01  -2.4082949e-01   3.1713796e-01  -2.8928085e-01   7.1082856e-01   3.7782547e-02  -4.2960142e-01   2.1167008e-01  -7.0009349e-02  -2.8248618e-01  -1.1443342e-01   1.3107992e-01   9.0774378e-02  -1.8313566e-01  -1.1912361e-01   1.5695707e-01  -4.3604275e-01  -2.9622403e-01  -2.1123041e-01  -3.0497603e-01   1.9668342e-01  -7.9499998e-02   6.6363659e-01  -2.5066325e-01  -1.1029704e-01  -2.4445418e-01   2.6297537e-01   3.3396423e-01  -2.6754485e-01   1.3485384e-01   1.2044956e-01  -2.2644095e-01  -3.4014044e-01   3.1057277e-01   4.5707970e-01   1.3511242e-01  -3.4954223e-01  -2.1577902e-01   1.1757475e-01  -8.0527903e-02  -3.0463525e-01   4.7756075e-01   6.9463579e-02   1.5229953e-01   3.9119802e-02   3.5198610e-01   9.8348591e-03  -2.6416987e-01  -1.2600357e-01   2.6266861e-01  -3.3099764e-01  -1.1466545e-01  -6.4668909e-02   6.3126394e-02  -4.0554017e-01   2.6172892e-01   4.3221647e-01  -2.2854555e-01   7.1848836e-01  -1.6351568e-01   1.5572473e-01  -4.9699438e-02  -1.4574870e-01   1.7414803e-02  -2.2317415e-01  -8.1184625e-02   5.3863353e-01  -2.3981425e-01  -3.5933014e-01  -1.2535663e-01  -3.8377277e-01  -9.0113749e-02   1.1552272e-01  -2.3308683e-01  -3.2510333e-02  -1.7660681e-01  -2.2773745e-01   4.3198177e-01  -1.0373285e-01  -2.8344326e-01  -3.1656531e-01   2.0792173e-01   3.5564344e-01  -3.7005306e-01  -8.2474661e-02   2.4272779e-01  -5.4357127e-02   1.8356526e-01  -1.8133398e-01
  -1.3071255e-01  -3.4954159e-01  -2.1651165e-01  -2.4615333e-02  -2.7523023e-01  -1.0539578e-01  -9.3629403e-02   4.0460608e-01   2.4319118e-02  -2.8309848e-01   0.0000000e+00  -3.0574699e-01  -3.1687002e-03   1.5641313e-01   4.3144661e-01   2.4331238e-01  -1.0629056e-01   5.5894127e-01  -3.6134386e-02  -2.1931428e-01   4.8583316e-01  -7.4156443e-02   1.3191362e-01  -1.9926783e-01  -1.9215187e-01   3.7548663e-01  -2.3330950e-01   4.6910211e-02  -2.5115378e-01   5.5115924e-01   6.1255982e-01   2.1436045e-02   3.7247016e-01  -9.0645436e-02   3.3071880e-02   8.8629527e-02   3.1564889e-02   1.4450896e-01   2.4125105e-01  -4.9895463e-01   2.1965976e-01  -1.1244283e-01   7.2484040e-02   4.9904573e-01   2.5432912e-01   4.1041143e-02   4.9763313e-01   2.9332765e-01  -1.8393072e-01  -3.2694761e-01   3.4058391e-01   4.0328609e-01  -2.2033186e-01   9.2814822e-02   2.5852704e-01   4.6972235e-01  -1.1492494e-01  -9.0452607e-02   4.6715179e-01   1.8209314e-01   2.8634235e-01  -9.1191387e-02  -3.2128589e-01   5.6218860e-01   3.3372931e-01   1.7587162e-01  -8.8477554e-02   9.3097905e-02   1.7405779e-01  -3.4033626e-01  -2.6280733e-01   3.0342914e-01   1.4117708e-01  -3.1646768e-01  -1.2731994e-02   4.4519259e-02   3.9507358e-01   3.4702494e-01  -4.5912415e-01  -3.9302236e-02   3.1563561e-01  -1.4034901e-01   4.8344098e-01   1.6618989e-01  -4.6782122e-02   7.8553351e-02  -5.7670883e-02  -2.1687067e-01  -2.3025752e-01  -2.1670361e-01  -3.5436705e-01   2.0824522e-01  -2.2886283e-01   3.2425183e-01   2.5520331e-01  -3.4336887e-01  -1.0937163e-01   7.4574162e-02   2.0510330e-01  -5.3182946e-02   3.2452520e-01   4.1308299e-01   4.6550919e-01   1.7904264e-01   7.9050225e-02   1.5835945e-01   1.0034379e-01   1.9800227e-01   1.5057409e-01   2.2267065e-01   6.0233893e-02   2.8299677e-02   1.2662666e-01  -1.7875609e-01  -7.2468887e-02  -2.4903974e-01   3.3100825e-01  -8.9891222e-02   2.9588043e-01  -5.2555864e-02   4.7320033e-02  -3.7283388e-01  -3.4993349e-01   2.7837416e-01   9.6499943e-02  -2.0241481e-01   2.2132089e-01  -5.6628343e-02   4.4402304e-02  -4.0752325e-01   2.4465406e-02   3.4492170e-01  -2.7285233e-01   1.7087154e-01  -2.4731842e-02   3.7544215e-01  -2.3033605e-01   3.8853247e-01   3.1882873e-01  -2.9263864e-02  -7.4433181e-02   8.7884290e-02   4.6920095e-01   1.0590311e-01   2.1950571e-01   5.1707389e-01  -1.3867609e-01   2.0077901e-01   1.4120733e-01   4.1623204e-01   3.2295036e-03   4.9695330e-01  -7.8800622e-02   4.4944233e-01  -5.1446989e-01   3.5358994e-02   3.3191973e-01   4.1467732e-01   1.2171203e-01   1.4257881e-01   2.0052053e-01   6.9869501e-01   4.2044541e-01   5.1769266e-01  -4.3765781e-02  -3.1042885e-01   4.0605370e-01   7.6797950e-02  -6.8219327e-02  -5.7691116e-02  -2.6006549e-01   2.4150684e-01   2.9505163e-01  -2.3554128e-01  -5.4887216e-02  -1.9880309e-01   8.1902359e-02
  -2.5510760e-01   6.1036296e-01   3.9845050e-01  -1.4172587e-01   5.2542309e-01   9.0572970e-02   6.2752060e-01  -2.2677906e-01   3.4861517e-01   6.0899110e-01  -3.0574699e-01   0.0000000e+00   1.7994430e-02  -3.9015924e-01   5.7183268e-02  -1.5912726e-02   1.2828288e-01  -3.5262364e-01  -1.5215979e-01   5.7406421e-01  -3.4949157e-01  -1.8850007e-01   1.5697061e-01  -2.5711156e-01   2.6547788e-01  -3.8477952e-01   5.0845726e-01  -1.0846893e-01   2.4207284e-01   2.8354107e-02  -3.1424300e-01  -3.6502346e-01  -2.2454107e-01   6.8628761e-01   4.0993220e-01   3.7812501e-01   7.0649606e-02  -3.3095722e-01  -1.4370682e-01   6.1126494e-01  -1.1163410e-01   1.6740571e-02   5.7507714e-01  -2.4315060e-01   2.0304672e-01  -2.0449784e-01  -1.2482706e-01   5.7487142e-02   3.3121503e-01   4.6033013e-01  -1.4500279e-01  -2.9926296e-01   3.6531125e-01  -2.1459236e-02  -3.6297689e-01  -1.6214677e-01   3.1429726e-01  -3.2055254e-01  -3.0804350e-01   3.7772905e-01  -3.4565292e-01   5.0046143e-01   4.9957493e-01  -2.5472482e-01   1.4000213e-01   2.9033960e-01   1.5425061e-01   2.9332375e-01  -2.9796724e-01   4.8215625e-01   4.9526623e-01  -3.2690996e-01  -1.9917606e-02  -5.7612252e-02  -1.7380978e-02  -2.2567147e-01  -2.8850172e-01  -2.3761265e-01   7.0251109e-01  -8.8650718e-02   1.0655823e-01   2.2079029e-01  -2.1831786e-01  -2.6688071e-01  -2.3047295e-01  -2.0037888e-01   2.1154753e-01  -2.6732058e-01   3.8875873e-01  -2.0026160e-01   4.4419265e-01  -3.5090730e-01   7.3065128e-01   1.7417487e-01  -4.5378694e-01   3.9971870e-01   4.7340773e-02  -2.8846383e-01   1.0108147e-01  -3.2555809e-02  -3.4505766e-01  -2.2670920e-01  -3.3858153e-01   1.0615548e-01  -3.8682635e-01  -3.6131350e-01  -1.8076786e-01  -2.5152160e-01   2.6348771e-01   8.3216158e-02   5.5049764e-01  -2.0023251e-01  -1.3366074e-01  -2.6685339e-01  -7.9924118e-02   4.2170835e-01  -3.2779817e-01   1.1391785e-01  -1.6594965e-01  -2.0476020e-01  -3.3712374e-01   6.3803909e-01   6.8850072e-01  -8.8260532e-02  -2.2525047e-01  -2.1626557e-01   4.1400039e-01   8.9836620e-02  -3.7168317e-01   5.3361495e-01   1.0234563e-01   2.5238646e-01   3.2138298e-02   7.6504861e-03   1.5797837e-03  -2.7837869e-01   9.7444297e-02  -1.3966337e-01  -3.3614965e-01  -2.4763633e-01  -1.5987410e-01   7.6362824e-02  -3.2965223e-01   1.1366076e-02   2.7338344e-01  -4.3322623e-01   5.7514303e-01   9.5101449e-02   2.8230645e-01  -2.8714402e-01  -2.7330318e-01  -2.9210056e-01  -2.3246068e-01   4.2997663e-02   6.9851291e-01  -3.1704859e-01  -4.7469516e-01  -7.0058932e-02  -3.3608636e-01  -1.2021112e-01   3.3432513e-01  -2.7046673e-01  -2.6988173e-01  -2.4137008e-01  -2.7876502e-01   6.9241488e-01   3.2746769e-01  -2.6779879e-01  -3.7499406e-01   3.4979283e-01   7.3808093e-01  -3.3678563e-01  -2.1749100e-02   2.6020805e-01   9.9851710e-02   6.9879670e-02  -2.2725191e-01
  -1.4577907e-01   1.1921893e-01   1.8846989e-01  -1.7807748e-01   2.0489234e-01  -8.3489940e-02  -7.8318120e-02  -9.9130056e-02   1.6067147e-01   5.2441986e-03  -3.1687002e-03   1.7994430e-02   0.0000000e+00  -9.7432536e-02  -3.5135747e-02   1.9667226e-01   2.5767580e-01   8.2437727e-02  -6.4824547e-02   2.0757972e-01  -8.6716840e-02  -6.4564917e-02  -1.7034374e-02  -2.3301394e-01  -1.5114803e-01  -1.3033858e-01   2.4239410e-01  -2.5275281e-01   6.2172173e-02   1.8520747e-02  -4.1129905e-02  -9.9737768e-02   7.1003626e-02  -1.0058297e-01   1.2024641e-01   7.7198375e-02   6.3300117e-02  -6.0157846e-02   3.9964677e-01   1.6661660e-01   7.0164811e-01   2.6846216e-01  -1.0982081e-02  -4.0828216e-03   8.6161820e-02   4.3554563e-03   3.4397633e-02  -1.9820987e-02   2.5218110e-01   1.8970904e-01   1.2238625e-02  -6.7401025e-02   7.2268073e-02   7.5754247e-02  -1.0130473e-01  -1.7791799e-02  -3.7957667e-02  -7.1404835e-02   4.4255458e-02  -2.8375007e-02  -1.8433889e-02   1.7823176e-01   1.5025782e-01   2.3632279e-02   1.1202335e-01  -3.9130419e-02   8.8832212e-02   4.1005083e-02   4.8635657e-02   2.3730009e-02   1.4312308e-01  -1.0528389e-01   6.3561596e-01  -7.1724388e-02  -4.8556507e-02  -2.1121074e-01  -8.0631947e-02  -4.2613306e-03   1.4871683e-01   2.8595241e-01  -1.6150248e-01   5.8562808e-01  -1.0816196e-01  -2.3363179e-02   3.6556293e-02  -2.3367080e-01   1.3929581e-01  -1.9397442e-01   1.0803712e-03  -1.4498767e-01   3.1016503e-01   9.8031332e-02  -7.6067744e-02  -1.2560544e-01  -7.5347756e-02   2.6177901e-01   3.1108497e-02  -4.3940843e-02   2.9686731e-01  -1.4701686e-01  -5.0890078e-02  -1.0001065e-01  -6.3328015e-02  -6.1474372e-03  -9.3349038e-02  -1.1668541e-01   1.5171840e-01  -8.3711888e-02   4.7287606e-02  -1.3893908e-02  -4.3843521e-02  -1.2777801e-01  -5.2207817e-02  -1.5475545e-01  -1.9689518e-01   2.8483949e-01  -5.4082631e-02   7.5965348e-01  -4.0419775e-02  -1.2982071e-01  -2.7175120e-01   1.4024937e-01   6.9507924e-02   4.0680974e-03  -8.2814633e-02  -2.6256651e-02  -2.1358584e-02   3.5671299e-02  -1.1366170e-01   1.7535216e-01   7.7150941e-01   1.0579035e-01   1.3000111e-01  -4.0453020e-02  -2.0941033e-01  -1.6583700e-01   2.5332792e-01  -8.5145423e-02  -1.4018783e-01  -9.5114519e-02  -2.7714502e-01   4.4673119e-01  -1.6133443e-01  -7.1873775e-02  -6.9703967e-02  -8.7876534e-02  -6.7103308e-02  -2.4468048e-02  -3.6996242e-02   6.8143274e-02  -2.0755449e-01  -2.9527579e-02  -1.9341205e-01   7.5385484e-03   2.0443050e-01  -1.9304954e-01  -8.4852358e-02   1.8024695e-01   9.0072806e-02  -1.3192342e-01  -9.1888238e-02  -3.8834246e-02   6.9197724e-02   1.9514099e-02  -1.7340594e-01  -5.0056817e-02   1.5517075e-02  -7.5522148e-02  -9.2522584e-02   1.8980429e-01   7.1294056e-02  -2.1093597e-02   2.4589999e-02  -5.6666573e-03  -2.4679383e-01  -1.6608706e-02  -3.5293831e-02
   2.7742472e-01  -3.2376748e-01  -1.0085820e-01   2.1078531e-01  -3.2949323e-01   8.7603594e-02  -1.4261250e-01   2.2771289e-01  -7.4306926e-02  -1.3907170e-01   1.5641313e-01  -3.9015924e-01  -9.7432536e-02   0.0000000e+00   3.1823475e-01   9.1057398e-02  -2.2441774e-01   3.6519575e-01   1.7960528e-02  -4.0355947e-01   6.3229003e-01   2.5387711e-01   8.7604823e-02   1.4695670e-02  -3.0645886e-02   3.6992371e-01  -3.8719968e-01   4.0257132e-01  -2.8290162e-01   3.9347554e-01   5.1205253e-01   1.6627629e-01   2.1824761e-01  -1.0994338e-01  -1.3137553e-01  -2.5098473e-01   3.2601483e-02   6.5452634e-02   7.8901543e-02  -4.2551631e-01   1.4977005e-01  -5.7676441e-02  -4.2057454e-01   3.7975667e-01  -7.5291858e-02  -2.9861551e-02   9.5864631e-02   3.5861133e-01  -1.8048412e-01  -2.6410098e-01   1.5289789e-01   2.8211946e-01  -1.2738172e-01   1.3410218e-01   5.9904300e-01   4.0323274e-01  -2.7036143e-02   1.5425144e-01   3.9712811e-01   9.9470538e-02   1.5305801e-01  -1.6347792e-01  -4.1973643e-01   2.6369915e-01  -2.0389828e-02  -2.2637396e-01   2.4026505e-01  -3.9135271e-02   2.2925190e-01  -1.3012025e-01  -2.5679510e-01   1.4269177e-01   1.8109454e-01   1.0820786e-01   1.3610884e-01  -2.2274309e-04   2.4455418e-01   3.3859716e-01  -3.7711331e-01   9.4188107e-02   3.7259372e-01  -1.8825992e-02   4.7808944e-01   2.7893317e-01   3.8828351e-01  -3.9795476e-02   4.1370698e-02   3.9564524e-01  -1.6887444e-01   4.5493605e-02  -2.8915407e-01   1.2815675e-01  -2.1042925e-01   1.1145229e-01   2.1378697e-01  -4.4064642e-01  -1.2555032e-01   1.7338877e-01   3.2468861e-02   1.8791604e-01   6.5313205e-01   4.4718461e-01   6.1997999e-01   2.7645606e-01   1.4397072e-01   2.1177701e-01  -4.4924321e-03   1.9483431e-01  -4.2434083e-03   1.0500376e-01  -2.7751884e-02   3.0275621e-01   4.4112875e-03   1.1734759e-01   4.1391430e-01  -2.1879703e-01   3.4961959e-01  -9.6780251e-02   4.8419635e-01   2.1800087e-01   2.3060373e-02  -4.6038522e-01  -2.9583465e-01   2.9258143e-01  -3.0715708e-04   3.6525527e-01   1.4043430e-02  -8.8315297e-03   5.2428618e-04  -1.9595179e-01   1.7137192e-03  -4.6433225e-03   4.4451918e-01   1.4162987e-01  -2.3247663e-02   1.6534201e-01  -1.6515740e-01   5.1630913e-01   1.4897675e-01   1.8559680e-01   1.8722449e-01  -9.6069656e-02   1.6745271e-01   2.1552503e-01   3.3704553e-01   5.8645870e-01  -9.7982369e-02  -2.2433078e-02  -1.6667129e-01   5.2626382e-01   3.6102672e-01   6.2636540e-01   1.7398529e-01  -7.4798892e-03  -3.6634905e-01   7.9901679e-02   1.4981994e-01   1.5050111e-01   5.8951603e-02   4.0074776e-01  -1.2063762e-01   2.3838383e-01   1.0783298e-01   3.6550290e-01   1.2519006e-01  -3.8287004e-01  -2.0322288e-01   1.7024434e-01   2.2762025e-01  -9.3648149e-02  -4.0471865e-01   1.4453649e-01   8.5727349e-02   3.4087598e-02   5.8027173e-02  -4.4378896e-02   2.0289028e-01
