   0.0000000e+00  -5.1061582e-01  -4.0622771e-01   2.5151489e-01  -2.6926278e-01   1.1488765e-01   7.5206977e-02   2.2589069e-01  -3.1261329e-01  -3.3330810e-01   3.9034777e-01  -2.9291231e-01  -9.0059060e-02   4.7933808e-01   5.3297850e-01   2.2673078e-01  -4.8983726e-01   2.7094500e-01  -1.2518171e-01  -2.6719729e-01   2.4090752e-01   2.0621440e-01   3.5146418e-01   8.3645990e-01   3.9908707e-02   4.7983570e-02  -5.4521302e-01   5.0207120e-01  -2.6704187e-01  -9.6661327e-03   4.7138854e-01   2.5124295e-01   7.2000565e-02  -3.1922573e-01   5.0948004e-02  -1.9428319e-01   6.1415077e-02   2.3436544e-01   2.2789929e-02  -5.3043935e-01   1.6129310e-01  -1.6994735e-02  -5.1747894e-01   4.7065719e-01   1.1847623e-01   5.8056507e-01   2.7391028e-01   1.7771750e-02   3.9531373e-02  -4.0094553e-01   3.4923655e-01   5.7704406e-02  -4.3981046e-01   1.9480492e-01   3.5699967e-01   5.3616446e-01  -7.0868250e-02   2.6673545e-01   3.9330447e-01   3.3860589e-01   7.7966833e-02  -8.9905459e-02  -3.4756789e-01   5.4087560e-02  -3.3323662e-01   4.3657044e-02   9.9169139e-02  -1.7850659e-01   9.4515376e-03   5.1334406e-01  -5.1726497e-01   2.8144230e-01  -2.1254969e-01   6.5804699e-01  -1.4403545e-01   2.3170793e-01   2.2392393e-01   7.1488055e-02  -5.3111229e-01  -4.5818148e-02   2.0838834e-01  -2.1132677e-01   2.6226221e-01   1.7735171e-01   4.7418279e-01   1.7497768e-01  -9.4744502e-02   5.8037387e-01  -3.1742464e-01   6.8912769e-01  -4.1890285e-01   3.0207972e-01  -2.2911220e-01  -5.6049514e-02   3.6229180e-01  -2.6197852e-01  -4.3628751e-02  -1.9841660e-01  -1.1444171e-01   9.5985675e-02   2.6535298e-01   4.7500141e-01   3.1104191e-01  -3.1846995e-01   2.8656617e-01   2.1221423e-01   1.4162843e-02  -1.1578429e-02   2.5970109e-01  -3.6068524e-01   2.3016409e-02   3.8636585e-01   1.3559759e-01   7.6087199e-01   5.7150824e-01  -5.2887044e-01   1.7746065e-01   2.4886760e-02   6.1531623e-01   3.3088087e-01   6.2748105e-01  -4.0324052e-01  -2.0439670e-01  -3.1478021e-01   5.2153354e-01   6.7029301e-01   1.1181278e-01  -1.8837938e-01   6.9223035e-02   4.1198294e-01  -8.8822238e-02  -2.1411937e-01   2.4481111e-01   1.4734672e-01  -3.4223572e-01   8.5281578e-02  -6.6774821e-02   1.8088712e-01   9.8399969e-02   4.1666785e-01   7.3674961e-01  -3.9024711e-02   3.5496383e-01   1.5309360e-01   3.1979049e-01   3.6487446e-01  -4.1570823e-01  -4.5067356e-01   9.4402217e-02   9.4564917e-02   6.9051787e-01   2.4177676e-01   7.6330254e-01  -1.8918683e-01  -5.1640694e-01   4.4825713e-01   6.5877746e-01   3.4314330e-01   2.0464497e-01   3.2539160e-01  -1.3418175e-01   3.9843965e-01  -7.8570108e-02   7.4676542e-02   2.6195213e-01  -3.7230013e-01   1.0800821e-02   5.8353788e-01   5.5423361e-01  -9.5404185e-02  -4.4522319e-01   4.2413556e-01  -2.5089106e-01   1.0112825e-01  -7.1099983e-02   1.7267056e-01   5.8653604e-02
  -5.1061582e-01   0.0000000e+00   5.5635930e-01  -3.4373050e-01   1.8567214e-01  -1.1886373e-02  -2.1766725e-01  -4.2877929e-01   2.9847415e-01   7.3426577e-02  -5.4126638e-01   5.2818168e-01  -1.0517943e-01  -5.2959587e-02  -3.8091369e-01  -3.3711752e-01   6.8927844e-01  -3.1791916e-01  -2.0926175e-01   9.6335203e-02  -1.3090683e-01  -3.1082619e-01  -3.2598616e-01  -4.4313773e-01   1.2730671e-01  -1.9975992e-01   4.0931428e-01  -2.7596510e-01   2.0815438e-01   7.1815154e-02  -2.9123205e-01  -3.2754502e-01   7.6683703e-02   4.4163977e-02   1.2968708e-01  -1.8194010e-01  -1.9487062e-01  -1.6167197e-01  -1.1664422e-01   4.9438941e-01  -3.9022716e-01   5.1083403e-02   4.9564033e-01  -2.9394754e-01  -2.4283313e-01  -2.2973779e-01  -3.9421715e-01  -5.1899817e-02  -2.5583972e-02   5.1225190e-01  -3.7523405e-01  -2.2692486e-01   3.8050215e-01   1.2442863e-01   7.3031552e-02  -2.2993603e-01   3.9540794e-02  -4.9674630e-01  -4.3162897e-01  -2.4031119e-01   2.4032020e-01  -7.3042720e-02   5.8658487e-01  -1.5026968e-01   3.6788625e-01  -2.3996230e-01   1.4511263e-01   3.0177167e-01  -4.0629672e-02  -1.3933469e-01   5.1176386e-01  -3.2482532e-01  -9.6585650e-03  -2.5691619e-01   4.0681812e-01  -4.1533153e-01   7.6904274e-02  -8.3425058e-02   3.7289324e-01   2.5556168e-02  -2.0665681e-01  -1.3855759e-01  -8.6708008e-02  -2.7190096e-01   6.4107146e-02  -2.8892617e-01   4.5110951e-01  -5.4645630e-02   6.4414587e-01  -3.7739123e-01   4.7694682e-01   7.6909457e-02   1.5726070e-01  -6.8104825e-02  -2.3658272e-01   1.8387422e-01  -1.6502682e-03   1.2210831e-01   1.6247560e-02  -2.8693984e-01   2.0046028e-02  -4.5918862e-01  -2.1102028e-01   1.6151876e-01  -4.4034291e-01  -3.1656860e-01   2.6047992e-01  -1.4405432e-01  -3.4232281e-01   2.9991699e-01  -1.9090784e-01  -3.1524960e-01  -4.1976645e-02  -4.5761802e-01  -3.2273959e-01   4.5064923e-01  -4.0498534e-02  -1.7138945e-01  -2.0804201e-01  -3.6970500e-01  -5.2027657e-01   4.3369273e-01   5.5101554e-01   3.8598964e-01  -3.6565953e-01  -2.3251795e-01  -6.2472366e-02   3.4024732e-01  -1.9032327e-01   4.2308526e-02  -7.2247169e-02  -2.2920044e-01   2.7338409e-01  -1.3887514e-01   1.2827915e-01  -3.1697993e-01   1.6987226e-01  -7.1992805e-02  -2.4846705e-01  -2.0319828e-01  -4.0495720e-01  -2.8993748e-02  -4.3981360e-01   9.3438947e-02  -3.8711076e-01  -3.0630178e-01   2.8150700e-01   1.9622785e-01  -1.8293845e-01  -2.1643192e-01  -2.7171747e-01  -1.8669730e-01  -3.8995286e-01   1.0625006e-01   7.2045908e-01  -3.2600333e-01  -4.8292826e-01  -3.7942425e-01   1.7197914e-01  -3.2896659e-01   2.3478729e-01  -4.4274841e-01  -3.0337707e-01  -2.8787719e-01  -4.5567231e-01   2.0283983e-01  -2.2533502e-01  -2.7339519e-01  -3.6394349e-01   1.0341364e-01   3.2988236e-01  -2.4629639e-01  -1.7568634e-02   1.3122019e-01   1.5187791e-01   2.6599457e-02  -2.5541065e-01
  -4.0622771e-01   5.5635930e-01   0.0000000e+00  -2.9177286e-01   3.3892815e-01   2.3952321e-01   3.5337728e-02  -3.9688189e-01  -7.5311766e-02   4.2735037e-01  -3.8359077e-01   5.6261925e-01  -1.0178805e-01  -2.2339329e-01  -3.0563892e-01  -1.7668368e-01   8.5127256e-01  -1.4531660e-01  -9.7241084e-02   4.6300894e-01  -1.8436602e-01  -1.5791849e-01  -2.7193957e-01  -4.0441910e-01  -2.2964725e-02  -2.1447875e-01   7.2601350e-01  -3.2903603e-01   2.5255034e-01  -1.5287180e-01  -4.2403571e-01  -2.2076821e-01  -7.0123741e-02   2.8484026e-01  -1.0957648e-01   2.0586178e-01  -2.4296477e-01  -2.9022223e-01  -1.6094851e-01   5.6730827e-01  -3.4445494e-01   8.1541678e-02   3.9978898e-01  -2.7549185e-01  -1.6294952e-01   1.1571643e-02  -1.5843596e-01  -3.3381670e-02  -2.4229260e-01   6.1476292e-01  -1.7895711e-01  -1.7661535e-01   1.4887672e-01   1.9834074e-01  -1.0346382e-01  -1.6015969e-01   1.2628105e-01  -3.4067713e-01  -3.4876163e-01  -1.8507888e-01   5.3835700e-01   1.3542847e-01   3.1319871e-01  -3.4832524e-01  -1.5054931e-01  -6.9966176e-03   2.4953019e-01   6.4834221e-02  -1.5749952e-01   1.8247475e-01   4.4297199e-01  -2.0202854e-01  -1.2910906e-01  -1.9239634e-01   2.8299646e-01  -3.8248344e-01   1.7598190e-01  -1.4650629e-01   4.5538173e-01  -3.1040771e-02  -1.5497259e-01  -4.3565518e-02   2.7441090e-03  -2.1290526e-01   1.7232379e-02  -4.0820302e-01  -5.5798374e-02  -1.9545884e-01   3.7955714e-01  -3.0475813e-01   3.5107154e-01   3.1395532e-01   5.3985881e-01  -2.2163983e-01  -2.3309835e-01   3.3289400e-01  -1.0554628e-01   4.1133119e-02   1.3005739e-01  -3.3314409e-01  -1.7113517e-01  -3.5707988e-01  -1.7079061e-01  -6.0279871e-02  -3.0737333e-01  -8.7346755e-02   3.9392549e-01  -1.8803431e-01  -2.6895107e-01   3.9536415e-01   1.5216098e-01  -1.9030513e-01  -1.1562550e-01  -3.1685739e-01  -3.4392975e-01   1.6786153e-01  -2.5443443e-01  -1.2732353e-01  -1.4707038e-01  -3.0299047e-01  -3.7212597e-01   4.8212468e-01   3.2608949e-01  -1.6462106e-01  -2.4919619e-01  -1.8052147e-01  -3.0326405e-01   2.8515692e-01   6.9151725e-03   1.3142430e-01   2.7354366e-02  -1.8145882e-02   1.1850407e-01  -4.1490726e-01   1.3962993e-01  -3.9211463e-01   9.8921032e-02  -5.2805226e-02  -2.2188562e-01  -1.1094666e-01  -3.5894921e-01   4.0710327e-02  -3.6316676e-01   2.6293347e-01  -3.4628710e-01  -3.9182313e-01   4.3777037e-01   2.7048918e-01   4.7630726e-02  -4.8670235e-01  -1.7505971e-01  -2.7785110e-01  -3.1501543e-01  -1.7613665e-01   7.0409682e-01  -2.3796022e-01  -3.7271640e-01  -3.4610164e-01   3.4345034e-01  -3.4307457e-01   1.0177449e-01  -4.0949377e-01  -6.5495758e-02  -1.4091451e-01  -3.4642139e-01   1.8396538e-01  -1.6139089e-01  -1.9704008e-01  -2.1521513e-01   1.5287838e-01   1.8634119e-01  -3.6787097e-01  -8.3936554e-02   1.3048965e-01   2.1313910e-01  -4.0707322e-02  -1.3869355e-01
   2.5151489e-01  -3.4373050e-01  -2.9177286e-01   0.0000000e+00  -1.2161077e-01   1.6044686e-01   2.5392268e-01  -3.1477512e-02   7.2073485e-02  -5.4831920e-02   1.5181782e-01  -2.3395979e-01   1.9163990e-01   3.5512034e-01   3.0378580e-01   5.6348307e-01  -3.4718773e-01   6.2389504e-01  -1.3360093e-01  -1.3305534e-01   5.4045801e-01   7.0802387e-01   5.9048976e-01  -4.6916831e-03   4.2119176e-01  -2.3853713e-01  -1.2585146e-01  -1.9043161e-01  -1.7246873e-01   4.6343739e-01   4.1636218e-01   3.6127440e-01   5.6590581e-01  -3.1618856e-01   1.1323706e-01   1.2411175e-01   5.0677501e-01   4.1115505e-01   6.2028002e-01  -4.6512505e-01   2.7382464e-01   1.8004092e-01  -1.6994389e-01   1.1154661e-01   5.3049775e-01   1.6345379e-01   3.6518265e-01   3.2391569e-01   4.2579521e-01  -4.5237576e-01   4.8830855e-01  -1.3153386e-01  -4.0107105e-01   2.7650708e-01   1.6721290e-01   3.4435263e-02  -1.0526881e-01   5.7511833e-01   6.4956939e-01   6.3424277e-01  -7.0976045e-02   4.7527206e-01   1.4868764e-02   3.6307942e-02  -7.2250050e-02   3.2473560e-01   1.4264327e-01   3.4306467e-01   4.2269236e-01   3.8011557e-02  -4.6783912e-01   7.4178602e-01   2.9239495e-01   2.7637105e-01  -3.1181410e-01   2.5485139e-01   3.8975923e-01  -6.2943609e-02  -6.3755877e-02   5.6494095e-01  -1.2556351e-01   2.7918696e-01   1.3299077e-01  -2.4768963e-01   4.9100033e-02   1.5127192e-01   2.1500446e-02   2.1155291e-01  -1.7522903e-01   5.6212670e-03  -3.8734539e-01   7.7172454e-02  -3.2452459e-01   3.5664991e-01   4.3271940e-01  -1.9654730e-01   1.1924707e-01  -3.2176384e-01   5.9966509e-01   2.4255868e-01  -1.2781984e-01   2.0606491e-01   4.0942666e-01   2.1946337e-01   4.0073644e-01   6.3800848e-01   2.2859223e-01  -4.9895531e-03   2.5666053e-01  -8.8258433e-02  -1.0681183e-01   4.7892593e-01   7.6365813e-01   1.9606985e-01  -1.0342904e-01  -2.9638340e-01  -1.0709339e-01   2.3172019e-01   6.6953537e-03   9.1671051e-01   9.4011915e-03  -3.7447044e-01   2.4322779e-02  -3.1734863e-01   5.3405667e-02   4.6031093e-01   3.8033204e-01  -1.5959537e-01   7.1293746e-01   6.5865307e-02  -5.2299690e-02  -3.1057320e-02   4.0757219e-01   5.2884123e-01  -1.4559445e-01   9.2806639e-02   2.0412499e-01   9.2508193e-02  -9.4248184e-02   2.5709548e-01   2.6441529e-01  -3.7927850e-02   2.3755322e-01   2.4649834e-02   5.2056522e-01   5.1254723e-01  -5.1240840e-01  -2.2309217e-01   4.1238979e-01   3.9567030e-01  -1.1134893e-01   1.0859220e-01   4.7804784e-01   1.7218091e-02  -4.3831767e-01   2.1490168e-01   3.6563112e-01   5.6506138e-01  -1.9709205e-02   1.5836629e-01   4.6083518e-01   2.8517483e-01   2.4974045e-01   6.0023171e-01   5.7221851e-01  -2.5081789e-01   1.9357961e-01  -5.3875228e-02  -5.8988372e-02   3.8740700e-02  -4.3093340e-01   5.2488653e-01   5.0675822e-01   2.6530639e-02   3.3408916e-01   5.0017470e-01   6.5628387e-01
  -2.6926278e-01   1.8567214e-01   3.3892815e-01  -1.2161077e-01   0.0000000e+00   6.1769876e-02  -4.0754530e-01  -1.2832959e-01  -8.7136906e-02   3.8001642e-01  -2.0791197e-01   6.0991820e-02   4.0565192e-01  -5.2479444e-01  -4.7912380e-01  -8.2170106e-03   4.8400201e-01  -1.7914850e-01   6.5048617e-02   8.5404342e-01  -3.6940802e-01  -1.4175308e-01  -4.4370897e-01  -1.9068823e-01  -7.1184644e-02   7.1173907e-02   6.9216443e-01  -4.5144590e-01   2.1791980e-01  -3.1044147e-01  -4.7324232e-01  -3.3391718e-02  -1.0782667e-01   2.0254469e-01  -3.7236532e-01   6.5401202e-01  -2.9376124e-01  -1.2539344e-01   5.2875592e-02   5.7011748e-01   1.0232267e-01   4.0489069e-02   3.8033349e-01  -5.1757860e-01  -2.8762784e-01  -1.1896526e-01  -3.6883170e-02  -3.6326300e-01   2.1450268e-01   6.3501942e-01  -1.6585471e-01  -9.9790720e-03   3.5355280e-01  -3.3046848e-02  -1.7856755e-01  -3.9044259e-01   2.2984078e-01  -3.5939498e-02  -2.1972402e-01  -2.2358341e-01   8.0114685e-02   2.9663820e-01   2.4377804e-01  -5.1789002e-01   3.0185114e-03   1.4879908e-01   1.1307965e-01   1.8889611e-01  -2.3661876e-01  -4.1755079e-01   5.9019126e-01  -2.3285889e-01   2.2610550e-01  -3.7458289e-01   1.8794914e-01  -2.6521770e-01   5.4096382e-02  -1.4147879e-01   6.2503153e-01   2.9431266e-02  -5.6605179e-01   2.1313064e-01  -2.9888758e-01   9.5811187e-02  -3.6664938e-01  -1.4771397e-01  -5.0409865e-01  -4.2319553e-01   1.6413430e-01   6.1351723e-02   7.0852000e-01  -2.8110324e-02   5.4545513e-01  -5.9275545e-02  -1.1206455e-01   8.3928357e-01  -4.9807950e-02   1.4770094e-01   3.7350460e-01  -5.5318280e-01  -3.2040196e-01  -5.1534503e-01  -4.4366629e-01   7.7561864e-02  -2.2727728e-01   3.0054502e-02   1.1150093e-01   1.3149830e-01  -2.3463779e-01   4.4191308e-01  -1.7522353e-01  -2.6281090e-01  -1.1294067e-01  -9.9427671e-02  -4.4236947e-01   3.0979604e-01  -1.1890533e-01   1.7921581e-01  -2.5124854e-01  -2.2589369e-01  -1.6889511e-01   7.8826788e-01   1.0256647e-01  -3.3847279e-03  -5.9090584e-02  -3.8845692e-01  -3.9294700e-01   2.3521785e-01   8.4304059e-02  -4.4231083e-01   4.1723644e-01   2.1097274e-01  -1.9993021e-01  -4.3206492e-01   3.0443041e-01  -2.1740290e-01   1.2386700e-01  -5.4404451e-01  -4.5071960e-02   5.2935699e-02  -1.5031816e-01   2.6920885e-01   7.9777627e-03  -2.7208530e-01  -3.7014788e-01  -4.9682736e-01   3.1385112e-01   4.9464740e-01   1.0049136e-02  -5.8774989e-01  -4.7098731e-01  -4.5079417e-01  -3.7497976e-01  -3.0011173e-02   5.4086216e-01   1.7741654e-01  -2.7880764e-01  -1.7831769e-01   3.0232187e-01  -4.6993818e-01   2.2511370e-01  -3.1409759e-01   1.9117549e-01  -4.9385856e-02   1.1689032e-01  -9.5623872e-02  -2.8626284e-02  -6.3887164e-02  -3.4358087e-01   2.5657686e-01   1.7911051e-01  -3.4698846e-01   1.0923440e-01  -7.8670652e-02   1.4502180e-01  -7.1109161e-03   2.3392656e-01
   1.1488765e-01  -1.1886373e-02   2.3952321e-01   1.6044686e-01   6.1769876e-02   0.0000000e+00   4.2498578e-01  -3.6974400e-03  -1.4739353e-01   3.1691801e-01   1.6553664e-01   6.0084373e-02  -1.0631080e-01   2.7790468e-01   3.1722800e-01  -6.9572166e-02   4.8057382e-02   2.4447135e-01   3.9183172e-03   1.2057739e-01   4.3781114e-01   2.3946388e-01   4.4937654e-01   3.0081619e-02   1.0549098e-01   2.0455522e-02   2.6729252e-01   3.6848408e-02  -5.1387348e-02   1.3756849e-01   2.3422781e-01   4.8557373e-02  -1.2862286e-01   1.3649911e-01   4.4966983e-03   1.4716490e-01   2.1886925e-01  -1.0108966e-01  -1.8850980e-01  -2.0833325e-01   6.6762909e-02  -1.9004559e-01  -2.9974261e-01   2.8537401e-01   9.3385739e-02   5.0939363e-02   4.1173012e-01   3.8347803e-01   3.1496603e-02  -1.2420098e-01   2.8124827e-01  -1.4002081e-01  -4.5701161e-01   2.8942792e-02   4.5362914e-02   4.1349034e-01   4.2123500e-01   1.5346274e-01   1.4653527e-01   3.4250039e-01   2.7656859e-01   4.8672058e-02  -5.1334254e-02   1.4048750e-01  -6.0261989e-01   3.6253892e-01   7.2488097e-01  -3.3715293e-01   2.0433192e-01   3.5705062e-01  -3.8185487e-01   2.9220047e-01  -1.4101650e-01   3.6653084e-01  -3.7953318e-02  -1.3571423e-01  -1.3578351e-01   8.3917519e-02  -1.4596644e-01  -1.0192360e-01   1.3975508e-01  -2.6654281e-01   4.1899293e-01   6.6297117e-02   3.1331984e-01  -3.1089549e-01  -2.5984965e-02   1.4862047e-01  -1.6485091e-01   1.1689272e-01  -1.8201127e-01   2.0993002e-01   2.5281245e-01  -7.8770379e-02  -6.3005662e-02  -9.8585235e-02   2.5472195e-01  -1.5818943e-01  -7.5956467e-03  -1.5953193e-01  -1.9168993e-01   3.1497277e-01   3.8766746e-01  -4.9927632e-02   1.6001875e-01   1.4699339e-02   5.5310371e-02   1.4712330e-01   1.3064319e-01   4.0680023e-01   1.7614131e-01   3.7122975e-01  -9.1185428e-02   3.7525003e-02  -2.3475853e-02  -5.5578644e-01   1.8460132e-01   1.4492201e-02   4.8859790e-01   1.3875762e-01   3.8661272e-02  -8.9442014e-02   7.2284140e-02  -4.2339355e-01  -1.5077212e-02   1.0856762e-01  -7.0913848e-02  -2.3007713e-01   3.3008457e-03   3.9833681e-01   3.6510261e-02   3.7247985e-02   1.2412810e-01   1.1314499e-01   2.5710836e-03  -3.2322037e-01  -1.9827433e-01   1.5917338e-01  -8.8768611e-02   1.7882451e-01   9.4055508e-02  -2.2350948e-02   1.0450912e-01   5.9154777e-01   2.5537627e-01   2.4543769e-01  -3.1896004e-01   9.3408679e-02   6.2749479e-01   1.4724383e-02   2.4186865e-01   1.1569589e-01   8.9286497e-02  -2.6471481e-01   2.0685675e-02   4.7338712e-02  -2.0741192e-02   1.3489243e-01   1.1891394e-01   2.4013920e-01  -2.5407676e-01   9.0992238e-02   2.1807488e-01   1.4300029e-02   6.8271421e-02  -3.0519847e-01  -2.5561290e-02   1.5804801e-01   1.9285922e-01   2.9221671e-01  -3.9138066e-01  -6.1061031e-02  -1.3214937e-01   7.6204153e-01  -1.3131163e-01  -2.4212828e-01   3.5070802e-03
   7.5206977e-02  -2.1766725e-01   3.5337728e-02   2.5392268e-01  -4.0754530e-01   4.2498578e-01   0.0000000e+00   1.3662043e-01   6.7968229e-02   4.1809626e-01   3.9802143e-01   8.8955316e-02  -1.5843014e-01   2.8307414e-01   3.6222595e-01   2.8592466e-01  -3.3710767e-01   5.8821017e-01  -6.8779182e-02  -1.4553003e-01   4.9836597e-01   3.7456996e-01   6.9176505e-01  -1.4972799e-01   9.4362264e-02  -9.6873136e-02  -2.2453125e-02  -4.8538502e-02  -1.4386325e-01   3.4069655e-01   3.8495086e-01   8.7540973e-02   1.2397441e-02   1.7408494e-01   3.6565248e-01   1.7267916e-01   5.0939413e-01   9.4194665e-02   1.3341437e-01  -5.3772877e-01   1.1354500e-01  -2.5451356e-01  -3.1251569e-01   4.5438794e-01   6.1537446e-01  -4.4110005e-02   4.8541342e-01   6.6195214e-01  -2.0650228e-01  -6.2436844e-01   6.0723134e-01  -2.2240399e-02  -5.3066126e-01  -6.5376423e-02  -1.0820860e-02   3.4284562e-01  -1.1750504e-01   2.6576121e-01   3.8271170e-01   4.2285225e-01  -7.5433776e-02   2.5148324e-01  -2.1140319e-01   4.3162887e-01  -3.4749388e-01   5.6541586e-01   2.3916504e-01  -1.4386412e-01   2.7682375e-01   3.0692459e-01  -5.7262190e-01   4.8638872e-01   7.6451857e-02   1.6456183e-01  -3.4804798e-01   2.4774499e-01  -1.5804342e-01   2.8016915e-03  -1.7156079e-01  -9.2810027e-02   5.2122975e-01   4.3472412e-02   3.6711236e-01  -9.0419418e-02   6.7077270e-02  -5.1106054e-02   1.9138839e-01   2.2987686e-02  -4.9462629e-02  -2.1008410e-01  -6.9727571e-01  -1.1994421e-01  -1.5767450e-01   1.8924427e-01   4.2926538e-02  -5.4537153e-01   7.7753891e-02  -2.9812583e-01   6.3297582e-02   4.3806851e-01  -1.9862069e-01   5.6112212e-01   4.3637367e-01  -7.9202620e-03   5.0347653e-01   7.8556004e-02  -9.9346712e-02  -1.1168559e-02   8.9139746e-02   1.9374509e-01   4.0177426e-01   3.9478775e-01   1.5825890e-01   7.4416773e-02  -1.2241241e-02  -5.0544248e-01  -2.0892786e-02   2.1313254e-01   2.2480199e-01   2.4741812e-01   9.4170292e-02  -5.7237893e-01   4.9604941e-02  -4.4588620e-01  -1.7352441e-01   1.4525505e-01   4.4116724e-01  -3.8781335e-01   1.6068158e-01   2.6810321e-01  -4.4351776e-02   3.5525214e-01   2.6301729e-02   3.5332167e-01  -3.0247833e-01   1.7932787e-03  -3.5816302e-01   3.5199254e-01  -2.0110340e-02   1.6985323e-01   1.1856295e-01  -1.2491416e-01   2.1890083e-01   4.1089611e-01   5.3550271e-01   5.4486220e-01  -2.8255233e-01   8.6518215e-02   6.4453009e-01   5.0848489e-01   1.5724460e-01   2.2100967e-01   2.6018453e-01  -5.3104745e-02  -4.4772533e-01   6.6271220e-02   2.1202312e-01   3.0265804e-01  -4.3184995e-01   3.6905622e-01  -5.4581756e-02   4.3016685e-01   4.5542417e-01   3.4841675e-01   1.5347520e-01   4.3038831e-03   4.6511397e-01  -1.0529636e-02   1.7326015e-01   5.2411983e-04  -3.0002724e-01   2.3454300e-01   1.3992032e-01   1.7313708e-01  -5.3965879e-02  -6.4468254e-02  -1.1013867e-02
   2.2589069e-01  -4.2877929e-01  -3.9688189e-01  -3.1477512e-02  -1.2832959e-01  -3.6974400e-03   1.3662043e-01   0.0000000e+00   1.1711691e-01  -1.2791758e-01   6.3886959e-01  -4.0389760e-01  -3.8318591e-02  -8.6891564e-02   3.6463289e-01  -9.3335342e-03  -3.9945330e-01   1.5462179e-01  -6.5057873e-02  -5.6461407e-02  -8.7630810e-02   1.7802807e-01   1.3251749e-01   2.3847026e-01  -3.3905114e-01   5.7286110e-01  -3.7253536e-01   4.1245764e-01  -2.4209754e-01   1.2351432e-02   3.6186001e-01   4.2563879e-01  -3.3200671e-01  -1.1104421e-01   1.9424644e-01   1.5419909e-01  -1.3545180e-01  -3.5649834e-02  -1.8692928e-01  -2.7678782e-01   2.9654970e-01  -2.9162577e-01  -4.2276766e-01   3.1999781e-01   1.6188157e-01   1.2095628e-01   3.8316113e-01  -8.8470590e-02  -1.3054239e-01  -3.3740261e-01   3.8188538e-01   6.2696748e-01  -1.8394074e-01  -4.9469283e-01  -2.3175052e-02   1.2123290e-01   1.9972400e-01   4.3522577e-01   3.5831863e-01   2.7112812e-01  -2.4364475e-01  -1.0669693e-01  -3.5069109e-01   4.0394918e-01  -1.3357334e-01   2.5888415e-01   4.1923511e-02  -4.0949856e-01   2.0875082e-01   5.0237471e-02  -3.4326841e-01   1.8889962e-01  -5.2757432e-03   8.9726248e-02  -5.0129368e-02   6.1666259e-01  -3.7870162e-01   1.7994200e-01  -3.5051371e-01  -2.9591609e-01   3.9772367e-01  -8.2476949e-02  -1.3314784e-01   6.8958122e-01  -2.1985684e-01   3.8452522e-01  -1.2115197e-01  -3.6743437e-02  -3.0955977e-01   2.8118482e-01  -2.2252179e-01  -3.5445441e-01  -3.6845013e-01   2.7065603e-01  -7.0984092e-02  -2.7607618e-01   3.6536671e-02   1.1103634e-02  -2.7130250e-01   1.6915926e-01   2.1338315e-01   4.3107662e-01   6.9820834e-02   1.7005669e-01   4.4322220e-01   1.1118957e-01  -4.0450166e-01   5.6829530e-01   6.5472958e-02  -2.9388369e-01  -1.4019843e-01   2.3424047e-01  -2.8210067e-01   2.4276745e-01   3.4693938e-01  -2.6628638e-01   1.3682466e-01   1.9526942e-01   2.7133494e-01   7.1047575e-03   5.0076659e-01  -3.0265874e-01  -2.0718074e-01   4.7559175e-02   3.5327565e-01   3.8099791e-02   2.4038194e-01  -2.4674224e-01   2.6400999e-03  -6.7881058e-02   1.6013313e-01   2.9978033e-01  -3.8254913e-01   1.4271656e-01   1.7617589e-02   5.8321192e-01  -2.6699187e-01   1.8827525e-01   6.2113319e-01   5.5262915e-02   1.8110172e-01  -1.2284649e-01   5.7747964e-01  -3.2363584e-01   3.9012963e-01   3.0315470e-01  -3.0283241e-01   4.7836646e-02  -4.2842234e-02   1.5647548e-01   2.3755169e-01   4.5213124e-01   7.0176560e-02  -6.4630652e-02  -4.9905572e-01   1.6589252e-01   2.2254287e-01   3.5182464e-01  -2.5363555e-01   4.8816829e-01  -4.0411354e-01   6.1053914e-01   2.2011286e-01   1.4563392e-01   3.7460275e-01  -3.1203696e-01   2.3636209e-01   3.6532906e-01   3.5941357e-01  -3.3204780e-01  -1.5282505e-01  -4.8917528e-02  -1.9258663e-01  -2.6757362e-02  -3.3734361e-01  -3.5630413e-01   5.4155306e-02
  -3.1261329e-01   2.9847415e-01  -7.5311766e-02   7.2073485e-02  -8.7136906e-02  -1.4739353e-01   6.7968229e-02   1.1711691e-01   0.0000000e+00  -5.7486003e-02   3.9695673e-02  -5.2385284e-02   6.1062383e-02  -1.1371624e-01  -1.8004676e-01  -1.2837077e-01   2.6031442e-02   2.9330262e-03  -1.9168402e-01  -9.6907200e-02  -8.1287928e-03   3.8141134e-02  -2.8941451e-02  -3.0689723e-01  -6.6743893e-02   1.3303596e-01   1.2707157e-02  -1.3077512e-01   4.8790307e-02   3.1690982e-01   2.6118998e-02  -1.1705323e-01   1.0684394e-02  -1.0396548e-01   5.0045395e-01  -3.8576596e-02   6.3198191e-02   8.6760890e-02   1.0681373e-01   2.6803770e-02  -5.0735249e-02  -1.6819321e-01   3.2175016e-01  -1.0381259e-01   2.2945238e-01  -2.0282842e-01  -1.4200310e-01  -7.2951734e-02   1.0821921e-01  -1.1774450e-01  -2.1626020e-02   7.6284113e-02   3.7046707e-02  -2.8171352e-01  -1.8348903e-01  -2.9177881e-01  -1.9651709e-01  -2.0303157e-02   2.4139660e-02   2.1137018e-01  -1.6993861e-01   5.2743447e-02   4.3947054e-01   2.4520265e-01   4.1321386e-01   1.3854172e-01  -1.7856331e-01   2.0657022e-01   1.6445008e-01  -2.9725096e-01  -6.2385772e-02   1.0150889e-01   2.1556922e-01  -3.2543007e-01  -6.1004631e-03   1.5283930e-01  -1.7888417e-01   4.6596819e-02   1.5863711e-01   1.4703576e-01  -7.7909486e-02   5.0135359e-02  -3.9474051e-01   5.6944751e-02  -3.5860124e-01   3.9870048e-02   3.8473453e-01  -2.0051761e-01   2.6802019e-01  -2.5596747e-01   3.0867843e-02  -3.6553939e-01  -4.0087176e-01   6.7601781e-01  -1.0206061e-02  -2.1778121e-01   3.0458004e-01   3.1370986e-02   1.2261797e-01   2.1606093e-01  -9.5279410e-02  -1.0365790e-02  -1.6730130e-01   7.2406898e-01   1.1630248e-02  -1.8062231e-01  -1.6095620e-01   1.0592224e-01  -1.0431016e-01  -1.5851304e-01  -3.0527947e-01  -1.2266751e-01   7.5789478e-02  -1.8699963e-01  -1.6385566e-01   1.7311530e-01   2.8724860e-04   1.8624601e-01  -3.0743172e-01   6.0029940e-03  -1.0460283e-01  -8.1030287e-02   2.8688085e-01   4.6260904e-01  -2.0618626e-01  -3.0958200e-01   4.1600828e-01  -2.4741133e-02   1.6477199e-02  -2.5550133e-01   1.6456277e-01   1.6918664e-01  -1.1778719e-01   2.9586627e-01   3.0298584e-01   1.5312847e-01   5.7988842e-02  -5.1057769e-02  -3.0300107e-02  -1.2919539e-01  -1.6165575e-01  -1.5490445e-01  -2.1522623e-02  -3.1157080e-01   1.8482248e-01   8.5537096e-02  -9.3044400e-02   1.9149439e-01  -1.2521636e-01   3.0498208e-01  -3.2112493e-01  -8.2102242e-02  -2.2874357e-01   3.1847380e-01  -3.4841580e-02  -1.0199990e-01  -7.4088146e-02   1.5188791e-01  -2.0848404e-01  -1.2692347e-01   1.6196612e-01   1.3847124e-01   9.4897908e-02   7.1026384e-02   2.3332913e-02   1.8346768e-01   2.5607257e-01  -1.7997648e-01  -7.5563133e-02  -3.5700576e-01   1.8369883e-01   2.3612365e-02   3.0873548e-01  -1.8906891e-01  -6.6697548e-02  -1.6209761e-01   4.6971768e-02
  -3.3330810e-01   7.3426577e-02   4.2735037e-01  -5.4831920e-02   3.8001642e-01   3.1691801e-01   4.1809626e-01  -1.2791758e-01  -5.7486003e-02   0.0000000e+00   3.1774278e-02   3.8046320e-01   2.1965116e-01  -3.4849581e-01  -2.7665524e-01   1.3786105e-01   2.0513062e-01   2.7925218e-01  -4.9437246e-02   5.5965616e-01  -3.0146859e-02   1.2248957e-01   2.6670307e-02  -3.0255790e-01  -2.1413662e-02  -1.4986417e-02   5.7254093e-01  -4.6929115e-01   1.7826549e-01   4.3628276e-02  -2.5437741e-01  -1.6017071e-02  -9.8578313e-02   5.4755089e-01  -1.4656918e-02   6.0969466e-01   2.5823956e-01   6.5132423e-02   1.0088007e-01   6.1974771e-02   1.4088234e-01  -2.0168034e-01   1.9456531e-01  -1.2655994e-01   3.0157836e-01  -1.3114302e-01   1.9564341e-01   1.5985025e-01  -1.5373502e-01   5.9280199e-02   2.7693125e-01   4.6636212e-02   2.5568658e-02  -7.9169939e-02  -2.1023477e-01  -1.6178169e-01   1.1631101e-02   6.8017252e-02  -7.4628839e-03   1.0503846e-01  -9.8564568e-02   4.1571264e-01  -6.2988000e-02  -1.0064673e-01  -1.2915304e-01   6.0036272e-01   3.9267524e-02   7.1347058e-02  -1.2815046e-01  -1.4839143e-01   1.7196501e-01   9.8472547e-02   1.7559487e-01  -3.2513585e-01  -1.6064614e-01  -1.1556667e-01  -7.2698766e-02  -2.1588061e-01   4.7927689e-01  -1.1735649e-01  -1.0903838e-01   2.5418309e-01  -5.4065856e-02  -5.2746822e-02  -3.6208308e-01  -2.5014381e-01  -3.0085024e-01  -4.7131285e-01   2.1714202e-01  -1.4912435e-01   6.4416771e-02  -2.2045966e-01   4.7573892e-01   6.3920578e-02  -1.1495603e-02   2.4574336e-01  -1.4742468e-01  -1.7601165e-01   2.8487887e-01  -7.3766678e-02  -5.2323976e-01  -3.0925829e-02  -1.6060630e-01   7.0497069e-02   1.4582347e-01   4.7083075e-02  -3.6334546e-02  -1.3548452e-01  -1.1584506e-01   6.5965391e-01   2.4984925e-01  -3.9882660e-03  -2.7617940e-02  -7.8931508e-02  -5.5854702e-01  -2.8175547e-02  -1.6693206e-01   2.3216865e-01  -1.5174867e-01  -8.4273763e-02  -1.3531619e-01   2.6238447e-01   1.6985556e-01  -3.2439212e-01  -1.3591898e-01  -2.7865974e-01  -1.5531930e-03  -1.0892420e-01   2.2476846e-01  -2.5413002e-01   3.2440326e-01   5.0264051e-01  -2.4627013e-01  -2.0778516e-01  -6.3903270e-02  -2.3783459e-01  -1.7338649e-01  -2.8258196e-01  -6.2329452e-02   2.0773230e-01  -5.1726047e-02   1.4732745e-01   3.0424646e-02   1.2912017e-01  -1.4265825e-02  -1.6383196e-01   2.0653314e-01   5.9521428e-01   5.1422221e-01  -1.0330222e-01  -3.5891663e-01  -3.7346084e-01  -2.7509056e-01   4.9667526e-02   1.9402436e-01   1.8235119e-01  -1.1039742e-01  -1.1588819e-02  -2.2365914e-01  -2.2162734e-01   1.6116204e-01  -1.8605411e-02   5.5942069e-01   2.6247864e-01   1.2323664e-01   5.3312964e-02   4.5817288e-01  -1.4743042e-01  -3.1215435e-01   1.5621448e-01   5.0381734e-02  -2.3578178e-02   2.2129536e-01  -5.7233759e-02   1.3953271e-01  -3.5526662e-03   1.6064464e-01
   3.9034777e-01  -5.4126638e-01  -3.8359077e-01   1.5181782e-01  -2.0791197e-01   1.6553664e-01   3.9802143e-01   6.3886959e-01   3.9695673e-02   3.1774278e-02   0.0000000e+00  -3.8047980e-01  -5.1005572e-02   8.0386118e-02   4.1400178e-01   1.2834964e-01  -4.7362127e-01   5.7278895e-01  -2.9113747e-02  -1.3525503e-01   1.5447481e-01   2.9014237e-01   3.9635221e-01   3.4906095e-01  -1.8907226e-01   4.5516281e-01  -3.6215482e-01   3.4382618e-01  -2.8476539e-01   5.6888576e-02   5.4051249e-01   4.9327074e-01  -2.8134223e-01  -1.3273125e-01   2.5353851e-01   2.3793848e-01   2.1661216e-01   5.0461396e-02  -1.4792529e-02  -5.7766452e-01   3.6406844e-01  -3.9159640e-01  -6.1502914e-01   6.3369003e-01   4.3954707e-01   3.2204765e-01   6.4250263e-01   2.0308008e-01  -1.1250786e-01  -5.4490010e-01   6.9282874e-01   4.7578047e-01  -3.5731191e-01  -3.3975563e-01   8.8922505e-03   4.3161819e-01   1.0398969e-01   4.8726748e-01   5.6171866e-01   3.8431532e-01  -9.6691874e-02   1.0491314e-01  -3.4895820e-01   5.8841621e-01  -3.1104588e-01   5.5719029e-01   8.1427299e-02  -4.0537681e-01   2.6676211e-01   2.4853855e-01  -5.4430548e-01   4.5119479e-01  -1.2127061e-02   2.0776841e-01  -2.8627978e-01   5.5872358e-01  -1.5549082e-01   2.9660235e-01  -3.6953239e-01  -2.1105301e-01   4.0798330e-01  -4.4176051e-02   2.3515178e-01   5.4935338e-01  -7.6235132e-02   2.3861844e-01  -1.6583912e-01   4.5390630e-02  -3.6941214e-01   2.6360423e-01  -5.0106319e-01  -1.1700686e-01  -3.1870473e-01   1.8523719e-01   9.7427227e-02  -4.4400750e-01   4.3393524e-02  -1.2809118e-01  -7.8428225e-02   1.5255743e-01   8.7560627e-02   7.1876841e-01   2.4990795e-01  -7.4719503e-03   6.0059763e-01   2.0901296e-01  -3.6460172e-01   2.9769705e-01   1.5039928e-01  -7.1058990e-02   7.5256807e-02   4.7231941e-01  -1.2040570e-01   3.1550464e-01   2.7358606e-01  -4.5093979e-01   2.7187949e-01   3.1817137e-01   3.1030617e-01   2.2867876e-01   5.6535449e-01  -5.5256309e-01  -2.3906607e-01  -2.4798456e-01   2.7087014e-01   1.6605309e-01   2.9721349e-01  -4.3465151e-01   1.1628324e-01   1.2110472e-01   1.4757321e-01   5.5431349e-01  -2.8801718e-01   3.4666379e-01  -2.3527865e-01   3.5629685e-01  -3.5186208e-01   2.5680514e-01   3.4330024e-01   1.8316337e-01   4.1738067e-01  -2.5268390e-01   6.2934986e-01  -3.2677941e-02   4.9546490e-01   5.2465869e-01  -5.4245805e-01   5.0694020e-02   3.1148226e-01   3.2989753e-01   3.1173124e-01   3.3121037e-01   3.3742528e-01   1.5001091e-01  -6.1474464e-01   2.4453426e-01   4.7209899e-01   5.0132699e-01  -1.2357583e-01   4.7234576e-01  -3.2110749e-01   7.7794575e-01   5.1456000e-01   3.9359454e-01   4.4017639e-01  -3.7551571e-01   4.1283611e-01   3.2408738e-01   4.9017481e-01  -1.3319965e-01  -5.0023371e-01   1.0208523e-01  -3.1162250e-03   1.4305225e-02  -3.2899933e-01  -1.9897068e-01   1.5239394e-02
  -2.9291231e-01   5.2818168e-01   5.6261925e-01  -2.3395979e-01   6.0991820e-02   6.0084373e-02   8.8955316e-02  -4.0389760e-01  -5.2385284e-02   3.8046320e-01  -3.8047980e-01   0.0000000e+00  -1.6593964e-02  -2.8283809e-03  -2.9516567e-01  -5.6293022e-02   4.5003240e-01  -1.0007906e-01  -3.0918855e-01   1.8273123e-01  -4.5057952e-02  -1.7251240e-01  -2.2219474e-01  -3.1946814e-01   2.3640337e-01  -3.5377020e-01   3.3328452e-01  -3.7499416e-01   2.0954861e-01   2.3488225e-01  -4.0898473e-01  -1.5175038e-01   6.1257098e-02   3.5073271e-01   2.0247525e-01  -5.4615203e-02  -1.0881613e-01  -1.1178817e-01  -5.3764183e-02   2.0544415e-01  -1.1770943e-01   7.0157499e-02   5.0076825e-01  -2.2752512e-01  -7.8326885e-02  -1.2441152e-01  -1.9752463e-01   5.4687634e-02  -2.8261780e-01   2.7225265e-01  -1.3790237e-01  -1.6402435e-01   6.0258159e-02   3.1996025e-01   2.7276905e-02  -1.0750287e-01  -1.2849964e-01  -4.5374960e-01  -1.8109407e-01  -9.0231082e-02   2.9125767e-01  -8.8608515e-03   2.4265615e-01  -1.5920303e-01   1.8761956e-01  -1.5819669e-01  -2.1691723e-02   2.7196135e-01  -5.5341625e-02  -6.9474606e-03   3.1021723e-01  -1.6010047e-01  -5.8167511e-02  -1.5539667e-01   2.6453912e-01  -3.0224858e-01   1.7106618e-01  -3.3047548e-01   2.7213475e-01   3.1160509e-03  -1.9533017e-01   2.2510926e-02   2.5127517e-02  -3.9300216e-01   1.1722910e-01  -1.6586753e-01   2.1177914e-01  -6.5637305e-02   5.7807873e-01  -3.1676823e-01   1.8745194e-01   1.6830415e-01   4.3000294e-01  -1.3351699e-01  -8.3456178e-02   2.1937532e-01  -1.3690534e-01  -6.7185826e-02   9.6140937e-02  -9.9888652e-02  -1.7434694e-01  -3.0308085e-01  -1.3141854e-01  -1.4426650e-02  -1.4335514e-01   1.5701539e-02   4.3149465e-01  -2.1804671e-01  -2.5861076e-01   3.8770121e-01   1.2058573e-01  -2.2638721e-01   4.5777441e-02  -2.0601199e-01  -4.4079745e-01   1.6626056e-01  -2.3276045e-01   3.9633865e-02  -1.4142206e-01  -1.9027906e-01  -4.0138931e-01   4.0164734e-01   4.9648171e-01   4.0018379e-02  -2.3897678e-01   3.9261528e-03   2.2906967e-02   3.1746259e-01   3.8176218e-02   3.4442323e-02  -2.4211082e-02  -1.1632628e-01   2.4545768e-01  -3.5445582e-01  -9.8445274e-02  -2.5113051e-01   1.4613684e-01  -1.9130992e-01  -1.3465377e-01  -3.3987986e-03  -2.1287334e-01   1.3222338e-01  -4.9104102e-01   3.4942285e-01  -2.6842195e-01  -3.1908440e-01   3.9079656e-01   2.7207915e-01   2.8847415e-02  -2.3631095e-01  -1.3434792e-01  -2.6002090e-01  -2.1825073e-01  -3.7535207e-02   4.6037713e-01  -1.6588441e-01  -2.8665124e-01  -1.2717111e-01   5.6665589e-02  -3.0007366e-01   2.4658902e-01  -2.8801633e-01  -1.2141887e-01   9.6829738e-02  -3.7354052e-01   2.7030429e-01   2.8254732e-03  -2.4598523e-01  -2.1918881e-01   2.4805375e-02   3.3691573e-01  -1.3727318e-01   8.8657139e-02  -3.1983891e-02   3.0958154e-01   1.5408525e-01  -1.5909300e-01
  -9.0059060e-02  -1.0517943e-01  -1.0178805e-01   1.9163990e-01   4.0565192e-01  -1.0631080e-01  -1.5843014e-01  -3.8318591e-02   6.1062383e-02   2.1965116e-01  -5.1005572e-02  -1.6593964e-02   0.0000000e+00  -2.2771138e-01  -4.2433212e-01   2.9109226e-01  -5.9646683e-02   1.1897175e-01   6.0091368e-02   4.2318325e-01  -1.8627330e-01   1.5802728e-01  -2.0990553e-01  -8.3269598e-02   9.0639140e-02   2.9524423e-03   2.1007569e-01  -4.2116215e-01   2.8494693e-01   1.1145326e-01  -3.1401773e-01   1.0040120e-01   2.2946609e-01  -2.9305255e-02  -1.0606168e-01   4.1468378e-01   2.9862191e-02   2.0531302e-01   4.2492617e-01   1.3466576e-02   7.3277092e-01   4.4174351e-03   1.1533258e-01  -2.6134832e-01   6.0225227e-02   9.4252699e-03  -1.8821014e-02  -1.7516969e-01   1.1342520e-01   4.8519552e-02   9.5774850e-02   1.7141004e-03   1.1079939e-02  -5.3189862e-02  -7.1370895e-02  -3.1892459e-01   1.2774724e-03   1.9343835e-01   2.6065467e-01  -1.7323771e-02  -2.7886577e-01   3.5720781e-01  -7.9609935e-02  -1.8693689e-01   2.0477302e-01   1.8010595e-01  -2.4511035e-01   1.8685685e-01  -1.6684998e-01  -3.9072590e-01   1.7229843e-01  -2.1780776e-02   4.3270449e-01  -3.5569770e-01  -4.6837118e-02   9.1585449e-02  -8.2790474e-03  -9.6208349e-02   3.1111763e-01   2.3337719e-01  -4.4313865e-01   4.0799631e-01  -2.9281941e-01   4.5560639e-02  -4.5331381e-01   5.2157450e-02  -2.7838799e-01  -2.6520082e-01   6.3913552e-02  -2.0726370e-02   1.6747703e-01  -2.6582634e-01   1.0135402e-01   2.3522728e-01   1.7871464e-01   3.7312800e-01  -7.8042470e-03   1.1541732e-01   3.4994863e-01  -2.2172868e-01  -3.9543726e-01  -3.0175619e-01  -2.1501003e-01   1.3486259e-01   4.5929350e-02   3.3289351e-01  -1.0609373e-01   5.4488290e-02   1.4077724e-02   2.2910519e-01  -1.9258561e-01  -1.1215725e-01   7.7950730e-02  -6.5329746e-02  -4.6469999e-01   1.0396082e-01  -1.2080645e-01   5.1638853e-01  -1.8699759e-01   1.7492720e-01  -2.6357258e-03   3.0627457e-01  -9.9767564e-02   4.2929065e-02  -6.1881303e-02  -2.3369974e-01  -1.1058948e-01  -6.1225020e-02   3.1841476e-01  -4.3059239e-01   5.4781089e-01   2.3522021e-01  -2.9448515e-01  -2.4219951e-01   8.6096219e-02   5.1531028e-02  -8.3560516e-03  -4.4963721e-01   4.9614874e-02   1.2262549e-01   4.4342325e-02   5.4153397e-01   4.5821676e-02  -2.3181481e-01  -2.2039096e-01  -2.2271517e-01  -2.8402796e-02   3.8569792e-01   9.5778839e-02  -1.8129427e-01  -4.7620318e-01  -3.0075070e-01  -1.2609530e-01   2.0342349e-01   3.2404959e-02   2.9605714e-01   2.6636967e-02   3.6722940e-01  -1.2804541e-01  -3.5851809e-01   2.7105396e-01  -1.3875167e-02   2.5490268e-01   3.5812446e-01   3.6775505e-01  -1.1710509e-01   2.8739443e-01  -8.9389282e-02  -3.0595476e-01  -4.6958189e-02   9.7921212e-02   5.7243732e-02   2.9683016e-01  -2.6433609e-01   2.2139655e-01   1.4353837e-01   4.5133070e-01
   4.7933808e-01  -5.2959587e-02  -2.2339329e-01   3.5512034e-01  -5.2479444e-01   2.7790468e-01   2.8307414e-01  -8.6891564e-02  -1.1371624e-01  -3.4849581e-01   8.0386118e-02  -2.8283809e-03  -2.2771138e-01   0.0000000e+00   5.3170512e-01   3.2693202e-01  -2.9335592e-01   2.7476451e-01  -8.8209764e-02  -5.2647693e-01   7.3240465e-01   2.6032296e-01   6.3268877e-01   2.4332902e-01   4.7785725e-01  -2.5007378e-01  -3.9337026e-01   3.4569093e-01  -2.1641341e-01   2.9108911e-01   5.3870252e-01   7.6822210e-02   2.9836336e-01  -3.6246315e-01   3.3185994e-01  -4.8759665e-01   2.8967046e-01   1.3481592e-01   1.7649211e-01  -5.2883349e-01  -7.9710633e-02   1.4965714e-01  -3.5230427e-01   5.6135015e-01   1.4474975e-01   6.0035238e-02   1.8816725e-01   3.9830779e-01   1.8441321e-01  -4.6324709e-01   2.2238685e-01  -1.5649864e-01  -5.0577682e-01   3.3942151e-01   5.3419028e-01   5.7754468e-01  -4.9475926e-02   8.4018363e-02   2.9288217e-01   3.4092924e-01   1.5254692e-01  -1.0994019e-01  -4.9008918e-03   2.9359909e-01  -2.7149797e-01  -6.8149515e-02   3.3820858e-01  -6.6582458e-02   3.8543597e-01   4.0702929e-01  -5.5307497e-01   3.0619187e-01  -7.0174955e-02   6.1165372e-01   4.1808762e-02   1.0893054e-01   1.3660274e-01   8.9870150e-02  -5.5098634e-01   2.7780758e-01   2.8809816e-01  -2.1280864e-01   5.2697830e-01  -2.0331780e-01   6.9251307e-01   4.4952233e-02   5.8767429e-01   8.2635141e-01  -3.3618405e-02   8.2489347e-02  -4.8576885e-01   2.8633282e-01  -3.2488935e-01  -1.1441106e-01   1.3582804e-01  -5.4903194e-01   2.1323796e-01  -2.6210339e-01  -8.3552372e-02   9.8782436e-02   2.7383740e-01   3.9492904e-01   7.7271366e-01  -1.7548844e-01   1.7776891e-01   1.1842657e-01   3.0306658e-01  -2.5967753e-02   1.7963211e-01  -1.1469900e-01  -1.1653192e-02   4.8495135e-01   3.7733543e-01   2.1694851e-01   3.5594957e-01  -4.6099819e-01   1.9488364e-01   5.3984967e-03   4.5539481e-01   3.6272047e-01   5.2417533e-02  -5.3358711e-01   1.9477933e-01  -2.2316734e-01  -7.4326693e-03   6.5139876e-01   2.9654732e-01   4.8055221e-02   3.6678891e-02   6.4309388e-01  -2.8782639e-01  -4.3571535e-01   5.9353028e-01   4.5652839e-01  -3.3997276e-01  -6.3060756e-02   1.9288456e-01   5.1629318e-01  -1.2827933e-01   1.1305375e-01   1.7499635e-01  -2.7338492e-01   1.4233919e-02   4.8100108e-01   3.1774038e-01   5.9120491e-01  -5.0570247e-01  -4.7463753e-01   3.0623756e-01   3.2759456e-01   4.6536267e-01   5.0422801e-01   5.2186295e-01  -2.4515290e-01  -3.1485236e-01  -5.0053435e-02   2.7863024e-01   1.9318972e-01   7.8684107e-02   4.5095221e-01  -7.1426185e-03   1.7588048e-01  -2.6783501e-01   2.4598734e-03  -3.6929491e-02  -2.1187689e-01  -1.6674289e-01   1.6462061e-01   2.5402380e-01   1.2711814e-01  -4.7775059e-01   3.5644598e-01  -2.0901559e-01   4.3740283e-01   6.7973511e-02   2.0734700e-01  -1.1821376e-01
