   0.0000000e+00   3.2714021e-02  -1.2451771e-01   1.6465207e-01   1.4986274e-01  -6.7523843e-02  -3.5381158e-01   3.4273639e-01   1.7703628e-01  -2.8535970e-01   5.2728861e-02  -1.4775628e-01   1.2408903e-02   3.5958668e-01  -3.3399037e-01  -2.2449168e-01   7.1973738e-02  -1.7819789e-01   2.6065100e-01   2.9076072e-01  -6.1808749e-01   2.4086004e-01  -2.9065853e-01   7.1063589e-01   5.2671437e-02   4.2477642e-01   6.5808148e-02   2.9563874e-01   9.8524171e-02  -2.6821746e-01  -3.3765517e-01   3.7826794e-01   1.4955633e-01  -4.9123223e-01  -2.3979027e-01  -1.6449195e-01  -1.1408102e-01   5.1007605e-01  -2.6107153e-01  -7.8416204e-02  -1.3404575e-01   1.5166983e-01   1.7391599e-01   2.0300002e-01  -6.6970439e-02   5.3619160e-01  -6.3036202e-02  -5.0336455e-01  -4.9599255e-02  -2.9027573e-02  -9.5632236e-02   3.4944866e-01  -2.2479937e-01   9.2171505e-02   1.3222288e-01   7.1542206e-03   2.5193075e-01   3.3445086e-01   1.2841681e-02   2.9453583e-01   2.9563750e-01   1.4670836e-01   1.1029436e-01  -1.9608522e-01   4.9430353e-02  -1.1725439e-01  -2.4277414e-01  -1.2959724e-01   9.9813031e-02  -5.1778010e-02  -4.7184642e-01  -1.7266501e-02  -1.9856152e-01  -3.8399954e-03   2.1837281e-01   3.1338708e-01   4.7267989e-01   1.8185203e-01   1.6049597e-01   1.2254921e-01   4.2317483e-02  -1.0947210e-01  -4.8557370e-01   3.9858120e-01   5.6491061e-01   3.7926631e-01  -4.1435088e-01   2.7518756e-01   1.2203930e-01   6.1876306e-01  -2.1436529e-02   1.9483008e-01  -1.2199189e-01   2.3441827e-01   1.7625792e-01   2.5769330e-01   2.8447416e-01   2.7038070e-01   1.7237557e-02  -2.9906376e-01   1.2066882e-01  -2.8926176e-01  -8.2342033e-02  -3.7866536e-02  -1.7264840e-02   3.3749730e-01   3.3668580e-03   3.6093978e-01   6.8188469e-04  -5.0963704e-01  -3.7629336e-01   3.2897974e-01   2.9731602e-02   7.7512866e-01   1.4989869e-01  -8.8300060e-02   2.4907212e-01  -7.4486905e-02  -1.1993399e-01   3.0263860e-01   7.3743297e-01   2.4933540e-01   1.2090415e-01  -2.9588773e-01   6.8703892e-01  -1.2453806e-01   3.6047720e-02   5.7565958e-02   2.3348444e-01  -5.7761467e-02  -1.1970476e-01  -5.2857100e-01   2.4451403e-01  -4.9363799e-01   2.4661647e-01   2.4666089e-01   2.6091234e-01  -3.2191206e-01   3.1032267e-01   5.0983381e-01   7.1202962e-01   1.6704611e-01   4.0020240e-01  -3.0996660e-01  -3.4595672e-01  -4.1472798e-01  -4.3622181e-01  -1.8745545e-01  -1.9362420e-01  -3.0284783e-01   1.2781649e-01  -9.9686137e-02   5.4826938e-01  -1.1127529e-01  -5.4022068e-02   7.9128145e-01   6.2037307e-01   3.4220600e-02   2.7257095e-01   1.6840382e-01   2.0801777e-01   3.7233383e-01  -3.1821949e-01  -2.1448980e-01   3.7982892e-01  -8.2640430e-02  -9.8327581e-02  -1.1328606e-01   6.7845787e-01  -4.2741400e-01   4.7419657e-02   4.6450807e-01  -1.3508453e-01  -1.9138525e-01   2.2276669e-01   1.0391848e-01   3.5866241e-01
   3.2714021e-02   0.0000000e+00   1.7656853e-01  -1.6210517e-01   4.9156514e-01  -3.7907137e-01  -5.7528246e-01   3.0670710e-02   1.3579222e-01  -1.3345971e-01  -2.1405681e-01   4.9066325e-02   3.5757946e-02  -1.9365088e-01  -2.2171558e-01  -5.5443086e-03   3.8879030e-01  -1.8318599e-01  -5.6729244e-02   3.4997045e-01  -4.7526501e-01  -3.8917423e-03  -4.8334434e-01   1.3508416e-01   2.5336652e-02   6.6998085e-02   9.1235700e-02  -9.0190942e-02  -7.6638938e-02  -3.0150302e-01   1.2094685e-01  -1.4809689e-01   2.8260136e-01  -1.0174906e-01  -3.4676477e-01  -7.7436920e-04  -3.0839097e-02   9.9656879e-02   1.9783685e-01   3.9758662e-01   6.0130590e-02   5.4038870e-02   4.1113203e-01   1.0950167e-01  -7.9818983e-03   5.5598727e-02  -4.1591646e-01   5.7016946e-02   1.1251755e-01   5.4658584e-01  -4.8195951e-01   5.6905332e-02   4.9493360e-01  -1.4376131e-01  -2.1291456e-01  -1.9150356e-01   1.4725200e-02  -1.5043726e-02  -1.1973372e-01  -9.4003502e-02   1.5563970e-01   1.2051662e-01   3.0959078e-01   2.0181883e-01   4.5288038e-01  -2.4177359e-01  -9.0718571e-02   1.1242348e-01  -2.2129006e-01  -2.5748572e-02   3.5511214e-01  -2.6758790e-01   2.5603046e-01   6.1507992e-02  -2.2067246e-01  -5.7781245e-02   1.5296642e-01   2.1403064e-01   5.8088825e-01   1.2276999e-02  -2.5621557e-01  -3.7558604e-02  -1.3386558e-01   8.9543605e-02   5.1866242e-02  -1.5157949e-01  -1.2072868e-01  -2.9121260e-01   3.5580384e-01   6.6734625e-02   6.8814935e-01   7.9852405e-02   2.9105869e-01   3.4630613e-03   1.4935701e-01   5.7108895e-01  -5.0605967e-03   8.5589958e-02  -1.9401571e-02   5.4572714e-02  -1.7954016e-01  -3.9027602e-01  -3.3504248e-01  -1.1049363e-01  -5.2912804e-01   7.8627743e-03  -2.4035551e-02   2.7370768e-01  -4.1623129e-01  -9.1640157e-02   1.6068707e-01  -1.1122623e-01  -1.0398027e-01   6.7586834e-02  -2.5736115e-01   6.7194155e-01   2.8948075e-01   7.3941891e-02  -1.7965202e-01  -9.5097818e-02   7.7566508e-02   6.0996289e-01   4.2083678e-01   2.2646066e-02   1.2984892e-01  -2.6442064e-01  -2.9461228e-01   5.3416703e-02  -1.3150564e-01   3.9404356e-01   2.3048508e-01  -2.3507195e-01  -1.2626347e-01   2.5692587e-01   8.0672956e-03  -6.3878306e-02  -1.7521618e-02  -2.7751355e-01  -1.7076867e-01   8.2370243e-02   2.8305446e-02   8.3706846e-02   5.3573706e-02  -1.2988264e-01  -2.9394812e-01  -2.0092688e-01  -7.8555250e-02   2.3177515e-02  -3.8826394e-01   6.1668374e-02  -2.3363119e-01  -1.0320596e-01  -4.2003245e-02   4.1490044e-01   6.5102550e-01   7.6508042e-02   5.1152536e-02  -1.1754307e-01   6.5689798e-02  -8.6430875e-02   2.0588820e-01   5.1734319e-02   3.1285112e-01  -4.3376128e-01   1.6215216e-01   2.3832362e-01  -1.1217135e-01  -1.4540538e-01  -2.1942271e-02   2.5224070e-01   2.3173892e-01   5.0484398e-02   7.2155275e-02  -2.9008278e-01  -9.9330683e-02   1.4377073e-01   9.2265365e-02
  -1.2451771e-01   1.7656853e-01   0.0000000e+00   1.3598859e-01   5.7929322e-02   2.4517004e-01  -4.2786202e-01   4.9383423e-02  -2.6657300e-01  -1.4462312e-01   1.4603784e-02   1.3382813e-01   1.2370899e-01   3.4934981e-01  -6.1375941e-02   3.8529062e-02   8.4331140e-01  -2.8237610e-01   1.5477977e-01   1.9979585e-01  -2.1914282e-01  -2.4281507e-02  -4.5553025e-01   1.5223735e-01   2.8246078e-01   1.4183724e-01   2.4778703e-01   1.3748591e-01   2.6099905e-01  -8.3735880e-02  -3.0829468e-01   1.7833297e-02   1.7246873e-01  -2.9577038e-01  -2.3668737e-01  -5.7941661e-02  -3.1427864e-01  -3.7896314e-01   6.7370040e-02   4.0747597e-01   6.0886132e-02   3.5223778e-01   2.3456785e-01   3.9477570e-01  -8.7558749e-02   1.1565447e-01   1.9634979e-02  -4.3030252e-01  -4.9405252e-02   6.0031475e-01  -3.7908765e-01   1.3128890e-01  -2.7927881e-01   4.4446830e-01   2.6844829e-01   1.4603772e-01   3.6372818e-02  -6.6679403e-02   5.2520166e-02  -1.5694507e-01   1.8973824e-01   7.9705575e-02   3.7800090e-02  -1.0826582e-01  -2.6343502e-01  -2.0355965e-02   3.4436897e-01   4.6172441e-03   2.2352853e-01   6.5699066e-01  -9.1629115e-02  -1.7701093e-03  -1.3175520e-01   6.2957446e-01   2.6391845e-01   1.0291079e-01   8.8704795e-03   1.3276833e-01  -9.5096373e-02   8.9779218e-02   9.7673360e-02  -2.0225395e-02   1.7135441e-01   1.5291007e-01   2.6206279e-01   7.9492517e-02  -3.3860284e-01   2.9601560e-01  -3.3013289e-02   1.3438657e-01  -8.9948951e-04   6.1113043e-01   3.3511820e-01  -1.6471263e-01  -4.1685167e-01   1.9095218e-01   1.9322213e-01   1.1552385e-01   3.6049994e-02  -3.1251865e-01   2.5912815e-01  -1.1645933e-01   9.4753513e-03  -5.0264383e-02  -3.1896086e-01   9.0576484e-02   5.8554848e-01   1.8551965e-01  -1.4413497e-01   1.1080022e-01   2.0259044e-01   1.4525963e-01  -2.3257800e-01  -2.1817370e-01   7.5039919e-02  -2.2024123e-01   1.6415901e-01  -1.1202656e-01   4.7800217e-01   1.6510383e-01  -2.0986155e-02   2.8602587e-01   4.4396645e-01  -6.9475830e-02  -4.7472405e-02   4.0535513e-02  -4.0463635e-02   1.5429831e-01  -1.0056357e-01   6.8192137e-01   6.1017176e-02  -3.8449874e-01   4.7254545e-01  -1.9582091e-01  -2.6333897e-01   6.0891951e-02   5.8709679e-02   1.2072591e-01   6.6672201e-03  -3.3714748e-01  -2.0652854e-01   1.1440610e-01   1.0764667e-01   5.2311080e-01  -4.6238053e-01  -4.1058929e-01  -2.1445296e-01   4.5417917e-02  -7.2454052e-04  -2.7497291e-01   2.6373638e-01   1.7755223e-01   2.6420392e-01  -8.2908588e-02   5.7415999e-01   6.8320658e-03  -1.9225860e-01   9.1878279e-02   5.1524313e-01   6.6637357e-02   8.5510979e-02   2.1568342e-01   2.2384537e-01  -2.2572454e-01   2.4158993e-02  -3.7830642e-01  -2.2690765e-01   2.8218376e-01   1.4235581e-01   1.9548084e-02  -2.9007239e-02  -2.9405276e-01  -3.1752842e-01   5.0686819e-01   3.0814923e-01   1.6810105e-01  -3.4674623e-02
   1.6465207e-01  -1.6210517e-01   1.3598859e-01   0.0000000e+00  -1.3636749e-01   4.8654423e-02  -1.6096566e-01   3.1170235e-01   4.6415630e-01  -2.8443710e-01   1.4126901e-01   1.8588027e-01  -5.5912580e-02   2.2150045e-01   9.9206914e-02  -1.6884739e-01   5.0384453e-02  -3.3312701e-02   3.1133976e-01   2.3155358e-02  -7.1086400e-02   4.7651365e-01  -1.2979689e-01   2.7602852e-01   5.3865924e-02   3.5388166e-01  -7.3104356e-02  -3.5735371e-02   3.3079110e-01   2.2803968e-01  -1.7664814e-01   4.9172451e-01  -1.1822845e-01  -1.8020684e-01   1.9422812e-01  -1.0412115e-02  -1.5427366e-01  -6.2859774e-02  -1.8077862e-01  -1.2724220e-01  -8.3165929e-03   2.2726599e-01   2.5732071e-01   1.5247765e-01   2.2517175e-01   1.4029895e-01   3.5146660e-01  -3.3107176e-01   1.8486822e-01  -6.2870915e-02  -4.7459037e-02   2.6267894e-01  -2.8605152e-01   1.0483278e-01   1.6461084e-01  -1.2177888e-02   1.0629241e-01   4.4845216e-01   2.8419787e-01   5.4690661e-01   1.7558400e-02   2.3176741e-01  -1.0529042e-01   7.8612398e-02  -6.7793008e-02  -3.8027602e-02  -8.2993997e-03  -6.1639165e-02   3.8844448e-01   1.4201658e-02  -3.3905936e-01   5.8572779e-01  -2.0610746e-01   1.8181729e-01   1.7575909e-01   3.2245895e-01   1.3087700e-01   2.2105071e-01  -9.8866352e-03   1.0993733e-01   6.4134160e-02  -7.5537144e-02  -2.0877884e-01   3.4524659e-01   1.6151956e-01   3.1957573e-01  -1.8284782e-01   8.5911932e-02  -3.6557571e-01   1.5840623e-01  -1.8791351e-01   1.8073098e-01  -6.0755856e-02   5.6066580e-01  -2.4722402e-01  -1.2931695e-01   4.5917387e-01   1.9076604e-01   1.3147395e-01  -1.7901967e-01  -6.0054711e-02  -3.2324860e-04   3.0172996e-01   4.9556446e-01   2.6071006e-01   4.9589805e-01   1.4999915e-01   3.3503893e-01   1.0762236e-01  -2.1354282e-01  -9.5828921e-02   4.3502651e-01  -6.6304767e-03   1.0446341e-01  -8.7600134e-02  -2.7109734e-01   1.5785947e-01  -1.5731776e-01  -1.1562370e-01   6.0451361e-01   1.2927479e-01   1.1075723e-02   1.7038571e-01  -3.9235351e-02   1.3940958e-01   4.1917205e-01   3.4325238e-01  -7.5190558e-02   5.3652148e-01  -8.0870252e-02  -2.1755311e-01  -2.8582898e-01   3.6710288e-01  -2.1699671e-01   3.5814817e-01   3.2745262e-01   2.9462950e-01  -6.1040850e-02   4.5303015e-01  -7.6023023e-02  -7.5168351e-02  -2.0504503e-01   1.8820788e-01  -3.3501650e-02  -1.4283600e-01  -1.6594232e-01  -2.1081555e-01  -5.0075179e-02   1.2707870e-01  -2.4880378e-01  -7.5687658e-02   1.0781903e-01   1.9267529e-01   1.7701551e-02  -4.2146791e-02   1.6031646e-01  -6.6004851e-02   3.8948897e-01   1.1584284e-01   2.2699139e-01   1.5647790e-01   2.6573029e-01  -1.9684217e-01   2.1498418e-01   3.3831498e-01  -2.6321367e-01   1.1933276e-02  -1.1049017e-02   2.7292393e-01  -2.5244925e-01  -2.5143191e-02  -1.1098444e-01   1.6902248e-02   4.3870406e-02   4.4059058e-01  -2.4446714e-01   5.0778649e-01
   1.4986274e-01   4.9156514e-01   5.7929322e-02  -1.3636749e-01   0.0000000e+00   1.2355947e-01  -3.6648433e-01  -9.3849732e-02  -6.3716667e-02   1.7648636e-01  -2.1734212e-01  -7.6676060e-02   3.6776854e-01  -2.4661521e-01  -2.5892442e-01   2.2370166e-01   2.5687095e-01   7.0094969e-02   1.4329514e-01   8.2767416e-01  -3.3890248e-01  -3.2375301e-01  -2.2235184e-01   6.0316356e-02   6.4008808e-02  -9.9996265e-02   3.3632279e-01   7.0334471e-02   9.4824456e-02  -4.5814044e-01  -1.4653386e-01  -1.8755881e-01   3.0402059e-01  -3.9075528e-02  -3.6385622e-01   5.8236658e-01   1.5612342e-01   2.5460317e-01   3.4113174e-01   4.5696673e-01   3.3894613e-01   3.0631289e-01   3.9600597e-01   3.5290555e-04  -1.0964067e-01   8.8736985e-02  -1.1755869e-01  -1.8525948e-02   3.2216901e-01   5.4301966e-01  -1.5779592e-01  -7.8727785e-02   2.5513893e-01   3.9529221e-04  -6.0364601e-02  -6.4039196e-02   2.6238715e-01  -2.6174365e-01  -8.9441078e-02  -2.8538728e-01   2.7753093e-01   2.7864084e-01   1.6200952e-01  -1.2085671e-01   7.3824510e-02   2.7474595e-01   2.9913715e-01  -8.0887517e-02  -1.1860910e-01   4.9900562e-02   1.0102937e-01  -2.2025809e-01   3.4335936e-01   7.7411272e-02  -4.4235906e-02  -1.9956204e-01   3.2814464e-01  -3.7779653e-02   5.9868822e-01   7.0809391e-02  -2.1405763e-01   2.1079270e-01  -1.1609818e-01  -8.6627855e-02   1.5052266e-01  -1.5281667e-01  -2.8675167e-01  -3.3467965e-01   2.3810031e-01   3.1293043e-01   7.6144276e-01   1.6614780e-01   5.0870231e-01  -2.6775835e-01   2.7091744e-01   8.3366193e-01   1.6437187e-01  -3.0379518e-02   3.9450062e-01  -2.6528793e-01  -1.5841355e-03  -3.0336593e-01  -3.7519899e-01  -3.9420976e-01  -3.7443725e-01  -2.3026887e-01   1.9984491e-01   1.2502722e-01  -1.2172977e-01   1.4050870e-01   2.8564161e-01  -2.7097615e-01  -2.4303311e-01   2.4737572e-01  -6.7043894e-02   5.2751885e-01   9.0442346e-02   3.8805764e-01   1.9490014e-02  -2.9851784e-01   1.6400919e-01   7.3041468e-01   2.9518518e-01  -3.4088826e-01   2.5631336e-01  -3.8268098e-01  -4.1839837e-01   2.4575201e-01  -2.5268835e-01   2.5140474e-01   4.2144551e-01  -2.5882605e-01  -4.9282571e-02  -2.2663788e-02  -1.6467236e-01  -2.1191467e-01   1.3380098e-01  -3.3343414e-01  -2.6541365e-01   2.4842312e-01   2.3821437e-02   2.1351948e-01  -5.7879388e-02   5.8492180e-02  -3.3590695e-01  -3.6173982e-01  -1.5596187e-02   5.3215118e-01   1.7670047e-03  -2.5926120e-01  -6.6030306e-02  -1.9390589e-01   1.3010297e-01   1.4674863e-01   5.7028248e-01   1.4032707e-01   1.7241166e-01  -5.1330333e-02   2.8912216e-01  -1.8303882e-01   8.5586956e-02  -2.7092103e-02   3.1901104e-01  -3.5550798e-01  -1.0643735e-01   2.5767057e-01  -1.4615108e-02  -1.1226039e-01  -6.6321189e-03   3.0764217e-01   3.6989267e-01   1.6374507e-01   1.3581803e-01  -3.6540970e-02   1.9554319e-02   2.1471636e-01  -1.6075585e-01
  -6.7523843e-02  -3.7907137e-01   2.4517004e-01   4.8654423e-02   1.2355947e-01   0.0000000e+00   3.4353732e-01  -2.1834918e-01  -3.7577748e-01   2.1229194e-01  -3.7394719e-02  -6.8299489e-02   1.5799790e-02   5.2833760e-02   1.3756642e-01   3.0438381e-01   1.8725739e-01   5.8143478e-02   5.4924635e-02   1.1161631e-01   1.7736793e-01  -3.3482885e-01   2.6295437e-01  -1.6663013e-01   5.5223805e-02  -2.0706799e-01   3.8682821e-01   3.4272989e-01   2.2343501e-01  -3.3834314e-02  -1.4635439e-01  -2.7229710e-01   1.0293572e-01   1.2263914e-01   1.1032580e-01   2.9760506e-01   1.2757201e-01  -1.1772339e-01   1.8087798e-01   3.1368643e-01   9.3560343e-02   9.6759801e-02  -1.3735965e-01   1.2839190e-02  -3.2970545e-01  -1.5488840e-01   2.7048679e-01  -6.2228622e-02  -5.0331186e-02   8.9144118e-02   2.0534341e-01  -1.7116005e-01  -2.4362588e-01   2.8961428e-01   2.3651411e-01   4.1794981e-01   3.1959492e-01  -3.8414513e-01   8.0443232e-02  -1.4974890e-01   3.0040412e-01  -1.1793413e-01  -1.4587471e-01  -2.4225852e-01  -5.3947508e-01   5.1026857e-01   7.4065819e-01  -2.9267875e-01   1.3580944e-01   5.6811635e-01  -5.8683985e-02  -1.5828748e-01   1.2091686e-02   4.1552023e-01  -1.8610332e-02  -2.3449794e-01   1.1178165e-01  -2.6892552e-01  -1.8719745e-01   3.7090447e-03   3.3139291e-01   2.0390571e-01   2.3413764e-01  -2.1466196e-01   1.8333115e-01   2.8478539e-02   6.8406689e-02   1.6550474e-01  -8.0568031e-02   2.1732932e-01  -4.2799579e-02   3.3480131e-01   2.1723958e-01  -1.7584266e-01  -8.2740944e-02  -1.9206338e-02  -4.6464402e-03  -2.4496914e-01   2.4997616e-01  -3.1757518e-01   5.0852088e-01   2.7189893e-01  -9.8974130e-03  -1.7294479e-01  -1.5943643e-02  -4.1778297e-01   2.2252501e-01  -4.0010525e-01   2.4335287e-01   2.7201983e-01   2.3227421e-01  -9.6490655e-02   3.6506244e-02  -1.3588138e-01   5.3338004e-01  -2.8758879e-01  -2.6956343e-01   1.0613616e-01   6.1479519e-01  -1.6260473e-01  -1.5532225e-01  -8.9285601e-02  -3.0633948e-02  -3.7937569e-01  -9.1330172e-02   7.4170370e-02  -2.5578560e-01   2.5366896e-01  -3.0784990e-01   1.9469088e-01  -1.5857044e-02  -7.0727700e-02   3.7321335e-01  -1.6613671e-01  -2.8576275e-01  -2.2769579e-01  -1.4983474e-01   3.3002249e-01  -1.6207041e-01  -2.1450628e-01  -3.3786427e-01   1.0251649e-01  -2.4204504e-01   6.2989502e-01  -1.6086285e-03  -2.2222410e-01   2.0442227e-01   4.3616945e-01   4.4126543e-01  -2.9119537e-01   6.0019173e-01   8.5021371e-02   1.7260788e-01  -4.2296381e-01   1.6998043e-01  -1.0510570e-01  -1.6925636e-01   1.5683965e-01   2.9184187e-01   7.0407251e-02  -4.3598207e-02  -2.3414782e-01   5.2221144e-02  -1.1192467e-01  -3.4831466e-01  -1.9099607e-01  -1.1418121e-01   3.3050674e-01  -2.2833367e-02   1.0725723e-01   2.6845766e-02  -1.8843795e-01  -1.5046126e-01   6.9042907e-01   7.5812831e-02   1.1381817e-01  -2.2684949e-01
  -3.5381158e-01  -5.7528246e-01  -4.2786202e-01  -1.6096566e-01  -3.6648433e-01   3.4353732e-01   0.0000000e+00  -2.1121245e-01  -1.3170960e-01   4.5702852e-01   1.1126545e-02   5.0031786e-02  -2.1013619e-01  -2.0752468e-01   4.0114432e-01   2.0982634e-01  -5.2936258e-01   2.0828870e-01  -2.1130873e-01  -5.0343246e-01   6.3854408e-01  -2.1394829e-01   8.8879239e-01  -4.7395555e-01  -1.5756929e-01  -3.0290906e-01   8.5189748e-03  -1.9427113e-02  -2.1046890e-01   2.0410085e-01   2.3830773e-01  -1.8659805e-01  -2.8428053e-01   6.1108040e-01   4.8905249e-01   1.9659143e-02   3.7428836e-01   2.5128324e-03  -9.4283155e-03  -2.3096909e-01   4.5079064e-04  -2.8467000e-01  -5.2954695e-01  -3.8514907e-01  -1.2976150e-01  -4.1843753e-01   1.0452701e-01   5.3069929e-01  -1.8535897e-01  -5.2989780e-01   5.8078103e-01  -2.6279813e-01   6.1951215e-02  -1.1270823e-01  -3.3167136e-02   1.7839278e-01   3.5405099e-02  -1.9686600e-01   6.7052547e-02  -4.3132144e-03  -1.4918400e-01  -3.1587804e-01  -3.4793992e-01   1.2854531e-03  -3.0971493e-01   4.0285153e-01   1.1167405e-01  -1.7023514e-01  -1.4834834e-01   2.1543954e-02   2.3103657e-01  -6.7201784e-02  -5.5224596e-03  -1.9341425e-01  -1.9914482e-01  -1.9864067e-01  -1.4347332e-01  -3.9718299e-01  -4.4526038e-01  -1.4623083e-01   2.7843757e-01   7.9778921e-02   2.3668765e-01  -3.0890490e-01  -3.1675626e-01  -5.2836262e-02   5.5806819e-01   1.9906821e-03  -2.0222156e-01  -3.0932167e-01  -3.9623235e-01  -3.6560976e-01  -2.1352169e-01  -4.7623614e-02   1.4472895e-01  -5.6459535e-01  -3.0196489e-01  -2.9178751e-01  -1.4781581e-01   3.3032400e-01   1.1026248e-01   6.1801956e-01   1.9044618e-01   8.9701716e-02   4.3937789e-01  -3.5291533e-01  -2.4128830e-01  -5.8408875e-01   4.1279118e-01   1.8430890e-01   1.0261094e-01  -1.7946070e-01   1.0094430e-01  -2.4045391e-01   3.4770731e-01  -2.6873775e-01  -4.4781637e-01   7.4137426e-02   1.0753781e-01  -2.9764536e-01  -3.5868995e-01  -6.4988546e-01  -5.5180816e-01  -3.8023656e-03  -3.2873767e-01   2.4389944e-01   1.0873015e-01  -9.0622606e-02  -1.8165516e-01  -3.8679668e-01  -1.5410098e-01   5.0531237e-01  -2.2394289e-01   1.9582652e-01  -1.2844847e-01  -1.5301589e-01  -2.7923397e-01   4.4010965e-01  -7.0915664e-02  -6.2857665e-02  -2.4481099e-01  -1.9096251e-01  -3.5459635e-01   1.8440162e-01   7.2276117e-01   4.2726699e-01   6.5882653e-01   1.7294066e-02   3.2157807e-01   1.7037485e-01   2.6805262e-01   6.9249992e-02  -3.2952766e-01  -2.9922778e-01  -4.9709727e-01  -3.2826993e-01  -2.2302369e-01   9.1344433e-02  -3.1612828e-01   4.2742558e-02  -3.6046705e-01  -3.8012560e-01  -1.1603011e-01   2.8306565e-01  -3.9722916e-01   2.0036027e-02   1.6101204e-01   6.9968425e-02  -3.5439366e-01   3.0754632e-02  -1.9879416e-01   6.4338934e-02  -1.6703913e-02   1.2297429e-01  -2.1748123e-01  -1.2463062e-01  -2.3725606e-01
   3.4273639e-01   3.0670710e-02   4.9383423e-02   3.1170235e-01  -9.3849732e-02  -2.1834918e-01  -2.1121245e-01   0.0000000e+00   4.1146263e-01  -2.7561239e-01   1.9379651e-01  -1.4189496e-02  -1.1381023e-01   3.4945129e-01  -2.5384262e-01  -7.2091783e-01   2.2634810e-01  -1.7560208e-01   6.6761587e-01   2.2849907e-02  -2.5339830e-01   6.6248074e-01  -2.3102096e-02   5.9846739e-01  -2.2081197e-01   8.6540233e-01  -2.5115241e-02   3.3157288e-02   1.0528130e-01  -5.5634847e-02  -2.6639964e-01   6.8815797e-01  -3.1500506e-01  -3.9530038e-01  -7.9363424e-04  -3.4420153e-01  -9.1942112e-02   1.4125538e-01  -6.7786261e-01  -1.0128513e-02  -2.5105323e-01  -1.8554029e-01  -3.0664267e-02   3.6898602e-01  -9.5253601e-02   5.1258008e-01  -8.8433780e-02  -2.3421049e-01  -2.1545323e-01  -9.1762629e-02  -1.4805507e-01   9.1978796e-01  -8.2799109e-02   1.5597175e-01   4.9418464e-02  -3.2604046e-02   2.4244889e-01   8.0699658e-01  -1.1131458e-01   6.6581384e-01  -1.4362504e-01  -1.7579685e-01  -3.0175927e-02  -1.6722815e-01  -1.3597482e-01  -2.5146063e-01  -1.4219918e-01  -2.9638978e-01   4.9781412e-01  -7.4606537e-02  -9.3468861e-02  -2.6498267e-02  -4.1154060e-01   1.5718966e-02   3.0228975e-01   8.9392119e-01   1.2710742e-01   5.3627019e-01  -2.0942748e-01  -2.0728664e-01   3.6043757e-01  -4.1365791e-01  -2.9894962e-01   8.9122650e-01   2.8196081e-02   7.7512730e-01  -2.1245097e-01   3.0381191e-01  -2.3213350e-01   1.3071115e-01  -8.0302789e-02  -4.4694139e-02  -1.5881832e-01   4.7931299e-01  -2.9065349e-01   8.6461548e-02   2.2761464e-02   8.0538901e-01  -2.8641833e-01  -7.1178664e-03  -1.9434439e-01  -2.4388420e-01   4.3497265e-01   3.9465601e-01   9.9970514e-02   7.3562642e-01   9.1421212e-02   7.0643682e-01   7.3478248e-02  -2.0911165e-01  -1.9122740e-01   5.5196627e-01  -2.8410986e-01   2.6562098e-01  -1.4714067e-01  -2.0553693e-01   5.2393252e-01  -1.1495617e-01  -1.6199667e-01   3.9043913e-01   4.9438904e-01   3.8580917e-02   7.0154958e-02  -1.3212137e-02   3.8148966e-01   3.4759510e-01   3.9460849e-01  -1.7539247e-01   5.5550082e-01   7.6639261e-02  -3.1877502e-01  -2.8648012e-01   1.7883800e-01  -2.6310697e-01   1.8964690e-01   8.6586574e-01   1.1447694e-01  -1.4484417e-01   8.3479786e-01   1.8973156e-01   2.3417916e-01   1.3108023e-01   8.1524301e-01  -2.8606785e-01  -1.5485799e-01  -6.7315747e-02  -3.0456017e-01  -3.1767201e-01  -2.7568384e-01  -1.1005539e-01  -1.0583515e-01   4.6702281e-01   3.9249803e-02  -6.1011985e-02  -2.1897078e-02   3.8589863e-01   2.2435901e-01  -7.2776808e-02   5.0604349e-02   7.5018072e-01  -2.0369826e-01   7.6743331e-01   3.4157443e-02  -1.1480441e-01   7.4452932e-01  -3.0784021e-01  -1.9257839e-01   1.9386230e-02   3.5221559e-01  -2.0555867e-01  -2.5360843e-01   3.2922460e-01  -3.9847485e-01  -2.9187083e-01   3.7321879e-01  -4.2587822e-01   7.1272335e-01
   1.7703628e-01   1.3579222e-01  -2.6657300e-01   4.6415630e-01  -6.3716667e-02  -3.7577748e-01  -1.3170960e-01   4.1146263e-01   0.0000000e+00  -2.1797879e-01  -3.2911621e-02   2.1002293e-01  -1.9246249e-01  -1.0570776e-01   1.1021034e-01  -4.7583672e-01  -2.0667649e-01  -4.1076453e-02   1.4899976e-01  -2.4870574e-02  -1.3504442e-01   5.2337110e-01  -2.7130371e-02   2.5961834e-01  -5.2807974e-03   4.2915751e-01  -5.4063038e-02  -3.4129164e-01   8.0419386e-02   7.8199008e-02   1.1411574e-01   3.9603902e-01  -2.7688655e-01  -7.3900817e-02   3.5613132e-01  -5.8391614e-02  -1.2120914e-01   9.1476760e-02  -4.0821376e-01  -1.2027032e-01  -2.7582257e-01  -6.4101923e-02   4.0527660e-01  -1.8450043e-01   2.6407904e-01   9.4809387e-02   2.5015197e-02   7.4588891e-02   5.4603850e-02  -2.4159987e-01  -1.6940590e-01   3.6434744e-01   2.2700598e-02  -2.6986404e-01  -1.5923610e-01  -4.1669186e-01  -2.1602768e-02   5.9259995e-01  -1.3977083e-01   6.0952645e-01  -2.4147411e-01   1.0988482e-01   4.4517889e-01   1.8559255e-01   3.9659497e-01  -1.9937127e-01  -3.0359981e-01   1.4094616e-01   1.4590611e-01  -3.0217686e-01  -4.3245660e-02   3.4825765e-01  -1.1551406e-01  -2.9062017e-01  -8.3440055e-02   4.2133309e-01  -7.2813294e-02   1.9359184e-01   1.7683913e-01  -5.4659800e-02  -1.1103240e-01  -1.2649084e-01  -4.7582074e-01   3.6356499e-01  -1.8711898e-01   2.2969224e-01   9.4046921e-02  -2.3403733e-01   1.0353697e-01  -2.6800600e-02   6.0853901e-02  -2.7993002e-01  -2.6555682e-01   6.4795035e-01  -1.3401384e-01  -8.3838142e-02   2.6118223e-01   4.0905263e-01  -2.8405697e-02   8.4342089e-02  -4.6701817e-01  -1.7291838e-01   6.6515441e-02   6.2048920e-01   1.2106510e-01   4.6252390e-01  -1.0481655e-01   5.2610960e-01  -9.7165836e-03  -3.6568642e-01  -2.7004004e-01   2.6659135e-01   1.5149735e-01   1.7995453e-01  -4.0179802e-01   4.2090011e-02   2.8713743e-01  -1.7554472e-01  -5.7474362e-01   3.3836655e-01   1.5513434e-01   3.2625047e-02   2.3547139e-01   2.1240485e-01   1.7751302e-01   3.5809891e-01   3.3035216e-01  -1.8574474e-01   4.8925832e-01  -1.9703491e-01  -3.1865130e-01  -1.1705550e-02  -1.2356882e-01   2.6469885e-02   6.3104522e-01   4.4242666e-01   2.6626740e-01  -3.2045517e-01   4.4736140e-01   4.5733609e-02   4.2414312e-02  -2.8336576e-01   2.1768034e-01  -4.6373122e-01   1.0668117e-01   6.1309554e-02  -8.3196225e-02  -2.3170968e-01  -2.3031610e-01   6.5164572e-02  -4.3880046e-01  -7.2633837e-02  -1.7758381e-01   3.0756392e-01  -1.5551752e-01   1.1604113e-01  -9.7791489e-03  -6.3221550e-02  -2.4040574e-01   2.1973780e-01   1.2256655e-01   2.5441957e-01  -1.5071905e-01   1.8265578e-02   4.9415553e-01   1.0377552e-01   3.7712960e-03  -3.9590838e-01   1.4145783e-01  -2.6840674e-01   2.5771459e-05   7.3187090e-02   2.2619230e-01  -4.4498868e-01   1.7193790e-01  -3.7054008e-01   5.3164582e-01
  -2.8535970e-01  -1.3345971e-01  -1.4462312e-01  -2.8443710e-01   1.7648636e-01   2.1229194e-01   4.5702852e-01  -2.7561239e-01  -2.1797879e-01   0.0000000e+00   1.6995602e-03   3.5650809e-01   1.7720223e-01  -2.4923154e-01   2.8660230e-01   3.9170401e-01  -2.2557830e-01   3.4862237e-01  -2.5081584e-01   1.1732953e-01   3.1600031e-01  -4.2880563e-01   5.6293539e-01  -3.6899330e-01  -7.9694401e-02  -2.7990367e-01   5.7425648e-02  -5.9159983e-02  -5.9538490e-02   9.8441708e-03   4.3562893e-03  -2.9590559e-01   2.1839996e-03   7.7587921e-01   9.6726458e-02   3.4015765e-01   4.6272962e-01  -6.4284916e-03   2.5898438e-01   2.5486027e-03   3.3879324e-01  -1.5658684e-01  -1.4397991e-01  -8.6679644e-02   6.7132166e-02  -3.0405586e-01  -2.4811604e-02   2.5583915e-01  -1.1757917e-01  -1.0445792e-01   4.6405978e-01  -2.9935379e-01   1.1494457e-01  -1.0024458e-01  -1.4599706e-01   1.7773127e-01  -4.9596365e-02  -4.2341108e-01   2.5442233e-01  -2.7112677e-01  -1.0451346e-01   8.1616030e-02  -1.8992045e-01  -1.2463654e-02  -1.9002430e-01   6.4853728e-01  -1.4606389e-02  -1.3862432e-01  -4.6403422e-01   6.5391379e-02   1.1858229e-01  -1.2304033e-01   3.0679623e-01   6.4999328e-03  -1.8264719e-01  -3.0157140e-01  -6.5040566e-02  -1.8567579e-01   1.2485458e-01  -4.7135220e-02  -3.9998608e-02   3.7234215e-01   2.6307738e-01  -3.2357297e-01  -2.2598751e-01  -1.9910033e-01   9.7698112e-02  -1.9780174e-01   9.0934307e-02  -1.7753969e-01  -2.0108215e-02  -2.3327711e-01   3.6638328e-01  -2.1159927e-01   1.7568935e-01   3.3831968e-04  -2.6255516e-01  -2.8720606e-01   1.9993302e-02   3.2032117e-01   1.1873367e-02   4.6552123e-01  -1.2259674e-01  -2.9821101e-01   1.6510899e-01  -4.3182381e-01  -1.7369349e-01  -4.4267623e-01   3.3782807e-01   4.5050814e-01   4.8181493e-01  -3.1883171e-01  -9.9533366e-02  -1.9636448e-01   1.3286189e-01   5.0881349e-03  -2.5030768e-01   3.9344467e-01   1.0149830e-01  -3.3639346e-01  -3.7368411e-01  -2.1386734e-02  -1.1047936e-01  -1.2408523e-01  -2.1561774e-01  -7.0846155e-02  -1.1327156e-01   9.2406320e-02  -3.3514221e-01  -1.4661981e-01   2.8420652e-01   2.7296095e-01  -2.4543579e-01   1.4028917e-01  -2.4851195e-01  -2.8061881e-01  -1.4438613e-01   5.1834041e-02  -2.9044125e-01   1.0062742e-03  -3.1485270e-01  -8.1456543e-02  -2.5639416e-01   2.9788203e-01   3.9167151e-01   8.6697736e-02   6.3875134e-01   4.5003321e-01   5.3828946e-01   2.1889156e-02   9.0134538e-02  -1.3763794e-01  -2.7533486e-01   6.7876969e-03  -3.5848457e-02  -2.3952274e-01  -2.4966846e-01   2.5863415e-01  -1.7914841e-01  -2.0614659e-01  -1.1150505e-01  -2.8978800e-01   3.0341081e-01   7.3886995e-02  -4.6015832e-01   4.7611382e-01   4.3030564e-01  -9.1571110e-03  -3.4924541e-01   1.7729857e-01   2.6694854e-01   2.4997464e-02   1.2796579e-01   7.9023686e-02  -1.1130405e-01   8.8183654e-02  -3.5528453e-01
   5.2728861e-02  -2.1405681e-01   1.4603784e-02   1.4126901e-01  -2.1734212e-01  -3.7394719e-02   1.1126545e-02   1.9379651e-01  -3.2911621e-02   1.6995602e-03   0.0000000e+00  -1.4619526e-02   7.5944019e-02   1.0287228e-01   1.8791214e-02  -8.8376832e-02   6.8307119e-02   4.6165167e-01   2.0516154e-01  -1.6855213e-01   1.5312268e-01   2.0829365e-01   9.0779434e-02   8.5537276e-02  -1.0687114e-02   8.7855145e-02  -4.9069407e-02   1.1311629e-01  -4.0283149e-02   4.2952099e-01  -3.3729697e-02   4.6823388e-01  -1.7563231e-01  -1.2147959e-01  -2.3135300e-02   1.2357267e-01  -5.7002571e-02  -2.6552129e-01  -1.3189089e-01  -2.5852252e-01   5.6019211e-02  -6.5752123e-02  -2.8175892e-01   2.7548530e-01   2.1380588e-01   2.4956259e-01   5.3269710e-01  -1.2963245e-01  -1.4930027e-01  -2.1888746e-01   4.6096365e-01   1.1949934e-01  -2.8125311e-01   6.6469962e-02  -5.8327166e-02   3.0443254e-01  -1.7480101e-01   1.9478744e-01   3.3187158e-01   1.3091103e-01  -3.7718853e-02   2.3387084e-02  -9.9709045e-02   3.1266560e-01   5.7973132e-02   1.4197018e-02  -1.5387405e-01  -1.4363652e-01   2.5514409e-01   5.3836305e-02  -2.4578611e-01   3.3171046e-01  -1.2828058e-01  -7.6203499e-02   7.9836092e-02   2.3537070e-01  -4.4772818e-02   7.4551828e-02  -1.4256075e-01   6.9664942e-02   1.0212323e-01  -2.1676382e-01   1.5446621e-01   1.5781781e-01   1.6567467e-01   2.6940587e-01  -1.7541610e-01   1.5467493e-02  -8.0797947e-02   5.6327104e-02  -3.4285508e-01   8.0162479e-02  -3.1919959e-01   1.1825233e-02  -3.2914268e-01  -2.3170779e-01   7.2741040e-02   5.4592213e-02  -5.8319957e-02   6.3391424e-03   1.4664286e-01   3.6973779e-01   1.0248498e-01   5.4995304e-03   5.3748370e-01   3.2829466e-01   8.3627140e-02   9.5145753e-02   1.2342271e-02   3.0446628e-01  -2.6552899e-01   3.0155487e-01  -5.9732616e-02  -1.3150679e-01   1.6162128e-01  -2.5644762e-01   8.3503085e-02  -3.9839189e-02   8.8572036e-02   4.0169447e-01   8.2280179e-03  -2.5484486e-01  -8.1181317e-02   1.5413673e-01   6.1718494e-02  -4.1038817e-03   3.7114480e-01  -4.0888473e-02   3.9333433e-01  -5.6323019e-02  -3.8134137e-03   2.8184622e-01   7.6303625e-02   8.5922270e-03   9.4982493e-02   2.5231560e-01  -2.3280426e-02   1.1682492e-01   2.9317928e-01  -2.2194394e-01   3.0469358e-02   5.6171307e-03   3.5449195e-01  -1.5930696e-01  -3.7494699e-02   1.8305097e-01  -2.2950150e-01   1.3402208e-01   2.3070947e-01   1.6600692e-01   1.1861726e-01   3.7063854e-02   8.2063799e-02   3.0544465e-01  -3.5210942e-01  -2.7488805e-03  -9.2946721e-02   1.6688082e-01   3.2285862e-02   6.3996151e-02  -4.4337529e-02   3.5141057e-01   1.4847910e-01   4.0629742e-01   1.1769737e-01  -9.1693074e-02   3.1392985e-01   5.9358518e-02   1.0651861e-01  -2.4355771e-01  -3.1143566e-01  -1.5755989e-01   1.1529025e-01   1.6816002e-02   9.9909316e-02  -2.2971965e-01   8.8193372e-02
  -1.4775628e-01   4.9066325e-02   1.3382813e-01   1.8588027e-01  -7.6676060e-02  -6.8299489e-02   5.0031786e-02  -1.4189496e-02   2.1002293e-01   3.5650809e-01  -1.4619526e-02   0.0000000e+00   1.3900996e-01  -1.0497766e-01   5.7009356e-01   1.6873114e-01  -5.3515084e-02   1.9451993e-01  -1.6784802e-01   1.4545161e-01   5.9454786e-02   1.3323160e-01   9.4791046e-02   2.8794708e-02   1.1014484e-02   1.1314888e-02  -6.1365845e-02  -2.9935146e-01   1.9262302e-01   3.1887079e-01  -1.0708208e-01   5.5092052e-02   1.7731807e-02   4.2633681e-01   4.7056335e-01   1.7685073e-01   3.1495857e-02  -1.6416521e-01   2.0563480e-02  -9.9273909e-02   6.5324530e-02   5.1352740e-02   3.0125667e-01  -1.1669313e-01   5.6225321e-01  -8.8680202e-02   1.3790399e-01  -3.3144442e-02   5.6735481e-02  -4.4738856e-02   5.8117676e-02   7.6293053e-03  -2.2558704e-01  -2.2322895e-01  -8.8866103e-02  -3.4762853e-01  -3.8408447e-01   5.7858150e-02   1.8698077e-01   1.6735131e-01  -2.1409893e-01   3.6598689e-01   7.5906249e-02  -8.9235473e-03   9.4503692e-02   3.9776950e-01  -2.2128375e-01  -7.1401171e-03  -1.3445893e-01   7.4766698e-02  -2.0295893e-01   3.3742503e-01   1.3030743e-02   1.6910432e-01  -5.3067409e-02   3.5124608e-02  -2.2490721e-01  -5.2287588e-02   2.9595331e-01   1.1168896e-01  -1.1257838e-01   2.1276911e-01  -2.6140821e-01  -3.5889531e-02  -1.9428354e-01  -6.8305729e-02  -6.5689953e-02  -1.8537998e-01  -8.5269265e-02  -1.8558641e-01  -2.1827939e-01  -2.1297580e-01   2.6950488e-01   1.8065571e-01  -1.7992812e-01  -1.3097587e-01   2.0592516e-01  -7.6786705e-02  -3.2596840e-02   1.6348666e-01  -3.9263712e-01   3.2454850e-01  -7.2307731e-02   3.0255226e-01   2.8031768e-01   1.1344949e-01  -1.4667457e-01   6.5017771e-02   3.3007519e-01   4.3879044e-02   2.5016812e-01   2.3276308e-02   1.1190847e-01  -1.0121273e-01  -2.8388114e-01  -2.0380061e-01  -5.4476593e-02   3.9046934e-02  -2.9307925e-01   2.2059239e-01  -1.7594242e-01   1.7308203e-01   3.5657615e-01   1.6983363e-01  -8.8878357e-02   4.2703047e-01   3.4128148e-01  -8.0201338e-03   1.7313658e-01  -5.9155103e-02   6.0872351e-03   1.9575674e-02   2.8468295e-02   6.6908602e-02   2.2056927e-01   5.4197544e-03   1.9599984e-01  -2.4151256e-01   6.8230907e-02  -9.6558286e-02  -2.2951265e-01  -1.2107490e-01   3.8687480e-02   2.6199661e-01   2.1466841e-01  -6.0525873e-02   3.6081730e-01   2.2906481e-01   5.1781571e-01  -9.5970965e-02  -2.7436548e-01  -1.7798660e-01  -2.2410003e-01   2.0662697e-01   5.2896945e-02  -4.2388286e-02  -2.7418217e-01   2.8394810e-01  -2.6954196e-01  -5.5633816e-02   2.4754624e-01  -3.9562565e-02   1.9675786e-02   2.9584337e-01  -3.0736033e-02   3.7922604e-01   4.9268752e-01  -2.5609894e-01  -5.3176285e-02  -2.2534988e-01   4.5175778e-01  -1.6419132e-01   2.2316625e-01  -9.2515365e-02   7.0788523e-02  -1.0610306e-01   6.9032098e-02
   1.2408903e-02   3.5757946e-02   1.2370899e-01  -5.5912580e-02   3.6776854e-01   1.5799790e-02  -2.1013619e-01  -1.1381023e-01  -1.9246249e-01   1.7720223e-01   7.5944019e-02   1.3900996e-01   0.0000000e+00  -1.9288282e-01   1.9625397e-02   3.4460989e-01   1.0239935e-01   2.4084521e-01  -1.3564400e-01   4.4561018e-01  -4.2626387e-02  -2.4803446e-01  -1.1685361e-01  -8.8419639e-02   3.0814695e-01  -1.9963133e-01   1.3949460e-01  -1.1600771e-01   3.0589514e-01  -1.7893604e-01  -2.0146786e-01   1.8163612e-03   1.4654820e-01   2.6595761e-02  -7.9366144e-02   3.2183036e-01   1.3016277e-01  -5.9781357e-02   3.2574465e-01   1.2713627e-01   6.6463008e-01   2.6228421e-01   9.3179509e-02  -2.6237617e-02   1.5161428e-01  -6.4032845e-02   3.6624680e-02  -1.6719333e-01   3.2723986e-01   2.0743783e-01   1.6971405e-01  -1.4243491e-01  -1.3849361e-01   8.4214512e-02   5.8657716e-02  -1.2010559e-01  -2.1635045e-01  -1.7175494e-01   3.1592459e-01  -2.1841642e-01  -9.7569855e-03   4.3129781e-01   5.4987273e-02  -1.4521320e-01   2.9092155e-02   2.5206086e-01   5.2962994e-02   7.4389618e-02  -7.4810391e-02   2.0167866e-03  -2.1304428e-01   7.6760976e-02   4.3327383e-01  -2.1560461e-02   2.2514645e-01  -1.4744402e-01  -5.3347495e-02   6.9544699e-02   2.5176845e-01   3.4702459e-01  -2.2507127e-01   5.2241569e-01  -1.4657215e-01  -1.8212498e-01  -6.3559499e-03  -1.5190777e-01  -2.5571093e-01  -1.1898504e-01   5.9505726e-02   1.4333057e-02   1.4927936e-01  -9.2227325e-02   2.2349883e-01  -1.3394052e-01  -3.6837499e-02   2.7038149e-01   2.4468577e-01  -1.1199718e-01   2.0869864e-01  -8.0672731e-02  -1.1980961e-01  -4.9719305e-03  -2.2692906e-01  -1.5002776e-01  -8.6935996e-03  -1.2355502e-01   2.6646423e-01  -4.7868209e-02   1.7767271e-01   8.4064155e-02   9.7067015e-02  -1.8865727e-01  -7.7364234e-02  -3.5239248e-02  -1.7434318e-01   4.9422748e-02   4.3456324e-02   6.8573861e-01  -6.8980820e-02  -9.4561656e-02  -8.2666583e-02   3.1860802e-01   2.5685277e-01  -1.0047189e-03  -1.9380781e-02  -1.2749512e-01   2.3905917e-02   3.0106651e-01  -1.2666451e-01   3.5178235e-03   6.7956552e-01  -2.9047655e-02  -1.1585440e-01  -1.0689467e-01  -1.6748089e-01  -2.0684885e-01   3.4808523e-01  -3.0379629e-01  -1.9470341e-01   7.0331939e-02   2.0373625e-02   3.2315039e-01   9.0134096e-02   9.0271067e-03  -1.3746891e-01  -1.5511562e-01  -1.1553619e-02   2.1453613e-01   2.1219663e-01  -4.5061402e-02  -1.5069271e-01  -2.5783121e-01   1.3778568e-02   9.7306070e-02   1.6906552e-01  -3.2864269e-02  -5.8720317e-02   3.3245007e-01   1.2743320e-01  -2.9528053e-01   4.3988066e-02   4.2992979e-02   1.8908353e-01   6.1135395e-02  -2.5848136e-01   1.6620500e-01   2.0597319e-01  -1.9418477e-01   3.3860717e-02   3.9852564e-02   2.5980399e-01  -3.4298358e-02   1.2245444e-01  -8.0149498e-02   1.2681187e-01   1.9452800e-01  -2.4627522e-01
   3.5958668e-01  -1.9365088e-01   3.4934981e-01   2.2150045e-01  -2.4661521e-01   5.2833760e-02  -2.0752468e-01   3.4945129e-01  -1.0570776e-01  -2.4923154e-01   1.0287228e-01  -1.0497766e-01  -1.9288282e-01   0.0000000e+00  -1.8268318e-01  -2.4754052e-01   2.4179687e-01  -2.7378903e-01   3.7411774e-01  -3.4813769e-02  -2.1303653e-01   3.6229492e-01  -1.6776615e-01   6.1717096e-01   9.7348403e-02   3.4303838e-01  -2.0767720e-01   5.3350556e-01   1.3257585e-01   9.6558857e-02  -2.2321250e-01   3.7745972e-01   1.4102732e-01  -4.5791507e-01  -2.1494489e-01  -3.5822965e-01  -2.8464159e-01  -6.5621327e-02  -3.1244679e-01  -1.8784273e-01  -1.6170618e-01   4.4810415e-02  -3.9089626e-02   5.6591462e-01  -1.4353425e-01   4.7838506e-01   8.5388479e-02  -4.8775038e-01  -2.3089091e-01  -8.5587267e-02  -1.8040127e-01   3.5581837e-01  -4.1255684e-01   4.9843414e-01   5.3252894e-01   3.0998422e-01   1.6285945e-01   2.7234589e-01   8.1484709e-02   2.1845356e-01  -3.8981791e-02  -8.2392227e-02  -1.6530155e-01  -1.9842296e-01  -3.0949132e-01  -1.5442107e-01  -4.9950221e-03  -2.7101759e-01   3.6849557e-01   1.9751990e-01  -3.5955856e-01  -6.5811609e-02  -4.1575849e-01   5.2062372e-01   3.5552582e-01   4.1941988e-01   6.2228528e-02   2.7334150e-01  -3.1969605e-01  -5.6467318e-02   4.4632714e-01  -3.0287420e-01   1.0015944e-01   4.5405875e-01   4.0980962e-01   5.0363469e-01  -3.0963348e-01   7.8152361e-01  -1.7373256e-01   3.5841994e-01  -4.4587358e-01   3.4168290e-01  -9.5404291e-02   7.0392781e-02  -3.2567125e-01  -5.4375046e-02   1.8862482e-01   2.2293567e-01  -1.3216936e-01  -1.4920975e-01   3.4687730e-01  -1.4773666e-01   5.9633690e-01   7.7664880e-02  -9.9389487e-02   3.8053714e-01   2.1495043e-01   2.5078939e-01  -5.5406124e-02  -7.1320941e-02  -1.8062182e-01   5.7134146e-01  -7.5397055e-02   1.1077370e-01   2.6785223e-01  -4.8029276e-01   2.6440534e-01  -3.5223116e-01   4.1278756e-01   3.1324625e-01   3.6849237e-01  -1.6807959e-02   6.6528709e-04  -1.6756339e-01   2.7816043e-01   2.1263074e-01   1.9808493e-01   8.0713328e-02   1.8830289e-01   1.1354898e-01  -3.3241770e-01  -4.9336325e-01   6.8431503e-01  -3.4050535e-01  -4.6745462e-03   3.7081000e-01   6.5473804e-02   2.7642035e-01   3.1673603e-01  -9.9398815e-02   1.7878618e-01   1.0720213e-01   3.1101982e-01   1.8375957e-01  -2.9407716e-01  -2.3035216e-01  -4.5789720e-01  -2.9704574e-01  -5.3986175e-02  -2.7259236e-01   2.9234813e-01   5.6694415e-01   4.4938628e-01  -1.9646232e-01  -2.0048922e-02   4.0303672e-01   1.3422958e-01   2.8220007e-02   2.2728173e-01   4.4517044e-01  -2.5564244e-02   3.9902304e-01  -1.6221804e-01  -9.1010231e-02   3.1233061e-01  -4.7996430e-01  -2.4168054e-01   5.6253088e-01   4.4426509e-01  -3.2349257e-01  -3.2503237e-01   2.2596340e-02  -4.5376646e-01   2.9897358e-01   3.4704674e-01  -4.0216696e-03   2.7622952e-01
