   0.0000000e+00   1.3877602e-01   3.5082183e-02   1.6003324e-01  -2.0362540e-01  -1.3389575e-01  -1.7524652e-01  -7.7968227e-02  -3.0486044e-01  -1.7729361e-01   2.1353657e-01  -7.2079727e-02  -1.2749858e-01   2.3961407e-01  -3.2922995e-03  -1.1663402e-01  -1.5652470e-02   3.3345243e-01   1.6944213e-01  -1.6405403e-01  -7.5480140e-02   1.8780363e-01  -1.1075726e-02   5.4977946e-01  -1.9723949e-01   1.8341345e-01  -5.2680224e-02   5.3817026e-02  -7.7002776e-02   1.7457371e-01  -1.3449006e-01   1.7404730e-01  -1.7113182e-01  -3.0366436e-01  -1.2074924e-02  -1.5093815e-03  -1.5319537e-01   4.1176364e-01  -6.1613132e-02  -2.2313161e-01  -1.9029970e-01  -1.5185064e-01   5.4624039e-02  -1.6682787e-02   1.8360531e-01   4.2607191e-01   1.6270744e-01  -3.1865835e-01  -1.1694164e-01  -2.5112962e-01   2.0196422e-01  -1.8823637e-02  -2.9945256e-01   1.8203543e-01   2.8717069e-01   3.6398456e-02   5.3929355e-02   1.4111593e-01   1.4926041e-01   2.1691310e-01   2.5699061e-01   2.6858754e-01   5.1197663e-02   1.8260203e-01   7.9343204e-02   4.6977584e-02  -8.2483381e-02   2.5696516e-01   1.1671704e-01   2.4064788e-01  -2.9721297e-01   2.3367058e-01  -7.9098915e-02   3.5698530e-01  -1.0750288e-01   5.8537736e-02   3.4622184e-01   1.1262010e-01  -3.6762311e-01  -2.3722250e-02  -1.3827620e-01  -2.6736361e-01  -1.2076769e-01  -1.5708874e-01   1.4547324e-01   2.4570256e-01  -8.5510438e-03   2.7451764e-01   3.3647645e-02   4.8347762e-01  -2.5700804e-01   2.6366632e-01  -1.9014674e-01   8.1837917e-02   3.6620699e-01  -1.7431318e-01   2.3345387e-01   1.3074114e-01  -9.6564562e-04   2.3731478e-02   7.4932295e-03   2.4217728e-01  -6.7575204e-02   1.7995677e-01   1.4337017e-01   1.2577583e-01   8.3646535e-02   2.8928948e-02  -8.0408254e-02  -2.3868547e-01   4.2605387e-02   1.7000515e-01   5.7828504e-02   5.5430578e-01   2.0150548e-01  -2.9509143e-01   8.8269944e-02  -1.7160103e-01  -3.1093304e-02   2.3990021e-01   5.3600110e-01  -1.4787789e-01  -1.7130283e-01  -1.5806205e-02   4.2207734e-01   3.0329119e-01   1.4453247e-01  -8.8602434e-02   2.1331683e-01   3.0356856e-02  -1.5811385e-01  -9.5220603e-02   3.3224490e-01  -3.2300997e-01   2.4279164e-01  -1.3154202e-02  -6.2526494e-02  -3.0194936e-01   6.2871209e-02   3.8046809e-01   4.7813484e-01  -3.1416394e-01  -7.1403594e-02  -1.4984631e-02   6.0187923e-02  -3.1078727e-02  -3.0370678e-01   9.3465255e-02  -1.1136577e-01  -8.9222257e-02   2.8919612e-01  -2.3814754e-01   2.4403548e-01   1.9940981e-01  -2.0382485e-01   4.7385348e-01   4.6525785e-01   5.7183878e-02   1.8667741e-01  -1.0440252e-01   5.2622072e-02   1.4477238e-01  -3.6176287e-02   1.4847461e-01   1.8312941e-01  -2.0415401e-01   2.0814897e-01   5.9296203e-02   4.8747605e-01  -2.2755229e-01  -1.5208830e-01   2.7465526e-01   2.3871832e-01   1.4322849e-02  -1.2871275e-01   2.4659009e-01   2.8290274e-01
   1.3877602e-01   0.0000000e+00   2.8197897e-01   3.5659716e-01  -3.2788904e-01   2.4098600e-01  -2.2878485e-01  -6.2919871e-02  -1.4314074e-01  -1.7228398e-01  -6.8319818e-02   3.6485653e-01  -8.5614136e-02   2.7522214e-01   1.6680797e-01   2.9203543e-01   2.2871390e-01   2.6104181e-01   4.3589872e-01  -5.4832617e-02  -3.3626289e-02   4.9210521e-01  -3.3519654e-02   9.7913449e-02  -1.6383653e-02   3.7055903e-02  -3.5248086e-02   9.2280673e-02  -9.9070937e-02   5.9108624e-01   9.0806755e-02   2.5462853e-01   1.9689132e-01  -5.5224014e-02   4.9736904e-02  -2.2874195e-01  -1.8231523e-01  -2.3962163e-02   1.6059729e-01   4.6543229e-02  -5.8717073e-02   5.7412494e-03   6.1334249e-02   1.2043464e-01   1.1867498e-01   1.1151547e-01  -1.4021488e-02  -3.9636836e-01  -8.0059824e-02  -6.3921838e-03  -6.6884584e-04   1.2768653e-02  -1.8137906e-01   4.9389736e-02   3.0196823e-01   1.6445062e-01   2.2981775e-01   3.2792981e-01   1.0571788e-01   5.5632066e-01   1.0248252e-01   2.2131367e-01   1.0717487e-01   3.1037060e-01   2.0045923e-01  -3.4193341e-01   2.5542385e-01   1.1361402e-01   2.8515558e-01   2.2147842e-01  -2.2505237e-01   1.1583139e-01  -3.6146891e-02   2.2165254e-01   7.5310338e-02   3.2259495e-01   7.6712441e-02  -1.2399608e-01  -3.2894434e-01   1.9325730e-01   1.3527530e-01   4.7678030e-02  -2.5779099e-02   1.6133520e-01   2.5111380e-01   5.7291732e-02  -4.9026493e-02   1.3543953e-01  -4.3436932e-03  -5.5322375e-02  -1.0561866e-01   2.0383403e-01   8.6680155e-02   2.2988852e-01  -8.9833701e-02  -2.4472836e-01   8.6904817e-02   1.0368957e-01  -5.8407943e-02   2.1630514e-01   1.1094555e-01  -5.3691534e-02   2.0987288e-01   4.5520174e-01  -1.0482934e-02   2.4041246e-01   6.4105147e-02  -1.1435935e-02   4.7958529e-02  -3.4525705e-01   1.2042673e-01   2.7222473e-01   1.6407689e-01  -9.9850991e-02   1.1989842e-01  -4.3031438e-01  -1.9129854e-01  -3.5211734e-02   9.9970927e-02   1.6389333e-01   4.7521067e-02  -1.3862078e-01   1.3678681e-01   2.6933586e-01  -1.0424702e-01   3.5744608e-01   3.5807487e-01   1.4265145e-02   2.6228284e-01   1.6976365e-01   1.1744846e-01   1.4518084e-02   5.0923176e-01  -3.1456520e-01   3.1242780e-01   2.5523900e-02   1.3645673e-01  -1.9211275e-01  -7.5124342e-02  -1.4657402e-01  -1.0960956e-01  -7.9554765e-02  -2.1662037e-01   2.5948184e-01   2.8207729e-01   1.0982183e-01  -6.2709615e-02  -1.9279838e-01  -1.1107924e-01  -9.0431113e-02   3.2595228e-01   4.1640821e-02   2.1395475e-01  -1.5273732e-01  -3.0650607e-02   3.3730097e-02  -1.7494998e-01   8.6707713e-02   1.6934466e-01   1.0949212e-01  -1.8325956e-02  -5.7838539e-02  -3.3301867e-01   1.9042396e-01   3.4351494e-01  -1.4104125e-01  -1.4323504e-01   1.5088197e-01   1.9099734e-01  -2.7370001e-01  -9.9133279e-02  -1.7961847e-01   1.6023994e-01   1.5647769e-01  -1.9551461e-01   9.4411043e-02   4.8319863e-01
   3.5082183e-02   2.8197897e-01   0.0000000e+00  -1.0968858e-01  -1.8659296e-01   4.9341751e-01   9.5829351e-02  -2.6495785e-01  -1.9916812e-01   1.9917562e-02  -3.8073854e-01   6.9772665e-01   1.4519343e-01  -1.5523632e-01  -8.2076899e-02   1.5352573e-01   8.5761711e-01  -9.5606362e-02   1.1073311e-01   4.6380247e-01  -5.2876726e-01   1.4241248e-01  -1.8642787e-01  -7.6472475e-02  -1.1209149e-01  -3.0295823e-01  -4.3667107e-02  -4.5323603e-02   2.0044932e-01  -1.6274537e-01  -3.5148212e-01  -4.0227577e-02   1.0975353e-01   2.6337314e-01   3.2374724e-01  -9.4199674e-02  -4.2065822e-02  -2.1524096e-01  -4.9520180e-02   4.0266220e-01   2.2810638e-02   3.8689579e-01   5.8033745e-01   3.5456952e-02  -2.0942230e-01   3.9893447e-01  -9.3693936e-02  -4.7388145e-01  -3.0397732e-01   9.0581887e-02  -4.2854835e-01  -3.4157279e-01   3.6958830e-02   5.9864759e-01  -2.7614164e-03  -2.8685188e-01   1.4662542e-01  -1.8396448e-01  -3.9495483e-01   4.4268919e-01   4.2333321e-01   9.9787735e-02   3.5585652e-01  -2.2010901e-01  -1.3278279e-01  -2.9877057e-01   3.9538338e-01   3.2484597e-01   1.5014091e-01   2.7911753e-01   2.8488031e-01  -7.5205996e-02  -4.6790255e-02   1.4350583e-01   2.9881890e-01   5.5371558e-04   1.3292784e-01  -9.2735800e-02   1.0325335e-01   1.9199872e-01  -2.2708628e-01  -5.7558424e-02  -2.0610154e-01  -2.4064291e-01  -9.9762708e-02  -2.3184559e-01  -2.1793096e-01   2.5473267e-01   4.7760115e-01  -1.6483729e-01   8.6481888e-02   7.1850087e-01   5.1618846e-01   2.2432563e-01  -7.7633791e-02   2.7206259e-01   3.4035709e-01   2.2061637e-02   5.2106562e-02  -2.9364318e-01  -1.1077847e-02  -4.1307353e-01  -4.9963202e-01   2.0740756e-01  -4.4433241e-01   2.1576211e-01   6.9969222e-01  -1.7071155e-01   4.4416544e-02  -1.0217771e-01   6.9774647e-02  -3.6602070e-01  -1.3887133e-01  -1.6438779e-01   7.6938972e-02  -3.9884078e-01  -2.0809117e-01   4.7680068e-03  -9.9320530e-02   1.2221512e-01   1.0700971e-01   3.6902165e-01   4.9851320e-01  -3.0583679e-01  -1.5136220e-01  -3.8862373e-02  -8.8947585e-02   3.6311804e-01   2.5431762e-01   5.4457823e-01  -7.6736393e-02  -4.0501242e-01   8.2377811e-03  -1.7894503e-01   4.2340228e-01  -4.0458632e-01   3.8241271e-01  -2.1354721e-01  -5.0885829e-01  -1.2990747e-01  -1.1690622e-01   8.8220059e-02  -3.8701428e-01   4.4181674e-01  -2.5142653e-01  -3.0564194e-01   4.9183398e-01  -4.4200001e-01   9.6730985e-02  -3.0393341e-01   1.4429085e-01  -3.9673551e-01   3.4325363e-01  -2.1801789e-01   5.9597525e-01  -1.5476984e-01  -4.7449939e-03  -1.8798166e-01   3.3529859e-01  -3.6608282e-01   3.6786412e-02  -2.6140575e-01  -3.3821332e-01  -8.5259135e-02   1.9761160e-01  -1.2617538e-01  -2.3374495e-01  -1.1880911e-01   2.6289171e-01   1.0962735e-01   2.0463093e-01  -2.2725230e-01   3.1707462e-01   6.0609728e-01  -1.3076803e-01   4.0781352e-01   2.4670540e-01
   1.6003324e-01   3.5659716e-01  -1.0968858e-01   0.0000000e+00  -3.3580177e-03  -7.7955290e-02  -2.1817110e-01   2.7157633e-01  -2.3769602e-01  -3.8083261e-02   4.0361306e-01  -2.5878309e-01   1.4373588e-01   5.6698179e-01   2.3496501e-01   3.4531187e-01  -2.3170231e-01   6.3501894e-01   4.4561960e-01  -5.0696149e-02   3.9306638e-01   5.3358778e-01   2.2545763e-01   1.9462274e-02  -9.6062954e-02   3.5785530e-01   1.0709793e-01   3.7622392e-02   1.4124011e-01   3.6671134e-01   2.5223856e-01   4.3343499e-01   1.6566921e-01  -1.6737474e-01  -1.0430141e-01   2.9955056e-01   1.5837576e-01   2.0176234e-01   4.8795835e-01  -1.8249568e-01   1.0465666e-01  -4.0706333e-02  -2.3188544e-01   1.9451219e-01   5.8723809e-01   1.0844296e-01   3.3902304e-01  -1.7447040e-01   3.6124066e-01  -3.5986791e-01   5.3936741e-01   1.7467636e-01  -3.4813610e-01   9.2442465e-02   1.7814000e-01   3.1159524e-01   1.2150239e-01   6.0441866e-01   5.3919425e-01   1.2492929e-01   1.6964323e-01   5.2708201e-01  -2.3759865e-02   1.9790003e-01   1.7471693e-01   3.5506082e-02   1.5512898e-01   2.9099637e-01   4.8709220e-01   1.3947015e-01  -6.0611325e-01   6.8570590e-01   1.3969824e-01   3.1376550e-01  -7.4212397e-02   3.2909686e-01   1.7852979e-01   9.1241493e-02  -3.0096887e-01   2.3898849e-01   2.9092408e-01   1.9344942e-01   2.1580510e-01   3.1320973e-01   2.7955703e-01   1.0867434e-01   4.7331752e-02   6.2803979e-02  -3.5530921e-01  -5.7860190e-02  -3.0009154e-01   2.0625266e-01  -2.6742077e-01   1.2563848e-01   1.5742112e-01  -3.2073531e-01   2.2281215e-01   3.0534838e-01   4.5264895e-01   4.6000047e-01   8.5566892e-02   1.5663214e-01   5.1627523e-01   2.1620693e-01   5.8457293e-01   5.4913978e-01  -2.2264645e-02   1.2060453e-01  -1.7542126e-02  -2.1674959e-01   1.4707660e-01   5.8248217e-01   2.4526688e-01  -1.0206338e-01  -7.8450906e-02  -5.9455169e-02   1.1622052e-01   1.2635998e-01   1.1657448e-01   7.1903382e-01   2.0653813e-01  -5.4203468e-01  -4.5482297e-01   3.2851443e-01  -4.3609879e-02   3.5178652e-01   2.5663754e-01  -7.5019809e-02   4.6252354e-01  -6.8900185e-02   1.5492017e-01   3.2296176e-01   5.6910033e-01  -1.3309319e-01   3.2476223e-01   1.7882563e-01   1.7537218e-01  -8.1969015e-02   1.2893005e-01   1.1030880e-01   1.0653127e-02  -1.6949683e-01   1.2677826e-01  -1.6810734e-01   4.0550040e-01   4.1988657e-01  -4.1995208e-01  -1.7090877e-01  -1.2976745e-01   1.8456670e-01   1.3290438e-01   4.2687630e-01   1.1921190e-01  -1.6640642e-01  -4.9760148e-01   1.7142088e-01   2.7834681e-01   3.5498241e-01   1.5774785e-01   4.0547686e-01   4.7342813e-01   3.7519361e-01  -1.9676365e-01   5.2583128e-01   4.3109411e-01  -1.3982687e-01  -1.4618731e-01   7.4350004e-02   2.9260174e-01  -4.4612744e-01  -2.3112441e-01   1.6529501e-01   3.3810104e-01  -3.7351089e-01  -3.0194557e-01   3.1858828e-02   4.7100863e-01
  -2.0362540e-01  -3.2788904e-01  -1.8659296e-01  -3.3580177e-03   0.0000000e+00  -1.7617162e-01   4.5834505e-02  -9.2060494e-02   3.7341651e-01   2.6066633e-01  -2.2485418e-02  -2.1906030e-02   2.2968842e-01  -1.7584808e-01  -5.3421571e-02   4.7598726e-02  -1.7572377e-01   6.7329090e-02  -9.7692184e-02   5.5283314e-01  -7.3173549e-02  -1.2549003e-01  -1.2815021e-01   1.2009903e-02  -6.0982919e-02  -1.2577729e-01   1.0313237e-01  -2.3500735e-01   1.0808964e-01  -2.0728142e-03  -1.7323698e-02   1.2459059e-01  -1.0622512e-01  -6.6488318e-02   1.0596563e-01   5.1106001e-01   9.6217416e-03   2.6030262e-02   1.3966592e-01  -1.5249319e-02   3.1927299e-01  -7.8021236e-02   5.2060325e-02  -1.8219026e-01   8.6829576e-02  -4.0574091e-02   9.8619166e-02   2.9326304e-01   9.6588676e-02  -5.6426241e-02   1.3835090e-01  -2.2966842e-01   1.8868377e-01  -1.4805422e-01  -1.6890140e-01  -1.8447984e-01  -1.4931857e-01  -1.1487353e-01   1.9362433e-01  -1.2964267e-01  -7.0979337e-02  -4.0495642e-02   2.3917012e-01  -1.9959265e-01   4.0675470e-01   2.3777814e-01  -2.7487080e-01   1.4748323e-01   2.0654028e-01  -1.8393323e-01   3.4577037e-01   7.1908950e-02   3.3720411e-01  -3.2136548e-02  -1.8424461e-02   5.0844704e-02   5.6717735e-02  -1.0593377e-02   6.5703687e-01   2.8037232e-02  -1.5369792e-01   2.0336507e-01  -2.3134921e-01   1.8340359e-02  -1.8715187e-01   1.6816909e-01   3.2997602e-02  -1.4497242e-01   1.3466054e-01  -1.9617182e-02   5.9453145e-01  -1.3758095e-01  -2.6759984e-01   1.3849093e-01   7.1856649e-03   5.9742333e-01   2.5833047e-02  -7.8867783e-02   3.8042408e-01  -1.6457706e-01  -2.6743487e-01  -8.3651568e-02  -1.6704668e-02   5.7247004e-02   1.0134258e-01   1.0837017e-01  -2.7320735e-01   4.4285572e-01   7.7190567e-02   1.6751547e-01  -3.2367042e-01  -8.9991953e-02   1.5224529e-01  -5.4206041e-02  -2.2146253e-01   3.4300175e-01   1.0402996e-01   3.7635740e-01  -3.0179439e-01  -8.7457456e-02  -1.3602814e-01   3.5561301e-01   2.9081570e-03   9.9136102e-02  -6.7507229e-03  -2.0055577e-01   1.0873742e-01   1.8321070e-02  -4.8244756e-02  -1.7295866e-01   2.2969763e-01   1.4574504e-01  -1.6554844e-01   6.9216085e-02  -1.4450895e-02   1.7550446e-01  -3.1307315e-02  -8.9682405e-02   1.6769940e-01  -2.1238548e-01   4.8639178e-02   1.4388051e-01   8.6113212e-02  -3.8018009e-01  -1.9230740e-01  -5.2725313e-02  -5.1771692e-02   1.0869307e-01  -7.5900225e-02   3.8795131e-02  -1.9626016e-01  -1.3108563e-01  -3.3180104e-01   1.9235855e-02   1.3248879e-01  -8.0475921e-02   4.5649595e-02   1.5848941e-01  -1.7956305e-01  -1.1880069e-02   1.6532869e-01   3.8815250e-03   1.4895466e-01   1.4352563e-01   7.3928233e-02   2.9278189e-01   4.1978169e-02  -1.6044763e-01  -2.9959546e-01   1.5480141e-01   2.8571992e-01  -1.2329848e-01   1.6437657e-01  -1.6471834e-01   2.5506473e-02  -2.0290807e-01   4.7102009e-04
  -1.3389575e-01   2.4098600e-01   4.9341751e-01  -7.7955290e-02  -1.7617162e-01   0.0000000e+00   3.1774955e-01   2.8379335e-02   8.6826013e-02   2.5523682e-01  -8.5084189e-02   4.1557671e-01  -2.5870354e-02  -9.2558799e-02   2.5320058e-01   4.4001527e-01   4.5424486e-01  -2.4496980e-01   2.1468683e-01   9.2446755e-02  -2.3802562e-01  -2.7565765e-01   3.0787744e-01  -2.1486064e-01   2.0948797e-01  -9.2185070e-03   4.3682040e-01   4.8819681e-01  -2.4028589e-01  -1.8296165e-01  -1.7042984e-01  -2.1829729e-01   4.2408577e-01   6.9548928e-01   3.8646273e-02  -1.3502866e-01  -4.6678664e-02  -4.1079638e-01   1.7716790e-01   5.5852612e-01   2.5508177e-02   3.9651423e-01   2.0422926e-01   6.9148966e-02  -2.7580568e-01  -5.0236626e-02   2.8546240e-01  -1.9107998e-01  -3.9484512e-01   5.5454210e-01  -8.5161488e-02   8.7616889e-02   7.6028346e-02  -2.8035411e-02  -2.7836328e-02   6.9499820e-02   4.7697320e-01  -3.5849595e-01  -2.1843982e-03   3.0805205e-01   3.1434747e-02  -4.9694249e-02  -9.7924851e-02   1.0429481e-01  -4.7295377e-01   2.3240506e-01   6.5957527e-01  -6.5872422e-02  -5.3191752e-02   5.8432794e-01   1.3162203e-02  -2.9568366e-01   3.4882547e-02  -8.9704538e-02  -4.1547228e-02  -2.1790351e-01  -1.2070869e-01   7.6503588e-03   1.2538340e-01  -2.8034332e-01   2.7886509e-01   1.9455689e-01   9.6168204e-02   1.6742982e-01   2.7359024e-01  -1.9263209e-01  -3.9541928e-01   1.0853279e-01  -1.5157033e-01  -1.8141787e-01  -1.3155873e-01   2.7338287e-01   6.0386685e-01  -4.8301452e-02  -3.8870964e-01  -5.7565028e-02  -2.3771643e-01   2.2640191e-01  -1.3693244e-01  -5.7296679e-03   1.4753408e-01   1.5018777e-01  -1.1203297e-01  -1.8318483e-01  -3.1699954e-01  -2.3016527e-01   2.6662692e-01   8.6780369e-02  -2.4548445e-01   1.4655719e-01   5.1016845e-01  -1.6745126e-01  -2.0703416e-02  -7.0793049e-02   4.2420352e-01  -2.2108309e-01  -1.9004369e-01   6.7070013e-02   3.2358033e-01  -1.6724728e-01  -2.4362110e-01   9.1473258e-02   2.9103156e-01  -2.0708891e-01  -1.5799016e-01   6.9862943e-02   3.1425122e-02  -1.5269529e-01  -3.1702342e-01   6.0452658e-01   2.8060717e-01   1.5706820e-02  -8.0147087e-02  -1.6478202e-01  -5.0958589e-02  -1.0227436e-01  -1.7737190e-01   3.2310895e-02  -2.3075767e-01  -2.1962844e-01  -3.9790429e-02   1.5962777e-01  -1.8616002e-02   7.0535295e-01   1.4563274e-01  -3.0749657e-01   4.9587582e-01  -2.7087980e-01   5.5620282e-01  -4.0838630e-01   2.5737316e-01  -4.1222113e-02   3.2347575e-01  -1.0575401e-01   3.8518416e-01  -3.6494611e-01  -3.2064512e-01   2.5878934e-01   2.9602681e-01   1.2991125e-01   6.3833321e-02  -1.1926628e-02  -1.4766717e-01  -3.9664915e-01  -3.2815786e-01   2.8847359e-01  -1.4608277e-02   2.1184639e-01  -1.6431430e-01   1.0099420e-01   3.2080629e-01  -1.9712780e-01  -3.0478256e-01   4.7018237e-01  -1.0152481e-01  -2.5175441e-01  -1.6898712e-01
  -1.7524652e-01  -2.2878485e-01   9.5829351e-02  -2.1817110e-01   4.5834505e-02   3.1774955e-01   0.0000000e+00  -1.4589404e-01   1.3425203e-02   6.8770196e-01  -2.1793141e-01   2.9842762e-01   1.0677115e-01  -3.1377165e-01  -2.3436136e-01   8.0208308e-02   6.7193828e-02  -1.6023935e-01  -3.3064465e-01   3.1510882e-01  -3.1394243e-01  -1.5823760e-01   1.2446961e-01  -3.0995711e-01   1.5482896e-02  -2.3190597e-01   2.9179150e-01   1.3008604e-01   1.8058356e-01  -3.4293752e-01  -5.2314391e-01  -1.2910827e-01  -4.3962516e-02   5.6154723e-01   3.3520392e-01   8.9064714e-03   3.3384323e-01  -2.7240139e-01  -1.5378013e-01   3.7132521e-01   3.2192306e-02   1.8675137e-02   3.9020020e-01  -1.2252583e-01  -2.4520352e-01  -9.0608287e-02  -1.1357408e-01   4.2713510e-01  -4.2219632e-01   1.2286367e-01  -2.1677772e-01  -6.5850511e-02   8.0940285e-02   8.2337364e-02  -9.6452473e-02  -3.5377035e-01  -1.2430852e-01  -2.3311211e-01  -2.8274665e-01  -2.9859867e-02  -3.1799209e-01  -1.2103640e-01   1.2874213e-02  -4.9396949e-01  -4.6417781e-01   3.9689115e-01  -7.2079900e-02   4.6766173e-02  -2.5208787e-01   7.1646013e-02   2.8637091e-01  -3.2366641e-01  -8.9937334e-03  -3.4719405e-01  -1.0504230e-01  -1.0978051e-01  -3.7927349e-01  -1.5184087e-01   3.9582407e-01  -2.8338401e-01  -1.6916801e-02  -1.6924370e-02  -2.2950667e-01  -2.6882383e-01  -2.3344436e-01  -6.8764648e-02  -2.1800790e-01  -8.9499930e-02  -1.7405633e-03  -1.8147605e-01  -7.9474368e-02  -1.1732344e-01   5.2882680e-01  -1.2662448e-03  -2.1761204e-01   8.9580116e-03   8.0952111e-04  -3.2580619e-02  -4.5411892e-02   2.4796175e-02  -3.4701508e-01  -1.6482680e-01  -3.1257624e-01  -2.5698069e-01  -2.1154666e-01  -1.9528871e-02  -1.8328854e-02   7.6835479e-02  -9.8793239e-02   2.4645235e-01   1.5285611e-02  -2.5792947e-01  -2.5142181e-01   7.1382400e-02  -1.4523331e-01   1.7790440e-01  -2.6311483e-01   1.7523779e-01  -7.8960217e-02  -1.9359353e-01  -2.3625669e-01   1.9998280e-01  -1.0705000e-02  -5.2520112e-01  -1.2685884e-01  -2.9985451e-01  -1.1682464e-01  -3.8205264e-02  -7.4178871e-02   1.8588258e-01   8.4906938e-02  -3.4717468e-01  -4.0828767e-01  -9.6954468e-02  -1.7019643e-01  -2.0065908e-01  -9.5824465e-02   4.3794293e-02  -2.6695488e-01  -5.8793808e-03  -1.5406510e-01   1.9503621e-01  -1.2327381e-01   1.9835651e-01  -1.2687602e-01  -4.5183267e-01   6.4776169e-01  -1.8115163e-01   5.0101210e-01  -2.1083746e-01  -1.9846380e-01  -2.0804374e-01  -2.5428447e-01  -2.5245797e-01   3.0911526e-01  -1.5208130e-01  -2.0733374e-01  -1.5590603e-01  -3.2566249e-01  -1.0878876e-02  -8.6767092e-03  -7.4725513e-02   3.2867405e-02  -2.4471223e-01  -2.0836174e-01   3.2117636e-01  -1.8632094e-02  -3.6766985e-01  -2.5682056e-01   1.4116880e-01   3.6315754e-01  -1.2272183e-01  -1.6538131e-01   2.6598108e-01  -2.2104323e-01  -2.8685113e-02  -1.1846768e-01
  -7.7968227e-02  -6.2919871e-02  -2.6495785e-01   2.7157633e-01  -9.2060494e-02   2.8379335e-02  -1.4589404e-01   0.0000000e+00  -7.8420347e-03  -1.0952516e-01   3.6917053e-01  -3.1826497e-01   1.0312514e-01   1.1490183e-01   2.2590549e-01   3.1311997e-01  -1.7294624e-01  -3.2581610e-02   2.8483435e-01  -2.8241467e-01   4.1838227e-01  -7.0191626e-03   3.1267359e-01  -1.7026803e-01   3.0868926e-01   4.5749027e-01   2.2814638e-01   1.6951421e-01  -1.4202682e-01   8.2531958e-03   2.5249889e-01   1.0908085e-01   3.1565340e-01  -4.2634119e-02  -4.3848956e-01   4.2437170e-02   1.0353687e-01  -8.1130201e-02   3.9701290e-01   3.2760530e-02   1.6720294e-01   1.8119514e-01  -4.3012668e-01   5.1445819e-01  -1.4295398e-03  -2.6728149e-01   2.4318589e-01  -1.4686276e-01   3.4093458e-01   1.8547381e-01   3.0182547e-01   5.4382189e-01  -1.7059601e-01  -3.1837910e-01   3.2582496e-03   3.2957416e-01   2.5767089e-01   1.5003087e-01   1.8744177e-01  -2.3665731e-01  -6.6403395e-02  -2.6593447e-02  -4.7985554e-01   2.4770900e-01  -2.3064814e-01   9.7422928e-02   1.9746382e-01  -3.3672787e-01   9.7514441e-02   5.8025531e-02  -3.7818052e-01   1.8219997e-01  -8.5345759e-03  -1.0011765e-01  -4.1130599e-02   6.1592215e-02  -9.7821037e-02   2.0698572e-01  -1.2231823e-01   2.6104737e-02   3.0004227e-01   1.0652627e-01   2.7585355e-01   4.8731655e-01   1.3573087e-01   9.7723833e-02  -1.8138300e-01  -9.8722991e-02  -4.0335905e-01  -1.0703448e-01  -1.1838029e-01  -2.3560267e-01  -5.4207934e-02  -2.3084756e-01  -7.8279226e-02  -1.8530725e-01  -2.4579552e-01   4.2318414e-01  -1.2749147e-01   1.8975122e-01   1.0900166e-01   3.1153727e-01   4.2100800e-01  -3.3295814e-01   2.5863161e-01   1.0066295e-02  -2.0638949e-01   1.7171803e-01   6.9662859e-02   1.0553295e-01   1.4194548e-01   1.9326856e-01   3.3616929e-01  -2.0572941e-01  -3.8477888e-03  -5.3113419e-02   2.9557935e-01  -5.9042505e-04   2.3283839e-01  -1.8053610e-02  -1.4186874e-01  -2.6391291e-01  -1.0195279e-01   1.6758400e-01  -6.1593584e-02   3.0099046e-02  -1.4442688e-01  -6.2906810e-02  -1.0815683e-01  -7.0028497e-02   1.5507859e-01   3.0809123e-01   9.2537273e-02   4.4165760e-02  -2.0229446e-01   4.8801218e-01  -2.9751083e-02   8.0029371e-02   3.9857789e-01  -6.8037596e-02  -1.2522855e-01   8.1149069e-02   4.5320926e-01   5.4853877e-02   1.9426343e-01   2.6421966e-01  -2.2202382e-01   3.8529833e-02   3.5906620e-02  -8.0520928e-02  -1.9306298e-01   4.5515391e-01  -1.0220123e-01  -6.5549476e-02  -1.9724769e-01  -1.2511188e-01  -4.5872942e-02   1.6634995e-01   9.9714962e-02   4.4610697e-01   1.8424735e-01   3.4499669e-01   4.2071268e-02   4.2441896e-02  -1.1533843e-01   8.7402865e-02   9.6699714e-02   2.5931265e-01  -2.0662076e-01  -1.7915981e-01  -7.0550439e-02   6.7853143e-02  -3.1327609e-01  -5.8134804e-02   1.3459534e-01  -2.7401003e-01  -1.8416357e-02
  -3.0486044e-01  -1.4314074e-01  -1.9916812e-01  -2.3769602e-01   3.7341651e-01   8.6826013e-02   1.3425203e-02  -7.8420347e-03   0.0000000e+00  -2.3970664e-02  -2.8113533e-02  -3.2783824e-02  -1.5831616e-02  -1.5520928e-01  -3.3000422e-02   5.1441950e-02  -3.2926695e-02  -3.7945512e-01  -1.2864581e-01   2.8983713e-02  -1.2161706e-01  -4.6634651e-01  -1.4294320e-01  -2.3281716e-01   1.5861943e-01  -1.8213982e-02  -1.0885015e-02   1.5565550e-02  -2.8841702e-01   2.8784182e-02   1.3222453e-01  -1.8092096e-01   2.8320893e-01   1.8256458e-01   2.2302557e-01  -4.4710581e-02  -6.4007389e-02  -2.5994094e-01   1.0106694e-01   1.3205738e-01   9.0626167e-02   9.8821575e-02  -1.1753091e-01   6.4478941e-02  -3.5863742e-01  -3.1371563e-01  -5.7866405e-02   4.8662825e-01  -1.5455685e-01   3.2540898e-01  -1.1529351e-01  -1.8526708e-01   6.0967086e-01  -3.1711304e-01   3.0977059e-02  -5.3263687e-02   3.5819942e-02  -3.8335074e-01   1.5601434e-01  -1.3487263e-01  -2.2485256e-01  -3.6733275e-01   2.5893389e-01   2.8917841e-01   3.5313913e-01  -1.8878734e-02  -1.8246333e-01  -1.3721628e-01  -4.5369873e-02  -2.3667254e-01   4.4208546e-01  -2.9890107e-01   1.4601205e-01  -4.5173361e-01  -1.1976680e-01  -2.7030314e-01  -2.3128421e-01   2.2067019e-01   4.7966467e-01  -3.4159014e-01  -1.0345437e-01   7.1348506e-02  -4.0371551e-02   3.8545264e-02  -2.3267181e-01  -1.3357404e-01   1.7451441e-01  -9.4639437e-02   2.7320855e-03  -1.5408329e-01   5.6263246e-01  -2.6466335e-01   5.3772175e-02   8.4539259e-02  -1.9851247e-01   3.4581825e-01  -4.2858890e-01  -1.5615090e-01  -1.2186589e-01  -3.1786560e-01  -8.8842766e-02   1.8120880e-01  -1.6106350e-01   1.5114079e-01  -1.9639063e-01  -1.5242446e-01  -2.8099150e-01   2.0881268e-01   7.5828183e-02   2.4170505e-01   2.0929512e-02  -4.2593163e-01   2.1853728e-01  -4.0962205e-02  -8.2087873e-02   4.2188191e-01   2.4268142e-01   1.1222034e-01  -7.4362154e-02  -4.6362769e-01  -3.3644036e-01   3.2811648e-01   1.7818220e-01   2.6068588e-01  -9.0640685e-02  -3.0893724e-01  -1.5086914e-01  -1.7330951e-01  -4.1844728e-01  -7.7979737e-02   1.7718181e-01   2.0373978e-01  -4.2058280e-01   1.5518672e-01  -3.4724915e-01  -7.4772361e-02  -3.4572757e-01   2.2818824e-01  -7.5149113e-02  -1.1892164e-01  -2.0521091e-02  -2.5453848e-02   2.3166673e-01  -1.6796520e-01  -2.2930480e-01  -1.0358693e-01   1.8895912e-01   2.9012709e-01   1.3066873e-01   4.6802951e-02  -3.8337212e-01  -4.1324600e-02  -3.0410065e-01   3.4786049e-01   2.9505411e-01  -2.5804031e-01  -2.1259518e-01   1.0111516e-01   1.3852593e-02  -1.4180556e-01   6.3240982e-03  -9.7850483e-02   7.6584805e-02  -2.3151750e-01  -4.0413006e-01   3.9067082e-01   2.2706058e-01   8.4948699e-02  -4.5924480e-01   4.5084065e-01   5.0455073e-01   1.6008679e-01  -2.7725089e-01  -1.0415736e-01   1.2779969e-01  -3.9026410e-01  -3.5686300e-01
  -1.7729361e-01  -1.7228398e-01   1.9917562e-02  -3.8083261e-02   2.6066633e-01   2.5523682e-01   6.8770196e-01  -1.0952516e-01  -2.3970664e-02   0.0000000e+00  -1.8101224e-01   1.4062486e-01  -9.5176017e-03  -1.2873532e-02   1.1580626e-01   7.7103308e-03  -3.8096602e-02   1.5579881e-01  -2.8736459e-01   4.0517344e-01   9.5997901e-02   4.3489525e-02   2.9834061e-01  -2.2987710e-01  -1.3974260e-02  -1.6082670e-01   3.7788618e-01   2.5839489e-01   8.9018657e-02  -1.2926406e-01  -1.6402664e-01   2.6383275e-01  -1.3015593e-01   4.4343542e-01   1.0340930e-01   1.6086205e-01   3.8512046e-01  -1.2915344e-01  -1.1802422e-01   2.7617168e-01   5.3182586e-02  -1.0241664e-01   1.9530326e-01  -2.7455505e-01  -5.8760442e-02   1.2888986e-01  -6.1523241e-02   4.1505127e-01  -1.3922428e-01   5.5501611e-02   1.7925164e-01   4.5027267e-02  -1.5612765e-01  -1.1046812e-01  -1.2384955e-01  -2.6165132e-01  -1.3417653e-02  -2.9257368e-03  -1.5898246e-02  -1.2337299e-01  -9.2269034e-02  -6.2558341e-02  -1.0552287e-01  -4.0105944e-01  -2.6972851e-01   4.7539561e-01  -6.8972333e-02  -4.1698636e-02  -1.7885196e-01   2.2750330e-01   1.0021609e-01  -9.9132420e-02  -3.5001890e-02  -1.2526481e-01  -3.0894587e-01   1.8620923e-01  -6.7484970e-02  -2.6482707e-01   3.0628673e-01  -2.1947565e-01   2.7513564e-01   7.5030401e-02  -4.1293050e-02   9.9936655e-05   2.7938990e-02   1.6056502e-01  -8.6367192e-02  -2.3720232e-01  -7.7690685e-02  -7.1451258e-02  -1.4471724e-01  -9.6715563e-02   2.8743605e-01   5.3243987e-03   1.4633373e-02   6.5130641e-03  -8.3598103e-03   9.9791078e-02   8.0020080e-02   3.3694245e-01  -2.3782276e-02  -1.4943577e-01   5.3945916e-03  -2.1312218e-01   1.5211113e-01   5.4627002e-02  -1.6158713e-01   3.0884569e-01  -8.5245958e-02   9.3667716e-02   9.6572418e-02  -5.1275560e-02  -1.8578116e-02   1.4601546e-01   4.5873345e-02   1.7718283e-01  -3.3091281e-01   1.7659223e-01   1.2799008e-01  -1.4574646e-01  -2.5982152e-01  -4.1504578e-02  -8.3048624e-02  -1.5863025e-01  -3.5398400e-02  -1.1962298e-01   2.3399803e-01  -1.6692889e-01   5.8537613e-02   2.8415688e-01   1.3545055e-01  -2.8500303e-02  -9.9140410e-02  -3.2937568e-02  -6.0261516e-02   1.1715140e-01  -1.6638691e-01   2.4041789e-01  -1.0717821e-02  -4.1492427e-02  -8.6079126e-02   1.2712288e-01  -2.0133248e-01   9.6097680e-02   1.7335913e-01   5.6320371e-03   3.5378912e-01  -2.3370448e-01   5.0446255e-01   1.2538444e-01   2.6707672e-02   1.3604579e-01  -3.1013535e-01  -3.8332003e-01   8.1569941e-02  -2.0309160e-01  -1.0181272e-01   1.2878867e-02  -2.8996106e-01   3.0159397e-01  -4.3499040e-02  -1.7366042e-01   1.2941148e-01   8.3122621e-02   6.6047875e-02   2.0242294e-01  -2.2832153e-01  -1.2679399e-01  -2.9353009e-01  -1.1575402e-01   7.5826542e-02  -1.9941460e-01  -7.2064523e-02   1.7805940e-01  -1.2046443e-01  -2.0524875e-01   7.0837194e-02
   2.1353657e-01  -6.8319818e-02  -3.8073854e-01   4.0361306e-01  -2.2485418e-02  -8.5084189e-02  -2.1793141e-01   3.6917053e-01  -2.8113533e-02  -1.8101224e-01   0.0000000e+00  -4.8589667e-01   4.3308306e-03   2.4006879e-01   3.0502436e-01   2.9233392e-01  -4.9044471e-01   3.7576533e-01   4.6301511e-01  -3.1201762e-01   3.0883336e-01  -3.9624051e-02   2.8395138e-01   1.2119476e-01   2.9253881e-01   5.1278253e-01   2.2801633e-01   1.8867671e-01  -9.2203086e-02   1.7315426e-01   3.9132248e-01   1.0369208e-01   1.3781042e-01  -1.3635092e-01  -3.4015447e-01   2.9267657e-01  -1.4183424e-01   3.4591883e-02   4.2004827e-01  -2.4174134e-01   2.5656175e-02  -5.8808680e-02  -4.7899236e-01   1.7376581e-01   4.3072546e-01  -1.5989519e-01   5.7998112e-01  -1.5704927e-02   2.0621930e-01  -5.7068046e-02   6.2306305e-01   1.9270929e-01  -2.6150494e-01  -2.9155079e-01   8.1096138e-02   5.5545293e-01   3.3472471e-01   1.9859000e-01   4.9015540e-01  -1.0148694e-01  -5.5135098e-02   1.8306282e-01  -3.6475654e-01   5.2354776e-01  -2.8023699e-02   3.7163735e-01   8.8885023e-02  -1.3897713e-01   2.7381854e-01   2.4805979e-01  -5.5345386e-01   3.4800389e-01   1.3661035e-01   1.7897038e-01  -1.2906746e-01  -7.7597597e-02  -3.5104584e-02   2.0805595e-01  -3.1626444e-01  -7.0120854e-02   2.0937537e-01   2.8059440e-01   3.7675383e-01   3.0162295e-01   2.9950268e-01   1.4552829e-01  -1.5689239e-01   9.7759183e-02  -4.3878223e-01   8.0443095e-02  -3.2680427e-01  -1.3214808e-01  -3.2747731e-01  -2.1170612e-01  -3.8465129e-02  -4.8112368e-01  -1.6079556e-01   2.9463339e-01   1.1146004e-01   1.6239571e-01   1.2422691e-01   6.6948172e-01   5.3287334e-01  -2.0807373e-01   5.3507124e-01  -3.3193546e-03  -2.8389167e-01   2.0679471e-01  -2.8251197e-01   4.3454091e-02   3.6156693e-01   5.0372077e-01   1.3803891e-01   2.6225510e-03   1.3142301e-01  -3.0497305e-02   1.9836757e-01   6.2754537e-02   2.6909939e-01   2.2794170e-01   1.0032765e-01  -4.8235625e-01  -3.4908521e-01   2.5701557e-01   5.4432173e-02   3.2057655e-01   1.5459648e-01  -3.0089692e-01  -9.9060414e-02  -6.5837363e-02   2.1983596e-01   6.0127876e-01   2.7160451e-01  -1.3620776e-02  -1.8951129e-01   3.0507828e-01  -1.2184583e-01   5.5541414e-02   4.1183149e-01   4.8497015e-02   1.6742393e-01  -2.1342087e-01   5.3504766e-01  -1.0943599e-01   3.0121585e-01   1.8929709e-01  -4.5134222e-01   3.2871368e-01   1.0051738e-01   5.6198285e-02   1.3250874e-01   2.4102725e-01   2.0610692e-01   3.8749589e-01  -5.2588243e-01   9.4712315e-02   1.5705793e-01   3.7600217e-01   7.6010908e-02   3.4033988e-01   1.7142737e-01   6.9333871e-01   2.5250741e-01   2.4920338e-01  -8.5767771e-02   5.4655390e-02   5.0746038e-01   2.9016359e-01   8.8473298e-02  -3.0113659e-01  -1.7612421e-01   1.0716329e-01  -6.8149771e-02  -3.4915532e-01   1.6332543e-01  -3.3688619e-01  -6.3274469e-02
  -7.2079727e-02   3.6485653e-01   6.9772665e-01  -2.5878309e-01  -2.1906030e-02   4.1557671e-01   2.9842762e-01  -3.1826497e-01  -3.2783824e-02   1.4062486e-01  -4.8589667e-01   0.0000000e+00   1.2772218e-01  -2.8089669e-01  -1.9255461e-01   4.5988478e-02   6.9091349e-01  -1.4092317e-01  -8.2918799e-02   5.0416175e-01  -5.9255785e-01   1.1971286e-01  -2.9116787e-01  -1.0509516e-01  -1.5042610e-01  -3.0876585e-01   4.6447984e-02  -1.2248938e-01   1.3034750e-03  -1.4989418e-02  -4.1268528e-01   4.3375977e-02   4.1019678e-02   2.4952409e-01   5.6328372e-01  -9.3079127e-02  -1.1292488e-01  -3.2892499e-01  -2.3983378e-01   4.8894212e-01   2.2054493e-02   2.6255911e-01   7.0667062e-01  -3.7506524e-02  -2.9467862e-01   2.2063152e-01  -2.6322590e-01  -1.7907355e-01  -4.4776710e-01   1.4662750e-01  -4.1631864e-01  -4.0704495e-01   1.1195938e-01   3.6651943e-01   4.9440062e-02  -4.2025502e-01   6.0856049e-02  -2.2049295e-01  -4.2488804e-01   6.6264266e-01   1.1022130e-02  -1.0725927e-03   4.1885199e-01  -2.8360438e-01  -1.3947811e-02  -2.6788678e-01   1.0799012e-01   2.0008860e-01   3.8646048e-02   1.8277595e-01   5.1717338e-01  -1.7324124e-01  -6.7415807e-02   3.3325742e-02   1.5954172e-01   1.1926799e-01  -1.2557913e-01  -8.9574611e-02   2.7414854e-01  -5.3398633e-02  -2.5110978e-01  -2.4767916e-01  -4.1109417e-01  -1.9171670e-01  -2.2833351e-01  -5.1300930e-02  -1.5735708e-01   2.1942665e-01   4.5020493e-01  -1.9192423e-01   2.6911012e-01   3.4768287e-01   4.3835574e-01   4.5060855e-01  -2.8183804e-01   3.5752406e-01   2.0412883e-01  -8.3974574e-02  -1.0049947e-01  -3.0116818e-01  -2.2020668e-01  -3.5696549e-01  -4.8848949e-01   3.1187418e-01  -4.3716575e-01   1.7802929e-01   3.7368827e-01   8.8842446e-02   1.4474818e-01  -9.6182611e-02  -1.9712315e-01  -4.1063139e-01  -1.3216419e-01  -1.2460762e-01  -6.4397876e-02  -2.9708567e-01  -2.8703720e-01   1.6717996e-02  -1.9764819e-01  -8.7536947e-02  -1.5298080e-01   6.0851965e-01   5.1377611e-01  -3.3297673e-01  -2.0680365e-01  -7.4163680e-02   1.0779726e-01   1.4514393e-01   2.0207816e-01   4.1045444e-01   1.7902158e-02  -4.3111879e-01  -8.9671476e-02  -3.0775133e-01   3.9471638e-01  -2.8950186e-01   1.3375091e-01  -2.0614154e-01  -4.5859461e-01  -2.2255999e-01  -2.2207033e-01   1.3458664e-01  -4.4423507e-01   4.2595880e-01  -2.9371778e-01  -3.7342104e-01   6.5400207e-01  -2.8304504e-01   3.9117972e-02  -3.6227971e-01  -4.5669043e-02  -4.6819799e-01  -1.5328882e-02  -1.6207604e-01   7.4421416e-01  -2.0539288e-01  -2.3945859e-01  -2.3772276e-01   5.5690086e-02  -3.5810198e-01  -1.1536834e-01  -3.1313734e-01  -2.3574707e-01  -2.4285591e-02   1.4649147e-01   3.3077058e-02  -1.0238269e-01  -2.6225735e-01  -6.8941111e-02   1.5583792e-01   4.3228063e-01  -4.1790443e-01   2.3070934e-01   6.6603648e-01  -2.0119592e-01   2.6220352e-01   2.6592778e-01
  -1.2749858e-01  -8.5614136e-02   1.4519343e-01   1.4373588e-01   2.2968842e-01  -2.5870354e-02   1.0677115e-01   1.0312514e-01  -1.5831616e-02  -9.5176017e-03   4.3308306e-03   1.2772218e-01   0.0000000e+00  -2.9491128e-01  -1.0545389e-01   3.9834045e-01   2.3557520e-01  -4.1337753e-02   1.5435654e-02   3.3241640e-01  -2.4175441e-01   3.3499483e-02  -2.0679634e-01  -1.2848748e-01   4.0700646e-02  -3.3587116e-02  -1.0579246e-01  -1.8121559e-01   1.2460903e-01   4.1694667e-03  -1.2194117e-01   6.9147427e-02   3.1808828e-01   5.3504227e-02   6.7437979e-02   2.9584610e-01  -2.2686706e-02  -1.2664759e-02   3.5547925e-01   1.4444934e-01   6.4284530e-01   1.6454244e-01   1.3396978e-01   3.8438244e-02   1.8683359e-01  -1.7047380e-02   7.1513518e-02  -7.2414799e-02   1.2912409e-01   1.6737570e-01  -2.7757297e-02   3.7217779e-02   1.6269454e-01   6.7805503e-02  -5.0604112e-02  -1.8981009e-01  -8.7313742e-02   2.3490732e-02  -2.8723734e-02   1.1087373e-01   7.4978330e-02   3.5373052e-01   9.3051076e-02  -1.1225198e-01   3.9621988e-02  -1.6321116e-01  -3.8368710e-02   9.0521072e-02   1.2578595e-01  -3.0066916e-01   1.8171041e-01   1.1707138e-01   4.0663766e-01  -2.4591609e-01   1.7780601e-01  -7.4882385e-02   4.7145127e-02   1.5328041e-01   3.2411314e-01   9.9730372e-02  -1.7028764e-01   7.5998141e-02  -2.1503925e-01  -6.9733907e-02  -3.7716264e-01  -2.2791971e-01  -6.8502660e-02  -7.5421992e-02   4.5071399e-02  -1.8363740e-01   2.9067432e-01   9.1857759e-02   1.4424432e-01   1.0365102e-01  -9.8580616e-02   3.2235323e-01   6.4319897e-02  -1.4733100e-01   4.8494501e-01  -9.1426843e-02  -2.8592381e-01  -8.8842322e-02  -2.0447305e-01   4.5523325e-02  -7.5480959e-02   2.7698343e-01   5.8255196e-02   4.0874674e-02   7.9102044e-02   7.6443098e-02  -1.4040167e-01  -1.4437762e-01   6.4950309e-02  -3.0983381e-01  -2.7400973e-01   1.5914974e-01   2.2015214e-01   6.2247692e-01  -3.8028322e-01   1.5193075e-01  -2.8338599e-01   2.7394962e-01   5.1959683e-02  -1.3402468e-01  -1.8961909e-01  -2.8420866e-01   2.9141592e-02   8.3663010e-02   5.6661538e-02  -1.9751444e-01   4.8954964e-01  -1.6114159e-02  -2.2589621e-01  -7.2293769e-02   2.0025712e-01  -1.0171578e-01   1.9312987e-01  -1.9371839e-01  -1.4426504e-01  -2.1754140e-01  -1.2332316e-01   2.6139516e-01   1.2629255e-01  -2.0244277e-01  -1.3442224e-01  -1.6874496e-01   1.8909917e-01  -1.4329057e-01  -1.5054163e-01  -1.3039682e-01  -3.5264561e-01  -1.8616728e-01  -2.0014246e-01   7.6501028e-03   2.1415353e-01  -6.3337484e-02  -1.2150425e-01   8.3303664e-02   1.5977394e-01  -8.0491632e-02   9.1811866e-02   1.4129394e-01  -2.0460846e-01   4.4005234e-02   1.0475504e-01   1.0792863e-01  -5.5499960e-02  -2.6576413e-01  -1.5292975e-01   1.7019989e-01   1.7575457e-01  -1.2778197e-01   1.2141189e-01  -3.2247769e-03  -7.0945751e-02  -6.2574605e-03   2.2197579e-01
   2.3961407e-01   2.7522214e-01  -1.5523632e-01   5.6698179e-01  -1.7584808e-01  -9.2558799e-02  -3.1377165e-01   1.1490183e-01  -1.5520928e-01  -1.2873532e-02   2.4006879e-01  -2.8089669e-01  -2.9491128e-01   0.0000000e+00   3.5565829e-01   2.4179043e-03  -2.2936246e-01   4.9756377e-01   2.5868071e-01  -2.6463477e-01   6.1162938e-01   3.4304492e-01   3.2117037e-01   2.3205857e-01  -2.0549010e-01   2.6793189e-01   3.0798213e-02   2.1093403e-01  -9.9263244e-02   2.0717262e-01   4.4451988e-01   3.2061094e-01  -1.6171209e-02  -1.1412420e-01  -1.5540111e-01   8.3565826e-02   1.6023456e-01   1.4474779e-01   1.5322349e-01  -3.0207942e-01  -1.9494370e-01  -2.2503424e-01  -3.3485121e-01   1.1509922e-01   2.4750026e-01   2.0221938e-01   3.1755608e-01  -5.2878374e-02   3.1736954e-01  -3.2909740e-01   4.2865363e-01   1.7794665e-01  -1.9254518e-01   6.3213837e-02   3.2314319e-01   4.1649174e-01   1.6946268e-01   3.6174340e-01   3.6010997e-01  -4.0025667e-02   2.5296044e-01   1.7799048e-01  -1.3298377e-01   3.4485081e-01   1.4390680e-01  -9.5284759e-03   8.5162180e-02   1.2201570e-01   2.0443582e-01   1.7573522e-01  -5.2436111e-01   4.0958711e-01   7.1201979e-02   4.0496226e-01  -2.8232080e-01   2.6626902e-01   2.8088144e-01   5.3412551e-02  -4.3826170e-01   4.3820890e-02   4.1661887e-01   1.2441848e-01   4.9338321e-01   3.8621434e-01   5.4504943e-01   1.3451794e-01   3.3693884e-01   2.2563679e-01  -2.6825753e-01   8.0586542e-02  -4.2277469e-01   1.7481202e-01  -2.6092287e-01  -1.6784398e-01   2.8098808e-01  -4.0675434e-01   6.6268437e-02   2.4566916e-01   9.5545540e-02   4.2483126e-01   5.1387762e-01   2.1868394e-01   5.8815255e-01   1.1918122e-01   4.5098929e-01   1.5946131e-01   3.0482712e-02  -8.4069282e-02  -6.4346237e-02  -2.3073616e-01   3.0244435e-01   4.3092368e-01   9.3397889e-02   4.7869596e-02   2.4030938e-01  -7.4176796e-02   8.7188417e-02  -7.9543868e-02   3.8762725e-01   3.6629326e-01   2.9346498e-01  -6.1482132e-01  -4.7553630e-01   4.3090846e-01   1.0071126e-02   5.1276811e-01   1.5448803e-01  -2.2739666e-01   3.1256462e-01   3.4623720e-03  -4.7442847e-02   3.5177818e-01   6.5256162e-01   1.0277228e-01   1.2846157e-01   1.1922094e-01  -5.9083397e-02   2.2090166e-01   1.5632822e-01   1.0487276e-01   1.5849494e-01  -2.7573040e-01   9.5873376e-03  -3.2805526e-02   4.2587443e-01   6.1931041e-01  -4.7043244e-01  -1.2732364e-01  -9.3272993e-02   4.0683024e-01   3.9268044e-01   6.3075996e-01   2.2008970e-01  -9.6103287e-02  -5.5481749e-01   9.5141725e-02   2.4465506e-01   1.3925951e-01   1.4253455e-01   4.1184007e-01   1.6929625e-01   1.0160017e-01  -1.0443718e-01   3.0720001e-01   1.9548484e-01  -2.0019660e-01  -1.4819412e-01   3.2974521e-01   3.3919728e-01  -3.5320379e-01  -2.9106360e-01   2.5014552e-01   1.5873811e-01  -2.9605818e-01  -3.6921169e-02  -3.3070190e-02   1.3664385e-01
