   0.0000000e+00   1.4486726e-02   1.3811949e-01   4.5728801e-02  -3.3714975e-02  -3.2244114e-01  -5.0600893e-01   1.2391164e-01  -1.3189972e-01  -9.8372013e-02   2.8485409e-01  -1.3995815e-01  -5.3354665e-02  -9.2738826e-02  -2.4137238e-01  -1.2955398e-01   2.1014778e-01  -4.3326377e-02   1.1388717e-01  -2.0634583e-01  -1.2481127e-01   9.3408367e-02  -3.5985380e-01   6.9264945e-01  -1.0641521e-02   1.7408975e-01  -1.6534540e-01   4.6186323e-01   2.0082326e-01   2.3663692e-02  -1.1609495e-01   1.4182755e-01   1.9786427e-01  -3.8156801e-01  -3.2726523e-01   2.4757036e-02  -1.6954652e-01   1.8727291e-01   1.8091651e-02  -1.5517500e-01   1.3994614e-01   8.4055766e-02  -2.9776280e-01   2.3995753e-01  -4.2324169e-01   3.6128097e-01   1.4872496e-01  -3.7386682e-01  -2.9825207e-01  -9.5709872e-02  -5.3583090e-02   1.1582589e-01  -2.6846714e-01   4.2742889e-02   1.4411764e-01   2.5349045e-01  -3.2814299e-03   5.4074825e-02  -1.0786872e-02  -4.1650989e-01   3.9381149e-01  -3.7887405e-01  -7.6511026e-02  -3.7273030e-02  -2.0126755e-01  -1.5859676e-01  -2.5389232e-01  -7.9335902e-02   8.1279308e-02   2.7265404e-01  -1.3545588e-01  -1.1686253e-02   9.0480684e-02   2.7697207e-01  -9.9932207e-02   1.7903495e-01   3.1385227e-01   7.0414965e-02  -9.4771873e-02   1.2814958e-01  -2.5086164e-01  -2.1750215e-01  -3.0880521e-01   2.6975205e-01  -4.4919551e-02   1.8642926e-01  -3.6891841e-01   4.2110499e-01  -1.8175891e-01   5.1289150e-01  -1.5880684e-02   3.4342241e-01  -1.4970156e-01  -1.3613401e-01   3.6081795e-01  -5.7927008e-02  -9.0408200e-02   2.9005836e-02   1.5940544e-02  -3.6798133e-01  -5.7223176e-02   5.2067629e-02   2.1886929e-01  -7.6267212e-02  -1.0038843e-01   1.2327516e-01  -7.1265378e-02  -8.1469241e-02  -2.4963395e-01   5.0313959e-02  -3.1092768e-01  -3.7821910e-02  -2.1406026e-01   5.5868243e-01   1.3712682e-01  -9.4240342e-02   4.8086157e-02  -1.0807552e-02   2.9827400e-02   1.9427172e-02   4.8113690e-01  -6.8458080e-02  -1.6764107e-02  -2.1288140e-01   2.0221115e-01   4.0546167e-01  -3.8226261e-01   1.0634159e-01   6.0716511e-03   2.8242237e-01  -1.3295756e-01  -2.5190236e-01   3.1199002e-01  -2.7862569e-01  -5.6776681e-02   3.2482528e-01   1.0713796e-01  -9.2070996e-02   2.6530684e-01   3.3391144e-01   6.0413525e-01   6.2384575e-02  -2.4459746e-02  -9.4492907e-02  -8.4449797e-02   1.9572784e-01  -2.8285802e-01  -3.5958081e-02  -2.2160901e-01  -4.1693556e-01   4.4414471e-01  -3.6686986e-01   3.6316712e-01   1.4917669e-01   1.5093190e-02   4.5374291e-01   4.1229749e-01   1.0193838e-02   3.3897844e-01  -3.9458542e-02  -2.9489922e-02   1.3264833e-01   1.0170963e-01   1.0087768e-03  -8.4406832e-03  -2.3414870e-01   1.1378933e-01   4.7161351e-01   4.1044581e-01  -2.2690646e-01  -4.2893917e-02   3.0740116e-01   3.8392264e-02   7.6243067e-02   1.2689024e-01   2.3453132e-01   1.5823363e-01
   1.4486726e-02   0.0000000e+00   5.0918008e-02  -1.6691661e-01   6.4600605e-01  -6.0366992e-02   3.8104094e-02   6.2162093e-02   6.9306294e-01  -4.9664663e-02  -1.8758135e-01   1.5216906e-01  -1.3666233e-01  -3.8594885e-01  -2.8479357e-01  -1.5616188e-01   3.2220037e-01  -2.9247493e-01  -1.9849321e-01   3.1686017e-01  -4.0512529e-01  -4.6823925e-02  -5.7164661e-01  -4.1225918e-02   4.6357062e-02  -7.5270236e-02   1.6482990e-01  -4.2985909e-01   8.0269048e-02   1.5368764e-01   3.7860383e-01  -1.8835752e-01  -9.8526539e-02  -2.2126915e-01  -1.1396913e-01  -7.5005927e-02   2.1571199e-01  -1.6179074e-02   1.7357879e-01   1.4028325e-01  -1.2720490e-01  -1.3927168e-01   2.6667889e-01  -2.6377265e-01  -1.0533847e-01  -3.9158531e-02  -2.3120573e-01   2.9964622e-01  -5.8423263e-01   3.2820108e-01  -3.5010618e-01   6.1054648e-02   5.0730899e-02  -1.3876878e-01  -1.7218507e-01  -3.8734337e-01  -3.4216303e-01  -4.9301731e-02  -1.1832581e-01  -3.4907375e-02   4.6508666e-02  -4.3450285e-01   6.6759544e-01   6.7506439e-01   4.6093488e-01   3.3980704e-01  -8.8052710e-03   3.6910147e-01  -1.9600794e-01  -1.0852508e-01   4.7607361e-01  -1.5846259e-01   1.5562214e-01  -2.5424599e-02   4.1647752e-02   1.4406516e-01  -8.1544996e-02  -6.6084469e-02   6.5719905e-01   1.0230424e-01  -5.9839013e-01   1.2881924e-01  -2.7673738e-02  -3.5306734e-02   1.9734340e-01   1.0912181e-01   1.3694086e-01  -2.4511393e-01   3.6220581e-01   5.5497004e-02   6.4561493e-01  -7.3450776e-02   2.2108985e-01   4.8895222e-01  -1.2913097e-01   4.5014989e-01  -1.2062867e-02   2.6069529e-03   2.0246588e-01  -1.7774145e-01  -3.2986778e-01  -2.6799205e-02  -8.6043567e-02   6.7898638e-01  -2.9849166e-01  -5.8612600e-02  -1.2713898e-01  -8.3177791e-02  -4.5189114e-01  -1.8106630e-01  -3.0727638e-01  -5.9071235e-02   2.1458624e-01  -1.2802918e-01  -5.3837792e-01   7.1810173e-01   1.1809178e-01   9.7464861e-02  -5.5273001e-01  -1.1532207e-01  -1.2682785e-01   6.1184958e-01   3.3181576e-01   3.5053022e-01  -2.9714058e-02  -4.7069933e-01  -2.2871379e-01  -3.3105733e-02  -3.9530959e-02   1.4572227e-01   6.8728717e-02   1.9558177e-01  -4.6757613e-02  -4.1331343e-01  -6.2642707e-02   2.8825595e-01   6.8267577e-03  -4.0018289e-01   1.1386786e-01  -1.0516564e-01   4.6476791e-02  -2.8211408e-02  -2.0099426e-01  -1.2814130e-01  -8.3487307e-03   4.8092716e-01   1.8547764e-02   5.2448784e-01  -3.4827738e-01  -2.4111663e-03  -1.7412642e-01  -3.8785548e-01  -2.3385558e-01   3.8223924e-01   6.3386036e-01  -4.8901249e-02  -6.4931366e-02  -8.9133818e-02   1.5841564e-01  -3.4901006e-01   2.5666563e-01   7.5978065e-02  -6.9496904e-02  -1.2607369e-01   8.7857381e-02   3.1823152e-01   2.5556949e-01  -1.1564721e-01  -2.3349810e-01   1.4215549e-01   4.6688333e-01  -9.1039743e-02   5.4468752e-01   1.7734872e-01   8.9239099e-02   1.3830636e-01  -7.2153601e-02
   1.3811949e-01   5.0918008e-02   0.0000000e+00  -2.1411276e-01   2.5456500e-01   1.8675893e-01  -2.1200066e-01   6.3420386e-02   3.5708073e-02   3.8515270e-01  -3.3003634e-01   1.9500164e-01   6.6035775e-02  -2.4831014e-01  -1.3087362e-01   1.4161708e-01   7.9115474e-01  -3.8117831e-01  -1.7031918e-01   4.3099241e-01  -3.0460390e-01  -1.4278845e-01  -3.9121382e-01   2.1012734e-01   2.4857365e-01  -1.0977154e-01   1.7999347e-01   2.4151336e-02   3.0938509e-01  -3.1785927e-01  -3.3383080e-01  -4.7422648e-03   3.5981351e-01  -9.7763506e-02   3.1555440e-02  -5.7164764e-02  -2.7993454e-01  -3.6033438e-02  -5.9690839e-02   5.5819669e-01  -1.6754814e-01   2.4715286e-01   3.1319436e-01  -1.8512114e-01  -2.9477169e-01   2.4725236e-01  -1.9225250e-01  -4.9400859e-01  -2.0241035e-01   6.4850388e-01  -2.5631171e-01  -2.5194419e-02  -1.2629441e-01   4.6982065e-01  -3.9107577e-02  -1.1904786e-01  -1.6015045e-01   1.0774566e-01  -2.0389169e-01  -1.5093399e-01   4.0101297e-01  -7.7799578e-02   4.0680874e-01  -1.1637638e-01  -3.4992601e-01  -4.9816842e-02   1.0366126e-02   1.3883376e-01  -1.9842631e-01   4.2469405e-01   1.8621787e-01  -1.6568326e-01   7.4063531e-03   2.3941523e-02   4.2773280e-01   1.1970565e-04   1.9298660e-01  -4.7988635e-02   2.1726471e-01   2.1552770e-01  -2.9543555e-01   3.3876073e-02  -1.8826685e-01  -5.2886553e-02   2.8509824e-01  -6.4695186e-02  -1.1866539e-01   2.6635372e-02   1.3466239e-01   3.7160762e-04   2.6373164e-01   5.7112993e-01   4.7489351e-01   2.9110792e-01   1.4448886e-01   5.3395285e-01   2.6314833e-01  -1.6590782e-01   6.5404094e-02  -2.7403685e-01   6.9112458e-02   5.1886501e-02  -9.5867675e-02  -1.5673738e-02  -3.0307219e-01  -5.1435055e-02   3.6295277e-01  -2.3877380e-01  -1.3573007e-01  -1.1693201e-01   7.4627949e-02  -1.7550082e-01  -9.4669139e-02   1.6311190e-01   3.0734701e-02   1.4915559e-01  -5.0598543e-02   1.4479347e-01  -1.2955738e-01  -2.0033423e-01   1.8361612e-01   4.3522332e-01   4.7019924e-01  -2.0737992e-01   1.2448537e-01  -1.0401607e-01  -1.4419964e-01   3.3211902e-01  -7.3216703e-02   3.8787182e-01  -2.8085325e-03  -3.1077675e-01  -8.1705746e-02  -3.7045593e-01  -7.8493784e-02  -7.4602194e-02   3.7628802e-01  -4.1719600e-01  -3.1114780e-02   3.5756034e-02   9.2895679e-02   8.8987464e-02  -2.6545733e-01   4.8411666e-01   5.7517839e-02  -9.4655091e-02   4.3341283e-01  -1.0342550e-01  -2.4646908e-01  -2.8776626e-01   3.3894217e-01  -3.4977972e-01   4.1659388e-01  -2.5940160e-02   5.8385791e-01  -5.9585088e-03   1.7092735e-01  -1.6068730e-01   5.8453796e-01  -3.5512556e-01   1.5791479e-01  -3.0414005e-01   1.3472191e-01  -4.7258956e-01   1.4230176e-01   2.1161650e-01  -6.3938475e-03   1.3066097e-01   4.1608164e-01   1.1450771e-01   2.7461642e-01   7.8108607e-02  -1.6901558e-01   3.7025842e-01   1.4733777e-01   5.1528090e-01   1.2903124e-01
   4.5728801e-02  -1.6691661e-01  -2.1411276e-01   0.0000000e+00  -2.0355127e-01   3.2421264e-01   3.0977173e-02  -2.7741475e-01  -2.8489140e-01  -2.3007756e-01   2.5417088e-01   3.4292892e-01   1.8116296e-02  -2.2677124e-01  -1.5839438e-01   6.7593403e-02  -3.2088881e-01   3.9444911e-01   1.1222626e-01   1.0587489e-03  -2.9760680e-01   6.4676333e-01   3.1103346e-01  -1.0108960e-01  -3.4291126e-02   1.9355922e-02   2.0964606e-01  -1.1775556e-01  -1.0732408e-01   6.6510074e-01  -4.0964764e-01   4.5061583e-01  -8.6989114e-02  -1.3880515e-01  -2.0279245e-01   2.7155892e-01  -3.1637035e-02  -1.8879217e-01  -7.9532157e-02  -2.9859020e-01   2.3262132e-01   4.7879700e-02  -6.8724135e-03  -1.9047919e-01   5.2342240e-02   7.7703418e-03   5.3289054e-01   2.6915819e-01   1.9281244e-01  -3.1812924e-01   4.8237511e-01  -4.3817822e-01  -1.0018126e-01  -1.1407890e-01  -1.8349127e-01   3.0631983e-01   4.0973017e-01   4.7807762e-01   5.7205437e-01   1.2298333e-01   2.6243552e-01   5.1884884e-02  -2.8431038e-01  -3.4074181e-01  -1.4200425e-01   4.7632190e-02   4.0195945e-01  -4.1336235e-02   7.4357734e-01   5.0626704e-02  -3.8656078e-01   7.0797988e-01  -2.9556821e-01   4.4489347e-01   6.5504611e-02   1.4247170e-01   8.3655923e-03   1.9297980e-01  -2.0839718e-01   1.9616635e-01   1.8585912e-02  -2.3633445e-01  -3.4409185e-01   1.5010314e-01   1.4044871e-01   3.5075650e-01  -4.2080106e-01   1.6138618e-01  -2.0225201e-01  -1.1049504e-01  -1.6626591e-01   2.8748519e-01  -1.8813926e-01  -3.9188130e-02  -1.0416452e-01  -1.9072909e-01   6.4952395e-02   1.0609013e-01   5.5850231e-02  -2.9644215e-01  -4.3097935e-01   2.5206377e-02   2.5242884e-01  -4.0011533e-01   6.2592695e-01   4.5734080e-01  -1.3981223e-01   6.0375464e-01   2.0736763e-01   2.0064572e-01  -2.3510079e-02   7.0310836e-01   5.1693213e-01  -1.5852647e-01  -2.4262698e-01  -2.2984711e-01   5.1741587e-02  -3.0021322e-01  -2.3384429e-01   7.8663751e-01   9.0547308e-02  -1.3367701e-01  -1.2291265e-01  -2.8182243e-01  -2.6274596e-01   1.0455545e-01   9.1588512e-02  -1.5363855e-01   6.6549410e-01  -1.8260047e-01  -4.5018977e-02  -2.7158103e-01   3.9194859e-01   6.3946691e-02   6.6931610e-01   2.1620669e-01  -7.2681419e-02  -2.8727679e-01   4.0812889e-01  -2.8361298e-01   5.5757708e-02   3.6332549e-02   6.8311602e-01  -3.1013203e-01  -2.3471872e-01  -2.2035118e-01  -1.7208047e-01  -5.4511752e-03   4.1912273e-01  -3.5124973e-01   1.6568008e-03   1.4363652e-01   6.1760198e-02  -1.7930685e-01  -3.2677856e-01  -1.2602996e-01   5.2209358e-02   4.2753246e-01   1.5567770e-01   3.2969094e-01  -1.1436563e-01   4.9377552e-01  -2.1571189e-01   6.1571109e-01   3.7437717e-01  -1.9674676e-01   8.5596107e-02  -1.7494732e-01  -2.0923352e-02  -3.6811310e-01  -1.1684670e-01  -7.7573991e-02   7.6418627e-02   1.8154730e-02  -1.3983820e-01  -1.0493224e-01   5.5459951e-01
  -3.3714975e-02   6.4600605e-01   2.5456500e-01  -2.0355127e-01   0.0000000e+00  -1.0469970e-01  -1.2221772e-01   1.7122079e-01   6.0685628e-01   2.3012129e-03  -8.1802509e-02  -9.8942033e-03   1.3095044e-01  -4.2027425e-01  -2.9503464e-01  -1.7971992e-01   4.9190470e-01  -1.9738457e-01  -2.6835191e-01   5.8162383e-01  -3.6109592e-01  -2.0894983e-01  -5.6658166e-01   7.8361795e-03   6.4828656e-02  -6.6523891e-02   4.3786730e-01  -3.1873404e-01   2.7537500e-01  -7.5199812e-02   1.9249401e-01  -1.9347929e-01   2.8507536e-02  -4.3593985e-01  -2.2353613e-01   2.0586563e-01   2.9785148e-01  -1.9491258e-02   6.8594718e-02   3.7451547e-01  -3.4839372e-02  -8.7162158e-02   2.0634645e-01  -3.1413966e-01   1.8055765e-02  -4.0815475e-02  -9.8267828e-02   1.6866126e-01  -3.6930133e-01   4.7805478e-01  -2.7068562e-01   6.5809760e-02   6.6562900e-02   6.4003480e-02  -2.7059195e-01  -4.8603720e-01  -4.8560203e-01  -1.2737768e-01  -1.3939200e-01  -1.2292839e-01   6.6332329e-02  -1.2662522e-01   6.1467825e-01   5.3245731e-01   4.3263858e-01   3.4642337e-01  -3.3611413e-02   5.8298177e-01  -2.7171635e-01  -2.7948937e-02   4.5130732e-01  -8.3373950e-02   2.4611813e-01  -6.8068237e-02   8.7234233e-02   8.4556914e-02  -3.5463590e-02  -9.6001814e-02   8.1612420e-01   8.7533763e-02  -5.8160226e-01   1.1223963e-01  -1.1975729e-02  -1.1699842e-01   2.1079194e-01   8.3876810e-02   1.4243846e-01  -2.1444623e-01   3.8771501e-01   8.7073175e-03   8.6105036e-01   4.2447119e-02   1.3826351e-01   3.6186139e-01  -8.6529104e-02   6.7833710e-01   2.9331812e-01  -9.5839593e-02   5.1075850e-01  -4.3437653e-01  -1.8564849e-01  -1.8229024e-02  -2.7879571e-01   4.7261367e-01  -3.3373066e-01  -2.0849608e-01   1.2717302e-01  -1.9495227e-01  -4.4018175e-01  -1.6465354e-01  -4.1842640e-01  -1.3894587e-01   1.7002008e-01  -6.2027113e-02  -4.1990440e-01   7.9717469e-01  -1.9684659e-02   1.2219635e-01  -4.8770561e-01  -1.9243876e-01  -2.5841090e-02   6.8560382e-01   2.2815463e-01   4.7008634e-01   9.1872425e-02  -4.5743125e-01  -1.7383501e-01   3.7579150e-02  -7.6867423e-02   1.6946558e-01   6.2766176e-02   2.8967073e-01  -2.8892313e-01  -3.2193203e-01  -1.3812554e-01   1.5093742e-01  -5.3174694e-03  -4.3593040e-01   6.9777023e-02   1.0639124e-02   1.6287716e-02  -2.1395084e-01  -2.8497499e-01  -9.1361563e-02   8.6900925e-02   2.0959404e-01  -9.0134142e-02   6.6151391e-01  -3.8810561e-01  -1.4581648e-02  -1.4906972e-01  -4.9053566e-01  -1.0427973e-01   4.9198833e-01   6.1343601e-01  -3.4190649e-02  -2.0472468e-02  -1.5250253e-01   2.1568783e-01  -4.5723274e-01   3.4095871e-01  -8.1627610e-02   5.1602613e-02  -2.2662740e-01   5.0196202e-02   1.8601474e-01   3.9992563e-01  -1.9189273e-01  -1.1926065e-01   2.5342792e-01   6.0860499e-01  -9.9460163e-02   6.2480468e-01   1.7510163e-01   1.1632993e-01   1.9200432e-01  -6.7965459e-02
  -3.2244114e-01  -6.0366992e-02   1.8675893e-01   3.2421264e-01  -1.0469970e-01   0.0000000e+00   4.8426583e-01  -3.3805098e-01  -1.4841862e-01   3.7866993e-01  -1.7194762e-01   6.7580860e-01   2.7900862e-01  -3.0501777e-01   1.1992276e-01   3.2527503e-01  -1.1259259e-01   1.7663664e-01  -1.1782708e-01   4.8607374e-01  -2.8337454e-01   1.4246935e-01   3.9658412e-01  -4.1940566e-01   1.0904752e-01  -3.1369440e-01   4.4722065e-01  -3.3189872e-01  -2.2506724e-02   2.8523312e-01  -4.4865866e-01   5.6392103e-03  -1.2981057e-01   3.7920271e-01   4.8667445e-02   3.3749012e-01   9.0757576e-02  -3.8592492e-01  -1.3536947e-01   1.7251483e-01   1.9173121e-01   1.0186928e-01   5.9793923e-01  -3.1448889e-01   2.3335716e-01  -2.1559029e-01   3.0066902e-01   2.9465436e-01   3.2351980e-01   1.0430415e-01   2.9719356e-01  -4.9086502e-01   1.3435869e-01   1.3985833e-01  -1.8173303e-01   9.4348756e-02   5.2319063e-01   6.6820967e-02   2.2398896e-01   4.4414451e-01  -1.0219680e-01   1.3858441e-01  -6.4388486e-02  -2.7940855e-01  -1.7260116e-01   3.4387514e-01   7.0056879e-01  -1.8167771e-02   3.2328007e-01   7.6522371e-02  -2.1368236e-01   3.3468417e-01  -9.7591958e-02   2.6152381e-01   2.4286094e-01  -3.1934136e-01  -1.9081014e-01  -6.5291493e-02  -1.3159298e-02  -3.2225042e-02   7.7923560e-02   1.8713077e-01  -2.2536855e-01  -1.9386771e-01   4.2012105e-01  -2.8136518e-01  -2.5142852e-01  -1.2514822e-01   6.4833447e-02  -3.2438807e-01  -7.3868482e-02   1.3517015e-01   3.5225201e-01   3.0265514e-01  -3.7044407e-01   1.1022446e-01   1.6000350e-01  -1.4564286e-01   3.4057384e-02  -4.0304466e-02  -3.2548188e-01   9.8506369e-02  -9.5046149e-02  -3.0757453e-01   3.5018847e-01  -5.8895317e-02   1.3902600e-01   1.6506486e-01   3.6336360e-01   3.1455269e-01   5.4120060e-01   4.1656091e-01   3.7287846e-01  -2.8781673e-01  -2.4374154e-01  -2.3527457e-01  -6.2297872e-02   1.8336029e-01  -1.1999291e-01   3.4972387e-01  -2.3700778e-01   1.7127845e-01   9.1256363e-02  -2.3970031e-01  -2.8647767e-01  -2.6754045e-01   4.3551532e-01  -1.1005458e-01   1.2361087e-01  -9.2449659e-02   2.2681503e-01  -1.4112249e-01   2.1334448e-02   3.8515259e-02   3.6541753e-01  -3.2534923e-01   1.4701449e-01  -3.8186354e-01  -1.4749006e-01  -3.5042551e-01  -3.3976558e-01   1.1208397e-01   3.1480780e-01   3.1544652e-01   7.8802686e-02  -3.3676519e-01   4.4659836e-01   6.5658436e-02   6.4674208e-01  -1.9802639e-01   1.8033039e-03   9.7880684e-02  -6.6568695e-02  -1.8646473e-01   1.8521954e-02  -3.4080375e-01  -2.8672129e-01   2.3200446e-01  -5.0590090e-02   2.2119454e-01   1.6306537e-02   3.1612819e-02   3.3380517e-02   1.2356282e-01   1.4979132e-01   1.4224702e-01   1.7099472e-01  -3.6563727e-01  -1.6939148e-01  -1.1615863e-01   2.0584986e-01  -3.5993449e-01  -1.7435862e-01   5.0724179e-01  -3.9745051e-02  -5.5388322e-02   2.2527458e-01
  -5.0600893e-01   3.8104094e-02  -2.1200066e-01   3.0977173e-02  -1.2221772e-01   4.8426583e-01   0.0000000e+00  -3.6829114e-01   1.2676357e-01   1.2446843e-01  -2.0726283e-01   3.3997198e-01   1.0250294e-01  -1.3416739e-01   3.1382144e-01   2.4572766e-01  -3.7391508e-01   7.8696415e-02  -1.0332878e-01   1.8243949e-01  -1.4046262e-01  -2.9697454e-02   4.6528494e-01  -4.9717307e-01   4.3199470e-02  -3.4922066e-01   1.9562635e-01  -4.4402142e-01  -1.7105991e-01   1.1714682e-01   6.9290507e-02  -1.5788945e-01  -3.8021651e-01   5.9998550e-01   2.0390076e-01   1.0543095e-01   1.5889564e-01  -1.4662326e-01  -1.0911794e-01  -1.2510383e-01   3.3130797e-02  -7.8992687e-02   3.9988896e-01  -4.5826116e-01   4.4185318e-01  -1.8756062e-01   3.6471805e-04   6.0409224e-01   8.3081200e-02  -2.8859193e-01   7.3138703e-02  -3.4906666e-01   3.7097748e-01  -2.8190202e-01  -2.5462849e-01  -2.1240028e-01   2.6718720e-01  -1.2261250e-01   1.9248216e-02   5.4747848e-01  -3.1464452e-01   5.5128893e-02  -1.0581420e-01   5.4742268e-02   1.9657472e-01   5.3768431e-01   1.8064321e-01   3.6325277e-02   6.4660413e-02   3.9306516e-02   2.3199763e-02   1.6583751e-01  -9.3458300e-02  -1.2616362e-01   2.3452958e-02  -2.9669237e-01  -1.4830938e-01  -3.2148118e-01   1.2802990e-01  -2.5508339e-01   4.2893953e-01   2.8341441e-01  -1.9724385e-02  -4.1145976e-01  -1.1635154e-02  -2.9610062e-01   5.9855017e-02  -4.2162916e-01   1.5478474e-01  -2.7156693e-01  -1.7671884e-01  -3.2535695e-01   1.1810528e-01   2.6333998e-01  -3.1270388e-01  -2.4135446e-01  -1.5879070e-02  -1.6075021e-01   4.5040384e-02   3.8953287e-01  -3.2395126e-01   1.5288084e-01  -2.8983733e-01  -8.8228126e-03   2.9378171e-01  -1.8511561e-01  -2.4668109e-01   8.4607169e-02   1.4883991e-01  -8.1225348e-02   4.1295215e-01   1.8745793e-01   2.7393106e-01  -2.8199177e-01  -2.3155943e-01  -5.2378628e-02  -1.9742165e-01   2.2798150e-01  -2.1302831e-01   5.0834329e-02  -2.6837327e-01   1.8750028e-02  -1.0425460e-01   8.4957246e-02  -1.5968874e-01  -4.0083563e-01   4.1823521e-01  -2.7143693e-01   7.0282978e-02  -4.1899711e-02   1.4692445e-01   3.8764144e-01  -2.5932161e-01  -4.0793933e-02   1.1542996e-01  -3.6848043e-01  -1.3305012e-01  -4.6381022e-03  -1.7662007e-01  -1.7469570e-01  -4.3207089e-01   2.3484036e-02   1.2619422e-01   1.5925415e-01   2.4338929e-01  -1.9891728e-01   3.6986527e-01   1.5529075e-01   4.4175499e-01   1.3548687e-01  -2.7567114e-01   2.1052636e-01  -4.0879384e-01  -7.1880909e-02  -6.4538855e-02  -1.6897656e-01  -2.2673688e-01   5.5254193e-02  -4.2101700e-01   1.7119376e-01   6.2105235e-02  -1.6442048e-01  -1.3991607e-01   7.4567969e-02  -1.3329558e-01   3.1830589e-01   2.2104646e-01  -5.1202436e-01  -5.8918261e-01  -1.9320505e-01   3.0039634e-01  -2.5751709e-01  -1.5678070e-02   5.6427608e-02  -1.2466493e-01  -3.3092559e-01  -1.7822833e-01
   1.2391164e-01   6.2162093e-02   6.3420386e-02  -2.7741475e-01   1.7122079e-01  -3.3805098e-01  -3.6829114e-01   0.0000000e+00   3.1938866e-02   8.5069045e-02  -2.7533330e-02  -3.2459869e-01  -8.1733356e-02   1.3206381e-01   1.7539386e-02  -4.8423648e-02   1.8649030e-01  -1.3956155e-01   1.0161479e-01  -3.1007906e-02   3.4484813e-01  -1.3904278e-01  -2.2493907e-01   1.6111379e-01  -3.3374956e-01   2.7971877e-01  -8.0736141e-02   2.0079784e-01   8.7197186e-02  -3.5383039e-01   2.8168635e-01  -3.8960640e-02   2.7691075e-01   1.2961401e-03   1.2386633e-01  -7.0590339e-02   5.7170910e-02  -1.2531001e-01   1.1938950e-01   2.5570024e-01  -4.4297819e-02   1.9836677e-01  -3.1461259e-01   3.9227069e-01  -5.6980502e-02  -1.0160961e-01  -1.8816631e-01  -2.9016098e-01  -9.8700097e-03   2.5411373e-01  -2.3116240e-01   5.2312459e-01   1.0177676e-01   2.2043554e-01   1.5491625e-01   1.7735019e-02  -3.3877109e-01  -1.1043779e-01  -2.4792429e-01  -3.0137159e-01  -8.1434627e-02   9.4773028e-02   1.2835116e-01   1.2653722e-01  -1.7755852e-02  -2.5274120e-01  -1.5825996e-01   5.6329280e-03  -3.6601549e-01  -1.5912695e-01   2.7250062e-01  -3.6917572e-01   3.1341066e-01  -1.2496863e-01   2.6170423e-03   3.3994311e-01  -1.1509645e-01   1.3675083e-01   8.2371739e-02  -5.7016803e-03  -9.9690535e-02   1.6909972e-01   2.3002289e-01   3.2091313e-01  -2.4808927e-02   1.6477294e-01   2.0951872e-01   8.7998403e-02   5.5875332e-02   1.2308794e-01   1.3012777e-01  -3.2274792e-02   6.8570528e-02  -2.6686506e-01  -4.2713948e-02   2.1851771e-01  -5.4084132e-02   1.8632728e-01   3.1139970e-02   1.1563321e-01   3.8180178e-01  -5.4780594e-03   1.5495816e-01   1.2546087e-01  -4.3683602e-01   1.1378469e-01   1.9686976e-01  -2.6570440e-01  -9.7300605e-02  -6.4181286e-02  -4.6764444e-02  -4.8826258e-01  -3.4293736e-01   7.8216063e-02   1.9620116e-01   1.7339772e-01   8.6058737e-02   6.1900905e-02   2.2409958e-01  -2.7256639e-01   1.2621629e-01  -2.4612005e-02  -2.4613361e-02   1.6438410e-01  -8.8280199e-02   1.0279844e-01  -1.0187579e-01   1.5584972e-01  -1.9330351e-01  -1.0295812e-01   2.0096296e-02   1.0983125e-01  -2.6006122e-03   1.4708704e-01  -3.7566373e-01   3.5709733e-01  -5.4030847e-02   2.7986866e-01   7.2614988e-02   3.6957385e-02   1.6034350e-01  -7.2460718e-02  -3.9117913e-01  -5.4961914e-02  -1.3864039e-01   1.3080721e-01  -4.5627564e-02  -3.8599778e-02  -3.9846174e-01   1.6488452e-01   9.2352551e-02   1.1319444e-01   2.5202960e-01   1.5740732e-01   8.7229480e-02  -7.0805838e-02   3.1579545e-02  -1.7004936e-01   9.1291670e-02  -2.0563634e-01  -1.1714540e-01  -1.0479800e-01   1.2283114e-01  -2.4073197e-01  -1.8011016e-01   1.1529952e-01  -1.8671878e-01   2.9780541e-01   1.9109775e-01   3.2450904e-01  -7.6661735e-02  -7.5634993e-02  -1.8037975e-02  -1.9360313e-01  -2.2668890e-02   8.2354358e-02  -1.3249880e-01
  -1.3189972e-01   6.9306294e-01   3.5708073e-02  -2.8489140e-01   6.0685628e-01  -1.4841862e-01   1.2676357e-01   3.1938866e-02   0.0000000e+00  -4.5969732e-02  -1.8049873e-01  -2.1508144e-01  -1.0103262e-01  -1.7571657e-01  -2.4068607e-01  -3.8953843e-01   2.9095939e-01  -3.7120808e-01  -3.3916598e-01   1.9003261e-01  -1.5594368e-01  -2.5890934e-01  -4.5061893e-01  -1.4741660e-01  -9.6130700e-02  -1.1327497e-01   1.0564323e-01  -3.4431557e-01   1.4045488e-01  -1.5423523e-01   4.1439377e-01  -2.4219859e-01  -1.6907952e-01  -1.6838552e-02   1.1890743e-01  -1.0507195e-01   3.7261793e-01  -8.3520724e-02  -2.0666342e-02   2.2307470e-01  -1.3628578e-01  -2.8584832e-01   2.0084470e-01  -2.2018004e-01  -1.5279213e-01  -1.2831358e-01  -3.8190258e-01   1.7567243e-01  -5.2834989e-01   2.9664403e-01  -4.3703650e-01   1.2394773e-01   1.8653297e-01  -1.4100980e-01  -1.6587195e-01  -4.5919708e-01  -4.0051075e-01  -2.1668454e-02  -2.9977615e-01  -8.0106074e-02  -9.3081404e-02  -3.1332928e-01   5.8642848e-01   6.4051799e-01   4.6243151e-01   1.7033599e-01  -2.1190519e-01   3.4663250e-01  -3.5726865e-01  -1.1619533e-01   6.2506267e-01  -3.3493200e-01   1.6772188e-01  -2.2867234e-01  -4.2965255e-02  -4.6562286e-03  -1.0344789e-01  -1.9088279e-01   5.1287199e-01  -8.2525261e-02  -3.3431843e-01   1.6175726e-01   2.2077260e-01  -2.2886694e-01   7.1290049e-02  -8.2624026e-02   4.6348433e-01  -3.7448906e-01   3.8362469e-01  -1.1499453e-01   5.9840048e-01  -2.4457669e-01   1.3303860e-01   4.1644183e-01  -2.1256262e-01   3.6874373e-01  -5.9919524e-02  -9.6625859e-02   1.4037903e-01   1.6574725e-02  -9.1937468e-03  -2.3804841e-01  -3.7480057e-01   7.7926652e-01  -4.0404823e-01  -2.2138154e-01  -1.1910537e-01  -1.6741240e-01  -2.8357484e-01  -1.5666595e-01  -1.7300394e-01  -3.0262671e-01  -2.2405365e-02  -1.9404209e-01  -2.2139606e-01   6.7450393e-01   5.9606992e-02   1.0318756e-01  -3.2144891e-01  -3.0992169e-01  -1.4897919e-01   4.4033274e-01   1.6085354e-01   3.6539071e-01  -3.0723266e-02  -4.6629563e-01  -3.6398201e-01  -3.0485522e-02  -4.1576312e-02   8.1674293e-02  -9.4891210e-02   2.8918633e-01  -3.1716421e-01  -3.9010352e-01  -3.2389807e-02   1.0010147e-01  -1.5645874e-01  -1.9341995e-01  -2.4508427e-02  -1.6115232e-01  -2.0654436e-01  -1.1860332e-01  -3.3132519e-01   1.2688993e-01  -4.3389134e-02   2.8243495e-01   1.5206202e-01   5.4770341e-01  -3.4816568e-01   2.7517679e-01  -2.7719071e-01  -3.4751020e-01  -3.0944127e-01   4.9229796e-01   5.8814609e-01  -1.1398138e-01  -1.5176389e-01  -3.0722944e-01  -9.8346536e-02  -4.6892641e-01   2.7507238e-01  -2.3835415e-01   6.8196287e-02  -3.8928102e-01  -2.1057807e-02   1.7430504e-01   4.5721780e-02  -2.5730802e-01  -3.1053178e-01   4.0299425e-01   2.3799341e-01  -9.1503254e-02   4.5305634e-01   1.0848830e-01   2.4818128e-01   5.3537358e-02  -1.1996582e-01
  -9.8372013e-02  -4.9664663e-02   3.8515270e-01  -2.3007756e-01   2.3012129e-03   3.7866993e-01   1.2446843e-01   8.5069045e-02  -4.5969732e-02   0.0000000e+00  -2.0909795e-01   1.7095115e-01   3.1733071e-01  -1.3913125e-01   7.5670734e-02   8.7734957e-02   2.2227527e-01  -1.3953096e-01  -5.7572350e-02   4.8132990e-01   7.0162194e-02  -9.2566924e-02   4.6202716e-02  -7.1708546e-02   5.4066802e-02  -1.0828968e-01   2.6337875e-01   5.6857353e-03   2.1138452e-01  -1.7810696e-01  -2.4302464e-01  -2.8126685e-02   1.5468369e-01   3.7475123e-01   7.9135045e-02   2.4058960e-01   1.4342056e-01  -2.4662209e-01  -1.7384124e-01   4.3890268e-01   2.8657483e-02   1.6251987e-01   3.7731494e-01  -5.1814765e-03  -7.9031871e-02  -1.2310699e-01   4.0350773e-02  -2.1059506e-01   8.4615733e-02   3.1065828e-01   2.8197660e-02  -2.5364509e-02   1.3039671e-01   3.6250981e-01   1.2345057e-01  -7.9924027e-02   3.4104943e-02  -6.1092541e-03  -1.6197124e-01   1.4688429e-02  -1.2354802e-01   1.3676160e-01   3.9477673e-02  -1.7373577e-01  -4.1944578e-01   2.0310064e-01   1.7610071e-01  -7.4110086e-02  -7.7644367e-02   1.5064910e-01   6.1623970e-02  -1.3356659e-01  -2.8621353e-02   2.1611597e-02   2.4003081e-02  -3.8628213e-02  -1.2781283e-01   2.6934393e-04   1.1247534e-02  -1.6143040e-01   3.9954437e-02   1.3975200e-01  -1.2080459e-01   3.9832154e-02   9.2065430e-02  -1.4875644e-01  -6.9765204e-02  -2.3982661e-02   1.2399783e-01  -2.4623183e-01  -3.4252200e-02   2.4414092e-02   4.3285227e-01   1.9750960e-01  -1.9519540e-01   2.7432609e-01   1.7151738e-01  -4.9680462e-02   1.3440385e-01   1.1285753e-02   1.7716801e-02   2.8396611e-02  -7.3136157e-02  -8.9962758e-02  -1.5645936e-01  -5.7605515e-02   1.7956795e-01  -1.1651317e-01   3.1566535e-01   2.2657376e-01   4.0714220e-01  -7.4349666e-02  -1.0181587e-01  -1.0320610e-01   6.2348575e-02  -1.6184207e-01  -9.8122601e-02   1.7084327e-01   1.1888730e-01  -1.8737322e-01  -1.2849589e-01   1.7930616e-01   2.0180144e-01  -2.2046987e-01  -1.0234792e-02  -1.1115871e-01   5.5065097e-03   3.3543766e-02  -1.7310460e-01   1.3432612e-01   5.3858123e-02  -1.7756777e-01  -6.1736555e-02  -1.2563341e-01  -8.7734569e-02  -2.0269113e-01   2.5125293e-01  -9.9264945e-02  -1.8961936e-01  -5.3184173e-02  -3.9765895e-02  -3.7887830e-02  -1.4050974e-01   5.1992639e-01   1.6481132e-01  -1.3162038e-01   3.7092538e-01  -4.7189210e-02   2.2041159e-01  -4.2129756e-02   2.0610901e-02  -1.1678522e-03   3.0306314e-02  -3.6562279e-02   2.4498108e-01  -2.3423310e-01  -1.8899431e-01  -2.4140792e-02  -5.0251486e-02  -5.3933653e-02   1.9875604e-01  -1.4118167e-01   4.8735534e-01  -3.3251305e-01   1.3502166e-01   1.2108627e-01   8.4203133e-03  -6.0671819e-02  -9.4915171e-03   1.2399073e-01   1.9424569e-01  -2.2961675e-01  -2.9631872e-01   2.7416451e-01   6.7810109e-02   2.2759663e-01   1.8045317e-01
   2.8485409e-01  -1.8758135e-01  -3.3003634e-01   2.5417088e-01  -8.1802509e-02  -1.7194762e-01  -2.0726283e-01  -2.7533330e-02  -1.8049873e-01  -2.0909795e-01   0.0000000e+00  -1.5310757e-01   1.7799372e-01   1.3984057e-01  -5.7559312e-03  -6.5110351e-02  -3.1770369e-01   7.3710477e-01   2.6965119e-01  -1.3113169e-01   2.0029126e-01   2.5045712e-01   9.2891234e-02   2.9796510e-02  -1.3448384e-01   9.6732567e-02  -1.4946501e-01   1.7523502e-01   7.3853956e-02   4.2965385e-01   4.3269788e-02   2.4226071e-01  -3.5684734e-01  -2.3665710e-01  -3.0672779e-01   4.5955718e-01   1.1109834e-01  -8.7474214e-02   1.5596196e-01  -5.5310682e-01   5.0371443e-01  -1.6250365e-01  -3.1094138e-01   3.4543728e-01   1.3474769e-01   1.5182275e-01   6.4875452e-01   1.5015896e-01   1.5438947e-01  -5.1165360e-01   5.9491864e-01   1.9916037e-02  -2.1749121e-01  -2.7250804e-01   6.6382350e-02   2.7663324e-01   2.8705097e-01   2.0486322e-01   4.7799351e-01  -2.2160658e-03   2.6430101e-01  -4.6238613e-02  -3.0024878e-01   1.0602064e-02   6.0746065e-02   4.5633667e-02  -3.7348636e-02  -2.0005295e-02   4.3707994e-01   1.5195358e-01  -4.8267928e-01   4.5869490e-01   2.5860135e-01   1.8552871e-01  -3.4813479e-01   1.0856191e-01   9.7427192e-02   2.1594250e-01  -2.7760315e-01   2.5974321e-03   4.4782711e-02  -1.2603643e-01  -9.2575970e-02   1.2605095e-01  -3.3616096e-01   1.0266652e-01  -1.9700144e-01   3.8116443e-02  -1.8103820e-01   1.6456889e-02  -2.2590273e-01   9.3289609e-02  -5.4010533e-01  -2.1582951e-01   1.5117778e-01  -3.6368838e-01  -1.7316002e-02   4.5545851e-02   2.3655618e-01  -2.8022649e-01  -1.2965320e-01   1.9455617e-01   9.3160024e-02  -1.0777039e-01   4.0324417e-01   1.3613290e-01  -3.6239214e-01   2.8071572e-01  -4.9067430e-02   3.0388009e-01  -2.5572720e-01   3.0310421e-01   9.8791047e-02  -1.5340031e-02   1.0650428e-01  -2.0710836e-01   2.0342239e-01  -2.3866711e-02   2.0385670e-01   2.8100299e-01   1.1997526e-01  -3.1331451e-01  -3.6451588e-01   1.7016025e-01  -4.7319637e-02   1.7140773e-01   3.7586213e-02  -2.2070947e-01   2.2181628e-01  -5.0418001e-02   4.1167457e-02   2.4005705e-01   1.0690431e-01   2.1623142e-01   2.0245321e-01   3.2617143e-01  -2.4851393e-01   6.4764544e-02   2.4392260e-01  -9.6238395e-02   2.4404651e-01  -9.7905765e-03   4.1062987e-01  -3.5570662e-01   5.0744957e-03   1.8828780e-01  -5.4829190e-01   1.5845199e-01   2.5270098e-01  -1.1206216e-01  -8.7046858e-03   9.9486264e-02  -1.0091810e-01   2.0390715e-01  -4.9606561e-01  -3.6623704e-02   1.5628794e-01   4.5202285e-01  -3.9306996e-02   1.7739792e-01  -3.1341782e-02   5.1424327e-01   9.0360242e-02   6.0027975e-01   2.1353431e-01  -5.1893028e-01   2.3873191e-01   2.8836449e-01   3.2050920e-03  -3.3991924e-01  -2.5923387e-01   8.1657565e-02   2.7703962e-01  -1.0539496e-01  -9.2332400e-02  -5.9270846e-02   1.9222630e-01
  -1.3995815e-01   1.5216906e-01   1.9500164e-01   3.4292892e-01  -9.8942033e-03   6.7580860e-01   3.3997198e-01  -3.2459869e-01  -2.1508144e-01   1.7095115e-01  -1.5310757e-01   0.0000000e+00   2.1432520e-01  -3.3973373e-01   8.8576468e-02   3.8902036e-01  -3.6689793e-02   1.7254805e-01  -1.7036792e-02   4.3218684e-01  -4.1780149e-01   3.2974666e-01   2.2488923e-01  -2.9451961e-01   3.0896223e-01  -2.1636951e-01   3.2453780e-01  -3.7962210e-01  -5.3343198e-02   4.7357118e-01  -3.1533444e-01   1.1485771e-01  -4.9748617e-02   6.6489255e-02  -2.2709398e-02   7.9821709e-02  -1.1868552e-01  -2.2994252e-01  -4.9403221e-02   4.8796507e-02   7.6228302e-02   1.8849505e-01   5.6621546e-01  -3.1609584e-01   1.4091852e-01  -1.5059547e-01   2.4159383e-01   3.7248310e-01   1.7950247e-01   1.4622701e-01   2.2755129e-01  -4.0562874e-01  -3.6125753e-02   9.5176118e-02  -1.2209864e-01   8.8631211e-02   3.9595373e-01   8.1796167e-02   2.9783967e-01   5.2915254e-01   4.0235192e-02   3.0668836e-02   6.3063200e-02  -2.0979320e-01  -1.6041083e-01   3.8608337e-01   5.7039962e-01   1.0503676e-01   3.6034255e-01   3.6189762e-02  -2.1002696e-01   4.2768232e-01  -1.6153746e-01   3.9682005e-01   3.0100994e-01  -1.2285733e-01  -1.5063928e-01   1.8510568e-02   1.4696998e-01   2.1743956e-01  -7.8894311e-02   1.0811451e-01  -3.2246060e-01  -3.1768403e-02   5.5310495e-01  -3.4719694e-02  -3.8483201e-01   1.2766808e-01   3.4319011e-02  -2.4757067e-01   3.5682531e-02   2.5034511e-01   3.9411028e-01   3.0873051e-01  -1.9145950e-01   2.3789586e-01   2.3505614e-01  -1.4652405e-01   1.0976476e-01  -1.7820811e-01  -4.7521747e-01   2.6728751e-01   2.1744215e-01  -2.9064599e-01   4.1752400e-01   8.9991100e-02   1.0172929e-01   1.4196102e-01   1.4576140e-01   7.4781329e-02   2.1351413e-01   5.7607846e-01   5.8004680e-01  -2.8476443e-01  -4.8233589e-01  -7.3227214e-02  -1.1011634e-02   5.4585749e-02  -3.3534833e-01   3.6363312e-01  -2.4176867e-01   3.6281473e-01   3.5398787e-01  -1.8549464e-01  -2.8812888e-01  -1.8947845e-01   4.3868826e-01   4.8244790e-02   1.5205169e-01  -1.1020289e-01   2.3468053e-01  -1.4009130e-01   2.8402195e-01   8.5092198e-02   3.0593935e-01  -1.9390846e-01   2.6949872e-01  -4.2648783e-01   1.4152485e-02  -2.9145597e-01   2.1722494e-02   1.0708134e-01   3.8082521e-01  -4.6034252e-02   2.4498279e-01  -1.7509635e-01   3.4084625e-01  -7.2118498e-02   3.8141277e-01  -3.6332651e-01   7.5574889e-02   6.4639447e-02  -3.6575858e-02  -3.4121543e-01   1.1535256e-01  -2.7418073e-01  -1.8035953e-01   3.1062115e-01   1.6187197e-01   3.1693146e-01   8.8782013e-02   3.0516874e-01  -1.9161134e-01   3.3876615e-01   1.8706223e-01   3.2000376e-01   3.7354576e-01  -3.1118519e-01  -9.2871206e-02  -2.9416631e-01   3.7104139e-01  -2.4907782e-01  -1.1073468e-01   2.8669430e-01  -6.6003234e-02   4.7490038e-02   1.7453521e-01
  -5.3354665e-02  -1.3666233e-01   6.6035775e-02   1.8116296e-02   1.3095044e-01   2.7900862e-01   1.0250294e-01  -8.1733356e-02  -1.0103262e-01   3.1733071e-01   1.7799372e-01   2.1432520e-01   0.0000000e+00  -6.3390111e-02   1.2514624e-01   3.1180721e-01  -9.2106237e-02   2.0477525e-01  -7.2664741e-02   4.1706666e-01   2.8258600e-02  -2.5341101e-02   1.0668949e-01  -1.8964236e-01   1.2724578e-01   5.7705165e-02   4.4742756e-01  -4.1504496e-02   1.8257484e-01   1.1072084e-01  -8.8777561e-02  -3.3768471e-02   9.2744291e-02  -6.1042547e-03   3.2543535e-02   2.8568476e-01   1.1579250e-01  -3.3115083e-01   1.9426963e-01   1.0727650e-01   5.9812398e-01   9.0133911e-02   3.0357209e-01  -6.0382336e-02   2.7312446e-01  -2.5625646e-01   3.1702206e-01   1.3923087e-02   2.2318351e-01   1.6806301e-02   1.8524128e-01  -6.1641519e-02  -8.6529732e-02   1.7830076e-01   4.7373501e-03  -5.4659197e-02   1.4250621e-01  -2.1312328e-02   2.0126774e-01   3.3494326e-01  -9.6193330e-02   2.7064328e-01   1.4004408e-02   4.6245019e-03   3.5570900e-02   2.0019919e-01   4.8655569e-02   9.1475361e-02   1.3620516e-01   9.4847190e-02  -2.1149242e-01   1.6015015e-01   4.2874864e-01   2.5750077e-01   2.4411579e-01  -1.1254750e-01  -2.6320282e-01   1.6911137e-02   6.5004783e-02   1.9183871e-01   1.2134749e-01   5.0593465e-01  -1.6384986e-01  -2.8738761e-02  -6.6333238e-02  -7.4993317e-02  -1.6070943e-01  -2.0992386e-02   2.3724919e-02  -2.1813318e-01  -2.5553060e-03   1.9044886e-02   1.1767489e-01   2.5196483e-01  -1.5479101e-01   1.1031140e-01   5.5029228e-01   1.6941241e-03   3.5933834e-01  -1.5346385e-01  -1.2718639e-01   1.7686516e-01  -1.8013860e-01  -2.2579193e-02   4.0856447e-02  -7.5526520e-02   8.2342879e-03   6.0250485e-02   1.1550773e-01  -1.6308221e-02  -1.6968464e-02   8.1889173e-02   2.6640340e-01  -2.1547863e-01  -6.0736368e-03  -4.1028438e-02   1.1715749e-02   6.2198729e-01   3.7260456e-02   8.8657868e-02  -2.2890888e-01   1.3902429e-01   8.2834659e-02   8.4764069e-02  -2.3856780e-01  -8.5148195e-02   2.6351127e-01   2.7880546e-02  -7.3316100e-02  -5.6569384e-02   5.2285391e-01   9.4657545e-02  -1.7360618e-01   1.0514733e-01   1.8797547e-01  -4.3969664e-03   1.6489903e-01  -9.4012312e-02  -4.1813559e-02  -1.9790230e-01  -8.4522976e-02  -1.6027800e-01   4.0134712e-02   1.4114542e-01   3.6697695e-01  -2.9263589e-02   3.2088072e-02   9.7117642e-02   1.6994617e-01  -1.5077429e-01  -7.1238305e-02   1.1959101e-02  -7.5876367e-02   7.5806604e-03  -2.6508737e-02  -3.5448974e-01  -2.9876305e-01   3.4099225e-01  -1.3345336e-01  -5.8536922e-02   2.6537445e-01   2.0046724e-01   3.9399701e-02   3.5324114e-02   1.8707006e-01   4.7377986e-02   1.6423236e-01  -2.4732421e-01  -1.3952337e-01  -1.6212593e-01   2.3088090e-01  -2.4636965e-01   1.1382263e-02   2.5211294e-02  -2.8299428e-02   1.1156229e-02   2.0012956e-01
  -9.2738826e-02  -3.8594885e-01  -2.4831014e-01  -2.2677124e-01  -4.2027425e-01  -3.0501777e-01  -1.3416739e-01   1.3206381e-01  -1.7571657e-01  -1.3913125e-01   1.3984057e-01  -3.3973373e-01  -6.3390111e-02   0.0000000e+00   4.3927666e-01   1.3027269e-01  -2.2269969e-01   1.3054938e-01   4.1986023e-02  -4.2443534e-01   6.1395078e-01  -1.4885761e-01   2.5463808e-01  -1.7856604e-01  -8.1831659e-02   7.9708229e-02  -4.7382709e-01   3.7467512e-01  -1.9198450e-01  -2.1217789e-01   3.0732324e-01  -1.1524481e-02   1.6488159e-01   1.9104628e-01   5.7971161e-01  -2.5093133e-01  -1.9795586e-01  -7.6651790e-03   1.4360351e-01  -1.9677617e-01  -1.1530896e-02   5.0153051e-02  -2.8075876e-01   5.1156591e-01   1.5400538e-01  -1.7856020e-01  -1.8383717e-01  -2.5140135e-01   2.9853964e-01  -1.5606582e-01   2.0431308e-02   4.5403619e-01  -2.3305920e-01   2.1557384e-01   5.3495656e-01   2.2552379e-01  -1.5836630e-02  -2.5130589e-02  -4.2360721e-02   2.1433278e-01  -2.7350473e-01   4.4078476e-01  -2.4959824e-01  -1.0771590e-01  -2.6781127e-02  -4.7621001e-01  -2.5976971e-01  -3.3202561e-01  -1.9114069e-01  -3.5039108e-01  -1.8357213e-01  -2.7797203e-01   4.1281946e-02  -1.7281635e-01  -5.2608171e-02  -1.0400891e-01  -1.8805871e-01   3.6826374e-02  -4.9199804e-01   1.4425784e-02   4.6977472e-01  -4.0073024e-02   4.8415532e-01   1.0261605e-01  -1.9704169e-01  -1.4239953e-01   4.5043322e-01   2.8943225e-01  -8.3807420e-02  -1.2106152e-01  -4.1069324e-01  -3.3138317e-01  -1.1092431e-01  -3.0897713e-01  -1.3051271e-02  -3.2183164e-01  -8.5250737e-02   3.8708592e-02  -1.6742111e-01   4.6079161e-01   7.7165762e-01   1.0954043e-03   1.4057675e-01   7.6093776e-02  -1.4056203e-01   2.3295916e-02   2.0917459e-01  -1.3662494e-01   2.0059022e-01  -9.0818118e-02   1.7068082e-01  -3.2128339e-01  -3.1513975e-01  -9.3080875e-02   6.5133679e-01  -3.3078060e-01   3.5853156e-02  -4.1522097e-02   7.2952179e-01  -2.5274427e-01  -1.9808948e-01  -4.3417427e-01  -1.7159506e-01   1.8311999e-01  -1.0008132e-01   4.7666186e-01   2.1015032e-01   2.0857121e-01  -2.7920481e-01  -3.3101749e-01   5.5132458e-02   1.3975474e-01   4.9957087e-02   4.5750650e-01  -1.8552847e-01  -9.9445714e-02   4.3652408e-02   7.2469476e-01  -2.9664701e-01   8.6019283e-02  -3.9244273e-03   6.6167642e-02  -1.5185321e-01   2.6886851e-02   1.7441663e-01   3.6048413e-02   1.9035772e-02  -4.8153044e-01  -1.2816801e-01   4.6270160e-01   8.6759635e-03   3.9553195e-01   4.9070127e-03  -1.8317943e-01  -3.7280354e-01  -1.1164350e-01  -1.6883589e-01  -3.2701388e-02  -2.9974226e-01   1.6587717e-01  -1.3150768e-01  -8.2048352e-02  -4.3507785e-02  -1.3105058e-02  -2.8026411e-02  -5.8736556e-02  -3.7901247e-01   2.8379080e-01   1.7339918e-01   1.3281584e-01  -5.0171197e-01  -1.2145553e-01  -4.0121104e-01  -3.0721191e-01  -7.9818773e-02  -3.6397067e-02  -1.9517759e-01
