   0.0000000e+00  -1.1233936e-01  -4.4135595e-01  -1.3192575e-01  -3.8419561e-01  -4.9590093e-01  -3.5057351e-01   1.8230437e-01   2.2701595e-01  -1.7369500e-01  -5.3359753e-01  -3.3945496e-01  -5.0084124e-01   6.4213363e-02  -2.3663696e-01  -4.9697283e-01  -2.8993604e-01  -4.2439895e-01   1.7731902e-01  -5.1654480e-01  -5.1177836e-01   1.7637337e-01  -3.2962069e-01   7.8837538e-01  -1.2201902e-01   5.3024070e-03  -4.5874807e-01   4.9537400e-01  -1.6131873e-01  -3.2406334e-01  -1.6797545e-01   1.8095067e-01  -1.4141142e-01  -1.8167278e-01  -1.6762782e-01  -5.4029286e-01  -1.2420586e-01   4.0422617e-01  -3.9950851e-01  -2.6833189e-01  -5.6158160e-01  -1.0269296e-01  -4.3995615e-02  -2.3017280e-01  -4.5909373e-01   4.2126834e-01  -4.2244015e-01  -2.3295504e-01  -2.5114902e-01  -1.9737070e-01  -3.5120455e-01   2.9761282e-01  -1.3735259e-01   1.5883825e-01   8.5363991e-02  -1.2301186e-01  -2.5725300e-01   2.2012476e-01  -4.0204448e-01  -1.9433806e-01  -2.3109214e-01  -5.1953733e-01   3.2909890e-01  -1.2855988e-01  -8.1544318e-02  -2.9841469e-01  -4.8743365e-01  -4.5971466e-02  -2.1761575e-01  -2.1058474e-01  -1.1148079e-02  -3.2776770e-01  -2.9710582e-01   3.8409137e-01   2.4077815e-01   2.4531523e-01  -1.6980689e-01   2.3816932e-01  -2.3419844e-01  -4.0636003e-01   3.6621398e-01  -2.6629149e-01  -1.6690870e-03   1.4490902e-01   4.4864809e-01   3.2858548e-01  -1.4714966e-01   5.5747467e-01   1.2461988e-01   8.5897494e-01   1.9249728e-02   8.7753203e-02  -2.0842600e-01   2.2613743e-01   1.9496897e-01  -2.4964990e-01  -4.6608615e-01   1.1661083e-01  -5.5657394e-01  -4.1879459e-01   2.2312429e-01  -2.3561420e-01  -8.6561858e-02   5.7044083e-02  -1.2977592e-01   3.3748716e-02  -3.1119626e-02   6.6997613e-02  -1.5297761e-01  -4.6349229e-01  -2.7175337e-01   7.8142230e-02  -1.5934859e-01   8.6630349e-01   6.2582765e-01  -2.7108269e-02   7.5881871e-02  -4.5752834e-01  -1.8949603e-01  -1.4357239e-01   3.5851052e-01  -4.3799545e-01   5.3163690e-02  -9.0001394e-02   5.6477527e-01   2.4034210e-01  -2.0257489e-01   9.3322506e-02   1.6576421e-01  -4.7873181e-01  -4.6480408e-01  -3.2232086e-01   4.5679697e-01  -2.4531084e-01   1.3263114e-01   2.0791613e-01  -1.4122714e-01   2.8467935e-01   3.2607577e-01   6.8041629e-01   4.0685961e-01  -3.1756013e-01  -8.1193031e-02  -5.5906684e-01  -2.2407542e-01   3.5430725e-02  -1.8530054e-01  -2.0574665e-01  -3.5638660e-01  -3.9840645e-02   7.9293204e-01   2.4149768e-01   3.8757405e-01  -1.6547571e-01  -3.3947100e-01   7.9388817e-01   2.2848052e-01  -4.4321286e-01   1.0798510e-01   2.0386376e-01  -3.4186249e-03  -4.4294416e-02  -1.7005712e-01  -3.0395146e-01   1.3925656e-01  -9.9325826e-02  -3.6873729e-01   3.0637952e-01   2.6861654e-01   1.5052325e-02  -2.1351533e-01   2.8647191e-01  -3.1075435e-01  -5.2591564e-01  -2.3034285e-02  -1.2910464e-01   9.9869552e-02
  -1.1233936e-01   0.0000000e+00   3.5792729e-01  -5.0142557e-01   2.6449643e-01  -4.0379252e-02   6.6534873e-02  -8.7172678e-03   2.6864766e-01   2.0290291e-01  -3.4914894e-02   5.6138530e-01  -1.2126951e-01  -1.8836343e-01  -1.3515445e-01  -9.8665987e-02   4.9579477e-01  -2.4807884e-01  -8.6107553e-02   9.8530447e-03  -2.0306716e-01  -4.2804815e-01  -2.9229349e-01  -4.0422520e-03  -1.5908751e-02  -5.5260130e-02  -2.6101226e-01   3.3733716e-02   2.0685027e-01  -1.6803037e-01   1.0456673e-01  -5.4043824e-01  -1.5360091e-01  -5.6145772e-02  -1.3744684e-01  -1.1637243e-01  -8.1653561e-02  -3.3188298e-02  -2.3602494e-02   1.9523039e-01   1.0506562e-02  -1.0068368e-01  -2.4627831e-02   4.9421651e-02  -2.2153180e-02  -6.0529163e-02  -2.5036202e-01   1.0009193e-01  -3.0367480e-02   3.4721763e-01  -3.5633911e-01   6.7049043e-02   4.6521140e-01  -1.5452956e-02  -3.6705373e-02  -2.9501790e-01  -1.3540751e-01  -4.3583765e-01  -2.7233878e-01  -6.7494471e-02   4.6421888e-02   7.2515572e-02   2.3266440e-01   5.0008344e-01   4.0873171e-02   8.0467003e-02   1.0993320e-02   1.2523118e-01  -4.5779237e-01   3.6123930e-01   6.1295512e-01  -2.9591394e-01   1.4990755e-01  -1.4410484e-02  -1.2238826e-02  -2.1213097e-01   2.3897254e-02  -2.3768753e-01   4.7586043e-01  -2.4492288e-01   2.3034708e-02   2.6641396e-02   1.9504843e-01  -7.0021422e-02   5.4313396e-02  -1.1113115e-01   2.9408232e-01   1.7820868e-03   1.2836820e-01  -1.0804381e-01   2.8372127e-01   8.8149802e-02   3.3815647e-01  -6.5053781e-02  -2.1810172e-01   2.4895106e-01  -2.2551373e-01  -1.2165122e-01   1.1975136e-02  -2.6572183e-01  -1.9431294e-01  -7.3871902e-02  -3.2021772e-01   2.1839763e-01  -3.8037777e-01  -4.8022750e-01  -4.5858833e-02  -3.0526741e-01  -3.8279108e-01  -3.5862486e-02   1.4930797e-01  -4.5712138e-01  -3.2345158e-01  -2.1335429e-01  -1.4943684e-01   6.4936583e-01  -3.2240940e-01   4.2552375e-02  -1.6348936e-01  -4.7124555e-01  -1.3123473e-01   3.2757040e-01   2.5610167e-01   1.6525831e-01   6.0889599e-02   4.2004359e-01  -2.0590762e-02  -1.8685201e-01  -3.8976552e-01   2.6341352e-01   1.6993082e-02   7.7161563e-03  -8.3333828e-02  -1.3352644e-02  -2.9890801e-01  -4.3679825e-02  -2.0414868e-01   1.4236548e-01  -9.8888968e-02  -2.5145190e-01  -2.4356160e-01   3.9831287e-02  -2.5070958e-01  -4.1149937e-02  -1.3444489e-01   3.4679429e-01   1.3867052e-02   5.3177268e-01   3.8732098e-02   5.0059257e-02  -4.4097052e-03   2.2717289e-02  -2.2176351e-02   4.6529709e-01   6.8766862e-01  -1.4448604e-01  -1.2718185e-01  -1.4721352e-01   7.1785399e-02  -2.0757028e-01  -7.8077516e-02  -1.5335987e-01   2.7817571e-01  -2.8012333e-01  -4.6906078e-01   4.0004296e-01   3.1775650e-01  -2.5719194e-02  -1.4907072e-01   2.2379591e-01   2.5772918e-01  -1.3395208e-01   4.1067635e-02  -2.3048984e-01  -1.5513007e-03   5.3209717e-02  -3.6145126e-01
  -4.4135595e-01   3.5792729e-01   0.0000000e+00  -2.1543484e-02   3.3734214e-01   4.2501546e-01   1.4193629e-01  -1.9854831e-01  -3.6663347e-01   3.0453138e-01   1.0458996e-01   6.8957481e-01   2.8589096e-01  -2.9121735e-01  -4.2834923e-02   3.9997352e-01   8.4290181e-01   2.7717198e-02  -2.0586696e-01   4.1903205e-01   1.8265782e-03  -1.7269896e-01   1.1731093e-02  -4.0289831e-01   8.4507331e-02  -7.9808361e-03   3.6803629e-01  -3.6789761e-01   4.6702948e-02   1.8298500e-01  -1.7441471e-01  -1.2432082e-01   1.1036048e-01   1.5991352e-01   1.9649164e-01   2.8121109e-01  -1.8362876e-01  -1.8903260e-01   2.7668419e-01   5.2931829e-01   2.7577217e-01   7.1804066e-02  -2.8142709e-02   1.0853235e-01   1.3076162e-01  -4.8806093e-01   2.8151357e-01  -1.1461580e-01   4.6586664e-04   6.9548395e-01   6.8779992e-02  -2.2586541e-01   5.6446186e-02   8.4318840e-02   5.1470217e-02   2.7543906e-02   2.9208365e-01  -1.9701202e-01   2.9627584e-01   2.1124916e-01   1.1417159e-01   2.5079484e-01  -2.5783248e-01  -8.2978141e-02  -2.7314548e-01   6.6569895e-02   3.3434275e-01   1.0452589e-01   7.3995804e-02   7.2699510e-01   3.1548811e-01   8.1713154e-02   1.4954259e-01  -6.9445953e-02  -4.5033147e-02  -2.0686364e-01  -1.4478963e-01  -1.9277515e-01   3.9640180e-01   2.3595179e-01  -2.8147315e-01   1.7664574e-01  -2.1669622e-03  -1.3708557e-01  -3.3228721e-01  -2.4107070e-01  -1.0972950e-01  -3.5953874e-01  -2.4074156e-01  -4.3410268e-01   9.4652633e-02   9.2666006e-02   6.1559071e-01  -4.2398957e-01  -3.0330095e-01   4.5229317e-01   2.3579214e-01  -6.4351364e-02   2.0962447e-01   1.2147485e-02  -3.3486758e-01   1.3821828e-01  -4.7866484e-02  -1.3315527e-01   2.4701646e-02   1.6812213e-02   1.6946066e-01  -3.7134843e-02   1.4908365e-03   3.0882549e-01   4.5061546e-01   4.1634898e-02  -3.4870880e-02  -2.8185907e-01  -4.3303034e-01   2.1559108e-01  -1.5769543e-01   2.8892445e-01   8.6400442e-02   3.2506710e-02  -4.3632774e-01   3.8876418e-01   3.0298057e-01  -2.1228050e-01  -5.5852247e-01   1.0789592e-01  -1.0664952e-01  -2.5025192e-02  -2.5644833e-01   6.5127642e-01   2.7360554e-01  -4.0193591e-02  -2.9302403e-01  -1.0823067e-01  -2.3833031e-01  -1.6054301e-01   1.6274351e-01  -3.0019174e-01  -2.3956064e-01  -1.1504677e-01  -1.6103796e-01   1.1932094e-01   7.2086663e-02   5.8454905e-01   3.2303727e-02  -1.7772446e-01   3.6991120e-01  -1.8594943e-02   2.7997733e-01  -2.8075795e-01  -5.1209247e-01  -2.3106366e-01  -3.9717245e-01  -2.2890376e-02   7.4869333e-01  -2.8440351e-01  -3.6179216e-01   2.7406759e-01  -3.0806207e-02  -1.6956053e-01  -1.4766752e-01  -5.0797204e-03  -1.8409872e-02   8.2863824e-02  -2.5920469e-02   1.3569535e-01   3.0191715e-01  -1.6336895e-02  -2.3962708e-01   1.3919365e-01   2.7263677e-01  -3.4437083e-01  -5.5224943e-02   4.0303020e-01  -2.1841726e-02   2.6029965e-01  -8.4083473e-02
  -1.3192575e-01  -5.0142557e-01  -2.1543484e-02   0.0000000e+00  -9.0781940e-02   1.9420557e-01  -1.3339789e-01   2.3314991e-01   1.4278167e-01  -3.9279485e-01   1.9712306e-01  -3.3824420e-01   3.2713354e-01   1.6423840e-01   8.1134678e-02   2.0556230e-01  -2.0035274e-01   3.7419128e-01   1.3487840e-01   1.8186243e-01   2.3620820e-01   5.2795287e-01   9.8733168e-02  -1.1388832e-01   1.7668056e-01   4.0753260e-01   4.8113369e-01  -9.7383833e-02  -2.4675059e-02   3.5843920e-01  -4.1199919e-02   6.6411978e-01   4.2038791e-01  -1.7852906e-01   2.1730758e-01   2.0174869e-01  -1.0701067e-01  -9.4520848e-03   1.2212920e-01  -2.2973377e-01   2.5406055e-01   2.4998813e-01   1.0359486e-01   2.8635853e-02   2.0525304e-01   1.4529386e-01   4.3580624e-01  -2.5806856e-01   1.0641286e-01  -2.2794277e-01   4.0666142e-01   1.8420948e-01  -5.0081308e-01   9.7166880e-02   3.7498766e-02   1.0746026e-02   2.4278364e-01   6.4635159e-01   4.4320997e-01   3.3414055e-01   3.8073772e-01   8.9579476e-02  -7.7543764e-04  -4.1755703e-01   9.4134706e-02  -2.2515339e-01   3.8174829e-01   7.0660599e-03   6.4387498e-01  -1.7368818e-01  -5.6908381e-01   4.5761747e-01  -5.6890022e-02   7.4128391e-02   8.7606086e-02   4.1824242e-01   2.8018768e-01   1.7137402e-01  -2.4172318e-01   4.1689750e-01  -1.9502238e-01  -8.7209551e-02  -2.9532286e-01   3.3810679e-01  -2.1996417e-01   2.4700563e-01  -8.1533735e-02  -9.0438578e-02   1.3377048e-01  -9.0518480e-02  -2.6103907e-01   1.8022844e-01  -3.0805537e-01   2.2516532e-01   2.9561829e-01  -1.9378919e-01   4.1028341e-01   2.9594539e-01   2.0611544e-01   1.8095158e-01  -1.7250229e-01   2.5098676e-01   4.1047538e-01   1.4099188e-01   4.3709473e-01   7.5929616e-01   3.0390048e-01   5.4609054e-01   1.5183691e-01   2.2978566e-02  -2.4222612e-01   4.9770642e-01   7.0450243e-01  -9.9436037e-02  -1.6028781e-01  -3.0668766e-01   1.7125058e-01   3.3298364e-02   1.8120300e-01   8.0842792e-01   1.4016899e-01  -1.7222910e-01  -6.0310544e-02  -1.7852443e-02   2.7876520e-02  -2.7664944e-01   2.3176773e-02   2.8881301e-01   6.6106375e-01  -5.7032218e-02   1.6789168e-02   1.0448109e-01   1.5605084e-01  -1.3506779e-01   5.1043992e-01   3.1973935e-01   6.7168714e-02  -2.6691079e-01   2.7825376e-01   3.9778385e-02   1.7779982e-01   1.7539566e-01   3.2064877e-01   1.4247990e-01   1.4946392e-01   2.6601350e-02  -1.9174873e-01  -4.1008121e-01  -3.9780921e-02  -2.7734788e-01  -1.7582948e-01  -1.1385274e-01   1.2362502e-01  -1.9484282e-03  -3.7880083e-01  -9.7416231e-02   2.7287839e-01   3.9147069e-01   1.3761789e-01   3.9889864e-02   1.8853390e-01   2.3322208e-01  -3.8779185e-01   4.6650819e-01   7.3215218e-01  -2.2698661e-01  -6.8974449e-02   1.0322720e-01   1.8931256e-01  -3.1585633e-01  -2.8808513e-01   1.3509981e-03   2.2039326e-01   4.1195148e-01   6.0378505e-02   1.1433479e-01   7.3283045e-01
  -3.8419561e-01   2.6449643e-01   3.3734214e-01  -9.0781940e-02   0.0000000e+00   3.1227744e-01   2.6056593e-01  -3.9898655e-01  -2.9963605e-01   4.3522937e-01   4.8089110e-01   3.6440838e-01   5.2151874e-01  -2.8461691e-01  -2.4599930e-01   3.4852454e-01   4.7901500e-01   3.9288687e-01  -2.0193886e-01   8.1501365e-01   2.8015739e-01  -4.7935746e-01   8.4165258e-02  -3.4171811e-01  -2.9231475e-02  -6.5934654e-02   3.8956743e-01  -4.9501287e-01   1.3649894e-01   5.4818425e-02  -7.4600540e-02  -2.4395422e-01  -8.1166626e-02   1.9911605e-01  -2.6757807e-01   7.4368728e-01   1.8784579e-01  -1.8645095e-01   3.9667863e-01   4.8620569e-01   5.7106285e-01  -8.6023709e-03  -2.1806528e-01  -1.7869483e-01   3.7537603e-01  -5.8537699e-01   4.7868532e-01   1.5942883e-01   5.1245258e-01   4.3357236e-01   2.0215202e-01  -3.3429316e-01   3.0927218e-01  -2.3168231e-01  -5.7054951e-03  -2.4020118e-01   7.0299421e-02  -4.2311136e-01   3.6529185e-01  -1.9686287e-01  -8.9595667e-02   6.4901195e-01  -3.2709555e-01   9.0432443e-02   6.7254216e-02   4.3262810e-01   2.0671367e-01   2.0740373e-01  -3.3016945e-02   1.0167782e-01   2.2324491e-01   2.1695087e-01   4.7129519e-01  -3.0393726e-01  -9.6979203e-02  -4.3243286e-01  -8.4909999e-02  -5.0325267e-01   7.2039875e-01   3.3099766e-01  -3.3853172e-01   4.1047893e-01   1.9654921e-02  -3.1373217e-01  -3.4290105e-01  -4.4074251e-01  -1.3044619e-01  -2.2299715e-01  -2.4295755e-01  -3.3709098e-01   4.6313189e-01  -2.6473044e-01   4.6820798e-01  -3.8511678e-01  -2.0876319e-01   8.3796559e-01   4.4302931e-01  -2.2913196e-01   6.9686667e-01   2.2257787e-01  -4.1195396e-01  -1.1828523e-01  -2.4622393e-01  -3.1560350e-01  -2.8848275e-02  -2.2529524e-01   1.5976544e-01  -3.0894642e-01   7.9646406e-02   5.2106497e-01   5.8273760e-02  -3.1911913e-01   1.6380203e-02  -3.5871169e-01  -4.6712030e-01   4.7077573e-01  -4.2897502e-01   5.9661881e-01  -2.7711710e-01   2.3148578e-02  -4.2385176e-01   7.4124746e-01  -1.2060385e-01   8.0638004e-02  -4.3419166e-01  -1.5834624e-01  -8.3862943e-02   5.6630221e-02  -3.7263975e-01   2.9483649e-01   4.8189342e-01   4.5780599e-01  -5.3844814e-01   6.3164545e-02  -3.4213418e-01  -3.6761560e-01   2.0207245e-01  -4.0682058e-01  -5.2461096e-01  -2.6884433e-01  -2.2346578e-01   2.0380491e-01  -9.3733138e-02   1.6849079e-01  -2.7302163e-01  -8.8372084e-02  -9.9946944e-02   4.6964764e-01   4.7798791e-01  -5.3505667e-02  -3.4949435e-01  -3.7844707e-01  -3.9411297e-01   2.7314651e-01   5.4898973e-01  -3.0043486e-01  -4.1062905e-01   2.7394899e-01  -1.1292162e-01  -3.4660902e-01   6.3555637e-02  -1.0387775e-01   4.9154270e-01   1.7783113e-01  -1.6672423e-01   2.5175073e-01   2.6154847e-01  -4.3729401e-01  -3.0451119e-01   2.9354120e-01   3.3930768e-01  -3.0490514e-01   2.9116615e-01   1.2480110e-01  -3.3004236e-02   1.8830002e-01  -2.0455718e-01
  -4.9590093e-01  -4.0379252e-02   4.2501546e-01   1.9420557e-01   3.1227744e-01   0.0000000e+00   5.0979660e-01   4.1436889e-02  -1.8128752e-01   2.2794893e-01   2.8862899e-01   3.5903636e-01   3.6694489e-01  -2.2479062e-01   1.1048932e-01   3.9206606e-01   2.1327815e-01   2.2989123e-01   7.7521792e-02   5.3990300e-01   3.3573907e-01   7.9716911e-02   4.5433685e-01  -5.0882864e-01  -1.3356888e-02   2.4772295e-01   6.1406804e-01  -1.7362613e-01   1.3230771e-01   3.2553412e-01  -2.5579860e-01   7.2689342e-02   6.6037979e-02   3.4725543e-01   2.4573626e-01   5.5344337e-01  -1.7429277e-01  -2.3797078e-01   2.2596295e-01   9.0388197e-02   3.6385106e-01  -2.3613179e-02   3.9830094e-01   1.9650442e-01   5.1411770e-01  -3.4521732e-01   5.0391520e-01  -1.0430614e-01  -2.2651847e-01   8.0862015e-03   3.0942695e-01   8.1008144e-02  -1.3513205e-01  -1.9940019e-01  -2.7867891e-01   1.0072464e-01   5.7566284e-01   4.5679942e-02   3.6342519e-01   3.4821012e-01   1.1461522e-01   5.2595615e-01  -3.9889066e-01  -1.5244905e-01  -2.0142713e-01   5.1086825e-01   6.9894688e-01  -2.9925800e-02   3.6769647e-01   2.9046922e-01  -3.1709676e-01   5.1223726e-01   5.7814976e-02  -3.3245584e-01  -3.5990419e-01   1.4139423e-01  -5.0550521e-02   5.1747938e-02   1.5107608e-01   2.2708160e-01  -1.1200216e-01   1.2858434e-01  -4.3278292e-01   8.2676496e-02  -3.6294023e-01   1.2648431e-01  -2.7658224e-01  -4.7243398e-01  -5.7458654e-02  -4.9302455e-01  -2.9775604e-01  -1.6716632e-01   2.6926401e-01  -2.4867830e-02  -1.8786779e-01   1.3783021e-01   3.2577427e-01   2.4346685e-01   3.7629082e-01   5.3205696e-01  -3.8569286e-01   3.4416229e-01   6.3545004e-02   2.7631268e-02   3.4795157e-01   1.0187080e-01   8.9135993e-03   3.6085782e-01  -1.4539164e-01   3.8712705e-01   2.2172304e-01   1.5094797e-01   1.5510579e-01  -3.7265675e-01  -4.3294869e-01  -2.7350906e-01   9.7079925e-02   2.7414788e-01   3.4601676e-01   2.6607343e-01  -2.2834019e-01   4.4903181e-01   1.6680412e-02  -3.9787271e-01  -4.1454849e-01  -1.5528942e-01  -8.1220211e-02  -1.2888197e-01   5.9905071e-02   3.2417153e-01   3.3299202e-01  -1.4789156e-02  -2.9275041e-01  -1.5696388e-01   9.0414108e-02   1.9712283e-01   1.6897635e-02  -2.7068592e-01   4.7101018e-02  -2.2450750e-01  -1.6628546e-01   2.3122018e-01   3.2003361e-01   6.2443699e-01   2.7415616e-01  -6.5067655e-02   3.1923031e-02   1.7195587e-01   6.2538860e-01  -3.3866767e-01  -4.7901932e-01  -1.9296263e-01  -3.3044167e-01  -9.6042954e-02   2.1471223e-01  -4.6718101e-01  -2.3956254e-01   4.7041244e-01  -2.7979670e-01   1.3335215e-01   1.0388400e-01   1.7347585e-01  -6.8844475e-02   3.8222273e-01   7.7439674e-02   1.0237120e-01   4.1335167e-01   8.2817925e-02  -1.0280100e-01  -3.8678611e-01   2.4736603e-01  -2.2862270e-01   3.9246661e-01   7.3015427e-01  -1.5610238e-01  -1.3343748e-01   8.5272792e-02
  -3.5057351e-01   6.6534873e-02   1.4193629e-01  -1.3339789e-01   2.6056593e-01   5.0979660e-01   0.0000000e+00  -2.1806649e-01  -1.6279005e-01   3.2372283e-01   2.8268709e-01   3.7897630e-01   1.7472780e-01  -9.3301742e-02   2.2997583e-01   2.4927323e-01   1.4930298e-02   3.8531273e-01  -2.0491373e-01   4.2868940e-01   4.1053463e-01  -1.8272538e-01   5.3499292e-01  -3.7279076e-01   1.2567877e-02  -1.5927483e-01   3.6012412e-01  -3.1943911e-01   7.0165850e-02   2.7224260e-01  -2.7349574e-01  -1.1502850e-01  -1.1803750e-01   6.5351341e-01   7.5699384e-02   4.8554155e-01   2.4273411e-02  -3.1446588e-01   1.2463018e-01   1.3457066e-01   1.6463668e-01  -9.1065023e-02   2.9053072e-01   4.6346597e-02   3.2320362e-01  -4.3756650e-01   3.4184425e-01   2.6332169e-01  -1.8037961e-01  -1.5376633e-01   4.1471214e-01  -2.5238100e-01   2.2208613e-01  -1.6119694e-01  -2.3731871e-01   3.0166704e-01   1.9390113e-02  -2.5813244e-01   1.2964680e-01   7.2218378e-02  -1.4142144e-01   5.5090730e-01  -4.3478207e-01   2.1623403e-01  -1.5389220e-01   6.0443553e-01   1.6660662e-01   5.8778159e-02   2.8112640e-02   1.0719893e-02  -6.2971066e-02   4.0950142e-01   1.1080392e-01  -4.6024733e-01  -2.5348664e-01  -2.2580432e-01  -1.8072033e-01  -1.4939115e-01  -4.3955070e-02   1.4887435e-01  -2.4128440e-02   8.0375276e-02  -3.2010437e-01  -2.5265044e-01  -3.4060426e-01  -1.6976860e-01  -4.4419765e-03  -2.4770840e-01  -1.2861406e-01  -3.8634675e-01  -4.1192236e-01  -4.4835499e-01   1.4175084e-01  -1.8375424e-01  -1.9040711e-01   1.8022578e-02   2.2341858e-01  -2.3211678e-01   4.3733647e-01   6.9969675e-01  -2.0397915e-01   4.2141484e-01   3.5130420e-03  -6.9553279e-02   2.7349187e-01  -1.8037748e-01   1.3629753e-01  -1.4828856e-01  -1.7797241e-01   4.7021350e-01   3.9576799e-01   2.1913958e-02   2.3801338e-02  -2.7706850e-01  -1.9662992e-01  -2.0142921e-01   2.3173582e-02   2.6433684e-01   5.4622134e-02  -2.1535696e-02  -3.3572282e-01   1.8820313e-01  -1.4273501e-01  -3.1109356e-01  -4.5343201e-01  -2.3516217e-01   2.0222766e-01   1.0101667e-01  -2.6197837e-01   2.2627678e-01   2.4570799e-01   2.4946941e-01  -3.8131965e-01  -3.3798112e-02  -1.2915865e-01  -1.6030210e-01   5.6837815e-02  -6.1615483e-02  -2.3494001e-01  -3.1727541e-01  -2.3522165e-01   1.1408146e-01   8.6639095e-02   3.1730694e-01   2.8782739e-01  -1.0149266e-01   3.5999596e-01   3.2451328e-01   5.0367433e-01   7.2244382e-02  -3.7527460e-01  -1.0006032e-01  -3.2164954e-01  -5.9613583e-02   1.4331992e-01  -3.8289017e-01  -3.0974490e-01   1.7812120e-01  -4.8759311e-01   4.8757089e-02   1.5819854e-01   6.4240729e-02   1.8305056e-01   2.8893597e-01  -3.1248713e-01   1.0378514e-01   4.0984960e-01  -2.2251999e-01  -2.5888885e-01  -3.7199701e-01   4.1025498e-01  -3.1680351e-01   3.1667274e-01   1.7447502e-01  -1.1504162e-01  -7.5907114e-02  -3.0170379e-01
   1.8230437e-01  -8.7172678e-03  -1.9854831e-01   2.3314991e-01  -3.9898655e-01   4.1436889e-02  -2.1806649e-01   0.0000000e+00   5.2474416e-01  -4.3679816e-01  -1.3648739e-01  -1.8451716e-01  -1.3132859e-01   1.3643802e-01   1.8543509e-01  -2.6552553e-01  -2.4910787e-01  -1.3696531e-01   4.4939450e-01  -3.2997684e-01  -1.5832676e-01   5.6387029e-01  -1.5374305e-01   2.1306131e-01  -1.4567199e-01   6.1514875e-01  -2.4065346e-01   4.6078241e-01   1.8332338e-01  -1.6788202e-03   1.8153292e-01   1.8302034e-01   2.0561228e-02  -3.4522510e-01   1.1483429e-01  -3.1128938e-01  -1.8009876e-01   2.1709135e-01  -2.6348894e-01  -5.6545030e-01  -2.8058922e-02  -1.2716450e-01   2.6872763e-01   3.6832980e-01   1.1558260e-01   5.6846572e-01  -1.8680035e-01  -2.6192346e-01  -2.9768340e-01  -3.0988369e-01  -1.2785819e-01   8.1259976e-01  -2.4633143e-01   9.7003221e-02  -1.9792447e-02   3.6172217e-02   3.6180766e-01   5.1856466e-01   5.8116226e-02   3.9436614e-01   2.5285772e-01  -2.5155219e-01   2.8981792e-01   4.6500105e-02   1.5251175e-01  -2.6672381e-01   2.1454111e-01  -2.2095330e-01   1.2864272e-01  -1.0498285e-01  -3.1570279e-01  -5.0225196e-02  -2.2125884e-01   2.5065440e-01  -1.4073166e-01   6.3958181e-01   2.4641103e-01   4.9246810e-01  -2.0067869e-01  -2.3086502e-01   4.0123713e-01  -1.6864395e-01  -1.6918115e-01   7.6412420e-01   2.2544634e-01   6.4378563e-01   8.5716942e-02   2.3865278e-01   3.0752324e-01   1.0703028e-01  -2.5826681e-01   3.5910295e-01  -3.1009452e-01   5.2573674e-01   1.4164968e-01  -4.6698484e-01  -3.3618676e-01   6.0491470e-01  -2.9765800e-01  -1.9426797e-01   8.7221939e-02   1.9287294e-01  -3.1045646e-02   5.9188289e-01   9.4858285e-02   2.9149614e-01   5.1547713e-02   6.2856484e-01  -1.7122196e-01  -3.7825953e-01  -2.3036667e-01   6.4583727e-02   1.6455346e-02   3.1260722e-02   9.4778884e-02  -7.0796899e-02   3.2692673e-01  -3.3081932e-01   2.2400828e-01   4.0412444e-02   3.0941970e-01  -2.1065209e-01   5.2352987e-02   4.7965684e-02   4.1901247e-01   9.9381139e-02   3.1139471e-03  -1.3871232e-01   4.8103833e-01  -2.3132747e-01  -8.3962058e-02  -2.6877750e-01   4.5040589e-01  -1.5742264e-01   5.1960374e-01   7.0647315e-01  -5.1746574e-01   2.8720926e-01   7.2542137e-01   1.7118836e-01   1.5744489e-01   1.7165326e-01   3.5122046e-01  -1.8729932e-01   2.7324789e-01   4.5203254e-01  -2.0980439e-01  -3.3596877e-02  -1.6055716e-01  -1.2623517e-01   3.4281622e-01   2.4229853e-01   5.0614541e-01   2.3263119e-01  -2.9946384e-01   6.5549351e-02   3.2858363e-01   1.3862478e-01   1.5685391e-01   2.7998525e-01  -7.2140595e-02   4.9478534e-01  -3.3083088e-01   7.6076737e-02   2.9748875e-01  -9.4614717e-02   1.4650006e-01   4.3762637e-01   4.0323908e-01  -2.9094710e-01  -1.8472367e-01   9.6138673e-02   1.5962216e-01   1.0744208e-01  -1.2776864e-01  -1.2969424e-01   6.1942182e-01
   2.2701595e-01   2.6864766e-01  -3.6663347e-01   1.4278167e-01  -2.9963605e-01  -1.8128752e-01  -1.6279005e-01   5.2474416e-01   0.0000000e+00  -3.4212174e-01  -1.8475744e-01  -1.9164389e-01  -2.3955119e-01  -1.2688607e-02   2.2210509e-02  -4.2428600e-01  -3.1141258e-01  -1.9573703e-01   4.1869154e-01  -3.0881143e-01  -3.0110272e-01   3.7476891e-01  -3.5475634e-01   3.1867501e-01   1.3350275e-01   4.1407054e-01  -3.3833062e-01   3.9371557e-01   3.6758880e-01  -8.0290404e-02   1.1085174e-01   5.3982974e-02   6.0095838e-02  -2.4271434e-01   9.8486555e-02  -3.4356270e-01  -2.0379868e-01   2.0189705e-01  -4.1394107e-01  -4.9884581e-01  -1.7601467e-01   1.2677460e-01   3.6491822e-01   7.4700469e-02   6.4069930e-02   6.2767821e-01  -3.1696880e-01  -1.6354258e-01  -2.5537349e-01  -4.0575832e-01  -2.1667613e-01   6.0178879e-01  -7.4587685e-02   1.1033867e-01   1.4437276e-02  -1.2437359e-01   7.5744363e-02   4.3257733e-01  -2.5260235e-01   3.1921252e-01   2.7262607e-01  -1.4801725e-01   6.7434125e-01   1.2387864e-01   1.2784463e-01  -2.5195926e-01   5.1625565e-03   1.7007029e-01  -7.9141727e-02  -1.8748958e-01  -1.1576464e-01  -7.8790013e-02  -1.5853610e-01   2.9352151e-01   8.7295565e-02   4.8836297e-01   2.9395945e-01   2.7152651e-01  -1.0693076e-01  -3.3238196e-01   2.4648664e-01  -2.2414449e-01  -1.2994060e-01   4.0458453e-01   1.2308820e-01   4.8914396e-01   1.9111255e-01   3.0801564e-01   6.3798904e-01   1.7480296e-01  -1.4031147e-01   3.4255364e-01  -3.8245809e-01   7.2305777e-01   2.7055364e-01  -3.7770732e-01  -2.8335154e-01   4.6686181e-01  -1.7843720e-01  -2.6473554e-01   3.6541918e-03   4.0594329e-02  -1.0463253e-01   7.4533186e-01  -6.9989828e-02   8.0691922e-02   4.4809316e-02   3.8188480e-01  -3.6958595e-01  -3.9105040e-01  -2.7507945e-01  -1.0344460e-01   9.3956755e-02   6.4859793e-03   1.3014402e-01   2.3247957e-01   9.0370446e-02  -2.2784283e-01   4.0590445e-02  -4.9286740e-02   3.7702381e-01  -2.2579745e-01   1.3124685e-01   1.2343749e-01   6.4487792e-01   2.4388765e-01   3.6707030e-02   7.5048022e-03   4.8540782e-01  -3.0915025e-01  -2.6755441e-01  -1.1186765e-01   4.2432626e-01  -1.7564277e-01   5.9641859e-01   5.7914349e-01  -4.4170311e-01   2.1057154e-01   5.0148897e-01   6.9749445e-02   3.8505922e-02   3.5779395e-02   6.4782288e-02  -3.9833724e-01   1.1141083e-01   6.0781003e-01  -3.1831617e-01   7.3352777e-02  -3.2043878e-01  -2.5558105e-02   3.8147445e-01   1.7474039e-01   4.7671130e-01   3.6156689e-01  -2.4938797e-01   9.4672322e-02   4.1937751e-01  -1.4151472e-01   3.3165318e-01   1.0112740e-01   2.7715019e-01   2.2248894e-01  -1.9015505e-01  -1.0531152e-01   1.5888567e-01   1.4273475e-01   1.5038519e-01   1.4309103e-01   2.8629195e-01  -1.9536561e-01  -1.0582534e-01   9.7690281e-02   2.6497319e-01  -1.9018847e-01   7.2133039e-02  -1.0334101e-01   4.2257229e-01
  -1.7369500e-01   2.0290291e-01   3.0453138e-01  -3.9279485e-01   4.3522937e-01   2.2794893e-01   3.2372283e-01  -4.3679816e-01  -3.4212174e-01   0.0000000e+00  -6.9175805e-02   4.5190385e-01   2.0642052e-01  -4.9606060e-01  -1.6820885e-01   1.6822873e-01   3.8054139e-01  -1.8702613e-02  -1.1110338e-01   4.3183138e-01   8.8613669e-02  -5.0354452e-01   2.0452311e-01  -3.5801558e-01  -5.7299999e-02  -2.0896136e-01   6.8570213e-02  -3.0745980e-01  -3.9591949e-02  -2.3276411e-01  -1.2377468e-01  -4.7993445e-01  -1.5122543e-01   6.7596728e-01  -2.5073807e-01   2.7261277e-01   2.5589279e-01  -3.7204764e-01   2.0219402e-01   5.0394212e-01   2.0292372e-01  -3.6961760e-02  -1.4038863e-02  -1.6577545e-01  -4.9738299e-02  -4.5776488e-01  -1.9577224e-02   1.6287965e-01   6.6410712e-02   3.2621781e-01  -1.1816333e-01  -3.3905625e-01   3.9364310e-01  -1.4456051e-01  -1.4959447e-01  -5.9299680e-03   6.0910579e-02  -5.2335453e-01   5.1259322e-02  -2.5123057e-01  -2.3876076e-01   2.3866893e-01  -1.5077121e-01   3.5602204e-02  -1.0454261e-01   6.2350000e-01  -1.2416783e-01  -3.0053637e-02  -4.2947357e-01   1.8893153e-01   3.7420992e-01  -1.9986101e-01   3.6676624e-01  -2.0389402e-01   1.0223867e-01  -4.2568773e-01  -2.8997804e-01  -3.6030530e-01   3.7127958e-01   2.2089315e-01  -2.1076262e-01   3.5229110e-01   1.4358638e-01  -3.7168540e-01  -2.0949688e-01  -3.7354322e-01  -1.5266799e-01  -3.4994055e-01  -1.6856882e-01  -2.0763244e-01   3.0766651e-01  -2.8422673e-01   6.6580004e-01  -3.3721429e-01  -4.5533518e-01   5.1650209e-01   1.2897172e-01  -2.3774579e-01   1.8284507e-01   2.1162016e-01  -1.8568897e-01  -1.8719116e-01  -3.6540369e-01  -2.2283926e-01  -3.0516310e-01  -3.6966977e-01  -1.8852784e-02  -3.8905032e-01   1.0865507e-01   3.3221149e-01   5.7090582e-01  -4.1992624e-01  -3.6030253e-01  -1.3856023e-01  -1.9352583e-01   2.3451367e-01  -3.2934366e-01   4.5803784e-01  -3.0749323e-01  -3.4904885e-01  -3.6311740e-01   4.6958105e-01   5.1005480e-03   6.6742219e-03  -4.0541133e-01  -6.5606894e-04  -4.1530757e-02  -4.6328740e-02  -4.2353698e-01   2.7381347e-01   2.9849552e-01   7.0718966e-02  -4.9950422e-01   1.4391607e-01  -3.8653352e-01  -4.5882269e-01   2.7880247e-01  -1.7582196e-01  -5.0152818e-01  -2.0668846e-01  -2.7943060e-01   3.6473555e-02  -3.8963041e-01   5.4220268e-02  -2.1526354e-01  -2.4473856e-01   2.6396990e-01   2.7514269e-01   3.6831249e-01   1.0706743e-01  -1.9588009e-01  -2.3558379e-01  -3.6794413e-01  -2.2044317e-01   4.6874879e-01  -2.2783252e-01  -4.0035147e-01   8.7114902e-02  -2.6108890e-01  -2.5876333e-01  -7.1574588e-02  -3.9605884e-01   4.8532261e-01  -1.9902357e-01  -3.7898390e-01   3.9420570e-01   2.0525321e-01  -2.5725592e-01  -3.3837873e-01   2.7805651e-01   5.7469419e-01  -3.3569540e-01  -1.5373859e-01  -3.4862539e-02   9.5910317e-02   8.0476394e-02  -4.4663478e-01
  -5.3359753e-01  -3.4914894e-02   1.0458996e-01   1.9712306e-01   4.8089110e-01   2.8862899e-01   2.8268709e-01  -1.3648739e-01  -1.8475744e-01  -6.9175805e-02   0.0000000e+00   1.2957639e-01   4.7135808e-01   1.0823230e-01   8.9951621e-02   3.5288942e-01  -1.0340033e-02   8.1426044e-01  -3.9239242e-01   5.3451314e-01   6.8331472e-01  -1.3769032e-01   2.5501522e-01  -4.4086042e-01   3.0184813e-02  -7.6939162e-02   4.0789186e-01  -4.7017966e-01   5.1336204e-02   5.0916204e-01   2.6787505e-01   8.5841162e-02   4.7480866e-03  -2.9487257e-02   1.5849879e-02   6.9764792e-01   1.3587614e-01  -3.4203991e-01   3.5501964e-01  -8.8381188e-04   5.6672333e-01  -1.1701268e-01  -1.3256967e-01   2.0688226e-01   6.2090471e-01  -3.7133420e-01   7.1873092e-01   3.6554518e-01   3.1264932e-01  -9.6100789e-02   6.1537030e-01  -2.4214714e-01   8.0478607e-02  -1.0679729e-01  -1.1523819e-01  -7.6460898e-02  -3.9238198e-02  -1.4014703e-01   3.9262356e-01   2.2627473e-02   1.1224928e-01   5.5585856e-01  -4.0817384e-01   2.3168130e-01   4.2825221e-01   2.6154249e-01   4.9196336e-01   4.4825657e-02   4.9499117e-01  -1.0712011e-01  -2.1495768e-01   5.6000732e-01   3.9308418e-01  -3.8303013e-01  -1.4851238e-01  -1.8440705e-01   7.6210785e-02  -2.3730087e-01   1.2186510e-01   2.8923666e-01  -2.9721265e-01   2.8040432e-01  -1.3115008e-01  -1.5273013e-01  -4.3721268e-01  -2.8134026e-01   1.3270699e-01  -2.7335166e-01  -2.3858951e-01  -4.8980921e-01  -1.0541775e-01  -1.7382997e-01  -1.0996369e-01  -3.0253370e-01  -1.0793157e-01   1.7452041e-01   3.5719477e-01  -2.7184115e-01   5.8061892e-01   4.7567986e-01  -3.0446608e-01   2.8632659e-01   2.6680686e-01  -1.6466795e-01   4.5965438e-01   7.4656390e-02   2.5648686e-01  -9.8594245e-02   2.3513902e-02   5.8187514e-01  -1.0501151e-01   5.3414689e-02   3.7309563e-01  -5.4231730e-01  -5.3090829e-01  -3.6079916e-02  -2.8365780e-02   3.9759403e-01   4.6725508e-04   2.3768480e-01  -2.3453011e-01   3.6603649e-01  -1.6936289e-01   1.8586457e-01  -3.7395386e-01  -3.4055176e-01   2.2213617e-01   1.8246701e-01  -1.4877057e-01   2.1357575e-01   4.1120206e-01   5.9312709e-01  -3.9872232e-01   2.6299008e-01  -1.7190146e-01  -7.9688945e-02   1.4856286e-02  -3.2498802e-01  -2.9769075e-01  -4.5856915e-01  -2.8616001e-01   2.1499282e-01   2.5406139e-01   3.3273256e-01   2.5064315e-01   2.2441041e-01  -1.2761222e-01   3.2762051e-01   4.8309161e-01   8.9649060e-02  -5.5226835e-01  -1.5888427e-01  -2.0351530e-01   5.4011966e-01   1.2795500e-01  -5.2531422e-01  -1.8511085e-01   3.1012970e-01  -2.0291617e-01  -1.3495585e-01   1.3705012e-01   4.0067410e-01   2.5371313e-01   7.0500563e-01   3.5985843e-02  -6.0274235e-02   2.3131285e-01  -3.1846938e-01  -1.3222521e-01  -1.5881883e-01  -3.6741146e-02  -2.4996055e-01   6.3061048e-01   3.6499974e-01  -9.6108875e-02  -3.1544293e-02   4.5595494e-02
  -3.3945496e-01   5.6138530e-01   6.8957481e-01  -3.3824420e-01   3.6440838e-01   3.5903636e-01   3.7897630e-01  -1.8451716e-01  -1.9164389e-01   4.5190385e-01   1.2957639e-01   0.0000000e+00   1.4420308e-01  -3.1840719e-01  -1.7268272e-01   2.2708331e-01   5.7375324e-01   8.1482801e-02  -3.0678478e-01   4.0746102e-01  -3.4440752e-02  -2.2859212e-01  -8.1833138e-02  -3.4378593e-01   6.3018472e-02  -1.2244892e-01   1.2947167e-01  -2.9567985e-01   1.2391704e-01   1.8752254e-01  -2.6815411e-01  -2.8071239e-01  -1.6154223e-01   3.3442007e-01   1.2833174e-01   3.0202012e-01  -1.6402325e-01  -3.2224173e-01   1.0348170e-01   2.3834576e-01   2.0833507e-01  -1.2871127e-01   1.5637591e-01   4.6522755e-02   3.3160405e-01  -4.4848914e-01   2.0903265e-01  -1.0599914e-01  -1.5220112e-01   4.9084371e-01   3.5770286e-02  -2.7200780e-01   2.1425343e-01   8.8306084e-02  -6.3699047e-02  -6.9140534e-02   1.3301709e-01  -3.8947910e-01   1.2290824e-01   1.6103349e-01  -8.8283229e-02   3.8508503e-01  -1.3296147e-01   1.2989491e-01  -1.6705828e-01   4.1019114e-01   1.8137680e-01   8.5120401e-02  -8.3123856e-02   5.3897927e-01   2.9205038e-01   5.0145949e-02   1.3277100e-01  -3.2720165e-01   8.4337197e-02  -2.7477211e-01  -2.0560406e-01  -1.7480623e-01   5.3382597e-01   9.2973258e-02  -2.4949779e-01   1.6362865e-01  -1.0479359e-01  -2.0251286e-01  -2.2783325e-01  -2.9273139e-01  -4.3929810e-02  -2.4957071e-01  -1.2411926e-01  -3.6491108e-01   3.2029652e-02  -1.6996396e-01   7.0559784e-01  -3.3220622e-01  -3.7104607e-01   3.6559669e-01   5.0448531e-02  -2.0604418e-01   1.9359969e-01   1.1089715e-01  -3.7619649e-01   2.8942229e-01  -2.0861050e-01  -3.1842175e-02   2.2729428e-02  -2.0602983e-01   1.1070319e-01  -1.8966793e-01  -1.1348771e-01   3.7388820e-01   5.5495239e-01  -1.6493023e-01  -2.0017451e-01  -2.6303708e-01  -3.3676578e-01   3.2285241e-01  -2.7554412e-01   2.6564580e-01  -1.6138877e-01  -3.1939378e-01  -3.9910867e-01   5.8532554e-01   4.1821666e-01  -1.8596224e-01  -4.7149417e-01   1.9742231e-01  -4.5410438e-02   9.0914940e-03  -3.6327837e-01   2.9290652e-01   2.7351544e-01  -3.7801585e-02  -3.7218707e-01  -2.4191926e-01  -3.3238052e-01  -2.0652815e-01   6.6456242e-02  -2.4598288e-01  -3.3007247e-01  -2.5745238e-01  -2.4991029e-01   1.1387881e-01   6.8666061e-02   4.7009196e-01   5.1949823e-02   3.0503595e-02   2.0701298e-01   3.0961649e-01   5.0558234e-01  -2.2654637e-01  -2.9330026e-01  -2.3365223e-01  -3.6196432e-01   1.4360705e-01   7.8846502e-01  -3.4069452e-01  -3.8766707e-01   8.6881804e-02  -2.9248908e-01  -3.3467956e-01  -6.8262246e-02   2.5866700e-02   2.7324415e-02   8.6695862e-02  -2.8650330e-01   4.8459987e-01   5.7006440e-01  -7.9532736e-02  -2.8117651e-01   2.8712914e-02   5.1675127e-01  -3.8365693e-01   6.3711259e-02   1.9466235e-01   2.3435771e-02   9.1184205e-02  -2.7884808e-01
  -5.0084124e-01  -1.2126951e-01   2.8589096e-01   3.2713354e-01   5.2151874e-01   3.6694489e-01   1.7472780e-01  -1.3132859e-01  -2.3955119e-01   2.0642052e-01   4.7135808e-01   1.4420308e-01   0.0000000e+00  -1.3617429e-01  -5.0681195e-02   5.3802001e-01   2.0236946e-01   5.7479585e-01  -9.7019437e-02   6.7226843e-01   4.5302173e-01  -4.1893610e-02   1.9986021e-01  -5.4648106e-01  -8.8537294e-03   1.1417408e-01   4.6975971e-01  -4.3807610e-01   7.7339246e-02   2.6194355e-01  -9.9170770e-03   8.6955078e-02   1.4172968e-01   2.4051868e-01   5.5104379e-03   6.7197850e-01   2.8163218e-01  -4.0547803e-01   5.6259997e-01   2.3949201e-01   8.5177399e-01   2.0048594e-02  -8.3889653e-02   1.5033418e-01   4.0762841e-01  -3.7263066e-01   6.1144178e-01  -2.6309185e-02   3.5539759e-01   1.7292005e-01   4.5005296e-01  -2.1530132e-01   1.1978396e-01  -2.0527287e-01  -5.0444419e-02   7.4132274e-02   2.6151855e-01  -5.0797184e-02   6.4525810e-01   9.7592509e-02   4.8511568e-02   5.0142971e-01  -3.0065182e-01  -5.3015480e-02   5.2234719e-02   2.7067421e-01   3.7627912e-01  -3.3944352e-02   3.2005063e-01   8.1656244e-02  -1.3020056e-01   3.9964288e-01   5.7281271e-01  -3.2280057e-01  -2.9247136e-02  -2.1406310e-01   7.4194517e-02  -1.7889706e-01   2.3905451e-01   6.2034155e-01  -4.4215166e-01   5.3223829e-01  -8.4659714e-02  -1.6144203e-02  -4.1480450e-01  -3.2360296e-01  -8.0368055e-02  -3.6790409e-01  -1.9226606e-01  -4.8258428e-01   8.1835459e-02  -2.2548936e-01   2.0125037e-01  -2.1593348e-01  -1.7113942e-01   3.8697030e-01   6.0091015e-01  -2.0296636e-02   6.1936447e-01   3.3834796e-01  -2.4598371e-01   2.6526563e-01   6.1006676e-02  -8.7678210e-02   2.1914410e-01   2.0708245e-01   1.5003064e-01   6.5322952e-02   3.1192738e-01   5.2470175e-01   1.5231633e-01  -3.0635215e-02   2.9574987e-01  -4.4910758e-01  -3.7102701e-01   3.6439223e-02  -7.6150163e-02   7.4065768e-01  -5.5770079e-02   2.9752324e-01  -2.6457787e-01   3.4700727e-01  -2.3390248e-01  -2.6930602e-02  -4.4623540e-01  -3.9022266e-01  -2.6879185e-03   2.5101698e-01   9.7464898e-02   2.5687110e-01   6.9099959e-01   3.7724779e-01  -4.0601038e-01   7.7572274e-02  -7.1053876e-02  -1.6355366e-01   1.5775162e-01  -4.0599715e-01  -3.3501436e-01  -3.4286313e-01  -1.4515737e-01   5.0050879e-01   1.5786498e-01   3.4426878e-01   1.2392003e-02  -1.4455537e-01   3.7165372e-02   1.5159233e-01   4.1644700e-01  -8.8200168e-02  -4.3922616e-01  -3.8766514e-01  -3.3999775e-01   1.1453213e-01   2.0782740e-01  -4.8078004e-01  -2.3755365e-01   5.7379284e-01  -2.4329108e-01  -3.9283545e-01   1.0779465e-02   1.3971554e-01   1.4038121e-01   4.2464787e-01   1.5510083e-01  -3.1913247e-02   2.3144312e-01  -1.6475374e-01  -2.5317117e-01  -5.3649618e-02   1.0335470e-01  -2.7787793e-01   2.9476685e-01   4.5620262e-01  -8.2829163e-03   8.9447835e-02   1.0363743e-01
   6.4213363e-02  -1.8836343e-01  -2.9121735e-01   1.6423840e-01  -2.8461691e-01  -2.2479062e-01  -9.3301742e-02   1.3643802e-01  -1.2688607e-02  -4.9606060e-01   1.0823230e-01  -3.1840719e-01  -1.3617429e-01   0.0000000e+00   2.2350720e-01  -4.5795044e-02  -3.0642620e-01   7.2200135e-02  -8.3662388e-02  -2.1539842e-01   2.3162641e-01   7.5715221e-02   6.2004772e-02   2.3728802e-01   1.7807260e-02  -9.4253514e-02  -7.3719264e-02   1.7171929e-01  -1.2233150e-01   1.5167216e-01   2.6934384e-01   1.5223673e-01   3.7776373e-02  -3.6219296e-01   2.9608751e-01  -1.5906446e-01  -4.1327122e-03   8.7885437e-02  -8.4658799e-02  -2.5240104e-01  -1.4239104e-01   6.1103282e-02  -9.5570795e-02   1.9509807e-01  -8.5519366e-02   1.4680667e-01   6.3322697e-03   2.0369641e-01   1.6423797e-01  -2.2717048e-01   1.4243342e-02   5.4629772e-02  -1.8974947e-01  -8.5451994e-02   2.1571124e-01   1.5815022e-01  -1.7819918e-01   9.5728102e-02  -1.1953979e-01  -9.1594547e-03  -1.3400528e-01  -1.5506268e-01  -3.7415664e-02   1.3487577e-01   9.3642739e-02  -3.3562130e-01  -1.3729039e-01  -4.9771180e-02   1.2974493e-01  -1.2805311e-01  -1.6236939e-01   4.2369431e-02  -2.8521365e-01   7.9863913e-02  -1.7028882e-02  -2.1842030e-03  -7.7353556e-02   8.8072506e-02  -2.8038871e-01  -3.0345539e-02   2.6417655e-01  -3.4256883e-01   4.1747657e-02  -7.8022733e-03   3.9100308e-01   7.8424632e-02   4.0311609e-01   3.2783939e-01  -3.5072890e-02   9.0268604e-02  -2.2150378e-01  -1.1518422e-01  -4.1055103e-01   5.9169804e-02   9.7074220e-02  -3.0991206e-01  -6.7364518e-02  -1.3259146e-01  -7.2949335e-02  -2.8314264e-02   4.3200035e-01   1.3684948e-01   4.7415823e-01  -5.3143496e-03   3.5692517e-02   1.0029813e-01  -1.5060097e-01  -7.5768439e-02   6.2737916e-02  -6.3777005e-02  -3.0755863e-01   2.7415285e-01   2.3440820e-01  -3.4797563e-02   1.6682860e-01  -2.6978295e-01   1.8696987e-01  -2.5009630e-01   1.3820217e-01   1.4003635e-01   5.7521793e-03  -2.6363277e-01  -1.8802950e-02   1.4417782e-01   1.2142883e-01   1.6745343e-01   5.4214360e-02   6.2863914e-02  -7.6178313e-03  -1.3341707e-01  -2.2641320e-01  -3.4394011e-02   4.2844640e-01   1.8645046e-01  -8.6252497e-03  -3.9400231e-03  -8.7420139e-02   4.2957312e-01   1.8865750e-01  -1.3480217e-01   3.1897127e-01  -5.0107180e-02   4.5926207e-02  -2.7327331e-02   1.5932362e-01   4.0056060e-02   5.8680236e-03  -2.1484401e-01  -1.9940246e-01   1.5273569e-01   1.1052436e-01   5.2747338e-01   1.6451880e-02   2.3296983e-02  -3.2990724e-01   6.1993589e-02   6.1505742e-02  -1.0319787e-01  -7.6764547e-02   2.8855320e-01   7.1728718e-03   1.0860597e-01  -1.9908182e-01   1.5204106e-01   3.7818861e-02  -2.9212135e-01  -2.1316653e-01   1.2352715e-01   9.6837733e-03  -1.5534388e-01  -3.9774759e-01   1.5479696e-01  -2.8918770e-02  -7.2276751e-02   3.8221215e-02  -2.8864155e-02   5.4178909e-02
