   0.0000000e+00  -4.4841543e-01  -3.1074837e-01   1.7828523e-01  -4.0996431e-01   2.9329057e-01   8.0768692e-02  -1.8857206e-01  -4.1356216e-01  -3.1437001e-01  -2.4699286e-01  -4.6269600e-01  -3.0021031e-01   5.4820876e-01   2.9827335e-01  -2.5054258e-01  -2.7660435e-01   2.1221265e-01  -3.0105571e-01  -5.3135240e-01   3.1298943e-01   3.3045220e-01   2.7978566e-01   3.8425653e-01  -1.1023309e-01  -2.1362079e-01  -1.6615379e-01   2.1322451e-01  -1.8356233e-01   1.3178615e-01   3.2130218e-01   1.3636422e-01   1.0607521e-02  -9.6831642e-02   5.7908409e-02  -3.9598704e-01  -3.6354846e-03   1.6465963e-01  -2.8760039e-01  -2.7461534e-01  -3.0078744e-01   7.2612615e-02  -4.7085670e-01   1.0925934e-01  -3.7638222e-01   5.6349625e-01   4.2170398e-02  -3.2987935e-03  -1.0042893e-01  -3.8962376e-01   1.5170338e-01  -4.4868255e-02  -2.1343530e-01   1.2173656e-01   4.2057600e-01   3.5463529e-02   7.8371063e-02   1.5710918e-01   2.5726248e-02   2.3960515e-01   2.3292118e-01  -1.5389573e-01  -3.5909155e-01  -1.7706106e-01  -3.5850675e-01  -3.2989136e-01   1.8766832e-01  -1.9908855e-01   1.2749779e-01   1.2723296e-01  -4.3668895e-01   5.4354475e-02  -3.2575847e-01   8.8474056e-02   1.3855026e-04   3.6315171e-02   2.4674458e-01   3.8866090e-02  -3.8874706e-01  -1.3582161e-01   2.4245841e-01  -2.6637890e-01  -6.0543330e-02  -2.5634080e-01   1.5626122e-01   6.5705282e-02   2.0947388e-01   3.3118674e-01  -3.8883860e-01   5.7343473e-01  -4.3604903e-01   4.4389813e-02  -3.6643936e-01  -3.3392626e-01   2.1480102e-01  -3.4545712e-01  -1.4533294e-01  -6.0653404e-02  -3.3443823e-01   2.2389715e-01   8.9748543e-02  -1.9650509e-01   4.6780217e-01   2.2951018e-01   2.4896478e-01  -3.5136390e-02  -7.5403260e-02  -8.7960516e-02  -1.2422631e-01   2.3106975e-01  -4.1596075e-01   2.6966816e-01  -1.5490968e-01   5.5755712e-01   3.0009379e-01  -5.3908359e-01   1.0302865e-01  -3.1381683e-01   4.7858906e-01   8.6828698e-02   2.4238426e-01  -5.2752450e-01  -4.1595303e-01  -3.0902576e-01   4.5712902e-01   7.4600756e-01  -1.6981170e-01  -1.3327346e-01   4.0131806e-02   2.8792104e-01  -3.3698666e-01  -6.3726300e-02   4.4453001e-01   1.9239021e-01  -3.4303941e-01  -9.9147079e-03  -2.1025528e-01   2.6485063e-01   2.0197185e-01   8.8123687e-02   4.9808341e-01  -1.4332008e-01  -8.8575220e-02   3.1684749e-01  -1.6740570e-01   1.2906663e-01  -3.4066431e-01  -2.1405691e-01   8.6266732e-02  -2.2057658e-01   2.3253112e-01   2.3105739e-01   2.0392827e-01  -3.3329950e-01   7.6695610e-03   1.3121511e-01   2.5498597e-01  -8.8730336e-02   6.1349869e-02   4.4013292e-01  -4.0286217e-01  -1.7175513e-01  -1.6967086e-01   9.1476200e-02   9.4882303e-02  -4.2525916e-01  -2.6426335e-01   1.7432090e-01   3.7765485e-01  -2.8502655e-01  -4.3304104e-01   1.9913244e-01  -1.5229570e-01   3.3728482e-01   4.3298551e-02   9.9148622e-02   1.9612759e-01
  -4.4841543e-01   0.0000000e+00   5.6506487e-01  -2.8846207e-01   6.8581669e-01  -3.0455200e-01  -7.2685458e-02   2.1256725e-02   7.2452120e-01   4.7961302e-01   9.5843145e-02   8.7659642e-01   3.1765712e-01  -6.1855679e-01  -4.7272305e-01   2.7966636e-01   5.4959679e-01  -4.1402854e-01   3.6375354e-01   5.7371107e-01  -6.2965295e-01  -3.2955519e-01  -5.3987776e-01  -1.7063687e-01   4.6470828e-02   2.8712286e-02   4.6777395e-01  -2.5850211e-01   2.0164124e-01  -1.3005795e-01  -5.7889190e-01  -3.5669300e-01   3.0543728e-02   1.3724451e-02  -1.6230997e-01   5.4014422e-01  -1.9596500e-01  -7.1148460e-02   3.2533923e-01   5.7864378e-01   2.9194979e-01   4.7824053e-02   8.5741477e-01  -2.0389518e-01   6.5172211e-01  -3.2111562e-01  -2.5004666e-01   8.2175294e-02   9.8361435e-02   5.9703458e-01  -3.0140640e-01  -1.7095371e-01   4.2310116e-01  -1.3216206e-01  -4.5379077e-01  -2.1424059e-01  -4.3745275e-02  -3.7314087e-01  -1.8765117e-01  -1.9859210e-01  -3.1227729e-01   2.1705142e-01   7.2843597e-01   7.5908519e-03   5.9307154e-01   5.4729090e-01  -2.5173432e-01   3.1610487e-01  -3.8632494e-01   1.1274803e-01   6.4158651e-01  -1.7293792e-01   3.4448674e-01   5.7465005e-02  -1.2404789e-02  -1.8418144e-01  -2.3779054e-01  -2.3099283e-01   7.3566943e-01   2.9151061e-01  -5.7978011e-01   4.6530823e-01   1.6397201e-01  -7.3618619e-02   1.1594553e-02  -1.7067778e-01  -2.9062232e-01  -4.3082669e-01   6.6749925e-01  -3.9640148e-01   6.8762723e-01  -1.3515809e-01   7.2629792e-01   4.8639746e-01  -1.5779436e-01   5.4141247e-01   3.5436634e-01  -3.2100761e-02   4.9129962e-01  -2.8851570e-01  -1.2654937e-01   2.3482349e-01  -6.5955277e-01  -2.2007326e-01  -4.4000537e-01  -1.3817596e-01   4.6890080e-02  -1.5830926e-01  -1.5033956e-01  -4.2459021e-01   7.1800057e-01  -2.1076303e-01   3.8364199e-01  -2.8050163e-01  -3.8134966e-01   6.9618711e-01  -1.6459917e-01   4.0494532e-01  -5.0749734e-01  -1.2808939e-01  -1.6101301e-01   7.5083869e-01   7.4851522e-01   4.0136607e-01  -3.3396830e-01  -5.1087723e-01   2.1586653e-01   3.8653055e-02  -1.5731106e-01  -3.6921973e-02   4.3920130e-01   5.0512132e-02  -8.6518978e-02  -2.8140543e-01   5.8537182e-01  -1.1070337e-01   2.2353351e-01  -5.7549730e-01  -3.2784893e-01  -2.6058186e-02  -4.3272549e-01   6.3999830e-02  -1.4027712e-01  -3.2935663e-01   2.1420273e-01  -3.4066241e-01   4.6832685e-01   1.2916048e-01  -3.4201677e-01   4.2767924e-02  -2.0338747e-01  -6.4103895e-01  -1.5151611e-01   6.2114264e-01   6.3804625e-01   4.8834572e-02  -1.6430320e-01   6.4121453e-02  -1.4790367e-02  -6.3143569e-01   6.8235846e-01   3.4944908e-02   1.4056314e-01  -2.8899631e-01  -1.3342887e-01   7.3863101e-01   6.1106578e-01  -4.2796018e-01  -2.5202322e-01   5.4672922e-01   5.9624154e-01  -2.1858967e-01   1.7325920e-01  -3.7847331e-01  -1.3697353e-02   6.8296445e-02  -1.9296649e-01
  -3.1074837e-01   5.6506487e-01   0.0000000e+00  -6.1251710e-02   4.6535450e-01  -6.1355329e-02   8.3009683e-02  -1.0648698e-01   2.2401730e-01   4.6099225e-01   1.1737444e-01   6.3963443e-01   2.6353424e-01  -3.9037970e-01  -2.0354864e-01   2.8939543e-01   8.7140398e-01  -1.3995111e-01   2.9444466e-01   4.1472492e-01  -2.9262203e-01  -1.3127336e-01  -1.3474381e-01  -2.4559845e-01   9.1984673e-03  -1.3008366e-01   2.8156623e-01  -1.7585314e-01   1.2837200e-01  -2.1721836e-01  -2.2536303e-01  -1.7710301e-01   1.3357003e-01   1.7503279e-01  -2.0099162e-01   3.3243095e-01  -3.8733667e-02  -2.2783527e-01   3.4037174e-01   4.9041997e-01   3.1238824e-01   8.3536291e-02   4.9544167e-01   2.2393052e-01   2.6080967e-01  -3.0194895e-01  -1.1431492e-01   2.2919010e-01   1.0344277e-01   4.9338601e-01  -2.1093426e-02  -3.1295560e-01   4.9987656e-01   3.6258572e-01  -3.6939504e-01   2.4965888e-01  -3.4977818e-02  -3.4508266e-01   2.0657719e-03  -1.1191314e-01  -6.7462130e-02   1.0794403e-01   4.5276968e-01   1.2953351e-01   1.1982845e-01   3.8099587e-01  -5.9846290e-02   8.1681868e-02  -2.2708544e-01   5.4045232e-01   5.5323768e-01  -3.3304682e-02   4.9523953e-01   4.7625307e-01   1.9682867e-02  -2.8916026e-01  -2.9955541e-01  -6.1129383e-02   4.3613061e-01   1.6199478e-01  -2.3118155e-01   5.1065554e-01   4.4846120e-01  -1.4411125e-01   3.5675748e-01  -2.6176020e-01  -1.1309000e-01  -1.1620300e-01   2.3473823e-01  -2.2795863e-01   3.8876024e-01   3.3131874e-01   5.7621590e-01   9.6093046e-02  -2.6443398e-01   3.4945205e-01   3.3071777e-01  -1.6378719e-02   1.7924774e-01  -2.2255385e-01   2.4773302e-01   1.6451301e-01  -2.8803647e-01  -2.9516135e-01  -3.0847908e-01  -1.6706388e-01   3.9178735e-01  -1.2823994e-01  -9.5788848e-02  -2.2123350e-01   7.1785237e-01  -6.8599929e-02   2.1510957e-01  -2.3964199e-01   2.4418551e-02   3.4153625e-01  -1.5864527e-02   3.7444807e-01   8.6480080e-03   1.0768872e-02  -2.5310682e-01   4.1815629e-01   3.6375051e-01   2.1972063e-01  -3.1582120e-01  -2.9795550e-01  -8.3278131e-02   1.1243821e-01  -1.3448830e-01   3.6372865e-01   3.6854983e-01   9.9888749e-02   9.4160745e-02  -8.7619363e-02   3.6279133e-01  -2.4687004e-01   2.4332615e-01  -8.3784244e-02  -2.3780799e-01  -1.7418002e-01  -3.7003736e-01   3.4079887e-02  -6.0603141e-02   1.4908908e-01   2.1267346e-01  -2.3632068e-01   4.8717627e-01   1.1369908e-01  -1.1778574e-01   6.5798492e-02   2.5822607e-01  -2.4839885e-01  -8.3725579e-02   3.7828487e-01   6.2855100e-01  -8.8311023e-02  -2.3981081e-01   8.3581565e-02   1.4304308e-01  -2.3625166e-01   3.8853788e-01  -1.0493062e-01   3.2265702e-01  -2.1847148e-01  -6.4493156e-02   4.3817951e-01   4.4952871e-01  -3.9180057e-02  -2.0312951e-01   5.7875688e-01   2.9094044e-01  -3.3577967e-01  -5.5654188e-02  -1.0975262e-01   1.2175833e-01   2.1794105e-01  -9.0231100e-02
   1.7828523e-01  -2.8846207e-01  -6.1251710e-02   0.0000000e+00  -2.4746764e-02   3.7340741e-01   9.8423881e-02  -8.0750167e-02  -1.0302867e-01  -1.5874481e-01   1.2648548e-01  -2.6126156e-01   2.4947747e-01   1.1911584e-01   1.7642315e-01   2.5319032e-01   9.3224961e-02   5.9565830e-01   7.2343015e-02  -8.5564824e-02   4.7870953e-01   6.3945411e-01   2.8720504e-01  -1.4847951e-01   2.4326396e-01  -6.0334544e-02   1.4949427e-01  -4.4584547e-02  -1.9368037e-01   3.7861394e-01   2.8305117e-01   4.6434357e-01   1.9429384e-01  -1.2741279e-01   1.9356822e-01   9.8988378e-02   8.2028175e-02  -2.1983499e-01   3.1376623e-01  -3.2727643e-01   3.0650059e-01   2.8771128e-01  -3.0473129e-01   3.1106535e-01  -9.8705559e-02  -1.0358260e-01   5.0488857e-01   3.2729838e-01  -2.3171237e-02  -2.5264254e-01   5.3329074e-01  -2.8813379e-02   1.2891832e-03   2.5367422e-01   7.0719821e-02   1.6603194e-01   3.0386827e-01   4.3826443e-01   5.7852041e-01   2.8548124e-01   1.9654774e-01  -3.1846863e-01  -1.8835768e-01  -3.5085623e-02  -1.3327108e-01  -6.9195989e-02   4.2156217e-01  -9.1669019e-02   3.8896659e-01   7.4688641e-02  -1.1676908e-01   5.0744750e-01   1.3245791e-01   6.8438518e-02   2.6663166e-01   9.2435194e-02  -1.4694556e-01   3.4458746e-01  -1.8624057e-01   2.3062318e-01   2.0481889e-01   3.8584838e-02   9.5448893e-02   6.5867567e-02   1.6267975e-01   5.6089455e-02   2.0319347e-01   2.4776997e-01  -3.1741064e-01  -7.9626721e-02  -3.3164614e-01   1.1471718e-01  -2.7342407e-01   9.0290570e-02  -2.3015014e-01  -1.0773136e-01   1.0306641e-01   3.2139334e-01  -2.8332849e-02   2.3402194e-01   1.4582606e-02  -1.3547293e-01   4.9971922e-01   2.7700570e-01   5.1040843e-01   3.9113262e-01   1.2146234e-01   2.7215586e-01  -2.8729669e-01   3.0563667e-01  -2.8367382e-01   5.0671490e-01   2.9577900e-01  -2.2421887e-01  -4.1576517e-02  -2.9985703e-01   2.4848531e-01   1.7845950e-01   3.5570683e-01   6.7535048e-01  -1.2892522e-01  -3.1291079e-01  -2.1241489e-01   9.5610599e-02  -6.7267363e-02   4.1881763e-01   4.7393882e-03   1.8037552e-01   5.1806908e-01   8.2159795e-02   4.2795679e-02   5.8765716e-02   3.0748390e-01   1.9002220e-01  -4.7447433e-02  -8.7679874e-02  -2.4675462e-03   3.2023961e-01   8.4552701e-02  -3.0140531e-01  -8.4550954e-02  -8.5353755e-02   1.2971159e-01   3.3337440e-01   6.1713053e-02   5.7338679e-01  -2.0795003e-01   4.7123191e-02   3.4357940e-01  -7.1881486e-03   6.8669931e-02   2.8839949e-01   1.1001869e-01   3.8469392e-02  -2.0495793e-01  -2.4232095e-01  -1.6729192e-01   4.4274382e-01   1.4354584e-02   4.3502116e-01  -7.3591177e-02   1.4799764e-01   2.4831961e-01   6.5171601e-01   5.9465474e-01  -3.4880681e-01  -7.2420275e-02   4.6414837e-01  -7.3998353e-02  -8.6280964e-02  -1.7290878e-01  -2.0248293e-01   2.2994043e-01   4.9073014e-01   2.2396381e-01   6.3200992e-02   5.5957127e-01
  -4.0996431e-01   6.8581669e-01   4.6535450e-01  -2.4746764e-02   0.0000000e+00  -2.1336393e-01  -1.4326578e-01   1.4201518e-02   5.6703162e-01   2.5002555e-01   4.0972221e-01   6.5442584e-01   6.3404892e-01  -4.6735895e-01  -2.0227535e-01   5.1872271e-01   5.4321041e-01  -1.6226451e-02   5.1266373e-01   8.4721788e-01  -3.8117718e-01  -2.7089693e-01  -4.2921982e-01  -1.0613767e-01   2.1373996e-01   9.7536753e-03   4.2259273e-01  -7.6067073e-02   1.5874379e-01  -2.4976636e-01  -3.0220064e-01  -3.8922687e-02   1.8685150e-01  -7.1367710e-02  -3.1161054e-01   8.0083645e-01  -1.0178750e-01  -4.5384842e-02   5.9819911e-01   3.3683185e-01   6.3888116e-01   2.8992359e-01   6.7422804e-01  -4.2693116e-02   6.0278793e-01  -4.8807833e-01   1.9121708e-01   1.7365376e-01   3.9321601e-01   5.4023115e-01   1.7318437e-02  -1.1178668e-01   4.2014817e-01  -1.7619135e-02  -3.8259152e-01  -1.2065283e-01   1.0956007e-01  -2.7916999e-01   1.9742655e-01  -3.1339261e-01  -1.5326552e-01   3.4182331e-01   6.7871344e-01   2.8388106e-01   5.9445579e-01   3.9756353e-01   5.2094677e-02   2.7763193e-01  -1.3856808e-01  -1.0709888e-01   6.1357577e-01   9.5797998e-03   5.9622237e-01   5.3543756e-02   1.1686170e-01  -2.8986793e-01  -1.7562793e-01  -1.3226065e-01   7.9025054e-01   4.4219526e-01  -3.1529760e-01   5.6079409e-01   2.7430309e-01   3.9601770e-02  -1.2251308e-02  -2.6111082e-01  -4.2419829e-01  -1.9602262e-01   6.5415215e-01  -3.7675598e-01   7.3401012e-01   4.0225480e-02   6.1048835e-01   4.9839287e-01  -7.8651657e-02   6.8752293e-01   4.5755202e-01   2.5990549e-01   6.5051811e-01  -2.3083089e-01  -2.4011217e-02   3.5727929e-01  -4.0756472e-01  -3.0388245e-01  -2.0880710e-01   6.7181905e-02   2.8051849e-01   2.9877330e-02  -9.0123377e-02  -3.2521294e-01   5.7262370e-01  -1.0224684e-01   4.7793543e-01  -2.8548777e-01  -3.1824381e-01   7.7363812e-01  -1.7921425e-02   6.7635384e-01  -3.6029778e-01   1.4741158e-01  -1.2197090e-01   7.7466471e-01   6.8773791e-01   5.7952707e-01  -3.4174911e-01  -4.5844556e-01   3.2563656e-01   2.7569257e-01  -6.3843766e-02  -1.5260284e-01   5.9149624e-01   2.7334567e-01  -1.9852629e-01  -1.9074923e-01   5.7544333e-01  -2.7471011e-01   3.0870000e-01  -2.0617374e-01  -2.4918725e-01  -2.1800628e-02  -3.0726837e-01   2.2633787e-01  -4.8124794e-02  -3.2010694e-01   2.1837846e-01  -2.3960318e-01   3.0910954e-01   1.8067532e-01  -2.0949329e-01   1.2317550e-01  -1.3738513e-01  -3.5173986e-01   8.7024477e-03   6.9239395e-01   4.1875769e-01   3.4750227e-02  -1.8223321e-01   4.4336607e-01   1.0332709e-01  -4.0008586e-01   6.7146743e-01   1.6425706e-01   2.9555175e-01   8.0610872e-02   6.2887493e-02   5.8496485e-01   5.5642278e-01  -2.7857276e-01  -2.3184267e-01   5.4374680e-01   6.3395906e-01  -3.8369998e-01   2.9430256e-01  -2.1715304e-01   2.3627406e-02   2.2266398e-01  -1.2798529e-01
   2.9329057e-01  -3.0455200e-01  -6.1355329e-02   3.7340741e-01  -2.1336393e-01   0.0000000e+00   1.8888866e-01   1.1335708e-01  -3.3732198e-01  -5.6974185e-02   1.6190266e-01  -3.2741961e-01  -4.0817503e-02  -3.5347081e-02   6.5878728e-02  -2.8062113e-02   1.0897526e-02   3.7755324e-01  -2.4527128e-01  -2.4965144e-01   3.4257489e-01   5.5087294e-01   4.5096548e-01  -1.9199307e-01  -1.5349663e-01   4.7779986e-02   3.5601538e-01  -3.1927004e-03  -2.5932966e-01   5.2175695e-01   9.9678422e-02   3.7819794e-01   1.8860331e-03   1.6440691e-01   5.8230589e-02  -8.5345304e-02   5.8140417e-04  -3.0232928e-01  -4.6919516e-02   1.0888644e-02  -1.5990434e-02   6.5403488e-02  -4.7715750e-01   1.8326801e-01  -3.9005378e-01   2.4180736e-01   4.0228285e-01   4.2472819e-01  -3.9006603e-01  -2.1953037e-01   3.7453319e-01   2.0509603e-01   1.9402609e-01   3.9672472e-02   1.0586759e-01   2.0018185e-01   2.9327768e-01   4.2895599e-01   2.0196799e-01   4.2257412e-01   1.7682368e-01  -4.1006740e-01  -4.7995655e-01  -1.5222947e-01  -5.2295768e-01  -8.8133009e-02   7.7372942e-01  -3.5735260e-01   5.4257883e-01   2.9518534e-01  -1.0547352e-01   9.9735087e-02  -2.6959206e-02   3.8364281e-02  -1.4117716e-01   1.7676128e-01  -1.2003398e-01   3.3511533e-01  -4.1955339e-01   8.0659419e-02   9.3051052e-02  -8.7749011e-02   1.2273450e-01  -1.3521673e-01   1.7683177e-01   2.1952917e-01   3.0779002e-01   4.4607853e-02  -5.1694867e-01  -9.7771570e-02  -5.1277317e-01   1.7262627e-01  -2.5285125e-01  -6.6062922e-02  -2.5604358e-01  -3.0792970e-01   2.5499598e-02   9.6011089e-02  -2.2096906e-01   2.5588018e-01  -7.4524653e-03  -3.2776180e-01   3.6620880e-01   3.4880317e-01   5.2879558e-01   1.8399405e-01  -4.8105503e-02   4.8232564e-01  -2.6382421e-01   6.7865173e-01  -2.6164972e-01   5.7161235e-01  -1.4995842e-01  -1.6331463e-01  -1.4189492e-01  -4.6407057e-01   1.6797830e-01  -1.3505473e-01   4.5995751e-01   1.6964846e-01  -8.4370572e-02  -4.5139615e-01  -4.3019035e-01  -2.1004241e-01   1.9512830e-01   3.8468576e-01  -2.7317746e-01  -2.1711753e-01   2.7391226e-01   3.0265136e-01  -1.3601674e-01   1.1977868e-01   4.9127756e-01   1.8617577e-01  -3.3392904e-01   1.2453528e-01  -2.9045666e-01   9.2142316e-02   1.6641470e-01  -3.5161801e-01  -1.7911454e-01  -1.7032098e-01   7.2595685e-02   6.4738153e-01  -2.2759140e-01   3.6704697e-01  -1.9934969e-01   2.1562407e-01   5.5599216e-01  -2.6540200e-01  -3.3526151e-02   2.2712103e-01   3.0447327e-03  -9.5653603e-02   5.3919081e-02  -2.8267500e-01  -2.1804795e-01   7.5889118e-02   1.0571126e-01   4.0592195e-01  -4.4029010e-01   5.5995769e-02   1.5937865e-01   3.0444899e-01   3.7908209e-01  -3.5508568e-01  -2.0163773e-01   3.1681507e-01  -6.8829308e-02  -1.2916420e-03  -4.3001288e-01  -1.3748784e-01  -1.5558569e-01   7.7290851e-01  -1.2174175e-02  -1.4378340e-02   4.5361021e-01
   8.0768692e-02  -7.2685458e-02   8.3009683e-02   9.8423881e-02  -1.4326578e-01   1.8888866e-01   0.0000000e+00  -2.5657574e-01  -6.0227467e-02   3.5446623e-01   3.7603794e-01   7.8607975e-02   5.0827289e-02   5.6626458e-02   5.0458422e-01   2.1028280e-01  -8.0599052e-03   3.2754246e-01  -4.7527556e-02  -9.8542865e-02   2.7268926e-01   2.8641311e-02   6.2706772e-01  -2.6495734e-01  -1.7035904e-01  -3.5276914e-01   5.9790941e-03  -1.4995657e-01  -9.8074887e-02  -9.1216115e-02   2.1262300e-01   1.1404039e-02   3.4534127e-03   8.0319708e-01   3.9892385e-01   2.0376033e-01   6.6663090e-02  -2.2791928e-01   1.5258165e-01  -7.8866433e-02   2.1694365e-02   9.9257763e-02  -2.8659365e-01   3.2158749e-01   1.2509407e-01  -1.3565824e-01   2.5341242e-01   6.0000192e-01  -2.8088378e-01  -1.5036574e-01   5.2282186e-01  -3.2851998e-01   4.7241932e-01   9.2410835e-02   1.0901346e-01   5.1445348e-01   6.9598938e-02  -2.1135879e-01   8.1042920e-02   2.4919669e-01  -1.2279094e-01  -5.8254584e-03  -2.5170057e-01   2.9092515e-01  -2.4128725e-01   3.5738649e-01   1.9123008e-01  -2.7578082e-01  -2.4333556e-02   3.8577357e-01   2.0765905e-01   1.6025234e-01   3.3035456e-01   1.0264781e-01  -2.9094916e-01  -3.0978351e-01  -2.7660779e-01   1.5066440e-01  -1.5787574e-01  -2.3594117e-01   3.9147814e-01   1.9356614e-01   2.3358660e-01  -2.2714838e-01   1.1729455e-01  -2.7213364e-01   1.6121937e-01   1.3915133e-01  -4.1339819e-01  -9.3617242e-02  -3.0138955e-01  -1.7234308e-01   7.4645370e-02  -1.2024418e-01  -1.8795859e-01  -3.5503250e-01  -5.4793008e-02  -1.4967969e-02  -4.8733201e-02   4.8663970e-01   3.6261619e-01   4.1775140e-01   3.1130007e-01   4.4051605e-02  -4.3895016e-02  -1.5943349e-01   4.1279141e-02  -1.2955782e-01   1.0057756e-01   3.0762583e-01   1.8578507e-01   3.2361583e-01  -5.0577231e-02  -1.2872699e-01   4.1206048e-01  -2.4051061e-01   1.2096080e-01   1.5907111e-01   2.5588920e-01   4.4538647e-02  -2.4846987e-01  -2.7712416e-01  -3.1623058e-01   7.3112453e-02  -1.6159942e-01   1.2500470e-01   2.2539470e-01  -1.6713127e-01  -2.1752164e-01   2.6054254e-01   1.7179809e-01   4.6315544e-01   1.8223091e-01   4.1365147e-01  -3.0763954e-01  -2.7423997e-01  -1.0843941e-01   3.1919914e-01  -2.2439496e-01  -1.9861913e-01  -8.8881470e-02  -7.3399421e-02   2.3094932e-01   3.5804759e-01   4.4623582e-01   8.0951816e-02   5.6933273e-01   3.0335497e-01   3.0078495e-01   1.5394890e-01   3.5292899e-01   2.2780176e-01  -6.3615935e-02   4.7100084e-02  -4.5696599e-02  -2.6654286e-01  -2.2333792e-01   8.4274139e-02  -1.9137480e-01   4.3767255e-01  -2.9809436e-01  -4.4866847e-02   3.0108930e-01   1.1035140e-01  -6.4198101e-02   1.1759682e-01   3.4325134e-01   1.2898420e-01  -2.5872353e-01  -4.9250529e-02  -1.6372955e-01  -8.0450930e-02   5.3655888e-02   1.3084942e-01   5.6110325e-02   1.1112391e-01  -1.8231580e-01
  -1.8857206e-01   2.1256725e-02  -1.0648698e-01  -8.0750167e-02   1.4201518e-02   1.1335708e-01  -2.5657574e-01   0.0000000e+00   8.4655298e-02  -5.6117709e-03   2.6254996e-01  -8.8459300e-02   1.5903941e-03  -2.0147187e-01  -2.2543574e-01   1.2823868e-01  -1.3533461e-01  -3.7006304e-02   1.3464077e-01   4.1324577e-02  -6.4408239e-02   1.8271712e-01  -6.6713135e-02  -1.4322344e-01   2.8559669e-02   4.7747438e-01   2.2493711e-01   9.2694732e-02  -9.8124350e-02   3.3324417e-01  -7.4138505e-02   3.1612825e-01   6.2211035e-03  -2.0765610e-01  -8.9971211e-02   5.2374871e-03  -8.4672373e-02  -2.1834765e-01   1.7721231e-01  -8.0770548e-02   3.3390808e-02  -1.8469060e-01   1.4056675e-02   2.7803512e-02  -6.9827472e-02  -4.0828064e-02   1.3809285e-01  -2.4491913e-01  -6.1550171e-02   1.2751125e-02   3.1838978e-03   7.2052890e-01  -5.4951898e-02  -2.1401047e-01  -4.6410421e-03  -3.6450092e-02   4.7578263e-02   5.1037845e-01   5.5488323e-02   2.2253164e-01  -1.2133986e-01  -7.8757829e-02  -2.0081594e-01   1.3892348e-03   2.2696513e-03  -1.1367297e-02   2.4593236e-02   2.7969437e-02   4.1383657e-01  -1.6934773e-01  -2.0079632e-01  -8.6299440e-02   4.2725631e-02  -3.8780056e-01   1.2698725e-02   6.1181462e-01  -8.1591683e-02   5.6499173e-02  -1.9593397e-01   1.5990693e-01  -7.7487784e-02   9.9443985e-02  -2.1080807e-01   5.0653261e-01  -3.4254459e-01   6.0251249e-01  -1.2603797e-01  -2.3733663e-01   6.7912929e-02  -3.5339105e-01  -6.9198825e-02  -1.4322706e-01  -1.3516249e-01   2.1251785e-01  -1.1261903e-01   5.1342552e-02  -3.1355862e-02   3.0556284e-01   5.6589306e-02  -3.0413519e-02  -3.7387839e-01  -9.3838916e-02  -1.4643263e-02   2.6014755e-01   3.3746020e-01   3.8833807e-01  -2.1202656e-01   4.7097308e-01   2.8617927e-02   2.0209100e-01  -1.4973985e-01   1.2383249e-01  -4.8667650e-02  -2.8003089e-01  -3.9072976e-01   3.6150459e-02   6.5479045e-02  -2.4266448e-02  -1.2550946e-01  -1.3388467e-01  -7.0520958e-02  -5.1014556e-04  -4.5598039e-02  -1.9545903e-03   5.0419598e-03  -1.5622808e-01   5.0446006e-03   1.8250034e-01   3.2204978e-01  -2.2302505e-01   1.2870654e-01  -1.7309981e-01  -8.0616253e-02  -1.1519779e-01  -6.7700067e-02   6.8892603e-01   5.7136099e-02  -8.4277785e-02   5.2779997e-01  -1.2553998e-01  -2.2809368e-01  -1.8253412e-03   3.8939199e-01  -6.7596643e-02  -1.6423091e-01   2.5771465e-01  -2.8043964e-01   1.4908607e-01   1.8679522e-01  -1.5082793e-01  -4.8718444e-01   3.0285766e-03  -1.9695020e-01   1.2683186e-01  -2.0152000e-01  -1.8228386e-01  -1.3383455e-01  -3.3907892e-02  -1.5664766e-01  -5.5669353e-02  -6.4485713e-02   5.9806414e-01  -6.8801834e-02   1.7120693e-01   2.1127685e-01  -1.3527477e-01  -1.2695686e-01   6.9610964e-02  -1.2338981e-01  -8.4010694e-02  -1.4741543e-01  -1.1177300e-01  -3.9260538e-02   6.2759912e-02  -2.8826551e-01  -4.7432763e-02   1.4698917e-01
  -4.1356216e-01   7.2452120e-01   2.2401730e-01  -1.0302867e-01   5.6703162e-01  -3.3732198e-01  -6.0227467e-02   8.4655298e-02   0.0000000e+00   3.6478143e-01   2.4793772e-01   6.1515047e-01   3.2012531e-01  -4.6346585e-01  -2.7489163e-01   2.5829686e-01   2.7378227e-01  -1.4176965e-01   2.4574685e-01   4.6215317e-01  -4.0053797e-01  -2.4356507e-01  -4.3836801e-01  -1.6628380e-01   3.0183115e-02  -2.4244642e-02   3.0751904e-01  -2.1992239e-01   1.4406110e-01   3.3740923e-03  -2.8341591e-01  -3.0907639e-01   6.6273144e-02  -5.7152972e-02  -3.2869407e-02   5.3334154e-01  -1.5765792e-01  -2.5067769e-02   4.1479832e-01   2.2760828e-01   3.2004712e-01   1.3186974e-01   6.7115824e-01  -1.6212763e-01   6.8778931e-01  -2.4137120e-01  -1.2339578e-01   1.4668845e-02   9.7059264e-02   3.0315232e-01  -9.5329353e-02  -1.9702493e-01   2.5772001e-01  -2.7827690e-01  -3.2649792e-01  -2.3783054e-01  -5.0811009e-02  -2.5567000e-01  -9.4001326e-02  -2.0405248e-01  -1.8825822e-01   2.7330824e-01   5.7094173e-01   1.8819810e-01   6.8988761e-01   4.4267359e-01  -2.6702418e-01   2.7911408e-01  -3.4322037e-01  -6.9377227e-02   4.3313367e-01   9.5612416e-02   3.5811356e-01  -1.6770072e-01  -1.5228071e-02  -1.6620198e-01  -8.3064149e-02  -2.7471421e-01   6.1474743e-01   2.1717269e-01  -4.8797598e-01   3.9723260e-01  -2.4151368e-02  -2.3676598e-02  -2.4770292e-01  -1.4735836e-01  -2.7175807e-01  -4.6439965e-01   5.5077557e-01  -3.8394314e-01   5.3376921e-01  -1.7613290e-01   3.8651649e-01   7.1261275e-01  -5.4497381e-02   3.9229154e-01   1.9682923e-01   9.4941391e-03   5.2599966e-01  -1.5585031e-01  -1.1669459e-01   2.8037981e-01  -5.6508450e-01   4.6066987e-02  -2.8355020e-01  -5.2773780e-02  -2.4739733e-02  -2.4848466e-01  -6.2996102e-02  -3.4385005e-01   3.7457438e-01  -9.9085390e-02   5.3034904e-01  -2.5474836e-01  -3.9204834e-01   5.4376135e-01  -2.3662163e-01   3.8280338e-01  -5.0374129e-01  -1.8650875e-02  -1.0143738e-01   5.4362820e-01   5.6577644e-01   6.2581329e-01  -2.4448836e-01  -5.0564697e-01   5.0297549e-01   1.2588742e-01  -2.2806661e-02  -1.4539693e-01   4.0200258e-01   1.7123379e-01  -2.4910229e-01   2.3090144e-03   6.2654049e-01  -9.1260874e-02   1.8111897e-01  -4.4804277e-01  -3.1438743e-01   3.6185547e-02  -3.0335496e-01   3.0618405e-02   2.2350115e-02  -4.1602060e-01   4.0110587e-01  -4.1580185e-02   1.9855594e-01   2.7510669e-01  -2.7976401e-01   1.6056852e-01  -2.9705761e-01  -5.3162731e-01  -9.7757617e-02   6.6582301e-01   2.5965627e-01   3.3608343e-02  -7.1189248e-02   9.0607157e-02  -4.7259581e-03  -5.3140234e-01   5.9069098e-01   2.5359011e-01   2.3019065e-01  -2.6379494e-02  -1.0350158e-01   5.5634360e-01   6.2221207e-01  -4.1079171e-01  -2.1445070e-01   2.1607614e-01   4.7818425e-01  -8.8834581e-02   4.4986892e-01  -3.7460041e-01  -3.5502013e-02  -3.3040907e-02  -1.7458208e-01
  -3.1437001e-01   4.7961302e-01   4.6099225e-01  -1.5874481e-01   2.5002555e-01  -5.6974185e-02   3.5446623e-01  -5.6117709e-03   3.6478143e-01   0.0000000e+00   2.5288315e-01   5.4718464e-01   1.6881034e-01  -4.7212504e-01  -2.0165391e-01   1.1306640e-01   2.4713903e-01   2.0165561e-02   7.7475375e-02   1.5798830e-01  -3.0651807e-01  -1.0901389e-01   6.6209872e-02  -4.0765212e-01  -2.0875381e-01  -1.7972984e-01   2.9106913e-01  -2.5144275e-01  -1.3685527e-02   3.5144362e-02  -3.2796794e-01  -2.8204164e-01  -1.3234320e-01   4.4105824e-01  -7.1730524e-03   3.6089973e-01  -4.8114379e-02  -3.0571801e-01   8.1903338e-02   2.5915333e-01   1.9475531e-01  -1.2998354e-01   3.3506962e-01   1.1547892e-01   4.0966718e-01  -2.1977394e-01  -9.5517482e-02   2.5218360e-01  -3.2864652e-01   1.2373539e-01   1.1866878e-01  -2.3678550e-01   5.2554725e-01  -2.0949604e-01  -4.4736177e-01   2.3314760e-01  -1.3766619e-01  -2.5795194e-01  -9.7406583e-02   2.1831592e-01  -3.9532045e-01   8.0311338e-02   1.1921701e-01   7.2850158e-03   1.2157706e-01   7.3944671e-01  -1.6225732e-01  -5.4346864e-02  -2.4338960e-01   5.1349461e-01   3.7749516e-01   9.1300296e-04   3.1272469e-01   5.0711981e-02  -2.4841283e-01  -2.3347618e-01  -3.8601283e-01  -7.7184501e-02   1.6688510e-01  -2.2399321e-02  -2.9233190e-01   3.8020991e-01   9.9453097e-02  -2.7289116e-01  -1.0581354e-01  -1.5866925e-01  -9.0453603e-02  -4.7191817e-01   4.7667207e-02  -3.4104568e-01   1.0167252e-01  -2.3926473e-01   3.7626597e-01   2.7942676e-01  -3.4678498e-01   6.5588686e-02   1.4751669e-01  -2.4462130e-01   1.9353993e-01   2.1951295e-01   4.3808705e-02   1.5051345e-01  -3.0886445e-01  -1.0351819e-02  -1.9527104e-01  -2.9164645e-01  -1.3768663e-01  -2.6518577e-01  -4.5553354e-02   5.7036574e-02   5.4898241e-01   1.2528506e-01   1.4830421e-01  -2.5928796e-01  -8.4900914e-02   1.0246566e-01  -2.2971419e-02   2.3209488e-01  -8.6328904e-02  -1.0154217e-01  -3.9332931e-01   1.8545472e-01   1.8053217e-01   2.1301786e-01  -2.6466661e-01  -2.6397349e-01   2.0062200e-01  -2.7213392e-01  -1.5192816e-01   3.1520754e-01   1.5279860e-01   1.5393974e-01  -2.7780536e-02   3.1421907e-02   1.6251571e-01  -1.3784114e-01  -5.5806423e-02  -2.3159300e-01  -2.2225554e-01  -1.5008363e-01  -4.4538150e-01  -5.8222551e-02   1.1580438e-01   1.4002361e-01   3.3606908e-01  -1.3871708e-01   4.5672103e-01   4.5995106e-01   1.6488540e-01   7.6264423e-02  -2.5164565e-02  -3.3807278e-01  -3.1389220e-01   3.7936165e-01   4.0733380e-01  -1.6893390e-01  -2.7756464e-01  -3.3545346e-02  -3.3274320e-01  -2.1833084e-01   1.9886709e-01   5.6242787e-02   4.7593403e-01  -1.7994497e-01  -2.3450453e-01   4.3294541e-01   4.9422784e-01  -1.1151462e-01  -3.7202389e-01   1.9792452e-01   1.5720388e-01  -1.4552451e-01   7.7826328e-02  -1.6499519e-01  -4.4479080e-02  -8.2969712e-02  -2.2010990e-01
  -2.4699286e-01   9.5843145e-02   1.1737444e-01   1.2648548e-01   4.0972221e-01   1.6190266e-01   3.7603794e-01   2.6254996e-01   2.4793772e-01   2.5288315e-01   0.0000000e+00   1.7784419e-01   4.0121415e-01  -1.7789726e-01   3.1905180e-01   4.7508659e-01   1.5961546e-01   3.4273881e-01   3.4483441e-01   3.1548795e-01   1.9417284e-01  -3.3523678e-02   2.8395588e-01  -3.2622890e-01   1.1242717e-01   7.5240307e-03   3.1638417e-01  -6.5052525e-02  -1.3487460e-01   3.0178670e-02   2.9152160e-01   1.6653019e-01   1.3095664e-01   3.9746169e-01  -7.8613646e-03   5.7334014e-01   4.1762136e-02  -2.2679091e-01   4.9995191e-01   8.9419055e-03   5.0276407e-01   1.8919820e-01  -1.3270320e-02   2.7387572e-01   2.3391399e-01  -4.0729635e-01   5.4494048e-01   3.8659038e-01   1.6100185e-01   1.5985363e-01   4.0222261e-01   8.6959811e-03   4.8498051e-01   2.0146577e-02  -1.3322250e-01   2.9075211e-01   2.7403493e-01  -4.9958366e-02   2.8033034e-01   4.9797480e-02  -1.0636181e-01   2.6224858e-01  -1.4894422e-02   5.8478319e-01   1.2808701e-01   2.9858945e-01   3.1765842e-01  -1.0462790e-01   3.1558140e-01   1.2842814e-02   3.0138212e-01   4.9765463e-02   6.4868807e-01  -7.2326270e-02  -1.0313996e-01  -1.4938248e-01  -2.6352713e-01   6.6939191e-02   1.2959255e-01   1.6179180e-01   1.6383945e-01   5.0608733e-01   2.9668563e-01   9.8622041e-02  -9.2191526e-02  -1.3620928e-01  -1.5373777e-01  -2.4951981e-02   4.1140898e-02  -3.7410076e-01   1.3383166e-01  -9.1896874e-02   1.6397576e-01   2.4650422e-01  -2.0998333e-01   8.9331776e-02   2.0574557e-01   3.3506704e-01   3.8230341e-01   1.4383680e-01   2.2205158e-01   4.8157498e-01   6.8936982e-02   2.9317195e-02   7.1917256e-02   1.3419389e-01   1.5516576e-01   2.0142781e-01   1.1211385e-01   2.3817504e-01   1.7732385e-01   2.5361683e-01   1.2203663e-01  -4.3525184e-01  -6.4139191e-03   2.4264067e-01   5.6920592e-02   4.4488817e-01  -3.8656216e-02  -3.5613190e-03  -2.3998409e-01   1.4608829e-01   5.2809051e-02   4.1283307e-01  -2.0343875e-01  -1.9431465e-01   4.6109952e-01   1.8494261e-01  -7.6825671e-02  -1.0891024e-01   5.3883316e-01   5.3963812e-01  -5.3977974e-02   3.5954659e-01  -1.0419529e-02  -1.0446935e-01   1.5300765e-01   2.6590951e-01  -7.4529038e-02  -2.5528216e-01  -3.2742833e-01   1.2109612e-01   3.5611258e-01   1.0415502e-01   3.3613496e-01   1.1029568e-01   1.9242861e-01   5.2728322e-01   3.0069803e-01   5.3626528e-02  -3.9578595e-02   1.3344701e-01  -5.4696017e-02   5.2546711e-01  -5.9770404e-02  -2.5007649e-01  -3.2183630e-01   3.6389957e-01  -2.7772125e-03   1.2759725e-01   2.4010607e-02   4.9988705e-01   3.3337892e-01   2.4538870e-01   5.4352804e-02   2.1506424e-01   4.0288405e-01   3.4967240e-02  -3.3741968e-01   1.7550503e-01   1.7120862e-01  -2.0192632e-01   1.3897992e-01   2.2234068e-01  -9.4160242e-02   2.1559197e-01  -1.5335983e-01
  -4.6269600e-01   8.7659642e-01   6.3963443e-01  -2.6126156e-01   6.5442584e-01  -3.2741961e-01   7.8607975e-02  -8.8459300e-02   6.1515047e-01   5.4718464e-01   1.7784419e-01   0.0000000e+00   2.7502862e-01  -5.3965659e-01  -2.4427176e-01   3.6677210e-01   5.5692458e-01  -3.8888286e-01   2.9976669e-01   5.7073176e-01  -5.9954697e-01  -3.5565153e-01  -4.0102345e-01  -1.1537907e-01   1.1035131e-02  -8.3798299e-02   3.1673277e-01  -1.7950900e-01   1.4014797e-01  -2.7152331e-01  -4.3164260e-01  -2.7894877e-01   7.4600479e-02   1.7568385e-01  -3.6261288e-02   5.4007851e-01  -1.0105366e-01   5.8270787e-03   3.4392247e-01   5.0625541e-01   2.0927914e-01   1.4492061e-01   7.8261526e-01  -1.1313815e-01   6.6134632e-01  -3.5555797e-01  -1.9118928e-01   6.5322833e-02   1.7799610e-01   5.8475169e-01  -1.8384206e-01  -3.1096093e-01   3.9433590e-01   3.7547632e-03  -3.6426080e-01  -7.2305162e-02  -1.1413917e-01  -4.5539368e-01  -2.1384518e-01  -1.6538532e-01  -2.9523433e-01   3.9126308e-01   6.8104906e-01   1.1619324e-01   5.0205276e-01   5.7652360e-01  -2.8795453e-01   2.5816409e-01  -4.5672385e-01   1.7754235e-01   6.1127916e-01  -1.2266119e-01   4.4063185e-01   2.2755419e-01  -2.0981857e-02  -2.9284168e-01  -2.4388119e-01  -2.3988219e-01   7.3232862e-01   2.0780220e-01  -4.7768181e-01   4.9140878e-01   3.0741286e-01  -1.7651255e-01   6.0203425e-02  -2.7158610e-01  -3.2644687e-01  -2.7222129e-01   5.9004816e-01  -3.0305463e-01   6.6186960e-01  -6.9474325e-02   8.0273125e-01   4.4025145e-01  -6.5461702e-02   4.8644119e-01   3.3757923e-01  -6.1038991e-02   4.4672976e-01  -1.8086348e-01  -8.7865101e-03   4.1393018e-01  -5.7966637e-01  -3.2447722e-01  -4.8267824e-01  -1.5176541e-01   2.2699739e-01  -2.3963248e-01  -2.6390114e-02  -4.7963536e-01   8.6204755e-01  -2.2214285e-01   2.9020427e-01  -2.0303061e-01  -1.7329383e-01   6.7645558e-01  -1.6724811e-01   4.4426087e-01  -4.1581546e-01  -9.7135036e-02  -1.1833549e-01   7.4716217e-01   7.1471258e-01   3.9756496e-01  -2.9783946e-01  -4.5337870e-01   3.2530538e-01   1.2764038e-01  -2.1969561e-01  -3.2262124e-02   4.2599499e-01   1.2203476e-01  -1.1148770e-01  -2.2062545e-01   6.0155189e-01  -2.2279789e-01   3.1722473e-01  -4.4520552e-01  -3.6622245e-01   5.1488599e-02  -3.8006924e-01   1.8559439e-02  -1.4165609e-01  -2.7632294e-01   4.1745468e-01  -4.0703945e-01   6.3988029e-01   1.3077457e-01  -3.3721102e-01   4.3783988e-02   5.1678064e-02  -5.8636141e-01  -3.7711698e-02   5.8783528e-01   6.2267709e-01   6.5627878e-02  -1.0939333e-01   6.9068489e-02   5.1286197e-02  -5.5501382e-01   6.5171615e-01  -5.2698554e-02   9.8301031e-02  -3.2012509e-01  -1.3263479e-01   8.1842275e-01   7.4293552e-01  -4.0621529e-01  -1.9555394e-01   5.2741571e-01   6.8019430e-01  -1.9394201e-01   1.0711082e-01  -4.2580003e-01   3.2996804e-02   1.3635049e-01  -2.2985672e-01
  -3.0021031e-01   3.1765712e-01   2.6353424e-01   2.4947747e-01   6.3404892e-01  -4.0817503e-02   5.0827289e-02   1.5903941e-03   3.2012531e-01   1.6881034e-01   4.0121415e-01   2.7502862e-01   0.0000000e+00  -3.4360783e-01  -5.6917922e-02   5.7659958e-01   3.4831529e-01   3.3305963e-01   3.8935522e-01   5.7457187e-01  -9.8112808e-02  -1.0727262e-01  -2.0350737e-01  -1.8219890e-01   3.5761231e-01   8.0329371e-02   3.0047203e-01  -5.6716135e-02   1.5191810e-01  -7.1280138e-02  -1.2796463e-01   1.0085031e-01   1.0090963e-01  -1.1481836e-02  -1.6746263e-01   6.7021870e-01  -4.8060987e-02  -1.9475670e-01   6.3606346e-01   6.5530899e-02   7.9306478e-01   1.5086387e-01   3.2708312e-01   7.8090513e-02   3.8047637e-01  -4.6303590e-01   3.6251675e-01   2.8958020e-01   9.4438580e-02   2.6699278e-01   2.9271874e-01  -1.6052054e-02   2.9642611e-01   2.8356909e-02  -2.5004573e-01   1.4178985e-01   1.2393232e-01  -1.1007104e-01   3.9384407e-01  -1.4099338e-01  -1.0618675e-01  -2.0763644e-02   3.0137448e-01   1.7339366e-01   3.0697777e-01   3.1636300e-01   1.3644752e-01   1.0034129e-01   1.1680040e-01  -5.4538731e-02   3.6249853e-01   1.3147354e-01   5.9107971e-01  -5.5357514e-02   2.8478942e-01  -1.9532132e-01  -2.6605628e-01   1.5765332e-01   4.0953143e-01   4.0300271e-01  -6.4546701e-02   5.2573185e-01   1.4921058e-01   1.7563644e-01  -7.5730971e-02  -1.7991462e-01  -2.8264201e-01  -7.3406311e-02   3.0639072e-01  -3.1840415e-01   3.1259455e-01  -1.9007304e-02   2.3860395e-01   3.0982924e-01  -2.5781434e-01   3.5014182e-01   3.5073975e-01   3.7283155e-01   5.8174954e-01  -7.1308468e-02  -9.3603962e-02   2.4074454e-01  -7.6816037e-02  -2.1814023e-01  -3.5471273e-02   7.4627546e-02   1.1619908e-01   1.7128398e-01  -2.2805126e-01  -2.9135128e-02   2.2212472e-01   1.8343385e-01   3.5911516e-01  -2.9475751e-01  -2.4321472e-01   3.8381480e-01   1.9040443e-01   7.6083843e-01  -9.1988884e-02   1.6914810e-01  -1.5826529e-01   3.5365523e-01   3.4158467e-01   3.6944188e-01  -2.8919282e-01  -2.1744268e-01   2.1607418e-01   2.6570781e-01  -5.4668871e-02  -8.7931874e-02   6.2022270e-01   2.2586170e-01  -1.4505770e-01  -7.8011487e-02   2.9613380e-01  -2.3716313e-01   2.4274093e-01   6.4895003e-03  -1.6163525e-01  -1.4305464e-01  -3.0274094e-01   1.4455203e-01   1.8319649e-01  -4.4688433e-02   1.4069917e-01   3.9020638e-02   7.8736755e-02   2.2155056e-01   1.8249948e-01   1.0214505e-01  -8.6596252e-02  -6.6254644e-02   6.4856585e-02   4.1118049e-01   1.7610971e-01  -4.0852315e-02  -1.7165294e-01   5.9129069e-01  -4.9657127e-02   3.9693330e-02   2.8987783e-01   2.6398951e-01   3.4797276e-01   2.9045739e-01   1.9035130e-01   2.1440150e-01   2.9136917e-01   8.5278324e-02  -2.3093411e-01   3.1521285e-01   3.3457537e-01  -2.4467890e-01   2.8530689e-01   4.7071336e-02   2.9376196e-02   5.9803791e-02  -4.9925048e-02
   5.4820876e-01  -6.1855679e-01  -3.9037970e-01   1.1911584e-01  -4.6735895e-01  -3.5347081e-02   5.6626458e-02  -2.0147187e-01  -4.6346585e-01  -4.7212504e-01  -1.7789726e-01  -5.3965659e-01  -3.4360783e-01   0.0000000e+00   4.6502087e-01  -2.8809436e-01  -3.7555752e-01   4.3885987e-02  -9.8049193e-02  -4.3903612e-01   4.7275864e-01   7.7013868e-02   3.1371767e-01   3.2916415e-01  -4.1692744e-02  -2.7869182e-01  -4.2566426e-01   2.1945168e-01  -1.1984439e-01  -1.2849590e-01   5.6633083e-01   7.0128403e-02   9.3153520e-02  -4.7172056e-02   1.9243974e-01  -5.0018686e-01   6.7730041e-02   2.2887038e-01  -2.4151816e-01  -3.0195783e-01  -3.3174339e-01   3.2058283e-03  -4.5999130e-01   1.1306348e-01  -4.7160912e-01   1.8733594e-01  -8.9136764e-02  -1.3605490e-01   2.3288282e-01  -3.0285923e-01  -1.7188232e-02  -1.6776169e-01  -3.7247856e-01   2.0886202e-01   6.0368556e-01   1.2557264e-02   1.2434958e-01  -3.8296204e-02  -2.0508958e-02   3.0918671e-02   1.5737684e-01   9.3485002e-02  -3.1070037e-01   4.5820804e-02  -3.1728542e-01  -5.7257837e-01   5.4505056e-03  -2.4358470e-01   6.1967203e-02  -1.1573639e-01  -4.3308733e-01   3.8249043e-02  -2.9554523e-01   2.0220049e-01   1.3380620e-01  -4.9940530e-02   2.1713755e-01  -1.4544257e-02  -3.3445198e-01  -2.3143629e-01   5.0455601e-01  -3.4149779e-01   4.9216648e-02  -1.2447282e-01   2.5606711e-01  -1.3633552e-01   3.3422498e-01   5.5275663e-01  -3.2366248e-01   5.6378832e-01  -3.1670296e-01   1.0989154e-02  -4.2443397e-01  -4.7330257e-01   2.6452436e-01  -3.0103358e-01  -2.8290839e-01   6.0451168e-02  -4.1063370e-01   5.6216808e-02   4.1265218e-01  -5.8168131e-02   4.5058032e-01   5.0639316e-02   2.3137235e-03  -6.9102296e-02   4.6780757e-02  -1.1879680e-01   1.6562562e-01  -4.4801746e-02  -4.4647634e-01  -9.2553328e-02  -2.6969104e-01   4.4865083e-01   5.5149680e-01  -4.4312729e-01   1.3883581e-02  -3.9686846e-01   3.4923093e-01  -4.7175209e-02   1.5296616e-01  -4.1799971e-01  -4.3467438e-01  -2.9488856e-01   1.6290372e-01   5.0508147e-01  -1.4233808e-01   5.6070951e-02  -4.4141640e-02   2.4554022e-02  -3.2577783e-01   1.4615573e-02   1.8326698e-01   3.0372945e-01  -2.9559560e-01  -6.2149150e-02   1.5761130e-02   5.2751680e-01   7.4169684e-02   1.3894989e-01   6.4658990e-01  -5.0451988e-02  -1.7038688e-01   9.4130498e-02  -1.5470371e-01   3.9784032e-02  -2.7600537e-01  -3.7769628e-01  -1.1879984e-01  -2.9832225e-02   3.4740715e-01   4.4430077e-01   6.8191241e-02  -4.5750235e-01  -3.0908296e-01   1.1157592e-01   2.5681361e-01  -1.6379805e-01  -3.0696642e-03   3.9137317e-01  -4.4059154e-01  -2.8567767e-01  -3.0472631e-01  -2.7667430e-02  -1.4082468e-01  -4.0872724e-01  -3.9733744e-01   1.8388334e-01   2.5985915e-01  -3.0678469e-01  -2.8253395e-01   3.1621157e-01  -1.5402120e-01   1.2973618e-01   5.8505776e-02   2.5697559e-02  -8.0853452e-02
