   0.0000000e+00  -2.4268490e-01  -1.0899107e-01  -8.6640259e-02  -1.1359039e-01  -3.2713780e-02  -4.7956797e-01  -2.4822647e-01   5.4610099e-02  -2.8782810e-01   7.1422060e-03  -4.1282628e-01  -1.6720063e-01   3.4009870e-01  -9.7130868e-02  -2.2133644e-01  -3.9911189e-02   6.9352479e-02  -1.1179477e-01  -1.9043286e-01  -5.4390423e-02   9.4919573e-02  -1.9683078e-01   5.8203610e-01   1.0414998e-01  -1.1798636e-01  -8.8708532e-02   3.1963952e-01  -4.3455962e-02   1.0128846e-01   8.8998995e-02  -1.6825989e-01   1.2981758e-01  -4.0718764e-01  -1.2771907e-01  -1.9182783e-01   1.2205505e-01   4.4684198e-01  -1.4778607e-01  -4.2023551e-01  -1.9572461e-01   1.8613014e-02  -2.1438433e-01   5.7264228e-02  -1.1891149e-03   3.9415435e-01   2.2252816e-01  -3.7880363e-01   4.6819802e-02  -3.0184746e-01   1.5942817e-01  -2.8635598e-01  -1.8448042e-01   3.1408752e-01   5.7655627e-02   2.8439750e-01   1.0894925e-01  -5.5011719e-02  -9.7640279e-02  -2.1118031e-01   3.7589296e-01  -5.4209104e-02  -6.4835507e-02  -1.3794636e-01  -7.1915643e-02  -1.9249307e-01  -9.2577735e-02  -1.0347590e-01   9.8223324e-02   1.1028592e-01  -4.6385228e-01   1.0757639e-01  -1.5675135e-01   6.2967943e-01   6.9173613e-02  -1.7192948e-01   3.4115238e-01   1.9690620e-02  -9.9785173e-02  -1.7012050e-03  -2.7894622e-01  -4.2678679e-02  -2.2424887e-01   1.0448584e-01   5.1030845e-01  -1.5675375e-01  -2.4951493e-01   4.8656065e-01  -1.6604658e-01   5.9531812e-01  -7.3613659e-02   3.8067117e-01  -9.5984400e-02  -1.1184124e-01   5.0397050e-01  -2.2519096e-03   8.5290237e-02  -2.5296019e-01   1.1049063e-01  -3.6742239e-01   4.0992082e-01   2.1707690e-01   1.3530826e-01   3.9619101e-02  -1.4624529e-02  -1.3143592e-01   1.7758840e-01  -1.8193151e-01  -2.8194538e-01  -9.3201131e-02  -4.3262126e-01   2.4850408e-01   1.9130058e-01   5.6192701e-01   4.7940908e-01  -2.9235216e-02   1.2240466e-01  -3.3825520e-01   3.0193697e-01  -5.3011370e-02   4.7840634e-01  -1.0015132e-01  -3.4345395e-01  -2.4579918e-01   3.4695050e-01   4.0416333e-01  -1.2151087e-01   7.0453675e-02  -1.2748220e-01  -1.8353429e-01   1.3993591e-01  -3.7092297e-01  -5.0590443e-02  -1.2009697e-01  -2.5110783e-01  -2.3068419e-01   4.4621732e-02   1.8788798e-01   6.2052558e-03   3.6969929e-01   5.8481393e-01  -1.2980601e-01   7.3066845e-02   6.2402941e-02  -1.7989725e-01   8.2477576e-02  -4.5168365e-01   5.6683792e-02  -5.2942955e-02  -1.0054854e-01   5.3887199e-01   3.8291439e-02   4.4477668e-01  -2.6961857e-01  -3.8486907e-01   4.3819213e-01   4.7512833e-01  -8.3387945e-02   3.6842955e-01  -7.4650359e-02   1.0046281e-01   2.6031379e-02  -8.1296558e-02   4.2240788e-02  -6.1089057e-02  -2.7917785e-01  -1.6006151e-01   3.1803167e-01   5.9566341e-01  -1.6934126e-01  -2.5260882e-01   3.3751024e-01   1.0116923e-01   7.6762477e-03  -8.9156932e-02   2.1384044e-01   1.4543154e-02
  -2.4268490e-01   0.0000000e+00   3.3466939e-01  -3.2932454e-01   5.8935628e-01  -3.4197240e-01   7.7427192e-03  -7.9805379e-02   3.5856863e-01  -2.6020893e-01  -4.6498107e-01   6.8110274e-01  -1.3032743e-01  -4.0949351e-01   7.5829635e-02   1.3113480e-01   4.9724174e-01  -5.4139056e-01   2.3204469e-03   1.5088026e-01  -2.2091823e-01  -4.4434441e-01  -1.8099800e-01  -1.7563797e-01  -2.9853326e-01  -3.8165453e-02   2.2385190e-01  -2.5581601e-01   1.8864856e-01  -2.9423710e-01  -3.3407379e-01  -1.2307808e-01  -5.6113489e-02   2.4117451e-02  -2.6823685e-02  -9.3149791e-02  -3.2225203e-01  -2.0306510e-01   1.7082117e-01   5.5800757e-01   2.7660980e-02  -1.0710556e-01   2.3869765e-01  -3.6500373e-01  -9.5370912e-02   4.4104157e-02  -5.4393924e-01   3.5049795e-01  -1.2312168e-01   5.9598653e-01  -4.5075317e-01   3.7432061e-02   1.4849615e-02  -5.4254883e-02  -6.6818721e-02  -4.5428965e-01  -9.6005418e-02  -3.0081878e-01  -1.0394394e-01   2.7122542e-01  -4.8733800e-02   8.0508136e-02   4.6234850e-01   3.4921397e-01   3.6340500e-01  -4.9138510e-02  -1.6190613e-01   2.3087151e-01  -2.5325849e-01  -2.1283566e-01   6.0451121e-01  -4.9272069e-01   2.9386995e-01  -3.6875811e-01  -7.8888209e-02  -3.2584664e-01  -1.6339781e-02  -2.9482606e-01   6.6874923e-01  -3.1605319e-01  -3.0959553e-01  -2.2613197e-02   2.6406462e-01  -8.5652594e-02  -2.2276601e-01  -2.6723903e-01   1.2442047e-01  -2.3756784e-01   6.0622752e-01  -9.6576788e-02   7.3984178e-01  -3.2530164e-02  -1.2104321e-01   3.1216585e-01  -1.3309831e-01   3.4609877e-01  -4.1574524e-01   1.4070218e-01  -4.0512323e-02   1.9940968e-01  -4.2573578e-01  -3.9982153e-01  -4.6229251e-01   1.3825016e-01  -3.3569094e-01  -2.4371047e-01   2.3857168e-01  -8.2975530e-02   1.4883673e-01   7.9246703e-03   2.5359429e-01  -4.7705578e-01  -1.6822734e-01  -1.6992506e-01  -2.9406701e-01   6.9665301e-01   1.2231850e-02  -5.3918460e-02  -4.5693640e-01  -2.9594218e-01  -2.1319449e-01   5.5999052e-01   5.8854138e-01   4.5056008e-01   7.5304243e-02  -2.7848524e-01   3.9729970e-02   9.4690699e-02  -2.7851452e-01   1.0694305e-01   2.7365488e-01   3.4625598e-01   4.0288229e-01  -2.4656788e-01   7.5013664e-02  -9.8419124e-02  -1.1315674e-01  -1.0716197e-01  -2.0633154e-01  -1.4793827e-01  -1.9686789e-01   9.9549214e-02  -3.7767188e-01  -2.4389559e-01  -1.8181400e-01  -3.5058065e-01   1.4622844e-01   1.9284954e-02  -4.4353883e-01   1.8626986e-01  -2.5429933e-01  -4.7571527e-01  -9.3645995e-02   1.2349882e-01   7.9512059e-01  -1.7046449e-01  -1.3660005e-01  -1.1455453e-01   3.1689917e-02  -4.6113956e-01  -5.5442348e-02  -3.6115036e-01   6.4303866e-02  -5.0717792e-01   1.0069753e-01   7.0029242e-01  -6.8275312e-02  -2.1489425e-01  -1.3770266e-01   3.2510443e-01   5.1888874e-01  -3.0332341e-01  -1.3481515e-01   1.1081613e-01  -2.2186779e-01   8.0143417e-02  -1.1354120e-01
  -1.0899107e-01   3.3466939e-01   0.0000000e+00  -1.3343588e-01   1.9586244e-01   2.7967840e-01  -4.2211981e-02  -2.2492377e-01  -1.3284397e-02  -8.4978817e-03  -1.4659793e-02   4.1620438e-01  -1.2071431e-01  -2.5797253e-01   3.3654705e-01   1.7158133e-01   8.3486161e-01  -4.0678588e-02  -5.6723378e-02   2.5178123e-01  -2.2033497e-01  -8.3920864e-02   3.1151007e-02  -1.6888810e-01  -1.4415912e-01  -2.3238518e-01   5.4389457e-01  -1.2463459e-01   2.1717334e-02  -1.8921188e-01  -1.3115349e-01   8.6757367e-03  -6.9653639e-02   1.1088631e-01   8.9136908e-02   1.8607566e-01  -2.4826340e-02  -6.5856911e-02   3.3624724e-02   6.5986363e-01  -5.6434000e-02   6.6038779e-02   2.5880741e-01  -4.9689296e-01   8.8810114e-02   1.1759415e-01   1.6002215e-01  -6.4482924e-02  -9.3532751e-02   6.0423622e-01   5.3327870e-02  -2.0681168e-01  -1.8733198e-01   1.4155752e-01  -1.2854305e-01  -3.1169128e-01  -1.2111857e-01  -3.4548939e-02   1.1756754e-01   5.3025767e-01   7.4424133e-02   2.3071282e-01   2.4920198e-01   7.9542813e-02  -7.4368714e-02   1.0457353e-01   1.2387749e-01   6.2555530e-02   6.6696487e-02   6.1589211e-01   2.2146250e-01  -8.4663092e-02  -1.5120015e-01  -1.1742194e-01  -1.3019368e-01  -2.9362055e-01   8.4274722e-02  -1.7369901e-01   1.5700809e-01  -2.2403775e-01  -7.3650010e-03  -1.5866898e-01  -9.2940469e-02  -4.9137737e-02   1.6519930e-01  -2.4995838e-01  -1.5745742e-01  -3.6507888e-03   1.8408742e-01  -3.3513392e-02   1.4343886e-01   3.1525448e-01   3.0737894e-01   3.4712792e-01  -9.3645122e-02   3.7905583e-01  -1.4747170e-01  -1.5075933e-01   1.7536607e-01  -1.4018488e-01  -1.8409432e-01   3.9551641e-03  -3.8745476e-01   1.5522617e-01  -1.4198222e-01  -5.6899567e-02   9.2513947e-02  -8.9993303e-02  -1.1804064e-01  -2.9043967e-02   1.2217368e-01  -1.1382812e-01  -7.5771662e-03  -3.2670151e-02  -6.0782672e-02  -3.7848527e-02  -1.1571295e-01  -2.2197068e-01  -1.3259059e-01  -6.5912766e-02  -5.6784623e-02   1.5247889e-01   4.7275709e-01  -9.1617708e-02   8.6482459e-02  -1.7551399e-02   1.3105705e-01  -3.1461585e-02  -5.2203046e-02   7.1508779e-01   9.9609308e-02  -1.4420141e-01   2.6129557e-01  -2.9501111e-01   2.0184010e-01  -9.3879666e-02  -2.2181363e-01   3.3909012e-01  -1.9795016e-01   1.2913476e-01  -1.2115214e-01  -1.9099451e-01  -8.6053333e-02   1.7850321e-01  -5.4670744e-02  -2.7777593e-01   2.7974325e-01   8.7819645e-03  -5.5356193e-02  -3.3040894e-02  -3.7166337e-02  -4.0109880e-01   9.8631737e-02  -2.0208449e-01   5.7679780e-01  -1.0223721e-01  -2.3877275e-02   3.7686346e-02   2.8262266e-01  -3.7615351e-01   3.6587089e-02  -3.0499543e-02   2.1581777e-01  -2.4522791e-01   1.0358504e-02   1.7232217e-01   5.9426473e-02  -5.1514575e-02   1.3459431e-01   1.4200200e-01   4.4422804e-02  -1.5663892e-01  -7.1638070e-02   3.8379509e-01  -2.8676773e-01   1.1981122e-01   5.3041325e-03
  -8.6640259e-02  -3.2932454e-01  -1.3343588e-01   0.0000000e+00  -1.9838278e-01   4.0066399e-01   5.5818880e-02   1.9079389e-01  -1.4633954e-01   4.3312434e-02   6.4951895e-02  -2.5075152e-01   1.5813130e-01   1.6945495e-01  -1.9000199e-01   9.7612064e-02  -1.7743307e-01   1.6337340e-01  -9.8655449e-02   1.3568088e-01   1.6907644e-01   5.5763123e-01   7.3238543e-02  -3.5904746e-01   1.9435105e-01   1.9671317e-01   1.3156805e-01  -1.7862615e-01   6.2846193e-02   4.1371633e-01  -4.3451025e-02   4.2418980e-01   1.3924994e-01  -1.8225720e-01  -1.8437229e-02   1.8496927e-01   5.0565858e-01  -1.7980623e-01   4.1723441e-02  -9.2603014e-02   1.0468843e-02   3.4774806e-01   7.0473319e-02  -2.5118875e-03   8.1541451e-02  -1.4770496e-01   3.7913285e-01  -1.3852187e-01   2.9574853e-01  -6.3201151e-02   3.3825735e-01   2.1612121e-02  -1.3602395e-01   1.9761561e-01   3.2451809e-02  -8.8090519e-02   1.6402491e-01   3.8194393e-01   2.9644808e-01   6.6966703e-02   2.8140475e-02   1.4937252e-01  -2.6639415e-02  -3.6456287e-01  -1.3947104e-01   1.1700583e-01   4.1653133e-01   2.5720159e-01   5.4629469e-01  -1.0558675e-01  -2.6590269e-01   6.7641549e-01  -2.8745518e-01  -6.7027325e-02   3.0720449e-01   1.8494875e-01  -1.0089291e-01   1.6960021e-01  -1.6185529e-01   3.7149404e-01  -1.9587092e-02  -1.3694180e-01  -3.0972367e-01   1.5365920e-01  -1.6508209e-01   2.4061978e-01  -9.0660251e-02  -1.0795536e-01  -1.0304874e-01  -1.9671995e-01  -1.6461773e-01   2.3969207e-02  -1.8248628e-03   4.6130070e-02  -1.6858236e-01  -1.1253467e-01   3.7841284e-01   5.2562388e-02   2.3934105e-01  -7.9473253e-03  -8.6606749e-03   2.0368658e-01   3.0762467e-01   6.7943756e-02   4.6160190e-01   5.6057756e-01   8.5726521e-02   4.9371108e-01   8.1176709e-03  -2.3457082e-01  -2.4555386e-01   4.8933571e-01   4.8679424e-01  -1.7243479e-01  -2.3089926e-01  -2.8073872e-01  -2.3084266e-01   3.9704109e-02   1.3376179e-01   7.5837698e-01  -2.3769404e-01  -1.1989378e-01  -6.5073516e-02  -3.9245858e-01  -2.3431637e-01   1.1447768e-01  -6.7170386e-02   1.0444050e-01   5.0438061e-01  -4.2474333e-02  -1.4190963e-01  -3.0815892e-01  -7.6187763e-02  -3.2893812e-02   2.2803408e-01   2.9414791e-01   2.2404613e-01  -1.5582080e-01   3.5145544e-01   2.1654205e-02  -1.9385668e-01   4.9920960e-02   2.4611867e-01  -9.8197390e-03  -2.5325982e-02   2.0508795e-01  -2.8802198e-01  -1.3899482e-01   2.6361596e-01  -1.4306684e-01  -2.1456075e-01   1.9780344e-01  -2.0632206e-01  -3.1513403e-01  -2.2861476e-01  -2.0122680e-01  -2.0252043e-01   3.5391058e-01  -1.0598592e-01   1.1851159e-01   4.0029092e-01   8.7227724e-02  -2.8720599e-01   6.1458793e-01   3.8294719e-01  -2.3153285e-01   1.4826409e-02   1.2011029e-03  -5.8731156e-02  -1.4582815e-01  -1.4356558e-01   3.4284412e-02   3.5409645e-01  -1.0649721e-01   6.8751604e-02   6.4230745e-02   5.1011880e-01
  -1.1359039e-01   5.8935628e-01   1.9586244e-01  -1.9838278e-01   0.0000000e+00   3.7247417e-03   1.2359190e-01  -1.0111385e-01   4.9566364e-01  -1.1452822e-01  -2.4682127e-01   3.7613462e-01  -1.3852152e-01  -4.6593847e-01  -1.5824035e-01   9.5380476e-02   2.2366336e-01  -2.0441809e-01  -5.2597659e-02   6.6025998e-01  -4.6632609e-01  -2.6408822e-01  -2.5439896e-01  -8.9564610e-02  -3.2176065e-01  -6.2213530e-02   5.1520845e-01  -9.5472420e-02   5.1176038e-02  -7.3578833e-02  -4.4870147e-01  -1.0670518e-01  -6.6812595e-02  -1.4338612e-01   1.6328462e-01   4.2991511e-01  -2.9672034e-01  -2.1875659e-02   1.1154800e-01   2.7657777e-01   5.0256498e-02  -7.0968483e-02   4.0790523e-01  -4.8741885e-01   3.2763732e-01   1.7564444e-01  -1.2790147e-01   8.9928927e-02  -2.5057739e-01   4.0249277e-01  -1.0475330e-01  -2.1310921e-02  -3.8649517e-01  -2.9013212e-01  -3.7437255e-01  -4.3577495e-01   8.0490489e-02  -1.2927716e-01   7.1748840e-04   2.1099874e-01   5.0415533e-02   4.1577354e-01   2.0811122e-01   1.0522784e-01   3.2470708e-01   2.9389767e-01   1.6326042e-03   4.3609915e-01  -3.9659232e-03  -9.4831842e-02   5.1903012e-02  -2.4919172e-01   2.0574787e-01  -1.8131798e-01  -1.5057673e-01  -2.5852378e-01   9.1450451e-02  -1.4980048e-01   7.2135705e-01  -3.3608209e-01  -3.1523681e-01  -7.8432563e-02  -2.6786087e-01  -8.9539014e-02  -2.5872914e-01  -2.2818910e-01  -2.4935872e-01  -3.2830927e-01   3.8295962e-01   1.1417976e-01   6.0609327e-01  -4.8687943e-02  -1.5257059e-01   4.2664755e-01   9.3380303e-02   6.5916920e-01  -1.7485663e-01  -1.5539148e-02   3.2356544e-01   1.7848624e-01  -5.0687819e-01  -9.8745157e-02  -4.9778208e-01   1.4780441e-01  -1.2881146e-01  -1.8506938e-01  -3.3653314e-02   2.8730262e-02  -9.6325374e-02  -1.3729879e-01  -7.4492468e-02  -2.0286253e-01  -1.2488693e-01   4.5339797e-02  -1.7962037e-01   5.9935818e-01   1.5863769e-03   7.6113549e-03  -5.5956921e-01  -1.1518372e-01   2.0677139e-03   8.0257192e-01   3.5478467e-01   3.8005393e-01   1.2211793e-01  -2.7977632e-01  -1.5368210e-02  -1.0816857e-01  -2.5672319e-01  -1.0005490e-01   2.9845379e-01   1.5610086e-01  -7.6100044e-02  -5.1233303e-01   1.0705199e-01  -3.9525223e-02  -1.2515042e-01  -2.2394020e-01  -1.9649620e-01   3.6944043e-03  -1.0989558e-01   1.4907629e-01  -1.5470407e-01  -3.9569402e-01  -2.9690016e-01  -3.2026709e-01  -1.9389857e-01   2.9396741e-01  -1.3033377e-01  -1.5343189e-01  -1.3025914e-01  -5.6041596e-01  -4.9527223e-03  -7.2913185e-02   3.9670419e-01   3.6421551e-02   7.1771571e-02  -1.0026534e-01  -9.1558687e-03  -4.1713930e-01   9.2932482e-02  -2.4033097e-01  -6.3943270e-03  -3.3479533e-01   1.6517265e-01   4.5870000e-01   2.0705200e-01   3.0036579e-02  -8.4236899e-02  -4.4295062e-02   5.3167965e-01  -1.7773073e-01   2.9259375e-01  -5.7001768e-02  -1.2739857e-01  -1.5160239e-01   9.1284530e-02
  -3.2713780e-02  -3.4197240e-01   2.7967840e-01   4.0066399e-01   3.7247417e-03   0.0000000e+00   3.4238052e-01   1.0279145e-01  -1.4821423e-01   3.1028422e-01   2.5106089e-01  -3.9651228e-02   1.2988485e-01  -4.1619266e-02   3.9708067e-03   3.8287266e-01  -2.1535107e-03   2.0447780e-01  -9.2201041e-02   4.1416504e-01  -1.9259035e-01   3.0439868e-01   6.2540222e-02  -2.3395416e-01   7.8414343e-02   1.5423217e-01   4.5191178e-01  -7.0845874e-02  -4.2900401e-02   3.9838791e-01  -2.2659004e-01   1.4676741e-01  -7.5842490e-02   1.1259221e-01   2.3422021e-01   4.7364751e-01   2.0136795e-01  -8.7059668e-02   4.1660977e-03  -6.6574038e-03  -9.4295454e-02   2.3084441e-01   3.3884650e-01  -2.4907110e-01   2.2458866e-01  -1.1427973e-01   5.1418997e-01  -1.8480772e-01  -1.6711383e-01   4.3798756e-02   4.0751938e-01  -6.9922323e-02  -3.0655502e-01   2.8121026e-02  -2.9571361e-01  -3.1216653e-02   4.2507085e-01   4.3933611e-01   2.7412326e-01   3.3788677e-01  -4.0369792e-02   1.6434263e-01  -1.5864252e-01  -3.6083866e-01  -3.5205970e-01   4.3161655e-01   6.9065258e-01  -5.3733773e-02   5.8481891e-01   4.2398757e-01  -4.3943074e-01   3.8652931e-01  -3.2282654e-01   1.2256836e-01   1.0032695e-01  -7.3370040e-03  -8.9171347e-02   9.6864761e-02  -1.1308980e-01   2.1384503e-01   2.4711815e-01  -1.9594573e-01  -4.8035017e-01   1.8691497e-01   2.0018106e-02   1.1851139e-01  -3.5129191e-01  -1.4951401e-01  -2.0716237e-01  -6.5525830e-02  -3.2595099e-01   7.6528464e-02   4.5895523e-01   1.0940957e-01  -1.4242068e-01   1.6139578e-01   2.4548452e-01  -9.3387675e-02   1.7570200e-01  -6.7167287e-02  -2.0670832e-01   4.4083847e-01  -1.3643367e-02   2.1815607e-01   4.1090087e-01   2.4141227e-01  -1.6273633e-01   5.5079222e-01  -2.9191231e-01  -8.0811730e-02  -2.6346190e-02   5.7528996e-01   1.2049250e-01  -1.8178086e-03  -1.4950129e-01  -3.9108030e-01  -1.3221938e-01  -8.2657752e-02   4.5140648e-03   3.9586319e-01  -1.2260126e-01  -8.3165282e-03   1.0230720e-01  -4.0740199e-01  -2.5023756e-01   2.6349862e-01  -8.0596565e-02  -1.2351140e-01   2.0458794e-01   1.4927007e-01  -1.8136674e-01  -4.3816999e-01  -1.2423470e-01  -3.3329266e-01   2.4513152e-01   2.2161550e-01  -1.6100075e-02  -1.3196477e-01   1.7692180e-01   1.8438500e-01  -2.5673128e-01   2.4752244e-03   3.0211051e-01   2.9270436e-01  -1.0923556e-01  -8.7332293e-02  -1.0859041e-01   4.9239020e-02   5.7413905e-01  -5.1084691e-01   7.0968744e-03  -1.2414048e-01   7.7399635e-02  -3.7612910e-01  -1.2029456e-01  -8.7780189e-02  -1.1963987e-01   2.7340501e-01  -1.7885142e-02   1.2399096e-01   7.4533431e-02   6.4892884e-02  -1.6752561e-01   2.5494137e-01   2.3083243e-01  -2.4264735e-01   3.5811567e-01   1.3375911e-01   1.0036120e-01  -2.2551266e-01   2.7051118e-02   5.8317657e-02   7.0204583e-02   3.3255302e-01   1.6057780e-01  -1.6623459e-01   2.9776574e-01
  -4.7956797e-01   7.7427192e-03  -4.2211981e-02   5.5818880e-02   1.2359190e-01   3.4238052e-01   0.0000000e+00  -3.7912227e-02  -1.9164520e-01   6.9014105e-01   6.7424592e-02   3.4601934e-01   2.1160125e-02  -1.8231555e-01   3.4898102e-02   1.6079180e-01  -2.8744675e-01   1.7993098e-02  -3.7252647e-02   4.4130931e-01   1.0701759e-02  -8.7003723e-02   2.7442331e-01  -3.6450959e-01  -7.1444659e-02  -6.9536947e-02   8.0581787e-02  -4.7371162e-01  -4.8949958e-05   1.7208332e-01  -2.0927472e-01  -9.6592286e-02  -1.9191267e-01   7.3260224e-01   1.5725497e-01   5.3135197e-01  -6.8515519e-02  -2.0529619e-01  -6.9707887e-02   5.0464308e-02   8.5145632e-02  -1.1989687e-01   4.5727524e-01  -1.3515836e-01  -1.6129966e-02  -2.2301593e-01  -9.4354751e-02   5.3032417e-01  -2.5375375e-01  -9.6705200e-02  -1.1053891e-02  -1.4755291e-01   2.0958542e-01  -3.5155321e-01  -1.1693455e-01  -2.7846828e-01   1.9540981e-01  -2.0387916e-02  -1.0397105e-01   2.5701063e-01  -2.6617487e-01   1.7196185e-01  -2.0747067e-01  -8.5901923e-02  -3.1870560e-01   6.6644657e-01   1.4630812e-01   6.0043063e-02  -3.3863300e-02   8.4367797e-02   1.6407395e-01   1.2563937e-02   1.1231617e-01  -3.4740998e-01   6.9676358e-02  -3.7987707e-02  -2.2811018e-01  -1.8399127e-01  -8.8365504e-02  -1.2776386e-01   4.0862548e-01   5.5066459e-02   8.3112330e-02  -2.0602753e-01  -2.9863551e-01  -6.7711466e-02   5.1228497e-02  -4.1594201e-01  -2.4411681e-02  -3.9757715e-01  -2.1417262e-01  -2.7704860e-01   4.4289390e-01  -3.3587294e-02  -2.6195372e-01  -7.3998916e-02  -9.0827615e-02  -5.3135368e-02  -5.7464066e-02   6.7736059e-01  -4.7538266e-01  -2.4006783e-02  -7.2767876e-02   1.7387597e-02   1.9171467e-01  -9.8606566e-02  -2.6762265e-01   1.8287305e-01   3.5294545e-02   2.6171106e-01   6.4081696e-01   1.5679677e-01  -2.3684487e-01  -3.3959132e-01  -5.6273862e-01  -1.0459487e-01  -1.7858534e-01   3.0185068e-01  -2.8884452e-01  -1.0290477e-02  -2.8224718e-01   1.5922809e-02   8.9653640e-02  -1.3686413e-02  -3.6219180e-01  -2.2718673e-01   1.3502295e-01  -2.7743060e-01  -1.2301710e-01  -1.1657084e-03  -1.4537518e-01   4.4513705e-01  -1.2390396e-01   2.7727233e-02  -2.1083884e-03  -4.4616723e-02   4.8093898e-02  -3.0457709e-01  -1.5257757e-01  -2.0139279e-01  -5.0439401e-01  -5.7930341e-02  -1.0360777e-01  -1.7900364e-02   2.2332366e-01  -1.7667607e-01   3.0188532e-01   1.2959511e-01   5.2600243e-01  -1.0617277e-03  -3.9098370e-01  -1.0821294e-01  -1.9862178e-01   1.5776741e-01   3.6967093e-02  -1.9777868e-01  -2.3461600e-01  -4.4104549e-02  -3.1706577e-01   2.2124456e-01  -5.7706645e-02  -2.7397907e-01   1.1229364e-01  -6.4884911e-02   6.2475242e-02   2.2524911e-01   5.6542675e-01  -3.0734526e-01  -2.5934255e-01   8.5500214e-02   4.7776455e-01  -9.0312978e-02  -4.1093366e-02   5.8952802e-02   1.9343299e-01  -2.6022902e-01  -3.5423203e-02
  -2.4822647e-01  -7.9805379e-02  -2.2492377e-01   1.9079389e-01  -1.0111385e-01   1.0279145e-01  -3.7912227e-02   0.0000000e+00   5.6552427e-02  -9.8383304e-02   1.5714015e-01  -1.6214455e-01   2.8153735e-01  -6.0710560e-02  -1.6150104e-01   2.2599783e-01  -1.5939034e-01  -6.7341145e-02   1.9995526e-01  -7.9418116e-02  -5.6362549e-02   1.7972118e-01   3.2004539e-02  -1.7243383e-01   3.2831737e-02   5.9870735e-01  -2.4907941e-01   2.0447834e-01  -6.8885775e-02  -8.8860436e-03   5.4306717e-03   4.2369569e-01   1.9199741e-02  -5.8049319e-02  -1.3259235e-01  -1.5622456e-01   1.9082721e-02  -2.7071216e-01   2.0796928e-01  -1.3043972e-01   1.4668816e-02   2.1766491e-01  -2.5862360e-01   2.6822002e-01  -2.0131137e-01  -4.5719919e-02   3.1288012e-02  -1.5255269e-01  -2.6074613e-02  -8.3915536e-02  -3.9366539e-02   8.0473615e-01   5.9592810e-03  -9.7578208e-02  -4.8571903e-02   1.6993377e-01   3.3116450e-01   3.0559728e-01   2.3001299e-01  -1.9906225e-01   8.7686415e-02  -2.6127479e-01  -9.5705110e-02   1.0951031e-01   6.8096379e-02  -2.4301191e-01   2.1695873e-01  -1.5283706e-01   2.8374181e-01  -2.6414802e-01  -1.0113611e-01   6.1261578e-02  -5.9719523e-02  -8.9519375e-02   1.3057229e-02   5.5896997e-01   7.5239365e-03   2.1179982e-01   5.2227076e-02   2.6122660e-01   6.7904933e-02  -5.4605903e-03  -4.9112004e-02   3.2629761e-01  -2.2514779e-01   6.0674193e-01  -5.6222290e-02  -1.2298919e-01  -2.2898634e-02  -1.6502229e-01  -9.4288583e-03   1.0327765e-02  -1.4073737e-01  -9.5698603e-02  -9.7378699e-02  -1.4409575e-01   1.5451394e-01   3.6207176e-01  -1.4553955e-01   1.3526351e-02  -4.6528591e-03  -2.6544006e-03   1.3662960e-01  -1.2191499e-01   8.5494131e-02   4.5773458e-01  -9.7809861e-02   5.5331432e-01   1.4108529e-01  -4.5043145e-02  -6.7066549e-02  -7.9565944e-02   6.5666549e-02  -1.4164401e-01  -2.2012759e-02   7.8597481e-02   6.6843819e-02   1.1750025e-01   2.0618610e-02   2.0377375e-01  -6.1637170e-02  -8.7086841e-02  -3.0184556e-02   4.5823972e-02   2.4518956e-02  -1.1763483e-01  -2.7637278e-01   6.7528328e-02   3.8708111e-01  -2.6694949e-01  -2.6147369e-01  -5.4906965e-02  -7.5096856e-02  -1.3571553e-02   2.2958870e-01   6.7844565e-01   1.0805318e-03  -2.4079090e-01   6.3769982e-01  -1.7508618e-01  -8.7326639e-02   2.4501819e-01   2.5074818e-01  -1.3781655e-02  -5.8001676e-02   2.3862322e-01  -9.2450260e-03  -1.3000181e-01  -4.3299128e-02  -1.6387207e-01   4.1375157e-02   2.5611465e-01   6.4117530e-02   1.4728265e-01  -1.4658411e-01  -2.0022788e-01  -6.0975193e-02   2.7006510e-01   1.1887157e-02   2.5475740e-01  -2.3765056e-01   3.4663160e-01  -2.4252646e-01   2.5069276e-01   1.7045422e-01  -1.5218450e-02  -4.2157167e-02   1.0755772e-01  -9.4358056e-02  -8.5779370e-02   2.1706395e-02  -4.9872450e-02  -3.4197391e-02  -4.1623621e-02   9.4466685e-02  -2.8797695e-01   2.0543035e-01
   5.4610099e-02   3.5856863e-01  -1.3284397e-02  -1.4633954e-01   4.9566364e-01  -1.4821423e-01  -1.9164520e-01   5.6552427e-02   0.0000000e+00  -3.5633017e-01  -1.8849850e-01   4.5527850e-02  -1.1669340e-01  -2.8486248e-01  -3.7220333e-02   1.2404582e-01   9.3799870e-02  -1.1117366e-01   2.0997341e-01   2.3801603e-01  -4.7040927e-01  -1.1528957e-01  -8.5919971e-02   2.2594930e-03   5.2800518e-02   1.8289375e-01   2.5196140e-01   6.0030987e-03   3.0792675e-01  -5.4462490e-02  -2.7404287e-01  -8.2257034e-02  -8.5752525e-02  -2.5271968e-01   9.6442779e-02  -3.9186453e-02  -3.1526336e-01   4.5910944e-02   2.7319064e-01   6.7122968e-02  -2.9822688e-02  -7.2361251e-02   1.8197822e-01  -2.5669811e-01   1.8494856e-01   1.0338776e-01  -1.9100707e-01  -2.5833574e-01  -8.2150690e-02   1.9539085e-01  -8.5039175e-02   8.9546647e-02  -4.1678484e-01   2.9801182e-02  -2.6461074e-01  -1.6719009e-01   7.0078531e-02   8.0063830e-03   9.2971876e-02   4.0122391e-02   5.8658192e-02   2.6734958e-01   3.7217963e-01   2.8861447e-01   5.5992687e-01  -9.0564917e-02  -1.2396580e-01   3.9789076e-01  -1.5687696e-02  -1.0792000e-01  -1.5109415e-01  -1.0071061e-01   1.7992774e-01  -9.4051162e-03  -4.7361428e-02  -1.8574515e-01   7.5653298e-02  -1.1985488e-01   4.8579024e-01  -1.3977295e-02  -1.9780542e-01  -4.3453042e-02  -3.0383413e-01   9.4306992e-02  -1.9033665e-01  -7.0464921e-02  -1.5278728e-01  -1.5047044e-01   4.7009970e-01   1.7457499e-01   4.4420190e-01  -5.9327988e-02  -3.9693449e-01   3.5466827e-01   1.4181247e-01   3.3580176e-01   9.3817796e-02   1.5919428e-01   2.6502115e-01  -6.2331807e-02  -3.0074252e-01  -1.4480321e-01  -3.2854076e-01   2.7709022e-01  -8.9544016e-02  -4.9525775e-02  -3.0382998e-02   1.2571098e-01   5.0507182e-02  -3.2075099e-01  -3.3031647e-01  -1.4835899e-01   2.0486967e-01   1.0936711e-01  -5.9829969e-02   5.3260579e-01   1.4490395e-01  -3.0007645e-02  -4.5195420e-01  -3.8107684e-02   2.8883221e-02   4.3912859e-01   2.6680126e-01   4.2196574e-01   3.0933633e-02  -1.1131565e-01  -9.7781254e-02   1.2337837e-01  -1.3175555e-01  -1.5040020e-01   2.6082531e-01   2.2777619e-02  -8.1076632e-02  -3.3844276e-01   2.8616529e-01  -4.8903960e-02  -1.0159224e-01  -1.6305027e-01  -1.0703494e-02   7.7212174e-02   3.8771529e-02   6.9687381e-02  -1.7343501e-01  -3.2832626e-01  -5.7991503e-02   1.8623212e-02  -2.7497782e-01   6.0895337e-02  -2.6559331e-01  -1.5763584e-01  -4.2824941e-02  -3.2998938e-01   1.0635002e-01  -8.2534917e-02   1.5110369e-01   3.4144712e-02   6.5267090e-02  -1.0398897e-02   6.2779908e-03  -1.9663445e-01   2.3444007e-01  -8.9362722e-02  -2.5302291e-01  -2.0218431e-01   1.6966775e-01   1.6854192e-01  -1.1080700e-01   2.7521619e-02   6.8550881e-02  -3.0234841e-01   2.0072703e-01  -2.0588996e-02   4.0385331e-01  -1.2053230e-01  -2.1168745e-02   5.1923642e-02   1.1629651e-01
  -2.8782810e-01  -2.6020893e-01  -8.4978817e-03   4.3312434e-02  -1.1452822e-01   3.1028422e-01   6.9014105e-01  -9.8383304e-02  -3.5633017e-01   0.0000000e+00   2.1343864e-01   1.2081672e-01   3.3731864e-03   5.2631291e-02   1.4679855e-01   1.3877717e-01  -2.1412746e-01   2.3323423e-01   1.3742663e-02   2.7843055e-01   2.5437404e-01   1.0624630e-01   4.1296021e-01  -2.6594273e-01  -1.4416476e-01  -1.8981102e-01  -4.4898708e-02  -2.7689932e-01  -1.8090075e-01   2.3058627e-01   1.1249872e-01  -1.2343603e-01   1.6626504e-02   7.1969820e-01   6.2525617e-02   4.3397272e-01   1.2290134e-01  -1.4769822e-01  -5.0795269e-02  -2.0591865e-02   1.0716781e-01  -1.7808168e-02   2.8714527e-01   1.3162855e-01   2.5834594e-02  -2.1046593e-01   8.4309230e-05   3.5816675e-01  -9.0155081e-03  -1.7146690e-01   1.0612626e-01  -2.0947887e-01   3.7030529e-01  -2.1453402e-01   3.4387394e-02   5.7380606e-02   3.3466680e-02  -7.6175367e-02  -1.1854257e-01   2.3105362e-01  -2.6660352e-01   2.0071992e-01  -3.1340888e-01  -1.1090263e-02  -2.6014859e-01   6.6478042e-01   1.5161028e-01  -1.6523833e-01  -9.6298641e-02   1.5282818e-01   9.2837792e-02   9.0998704e-02   3.8185573e-02  -2.0501133e-01   6.5648533e-02   8.4652414e-02  -2.4223009e-01  -3.0735162e-02  -3.4378790e-01  -1.5017351e-01   4.0920718e-01   1.0423633e-01   2.1384443e-01  -1.2316135e-01   4.1069730e-03  -4.6690639e-02   1.5989975e-01  -2.9738294e-01  -2.6503616e-01  -3.2304369e-01  -3.8162859e-01  -2.0956477e-01   6.3715847e-01  -2.0314812e-01  -2.6411974e-01  -1.3786708e-01  -5.0260596e-02  -3.7067713e-02  -1.4790853e-01   5.6645465e-01  -2.7612252e-02   8.5771029e-03   1.6672582e-01   7.1119109e-02   1.0104989e-01  -4.5208587e-02  -2.9240874e-01   1.5910614e-02   1.6332484e-01   3.8028359e-01   5.3760960e-01   1.8635161e-01  -2.1375106e-01  -3.0930758e-01  -2.6241438e-01  -3.7317849e-01  -6.2044610e-02   2.1879938e-01   1.0515895e-01   7.7641777e-02  -2.3971873e-01  -2.0901688e-01  -8.6412478e-02  -1.0728891e-01  -2.9835474e-01  -1.8549983e-01   3.0190922e-01  -2.2782563e-01  -2.3916986e-02   1.2385177e-01  -1.8779778e-01   3.1981175e-01  -6.2933079e-02   2.3772670e-01   4.1896166e-02  -1.1063075e-01   1.3986283e-02  -1.0881280e-01  -2.4760229e-01  -2.5057522e-01  -3.5085677e-01  -1.4966696e-01  -1.0737530e-01   2.4360540e-01   3.7832826e-01   6.9606664e-02   3.4170277e-01   8.2006704e-02   6.2572070e-01   1.3388613e-01  -2.6844649e-01   1.1892294e-01  -2.0111813e-01   1.6894190e-01  -1.1097572e-01  -1.3928300e-01  -2.2119690e-01  -6.2415540e-02  -2.6236338e-01   2.3402591e-01  -5.8322619e-02  -1.7202268e-01   2.7681211e-01   3.5703777e-02   1.6328156e-02  -6.0229400e-02   4.4522399e-01  -1.9991560e-01  -1.2849713e-01   2.0537214e-01   1.4939106e-01  -2.4187253e-02  -4.6617273e-02   1.5526940e-01   1.4183033e-01  -2.6236977e-01  -7.2111838e-02
   7.1422060e-03  -4.6498107e-01  -1.4659793e-02   6.4951895e-02  -2.4682127e-01   2.5106089e-01   6.7424592e-02   1.5714015e-01  -1.8849850e-01   2.1343864e-01   0.0000000e+00  -4.2783924e-01   1.1818345e-01  -8.0464467e-02  -1.7025596e-01   2.6906517e-02  -1.1456830e-01   6.7808333e-01   4.7512081e-02  -3.8457189e-03  -1.6987534e-02   9.6263296e-02   9.3620397e-02   8.3515029e-02   7.8046423e-02   1.8083239e-01  -1.7657333e-01   1.9820089e-01  -1.0284797e-01  -6.6383989e-03   6.2952170e-02   2.4699471e-01  -1.1412856e-01   1.1821816e-01   8.5373584e-02   3.1634451e-01   7.3161192e-02   1.3062097e-01  -3.1665875e-02  -3.5178425e-01   1.6998472e-01  -7.9771067e-02  -4.7435454e-02   1.6100043e-01   2.8915235e-01   2.6190524e-01   6.3980712e-01  -1.5623880e-01  -7.2552428e-02  -2.8937976e-01   5.7679351e-01   5.3113209e-02   4.6699344e-02  -2.4550971e-01  -2.3998202e-01   2.5592049e-01   5.2223154e-02   3.4207238e-01   3.8806779e-01  -1.2138912e-01   3.6309440e-01   1.4876540e-01  -2.8381303e-01   1.8068505e-01  -2.9701193e-01   2.6086664e-01  -4.4972561e-02  -2.7110423e-01   2.7834059e-01   3.5871264e-01  -3.0864643e-01   2.6279883e-01   1.2746498e-02   2.8869358e-01  -1.6563442e-01   3.0324492e-01   3.4805998e-01   1.8237104e-01  -3.3955481e-01   9.5259491e-02   1.1599089e-01  -1.6151959e-01  -8.9014045e-02   1.6929064e-01   3.1119962e-02   2.0660399e-01  -3.1447454e-01  -1.3425708e-02  -3.8706039e-01   1.6562143e-01  -4.6018361e-01   2.6086216e-01   1.8995502e-01   1.1228618e-01   2.2998379e-01  -2.2004731e-01   1.8194742e-01  -6.7679331e-03   2.0210022e-01  -1.2725473e-01   1.0158974e-01   4.4556262e-01  -1.0048851e-01  -1.7509467e-01   3.3920121e-01   2.0142743e-01  -3.5845439e-01   1.6585229e-01  -3.2516190e-01   3.7887125e-01  -1.2429563e-01   2.0548000e-01  -1.1916085e-01   2.3696968e-01   1.7495443e-01  -3.9983435e-01   1.4768153e-02   1.2568560e-01   7.1186843e-02   1.1710209e-01   3.0701763e-01  -3.2800398e-01  -3.6879722e-01   4.8371575e-02   1.4915561e-01  -1.6054169e-02  -7.8524973e-03  -1.2278033e-01   3.5683955e-01   3.2745783e-02  -3.4100198e-01   2.2949006e-02  -3.8935830e-01   1.6984076e-03  -1.0346301e-01   3.3780475e-01  -2.0390043e-01   1.7662608e-01   3.0291563e-01   4.3009722e-03   3.1179151e-02  -1.6652476e-01   5.9341764e-01  -2.5325116e-02   1.1797286e-01   4.0217095e-02  -1.0249707e-01   3.9667173e-01   5.0895256e-01  -5.2327488e-02   2.1287575e-01  -1.0878873e-02   2.7458366e-01   2.4652522e-01  -4.4711205e-01   8.3647642e-02   3.1142156e-01   3.2704000e-01   2.5347688e-01   4.4113351e-02  -9.4084134e-02   6.5561079e-01   3.0210543e-01   3.5226991e-01  -1.3055404e-01  -4.5849966e-01   4.0810724e-01   7.5118699e-02   2.4797809e-01  -2.4584110e-01  -1.8839303e-01   5.2302658e-02   1.2920314e-01  -3.7440667e-02   1.0766511e-01  -1.4737334e-01   7.2635267e-02
  -4.1282628e-01   6.8110274e-01   4.1620438e-01  -2.5075152e-01   3.7613462e-01  -3.9651228e-02   3.4601934e-01  -1.6214455e-01   4.5527850e-02   1.2081672e-01  -4.2783924e-01   0.0000000e+00  -1.4658503e-01  -2.2783214e-01   2.4051715e-01   2.0024753e-01   3.8578491e-01  -3.9271309e-01  -1.4951239e-02   1.8785088e-01  -1.8976069e-02  -2.8736358e-01  -5.5282717e-02  -4.0445455e-01  -1.9707420e-01  -2.0612547e-01   2.5303644e-01  -5.5257949e-01   1.4868469e-01  -8.1730083e-02  -1.6638330e-01  -2.7167344e-01  -5.2066619e-03   3.9656269e-01   1.1864152e-01   1.1276685e-01  -2.5713529e-01  -4.0281915e-01   1.2494571e-01   6.0320729e-01  -7.3089069e-03  -1.1972442e-01   4.8174649e-01  -3.0320880e-01  -8.5104254e-02  -3.6443174e-01  -3.9284471e-01   4.5415456e-01  -1.5702860e-01   5.0068712e-01  -4.9216521e-01  -1.5417121e-01   2.0042730e-01   7.5587653e-02   1.1284839e-01  -4.2115519e-01  -2.1751898e-01  -4.2667868e-01  -1.9696492e-01   5.4127858e-01  -4.2484426e-01   3.1716219e-02   3.9013644e-01   2.0915076e-01   1.8808541e-01   2.2294368e-01   7.2744541e-02   1.0569661e-01  -2.4529197e-01  -1.2548306e-01   5.9336519e-01  -4.6898862e-01   8.5368927e-02  -5.0439630e-01   7.5465670e-02  -2.5005469e-01  -4.3389341e-01  -2.0685062e-01   4.0017107e-01  -2.1068492e-01  -8.8985611e-02  -2.7670781e-02   3.3336038e-01  -2.4557845e-01  -1.9930315e-01  -2.3889378e-01   2.5338122e-01  -2.7644216e-01   4.0556503e-01  -4.7619285e-01   3.7591794e-01  -2.8548884e-01   3.5281057e-01   2.3773312e-01  -5.1907703e-01   2.4387040e-01  -4.3218333e-01   2.5764232e-02  -8.9547448e-02   2.8070382e-01  -3.6577315e-01  -3.8499684e-01  -2.4128735e-01   2.7514351e-01  -3.8845906e-01  -2.5117032e-01   2.4878281e-01  -7.0687570e-02   1.2103882e-01   1.5780571e-01   6.6138618e-01  -3.5148560e-01  -1.1301821e-01  -5.1509094e-01  -4.9079677e-01   3.0642504e-01  -8.9073263e-02   1.5065690e-02  -2.3794259e-01  -3.0886768e-01  -5.4942428e-01   4.1955111e-01   7.1519564e-01   1.9278087e-01  -3.6720144e-01  -1.1156230e-01   1.6927830e-01   5.4843502e-03  -2.9396981e-01   2.3530935e-01   1.4130283e-01   2.7920125e-01   5.2942140e-01  -2.9918301e-02   1.7658333e-01  -1.9740377e-01   9.8633131e-02  -2.8858712e-01  -3.7646304e-01  -2.3328700e-01  -3.5848776e-01  -5.4994008e-02  -4.1881507e-01   1.9903556e-01  -1.0370294e-01  -1.9315216e-01   5.0301831e-01   7.4784593e-02  -1.8236784e-01   6.8349274e-02  -5.2062283e-01  -3.1558504e-01  -3.4899575e-01   1.8296218e-01   8.2436975e-01  -3.6931633e-01  -4.9649357e-01  -2.2610112e-01  -2.8691555e-01  -3.0717804e-01  -1.5791487e-02  -3.2385580e-01   1.9826528e-01  -3.9247476e-01   1.6332308e-02   6.9904840e-01   1.3350458e-01  -3.2684598e-01  -3.2300187e-01   4.5735001e-01   5.4660661e-01  -3.7128377e-01  -2.1013958e-01   2.3808534e-01  -7.5057601e-02   8.7824275e-02  -1.6435331e-01
  -1.6720063e-01  -1.3032743e-01  -1.2071431e-01   1.5813130e-01  -1.3852152e-01   1.2988485e-01   2.1160125e-02   2.8153735e-01  -1.1669340e-01   3.3731864e-03   1.1818345e-01  -1.4658503e-01   0.0000000e+00  -1.7644511e-01  -1.1452070e-01   1.0162735e-01  -2.0775390e-01   2.7103872e-01   8.2056254e-02  -3.7801264e-02  -2.2163922e-01   1.2183983e-01  -2.3986100e-01  -2.5858785e-02   1.3386480e-01   3.2494189e-01  -6.6213246e-02   2.6231176e-01  -1.2716349e-01  -1.3312060e-01  -2.4639003e-01   4.8411597e-01  -2.3706437e-01  -8.7928968e-02   1.6712318e-01  -7.4775836e-02   1.5710070e-01   3.3762868e-02  -9.9878313e-03  -1.5922089e-01   6.8220330e-01  -8.5033578e-02  -6.7461431e-02   4.1208445e-02   1.3696221e-01   7.5022148e-02   1.3746900e-01  -1.2683354e-01  -1.1976710e-01  -2.3228994e-01   2.4411569e-01   2.9864285e-01  -1.2857500e-01  -2.0419331e-01  -1.8632466e-01   1.0047181e-01   2.9171861e-02   3.8807903e-01   2.6417522e-01   3.2272837e-02   5.3958993e-02  -4.6560912e-02  -2.3207173e-02  -9.6980510e-02  -1.7853870e-01  -1.8502109e-01   1.5714589e-02  -8.0268242e-02   1.6904187e-01   6.4130272e-03  -1.6076990e-01   2.8428488e-01   8.7168584e-02   1.1054708e-01  -4.2841697e-02   4.0383961e-01   1.2057945e-02   2.4606197e-01  -1.5565169e-01   2.8591123e-01   7.7050244e-02   3.8369912e-01  -2.0514977e-01   5.3599418e-02  -1.1757612e-01   3.0319082e-01  -1.1092555e-01  -9.7388847e-02  -1.3926069e-01  -3.5801355e-02  -3.7855431e-01  -3.7806819e-02  -1.7125904e-01   1.3583317e-01   6.4859551e-02  -1.4714096e-01   3.7326968e-01   8.7104318e-02   1.3591882e-01  -3.9957959e-02  -2.3500217e-01   2.6508389e-01  -1.6758333e-01  -2.7823143e-01   4.3888900e-01   4.1077836e-01  -2.4445351e-01   3.3035077e-01  -6.9626779e-03  -1.3598761e-02  -1.1062648e-01  -8.0483985e-03  -7.7350701e-02   3.2116650e-02  -4.8866792e-02  -2.0409267e-01  -3.0923809e-02   5.7263284e-01  -1.6474478e-01   1.8934776e-01   1.7206480e-02  -2.6341541e-01   5.6161752e-02   2.7023600e-02  -4.2109414e-03   7.3600490e-02  -1.0989257e-01  -1.1272486e-01   5.8443882e-01  -1.3911958e-01  -6.8691680e-02  -5.6105280e-02  -2.9564413e-01  -1.4545477e-01   1.3959994e-01   4.9342183e-01   2.4720191e-02  -1.0873362e-01   3.0880837e-01  -3.5338209e-02  -1.1691991e-01   5.8386119e-01   4.7605299e-01  -1.4575534e-02  -1.1572072e-01  -2.3886766e-01  -1.1240760e-01  -2.0340188e-01  -1.3445815e-01  -1.6948539e-01   2.2124565e-01  -5.9542777e-02   7.7789521e-02  -2.3510410e-02  -2.0901272e-01   1.2811694e-02  -1.7266552e-02   3.5474981e-01  -1.4831173e-01  -4.3938370e-02   1.2395600e-02   2.9678987e-01  -2.9667616e-01   2.3660608e-01   1.4271117e-01  -2.2211791e-01   1.5584365e-02   1.0068758e-01  -8.2221143e-02  -3.0525620e-01  -2.4248525e-01   1.3887230e-02   1.6630124e-02   8.6923812e-02   4.3606126e-01  -9.6292214e-02   2.9842400e-01
   3.4009870e-01  -4.0949351e-01  -2.5797253e-01   1.6945495e-01  -4.6593847e-01  -4.1619266e-02  -1.8231555e-01  -6.0710560e-02  -2.8486248e-01   5.2631291e-02  -8.0464467e-02  -2.2783214e-01  -1.7644511e-01   0.0000000e+00   1.6791564e-01  -1.0208522e-01  -2.2170622e-01   2.7512534e-02  -5.5615044e-02  -3.8550206e-01   5.6640679e-01   4.4762330e-01   2.8094855e-01   1.6927496e-01   5.7863034e-02  -4.8658120e-02  -2.3535093e-01  -2.1414235e-03  -8.8681925e-02   5.7034655e-01   5.2940940e-01  -1.0160125e-01   2.3844354e-01   6.9306729e-02  -6.4564623e-02  -2.2693374e-01   2.2638082e-01  -1.4679516e-01   4.7837569e-02  -2.5372539e-01  -2.5883555e-01  -7.3162376e-02  -3.1249365e-01   5.9183963e-01  -2.5684105e-01  -3.1472191e-01   8.9883216e-02  -4.1277913e-02   2.7792753e-01  -3.6341881e-01  -1.0379439e-01  -1.1174424e-01   3.9611188e-01   3.0168401e-01   6.8857368e-01   3.6710682e-01   2.4811834e-02  -4.4252130e-02  -3.0533797e-01  -4.4543068e-02  -2.5640091e-01  -2.6675018e-01  -2.0501569e-01  -3.3651237e-02  -1.5436536e-02  -1.6818317e-01   1.3156127e-01  -3.1186204e-01   7.1798804e-02  -1.4341718e-01  -8.1633765e-02   1.1427222e-01  -1.1020510e-01   1.2047710e-01   5.4003383e-03  -5.8423007e-02  -3.2589109e-01   3.0070643e-01  -4.2498689e-01   1.3587290e-01   2.2834593e-01  -1.4460425e-02   2.6995901e-01   2.7047980e-01   3.6094790e-01  -8.4911830e-02   5.0008479e-01   4.0260360e-01  -3.6728918e-01  -1.7555099e-01  -3.0205951e-01  -1.9530533e-01   1.4768619e-01  -4.2753126e-01  -2.4098023e-01  -3.8172467e-01  -1.5057635e-02   6.7193726e-03  -2.5102823e-01  -9.2790531e-02   6.5949391e-01   1.0074197e-01   7.8338328e-01   3.3396152e-01  -2.4767968e-02   9.9460519e-03   1.9878722e-01  -7.2542308e-02   1.4315698e-01   1.3413351e-01   8.2507049e-02   3.4490838e-01   2.9896059e-01  -1.7254598e-01   5.5854926e-02  -3.1343152e-01   3.0725279e-02  -2.5977019e-01   6.7447797e-01   1.1391519e-01  -1.3413538e-01  -4.7152214e-01  -3.4337610e-01  -3.0004755e-01  -2.4769679e-01   4.4240621e-01   1.3893383e-01   1.9971672e-01  -2.7504429e-02   7.0425307e-02  -7.6260123e-02  -1.4095252e-01   3.2460834e-01   5.4051897e-01  -7.5138872e-02  -3.1156396e-01  -3.2225378e-03   1.3528949e-01  -1.6093380e-01  -9.8453840e-02   3.6770111e-01  -2.5315681e-01  -1.3630118e-01   4.4713810e-01   1.9614435e-01   6.1481258e-01   9.1815347e-02  -1.6887660e-01   8.1889365e-02   1.8098089e-01   3.6350288e-02   7.1915691e-01  -1.4510213e-01  -4.7177394e-02  -2.6558092e-01  -4.0364992e-02  -2.0839122e-01  -2.5841305e-01  -1.7481788e-01   4.9739342e-01  -2.7515024e-02   3.4281178e-02   9.1018737e-02   3.4337485e-01   6.7017170e-04  -2.9361238e-01  -1.5651479e-01  -3.2945516e-02   4.6327460e-02   2.0269308e-01  -3.0153614e-01  -1.7757023e-02  -1.5672463e-01   1.7927869e-01  -2.0196670e-01   4.8712949e-02   5.7580783e-02
