   0.0000000e+00   1.2407388e-01   1.4343940e-02   1.0320344e-01   1.9330299e-01  -5.8737921e-02  -2.9862341e-02   2.7190858e-01   2.1830649e-01  -2.7290600e-02   2.5048445e-02   1.9927489e-02   2.4533107e-01  -1.1420447e-01  -1.4380224e-01   1.9061934e-01   3.7665120e-02  -6.3652463e-02   1.1307645e-01   1.0826760e-01  -2.3212214e-01   7.9737186e-02  -2.5896168e-01   4.0333815e-01   1.7172090e-01   1.5871353e-01  -1.9912797e-01   8.5948543e-02   1.1592441e-01   2.0984141e-01  -1.0034837e-01   2.7512881e-01   3.2068798e-01  -1.6292254e-01  -4.2990352e-01   1.1720625e-01   3.8038861e-02   5.2324984e-02   3.0990620e-01  -1.2363408e-01   1.8272814e-01   2.6082999e-01   1.5858197e-01   2.4008826e-02   6.7945241e-02   3.3752466e-01  -2.0864544e-02  -1.1703897e-01  -6.0332475e-02  -1.7484332e-02   1.0945787e-01   1.2698638e-01  -1.4704603e-01   9.5487077e-02  -7.0139816e-02   3.1600009e-02   5.4378292e-02   1.0466929e-01   1.2950058e-01   2.7242353e-01   2.2276415e-01   2.3132291e-02   2.5477035e-01   1.5946966e-01   1.7935445e-01   3.3960115e-02  -1.0327516e-01   2.6021063e-01  -1.3004844e-01  -1.9472761e-01   1.4232353e-01   2.5637719e-02   1.4710171e-01   4.0484544e-01   2.2344185e-01  -4.7473408e-02   3.9051194e-01   9.1491205e-02   1.6144466e-01   2.1701162e-01  -4.3597863e-01   1.7358014e-01  -1.9428704e-01   1.2427328e-01   1.5842494e-01   4.2165403e-02  -1.3087043e-01  -2.1664770e-02   2.2046025e-01   3.8824122e-01   8.7812045e-02   3.4168323e-01   1.1029332e-01   1.4829537e-01   5.2059089e-01   1.7403358e-01   1.4925906e-01   1.3271704e-01   1.2881761e-01  -1.9939545e-01  -1.6989075e-01   9.4800163e-02  -2.8343045e-01   1.6901006e-01   6.2248969e-03   3.3023917e-01  -1.7446865e-02   1.0253153e-01   2.1572083e-02  -3.1454169e-01  -2.4662040e-01   8.4843064e-02   6.1428370e-02   6.8030381e-01  -2.9635268e-01   1.8656021e-01   7.8987168e-02   2.7420762e-01  -1.5831458e-01   1.9438577e-01   4.5825774e-01   1.9137154e-01   6.3205747e-02   1.5320744e-02   3.6824573e-01  -2.3401466e-02   6.7049888e-02   6.9475429e-02   3.2179176e-01  -1.7966680e-01   1.4095373e-01  -7.8431937e-02   1.4793121e-01  -2.1517711e-01   1.5564576e-01   1.4930769e-01   2.9158300e-01  -2.4812504e-01  -4.5029178e-02   5.2799679e-01   5.3116912e-01   2.4947983e-01  -1.3708041e-02  -3.8497234e-01  -2.2069223e-01   7.8942069e-03  -2.1388346e-01  -7.7148155e-02  -1.0779513e-01  -1.3891150e-01   3.4948426e-01  -3.4147406e-01   5.5789483e-01   1.3113104e-01  -3.2349196e-02   5.9356353e-02   6.2872317e-01   9.8237136e-02   2.2199628e-01  -3.0673622e-01   2.9092101e-01   5.6598445e-02  -2.1033500e-01  -1.4137272e-01   4.5250544e-01   1.9827816e-01  -1.6741381e-01   5.4135949e-01   4.2536849e-01   7.1176481e-02   1.6242713e-01  -1.9190563e-01   1.4177888e-03  -1.8421732e-01   1.3732690e-01  -2.4788670e-02   3.4143140e-01
   1.2407388e-01   0.0000000e+00   4.3630941e-01   1.0033168e-01   1.8890493e-01   2.4781818e-01   5.2547600e-01  -1.3000954e-01   4.5666158e-01   1.1280874e-01  -7.4929068e-02   6.4415575e-01  -1.3085107e-01  -4.0089349e-01  -3.6178325e-01   1.2075549e-02   5.0209889e-01  -1.9230120e-01   5.6742120e-03   2.3805245e-01  -4.4812033e-01   1.5596769e-01  -4.2780310e-01  -1.2846909e-01   4.7320531e-02  -2.8119467e-02   3.1173689e-02  -4.1005263e-01  -2.3893522e-01   5.9135962e-01  -4.1711141e-01   7.3589032e-02   2.1181383e-01   9.2482974e-02  -1.3718782e-01  -1.2018463e-01  -1.9353898e-01  -1.0424536e-01  -1.8898918e-01   1.6181548e-01  -1.2452094e-01   8.0289763e-02   4.0851897e-01   8.8856882e-02  -4.9720697e-02  -7.1629813e-02  -1.8416556e-01   2.5599533e-01  -4.3038118e-01   2.9935265e-01  -8.7050234e-02  -3.3291644e-01  -1.4852703e-01   1.6490799e-01  -1.9628471e-01  -4.7638547e-02   9.8728104e-02   1.4739637e-01  -2.5260970e-02   4.4751234e-01   1.3836937e-02  -1.5137928e-01   6.1414686e-01   2.4668125e-01   9.4138422e-02  -1.0353191e-01   3.3215484e-01   2.8357540e-02  -5.8891773e-02   2.6807619e-01   3.3650938e-01   3.1637500e-02  -4.1409047e-02  -2.3061820e-02   5.7188723e-02  -1.9369626e-01  -1.1628117e-01   1.1409541e-01   2.6996672e-01   1.8544796e-01   6.4870305e-02  -2.2780781e-01  -2.3501452e-01   3.6007456e-02   2.6129317e-01  -1.6545324e-01   1.0850048e-01  -2.2685955e-01   3.8551478e-01   7.7831716e-03   5.0021981e-02   8.9071463e-02   3.3673534e-01   5.2231582e-01   7.1383179e-02   6.4388112e-02   1.8703185e-01   1.2672310e-01   5.4750959e-03  -8.2327853e-02  -3.0055568e-01  -1.1761888e-01  -2.9215020e-01   4.3021663e-01  -1.2805647e-01   2.2922877e-01   4.5411667e-03   2.6083341e-01  -2.5270495e-01  -3.6514033e-01   1.6903152e-01   1.7945851e-01   2.2292547e-01   7.0409095e-02  -3.3923704e-01   1.6333720e-01   5.4970407e-02  -2.0286649e-02  -3.5588002e-01   1.0011924e-01  -1.2355662e-01   3.0883149e-02   5.6639463e-01   1.7630376e-01  -9.9275503e-02  -3.1745299e-01   1.6681370e-01   8.7029388e-02   1.1409594e-01   2.8441469e-01  -2.6105460e-03  -9.1319193e-02   1.8267265e-01  -1.8737183e-01   4.6077817e-01  -6.8235353e-02   2.9139261e-01  -1.3776817e-01  -3.2544565e-01  -7.0503781e-02  -2.3214251e-02   2.0779291e-01   4.8275552e-02   7.0569460e-03   4.6422249e-02  -2.5337063e-01   1.2547894e-01   4.0816537e-02  -1.3219435e-01  -3.3466151e-01  -2.0892998e-03  -3.6939417e-01  -1.1467473e-01  -2.8109877e-02   5.7098165e-01  -9.4710620e-02  -9.3843486e-02   8.1132441e-04  -8.6415458e-02  -1.8636317e-01   4.1966931e-01   1.3132154e-01  -1.6181622e-01  -1.2986563e-01   2.5839507e-01   3.6092003e-01  -1.1116513e-01   1.5415923e-01   7.6871314e-03   2.3912781e-01   2.1706886e-01  -2.0470240e-01  -5.0357230e-02   3.3575940e-01   8.2595522e-02   1.8187076e-01   2.6402756e-01
   1.4343940e-02   4.3630941e-01   0.0000000e+00  -2.7777112e-01   3.7264190e-01   2.6878812e-02   6.7949683e-01  -1.6482664e-01   2.2016237e-01   2.4895065e-01  -1.9429014e-01   7.0089519e-01   7.5378747e-03  -3.4620416e-01  -2.1815503e-01   3.1158296e-01   9.1242088e-01  -2.8755268e-01  -2.8749376e-01   4.7381073e-01  -3.5637394e-01  -2.2917998e-01  -3.3321135e-01  -1.8205583e-01  -4.4635004e-02  -8.3725941e-02   1.4979824e-01  -3.2282085e-01  -2.2879895e-01   5.5806086e-02  -2.1345015e-01  -1.1482325e-01   3.4917607e-01   3.3310271e-01  -1.9088817e-01   1.7071457e-01  -5.0566791e-02  -1.1682553e-01   7.3075772e-02   5.4211458e-01   1.4882737e-02   4.2275934e-01   3.1942369e-01  -3.0248556e-01  -6.6645287e-02  -9.1664063e-02  -1.1600881e-01   4.1452901e-01  -5.0147296e-01   7.3083142e-01  -3.0746862e-01  -2.8133347e-01   1.6548995e-01   2.3798354e-01  -1.1398972e-01  -3.3907951e-01  -2.4256838e-01  -1.9887397e-01  -2.7527971e-01   1.0303112e-01   2.3670566e-01  -2.3320785e-01   3.6058063e-01   1.8112998e-01  -4.9308376e-02  -1.0982312e-01   1.6560825e-01   2.8987565e-02  -3.3385167e-01   2.3650716e-01   6.2352430e-01  -3.5125167e-01   6.4794503e-02  -3.1574892e-01   2.7607095e-01  -1.2451817e-01   3.2696299e-02  -1.5587327e-01   4.0636286e-01   1.8887840e-01   1.1264936e-01   8.4395345e-02   1.2487780e-01  -1.6276990e-01  -1.3401239e-02  -9.6098405e-02  -3.5305826e-02  -3.0469942e-01   3.8911361e-01  -1.8077802e-01   2.2987193e-01   4.3466085e-01   6.8134560e-01   3.3267795e-01  -3.9263244e-02   4.7291934e-01   4.2603921e-02  -2.2806905e-01   7.9103914e-02  -1.8642958e-01  -2.4192714e-01  -4.3797785e-01  -4.3646019e-01  -1.2136783e-01  -4.9832181e-01   1.0414119e-01   2.3691277e-01  -2.7369158e-01  -1.8942737e-01  -2.4429534e-01   4.2019781e-01  -3.4510844e-01  -1.7823744e-01   4.8341107e-02  -3.6204872e-01   2.9021184e-01  -2.1626237e-01   6.8342375e-02  -2.8515385e-01  -3.6340814e-01  -2.1772227e-01   4.0338852e-01   5.1814302e-01   1.7048267e-01  -1.3269383e-01  -3.4699975e-01  -1.4241794e-02   3.1396748e-01  -1.7055564e-01   2.2235752e-01   2.1382298e-01  -8.8000105e-02  -2.1720714e-01   4.0224960e-03   9.7399139e-02  -1.5847488e-01   3.1514753e-01   1.0375767e-02  -2.3479034e-01  -1.0442516e-01  -6.6089538e-02   3.2874048e-01  -4.0515363e-01  -3.8778426e-02  -2.2965917e-01  -1.1599917e-01   4.9759897e-01  -4.9534239e-02  -2.7101306e-01  -2.2014856e-01  -2.0721848e-01  -2.0964574e-01  -1.4967590e-01   1.9340122e-01   8.2853287e-01  -2.4728611e-01  -1.3622515e-01  -2.4750747e-01   2.5609979e-01  -3.4334024e-01   6.4667666e-02  -2.9702896e-01   9.7571480e-03  -5.1559700e-01  -8.3523266e-02   5.1902987e-01   1.7123976e-01   1.6975073e-02  -4.0690729e-02   5.8763966e-01   4.3758611e-01  -3.0125348e-01  -2.0762467e-01   4.6123599e-02   1.0823224e-01   1.1474232e-01  -9.9882703e-02
   1.0320344e-01   1.0033168e-01  -2.7777112e-01   0.0000000e+00  -8.9839987e-02   4.4089763e-01  -2.2782962e-01  -1.1409265e-01   9.3809929e-02   1.2736145e-01   2.8347361e-01  -7.6106128e-02   6.6073657e-02   5.4197275e-02   1.2949714e-01  -1.5425917e-01  -3.0000120e-01   3.8299869e-01   8.8599973e-02  -5.4786814e-02   1.9454684e-01   6.8809609e-01   3.2555773e-01  -3.8779452e-02   2.9322454e-02  -1.9132357e-01   1.9502403e-01  -3.3823942e-02  -9.0433724e-02   2.6512234e-01   1.8755858e-02   6.0440641e-01   1.7233150e-01  -2.0020380e-01   4.1837886e-01   4.0470387e-02  -5.2288227e-02  -4.5884838e-02  -2.4879156e-01  -3.8013465e-01   9.1637249e-02   1.1201803e-01   2.3565126e-02   3.4342393e-01  -2.5899608e-02   4.4026726e-02   3.4120081e-01  -3.0131588e-01   3.2154808e-01  -5.5137765e-01   4.6636234e-01  -4.5004370e-02  -3.1411634e-01  -2.1831831e-02   1.4960483e-01   1.7131986e-01   2.0563970e-01   6.4569709e-01   4.1278073e-01   4.9030162e-01   2.6554216e-02   1.6280473e-01  -4.7238424e-02  -3.2839121e-01  -9.1641513e-02   3.2601479e-01   3.5234925e-01  -1.2585644e-01   5.9480651e-01   1.7589033e-01  -3.7827664e-01   6.2462189e-01  -8.3734387e-02   2.3206677e-01  -2.0611310e-01   2.1033422e-01  -1.7628010e-01   2.4941779e-01  -1.9395911e-01   1.1910902e-01   4.7937870e-02  -1.6851214e-01  -1.8983100e-01   5.3469741e-02   3.3058985e-01   1.0966590e-01  -1.3560201e-01  -8.7102060e-02  -3.2484981e-01   8.8754959e-02  -1.6811018e-01   2.0240082e-02  -1.3499591e-01   3.7708376e-02   2.0139327e-01  -2.0744252e-01   4.0959548e-01   1.9318773e-01   3.1427884e-01   1.9678801e-01  -2.8333791e-02   8.5901749e-02   3.9467948e-01   5.2509099e-01   6.3695025e-01   5.8822935e-01  -2.3150248e-02   5.2715063e-01   1.2385826e-01   2.3781675e-01  -2.2287867e-01   5.7772649e-01   4.8931703e-01   7.7687447e-02   1.7090718e-01  -2.8433327e-01   2.6319367e-01  -6.8819603e-02   1.0203942e-01   7.5747242e-01  -4.0341878e-03  -1.6488937e-01  -2.3229738e-01  -8.1856572e-02   9.1730109e-02   2.6594208e-01   8.4156028e-02  -8.2873941e-02   4.3785960e-01   1.8451420e-01  -2.4196343e-01  -8.8512950e-02   5.0628793e-01  -9.9479017e-02   4.3168540e-01   1.4212545e-01   5.5765873e-02  -1.9687934e-01   1.4761969e-01   1.0278289e-01  -6.3128287e-02  -7.7103225e-02   5.0580473e-01   2.1590493e-01   4.1550466e-01   2.7680180e-01  -3.7568108e-01   2.8931917e-01   4.3953362e-01   3.0562599e-02   6.4795306e-02   7.4112587e-03   4.7655104e-02  -2.3400571e-01  -2.5160885e-01  -2.8517613e-02   1.5717922e-01   4.3229151e-01  -1.7524448e-01   3.4140496e-01   2.7007789e-01   3.5775725e-01   1.2976802e-01   6.2957551e-01   5.3541440e-01  -2.7990249e-01  -4.9190757e-02  -1.7803567e-01   1.2977314e-01  -2.9736918e-01  -5.7425528e-02  -5.4715684e-02   3.5793711e-01   3.4816339e-01   3.3782785e-04   4.4218256e-02   6.8166445e-01
   1.9330299e-01   1.8890493e-01   3.7264190e-01  -8.9839987e-02   0.0000000e+00  -2.0883917e-01   3.3909713e-01  -7.7071659e-02   2.0467407e-01  -2.1834353e-01  -7.6915513e-02   4.4791113e-01   3.3802592e-01  -3.5414679e-01  -4.0236313e-01   1.1240082e-01   4.4492788e-01  -1.7625210e-01  -2.6186256e-01   8.2611280e-01  -2.8862600e-01  -2.8821425e-01  -3.3856639e-01  -7.0584681e-02   1.9073110e-02  -7.5575947e-02   1.6180332e-01  -3.7705236e-01  -1.0808733e-01   3.1119294e-03  -2.1067233e-01   1.0130897e-01   3.6543849e-01  -1.3331132e-01  -3.7221548e-01   6.6205258e-01  -5.2436988e-02   9.5721747e-03   1.3003263e-01   2.5113838e-01   2.1354088e-01   3.5234431e-01   2.4455886e-01  -3.3639543e-01   3.4835713e-01  -7.0380589e-02   1.7324428e-01   3.0467812e-01  -2.3462748e-01   4.2612554e-01  -1.7207574e-01  -2.2648908e-01  -1.1016779e-02   1.6592562e-01  -1.3976189e-01  -3.9757479e-01  -2.4175342e-01  -2.3131854e-01  -8.9750377e-02   2.9342082e-02   1.3735565e-01   2.9461511e-01   3.3341975e-01  -3.0085745e-02   2.0968695e-01  -2.6574642e-02  -4.4132592e-02   1.6536204e-01  -1.9787248e-01  -3.2762412e-01   6.9246881e-01  -1.3401190e-01   9.2387447e-02  -2.2075838e-01   3.0145412e-01  -2.0188864e-01   1.9347921e-01  -1.3804927e-01   8.8956187e-01   4.8616197e-01  -5.0583500e-01   1.0419874e-01  -1.4564625e-02  -1.0455980e-01  -1.3603050e-01  -1.2296530e-01   7.9193451e-04  -3.0945772e-01   5.0952845e-01  -1.4919371e-02   7.5488437e-01   2.6361550e-01   4.9857124e-01   2.7800186e-01   3.2472803e-01   8.2108607e-01   3.6041814e-01  -1.5897087e-01   4.5064875e-01  -3.6331030e-01  -3.9259838e-01  -4.1233052e-01  -4.7474456e-01  -1.2054818e-01  -3.7199962e-01   3.1693304e-01   3.1041450e-01  -1.1459746e-01  -2.2499389e-01  -3.7310172e-01  -9.3294432e-02  -3.1562888e-01  -6.9411612e-02   1.6145140e-01  -5.8524675e-01   7.4341942e-01  -2.4746026e-01   2.3934352e-01  -4.2808343e-01  -9.6254964e-02  -1.6190950e-01   6.8046485e-01   3.1128319e-01   1.8304570e-01  -1.8099065e-02  -2.9561679e-01   2.4879788e-01   5.1704690e-01  -6.0362013e-02  -2.3133954e-01   3.6739777e-01  -3.3009562e-02  -1.6715702e-01  -3.1379656e-01   1.2366523e-01  -1.5015749e-01   5.5866228e-01  -4.3920768e-01  -2.3876957e-01  -1.1284542e-01  -1.0977171e-01   4.8015208e-01  -3.5486159e-01  -3.9891747e-01  -5.1551144e-01  -2.0629456e-01   1.7180430e-01   1.2507104e-01  -3.3140258e-01  -3.8427736e-01  -2.2930942e-01  -4.5845786e-01  -1.6135374e-01   4.2191578e-01   4.7139206e-01  -2.1946885e-01   1.9195117e-02  -1.4954047e-03   1.6891237e-01  -5.3169200e-01   2.6667518e-01  -2.6461584e-01  -3.1884899e-01  -4.3966768e-01   1.6174052e-01   7.4970864e-01   1.6036655e-01   6.4659591e-02   4.2574569e-03   6.9589493e-01   8.4218263e-01  -2.1846167e-01   2.0092629e-01  -1.7357665e-01   6.4832967e-02   2.6467849e-01   1.1656692e-01
  -5.8737921e-02   2.4781818e-01   2.6878812e-02   4.4089763e-01  -2.0883917e-01   0.0000000e+00   2.0707642e-02  -1.1385862e-01  -6.0992395e-02   2.1420840e-01  -5.4363427e-02   1.2595135e-01  -3.0441504e-02   1.5940525e-01   9.9604874e-02   4.3197987e-02  -5.0784430e-02   1.4386000e-01   1.2569610e-01  -1.6102572e-01  -6.5228668e-02   4.4695614e-01   1.1956439e-01  -2.1485176e-02  -2.8396537e-02  -1.6264273e-01   3.0162621e-01   1.1829402e-01  -1.2849196e-01   2.7380133e-01  -1.4169611e-01   9.2752609e-02   1.2278584e-02  -8.2885146e-02   4.4503959e-01  -1.1196363e-01  -3.3214393e-01  -4.4277040e-02  -3.2831692e-01  -1.1225205e-01  -3.8704263e-02   2.0871254e-01   2.0178855e-01   4.6157354e-01  -2.3935179e-01   1.9898706e-01   2.0327115e-01  -1.6648437e-01   4.9543821e-02  -2.4326808e-01   2.3437176e-01  -2.0581551e-01  -2.6360943e-01   6.2351331e-02   9.9834180e-02   4.2328429e-01   2.9458800e-01   3.7735395e-01   1.6585863e-01   4.1903321e-01   2.9470072e-01  -6.4810479e-02  -2.5058830e-02  -3.7106832e-01  -3.2841675e-01   2.5533562e-01   7.4829327e-01  -1.9340149e-01   4.1908106e-01   5.5660177e-01  -3.7150019e-01   3.0728291e-01  -1.1326169e-01   4.0679812e-01  -1.9880601e-01  -1.1413451e-02   6.7305050e-02   2.8606957e-01  -3.7120142e-01  -2.2419083e-01   1.1584666e-01  -1.1797056e-01   8.8035684e-02   1.1224558e-01   5.8198460e-01  -2.7995369e-03  -2.2086200e-02  -5.2462594e-02  -3.0841825e-01   4.5676454e-02  -3.6968501e-01   2.3619581e-01   6.3413610e-02  -3.6257903e-02  -2.7813628e-02  -2.8713962e-01   8.3030013e-02   8.6665850e-02   2.9165034e-02  -4.4519876e-02   9.6346299e-02   2.2376939e-01   3.1153628e-01   3.6080519e-01   3.9871101e-01   1.1731033e-01   6.1340954e-02   4.2504956e-01  -1.3882628e-02   3.4713021e-01   1.6779378e-01   5.4839388e-01   3.9357494e-01   6.1733765e-02   3.5000559e-01  -4.6727129e-01   2.2031410e-01  -9.8849109e-02   3.6347759e-01   4.9945671e-01   1.4937647e-02  -3.0645294e-01   5.5278273e-02  -2.9690589e-01   1.1355721e-01   1.1748037e-01  -1.3250456e-01  -2.0633320e-01   1.6751436e-01   5.9163261e-01  -2.5589495e-01  -3.2450492e-01   3.8114341e-01  -1.8696114e-01   4.5764253e-01   3.1068127e-02  -1.4626453e-01  -1.1622000e-01  -8.4364561e-02  -5.3064116e-02  -8.7510098e-03  -5.7755242e-02   4.3082653e-01   5.5911501e-01   2.5800101e-01  -7.6386461e-02  -1.4022180e-01   1.1013700e-01   4.7683891e-01  -2.9105594e-01   3.3939101e-01  -6.6850871e-02   2.1752604e-01  -3.3758596e-01  -1.7354585e-02  -3.2683202e-02   7.7312653e-02   1.7372940e-01   1.1414484e-01   3.1150358e-01   3.0496073e-02   2.8529602e-01   4.3072756e-02   3.5037026e-01   3.0428468e-01  -2.2789296e-01  -8.1643499e-02   1.0766903e-01   3.6679269e-01  -2.4096371e-01  -2.3062022e-01  -2.0387031e-01   1.4888145e-02   7.3364471e-01  -4.3381394e-02  -2.0503791e-01   4.9493752e-01
  -2.9862341e-02   5.2547600e-01   6.7949683e-01  -2.2782962e-01   3.3909713e-01   2.0707642e-02   0.0000000e+00  -2.2744582e-01   4.5255224e-01   3.9114721e-01  -1.0983161e-01   6.4848584e-01  -3.6632105e-02  -3.4739818e-01  -3.5152948e-01   1.3103386e-01   6.6028979e-01  -2.1470183e-01  -3.5291070e-01   5.4250142e-01  -4.3528046e-01  -3.1973646e-01  -4.5999496e-01  -1.3751756e-01  -2.0265103e-01  -3.1465380e-01   2.2259776e-01  -5.3147855e-01  -2.2650272e-01   1.5048480e-01  -3.2190081e-01  -2.4809372e-01   3.1752222e-01   6.5007464e-01  -2.1865684e-01   2.1206278e-01   9.2663882e-02  -1.4228837e-01  -1.0261686e-01   5.5872792e-01  -7.1704839e-02   2.0989603e-01   7.2336247e-01  -3.9505362e-01   1.6209447e-01  -2.6362803e-01  -2.0045682e-01   7.0844096e-01  -5.4669667e-01   5.9972366e-01  -2.4333646e-01  -3.0972092e-01   2.9979838e-01   2.1346938e-01  -1.7543924e-01  -4.1430881e-01  -3.2688830e-01  -2.8854499e-01  -2.8803749e-01   4.1372518e-02   2.2136294e-02   3.7440769e-03   4.7167524e-01   2.9085033e-01   1.2470677e-01  -1.2979495e-01   1.8159141e-01   5.5359125e-02  -3.5644292e-01   2.2945868e-01   6.0362806e-01  -2.3373030e-01   5.3774348e-02  -3.2888529e-01   1.0273280e-01  -2.8398232e-01  -2.1252671e-01  -9.3213325e-02   4.2130128e-01   1.5154332e-01   2.8561215e-01   3.5059478e-02  -6.7019390e-02  -3.2866872e-01   2.5831254e-03  -2.6977264e-01   4.0673909e-02  -3.4685183e-01   3.5482656e-01  -1.5176610e-01   1.6459733e-01   1.1726944e-01   6.8215102e-01   5.2054505e-01  -1.6152096e-01   3.9696334e-01   2.1638255e-01  -2.3399035e-01   1.2895432e-01   5.9525506e-02  -2.2355006e-01  -4.6645963e-01  -5.4528353e-01   7.8868533e-02  -5.1569985e-01   1.0176885e-01   1.4868109e-01  -1.9753604e-01  -9.7353318e-02  -4.4242422e-01   5.5258546e-01  -3.4860655e-01  -6.9333562e-02   5.1652687e-02  -3.7230113e-01   3.3715385e-01  -3.5437557e-01   7.4764282e-02  -4.4999339e-01  -2.8849196e-01  -3.1133067e-01   3.7228039e-01   6.5699357e-01   3.6043008e-01  -3.1106383e-01  -5.9469148e-01   1.4679407e-01   1.8175275e-01  -1.6663714e-01   3.0346612e-01   1.1662088e-01   2.5073632e-01  -3.7556572e-01   1.0846516e-01   2.9918736e-01  -2.4003955e-01   2.0813163e-01   1.8287659e-01  -4.7445354e-01  -1.1301859e-01  -2.5870177e-02   3.3904378e-01  -4.1159615e-01  -5.7932287e-02  -2.0310277e-01  -2.5363470e-01   5.5715232e-01  -1.4872914e-01  -2.6843716e-01  -1.7728792e-01  -2.3028483e-01  -1.0741153e-01  -2.5437158e-01   2.0897547e-01   7.7704148e-01  -1.9378605e-01  -2.6097401e-01  -2.8704248e-01  -5.3520124e-02  -1.7339938e-01   3.1249259e-01  -2.3597531e-01  -3.3722707e-02  -4.9131607e-01  -4.3127212e-02   6.6136771e-01   2.4570679e-01   1.6135470e-02  -8.3721904e-02   4.5338967e-01   4.8660651e-01  -3.4903704e-01  -1.1796242e-01  -1.9967350e-02  -1.6000071e-02   1.9890692e-01  -1.2017696e-01
   2.7190858e-01  -1.3000954e-01  -1.6482664e-01  -1.1409265e-01  -7.7071659e-02  -1.1385862e-01  -2.2744582e-01   0.0000000e+00  -2.5585927e-01  -2.6489250e-01  -2.0463637e-01  -2.8998565e-01  -4.5613384e-02   6.7329155e-02   5.5991566e-03   1.7666309e-01  -1.6828632e-01  -3.0676311e-01   4.8949150e-01  -2.1113425e-01  -6.6166053e-02   1.1748155e-01   4.2842107e-02   2.8592795e-02   9.6217201e-02   6.4127048e-01  -5.1767228e-02   1.3720883e-01   1.6808961e-01  -7.2476989e-03   5.9707032e-02   7.4916008e-02  -3.9854962e-02  -1.4381202e-01  -2.9293799e-01  -2.0230179e-01  -1.0299309e-01   1.3830342e-02   1.8966207e-01  -1.0179055e-01  -1.1247284e-01  -1.3086451e-01  -1.8707382e-01   2.3329430e-01  -1.3966083e-01   2.7730207e-02  -1.6944470e-01  -2.2719309e-01   6.2834822e-02   9.8417316e-02  -1.5966800e-01   6.7668742e-01  -8.4981316e-02  -1.3820130e-01  -2.1392979e-01   1.4815745e-01   2.1563167e-01   3.5123155e-02  -2.3759697e-02  -1.5182627e-02  -1.0864908e-01  -8.5700568e-02  -1.5989686e-01   3.1698712e-02  -2.1242309e-01  -1.5706663e-01  -4.0862822e-02  -1.8794128e-01   5.0943306e-02  -1.8699818e-01  -9.2354646e-02  -2.2298138e-01  -2.0649447e-02   1.2523559e-01   1.7294864e-01   2.0226555e-01   8.5015051e-02   1.4604260e-01  -1.1285874e-01  -1.9835892e-02  -5.3330623e-02  -1.3755486e-01  -3.3926821e-02   5.4503759e-01  -2.1010095e-01   2.2219632e-01  -2.4343986e-01   1.4055377e-01  -2.9434148e-02   3.1846271e-02  -1.0061686e-01  -4.0502429e-02  -8.1195446e-02  -2.5947946e-01   5.7527003e-02  -7.1728564e-02  -2.8419772e-01   4.9405148e-01  -3.5456638e-01  -1.4606781e-01   1.2989654e-02   3.7095417e-01   2.8214490e-02  -4.0728442e-02   5.7233354e-02   1.9368877e-01  -2.6193639e-02   2.4461937e-01  -2.7292911e-02  -2.8185489e-02  -1.2351490e-01   4.1260952e-02   7.3357566e-03   2.9441210e-03   6.4343502e-02  -9.4913509e-02   3.9967335e-01  -5.1582838e-02   3.2593217e-03  -7.0680085e-02   1.5364611e-01  -4.5706254e-02  -1.6203369e-01  -3.9050307e-01   5.7446001e-02   4.0258717e-02  -3.2048134e-01  -5.7316562e-02   4.8425175e-01  -2.8289372e-01  -9.1007201e-02  -1.7232162e-01   1.6030264e-02  -1.0320747e-01  -6.2329794e-02   6.4263373e-01  -5.3804120e-02  -3.2864524e-02   3.5404615e-01   2.0863373e-01   1.2037614e-01  -1.2887456e-01   1.0039298e-02  -1.2645369e-01  -1.7948893e-01   2.5310441e-02  -1.1768675e-01  -2.1454511e-01  -1.0983159e-02  -1.1939010e-01  -1.9934833e-02   1.5930589e-01   1.4440008e-01  -7.9631624e-02  -2.7267204e-01   8.9876764e-02   2.1119597e-01  -1.4899038e-01   8.6117738e-02   1.0115117e-01  -1.8158512e-01  -3.9863592e-02  -3.0940004e-01  -7.8809859e-02   1.7748287e-02  -1.6282733e-01  -1.4138598e-01   2.8207153e-01  -4.6894696e-02  -6.7301113e-02  -1.3386119e-01  -1.3241341e-01  -2.6057892e-01  -2.5649719e-01   8.7926789e-02  -1.2754264e-01   6.7325603e-02
   2.1830649e-01   4.5666158e-01   2.2016237e-01   9.3809929e-02   2.0467407e-01  -6.0992395e-02   4.5255224e-01  -2.5585927e-01   0.0000000e+00   2.6423335e-01   2.2254898e-01   2.9904863e-01  -1.0162696e-01  -3.1070582e-01  -2.9277803e-01  -3.9993493e-02   2.4501547e-01   9.6827454e-03  -2.0634942e-01   4.0095983e-01  -1.9791273e-01  -1.8546389e-01  -3.8856920e-01   1.4269747e-01   8.3834863e-02  -3.0415331e-01   3.2610864e-02  -3.4279035e-01  -4.5765837e-04   5.2543252e-01  -2.2009921e-01   7.1651324e-02   2.2449968e-01   3.1112258e-01  -1.9654772e-01   2.5208717e-01   2.7367330e-01  -9.9053530e-03  -7.0376680e-02   2.5769261e-01  -2.4725359e-02   2.1348092e-01   5.8706059e-01  -3.6564186e-01   2.3222888e-01   8.7017540e-02  -9.8803516e-02   5.2144794e-01  -2.6995651e-01   4.1904008e-02  -2.5709846e-02  -3.2773585e-01   1.0568257e-01   1.8583359e-02  -4.0105876e-02  -3.7101596e-01  -1.0909343e-01  -5.3891529e-02   1.4197201e-02   2.0551543e-01   1.3765373e-01   1.7369748e-01   7.5570222e-01   4.8766827e-01   6.7843488e-01  -2.4370016e-02  -7.8242952e-02   3.8777808e-01  -2.7236246e-01   2.0856581e-01   2.8837156e-01   1.5119855e-01   1.4496857e-01  -9.3286091e-02   5.1378232e-02  -3.2307859e-01   3.5333103e-02  -5.1917034e-02   3.4838230e-01   2.8964781e-01  -5.1758869e-03  -3.3178106e-02  -3.9234364e-01  -3.5069954e-01  -9.8721458e-02  -2.9728569e-01   2.7646322e-01  -3.5834047e-01   3.7753683e-01   1.8957323e-01   2.3303716e-01   1.0912119e-01   2.4080937e-01   7.6120429e-01   2.9285406e-01   1.6315881e-01   4.1026295e-01  -1.4074982e-01   3.1964758e-01   1.3482897e-01  -2.4246043e-01  -2.8016838e-01  -4.6884323e-01   5.4989220e-01  -1.9314236e-01   1.6523382e-01  -1.3833133e-01  -6.2729844e-02   2.6297119e-03  -5.1753430e-01   4.0582749e-02  -1.6838709e-01   1.4578294e-01   3.2373378e-01  -3.7522383e-01   4.4794306e-01  -3.4192967e-01   1.2909907e-01  -3.8420775e-01   1.4238377e-03   6.9143912e-02   2.6452520e-01   5.3104795e-01   6.2602028e-01   5.8419461e-02  -5.0655072e-01   3.0340827e-01   9.9897383e-02  -5.1472304e-02   1.4695985e-01   9.2343551e-03   1.9676729e-01  -1.4736253e-01   5.5235732e-02   4.5940815e-01  -2.8808892e-01   1.8635022e-01   1.1958617e-01  -4.7915799e-01   1.7203784e-01   9.3209638e-02   1.2201471e-01  -1.8321800e-01  -3.1827963e-01  -8.3595831e-02  -3.3685753e-02   1.4079739e-01   1.1803468e-01  -3.0525714e-01   5.9552859e-02   1.3482276e-01  -2.7424162e-01   1.0965456e-01   4.5660169e-01   4.1051780e-01   1.1743499e-01   1.7106978e-01   2.2540804e-02  -9.8966331e-02  -2.7638325e-01   5.6726696e-01   2.0498628e-01  -3.9483032e-02  -1.1147521e-01   3.6691416e-01   4.6869226e-01  -8.1834389e-02   1.6433657e-01   1.3656270e-01  -1.5573362e-02   3.8750674e-01  -1.3048587e-01   3.3049453e-01  -3.6869455e-02   1.9440313e-01   1.5257435e-01   2.0776040e-01
  -2.7290600e-02   1.1280874e-01   2.4895065e-01   1.2736145e-01  -2.1834353e-01   2.1420840e-01   3.9114721e-01  -2.6489250e-01   2.6423335e-01   0.0000000e+00   4.8904316e-02   1.2576623e-01  -1.6914136e-01  -9.4862292e-02   7.3350750e-02  -3.0753262e-02   1.6305241e-01   1.2663577e-01  -2.7525725e-01  -1.6402606e-02   3.2495967e-02   1.0467408e-01   3.3188591e-02   8.7569051e-02  -2.2965012e-01  -3.0828396e-01   1.0207225e-01  -7.7444441e-02  -1.4725005e-02  -1.4347628e-02   2.5808574e-02  -4.4521421e-02   3.5198154e-02   5.7062508e-01   6.5836011e-02  -9.6485046e-02   2.6248217e-01   3.5258938e-03  -1.3166304e-01   3.2854437e-01  -6.1299292e-02   6.3619163e-02   4.5123096e-01  -1.8599914e-01  -2.0069642e-01   3.0811885e-02  -1.5803089e-01   1.8603357e-01  -1.3541124e-01   8.2847453e-02   1.0027811e-01  -2.7609198e-01   2.7384953e-01  -1.1059302e-01  -6.6272658e-02  -9.8292100e-02  -8.8000026e-02   1.4950076e-01   8.8202391e-02   1.6540239e-01   5.4487008e-02  -1.9553474e-01   5.6357706e-02   1.5165594e-01  -1.9865500e-01   3.2540090e-01   1.0992709e-01  -1.3432204e-01  -8.7333183e-02   4.5380907e-01  -2.2899743e-02   5.4886749e-02   1.1179993e-03  -2.7331828e-02  -2.7802447e-01   7.3417865e-02  -1.1118448e-02  -4.1626499e-02  -2.5541442e-01  -2.1981065e-01   3.1328978e-01  -1.1579023e-02  -6.6125211e-03  -3.0489469e-01   1.2546199e-02  -2.0283691e-02  -8.4228497e-03  -1.7460001e-01  -1.0333731e-01   7.3771578e-02  -2.7866996e-01   2.0096598e-01   3.6081874e-01   9.2110635e-02  -1.0144977e-01  -3.1555016e-02   5.1936651e-02  -1.0690395e-01  -4.6185968e-03   3.6469361e-01   6.9867584e-02  -1.1475085e-01  -1.3216752e-01   1.9515579e-01   1.0000946e-01   6.6084593e-02  -2.6225703e-01  -1.1554184e-01   2.2898640e-01   2.3806515e-03   3.4487885e-01   1.6646094e-02   4.6850817e-02   1.2508443e-01   7.5650706e-02  -2.6884919e-01  -2.5122909e-01  -9.1506157e-02  -1.0115083e-01   2.3083170e-02   5.2999547e-02   7.9472656e-03   2.3162547e-01   1.3550371e-01   7.7961014e-02  -2.2464471e-01  -1.3837965e-01  -1.8586030e-01   4.8796017e-02   3.4894649e-01  -1.3704376e-01   1.3378799e-01  -1.9806626e-01   3.5256203e-01   3.5262165e-01  -1.0471977e-01  -1.7317924e-01   3.6786765e-01  -2.0764773e-01   1.0824555e-01   2.1998746e-01  -6.4671381e-02  -1.9745228e-02   1.0660449e-01   1.7714269e-01   2.0323251e-01   2.6521653e-01  -3.6492883e-02   2.4069497e-01   1.8453181e-01   1.6786214e-01   1.1467805e-01   7.2229995e-02  -7.6230363e-02   2.5881329e-01   1.3165481e-01   3.9418318e-02   6.6730539e-02  -3.3439913e-02   1.1845653e-01  -2.8324769e-02   6.4733633e-02   4.4864712e-01   7.7911902e-02   6.2021641e-02  -5.3839187e-02   6.2464608e-02  -5.3512424e-02   6.8327626e-02  -7.3437964e-02  -6.8451006e-02  -7.6737879e-02  -1.4090927e-01   1.1122909e-01  -6.6924749e-02  -1.0584586e-01   1.4985202e-01
   2.5048445e-02  -7.4929068e-02  -1.9429014e-01   2.8347361e-01  -7.6915513e-02  -5.4363427e-02  -1.0983161e-01  -2.0463637e-01   2.2254898e-01   4.8904316e-02   0.0000000e+00  -2.2071985e-01   2.8307639e-01  -8.5576944e-02   3.2107451e-02   1.7712544e-01  -1.8906661e-01   7.7412028e-01  -1.3403108e-01  -3.8122634e-02   2.8354804e-01   8.8314578e-02   1.0249742e-01  -1.0034595e-01  -2.0311212e-02  -3.2425697e-01   1.9582151e-01  -9.7731092e-02   6.5705140e-02   2.7681214e-01   1.2886802e-01   1.7284773e-01   1.1801032e-02  -5.4022063e-02   1.2283378e-01   3.5973414e-01   3.2602360e-02  -1.2039191e-01   2.4003700e-01  -2.1568463e-01   5.3506629e-01   1.5888103e-01  -2.4891291e-02   1.2580660e-02   4.3717122e-01  -1.6508420e-02   6.5936678e-01   4.1295489e-02   1.5541891e-01  -2.7182805e-01   6.4029336e-01  -1.5744386e-01  -1.0021171e-01  -1.4575969e-01  -6.1758721e-02  -1.2353295e-02  -6.3803210e-02   6.4416212e-02   5.5664880e-01  -4.9753478e-02   1.9138966e-01   2.6806005e-01   1.2426157e-01   3.0389737e-01   4.2044707e-01   3.3922811e-01   1.2485856e-01   8.0717707e-02   4.1143920e-01   3.8256259e-02  -2.6756341e-01   4.3820674e-01   4.3750404e-01   2.6092677e-02  -2.4912688e-01   1.6892893e-01  -6.2907186e-02   9.5762620e-02  -1.0595848e-01   9.5495442e-02   6.2320047e-02   2.3860302e-01  -1.7880298e-01  -1.1099879e-01   4.4284606e-02   1.3968684e-01  -1.8899135e-01  -3.4110496e-01  -1.6143899e-01  -8.0887767e-02  -1.4753129e-01   2.9939969e-02  -1.7851697e-01   2.1089308e-01   7.4800327e-02  -2.4420358e-01   2.4295930e-01  -2.2015970e-01   3.6417465e-01   1.6298552e-01  -7.8370906e-02   1.5552836e-01   1.9389577e-01   1.2846832e-01   2.8497366e-01   6.3484563e-02  -3.0926977e-02   1.8394635e-01   6.8550639e-02   1.1247966e-01  -1.4241093e-01   2.4961955e-01   7.3876145e-02  -8.3143356e-02   3.6865751e-02  -5.2172986e-02  -9.6285134e-02   3.7516341e-01  -8.4405035e-02   3.6402282e-01   3.0095553e-02  -2.4559889e-01  -1.3295936e-01   4.5202497e-01  -1.0859242e-01   3.8487453e-02   5.4614255e-01  -2.0333475e-01   1.0515846e-01   1.3918844e-01   2.7590960e-01   4.4385285e-01   1.4779743e-01   1.3357873e-01   4.0506788e-02   4.7231168e-02  -7.0173295e-02   8.6232687e-02   1.0550446e-01   1.5416020e-02  -3.5674318e-02  -3.5108343e-03   3.7197338e-01   1.0757730e-01   3.5512960e-01   4.2778634e-01  -2.6983405e-01   3.8037517e-01   2.6421886e-01   2.4534259e-01   4.2155260e-02   3.8777967e-02   9.9155053e-02   3.8873553e-01  -1.8961950e-01  -1.2174091e-01   1.0373932e-02   4.6610806e-01   2.8134703e-02   2.4278176e-01   1.2307643e-01   5.5110078e-01   1.5383065e-01   5.1733729e-01   2.0585946e-01  -4.7569904e-02   3.2214379e-01  -1.8872966e-01   5.8206663e-02  -2.8380479e-01  -9.8477716e-02  -1.7678389e-01   5.6854824e-01  -6.7256084e-02  -1.4386590e-01  -1.1537025e-01   3.2991894e-02
   1.9927489e-02   6.4415575e-01   7.0089519e-01  -7.6106128e-02   4.4791113e-01   1.2595135e-01   6.4848584e-01  -2.8998565e-01   2.9904863e-01   1.2576623e-01  -2.2071985e-01   0.0000000e+00   5.5280523e-03  -3.4344493e-01  -3.4938074e-01  -3.0752307e-02   6.9302259e-01  -3.0875093e-01  -2.1962564e-01   4.9937600e-01  -4.5314106e-01  -1.4312108e-01  -3.7642160e-01  -1.4890952e-01  -3.6037420e-02  -1.6950796e-01   1.0451117e-01  -4.4457891e-01  -2.1032526e-01   1.7038951e-01  -3.4347687e-01  -3.0422605e-02   3.1368904e-01   1.2047900e-01  -4.2086117e-02   9.6174016e-02  -1.4610930e-01   1.4527436e-02  -1.7753193e-01   3.8732270e-01  -1.2113254e-01   2.0753672e-01   3.7740761e-01  -2.6310914e-01  -7.1836065e-02  -1.5536010e-01  -1.6837988e-01   3.3745206e-01  -4.2613945e-01   4.6078367e-01  -3.4215869e-01  -3.8565707e-01   2.0487420e-02   2.7066628e-01  -2.3508438e-02  -3.6207723e-01  -1.2638160e-01  -1.4361982e-01  -3.5297807e-01   3.0531543e-01   1.1648692e-02  -1.6681415e-01   4.9395007e-01   7.6830205e-02  -3.5451862e-03  -1.2129635e-01   1.7389554e-01  -4.5768280e-02  -3.2029877e-01   1.2249101e-01   6.3629086e-01  -1.9683131e-01  -1.2644468e-01  -2.9813605e-01   2.0254579e-01  -3.3929425e-01  -1.2018986e-01  -1.3683943e-01   4.9718333e-01   2.1756799e-01  -4.7163816e-02  -1.0386002e-01  -2.1321977e-02  -1.8660773e-01   1.8078599e-01  -3.0314426e-01   1.8104624e-01  -1.4975326e-01   4.4614694e-01  -6.9299352e-02   3.3587694e-01   1.7014704e-01   6.0327558e-01   4.8562091e-01  -1.7590178e-02   4.8367922e-01   1.6527809e-01  -1.4565801e-01   1.1458763e-01  -1.7147133e-01  -3.1907112e-01  -4.0278755e-01  -4.4904002e-01   1.2049735e-01  -4.4791097e-01   1.3592854e-01   2.5298822e-01  -1.2626789e-01  -1.8375467e-01  -3.0948006e-01   3.8503375e-01  -2.0326411e-01  -1.1192815e-02   1.4223534e-01  -4.6186945e-01   3.3987225e-01  -2.6918285e-01  -1.9043296e-02  -3.4883721e-01  -1.8833723e-01  -2.9259548e-01   4.4475133e-01   5.4595856e-01   1.5428174e-01  -1.4633635e-01  -3.6700722e-01   1.0374556e-01   3.1890274e-01  -1.9997046e-01   1.6748595e-01   9.0360818e-02  -1.8522431e-01  -1.7144956e-01  -1.3301721e-01   2.1033541e-01  -3.0382384e-01   4.2858942e-01  -1.9228237e-01  -4.7361608e-01  -8.7122626e-02  -3.5172899e-02   4.1522947e-01  -3.3648793e-01  -1.1992672e-01  -1.8068928e-01  -3.2140212e-01   4.3560969e-01   1.8077603e-02  -3.0458834e-01  -3.3555067e-01  -1.8897331e-01  -3.7940645e-01  -2.1500424e-01   1.0969871e-01   7.7224158e-01  -1.5221143e-01  -1.6361019e-01  -2.6587404e-01  -3.4609293e-02  -4.5281328e-01   2.8840738e-01  -2.2889547e-01  -1.0994954e-01  -4.3530444e-01   6.8741958e-02   5.7015121e-01  -5.7042384e-02  -1.4988128e-03  -9.3170584e-03   5.6782163e-01   5.2581410e-01  -1.1916644e-01  -1.1485610e-01   2.3647537e-01   3.9226209e-03   3.6121870e-01   4.9706262e-02
   2.4533107e-01  -1.3085107e-01   7.5378747e-03   6.6073657e-02   3.3802592e-01  -3.0441504e-02  -3.6632105e-02  -4.5613384e-02  -1.0162696e-01  -1.6914136e-01   2.8307639e-01   5.5280523e-03   0.0000000e+00  -7.1500673e-02  -2.4687926e-02   4.2833396e-01  -3.7736828e-02   2.1040866e-01  -6.5899313e-02   2.8324528e-01  -5.9784529e-02  -4.6333021e-02   4.6701264e-02  -1.7786329e-01   5.9931136e-02  -5.4778508e-02   1.4709047e-01  -1.7396578e-02   6.0182595e-02  -6.7834317e-02  -5.1366576e-03   1.6168637e-01   1.9940564e-01  -1.4650189e-01  -7.3371460e-02   4.4614242e-01  -3.1209569e-02  -2.1236477e-01   5.0031170e-01  -9.0300153e-02   7.3395722e-01   3.0444513e-01   3.6638522e-02  -3.6153650e-03   3.4821195e-01  -1.9517032e-01   3.8264917e-01   2.0709691e-03   8.6415553e-03  -1.3485525e-03   2.0968910e-01  -1.8076766e-03  -5.3663941e-02   5.4342824e-02   9.2117494e-03  -2.8876280e-02  -1.7494045e-01  -1.4579261e-01   3.2925518e-01   1.2942872e-02   9.8617755e-02   2.1985445e-01  -3.7638610e-02  -6.5421674e-02   5.8748034e-02   1.2506833e-01  -6.5429904e-02  -4.2487043e-02   1.9673605e-01  -3.1687162e-01   1.4425198e-01   1.5001926e-03   5.0058532e-01  -7.3161237e-02   2.9438437e-01   1.1951878e-01   1.8834462e-02   8.4487196e-02   2.8340071e-01   3.5654516e-01  -1.9023401e-01   5.0082743e-01   1.1659430e-01   9.5039499e-03   5.8996886e-02   9.7727788e-02  -1.4840614e-01  -1.7424368e-01   6.9995613e-02  -2.0335269e-01   3.5843986e-01   1.3040287e-01   7.4598083e-02   3.0269196e-03   6.2414522e-02   2.8051176e-01   1.7094558e-01  -1.4204984e-01   2.8290261e-01  -1.6195281e-01  -5.6211744e-02  -2.1459351e-01  -6.9917033e-04  -9.3820168e-02  -5.8679235e-02   1.7267421e-01   1.0687495e-01   8.1934110e-03   2.7166996e-02  -4.0080719e-02  -5.7564744e-02  -7.3834982e-02  -1.1298524e-01   1.2760363e-02  -5.6443454e-02   2.6104741e-01  -4.1575776e-02   7.7343565e-01  -1.5998002e-02   1.8089867e-01  -1.3102090e-01   2.5404150e-01  -9.3029154e-02   7.7102643e-02  -1.0065723e-01   9.0129848e-02   2.6051673e-01   2.1739117e-01   1.6857054e-01  -1.6512051e-01   7.2488371e-01   1.4093813e-01   1.1958286e-01  -1.8041792e-01  -4.1680149e-02   8.6994668e-02   4.3520148e-01  -2.2128285e-01   7.8940514e-02  -4.0509348e-02   4.2034725e-02   5.6541412e-01  -4.2518297e-02   7.8471172e-02  -9.0131358e-02   2.2750251e-01  -6.4670292e-02  -4.5981408e-02  -6.2482484e-03  -1.4162119e-01  -1.1838021e-01  -1.1415329e-01  -8.7931850e-03   2.9135116e-01  -4.6573766e-02  -4.7641899e-01  -7.7169079e-02   3.2026154e-01   1.3086762e-01  -7.9441297e-02   5.5712849e-02   1.2706534e-01  -2.9888757e-01   3.2469980e-02   1.5430418e-01   2.4705609e-01   2.8945496e-01  -1.3298456e-01   5.0062481e-02   1.8878030e-01   3.2482331e-01  -3.0826087e-01   2.2112017e-01  -4.8583183e-02   2.2309606e-02   6.0100757e-02   4.7183474e-02
  -1.1420447e-01  -4.0089349e-01  -3.4620416e-01   5.4197275e-02  -3.5414679e-01   1.5940525e-01  -3.4739818e-01   6.7329155e-02  -3.1070582e-01  -9.4862292e-02  -8.5576944e-02  -3.4344493e-01  -7.1500673e-02   0.0000000e+00   6.9333159e-01  -6.7551609e-02  -4.3438801e-01   5.8982370e-02   6.9270884e-03  -4.4688213e-01   4.9639329e-01   1.1431575e-01   5.8395134e-01  -1.0284822e-01  -8.1742182e-03   2.0406462e-03  -2.0994500e-01   4.1645733e-01   2.8367378e-03  -3.6864451e-01   6.7609007e-01   5.2936867e-02  -1.0692305e-01   5.1920009e-02   5.5941609e-01  -2.2978933e-01   2.0277946e-01  -1.5053816e-01   2.2751826e-03  -5.9622192e-02   7.6207125e-02  -9.9736360e-02  -3.5410475e-01   1.7594681e-01  -1.8126048e-01  -1.3280641e-01  -1.3442834e-01  -4.6888485e-02   6.2394503e-01  -3.3040279e-01  -1.0986963e-01   3.7173990e-01   4.0376457e-01   1.4473141e-01   6.5496522e-01   2.1424906e-01  -4.5521009e-03   8.8200941e-02  -2.8516470e-02  -8.3384404e-02   6.4689551e-03   1.1378811e-01  -3.9926326e-01  -4.2053863e-02  -1.4872119e-01  -2.4748091e-01  -1.9296974e-02   3.3053085e-02   6.8634148e-02  -2.0928055e-01  -2.7547474e-01  -6.1352870e-02   1.6514464e-02   9.5653595e-02  -1.5411687e-01   9.5154521e-02  -1.9907502e-01  -1.0818392e-02  -3.9682863e-01  -2.4851211e-01   2.6390269e-01   3.9723191e-04   5.5717541e-01   1.8408770e-02   1.4943405e-01   9.6362418e-02   4.2301392e-01   3.2112673e-01  -3.9016201e-01  -2.1237430e-01  -1.6209050e-01  -7.7450504e-02  -3.0215695e-01  -4.0354266e-01  -1.9058632e-01  -3.2984751e-01  -1.8892496e-01  -7.3664703e-03  -1.7281891e-01   1.6011663e-01   8.3668769e-01   4.9693567e-02   5.4929377e-01   2.5581929e-02   1.1317055e-01  -1.8031307e-01   1.1775573e-01  -1.0606712e-01   5.1513412e-01   4.7357015e-01   3.2699432e-01  -5.3861319e-02  -6.1685375e-02  -2.1333108e-01   6.2271378e-01  -3.0442162e-01   9.2460236e-02  -9.6706358e-02   6.7875276e-01  -4.7983135e-02  -1.6210892e-01  -1.1261830e-01  -4.4228125e-01  -1.3944588e-01  -8.0291890e-02   4.8272127e-01  -2.4519485e-01  -1.1177247e-01  -3.1376225e-02  -9.0949440e-02  -2.4299348e-01   1.2048396e-01   2.3947305e-01   4.5763962e-01  -3.0169111e-01   1.2628451e-01  -3.3888329e-01   4.0896234e-01   3.7616669e-01  -1.2546497e-01   1.1556403e-01  -3.2589421e-01   2.0695733e-03   2.9317361e-01   2.8298607e-01   2.0194790e-01   1.6557832e-01  -1.9994725e-01  -4.3321376e-03   5.1540047e-01  -1.0749413e-01   6.1421665e-01  -2.1186152e-02  -1.4682291e-01  -4.4301636e-01  -1.7424399e-01  -5.1780668e-02  -5.6052181e-02  -2.6423416e-02   3.1875498e-01  -2.7057420e-01  -1.4258736e-01   2.2481079e-01   1.5446697e-01  -7.9514270e-02  -4.6925000e-01  -7.4533438e-02  -1.6484919e-01   7.6293568e-04  -1.7857777e-01  -4.1335106e-01   3.0125563e-03  -2.7478426e-01  -5.5765124e-02  -8.9892036e-02  -1.5838531e-01  -5.9509960e-02
