   0.0000000e+00  -1.5973978e-01  -2.5336687e-02   1.2727239e-01  -8.5124229e-02  -1.8780042e-01  -2.7547798e-01   6.6695155e-02  -1.9507150e-01  -4.1537258e-01   9.1115840e-02  -4.0718569e-02  -2.1953684e-01   4.3491363e-01   1.4488865e-01   1.7850608e-01  -5.4740468e-02   2.5829168e-01   2.3582605e-02  -1.6770364e-01  -2.2403560e-01   6.3010292e-02  -1.1350316e-02   7.7970884e-01  -1.3243438e-01  -9.3473911e-02  -1.9149874e-01   3.8957186e-01  -2.4377712e-01   1.6774128e-01   9.4147722e-02   2.8957953e-01   1.2969868e-01  -5.0648916e-01  -2.3120036e-02  -3.0467581e-01  -1.1696885e-01   3.9080749e-01   5.6380471e-02  -3.6923252e-01  -1.7943054e-01   2.4703524e-01  -2.4729509e-01  -2.0440632e-01  -9.8028052e-02   5.9756640e-01   8.8110959e-02  -4.0494358e-01   1.2696951e-01  -2.9584689e-01   1.2866701e-01  -8.8924451e-03  -5.2174191e-01   1.9262869e-01   3.9531032e-01   2.6115599e-01   6.5165611e-02  -1.3239859e-01   1.3783137e-02  -2.4828278e-02   5.8150628e-01  -7.4731097e-02  -1.5195092e-01  -1.8002013e-01   4.6513825e-03  -4.0655903e-01   9.0125413e-02   3.5604172e-01   2.4333947e-01   4.7668733e-01  -2.9517740e-01   2.5502663e-01  -1.8506970e-01   7.9293015e-01   9.3501314e-02   1.1601062e-01   3.4811473e-01  -1.6551642e-01  -2.8341796e-01   4.0862052e-02  -4.8402391e-03  -8.7548634e-02  -2.8536544e-01  -9.6065189e-02   5.8738499e-01  -1.2560969e-02  -7.8237723e-02   2.1399984e-01   2.4315695e-01   8.5782245e-01  -1.0922090e-01   4.7961535e-01  -3.0979154e-01  -3.1698482e-03   5.9829335e-01  -4.8918748e-02  -1.7737987e-01   3.5354606e-02   2.3529453e-01  -4.0580315e-01   2.6575122e-01   2.0096220e-01   1.1810055e-01  -5.6156387e-02   4.1776590e-01   2.6553204e-01   1.6031052e-01  -4.3064227e-03  -1.9274948e-01  -2.9920899e-01  -3.8737287e-01   3.5145998e-01   3.7764757e-01   8.7281821e-01   4.4443607e-03  -5.9476308e-02   2.0031208e-01  -1.8241270e-01   4.6382622e-02   1.1493085e-01   7.3407935e-01  -1.6876877e-01  -4.6352767e-02  -1.1229576e-01   7.1078628e-01   5.2046135e-01   2.1122001e-01   6.2332773e-02   7.6027544e-04   5.9893567e-03  -7.6770384e-02  -5.4420855e-01   6.6361717e-01  -6.0902765e-02   8.1654087e-02   7.3132693e-02   1.0071994e-01  -1.3805152e-01   5.8892913e-02   6.9892371e-01   8.2620637e-01   5.3743058e-02   2.6738544e-01  -2.2189015e-01   1.7564544e-01   8.6225690e-02  -3.5277552e-01  -3.9024178e-01  -2.6379394e-01  -1.7785029e-01   7.2933517e-01  -3.7067764e-02   5.9827164e-01  -6.6735188e-02  -3.1577233e-01   5.0074267e-01   7.6541703e-01  -4.2858000e-03   4.4958643e-01   2.2828709e-01  -4.0504433e-01   1.6126794e-01  -4.0147544e-01   3.0973270e-01   2.0304569e-01  -8.5623647e-02  -1.1184588e-01   4.2938532e-01   7.8969051e-01  -2.9870418e-01  -3.2692791e-01   4.7444045e-01   1.6088242e-01  -4.2675144e-01   9.8790945e-02  -2.0377758e-01   2.4317485e-01
  -1.5973978e-01   0.0000000e+00   1.9115988e-01   2.3745714e-01   4.2406247e-02   3.0560249e-01   1.8992254e-01  -1.0029352e-01   9.8775343e-02   2.2398250e-03   1.4370662e-02   4.8609569e-01  -1.3644469e-01  -2.1681212e-02  -4.4725575e-02  -2.0047734e-02   9.6735289e-02   3.8224063e-02   8.4741143e-02   1.0301848e-01  -1.3817353e-01   2.4946232e-01   7.4041944e-02  -2.8862349e-01   2.1633658e-01  -2.1713042e-01   2.3361980e-01  -5.7013482e-02   1.6655240e-01   3.7583130e-01  -1.7205143e-01   3.1061709e-02  -1.2405077e-01   9.4439622e-02   1.0151096e-01  -7.8740037e-02  -1.9452464e-02   3.7245563e-02   7.9226066e-03   1.5959495e-01  -1.4936699e-01   4.1703785e-02   1.5994956e-01  -2.0785921e-02   4.1561613e-02  -1.7922779e-01   9.4831084e-03   3.5563825e-01  -5.4346302e-02   1.2274741e-01   5.2591322e-02  -1.9279780e-01   1.4684377e-02   2.3887869e-02   8.1403479e-02  -9.2924744e-02   7.7765495e-02   1.6864100e-02   1.2350468e-01   2.8339289e-01  -2.4124550e-01   3.3303902e-02   3.9714729e-01   4.2398769e-02   1.5966790e-01   9.7074397e-02   3.1397013e-01  -3.7421730e-02  -4.4784799e-02   7.3497186e-02   1.3219182e-01   6.9130128e-02  -1.1952725e-01  -1.9726437e-01   1.1824812e-01  -2.9511402e-01  -1.8335878e-01  -1.8522543e-01   1.5861037e-01   5.9424790e-02   3.0232245e-02  -1.2690087e-01  -1.2000125e-01  -6.3885895e-02   1.2264494e-01  -2.4539406e-01   1.3152071e-01  -3.5901284e-01   1.6847393e-02  -1.7463922e-01   3.3266996e-02  -1.6465650e-01   6.2330708e-02   4.4435680e-02  -1.9895800e-01   1.1567216e-01   1.3238764e-01  -2.6662958e-01   8.5922305e-02  -1.0602493e-01  -4.1327740e-02   6.2268979e-02   2.2959884e-01   4.8372514e-01   8.4615633e-02   1.0057571e-01   3.8324973e-02  -2.2693648e-01   7.7839678e-05   1.2606900e-01   3.3108202e-02   5.2699805e-02   5.3502126e-02  -1.6056614e-01   5.6863824e-03   1.4488426e-02  -1.7425950e-01  -1.9152669e-01   9.9415151e-02   2.8445063e-01  -3.0452631e-01   1.3973079e-01   3.7256496e-01   1.6097093e-01  -8.9105033e-02  -1.0126631e-01   2.9803342e-01  -8.6124410e-02   1.4878431e-01   2.5057245e-01  -2.1881022e-02   3.8834427e-02  -1.7834654e-02  -3.2673037e-02   3.0127422e-01  -1.8541386e-01   1.0123389e-01   7.1620925e-02  -2.6761449e-01  -3.6047907e-02  -1.8208244e-01   6.9273134e-02  -2.3650547e-01   3.5269676e-01   1.3173187e-01   2.1037141e-01   2.1360231e-01   1.4893458e-01  -2.5881590e-02  -1.3123123e-01  -1.3569492e-01   1.0194887e-01  -1.3040721e-01   1.6918850e-01   2.8918371e-01   3.0560702e-02  -1.5750572e-01   7.0957091e-02  -1.3920258e-01   1.6658566e-01   2.3695449e-01  -2.3350138e-01  -1.4250355e-01   1.7961309e-01   1.0997677e-01  -1.2531819e-02  -2.9438163e-02  -1.7675932e-01  -1.2227298e-01  -1.3824226e-01   1.1206863e-01  -9.1136049e-02   2.7297135e-02   4.3010457e-01   1.6018671e-01   6.1189378e-02   1.4565543e-01
  -2.5336687e-02   1.9115988e-01   0.0000000e+00  -3.9274114e-02   4.5413788e-01   2.1041193e-01  -1.8730004e-01  -3.8682676e-01   8.3407881e-02   8.3874988e-02  -6.6042263e-02   2.6859358e-01   2.7931884e-02  -4.4290966e-01  -4.0754279e-01   2.6168037e-01   8.8409294e-01  -3.6161577e-02  -2.5370029e-01   4.8882701e-01  -4.6094665e-01  -1.9113907e-02  -3.4537964e-01  -6.9397316e-02   1.7245939e-01  -1.5712478e-01   4.4587080e-01  -1.8781128e-01   9.7767735e-02   1.1058361e-02  -3.9397596e-01  -7.4538005e-02   1.7340665e-01   1.3814642e-02  -3.5246865e-01   1.9398753e-01   8.0045656e-02  -7.9533312e-04   1.6557355e-01   4.3108016e-01   3.8325287e-02   3.6807388e-01  -3.4692859e-02  -1.0581387e-01  -2.2528321e-01   1.8116250e-01   1.3258469e-01  -4.0766292e-01  -1.2406179e-01   6.7310365e-01  -9.0872497e-02  -3.4373494e-01  -2.0934442e-01   4.6085311e-01  -3.3180928e-01  -6.5103896e-03   7.1355644e-02  -9.1379395e-02  -2.0213674e-01   2.2536728e-02   3.4126623e-01  -9.1074916e-02   3.3956399e-01  -2.1398641e-01   3.2664203e-02   1.5401591e-01   1.2686973e-01   1.9173763e-01   1.6427055e-01   4.4415083e-01   3.0455832e-01   1.3700143e-01  -3.9616361e-02   1.0159724e-01   3.1109744e-01  -2.2341365e-01   1.0116612e-01   6.3038250e-02   1.3796451e-01  -2.3982348e-03  -3.6027649e-01   3.0041305e-02  -8.9662236e-02  -2.8044763e-01   1.0310379e-01  -2.3120679e-01  -4.8719359e-01  -2.7796785e-01   3.3469885e-01   2.3200501e-03   1.8348969e-01   5.9084877e-01   4.9723157e-01   9.5367490e-02  -1.1494675e-02   5.0359511e-01  -4.9505694e-02  -3.5057566e-01   6.7012667e-02  -3.1228848e-01  -2.1883637e-01  -3.5306681e-01  -2.9460516e-01  -3.8253930e-01   3.4129533e-02   9.0942019e-02   4.6716156e-01  -1.4792044e-01  -3.0207665e-01   2.5638372e-01   2.0373180e-01  -5.7517633e-02   1.8303707e-01  -7.0945081e-02  -1.6050523e-01   6.2525637e-02   8.0691911e-02   6.5116442e-02  -1.4975929e-01   4.3323069e-02  -1.8355678e-02   2.1878290e-01   3.5628722e-01  -2.5309718e-02   4.4084741e-02  -1.0025306e-01   7.3534330e-03   2.5893645e-01  -6.0669381e-02   6.9472354e-01   1.9957214e-01  -3.3101872e-01   6.6224856e-02  -3.6081999e-01   1.0894199e-01  -3.3296552e-01   2.4280537e-01  -1.1284933e-01  -2.7026687e-01  -1.8621243e-01  -4.2690542e-02   3.7725626e-01  -2.5405155e-01   4.1683616e-01  -3.4610312e-01  -4.0055847e-01   1.8413764e-01   2.4419533e-01   2.0262860e-01  -5.4688213e-01   1.1161067e-02  -4.3062240e-01   2.3420507e-01   5.1145635e-02   5.0083858e-01  -8.3054982e-04  -3.3206808e-02  -8.6708713e-02   4.3767469e-01  -7.2820094e-02   2.5791096e-01  -8.1423043e-02   1.2258871e-02   1.9972120e-02   2.5785188e-01   1.0470428e-01   7.5384329e-02  -1.5429593e-01   1.8233035e-01   3.9945854e-01   1.1996727e-01  -6.5182193e-02  -7.9563344e-02   3.5077953e-01  -8.2980761e-03   3.5142981e-01   2.7084347e-01
   1.2727239e-01   2.3745714e-01  -3.9274114e-02   0.0000000e+00  -4.6812741e-03   1.0476220e-01   6.1387329e-02  -1.8588105e-01  -2.8688367e-01  -7.4002051e-03   1.1753307e-01  -9.9711408e-02   2.4776645e-01  -4.7597280e-03  -2.8424460e-02   3.0358274e-01  -9.1319092e-02   6.4043040e-01  -1.8171267e-01   3.6938382e-02   4.7409132e-03   5.2149135e-01   2.6756876e-01  -6.3115602e-02   1.7754231e-01  -1.2135071e-01   1.3477085e-01  -2.7421631e-01   8.8622684e-03   5.6073871e-01   1.2303585e-02   6.3750409e-01   1.7630319e-01   1.0389395e-01  -1.3790373e-01   2.5500082e-02  -4.1212916e-03  -5.7879323e-03   3.9599211e-01  -2.8414047e-01   2.5023578e-01   2.3707125e-01   1.2497481e-01   1.6639791e-01   3.6610965e-01  -5.7243543e-02   4.0749195e-01   5.2948877e-02   3.9256920e-01  -3.2479418e-01   5.8941887e-01  -3.0733789e-01  -3.1783722e-01   2.1896708e-01   1.5649712e-01   1.8114693e-01  -5.9587957e-02   3.6092663e-01   6.0778891e-01  -2.1563473e-02   4.0830087e-02   3.2764212e-01   1.9249936e-01  -3.2483659e-01   1.1235636e-01  -2.6627009e-01   3.6420332e-01   3.8013103e-01   4.0878712e-01  -8.2055729e-02  -2.8528496e-01   6.6555635e-01   2.5771832e-01   1.3013116e-01   2.5565655e-01   1.3837284e-01  -2.2565789e-01  -1.5285472e-01  -1.5562869e-01   4.6007709e-01  -2.3412484e-01   4.1575210e-01  -1.2502193e-01   8.9269274e-02   2.4642131e-01   2.0915746e-01  -5.4626938e-02  -2.6143699e-01   1.2896164e-01  -2.4247677e-02  -2.2915097e-01  -1.9406042e-02  -2.3452609e-01   4.4668631e-02   1.5990057e-01  -1.0736940e-01   2.0111625e-01  -4.0806704e-01   4.1316441e-01  -5.6654812e-02  -1.5013658e-01   1.9719813e-01   5.3407464e-01   2.9244379e-01   5.5945674e-01   6.4354847e-01   1.6911684e-01  -2.0284870e-01   9.7831767e-02   1.8435425e-01  -2.6645271e-01   4.8123470e-01   5.3909205e-01   6.5856663e-02  -3.4028842e-01  -2.0750979e-01  -1.2098017e-01   3.2309895e-01  -1.7914225e-01   8.4429166e-01   5.7697669e-02  -1.8137277e-01   7.3835431e-02  -1.2706213e-01   1.2175955e-01   1.7247831e-02   2.5377917e-01   2.2640914e-01   5.4754123e-01  -1.9002813e-01   2.8389736e-01  -1.1016692e-01   1.9056102e-01   1.2347573e-01   3.1832579e-01  -1.0850967e-01   4.0158646e-01  -2.3771640e-01  -5.8105312e-02   2.6873907e-01   2.1273879e-01   1.2494650e-01   9.1711828e-02  -2.3057828e-01   5.6022658e-02   3.3500135e-01  -3.5731935e-01  -1.8350027e-01   1.3685353e-01  -8.2338287e-04   7.8654277e-02   9.8055980e-02   4.9934083e-02  -3.1700067e-01  -3.3290205e-01   1.8630702e-01   1.0842798e-01   5.5274954e-01   1.3070008e-02   3.0595723e-01  -1.4138880e-01   2.9721452e-02  -1.8292105e-01   5.0852298e-01   5.5841365e-01  -3.3980574e-01  -1.2534841e-01   1.0703050e-01   3.1768287e-01  -1.6892283e-01  -3.2994755e-01   4.3433277e-02   4.8547246e-01  -1.1492510e-01   2.4924868e-01   7.9583935e-02   5.7998815e-01
  -8.5124229e-02   4.2406247e-02   4.5413788e-01  -4.6812741e-03   0.0000000e+00  -1.3825462e-01  -2.3507943e-01  -2.9710770e-01   3.9005261e-01   1.3224640e-01   1.2320294e-02   1.7003723e-01   7.7489654e-02  -5.0569642e-01  -5.3214266e-01   4.4138822e-01   5.7932992e-01  -1.6213053e-01   2.4032775e-02   8.4834938e-01  -4.1532160e-01  -1.6816358e-01  -4.5535270e-01  -1.2299848e-01  -3.3230124e-02  -5.2743423e-02   5.5236530e-01  -3.1708954e-01   8.0031147e-02  -1.7338064e-01  -4.7531621e-01  -1.7022477e-02   2.5269915e-01  -1.0831717e-01  -2.8826211e-01   6.7211423e-01   3.2232768e-01   1.0763608e-02   3.8376225e-01   1.3722759e-01   2.2198063e-01   2.4237304e-01   6.8044653e-03  -2.3920105e-01   1.6491838e-01  -9.2374100e-02   2.9112992e-01  -2.8427203e-01  -7.2623946e-02   5.5140392e-01  -1.1958926e-01  -3.7352762e-02  -4.1803437e-02   3.6416458e-01  -3.0730289e-01  -2.0057471e-01  -9.9433683e-02  -7.0023279e-02  -1.4869877e-01   1.8648716e-01   3.4963436e-02  -1.6875561e-02   4.3704531e-01  -1.3309238e-01   3.3871053e-01   9.5194701e-02  -9.7720042e-02   3.1524489e-01   2.1957973e-01  -8.4003172e-02   3.5196472e-01   3.0835848e-01   1.6183412e-01  -1.4694959e-01   1.5803481e-01  -2.8436814e-01  -1.0298546e-01   1.5319751e-01   7.0391330e-01   1.4850873e-01  -3.5439206e-01   2.0240231e-01  -3.2166987e-01  -3.3222589e-01  -1.9647783e-01  -2.9401778e-01  -5.1481574e-01  -7.7079703e-02   4.0215194e-01  -2.3762119e-01   6.2180981e-01   1.8061372e-01   7.2788129e-01   4.5758151e-01   1.0388273e-02   8.0145781e-01   1.3714991e-01  -7.8094054e-02   3.7082086e-01  -2.7986611e-01  -4.9866381e-01  -3.7049001e-01  -3.5918471e-01  -2.8368618e-01   6.3844045e-02  -3.7409659e-02   3.6724346e-01   7.4946800e-02  -4.6472353e-01   2.6913981e-01  -2.9333785e-02  -1.5589881e-01   2.0818218e-01  -1.3596935e-01  -3.7524034e-01   3.7948532e-01  -1.9644542e-02   2.5066350e-01  -4.1296565e-01  -2.2575206e-02  -1.0752688e-01   7.4250596e-01   2.7271945e-01   1.4497070e-01  -5.9950982e-02  -2.6417274e-01   2.3248633e-01   3.5807970e-01  -1.5299885e-01   1.9450327e-01   4.6511226e-01  -1.0499124e-01  -5.7078228e-02  -4.2932263e-01   2.2145794e-01  -2.9325002e-01   2.7059212e-01  -2.5453820e-01  -3.2393625e-01  -1.2888779e-01  -3.0918110e-02   3.8595764e-01  -2.3708684e-01   2.4390297e-01  -4.2908745e-01  -4.8469970e-01  -4.4288680e-02   4.9265606e-01   2.6352988e-01  -4.5410113e-01  -2.1464878e-01  -5.1404147e-01  -1.7551256e-02   2.6793482e-01   4.7946591e-01  -3.9931243e-02  -8.1304422e-02  -5.3018721e-02   1.4396376e-01  -6.7554818e-02   5.3112708e-01  -1.2896210e-01   5.5017090e-02   5.5086510e-03   1.6589277e-01   4.9351205e-01   4.8124796e-01  -1.4708195e-01   6.1596655e-02   4.1742707e-01   5.2859824e-01   5.9448052e-03   1.2109357e-01   1.2381512e-02  -4.3531409e-02   4.0610355e-01   1.7232970e-01
  -1.8780042e-01   3.0560249e-01   2.1041193e-01   1.0476220e-01  -1.3825462e-01   0.0000000e+00   4.7181414e-01  -1.8486800e-02  -2.5279732e-01   1.0277719e-01   4.2407178e-01   1.6482073e-01  -2.1746999e-02  -2.7045935e-01   7.7514663e-02  -2.4193921e-01  -7.6076180e-02   1.3050910e-01   1.0978077e-01   1.2359099e-01  -8.0843923e-02   3.0180146e-03   3.1035918e-01  -1.6146239e-01   1.7436305e-01   1.1592092e-02   3.2009808e-01   5.7192450e-02  -1.1082270e-01   2.8199435e-01  -1.4283604e-01  -2.5546813e-02  -2.9872473e-01   5.2585495e-01  -2.3037464e-01  -9.8455774e-02   9.2950025e-02  -2.9918643e-02  -3.1243041e-01  -1.5166894e-02  -5.2747209e-02  -1.0685372e-01   1.8077872e-01   3.6288724e-01  -3.4256063e-02  -4.3770815e-02   3.6036603e-01   3.1399641e-01  -1.4589579e-01  -7.2608559e-02   2.3758903e-01  -2.6616122e-01  -2.4500081e-01  -4.4311955e-02   1.0899126e-02   4.2248926e-01   5.9388616e-01  -1.4211113e-01   1.2541842e-01  -1.3291054e-01  -1.7184662e-01  -1.8992487e-01   1.0844011e-01   6.1887018e-02  -1.7109235e-02  -6.4037642e-02   6.6665203e-01  -2.7700963e-01   2.4706146e-01   2.7338718e-01  -3.7037635e-01   1.3430757e-02  -1.7143296e-01  -3.8300307e-02  -2.7458287e-01  -2.0606810e-01  -1.4719292e-01   2.6398782e-02  -1.9832608e-01  -1.5397306e-01   4.5427127e-02  -8.2037553e-02   4.8981311e-02   6.2102380e-02   2.7567455e-01  -4.2740569e-02  -1.3574530e-01  -3.5788835e-01  -3.9599304e-01  -4.5485287e-02  -3.4250219e-01  -6.0830346e-02  -4.4322885e-02  -3.1348506e-01  -2.4755552e-01  -3.0606865e-01  -5.1556438e-02  -3.3751019e-01  -3.1795424e-01  -1.6921314e-02  -1.0578943e-01   4.2995338e-01   2.7912199e-01   2.2646461e-01   1.9873034e-01  -1.4916037e-01  -4.0921257e-02  -1.2457205e-01   2.3573367e-01   5.7540879e-01   2.5783885e-01   1.8367579e-01  -2.3494972e-01  -1.5706067e-01   8.0497577e-02  -4.6862727e-01   6.0104014e-02  -9.9936759e-02   2.5702336e-01   1.4266439e-01  -1.4429663e-01  -1.4812165e-01  -7.9833640e-02  -2.4467237e-01  -3.9057570e-01  -2.0619057e-01   9.2069561e-02  -3.1445307e-01   7.7241586e-02   3.5382864e-01  -1.9343487e-01  -1.5145929e-01  -6.8222572e-02   1.2350184e-02   8.7776431e-02  -1.2751093e-01  -2.5896052e-01  -7.6138716e-02  -4.6694531e-02  -1.7303962e-01  -2.8947147e-01   1.7790907e-01   2.1512206e-01   4.3323530e-01   1.3851876e-01   2.1079156e-01   2.8168148e-02   1.9749728e-01   4.7952784e-01  -1.6543495e-01   1.4204709e-01   1.7406062e-01   6.7812925e-02   8.6982159e-02  -2.2467119e-01  -1.5453620e-01  -9.3011898e-02   1.2856002e-01  -8.3183138e-02   3.5494076e-01   9.7408746e-03   2.4961079e-01  -1.9141271e-01   3.0769368e-01  -1.2139094e-01  -3.4816917e-01   6.1594118e-02   3.4935963e-02  -1.4435699e-01  -1.4925475e-01  -1.0423780e-01   5.1608674e-02  -1.5582083e-01   5.1672080e-01   1.0341903e-02   7.4238872e-03  -9.6940223e-02
  -2.7547798e-01   1.8992254e-01  -1.8730004e-01   6.1387329e-02  -2.3507943e-01   4.7181414e-01   0.0000000e+00  -2.6011540e-01  -2.1456813e-01   3.7736023e-01   1.1069936e-01   2.5698863e-01   7.3457717e-02  -1.2596343e-01   3.9531147e-01  -2.4081871e-01  -3.4886019e-01   1.5406412e-01  -1.4656231e-02   8.6799724e-02   1.8237337e-02   1.0811525e-01   4.1631464e-01  -3.6598986e-01  -2.3773171e-02  -2.1073085e-01   2.5530303e-01  -1.1309867e-01   2.3831576e-02   2.9699456e-01  -1.1026619e-01  -1.7669621e-02  -3.3380883e-01   7.0277904e-01   3.1954209e-01  -4.7410750e-02  -1.4277276e-02   5.2055533e-03  -4.0175855e-01   4.1662935e-02  -1.5981578e-02  -2.0341255e-01   6.4536000e-01   3.4602872e-02   1.8442481e-01  -9.7345367e-02   1.5085147e-01   6.7762880e-01  -3.8265898e-01  -3.1785874e-01   2.9555384e-01  -2.9418594e-01   7.0290507e-02  -2.0289995e-01  -1.3293138e-01  -6.1711625e-02   1.5479947e-01   2.6516974e-02  -3.0308712e-02   1.9622960e-01  -2.7445401e-01  -1.4051917e-01  -1.1822058e-01   1.0540331e-01  -1.4182475e-01   1.8883573e-01   2.7787050e-01  -1.9267367e-01  -6.6993266e-02   6.1468230e-02  -2.8495305e-01   1.4625051e-01  -1.2724780e-01  -1.8688443e-01  -4.0481654e-01  -7.0567809e-02  -2.2500854e-01  -6.1064583e-02  -1.9688140e-01  -2.5133297e-01   2.7458336e-01  -5.5282823e-03  -1.2603735e-01  -1.4135586e-01  -6.2131207e-02   1.8592344e-02   2.0479593e-01  -1.7424536e-01  -5.1023592e-01  -2.5483813e-01  -4.9783284e-01  -3.7309902e-01  -1.2327075e-01  -3.4017606e-02  -1.6078279e-01  -4.2660440e-01  -7.1386127e-02  -3.1386733e-01  -1.9873268e-01   5.7666023e-01  -1.7519764e-01   5.4381333e-01   1.0904123e-01   4.2734099e-01   1.2546588e-01  -3.0843261e-02  -2.9983816e-01  -3.0683083e-01   5.7969517e-01   2.6224951e-01   4.1367077e-01   4.7456604e-02  -1.8638294e-01  -1.7515868e-01   3.4077036e-01  -6.5302877e-01  -4.2348071e-01   3.6053837e-04   7.8243368e-02   8.9733664e-02  -2.6777438e-01  -2.0458263e-01  -5.5380077e-02  -4.0326612e-01  -3.2059651e-01  -3.1922271e-01   3.2726005e-02  -2.4761203e-01   1.4446043e-01   8.5701874e-02  -2.1821768e-01   3.2870297e-01  -2.4811697e-01   4.1264257e-03   1.9182039e-01  -1.5948065e-01  -3.0719554e-01   9.0775833e-02  -9.7212323e-02  -1.6381812e-01  -2.3870077e-01  -6.1177766e-02  -7.8009937e-02   2.5542878e-01   3.4487314e-01   1.3147131e-01   4.0064984e-01   1.2058855e-01   4.8445784e-01   1.5054838e-01  -1.3503195e-01   6.6128137e-02  -3.0129286e-01  -1.5635836e-01  -2.3217384e-01  -1.5202565e-01  -1.9216844e-01   3.0812431e-02  -2.0337713e-01   2.6182012e-02   5.8804944e-02  -1.5884253e-01  -8.3536873e-02   1.2208351e-01  -1.6412901e-02  -3.5026832e-01   1.4776195e-01  -1.8816793e-01  -3.0258216e-01  -3.6356625e-01   9.9847177e-03   2.3247362e-02   7.2903823e-02   1.6544853e-01  -2.0662841e-01  -3.0041388e-01  -2.1700114e-02
   6.6695155e-02  -1.0029352e-01  -3.8682676e-01  -1.8588105e-01  -2.9710770e-01  -1.8486800e-02  -2.6011540e-01   0.0000000e+00  -7.6035766e-02  -3.7681206e-01  -4.4008539e-02  -1.6644905e-01  -5.7765533e-02   2.5857201e-01   1.3561318e-01  -4.0665825e-01  -3.3834543e-01  -3.9490294e-01   2.1114581e-01  -4.0604464e-01   2.1513051e-01  -1.2662977e-02   1.4036228e-02   2.8955465e-01  -6.7119811e-02   5.4691124e-01  -5.1350560e-01   4.5741027e-01  -1.6294364e-02  -2.3485696e-01   2.5108657e-01  -2.1751800e-01  -3.3507781e-01  -4.0585949e-01   4.8495802e-02  -2.9131217e-01  -1.8917637e-01   1.4346534e-02  -3.8481380e-01  -1.5803267e-01  -4.4134427e-02  -3.4957346e-01  -4.8296454e-01   4.9113807e-02  -2.7454669e-01  -2.2585315e-04  -3.5180841e-01  -1.1859069e-01   6.5711511e-03  -1.0550480e-01  -3.1657740e-01   6.9166306e-01  -3.6901172e-02  -2.6589099e-01   1.7765481e-01   1.0010595e-01   3.3206761e-01   2.6437019e-02  -1.4648028e-02  -2.0617610e-01  -1.6456231e-01  -2.0352478e-01  -2.7277471e-01   1.0810453e-01  -6.4281225e-02  -1.1746799e-01  -1.7722454e-01  -5.5858702e-01  -2.3663040e-01  -1.1393428e-01  -7.1256612e-02  -5.3285287e-01  -2.2428095e-01  -8.0028236e-02  -1.6482044e-01   1.3935002e-01   3.1577856e-01   1.8508936e-02  -1.1932936e-01  -2.0082936e-01   3.0776758e-01  -3.9048272e-01   7.9339634e-02   4.1046128e-01  -2.7973521e-02   1.2574886e-01   7.7296739e-02   2.5207138e-01  -2.5976753e-01   1.8680657e-01   9.9233629e-02  -1.5699991e-01  -2.2072811e-01  -2.6190109e-01  -4.0483318e-02  -2.0504867e-01  -1.0060560e-01   5.9737669e-01  -4.4829363e-01  -1.6888804e-01   3.0841980e-01   7.2979855e-02   1.0222981e-01   4.2745393e-02  -3.0661450e-01  -3.1985682e-01  -2.7256025e-01   5.1309672e-01  -1.4673444e-01  -3.7262648e-01  -1.8247692e-01   4.5149957e-02  -4.5516364e-01   1.3736934e-01   1.7962704e-01   1.5541729e-01   1.1256126e-01  -1.9997260e-01   2.5748536e-01  -2.2095143e-01   1.4071868e-01  -1.3485244e-01  -2.8410980e-01   1.5950252e-01   2.7500061e-02   1.4940958e-01  -8.0505739e-02  -2.9136512e-01  -1.0821672e-01  -2.8322854e-01  -3.2860675e-01  -1.7951958e-01  -1.2379472e-02   1.4181276e-01  -3.5412648e-01   7.6134724e-01  -2.9275756e-01   1.4355134e-01   5.3823009e-01   8.7131194e-02  -1.2481223e-02  -2.9588412e-01   3.0768322e-01  -7.9193812e-02   1.2100176e-01   2.2324896e-02  -1.0701260e-01  -2.9288547e-01  -4.4149100e-01   2.0483160e-01   1.5873515e-01   3.6391710e-01   1.0571562e-01   8.7790514e-02  -1.4489587e-01   4.0807837e-02   1.6909190e-01  -1.7394626e-02  -1.9161675e-01   1.6449775e-01  -9.2518993e-02   3.4630954e-01  -5.5501855e-02  -2.4909455e-01  -3.2770228e-01   8.6185666e-02  -1.2309584e-01   2.1539879e-01  -1.7707666e-01  -1.2192961e-01  -8.6104883e-02   7.8243674e-02  -4.8597962e-01  -3.0491854e-02   1.0521749e-01  -5.7933756e-02  -3.0084519e-01
  -1.9507150e-01   9.8775343e-02   8.3407881e-02  -2.8688367e-01   3.9005261e-01  -2.5279732e-01  -2.1456813e-01  -7.6035766e-02   0.0000000e+00   1.8449829e-01   1.2696725e-02   9.2816696e-02  -2.0068895e-01  -2.8613320e-01  -4.7518251e-01   1.6812156e-01   1.9204508e-01  -2.7132645e-01   8.7386849e-02   2.3776902e-01  -1.7424405e-01  -4.2159035e-01  -4.8648757e-01  -2.2109418e-01  -1.9227291e-01  -1.0276316e-01   2.0542707e-01  -2.4214078e-01   1.9306221e-01  -2.4766861e-01  -4.1702648e-01  -1.8979322e-01   1.4029115e-01  -8.5661544e-02   6.7500644e-02   4.4355054e-01   3.7925876e-01  -3.7069090e-01   1.8087652e-01   1.0841836e-01  -1.0195288e-01  -1.6291256e-02   2.7338804e-01  -1.7646965e-01   2.4133589e-01  -1.4838403e-01   6.6567527e-02   7.9128887e-02  -1.3806912e-01   2.8091009e-01  -3.1381020e-01   6.7315636e-02   3.7188401e-01  -4.4455150e-02  -3.8584683e-02  -3.1308335e-01  -3.8158734e-01  -1.5728533e-01  -9.3456200e-03   4.3279268e-01  -3.7886540e-02   6.5676756e-02   3.9063691e-01   3.0459886e-01   5.1694179e-01   2.3959611e-01  -2.3567752e-01   1.8554090e-01  -1.8847234e-01  -1.5505620e-01   4.3159936e-01  -5.2600627e-02   1.5350812e-01  -2.3804970e-01   1.0977450e-01  -3.3431604e-01  -1.7816174e-01   1.4487040e-01   7.0205628e-01   1.0983618e-02  -3.2699604e-01  -1.5518048e-02  -2.5818840e-01  -1.0349448e-01  -3.0746309e-01  -2.7697482e-01   2.2395969e-02  -7.7238057e-02   3.1766629e-01  -2.5319793e-01   6.5294605e-01   4.1061998e-02   3.7665429e-01   6.3478083e-01  -3.3892315e-01   4.0581416e-01   1.5137929e-01   1.3878499e-01   2.8333685e-01   1.1051699e-01  -3.7714968e-01  -4.0478956e-01  -4.0740122e-01   6.6545570e-02  -1.5898567e-01  -2.0862836e-01  -1.2421915e-02  -1.0836485e-02  -3.4476357e-01   1.3408542e-01  -1.3269089e-01  -4.6303543e-01   4.1073775e-02  -2.6930842e-01  -3.7338529e-01   5.3896477e-01   7.6713475e-02  -1.0108926e-02  -4.1052775e-01  -3.5796587e-01  -9.0616141e-02   6.2837948e-01   3.4184562e-01   2.9876236e-01  -2.3083968e-01  -2.2057744e-01  -1.3307654e-01   7.7626022e-02  -8.6904136e-02  -6.5762838e-02   1.0580035e-01   1.8441739e-01  -1.6671040e-01  -4.2098490e-01   3.3424732e-01  -8.8211813e-02   6.3543281e-02  -8.7618152e-02  -2.0904403e-01  -2.6161880e-01  -1.3377943e-01   2.4333446e-02  -1.8611611e-01  -2.1648453e-02  -5.4378729e-01  -2.1771072e-01   2.0904823e-02   5.3954776e-01   8.4383771e-02  -1.8786279e-01  -3.0598567e-01  -4.1790557e-01  -1.3783269e-01   6.7311650e-01   4.1960509e-01  -2.6403474e-01  -2.7105916e-01  -1.1389826e-01  -5.2994456e-02  -3.6585438e-01   4.7741732e-01  -2.2291985e-01   1.8005993e-01   4.2128836e-02  -2.0397666e-01   5.6834374e-01   3.3396994e-01  -1.1634064e-01  -8.7315080e-02   2.2407463e-01   6.5176873e-01  -3.8584080e-01   1.3971970e-01  -3.6089784e-02  -2.2446335e-02  -1.7368526e-02  -2.2232205e-01
  -4.1537258e-01   2.2398250e-03   8.3874988e-02  -7.4002051e-03   1.3224640e-01   1.0277719e-01   3.7736023e-01  -3.7681206e-01   1.8449829e-01   0.0000000e+00   5.0344117e-02  -9.1769475e-02   2.7148593e-02  -4.1532655e-01   6.4138966e-03   7.0186533e-02   3.2466542e-02   1.1094061e-01  -2.9136800e-01   2.9435324e-01  -1.0912164e-01  -5.0587796e-02   1.9871275e-01  -3.6691745e-01  -1.4367950e-01  -1.9426490e-01   3.6575122e-01  -2.6115204e-01  -9.1113420e-02  -4.4142901e-02  -2.4620499e-01   1.6387829e-02  -1.7431895e-01   4.6595045e-01   6.1441917e-02   3.9659088e-01   2.5904221e-01  -3.4903280e-02  -6.8856445e-02   2.3195277e-01  -1.9076450e-03  -1.6150835e-01   4.6781089e-01  -1.2262125e-01   2.3950994e-01  -2.1766149e-01   2.4405253e-01   2.3743588e-01  -1.6671213e-01   1.0563260e-01   2.4523581e-01  -1.5988550e-01   1.3946986e-01  -9.4117713e-02  -3.2653820e-01  -2.2069842e-01  -1.4170988e-01   1.5993224e-01  -3.0564380e-02   1.6221196e-01  -1.6128559e-01   2.3113474e-02   9.9644950e-03   3.5937151e-03   2.6316331e-02   3.1789094e-01  -1.9229504e-02  -6.8559422e-02  -2.2546292e-02  -1.2082101e-01  -8.3404986e-03   1.7382320e-01   4.4525857e-02  -2.6519350e-01  -2.3114355e-01  -2.1570856e-01  -1.6866486e-01   1.5015043e-01   4.5959377e-02  -1.4399767e-01  -1.4930715e-01   1.2726008e-01  -8.9296575e-02  -1.1724169e-01  -3.3085171e-01   4.3006688e-02  -5.5929255e-02  -1.5488409e-01  -1.8140125e-01  -4.0553165e-01  -1.1424009e-01  -1.5290947e-01   6.9010440e-02   1.8785776e-01  -6.2129634e-02   1.0015480e-01  -5.1629107e-02  -2.7852444e-01  -7.0069896e-02   4.4148024e-01  -4.1695381e-01   6.2864290e-02  -2.5220147e-01   8.9446161e-03  -6.3734177e-03  -3.4455824e-02  -1.3100801e-01  -2.6233909e-01   6.7647438e-02   2.8707191e-01   1.9465880e-01  -8.3595007e-02  -8.3695823e-02  -4.2593736e-01  -1.9721165e-02  -1.7675456e-01  -2.2155827e-01   8.4339732e-02  -1.4375278e-01  -1.5741704e-02  -1.9766678e-01   1.3929149e-01   9.8512180e-02  -1.9353088e-01  -2.6731457e-01  -4.0345776e-01  -2.7515925e-01  -1.0811828e-01   1.8359108e-01   1.3848315e-01   6.3540760e-02   2.1249705e-01  -4.0484219e-01  -1.6054212e-01   1.9926498e-01  -2.3059521e-01  -2.0984985e-01   1.8048786e-01  -3.3399533e-02  -2.4082721e-01  -3.1288323e-01   2.6865495e-01  -9.7251518e-02   8.0096880e-03  -1.2634418e-01  -1.7235705e-01   2.2083235e-01   2.9176873e-01   5.6583573e-01  -1.1407319e-01  -3.5571792e-01  -3.1803194e-01  -3.1051677e-01  -3.0577382e-02   1.7544299e-01  -1.8130142e-01  -2.3671714e-01  -3.0259162e-02  -1.5290499e-01  -3.0874959e-01   7.8743074e-02  -1.0304801e-01   2.6944233e-01   1.0964247e-01   6.6551203e-02  -5.9655489e-02  -2.0254467e-02  -1.7199957e-01  -2.9853678e-01   8.0822042e-02   1.5068368e-01  -7.7961681e-02   8.7705992e-02  -7.1143893e-02  -2.5073768e-01  -9.3231595e-02   3.0886980e-02
   9.1115840e-02   1.4370662e-02  -6.6042263e-02   1.1753307e-01   1.2320294e-02   4.2407178e-01   1.1069936e-01  -4.4008539e-02   1.2696725e-02   5.0344117e-02   0.0000000e+00  -1.8061655e-01  -6.5436192e-02  -1.8709094e-01  -2.6817031e-02  -7.1138432e-02  -2.3267238e-01   3.1167328e-01  -3.2270053e-02   1.5716339e-02  -7.9293814e-02  -2.9470433e-01   2.4231196e-01   7.5389902e-02   1.3362233e-01   1.8998817e-02   5.4948118e-02   6.4434709e-02  -3.2750692e-01   1.9631721e-01  -1.0907926e-01   2.3118536e-01  -1.5303673e-01   2.7527654e-01  -4.2686390e-01   2.9580735e-01   2.1758646e-01  -2.2514865e-02  -1.9569912e-03  -4.9942451e-01   1.0107567e-02  -2.3741314e-01   2.2446826e-02   3.9610135e-01   1.4641979e-01   1.7203973e-01   7.1176459e-01   1.3841824e-01   6.9638624e-02  -3.4188988e-01   3.9653875e-01  -1.7897078e-01  -2.5675386e-01  -3.1191398e-01   2.5730906e-01   5.6382079e-01   2.5304547e-01  -2.6083494e-01   3.6658223e-01  -2.7053806e-01   1.2225166e-01  -1.7396356e-02  -7.0345754e-02   2.9078986e-01   3.6700006e-01  -3.9005223e-01   2.6030604e-01  -2.4265123e-02   3.2754783e-01   1.3490563e-01  -4.7778519e-01   1.2987759e-01   1.8094441e-01   1.6677742e-01  -2.7338741e-01  -2.0224755e-01   1.0732676e-02   1.2890817e-01   5.6058622e-02  -1.6811554e-02  -1.2431412e-01   2.4306663e-01  -3.6952697e-02   2.0147704e-01   2.7146635e-01  -2.9580792e-02  -2.7423007e-01  -1.5804413e-01  -1.8404183e-01   1.7255137e-01  -7.8935834e-02   7.2747104e-02  -2.1062018e-01  -2.1588828e-01   1.2114353e-01  -2.6051860e-01  -3.1539999e-03  -3.5232220e-01  -9.4094553e-02  -2.2032140e-01  -2.4731972e-01   4.7663152e-01   3.2076893e-01   2.2553932e-01   4.2913389e-01  -9.0041959e-02  -2.3039700e-01  -3.0064419e-01   2.1839554e-03   5.2371685e-01  -1.3408171e-01   3.1879159e-01  -8.8445439e-02   8.4418648e-02  -1.8057501e-01  -2.0762732e-01   1.6290035e-01   7.0404732e-02  -3.1983523e-02   8.3056855e-02   1.6712094e-01   1.0153384e-02  -3.6036186e-01  -2.0958439e-01  -1.5208501e-01  -7.1739390e-02   6.7083029e-02  -2.6247948e-01   1.4353412e-01  -7.5690245e-02   5.8268622e-02  -6.4670733e-02   2.0449761e-01  -2.6594120e-03   1.6035918e-02  -1.1114708e-02  -2.2637998e-01  -2.9645545e-01   8.7650452e-03   5.8985287e-02   9.2689172e-02   4.8690413e-02   4.7076666e-01  -7.8289612e-02  -1.0655014e-01   3.6758439e-01  -4.8565090e-01   3.9889697e-01   4.6484178e-01  -2.4231391e-01   2.9251438e-01   6.1935937e-02   1.3255591e-01   4.1867401e-01  -4.6629707e-01  -1.5508465e-02   1.8913861e-01   1.9140794e-01   1.1408144e-01   3.0678373e-01  -7.9604277e-02   5.0986885e-01  -1.5204394e-01   5.7191152e-01  -1.4280162e-01  -3.1560589e-01   1.2777392e-01   2.5249613e-01   1.7226955e-01  -1.7537355e-01  -1.8760457e-01   1.0501363e-01   1.3747378e-01   3.9623144e-02   2.9090119e-02  -1.9686638e-01  -1.8553246e-01
  -4.0718569e-02   4.8609569e-01   2.6859358e-01  -9.9711408e-02   1.7003723e-01   1.6482073e-01   2.5698863e-01  -1.6644905e-01   9.2816696e-02  -9.1769475e-02  -1.8061655e-01   0.0000000e+00  -1.3998704e-01  -8.1338184e-02  -9.7097101e-02   1.2389131e-01   2.3371787e-01  -1.1032080e-01   2.1183917e-01   3.6788095e-01  -3.0277405e-01   1.0064913e-01  -3.5642516e-01  -1.9789689e-01   9.5910552e-02  -1.2348999e-01   3.1572029e-01  -7.2930026e-02   1.1133495e-01   5.9882991e-02  -3.5534200e-01  -1.7867218e-01   4.0600619e-02   4.1657750e-02   2.9322799e-01  -1.6368603e-01  -1.2133041e-01   1.4058711e-01  -9.2770816e-02   3.9393430e-01  -9.0958546e-02   2.0436327e-01   3.0332708e-01  -2.8341161e-01   3.9223683e-02  -1.9369317e-01  -1.7199692e-01   1.5375994e-01  -4.0966552e-01   3.0529945e-01  -1.8402084e-01  -1.1878079e-01   2.3521269e-02   1.5957830e-01  -7.6929560e-02  -2.6456947e-01   1.3886830e-01  -1.6469885e-01  -2.6353335e-01   5.6755639e-01  -2.2182604e-01  -1.4004427e-01   2.9372753e-01  -5.2058051e-02   4.9086960e-02   4.6551135e-01   2.1908295e-01   1.1698233e-01  -8.4234404e-02   1.6999805e-01   3.4290118e-01   8.5214602e-02  -2.1743539e-01  -4.9467340e-02   1.7724451e-03  -1.0431405e-01  -2.5580420e-01  -1.1113988e-01   1.6935765e-01  -5.9112281e-02   3.7334968e-02  -1.8057522e-01  -2.1232798e-01  -2.2962712e-01   1.4454620e-02  -2.3453339e-01   9.9297406e-02  -1.5718569e-01   6.3966834e-02  -1.2446555e-01  -5.5063354e-02  -1.9589211e-01   4.1087686e-01   2.3982169e-01  -1.2412136e-01   3.3498988e-01  -4.2064927e-02   1.9672936e-03   2.2363960e-01  -5.5904122e-02  -4.7597609e-02  -2.5678470e-02  -1.8973944e-01   1.4455160e-01  -2.0587637e-02   7.8954580e-02   1.6145076e-01   9.1110939e-03  -5.0072726e-02  -1.8694710e-02   4.2670218e-01  -2.0767904e-01   1.2964295e-01  -1.2038373e-01   1.8164572e-01  -6.9448340e-02  -1.3366021e-01  -1.0403215e-01  -1.6695489e-02  -7.7738704e-02  -2.7499563e-01   1.9287300e-01   5.9390679e-01   5.6099827e-02  -7.2739022e-02  -1.6064242e-01   3.4464466e-01  -8.2782652e-02   3.0769539e-02   3.7924583e-01  -1.8817304e-02   3.1809741e-02  -1.3881074e-01  -3.2949756e-01   4.7661799e-01  -2.0439567e-01   9.8064567e-02   4.0270230e-02  -2.9240370e-01   8.5441287e-03  -2.3040288e-02   2.2058053e-01  -3.3578785e-01   6.5564390e-01   1.1863727e-01  -2.0511959e-01   6.5101656e-01   9.2912763e-02  -6.1849805e-03  -2.0073295e-01  -1.2869527e-01  -1.8242339e-01  -1.7357609e-01   1.3815021e-01   4.6579267e-01   1.2565168e-01  -2.4232440e-01  -9.4685873e-02  -2.0106851e-01  -1.0485036e-01   3.5837163e-01  -3.0862615e-01  -5.4491017e-02  -7.1925712e-02   1.1332405e-01   2.0643721e-01   3.3394935e-01  -2.3282627e-01  -9.0779689e-02  -1.1406626e-02   3.5934746e-01   1.5349311e-02   1.2400506e-01   4.1594927e-01   3.9076468e-02   2.9764214e-02   1.6629481e-01
  -2.1953684e-01  -1.3644469e-01   2.7931884e-02   2.4776645e-01   7.7489654e-02  -2.1746999e-02   7.3457717e-02  -5.7765533e-02  -2.0068895e-01   2.7148593e-02  -6.5436192e-02  -1.3998704e-01   0.0000000e+00  -6.7235390e-02   7.2440335e-02   9.3996626e-02   3.1892674e-02   7.3470843e-02  -1.7307586e-01   1.3584405e-01   3.6166503e-02   1.9085637e-01   4.9637769e-02  -1.5272996e-01   4.8157027e-02   9.0271490e-02   1.9541950e-01  -1.1075054e-01   2.4552829e-01  -7.9573816e-03   1.1872033e-01  -5.1487969e-02   1.2056832e-01   1.2798859e-01   5.3264995e-03   1.2566802e-01  -1.3867913e-01  -1.9796960e-01   1.9560323e-01   1.3903180e-01   7.7855083e-01   2.1424761e-01  -1.6036947e-02   8.8272678e-02   7.4864378e-02  -2.2666458e-01   6.6550783e-02  -2.2745816e-02   1.3031348e-01   2.5442646e-02   4.5966178e-02  -1.7959574e-01  -4.8325803e-02   2.1124491e-01  -1.0113127e-01  -1.7078983e-02  -2.1180802e-01   5.3226851e-02   6.5607217e-02  -8.4583610e-02  -1.9391337e-01   2.7454417e-01   1.2997541e-01  -6.0478440e-02  -1.9241278e-01  -2.5406579e-02   6.9202822e-02   9.3499168e-02   2.0469532e-01  -2.1432196e-01  -1.3153952e-01  -1.5791999e-02   3.5174885e-01  -8.6278098e-02   9.6459006e-02   9.5164996e-02  -2.2171239e-01   5.4706109e-02  -6.3345837e-02   2.2184429e-01  -7.4750892e-03   3.2064668e-01   5.3146432e-02  -3.8742088e-02  -1.9467440e-01  -2.3312572e-02  -1.4345820e-01  -5.6432500e-02   7.1010344e-03  -2.8459817e-01  -1.7458434e-01  -1.6051364e-01  -1.9800422e-02  -1.7226447e-01  -1.0793930e-01  -6.9134944e-02   2.7916338e-01  -7.0675446e-02   1.2009915e-01   5.1367343e-02  -1.3796750e-01  -9.1216355e-03   3.2902388e-02  -1.6785286e-02  -1.8189262e-01   6.0226382e-02   5.9850885e-02   3.9388792e-02   4.2251283e-02   2.8394062e-02   1.4833619e-01   1.0309710e-02   8.4241174e-02  -2.8842084e-01   4.3232182e-02  -1.9251159e-01  -1.0135387e-01   6.7411208e-01  -7.7102469e-02   1.5188465e-01  -1.4614505e-01  -1.4948533e-01  -7.2714134e-03  -2.2553221e-01  -2.6153072e-01  -9.3362124e-02  -5.8153915e-02   1.4713466e-01   1.0057623e-02  -4.9166802e-02   4.5170718e-01   6.0950469e-02  -4.9558180e-02   1.0392027e-01  -3.1507823e-02  -1.1975180e-01   1.2411205e-01   8.7865719e-02  -9.9349666e-02  -1.6660894e-01  -4.6589361e-02   4.1489856e-02  -1.4662289e-01  -1.1934126e-01   3.9874532e-03  -1.2057831e-01  -1.0765227e-02  -8.6643175e-02   5.1015170e-02   3.8446997e-02  -1.9959764e-01  -7.8342224e-02  -8.1238518e-02  -3.1747570e-01  -2.5790830e-02  -2.2040296e-01  -2.2202248e-01   2.6276414e-01  -1.4965553e-01   4.6700221e-02   1.0153851e-01  -3.7348210e-02   1.3605257e-01  -1.6474765e-01   1.2759663e-01  -1.9498359e-01  -6.9769222e-02   2.3321655e-02  -7.2843199e-02   7.0417666e-02  -1.4490112e-01  -1.1542062e-01   4.0459467e-02  -2.6703538e-02  -1.5237396e-01   1.3307443e-01   2.0963045e-01
   4.3491363e-01  -2.1681212e-02  -4.4290966e-01  -4.7597280e-03  -5.0569642e-01  -2.7045935e-01  -1.2596343e-01   2.5857201e-01  -2.8613320e-01  -4.1532655e-01  -1.8709094e-01  -8.1338184e-02  -6.7235390e-02   0.0000000e+00   5.2143816e-01  -9.7752977e-02  -4.2704992e-01   7.7224578e-02   8.7076263e-02  -5.6170292e-01   3.6992341e-01   2.5618730e-02   3.0166604e-01   4.4534419e-01  -9.9867969e-02  -9.9311737e-02  -3.7040155e-01   5.4090116e-01  -3.5711407e-02  -4.2829152e-02   6.0190613e-01   2.7051641e-02   4.3172894e-02  -4.1488842e-01   4.8336461e-01  -4.9907798e-01  -4.6446051e-01   1.7291194e-01  -1.0300210e-01  -1.5600074e-01  -2.3904138e-01   2.4101402e-02  -1.9081649e-01   3.1060280e-02  -7.7563828e-02   1.2314799e-01  -3.5432769e-01   6.6130094e-02   2.4026557e-01  -4.2836578e-01  -4.9625179e-03   7.8396214e-02  -5.9229470e-02  -4.3957429e-02   5.8983857e-01   6.9053687e-02  -1.9104327e-01  -8.9938089e-02  -4.3114811e-02  -1.6100310e-02   4.3062749e-02   1.1210479e-01  -2.1917818e-01   4.2515863e-02  -2.6206026e-01  -1.8857586e-01  -2.6841170e-02  -1.9124227e-03  -1.0639056e-01  -1.3195228e-02  -2.4311248e-01  -1.4088488e-01  -2.9115512e-01   2.6399142e-01   8.4383814e-02   2.3654776e-01   1.7348460e-01  -8.5087861e-02  -4.3871374e-01  -3.1988559e-02   5.1350583e-01  -3.5016669e-01   2.3119723e-01   1.9247287e-01   2.5689683e-01   7.8522060e-02   5.7270138e-01   4.3828043e-01  -5.0538713e-02   4.0407957e-01  -3.3715778e-01  -8.1735978e-02  -5.6247979e-01  -2.2201440e-01   1.8144415e-01  -4.2803870e-01  -1.3800515e-01   2.2860248e-01   4.3617418e-03  -9.1928329e-02   7.5761499e-01   2.0143676e-01   2.8799565e-01   2.3556005e-01  -1.0075121e-01   7.6251962e-02  -5.5631667e-02  -2.4252621e-03   1.8473745e-01  -5.5539581e-01  -1.8130274e-01  -3.9761039e-02   7.9712222e-02   3.8959053e-01   3.9042679e-01  -8.5927774e-02   9.2045624e-02  -2.2994077e-01   5.5010795e-01  -4.9902613e-02   2.5680010e-01  -4.6650253e-01  -1.2059166e-01   4.2384397e-02   3.4204695e-01   6.4491965e-01   1.4948872e-01  -6.1372968e-02  -1.2739148e-01  -2.3674845e-01  -3.2325701e-01  -5.7413173e-02   3.5133988e-01   4.7709314e-01  -1.5898122e-01   1.2034388e-01  -4.4426035e-02   3.6500204e-01   1.0233192e-01   3.3648935e-01   3.7197315e-01  -2.8813609e-01   7.2970170e-02  -2.6228049e-01   4.7630963e-01   4.0349282e-01  -6.4261774e-02  -6.0187642e-01  -5.8320560e-01   3.6566834e-01   3.2686494e-01   5.2126294e-01   1.7351264e-01  -2.1229454e-01  -2.8448865e-01   2.4821408e-01   2.5861293e-01  -1.3809752e-01  -1.5561655e-02   1.5822735e-01  -3.9273800e-01  -8.8819628e-02  -8.4814552e-02  -1.4660794e-01  -1.5789432e-01  -1.6814403e-01  -2.3944620e-01   2.1826643e-01   2.2699985e-01  -3.7730552e-01  -3.8351776e-01   1.2587759e-01   1.4722217e-02  -2.5835737e-01   5.9411212e-02  -2.1249103e-01  -1.4306885e-01
