   0.0000000e+00  -1.5787573e-01  -3.0721842e-01   1.1578885e-03  -2.5604781e-01  -4.2666057e-01  -2.3676832e-02   1.9522599e-01  -1.5322065e-01  -4.2291257e-02   2.2863312e-01  -1.4425918e-01   7.9019739e-02   2.6375303e-01   4.2495987e-01  -1.3987695e-01  -3.2287043e-01   2.0148555e-01  -1.3290852e-01  -2.8299646e-01  -1.1947422e-01  -8.1285306e-02  -4.1604874e-02   8.0044888e-01  -2.7345111e-01  -1.4683221e-01  -3.8746596e-01   6.4588377e-01   4.1717565e-02   9.3175210e-03   2.1170845e-01  -3.0509065e-02   2.1972693e-01  -3.5507640e-01  -9.9867858e-02  -1.8668565e-01  -2.9017935e-01   6.6533684e-01  -5.6795747e-02  -3.0695891e-01   7.6304850e-02   1.9969369e-01  -3.3711430e-01   3.2112533e-01  -8.3278590e-02   5.7006317e-01   2.9193501e-02  -1.4111359e-01  -2.7636002e-01  -1.8921571e-01   9.2645572e-02   4.7164846e-02  -1.0450784e-01  -2.2726033e-01   1.9479694e-01   3.6747175e-01   1.3912459e-02  -1.6780489e-01   2.0172601e-01   1.1859800e-01   5.3632043e-01   1.5316372e-02  -2.2289695e-01   4.8738858e-02  -1.2584614e-01   1.8038078e-02  -3.7583524e-01  -1.3784209e-01  -5.4845428e-02  -1.5562093e-01  -2.4672514e-01   1.2950626e-01  -1.4419620e-01   1.2489029e-01  -9.6692165e-02  -2.0228106e-01   6.4039787e-01  -2.6724786e-01  -1.2054041e-01  -1.9904676e-02   1.8951045e-01  -1.6408375e-01  -4.2679297e-01  -6.5330212e-02   2.2408392e-01  -7.0202136e-02  -2.1239109e-01   5.6878889e-01  -1.3867761e-01   8.4514206e-01  -3.8886514e-02   4.2831564e-01  -4.2958531e-01  -2.1861661e-01   6.4189631e-01  -2.3512895e-01   1.6572024e-01  -5.1858717e-02   2.4871722e-03  -5.0032467e-02  -1.9325970e-02   2.1053681e-01  -2.6406027e-02  -1.1882133e-01   1.0059291e-01   2.2206686e-02  -1.9969531e-01  -3.0055865e-01  -2.8383389e-01  -2.9940966e-01  -4.3189607e-01  -2.0285299e-01   5.5336798e-03   8.6461934e-01  -3.2197932e-02  -2.2124760e-01  -3.3519484e-01  -9.2977622e-02   5.1254543e-01   1.7523603e-02   7.0767296e-01  -3.6665720e-01  -1.6051947e-01   1.1324633e-01   7.5698606e-01   2.7091191e-01  -1.1733475e-02  -1.2309976e-01  -1.3173449e-01  -3.1086151e-01   2.0017730e-02  -3.2547289e-01   2.9094889e-01  -1.3058632e-01  -2.9654005e-01  -1.4770757e-01  -9.0689591e-02   1.4078634e-01  -9.5240284e-02   7.1396210e-01   8.5821932e-01   9.2507796e-02   7.5706597e-02  -4.6018590e-01  -5.0218522e-02   2.7976441e-02  -3.2952313e-01   1.3194115e-01  -3.7635560e-01  -5.3839660e-03   3.3050807e-01   8.2482580e-02   7.3749575e-01   8.7068624e-02  -3.2043557e-01   6.9166493e-01   6.9810758e-01   1.9591845e-01   4.5592157e-01  -2.6572627e-02   1.0629077e-01   1.0705742e-01   1.7699270e-01   7.6195112e-02  -1.0566032e-01  -2.4965206e-01   4.1874894e-02   5.1362708e-01   7.2563996e-01  -3.5463281e-01  -1.2923803e-01   5.1338838e-01  -3.1587134e-02  -2.5772177e-01  -3.7324849e-02  -6.9154139e-03  -1.0931771e-01
  -1.5787573e-01   0.0000000e+00   5.9795852e-01  -2.5107651e-01   5.8583651e-01  -6.2864192e-02  -4.5960683e-01   7.4854408e-02   4.9082017e-01  -9.6205464e-02  -4.3153810e-01   4.4352382e-01  -2.7006432e-02   2.1266186e-02  -2.7927360e-01  -1.8223796e-01   6.6263750e-01  -4.1623977e-01   3.4314034e-02   4.6022900e-01  -3.9256158e-01  -5.1127537e-02  -2.4124858e-02  -1.6517641e-01   2.2269429e-01  -2.8123303e-01   1.0291492e-01  -2.8565753e-01   2.1166419e-01  -1.8038277e-01   9.4815662e-02  -2.7587186e-01   1.7684335e-01   2.2965769e-01   3.7097677e-01   1.8103733e-01   1.8752742e-01  -3.6608133e-01   8.0556192e-02   5.5567665e-01   6.8223757e-02   8.4263672e-02   5.6701052e-01  -7.9282014e-02  -1.8879426e-02   1.7830872e-03  -5.3734870e-01  -2.5171164e-01   1.4843368e-01   5.2376021e-01  -3.9119964e-01  -2.2123015e-01   4.9816814e-01   2.5585860e-01   5.2905375e-02  -3.3630024e-01  -1.4760796e-01  -9.4890561e-02  -2.9323360e-01   1.5045106e-01  -9.5697541e-02   5.7306888e-02   5.4760838e-01   1.9719661e-02   2.5005433e-01  -4.2743196e-01  -3.0512678e-01  -9.6637314e-03  -5.0450607e-01   2.0862533e-01   6.9353959e-01  -4.4319305e-01   3.0990512e-01   2.5177117e-04   1.5444704e-01   3.3562906e-02  -2.4271727e-01  -1.0882116e-01   3.6478255e-01   1.4426803e-01  -5.2155793e-01   1.7811746e-01   1.6878713e-01  -9.3089924e-02   8.3193667e-02  -8.4741759e-02   6.0773831e-01  -2.5849305e-01   5.3336308e-01  -2.2894643e-01   5.4024862e-01  -4.2409741e-02   5.1363951e-01   5.8167344e-01  -2.9819598e-01   4.6107768e-01  -3.8172168e-02   1.2594463e-01   2.4337186e-01  -5.4865970e-01   3.3961644e-01  -4.4482403e-01  -4.1911868e-01   3.0977469e-01  -5.3315812e-01  -4.1710579e-02   3.2176495e-01  -3.1515216e-01   2.2143297e-01   3.2861256e-01   1.0985301e-01  -2.7381457e-01  -7.6123194e-02  -2.7147119e-01  -8.4318171e-02   6.5889415e-01  -2.7205585e-01   1.3885815e-01  -2.3047413e-01  -3.9380324e-01  -4.2083963e-01   3.5556348e-01   4.5572323e-01   1.2641604e-01  -2.7255327e-01  -5.6191390e-01  -3.4542729e-01   2.7356998e-01  -2.7081684e-01   5.4483930e-01   2.6212087e-01   1.7300566e-01   1.2578232e-01   6.6706790e-01   4.2902337e-01   3.4879832e-02   2.1670403e-01  -1.7677566e-01  -1.3923292e-01  -2.0300595e-01  -6.7621990e-02  -1.1906745e-01  -3.9227570e-01   1.4447521e-02   4.2398741e-02  -3.8123634e-01   5.2491848e-01   3.4802281e-02   1.5128209e-01  -3.9266474e-01  -6.8873695e-03  -3.5723518e-01  -3.1258579e-01   2.4077789e-01   6.4691868e-01  -7.9975360e-02  -3.7869310e-01  -2.5756869e-01  -3.9759875e-02  -5.9533452e-01   1.7048171e-01  -2.0612449e-01   8.6789550e-02  -5.1181691e-01  -8.4497186e-02   4.5405568e-01  -8.8640037e-02  -1.5453099e-01  -3.8234563e-01   6.3881696e-01   3.4714902e-01  -3.2227794e-01  -2.9959379e-01   2.6011665e-02   1.1846263e-01   1.4937770e-01   1.1320408e-01
  -3.0721842e-01   5.9795852e-01   0.0000000e+00  -4.2821883e-01   6.8134101e-01   9.3498019e-02  -6.3507773e-01   6.7648760e-02   3.9701986e-01   6.3939809e-02  -5.1177170e-01   3.1621182e-01   7.1523487e-02  -2.4364865e-01  -6.4229358e-01  -1.4410816e-01   9.2751424e-01  -5.2383026e-01   1.6329258e-02   6.8105594e-01  -5.6805803e-01  -5.0978256e-02  -2.2745492e-01  -2.7809083e-01   2.8462239e-01  -1.9746228e-01   2.7825829e-01  -5.1648998e-01  -7.0028255e-02  -3.8890803e-01  -5.1836678e-01  -3.2886156e-01   1.6629016e-01   3.5898307e-01   1.0248080e-01   2.8205366e-01   2.2831181e-01  -6.1880405e-01   2.4248659e-02   7.1839479e-01   6.7444709e-02   9.5072230e-02   8.5763206e-01  -3.6618383e-01  -2.2892423e-01  -9.4364173e-02  -5.9063341e-01  -6.2392822e-01   1.7758278e-01   8.3995284e-01  -5.5683792e-01  -1.0743819e-01   1.4312386e-01   5.8243246e-01  -4.7224523e-02  -4.1701631e-01  -3.1094712e-01  -5.7625725e-02  -3.6040723e-01  -1.7978757e-01  -1.5413835e-01   1.0636628e-01   6.6963324e-01  -3.1309312e-01  -7.2124243e-02  -4.7763888e-01  -1.5169812e-01   6.5795321e-02  -4.1922725e-01   4.3284261e-01   6.8002103e-01  -4.9259555e-01   2.2865244e-01   9.6065223e-03   4.2503619e-01   6.8313791e-02  -4.0092033e-01   2.8838290e-02   4.6583601e-01   3.7957898e-01  -5.7211680e-01   1.7961193e-01   7.9935184e-02  -5.7094190e-02   7.5845979e-03  -1.2810529e-01   3.8632225e-01  -3.9686179e-01   4.3841586e-01  -4.6252693e-01   4.1916411e-01  -1.1108873e-02   7.8182440e-01   3.6825308e-01  -5.4175345e-01   7.4216603e-01   8.1021732e-02   1.0831306e-01   3.3342692e-01  -7.0942810e-01   8.3520464e-02  -6.9082095e-01  -5.6118014e-01   1.1814043e-01  -5.9304692e-01  -1.5474593e-01   5.8155871e-01  -1.3137497e-01   3.3687863e-01   2.2529289e-01   2.1709789e-01  -2.5659193e-01  -1.5439439e-01  -5.0590738e-01  -2.0591288e-01   5.4665348e-01  -6.0219226e-03   1.3100658e-01  -5.1885761e-01  -5.6518475e-01  -5.5523690e-01   5.8418091e-01   4.7763167e-01  -2.4346752e-01  -4.3797669e-01  -6.2957186e-01  -5.4172650e-01   5.1728588e-01  -2.3112958e-01   6.3804987e-01   3.8671563e-01  -5.7166150e-02   2.4298823e-01   2.3148693e-01   5.6413348e-01  -2.7683082e-02   4.9096683e-01  -4.8853359e-01  -1.2907677e-01  -4.7065229e-01  -2.2043776e-01   1.8031261e-01  -4.0600771e-01   2.5526000e-01  -2.6180565e-01  -5.7673923e-01   8.0358279e-01  -2.0421818e-01   3.3455501e-01  -7.5827274e-01   1.2482696e-02  -4.9789884e-01  -4.4684500e-01   1.5525611e-01   8.4309925e-01  -2.6330049e-01  -5.8169035e-01  -3.1197187e-01  -1.3442301e-01  -5.2773493e-01   1.2492707e-02  -2.2265665e-01  -1.3281759e-01  -5.8757472e-01   1.6318928e-02   5.1023654e-01  -2.4211780e-01  -3.1046526e-01  -5.0395088e-01   6.6080053e-01   3.9105060e-01  -4.3166444e-01  -3.1392716e-01   1.0405264e-03   1.1502033e-01   3.9439840e-01   1.0477922e-01
   1.1578885e-03  -2.5107651e-01  -4.2821883e-01   0.0000000e+00  -2.4909394e-01   1.4443462e-01   2.7359286e-01   1.6715680e-02  -6.4761264e-02  -2.1508100e-01   2.0632154e-01   1.9969761e-02   4.7990074e-02   2.7142177e-01   2.5799267e-01   3.6554077e-01  -3.7219298e-01   3.8077489e-01   1.9574885e-01  -2.4016682e-01   3.8415829e-01   3.3349567e-01   1.3713069e-02   4.5119292e-02  -1.5044571e-02   3.7342900e-01   1.3997767e-01   3.7679369e-02   2.8001304e-01   4.4057925e-01   2.7097971e-01   4.3780450e-01   9.6657793e-02  -2.6034247e-01  -8.3721698e-02  -5.5353136e-02   7.0306743e-02   2.5497417e-01   3.3637047e-01  -2.8352884e-01   8.0328284e-02   1.6243997e-01  -2.6594393e-01   6.0628339e-02   2.5160580e-01  -8.5018852e-02   4.7710243e-01   4.0913407e-01   2.2315398e-01  -4.0979787e-01   3.7284396e-01   2.1284256e-01  -2.0553096e-01  -1.4330352e-01   1.6188511e-01   7.2255542e-02   1.1662620e-01   4.2097924e-01   5.2413876e-01   2.1264419e-01   5.0080840e-02  -2.6431999e-02  -2.7621076e-01   2.1453469e-01   1.7447741e-01   1.5725891e-01   3.9921036e-01  -9.2565841e-02   5.5325198e-01  -2.8380173e-01  -3.1376063e-01   3.7225327e-01  -3.6664906e-02   2.0156070e-01  -2.2483344e-01   2.6989948e-01   1.6105858e-01   3.7909940e-01  -6.4824481e-02   3.5668805e-02   2.2253977e-01  -1.2856918e-01  -1.3502479e-01   7.1102135e-02  -1.2224673e-01   3.3107078e-01  -2.0485636e-01   7.0419571e-02  -1.9928233e-01   3.9550896e-02  -2.4073286e-01   3.9371547e-02  -3.2006146e-01   1.3749625e-01   2.3543706e-01  -2.6560998e-01   1.4107613e-01  -1.0635537e-02   2.0110269e-02   3.3055386e-01  -1.6244161e-01   3.3263211e-01   5.9386845e-01   1.5631770e-01   4.6784878e-01   5.0204297e-01  -1.3898107e-01   3.4423509e-01   3.3672955e-02  -2.0053240e-01  -2.4492068e-01   4.9665737e-01   4.4102601e-01   7.8420615e-02  -3.7593721e-02  -3.0673876e-01   3.0157052e-01  -5.4439482e-02   1.0646123e-01   7.1392013e-01   1.8865949e-01  -1.4266827e-01  -2.2179096e-01   9.6936658e-02   5.0925080e-02   4.3158485e-01   2.1440976e-01  -2.6389179e-01   6.2634918e-01  -3.3165671e-01  -1.1358659e-01  -3.5514176e-02   1.0285373e-01  -1.3958482e-01   4.0135091e-02   3.2627636e-01  -5.9904495e-02   1.3013877e-01   3.4273421e-01   1.1325867e-01  -1.1013383e-01  -1.1660808e-01   4.0493346e-01  -1.7902280e-01   2.3548888e-01   4.0411141e-01  -3.1567032e-01   2.0213850e-01  -1.8792194e-01   3.4674839e-01  -1.1023103e-01   3.6400259e-01   9.9183914e-02  -2.1327584e-01  -3.6687077e-01  -3.3379967e-02   2.3053612e-01   3.8954655e-01   1.4686900e-01   3.4735728e-01   1.5560174e-02   1.7257295e-01  -1.0336722e-01   5.1782478e-01   3.0622023e-01  -2.4839351e-01   1.4607075e-02  -5.0184347e-02   1.3854024e-01  -3.6054997e-01  -1.2690338e-01   1.6965917e-01   2.3212826e-01  -1.8013131e-02   5.0062022e-02  -3.3158689e-01   3.3074428e-01
  -2.5604781e-01   5.8583651e-01   6.8134101e-01  -2.4909394e-01   0.0000000e+00  -1.6366398e-01  -5.9424327e-01  -2.8192479e-02   5.0607037e-01  -1.0341941e-01  -5.7097796e-01   2.0169600e-01   2.0482820e-01  -2.1145289e-01  -4.9205890e-01  -1.4934425e-01   6.7510461e-01  -5.3161087e-01   5.6553644e-02   8.3083147e-01  -6.2098002e-01  -3.7711132e-02  -3.2138086e-01  -2.9606981e-01   2.3186784e-01  -3.2865353e-01   4.1820095e-01  -5.3255015e-01   2.4649373e-01  -3.6847398e-01  -2.6217243e-01  -2.7547545e-01   1.8511784e-01   1.2597571e-01   2.3770234e-01   4.9134317e-01   1.4144630e-01  -5.1051938e-01   1.3998953e-01   6.4532969e-01   2.1483855e-01   1.2971489e-01   6.8206763e-01  -3.5766758e-01   1.9898986e-02  -2.3048082e-01  -5.0001146e-01  -5.4076926e-01   3.8038817e-01   6.8804068e-01  -6.1334806e-01  -2.1684913e-01   2.4371288e-01   3.6806208e-01  -7.5228456e-02  -4.6377119e-01  -3.8553093e-01  -1.3312014e-01  -3.3926339e-01  -5.3087640e-02  -2.5807357e-01   1.5356043e-01   6.4381634e-01  -2.6647178e-01   3.8384313e-01  -4.6444764e-01  -3.1547508e-01   2.0542137e-01  -4.5476714e-01   5.6140705e-02   6.7764851e-01  -3.4850150e-01   3.0350806e-01  -7.1307824e-02   1.9846960e-01  -1.0049508e-01  -4.0256593e-01   1.8287026e-02   7.4258130e-01   4.6104287e-01  -7.1294930e-01   2.3580116e-01  -8.0956518e-02  -1.4793172e-01  -2.2128735e-01  -2.6665273e-01   4.8152360e-01  -3.3018211e-01   4.3940000e-01  -3.8047785e-01   6.1837239e-01  -1.8746476e-01   6.0033203e-01   4.6774835e-01  -4.6586939e-01   8.0227193e-01   2.3622394e-01   2.0557901e-01   5.6852365e-01  -5.9599604e-01  -1.0345924e-01  -6.7707674e-01  -5.5415032e-01   1.4922757e-01  -5.8434585e-01  -8.8922282e-02   3.8888830e-01  -1.4185799e-01   4.1124953e-01   1.4407941e-01  -9.4160568e-02  -2.7703123e-01  -1.1229951e-01  -4.1770050e-01  -4.7175702e-01   7.7310111e-01  -1.3197735e-01   2.5626069e-01  -5.1210740e-01  -4.5886563e-01  -5.3261270e-01   7.8366746e-01   5.4209486e-01  -7.9425292e-02  -4.2263769e-01  -7.1764405e-01  -4.6163192e-01   3.8628532e-01  -2.8521333e-01   2.7126656e-01   3.9930686e-01   1.7684332e-02  -4.0986215e-02   3.8828842e-01   5.6455304e-01  -1.4709820e-01   4.3145509e-01  -5.0601134e-01  -2.8212826e-01  -3.2596136e-01  -2.2869793e-01   1.9285129e-01  -4.1708476e-01  -8.8535319e-02  -1.8218729e-01  -6.1749585e-01   6.3469401e-01  -2.5385433e-02   6.3768843e-02  -5.2069609e-01  -3.1096705e-01  -4.8379045e-01  -4.0732205e-01   1.7458055e-01   7.1741658e-01  -2.5450358e-01  -5.3165758e-01  -2.7688829e-01  -1.8220576e-01  -6.4001209e-01   5.1078894e-02  -3.3580832e-01  -5.5135321e-02  -5.5220202e-01  -9.2777759e-02   7.2521480e-01  -1.3038674e-01  -3.6131183e-01  -4.3152536e-01   5.7400281e-01   6.2262987e-01  -3.8501949e-01  -6.7988262e-02  -1.0130365e-01   1.7934882e-01   2.0208975e-01   1.3051728e-01
  -4.2666057e-01  -6.2864192e-02   9.3498019e-02   1.4443462e-01  -1.6366398e-01   0.0000000e+00   3.5927735e-01   1.6206278e-01  -8.1682571e-02   3.3912451e-01   2.1375409e-01   3.7201017e-01  -4.5359631e-02  -1.2623143e-01  -1.8557862e-02   2.6886456e-01   2.3609682e-02   2.1368742e-01   2.2486242e-01   8.7393916e-02   2.3312658e-01   4.0207641e-01   2.2173481e-01  -4.0151480e-01   3.7646534e-02   4.3472518e-01   3.3085979e-01  -1.1928862e-01  -1.4321362e-01   2.8116235e-01  -2.1618389e-01   1.6551569e-01   3.1388555e-02   2.5878881e-01  -1.4462748e-01   1.5372805e-01   7.1606039e-02  -2.2844495e-01  -5.4266242e-02  -7.2953394e-02  -9.8495330e-02  -2.8174815e-02   4.8777313e-02  -1.5210697e-01   1.6627220e-01  -7.3336587e-02   2.9772246e-01   3.2897571e-01   7.4125877e-03  -8.0553580e-02   2.8697762e-01   2.4092871e-01  -2.5877392e-01  -9.8358051e-02  -1.8084314e-01  -1.5578649e-02   5.0855741e-01   3.2875023e-01  -5.2171935e-03   1.8023626e-01  -5.4812533e-02   8.2587462e-02  -7.4144568e-02   7.1707122e-02  -1.9952733e-01   3.7251736e-01   6.9228694e-01  -6.7678774e-02   4.1472577e-01   4.2971201e-01  -1.5679033e-01  -1.6786064e-03  -1.0088266e-01   2.9138635e-01  -1.2458028e-01   2.7248220e-01  -1.3504527e-01   4.1802896e-01  -3.3611486e-01  -2.6976684e-01   2.0049863e-01  -9.7831511e-02   2.3289518e-01   2.1488395e-01  -7.8304196e-03   2.9918917e-01  -1.7489723e-01  -2.5321517e-01  -9.4182064e-02  -3.7083543e-01  -2.3456280e-01   5.1770435e-02   2.4352717e-02   2.2483303e-01  -1.6758750e-01  -7.3265457e-02  -1.3902016e-01   5.4258494e-02  -1.3782700e-01   1.7942743e-01   5.8874555e-03   2.8889510e-01   2.6385582e-01   1.3316617e-01   3.4429136e-01   2.4810395e-01  -4.0367521e-03   5.0408000e-01   9.6732359e-03   1.3076174e-01   3.3071485e-01   3.3185008e-01   1.6015366e-01  -3.2533228e-01   2.6669641e-01  -2.9288799e-01   3.3047846e-01  -1.3607869e-01  -5.8902680e-02   2.7480769e-01  -2.6854953e-01  -1.6267841e-02  -1.2032984e-01   6.4266942e-02  -2.4699777e-01   1.8162484e-01   3.7562572e-01  -2.6199146e-01   4.4994979e-01   2.9158989e-01  -1.7975443e-01   2.8217242e-01   5.3062070e-02  -1.8168208e-01   1.8964887e-02   3.3186012e-01  -2.2398993e-01   1.8491450e-02   3.0861488e-01  -2.9091407e-01  -4.0552481e-01  -8.0747056e-02   2.4327713e-01   6.1524342e-01   2.2519182e-01   2.4160258e-01  -2.0917224e-02   1.5595745e-01   3.8685815e-01   1.8627718e-01  -4.7048056e-02   1.3667925e-01  -2.1588733e-01  -1.6462699e-02   5.7824685e-02  -2.9888249e-01  -2.1445075e-01   4.9779368e-02   1.5542971e-02   3.4270663e-01  -4.7031051e-03   2.4357929e-01   1.2400735e-01   3.1196533e-01   2.6683146e-01  -3.1281274e-02   2.0823705e-01  -1.8160880e-02  -2.4244488e-01  -1.0041553e-01  -9.6000386e-02  -2.2235577e-01   6.1375667e-02   6.3655223e-01  -5.2689780e-02  -4.7489447e-02   2.2058422e-01
  -2.3676832e-02  -4.5960683e-01  -6.3507773e-01   2.7359286e-01  -5.9424327e-01   3.5927735e-01   0.0000000e+00  -2.1807390e-01  -4.6908277e-01   2.0227151e-01   4.7869051e-01   1.8155795e-01  -3.4292699e-02  -7.0327309e-03   6.1033347e-01   2.7857940e-01  -6.8093384e-01   4.1021198e-01   2.7995480e-02  -4.3784439e-01   5.1477792e-01   4.3957128e-02   2.7360019e-01  -7.4830065e-03  -2.4792340e-01   2.6559132e-01   9.1578685e-02   3.1105444e-01  -9.1819480e-02   4.1631783e-01   2.9725794e-01   2.3492409e-01  -2.3096094e-01  -6.5206008e-02  -1.1425398e-02  -6.4883573e-02  -2.6163242e-01   4.1289579e-01  -1.1395541e-01  -5.6752725e-01  -1.4152840e-01  -2.2072236e-01  -6.2109731e-01   1.8833803e-01   2.6682789e-01   3.5790248e-02   6.5411571e-01   7.5485305e-01  -2.2672009e-01  -5.9858017e-01   5.8902578e-01   2.9284128e-02  -3.0143162e-01  -5.3520915e-01  -2.2653328e-01   2.7500256e-01   3.1926988e-01   1.8980271e-03   2.5581479e-01   2.5933066e-01   5.6986186e-02   5.3831684e-02  -6.1400244e-01   2.7425599e-01  -7.0135681e-02   6.6754322e-01   4.2126086e-01   1.4274885e-02   4.7710583e-01  -6.1207273e-02  -6.0952596e-01   3.6090392e-01  -1.9206513e-01   2.3923603e-01  -3.8315245e-01  -4.3446092e-02   2.4429215e-01   1.3416583e-01  -5.2866973e-01  -4.5899565e-01   5.4447561e-01  -1.0104061e-01   4.3474017e-02  -3.3790959e-03  -2.3014261e-02   5.3286151e-02  -4.7017178e-01   8.1149934e-02  -4.7954651e-01   1.8629171e-01  -5.3957841e-01  -2.5609599e-02  -5.2981660e-01  -1.7741639e-01   3.6428571e-01  -5.7364155e-01  -9.7845622e-02  -2.0609060e-01  -3.4883196e-01   7.7620798e-01  -7.1468317e-02   7.7569126e-01   5.0833330e-01  -2.0637083e-01   5.9626644e-01   4.8776940e-02  -4.9827979e-01   2.5306833e-01  -2.7514502e-01  -9.1533209e-02   7.2592135e-02   2.8148555e-01   1.6439272e-01   1.8836934e-01   2.9905837e-01  -6.1922907e-01   9.1971284e-02  -3.0404406e-02   3.6557218e-01   5.6845447e-01   3.5301226e-01  -4.0108150e-01  -3.7180142e-01   1.7704517e-01   2.8005495e-01   6.1882385e-01   8.0589123e-01  -4.4524105e-01   2.4229520e-01  -3.4191583e-01  -2.7013856e-01   1.7839965e-01  -3.2077108e-01  -3.3783510e-01  -4.3524681e-01   1.6541862e-02  -4.8137096e-01   4.0269313e-01   1.2157330e-01   2.0900894e-01  -5.1619756e-02  -1.7131085e-01   5.2398276e-01   1.3861000e-01   3.9486172e-01   4.6568998e-01  -5.2498208e-01   1.4756474e-01  -3.2867081e-02   6.7670505e-01  -2.7972616e-03   3.4587641e-01   2.3152089e-01  -1.4323616e-01  -5.8542453e-01   8.7433390e-02   3.8208119e-01   2.9416898e-01   9.5162265e-02   5.5352696e-01   2.3728624e-02   2.9009669e-01   1.2020074e-01   5.8874237e-01  -6.6341441e-02  -3.1036779e-01   3.5544807e-01   1.9514622e-01   2.9024691e-01  -5.7940149e-01  -2.5470464e-01   2.6856893e-01   2.7211452e-01   2.5707114e-01  -3.7460158e-02  -1.9717080e-01  -1.4226938e-01
   1.9522599e-01   7.4854408e-02   6.7648760e-02   1.6715680e-02  -2.8192479e-02   1.6206278e-01  -2.1807390e-01   0.0000000e+00   1.7022406e-01  -8.2146382e-02   1.6583952e-01   6.5235496e-02  -1.3361077e-01   1.0733658e-01   8.0667166e-02  -1.2391211e-01   7.8278816e-02   2.9616843e-02   1.2023802e-01  -5.5308825e-02  -9.4796816e-02   3.3129360e-01   4.5110415e-02   1.2437596e-01   1.1524767e-01   1.8644741e-01  -1.5032248e-01   2.5594400e-01   2.0616484e-02   5.3637421e-02  -1.6749281e-02  -1.6129292e-02   3.0828871e-01  -1.0815418e-01  -1.0560465e-01  -1.3785983e-01   5.9533238e-02   1.4089499e-01  -3.5519098e-02   7.4082612e-02  -7.5271387e-02   2.6359445e-01   4.2677272e-02   2.9720622e-01  -2.0666345e-01   3.9752661e-01  -1.6084741e-01  -1.4485120e-01  -1.4349246e-01   7.5083773e-02  -9.0055188e-02   5.4841570e-01   1.5128002e-02  -6.9680741e-02   1.5630371e-01   8.8738324e-02   1.2776161e-01   2.8168419e-01  -3.5369868e-02   9.0066188e-02   3.1839030e-01  -1.9701531e-01   8.9770112e-02   1.5557448e-01  -1.5513103e-01  -1.3631982e-01   4.2429016e-03  -1.1944094e-01  -8.0047486e-02   9.3608070e-02   5.4769280e-02  -1.2438461e-01  -8.5610283e-02  -5.7549965e-03  -6.9004028e-02   3.1216368e-01   2.7380097e-01   7.4480695e-02   1.0702969e-01   3.6669861e-02   3.9430630e-02  -1.3416912e-01  -4.5256718e-02   5.0491494e-01   9.9937893e-02   4.0011107e-01   1.1072946e-01   6.4107235e-02   9.2892980e-02   8.8658384e-02   1.4116866e-01   3.4694568e-01  -3.0420540e-02   1.2581635e-01   1.0218430e-01   2.2383047e-02  -6.0222330e-02   3.6057358e-01  -2.5324948e-02  -3.1251585e-01   8.7003676e-02   1.0627189e-01   5.0547323e-02   2.6526223e-01   5.3070661e-03   3.2287164e-01   7.2469879e-02   7.3962655e-02  -7.9144205e-02  -8.9994186e-02  -1.8170073e-01  -6.0567259e-02  -1.6857245e-01   1.8490111e-01   9.4320559e-03   6.5108471e-02  -1.2879955e-01  -2.4666271e-01   1.9919482e-01  -1.0875409e-01   1.5465714e-01  -1.4705128e-01   4.7947357e-02   8.4014632e-02   2.2579576e-01  -3.5409305e-02  -1.4925984e-01  -6.2859352e-02   1.8771986e-01   1.6241530e-01  -1.0038380e-01  -6.9643422e-02   2.5294835e-01   7.5677295e-02   6.0302875e-02   3.3349357e-01  -1.2835387e-01   9.0678175e-03   3.9674424e-01   8.4595833e-02   1.2483446e-01   1.0900036e-01  -1.5580360e-01  -1.1877362e-01   3.6697796e-02   8.7814841e-02  -3.7763386e-02   2.7855935e-02  -4.6588980e-02  -1.4211357e-01   2.6983092e-02   3.3508800e-01   1.0164565e-01   1.1910328e-01   7.3817664e-02   1.2495339e-01   9.0026219e-02  -1.1166143e-02   3.2811233e-01   2.9846159e-02   1.5391858e-02   9.5364474e-02   1.0473915e-01  -5.9086154e-03   2.6555604e-01   2.7688684e-02   6.7596355e-02   2.8807649e-01   6.7828807e-02  -2.1238501e-02   3.8622116e-02   1.1811535e-01  -2.0494769e-01   9.5169472e-02  -1.0487988e-01  -6.1026504e-02   3.0001685e-01
  -1.5322065e-01   4.9082017e-01   3.9701986e-01  -6.4761264e-02   5.0607037e-01  -8.1682571e-02  -4.6908277e-01   1.7022406e-01   0.0000000e+00  -6.1032532e-02  -2.1695833e-01   8.1505872e-02   4.3221785e-02  -2.4041180e-01  -3.9025216e-01  -2.4800972e-01   4.2535678e-01  -2.6511528e-01   2.7104719e-03   3.9557568e-01  -3.7901694e-01   3.5090408e-02  -3.1169862e-01  -1.7875170e-01   2.4094134e-01  -9.9837230e-02   8.2565269e-02  -4.2021740e-01   2.1279000e-01  -9.9922337e-02  -1.1317193e-01  -1.4459766e-01   2.1026001e-01  -6.6556057e-02   1.4325957e-01   1.7167179e-01   1.7776484e-01  -3.5178692e-01   2.8450381e-02   3.9950646e-01   1.1432186e-01   6.0741869e-02   4.6383950e-01  -1.5385030e-01  -7.4438217e-02  -8.5513766e-02  -2.9099971e-01  -3.5539562e-01   3.1847413e-01   3.0863731e-01  -3.9351621e-01   4.9459404e-02   1.2100995e-01   3.0035049e-01  -4.4646006e-02  -3.2963037e-01  -1.0345555e-01  -5.0777814e-02  -2.7163877e-01   9.5293158e-02  -1.7215708e-01  -9.6450812e-02   7.1945771e-01  -2.0222311e-03   3.7856510e-01  -2.5709996e-01  -9.6334622e-02   1.3491864e-01  -1.8324458e-01   3.4824716e-02   4.0055042e-01  -1.4722026e-02   2.0050652e-01  -9.2581068e-02   6.7601882e-02  -8.8128713e-02  -3.2828039e-01   8.3380467e-02   3.9741465e-01   1.5792032e-01  -4.1782790e-01   4.9956331e-02  -1.2670057e-01   1.5294121e-01  -2.3531497e-01  -1.7196970e-01   3.6217811e-01  -2.8912840e-01   4.4555656e-01  -2.9787234e-01   5.4959067e-01  -6.4821847e-02   2.8614573e-01   4.6610726e-01  -3.2702136e-01   3.9593025e-01   1.8698411e-02   3.8253023e-01   2.6540053e-01  -4.0605804e-01  -1.1975741e-01  -4.1597323e-01  -2.2953567e-01   3.9519657e-01  -3.3678565e-01   5.1123796e-02   2.8128285e-01   2.6171101e-02   3.1482264e-01   1.0554770e-01  -2.3292829e-01  -1.2467604e-01  -1.4089271e-01  -3.0176393e-01  -3.7601920e-01   5.8459451e-01  -2.0759089e-02   3.5880525e-02  -4.0245066e-01  -2.2264577e-01  -4.2624537e-01   3.0839828e-01   5.1871456e-01   1.8676983e-01  -2.8915056e-01  -4.5766521e-01  -3.5689468e-01   1.6478479e-01  -1.2602004e-01   2.2836220e-01   8.9579214e-02  -6.7856313e-02   2.2105010e-01   4.3595668e-01   5.1702557e-01  -1.0369656e-01   6.5980389e-02  -3.9602331e-01  -1.0344086e-01  -2.9329836e-01  -1.5617429e-01   1.0734479e-01  -2.0116526e-01  -1.4811200e-01  -2.0036906e-01  -3.3138929e-01   2.6889980e-01   1.1299425e-01  -1.2893555e-02  -3.7366102e-01  -3.3191963e-01  -1.2596420e-01  -3.4075505e-01   2.4921650e-01   4.5402197e-01  -1.5072964e-01  -4.1859341e-01  -1.9971860e-01  -1.1308577e-01  -3.4492299e-01   1.3683934e-01  -5.6668795e-02  -3.5176421e-02  -2.6696018e-01   1.8307184e-01   2.8967874e-01  -1.3308174e-01  -2.5607225e-01  -3.2802423e-01   3.6107530e-01   3.4642853e-01  -2.8069363e-01   1.1199164e-01  -8.5016484e-02  -9.2421547e-02   4.4213690e-02   1.5485342e-01
  -4.2291257e-02  -9.6205464e-02   6.3939809e-02  -2.1508100e-01  -1.0341941e-01   3.3912451e-01   2.0227151e-01  -8.2146382e-02  -6.1032532e-02   0.0000000e+00   1.7507266e-01  -1.1469817e-01   1.6832223e-01  -3.2322877e-01  -5.7285498e-02  -1.7629273e-01  -8.9386040e-02   2.1718277e-01  -2.2971464e-01   2.0443702e-01  -1.0198792e-01  -2.6698790e-03   7.2558834e-02  -8.6087406e-02  -8.9732756e-02  -2.0850603e-01   1.8383683e-01  -7.7704052e-03  -1.2017480e-01  -5.0627891e-02  -2.9979475e-01  -1.5670110e-01  -5.9426460e-02   4.1985725e-01  -6.5592277e-02   3.8399964e-01  -1.2020884e-01  -2.8605793e-02  -3.8966571e-01  -7.9648321e-03   9.0296551e-03  -1.4682775e-01  -1.9008120e-03  -1.5638392e-01   1.9673791e-01   2.1245530e-02   1.6292397e-01   3.4453341e-02  -3.1213122e-01  -1.0417780e-01   1.7478489e-01  -8.4274849e-02  -1.4620431e-01  -2.0035001e-01  -3.4162396e-01  -1.5533519e-03   2.3087329e-02  -1.4277516e-01   2.6174856e-02  -1.5823118e-01  -3.4975153e-02   2.6361366e-01  -4.1021935e-03  -5.4196401e-02  -3.0239143e-01   4.1787959e-01   2.0865118e-01  -5.8860350e-02   1.0097130e-01   4.6279898e-01  -7.3500096e-03   1.8239545e-02  -2.0598679e-01  -5.1197580e-02  -1.5854461e-02  -1.2038758e-01  -8.8029325e-03  -3.7373810e-02  -2.6487052e-01  -3.0802165e-01   1.4255011e-01  -1.0598152e-02  -1.4118500e-03  -2.0857015e-02  -1.1421351e-01  -8.2792260e-02  -1.5875977e-01  -1.8434377e-01   6.4226779e-02  -6.0424580e-02  -1.1308009e-02   4.0980815e-03   3.2769542e-02  -6.4762487e-02  -6.6999926e-02   8.2452586e-02  -2.0361570e-01  -2.1304942e-01  -2.8991571e-02   1.8502774e-01  -2.9646515e-02   7.4745440e-02  -3.0296528e-02  -1.9785419e-01   1.4849408e-01  -2.0315086e-03  -2.4003280e-01  -4.1363922e-02  -2.6861888e-01   1.9395741e-01   1.8800552e-01  -1.3457535e-01  -6.6609973e-02  -1.6922334e-02   1.8413465e-01  -1.7026081e-01  -9.5361723e-02  -8.7920171e-02  -1.1925947e-02  -6.6952274e-02  -6.1805718e-02  -5.9867880e-02  -1.2581686e-01   1.5693360e-01  -7.3236739e-02  -1.3296688e-03   2.4432001e-01  -3.3191870e-01   4.7977552e-02   2.8210134e-01  -2.4455097e-02   2.6471263e-01   3.9153653e-02  -2.3441970e-01  -1.2023344e-01   9.4817886e-03  -2.6141148e-01   5.8445374e-02  -5.9644194e-02  -7.4436308e-02  -8.6244602e-02   3.5459832e-02   3.9444548e-02   4.5289782e-01  -1.7988200e-01  -6.4657051e-02   1.4366130e-01   3.0392181e-02   5.6574967e-01   7.2536370e-03  -6.3795094e-02  -3.9962001e-02  -8.3851855e-02   2.5711227e-02   1.8011981e-01   6.1416759e-03  -1.1249691e-01   1.1730841e-01  -5.6246962e-02   7.9642911e-02  -2.4721438e-02   1.8888397e-01   2.9128994e-01   1.3206982e-01  -1.4147234e-01  -1.6279677e-01   1.1113116e-01   3.4499613e-02  -1.2515137e-01  -6.6476669e-02  -5.7732972e-02  -1.1427494e-01  -8.5300258e-02   1.8482110e-01  -1.5539748e-01   1.0916058e-01  -1.4649725e-01
   2.2863312e-01  -4.3153810e-01  -5.1177170e-01   2.0632154e-01  -5.7097796e-01   2.1375409e-01   4.7869051e-01   1.6583952e-01  -2.1695833e-01   1.7507266e-01   0.0000000e+00  -1.3952474e-01   5.5680254e-03  -4.5056265e-02   3.8447172e-01   2.4965257e-01  -4.9572278e-01   6.7828060e-01   9.6171192e-02  -4.5168830e-01   3.1708649e-01   3.1297650e-01   5.6616793e-02   1.7632869e-01  -2.7186175e-01   2.8582236e-01  -2.4773930e-01   3.9199469e-01  -2.1717454e-02   5.5668786e-01   2.4336548e-01   4.8368811e-01  -6.2861979e-02  -3.6256231e-01  -3.4133822e-01  -1.0216211e-02  -3.2548121e-01   2.7865981e-01   6.4067547e-03  -6.7964838e-01   1.2004028e-01  -7.9246143e-02  -6.2065188e-01   4.7117209e-01   1.8347424e-01   2.3617551e-01   7.2476107e-01   3.4905180e-01  -2.8018427e-01  -4.5658962e-01   7.3045578e-01   3.7242199e-01  -4.5177133e-01  -4.4987671e-01  -1.4089455e-01   4.9368402e-01   3.2581855e-01   2.5583521e-01   4.8793124e-01   3.5822433e-01   3.0940717e-01  -1.6376582e-01  -4.1104728e-01   5.9445457e-01  -2.0639838e-01   6.1901883e-01   3.9799361e-01   6.4332336e-03   6.4720284e-01  -1.7169959e-01  -6.2815156e-01   3.2506076e-01  -6.9918708e-02   1.4379024e-01  -3.1802939e-01   1.8715279e-01   3.3083831e-01   1.3340024e-01  -6.1264731e-01  -3.2416105e-01   3.8877439e-01  -1.0203452e-01  -9.9727292e-04   2.0897365e-01  -1.3007994e-01   2.2997842e-01  -6.1809620e-01   2.1930224e-01  -4.2263942e-01   2.1478895e-01  -4.5624018e-01   2.2093576e-01  -6.0821520e-01  -1.8944522e-01   2.3664574e-01  -5.4290719e-01  -3.3867657e-02   8.5045595e-02  -2.0528031e-01   3.9285161e-01  -2.7831501e-01   7.4301452e-01   4.3024819e-01   2.5969059e-02   7.5360334e-01   3.5596951e-01  -3.6593415e-01   3.9888435e-01  -3.1995425e-01  -1.7021121e-01  -1.5410018e-01   3.5950506e-01  -3.6460586e-02   2.1976218e-01  -1.2880338e-03  -6.0880685e-01   7.7469071e-02   3.2131397e-02   2.8453494e-01   3.6636445e-01   3.5368820e-01  -5.5831262e-01  -2.6182404e-01   4.4846935e-01   3.3734476e-01   4.8645996e-01   5.4601824e-01  -3.7046051e-01   4.1317320e-01  -3.6122125e-01  -1.4679763e-01  -3.9333229e-05   5.9748826e-02  -3.1777006e-01  -3.5004025e-01   1.6467831e-01  -4.5136806e-01   8.9394137e-02   4.2531884e-01   1.4337358e-01   1.7836797e-01   8.2512283e-02   6.5265551e-01  -5.0177486e-03   3.3697677e-02   6.5893546e-01  -6.1184652e-01   5.2147956e-01  -1.5712921e-01   4.1101742e-01  -4.8788416e-02   3.3579065e-01   2.7270801e-01   9.6591673e-02  -5.7859448e-01   1.1145972e-01   3.4721809e-01   5.0352848e-01   2.9544191e-01   4.3732226e-01   1.1640474e-01   7.3936187e-01   5.5659753e-01   7.3947165e-01   2.2665777e-01  -3.9854883e-01   4.3642739e-01   2.0098797e-01   2.6034330e-01  -5.3997157e-01  -2.9902820e-01   1.0177292e-01   4.4609473e-01   1.9966846e-01  -8.7091153e-02  -1.8900554e-01   1.5231038e-01
  -1.4425918e-01   4.4352382e-01   3.1621182e-01   1.9969761e-02   2.0169600e-01   3.7201017e-01   1.8155795e-01   6.5235496e-02   8.1505872e-02  -1.1469817e-01  -1.3952474e-01   0.0000000e+00  -3.7129692e-03  -2.7363955e-03   1.6902204e-01   1.6198191e-01   3.0138352e-01  -2.5007908e-01   2.1148790e-01   2.3626874e-01  -5.9445762e-02   2.2749724e-01   5.8989763e-02  -1.4902975e-01   1.0985611e-02   1.5260689e-01   2.5667026e-01  -1.5996636e-01   7.8184755e-02   1.4020953e-01  -1.1900962e-03   6.5267588e-02  -5.7024253e-02   8.3135379e-02   2.2096363e-01   9.4456369e-02   2.4352030e-02  -7.3709276e-02   1.6655946e-01   1.5915676e-01  -2.9778452e-02  -5.3141088e-02   2.5782439e-01  -1.2017176e-01   7.0529041e-02   5.9219521e-02  -1.0214390e-01   4.2198665e-02   1.9886332e-01   2.3698123e-01  -3.3932565e-02   2.8093695e-03   2.5721526e-02   6.3686610e-02   6.9841948e-02  -2.1514400e-01   1.8179629e-01   1.5996668e-01  -6.8100200e-02   5.3406458e-01  -7.9413637e-02   8.0405882e-02   2.2117894e-01   2.9933616e-02   1.0509800e-01   7.9545873e-02   4.0437757e-02   1.2306989e-02  -5.5083314e-02   1.4493223e-01   1.3377333e-01  -2.4000006e-01   1.5221261e-01   3.8862748e-01  -3.6100814e-03   1.9477120e-01  -1.1364830e-01   2.3832213e-01   9.4645575e-02   5.7295136e-02  -2.0750086e-01   1.0694623e-01  -1.9274016e-04  -1.9697288e-03   3.3124232e-02   6.9806299e-02   6.7030106e-02  -1.4293227e-01   1.2371930e-01  -1.4502599e-01   4.2096536e-02  -8.2938434e-02   2.0321247e-01   5.1180217e-01  -8.3095760e-03   1.2726656e-01   2.2595357e-01   2.0527159e-01   9.6758107e-02  -8.5180790e-02   4.8370262e-02   7.1433529e-02  -8.5943803e-02   1.9983943e-01  -1.1694812e-01   1.1983075e-01   1.6727234e-01   1.1879803e-01   1.0701455e-01  -6.8283627e-03   5.9239361e-02   9.2413712e-02   1.8606568e-01  -1.3262505e-01  -1.6354750e-02   5.9310024e-02   1.9488134e-02   5.8445911e-02  -1.5591097e-01   4.1715233e-02  -1.6018889e-01   2.5612808e-01   3.2547398e-01   1.7184170e-02  -5.1895023e-02  -9.3232555e-02   2.3365363e-01   1.6140050e-01   8.1641544e-02   1.7555733e-01   2.2264588e-01   2.1691701e-02   4.6847078e-02   2.1143582e-01   2.2686045e-01   9.9805029e-02   1.7228068e-01  -1.6049576e-01   5.7883870e-02  -3.1156253e-02  -7.3988732e-02  -4.8931654e-02   3.9488756e-02   5.2242319e-02   3.6271926e-01  -1.4498327e-01   2.0434245e-01   2.6707306e-03   3.4742822e-02  -6.7601682e-02  -2.7511012e-02  -2.1073093e-01  -1.1165439e-01   5.3308713e-02   2.5518735e-01  -5.8263908e-02  -4.4853482e-02  -5.6811997e-02  -1.1562637e-02  -1.8528340e-01   1.8820449e-01   1.8853667e-02  -5.7524282e-03  -9.6443625e-02   1.9432927e-01   3.6663129e-01   2.2401470e-01  -1.1420242e-01  -7.1805043e-02   1.1221585e-01   2.8522166e-01  -6.1878157e-02   1.5404001e-02   2.3937575e-01   1.8409938e-01   1.8431706e-01   2.6320184e-01
   7.9019739e-02  -2.7006432e-02   7.1523487e-02   4.7990074e-02   2.0482820e-01  -4.5359631e-02  -3.4292699e-02  -1.3361077e-01   4.3221785e-02   1.6832223e-01   5.5680254e-03  -3.7129692e-03   0.0000000e+00  -1.9870584e-02  -5.2736736e-02   2.3125668e-01  -1.3094110e-02   1.8370411e-01  -8.9802112e-02   3.1168610e-01  -2.6203333e-01   6.7227385e-02   2.8079685e-03   7.8468941e-02  -9.3405594e-02  -8.8658129e-02   1.8660672e-01  -3.4205808e-02   1.4926381e-01   2.2136794e-02  -1.3239886e-01   8.1492755e-02   1.1220023e-01  -8.9831002e-02  -9.6589037e-02   3.1641116e-01  -5.0098935e-02   1.4676660e-02   1.3968329e-01  -5.4372207e-02   6.2320025e-01  -9.3315711e-02   5.0110586e-02  -7.1385000e-02   2.0552789e-01  -7.8596844e-02   5.8669725e-02  -1.7675525e-01   9.9972249e-02  -2.5262619e-03   1.3051656e-01  -1.1119074e-01  -2.4763659e-01  -1.6987579e-02   3.3329936e-02  -9.5945386e-02  -1.9619235e-01   1.1463946e-02   3.1899548e-01  -6.2248535e-02  -1.0677832e-01   3.5632729e-01   7.1357919e-02  -1.0738475e-01   3.1714901e-02   2.6096756e-02   2.0451945e-02   2.2263134e-01   1.2942317e-01   3.5466128e-02  -3.6368760e-02  -2.5883485e-02   3.0300982e-01   1.2166430e-01   6.8038995e-02  -1.4142964e-02  -5.0136928e-02   2.4539318e-01   1.0353484e-01   2.1479342e-01   1.1108961e-02   1.4942936e-01  -1.6160497e-01   9.7882094e-02  -2.3624329e-01   3.1751116e-02  -6.0505557e-02   4.0999797e-02   2.0296677e-02   3.0272740e-02  -5.4175648e-02  -1.3103257e-02  -2.6778100e-02   1.5482737e-01  -3.3089078e-02   1.3900713e-01   3.7767063e-01  -5.2985423e-02   3.8792288e-01   6.0200697e-02  -1.9085072e-01  -1.2390296e-01  -5.4637998e-02  -9.2390205e-02   7.8740839e-02   5.9209672e-02  -5.6188812e-02   6.5303628e-02   1.5197151e-01  -1.2329202e-01  -1.4594415e-01  -1.7035349e-02   2.5252559e-02   7.8600621e-04  -7.3029163e-02   4.4064157e-03   8.1710802e-02   5.8736713e-01  -7.9719841e-02   1.6861195e-01  -1.0422335e-02   1.3349561e-01  -3.1610264e-02   4.8955798e-02  -1.6884746e-02   4.6793804e-03   7.9542446e-02   2.4969128e-03   1.0648478e-02  -1.1340568e-01   5.2619585e-01   1.0217473e-02   2.7430519e-01  -1.0730041e-01   9.4380521e-02  -3.0887925e-02   6.2183755e-02  -1.2914882e-01  -2.3925005e-02  -1.3033181e-02   3.0573417e-02   4.7495886e-01  -6.0899562e-03  -4.2043732e-02   9.4323580e-03  -8.8288530e-02  -3.5586863e-03  -7.5937247e-02  -9.4693325e-03  -1.2988512e-01  -1.4948816e-01  -2.2240398e-02  -2.5463742e-02  -4.7542020e-02  -1.4667590e-02  -2.4611697e-03  -1.1702768e-01   4.0135384e-01  -1.9306927e-01   5.2226648e-02   8.7192116e-02  -1.5832539e-02  -8.4435403e-02   4.4053034e-02   6.2119887e-02   4.4660084e-02  -5.6871660e-02   6.3883416e-02  -5.3224145e-02  -7.4926181e-02   3.1731424e-02  -3.5169986e-02   2.8756806e-02  -1.1428080e-01   1.2759318e-01   3.9151807e-03   6.7502779e-02
   2.6375303e-01   2.1266186e-02  -2.4364865e-01   2.7142177e-01  -2.1145289e-01  -1.2623143e-01  -7.0327309e-03   1.0733658e-01  -2.4041180e-01  -3.2322877e-01  -4.5056265e-02  -2.7363955e-03  -1.9870584e-02   0.0000000e+00   2.9558011e-01   1.3202422e-01  -1.4292026e-01   1.1384956e-01   2.8797072e-01  -4.0144323e-01   3.2476982e-01  -4.6558352e-02   3.6457086e-01   3.5707295e-01  -1.1690823e-01   9.7694613e-02  -2.8288523e-01   3.8101411e-01  -3.3787000e-02   1.5852820e-01   5.7791942e-01   1.0365635e-01   1.6798441e-01  -7.3824627e-02   1.6904783e-01  -3.7957835e-01   1.9265407e-01   3.2014440e-01   1.7477489e-01  -1.0825312e-01   1.7853595e-02   2.0129092e-01  -1.9302304e-01   3.3608310e-01  -1.3646410e-01   5.8472981e-02  -7.2030389e-02   3.0803509e-01  -8.2655091e-04  -2.1771853e-01   4.5397237e-02   5.7422438e-02   1.2803496e-01  -1.6586945e-02   5.9661992e-01   2.4333914e-01   4.6141139e-02   4.8560603e-02   1.2728974e-01   2.8913797e-02   1.2001025e-01  -5.7542181e-02  -2.6098934e-01   2.0578333e-01  -1.5209877e-01  -2.5683368e-01  -9.6047856e-03  -1.2082902e-01  -3.1445151e-02  -2.2896229e-01  -1.2454995e-01  -4.3254191e-02   6.5535809e-04   9.1047492e-02  -1.7354728e-01   1.8107712e-01   2.1980347e-01  -4.3141249e-02  -1.6657759e-01   1.0433547e-02   3.7019647e-01  -1.1080461e-01   2.4629575e-01   7.0110162e-02   4.5220341e-01   2.6193604e-01   1.8659158e-01   5.0812392e-01  -2.0412377e-02   2.6440590e-01  -2.4031131e-01   1.2553083e-01  -1.5468180e-01  -1.2282859e-01   3.1419444e-01  -3.2450357e-01   7.5558802e-02  -9.1229188e-02  -1.0980309e-01  -5.7736295e-03   5.2684540e-01   1.3428200e-01   2.4581730e-01   7.3201177e-02  -2.3282428e-02   1.4728154e-03  -1.4356207e-03  -2.0174024e-01  -9.4277328e-03   1.8580762e-02   1.1805248e-01   4.9633828e-02   2.5705280e-01   2.5867508e-01   4.8340919e-01  -1.6585485e-01  -5.3599603e-02  -3.4227632e-02   4.9919602e-01   1.7577922e-01   2.6973217e-01  -3.1079115e-01  -2.2855801e-01  -1.2366867e-01   1.2210570e-01   3.9916774e-01  -1.0103002e-01  -6.3118551e-03  -3.2531269e-02   5.0807251e-03  -1.0858076e-02  -2.2224905e-02   7.0431602e-02   4.0800459e-02  -1.9081598e-01   2.3477557e-01  -8.3088465e-02   6.0024970e-01   1.7680555e-01   3.0103851e-01   2.9677340e-01  -1.4459640e-01  -1.8860459e-03  -1.0677846e-01   3.3005270e-01   3.6891079e-01  -2.5390716e-01  -1.1110316e-01  -6.9579259e-02   1.9545314e-01   4.7862230e-01   4.3544580e-01   3.2783238e-01  -2.1688963e-01  -3.0603556e-01   1.9737926e-01   2.8664835e-01  -8.6693877e-03   2.5749495e-01   2.0104605e-01   2.6096506e-02  -5.8711663e-02  -8.3963668e-02   4.0705309e-02   3.0996360e-04  -2.4457049e-01  -2.0264274e-01   1.6176191e-01   2.7096798e-01  -7.2429323e-02  -3.9799040e-01   2.9292341e-01  -1.6262743e-01  -3.7873547e-02  -9.5603623e-02   4.4646334e-02  -1.0504099e-01
