   0.0000000e+00   1.2941815e-01   2.5796427e-01  -4.1988469e-01   2.2969537e-01  -3.0601370e-01  -4.4751692e-01   1.3971250e-01  -2.1194913e-01  -1.8288056e-01  -3.4122176e-01  -5.8208922e-02  -2.5809994e-01   1.8360222e-01  -3.3618095e-01  -2.4635557e-01   3.1003099e-01  -4.5021499e-01  -3.7090576e-01   1.6477527e-01  -5.4263259e-01  -4.6665316e-01  -4.6156771e-01   8.6806026e-01  -1.3358941e-01  -9.7350111e-02  -1.4676131e-01   4.4741188e-01   1.1959044e-01  -4.4624151e-01  -4.5223241e-01  -1.8468509e-01   3.2805895e-01  -3.6561780e-01  -4.3240875e-01   6.6564723e-03   1.2162558e-01   4.7082163e-01  -1.4650435e-01   7.0826284e-02  -1.9075915e-01   3.7494577e-01   8.8031941e-02  -3.9725667e-01  -2.4716279e-01   6.8346740e-01  -2.6635908e-01  -4.1059161e-01  -2.8280528e-01  -6.6578891e-02  -4.1234090e-01   1.1994629e-01   4.7084486e-02   4.9231707e-01   4.7443700e-02  -2.5339567e-01  -3.3196568e-01  -2.8838289e-01  -2.4226738e-01  -2.4124208e-01   6.9634930e-01  -3.8935635e-01   1.5055770e-01  -4.1619625e-02  -1.3298258e-01  -1.4531430e-01  -2.6769951e-01   1.1987550e-01  -3.0783977e-01   8.5233333e-02   1.4821912e-01  -3.6609684e-01  -7.4742375e-02   6.0170728e-01   2.4416599e-01  -3.2751501e-01   6.2869902e-01  -2.3640809e-01   3.3471230e-01   3.6153310e-02  -2.0304655e-01  -3.2713602e-02  -2.2507619e-01  -1.3164649e-01   4.8429103e-01  -2.6637061e-01  -5.0764272e-01   7.2856706e-01   3.5972289e-01   8.3717090e-01   2.4855622e-01   7.0688135e-01   1.0506265e-02  -2.4670774e-01   5.1528194e-01   3.8263787e-01  -3.6220968e-01  -2.3899234e-01  -1.2287072e-01  -4.8820767e-01   1.6839634e-01   7.7256333e-03  -4.7476877e-01  -3.8201923e-01  -5.1770668e-01  -2.9236335e-01   2.4893248e-01  -3.5667171e-01  -3.0000042e-01  -3.3046719e-01  -1.2860156e-01  -3.8426869e-01  -1.8497882e-01   8.5013628e-01  -2.4235401e-01   2.5268061e-01  -5.2480713e-02  -8.4752673e-03   5.0972213e-01  -3.0228882e-01   7.6043586e-01   3.8267980e-01   1.7287325e-01  -7.3419389e-02   7.8885356e-01   7.6752497e-02  -4.6346174e-01   5.0198693e-02  -4.5764969e-01   1.3296932e-01  -1.0195006e-01  -2.1522454e-01   2.7305559e-01  -4.2920901e-01  -1.3530671e-01  -1.3523075e-01   3.4680830e-02  -5.2952671e-01  -9.8587909e-02   6.6089126e-01   8.4401779e-01  -1.9136174e-02  -2.9696319e-02  -3.6830487e-01  -3.3897065e-01  -4.7700586e-01   3.2631603e-03   8.7663324e-04  -3.7501330e-01  -2.8428492e-01   5.1611188e-01  -4.5444820e-01   8.4861808e-01  -1.1983820e-01   2.0035003e-01   7.2886279e-01   7.2115657e-01  -2.4542152e-01   7.0568099e-01  -2.0149011e-01  -4.6475953e-02   5.0146941e-02  -1.8271366e-01  -4.1813134e-01  -3.3127002e-01   3.6262655e-01  -3.2737334e-01   5.1512153e-01   8.4841115e-01   1.2142035e-01  -7.2535132e-02   7.3085414e-01  -1.9094722e-01  -2.9513237e-01  -2.3301140e-01   2.0297456e-01  -2.8324882e-01
   1.2941815e-01   0.0000000e+00   1.3993603e-01  -4.8920990e-01   5.1295838e-01  -4.0611750e-01  -4.2506706e-01   1.2494024e-01   4.2045697e-01   3.9650800e-02  -4.7079235e-01   4.4612711e-01   6.7468933e-02  -3.3308051e-01  -2.2677726e-01  -7.5597075e-02   4.2889755e-01  -4.6741632e-01  -4.6934862e-02   4.2590944e-01  -4.5985193e-01  -6.0652834e-01  -4.0038490e-01   1.5547419e-01  -6.2401517e-02   2.5757860e-02   1.0743552e-01  -1.9158026e-01   4.4825762e-01  -3.5736329e-01  -1.2453263e-01  -2.0454876e-01   1.3206797e-01  -2.3986664e-01  -3.2623123e-01   3.0526360e-01   2.0945309e-01  -5.5550637e-02   1.9160560e-01   5.4694874e-01   1.5738785e-01   1.4433548e-01   1.3873130e-01  -4.8999743e-01  -2.8265249e-01   3.0047001e-01  -2.4774557e-01   1.5789944e-01  -1.8536026e-01   2.6316461e-01  -5.2350860e-01   8.6807335e-02   5.8093803e-01   1.4662175e-01  -2.5824549e-01  -4.2567831e-01  -6.4137769e-03  -3.3168613e-01  -1.5238638e-01  -2.2572217e-01   1.8393658e-01  -3.3540371e-01   6.1677959e-01   1.5015955e-02   2.0401909e-01   2.3649596e-02  -1.4666747e-01   4.0344426e-01  -4.1938735e-01  -5.2772173e-02   6.7209572e-01  -3.7625070e-01   2.6106251e-01   3.0103744e-01   2.2229434e-01  -2.2495755e-01   1.7123225e-01  -2.7806132e-01   6.0939415e-01   3.0875917e-01  -5.6213585e-01  -1.7440031e-01   3.1199386e-01  -4.9364348e-02   8.9600783e-02  -9.1648114e-02  -2.1598373e-01   1.1309509e-01   6.5426819e-01   2.4297332e-01   6.1331730e-01   1.4402124e-01   1.2902727e-01  -2.3933497e-01   1.2019075e-01   6.0187668e-01  -1.6212933e-02  -1.6123632e-02   3.7151624e-01  -6.0293430e-01  -2.2873893e-01  -3.4980930e-01  -6.8441294e-01  -2.1587984e-01  -6.0554418e-01  -2.7572996e-01   2.4705587e-01  -3.3447049e-01  -2.8214578e-01  -3.8517605e-01   2.1091402e-01  -6.2024175e-01  -1.3661236e-01   2.4120085e-02  -3.7033346e-01   5.7645869e-01  -1.7597553e-01   5.5736211e-02   5.4393754e-02  -4.0623331e-01   1.8399131e-01   5.1547877e-01   4.2227978e-01   4.4607811e-01   2.4390219e-01  -2.6229751e-01  -5.7236422e-01   2.2274857e-01  -5.4654964e-01   1.7558242e-01   2.9115085e-01   1.7613167e-01   2.4307057e-01   1.1583516e-01  -5.1434912e-02  -1.1421869e-01   1.2765262e-01  -3.0839866e-01  -3.0652968e-01  -1.5212817e-01   4.4767708e-02   7.0750435e-03  -2.7841663e-01  -3.2005922e-01  -5.0712705e-01  -2.6536072e-01   4.8706536e-01   2.9894066e-01  -4.0838937e-01  -4.6928496e-02   8.2921967e-02  -5.7685796e-01   2.5061436e-01   3.3507332e-01   7.4891937e-01  -1.8780774e-01   1.2000844e-01  -1.1004745e-01   2.0467262e-01  -4.6545049e-01   4.7842944e-02  -2.4033387e-01   2.8571848e-01  -4.7708028e-01  -1.7775883e-01   5.2646651e-01  -1.9204175e-01  -1.8653438e-02   2.3962751e-01   4.7442927e-01   1.3694522e-01   2.3191265e-02  -7.6899135e-02  -5.4155549e-02  -2.7349924e-02   1.8885895e-01  -3.2199851e-01
   2.5796427e-01   1.3993603e-01   0.0000000e+00  -4.7169680e-02   8.1576454e-02   3.0962842e-01   2.6365432e-02  -1.7221309e-01  -2.3521654e-01   6.2584801e-03  -2.3970229e-01   4.4191096e-01  -3.0293948e-02   1.8057472e-01   4.5517464e-02   3.2917914e-01   7.8404922e-01  -1.3851137e-01  -6.3721762e-02   2.8272429e-01  -3.3216511e-01   3.8650689e-02  -1.8712865e-01   1.9677330e-01  -4.0027626e-02  -1.2309081e-01  -2.3512451e-02   2.3225568e-01   7.0311650e-02  -5.0382484e-02  -2.0199121e-01  -1.2642000e-01   2.0503803e-01   8.4342514e-03   1.0549626e-02   4.5936133e-03  -1.7664559e-01   8.9343357e-02   1.3616403e-01   3.4050511e-01  -1.4822222e-01   3.1170113e-01   5.0440321e-02  -7.8309174e-02  -1.0052200e-01   3.5867886e-01  -5.0645707e-02  -2.7401258e-01  -2.6070326e-01   4.3578616e-01  -1.0283180e-01  -1.1609246e-01  -2.6692479e-01   3.6329248e-01   3.3614108e-04   1.0481977e-01  -1.6107565e-01   2.5018458e-02  -6.8806491e-02   1.1747480e-01   3.2545038e-01   3.1561939e-02  -3.5198547e-02  -2.2723228e-01  -4.5297006e-01   7.6256684e-02   1.4930854e-01   1.2424945e-02  -8.7700139e-02   6.2709155e-01   7.2270482e-02  -7.8941121e-02  -2.3393070e-01   5.4393764e-01  -1.4478943e-02  -1.1593244e-01   2.3679271e-01  -1.5998436e-01   2.9076327e-02  -9.8068691e-02   1.2561782e-01   1.1849297e-01  -1.6316110e-01  -6.9451947e-02   5.2461056e-01  -1.5477473e-01  -2.6991356e-01   1.5198313e-01   6.3922552e-02   1.7788090e-01  -3.0035894e-02   4.9544083e-01   1.4653585e-01  -1.6930263e-01   1.4967627e-01   2.2643531e-01   1.4957706e-01  -2.3623730e-01  -4.7407287e-02  -1.8708876e-01   1.6694903e-01  -1.3495910e-02  -4.7289865e-02   4.6742402e-02  -1.9699224e-01   2.0182860e-02   2.6737253e-01  -1.9064274e-01  -1.1394621e-01  -7.5766027e-02   1.6617903e-01   7.1423533e-03   1.6675763e-02   1.9856710e-01   6.7189699e-02  -3.0830408e-01  -1.2645338e-01  -1.7700008e-02   2.9364280e-01  -8.5536834e-02   2.0035082e-01   1.8983130e-01   2.7198886e-01  -3.6327667e-01   2.0010309e-01   1.9635684e-01  -9.5070352e-02  -2.0188453e-02  -1.2587350e-01   6.1128924e-01   4.8920788e-03  -2.2484228e-01   2.5886969e-01  -3.4495514e-01   1.6732600e-01  -1.9458638e-01   1.0477264e-01  -6.7608937e-02   5.4646595e-02   1.5576471e-01   2.2162642e-01  -2.9996701e-02  -3.1744006e-02   3.5573205e-01  -5.3298911e-03  -2.7916989e-01   1.1632103e-01  -1.4392244e-01  -8.5498925e-02  -4.9854686e-01   4.4234609e-01  -1.0055387e-01   2.7976372e-01  -2.9148286e-01   5.0364148e-01   1.4265330e-01   1.4525117e-01  -2.2070779e-01   4.0088373e-01  -8.2944301e-02  -6.3960336e-03  -1.4452758e-01  -2.0958294e-01  -2.9584215e-01  -1.4979823e-01   9.4611300e-02   9.3543856e-02   7.9353238e-02   2.7563761e-01   1.3924554e-01  -7.4462166e-02   1.6332375e-01  -2.3220250e-01   4.2484432e-01   1.3507184e-01   4.1956737e-02   1.1526549e-01
  -4.1988469e-01  -4.8920990e-01  -4.7169680e-02   0.0000000e+00  -3.6656958e-01   4.3014047e-01   4.1041411e-01   2.4021065e-02   5.8959683e-02  -1.2389739e-01   3.1026812e-01  -2.6448474e-01   8.5182497e-02   3.7038697e-01   3.8501484e-01   3.0479193e-01  -2.6626369e-01   5.1503289e-01   2.4047613e-01  -3.4512032e-01   4.6957464e-01   6.8548095e-01   2.9494522e-01  -4.8018186e-01   1.2937190e-01   1.6624198e-01  -1.4366136e-02   6.4206559e-02  -1.4077346e-01   5.4954366e-01   5.3753444e-01   3.0499412e-01   1.6078384e-01   8.1498534e-02   4.6516231e-01  -3.1342262e-01  -2.0252720e-01  -1.7217608e-01   2.7703245e-01  -3.3629302e-01   1.2842750e-01   7.3659102e-02  -1.0331565e-01   5.3492718e-01   3.4517154e-01  -4.1216807e-01   2.0100313e-01   2.2885765e-01   4.4980479e-01  -2.7780841e-01   5.6412492e-01  -1.8742624e-02  -2.9533695e-01  -1.6133896e-01   2.2637443e-01   2.9221388e-01   2.1542054e-01   5.1933072e-01   4.8189544e-01   3.7264454e-01  -3.0959535e-01   4.8893193e-01  -1.5652555e-01   2.2514417e-01   1.7319735e-01  -1.0409794e-01   3.9225568e-01  -1.7969620e-01   4.5805051e-01   6.2145138e-02  -2.7206123e-01   5.3245639e-01   4.0334220e-03  -3.1913431e-01  -2.6347725e-01   3.5150431e-01  -3.2298187e-01   2.6207173e-01  -5.3136716e-01  -2.5087423e-02   4.7709903e-01   4.3309107e-02  -2.0522215e-03   2.1300693e-01  -6.6899790e-02   3.5374171e-01   5.1254240e-01  -4.0772717e-01  -4.9392431e-01  -4.1729298e-01  -4.7223507e-01  -2.7264592e-01  -4.4965452e-01   4.3628914e-01  -2.6430973e-01  -5.1747263e-01   2.4064960e-01   1.9264851e-01  -2.3025990e-02   6.1864758e-01   2.6700831e-01   1.0932993e-01   7.5034492e-01   5.6482852e-01   5.7750181e-01   4.4441500e-01  -7.5254832e-02   5.1389274e-01   4.3545775e-01   2.2001075e-01  -3.2273878e-01   6.7432447e-01   2.5284660e-01  -3.1601808e-01   4.2278644e-01  -3.4492675e-01   2.5466149e-01  -8.5880764e-02  -1.5415652e-01   6.7345992e-01  -4.2012347e-01  -6.0784409e-01  -2.6830249e-01  -3.0798956e-02  -4.1231754e-01   2.9860280e-01   6.4005495e-01  -8.4351344e-02   6.4717390e-01  -7.6891484e-02  -1.7144298e-02   6.2768552e-03  -1.9201939e-01   2.5700987e-01   3.4626844e-01   2.4542142e-01   2.9974175e-02   5.2105308e-01   4.1536442e-01  -1.6745386e-01  -3.8471821e-01  -3.5321850e-02   2.4485881e-01   3.9861029e-01   5.3997643e-01   4.9649988e-01  -4.0212424e-01  -2.7596661e-01   1.0134456e-01   3.2661734e-01  -5.4310321e-02   5.7586089e-01  -4.6160706e-01  -1.7901901e-01  -4.8022721e-01  -1.5020964e-01  -3.9548175e-01   3.9424701e-01  -3.2106248e-01   3.4611587e-01   5.6954179e-02   2.9209978e-01  -1.9148654e-01   6.4248614e-01   3.8386534e-01  -5.8781503e-01   6.6107831e-02  -1.0393922e-01  -4.4340560e-01  -3.0366225e-01  -1.8759175e-01  -3.6926390e-01   2.0957364e-01   1.8394340e-01   2.5106383e-01  -1.5572370e-01   5.2057041e-01
   2.2969537e-01   5.1295838e-01   8.1576454e-02  -3.6656958e-01   0.0000000e+00  -2.1252132e-01  -6.2097998e-01   1.6366509e-01   1.0892045e-01  -3.2657921e-01  -4.7531716e-01   2.9547610e-01   2.5375342e-01  -4.0919684e-01  -1.9790044e-01   2.6201801e-02   4.5686552e-01  -2.8438978e-01   1.0725624e-01   8.3604336e-01  -6.6923491e-01  -4.4179078e-01  -7.2801164e-01   2.5466651e-01  -8.9810506e-02   2.6938875e-03   4.4123288e-01  -1.1067709e-01   4.6249382e-01  -3.9781438e-01  -5.1194392e-01  -1.9214585e-01   2.8345578e-01  -4.9894027e-01  -5.0800586e-01   7.4408629e-01   3.4190584e-01   6.2480693e-04   1.5569171e-01   3.6346373e-01   2.8914838e-01   2.0057390e-01   4.6448682e-01  -6.2817385e-01   1.7853486e-01   2.2202433e-01   2.3357949e-01  -1.2380115e-01  -7.7752053e-02   2.1458102e-01  -3.6761917e-01   5.2162268e-02   3.4118653e-01   2.8139897e-01  -4.3667396e-01  -5.4418526e-01  -1.0401931e-01  -2.5391060e-01  -5.8929625e-02  -2.5928660e-01   9.1883504e-02  -9.0221176e-02   5.9324720e-01  -3.0180782e-01   3.9080328e-01   8.7181411e-02   1.9042835e-01   3.5003421e-01  -1.0132171e-01  -2.5183350e-01   4.2791601e-01  -1.3598773e-01   2.6113255e-01   3.1794004e-01   4.4955866e-01  -3.0458461e-01   9.4931926e-02  -5.3798265e-02   8.1935112e-01   4.9101071e-01  -6.1609811e-01  -3.8325783e-02  -1.7872495e-01  -4.0624093e-02   5.4511253e-02  -3.0476608e-01  -5.2177592e-01   1.2891565e-01   7.4483243e-01   2.9241977e-01   7.5863649e-01   1.1623890e-01   2.2075265e-01  -1.1892774e-01   5.9007499e-02   7.8630501e-01   1.3191604e-01   3.5010561e-02   6.2568473e-01  -5.0887572e-01  -3.7802959e-01  -5.6409264e-01  -6.2144744e-01  -3.2365966e-01  -6.6450328e-01  -5.0526504e-02   3.6295692e-01  -2.3525970e-01  -4.0419113e-01  -2.3323310e-01  -1.5180929e-01  -5.3417918e-01  -2.5845569e-02   1.7591617e-01  -6.0166103e-01   6.3641415e-01  -1.2461191e-01   1.8856331e-01   8.2695240e-03  -2.5287524e-01   1.7970234e-01   8.4811722e-01   5.0396915e-01   3.8832791e-01   2.4060799e-01  -2.9269527e-01  -3.0509775e-01   3.9733150e-01  -4.0400603e-01   1.5865156e-02   4.0618316e-01   1.0363947e-01   1.5664468e-01  -3.6128604e-01   3.8149124e-02  -1.3833462e-01   3.3214619e-01  -6.0320702e-01  -2.9295439e-01   1.5053132e-02   1.9036184e-01   2.8361967e-01  -1.8392071e-01  -4.1037539e-01  -4.7398894e-01  -3.8382253e-01   5.3969417e-02   3.8330054e-01  -3.3159056e-01  -3.1073951e-01   8.0617780e-02  -7.3160078e-01   3.1800738e-01   1.1975770e-01   5.9380214e-01  -3.0311957e-02   8.2267896e-02  -5.0713194e-02   2.0395772e-01  -4.6566295e-01   3.8444533e-01  -1.9197147e-01   5.6795642e-02  -3.6082974e-01  -4.7916926e-02   7.9818703e-01  -3.9403606e-01  -1.7414853e-02   2.5931221e-01   5.4204436e-01   4.4267128e-01   3.9053922e-02   2.7795826e-01  -6.0220337e-02   7.3312248e-03   2.9672442e-01  -1.5704673e-01
  -3.0601370e-01  -4.0611750e-01   3.0962842e-01   4.3014047e-01  -2.1252132e-01   0.0000000e+00   6.4224224e-01  -1.4861200e-01  -1.2655237e-01   6.7093159e-02   3.7904508e-01   2.8502861e-01   2.4213842e-02   1.5207374e-01   5.1311827e-01   4.8894867e-01  -1.3189340e-02   4.8915462e-01   3.9332201e-01  -2.8883237e-03   2.0862448e-01   5.1983024e-01   2.7049252e-01  -3.7685960e-01  -3.1377954e-02  -5.7997852e-04   2.1144549e-01   6.0577042e-02  -2.9144364e-01   4.6912672e-01   8.9751552e-02   5.2790805e-02   2.9865571e-02   4.5905693e-01   4.9219386e-01   1.2491894e-01  -7.5763147e-02  -2.0428873e-01   1.7235920e-01  -1.9701929e-01  -5.2338875e-02   9.4023911e-02   2.1014155e-01   3.3426138e-01   4.1162946e-01  -3.1766264e-01   5.0275016e-01   1.2317644e-01  -3.9855169e-02  -8.3890782e-02   5.9315217e-01  -3.8370087e-02  -2.5277061e-01  -8.4090798e-02   2.1664695e-01   5.3232462e-01   3.2031795e-01   2.5465333e-01   1.0446290e-01   4.3104977e-01  -3.0989636e-01   3.2973450e-01  -3.4603054e-01  -9.0319279e-02  -1.5518415e-01   3.2815844e-01   6.9642711e-01  -1.8380615e-01   5.1907230e-01   3.8359290e-01  -3.9906678e-01   4.5833633e-01  -2.4547561e-01  -6.7389595e-02  -2.6889470e-01   7.6230257e-02  -3.3850302e-01   1.8650495e-01  -4.6175498e-01  -2.9328042e-01   4.3621724e-01   1.8611091e-01  -2.7256947e-01   1.0591919e-01   1.2199184e-01   7.4449842e-02   2.5181722e-01  -2.8618406e-01  -5.3297268e-01  -4.2824673e-01  -4.3979899e-01  -1.4857134e-01   1.8320813e-01   2.8710319e-01  -3.9805883e-01  -3.9651721e-01   2.1636592e-01   6.0388776e-02  -7.2679822e-02   5.6701549e-01   9.1887644e-02   2.4529902e-01   4.4359661e-01   3.7106318e-01   4.1999551e-01   2.2415114e-01  -1.3920980e-03   4.9601747e-01   7.3062937e-02   5.5038297e-01   1.8847262e-01   4.5078070e-01   1.4963448e-01  -3.4021789e-01   2.9848555e-01  -5.1509450e-01  -5.1829691e-02  -9.0517131e-02  -7.4424867e-03   2.6540407e-01  -4.0296349e-01  -3.0916535e-01  -5.1822260e-02  -3.5068520e-01  -4.1879305e-01   2.3490960e-01   5.9087381e-01  -1.8313239e-01   3.6075750e-01   1.2332218e-01  -2.4676759e-02  -3.9497216e-02  -7.7422577e-02  -1.1634830e-01   3.8456492e-01   1.8807883e-02  -8.9888172e-02   3.0337959e-01   2.1859086e-01  -2.9530173e-01  -3.1970556e-01  -2.2398533e-01   2.2993310e-01   7.2018505e-01   4.7213857e-01   1.2980479e-01  -1.7258102e-01   6.7275984e-02   6.0270454e-01  -2.4881976e-01   9.5284920e-02   3.7329509e-01  -3.9103041e-01  -1.3167882e-01  -6.4698696e-02  -2.1498777e-01  -4.1885660e-01   9.2199013e-02  -2.5580016e-01   8.9813172e-02   2.8239091e-02   7.3144012e-02  -1.0496444e-01   2.9406469e-01   2.0717285e-01  -2.6586610e-01   3.6838500e-01  -1.7821820e-01  -3.6673173e-01  -8.4792182e-02   3.1636291e-02  -3.0986269e-01   2.9924649e-01   7.2875226e-01   1.5850186e-01  -1.2331952e-02   4.8055953e-01
  -4.4751692e-01  -4.2506706e-01   2.6365432e-02   4.1041411e-01  -6.2097998e-01   6.4224224e-01   0.0000000e+00  -2.6657441e-01   6.9640606e-02   3.8423743e-01   4.2719675e-01   1.8518471e-01  -1.0830110e-01   4.6761506e-02   5.6621433e-01   2.7222553e-01  -3.0481129e-01   4.9963581e-01   2.4628411e-01  -3.7031735e-01   6.0456029e-01   4.3731070e-01   6.5104867e-01  -5.0861642e-01   9.0446667e-02  -6.5037567e-02   6.2064920e-02  -2.2461980e-01  -4.2470923e-01   5.4218150e-01   4.0732240e-01   1.3778595e-02  -2.4844063e-01   6.9602686e-01   7.2018514e-01  -2.3559319e-01  -2.2369389e-01  -1.0920311e-01  -3.8024990e-02  -1.4521925e-01  -2.0292838e-01  -1.3282227e-01   8.4655959e-02   4.5407473e-01   2.5074557e-01  -3.3704196e-01   1.3285358e-01   4.9755142e-01  -6.6099633e-04  -1.1795180e-01   5.6767892e-01  -1.9957437e-01  -5.6785034e-02  -4.2758188e-01   1.5987157e-01   5.0833838e-01   2.2435147e-01   1.3348563e-01   1.1746035e-01   5.1898875e-01  -3.3033033e-01   2.6544998e-01  -5.0965570e-01   6.0662613e-02  -1.9976616e-01   3.1975849e-01   3.0917757e-01  -2.7488862e-01   2.3142824e-01   3.4365393e-01  -3.1378747e-01   3.1107756e-01  -2.1449965e-01  -4.3255001e-01  -4.7509380e-01   1.6878173e-01  -3.2672950e-01   4.5568007e-02  -6.5747045e-01  -4.6544705e-01   3.7842667e-01   1.1958217e-01   7.4723885e-03  -8.4839791e-02  -1.7484134e-01   1.0392079e-01   5.6029570e-01  -4.7404122e-01  -7.5105745e-01  -4.9047832e-01  -6.5874754e-01  -2.7720253e-01  -7.1348155e-03   3.6177198e-01  -2.1530295e-01  -6.7734529e-01   2.3882153e-02   8.8823728e-03  -2.7840906e-01   7.1365792e-01   2.3974501e-02   4.1589866e-01   5.1445131e-01   4.0787873e-01   6.2051756e-01   4.9801220e-02  -3.9137948e-01   3.3840264e-01   2.5769267e-01   4.2559299e-01   3.3646227e-01   3.7994835e-01   7.8231637e-03  -3.8506071e-01   3.4995402e-01  -5.7942969e-01  -1.0144019e-01  -6.9470129e-02  -3.0584100e-01   1.8370394e-01  -4.7064223e-01  -6.4216828e-01  -2.2438027e-01  -2.6567336e-01  -4.8073238e-01  -1.2891181e-03   6.2994720e-01  -3.8222507e-01   3.7620098e-01   3.0376137e-02  -2.7469026e-01   1.9656414e-01  -4.2001519e-01   2.3315759e-01   2.2052268e-01   1.7681026e-02  -4.1329935e-01   6.3451619e-01   6.9898208e-02  -2.6503967e-01  -4.1926841e-01  -3.5846487e-01   7.2980157e-02   5.2302712e-01   5.0109971e-01   2.8985968e-01   6.6162276e-02  -5.7946923e-02   6.4305346e-01   1.7153437e-01  -2.3147668e-01   5.6741776e-01  -5.4778995e-01  -3.6975781e-02  -2.9469123e-01  -2.4740596e-01  -4.3060988e-01   8.3536090e-02  -4.0594077e-01   1.1063449e-01  -1.7892743e-01  -2.0127819e-02   8.2898774e-02   3.9530082e-01  -5.1493595e-03  -5.4157958e-01   6.2904202e-01  -3.5242418e-01  -4.8631452e-01  -3.8295653e-01   1.2206240e-03  -2.9532574e-01   9.8924227e-02   3.8371817e-01   9.0020812e-02  -2.9348904e-01   1.9146420e-01
   1.3971250e-01   1.2494024e-01  -1.7221309e-01   2.4021065e-02   1.6366509e-01  -1.4861200e-01  -2.6657441e-01   0.0000000e+00   7.9640955e-02  -3.6305307e-01   1.0206331e-01  -1.2627904e-01  -2.3535135e-02   1.2503871e-01  -2.4579607e-02   9.0902535e-02  -8.7238004e-02  -2.4193733e-02   7.7593955e-02  -2.9249587e-02  -2.3795928e-01  -1.8131074e-01  -2.7381032e-01   1.2324128e-01   6.0433840e-02   3.7035781e-01  -5.6456851e-02   2.2129112e-01   9.6666311e-02  -1.7554787e-01  -3.9502789e-02   4.5855424e-01   2.3269973e-01  -2.9720993e-01  -1.6987284e-01  -6.9926771e-02   1.7968063e-01   1.1566022e-02   2.6572137e-01  -1.9221737e-01   1.8840298e-01   1.3969150e-01   1.1253718e-01   3.4339566e-02  -8.8531122e-02   1.3747946e-01   6.4055526e-02  -2.2159537e-02   2.4749169e-02  -2.8331172e-01  -1.3521383e-02   6.9173026e-01   1.1711460e-01   1.2603050e-01   5.7276576e-02  -4.9789523e-03   8.1664908e-02   5.1690633e-02   2.2756180e-01  -3.2977828e-03   2.1621276e-01  -8.9188763e-02   2.0075712e-01   1.4969654e-01   1.2880854e-01  -1.1673007e-01   1.0767591e-01   2.3101612e-01   1.4644525e-01  -2.2924969e-01  -3.7046331e-02  -2.0936599e-02   2.0312310e-01   9.4691799e-02   1.8508686e-01   2.2791996e-01   2.1833894e-01  -3.4893775e-02   9.8897712e-02   2.2990300e-01   1.4173336e-02  -1.0996837e-02  -1.5237763e-01   2.8933949e-01   1.2803996e-01   4.4818380e-01  -1.9778345e-01   1.9632312e-01   2.2030228e-01   1.9697019e-01   1.2217647e-01   1.5284931e-01  -3.4071861e-01  -4.8869582e-02   5.7806471e-02   2.1361711e-02   7.9778418e-02   2.5051683e-01   1.6290540e-01  -2.4442177e-01   6.4876230e-02   3.0965981e-02  -9.3388050e-02  -1.2808433e-01  -2.5881016e-02   2.1884148e-01   1.6789932e-01   3.2279200e-01  -2.0448495e-01  -8.8030731e-02  -3.4865467e-01  -6.4573581e-02   1.2935114e-02   2.0319852e-01  -5.2814298e-02   2.2947548e-01   4.0546202e-01   5.1135026e-02   2.6384492e-01   7.5897234e-02   2.3393995e-01   7.0000222e-02   8.3180089e-02   1.7190929e-01   2.0525244e-01   8.9933602e-02  -9.1917687e-02   7.8687110e-02   8.6538878e-02  -1.5874740e-01   1.7719131e-01  -1.1453146e-03   3.1201110e-01  -7.1755802e-02   1.5776828e-02   5.4834329e-01   6.6162824e-02  -2.0195605e-01   4.0531372e-01  -3.3739083e-02   1.3875698e-01   8.3919506e-02   3.7111953e-01  -2.4704399e-01   1.8411321e-02  -3.5571457e-02  -2.2804726e-01   2.3135979e-02  -3.9345700e-01  -1.3607417e-01   7.7607584e-02  -1.4157256e-01   2.1478852e-01   7.2825280e-02  -4.1700784e-02  -1.8635256e-02   2.2330474e-01   2.5043311e-01   2.0093126e-01   6.0566629e-02   2.1240117e-01   3.3112135e-01  -1.3190747e-01   1.0714977e-01   9.2921405e-02   1.7767036e-01  -1.0330196e-01   3.6248418e-01   2.2847095e-01  -2.9754015e-02  -1.4086302e-01   8.7350529e-02   1.0515739e-01  -1.8246306e-01   2.4201210e-02  -4.3825521e-02  -1.5172449e-03
  -2.1194913e-01   4.2045697e-01  -2.3521654e-01   5.8959683e-02   1.0892045e-01  -1.2655237e-01   6.9640606e-02   7.9640955e-02   0.0000000e+00   2.3455743e-01  -7.5305136e-02   7.0009797e-02   9.9478221e-02  -2.1846592e-01  -6.5798425e-02  -4.4593294e-02  -1.5625391e-01  -7.6777652e-02   1.0614866e-01   2.3440457e-02   4.8225781e-02  -7.1864693e-02   7.5815979e-02  -2.0663030e-01  -2.5159392e-02   1.1355749e-02   2.0761794e-01  -2.7473346e-01   1.8010440e-01   2.9750790e-01   3.8533579e-01  -1.1834539e-01  -2.5784036e-02   5.5827469e-02   7.9180057e-02   1.4131232e-01   6.6489493e-02  -2.0679886e-01   2.8162600e-01   1.3363567e-01   1.7075116e-01  -8.9682489e-02   2.5790775e-01  -5.9310748e-02   3.0906486e-02  -7.1218937e-02   3.0956258e-03   5.6198961e-01   1.0061245e-02  -1.6525822e-01  -1.0948455e-01  -6.0344223e-02   4.7114005e-01  -2.3645449e-01  -5.1375889e-02  -1.9575695e-01   1.0813306e-01   1.4355303e-02   4.1792678e-02  -4.1382770e-02  -1.7948099e-01   2.5495097e-02   3.0706338e-01   4.1844091e-01   3.8391459e-01   1.8826495e-01   4.5845864e-02   1.6434697e-01  -1.0592495e-01  -2.2393202e-02   2.7635410e-01  -6.7140256e-03   2.2534225e-01  -2.1903926e-01  -1.9659049e-01  -4.0717805e-02  -1.4125867e-01  -1.0590524e-01   5.1294834e-02   7.5090242e-02  -2.5283611e-01  -2.6556355e-01   1.8087233e-01   6.5393044e-02  -2.8589037e-01  -3.6501815e-02   2.2189761e-01  -1.8955198e-01   2.8232427e-02  -1.4313125e-01   6.3431199e-03  -2.5567647e-01  -1.4553437e-01   2.9981187e-01  -6.7926876e-03  -4.6059603e-02  -5.5509382e-03   1.4730980e-01   2.6458441e-01   1.6643889e-02  -1.4314514e-01  -2.3706303e-02  -9.0986642e-02   3.8012826e-01  -5.4568172e-02  -8.1175961e-02  -1.5703648e-01   2.3904320e-02  -1.0561602e-02  -1.0046627e-01   1.0965102e-01  -1.6947821e-01   9.2257409e-02  -2.2410598e-01  -8.6524968e-02   3.1270385e-01  -1.7995201e-01  -3.4763406e-02  -1.7677355e-01   1.0423143e-01  -1.6938567e-01  -9.2091461e-02  -1.4017208e-02   4.1635180e-01  -1.3119731e-01  -2.1116941e-01  -6.1386927e-02  -4.4809509e-02   3.6257259e-02  -3.8451665e-02   6.5375136e-02   2.6037322e-01  -1.7155702e-01   4.5701675e-01   1.4901909e-01   6.7012559e-02  -1.6311621e-01   1.9695580e-01  -1.4629436e-01  -2.4920133e-01  -3.0051981e-01  -8.3759547e-02  -1.9909769e-01  -7.8769439e-02  -1.9765013e-01   4.0362803e-01   2.0133721e-01   3.5520620e-01  -3.6073382e-02   2.4705382e-01  -2.1165315e-01  -4.6896278e-02  -1.9182214e-01   4.9593423e-01   1.5479294e-01  -1.9650902e-01  -2.3502763e-01   4.2601514e-02  -2.5122024e-01  -2.0909955e-01  -2.7609319e-02   4.1711243e-02   2.6638313e-01   6.5102107e-02   1.3447153e-01   8.4183195e-04  -2.8329189e-02  -1.6746495e-01  -2.0269591e-01  -3.8086012e-02  -5.5331729e-02  -1.8208669e-01   2.5208571e-01  -6.9654460e-02   2.6835446e-02  -4.1993699e-02  -1.2986855e-01
  -1.8288056e-01   3.9650800e-02   6.2584801e-03  -1.2389739e-01  -3.2657921e-01   6.7093159e-02   3.8423743e-01  -3.6305307e-01   2.3455743e-01   0.0000000e+00   2.7200138e-01   5.5646444e-02   2.9085443e-02  -1.6637949e-01  -2.1490163e-01   8.4107046e-02  -1.3686594e-01   1.1062454e-01   1.2734297e-02  -4.9103336e-02   4.7278089e-01  -3.2296052e-02   6.7157047e-01  -2.0468672e-01   5.6078876e-02  -1.4674193e-01  -1.6483079e-01  -2.5124929e-01  -7.8668629e-02   1.2428606e-01   2.9439505e-01  -1.8200943e-01  -3.2069274e-01   7.6659857e-01   1.3099890e-01   8.9800143e-02   1.3571221e-01  -2.1276858e-01   7.2968173e-02   2.1611536e-01   3.1915847e-02  -2.6346796e-01  -2.2876919e-01   1.4353725e-01  -8.7879332e-02  -1.2596907e-01  -3.3781154e-02   2.4280589e-01  -1.3726020e-01   8.2916983e-02   8.0277096e-02  -2.1808377e-01   2.5145598e-01  -3.4588585e-01  -5.6019081e-03   2.7093423e-01  -6.1129260e-02  -3.5383150e-02  -8.8989737e-02  -1.6830622e-01  -1.3898210e-01  -1.6640353e-01  -3.5726303e-01   1.8993552e-01  -2.3218839e-01   3.7722773e-01  -1.5303345e-01  -2.1193976e-01  -2.4618792e-01   8.8134886e-02   9.1377758e-02  -1.2125980e-01   4.6250789e-02  -2.6815351e-01  -2.6837076e-01   5.1949463e-02  -1.3485032e-01  -1.7054002e-01  -2.0684746e-01  -3.5333854e-01   9.6552616e-04   4.2945153e-02   3.2566470e-01  -1.6043359e-01  -3.6042456e-01  -1.6705012e-01   2.1575964e-01  -1.5818678e-01  -3.3264817e-01  -2.5851352e-01  -1.5179143e-01  -8.9925180e-02   5.3361132e-01  -4.7353348e-02  -8.0932797e-02  -1.3787754e-01  -2.5043270e-01   7.1059605e-03  -3.1005409e-01   1.4048086e-01  -2.7336254e-02   3.9771169e-01   4.3637635e-02   3.4204016e-02   2.2663810e-01  -2.8511389e-01  -3.9773529e-01  -2.2599861e-01   9.8995829e-02   3.7163413e-01   7.2960393e-01  -1.4304517e-01  -3.0394414e-01  -2.3250761e-01   2.3081577e-01  -2.4236888e-01  -2.0627187e-01   1.4822011e-01  -2.2707559e-01  -7.7984716e-02  -1.5967650e-01  -2.0433627e-01  -2.2258884e-01  -1.4008707e-01  -2.8402671e-01  -1.8204766e-01  -5.7464721e-02  -3.6183462e-01   3.6764283e-02  -1.5551825e-02  -1.1890965e-01   2.1067861e-01  -1.3832893e-01   4.3626707e-01  -2.2835488e-01  -1.6914616e-01  -4.5180640e-01   3.3241200e-01  -1.1625419e-01  -1.2523729e-01  -2.0857280e-01  -2.9695937e-01  -2.0908625e-01   1.2030167e-01  -4.2598282e-02   1.2488347e-01   6.7361611e-01   2.6204271e-01   5.0667822e-01   1.9143450e-01  -3.1748882e-01   2.2845893e-01  -2.2028250e-01   2.4134121e-01   4.5046867e-02  -7.7107623e-02  -1.8567311e-01  -1.1511467e-01  -2.0413318e-01   7.3217281e-02  -3.4140192e-01  -8.2434649e-02   6.2546441e-01  -9.0355591e-03  -1.6478411e-01  -2.5029825e-01   4.9554102e-01  -3.0292934e-01  -2.5270531e-01   1.5091802e-01  -1.0394009e-01  -9.3179199e-02   2.2732619e-02   1.0272958e-01  -4.6432292e-02  -2.5397792e-01  -2.0505913e-01
  -3.4122176e-01  -4.7079235e-01  -2.3970229e-01   3.1026812e-01  -4.7531716e-01   3.7904508e-01   4.2719675e-01   1.0206331e-01  -7.5305136e-02   2.7200138e-01   0.0000000e+00  -3.3836527e-01  -2.8883471e-02   1.7106346e-01   2.3685882e-01   2.4892372e-01  -4.6160106e-01   6.9161511e-01   2.7820607e-01  -4.4205246e-01   5.9127816e-01   3.7003260e-01   6.0611097e-01  -3.6666113e-01  -8.2607516e-02   1.1777682e-01  -2.2606976e-01   1.8960928e-01  -4.4222896e-01   3.3118835e-01   4.8527965e-01   2.1433262e-01  -2.7420958e-01   5.2629134e-01   3.3239458e-01  -9.5422694e-02  -1.6667501e-02  -3.3030143e-01   2.2182096e-01  -5.5969070e-01   6.6848655e-02  -2.3414415e-01  -2.9599406e-01   6.2963107e-01   2.9250940e-01  -4.1759037e-01   4.3460196e-01   8.4380800e-02   1.5976306e-01  -3.8778429e-01   6.7162440e-01   2.4025919e-01  -3.0688920e-01  -4.5704619e-01   2.9552523e-01   6.8321297e-01   3.7118199e-01   2.6769841e-01   2.9120896e-01   1.2918426e-01  -2.1444877e-01   1.0249383e-01  -4.9000669e-01   3.7321558e-01  -1.2555021e-02   1.3322863e-01   1.7849304e-01  -2.8725833e-01   4.6353734e-01  -5.6409642e-02  -5.8953715e-01   3.6759287e-01   1.4401935e-02  -3.5721056e-01  -4.3704895e-01   3.5368526e-01  -2.4501354e-01   2.4404773e-01  -6.5602317e-01  -4.1641332e-01   5.5828982e-01   1.5947387e-01   1.0519507e-01   7.9281484e-02  -1.6063854e-01   3.1229151e-01   3.3592405e-01  -2.4780538e-01  -6.5169193e-01  -4.6072449e-01  -5.4122869e-01  -2.4207382e-01   8.0718598e-04   2.5923104e-01  -3.3861758e-01  -6.1098234e-01   2.9387987e-02   2.9722036e-01  -1.9378748e-01   4.3155610e-01   2.8987372e-01   6.1248316e-01   5.4738849e-01   2.0889913e-01   6.5457574e-01   1.4244010e-01  -3.3819247e-01   4.8368916e-01   1.4480549e-01   6.7633095e-01  -5.3203456e-03   4.3602446e-01   3.2481166e-02  -3.6850623e-01   4.9720634e-01  -4.6178904e-01   3.0200018e-01  -2.8663886e-02   8.7600772e-02   3.6816208e-01  -2.9537956e-01  -5.8537834e-01  -5.3589225e-01  -2.4666977e-01  -4.2633717e-01   3.0376690e-01   4.2752815e-01  -3.7697671e-01   4.7515310e-01  -1.9390662e-01  -1.7512396e-01   8.1927290e-02   7.8245805e-02   4.5382888e-01  -9.1444456e-03   2.2778137e-01  -3.6773210e-01   4.7863600e-01   4.3491599e-01  -1.2310710e-01  -2.3848305e-01  -2.9500530e-01   4.5496295e-01   3.9815090e-01   5.0891741e-01   3.2708203e-01  -1.6885770e-01   5.9161882e-02   5.2100154e-01   1.1062709e-01  -1.7422870e-01   5.7448849e-01  -3.9299433e-01   1.0482638e-01  -5.0302782e-01   3.1786968e-02  -1.6960106e-01   2.9861361e-01  -3.1337367e-01   5.1568882e-01  -2.2539225e-01   5.1894843e-01   2.2038609e-01   5.2453539e-01   1.2383127e-01  -5.5242950e-01   4.5176647e-01   1.1918488e-01  -3.6132513e-01  -2.4897848e-01  -3.3371535e-01  -2.0625924e-01   3.6008895e-01   2.7937521e-01  -1.0049438e-01  -9.7005461e-02   1.9458116e-01
  -5.8208922e-02   4.4612711e-01   4.4191096e-01  -2.6448474e-01   2.9547610e-01   2.8502861e-01   1.8518471e-01  -1.2627904e-01   7.0009797e-02   5.5646444e-02  -3.3836527e-01   0.0000000e+00   2.0540471e-02  -3.8781160e-01   3.7277481e-01   1.7142421e-01   4.5852424e-01  -1.7371636e-01   2.0019667e-01   4.5924531e-01  -3.4898566e-01  -2.3498326e-01  -2.2390484e-01  -1.2004252e-01  -3.8980400e-02  -1.3937978e-01   3.6980041e-01  -2.8950142e-01   1.4400095e-01  -1.3312972e-01  -2.8837253e-01  -3.0483059e-01  -3.8133956e-02   1.2312051e-01   2.3164455e-01   2.6642490e-01   1.6036907e-02  -2.5863132e-03  -6.6669940e-02   4.8056927e-01  -7.1085891e-02   1.9531448e-01   5.3714949e-01  -3.2803750e-01   1.2001743e-01   1.2260978e-01  -2.1760697e-02   1.0447664e-01  -2.8135443e-01   3.6297590e-01  -1.6376876e-01  -5.1421589e-02   1.8376250e-01   5.0443731e-02  -2.0182271e-01  -1.1800373e-01   4.3057525e-02  -2.8268236e-01  -2.3943235e-01   3.4758959e-01  -4.8163828e-02   8.1601738e-02   1.9159439e-01  -4.1873462e-01  -1.4479237e-01   3.5060565e-01   2.9170476e-01   2.0768676e-01  -1.7845588e-01   3.0121818e-01   2.7851900e-01  -1.7811960e-01  -1.3637332e-01   2.4530085e-01   1.4814363e-01  -3.4473452e-01  -4.2342474e-02  -1.7616416e-01   3.0238680e-01   5.1755302e-02  -3.4141606e-01   1.0450664e-01  -1.0441955e-01  -1.6664153e-01   1.3596315e-01  -2.5103608e-01  -1.1357215e-01  -1.8748375e-01   2.0133279e-01  -6.8959736e-02   1.9531274e-01   1.4975612e-02   3.4140037e-01   6.5346423e-03  -7.9300580e-03   2.8696116e-01   1.9994935e-01  -1.2955473e-01   2.0775594e-01  -1.3728985e-01  -3.3951991e-01  -2.3222928e-01  -4.0727188e-01  -1.1645266e-02  -3.6829927e-01  -1.7137581e-01   1.8841164e-01  -1.2558033e-01  -1.6578787e-01  -1.3918979e-01   4.6930933e-01  -3.8897491e-01  -5.1340797e-02  -1.1631725e-01  -2.2351417e-01   5.6088772e-04  -3.2789105e-01   5.7454856e-02  -1.0667491e-01  -4.6506265e-01  -1.6355447e-01   3.7035503e-01   6.4903685e-01  -4.2720017e-02  -6.0121999e-02  -3.2426264e-01   3.6421173e-02   1.0097675e-01  -3.1736740e-01   3.0589873e-01   1.8332980e-01   1.4592498e-01   5.2274716e-03  -2.6956809e-01   2.9242530e-01  -2.2906618e-01   1.2707154e-01  -1.5488460e-01  -2.8047984e-01  -3.1081517e-01  -1.8832265e-01  -6.5800248e-02  -2.5887479e-01   1.5225604e-01   1.2376279e-02  -4.0629995e-01   4.2772029e-01   8.1136942e-02   8.9918932e-02  -3.4044403e-01   5.6760931e-02  -3.4473570e-01  -9.1428660e-02  -1.0462017e-01   6.8847465e-01  -3.2421871e-01  -2.3348554e-01  -1.5180473e-01  -4.6019731e-03  -4.9309355e-01   2.0268128e-01  -4.3814483e-01  -2.7486959e-02  -4.2185297e-01  -1.5261514e-01   5.0754161e-01   1.9968270e-01  -2.4773417e-01  -4.1584780e-02   2.5678050e-01   4.8729452e-01  -1.3823599e-01  -6.1345247e-02   4.0691117e-01   1.6720904e-01   5.6442856e-02  -2.3363070e-02
  -2.5809994e-01   6.7468933e-02  -3.0293948e-02   8.5182497e-02   2.5375342e-01   2.4213842e-02  -1.0830110e-01  -2.3535135e-02   9.9478221e-02   2.9085443e-02  -2.8883471e-02   2.0540471e-02   0.0000000e+00  -2.9554297e-01  -6.7570698e-03   2.1561425e-01   3.0670659e-02   1.7422079e-01   2.0687051e-01   2.7371467e-01  -5.8618297e-02   1.3304355e-01  -1.0536533e-01  -3.8899127e-01   4.0011422e-02  -1.7330661e-02   1.9937200e-01  -2.1725928e-01   3.6726673e-01   3.2239146e-02  -9.2204771e-02  -5.9070357e-02   6.9911484e-03   1.8918652e-03  -1.6330910e-01   3.2621531e-01   8.4435536e-02  -2.1417394e-01   2.4952114e-01   1.5714833e-01   7.1133589e-01   7.0003320e-02  -2.6454639e-02   1.2868489e-02   2.0029184e-01  -2.2000698e-01   2.8459022e-01  -3.7203983e-02   6.1673520e-02   9.6911828e-02   1.5708567e-01  -5.7836064e-02  -2.2841078e-02  -1.9888244e-01  -3.3186238e-01  -6.4899382e-02   5.3084550e-02   1.8215772e-01   1.1027888e-01  -3.6233237e-02  -1.6262561e-01   7.4516455e-02   9.7605867e-02  -3.7707307e-02   1.6114254e-01  -1.1475818e-01   1.2124137e-01  -2.4225949e-02   1.3157263e-01  -8.6804688e-02   9.1049008e-02   1.2223655e-01   2.6063398e-01  -1.6700513e-01   4.8963688e-02   7.1419350e-02  -2.1879174e-01   1.8298606e-01   1.1268433e-01   3.9882607e-01  -1.0614413e-01  -7.9464957e-02   9.2361422e-02   9.5138765e-02  -2.7488809e-01  -8.7037659e-02   6.9402218e-03  -4.0428880e-01   7.3847508e-02  -3.0219233e-01   2.3941258e-01  -1.8029276e-01   1.7083552e-01   5.9282857e-02  -1.7384951e-01   2.9561205e-01   2.1229126e-01   2.2499067e-01   2.0927670e-01   9.5497984e-02  -2.8685061e-01  -2.4139518e-01  -2.8448446e-02   1.1597292e-01  -1.2928066e-03   1.2138956e-01  -6.1747788e-02   1.8137967e-02  -8.1062908e-02   6.9471564e-02  -4.1106194e-03   3.1418110e-02   2.9341971e-02  -2.4951244e-01  -1.2819224e-01   7.8925090e-02   1.6204415e-01   6.1164071e-01  -2.8146800e-01   1.4535514e-01  -3.1559408e-01   2.3357357e-01  -5.6737445e-02   3.7229176e-02  -3.0258719e-01  -1.4290450e-01   3.8521175e-02   1.1569797e-02   2.7721084e-01   9.8667401e-03   5.1845851e-01  -9.4674156e-02  -1.0120304e-01   6.1946884e-03   5.8733710e-02  -1.2601365e-02   2.5352431e-01   2.4901014e-02  -4.9270726e-02  -2.1826408e-01  -3.0473997e-01   3.8797123e-01   2.5479107e-02  -5.9487819e-02  -1.2168601e-01   3.3454313e-02   9.0932168e-02   1.0619486e-01   7.3195531e-02   3.7382592e-02  -3.0232565e-01  -4.3912463e-02  -2.4058603e-01   8.8018605e-02   8.4935325e-02  -3.2186130e-01  -2.2812694e-01   2.8350540e-01  -1.6186436e-01  -4.1336451e-02   1.5189964e-01   6.5083830e-02   1.1347433e-01   1.0042477e-01   2.0188812e-01   7.2122052e-02  -7.3500080e-02  -1.9586125e-01  -2.7754605e-01   1.6068478e-01   9.9147370e-02  -3.6797985e-01   1.3824662e-01   2.8316708e-03   1.0337764e-01   1.5217292e-02   9.7774840e-02
   1.8360222e-01  -3.3308051e-01   1.8057472e-01   3.7038697e-01  -4.0919684e-01   1.5207374e-01   4.6761506e-02   1.2503871e-01  -2.1846592e-01  -1.6637949e-01   1.7106346e-01  -3.8781160e-01  -2.9554297e-01   0.0000000e+00  -8.2697212e-02   5.7854765e-02  -5.5278568e-02   7.3605174e-02  -2.4322111e-01  -4.7558908e-01   1.9870442e-01   1.9237673e-01   1.5141837e-01   2.0551220e-01   1.6765947e-02  -4.7798035e-02  -4.7147779e-01   6.6791337e-01  -2.9252922e-01   2.5262159e-01   3.5687404e-01   2.4275334e-01   1.2411694e-01  -2.8844702e-02   1.5603923e-01  -4.7164291e-01  -2.8058296e-01   1.2802387e-02   1.1856294e-01  -4.2795231e-01  -2.1037678e-01   2.0864043e-01  -4.5252801e-01   5.0073102e-01  -2.1161049e-01  -1.2268139e-02  -2.1294216e-01  -1.9238603e-01   1.0913902e-01  -2.6034933e-01   1.4973226e-01   1.0772493e-01  -3.6068293e-01   2.1784225e-01   5.6930879e-01   4.5837849e-01   1.1190625e-01   1.3130318e-01   2.3590104e-01  -5.9672256e-02   9.6469212e-02   4.6033986e-02  -3.0514622e-01   4.0145865e-01  -2.5105686e-01  -2.3133604e-01  -1.3217781e-02  -2.3487972e-01   7.2704410e-02   2.6530141e-01  -3.8517066e-01   5.4702791e-02  -1.5131137e-01   2.3334593e-01  -2.0635444e-01   2.7839993e-01   4.9325698e-02  -4.2791394e-02  -4.1425544e-01  -2.8142243e-01   6.9406681e-01  -3.7634439e-02  -3.6696252e-02   7.5611127e-02   5.2168828e-01   4.3297974e-01   2.5643095e-01   3.9521375e-01  -3.1195389e-01   8.6400528e-02  -4.0975111e-01   1.5668993e-01  -4.3465056e-01  -1.2926936e-01  -7.1185975e-02  -4.2034268e-01  -1.4263674e-01  -1.1802710e-01  -3.1638233e-01   8.7160290e-02   8.2835776e-01   3.6675742e-01   5.1694331e-01   1.6599000e-01   2.7781107e-01   1.6347652e-01   1.7036293e-01   6.4470013e-02   1.2456875e-01   7.4459956e-02  -3.0464327e-01   5.1179326e-01  -2.5727915e-02   9.5559447e-02   6.2218806e-01  -3.0021112e-01   1.9229061e-01  -2.3933713e-01   5.9297735e-01   3.3718330e-01   1.3139966e-01  -4.6124452e-01  -3.0967923e-01  -3.2245997e-01   9.2840161e-02   7.2511632e-01   5.5222055e-02  -1.5887704e-01   1.6184303e-01   1.1425499e-01  -2.2673391e-01  -2.4560140e-01   2.2754210e-01   2.2017996e-02  -1.2254724e-01   2.8470030e-01  -1.1228555e-01   2.2422281e-01   5.0806544e-01   2.3278847e-01   1.8974106e-01  -1.4053852e-02   2.7592996e-01   4.3605194e-01   3.6308712e-01   2.5367780e-01  -3.9865631e-01  -2.9098271e-01  -2.2324713e-01  -8.8691817e-04   6.1718257e-01   5.3742849e-01   1.2437692e-01  -1.1890656e-01  -3.3795411e-01   3.5937912e-01   1.8427205e-01   1.1232267e-01   9.6999261e-02   4.8826636e-01  -2.9865073e-01   3.3678338e-01  -3.3481583e-01   1.7714220e-01   1.0849185e-02  -4.6568144e-01  -5.8885080e-02   4.4658837e-01   1.8937081e-01  -2.0393170e-01  -5.3691931e-01   2.1534291e-01  -1.1054525e-01   1.6369639e-01  -4.5945218e-02  -1.0196720e-01   1.5069763e-01
