   0.0000000e+00  -3.7510642e-01   2.6796024e-01  -2.0648358e-01  -2.0813261e-01   2.2211603e-01  -2.2414450e-01  -2.8842938e-01  -2.7734684e-01  -4.0650226e-01   1.6284824e-01  -2.2724832e-01   4.1136743e-03  -6.4262479e-02   3.6725539e-01   5.5534808e-02   3.8781814e-02  -6.1282523e-02   2.3999590e-01  -4.8928154e-02  -3.3753570e-01  -4.2722188e-02  -1.9230592e-01   7.7441245e-01  -4.0908210e-02  -1.6398748e-01   6.5779484e-02   2.7829259e-01   8.8644534e-03  -1.9262734e-01  -1.4770694e-01  -9.7343749e-02   3.7070494e-02  -3.7979317e-01  -2.1589602e-01  -3.1417130e-02  -2.9369785e-01   8.1922464e-01  -1.9979912e-01  -2.1214234e-01  -2.4803649e-02   5.7793104e-01  -1.6199830e-01   3.1282854e-02  -9.1981777e-02   8.1123368e-01   3.7084404e-02  -4.2679446e-01  -1.6835225e-01  -7.2849494e-02   8.4572417e-02  -2.1883460e-01  -3.4234349e-01   2.7117810e-01  -2.0985102e-01   1.2781889e-01   1.6637210e-01   3.0523760e-02   1.0889366e-02   2.5941233e-01   6.8793928e-01  -6.1341307e-02  -1.0563669e-01   1.5594848e-01  -1.8618567e-01  -1.1041768e-01   1.1054323e-01  -2.4526033e-01  -1.1798395e-01   6.5009619e-01  -2.2180557e-01   5.7862762e-02  -2.4234167e-01   6.4912106e-01   5.1444282e-02  -1.7191224e-01   7.4411454e-01  -2.9061462e-01  -2.4339117e-01  -2.5764535e-02   1.1949604e-01  -9.1290593e-02  -9.5913302e-02  -1.0589871e-01   6.8733715e-01  -9.8976758e-02  -5.0210174e-01   3.8489584e-01   1.5079901e-01   8.8710125e-01  -2.0750530e-01   6.4386095e-01  -1.2831100e-01  -2.1182696e-03   6.2487962e-01  -1.0856051e-01  -5.2192187e-02  -8.5807459e-02  -1.0263557e-01   1.0570068e-02   3.0662113e-01   3.5908398e-01  -1.4222970e-01  -2.3559994e-01   7.7984675e-02  -1.7168238e-01   2.9552284e-01  -1.8049626e-01  -7.3707319e-02  -4.2279974e-02  -6.5874926e-02   1.0343508e-01   1.0668029e-02   8.5998790e-01   5.4801980e-01  -1.5911731e-01  -1.9993990e-01  -1.8615949e-01   3.4686021e-01  -6.9205000e-02   8.0057862e-01  -1.4290228e-01   5.5754535e-02  -3.1158651e-01   8.3982067e-01  -1.8885223e-01   5.4306044e-02   8.1097550e-02  -1.2484430e-01   3.9508842e-01  -1.0726225e-01  -4.3250506e-01   8.4740939e-02  -4.1327180e-01   6.0975311e-03  -1.7376838e-01   1.8865261e-02  -2.9860033e-01  -1.8794772e-01   5.3691110e-01   6.1627592e-01  -5.6922722e-02   1.7016240e-01   1.3121765e-01  -4.7846674e-02  -1.3693311e-01  -2.9035880e-01  -3.3554639e-02   8.4718619e-02  -1.2597194e-01   7.0785501e-01  -3.2415124e-01   8.0753215e-01  -2.6147003e-01  -3.4287814e-01   7.8887863e-01   5.9336385e-01  -1.8612590e-02   6.6329722e-01  -1.1101090e-01   2.3820356e-02  -1.5047662e-01  -3.2710011e-01  -2.1372014e-01  -1.3439342e-01  -2.9309292e-01  -7.6017765e-02   2.4545180e-01   6.5396242e-01  -2.9457415e-01  -1.7434046e-01   4.5526613e-01  -3.0865358e-01   2.9047871e-02   9.1218433e-02   1.8305359e-01  -1.3628531e-03
  -3.7510642e-01   0.0000000e+00  -3.6414080e-02  -7.4140117e-04   4.7981203e-01  -4.7603092e-01  -1.8003049e-01  -1.2095236e-01   5.2509242e-01   4.3117134e-02  -6.8282614e-01   3.7879408e-01   2.4701014e-03   5.9374339e-02  -5.7536017e-01  -2.1575942e-01   2.9268943e-01  -3.8779940e-01  -1.8257673e-01   1.4103654e-01   1.0027000e-01  -4.5924997e-01  -2.4992857e-01  -4.9642338e-01   3.3677046e-01   1.9377300e-01  -1.0966185e-02  -5.0387687e-01   2.4344065e-01  -1.4118485e-01  -1.8123061e-01  -2.3761090e-01   2.4288240e-01   1.4127460e-01   1.4190050e-01  -2.6307884e-01   5.0507826e-01  -3.6198943e-01   2.2136388e-01   5.0611408e-01   2.0527746e-01  -1.2586202e-01   2.6130549e-01  -3.8415876e-01  -8.2612931e-02  -3.7754804e-01  -6.1543358e-01   4.6985332e-01   2.1553798e-01   3.4535300e-01  -5.9601526e-01   1.9904561e-01   7.5381946e-01   1.4542940e-01   2.4536628e-01  -4.3691597e-01  -3.8904000e-01  -3.8875620e-01  -1.6890595e-01  -3.4388737e-01  -4.0294646e-01  -1.3422287e-01   2.9858040e-01  -3.5338663e-01   6.7080841e-01  -3.4920020e-01   5.0447059e-02   3.1336754e-01  -2.2513138e-01  -6.1447231e-01   6.3375450e-01  -3.4709834e-01   4.3200651e-01  -5.0260660e-01   1.3748123e-01  -2.9415395e-01  -4.0254109e-01   1.3963547e-01   6.1812460e-01   3.0063403e-01  -4.7187554e-01   1.9687789e-02  -2.3300593e-01  -1.7750146e-01  -3.8681023e-01  -2.9049976e-01   5.9086005e-01  -1.7605482e-01   6.4096191e-02  -3.7066050e-01   5.8172137e-01  -3.5147839e-01  -9.1024807e-02  -2.7155410e-01  -1.9477495e-01   4.9234654e-01   1.0847339e-01   2.5979767e-01   2.6658062e-01  -5.0552498e-01  -3.4772702e-01  -5.8108860e-01  -3.6223664e-01   4.9263477e-01  -4.9546254e-01  -1.5349322e-01   6.2387641e-02   1.2461041e-01   1.7637268e-03  -3.0299371e-02  -3.6751828e-01  -5.2151524e-01  -1.4884564e-01  -3.4625264e-01  -5.4575315e-01   7.5348712e-01   2.0453315e-03   1.1089259e-01  -4.2214918e-01  -1.8024496e-01  -4.0738670e-01   4.9729902e-01   1.5883255e-01   6.9525363e-01  -3.9373304e-01  -6.8180548e-02  -9.0562111e-02   3.5690700e-01  -2.4219801e-01  -2.1659687e-01   1.8363834e-01   1.0404783e-01  -2.7618550e-01   4.6051082e-01   1.7617526e-01  -2.7293500e-01   3.6432946e-01   2.6703031e-01  -2.6546745e-01  -5.7014397e-02  -2.0753860e-01   1.9176605e-01  -4.7666328e-01  -3.7794655e-01  -2.5908475e-01  -4.4314114e-01   1.7408740e-01  -6.1255953e-03  -4.7886280e-01  -1.9327703e-01  -5.5086260e-01  -1.8124811e-01  -3.2027736e-01   2.0499285e-02   6.1634681e-01  -1.8081608e-01  -4.0307906e-01  -1.2166414e-01  -2.7222281e-01  -3.0533496e-01  -3.6064132e-02  -2.8757564e-01   4.7150946e-01  -3.3373232e-01  -1.8730705e-02   3.5033786e-01  -2.5548905e-01  -4.0706349e-01  -4.1258835e-01   4.0566750e-01   3.9687116e-01  -7.4988478e-02  -1.8664956e-02  -1.5242690e-01   1.0539566e-01   1.1513997e-01  -2.8427948e-01
   2.6796024e-01  -3.6414080e-02   0.0000000e+00  -4.5192522e-02   8.8940506e-02   1.9083404e-01  -9.6003911e-02  -1.0837492e-01   3.2800671e-02  -6.8558571e-03  -2.5764721e-01   3.7853135e-01   4.2056658e-02  -2.9453458e-03   1.0753629e-01   9.0962194e-02   6.4741168e-01  -2.0113252e-01   8.8389206e-02   1.6404474e-01  -3.4468555e-02  -1.7274015e-01   5.0106214e-02   2.7013562e-01   2.5615183e-02   7.3746909e-02   2.3733307e-01   2.6234895e-01   1.2800465e-01  -1.7602019e-01  -4.3985690e-02  -2.4989110e-01   9.1637901e-02   9.9324569e-02   9.8674150e-02  -1.3037791e-01   9.7135378e-03   2.4713678e-01  -7.1324883e-02   4.3840968e-01  -7.1250841e-02   3.3418723e-01   3.0660044e-01   5.2275187e-02  -1.1340667e-01   2.2344663e-01  -2.6413763e-01  -2.1235628e-01  -1.7952074e-01   6.2963006e-01  -2.7523312e-01  -8.2075921e-02   3.1809587e-02   4.4185071e-01   1.4002052e-02   4.5122756e-02   1.3535469e-01  -1.9942577e-01  -1.0186942e-01   1.4737235e-01   3.6781831e-01  -1.8814320e-01   1.2392221e-02  -5.7448472e-02   2.4540493e-04  -2.6283284e-01   2.6761206e-01  -6.1101752e-02  -5.8893302e-02   4.3874051e-01   3.0789698e-01  -2.6010513e-01  -1.5569294e-01   3.5309824e-01   1.8234011e-01  -2.5860061e-01   3.0177403e-01  -9.5648512e-02   2.1744988e-02   1.2531207e-02   5.0887477e-02  -6.6357287e-02   2.6624726e-02   1.0534732e-01   3.6118074e-01  -2.7715517e-01  -8.1298769e-02   2.3936223e-01   2.0356792e-02   2.0155736e-01  -9.6467494e-02   5.9267745e-01   2.7183864e-01   2.6351519e-02   1.2618984e-01   1.4892439e-01   1.1210586e-01  -5.0080347e-02   9.1199528e-02  -2.1582663e-01   2.2384451e-01   1.3317491e-01  -9.6310282e-02  -2.0971030e-01  -3.8256911e-01  -1.8435040e-01   2.1298743e-01  -1.0665530e-01  -9.5591442e-02  -8.8137296e-03   2.5835083e-01  -1.6529316e-01   6.4049766e-02   2.3819873e-01   3.2080113e-01   1.4656216e-01  -1.8856803e-01  -1.3880387e-01   2.7386486e-01  -8.7954872e-02   1.8787836e-01   1.3728771e-01   1.6672813e-01  -2.1244521e-01   1.5047298e-01  -4.8638446e-02   4.7719975e-02   1.2985559e-01  -1.8860166e-01   4.1101262e-01  -5.4899968e-02  -2.9925816e-01   1.2008502e-01   1.9976126e-02   2.0664297e-01  -2.6081949e-01   1.3632989e-01   1.2931809e-01  -2.9593105e-01   1.3502379e-02   1.4433567e-01   9.6399402e-04  -2.8645863e-01   1.9084369e-01  -1.7982256e-01  -1.9883030e-01   4.2779288e-01  -1.4697031e-01  -9.7885156e-02  -2.6714730e-01   3.6100974e-01  -2.0503176e-02   3.3478276e-01  -2.3105764e-01   3.6813892e-01   1.3986409e-01  -2.0021083e-02   5.4510803e-02   4.2725370e-01  -1.0827616e-01  -2.2333175e-01  -2.3228406e-01   4.9117984e-02  -3.7327872e-01  -4.7960426e-02  -1.0937287e-01  -1.2897434e-01   1.4248969e-01   1.5107729e-01   1.6841320e-01  -3.1708000e-02  -3.7823435e-02  -4.2139096e-01   1.7809791e-01   1.4551530e-01   4.1736727e-01  -9.0659594e-02
  -2.0648358e-01  -7.4140117e-04  -4.5192522e-02   0.0000000e+00  -4.9139543e-02  -1.7948414e-01  -1.7320061e-02   2.9074250e-01   1.4789645e-01  -8.3257072e-02   1.6639954e-02  -3.8995644e-02   9.5734320e-02  -2.5504349e-02  -1.1318659e-01   4.4111816e-01  -1.1108041e-01   4.0174810e-02   2.5989548e-01  -4.8407224e-02  -6.2931319e-02   4.4992185e-01  -8.0419900e-04  -1.6963184e-01   8.5766941e-02   3.9721575e-01  -1.5885157e-01   1.0200844e-01   1.4000455e-01   2.0852936e-01   3.0149029e-02   5.3317265e-01   3.0079503e-01  -2.5421391e-02   9.2869964e-02  -4.3895529e-02  -2.3259113e-01  -2.4520116e-01   3.1471226e-01  -6.5614261e-02   4.7262248e-02   5.8096743e-02  -1.7764729e-02   1.3886712e-01   1.9425792e-01  -2.6721996e-01   1.6127330e-01  -1.1984737e-01   1.7767944e-02  -2.2126688e-02   1.1859524e-01   2.6183443e-01  -1.1583211e-01   1.7023306e-01   5.7345660e-03   7.3528026e-02   5.5397402e-02   5.4197601e-01   4.4831690e-01   6.2323798e-02  -2.4343577e-01   1.4608376e-01   1.6022275e-01  -2.9589648e-02   1.0526505e-01  -1.2629726e-01  -1.4588663e-01   1.8132012e-01   6.0552124e-01  -1.9790321e-01  -1.9730992e-02   4.7884731e-01  -1.0060738e-03  -2.1041116e-01   1.9935324e-01   2.9295395e-01  -2.8337936e-01   3.6091226e-01   1.0472980e-02   1.5165697e-01  -4.0373219e-02   2.1459525e-01  -2.1570739e-01   3.3312571e-01  -2.1042021e-01   3.7323477e-01  -1.1883109e-01  -9.8135755e-02  -1.1690987e-01  -3.2050611e-01  -9.8829305e-02  -1.4810083e-01  -2.1969638e-01   3.3331494e-01  -2.4639882e-01  -4.8440293e-02   3.8067102e-01   3.5870540e-01   1.7022756e-01   8.7920781e-02  -1.4586117e-01  -1.4496638e-01   1.1789501e-01   1.7875512e-01   3.6285508e-01   6.3574677e-01   6.7751828e-02   6.5227083e-01  -5.5193144e-02  -3.7970431e-01  -1.3664004e-01   2.8855026e-01   5.6299644e-01  -1.3776336e-01  -2.3453315e-01  -1.3701689e-01   4.3619339e-01  -3.7056333e-02  -3.3151635e-01   7.4406486e-01  -1.5879890e-01  -2.9941845e-02  -1.2277078e-02   1.3250290e-01  -3.0116972e-01   8.3397388e-02   1.1146869e-01   1.6245006e-01   6.2937932e-01  -2.9642862e-01  -8.1255820e-02  -1.6857942e-01  -7.2030081e-02  -5.3272598e-02   3.9220491e-01   2.4759029e-01   1.9362322e-01  -7.0169788e-02   2.8539396e-01  -6.3657244e-02  -4.6220146e-02  -4.3767846e-02   2.3280051e-01  -3.3893794e-01   6.8350974e-02   2.6443052e-01   3.8451434e-02  -2.6010178e-01  -1.9133162e-01   1.2731416e-02  -2.1988300e-01   7.6883497e-02  -1.4071554e-01  -8.7895447e-02  -1.8045694e-01  -2.5005681e-01  -6.7102222e-02   2.9468743e-01  -2.3839213e-01   8.4269862e-02  -2.6128749e-02   3.5273152e-01  -1.7444718e-01   4.5826968e-01   6.9968961e-01  -2.6788122e-01  -3.5094429e-03  -1.3032268e-01  -6.8906524e-02  -2.5000141e-01  -9.8973337e-02  -1.7373567e-01   1.7693173e-01  -4.1128717e-01   3.0662555e-01   1.4943908e-01   6.4331612e-01
  -2.0813261e-01   4.7981203e-01   8.8940506e-02  -4.9139543e-02   0.0000000e+00  -2.5065623e-02  -1.5684794e-01  -1.5198566e-01   4.9569991e-01   4.9820334e-01  -3.6586432e-01   4.0566261e-01   2.9708262e-01  -2.5324168e-01  -6.3984994e-01   1.6145197e-01   4.4467301e-01   1.9974969e-03  -2.2332666e-01   8.2290393e-01  -2.2975985e-01  -4.9566417e-01  -2.7221360e-01  -2.9552056e-01  -6.1147903e-02   3.6549895e-02   3.1583871e-01  -5.4536620e-01   1.1239209e-01  -2.6170869e-01  -4.0974322e-01  -3.8995830e-01   2.1310628e-01   3.0827726e-01  -8.9698797e-02   4.5203723e-01   4.6771680e-01  -1.3623341e-01   4.2163215e-01   5.6391779e-01   4.2395369e-01   1.8667945e-02   4.4999659e-01  -2.5014859e-01   3.2649297e-01  -2.1983394e-01  -1.8811065e-01   3.5596975e-01   4.4332649e-01   5.1544674e-01  -8.1716493e-02   3.1818697e-02   4.0275616e-01   5.1902247e-02  -2.5832061e-01  -3.3314815e-01  -3.4606584e-01  -4.8014836e-01  -1.3774455e-01  -3.5868505e-01  -1.1442475e-01   3.9104395e-01   1.7357601e-01  -2.6532900e-01   5.5669434e-01   2.0509750e-01   5.1955739e-01   4.3204791e-01  -3.2000221e-01  -3.5426068e-01   6.2467886e-01  -2.5097647e-01   4.9776360e-01  -4.5773924e-01  -7.0329238e-02  -3.7161089e-01  -1.4110244e-01  -4.7633511e-02   7.8568600e-01   6.7784587e-02  -6.0721688e-01   2.2149092e-01  -2.1227168e-01  -2.9856257e-01  -3.6677670e-01  -3.7817219e-01   1.8841070e-01  -4.2828658e-01  -3.6195525e-02  -2.2864546e-01   8.2700201e-01  -3.3646714e-02   3.2786976e-01  -2.5220687e-01  -6.2745519e-02   8.2839317e-01   1.1637900e-01   1.2065141e-01   7.3534313e-01  -2.6858252e-01  -5.2802697e-01  -6.1079200e-01  -5.2551720e-01   8.2988664e-02  -5.4947676e-01  -2.7131114e-01  -1.5012367e-02   5.0493401e-02   3.2191549e-01   4.2965402e-01  -1.2659481e-01  -6.7284511e-01  -2.1139203e-01  -2.4366830e-01  -4.7739891e-01   6.9311547e-01  -1.5681774e-01   3.1090814e-01  -2.3614816e-01  -2.0181342e-01  -3.2201935e-01   7.9093531e-01  -3.9566234e-02   2.9208005e-01  -2.6932461e-01  -5.7173174e-01  -5.3900171e-02   1.4619720e-01  -3.5679803e-01  -4.5043943e-02   4.7233143e-01   2.2502663e-01  -4.4935485e-01   2.7766078e-01  -2.0843578e-02  -3.6132905e-01   7.2815226e-02  -1.2564916e-01  -3.8040423e-01  -1.0927354e-01  -2.0729793e-01   2.8054669e-01  -4.2434019e-01  -5.7584227e-02  -2.9096620e-01  -5.2541692e-01   1.2416470e-01   4.8890915e-01   3.9991965e-02  -2.2394787e-01  -4.6222035e-01  -3.4890245e-01  -2.4069100e-01   3.0902475e-01   5.3269395e-01  -1.4171042e-01  -3.0515626e-01   1.3904563e-02   7.8128195e-02  -5.5823238e-01   1.1184553e-01  -3.6969121e-01   7.0131953e-01  -4.7387227e-01  -9.2365398e-02   2.9603365e-01   1.6315410e-01  -3.3079811e-01  -3.4796450e-01   4.8718798e-01   5.7524509e-01  -6.8330233e-02   2.1225440e-01   1.1609127e-01  -2.8696884e-01   1.7640274e-01  -2.8538211e-01
   2.2211603e-01  -4.7603092e-01   1.9083404e-01  -1.7948414e-01  -2.5065623e-02   0.0000000e+00   3.5002273e-01  -1.2294254e-01  -3.6991824e-01   8.8947457e-02   3.7549598e-01   1.2492092e-01   2.0597860e-01  -4.9329998e-01   1.7665469e-01   4.6281522e-02  -5.8837888e-02   4.0748164e-01   1.1921009e-01   1.8034185e-01   8.9485948e-02   9.6349362e-02   1.4124662e-01   2.4982787e-01  -1.6670780e-01  -1.4460005e-01   4.5768187e-01   2.2620624e-01  -1.9571070e-02   3.5394503e-01  -1.4369695e-01  -3.2523204e-01  -8.0784275e-02   4.4456087e-02  -5.8587898e-02   5.7814838e-01  -2.2026731e-01   1.9766098e-01  -2.9221464e-01  -2.4231145e-01   6.6495019e-02   1.1649763e-01  -4.3299987e-02   1.6369503e-01   1.7146976e-01   1.6452276e-01   4.4077192e-01   2.3511024e-01  -7.0733615e-02  -1.6020303e-01   4.7396162e-01  -2.8714376e-01  -6.4806202e-01  -6.7345104e-02  -3.8601048e-01   1.6505922e-01   4.1613660e-01  -1.2104712e-01  -8.4554432e-02   2.0717616e-01   2.1239699e-01   3.2909108e-01  -2.6680577e-01  -1.5186038e-01  -4.6657752e-01   5.6415403e-01   6.3420815e-01  -1.3402880e-01  -9.4269270e-02   6.2832562e-01  -3.7997913e-01   1.0080828e-01  -1.3615908e-01   3.5316427e-01  -1.6046968e-01  -1.7644570e-01   1.9574851e-01  -1.8888542e-01  -3.4344331e-01  -2.8299935e-01   1.7439636e-01  -3.7494044e-02   3.8650170e-01  -3.9669281e-02   2.2490953e-01  -2.7388426e-01  -4.6106254e-01  -6.5658986e-02   9.6356261e-02   2.6049600e-01  -1.7031773e-01   3.0413797e-01   5.0172941e-01   8.8897299e-02   7.5901073e-02  -1.8608735e-01  -7.6581557e-02  -3.5634860e-01   5.3839920e-02   4.5151796e-01   1.2386795e-01   1.4457694e-01   2.0619924e-01  -2.4925296e-01  -7.6784136e-03  -2.5829889e-01   4.7490459e-03  -1.8866403e-01   2.3112167e-01   6.3492357e-01   5.6617807e-01   1.9673469e-01  -4.8373425e-02   2.5168877e-01   3.0990359e-01  -4.3552346e-01  -1.2014396e-01   1.5889626e-01   3.9464720e-01  -1.4472780e-01   7.1379877e-02  -2.0847654e-01  -1.5293633e-01  -5.9632311e-01   2.0114931e-01   4.0224437e-02   2.1735691e-01  -3.9175201e-01  -2.2607550e-01   6.1457152e-01  -7.8251844e-02   1.5449870e-01   3.7309377e-01  -3.2854968e-01  -2.0958418e-01  -2.1310085e-01  -4.7240347e-01  -4.3756567e-01  -3.0458896e-01  -1.6010277e-02  -2.1703867e-02  -7.8537969e-02  -4.1302101e-02   8.5145777e-01  -7.3500844e-03   1.5346708e-02  -3.1444363e-02   4.6167840e-01   7.9071256e-01   4.2699831e-01   2.9449223e-01   3.5477585e-02   1.4897384e-01   1.3020743e-01  -1.9625053e-01   1.1862012e-01   4.0860280e-02  -1.4970657e-02   1.6253761e-01   9.1947787e-02   1.4804392e-01  -1.6139743e-01  -9.5966647e-02   5.3786251e-03  -3.4744357e-01  -2.4326338e-02   4.7676680e-01   9.0494011e-02   3.3055295e-02   1.3454352e-03   3.2485199e-03  -1.0748678e-03   2.6709316e-01   6.7030749e-01  -2.3912283e-01  -2.0178220e-01  -1.3974887e-01
  -2.2414450e-01  -1.8003049e-01  -9.6003911e-02  -1.7320061e-02  -1.5684794e-01   3.5002273e-01   0.0000000e+00   1.3030940e-02  -2.8460191e-01   4.7013450e-01   1.3555495e-01   2.8795810e-01   4.9507963e-02  -1.1784835e-01   1.1089824e-01   2.3550478e-01  -4.4892536e-01   3.1567986e-01  -2.1397595e-01   8.4555960e-02   3.1967047e-01   4.9838201e-02   6.9266177e-01  -2.7022006e-01  -1.0493203e-01  -1.5489753e-01   1.1581265e-01   6.5204434e-02   1.0719645e-01   3.1044985e-01   4.9967886e-03  -1.1223325e-02  -1.8994076e-01   6.2094599e-01   6.0638234e-01   3.3237691e-01  -1.0286004e-01  -2.4704026e-01  -2.2302743e-01  -1.1925791e-01  -2.0918748e-01  -1.8441392e-01  -9.4326301e-04  -2.1041538e-01   3.4868455e-01  -3.1155902e-01   1.6498036e-01   5.3096494e-01  -7.3150515e-02  -3.3182376e-01   3.6878974e-01  -1.6728843e-01  -3.7489312e-01  -1.4285696e-01  -2.7522794e-01  -7.8531799e-02  -6.8011980e-02   1.5001329e-02  -1.1628711e-01   1.9395352e-01  -3.7641050e-01   2.8615926e-01  -1.5370153e-01  -1.7094479e-01  -4.3869501e-01   4.8668572e-01  -1.2646117e-01   3.3774177e-02  -1.1775424e-01   3.9557198e-02  -3.3860692e-01   1.4703745e-01  -8.4646651e-02  -1.2041886e-01  -1.6368954e-01   1.3128443e-01  -3.6227111e-01   8.5124795e-02  -2.9880325e-01  -3.5422351e-01   3.3643379e-01   1.0678087e-01   1.7189330e-01  -5.9177022e-02  -2.9335063e-01   1.8498123e-02  -1.5168203e-02  -1.3921395e-01  -9.5531727e-02  -2.5582732e-01  -3.4258132e-01  -3.3263686e-01   5.9338338e-01   1.8905681e-01  -3.2233556e-01  -1.5065317e-01  -8.3423305e-02  -2.5261730e-01  -5.3664108e-02   6.1609949e-01  -1.0041359e-01   2.2687773e-01   2.4731308e-01  -1.1064588e-01   1.1836850e-01  -1.5095085e-02  -2.3248997e-01  -1.2445328e-01   1.1382399e-01   9.1878957e-02   6.3197497e-01   1.2772572e-01  -3.6764936e-03  -2.2483958e-01   1.5296917e-01  -3.2397047e-01  -3.9031205e-02   1.6191156e-01  -7.7351424e-02  -2.2754017e-02  -3.6200430e-01  -3.2797214e-01  -2.5516725e-01  -2.8355369e-01  -2.4195170e-01   5.2583109e-01   2.8659871e-01  -3.2791018e-01  -4.1353486e-02  -4.3260838e-02  -1.8543610e-01   6.3823549e-01  -9.4302232e-03  -5.9934059e-02  -4.2802432e-02   4.1421466e-02  -3.2135383e-01   3.5469885e-02   3.9708878e-02  -9.1411433e-02  -2.5191586e-01  -1.9410827e-01   5.1416220e-02   3.2506330e-01   3.1627846e-01   1.5464756e-01   5.1414634e-01  -8.1720035e-02   4.6487953e-01   4.0020912e-01  -1.1636853e-01   4.5829777e-01  -3.5848637e-01   2.4433532e-02  -1.5645868e-01  -1.0528101e-01  -2.5405136e-01  -8.4390971e-02  -4.2695776e-01   3.7414212e-01   1.3907183e-01  -2.6130390e-02  -2.6451926e-01   1.6603730e-01  -1.4480722e-01   3.7473371e-01   5.4478210e-01  -2.4005541e-01  -3.5891887e-01  -9.1516258e-03   1.6081937e-02  -3.0118155e-01   2.2221893e-01  -7.6898958e-04  -6.7202030e-02  -2.3575792e-01  -5.7334350e-02
  -2.8842938e-01  -1.2095236e-01  -1.0837492e-01   2.9074250e-01  -1.5198566e-01  -1.2294254e-01   1.3030940e-02   0.0000000e+00  -1.2957368e-01   5.8797201e-02   1.1769567e-01  -4.2893415e-02   1.2823274e-01   8.8491633e-03  -6.4870553e-03   1.9437106e-01  -1.1840027e-01   5.9442060e-02   3.2002083e-01  -4.8024893e-02   4.7008424e-02   1.6744707e-01   6.5992112e-02  -8.4995220e-02  -3.2058264e-02   5.1729863e-01  -1.7628603e-01   2.0864770e-01  -1.3280169e-01  -1.1709024e-01   2.2850441e-01   3.7657452e-01   6.8030323e-02   1.2953899e-01   1.1998689e-01  -9.3515696e-02   2.3236562e-02  -2.9002933e-01   1.5479506e-01   7.6104519e-02   1.1478956e-01  -9.6463327e-02   1.4153424e-02   5.6522780e-01  -6.0713054e-02  -2.7271226e-01   1.8008074e-01  -1.7289738e-01  -9.1147709e-02   3.3473766e-02   6.8876218e-02   6.6676765e-01  -1.8563058e-02  -1.8410483e-01  -5.3765800e-02   2.4073426e-01   1.9178206e-01   2.3912397e-01   3.4497486e-01  -6.7167150e-03  -1.5432093e-01  -2.8521403e-02  -4.2119627e-02   1.4682435e-01  -1.4173293e-01  -9.9980009e-02  -1.8561284e-01  -8.2466907e-02   4.2002726e-01  -2.1578788e-01   6.7157703e-02  -5.9720714e-02   1.0436234e-01  -2.6712924e-01  -2.8811321e-02   3.6191728e-01  -2.5813334e-01   3.6977379e-01  -7.5934334e-02   9.1894427e-02   1.5947590e-01   2.2337455e-01   1.0107571e-01   6.5128735e-01  -2.4000456e-01   3.8012169e-01   2.3708084e-02  -2.3375496e-01  -1.9390606e-02  -3.3416827e-01  -2.2276728e-01  -1.7593004e-01  -1.7675447e-02   1.5631119e-01  -3.0927631e-01  -3.2739106e-02   1.1983974e-01   3.7190136e-01  -1.0684854e-01  -4.2437455e-02  -1.1380048e-02   5.7953091e-02   8.2146723e-02  -2.4174783e-01   1.8232652e-01   5.6900840e-01  -2.7360370e-01   4.3940735e-01  -7.5297387e-02  -1.8470916e-01   7.6455305e-02   1.2679488e-01   9.2306132e-02  -2.1491199e-01  -2.2819983e-02  -1.3441710e-01   4.4965053e-01   2.5106890e-01  -2.2781261e-02   2.7888170e-01  -1.5124554e-01  -1.2372047e-01  -9.5261617e-02  -1.2089572e-01  -2.8436469e-01   1.1448036e-02  -2.2110481e-01   4.3487776e-02   3.6897271e-01  -3.0040942e-01  -3.9874087e-02  -1.1829720e-01  -1.0054680e-01   2.1185670e-01   7.4646591e-02   4.6604146e-01   4.4678765e-02   1.8901260e-01   4.0828600e-01  -2.2660902e-01  -1.2223297e-01  -1.2983484e-01   2.0731100e-01  -1.9610224e-01  -6.1698396e-03   2.2183719e-01   1.4791898e-01  -1.5979362e-01  -8.7151094e-02  -1.3897370e-01  -2.0831670e-01   3.6301007e-01  -2.7468617e-01  -4.8869623e-02  -2.9214265e-03  -2.6154837e-01  -1.5194841e-01   4.1048161e-01  -2.2812029e-01   2.2270599e-01  -1.3992074e-01   3.8634964e-01  -3.0939278e-02   1.8242454e-01   4.4768407e-01  -7.1189298e-02  -1.0129900e-01   1.5493334e-01  -1.5454803e-01   3.6675891e-02  -1.1022959e-01  -3.9519713e-01  -1.5305756e-01  -1.9747145e-01   7.1237810e-02  -1.4269508e-01   3.4747571e-01
  -2.7734684e-01   5.2509242e-01   3.2800671e-02   1.4789645e-01   4.9569991e-01  -3.6991824e-01  -2.8460191e-01  -1.2957368e-01   0.0000000e+00   2.1325895e-01  -4.4415437e-01   1.2045567e-01   6.4987948e-02  -5.2779063e-02  -4.6351306e-01   4.7236911e-02   3.4521832e-01  -1.7847196e-01  -1.8239259e-01   2.7585278e-01  -2.5397152e-01  -5.6255883e-02  -4.3714327e-01  -3.8822706e-01   4.1841387e-02   1.3232913e-01   8.2906794e-02  -4.5027583e-01   1.0723027e-01  -3.4314546e-02  -2.2975323e-01  -1.6216431e-02   1.4938188e-01  -3.3574511e-02   5.8466466e-02  -1.1227245e-01   2.0846572e-01  -2.0598460e-01   4.0214977e-01   3.5529062e-01   7.7819946e-02  -9.8313401e-02   5.3764019e-01  -2.8806962e-01   4.1042552e-02  -2.7572160e-01  -3.3519590e-01   4.5762526e-02   3.3431635e-01   3.4549686e-01  -3.4091990e-01   1.0630741e-01   4.3487783e-01   1.6322061e-01   4.6411368e-02  -3.2283556e-01  -3.3412539e-01  -4.9302881e-02  -8.3285819e-02  -1.0653209e-01  -1.6059445e-01  -6.9444927e-02   5.1995173e-01  -1.5819255e-01   4.8486524e-01  -2.5814629e-01   1.1929512e-01   5.7246154e-01  -1.4322909e-03  -4.1812982e-01   4.5103549e-01  -1.0096659e-01   2.9394486e-01  -3.9851306e-01   1.3511232e-01  -1.2355369e-01  -1.7993806e-01   1.2337465e-01   5.5657653e-01   2.9733348e-01  -5.1182609e-01   1.4380047e-01  -4.1709994e-01  -9.5370743e-02  -3.6109458e-01  -6.9306936e-02   2.5683059e-01  -3.3424666e-01   1.2764704e-01  -3.3062844e-01   5.8063984e-01  -1.4230322e-01  -2.2582264e-01   1.7465857e-01  -1.3947616e-01   3.9964516e-01   2.1545625e-01   1.2104337e-01   4.6398872e-01  -3.7564443e-01  -4.7459436e-01  -4.7679658e-01  -3.3944408e-01   4.9255742e-01  -2.6690318e-01   1.0331863e-01   9.1759103e-03   2.5369705e-01   9.5397946e-02  -3.9630483e-02  -4.3564498e-01  -3.0690805e-01   1.7005131e-01  -2.1857568e-01  -5.8469442e-01   4.2674472e-01   8.8863882e-02   3.8782549e-02  -4.4491282e-01   5.0149503e-02  -2.7703876e-01   4.8871659e-01   2.1611493e-01   5.5376570e-01  -2.9969858e-01  -3.5362188e-01   5.7460721e-03   2.6200061e-01   6.5716373e-02  -1.9776390e-01   3.2843235e-01  -2.3069627e-03  -2.8054379e-01   1.7018481e-01   3.8807934e-01  -1.6541740e-01   3.2263993e-01  -5.9265827e-02  -8.2432024e-02  -2.1832893e-02  -1.3352091e-01   2.8714772e-01  -2.2335465e-01  -3.0564218e-01   1.2296142e-02  -1.9482475e-01   2.5974364e-02   5.9035136e-02  -4.0730384e-01  -2.7955054e-01  -4.6277866e-01  -3.2609847e-01  -2.2351511e-01   2.5295978e-01   3.9757579e-01  -1.7818570e-01  -1.8903947e-01  -8.9491632e-02  -4.8694144e-02  -3.9148219e-01   7.0195956e-02  -8.2078058e-02   4.1961287e-01  -8.8870479e-02   2.3212528e-01   1.7608907e-02  -1.5744058e-01  -2.8944376e-01  -1.4884213e-01   1.1568967e-01   1.9378346e-01   1.7853112e-02   1.2155182e-01  -9.2495789e-02   5.9508561e-02   1.8401824e-01   1.1513254e-01
  -4.0650226e-01   4.3117134e-02  -6.8558571e-03  -8.3257072e-02   4.9820334e-01   8.8947457e-02   4.7013450e-01   5.8797201e-02   2.1325895e-01   0.0000000e+00  -1.5111498e-01   4.3368638e-01   2.1821113e-01  -1.5523994e-01  -2.9617144e-01   3.0284130e-01   1.2409449e-01   1.1921906e-01  -3.0500124e-01   5.8779815e-01   4.2743208e-02  -2.3086041e-01   3.2328754e-01  -4.0195709e-01  -2.3083451e-01  -1.3181058e-02   2.4532558e-01  -2.5041963e-01   2.7890440e-02  -1.3770423e-01  -1.4342604e-01  -2.0924081e-01  -5.0049276e-02   7.5970832e-01   2.2445578e-01   4.4304296e-01   2.7295512e-01  -3.4968811e-01   2.7242391e-01   3.7939180e-01   9.4660789e-02  -2.0774785e-01   3.9648531e-01  -1.4739221e-01   4.4601991e-01  -4.4336110e-01  -5.7336743e-02   3.8397337e-01   1.9224025e-01   2.5622156e-01   1.5656120e-01  -1.5775196e-03   1.0350669e-01  -1.7777515e-01  -3.1921505e-01  -1.0481329e-01  -1.2184816e-01  -2.6155377e-01  -2.2224524e-01  -2.0976693e-01  -3.4530673e-01   4.0206871e-01   6.8420649e-02  -1.2841918e-01   3.5262951e-02   5.1531018e-01   1.5188978e-01   1.5269815e-01  -2.2843940e-01  -2.7913558e-01   3.1014018e-01  -2.0114924e-01   3.3427324e-01  -4.3268767e-01  -2.0170558e-01  -5.0244348e-02  -4.0084430e-01   3.2187535e-02   3.3426868e-01  -2.0097322e-01  -1.2567647e-01   3.3532714e-01   8.4091728e-03  -1.0591645e-01  -4.7254546e-01  -1.3246549e-01   1.4022682e-01  -5.1699219e-01  -1.7965426e-01  -4.2940197e-01   2.6516319e-01  -2.5207679e-01   6.1264600e-01  -3.3528272e-02  -3.8000860e-01   3.9754542e-01  -4.4669665e-02  -5.3841161e-02   3.6694432e-01   2.0257872e-01  -3.9815595e-01  -2.5300383e-01  -1.6511225e-01  -1.8109757e-01  -2.9211381e-01  -1.0632620e-01  -2.6472348e-01  -5.3996229e-02   3.3340302e-01   2.1699291e-01   3.5986504e-01  -3.1798437e-01  -2.3496473e-01  -4.7654060e-01  -2.6629604e-01   2.0812029e-01  -5.2690006e-02   3.7960637e-01  -1.8789131e-01  -2.1437288e-01  -5.3690341e-01   3.2748110e-01  -2.3248345e-01  -5.2927615e-02  -4.4172333e-01  -1.6625634e-01   3.5513435e-02  -5.1010263e-02  -1.5085629e-01  -1.6940287e-01   3.0900336e-01   5.4426067e-01  -2.8268108e-01   2.6866829e-01  -1.1508962e-01  -5.5957929e-02  -2.0401150e-01   6.8837734e-02  -3.6642732e-02  -2.0152663e-01  -3.6754885e-01   1.5738712e-01  -2.4418039e-01   1.6091567e-01   2.0652843e-02  -2.0767095e-01   5.5368040e-01   2.1493164e-01   2.9832719e-01  -7.6498724e-04  -4.3054160e-01   1.3614826e-01  -4.9142650e-01   2.3824764e-01   3.6429531e-01  -3.1370106e-01  -3.8354471e-01  -6.6421720e-02  -2.3987119e-01  -1.0042033e-01   5.3633293e-03  -1.3947490e-01   4.5638912e-01  -2.1667624e-01  -8.8071215e-02   4.0561402e-01   4.1030665e-01  -2.1883698e-01  -4.7848666e-01   2.8901007e-01   3.4828066e-01  -3.0148090e-01   1.2329512e-01   3.8685597e-02  -4.2201716e-01  -1.3030394e-03  -1.6363430e-01
   1.6284824e-01  -6.8282614e-01  -2.5764721e-01   1.6639954e-02  -3.6586432e-01   3.7549598e-01   1.3555495e-01   1.1769567e-01  -4.4415437e-01  -1.5111498e-01   0.0000000e+00  -3.0613984e-01   8.0134526e-02  -2.5479858e-01   3.7651839e-01   2.2143985e-01  -4.6450443e-01   5.6894649e-01   1.6006415e-01  -1.6259313e-01  -1.5076931e-01   4.1225096e-01   1.5187047e-01   3.0339003e-01  -4.0927972e-01  -1.4306438e-01  -7.4055707e-02   2.5391627e-01  -2.9296610e-01   2.9845269e-01   8.7535765e-02   3.3390841e-01  -2.0904391e-01  -1.0633349e-01  -2.3684435e-01   4.3225570e-01  -3.7781621e-01   1.5976916e-01  -1.1515998e-01  -5.7267071e-01   7.4957637e-02  -1.3142776e-01  -3.4329636e-01   3.4266703e-01   1.7574663e-01   2.1622872e-01   8.9863874e-01  -2.0044072e-01   6.1300078e-02  -5.3470301e-01   7.3010703e-01  -1.7116668e-01  -5.6284720e-01  -3.0189583e-01  -3.1914617e-01   4.0312264e-01   2.9909849e-01   4.0224637e-01   3.2967041e-01   3.0365504e-01   2.0369701e-01   3.0306953e-01  -2.2617148e-01   4.3148255e-01  -5.1957993e-01   4.4417352e-01   1.1774849e-02  -1.7934712e-01   3.7021905e-01   3.8717234e-01  -6.0831890e-01   4.5701675e-01  -1.0318100e-01   2.5802581e-01  -2.4932194e-01   4.1322773e-01   1.9617482e-01   4.3336078e-02  -3.8591898e-01  -3.1731722e-01   1.9264580e-01   1.7459137e-01   3.3500441e-01  -3.3270595e-02   1.6599071e-01   4.7716306e-01  -5.3213036e-01  -5.8014442e-02   8.9250579e-02   2.2286424e-01  -3.5177727e-01   6.1037861e-02   8.0376499e-03   2.1669931e-01   5.2314530e-03  -4.0941629e-01  -1.7341693e-01  -2.3769659e-01  -1.7899208e-01   4.8931053e-01   9.1334699e-02   4.8004872e-01   2.7213298e-01  -2.3093891e-01   6.6448818e-01   2.2106448e-01  -2.5289812e-01   2.3602849e-02   9.6252308e-02   1.8955432e-01   1.6744784e-01   5.0128138e-01   9.4940577e-02   1.8688797e-01   1.8975536e-01  -5.7388439e-01   1.6493231e-01   1.4085163e-01   1.5666024e-01   1.5297744e-01   2.6214331e-01  -3.5384533e-01  -2.1167356e-01  -3.9351274e-01   2.4482415e-01   2.1069904e-02   2.0368648e-01  -3.8600401e-01   3.1041069e-01   1.6532526e-01  -1.4143432e-01   1.2969053e-01   9.5144978e-02  -3.3793586e-01  -2.2900294e-01   3.7744705e-01  -4.3699095e-01  -3.2622526e-01   4.3171006e-01  -1.5468844e-02   9.3442011e-02  -2.3842780e-01   7.0614552e-01   2.3035383e-01   2.9188309e-01   4.6923429e-01  -3.6654050e-01   2.6250792e-01   5.7673580e-01   3.1017112e-01   2.4062120e-01   3.9124640e-03   1.6969452e-01   3.9158564e-01  -5.7863674e-01   9.7073672e-02   3.4102562e-01   2.8559485e-01   2.1170478e-02   1.5531772e-01   1.0659031e-02   5.3309306e-01  -3.4591120e-01   4.9249964e-01   1.6807379e-02  -1.8180934e-01   4.3656615e-01   1.6132906e-01   3.3831671e-01  -3.7496825e-01  -1.4526817e-01  -1.5450925e-01   3.6356959e-01   5.2701269e-02  -5.1900509e-02  -2.4647283e-01   2.2563880e-01
  -2.2724832e-01   3.7879408e-01   3.7853135e-01  -3.8995644e-02   4.0566261e-01   1.2492092e-01   2.8795810e-01  -4.2893415e-02   1.2045567e-01   4.3368638e-01  -3.0613984e-01   0.0000000e+00   9.8336145e-02  -2.9699179e-01  -3.9841970e-01   2.5104322e-01   2.9067088e-01  -1.2698333e-01  -1.2191220e-01   4.5840397e-01  -2.8193317e-02  -2.3152392e-01   9.4820615e-02  -2.7517784e-01   1.9421827e-02   1.4053644e-01   2.7742400e-01  -2.5174076e-01   2.5180351e-01   5.8611824e-02  -3.1777310e-01  -3.7209064e-01   1.3820064e-01   6.2464825e-01   3.8272505e-01   1.6297415e-01   2.8096600e-01  -3.1926348e-01   1.3859244e-01   5.3080239e-01   1.2825819e-01   4.5388001e-02   5.7849112e-01  -1.5167098e-01   3.6925100e-01  -3.8418480e-01  -2.1736846e-01   4.6096995e-01   1.2398209e-01   3.1724450e-01  -1.6478330e-01  -3.4831896e-02   1.5618725e-01   2.3798906e-01  -2.5032463e-01  -2.2205914e-01  -1.1858611e-01  -3.3555637e-01  -1.2481798e-01   6.6133866e-02  -3.4887251e-01   2.5224436e-01   1.4540424e-01  -3.6822415e-01   1.6227416e-01   2.2628125e-01   3.7237457e-01   1.6115156e-01  -1.9706277e-01  -7.9704096e-02   3.5827360e-01  -1.8803875e-01   2.3955354e-01  -2.7225988e-01   9.5192017e-02  -3.0071164e-01  -3.6990609e-01   7.4177368e-02   4.8505427e-01   1.5699282e-03  -2.2370665e-01   3.0341574e-01  -3.9805319e-02  -9.2106307e-02  -2.9014620e-01  -3.5738363e-01   9.9244060e-02  -2.9341157e-01   9.2052083e-02  -2.8513875e-01   2.8596131e-01  -1.6473241e-01   5.9133145e-01  -7.1541293e-03  -3.8848139e-01   4.3604371e-01   1.5839353e-01  -5.2750792e-02   3.8467790e-01  -5.3646855e-02  -3.3060687e-01  -2.4407947e-01  -1.9326445e-01   1.3344964e-02  -4.8290107e-01  -2.2758676e-01  -6.2345654e-02  -3.6608279e-02   1.3559496e-01   1.9237505e-01   2.4618594e-01  -3.1678987e-01  -1.0142027e-01  -2.7343261e-01  -2.5719307e-01   4.0129199e-01  -1.4844259e-01   2.3544357e-01  -1.8173045e-01  -1.7992070e-01  -4.3755525e-01   5.3425192e-01   1.2994389e-01   3.3506384e-02  -3.6697760e-01   4.8614416e-02   3.2053709e-01   1.2841173e-01  -2.3427210e-01   1.4388506e-01   9.4807613e-02   3.1118833e-01  -1.2717004e-01   1.2528243e-01   7.0544006e-02  -3.1409728e-01   7.2297119e-02  -2.3113050e-02  -3.2290422e-01  -1.0224410e-01  -2.5955587e-01  -1.1907786e-01  -3.6386379e-01   2.1076453e-01  -2.5360380e-02  -3.8599342e-01   6.1882755e-01   8.7881087e-02   2.2632624e-01  -4.6898468e-02  -3.4359724e-01   1.6073996e-02  -3.1464710e-01   6.5831009e-02   5.8567140e-01  -1.4794991e-01  -5.7327399e-01   1.1898077e-01  -2.3776734e-01  -1.8147818e-01  -5.9815164e-02  -2.8518196e-01   3.1972667e-01  -3.2775289e-01  -1.5633095e-01   5.0073221e-01   3.3911414e-01  -1.9999396e-01  -4.8191697e-01   1.7569635e-01   6.1370162e-01  -3.3486529e-01  -4.6253175e-02   1.2159442e-01   5.9002814e-02   1.6106467e-01  -2.2968900e-01
   4.1136743e-03   2.4701014e-03   4.2056658e-02   9.5734320e-02   2.9708262e-01   2.0597860e-01   4.9507963e-02   1.2823274e-01   6.4987948e-02   2.1821113e-01   8.0134526e-02   9.8336145e-02   0.0000000e+00  -2.1497251e-01  -9.2774057e-02   3.2398448e-01   1.1578344e-01   3.4282894e-01   1.7907176e-01   4.4132999e-01   2.9754277e-02  -7.1687500e-02   8.0754450e-02   7.1421069e-02  -1.0629519e-01   1.5061752e-01   2.3406600e-01  -9.2625808e-02   7.0861866e-02   9.4562228e-04  -4.9209414e-02  -2.5858739e-03   1.4537831e-01   1.9149034e-01   3.1063927e-02   5.0716080e-01   2.2021677e-01   9.7034374e-02   2.5854830e-01   1.2097718e-01   7.2226785e-01   1.2160094e-01   1.9383875e-01   8.8719344e-02   3.6695304e-01  -8.4340338e-02   2.3606506e-01   9.1327519e-02   2.0641297e-01   1.1663878e-01   3.2677085e-01   2.2023414e-01  -8.3935718e-02   7.6866684e-02  -2.5293790e-01   1.0459578e-01  -1.6631373e-02   2.7141524e-02   1.8378258e-01  -3.2625134e-02  -2.2273836e-02   4.0851580e-01  -3.0975888e-02   7.1011819e-04   1.3970168e-01   2.3785560e-01   2.9858887e-01   2.0591862e-01   7.8922678e-02  -1.0997021e-02   1.4926059e-01   9.6355313e-02   4.6536751e-01  -1.3222910e-01   9.7613790e-02  -7.8369125e-02  -1.1894931e-01   7.4933518e-02   1.0423418e-01   4.5120258e-02  -1.5192043e-01   5.4391565e-01   2.0482081e-01   6.1323479e-02  -1.3292696e-01  -6.6608816e-02  -5.1164172e-02  -2.7030146e-01  -1.5503603e-01  -2.9399378e-02   1.6103117e-01   1.9386871e-02   2.7606119e-01   1.0958790e-01  -6.9029219e-02   2.5490436e-01   3.3066123e-01   1.1753219e-01   4.6896141e-01   2.2835784e-01  -9.3537918e-02  -1.0482358e-01  -7.9340987e-02  -1.4422048e-02  -6.5308281e-02   1.2275488e-01  -1.4017336e-01   2.2205630e-01   3.0051502e-01   2.5090645e-01   1.4345775e-01  -1.3679386e-01   1.4094613e-02   3.2514979e-02  -6.5777113e-02   6.3465636e-03   1.5012862e-01   6.7524856e-01  -3.2920218e-02  -5.6505023e-03  -8.0226855e-02   1.6011855e-01  -6.1994368e-02  -9.6933954e-02   6.6480793e-04  -2.6188450e-01   1.3584280e-01   3.3569020e-02   1.4059188e-02   1.6088358e-02   4.3490926e-01   1.1282021e-01  -1.0603257e-01   1.3513618e-01   6.6502988e-02  -3.3263414e-02  -1.8718835e-02  -1.1303737e-01  -7.8533309e-02   4.5409052e-02  -1.4696638e-02   3.2864999e-01  -1.0937867e-01   1.9412305e-02  -8.5929591e-02  -1.3792796e-01   7.5298376e-02   3.3766192e-01   2.2386508e-01   1.1253706e-01  -8.5924989e-02   4.7099625e-02  -1.1660281e-01   9.2582911e-02  -5.1987538e-02   1.1795947e-01  -6.2135406e-02   3.6645768e-01  -1.8237521e-02  -8.7897724e-02   1.0609029e-01  -7.4205696e-02   1.7609889e-01  -3.8146955e-02   1.6620958e-01  -5.3805171e-02   2.3352005e-01  -2.8024795e-01  -1.0850303e-01   2.4371179e-01   1.1638539e-01  -1.5678061e-01   2.4801607e-01   1.9453805e-02  -2.6329810e-01   1.5728591e-03   9.8888802e-02
  -6.4262479e-02   5.9374339e-02  -2.9453458e-03  -2.5504349e-02  -2.5324168e-01  -4.9329998e-01  -1.1784835e-01   8.8491633e-03  -5.2779063e-02  -1.5523994e-01  -2.5479858e-01  -2.9699179e-01  -2.1497251e-01   0.0000000e+00   2.6113750e-01  -2.0368040e-01   1.0934234e-01  -1.9918196e-01  -1.3835880e-01  -3.8694261e-01   4.4669914e-01  -2.8945632e-02   2.6349945e-01   8.1573963e-02   3.2799154e-01  -1.1786696e-01  -4.0381216e-01   1.1601950e-01   1.1626596e-01  -2.9241568e-01   5.1333085e-01   1.4601257e-01   1.4721107e-02  -1.9302599e-01   7.7666989e-02  -4.7793108e-01   9.0201265e-02  -3.9433900e-02  -6.1436385e-02   7.2318432e-02  -2.2052536e-01   9.4112111e-02  -2.6642376e-01  -9.9676599e-02  -3.7583483e-01   8.9063723e-02  -3.5914407e-01  -2.2855136e-01  -1.4863623e-01   1.6467230e-01  -3.0340898e-01   5.9674686e-02   2.9134713e-01   2.5595852e-01   6.6824851e-01  -5.1413923e-03  -3.2180931e-01  -3.1474523e-02   3.0444552e-02  -1.8886188e-01   3.7639223e-02  -5.0232544e-01   2.7262836e-02   1.2268790e-01   1.5492453e-01  -4.8301295e-01  -5.1894964e-01  -1.4661398e-01  -1.5802176e-01  -2.8332943e-01   1.7535649e-01  -1.7655181e-01  -2.1205878e-01   1.0444360e-01   3.6262378e-01   9.8384368e-02   2.5975274e-02  -3.0756099e-02  -2.5784308e-01   2.0484980e-01   3.4852638e-01  -2.4899415e-01   1.5623972e-01   1.6849713e-01   2.0888513e-01   3.7105897e-02   4.4911941e-01   4.7816540e-01  -1.1293878e-01  -5.7721853e-02  -2.9729299e-01   3.3770363e-02  -1.8232916e-01  -1.3951305e-01  -6.6797860e-03  -1.8838183e-01   6.6159281e-02  -1.7231944e-02  -2.3233745e-01  -1.4027613e-01   5.3595631e-01   1.6460770e-01   2.3407278e-01   2.3662881e-03  -6.4965286e-02   1.9849923e-02   2.1227926e-01  -2.9214418e-01  -2.5836340e-01  -3.4816537e-01  -5.1401816e-02  -6.7202809e-02  -1.9804161e-03  -8.4429370e-02   2.0258507e-01   2.5858401e-02  -1.1267499e-01  -3.0316603e-01   2.1089148e-01  -7.2055502e-02   2.1814584e-02  -3.1370362e-01   1.1849498e-01   1.0353358e-01   1.4088938e-03   3.2752667e-01  -2.6782643e-01   2.6836436e-01   1.6460685e-02  -4.4901980e-01  -1.5916329e-01  -1.5851511e-01   2.2424928e-01   1.7848345e-01   2.8739248e-02   1.4850187e-01   4.0710995e-01   5.6322362e-01   1.3217142e-01   5.8033719e-02   2.8948041e-02  -4.3275044e-02  -1.4411081e-01  -4.3422448e-01   4.6747309e-03   1.7846151e-01   1.0444797e-01  -4.5598291e-01  -5.2228969e-01  -1.5375556e-01   1.9358051e-01   4.5143042e-01   4.0635890e-02  -2.8704432e-01  -1.8215524e-02  -5.3523644e-02   7.3721475e-02  -9.7916385e-02   5.6800153e-02   3.1166006e-01  -1.4141237e-01  -2.0917357e-02  -1.2687073e-01  -1.7224048e-02  -1.1949103e-02  -1.6372959e-01  -4.1768477e-01   2.0575302e-01   7.8366360e-02   2.9947312e-01  -4.6698237e-01   5.0542358e-02  -3.1067757e-01  -1.6728456e-01   1.9410287e-01   1.9960936e-01  -5.2518196e-02
