   0.0000000e+00  -3.8059104e-02   1.5421104e-02  -2.1654799e-01  -1.6649860e-01  -1.1257041e-01  -2.3140622e-01  -1.1876443e-01  -1.8512358e-02  -1.0583099e-01  -6.7896021e-02  -1.4630519e-01  -1.2468660e-01   2.2488047e-01  -2.0720526e-01  -1.7558779e-01   3.6529484e-02  -8.7760547e-02   1.0345150e-01  -9.4540218e-02  -1.9701047e-01  -1.7255532e-01  -2.7066087e-01   6.8037315e-01  -1.0614718e-01  -2.8316615e-02  -2.1643239e-01   5.1983639e-01   4.1844659e-02  -1.4058466e-01  -1.1931852e-01  -1.2908840e-01  -6.3943308e-02  -2.1649648e-01  -2.8452482e-01  -1.3689493e-01  -1.8025329e-01   1.6731456e-01  -4.3816566e-02  -2.2417038e-01   4.5928944e-02   6.4621603e-02  -4.1382179e-02  -1.2048523e-01  -1.9464345e-01   4.0521399e-01  -8.1798569e-02  -2.4840021e-01  -2.6958538e-01   6.1433136e-03  -1.2176995e-01  -2.6635135e-04  -1.0779252e-01   8.7361652e-02   1.1292456e-01  -1.4969066e-01   1.6506566e-01  -2.8261847e-01  -1.7153668e-01  -2.6981331e-01   3.6729929e-01  -2.2345869e-01  -1.7307491e-01   4.0515762e-02  -8.3115160e-02  -8.0485966e-02  -1.7581930e-01  -2.2757668e-01  -1.4849489e-01   7.9299624e-02  -1.3848962e-01  -1.3267169e-01  -1.1372969e-01   3.0450246e-01   9.1755833e-02  -2.6312174e-01   3.8017966e-01  -2.2079064e-01  -1.7964490e-01  -1.1901372e-01   1.7412139e-02  -3.3626149e-01  -7.0174794e-02   9.8883322e-02   5.7291598e-01  -2.1161015e-01  -1.4269951e-01   3.1286530e-01  -1.1180306e-01   6.9583784e-01   1.0617754e-02   3.6243008e-01  -2.5565184e-01  -1.0264925e-01   3.8974187e-01   1.4101562e-01  -1.9032473e-01  -1.3840301e-01  -2.1750541e-01  -1.8342182e-01  -7.2583517e-02  -1.0111418e-01  -2.0419645e-01  -4.6764895e-02  -1.9173431e-01  -1.9969283e-01   1.1324496e-01  -2.6157832e-01  -2.1931814e-01   3.3686703e-02  -2.4105468e-01  -1.4308710e-01  -2.5942363e-01   6.5819898e-01   2.2455364e-01  -1.3113101e-01  -5.0676447e-02  -7.7945329e-02  -2.9003148e-02  -1.1518686e-01   4.1925079e-01  -1.1545617e-01  -1.8277572e-01  -1.0092656e-01   5.4390271e-01   1.9853684e-01  -3.1059420e-01  -1.3978137e-02  -1.0199670e-01   5.2123871e-02  -1.4139149e-01  -3.3263285e-01   5.9254719e-01  -3.8414965e-02  -2.1475519e-01  -2.0122526e-01  -6.0773861e-02  -1.3109621e-02   9.6437336e-02   2.7103892e-01   6.0979887e-01  -1.2424555e-01  -1.7695086e-01   5.7862051e-03  -2.5583495e-01  -3.5560061e-01  -2.2217434e-01   1.5276923e-01  -4.3893649e-02  -1.8194012e-01   3.0507927e-01  -2.4935448e-02   4.8816232e-01   6.3223020e-02  -6.4723960e-02   2.8212386e-01   5.0378141e-01  -7.9309595e-02   2.6049595e-01   2.0147770e-02  -3.1283177e-01  -6.5215424e-02   7.6295844e-02  -1.5532378e-01  -1.7216998e-01  -2.3197078e-01  -1.7564717e-01   4.9716712e-01   4.6362114e-01  -7.8644001e-02  -5.4313621e-02   2.0038707e-01  -8.6110682e-02  -3.2505095e-02  -9.3684307e-02   8.8814765e-02  -9.4226282e-02
  -3.8059104e-02   0.0000000e+00   3.7013823e-01  -4.7444941e-01   6.7348322e-01  -6.0456090e-01  -3.0626499e-01  -2.4549746e-01   4.9421315e-01   1.5576702e-01   2.0035275e-01   4.2267707e-01  -6.7073517e-02  -2.9925850e-01   6.6080054e-02  -1.4414304e-01   4.7362608e-01  -1.3425671e-01   5.1835073e-02   5.9666708e-01  -7.0443098e-01  -3.4925326e-01  -6.2892712e-01   3.8659221e-02  -2.9368606e-01  -4.6478449e-01   1.4403387e-01  -2.6259293e-01   2.7260636e-01   2.0989344e-01  -5.9678896e-02  -3.9340476e-01  -6.8918777e-02  -2.6936075e-02   5.1655754e-02   4.0673217e-01  -4.8621833e-02   7.7853049e-02   1.6899205e-01   5.1474559e-01   9.5866825e-02  -8.6322307e-02   6.5681030e-01   1.2923052e-01   2.9133859e-01  -4.9617850e-01  -4.5262203e-01   4.5031780e-02  -1.5144418e-01   6.2464549e-01  -4.5779652e-01  -2.2911931e-01   7.3717913e-01  -1.7812644e-01   6.0171058e-02  -5.8017655e-01  -5.4108457e-01  -3.8964168e-01  -3.9633610e-01   3.8568963e-02  -3.3659275e-01   8.0345559e-02   6.4744224e-01   2.3288360e-01   5.0917077e-01  -2.1252037e-01  -4.6245160e-01  -4.0487117e-02  -4.8123644e-01  -3.4155475e-01   6.3765218e-01  -6.3297749e-01   3.3326905e-01  -3.7788174e-02  -1.5164255e-01  -1.4325624e-01  -3.5230863e-01   2.7662719e-01   5.7599090e-01  -2.4529278e-01  -6.4586079e-01   1.2515753e-01   4.5796740e-01  -4.1280987e-01  -3.4083759e-01  -2.5203709e-01  -1.2398836e-02  -1.5403797e-01   4.3061720e-01   2.0478866e-03   8.2654511e-01  -3.3452905e-01   2.2126847e-01   3.1757327e-01  -1.5481071e-01   4.6785394e-01  -2.6168084e-01  -2.4529900e-01  -1.5442666e-01  -3.4571092e-01  -1.4842682e-02  -3.4451452e-01  -6.1742371e-01   5.1766899e-01  -6.6901492e-01  -2.8943699e-01  -3.0048279e-02  -3.8233675e-01  -2.1113487e-01  -4.1185336e-01   5.7637939e-01  -5.9380972e-01  -4.9924500e-01   3.0587315e-01  -3.4676133e-01   5.8114128e-01   1.4165070e-02   1.7299465e-01  -4.3543634e-01  -4.7288686e-01  -5.5722300e-01   6.8625684e-01   6.8003777e-01   2.2148294e-01  -2.4787058e-01  -1.1408411e-01   2.8415547e-02  -1.3447294e-03  -3.4737144e-01   4.5415708e-02   2.1398615e-01   2.4708661e-01  -1.0758065e-01  -9.0412187e-02  -4.2003427e-01  -1.8159450e-01  -2.6854207e-02  -3.0139731e-01  -4.1433589e-01   4.3355338e-02  -1.0874047e-01  -2.3467705e-02  -5.5617172e-01  -6.0358304e-01  -5.1386221e-01  -5.1415279e-01  -6.2284361e-02   3.5365579e-01  -4.3160053e-01  -3.2807206e-01  -4.5837395e-01  -4.3534319e-01  -4.9813721e-01   6.2135372e-01   7.4135769e-01   3.6465970e-01  -4.3821529e-01  -2.4026150e-01  -8.4895010e-02  -2.4499726e-01   9.1191900e-02  -2.6218613e-01   3.9621158e-02  -6.6329232e-01  -2.2282277e-01   4.9327212e-01   3.8616545e-01  -4.0302436e-01  -4.6787896e-01   5.6815813e-01   6.0546311e-01  -9.7880970e-02  -1.7153260e-01  -4.0299665e-01   2.4091572e-02   4.7495686e-04  -4.9910390e-02
   1.5421104e-02   3.7013823e-01   0.0000000e+00  -2.6732943e-01   1.2011748e-01   5.7758574e-02   2.3061658e-01  -2.1829296e-01  -1.5826697e-01   2.5913480e-01  -1.6029029e-01   7.1721435e-01   9.3103701e-02  -1.2758932e-01   1.2681971e-01   1.5769700e-01   8.6485473e-01  -4.4441259e-01  -2.3127969e-01   5.6865866e-01  -5.1269183e-01  -2.4754826e-01  -1.2884381e-01  -8.4741417e-02  -1.3524610e-03  -3.5318435e-01   4.2921706e-01  -2.2190094e-01   2.1211393e-01  -9.2601278e-02  -5.9342248e-01  -2.5840254e-01   1.0203999e-01   2.0517734e-01   4.7861422e-02   2.8540601e-01  -4.5226775e-01   2.0641235e-01  -1.3218604e-01   5.2352975e-01  -5.0943292e-02   3.9125967e-01   3.5617962e-01  -3.3424018e-01   1.9786335e-01  -2.5186198e-03  -2.6288483e-01  -3.9804018e-01  -4.7134129e-01   7.3453140e-01  -2.8358438e-01  -3.0019830e-01  -7.1963270e-02   3.2417104e-01   1.1727313e-01  -2.1363718e-01  -1.2843321e-01  -2.9437503e-01  -1.6807829e-01   2.2957876e-01   1.2843202e-01   1.0803012e-01   1.8465429e-01  -2.8000525e-01  -2.2303952e-01   3.3505528e-01   1.8307203e-01   2.1891922e-02  -2.8201483e-01   5.4891886e-01   1.6388675e-01  -3.1956852e-01  -4.1804516e-02   1.9055342e-01   4.8459882e-02  -2.4212265e-01   2.1770700e-01  -2.1043854e-02   1.4422090e-01  -1.8138591e-01  -4.6022984e-01  -1.9016586e-02  -1.8375120e-01  -2.1697021e-01  -8.7171095e-02  -2.7318233e-01  -3.5679601e-01  -1.8275268e-02   5.6311570e-02  -7.3634413e-03   1.5112215e-01   1.6914563e-01   2.8713586e-01   1.7797579e-01   8.4361215e-02   5.2466904e-01   8.6555228e-02  -2.1085608e-01   1.7013286e-02   6.2515930e-02  -1.8801545e-01  -1.9719251e-01  -3.5071438e-01  -1.9744091e-01  -2.2910156e-01  -8.3330687e-02   2.5437274e-01  -2.0480969e-01  -3.7169663e-01  -1.9036596e-01   4.8882012e-01  -1.8723557e-01  -2.3120335e-01   1.3990047e-02  -3.0405226e-01  -1.8209704e-01  -1.5913697e-01   1.9451331e-01   6.5314360e-02  -2.8373285e-01  -4.3679525e-02   4.8677345e-01   3.8040835e-01  -3.8662220e-01  -1.3859361e-02   1.0215562e-01   1.2052284e-01  -7.8637252e-02  -2.0981323e-01   6.2228032e-01   1.0843364e-01  -2.6514272e-01  -1.1463014e-01  -5.6847271e-01  -1.7161905e-01  -2.4276201e-01   3.5141790e-03  -4.1826613e-01  -3.3241792e-01  -9.9926421e-02  -2.9057947e-02   1.9523871e-01  -3.8229758e-01   5.8291093e-02  -3.3628559e-01  -5.0141864e-01   2.4373821e-01  -5.9818743e-02   2.1394740e-01  -5.2013422e-01   1.1318147e-01  -4.6614941e-01  -4.4798207e-02   1.0571751e-01   7.6860992e-01   3.0455084e-02  -1.6436470e-01  -1.0313245e-01   6.3726413e-02  -3.3402120e-01   1.4362312e-01  -2.0170565e-01  -1.9039585e-01  -4.4192385e-01  -9.9785292e-02   4.1612006e-01   4.1055889e-01  -1.1788656e-01   8.2499026e-03  -6.7627913e-02   4.5337047e-01   2.5032666e-01  -3.8221527e-01   2.1234775e-01   9.1926192e-02  -6.8309431e-03  -2.3334121e-01
  -2.1654799e-01  -4.7444941e-01  -2.6732943e-01   0.0000000e+00  -3.4565181e-01   5.8820973e-01   4.5157815e-01   1.3733057e-01  -3.2992333e-01  -8.7880685e-02  -3.4785794e-01   1.0193998e-03  -2.7890288e-02   2.8602478e-01   1.3587568e-01   1.7748412e-01  -3.6359110e-01   1.0461305e-01  -5.1333739e-02  -2.4477823e-01   5.0771195e-01   6.0237565e-01   5.9229281e-01  -3.2009549e-01   2.7800227e-01   3.5780664e-01   1.5355453e-01  -1.2519768e-01  -9.7629895e-03  -2.1090839e-01  -3.6434294e-02   5.8610693e-01   2.6416541e-01   2.7140867e-01   3.0963862e-01  -2.3903335e-01   2.4335230e-01  -3.9865103e-01  -1.7974666e-01  -1.5337612e-01  -1.6734404e-01   1.9203825e-01  -2.2524872e-01  -1.6947991e-01  -5.0995032e-03   7.6674319e-03   2.6423176e-01   1.0157683e-01   3.8080797e-01  -4.4517870e-01   3.7095573e-01   1.1827384e-01  -3.0336948e-01   2.7019206e-01   3.0243852e-02   4.3321433e-01   2.5727845e-01   6.4848376e-01   6.0054984e-01   3.0218529e-01  -6.5615804e-02   1.6939362e-02  -2.1384761e-01  -3.9769534e-01  -3.3621512e-01   6.7256220e-02   4.7386134e-01   1.7396363e-01   4.1956244e-01   1.1119369e-01  -2.3339654e-01   5.8734919e-01  -3.2744869e-01  -8.0569498e-02   3.5513626e-01   2.5121703e-01  -6.8466482e-02  -1.0710681e-01  -3.2751662e-01   5.0954424e-01   4.3011327e-01  -2.2638143e-02  -2.3951824e-01   2.6574549e-01  -4.2470138e-02   1.6897614e-01   7.6728531e-02  -2.5285613e-02  -8.3012913e-02  -3.3032574e-01  -4.5296802e-01   1.3230315e-02   1.9565164e-01   1.8249184e-01  -1.0084603e-01  -3.1684939e-01   6.0694441e-01   2.2899663e-01   3.4403542e-01   4.6641291e-01  -5.1948866e-02   2.3974533e-01   5.3967411e-01  -3.0681745e-01   6.8970540e-01   6.2011730e-01   1.9958016e-01   3.9855489e-01   3.1532681e-01   1.9768684e-01  -1.1545917e-01   6.2824805e-01   7.6236380e-01  -3.2087075e-01  -4.3738350e-02  -1.3703310e-01   1.2846618e-01  -2.3829605e-01   1.8695870e-01   7.9256419e-01   1.0703334e-01  -3.6038996e-01  -2.3290277e-01  -2.4680232e-01  -2.6175685e-01   4.4035073e-03   1.1324039e-01   1.0903193e-01   5.3027987e-01  -1.5819178e-01  -1.7756933e-01   8.3060381e-02  -1.3319813e-01  -1.3136173e-01   6.2413949e-01   2.0732524e-01   4.2486230e-01   3.8181082e-02   2.7845288e-01  -9.4245631e-02  -3.0073135e-02   1.6380029e-01   4.2889329e-01   3.5711825e-01   3.5395839e-01   5.1224443e-01   1.7990483e-01  -4.6855794e-01   3.8831550e-01   3.3971519e-01   6.6418248e-02   1.9209600e-01   2.9354878e-01  -4.7734193e-01  -3.5721768e-01  -3.6371998e-01   2.7085859e-02   4.5165002e-01  -1.6998877e-01   2.4732748e-01  -1.4056923e-01   3.8283189e-01  -3.4515093e-01   6.5441598e-01   4.6661416e-01  -6.3691960e-02  -2.8251190e-01  -2.5250262e-02   2.6434241e-01  -2.1041214e-01  -3.8637967e-01  -2.8052215e-01   5.9060442e-02   3.3353203e-01   2.2533592e-01   1.6385395e-01   2.1388135e-01
  -1.6649860e-01   6.7348322e-01   1.2011748e-01  -3.4565181e-01   0.0000000e+00  -5.1256854e-01  -3.6593257e-01   9.7286839e-03   2.6445717e-01  -1.2210590e-01   3.4457724e-01   1.4317411e-01   1.0790987e-01  -2.7838154e-01  -1.2899585e-01  -2.1696377e-01   1.8980682e-01  -6.9966843e-02   1.0652818e-01   6.6870612e-01  -4.3015088e-01  -3.1225915e-01  -4.5701219e-01  -1.5749872e-02  -1.8766147e-01  -2.4859107e-01   1.2010196e-01  -1.5901045e-01   4.0007200e-02   1.6940199e-01  -5.9161509e-02  -2.3577085e-01  -5.5141999e-02  -3.0020540e-01  -2.3645614e-02   5.4213456e-01   1.8531159e-02   6.6311653e-02   1.0215168e-01   3.6184923e-01   2.1963393e-01  -1.0604312e-01   4.9809501e-01   2.0189127e-01   2.6545111e-01  -2.8802800e-01  -2.0472385e-01  -8.4215065e-02   8.5316828e-02   3.7602519e-01  -3.3140443e-01   5.2773078e-02   4.9433837e-01  -1.8759035e-01  -3.0724303e-02  -4.7711879e-01  -5.1138763e-01  -2.8069866e-01  -1.7949237e-01   5.9747304e-02  -2.5847190e-01   2.2166503e-01   4.9927103e-01   1.4745701e-01   4.2707087e-01  -2.2388253e-01  -4.0490530e-01   4.6175755e-02  -1.6509015e-01  -4.1244343e-01   3.8968438e-01  -3.3983504e-01   3.1017681e-01  -1.6048038e-03  -3.6714486e-02  -1.6430913e-01  -2.6208855e-01   1.8638743e-01   7.9220984e-01  -7.5521786e-02  -4.0843044e-01   1.0420003e-01   2.0267470e-01  -1.0670155e-01  -3.4880574e-01  -2.4053787e-01  -6.2584501e-02  -1.9209265e-01   3.0163335e-01  -9.0946912e-02   7.8805682e-01  -3.8253710e-01   9.3053066e-02   2.2433396e-01  -1.5341091e-01   4.5200510e-01  -1.5655582e-01  -4.5864771e-02   1.8554859e-02  -3.9964927e-01  -1.2213782e-01  -3.0869637e-01  -4.3582684e-01   2.3036311e-01  -4.1267285e-01  -1.9572703e-01  -1.7333145e-02  -1.2205790e-01  -9.0546013e-02  -1.2438041e-01   3.3585107e-01  -3.8441878e-01  -3.3156277e-01   1.4653697e-01  -3.3382139e-01   6.3982062e-01  -1.0407707e-01   2.1503789e-01  -4.7912784e-01  -3.2996184e-01  -4.4428730e-01   7.7302154e-01   5.5400184e-01   1.5607928e-01  -1.8229664e-01   1.3795047e-02   2.1966814e-01   1.0701144e-01  -2.6186227e-01  -7.4147980e-02   2.6004366e-01   2.7971482e-01  -1.3106650e-01  -1.5227779e-01  -2.5554529e-01  -7.8940411e-02   6.8639679e-02  -2.9690041e-01  -1.6255432e-01   8.1250920e-03  -1.1596650e-01  -1.3299660e-01  -2.4168598e-01  -5.9378526e-01  -4.5069700e-01  -3.6749842e-01  -3.1473474e-01   3.5116349e-01  -4.3521876e-01  -2.4167957e-01  -5.3089141e-01  -2.1634469e-01  -4.9515547e-01   4.7289741e-01   4.9324927e-01   1.7867079e-01  -3.9151557e-01  -7.1608945e-02  -7.5706225e-02  -6.5247068e-02   2.2347583e-01  -2.1233505e-01   1.1297745e-01  -4.9120295e-01  -1.4159394e-01   4.4127743e-01   4.4002260e-01  -1.7903147e-01  -4.2935437e-01   4.5023699e-01   5.4811828e-01  -9.6054683e-02  -2.3929548e-02  -3.8282157e-01   4.6158483e-03  -6.1604950e-02  -8.9692669e-02
  -1.1257041e-01  -6.0456090e-01   5.7758574e-02   5.8820973e-01  -5.1256854e-01   0.0000000e+00   5.6839474e-01   1.0619535e-01  -6.6955396e-01  -1.4186126e-01  -5.4447913e-01   1.0564676e-01  -1.0247675e-01   3.8885305e-01  -6.9433087e-02   3.4954275e-01  -8.1498712e-02  -2.3074551e-01  -1.0278488e-01  -2.2815685e-01   4.7873210e-01   3.5558364e-01   7.0520901e-01  -2.6142402e-01   4.1066673e-01   3.7840034e-01   3.1619817e-01   4.1650085e-03  -1.7553772e-01  -3.6457002e-01  -3.4444749e-01   3.9558831e-01   1.8584844e-01   3.0370764e-01   1.2669358e-01  -3.4710290e-01  -1.4210899e-01  -1.9073253e-01  -2.2938715e-01   2.0315419e-02  -2.5892012e-01   3.2787343e-01  -4.1648513e-01  -3.9024357e-01  -2.8051557e-01   2.6077149e-01   2.1024725e-01  -4.6938102e-02   1.1374089e-01  -2.5355662e-01   1.7177919e-01   8.9428214e-02  -6.3464353e-01   2.8888325e-01   1.8459652e-02   6.1874691e-01   6.3933859e-01   4.0043937e-01   4.0862890e-01   1.1568587e-01   1.6670334e-01  -2.6628634e-01  -5.4014413e-01  -5.8195055e-01  -6.7047043e-01   2.6298481e-01   8.5507049e-01   5.4342592e-02   4.2643591e-01   5.2225118e-01  -3.2893780e-01   4.7677147e-01  -4.0460331e-01   1.1786867e-01   2.2744501e-01  -1.9115925e-02   2.3446631e-01  -2.2061821e-01  -5.3993837e-01   2.0344451e-01   5.0321583e-01  -9.6592079e-02  -4.4559226e-01   2.7225779e-01   2.5439016e-01   1.1950501e-02  -1.7290900e-02   1.5616212e-01  -2.8869360e-01  -2.0187557e-01  -6.9066061e-01   2.6220273e-01   2.2133336e-01  -2.0412498e-01   1.9438814e-02  -1.2677062e-01   4.3047415e-01   3.6310433e-01   1.0745433e-01   3.4343611e-01  -2.4896766e-03   2.3903749e-01   6.4171622e-01  -5.7144439e-01   6.7319476e-01   3.6718698e-01   3.2439304e-01   5.2626567e-01   7.6996543e-02   3.7976371e-01  -1.0125062e-01   6.9524992e-01   5.5236695e-01  -3.2054204e-01   6.9048500e-02  -4.6161519e-01  -1.6916313e-02  -2.9710947e-01   4.9583621e-01   6.4583327e-01   3.9464066e-01  -4.1428788e-01  -3.7663539e-01  -5.2268222e-01   2.5948405e-03   1.5536595e-01  -5.7690484e-03  -5.1982256e-02   2.2236233e-01   2.2891302e-01  -1.9953565e-01  -3.2163522e-01  -6.5569577e-02  -3.6566214e-01   4.9493790e-01   1.0334672e-01   1.0921368e-01   1.8741267e-02   2.1548135e-01  -7.4672453e-03   5.0684285e-03   1.3410256e-01   3.9427383e-01   7.4757480e-01   2.3267323e-01   3.1854150e-01   2.4875886e-01  -6.2001894e-01   6.4364591e-01   1.3438842e-01   4.8487806e-01   1.8099098e-01   4.2416739e-01  -6.2929897e-01  -1.6650983e-01  -3.8579155e-01   9.9848383e-02   2.6631841e-01  -2.4845318e-02   3.0069855e-01  -1.7695138e-01   3.4089352e-01  -3.2675450e-01   4.6472172e-01   3.4048453e-01  -2.1806424e-01  -2.9514059e-01   2.2004225e-01   3.3790250e-01  -3.5757087e-01  -4.9308965e-01  -3.5868234e-02  -1.9799714e-01   7.7371841e-01   2.2329255e-01   9.5396514e-02  -1.6304845e-01
  -2.3140622e-01  -3.0626499e-01   2.3061658e-01   4.5157815e-01  -3.6593257e-01   5.6839474e-01   0.0000000e+00  -2.0647262e-02  -4.7984563e-01   3.6143644e-01  -5.5650671e-01   5.9599291e-01  -2.1016415e-02   4.1832996e-02   6.4543630e-01   2.7969253e-01   6.4025024e-02  -2.3550765e-01  -1.9548464e-01   4.3868680e-02   3.1742766e-01   8.8171894e-02   7.2755357e-01  -4.8542258e-01   2.7592145e-01   2.4828190e-02   3.0805333e-01  -3.4869044e-01   1.3604871e-01  -3.1195042e-01  -2.2142667e-01   1.3745054e-01   1.8340437e-01   7.6536624e-01   5.5722560e-01  -9.2683835e-02  -2.6283030e-02  -2.3720752e-01  -2.9173748e-01   2.4657022e-01  -3.7090550e-01   2.5914499e-01  -1.0165207e-01  -4.5455513e-01   3.0789223e-01  -5.3916761e-02  -1.5543716e-01   1.3360136e-01  -2.1609726e-02  -3.2867974e-02   2.2983815e-01  -7.4050302e-02  -2.7451627e-01   2.1210714e-01  -3.7524991e-02   2.9564470e-01   9.4932417e-02   2.2456172e-01   1.0858279e-01   4.4584299e-01  -1.3145334e-01   1.9765091e-01  -3.3273788e-01  -6.9634817e-01  -5.2318923e-01   5.9906913e-01   3.8746207e-01   2.5284631e-02  -2.6054210e-02   5.7856802e-01  -4.3574552e-02   2.8279441e-01  -3.7539438e-01  -8.6285644e-02   1.8253332e-01  -5.0663048e-02   2.4799875e-03  -1.3255237e-01  -4.1372816e-01   4.1272191e-02   3.1537514e-01   6.3072286e-02  -3.5870832e-01   4.5273343e-02  -1.7431783e-01  -1.3607908e-01  -6.0257926e-02  -1.3233318e-01  -1.4638446e-01  -4.6232681e-01  -4.9398594e-01  -3.5878221e-02   5.0076625e-01   7.5621210e-02  -1.6061405e-01  -5.4261947e-02   2.9734093e-01   1.0498298e-01   7.4882070e-02   7.0389900e-01   1.8776735e-02   4.7980712e-01   3.3674768e-01  -4.5456011e-01   5.1909618e-01   2.3077590e-01   2.1849072e-01   2.2324632e-02   2.5725563e-01  -2.9043831e-02   2.7260210e-01   3.3900956e-01   3.3789105e-01  -3.9718123e-01  -1.5457613e-03  -3.6175518e-01  -4.3487705e-02  -2.3082915e-01   2.7348072e-01   3.1988437e-01   7.4119640e-02  -8.6249060e-02  -2.7723566e-01  -4.6218442e-01  -2.7262171e-01  -6.3303497e-02   2.0914517e-01  -5.2586608e-02   1.1278956e-01   2.6669684e-01  -1.6489000e-01   8.6377281e-02  -3.5926064e-01  -2.7664840e-01   1.7193771e-01  -9.2655684e-02   1.0823041e-01   4.7480916e-02  -9.1595319e-02   1.0859300e-01  -1.2325537e-01   2.8035997e-02   4.2063805e-02   3.8699966e-01   5.3010088e-01   1.9777284e-01   7.5456288e-01  -5.5587756e-01   6.1677278e-01   1.6018256e-01   1.8953980e-01  -5.4672559e-02   1.1571389e-01  -6.3426737e-01  -2.4236396e-02  -3.8201637e-01  -1.3754552e-01   8.1996407e-03  -2.5662456e-01   8.0528798e-02  -1.0609028e-01  -1.0895994e-01  -3.4085806e-01   2.9131800e-01   3.4804521e-02   2.3406149e-01  -5.8007755e-02  -1.9692024e-01   1.0716156e-01  -2.2778911e-01  -1.2739791e-01  -5.7584885e-02  -3.1917390e-01   3.0510985e-01   9.3789469e-02   1.0937241e-01  -1.4497682e-01
  -1.1876443e-01  -2.4549746e-01  -2.1829296e-01   1.3733057e-01   9.7286839e-03   1.0619535e-01  -2.0647262e-02   0.0000000e+00  -1.7615022e-01  -1.7809605e-01   1.7148466e-01  -1.4876471e-01   1.3232687e-01   1.1293837e-01  -4.8086668e-02  -6.4887992e-02  -1.6069669e-01  -9.8453466e-02   2.8124707e-01  -1.0938561e-01   1.0648670e-01   2.9205390e-01   8.0352265e-02   9.6895201e-02  -8.5594530e-02   1.1598519e-01   1.2552622e-02   2.5779030e-01  -3.5762824e-01  -3.9499333e-02  -8.3077022e-02   2.0815907e-01   7.3444680e-03  -1.0688314e-01   1.4645936e-02  -5.7572113e-03  -1.7490560e-01   1.7038734e-01  -1.9425935e-01  -2.2628456e-01   3.6923317e-02   1.1108703e-01  -8.5191119e-02   2.0533839e-01  -8.9142353e-02   2.5029425e-01   1.7713196e-01  -1.8742472e-01  -3.7236117e-02  -1.2143880e-01  -1.0695323e-01   3.2142092e-01  -1.8648916e-01  -3.6214716e-02   2.4611094e-02   1.8679791e-01   1.3401387e-01   2.5337011e-01   9.2189902e-02   9.1302352e-02   2.5788841e-01   1.6510624e-02  -1.2566523e-01   1.7650043e-03  -1.3648423e-01   6.9480303e-03   3.5305645e-02  -4.5955651e-02   2.3854340e-01   1.3297276e-02  -2.6801401e-01   2.1616095e-01  -9.8292832e-02   1.0319978e-01  -1.5202093e-02   2.2995050e-01   2.2606413e-01   7.3889731e-02   5.3999004e-02  -6.5248113e-02   3.0365325e-01  -4.6232742e-02  -9.5682243e-02   4.1727312e-01   1.0950917e-01   1.0698680e-01  -1.9034197e-01   1.1865841e-01  -7.1809777e-02   4.2664562e-02  -2.1997105e-02   1.8407080e-01  -2.5477156e-02   7.1347221e-03   2.5252422e-01  -1.3977254e-01  -3.1350732e-02   1.9939670e-01   1.3656097e-02  -8.1818120e-02  -1.5157795e-01   1.4799246e-01   1.4588250e-01  -2.1590468e-01   1.7146446e-01   4.4196041e-01   9.7794152e-02   2.3341337e-01  -2.5435404e-02   3.7731385e-02  -7.7571368e-02   1.7235973e-01   8.9216124e-02  -1.1592604e-01   1.0547108e-01  -5.2917507e-02  -9.1057067e-02  -1.2436386e-01   2.4173919e-02   1.5342283e-01   2.4783960e-01  -1.6561247e-02  -2.2930582e-01  -1.0604516e-01   1.7331018e-01   3.6330813e-01   1.0434828e-01  -9.4528344e-02   2.1464261e-01  -4.2987030e-02  -2.0601307e-01  -4.6970022e-02   1.3698534e-01  -7.7838324e-02   2.8958170e-01   5.2091104e-01   1.0040789e-01   5.3330955e-03   4.1029970e-01  -1.1129982e-01   1.5243034e-01  -1.5170690e-01   2.3091685e-01   7.9556878e-02   2.4310384e-02   3.3555791e-02  -1.4344118e-01   1.4544531e-02  -2.9989971e-02  -1.3490305e-01   4.0589715e-02   2.4628035e-01   7.0278040e-02  -5.8246290e-02  -1.7795831e-01  -2.2344336e-01   1.0690658e-01  -1.2304684e-02   1.5609148e-01   2.7803755e-01   4.2458605e-02   1.0159387e-02  -1.2136244e-01   1.1889512e-01   1.5996156e-01   2.1008116e-02   1.2699503e-01   3.2006152e-01   1.5044394e-01  -1.6405838e-01  -3.8558178e-02   2.0760669e-01   3.0883854e-02   9.2453766e-02  -8.0830262e-02  -4.4451808e-02   2.7070231e-01
  -1.8512358e-02   4.9421315e-01  -1.5826697e-01  -3.2992333e-01   2.6445717e-01  -6.6955396e-01  -4.7984563e-01  -1.7615022e-01   0.0000000e+00   6.2231250e-02   6.0713126e-01  -1.9732862e-01   1.7556308e-02  -2.8544314e-01  -5.5067576e-03  -1.8977660e-01  -2.1506183e-02   4.1384710e-01   7.7962085e-02   1.0514515e-03  -2.6194797e-01  -1.2110479e-02  -6.1168272e-01   6.3487303e-02  -2.5978495e-01  -2.2432740e-01  -1.7142342e-01  -1.4010665e-01   3.1040496e-01   6.4189166e-01   4.2400697e-01  -2.1902188e-01  -1.1227500e-01  -3.0107468e-01  -1.5503649e-01   2.3072690e-01   1.6025228e-01  -9.0845453e-03   3.7474428e-01  -1.3464923e-01   2.8771476e-01  -2.8033122e-01   3.3403597e-01   4.2517292e-01   1.2544762e-01  -3.7895078e-01   1.6605398e-02   2.9123510e-01  -6.3698629e-02   5.2744398e-02  -5.2795093e-02  -2.9776284e-01   5.6806002e-01  -2.5956985e-01   1.5904355e-01  -4.4457880e-01  -4.6253726e-01  -2.3888871e-01  -1.5751146e-01  -1.4647336e-01  -2.0467181e-01   8.6976818e-02   6.4401950e-01   7.5759484e-01   7.4887046e-01  -2.2355836e-01  -5.1583838e-01   5.3171608e-02  -1.9173650e-01  -4.9424062e-01   2.1451926e-01  -3.1817615e-01   4.8604939e-01  -3.8022055e-01  -2.4642112e-01   1.3244515e-01  -3.2200401e-01   2.0444172e-01   3.0909170e-01   5.3390416e-02  -4.0071574e-01   1.1241970e-01   5.0595964e-01  -3.8775300e-01  -3.4553962e-01   1.5619141e-01   1.3977078e-01  -1.3160002e-01   3.3620112e-01   9.9240295e-03   5.2874611e-01  -2.6222034e-01  -3.2216179e-01   3.1542178e-01  -1.7010884e-01   1.0334443e-02  -3.0571735e-01  -2.8971492e-01   2.7427589e-02  -3.2658218e-01   8.6451042e-02  -2.4416874e-01  -4.2027998e-01   7.6128795e-01  -5.4316784e-01  -1.2229594e-01  -2.9287042e-01  -2.9600639e-01  -1.6714062e-01  -9.2579189e-02  -4.3149133e-02  -5.0224633e-01  -3.0667360e-01   1.5480419e-01  -3.5868893e-02   2.8233404e-01   1.3119849e-01   2.1745204e-01  -2.3967152e-01  -3.6317757e-01  -5.4083861e-01   9.6846421e-02   2.5663125e-01   6.7562617e-01  -2.3672987e-01  -2.9463129e-01  -1.8259982e-01   1.4227098e-01  -4.4053817e-02  -2.3048771e-01   2.0672747e-01   2.9995347e-01   8.7262188e-02   5.0286817e-01  -4.0058393e-01   4.7871518e-02   1.9604082e-02   8.5587177e-02  -2.3401370e-01  -1.4488836e-02  -6.3058392e-02   2.1064954e-02  -3.1597088e-01  -5.2722614e-01  -2.2842204e-01  -6.9195482e-02  -2.2094767e-01   6.5374125e-01  -5.0448159e-01  -4.0994484e-02  -4.9093664e-01  -4.9248098e-02  -5.1131241e-01   6.2535622e-01   6.4259549e-02   2.8326462e-01  -2.7139972e-01  -6.9697188e-02  -2.9236848e-03  -2.3526429e-01   1.2027870e-01  -2.8500889e-02   4.2787453e-01  -1.7773164e-01  -1.2300673e-01   2.2040737e-02   1.8679174e-01  -3.6317261e-01  -4.1340181e-01   2.5051161e-01   2.8886760e-01  -1.8392169e-01   4.9545659e-01  -5.7898691e-01  -1.1101866e-01  -6.6714178e-02   2.9962701e-01
  -1.0583099e-01   1.5576702e-01   2.5913480e-01  -8.7880685e-02  -1.2210590e-01  -1.4186126e-01   3.6143644e-01  -1.7809605e-01   6.2231250e-02   0.0000000e+00  -3.6618280e-01   4.7740520e-01   1.8411568e-01  -4.3889918e-01   5.4455922e-01   9.3821163e-02   2.8086457e-01  -2.2054671e-01  -1.5399332e-01   1.5608750e-01  -3.3914566e-01  -3.6774054e-02   5.8696359e-02  -1.8222530e-01  -2.4316396e-01  -8.7697558e-02  -9.2872668e-02  -3.0468131e-01   2.8813286e-01  -2.3732683e-01   6.1789938e-02  -2.2292534e-01  -7.1900134e-02   6.6696185e-01   2.5977505e-01  -7.9334559e-02   8.5844741e-02  -1.0059719e-05  -8.0561985e-02   3.0976897e-01  -2.1085835e-01  -1.4093029e-01   3.0399326e-01  -2.0509245e-01   3.2864353e-01  -3.2070445e-01  -5.3812573e-01   1.6005711e-01  -2.4069969e-01   3.1045624e-01  -1.1773544e-01  -5.4335305e-02   1.9428064e-01  -2.1240629e-02   1.2751740e-03  -1.5384731e-01  -2.8564171e-01  -7.8703903e-02  -2.9152361e-01   1.6565386e-01  -1.3937915e-01   8.7531090e-02   1.3310442e-02  -2.3378760e-01  -1.4099053e-01   4.2932779e-01  -2.1340676e-01  -2.6560447e-01  -4.2147768e-01   1.9957249e-01   3.2589981e-01  -3.0513416e-01  -1.5760903e-01  -5.0479348e-02   3.0481018e-02  -1.3279967e-01  -9.1970315e-02   1.1979128e-02  -1.5297123e-01  -2.5947335e-01  -2.2319200e-01   3.6663508e-02   1.8234326e-02  -1.5636376e-01  -3.2900802e-01  -2.5395698e-01  -3.1515199e-02  -2.0316316e-01  -3.6235373e-03  -2.1892756e-01  -6.0888595e-02  -1.4574976e-01   4.1162918e-01   1.8858635e-01  -2.1312732e-01   2.2070746e-01  -1.3050742e-01  -1.4699052e-01  -2.7413428e-01   3.8448762e-01   5.5812810e-02   3.0082655e-01  -3.2119039e-01  -4.2893644e-02  -8.4804465e-02  -4.7185557e-02  -1.8096561e-01  -3.4718018e-01   2.6794166e-01  -4.2299048e-01   4.3706873e-01  -1.5241206e-01  -2.4454221e-01  -5.7950010e-02  -5.8474552e-02  -8.0058943e-02  -9.6327893e-02   1.8022822e-02  -9.8281995e-02  -2.1625519e-01  -1.9856244e-01   1.4931145e-01   1.1052378e-01  -1.6089461e-01  -1.8292800e-01  -1.0297318e-01  -1.0523833e-01   3.8322449e-02   1.8579564e-02   5.0810190e-02   2.4867358e-02   1.0225228e-01  -1.6532583e-01   4.3310655e-02  -1.1155830e-01  -1.9282647e-01   2.0537072e-02  -2.9896246e-02  -2.2408030e-01   5.3139967e-02  -2.2056337e-01   9.6823304e-02  -1.8235954e-01  -1.5054049e-01   3.0960657e-01  -2.6219245e-01   6.2035242e-01  -1.3089198e-01   2.5213926e-01   2.4794945e-02  -1.4673181e-01  -4.1517087e-01  -9.9807953e-02  -2.5224519e-01   1.7739673e-01   5.5479086e-02  -2.4295535e-01  -2.1634447e-01  -7.1744283e-02  -3.0989328e-01  -1.7744650e-01  -2.7843560e-01  -3.5229442e-02  -2.0673279e-01  -6.1727108e-02   2.0246827e-01  -1.3203258e-01  -3.8567224e-01  -1.8833924e-01   1.3512580e-01   1.5379942e-01  -1.6594667e-03  -4.4941153e-01  -1.9323687e-01  -1.9141196e-01  -4.3312918e-02  -3.6935179e-03
  -6.7896021e-02   2.0035275e-01  -1.6029029e-01  -3.4785794e-01   3.4457724e-01  -5.4447913e-01  -5.5650671e-01   1.7148466e-01   6.0713126e-01  -3.6618280e-01   0.0000000e+00  -4.0653639e-01   1.8891049e-01  -8.7238591e-02  -1.6749001e-01  -2.4747418e-01  -1.4919407e-01   4.5953531e-01   1.0383850e-01  -3.2987893e-04  -3.6348634e-02  -6.4869865e-02  -4.3900872e-01   2.1034578e-01  -1.4466296e-01  -1.4589840e-01  -4.1627282e-02   1.3686641e-01   9.0987153e-02   7.0168742e-01   1.7347854e-01  -1.5908666e-01  -6.0343178e-02  -6.1524325e-01  -2.5127582e-01   4.5548449e-01  -1.2221215e-01   3.0719855e-02   1.9501128e-01  -4.0811201e-01   4.6317717e-01  -1.5755280e-01   6.1843994e-02   5.1346745e-01   9.4992769e-02  -2.8565856e-02   4.9638835e-01  -1.3660960e-01  -7.5634646e-02  -1.3910227e-01   1.0234793e-01  -1.4740293e-01   1.5688148e-01  -2.0252969e-01  -6.6961094e-02  -3.0636145e-01  -2.5686843e-01  -1.9253250e-01   1.4785361e-02  -1.1608920e-01   2.3307979e-02   3.3951883e-01   5.1191291e-01   7.9882445e-01   5.8686236e-01  -1.2322129e-01  -4.2204123e-01   2.3240027e-01   1.7598319e-01  -4.0107464e-01  -2.5913331e-01  -7.6488767e-04   4.1372870e-01  -3.3893317e-01  -2.7015767e-01   2.8993434e-01  -1.1160527e-01   1.4564028e-01   5.3335724e-01   5.7904630e-02  -1.5915354e-01   1.6423766e-01   1.7015438e-01  -6.6386939e-02  -1.3045507e-01   3.6621748e-01  -1.7680912e-01   1.7658291e-02   3.1396316e-01   1.6485957e-01   4.9083183e-01  -8.0859773e-02  -5.2774848e-01   1.4197196e-01   6.9309181e-02  -1.5200351e-01  -2.2136782e-01  -2.4669504e-01   2.9208776e-01  -3.3428160e-01  -2.1968790e-01  -2.7121548e-01  -1.9692550e-01   3.9636056e-01  -3.8191703e-01  -1.3610695e-01  -3.0140939e-01  -4.3737778e-02  -2.9105403e-01   1.4988223e-01  -3.3617842e-01  -3.6893818e-01  -2.1643753e-01   1.3729922e-01   2.9521055e-02   1.2364122e-01   1.1426464e-01   2.7578812e-01  -2.3297890e-01  -3.3365979e-01  -2.3723392e-01   1.8970552e-01   5.9640934e-02   6.0513108e-01   4.7261320e-03  -7.6306361e-02   1.9029120e-01   2.4342834e-03  -6.5474230e-02  -2.0604501e-01   1.8715062e-01   2.3168597e-01   1.2819332e-01   2.6978381e-01  -2.9810156e-01   3.0806238e-01  -1.0054856e-01  -2.6960861e-02   1.3581988e-02  -7.8522883e-02  -1.4742809e-02  -4.3364329e-02  -4.0882765e-02  -3.7812492e-01  -2.1177684e-01  -1.6509113e-03  -5.7585545e-01   7.6892376e-01  -4.0233095e-01  -2.2788235e-01  -3.4002905e-01   2.0001658e-01  -3.3518859e-01   6.6692625e-01  -9.1568518e-02   2.2667446e-01  -6.6954405e-02   1.5265047e-02   7.2769900e-02  -3.9273139e-02   3.8362820e-01  -1.3707396e-02   4.6758251e-01  -4.8768816e-02  -2.1855506e-01   1.3195307e-01   5.3474002e-01  -4.7499485e-02  -1.8375745e-01  -1.2732171e-01   4.3256746e-01  -4.6795441e-02   7.4453781e-01  -4.4184367e-01  -1.0355139e-01  -1.3390227e-01   2.7934049e-01
  -1.4630519e-01   4.2267707e-01   7.1721435e-01   1.0193998e-03   1.4317411e-01   1.0564676e-01   5.9599291e-01  -1.4876471e-01  -1.9732862e-01   4.7740520e-01  -4.0653639e-01   0.0000000e+00  -1.9224410e-02  -1.6206252e-01   5.5144838e-01   1.7237830e-01   6.0175546e-01  -4.6829997e-01  -1.1885295e-01   5.6642531e-01  -3.9764199e-01  -1.4888434e-01   1.2295063e-01  -3.3717327e-01   1.7619604e-02  -2.7917898e-01   4.2218461e-01  -4.5163198e-01   3.0598444e-01  -2.3029872e-01  -4.5666544e-01  -1.3564381e-01   1.0640749e-01   6.0034612e-01   4.9013332e-01   2.1595443e-01  -2.2552835e-01  -7.6096985e-02  -1.3874611e-01   6.0653632e-01  -2.8160759e-01   2.3963725e-01   4.6340505e-01  -4.0767621e-01   4.7293441e-01  -2.7488732e-01  -5.0107415e-01  -9.5544104e-02  -2.4666917e-01   5.5053074e-01  -2.4824010e-01  -2.1974252e-01   1.8307259e-01   1.8883293e-01   2.6523610e-02  -2.2933049e-01  -2.2008808e-01  -1.1144267e-01  -1.7571946e-01   5.1207950e-01  -2.2196118e-01   1.8365951e-01   1.4459300e-01  -5.1563362e-01  -2.0838174e-01   4.0167178e-01   8.8992722e-02   2.8297267e-03  -3.7041737e-01   4.1465827e-01   3.7225162e-01  -2.5121167e-01  -1.6460064e-01   1.0990519e-01   9.1311252e-02  -2.0946992e-01  -1.0001913e-01   2.4828300e-02   8.8140948e-02  -1.8704992e-01  -3.1836015e-01   4.8403195e-02  -1.4923805e-01  -1.7675238e-01  -3.1347573e-01  -3.6261117e-01  -1.7743925e-01  -1.8797799e-01   1.4420187e-01  -3.1491409e-01   1.4883566e-01  -1.1932034e-01   5.7927404e-01   3.1433830e-01  -1.5004175e-01   4.0793481e-01   9.9576651e-02  -5.6380254e-02  -2.2050236e-02   3.2959864e-01  -1.4260563e-01   8.1887900e-02  -2.4281081e-01  -1.5100769e-01  -3.3993943e-02   7.2389320e-02   2.4928055e-01  -2.3434206e-01  -3.8294085e-02  -4.0346687e-01   7.0172448e-01  -1.0521486e-01  -8.5754104e-02  -7.4110040e-02  -3.9082545e-01   2.0451628e-02  -8.4125888e-02  -4.6538337e-02  -7.8131931e-02  -8.1703986e-02  -2.4221546e-01   4.8528228e-01   3.7629044e-01  -4.2791465e-01  -3.1115121e-01   1.5212740e-02   2.4407650e-01  -1.0109691e-02  -1.3729740e-01   4.0430850e-01   2.7180083e-02   8.5066912e-02  -3.0568452e-01  -5.1420806e-01  -8.3865912e-02  -2.1540653e-01   8.8665104e-02  -3.3562161e-01  -3.6001832e-01   4.8186479e-02  -7.3725163e-02   6.8355976e-02  -3.1331548e-01  -7.7285416e-02  -5.2841480e-02  -3.5830268e-01   5.6723964e-01  -2.7459067e-01   2.7260517e-01  -2.8022823e-01  -6.8769817e-02  -4.8570852e-01  -1.4082718e-01  -1.2959959e-01   6.3741793e-01  -8.8792967e-02  -3.7020899e-01  -1.6375696e-01  -2.1896867e-01  -2.0526592e-01  -9.9264300e-04  -2.1176196e-01  -3.5500204e-01  -3.1439164e-01  -5.4004367e-02   6.2470744e-01   2.8852061e-01  -3.3319148e-01  -1.1445719e-01   8.8079450e-02   4.1033905e-01  -4.0604813e-02  -5.2570175e-01   9.2732780e-02   1.0166314e-01   1.4271741e-01  -1.8876931e-01
  -1.2468660e-01  -6.7073517e-02   9.3103701e-02  -2.7890288e-02   1.0790987e-01  -1.0247675e-01  -2.1016415e-02   1.3232687e-01   1.7556308e-02   1.8411568e-01   1.8891049e-01  -1.9224410e-02   0.0000000e+00  -1.4759413e-01   8.0091210e-02   7.7792904e-02   7.6204277e-02  -1.5409133e-02  -1.2677294e-01   1.3836286e-01  -6.3374455e-02  -3.2188899e-03  -1.3321659e-02   3.9341811e-02  -3.4797778e-02   6.5292322e-02   1.5079724e-01  -4.4666499e-02   1.3147063e-01  -4.1454672e-02   6.3742553e-02  -2.1904400e-01  -2.1045266e-02   6.6957346e-03   9.6206793e-02   1.9217689e-01  -5.2058491e-02   1.1579356e-01  -7.2261744e-02   1.0920866e-01   5.6427340e-01   9.5765349e-02  -3.5393886e-02   1.9746448e-01   4.8414550e-02   6.1872239e-02   1.3935039e-01  -6.2707402e-02  -5.3118054e-03   4.9275969e-02  -7.9701488e-03   5.6688624e-02  -9.3786452e-02  -1.6464206e-02  -3.7446266e-02  -1.2459416e-02  -2.2702348e-02  -6.8416483e-02   7.4435778e-02   4.3656302e-02   1.5326891e-01   2.4384926e-01   6.7135063e-02   2.4925536e-03  -3.1657517e-02   1.5189907e-01  -9.7038244e-02  -2.3718951e-01   7.8467716e-02   1.3600940e-01   2.5744629e-02  -3.2933880e-02   1.3426581e-01  -8.5468998e-02  -1.2831465e-01   1.6380845e-02   1.7968603e-01   1.3725060e-01   7.1398840e-02   1.2304355e-01  -9.3698296e-02   1.8665471e-01  -9.6727142e-02   8.2698866e-02  -9.4786485e-02   8.4023601e-03  -5.0233474e-02  -3.8043628e-02   1.0180574e-01   2.0232001e-02   2.9116260e-02   5.6714757e-02   5.3274699e-02   2.8149930e-02   2.1402968e-01   1.2240170e-01  -3.3732860e-03  -4.8268333e-02   8.2495443e-02  -1.5202503e-02  -3.9763903e-02   1.6519071e-01  -1.0273227e-01  -1.1128102e-01  -8.2526422e-02  -5.8067115e-02  -1.4701129e-01   5.1104707e-02   1.1558989e-02   8.3533732e-02   3.3487013e-02  -7.1469985e-02   1.9047354e-02   3.3642560e-02   6.8587957e-02  -3.0893081e-03  -1.7818058e-02   5.4350211e-01  -6.2411598e-03  -2.3918459e-01   6.5038546e-02   1.5641528e-01  -1.0966178e-01   1.2144880e-02   7.4304473e-02   3.7229468e-02   8.5644008e-02   2.2198580e-01   6.7457732e-02   1.5054047e-01   4.2005161e-01  -2.3324145e-02  -1.3400233e-01   6.7536663e-02  -7.6948748e-02   9.8944984e-02   1.7263246e-02  -2.9817231e-02   5.7410653e-02   1.2715215e-01   7.2234339e-02   1.7931435e-01   1.6354865e-01  -5.7580882e-02   9.4193306e-02  -1.0698927e-01   4.6586104e-02   9.6436488e-02   1.2285616e-01  -3.6501855e-02  -1.0369071e-01  -3.9060457e-02  -1.0927620e-01   5.6330588e-02   7.3724201e-02  -4.7119699e-03  -2.2177323e-02   1.5646736e-01   1.0581395e-01  -1.2496159e-01   1.4445409e-01  -9.9809100e-02   1.1564028e-01  -3.0287112e-02  -1.7917814e-02   2.9012675e-02   1.3008577e-01  -1.1141823e-01  -1.3458181e-02   2.9247759e-02   1.5146624e-01   2.9197058e-01   7.2385106e-03  -1.8239676e-01  -2.6952331e-01  -5.5412482e-02  -1.1200319e-01
   2.2488047e-01  -2.9925850e-01  -1.2758932e-01   2.8602478e-01  -2.7838154e-01   3.8885305e-01   4.1832996e-02   1.1293837e-01  -2.8544314e-01  -4.3889918e-01  -8.7238591e-02  -1.6206252e-01  -1.4759413e-01   0.0000000e+00  -1.7927437e-01   5.3742962e-02  -1.8296785e-01  -7.4885686e-02   1.4869371e-01  -2.9682567e-01   3.5772780e-01   1.1036825e-01   2.1200051e-01   3.1886379e-01   9.4558131e-02   1.8789058e-01  -6.4490377e-02   4.3338222e-01  -8.8264543e-02   4.4732496e-03  -1.6655334e-01   1.0611095e-01   1.3601005e-01  -1.4778186e-01   4.1982352e-02  -3.4558373e-01  -6.3111817e-02  -7.0653794e-02  -1.7346634e-01  -2.3421478e-01  -6.5757565e-05   1.5159618e-01  -4.4811068e-01   2.3212325e-01  -3.3104356e-01   2.4992595e-01   1.9304871e-01  -8.5343149e-02   1.6542561e-01  -3.1225934e-01   1.1993943e-02  -6.2825847e-02  -2.9117977e-01   1.0298099e-01   3.3738633e-01   5.1994337e-01   4.9004077e-01   8.1932933e-02   1.4556719e-01  -1.4891453e-01   8.1641214e-02  -2.2053076e-01  -2.0784500e-01  -9.7678586e-02  -1.9994697e-01  -1.4448907e-01   3.4819974e-01  -1.4327245e-02   2.0206089e-01   1.2302238e-01  -2.8470834e-01   1.5796543e-01  -6.4930777e-02   1.3839842e-01  -3.7465987e-02   1.2722134e-01   1.4878029e-01  -3.4241037e-02  -3.1460835e-01   1.3432891e-01   5.8497534e-01  -3.8820866e-02   2.9297178e-03   2.1007097e-01   6.0367847e-01   7.5466913e-02   2.3837786e-01   5.7247047e-01  -6.5793503e-02   3.5708355e-01  -3.0801357e-01   1.6861717e-01  -6.6492778e-02  -2.9349404e-01   2.0287034e-01  -2.9249108e-01   1.2080905e-01   3.7372043e-01   2.8350755e-03  -8.7769879e-02   1.8570070e-01   1.1736884e-01   6.6328352e-01  -3.0633117e-02   2.1633097e-01   1.3327330e-02   2.7430078e-01   9.3421213e-02  -3.6342946e-03   2.3251286e-01  -2.0978099e-01   2.0477276e-01   2.7799243e-01   7.1397991e-02   3.7814657e-01  -1.7480689e-01   1.2760616e-01  -1.6006027e-01   5.0451486e-01   2.3278761e-01   3.8182495e-01  -3.6576958e-01  -3.4466514e-01  -9.7489926e-02   1.9873520e-01   2.1391228e-01   5.9308901e-02   2.9747789e-02   1.8754823e-02   1.4722072e-01  -1.3186041e-01  -2.1951119e-01   3.0022198e-01  -9.4184297e-02   5.8896699e-02   1.8992599e-01   2.6847925e-03   3.2398044e-01   1.4751953e-01  -3.6478939e-02   3.3117941e-01   3.8794896e-02   1.0201601e-01   5.5774754e-01   1.4145487e-02   1.6615782e-01  -1.7540196e-01  -2.4101287e-01   7.1497332e-02   4.6947060e-02   5.8984734e-01   5.5254165e-01   3.7812617e-01  -1.2911368e-01  -1.9727289e-01  -6.1077070e-02   2.6886436e-01   9.3501273e-02  -6.4279414e-02   4.2129515e-01  -1.3708135e-01   2.8765387e-01  -1.4593887e-01   2.1572805e-01  -6.9926934e-02  -1.4281947e-01  -8.3220331e-02   3.2809023e-01   4.9959960e-01  -1.5746273e-01  -3.4466572e-01   6.0810675e-02   3.5817782e-02   4.9151007e-01  -1.1798489e-02   1.7039269e-01  -1.6509479e-01
