   0.0000000e+00  -2.0187231e-03  -1.4560603e-01  -1.9930849e-02  -3.9139093e-02  -2.4755579e-01  -4.6522881e-01   3.5875401e-01   2.6715406e-01  -2.6325989e-01  -3.7361762e-01  -1.2282169e-01  -1.1506792e-02   1.1452591e-01  -3.9403040e-01  -2.9749959e-01  -1.7113113e-01  -2.3478484e-01  -1.3431651e-01  -1.5101998e-01  -2.0543583e-01  -6.0737763e-02  -4.0867132e-01   4.4476187e-01   1.0599974e-01   2.0175692e-01  -3.8331597e-01   2.2029611e-01   2.5764924e-01  -2.5996535e-01  -2.6760507e-01   2.7913623e-01   4.6433922e-02  -3.4104645e-01  -7.3366694e-02  -2.6373410e-01  -2.0944520e-01   4.6738496e-01  -1.3752691e-01  -2.9728433e-01  -1.8047575e-01   3.8450188e-02  -4.3171882e-02  -9.7862553e-02  -3.9639505e-01   4.2168311e-02  -3.1317562e-01  -3.0947679e-01  -3.3584586e-02  -1.4416589e-01  -2.7864022e-01   3.5789121e-01  -6.9579562e-03   2.3774796e-01   8.0251927e-02  -1.3260312e-01   1.3602054e-01   1.2115381e-01  -1.2091022e-02  -3.1003450e-01   9.1893981e-02  -2.9924099e-01   2.4071812e-01  -2.5509085e-01  -5.7873457e-02  -4.2387270e-01   6.7916646e-03  -1.4434615e-01  -2.1215580e-01  -1.9988796e-01   2.6568989e-03  -2.5624699e-01  -1.8566401e-01   6.2712907e-02   2.8878907e-01   2.2847749e-01   1.8476786e-01   5.7430566e-02  -6.9297529e-02   9.3095035e-02  -2.9101538e-01   6.7008547e-03  -2.7291043e-01   3.3729571e-01  -1.7685746e-02   2.7450040e-01   1.2905349e-01   4.7088048e-01   1.0373341e-01   6.1661187e-01   1.0878963e-01   1.8029147e-01  -2.5132011e-01   1.2500426e-01   2.6467646e-01   1.2044230e-01  -1.7285191e-01   1.1507215e-01  -3.5437470e-01  -4.7423990e-01  -5.1110941e-04  -3.7200315e-01  -9.2615918e-02  -4.6349030e-02  -3.3515350e-02   2.8115487e-01   2.2839766e-01  -9.3271280e-02  -1.7764086e-01  -2.3015413e-01  -4.1738967e-01  -2.8860193e-01  -5.9684426e-03   5.2094112e-01  -6.4363975e-02   1.3802204e-02   9.6305042e-02  -2.4402765e-01  -1.9615293e-01   2.7348223e-02   5.2978801e-01   2.0584384e-02   9.3714234e-02  -2.5255648e-01   5.0365831e-01   2.5560692e-01  -3.9317041e-01   1.5575196e-01   8.8404005e-02  -2.3895667e-01  -4.0647989e-02  -4.5217604e-01  -7.6938638e-03  -3.4297069e-01   2.2971826e-01   2.0589204e-01   3.4040056e-02  -1.9119325e-01   2.1993890e-01   2.3129055e-01   4.6893228e-01   2.2871440e-01  -9.7640858e-02  -3.6758938e-01  -4.2245834e-01  -6.2198945e-02  -3.0045635e-01  -1.9529876e-01  -4.8398979e-01  -2.7911373e-01   1.9195631e-01  -2.6660194e-01   5.9194081e-01  -2.4129285e-01  -2.2037967e-01   4.5842657e-01   2.8458571e-01  -9.8497158e-02   1.7967100e-01  -2.1485787e-01  -4.4424728e-02  -7.6623480e-02  -2.3884341e-01  -1.4206030e-01   1.5191441e-01  -2.8111196e-01  -4.2559833e-01   1.2355507e-01   4.7100822e-01  -4.3465447e-02  -2.2602003e-01   3.4171404e-01  -2.5851963e-01  -2.1237737e-01   3.1568398e-01   1.2209751e-01   5.5705271e-02
  -2.0187231e-03   0.0000000e+00   4.9493690e-02  -1.8487316e-01   3.8481140e-01  -5.0322238e-01   2.0768983e-01   3.3020147e-01   5.5597523e-02   5.1144119e-03  -3.5781388e-01   6.3072301e-01   8.9801811e-02  -6.2014981e-01  -4.2757551e-01  -4.4717740e-01   3.3285730e-01  -5.4056977e-01  -5.1332766e-02   1.5587467e-01  -4.6000554e-01  -5.3296376e-01  -5.4272205e-01   3.3775396e-01   2.0689656e-02   7.9442828e-02   7.0337745e-02  -2.5446496e-01   2.5563326e-02   1.3023814e-01  -3.9182890e-01  -1.0973040e-01   1.0854419e-01   1.5137974e-01  -3.5488935e-01   7.9006682e-03  -9.8019318e-02   6.1272235e-03  -1.8515803e-01   2.3712486e-01   1.2619492e-02  -2.5871189e-01   3.1285283e-01  -5.7630787e-01  -3.8109977e-01  -1.4577086e-01  -2.4443812e-01   2.9552065e-01  -2.4464269e-01   3.1000158e-01  -5.3017946e-01   2.3887053e-01   8.0474131e-01  -3.0972291e-01  -3.1971439e-01  -6.4721436e-01  -3.6900402e-01  -4.2787547e-01  -3.2037336e-01  -1.1961058e-01  -1.4693511e-01   3.5578711e-02   3.3455130e-01   1.9003173e-01   4.4073763e-01  -2.0412243e-02  -1.7481755e-01   1.5068138e-01  -4.1080300e-01  -2.6667896e-01   7.6800889e-01  -4.8596181e-01  -1.8453516e-01  -3.4165595e-01   6.3566777e-02   1.4299408e-01  -4.2518490e-02  -3.4266792e-01   4.5961069e-01   1.6675346e-01  -5.6811073e-01  -1.1128175e-01  -2.4506570e-01   3.3045220e-02  -7.7974413e-02   1.0793350e-01   1.5492076e-01   9.3416987e-02   3.0096825e-01   2.5168980e-02   6.8808812e-01  -2.7903158e-01   1.2063988e-02   9.2998872e-02   1.1950539e-01   4.5007365e-01  -2.3938717e-01  -1.9769560e-01   6.0612991e-02  -1.4161836e-01  -3.0227657e-01  -2.6390618e-01  -6.1047211e-01  -1.3097549e-02  -4.3840135e-01  -2.3350656e-01  -1.2951835e-01  -2.7064810e-01  -2.2383897e-01  -3.0164043e-02  -1.7203181e-02  -4.1778459e-01  -3.1102598e-01  -1.1886474e-01  -5.4426459e-01   7.1527431e-01  -3.3598954e-01   3.2532558e-03  -5.5294028e-01  -1.1373626e-01   1.7927503e-01   4.7720424e-01   4.2767145e-01   3.5152664e-01   8.6683525e-02  -2.6453435e-01  -2.8999131e-01   1.5243411e-01  -2.9307342e-01  -1.9518457e-01  -1.3398030e-01  -1.1328367e-01   3.2835439e-01  -3.6169725e-02   1.2693999e-02   3.3137725e-01  -6.0161621e-02  -5.8310839e-01   2.8419167e-01  -2.3365395e-01   4.2204713e-02   2.9220304e-02  -7.3941156e-02  -2.7275090e-01  -1.4141896e-01  -4.1649603e-01  -1.9338752e-02   2.7141735e-01  -3.8359637e-01   8.0170891e-02  -5.3034501e-01  -4.6681600e-01  -2.5081658e-02   3.5980032e-01   3.9554342e-01  -9.4985732e-02   7.4830289e-02  -2.7855792e-01  -8.8543864e-02  -4.9850182e-01   2.0664226e-02  -7.6097208e-03   4.3897646e-02  -3.9287596e-01  -1.2347998e-01   4.5203906e-01  -8.1885498e-02  -3.0404030e-01  -9.1394871e-02   2.4952433e-01   3.7686773e-01   1.3889428e-01  -2.6251868e-01  -1.1460804e-01   3.2603566e-02   1.0818663e-01  -1.4635932e-01
  -1.4560603e-01   4.9493690e-02   0.0000000e+00   6.6583788e-03   5.3084326e-01   3.0629715e-01   3.5802995e-02  -5.2048849e-02  -3.0527748e-02   1.8705803e-01   6.7121626e-02   3.9884812e-01   3.0393256e-01  -1.8237215e-01  -9.8615846e-02  -6.1123847e-02   8.7520061e-01  -3.2004710e-02   1.4108886e-01   6.2854339e-01  -2.0669384e-01  -1.5596940e-01  -3.6484080e-02  -1.9853061e-01  -1.6705598e-01   1.1159727e-01   3.9760238e-01  -2.1015043e-01  -2.3898329e-01  -6.8522474e-02  -3.8660435e-02  -3.1892311e-01   1.5011326e-01   3.3536392e-01  -1.6743343e-01   5.0965588e-01  -1.5264937e-01  -3.3163193e-01   6.5436478e-02   6.4003064e-01   2.9289589e-01   1.3277589e-01   3.5347293e-01  -7.2942480e-03   1.7784964e-01   4.8952431e-01   2.8144919e-01  -2.1451510e-01   1.2987362e-01   6.5828713e-01  -9.4371796e-02  -5.8265603e-03   1.7112028e-01   2.9978736e-01  -2.3839060e-01   1.5939785e-02   1.2910492e-01  -2.7981713e-01   1.8300362e-02   6.8985568e-02   6.8582173e-01   3.4397994e-01   1.4885696e-01  -1.7798985e-01  -2.1441528e-01   2.5307299e-01   5.6714585e-01  -5.3952978e-02  -1.0249881e-01   6.3984094e-01   8.2484420e-02  -1.1675527e-01   1.4801032e-01   4.8687832e-01   1.4320338e-01  -6.1152433e-02   1.2318836e-01  -2.3800658e-01   4.2406317e-01  -1.1513200e-01  -3.1036029e-02   2.0800855e-02  -1.0452937e-02  -7.5615017e-02   4.4428112e-01  -1.0565771e-01  -4.3421513e-01  -1.3410782e-01   3.0705931e-01  -3.3503672e-01   3.6197292e-01   5.2980379e-01   5.3527232e-01  -3.9649254e-03  -2.3496126e-01   5.8234415e-01   4.5710543e-02  -4.1626053e-02   3.5227007e-01  -2.4706067e-01  -2.3291175e-01   2.5783394e-01  -3.0291583e-01  -1.0932543e-01  -3.4898074e-01  -1.4900341e-01   3.7284204e-01  -1.8611105e-02  -1.6054002e-01   1.8522210e-01   9.2514439e-03  -1.5884644e-01  -2.5927938e-01  -2.3289247e-01  -1.6045230e-01  -1.5511318e-01  -1.9938241e-01   3.0892281e-01   2.6626755e-02  -4.3045349e-02  -1.2234617e-01   5.7884171e-01   3.6788868e-01  -2.3248974e-01  -1.8561105e-01   9.1811242e-02   1.3752613e-01   7.2474807e-02  -1.5839946e-01   5.4490787e-01   2.7505611e-01   9.1138921e-02   4.8688629e-01   1.3512343e-01   4.3007744e-02  -2.3639502e-02  -1.0536938e-01  -5.1429477e-02   1.3241156e-02  -9.0967297e-02  -2.2093704e-03   3.8759832e-01  -2.1839907e-01   6.4673834e-01   1.3834362e-01  -3.5980270e-01   2.0041464e-01   2.1540682e-01   8.7774853e-02  -3.5835403e-01  -8.1274357e-02  -1.6505703e-01   2.8568406e-02  -2.6461626e-01   8.1207367e-01  -1.2707760e-01  -2.5922825e-02   1.4329953e-01   6.1965048e-01  -1.5828272e-01  -2.2151676e-02  -2.7897335e-01   3.6730089e-01  -3.6768603e-01  -1.9316755e-01  -2.2012899e-02   1.2316241e-01   3.5014334e-02  -7.4263004e-02   3.9327615e-01   3.0033106e-01  -1.3441680e-01  -1.4843897e-01   5.1851220e-01  -1.7239511e-01   3.2326997e-01  -2.0329287e-02
  -1.9930849e-02  -1.8487316e-01   6.6583788e-03   0.0000000e+00  -1.1371294e-01   3.5207541e-01  -2.2262401e-01  -4.9908795e-02   2.8990932e-01  -1.5205093e-01   3.3272819e-01  -3.2916640e-01  -4.5397934e-02   3.3678224e-01  -2.4929760e-02  -4.6087140e-02  -1.2145183e-02   4.4758451e-01   1.9871323e-01   5.8601706e-02   1.8992057e-01   6.0991975e-01   4.5606116e-02  -5.9345440e-02   2.0517093e-01   9.9519320e-02   1.6148742e-01  -1.8652154e-01  -1.1582698e-01   3.7816692e-01   9.5432449e-02   3.3334352e-01   8.5178104e-02  -1.7731934e-01   4.2798018e-01   1.9210589e-01  -6.9778528e-04  -2.4730907e-01   2.4221500e-01  -1.5588867e-01   1.5775487e-01  -1.1982943e-01   2.7818954e-01   2.1163034e-01   2.1099802e-01   2.4094832e-01   5.0663418e-01  -1.5705097e-01   2.2934429e-01  -1.8807241e-01   4.7312258e-01  -1.7455796e-01  -2.3580687e-01  -1.2442189e-01   3.0874285e-01   2.3513960e-01   1.4398065e-01   5.7396243e-01   5.1544623e-01   3.8413064e-01   1.6286065e-01   2.1771428e-01   8.9097963e-02   7.3878644e-02   1.1458723e-01  -1.6339056e-01   2.2200729e-01   2.4818343e-01   6.1545117e-01   4.7627767e-02  -2.9390394e-01   5.7245358e-01   2.5742228e-01  -8.8568080e-02  -2.5568857e-02   8.3230530e-02   1.5978339e-01   2.8206070e-01  -3.8185041e-02   2.2629519e-01  -7.6532586e-03  -4.8249762e-02  -6.2058034e-02  -5.8015935e-02  -9.2778121e-02  -1.2130172e-01  -2.4939313e-02  -2.8671304e-01  -9.1205217e-02  -1.7442319e-01  -2.0179184e-01   2.5935313e-01  -3.2173461e-01   5.1140312e-01  -6.2414022e-02  -1.4792862e-01   3.8009253e-01   1.7553179e-01   2.8368031e-01  -4.2229512e-02  -3.3292553e-02   1.5171652e-01   2.4195162e-01   3.4894576e-01   4.3108695e-01   6.1342271e-01  -8.3076055e-02   5.3011106e-01   4.4026447e-02   4.5728609e-02  -2.8548080e-01   3.8076792e-01   5.1485601e-01  -1.5233169e-01  -1.8872337e-01  -1.1006910e-01   1.6228435e-01   5.1998300e-02   1.7484484e-01   6.8268551e-01   2.0842686e-01  -1.8550299e-01  -8.2208664e-02   9.6832547e-04  -1.0171378e-01   2.6243183e-01   3.1760375e-01  -8.7563317e-03   5.8922535e-01  -8.1093447e-04   1.5308610e-01   9.0332026e-02   8.5594715e-02   9.3932550e-02   4.5685253e-01  -2.9961869e-02   6.4252340e-02   8.1365931e-02  -1.4117654e-01  -1.8378673e-01  -1.0713632e-01   1.3620984e-02   2.3480711e-01  -1.2093324e-01   1.3461693e-01   3.2434011e-01  -4.0125293e-01  -1.1458460e-02   2.4198239e-03  -7.6806815e-02  -2.4641960e-01   6.9973308e-02   1.0331169e-01   3.0532397e-02  -2.0637349e-01  -2.8613152e-01   2.1519081e-01   3.9591956e-01   2.0742430e-01  -1.4633750e-01   4.1719663e-01   1.3537124e-01  -6.1720302e-02   5.2351350e-01   5.2109515e-01  -2.5616017e-01   1.2686917e-01   1.0550994e-01   4.1088562e-01  -1.7263041e-01  -5.7837091e-02   9.8126685e-03   4.8845939e-01   1.0476687e-01   6.1488250e-02   2.4534744e-01   6.8568381e-01
  -3.9139093e-02   3.8481140e-01   5.3084326e-01  -1.1371294e-01   0.0000000e+00  -4.4857474e-02   5.0869902e-02   8.0340171e-02  -4.3930702e-02   1.4216102e-01   1.0554959e-01   3.4404464e-01   4.0115906e-01  -2.7164615e-01  -3.5167785e-01  -1.9297762e-01   5.2787487e-01  -9.4598468e-02   1.3670060e-01   8.1919217e-01  -1.2907116e-01  -2.6169565e-01  -3.5614594e-01   1.8158277e-01  -2.1852363e-01   2.1412995e-01   2.3258317e-01  -1.7151218e-01  -9.6993594e-02  -5.9455564e-02  -1.5733092e-01  -2.8844920e-01   5.3507368e-02   2.5378202e-01  -2.5684007e-01   7.0556728e-01   1.0761052e-01  -1.7134778e-01   6.7208674e-02   3.8490167e-01   3.9707702e-01  -2.6338944e-02   3.0682956e-01  -9.9811860e-02   1.8269264e-01   1.2587975e-01   2.6463855e-01  -4.9643877e-02   3.0091805e-01   3.4557144e-01  -2.6527264e-01   1.2635047e-01   5.5328740e-01   2.0045528e-01  -2.2719613e-01  -2.5910648e-01   1.3413242e-01  -4.5138065e-01  -2.5729390e-01  -2.0930862e-01   4.4844442e-01   2.6790971e-01   1.6941670e-01  -2.7001435e-01   4.8952344e-02   2.5152344e-01   3.1695167e-01  -1.6215226e-02  -2.5972068e-01   6.1179818e-02   2.8254575e-01  -2.6157898e-01   6.1425849e-02   1.5825063e-01   1.6809421e-01  -2.3359465e-03   4.1542112e-02  -1.2715077e-01   7.8788747e-01  -2.1914487e-02  -4.4657611e-01  -1.2193665e-01  -3.8881012e-02  -6.2748490e-02   1.8841564e-01  -9.1474631e-02  -4.5804360e-01   1.0327682e-02   1.9748558e-01  -2.1342037e-01   7.5094587e-01   2.0935762e-01   4.9375812e-01   1.6454939e-02  -1.6768193e-01   8.0997095e-01  -1.0211969e-01  -2.2260672e-01   4.7868978e-01  -2.1511967e-01  -3.5010639e-01  -7.0702096e-02  -3.9399880e-01  -2.1551823e-01  -5.6585943e-01  -2.3145323e-01   2.0280367e-01  -1.8101220e-01  -2.7468815e-01   3.9557953e-01  -4.2399587e-02  -3.4542973e-01  -2.0039093e-01  -2.0248867e-01  -4.3967769e-01   4.6717800e-01  -4.7788950e-02   3.0512209e-01  -1.8257372e-01  -2.1664785e-01  -2.2110648e-02   8.2789433e-01   2.9222897e-01  -9.2458847e-02  -1.1576831e-01   9.4098127e-03  -4.4368429e-02  -7.9325450e-02  -3.2983054e-01   1.1271578e-01   2.0978330e-01   1.3801616e-01   4.3958564e-01  -3.2887798e-02   1.5597534e-01   8.3263521e-02  -5.0818699e-02  -4.5340049e-01   7.6632473e-02  -1.5135645e-01   1.1578247e-01   5.3200445e-01  -2.9880183e-01   2.1225954e-01  -1.0706755e-01  -4.1723338e-01  -1.5924498e-01   5.8552437e-01  -8.8404972e-02  -1.9065564e-02  -3.2440665e-01  -2.5555127e-01   1.7247701e-01   8.4783636e-02   5.3171843e-01  -1.0053173e-01  -4.6757053e-02  -8.8824405e-02   3.9654022e-01  -4.3149252e-01  -4.9577686e-02  -3.3764135e-01   5.1665757e-01  -4.6037074e-01  -3.0406730e-01   2.8313328e-01   2.0809985e-01  -1.1714194e-01  -3.4908160e-02   6.7360812e-01   5.5759026e-01   6.3957587e-02   1.8942165e-02   4.6799035e-01   8.7283065e-02   3.3620732e-01  -1.4753908e-01
  -2.4755579e-01  -5.0322238e-01   3.0629715e-01   3.5207541e-01  -4.4857474e-02   0.0000000e+00   1.2743795e-01  -4.9235721e-01  -1.7624982e-01  -5.7765736e-02   4.3365830e-01  -3.1326351e-01   1.4320271e-01   4.5023016e-01   2.4156449e-01   3.3241312e-01   1.7310439e-01   5.4587325e-01   6.8378051e-02   2.6781572e-01   3.2730593e-01   5.7437248e-01   3.3352297e-01  -5.5657569e-01   3.7437959e-02  -2.6804430e-01   4.7508447e-01  -9.4847929e-02  -1.8474346e-01   2.0084213e-01   2.4439741e-01  -9.8447889e-02   9.4083641e-02   1.6295059e-02   4.8190669e-01   3.2071579e-01  -1.4062441e-02  -4.8307446e-01   2.4676253e-01   1.6657035e-01   2.8435666e-01   2.2309566e-01   3.1922568e-02   3.9011775e-01   4.3743647e-01   4.8417112e-01   5.3209619e-01  -4.4263114e-02   8.2671451e-02  -3.9770244e-02   5.7139376e-01  -5.1776354e-01  -4.2833220e-01   2.7462307e-01   2.2709905e-01   5.2764946e-01   3.2311877e-01   3.1196883e-01   3.6698625e-01   4.5374748e-01   3.3028274e-01   1.1600836e-01  -2.0496312e-01  -1.9619290e-01  -2.9475853e-01   1.6450633e-01   6.1367774e-01  -3.9385795e-02   6.1375007e-01   5.7121085e-01  -4.3706595e-01   6.1760133e-01   3.5405237e-01   4.4441787e-01  -9.4444541e-02  -2.2531560e-01  -3.4927303e-04   2.2877476e-01  -2.0058565e-01  -1.2152986e-01   5.0829367e-01   2.6503628e-02   2.0636259e-01  -1.0376228e-01   2.0335735e-01  -2.6079441e-01  -5.8561356e-02  -3.6821909e-01  -2.0102398e-01  -3.5308039e-01  -4.5358066e-01   3.8836320e-01   1.7182729e-01  -3.4458855e-02  -3.4269788e-01  -2.1371639e-01   3.2409611e-01   1.9706815e-01   2.5576665e-01   2.3808251e-01   5.8093693e-02   2.7150290e-01   4.3908532e-01   8.9243186e-02   3.7227196e-01   1.0168490e-01   1.2118856e-01   3.7675199e-01  -2.0172814e-02   3.3923134e-01   6.1036225e-02   6.6603883e-01   3.8723567e-01  -2.7073904e-01   1.5686728e-01  -4.2132842e-01   1.5329621e-01   2.7299431e-01   6.1123841e-01   1.9021057e-01  -3.5826669e-01  -2.2442825e-01  -2.1804131e-01  -2.2520207e-01  -2.6748098e-01   3.2854392e-01   4.4507718e-01  -1.0359553e-01   2.5296276e-01   4.5603928e-01   1.8344696e-01   2.6496509e-01   1.6746323e-01   6.5107968e-02   2.5770230e-02  -3.8220008e-01   3.8613003e-02   4.4136182e-01  -3.2769688e-01  -9.0364381e-02  -2.2286193e-01  -2.7713998e-02   1.7846741e-01   5.7784522e-01   2.1829387e-01   2.5590871e-01   5.5196399e-02  -5.4085564e-02   5.7165590e-01  -1.9734681e-01   9.8997857e-02   3.7190093e-01  -1.7110834e-01  -7.2495088e-02   7.8368533e-02  -3.3352214e-01  -1.4233673e-01   3.0636392e-01   2.6727487e-01   3.0768992e-01   2.5712843e-02  -3.8240682e-03   5.1979674e-02   4.0526374e-01   7.2816441e-03  -3.0372178e-01   3.3693654e-01   4.5340691e-01  -7.5617579e-02  -4.9425500e-02  -1.2801552e-01  -4.2419196e-01   3.7308883e-01   5.6191256e-01  -1.6475003e-01   1.5337330e-02   2.4559232e-01
  -4.6522881e-01   2.0768983e-01   3.5802995e-02  -2.2262401e-01   5.0869902e-02   1.2743795e-01   0.0000000e+00  -3.3117559e-01  -4.2956886e-01   3.6444315e-01  -3.6740959e-02   4.6765611e-01   2.1951114e-02  -2.7783121e-01   3.6964754e-01   3.1804196e-03   5.5223619e-02  -4.1950823e-02  -1.3266985e-01   2.0456098e-01  -5.5279060e-02  -3.1201180e-01   3.1185234e-01  -3.3249720e-01  -4.6846567e-02  -3.0008956e-01   4.3390030e-01  -1.5059024e-01  -1.9810538e-01   2.3613107e-01   2.1251516e-03  -5.0817548e-01  -1.8422110e-01   6.0523259e-01  -1.0973282e-01   1.9973326e-01   2.9288081e-02  -4.0922282e-01  -2.7500541e-01   4.0398446e-01   5.8401765e-02  -3.7935648e-02   1.5595421e-01  -2.0426126e-01   2.7606335e-01  -2.5819137e-02  -5.3396762e-03   6.1359267e-01  -3.0640554e-01   1.8986158e-02   2.9969010e-02  -3.5705885e-01   1.3920006e-01  -1.9871903e-01  -1.5685893e-01  -1.1667536e-01  -3.0443733e-01  -4.2038962e-01  -2.4638542e-01   1.4070612e-01  -2.2220582e-01   2.1651785e-01  -3.4875518e-01   6.1877111e-02   4.6333303e-03   5.7300178e-01  -4.9537262e-02  -5.1612748e-02  -1.8559945e-01   2.5052544e-01   3.7445935e-01   3.5570047e-04  -1.5389441e-02  -5.3986308e-03  -3.3387813e-01  -3.3402361e-01  -1.4525309e-01  -3.8457793e-01   9.9307341e-02  -2.2198968e-01   3.1793506e-01  -7.8508464e-02   1.9437728e-01  -3.8210170e-01  -3.5050444e-02  -2.9955109e-01   6.5609769e-02  -3.0804280e-01  -1.8115584e-01  -2.5376379e-01  -8.7691239e-02  -2.3909833e-01   4.5269339e-01  -3.0051475e-01  -1.8513590e-01  -6.0992646e-02  -2.6829731e-02  -2.9676393e-01   1.7830157e-01   6.5025094e-01  -7.1912616e-03   1.2465375e-01  -1.4039380e-01  -1.6250584e-01  -2.1650554e-01  -4.9080078e-01  -2.6088013e-01  -2.8522067e-01   1.8462276e-01   1.3723561e-01   7.0951798e-01   1.3601542e-01  -1.3634662e-01  -2.6993655e-01   7.4135073e-02   1.2852836e-01  -4.3194166e-01   5.4554836e-02   2.4645946e-02  -2.8413435e-01  -3.2362691e-01   7.5896896e-02  -9.8855149e-02   1.3459028e-01  -2.9082886e-01  -3.8200573e-01   1.4762182e-01  -2.1218240e-01  -4.2793860e-01   1.9153476e-01  -1.1439525e-01   4.2695043e-01  -1.9382726e-01   7.2488994e-02  -4.8207238e-01  -2.5157879e-01  -1.6184055e-02   1.2856289e-01  -2.5468939e-01  -2.2638175e-01  -3.4150846e-01  -1.2113699e-01  -5.2577078e-02   4.3085840e-01   3.1688503e-01  -2.0201569e-01   5.8593283e-01   1.0853645e-01   4.4782086e-01   3.7623518e-01   4.8905829e-03   3.0259851e-03  -2.9579287e-01   3.0112107e-01   2.9815849e-01  -2.5716212e-01  -1.9328721e-01  -1.3145430e-01  -3.2889881e-01   2.8088543e-01  -3.2151334e-02  -1.0776276e-01   7.8076299e-02  -9.3768372e-02  -4.7554396e-01   5.6475310e-01   4.2096358e-01  -1.9619587e-01  -1.8459052e-01  -2.1501991e-02   1.9239259e-01  -4.1912485e-01   1.5322206e-03   1.1868336e-01  -1.9748565e-01  -1.7789444e-01  -3.6140060e-01
   3.5875401e-01   3.3020147e-01  -5.2048849e-02  -4.9908795e-02   8.0340171e-02  -4.9235721e-01  -3.3117559e-01   0.0000000e+00   3.0070450e-01  -4.5442919e-01  -1.6995250e-01   6.5498830e-02  -9.8672530e-02  -4.3102249e-01  -1.9604074e-01  -7.4320849e-02   1.7944851e-02  -3.7865107e-01   2.4284711e-01  -1.5095743e-01  -3.1423711e-01  -3.3390924e-01  -3.9187548e-01   5.8100948e-01   1.5800816e-01   5.8536182e-01  -2.4212414e-01   1.6856769e-01   3.2336000e-01  -1.5044029e-01  -4.1793230e-01   3.6133958e-01   1.6412921e-01  -3.4256100e-01  -1.2218608e-01  -2.1948707e-01  -1.7518313e-01   3.9462604e-01   1.4491931e-02  -1.2992942e-01  -1.4085884e-01   9.6341033e-03   1.7747701e-01  -3.8277278e-01  -4.4828593e-01  -5.1187419e-02  -2.1021946e-01  -1.7759016e-01  -6.3489745e-02   1.1125383e-01  -2.9183540e-01   8.2889448e-01   1.5982926e-01  -2.4983079e-01  -1.9426362e-01  -4.2266265e-01  -1.3682151e-01  -1.3027369e-01  -9.9737185e-02  -1.4275218e-01   2.7628085e-02  -6.7635491e-02   3.9419611e-01   1.7285323e-02   1.2568342e-01  -3.8147601e-01  -2.1857119e-01   1.8324459e-02  -2.2153186e-01  -3.0046695e-01   1.7261280e-01  -2.6552610e-01  -2.8276495e-01  -3.8249121e-01   1.8671705e-01   5.4312608e-01   4.4131624e-01  -5.7062804e-02   1.1116330e-01   2.2719739e-01  -3.5122690e-01  -9.7242500e-03  -3.7284839e-01   5.8360614e-01  -3.6125542e-01   5.8812541e-01  -9.3640918e-03   4.1185214e-01   2.2472929e-01   4.2073727e-01   4.5244313e-01  -1.4013895e-02  -2.7162762e-01   3.5080712e-01   6.0331716e-01   3.2100880e-01  -7.3782002e-02   2.4577731e-01  -1.1882566e-01  -4.3232151e-01  -2.5465142e-01  -4.8215206e-02  -3.2588426e-01  -7.1182463e-03   1.3772933e-02   2.5093563e-01  -1.1268448e-01   1.8037774e-01  -1.3735188e-01  -3.6269586e-01  -2.9399571e-01  -3.6737780e-01  -1.0357729e-01   4.6039668e-01  -1.6853319e-01   2.9801599e-01  -1.1410229e-01  -1.8645098e-01  -5.9879418e-01   4.9468990e-02   5.5777518e-01   2.7393337e-01   3.5767564e-01  -2.1768338e-02   5.5899566e-01   5.7506928e-02  -2.2816058e-01   2.4806998e-01   1.5430299e-01  -4.5241381e-01  -3.7629675e-02  -4.7106264e-01   3.9816836e-02  -3.1325265e-01   2.5189727e-01   7.3402908e-01  -5.9747276e-02  -4.1247389e-01   7.2314534e-01  -1.0499932e-01   2.3674785e-01   8.2273213e-02   2.5432666e-01  -5.2998542e-01  -2.9334777e-01  -2.7006046e-01  -1.8123659e-01  -3.0314002e-02  -5.4747645e-01  -2.7410768e-01  -1.8965550e-01  -2.5293625e-01   3.0970921e-01  -1.5477789e-01   1.1240485e-02   4.1533482e-03   5.0605258e-01  -7.1906665e-02   1.5895596e-01  -2.0206445e-01   1.9256640e-01   3.2297809e-01  -2.8371980e-01  -1.4165888e-01   2.2016522e-01   3.1079670e-02  -3.1268464e-01  -4.3181006e-03   2.4229529e-01  -4.1141472e-02   1.0570371e-01   4.3289647e-01  -2.3015369e-01  -3.9459765e-01   1.1988442e-01   5.1283983e-02   5.0128297e-02
   2.6715406e-01   5.5597523e-02  -3.0527748e-02   2.8990932e-01  -4.3930702e-02  -1.7624982e-01  -4.2956886e-01   3.0070450e-01   0.0000000e+00  -1.6171839e-01  -2.1102663e-01  -8.4837731e-02  -5.6437617e-02  -6.4572833e-02  -1.7176453e-01  -1.4479416e-01  -3.4832004e-02  -1.9001076e-01  -1.0536076e-01  -2.5238360e-02  -2.1811541e-01   9.1513842e-02  -2.2567276e-01   2.2872212e-01   3.9476861e-01   2.8754285e-01  -1.0915437e-01   2.0793581e-01   1.6156072e-01  -6.6939605e-02  -1.1463572e-01   3.2548355e-01   2.4997583e-01  -2.9355961e-01   8.9716125e-02  -1.8996211e-01  -1.3917094e-01   1.3313037e-01  -1.0047863e-02  -1.3501444e-01  -1.3295443e-01   1.5963305e-01   3.0324595e-01  -1.6341609e-01  -2.5508415e-01  -3.4394258e-02  -1.5868536e-01  -2.8739291e-01  -6.4011846e-02   7.9720745e-02  -1.2898856e-01   2.7553695e-01  -3.1212011e-02  -9.9212308e-03  -7.2187490e-02  -1.5063979e-01  -5.3286500e-02   1.1668637e-01   2.7878946e-02   5.2435269e-02  -1.7066288e-02  -1.2243264e-01   6.8044960e-01   1.8569561e-01   2.2989439e-01  -4.1051245e-01  -8.7218024e-02   2.5993631e-01  -1.0547107e-02  -2.2414097e-01  -1.5254202e-01   4.5702097e-02  -9.2798213e-02  -1.7673699e-01   3.4067290e-01   2.7448889e-01   1.2164662e-01   8.1987513e-02  -2.8039710e-02   3.7715437e-01  -1.7963787e-01   1.2431110e-01  -3.4844538e-01   3.5307163e-01  -2.0747218e-01   4.1011012e-01   2.2076251e-01   1.6351219e-01   3.7766850e-01   2.3873957e-01   9.1084549e-02   9.2347161e-02  -3.8780504e-01   5.5599692e-01   1.7975134e-01   1.0038904e-01   2.3111964e-01  -9.6062998e-03  -1.9851867e-01  -1.7193230e-01  -1.4448726e-01   4.8238371e-03  -9.3431281e-02   4.8224158e-01   3.1689339e-02   3.7479195e-01  -1.9876202e-02   1.4249213e-01   4.1029212e-02  -4.3511483e-01  -3.5559289e-01  -1.7315311e-01   3.1904986e-01   1.7484763e-01  -1.0393309e-01   1.3407372e-01  -9.3830385e-03  -5.4349339e-02  -2.2991871e-01   1.6916464e-01   3.1707904e-01   1.6967939e-02   3.7136873e-01   1.9092012e-01   2.8264972e-01   1.9338793e-01   1.1693127e-01   2.9434253e-01   3.0795816e-01  -2.5210471e-01   6.7789178e-02  -1.3119426e-01  -4.5472599e-03  -1.3986585e-01   5.6243393e-01   4.1929535e-01   2.4576649e-01  -1.7496797e-01   3.6915062e-01   1.2866209e-02   2.6836693e-01  -1.0331434e-01   4.8611492e-02  -4.1106716e-01  -2.1390273e-02   1.9222774e-01  -2.8613673e-01  -3.1976482e-01  -4.9968122e-01  -1.1686515e-01  -1.7709088e-01  -1.2704526e-01   1.7463137e-01  -2.1851969e-02  -1.5320138e-01   3.2938336e-02   1.1829269e-01   9.6337897e-02   9.3150696e-02  -2.2628459e-01   2.6442064e-01   1.3510474e-01  -3.2579379e-01   2.3365585e-02   2.0176205e-01  -4.6860631e-02  -2.4852372e-01   3.4474786e-02   1.3700813e-01  -1.7828813e-01  -5.6361986e-02   2.4070147e-01  -1.0465771e-01  -3.2067656e-01   3.1761738e-01   1.1510169e-01   2.3645593e-01
  -2.6325989e-01   5.1144119e-03   1.8705803e-01  -1.5205093e-01   1.4216102e-01  -5.7765736e-02   3.6444315e-01  -4.5442919e-01  -1.6171839e-01   0.0000000e+00  -4.2872958e-02   5.1359693e-01   6.2390425e-02  -4.6764439e-02   1.8691531e-01  -1.0876743e-01   1.7776918e-01  -6.6667590e-02  -1.3315212e-01   2.6956724e-01  -7.7605327e-02  -2.0311006e-01   2.6322322e-01  -1.9495650e-01  -2.1420065e-01  -1.1660587e-01   8.2369188e-02   8.9005182e-03  -2.6456617e-01  -3.2404634e-02   2.8082561e-01  -4.7243105e-01  -2.2306290e-01   6.9412837e-01  -3.1542511e-01   1.9183109e-01  -1.2570519e-02  -2.3312230e-01  -1.8575316e-01   2.8860409e-01   2.7176162e-02  -5.2963157e-02   3.0369797e-02  -3.3031782e-02   3.4730723e-01  -1.2041144e-01  -1.0974488e-01   5.4541802e-02  -1.6917397e-03   1.8111878e-01  -1.9059625e-01  -3.0315821e-01   1.7125787e-01   1.2552683e-01  -1.7317590e-01  -4.5696163e-03   1.0372650e-01  -3.3448140e-01  -1.8008488e-01  -1.8122541e-01  -3.1526580e-02   2.5778453e-01  -1.6421745e-01   2.1629474e-01   1.5962534e-01   3.5035472e-01   5.1533009e-02   4.0940849e-02  -3.1624360e-01   1.1729786e-01   1.6908728e-01  -2.2376834e-01   1.7771510e-01   2.6259137e-01  -1.2058970e-01  -4.1690648e-01  -2.6601341e-01  -1.4088259e-01   2.7220635e-01  -3.2305193e-01   1.2802307e-01   4.4885547e-02   9.0261902e-02  -2.5717223e-01   2.0294040e-01  -3.5849586e-01  -1.4968228e-01  -1.7640291e-01  -3.3258956e-03  -2.0310349e-01   1.4829626e-02  -4.4047828e-02   4.1460269e-01  -3.0835708e-01  -3.7353279e-01   1.2822798e-01  -5.3935981e-02  -4.4720522e-01   1.3018449e-01   3.8939385e-01  -2.8623615e-02   1.1186570e-01  -1.1744208e-01  -6.8438438e-02  -5.1578855e-01  -3.7782639e-01   5.5124317e-02  -4.8319520e-01   2.0561543e-01  -1.0165010e-01   4.1407399e-01  -2.9894148e-01  -2.4910645e-01  -3.1885249e-01   2.8765587e-02   5.9069890e-03  -1.3222297e-01   1.6988123e-01   7.2226825e-02  -3.5698348e-01  -3.2322413e-01   2.0437043e-01   2.3208602e-02   2.3355439e-01  -3.7050266e-01  -3.0569987e-01   1.6590123e-01  -1.6782636e-01  -4.8763273e-01   1.9441805e-01   1.7730253e-01   5.3674616e-01  -1.0383096e-01   3.4632196e-01  -4.2347710e-01  -2.6079459e-01   1.1820531e-01   1.1427080e-01  -3.1619862e-01   1.0591412e-01  -4.3048854e-02   1.2530629e-01  -5.2468156e-01   3.1442980e-01   4.4653516e-01   3.4174472e-02   3.3113979e-01   6.3767658e-02   7.1148472e-02   3.3606555e-01   1.5454879e-01  -1.8077000e-01  -1.8234966e-01   2.7032431e-01   2.5019062e-01   1.8503693e-01  -3.4471870e-01  -4.6359084e-02  -1.3450060e-01  -2.3990262e-02  -1.4702554e-01  -3.8842533e-01   3.5526468e-01  -2.6837782e-01  -4.2084603e-01   3.9579464e-01   2.5585295e-01  -2.3624404e-01  -1.5835110e-01   6.1765994e-02   1.6045871e-01  -1.0006501e-01  -1.1805930e-01   6.9669787e-02  -1.2848912e-01  -4.0751803e-02  -2.6536127e-01
  -3.7361762e-01  -3.5781388e-01   6.7121626e-02   3.3272819e-01   1.0554959e-01   4.3365830e-01  -3.6740959e-02  -1.6995250e-01  -2.1102663e-01  -4.2872958e-02   0.0000000e+00  -3.6331420e-01   1.5623302e-02   3.2359686e-01   3.1558742e-01   3.5375863e-01  -2.1114665e-02   8.1053077e-01   2.4907360e-01   2.3602241e-01   4.0229338e-01   5.3695544e-01   3.0663913e-01  -3.8049315e-01  -1.8621042e-01   6.3731079e-02   2.2254943e-01   3.5041079e-02  -1.2280317e-01   2.6645525e-01   3.1739350e-01   8.4849055e-02  -1.6765638e-01   1.2590348e-01   4.5835583e-01   5.8199039e-01   1.9136570e-01  -2.6430912e-01   4.2142562e-01  -4.0571485e-02   3.8013836e-01  -2.3305905e-01  -1.0166731e-01   4.4340344e-01   6.9373826e-01   3.4175634e-01   7.9633194e-01  -8.6928557e-02   4.1580582e-01  -1.8309315e-01   6.4829776e-01  -1.7972567e-01  -1.9994330e-01  -5.1098245e-02   1.2626263e-01   5.3828868e-01   3.6044181e-01   2.6401159e-01   4.6654422e-01   2.4593563e-01   2.3813494e-01   2.7460099e-01  -2.5613201e-01   1.8248027e-01   9.1230657e-02   3.1944520e-01   1.2683271e-01   1.4534730e-01   6.4175799e-01   2.4883834e-01  -3.7569707e-01   5.5500714e-01   4.1262204e-01   8.2866393e-03  -3.1172819e-01  -1.0262832e-01   1.4584356e-01   3.6087617e-01   1.1933988e-01  -2.1956510e-01   2.5872046e-01  -6.1939397e-02   9.0907660e-02  -1.3355319e-01  -1.8164968e-01  -2.7602392e-01  -3.1136557e-01  -2.8192667e-01  -1.7885904e-01  -2.6624461e-01  -1.9816366e-01   1.3411142e-01  -4.1947968e-02   5.7678216e-02  -1.3102372e-01  -1.8872415e-01   1.1677783e-01   1.6687893e-01   4.3858359e-01   1.9789861e-01  -7.4651401e-02   5.0849087e-01   3.0224019e-01   1.2423865e-01   4.3138581e-01   2.1001812e-01  -1.4502609e-01   4.7859477e-01  -7.6464379e-02   3.6918695e-01  -5.1790147e-02   5.6293260e-01   1.6873745e-01  -2.3716829e-01   7.9936963e-02  -7.9919424e-02   2.7788863e-01   2.9928006e-01   3.0479419e-01   1.1776949e-01  -1.9114071e-01  -1.1915375e-01  -3.9415201e-01   1.2416981e-01  -1.6318165e-01   2.3577371e-01   4.9088748e-01  -2.7390951e-01   3.2872329e-01   1.2282389e-01   3.6591074e-01   4.6888728e-01  -3.5989747e-02   2.3921887e-01  -1.1660460e-02  -2.2698016e-01  -2.5259673e-01   2.4152136e-01  -1.4074911e-01  -2.1954035e-01  -3.3522584e-01   1.4892248e-03   3.0378088e-01   1.8946251e-01   2.9474473e-01   3.4938853e-01  -1.9634334e-01   5.0312943e-01   5.1691080e-01   1.3873989e-01  -1.5145925e-01   3.3283538e-01  -1.3061770e-01   5.4432191e-02  -7.2504100e-02  -3.4118793e-01   5.6619798e-02   4.4346532e-01   1.9051425e-01   1.2208168e-01  -9.8435863e-02   2.6230151e-01   2.7537055e-01   5.9688920e-01   8.8524641e-02  -1.3356816e-01   5.0192503e-01   2.8208762e-01  -3.2801337e-02  -4.1229400e-02   2.3741788e-01  -1.4672643e-01   7.1404799e-01   2.1790723e-01  -1.4231994e-01   1.1533300e-01   2.6886500e-01
  -1.2282169e-01   6.3072301e-01   3.9884812e-01  -3.2916640e-01   3.4404464e-01  -3.1326351e-01   4.6765611e-01   6.5498830e-02  -8.4837731e-02   5.1359693e-01  -3.6331420e-01   0.0000000e+00   1.0130722e-01  -5.5230501e-01  -1.2589893e-01  -3.5570820e-01   5.0411781e-01  -5.2467641e-01  -1.5056174e-01   3.6576643e-01  -5.4274682e-01  -6.3947200e-01  -2.3854822e-01   4.2969445e-02  -1.6412866e-01   7.8618719e-02   2.5291242e-01  -1.4066473e-01  -1.3237531e-01   1.1930437e-02  -2.3484684e-01  -4.7966127e-01  -6.2723236e-02   6.5106047e-01  -4.6689629e-01   1.2243432e-01  -2.7150213e-01  -1.8250436e-01  -3.5705595e-01   5.6017411e-01  -2.8729134e-02  -6.9633167e-02   4.3633521e-01  -5.2769314e-01  -5.5052133e-02  -3.4391533e-03  -2.8023394e-01   1.1623272e-01  -3.2234129e-01   4.9122704e-01  -5.9433481e-01   8.7968371e-02   5.0956703e-01  -5.6436006e-02  -4.7516725e-01  -5.2823558e-01  -2.2656102e-01  -6.1245793e-01  -4.3692188e-01  -2.3289454e-02  -4.5913508e-02   2.9359297e-01   1.5759196e-01   1.5123042e-01   3.1604508e-01   1.7347771e-01   6.2551362e-03   1.2467359e-01  -5.6131588e-01   1.4232178e-01   6.0417432e-01  -5.3476574e-01  -8.9111982e-02   4.4868391e-02   2.9484097e-02  -1.1771527e-01  -1.2445073e-01  -4.9548354e-01   4.7460256e-01  -1.1580956e-01  -2.4926123e-01  -5.2763624e-02  -2.4599291e-01  -2.6694093e-02   4.1235095e-02  -4.8282043e-02  -9.6382398e-02   8.8834282e-03   2.9062721e-01  -1.1353787e-01   4.7995752e-01  -1.2647500e-01   3.6991489e-01  -9.4802280e-02  -1.3283781e-01   4.7388055e-01  -1.4676551e-01  -4.9290684e-01   1.3243971e-01   9.9223226e-02  -3.2580834e-01   2.9390124e-02  -6.0424646e-01  -4.0514066e-02  -6.8768624e-01  -4.5326544e-01   3.4061505e-02  -4.8059008e-01  -8.1577086e-02  -2.3243230e-01   2.4917253e-01  -4.9700163e-01  -4.4538729e-01  -2.3076835e-01  -3.2201293e-01   3.6508724e-01  -4.4949018e-01   9.1566489e-02  -4.0401547e-01  -3.5139361e-01  -7.0448457e-02   5.6764222e-01   5.0865630e-01   2.4801228e-01  -1.3427961e-01  -2.6040691e-01   3.0750112e-02   4.2109174e-02  -5.5058800e-01   1.0585337e-01  -1.7212613e-03   2.0874971e-01   1.6855896e-01   7.1973461e-02  -2.6035350e-01   1.3399556e-01   3.3915067e-02  -3.3441024e-01   1.1113918e-01  -2.1421893e-01  -3.8880957e-02   9.3385401e-02  -4.0719777e-01   2.1149077e-01   3.2466044e-01  -4.1098849e-01   3.7642621e-01   1.1817766e-01  -2.5017276e-01   3.7514602e-02  -1.9245057e-01  -4.9997230e-01  -7.7000174e-02   2.0428394e-01   6.6581334e-01  -4.7572272e-02  -9.6371297e-02  -2.7070401e-01  -6.4956753e-02  -3.0602092e-01   8.4986292e-02  -2.8866542e-01   1.3796530e-01  -5.8482638e-01  -4.0613292e-01   6.1361484e-01   1.3990048e-01  -2.9550955e-01  -1.4541351e-01   9.8521340e-02   4.2543209e-01  -5.6456154e-02  -4.2222052e-01   4.7165922e-02  -5.0529197e-02   1.0617260e-01  -2.9280754e-01
  -1.1506792e-02   8.9801811e-02   3.0393256e-01  -4.5397934e-02   4.0115906e-01   1.4320271e-01   2.1951114e-02  -9.8672530e-02  -5.6437617e-02   6.2390425e-02   1.5623302e-02   1.0130722e-01   0.0000000e+00   4.4914872e-02  -1.9446050e-01   1.6214008e-02   3.0433439e-01  -2.2943550e-03  -3.6403710e-02   3.7100498e-01  -8.3314591e-02  -5.5064970e-02  -1.4615810e-01  -7.2933031e-02  -1.2464247e-02   1.5902837e-02   4.0031145e-01  -3.9343647e-02   3.1228754e-02   7.7783798e-02  -7.9180762e-02   1.4637250e-02   1.8048277e-01   1.3663593e-02   6.1539808e-02   2.8135153e-01  -1.5922136e-02  -2.1630053e-01   2.2551943e-01   2.4862478e-01   6.8829578e-01   1.7466992e-01   1.8352722e-01   5.9360686e-02   8.7800036e-02   2.0422749e-01   1.7155735e-01   1.8760452e-02   1.0544636e-01   1.4515178e-01   2.8785101e-02  -5.3921682e-02   1.3511191e-01   2.9153232e-01   4.3436158e-03  -5.0778325e-02   5.6942641e-02  -1.8348749e-01   6.8741483e-02  -1.2076765e-01   1.9570993e-01   2.5390489e-01   2.1732504e-01  -2.3979253e-01  -7.4041034e-02   1.3652834e-01   1.8351844e-01   9.9582389e-02  -2.4293333e-02   2.3991251e-01   5.0795691e-02   4.2436751e-02   3.1580190e-01   1.7633897e-01   2.9185435e-01   1.1481034e-01   3.3628326e-02   3.3883446e-02   1.9993961e-01   2.0850689e-01  -5.3927134e-03   1.2988463e-01  -4.8658146e-02  -4.5930645e-02   1.1394794e-01   8.0734825e-02  -1.4697766e-01   6.5707140e-02   8.6787521e-02  -1.9374490e-01   2.8439085e-01   9.3374937e-02   1.4932628e-01  -1.5719763e-01  -1.3008730e-01   3.3851629e-01   2.5030277e-01   1.9774686e-02   2.6720736e-01  -7.1034447e-02  -7.6408015e-02  -1.8630295e-01  -2.4715254e-02  -7.0074756e-02  -2.2123056e-01  -4.5616878e-02   2.7406257e-01   2.8211678e-02  -6.4985021e-02   2.7342000e-01  -1.2987918e-01   2.1885169e-02  -7.6463431e-04  -1.3241390e-01   4.0208726e-03   5.5997816e-02  -6.2423234e-02   6.0720797e-01   7.1205457e-02  -1.4491544e-01  -2.3649261e-01   3.1285797e-01   2.1576490e-01  -1.2286533e-01  -1.8405071e-01   1.2491504e-01   1.2835014e-02   1.1486289e-01  -1.1478279e-01   2.2127005e-01   3.4980724e-01   2.4882075e-03   2.7113011e-01  -1.0550405e-01   3.2724342e-02   4.2244377e-02   2.0962392e-01  -8.7538029e-02  -1.5072463e-02   4.3950980e-02   4.9865009e-02   4.3012735e-01  -1.1062461e-01   2.8471346e-01  -1.0844132e-01  -6.2972798e-02  -2.2620058e-02   1.9377173e-01   4.8083537e-02  -2.5704518e-01  -2.8914472e-02   5.4756142e-02  -3.6558194e-02  -1.6960745e-02   3.1481611e-01  -1.1447261e-01  -3.6762527e-02   9.2770947e-02   1.1598971e-01  -3.0483401e-02   1.5828405e-01  -7.1334865e-02   1.3214175e-01  -1.3948102e-01  -7.8083781e-02  -3.1680064e-02   8.4220794e-02   1.2238627e-01  -8.8970019e-02   2.0733633e-01   1.7005107e-01  -9.4497426e-02  -7.4638165e-03   2.7032854e-01   1.1431718e-01   2.2520014e-01  -1.4414737e-01
   1.1452591e-01  -6.2014981e-01  -1.8237215e-01   3.3678224e-01  -2.7164615e-01   4.5023016e-01  -2.7783121e-01  -4.3102249e-01  -6.4572833e-02  -4.6764439e-02   3.2359686e-01  -5.5230501e-01   4.4914872e-02   0.0000000e+00   1.8818618e-01   1.8973428e-01  -2.9739622e-01   5.8272957e-01  -6.7887958e-02  -1.0769270e-01   4.7911233e-01   7.7830416e-01   2.8008798e-01  -2.9867624e-01  -8.0873410e-02  -2.7066648e-01  -1.2034668e-01   6.1265463e-02  -1.6907676e-01   1.5585699e-01   4.7713186e-01   8.6453843e-02  -7.7976452e-02  -1.1699302e-01   5.0795718e-01   1.0316061e-01   1.5673916e-01  -1.3305419e-01   3.0465402e-01  -3.2110479e-01   1.6481510e-01  -8.2104793e-02  -2.3058524e-01   6.8560544e-01   4.0269272e-01   8.3911022e-02   2.5719628e-01  -1.5855978e-01   2.8135902e-01  -5.0817272e-01   4.0740390e-01  -4.5522236e-01  -4.5313181e-01   3.3898016e-01   6.1282697e-01   6.0125958e-01   3.5066990e-01   5.5284511e-01   3.7565651e-01   7.2042328e-02   2.3485093e-02   1.1947348e-02  -2.6428171e-01  -1.7631129e-02  -1.0636030e-01  -7.4952308e-02   1.9747249e-01  -4.4240232e-02   4.3097504e-01   7.5102647e-02  -6.0668169e-01   4.1337372e-01   3.2277009e-01   3.5582176e-01  -3.2777729e-02  -1.3336986e-01  -2.0756303e-01   5.3462370e-01  -2.4626710e-01  -5.6579273e-02   3.2083927e-01   3.4056864e-02   2.6437336e-01  -7.8673405e-02   1.8036916e-01  -2.4713163e-01  -2.4036589e-02  -7.4424753e-02  -3.2981737e-01  -1.6569393e-01  -5.4652342e-01   9.9404485e-02  -1.7059580e-01  -1.1130103e-01  -4.1718737e-01  -4.8369602e-01   1.4534040e-01  -5.1691197e-02   2.1849623e-02   6.3044825e-02   3.0810429e-01   9.7653641e-02   8.0849884e-01   1.4911766e-01   3.6667892e-01   2.6498153e-01   1.8257705e-01   1.3269644e-01   9.4991574e-02   1.6621594e-01  -1.9617229e-01   5.1616777e-01   3.8026572e-01  -1.7352632e-01   2.7362263e-01  -3.9994874e-01   5.0841209e-01   1.1739448e-01   7.4206864e-01   1.3462988e-01  -2.2869639e-01  -4.7334728e-01  -4.4425607e-01  -1.4193205e-01  -2.8782608e-01   3.5785887e-01   2.7849859e-01  -1.5945737e-01   2.8707409e-01   1.8565737e-01   1.3275689e-01   2.7205764e-01   5.6507527e-02   1.4313500e-01   8.8645972e-02  -4.1976067e-01   5.8902833e-02   5.3601943e-01  -3.8659006e-01   2.3037545e-01  -7.4732102e-02  -7.0148379e-02  -1.1818299e-01   1.0998337e-01   1.3169351e-01   6.5158359e-01  -3.1525113e-01  -1.2395847e-01   2.3181067e-01  -6.8228055e-03   2.9658790e-01   4.9207092e-01   1.4588252e-01  -7.2223379e-02  -4.6803596e-01   1.3021760e-01  -2.2595748e-01   2.4971217e-01  -2.9181319e-02   2.1037926e-01   2.2247565e-02  -1.4413699e-01  -4.1863150e-02   4.5807866e-01   9.5497363e-02  -4.4425935e-01   1.7041917e-01   3.6632972e-01   2.5253208e-01  -2.2651845e-01  -2.7495467e-01  -2.3259501e-01   3.3381351e-01   2.6713299e-01   4.0813047e-02   6.7924888e-03   2.8889966e-01
