   0.0000000e+00   1.7500874e-01  -5.8964151e-02  -4.0078740e-01   3.3645156e-02  -3.7369067e-01   1.9982002e-01  -5.0912430e-02   6.1317187e-02   2.0080537e-01  -1.6429416e-01   6.0952582e-02  -2.4477764e-01   1.1689251e-01  -1.3148640e-01  -2.7251451e-01  -3.4330086e-02  -7.1280263e-02  -8.6696265e-02  -5.9420809e-02  -1.0059229e-01  -2.4092796e-01  -5.6687130e-02   5.8972414e-01   1.4350475e-01  -2.6016357e-01  -1.2267239e-01  -1.0227808e-01  -7.1578251e-02   1.0163501e-01  -2.1978157e-01  -8.7419534e-02  -4.1492796e-01   1.1190947e-01  -1.4626083e-01  -1.8117264e-01  -1.3177339e-01  -6.2089910e-02  -3.6788891e-01   3.1359528e-01  -4.6042788e-02  -1.9666139e-01   1.5042885e-01  -1.1795917e-01  -2.5526086e-01   2.4899181e-01  -4.1080367e-01   2.0842527e-01  -2.5143289e-01  -4.5959847e-02  -7.4888830e-02  -2.0149071e-01   1.0089882e-01   9.7684064e-02   1.2471879e-01  -4.0633115e-02  -2.8906530e-01  -1.9531549e-01  -2.2728187e-01  -3.4959905e-01   7.8111112e-02  -3.6449116e-02   1.0525613e-01  -7.7980588e-02  -1.1104515e-01   3.6617455e-02  -3.9746186e-01   1.4256397e-01  -2.9013441e-01   3.5123097e-01   1.7695377e-01  -4.1470439e-01   1.1934441e-01   3.1459582e-01   3.4699221e-01  -1.1145753e-01   3.4902241e-01  -1.0373863e-01   1.4454705e-01   5.9854244e-02  -1.0203858e-01   6.9891816e-02  -2.3622460e-01  -2.2985942e-01   2.6942385e-02  -1.0835780e-01  -7.0712502e-02   4.6188571e-01   2.0222588e-01   6.4842782e-01   1.6559094e-01  -4.8387305e-03  -6.6484373e-02  -1.9155280e-01   3.9358457e-01   7.3636086e-02   3.1444130e-02  -1.2110850e-01  -1.6766419e-01  -6.5488457e-02   7.8471978e-02   1.1569615e-01  -3.3045071e-01  -3.3145893e-01  -2.1644539e-01  -7.7819478e-02   1.0668750e-01  -3.1724153e-01  -4.4433249e-03   3.3913152e-02  -1.4062233e-01  -1.1660055e-01  -2.4790335e-01   6.7834479e-01   1.0434721e-01   7.2821140e-02  -7.7512124e-02   1.3825122e-01  -7.5426439e-02  -3.7746645e-01   6.3847535e-01   2.1425269e-01  -7.2842919e-02  -7.8865383e-03   4.8839144e-01   4.6933412e-01  -1.1576924e-02   3.4212501e-01  -2.3601238e-01   2.9005058e-01  -2.1955439e-01  -4.5074183e-02  -1.5285636e-01  -1.9697858e-01  -3.2084608e-01  -1.3640085e-01   1.0573742e-01  -1.0173482e-02   1.7129432e-02   5.0351451e-02   4.7694326e-01  -2.0701463e-01  -1.6560405e-01  -1.4749212e-01   1.4493695e-01  -2.3130699e-02  -2.2098119e-01  -2.0005214e-01  -5.3170418e-02  -1.9819532e-01   4.5172197e-01  -2.5221713e-01   6.2930416e-01   4.2584345e-02   1.4460896e-01   1.8167828e-01   5.8289939e-01  -2.0784215e-01  -7.7325881e-02  -1.1351546e-01  -7.9680778e-02  -1.7682629e-01   9.2921263e-02  -3.0200624e-01  -2.3065149e-01   3.5042450e-02   3.7828863e-04  -1.4121268e-01   6.0868276e-01   7.9872558e-02   1.2281077e-01   3.9639561e-02  -3.2722301e-01  -3.3761060e-01   1.9596520e-01   4.5805894e-02  -1.8316849e-01
   1.7500874e-01   0.0000000e+00   9.1842207e-02  -2.4989996e-01   2.5996964e-01  -4.1961023e-01   6.4230576e-02   2.8264950e-02   1.2613268e-01  -7.4417766e-02  -4.2515626e-01   4.7182808e-01   9.3111644e-02  -1.9679625e-01  -4.4601870e-01   4.5556282e-02   3.8072073e-01  -3.8552843e-01  -3.1002159e-02  -1.7528334e-03  -2.3726710e-01  -3.7822969e-01  -5.7121368e-01   2.8591666e-01   2.2422492e-01  -1.8470018e-01  -3.9728843e-02  -3.5679958e-01   2.3667654e-02   4.9342676e-01  -1.8432779e-01  -1.0926002e-01  -9.9114384e-02  -1.8028567e-01  -5.2014269e-01  -2.4108599e-01  -5.2609896e-03   6.3751877e-02   3.4579093e-02   7.7944738e-01   1.7836756e-01  -3.6859435e-02   2.3701329e-01  -1.2243519e-01  -5.3279365e-01   1.9619373e-01  -3.4800450e-01   4.6512707e-01  -9.0639884e-02   5.4051626e-01  -3.6771359e-01  -2.8897896e-01   5.1344836e-01   6.0728092e-02  -2.9267336e-01  -1.5478587e-01  -4.0977368e-01  -3.6904569e-01  -1.8542183e-01  -2.3777467e-01  -2.1057336e-01   7.2417676e-02   2.1331731e-01  -1.1186526e-01  -1.2660647e-01   1.4477956e-02  -2.7502955e-01   9.9589824e-02  -1.4117481e-01  -4.3082169e-02   7.6022694e-01  -3.9073675e-01  -5.2391579e-02   9.5761209e-02   2.3424194e-01  -5.7102950e-01   1.7354308e-01  -1.3272568e-01   2.2122946e-01   9.7506229e-02  -5.1164080e-01  -1.7619204e-02  -3.1898002e-01  -2.4479575e-01  -2.0565229e-01  -4.6630542e-01  -1.2512959e-02   8.3223080e-02   3.4920039e-02   3.6956275e-01   5.5644036e-01  -2.5647559e-01  -1.6746862e-01  -9.0249906e-02   3.6920702e-01   6.0262247e-01  -3.3112714e-02  -3.5406366e-02  -1.1660495e-02  -5.1877542e-01  -6.8107803e-02  -6.6847990e-02  -5.7058543e-01  -8.5426374e-02  -5.9099431e-01   8.5538466e-03  -4.1791815e-02  -3.5341992e-01   3.7640973e-02   8.1960552e-01  -5.7177343e-01  -5.5424232e-01  -2.8132105e-01   3.0181237e-01  -3.1586895e-01   6.0072777e-01  -1.9975247e-01   1.8466535e-01  -3.5432283e-01  -1.0697848e-01   2.7365177e-01   4.1742698e-01   1.4279612e-01   4.1830707e-02   4.3796138e-01   8.5442714e-02  -4.7197162e-01   1.5729942e-01  -3.7593337e-01   6.4419141e-02   2.8089224e-02  -3.4557163e-01  -3.3355417e-01   1.1811695e-01  -4.3260239e-03  -3.9731966e-01   2.3893205e-01  -8.8575807e-02  -2.9225955e-01   3.1263116e-01   2.7381438e-01   1.0225215e-01  -2.3709951e-01  -4.7275241e-01  -4.6079338e-01  -5.2017043e-01  -2.5072475e-01   2.6563881e-01   3.4741754e-01  -3.6772559e-01   1.9850564e-01  -3.5230922e-01   2.5952468e-01  -1.7441131e-01   6.9173302e-01   2.6544233e-01   3.1226747e-01  -1.6472816e-01  -1.4685086e-01  -5.7073688e-01  -2.5608542e-01  -2.6936379e-01  -6.0758816e-02  -3.6475233e-01   5.0027728e-02  -7.2014167e-02  -3.0130125e-01  -2.4211410e-01   1.7500793e-02   7.5775140e-01   3.5048313e-01   1.7580575e-01  -3.8408941e-01  -1.4200680e-01   1.8170793e-01   2.0430309e-01  -4.2037116e-02
  -5.8964151e-02   9.1842207e-02   0.0000000e+00   4.9728863e-02  -2.2750572e-01   4.3283337e-01  -2.7236804e-01   1.5946126e-01  -4.7133529e-02  -1.3109135e-01  -1.4782932e-02   6.0023570e-01   1.6774095e-01   1.3959653e-01  -1.8218171e-01   4.2565529e-01   8.1832054e-01   9.3677179e-03   2.3092353e-01  -1.3893486e-01  -2.9503592e-01   1.4184379e-01  -4.0883470e-01   1.0264704e-01  -1.5784717e-01   1.1599230e-01  -1.8476122e-01  -1.8017466e-02  -3.1861396e-01  -1.1966956e-01   4.1441038e-02   2.1833541e-02   1.8142080e-01  -6.5991654e-02  -1.2035384e-01   1.8115380e-02  -5.9522746e-02  -1.0798387e-01   2.9808803e-01   1.3536917e-01   1.0452101e-01   8.7151038e-02  -1.1083212e-01  -2.8772496e-02  -1.2592238e-02   1.4685937e-01   1.2802499e-01  -3.9782155e-01   1.7149424e-02   4.9194848e-01   3.4928808e-02   1.4704104e-01  -2.5711537e-01   2.6490292e-01   2.3054758e-01  -4.0102150e-02   1.7365337e-01  -1.3621783e-02  -7.4824637e-04   4.9580410e-01   1.5599180e-01   1.5557748e-02   1.5155798e-01   1.5785130e-01   2.5475857e-01   7.3352144e-04   4.0676980e-01  -2.9210286e-01  -1.0593677e-02   3.9631581e-01  -1.1919616e-02  -8.5101551e-02  -1.0487697e-01   2.5507710e-01  -2.4013426e-01  -2.0880608e-01   2.4787657e-02  -1.1245522e-01  -3.1751626e-01   1.2553700e-01  -8.0748432e-02  -7.6868447e-02   1.0146949e-02  -1.6656996e-01   4.3360619e-01  -2.6799972e-01  -3.9777782e-01   1.1538652e-01  -1.1499847e-01  -2.6012510e-02  -1.4307711e-01   3.9480282e-01  -1.6650507e-01   1.0815316e-01  -1.2699671e-02  -7.7018875e-02  -1.7183752e-01   2.0449110e-01  -6.4055015e-02  -2.1270785e-01   6.2947574e-02   2.2841027e-01  -1.4223482e-01   4.0563291e-01  -1.7152684e-01   1.6331657e-01   2.5823607e-01   1.0282153e-01   1.8266768e-01  -5.4397595e-02  -5.7418598e-02  -1.4328026e-01  -2.1224648e-01  -9.6048165e-02   1.6447969e-01  -3.2573701e-01  -2.4318415e-01  -2.4128259e-01   2.3495672e-01   6.6319353e-02   1.2916563e-01  -1.6521491e-01   9.7282725e-02  -3.0454342e-01  -1.9081721e-02   4.8957469e-02  -1.3508175e-01  -1.5869265e-01   2.2466882e-02   4.2077160e-01   1.0248088e-01  -1.0453404e-01   2.4160723e-01  -2.5078510e-01  -4.7580052e-02  -6.0621215e-02   4.1179637e-02  -1.4056432e-01   2.9176001e-02   2.8361063e-01   2.7793875e-01   2.6085326e-01  -2.3121962e-01   4.1539759e-01  -2.7529817e-01  -1.2503460e-01   3.3527774e-01   3.5033493e-01   2.1808807e-01  -2.9720607e-02   1.8800820e-01  -8.0037551e-02   1.3860481e-01  -1.2962826e-01   4.4419133e-01  -2.6896285e-02  -2.4815583e-02   1.0627793e-01   3.2254821e-01  -3.5739830e-01  -3.5039316e-01   1.1346781e-01  -4.5821687e-02   5.9437339e-02   1.0897130e-01  -4.0356405e-01  -1.5707158e-01   1.3435308e-01   1.2268039e-01  -8.4560462e-02   8.4232146e-02  -7.4361620e-02   5.1323974e-02   5.6965608e-01  -1.2458644e-01   3.3226489e-01   1.0048950e-02
  -4.0078740e-01  -2.4989996e-01   4.9728863e-02   0.0000000e+00  -1.1934707e-01   4.1746195e-01  -4.0707123e-01   1.6068147e-01   1.3716386e-01  -3.0162602e-01   1.7361135e-01  -9.0715963e-02   7.5431466e-02   8.1489456e-02   1.3099306e-01   3.0387008e-01   3.1246131e-02   2.1945014e-01   1.6617999e-01   1.3910481e-01  -1.1008362e-01   3.7421099e-01   6.9011938e-03  -2.8686821e-01  -8.8886686e-02   2.4372295e-01  -8.3368070e-03   1.3318459e-01   1.8905321e-02  -3.5676024e-01   2.0850914e-01   2.5817258e-01   4.1544646e-01  -1.9543757e-01   1.2637718e-01   3.1130645e-01   4.2335339e-03   1.3804941e-01   3.8865759e-01  -4.6401209e-01  -5.9986498e-02   3.8715262e-01  -2.0923268e-01   4.2680842e-02   3.6046374e-01  -1.4114301e-01   5.6206173e-01  -4.9437847e-01   1.4242401e-01   6.0784253e-02   1.8789843e-01   4.5451375e-01  -3.7721073e-01   2.5087496e-01   4.2785129e-03   9.0486599e-02   4.0651337e-01   4.5129509e-01   3.0462529e-01   2.4447746e-01   2.2237549e-02   1.2154350e-01  -1.5557666e-02   1.1549936e-01   2.0611212e-01   3.0361333e-02   3.7661694e-01  -1.0167306e-01   4.7205106e-01  -4.2098302e-01  -3.7758381e-01   6.6081083e-01  -2.8438903e-01   1.4559329e-02  -5.3760842e-02   4.3487616e-02  -2.7435112e-01   1.2210629e-01  -3.3230256e-01  -6.9157651e-03   7.0511866e-02  -2.2186688e-01   1.2041035e-01   2.3432307e-01   2.5877383e-01   8.6487227e-02  -1.4270613e-01  -1.7893903e-01  -1.7164350e-01  -3.4701847e-01  -1.8095866e-01   2.3691545e-01  -1.7254834e-01   1.7202314e-01  -2.1995111e-01  -2.0886692e-01   2.5556399e-01   2.5626470e-01   2.8253586e-01  -4.3546690e-03  -2.2829950e-01   5.8576526e-02   3.1824122e-01   3.2075341e-01   3.4617982e-01   1.6352617e-01   5.3738920e-02   3.9108943e-01   1.5911387e-01  -1.1474949e-01   1.0225170e-01  -1.4957050e-02   4.0027711e-01  -4.3455633e-01  -1.3568939e-02  -2.3875737e-01   6.9337030e-02  -3.2732822e-01   1.4116339e-01   5.9233349e-01  -2.5935912e-01  -2.5806308e-01   4.9680708e-02  -3.5304154e-01  -1.9440451e-01  -6.1606190e-02   2.9488363e-02  -2.4601721e-01   5.1887765e-01  -4.9356037e-01   3.9148555e-01  -3.6838889e-02   3.5246778e-01  -4.8610168e-02   3.7985660e-01   1.2014931e-01   1.5638039e-01  -3.0596314e-01   3.7489440e-01  -7.3045742e-02  -9.1949681e-02   2.0282152e-01   2.0629332e-01  -2.3373614e-02  -1.5379721e-01  -1.2580667e-01   1.3646914e-01   1.2308946e-01  -1.4463504e-01   4.9990623e-02  -1.1528396e-01   9.8974096e-02  -1.5979341e-01  -1.0378940e-04  -3.1926325e-01  -2.1921737e-01  -2.1169727e-01   4.2993512e-01   2.3773973e-01   6.1465292e-03   1.9110110e-01   1.9318214e-01  -1.4597937e-01   3.9512955e-01   3.3069930e-01  -1.7267228e-01   3.4466521e-02   2.6452538e-01  -6.2391734e-02  -1.8981975e-01  -1.0920066e-01  -7.9995110e-02   5.6172121e-01   2.8619049e-01  -6.3674056e-03   1.0001081e-01   4.1657748e-01
   3.3645156e-02   2.5996964e-01  -2.2750572e-01  -1.1934707e-01   0.0000000e+00  -3.0628032e-01   1.2886532e-01  -6.8766735e-02   3.6049588e-01   2.1901927e-01  -1.6777922e-01  -3.6481843e-02   1.8938848e-01  -3.4868169e-01  -4.3667837e-02  -1.6931491e-01  -7.5451958e-02  -1.5807169e-01  -1.7047082e-01   6.1332469e-01  -4.9874977e-02  -9.1342149e-02  -1.7894618e-01  -8.9639526e-02   1.2756164e-01  -2.4133607e-01   1.7671084e-02  -5.5613108e-01   1.7595068e-01   3.5621288e-01   2.0499315e-02  -1.5488796e-02  -1.3986812e-02  -1.1373314e-01   8.1420421e-03   3.1883795e-01  -8.3932833e-02  -7.2714497e-02  -6.5387410e-02   2.2957085e-01   1.8981224e-01   6.3608368e-02   4.7370490e-01  -1.3084605e-01  -1.5259247e-01   9.6087819e-02  -1.1249276e-01   1.9170288e-01   1.0891743e-01   9.7330966e-03  -3.0067419e-01  -1.4966140e-01   7.6890849e-02  -1.2233710e-01  -3.0171823e-01  -4.8805325e-02  -2.7301988e-01  -2.8506708e-01   5.3429312e-02  -1.0069585e-01   1.2764226e-01   2.1051563e-01   3.8185320e-01  -7.6483733e-02   1.0546101e-02   3.2541342e-01  -1.0734509e-01   3.6802962e-01  -5.4282295e-02  -7.5901877e-02   1.3261459e-01  -3.0284641e-01   1.2275241e-01  -1.8477420e-01   1.4183078e-01   1.1617153e-01   1.0045390e-01  -7.7348504e-02   4.7424489e-01   2.1569994e-01  -4.6764511e-01   1.4760944e-01  -2.1573367e-01  -1.8590991e-01  -2.9137481e-01   7.1325597e-02  -4.3551600e-02  -2.4516155e-01   2.7638562e-01   1.0452750e-01   5.4293844e-01  -1.1747318e-02   4.3519462e-02   2.7286285e-01  -1.8951628e-02   5.9605777e-01   2.4661805e-01  -7.9364431e-02   2.3751127e-01  -2.9212346e-01  -3.8434499e-01  -2.2593948e-01  -2.6436164e-01  -8.8863425e-02  -2.0022772e-01   8.7011288e-02   9.0804331e-02  -2.1785735e-01  -1.7982317e-01   2.6598237e-01  -1.8909786e-01   7.1612360e-03   1.0456198e-01   5.1608726e-02  -4.7438046e-01   3.2211531e-01  -2.7276751e-02   4.0270935e-01  -4.3459122e-01  -2.0342039e-01  -5.2830775e-02   5.2114764e-01   4.2464990e-01  -4.8316647e-02   9.8333941e-02  -8.4654697e-02  -9.1910527e-02   4.3951358e-01  -1.4650720e-01  -1.1365822e-01  -1.3140225e-02   4.7871258e-02  -1.4626212e-01  -6.2791182e-02   2.7518239e-01   1.4180037e-02   2.3439805e-01  -3.8958913e-01  -2.1328307e-01   9.7094575e-02  -1.5224363e-01  -1.7595784e-01  -8.4795437e-02  -4.1735993e-01  -1.4909442e-01  -1.0343615e-01  -3.6918302e-01   3.3444075e-01   1.8429793e-01  -3.6693750e-01  -2.4719196e-01  -4.9362849e-01  -1.4361158e-01   3.9532995e-01   2.4722837e-01  -1.3425359e-01   1.6327006e-02  -9.8047824e-02   1.6632562e-01  -2.3406206e-01   4.8380090e-02  -5.6401572e-02   3.2737884e-01  -3.8249192e-01  -9.5828380e-02   3.7079973e-01   1.1658171e-01  -2.3762473e-01  -1.3186210e-01   3.5533326e-01   1.4563736e-01   6.8885524e-02   6.7944178e-02  -8.3877402e-02  -3.1974553e-02   1.2674766e-01  -8.8002567e-02
  -3.7369067e-01  -4.1961023e-01   4.3283337e-01   4.1746195e-01  -3.0628032e-01   0.0000000e+00  -4.4431108e-01  -1.5786568e-01  -2.3102404e-01  -3.8823747e-01   1.4272788e-01   5.4017862e-02  -6.6706717e-02   2.3629113e-01   3.8520212e-01   1.9290200e-01   2.1816870e-01   2.5419514e-01   1.2393863e-01  -4.7296369e-02   1.6794560e-02   3.4777969e-01   9.8790685e-02  -2.4752710e-01  -3.2408551e-01   3.4946660e-01   2.2507944e-01   3.2358613e-01  -3.2194561e-01  -3.7273006e-01   3.6924174e-01  -4.9452871e-02   2.7089791e-01  -1.8385527e-01   3.8015401e-01   3.4452489e-01  -6.1421279e-02  -7.6273561e-02   2.0822192e-01  -4.3748991e-01  -1.8161274e-01   2.3198033e-01  -3.2774424e-01  -2.5915193e-01   5.0181963e-01  -2.4117025e-01   5.5455890e-01  -5.5895063e-01   2.5117573e-01   7.8587707e-02   1.7958334e-01   8.6283229e-02  -5.5516806e-01   2.2873523e-01   1.3309363e-01  -2.2232567e-01   5.5228209e-01   3.0677288e-01  -5.9065712e-02   6.2335467e-01   1.4000576e-01  -2.4787038e-02  -1.3641093e-01  -4.4059846e-02   1.7453927e-01   7.6829630e-03   8.7572581e-01  -1.0661763e-01   3.3122004e-01  -1.0186949e-02  -4.2777134e-01   4.2912734e-01  -3.1691573e-01   2.1706931e-01  -3.8218797e-01   1.4096411e-01  -2.3146103e-01  -1.6447125e-01  -4.6048393e-01  -6.4736674e-02   3.6541085e-01  -1.6372550e-01   2.2122391e-01   6.7629325e-02   5.9199656e-01   7.4091082e-02  -8.2824615e-02  -1.2526436e-01  -2.3318408e-01  -3.7833701e-01  -4.0842292e-01   5.3432028e-01  -2.1918120e-01   7.5102804e-02  -2.9223676e-01  -4.5048453e-01   3.3930699e-02   6.1025339e-02   8.8559048e-02   5.3041617e-02   1.7772536e-01  -4.6517160e-02   5.5268326e-01   4.5601799e-01   2.4270471e-01  -1.5951032e-01   2.4292117e-01   3.2818841e-01   3.2053381e-02  -4.2821882e-01   1.5455126e-01   2.3048975e-01   1.8053490e-01  -4.1882309e-01   3.6724923e-01  -6.2205242e-01  -2.5012707e-01  -3.5204370e-01   6.2626949e-01   3.4889630e-01  -2.4298714e-01  -3.9446520e-01  -1.1142527e-01  -2.3280369e-01  -4.0308307e-01   6.1668195e-03   9.9127541e-03  -2.6182806e-01   2.8740262e-01  -5.2397483e-02   1.0189873e-01  -9.4134335e-02   6.3776204e-01   6.2027137e-02   3.6993190e-02   2.2374897e-01  -5.7082291e-02   4.2198075e-02   3.0059380e-01  -6.2534854e-02  -1.5400688e-02   1.3660488e-01  -3.9162561e-02   6.0485925e-01   8.1514746e-02   1.7260041e-01   3.6648723e-01   2.1702055e-01  -1.3648624e-01   2.1801059e-01   2.5018950e-02   3.3998261e-01  -1.1338927e-01  -1.6776588e-01  -2.3048834e-01  -2.6332533e-01  -3.1398323e-01   3.2799366e-01   3.7643750e-01   2.0451413e-01   9.5920023e-02   5.6607691e-02  -9.7162543e-02   2.7334594e-01   8.9959824e-02  -3.8136878e-01  -1.4947859e-01   4.2567150e-01  -3.7988908e-02  -5.3320231e-01  -3.8388750e-01  -1.5314017e-01   4.1083907e-01   7.5968683e-01  -2.2008620e-01   2.4073816e-01   6.2461961e-02
   1.9982002e-01   6.4230576e-02  -2.7236804e-01  -4.0707123e-01   1.2886532e-01  -4.4431108e-01   0.0000000e+00  -1.2181174e-01   1.7612924e-01   6.0577029e-01  -2.3615864e-01   5.5384230e-02   1.0430810e-01  -2.1044440e-01  -1.2064837e-01  -3.3588373e-01  -2.5206466e-01  -2.4334563e-01  -3.2361564e-01   5.4307121e-03   1.9737392e-01  -1.8598446e-01   4.0898875e-01  -1.2584121e-01   2.3920675e-01  -3.8741471e-01   2.0162539e-01  -1.6844040e-01   9.3540648e-02   4.9827074e-01  -1.8139375e-01  -2.1383109e-01  -3.0520258e-01   5.6459254e-01  -1.1384229e-01  -3.9930090e-01   9.3131584e-03  -3.7022232e-01  -4.0337114e-01   3.5498185e-01   2.7935308e-01  -3.0394567e-01   4.6258530e-01   2.4040215e-02  -2.4275783e-01  -3.4594894e-02  -5.7302444e-01   6.5758668e-01  -6.2287931e-02  -1.8509238e-01  -3.0220820e-01  -2.8988066e-01   4.8126316e-01  -2.4529603e-01  -1.1512271e-01  -5.6156652e-02  -6.0698434e-01  -3.2657875e-01  -1.7915126e-02  -1.9200986e-01  -2.2680386e-03   2.4114168e-01   5.8249863e-03  -1.5651567e-01  -3.5587968e-01   7.3499103e-02  -4.8245636e-01   2.2103895e-01  -3.3697775e-01   1.4573650e-01   2.0848129e-01  -3.9953686e-01   3.0647579e-01  -4.6315611e-01   5.1855622e-02   1.0809820e-02   1.2775272e-01   2.1646579e-01   6.9071587e-01   9.2126461e-02   1.5183364e-02   1.0257125e-01  -1.3106054e-01  -1.5659137e-01  -5.9331131e-01  -4.3631904e-02   2.5465399e-01  -1.5134113e-01   2.9943541e-01  -2.3650283e-02   1.7305224e-01  -3.1638643e-01   6.0404477e-01   7.9009143e-02   3.8269712e-02   1.7691181e-01   7.9554085e-02  -4.0591099e-01   1.3231202e-02   2.3227689e-01  -9.8058535e-02  -2.9153421e-01  -1.3356239e-01  -2.3605534e-01  -2.4442410e-01  -6.3837832e-02  -2.1585580e-01  -2.4781252e-01  -3.2435561e-01   6.5589486e-02   3.4966516e-02   2.4526125e-01   8.1292173e-02   1.1079782e-01  -1.5967759e-01   2.5254501e-01   6.6363236e-02   3.8654412e-01  -3.4828631e-01  -2.9781968e-01  -2.1108650e-01   4.8673742e-01   3.1448863e-02   2.8924791e-01  -1.0169180e-01  -3.2317274e-01   2.1208597e-01   1.0423714e-01  -2.8410681e-01   1.3232139e-01  -2.2325608e-01  -1.2316950e-01  -3.5162031e-01   6.0956193e-03   2.0317320e-02  -6.1374146e-02  -5.8959071e-02   2.1688014e-01  -3.5250397e-01   2.9672872e-02  -2.4978790e-01  -1.5764090e-01  -4.8858284e-02  -7.5127377e-02   2.9470083e-01   1.2962365e-01   8.7624202e-02  -2.3683796e-01   2.9432394e-01  -1.2837180e-01  -3.9618276e-01  -1.1411754e-01  -1.9438205e-01   1.6429804e-02   2.1483917e-01  -6.7517361e-02  -7.2842252e-02  -1.6546229e-01  -2.3260554e-01   3.1269036e-01   7.7931692e-02  -7.0628104e-02   1.6618703e-01  -3.0895142e-01  -1.8403324e-01   4.7532834e-01   1.2608955e-01  -4.4917860e-01  -1.9782832e-01   1.8436671e-01   3.6418422e-01  -2.0123060e-01  -3.7392775e-01  -4.5217889e-01  -8.4968105e-02  -2.0508822e-01  -9.7124747e-02
  -5.0912430e-02   2.8264950e-02   1.5946126e-01   1.6068147e-01  -6.8766735e-02  -1.5786568e-01  -1.2181174e-01   0.0000000e+00   9.9089967e-02  -7.9700087e-02   7.0810766e-02   9.1467358e-02   1.9663897e-01  -6.5803077e-02  -2.5244783e-01   3.3349634e-01   1.6025747e-01  -1.2093155e-02   2.8926200e-01   2.3942014e-02  -2.9774740e-01   1.1864932e-01  -2.5850791e-01  -7.2024582e-03  -1.8437346e-01   3.4425481e-01  -4.7115315e-01  -1.0249390e-01   1.1898717e-01  -7.5324066e-03  -4.6167057e-02   3.9618652e-01   2.0397470e-02   1.8714800e-01  -2.8675718e-01   4.4520507e-02   7.7199464e-02   3.1752677e-01   2.4723661e-01  -1.0385104e-01   1.4289249e-01  -1.1229778e-01  -3.1301099e-02   3.9809762e-01  -6.8345668e-03   1.6658768e-01   1.3866463e-01  -2.4527000e-01  -1.4297458e-01   4.1507784e-02   1.5314553e-01   5.6331988e-01   9.9469616e-02  -9.8335939e-02   1.0330948e-01   3.4951969e-01   4.8168746e-02   7.4440989e-02   3.3296987e-01  -1.1467331e-01  -3.0860658e-02   8.0401471e-02  -8.1966001e-03   5.3356808e-01   2.5033523e-01   9.3923754e-02  -1.7297442e-01  -3.1602336e-01   1.4224643e-01  -2.5611792e-02  -1.6813831e-01  -2.9656584e-02   1.3316384e-01  -8.3514839e-02   1.5545460e-01  -1.8653877e-01  -6.6605804e-02  -1.2203285e-01   4.2964872e-02   1.1201160e-02  -2.0251756e-01  -4.5567442e-02  -7.8573259e-02   3.4265071e-01  -4.7594264e-02  -1.7207697e-01  -2.4903431e-01  -5.6021142e-02  -4.6779346e-02  -1.2933609e-02   8.3436970e-02  -1.5585145e-01  -4.7687676e-03   4.4994594e-02   9.0486350e-02   2.8411265e-02  -9.4302510e-02   3.2667367e-01  -1.5304447e-02  -1.0279184e-01  -3.0020779e-01   5.1584876e-01  -2.9610757e-01  -4.7796066e-02   9.2626512e-02   4.9308848e-01  -2.6917235e-01   2.1724262e-01   2.9839931e-01   1.2735908e-01   3.4318506e-02  -1.5849651e-01  -2.6220632e-01  -5.9844379e-02  -2.9375666e-01   9.4834326e-02   9.3070937e-02   1.3167127e-02  -2.6517616e-01   4.8451510e-02   1.2416489e-01  -5.6937420e-02  -3.5262995e-02  -2.6853170e-01   1.2303800e-01  -8.8939250e-02  -6.6670062e-02  -1.9418993e-01   2.2064673e-01  -1.2234423e-01   1.5583055e-01   1.6154472e-01  -1.7791928e-01  -1.9660979e-01  -1.0052305e-01   1.1430604e-01  -3.1428710e-03  -3.1827790e-01   1.2081220e-01   1.0828881e-01   1.6437664e-01   1.3995214e-01  -1.7717618e-01  -2.4591252e-01  -3.5806366e-01  -2.3295618e-01  -1.2455112e-01   1.1905570e-01   2.2724086e-01  -2.1845062e-01   6.2641493e-02  -1.2985096e-01  -9.3349515e-03   2.7622336e-02   4.0378526e-02   1.3992268e-01   1.2218607e-01   2.5099571e-01  -1.0933221e-01  -2.2791210e-01  -3.6625582e-02  -1.0566277e-02  -1.7725560e-01   1.8360676e-01   2.4985585e-01   1.2547497e-02  -1.6429108e-02   1.2486562e-01   1.5984632e-02   1.3114577e-01   3.5196835e-01   2.4354853e-02   3.9905913e-02  -6.1619534e-02  -7.3853192e-02  -5.6393483e-02   1.2897728e-01
   6.1317187e-02   1.2613268e-01  -4.7133529e-02   1.3716386e-01   3.6049588e-01  -2.3102404e-01   1.7612924e-01   9.9089967e-02   0.0000000e+00   1.8815881e-01  -8.7513388e-02  -4.3972735e-02   1.2904845e-01  -3.6493062e-01   8.8750198e-02  -4.1508589e-02  -3.1121460e-02  -1.6494010e-01  -2.3490220e-01   3.3091192e-01  -7.4251447e-02   1.1554319e-01  -1.0683604e-01  -1.6869328e-01   7.7475599e-02  -1.9331166e-01  -7.3933382e-02  -3.8174322e-01   1.3738851e-01   3.3558647e-01   2.2177420e-01  -5.5842318e-02   6.7473299e-02   1.7864447e-01   7.9464378e-02   2.5638483e-01  -2.4328576e-01  -1.4344963e-01  -7.6758283e-02   4.9943934e-02   1.6215544e-01   1.1383046e-01   5.3914781e-01  -2.8299336e-02   1.8938664e-02   2.1362727e-01   3.9976183e-02   6.1874797e-02   8.3176379e-02  -5.0111925e-02  -2.8335174e-01   1.3799529e-01   4.2668659e-02  -2.3997266e-01  -1.6096057e-01  -2.0528554e-01  -2.2350603e-01  -2.0263096e-01   7.4988353e-02   9.9085627e-02   1.3791221e-01   3.0672070e-01   6.1804098e-01   2.7296972e-01   3.0086394e-01   2.6677583e-01  -1.7070624e-01   1.6897792e-01   1.3048771e-01   1.2281273e-03  -1.5963122e-01   5.2519348e-02  -1.3783846e-01  -1.9058141e-01   5.0712821e-02  -2.5575488e-02   2.5393333e-02   3.9198682e-03   3.3643747e-01   1.1936180e-01  -3.3629987e-01  -2.3679221e-01  -2.4687118e-01  -1.1579102e-01  -2.2421174e-01  -3.5273575e-02   1.3979504e-01  -2.9578500e-01   3.0825278e-01  -6.3392527e-02   4.2991977e-01  -5.4791728e-02  -4.0906499e-02   5.4412459e-01  -6.1704514e-02   1.6789883e-01   4.3182804e-01  -7.3972151e-02   4.5292333e-01  -2.7408649e-01  -4.7603784e-01  -1.1020219e-01  -2.7250353e-01   3.1590403e-01  -2.2124129e-01   3.3914613e-02  -1.1629885e-01  -2.3870784e-02  -1.1294715e-01   1.9274873e-02  -1.2754889e-01   3.8399763e-02   3.4628124e-01   1.1964175e-01  -4.0489801e-01   7.3130007e-02  -5.2609778e-03   5.6658048e-04  -3.2846941e-01  -7.4053467e-02  -1.9265478e-01   3.7277300e-01   3.7827304e-01  -1.2305763e-01   1.0715266e-01  -2.1331936e-01   7.0968830e-03   6.4706546e-02   1.0269233e-01  -1.5901473e-02   1.5617782e-02   3.4630148e-01  -7.2736161e-02  -7.9404653e-02   4.9103277e-01   1.2364286e-01   1.8119821e-01  -3.2643465e-01  -1.6098884e-01  -4.3566301e-02  -1.8244773e-01  -1.9475457e-01   4.0990525e-02  -2.9781310e-01  -1.9787873e-01  -1.7480007e-01  -3.0230012e-01   2.2396505e-01   5.2419309e-02  -3.3495607e-01  -3.1510414e-01  -4.5584317e-01  -2.0260632e-01   4.1726829e-01   1.2100915e-01  -1.9446882e-01  -5.1943977e-02   7.2918069e-02   1.7112300e-01  -1.6581516e-01   2.1549484e-01  -4.2300147e-02   3.2739769e-01  -2.3396186e-01   4.6991784e-04   3.5869150e-01   1.9099404e-01  -3.8542628e-02  -7.2861186e-02   1.4824170e-01   1.2454375e-01  -2.5816128e-01   3.4173927e-01  -1.8463261e-01   1.8584982e-01  -8.6081825e-02  -7.2046440e-02
   2.0080537e-01  -7.4417766e-02  -1.3109135e-01  -3.0162602e-01   2.1901927e-01  -3.8823747e-01   6.0577029e-01  -7.9700087e-02   1.8815881e-01   0.0000000e+00  -1.4714267e-01   7.3859283e-02   1.6301805e-01  -2.4727873e-01  -1.7800572e-01  -1.3798394e-01  -1.7246458e-01  -3.9284179e-02  -2.1172346e-01   2.1445564e-01  -9.9989656e-02  -8.3398874e-02   1.4694830e-01  -9.4689748e-02   1.1352282e-01  -4.0720363e-01  -5.9620089e-02  -3.0018448e-01   1.0979976e-01   3.0208700e-01  -2.1347927e-01  -1.2299186e-01  -1.5599682e-01   3.5284058e-01  -3.1188055e-02  -2.3298701e-01   4.5549103e-02  -2.2905488e-01  -2.4793977e-01   2.0391088e-01   2.0143765e-01  -2.4146262e-01   4.1921643e-01   1.5834774e-01  -1.6489194e-01   1.2034065e-01  -3.8658690e-01   2.2969144e-01  -1.4170255e-02  -1.7819989e-01  -1.5278816e-01  -1.7475780e-01   1.3137403e-01  -2.8856720e-01  -7.0070142e-02  -1.9040470e-02  -4.6210319e-01  -2.5788004e-01   1.1450770e-01  -1.6651297e-02   9.2752640e-02   1.5829388e-01   2.3863173e-01  -1.0197312e-01  -6.5450013e-02   3.9294171e-01  -3.8048143e-01   1.4355726e-01  -3.7232582e-01   2.2183023e-01  -7.3317884e-03  -3.5144552e-01   3.6863998e-01  -3.8147772e-01   1.9122953e-02   1.5476794e-01   1.2132056e-01   1.3334569e-01   4.3480137e-01   1.1781239e-01  -1.6435013e-01   1.5740209e-01  -2.1695612e-01  -9.1659099e-02  -4.1708489e-01   4.7864231e-02  -5.6788500e-02  -1.5512013e-01   3.7993498e-01  -8.3226073e-02   1.4564900e-01  -1.5814232e-01   4.0334713e-01   2.6854971e-01   1.1783087e-02   2.2522806e-01   4.1786072e-02  -1.7975918e-01  -1.3519918e-01   1.6239691e-01  -2.4193891e-01  -1.7743135e-01  -2.6114583e-01  -1.8638344e-01  -1.7555982e-01   1.1745784e-01  -1.6928301e-01  -2.3981685e-01  -1.2951866e-01  -6.6597492e-02   1.9132124e-02   2.5093768e-01  -4.0015469e-02   1.2700876e-01  -2.2396542e-01   1.0190462e-01   4.2659828e-02   3.6618550e-01  -3.7396830e-01  -2.8802743e-01  -9.9276187e-02   4.3188308e-01   2.8531180e-01   4.3032171e-02  -7.5337006e-02  -2.8274421e-01   2.4857695e-01   7.3645497e-02  -1.2962900e-01   1.3475594e-01  -3.4237606e-02   5.8393987e-03  -2.9024831e-01  -2.0260719e-01   7.2088674e-02  -4.0418064e-02  -5.9521516e-02  -1.3714005e-01  -3.0595101e-01   2.6138592e-02  -1.3427277e-01  -8.8725712e-02  -2.4172378e-02  -7.4654803e-02   1.7885910e-01   9.1143970e-02   2.5692826e-02  -5.3486629e-02   3.0586284e-01  -1.5103572e-01  -3.3545906e-01  -3.6209773e-01  -1.3635480e-01   1.1299252e-01   2.1620906e-01  -1.2149843e-01   7.9388727e-03  -1.6396022e-01  -5.7217819e-02   2.9180358e-02  -5.3495141e-02   6.8381513e-02   2.7246794e-01  -2.1302397e-01  -1.9092869e-01   4.1855211e-01   2.1251626e-01  -3.1741627e-01  -3.1302841e-02   8.2948142e-02   2.6357527e-01  -1.7137511e-01  -2.1446363e-01  -3.0161703e-01  -1.2761470e-01  -2.0487685e-01  -7.6138872e-02
  -1.6429416e-01  -4.2515626e-01  -1.4782932e-02   1.7361135e-01  -1.6777922e-01   1.4272788e-01  -2.3615864e-01   7.0810766e-02  -8.7513388e-02  -1.4714267e-01   0.0000000e+00  -3.1189772e-01   1.5400848e-02  -1.8914242e-01   3.7579597e-01   1.0346891e-01  -1.6128168e-01   5.0439433e-01   4.0924019e-01   3.1991117e-02   5.4855703e-02   4.2117469e-01   1.5247788e-01  -3.4484948e-01  -1.2371625e-01   3.2954880e-01  -1.9935857e-01   3.4091368e-02  -1.2353262e-01  -2.1812615e-01  -1.4536914e-01   4.5511567e-01  -5.0043000e-02  -8.2594049e-02   1.9657331e-01   2.5410481e-01  -4.1599657e-02  -8.6782679e-02   5.3358681e-02  -3.6388628e-01   5.8758840e-02  -1.4608098e-01  -2.0449125e-01   4.6479617e-01   3.5339119e-01  -2.1796692e-01   4.7580925e-01  -3.3167793e-01  -1.8736980e-01  -3.2534537e-01   6.2080132e-01   3.8896759e-01  -2.9616961e-01  -2.1985757e-01  -3.8406087e-02   3.9841993e-01   3.8552847e-01   4.8125499e-01   3.6275855e-01   6.6452219e-02   6.1862793e-02  -2.7356407e-01  -1.0588048e-01   5.4718493e-01   2.4968679e-01  -8.3755248e-02   1.6789840e-01  -1.4884724e-01   4.3721912e-01   2.0942521e-02  -3.0696375e-01   2.1438459e-01   1.2981744e-01  -2.2040799e-01  -3.3677054e-02   6.0692248e-01  -2.6962802e-01   4.0515875e-01  -3.2000759e-01  -5.3705647e-02   4.9973741e-02   1.6684369e-02   1.4928135e-01   3.9020081e-01  -9.8582641e-02   5.6725739e-01  -7.9019016e-02  -3.0229378e-01  -1.7740337e-02  -2.6727783e-01  -3.1852281e-01  -4.7131856e-02  -3.2989826e-03   2.7608842e-02  -3.8267754e-01  -2.4716342e-01  -1.6300698e-01   2.3067669e-01  -8.6008296e-02   1.8993431e-01  -8.5319892e-02   4.7176452e-01   1.0241455e-01   1.2052496e-02   6.4682417e-01   1.9551284e-01  -1.5964941e-01   5.0433768e-01   1.8089833e-01  -3.1563736e-01   4.0589155e-01   3.2656451e-01   1.4695246e-01  -3.2490711e-01  -2.3845656e-02  -2.8606556e-01   5.3824751e-01  -1.3591599e-02  -2.4514346e-02   2.9380975e-02  -2.0943502e-01  -4.1137042e-01  -1.7436279e-02  -9.4236627e-02  -3.9938484e-01  -2.1812471e-01   1.3458375e-01  -2.3860989e-01   3.5095147e-01  -3.3519015e-02  -3.4185884e-02   5.1921763e-01   3.7615627e-02  -1.6814430e-01  -8.8401242e-02   4.1963504e-01  -1.7131471e-01  -1.2263446e-01   1.3370035e-01  -3.6299093e-01  -3.3498402e-01   8.3071572e-02   6.2225236e-01   1.4041307e-01   4.5573469e-02   4.1063051e-01  -1.4658150e-03   7.3391900e-02  -1.2010104e-01   1.2208631e-01  -2.5517983e-01   3.4503559e-03  -2.9812397e-01   4.5991571e-01  -2.2496378e-01  -1.8190540e-01  -2.9299422e-01   1.8438801e-01  -8.9086303e-02   8.2615984e-02   6.5855310e-02   3.5699439e-01   9.0186457e-02   4.7130894e-01   1.3609249e-01   3.4614077e-02   4.8281726e-01   1.9426217e-01  -2.2475831e-01  -2.7617897e-01  -1.1432342e-01  -2.5374266e-01   2.1611505e-01   1.4994899e-01   1.5524039e-03  -2.9729641e-01   2.2625611e-01
   6.0952582e-02   4.7182808e-01   6.0023570e-01  -9.0715963e-02  -3.6481843e-02   5.4017862e-02   5.5384230e-02   9.1467358e-02  -4.3972735e-02   7.3859283e-02  -3.1189772e-01   0.0000000e+00   1.0939789e-01   8.6647469e-02  -3.4669430e-01   1.8388929e-01   6.2480627e-01  -2.8238828e-01   4.5349776e-02  -9.0065718e-02  -4.0414687e-01  -1.6374013e-01  -4.7786565e-01   1.2197995e-01   9.6185223e-02  -2.8460608e-01  -1.6811242e-01  -1.8526181e-01  -2.1750518e-01   1.6672842e-01  -1.5799532e-01  -6.2922812e-02   8.7025026e-02   9.2640138e-02  -1.6806961e-01  -2.7496422e-01  -7.3819033e-02  -6.5364628e-02   9.4952285e-02   4.9159155e-01   1.2319200e-01   7.2071276e-02   1.8206837e-01  -7.0651811e-02  -3.1345959e-01   6.1280477e-02  -3.0558018e-01  -2.0745996e-02  -2.4645634e-02   5.9170710e-01  -2.0409276e-01  -1.1106367e-01   5.2454524e-02   3.5071895e-01   4.6601065e-02  -8.0380002e-02  -1.8461588e-01  -2.7587699e-01  -1.2371386e-01   3.7796026e-01  -1.6688400e-01   9.6770334e-02   1.8403535e-01  -9.8034593e-02  -1.0536944e-02   3.5445862e-02   2.7885406e-02  -2.1697919e-02  -3.0712879e-01   1.8920960e-01   3.6781980e-01  -3.1206849e-01   5.1029855e-03   1.1512345e-01   6.2735850e-02  -4.1126554e-01   5.1090984e-02  -1.5139512e-02  -1.8729780e-03   2.0249195e-01  -3.4134237e-01  -1.3680960e-02  -1.5736354e-01  -3.3651736e-01   2.1089254e-01  -3.9091966e-01  -2.8476560e-01   1.1236298e-01   8.6842060e-02   1.4986227e-01   9.2326177e-02   1.2470654e-02   6.1052868e-02   7.9806122e-02   2.3641943e-01   2.7953860e-01   1.1663489e-02   3.1894261e-02  -5.5265923e-02  -3.6110631e-01   3.1421235e-02  -3.4548920e-02  -4.3826758e-01   2.2445577e-01  -5.0334839e-01   1.3780739e-01   2.4560821e-01  -1.7136512e-01   1.3685402e-02   2.5109882e-01  -2.3410192e-01  -2.4618924e-01  -2.3367484e-01   1.2028986e-01   3.5287188e-02   8.7049704e-03  -2.2817417e-01  -2.9555298e-02  -1.3250632e-01  -1.9308249e-02   1.2669090e-01   2.1681129e-01   2.2965682e-01  -2.1221084e-01   1.4151191e-01   7.9266825e-02  -1.0952495e-01   5.5504731e-02  -2.0749436e-01   1.9661972e-01   5.1904030e-02  -3.6226816e-01   8.8326099e-02  -1.9622129e-01   2.2789430e-02  -3.8595429e-01   2.6182683e-01  -1.6615305e-01  -2.7196733e-01   3.5671058e-01   2.7900313e-01   1.7972548e-01  -3.0977898e-01   4.0982104e-02  -2.6770233e-01  -3.7023072e-01   4.0876366e-01   1.9813074e-01   4.9175796e-01  -2.1468077e-01   2.1180274e-01  -3.0242190e-01   1.3818697e-01  -2.2897816e-01   6.4546571e-01  -1.5384314e-02   1.3890623e-01   3.4172572e-02   1.0310258e-01  -5.1204780e-01  -1.9304631e-01   3.5551834e-02  -1.7336506e-01  -2.8235802e-01   1.9393761e-02  -1.7730535e-01  -1.8720322e-01  -2.2497237e-01   4.6750986e-02   2.8431170e-01   3.2033533e-01  -4.3237268e-02  -2.2689614e-01   2.2151289e-01   1.1071617e-02   3.7922232e-01   2.2018187e-02
  -2.4477764e-01   9.3111644e-02   1.6774095e-01   7.5431466e-02   1.8938848e-01  -6.6706717e-02   1.0430810e-01   1.9663897e-01   1.2904845e-01   1.6301805e-01   1.5400848e-02   1.0939789e-01   0.0000000e+00  -2.3490776e-01  -1.5488451e-01   3.8215609e-01   1.3445150e-01   4.0240620e-02   1.7352137e-01   2.0140271e-01  -2.1627894e-01   2.5406008e-01  -4.8127738e-02  -2.2008652e-01  -2.5190153e-01   5.2560863e-02  -2.2071851e-01  -2.5631775e-01   4.6325301e-02   1.0305542e-01  -9.6102114e-02   1.3169790e-01   2.8168448e-01   8.9048945e-02  -2.0215150e-01   1.1127607e-01   1.3012248e-01  -4.1786806e-02   2.3054918e-01   2.9423015e-02   6.7449372e-01   1.3757372e-02   9.5372948e-02   2.0294237e-01   7.5212363e-02  -6.6603364e-03   2.1829924e-02  -9.5396635e-02  -3.3121883e-02   1.1823956e-01  -3.8986520e-02   9.2867664e-02  -3.5332711e-02  -1.5056494e-01  -1.8557764e-01   7.4836628e-02  -4.7017876e-02   3.3241226e-03   3.4346077e-01   6.0795992e-02  -3.4093107e-02   1.8983240e-01   9.4797469e-03   2.4309334e-01   1.0094056e-01   1.8235253e-01  -3.0799152e-02  -2.0244123e-01   5.9342690e-02  -8.6622708e-02  -1.0903452e-01  -8.4629772e-02   2.0913582e-01  -3.1672297e-01   2.4324149e-02   4.3951107e-02  -1.5938221e-01   8.5437015e-02   2.2624629e-01  -5.3394195e-03  -2.0395361e-01   2.2703701e-02  -8.7196967e-02   8.1341506e-02  -2.3185670e-01   1.8452900e-03  -2.6074277e-01  -2.1734596e-01   3.8228902e-02  -2.5450016e-01   1.5073782e-01  -1.1380907e-01   1.8713578e-01   2.8413599e-01  -7.8880894e-02   1.2419840e-01  -7.6326427e-02   5.2240518e-03   5.5450163e-02   5.2803177e-02  -3.3039692e-01  -3.3256349e-02  -1.8293420e-01   2.9767480e-02   3.5574615e-02   3.5089166e-01  -2.7346490e-01   6.8175588e-02   2.1187676e-01   1.4690998e-01   2.1267727e-02  -1.0197866e-01  -3.6814183e-02  -2.3665716e-01  -3.2024208e-01   6.7873614e-02   3.8009461e-02   4.8699631e-01  -3.8543725e-01   7.6171607e-02  -2.2816575e-01   1.7830352e-01   1.3583890e-01  -2.1012515e-01  -2.3703627e-01  -3.2151163e-01   8.0645505e-02  -9.2335338e-02   8.0951302e-02  -1.9845362e-01   3.1139807e-01   1.0217430e-01  -8.5262065e-02  -1.9037493e-01   2.1074202e-01   1.2858129e-01   1.9532009e-01  -3.1340172e-01  -1.9143117e-01   1.3918702e-01  -1.4198302e-01   5.1232988e-01   2.3829564e-02  -1.8295011e-01  -2.2791489e-01  -1.6494727e-01  -3.6340812e-02   1.9688178e-01   3.2702769e-01  -2.4520780e-01  -2.9715428e-01  -2.9046730e-01  -3.4939013e-01   1.6507658e-01   1.6845558e-01   6.7126760e-03  -2.4243472e-01   1.8926061e-01   9.4921114e-03  -1.2089684e-01  -1.7159547e-01   1.6886676e-01  -1.1808846e-01   1.3648749e-01   3.0051111e-01   1.9255862e-01   5.6336286e-03   1.2030102e-02  -3.4118612e-01   1.1419204e-01   4.1192993e-01  -4.9862448e-02   8.7102486e-03   6.3056206e-02  -2.1861637e-01  -2.1711181e-02   2.2303664e-01
   1.1689251e-01  -1.9679625e-01   1.3959653e-01   8.1489456e-02  -3.4868169e-01   2.3629113e-01  -2.1044440e-01  -6.5803077e-02  -3.6493062e-01  -2.4727873e-01  -1.8914242e-01   8.6647469e-02  -2.3490776e-01   0.0000000e+00  -1.8061868e-01  -6.6997383e-02   1.5572572e-01  -1.0759643e-01  -5.5112781e-02  -4.5773736e-01   1.1066356e-01  -1.4728137e-01   1.7068185e-01   4.0533132e-01   3.2896744e-02   2.2763775e-02   3.9922033e-02   6.8367241e-01  -2.1682593e-01  -4.9477413e-01   1.0180504e-01  -1.1884054e-01   1.3176128e-01   7.0252007e-03  -5.8841224e-02  -2.4539513e-01   5.2095550e-02   4.1002389e-02  -1.0780560e-01  -1.8003444e-01  -2.8377300e-01   1.8012979e-01  -5.2132447e-01  -1.0476432e-01  -1.0468624e-01   5.7505353e-02  -7.2746606e-02  -1.7244979e-01   7.8966695e-02   1.7653456e-01   4.4683978e-02  -1.3093199e-02  -1.0127768e-02   5.3855779e-01   6.5015154e-01   1.4303438e-01   2.2596274e-01   5.6194698e-02  -2.5627221e-01  -1.7003150e-01   1.1130065e-01  -1.0030538e-01  -2.9970717e-01  -2.8227560e-01  -1.9591020e-01  -4.2294687e-01   1.0565121e-01  -1.4010954e-01  -1.1568245e-01   4.2679505e-02   4.1998103e-02   3.8382689e-03  -2.3599095e-01   4.0963334e-01  -2.5674144e-02  -1.6869922e-01   1.4816069e-01  -5.9420117e-02  -2.8902027e-01  -1.7439720e-01   5.4344885e-01  -1.2508338e-01   4.1637673e-01  -5.1372416e-02   5.7328662e-01  -9.8854434e-02   3.5154767e-02   7.0655362e-01  -3.1698180e-01   1.6523646e-01  -4.3305092e-01   2.2424261e-01  -9.3354315e-02  -4.9309457e-01   1.3413368e-01  -3.3191441e-01  -1.4853697e-01   9.2757824e-02  -1.3545169e-01   3.1316635e-01   6.1107679e-01   2.9490144e-02   4.1641385e-01  -1.7019952e-02  -2.7704217e-02  -2.3012150e-01   4.3180474e-01   1.2679670e-02  -4.8148212e-04  -2.1572017e-01   2.3519031e-01  -2.6297657e-01  -1.8689915e-01   1.1874449e-01   7.1123506e-01  -1.1288569e-01  -6.7429534e-02  -3.2310651e-01   6.5660891e-01   8.9195188e-02   2.6733054e-01  -4.1969573e-01  -5.3686586e-01   1.0818239e-01   1.6359620e-01   5.6917991e-01   1.9301137e-01   6.7825383e-02  -6.8012035e-02   9.9780379e-02  -9.9284466e-02  -2.5268911e-01   2.7949283e-01   1.7859533e-01  -3.4638925e-01  -2.8916198e-01  -4.2231043e-02   4.3644312e-01   3.5596959e-01  -1.4812821e-01   3.3630397e-01   8.8381713e-03  -6.7081144e-02   3.6483102e-01   3.1800626e-01  -6.8315732e-03   5.2667306e-01  -3.6460717e-01  -3.3170437e-01   3.7443241e-01   5.3686284e-01   5.7926444e-01   4.1827375e-01  -2.9074916e-01  -2.8061150e-01   6.4865380e-02   1.2076240e-01  -1.4663104e-01   1.3983731e-01   1.7945583e-01  -1.2574294e-01   3.8494420e-02  -2.5986860e-01   4.4603018e-02  -1.3076571e-01  -4.8716462e-01  -2.8032657e-01   1.5096312e-01   3.8428057e-01  -2.3522828e-01  -2.2170478e-01   1.1356744e-01  -1.3843783e-01   3.3349900e-02   4.8485158e-02   2.8302904e-01  -3.8740015e-02
