   0.0000000e+00  -1.7467600e-01  -1.3133605e-01  -1.0887402e-02  -6.9128247e-02   2.6196667e-01  -5.2453910e-02   6.8406396e-02  -6.4590111e-02  -1.9762925e-01   2.9993030e-01  -1.3280677e-01  -5.5592210e-02   1.3230729e-01   2.9524323e-01   1.0359931e-01  -4.6191290e-02  -2.2556990e-02  -6.0785508e-02  -1.1157614e-01  -6.1393734e-02  -1.1643606e-01  -4.9474858e-02   7.1396982e-01  -1.6048026e-01   5.3602330e-02  -6.5149930e-02   5.7700842e-01  -5.4530570e-02  -5.8190853e-02   9.5556890e-02   1.8775594e-02   5.0832187e-02  -1.3115646e-01  -1.7216894e-01  -1.1493724e-01  -1.2769025e-01   3.9559216e-01   1.1362456e-01  -1.5857877e-01   1.0050043e-01   1.5242594e-01  -1.2507950e-01   2.1128332e-01  -2.7877762e-02   5.1016178e-01   1.1970991e-01  -1.0400997e-01  -1.4405776e-01  -8.2752046e-03   1.3180380e-01   2.5097781e-01  -1.4472729e-01  -1.2103052e-01   1.6175835e-01   2.4926872e-01   2.1038514e-01  -6.3389326e-02   2.2394432e-01   3.4483890e-01   1.4571466e-01  -1.5067378e-01  -6.8437705e-02   1.8991252e-01  -7.3349863e-02  -8.5501276e-02   5.5197189e-03  -6.8691343e-02   1.5642720e-01   1.2986690e-01  -1.3468982e-01  -1.2195995e-01   3.5060536e-03   4.0129455e-01  -1.8214858e-01   4.7860428e-02   3.2693771e-01   1.8243170e-01  -1.1482556e-01  -7.9176039e-02   2.5614213e-01  -3.8303386e-02   6.3402348e-03   3.1632790e-01   2.4017064e-01   3.3077986e-01   3.2538123e-02   4.5539362e-01  -2.1786644e-01   7.8291653e-01  -7.1580716e-02   1.7778475e-01  -1.5242342e-01  -2.2840061e-02   3.3015378e-01  -6.2444837e-02  -1.9182920e-01  -6.2817368e-02  -2.6756262e-01  -1.5963153e-01   2.8575987e-01   2.2003677e-01  -9.4980440e-02   2.0405018e-01   1.5213236e-01  -1.7002452e-01  -2.6016478e-02   1.0429200e-01  -2.2837259e-01  -2.1704949e-01   8.7423210e-02   2.0533658e-01  -2.2317239e-01   7.6565208e-01   4.2229448e-01  -1.4934161e-02   7.9265571e-02  -2.7107652e-02   3.3390888e-01   7.0215637e-02   6.0761609e-01  -5.8082379e-02  -2.5868369e-01  -1.8449161e-01   6.4560074e-01   5.2604599e-01   4.4537592e-02  -1.7342281e-01  -1.6877388e-01   1.6339067e-02  -1.2993186e-01  -1.5899897e-01   3.7996127e-01  -4.7179789e-02   5.2362865e-02   1.0453213e-01  -7.1737849e-02  -7.4527012e-02   1.6854865e-01   3.5495468e-01   4.3937337e-01   6.2146742e-02   1.4402609e-01   2.2988396e-02   2.5466924e-01  -1.0747209e-01  -2.2067824e-01  -1.2215528e-01   1.2297680e-02  -5.3311085e-02   5.4959714e-01   5.1661374e-02   6.2507293e-01  -9.0037630e-02  -4.1430846e-02   4.4612112e-01   4.1931032e-01   3.5031596e-01   1.5452179e-01   1.3786088e-01  -2.4328567e-01   2.2032289e-01  -1.4105105e-01  -4.9893582e-02   1.7080082e-02  -1.0743341e-01   4.7993749e-02   2.0564664e-01   5.8030975e-01   5.2706957e-03  -8.3072262e-02   4.1421625e-01  -2.2657768e-01   1.4055663e-02  -1.1059882e-01  -6.1100055e-03   6.4881887e-02
  -1.7467600e-01   0.0000000e+00   1.2939332e-01  -3.0059212e-01   5.8443807e-01  -3.6150209e-01  -4.4660539e-01   1.9142854e-01   6.2219230e-01   3.2298579e-02  -3.2266260e-01   5.2413419e-01   6.1710702e-02  -4.4111925e-01  -3.4509120e-01   9.6812508e-03   4.0473734e-01  -4.4164865e-01  -1.2174299e-01   4.2854719e-01  -3.0424756e-01  -4.5820531e-01  -5.1198085e-01  -3.0237761e-01  -1.0885608e-01   2.2197246e-01   2.6473500e-01  -4.3991122e-01   1.9347165e-01  -4.3310808e-01  -2.5956378e-01  -4.5258188e-01   3.4153455e-01   3.5039168e-01   1.7579716e-01   6.0788265e-02   1.3697354e-01  -1.2655838e-01   8.1265552e-02   4.8790724e-01   2.1340657e-02   1.0370584e-02   5.5565929e-01  -9.1318124e-02  -3.9135803e-03  -4.2164578e-01  -4.8777309e-01   4.3494149e-02   3.5667917e-01   5.2717746e-01  -5.7026216e-01   8.7986839e-02   7.4797698e-01   1.8781108e-01  -1.1601871e-01  -3.6745089e-01  -1.5509000e-01  -2.5242175e-01  -2.6231692e-01  -3.6077282e-01   9.4909810e-02   7.0739264e-02   6.6597451e-01   2.5073406e-01   2.7406943e-01  -6.6298480e-03   1.9180509e-01  -3.1751504e-02  -1.4971508e-01  -3.4983742e-01   7.3251693e-01  -6.2687212e-01   5.4114563e-02  -1.6945325e-03   2.0958996e-01  -5.4173291e-02   2.3640466e-02   3.9658333e-02   6.7123796e-01   2.0528842e-02  -4.0618997e-01  -1.8083829e-02  -2.0750244e-01   1.6421379e-02   3.8935167e-01  -3.9036672e-01   1.7271678e-01  -4.9134640e-01   6.2119696e-01  -3.1009320e-01   7.5204899e-01   2.6175745e-01   1.1027576e-01   8.0187375e-02  -3.4911285e-01   4.8792758e-01  -9.1036885e-02  -2.4390430e-01   1.4277629e-01  -3.9195589e-01  -1.1654859e-01  -5.3892039e-01  -3.7613584e-01  -2.0250972e-01  -6.6046584e-01  -1.9906513e-01   3.6858275e-01  -1.3497393e-01   4.8152039e-02   6.5257487e-01  -3.1130545e-01  -4.0263024e-01   2.6273591e-01  -4.3357164e-01  -5.1920775e-01   6.0762518e-01   6.8894780e-02  -8.0969627e-02  -2.6405732e-01  -4.4370014e-01  -3.3231217e-01   5.3244290e-01   4.4538117e-01   4.9709018e-01  -1.9010642e-01  -3.4662724e-01  -3.1965726e-01   3.2422448e-01  -2.9219053e-01  -1.9094033e-01  -9.3599039e-02  -2.7241186e-02   4.8108764e-01   1.5979091e-01   3.1356602e-01  -1.0726732e-01   2.1665571e-01  -1.3047884e-01  -1.1039519e-02  -2.6372031e-01  -1.7573191e-01   5.9565419e-03  -2.6614758e-01  -4.4536023e-01  -2.0244912e-01  -3.8443472e-01   6.1254695e-02   4.6727552e-01  -2.7924326e-02   4.0889433e-03  -4.2984598e-01   5.7081347e-02  -2.2283644e-01   2.3487181e-01   5.5489555e-01  -1.1828153e-01  -2.4530471e-01  -2.7395834e-01   3.2425444e-01  -4.1858589e-01   2.1082500e-01  -3.2975101e-01   4.6680067e-01  -3.8079234e-01   1.4656169e-01   3.3723218e-01   9.0213745e-02   1.4102587e-01  -2.3177202e-01   5.3076961e-01   3.1969971e-01  -4.5589633e-02   2.5206434e-01   1.5185159e-01   3.0598767e-02   7.2902746e-02  -1.5311433e-01
  -1.3133605e-01   1.2939332e-01   0.0000000e+00   1.1989653e-01   2.3676902e-01   3.3681181e-01   1.1668109e-02  -1.6114767e-01   2.5769817e-01   3.9197635e-01  -1.0474047e-01   4.5870924e-01   1.4991559e-01   2.3948949e-02   2.6295569e-01   2.6635486e-01   7.4955617e-01   2.4499107e-01   5.9575545e-02   3.9282588e-01  -6.8000490e-02   2.3739867e-01   4.5285350e-02  -3.4968748e-01  -1.2743597e-01  -1.7446914e-01   4.2245001e-01  -6.6996630e-02  -2.8605346e-02   2.3409948e-01   1.1116263e-01   3.5249695e-02   1.8298087e-01   1.3161347e-01   3.7981691e-01   3.5609268e-01  -2.9673035e-01  -9.8007915e-02   3.0890374e-01   4.7894426e-01   2.5888120e-01   2.3856855e-01   3.2017113e-01  -7.0784802e-02   2.8805374e-01   1.0227952e-01   1.8455412e-01  -1.8338011e-01  -2.0521304e-01   4.1686271e-01   1.1763464e-01  -2.4985128e-01  -6.4896835e-02   2.6372274e-02  -2.6149205e-02  -1.6758792e-01   1.4545332e-01   7.7431042e-02   1.0553910e-01   3.3221036e-01   5.0541748e-01   1.4870211e-01   1.3434303e-01  -2.1561183e-01  -2.0703871e-01   3.8089783e-01   4.4556842e-01   2.2883641e-02  -8.3785167e-02   6.6841674e-01  -7.7378598e-02   4.9913761e-02   1.3901223e-01   3.7122909e-01  -5.5439561e-02   1.0768231e-01   2.8543773e-01  -1.9855043e-01   1.5211986e-01   1.3249409e-01  -1.2366414e-01  -7.6978490e-03  -2.2108376e-01  -2.0091251e-01   2.7407758e-01  -1.1643093e-01  -1.6966297e-01  -1.3324657e-01  -1.2198235e-01  -2.7250837e-01   2.4031188e-01   6.1444687e-01   3.0329767e-01   4.3186612e-01  -9.5836505e-02   3.1655261e-01  -1.9756922e-02  -9.8347331e-02   2.7247921e-01   4.4721859e-02  -1.2253188e-01  -1.2799632e-02   1.5249855e-02   4.5246329e-01  -7.8092583e-02   5.5851484e-02   3.6759300e-02   2.3429584e-02   4.0370755e-01   1.4485006e-01   2.2312189e-01   8.7643333e-02  -7.9649222e-02  -2.7643653e-01  -1.4417874e-01  -3.7436806e-01  -2.5460439e-01   1.7321063e-01   1.6556887e-02   4.9738807e-02  -3.1491181e-01   3.1162678e-01   2.3188277e-03  -3.7507658e-01  -2.3013371e-01   2.1733677e-01   2.8246771e-01   4.6031791e-02   2.6158127e-01   5.0698102e-01   1.1430303e-02  -2.2418917e-01   7.9194521e-02  -4.9280494e-02   4.1856375e-01  -3.9896076e-02   2.8745831e-02   3.2457170e-02  -4.4044726e-02  -3.6073578e-01  -1.4089435e-01   9.5583172e-02  -9.9886084e-02   2.9955693e-01   3.0714703e-01  -1.1348762e-02   1.2313352e-01   4.7078902e-01   4.1931743e-01  -4.5689506e-01   1.5717572e-01  -3.9640323e-02  -7.4744311e-02  -7.2340025e-03   3.7338078e-01  -1.8403094e-01   1.0070905e-01   7.4941259e-02   4.3130002e-01  -1.5558417e-02   2.4030531e-01  -1.2295262e-01   4.3417655e-02   7.1742163e-02   1.3759330e-01  -8.7982238e-02   2.5441959e-02  -4.3933974e-02  -1.4703438e-01  -3.4595921e-01   1.1683701e-01  -1.8867229e-01   1.9924302e-01   5.1646057e-01  -4.1211729e-02  -9.6918073e-02   1.0306513e-01
  -1.0887402e-02  -3.0059212e-01   1.1989653e-01   0.0000000e+00  -2.0158907e-01   4.3749522e-01   2.6394297e-01   3.6329496e-02  -2.2650169e-02  -7.4943516e-02   2.3075361e-01  -1.9694065e-01  -1.4924372e-01   8.2397411e-02   2.7205633e-01   4.5852211e-01  -1.2882761e-01   4.8361838e-01   3.4061369e-01  -1.7237751e-01   1.8616955e-01   3.1182163e-01   2.1758348e-01   3.8815906e-02  -1.0757047e-01   4.5301113e-02   1.6688778e-01   3.3092052e-01  -1.1159067e-01   2.8869698e-01   2.9375787e-01   2.8964843e-01  -2.7780038e-01  -1.1565976e-01   1.5989793e-01   1.2217407e-01  -8.1630780e-02   8.3375496e-02   3.3808417e-01  -1.9757372e-01   1.0633828e-01   4.6985446e-01  -1.5977651e-01   1.1746952e-01   8.8448356e-02   6.8158055e-02   4.2796490e-01  -8.5501477e-02  -9.4119287e-02  -3.1145268e-01   4.6299429e-01   1.2286913e-01  -2.4240942e-01  -2.2100684e-01   3.6023961e-02   1.6395154e-01   6.1813863e-02   3.6178911e-01   3.0787469e-01   3.2696658e-01   1.2775072e-01  -5.7617926e-02  -2.9800003e-01   1.7838379e-02   1.4188750e-02  -8.6925968e-02   1.7827121e-01   5.0145138e-01   1.4189289e-01   2.6864066e-01  -3.4988228e-01   5.3604471e-01   1.1134725e-01   9.2741615e-02  -2.5338530e-01   2.0374782e-01   1.6933746e-01  -9.2381543e-02  -2.0380004e-01   2.1844841e-01   2.4168132e-01   2.3262282e-01   6.1859148e-02   9.4076835e-02  -3.2970013e-01   1.6181444e-01  -1.9457426e-01   9.5030115e-02  -3.0579988e-01   6.8559569e-02  -2.6249488e-01   8.7339618e-02  -1.7962553e-02   3.6103546e-01   2.2550031e-01  -1.9683623e-01  -4.6827199e-01   2.2907596e-01   1.8044390e-01   2.8742310e-01  -3.8181048e-03   2.9124943e-01   3.0102775e-01   4.5828799e-01   3.5181847e-01   1.9194744e-01  -1.9964955e-01   3.4828415e-01   7.7321532e-02  -1.4237577e-01   8.0117286e-02   2.6496809e-01  -2.0758420e-01   7.5282172e-02   2.1238790e-01  -1.7156267e-01  -1.0653173e-01  -2.1120914e-02   1.3836430e-01   5.8196954e-01  -6.4912127e-03  -3.6478390e-01  -4.3507680e-01  -1.9333602e-01  -4.0786567e-02   1.9393241e-01   2.1293359e-01  -3.3121152e-01   2.5050933e-01  -9.6514525e-03   2.1396768e-03   1.4414424e-01  -1.1469112e-01  -1.1492062e-02   3.0892044e-02   3.0770490e-01  -1.9485718e-01   1.2889602e-01   2.6131630e-01   9.4370406e-02   1.7227676e-01  -1.0816229e-01   1.5206480e-01   2.3620922e-01   1.4144034e-01   2.3339225e-01   6.9521005e-03   6.9874144e-02   1.2122819e-01  -2.1285836e-02   1.2149470e-01   5.3174723e-02   1.4431904e-01   7.5953656e-02  -3.7664885e-01  -2.3370182e-02   3.5853055e-01   2.0936665e-01   7.9157717e-02   4.1721833e-01  -1.4897579e-01   2.2233791e-01  -6.0063601e-02   6.0074609e-01   3.2278588e-01   1.2313165e-01   2.8245970e-02  -7.3761214e-03   1.1961975e-01  -2.2657162e-01   1.3857961e-03  -2.7025027e-02  -1.7474917e-02  -7.0975112e-02  -1.2707472e-01   2.7581813e-01   2.7428910e-01
  -6.9128247e-02   5.8443807e-01   2.3676902e-01  -2.0158907e-01   0.0000000e+00  -3.2303684e-01  -6.8963466e-01   2.0422517e-01   5.2258762e-01  -9.7966075e-02  -3.3442973e-01   2.9178120e-01   2.9393542e-01  -4.2553948e-01  -3.7162821e-01  -6.4872957e-02   5.2713530e-01  -5.0037908e-01  -2.1224850e-01   7.7059143e-01  -4.8735493e-01  -3.3387989e-01  -6.1375563e-01  -2.1048991e-01  -9.7244542e-02   2.4183226e-01   3.2402609e-01  -3.7395809e-01   2.1338008e-01  -4.9246874e-01  -3.5448713e-01  -3.1654952e-01   3.9276399e-01   3.8332073e-02   5.5098276e-02   3.1240750e-01  -2.2799886e-01   1.5629257e-01   8.4386861e-02   6.6473518e-01   2.0128260e-01   3.6104324e-02   5.0938143e-01  -1.9285785e-01   1.0730884e-01  -9.7148248e-02  -3.7705775e-01  -3.3938150e-01   2.2883804e-01   6.5992981e-01  -5.0841855e-01   1.0562272e-01   3.4288870e-01   2.7484169e-01  -2.1842685e-02  -3.7770030e-01   4.8415924e-02  -8.5330137e-02  -1.5911642e-01  -2.4847405e-01   3.1188765e-01   2.1064923e-01   7.7858950e-01  -2.6059561e-02   1.6578465e-01   9.5088468e-02  -4.5831725e-02  -6.7992650e-02  -2.0367729e-01  -1.0377098e-01   3.9288914e-01  -4.2825651e-01   6.1209426e-02  -1.8842514e-02   2.1823163e-01   3.2048525e-02   2.4231492e-01  -4.4837552e-02   6.4915990e-01   1.0178619e-01  -4.0835588e-01  -2.1295476e-01  -3.5062920e-01   9.6021354e-02   2.6355580e-01  -3.4898877e-01  -1.1657694e-01  -4.0466350e-01   6.2399045e-01  -1.6204385e-01   7.5184213e-01   4.3609457e-01  -1.4455029e-01   1.3553948e-01  -8.8476566e-02   8.4611080e-01   7.0275446e-02  -2.3237000e-01   3.4178090e-01  -3.5925094e-01  -2.1183286e-01  -5.6782183e-01  -3.7795381e-01  -1.0533393e-01  -6.8395253e-01  -1.6358746e-01   3.4253831e-01  -7.7507140e-02   5.1911699e-02   1.9361126e-01  -2.5333635e-01  -3.0943823e-01   1.3013930e-01  -1.9456335e-01  -4.8000461e-01   4.2896053e-01   1.0528461e-01  -1.0997112e-02  -3.1296581e-01  -2.7761395e-01  -1.7946274e-01   7.2714468e-01   3.8297573e-01   1.2260931e-01   4.9950109e-03  -2.3627153e-01  -2.9881352e-01   2.5879538e-01  -9.6368212e-02   1.6461478e-02   1.7350153e-02  -2.6494767e-01   3.1188196e-01   1.2519084e-01   5.2737477e-01  -9.3020972e-02   1.9879395e-01  -3.4140666e-01   8.5636019e-02  -1.6967071e-01  -5.4674211e-02   1.5203791e-01  -2.1274840e-01  -3.8323098e-01  -1.6901254e-01  -4.9285032e-01  -2.3598205e-01   3.7316873e-01  -9.2751601e-02  -1.9773447e-01  -3.0701151e-01  -1.7717626e-01  -7.0254877e-02   6.2608029e-02   6.5961392e-01   6.9433473e-02   5.9842267e-02  -7.6613509e-02   5.7125214e-01  -3.5223722e-01   2.8931535e-01  -3.0051604e-01   2.7280840e-01  -3.8189539e-01   2.5789758e-01   1.4079335e-01   2.7422597e-02  -9.9855665e-02  -1.2700469e-01   2.0159106e-01   2.5827074e-01   8.4595650e-02   1.8036229e-01   2.8373697e-02   1.3199565e-02   2.2949201e-02  -1.1457902e-02
   2.6196667e-01  -3.6150209e-01   3.3681181e-01   4.3749522e-01  -3.2303684e-01   0.0000000e+00   4.1805782e-01   1.4297006e-01  -1.9550352e-01   7.1875068e-02   5.2388902e-01   7.3928915e-02  -2.9121600e-01   1.9308910e-01   5.1348670e-01   2.1163472e-01   9.5786216e-02   5.0905556e-01   3.5668057e-01  -1.6566081e-01   1.0237932e-01   3.9818828e-01   4.1280851e-01   1.4449367e-01  -1.3800183e-03   1.1462549e-01   1.9661340e-01   5.6559389e-01   4.3401936e-02   5.1234224e-01   1.6143394e-01   4.8615628e-01  -2.1848873e-01   1.0913302e-01   2.1682944e-01   1.8749217e-01  -2.9736918e-01  -3.5221516e-02   7.8059889e-02  -9.7523063e-02  -2.5819572e-03   1.2435026e-01  -4.0051511e-02   2.9699915e-01   5.3466629e-02   2.7540572e-01   6.7389910e-01  -1.2470891e-01  -3.7551448e-01  -1.6288675e-01   5.3871061e-01   3.1174956e-01  -4.9726715e-01  -2.4193732e-01  -2.1299270e-01   3.4762771e-01   4.9974915e-01   3.8227360e-01   2.8552636e-01   6.3783115e-01   1.9691281e-01  -2.3337081e-01  -3.9520155e-01  -1.1627022e-01  -4.5652349e-01   3.5036873e-01   5.9742426e-01   8.8527293e-02   5.6594808e-01   4.9433883e-01  -4.5352668e-01   4.0812170e-01  -7.9414163e-02   4.2566357e-01  -3.4530045e-01   1.6320652e-01   1.6934160e-01   9.7107650e-02  -1.7906963e-01  -8.5184361e-02   3.9028721e-01   6.1625604e-02   3.7234688e-02   2.7995570e-01  -1.5548348e-01   3.3452749e-01  -1.9802187e-01   2.0470081e-01  -4.5422038e-01   2.4303812e-01  -2.2709231e-01   1.9258571e-01   4.0553589e-01   3.6343956e-01   6.4531724e-02  -2.4368369e-01  -2.2600486e-01   4.1387939e-01  -1.9363294e-01   3.4539821e-01  -1.3896814e-01   6.5850663e-01   2.3128772e-01   5.4495359e-01   5.5434713e-01   1.7948693e-01  -2.9188889e-01   6.8184951e-01   3.7896313e-02  -2.3214899e-01   4.1171619e-01   6.0308180e-01  -2.5166578e-01   2.0143377e-01   2.7646164e-01  -3.1947520e-01   6.5253511e-02  -3.4708083e-02   1.7686967e-01   4.0455196e-01   1.8403718e-01  -1.7853825e-01  -3.7308876e-01  -5.1061664e-01   1.2374322e-01   5.0562330e-01   2.9422193e-01  -2.0232039e-01   3.4610157e-01   1.0362061e-01  -2.0267289e-01   1.0982255e-01  -6.2536969e-02  -3.1480994e-01   1.0652125e-01   2.8290721e-01  -8.5528641e-02   6.9752076e-02   2.9899957e-01   2.9853270e-02   8.6203015e-02  -2.3042945e-03   4.7495438e-01   3.8568285e-01   3.5396049e-01   1.6796925e-01   1.4022623e-01   1.2861498e-01   6.6113927e-01  -3.5034398e-01   4.1025343e-01   1.4541010e-01   2.1028481e-01   1.4458136e-01  -2.2927804e-01   2.8813876e-02   2.2512607e-01   2.4012217e-01   3.9565639e-02   6.0526590e-01  -1.1883623e-01   4.8736399e-01  -3.6077707e-01   4.3684494e-01   1.8566444e-01   1.3807476e-01   3.1376445e-01   1.2595403e-01   1.4921647e-01  -4.4249061e-01   1.4657818e-01  -1.1416342e-01  -1.2050593e-01   3.1096075e-01  -4.7082869e-02  -7.5160541e-02   2.6003303e-01
  -5.2453910e-02  -4.4660539e-01   1.1668109e-02   2.6394297e-01  -6.8963466e-01   4.1805782e-01   0.0000000e+00  -1.1712071e-01  -3.0054930e-01   1.6808515e-01   3.5355632e-01  -7.9429229e-02  -2.8334929e-01   4.9919114e-01   5.1269312e-01   2.4886806e-01  -3.9898574e-01   6.0714259e-01   1.4754926e-01  -4.1816999e-01   5.7437564e-01   3.2963277e-01   8.7381629e-01  -1.0924368e-01   5.5779992e-02  -1.7953143e-01   5.9534115e-02   3.4784669e-01  -1.7343595e-01   6.2714755e-01   3.8024917e-01   4.1835879e-01  -2.6449772e-01   2.4976845e-01   1.9303992e-01   2.9471100e-02   1.4950232e-01  -2.7263372e-01   4.7068369e-02  -4.0572884e-01  -2.7546060e-02   5.7282292e-02  -4.1858503e-01   2.1005519e-01   6.6319214e-02  -6.3761357e-02   4.8769393e-01   4.3420977e-01  -2.6250661e-01  -5.6393280e-01   5.8598919e-01  -4.5052942e-02  -3.0886746e-01  -3.0861301e-01   9.7522799e-02   3.9038000e-01  -6.3877271e-02   1.6965432e-01   2.5357872e-01   2.8086356e-01  -2.4288614e-01  -9.9274755e-02  -7.2339605e-01   5.0380226e-02  -1.4754850e-01   1.1830481e-01   2.7594802e-01   1.1399484e-01   3.2681665e-01   3.1152446e-01  -2.9366761e-01   5.2555339e-01   1.2581499e-01   3.9051013e-02  -2.9880687e-01   1.5766685e-02  -2.6500503e-03   3.6198410e-02  -4.2492255e-01  -7.6205589e-02   5.0125700e-01   3.3351674e-01   3.4074758e-01  -9.5827207e-02  -2.9601733e-01   3.6098624e-01   1.1937402e-01   2.9084427e-01  -5.7380813e-01  -3.5091914e-02  -4.9925715e-01  -3.0377929e-01   3.8414718e-01  -1.8527723e-03  -8.0439611e-02  -6.5232807e-01  -2.3921452e-02   1.1675460e-01  -2.1259472e-01   6.2905507e-01   1.2225428e-01   6.6647129e-01   4.3512903e-01   1.5293750e-01   7.3619139e-01   2.2611225e-01  -4.2778070e-01   1.5456229e-01   1.2215899e-02  -9.1089500e-02   4.0096224e-01   3.3038302e-01  -1.9166964e-01  -3.8084031e-02   5.5532923e-01  -3.6693427e-01  -8.3003928e-02   1.4811104e-01   2.3208656e-01   3.1223635e-01  -2.2748856e-02  -6.1740705e-01  -4.5866335e-01  -1.6410752e-01  -1.5093610e-01   1.9554541e-01   5.3104017e-01  -2.6090156e-01   2.2145994e-01   6.1059065e-02  -9.9753665e-02   4.6634948e-01  -4.0947436e-01  -1.9273935e-01  -4.7533991e-01   1.0598784e-01  -1.9467756e-01   4.2993524e-01   3.1755585e-02  -4.8161742e-02   9.6463139e-04  -1.1477113e-01   2.2552113e-01   4.0523279e-01   4.3793410e-01   5.5771676e-01   5.8094654e-01  -1.0695044e-01   3.0100240e-01   1.0866853e-01   3.0695707e-01   1.8645188e-01  -1.0750482e-01   4.9920304e-02  -6.6581391e-01  -8.7752017e-02   7.7058914e-03   1.8525875e-01  -5.2464303e-01   4.0358999e-01  -1.0302042e-01   3.1363724e-01  -2.7848517e-01   4.9427605e-01  -9.5919300e-02   6.7790999e-02   1.7832118e-01   5.1395689e-02  -1.7504044e-03  -2.8620597e-01  -7.3218095e-03  -6.5271417e-02   3.8125562e-02  -1.1951133e-01  -8.9366408e-02  -1.2454851e-01   1.9826674e-03
   6.8406396e-02   1.9142854e-01  -1.6114767e-01   3.6329496e-02   2.0422517e-01   1.4297006e-01  -1.1712071e-01   0.0000000e+00   1.6246078e-01  -1.6249390e-01   3.5477726e-01   1.1202100e-02  -8.4128443e-02  -1.2108540e-01  -1.4179635e-01  -4.7980442e-02  -1.6995435e-02  -1.2786925e-01   2.4580511e-01  -2.9792121e-02  -4.5499526e-02  -1.6503040e-01  -9.7647991e-02   7.8323186e-02   6.9843093e-02   6.4912287e-01   9.9675019e-02   5.5644036e-02   1.1931338e-01  -2.3513549e-01  -1.9096253e-01   1.3260000e-01   2.5839716e-01   9.8326839e-03  -5.6236906e-03   6.8781005e-02   3.0090903e-03   1.6991109e-01  -1.0770368e-01   2.7042754e-02  -4.5778355e-02   5.4134938e-02   6.3710803e-02   4.2116651e-01  -2.1827149e-01  -5.6830481e-02   7.1475661e-02  -3.6098316e-02   1.5871384e-01  -1.5899256e-03  -1.1728773e-01   6.9250543e-01   1.2913753e-01   1.6537904e-01   3.4162775e-02   2.1290401e-01   3.1848270e-01   1.2562687e-01   7.8335921e-02  -1.2339981e-01  -1.0830362e-02  -2.4111610e-01   2.2132454e-01   1.8196083e-01  -8.4127859e-02   5.4857661e-02   1.8749064e-01  -1.1870020e-02   3.8297896e-01  -2.5872439e-01   1.6039184e-01  -2.3469845e-01  -1.4757813e-01   2.2076487e-02  -1.1714789e-01   1.4071312e-01   1.4440148e-01   2.7866503e-01   1.7517444e-01  -2.5937465e-03   1.6016284e-01  -2.5628566e-01   1.3081092e-01   7.0246379e-01   5.0995763e-02   1.6756610e-01   4.0776874e-02  -5.3904775e-02   2.5660665e-01   3.7880454e-02   1.7715935e-01   4.9346948e-02   9.9472469e-02   4.3501589e-03   4.1450167e-02   7.6130361e-02  -2.3192889e-01   2.4208683e-01  -1.1881504e-01  -1.9321116e-03  -6.9594481e-02   1.2688563e-01  -2.7412471e-01  -8.5219350e-02  -2.5904008e-02   1.9503611e-01   7.8942933e-02   4.2279101e-01  -1.0073720e-01   1.2488657e-01   7.7821392e-02   2.1558790e-02   9.6236630e-02   5.3636738e-02  -4.9818065e-02   4.5995600e-01   3.9697171e-01  -3.2025303e-01  -5.8671350e-02  -6.4083959e-02   1.1750203e-01   8.9938762e-02  -6.1125778e-02   5.1093788e-02   1.8762293e-01   1.1558696e-03  -5.8596302e-02   1.6227675e-01   1.5768623e-02  -2.2680204e-01  -3.0345762e-01   1.4602249e-01   1.2474105e-01  -1.1850833e-03   4.0430683e-03   1.5622149e-01   1.1139239e-01  -5.9992468e-02   2.8792974e-01   1.8006096e-01   1.3508073e-01  -1.1932975e-02   4.1040752e-01  -1.6698718e-01  -4.5979367e-02  -1.1276171e-01  -1.6273534e-01   1.7930293e-01   1.6901874e-01  -1.0865409e-02  -1.5275020e-01   2.5360221e-01  -6.2413921e-02   3.5260149e-01   8.3319625e-02   1.1015786e-01   1.6899065e-01   5.7533450e-02   2.0134506e-01   1.2814117e-01  -1.8266503e-01   3.6131601e-01   1.2686066e-01  -1.3399532e-03   3.7816864e-01   2.4762153e-01   3.6929919e-01   1.9969568e-01  -4.7179158e-02   2.6164451e-01   1.5491341e-01   1.0677399e-01  -1.5425483e-01  -1.6901112e-02   1.0735548e-01   1.0481011e-01   2.0097790e-01
  -6.4590111e-02   6.2219230e-01   2.5769817e-01  -2.2650169e-02   5.2258762e-01  -1.9550352e-01  -3.0054930e-01   1.6246078e-01   0.0000000e+00   1.3184863e-01  -1.1416702e-01   4.7066307e-01   1.6952370e-01  -3.2412401e-01  -4.3993377e-02   1.1703592e-01   4.5437802e-01  -2.1804279e-01  -2.1530920e-01   4.8369474e-01  -2.0205162e-01  -2.0215399e-01  -2.5964773e-01  -2.3559699e-01  -3.5952241e-01   1.9051397e-02   5.2516256e-01  -3.3763939e-01   2.0650333e-01  -1.5983896e-01  -8.8920752e-02  -2.9958250e-01   3.7432795e-01   3.0248510e-01   3.3158903e-01   3.0655942e-01   1.0725356e-03   4.1786104e-03   1.9473381e-01   5.2547431e-01   3.3216638e-01   1.6905318e-01   4.9148667e-01  -2.2379677e-01   3.7926782e-01  -1.7083218e-01  -1.6230171e-01  -5.5526017e-02   3.4696193e-01   4.1732147e-01  -2.3568971e-01  -5.0256529e-03   5.2951205e-01   2.3147435e-02  -4.7905524e-02  -4.3759732e-01   6.2038796e-02  -1.3384295e-01   3.5386550e-02   5.1912318e-02   2.4871246e-01   2.1796915e-01   5.8689827e-01   2.6110053e-01   3.6605503e-01   2.5255459e-01   2.5626361e-01  -1.0237913e-01  -1.8695177e-01  -4.9468990e-02   4.6619581e-01  -2.2274923e-01   3.9421025e-01  -4.5515399e-02   4.4840162e-02  -1.1393693e-01   3.0158759e-01  -1.2933146e-01   6.6137433e-01   1.4767034e-01  -4.2192397e-01  -1.4774931e-02  -3.4576647e-01   3.4658556e-02   1.9914350e-01  -3.2779926e-01   2.4779430e-01  -5.1682334e-01   3.1160351e-01  -1.5728583e-01   6.7676675e-01   4.0216633e-01  -1.6203412e-02   3.9526723e-01  -9.2625046e-02   5.5934957e-01   2.0088847e-02  -3.2044787e-01   3.2353947e-01  -1.1281990e-01  -1.3806292e-01  -3.5379516e-01  -3.9466085e-01   1.4415957e-01  -3.8876453e-01  -3.3453252e-01   1.7395747e-01   5.6963478e-03   2.5129631e-01   3.6935487e-01  -3.2905261e-01  -2.0003286e-01   9.4875170e-02  -2.6636475e-01  -4.2001630e-01   3.1989762e-01  -1.5973478e-02   4.2012591e-02  -3.2908281e-01  -8.9349675e-02  -1.5278545e-01   4.6859881e-01   1.5497481e-01   2.8648748e-01  -1.0931005e-01  -1.4884220e-01  -8.5192781e-03   2.1510766e-01  -1.9951165e-03   5.3236134e-02  -2.8717906e-01   1.0522077e-01   3.4918655e-01   2.6651595e-01   4.5453109e-01  -1.6896193e-01   8.2414876e-02  -2.4633723e-02  -6.8430576e-02  -2.8286585e-01   1.9196647e-02  -1.5069503e-01  -2.1645311e-01  -3.3737158e-01   1.2080952e-01  -2.7544471e-01   8.9396869e-02   4.0025957e-01   4.3863260e-02  -7.6501220e-02  -3.3690091e-01  -1.8064679e-01  -7.1054195e-02   1.0848069e-01   4.8581248e-01  -7.7569388e-02   1.3939826e-01   9.0239928e-02   4.7411652e-01  -3.6125463e-01   3.7759261e-01  -1.5185087e-01   4.3218526e-01  -3.3494989e-02   1.8486972e-01   2.8993249e-01   1.7538092e-01  -7.9687507e-02  -5.4918360e-02   1.5775157e-01   3.8912802e-01   1.5967775e-01   5.6941636e-01   5.0341531e-02  -2.2692677e-01  -9.2559635e-02  -1.3450569e-01
  -1.9762925e-01   3.2298579e-02   3.9197635e-01  -7.4943516e-02  -9.7966075e-02   7.1875068e-02   1.6808515e-01  -1.6249390e-01   1.3184863e-01   0.0000000e+00  -8.6611608e-02   4.3552540e-01   6.1449192e-02  -1.1665442e-01   1.6406489e-01  -4.7444780e-02   2.4583033e-01   1.8019317e-01  -1.1380630e-01   2.1353059e-01  -9.2448481e-02   1.6240854e-01   1.9235523e-01  -2.0009154e-01  -5.7913387e-02  -1.8439468e-01   1.0356858e-01  -1.2664792e-01  -6.4734212e-02   1.4951249e-01  -1.2146094e-01  -9.5568965e-02   1.3327443e-02   3.6229918e-01   2.5481292e-01   6.7519747e-02   5.8943807e-02  -1.8645947e-01  -5.9591298e-02   1.8106771e-01   8.3355597e-02   2.3533662e-02   2.6067489e-01  -8.8119552e-02   2.5693500e-01  -7.3824932e-02   3.0594469e-02  -1.4572417e-01  -2.0166472e-01   1.2029690e-01   1.4165998e-01  -2.9725637e-01  -9.6100814e-02   4.5566461e-03  -1.0487597e-01  -1.2069045e-01  -1.0200215e-01  -1.1803884e-01   9.8848543e-04   1.1508470e-01   1.6275207e-01   1.8486796e-01  -1.8024324e-02  -1.5322626e-01  -1.9308730e-01   3.8361865e-01   6.2353720e-02  -1.9592873e-01  -1.9258707e-01   1.8986231e-01  -1.1223335e-01   3.1023306e-02   6.8446215e-02   1.3104583e-02   7.4937383e-02  -1.6869568e-01  -4.5188278e-02  -2.2290897e-02  -4.1406330e-02   1.1116520e-01  -1.0106909e-01   6.7690834e-02  -2.3983432e-01  -1.4284027e-01  -5.0116036e-02  -2.0021523e-01  -1.1125453e-01  -8.3976462e-02  -8.9006198e-02  -1.7538662e-01   1.7018809e-03   1.5750717e-01   4.8251230e-01   2.4545542e-01  -1.7492657e-01   9.6514112e-02   9.0215641e-02  -2.4759557e-01   5.2618452e-02   3.2111653e-01  -2.3159309e-01  -1.3905213e-02  -1.1029244e-01   1.3070317e-01   4.8015691e-02   2.0838753e-02  -1.1601850e-01  -1.9647073e-01   4.2016682e-01   3.3459790e-02   1.4314649e-01   1.2003804e-02   4.8918767e-02  -1.9571835e-01  -1.3065576e-01  -3.7873484e-01  -2.4741179e-01   1.2901652e-01  -2.4486167e-01  -5.4868268e-02  -1.2946770e-01   1.3127431e-01   2.0004507e-01  -1.6831312e-01  -1.4193238e-01   1.1023385e-01   2.0833848e-01  -2.5934224e-02   1.1359648e-01   2.8493141e-02   5.5088634e-02  -1.4309361e-01  -1.9718064e-02  -1.8217747e-01   2.2214806e-01  -3.0161344e-01  -4.9314433e-02  -7.8878008e-02  -3.6825202e-01  -1.6289646e-01  -1.3338164e-01   1.1946691e-02  -8.5658649e-02   1.3917990e-01   2.3230634e-01  -8.8546443e-02   2.5112987e-01   1.0163673e-01   4.1182920e-01  -3.0253034e-01   1.5143131e-02  -2.8408795e-02  -9.0755689e-02  -1.7503908e-01   1.0853670e-01  -9.3094222e-02  -5.9131402e-02   5.4101408e-02   3.9973606e-02  -1.6001413e-01   2.5345742e-01  -7.7780604e-02   6.7073263e-02  -2.6662397e-02  -1.9232653e-03   7.8259935e-03  -1.3608359e-01  -1.2477804e-01  -2.0770819e-01  -2.2383945e-01   1.2638398e-01   3.8256422e-02   1.3637980e-01   2.5818201e-01  -7.4630062e-02  -1.8945923e-01   5.0745300e-02
   2.9993030e-01  -3.2266260e-01  -1.0474047e-01   2.3075361e-01  -3.3442973e-01   5.2388902e-01   3.5355632e-01   3.5477726e-01  -1.1416702e-01  -8.6611608e-02   0.0000000e+00  -7.0575448e-02  -2.3055474e-02   1.7655476e-01   4.0123333e-01   2.1344253e-01  -1.4782095e-01   5.5424824e-01   2.4575140e-01  -3.3503507e-01   7.7533470e-02   3.0564463e-01   3.9280148e-01   2.9991800e-01   5.6804555e-02   1.7684011e-01   9.1908497e-02   5.8240907e-01  -1.2946053e-02   2.6422386e-01   1.4093034e-01   6.5504645e-01   7.7595556e-02  -1.1362115e-01   1.1642349e-02   1.5573376e-01  -1.7994561e-01   1.3298965e-01   8.7624878e-02  -3.4174240e-01   1.1608819e-01   1.2446699e-01  -2.4439991e-01   5.0784628e-01   1.4905079e-02   2.9510246e-01   7.1756967e-01  -6.1693949e-02  -2.0899629e-01  -3.7060766e-01   6.6589067e-01   4.7094729e-01  -3.7781873e-01  -1.4202828e-01   2.3797072e-02   5.3579031e-01   3.7009907e-01   2.1826327e-01   5.4736120e-01   5.5877299e-01  -4.4180073e-03  -2.4592335e-01  -2.5890838e-01   1.4485234e-01  -2.5889712e-01   2.1956311e-01   2.3771925e-01  -9.3288117e-02   6.1857711e-01   1.3532680e-01  -3.8368728e-01   3.0087544e-01   7.1737131e-02   1.4309369e-01  -3.4696969e-01   2.4635479e-01   2.0532149e-01   1.6845143e-01  -2.1721400e-01   1.2176521e-01   5.0335758e-01   4.2448518e-02   2.2943516e-01   5.3330550e-01  -1.9461898e-01   6.3601391e-01  -1.4708383e-01   3.0083428e-01  -2.0758915e-01   3.7937157e-01  -2.0136195e-01  -6.5667993e-02   7.4927164e-02   1.6265778e-01   1.3853595e-01  -3.1581700e-01  -4.8726071e-02   3.4754814e-01  -3.0140524e-01   1.8857913e-01  -4.5268152e-02   7.4209661e-01   1.3842148e-01   3.3122597e-01   6.7086754e-01   3.2642211e-01  -2.5056053e-01   6.4269653e-01   3.1007572e-02  -2.9579216e-01   3.1466889e-01   5.8839355e-01  -1.1018255e-01   3.1811056e-01   3.9313436e-01  -1.2828786e-01   1.5823558e-01   8.6804522e-02   1.5688144e-01   2.9958407e-01   4.1479947e-01  -2.0222531e-01  -3.3273749e-01  -3.1680377e-01   3.1438994e-01   4.5672273e-01   2.7208821e-01  -1.6683705e-01   3.7808543e-01  -1.4300722e-01  -7.0727611e-02   3.1119020e-01  -4.6369149e-02  -1.0302065e-01  -9.6299486e-02   3.5793376e-01  -1.6383916e-01   5.2876977e-02   4.2120125e-01   2.0069847e-01   3.1624143e-01   5.4543687e-02   6.1866255e-01   1.3173111e-01   3.4388485e-01   2.7163817e-01  -9.3510216e-02  -1.0415047e-02   3.8823741e-01  -1.8577514e-01   2.8447324e-01  -3.7499395e-03   2.9066971e-01   3.7717775e-01  -3.3863120e-01   1.8469861e-01   3.2842038e-01   4.4503664e-01   3.2169217e-03   5.9626136e-01  -1.5960862e-01   7.7098675e-01  -1.7859762e-01   4.6428963e-01   3.9641007e-02   1.1362975e-01   4.3880649e-01   2.6245535e-01   3.2719916e-01  -3.2257550e-01  -1.3240990e-02   1.6083889e-01  -1.3252764e-01   9.7841743e-03  -1.4981742e-01  -1.0142656e-01   4.7064946e-02
  -1.3280677e-01   5.2413419e-01   4.5870924e-01  -1.9694065e-01   2.9178120e-01   7.3928915e-02  -7.9429229e-02   1.1202100e-02   4.7066307e-01   4.3552540e-01  -7.0575448e-02   0.0000000e+00   2.9242985e-02  -3.2348816e-01   1.3263781e-01  -1.2376924e-02   4.8847070e-01  -7.8239676e-02  -2.4088389e-02   5.4563704e-01  -3.7842231e-01  -5.1045630e-02  -1.1591195e-01  -2.9404389e-01  -8.2040873e-03   5.7916581e-02   4.2737753e-01  -2.7335435e-01   3.8324231e-01  -9.8722312e-02  -3.2052189e-01  -1.5542186e-01   2.8682649e-01   6.7984003e-01   6.2162349e-01   2.4291036e-01  -1.3645084e-01  -1.2842119e-01  -2.2878330e-02   5.0749567e-01   7.5506343e-02  -8.9797216e-02   6.8281460e-01  -1.5007995e-01   3.9696031e-01  -1.1539171e-01  -7.4072936e-02  -2.9553507e-01  -7.1442277e-02   4.0063196e-01  -1.2002684e-01  -1.1126308e-01   2.2578964e-01   2.4706075e-02  -2.9272855e-01  -3.8739678e-01   6.0173408e-02  -1.7358758e-01   7.6291659e-03   2.2340587e-01   2.0321880e-01   1.2300189e-01   3.6964984e-01  -8.1030298e-02  -9.2534224e-02   5.4228015e-01   2.9857591e-01  -1.5673011e-01   8.4489143e-03   1.5148340e-01   2.0940877e-01  -2.0483733e-01   6.3554202e-02   2.1423541e-01   1.0613322e-01  -1.6809743e-01   2.8846911e-01  -9.2642416e-02   5.4527667e-01  -9.0631037e-02  -3.3754814e-01   9.7827089e-02  -5.0574805e-01  -8.2649997e-02   4.6624453e-02  -3.8384976e-01  -3.2315185e-02  -3.9945424e-01   3.0678013e-01  -2.5691937e-01   5.4952734e-01   3.8783992e-01   4.9548859e-01   5.1258056e-01  -2.5447882e-01   4.2432760e-01   1.4533977e-01  -1.1777803e-01   8.2400759e-02  -2.6550268e-02  -4.7475515e-01  -1.8356150e-01  -3.9135692e-01   2.6039206e-01  -2.3675289e-01  -1.6740046e-01  -6.9908942e-02   1.5229849e-01   3.3708138e-01   2.4863405e-01  -8.6054466e-02  -3.8525263e-02   2.2397751e-01  -3.0561749e-01  -4.6264552e-01   1.6451452e-02   3.6933596e-02   1.0769271e-02  -3.9717672e-01  -1.8370184e-01  -9.5133437e-02   5.7748824e-01   4.2351786e-01  -3.6799580e-02  -9.4564910e-02   4.6364290e-02   7.9104895e-02   2.3223168e-01  -1.0676041e-02  -2.7399240e-02  -1.3568274e-01  -1.6010720e-01   3.3090228e-01  -2.3346664e-01   5.1650821e-01  -2.0577277e-01   2.0901211e-01  -3.2614141e-01  -1.1505061e-01  -4.4798812e-01  -2.1366554e-01   2.0050670e-01  -7.5193380e-02  -2.3597287e-01   2.8716011e-01  -4.0314427e-01   3.6010682e-01   3.6289732e-01   4.6660183e-01  -3.8509445e-01  -2.1739940e-01  -2.5121517e-01  -1.0417653e-01   9.6749772e-02   3.6546769e-01  -1.1995694e-01  -1.2509799e-01  -5.0024653e-03   3.2124279e-01  -1.8517288e-01   4.5171389e-01  -7.7243526e-02   6.3445984e-02  -9.7598340e-02   7.7873284e-02   4.7225700e-01   3.1711717e-01  -7.8178566e-02  -2.7404563e-01  -1.4451565e-01   4.7801559e-01  -7.0673670e-02   2.6434731e-01   2.4174796e-01  -2.3787845e-02  -1.5097376e-01  -5.5188608e-02
  -5.5592210e-02   6.1710702e-02   1.4991559e-01  -1.4924372e-01   2.9393542e-01  -2.9121600e-01  -2.8334929e-01  -8.4128443e-02   1.6952370e-01   6.1449192e-02  -2.3055474e-02   2.9242985e-02   0.0000000e+00   9.6103012e-03   2.9439030e-02   1.2189488e-02   2.6112613e-01   1.2718447e-01  -1.8155732e-01   2.4997684e-01  -1.9508744e-01   6.8532332e-02  -1.6773995e-01  -6.1106834e-02   2.6440325e-02  -1.4490449e-01   1.0440776e-01  -1.4849207e-01  -1.0840068e-01  -1.6777390e-01   1.0213189e-01   9.0518289e-02   4.5010752e-01  -2.3499823e-01   1.6323422e-02   1.1891391e-01  -7.3550500e-02   2.1996361e-01   1.6157975e-01   2.1258550e-01   6.9806886e-01   4.9500200e-02  -4.7452973e-02  -5.9168755e-02   2.9549388e-01   6.4421879e-02  -4.9554439e-02  -5.5206769e-02   1.6932428e-01   2.0867027e-01   1.3000281e-01  -1.5381962e-01   6.5561122e-02   1.2368820e-01   1.6408873e-01  -1.4481755e-01  -8.9349862e-02   2.3149825e-02   3.5879403e-01   5.5022259e-02   2.8096344e-01   2.3398321e-01   2.8049159e-01   4.8743801e-02   1.8628638e-01  -4.8498743e-02  -1.0027219e-01  -2.4295364e-01  -1.3184669e-01   1.0408989e-01   4.2356743e-02  -8.1234173e-02   2.4984323e-01  -5.9779587e-02   7.6149200e-02   9.0617974e-02   1.8435105e-01  -5.2218516e-02   6.8263909e-02   2.5576958e-01  -1.2036239e-01  -2.6579197e-01  -1.0143877e-01  -1.1457078e-01   1.9306931e-01   3.7222244e-02  -5.4001843e-02  -9.3125867e-02   2.3506053e-01  -7.8658303e-02   1.6385024e-01   2.0360804e-01  -1.9271260e-01   1.3716690e-01   8.0427042e-02   3.2608457e-01   2.4808148e-01  -3.1115335e-01   2.5132160e-01  -2.3071961e-01   1.1073378e-01  -1.8908539e-01  -5.5366399e-03   1.4056390e-01  -5.2307204e-02   9.9879845e-02   5.2716903e-02  -2.5614336e-01   2.3633781e-01   4.7230135e-02  -3.5252023e-02  -7.2349359e-02   9.6985305e-02   2.9302982e-02  -9.3096163e-02  -1.4767153e-01  -1.0589259e-01   5.6466143e-01   6.4061523e-02   9.6163917e-02  -2.3132716e-02   2.0936539e-01   3.5382995e-02  -3.4211834e-02   5.2319564e-03   3.9978328e-02   1.4103620e-01   2.7600747e-01   2.1284419e-01   2.3937004e-01   3.3630253e-01  -7.8000825e-02   2.1595328e-01   2.5256465e-01   1.6013559e-01  -3.0613165e-02   2.0677081e-01  -1.2312965e-02  -3.0666545e-02  -7.2936491e-03   3.0326578e-02   3.6355921e-01  -1.2328017e-01  -4.7176296e-02   8.7617040e-02   8.3248133e-02  -2.3850665e-01   7.0848763e-02  -1.6022822e-01  -1.1717427e-01  -2.8114767e-02  -1.2655837e-01  -8.8177637e-02  -9.4816135e-02   3.0334422e-01   3.9670751e-02   1.5390997e-01   3.9506903e-01   2.3350741e-01  -1.0810529e-01  -2.2757021e-02  -1.0498102e-01   3.0185761e-01   7.1514111e-02  -1.8810534e-02  -2.0913604e-01  -2.1838259e-02   3.9296931e-03  -1.5648164e-02  -1.1061797e-01  -1.1741544e-01   1.3629687e-01   1.2635427e-01   5.5533392e-02   2.5193185e-02   2.4362532e-02   1.2613010e-02
   1.3230729e-01  -4.4111925e-01   2.3948949e-02   8.2397411e-02  -4.2553948e-01   1.9308910e-01   4.9919114e-01  -1.2108540e-01  -3.2412401e-01  -1.1665442e-01   1.7655476e-01  -3.2348816e-01   9.6103012e-03   0.0000000e+00   4.6252221e-01   1.2314744e-01  -2.9247019e-01   4.2184036e-01  -9.7486253e-02  -3.6201548e-01   6.4952872e-01   2.4182906e-01   5.4496877e-01   1.6838734e-01   1.0134069e-01  -1.1678904e-01  -4.6633900e-02   4.5822759e-01  -1.4327194e-01   5.4378993e-01   5.7429837e-01   2.8707704e-01   2.2774157e-02  -1.3371077e-01  -1.6454990e-02  -4.0945507e-02   2.5161681e-01  -1.9149722e-03   1.8273379e-01  -3.5118302e-01   2.0193469e-01   8.8290299e-02  -5.7287841e-01   3.6137194e-01   6.9536465e-02  -2.6881805e-02   2.3782114e-01   5.5310361e-01   5.3927445e-02  -4.3317151e-01   3.6602405e-01   1.3667465e-02  -2.4536500e-01  -8.1457419e-02   4.7618705e-01   4.8751783e-01   2.3258538e-02   2.5851524e-01   2.8041481e-01   1.9628411e-01  -1.3157814e-01  -1.4104043e-02  -5.7149525e-01   1.3745148e-01   6.6368633e-03  -3.1794392e-02   7.4940925e-02  -4.8988389e-03   2.0209849e-01   3.6456526e-01  -2.3070557e-01   3.6418012e-01   1.9444267e-01   1.8935924e-01  -2.2323575e-01   1.3020731e-01   1.4198079e-01  -2.0114169e-01  -4.5063542e-01  -9.5411560e-02   5.6947350e-01   3.4188019e-02   5.1384123e-01  -6.9744740e-02   1.1019452e-01   5.3801240e-01   3.1611846e-01   5.1473840e-01  -4.7205227e-01   1.5017448e-01  -3.8988995e-01  -1.7772778e-01  -4.5789587e-02  -1.2831699e-01   1.9955706e-01  -4.8804987e-01   6.9901379e-02  -5.3907825e-02  -6.7637563e-02   2.6951725e-01   5.1320502e-01   4.3004627e-01   5.5941893e-01   7.9097929e-02   4.9401034e-01   3.0063726e-01  -1.2153510e-01  -3.8218738e-02  -2.5749194e-02  -5.9892750e-02   4.4673196e-01   2.5008331e-01  -1.6378104e-01   1.3284454e-01   6.0366739e-01  -3.2701435e-01  -1.0554146e-01   2.1401876e-01   6.0571336e-01   2.4600572e-01   1.7377490e-02  -5.1000563e-01  -4.4980748e-01  -8.2217383e-02  -4.9499587e-02   3.6276869e-01   5.5164022e-01  -5.1967246e-02   1.4195806e-01   4.2505295e-01  -1.5700548e-01   3.6880342e-01  -3.5286718e-01   8.7232084e-02  -5.3548743e-01   6.2095802e-02  -5.9359563e-02   5.9818105e-01   4.5312898e-02   2.7533130e-02   1.8571729e-01   5.5627326e-03  -4.8519288e-02   5.2278601e-01   2.4933909e-01   7.3571002e-01   1.1532261e-01  -1.4792240e-01  -5.2812940e-02   2.5228071e-01   4.9202402e-01   3.6770175e-01  -6.7777476e-02  -3.7482571e-02  -4.3236286e-01  -8.4486977e-04   1.9828852e-01   1.8870991e-01  -3.3988298e-01   4.4483646e-01  -2.4452805e-01   3.1366258e-02  -5.4569055e-02   2.3869107e-01  -2.4241536e-02  -2.1759659e-01   7.3127448e-02   1.7659210e-01   7.6485345e-02  -2.4880840e-01  -2.1441676e-01   1.4753222e-01   3.0801627e-02   4.8694634e-02   4.8953157e-02  -8.1845600e-02  -3.1504412e-02
