   0.0000000e+00  -2.5456421e-01  -1.0517551e-01   4.5813596e-02  -1.6532822e-01   1.0049170e-02  -2.4525637e-01  -5.2750704e-02  -2.5192462e-01   7.5913803e-02  -1.3481959e-01  -2.1192244e-01  -1.1332672e-01   3.7735579e-01  -9.2062873e-02  -1.7024485e-01  -7.6111523e-02   5.2575796e-02   2.0710385e-02  -6.4663958e-02  -1.6937304e-01   1.5021350e-01  -1.7524010e-01   4.7382191e-01  -1.2971552e-01   1.6427562e-02  -1.5778145e-01  -5.6129671e-02  -1.9835727e-01   9.6773369e-02  -1.9527226e-01   4.2268786e-02  -8.4336955e-02  -1.4479617e-01  -1.7953500e-01  -2.9150933e-01   2.0270760e-03   2.7114034e-01  -2.6578472e-01  -2.0974414e-01  -1.0374452e-01  -1.2552919e-01  -1.7391325e-01   1.4927967e-01  -6.9446457e-02   3.4677506e-01  -1.0293563e-01  -2.9562726e-01  -5.4944581e-02  -1.7246804e-01   1.0812373e-01   2.8382650e-02  -2.9258830e-01  -1.3014198e-01  -4.5797760e-02   1.0477853e-01   1.2300088e-01   1.5997757e-01  -1.1425108e-01  -6.5464584e-02   2.5642278e-01   7.1458321e-03  -5.7402610e-02  -2.6178490e-01  -9.7857767e-02  -4.1606693e-02  -1.9273725e-01  -1.2278947e-01  -1.7889370e-01   2.0044959e-01  -1.5400999e-01   6.8644371e-02  -9.0428775e-02   3.4877922e-01  -8.0273495e-02   7.8425795e-03   2.4688808e-01   1.6072884e-02  -1.3935112e-01  -1.8444208e-02  -5.3869061e-02  -1.4711387e-01  -2.5708152e-01   2.3080669e-01   1.4783603e-01   7.0393195e-03   4.8505807e-02   4.3529659e-02  -2.2343427e-01   4.6362839e-01  -1.9157137e-01  -1.0377547e-02  -4.1125177e-02  -2.9492764e-01   2.7351525e-01  -4.0107380e-02   2.6185167e-03   9.4994737e-03   4.4143337e-03   8.9177079e-02  -5.0853324e-02   4.8797257e-02   2.2919693e-01  -1.0047696e-01   4.8316927e-02  -9.2422377e-02  -1.9010244e-01   2.4499266e-02  -3.3771431e-02  -1.3640703e-02  -8.0077896e-02   2.5527642e-01  -1.5638823e-01   6.5374153e-01  -2.4474141e-01  -1.9003365e-01   1.6056897e-01  -1.8181892e-01   6.7684177e-02   3.9848036e-02   4.1062955e-01  -9.7634999e-02  -1.7546882e-01  -9.3784086e-02   4.1527094e-01   3.5810657e-01  -5.9189904e-02  -1.0696731e-01   2.0581304e-02  -3.0408690e-02  -2.9564126e-01  -2.2212667e-01   3.6823920e-01  -1.5157189e-01  -1.1024878e-01  -9.7615006e-02  -1.1529184e-01  -2.0255673e-01  -3.0121952e-02   4.5297303e-01   2.9859199e-01  -1.9279988e-01   3.2468665e-03  -1.3630244e-01   7.1159281e-02  -3.2078358e-02  -2.3337877e-01  -2.5714125e-01  -6.6192078e-02   2.0820748e-02  -3.3080667e-04   8.6196340e-02   2.5003501e-01  -7.8340945e-02  -3.2253363e-01   5.3979607e-01   3.4303418e-01  -1.2465698e-01   1.1311300e-01   1.2382034e-02  -2.9695553e-01   6.9249168e-02  -1.0781397e-01   6.4281496e-02   5.4833058e-03  -1.4160759e-01  -8.9499125e-02   1.3378241e-01   1.7565090e-01  -1.6662344e-01  -2.0685194e-01   3.4896148e-01  -4.6953663e-02  -3.0566422e-01  -1.5632416e-01  -1.0606321e-02   9.8467885e-05
  -2.5456421e-01   0.0000000e+00   1.8855778e-01  -4.8616218e-01   4.8480703e-01  -3.6828796e-01  -5.3420389e-02  -1.3001293e-01   3.0236825e-01  -1.5748344e-01  -4.1853299e-01   5.8313668e-01  -1.6193027e-02  -2.5718223e-01  -2.6431918e-01   1.4389627e-01   3.2783724e-01  -4.3461461e-02   1.4257239e-01  -9.4573190e-02   2.2544172e-01  -6.1740899e-01  -1.8365815e-01  -2.7497409e-01  -1.3208383e-02  -1.4597891e-01  -5.4567982e-02  -4.3795847e-01   2.6226200e-01  -1.3863166e-01   1.3987175e-01  -2.5885124e-01  -1.8268442e-02   2.4121231e-01   1.7862626e-01  -3.5318901e-01   4.2928497e-03   1.9288223e-01   3.2699206e-01   4.3941824e-01   1.3698364e-01  -2.7057027e-01   2.2650064e-01  -2.6402708e-01   2.2289147e-01  -1.1989540e-01  -3.5229833e-01   2.0004885e-01   2.3560845e-01   4.5591423e-01  -2.8468210e-01  -1.4318465e-01   6.2504281e-01  -7.6926201e-02   2.8689314e-01  -3.1086392e-01  -1.6834785e-01  -5.2629141e-01   1.0184940e-01  -1.0533129e-01  -9.7492526e-02  -1.3080051e-01   2.9118160e-01   6.0748681e-01   5.6778853e-01  -5.0867785e-02   1.5499677e-01  -2.3682930e-01  -3.2883758e-01  -1.1515660e-01   5.5265117e-01  -6.3530167e-01   2.5492243e-01  -2.4879788e-01  -1.4014392e-01  -7.6086728e-02   1.3435213e-01  -1.7196313e-02   6.5767820e-01  -7.4656734e-02  -4.6769725e-01   1.7093227e-01   2.1752806e-01  -2.5799805e-01   9.2706924e-02  -9.2148272e-02   2.9376811e-03  -1.4513508e-01   1.9180217e-01  -1.2415327e-01   6.2127919e-01   1.6351940e-02  -1.6303228e-01   4.4095134e-01   1.3930448e-01   3.8691177e-01  -2.7071930e-01   1.3757388e-01  -1.0032446e-01  -3.1139659e-01  -1.6755681e-01   7.7893056e-03  -4.0209005e-01   1.0961337e-01  -3.4561315e-01  -2.8226344e-01   3.2018026e-02  -1.7059117e-01  -4.9878454e-02  -3.9617616e-01   7.9411517e-02  -5.1989534e-01  -4.8158837e-01  -2.2614688e-01  -2.4967734e-01   6.5114385e-01  -1.8439128e-01   1.7342839e-01  -4.6023791e-01  -5.4690441e-01  -1.3889262e-01   5.0576051e-01   4.7864277e-01   4.4444652e-01  -1.7970087e-02  -3.4689557e-01   3.8428734e-01   8.6790886e-03  -5.1883920e-01   2.4276624e-01   7.2522626e-03  -1.8806139e-01  -1.1090139e-01  -8.6164743e-02  -1.7734045e-01   5.1387304e-02  -8.8372098e-02   1.8352066e-01   1.6964211e-02  -2.2914178e-01  -2.9374438e-03   1.4044442e-02   1.0869808e-02  -7.7099677e-02  -3.9871080e-01   2.6391668e-02   3.6998939e-01   3.9769437e-01  -2.7024046e-01   1.0115337e-02  -2.9505220e-01  -3.8471916e-01  -2.4116488e-01  -1.7455032e-01   6.7547185e-01  -1.4452436e-01  -1.6429916e-01   2.2567100e-01  -1.0645761e-01  -5.5793131e-01  -5.3203290e-02  -2.3395773e-02   2.0807486e-01  -3.4841476e-01  -2.8166974e-01   6.6689557e-01  -3.1893960e-01   1.2449284e-01  -1.1700047e-01   3.3836438e-01   4.9394766e-01  -3.4284106e-02  -1.4739593e-01   5.8223247e-01   1.5920563e-01  -2.1253105e-02  -4.3590677e-01
  -1.0517551e-01   1.8855778e-01   0.0000000e+00  -1.4150951e-01   2.9439043e-02   2.0791677e-01   2.7044400e-02   1.0196500e-01   1.4145942e-02   1.4133806e-01  -2.4102254e-01   2.6444363e-01  -1.7413999e-01  -2.0748388e-01   5.4476219e-02   1.4388592e-01   8.1850076e-01  -6.9745825e-02   1.5172249e-01   4.8330029e-02  -1.1865734e-01  -1.6307716e-01  -1.3744277e-02  -2.1852083e-01   2.3247311e-01   2.1613368e-02   2.5341088e-01  -1.3057754e-01   1.9161248e-02  -2.4465536e-01  -2.3991968e-02  -3.3038434e-02   2.5088616e-01   8.6742963e-02  -2.4305501e-01  -9.9033830e-02  -2.6095146e-02   1.9537531e-01   1.5010878e-01   3.4731784e-01  -5.1646522e-02   4.5754971e-01   3.7495896e-01  -1.9346989e-01   7.5487802e-03   1.5185845e-03  -2.1516253e-01  -1.2302930e-01  -7.6592049e-02   5.5578032e-01  -1.2272481e-01  -4.7733085e-03   4.3308522e-03   4.9911874e-01   2.0056178e-01  -1.0304984e-01  -3.5144082e-02  -2.3801277e-01   1.4318400e-01  -2.7232242e-03   1.9652818e-01   6.5565593e-02   2.6839305e-01  -3.5905496e-02  -4.9665924e-02   9.5912138e-02   2.1662811e-01   4.5667081e-02  -1.2913393e-01   2.0465319e-01   1.8966202e-01  -2.8139884e-01  -2.3249057e-01   5.0843710e-02   8.6727631e-02  -9.7361655e-02   1.3817064e-01   2.5079843e-02   2.5411022e-01  -7.9624679e-02  -1.0233303e-01  -1.1707633e-01   4.6851149e-02  -7.5089245e-02   1.6969050e-01  -6.6246116e-02  -3.7216209e-01   5.0319307e-02   1.6919917e-01  -1.8621607e-01   1.5878458e-01   7.7880817e-01   1.5940284e-01   4.5933866e-02   1.9901579e-01   1.5515670e-01  -1.8468965e-01   1.5941945e-01  -9.1870948e-02  -1.4841656e-01   3.9017770e-01   7.6873006e-02  -1.2945846e-01   8.0451678e-03  -2.5894745e-01  -1.9553688e-02   5.5143607e-01  -1.1354576e-01  -2.2292515e-01  -1.7596268e-01   2.9701699e-01  -3.0966691e-01  -6.7530320e-02  -1.6665754e-01   3.4880879e-01  -1.5879693e-01  -1.4939632e-01  -4.1379367e-02  -2.5966696e-02  -1.0963164e-01  -1.1707763e-01   7.1994424e-02   2.8947149e-01  -2.3885944e-01  -1.4342091e-01  -2.2765252e-01  -7.2838951e-03   1.5757442e-01  -2.1799871e-01   4.2205685e-01   9.6221091e-04  -1.4283676e-01   3.4139977e-01  -6.9186362e-02   5.4973760e-02  -8.5764335e-02   2.3463002e-01   6.1693990e-02  -1.7753563e-01   1.2136293e-01  -5.7932711e-02   8.3174580e-02  -1.6133943e-01   3.4745072e-01  -1.2280587e-01  -2.9834987e-01   3.9279686e-01   3.2762482e-02  -2.4371910e-01  -3.4139528e-02   1.2106710e-01  -3.2201261e-02   2.4780071e-01  -2.2687160e-01   4.2221785e-01  -1.2313464e-01  -4.0035081e-02   2.1772521e-01   5.0065911e-01  -1.8924222e-01  -6.8634587e-03  -2.3298281e-01   2.1558398e-01  -3.0632017e-01  -3.1711513e-02  -1.0022849e-02  -2.0097824e-01   5.5973247e-03   1.7391643e-01   1.7077624e-01   5.1812030e-02   1.0094037e-01  -2.7343946e-01   4.7048719e-01   3.1729088e-01   4.9701793e-01   4.6699481e-02
   4.5813596e-02  -4.8616218e-01  -1.4150951e-01   0.0000000e+00  -1.4873796e-01   3.5078499e-01   2.8012206e-01   1.4598455e-01   1.6831623e-01   1.5982460e-01   2.2983726e-01  -2.0456925e-01   2.4227142e-01  -2.2101650e-01   2.0441061e-01  -2.0234798e-02  -4.5487599e-01   2.5616147e-01  -5.9776787e-02   8.5041345e-02   1.4758241e-01   7.0136912e-01   2.6380071e-01  -5.1837826e-02   7.3676551e-02   1.4973602e-01   1.8458704e-01   1.5668085e-01  -1.5918834e-01   3.3886958e-01  -3.4423300e-02   4.5610134e-01  -1.7604563e-03  -9.5986701e-02  -1.0637036e-02   3.5203283e-01   1.1162528e-01  -3.4816869e-01  -2.1857601e-01  -2.5443077e-01   1.0847982e-01   1.5540829e-01  -3.4058811e-01  -1.0859248e-01   1.2107413e-02   1.2320735e-02   3.1385878e-01   7.2557305e-02   3.1924813e-02  -3.6512353e-01   2.7961507e-01   3.7663155e-01  -3.1352582e-01  -9.5371283e-02  -1.4412213e-01   8.4841645e-02   4.7761222e-02   6.5665829e-01   6.3637461e-02   3.9275232e-01   1.7715146e-02   7.9182054e-02  -1.0192703e-01  -3.5284713e-01  -2.0613224e-01   2.9680932e-01  -9.8566523e-04   2.9125584e-01   2.3202937e-01   2.8254773e-01  -2.9793151e-01   6.2150917e-01  -1.0496698e-01   1.1397153e-01   5.5345788e-02   2.7161995e-01  -1.3564509e-01  -1.4267708e-01  -3.3029055e-01   6.2333179e-02   3.5564160e-01   8.5279296e-03  -3.5582770e-01   1.4426664e-01  -2.7456305e-01   3.3490185e-01  -9.1197870e-02   1.9752008e-02   1.5687797e-02  -7.9353743e-02  -2.9640783e-01  -3.3895403e-02  -9.0708998e-03  -1.2201270e-01  -2.8450307e-01  -2.7064520e-01   3.4832571e-01  -1.8330516e-01   2.1510095e-01   3.2396887e-01  -2.9146636e-01  -2.8521137e-03   1.4899799e-01   1.2353232e-01   4.0971630e-01   4.9549653e-01  -2.1093283e-01   1.6208845e-01   1.5482028e-02   2.2436027e-01  -1.2687605e-01   5.8879422e-01   5.7863496e-01  -5.5303999e-02   9.6466212e-02  -2.2469329e-01   1.1536955e-01  -2.3348896e-02   2.6183865e-02   8.0537833e-01   1.3380141e-01  -2.1011715e-01  -2.9556300e-01  -8.0700375e-02  -7.0709283e-02   1.8475968e-01  -1.8122558e-01  -1.6242328e-01   5.6946467e-01  -1.2353512e-01   1.3772364e-01   3.0831315e-01  -8.1478842e-02  -3.6432165e-03   3.1559392e-01   1.3795119e-01   5.1514282e-02  -4.4544138e-02   2.9708868e-01  -7.2627268e-03  -9.1120223e-03   6.1617452e-02  -1.2240661e-01   7.2358886e-02   4.3237174e-01   8.9299599e-02  -2.7235603e-01  -6.6548194e-02   2.2027147e-01   1.2557541e-01   1.7755329e-01   3.6812139e-02   2.5391040e-01   1.2257592e-01  -3.5019305e-01   4.7205280e-02  -6.4900020e-04  -2.6753613e-02   2.6123456e-02   4.4543550e-01   2.2148303e-01  -1.4744493e-01   7.2116075e-02   3.7788737e-01   5.0582366e-01  -3.8043133e-01   3.8402977e-01  -7.8782405e-02  -3.3600373e-02  -3.1711307e-01  -3.3890849e-01  -9.4960754e-02   2.6235415e-01  -4.3330256e-01  -5.1781798e-02   6.9526748e-02   6.8997350e-01
  -1.6532822e-01   4.8480703e-01   2.9439043e-02  -1.4873796e-01   0.0000000e+00  -3.6793085e-01  -9.8830357e-02  -1.1523066e-01   3.6715873e-01  -5.6341742e-02  -2.3165940e-01   3.4597325e-01   3.4764622e-02  -1.9191026e-01  -3.8462988e-01  -7.0586785e-02   9.9695611e-02  -1.5194076e-01  -3.5405717e-03   5.0892441e-01   1.5906948e-02  -2.7685627e-01  -2.5033600e-02  -1.9384857e-01  -1.7018110e-02  -1.8775847e-01   2.2782294e-01  -4.8945680e-01   3.4710391e-01  -9.4133850e-02  -1.1524048e-01  -1.5877318e-01  -2.2297186e-01  -1.3869108e-01   6.4737452e-02   8.6697126e-02   1.3309034e-01  -6.0561712e-02   7.9926652e-02   3.5863140e-01   1.4058625e-01  -2.4160839e-01   1.4940760e-01  -2.0984485e-01   3.3725973e-01  -2.7697038e-01  -1.2544212e-01   7.1073048e-02   4.4553915e-01   2.8673127e-01  -3.0780560e-01  -9.6534543e-02   3.5923683e-01   1.7361619e-01  -1.6459048e-01  -3.8988809e-01  -1.6709291e-01  -2.9043357e-01   4.8268740e-02  -5.4633455e-02  -2.5160880e-01   1.0613805e-01   3.5420129e-01   9.4009623e-02   4.6522912e-01  -1.1858816e-01   9.1826139e-02   4.7743179e-02  -1.3352996e-02  -1.4827614e-01   5.2173827e-01  -2.5967917e-01   2.6545984e-01  -3.1000594e-01   3.6317354e-02   4.4036360e-02  -1.3219573e-01  -5.0069287e-02   6.2872368e-01   1.4423197e-01  -5.9326625e-01   2.0445989e-01  -8.1799397e-02  -1.7966068e-01  -1.0937185e-01   1.1402511e-01  -1.0937978e-01  -2.3372186e-01   2.9465310e-01  -2.7109992e-02   7.1748680e-01  -7.4128962e-02   7.6012368e-03   3.4491661e-01  -1.6542352e-01   7.0305801e-01  -1.2094032e-01  -7.5582560e-02   3.3776774e-01  -1.5335345e-01  -1.7869136e-01  -4.3125779e-01  -2.4202490e-01  -8.6578411e-02  -3.1838772e-02  -5.5082252e-02   3.6896875e-02   3.7671361e-03   9.1229026e-02  -2.5872663e-01  -2.0594755e-01  -2.7082368e-01  -1.5625110e-01  -1.1503845e-01  -3.4113718e-01   7.4418076e-01  -2.0282986e-01   1.5381031e-01  -4.4934580e-01  -2.8134140e-01  -2.0861737e-01   7.9757749e-01   4.3019294e-01   1.8992082e-01  -2.0001955e-01  -2.1066536e-01   2.8439753e-01   1.0306310e-01  -1.5369080e-01  -1.1781902e-01   1.2731132e-01   3.9734807e-02  -2.7222977e-01  -4.3132706e-01  -1.1522403e-02   1.9783697e-01   1.2233550e-01  -3.1724426e-01   7.3571273e-02  -3.5898170e-01  -2.1868606e-01  -1.4745593e-01   1.0579039e-01  -1.8984870e-01  -3.9061858e-01  -1.8686004e-02   3.2750654e-01   4.0461839e-01  -1.1571962e-01  -8.3731417e-02  -2.3184558e-01  -2.5558293e-01  -2.5473704e-01  -1.5869167e-01   5.2689643e-01  -1.3955816e-01  -2.7320271e-01   1.1199276e-01  -1.0673584e-01  -5.1285948e-01   1.5670157e-01   1.5367686e-02   1.1671665e-01  -7.0698232e-02  -2.2009735e-01   5.9445514e-01  -2.5422716e-01  -1.2027676e-01  -1.9038210e-01   4.8185157e-01   6.1129057e-01  -3.1716418e-01   1.7670007e-01   3.4299303e-01  -7.6905495e-02   2.4041636e-01  -2.3741960e-01
   1.0049170e-02  -3.6828796e-01   2.0791677e-01   3.5078499e-01  -3.6793085e-01   0.0000000e+00   2.2191015e-01   4.4699722e-01  -3.8128909e-02   3.9611924e-01   2.7075596e-01   1.1566165e-01   2.7243809e-01  -2.2531590e-01   1.7029844e-01   4.5664271e-02  -1.3788695e-01   3.4960631e-01   3.6536148e-01   1.7930731e-01  -5.2818833e-02   4.5864621e-01  -1.1895571e-02  -2.2402905e-01   1.6407256e-01   3.3426422e-01   1.9440288e-01   9.3997510e-02  -1.9676521e-01   2.4413516e-01  -2.0976428e-01   3.9861935e-01   5.3844069e-02   4.3950206e-01   1.9693933e-01   4.5971587e-01  -8.9562729e-02  -2.8528794e-01  -5.2839475e-02  -1.1332458e-01   1.3808865e-01   1.9438579e-01   5.2565347e-02  -8.4332296e-02   1.9006733e-01  -7.2311471e-02   4.6867175e-01   1.9852660e-01  -1.4669863e-01  -2.5939381e-01   5.1987233e-01   3.2320436e-01  -1.3769309e-01   1.6139727e-01  -2.8683521e-02   1.7047440e-01   4.8792982e-01   5.1638001e-01   9.4202692e-02   5.4239513e-01  -8.6174555e-02   2.7979426e-01  -4.0224126e-02  -6.2187563e-02  -2.6746442e-01   4.7112733e-01   5.9975126e-01   3.2448702e-01   4.2807407e-01   2.9703389e-01  -3.6482599e-01   5.2868721e-01  -5.1920523e-02   1.6764163e-01   7.7454162e-02  -1.0898883e-02  -2.2067814e-01  -1.5044835e-01  -1.9739231e-01  -3.8464514e-02   2.4056526e-01   1.6728746e-01  -2.3296217e-01   1.7766876e-01  -3.9055917e-02   5.0986178e-02  -4.2166327e-02  -1.0562023e-01   5.0479614e-02  -1.0801263e-01  -4.3636578e-01   4.4649559e-02   1.8541622e-01  -1.9588527e-01  -1.9730716e-01  -2.5332888e-01   3.2050705e-01   1.9557791e-01   2.9808888e-01   4.0914000e-01   9.0654262e-02   2.9308788e-01   9.2166765e-03   4.3721163e-02   3.8497587e-01   2.7749708e-01   1.5341519e-01   3.4309051e-01  -2.2761998e-01   4.9985702e-01   1.8283399e-01   4.7296227e-01   3.7565824e-01  -9.4062307e-02   2.8354279e-01  -4.5291138e-01   5.8528456e-02   1.5106861e-01   2.5307798e-01   4.6040767e-01  -1.0206311e-02  -2.3591437e-01  -1.2140225e-01  -9.2848197e-02  -4.0536762e-02   5.9031188e-03   5.9058883e-02   4.6714995e-02   3.2432563e-01   8.9163983e-02   3.8946078e-02   2.3182137e-01  -1.8900379e-02   1.8086108e-02   3.0510111e-01   4.0352281e-02   1.1600676e-01  -7.6223773e-04   1.6960405e-01   1.1241984e-01   5.1503699e-02   1.1884584e-01  -3.0663291e-02   4.9895472e-01   2.0407495e-01  -1.9913647e-01  -2.6163268e-01   1.2776339e-01   5.3980612e-01   1.2599708e-01   2.3518467e-01   5.5040131e-02   3.0038558e-01   3.4577464e-03  -2.0600617e-01   4.8117342e-02  -4.7498936e-02   3.3336567e-02   2.4487109e-02   3.1122752e-01   1.6078636e-01  -1.0130716e-01   1.8972093e-01   2.3900635e-01   5.2692126e-01  -2.7311420e-01   8.5753466e-02  -4.7841467e-02   1.7768140e-01  -3.6576242e-01  -2.6567229e-01  -1.2910959e-02   2.9487154e-01   8.0164418e-02  -1.0820302e-01  -3.3067345e-02   4.7738466e-01
  -2.4525637e-01  -5.3420389e-02   2.7044400e-02   2.8012206e-01  -9.8830357e-02   2.2191015e-01   0.0000000e+00   7.0401446e-02   3.3264907e-01   3.2293656e-01   1.6351520e-01  -1.8588886e-01   2.4311755e-01  -4.0792262e-01   5.6171589e-01   1.6630922e-01  -1.8615307e-01   2.6505750e-01  -3.1301883e-01   1.5895570e-01   4.8949010e-01   4.1867865e-02   5.2283712e-01  -2.4527032e-01  -6.2152646e-02  -5.4584983e-02   3.8844665e-01   1.9795273e-01  -2.9345553e-01  -1.9593276e-02   2.6251422e-01   1.5387361e-03   2.2301910e-01   3.1440808e-01  -1.0582345e-01   4.6413255e-01   1.4662553e-01  -3.1967890e-01  -4.7448729e-02   8.3753044e-02   1.5569929e-01   2.5346337e-01  -5.8414014e-02  -1.4216923e-01  -8.6817975e-02  -1.7287297e-02   5.2724642e-02   5.4520055e-01  -5.0375602e-02  -2.1754491e-01   2.3849611e-01   2.2196239e-01   1.8082753e-01  -6.2832104e-03  -3.4219758e-02  -8.0691725e-02  -3.4090661e-01   1.3663534e-01  -8.3139681e-02  -7.8770051e-02  -1.6920416e-01   1.2956453e-01  -2.6190090e-01   9.7706060e-02  -2.0039073e-01   5.0692310e-01   1.1807388e-01   2.5696713e-01   2.4478446e-02   3.4708308e-01   3.0093767e-02   2.6576342e-01   1.1524799e-01  -2.9044864e-01  -1.8930781e-02  -7.7368033e-02  -1.6159523e-01  -2.4607642e-01  -8.2276884e-02  -6.3657935e-02   4.0493653e-01   1.6871926e-01   2.9102168e-01  -7.1501662e-02  -4.7806841e-01  -1.4824369e-01  -1.5489747e-01  -5.5528137e-03  -9.1837368e-02  -4.3405449e-01  -3.1408620e-01  -4.1332594e-02   2.2607586e-01  -2.0865597e-02  -2.3763571e-01  -4.1457569e-01   5.4267753e-02   1.5202001e-01   8.5576106e-02   3.5298376e-01  -1.9543318e-01   2.5296588e-01  -1.3739926e-01  -1.3750572e-02  -5.9993074e-02   1.7396080e-01  -1.6855836e-01   4.1699542e-02  -1.8597676e-01   1.8160096e-01   4.3388247e-01   2.1123358e-02   1.9679485e-01  -3.7638176e-01   2.7163888e-01  -5.8717178e-02  -1.1916843e-01   1.7765924e-01  -9.1519435e-03   3.7374278e-01  -2.1191121e-01  -2.9378590e-01  -2.8711303e-01  -3.1575511e-02  -3.1527315e-01  -4.4788372e-01  -1.8822148e-01   1.3882296e-03   8.2292797e-02   2.8093607e-01   1.2758295e-01   6.4378529e-01  -2.7205125e-01   3.2961057e-01  -6.0350119e-03  -8.8846806e-02  -4.0539597e-02   5.1705247e-01  -8.4856925e-02   6.7604180e-05   2.0769506e-02   1.0214547e-01  -2.8089443e-01   5.1065632e-01   7.6249839e-02  -1.7428696e-02   1.5376725e-01   2.7192647e-01   2.2320530e-01   2.3997655e-01  -9.7997104e-02   5.7643214e-02  -1.5939640e-01   2.3211446e-01   3.0114490e-02  -2.6076681e-01  -1.6806353e-01  -1.2511030e-01  -4.1454100e-02   3.8084859e-01   2.2162607e-01  -2.7124080e-01   4.0198411e-01  -2.8744319e-02   3.2421796e-01  -9.0586705e-02   3.6234461e-01  -3.2733829e-02  -3.1394195e-01  -3.1336300e-01  -1.5311065e-01  -1.6374508e-01   1.7753231e-01  -7.0545650e-02  -9.8772492e-02   1.0022564e-01   3.6490718e-01
  -5.2750704e-02  -1.3001293e-01   1.0196500e-01   1.4598455e-01  -1.1523066e-01   4.4699722e-01   7.0401446e-02   0.0000000e+00  -4.1165575e-02   3.5287548e-01   1.2425208e-01   1.3579571e-01   9.1290255e-02  -4.5976008e-02   2.7152781e-02  -4.9326426e-02   5.1495355e-02   1.9209681e-01   1.8973975e-01   2.4406388e-01  -1.2977299e-01   2.0006660e-01  -5.6038068e-02  -2.8175682e-02   1.2994183e-01   5.2963712e-01   1.7545879e-01   1.2454530e-02   3.0304665e-02   4.7448272e-02  -2.5185963e-01   5.0548069e-01  -4.0976596e-02   1.3896041e-01   8.7417005e-02   2.1558860e-01   2.2676424e-02  -1.6275123e-01  -8.4207873e-02  -3.9687409e-02  -6.0578290e-02   1.8671729e-01  -7.4258705e-02   1.7501688e-03   2.4203969e-01   6.1426148e-02   1.3672106e-01  -4.6568738e-02  -1.3985986e-03  -1.3628893e-01   3.6762510e-01   6.2339778e-01  -1.1746398e-01   2.0070180e-02   2.6620857e-01   9.7987274e-02   1.7434203e-01   3.2469791e-01  -5.6777118e-02   3.6508011e-01   2.0384557e-02   1.1401227e-01  -7.5700175e-02  -3.2919760e-02  -6.7121912e-02   1.3578747e-01   3.8048343e-01   1.3479272e-01   3.4509621e-01   2.1253682e-01  -1.2056033e-01   2.7068267e-01  -2.1395981e-01   4.5093223e-02   5.6943872e-02   1.7236728e-01  -2.7699241e-02  -1.1791562e-01  -3.7691475e-02   7.0820834e-02   1.1194213e-01   2.6884059e-02  -2.1026850e-01   3.7323732e-01  -2.1128506e-02   2.8719591e-01   2.1554518e-02   2.2592705e-01  -2.0462104e-02  -9.3242894e-02  -1.2237797e-01   8.5599852e-02   6.6492180e-02   2.0583328e-02  -1.1827447e-01  -2.6425109e-03   1.2485523e-02   1.9909914e-01   1.5895223e-01   3.8506440e-01  -1.1722984e-01   2.2833259e-01  -1.4325054e-01   7.4297525e-02   3.2157006e-01   4.5201674e-01   4.0729818e-03   3.8717765e-01  -6.6607987e-02   1.4798046e-01  -1.2010791e-03   1.6597456e-01   5.5366877e-02  -7.1675830e-02  -1.6531149e-01  -2.2071563e-01   5.3751240e-03  -7.3604312e-02   8.8021711e-02   1.7040807e-01   4.1986090e-03  -1.3636214e-02   2.0824499e-02  -7.4288825e-02  -5.2087735e-02   1.3581512e-01   1.6098091e-01  -1.7177470e-02   2.7746075e-01   1.2906126e-01  -5.4737833e-02   1.2627792e-01  -1.2719078e-01  -1.9271677e-01   6.5435830e-02   2.7176205e-01   1.9306692e-01  -6.6123041e-02   2.1593734e-01  -1.3532481e-01   1.1931782e-01   1.1110723e-02  -8.9769898e-03   2.0444476e-01   8.1151051e-02  -2.0740306e-01  -2.0375470e-01   1.4458226e-02   3.4275213e-01   2.6869650e-01  -3.8358677e-02   6.9759100e-02   7.0392900e-02  -2.6810421e-01  -8.2690525e-02  -3.4037265e-02   7.6165333e-03  -3.1617162e-02   9.1253518e-02   2.4643426e-01   2.4380554e-02  -9.4211057e-02   5.1819210e-02   6.0137885e-02   3.7147924e-01  -1.1121179e-01  -6.1112400e-02   1.5172316e-01   1.5237686e-01  -2.3848254e-01  -6.1511512e-02  -6.7100362e-02   2.4269528e-02   2.7176529e-02  -2.6354762e-03  -5.4936325e-02   3.6342959e-01
  -2.5192462e-01   3.0236825e-01   1.4145942e-02   1.6831623e-01   3.6715873e-01  -3.8128909e-02   3.3264907e-01  -4.1165575e-02   0.0000000e+00   1.1311010e-01  -1.9562310e-01   1.8679853e-01   9.7976510e-02  -3.6169733e-01  -5.5431950e-02  -4.9048733e-02   4.7920574e-05   4.6093254e-02   1.1160663e-04   1.7765281e-01   4.0910039e-01   8.1637583e-02   1.9230353e-01  -3.6297899e-01  -2.6628596e-02  -8.1186582e-02   2.6488887e-01  -2.1957675e-01   1.7509168e-02   1.2931859e-01   1.2995083e-01  -6.7450363e-02  -5.9487400e-02   1.4102960e-01   1.1195981e-01   1.4921571e-01   1.8791436e-01  -9.3765166e-02   5.1558352e-02   3.0378128e-01   9.0857247e-02  -4.7635934e-02   2.9219713e-01  -2.9257245e-01   2.5485761e-01  -2.1476385e-02  -1.0916824e-01   3.2707674e-01   3.9676278e-01   1.2651058e-01  -7.5210239e-02   1.2935192e-01   4.0131950e-01   7.8274352e-04  -2.7187654e-02  -3.0745364e-01  -2.4755829e-01   1.1627186e-02  -4.7154732e-02   2.4128988e-01  -1.5940028e-02   3.7796606e-02   3.6114641e-01   2.1324838e-01   2.8505309e-01   1.9724106e-01   1.0755592e-01   2.1766885e-01  -1.0319460e-01  -1.2046218e-02   4.6897381e-01  -1.9509944e-02   2.0762721e-01  -4.0216989e-01   3.3664346e-02  -6.2859674e-02  -1.7448914e-02  -2.6182856e-01   2.0366562e-01  -6.8268992e-02  -2.1832429e-01   2.6920857e-01   1.7857898e-01  -2.5016537e-01  -1.7501925e-01  -1.1878811e-01   1.4238543e-02  -2.3308513e-01   1.7876099e-01  -2.3424350e-01   4.1480694e-01   9.6948836e-03   1.8959783e-01   5.7880763e-01  -2.9890888e-02   9.2843910e-02   4.6203003e-02   1.0900115e-01   7.1901850e-02  -1.7433460e-02  -1.2763305e-01  -9.9103834e-02  -3.4372504e-01   3.1688089e-01  -1.4629403e-02   6.8345883e-04   1.0928274e-03   5.5664044e-02   5.6578190e-02  -4.7972838e-02   6.2048824e-02  -1.7303739e-01   2.2323151e-01  -1.4435670e-01  -1.6381278e-01   4.3627960e-01  -2.9718277e-01   1.9871639e-01  -3.4531774e-01   6.8159359e-02  -1.7559903e-01   1.8714618e-01   7.0120243e-02   2.9301039e-01  -1.5891341e-01  -4.7591024e-01   8.9792705e-02  -3.3561343e-02   4.8117079e-02   3.4259297e-02   1.6584000e-01   2.3946738e-01  -2.0532676e-01   5.2640160e-02   5.0447110e-01  -5.6783359e-02   3.7558086e-02   1.0355840e-01  -8.3953063e-03  -2.1027209e-01   6.0734376e-02  -3.4851536e-03  -1.0943847e-01   2.7412347e-02  -2.2916817e-01   1.0109806e-01   3.0471661e-01   2.7974511e-01   5.1725043e-02   1.0618595e-01  -9.6165754e-02  -3.2217549e-01  -7.4165499e-02  -9.0119909e-02   2.4855260e-01  -1.6910734e-01  -1.6572884e-01   1.3171609e-03   5.3627063e-02  -1.5429276e-01   2.9159459e-01  -1.9490104e-01   3.4148950e-01  -1.7007026e-01   7.8421800e-02   1.8754787e-01  -1.8025190e-02   1.4301375e-01  -2.1279618e-01   2.3455401e-01   3.1599109e-01  -2.1380225e-01  -1.4120874e-02   1.8898950e-01  -1.5712976e-01   2.5538290e-01   2.0904682e-01
   7.5913803e-02  -1.5748344e-01   1.4133806e-01   1.5982460e-01  -5.6341742e-02   3.9611924e-01   3.2293656e-01   3.5287548e-01   1.1311010e-01   0.0000000e+00   1.2417117e-01   1.0668255e-02   2.8330783e-03  -1.1479685e-01   4.2388986e-02  -2.0020159e-01   3.0835036e-02   3.5490874e-01  -9.5280909e-03   4.2583491e-01   8.1220671e-02   2.0913987e-01   1.6292058e-01  -9.2422663e-02   8.2191772e-02   2.4651880e-01   2.1007246e-01   3.6912084e-02  -2.7259940e-01   6.8401993e-02  -2.4452093e-01   2.3256877e-01  -9.0601479e-02   1.3661819e-01  -1.2678788e-01   4.3151306e-01   3.0382993e-01  -1.1413995e-01  -3.6251690e-01  -3.5886448e-02   1.7303186e-02   1.2497313e-01  -1.5841330e-02   7.4454680e-02   1.9435595e-01   3.0012774e-01   8.8435670e-02   1.3894224e-01  -1.6317887e-01  -2.0996580e-01   3.9819069e-01   1.7421310e-01  -3.5101112e-02  -1.4408006e-01   1.3493625e-01   8.2221428e-02   1.5762430e-02   2.9346238e-01   1.3118361e-01   1.2436029e-01   4.9409347e-03   9.4477975e-02  -1.8935506e-01  -1.6495197e-01  -8.5298141e-02   5.5431030e-01   1.5693410e-01   4.4490405e-02  -2.7351146e-02   3.2426058e-01  -9.8389378e-02   3.2558640e-01  -1.4420554e-01  -1.4661548e-01  -1.8485496e-01   1.7703403e-02  -8.8523184e-02  -1.4060673e-01  -5.4788684e-02  -2.8622492e-01   4.9754624e-02   3.9433372e-02   9.0769951e-02  -3.0147285e-03  -1.3252312e-01   6.9782198e-02  -2.2866752e-01  -4.9446209e-02  -1.5158115e-01  -7.0029227e-02  -2.0279054e-01  -8.0897490e-03   5.3416307e-01  -6.1364104e-02  -5.8721610e-02  -4.8643573e-02   4.3727531e-02   3.5429454e-01   8.0082311e-02   7.1723144e-01  -1.5052113e-01   1.4148532e-01   1.6612458e-02  -3.9073885e-02   1.7395477e-01   3.9325239e-01  -2.7462436e-01   3.0597457e-01  -1.9556409e-01   2.9162615e-01   3.4502302e-01   1.2749902e-01   5.1500114e-03   8.4942521e-02  -1.5617158e-01  -1.5272496e-01  -1.2168267e-01  -1.1752146e-01   6.1422956e-02   1.1699057e-01   7.8262718e-02  -3.7817419e-02  -2.1418474e-01  -8.2909210e-03   8.3661120e-02  -1.6558419e-01   8.2692480e-02  -1.8517125e-01   3.2567091e-01   7.1765940e-02  -2.6367984e-01   3.2703074e-01   9.8968604e-03  -5.7939922e-02   1.4504427e-01  -1.8752492e-01  -1.0451109e-01  -9.5668457e-02  -1.5246635e-01   1.7874361e-01   1.1657590e-01  -4.8512253e-02  -9.0476159e-02   3.2439637e-01   1.6594353e-02  -3.4436740e-02  -8.2980904e-02   1.8267969e-01   5.0422879e-01   4.3545848e-01  -7.5043824e-02   4.8931182e-02  -6.4124629e-02   1.4729697e-01  -1.5113161e-01   6.1663948e-02   1.3351384e-01   4.3201317e-02   3.3741356e-02   1.6647787e-01   3.6976037e-02  -6.4360458e-02   5.3772969e-01   1.3911292e-01   1.7878482e-01  -1.0275639e-01   6.8011229e-02  -6.4257304e-02   1.7160066e-01  -1.4429233e-01  -6.6345262e-02   1.2707017e-01   2.0278166e-01  -7.0196133e-04  -1.8748129e-01  -1.4308196e-01   3.3024778e-01
  -1.3481959e-01  -4.1853299e-01  -2.4102254e-01   2.2983726e-01  -2.3165940e-01   2.7075596e-01   1.6351520e-01   1.2425208e-01  -1.9562310e-01   1.2417117e-01   0.0000000e+00  -2.5884017e-01   2.3519183e-01  -1.4210097e-01   2.2379357e-02  -7.6909046e-02  -3.6498160e-01   4.1434869e-01   6.7827658e-02   5.7244301e-02  -2.2097155e-01   2.3065157e-01  -1.0774458e-01  -1.7645269e-01   1.9350550e-01   1.5807530e-01  -1.6539171e-01   2.3822663e-01  -1.1103297e-01   4.0168895e-01  -1.8781471e-02   1.9406718e-01  -6.1325539e-02  -5.7746448e-02   1.1088844e-01   5.7963458e-01  -1.7168601e-01  -1.2358237e-01  -2.3338392e-01  -5.2668955e-01   1.2721637e-01   1.8913630e-01  -3.8732862e-01   3.6679047e-01  -4.2688682e-02   9.6651100e-02   7.6432199e-01   2.0084301e-01  -4.0791282e-01  -5.0478425e-01   4.8089569e-01   2.0962170e-01  -3.7704275e-01  -1.1813234e-01  -1.7571617e-01   5.9959171e-01   3.3103107e-01   3.1015284e-01   2.3662234e-01   5.9246365e-02   1.5295738e-01   7.7913448e-02  -1.7953172e-01  -7.8079974e-02  -3.4801315e-01   4.1831709e-02   1.4823471e-02   2.1867851e-01   5.2597640e-01   4.5735675e-02  -6.4301020e-01   5.2690142e-01  -8.1992812e-02  -4.0490652e-02  -9.7293924e-02   3.3836602e-01  -2.2921494e-02   2.6161138e-01  -5.1816311e-01   4.2883719e-02   2.5098058e-01  -1.4957981e-01   1.0067405e-01   1.0497280e-01  -2.3615049e-01   3.1415498e-01  -1.7101737e-02  -7.7716643e-02  -4.6036930e-02  -9.7137395e-02  -5.3006650e-01  -7.6801695e-02   1.6163251e-01  -2.3893317e-01  -2.1035609e-01  -3.7537572e-01   3.2442598e-01   1.4264844e-01   2.4230995e-01   1.6811065e-01   1.0725163e-03   8.8640813e-02   1.2997378e-01   3.9115134e-02   4.0283784e-01   1.3985961e-01  -2.1688111e-01   2.6583857e-01  -2.9773806e-01   6.5752734e-01   5.4761131e-02   4.4384693e-01   3.9686895e-01  -1.4456312e-01   1.6854953e-01  -3.7666751e-01   3.6342443e-01  -1.5918122e-02   3.4445737e-01   4.2427836e-01   2.1156166e-01  -2.8166631e-01  -3.9028842e-01   4.6308246e-02   6.9853378e-03  -6.1140773e-02  -5.0401806e-02  -2.9829689e-02   3.9721360e-01  -2.2453454e-01  -5.2920745e-03   4.3904891e-01  -5.3033469e-02   1.5654875e-01   2.9836958e-02   1.6890519e-01  -2.8118874e-02  -1.2003917e-01   1.9581361e-01   1.3954836e-01  -1.7140708e-01   1.2467322e-01   3.3618168e-01   1.4999171e-01   3.4126193e-01   3.2468032e-01  -5.2072699e-01   1.8068777e-01   5.5857474e-01  -6.3212136e-02   3.2282302e-02   3.2480842e-02   1.7829437e-01   5.4471978e-01  -5.4564619e-01   4.2376782e-02   1.9179189e-01   1.0516464e-01   9.0694789e-02   3.2448373e-01   1.9285598e-01   4.9402146e-01  -1.1418300e-01   4.6170979e-01   2.3311378e-01  -3.3997025e-01   5.0215917e-01  -2.7397842e-01   8.6606497e-02  -3.1207979e-01  -4.8270734e-01  -9.4886221e-03   4.0965449e-01  -2.7387671e-01  -9.2342707e-02  -1.5697859e-01   8.3775631e-02
  -2.1192244e-01   5.8313668e-01   2.6444363e-01  -2.0456925e-01   3.4597325e-01   1.1566165e-01  -1.8588886e-01   1.3579571e-01   1.8679853e-01   1.0668255e-02  -2.5884017e-01   0.0000000e+00   8.7338867e-02  -3.4298813e-01  -3.8608601e-01   2.1750307e-01   2.1406974e-01   1.6218206e-01   3.4912233e-01   1.1208255e-01  -1.9692473e-01  -2.9749855e-01  -3.6147211e-01  -3.2104220e-01   1.8446376e-01   6.6658156e-02  -1.4283100e-01  -4.6636415e-01   3.2442316e-01   2.1511214e-01  -2.6688120e-01   1.0163058e-01  -1.3009186e-01   3.4832755e-01   5.3257188e-01  -1.0917394e-01  -6.6166244e-02  -7.1567744e-04   2.6874111e-01   1.3037265e-01   1.7460068e-01  -1.6067406e-01   2.9345540e-01  -2.4183786e-01   6.2864936e-01  -1.9661173e-01   1.4725656e-02   1.2161660e-01   1.4766047e-01   3.2287614e-01   9.4535510e-02   1.6158769e-01   2.5619284e-01   1.4224816e-02   1.3795446e-01  -9.0017548e-02   2.3733387e-01  -2.1251330e-01   3.2545315e-01   4.3272447e-01  -2.0338603e-01   1.9271432e-01   4.3324286e-01   3.6651466e-01   4.1633775e-01   5.0627494e-02   3.2764998e-01  -4.0354541e-02  -1.3477971e-01  -1.2738667e-01   2.0591075e-01  -2.6188742e-01   1.5862284e-01   1.9775066e-02   8.3877460e-02  -1.4392532e-01  -7.2357222e-02   8.8748717e-02   6.1166619e-01   1.4818281e-01  -5.4666420e-01   2.5914854e-01  -8.4556549e-02  -1.4531625e-01   2.8849742e-01   4.6402178e-03  -3.9056246e-02   7.7311609e-03   1.5800025e-01  -1.2506177e-01   4.0503871e-01   6.0975961e-02  -9.1752403e-02   3.1221510e-01  -5.6125121e-02   4.2626256e-01  -8.5229980e-03   1.8508198e-01   2.1974321e-01  -1.1597187e-01  -1.0499449e-01   1.3592696e-01  -4.0834547e-01   2.6808843e-01   1.3922245e-01  -8.1275212e-02   9.4210494e-02   1.2579557e-01  -1.7936071e-01  -1.0151426e-01   4.1126805e-02  -8.9402293e-02  -2.3387324e-01  -2.5645968e-01  -2.2005702e-01   2.9564253e-01  -1.5022248e-01   2.2679375e-01  -4.0166607e-01  -3.0163820e-01  -1.4813517e-01   5.7905096e-01   5.7973032e-01   3.2725615e-01  -4.8834562e-02   3.1734708e-03   7.5935820e-01   7.0444064e-02  -3.0398232e-01  -5.2886768e-02   1.4433408e-02  -2.3870774e-01  -1.4531688e-01  -3.5649904e-01   1.1453691e-01  -6.2411548e-02   1.4061059e-01  -1.9521173e-01  -2.1327885e-02  -1.8513326e-01  -2.7179742e-02  -2.0477921e-02   2.4780857e-01   1.8934245e-02  -1.1004854e-02  -1.1151534e-01   1.8026334e-01   2.3577954e-01   9.2531412e-02  -4.8301001e-02  -7.5338890e-02  -4.2033658e-01  -2.3353166e-02  -3.5470956e-01   4.1543819e-01  -1.0894973e-01  -1.9849452e-01   4.4191206e-01  -1.7149486e-01  -5.3396670e-01   1.1713430e-01   1.7672737e-02   2.0951801e-02  -2.9545023e-02  -8.6132803e-02   6.1177002e-01  -3.7498373e-01  -1.9683682e-02  -6.1449439e-03   6.1508405e-02   4.1464527e-01  -1.1050776e-01   6.4840780e-02   5.4026926e-01   1.7476583e-01   2.7627682e-02  -1.6348055e-01
  -1.1332672e-01  -1.6193027e-02  -1.7413999e-01   2.4227142e-01   3.4764622e-02   2.7243809e-01   2.4311755e-01   9.1290255e-02   9.7976510e-02   2.8330783e-03   2.3519183e-01   8.7338867e-02   0.0000000e+00  -3.2552290e-01  -3.6068966e-02   8.2832855e-02  -2.6930564e-01   3.6950590e-01   9.2750061e-02   1.7326219e-01   1.1454376e-01  -4.5661586e-02  -9.3511190e-02  -1.5631486e-01  -6.3468155e-02   1.0804917e-01   5.3567173e-02  -9.8470703e-02   2.2155950e-03   2.3998795e-01  -2.1384692e-02   2.4123107e-01  -1.5227520e-02   5.6742883e-02   2.9087698e-01   3.8837678e-01  -6.7172070e-02  -3.6759712e-01   9.8997902e-02  -2.4543105e-01   7.6274484e-01  -8.8044613e-02  -2.2093408e-01  -9.7352016e-02   2.9932896e-01   1.9380302e-02   3.4125486e-01   3.1458006e-01   6.4867701e-02  -3.8013848e-01   3.5625812e-01   3.4216468e-01  -2.6419328e-02  -2.3048962e-01  -3.1818636e-02   4.2256342e-03   8.5907740e-02   2.0212007e-01   3.8486952e-01   2.9488487e-01  -2.3826060e-01   2.1607249e-01  -5.0256681e-02   1.6621986e-01   1.0088276e-01   1.1008316e-01   1.7942154e-01   1.8765172e-02   2.2778654e-01   2.0830809e-01  -2.6128495e-01   3.5619421e-01   3.8759527e-01  -2.6114213e-02   9.7893170e-02  -3.7072039e-02  -2.2750350e-01  -1.5759500e-01  -7.5348003e-02   5.9248003e-02   4.4246864e-02   3.4487389e-01  -3.4740571e-02  -6.2997479e-02  -3.7042619e-01   2.4403111e-02   1.6087910e-02  -5.0479633e-02   2.5759637e-02  -1.3746093e-01  -1.5630008e-01  -1.6715067e-01  -2.3147278e-01   1.0591354e-01  -3.8984780e-01  -8.7887233e-02   1.9532415e-01   1.4211744e-01   3.2458919e-01   2.4965921e-01  -2.2400534e-01   2.1502404e-02  -1.8757583e-01   2.2638235e-01   3.1998273e-01   1.0772090e-01  -2.3595538e-01   1.8653829e-01  -2.5981724e-01   2.1281539e-01  -1.7819337e-01   2.1663840e-01   3.0509665e-01  -1.0959675e-01  -3.0665058e-02  -7.5733508e-02   1.4129256e-01   6.2677272e-01  -9.9820492e-02   3.2420269e-01  -1.6714809e-02   8.6153380e-02  -8.3969875e-02   2.6067449e-01  -2.9742349e-02  -2.1923784e-02   1.9610666e-01  -1.9632069e-02   2.8086417e-02   2.5438704e-02   5.0477837e-01   3.4092012e-01  -2.2631853e-01   1.3886348e-02   6.8514363e-02   8.9892227e-02  -1.0191012e-01   1.1419673e-01   2.2942708e-01  -1.8136565e-01  -5.0950205e-02   5.1673703e-01   4.7193320e-02   1.5442796e-01   1.6678213e-01   1.3605269e-01  -3.2586268e-01   2.7448654e-01   2.3241197e-01   2.7268485e-01  -6.1634932e-02  -1.8219034e-01   2.4242331e-02   9.8702535e-02  -1.8117477e-01  -6.5593578e-02  -1.8015933e-01   3.8154649e-01  -1.7080132e-01   1.7279966e-01   1.0215721e-02   8.9765379e-03   1.4696813e-02   2.9796043e-01   1.9134455e-01   1.0165679e-01   1.9553341e-01  -1.6917736e-02  -2.8226523e-01  -3.5444841e-01  -1.2169134e-01  -2.8619620e-01   2.9526524e-01  -4.5106973e-02  -5.9436203e-02  -3.9709181e-02   1.5471612e-01
   3.7735579e-01  -2.5718223e-01  -2.0748388e-01  -2.2101650e-01  -1.9191026e-01  -2.2531590e-01  -4.0792262e-01  -4.5976008e-02  -3.6169733e-01  -1.1479685e-01  -1.4210097e-01  -3.4298813e-01  -3.2552290e-01   0.0000000e+00  -3.3552877e-02  -2.3064677e-01   6.1792506e-02  -2.9365929e-01   1.2179593e-02  -1.7489546e-01  -1.8186170e-01   9.5396759e-02  -1.2994801e-01   4.9538004e-01  -1.6853592e-01   1.1853040e-01  -1.9097096e-01   4.2579294e-01  -3.8343293e-03  -2.0324541e-01  -8.7942744e-02  -1.1675373e-01  -1.2807889e-01  -2.3973235e-01  -2.3705413e-01  -3.5607019e-01   7.7592632e-03   2.3692638e-01  -4.9977917e-02  -4.2530931e-02  -1.5607590e-01  -1.4534406e-01   5.2229987e-04   5.0570264e-01  -3.0465533e-01  -1.9834887e-02  -1.6608074e-01  -3.1720730e-01  -9.4186461e-02   6.7407294e-02  -2.0655177e-01  -2.7062081e-01  -1.3536397e-01  -5.6114583e-02   8.1893712e-02   1.0577110e-01   3.7178562e-02  -1.9676778e-02  -1.3424965e-01  -3.7962733e-01   8.0873071e-02  -1.0149804e-01  -1.9414425e-01  -2.3247793e-01  -1.2574718e-01  -3.5579119e-01  -1.4301205e-01  -2.7961604e-01   2.5413525e-02  -3.4205184e-01  -2.2696648e-02  -8.2943929e-02  -7.3057424e-02   2.0562483e-01  -3.5702450e-02  -8.1946480e-04   6.0309069e-02   1.4569885e-01  -1.3608265e-01   1.1060459e-01   2.0796226e-01  -1.4393110e-01  -4.2263500e-02   4.4527842e-01   3.2834078e-01  -6.8809818e-02   4.9041375e-01   3.3024714e-01  -1.7391372e-01   3.5544874e-01  -7.0065775e-02  -2.1420986e-01   5.5739697e-02  -3.1467437e-01   1.9056753e-01   4.3298553e-02  -8.1391173e-02  -3.0549502e-02  -1.5633863e-01  -4.2889734e-02   1.9205859e-01  -1.8210257e-01   6.3573486e-01  -2.3167072e-01  -2.3085007e-01  -7.1861252e-02  -4.2057364e-02   5.2181322e-02   2.9477856e-01   5.6408936e-02  -1.8804384e-01  -4.8528367e-02  -2.1822456e-01   3.2690541e-01  -3.4499473e-02  -8.5971887e-02   2.7736535e-02  -2.9558173e-01   5.3131707e-01  -2.2093475e-01   4.9829857e-02  -1.9327275e-01  -1.5703781e-01  -2.5062331e-01   1.0659639e-01   5.7210198e-01  -2.3803762e-01  -8.1274847e-02   8.9978271e-02  -2.5427254e-01  -2.2910088e-01  -4.0396053e-01   2.1005323e-01   4.0775281e-02  -1.9146115e-01  -8.5578050e-02  -7.3681096e-02  -1.4283456e-01  -1.2228668e-01   6.7953958e-03   2.8046371e-01  -2.8570471e-01  -3.4232128e-02  -1.9206784e-01  -1.4577131e-01   3.3394210e-02  -8.6930640e-02  -4.6457944e-01  -2.0406480e-01   2.1526378e-03   1.4677243e-01   6.3201854e-01   3.7269603e-04  -9.1555278e-02  -1.9145565e-01   1.7782675e-01   1.0665595e-01  -2.3992965e-01  -3.8761496e-02   2.1212047e-01  -3.3802492e-01   8.3639229e-02  -1.3581761e-01   4.8640781e-02  -3.0277478e-01  -2.2953454e-01  -2.1243558e-01   1.5007116e-01   1.7262518e-01   1.0287058e-01  -6.1883886e-02   3.9306983e-02  -1.4423682e-01  -1.7600435e-01  -8.1983810e-02  -2.0844729e-01  -2.5774025e-01
