   0.0000000e+00  -5.5357843e-01   1.2298569e-01   4.3299739e-01  -3.4920297e-01   4.5320887e-02   1.0098620e-01   1.4341910e-01  -2.0664050e-01  -1.2371058e-01   1.0523796e-01  -3.6708767e-01   1.2083147e-01   4.4600647e-03   1.3187539e-01  -8.4753957e-02  -1.0883178e-01  -1.5719125e-01   1.6064732e-02  -2.0819957e-01   2.0494260e-02   3.5364318e-01   2.5952149e-01   6.0044493e-01   1.2889249e-01   2.7177576e-01  -3.0603682e-01   4.0024811e-01  -7.4900421e-02   3.2015241e-01  -3.5920155e-01   1.5273892e-01  -2.6053573e-01  -2.2694445e-01  -3.6773691e-01  -2.2443612e-01  -2.1340477e-01   1.0605235e-01  -2.1368270e-01  -3.6305235e-01   1.9997417e-01   5.4339951e-02  -1.6402967e-02   1.2604429e-02   1.3289452e-02   4.6518250e-01   9.7854477e-02  -1.6863097e-01  -3.4825937e-02  -2.1207182e-01   2.2300173e-01   1.0239312e-01  -4.1121274e-01   6.1315427e-02   3.2445094e-01   1.4686915e-01   2.6628272e-01   2.8596334e-01   4.7277423e-01  -6.4788515e-02   3.3273938e-01   2.9410525e-01  -1.5928940e-01  -4.2190115e-01  -7.0643702e-02  -1.4358701e-01   2.4303037e-01  -1.8053443e-01   4.5393151e-01   8.4390468e-02  -6.0691964e-01   1.3200918e-01  -2.0073168e-01   3.6907363e-01  -2.4001473e-01   2.5700138e-01   2.8697276e-01   4.9189301e-03  -3.0489937e-01   1.5337098e-01   2.7180582e-01  -2.1203631e-01  -3.5217934e-01   4.1311048e-01   4.5389435e-01   3.4256886e-01  -3.7465275e-01   4.3853455e-01  -3.2263286e-01   6.8232869e-01  -3.4170039e-01   2.3085088e-01  -1.8263749e-01  -2.8350980e-02   2.8749052e-01  -9.6043634e-02   4.7334284e-01   1.6999203e-01  -4.4000390e-02   1.0589818e-01  -2.6714110e-01  -2.0442236e-01   2.2144310e-01  -2.5450308e-01   2.1832722e-01   2.3589178e-01   4.4513050e-02   2.5655073e-01   1.9958449e-02  -1.7726519e-02  -3.1647988e-01   2.9788712e-01  -2.2572276e-02   7.2557184e-01   1.8661187e-01  -2.7531103e-01   2.8535952e-01  -2.0500984e-01   2.1210881e-01   3.3212355e-01   5.4865744e-01  -2.0696453e-01  -2.9045438e-01  -4.3628405e-01   5.1819438e-01   2.5106969e-01  -2.2038139e-02  -2.3925749e-01   3.4069159e-01  -2.7444926e-01  -1.1552972e-01  -3.0567905e-01  -1.1017788e-01  -3.2976565e-01   3.0773739e-01   4.2330347e-01  -4.4996015e-02   8.4834972e-02   4.2122927e-01   3.4788662e-01   5.5429871e-01   1.0516271e-01   3.1109681e-01  -1.0104918e-01  -4.4767713e-02   4.7034142e-03  -3.6845931e-01  -4.7827045e-01   2.1285142e-02   1.8258692e-01   5.3557764e-01   8.7364823e-02   3.9386109e-01  -4.3290974e-01  -3.5030019e-01   4.7108494e-01   4.2443605e-01   3.9892106e-01   1.4365981e-01   1.9802752e-01   5.5836331e-03   2.9662452e-01  -3.3935911e-01   2.7752270e-01   2.5619178e-01  -3.0172936e-01  -1.8754848e-01   4.6224582e-01   3.7105317e-01  -3.6073096e-01  -2.2397209e-01  -1.1002084e-01  -9.4893055e-02   2.7782680e-01   1.3884620e-02  -2.7620155e-01   2.5639456e-01
  -5.5357843e-01   0.0000000e+00  -2.8305019e-02  -2.2778880e-01   3.0524351e-01  -2.8554431e-02  -1.8857279e-01  -1.9770337e-01   4.0399345e-01  -4.7852500e-02  -1.9344318e-01   5.0007075e-01  -9.8517927e-02  -2.4013661e-03  -1.2021063e-01   8.9900567e-02   1.4468095e-01   1.0155056e-01  -1.4626641e-01   1.7850208e-01  -1.3369269e-01  -3.0338544e-01  -5.3264763e-01  -2.9579421e-01  -2.1216358e-01  -3.5870935e-01   1.9960923e-01  -4.3838976e-01   4.7625504e-02  -1.4221159e-01   3.3438252e-01  -1.1223390e-01   2.2101541e-01   8.2094383e-02   2.5468253e-01   5.7978994e-02   1.6807988e-01   2.5105569e-02   1.7620236e-01   2.0262585e-01  -4.0977008e-02  -1.1134353e-02   2.0875087e-01   2.0008080e-02   1.5331534e-02  -2.2647662e-01  -9.4442004e-02   2.7210140e-01   2.3633898e-01   5.7043054e-02  -1.4530368e-01  -6.6678948e-02   5.0415319e-01   2.6404119e-02  -2.0114109e-01  -2.8250947e-01  -8.3446498e-02  -3.0674174e-01  -2.7062350e-01   1.3474852e-01  -1.9322697e-01  -2.5965727e-01   3.2967575e-01   5.8075734e-01   3.0146370e-01  -4.3726086e-02  -9.1352142e-02   4.6876316e-03  -3.9216129e-01  -7.5348320e-02   5.4110900e-01  -2.1615670e-01   3.7901350e-02  -1.8174591e-01   2.9156113e-01  -3.0323721e-01  -8.0461699e-02  -8.5881013e-02   3.7312372e-01   3.9367301e-02  -4.0749167e-01   1.6463934e-01   2.0547154e-01  -2.5129714e-01   2.6505749e-02  -4.4895936e-01   4.2216563e-01  -2.3143617e-01   6.0171884e-01  -4.0259404e-01   3.3770598e-01  -1.0971967e-01   8.9473956e-02   1.4494122e-01  -1.3494105e-01  -2.5185638e-02  -2.0385639e-01  -2.2391866e-01   6.2345985e-02  -3.3734719e-01   1.6788919e-01   1.7267447e-01  -3.1549869e-01   6.1972825e-01  -2.6759568e-01  -1.4225081e-01   8.4299699e-02  -1.2463963e-01  -3.5100125e-02  -1.0380261e-01   7.6921812e-02  -3.2482333e-01  -5.5184681e-02  -5.1703379e-01  -2.5173502e-01   3.7778497e-01  -2.7746615e-01   6.2838700e-02  -1.8076676e-01  -3.3325966e-01  -3.4533058e-01   1.6397982e-01   3.9402007e-01   6.0248346e-01  -2.2855170e-01  -2.3654418e-01   1.3622743e-01   2.0769881e-01  -3.3498586e-01   2.9943920e-01   8.3897609e-02   1.2776314e-01   5.5550550e-01   2.5370155e-01  -2.4732092e-01  -3.4048968e-01   9.4360553e-02  -1.2206186e-01  -2.7213516e-01  -3.2104690e-01  -3.5369597e-01  -1.0137417e-01  -2.5560947e-01   9.6070758e-02   1.3442077e-02   2.3755081e-01   2.7124908e-01   4.1930108e-01  -1.9861896e-01  -2.3625418e-01  -2.4807922e-01  -2.1678860e-01  -1.8773390e-01   4.9531112e-01   4.6384672e-01  -2.6734209e-01  -3.4904370e-01  -3.2034621e-01  -3.4208916e-02  -3.1499878e-01   9.7680930e-03  -2.7324188e-01   1.1236184e-01  -2.0516076e-01  -2.4810730e-01   2.9849925e-01   1.3793713e-01  -2.7092317e-01  -5.6333677e-02   2.8294246e-01   3.2715276e-01   1.6817205e-01  -3.9274064e-03   4.7110413e-02   4.0924216e-03   1.7405831e-01  -2.0116435e-01
   1.2298569e-01  -2.8305019e-02   0.0000000e+00   1.3227905e-01   4.5430141e-02   4.9477761e-01   4.1371756e-02  -7.0531294e-03  -8.5938671e-02   1.1224591e-01  -2.2226446e-01   2.6167638e-01  -1.5122053e-03  -5.1096734e-02   1.0287977e-01   5.0985058e-03   6.8455692e-01  -3.2419599e-01   2.7049850e-02   1.4839055e-01  -3.3099931e-01  -9.0265941e-02  -4.5722761e-02  -1.8800467e-01   5.7681483e-02  -9.8521854e-02   1.8429324e-01   2.4614546e-01   4.7461852e-02   3.8870918e-02  -3.3397387e-01  -8.3416376e-02   4.4890757e-02   1.9373898e-02  -2.8599473e-01   8.1607750e-02  -2.4325486e-01  -1.1567005e-01  -1.5472585e-01   6.5597595e-02   2.8830369e-02   3.0516214e-01   2.4822624e-01   2.4915096e-01   5.6767903e-02   1.1456729e-01  -4.1920341e-02  -2.0172765e-01  -2.1048832e-01   5.1493635e-01  -1.0447791e-02  -7.8492207e-02  -3.1158591e-01   5.2401718e-01   1.6569559e-01   3.3966739e-01   2.3141058e-01  -4.2483957e-02   6.7703780e-03  -1.7380053e-01   3.0199723e-01   1.2375870e-01   8.1101551e-02  -3.4298515e-01  -4.1192465e-01   1.8069036e-02   2.7560871e-01   5.7651580e-02   9.9447215e-02   5.0766719e-01  -1.9828925e-01   1.0719849e-02  -3.4400369e-02   4.0511155e-01   1.1445947e-01  -6.0361011e-03   1.5363008e-01   1.2499271e-01  -8.6124747e-02  -6.0114889e-02   1.1109892e-01  -1.1694230e-01  -1.3232346e-01   1.3697564e-01   3.2929592e-01   6.5831146e-02  -2.5145775e-01   3.4423953e-01  -6.3882368e-02  -1.3046530e-01  -1.6303244e-01   5.4961766e-01   1.9287045e-01  -3.9331112e-02   2.8165893e-02   1.9009227e-01   1.8684914e-01  -2.4237633e-01  -1.2703792e-01  -2.1042175e-01  -7.3584785e-02  -1.4282900e-02   1.5179126e-01  -1.8804683e-01  -1.2327732e-01   1.2115999e-01   4.3812682e-01   1.5087291e-02  -1.8901275e-01   4.5479034e-02   2.0119817e-01  -5.7425214e-02   1.6596820e-01  -5.5667931e-02   3.0904893e-01  -1.4463069e-01   2.6275443e-01  -7.2559198e-02   2.0087748e-01  -4.2682580e-02   4.3960997e-02   1.3931900e-01   8.7206048e-02  -3.8758987e-01  -1.8936616e-01   3.0101323e-02  -5.9158635e-02  -1.3893434e-01  -5.9978986e-02   4.1673194e-01  -1.3331253e-01  -3.2285733e-01  -1.6929957e-01  -3.4219422e-01  -9.3308021e-02  -7.1726777e-03  -4.7367208e-02  -1.1158650e-01   1.1838953e-02   8.5826773e-03   1.0564334e-01   5.6355801e-02  -2.1178171e-02   4.3376889e-01  -1.5257213e-01  -1.6643215e-01   1.2886373e-01  -2.9917205e-01  -1.0293531e-01  -1.1518558e-01   5.3250564e-01   3.8946848e-02   5.6439342e-01  -1.4007881e-01   2.9345361e-01  -3.6622168e-01  -1.1620314e-02   5.5507890e-02   4.9266373e-01   2.8914578e-01   8.9222275e-02  -4.6538134e-03  -3.9095378e-01  -9.1535813e-02  -1.0831489e-02  -6.4875942e-02  -8.0452784e-02   2.4528981e-01   4.7087646e-01   1.6271805e-01   1.4235301e-03  -1.3800679e-01  -1.8439702e-01   5.2645828e-01  -8.7362724e-02   1.9566888e-01  -8.5513437e-02
   4.3299739e-01  -2.2778880e-01   1.3227905e-01   0.0000000e+00  -3.0236385e-01   2.6790809e-01   3.4807688e-01   2.6087409e-01   1.2503136e-01  -3.0813193e-01   3.5075639e-01  -2.5542266e-01   1.6655877e-01   4.4946601e-02  -1.7869906e-01  -4.3458059e-03  -1.5415511e-01  -5.1892598e-02   1.3491802e-01  -3.4513116e-01   7.9506050e-02   5.5851738e-01   1.3180742e-01   2.1988525e-01   1.1673209e-01   2.9579752e-01  -2.1891727e-01   3.3708904e-01  -6.1473358e-02   6.4996772e-01  -2.8075270e-01   5.5443014e-01  -3.3795480e-01  -1.0351727e-02  -3.8820380e-01  -2.3543730e-01  -2.1579281e-01  -7.0356831e-02  -1.5239840e-01  -5.1009022e-01   3.4371242e-01  -2.4026341e-01  -2.0992853e-01   2.9251206e-01  -8.1892544e-03   2.3051609e-01   2.4237433e-01   1.7764042e-01   1.0005308e-01  -3.1719406e-01   2.5669930e-01   1.3534776e-01  -3.0895977e-01  -1.5543489e-01   3.2575410e-01   2.3292714e-01   3.7352583e-01   5.3134075e-01   6.9989851e-01   1.3242473e-01   1.8699897e-01   8.6940468e-02  -2.1266982e-01  -2.4882995e-01   7.3357103e-02  -1.9002840e-01   5.3675122e-01  -2.0012404e-01   5.7626871e-01  -5.0439938e-02  -5.1171934e-01   4.7930415e-01  -2.6686005e-01   2.5953367e-01  -2.7239112e-01   3.0365701e-01  -4.5188611e-03   2.9146808e-01  -4.1119342e-01   2.4828366e-01   3.4256362e-01  -3.0579065e-01  -3.7082905e-01   4.6301678e-01   3.6470598e-01   4.7600063e-01  -2.3821560e-01   3.5897658e-01  -1.6278995e-01   3.7970586e-01  -4.3881023e-01   2.2377763e-01  -3.1605474e-01   3.8503323e-01   3.0598791e-02  -2.9885931e-01   2.6792579e-01   3.2419793e-01   2.6118714e-02   1.6280239e-01  -2.5864404e-01  -3.4117720e-01   3.4927850e-01  -1.1777444e-01   4.5573038e-01   4.6155627e-01  -1.8004196e-01   5.5093959e-01  -7.4192160e-03   2.4637431e-01  -3.5557888e-01   5.3008970e-01   3.1418316e-01   2.7607650e-01   5.3805924e-02  -4.1422688e-01   4.1120801e-01  -1.4487729e-01   3.4543994e-01   7.9911708e-01   2.6779699e-01  -3.5142883e-01  -1.4769818e-01  -3.9129444e-01   2.1434748e-01   3.5681069e-01  -4.9416848e-02  -3.1619488e-01   6.1177457e-01  -2.2826329e-01  -1.1179127e-01  -3.2468711e-01  -9.9810552e-02  -1.8057772e-01   5.1495031e-01   4.4708544e-01  -2.4148115e-01   1.4266478e-01   4.6268075e-01   1.4966051e-01   2.4223404e-01   1.8734080e-01   4.8285939e-01  -4.9983612e-02  -2.5563775e-01   1.9301308e-01  -4.6550581e-01  -2.5154477e-01   2.5265984e-01   3.8329543e-01   2.9562105e-01   2.3849627e-01   2.0540992e-01  -3.4319216e-01  -3.7622635e-01   1.5448777e-01   1.0592286e-01   5.2001057e-01  -4.2891312e-02   2.9084336e-01   1.1422499e-01   4.0988111e-01  -2.1095198e-01   5.5179589e-01   4.5122110e-01  -4.7049120e-01  -1.8959369e-01   5.4940640e-01   1.2278477e-01  -2.6261431e-01  -2.6479264e-01  -2.7213401e-01   1.6560439e-01   3.1585079e-01   6.6009358e-02  -3.1494751e-01   5.7728884e-01
  -3.4920297e-01   3.0524351e-01   4.5430141e-02  -3.0236385e-01   0.0000000e+00  -2.4091323e-01  -4.7508825e-01  -1.3789600e-01   3.6811889e-01  -8.5721134e-02  -3.1819447e-01   3.3841665e-01   1.3559345e-01  -5.5021048e-02   1.8843043e-02   6.5468978e-02   5.2353010e-01   7.1651581e-02  -2.3909676e-01   8.8312445e-01  -4.8946587e-01  -3.3306143e-01  -3.7162526e-01  -2.6200022e-01   1.1440351e-01  -3.5468252e-01   3.1983730e-01  -5.8937240e-01   1.7120958e-01  -4.8955653e-01   8.4774364e-02  -3.5579985e-01   4.5756551e-01   2.2826149e-01   2.8233274e-01   8.5530106e-01   4.8055471e-02  -1.2769836e-01   3.0598770e-01   5.5320839e-01   2.9783912e-02   3.8181228e-01   3.6854846e-01  -2.4294295e-01   3.2064135e-01  -4.2197641e-01   8.6541887e-02  -2.4798648e-01   1.8028716e-01   5.5655394e-01  -2.1835888e-01   2.8254268e-02   6.8842993e-01   3.8719216e-01  -3.7542413e-01  -2.8390939e-01  -3.4864107e-01  -4.4099028e-01  -3.6916826e-01   1.1686184e-01  -1.1765308e-01   8.0049675e-02   4.7687486e-01   2.1877116e-01   2.2155859e-01  -6.4927011e-02  -3.1229883e-01   1.3668726e-01  -3.1013413e-01  -2.8151080e-01   4.9298805e-01  -2.2748965e-01   2.8425503e-01   8.4641120e-02   4.7031819e-01  -9.4127852e-02  -2.0043533e-01  -1.3330596e-02   7.9750220e-01   9.5558060e-02  -5.9770947e-01   2.7550366e-01   9.2621931e-02  -2.8916203e-01  -1.0130132e-01  -4.4197191e-01   3.5444250e-01  -1.7520965e-01   3.0268976e-01  -3.4340783e-01   7.3422723e-01   4.1625942e-02   4.8882615e-01  -2.3118852e-01  -2.7759315e-01   6.9412684e-01  -1.0915136e-01  -2.7280593e-01   4.5086294e-01  -5.1149447e-01   2.0820819e-02   2.1128473e-01  -2.8442191e-01   3.9458302e-01  -5.2649204e-01  -9.3842222e-02   3.7794318e-01  -2.8254678e-01  -7.9538570e-02   1.8700594e-01   2.5147210e-01  -6.2293328e-01  -3.3461077e-03  -2.9386456e-01  -1.9072141e-01   7.7903740e-01  -3.2428666e-01   3.4189440e-01  -5.0120702e-01  -4.3866892e-01  -2.4507248e-01   8.1798605e-01   2.6721649e-01   3.9975779e-01  -2.7316697e-01  -4.0698960e-01   4.0898505e-01   4.2246193e-01  -5.7359294e-01   1.9020781e-01   1.1795216e-01   3.1748449e-01   3.1001830e-01   1.8886524e-01  -4.7985943e-01  -2.2059782e-01   4.2541558e-01  -5.4257839e-01  -2.4190131e-01  -2.0551547e-01  -2.8511261e-02   4.8563384e-02  -5.7037560e-01  -1.0800243e-01   6.1154419e-02  -7.3436416e-02   4.2342980e-01   6.5945905e-01  -3.9310909e-01  -5.5171433e-01  -2.6592591e-01  -3.4644254e-01   9.9753129e-02   5.5977918e-01   6.6375633e-01  -3.6687695e-01  -5.6799389e-01  -4.2459310e-01   2.7090005e-01  -2.6554022e-01   1.7864422e-01  -4.8567079e-01  -8.5807568e-02  -4.9115519e-01  -9.5341991e-02   6.3855785e-01   5.0753737e-01  -3.6337627e-01  -8.2161292e-02   5.8988186e-01   6.3466129e-01  -3.7816998e-02   6.9631964e-02  -9.7335433e-02   1.0983005e-01   3.3166698e-01  -2.1021919e-01
   4.5320887e-02  -2.8554431e-02   4.9477761e-01   2.6790809e-01  -2.4091323e-01   0.0000000e+00   6.6460862e-01   1.1331358e-01   3.3610897e-02   1.5271778e-01   8.2691711e-02   2.7737392e-01  -1.1398374e-02  -1.8125641e-01   1.5500305e-01   2.0179709e-02   8.8231968e-02  -8.6073678e-02  -6.1170141e-04  -1.5630126e-01  -3.1181735e-02   2.0001965e-01   1.1876590e-01  -3.4106931e-01  -1.8009920e-01   1.0494515e-01   1.8530133e-01   2.8365885e-01  -6.0119306e-02   3.1290255e-01  -2.5252220e-01   6.4411243e-02  -1.5694648e-01   1.7462416e-01  -1.7135792e-01  -1.1110320e-01  -2.2167546e-01  -1.4389769e-01  -2.0995964e-01  -2.3915107e-01   7.1633525e-02  -1.7151744e-02   9.7879766e-02   2.1374517e-01   1.5925814e-01   5.7526621e-02   1.7731830e-01   2.3505574e-01  -1.2298142e-01   5.8205949e-02   2.0565742e-01   5.5617081e-03  -4.3886915e-01   4.7105689e-02   1.9823955e-01   2.7218570e-01   5.3541584e-01   1.6694702e-01   2.3727959e-01  -3.6435890e-02   1.2036362e-01   2.5459742e-01  -1.8507172e-01  -3.7095264e-01  -3.5126577e-01   3.2986882e-02   7.1268158e-01  -3.9914478e-02   3.8026673e-01   4.0936587e-01  -2.2157619e-01   2.7005479e-01  -2.5009397e-01   2.4154122e-01  -3.0858575e-01   1.9497872e-01   3.3538045e-02   2.5633152e-01  -3.3705174e-01  -1.3719782e-01   4.2517709e-01  -1.8746910e-01  -2.1218066e-01   1.8380244e-01  -5.6334202e-02   2.3205840e-01  -3.5487093e-01  -3.4637940e-02  -1.7166376e-01  -2.4844881e-01  -4.7430108e-01   2.0309850e-01  -1.6928783e-02   3.0764729e-01  -6.9632363e-02  -9.5661422e-02   9.6363120e-02   5.6741512e-02  -6.6027806e-02   2.1414623e-01  -2.3016704e-01   1.5639016e-01   3.2365151e-01  -3.3909491e-01   3.1406524e-01   5.4421700e-02  -1.0794669e-01   3.5491024e-01  -5.3290780e-02   1.3953472e-01   5.1060369e-02   2.6840781e-01   2.8707325e-01  -2.0784899e-01   7.2360124e-02  -4.7998516e-01   4.3852271e-01  -2.3376441e-01   1.9522542e-01   2.6404039e-01  -2.6175491e-01  -2.2960814e-01   8.9910122e-02  -4.2692238e-01  -2.7001754e-01   3.3065645e-01  -3.8515243e-02  -3.0808216e-01   3.4841555e-01   1.5954699e-01  -1.6274120e-01  -1.8834803e-01  -2.3420981e-01  -3.8992027e-01   2.6139972e-01   2.0989028e-01  -2.6929446e-01   2.1322927e-01   1.9213586e-01  -2.3633539e-02  -1.5901866e-01   2.1392958e-02   2.3878944e-01   2.4050762e-01   2.9245338e-02  -6.2477732e-02   2.2853083e-02  -3.4694005e-01   3.7813180e-01   2.6925763e-01   1.6421968e-01   2.0156498e-01   8.7209920e-03  -2.2534404e-01  -1.2099105e-01  -3.4159140e-01  -6.0475178e-02   1.3065268e-01   2.4929381e-02   2.8906680e-01   1.6358976e-01   1.7590971e-01  -1.9630868e-01   3.2172782e-01   6.4628153e-02  -2.2173657e-01  -9.0785142e-02   4.0478383e-01   6.0336518e-02  -5.9881939e-02  -1.9994977e-01  -3.5620535e-01   2.2541399e-01   5.9901787e-01  -1.5769974e-01  -4.8455747e-02   1.4097674e-01
   1.0098620e-01  -1.8857279e-01   4.1371756e-02   3.4807688e-01  -4.7508825e-01   6.6460862e-01   0.0000000e+00   1.8736279e-01   4.9336592e-02   1.2568787e-02   4.0106622e-01   3.4725680e-02  -7.9959343e-02  -2.7332381e-01   1.9868862e-01   2.2359144e-01  -4.4692653e-01  -4.7709738e-03   1.0191650e-01  -4.1612527e-01   2.7556027e-01   3.2391400e-01   3.7452294e-01  -6.1317698e-02  -3.2276488e-01   3.1939048e-01   3.2335984e-03   4.1148533e-01  -1.6181885e-01   5.0059055e-01  -2.4088107e-01   1.7430156e-01  -2.2127952e-01   3.2256212e-01  -8.1597188e-02  -2.3763850e-01  -1.3428842e-01  -6.5851894e-02  -7.9190105e-02  -6.3898878e-01   9.6724398e-02  -1.8101111e-01  -2.4344726e-01   2.0176297e-01   1.2385914e-01   2.1049362e-01   3.2410646e-01   5.1368585e-01   7.7140608e-04  -4.6992861e-01   5.3150784e-01   9.4148523e-03  -4.3301118e-01  -3.3833330e-01   1.1769508e-01   2.5825669e-01   3.5337592e-01   3.6653725e-01   4.0695531e-01   2.4896287e-02   5.7035766e-03   2.1284334e-01  -3.6497574e-01  -2.6991375e-01  -1.9597652e-01   8.0547515e-02   6.0386875e-01  -2.3408940e-01   5.0461813e-01   1.8491666e-01  -2.8020285e-01   3.9629253e-01  -3.7229381e-02   1.2372320e-02  -5.0828919e-01   1.2597042e-01   9.9510365e-02   3.0451519e-01  -4.9515837e-01  -1.3275472e-01   6.1546964e-01  -7.8296524e-02  -2.4083080e-01   2.3951722e-01  -2.3741180e-01   4.0611750e-01  -2.7823158e-01  -1.0996504e-01  -2.9431021e-01  -1.3833192e-02  -6.3603051e-01   3.3298579e-02  -2.6117458e-01   3.4601469e-01   3.8177633e-02  -4.8340058e-01  -6.7615026e-04   2.6220383e-01  -1.1269611e-01   6.5228632e-01  -3.6860553e-01   1.9699975e-01   3.1497503e-01  -3.1609232e-01   6.9412966e-01   1.4521161e-02  -5.2681830e-01   4.8699585e-01   1.1542013e-01   6.2165818e-02  -7.8169476e-02   5.5492797e-01   2.0452765e-01  -6.7239483e-02  -1.3162352e-01  -5.8527515e-01   4.0479189e-01  -1.4198904e-01   2.1627864e-01   4.5437573e-01  -1.0716101e-01  -5.0654089e-01  -8.9456561e-02  -3.5463593e-01  -1.1479684e-02   4.9837513e-01  -1.0274087e-01  -4.2945354e-01   5.8327156e-01  -2.6210026e-01  -5.6733255e-02   6.7068199e-02  -3.2934897e-01  -3.5872173e-01   4.8484401e-01   2.6466058e-01  -4.2205768e-01   3.9434753e-01   2.4478758e-01   6.4753802e-02  -1.2216734e-01   8.4161458e-02   5.2482383e-01  -7.2227874e-02   1.7129673e-01   4.5164469e-02  -1.9813846e-01  -2.9868886e-01   7.0122806e-01   5.2978757e-01  -4.5593908e-03   2.5436693e-01  -1.1780543e-01  -2.0033252e-01  -5.9289292e-01  -1.9411791e-02   1.3247702e-01   3.5079470e-01  -3.2491531e-01   2.8268153e-01   1.6645783e-02   4.0211078e-01  -6.6437320e-03   5.8996854e-01   7.3740963e-02  -2.7953098e-01  -1.8044285e-02   3.8137842e-01  -1.0651597e-01  -3.1791996e-01  -3.4672396e-01  -3.1564221e-01   3.5056115e-01   2.6650821e-01  -1.2943543e-01  -3.9078203e-01   2.8032332e-01
   1.4341910e-01  -1.9770337e-01  -7.0531294e-03   2.6087409e-01  -1.3789600e-01   1.1331358e-01   1.8736279e-01   0.0000000e+00   1.6811613e-01  -1.5319309e-01   2.3900134e-01   1.1565461e-01   1.2463827e-01  -1.2764113e-01   1.7869146e-01   4.4837255e-02  -1.0524880e-01   1.7324887e-01   3.8794672e-01  -2.2934676e-01  -5.3266275e-02   3.9997217e-01  -5.7415500e-02   1.3493945e-01   1.5474303e-01   5.2567294e-01  -1.8458090e-01   1.6853820e-01  -2.2220386e-03   3.0093976e-01  -1.6124213e-01   3.0191004e-01  -1.3331473e-01   2.2794359e-01  -1.2912665e-01  -1.8112202e-01  -2.0763045e-01   6.9142063e-02  -1.3710195e-01  -3.2814544e-01   3.6445286e-02   1.0377334e-01  -6.6261335e-02   7.0793452e-02   1.3053606e-01   2.4469114e-01   2.4238516e-01   4.2915711e-02  -1.4214360e-01  -2.4892606e-01   2.2693198e-01   6.3865759e-01  -5.4561892e-02  -3.1586101e-02   8.7182913e-02   1.2393314e-01   2.1710310e-01   2.6681731e-01   3.4970249e-01   2.4345296e-01   2.5912864e-01   1.0414141e-01   3.2011520e-02  -1.3143636e-01   2.2571014e-01  -1.7178024e-01   2.2967635e-01   2.0004565e-02   3.3174118e-01  -5.5341860e-02  -3.2666008e-01   1.0137790e-01  -3.7581101e-01   2.0840197e-01  -1.5048471e-01   3.2072477e-01   1.6444768e-01   2.0898577e-01  -4.4906950e-02   3.0707866e-01   1.8644522e-01  -3.7971910e-01  -2.4569933e-01   5.2568830e-01  -3.1350084e-02   3.6933683e-01  -2.4828691e-01   1.8768122e-01   1.5033460e-01   1.9885898e-01  -3.0694096e-01   2.9751260e-01  -1.5724915e-01   2.5860579e-01   2.1114395e-01  -2.4171336e-01   1.6913984e-01   3.1729692e-01  -1.0497733e-01  -1.0869872e-02  -2.6414022e-01   1.3044100e-01   3.2604080e-01   4.8412555e-02   2.9104640e-01   4.4613372e-01  -3.5868669e-02   4.9424845e-01  -5.3390106e-02   3.4741455e-02  -2.3061751e-01   2.1549143e-01   1.0040411e-01   1.9540769e-01  -3.7622943e-02  -3.5557751e-02   3.1681878e-01  -1.9062968e-01  -1.8091973e-02   2.5958862e-01   3.0980805e-01  -1.8916770e-01   6.6394638e-02  -1.0547547e-02   3.2769569e-01   3.9213533e-01   2.5489516e-01   4.3683747e-02   4.0364598e-01  -3.3003459e-01  -1.8483479e-01  -1.3190683e-01   3.5659213e-02  -1.2922397e-01   2.5884643e-01   4.8350516e-01   6.8178405e-02  -2.3982512e-02   5.6707797e-01  -4.0569436e-02  -3.4415038e-02   2.3417564e-01   3.3289901e-01  -1.8951414e-01  -4.1479140e-02   1.1626143e-01  -1.8306303e-01  -1.2555833e-01   5.6147343e-02   1.2098087e-01   3.3412640e-02   2.1074868e-01   1.3717270e-01  -1.5055296e-01  -2.0185312e-01   8.8287760e-02   2.6991033e-01   1.8711217e-01   1.7874911e-02   2.2254796e-01  -2.7551877e-02   2.9229495e-01  -2.0555127e-01   2.9859303e-01   2.6565961e-01  -1.1865337e-01   8.8876657e-02   3.6088816e-01  -2.5069090e-02  -9.2970195e-02   3.3255238e-02  -2.6577401e-01   1.8784065e-01   1.1227429e-01   2.8791949e-01  -8.6303018e-02   3.9413667e-01
  -2.0664050e-01   4.0399345e-01  -8.5938671e-02   1.2503136e-01   3.6811889e-01   3.3610897e-02   4.9336592e-02   1.6811613e-01   0.0000000e+00  -7.3828799e-02  -7.3384555e-02   4.8395833e-01   3.3445161e-02  -2.5736976e-01   8.7124736e-02   2.1647166e-01   6.0459971e-03   4.5363326e-02  -2.5093355e-01   3.2350121e-01  -3.1109463e-01   1.6438451e-01  -3.8631473e-01  -5.6551840e-03   7.9111164e-02  -1.1761103e-01   3.9808783e-02  -4.7663223e-01   2.0137510e-01   1.2668407e-01  -7.5518783e-02   1.0867819e-01  -2.9784229e-02   3.0745103e-01   3.4414796e-01   2.0134458e-01  -9.4531516e-02   1.4573281e-01   9.4561408e-02   7.3469438e-03   1.4392004e-02   1.3192366e-02   3.6651820e-01  -2.5843974e-01   2.8033771e-01  -2.0073423e-01   2.7094446e-01   1.4698934e-01   2.8791458e-01  -3.2402288e-02   1.3194706e-01   3.0815857e-01   4.1320675e-01   1.6687887e-01  -1.7109486e-01  -3.8520539e-01  -5.8338065e-02  -6.3691718e-02   5.8248012e-02   5.8197937e-01  -1.6522815e-01   4.5927743e-02   4.8463317e-01   1.9047926e-01   4.9975121e-01  -1.1244009e-01   1.2092927e-01  -3.0093761e-02   1.4592919e-02  -2.3530531e-01   1.3477625e-01  -8.1550808e-02  -1.4162456e-01   2.3085351e-01   2.5383265e-01   1.3484560e-01  -1.4367374e-01  -2.9839281e-02   4.7453159e-01   1.0191970e-01  -4.0777211e-01  -1.2634270e-01  -2.5919152e-01  -5.7559383e-02  -5.5904754e-02  -7.5944093e-02   1.5823603e-01  -6.7869034e-02   4.3029799e-01  -9.5300155e-02   2.7795770e-01  -6.9678243e-02   1.5250338e-01   4.1879182e-01  -9.0350762e-02   4.7217347e-02   9.4012333e-03  -9.0703403e-02   7.2526131e-02  -2.0021331e-01  -2.6560124e-01   3.1052163e-01  -2.0498164e-01   5.1003032e-01  -8.6598483e-02   1.2668019e-01   8.3398212e-02   1.4588264e-01  -1.0367103e-01   5.3986641e-02  -1.2789578e-01  -1.3589923e-01   8.7412546e-02  -1.0190364e-01  -3.9514784e-01   4.1148635e-01  -2.3739552e-01  -9.0798904e-02  -3.9450430e-01  -1.4950611e-02  -2.1434206e-01   3.1958987e-01   4.8111962e-01   3.2264900e-01   5.7602200e-02   1.6941548e-01   5.2962721e-01   1.0660767e-01   3.3752469e-02  -1.7624208e-01  -9.0716714e-02  -5.1384217e-02   4.3506182e-01   2.4536895e-03   4.2547622e-02   1.5436042e-01  -9.8804048e-03  -3.3636820e-01   1.3738773e-01  -1.7211399e-01  -8.0318542e-02   2.6720501e-02  -1.5628104e-01  -3.2011270e-01   1.1873965e-01   2.7085927e-01   1.7754170e-01   3.0932914e-01  -7.5157441e-02  -1.5621883e-01  -1.8557914e-01  -3.0760287e-01   3.9257493e-02   1.7594759e-01   2.4722601e-01  -1.4504005e-02  -3.1595056e-01  -1.5106677e-01  -1.7772889e-01  -3.8426983e-01   2.0967129e-01  -1.0267219e-01  -1.5814328e-01   2.6525963e-02   1.1561393e-01   3.5624909e-01   3.3409259e-01  -1.0001030e-01  -1.7873544e-01   9.4966373e-02   5.4977108e-01  -7.7379580e-02   1.7212043e-01  -2.2378093e-02   4.4931913e-02  -1.3136643e-01   1.3603432e-01
  -1.2371058e-01  -4.7852500e-02   1.1224591e-01  -3.0813193e-01  -8.5721134e-02   1.5271778e-01   1.2568787e-02  -1.5319309e-01  -7.3828799e-02   0.0000000e+00  -4.4590746e-01   1.3453216e-01   3.6776050e-02   1.0016241e-01   4.3873677e-01   1.5838399e-02   1.1005881e-01  -1.3185311e-01   2.1379931e-02   1.1294696e-01   9.7610456e-02  -1.5609002e-01   3.4847348e-01  -2.9498081e-01  -1.2246620e-01  -6.6540165e-02   2.7570964e-01   2.2346486e-01   9.2472628e-03  -4.7085149e-01   3.6693029e-02  -1.6879057e-01   4.9434097e-02  -9.4785598e-02   3.7174301e-01  -7.9386549e-02   9.9956067e-02  -1.9115001e-01  -9.2253940e-02   4.1981572e-01   1.4685989e-02   3.0694332e-02   1.1057493e-01  -1.7649519e-01   1.0881809e-02  -4.1831483e-01  -6.2479185e-01  -3.7212618e-01  -2.3186228e-01   3.4245741e-01   1.6523954e-02   4.3603003e-02  -2.5607292e-01   1.2039883e-01  -1.7199982e-01   3.0257436e-02  -2.1817022e-01  -3.2344290e-01  -3.3405108e-01  -2.7034322e-01  -3.5073920e-01   1.2069979e-01  -1.0597549e-01  -8.9931743e-02  -4.4880418e-01   6.8590860e-01  -2.2872546e-01   7.4642117e-02  -2.9138333e-01   3.1969602e-01   3.4297699e-01  -4.0800138e-01   1.4441745e-01  -2.4121436e-01  -1.8573322e-02  -7.3165275e-02  -4.2150799e-01  -2.4164167e-01  -2.8239233e-02  -1.6218793e-01   6.5915125e-02   1.7486718e-01   4.1573022e-01  -1.7499428e-01  -1.5379519e-01  -3.8353166e-01   9.4136725e-02  -1.7265203e-01  -1.6201018e-01  -3.5873991e-01  -5.3340073e-02  -2.5671893e-01   4.0950592e-01  -2.3182846e-01  -3.4383766e-01   3.4967732e-01  -1.8361276e-01  -3.4671288e-02  -2.6940813e-01   2.3686092e-01   4.4616928e-01   3.9092735e-01  -3.5232535e-01  -2.8366153e-01  -2.5064830e-01  -3.8450181e-02   5.8530124e-02  -1.6100681e-01   6.8878401e-02  -5.3651185e-01   6.0165729e-01  -4.0000355e-01  -3.1973116e-01  -1.8730604e-01   4.6484803e-01  -1.3138996e-01   7.1825599e-02   1.2466758e-01   1.5638627e-02  -3.5761555e-01  -3.4085972e-01   6.5805076e-02   4.5587147e-02  -1.5915755e-01  -3.6304737e-01  -2.5223585e-01  -1.8140641e-01  -5.3974641e-02  -2.7303039e-01   2.0204309e-01  -7.3399455e-02   5.3207078e-02  -2.7345557e-01  -8.0415880e-02  -3.2137549e-01  -2.5143402e-01  -7.0100861e-03   2.0287975e-01  -2.4908327e-01   9.7229043e-02  -1.7848771e-01   9.3415991e-03  -3.8058587e-01   5.3356013e-01   3.4777033e-01  -5.2321970e-01   6.2674895e-01  -2.3572024e-01  -1.7114235e-01   4.5520400e-03  -4.3492398e-02   1.5732969e-02  -2.2604972e-01  -1.8961532e-01   1.7053176e-01  -3.0744543e-01  -2.5962630e-01  -1.9281663e-01  -5.1064475e-02  -8.5410171e-02  -4.5616904e-02  -4.7469967e-01   2.8741955e-01  -4.6162222e-01  -3.2989498e-02   1.3013509e-01   4.6816376e-03  -2.3849769e-01  -2.7959575e-01   7.9717260e-02  -1.8817272e-01   2.1130460e-01  -3.7883445e-01  -1.5871791e-01  -2.5253296e-01   1.4443200e-01  -1.3952586e-01
   1.0523796e-01  -1.9344318e-01  -2.2226446e-01   3.5075639e-01  -3.1819447e-01   8.2691711e-02   4.0106622e-01   2.3900134e-01  -7.3384555e-02  -4.4590746e-01   0.0000000e+00  -2.7900135e-01   5.6643243e-02  -8.1792430e-02  -1.7151602e-01   6.8386754e-02  -4.8720358e-01   4.0052730e-01   3.1001447e-01  -4.7827150e-01   2.6484107e-01   3.9060787e-01   1.8798956e-01   1.6224960e-01   1.8259380e-03   4.3233946e-01  -2.0288876e-01   2.0828795e-01  -1.9685085e-01   6.2537488e-01  -1.8853077e-02   3.5740573e-01  -3.1653821e-01   2.8284713e-01  -2.4719534e-01  -2.1514433e-01  -2.2031711e-01   4.9985718e-02   1.1908944e-03  -5.5349473e-01   1.7651557e-01  -2.4981729e-01  -4.3839546e-01   2.9909732e-01  -4.4922724e-03   2.7589019e-01   6.2164027e-01   3.9882691e-01   1.2216021e-01  -5.4716950e-01   5.0582416e-01   7.2131655e-02  -2.3544146e-01  -3.9861147e-01   1.7840667e-01   3.5296469e-01   4.8422228e-01   5.0420094e-01   4.9228217e-01   2.4722851e-01   2.3052502e-01  -1.7876621e-01  -1.2645760e-01  -1.3584673e-01   1.2572810e-01  -3.3311959e-01   2.8423705e-01  -1.6374183e-01   5.0917394e-01  -1.1090240e-01  -4.4120054e-01   5.1407571e-01  -1.2226198e-01   7.0955005e-02  -4.0158616e-01  -1.3109118e-01   2.4566201e-01   3.9657401e-01  -3.3210861e-01   9.3256616e-02   4.8296224e-01  -1.2827332e-01  -3.0004598e-01   1.6128636e-01  -7.4541757e-02   4.1624408e-01  -3.3745963e-01   5.0762299e-02  -1.4801521e-01   2.8488927e-01  -4.2751906e-01   2.8196203e-02  -3.7658472e-01   3.6236283e-01   2.5891773e-01  -4.9141081e-01   4.1299040e-02   4.3826723e-01  -1.4018878e-02   4.1418178e-01  -3.7253921e-01  -1.6057999e-01   2.0692771e-01  -1.0746084e-01   7.5748166e-01   4.1322913e-02  -3.5379351e-01   4.8361119e-01   8.0017794e-02   4.0944960e-01  -3.4055444e-01   7.0939480e-01   1.2491364e-01   1.0862927e-01  -1.9099759e-01  -3.1600440e-01   3.2567450e-01  -1.3517600e-01   1.1316156e-01   5.8914616e-01   2.1539287e-01  -4.6619161e-01  -2.8471691e-01  -8.0135943e-02   2.3538941e-01   4.4726868e-01   7.0538921e-02  -1.8018998e-01   6.1295482e-01  -3.9220822e-01   1.9167864e-01   1.5144280e-01  -6.3754551e-02  -5.3732652e-02   5.9417476e-01   2.3268255e-01  -2.1466300e-01   1.0776117e-01   2.4188513e-01  -3.7140175e-02  -4.8929674e-03   1.6027755e-01   7.5395025e-01  -3.1275834e-01  -2.2707351e-01   3.5651197e-01  -5.8553284e-01  -7.3018637e-02   5.5062814e-01   3.8961553e-01  -3.2484164e-02   1.4564635e-01  -8.3007633e-03   1.3712151e-02  -5.6557174e-01   2.4427906e-01   3.1155307e-01   4.1096315e-01  -1.8218781e-01   2.3259946e-01  -1.7761247e-01   6.7717571e-01  -7.4214482e-02   7.5960940e-01   2.4988363e-01  -3.5281768e-01   9.7716393e-02   3.5212738e-01  -4.0704283e-02  -1.8313364e-01  -2.9776159e-01  -2.2455866e-01   4.5155014e-01   7.6324802e-02   2.5265137e-01  -4.6189657e-01   3.3718471e-01
  -3.6708767e-01   5.0007075e-01   2.6167638e-01  -2.5542266e-01   3.3841665e-01   2.7737392e-01   3.4725680e-02   1.1565461e-01   4.8395833e-01   1.3453216e-01  -2.7900135e-01   0.0000000e+00  -2.5741798e-01  -3.3791136e-01   2.1098369e-01   1.3849805e-01   2.4106968e-01  -2.6934490e-01  -1.4480639e-01   3.8960163e-01  -6.0459674e-01  -7.7443955e-02  -5.0463497e-01  -3.5319450e-01  -6.4466884e-02  -1.8915139e-01   5.8477023e-02  -4.3467280e-01   2.4013756e-01  -9.4500451e-02  -2.7491579e-01  -2.1406589e-01   1.2870215e-01   4.4001655e-01   3.3999412e-01   1.7018267e-01  -2.5058131e-01   1.4906269e-02  -1.3540646e-01   1.4700218e-01  -3.2736947e-01   2.8055113e-01   6.6626557e-01  -3.1020683e-01   3.3388136e-01  -3.2316159e-01   4.6898029e-02  -2.2978980e-02  -6.9766360e-02   1.9762755e-01  -1.5103182e-01   1.9438703e-01   2.8759413e-01   4.3776964e-01  -2.4740536e-01  -1.8690621e-01  -5.2591711e-02  -2.7352006e-01  -2.4113916e-01   3.9212608e-01  -1.7026246e-01   9.0607662e-03   5.7727207e-01  -3.3707960e-02   1.1471817e-01  -7.6784555e-02  -1.3194632e-02   2.8259242e-01  -2.4643973e-01  -6.8031335e-02   1.7548534e-01  -3.1758106e-01  -8.4533954e-02   2.3187281e-01   3.2663233e-01   1.0587880e-01  -1.0021194e-01   1.7969635e-02   5.1707857e-01  -9.4397947e-02  -3.2391129e-01   3.7123464e-02  -2.5841759e-01  -1.7851305e-01  -2.1728415e-01  -1.5371045e-01  -3.0136035e-02  -4.6434597e-02   5.3359770e-01  -4.5504600e-01   1.4020649e-01   6.5188921e-02   3.6159939e-01   3.5396198e-01  -1.7340242e-01   8.6337489e-02  -2.7106367e-02  -3.2459984e-01  -1.1299396e-01  -3.8201717e-01  -3.5764094e-01   5.7598855e-01  -1.4909808e-01   2.7740137e-01  -2.8123310e-01  -1.9930958e-02   2.9051427e-01  -1.4015585e-02  -2.1463388e-01  -1.0406581e-01   1.7962762e-01  -3.4505660e-01   1.9785819e-01  -3.2530222e-01  -2.5201784e-01   4.1906864e-01  -1.4172911e-01  -1.6093176e-01  -5.1270250e-01  -3.9431920e-01  -4.8044051e-01   4.8965090e-01   5.9569406e-01   2.1515749e-01  -2.9669780e-01   1.4218245e-01   5.2389349e-01   8.7309881e-02  -2.2296517e-01  -2.4653465e-02  -1.4263182e-01  -1.9655845e-01   2.8074607e-01  -3.0654102e-01  -1.7774483e-01   4.3760273e-02   9.1322051e-02  -4.8819075e-01  -3.6121759e-02  -2.7423299e-01  -2.8631678e-01  -1.3793630e-01  -2.7473058e-01  -6.7066687e-02   2.7849381e-01   2.6375066e-02   4.9143756e-01   1.9158806e-01  -2.1049966e-01  -4.6377389e-01  -4.9894679e-02  -3.1460944e-01   7.6130817e-02   1.6873120e-01   5.4357682e-01  -3.0674079e-01  -4.0686194e-01  -3.6799822e-01   1.7122289e-02  -2.2300103e-01   2.9969868e-01  -2.0349864e-01  -3.4739215e-01  -2.4931925e-01  -2.1055106e-01   5.8133155e-01   4.7221170e-01  -1.9110822e-01  -5.7172125e-02   2.1965099e-01   6.6510854e-01  -1.0578021e-01  -6.0836502e-02   2.2719591e-01   1.0005562e-01   1.3926055e-01  -1.5357797e-01
   1.2083147e-01  -9.8517927e-02  -1.5122053e-03   1.6655877e-01   1.3559345e-01  -1.1398374e-02  -7.9959343e-02   1.2463827e-01   3.3445161e-02   3.6776050e-02   5.6643243e-02  -2.5741798e-01   0.0000000e+00   2.9802543e-01   1.0913407e-02   8.0819221e-02   1.2569877e-01   3.0941162e-01   2.0177756e-01   1.3105721e-01   9.7898470e-02   1.0973695e-03   9.4967627e-02   1.9471340e-02   1.5973792e-01   4.6440143e-02  -5.0406712e-03   4.5962521e-02  -2.2036071e-01  -4.3490032e-02   1.1779463e-01   1.7632092e-01   1.0501730e-01  -2.9361389e-02  -1.3328738e-01   1.4320404e-01   1.7194971e-01  -7.1242172e-02   1.1253477e-01   5.5351920e-02   7.4409190e-01   3.4393269e-02  -1.1263155e-01   2.2164304e-01   4.8170499e-02  -9.7278104e-02   1.1667185e-02  -2.5223157e-01   1.7613930e-01   1.8725975e-01   2.4213135e-01   1.6626129e-01   2.4025800e-02   1.6315988e-01   2.1192044e-01   3.2987451e-01   2.5332130e-02  -1.3869874e-01   2.2663285e-01  -1.4330186e-01   2.2210471e-01   1.5730083e-01  -9.8932143e-02   1.4477588e-03   1.3753168e-02   7.4917772e-02   1.1094655e-01  -1.4816063e-01   1.9759150e-01  -1.0686056e-01   9.2271875e-03   1.0895908e-01   7.1596158e-03   6.9687046e-03  -9.2870677e-03  -5.1793039e-02   2.7519916e-03   1.1214399e-01   2.9483351e-02   2.1175831e-01   1.5840163e-02   4.6816504e-04   1.7372086e-01   1.3601241e-01   3.4636009e-01  -2.1207656e-02   6.2178538e-02   8.4972926e-02  -1.5584362e-01   1.1050205e-01   7.5070079e-02   1.4776379e-01   1.7567965e-01  -1.7736562e-01   6.1395819e-02   2.9562550e-01   3.2523890e-01   1.1537137e-01   3.7574621e-01   5.5524949e-02   1.6633956e-01  -6.6879361e-02  -2.4443231e-02  -1.2851331e-01   1.0257127e-01   1.3451400e-01   1.6605395e-01   1.6049270e-02   1.6839416e-01   2.0525175e-01   1.1319137e-01  -4.1382632e-03  -1.6506840e-01   1.1592850e-01   1.4351521e-01  -2.1740886e-02   2.2630608e-01   5.6410569e-01   1.7929186e-01   1.6985742e-01   1.9266482e-01   4.1554913e-02  -1.8037645e-01  -6.9773406e-02  -3.6621168e-03  -8.5235154e-02   1.1203082e-03   1.8201985e-01   1.2802754e-02   1.0181424e-01   2.7489430e-01   1.1357191e-01   8.5988200e-02   1.1955590e-01  -1.8005381e-01   7.8011929e-03   3.1680024e-01   5.8912439e-02   1.3194123e-01   9.3760418e-02   2.5858921e-01   5.9379909e-01   2.0253728e-02   1.2677434e-01  -9.8679075e-02  -8.0576229e-02  -9.5060591e-02   2.4893639e-02  -1.1603301e-01   7.0779175e-02   1.5381857e-01   3.8669473e-02   1.5215797e-01   2.0285712e-02  -7.7114956e-04  -9.5206062e-02  -7.0554871e-02   3.9788688e-01   9.3420258e-02   1.3741754e-01  -1.2996490e-01  -1.4856735e-01   4.8085786e-02  -2.3112621e-02   1.6334412e-01  -9.0716567e-02   6.1796123e-02   4.7041399e-02   3.1648359e-02   2.6069590e-01  -1.5445383e-01  -2.3813384e-01  -6.5633190e-02   1.2224312e-01   3.9915902e-02   1.5396112e-02   1.5467813e-01
   4.4600647e-03  -2.4013661e-03  -5.1096734e-02   4.4946601e-02  -5.5021048e-02  -1.8125641e-01  -2.7332381e-01  -1.2764113e-01  -2.5736976e-01   1.0016241e-01  -8.1792430e-02  -3.3791136e-01   2.9802543e-01   0.0000000e+00  -1.0374625e-01  -3.6321012e-02   1.4943427e-01   6.8709465e-02   2.5993345e-02  -5.1719747e-02   2.7183267e-01  -1.6314884e-01   2.2371003e-01  -5.7521756e-02   1.9998124e-01  -1.3161233e-02   2.1668604e-01   2.4260743e-01  -1.1132789e-01  -1.3136510e-01   3.3161956e-01   3.1462766e-02   6.9886345e-02  -4.8213147e-01  -2.2798928e-01  -6.5298647e-02   1.2409607e-01  -2.8735054e-01   1.4006615e-01   2.6069955e-01   2.3743198e-01  -2.3760293e-02  -2.4184499e-01   2.8109108e-01  -2.0768878e-01  -1.7017333e-01  -2.4448453e-01  -1.1762828e-01   2.0147269e-01   1.4898451e-01  -8.2389219e-02  -8.2957824e-03  -1.7409795e-01   3.9979790e-02   4.7483026e-01   2.1402359e-01  -6.3109448e-02  -4.3972920e-02  -1.7133257e-01  -3.1669907e-01  -1.0390273e-01   8.6754153e-02  -1.0010682e-01   1.1930322e-01  -5.2025872e-02   6.6939754e-02  -5.1686948e-02  -2.5499073e-02   5.3783235e-02   9.8023088e-02  -2.1696185e-03   6.4701805e-02   9.8560118e-02  -8.5200592e-02  -1.3513285e-01  -1.3078254e-01  -2.2564332e-01  -1.0878646e-01  -2.4741635e-01   6.4318194e-02   1.8378621e-01   2.0688982e-02   3.7368824e-01  -2.2135557e-02   3.8022927e-01  -1.3685516e-02   1.8697619e-01   5.7125109e-02  -1.4702536e-01   6.8110497e-02   2.1816697e-02  -7.7622835e-02  -1.3257433e-02  -1.8948933e-01  -2.0802680e-01   1.3643518e-01   1.5436273e-01  -8.5639140e-02   9.9075309e-02  -5.0611640e-02   5.3332578e-01  -2.6805870e-01   6.9495170e-02  -8.9131895e-02  -1.3111135e-01   7.6106366e-02   2.2090008e-01  -1.5250202e-01   4.1739161e-02  -5.9915399e-02   9.7513462e-02  -1.1416451e-01  -1.9272441e-01  -4.4761317e-02   4.5832055e-01  -1.5084880e-01   1.3658097e-01   3.3371862e-01   3.6356708e-01   5.1489456e-02   1.7726367e-02  -1.2258573e-01  -3.4740375e-01  -1.0206377e-01  -1.9044209e-01  -1.1926647e-01  -3.7194801e-01  -2.4503630e-03  -7.1123917e-02   2.4849138e-01   2.3287698e-01   3.1677502e-02   2.0459706e-01   3.7798282e-01  -7.1862537e-02  -1.7564946e-01   1.1887853e-01   3.6296211e-01  -1.4311578e-01   8.5507350e-02  -1.0490240e-02   1.7313331e-01  -1.0523859e-01   2.7815049e-01  -1.6129102e-01  -8.7362238e-02  -9.7378198e-02  -2.2093785e-01  -1.8725258e-01   5.5135629e-02   1.2095121e-01   3.9778917e-01  -8.8836815e-02   4.3953175e-02   3.7878780e-02  -8.4766000e-02  -5.4247427e-02  -2.9488063e-02   3.0115498e-02   2.6568851e-01   6.6514156e-03  -1.0226606e-01   9.9479150e-02  -1.3005305e-01  -5.7678203e-02  -2.5812698e-01  -1.8490192e-01   7.5691514e-03   9.7461278e-02   1.4687044e-01  -3.9120576e-01   5.1247641e-02  -1.1529099e-01  -3.3343944e-02   1.3731629e-01   1.9864510e-01  -2.3701816e-02
