   0.0000000e+00   9.5770131e-02   8.8903345e-02  -1.2374828e-01  -2.9743749e-02   9.0707508e-03  -2.7062545e-01  -1.1060873e-01  -1.5427409e-01  -4.3229209e-02  -1.9138847e-01  -2.1272933e-02   4.0029094e-02   3.6887786e-01  -1.1518784e-01   2.5930026e-02   3.8466630e-02  -1.1942155e-01  -5.0735035e-02  -6.2385320e-02  -2.0676502e-01  -4.0234476e-02  -1.4651311e-01   6.0731440e-01  -1.3412219e-01  -1.1806594e-01  -1.6880266e-01   2.5026492e-01   8.2637008e-02   1.0045893e-02  -2.4282214e-01  -1.5182316e-01   1.2967684e-02  -2.9304619e-01  -1.6874647e-01  -1.1607903e-01  -5.1676261e-02   5.0004051e-01   3.3400964e-02  -1.7442908e-01  -4.9824274e-02   7.9974880e-02  -1.6669564e-01   4.9988743e-03  -2.1980702e-01   3.4094043e-01  -5.7361463e-02  -9.9362615e-02  -1.7519494e-01  -7.4927017e-02  -1.9430207e-01  -1.3810470e-01  -1.5090082e-01   2.9126488e-01  -5.6987534e-02  -1.4977650e-01  -6.8651356e-02  -3.0967669e-02  -9.6638682e-02  -1.3700284e-01   3.2682988e-01  -1.2461965e-01   4.7801176e-02  -2.2049761e-01  -1.8655874e-01  -2.9774617e-01   3.4568665e-02  -1.7680005e-01  -6.8096170e-02   1.8876501e-01  -1.3371906e-01  -2.1363475e-01  -1.1266417e-01   5.7119018e-01   1.9238258e-02  -9.5936084e-02   2.0520232e-01   1.3420835e-01  -7.6838493e-02  -1.5239622e-01  -5.6130155e-02  -1.1165943e-01  -1.2105103e-01  -1.6832115e-01   4.7904470e-01  -1.3835489e-02  -2.3571331e-01   2.8935221e-01   1.2451953e-02   8.9638305e-01  -1.0205141e-01   2.1286517e-01  -7.7659486e-02  -1.5754364e-01   3.8081069e-01  -2.2253082e-02  -8.7255170e-02  -1.1594474e-01  -1.5210756e-01  -1.7527836e-01   2.1027416e-01  -7.6224190e-02  -5.8020001e-02   3.0201208e-02  -7.4508819e-02  -1.7392158e-01   1.6915998e-01  -1.5393483e-01  -6.8790002e-02   7.9821380e-02  -1.6883377e-01   1.5396362e-02  -1.3381105e-02   8.5625148e-01   1.2273780e-01  -6.7971828e-02  -6.4914478e-02   2.0037716e-02   2.9910764e-01  -1.4892206e-01   4.6259453e-01  -3.6740078e-01  -5.9313634e-02  -8.2299281e-02   3.9572420e-01   1.6823150e-01  -1.8703793e-01  -1.0150112e-01  -3.3315588e-02   1.7033584e-01   1.6450006e-01  -1.5286887e-01   2.0837337e-01  -1.6592881e-01   3.6338827e-02  -5.4537308e-02  -1.1783634e-01   4.0548580e-02  -1.3036452e-02   6.3925570e-01   7.9951671e-01   1.6533644e-01  -1.8155793e-01   1.0542121e-01  -1.5611220e-01  -2.0351738e-01  -2.3113234e-01  -2.2425445e-01  -1.8172792e-01  -2.9470807e-01   4.8592199e-01  -1.2114958e-01   3.1968683e-01  -8.5913445e-02   9.4628996e-02   5.5509423e-01   4.8613169e-01  -1.4555691e-01   1.6583330e-01  -4.4468178e-02  -8.1342440e-02  -2.4076933e-01  -2.3861353e-01  -1.7899906e-01  -8.8247813e-02  -2.5229237e-01  -8.2793978e-02  -1.1430721e-01   6.1878189e-01   1.6376965e-02  -2.0702615e-01   1.3687191e-01  -9.9764157e-02  -1.1992365e-02  -2.1292740e-01  -1.9107401e-01  -3.8411429e-02
   9.5770131e-02   0.0000000e+00   6.5074064e-02  -1.3953109e-01   4.3499107e-01   5.9360450e-02   2.5786662e-02  -3.6571925e-01   2.7755989e-01   2.8787352e-02  -2.4566794e-01   6.5165711e-01   1.1976359e-01  -8.5810940e-03  -4.4237902e-01  -2.1060070e-01   9.7168649e-02  -1.7451833e-01  -7.1998657e-03   4.6769038e-01  -3.0262439e-01  -2.2973879e-01  -2.7893824e-01  -1.7092100e-01   1.3001936e-01  -9.6615822e-02   1.8890175e-01  -3.7521475e-01   7.0653964e-02   1.2302091e-01  -4.1699148e-01  -2.1162399e-01   2.0972239e-01  -2.5318815e-01   1.1400296e-01   2.1313990e-01  -1.2060881e-01   7.0955803e-02  -1.7906079e-01   1.6530187e-01   8.7378253e-03   1.7958922e-01   3.8309775e-01   1.6566841e-01   2.3748095e-01  -2.6816631e-01  -1.4002886e-01   1.9791467e-01   1.7786851e-01   2.6646163e-01  -2.7551289e-01  -2.5818880e-01  -5.1923098e-02   1.2709272e-01  -9.4007893e-03   5.5481813e-02  -1.5867554e-01  -2.2693150e-01  -1.1251618e-01   6.7782041e-02  -8.9365024e-02   1.7605195e-01   6.2440367e-01  -1.5725352e-01   3.5663748e-01  -1.4440921e-01  -4.3936060e-03   1.8317955e-01  -1.4374571e-01  -2.3056137e-01   6.2359005e-01  -1.3888297e-01   1.9924801e-01   1.9706120e-01   3.6702413e-01  -4.0970412e-01  -1.3738981e-02   1.7999667e-01   5.9561419e-01   1.5946286e-01  -4.4638979e-01  -2.9203769e-02   6.1243785e-01  -1.9551747e-01   2.6397019e-01  -3.5144434e-01   3.1520279e-01  -4.7637498e-02   6.6082091e-01   2.0558098e-02   5.1324204e-01  -1.7922268e-01   3.5104894e-01   8.3648550e-02   1.6643660e-01   6.4111857e-01   5.7656682e-02  -1.8780325e-01   1.2630737e-01  -1.7464527e-01  -3.3604503e-02  -1.9227447e-01  -2.4458067e-01   5.8502388e-02  -2.8814165e-01  -1.7975536e-01   4.5892709e-03  -4.8279425e-02  -7.0649764e-03   1.3970060e-01   1.2829402e-01  -6.8254699e-02   1.3698030e-01   1.0604506e-02  -3.6756204e-01   6.1978808e-01  -6.4010110e-02   1.6513429e-01   6.6636593e-02  -1.2707297e-01  -3.0835373e-01   2.8660256e-01   2.5315159e-01   2.0660443e-02  -1.6710420e-01  -1.5131639e-01   9.3249983e-02   4.5692628e-01  -2.0131942e-01  -2.4376837e-01  -2.0211453e-01   2.5919619e-01  -4.1913548e-02  -1.8371239e-01   2.3968425e-01  -4.2593604e-01   1.6896167e-01  -2.3282663e-01  -4.0656110e-01   1.2760961e-01  -7.9886298e-02   2.8234543e-01  -1.6459300e-01   1.2440668e-01  -3.8256793e-01  -3.5789592e-01   3.1261177e-01   3.0948201e-03  -3.4429570e-01  -1.3406762e-01  -8.1579727e-02  -4.0892178e-01  -3.7540754e-01   5.4914734e-01   4.4994520e-01   7.7641163e-02  -7.3390517e-02  -5.5104446e-02  -2.8772588e-01  -2.8898556e-01   3.5881043e-01  -2.0585970e-01   2.6687325e-03  -2.2533804e-01  -2.4169949e-01   3.4999551e-01   3.7672260e-01  -2.6532401e-01  -2.3714654e-01   5.2810428e-01   5.0873388e-01   4.2700876e-03   7.1683841e-03   3.3762176e-02   1.3404667e-01   1.6473684e-01  -2.8283803e-01
   8.8903345e-02   6.5074064e-02   0.0000000e+00   1.4511513e-01   7.4859144e-02   4.0572016e-01  -5.1199024e-02   2.0743969e-01   1.5177324e-01  -1.7047591e-01   1.4620665e-01   2.0559953e-01   1.3216630e-02  -1.5702174e-01  -3.9775458e-02  -6.4987549e-02   8.9499999e-01   2.8307390e-01   5.7444887e-02   7.1750248e-02  -8.9858000e-02   3.1398331e-01   3.6081386e-02  -2.9697076e-02  -7.1874710e-02   8.4953962e-02   2.8391324e-01   2.8615780e-01  -2.4935875e-01   3.1746140e-01  -1.1333571e-01   7.6420571e-02  -6.7545847e-02  -1.3883860e-02  -3.4001242e-01   1.7459734e-01   1.0571463e-01  -2.1724742e-01   8.9981558e-02   5.7615272e-01   1.1866231e-01  -1.7575285e-01  -1.4061279e-01  -1.4509885e-01  -8.9857739e-02   3.2022924e-01   1.9604520e-01  -1.6126494e-01  -2.3300279e-01   3.5601028e-01   2.3952171e-01  -1.7149422e-02   5.8418017e-02   4.9693223e-02  -4.2579162e-01  -2.5449441e-01   6.9411562e-02   2.9738244e-01   1.5054125e-01   2.3594924e-01   5.8570770e-02  -4.5750797e-02   1.3736038e-02  -5.0634442e-02  -2.3543579e-01  -3.6968501e-02   2.1634798e-01  -2.3871628e-01  -5.3411563e-02   6.1490031e-01  -9.1371379e-03  -1.6306871e-02   6.2160989e-02   6.3226200e-02  -6.6142736e-02   2.2745206e-01  -8.5381981e-02   5.0387344e-02  -1.8564181e-01  -2.2844641e-01   1.3375031e-01   5.6825240e-03  -2.8872137e-01   1.1643380e-01  -1.5284784e-01   4.2213231e-02  -3.4768191e-01  -2.4434095e-01  -1.1204900e-01   1.7784633e-01  -1.1356395e-01   3.0585789e-01  -1.6378688e-01   1.0752620e-01  -2.7145137e-01  -2.7362570e-01  -6.2399867e-02   1.0432044e-01   7.0422794e-02  -1.7715069e-01  -8.6530799e-02   1.5487322e-01   2.5350056e-02   4.0168249e-01   2.1796068e-01   5.9542466e-02  -6.0476418e-02   1.3402368e-01  -2.2611847e-01   1.5281754e-01  -1.9267887e-01   2.6409937e-01   2.0258570e-01   1.7792494e-01   3.6862899e-01  -2.6614637e-01  -6.8536664e-02   8.3773963e-02  -2.4234633e-02   6.3145411e-02   5.2933524e-02  -1.1605549e-01  -3.0754641e-01  -1.8694978e-02   3.3867499e-01   1.8349599e-01   1.2850293e-02  -3.1649592e-01   3.3494727e-01   5.1621770e-01  -1.1666863e-01  -1.1121912e-01   2.9484124e-01   8.1971543e-02   1.2111855e-01   2.4974236e-01  -2.8686930e-01   9.1240137e-02   1.6172461e-01  -1.6522978e-01   1.3567181e-01  -8.6042576e-02   1.0966827e-01   1.9169424e-01   3.3134325e-02   2.0932084e-01  -1.5641555e-02   1.1186344e-01   2.5807795e-01   1.6261786e-01   1.8726368e-01  -1.0689668e-02   2.2372812e-01  -9.7872606e-02   5.1413550e-01  -2.3521237e-01  -1.3633327e-01  -4.4985410e-02   1.7198073e-01  -4.2776081e-03  -5.6896904e-02   2.9363902e-01   1.3746415e-01   2.3246471e-01   2.7707456e-01  -2.7906033e-01  -5.1923512e-02  -3.0961602e-02   2.0632138e-01  -1.8676163e-01  -2.2201205e-01  -4.1093934e-01   1.9833365e-01   3.9240111e-01  -6.0922478e-02  -1.1713545e-01   3.4571468e-01
  -1.2374828e-01  -1.3953109e-01   1.4511513e-01   0.0000000e+00   4.0181957e-02   3.7428206e-01  -1.7249928e-01   4.1990778e-01   2.6940862e-02  -1.1265713e-01  -2.1934841e-02  -2.2214100e-01  -7.0247934e-02   2.6337517e-01  -1.7614254e-01  -1.7780130e-01   2.1894622e-01   1.4414647e-01   2.0144545e-01   1.2732783e-01  -1.9993562e-01   6.1323308e-01  -1.1688752e-01   7.4611378e-02   2.7930113e-01   4.2161969e-01   2.0763803e-01   7.6137179e-03  -1.2473973e-01   4.0272597e-01  -2.1894302e-01   4.2253277e-01   6.9980325e-02  -3.5221663e-01  -2.4705526e-01   5.3650067e-02   1.0750980e-01  -5.2739146e-01  -3.9890142e-02  -5.2196904e-02  -1.0470136e-01  -1.8360228e-01  -3.0335705e-02  -5.8280364e-02  -1.4635818e-01   9.9602927e-02   2.7660686e-01   1.3430901e-01  -6.4042338e-02   1.1667321e-01   2.3665726e-01   4.1906590e-01  -3.2711261e-01   2.5995042e-01  -3.4868602e-02  -1.8456961e-01   1.7200044e-01   5.6748597e-01   2.4889914e-01   3.9413268e-01  -1.2750109e-01   1.5068117e-01   2.1473564e-02  -3.8214948e-01  -3.0641959e-01  -1.7747435e-01   3.6768345e-01  -2.0642472e-01   2.4669267e-01  -7.1142292e-02  -2.2262230e-01   5.2343872e-01  -2.6771057e-01   1.3894130e-01   1.6016530e-02   3.3836273e-01  -4.1589928e-01   3.2078071e-01  -2.2004888e-01   1.6563344e-01  -2.9385266e-02  -3.0896128e-01  -2.1697921e-01   3.1802418e-01   3.3096833e-02   2.1235245e-01  -1.8679649e-01   6.7142017e-02  -2.0045137e-01  -2.5687025e-02  -1.6130879e-02   3.0103498e-01  -1.5253218e-01   1.9928581e-01  -5.7341630e-01  -2.5205648e-01   1.2512343e-01   3.2814713e-01   1.5363569e-01  -2.2507448e-01  -1.1791786e-01  -1.2100193e-01   2.2268148e-01   6.2664211e-01   5.7225646e-01   4.0798135e-01   3.5773635e-01   4.2710073e-01  -1.0841882e-01   2.0191061e-01  -4.1467512e-01   4.9536517e-01   5.2484371e-01  -1.5397773e-01  -9.5826419e-02  -2.8121352e-01   2.2615627e-01  -2.1102237e-01   5.7460176e-02   6.0144396e-01  -9.9004017e-03  -4.8129218e-02  -1.9929618e-01  -1.1655382e-01   5.5345634e-02   4.9188205e-01   4.5135761e-02   5.9341808e-02   6.0604036e-01   1.8042617e-02  -1.0358846e-01  -3.3344628e-01   4.5857090e-01  -3.2114991e-01   2.5779882e-01   2.5813479e-01   5.8131009e-02   1.0400083e-02   3.1916795e-01  -3.5931039e-01   7.3836893e-02   1.7844986e-01   2.4690733e-01  -1.8163470e-01  -7.9839486e-02   2.1544469e-01  -4.1479763e-01   1.7376204e-01   4.9004124e-02  -8.6796596e-02  -1.4780805e-01   2.2439729e-01   1.5554354e-01  -5.8413815e-02  -1.8917117e-01  -3.3913204e-01  -2.8084321e-01  -3.0035596e-02   2.6193225e-01   3.2452752e-01   1.0311002e-01   2.1833639e-01   8.9314333e-02   5.6301326e-01   5.0674312e-01  -3.3994857e-01  -6.3948669e-02   2.4205190e-01   1.1735843e-01  -5.7815146e-02  -1.2369195e-01  -4.0479175e-01   2.5063426e-01   3.8871448e-01   1.6825046e-01  -5.3950292e-02   5.6511917e-01
  -2.9743749e-02   4.3499107e-01   7.4859144e-02   4.0181957e-02   0.0000000e+00   1.5038265e-01   9.2544077e-02  -2.8195468e-01   1.3885808e-01  -4.5855975e-01   1.0664502e-01  -2.1161447e-02   3.9847254e-01  -2.8519003e-01  -2.4129138e-01   4.0991277e-02   2.4068386e-01   2.3598753e-01  -1.8698170e-01   8.6748559e-01   1.9145896e-02  -9.8099979e-02   3.8411310e-02  -3.1617746e-01  -5.0045544e-02  -2.4219985e-01   3.1778992e-01  -5.3648136e-01   1.5721496e-01   1.1679664e-01  -1.6716303e-01  -5.2371130e-02   3.5537856e-01  -1.3758818e-01  -1.5892493e-01   7.5492919e-01  -1.5040267e-02   1.5629692e-01   1.1869525e-01   3.8854589e-01   3.7260523e-01   2.8994695e-01   1.2681227e-01   8.7044567e-03   2.0303815e-01  -2.0680364e-01   2.2409926e-01   2.7304618e-01   2.7124810e-01   3.2677338e-01   1.5542073e-01  -3.2638180e-01  -1.4181440e-02   2.6697632e-01  -1.4374902e-01  -1.8722707e-01  -1.8749074e-01  -8.1121822e-02   1.9876203e-01  -1.0620314e-01  -3.8190823e-02   3.3772568e-01   5.2041977e-01   6.2485848e-02   3.0681555e-01   1.4673690e-01   1.0936945e-01   1.8704484e-01   3.9171856e-02  -3.5470151e-01   6.0805009e-01   7.9893274e-02   3.8631524e-01  -6.3743231e-02   1.3683644e-01  -1.2808038e-01   4.8587920e-02  -4.2603658e-02   4.9230225e-01   2.9505798e-01  -4.4388014e-01   2.9222931e-01   4.1388302e-01  -3.2464765e-01  -7.9968216e-03  -4.8822093e-02   2.6561025e-01  -1.5429146e-01   2.6981267e-01  -9.9344879e-02   5.3533578e-01  -9.3521149e-02   2.2331178e-01   8.5861853e-03   2.0444072e-01   3.9683814e-01   3.5018065e-01  -2.2179601e-01   5.5395511e-01  -7.8708193e-02  -8.7690281e-02  -1.4815239e-01  -3.3972293e-01   6.0789344e-02  -5.3589780e-02  -1.1799547e-01   6.3731296e-02  -4.7822485e-02   2.0670605e-01   2.7479896e-01  -6.1444045e-02  -4.3214239e-03   8.0748363e-02  -1.8773502e-01  -4.0855661e-01   4.3451213e-01  -1.6430170e-01   2.9636012e-01  -1.5007288e-01   1.1994765e-01  -8.4932666e-03   3.1932020e-01  -9.3458291e-02   1.3730001e-01  -2.3194754e-01  -3.2859446e-01   8.8897848e-02   3.6623787e-01  -6.3024272e-02  -2.2796429e-01   2.5701626e-01   3.6896073e-01  -2.2578348e-01   8.8710544e-02   9.5770430e-02  -2.2379655e-01   3.6828405e-01  -1.6482766e-01  -2.9282776e-01   1.3503154e-01  -1.7409574e-01   5.3646220e-01   5.6408784e-02  -2.7899306e-01  -1.6597881e-01   2.5615222e-02  -4.1562629e-03   3.0459594e-01   2.0353749e-01   3.0932139e-02  -1.5540773e-01  -3.5232544e-01  -1.3643853e-01   4.2165694e-01   2.0264370e-01  -1.5470515e-03  -4.5334517e-02   1.9593231e-01  -2.1003595e-01  -4.4072292e-01   9.4272612e-02  -3.0204306e-03  -1.1792173e-01   8.7889280e-02  -1.4723423e-01   1.9228908e-01   4.1004874e-03  -3.2431432e-01  -3.0086263e-01   5.8128059e-01   2.3374211e-01   2.9630228e-02   1.9118995e-01   2.4726748e-03   2.8768604e-01   2.4312013e-01  -1.0264292e-01
   9.0707508e-03   5.9360450e-02   4.0572016e-01   3.7428206e-01   1.5038265e-01   0.0000000e+00  -1.3722202e-01   6.4149637e-01   1.8553755e-01  -2.5191172e-01   1.5256455e-01   9.2367537e-02  -9.2977452e-02   2.1036893e-01   3.8789017e-02  -2.4451588e-02   3.4383521e-01   1.9735614e-01   5.4406249e-01   1.3254615e-01  -5.2694884e-02   5.6362899e-01  -7.0476328e-02  -1.0694535e-01  -4.1814310e-02   4.8060380e-01   4.2743019e-01   2.4101099e-01  -5.3046489e-02   6.3114501e-01  -2.0212688e-02   3.9459330e-01   1.6339456e-01  -2.2231212e-01  -1.7888598e-01   1.6380185e-01   1.7301358e-01  -4.7226199e-01   1.1239451e-01   1.4647137e-01  -3.6102883e-02  -1.4589849e-01   1.1600267e-01   2.6584776e-01  -2.6255353e-01   1.1148844e-01   4.1703697e-01   1.7526208e-01  -1.8531294e-01  -5.6493268e-02   2.5345119e-01   4.8035248e-01   6.4645419e-02   1.4362376e-01  -2.3366766e-01   1.2765155e-02   5.9256943e-01   5.4665673e-01   8.0539807e-02   4.6734392e-01  -2.0514535e-01  -5.8696596e-02   1.0145242e-01  -9.1987623e-02  -2.3221361e-01  -1.6966626e-01   8.5346321e-01  -3.9710429e-01   3.1288906e-01   1.2992582e-01  -2.2664720e-01   2.3147233e-01  -1.4063628e-01   1.8191784e-01  -1.3566424e-01   4.5028622e-01  -4.7918583e-01   4.4589772e-01  -2.3279422e-01  -2.2568361e-01   2.2962706e-01  -2.3175075e-01  -1.4513571e-01   5.8531677e-01   8.0082377e-02   3.1672309e-01  -2.5174520e-01  -9.3181022e-02  -8.0128796e-02   1.3317373e-01  -1.3934186e-01   2.2740457e-01  -3.6029790e-02   2.5466520e-01  -5.2468753e-01  -2.9589709e-01  -8.1692472e-02   6.7259863e-01  -6.1401552e-02  -2.7120757e-01   1.5479354e-03   1.1935950e-01   3.6572474e-01   6.2420355e-01   4.4978156e-01   3.6749930e-01   1.0640530e-01   6.9121756e-01  -3.4892225e-02   3.8407457e-01  -3.0683042e-01   5.5625490e-01   1.5388168e-01  -9.9101633e-02   1.0810477e-01  -2.6690655e-01   4.5986929e-01  -1.0957405e-01   3.6323566e-01   3.7031239e-01  -1.7047066e-01  -3.5441786e-01  -2.9465907e-01  -2.7953931e-02   8.2172434e-02   4.5819780e-01  -4.9423673e-02  -2.1019929e-01   5.4003919e-01   1.8666148e-01  -1.8002261e-01  -1.2750751e-01   5.1200942e-01   1.2138962e-01   4.2503847e-01   5.2140123e-01  -2.6272873e-01   3.2428173e-01   4.9827001e-01  -3.3910863e-01   1.0132694e-01   9.5690585e-02   3.4098938e-01   2.2607459e-01   1.1860628e-01   3.1802907e-01  -2.9653076e-01   1.4633473e-01   2.6015406e-01  -4.9703630e-02   3.8194309e-02   3.7807010e-01   1.0301212e-01  -5.7019672e-02   1.1135351e-01  -4.2226888e-01  -3.7444941e-01  -2.7334180e-01   1.5098897e-01   4.1589044e-01  -2.1240245e-02   3.5968699e-01   1.2196649e-01   3.6525192e-01   5.0638839e-01  -3.0498546e-01   1.7282206e-02   4.4423690e-01   1.9378073e-01   2.0876266e-01  -2.2524227e-01  -6.2018526e-01   1.9336741e-01   8.6171361e-01  -1.3640660e-01  -1.9994688e-01   5.3530755e-01
  -2.7062545e-01   2.5786662e-02  -5.1199024e-02  -1.7249928e-01   9.2544077e-02  -1.3722202e-01   0.0000000e+00  -2.8523241e-01  -6.4461150e-02   8.7321400e-02   4.4270122e-01   1.9114616e-01   1.1269593e-02  -4.6577792e-01   5.3666650e-01   2.0476701e-01  -4.7295863e-02   3.3219397e-01  -1.6257737e-01   1.1893769e-01   6.0314339e-01  -3.4021215e-01   7.1234399e-01  -5.1092747e-01  -1.8452081e-01  -3.0300632e-01   4.2297915e-02   7.9105283e-03   8.3746568e-02  -1.3759923e-01   6.1780268e-01  -1.0813094e-01   3.9371782e-02   7.7979493e-01   5.0703498e-01   2.7166773e-01   1.8942627e-02   8.5095829e-02   1.7376041e-01   2.9620275e-01   6.5740378e-02  -7.8169086e-02   1.0497289e-01   3.8822986e-01   2.2184987e-01  -9.8369875e-02  -7.4824451e-02   3.2362077e-01   1.4340645e-01   1.4302646e-02   2.0955384e-01  -3.7499400e-01   5.9713143e-01  -2.4114955e-01  -1.3111873e-01   6.0497026e-01  -1.8395846e-01  -3.0753245e-01   9.6728754e-02  -2.9710483e-01  -4.3820082e-02   3.9585810e-02  -1.5636766e-01   6.9553163e-01   4.5223099e-01   6.8967732e-01  -1.7138425e-01  -8.2331250e-02  -2.3276369e-01   6.7280538e-02   3.4693294e-01  -3.0731511e-01   3.2475218e-01  -2.1006834e-01  -1.7645610e-01  -1.0760368e-01   1.2218450e-01  -4.1014426e-02  -5.3903795e-02  -1.4788067e-01   2.7448477e-01   3.7253447e-01   4.8729818e-01  -2.7044118e-01  -3.6032608e-02   6.2652160e-02   3.9920676e-01  -4.3200109e-01  -1.5600875e-01  -3.8704403e-01  -1.6115170e-01  -3.3566777e-01   3.7207759e-01  -2.3611703e-01   2.0703604e-01  -1.6796094e-01  -2.7068763e-01  -1.2547751e-01   9.1863881e-02   5.8859975e-01   2.4919415e-01   4.8540039e-01  -3.4834467e-01  -2.6792457e-01  -2.4238774e-01  -1.7117934e-01  -3.4263283e-01  -2.8444149e-01   2.4382425e-01   2.0559186e-02   7.2062394e-01  -2.0437472e-01  -3.1487342e-01  -3.0607750e-01   3.3720655e-01   6.8759064e-02  -4.6476232e-02   1.8372243e-01  -1.3394814e-01  -1.3197296e-01  -1.5065788e-01   7.9977611e-02  -5.7134546e-02   3.2743368e-01  -1.0883363e-01  -4.4790132e-01   8.8543082e-02  -1.3062891e-01  -3.3803733e-01   8.0951817e-03   9.1241665e-02   7.2765226e-01  -3.7003870e-01   5.0079019e-01  -4.2708438e-01  -2.0215668e-01  -1.2675786e-01   3.4163042e-01  -3.1481961e-01  -3.7097757e-02  -3.1797696e-01  -2.2139667e-01   4.8792476e-02   5.7750436e-02   4.6318295e-01   2.9364934e-02   6.7230704e-01   1.9730595e-01   3.4131713e-01   6.3817345e-01   1.8316952e-01  -1.4917181e-01  -3.0946724e-01   2.0725537e-01   6.1638793e-02  -1.2135742e-01  -7.3802705e-02   3.0803045e-01  -2.1643788e-01  -2.3953508e-01  -2.7912173e-01   7.9147054e-02   2.2264688e-01  -2.2313056e-01  -3.2877703e-01   3.1455029e-01   2.5814825e-01  -3.0554347e-01  -3.6330877e-01   3.1303654e-01   1.0659326e-01   9.0560139e-02  -7.1285352e-02  -1.4336634e-01  -2.4380858e-02  -1.8941345e-02  -2.1952452e-01
  -1.1060873e-01  -3.6571925e-01   2.0743969e-01   4.1990778e-01  -2.8195468e-01   6.4149637e-01  -2.8523241e-01   0.0000000e+00   2.0477943e-01  -6.3926033e-02   7.3231282e-02  -1.2136347e-01  -2.0908694e-01   3.6547975e-01   1.6013534e-01  -7.1998216e-02   1.1309086e-01   1.1138710e-01   6.1921680e-01  -2.2664032e-01  -9.3027989e-02   6.9319085e-01  -1.1198725e-01   8.5239660e-03   6.3225859e-02   7.1818671e-01   1.2997287e-01   4.6167894e-01  -4.5668746e-02   4.5710906e-01   6.0238970e-02   5.7139769e-01  -5.7350609e-02  -2.0953159e-01  -7.7327067e-02  -1.7889489e-01   1.1975132e-01  -5.0855090e-01   1.2459814e-01  -1.0730574e-01  -6.6050897e-02  -3.3907143e-01  -3.5792749e-02   6.4554011e-02  -3.4121594e-01   1.0140747e-01   3.0975010e-01  -8.6520013e-02  -3.2423091e-01  -2.3097535e-01   1.6106324e-01   7.8903615e-01  -5.6398011e-02   1.0620168e-01   2.5238303e-02  -7.8694345e-02   6.4462992e-01   7.1928363e-01   1.9045611e-01   5.5133844e-01  -2.5054689e-01  -1.2411642e-01  -2.2440481e-01  -1.2664391e-01  -4.1989245e-01  -2.3703242e-01   5.0968412e-01  -3.3794901e-01   3.4821009e-01   1.1817510e-01  -5.6637725e-01   2.4967493e-01  -2.2222229e-01   9.8484158e-02  -1.0413286e-01   6.9245887e-01  -5.9287787e-01   2.3612991e-01  -3.7119174e-01  -1.3626451e-01   4.6145009e-01  -3.8578563e-01  -4.9341544e-01   8.4729657e-01  -1.1919414e-01   5.2894016e-01  -3.2305468e-01   7.5455307e-02  -1.5648441e-01   4.4649138e-02  -4.4827585e-01   2.0830251e-01  -2.7093492e-01   2.4130739e-01  -6.5914120e-01  -4.0055548e-01   3.4751908e-04   7.5871876e-01  -8.3337449e-02  -1.4575457e-01  -6.3031785e-02   2.0256381e-01   6.0531647e-01   5.4743834e-01   6.3382596e-01   6.1063342e-01  -6.4485508e-02   7.0395346e-01   3.4033454e-02   3.4283498e-02  -3.8394899e-01   5.0025270e-01   1.3034707e-01  -1.1853314e-01   2.4506263e-01  -4.5049795e-01   4.3904873e-01  -1.6772525e-01   1.9646497e-01   2.7392714e-01  -1.9058229e-01  -4.1869907e-01  -1.3635042e-01  -7.2995719e-02   7.2242814e-02   5.8636759e-01  -1.8920428e-02  -3.1823042e-01   6.6155806e-01   7.5506375e-02  -2.3015682e-01  -4.4743746e-01   5.3667332e-01   2.4786583e-02   4.1890300e-01   7.9454665e-01  -1.1084298e-01   3.1916971e-01   7.9305723e-01  -3.8091068e-01   9.6449689e-02  -1.0471216e-01   3.9231100e-01   6.5352924e-02   2.5562801e-01   5.2769890e-01  -4.0645259e-01  -6.1156645e-02   1.3622068e-01  -1.7954776e-01  -1.0135371e-01   6.2599564e-01   1.8677146e-01  -3.0774658e-01  -2.3326089e-01  -3.3840789e-01  -3.5667884e-01  -2.6003423e-01   2.1767784e-01   6.1282096e-01   8.6252603e-03   3.5155835e-01  -6.9038789e-03   4.9554389e-01   6.9217437e-01  -3.7288559e-01  -8.4066102e-02   6.5204704e-01   2.5802116e-01  -3.0647085e-01  -3.0006345e-01  -6.0631744e-01   1.1302321e-01   7.1776165e-01  -1.0671158e-01  -3.3403299e-01   7.4871568e-01
  -1.5427409e-01   2.7755989e-01   1.5177324e-01   2.6940862e-02   1.3885808e-01   1.8553755e-01  -6.4461150e-02   2.0477943e-01   0.0000000e+00  -8.0533412e-02  -8.4111672e-02   2.8731036e-01   2.6132139e-01  -1.5035983e-01  -1.3681336e-01  -2.8452419e-01   6.1701623e-02  -3.7558254e-02   3.0007389e-01   1.2031348e-01  -2.9234147e-01   3.2783004e-02  -1.9827726e-01  -3.4188651e-01   3.9209060e-01   2.9323387e-01   1.8602046e-01  -9.4062721e-03   5.1003861e-03  -9.0167517e-02  -3.0135561e-02   1.1919968e-03  -6.3923008e-02   6.2492823e-02  -2.3481242e-02   2.3570368e-02  -2.0195161e-01  -1.3352946e-01  -1.1282760e-01   1.8835074e-01   2.5119738e-01  -1.1497602e-01   3.3386680e-01  -2.5746263e-01   4.5160680e-01  -2.7091433e-01  -7.6026736e-02  -4.4956529e-01   1.0348415e-01  -4.6792449e-03  -1.7376550e-01   1.0627753e-01  -9.8482614e-02   1.7197965e-03   1.5839306e-01  -1.5431040e-01   2.3141510e-01   1.6280323e-01   3.4146191e-02   5.1609825e-01  -3.2565488e-02   2.8532006e-01   3.0816722e-01   4.9854830e-02   2.5035162e-01   7.0516374e-02  -1.2825895e-01   2.4491788e-01  -1.8017138e-01  -2.1643286e-01   9.2969900e-02   1.8325375e-01   2.2175681e-01  -1.6903117e-01   1.5741700e-01   1.4542203e-01  -9.2845490e-02  -1.6739772e-01   4.2601383e-01   4.7959545e-01  -4.7437492e-02   6.8843150e-02  -2.8001710e-02   3.2209389e-01  -3.9039685e-01   5.0236100e-02   1.6912865e-01  -1.5692364e-01   5.9973849e-01  -7.0031098e-02   9.8933371e-02  -1.1358064e-01   2.5734448e-01   7.0242156e-01  -1.0695185e-01   4.2457418e-01   4.2006182e-01   2.4224195e-01   2.6513344e-01   3.1574336e-02  -4.3856293e-01   2.0672842e-01  -9.7964881e-02   2.7744264e-01   2.1273623e-01   1.7033739e-01  -3.6783889e-01   1.6936349e-01   2.4391504e-01  -2.9466417e-01   5.2290622e-02  -2.0394274e-01   2.9874976e-01  -1.4223595e-01  -2.4056603e-01   4.0758333e-01  -1.3680564e-01   2.7578067e-01  -4.8419155e-01  -1.2473684e-02  -3.3162113e-01   2.4460406e-01   3.1510156e-01   1.7440848e-01  -2.4377293e-01  -3.7238310e-03   4.7972287e-01   1.7189550e-01   1.8864912e-01  -5.0806738e-01  -2.3767132e-01   6.7494157e-02  -4.1518065e-03  -6.0874955e-03   5.6325145e-01   2.8272708e-01   1.4735634e-01  -2.3423073e-01   1.9656920e-01  -1.6375020e-01  -1.4157645e-01   5.2518966e-02  -4.5901049e-02  -3.7114962e-01  -2.8167552e-02   2.6845485e-01   8.1873463e-02  -2.0313244e-01  -3.5556501e-02   2.4450028e-02  -3.1677754e-01  -1.3937163e-01  -2.1108969e-01   1.5568960e-01   9.3093506e-02  -2.4175610e-01  -6.3804913e-02   1.5867226e-01  -1.2235767e-01  -1.9510233e-01   4.7371117e-01   6.8488538e-02  -2.2006539e-01   1.8152354e-01   1.2534216e-01   4.7524702e-01   4.1440230e-01  -9.6504869e-02  -1.0764508e-01  -1.9572628e-01   4.7638129e-01  -2.1483726e-01   5.4211149e-01   1.5428953e-01  -2.2294825e-02  -2.8518863e-02   2.2767265e-01
  -4.3229209e-02   2.8787352e-02  -1.7047591e-01  -1.1265713e-01  -4.5855975e-01  -2.5191172e-01   8.7321400e-02  -6.3926033e-02  -8.0533412e-02   0.0000000e+00  -1.4894707e-01   1.9487602e-01  -6.5803890e-02   1.1882393e-01   7.8792236e-02  -1.5723289e-01  -2.6205144e-01  -2.4631992e-01  -2.0455711e-02  -2.8787348e-01  -3.5048714e-02  -1.8774360e-01  -7.6338183e-02   6.6349811e-02   1.1914550e-01  -8.1212783e-02  -2.4508600e-01   6.9787302e-02  -1.1895180e-02  -4.0756122e-02  -7.7951444e-02  -1.4013111e-01  -2.8946987e-01   1.1115533e-01   1.2910154e-01  -4.6832468e-01  -1.2343103e-01  -1.4846693e-01  -3.1803779e-01  -3.4833682e-01  -2.2838419e-01  -1.0329327e-01   1.6641668e-01   1.1566664e-01  -1.1888067e-01   7.8759197e-02  -3.7350967e-01   1.0257903e-01  -2.1203651e-01  -3.7975969e-01  -2.7225313e-01  -2.3788684e-02   6.5725624e-02  -7.0319961e-02   5.0926545e-02   3.0476583e-01  -1.5481701e-01  -1.5060536e-01  -5.1679315e-02   5.0158250e-02   7.2936237e-02  -1.9098234e-01   2.9563733e-02  -1.2761612e-01  -1.7809456e-01  -1.7606872e-02  -2.0432556e-01   3.6454158e-02  -2.6505932e-01   1.2647955e-01  -1.3632011e-01  -2.1373997e-01  -1.1684074e-01   2.9589942e-01   2.4386122e-02  -2.5681761e-01   9.0688984e-02  -6.8021124e-03   3.5348352e-02  -1.8730012e-02   8.6874634e-03  -1.4680263e-01  -4.3348981e-02   4.4581037e-03   2.6264619e-01  -1.7363204e-01  -7.1185772e-02   1.8601298e-01   6.2552779e-02   6.0201812e-03  -2.7342361e-01  -2.0551911e-01   2.8306320e-02  -6.8638880e-02  -9.7810092e-02   1.1189703e-01  -3.4686939e-01  -1.7988190e-01  -2.7759396e-01   1.8812935e-02   1.2431200e-01   1.0015626e-01  -2.5142578e-02  -5.5046843e-02  -1.4411658e-01  -7.8861429e-02   1.7537055e-02  -2.5477043e-01  -3.4785514e-01   4.2920599e-02   1.8908310e-01  -4.1556072e-02  -2.1916138e-02   1.0128200e-02   2.5165045e-02  -1.8293763e-02   4.9525588e-02  -1.3188959e-01   1.3413197e-01  -9.3596684e-02  -2.6814124e-01   1.5056728e-01   1.1158998e-01  -2.4036411e-01   1.1210633e-01   3.6809277e-02  -1.3262504e-01   2.2688472e-03  -1.1355524e-01   9.8008178e-03  -2.6667691e-01  -1.0125181e-01   6.4675983e-02  -1.3377448e-01  -3.4890314e-02  -2.3896720e-01  -1.7392203e-01  -2.9882034e-02  -1.8985320e-01  -1.7414985e-01   2.0380009e-02  -1.9653041e-01  -9.4297355e-02   1.3351781e-01  -5.0835121e-02  -2.5712907e-01   1.2429341e-01   1.0973000e-01  -2.1476675e-01  -5.7777288e-02   6.7384248e-02  -2.8362930e-02  -1.6674678e-01  -1.7896419e-01  -1.3050082e-01   1.3553840e-01  -1.6806201e-01   4.2028264e-02  -6.8248789e-02   5.9195289e-02  -7.0413828e-02  -1.2332786e-01   4.4428264e-01  -1.4449993e-01  -7.9218748e-02   3.0879434e-02   5.7596288e-03   1.2662069e-01  -2.3700513e-02  -7.9652919e-02   2.2361068e-01   9.4140963e-02  -2.7689619e-01  -1.8030454e-01  -2.9190474e-01  -1.3514903e-01  -1.3670889e-01
  -1.9138847e-01  -2.4566794e-01   1.4620665e-01  -2.1934841e-02   1.0664502e-01   1.5256455e-01   4.4270122e-01   7.3231282e-02  -8.4111672e-02  -1.4894707e-01   0.0000000e+00  -9.2636787e-03   2.3737115e-01  -2.3406428e-01   2.6985307e-01   2.0774418e-01   9.5302839e-02   7.5826120e-01  -7.4604955e-03   9.3506584e-02   5.6015832e-01   1.2060742e-01   4.2196391e-01  -2.9964558e-01  -1.6489664e-01  -1.0105248e-01   4.6273086e-01   9.1524349e-02  -7.9623047e-02   1.4774211e-01   4.6249759e-01   1.4480820e-01  -8.9629318e-02   4.2723382e-01   9.9091116e-03   3.9139201e-01   9.8411353e-02  -2.7193622e-02   3.3215891e-01   1.1616987e-02   2.5504461e-01  -1.6147647e-02  -1.7969834e-01   4.3935322e-01   2.0488370e-01   2.5769067e-02   3.9257435e-01   2.4141667e-01   2.0347140e-02  -1.3393796e-01   6.1069319e-01  -1.0182767e-01   4.3058673e-01  -1.1179031e-01  -2.0303552e-01   3.2239984e-01   7.8407949e-02   6.0133298e-02   3.7389438e-01  -1.3509170e-02   8.1779173e-02  -2.0489310e-01  -3.7582996e-01   5.0106264e-01   2.3557055e-01   4.6550021e-01   1.4999916e-01  -1.7475724e-01   4.7606195e-01   1.1499867e-01  -8.8726289e-02  -8.9914285e-02   4.5222476e-01  -2.3895273e-01  -2.6038734e-01   2.2661277e-01   1.0619370e-01   1.4492077e-01  -3.4718543e-01  -2.1865088e-01   1.5545676e-01   4.1175155e-01   7.5270762e-02   1.7586187e-02  -1.8164734e-01   1.5654412e-01   7.8162578e-02  -3.8742217e-01  -3.2579953e-01  -2.5343360e-01  -2.5873271e-01  -3.8484476e-02   3.3525571e-01   9.8775992e-02   8.7000462e-03  -4.1297352e-01   6.6011016e-02   8.1661255e-02   2.0817871e-01   2.6605817e-01  -2.5823333e-03   5.6485739e-01  -6.4437147e-02   2.2058441e-03   1.4332100e-01   1.7831457e-01  -5.3940977e-02   2.1744137e-01   1.1225891e-01   2.0158217e-01   2.0202870e-01   6.7154997e-02  -1.8504751e-01  -2.0184474e-01   2.1219009e-01  -3.3686150e-01   8.2349765e-02   2.9186874e-01   7.2216590e-02   2.0183379e-01   8.1211573e-02  -2.2940090e-01  -3.4524342e-01   3.4211845e-01  -1.9789958e-02  -1.2248027e-01   2.2095910e-01  -2.1537064e-01   9.6412841e-02   1.4090625e-01   1.3828545e-01   4.4733760e-01  -8.1288865e-02   4.3148355e-01  -2.5413882e-01   8.9664369e-02  -1.6221528e-01   3.0419242e-01  -3.6307350e-02  -1.4073817e-01  -1.7521183e-01  -9.9780377e-02   5.4706982e-01   4.0526450e-02   3.1286337e-01   2.9609004e-01   6.8834062e-02   2.9951360e-01   5.9077880e-01   4.5093996e-01  -3.7225882e-02   6.9887621e-02  -1.0322444e-02   1.3250473e-01  -2.3188336e-01  -3.6797255e-01  -9.3528063e-02   2.0892227e-01   1.4083649e-02  -3.3364442e-02  -1.9960909e-01   6.9335074e-01   1.0757271e-01   2.7538988e-01   8.2218975e-02  -1.2325618e-01   1.7721587e-01  -6.7584171e-02  -1.2222175e-01   1.3871578e-01  -2.3917805e-01  -1.8540827e-01   3.5246644e-01   1.2777845e-01   3.7343801e-02   2.6043672e-02   2.2527915e-01
  -2.1272933e-02   6.5165711e-01   2.0559953e-01  -2.2214100e-01  -2.1161447e-02   9.2367537e-02   1.9114616e-01  -1.2136347e-01   2.8731036e-01   1.9487602e-01  -9.2636787e-03   0.0000000e+00  -1.0272345e-01   7.4448204e-02  -2.9226777e-02  -1.6902175e-01   7.8148791e-02  -1.2558035e-01   1.6410199e-01   2.3623621e-02  -8.5118526e-02  -6.0998617e-02  -1.0978522e-01  -1.7791177e-01   1.0210633e-01   8.7566945e-02   1.0287281e-01   6.9643725e-03  -2.1384058e-02  -7.3633647e-04  -4.6147385e-02  -8.1427846e-02  -2.1195804e-02   1.3531205e-01   4.2673396e-01   4.4679825e-03  -2.1123978e-01  -1.1214530e-01  -1.0909078e-01  -9.6059270e-03  -1.2861239e-01  -1.9189464e-01   4.0864161e-01   3.5583409e-01   2.1085014e-01  -1.3786927e-01  -1.0785808e-01   2.7758002e-02  -4.6175464e-03   1.0294549e-02  -1.7271419e-01  -1.4243616e-02   1.7788184e-01  -1.1763392e-02   1.6937292e-01   4.1271481e-01   5.3763390e-02  -6.4055855e-02  -1.2209848e-01   3.5489689e-01  -1.0448471e-01  -5.4862745e-02   1.2008260e-01   1.2340709e-01   2.8070942e-01   5.1085657e-02  -1.9415280e-02   4.5175828e-03  -1.1854056e-01   1.4592560e-01   2.5035519e-01  -2.4926470e-01   1.5238878e-01   1.4960262e-01   1.3469356e-01  -1.9397357e-01  -1.2741893e-01   1.9206845e-01   2.1905610e-01  -4.0683591e-02   1.2325096e-02  -1.4352776e-01   4.5875198e-01   8.8330110e-02   1.5524321e-01  -1.5556418e-01   2.7656315e-01  -9.0046525e-02   3.9051276e-01  -4.8361599e-02  -3.9515042e-02  -6.5038273e-02   4.3524743e-01   1.6421105e-01  -7.2512929e-02   3.0297440e-01  -1.7148631e-01   5.1528970e-02  -1.1692147e-01   1.0788141e-01   9.5788307e-02   2.6861230e-01   6.2725267e-02   7.8190333e-02  -1.8801915e-01  -5.4142579e-02  -1.4998015e-01  -1.4542899e-02  -3.7357969e-02  -9.2815390e-02   4.3822251e-01  -6.5565622e-02   1.1837824e-02  -1.9243782e-02   9.3186074e-02   3.1744758e-01   9.8252480e-02  -8.3290582e-03   1.7207691e-01  -2.7859788e-01  -3.7214506e-01   1.2645157e-01   2.3732988e-01   8.2542510e-02  -8.4526137e-03   4.8859219e-02   9.6038665e-02   2.0243359e-02  -7.9621333e-02  -7.1000609e-02  -3.4315911e-01   3.1238584e-01   1.1823504e-01   4.2929575e-02   2.9300824e-01  -1.0275201e-01  -3.4538004e-02   1.3185573e-01  -1.0125899e-01  -1.0567904e-01  -8.3161730e-02  -6.3209398e-02  -8.2006282e-02   3.9822055e-01   4.9088829e-02  -2.0613532e-01   5.9495326e-01  -2.0008234e-01  -2.0631414e-01   5.0974759e-02   4.0198997e-02  -8.3933360e-03  -2.2253543e-01   3.6164271e-01   2.9664005e-01  -1.4375467e-01  -1.0297417e-01  -9.9930370e-02  -1.7722526e-01   1.7995513e-02   2.8631862e-01  -4.2493933e-02  -1.0546258e-02  -2.7448416e-01   2.2582081e-02   3.5039591e-01   4.8814034e-01  -5.4068679e-02  -1.2743365e-01   2.3595043e-01   3.2683336e-01  -2.4385702e-01  -6.2919051e-02   1.5342966e-01  -8.9557021e-02  -1.4217586e-01  -8.9110198e-02
   4.0029094e-02   1.1976359e-01   1.3216630e-02  -7.0247934e-02   3.9847254e-01  -9.2977452e-02   1.1269593e-02  -2.0908694e-01   2.6132139e-01  -6.5803890e-02   2.3737115e-01  -1.0272345e-01   0.0000000e+00  -2.0210930e-01  -1.9189042e-01  -5.0442706e-02   2.9598771e-02   2.5387689e-01  -1.3570233e-01   4.6957621e-01   9.5119029e-02  -1.7910254e-01  -1.5857674e-02  -2.8482490e-01   1.0471067e-01  -1.5950324e-01   2.5236524e-01  -2.3544867e-01   1.9649065e-04  -9.8084491e-02  -8.5232619e-02  -1.0899000e-01   1.0936180e-01   3.2752337e-03  -2.3777323e-01   4.0400323e-01  -5.6109070e-02   3.0145034e-01  -6.7186049e-02   3.8130721e-02   7.3133449e-01   2.7235001e-01   2.5463790e-02   6.7825308e-03   2.9467006e-01  -3.3396270e-01   1.4847370e-03   2.7052322e-03   1.5005081e-01   2.2618635e-02   2.5124727e-01  -3.4075780e-01  -9.1761833e-02   1.4402325e-02   5.6179395e-03  -9.7343590e-02  -2.1220074e-01  -8.7796279e-02   4.1887566e-01  -9.5820262e-02   2.4218633e-02   8.9780175e-02   2.6398757e-01   2.2192234e-02   3.5942885e-01   1.4367507e-01  -1.2742932e-01   1.1824847e-01   2.6673810e-02  -3.5443133e-01   2.9243219e-01  -2.1330889e-02   5.4917970e-01  -3.2093652e-02   2.0090243e-01  -9.2323988e-02   1.2558585e-01  -7.5769531e-02   3.5826649e-01   4.4037802e-01  -3.7264051e-01   4.3751583e-01   6.5615704e-02  -1.4976969e-01  -9.3520645e-02  -3.8370680e-02   6.6123492e-02  -2.5211876e-01   1.8548103e-01  -4.1923960e-02   3.2680763e-01  -3.8227297e-01   2.0154901e-01   2.1909657e-01   3.4771517e-01   2.9663157e-01   3.4018699e-01  -1.7736768e-01   3.9648756e-01   4.6047070e-02  -1.4097779e-01   3.1803127e-02  -2.4290221e-01  -6.4245973e-02   1.3081292e-02   4.7823216e-03   4.5775180e-02  -6.5808287e-02   8.3245510e-02   2.8092183e-02  -9.3032982e-04  -1.6973491e-01   7.2787102e-02  -1.1107629e-01  -2.6807895e-01   2.8489049e-01  -1.1907430e-01   6.3560450e-01  -2.1341472e-01   1.3385268e-01  -1.8172457e-02   1.2329837e-01  -1.4625344e-01   2.7659891e-01  -3.8645467e-01  -3.3669338e-01   3.3282615e-01   3.4617722e-01   4.8332163e-02  -3.5281705e-01   4.0589182e-01   2.2708936e-01  -3.1725553e-01  -4.3687670e-02   1.7079649e-03  -1.6978973e-01   2.1160981e-01  -2.5153291e-01  -2.3774001e-01   2.1715501e-01  -2.0343484e-01   3.8667546e-01   5.2105157e-02  -3.6250549e-01  -1.8078230e-01   1.3318020e-01  -8.4140645e-02   2.0127370e-01   1.3217005e-01   1.7686177e-01  -1.5203244e-01  -3.3824888e-01  -2.8016263e-01   2.5816917e-01  -1.1598070e-01   1.0259318e-01   9.7485624e-02   5.6606307e-01  -3.0671724e-01  -4.3744780e-01   6.3700574e-02   5.1679479e-02  -8.1263976e-02   1.6965756e-01  -1.3417765e-01   1.9914961e-01   2.2052791e-01  -3.7212365e-01  -2.0594826e-01   1.0208606e-01   2.7220731e-01   2.4460216e-01   3.4628069e-01  -2.2129588e-01  -3.6313190e-03   2.0044389e-01   2.1822799e-02
   3.6887786e-01  -8.5810940e-03  -1.5702174e-01   2.6337517e-01  -2.8519003e-01   2.1036893e-01  -4.6577792e-01   3.6547975e-01  -1.5035983e-01   1.1882393e-01  -2.3406428e-01   7.4448204e-02  -2.0210930e-01   0.0000000e+00  -1.6466031e-02  -7.0701811e-02  -1.4516249e-01  -2.3779283e-01   2.9156060e-01  -2.0319010e-01  -2.3236119e-01   3.9417963e-01  -3.0623649e-01   5.2052094e-01   1.9558499e-01   3.4115936e-01  -6.4136555e-02   3.3446724e-01   8.3629810e-02   2.8137427e-01  -2.7938101e-01   2.1214058e-01   1.1140747e-01  -5.5125868e-01   4.6086404e-02  -3.4893072e-01   1.2617776e-01  -1.9220669e-01  -1.3204202e-02  -4.8625772e-01  -3.0511466e-01  -1.0909172e-01  -7.2428560e-02   1.4805797e-01  -5.3813064e-01   2.0009105e-01   6.4500218e-02   1.3153614e-01  -1.6077859e-01  -2.7056117e-01  -7.8716528e-02   4.4890355e-01  -4.0203340e-01   4.6209921e-01   4.3598472e-01  -3.2160880e-02   2.0666285e-01   2.9817017e-01  -1.9006487e-02   2.9060572e-01  -5.9596654e-03  -2.1740824e-01  -3.8816862e-02  -4.0083936e-01  -4.2387689e-01  -6.3576816e-01   3.4923535e-01  -1.9905808e-01   2.2022023e-01   6.3502788e-02  -4.4753087e-01   6.7399770e-02  -3.5646925e-01   6.4375233e-01   2.0329763e-01   1.4024610e-01  -3.7360421e-01   3.9155116e-01  -2.7339012e-01  -2.3030258e-02   1.8474701e-01  -4.4058924e-01  -2.4152462e-01   3.9133772e-01   6.0134046e-01   5.6686879e-02  -1.3171234e-01   6.0614414e-01  -1.0072615e-01   4.3749880e-01  -8.3328115e-02   2.4366898e-01  -2.8418784e-01  -1.1482223e-01  -3.2515370e-01  -7.3725770e-02  -8.6365850e-02   2.3659706e-01  -1.9500551e-01  -3.5883205e-01   4.2004444e-01  -1.8110123e-01   5.1022295e-01   3.5926630e-01   1.8314457e-01   2.0519634e-01   4.3720520e-01   2.4496348e-01  -2.7373012e-01   4.8829907e-02  -4.0423447e-01   3.9917489e-01   9.3162680e-02   2.9949444e-01   1.3053038e-01  -2.6333320e-01   2.7870533e-01  -2.9135583e-01   6.3558946e-01   1.0851531e-01  -1.7145940e-02  -2.4817720e-01   8.2143508e-02  -2.1582561e-01   1.8003297e-01   6.6519400e-01  -2.6108558e-01  -5.5349783e-02   2.6216402e-01   1.4476287e-01  -1.4649982e-01  -5.2134310e-01   5.3520618e-01  -2.6804429e-01   2.2664763e-01   1.8501753e-01   1.3577980e-01   3.3409744e-01   3.1244332e-01  -4.5918889e-02   4.4580453e-01   7.3270570e-02   6.7200735e-02   3.0849783e-01  -7.8784097e-02  -9.7493928e-02  -3.7530015e-01  -1.9698337e-01  -3.4622736e-01  -5.3367626e-01   3.0664872e-01   4.7843783e-01   2.4546729e-01  -2.1727149e-01  -1.7585318e-01   5.9279562e-02  -3.4115293e-02  -2.5612904e-01   2.3095659e-01   5.7241474e-01   8.3578084e-02  -5.6941776e-02  -7.1269339e-04   7.4993158e-02   2.9851621e-01  -4.9605014e-01  -1.9336693e-01   3.4218042e-01   4.9177740e-01  -1.5756003e-02  -3.0425564e-01  -3.3306902e-01  -1.9287754e-01   2.6937263e-01   7.9434731e-02  -1.9026829e-01   2.5647152e-01
