   0.0000000e+00  -1.8593557e-01  -9.6877189e-02   1.3131062e-01  -7.7481671e-02  -1.4456235e-01  -2.6774746e-01   1.9220524e-01  -8.5851797e-03  -1.2706552e-01   1.1183409e-01  -3.2431222e-01  -9.7588710e-02  -1.0339873e-01   5.5829601e-03  -1.0236127e-01  -5.5956699e-02  -7.4991559e-02   2.1589060e-01  -7.7950606e-02  -1.7080113e-01  -1.1837029e-01  -7.6446855e-02   5.1791295e-01  -1.0495076e-01   1.2384200e-01  -3.1882897e-01   5.6165887e-02   2.4435486e-01  -1.3979895e-01  -3.6580453e-01   1.4988007e-01   1.1108943e-01  -1.5590226e-01  -2.4077599e-01   4.1804010e-03  -1.4509173e-01   3.6437167e-01  -2.3116681e-01  -2.0066682e-01  -1.9104895e-01   1.5451376e-01  -6.5037532e-02   1.6519546e-02  -6.9294652e-02   7.4938191e-01   1.1160503e-01  -4.3101745e-01  -3.2759593e-02  -9.9836017e-02   3.5591728e-02   3.3432496e-01  -4.6225511e-01   1.1421272e-01   7.0311099e-02   6.7632177e-02   2.2867425e-02   1.9803312e-02   2.5768496e-03  -1.0142095e-01   4.6872330e-01   7.2096735e-02   1.4017419e-01  -2.4789286e-01  -3.0452051e-01   1.3742082e-01  -1.8178204e-01  -7.5863105e-03  -1.2530037e-01   3.0427706e-01  -3.4372747e-01   1.3997150e-01  -7.8198374e-02   1.0202679e-02   1.6688033e-01  -1.4023193e-01   5.9953196e-01  -7.2321314e-02  -3.3515319e-01   8.0643546e-02  -1.7296112e-01  -2.6269342e-01  -4.0561537e-01   1.4766005e-01  -2.3609930e-02  -2.2449523e-01  -1.7195274e-01   3.8648893e-01  -2.8992898e-02   6.4741166e-01   5.8755795e-02   3.7933488e-01  -3.3117522e-01  -9.5716938e-02   4.9864022e-01  -7.0516748e-02   2.2458931e-01   5.1598501e-02   4.4084783e-02  -3.5574148e-02  -2.5887878e-01   2.4735362e-01  -8.9407757e-02   1.3129659e-01   7.9281302e-02   3.0203031e-02   1.9818323e-01  -2.6168716e-02  -1.7323573e-01  -3.1171311e-01  -3.5055920e-01   4.7648078e-02   1.8159384e-02   7.9191148e-01  -3.0270914e-01  -2.4117552e-01   6.5822619e-02  -9.9106177e-02   3.3255491e-01  -4.7439334e-02   6.7200915e-01   2.2856917e-02  -2.6576747e-01  -3.3460854e-01   6.6615266e-01  -4.2156450e-02  -1.7490646e-01   1.3824305e-01   7.6756625e-02  -3.3886555e-02  -1.6070577e-01  -2.5320950e-01  -1.4690414e-01  -3.6079845e-01   2.2456153e-02  -4.8647956e-02   6.4523116e-02  -3.5211631e-01  -1.4977069e-01   5.4982132e-01   6.1925633e-01  -1.4600611e-01  -1.1046323e-01  -4.0805204e-02  -1.4840670e-01  -1.9052434e-01  -2.3405356e-01   8.6785435e-02  -2.5889898e-03  -3.0283544e-01   1.8935620e-01  -1.5887597e-01   4.6872841e-01  -4.3900430e-02  -2.8087168e-01   3.7378357e-01   5.4363910e-01  -1.0295949e-01   4.7564757e-01   1.2228776e-01  -8.7999872e-02   1.2956577e-01   8.2670577e-02  -5.7469888e-03   2.1953084e-01  -1.6252967e-01  -2.9505197e-01   1.9996473e-01   4.0741006e-01  -4.2205802e-01  -2.2692755e-02   4.3859172e-01  -3.7509155e-02   1.2423343e-01   1.5656613e-02   2.0667517e-01   3.4192803e-02
  -1.8593557e-01   0.0000000e+00   2.2000330e-01  -5.1143618e-01   2.4800723e-01  -1.7868918e-01   1.7997958e-01  -1.3227019e-01   7.3501111e-01   1.5614450e-01  -2.0193499e-01   6.1352405e-01  -1.1775095e-01  -1.1211809e-01  -4.8546244e-01  -5.6720745e-02   1.8179420e-01  -2.6590542e-01  -2.2455222e-01   1.0048244e-01  -2.7092968e-01  -3.4542955e-01  -3.1208064e-01  -2.4392620e-01  -5.8772058e-02  -3.8617951e-02   2.6753752e-01  -4.3860669e-01  -3.7967463e-02  -2.5769626e-01  -4.0121666e-02  -3.3763167e-01   2.1391595e-01   7.6539353e-02   4.7714872e-01  -4.3976559e-02   2.2141870e-01   5.9814499e-02   1.6388908e-01   2.3055587e-01  -1.2867559e-01   1.3203144e-01   2.4704678e-01  -2.8826591e-01  -6.6797526e-02  -4.3388181e-02  -3.2517538e-01   3.4718620e-01  -2.2607881e-01   2.0806228e-01  -1.8187661e-01  -1.3380869e-01   4.5028353e-01  -3.5777042e-02  -2.1251397e-01  -4.5988045e-01  -2.5949022e-01  -3.0055926e-01  -2.6845519e-01   3.9643638e-01  -2.9549629e-02  -1.2911597e-01   9.6795024e-02   5.3433281e-01   5.3434750e-01  -1.6122673e-01  -2.2101226e-01   2.6832532e-01  -2.1531462e-01  -1.6408545e-01   5.7512163e-01  -2.9846576e-01   6.3546442e-03  -9.4284202e-04   2.4244371e-02  -5.4418928e-02  -3.1280885e-02  -1.4143723e-01   5.0084607e-01  -2.2963558e-01  -1.0453647e-01   8.0067635e-02  -2.3247664e-01  -1.3796014e-02   5.9074195e-02   2.1134953e-02   7.2127937e-01  -2.8413025e-01   3.3431109e-01  -5.3718402e-02   5.4446235e-01  -7.9609189e-02   9.4449544e-02   4.1534458e-01   6.8326489e-03   7.7900772e-02  -1.5660990e-01   6.5361790e-04   4.7722293e-02  -6.1243576e-02  -2.0427387e-01  -2.5757879e-01  -4.6179018e-01   1.0029879e-01  -3.6075223e-01  -1.5596191e-01  -1.0755002e-01  -7.9621807e-02   1.8658861e-02  -2.0711292e-01  -7.3516222e-02  -3.7421546e-01  -1.7732890e-01  -1.9757924e-01  -1.0347359e-01   6.2072574e-01  -1.8457157e-01  -1.0978224e-02  -3.7634186e-01  -2.6802181e-01  -5.8438544e-02   2.9839899e-01   4.3460005e-01   7.0068775e-01   1.3646876e-02  -1.6306744e-01   1.5459561e-01  -3.1957914e-02  -2.4076196e-01   2.4773334e-01   6.0645516e-02   1.4564128e-02   3.6049341e-01  -2.3564571e-02  -1.7852309e-01  -5.4491756e-02   4.3393071e-02  -1.3354776e-01  -2.1352332e-01  -1.1911989e-01  -3.0601794e-01  -1.1132099e-02  -3.3387536e-01  -2.1886255e-01   2.8283417e-01  -2.9856614e-03   2.1781539e-01  -9.9168524e-02  -2.1452966e-01   8.8916965e-02  -2.4671671e-01  -3.5697329e-01  -1.4685064e-01   3.8009176e-01   6.3289515e-01  -4.4444067e-02  -7.1514288e-02  -2.1918823e-01  -6.9586525e-03  -4.8425228e-01   2.7236603e-01  -1.5761811e-01  -1.4701181e-01  -2.0255680e-01  -3.3454011e-02   2.4787391e-01   1.0870289e-01  -2.0587062e-01  -9.5267157e-02   1.9134822e-01   2.9569072e-01  -5.9917956e-03  -5.7854385e-02  -2.7855255e-01  -1.6287910e-01   4.5257084e-03   6.9705589e-02
  -9.6877189e-02   2.2000330e-01   0.0000000e+00  -2.1332930e-01   4.4626836e-01   2.0145190e-01  -1.6603792e-01   8.4620655e-02   2.1144413e-01   2.8532041e-01  -9.1210591e-02   4.2757323e-01   3.0247644e-01  -1.9648843e-01   7.1548243e-03  -1.1000934e-01   7.6097953e-01  -7.8678259e-02  -3.8451090e-02   3.6554687e-01  -2.9674727e-01  -3.6949719e-01  -1.2687506e-01  -1.4209998e-01   1.1891214e-02  -6.9809191e-03   2.4618149e-01   1.1634661e-01   1.1062964e-01  -3.5531573e-01   7.0207379e-02  -3.0653643e-02   5.6548441e-02   1.9926917e-01   2.0535983e-01   3.9210585e-02  -4.8023459e-02  -1.6385204e-01  -9.6585606e-02   5.4278205e-01   7.2808046e-02   2.1389842e-01   4.0742852e-01  -1.4670368e-02  -3.0803310e-01   9.8031797e-03  -1.8097781e-01   5.0646638e-02  -1.9399520e-01   6.9519014e-01  -1.9238223e-01   1.8778424e-01   1.2132396e-01   3.5706986e-01   9.5409254e-02  -1.3694055e-01  -7.0417738e-02  -6.8774929e-02  -1.9630408e-01   1.5799239e-01   2.5977657e-01  -1.0044314e-01   4.4873437e-01   8.8399004e-02  -9.0782789e-02  -2.8002212e-01   2.0172620e-01  -1.7348726e-02  -1.3052826e-02   4.5291894e-01   3.9748440e-01  -2.5659297e-01   2.8403413e-02   3.2183292e-01   1.7243206e-01   1.2001796e-01  -1.5120565e-02  -1.6917422e-03   3.8001488e-01   8.0106102e-03   5.9363581e-02   1.7101446e-02   8.5545353e-02  -1.0393529e-01   4.3695825e-01   4.2009987e-02   2.8836999e-01   6.0914621e-02   3.9304738e-01  -1.7587662e-01   1.3085610e-01   3.4071738e-01   4.7442517e-01   8.4009944e-04  -5.0669104e-02   2.7901404e-01   5.8344508e-02  -2.6580900e-02  -1.7781902e-01  -1.8925590e-02   1.5586587e-01  -1.7315408e-01  -3.7478744e-01  -3.4213728e-01  -2.6367583e-01   1.5212434e-01   3.8005808e-01   1.0926261e-02   4.7939332e-02  -9.4206025e-02   3.0308531e-01  -3.0464371e-01  -1.0729979e-02  -1.6310658e-01   3.6495024e-01   2.4822736e-01  -1.9141602e-01  -2.6579516e-02  -2.4238149e-02  -9.8483487e-02  -1.3279749e-01   1.4267623e-01   5.0963941e-01   2.2851767e-01  -1.2538595e-01  -1.1019478e-01  -1.6215535e-01   2.0258254e-01  -1.4260266e-01   6.1101607e-01   2.6072175e-01   2.8993648e-02   3.6270726e-01  -1.2078033e-01   1.0421510e-01   1.8084052e-01   2.0421981e-01   1.5609961e-01  -1.2268960e-02  -5.5273900e-02  -1.0036302e-01   2.6776155e-01  -1.4381686e-01   1.8511314e-01  -1.3583404e-01  -2.8645986e-01   4.1536806e-01  -2.5302210e-01  -1.6693127e-01   6.8079350e-02   2.1185837e-01  -2.5945501e-01   6.2406092e-02   2.8899788e-02   5.3155352e-01  -1.4887992e-01  -6.3076720e-02  -1.1230568e-01   3.0961235e-01  -3.8330582e-01   6.3309978e-02  -9.7003845e-02   4.0708411e-02  -2.9854327e-01   2.2500728e-01   9.1360882e-02   2.9234334e-02  -3.8724153e-02   1.4914547e-01   2.0591151e-01  -1.6525421e-01  -1.0939335e-01  -3.9997534e-01  -5.5979162e-02   9.5741012e-03   1.5691696e-01  -1.4021061e-01
   1.3131062e-01  -5.1143618e-01  -2.1332930e-01   0.0000000e+00  -2.0273181e-01   1.3911845e-01  -1.0434544e-01   3.1208568e-02  -2.7975964e-01  -1.8861500e-01  -1.9149179e-03  -4.9991212e-01   9.3952862e-02   2.4850840e-01   2.0765151e-01   2.1843764e-01  -2.2537252e-01   1.1085204e-01   1.9215750e-01  -6.1117769e-02   2.5491468e-01   2.4339622e-01   2.0340294e-01   2.1183845e-01   1.3439609e-01  -6.1572385e-02  -2.3679520e-01   1.9791397e-01   1.1926966e-01   2.4844697e-01   7.2116285e-02   2.9471378e-01  -1.9459219e-01  -1.8565583e-01  -3.1187409e-01   1.1089015e-01  -1.0124814e-01   5.0087009e-02   1.7141423e-01  -2.2540288e-01   2.1592468e-01   9.9001256e-02  -2.1667894e-01   8.2198240e-02   9.2437057e-02   1.1892395e-01   2.1009768e-01  -2.6104830e-01   3.0192654e-01  -2.1119685e-01   1.6582000e-01   2.6850159e-03  -3.0768676e-01   5.8615680e-02   1.8800061e-01   6.1424480e-02   1.4382399e-01   2.5952216e-01   3.2488525e-01  -1.5502414e-01   1.0691633e-01   2.1099165e-01  -2.1009043e-02  -2.5922331e-01  -1.8859438e-01   1.2896610e-01   2.0945386e-01   5.5789402e-02   2.4695219e-01   1.3325713e-01  -3.6030105e-01   4.5045689e-01   2.1880408e-01  -1.4504180e-01   2.1036539e-01   8.0281584e-03   1.6063176e-01   9.2397728e-02  -2.8474597e-01   3.4532763e-01  -2.4938151e-02   4.5223925e-02   6.4045235e-03   1.4279860e-02  -3.1209762e-02   3.1998737e-02  -3.2862184e-01   9.3886317e-02  -2.2382427e-01   1.4255632e-01  -2.1302173e-01   2.3412858e-01  -2.7480352e-01  -1.3455938e-01   8.4481282e-02  -4.7323400e-02   2.6091887e-01  -3.2282050e-02   2.6025747e-01  -2.6983482e-02   6.7576616e-02   1.1126141e-01   3.1812529e-01   2.5957311e-01   2.8987474e-01   2.3682264e-01   2.9300214e-02   1.5962640e-01   1.4117325e-01   6.7380676e-02  -1.1460989e-01   4.1020300e-01   4.6406561e-01   1.3629563e-01  -5.3490158e-02  -3.0468593e-01  -2.7118256e-02   1.4769622e-01   2.1486729e-01   6.9684426e-01   1.0274402e-01  -1.9525219e-01  -2.1873679e-01  -4.1072679e-01   1.4151955e-01   1.4628416e-01  -1.3216647e-01   3.8848516e-02   2.7224945e-01  -2.8312456e-01  -9.2210638e-03  -7.9812856e-02  -1.9563073e-01   5.4874158e-02   6.7649013e-02   5.3737263e-02   6.8271539e-02   3.5430820e-03   9.3215609e-02   1.5641976e-01   2.6061384e-01  -6.8499258e-02   1.5460691e-01   9.6873376e-02  -1.2577971e-01   2.1911709e-01  -2.6164685e-01   1.5331355e-01   7.0946284e-02  -6.2714784e-02   2.0180484e-01   1.5754945e-01   7.9539969e-02  -2.2922845e-01  -4.2598477e-01   7.5186364e-02   2.1942131e-01   2.9763253e-01   7.3133612e-02   3.0575304e-01  -3.0735653e-02   6.8648294e-02   6.2251914e-02   2.7118129e-01   2.5350902e-01  -1.8890194e-01  -7.8060719e-02   4.6549300e-02   8.0913995e-03  -2.0403591e-01  -2.0252507e-01   1.0058984e-01   2.2786154e-01   1.6945389e-01   1.8183544e-01  -6.1758922e-02   1.5603994e-01
  -7.7481671e-02   2.4800723e-01   4.4626836e-01  -2.0273181e-01   0.0000000e+00   1.0256495e-01  -9.4200278e-02   2.3901880e-02   2.7777905e-01   1.7350592e-01  -2.0243648e-01   2.8158532e-01   1.6712632e-01  -4.4525995e-01  -1.8372582e-01  -3.9181138e-01   4.9217596e-01  -9.5673268e-02  -1.3037149e-01   7.6361091e-01  -3.4247430e-01  -4.5763179e-01  -7.5482323e-02  -2.2458159e-02  -7.8697781e-02  -1.4184809e-01   4.9209512e-01  -3.2115609e-01   3.2146799e-02  -5.1017052e-01  -9.2089114e-02   1.0998380e-01   1.3181345e-01   1.7307307e-01   3.3210318e-01   2.5186435e-01   1.0596376e-01  -8.4047342e-02  -2.5646948e-01   5.4159813e-01  -1.1529922e-01   2.2232520e-01   3.9041790e-01  -3.4240052e-01  -4.2341179e-02   2.1201377e-02  -1.2762068e-01   1.5553570e-01  -1.6349143e-01   4.4692698e-01  -8.7656347e-02   9.6052603e-02   2.1413880e-01   1.3598624e-01  -1.3604593e-01  -3.1892103e-01  -6.3853845e-03  -1.2252645e-01  -4.2166653e-01   1.4988379e-01  -3.0144002e-02  -1.0093273e-01   4.2355404e-01  -6.8972766e-02   1.7469594e-01  -2.0087017e-01   2.1928774e-01  -6.2585042e-02  -1.4920103e-02   1.1708825e-01   4.0002794e-01  -1.8328401e-01  -4.0386777e-02   1.2301208e-01   1.4797319e-01   3.5762153e-02  -7.5524999e-02  -2.9154810e-01   5.2561267e-01  -3.6003171e-02  -1.1353849e-01   6.7726556e-02  -8.8190595e-02  -1.0625694e-01   2.8641848e-01  -1.9914661e-02   3.2378658e-01   3.2263447e-03   4.7519417e-01   2.3650252e-04   3.6103136e-01  -6.9740313e-03   2.5881126e-01   9.0246852e-02  -1.3476985e-01   5.7442013e-01  -1.3505611e-01  -3.1937307e-02   1.8598124e-01   1.2474001e-01  -1.6582432e-01  -3.3501114e-01  -6.3438091e-01  -2.6953401e-01  -1.4716088e-01   3.4190473e-01   2.1634821e-01   6.5330952e-02   2.7090815e-01  -6.1040546e-02  -1.4107044e-02  -4.2248022e-01   6.5852086e-02  -7.6718537e-02  -3.3626319e-02   2.8687255e-01  -2.1441212e-01  -1.0057648e-01  -2.6376827e-01  -1.2845915e-01  -4.2428008e-02   3.7989967e-01   4.4082709e-01   1.9183840e-01   6.0971799e-02  -3.5317855e-01  -5.2027584e-02   3.6947674e-01  -1.5091053e-01   2.6128063e-01   9.9392000e-02   1.0576377e-01   3.0509059e-01  -2.2823665e-01   1.7591168e-01   1.0648514e-02   1.2473496e-01  -1.7355540e-01  -1.6919670e-01   7.7396960e-04  -2.0615020e-01   1.1956359e-01  -1.7054168e-01  -2.4703390e-01  -1.2621834e-01  -3.8498314e-01   4.0265522e-01  -1.9930915e-01  -1.0788523e-01   1.8641695e-01  -1.0787974e-01  -5.6183912e-01   3.7012341e-02   1.9298642e-01   3.5857605e-01   3.6704419e-03  -1.9870653e-01  -3.5916380e-01   1.1083793e-01  -4.8512685e-01   2.1338420e-01  -2.6128555e-01   4.6782728e-02  -2.3331392e-01   2.6170729e-01   2.3515989e-01  -1.8135911e-01  -4.4960598e-02   1.3092670e-01   2.6820621e-01   6.1698393e-02  -7.6015725e-02  -7.9912542e-02  -3.4553731e-01  -3.9800527e-02   1.0518455e-01  -1.3792466e-01
  -1.4456235e-01  -1.7868918e-01   2.0145190e-01   1.3911845e-01   1.0256495e-01   0.0000000e+00   3.3655728e-01  -1.0999989e-01  -7.3938376e-02   2.2204536e-01   3.3024533e-01   2.8172740e-02   1.1018719e-01   1.3964934e-01   2.9233428e-01   7.4825360e-02   4.9746616e-02   3.6285259e-01   2.5432374e-01   1.1484813e-01   4.3736622e-01   2.0544731e-01   2.7612484e-01  -2.5170888e-01  -9.6024190e-02  -4.1989058e-01   3.6608202e-01   2.9360887e-01  -7.8568376e-02   3.3143887e-01   7.4123443e-02   2.0612676e-01  -2.6648691e-01  -3.2981151e-02  -1.4127749e-01   5.1577318e-01  -3.6804753e-02  -8.8364593e-02  -1.3843277e-01  -4.3255010e-03   2.0474040e-01  -1.9613606e-01  -3.0460273e-01  -3.6081414e-02   3.0256759e-01  -1.8207698e-01   5.2190148e-01   3.1162088e-01  -1.5078839e-01  -8.2305749e-02   5.4925477e-01  -1.0403738e-01  -4.2501686e-02  -3.4312777e-01  -2.1496082e-01   1.9554446e-01   4.5314319e-01   4.5552507e-01   5.3951213e-02  -1.1599688e-01   8.7472225e-02   7.0489296e-03  -1.0299921e-01  -1.1169966e-01  -8.9024612e-02   4.9180709e-01   7.1728972e-01  -1.0526179e-02   4.9701667e-01   1.9355554e-01  -1.2411543e-02   4.5801883e-01  -1.0618607e-01  -2.7975052e-01  -2.6185956e-01   8.7271983e-03   2.5722283e-02  -2.9340990e-02  -1.7763110e-01   1.5923354e-02   2.3309667e-01  -1.0766883e-01   3.5137042e-01  -3.1222270e-01  -8.0684026e-02  -1.7198459e-01  -2.0428033e-01  -1.1879720e-01  -8.5412779e-02  -1.8928847e-01  -4.2162339e-01   9.9216474e-02  -6.7016539e-02   2.3867690e-02  -1.2879643e-01  -3.1845569e-01   6.2264920e-02  -7.4282043e-02   1.5562460e-01   2.9376220e-01   2.9477696e-02   1.9937513e-01   1.5885007e-01   7.2939471e-02   5.4468464e-01   1.0758326e-01  -1.3720827e-01   3.5288738e-02  -2.7423686e-01   5.9123674e-01   3.1279736e-01   3.8862437e-01   2.3076839e-01  -1.4023746e-01   6.5675958e-02  -4.7268373e-01  -1.5428049e-01  -2.9250181e-01   1.5900474e-02   2.9423211e-01   8.9082344e-03  -5.2955295e-01   8.8693821e-03  -1.0422869e-01  -2.4334495e-01   9.0534255e-02   2.6326111e-01  -1.4925957e-01   3.1114190e-01   3.8169392e-01  -6.9451016e-02   1.7395997e-01  -1.6712177e-01   3.0729539e-02   1.2652058e-01   9.6885549e-02  -2.0684417e-01   2.6654419e-01   1.0361389e-01  -1.5187868e-01  -7.7660418e-02   1.1279239e-01   2.7753127e-01   4.0161959e-01  -2.3522959e-01   9.4052072e-02  -5.4194309e-02   4.3183929e-01   5.5757877e-01   1.8113947e-01   3.6784097e-02   1.1529086e-01  -4.5420343e-02   4.9970900e-02  -4.8264266e-02  -2.3653491e-01   7.1422966e-02   2.5273515e-01   5.9901082e-02   2.7160846e-01   1.3249694e-01   1.8527066e-01   4.6124071e-01   3.4375331e-01   1.9623702e-02  -3.9725215e-01   2.3299372e-01   2.0292896e-02   2.9192095e-02  -1.1215474e-02  -3.5869017e-01   5.1059480e-02   3.5135790e-01   5.4395831e-01   1.0219964e-02  -4.0166457e-01   2.5560225e-02
  -2.6774746e-01   1.7997958e-01  -1.6603792e-01  -1.0434544e-01  -9.4200278e-02   3.3655728e-01   0.0000000e+00  -3.6210548e-01   2.8575540e-02   5.3933770e-01  -7.2980007e-03   3.6208465e-01  -9.9165889e-02  -8.6052049e-02   3.8918653e-01   1.0298329e-01  -4.3933326e-01   1.2371347e-01  -3.1099846e-01   3.1560863e-02   5.5913221e-01  -6.1971269e-02   6.0927005e-01  -4.9926429e-01  -2.3127194e-01  -5.4405938e-01   2.1812796e-01   1.2392173e-01  -1.8351355e-01   1.6691004e-01   1.4728354e-01  -8.9608978e-02  -3.3965371e-01   4.9454091e-01   4.4460049e-01   3.7346621e-01   4.4662031e-01  -5.3516927e-02   1.5233374e-01  -1.7567775e-01   4.9805158e-03  -4.0633684e-01  -2.9098740e-01  -4.1204011e-01   6.5976732e-01  -2.6562529e-01   1.0261120e-01   6.5580882e-01  -2.1425875e-01  -4.9827260e-01   3.6441250e-01  -2.8784837e-01   3.8230351e-01  -5.3427918e-01  -4.1940118e-01  -1.7116152e-01   3.8148353e-02   2.6381836e-02  -9.6597184e-02   3.8192972e-02  -9.3326211e-02   9.3727692e-03  -3.4628549e-01   1.0983042e-01   1.3208150e-01   5.9272663e-01  -4.2862899e-03   4.8433185e-02  -1.6577469e-01  -1.0583877e-01   2.4497307e-01   3.8594289e-01   6.9534303e-02  -3.8732426e-01  -3.9077086e-01   7.2106539e-03  -4.4264552e-02  -4.2402435e-01   8.5543077e-02  -2.8819025e-01   5.6224059e-01   3.9712402e-01   6.7640735e-02  -4.5800035e-01  -4.1909363e-01   1.4263933e-02  -9.3121361e-02  -4.0586965e-01  -2.5138985e-01  -2.8863205e-01  -3.6893284e-01  -1.4773373e-01   2.1310504e-01   2.7527857e-01  -5.2536934e-02  -4.6147495e-01  -9.5829363e-02  -4.5226123e-01   1.6904076e-02   6.1137163e-01  -9.0946672e-02   3.1915417e-01   9.6966159e-02  -7.3931101e-02   3.3601539e-01  -1.4342633e-01  -4.0623325e-01  -4.2300514e-01   5.6663416e-02   3.9521795e-01   4.5814137e-01   3.7085910e-02   1.4952924e-02  -2.0528348e-01   1.7496232e-01   4.3936817e-02  -2.4123170e-01  -9.2627010e-02  -2.3320416e-01   5.8567870e-02  -9.2481724e-02  -4.4157589e-01  -2.0631684e-01   3.4041935e-01  -3.4369501e-01   1.2387268e-02   6.3264553e-01  -3.9955344e-01   1.3236898e-01  -2.8578048e-03   6.8397989e-02   5.5585954e-01  -2.9209218e-01   3.6714135e-01  -2.7008930e-01  -6.5635422e-02  -3.0377382e-01   2.2866399e-01   3.3974231e-02  -1.6765111e-01  -2.8651507e-01   1.2091389e-01  -2.2369974e-01   7.8957941e-02   5.7467417e-01   7.3055946e-02   3.1010669e-01   8.8799816e-02   6.1219762e-01   3.6818808e-01  -2.9437183e-01   1.8075877e-01  -1.9308078e-01  -1.0779147e-01  -1.2968010e-01  -3.1097862e-01  -5.8760831e-02   2.2948595e-01  -1.9738701e-01   1.6918237e-01   1.4501981e-01  -1.9539420e-01   2.0740400e-01   6.6462862e-02  -1.5996898e-01   2.4420199e-01   2.9922881e-01  -2.3620786e-01  -1.0861867e-01   1.7800600e-01   2.5328733e-01   9.4101039e-03   3.0590102e-01   4.5590648e-02  -1.1682574e-01  -4.8102267e-01   8.5978516e-02
   1.9220524e-01  -1.3227019e-01   8.4620655e-02   3.1208568e-02   2.3901880e-02  -1.0999989e-01  -3.6210548e-01   0.0000000e+00   1.0254892e-01   1.2402131e-01   3.5825202e-01  -1.6411571e-01   4.0020115e-02  -1.9430028e-01  -5.5362495e-02   9.8437369e-02   1.1491939e-01  -6.0825082e-03   3.3678159e-01   8.1601532e-02  -1.4200491e-01   9.7839901e-02  -1.9030604e-01   1.3884431e-01  -2.0411792e-02   2.2586203e-01  -3.7000839e-04   3.9622268e-02   7.5825798e-02  -1.3740447e-01  -1.5181186e-01   1.5345487e-01   3.3977645e-02  -8.9212829e-02  -6.7030632e-02   1.6371440e-01  -1.4814078e-01  -4.0340067e-02  -9.1038581e-02   3.5190480e-02  -6.2299093e-02   7.9784264e-02   6.1209193e-02   1.0826458e-01  -1.0452876e-01   3.2545701e-01   2.7687586e-01  -3.3044730e-01  -1.3624285e-01   1.4984700e-01   1.9805785e-01   6.8046925e-01  -3.0332348e-01   1.8058805e-01   8.5557752e-02  -4.2021168e-02   2.8116181e-02   3.2346554e-01  -1.6824014e-02   2.8449799e-02   2.6112012e-01   1.2044080e-01   1.0660356e-01  -8.6086539e-02  -1.5277226e-01  -2.0325725e-02  -1.0747346e-01  -1.9974557e-01   1.7972382e-01   2.9562434e-01  -2.0666509e-01  -1.4463117e-02  -4.8627276e-02   1.8433293e-02   5.8244124e-03   3.3743796e-01   2.4495908e-01   2.9713856e-01  -2.4445293e-01   1.9166670e-02  -4.3271477e-02  -1.6968912e-01  -1.2254875e-01   4.3194172e-01  -5.2088584e-02   4.1940306e-01   8.5111709e-02   1.9849261e-01  -5.5850695e-03   8.3229761e-02   1.1401912e-01   3.5371667e-01  -1.5807133e-01   1.8012950e-01   5.7181323e-02   4.6717253e-02  -5.6846132e-02   3.5370649e-01   1.1933177e-02  -7.0780520e-02  -1.2461574e-01   6.6885078e-02  -1.9160457e-01   1.9238442e-01   2.0673900e-01   3.3353238e-01   1.8056261e-01   3.2401653e-01  -6.9847668e-02  -2.3035225e-01  -8.8655233e-02  -2.8564338e-02  -1.5253825e-01   7.1826562e-02   2.0179127e-03  -2.4954452e-01  -5.1100139e-02  -9.5276112e-02   6.9875961e-02  -1.6678915e-01   1.5769779e-01  -4.2264644e-02   2.5423022e-04  -1.2505380e-01   2.6002094e-01   1.1387722e-02  -1.8418846e-01   1.7262927e-01   4.7435841e-01   1.4921666e-01  -9.0308366e-02  -3.9505757e-02  -1.4284754e-01  -2.3513543e-01   3.8923005e-01   5.8458058e-01   1.4905245e-01  -7.5479426e-02   3.5763018e-01   2.1264663e-01  -4.7051511e-02   4.7486970e-02   1.8860520e-01   1.1572535e-01  -2.2172072e-01  -1.3894708e-01  -3.4145698e-02   1.1954844e-01   5.3054567e-02  -1.0002324e-01  -9.2427509e-02  -1.3823357e-01   7.0315752e-03   4.9756583e-02  -7.7033697e-02   1.7210780e-01   1.8207247e-01  -7.2903248e-02   3.3842179e-01  -5.7565036e-02   4.3510228e-02   3.3425931e-01   2.5660310e-01   6.4545488e-02   2.3433980e-01  -1.5360847e-01  -2.5583670e-01  -2.2359715e-02  -9.9760872e-02  -2.8532724e-01  -1.4512762e-01  -6.4646674e-02   1.1224356e-03  -4.9057493e-02   1.3956512e-01   6.1138114e-02   2.2950541e-01
  -8.5851797e-03   7.3501111e-01   2.1144413e-01  -2.7975964e-01   2.7777905e-01  -7.3938376e-02   2.8575540e-02   1.0254892e-01   0.0000000e+00   1.1047405e-01  -7.6763752e-02   5.4548043e-01  -7.8019486e-02  -9.8288079e-02  -4.5966713e-01  -1.9694315e-01   1.1782495e-01  -1.9998982e-01   4.5336418e-02   1.3599633e-01  -2.4460945e-01  -1.9703452e-01  -3.5304345e-01   2.2894737e-02  -5.5148141e-02   9.7329857e-03   2.9667695e-01  -3.5916839e-01  -1.9673158e-02  -1.2449546e-01  -1.2179810e-01  -4.3195047e-02   1.5660675e-01  -9.7063997e-02   2.8400103e-01   7.3642442e-02   3.5903868e-02  -1.4584520e-02   4.1271846e-02   6.5739833e-02  -8.3412612e-02   6.4646718e-02   2.1833585e-01  -3.2618406e-01  -4.6071945e-02   1.4177034e-01  -6.8735005e-02   1.4267376e-01  -2.5376830e-01   1.7843393e-01  -6.2473393e-03   1.1248524e-01   1.3969547e-01   1.2237158e-01  -1.4632289e-01  -4.9782300e-01  -9.3564069e-02  -1.2324341e-01  -8.5526888e-02   5.5698155e-01   1.2016874e-01  -5.8035650e-02   9.9306538e-02   4.2708003e-01   4.1313647e-01  -6.7768614e-02  -2.1678429e-02   3.4603588e-01   5.7496885e-02  -6.8073777e-02   3.4008006e-01  -1.1128382e-01   3.2489465e-02  -3.5003731e-02   1.4930857e-01   1.0386562e-01   8.9285702e-02  -4.5652657e-02   3.9778458e-01  -1.5200534e-01  -2.5574583e-01   2.2834404e-02  -2.8645820e-01   1.4148055e-01  -7.2430900e-02   2.4304514e-01   4.9378681e-01  -1.7370774e-02   3.0926531e-01   1.3864290e-01   6.5840768e-01  -3.8974647e-04  -1.0154767e-01   6.4957824e-01  -5.0758683e-02   8.6402069e-02  -1.7779778e-01   4.7551340e-02   1.8120889e-01  -1.6823066e-01  -3.3298750e-01  -1.2302429e-01  -4.0975829e-01   3.1119718e-01  -2.2617356e-01   7.1699940e-02   2.2568331e-02   1.0867662e-01  -7.7332384e-02  -2.7817297e-01  -2.2791492e-01  -1.7617469e-01  -3.4249426e-02  -3.9280939e-02  -2.8175035e-01   4.8244316e-01  -7.4929969e-02  -8.2710244e-02  -3.0852604e-01  -8.1591562e-02   1.8913158e-01   3.3152142e-01   4.3738917e-01   4.4828577e-01   1.6652192e-01  -1.1510715e-02   2.4823255e-01   1.4473937e-01  -7.0647357e-02   1.7201442e-01   8.5827121e-02  -1.1946427e-01   1.8518135e-01  -1.4777449e-01  -3.7105787e-03   2.3951094e-01   7.2724025e-02  -2.4933954e-01   4.4443639e-02   1.2288660e-01  -1.4943619e-01  -3.6921387e-02  -1.6557902e-01  -1.9133677e-01   2.3523449e-01   1.2151171e-01   4.0082520e-02   4.7624065e-02  -2.0480915e-01  -9.5315151e-02  -2.2716374e-01  -4.4095823e-01   4.6207094e-02   3.8217089e-01   4.9226717e-01   8.7079513e-02   1.3138931e-01  -1.4502487e-01   4.2520736e-02  -4.7517780e-01   3.5648330e-01  -6.3044242e-02  -5.6481754e-02   3.9805117e-03   1.0757938e-01   1.3024797e-01   5.6914731e-02  -1.2047811e-01   2.1123063e-01  -6.3268497e-02   2.7511905e-01  -4.3904722e-02   3.2960033e-02  -1.6981146e-01   7.9586181e-03   7.2578905e-02   2.6814838e-01
  -1.2706552e-01   1.5614450e-01   2.8532041e-01  -1.8861500e-01   1.7350592e-01   2.2204536e-01   5.3933770e-01   1.2402131e-01   1.1047405e-01   0.0000000e+00  -5.2446587e-02   4.1190823e-01   4.2115980e-03  -5.1195323e-01   3.1587376e-01   2.4167461e-02  -3.3469569e-03  -2.7608758e-01  -2.5569852e-01   4.2669080e-01   1.9182088e-01  -2.9580060e-01   4.6244392e-01  -3.1622377e-01  -2.8871145e-01  -3.5531203e-01   3.5974159e-01   1.0965060e-01  -8.1994328e-02  -2.9798898e-01   2.0242739e-02  -8.7917050e-02  -2.4946363e-01   6.6264616e-01   5.2373888e-01   4.0497279e-01   4.1099466e-01  -1.7952430e-01  -1.2198487e-01   2.9756214e-01  -1.9449630e-01  -1.6345415e-01   2.9119033e-02  -4.6154754e-01   2.9688760e-01   2.8314776e-02  -4.2422279e-02   3.6568607e-01  -5.1409032e-01  -4.8134098e-02   1.3088013e-01   1.6994186e-01   1.8691515e-01  -2.9755983e-01  -4.0025521e-01  -2.9960689e-01  -1.9293333e-01   2.0280676e-01  -3.7702230e-01   2.0258476e-02   1.1691885e-01  -8.9270851e-02  -9.0218384e-02  -1.8261222e-02  -1.4719912e-01   4.3923585e-01  -1.5573519e-01  -6.4102624e-02  -2.9693337e-01   4.0364911e-01   3.6870718e-01   1.5803487e-01  -1.0106508e-01  -2.7817535e-01  -3.7311458e-01   2.5106203e-01   6.5988716e-02  -4.0250041e-01   2.1518255e-01  -5.2485948e-01   6.1440350e-01   2.1513598e-01  -8.6079569e-02  -2.6522875e-01  -2.3624273e-01   2.8263899e-01   7.1977461e-02  -2.0357389e-01  -1.5232131e-01  -2.5851975e-01  -1.4326159e-01   1.4894321e-01   4.4375168e-01   2.5218290e-01  -5.6805020e-02  -1.4199914e-01  -2.0252454e-01  -1.5820193e-01  -1.7352880e-01   5.8349391e-01  -1.3222734e-01   8.6312140e-02  -2.8424763e-01  -1.1584781e-01   1.3531114e-01   5.2889180e-02  -2.6811898e-01  -1.5720898e-01   2.2851560e-02   1.0707411e-01   5.9415591e-01  -3.2386253e-01  -8.2825662e-02  -1.7995163e-01   3.9148219e-01   4.7262603e-02  -3.1075197e-01  -9.8307626e-02  -2.2610207e-01  -1.8290278e-01  -8.3408955e-02  -2.2378946e-01  -5.6608140e-02   3.0694016e-01  -1.7531650e-01  -3.2904247e-01   2.6171459e-01  -3.0429578e-01   2.9646329e-01   4.3883322e-01  -3.4139411e-02   4.7909984e-01  -2.9788460e-01   1.1970957e-01   1.6508668e-01   4.1456753e-01  -3.5017608e-01   2.5441581e-01   2.5091900e-01  -1.3957669e-01  -4.5245841e-01   2.9406146e-01  -1.7691082e-01   2.6174658e-01   2.5624890e-01  -2.7760306e-01   6.0335414e-01  -1.2841956e-01   5.9792894e-01   3.7862185e-01  -2.4928707e-01  -3.1727566e-02  -3.5363047e-01  -1.3752318e-01   1.9763633e-01  -2.9133080e-01  -1.6912508e-01  -6.9953895e-02   2.0128718e-02  -1.1386543e-01   1.8678089e-01  -1.8599938e-01   4.5141932e-01  -2.3367580e-01   6.2511068e-02   3.3456601e-01   6.9933220e-02  -2.8900225e-01  -1.9009958e-01   1.5550916e-01   2.7549111e-01  -8.9586572e-02  -6.9063293e-02  -1.7580176e-01  -1.9742512e-01  -3.8491452e-01   1.4721986e-01
   1.1183409e-01  -2.0193499e-01  -9.1210591e-02  -1.9149179e-03  -2.0243648e-01   3.3024533e-01  -7.2980007e-03   3.5825202e-01  -7.6763752e-02  -5.2446587e-02   0.0000000e+00  -2.8254206e-01   1.1859471e-01   6.5990051e-02   2.1665824e-01  -7.2435818e-02  -1.1511424e-01   5.5823222e-01   9.5172017e-02  -2.2603428e-01   3.7624065e-01   3.1512577e-01   2.3853305e-02   1.5029963e-01  -1.3470922e-01   7.7067863e-02  -6.1359914e-02   1.9732972e-01   1.1018178e-02   3.6878763e-01   2.2084047e-01   3.3181250e-01  -2.6360315e-01  -2.4997955e-01  -3.3719469e-01   4.8585805e-01  -2.4181911e-01  -1.2855633e-02  -1.0645494e-01  -3.7523311e-01   2.7250698e-01  -1.9018055e-01  -3.9713425e-01   3.8809132e-01   2.5465794e-01   1.2173052e-01   7.7386923e-01   1.3549995e-01   5.2823219e-02  -2.1282269e-01   6.6831702e-01   4.3816082e-01  -1.0913062e-01  -2.7781496e-01  -1.2294194e-01   3.6003875e-01   2.5831194e-01   4.5759368e-01   3.8995419e-01  -1.9045517e-01   2.2205956e-01   1.6853410e-01  -2.3137479e-01   8.9661342e-02  -2.4686891e-03   3.5020632e-01   1.2030715e-01  -3.5866020e-01   4.8467625e-01   1.7508088e-03  -3.3099535e-01   3.6914453e-01   1.6967026e-01  -2.3082577e-01  -3.1551850e-01   3.2206673e-01   2.8031750e-01   3.2352611e-01  -4.9786465e-01   1.6991613e-01   5.1995878e-02  -6.5666982e-02   3.8529891e-01   1.6168264e-02  -3.5135645e-01   1.8345818e-01  -1.2541292e-01   1.4089297e-01  -2.6519833e-01   6.5173875e-03  -3.4782767e-01   1.4990932e-01  -3.9903974e-01   1.7586872e-02   5.8964874e-03  -4.2446816e-01   1.4974729e-01  -1.2449421e-01   2.1327943e-01  -7.0980007e-02  -6.1625343e-02   3.8899788e-01   3.0886736e-01   1.5348823e-01   5.9326146e-01   1.8898730e-01  -1.0549389e-01   9.6289850e-02  -5.4961669e-01   3.5235317e-01  -2.3621777e-02   3.4916416e-01  -1.2806397e-01   1.9247437e-02  -1.8423949e-01  -6.0564024e-01   1.0060792e-01   1.5804315e-02   1.8449590e-01  -5.5304974e-02   3.4189713e-01  -4.7518967e-01  -3.1872556e-01  -9.0685111e-02   1.2896158e-01   5.7871144e-02   1.0300446e-01   4.7423545e-02   4.7915159e-01   1.7186996e-01   4.6830674e-02   2.1725518e-01  -2.6845492e-01   1.1201473e-01   4.2780981e-02   3.1678349e-01   8.8848336e-02   2.3943402e-01   3.7058161e-01   1.0710434e-01   6.7773097e-02   6.5574652e-02   5.4352633e-01   1.5284987e-01  -2.5913748e-01   3.6561424e-01  -3.4449751e-01   6.7153036e-01   4.1891289e-01  -4.6825037e-02  -2.1990194e-01   2.0326420e-01   2.4931597e-01   4.8060166e-01  -3.0882692e-01   1.1664744e-01   3.0163959e-01   4.7983655e-01   1.1778652e-01   2.9110083e-01  -1.0739370e-01   7.4021168e-01   5.7481185e-01   6.3944073e-01  -8.4854116e-02  -5.5894009e-01   1.0594199e-01   1.7609758e-01   7.9340367e-03  -1.5711357e-01  -4.4020204e-01  -6.2716267e-03   4.8472361e-01   3.2945634e-01   8.3171912e-02  -8.5125363e-02  -3.9048979e-02
  -3.2431222e-01   6.1352405e-01   4.2757323e-01  -4.9991212e-01   2.8158532e-01   2.8172740e-02   3.6208465e-01  -1.6411571e-01   5.4548043e-01   4.1190823e-01  -2.8254206e-01   0.0000000e+00  -7.5545397e-02  -8.4389454e-02  -2.0356767e-01  -8.2863540e-02   1.9541275e-01  -1.6066076e-01  -1.8839427e-01   2.2036550e-01  -2.0108169e-01  -3.0595314e-01  -5.4739581e-02  -2.9066624e-01  -8.0795079e-02  -1.4840027e-01   4.2898461e-01  -2.6390512e-01  -1.5768593e-01  -1.1572505e-01  -1.3777490e-01  -2.0003808e-01   7.1219776e-02   2.2465705e-01   6.0670215e-01  -7.8712900e-02   8.6097539e-02  -1.2325322e-01   2.7180774e-02   2.6106301e-01  -8.6267477e-02  -1.0077119e-01   3.7801398e-01  -3.2589454e-01   5.8550981e-02  -2.4303176e-01  -2.9335311e-01   2.4920430e-01  -4.0816405e-01   2.5269084e-01  -1.1598921e-01  -8.6957926e-02   2.1855273e-01   2.6587054e-02  -2.0422571e-01  -3.6392579e-01  -1.2157134e-01  -3.2433135e-01  -1.5713605e-01   6.4840521e-01  -8.5505379e-04  -3.6366711e-02   2.3267746e-01   2.7948160e-01   2.3684912e-01  -5.1025502e-02  -9.4011848e-02   3.1769955e-01  -1.1638978e-01  -1.1287552e-01   4.0331996e-01  -1.8757790e-01   5.0693318e-03   2.2784087e-01   3.0688070e-02   6.0688666e-02  -2.1069814e-01  -1.6831664e-01   5.5043153e-01  -1.9988402e-01  -1.3473119e-02   2.2407026e-01  -1.8413713e-01  -4.9632899e-02  -2.5323713e-02   1.8871723e-01   3.0527185e-01  -2.1833488e-01   2.6134028e-01  -2.1558832e-01   3.0261800e-01  -1.0339497e-01   5.4418566e-01   5.3348220e-01  -7.6275252e-02   7.2241705e-02  -1.4209795e-01  -7.3847523e-02  -8.8949603e-02   5.2020298e-02  -2.3259611e-01  -1.3590552e-02  -4.0634885e-01  -1.0824866e-01  -2.9656448e-01  -8.8198471e-02   3.3725852e-02   3.0286038e-02   1.0286519e-01  -1.7391619e-01   1.7972373e-01  -2.8588041e-01  -3.2519385e-02  -2.4253405e-01   6.7712224e-02   4.4003933e-01  -1.4234611e-01  -7.9472280e-02  -4.9831478e-01  -1.8027258e-01  -1.4264430e-01   3.4067610e-01   4.9228387e-01   3.8695551e-01  -3.2870285e-01   1.9871961e-01   4.2217948e-01  -2.8366788e-02  -2.3859908e-01   1.8951908e-01   1.2325960e-01  -3.0169350e-02   2.2972963e-01  -1.2218520e-01  -1.9721156e-02   3.6708933e-02   7.3171799e-02  -1.5559035e-01  -5.0393610e-02  -1.1614691e-01  -3.8024168e-01   5.1392915e-02  -2.5191128e-01  -2.1716709e-01   5.1577251e-01  -8.0206455e-02   4.4342862e-01  -1.8310247e-01  -1.0764357e-01  -5.6997849e-02  -1.8308669e-01  -3.6706100e-01  -1.7088713e-01   8.6610823e-02   5.8254292e-01  -1.2096471e-01  -1.2416845e-01  -6.4866626e-02  -7.7426020e-02  -4.3262584e-01   4.1356058e-01  -3.0575481e-01  -1.6307442e-01  -2.2949854e-01  -1.5055728e-02   4.3264607e-01   3.1939346e-01  -2.5747467e-01   5.7866883e-02   1.0596216e-01   4.1446789e-01  -1.2204099e-01  -1.5905471e-01  -1.7504410e-01  -1.7313342e-02  -6.3073296e-02   4.4155834e-02
  -9.7588710e-02  -1.1775095e-01   3.0247644e-01   9.3952862e-02   1.6712632e-01   1.1018719e-01  -9.9165889e-02   4.0020115e-02  -7.8019486e-02   4.2115980e-03   1.1859471e-01  -7.5545397e-02   0.0000000e+00  -2.3101960e-01   9.0898444e-02   2.8404605e-02   1.9581312e-01   7.1088627e-03  -3.1221629e-02   3.4593034e-01  -1.0090914e-01  -3.0467550e-02   6.4302847e-02   3.4645070e-02   1.2000595e-02  -1.9911263e-02   7.8739382e-02   2.4322918e-02   1.2608371e-01  -1.6830250e-01   4.3134139e-02   1.2739898e-01   6.9874042e-02   6.2224622e-02  -7.4964487e-02   2.4771408e-01  -1.4838425e-01   9.5681705e-03  -4.4691744e-02   1.3183821e-01   6.2896597e-01   1.3776974e-01   1.7193937e-01   1.0761874e-01  -1.2103168e-02   1.1229027e-02   1.3622993e-01   4.5855508e-02   5.8381514e-02   2.3375761e-01   2.0841442e-02   2.1985610e-01  -1.2726757e-02   6.5048851e-02   7.0606746e-02  -3.7818278e-02  -8.1074496e-03   1.2408999e-01   1.7167300e-01  -8.6163157e-03   4.8974191e-03   7.3984978e-02   1.9439015e-02  -1.8142460e-01  -2.5977535e-01  -4.5026738e-02   9.0654284e-02  -1.9519631e-01   8.4779986e-02   1.2645191e-01   5.8862728e-02   1.4581435e-02   3.4737490e-01   9.0322826e-02   9.2839287e-02   2.1311469e-01   1.3752957e-01  -2.2224898e-02  -2.2710816e-02   1.4721516e-01   3.3932504e-02   3.3224269e-01   1.1748541e-01  -3.1821856e-01   1.3549596e-01   1.5534762e-01  -8.8673497e-04   1.0668859e-01   1.6113070e-01   2.7586497e-03   9.5244373e-02   5.8336666e-02   9.1976941e-02  -1.1161743e-01  -9.7687867e-03   2.2937639e-01   2.6451552e-01  -1.4217737e-01   1.1206599e-01  -6.9355352e-02   3.6742231e-02  -2.4939638e-01  -7.3064696e-02  -2.7321379e-01  -2.1298882e-02   3.0170828e-01   1.7065151e-01  -2.1667915e-02  -5.6726209e-03   4.3245663e-02   9.3020491e-02  -8.3044365e-02   1.2453620e-01  -8.3278247e-02   1.6736278e-02  -2.7747051e-02  -1.6299125e-01   4.0232682e-01   3.8745176e-02   7.7387262e-02  -1.0702460e-01   4.5140283e-02   9.5877540e-02   2.1221782e-02   5.1382573e-02  -2.0640687e-01  -1.7322733e-01   1.4098338e-01  -3.8925065e-02   8.1063296e-02   5.6483753e-01   1.2888697e-01   8.8472755e-02  -5.0957503e-02  -3.9464710e-02   8.5195937e-02   1.2550520e-01   9.1030439e-02   3.4350186e-02   1.7386650e-01  -8.5484568e-02   6.3070007e-01  -1.4207301e-01   1.5461127e-02  -1.8410322e-01  -1.4447807e-01   6.7176428e-02  -1.0483770e-01   3.7177824e-02  -8.3875409e-02  -5.8371398e-02  -2.2819300e-02   1.2732517e-01  -9.7468685e-02   2.3429596e-01   4.4601773e-03  -1.0593785e-01   2.0303288e-01   4.6079118e-02  -9.3646571e-02  -6.6732212e-02  -2.0806315e-03   1.1966335e-01  -2.6421848e-03   1.9433490e-01   7.7332003e-03  -2.0450545e-01   5.6429295e-03   4.8869626e-02   3.9711538e-02  -5.0069260e-02  -6.9681210e-02  -2.6656740e-01  -8.1014130e-02  -8.1035442e-02  -3.8258017e-03   5.1033544e-02
  -1.0339873e-01  -1.1211809e-01  -1.9648843e-01   2.4850840e-01  -4.4525995e-01   1.3964934e-01  -8.6052049e-02  -1.9430028e-01  -9.8288079e-02  -5.1195323e-01   6.5990051e-02  -8.4389454e-02  -2.3101960e-01   0.0000000e+00  -1.2691272e-01   2.5417888e-01  -1.3848599e-02   3.7397028e-01   4.8074696e-01  -6.2269223e-01   2.1497180e-01   3.5368196e-01  -2.9264129e-01   4.4682811e-02   1.6587945e-01   3.3745212e-02  -3.3671463e-01   1.2883145e-01   1.2280215e-01   6.7735556e-01   1.0076451e-01  -2.0646026e-01  -4.5655642e-02  -6.1067602e-01  -4.5206694e-01  -2.6048043e-01  -3.6431032e-01   1.7145313e-01   3.5913021e-01  -4.7673409e-01   1.7472999e-01  -6.3365788e-02  -2.8072455e-01   3.7348355e-01  -1.2735379e-01  -1.6796189e-01   1.6926744e-01  -2.1509453e-01   3.1797775e-01  -1.4080529e-01   4.6458703e-02  -3.7049289e-01  -2.1281742e-01   1.1176305e-01   2.7503327e-01   3.0020702e-01   1.7822916e-01  -9.1857596e-02   3.1722180e-01   2.3339029e-01   1.2882574e-01   2.2936779e-01  -1.1889112e-02   3.3251577e-01   1.9517639e-01  -3.9237937e-02   3.0315805e-01   2.9862713e-01   3.0821262e-01  -1.3858392e-01  -4.2759748e-01   1.3164381e-01   1.2978983e-01   3.3431435e-02   1.2611051e-01  -2.4619288e-01  -1.1795192e-02   3.6586131e-01  -1.9377625e-01   3.2750122e-01  -4.1939512e-01  -1.7225456e-01   2.0307073e-01   1.4033718e-01   1.8509284e-01  -2.6322447e-01  -9.7830085e-02  -2.8941478e-02  -9.2464363e-02   2.0504039e-02  -1.7517165e-01   1.9801563e-01  -3.3000204e-01   4.4030081e-02   1.5244190e-01  -3.5288911e-01   2.1577231e-01   2.5102290e-01   1.8881403e-01  -4.7819395e-01   3.1974779e-01   2.7730348e-01   4.7460519e-01   2.2803794e-01  -1.6422877e-02  -3.8526345e-01   6.3389635e-02   5.0962514e-02  -2.0204740e-01   2.0543481e-01  -2.2242475e-01   5.3878787e-01   1.4242666e-01   5.4018811e-02  -1.8550621e-01  -1.5672891e-01   1.1260152e-01   3.3000924e-02   1.9474923e-01   3.0143137e-01  -1.5662055e-02  -1.5276525e-01   2.1789213e-02  -1.8592840e-01  -1.5202644e-01   6.7067889e-01   2.2186744e-01  -9.8268570e-02  -1.4538371e-01  -7.5504017e-02  -1.4736937e-01  -3.5606731e-01   2.3792214e-01   3.9483464e-02  -2.5380818e-01  -2.7089504e-01   1.3710832e-01  -1.6403456e-02  -1.3367020e-01  -7.0038045e-02   3.5920935e-01  -3.0353183e-01   1.8168318e-01   1.8412279e-01   1.0406396e-01   5.4901761e-01  -6.4215547e-01   3.4495201e-01  -2.6904188e-01  -3.0092914e-01   3.5254763e-01   6.9992791e-02   1.4433979e-02   4.4470293e-02  -1.5755859e-01  -2.2638737e-02   3.4713885e-01   1.9745495e-01   9.6214667e-02   1.6897351e-01  -4.2261113e-03   9.2974492e-02  -2.0679402e-01   2.9488948e-01  -2.4170087e-01  -4.7602706e-01   4.2050945e-01  -1.9411830e-02   6.3941031e-02  -1.2699072e-01  -3.3176321e-01   1.8111979e-01   3.5180446e-01   5.4968637e-01   1.6793546e-01   3.4125607e-02  -2.4275910e-01
