   0.0000000e+00  -4.9126237e-01   3.9481677e-02   3.0991006e-02  -4.5242842e-01  -2.9380817e-01  -5.7953452e-01   2.2795439e-01  -1.5427091e-01  -5.9304242e-01   1.7203166e-01  -4.3036268e-01  -6.4018169e-02   5.8286060e-01  -3.7423509e-01  -3.0225451e-01  -4.0893597e-01  -1.1929297e-01   2.2523847e-01  -5.4360025e-01  -2.8906119e-01  -9.3259304e-02  -4.3023855e-01   7.0912991e-01  -1.0163013e-01  -8.8315265e-02  -5.1365808e-01   6.1929267e-01  -1.0541508e-01  -4.1615283e-01  -1.7229797e-01   2.7759029e-01   9.1692163e-02  -4.3832256e-01  -4.9538767e-02  -4.2687872e-01  -6.2296406e-02  -5.4233764e-02  -4.5912188e-01  -5.1682236e-01  -2.7698941e-02   6.4247816e-02  -2.7685001e-01   6.8055533e-01  -2.9668769e-01   3.7478256e-01   1.6101509e-01  -4.8157082e-01  -2.6998611e-02  -4.0823750e-01  -2.2558326e-02   4.1096486e-01  -4.5974762e-01   4.2084728e-01   4.3276259e-01   3.4403982e-01   2.3096180e-01   3.5859827e-01  -1.9956429e-01  -1.6245389e-04   2.0991326e-01  -1.8653227e-01  -4.1375205e-02  -2.2119394e-01  -2.2400806e-01  -5.2589604e-01  -2.2410719e-01   1.3435577e-01  -4.8936675e-02   3.7362755e-01  -4.9652815e-01   3.0367502e-01   1.5867265e-02   7.1803821e-01   3.6826777e-01   3.8607654e-01   2.3606930e-01   3.9435205e-01  -4.9257652e-01   3.8756232e-03  -1.4107121e-01  -1.5127496e-01  -1.1869590e-02   4.0527859e-01  -9.3608438e-02   3.1724536e-01  -1.6426775e-01   7.8806483e-01  -1.6763283e-01   3.7600119e-01  -3.3104114e-01   2.2146662e-01  -3.7477940e-01   2.1717771e-01   4.2088868e-01  -3.1311286e-01   2.0046822e-01   2.7059245e-01  -2.1535970e-01  -1.9910520e-01   3.4109382e-01   6.3650907e-01   7.8837885e-02  -1.0334109e-01   2.9085706e-01   2.6106589e-01   2.3698069e-01  -1.3843993e-01  -2.1216944e-01  -4.0033698e-01  -2.6274598e-02   4.9815107e-03   1.4206978e-01   8.5289801e-01   3.8236646e-01  -2.8053073e-01   3.4041189e-01  -1.7256932e-01   6.3087784e-01   1.4243871e-01   6.7217537e-01  -4.1990859e-01   1.7260668e-01  -1.9418921e-01   6.4495639e-01   6.2596785e-01  -1.3962228e-01   2.1620577e-01   1.7958674e-01  -1.4071134e-01  -1.7164933e-01  -4.7899350e-01  -3.9866976e-01  -3.6671183e-01   2.8848653e-01   3.0459500e-01  -1.7016384e-01   2.7568302e-01   4.2595823e-01   4.4020800e-01   7.0081316e-01   9.4719608e-02   2.5500661e-01   6.4998721e-02  -8.9287191e-02  -2.2378122e-01  -5.0811047e-01  -4.6157075e-01  -3.0679707e-01  -5.3735789e-01   6.7090374e-01   5.0457168e-02   5.8450782e-01  -8.1178624e-02  -6.2750511e-01   3.2534258e-01   5.6382706e-01  -9.0713934e-02   2.7595416e-02  -3.4741034e-02   2.7651250e-01   1.0795525e-01  -3.0646008e-01  -1.8887862e-01   5.1801224e-02  -2.2743528e-01  -7.7214320e-02   2.3867455e-01   6.0599409e-01  -3.5473445e-01  -5.3722482e-01  -2.4128840e-01  -1.3120037e-01  -2.8728831e-01  -4.3585265e-02   9.9614274e-02   4.9444866e-02
  -4.9126237e-01   0.0000000e+00   1.5488634e-01  -2.7905792e-01   6.7864058e-01   8.1530389e-02   6.4489680e-01  -2.4111547e-01   6.1048503e-01   4.3106016e-01  -4.3691939e-01   8.1123753e-01  -1.0540686e-01  -5.1588083e-01   2.3819079e-01  -1.1143268e-01   5.2846517e-01  -3.0591463e-02  -3.0978880e-02   5.8636231e-01  -1.4210636e-01  -2.7917637e-01   1.5098479e-01  -3.8467997e-01   2.0548477e-02  -1.4696124e-01   3.7506098e-01  -3.1804324e-01   1.7906797e-01   7.0481403e-01   3.1886840e-01  -2.7327544e-01  -2.5561127e-01   6.4106112e-01  -4.8142544e-01   4.1514681e-01   5.8476912e-02  -6.8916151e-02   4.4515921e-02   5.5898320e-01  -1.2244877e-01  -1.6627351e-01   6.2059508e-01  -5.2750062e-01   4.6882643e-01  -1.0658712e-01  -3.4201521e-01   5.8295220e-01  -1.4815455e-01   4.2844683e-01  -2.9111882e-01  -1.9786031e-01   8.0122594e-01  -6.0939655e-02  -1.9461087e-01  -5.9827721e-01  -4.4911949e-01  -3.5922957e-01  -5.5745092e-02   1.5600774e-02  -1.3601968e-01   1.1198480e-01   3.3423111e-01   6.5244213e-01   5.3431209e-01   3.0745850e-01   1.2791785e-01   3.6503860e-01  -1.2424739e-01  -2.7298355e-01   7.7212250e-01  -3.0232732e-01  -8.8007085e-02  -4.3623947e-01   1.9066448e-03  -3.9918610e-01  -1.5299970e-01  -2.2291008e-01   7.8196599e-01  -1.2067625e-01  -3.4132033e-01   8.0543061e-03   2.3724141e-01  -2.5012209e-01   1.7608248e-01  -4.9426082e-01   3.8274594e-01  -4.2316046e-01   2.8700653e-01  -2.3408873e-01   5.8286819e-01  -1.2931495e-01   5.1491955e-01  -1.4603322e-01  -3.2034533e-01   6.2318942e-01  -1.4632238e-01  -2.2704559e-01   1.8865829e-01  -4.0436520e-01   6.5924572e-02  -5.5106657e-01  -4.5588085e-01   2.7056608e-01  -3.9701063e-01  -2.9213655e-01  -8.6476492e-03  -7.7409661e-02   1.9793047e-01   5.1824855e-01   1.8026240e-01  -4.0516772e-01  -2.0564079e-01  -4.0069649e-01  -4.5165412e-01   6.5227980e-01  -2.4499484e-01   3.0339492e-02  -4.3183813e-01  -3.5383705e-01  -2.2968378e-01   6.5899045e-01   2.2456821e-01   1.4479000e-01  -2.4578868e-01  -4.9503998e-01   8.9488190e-03   6.9549086e-02  -3.0761455e-01   6.8450978e-02   1.4226386e-02   3.5430084e-01   4.1517259e-01   3.3542953e-01  -2.9853619e-02  -3.1074036e-01   1.5031090e-01  -9.7837575e-02  -4.3665629e-01  -2.3602759e-01  -2.7769502e-01   9.0153066e-02  -4.1720045e-01  -3.6346626e-02  -1.2454181e-01   6.6165888e-02   5.5916213e-01   3.6408236e-01   6.9840741e-02   4.0872480e-01  -4.8790313e-01  -2.5472034e-01  -2.6837486e-01   2.4837199e-01   7.9751651e-01  -1.9704114e-01  -3.0972653e-01  -1.5916620e-01   6.2036169e-02  -1.5488932e-01   1.1641448e-01  -3.4915353e-01   3.9639615e-01  -7.1793025e-02  -2.8646073e-01   5.3975267e-01   1.5049628e-01  -1.8675298e-01  -2.9278785e-01   4.1278521e-01   5.7283037e-01   1.3792058e-01   3.1661779e-01  -6.8592959e-04   7.3399149e-02   3.9773463e-02  -3.2338184e-01
   3.9481677e-02   1.5488634e-01   0.0000000e+00  -1.9651810e-01   9.1025973e-02   2.1447369e-01   7.8610211e-02   1.6273865e-01   7.0386215e-02  -1.3680176e-01  -1.1267984e-01   2.3883423e-01   1.3384503e-02  -1.8879133e-01  -7.2224384e-03  -6.9664203e-02   6.4006408e-01   1.4830724e-01   2.1564957e-01   7.2141787e-02  -3.2135825e-01  -2.1673811e-01  -9.6764506e-02  -1.9878525e-01   1.2295755e-01  -8.1404940e-02   1.5629715e-01   2.0637995e-01   3.6696950e-01  -5.1311991e-02  -2.3650778e-01   1.4114608e-01  -4.2142173e-02   1.2887111e-01  -3.2524043e-01   5.5320537e-02  -2.9864953e-01  -3.9345259e-02  -8.9987470e-02   1.8154946e-01  -3.2049145e-02  -4.3534548e-02  -9.2349181e-02  -1.6749811e-01  -5.5878926e-02   6.2169900e-01   2.8358231e-02   1.4786639e-02  -3.1180280e-01   3.2018171e-01   6.1202300e-02   3.7345038e-02   2.2111940e-02   1.8850622e-01  -1.0542157e-01  -1.0659791e-01   1.3656148e-01   4.7986337e-02  -7.9514528e-02   1.1999263e-01   6.5425648e-01  -5.3321776e-02   7.7228718e-02  -8.6768126e-02  -1.6144686e-01  -7.0003984e-02  -4.3213369e-02  -1.0910403e-01  -4.7621752e-02   5.8235432e-01   7.0986736e-02  -1.3532683e-01  -8.3094738e-02   1.1844712e-01   2.7597750e-01  -9.5025258e-03   5.1967728e-01  -1.8394693e-01   6.9337298e-02  -1.5108631e-01  -6.5687383e-02  -1.0441927e-01  -1.5136470e-01   2.0675587e-02  -4.8393842e-02  -5.0797324e-02  -2.2884611e-01   9.9384189e-02   7.8820534e-02  -3.4998216e-01   9.5047203e-03   7.4420497e-01   3.1049386e-02  -4.2738084e-02   3.9255925e-01   1.7843974e-01  -9.8956077e-02   1.0337898e-01   2.3165813e-02  -1.3185121e-01   6.4591729e-02  -5.0948080e-03  -1.0827900e-01  -3.9948964e-02   1.6938529e-02   1.6535589e-02   1.1794655e-01   5.3871230e-03  -1.2505294e-01  -4.8381108e-03   1.5139620e-01  -1.1163762e-01  -2.2439876e-01   4.8567537e-02   1.3255512e-01  -3.3281161e-02  -2.5068582e-01  -2.3097136e-02   4.3652333e-02  -1.2020416e-01   4.1933951e-01   9.0743673e-02   2.4981777e-01  -2.1874961e-01   4.5365857e-01   1.8129019e-02  -1.0746478e-01   4.0217718e-01   4.4824608e-02   1.7042279e-01  -7.9463910e-02  -1.6149594e-01   8.1749775e-03  -7.5841556e-02  -2.9090030e-02   7.3151390e-02  -7.9689429e-03  -1.5004044e-01   9.5022448e-02  -3.9414548e-01  -7.2132905e-02   8.4228522e-02  -7.2266695e-02   4.8298962e-01  -1.8493125e-01  -4.4308166e-01   1.5210223e-01  -1.8193549e-01  -2.7418260e-03  -1.0663952e-01   1.5887574e-01  -8.6921751e-02   4.0389730e-01  -1.3913413e-01   2.7839646e-01  -4.7601614e-01   4.3363904e-01  -1.4408882e-01   6.7438572e-01   1.0626171e-01  -3.6387160e-02  -7.9060081e-02  -3.3273899e-02  -1.3854182e-01   6.4786874e-02  -9.9874046e-02  -4.5631624e-02   7.0829656e-02   2.1395523e-01  -1.6776926e-01  -6.5916608e-02   3.7824005e-02  -1.8387608e-01   3.3298865e-02   7.0403604e-02  -4.0552676e-02  -1.5835714e-02
   3.0991006e-02  -2.7905792e-01  -1.9651810e-01   0.0000000e+00  -3.7580350e-01   1.9329598e-02  -2.5278093e-01   2.7490331e-01  -1.9142313e-01  -1.6243619e-01   2.3409458e-01  -3.0276632e-01   5.4723436e-02   2.7002732e-01  -1.9904924e-01   8.3081320e-02  -2.0560844e-01   1.7453327e-01   4.3158792e-02  -2.6055076e-01  -6.3298414e-02   5.1118816e-01  -2.6488154e-01  -1.7211006e-02   2.2424545e-01   1.7810233e-01  -2.4182305e-01  -6.4878950e-02  -8.4491240e-02  -2.8786643e-01  -4.9963294e-02   3.3993561e-01   7.3895918e-02  -3.8591322e-01   3.6937663e-01  -7.5856310e-02   5.4033720e-03  -1.0671627e-01   1.0009197e-02  -3.6663092e-01   9.5161443e-02   3.0671343e-01  -1.3790948e-01   7.0117464e-02   1.9253317e-02  -2.3674995e-01   3.3029760e-01  -3.2966232e-01  -8.3529586e-03  -1.9553073e-01   3.6690068e-01   1.2506600e-01  -3.3251540e-01  -9.9329483e-02  -8.3309745e-02   2.5462166e-01   7.0912126e-02   3.7925282e-01   2.4138212e-01   3.0433301e-01  -1.0493621e-01   6.0108368e-02   1.2661063e-01  -2.3828538e-01  -6.2642645e-02  -2.9820238e-01  -1.0577764e-01  -3.6358905e-02   1.6095873e-01  -2.0407972e-01  -3.5877305e-01   4.8742327e-01  -1.9329513e-02   1.5920391e-02  -7.3037462e-02   3.0562626e-01  -2.5265552e-01   2.0201343e-01  -3.1127890e-01   1.4300782e-01   1.0415150e-01  -1.2323201e-01  -2.2728543e-01   2.6348508e-01  -8.5473821e-02   2.8045025e-01  -6.5641348e-02  -1.0528995e-02  -1.3215254e-01  -2.0396676e-04  -3.1111063e-01  -1.1174441e-01  -4.0808480e-01   4.0587590e-01  -4.6217584e-02  -4.2080012e-01   1.6159877e-01   3.1524749e-02   1.9713904e-01   2.2671812e-01  -2.4142854e-01   8.0970697e-02   2.9748621e-01   1.6752423e-01   2.9861459e-01   4.7126064e-01  -1.5255058e-01   1.2385973e-01  -1.6782191e-01  -3.5338226e-01  -3.2498979e-01   2.6943807e-01   5.1121621e-01  -4.6000046e-02   1.2302978e-02  -3.9202479e-01   1.3298888e-01   9.3471369e-03   1.1994502e-01   6.3759991e-01  -1.2119613e-01  -2.6441509e-01   9.8683602e-03   1.4699569e-01  -1.8612428e-01   2.5779438e-01   1.2719242e-01  -1.7460580e-02   3.9123969e-01  -1.9313605e-01  -3.0634340e-02  -1.3091127e-01   4.5617536e-02  -1.7475198e-01   4.5303807e-01   3.7533187e-01   2.0892036e-02  -4.5084792e-02   2.3068939e-01   9.9491171e-04   1.8281676e-01  -2.0186062e-01   1.0875473e-01  -1.0494721e-01  -2.0599428e-02  -1.2796153e-02  -2.7367351e-01  -1.5185230e-01  -2.2711331e-01  -2.1118122e-01   2.5634191e-02   3.1009357e-01  -4.1232463e-02  -8.9371191e-02  -3.3892695e-01   9.4733231e-02   5.7039282e-02   2.5142381e-01  -2.9846093e-02   8.6629149e-03   1.8879252e-01   2.1274971e-01  -3.1667587e-01   4.1218604e-01   3.1268931e-01  -3.7667973e-01   1.2829159e-02   1.6240351e-01   1.0902706e-01  -1.0204468e-01  -3.4698603e-01  -9.3836780e-02   8.9726974e-02  -8.8099381e-04  -1.1103646e-01   1.9762914e-01   4.4517768e-01
  -4.5242842e-01   6.7864058e-01   9.1025973e-02  -3.7580350e-01   0.0000000e+00   2.8393311e-02   4.6369857e-01  -2.1000406e-01   4.5732050e-01   3.9838014e-01  -3.1357435e-01   6.4539778e-01  -4.2714725e-02  -5.2794216e-01   1.3607108e-01  -3.9893534e-03   4.6967151e-01  -1.6364771e-01  -3.7595395e-02   8.3649264e-01  -1.2725866e-02  -3.8573157e-01   2.1100096e-02  -4.2535143e-01   3.9121951e-02  -1.5490045e-01   4.0715049e-01  -3.7782346e-01   1.7808410e-01   4.0085797e-01   2.9867781e-01  -3.8477743e-01  -2.3915697e-02   4.3357143e-01  -3.5979978e-01   5.7578464e-01   3.9212915e-02   2.1672171e-02   8.4036912e-02   6.1096837e-01   1.3828523e-02  -8.7588023e-02   3.9816512e-01  -5.2781244e-01   3.2637680e-01  -1.3405500e-01  -2.5651676e-01   4.4090416e-01  -4.4649621e-02   3.8679672e-01  -3.6401189e-01  -2.7234872e-01   6.7780713e-01   5.4171310e-02  -1.9049699e-02  -5.8134874e-01  -4.0190882e-01  -4.4972898e-01  -3.6189915e-02  -2.0924074e-01  -9.9495517e-02   1.3046970e-01   2.8969538e-01   4.5250028e-01   1.6861121e-01   3.3045347e-01   1.5440713e-01   2.3724752e-01  -5.7538360e-02  -2.5966955e-01   6.9855131e-01  -4.3337392e-01   1.5867797e-01  -3.1251358e-01  -1.0698056e-01  -4.0674811e-01  -1.1447191e-01  -2.2590112e-01   8.6888893e-01   8.4319840e-03  -3.7907166e-01   2.3013938e-01   2.1386690e-01  -3.1879843e-01   2.7264515e-01  -5.1421996e-01   2.0215342e-01  -2.2587533e-01   1.8480523e-01  -1.5015771e-01   5.9964021e-01  -9.9698527e-02   5.0772703e-01  -2.1736993e-01  -2.9220590e-01   7.5714228e-01  -5.0304029e-02  -1.3772985e-01   3.0976053e-01  -4.4135202e-01  -3.8427079e-02  -5.0996597e-01  -3.7455773e-01   7.5982149e-03  -5.4235384e-01  -3.5417565e-01   2.0580377e-01  -2.6776063e-02  -5.5673214e-02   5.7980493e-01   2.6251845e-01  -4.7266158e-01  -1.5956753e-01  -3.9193868e-01  -3.2818466e-01   7.4585017e-01  -2.8672485e-01   6.0373772e-02  -4.7615508e-01  -3.7879971e-01  -2.0963338e-01   6.3852286e-01   1.1350900e-01  -4.7968096e-02  -2.4485433e-01  -4.3201059e-01  -1.8807625e-01   2.5041219e-02  -3.9909970e-01   8.1733141e-02   1.3222683e-01   2.7056593e-01   2.5580458e-01   3.2365755e-01  -1.2488928e-01  -3.2249222e-01   1.2828709e-01  -2.3656824e-01  -4.5906644e-01  -2.5119018e-01  -3.8787950e-01   2.2972641e-01  -3.2444391e-01  -8.3636142e-02  -1.3195694e-01  -1.7757450e-02   5.0278702e-01   5.0035051e-01   1.8742843e-01   2.7091549e-01  -4.5809474e-01  -2.1616932e-01  -2.3730577e-01   1.5297991e-01   7.1469978e-01  -2.1519542e-01  -3.9856601e-01  -1.7966317e-01   1.1510546e-01  -1.6968217e-01   3.5021803e-02  -2.6321870e-01   6.2598664e-01  -3.2901109e-01  -2.5336340e-01   5.5439721e-01   6.2151883e-02  -2.3147734e-01  -1.7481139e-01   4.7740068e-01   5.9030170e-01   1.5549621e-01   2.0540205e-01   1.9973354e-02  -5.6200707e-02   4.7662806e-02  -2.9319814e-01
  -2.9380817e-01   8.1530389e-02   2.1447369e-01   1.9329598e-02   2.8393311e-02   0.0000000e+00   1.7784320e-01   1.9937146e-01  -1.3916883e-02   6.4329080e-02   1.4107525e-01   1.9161731e-01  -1.4814753e-01   3.2191180e-02   2.9213496e-01   1.9969398e-01   2.5533648e-01   2.3353980e-01   2.7130440e-01   1.0453812e-01   2.9996568e-01   2.0876976e-02   2.0031190e-01  -3.7789334e-01   8.8125307e-02   2.4772565e-01   2.9987050e-01   1.3109153e-01   3.0674607e-01   2.1260713e-01   2.3169785e-01   1.4680903e-01   2.8996457e-02   3.5066395e-01   1.3768952e-01   1.7107213e-01  -2.0414111e-01  -1.2854654e-01  -2.3482577e-03   2.1440274e-01  -1.2278024e-01   1.2920416e-01   2.9203129e-02   5.5626144e-02   1.6362413e-02   5.0757440e-02   1.9189298e-01   2.6498965e-01  -1.0338864e-01   9.9683153e-02   1.5556536e-01   1.3164515e-01   1.7397139e-01   6.2140516e-03   4.1194154e-02   1.8928153e-01   6.0508869e-01  -1.6425230e-02   1.0852919e-02   2.2309898e-01   6.0503587e-03   1.3760994e-02   3.0136694e-02   9.8212980e-02   9.6052797e-02   1.9343742e-01   5.3927068e-01  -6.8764658e-03   3.5770412e-01   4.2325213e-02   7.3891618e-02   2.0336765e-02  -2.7540229e-01   2.3610427e-02  -6.8628028e-02   1.3950842e-01  -2.2744321e-02   7.5054043e-02   1.6672045e-01  -1.7355106e-02   4.8674872e-01  -2.4541274e-01   2.4385384e-01   3.0714444e-01   3.1481507e-01   2.7277413e-02   1.6435407e-01  -1.3738566e-01   1.0281936e-01  -3.5223983e-01   7.6378045e-03   6.1991898e-02   2.2783314e-01   3.1851147e-02  -5.9867207e-02   1.2844963e-01  -1.3409240e-01   1.2486275e-01  -1.3482916e-02   1.4738403e-01   1.4382332e-01   2.6663752e-02   2.2721779e-01   1.3486734e-01  -4.6921924e-02   5.6226499e-02   1.4022913e-01   2.9733480e-01  -1.8242718e-01   5.9206679e-02   3.9357585e-01   2.8920850e-01   3.5643397e-02  -1.3755427e-01   1.1606042e-01   9.9220729e-02  -1.4043198e-01  -6.9618283e-02   6.4202633e-02   1.6277879e-01  -8.5575050e-02   2.2116301e-02   8.7452287e-02   3.8761527e-01  -6.9678160e-02  -6.4375500e-02   2.8738400e-01   1.8905333e-02  -8.5263821e-02   2.4416412e-01  -7.2035537e-03   3.1637559e-01   1.8884853e-01   3.8746376e-01  -9.0555567e-03   1.8620994e-01   1.6337040e-01   3.5653428e-01   1.7849716e-01  -3.4262367e-01  -2.8646431e-01  -2.1918765e-01   3.8993391e-02   2.4726415e-01   1.8291385e-01   1.7122903e-01   2.3837457e-01   1.8604687e-01   3.9617055e-01   1.5541708e-01   1.4510962e-01   3.0589430e-01  -8.2514240e-02   1.3964742e-01   3.0380049e-01  -2.1609046e-01  -9.8615652e-02   1.7469913e-03   1.3398144e-01   3.5371249e-01  -1.2076860e-01   1.1004163e-01   5.8471169e-03   1.2925758e-01   1.9729887e-01   1.0352638e-01   1.1061650e-01   2.0783139e-01  -9.5676799e-02   2.0456698e-01   9.3326139e-02   8.5325194e-02  -1.4348316e-01   6.4025187e-01   4.8967277e-02  -1.0302055e-01   1.0924958e-01
  -5.7953452e-01   6.4489680e-01   7.8610211e-02  -2.5278093e-01   4.6369857e-01   1.7784320e-01   0.0000000e+00  -9.2775054e-02   4.0302761e-01   6.5773298e-01  -3.3662063e-01   6.7096265e-01  -1.1638821e-01  -5.8561696e-01   6.6212899e-01   7.2629991e-02   2.4131513e-01   1.0014000e-01  -4.4760979e-02   5.5497384e-01   2.2006267e-01  -2.5968065e-01   6.4740819e-01  -5.1556097e-01  -1.7696146e-04  -2.4991567e-01   4.8539633e-01  -2.4708686e-01   1.7792107e-01   6.2957562e-01   2.2382279e-01  -2.9851359e-01  -9.9848101e-02   8.1561406e-01  -1.6241046e-01   5.2314747e-01   1.3912283e-02  -1.6990297e-01   1.3083977e-01   5.6578124e-01  -1.0042244e-01  -5.4646675e-02   4.8470721e-01  -5.8724793e-01   4.0538641e-01  -7.2339109e-02  -2.6499939e-01   8.1867090e-01  -1.9619584e-01   3.0411631e-01  -1.9884739e-01  -1.5474418e-01   5.9675054e-01  -1.7771981e-01  -1.8027314e-01  -5.4741611e-01  -2.9377741e-01  -3.7410032e-01  -1.3233247e-02   1.1234696e-01  -2.3876565e-01   2.8239144e-01   7.5647372e-02   5.2174463e-01   3.7072980e-01   7.0467737e-01  -2.4681691e-03   9.4459795e-02  -3.5554479e-02  -1.3706256e-01   7.6484832e-01  -1.1603716e-01   1.2285494e-03  -4.3740273e-01  -8.8280649e-02  -4.1538932e-01  -1.6591843e-01  -9.0173176e-02   5.4518254e-01  -1.0539194e-01   1.6986362e-01   1.0521889e-01   1.5977047e-01  -1.9493087e-01  -1.1037281e-01  -4.1500170e-01   1.7115347e-01  -4.0999093e-01   1.6351907e-01  -4.3512019e-01   3.5768423e-01  -8.8653899e-02   6.9627338e-01  -4.0383022e-02  -3.5596104e-01   4.9472470e-01  -1.1257941e-01  -1.5314584e-01   2.5625542e-01  -1.1494551e-02  -7.9178707e-02  -3.0713247e-01  -2.8041279e-01   1.9821445e-01  -3.8053172e-01  -4.2393213e-01  -3.4213733e-02  -3.1381162e-02   3.4402101e-01   3.2748541e-01   3.7701417e-01  -1.7357759e-01  -1.2850806e-01  -5.0389045e-01  -2.3043375e-01   3.9846609e-01  -1.7362364e-01   2.0670106e-02  -5.9067036e-01  -2.5554426e-01  -3.2084542e-01   7.2306309e-01   4.1750777e-02   3.4795259e-02  -3.0070856e-01  -4.6395207e-01   1.9899933e-01  -1.7889616e-01  -3.8884063e-01   4.5710737e-02  -3.5580846e-02   2.8609231e-01   1.7479826e-01   4.3121334e-01  -1.1527583e-01  -1.9344911e-01   7.1477313e-02   2.5890741e-02  -3.3020650e-01  -3.7409867e-01  -4.1937526e-01  -1.5046220e-01  -2.5734392e-01  -1.1776576e-01   2.7020999e-01   2.1268354e-01   7.8288458e-01   3.3569495e-01   5.0893348e-01   4.5411522e-01  -5.5203695e-01  -1.0911515e-01  -2.8750530e-01   9.2907034e-02   6.3875937e-01  -3.3911103e-01  -2.9032287e-01   1.4363644e-02   1.0945138e-02   3.3439481e-01   3.2354531e-02  -2.5519380e-01   3.3289395e-01  -2.7162501e-02  -2.5062487e-01   5.8949781e-01   1.5606921e-01  -2.8546513e-01  -3.9557613e-01   1.8340942e-01   6.9245213e-01   8.8241887e-02   2.5929937e-01  -1.2684314e-02  -2.8563144e-02  -1.2430676e-01  -2.9377637e-01
   2.2795439e-01  -2.4111547e-01   1.6273865e-01   2.7490331e-01  -2.1000406e-01   1.9937146e-01  -9.2775054e-02   0.0000000e+00   7.1276640e-02  -2.2600382e-01   2.4046973e-01  -2.6704322e-01  -1.2769634e-01   1.9560045e-01   8.6497888e-03   1.3010634e-01  -9.0664238e-02   2.8254583e-01   4.4606866e-01  -3.0076534e-01  -7.5704936e-02   3.9507974e-01  -7.5526592e-02   2.9545236e-02   2.8625045e-02   4.2347108e-01  -2.6043825e-01   2.5433607e-01   1.7896340e-01  -1.7513178e-01  -1.6514246e-01   5.8959779e-01   2.1441581e-01  -1.3294945e-01   1.6127095e-01  -1.1204380e-02  -2.4619626e-01  -4.1414644e-01  -1.8536836e-01  -3.4930520e-01  -1.2011698e-02   3.2800040e-01  -3.1108991e-01   4.7906437e-02  -1.8786990e-01   1.1289750e-01   3.9106772e-01  -2.0670229e-01  -4.3845487e-01  -3.1166675e-01   3.4855067e-01   7.5299134e-01  -3.4180668e-01   1.5038814e-01   4.7076721e-02   3.5362410e-01   4.9127359e-01   6.3157600e-01   2.4691489e-01   2.2830569e-01   4.5310919e-02  -2.7697901e-01   1.2805149e-01  -2.6873975e-01  -4.7106267e-01  -1.1267405e-01  -3.4198055e-02   3.8088115e-02   3.7347679e-01   1.2083351e-01  -2.6085724e-01   4.9532304e-01  -1.7884403e-01   1.0862632e-01   1.4827846e-01   5.7874155e-01  -8.9845796e-02   2.7185380e-01  -2.6517999e-01  -4.6953032e-03   4.3464256e-01  -2.1879461e-01  -2.5824269e-01   7.4258470e-01  -2.8669540e-01   5.3910896e-01  -4.1069793e-01   2.3807760e-01  -9.4394048e-02  -2.3405921e-01  -3.3008879e-01   1.6086418e-01  -1.6014779e-01   5.4433147e-01   4.7019626e-02  -1.5695093e-01   2.2203496e-01   5.4393590e-01   1.2145252e-01   1.1585685e-01  -3.5324578e-01   4.7272372e-01   3.2003835e-01   1.9619945e-01   4.9814921e-01   5.6200271e-01   4.1098699e-02   5.1678725e-01  -2.7085161e-01  -3.1624318e-01  -8.5160751e-02   4.0631767e-01   2.8023479e-01   3.9037878e-03   6.0907017e-02  -2.6522236e-01   2.3895016e-01  -2.4709089e-01   1.1843061e-01   6.2535788e-01   2.2183422e-01  -3.1491447e-01   9.6244067e-02  -1.4096388e-01   1.3051236e-01   5.1036380e-01   9.0822091e-02  -1.7195479e-01   5.4828753e-01  -5.1961636e-01  -1.3610705e-01  -1.3537084e-01  -3.3882627e-01  -1.4774324e-01   5.5184050e-01   7.8061428e-01  -4.2293526e-02   3.9501998e-02   7.7301405e-01  -1.3688263e-01  -1.8044066e-02  -2.2486740e-01   2.4748928e-01  -8.6065849e-02   8.0079096e-02  -1.5560116e-01  -2.0541089e-01  -1.0926592e-01   9.9868139e-02  -2.3598973e-01   6.9011421e-02   5.5993792e-01   2.5879603e-01  -2.0874069e-01  -2.6072631e-01  -8.6936128e-02   2.1367022e-01   2.6803842e-01   1.5968676e-01   2.9527139e-01   2.5681890e-01   3.2818621e-01  -2.5036774e-01   2.7320476e-01   7.3038143e-01  -1.4759159e-01  -1.6055294e-02   2.0412179e-01   8.8666234e-02  -2.8032880e-01  -3.1224580e-01  -3.9062691e-01  -1.7285890e-01   2.5675780e-02  -2.2265110e-01  -1.9097597e-01   6.8431708e-01
  -1.5427091e-01   6.1048503e-01   7.0386215e-02  -1.9142313e-01   4.5732050e-01  -1.3916883e-02   4.0302761e-01   7.1276640e-02   0.0000000e+00   3.3896834e-01  -2.3948271e-01   4.9784810e-01  -2.2549041e-01  -2.2740520e-01   1.1817690e-01  -3.0746733e-01   1.8490663e-01  -6.0080191e-03   1.2818059e-01   3.0914310e-01  -1.3580202e-01  -2.0698502e-01   5.1691484e-02  -1.6483400e-01   1.2707276e-01  -1.0539207e-01   1.0043535e-01  -1.9587233e-01   9.5859710e-02   3.2803812e-01   2.5566344e-01  -3.9815795e-02  -1.4486242e-01   3.9797922e-01  -1.5999432e-01   1.4995317e-01   6.8038651e-02  -3.1029208e-01  -3.4971336e-01   3.9251130e-01  -1.5206855e-01  -9.5465133e-02   5.8740153e-01  -1.9661638e-01   2.2831238e-01  -6.5352625e-02  -1.6951906e-01   3.1829958e-01  -2.0577729e-01   2.1769270e-01  -2.0800290e-01   1.2717921e-01   5.1422341e-01   1.7924139e-01   4.2711482e-02  -3.8440921e-01  -2.5426135e-01  -7.0825487e-02  -1.3347543e-01   1.8824035e-01  -9.1802823e-02   2.5332728e-02   5.9152905e-01   5.6941797e-01   2.8906548e-01   8.6972866e-02   1.8471549e-02   4.3533307e-01   4.4932138e-02  -1.8949979e-01   5.3373696e-01   4.6793705e-02  -1.4836503e-01  -2.9932673e-01   1.5062807e-01  -6.4130233e-02  -1.8860071e-01  -5.2091957e-02   4.6536728e-01  -4.8480157e-02  -2.2486604e-01  -1.2556590e-01   1.7152733e-01  -4.2770653e-02   9.1545748e-02  -1.9254297e-01   3.5388271e-01  -1.2157276e-01   3.3418709e-01  -2.4171762e-01   3.8569244e-01  -1.0006487e-01   4.3232648e-01   3.5980154e-01  -1.6018997e-01   4.1644191e-01   1.4414970e-01   6.7200786e-03   2.7316680e-01  -4.3784096e-01   8.9384545e-02  -8.4587699e-02  -2.3911390e-01   6.0468497e-01  -2.1196339e-01  -4.1775986e-02   6.4800744e-03   4.4239049e-03   1.6975564e-01   3.5645854e-01   8.9610804e-02  -2.5781526e-01   1.6393085e-01  -1.9969808e-01  -4.0095962e-01   5.2448058e-01  -7.7481987e-02  -1.8019117e-01  -3.4668577e-01  -1.8019899e-01  -1.2441319e-01   3.6083819e-01   3.9907926e-01  -2.3303972e-02  -1.1618988e-01  -2.0071329e-02  -7.6229676e-02  -4.1099246e-02   5.3318546e-02  -1.7321873e-01  -2.2084321e-01   1.8115680e-01   3.1962859e-01   1.7489577e-01   3.8020343e-01   2.9834577e-02  -9.5432818e-02  -4.6101144e-02  -2.5852308e-02  -1.3787446e-01  -1.7197577e-01  -1.1044703e-01  -2.3761238e-01  -2.6640302e-01   1.7758685e-02  -1.0052127e-02   3.3804024e-01   1.3328032e-01   2.6871818e-02   1.0292280e-01  -4.0082983e-01  -7.7580222e-02  -1.5758845e-01   9.5851195e-02   4.4914112e-01  -8.0673414e-02  -2.3884326e-01  -2.0946507e-01  -4.5405474e-02  -4.1879373e-02   3.0810672e-01  -1.7455372e-01   3.3192433e-01  -1.1044878e-01  -1.6419314e-02   4.5424886e-01   7.0341659e-03  -1.7053675e-01  -1.8838724e-01   3.3470818e-01   2.6023641e-01  -1.4017420e-01   2.7615080e-01  -2.0952699e-01  -5.5159036e-02   7.0655894e-02  -6.7591997e-02
  -5.9304242e-01   4.3106016e-01  -1.3680176e-01  -1.6243619e-01   3.9838014e-01   6.4329080e-02   6.5773298e-01  -2.2600382e-01   3.3896834e-01   0.0000000e+00  -3.5546330e-01   4.8496366e-01   4.8891261e-02  -4.8699195e-01   4.0790059e-01   1.7332293e-02   2.5100548e-01  -1.0100050e-01  -3.0079541e-01   4.9626369e-01   2.8527172e-01  -1.9982839e-01   6.0967859e-01  -4.3538844e-01   9.2190865e-02  -1.8536531e-01   3.4041381e-01  -3.0366662e-01  -3.9061619e-02   4.4000340e-01   2.8098649e-01  -3.6227317e-01  -1.6238106e-01   5.3618530e-01   1.6612803e-02   3.8764363e-01   4.9705480e-02   2.6098373e-02   5.6144239e-02   4.5663322e-01   3.6202728e-02  -6.0030397e-05   4.4875284e-01  -5.2637225e-01   1.0530637e-01  -2.8959633e-01  -3.5228187e-01   5.7355592e-01   1.3004379e-02   2.6959749e-01  -2.4360875e-01  -2.9943284e-01   5.0498092e-01  -2.6995007e-01  -1.9365760e-01  -5.3588869e-01  -4.2270424e-01  -4.3333105e-01  -4.8767612e-02  -6.8569821e-02  -3.2221214e-01   2.3200361e-01   1.4907140e-01   3.8667073e-01   1.8036856e-01   6.4993413e-01  -7.7669788e-02   5.3219424e-02  -1.7784153e-01  -3.7074796e-01   6.1482540e-01  -3.0726268e-01   8.6075652e-02  -4.6378759e-01  -1.0235283e-01  -4.7598905e-01  -2.8952365e-01  -2.5952969e-01   4.9142454e-01  -1.1237375e-01   4.2071453e-02   2.7512038e-02   9.0799404e-02  -3.4294824e-01   1.3001831e-01  -5.4159592e-01   1.8547450e-01  -4.6948951e-01   1.6940531e-01  -2.3305207e-01   2.5257004e-01  -2.8609657e-01   5.5233825e-01  -1.5206542e-01  -4.1769477e-01   5.0342031e-01  -1.7466707e-01  -3.0065330e-01   1.4579422e-01   5.8939845e-02  -8.0713390e-02  -3.7509704e-01  -2.7155158e-01   1.0694556e-01  -4.3994846e-01  -4.0680949e-01  -4.9210074e-02  -1.1269834e-01   2.6354129e-01   3.6105514e-01   2.3766339e-01  -2.7788031e-01  -1.4345944e-01  -4.7743526e-01  -2.1794147e-01   4.4881318e-01  -2.6931995e-01   7.4539890e-02  -5.3649850e-01  -2.9466286e-01  -4.8308532e-01   4.9953394e-01   4.7902218e-02   7.3260804e-02  -4.7030965e-01  -4.6680925e-01   1.8954872e-01  -2.5074845e-01  -4.0922348e-01  -3.8297305e-02   5.0074783e-02   2.3093151e-01   1.4031607e-01   3.8757149e-01  -1.4093880e-01  -3.8082891e-01   5.8466260e-02  -9.2356975e-02  -4.5053424e-01  -2.1513731e-01  -4.9538539e-01   1.0276964e-02  -4.2197179e-01  -2.4495723e-01   2.6049309e-01   2.4014531e-01   7.2375139e-01   3.9935208e-01   3.2271242e-01   5.8195525e-01  -5.0916796e-01  -2.1821452e-01  -4.2824122e-01   5.2916945e-03   4.6353409e-01  -1.6502830e-01  -4.7819585e-01  -8.3986163e-02  -8.7931583e-02   1.2992128e-01  -2.5342524e-02  -3.1190525e-01   5.8670645e-01  -1.4544776e-01  -2.8167218e-01   3.4800991e-01  -1.2167584e-01  -2.6209610e-01  -4.1037652e-01   3.2544806e-01   4.8533888e-01   1.4653485e-01  -2.9399172e-03  -8.5972257e-02   9.4968101e-03   2.1453125e-01  -2.6972640e-01
   1.7203166e-01  -4.3691939e-01  -1.1267984e-01   2.3409458e-01  -3.1357435e-01   1.4107525e-01  -3.3662063e-01   2.4046973e-01  -2.3948271e-01  -3.5546330e-01   0.0000000e+00  -4.8706825e-01   5.3026439e-02   3.1381152e-01   1.5233096e-01   3.8995890e-01  -3.1516632e-01   5.8654537e-01   5.3717657e-02  -1.8184506e-01  -5.0137387e-03   4.6601644e-01  -1.3646537e-01   8.1296945e-02   2.0444689e-01   2.7192992e-01  -1.0964333e-01   1.3039775e-01   3.7208887e-02  -2.9408838e-01   1.5601351e-02   5.6425317e-01   2.9093683e-01  -3.0172295e-01   4.1132930e-01   8.7495497e-02  -8.1673964e-02  -2.5211374e-01   1.7559168e-01  -4.1071414e-01   1.8863639e-01   1.1252796e-02  -2.9005293e-01   4.1959933e-01   3.3735811e-02  -9.1995966e-02   7.8214891e-01  -3.7348702e-01  -1.1788301e-01  -4.1313808e-01   7.0386778e-01   1.5901141e-02  -3.5883670e-01   7.5722696e-02   1.6322811e-01   6.4879172e-01   4.9943684e-01   4.8183816e-01   3.8627896e-01   2.0654012e-01   1.4478960e-01   1.1841809e-01  -8.7733800e-02  -3.5081691e-01  -1.9223200e-01  -2.3432603e-01   2.9725422e-01  -7.9187184e-03   5.7743102e-01  -4.1500700e-02  -5.4310656e-01   3.5460007e-01   1.2777341e-01   1.9520482e-01  -1.8062955e-01   6.2476131e-01   2.3549953e-02   3.1984750e-01  -3.2618626e-01   3.1946762e-01   3.7670743e-01   1.8965455e-01   1.0520702e-02   1.6948477e-01  -1.4496370e-01   6.1459040e-01  -2.9634024e-01   1.5628577e-01  -2.9118829e-01  -1.7690057e-01  -4.3983021e-01   4.2509343e-02  -2.6127482e-01   2.1604328e-01   7.9341668e-02  -4.7426959e-01   3.0068898e-01   4.0234847e-01   2.8001651e-01   3.5711221e-01  -2.7228947e-01   4.1206974e-01   5.4632134e-01   7.0006187e-02   5.7927146e-01   5.4523367e-01   8.2981636e-02   4.9338917e-01  -3.1711399e-01  -1.0826119e-01   5.7086928e-02   6.6444219e-01   3.5146049e-01   8.1886412e-02   1.6424093e-01  -2.1520537e-01   3.0153717e-01   2.8594740e-02   2.3331365e-01   4.9004022e-01   1.8429664e-01  -4.6220453e-01  -1.5748929e-01   1.1686320e-02  -1.3604399e-01   4.4018728e-01   3.4021066e-01  -1.3160395e-01   4.6854055e-01  -2.1364182e-01   1.4061795e-01   3.4785204e-01  -2.3470104e-01  -1.8169409e-01   1.3256641e-01   4.3208049e-01  -5.1702591e-02   4.7754066e-03   4.2975325e-01   1.1819165e-02   1.9899930e-01  -4.1511798e-01   6.4481523e-01  -1.4460912e-01   4.1892017e-01   9.0211003e-02  -4.7738613e-01  -7.7444345e-02   1.4292136e-01  -4.4759641e-01   2.3729448e-01   2.9821505e-01   1.6062064e-01   3.0591638e-01  -4.4340903e-01  -7.0362660e-02   2.1962183e-01   2.9674623e-01   4.2128544e-02   1.7039219e-01  -4.6825103e-02   6.7098049e-01  -4.9173360e-01   4.2472431e-01   5.4380624e-01  -1.0434730e-02   4.5931044e-01   1.6807452e-01   3.2483665e-01  -2.2527229e-01  -1.2752571e-01  -1.5086198e-01   9.8749462e-02   3.2696176e-01  -6.3863874e-02   3.9499753e-02   5.5275288e-01
  -4.3036268e-01   8.1123753e-01   2.3883423e-01  -3.0276632e-01   6.4539778e-01   1.9161731e-01   6.7096265e-01  -2.6704322e-01   4.9784810e-01   4.8496366e-01  -4.8706825e-01   0.0000000e+00  -1.3375652e-01  -5.4955997e-01   2.5636707e-01  -1.7074957e-01   5.4275956e-01  -7.3294809e-02   2.0219980e-02   6.1137887e-01  -1.0872124e-01  -4.0173190e-01   1.9088216e-01  -3.9932481e-01   1.6043253e-01  -2.3434140e-01   4.1951469e-01  -3.1262249e-01   1.7390364e-01   5.8640931e-01   2.1450889e-01  -3.9005032e-01  -2.1232151e-01   7.0515899e-01  -4.2427804e-01   3.5145070e-01   1.3689235e-01  -8.7758290e-03  -5.9236450e-02   6.2176048e-01  -8.9239756e-02  -1.9701490e-01   6.1806706e-01  -4.7363121e-01   3.4157818e-01  -1.1504169e-01  -4.1740109e-01   5.7167065e-01  -1.1701287e-01   4.1132178e-01  -4.0679307e-01  -2.1009184e-01   7.2595210e-01  -4.4559645e-02  -1.0841231e-01  -6.1183299e-01  -3.5302190e-01  -4.8088426e-01  -1.9305503e-01   7.9769761e-02  -1.3626728e-01   1.5182582e-01   2.7391467e-01   6.7598842e-01   4.8849043e-01   3.0895894e-01   1.9001512e-03   2.8461384e-01  -1.8181373e-01  -2.6517819e-01   7.5338524e-01  -3.2723185e-01   4.4188718e-04  -3.4653131e-01   9.6068267e-03  -4.9011646e-01  -1.6764052e-01  -1.9625753e-01   7.7159915e-01  -5.3906705e-02  -2.5855769e-01   4.2574265e-02   2.9992110e-01  -2.6017731e-01   2.2156537e-01  -5.4217740e-01   3.3925801e-01  -3.2964785e-01   1.8599728e-01  -2.1865802e-01   5.4285787e-01  -8.8499252e-02   5.7717158e-01  -2.0493664e-01  -2.6927443e-01   6.6472507e-01  -1.5030462e-01  -1.7523469e-01   7.4317366e-02  -4.0990650e-01   1.1779006e-01  -4.9489643e-01  -5.0342092e-01   1.8090682e-01  -5.4930633e-01  -4.0913221e-01   5.2807460e-02  -1.1417793e-01   1.6068083e-01   5.0853185e-01   3.9525828e-01  -4.7472896e-01  -2.1254892e-01  -3.6989698e-01  -3.9066734e-01   5.8662942e-01  -2.8240180e-01   5.2971284e-02  -4.5662757e-01  -4.0347035e-01  -2.9132502e-01   6.9029052e-01   2.8770105e-01   9.6089061e-02  -2.3505255e-01  -4.8785457e-01  -6.9857821e-02   1.3557864e-01  -3.9817271e-01   1.0655190e-01  -3.4784245e-02   1.6943712e-01   4.2958702e-01   2.9616197e-01  -7.6907281e-02  -3.7021381e-01   1.6062564e-01  -7.1019513e-02  -4.8946584e-01  -2.0606410e-01  -2.7251896e-01   1.5237142e-01  -4.6073448e-01   1.2181087e-02  -1.7935818e-01  -3.1001803e-02   6.9154363e-01   3.0492114e-01   1.5700455e-01   2.6992225e-01  -4.4838274e-01  -3.0944584e-01  -3.1987460e-01   2.2979085e-01   7.8610441e-01  -2.0007436e-01  -3.7737465e-01  -2.0836794e-01   1.1650739e-01  -7.8853611e-02   8.3233166e-02  -3.5464002e-01   4.4823654e-01  -1.6158896e-01  -4.2373280e-01   5.5993417e-01   5.6720715e-02  -1.6895457e-01  -2.8584919e-01   4.2797455e-01   6.1109897e-01   1.8225263e-01   2.5189025e-01   2.5271411e-02   6.7835168e-02   2.4420823e-02  -5.1110690e-01
  -6.4018169e-02  -1.0540686e-01   1.3384503e-02   5.4723436e-02  -4.2714725e-02  -1.4814753e-01  -1.1638821e-01  -1.2769634e-01  -2.2549041e-01   4.8891261e-02   5.3026439e-02  -1.3375652e-01   0.0000000e+00  -1.6949739e-01  -1.5251739e-01   2.2057963e-01   5.3598054e-02  -3.5831243e-02  -4.2700346e-02   1.9739212e-02  -2.0705161e-01   1.8380453e-02  -1.0146706e-01  -1.1101427e-01   6.5995005e-03   9.4953617e-02  -5.6290148e-03  -1.0417986e-01  -2.3525029e-01  -2.4823855e-01  -1.4928035e-01  -1.3497726e-01   1.6335040e-01  -1.9650109e-01   6.8555724e-02  -5.5786873e-02  -1.2371670e-01   9.3769689e-03   2.5336462e-01  -4.8865024e-02   7.2135242e-01  -5.8592758e-02  -8.7581360e-02  -1.8821312e-01  -1.6758860e-01  -4.6503643e-02  -2.2994589e-02  -2.1197533e-01   1.0472935e-02   1.0485797e-01   1.5868928e-01  -1.7780052e-01  -2.0468178e-01  -2.2044549e-01  -7.6878774e-02   3.2833830e-02  -2.2242393e-03  -1.2239369e-01   2.0478982e-01  -3.7993563e-02  -3.0932436e-02   9.6524482e-02  -1.1943621e-01  -2.5506598e-01  -2.7900655e-01  -9.5139662e-02  -6.9458262e-02  -2.0299170e-01  -8.0686724e-02  -1.0800172e-01  -1.5439548e-01  -3.3680502e-01   3.0807645e-01  -3.3575066e-02  -1.2213233e-02  -1.7148563e-01  -5.8399271e-02  -1.6255738e-01  -2.5494952e-02   3.5501470e-01   2.4725819e-02   3.3198491e-01  -2.7862357e-01  -1.1652140e-01  -6.6234578e-02  -1.0666824e-01  -1.3312894e-01  -1.9545340e-02  -4.0256612e-02  -1.8635106e-01   5.7766587e-02  -6.6791691e-02  -2.6987794e-01  -1.2642907e-01  -1.0046919e-01  -3.0967132e-02  -1.1930648e-01  -6.3082993e-03   4.3834751e-03   1.7161074e-01  -2.1644481e-01  -1.9960433e-01  -1.7882328e-01  -1.7835955e-01  -1.4140452e-02  -1.6809952e-01  -7.0653471e-02   1.5997949e-02  -3.5401372e-02  -1.4241576e-01  -2.2324185e-01  -1.3159759e-01  -2.8219798e-01  -9.9926213e-02  -7.6336182e-02  -1.1612668e-01  -2.5841300e-02   6.6475889e-01  -1.7144192e-01  -1.2764309e-01  -1.1838214e-01  -1.4823696e-01  -1.6871772e-01  -2.9796070e-01  -1.8399224e-01   7.5066155e-02  -3.0873994e-02   2.1989283e-01  -3.2981377e-02  -1.6366335e-01   5.8772098e-01  -1.0230780e-01   1.5818231e-02  -1.3611732e-01  -2.0236289e-01  -1.6283083e-01   9.0540813e-02  -2.1424756e-01  -9.3646113e-02  -6.0592774e-02  -6.8950260e-03   3.0087552e-01  -2.9815745e-02  -5.1071315e-02   5.2952231e-02  -1.6676526e-01  -1.5974781e-01   6.7175864e-03  -1.5122713e-01  -9.9576668e-02  -9.9418191e-02  -1.0541678e-01  -1.0634633e-01  -1.4277085e-01  -8.6089915e-02  -1.8660435e-01  -8.1515869e-02   2.0213899e-01  -3.7675541e-02  -5.3322530e-02  -3.4368162e-01   1.2003567e-01  -2.3754938e-02  -6.6293432e-02  -3.6229403e-02  -1.8693484e-01  -1.2849323e-01   5.2410675e-02  -5.6933573e-02  -2.5668087e-01  -3.0936716e-02  -9.4264531e-02  -2.4087861e-01   2.8632394e-02  -8.9957145e-03  -9.8516006e-02  -1.4848681e-02
   5.8286060e-01  -5.1588083e-01  -1.8879133e-01   2.7002732e-01  -5.2794216e-01   3.2191180e-02  -5.8561696e-01   1.9560045e-01  -2.2740520e-01  -4.8699195e-01   3.1381152e-01  -5.4955997e-01  -1.6949739e-01   0.0000000e+00  -2.8715313e-01  -2.4102372e-01  -3.9446905e-01   7.7341812e-02   1.7105112e-01  -5.8714342e-01   6.9938195e-02   2.2858827e-01  -2.2717776e-01   4.7566997e-01  -1.6057247e-01   2.1317466e-01  -5.3394043e-01   4.7821847e-01  -4.4615385e-03  -3.0352422e-01   1.1852190e-01   4.5367484e-01  -1.0492370e-01  -4.9536940e-01   3.7650469e-01  -3.5638825e-01  -9.7472743e-02  -1.2941682e-01  -3.4254616e-01  -4.7991962e-01  -1.2524983e-01   5.7081205e-02  -3.8720014e-01   7.1741641e-01  -2.0676856e-01  -5.4367060e-03   3.8902642e-01  -4.3503019e-01   8.8065324e-02  -3.7938588e-01   2.2012900e-01   3.0310395e-01  -3.9405748e-01   3.6061842e-01   5.0423622e-01   5.0133611e-01   3.6116091e-01   4.8183763e-01  -8.7012323e-02   9.7642146e-02   8.7153504e-02  -1.6616891e-02   2.0208732e-02  -2.1992564e-01  -1.3053394e-01  -4.2040926e-01   1.0188388e-01   1.4163695e-02   2.0424823e-01   4.7569193e-02  -5.5182020e-01   4.1371255e-01  -1.3675268e-01   5.6591170e-01   1.5816513e-01   4.9844104e-01  -2.3395492e-02   2.5586407e-01  -4.9411385e-01   3.5202550e-03   1.8126309e-01  -2.6572411e-01   7.9630989e-02   4.5036792e-01   2.7193890e-01   3.3649590e-01   1.0234671e-01   6.0560509e-01  -1.7038313e-01   2.2258598e-01  -3.7997983e-01  -2.0918302e-02  -3.6505072e-01   2.3898006e-01   1.9307699e-01  -5.4176535e-01   2.0953453e-01   8.0760143e-02  -1.2456574e-01   5.3743080e-02   2.8066625e-01   4.9261243e-01   5.6731869e-01   1.2742869e-01   3.6044347e-01   4.5814110e-01   2.2393923e-01  -5.3087419e-02  -1.1257837e-01  -3.2046380e-01  -2.0151212e-01   3.6976065e-01   2.9912322e-01   5.7336890e-01   4.6847955e-01  -3.8577616e-01   1.5404862e-01  -2.6811848e-01   7.3063575e-01   3.6051455e-01   3.1916387e-01  -4.9528300e-01  -5.7011921e-02   2.7198467e-01   2.1837398e-01   5.8245344e-01   1.5128565e-01   1.5787394e-02   3.1920860e-01   6.1556625e-02  -2.2699731e-01  -1.4388038e-01  -7.1445635e-02  -9.0631582e-02   2.4937201e-01   3.3835645e-01  -1.8610222e-01   4.5102685e-01   4.5554301e-01   2.3776900e-01   5.2556849e-01  -1.4823852e-01   1.2909450e-01   7.5062681e-02   1.5614115e-01   2.0856262e-01  -4.7759424e-01  -3.4642052e-01  -1.6115689e-01  -2.3733971e-01   6.5782896e-01   4.7389809e-01   3.4328249e-01  -1.2516767e-01  -5.9977767e-01   3.0544548e-01   2.9658686e-01  -2.2558076e-02  -1.3495952e-01   2.2066054e-01   2.2434667e-01   5.4258865e-02  -3.7437114e-01   1.7108365e-01   2.6114647e-01  -4.1953958e-01   2.0850062e-02   3.5296658e-01   4.9195697e-01  -1.0011679e-01  -5.6811647e-01  -2.0183227e-01  -6.3181197e-02   9.7684472e-02  -8.8437424e-02   1.1011744e-01   3.0659627e-01
