   0.0000000e+00  -9.4248007e-02   9.9512480e-02  -2.2983524e-01  -5.3644057e-01  -3.2710395e-01  -5.4614563e-01   3.0053110e-02  -1.1785138e-01  -9.4740012e-02   8.0432099e-02  -3.2724204e-01   4.3499537e-02   4.8303255e-01  -2.0087485e-02  -3.9191179e-01   3.4474249e-02  -1.5229253e-01  -3.3898445e-02  -5.6409419e-01  -1.9035701e-01  -1.8267763e-01  -3.8312092e-02   6.7888875e-01  -2.0206216e-01  -3.1184683e-03  -3.5113300e-01   3.5967530e-01   9.0820850e-02  -2.3682454e-01   2.0032317e-01  -2.1422626e-01   3.7145342e-02  -1.1065856e-02   1.3976681e-01  -4.0074709e-01  -1.0084734e-01   3.4162254e-01  -3.8278052e-01  -3.0999861e-01  -1.9144033e-01   6.2407038e-02  -2.8469219e-01   2.1757761e-01  -4.2754239e-01   7.3241835e-01  -9.8100273e-02  -4.0258890e-01  -2.8136032e-01  -4.1217258e-01  -2.3553488e-01   7.7144873e-02  -1.2025072e-01   3.6872499e-02   2.9591749e-01  -2.4287917e-02   1.4337897e-01  -1.3135593e-01  -2.5685040e-01  -2.2769310e-01   6.4156281e-01  -4.2893482e-01  -1.5338580e-01  -1.0485436e-01  -2.8925991e-01  -7.8572510e-02  -1.9395085e-01  -3.4337648e-01  -1.9518204e-01   6.3040939e-01  -1.8167420e-01  -2.4867348e-01  -3.3438494e-01   5.3664020e-01  -7.5835262e-02  -4.5644167e-02   6.0001683e-01  -2.5731696e-01  -4.5868736e-01  -3.5616096e-01   6.4710114e-02  -2.2344671e-01  -1.8484265e-01  -1.5166026e-01   2.7629142e-02  -1.2956780e-01   2.4306788e-01   5.3044836e-01  -1.3315360e-01   6.5105653e-01  -3.0801575e-01   5.1414695e-01  -3.5079532e-01  -2.5205690e-01   5.0758567e-01  -8.6718534e-02  -3.7798092e-01  -2.4447804e-01  -3.9607162e-01  -1.9301178e-01   4.0538921e-01   7.6960097e-02  -3.4284207e-02   6.4996658e-02  -2.1594815e-01  -1.5543345e-01   7.2578512e-02  -2.5913075e-01  -4.0398573e-01  -1.7583905e-01  -2.5875974e-01  -2.3690405e-01  -1.9362313e-01   7.3976848e-01   2.1829891e-01  -3.6883342e-01   8.6165758e-03  -1.1992144e-01   5.8425400e-01  -2.3154967e-01   5.7730051e-01  -3.6667697e-01  -2.0308234e-01  -2.2447510e-01   6.5619354e-01   1.9707236e-01  -4.2865972e-01  -1.0893818e-02   2.8256477e-02   2.7658557e-01  -3.8216487e-01  -1.4852671e-01   1.2081681e-01   3.0885185e-02  -5.6720135e-02   1.7762910e-02  -2.3925811e-01   1.8720586e-01   3.0593114e-02   6.2654394e-01   6.2103667e-01  -3.2417093e-02  -1.6355144e-01   8.2264778e-02  -1.4692866e-01  -2.4109643e-01  -2.7730081e-01   1.1166843e-02  -2.8749570e-01   1.9038244e-02   4.4476114e-01   1.6049078e-01   5.8142455e-01  -1.4020565e-01  -2.4723779e-01   5.7517833e-01   5.5165785e-01  -2.4800508e-01   4.2430371e-01  -4.8012674e-02  -1.3586061e-01  -1.4642963e-01  -1.8102919e-01  -2.6141962e-01  -1.3335123e-01  -3.1645767e-01  -1.5087867e-01   2.5521929e-01   5.9501551e-01  -1.2836607e-01  -4.9410848e-01   2.8053103e-01  -1.9413200e-01  -2.9226598e-01  -6.7275764e-02  -1.2686775e-01  -2.5158615e-01
  -9.4248007e-02   0.0000000e+00   5.2891791e-01  -3.7705876e-01   3.9690156e-01   2.5553465e-01  -1.2459616e-01   1.8735814e-01   7.5073771e-01   2.3427990e-01  -3.3544812e-01   5.9483340e-01  -1.2218915e-01  -3.8085060e-01  -2.4474835e-01  -1.5182324e-01   6.1811926e-01  -1.6647543e-02   3.0422002e-01   4.1904690e-01  -3.9953853e-01  -1.9331166e-01  -3.2374864e-01  -3.8941997e-02   8.4254195e-02   1.6308186e-01   3.1845520e-02  -2.5579541e-01  -2.0317220e-02  -2.5573555e-01  -2.2918690e-03  -5.8330496e-02  -7.9274989e-02   3.1707592e-01   2.8485543e-01   1.7589416e-01   3.8594890e-01  -2.2275932e-01  -7.2274260e-02   3.0068601e-01   2.7758874e-01  -1.3671586e-01   4.7357230e-01  -1.3739967e-01   9.1290263e-02   2.6108109e-02  -4.3815222e-01   3.4345486e-01   9.9863171e-02   4.2224703e-01   1.7768367e-03   1.2989560e-01   6.8895804e-01  -2.2904902e-02  -1.8117875e-01  -4.1573652e-01  -1.5432032e-02  -2.6165814e-01   7.6446838e-02   1.3086117e-01  -8.8221661e-02   2.4831327e-01   5.8077456e-01   5.2238862e-01   4.3583614e-01  -4.6886470e-02   3.6143774e-01   1.3759814e-01  -4.6012497e-01   1.2788926e-01   7.4613532e-01  -2.2065569e-01   1.7557100e-01   2.5104133e-01   2.8374336e-02  -1.7101818e-01  -4.2286546e-02  -1.8289021e-01   3.7720870e-01  -1.0837548e-03  -1.8501444e-01   2.4533186e-02   2.5731407e-01   2.0725234e-01   4.6819787e-01  -2.9861181e-01   3.6941095e-01  -1.9805819e-01   3.0123423e-01   1.3322023e-01   2.1557390e-01   7.3205645e-02   5.1242214e-01   5.0884357e-01  -1.1926210e-01   9.4329434e-02  -1.2096338e-02   2.8323352e-01   2.9086783e-01   1.9068802e-01   1.5095595e-01  -2.1477388e-01  -3.3277078e-01   4.9305049e-01  -2.7079268e-01  -8.6363731e-02   9.7641091e-02   5.4944763e-02   1.5605804e-01   1.4883403e-01   3.9013590e-01  -4.5687718e-01   6.0625050e-02   3.4810264e-02   1.1202452e-01   5.6863900e-01  -3.2648152e-01   2.6666099e-01   1.7549729e-01  -2.1337815e-01  -1.6599142e-01  -1.3200297e-01   1.7853843e-01   2.2545732e-01   7.1968147e-02  -4.4582911e-01  -1.2176531e-01  -9.6431399e-02  -4.7430987e-02   2.2235288e-01  -2.4699036e-02   1.3124486e-01  -6.5305380e-02   1.3959912e-01   3.3853832e-01  -1.2550609e-01  -3.8665586e-02   7.6898995e-02  -2.8754845e-01  -2.0159371e-01  -1.5620022e-01  -1.2086805e-01  -2.5797738e-01   3.4806882e-02  -1.4197200e-01   1.7680465e-01   6.3066261e-01   3.3552034e-01  -2.8207564e-01   4.0510324e-01  -9.4460903e-02  -1.6171374e-01   3.3741574e-02   1.5955239e-01   6.2457970e-01   5.5093046e-02  -6.6138457e-02  -1.5249611e-02   6.9329380e-02  -3.7861721e-01   2.9152135e-01  -4.2940909e-01   3.6910720e-01  -8.3798276e-02  -1.0528829e-01   4.2713334e-01  -3.1291917e-01  -2.3393821e-01   7.0983967e-02   5.8446836e-01   3.3400868e-01  -2.6114218e-01  -6.8706755e-02   3.9043180e-01   1.2479447e-01  -5.5522955e-02  -7.7496122e-02
   9.9512480e-02   5.2891791e-01   0.0000000e+00  -1.8284391e-01   9.8864031e-02   2.1908890e-01  -4.0354326e-01   1.7442805e-01   3.2741612e-01  -2.4616519e-01  -3.0088872e-01   4.1422431e-01  -4.2840054e-01  -1.4329196e-01  -2.2754082e-01   2.0722460e-02   9.3931694e-01  -1.9700975e-01   6.3099049e-02   1.8057219e-01  -3.6875962e-01  -1.6550585e-01  -2.7468727e-01   1.1392041e-01   1.7778689e-01   2.4756259e-01   1.0404421e-01  -4.8197415e-03   3.3073540e-01  -3.2799958e-01  -5.5544838e-02  -2.0004347e-02   2.1541543e-01   3.7164461e-02   1.2724219e-01  -4.7861345e-02   2.9940405e-02  -3.2503071e-02   7.9007529e-03   2.9102915e-01   3.3950963e-02   2.5407164e-01   4.4295856e-01  -4.4946586e-02  -3.2927289e-01   2.5181347e-01  -2.5800601e-01  -2.1562292e-01   2.0309629e-01   5.2987760e-01  -7.3109669e-02   1.0370092e-01   3.3044555e-01   3.5021272e-01   7.1661597e-02  -1.3847059e-01   7.7296736e-02  -2.9200034e-01   5.6709862e-02  -4.7798757e-02   2.7256061e-01  -3.3661162e-02   5.1677768e-01  -1.2265920e-02  -4.4986115e-02  -3.7359200e-01   3.3888289e-01   7.8827622e-02  -2.9023119e-01   5.4994588e-01   3.7869909e-01  -1.8458599e-01  -5.0497993e-02   3.6075455e-01   1.0950608e-01  -4.7171404e-02   2.8477569e-01  -2.3638392e-01   1.7099397e-01   1.2804592e-01  -1.9232572e-01  -1.4286899e-01   1.9402653e-01   5.9771018e-02   6.7328336e-01  -1.8076111e-01   2.0118597e-01   1.0133927e-03   9.3620841e-02   2.9259845e-01   1.1003574e-01   4.3313389e-01   4.9973773e-01   7.3226657e-02   1.6174355e-01  -2.1438646e-01   1.3698778e-01   1.1166212e-01   1.3655604e-01  -2.0484952e-01   3.6795870e-01  -1.8619778e-01  -7.5462256e-02   1.0436867e-01  -3.1514346e-01  -1.2348691e-02   4.3351480e-01   6.8020231e-02  -1.4224619e-02   6.3142511e-03   3.3569441e-01  -3.7423755e-01   5.1037201e-02   2.1464160e-01   3.1487074e-01   1.9264546e-01  -3.0386546e-01   9.8075652e-02   4.5809908e-01  -8.6259030e-02   1.2965831e-01  -3.2511251e-01   2.3367276e-01   4.9248043e-02   9.9738606e-02  -2.0336955e-01  -2.2947671e-01   4.3162542e-02  -5.5925901e-02   5.9135965e-01  -1.5987230e-01  -2.0182917e-01   4.3808290e-02   3.0491897e-02   3.4189487e-01  -3.3760564e-02   1.3729999e-01  -6.7039569e-02  -1.4867394e-01   1.2758010e-01  -7.1717296e-02  -2.0782158e-01  -2.6145598e-01   4.5428321e-01  -2.1185630e-01  -1.5598175e-01   5.8209053e-01   8.3484600e-02  -2.3366513e-01  -2.5482226e-02   3.2962210e-01  -1.8407613e-01   2.9453182e-01  -1.2787146e-01   6.4235277e-01   1.9602443e-01   3.2814485e-01  -2.2894087e-03   4.1846568e-01  -1.4628491e-01   3.1399108e-01  -3.5048537e-01  -1.5031371e-01  -2.4957643e-01  -1.3069110e-01  -1.0360005e-02  -3.3365255e-01  -1.4465095e-02   3.7755929e-01   3.2365285e-01   2.1336066e-01   1.0187015e-01  -3.2583167e-01   4.9129471e-01   2.0108993e-01   8.3061063e-02  -1.8071254e-01
  -2.2983524e-01  -3.7705876e-01  -1.8284391e-01   0.0000000e+00   1.4262371e-01  -3.3085477e-02   3.1996848e-01  -7.6607201e-02  -8.0524551e-02  -2.2200496e-01   2.9757738e-01  -7.7248142e-02   4.1882431e-02  -8.0496882e-02   3.2331152e-01   3.4748198e-01  -1.9872310e-01   3.8806642e-01  -1.0311462e-01   9.8917922e-02   4.4348464e-01   4.3564946e-01   3.3323860e-01  -4.3808320e-02   2.3055662e-02  -6.7190366e-02   2.5237451e-01   8.6290563e-02   8.9439452e-02   4.0045374e-01   8.9288759e-02   4.1551044e-01   2.0531042e-01  -1.2546837e-01  -7.6855309e-02   3.5231768e-01  -3.4577938e-02   4.8076308e-02   1.3302166e-01  -8.8058966e-02   1.7665850e-01   3.3396560e-01  -4.4951873e-02   6.3430362e-02   3.8531405e-01  -1.6053812e-01   5.4113678e-01  -6.4693221e-02   3.3975287e-01  -4.7930725e-02   3.8018256e-01  -8.3275707e-02  -3.0458544e-01  -7.8476993e-02  -2.5297137e-02   2.5356721e-01   2.1540020e-01   4.0418776e-01   4.2653404e-01   2.5483714e-01   3.7119486e-02   2.1538480e-01  -8.1139921e-02  -2.8908513e-01   1.2184178e-01   1.4169403e-01   9.6298336e-02  -2.3157041e-02   5.0736053e-01  -2.5000500e-01  -4.1178424e-01   5.5986038e-01   1.5464513e-01  -1.4292892e-01  -1.3629704e-01   2.1540151e-01   1.3266313e-02   1.0364035e-01  -6.0635984e-03   2.1023412e-01   1.1394357e-01   1.5588716e-01  -3.9966805e-02  -5.1748406e-02  -1.8448003e-01   3.4361411e-01  -4.2463278e-01  -1.6166009e-01  -1.2262870e-02  -1.2835494e-01  -9.1227680e-02   3.9169661e-02  -1.7200417e-01   1.0927425e-01   2.8311070e-02  -2.4834099e-01   1.4494676e-01   9.8767043e-02   2.9671216e-01   1.7152533e-01  -3.7309852e-01   1.6765929e-01   3.6803058e-01   9.1317091e-02   4.1501042e-01   4.9670372e-01   5.2962928e-02   3.5960502e-01   3.5488880e-01  -1.3495043e-01  -1.1690937e-01   4.4946208e-01   3.6252243e-01  -8.9143559e-02  -2.3578457e-01  -2.8159077e-01   7.9849123e-02   3.6039211e-02  -3.0008337e-01   7.6756559e-01  -9.2011679e-02   2.8606360e-02  -1.1340411e-01   1.6501771e-01  -1.6117477e-01   2.5092482e-01   3.7706663e-01  -6.5679811e-02   4.3302862e-01  -2.5299831e-01   5.1725696e-02   4.0447825e-02   2.1961048e-01   8.8924366e-02   2.3176192e-01   2.3186606e-01   9.7070122e-02  -1.6960919e-01   3.2158009e-01  -7.5972072e-02  -1.3021924e-02  -7.2475354e-03   2.5888309e-01  -1.0549474e-01   2.6493505e-01   7.0998370e-02  -3.7517957e-01  -2.2494063e-01   1.6983483e-01  -8.3452028e-02  -8.0920210e-02  -6.6694065e-02  -2.0974830e-01   1.6908667e-01  -2.8887272e-01  -1.1163314e-01  -8.1401829e-02   4.8674232e-01   7.8622245e-02   3.9328355e-01   7.3684592e-02   2.5177851e-01  -1.6775457e-01   4.6306910e-01   3.7666763e-01  -3.9213947e-02   5.5802852e-01   6.9931564e-02   4.8845975e-02  -3.7632576e-01  -2.4481003e-01  -1.0875069e-01   4.2242946e-01   8.9283600e-03  -1.3829461e-01   1.0537690e-01   5.4385013e-01
  -5.3644057e-01   3.9690156e-01   9.8864031e-02   1.4262371e-01   0.0000000e+00   5.0975596e-01   4.5163241e-01   7.0039861e-02   5.3038962e-01   6.0441099e-02  -1.5994923e-01   2.8344119e-01   2.3246931e-02  -5.4747486e-01  -1.3434424e-01   3.2499014e-01   1.5138616e-01   1.5273988e-01   2.2958915e-02   9.2085871e-01   2.4955821e-01   1.8842800e-02  -1.4417012e-01  -5.7275395e-01   8.1508702e-02  -3.7433472e-02   5.2124929e-01  -5.5281615e-01  -4.6959695e-02   1.4575502e-01  -2.9314839e-01   1.5483265e-01   1.0595027e-03   1.0336944e-01   5.3702757e-02   7.7857223e-01   1.2558223e-01  -3.1189675e-01   3.2384760e-01   3.6161048e-01   2.6236360e-01  -5.2195636e-02   4.7994477e-01  -4.0264126e-01   4.6495510e-01  -4.6120630e-01   1.1102323e-01   3.9023309e-01   4.0697713e-01   3.1744456e-01   1.8335928e-01  -4.2574634e-02   2.8043293e-01  -1.6166996e-01  -4.1787356e-01  -3.4659461e-01  -2.6331995e-01   1.9309331e-02   1.6104486e-01   2.0606563e-01  -3.4339422e-01   6.6995903e-01   5.1181613e-01   1.1198841e-01   4.3346037e-01   2.4468873e-01   3.8613504e-01   4.0832566e-01   7.2978009e-02  -3.9085756e-01   2.8661368e-01   2.0594139e-01   3.1988710e-01  -3.7294110e-01   5.9655307e-03   5.1563585e-02  -3.4017975e-01  -1.4931613e-02   7.6034682e-01   2.4248309e-01  -3.4655275e-01   2.5518921e-01   1.5323027e-01   3.6996226e-02   5.8473397e-02   1.2212527e-01  -1.2467944e-01  -5.9715530e-01   3.4249431e-01  -4.5924273e-01   5.7937053e-01  -2.6263390e-01   4.1328252e-01   5.3881967e-01  -3.0978398e-01   1.2041698e-01   9.7723808e-02   1.4740302e-01   7.8523924e-01   2.0640278e-01  -5.2165781e-01  -7.4645097e-02  -1.2288928e-01   1.4021606e-01   9.7824849e-03   7.1822480e-02  -8.1148709e-03   2.0518463e-01   3.7176386e-01   3.6334926e-01   2.0067918e-01  -8.1168151e-03   3.8563062e-01  -4.2441581e-01  -3.8330180e-01   4.7743421e-01  -2.7918005e-01   1.5947065e-01  -3.4536759e-01   2.7300760e-01  -4.3226142e-01   4.0354387e-01   4.3418105e-01   2.7403742e-01  -3.9282975e-01  -4.5793673e-01   3.0173437e-01   8.9257145e-02   4.7906457e-02  -1.0434856e-01   2.5375602e-01   1.5099713e-01  -2.2428584e-01  -3.8905519e-02   3.0527839e-01   4.7100052e-02   1.1119209e-01  -4.1424698e-01   1.2059381e-02  -5.2446797e-01  -3.2586478e-01   1.5424220e-01  -1.2647721e-01   7.0698809e-02  -1.1126895e-01  -3.4364829e-02   2.1364099e-01   3.3380680e-01   2.0353706e-01   1.3419239e-01  -5.4108390e-01  -4.1896029e-01  -3.8778682e-01   2.1158999e-01   3.2462944e-01  -4.4515910e-01  -4.5723447e-01   1.3746524e-01  -1.6807914e-01  -1.5199573e-01   1.7917197e-01  -1.7811675e-01   5.5843967e-01   1.3830405e-01   1.7798247e-01   2.3971706e-01   1.7308711e-01  -3.8246509e-01  -3.2585176e-01   2.6887999e-01   4.7438039e-01  -3.5845242e-01   3.0145654e-01   5.5695111e-01  -4.7154304e-02   1.1404173e-01   2.0546863e-01
  -3.2710395e-01   2.5553465e-01   2.1908890e-01  -3.3085477e-02   5.0975596e-01   0.0000000e+00   1.2858860e-01   1.5913250e-01   3.7356779e-01   1.1475180e-01  -3.0250151e-01   8.0999496e-02   6.1757715e-03  -4.5339298e-01  -2.8932536e-01   5.7023960e-02   2.1298958e-01  -2.1728693e-01  -6.7758583e-02   4.8089944e-01   4.2863991e-02  -2.0027306e-01  -3.4386575e-01  -3.4785219e-01   1.3531404e-01   8.7592856e-02   6.4782114e-01  -4.7291172e-01  -1.6083019e-01  -2.6541521e-01  -4.8019545e-01  -1.8373994e-01   9.6486394e-02  -4.6166469e-03   1.0671746e-01   3.2195119e-01   2.2397672e-01  -1.6601210e-01   9.0695786e-02   7.0383546e-01  -3.7445361e-02   1.9042364e-02   3.6132143e-01  -4.2651000e-01   5.4863997e-02  -2.5337232e-01  -9.3256269e-02   3.4495240e-02   4.8102277e-01   3.0320287e-01  -1.7956323e-01   5.7494708e-02   2.0530544e-01  -2.1959019e-01  -2.5526571e-01  -3.2240377e-01  -5.5242817e-02  -2.1529726e-01  -5.6686069e-02  -6.2660717e-02  -2.0691056e-01   3.7595434e-01   3.8116764e-01   5.4673861e-02   1.7188362e-01   4.8424457e-02   7.2369232e-01   2.8093442e-01  -1.2053491e-02   4.0422664e-02   4.3673146e-01   1.6954574e-01  -5.6512873e-02  -1.8230493e-01   1.3972406e-02  -3.2596565e-01  -2.4492458e-01  -7.9028310e-02   3.6039914e-01   1.8342084e-01  -2.9775188e-01   3.5108261e-02   1.0986260e-01  -1.8267456e-02  -3.2244953e-02  -1.4402061e-01  -8.4682675e-02  -4.0113555e-01   6.8857101e-02  -2.2080120e-01   4.1167885e-01  -1.0259639e-01   2.6198708e-01   1.6617748e-02  -1.5941848e-01   2.4186324e-01   1.5352008e-01   8.6621224e-02   3.7932672e-01  -1.0897698e-01  -2.0864050e-01  -2.4030591e-01  -2.8321867e-01  -7.6555239e-02  -1.1208148e-01  -6.8487371e-02  -3.0497593e-02   2.4298506e-01   1.6557291e-01  -2.5299205e-02   1.7395746e-01  -1.1735343e-01   2.3073606e-01  -1.8678503e-01  -2.5624691e-02   4.3589240e-01  -2.4597185e-01  -8.6399204e-02  -1.4994748e-01   6.0294791e-02  -2.2960876e-01   2.9517398e-01   4.1673195e-01  -7.9659458e-02  -3.0576229e-01  -3.0549910e-01  -5.0300203e-02   1.5129088e-01  -1.1293660e-01   3.9485218e-01   8.6714667e-02  -2.0407613e-01  -6.1609303e-02  -3.7978389e-01   5.6740529e-02  -2.1980876e-01   4.4648933e-02  -3.1294113e-01  -1.4307239e-01  -2.2453875e-01  -1.9526221e-01   2.1017699e-01  -2.5117936e-01   3.3522791e-01  -3.9451839e-01  -3.7043029e-01   3.5312491e-01   2.4201944e-01  -2.5001064e-02  -3.3774043e-02  -4.2829606e-01  -3.9627856e-01  -1.5047300e-01  -8.4459595e-02   5.0312828e-01  -3.0158771e-01  -2.2832155e-01  -6.0250344e-02  -1.2571444e-01  -1.4241961e-01  -9.1491739e-03  -2.8113629e-01   4.8414869e-01  -4.3435074e-02  -1.5979948e-02   2.3103347e-01  -1.8735482e-01  -2.7550917e-01  -1.1051821e-01   2.6326099e-01   4.2460362e-01  -1.3923617e-01  -8.0173091e-02   7.2409946e-01   8.6649313e-02   3.2203787e-01   2.0351857e-02
  -5.4614563e-01  -1.2459616e-01  -4.0354326e-01   3.1996848e-01   4.5163241e-01   1.2858860e-01   0.0000000e+00  -1.6042343e-01  -2.1069434e-02   5.8895643e-02   2.5430765e-01   2.2060295e-01   1.3805693e-02  -2.3799692e-01   5.4756317e-01   4.3010904e-01  -3.7903897e-01   3.4666282e-01  -1.2958289e-01   3.9017116e-01   4.6529714e-01   1.8056165e-01   3.9827562e-01  -4.0861820e-01  -5.7334877e-02  -2.9041166e-01   2.3751229e-01  -1.9639332e-02  -1.6040701e-01   4.9497710e-01   1.7970739e-01   2.2934628e-01  -1.6096590e-01   1.7465948e-01   2.7997373e-02   4.5488810e-01  -1.0016906e-01  -8.2129918e-02   3.0605729e-01   3.9203587e-02   1.4201145e-01  -1.3661845e-01  -7.3077999e-02   1.5438126e-02   6.5067638e-01  -4.3108183e-01   4.5344245e-01   5.2631784e-01   1.4644514e-01   7.9266670e-02   3.4743473e-01  -1.8772133e-01  -4.4899453e-02  -1.6521369e-01  -2.1304786e-01   7.2858273e-02  -1.8726094e-01   2.3907578e-01   3.4283566e-01   4.0307861e-01  -4.1894274e-01   3.3295931e-01  -2.0730350e-01   2.2454181e-01   2.1764331e-01   3.7858532e-01  -2.9558099e-02   1.4373252e-01   2.9537102e-01  -5.1517700e-01  -2.0968129e-01   3.9257633e-01   3.4488639e-01  -4.1285744e-01   7.7980758e-04   1.7704113e-01  -3.7741398e-01   1.0552776e-01   2.6580416e-01   2.0017374e-01   2.7195833e-01   4.5671896e-01  -6.6366312e-03  -8.2760055e-02  -2.2806266e-01   2.2887413e-01  -3.6605356e-01  -3.3781554e-01  -1.4980499e-02  -4.1479370e-01   2.4631426e-02  -3.7495019e-01   1.2405325e-01   3.9010753e-01  -1.9703870e-01  -4.0812028e-02   9.5558913e-02  -2.0705083e-01   3.3228070e-01   3.7196209e-01  -4.2246529e-01   4.8701847e-01   3.2751753e-01   5.4483893e-02   3.6252648e-01   1.4314308e-01  -3.0139926e-01  -3.6186915e-02   3.7653803e-01   2.4766181e-01   2.0998684e-01   3.8330798e-01   2.6326952e-02  -4.2755443e-01  -1.8404146e-01  -2.7067434e-02  -1.3150310e-02   2.0490729e-01  -4.2879214e-01   4.2574600e-01  -3.2754751e-01   3.3917926e-01   6.8681605e-02   2.6215908e-01  -3.2255541e-01   1.4954611e-01   6.8262422e-01  -9.0171024e-02   1.1272231e-01  -4.0043831e-01   2.1176909e-01   2.9225102e-01   1.1069359e-02   1.7880450e-01   4.2289762e-02   1.3205990e-01   8.2755177e-02   3.9237770e-02   2.0472518e-01  -3.2684976e-01  -3.3007468e-01  -1.3886554e-01   1.4927920e-01  -4.4677731e-02   4.7357719e-01   3.1685352e-01  -1.0494449e-01  -6.1305165e-02   5.4307194e-01   4.2722639e-02  -2.9753311e-01   6.8587823e-02  -4.9656186e-01   2.1560854e-01  -1.8436204e-01  -2.7423760e-01  -4.3773145e-01   3.4255683e-01  -2.5866349e-01   4.2604930e-01  -2.3059124e-02   2.1835292e-01   1.6129465e-01   4.9424264e-01   1.4884471e-01   1.9861844e-01   4.1299694e-01  -1.0144939e-01  -4.2226307e-01  -1.9854248e-01   9.6209345e-02  -2.4389873e-01   4.7733771e-01   1.0286719e-01  -5.4733046e-02  -8.2033143e-02   2.5182969e-01
   3.0053110e-02   1.8735814e-01   1.7442805e-01  -7.6607201e-02   7.0039861e-02   1.5913250e-01  -1.6042343e-01   0.0000000e+00   1.2692611e-01  -7.3869202e-02   2.4302529e-01  -2.0837910e-02   1.6536777e-01  -1.5234913e-01  -1.0429661e-01  -3.9025877e-02   1.4017549e-01   1.5688845e-01   3.4745854e-01  -7.5713062e-02  -3.2794193e-01   2.9288465e-01  -1.5380861e-01  -1.0711144e-01   7.0095546e-02   6.6096450e-01   8.7534539e-02   3.2920858e-02  -6.0506708e-03  -9.4344274e-02   6.7956048e-02   2.7679065e-01  -1.1866879e-02  -1.2738847e-01  -2.8356466e-01   7.9642785e-02  -9.8355737e-02  -2.8953914e-01  -8.2121224e-02   2.9274045e-03   1.6372799e-01  -2.0454065e-01  -1.8829599e-01   2.4182077e-01  -2.4128559e-01   2.1172788e-02   1.6162285e-01  -9.2879901e-02  -1.3152410e-01  -1.7455802e-02   2.1907381e-01   7.6231021e-01  -7.9706728e-02  -2.6642755e-02  -1.8482088e-01   2.2588165e-01   1.6028465e-01   3.2069150e-01   1.4623297e-01  -1.1292361e-01   1.5726599e-02  -2.3732359e-01   3.5971026e-02  -8.6830790e-03  -2.6982702e-01   3.7062154e-02   3.5475110e-01  -1.5601701e-01   1.3970899e-01   1.0430312e-01   9.1420353e-02  -5.4473001e-02  -2.6544264e-02   1.3889856e-01   1.8503689e-01   2.3518294e-01   2.7545307e-02   3.9926387e-01  -4.2202014e-02   1.8247853e-01   9.6727101e-02  -1.0824404e-02   3.2849574e-01   7.0024414e-01   2.2085249e-02   1.9920565e-01  -1.9605547e-01  -3.2598554e-02   1.2979143e-01  -1.1559456e-01  -3.8346064e-02   1.1604877e-02  -2.1036348e-01   1.1895593e-01  -1.9484851e-01   3.5172882e-02  -2.7392802e-01   3.8702013e-01  -1.2180068e-01  -1.5406362e-01   1.0446445e-01  -5.1895067e-04   1.4689291e-01   1.5636571e-01   1.8264005e-01   3.4139339e-01  -9.2554772e-02   4.6780028e-01  -1.2461417e-01  -5.6455059e-02  -2.8790317e-01   4.1135388e-02  -4.3506977e-02  -1.1509599e-01   3.7130604e-02  -7.1551291e-02   2.5798263e-01  -1.1994778e-02   8.5350489e-02  -1.5214234e-01  -1.0921797e-01  -4.8945613e-02  -5.5141208e-02  -4.0024880e-01  -2.7613994e-02  -2.8316679e-01  -2.6628452e-01  -1.1033453e-01   4.1209791e-01   1.8678434e-01  -1.8357869e-01  -1.0856958e-01   1.2550184e-02  -1.9460805e-01   8.5135051e-02   3.6631439e-01  -2.6196226e-01  -1.9633691e-02   1.9293878e-01   1.8804438e-02   1.9215250e-02   2.3986460e-01   2.8149810e-01   8.8672430e-02  -2.6443950e-01  -4.0188995e-02  -7.8160863e-02   2.0751625e-01  -7.4114340e-02  -1.7573250e-01  -1.8965021e-02   3.1402381e-01   6.6396595e-02   1.6050761e-01   1.4600984e-01  -1.0868118e-01   4.0258166e-02   3.3043055e-02   3.9182990e-02  -2.9416207e-02  -6.2150773e-02   2.7898401e-01   5.9974700e-02   3.6190866e-02   3.6101611e-01  -1.0436476e-01   4.7687933e-02   1.2776786e-01   8.0490441e-02  -4.2299298e-02  -2.4791054e-01  -3.3021482e-01  -3.0623735e-02   1.6786919e-01   6.7533642e-02  -8.7467231e-02   2.6773518e-01
  -1.1785138e-01   7.5073771e-01   3.2741612e-01  -8.0524551e-02   5.3038962e-01   3.7356779e-01  -2.1069434e-02   1.2692611e-01   0.0000000e+00   2.2415497e-01  -3.1829775e-01   4.1053539e-01  -5.8523098e-02  -4.6570825e-01  -2.1010794e-01  -9.6071417e-02   4.0669232e-01  -8.2688922e-04   2.4777517e-01   5.0107470e-01  -2.1469563e-01  -1.8533596e-01  -3.1509958e-01  -1.2710084e-01  -6.7409109e-02   1.9076490e-01   1.8322850e-01  -3.8887378e-01  -1.7360474e-01  -2.3943833e-01  -1.0345027e-01  -1.0444060e-01  -5.9526280e-02   2.5242985e-01   3.1435876e-01   3.8748240e-01   4.2876758e-01  -3.1025634e-01  -1.4082027e-01   3.1547973e-01   2.8584748e-01  -1.4707421e-01   5.7720950e-01  -2.7976632e-01   2.5804525e-01  -7.7521065e-02  -3.1822977e-01   3.0739817e-01   2.3563027e-01   2.7511423e-01  -5.3797611e-02   1.1208282e-01   5.7437027e-01  -2.6230299e-01  -3.6265822e-01  -5.2691715e-01  -4.0643896e-02  -1.3257458e-01  -5.5635979e-05   2.1566344e-01  -1.2397143e-01   5.0385754e-01   6.7118847e-01   4.0677811e-01   5.1644354e-01   9.4250429e-02   4.5506635e-01   1.8815841e-01  -3.0597268e-01   6.3007708e-02   6.1376623e-01  -4.6499757e-03   1.4543776e-01   9.6409053e-02  -1.0610986e-01  -1.4638606e-01  -1.0459914e-01  -1.7677001e-01   3.9141629e-01   2.2506646e-02  -2.2508550e-01   1.5264309e-02   1.2639768e-01   1.9837409e-01   2.1307857e-01  -1.2874585e-01   3.0880753e-01  -3.3218757e-01   3.0317243e-01   4.5173298e-02   2.8842039e-01   6.3894931e-02   3.8452857e-01   6.2685078e-01  -2.1952059e-01   6.6442954e-02   1.8065658e-02   2.6047259e-01   5.1178566e-01   1.5558160e-01  -6.5927450e-02  -1.8916690e-01  -2.7813978e-01   5.9699735e-01  -2.6847631e-01  -2.7195916e-02  -5.7835025e-02   1.6155351e-01   2.2660621e-01   1.0211354e-01   2.1071779e-01  -3.3186765e-01   3.8918116e-01   1.8666664e-03  -4.2526878e-02   5.1117308e-01  -4.0530898e-01   2.1022177e-01  -1.3971834e-02   5.5987186e-02  -2.8287388e-01   4.1022334e-02   2.8807629e-01   1.7506228e-01  -3.5422547e-02  -4.2168926e-01  -1.4725632e-01  -1.3999590e-01   1.0858755e-01   1.6983437e-01   4.0022532e-02   6.1411623e-02  -5.5648405e-03   7.6330889e-02   5.1472499e-01  -1.1308798e-02   1.7964868e-02  -9.4227827e-02  -1.1199636e-01  -3.9342699e-01  -2.0744146e-01   1.6953237e-02  -2.8196409e-01   9.7014435e-03  -1.5327707e-01  -5.9929384e-03   4.5038675e-01   3.4304200e-01  -2.6625395e-01   3.8223312e-01  -3.2402430e-01  -2.7695331e-01  -1.4666700e-01   1.4791538e-01   4.9900908e-01  -7.3949079e-02  -2.7757443e-01  -7.1665220e-02   5.0690366e-02  -3.2377211e-01   2.5107531e-01  -4.7453497e-01   5.5223265e-01  -2.5141268e-02  -4.9592609e-03   3.4345163e-01  -2.0499494e-01  -4.1086656e-01  -1.5115954e-02   5.0449004e-01   2.6134369e-01  -3.8282643e-01   1.1626434e-01   4.8239431e-01  -1.2794923e-02   6.1689743e-02   4.4273805e-02
  -9.4740012e-02   2.3427990e-01  -2.4616519e-01  -2.2200496e-01   6.0441099e-02   1.1475180e-01   5.8895643e-02  -7.3869202e-02   2.2415497e-01   0.0000000e+00  -2.7435516e-01  -9.3396564e-02   5.9034886e-02  -3.1596462e-01  -1.2155679e-01  -1.5191896e-01  -1.8826185e-01  -8.7135548e-02   1.8971819e-02   1.3508434e-02  -1.5977568e-01  -2.4876610e-01  -8.7113211e-02  -1.6500523e-01  -1.2304343e-01   1.1775969e-01   4.8200430e-03  -6.6531375e-02  -2.4223516e-01  -3.5654278e-01  -1.6782381e-01  -3.0092023e-01  -5.9278066e-02   4.4994679e-01   1.8215365e-01  -1.6063813e-02   4.5053342e-01  -1.6961036e-01  -1.0474442e-01   2.2368430e-01  -3.3317260e-02  -1.7704029e-01  -1.4504371e-01  -1.8324789e-01   2.1225520e-01  -1.4943394e-01  -3.5594369e-01   1.2306065e-01  -2.0498601e-01   5.0987837e-02  -1.4951901e-01  -5.3548257e-04   2.6065231e-01  -3.8429865e-01  -3.7769874e-01  -2.5156549e-01  -1.8430804e-01  -2.4198198e-01  -1.2208746e-01  -1.5810849e-01  -2.6112392e-01   1.7619615e-01  -1.2321326e-01   3.1697101e-01   2.7157540e-01   4.0631506e-01  -1.0752465e-01  -2.3779387e-01  -2.5790759e-01  -1.2327006e-01   3.6264485e-01  -3.4837254e-01  -9.2083502e-02   2.0590186e-03  -3.1454017e-02  -3.8670556e-01  -1.6881922e-01  -1.2476462e-01  -1.8917910e-02  -1.7219773e-02   2.2716854e-01  -6.6604806e-04  -1.5488898e-01   1.0304458e-01  -3.0773555e-01  -3.0997917e-01   2.0228531e-01  -1.4096599e-01  -1.3882609e-02  -1.4304751e-02   1.5314131e-01  -1.5324761e-01   5.8063730e-02   1.7397530e-01  -1.2605094e-01   3.8966477e-01  -2.4993166e-01   1.8619492e-01  -1.1531427e-01   3.8894262e-01  -1.3721329e-01  -8.4515069e-02  -5.1609455e-01   1.0950079e-01  -1.0919647e-01  -2.5894105e-01  -3.1979642e-01  -1.5776076e-01   3.1594551e-01  -1.7889302e-01   2.7652795e-01  -4.1023377e-01  -1.7300311e-01  -7.0556430e-02   1.0030121e-01   1.7597244e-01  -3.1168863e-02  -1.7454735e-02  -2.7002963e-01  -1.9945562e-01  -5.7820384e-02   3.7819299e-01  -5.8271988e-02  -1.9697805e-01  -5.4181222e-02  -2.3144505e-01  -2.9143686e-01  -2.4604319e-01  -2.4964161e-01  -8.8645918e-02  -1.3998603e-01   2.1690429e-01  -1.8931309e-01  -1.3626189e-01  -3.5411851e-01  -2.7224613e-01  -2.0456624e-01   1.6891188e-01  -3.4381983e-01  -2.7330998e-01  -7.0695442e-02  -3.9547023e-02  -1.5338602e-01  -1.6438254e-01  -2.4589685e-01  -1.0611408e-01   2.3928161e-01   5.3022134e-02  -1.1102146e-01   3.7764690e-01  -4.0508833e-01  -2.8626858e-02  -5.9773053e-02  -1.0522678e-01   9.6169353e-02  -2.0307116e-01  -2.0546908e-01  -8.4330007e-02  -1.7308032e-01  -2.6646124e-01  -2.1563754e-01  -2.2620323e-01   5.4519559e-01  -4.8270119e-02  -1.7912243e-01   4.7270294e-01  -2.1926299e-01  -3.0561103e-01  -1.9330151e-01   8.0792110e-02   2.3251772e-01  -2.4766746e-02  -8.1241827e-02  -7.0680523e-02   8.6211111e-02  -1.3560029e-01  -1.9809916e-01
   8.0432099e-02  -3.3544812e-01  -3.0088872e-01   2.9757738e-01  -1.5994923e-01  -3.0250151e-01   2.5430765e-01   2.4302529e-01  -3.1829775e-01  -2.7435516e-01   0.0000000e+00  -2.2467292e-02   2.6465668e-01   4.4560947e-02   3.7829269e-01   2.2470346e-01  -3.2467361e-01   7.2619243e-01   1.0134994e-01  -2.5071884e-01   3.2386082e-01   5.2610014e-01   4.5424659e-01   9.6715131e-02   3.8757262e-02   7.5149245e-02  -1.9484132e-01   2.6878382e-01   8.0380650e-02   5.6173491e-01   3.8872902e-01   5.7183848e-01  -1.2602066e-01   5.4570351e-02  -2.0721514e-01   1.9163245e-01  -1.9132958e-01   1.0134618e-01   8.7690368e-02  -5.8483184e-01   3.6204456e-01  -5.6155838e-02  -4.1113907e-01   5.6120011e-01   2.6291069e-01   2.5130767e-01   8.1222075e-01  -3.3520152e-02  -1.5396695e-01  -3.7370531e-01   7.1393932e-01   2.4431049e-01  -3.4527305e-01  -1.1440216e-01   4.3472394e-02   5.7104751e-01   2.8050427e-01   5.3076886e-01   5.2229954e-01   3.2400740e-01   2.0023594e-01  -3.3794473e-01  -3.3646405e-01  -4.6161002e-02  -4.7664077e-02   2.7665894e-01  -1.2989923e-01  -1.6575031e-01   6.0146173e-01  -1.0980418e-01  -6.2193927e-01   3.4017316e-01   3.4930628e-01   2.4871333e-02  -1.0394031e-01   4.5272361e-01   2.1075123e-01   4.3932151e-01  -2.8577378e-01   4.1613110e-02   2.5441588e-01   4.7767466e-01   1.5260674e-01   1.6598639e-01  -2.6869878e-01   3.8953625e-01  -3.8990192e-01   5.2511776e-02   2.1225788e-02  -4.3968885e-02  -3.6111101e-01   1.1459619e-01  -4.8354024e-01   1.2012971e-01   7.3227876e-02  -2.6227707e-01  -2.5122652e-01  -3.3812932e-02  -1.9182699e-01   1.6979671e-01  -1.5666093e-01   5.5063549e-01   4.8201059e-01   1.3434873e-01   6.5153032e-01   5.1821462e-01  -3.6070601e-01   2.4216405e-01  -8.7017544e-02   1.9950423e-01  -2.7784590e-01   4.7378561e-01  -1.2465997e-02   1.2244784e-02  -2.6230818e-01  -5.3933853e-01   3.5420086e-01   4.0929983e-01   3.5829444e-02   2.4137101e-01   1.0700789e-01  -1.6483273e-01  -2.1995653e-01   7.9823615e-02   2.2024348e-01   1.1172638e-01   4.3133044e-01  -2.6637779e-01   5.0559358e-01  -4.1718427e-01   9.2067610e-02   4.2394195e-01  -2.9908593e-02   2.1866207e-01  -6.2784855e-02   3.8152584e-01  -3.4471912e-01   6.6051572e-02   5.1189788e-01   1.4570419e-01   1.2615418e-01  -4.8174019e-02   6.4838924e-01  -2.5167960e-01   3.3009146e-01   3.4402448e-01  -6.2543539e-01   7.6669929e-02   4.1877802e-01  -4.9046550e-02   1.0884449e-01   3.4114104e-01  -5.7426581e-02   5.2092894e-01  -5.9082596e-01   2.3323536e-01   9.0949770e-02   5.2188030e-01   2.0142511e-01   5.5634522e-01  -3.3950335e-02   7.5314639e-01  -2.3168534e-01   6.2722488e-01   4.6808521e-01  -3.1481826e-01   6.9171706e-01   3.6659759e-01   1.6244120e-01  -3.6663021e-01  -5.4228765e-01  -2.4377678e-01   3.9904933e-01  -3.3796668e-01  -2.0472491e-01  -1.3691039e-01   4.9111118e-01
  -3.2724204e-01   5.9483340e-01   4.1422431e-01  -7.7248142e-02   2.8344119e-01   8.0999496e-02   2.2060295e-01  -2.0837910e-02   4.1053539e-01  -9.3396564e-02  -2.2467292e-02   0.0000000e+00  -2.0637309e-01  -2.3194796e-01   1.0693177e-01   1.4135719e-01   4.5672782e-01   2.5468144e-01   1.5277940e-01   3.5711724e-01  -1.9666046e-02   9.1889322e-02  -7.0848453e-02  -1.5615888e-01   1.8234301e-01  -7.4117348e-03  -7.5462504e-02  -8.1048728e-02   5.6302425e-02   2.1380561e-01   2.0430072e-01   2.6536915e-01  -1.2084477e-01   1.6654526e-01   2.0152155e-01   1.2189430e-01   7.0735271e-02  -2.6190882e-01   7.7626110e-02   5.3292912e-02   2.9176327e-01  -1.0482288e-01   4.6530682e-01   1.1028665e-01   3.2733019e-01  -1.4963115e-01  -6.7867743e-02   2.7983657e-01   1.6486786e-01   3.3970045e-01   2.5068272e-01   2.6610917e-02   3.7771294e-01   1.3192415e-01  -1.0462117e-01  -3.5241513e-02   1.1952578e-01   3.2043499e-02   3.4461844e-01   6.2493251e-01  -2.6992509e-01   2.1075034e-01   3.9775712e-01   2.8965251e-01   3.4816165e-01  -1.5756655e-01   2.6560017e-01   2.2254431e-01  -1.5944295e-01  -8.5397143e-02   2.7855771e-01   2.3052057e-01   2.6035607e-01   1.8024434e-01   3.5719967e-02   1.4674694e-01  -2.0506562e-01  -1.1537134e-01   3.0506489e-01   9.3652411e-02  -1.0060235e-01   1.3185955e-01   2.3095067e-01   1.5358648e-01   4.3238937e-01  -4.3198039e-02   5.8074575e-02  -9.7102627e-02   2.0985241e-01  -7.8932994e-02  -3.0537940e-02  -5.3524684e-02   4.0705902e-01   6.1018340e-01  -2.7487783e-01  -1.8085865e-01   2.2738364e-01   1.3505501e-01   2.4491527e-01   1.5670320e-01   6.2793804e-02   1.3183396e-01   1.1864809e-01   4.4213960e-01   2.9302095e-02   2.1572526e-01   2.3503230e-02   7.1069609e-02   1.1433310e-01   2.6280959e-01   2.8233679e-01   8.7691041e-02   2.0216950e-01  -1.8494162e-01   4.2296216e-02   2.4538203e-01  -2.7214473e-01   3.3107644e-01   1.1523370e-01   1.6419823e-01  -3.0163539e-01  -2.3557242e-01   3.6063229e-01   4.4685732e-01  -1.3607265e-01  -2.3651808e-02   3.9660187e-01  -1.1527761e-01   1.2126424e-01   1.9018933e-02   2.6793761e-01   9.8772435e-02   1.4459015e-01   3.6164722e-01   5.0653258e-01   4.6349167e-02   1.4964082e-01   1.3226222e-01   4.1159480e-02  -2.7932859e-01  -3.1472889e-01  -1.7038633e-01  -3.2224568e-02   7.0190083e-02   2.3344736e-01   4.5563357e-01   3.8302650e-01   6.3824319e-02   3.8372961e-02   2.5593073e-01   8.7176838e-02  -3.6571126e-02  -1.8863423e-01   1.7062477e-01   3.4683442e-01  -2.8362580e-02  -2.6997545e-01   3.0812437e-01  -9.9985423e-02   1.1374456e-01   3.5992893e-01  -1.4158943e-01   3.6611226e-02   3.0713900e-01   8.4190565e-02   2.2247706e-01  -5.1122105e-02   1.1181387e-02  -1.0597825e-01   2.4238374e-01   2.3061440e-01  -3.5175923e-01   4.8582508e-02   3.0636190e-01   2.7861323e-02  -1.3252198e-02   1.6350647e-01
   4.3499537e-02  -1.2218915e-01  -4.2840054e-01   4.1882431e-02   2.3246931e-02   6.1757715e-03   1.3805693e-02   1.6536777e-01  -5.8523098e-02   5.9034886e-02   2.6465668e-01  -2.0637309e-01   0.0000000e+00  -6.5842951e-02  -1.9834388e-01  -1.0285394e-01  -3.6569367e-01   2.1673969e-01  -2.1527404e-02  -8.9469864e-02  -2.6210873e-02   3.9229689e-01  -1.8975608e-01  -1.1936326e-02  -1.7139190e-01   3.8273670e-02   6.1417943e-02  -2.7608653e-01  -7.3172194e-02   2.4920885e-02  -1.7484313e-01   1.2135433e-01  -2.4818819e-01  -2.9773946e-01  -3.5036545e-01   1.3134978e-01  -1.6294989e-01  -1.9819504e-01  -4.9410296e-02  -1.5772915e-01   3.1995247e-01  -3.1415834e-01  -3.7845555e-01  -3.4164268e-02   1.0034455e-01  -7.9018423e-02   2.4628985e-01   1.6472434e-02  -1.4261494e-01  -2.7199655e-01   9.4111713e-02   8.7706236e-02  -3.1901259e-01  -3.3219100e-01  -2.7688806e-01  -5.0458383e-02   4.6496019e-02   4.3240418e-01  -3.7293996e-02  -4.5004270e-02  -2.4544090e-01   4.2596798e-02  -2.0917414e-01  -7.5743635e-02  -1.3059740e-01   1.3894668e-01   3.3281290e-02  -1.1190730e-01   3.0323031e-01  -3.3656262e-01  -8.2682505e-02   1.4273692e-01  -3.5129208e-02  -1.5440364e-01  -1.2521597e-01  -1.5718917e-01  -2.3373453e-01   2.8056286e-01   3.3172330e-02  -2.8063430e-01  -1.4056954e-01   3.6834551e-02  -1.1552037e-01   1.4306635e-01  -3.6761728e-01  -4.6510999e-02  -2.9299528e-01  -1.2331949e-02  -2.3844114e-01  -2.4801853e-01   2.5017745e-01  -2.2012298e-01  -4.7604514e-01  -5.2234900e-02  -2.4846198e-01   5.3029364e-01  -3.3107422e-01   1.6956928e-01  -2.2914910e-01  -1.4261805e-01  -4.1186947e-01  -1.8656196e-01  -1.5324353e-01   1.2323319e-01   3.3754992e-01   1.9706348e-01  -3.5894745e-01   2.1527215e-01   6.5928727e-03   1.8488886e-02  -5.7000139e-01   2.6421451e-01  -8.6483734e-02  -1.3034976e-01  -4.8742141e-01  -7.0118785e-02   2.5329116e-01  -8.2089154e-02  -2.8909805e-01  -5.6700898e-02  -2.2715823e-01   3.7377794e-01  -1.4411536e-01  -3.1450277e-01  -7.6521712e-02  -1.2176259e-01  -2.4915796e-02  -1.4599820e-01   3.2005353e-01  -3.0309166e-01   2.5317129e-01  -6.8605016e-02   4.1532388e-02  -3.0001113e-01  -9.2450365e-02  -9.3357595e-02  -4.2147282e-01  -2.9256992e-01   8.3903738e-03  -7.0262284e-02  -3.0474259e-02   5.6002146e-01   2.8722082e-01  -3.6470134e-01  -2.7374345e-01  -1.8613484e-01  -3.5622239e-01   2.0004639e-01   3.1460860e-02  -2.2191624e-01  -3.6044126e-01  -7.2515850e-02  -1.7995390e-01   9.6238795e-02  -2.4386360e-01  -6.3188821e-02  -3.3278079e-01  -3.4308670e-02  -2.1384042e-01  -1.2724536e-01  -1.7000499e-01   3.1248281e-01   1.4458871e-01   1.9948994e-01   2.8015669e-01  -2.3653813e-01   2.2535000e-01  -1.1050936e-01  -2.6480202e-01  -1.8639180e-01  -7.3940208e-02  -2.6051882e-01   1.1839882e-01  -1.9481350e-01  -1.6839940e-01  -1.8741791e-01   4.2874571e-01
   4.8303255e-01  -3.8085060e-01  -1.4329196e-01  -8.0496882e-02  -5.4747486e-01  -4.5339298e-01  -2.3799692e-01  -1.5234913e-01  -4.6570825e-01  -3.1596462e-01   4.4560947e-02  -2.3194796e-01  -6.5842951e-02   0.0000000e+00   1.5488342e-01  -3.1458366e-01  -1.9944530e-01  -2.3520075e-01  -4.3454124e-02  -5.0952111e-01   6.9456857e-02  -7.9408269e-03   1.6448017e-01   4.6105502e-01   2.8624673e-02  -1.5812251e-01  -3.4797636e-01   4.4571969e-01  -2.7134873e-02   1.6717231e-01   3.0814367e-01  -2.3428204e-01  -1.0103954e-01  -2.6831352e-01  -7.7139380e-03  -5.4114375e-01  -4.2723517e-01   3.1784855e-01  -2.5359535e-01  -3.5376961e-01  -4.1705746e-01   6.6749486e-02  -2.1854712e-01   2.8171984e-01  -3.3904888e-01   1.8245040e-01  -8.9752972e-02  -6.1321151e-02  -5.3953376e-02  -3.8720108e-01  -2.6214306e-01  -7.6716887e-02  -3.9071577e-01   4.9476714e-01   5.7703289e-01   3.2432204e-01   1.6633141e-01  -1.3998006e-01  -3.3762866e-01  -1.7300147e-01   2.0680659e-01  -3.0264294e-01  -3.0899366e-01  -2.2077757e-01  -3.9053446e-01  -2.9422299e-01  -3.2113774e-01  -1.8572725e-01  -1.3646086e-02   1.7332648e-01  -3.3014442e-01  -2.3205972e-01  -2.6995877e-01   2.4058589e-01   3.7143502e-03   1.0367445e-01   1.7932127e-01   7.5984801e-02  -3.1746267e-01  -3.2366652e-01   1.3755568e-01  -2.1258500e-01   6.1135985e-03  -1.5826462e-01   1.9834054e-01  -9.7714959e-02   2.9490139e-01   5.3305792e-01  -5.1629880e-02   2.4622229e-01  -3.5065206e-01   4.8428520e-02  -1.9221627e-01  -4.4322096e-01   2.7408891e-01  -9.5409868e-02   4.6254543e-02  -3.2707571e-01  -3.0971625e-01  -2.2017503e-01   5.0562702e-01  -3.5222399e-02   3.9902170e-01  -2.4768710e-01  -9.1313688e-02  -2.3307580e-01   3.7559095e-01  -2.2310400e-01  -4.4732464e-01  -8.8734297e-02  -2.0008982e-01   8.9020599e-02  -2.4878985e-01   3.1114051e-01   3.2388243e-01  -3.3553591e-01   1.6318063e-01  -2.5477165e-01   3.5304914e-01  -2.0223688e-01   2.4250681e-01  -2.3416823e-01  -1.5549181e-01   1.5220840e-02   1.8984030e-01   6.6420416e-01  -9.4481264e-02   3.2378455e-01  -2.0779542e-01   5.2563652e-02  -2.8941671e-01  -2.3811781e-01   4.2842628e-01   1.8430871e-01  -1.8235415e-01  -2.0947186e-02   1.1685413e-01   3.7860628e-01  -6.0669312e-02   4.8417940e-01   4.5332126e-01  -1.1756880e-02  -5.9811127e-02   6.8715421e-02   2.1735593e-01   1.5217405e-01  -1.8959817e-01  -2.4794651e-01  -1.0362273e-01  -1.9638830e-01   5.8663210e-01   4.0537505e-01   3.3233864e-01  -1.2596519e-01  -3.6677128e-01   2.5147407e-01   2.7883088e-01  -3.0883136e-01  -6.2182423e-03   1.1734548e-01  -6.6559525e-02   3.2261941e-02  -5.5761944e-01  -2.2404279e-01  -3.0261475e-01  -3.2194124e-01  -1.1018630e-01   5.4710584e-01   1.8779444e-01  -2.0717811e-01  -3.1478083e-01   3.2683356e-01   9.8823498e-03  -3.9850084e-01  -1.1858893e-01  -1.2677884e-01  -2.6089244e-01
