   0.0000000e+00  -4.1280075e-02  -1.2068251e-01  -1.9694616e-01   1.1996731e-01  -1.9550335e-01  -1.3011904e-01  -1.5452719e-01   1.9466115e-01  -7.0618665e-02   2.3516005e-01  -8.9323773e-03  -9.7385479e-02   2.2491440e-01   9.8741337e-02  -9.5371526e-02  -2.6252759e-03  -3.5602738e-02  -1.5966015e-01   2.8309742e-03  -2.0619562e-01  -3.2601395e-01  -1.6346594e-01   2.3647801e-01  -3.2030325e-02  -1.3742616e-01  -5.7533846e-02   1.9950613e-02  -6.3514489e-02  -1.9369677e-01   2.5235991e-01  -2.9754260e-01   2.5958410e-02   3.8999968e-02  -1.2594889e-01   2.6037844e-02   2.3241692e-01   3.5342785e-01  -2.4152374e-03  -2.1069856e-01  -1.0464095e-01   7.3847194e-02   2.9733205e-02  -5.6539740e-02   1.9342392e-01   4.5464421e-01  -1.0216701e-01   9.4712215e-02   9.4348795e-02  -2.2975735e-02  -1.3910676e-01  -9.9964376e-02   5.9041800e-02   3.1742032e-02  -3.6258907e-02  -1.2371823e-01  -2.1126565e-01  -3.5418190e-01  -2.7618876e-01  -1.7913904e-01   4.1864963e-01   2.4077821e-01   6.8786459e-02   5.6746036e-01   2.1485508e-01  -2.5566219e-01  -2.9389530e-01  -1.4739542e-01  -2.5031779e-01  -4.6609422e-02  -1.8381484e-01  -1.4976034e-01  -3.1506561e-03  -2.8689419e-01   6.0595812e-02  -1.4721027e-01   4.6292964e-01   1.1265644e-01   4.3451300e-02  -1.9995148e-01   2.9679936e-02  -6.8916147e-02  -5.2559600e-02  -2.7404837e-01   2.9695685e-01   1.5978120e-01  -1.8425211e-01  -8.6604207e-02  -2.1854252e-01   4.8904864e-01   1.6367139e-02   1.4198649e-01   3.0982126e-02  -3.0807901e-01   4.1005885e-01   7.1847489e-03  -2.8542575e-01  -2.0748090e-01   3.9648755e-02   8.2057600e-02   3.9208015e-01   2.5732353e-01  -1.5987592e-01   6.1916553e-02  -2.0172419e-01  -1.5098591e-01  -6.8358040e-03  -1.3627220e-01  -4.4515674e-02  -2.4084211e-02  -6.3385569e-02  -3.1624961e-01  -2.5160793e-01   7.1439306e-01   4.1046516e-01   3.7252171e-02  -9.2961813e-02  -7.3393795e-02   4.0014760e-01  -1.4076356e-01   5.4213265e-01   6.0684025e-02   5.3639815e-02  -5.3160296e-02   3.7128258e-01  -2.1744626e-01  -1.8380816e-01  -2.0033842e-03  -1.0356343e-01   6.9961953e-02  -8.7611776e-02   6.3435902e-04   9.5692054e-02   2.7624239e-01  -2.2953755e-01   1.2071723e-01  -9.0095899e-02   1.9141348e-02   2.4082612e-01   3.1685420e-01   5.0438102e-01   3.7435903e-02   1.7351767e-02   1.9675562e-01  -3.0112408e-02  -4.6579137e-03  -7.6658717e-02  -1.5483786e-01  -1.8196290e-01   2.1195324e-01   3.0923357e-01  -8.9059340e-02   3.6587063e-01   2.0506487e-01  -7.8106263e-02   6.5864473e-01   5.1145883e-01  -2.3782303e-01   2.7983908e-01  -2.1588000e-01  -9.0834810e-02   1.5135788e-01   1.9127243e-02  -5.7158163e-02  -3.7238834e-01   1.2105907e-01  -8.4640408e-02   2.4203986e-01   4.1778562e-01  -2.0461870e-01   5.4389755e-02   4.4864197e-01   9.8359822e-02  -8.7098015e-03  -5.8698888e-02   1.9923533e-01  -2.6473171e-01
  -4.1280075e-02   0.0000000e+00   2.5972697e-01  -2.9258965e-01   6.0138780e-01  -2.0282092e-01  -2.5199438e-01  -3.5386914e-02   2.4960308e-01   2.4631935e-01  -4.0238075e-01   6.8164369e-01   1.2466564e-02  -3.3521029e-01  -1.9236983e-01   2.0353830e-01  -4.0136346e-02  -4.0732124e-01  -1.1994122e-01   4.8356872e-01  -4.2728552e-01  -2.9687258e-01  -2.3567827e-01  -1.7247227e-01   2.2028316e-01   1.0554449e-01   3.3266574e-01  -7.8321401e-02   1.6756894e-01  -4.4554107e-01  -1.7343380e-01  -6.0988757e-02   7.2301896e-02   4.1836648e-01   2.6733348e-01   2.7878171e-01   7.9830462e-02  -3.1464662e-01  -7.2553135e-02   4.8051652e-01  -2.9039305e-01   5.1636439e-02   4.6282305e-01  -4.3753464e-01   2.5841322e-01  -3.2940850e-01  -2.3459763e-01  -2.5330752e-02  -3.9253219e-01   5.4028222e-01  -2.9112591e-01   1.0544509e-01   6.3301842e-01   4.8760618e-02   1.8064373e-02  -2.4293909e-01  -1.5912911e-01  -8.2738227e-02  -2.4748787e-01   1.1814745e-01  -3.5204045e-01   3.1159719e-01   4.5880178e-01   7.8682657e-02   2.4468629e-01  -2.3555049e-01  -2.4647747e-01  -1.1302950e-01  -3.1500521e-01  -3.0191810e-01   4.1813329e-01  -3.7383354e-01  -1.3057947e-01   3.2772531e-02  -2.9717973e-02  -1.6087423e-01  -2.4769385e-01   1.6131076e-01   6.0324146e-01  -3.8526233e-01  -8.0190791e-02   2.7883031e-02  -3.2379993e-01   6.2163450e-02  -3.2464860e-01  -2.0196380e-01  -4.0874094e-01  -1.5497593e-01   3.9888222e-01  -2.7169448e-01   5.0595483e-01  -9.4481913e-02   6.2409475e-01   1.1336354e-01  -2.5288913e-01   5.1201738e-01  -1.1053339e-01   1.2721794e-01  -1.1967731e-01   4.3995163e-01  -2.5800262e-01   1.5311436e-01  -2.7563049e-01   2.6028537e-01   1.0182523e-01   2.6683892e-02  -6.5174494e-02  -6.1108420e-02  -2.1117270e-01  -9.1911621e-02   5.3375274e-01  -2.7931050e-01  -3.3552066e-01  -1.1041880e-01  -1.7182297e-01   6.1454260e-01  -1.1733787e-01   2.3256297e-02  -3.5178418e-01  -2.0857014e-01  -1.6845471e-01   5.4537996e-01   4.5049910e-01   6.1322218e-02  -2.4714169e-01  -2.0321950e-01  -1.4028456e-02  -1.5309984e-01  -1.2986224e-01  -2.8659938e-01   1.4763215e-01  -3.1625198e-02  -1.3752078e-01  -4.0411105e-02  -2.0880213e-01  -1.0594514e-01   1.6629266e-02  -1.9361074e-01  -1.2165554e-01   2.2077488e-01  -1.0642933e-01   8.5790237e-02   4.9967476e-02  -2.0371567e-01  -2.0654075e-01  -3.1028935e-01   5.6494478e-01  -2.6157697e-01  -9.7105299e-02   1.2288229e-01  -1.7816581e-01  -1.3939810e-01  -1.8726144e-01  -1.0782976e-01   5.1951689e-01  -1.6273585e-01  -1.7001606e-01  -2.0574453e-01  -3.1102653e-01  -3.9010462e-02  -9.1093711e-02  -7.9643656e-02  -3.0024919e-01  -2.9680454e-01   5.3475724e-02   4.2563105e-01   2.3507005e-01  -1.8835325e-01  -2.2841672e-01   1.2706171e-01   6.0266809e-01  -2.3538270e-01  -1.2507105e-01  -1.1842013e-01   8.1345858e-02   5.6163961e-02  -2.2902013e-01
  -1.2068251e-01   2.5972697e-01   0.0000000e+00  -1.4382942e-01   1.9135819e-01   2.1597667e-01  -2.2512538e-01  -1.6350395e-01   2.4377436e-02   2.8359431e-01  -1.2751611e-01   1.7951263e-01   1.3053282e-01  -2.0714523e-01   6.5377138e-02   2.0843304e-01   7.7323541e-01  -3.3020111e-02   1.0926578e-01   3.1350505e-01  -1.7146058e-01  -1.4204067e-01  -1.8198931e-01  -1.1403303e-01  -1.2039975e-01   1.1399801e-02   3.5632704e-01  -1.7840451e-01   5.5466860e-02  -1.9110228e-01  -4.0666058e-02  -1.3154634e-02   2.7558497e-01   7.3628621e-02   5.2132869e-02   2.8638449e-01  -1.3469399e-01  -1.2080195e-01   4.2201824e-02   3.1244508e-01  -3.2285337e-02   3.2584755e-01   1.6517158e-01  -3.3140965e-01  -2.3195139e-01  -2.4312819e-03   2.0682345e-01  -2.6669446e-02   3.8811116e-02   5.1350530e-01   3.7750277e-02  -4.3469360e-02   1.4409728e-01   2.1338612e-01   1.9166094e-01  -8.4188076e-02   1.3078487e-01  -4.7676205e-02   1.2499258e-01   7.5478453e-02   1.3158320e-01  -1.7776341e-02   2.9863826e-01   4.7965114e-02  -1.4908445e-01   5.2941298e-02   3.0470144e-01  -2.0804114e-01   8.6944457e-02   3.9693412e-01   3.3236384e-01  -1.8358162e-01   3.1668889e-02   3.8112423e-01   2.3111880e-02  -1.9786645e-01   4.7660121e-02  -2.6929770e-01   1.3307141e-01   2.6349957e-01  -1.6935548e-01   1.3490625e-01  -6.6866156e-02   4.2894204e-02  -9.7562285e-02  -2.6547608e-01  -9.6111731e-02   8.7855311e-02   3.3603540e-01  -3.0259668e-02   8.6747098e-02   5.5512697e-01   2.1663946e-01   2.6588133e-01  -5.7382402e-02   2.7817542e-01   3.7243036e-02   1.9330009e-03  -8.1912971e-02   2.4034865e-01  -1.9104756e-03   5.5367514e-02  -3.0499470e-01   2.8421178e-01  -3.0881812e-01  -2.3860131e-03   3.9815400e-01  -1.1985099e-01  -1.0754975e-01   8.2432493e-02   4.6446909e-02  -1.8005585e-01  -1.9901421e-01  -3.7846918e-02  -9.0619894e-02  -1.0228090e-01  -2.6742416e-01   1.0289779e-01  -1.5635500e-01  -9.5706261e-02   4.7778992e-02   2.3353572e-02   2.1897703e-01  -1.0606307e-01  -7.6339739e-02  -3.8737096e-02  -3.9420316e-02   3.0163848e-02  -7.0547204e-02   4.5432365e-01   2.4792632e-02  -6.8575132e-02  -7.0120261e-02   7.3400337e-02  -1.2909431e-01  -2.5096324e-01   2.3448707e-01  -1.8319659e-02  -2.0291899e-02  -4.7867164e-02  -1.4078201e-01  -3.2342370e-02  -2.5275124e-01   7.7942087e-02  -2.8349785e-02  -3.4334638e-01   3.1394962e-01   2.8709032e-02   1.2420569e-01  -2.3852966e-02   1.5183085e-01  -1.9307816e-01   3.0541852e-01  -1.4542355e-01   6.3649096e-01  -8.0653312e-02   1.8620735e-02   1.5675191e-01   4.2931778e-01  -2.3886730e-01   6.9242293e-03  -1.2178593e-01   4.8900793e-02  -1.4841049e-01   6.8488248e-02  -1.0428264e-01  -1.5906103e-01  -3.1205253e-01   1.9382522e-01   9.1707163e-02  -1.9199823e-02  -1.1314222e-02  -2.5220873e-01   3.1133656e-01  -7.8757568e-03   1.7142985e-01  -1.8686151e-01
  -1.9694616e-01  -2.9258965e-01  -1.4382942e-01   0.0000000e+00  -2.6739349e-01   1.5857395e-01   9.1613333e-02   6.0938640e-02   1.3016597e-01  -2.6893101e-01   5.5574486e-02  -2.5486355e-01  -9.5568863e-02   1.2562012e-01  -1.2474767e-01  -2.9699592e-01  -1.2415963e-01   1.9569629e-01   7.0474059e-02  -2.5605370e-01   6.0660756e-02   4.4051555e-01  -1.3009112e-01   3.4285185e-02  -1.0345824e-01   1.2605501e-01  -7.0481431e-02   5.9202553e-03  -9.1799583e-02   1.9451813e-01  -1.2524512e-01   2.3466998e-01  -9.6121601e-02  -2.0422332e-01  -9.3109099e-03  -1.7844625e-01  -4.0515896e-02   3.4056454e-02   1.2498185e-02  -2.0171247e-01   1.5169343e-01   1.7250941e-03  -2.3462722e-01   1.2645691e-01  -2.4869237e-02   8.6544747e-02   1.1442111e-01  -1.6560789e-01   3.0785402e-01  -2.9325297e-01   4.4372791e-02   9.9213674e-02  -4.0560968e-01  -1.1676487e-01   7.4630006e-02   6.6508584e-02   1.4320933e-01   3.8136613e-01   2.2133708e-01  -4.9728541e-02   1.2498475e-01  -8.6668971e-02  -9.5784337e-02  -2.3806915e-01   2.5423344e-02  -6.0968690e-03   1.4806565e-01   4.2966648e-01   3.4105696e-01   2.9507546e-02  -2.1139771e-01   4.4372467e-01  -1.7496885e-02   9.9543212e-02   6.6671913e-02   1.6997170e-01   1.1657526e-01   6.3450235e-02  -3.2921782e-01   1.9177761e-01   8.0474744e-02   1.1447220e-01  -9.1208739e-02   2.1382308e-01   1.2694405e-01   1.9730370e-01   2.3392786e-01   1.3702263e-01  -1.3065957e-01  -1.1332853e-02  -2.7714994e-01  -5.5380999e-02  -2.6850063e-01   1.3879712e-01   8.6183711e-03  -3.3402907e-01   2.7969170e-01   1.9567179e-01   3.8479415e-01  -1.6047261e-01  -1.8340030e-01  -2.8440717e-01   1.9761626e-01  -2.2557052e-01   2.0577672e-01   2.2197950e-01  -5.9543637e-03   3.2131325e-01   1.9182512e-01  -1.2474341e-01  -3.4046081e-01   3.2388805e-01   7.2085967e-01  -1.0970017e-01  -1.2318981e-01  -2.3544405e-01   9.1639124e-02   1.3765159e-02  -1.5585096e-03   7.2514126e-01  -5.4056732e-02  -1.7845265e-01  -2.9686052e-01   1.5497940e-02   9.8593691e-02   2.4030650e-01   2.4667855e-01  -1.3609934e-03   4.9428749e-01  -3.1480054e-02  -2.2076388e-02  -1.8317710e-01   9.1332229e-02  -1.9532137e-01   3.5236183e-01   1.6013310e-01  -9.2984145e-02   3.0778109e-02   8.1346441e-02  -3.2574321e-01  -5.7637471e-03  -1.5349128e-01  -8.7097872e-02  -1.2718745e-01   9.3578905e-02   1.4635448e-01  -2.4036498e-01   1.4801233e-01  -7.7071335e-02  -2.3208719e-01  -1.8132026e-01  -1.7327788e-02  -4.9483568e-02  -2.4855349e-02  -3.8209994e-01  -1.4994576e-01  -3.2110700e-02   1.1176911e-01  -1.3455832e-02   1.4299808e-01   4.7160641e-01   1.4922367e-02  -7.0272206e-02   3.3830718e-01   3.8904469e-01  -1.2851981e-01  -1.4176607e-01   7.9592593e-02  -2.6501354e-02  -1.4534659e-01  -2.4027174e-01  -3.6303548e-02   3.9626695e-01   1.5047446e-02  -2.6268754e-01   5.3913452e-02   2.3913391e-01
   1.1996731e-01   6.0138780e-01   1.9135819e-01  -2.6739349e-01   0.0000000e+00  -3.1481669e-01  -6.3501556e-01  -7.7576953e-02   8.6448467e-02   2.9638416e-01  -4.3395344e-01   5.5192750e-01   4.4408697e-01  -2.3028161e-01  -5.0240032e-01   3.3283985e-01  -2.8823112e-02  -3.6514867e-01  -7.4452205e-02   8.3814225e-01  -6.2939482e-01  -3.8610366e-01  -3.7513304e-01  -6.4473840e-02   1.1271451e-01   1.6077747e-01   4.8888630e-01  -2.4501289e-01   1.1804262e-01  -5.4443909e-01  -5.0849994e-01  -1.9751420e-01   1.7101395e-01   9.8097808e-02  -1.0844858e-01   6.3266622e-01  -2.1693657e-01  -3.2837618e-01   1.7635843e-01   8.2756925e-02  -1.7178392e-01   4.9200678e-02   5.7273222e-01  -4.6812823e-01   2.0573568e-01  -3.4025471e-01   8.7545245e-02  -4.1207790e-01  -1.2239604e-01   6.8216406e-01  -3.4327521e-01   7.3809036e-02   4.9404539e-01   5.9927012e-03   9.9281372e-02  -2.2264570e-05  -1.8520398e-01  -1.9352541e-01  -2.9696710e-01  -1.2888053e-01  -2.9434500e-01   4.7082638e-01   5.5796371e-01   4.9828772e-02   3.2678070e-01  -8.7051299e-02  -3.0763489e-01   9.6639428e-02  -1.5713033e-01  -4.2382980e-01   1.8009147e-01  -3.3343395e-01   2.2001880e-01  -8.1138520e-02   1.0271848e-02  -2.1218274e-01  -2.4849734e-01   5.7783234e-02   8.1213212e-01  -1.1345725e-01  -2.2050310e-01   1.1850859e-01  -3.7039337e-01   7.7386864e-02  -4.3478633e-01  -3.0558293e-01  -5.2000479e-01  -3.8813476e-01   2.0326117e-01  -3.7274131e-01   7.6512688e-01   5.0417861e-02   7.7431369e-01  -1.4937006e-02  -2.1699668e-01   8.6959123e-01   5.6170010e-03   4.2099023e-02   3.6634592e-02   2.4097039e-01  -5.2281820e-01  -4.7039271e-02  -4.0170255e-01   2.0763272e-01   6.1207609e-02  -1.5399147e-02   9.2272549e-02  -1.3083516e-01  -1.7176944e-01  -1.6487228e-01   3.4831491e-01  -3.3786412e-01  -2.6772974e-01  -4.4732761e-03  -2.9362114e-01   5.0234465e-01  -3.5170437e-02   2.5619381e-01  -4.3788018e-01  -1.9690213e-01  -2.7637659e-01   7.6450487e-01   2.7402589e-01   9.6870495e-02  -3.9831607e-01  -4.3761148e-01  -4.3525174e-02   1.9707340e-01  -1.6170349e-01  -4.0844339e-01   3.0809021e-01  -2.3036541e-01  -1.4015180e-01  -2.9949539e-01  -1.6455443e-01  -2.0118911e-01   2.3753345e-01  -4.9207082e-01  -2.4016694e-01   4.4977606e-01  -7.9641781e-02   3.9849840e-01  -8.3645397e-03  -7.9999380e-02  -4.7388644e-01  -5.4670553e-01   2.2491204e-01  -8.6174299e-02  -2.1337276e-02  -1.3820854e-01  -3.0462257e-01  -1.9211878e-01  -3.0470765e-01  -3.6576775e-02   3.8863182e-01  -3.1738191e-02  -2.1630803e-01  -2.4318378e-01  -1.5038530e-01  -1.4611189e-01  -4.8401884e-02  -2.2176239e-02  -2.5584177e-01  -2.9957314e-01  -8.3745685e-02   2.4604711e-01   1.2910606e-01  -1.0241829e-01  -2.6331538e-01   8.2409903e-02   5.5912324e-01  -3.3970421e-01  -9.3243913e-02  -1.2111480e-01   1.6515849e-01   1.4715947e-02  -2.9352438e-01
  -1.9550335e-01  -2.0282092e-01   2.1597667e-01   1.5857395e-01  -3.1481669e-01   0.0000000e+00   4.4116574e-01   3.2819845e-01   8.9573773e-02  -3.1779021e-01   3.0586720e-01  -3.6292063e-01  -2.6227966e-01   1.3521368e-01  -1.0707626e-01  -5.1060549e-02   2.8939461e-01   5.0253823e-01   4.7366465e-01  -2.3991575e-01   3.3596225e-01   3.9601183e-01   3.9900059e-02  -9.1520274e-02  -6.5483088e-02   3.4486629e-01   2.5028582e-01   5.5179056e-01   1.0124008e-01   5.8766914e-01   1.4669757e-01   4.3323115e-01   2.2343942e-01  -2.5337490e-01  -5.8849898e-02   1.0117866e-01  -2.2873331e-01   1.1653380e-01  -4.6531838e-02   1.4735628e-01   2.3209633e-01   8.1996488e-02  -3.5721569e-01   4.0327681e-01  -3.8311745e-01   2.3218993e-01   4.4847644e-01   1.6883614e-01   2.1845055e-01  -1.7519162e-01   3.3149695e-01   2.4627489e-01  -3.0907275e-01  -2.3117288e-01   7.7248818e-02   2.7366576e-01   6.7602167e-01   1.7667202e-01   5.3155397e-01   2.1431221e-01   1.5733267e-01  -1.5010387e-01  -2.9998658e-01   6.9640769e-02  -1.6347570e-01   2.5900640e-01   8.4655082e-01  -2.2142285e-01   6.2399042e-01   4.4306335e-01  -2.4954370e-01   2.5869778e-01  -3.1642878e-01   5.3265950e-02  -2.5318965e-01   2.8088852e-02   1.6662088e-01   3.6595011e-02  -3.7144936e-01   2.0821178e-01   4.6241933e-01  -2.1420070e-01   1.3620149e-01   4.6279529e-01   2.0751007e-01   3.9235267e-02   4.3496233e-01   2.4719283e-01  -4.6384839e-02   8.7392568e-02  -1.1853465e-01   1.3534276e-01  -3.9750628e-01   2.1935605e-01   1.0013121e-01  -3.0010886e-01  -7.9493952e-02   4.2265116e-01   7.4684971e-02  -5.6445476e-01   9.7985342e-02  -3.3845995e-01   3.8291657e-01   9.3834000e-02  -7.2083538e-02   1.7262125e-01   3.1512117e-02   5.1703671e-01  -1.1509406e-01   3.7444589e-01  -4.7030270e-01   4.5640249e-01   1.9162740e-01  -7.8298416e-02   4.0783104e-02  -2.5129910e-01   3.4819723e-01  -2.5888982e-01   2.9575248e-01   1.5804636e-01   1.8275371e-01  -3.8180909e-01  -3.6148268e-01   1.1131533e-01   1.8536718e-01   2.5062418e-01   1.1903796e-02  -2.0164587e-01   2.4690780e-02   4.1910041e-01  -2.9026517e-01  -1.1626130e-01   1.0102192e-02   4.5979468e-02   6.0320503e-02   3.2995166e-01  -1.7253062e-01   4.4205707e-01   4.4462745e-01  -2.8362901e-01  -8.2091116e-02  -3.6640331e-01   6.0141358e-02   2.6981540e-01  -1.4615674e-01   3.4323676e-01  -4.1404790e-01   5.5363243e-01   3.6187681e-01  -2.0008757e-01  -2.3079387e-01   3.2303438e-01   2.1332835e-01   9.6779577e-02   6.1322473e-02  -1.6034213e-01   1.0592980e-01   3.2502139e-01   1.9902140e-01   4.2847119e-01  -3.9566198e-02   2.1894279e-01   1.5684511e-01   4.5701048e-01   4.3840078e-01  -4.3237716e-01  -1.0505043e-01   3.3527090e-01   2.7571374e-01   1.2174451e-01  -4.1676661e-01   1.3704708e-01  -2.7953628e-02   7.2745086e-01  -1.5079525e-01  -5.3830766e-02   3.4046888e-01
  -1.3011904e-01  -2.5199438e-01  -2.2512538e-01   9.1613333e-02  -6.3501556e-01   4.4116574e-01   0.0000000e+00   9.2178000e-02  -8.7956964e-03  -2.6719611e-01   2.9401731e-01  -2.1803057e-01  -4.0708827e-01   1.6884407e-01   4.8897774e-01  -2.3618839e-01  -2.0066602e-01   3.5465315e-01   5.1722013e-03  -6.0043021e-01   5.9318174e-01   2.4610915e-01   6.3480602e-01  -2.9540848e-01  -5.6837878e-02  -1.3383349e-01  -2.8711547e-01   5.1194061e-01   7.1995340e-03   5.4757724e-01   5.8503176e-01   1.8286235e-01  -1.7611945e-01   2.4610053e-01   2.4699423e-01  -2.7429167e-01   2.4585395e-01   1.5748242e-01  -2.0776704e-01   2.4314128e-01   1.9621605e-01  -1.4798912e-01  -5.1555927e-01   3.8431475e-01  -2.7622627e-02   1.2907305e-01  -8.3606820e-02   6.0362186e-01   6.1684270e-03  -4.9537208e-01   3.6322110e-01  -7.8519663e-02  -1.6763716e-01  -2.4755859e-01  -3.0565976e-02   2.6852900e-02   2.6627137e-01   6.2642818e-02   2.0521139e-01   2.0813237e-01   7.8314791e-02  -3.0965076e-01  -5.8884518e-01   2.2160924e-01  -1.1477891e-02   2.5338652e-01   3.1815858e-01  -2.2723061e-01   4.3094701e-02   3.1043893e-01  -1.1705106e-01   2.4984703e-01  -1.6931925e-01  -4.5123380e-02  -2.1609424e-01   2.2309182e-01   9.8366744e-02  -9.0690060e-02  -4.2603124e-01  -1.7075746e-01   5.0342573e-01  -1.1454904e-01   2.8102603e-01  -5.7328957e-02   3.0935897e-01   4.1102248e-01   4.9621369e-01   4.0075430e-01  -1.9147159e-01   1.7733915e-01  -4.5300539e-01  -3.1428208e-01  -5.2266597e-01  -5.4729909e-02   2.0857295e-02  -6.2414592e-01  -1.7216058e-01  -2.8062082e-02  -3.7891427e-02  -1.8790501e-01   4.1715060e-01   2.5187197e-01   4.4907580e-01  -1.6768391e-01   3.8962974e-02  -1.7927858e-02  -2.6346289e-01   5.6056548e-03   4.1386795e-02   3.1254701e-01  -1.0246555e-01   3.4796637e-01   7.4631838e-02  -8.1025910e-02   4.0446254e-01  -1.4783439e-01   1.2640758e-01  -1.8662253e-01   4.8064117e-01   2.0926667e-02   1.7889181e-01  -5.1627089e-01  -1.2904531e-01   2.1352343e-01   1.8304511e-01   4.4060723e-01   1.5381470e-01  -3.1572909e-01   4.4198775e-03   2.4490355e-01  -3.2518221e-01   3.4286169e-01   1.3203820e-02   4.8340936e-01  -4.9200174e-02   2.5521996e-01  -3.5869833e-01   6.3531541e-01   2.2242920e-01  -3.7392407e-01  -1.2009786e-01  -2.8622571e-01   2.4508340e-02   1.3689248e-01   5.0800156e-01   5.6823748e-01   2.7674277e-02   9.4121504e-02   2.5322015e-01   2.6748800e-01   6.2721654e-02   3.2441494e-01   6.9924511e-02   8.2563679e-02  -1.3687778e-01  -7.5289673e-02   5.1133439e-02   2.1354452e-01  -1.0687703e-01   4.2086770e-01  -1.8739658e-01  -1.4309073e-01   2.5659168e-01   2.9122342e-01   6.9286228e-02  -1.6520620e-02   4.5547672e-02   1.8197704e-01   1.5376855e-01   6.0770650e-02  -2.8418301e-01   1.6598647e-01   1.0271728e-01   2.1962627e-01  -2.9695203e-01  -1.5605674e-01   1.0188347e-01
  -1.5452719e-01  -3.5386914e-02  -1.6350395e-01   6.0938640e-02  -7.7576953e-02   3.2819845e-01   9.2178000e-02   0.0000000e+00   4.0569092e-02  -1.7496984e-01   1.9247825e-01  -1.9065353e-01   1.6874481e-02  -4.1263095e-02  -3.0080900e-01  -1.9377543e-02  -2.8679964e-02   2.1056523e-01   3.4184223e-01  -8.5951098e-02   1.2400556e-01   4.5262207e-01  -1.1612541e-01   7.8870234e-02  -1.0784853e-01   4.4616427e-01  -4.8423480e-02   2.9638670e-01  -3.4014314e-02   2.8373585e-01  -9.7560163e-02   5.0021222e-01   1.8534591e-01  -2.8279559e-01  -1.2595587e-01  -1.5953960e-01  -1.4713541e-01   1.0771550e-01  -4.2154112e-03   8.1115827e-02   1.0258300e-01  -1.6420033e-01  -1.8051881e-01   3.8897285e-01  -1.3214467e-01   1.0108960e-01   6.9114209e-02   1.7284546e-02  -1.6265980e-02  -3.4130416e-02   3.4976330e-02   6.0633321e-01  -5.9872117e-02  -1.8258109e-01   1.4182710e-01   8.2520792e-02   5.0766217e-01   3.9647281e-01   3.0440892e-01   1.7076648e-01   8.5770300e-02  -1.3749936e-01  -1.7249942e-01  -2.0784886e-01   5.1190621e-03  -7.7780799e-02   2.5795078e-01  -1.9317307e-01   3.6336940e-01  -8.7417999e-02  -1.7499217e-01   1.1668547e-01  -1.3425400e-01  -8.7399041e-02  -1.0238005e-01   5.1310056e-01   6.6658118e-02   2.6095553e-01  -7.9625709e-02  -2.7692985e-02   3.3716337e-01  -1.7606729e-01   3.6469684e-02   5.5684868e-01  -7.7596162e-03   5.3900665e-02   1.7504947e-02  -6.2962874e-02   7.3629877e-02  -8.7283741e-02   1.7283247e-02   8.7459778e-02  -1.1818976e-01   2.3119887e-01   1.4891341e-01  -1.3910116e-01  -2.9349455e-01   4.7035607e-01  -1.3329843e-01  -2.8689164e-01  -1.4663111e-01  -3.2922867e-01   5.5987292e-01  -1.1726299e-01   1.6990574e-01   4.7105889e-01   2.5901148e-02   5.0635803e-01  -5.1051501e-02   1.2242662e-01  -1.2124153e-01   3.7944558e-01   1.4814859e-02   1.2675031e-01  -2.3035672e-01  -5.1224701e-02   3.5171060e-01  -2.0631228e-01   5.7485055e-02  -1.1131805e-02  -5.5972617e-02  -2.8466029e-02  -3.2235632e-01   6.3538277e-03   1.1410855e-01  -5.2229910e-03  -3.0631047e-02  -1.1032602e-01   3.4368559e-01  -1.2608093e-01  -1.9683621e-01  -6.3558215e-02  -6.6941296e-02  -2.2339149e-01   1.1639995e-01   6.9329652e-01  -2.5929393e-02   7.5973519e-02   5.3186446e-01  -5.5584613e-02  -9.4911268e-02  -3.5335916e-03   2.3388216e-01  -6.7721654e-02  -3.6186849e-01   1.6936372e-01  -3.4998678e-01   1.7596857e-01  -2.6441608e-02  -2.2562066e-01  -1.9859849e-01   4.7689125e-01  -9.4223217e-02   9.7239752e-02  -1.6556632e-01  -3.1395109e-01  -3.1046045e-02   1.2090263e-01   5.8076901e-02   4.9266739e-01  -6.8024989e-02   4.4244287e-01  -6.7443342e-02   2.8313890e-01   4.1795166e-01  -1.9960393e-01   7.5537688e-02   3.7513591e-01   6.2636948e-02   1.0480060e-01  -1.7297827e-01  -2.7982426e-02  -1.2701431e-01   2.6625163e-01   1.8372338e-01  -6.6347951e-02   4.8394547e-01
   1.9466115e-01   2.4960308e-01   2.4377436e-02   1.3016597e-01   8.6448467e-02   8.9573773e-02  -8.7956964e-03   4.0569092e-02   0.0000000e+00  -2.1349136e-01   2.8984178e-01   2.2248849e-01  -1.7684240e-01  -1.3512637e-01  -6.9488086e-02   1.9255938e-02  -3.8323054e-02   1.1339063e-01   3.0935536e-02  -1.2092270e-01  -1.9016698e-01   2.2451270e-02  -1.4835250e-01   1.2209864e-01   2.4787814e-02   1.4020926e-01   1.5354985e-01   8.7940894e-02   3.5338590e-01   9.0656515e-02  -6.2312819e-02   1.5074359e-02  -9.9097274e-02   1.3847060e-01   2.8780772e-01   1.7506470e-01   3.8593045e-02   3.1251328e-01  -1.2231496e-01   1.5324336e-01   2.2898326e-01   4.3239512e-02   3.0992036e-01   9.8444647e-03   2.2595418e-01   3.4066566e-01   4.7897921e-02  -6.8429488e-02   1.7167869e-01  -1.7061529e-01   1.3165160e-01   2.5599144e-01  -1.9957040e-01  -2.4856892e-01   6.4818387e-02  -2.5090473e-01   8.1936331e-02  -2.6899123e-02   5.6761488e-02   6.6531772e-02   2.4509480e-01   2.8333227e-01   2.8059700e-01   1.7319761e-01   2.8566954e-01  -1.3130666e-01  -4.9821326e-02  -1.2141058e-02  -9.5377701e-03   5.2279693e-02  -2.6764873e-01  -1.2255020e-01  -9.6473861e-03  -2.1823147e-01  -8.4276770e-02  -9.2140048e-02   2.5900586e-01   1.4991615e-01   5.5869723e-02  -1.8297959e-01   1.0049134e-02   1.8886707e-01  -5.0769409e-01  -8.2057013e-03   1.8051184e-02   6.4674201e-02  -2.0172712e-01  -3.0662218e-02  -1.2610925e-01   1.0133331e-01   2.0824923e-01  -1.0375189e-01  -5.2637185e-02   2.3375794e-01   3.2413438e-01  -1.1597284e-01   2.8669374e-02   5.8754960e-02   2.7560497e-01   6.1110392e-02  -1.1556034e-02   5.6149485e-02  -1.6885340e-01   8.4833278e-02   4.1939572e-02  -1.6781029e-01  -1.7562460e-01   9.5574635e-02  -1.3680949e-01  -1.5160160e-01  -1.9145750e-01   4.6360532e-02   6.6466243e-02   3.3218256e-01   3.2546816e-02   3.2151676e-01   2.0257878e-01   1.7210197e-01   8.4437997e-02  -4.8470868e-02   3.1544780e-01   8.5499313e-02   5.7832651e-02   9.9401487e-03   3.7223856e-01  -5.5338145e-02   1.5398114e-01  -2.4112740e-01   8.4806422e-02  -7.4060287e-02  -1.3827943e-02  -5.5033883e-02  -1.5224536e-01  -1.5343503e-01   1.2119192e-01   5.9542330e-02  -5.6324628e-02  -9.1704345e-02   3.4926404e-01  -6.1979677e-03   9.4675787e-02  -3.1905303e-01   2.7404473e-01  -1.4317368e-01  -8.0149188e-02   8.4906899e-02   1.3681816e-01   2.5386779e-01  -2.1603349e-01   2.3219519e-02  -1.9687451e-01  -2.6357790e-01  -4.6816348e-03   2.0432989e-01  -5.0002708e-02   1.2122539e-01   3.4715666e-01   1.5524568e-01  -7.4710235e-02  -2.4273599e-02  -6.2690343e-02   2.3570849e-01  -2.4865006e-01   1.5151766e-01   2.2064537e-01   3.3792997e-01   3.6923379e-01   1.8476040e-02   1.6063030e-01  -3.9675693e-01   3.4268950e-01   2.9257452e-01   2.9055595e-01  -1.5115066e-02   5.2185951e-02  -1.5789394e-01   1.4024430e-02
  -7.0618665e-02   2.4631935e-01   2.8359431e-01  -2.6893101e-01   2.9638416e-01  -3.1779021e-01  -2.6719611e-01  -1.7496984e-01  -2.1349136e-01   0.0000000e+00  -1.6384045e-01   2.2222663e-02   4.3038497e-01  -5.9752497e-01   1.8646870e-01   1.0331564e-01   2.0909779e-01  -3.2728096e-02  -2.6344291e-01   3.7213361e-01  -1.1630796e-01  -3.0404446e-01   2.3742500e-01  -1.3114652e-01  -1.2319982e-01  -8.7466998e-02   2.0107401e-01  -5.4620221e-01  -1.0267655e-01  -4.0533000e-01  -5.1739349e-02  -2.0436190e-01   3.8228322e-02   2.5637816e-01  -9.2338940e-02   3.6028801e-01   1.2340900e-01  -4.1719202e-01   1.0112392e-01   2.0140335e-01   5.2751290e-03   1.1790856e-01   1.2841213e-01  -3.6994403e-01  -2.2255266e-02  -4.0115383e-01   1.1888862e-02   1.3177408e-01  -4.5428165e-03   3.3772424e-01   2.1812894e-02  -2.7508429e-01   4.8481786e-01   2.5706591e-01  -2.0490908e-01   7.1333996e-02  -4.7200853e-01  -9.4858844e-02  -1.2592631e-01   1.9141074e-01  -2.4240737e-01   2.3057156e-01   4.3835092e-01  -1.2810960e-01   2.7518907e-02   3.3068387e-01  -1.1387874e-01   5.8196619e-02  -3.2133738e-01  -8.1569490e-02   3.2287994e-01  -1.1025911e-01   1.9450645e-01   1.9157660e-02  -5.6629663e-02  -7.2735547e-02  -3.4076315e-01  -1.7287317e-01   1.2067327e-01  -7.1920913e-02  -4.3141881e-01   3.4436250e-02   2.2653171e-01  -1.9655070e-01  -4.5748134e-01  -3.5172885e-01  -4.9376704e-01  -4.7982851e-01   1.0997854e-01  -3.1694236e-01   1.9525557e-01   1.1645880e-01   2.3919283e-01   2.8637688e-01  -3.8423058e-01   3.9285414e-01  -8.3228033e-02  -8.9232269e-02  -1.1659858e-01   3.0842865e-01  -1.9469795e-01   2.0953170e-01  -4.3709938e-01   2.2382464e-01  -1.2677899e-01   9.6863096e-03   2.0919996e-01  -3.3339651e-01   1.2877428e-01   3.9916392e-01   2.4696074e-01  -3.6796801e-01  -2.7657362e-01  -8.1504241e-02  -3.3328784e-01  -2.5487824e-02  -4.3723111e-01   2.1247370e-01  -4.7565991e-01  -1.5632941e-01  -3.5105381e-01   2.6126861e-02   1.8426024e-01  -1.3785306e-01  -3.9538218e-01  -4.9336119e-01  -2.9839130e-01   5.2389026e-02  -2.7538293e-02  -3.3541481e-02   2.0878247e-01   3.9014526e-01  -4.0840928e-01   1.5414522e-01   6.5156005e-02  -3.4124523e-01   2.8402533e-02  -3.2064077e-01  -3.9230161e-01   3.2405001e-01  -1.2923351e-01   4.7001022e-01  -1.0285171e-01  -3.0663201e-01   8.7284209e-02  -3.4426101e-01   2.7626316e-01  -9.8846701e-02   3.8539674e-01   1.8823442e-01   9.7956982e-02  -1.9161448e-01  -1.7605303e-01  -5.7428509e-03   2.4503356e-01  -2.7447055e-02  -3.4757403e-01  -2.1363028e-01  -6.8061760e-02  -3.8167381e-01  -1.8131974e-03  -1.6518737e-01   5.2489423e-01  -1.7492613e-01  -2.2408951e-01  -1.4335792e-01   9.4454611e-03  -5.7475337e-01  -3.9469533e-01   4.7733282e-01   6.2315746e-02  -4.0185670e-01   7.7620193e-03  -2.1536080e-01   9.0480956e-02   1.3151726e-02  -1.2932123e-01
   2.3516005e-01  -4.0238075e-01  -1.2751611e-01   5.5574486e-02  -4.3395344e-01   3.0586720e-01   2.9401731e-01   1.9247825e-01   2.8984178e-01  -1.6384045e-01   0.0000000e+00  -3.1705556e-01  -5.4850212e-02   2.9086143e-02   2.0138253e-01  -1.6920348e-01   1.0882375e-01   4.8102239e-01   2.1297674e-01  -4.3617673e-01   3.8581226e-01   2.4055706e-01   2.6444067e-01   4.8545624e-02  -2.0550447e-01   2.1429735e-01  -1.2648336e-01   9.5374068e-02  -4.6532792e-02   4.8439691e-01   2.2257474e-01   8.5490103e-03  -1.3953175e-01  -7.6359280e-02   6.5957834e-02  -2.1373242e-03   1.7359290e-02   4.9043720e-01  -1.2035621e-01  -2.1367392e-01   4.2886485e-01  -1.2317617e-01  -1.7880175e-01   4.4443838e-01   6.7228800e-02   6.0321119e-01   3.4730187e-01   1.6408925e-01   2.1323817e-01  -5.2324410e-01   5.1878467e-01   2.6299230e-01  -4.9800236e-01  -3.7682861e-01  -2.3757019e-03   1.6560088e-01   1.7414964e-01  -1.1815309e-02   2.9344998e-01   1.8134626e-01   4.6556293e-01  -2.1085997e-02  -3.1871475e-01   1.6843553e-01  -6.1543453e-02   2.3484169e-01   2.0541983e-01  -1.7526764e-01   3.4327669e-01   3.1769921e-01  -6.1005525e-01   3.2060357e-01  -6.1933948e-03  -3.6706351e-01  -3.1225669e-01   8.2029107e-02   5.1857315e-01   6.8270504e-02  -4.4378185e-01   4.4022260e-02   3.1960019e-02  -4.3733159e-02  -6.8678384e-02   4.0269837e-02   2.1929300e-01   1.6379645e-01   6.9185030e-02   4.4063026e-02  -4.1986369e-01   2.7901988e-01  -2.3739666e-01  -4.4013736e-02  -4.9794998e-01   5.7118217e-03   4.8105596e-01  -4.9225363e-01  -1.5402751e-02   1.4079158e-01   2.9338766e-01  -2.8362952e-01   1.7971994e-01   1.8725471e-01   1.1704735e-01  -1.2602594e-01   6.6545314e-02  -8.6291643e-02  -2.8787286e-01   2.1668733e-01   1.0213341e-01   2.2988516e-01  -3.5885413e-01   2.6556016e-01   1.7246327e-02   3.7003805e-01   1.3450415e-01  -1.9249033e-01   2.8919301e-01   8.1941857e-02   3.5900364e-01  -4.5172483e-02   4.2819774e-01  -4.3500794e-01  -2.9039877e-01  -8.0914637e-02   5.6706157e-01  -4.1505807e-02   1.2364478e-01  -3.4910428e-01   7.2402669e-02   2.4022335e-01  -1.1493895e-01   1.6960784e-01  -1.8211653e-01  -1.2745743e-02   2.3283113e-01   2.1726514e-01  -1.9551314e-01   1.1117503e-01   4.4187469e-01  -1.6491260e-01   1.7653187e-01  -2.2836236e-01   4.1465066e-01   1.0744886e-02   1.6485989e-01   4.4040053e-01  -2.9867879e-01   4.1698581e-01   8.5724433e-02   7.0726577e-02  -6.2049921e-02   8.0374994e-03   1.8946233e-01   4.7163769e-01  -3.2463714e-01   1.8550679e-01   4.5855717e-01   4.0365220e-01   2.2079260e-01   6.0514322e-02  -1.5305636e-01   5.1355717e-01   2.4529528e-01   4.0707272e-01   6.3354416e-02   1.7039548e-02   2.5474010e-01   2.0605958e-01   3.0761418e-01  -2.6629041e-01  -1.4767849e-01   4.7188497e-01   2.7930718e-01   1.5303915e-01  -1.3669222e-02  -2.0062790e-02   1.9292955e-01
  -8.9323773e-03   6.8164369e-01   1.7951263e-01  -2.5486355e-01   5.5192750e-01  -3.6292063e-01  -2.1803057e-01  -1.9065353e-01   2.2248849e-01   2.2222663e-02  -3.1705556e-01   0.0000000e+00   6.7843639e-02  -1.3853478e-01  -1.2974175e-01   3.7182182e-01  -1.5879571e-01  -5.0972195e-01  -1.7845462e-01   3.9642925e-01  -5.0851284e-01  -4.3661896e-01  -1.1398320e-01  -1.1421560e-01   7.6185258e-02  -1.1164898e-01   1.7707121e-01  -8.8252061e-02   7.8282964e-02  -4.7163130e-01  -2.0718469e-01  -2.5838638e-01   1.0609010e-01   4.5775153e-01   4.1034308e-01   2.0062475e-01   3.1372995e-03  -1.2899672e-01   6.7853545e-02   2.7319548e-01  -3.0843039e-01   1.5696272e-01   6.6747451e-01  -4.4488719e-01   4.9886448e-01  -1.8082025e-01  -2.2963493e-01  -1.7071295e-01  -5.0242287e-01   4.6145223e-01  -2.5474756e-01  -3.5985098e-02   3.6504708e-01  -3.1992198e-02   2.8447283e-01  -1.8104225e-01  -1.9199156e-01  -2.9188009e-01  -3.7246549e-01  -9.4835283e-02  -1.9435265e-01   2.9604936e-01   3.4553583e-01  -4.1559325e-02   1.7184450e-01  -1.9378810e-01  -5.0105707e-01   5.1153875e-02  -3.6585314e-01  -4.0496101e-01   8.0027533e-02  -2.8868266e-01   1.1241548e-01  -4.9934218e-02  -3.1002631e-02  -1.9543786e-01  -9.8007790e-02   3.1365950e-02   6.5074473e-01  -1.4063825e-01  -1.4403652e-01   3.4916579e-01  -4.3155162e-01  -3.8019890e-02  -2.7819402e-01  -2.5744871e-02  -3.8890051e-01  -2.0697545e-03   2.6830359e-01  -3.2566491e-01   3.9313661e-01  -8.4351468e-02   6.1549226e-01  -1.4437134e-01  -6.2103375e-02   4.4740134e-01   5.0153047e-03  -1.2741329e-01  -4.8214529e-02   5.2541115e-01  -3.5639910e-01   3.6028253e-01  -3.3835884e-01  -3.8107731e-03   2.3354480e-01  -2.6489489e-01  -6.8664150e-02  -3.3262597e-01  -1.5516698e-01  -4.5505526e-01   6.7446649e-01  -3.3155146e-01  -2.3682119e-01  -6.2143801e-02  -4.4615718e-02   6.3202469e-01  -1.6464931e-02   2.4145862e-01  -3.1990067e-01  -2.3662384e-01  -5.3490852e-02   6.2925903e-01   4.1593281e-01  -4.5634136e-02  -2.0849816e-01  -8.2503123e-02   2.2474157e-01  -9.3323780e-03  -3.4496964e-01  -3.7133313e-01   2.3010682e-01  -6.6583974e-02  -4.3216548e-02  -2.0042149e-01  -2.9355017e-01  -2.9395087e-01   1.8047061e-01  -3.0239886e-01  -2.8041626e-01   1.4709272e-01  -8.0672232e-03   1.2882762e-01   1.0253512e-01  -1.6640370e-01  -4.2994970e-02  -3.3326236e-01   6.6171246e-01  -3.5126383e-01  -2.5855191e-01   5.8253523e-02  -2.1407990e-01  -3.0538409e-01  -2.2686450e-01   1.0656617e-04   4.7148249e-01  -9.2006990e-02  -5.4520778e-02  -8.6472051e-02  -2.0788180e-01  -1.5539639e-01  -4.9068629e-02  -9.8779320e-02  -4.8709962e-01  -4.4983191e-01  -1.0820455e-01   6.9368343e-01   4.1264791e-01  -1.8478119e-01  -1.8047699e-01  -2.1706493e-01   7.6558961e-01  -1.1871534e-01  -5.5199045e-02  -2.6617724e-01   9.4229422e-04   1.6071034e-02  -3.8253311e-01
  -9.7385479e-02   1.2466564e-02   1.3053282e-01  -9.5568863e-02   4.4408697e-01  -2.6227966e-01  -4.0708827e-01   1.6874481e-02  -1.7684240e-01   4.3038497e-01  -5.4850212e-02   6.7843639e-02   0.0000000e+00  -3.9411052e-01  -2.5506234e-01   2.7403556e-01   2.2097155e-02   3.7267748e-02  -2.1274065e-01   5.5683973e-01  -2.4640727e-01  -8.7850023e-03  -6.0540005e-02  -1.3600950e-01  -1.4300335e-01   1.2771654e-01   1.8783420e-01  -4.9110653e-01  -3.1716069e-02  -1.5236304e-01  -4.7659130e-01  -4.6528824e-02   1.1272694e-01  -1.1434093e-01  -6.1483963e-02   5.1145001e-01  -1.4231522e-01  -3.6316601e-01   3.1246377e-01  -8.1720793e-02   3.8186119e-01   7.5208579e-02   2.5725632e-01  -2.3031137e-01   1.4280669e-01  -3.5781330e-01   2.8689230e-01  -2.9064633e-01   1.4071879e-01   3.0184564e-01   1.6728916e-01   9.6820728e-02   9.3995507e-02   4.8606634e-02   6.7418775e-02  -1.6633221e-02  -2.7596906e-01   4.3312946e-02  -1.3951377e-02   1.6858074e-01  -2.8397900e-01   3.2369494e-01   2.4774438e-01  -2.6060500e-01   3.2070958e-02   2.1923922e-01  -1.7858454e-01   1.3849462e-01   4.7522711e-02  -2.8596107e-01  -8.1276339e-02   2.5603317e-02   4.1981003e-01  -1.3355569e-01   5.1042258e-02   1.9755044e-02  -3.0869893e-01  -1.9971722e-01   2.3323143e-01   1.4273588e-01  -4.2256408e-01   1.9309845e-01  -1.8927308e-01   6.4062544e-02  -5.2494145e-01  -4.9614813e-01  -3.7724688e-01  -3.8487559e-01   3.8394736e-02  -4.1585574e-01   2.7157783e-01   3.6626145e-02   1.9584426e-01   1.9385284e-01  -3.1540559e-01   4.7549818e-01   1.7657785e-01  -2.7434580e-02   1.5572392e-01   1.0124876e-01  -5.4333215e-01  -5.4850948e-02  -2.6476907e-01   8.1836642e-02   1.2760797e-01   8.7284629e-02   2.0071039e-01  -1.6180940e-01   7.6479401e-02   1.2634225e-01   6.5686870e-02  -1.0896713e-01  -1.0768071e-01  -4.6080412e-02  -5.1964147e-01   5.9782471e-03  -1.5455432e-01   5.6345601e-01  -5.3525950e-01  -1.0951887e-01  -3.9391361e-01   2.6396966e-01  -9.7911586e-03  -1.7304590e-01  -3.9207002e-01  -5.0930807e-01   1.4193280e-02   3.9601884e-01   6.0082416e-02  -3.0927276e-01   4.8298505e-01   7.6584405e-03  -4.2391261e-01  -3.1096747e-01   1.8900317e-01  -2.1655742e-01   1.3269840e-01  -4.8913344e-01  -2.4876006e-01   3.9869499e-01  -9.5050511e-02   7.3375827e-01  -3.3226979e-03  -2.5443531e-01  -1.7716573e-01  -3.3361787e-01  -3.5025510e-02   1.1144853e-01   8.0991706e-02  -1.1765651e-01  -2.6329641e-01  -8.2708052e-02  -3.2929940e-01  -6.4811036e-02  -5.3285104e-02  -1.8672399e-01  -3.5199247e-01  -4.2784239e-02  -5.1308620e-02  -2.6998896e-01  -8.6287205e-02   5.2156286e-03   2.1134474e-01   4.3407434e-02  -4.0418656e-02  -3.4077653e-02   1.7413584e-02  -2.9710294e-01  -3.5103050e-01   5.9411565e-02   1.9813792e-01  -4.5119773e-01   9.6510659e-03  -2.3790205e-01   2.5672367e-02  -1.6331888e-01   1.1696094e-01
   2.2491440e-01  -3.3521029e-01  -2.0714523e-01   1.2562012e-01  -2.3028161e-01   1.3521368e-01   1.6884407e-01  -4.1263095e-02  -1.3512637e-01  -5.9752497e-01   2.9086143e-02  -1.3853478e-01  -3.9411052e-01   0.0000000e+00  -4.7609653e-02  -2.6363773e-01  -1.8652066e-01  -9.8665295e-02   1.4656859e-02  -1.9992328e-01   3.6133406e-03   1.2663196e-01  -1.4034612e-01   2.7068020e-01  -3.4792050e-02  -2.1290006e-01  -3.0887111e-01   4.6983424e-01  -3.4100987e-02   1.6276718e-01   9.5688820e-02  -5.6348302e-02  -1.9162525e-02  -2.3805352e-01  -2.7078515e-01  -3.4050608e-01  -7.2120624e-02   3.7524665e-01  -1.4618324e-01  -4.0266860e-01  -1.7448754e-01   4.8771046e-03  -2.8299465e-01   2.7344337e-01  -1.7172572e-01   3.1928600e-01  -6.7738807e-02  -8.1367726e-02   9.2443914e-03  -1.4862162e-01  -1.9796223e-01  -6.3277036e-02  -2.9792692e-01   1.1541817e-01   9.4993102e-02   2.1634844e-01   3.4123262e-01   2.3881673e-02  -1.0269495e-01  -4.1521912e-01   2.8063756e-01  -2.0536363e-01  -4.7810968e-01   2.3822085e-01  -1.1084797e-01  -2.5333301e-01  -4.0903926e-02  -5.0299051e-02   1.0588681e-01   1.8513822e-01  -2.4862126e-01   2.1844863e-03  -1.4210152e-01   1.6519499e-01   1.4909133e-01   1.6871801e-01   3.5925971e-01  -1.3366587e-02  -1.0239953e-01   2.4904610e-02   3.9598846e-01  -1.3966781e-01   1.8668863e-01  -1.1390859e-01   5.6005531e-01   4.7683101e-01   5.3055218e-01   4.5952234e-01  -1.4484934e-01   3.7516311e-01  -2.8430173e-01   7.2629212e-02  -3.3822893e-02  -4.3247506e-01   3.1139833e-01  -2.1100519e-01  -2.4313455e-03  -1.5923176e-01  -1.0803275e-01  -2.9809820e-01   3.5511763e-01  -3.6290078e-02   3.0560824e-01  -1.4606727e-01  -2.1340940e-01  -7.0149136e-02   3.3025117e-02   4.2932887e-02  -9.0507234e-02  -3.6274692e-01  -1.5751591e-01   1.4374464e-01   2.0794987e-01   2.1102209e-01   5.4927242e-01  -2.2330801e-01   2.2462931e-01  -3.6699617e-01   6.4709091e-01   1.3346182e-01   3.1625099e-01   9.7528369e-04  -1.0411601e-01   2.1467500e-01   2.4569208e-01   5.4601215e-01   5.6111740e-02   1.3927706e-01   2.0839376e-02   1.6897347e-01  -2.3513658e-01  -3.7134484e-01   7.0182928e-01   3.9372811e-02  -1.6577807e-01   1.9399657e-01   1.1479338e-02   3.1244312e-01   2.2773589e-01  -5.8840269e-02   1.6524395e-01  -3.7936716e-01  -1.8899834e-01   6.2888245e-01  -2.0209507e-02   1.7942937e-01  -2.6789242e-01  -6.7688426e-02  -1.4816230e-01  -3.0663452e-01   1.7355933e-01   1.2727731e-01   3.5829828e-01  -1.0615976e-01  -1.2960407e-01   1.0097875e-01   2.3452204e-01   1.9026020e-03   3.0002133e-01   2.7625940e-01   6.3409668e-02  -8.8018700e-02  -3.5286118e-01  -8.7585993e-02  -8.8194432e-02  -1.2952133e-01  -1.8487271e-01   4.1852305e-01   4.6443815e-01  -3.1591745e-01  -3.2871436e-01   3.5905873e-01  -1.2963820e-01   2.2604822e-01  -2.6220617e-02   1.7960693e-01   2.7013274e-02
