   0.0000000e+00  -4.8543627e-01  -5.5077415e-02  -3.2029168e-01  -2.2834478e-01  -3.2735080e-01  -1.4989291e-01  -9.5206524e-02  -3.9250021e-01   8.2856587e-02  -1.4041582e-02  -3.7951139e-01  -8.3386245e-02   4.9602113e-01   4.2510631e-02   1.3123788e-01  -1.6383803e-01  -1.6674583e-01  -3.3280259e-01  -2.0667836e-01  -2.4614216e-01  -2.5157057e-01  -2.0996541e-01   6.6983405e-01  -2.3097820e-02  -2.7756925e-01  -4.6440554e-01   3.5040920e-01  -2.9888579e-01   1.9509314e-01  -2.5504988e-02  -3.0807364e-01  -5.7253004e-02  -2.5193586e-01  -4.0810885e-01  -3.2870881e-01  -1.5961053e-01   1.6884588e-01  -1.0093067e-01  -3.1768198e-01  -3.3591925e-02   1.7408939e-01  -3.4784232e-01   1.7533115e-01  -2.1666677e-01   7.1566667e-01  -9.4262586e-02  -2.7451467e-01  -2.1395725e-03  -8.6702877e-02  -7.4373156e-02  -1.4394285e-01  -1.9974406e-01   1.2880484e-01  -1.8814340e-02  -8.1086289e-03  -2.4640622e-01  -2.1156929e-01  -2.0167548e-01  -2.2631089e-01   4.2994847e-01  -1.5451884e-01  -3.2277485e-01  -2.5788187e-01  -2.5387292e-01  -2.2661137e-01  -3.1280466e-01  -3.3642139e-01  -2.6291508e-02   3.9321878e-01  -3.8330663e-01  -2.5167810e-01  -2.2505594e-01   4.1116021e-01  -1.7757366e-01  -2.2718809e-01   4.4080860e-01  -7.7648714e-02  -4.4794323e-01  -2.1146184e-01  -6.9657485e-02  -9.7204998e-02  -3.3199724e-01  -1.6553749e-02   5.1338486e-01  -1.8770939e-01  -3.5268711e-01   3.6375262e-01  -2.2170093e-01   6.3816975e-01  -3.2732058e-01   3.6921076e-01  -1.8333080e-01  -3.7319930e-01   4.5055269e-01  -1.1790515e-01  -1.2062374e-01  -3.0549877e-01  -3.2295652e-01  -1.8722284e-01   5.1681541e-01   3.4839359e-02  -1.9253603e-02  -1.5468006e-01  -4.1928786e-02  -2.7216892e-01   3.2246732e-02  -3.5346865e-01  -9.8692053e-02  -4.5189130e-03  -3.1833624e-01   4.0907286e-02  -2.0480229e-01   7.3187796e-01   4.5476607e-01  -4.6719382e-01  -3.3479822e-03  -2.2817488e-01   5.0977044e-01  -1.6182820e-01   5.3164711e-01  -9.2474310e-02  -2.7440112e-01  -1.4136914e-01   6.2814708e-01   3.3456526e-01  -9.3355806e-02  -8.9922652e-02  -2.1682499e-01   1.8921410e-01  -2.0865350e-03  -4.2996307e-01   1.6702284e-01  -2.1484928e-01  -2.6176334e-01  -1.8581990e-01  -3.1856388e-01   1.5423388e-01  -2.0433036e-02   2.6679347e-01   7.2595325e-01   7.1320785e-02   8.6836247e-02   4.7880559e-01  -2.0557051e-01   4.9861751e-02  -2.6184534e-01  -1.6140347e-01  -5.9874547e-02  -3.6399316e-01   5.5189515e-01   1.5813637e-01   4.2833681e-01  -7.8600302e-02  -3.6450602e-01   4.0883392e-01   5.7167011e-01  -1.3684708e-01   3.4053013e-01  -4.1767920e-02  -2.0014303e-01  -4.0725973e-03  -2.9146874e-01  -1.5129237e-01  -4.2920862e-01  -3.5330809e-01  -1.2536445e-01   3.3532157e-01   5.1399893e-01  -2.1246930e-01  -5.2503381e-01   3.3954624e-01  -1.3975033e-01   1.8174510e-02  -5.3996146e-02  -1.3027227e-01  -2.4725537e-01
  -4.8543627e-01   0.0000000e+00   3.9677621e-01   4.6417753e-02   1.7841617e-01   3.9230458e-01   1.5936623e-01  -1.2176170e-01   4.9985446e-01  -2.2879472e-01  -6.5535800e-02   8.1412933e-01  -2.9733011e-02  -2.5236682e-01  -2.0551039e-01   4.1640841e-02   4.9299880e-01   1.8905476e-02   3.0722701e-01   1.6033548e-01  -6.2094711e-02   3.0610121e-03  -1.7496344e-02  -4.9211010e-01   1.9246261e-01   1.0251572e-01   3.2685224e-01  -1.8681924e-01   1.8434205e-01  -1.7266386e-01  -1.5876804e-02  -3.4087495e-03   7.8991483e-02   4.7654147e-01   5.0954266e-01   3.2488746e-01   8.8557088e-02  -3.1186151e-01   1.4466335e-01   4.6427090e-01  -2.9745151e-02  -1.2444591e-02   5.6148007e-01  -2.5836407e-01   5.3491994e-02  -5.8176008e-01  -2.4469156e-03   4.3107383e-01   2.6957007e-01   2.9697923e-01  -9.5762659e-02  -6.1098498e-02   4.3106691e-01   2.0310982e-02   2.7671637e-02  -1.8062265e-01   2.5814609e-01   3.6404838e-02  -1.0636552e-01   4.6895624e-01  -2.2747866e-01   2.3669181e-01   4.8294479e-01   8.8362318e-02   9.7773187e-02   2.2735984e-01   3.3636135e-01   4.3249673e-01  -2.6621662e-01  -8.4915888e-02   6.6397607e-01   3.8046252e-02   2.0669393e-01   3.2211345e-02   1.1952636e-01   1.9660234e-02  -4.4794995e-01  -2.9286826e-01   4.7373055e-01   1.0627320e-02  -5.0963771e-02   6.6690279e-02   5.9411712e-01   1.9407297e-02  -2.8654487e-01   3.0106487e-02   4.8329950e-01  -4.1691596e-01   3.1396421e-01  -5.6338133e-01   1.3493373e-01  -1.8551398e-01   9.7640340e-02   2.6444204e-01  -4.3345422e-01  -1.0653169e-01  -8.0422283e-02   1.7590703e-01   4.1622658e-01   3.6296840e-02  -2.7330660e-01  -4.5382702e-02  -9.1340904e-02   4.1787949e-01  -3.6277121e-01   6.2134975e-02   3.0808030e-01   1.5886183e-01   1.6255885e-01  -1.7958800e-01   4.6188379e-01  -1.2213820e-01   2.6671699e-02  -6.0639361e-01  -3.8509641e-01   5.3736393e-01  -3.3331796e-01   2.3865684e-01  -3.5572885e-01  -6.2308245e-02  -5.5714620e-01   1.1030492e-02   3.4532520e-01  -1.2749589e-01  -6.3905124e-01  -2.4700284e-02  -1.7526604e-01   2.4189512e-01   6.0619316e-03   1.6631936e-01   8.4224147e-02   5.1416693e-01   4.2168982e-01   1.8503385e-01   1.1868279e-01   4.9515648e-02   1.0390405e-01  -9.4473160e-02  -2.1801964e-01  -3.3879758e-01  -5.0786840e-01  -3.4478170e-02  -5.0027871e-01  -2.4772008e-01  -7.7608569e-02  -3.0153781e-01   5.9469277e-01   5.0283495e-02  -1.6441003e-01   4.4928753e-01  -3.8053498e-01  -2.7179905e-01  -4.3923631e-01   2.1849187e-01   7.0558303e-01  -4.2508550e-01  -5.1472542e-01  -1.6963437e-01  -1.6475331e-01  -1.2099806e-01   2.3547960e-01  -3.2446393e-01   8.4542483e-02  -2.8816040e-01   3.0613962e-01   4.4408706e-01   1.9502562e-01  -2.4129957e-01  -4.7293161e-01   2.6479015e-01   4.2994115e-01  -4.1980745e-01   3.6224523e-02   4.4270111e-01  -9.6750845e-02   9.5146242e-02   7.4053524e-02
  -5.5077415e-02   3.9677621e-01   0.0000000e+00  -3.5352118e-02   4.1175248e-01   3.0810967e-01  -1.6095667e-01  -1.6757188e-01   1.4008622e-01  -3.4969192e-02  -2.2873264e-01   5.0858449e-01   2.2635291e-01  -3.8959661e-01  -5.6869109e-01   2.4667023e-01   8.9629473e-01  -3.6573050e-01   1.3400415e-02   4.8316675e-01  -4.2523301e-01  -1.0884255e-01  -4.3103223e-01  -2.9625631e-01   1.0817041e-01  -1.1182412e-01   4.6336708e-01  -4.0089192e-01  -4.8333165e-03  -2.8434801e-01  -4.5670743e-01  -2.8152757e-01   4.6207297e-01   8.5541579e-02  -7.3651725e-02   4.9214520e-01  -1.0076469e-01   1.2148870e-02   3.1890136e-01   6.9685998e-01   2.1283270e-01   4.0498006e-01   3.5452288e-01  -5.7363512e-01  -1.5430046e-01  -4.7325107e-02   2.3693076e-01  -1.6252437e-01   2.3440091e-01   6.5913190e-01  -3.1864224e-01  -3.2838654e-01  -3.3979152e-02   2.2298519e-01  -1.0748069e-01  -3.3889929e-01  -1.5365268e-01  -3.4402441e-01  -5.2674825e-03   2.5353708e-01   3.1701136e-01   1.1050879e-01   2.8672949e-01  -3.2943463e-01  -1.9404525e-01   1.6869206e-01   3.4379223e-01   1.5847347e-01  -2.2639736e-01   5.6832189e-01   1.4814614e-01  -3.2301543e-01   2.9832661e-01   5.8857157e-02   9.4664854e-02  -2.4851502e-01   7.3061224e-02  -2.3438287e-01   4.4300627e-01  -1.1234674e-01  -6.2900348e-01   1.8322935e-01   4.0412950e-01   5.4713579e-03  -7.9026962e-02  -3.4109934e-01  -2.2368738e-01  -5.6728110e-01   2.4831506e-01  -2.2706501e-01   1.7554459e-01   3.8695083e-01   4.8929260e-01  -4.0039271e-02   8.8042815e-02   7.5160952e-02  -1.7206920e-01  -3.6871955e-02   1.8545526e-01  -2.5856222e-01  -2.7445334e-01  -2.1589282e-01  -2.7547903e-01  -1.9057164e-01  -6.9037953e-01  -1.1145593e-01   4.2813180e-01  -4.7680279e-02   2.4000913e-01  -1.3318319e-01   3.4654522e-01  -2.5699658e-01  -4.3926549e-02  -1.1505519e-01  -4.5589305e-01   3.0843022e-01  -5.7682098e-01   3.1061109e-01  -1.2727735e-01  -1.0261051e-01  -1.5189278e-01   1.7694280e-01   6.9997305e-02  -2.7426947e-01  -1.1145084e-01  -1.5629841e-01  -2.6015865e-01   3.2469163e-01  -2.6314804e-01   7.3508532e-01   3.1324790e-01   1.8149727e-01   1.7009690e-01  -6.0205207e-02  -7.4028778e-02  -1.0559726e-01  -6.6734649e-02  -3.2316249e-01  -4.6282459e-01   7.6838782e-02  -1.9808906e-01   1.1270447e-01  -5.2918588e-01  -1.0900734e-01  -3.6015546e-01  -4.9768011e-01   2.2103182e-01   1.6416282e-01  -4.1330205e-01  -9.4819910e-02  -3.4245655e-01  -6.2587903e-01  -1.5817788e-01   6.8027318e-02   6.8024772e-01  -2.0812327e-01  -1.4949820e-01  -3.3555000e-02   3.7328249e-01  -5.0955178e-01   1.0049424e-01  -3.2642340e-01  -2.0934417e-02  -4.9465394e-01   1.6276124e-01   3.6584685e-01   1.0558505e-01  -3.1962087e-02  -8.5326558e-02   4.9994784e-01   2.2535914e-01   2.2432691e-02  -3.3044890e-01   3.5392942e-01  -1.5249070e-01  -2.7025730e-02  -1.1471297e-02
  -3.2029168e-01   4.6417753e-02  -3.5352118e-02   0.0000000e+00   3.7568952e-02   5.5403196e-01  -2.3262782e-01   5.2635461e-01   5.8071064e-01   1.4986037e-01  -1.7557150e-01  -4.7842816e-02  -2.5471735e-01   6.4608387e-02   9.7115004e-03   6.2097923e-02  -9.2962578e-02   1.2994071e-01   3.9136115e-01  -4.4932043e-03   2.4542703e-01   7.2746600e-01   1.7285461e-01  -2.9366362e-01   1.1697010e-01   4.9637487e-01   3.3675251e-01  -3.3966613e-01   4.1051096e-01   4.1395031e-01   1.3742802e-01   6.4478244e-01   3.2864522e-01  -2.0999280e-01   2.9563515e-01   3.6929364e-02  -2.2142853e-01  -1.5774597e-01   2.4634144e-02  -3.6829292e-02   6.1959829e-03   1.4727416e-01  -9.1273215e-02  -2.3263866e-01   1.1918965e-01  -5.1034892e-02  -6.4493679e-03  -3.5785465e-02  -1.2210761e-01  -2.3771617e-01   2.1854261e-01   4.6822237e-01  -3.8418162e-01   2.6631471e-01  -1.0033437e-01  -5.0688248e-02   3.7528342e-01   5.7599992e-01   5.6168647e-01   4.0101950e-01   7.5078127e-02  -1.2640625e-01   4.3145720e-01  -1.5668214e-01   2.4515699e-01  -3.2570215e-01   5.6085606e-01   1.6837686e-01   3.1395505e-01  -1.8878750e-01  -9.4350493e-02   5.2555638e-01  -2.4297389e-02   3.2282505e-02   2.7630047e-01   5.4255758e-01   1.5558071e-01   3.4110053e-01   1.3056484e-02   2.3793961e-01   1.8921535e-01  -1.9063106e-01  -3.2828050e-01   2.0856986e-01   8.7405201e-02   2.1662666e-01   1.1464206e-01   6.2974574e-02   2.2500214e-01  -2.6804483e-01   6.1688936e-02   2.1356829e-01  -2.8038373e-01   5.1415192e-01  -1.1859385e-01   3.5590073e-01   3.3469245e-01   5.5906041e-01   2.5167439e-01   5.0779269e-02  -1.4901996e-01  -4.2183762e-01   4.5807104e-01   4.2526450e-01   1.6073133e-01   7.7641613e-01   2.4953755e-01   6.8496841e-01  -2.4384111e-01  -3.6798780e-01  -2.0489027e-01   4.9017585e-01   7.0671100e-01  -2.1964851e-01  -3.1019018e-01  -1.9843311e-01  -2.5606250e-02  -1.8943837e-01  -3.4014092e-01   8.2363350e-01  -1.2102069e-01   2.1882435e-01   1.8839846e-02   4.6760666e-01  -3.0166674e-01   2.1916695e-01   1.3632439e-01   2.0960925e-01   7.1813295e-01  -3.4881295e-01  -1.7456353e-01  -1.8149072e-01   1.0059700e-01  -9.8965756e-04   4.9648177e-01   4.9122492e-01   2.9663870e-01  -3.1536485e-01   3.6185916e-01   5.8644031e-02  -4.1700161e-02   1.0378270e-01  -9.5283327e-03  -2.0531951e-01   1.8859524e-01   2.0018734e-01  -5.8794554e-02  -5.5285962e-01  -2.6565384e-01   8.3928678e-02  -1.0291811e-01   1.7595111e-01   1.5982891e-01  -3.5908621e-01  -2.0473125e-01  -1.2244013e-01   3.7963609e-02   2.9918450e-01   7.2621783e-02   3.8023831e-01   6.0155165e-02   3.5165410e-02  -2.0992765e-01   4.0997633e-01   7.5007449e-01  -1.1860225e-01  -1.7873881e-01  -9.1828672e-02   1.3181192e-01  -4.4147918e-01  -1.8991532e-01  -1.8428214e-01   7.0755618e-02   1.7709097e-01   2.5274987e-01   2.8354068e-02   8.1018794e-01
  -2.2834478e-01   1.7841617e-01   4.1175248e-01   3.7568952e-02   0.0000000e+00   2.0463089e-01  -5.2556676e-01   1.8618780e-01   3.5089038e-01  -1.7024720e-01   6.0524691e-02   3.8766971e-01   3.8793498e-01  -4.1762671e-01  -5.6646620e-01  -2.7187664e-02   5.2104570e-01  -2.8375131e-01   1.3962104e-01   9.3329618e-01  -1.2345001e-01  -6.3726049e-02  -1.9468264e-02  -1.8612098e-01  -2.9083200e-02   1.4440155e-01   6.2124456e-01  -5.2822880e-01   1.4027260e-01  -5.0228264e-02  -1.8510140e-01  -1.7800763e-01   1.7496352e-01  -2.4896792e-01   2.6853652e-01   7.1061398e-01  -5.7652283e-02   2.3842834e-02   1.2922448e-01   4.2714735e-01   2.9455986e-01   7.0788267e-02   5.0188780e-01  -2.7757435e-01   3.1774029e-02  -4.5401410e-02   3.8365079e-01  -3.6067525e-01   3.2805193e-01   4.9409718e-01  -2.9362509e-01   4.5057440e-02  -3.3956784e-01   1.4126880e-01  -1.5743340e-01  -2.9626487e-01  -5.8038255e-02  -2.0733325e-01   9.7631069e-02   3.7285367e-01   1.7769856e-01   3.2516243e-01   3.9532238e-01  -1.8916587e-01   2.5161624e-01  -2.7608012e-02   2.7933645e-01   2.6754490e-01   5.2378298e-02   4.3009107e-02  -2.7038805e-01   1.6778615e-02   1.9175015e-01  -1.9122107e-01   2.5170900e-01  -2.2757441e-01   7.4289135e-02  -3.4508432e-02   7.9547708e-01  -1.4049914e-01  -5.1526420e-01  -2.5082124e-02   1.9527857e-01   1.0258665e-01  -2.3774345e-01  -2.7202993e-01  -3.7847831e-01  -2.0343743e-01   1.0882130e-01  -1.6828152e-01   3.3973217e-01   1.5211515e-01   2.1953382e-01   3.4612221e-01   9.8526957e-02   1.3993003e-01   2.9128451e-02   1.2735351e-01   2.9873227e-01  -1.9617714e-01  -5.3758006e-01  -1.7246694e-01  -3.4197103e-01   9.6142691e-02  -4.0494011e-01  -1.5652429e-01   1.0248478e-01   1.5631684e-01   1.9398190e-01  -1.6447738e-01  -3.9331467e-02  -1.6896839e-01   5.9821496e-02  -1.3622325e-01  -5.9147426e-01   6.1495392e-01  -2.6195486e-01   2.9487998e-01  -4.4587900e-01  -7.0662970e-02  -2.5230692e-01   2.4527281e-01   3.1540809e-01   1.5038089e-01  -5.8088451e-02  -1.3250794e-01   1.0250142e-01   1.8050333e-01  -1.8015484e-01   1.8497866e-01   7.8469277e-02   1.7949150e-01  -8.8695951e-02  -4.3012427e-02   1.9274419e-01  -1.6682899e-01   1.1335255e-01  -5.7580203e-01  -2.3636299e-01   6.0837661e-02  -2.2331913e-01   4.5191385e-01  -1.4828169e-01  -3.9306540e-01   1.1966346e-01  -3.5671035e-01  -2.6038969e-01   3.0516780e-01  -4.2756365e-01  -6.6130893e-02  -3.2435926e-01  -4.2768104e-01  -3.3572514e-02   7.0855764e-02   4.8415828e-01  -1.1083392e-01  -3.1856659e-01   1.4523144e-01   2.0830994e-01  -4.3491726e-01   4.0342551e-01   8.4565967e-02   3.9370197e-02  -5.6483439e-03   9.7568947e-02   7.3040876e-01   2.3490833e-02  -1.5634958e-01  -1.4175236e-01   4.7840372e-01   4.2740063e-01  -1.5656305e-01   8.8380685e-02   7.8413609e-02  -3.1495646e-02  -1.5121976e-01   6.6346955e-02
  -3.2735080e-01   3.9230458e-01   3.0810967e-01   5.5403196e-01   2.0463089e-01   0.0000000e+00  -1.7026975e-01   5.1561137e-01   5.4095734e-01  -2.8568576e-02  -3.9924025e-01   3.0913450e-01  -1.5593964e-01  -1.5386319e-01  -2.4726397e-01   3.7501647e-02   2.6553414e-01  -2.2081061e-01   6.5969054e-01   2.1978633e-01  -1.6788463e-01   5.2713534e-01  -1.3429291e-01  -2.9589216e-01   1.1155290e-01   6.4616465e-01   3.6517549e-01  -2.5572934e-01   3.5597047e-01   9.0658304e-02  -7.9540175e-02   3.9981021e-01   2.3135488e-01  -2.6843981e-02   2.9031355e-01   1.8898625e-01  -4.2682629e-01  -1.8766086e-01   1.5337471e-02   4.0736410e-01  -6.2613661e-02   2.1736344e-01   1.8625886e-01  -4.5145302e-01  -2.5856849e-01  -4.0462486e-02  -8.4685732e-02  -6.5546616e-02  -3.4546663e-02   1.5983371e-01  -9.7827507e-02   4.7675633e-01  -1.7926797e-01   2.7002645e-01  -1.3378277e-01  -7.6116557e-02   6.4358222e-01   3.0475804e-01   3.1901211e-01   4.9912238e-01   1.4897852e-01  -1.8533296e-01   6.1848023e-01  -2.7601868e-01  -9.0458274e-02  -2.2241319e-01   8.8217490e-01   2.7950585e-01   1.3295601e-01   1.8316556e-01   3.4581286e-02   1.1084834e-01  -4.0732600e-02   1.6051826e-01   2.6883483e-01   4.8447754e-01   8.1108077e-02   1.7283185e-01   2.1256211e-01   7.0225806e-02   1.5032509e-01  -3.0041453e-01  -9.9550792e-03   4.2906604e-01   1.1434844e-01   1.2203443e-01   4.0287286e-02  -1.8273545e-01   2.3261335e-01  -3.1888259e-01   4.8367100e-02   2.9390274e-01   1.3573317e-01   4.6922250e-01   2.3641273e-02   1.6001273e-01  -8.5163842e-02   6.7032502e-01   2.3335480e-02  -1.7825547e-01  -1.5047744e-01  -3.9341458e-01   3.5699763e-01   2.9587393e-01  -3.4901681e-01   6.0517615e-01   3.6935745e-01   7.2387851e-01  -1.6923276e-01  -3.9877264e-01   7.7422830e-02   3.1868922e-01   2.9821728e-01  -3.1550209e-01  -3.1429222e-01   8.6551132e-02  -2.4992146e-01   4.9250968e-02  -2.2067559e-01   4.7552965e-01  -2.8855189e-01   1.7728829e-01   2.7310588e-01   4.9698482e-02  -3.1481587e-01   1.4647145e-01  -2.4119466e-01   2.0209597e-01   4.9782580e-01   1.4867117e-01  -2.0112070e-01  -8.7784745e-02   3.1422899e-01  -3.9237621e-02   4.2279039e-01   4.8087895e-01   1.6136472e-01  -3.2658619e-01   1.1603687e-01   3.9830013e-03  -1.3843515e-01   1.4409775e-01  -3.5540160e-01   3.1918838e-02  -1.7787128e-01  -2.3362846e-01   1.7608408e-01  -2.8752089e-01  -3.8107135e-01   1.6475629e-04  -1.2000494e-01   6.7956803e-02  -1.2069997e-03  -1.7651628e-01   2.7025018e-01  -1.8493746e-01  -6.7173780e-02   1.0808135e-01   1.7158103e-01   2.2756616e-01   1.1556362e-01  -1.7024356e-01  -2.1815650e-01  -9.6830429e-02   7.6487196e-01   5.6382095e-02  -1.9747042e-01   2.3223032e-01  -9.4409501e-02  -6.7606691e-02   6.0727920e-03  -2.5438520e-01  -1.8270349e-01   6.3860916e-01   7.9156376e-02  -1.0872566e-01   6.7000169e-01
  -1.4989291e-01   1.5936623e-01  -1.6095667e-01  -2.3262782e-01  -5.2556676e-01  -1.7026975e-01   0.0000000e+00  -4.7795991e-01  -3.2766119e-01  -6.7754618e-02   2.9726144e-01   5.5795526e-02  -1.4782249e-01   8.5860214e-02   5.5411876e-01   1.5705793e-01  -2.2746631e-01   4.4030679e-01  -1.8857872e-01  -4.0752476e-01   2.4069226e-01  -1.5244844e-01   2.1269011e-01  -1.7771964e-01   1.3201280e-01  -3.5761374e-01  -2.7671282e-01   4.8606011e-01  -1.7865201e-01   7.0810757e-02   7.5336760e-02   2.0442014e-02  -8.7023676e-02   6.7360162e-01  -1.2424294e-01  -1.9413287e-01   1.1146465e-01  -2.4666249e-01   9.7316658e-02   4.1882859e-02  -1.6228937e-01  -2.2745520e-01  -1.9830269e-01   2.8496925e-01  -1.1719536e-03  -3.8376447e-01  -1.0848997e-01   7.7954482e-01   6.5124589e-03  -1.5986539e-01   4.3522092e-01  -4.0753752e-01   6.7939452e-01  -4.8369212e-01   1.4991963e-01   1.9117498e-01   5.2235875e-02  -1.8709503e-01  -2.2858311e-01  -2.9279149e-01  -3.5103041e-01  -1.0823077e-01  -5.0696270e-01   3.6168333e-01  -3.9664213e-01   6.2941436e-01  -3.1158708e-01  -3.2477265e-01  -1.3629547e-01   3.4419536e-02   6.1152872e-01  -7.4640303e-02   1.9903965e-02  -5.6584206e-02  -3.2458379e-01  -1.3988524e-01  -4.3555682e-01  -1.9815315e-01  -3.7019676e-01  -4.9951860e-02   4.0719522e-01   2.6118929e-01   1.8734718e-01  -2.2338126e-01  -1.5937067e-01  -5.4540310e-02   5.6067903e-01  -1.3430416e-01  -2.5061470e-01  -2.5621101e-01  -3.0779757e-01  -4.1678728e-01   3.2724083e-01  -3.6685653e-01  -3.6966484e-01  -3.5884848e-01  -3.4095190e-02  -3.8755631e-01  -8.6179686e-02   2.5846745e-01   1.9676732e-01   4.7979138e-01   6.5434196e-02   2.6683954e-03   2.7399565e-01  -6.8977687e-02  -1.1702478e-01  -3.7046332e-01  -1.2050282e-02   4.2339049e-01   5.7359413e-01  -8.6770767e-02  -3.1426323e-01  -2.2793949e-01   4.5740270e-01  -1.2964300e-01   5.8524932e-02  -4.5104061e-02   2.8168658e-01  -2.2770938e-01  -2.2301110e-01  -3.6012064e-01  -2.0897804e-01  -3.3011326e-01  -2.9127346e-01  -6.1054832e-02  -1.2211303e-01  -2.6864847e-01  -2.3817691e-01   5.8941073e-02   1.4744250e-01   4.4736492e-01   1.0561851e-01   1.6185020e-01  -5.1569009e-01  -2.2069350e-01  -4.8172978e-02   6.7771477e-01  -2.0405135e-01  -4.1492412e-01  -2.0871806e-01  -3.9014016e-01  -8.0074959e-03   1.8038358e-01  -3.8951545e-02   2.5144550e-01   7.0369158e-01   2.2512907e-01   8.1239379e-01   2.8027533e-01  -6.9251440e-02   1.5804304e-01  -5.2453838e-01   1.1427137e-01  -2.0118016e-02  -3.2739820e-01  -1.5479955e-01  -3.5899575e-01  -3.5827232e-01   2.2483896e-01  -4.0856984e-01  -1.7528813e-01   4.5989865e-01   3.8241312e-02  -2.5415574e-01  -3.0650210e-01   2.0703406e-01  -8.7423234e-02  -3.8943243e-01  -6.3854484e-02   2.4378355e-01  -8.1414190e-02   1.9258664e-01  -4.5141215e-02  -1.8329100e-01   2.0441170e-01  -2.4301021e-01
  -9.5206524e-02  -1.2176170e-01  -1.6757188e-01   5.2635461e-01   1.8618780e-01   5.1561137e-01  -4.7795991e-01   0.0000000e+00   3.8461172e-01   1.4705325e-01  -4.3536099e-01  -1.5587525e-01  -1.1442205e-01   4.2035442e-03  -1.5635996e-01  -3.1823019e-01  -1.7533383e-01  -2.4252870e-01   4.8072503e-01   9.7378680e-02   2.1714482e-02   5.3505037e-01  -5.6910787e-02   6.2035906e-02  -1.5659279e-01   6.9232379e-01   3.2010189e-02  -1.8267566e-01   2.1643800e-01   2.6345003e-01   2.7219289e-02   4.2832878e-01  -4.0952907e-02  -3.9665798e-01   2.7674861e-01  -1.7129779e-01  -4.4011493e-01  -1.2141037e-01  -3.7239454e-01  -1.1221524e-01  -3.0532501e-02  -4.2619291e-03  -3.5085769e-03  -1.9719185e-01  -1.3478218e-01   3.0932524e-01  -2.7419129e-01  -3.8845579e-01  -1.7475719e-01  -7.4653326e-02  -1.5681607e-01   8.2383453e-01  -5.4348698e-01   2.8983496e-01  -1.5636908e-01  -5.5305527e-03   4.1216329e-01   5.1524291e-01   3.3734595e-01   3.4920609e-01   1.5114937e-01  -2.8621951e-01   5.3424183e-01  -2.6097614e-01   1.1328007e-01  -5.5905974e-01   5.1114062e-01   2.4365875e-01   2.3758419e-01  -9.6314898e-02  -3.9091469e-01   3.0683683e-01  -2.7989587e-01   1.3949590e-01   3.6147802e-01   5.8416766e-01   2.5263495e-01   4.2171157e-01   1.5063697e-02   5.8845296e-02   2.5438531e-01  -5.3625532e-01  -4.1095257e-01   7.2444471e-01   2.0712641e-01   2.6277134e-01  -1.7066982e-01   2.4137877e-01   2.3720851e-01  -6.1857554e-03   1.1781828e-01   2.5074719e-01  -3.5808716e-01   5.1310908e-01   1.1376962e-01   3.3529879e-01  -2.6415924e-02   7.0872587e-01  -1.1039648e-01  -6.5829590e-02  -3.7207822e-04  -4.2710293e-01   4.0477344e-01   2.7204606e-01   6.7849810e-02   5.7695330e-01   5.6561483e-02   6.9232666e-01  -3.6241598e-01  -4.1254619e-01  -4.1863917e-01   4.0993592e-01   4.2170083e-01  -1.8792736e-02  -1.5844071e-01  -1.6995136e-01   8.4056255e-02  -1.8691405e-01  -2.2016640e-01   4.9522040e-01   5.1157885e-02   3.3701151e-01   2.5596300e-01   3.1316448e-01   9.2587631e-02   2.1921763e-01   9.5825777e-02   1.3004188e-01   6.3133531e-01  -3.1092180e-01  -3.2614372e-01  -5.3348094e-01   7.9998301e-02  -1.1828689e-01   6.1844305e-01   5.4846412e-01   4.3810251e-02  -4.0439486e-01   4.6019462e-01   1.2243431e-01   1.2660885e-01   2.3076947e-01   8.8533909e-02   6.1747319e-02   4.0816200e-02  -1.9423769e-02  -2.9411821e-01  -5.2971494e-01  -4.4485247e-01  -1.3016102e-01   1.4267219e-01   3.7417084e-01   3.6408234e-01  -3.4620196e-01  -2.2669958e-01   1.5179210e-01   1.2947809e-01   2.8183269e-01   1.1734418e-01   3.1680468e-01   1.7744893e-01   1.6062262e-01  -4.1979506e-01   2.1991169e-01   5.5734552e-01  -1.0173906e-01  -4.2056577e-01   3.0156725e-01   1.5341674e-01  -3.4457125e-01  -3.6165285e-01  -1.2245773e-01  -9.2180663e-02   2.6697402e-01   1.6032765e-01  -1.8432306e-01   6.6229770e-01
  -3.9250021e-01   4.9985446e-01   1.4008622e-01   5.8071064e-01   3.5089038e-01   5.4095734e-01  -3.2766119e-01   3.8461172e-01   0.0000000e+00  -6.0786589e-02  -1.2421144e-01   4.3067082e-01  -9.4289741e-02  -2.8668239e-01  -3.3119731e-01  -1.2407354e-01   2.0209876e-01  -1.1337348e-01   4.1748960e-01   2.5993069e-01  -2.6425425e-02   4.3413533e-01  -4.6640547e-02  -3.7301588e-01  -3.0862251e-03   5.0431914e-01   4.5727200e-01  -4.1638302e-01   4.1059228e-01   4.3113595e-02  -1.1633262e-02   2.2388657e-01   1.4767570e-02   2.4175254e-02   7.0381943e-01   3.2646023e-01   2.9039949e-02  -2.7995349e-01  -1.2496028e-01   3.1234714e-01   1.0220991e-03   4.2283006e-02   4.8714848e-01  -3.7832375e-01   1.8241582e-01  -1.8232247e-01   2.5797003e-02  -8.8869494e-03   7.3293337e-02   1.2159690e-01  -3.2398247e-02   3.5170886e-01  -9.4179009e-02   2.1483507e-01  -1.4471582e-01  -3.3375455e-01   3.6708649e-01   4.3005769e-01   2.4651021e-01   7.4790632e-01  -7.6516218e-02   2.6293032e-01   6.7132496e-01  -9.4820658e-02   3.2311278e-01  -1.4833614e-01   5.3552518e-01   5.2727614e-01   7.6701309e-03  -1.1744572e-01   1.1117165e-01   4.5814236e-01  -3.0234067e-03  -7.5374176e-02   3.4185069e-01   2.5596630e-01  -7.7080345e-02   1.0486471e-01   4.2013014e-01  -3.8223145e-02  -8.4241676e-02  -2.0988317e-01   7.9698056e-02   2.1564178e-01  -2.5391302e-01   6.2541284e-03   1.1798779e-01  -1.5628917e-01   3.5280032e-01  -3.7277639e-01   1.9502727e-01  -6.6454565e-03  -1.8575497e-01   8.1207126e-01  -2.3316606e-01   2.2021112e-01   2.2228639e-01   5.0318497e-01   4.6444252e-01   1.9694149e-02  -2.9420541e-01  -3.8185632e-01   4.8599601e-02   5.3696847e-01  -2.2526405e-01   4.1928261e-01   1.1855135e-01   5.4668635e-01   2.5682772e-02  -4.9589188e-01  -7.9244135e-02   1.1065927e-01   4.3819490e-01  -3.3744280e-01  -5.0371947e-01   3.1145328e-01  -1.8094409e-01  -1.0118342e-02  -6.1816638e-01   4.7183554e-01  -3.9089142e-01   2.1042387e-01   3.6916654e-01   3.2126068e-01  -4.1120899e-01   4.7391719e-02   1.4482895e-01   2.0918069e-01   5.0496428e-01  -8.2314565e-02  -1.9434968e-01   1.1119495e-01   5.3356102e-02   3.3888458e-02   6.1266487e-01   2.7114902e-01   9.3400500e-02  -5.0421082e-01   8.9809224e-03  -1.9775227e-02  -1.6949334e-01   2.0885307e-01  -2.6368512e-01  -3.7311190e-01   1.2590971e-01  -2.8060797e-01   1.0698269e-01  -2.1775930e-01  -4.5890581e-01   2.0277703e-01  -3.0388349e-01  -1.6365880e-01  -1.5261797e-02  -1.0201366e-01   3.4391071e-01  -2.7384924e-01  -2.3903834e-01   2.1108253e-01  -7.1321704e-02  -4.0632858e-02   4.0306381e-01   1.3784263e-03  -1.2928920e-01   1.3821853e-01   6.2052030e-01   3.4589691e-01   3.0303720e-02  -2.0518422e-01  -6.4033534e-02  -5.7342645e-02   1.5324109e-01  -3.7429664e-01   1.9426384e-01   2.9549447e-01   7.8874080e-02  -1.5548141e-01   5.5950103e-01
   8.2856587e-02  -2.2879472e-01  -3.4969192e-02   1.4986037e-01  -1.7024720e-01  -2.8568576e-02  -6.7754618e-02   1.4705325e-01  -6.0786589e-02   0.0000000e+00  -1.8144475e-01  -2.3819763e-01  -1.8655615e-01  -4.6515541e-02  -1.3796894e-01   1.6073176e-01  -1.5103016e-01   1.3218691e-01  -8.0439409e-02  -1.3354095e-01   1.3013550e-01   1.3641529e-01  -1.2128750e-01  -1.4435188e-01   7.6000036e-03   2.7475839e-02  -1.1147418e-01  -1.7621181e-01   1.0429916e-01   5.3564147e-02  -2.7346468e-01   2.5754549e-02   1.7863758e-01  -1.2466690e-02  -1.7135073e-02  -2.2074474e-01  -3.1783966e-03   1.0436403e-01   1.6303123e-01  -8.3435188e-03  -7.8245980e-02  -2.2337271e-01  -1.2204963e-01  -1.6654389e-01   2.1426199e-01   1.3809295e-02  -1.4905295e-01  -1.3074348e-01  -2.4973303e-01  -7.5469630e-02   1.4632586e-01  -5.4475222e-02  -1.7200033e-01   1.1136958e-02   4.4574265e-02  -1.1196801e-01  -1.2321500e-01  -1.2330438e-01   2.4868206e-01  -4.7391214e-02  -1.4078727e-01   9.3499249e-02   1.0983302e-02  -2.1452085e-01   1.6139129e-01  -1.3301107e-01  -7.7723873e-03  -3.3396823e-01  -1.8328651e-01  -4.7953843e-02  -1.0060250e-01  -5.8447759e-02   5.7351087e-02  -2.0654127e-01   1.0110692e-01  -2.1396349e-02  -5.7645714e-02   1.6230620e-02  -3.2487436e-01   1.0159745e-02  -8.9251816e-02   7.3254991e-02  -2.7544149e-01   1.3632349e-01   1.6603585e-01  -2.1516370e-01  -1.5613846e-01  -3.1778233e-02   2.3394730e-01   2.1008244e-02   5.3098043e-01  -1.2718387e-01  -3.2697304e-01  -1.0321149e-01   6.2366761e-02   8.1756943e-01   1.3740328e-01   5.9143265e-02   6.4357743e-02   6.0403793e-01   4.0772836e-02  -6.4285399e-02  -4.3206817e-02  -1.9537135e-02   4.2822881e-02   1.2911708e-01  -1.3166091e-01  -6.4053673e-02   1.7314357e-01  -1.5309756e-01  -1.0242627e-01  -9.0980914e-02   1.0085747e-01   2.1662713e-01  -1.0132157e-01  -4.7238487e-01  -1.9399713e-01   9.1450619e-02  -9.8912802e-02  -1.2612205e-02  -9.2590943e-02   8.3637283e-01  -1.9078933e-01   4.9676826e-01   9.9768867e-03  -2.2276158e-02   4.1170590e-01   2.2471379e-02   7.5811578e-02  -3.6639169e-02   2.5373110e-01  -2.5993662e-01  -2.6234991e-01   1.8318304e-01  -1.1838314e-01  -3.5411244e-02  -4.8713262e-02  -6.6657942e-02  -2.0392602e-01   1.3305783e-01  -2.2156087e-02  -2.6694530e-01   2.9746291e-02  -1.4468004e-01  -1.0061941e-01   2.2338166e-01  -1.1966380e-01  -2.9452382e-01  -7.4073645e-02   7.9316209e-02  -7.3969275e-02  -2.9305888e-02  -1.1475978e-02  -3.7051144e-01  -1.9844372e-01  -4.5510270e-03   2.4886931e-02   2.1157165e-01  -1.8936535e-01  -1.1494666e-01  -1.6922052e-01  -1.9356919e-01   1.1452959e-02   4.1972766e-02   1.9899344e-02  -2.9449000e-01  -1.7581255e-01  -1.1729510e-01   2.8941497e-02  -3.5693044e-01  -1.6028809e-01   5.2343280e-02  -3.7503986e-01  -1.6158205e-01  -7.9733532e-02  -1.3683372e-01   1.3709699e-01
  -1.4041582e-02  -6.5535800e-02  -2.2873264e-01  -1.7557150e-01   6.0524691e-02  -3.9924025e-01   2.9726144e-01  -4.3536099e-01  -1.2421144e-01  -1.8144475e-01   0.0000000e+00   1.3006701e-02   5.4111837e-02  -1.6643485e-02   3.8560692e-01   3.1490967e-01  -1.5391637e-01   4.9507771e-01  -3.5373546e-01   4.2393793e-02   1.1679367e-01  -4.2358771e-01   3.3373725e-01  -4.1370802e-02  -1.3357233e-01  -4.9636823e-01   1.0018769e-01  -4.2624768e-03  -2.4164730e-01   6.0212043e-02   3.8660368e-01  -8.5797499e-02  -7.6113030e-02   2.6202333e-01  -4.9003352e-02   3.4115244e-01   3.3290366e-01  -3.2318083e-02   2.6114335e-01  -2.0206374e-01   2.0907054e-01  -1.0316182e-01  -8.0701233e-02   6.0647053e-01   2.7262536e-01  -2.0974447e-01   5.7726484e-01   2.5276335e-01   2.9994016e-02  -1.4031501e-01   4.8081599e-01  -3.8378913e-01   2.6983772e-01  -2.9837651e-01  -1.2779698e-01   2.0638852e-01  -2.6445118e-01  -3.3423931e-01   3.0305890e-02  -1.7053785e-01   1.8520656e-02   3.3408968e-01  -4.5761835e-01   5.3704260e-01  -8.2277752e-03   2.8814131e-01  -4.4871563e-01  -2.0451861e-01   3.2814875e-01  -2.0432548e-01   7.6423657e-02   2.8602136e-01   4.0579449e-01  -2.1992347e-01  -3.7601007e-01  -3.5076887e-01  -1.8707162e-02   1.4198085e-02   7.2590657e-02  -6.8025575e-02   4.6007330e-02   4.0057151e-01   1.4382433e-01  -5.9056798e-01  -1.4620168e-01  -1.4415348e-01   2.2258150e-02  -4.0758115e-02  -2.7558745e-01  -1.1246355e-01  -1.2886935e-01  -1.5205839e-01   2.1616482e-01  -2.0357112e-01  -1.0501157e-01  -2.9636216e-01   1.5213134e-01  -4.5681328e-01   1.9272137e-01   7.4534191e-02  -6.4806278e-02   5.8127053e-01  -3.1967724e-01   1.5975387e-01   3.1937392e-01  -3.8137254e-01  -1.8309190e-01  -3.2547033e-01   1.2251909e-01   4.7969825e-01   1.8248091e-01  -1.9067609e-01  -2.3923017e-01  -6.4484563e-02  -4.0600696e-02   1.5773189e-01   2.9085665e-01   2.0492102e-01  -1.1016661e-01  -2.7222131e-01  -9.6880291e-02  -2.4392603e-01  -3.6570903e-01   6.7201444e-02  -2.0401472e-01  -1.9940285e-02   3.2331371e-01  -2.6241455e-01  -4.4904088e-01  -1.2567825e-01   1.4428512e-01   5.2026866e-01  -2.0934051e-01   2.9032672e-01  -3.7462177e-01  -3.3149407e-01  -7.9019272e-02   2.1398217e-01  -8.4572794e-02  -2.5604565e-01  -3.5164650e-02  -9.0896961e-02   4.6305083e-01  -1.7871742e-01   4.8388750e-01   1.8509354e-01   9.9251906e-02   4.1338692e-01   4.9726782e-01  -7.4276923e-02  -1.7527228e-01  -1.0010295e-01  -1.7103255e-01   3.2022487e-01  -4.7155209e-02  -1.0998483e-01  -1.0826631e-01   4.6303987e-02  -2.7868953e-02  -1.0864772e-01  -1.5147544e-01   5.3443543e-01   1.7508920e-01   3.1326982e-01  -4.6789763e-01   1.5449998e-01   4.0556699e-01  -2.3716513e-01  -8.7717069e-02   2.8005408e-02   2.4113239e-01  -3.3202671e-02   4.0011228e-01  -2.2157684e-01  -1.2826065e-01   2.1225240e-03  -4.3393617e-01
  -3.7951139e-01   8.1412933e-01   5.0858449e-01  -4.7842816e-02   3.8766971e-01   3.0913450e-01   5.5795526e-02  -1.5587525e-01   4.3067082e-01  -2.3819763e-01   1.3006701e-02   0.0000000e+00   1.5446809e-01  -3.7476636e-01  -3.1944429e-01   1.0683672e-01   5.6293670e-01  -8.5778631e-02   2.1215107e-01   3.7387628e-01  -2.0370373e-01  -7.2153923e-02  -3.0706333e-02  -4.5131854e-01   1.8305641e-01  -5.0304239e-03   3.6112977e-01  -2.7141590e-01   1.7631284e-01  -1.8820402e-01  -1.6770885e-01  -1.5415314e-01   6.0979803e-02   4.6131275e-01   4.3386697e-01   4.8598647e-01   1.5618273e-01  -2.3676111e-01   1.8081752e-01   4.9765665e-01   1.9165514e-01   5.9548924e-02   7.0303222e-01  -2.4210658e-01   1.2195011e-01  -5.1952824e-01   1.0033189e-01   2.7002310e-01   2.4421344e-01   3.7492005e-01  -1.0463326e-01  -1.7174055e-01   3.1497661e-01   1.5582104e-01   2.0634588e-02  -2.9167586e-01   1.8819466e-01  -1.3438168e-01  -9.5190730e-02   6.4554724e-01  -1.8531588e-01   3.7178645e-01   3.9701918e-01  -1.1433967e-02   3.2984962e-02   2.6700654e-01   2.5182430e-01   3.8326342e-01  -2.6069317e-01  -3.6934968e-02   4.1815326e-01   5.4755294e-02   3.0039319e-01   3.9137145e-02   1.4691935e-01  -1.7226390e-01  -3.8472428e-01  -2.4287819e-01   6.0141330e-01  -5.5223994e-02  -2.8337553e-01   1.5507432e-01   5.7198082e-01   1.1620986e-02  -2.8270870e-01  -1.7397861e-01   1.3909989e-01  -3.8943333e-01   3.0709294e-01  -5.0896677e-01   1.5881062e-01  -1.5537306e-01   2.3994111e-01   3.5922073e-01  -3.3534909e-01  -7.6671172e-02   2.8722237e-02   9.7955669e-02   4.3765394e-01   6.2483629e-02  -4.5596439e-01   9.9593200e-02  -2.7672825e-01   4.0495517e-01  -4.6171003e-01  -7.8373548e-02   3.1616718e-01   2.6596478e-02   2.9466554e-01  -2.0447091e-01   5.2454347e-01  -2.0482519e-01  -2.6544726e-03  -4.5592061e-01  -4.8639817e-01   5.6488662e-01  -3.8299333e-01   3.1825734e-01  -4.5221536e-01  -1.5615693e-01  -5.4182114e-01   3.5650610e-02   4.2134689e-01  -1.2811949e-01  -5.7441006e-01   2.0099233e-02  -4.1958341e-02   2.2459431e-01  -1.5971876e-01   2.2478933e-01   1.8300780e-01   4.7404222e-01   2.7330064e-01   8.8004883e-02   7.3280016e-02  -1.1085147e-01   1.1688235e-01  -2.4411635e-01  -4.1806686e-01  -2.9928721e-01  -3.8333314e-01   1.1556953e-01  -4.9032225e-01  -2.8128936e-01   3.4081124e-02  -3.9599679e-01   5.0345235e-01   2.2807169e-01  -2.2768832e-01   2.8101667e-01  -4.5093231e-01  -4.4603230e-01  -4.1323870e-01   1.7353444e-01   7.5678968e-01  -4.0950005e-01  -5.1797948e-01  -7.9404115e-02  -1.2215985e-01  -3.6936558e-01   3.2665389e-01  -2.6223705e-01   1.2580073e-01  -3.1636235e-01   1.9674567e-01   6.3918979e-01   3.4328554e-01  -2.0877898e-01  -4.3277350e-01   4.0967105e-01   5.6854557e-01  -3.7964850e-01   3.8974896e-02   3.9016024e-01   3.4956303e-02   4.4249005e-02   1.2316476e-03
  -8.3386245e-02  -2.9733011e-02   2.2635291e-01  -2.5471735e-01   3.8793498e-01  -1.5593964e-01  -1.4782249e-01  -1.1442205e-01  -9.4289741e-02  -1.8655615e-01   5.4111837e-02   1.5446809e-01   0.0000000e+00  -2.7582692e-01  -3.2315816e-01  -1.6950945e-01   2.9123819e-01  -3.0431312e-01  -1.0994016e-01   4.5067030e-01  -2.6378553e-01  -2.0926828e-01  -2.9051985e-01  -1.3749411e-01  -3.0711036e-01  -1.4110363e-01   2.9358562e-01  -2.4993360e-01  -2.3386512e-01  -1.2985124e-01  -2.9253601e-01  -4.1647769e-01  -1.2212175e-01  -2.0192410e-01  -1.2705932e-01   2.5331797e-01   1.6895047e-01   1.4018397e-01  -2.3470010e-02   2.9402045e-01   5.8814175e-01   1.1445806e-01   1.9454600e-01  -1.8889012e-02  -3.2155066e-02  -1.3894473e-02   1.6982176e-01  -2.5496886e-01   7.8385289e-02   4.0885633e-01  -3.3165598e-01  -4.8773793e-02  -9.3662827e-02  -2.0096996e-01  -5.8631002e-02  -1.7850819e-01  -3.5513301e-01  -2.6509318e-01  -2.4402447e-01   6.6110221e-02   2.1360970e-03   1.1269011e-01  -1.2307432e-02  -8.1716266e-02  -5.9936951e-02   1.1500588e-02  -7.2551421e-02   2.4167214e-01  -1.2075427e-02   4.9448904e-02  -1.9929406e-01  -2.7056193e-01   4.4786800e-02  -2.8973235e-01   1.8066531e-02  -3.2404832e-01  -1.3552929e-01  -6.3951962e-02   3.2822388e-01  -6.6105280e-02  -3.8474368e-01   1.5768266e-01   7.6450574e-02  -1.2315723e-01  -4.0253838e-01  -1.4340886e-01  -3.3782412e-01  -1.4135370e-01  -3.1324145e-02  -1.5751345e-01   2.5979697e-01  -8.1613581e-02   3.1312543e-01  -4.2716099e-02   1.3430054e-01   2.1756194e-02   7.8350837e-02  -1.8427055e-01  -3.5237431e-02  -3.3614940e-01  -3.1155634e-01   8.6628371e-02  -3.5684524e-01  -2.0095097e-01  -3.4915208e-01  -3.8573360e-01  -2.5431842e-01  -1.6293764e-01   2.4428542e-02  -1.1041209e-02  -8.6088512e-02  -2.8524833e-01  -2.4698635e-02   5.3686208e-02  -1.9783358e-01   3.4186851e-01  -7.3586791e-03   3.0113159e-01  -7.7218196e-02  -2.3402937e-01  -4.6644681e-02  -1.1530313e-02   4.9371906e-02  -2.3254509e-01   8.7374228e-02  -3.7238669e-01  -1.2029292e-01  -6.9788379e-03  -3.9223726e-01   1.9786438e-01   2.6765808e-01   1.0338735e-02  -2.4969309e-01  -3.1002177e-01  -1.3235538e-01  -1.8232184e-01   3.9230562e-02  -1.8017478e-01  -2.1166292e-01   2.0919480e-01   7.7224857e-03   3.9765955e-01  -2.4698815e-02  -8.6898933e-02  -1.3786808e-01  -4.1944143e-01  -2.0660053e-01   4.1221089e-01  -6.0036744e-02  -2.8623851e-01  -2.6835532e-01  -3.1912190e-01  -8.8691591e-02   8.4601560e-02   3.5998864e-01   1.1552934e-02  -8.2615626e-02   8.8477173e-02   5.0927844e-02  -2.7001587e-01   2.6119191e-01   8.9061014e-02   8.1349044e-02  -2.1710214e-01  -2.3657611e-01   2.7739570e-01   7.3489478e-02  -2.0130977e-02  -1.2073122e-01   5.3611549e-01   1.9824379e-01   1.7972573e-01   1.0454712e-01  -2.4842706e-02   5.1449773e-02  -8.8655741e-02  -2.2847200e-01
   4.9602113e-01  -2.5236682e-01  -3.8959661e-01   6.4608387e-02  -4.1762671e-01  -1.5386319e-01   8.5860214e-02   4.2035442e-03  -2.8668239e-01  -4.6515541e-02  -1.6643485e-02  -3.7476636e-01  -2.7582692e-01   0.0000000e+00   4.1619037e-01   1.8214479e-01  -3.5795077e-01   1.8879646e-01  -2.5023228e-01  -4.8504694e-01   2.9034371e-01   2.0457331e-01   1.6419304e-01   5.5271827e-01  -7.7174214e-02  -1.6371385e-01  -3.6020716e-01   3.4270615e-01  -1.3987659e-01   3.8147878e-01   4.4877116e-01   1.7310203e-01   2.1020352e-02  -1.3673243e-01  -2.1204370e-01  -4.3226078e-01  -1.6748350e-01   2.8761506e-02  -9.0470586e-03  -5.3027701e-01  -1.3733349e-01   8.1918495e-02  -5.0686651e-01   2.8959005e-01  -1.2564036e-01   1.8662732e-01  -1.5335235e-01   1.7271237e-01  -6.3915836e-02  -4.0746519e-01   1.5377759e-01   4.4797086e-02   1.5867090e-02   9.0359175e-02   1.9564249e-01   2.8092652e-01   1.8987651e-02   1.5654346e-01  -6.6706117e-03  -1.9169097e-01   1.9642299e-01  -4.3142168e-01  -3.1135602e-01   1.0196589e-01  -5.4326157e-02  -2.7092685e-01  -6.2794750e-02  -3.6308092e-01   1.7101578e-01  -1.8556520e-01   6.4665901e-02  -6.3777201e-02  -2.2984214e-01   3.2822387e-01  -1.3408125e-01   1.9369267e-01   2.8563589e-01   5.5166983e-02  -5.4956084e-01   1.0397929e-01   4.3102689e-01  -1.6668672e-01  -1.6989107e-01  -4.6547255e-02   5.5694739e-01   2.4761778e-01   2.9727343e-01   6.4096549e-01  -3.4624448e-01   3.1473207e-01  -3.5290019e-01   1.8124118e-01  -3.8896795e-01  -2.6796231e-01   2.7461595e-02  -1.8190463e-01  -8.0887132e-02  -1.3232255e-01  -2.7713327e-01  -6.1122944e-02   6.0574360e-01  -5.6328577e-02   5.5505685e-01   1.7037960e-01   3.1849585e-01   1.7144952e-01   2.4542517e-01  -8.9425283e-02  -2.6285158e-01   1.8038213e-01  -2.9581896e-01   5.0287143e-01  -7.9008467e-02   2.5843399e-01   4.1984874e-01  -4.2939855e-01   2.4100748e-01  -2.9673209e-01   5.5637987e-01   2.1090697e-01   2.9795972e-01  -2.3934678e-01  -2.5594970e-01  -6.0168002e-03   1.6001992e-01   5.3482139e-01  -1.9815103e-01  -4.1037269e-02   1.2465634e-01  -2.3214097e-01  -1.0547970e-01  -2.7027661e-01   3.7759720e-01  -3.7261626e-02  -1.0577205e-01   1.4909921e-01  -1.2148294e-01   4.7950468e-01   3.4846573e-01   7.0422710e-02   5.7031572e-01   5.7262370e-03   1.0646841e-01   3.5996540e-01   1.0738249e-01   4.7872135e-01  -6.6020306e-02  -3.1119445e-01   1.4652219e-01  -1.9879761e-02   5.2285020e-01   6.7270446e-01   2.8677611e-01   1.3748469e-01  -5.2346210e-01   3.1140482e-01   4.8255323e-01  -1.3753538e-01   1.6702171e-01   5.6458793e-01  -3.5733805e-01   2.3765316e-03  -2.0612051e-01   2.0716091e-01  -5.9537991e-02  -4.7092043e-01  -1.4610098e-01   6.0055228e-02   3.7401138e-01  -3.5488035e-01  -5.6637592e-01   1.3958420e-01   3.9830173e-02   3.0087262e-02  -2.4779815e-03   1.7435695e-01   2.7326872e-02
