   0.0000000e+00  -1.9015370e-01  -2.2980875e-03  -1.6222946e-01  -1.9077883e-01  -1.6988076e-01  -2.7787908e-01   2.6388393e-01   3.1334851e-03  -2.2168227e-01   5.9895720e-03  -4.1084641e-02   4.3562279e-02  -2.4048723e-02  -6.2975335e-02   8.0683084e-02  -1.0663685e-03  -3.0700443e-01  -1.3273158e-01  -1.0926153e-01  -3.2954055e-01  -8.7824352e-03  -1.4811238e-01   6.1317486e-01   2.1305373e-01   1.8919024e-01  -1.8947603e-01   1.7394829e-01  -5.5051496e-02  -2.5180018e-02  -2.3592632e-01  -3.2410011e-02   7.1356771e-02  -1.2701240e-01   2.9839615e-02  -3.1193595e-01  -3.1245082e-01   4.0415818e-01  -6.5596594e-02  -1.2559998e-01  -3.9210632e-02   2.9419751e-01   2.5053304e-01   1.0528773e-01  -1.1571294e-01   3.4381502e-01  -2.4782263e-01  -3.5007571e-01  -3.2590273e-02   1.0111430e-01  -1.5248640e-01   3.5943167e-01  -1.7223241e-01   3.2260367e-01   3.7500082e-01  -9.2211454e-02   8.8384892e-02   1.0887789e-01  -2.0289740e-01  -2.0228025e-02   2.5712162e-01  -3.8317445e-02   9.8692139e-02  -2.3266288e-01  -1.4771439e-01  -6.6833140e-02  -1.5370873e-01   9.6026253e-02  -1.7622213e-01   4.0989547e-01  -4.1212935e-01  -4.3329385e-02  -7.2042950e-02   3.4556454e-01   1.0786756e-01  -5.6247430e-02   3.4208996e-01  -5.0561212e-02  -1.4173381e-01   1.7385682e-01   1.2361014e-02   9.8112584e-02  -3.5710822e-01  -2.2237478e-02   1.3326473e-01   1.5279986e-01  -1.8657584e-01   4.3482359e-01   1.2732258e-01   7.5071265e-01  -6.7269530e-02   2.3435001e-01  -7.6930989e-02   1.6589714e-01   5.2108017e-01  -1.4821870e-02   1.7854054e-01  -6.6178166e-02  -1.9722699e-02  -2.1019614e-01   1.8378133e-02   5.9711260e-02   1.4058953e-01   1.3948257e-01  -2.0219729e-02  -1.1054433e-01   1.5101534e-01  -2.2221482e-02  -4.6021816e-02  -4.0750216e-01  -1.9084051e-01   1.6469571e-01  -9.7323888e-03   7.4777643e-01   1.1288147e-01  -1.4257251e-01  -5.3627963e-03  -1.1797085e-01   2.4175774e-01  -5.0550595e-03   4.8671265e-01  -3.5025761e-02   1.9575178e-02  -4.5416743e-02   3.6550105e-01   2.3407216e-01  -1.7825312e-01   1.6991131e-01  -1.1416444e-02   1.3037797e-01  -7.1085589e-03  -3.8746994e-01   1.6341303e-01  -1.5996563e-01   1.2473211e-01   2.1500687e-02   7.4566564e-02   1.2852376e-01   1.2320341e-01   4.6935277e-01   6.1783560e-01  -3.8263287e-02  -7.2808510e-02  -9.4012490e-02   1.0578365e-01  -1.0338874e-01  -1.1431900e-01  -3.3024769e-01  -2.1903405e-01  -3.1748979e-01   4.6946390e-01   6.8947086e-02   5.7449288e-01  -1.0192730e-01   9.3806442e-03   5.4155741e-01   5.5952485e-01  -6.1033708e-02   2.6494198e-01   6.2932734e-02  -7.0396217e-02  -5.5314418e-02  -3.7300987e-01  -9.3943869e-02  -3.6139560e-02  -7.3378523e-03  -7.5963195e-02   1.2792508e-03   6.8977382e-01  -3.5395305e-01   1.0691182e-01   3.7686298e-01  -2.4081641e-01  -9.8255754e-02  -2.9026026e-02   1.1784783e-01  -9.1067914e-02
  -1.9015370e-01   0.0000000e+00   6.6647865e-02   5.4195881e-02   3.4310286e-01   3.6136747e-02  -6.7750323e-02  -2.8221650e-02   9.9869713e-02  -1.8127658e-01   1.2100193e-01   4.7133915e-01  -1.3952881e-01  -2.0689659e-01  -2.0469778e-01   2.7715426e-02   1.4282680e-01   1.3946813e-01   1.2908777e-01   6.5505430e-02  -2.1772950e-01  -9.1214905e-02  -3.0529968e-01  -3.0975363e-01   8.2165351e-02  -6.9750071e-02   3.5882998e-01  -5.5330856e-01   9.5636731e-02  -6.2570872e-02  -1.6165554e-01  -7.6767097e-02  -7.2874273e-02  -2.4854888e-02   4.7253408e-01   1.3335430e-01  -2.1424084e-02  -1.0955927e-01   2.3687734e-01  -8.2989787e-02  -1.3773280e-01  -1.7550813e-01  -1.2350306e-01  -1.9778847e-01   2.8902125e-01   1.5924053e-01   1.3296846e-01  -2.0724901e-01  -2.2700303e-01  -3.9264376e-03   4.8689109e-02  -1.0002874e-02   2.2436022e-01  -4.1937912e-01  -1.7655275e-01  -2.5472167e-01   9.3982610e-02  -1.7082113e-01   3.0207229e-03   1.8653450e-01   6.9430021e-02  -1.9378346e-01   1.8967691e-01   1.8032318e-01   4.6541409e-01   4.3721380e-02   2.5220466e-01   1.9475275e-01  -3.0042512e-02  -1.4713735e-01   7.5262074e-02  -2.8023264e-02   9.7991589e-02  -1.3363421e-01  -1.0853833e-01   5.8982401e-02   1.1790795e-01  -1.6670301e-01   3.2951497e-01  -1.1327716e-01  -4.7814952e-01   1.3878598e-01  -2.3871874e-01   2.7168784e-02  -2.5423264e-01  -7.9192453e-02   4.1197686e-01  -5.4168307e-01   3.0402326e-01  -6.2088891e-02   1.7921810e-01   8.9048212e-02  -5.4087084e-02   1.1487366e-01   2.4254479e-02  -1.6891368e-02  -2.9697164e-02   1.5003811e-01  -6.9637775e-04   7.2982970e-02  -3.6931325e-01   2.6605847e-01  -2.3123991e-01   3.8751874e-01   1.2692938e-01  -6.1478679e-02  -2.3632208e-01   9.1026303e-02  -4.4027623e-01   1.4031102e-01  -2.2227153e-01  -1.4378861e-01   9.6190879e-02  -8.5237129e-02  -5.2467035e-01   2.0754207e-01  -1.6353707e-01   5.1446750e-02  -2.9198668e-01  -9.4410744e-02   5.1633275e-02   2.9311973e-01   4.3402395e-01   4.9029298e-01   9.1098223e-02  -7.9663697e-02   3.0197792e-01  -1.2665741e-01  -1.8153181e-01  -1.3762000e-01   2.9788496e-02   2.9780513e-01   3.5827527e-01  -1.1352930e-01  -2.2581378e-01  -1.0311098e-02  -1.3958512e-01  -4.6495212e-01   7.0527822e-02  -2.2737959e-01  -4.5997987e-01  -7.1322582e-02   1.0501490e-01  -2.6780538e-01   1.2764293e-02   2.5701010e-02  -2.0108688e-01   4.5550339e-01   1.5583437e-01  -1.1234395e-01  -3.7202342e-01  -2.0912982e-01  -2.0599222e-01   1.9217876e-01   5.3972694e-02  -1.6122680e-01   2.0250524e-02  -7.4708543e-02  -5.6730158e-02  -3.4801205e-01   3.5490761e-01   1.1094548e-01  -6.5794718e-02   1.7599849e-01  -2.1459736e-01   4.6454933e-01   2.6248566e-01  -3.6322725e-02  -1.3714592e-01  -3.2455071e-02   3.1675314e-01  -5.4493080e-02   2.4163522e-01   1.8110822e-01   1.4380095e-01  -2.3982197e-01  -1.2593063e-01
  -2.2980875e-03   6.6647865e-02   0.0000000e+00  -1.0993406e-01   2.5253706e-01   3.5650381e-01  -4.3396971e-02  -4.9746977e-02   1.3027239e-01   9.4497433e-02  -3.5472455e-01   4.3875227e-01   2.7932624e-01  -2.8822299e-01  -1.8815866e-01   2.0083255e-01   8.6539073e-01  -6.5351912e-02   1.3903684e-01   4.3664858e-01  -3.3527576e-01   2.2889788e-02  -5.3508310e-02  -2.5389504e-01   1.5409695e-01   8.6779170e-02   5.3693143e-01  -2.5047907e-02   3.0724614e-02  -1.3511214e-01  -4.5946226e-01   1.2426264e-01   1.3193582e-01  -3.1259344e-02   2.0970918e-02   2.4169751e-01   1.6628647e-01  -2.8760725e-02   6.9219921e-02   5.1718458e-01  -5.0273521e-02   2.1364572e-01   2.0772042e-01  -1.3154052e-01  -1.4609103e-02   5.2958589e-01   3.0128843e-01  -3.8258710e-01  -4.4359536e-02   7.0094833e-01   7.6073266e-02   6.7805647e-02  -3.0039242e-01   2.6149259e-01  -1.3365372e-01   6.5169618e-02   3.4897020e-02   1.2801765e-01  -1.2011405e-01  -1.5200990e-01   3.7464409e-01   2.0932225e-01   1.4724213e-01  -5.3382916e-01  -4.2063968e-01   7.9643062e-02   3.1531391e-01   8.4186048e-02   6.4436234e-02   6.8874879e-01  -1.1901545e-01   1.4152686e-01  -3.4475372e-01  -5.8402024e-02  -1.8405561e-01  -4.3566835e-02   3.0036045e-01  -1.3975198e-01  -1.6409610e-01   4.5358812e-02   8.6026240e-03  -1.8493804e-01  -2.1516054e-01   1.3561770e-01   3.1455499e-02  -6.8036875e-02  -2.5054241e-01  -1.7027049e-01   1.4423628e-01  -4.0843799e-02   5.0828028e-02   3.5720423e-01   4.2476873e-01   5.5817621e-02  -3.4967008e-02   2.3025993e-01  -5.4560401e-02   9.0476582e-02   9.8665992e-02  -2.0767959e-01  -1.9624263e-01  -1.8374929e-01  -1.8061931e-01  -8.2983505e-02   1.1496968e-01   1.2435432e-01   1.9127145e-01   1.3341071e-01  -1.1711712e-01   1.7575310e-02   4.8335344e-02  -3.7080248e-03   1.1278049e-01  -3.3576063e-02   1.4124103e-01  -1.5933311e-01  -7.9131457e-02  -3.6990820e-02  -6.7310074e-02  -4.0779738e-02  -1.3610353e-01   1.2621123e-01  -1.7143222e-02  -2.4201015e-01  -8.8499462e-02  -4.2853451e-01  -4.6482171e-02  -1.0123871e-01   6.5255963e-02   5.4478155e-01   5.8245389e-02  -4.0425615e-01   3.7273038e-02  -4.3144584e-01   1.7437309e-01  -1.3259512e-01   2.9310554e-02  -1.5485599e-01  -6.5899069e-02   8.9510424e-02  -7.0681821e-02   4.1628293e-01   4.1462440e-04   1.2571982e-01  -3.1170910e-01  -3.4135357e-01   2.4930426e-01   7.4733665e-02   4.0097927e-01  -5.9619053e-01  -7.9003949e-02  -2.6793491e-02  -6.1623468e-02  -5.9407743e-02   4.9614847e-01  -8.3544858e-02  -1.2090806e-01  -1.8239728e-01   3.0537372e-01  -1.6972160e-01   3.1652058e-02  -3.6464949e-02  -1.4377439e-01  -9.0182764e-02   2.2427171e-01   4.2375534e-03   2.0055801e-01   6.7209792e-02  -6.5286783e-02  -1.4128207e-01   1.4260758e-01  -1.3177012e-01  -1.2637616e-01   2.1243833e-01  -1.5167342e-01   3.0815528e-01   1.3286982e-01
  -1.6222946e-01   5.4195881e-02  -1.0993406e-01   0.0000000e+00  -2.5573861e-01   2.2319153e-01   5.2183602e-02   3.0795697e-01   6.3267974e-02  -3.7667348e-01   1.8493754e-01  -8.2584705e-02   2.3188918e-01   1.7076589e-01  -4.6235046e-02   4.1039707e-01  -3.0425606e-01   6.2906476e-01   1.4054115e-01  -2.0052613e-01   2.5901321e-01   4.1748030e-01   1.7110141e-01  -2.1174685e-01   1.0642975e-01   8.8072328e-02   1.7431734e-01  -1.5024044e-01   1.6629407e-01   5.3849535e-01   1.6510450e-02   7.1961914e-01  -2.5942212e-02  -2.1172823e-01  -1.4524618e-01   2.4645791e-02  -1.2689611e-01   1.7010035e-02   4.0068835e-01  -4.1597406e-01   3.0129656e-01  -8.9217915e-02  -3.3867560e-01  -6.6061375e-02   3.6928756e-01  -1.1675584e-01   5.4119022e-01   1.4272828e-01  -1.3394955e-01  -3.3177202e-01   7.2483944e-01   1.3012019e-01  -3.5058112e-01  -1.6767187e-01   1.9468749e-01  -4.9258104e-02   2.4515694e-01   5.3445495e-01   6.6743997e-01   3.3470430e-01  -2.2018900e-01  -7.2685898e-03   1.4781616e-01  -7.9995673e-02   5.0245019e-02   1.0160140e-01   3.6400173e-01  -8.9963721e-02   6.3105536e-01  -1.7358838e-01  -2.3500124e-01   4.7803573e-01   2.6916180e-01  -8.7511316e-02   1.0081421e-01   6.2309806e-01  -2.0791939e-01   1.2780551e-01  -3.9363448e-01   2.3477879e-01  -2.3709823e-02   3.1972473e-01  -3.6782049e-02  -1.0091303e-02  -5.1009302e-01   5.7287323e-01  -1.8680595e-01  -9.9046545e-02  -1.3858546e-02  -9.7481369e-02  -3.6459055e-01  -1.4178269e-01  -2.9165813e-01   1.0367678e-01   7.1891769e-03  -4.8071303e-01   3.5501099e-01   6.8550532e-02   6.2165037e-02   2.5445617e-01  -1.1405078e-01  -1.4193643e-01   4.0059279e-01   2.4277485e-01   6.6570202e-01   6.0395810e-01  -9.2892814e-02   3.1038617e-01  -3.6256476e-01   4.0927489e-01  -2.6898964e-01   5.6134559e-01   5.5987316e-01  -1.8055778e-01  -2.2319326e-01  -3.5600821e-01   1.1445513e-01   1.7617127e-02   5.7963984e-02   6.9995658e-01  -3.4722682e-02  -3.5555510e-01  -2.5681099e-03   2.3581136e-01  -2.0495193e-02  -2.4454560e-02   5.1089623e-01   2.6266210e-02   5.8465914e-01  -3.3398475e-01   9.7246031e-02   7.4844497e-02  -3.3266236e-01   4.0933035e-02  -6.8323174e-03   5.4408524e-01   6.2473518e-02   2.3043256e-02   4.5603886e-01  -1.8015507e-01  -1.4575220e-01  -4.2501478e-01   4.7438597e-01   3.2440022e-02   2.1607611e-01   4.9890778e-01  -3.0072333e-01   1.0221581e-01   2.8077846e-01  -1.3286792e-02  -2.6112045e-01   1.0338656e-02  -1.7407157e-01  -1.4583972e-01  -5.7453451e-01   3.7466643e-03  -1.7527604e-01   5.2194998e-01  -1.6737500e-01   4.3653193e-02   3.8832872e-01   4.3675591e-01  -2.7246099e-01   6.6954840e-01   3.9185930e-01  -2.0680828e-01   7.5296093e-03   2.6384597e-01  -2.1387835e-01  -2.5556493e-01  -2.4615838e-01  -1.4845513e-01   5.7336506e-01   1.7521510e-01   1.6358850e-01  -8.4333506e-02   3.5173822e-01
  -1.9077883e-01   3.4310286e-01   2.5253706e-01  -2.5573861e-01   0.0000000e+00  -2.0776818e-01  -1.5713796e-01  -2.1900658e-01   1.6204454e-01   2.5376457e-01   7.5985458e-02   3.5803113e-01   1.6797415e-01  -4.1790057e-01  -2.7824657e-01  -2.1317009e-01   4.8067031e-01  -6.2591550e-02  -1.4770912e-02   8.3900442e-01  -2.0633544e-01  -2.4706994e-01  -2.3966344e-01  -8.4747712e-02   7.1538216e-02   1.7511449e-01   5.2561278e-01  -2.4746722e-01  -1.7288817e-01  -4.4424980e-01  -1.8455123e-01  -2.1267933e-01  -1.9398290e-01   4.1175861e-02   1.5310348e-01   6.7107153e-01   2.9434484e-01  -9.0388029e-02  -1.1409690e-01   2.8951916e-01   1.3936947e-02  -1.5433048e-01   6.1893788e-02  -1.6192122e-01   1.7673996e-01   9.2310339e-02  -8.9853159e-02  -3.0735122e-01   1.8894638e-02   3.0611158e-01  -2.2976829e-01  -1.7512019e-01   3.6008815e-01  -1.6955766e-01  -2.9419052e-01  -1.0549918e-01  -2.3840420e-01  -2.5004645e-01  -2.0104210e-01  -2.1997592e-01   3.5658954e-02   1.7753107e-01  -1.6864398e-01   1.5929373e-01   2.5466829e-01   1.3395054e-01  -1.0007842e-01   1.9276705e-01  -2.9355651e-01  -1.3314096e-01   1.5195198e-01  -4.3612934e-02  -5.4394690e-02  -2.8980185e-01  -6.1317863e-02  -2.7780718e-01   1.4292970e-01   1.7854363e-01   6.5887925e-01  -5.6894587e-02  -2.1807933e-01  -1.9054335e-01  -2.7172895e-01   3.2300355e-01   8.2022401e-02  -4.2447977e-01   2.4915023e-01  -3.2971995e-01   2.3823549e-01   8.4630472e-03   7.1250644e-01  -2.8719757e-02   2.7358324e-01   1.0606556e-01  -1.4821804e-01   7.5311942e-01  -2.8089853e-01   1.1828404e-01   4.3808376e-01  -9.4104707e-02  -2.3508057e-01   1.9298247e-01  -4.2964786e-01   1.3687452e-02  -1.8542360e-01  -2.6321783e-02  -8.1084662e-02   4.6481293e-02  -1.8260255e-01  -2.1191875e-01  -1.6917757e-01  -3.3519898e-01  -4.4790907e-03  -3.8677546e-02  -4.0249500e-01   5.2659580e-01   7.2451948e-03   7.0647917e-02  -5.6983001e-01  -2.7093689e-01  -1.2508161e-01   7.3019055e-01   1.6441390e-01   2.4198476e-01   7.0471711e-02  -2.7888587e-01  -2.0136349e-02  -9.5400204e-02  -2.8259864e-01  -1.1969629e-01   9.1746663e-02   1.3416524e-01   3.4196347e-01  -2.4658471e-01   3.2429985e-02  -4.7486605e-01   4.6349267e-03  -4.5886818e-01  -3.7379174e-01   1.5734996e-01  -9.0715801e-02   4.5557367e-01  -2.0637298e-01  -5.7551845e-01  -3.4789334e-01  -1.9606163e-01  -5.8923621e-02   5.7985120e-01   2.1197303e-01  -1.4127227e-01  -3.4200983e-01  -3.2161452e-02  -8.1718693e-02   4.0050405e-01   3.4845216e-01  -1.0579671e-01   2.7625608e-02  -2.9293072e-01  -3.6424679e-02  -1.6985971e-01   4.6201678e-03  -1.6334770e-01   2.1343514e-01  -1.0065666e-01   3.0305660e-02   6.0477835e-01   1.6801315e-01  -1.0628984e-01  -1.0352808e-01   1.5268975e-01   6.4774968e-01  -9.6340471e-02   4.6538454e-02  -4.1371676e-01  -1.3180734e-01   8.9874681e-02   3.5980714e-02
  -1.6988076e-01   3.6136747e-02   3.5650381e-01   2.2319153e-01  -2.0776818e-01   0.0000000e+00   4.3306349e-01   7.0459141e-02  -1.1935142e-01  -1.4331500e-03  -2.3788739e-01   2.4532467e-01  -8.7804768e-02   1.9980080e-02   1.4234062e-01   1.5992171e-01   6.3245625e-02   2.8681428e-01   1.8606849e-01   5.4479390e-02  -4.6628527e-02  -7.2235954e-02   3.2755430e-01  -3.4023105e-01   1.6541152e-01  -6.1380722e-03   3.1294578e-01  -4.9601977e-02   1.3518393e-01   1.8190812e-01  -3.3954164e-01   3.2669065e-01   5.2799855e-02  -3.6609648e-02  -5.6245953e-02   3.6449745e-02   2.6375234e-01  -1.9195997e-01   2.5732448e-02   3.2882241e-02  -2.1432690e-01   1.4115197e-01  -1.3115103e-01  -1.8251186e-01  -5.3125680e-02   2.4877808e-01   6.4656148e-01  -1.3172090e-02  -1.4425021e-01  -4.9562203e-02   3.1195766e-01   1.1907354e-01  -5.2267401e-01   2.2776332e-01  -9.9273213e-02   2.5428414e-01   5.9101296e-01   2.0879963e-01   4.7185913e-02   2.3667273e-01   2.2360027e-01   8.0324038e-03   1.4106188e-01  -5.6204455e-01  -4.5969128e-01   2.1819459e-01   8.3634679e-01  -3.0031317e-01   4.8015367e-01   3.3620658e-01  -3.2989453e-01   3.9072018e-01  -2.3818919e-01   1.5487272e-01  -1.3117759e-01   1.7219930e-01   3.3385176e-02  -9.0126228e-03  -4.7597437e-01  -5.6644583e-02   1.3542305e-01   4.7845001e-02   1.3440416e-01   2.4817110e-03  -2.2666853e-01   2.4692853e-01  -4.3323386e-01  -9.0328331e-02  -2.3994775e-01  -3.1226728e-01  -3.8878192e-01   1.5288037e-01   2.9666255e-01  -3.4299907e-02  -3.6790519e-02  -2.5530590e-01   1.0450320e-01   2.5380670e-01  -1.9641549e-01   2.5052481e-01  -2.5404478e-01  -7.6194415e-02  -1.3799722e-01  -2.1905235e-01   4.6272194e-01   1.4715109e-01   9.3384341e-02   3.8391570e-01  -3.0594366e-01   5.1448573e-01   2.1956437e-01   1.8759833e-01   2.3588483e-01  -8.1236960e-02   9.5603332e-02  -5.1311341e-01  -1.8812165e-01  -2.7889654e-01   1.7749170e-01   2.7892312e-01  -4.1666510e-02  -1.7666404e-01  -1.2017651e-02  -2.8220014e-01  -1.5045733e-01  -5.0808289e-02   2.1301396e-01  -1.1839173e-01   1.1205262e-01   1.2606781e-01  -2.1833868e-01  -9.7129531e-02  -5.4803940e-01  -3.6801274e-01   1.4158470e-02   4.9436260e-02  -4.8924424e-02  -2.1426560e-02   9.1254259e-02  -2.2938059e-01  -1.4775716e-01  -1.4464687e-01   3.5745946e-01   4.5898733e-01   8.4521621e-02  -2.3863212e-01   6.5951422e-02   3.2214714e-02   6.4279894e-01  -3.6162465e-01  -9.0191801e-02  -1.9447174e-01  -1.2268881e-01  -1.7034851e-01  -8.6893048e-02  -2.2244474e-01  -7.0825974e-02  -6.8882966e-02   2.1129203e-01  -1.4415681e-01   3.0397050e-01   2.1066581e-01  -2.2408385e-01   1.8721438e-01   1.9542890e-01  -3.4502930e-01   3.7577972e-01   3.3291718e-01  -9.6230869e-02  -2.8647205e-02  -1.5959684e-01  -2.4226774e-01   1.5299032e-01   6.4456517e-01   1.8483810e-01   2.6435647e-01   1.5231937e-01
  -2.7787908e-01  -6.7750323e-02  -4.3396971e-02   5.2183602e-02  -1.5713796e-01   4.3306349e-01   0.0000000e+00  -3.0589197e-01  -2.5527472e-01   2.9170640e-01  -1.3814119e-01   1.5507764e-01  -1.6680760e-01   1.6775293e-01   5.4620084e-01   1.0494918e-01  -2.5058447e-01   2.3687370e-01  -2.4982079e-02   5.0543948e-02   2.5251846e-01  -7.3489732e-02   6.6551927e-01  -2.2623606e-01  -2.4593222e-01  -2.3411857e-01  -3.3521374e-02   3.5458505e-01  -1.5283503e-01   3.8355381e-02   1.9118323e-01  -9.4080293e-02  -1.6577443e-01   4.9311810e-01   3.6955988e-02   1.6945820e-01   2.0876766e-01  -2.5325154e-01  -1.8788220e-01   7.2715711e-02  -1.6570819e-01  -1.3975914e-02  -5.1933779e-02  -3.5437411e-03  -6.4770487e-02  -2.3220126e-01   1.8267047e-01   5.2075972e-01  -1.8424833e-01  -2.5313297e-01   1.4328824e-01  -3.5252197e-01  -2.2745947e-02   1.4024115e-02  -2.0907605e-01   4.8564153e-01  -8.4260812e-02  -2.1631665e-01  -2.8575544e-02  -2.7289161e-02  -1.6557726e-01   1.3114435e-02  -1.6870381e-01  -1.7699690e-02  -2.1724478e-01   2.9141772e-01   2.8227557e-01  -2.7707768e-01  -2.7037744e-02  -4.4855689e-03   2.2812990e-01   1.5246198e-01  -2.1318714e-01  -4.8724084e-02  -2.7420319e-01  -8.2435292e-02  -2.4948998e-01  -1.0678433e-02  -2.1795805e-01  -2.4291774e-01   5.8806407e-01   3.6725714e-02   4.5038624e-01  -5.8321900e-02  -8.2720121e-02  -7.9978483e-02  -1.5498830e-01   1.2211028e-01  -3.7241978e-01  -4.7118924e-01  -2.3892075e-01  -1.2221019e-01   3.5324890e-01  -1.6193608e-01  -1.9096495e-01  -1.6910157e-01  -9.2168904e-02  -2.8092978e-01  -1.8035414e-01   5.6305730e-01   6.4210094e-03   2.3492591e-01   4.0993035e-02  -3.9731501e-01   1.0264145e-01  -1.3627845e-01  -4.7331786e-02  -2.4248037e-01   7.3737379e-02   4.3820607e-01   5.2824427e-01  -6.1542102e-02  -1.0101396e-01  -2.3472567e-01   3.4463931e-01  -2.9877427e-01   2.2660472e-03  -1.4984379e-01   1.4238328e-01   1.6947984e-01  -1.6998928e-01  -1.5443476e-01  -2.1743274e-01  -3.1749203e-01  -3.3919043e-01   8.9976737e-02   1.5905588e-01  -2.6607012e-01  -8.9425976e-02  -5.4946424e-02  -2.7318313e-01   2.8334166e-01  -4.5501600e-01   1.5371571e-01  -4.4957238e-02  -2.0990265e-01  -2.1372232e-01   3.0860930e-01  -2.6235488e-01  -1.8838790e-01  -1.1272355e-01  -9.7557510e-02  -3.1022366e-02   4.2191189e-01   3.0980137e-01   3.4941216e-02   5.0291260e-01   1.4984068e-02   2.9442389e-01   2.2534845e-01   1.1432367e-02   1.6893619e-01  -2.7940390e-01  -2.6940150e-02  -1.1777553e-01  -3.3654120e-01  -1.3612513e-01  -1.6102942e-01  -1.0345761e-01   4.0404864e-01   8.2848522e-02  -2.0194983e-01   2.9654043e-01   1.0828732e-01  -1.6026378e-01  -3.2001364e-01   3.0788412e-01  -1.0273976e-02  -3.0368630e-01   2.3460284e-01  -1.8384756e-01  -1.8336955e-01   6.6558613e-02   2.0869790e-01   6.2059155e-02  -9.8022010e-02  -7.6400218e-02
   2.6388393e-01  -2.8221650e-02  -4.9746977e-02   3.0795697e-01  -2.1900658e-01   7.0459141e-02  -3.0589197e-01   0.0000000e+00   3.4012754e-01  -2.8807421e-01   3.6698581e-01  -1.1109222e-02   1.8937418e-01  -3.1066946e-01  -5.1462337e-02   1.2888773e-01  -1.8164939e-01   7.8129736e-02   7.8296145e-02  -2.2119010e-01  -2.3120756e-01   4.5330131e-01  -7.7681652e-02   6.9045227e-02  -4.3061740e-02   1.5828480e-01   1.5779395e-01  -1.4328444e-01   1.3090740e-01   3.7384368e-01  -2.7493755e-01   3.6543389e-01  -4.7496233e-02  -3.1392550e-01   6.1472622e-02  -1.8032533e-01  -4.7163577e-04   2.0271794e-03   1.2565226e-01  -1.9010906e-01   9.8708860e-02   1.1722597e-02  -1.5304103e-01   3.2097087e-02   2.4704547e-01   1.7515688e-01   3.1196227e-01  -3.7634766e-01  -1.5931713e-01  -2.3475025e-01   3.1071171e-01   7.7968078e-01  -3.5978175e-01  -1.2890339e-01  -8.5136654e-03  -9.6526798e-02   2.7425478e-01   4.8175677e-01   2.4689816e-01   5.3875830e-01   6.5127390e-03  -8.1657219e-02   1.4440121e-01  -1.4723911e-01  -1.1611054e-01   1.2429213e-01   1.8810111e-01  -6.4604318e-02   4.8429426e-01   6.9152821e-02  -4.5673314e-01   4.6257094e-01   1.8663267e-01   8.1535279e-02   2.4463829e-02   4.7703175e-01   2.6469353e-02   2.3082513e-01  -3.4002271e-01   2.1284426e-01   2.6509364e-03   3.2905192e-01  -3.8087912e-01   1.2705417e-01  -5.1501574e-01   6.4515294e-01  -2.3531412e-01  -1.3837263e-02  -1.0300914e-01   2.1026735e-01  -3.5401482e-01  -1.1480043e-01  -2.6510879e-01   2.3108885e-01   1.5836564e-01  -3.5586169e-01   2.5306054e-01   1.4271747e-01  -3.2134003e-02  -6.3078380e-02  -1.7448094e-01   9.3150930e-02   4.0889202e-01   3.7975368e-01   5.0254088e-01   9.6654350e-02  -3.2640057e-01   3.3622697e-01  -1.8373403e-01  -5.5595879e-03  -3.0928234e-01   6.1598006e-01   3.8717282e-01   1.1191560e-01  -2.2241946e-01  -2.8149024e-01  -1.1205170e-02   2.2027207e-01  -5.5943862e-02   4.0148151e-01   3.5355589e-01  -2.4275145e-01  -1.3747847e-02   7.1916627e-02   1.9711115e-01   2.9582522e-01   1.5284485e-01   1.2844104e-01   4.4565573e-01  -2.3415279e-01  -6.1320990e-02  -1.4898758e-01   8.7216440e-02  -1.7035337e-01  -5.6302594e-02   6.2830743e-01   2.0768756e-02  -1.2354631e-01   7.6435004e-01  -9.4659923e-02  -5.2286294e-02  -3.7822166e-01   5.6649575e-01  -2.0208540e-01   1.8815526e-01   7.1019998e-02  -3.9108442e-01   1.1542131e-01   2.6940943e-01  -3.5968033e-01  -1.4725432e-01   9.6362101e-02   5.3331295e-02  -3.7818051e-02  -2.7971139e-01   9.7377592e-02   1.6267773e-01   4.3376751e-01  -8.4051042e-02   1.4307144e-01   2.0059672e-01   6.3448004e-01  -3.4465951e-01   3.9176433e-01   1.7812883e-01   1.4105168e-02   9.4551277e-02   3.6385687e-02   1.5435263e-01  -4.5092265e-01  -1.2285317e-01  -1.2799082e-01   4.1092068e-01  -1.2979400e-01   2.1887524e-02   6.7958022e-02   2.5085056e-01
   3.1334851e-03   9.9869713e-02   1.3027239e-01   6.3267974e-02   1.6204454e-01  -1.1935142e-01  -2.5527472e-01   3.4012754e-01   0.0000000e+00  -1.0135595e-01   4.7678702e-02   1.0682499e-01   2.3947129e-01  -3.6457674e-01  -2.9942115e-01   1.0743752e-01   1.8055172e-01  -2.1005288e-01   9.9297070e-02   5.8237157e-02  -2.3125698e-01   2.7438114e-01  -1.4470344e-01  -9.3036082e-02  -7.8785917e-03   3.5114772e-01   2.3343372e-01  -6.4286693e-02   1.7147040e-01  -3.4464542e-03  -3.6608908e-01   9.2489420e-02   2.9558277e-02  -1.3234077e-01   4.2580154e-01   9.4253105e-02   1.0895845e-01   8.2769282e-02   4.8948210e-02   2.7702378e-01   9.6063294e-02   1.5136012e-01   3.1293442e-01  -4.6236836e-03  -2.8129645e-02  -1.7365051e-02  -5.6051923e-02  -3.6719370e-01   3.9043355e-02   1.5352794e-01  -4.8398292e-02   3.6176006e-01   4.1314777e-02  -1.7986677e-02   2.1997046e-02  -2.9309784e-02  -6.0669352e-02   3.7829304e-01   4.3053710e-02   3.3128374e-01  -9.5850351e-02   2.2438134e-02   2.8547693e-01   5.2325378e-02   1.2241861e-01  -1.2038478e-02  -9.6367481e-02   2.6144841e-02   4.0978866e-02  -1.1236964e-02  -4.6965840e-02   1.2980534e-01  -1.1802699e-01  -1.4292589e-01   1.3650589e-01   2.6620597e-01  -7.9639287e-02   2.5994500e-01   4.3032209e-02   8.0798556e-02  -1.2697172e-01  -6.7335412e-02  -2.8633400e-01   5.0297883e-01  -3.3096918e-02   1.1477557e-01   3.5705823e-01  -1.7200084e-01   1.9907477e-01   8.0207073e-02   1.2316768e-01  -1.9230863e-01   7.4414508e-02   7.0857578e-01  -6.5797346e-02   1.1716633e-01   6.8662819e-02   2.2924352e-01  -7.7684481e-02  -2.0811996e-01  -9.7293142e-02  -1.8991560e-02  -9.0208754e-02   5.7481001e-01   1.7459301e-01   1.8399873e-01  -7.2795091e-02   1.8465877e-01  -4.9339399e-02  -1.4741521e-01  -1.9348669e-02   3.3418792e-02   3.1381803e-01  -3.3004467e-02  -1.2562779e-01   2.1743790e-01   1.9488905e-01   5.4379338e-02  -3.7676721e-01  -8.4840205e-03  -1.8167685e-02   8.8465682e-02   2.4260000e-01   1.7012332e-01   1.1244706e-01  -5.6317387e-02  -1.4875388e-01   2.7501337e-01   3.2413908e-01  -1.0951544e-01  -1.3828678e-01  -3.2040539e-01   4.2857328e-01  -3.6676583e-02   4.4603098e-01   2.1172668e-01   6.3876153e-02  -2.8093099e-01   2.3736775e-01   9.0458282e-02  -1.0970505e-01  -3.7407062e-02   7.7467176e-02  -2.6529382e-01  -1.8590264e-01  -2.5647311e-01   3.7292233e-02   1.9035085e-01   8.3985005e-02  -3.1057933e-01  -1.7153973e-01   8.7036676e-02  -1.3233695e-01   1.8554940e-01   1.6766062e-01   7.0419775e-02  -1.0736423e-01   1.0110565e-01  -1.8242766e-01   9.3588905e-02   1.3887923e-01   2.1512555e-01  -7.3572848e-02   2.9270823e-02   3.8639097e-01   2.1023310e-01  -4.9168119e-02   3.9994820e-02  -1.9689625e-01  -9.4073838e-02   8.1190948e-02  -1.4593702e-01   1.3527691e-02  -1.6624498e-01   8.4846428e-02   7.4467968e-02   5.4062487e-01
  -2.2168227e-01  -1.8127658e-01   9.4497433e-02  -3.7667348e-01   2.5376457e-01  -1.4331500e-03   2.9170640e-01  -2.8807421e-01  -1.0135595e-01   0.0000000e+00   1.0593187e-01   1.8601552e-01  -6.6877071e-02  -2.1069960e-01   3.4270615e-01  -3.8167274e-03   8.3582519e-02  -9.9613778e-02  -1.3909664e-01   4.0086934e-01   6.1885139e-04  -3.0096881e-01   3.0554977e-01  -9.7280329e-02  -5.8349289e-02   5.5516013e-02  -7.0417100e-03   2.1134277e-01  -2.6518957e-01  -3.8180441e-01   1.2757954e-01  -3.4419467e-01   4.6823263e-02   6.3728519e-01   3.5711261e-02   3.6369811e-01   2.8675696e-01  -7.8948739e-02  -2.4591281e-01   2.6979598e-01  -2.5336110e-03   7.2708236e-03   1.0975231e-01   2.8874931e-02  -1.3294388e-01  -2.8205485e-01  -1.2156051e-01   1.4337294e-01  -7.7231004e-02   7.3628387e-02  -3.0850380e-01  -1.4663980e-01   2.9032248e-01   7.9028982e-03  -3.3842245e-01   3.6095936e-01  -3.1883319e-01  -2.8514961e-01  -2.3367934e-01  -3.2851668e-01  -1.1959957e-01   1.1872857e-01  -4.2644780e-01   1.4750936e-01  -1.1309110e-01   4.8080277e-01  -1.9029576e-01  -8.8375851e-02  -3.2235863e-01  -9.4025967e-02   3.1460170e-01  -1.6540026e-01   3.8953077e-02  -8.9405931e-02  -9.8866428e-02  -3.1036909e-01  -1.4927301e-01   3.4529693e-02   2.8134586e-01  -9.1425020e-02   2.3134464e-01  -1.4152157e-01   2.7160290e-01   2.4209502e-01   1.8866343e-01  -3.4883863e-01   6.6756614e-02  -5.1983185e-03  -7.3971399e-02  -2.7540016e-01   1.6232217e-01  -1.2505572e-01   5.6978794e-01  -1.7273537e-01  -3.0524175e-01   3.5141588e-01  -3.4833660e-01  -1.8582875e-01  -1.2278707e-02   2.9340933e-01   1.8508041e-02   3.2987855e-01  -3.3285795e-01  -4.4884954e-01  -3.3434179e-01  -2.5708703e-01   2.2546090e-02  -1.8832074e-01   3.6085309e-01  -1.1264553e-02   5.7097441e-01  -4.3113655e-01  -2.8483191e-01  -2.6137957e-01   1.8609194e-01   2.1760303e-01   1.8603532e-01   1.9055334e-01  -2.2570521e-01  -2.3386146e-01  -2.7840606e-01   2.0693937e-01  -1.2707946e-01  -3.3839748e-01  -3.0419384e-01  -2.4870098e-02  -1.9937456e-01  -1.8847299e-01  -3.1350587e-01  -3.8931978e-02   1.7925806e-02   2.1884936e-01  -5.3078761e-02   5.8967578e-02   1.0458479e-01  -4.1899282e-01   5.9561058e-02  -3.4868115e-02  -4.4087661e-01   1.7999190e-02  -4.5594051e-02   3.0553678e-01  -2.4141443e-01   7.6186349e-02  -9.6672403e-02  -2.5025573e-01   4.7809973e-01   1.7484293e-01   2.2968147e-01   1.3848475e-01  -4.0153260e-02   1.0670212e-01  -1.1671666e-01   2.1892969e-01   2.9808504e-01  -2.0994779e-01  -2.5514449e-01  -2.2399581e-01  -8.2233055e-02   1.1141400e-01  -2.0839608e-01  -2.3078533e-01   6.3657998e-01  -2.9300733e-01  -1.5992536e-01   1.2730532e-01   2.1168763e-01  -2.2727480e-01  -1.4176370e-01   3.3588779e-01   2.4216164e-01  -2.0840512e-01  -2.2778460e-01  -1.8050007e-01  -6.1131709e-02   8.2571208e-02  -5.0264478e-02
   5.9895720e-03   1.2100193e-01  -3.5472455e-01   1.8493754e-01   7.5985458e-02  -2.3788739e-01  -1.3814119e-01   3.6698581e-01   4.7678702e-02   1.0593187e-01   0.0000000e+00  -1.9744764e-02  -8.3734291e-03  -3.4814423e-01   1.8253263e-01   2.4387879e-01  -4.1651555e-01   3.5574554e-01  -2.7565911e-02  -8.5408191e-02  -1.1157618e-01   1.1265888e-01   3.8253154e-02   1.4308143e-01  -1.2207751e-01   5.0196705e-02  -4.0056421e-02  -1.2485670e-01  -1.0811398e-01   7.2629593e-02   1.0580226e-01   6.9889927e-02  -3.4205044e-02   1.0881893e-01   1.1268875e-01   2.3185595e-01  -5.7030883e-02  -1.5636035e-01   1.4611426e-01  -4.1089156e-01   2.9608826e-01  -5.5650888e-02  -3.4376082e-01   1.2708660e-01   4.5847413e-01  -8.1875989e-02   2.7274473e-01  -1.5395235e-01  -3.8189859e-01  -5.1574800e-01   2.6477311e-01   3.3289570e-01   9.4612318e-02  -3.5550730e-01  -9.5798211e-02   8.2320022e-02  -1.2684597e-01   5.4379076e-02   3.2612699e-01   2.4837717e-01  -8.8311966e-02  -3.4650894e-01  -1.4445545e-01   4.7269109e-01   4.3980800e-01   3.7428842e-01  -1.2412977e-01   9.5711869e-02   2.3556931e-01  -2.8045104e-01  -1.5921770e-01   1.4463715e-01   5.1378130e-01  -6.1919835e-02  -5.8033322e-02   2.6800424e-01   3.0966233e-03   3.2103629e-01   1.2309479e-01   2.5536734e-02  -1.6494970e-01   4.4987594e-01  -2.4738649e-01   7.2462394e-02  -5.2086023e-01   3.4299425e-01   1.6038902e-01  -6.7116808e-02   5.5042406e-03   4.8398059e-02  -1.4118304e-02  -8.3827126e-02  -2.2979782e-01   6.4444051e-02   5.2730501e-03  -2.4805864e-01  -2.3214220e-01  -8.9705675e-02  -4.2400256e-02   1.9924839e-01  -3.3293506e-01   5.4692793e-01   1.3000261e-01   2.6376347e-01   2.6192527e-01  -5.4111249e-02  -2.8926621e-01   1.8334818e-01  -1.9192764e-01  -1.2732849e-01  -1.3564501e-01   1.9567835e-01   2.1990652e-01  -7.4044982e-02  -3.8437628e-01   1.0161326e-01   2.7438497e-01   3.8698808e-01  -3.4368078e-01   1.9411905e-01   3.5341195e-01   1.3756926e-02   6.7242364e-02   4.1288072e-01   1.9636467e-01   3.6315230e-01   4.2456131e-01  -6.2684326e-02   1.8457109e-02  -6.5069544e-01   2.9570033e-01   5.2726038e-01   3.7884069e-02   8.6190962e-02  -2.3253582e-01   2.9174774e-01  -5.0698493e-02  -2.7854749e-01   3.3763807e-01  -2.8120183e-01  -1.3143627e-01  -3.1634608e-01   4.5152785e-01  -3.6562634e-01   3.0047732e-01   2.1522758e-01  -3.5714036e-01   4.5182354e-01   8.0609327e-02   8.0352588e-02  -2.3840538e-01  -6.3832395e-02   1.7268801e-01   3.9005304e-01  -4.7986183e-01  -2.1458653e-02   2.5353927e-01   3.7605099e-01  -1.1318366e-01   4.4618397e-02   1.5525243e-01   5.8248803e-01   5.2544867e-02   3.7648641e-01  -8.0101548e-02   3.4195412e-01   1.1463412e-01  -2.2197140e-02   1.7184559e-01  -2.5638042e-01   1.2103690e-01  -7.9737919e-02   4.9295661e-01  -4.7182025e-01  -3.6652372e-02  -1.9068893e-01   8.3184886e-02
  -4.1084641e-02   4.7133915e-01   4.3875227e-01  -8.2584705e-02   3.5803113e-01   2.4532467e-01   1.5507764e-01  -1.1109222e-02   1.0682499e-01   1.8601552e-01  -1.9744764e-02   0.0000000e+00  -9.6701804e-02  -5.5099221e-01  -2.4947560e-02   1.2987684e-01   3.7185355e-01  -3.1421295e-02   1.2981001e-02   3.5568058e-01  -5.0833471e-01  -2.3116069e-02  -5.4088875e-02  -2.0243637e-01   1.7414142e-02  -7.8370798e-02   4.4734067e-01  -2.4294857e-01   9.7909379e-03  -1.0017497e-01  -4.4299156e-01   2.6272992e-03  -2.8323527e-02   3.0561091e-01   5.4209574e-01   2.2533855e-01   1.6530247e-01  -8.4782826e-02   7.7935966e-02   2.6636537e-01  -2.1325206e-01   6.2364671e-02   2.2295230e-01  -4.3820461e-01   1.8150795e-01   1.6545914e-01   2.2205052e-01  -4.5202682e-01  -3.3069803e-01   2.9343609e-01   1.7227083e-03   4.8872476e-02   4.7312856e-02  -7.0173603e-02  -3.0183918e-01  -8.8269986e-02  -1.2712052e-01  -4.3665629e-02  -7.7398460e-02   1.9882212e-01   6.6559599e-03  -1.3200539e-02   1.6617594e-01  -2.5446060e-01  -4.0509897e-02   3.5570221e-01   2.6690613e-01   1.1734088e-01   4.2920012e-03   1.8337807e-01  -7.2807177e-02   1.5505554e-01  -1.1163350e-01  -1.4860420e-02  -2.1456335e-01   6.9798705e-02   6.3294976e-02  -6.7590025e-02   2.4564501e-01  -6.6430186e-02  -1.7655299e-01   1.5496407e-01  -4.2885042e-01   8.7943256e-02  -2.0032430e-01   3.9719469e-02   3.9732460e-02  -4.0787452e-01   1.2914459e-01  -5.4740462e-02   1.4028475e-01  -3.1958173e-02   4.1896155e-01   3.1823298e-01  -1.0815135e-01   1.4656368e-01  -1.0756987e-01   2.4286049e-02   1.2203503e-01   1.3537267e-01  -5.6340294e-01   4.0861964e-01  -2.4272627e-01   1.8534333e-01   2.2017631e-01  -1.3363153e-01  -1.0181834e-01   1.0407590e-01  -3.5591052e-01  -7.0560614e-02   9.2379176e-02  -2.6806840e-02   1.8075836e-01  -1.0093455e-01  -3.0242399e-01   1.2192407e-02  -3.8743613e-02  -2.2423349e-02  -4.3538884e-01   1.0596465e-01  -4.1886608e-02   3.8815766e-01   3.8830155e-01   3.3888340e-02  -1.1659987e-01  -3.8502337e-02   1.8782144e-01  -1.2667853e-01  -1.2614697e-01  -4.5717897e-02  -2.2115042e-02   8.1890891e-02   2.8219464e-01  -3.7833474e-01   9.1029586e-02  -6.1117649e-02  -1.2717369e-01  -5.0344906e-01   1.8685556e-02   8.2028239e-02  -2.8891256e-01   1.0242534e-01   1.9065784e-01  -2.3128329e-01   4.8553455e-02  -3.3083366e-01   2.5201297e-01   2.9424843e-01   4.7994342e-01  -4.8513976e-01  -3.5351150e-01  -1.8233237e-01  -2.5942154e-01   1.9817932e-01   2.9875043e-01  -4.5811400e-02  -1.1144838e-01  -1.3491492e-01  -6.5327448e-02  -2.4604269e-01   1.9750957e-01   1.0035401e-01  -1.5513852e-01  -1.5874364e-02  -4.1045228e-02   4.4321486e-01   5.3330408e-01  -3.2188574e-02  -1.5469545e-01  -1.8897481e-01   5.1667873e-01  -1.8016909e-01   7.2227069e-03   1.8660829e-02  -1.2119752e-01   6.9968865e-02   1.2180888e-01
   4.3562279e-02  -1.3952881e-01   2.7932624e-01   2.3188918e-01   1.6797415e-01  -8.7804768e-02  -1.6680760e-01   1.8937418e-01   2.3947129e-01  -6.6877071e-02  -8.3734291e-03  -9.6701804e-02   0.0000000e+00   1.9906841e-02  -1.7672638e-01   2.2103436e-01   2.8585554e-01   4.0940881e-02   3.2867022e-02   2.7198156e-01   7.8498429e-02   3.6083260e-01   2.0259294e-02  -2.1170891e-01   6.2386537e-02   1.1509152e-01   3.6815594e-01  -3.2243685e-02   8.6579870e-02   1.5235520e-01  -1.6105640e-01   2.3361010e-01  -6.1175758e-02  -2.3967199e-01  -1.4271343e-01   2.3989414e-01   1.8738659e-02   1.9076060e-01   2.0217055e-01   1.0291502e-01   6.9450234e-01   1.0964247e-01  -3.6144651e-02   8.9248577e-02   2.7326199e-01   1.1247361e-01   5.6944791e-02  -1.2228230e-01   1.5274699e-02   1.8235051e-01   2.1474953e-01   3.6663338e-02  -3.2040745e-01  -6.0165155e-02   1.1146000e-01  -1.1937876e-01  -4.9017072e-02   5.4582585e-02   2.8338969e-01   8.6539146e-02   4.3930513e-02   3.6470017e-01   4.6433223e-02  -1.3570667e-01  -1.3259633e-01  -5.1366675e-02   6.5430499e-02   8.6754596e-02   1.6478222e-01   4.0031879e-02  -2.0710795e-01   1.1937077e-01   2.6383546e-01  -1.8226453e-01  -4.9547779e-03   1.6421425e-01  -3.5462181e-02   2.0194912e-01  -2.2867075e-01   3.2785454e-01   6.0652707e-02   2.3245967e-01  -2.3103833e-01   2.4005600e-01  -2.3056620e-01   8.4837768e-03  -5.7855230e-02  -2.4394729e-02   1.2243495e-01  -4.1754680e-02  -1.2552386e-01  -3.0067262e-02  -9.8753947e-03   7.8365506e-02   4.5439789e-02   1.1617034e-01   2.3725668e-01   9.2946896e-02   3.0582019e-01   5.3658580e-02   6.4503086e-02  -1.1789174e-01   2.4937763e-01   1.5971950e-01   1.4866322e-01   2.7583382e-01  -1.9243115e-01   1.6823362e-01  -3.4739408e-02   2.2310125e-02  -2.9308900e-01   1.5071837e-01   1.7747282e-01  -9.7345238e-02  -6.4279269e-02  -1.2692348e-01   7.2242091e-02   5.7785443e-01  -2.8511647e-02   1.3876727e-01  -2.1449595e-01  -5.0801456e-02  -6.2198664e-02   1.7326776e-01  -9.7306992e-03  -1.9166296e-02   1.5505811e-01  -7.7819326e-02   1.7386884e-01   6.8877546e-02   3.8627764e-01  -2.2087741e-01   2.0859372e-02  -9.5963297e-02   6.2815695e-02   1.6179976e-01   2.7556624e-01   4.8921864e-02   7.9677117e-02   1.5581105e-01   2.2577945e-01   2.6932509e-01   7.9655366e-02  -1.7158065e-01  -7.9386018e-02   2.3917678e-01  -1.1188271e-01   6.1805634e-02   5.7957669e-02  -1.5125200e-01  -1.6100347e-01   2.4349507e-01  -2.3326580e-01   1.8820771e-01   1.5370122e-02   8.1042715e-02  -1.1903392e-01   3.2929210e-01  -2.2294708e-02   2.8617729e-01   6.7787402e-02   1.6823116e-01  -4.8374819e-02   2.2834126e-01   2.6485865e-01   1.9226018e-02   8.1277810e-02   1.3566743e-01  -2.1251965e-01  -1.5225034e-01  -1.0524302e-01  -1.1011228e-01   2.1905839e-01  -1.3910935e-01  -7.4158706e-02  -5.1909457e-02   2.2650990e-01
  -2.4048723e-02  -2.0689659e-01  -2.8822299e-01   1.7076589e-01  -4.1790057e-01   1.9980080e-02   1.6775293e-01  -3.1066946e-01  -3.6457674e-01  -2.1069960e-01  -3.4814423e-01  -5.5099221e-01   1.9906841e-02   0.0000000e+00   1.4285518e-01  -1.6185640e-02  -2.8131559e-01   7.2787506e-02  -7.9695055e-02  -3.1580090e-01   5.3888428e-01   4.5233781e-02   2.1440678e-01  -3.0658889e-03  -2.2562259e-02  -1.3947909e-01  -3.6918762e-01   2.6252533e-01  -7.5733314e-03   3.0129725e-01   4.3657684e-01   4.4279958e-02   4.9858329e-03  -2.2291037e-01  -3.2703158e-01  -3.2065442e-01  -2.1710973e-01   1.2790175e-01   9.7651933e-02  -2.4765700e-01   1.1386733e-01   8.2264313e-03  -6.8478869e-02   3.2788154e-01  -2.2100224e-01  -1.9084623e-01  -1.5630019e-01   6.7610802e-01   2.8559298e-01  -1.5855843e-01   5.1678990e-02  -3.3716982e-01  -1.6825145e-01   1.8730825e-01   4.1615966e-01   1.0642000e-01   1.8518113e-01  -4.7770020e-02  -5.9550316e-03  -1.2102644e-01  -8.0257606e-02   1.8380691e-01   7.0657603e-02  -3.4879133e-02  -1.1416259e-01  -3.9646758e-01   1.6354144e-03  -1.4485660e-01   8.2055851e-03  -1.2152233e-01   1.3175380e-01  -1.5932776e-01  -1.3234174e-02   1.4356549e-01   2.1363877e-01  -1.6429098e-01  -1.8183062e-01  -1.8733658e-01  -3.4663034e-01   1.1671897e-02   2.8870560e-01  -5.0866669e-02   5.9015964e-01  -2.9363708e-01   3.2468347e-01  -1.3868336e-01  -1.4519455e-01   3.9143888e-01  -1.2594823e-01  -1.3368201e-01  -3.1412779e-01   3.6206746e-03  -1.7716799e-01  -3.8149925e-01   1.1571622e-01  -2.0661133e-01   2.6377768e-01  -1.1825347e-01  -5.1843684e-02   3.3761983e-02   6.1502367e-01  -4.0416402e-01   2.4785513e-01  -2.5097050e-01  -1.1318783e-01   1.7771246e-01   2.2778226e-01  -2.6701676e-01   1.7952548e-01   3.5448316e-01   3.5085560e-02   4.6518401e-02  -1.4733617e-01   5.1189611e-02   4.2043775e-01  -2.9747490e-01  -2.9429816e-02  -9.9528035e-02   7.3659168e-01   1.9059369e-02  -2.3794770e-01  -3.9467348e-01  -1.6230518e-01  -5.3518548e-02  -8.5194930e-02   1.8730788e-02   1.4092827e-02  -3.8381741e-03   4.5615783e-02   2.7044777e-01  -1.2669247e-01  -5.2690445e-02  -4.0478306e-01   2.9726746e-01  -5.0074184e-02  -8.1016410e-02   6.8324119e-02   7.3194955e-01  -2.1469464e-01  -4.0265890e-02   3.2099874e-01  -7.5094248e-02  -2.8108339e-01   5.0141133e-01   1.6635972e-01   4.1233279e-01  -4.5662133e-02  -5.3543886e-01  -3.8971190e-01   4.4385787e-01   3.8678221e-01   1.5524466e-01  -1.3267407e-02  -3.5406434e-01  -2.4664025e-01   4.7757240e-02  -8.6103234e-02  -1.2847947e-02   4.9594231e-02   2.0086943e-01   2.2760623e-02  -3.4969784e-01   4.2771804e-02   1.6619007e-02   7.3275297e-02  -5.3600090e-01  -3.4015012e-01   7.1866391e-02   2.1366894e-02   3.0420576e-01  -5.1322251e-01   7.9647991e-02  -1.2168120e-01   4.0624488e-01   1.4426598e-01  -3.7109907e-02  -9.3373375e-02
