   0.0000000e+00  -4.4073232e-01   3.2025209e-01  -9.4320458e-02  -3.4699668e-01  -2.3200015e-01  -2.6886809e-01  -5.2328169e-02  -3.3957081e-01  -1.1612395e-01   1.6354356e-01  -9.6108350e-02   6.7568962e-02   4.8887139e-01   1.5775260e-01   8.3094873e-03   2.5921852e-01   1.8496013e-02   4.7823525e-03  -2.3316536e-01  -1.2786039e-01  -1.6412275e-01   1.6695970e-02   6.3251277e-01  -1.6916326e-01  -2.6054871e-01   1.0513549e-01   5.7599160e-01  -7.1929958e-02  -2.4262365e-02  -1.4752440e-01  -3.4580594e-01  -1.4869153e-01   1.8339114e-01  -4.8739057e-01  -1.8318198e-01  -1.7615457e-01   6.3602788e-01   7.0755796e-02  -1.9634210e-01  -4.6290764e-02   9.6810723e-02  -3.5821164e-01  -2.6777992e-02  -2.5236929e-01   6.1408181e-01   2.0030711e-01  -3.3304929e-01  -2.2858158e-01   1.1709805e-01   2.6735197e-01  -2.7818078e-01  -4.0949591e-01  -8.9619896e-02   1.6356535e-01   3.2738806e-01   2.7483588e-01  -2.6524325e-01  -1.0075541e-01  -1.3429376e-02   4.6407899e-01  -8.5199984e-02  -2.2431806e-01  -2.3482574e-01  -2.9751267e-01  -5.6823773e-02  -2.5020882e-01   6.0464368e-02   1.0398931e-01   6.0115364e-01  -4.7300505e-01   9.5934018e-06  -7.8274467e-02   6.0507935e-01  -3.4509016e-01  -2.2457022e-01   6.1047396e-01  -3.0196648e-02  -2.7061416e-01  -2.7685924e-01   2.5182266e-01   5.9170702e-02  -3.9414118e-01  -1.7246961e-01   5.6956527e-01  -1.5190724e-01  -3.5959722e-01   4.6009466e-01  -2.7084671e-01   8.3846365e-01  -3.4570477e-01   4.5893886e-01  -3.6402427e-01  -2.3982564e-01   6.0598561e-01  -4.3107319e-01  -1.2588385e-02   2.6471336e-03  -1.7184757e-01  -2.5559109e-01   4.4362871e-01   3.1302334e-01  -2.6302913e-01  -4.0824576e-02  -2.1848113e-02  -3.1485814e-01  -6.8838235e-02  -1.3912127e-01  -1.6488720e-01  -2.8999575e-02  -4.1241201e-01   1.3629954e-01  -2.4144576e-01   8.0792578e-01   6.4871260e-01  -3.1088121e-01   1.2523680e-02   1.0956614e-01   4.6052021e-01  -8.9213858e-02   7.2148848e-01  -4.1710578e-01  -1.5530329e-01  -1.2455137e-01   6.1939708e-01   1.4527426e-01   4.3842162e-02  -1.8084628e-01  -2.4377260e-01   1.9062189e-01  -4.6774069e-02  -4.2678368e-01  -2.7267853e-01   1.0688954e-01  -3.4504186e-01  -2.0910482e-01  -3.5216062e-01   3.7896372e-01  -1.4483536e-01   4.6585597e-01   6.9415638e-01  -3.5658937e-03  -4.1977390e-03   2.4411845e-01   1.7031935e-01  -2.3134934e-01  -1.0456251e-01  -1.0928574e-01   5.1229128e-02  -2.0504221e-01   6.9116849e-01  -2.4398222e-01   6.8867794e-01  -6.9269849e-02  -4.4355878e-01   6.7317972e-01   6.1609277e-01   3.9861966e-02   4.6656977e-01   7.0983952e-02  -2.4157348e-01  -1.1467851e-01  -1.7629159e-01  -1.1055237e-01  -2.5238715e-01  -4.6101045e-01  -2.1853255e-01   2.9551495e-01   7.1581298e-01  -4.6968218e-01  -5.1889715e-01   4.7119548e-01  -9.0071638e-02   1.4956826e-01  -8.7972069e-02  -1.2066762e-02  -2.1870325e-01
  -4.4073232e-01   0.0000000e+00   2.1991157e-01  -2.6576857e-01   4.4588275e-01  -1.4652965e-02   1.9417495e-01   1.5138959e-01   6.4830848e-01  -1.7749291e-03  -5.6093574e-01   5.9534747e-01  -1.9780791e-01  -2.5634965e-01  -2.6991435e-01  -6.1419743e-02   9.3468843e-02  -1.1212428e-01   1.4295277e-01   3.2958522e-01  -4.6975958e-01  -1.0436924e-01  -4.8585181e-01  -3.5309630e-01   4.0468757e-03   4.6577999e-01  -1.0026434e-01  -1.9673450e-01   5.4178322e-02  -3.4001518e-01   1.2695841e-03   1.1869508e-01   2.4378460e-01  -3.3563306e-01   3.0786943e-01   2.6068086e-01  -3.2764764e-02  -4.2341622e-01  -1.4817424e-01   4.9165578e-01   3.0719844e-02   5.4338440e-03   5.7008032e-01   9.4744358e-02   3.6927688e-01  -2.5745883e-01  -3.1916366e-01   3.9276831e-01  -1.6114334e-02   2.6537852e-01  -4.2978495e-01   3.8163330e-01   1.8154497e-01   2.9754288e-01   4.8826889e-02  -4.5088632e-01  -3.2884541e-02  -1.2062097e-01  -1.4259862e-01   1.2322692e-01  -1.2485106e-01  -8.8650384e-02   6.6542715e-01   2.0748542e-01   5.1886585e-01  -1.8230382e-01   6.1244428e-02   3.9131321e-02  -2.9008692e-01  -1.6316910e-01   6.7929751e-01  -3.9591738e-01   5.0465142e-02  -1.4512323e-01   2.3713901e-01   7.3365111e-02  -2.1015133e-01  -5.2524504e-02   6.7189481e-01   3.3029912e-02  -3.0570372e-01  -2.8781368e-01   3.9754989e-01   2.7640647e-01  -3.1560570e-01  -8.2810934e-02   5.9633821e-01  -3.0047395e-01   6.5058182e-01  -3.4773320e-01   4.5739557e-01  -1.2781155e-01  -2.5541469e-02   4.5273162e-01  -3.3059041e-01   6.5180536e-01   6.4093561e-02   1.7041052e-01   3.3573086e-01  -1.6620475e-02  -1.1810016e-01  -5.9752266e-02  -1.4746011e-01   2.8364274e-02  -4.5796980e-01   1.9122495e-01   1.7921413e-01   1.2604627e-01  -2.7824647e-01  -3.8358144e-01   3.5465876e-01  -5.3068247e-01  -6.3473735e-02  -3.5946623e-01  -3.3059342e-01   5.8926068e-01  -1.2277205e-01  -7.0477357e-02  -2.8476322e-01  -1.3531915e-01  -2.6787532e-01   5.8894092e-01   5.5534638e-01   3.8623368e-01  -1.7046952e-01  -2.6663759e-01   9.3659116e-02   2.3037245e-01  -3.6175313e-02   1.2213537e-01  -6.1019745e-02   7.4481259e-02   4.7071610e-01  -3.9611756e-01   2.2109760e-01   6.0875049e-02   1.6613717e-01  -8.7880070e-02  -5.1003454e-02  -3.7457145e-01  -1.8813442e-01  -1.9200862e-01  -3.0726404e-01  -4.2300197e-02  -1.9719852e-01   2.4048308e-01   2.3066836e-01  -3.5375834e-01  -3.9052437e-01   1.7809739e-01  -2.8453156e-01   1.8285597e-01  -2.7076907e-01   1.7890866e-02   7.5045692e-01  -4.0126715e-01  -1.8481744e-01  -1.7358949e-01  -5.7432938e-02  -3.0155550e-01   3.5012128e-01  -6.2248659e-02  -9.7288980e-02  -8.4920854e-02   2.6366090e-01   6.4596743e-01   2.1170907e-02  -2.0747725e-01  -2.8243316e-01   4.7556232e-01   4.3715232e-01  -3.7601323e-01  -7.3227277e-02  -2.0998079e-01   5.2433653e-02  -2.9619883e-02   2.1033281e-01
   3.2025209e-01   2.1991157e-01   0.0000000e+00  -2.7390745e-01  -1.7430882e-02  -8.4735015e-02  -1.0949748e-01   3.6011380e-02  -3.0383272e-03  -1.5026211e-01  -3.0274558e-02   5.3862490e-01  -1.7497456e-01   2.5732310e-01   1.1398018e-02   2.1470978e-01   8.5130025e-01  -8.4649838e-02   1.6398449e-03   4.4054964e-02  -3.6806080e-01  -3.2036908e-01  -2.9081985e-01   5.5017593e-02  -8.9137674e-02   1.2384202e-01   1.1341254e-01   2.5116899e-01  -9.4170516e-02  -2.4530625e-01  -6.7926205e-03  -2.4599298e-01   1.0093118e-01   8.9887011e-03  -4.4731935e-01   8.8812727e-02  -2.6213253e-01   2.4841058e-01   2.6873940e-01   3.4279463e-01  -1.4614710e-01   1.3706100e-01  -8.8311988e-03   3.3519598e-01  -9.3784765e-02   5.8301446e-01   1.1579002e-01  -3.9179628e-02  -1.7022071e-01   5.5707104e-01  -8.3311817e-02   2.9620433e-02  -2.2662888e-01   7.8646415e-02   2.7605289e-01   1.9769732e-01   1.5252142e-01  -3.2280647e-01  -2.3682957e-01   1.0423517e-01   6.4543293e-01  -2.6166737e-02   1.8364390e-01  -1.6160881e-01  -1.2984858e-01  -2.9131293e-01   2.3027177e-02   1.5763174e-01  -1.9662072e-02   6.1350415e-01   6.5484744e-02  -1.3944504e-01   1.3779140e-01   4.2421111e-01  -1.6782917e-01  -2.2256908e-01   6.3458385e-01   1.1199456e-01   2.6712735e-01  -1.2493326e-01  -7.1031463e-02  -1.0410366e-01   2.7620169e-01  -6.6447553e-03   4.1188153e-01  -2.3866777e-01   6.7592569e-02   7.5216587e-02   2.0407577e-01   3.4866001e-01  -5.7469772e-02   7.5054663e-01  -2.2904287e-01  -1.4019397e-02   4.3051728e-01   8.1265692e-02   2.1989073e-01  -4.2832091e-02   2.2600335e-01  -3.3933949e-01   3.3249136e-01   2.7942505e-01  -2.9832464e-01  -4.1947800e-02  -3.0043947e-01  -2.2265360e-01   1.5322487e-01  -8.5304941e-02  -3.3717136e-01  -1.3329154e-01   1.8222943e-01  -1.7725877e-01  -1.1298938e-01   4.7601075e-01   2.2836570e-01   1.3712809e-02   5.6872306e-02   1.9641431e-01   3.1740698e-01  -1.1116977e-01   4.7185632e-01   6.9224821e-02   2.3496832e-01  -7.7417381e-02   4.6042592e-01  -1.5310261e-01   2.8062936e-02   4.8902723e-02  -2.4427497e-01   5.7401206e-01  -1.8092327e-02  -1.6294372e-01   2.3055889e-01  -4.2666447e-02  -6.6820860e-02  -2.2744002e-01  -7.3629159e-02   2.4685132e-01  -2.6839799e-01  -1.6316687e-01   3.7801253e-01  -1.8423844e-01  -1.3329645e-01   4.0595556e-01   1.6656639e-01   3.1377790e-02   1.4186420e-01  -3.0721601e-01  -3.9105845e-01  -1.8790599e-01   3.5884477e-01  -1.8802473e-01   3.5093908e-01   5.2963459e-02   3.9286104e-01   2.4191744e-01   5.5200368e-01  -1.0933512e-01   6.8836083e-01  -9.4085641e-03  -9.5185617e-04  -6.6231260e-02  -2.9715285e-01  -2.1892567e-01  -3.3454381e-02  -8.5340756e-02   3.5425238e-02   2.4564618e-01   4.9163158e-01  -1.9079064e-02  -8.1053314e-02   1.3272306e-01  -2.1749767e-02   2.7042383e-01  -2.3882450e-03  -1.5435756e-01  -1.7436398e-01
  -9.4320458e-02  -2.6576857e-01  -2.7390745e-01   0.0000000e+00   1.2801236e-02   9.6474725e-02  -4.0020878e-02   2.8387284e-01   1.6371173e-02  -1.1359532e-01   3.6094603e-01  -4.3093509e-01  -8.3251627e-02  -1.6360186e-01   6.9680782e-02  -6.8981566e-02  -2.3104324e-01   3.0813127e-01   2.1319968e-01  -5.5198323e-02   2.9923728e-01   5.3631576e-01   3.1031262e-01  -4.7052502e-02  -4.9274858e-02   4.1799930e-02   1.6304695e-01  -3.0126456e-01   1.2177134e-01   5.6547969e-01  -1.2963403e-01   3.5977561e-01  -1.3895370e-01   2.9833461e-02   2.4164765e-01   3.7819875e-02   8.0032364e-02  -1.4897843e-01  -1.1334174e-01  -3.4311393e-01   9.2664634e-03  -1.8132149e-01  -1.3679519e-01  -2.5061878e-01   7.8064357e-02  -2.9937078e-01   4.2443155e-01   1.0637545e-02   3.2353320e-01  -2.3296895e-01   2.9820778e-01   1.0135537e-01  -3.4632745e-02  -2.4759229e-01   3.0710668e-02   6.1190445e-02   1.0450556e-01   6.1364982e-01   6.0815673e-01   3.0583384e-02  -1.0021032e-01   1.5377117e-01  -3.3326678e-02   8.1108188e-02  -7.9408260e-02  -5.3848075e-02   2.0680353e-01   4.7441724e-02   6.5876535e-01  -3.3923996e-01  -3.2449393e-01   6.7643756e-01  -2.1844173e-01  -5.0699577e-02  -1.5485022e-01   3.6125187e-01  -2.0770197e-01   8.7479335e-02  -1.3629669e-01   3.4339717e-01   1.7432892e-01  -2.3121816e-03  -1.1889656e-01   1.6465346e-01  -2.1350847e-01   5.0977713e-01  -1.7118709e-01  -5.4135660e-02  -2.3907272e-01  -1.4527092e-01  -1.7500522e-01  -4.2099246e-02  -1.9271250e-01   1.7750456e-01  -2.7353295e-01  -3.6956320e-02   1.1067813e-01   2.7173742e-01   2.1487814e-01   1.8159332e-02  -3.2008826e-01  -1.0446876e-01   5.8637245e-01   4.1256772e-01   6.1093769e-01   4.1240161e-01  -2.3085493e-02   3.8859894e-01   4.3203238e-01   2.6020922e-01  -2.9453537e-01   6.0725531e-01   5.1794491e-01  -1.9794667e-01  -2.1511850e-01  -1.9197863e-01   2.7319132e-01  -2.9383665e-01  -1.3325976e-01   6.7943363e-01  -2.9978317e-01  -1.7100596e-01  -3.2418375e-01  -6.2522766e-02  -2.5587270e-01   2.8778690e-01  -7.4872483e-02  -1.3522025e-01   6.3060262e-01  -3.4832403e-01  -1.6719808e-01   1.7574739e-02   2.6851815e-01  -2.5813313e-02   4.2244343e-01   5.3787824e-01   8.4580660e-02  -2.6112950e-01   6.3803345e-01  -1.6489594e-01  -2.0395909e-01   7.5256680e-02   3.6422829e-01  -2.6670672e-01  -8.0832930e-02   5.7608264e-02  -3.6816283e-01   6.2958163e-02   2.9303261e-01  -1.3754736e-01  -3.1679855e-01   2.7792058e-01  -1.4598150e-01  -6.3553211e-02  -2.1372115e-01  -2.4112904e-01  -3.7817860e-01   3.5719042e-01  -1.5341768e-01   4.7333448e-01  -1.4387665e-01   2.7647789e-01  -3.3688658e-01   6.4221990e-01   2.9954840e-01  -8.5329760e-02   1.2187837e-01   1.9537833e-01  -2.8280026e-01   2.4115703e-02  -8.6284567e-02  -2.9331728e-01   4.4324310e-01   9.0211353e-03  -1.0831366e-01   1.5858863e-02   5.0160489e-01
  -3.4699668e-01   4.4588275e-01  -1.7430882e-02   1.2801236e-02   0.0000000e+00  -8.9442702e-02  -2.3340292e-01   1.7595772e-01   3.7021817e-01  -4.3515485e-01  -1.5174264e-01   1.8653236e-02   2.1588258e-01  -5.2816257e-01  -6.9835719e-01  -1.4618752e-01  -1.0407407e-02   2.1885036e-01   2.5242874e-01   8.1267830e-01  -2.9643307e-01   2.0415619e-01  -4.3364904e-01  -2.0635771e-01   1.0555351e-01   3.3743954e-01   1.6114889e-01  -6.0717907e-01   2.5761108e-01  -1.0703740e-01  -3.9645845e-01   3.0504918e-01   1.2435783e-01  -5.4394857e-01   4.7739200e-02   5.5631960e-01   3.1889320e-01  -3.3315559e-01   2.5248266e-02   4.4980020e-01   2.2778853e-01  -4.3614233e-02   5.5395512e-01  -1.4953104e-01   3.8002939e-01  -3.2575862e-01   1.1313480e-01  -7.0192462e-02   4.1538436e-01   2.7979059e-01  -1.3862573e-01   3.0978353e-01   2.5194876e-01   2.4110807e-02  -1.6245256e-01  -4.7182850e-01  -2.2594538e-01   1.9149011e-01  -5.6663998e-02  -1.0913960e-01  -3.8119585e-01  -1.0558817e-01   6.0899961e-01   2.2846472e-01   2.4421589e-01  -3.3481036e-01   1.4212943e-01   8.0553951e-02   8.5257964e-02  -3.5464885e-01   2.4899890e-01  -5.5547310e-02   1.6611106e-01  -2.4858736e-01   2.4627839e-01   1.0461725e-01  -3.7879058e-01   1.1846091e-01   7.4475360e-01   3.4163271e-01  -5.5524421e-01  -1.5143078e-01   1.1217506e-01   3.2683654e-01  -5.8598449e-01   8.1575592e-02   7.0205641e-02  -3.8774268e-01   3.8253328e-01  -3.1229801e-01   5.2218738e-01  -1.3683031e-01  -7.1093137e-02   5.1780850e-01  -4.4279836e-01   7.0369604e-01   1.7052075e-01   7.1615103e-02   3.7389522e-01  -3.5695354e-01  -5.7669354e-01  -2.5540509e-01   5.8975188e-02  -2.8484966e-01  -1.1867724e-01   3.3011809e-01   6.4442977e-02   1.8795642e-01   1.0680310e-01   9.6833125e-02  -8.9574713e-02  -1.9189565e-01   7.4486292e-02  -3.5834507e-01  -6.3155592e-01   6.2388377e-01   4.1927674e-02   3.0280726e-02  -5.0326612e-01   2.5717756e-02  -4.5618854e-01   7.9780929e-01   2.2693246e-01   1.9059025e-01  -2.4396427e-01  -4.3236814e-01   9.8998552e-02   3.9544009e-01   1.4176750e-01  -9.9239354e-02  -4.0920307e-02  -1.2966727e-01   3.3326298e-01  -5.0531726e-01   3.3032997e-01   2.1424067e-01   3.8360139e-01  -4.7576515e-01   1.7094112e-01  -1.6499716e-01  -3.8292417e-01   2.3241046e-01   6.5037199e-02  -4.3559891e-01  -6.9770427e-01  -7.0569027e-02  -3.9744006e-01   1.5565705e-02   1.4155015e-02  -3.4696183e-01  -5.1967653e-01   6.4019549e-02  -4.6299945e-01   8.3762445e-02   5.4263998e-01  -4.3330593e-01  -4.0211819e-01  -3.9853509e-02  -7.3103307e-02  -3.5988151e-01   4.2367956e-01   1.2467880e-01   3.3349758e-02   2.4685967e-01   3.2479154e-01   7.0279474e-01  -1.8066603e-01  -1.0177905e-01  -4.2889623e-01   7.3934099e-01   2.0119030e-01  -4.6417192e-01   5.1398331e-01  -4.1810553e-01   1.2173633e-02   9.4173915e-03   3.7914647e-01
  -2.3200015e-01  -1.4652965e-02  -8.4735015e-02   9.6474725e-02  -8.9442702e-02   0.0000000e+00   3.7311310e-01  -6.7782810e-02  -1.1172549e-01   1.8253384e-01   1.7256931e-01   1.2538002e-01   2.0847168e-01  -4.4591020e-03   3.2873330e-01   3.3332854e-01   1.3770382e-01   2.3287217e-01   1.1531023e-02   6.0516910e-02   3.4518953e-01  -1.2170092e-01   3.2054094e-01  -3.7428326e-01   2.1533012e-02  -1.6676264e-01   3.8878349e-01  -1.3815477e-01  -7.2364843e-02   2.1621952e-01   7.8306482e-02   1.8030634e-01   1.5183341e-01   1.3990089e-01   2.7614009e-01   2.8008620e-01  -1.5175744e-01  -2.1331889e-01   4.1302931e-01   1.4895060e-01   1.9600744e-01   1.2219014e-01   1.4197251e-01   7.4012941e-03   1.3634446e-01  -2.9500076e-01   2.0597394e-01   2.5295118e-01  -5.8556613e-02  -1.8970304e-01   3.0183223e-01  -1.9235702e-01   1.2596172e-01   1.3922491e-01   1.1107634e-01   2.6727506e-01  -1.0409163e-01   1.1414723e-01   1.8658246e-01   4.1932801e-01  -1.8895870e-01   5.8691940e-02  -1.8852223e-02  -2.6568125e-01  -1.8611600e-01   2.3320743e-01   7.4607804e-01   6.0474268e-02   2.5788642e-01  -2.4317572e-01  -5.6098093e-03   1.5738460e-01   1.9678674e-01  -2.9419740e-01   9.2773414e-02  -1.9289293e-03  -1.9779156e-01   9.3485200e-02  -1.9809656e-01   1.7469444e-01   1.0590027e-01   2.5808688e-01   2.2396960e-01  -1.0025375e-01   5.3621919e-02   2.6457891e-02   6.6315457e-02  -2.6983889e-01   1.3363039e-02  -2.7192261e-01  -3.7421771e-01  -1.8763350e-01   3.1955648e-01   1.2568645e-01  -1.6853550e-01  -2.9437146e-01  -1.2897476e-02  -1.4264120e-01   7.1887707e-02   2.4178853e-01  -6.5555608e-02   4.3009606e-02   7.1201839e-02   1.8886637e-01   2.8558994e-01   7.6897723e-02   1.3888725e-01   2.6014813e-02  -5.4039314e-02   2.0745992e-01   3.8158976e-01   1.6642433e-01   2.8060577e-01  -2.9380886e-01  -9.5559326e-02  -1.1885358e-01   1.1661222e-01   8.3034019e-02   5.6756365e-02   1.9026929e-01  -1.6223639e-01  -5.3162542e-02   7.9515722e-02  -8.4371802e-02  -3.8687322e-01   5.1090130e-02   1.3099976e-01   8.4575678e-02   2.0772925e-01   4.1593691e-02   2.0076702e-01   3.8401687e-01  -9.6814223e-02   9.2628711e-02   2.7916858e-01   5.4044532e-02  -7.9431335e-02  -6.0030513e-02   1.3324771e-01   5.6875727e-02  -8.8053436e-02   4.1575696e-02   1.5826889e-01   1.0257201e-01   1.6004331e-01   5.0406443e-02   1.8565621e-01   3.1576122e-01   6.3671472e-03  -5.1241370e-02  -1.6904308e-01  -1.3870902e-01  -2.0575863e-01  -9.1801474e-02  -1.9886806e-02  -1.6897086e-01  -1.5746553e-01   1.5207985e-01  -1.6680501e-01   2.2781800e-01   1.2719500e-01   1.8550494e-02   1.1440490e-01   3.3512130e-02   5.0209475e-02   2.3803617e-02   4.3169887e-01   1.4029702e-01  -9.1348694e-02  -4.4175221e-02   1.9241666e-01  -2.6470777e-01   3.2303207e-02   4.9518068e-01   1.6180116e-01   2.4516379e-01   1.1527236e-01
  -2.6886809e-01   1.9417495e-01  -1.0949748e-01  -4.0020878e-02  -2.3340292e-01   3.7311310e-01   0.0000000e+00  -2.5542738e-01   9.1767133e-02   5.5641189e-01  -1.8177765e-01   9.8501307e-02  -2.0062302e-01  -1.2037369e-01   5.5902319e-01   1.2993194e-02  -8.3068642e-02  -9.4285956e-02  -1.4362805e-01  -6.5218281e-02   3.1791704e-01  -2.2229726e-01   4.1509204e-01  -3.1385755e-01  -2.8240667e-01  -2.7088583e-01   2.3953039e-01   1.2951272e-01  -6.3344446e-02  -2.3886779e-02   3.6255986e-01  -1.8923072e-01  -4.1058303e-02   4.9941951e-01   4.2768784e-01   2.2976951e-01   3.3757131e-02  -9.5841359e-02  -1.5540598e-01   1.6552388e-01  -8.1270680e-02   1.0762126e-02   2.4071005e-01  -1.2187606e-01   1.5443042e-03  -9.0047735e-02  -1.5262529e-01   6.5505092e-01  -3.2133326e-01  -4.5115799e-02   2.6669073e-03  -2.0998168e-01   3.3565048e-01  -1.9898051e-01  -1.4318937e-01   7.1344341e-02  -1.4752350e-01  -2.4536260e-01  -8.9830222e-02   1.4006673e-01   8.6921353e-03   4.2784465e-02   2.5586657e-03   2.1795380e-02   1.4088046e-02   6.8566446e-01   1.9201358e-01  -2.1354418e-01  -2.4015551e-01  -6.5244871e-02   2.8817460e-01  -2.3078317e-01   1.1587647e-01  -3.6693268e-01  -1.7435056e-01   3.4011013e-02  -8.6598420e-02  -1.1616194e-01  -3.5059685e-01  -2.8446820e-01   4.8915448e-01   1.4595998e-01  -5.2681462e-02  -3.4858762e-01   1.0252735e-02  -7.7233520e-02   2.3915289e-01  -8.2389346e-02  -4.5644988e-02  -2.4931072e-01  -9.5556898e-02  -1.2878768e-01   4.0346180e-01  -4.0803973e-02   3.8543092e-02  -2.5312840e-01  -4.5440006e-01  -1.2846530e-01  -1.8533867e-01   5.3158943e-01   1.3397258e-01  -7.5987313e-02   5.1585407e-02   2.3332028e-01  -1.2658836e-01  -1.6687312e-01  -1.2902440e-01  -2.2299895e-01  -1.1935878e-01   2.8400464e-02   4.6125927e-01  -8.6400167e-02   3.2831863e-03  -1.7364738e-01   1.0810565e-01  -1.7653419e-01  -7.1216546e-02  -4.3693132e-02  -8.6508216e-02  -2.4355029e-01  -4.9613011e-02  -1.3748209e-01  -9.9127168e-02  -5.9376473e-03  -1.4972282e-01   5.6086527e-02  -1.3034277e-01  -2.8851962e-01  -2.0179006e-01   6.6119422e-02   4.5200910e-02   5.2519273e-01  -3.0560670e-01   2.7149521e-01  -2.4047564e-01  -5.5050685e-02  -2.0599864e-01   3.2673947e-01  -8.7123342e-02  -1.4469723e-01  -2.1524726e-01  -2.6948450e-01  -2.0931822e-01   2.0779211e-01   3.6038984e-01   1.1072275e-01   5.1986130e-01   2.8167916e-01   1.8594661e-01   3.5552093e-01  -3.5807047e-02   1.7347362e-01  -8.6316062e-02  -3.1792565e-02   8.8573644e-02  -1.4549192e-01   5.1850655e-02  -1.8533947e-01  -1.3504918e-01   3.8710990e-01  -2.5080104e-02  -2.1654745e-01   2.9390548e-01  -3.4054545e-01  -1.3368448e-01   4.4728634e-03   3.0804708e-01  -2.0543253e-01  -2.7131643e-02  -2.4200316e-01   4.6010626e-01   9.8312862e-02  -3.4360982e-01   2.2155455e-01  -3.4984812e-02  -2.4066013e-02  -2.2913614e-01
  -5.2328169e-02   1.5138959e-01   3.6011380e-02   2.8387284e-01   1.7595772e-01  -6.7782810e-02  -2.5542738e-01   0.0000000e+00   2.8090274e-01   4.5550730e-02   1.3417832e-01   1.4407957e-01  -6.4080712e-02  -2.4271083e-02  -1.3612446e-01  -1.2949953e-02  -2.9765993e-02  -3.0951156e-03   4.2197672e-01  -1.3489928e-02  -2.8715095e-01   3.7399994e-01  -4.2131145e-01  -7.1719367e-02  -4.9278372e-02   5.4983995e-01  -5.6225544e-02  -5.2917696e-02   3.6448717e-02  -2.5977383e-02   3.8075562e-02   3.1077777e-01   1.9723336e-03  -1.1672496e-01   7.6376918e-02  -1.3099378e-01  -1.7363936e-01  -1.9225931e-01  -2.6131215e-02  -1.4186942e-02  -2.6936245e-02  -2.1715690e-03   2.2704517e-01   1.9823724e-01   1.3431430e-01  -6.3088726e-02   1.3549031e-02  -6.8175782e-02   2.3511087e-01   1.5525864e-01  -4.7527778e-02   5.9529771e-01  -7.2799412e-02  -1.3702024e-01   1.6660868e-01  -1.9627055e-01   3.4169293e-01   3.6730187e-01   2.4772942e-01   1.3803827e-01  -3.8738057e-03  -4.4842055e-02   2.3021007e-01   3.1597920e-01   1.1185774e-01  -1.9061317e-01  -8.2499138e-03   4.0888028e-01   3.7673626e-01  -1.3602036e-01   3.5994722e-02   5.7734537e-02  -1.2237589e-01   1.5069481e-01   4.3836554e-02   3.9963969e-01  -6.0159666e-02  -6.6336731e-02   3.2800291e-01   1.9353726e-01  -2.5166621e-01  -2.4057607e-01   2.1656857e-01   6.1122977e-01  -2.8369108e-01   2.9488719e-01   2.7814038e-01   3.6093626e-02   2.0524995e-01  -3.1247231e-02   2.2972446e-01   7.4700691e-02  -3.0040382e-01   1.7260560e-01  -1.5994878e-01   4.0359471e-01   2.2571117e-01   4.0296917e-01   2.2269807e-01  -1.1621306e-01  -2.0133297e-01   3.3345571e-01   1.7801506e-01   1.9538174e-01  -1.5238755e-02   4.0225055e-01  -1.3934400e-01   4.6184424e-01  -7.9087547e-02  -2.4228410e-01   1.4430706e-02  -6.5368831e-02  -8.7420075e-02  -4.5743165e-03  -1.9257362e-01   1.8422913e-01  -4.4429417e-02  -2.0746586e-01  -2.8805796e-01   1.9383407e-01  -8.2102524e-02   2.9543471e-01   2.6223435e-01   9.2358425e-02   1.6333483e-02   9.3639711e-03   1.5264970e-03   9.7935705e-02   3.3144360e-01  -2.6785873e-01  -7.4014532e-02  -1.4430291e-01   3.5705774e-01  -1.5965871e-01   2.7966125e-01   5.2996720e-01  -1.3477313e-02  -5.5061577e-02   5.1850589e-01  -1.1151694e-01   2.2574960e-02   1.6114956e-01   3.6043903e-01  -1.6556097e-01  -2.0730951e-01   1.7770644e-01  -1.4329010e-01  -4.2880002e-01  -2.4660142e-01  -5.6982518e-03  -1.6723995e-01   2.7073788e-01  -3.5912786e-02   8.1528823e-02   1.5665648e-01  -1.1040733e-01  -1.7579057e-01   2.3676682e-01   5.4908392e-02  -8.2748431e-02   9.7598983e-02   3.9901580e-01  -1.5136878e-01   2.4659451e-01   3.3818469e-01   1.2710156e-01   5.8778080e-02  -1.5169250e-01  -1.0404866e-01   2.5999696e-01   3.0908746e-02  -3.1678255e-01   8.5227903e-02  -1.2248975e-01   9.4458572e-02  -2.3506737e-01   5.0614750e-01
  -3.3957081e-01   6.4830848e-01  -3.0383272e-03   1.6371173e-02   3.7021817e-01  -1.1172549e-01   9.1767133e-02   2.8090274e-01   0.0000000e+00   2.3162923e-02  -2.8058719e-01   2.3471472e-01  -1.7723264e-01  -3.4538965e-01  -2.7484692e-01  -5.4174321e-03  -8.7461826e-02  -8.1462445e-02   3.1910381e-01   1.3367575e-01  -4.3035301e-01   1.8990184e-01  -4.0344611e-01  -1.1587698e-01   6.3843549e-03   4.9511715e-01  -8.0291380e-02  -1.4106033e-01   2.0436876e-01  -2.0327076e-01  -7.3270563e-02   3.7732779e-01   2.2150080e-02  -3.3087157e-01   3.6273256e-01   8.0681269e-02  -3.5599336e-02  -3.6616470e-01  -1.1306960e-01   3.6596442e-01   9.1611502e-03  -1.1372380e-01   4.7196845e-01  -7.9700330e-02   1.8512780e-01  -1.9953335e-01  -2.8838647e-01   2.3474244e-01   2.2845108e-03   1.5992867e-01  -3.2445966e-01   5.1125098e-01   8.5179290e-02   3.3383128e-02  -6.2720174e-02  -2.8468260e-01   1.6065045e-01   1.8394691e-01   1.4382536e-01   3.7555152e-03  -1.2360683e-01  -1.9697705e-01   5.9787492e-01   3.7210529e-01   4.1904394e-01  -1.3229666e-01  -5.5110540e-02   8.3867492e-02  -7.7708169e-03  -1.9571620e-01   3.4352727e-01  -1.5447587e-01  -3.7200827e-02  -1.7347849e-01   7.1369643e-02   2.9923492e-01  -1.8583641e-01   8.7000411e-02   4.9904288e-01   1.5960260e-01  -2.1761510e-01  -2.3040149e-01   1.8059927e-01   3.2303349e-01  -4.5241733e-01   2.2270790e-01   5.2741971e-01  -1.8766657e-01   3.5010684e-01  -2.2924319e-01   4.3116451e-01  -1.1341459e-01  -2.4653236e-01   5.7443229e-01  -3.3632516e-01   5.6877081e-01   8.0551207e-02   3.7605106e-01   2.4713387e-01   3.2196476e-02  -3.0976262e-01  -2.7565930e-02  -2.6612162e-02   7.1324797e-02  -1.9275577e-01   3.4656049e-01  -1.4088985e-01   3.8254114e-01  -2.0246091e-01  -3.4261962e-01   8.5906044e-02  -2.1450587e-01  -1.0909305e-01  -2.6012412e-01  -3.0439663e-01   5.4563744e-01   9.6744428e-02  -6.4271844e-02  -4.1313712e-01   3.9084853e-02  -2.2603161e-01   3.8758677e-01   3.2118977e-01   3.8937527e-01  -9.4615645e-02  -1.0687882e-01  -2.8404619e-02   8.8988399e-02   2.0625332e-01  -6.5231293e-02  -7.6023642e-02   4.1284993e-02   2.9489493e-01  -4.1601726e-01   2.6344113e-01   2.9293109e-01   1.0225773e-01  -9.7574373e-02   2.1897968e-01  -3.3114445e-01  -9.8180642e-02  -8.0406967e-02   2.8831677e-02  -2.1894626e-01  -3.1042271e-01   2.2080673e-01  -7.0639945e-02  -3.9749237e-01  -2.8581283e-01   1.1241682e-01  -3.0086135e-01   5.6411178e-02  -1.9874852e-01   1.2843825e-01   5.2840030e-01  -3.4200926e-01  -2.0635905e-01   1.5256162e-01  -8.4701890e-02  -2.0210383e-01   2.0867125e-01   1.9286038e-01  -1.7814605e-01   2.1988548e-01   4.3523273e-01   5.4423467e-01   2.9473460e-02  -2.4691999e-01  -2.8409248e-01   2.8212536e-01   3.7799730e-01  -3.8376757e-01   3.7168843e-02  -3.7889599e-01   4.6783602e-02  -1.5131534e-01   3.3680059e-01
  -1.1612395e-01  -1.7749291e-03  -1.5026211e-01  -1.1359532e-01  -4.3515485e-01   1.8253384e-01   5.5641189e-01   4.5550730e-02   2.3162923e-02   0.0000000e+00  -4.9107164e-02   1.6420142e-01  -9.3012936e-02   1.3849649e-01   5.9156355e-01   1.2328144e-01  -1.3316043e-01   2.6780168e-03   1.1033340e-01  -2.0755616e-01   1.7893610e-01  -8.3103724e-02   2.1722500e-01  -2.0775187e-01  -2.9854724e-01  -1.4365771e-02  -4.1978831e-02   3.6832791e-01  -1.9943512e-01  -1.6724875e-01   5.0729117e-01  -2.7637877e-02   8.4428026e-02   4.0810878e-01   3.0079339e-01  -1.1087505e-01  -7.3670853e-02  -4.0759027e-02  -4.3363362e-02  -7.0005779e-02  -8.1850223e-02   9.2442451e-02  -5.8307678e-02   6.9916217e-02   3.6493388e-04  -1.8801814e-02  -3.0001596e-01   3.4850796e-01  -3.3306514e-01  -2.1870126e-01   9.8408814e-02   9.3848734e-03   2.5368387e-02  -1.6141179e-03   1.0872503e-01   1.4764459e-01   8.1185115e-02  -1.4234825e-01   6.7583046e-02   1.9378390e-01   1.1722630e-02   5.9329571e-02  -1.9153404e-01   1.7535089e-01   3.5849580e-02   6.2862370e-01  -1.0359517e-01  -2.0278869e-01  -3.4245098e-01   6.6756477e-02   1.3843586e-01  -2.7693560e-01   8.6439483e-02  -9.7284253e-02  -2.6825371e-01   1.8655354e-01  -5.2429694e-02  -1.9849130e-01  -3.4751294e-01  -2.0823788e-01   3.6268159e-01   1.5723395e-01  -6.7802173e-02  -1.4077379e-01   9.5000968e-02   5.9474780e-03   1.9001098e-01   2.4747904e-01  -1.3102188e-01  -6.8418456e-02  -1.3796159e-01  -1.5198352e-01   2.2731677e-01  -1.1292146e-01   2.3050483e-02  -3.1183399e-01  -2.5445301e-01   5.6713378e-02  -1.4282383e-01   5.9614257e-01   2.9690383e-01   1.8536260e-01   3.4107718e-06   3.1619295e-01  -1.1996560e-01  -8.4613017e-03  -9.5865904e-02  -4.0437711e-02  -1.6984369e-01  -1.8044676e-01   2.6953144e-01  -1.9424867e-01  -1.9259054e-01   1.4333217e-02   2.8549369e-01  -2.8957450e-01  -1.5552289e-01   5.0720597e-02   2.9680177e-02  -2.6439074e-01   7.4241241e-02  -2.2091839e-01  -4.8060172e-02   1.5312973e-01  -7.9225961e-02   1.5411779e-01   1.5475584e-01  -3.1665888e-01  -1.2567679e-01   1.0478107e-01   1.8214624e-01   3.3576327e-01  -2.2994826e-01   4.1229671e-01  -2.1182091e-01  -9.2510547e-02  -1.6894475e-01   4.7053398e-01  -2.9245490e-02  -7.0223260e-02  -7.7833572e-02  -2.7986073e-01  -8.8443720e-02   3.1877323e-01   5.0904043e-01   3.4543782e-01   5.1237938e-01   4.1508644e-02  -1.1103769e-02   4.9521091e-01   1.4491500e-01   6.1947406e-02   1.0602482e-01   2.0345092e-01  -1.3407096e-01  -2.3722514e-02   4.0666949e-03   1.5880937e-01  -2.9613974e-02   1.3315259e-01  -2.5499292e-01  -1.3411223e-01   4.2823503e-01  -2.3472018e-01  -3.7460499e-02  -1.4968814e-01   2.5251740e-01  -3.0361399e-01   1.3843586e-01  -3.6625478e-01   2.0605151e-01   4.6306940e-02  -4.7674200e-01   1.6503590e-01   1.0484159e-02   8.9236133e-02  -1.1900257e-01
   1.6354356e-01  -5.6093574e-01  -3.0274558e-02   3.6094603e-01  -1.5174264e-01   1.7256931e-01  -1.8177765e-01   1.3417832e-01  -2.8058719e-01  -4.9107164e-02   0.0000000e+00  -2.5135342e-01  -7.2554029e-02   1.7344521e-01   2.0754035e-01   7.4093596e-02   8.8681045e-02   4.6253557e-01   2.1776119e-01  -8.7008461e-02   4.0765378e-01   1.1298210e-01   3.0107843e-01   5.0436438e-02   1.3698131e-02  -1.7674059e-01   2.6336441e-01  -3.8164343e-02  -1.3457210e-01   2.6024110e-01   8.8602833e-02   7.1213716e-02  -3.8922504e-01   3.4747546e-01  -2.8066491e-01   3.3939858e-02  -2.8111182e-01   1.5637946e-01   3.7365111e-01  -2.3667159e-01   1.9550462e-02  -1.7479701e-01  -3.5389136e-01   2.3707323e-01  -1.0240329e-01   9.0608837e-02   6.5493784e-01  -2.2112821e-01   1.4156953e-01  -2.3257948e-01   5.6639712e-01  -1.9161068e-01  -1.2006464e-01  -2.0764076e-01   1.1302560e-01   4.3326380e-01   2.1104966e-01   3.1640261e-01   2.7850887e-01   1.5547518e-01   6.3390210e-02   2.2577005e-01  -2.7900266e-01   7.5613838e-02  -3.6117699e-01   5.5866968e-02   2.1598840e-01   2.2057729e-01   4.4789589e-01   8.5004184e-03  -4.9739827e-01   5.5426283e-01   1.7639594e-01   9.3629902e-02  -2.5694929e-01   3.7938745e-02   5.3314168e-02   1.2452836e-01  -2.9048446e-01   2.3700629e-01   6.0406420e-02   1.2538245e-01  -8.5044840e-03  -9.4294074e-02   1.3027287e-01   1.5000179e-01  -3.1318503e-01   2.1247801e-01  -3.0776454e-01   1.3710437e-01  -2.7585526e-01   5.4244948e-02   4.2607235e-02  -6.4149792e-02   9.0501337e-02  -3.4572551e-01   2.6584508e-01   1.0435759e-01   2.1639673e-01  -7.8734193e-02  -2.9765922e-02   3.8645366e-01   9.7986879e-02   1.6448092e-01   5.1507615e-01  -1.3357552e-02  -1.6794715e-01   1.7980139e-01   1.8412953e-01   4.2375348e-01  -1.4760549e-01   4.7971328e-01   1.9075801e-01   1.6384145e-01   5.4267233e-02  -3.5525267e-01   2.0612498e-01  -6.9315634e-02   1.6909824e-01   1.6258689e-01   1.1115434e-01  -3.0597106e-01  -1.0926753e-01  -2.1142356e-01   4.0338402e-03   9.4303652e-02   6.3568885e-02  -5.9457540e-02   3.0719140e-01   1.0935927e-02  -1.0394493e-01   2.0966535e-01  -8.3079661e-02   4.4613631e-01   1.3787284e-01   5.4898132e-02  -1.2975188e-01   7.2674875e-02   1.1797105e-01   1.5254269e-01   5.2803755e-02   1.5586044e-01   5.2318212e-01   9.7580954e-02   1.5825845e-01   2.8131777e-02  -2.7956453e-01   2.4290317e-01   2.9083470e-01  -2.2545451e-01   4.3477931e-02  -1.2813981e-01   4.6080582e-02   3.6834755e-01  -3.4410148e-01   1.4352896e-01   3.6649291e-02   3.0809274e-01  -3.9932035e-02   2.4021551e-01  -9.5738579e-02   3.6685362e-01   1.1229403e-01   2.7545064e-01  -1.3565376e-01  -3.9207047e-01   3.4275743e-01   1.1185111e-01   1.2200985e-01  -1.4201709e-01  -3.2345615e-01  -4.4320433e-02   4.0677809e-01   1.8170203e-01   1.1282568e-01   8.8983696e-02  -2.1189437e-02
  -9.6108350e-02   5.9534747e-01   5.3862490e-01  -4.3093509e-01   1.8653236e-02   1.2538002e-01   9.8501307e-02   1.4407957e-01   2.3471472e-01   1.6420142e-01  -2.5135342e-01   0.0000000e+00  -1.6449086e-01   1.8090314e-01   6.4619686e-02   2.3886313e-01   3.9321999e-01  -1.6865541e-01   8.8738939e-02   7.0117811e-02  -4.1684677e-01  -2.1699165e-01  -3.8562381e-01  -2.1896270e-01   2.6188383e-02   2.7217765e-01  -1.4158117e-01   8.0547056e-02  -1.1171738e-01  -3.7324365e-01   1.7339582e-01  -7.7826349e-02   1.8700868e-01  -3.5239069e-02   1.8101037e-02  -1.4906555e-02  -3.0009238e-01  -1.4411935e-01   9.1256833e-02   4.0170195e-01  -6.8574245e-02   1.7671949e-01   2.2930413e-01   3.7119002e-01   2.0399926e-01   1.0056798e-01  -2.4478858e-01   1.3498113e-01  -1.7952691e-01   3.5905226e-01  -2.0214853e-01   1.7580155e-01  -1.5672032e-01   2.0857506e-01   3.2828104e-01  -3.3797329e-02   7.2552537e-02  -2.5875938e-01  -1.5759879e-01   3.7771347e-01   9.9704283e-02  -9.4951388e-02   3.2652343e-01  -1.2619006e-01   1.9231462e-01  -2.0636668e-01   5.2447312e-03   1.6688271e-01  -2.8942616e-01   1.1472273e-01   3.3369935e-01  -3.2823074e-01   6.2941751e-02   1.8580629e-01   7.3332502e-02  -3.4178737e-02   9.7048160e-02  -1.0817583e-01   4.2391352e-01  -4.3913755e-02  -1.9104338e-01  -2.1345357e-01   4.5230331e-01   1.0420249e-01   1.1560436e-01  -2.0977717e-01   3.9302665e-01  -8.6025177e-02   4.9433941e-01  -6.5375758e-02   1.0949422e-01   1.4226025e-01   5.6520100e-02   2.0790399e-01   6.2737022e-02   2.9840613e-01   1.3903837e-01   1.3477621e-02   1.4854031e-01  -1.2474032e-01   2.0434896e-01   3.7297555e-01  -3.4561422e-01   1.4837046e-01  -4.2024029e-01  -1.5017186e-02   5.3976211e-02  -9.8009415e-02  -4.9500204e-01  -3.0759430e-01   5.2148278e-01  -4.5783716e-01  -1.6015925e-01   2.8458609e-02  -2.3022451e-02   2.0596885e-01  -8.2180779e-02   7.1871809e-02   4.8474350e-03  -2.0152531e-01   9.4151460e-02   3.2642011e-01   5.5641115e-01   9.2894583e-02   6.3180765e-02  -1.7818642e-01   2.2958082e-01   1.3624475e-01  -1.6194847e-01   2.3661641e-01   6.9879208e-02   1.5965651e-02   3.2492371e-01  -5.0158368e-02   1.2879598e-01  -1.3047823e-01   3.3546769e-02   9.1464968e-02  -1.7904759e-01  -1.9825431e-01   9.5395702e-02  -1.5733496e-01  -2.0483065e-01   2.5304602e-01   2.5190065e-01   2.9929019e-01   3.8186010e-01  -4.4859439e-01  -4.6629269e-01   2.9289886e-02   7.1047856e-02  -4.7566298e-02   3.0602361e-04  -8.1404178e-03   5.5671107e-01  -6.1248007e-02   1.7247210e-01  -5.6792721e-02   1.9599850e-01  -1.6905771e-01   1.9352973e-01  -7.5344938e-03  -3.2147885e-02  -2.5850948e-01  -1.9580544e-02   2.4355992e-01   8.6706564e-02  -1.4453710e-01   9.0434849e-02   1.5103360e-01   2.1060396e-01  -3.7689646e-02  -2.8048152e-01   1.5020076e-01   1.1907269e-01  -9.2336621e-02  -6.7289069e-02
   6.7568962e-02  -1.9780791e-01  -1.7497456e-01  -8.3251627e-02   2.1588258e-01   2.0847168e-01  -2.0062302e-01  -6.4080712e-02  -1.7723264e-01  -9.3012936e-02  -7.2554029e-02  -1.6449086e-01   0.0000000e+00  -1.4847069e-01  -2.5729848e-01   1.2179184e-01  -5.0322060e-02   7.4633452e-02  -1.8927042e-02   2.7600845e-01  -2.5179459e-02   6.8309131e-02  -1.8011388e-02   7.8516593e-02   1.5177290e-01  -1.2056959e-01   2.3951597e-02  -2.5574199e-01   2.2529135e-01  -3.4420486e-03  -3.4322405e-01   2.8108820e-02   3.2936554e-01  -2.6534940e-01   9.3840434e-02   7.2667366e-02   1.5797974e-01  -5.2621111e-02   2.6006486e-01   7.7282150e-02   6.9028129e-01   3.4515083e-01   1.4065663e-01  -2.7780881e-01   5.2373901e-02  -2.1149120e-01  -1.6160755e-02  -4.0603591e-01   1.0930949e-01   8.5467935e-02   1.7458755e-01  -1.7682430e-01  -1.1989835e-01  -3.1372720e-03  -1.1858301e-01  -1.2795177e-01  -3.2604530e-01  -9.6097385e-03  -3.0975167e-02   5.8403394e-02  -2.7837340e-01  -5.8259783e-02  -8.0282118e-03  -2.5478870e-01  -2.2757413e-01   2.7572903e-02   1.0523748e-01   1.0411698e-02   2.4970649e-02  -1.5975682e-01  -2.3704333e-01   2.5320778e-02   1.4334796e-01  -2.2561983e-01   2.5541946e-01  -7.8902957e-02  -2.4144657e-01  -2.3147490e-02  -1.2348131e-02   2.0058731e-01  -1.6573950e-01   1.6870982e-01  -1.6210921e-01   6.2651106e-02  -1.5677159e-01  -1.3475877e-01  -2.8702319e-01  -1.6209841e-01   3.0814640e-02  -8.1441892e-02  -1.3032577e-01  -1.0951068e-01   1.0606946e-01   1.1639628e-01  -1.8204232e-01  -7.2495944e-02  -5.9310014e-03  -2.2866992e-01  -1.9413160e-01  -5.5328328e-02  -2.5445639e-01  -1.3080683e-01  -1.4192433e-01  -1.0304432e-01   1.3863297e-01   6.7220940e-02  -3.9719028e-02  -6.5849183e-02   8.2271808e-02   5.0157559e-02  -2.0998173e-02  -3.0735996e-02   1.1001433e-02  -1.1788484e-01  -1.7278822e-01  -5.7729185e-02  -1.7223418e-01   4.9963466e-01  -1.1750712e-01   1.3054333e-01  -1.7840559e-01   1.9378912e-01  -5.1930433e-02  -9.9841542e-02  -2.1145168e-01   3.0794172e-02   1.1906987e-01   2.2851337e-01  -3.6569114e-03  -3.5339856e-02   3.9703502e-01  -1.1021718e-01  -1.3873913e-01  -2.8436280e-01   1.4562001e-01  -6.8586965e-02   1.7691410e-01  -3.6907965e-01   3.5066271e-02   2.7954510e-01  -7.2697154e-02   3.0575094e-01  -1.5161360e-02  -1.1895827e-01  -2.7243095e-01  -2.3226554e-01  -2.2510698e-01   2.0286288e-01   8.8964204e-02  -3.0093610e-01  -1.2100675e-01  -2.8042199e-01  -1.1581649e-01  -8.7773590e-02  -1.3085583e-01  -1.1519533e-02  -1.9602883e-01   4.5348244e-02  -2.9664672e-02  -1.8804455e-01   1.4504329e-01  -8.6181764e-02   2.2432735e-01   1.1688084e-01   9.6283478e-03   3.2971664e-02  -1.1852870e-01   8.3418502e-02  -8.2972606e-02   1.0766134e-01  -1.4980872e-01  -1.3572141e-01   8.6461654e-02  -2.5014275e-02   4.3242434e-02   9.0654163e-03   1.5177150e-01
   4.8887139e-01  -2.5634965e-01   2.5732310e-01  -1.6360186e-01  -5.2816257e-01  -4.4591020e-03  -1.2037369e-01  -2.4271083e-02  -3.4538965e-01   1.3849649e-01   1.7344521e-01   1.8090314e-01  -1.4847069e-01   0.0000000e+00   3.6479884e-01   1.9907131e-01   2.5138727e-01  -1.7332290e-01  -1.7279339e-01  -4.8998251e-01   3.4667514e-02  -1.3556726e-01   4.6130558e-02   4.1995395e-01  -2.4890579e-02  -2.2684917e-01  -1.1891436e-01   5.8801060e-01  -3.2632839e-01   1.0683309e-01   2.7430312e-01  -2.9242969e-01   3.3687071e-03   1.7639945e-01  -2.5052767e-01  -3.3207688e-01  -3.6152678e-01   2.1624961e-01   9.0342405e-02  -2.4207743e-01  -1.6142262e-01   1.6669181e-01  -3.6140073e-01   2.7026790e-01  -1.9816571e-01   3.6323608e-01  -7.0185014e-03   1.0351810e-02  -2.0467639e-01   2.0038586e-02   7.1876379e-02  -2.9649240e-01  -4.1150203e-01   1.9799135e-01   5.2905139e-01   4.1367777e-01   2.5161360e-01  -2.3162325e-01  -1.3910017e-01   1.7971420e-01   3.0177010e-01  -7.5109006e-02  -3.4310048e-01  -1.9035793e-01  -2.0419345e-01  -1.0557984e-01  -2.5413028e-02   1.2797397e-01  -7.3857782e-03   4.0421339e-01  -1.8297655e-01  -5.4123819e-02  -1.6297567e-01   5.1631007e-01  -1.7642666e-01  -4.3224095e-02   3.7354974e-01  -1.2125961e-02  -3.2654505e-01  -3.2250144e-01   3.2043427e-01   2.5266426e-02   2.1912474e-02  -7.6165996e-02   6.1095406e-01  -1.1503878e-01   7.5407340e-02   5.2060254e-01  -9.5571014e-02   3.6662627e-01  -2.3841968e-01   3.0862294e-01  -2.7812094e-01  -3.1516930e-01   3.5246540e-01  -3.3039447e-01  -4.4699847e-03  -1.7635219e-01  -1.5805157e-01  -3.1246540e-02   6.6660557e-01   1.9676813e-01   3.5169266e-04   2.7854767e-01  -8.5895377e-02  -2.4267542e-01  -8.0161318e-03  -1.5928600e-01  -2.3954886e-01  -8.5510897e-02  -1.1645041e-01   4.7613517e-02  -2.4886480e-01   4.0288772e-01   5.8408434e-01  -3.5723116e-01   2.8506720e-02   1.9874827e-02   5.7021408e-01  -1.6428572e-01   5.2500033e-01  -4.4001622e-01   2.1311266e-01  -2.2256913e-01   2.8726164e-01   4.1824682e-01   6.8653912e-02  -1.8861580e-01  -1.5498709e-01   1.7501393e-01   3.6352246e-02  -1.1107601e-01   6.3060180e-02   3.7296303e-01  -2.7106232e-01  -1.9316379e-01  -3.6336939e-01   4.7045116e-01  -1.8080131e-01   1.2042399e-01   4.8233964e-01  -9.5783073e-02  -6.0811924e-02   3.3430435e-01   4.5654524e-01   1.5336547e-01   2.2590289e-01  -1.9221335e-01  -2.6890804e-01   1.0414367e-01   5.6261551e-01   5.4772473e-02   5.2196281e-01   6.7433392e-03  -2.9153391e-01   4.1599949e-01   3.7695436e-01  -7.0625401e-03   1.7670968e-01   2.3018626e-01  -1.5971515e-01   3.8396309e-02  -2.1971561e-02  -3.1805987e-01  -2.2569891e-01  -4.8193675e-01   5.9426362e-02   1.9131462e-01   5.4781910e-01  -3.5815840e-01  -3.5611799e-01   2.1905307e-01  -4.4638392e-01   4.1143665e-01   1.0650194e-01  -9.1577903e-02  -2.2358421e-01
