   0.0000000e+00  -3.8792215e-02  -2.5766480e-01   1.3083398e-02  -2.9752041e-01   2.2470052e-01   4.1069174e-02   1.3680197e-02   3.8719838e-02  -2.4042206e-01  -3.3057261e-01  -1.3320877e-02  -4.2953571e-01   3.6443407e-01   2.5139927e-01   3.6906678e-02  -2.5765348e-01   4.5289941e-02  -6.6858097e-02  -2.6097884e-01  -1.9621307e-01   2.2376070e-01   1.1321339e-01   5.5559064e-01   1.7510383e-02  -2.9428805e-01  -2.4048451e-01   4.0653048e-01  -1.9986719e-01   1.8994059e-01   1.2620630e-01   4.8420923e-02   1.7204533e-01  -2.4879390e-02   1.4192714e-01  -2.7171354e-01  -2.3304477e-01   1.2145711e-01   2.5213321e-02  -2.2728195e-01  -2.6949759e-01   8.1502671e-02   1.1304330e-02  -2.6834777e-01   8.0228594e-02   1.8489636e-01  -2.0206457e-01   1.2184602e-01  -1.4782857e-01  -2.8610867e-01   1.4116819e-01  -2.3054307e-01  -2.3650222e-01   3.0017770e-02   1.1899470e-01  -1.7716303e-01   3.2600351e-01   6.4128628e-02  -1.1628167e-01   3.8161698e-01   3.0368170e-02   1.1040700e-01   1.7872882e-01  -4.3810201e-02   8.6803292e-02  -4.1265208e-02  -3.6052660e-02   1.4470452e-02  -1.7369399e-02   2.9152257e-01  -9.8690794e-02  -2.5719198e-02  -1.5877995e-02   4.5462202e-01   1.1423249e-01   1.0935613e-01   3.4127468e-01  -3.3654117e-01  -2.8789905e-01   1.0862353e-01   1.9878488e-01   1.2875860e-01  -2.7189317e-01  -1.1449499e-01   5.3364398e-03   1.3620717e-01   4.5917096e-02   2.9814396e-01   5.0701713e-02   6.1696292e-01  -1.5438340e-01   8.1061749e-02  -2.3434949e-01  -2.7190674e-02   1.9914432e-01  -3.4101402e-01   8.9256764e-02  -2.4019940e-01   9.3879361e-02  -4.2225291e-02   6.0699324e-01   1.4428178e-01   2.3393359e-01   3.4847689e-01   2.4641134e-01   8.7509964e-02   1.4883793e-01  -2.0726835e-01  -4.8810419e-03  -4.0552012e-01  -2.1691736e-01   2.8870964e-01   1.8419031e-01   7.2370778e-01   4.9210237e-01  -3.1618145e-01  -2.2058763e-01  -1.9543094e-01   3.4559391e-01  -8.1685253e-02   5.1821899e-01  -1.7483289e-01   1.5519020e-01   1.5595028e-02   4.4271049e-01   6.8182540e-01   1.3104262e-01   2.1255515e-01   8.6005360e-02   1.4304656e-01  -1.0812545e-01  -3.4997696e-01  -4.1678448e-02  -2.5229277e-02   3.0009524e-02   2.7130559e-01   1.8488967e-01   1.4135147e-01   2.9759450e-01   4.5056045e-01   5.7841352e-01  -2.3055823e-01  -1.4167078e-01   1.9443422e-01   3.6945417e-01   1.5396476e-01  -1.7525888e-01  -2.8303948e-01  -2.2218973e-01  -1.2888315e-01   5.9270063e-01   1.1221046e-01   6.2849794e-01  -3.4350722e-01  -7.1332533e-02   3.1959138e-01   5.0355207e-01   5.2714749e-02   1.5941169e-01   1.9752074e-01   1.1470979e-01  -3.2411685e-01  -2.1032208e-01  -1.1079883e-01   1.6280313e-01  -2.8820050e-01  -2.4754178e-01   7.8542367e-02   5.6191785e-01  -4.0320260e-01  -1.0223091e-01   1.1337537e-01  -3.2372871e-02   2.2287183e-01  -1.2714864e-02   4.7967854e-02   2.4696315e-01
  -3.8792215e-02   0.0000000e+00   8.1039336e-02  -7.9175540e-02   4.4364705e-01  -9.0667358e-02   3.7657834e-01  -2.3136905e-01  -1.4739887e-01   1.5843831e-01  -2.3088259e-01   5.0909795e-01  -1.4735871e-01   5.0425660e-01  -7.3987135e-02   5.5325722e-02   2.6013662e-01  -4.4875317e-02  -7.0412415e-02   2.0730573e-01  -3.3829278e-02  -7.0813317e-02  -6.8617449e-02   1.1767914e-01  -1.0873580e-01  -1.3200291e-01   1.8436752e-01   9.1421528e-02  -3.2661936e-02   2.6199740e-01   5.4571884e-01  -6.3347778e-02   1.3240302e-01   1.4083120e-01   1.7151856e-01  -6.2931628e-02   9.3564063e-02  -1.7803972e-01   1.1388648e-01   3.1814602e-01  -1.3483774e-01   1.1393321e-01   1.3716803e-01  -5.0365758e-02  -9.2684189e-02  -1.2504510e-01  -3.3775018e-01   3.6597108e-01  -7.7504214e-02   8.3705812e-02  -2.9674943e-01  -1.0847889e-01   3.6492624e-01  -1.5908933e-01   1.5126282e-01   9.2036590e-02  -3.4508391e-02   4.4876271e-03   2.6201443e-04   4.1116111e-02  -2.0245440e-01  -2.7682104e-01  -5.4253902e-02   1.5234273e-01   5.8308581e-02  -1.4834846e-02   1.5794649e-01   2.3532932e-02  -2.7877614e-01  -1.1609293e-02   5.7626308e-01  -3.3598804e-02   5.4579295e-02  -1.5661553e-01  -8.0210255e-02   1.8863577e-01  -2.1803155e-01  -1.8619215e-02   2.0855594e-01  -2.1470733e-02   2.1442940e-01  -2.7757520e-02   5.0485489e-02  -1.8989577e-01  -5.1895477e-02   8.0981530e-02   5.3428748e-01  -7.9194776e-02  -8.6580401e-02  -6.4404914e-02   3.6719542e-01  -2.3885124e-01  -4.2717128e-02  -6.7027683e-02  -1.8310697e-01   1.5850160e-01  -1.3280096e-01  -4.8582653e-03  -7.5427299e-02  -6.6530952e-02  -2.4512689e-02  -4.7649155e-02   2.3618595e-01   7.2889097e-02  -2.0291955e-02   6.2869955e-02  -1.0491900e-01  -2.4846134e-01  -5.2608716e-02   2.7994912e-02  -8.8549705e-02   9.8311148e-02  -3.6990560e-02  -1.5446975e-01   4.0903215e-02   2.6709411e-01   1.2901637e-02   5.6170645e-02  -5.5002624e-03  -9.7111180e-02  -9.5028197e-02   5.2758315e-01   4.9254081e-02   3.4296482e-01  -2.4413428e-01   3.6425462e-02  -9.5411240e-02  -1.8575468e-01  -8.5174401e-02   1.9848449e-01   5.4228152e-02  -2.0861713e-01   5.4630388e-01   1.9203165e-01  -8.3789826e-02  -1.5875928e-02  -6.8713325e-02   2.4744057e-01  -1.0872205e-01  -7.3138360e-02   3.1192078e-02   2.7913998e-02  -1.4850154e-01   1.2113114e-01  -6.8617070e-02   5.4346906e-02   7.3056756e-02   1.7792102e-01  -1.8247106e-02   2.4519583e-02  -2.2660940e-01   9.6997471e-02   3.2386277e-02   1.7425409e-02   3.1965180e-01  -6.9598780e-02  -1.9203693e-01   1.1507644e-01  -2.0446340e-01   7.4564644e-02   2.7007730e-02  -1.0779629e-01   2.3591659e-01   3.4733816e-01  -7.6915794e-02   4.1228378e-01   1.2151165e-01   1.0963157e-02  -7.9561438e-03   2.5326820e-01  -8.9801389e-03  -1.1577995e-01   1.7190949e-01   9.5167978e-03  -1.4720986e-02  -2.6459103e-01  -7.8811885e-02
  -2.5766480e-01   8.1039336e-02   0.0000000e+00  -2.5933562e-01   1.6280838e-01   1.9323635e-01  -9.9571702e-02   6.2467741e-02  -1.6517189e-01   1.5570208e-01  -4.1171356e-02   1.3881137e-01   8.4524020e-02  -2.4833121e-01  -1.9971529e-01   1.0107090e-01   8.4501337e-01  -2.1271132e-01  -2.8519845e-01   3.1488771e-01   1.1736622e-01  -3.9788116e-01  -1.0945541e-01  -3.0185791e-01   8.2447989e-02  -2.3602475e-01   4.0606147e-01  -1.0468380e-01  -2.1886998e-01  -4.0712046e-01  -1.7990401e-01  -2.4869729e-01   1.2141227e-01  -8.5365525e-03  -3.8091929e-01   4.2794020e-01  -2.6632341e-01  -2.9101739e-01   1.6627752e-01   6.1288283e-01   1.5364529e-01   2.0625324e-01   1.0872184e-01  -9.3433516e-02  -4.0566822e-01   5.0811050e-01  -9.9123584e-03  -4.0292304e-01   7.5423911e-02   5.8444236e-01  -1.6597761e-01  -2.3323390e-01  -6.6428818e-02   4.5058607e-01   7.9312319e-02  -1.0051682e-01  -2.5644427e-01  -2.1949215e-01  -3.9910573e-02  -3.8727166e-01   6.0302852e-01  -9.8843583e-02   6.1946649e-02  -1.2556902e-01  -4.6215513e-01   1.1059574e-01   2.6770770e-01   1.0893015e-01  -1.8910111e-02   5.5605274e-01   6.6751418e-02  -3.8103661e-01  -4.9533101e-02   6.3832906e-03   1.9444429e-01  -3.4356191e-01  -6.7958389e-02  -3.0397687e-02   2.7864908e-01  -3.4726359e-02  -1.9057404e-01   6.6183600e-03  -5.1610739e-02  -1.4880521e-01   3.5856686e-01  -2.3404844e-01  -9.1785672e-02  -3.9977188e-01   1.2191562e-01  -2.4818759e-01   2.2081799e-01   6.3126987e-01   2.7802631e-01   2.0888777e-03  -2.5754984e-01   2.7567015e-01  -1.7940446e-01  -4.6600677e-02   1.4411901e-01  -8.4273774e-03  -1.3416394e-01  -2.4762128e-01  -2.0699277e-01  -3.0703317e-01  -3.9101683e-01  -6.2436903e-02   3.2929107e-01  -6.3752121e-02  -2.2417543e-01   1.9941902e-01   2.3073570e-02  -4.1672208e-01  -2.5508976e-01  -2.9746482e-01   1.1044553e-02  -1.4152325e-01  -7.3899707e-03  -1.0142961e-01   1.8222957e-01  -3.1790677e-01  -3.3113833e-01   5.3836590e-02  -1.4673271e-01  -1.8081000e-01  -6.7896747e-02  -4.1516409e-01  -2.4210991e-01  -3.0874588e-02  -2.1907789e-01   5.5750821e-01   1.3519465e-01   2.3703668e-02   2.5446166e-01  -9.6227814e-02  -1.6168084e-01  -1.8478826e-02  -3.6731925e-02   3.8634460e-02  -1.7740725e-01  -2.5915530e-01  -4.1482264e-01   2.3711160e-01   2.1112988e-02   2.0899778e-01  -2.5641427e-01  -3.5245604e-01   5.2393018e-01   3.6199019e-01   2.0719179e-01   7.5585893e-02  -2.5437595e-02  -1.5037633e-01   1.1858164e-02   1.7200423e-01   5.5079576e-01  -3.6839755e-01  -1.7624590e-01  -2.5622010e-01   4.8362743e-01  -2.8170210e-01  -1.5584165e-01  -1.2399333e-02   2.5918163e-01   2.2767048e-02  -2.1639866e-01   6.7216967e-02   9.2459700e-02  -3.6777336e-02  -3.8261483e-02   1.6141471e-02  -5.9300821e-02  -2.5271077e-01  -9.0333713e-02   1.0842644e-01   1.6064834e-03   2.2472178e-01  -1.2474906e-01
   1.3083398e-02  -7.9175540e-02  -2.5933562e-01   0.0000000e+00  -1.1296883e-01   3.0506274e-01   6.9044890e-02   4.3517346e-01   5.1524755e-01  -2.9403691e-01   1.0590858e-01   8.3483920e-02  -6.5605794e-02   1.5613901e-01  -4.3433216e-02  -3.7156435e-01  -2.0290128e-01  -2.3541289e-01   3.7652959e-01  -1.8083248e-01  -3.0887712e-01   3.3655515e-01  -1.6327344e-01  -8.1475774e-02   2.1907469e-01   3.9420729e-01  -4.7866065e-03  -1.0229519e-01  -2.5015075e-01  -2.8075026e-02  -1.8240270e-02   2.2256915e-01  -2.4325961e-01   1.1061664e-01   5.0552218e-01  -1.3540228e-01   1.5984688e-01  -3.9754544e-02  -3.9961032e-01  -1.4000834e-01  -1.4119923e-01  -2.4347050e-01   3.2272735e-01  -9.4827968e-02   2.4096488e-01  -1.3702830e-01   3.7591228e-01  -3.3381228e-02   9.7459623e-02  -1.3096593e-01  -7.0174404e-02   3.3759983e-01   1.0738421e-01  -1.8926854e-01  -2.7367737e-02  -1.0043736e-02   1.9717998e-01   2.4849868e-01   3.1276096e-01   3.7847805e-01  -3.4169341e-02  -3.5957849e-02   1.9509379e-01   9.6884943e-02   3.2800684e-01  -9.9008968e-02   1.8772875e-01  -1.4376021e-01   5.2620906e-01  -2.8861356e-01  -1.8276560e-01   5.8555103e-01  -7.6950602e-02   4.4497206e-02  -1.4599763e-01   8.8149100e-02   5.2655294e-02  -6.5209733e-02  -8.7025432e-02   4.9556622e-01  -4.8043228e-02  -1.7646040e-03  -1.5128631e-01   5.7301766e-01  -1.2805703e-01   2.8824045e-01   6.4011264e-02  -5.3776470e-03  -5.6160739e-02   4.4071658e-03   1.4891794e-01  -2.0517684e-01   2.5536049e-04   4.4082849e-01  -1.0712484e-02  -4.3331653e-02   1.2547952e-01   2.5629466e-01   3.9270562e-02  -2.1027935e-01  -2.8617824e-01   1.4197168e-01   4.1629874e-03   4.5650752e-01   2.0239077e-01   2.4992262e-01  -2.3240669e-01   4.9145157e-01   2.2268049e-01  -5.8477106e-02  -1.7103841e-01   1.2614492e-01   5.4194316e-01  -9.9878713e-02  -2.9672449e-01  -2.4769882e-02   4.5696379e-02  -1.4115586e-01  -1.1787144e-01   7.9863294e-01  -1.7995519e-01   2.3462459e-01   1.1398894e-01  -3.3388326e-01   5.1842289e-04   2.6607931e-01  -2.3769218e-01  -3.2614637e-02   6.4819491e-01  -3.9182538e-01  -2.7702200e-01  -2.0109822e-01   2.1451964e-01  -1.9724520e-01   6.3579882e-01   3.3356549e-01   2.6253412e-01  -2.6273948e-01   4.6581251e-01  -1.1984921e-01   1.6065306e-01  -2.4358142e-01   1.6553406e-01  -9.4648467e-02  -2.0336329e-01  -1.8182972e-01  -1.5290303e-01  -1.7319997e-02  -5.9567655e-02  -3.6963106e-01  -2.9852686e-01   2.1571690e-01  -3.0184449e-01  -2.5396756e-01  -3.3483783e-01  -3.5457021e-02  -6.9053255e-02   2.5485279e-01  -1.4934983e-01   6.9307875e-02   1.0931498e-01   3.3757066e-02  -4.1196461e-01   5.6069404e-03   5.1857848e-01  -1.7481111e-01  -1.1724221e-01   2.3385398e-01  -4.1859883e-01  -6.9866713e-02   2.8001142e-01  -9.8967516e-02   1.5663120e-01   3.2675508e-01  -1.3215747e-01  -3.6929992e-02   4.4001068e-01
  -2.9752041e-01   4.4364705e-01   1.6280838e-01  -1.1296883e-01   0.0000000e+00  -1.6912220e-01   1.2070714e-01  -2.6195860e-01   3.3334545e-02   7.5117359e-02  -2.7378674e-01   4.0434704e-02   1.3383232e-01   8.6446247e-02  -4.5812714e-01   1.8475156e-01   3.7868792e-01  -3.2940438e-01  -3.2103815e-01   6.9527953e-01   1.1606771e-01  -2.1277455e-01  -1.2128427e-01  -1.3428096e-01  -1.8224042e-01  -1.7850073e-01   6.0259798e-01  -1.7051399e-02  -1.0219743e-01  -2.2643603e-01   2.8601584e-01  -2.5937492e-01   2.9090940e-01  -1.4896680e-01  -1.2572853e-01   4.3107379e-01  -2.8607074e-01   2.5054793e-02   3.2474914e-01   4.2963484e-01   1.5927480e-01   2.7464755e-01   2.0882244e-01  -2.8017219e-01  -3.5923362e-01  -1.2482979e-01  -2.8424061e-01  -2.6285634e-02  -9.6933152e-04   4.0456357e-01  -2.8876315e-01  -2.3021234e-01   2.6989226e-02   1.0841428e-01  -3.4190188e-02  -6.4971358e-02  -3.3409390e-01  -9.1387131e-02   1.0329874e-01  -2.7440518e-01  -1.2758103e-02  -2.7582224e-01   9.0453219e-03  -1.6896282e-01  -2.9403452e-01   1.9561081e-02   2.9527622e-01   1.0593909e-01  -2.2582441e-01  -1.7202536e-01   3.2510190e-01  -1.2632179e-01   2.7389715e-01  -3.7210540e-01  -6.1183630e-02   1.2243165e-01  -1.0863140e-01  -1.6894646e-01   4.6895586e-01   1.2102733e-01   1.2825682e-02   2.2381849e-01  -3.6186642e-01  -2.9083570e-01  -2.3891004e-01   2.6773336e-02   3.3110620e-01  -3.1152510e-01   3.5654011e-02  -9.1647230e-02   7.0308208e-01  -7.4456098e-02  -1.3954561e-02  -1.1305468e-01   1.1661564e-02   6.6972356e-01   7.6903327e-02  -2.9404702e-01   1.6385393e-01  -2.0686964e-01  -1.6744918e-01  -3.1414735e-01   1.9997919e-01  -1.9420729e-01  -4.3177784e-01  -5.2687497e-02   2.2737525e-01  -2.8846422e-01  -2.9955017e-01   3.5945758e-02  -4.3396906e-01  -2.9486922e-02   3.0827246e-02  -1.7685827e-01  -4.9737081e-02   5.1093615e-02   1.9096807e-02   4.6462569e-01   5.9988697e-02  -1.1243829e-01  -8.0294665e-02   6.0337259e-01  -2.4192311e-01  -1.1380132e-01  -1.9982938e-01  -3.7649105e-01  -5.5851603e-01   3.4594780e-02  -2.4027906e-01  -2.6855121e-02   1.8240251e-01  -2.3418781e-01   3.8555839e-01  -1.1042614e-01  -1.6630602e-02   1.0464384e-01   2.4187825e-02   1.6605517e-01  -2.7731304e-02  -3.3891265e-03  -3.8996124e-01   1.3584020e-01  -2.3447665e-01  -3.0643285e-02  -2.4678861e-01  -2.9136003e-01   1.6644751e-01   3.7717145e-01  -6.0151365e-02  -2.4074117e-01  -3.9945285e-01  -1.2001200e-02   3.5511163e-02   2.4375779e-01   1.0679660e-01  -1.1585391e-01  -1.8478099e-01   1.0453606e-02   4.4572947e-02  -7.7502168e-02   7.6814074e-02  -1.9899344e-01   4.5022685e-01   1.2413524e-01  -1.3611717e-01   4.2722661e-01   1.8378204e-02   1.3023389e-01  -3.7066930e-02  -2.3150695e-02   5.2464093e-02   2.6034561e-02   2.5343525e-01  -1.4103927e-01   5.7932284e-02   8.3015210e-03  -2.3850035e-01
   2.2470052e-01  -9.0667358e-02   1.9323635e-01   3.0506274e-01  -1.6912220e-01   0.0000000e+00   1.3457316e-01   3.4341219e-01   7.2624549e-02   4.3777276e-02  -1.5369568e-01   1.6110992e-01   6.4760475e-02   5.8290229e-02   1.1220122e-01   2.9257141e-01   8.3322552e-02   9.6705430e-02   9.5558997e-02   1.2593444e-02  -9.1579988e-02   2.3303763e-01  -1.1560377e-01  -3.1082434e-02  -7.6929705e-02   3.9583277e-02   5.3253112e-02   1.5307917e-01  -2.6193489e-01   1.3096420e-01  -1.5479719e-01   1.7442590e-01   1.3348086e-01  -2.3924472e-01  -5.1733136e-02   2.3137924e-01  -3.6474788e-01  -2.4607377e-01   2.1629678e-01  -1.7063568e-01   1.6788966e-01   3.0799405e-01  -4.6294005e-02  -3.1324167e-01  -1.0578118e-01   1.0832901e-01   2.1343427e-01  -1.8605924e-01  -1.5316427e-01  -4.9696064e-02   2.8661868e-01  -1.2782919e-01  -4.5828273e-01   1.9019864e-01   9.0251065e-02  -2.0732100e-01   3.4110645e-01   2.7444641e-01   4.1981267e-01   4.1496005e-01   1.9324021e-01  -1.6310130e-01   2.9779401e-01  -1.1857031e-01  -1.6995587e-01   3.1331003e-01   6.0791638e-01  -2.9945934e-01   4.5121634e-01   4.2227587e-01  -4.4908859e-01   2.8468261e-01  -1.0482704e-01   2.6547557e-01  -4.5760809e-02   1.3521955e-01  -1.4437839e-02  -3.3821168e-01  -1.2988517e-01   2.6670604e-01   1.8170666e-01   3.4446438e-02  -3.7162999e-01   1.8079420e-01  -2.2713052e-01   3.1385584e-01  -3.2582640e-01  -9.4636314e-02   4.3322591e-02   9.2379380e-02  -3.9872211e-02   2.9904090e-01  -3.5689260e-01   5.2910230e-02  -2.0124368e-01  -1.9051544e-02  -1.2725498e-01   7.9486243e-02  -5.3601235e-02   1.9530735e-01   1.7188983e-01  -7.4383135e-03   5.0416813e-02   3.9865610e-01   2.5860727e-01   5.2889482e-02   3.2665367e-02   2.5365656e-01  -2.1385534e-01   5.0524948e-02  -3.5180580e-01   3.6364151e-01   4.4180602e-01   2.0198171e-01   1.2853832e-01  -6.3664725e-01  -1.6420004e-01  -1.6542410e-01   5.1435203e-01   1.9485049e-01  -1.0287308e-01  -2.7698282e-02  -4.1407081e-02  -3.8782729e-01  -9.5637127e-02   2.5533584e-01  -2.8661732e-01   7.2409235e-02   2.9906186e-01   3.4745211e-01   3.8154114e-01  -4.7013153e-01  -1.0141768e-01  -2.2667455e-01   2.4986848e-01   4.1087018e-01   2.8408083e-01  -8.9742422e-02   5.0375564e-01  -8.2357331e-03   2.5141294e-02   2.4697675e-01   4.4161700e-02   6.0257398e-01  -6.4319541e-02  -3.2337280e-01  -2.7608447e-01   1.0979806e-01   3.5457170e-01  -2.0941221e-01   3.6976869e-02   1.5630912e-01   2.4455537e-01  -4.2661534e-01   2.6766672e-01  -1.0455224e-01   5.8120354e-02   3.6076296e-01   1.6830633e-01   1.4839969e-01  -9.1941831e-02  -2.5120910e-01  -2.0038924e-02   8.4993749e-03   1.8161857e-01  -3.0552015e-01  -1.1804250e-01   3.2566878e-01   1.5517995e-01  -5.8477994e-01  -2.0670801e-02  -2.0224467e-01   8.5674513e-02   8.2784534e-01   2.7017181e-01  -5.2321559e-02   1.3871823e-01
   4.1069174e-02   3.7657834e-01  -9.9571702e-02   6.9044890e-02   1.2070714e-01   1.3457316e-01   0.0000000e+00  -9.5504476e-02   5.8052758e-02   3.7817538e-01  -8.4269492e-02   4.5760395e-01  -8.8834565e-02   3.6766288e-01   1.0000473e-01   2.3149351e-01  -1.1619028e-01   4.0285884e-03  -1.7287610e-01   2.7276872e-01   1.6456947e-01  -1.0355339e-02   5.1857237e-01  -1.8581846e-01   1.1529822e-01  -2.2974569e-01   1.8202571e-01   1.8586040e-01   1.1514278e-02   3.1806529e-01   1.3014075e-01  -5.3359266e-02   8.6467713e-02   1.9032920e-01   1.9331015e-01   1.5797901e-01  -5.4691899e-02  -2.4894762e-01   1.5435889e-01   1.3322652e-01  -6.5648234e-03   1.5774106e-01  -9.7591068e-02  -1.3202901e-01  -5.7610340e-02  -2.5992280e-01  -6.8146182e-02   2.5813399e-01  -3.4472734e-01  -1.2725350e-01  -1.1933838e-02  -2.0249455e-01  -1.4728950e-01   2.9432192e-02   2.5580998e-01  -4.5458204e-02  -7.6730973e-02  -4.6041450e-02  -2.5762725e-02   1.4928165e-01  -2.7728426e-01  -5.8148329e-02   1.7849526e-01  -3.3982415e-01  -6.5088926e-02   3.9311062e-01   3.2874054e-01  -3.6201813e-02  -1.3508329e-01   4.0851270e-02   2.2059779e-01   1.1257684e-01  -1.7037852e-01  -1.3489199e-01  -4.9649376e-02   3.8264737e-01  -3.0861155e-01   1.1039830e-02  -1.5407912e-01   1.6634406e-01   2.8529032e-01  -1.7197726e-01   5.2337880e-02  -2.1459936e-01  -3.5956070e-01   1.5646342e-01   2.0315893e-01  -1.1030058e-01  -1.1105530e-01  -1.5347238e-01  -2.7722795e-02  -1.9140658e-01   2.2682706e-01  -1.2997593e-01  -1.3809061e-01  -9.1860333e-03   9.8258422e-02  -1.1107057e-01  -1.0542502e-02   1.6455577e-01  -7.9958511e-02  -2.3975730e-01   2.1546334e-01   1.9373363e-01   1.6656264e-01   5.1671251e-02   1.0337917e-01  -1.2668950e-01   8.1283825e-02   1.2979207e-01   1.4729704e-01   3.2098780e-01   7.8512844e-02  -1.5392954e-01   1.1340943e-01  -1.3166754e-01   9.8160451e-02   4.6675171e-02   6.6905945e-02  -3.8168338e-02  -1.4023960e-01   1.7187443e-01   1.5191408e-01  -9.1465018e-02  -3.5146366e-01   5.8655099e-02  -1.1285823e-01  -1.2027445e-01   1.4387197e-01   1.6577644e-01   1.7261241e-01  -1.0356315e-01   7.1048008e-02   2.6631677e-02   6.0893583e-02   1.4588491e-01   3.2398798e-02   4.3379202e-02   3.6954551e-02  -8.2829067e-02  -6.3525997e-02  -9.3397418e-02   6.7921505e-02   2.2376079e-01   2.0197637e-01  -1.4600703e-01   1.5567231e-01   4.2709523e-02   3.5118269e-01  -1.7661378e-01  -1.9566192e-01  -4.9787480e-02   1.5974658e-01  -1.1196089e-01   2.8667761e-01  -2.2052172e-01  -2.1318444e-01   1.1372500e-01  -8.9567939e-02   3.4348644e-01   6.3970749e-02   9.3665783e-02   1.4181694e-01  -5.7921933e-02  -8.2889258e-02   3.8950893e-01   3.8665911e-01  -1.4945466e-01   2.2280867e-01   2.9847474e-02   9.6297992e-02  -2.4689471e-01   7.2285166e-02   9.5544043e-02  -2.6366425e-02   1.0889701e-02  -1.1511923e-01
   1.3680197e-02  -2.3136905e-01   6.2467741e-02   4.3517346e-01  -2.6195860e-01   3.4341219e-01  -9.5504476e-02   0.0000000e+00   3.8268778e-01  -3.2119899e-01   2.7356950e-02   6.5055357e-02  -7.5379411e-02  -1.4461671e-01   6.0234965e-02  -1.4095629e-01  -3.1425266e-02  -4.5804219e-02   2.6367849e-01  -2.5368268e-01  -3.4036004e-01  -1.2198534e-01  -2.3010744e-01  -9.7225884e-02   1.1136565e-01   3.2199374e-01  -1.5176395e-01  -1.5975034e-01  -1.9215875e-01  -2.2451705e-01  -1.7466528e-01   3.4427837e-01  -8.8955693e-02   7.2804815e-02   7.2162521e-02  -1.6272129e-01   3.3817979e-02  -4.7111193e-02  -2.3394239e-01  -7.0629612e-02  -6.7182671e-03  -8.5645993e-02   2.4013876e-01  -2.1892612e-01   1.0106444e-01   2.0772765e-02   2.3885005e-01  -3.4211068e-01   1.0423128e-01   1.4588543e-01  -1.9389395e-02   3.0208578e-01   4.7249144e-02   1.3412425e-01  -1.5080008e-01  -2.9131678e-01   1.9802602e-01   4.5491639e-02   2.5981128e-01   2.7521452e-01   2.0001682e-01  -5.7063352e-02   3.5716928e-01   1.3918556e-01   2.0257086e-01  -1.8069169e-01   1.1926234e-01  -8.9766342e-02   4.8741999e-01  -1.0691980e-01  -3.5043074e-01   1.4899816e-01  -9.4462596e-02   2.2154241e-02   8.9231402e-02  -1.7684748e-01   1.3234783e-01  -1.4807620e-01  -6.8314711e-02   5.6930289e-01  -2.0722951e-01   6.3291739e-02  -2.4092685e-01   7.3912152e-01   8.7017397e-02   1.3869007e-01  -7.6526517e-02   5.2463707e-02   1.1593276e-01  -3.4583729e-02   7.5916668e-02   2.2093984e-01   9.5317877e-02   4.0231326e-01  -3.1409830e-02  -6.9910288e-02   5.7273052e-03   3.4005144e-01  -1.4645282e-01  -1.0814494e-01  -3.0796256e-01   1.2350938e-02  -2.6514497e-01   3.0691647e-01   1.4144601e-01   1.2654767e-01   2.1610226e-02   5.5955501e-01   1.1311916e-01  -9.4469485e-02  -1.4778246e-01  -2.3462359e-01   3.9859213e-01  -1.0944198e-02  -3.7472141e-01  -1.3204780e-01  -1.6818953e-01  -2.1264312e-01  -1.0748762e-01   4.4818330e-01  -4.5917783e-02  -4.5006548e-03   2.7507809e-02  -3.2856552e-01   7.5009078e-02   1.4203383e-01   1.7494020e-02   2.5000827e-01   4.3798628e-01  -3.0457092e-01  -1.5984413e-01  -1.8998232e-01   7.1627616e-02  -3.2219200e-01   4.1899962e-01   3.8022786e-01   4.9695563e-01  -4.4197409e-01   5.7237295e-01   8.1021826e-02  -1.3606021e-02  -9.4073994e-02   9.9975375e-02  -1.4665573e-01  -2.3021526e-01  -2.5863394e-01   2.1468894e-02   1.9866043e-02  -7.2235123e-02  -1.2910341e-01  -1.0460482e-01   2.4905872e-01  -7.7062435e-02  -2.0675279e-01  -2.6575382e-01  -2.5333115e-02   4.4996906e-02   2.4354492e-01   1.8079041e-01   1.0382732e-01   3.4357067e-02   5.9619551e-02  -3.2069726e-01   4.0653663e-02   3.5450426e-01  -3.6594018e-01  -2.6252845e-01   1.6628642e-01  -2.2593275e-01  -1.8619395e-01   2.4632017e-01  -4.2930050e-02  -3.4794220e-02   3.6423701e-01   7.1010829e-02   1.7402904e-01   4.6986158e-01
   3.8719838e-02  -1.4739887e-01  -1.6517189e-01   5.1524755e-01   3.3334545e-02   7.2624549e-02   5.8052758e-02   3.8268778e-01   0.0000000e+00  -1.7939175e-01   3.7773992e-03  -2.4182030e-02  -3.6235415e-02   2.3049814e-02   8.2285471e-02  -2.8641813e-01  -1.5149341e-01  -1.4442172e-01   1.8323733e-01  -4.5730873e-02  -2.2678688e-01   1.1311928e-01  -2.0597378e-03  -1.0674902e-01   3.1000338e-01   1.1039908e-01   1.4595816e-01   4.4780810e-02  -2.9806451e-01  -2.4072937e-01   7.7719608e-02   1.0488053e-02  -1.1780470e-01   2.0067086e-01   3.9790641e-01   1.4579009e-02   1.5394652e-01  -1.6046531e-01  -3.8171662e-01   9.4332889e-02  -1.2924584e-01  -2.3722118e-01   3.2924239e-01  -3.4932976e-01   3.1684842e-01  -1.3653543e-01   1.9392865e-01  -8.6041406e-04   2.6726274e-01  -7.0773500e-02  -3.1502591e-02   1.1241389e-01   1.3204233e-01  -1.2045708e-01  -1.4031343e-01  -2.0230504e-01   8.7294688e-02   2.8983687e-01  -4.5912211e-02   4.1540529e-01  -8.3539374e-02   1.2080419e-01   3.6159448e-01   6.4659778e-03   3.4005997e-01  -2.5062515e-02   5.1891794e-02  -9.5763338e-02   2.2206337e-01  -1.8923240e-01  -1.4762027e-03   4.7985560e-01  -1.5398750e-01  -7.7289197e-02  -1.8901098e-01  -2.0458371e-02  -3.5290041e-02  -2.6159288e-01  -2.8800017e-02   3.8162260e-01  -1.7609867e-01  -6.1996541e-02  -2.1551071e-01   3.9316971e-01   1.6575832e-02   8.0053426e-02   1.9785344e-01  -1.5338433e-01  -1.4087993e-01   1.2261773e-01   1.5250518e-01  -1.3656503e-01   1.6563870e-01   7.1513594e-01  -9.5150382e-02   1.3308110e-02   2.0323484e-01  -6.1760663e-02   2.1417096e-01  -2.0383427e-01  -4.1486465e-02   3.4111152e-02  -5.4377520e-02   5.3849393e-01   8.7677391e-02  -1.6168040e-01  -1.2576082e-01   1.2160218e-01   2.7140966e-01  -1.4758057e-01  -1.0743323e-01   7.1086324e-02   4.1618075e-01   1.0582153e-01  -8.4159700e-02   2.0782900e-02  -1.9192864e-01  -1.0400695e-01  -1.4054922e-01   5.9579014e-01  -1.6533851e-01   8.5330473e-02   1.6912908e-01  -2.7939189e-01  -4.6516892e-02   1.5686095e-01  -8.9612993e-02  -7.2768890e-02   5.4335824e-01  -2.9538145e-01  -4.0975044e-01  -5.1671251e-02   1.1292770e-01  -1.3259677e-01   8.6446538e-01   3.2845305e-01   2.3649449e-01  -2.0104940e-01   3.0833745e-01   1.9922063e-02   2.8831663e-02  -3.5592933e-01   1.4261870e-01  -2.9537877e-01   6.0111466e-02  -1.6664969e-01  -4.5507961e-03   1.1166301e-01  -1.3342959e-01  -3.5595198e-01  -1.0893866e-01  -6.2319044e-02  -1.4027476e-01  -1.6547115e-01  -3.5069757e-01  -9.9415317e-02  -4.4751569e-02  -3.9706743e-02  -1.9323213e-02   5.3355925e-02   2.4201721e-01  -1.0922757e-01  -3.1707191e-01  -1.9744262e-01   4.3612632e-01  -8.5724703e-02  -1.2439231e-01  -9.6431189e-02  -1.4384443e-01  -1.5600829e-02   3.9465646e-01  -2.3090591e-01   2.2672920e-01  -1.1043003e-02  -1.4138540e-01   7.1476616e-02   4.7863810e-01
  -2.4042206e-01   1.5843831e-01   1.5570208e-01  -2.9403691e-01   7.5117359e-02   4.3777276e-02   3.7817538e-01  -3.2119899e-01  -1.7939175e-01   0.0000000e+00   1.0447822e-01   4.1345045e-01   1.9204446e-01   1.0780718e-01   1.4333547e-01   4.1530911e-01   7.5664500e-03   1.8345754e-01  -1.5120981e-01   2.7330732e-01   4.7262257e-01  -8.8672869e-02   2.2794785e-01  -6.5405555e-02  -1.4420959e-01  -1.5063671e-01   1.7552196e-01  -1.6745809e-01   2.5494196e-01   2.6206635e-01  -1.6062252e-01  -1.4263042e-01  -1.3759005e-03   3.5991431e-02  -3.8036882e-02   1.9840436e-01  -8.4442019e-02  -2.6787424e-01   3.3127930e-01   1.1164751e-01   1.9585235e-01   1.2136989e-01  -1.1604598e-01   1.4363767e-01  -4.7520085e-02  -2.3686117e-01  -1.0822403e-02  -2.4699048e-02  -1.8558508e-01  -1.0579962e-01   1.7439351e-01  -1.4634368e-01  -1.4287233e-01   6.9440727e-02  -5.6722364e-02   6.3322203e-02  -7.5034846e-02  -6.4382262e-02   4.9674430e-02   1.9576018e-02  -9.4279643e-02  -3.7626615e-02   4.4540271e-02  -1.7761487e-01  -3.2522562e-01   6.7684552e-01   1.2604720e-01  -3.9539247e-02  -2.2374631e-01   2.5935377e-01   1.0662654e-01  -1.0300918e-01  -1.7842020e-02   5.1257127e-03  -2.3594688e-01   3.3142455e-01  -3.8154447e-01   1.0663857e-02   6.8527003e-02  -2.1261398e-01  -1.6249599e-01  -8.9149356e-02   2.9103689e-01  -3.6497662e-01  -1.5306855e-01   8.4364815e-02  -2.3903124e-01  -5.1133551e-02  -7.9102226e-02  -6.2304359e-02  -1.9800653e-01   1.7729159e-02   1.3985824e-01  -3.5269185e-01  -2.1371721e-01   6.5271958e-02  -3.7794136e-03  -3.0532938e-02   3.7734906e-02   2.3707168e-01   1.0756019e-01   1.7591559e-02  -8.1078681e-03  -3.2142916e-02  -2.8648583e-02   2.8555963e-03  -7.0608288e-02  -1.4929400e-01  -3.8016481e-02   4.9826754e-01   2.6250301e-01   1.2462617e-01  -1.2110149e-01  -8.5122747e-02   1.2538710e-01  -1.1501381e-01  -9.1588998e-02   1.8998992e-01   1.4042757e-02  -3.0524724e-01  -1.6529973e-01   2.4062349e-02  -1.8753663e-02   1.6005516e-01  -4.1316907e-01  -1.2302085e-01   2.1647372e-02  -2.5341796e-01  -7.4325718e-02   5.0092565e-01   3.8495323e-01   2.2945266e-01  -1.3860293e-01   2.5398956e-01  -1.8894449e-01  -2.6135980e-01  -3.3165409e-01  -2.7522623e-02  -2.8090375e-01  -9.8088944e-02  -6.7206675e-02   2.2010877e-01  -5.0978945e-02   1.7455277e-01   3.7172035e-02  -3.6658938e-02  -1.0680474e-02   2.1964955e-01   6.3486130e-01   1.7807260e-02  -6.0975640e-02  -3.3270900e-01   3.8494803e-02   4.4877152e-02   5.0153244e-01  -6.6470419e-02  -2.2022422e-01   7.7129385e-02   6.7579976e-03  -2.1913176e-01   2.4851591e-02  -4.5766011e-03   4.9942238e-01  -6.5233258e-02  -2.7050750e-01   3.9734565e-01   3.7512924e-01  -3.3836266e-01   1.7805506e-01   1.8119239e-01   8.6163263e-02  -2.3326869e-01   8.9969102e-02  -9.1116474e-02   8.6111517e-02  -2.6696602e-01  -3.9960437e-01
  -3.3057261e-01  -2.3088259e-01  -4.1171356e-02   1.0590858e-01  -2.7378674e-01  -1.5369568e-01  -8.4269492e-02   2.7356950e-02   3.7773992e-03   1.0447822e-01   0.0000000e+00  -3.4685758e-02   1.2407789e-01  -1.6070363e-01   1.1465257e-01  -3.9151443e-01  -1.7224088e-01   2.0959105e-01   1.6323894e-01  -1.9481707e-01   2.5411924e-01   6.7855256e-02  -7.8823294e-02  -3.9657277e-01   3.0877438e-01   2.2481894e-01   2.5572183e-02  -4.4795215e-01   3.6455789e-01   1.0412408e-01  -8.9269317e-02   1.3521115e-01  -6.6728537e-01   1.7499160e-01   6.5773718e-02   1.6159430e-01   2.3278077e-01   3.6412644e-03  -4.2866087e-01  -3.4839515e-01   1.6933400e-02  -5.8105597e-01  -9.8168059e-02   6.4079680e-01   2.2136248e-01   3.9269434e-02   7.8424533e-01  -1.1751368e-01  -1.3901325e-01  -3.2288392e-01   2.6588441e-01   3.6153147e-01   1.4395723e-01  -1.6194022e-01  -3.0313885e-01   5.6622727e-01  -1.6080080e-01   9.6106176e-03  -1.6248583e-02  -1.4452407e-01  -6.0092409e-02   1.5634864e-01  -2.4346462e-01   3.6552170e-01   1.4436013e-01   2.0248631e-01  -2.3633835e-01   4.2704462e-01   4.3978449e-01  -1.0348880e-01  -7.7151128e-02   3.1148785e-01   8.9005499e-02  -1.0624111e-01  -9.9073401e-02  -3.3734399e-02  -1.7878226e-02   6.0286922e-01   1.2002699e-01  -7.4850481e-02  -2.8306324e-01  -1.4340245e-01   5.9684036e-01   2.6847031e-01  -5.2030676e-03   5.7698227e-02  -1.8083918e-01  -2.1179680e-01   2.6185574e-02  -4.5884396e-01  -3.2268714e-01  -1.6667707e-01   2.0924740e-01   9.2035205e-02   6.2868077e-02  -1.3530015e-01   1.7956057e-01   3.9060667e-01   1.7399573e-02   1.0194610e-01  -3.2005249e-01   2.6081788e-01  -4.6510100e-01  -1.5518374e-01   2.7778926e-01   7.5303043e-03  -3.4456892e-01   5.2858228e-01   1.2388136e-01   3.2932933e-01   5.5298303e-01  -1.2373036e-01  -2.2790673e-01  -4.3448003e-01  -4.3494622e-01   4.2313074e-01   5.0472001e-01   4.7433220e-04  -2.6208436e-01   2.0062655e-01  -2.8132141e-01  -1.1894581e-01   1.7917150e-01   5.4560895e-02  -1.7514420e-01  -3.0834626e-01   1.8016688e-01  -3.3958779e-01   1.8242042e-01  -5.1563348e-02  -1.3228609e-01   7.7428787e-01  -4.2186885e-01   1.7109273e-01   2.8859662e-02  -2.1435180e-01  -2.9770686e-01  -1.6038293e-01  -2.9292251e-01  -2.8093195e-01  -2.7097273e-01  -2.2775872e-01   7.2592655e-01  -1.7636756e-01  -2.0407157e-01   8.6582594e-02  -1.1620221e-01   1.2169345e-01   2.9889664e-01   2.6432534e-01  -2.9364887e-01  -3.3580884e-01  -6.4948496e-01   4.9074282e-01  -1.5923959e-01  -2.0339250e-01  -7.3457541e-02  -7.4507626e-02  -1.8264049e-01  -3.5935967e-01   1.9795434e-01   7.9354653e-01  -1.1500137e-01   1.7248100e-01  -1.5825712e-01   2.0051257e-01   6.4263951e-01  -2.3692513e-01  -4.3694596e-01   4.4916522e-01   9.2551963e-02  -4.9734248e-02   2.4200605e-01  -2.4006328e-01  -2.7498108e-01   2.9362558e-02   7.1617232e-02
  -1.3320877e-02   5.0909795e-01   1.3881137e-01   8.3483920e-02   4.0434704e-02   1.6110992e-01   4.5760395e-01   6.5055357e-02  -2.4182030e-02   4.1345045e-01  -3.4685758e-02   0.0000000e+00  -1.7292492e-01   3.3681234e-01  -3.0914729e-03   1.1224741e-01   3.8088229e-02  -1.2549335e-01   1.0190880e-01   2.1227076e-01  -3.4334292e-02  -1.8365831e-01  -1.6609872e-01   3.1241836e-02  -3.0746662e-02   3.7227464e-02   2.0563741e-01  -2.0716463e-01  -2.0066739e-02   1.2277135e-01  -8.9737021e-03  -6.7468202e-02  -5.7939952e-02   3.2355410e-01   3.8707618e-01  -4.0200064e-02  -1.1641636e-01  -2.4774695e-01   1.7504879e-02   1.9003517e-01  -1.1609206e-01   1.5165821e-02   2.6157723e-01  -4.8888047e-02   8.2932539e-02  -1.9691165e-01   5.1303372e-02  -1.1982881e-01  -3.2784826e-01   1.2222678e-02  -2.3200164e-01   2.0863453e-02   2.2924080e-01  -6.9410217e-02   1.8529608e-02   2.3087337e-02   5.7192768e-02  -1.2492700e-01   1.7209104e-03   1.7910042e-01  -7.4849316e-02  -3.4431906e-01   1.6996550e-01   7.1793094e-02  -9.0937964e-02   1.8665698e-01   1.4311413e-01   6.7085325e-02   5.7197767e-02   9.7387390e-02   9.6266150e-02   8.6302551e-03  -8.5723711e-02   1.0912166e-01  -1.8641360e-01   2.0743472e-01  -2.1501640e-01  -1.6184193e-01   2.9441733e-01   5.1369610e-02  -1.8687239e-01   5.4806983e-02   1.1078771e-01   3.7897155e-02  -1.4136734e-01   1.3223380e-01  -3.4255013e-02   1.4079627e-02   2.9430468e-02   2.7379723e-02   2.0161063e-01  -7.4301382e-02   1.3674525e-01  -1.2633296e-01  -1.9018508e-01   1.4197170e-01  -4.7556126e-02   2.6505436e-01  -3.4805031e-02  -1.9803173e-01  -1.2133007e-01   6.9725487e-02  -1.5748702e-01   1.8948701e-01   1.6385336e-02   1.0866704e-01  -3.2139048e-02   1.9082132e-01  -9.1805581e-02   2.7260499e-01   2.7575028e-02  -7.1375212e-02   8.2647567e-02  -1.0773732e-01  -1.9013947e-01   6.5975010e-02  -7.4489205e-02  -2.1383675e-02  -7.9911624e-02  -7.7390846e-02  -9.2164273e-02   5.0027005e-01   2.0036613e-01   8.3322469e-02  -2.7962349e-01   1.9526585e-01  -2.5211293e-02  -1.6226775e-01   1.6496410e-01   2.1502135e-01   5.2010832e-02  -9.6760312e-02   3.2625184e-01   2.1686010e-02  -1.0716915e-03  -3.8101333e-02  -1.0514725e-01  -3.2721599e-01   2.1565980e-02  -1.8013540e-02   9.2774784e-02  -1.2638351e-02   5.3762973e-02  -9.4855168e-03  -2.1690902e-01  -2.0053601e-01   7.4709683e-03   3.2470039e-01   3.1469878e-01  -2.1076247e-01  -2.2547307e-01  -1.5217890e-01   3.4832519e-02  -1.2641847e-01   3.4832912e-01  -3.7593712e-02  -1.0752943e-01   4.6912203e-02  -6.2068291e-02  -1.6465957e-01   1.0704472e-01   1.0592673e-02   1.7302510e-01   1.1519540e-01  -2.4054122e-02   4.2669623e-01   2.5602250e-01  -1.1372644e-01   5.2091431e-02   2.1100474e-01   3.8252598e-01  -2.2716610e-01   1.5071388e-01   1.4578275e-01  -1.1002282e-01  -1.8344701e-01   2.4385799e-02
  -4.2953571e-01  -1.4735871e-01   8.4524020e-02  -6.5605794e-02   1.3383232e-01   6.4760475e-02  -8.8834565e-02  -7.5379411e-02  -3.6235415e-02   1.9204446e-01   1.2407789e-01  -1.7292492e-01   0.0000000e+00  -1.3702990e-01   5.9165023e-02   3.6889720e-01   6.4586599e-02   3.2980917e-01  -2.6264768e-03   2.4596240e-01   2.2427533e-01  -2.4669369e-02   8.5946211e-02  -1.7790337e-01  -1.1936166e-01   8.1958870e-02   2.0938729e-01  -4.4431346e-02   4.5353244e-02  -5.3048989e-02  -1.2508802e-01   2.3722682e-01   1.8078960e-01  -1.9615039e-01  -2.4643188e-01   3.5418126e-01   8.5774025e-02  -1.3451821e-01   3.3739302e-01  -1.4992528e-01   7.6327684e-01   2.4830760e-01  -3.6718806e-01   6.2029583e-02  -2.3854769e-02  -5.9676785e-03   1.2811022e-01  -6.5024003e-02   4.5462453e-02   4.7722819e-04   2.6074772e-01  -2.5506075e-02  -2.4850151e-01  -4.8225633e-02  -2.2296379e-01   1.4390123e-02  -1.9020422e-01   1.7477622e-01   3.2071313e-01  -5.6598456e-02  -1.4314713e-01   3.9726218e-02  -3.6129851e-01  -1.8888135e-01  -3.5040381e-04   1.9587775e-01   1.2917445e-01  -1.6572251e-01   1.6300651e-02  -7.4205185e-02  -2.7061132e-01   1.7131505e-01  -4.6895650e-02  -4.2587338e-01  -1.0520480e-01  -1.1376485e-01  -2.5783733e-01   5.2476260e-02   1.7374053e-02  -1.2671737e-01  -5.5328513e-03  -1.1065148e-01   2.8018276e-02  -1.0268245e-01  -2.0309688e-01  -3.1289882e-02  -2.8915930e-01  -4.5646282e-02  -4.3316463e-02  -2.4166561e-01  -7.7714014e-02  -8.5109433e-02  -1.5271754e-01  -7.1311629e-02  -1.3543293e-01   1.1484636e-01  -1.0296141e-01  -8.9672479e-02  -1.4735306e-01   3.8688508e-01  -8.7466452e-02  -6.3738906e-02  -6.3518428e-02  -1.8599399e-01   3.7265155e-02  -4.9169626e-02  -1.1763656e-01  -6.8281402e-02   1.6060689e-01   1.7735390e-01  -5.3864407e-02   1.1932147e-01  -1.0866179e-01  -1.9743658e-01  -7.2169461e-02  -1.5773292e-01   5.1832276e-02   3.7320622e-01  -1.3259756e-01   1.4163716e-01  -1.1419628e-01  -1.6309836e-02  -1.7759151e-01  -1.6086412e-01  -2.0458814e-01  -3.7409558e-01  -1.4445571e-01  -4.9494985e-02  -1.2650802e-01  -4.8362352e-02   4.6081967e-01   6.0755959e-02  -4.0450617e-01   1.2654360e-01  -3.0497757e-02  -9.6540410e-02  -8.1382265e-02   1.0134793e-01  -8.8517371e-02  -7.0418647e-02  -2.1149871e-01   6.4704548e-01  -8.6360702e-02  -7.7244809e-04  -8.0836691e-02  -1.1922126e-01  -2.4713069e-01   1.3401597e-01   2.8695630e-01   2.1714465e-01  -1.9671633e-01  -7.9267219e-02  -1.3955680e-01  -4.5478111e-02  -1.0012601e-01  -1.7389947e-01  -1.2950448e-02   2.5056325e-01  -2.3521150e-01  -3.5231095e-02  -1.6736018e-01   2.6877178e-02   8.9887979e-02   1.5752606e-01  -1.8697166e-01   7.7423141e-02   8.4444160e-02  -3.0254202e-02  -1.1535781e-01  -1.1291609e-01   6.5429492e-02  -2.3494242e-02   1.1572194e-01  -8.9711941e-02   3.3104352e-01  -2.1682429e-01  -2.3659768e-01
   3.6443407e-01   5.0425660e-01  -2.4833121e-01   1.5613901e-01   8.6446247e-02   5.8290229e-02   3.6766288e-01  -1.4461671e-01   2.3049814e-02   1.0780718e-01  -1.6070363e-01   3.3681234e-01  -1.3702990e-01   0.0000000e+00   1.5559469e-03   1.0578282e-01  -2.0712756e-01   1.7517574e-01  -1.1737458e-01  -2.1910977e-02  -6.4348355e-02   3.5032220e-01   9.9842998e-02   1.4518423e-01   1.4317977e-01  -1.7382280e-01  -1.8227898e-02   2.7407547e-01  -8.0456564e-05   4.5630827e-01   3.4333526e-01   1.5316572e-01   1.9536030e-01  -7.8934195e-02   4.1811463e-01  -1.1692809e-01   9.4549051e-02  -1.8329523e-01   3.0621262e-02  -9.0571364e-02  -1.9638849e-01   1.0068400e-01   1.2868534e-01  -2.3509857e-01   7.0126224e-02  -2.3084250e-01  -1.3616137e-01   4.0550928e-01  -1.9462248e-01  -3.3942149e-01   9.9060551e-03  -2.5376763e-01  -1.0772441e-01  -1.2919958e-01   3.0131123e-01  -1.0527106e-01  -2.6005006e-02   2.5299491e-01   8.9475718e-03   4.4794150e-01  -4.1722525e-01  -1.0015640e-01   2.4650723e-01   3.1501473e-02   2.6826664e-01   8.7276211e-03   7.1714580e-02  -4.5180058e-02  -1.3195933e-01   9.1947011e-02   1.9031302e-01   2.1456092e-01  -9.3043154e-02   6.0707360e-02  -3.6187649e-03   4.4022157e-01  -2.6039249e-01  -2.2814812e-01  -2.1409347e-01   1.2665062e-01   2.3082693e-01  -1.1684669e-01  -1.2405399e-01  -1.7508709e-01  -1.3305453e-01   3.6297556e-01   4.3195237e-01   1.0326633e-01  -1.2029553e-02   1.0887813e-01   5.9382830e-02  -3.6453863e-01  -1.4637609e-01   6.4953380e-02  -1.3764025e-01  -2.2427322e-01   1.7028614e-01  -1.9074541e-01   6.1792514e-02   4.2813824e-02   1.6504167e-01  -6.3101969e-02   3.3319185e-01   5.7839701e-01   2.9176520e-01   2.0231007e-01   4.2367505e-02  -2.1405301e-01   1.7299659e-01  -2.4251496e-01  -2.0701096e-01   4.6717429e-01   2.5093565e-01   1.6667836e-01   2.3713675e-01  -1.4213686e-01  -2.7662862e-02  -1.4910098e-01   4.6706988e-03   1.3154885e-01   5.1112573e-02   2.7298576e-01   2.2106015e-01   2.1956203e-01  -1.0102659e-01   4.2899953e-01   6.5297306e-02   3.8317314e-02   2.4493753e-01   1.6457786e-01  -9.6297072e-02  -2.7457517e-01   1.8263573e-01   1.2050819e-01   1.7847021e-01   2.2842548e-01   7.4350831e-02   1.9664004e-01   1.2677816e-01   1.6012782e-02   2.3663902e-01  -7.8824288e-02  -6.3918998e-02   1.0422054e-01   1.7509075e-01   1.1986015e-01  -1.9154758e-01  -6.3100061e-02  -1.7518949e-01   2.7735925e-02   3.2338046e-02   8.6673602e-02   2.4927136e-01  -1.1815922e-01   5.9304405e-02  -4.5952441e-02  -9.1749784e-02   2.8664786e-01  -2.7648565e-01   1.8228408e-01   2.1210883e-01  -1.0480973e-01  -2.3262645e-02   3.4830485e-01   2.2172375e-01   5.6791053e-02   3.0723787e-02  -9.6855660e-02   1.2075620e-01  -1.8520521e-01  -1.3027981e-02  -2.0878241e-01   2.5845275e-01   1.3945627e-02   1.0503736e-01  -1.4820562e-01   1.8687027e-01
