   0.0000000e+00  -1.0771385e-01   5.7429354e-02  -1.0460806e-01   6.3983586e-02   2.6665609e-02  -3.7740610e-01   1.3703907e-01   1.9078839e-03  -6.0097827e-03  -3.5495392e-01  -1.3808528e-01  -1.0360797e-02  -1.7573748e-01  -9.9842864e-02  -1.3365592e-01   1.1476211e-01  -2.3280604e-01   1.5599494e-01  -6.7875252e-02  -1.4207615e-01   4.5778480e-03  -2.4670450e-01   7.1608463e-01   2.0892215e-01  -2.2114844e-02  -1.6459431e-01  -2.3272139e-02   2.0174824e-01   1.7662925e-03  -3.7291171e-01  -1.2872089e-02  -9.3450500e-03  -3.0002740e-01  -3.7042269e-01  -2.3326085e-01  -4.7199169e-01   2.3781846e-01  -1.3028226e-01  -3.8789594e-01  -2.2145987e-01   1.9871233e-01  -1.6829875e-01   2.1763844e-01  -2.9009438e-01   5.7580855e-01  -2.1396279e-01  -4.9287432e-01  -3.2334234e-01  -1.5903296e-02   3.2329268e-03   2.5156083e-01  -3.0896362e-01   1.9983435e-01   4.8512709e-02  -3.9889015e-01   3.4696333e-01  -8.3514163e-02  -1.6318993e-01  -4.1252874e-02   3.1356322e-01  -3.2424432e-01   2.8525063e-02  -2.1622591e-01  -3.0911656e-01  -1.0087604e-01  -1.2752305e-01   4.3563507e-01   1.4632575e-01   4.7405164e-01  -1.7265072e-01   2.1625969e-01  -1.3818826e-02   5.5167107e-01  -4.4164984e-02  -6.0652528e-02   4.4927946e-01   1.0923729e-01  -5.4768704e-02  -1.5236912e-02  -2.1409851e-01  -1.2900193e-01  -2.9038056e-01   1.3945996e-01   2.6536761e-01   2.2003027e-02  -2.8059714e-01   6.5317050e-02   3.0550191e-01   7.3171052e-01   2.9678546e-03   3.3494668e-01   4.8379811e-02   3.4171488e-02   3.8739784e-01   6.2071224e-02   1.3975135e-01   9.6898204e-02  -3.9604948e-02  -2.0508250e-01  -2.2147526e-01   1.9388473e-02  -3.2984648e-02  -2.5706916e-02   7.6528166e-03  -5.6397027e-02  -1.0754706e-01   1.4101037e-01  -3.7637265e-01  -1.0265884e-02  -3.7877727e-01   1.0709853e-01   2.5982662e-01   7.3960489e-01  -3.5149288e-01  -1.0041979e-01   2.2558335e-01  -2.0332755e-01   7.7410916e-02   1.0643301e-01   6.2197501e-01  -6.1260649e-02   1.0372523e-01  -2.0520451e-01   4.0169616e-01   2.3327978e-01  -3.0428552e-01  -2.5131795e-01   1.1641787e-01   2.9943531e-01  -1.3767004e-01  -4.1164431e-01   3.5084625e-01  -3.6990189e-01   4.5041584e-02  -1.3664875e-02   2.1087454e-01  -2.8691842e-01  -6.7376576e-02   4.0857201e-01   7.0323262e-01   4.3191005e-02   1.2597136e-01   2.8149529e-01  -3.0991760e-01  -3.2411614e-01  -2.8959739e-01  -5.2108256e-02  -1.5075199e-01  -2.6369008e-01   4.7543690e-01  -2.5869136e-01   5.8381212e-01  -5.6888394e-02  -2.1039248e-01   5.7380909e-01   5.6632831e-01   1.4272552e-01   2.3994680e-01   2.6047810e-01   3.3998031e-01   1.8579576e-01   9.6609461e-02  -1.0847952e-01   1.3518218e-02  -3.2844038e-01  -2.5511495e-01   2.5852498e-01   7.2470869e-01  -2.7587906e-02  -3.3015658e-01   3.0869613e-01  -2.1029378e-02   2.0178784e-01   1.5800666e-01  -3.5676413e-01   1.4188103e-02
  -1.0771385e-01   0.0000000e+00   2.8482773e-01   2.5658386e-01   1.0175034e-01   2.1069060e-01  -1.9013907e-01   6.7692611e-02   3.3117949e-01  -1.8888029e-01  -2.5014639e-01   4.6735741e-01  -3.8307223e-01   7.2953045e-02  -1.0416585e-01   1.9611189e-01   3.8738376e-01  -6.3065103e-03   1.3565083e-02  -1.3100628e-01   4.5644409e-02   2.6599240e-01  -3.0159475e-01  -2.1987859e-01   4.3081599e-02  -2.2181859e-02   2.8342610e-02  -3.6139322e-02  -1.1758892e-01   3.6559841e-01   7.0907665e-02  -2.3628186e-02   2.0954945e-02  -4.3546894e-01   2.1148258e-01  -9.4197693e-02  -4.6785913e-02  -2.3375660e-01   9.1077679e-02   9.6939779e-02  -2.3081713e-01   1.3000292e-02   3.4075367e-01   2.2247512e-01  -2.3925992e-01  -8.1888446e-02  -1.0159667e-01   3.3004626e-02  -9.7488063e-02   1.7773384e-01  -8.1706725e-02   4.2066487e-02  -8.9509097e-03   2.6765773e-02   1.2689768e-01  -2.6632881e-01  -1.2862345e-02   3.4978377e-01   3.5539260e-01   4.2085365e-01  -2.7757564e-02   2.6771859e-02   3.9301897e-01   6.1538638e-02   5.6725645e-03  -2.6317792e-01   1.6117723e-01   7.3285609e-02   9.5444776e-02  -8.8191208e-02   2.6648136e-01   3.8380746e-02  -1.8511516e-01   1.0807270e-01   2.0682670e-01   2.2349762e-01  -7.0969334e-02  -2.9764389e-01  -3.4542350e-02   1.2371350e-01  -2.3626235e-01  -9.3804960e-02  -1.0324313e-01   1.3634934e-01   3.0189172e-01   1.7322609e-01   8.0715069e-02  -2.9551130e-01   1.6135804e-01  -1.3838492e-01   2.0150013e-01   1.3837268e-01  -3.5518522e-02   2.7941366e-01  -2.4689812e-01   6.4261900e-02   8.3612025e-02  -5.2951247e-02   9.4868963e-03  -2.1926428e-01   6.0295292e-02  -6.2205454e-02   1.2693869e-01   4.3328125e-01   8.6025863e-02   2.2514682e-01   8.7024942e-02  -5.2081309e-03  -2.1761068e-01   1.1515076e-01  -9.5515327e-02   3.1154898e-01   1.7088444e-01  -1.5069998e-01  -1.9416709e-01  -1.1422181e-01  -2.4151676e-01  -3.3961217e-01   8.3305867e-02   2.9150932e-01  -2.1963550e-01   1.2018164e-02   3.0543645e-01   1.4110111e-01  -5.1154810e-02   1.5187753e-01   7.6567167e-02   1.6828434e-01   3.0088544e-01   2.7168461e-02  -2.8111648e-01   6.2353340e-02   5.1263653e-01  -1.5558434e-01   4.4008204e-01   2.1027840e-01   3.6933312e-02   4.4536482e-02   1.9831918e-01  -1.5372136e-01  -2.7431167e-01  -9.5421284e-02   4.8914170e-02  -5.7349478e-02  -4.6593508e-02   1.9701105e-01   1.0380576e-01   1.2791456e-01  -2.8009684e-01  -9.5829821e-02  -1.1657802e-01   4.1244134e-02  -3.7321893e-02  -1.9338092e-01   5.2380601e-01  -1.9346554e-01  -1.9061402e-01   2.8406184e-02   1.1620051e-01   1.5291316e-01   1.2273820e-02   2.5818083e-02  -1.1451240e-01   3.2788430e-01   2.3447855e-01  -1.4413945e-01  -2.2329526e-01   1.5547557e-01  -1.0265469e-01   1.1716300e-02   8.1174169e-02  -2.7263910e-01   1.2292401e-01   7.4547928e-02   7.5287993e-02   1.8079589e-01   1.4637775e-01
   5.7429354e-02   2.8482773e-01   0.0000000e+00  -4.4479475e-03   2.6130669e-02   6.4994764e-02  -1.4393900e-01  -4.5611928e-03  -1.1697205e-01  -5.9248064e-02  -1.9674029e-01   3.6842239e-01  -4.6892593e-02  -2.9251123e-01  -1.5102482e-01   3.8564616e-01   8.6166807e-01   1.4188829e-01  -1.8394050e-01  -1.0589449e-01  -1.4027594e-01   1.5399551e-01  -3.6638007e-01  -1.3576553e-01  -3.3674558e-02  -2.1401195e-01  -8.9339240e-02  -1.5634624e-01   5.2394913e-03   8.8534802e-02  -1.5683529e-01  -9.7819680e-02   2.2327059e-01  -2.3127944e-01  -4.2500928e-02  -1.4302026e-01  -1.0332382e-01   1.4041340e-01   2.3728221e-01   2.1275931e-01  -9.7073856e-03   1.5146258e-01   1.4921090e-01  -2.0627082e-02  -1.9755400e-01   4.5443920e-01   1.0323383e-01  -2.3328920e-01  -7.9983293e-02   3.4002496e-01   1.2100444e-01  -1.3305612e-01   5.9333033e-03   1.1924283e-02  -1.3880526e-01  -1.7340931e-01  -2.4176136e-01   2.3050996e-01   1.4934620e-01   1.7386671e-01   4.9244628e-01  -8.3131851e-02   1.4369261e-01  -2.2901873e-01  -1.3813129e-01  -2.3526214e-01  -6.7810623e-02   9.5143352e-03   8.6953692e-02   4.9460632e-01   1.0043751e-01   1.1661617e-01  -1.6056685e-02   2.1641012e-01   1.9702189e-01  -1.2836007e-01   5.1549013e-01  -1.8050888e-01  -1.5708436e-01  -4.2454540e-02  -2.1486585e-01   1.7161470e-01  -9.6087983e-02  -2.8553186e-02   3.7744486e-01  -1.1925332e-01  -8.5144275e-02  -4.8618998e-01  -2.7279293e-02   3.6556858e-02  -4.8549074e-02   6.8099983e-01   9.5984747e-02   1.2445537e-01   3.6672154e-01   3.7426034e-02  -2.0261215e-02  -2.6675238e-01   1.0591286e-01  -3.2677098e-01   3.2381743e-02   9.3943119e-03  -1.3926370e-01  -8.4795097e-03   9.0381646e-02   1.8463440e-01  -1.8016396e-02  -2.7251888e-01  -1.4705479e-01   1.2656238e-01  -5.2415367e-02   1.0407021e-01   7.4620720e-02   2.5376506e-01  -1.5609196e-01  -1.2547222e-01  -1.2272483e-01  -1.2881941e-01   1.4920258e-01   1.4955240e-01   2.1179386e-01  -2.8749625e-03   5.9206990e-02  -9.3094509e-02   4.2212314e-01  -2.3212173e-01  -1.3920816e-01   1.5993205e-01   2.0840887e-01   5.3826933e-01  -1.3888867e-01  -2.6434871e-01  -2.3521865e-02  -2.2904953e-01   1.1603455e-01  -8.2395714e-02  -3.6723911e-02   6.1979848e-02  -1.3182246e-01   1.5589493e-01  -7.2523486e-02   8.0756963e-03   1.9650118e-01   2.9215693e-01  -1.4995834e-01  -2.4831689e-01   1.3370351e-01   1.3378157e-01   8.5429701e-02  -4.1089089e-01   2.5167741e-01  -2.8533012e-01   1.8938147e-01  -1.3416494e-01   4.8469006e-01  -5.7191960e-02   3.4549612e-01   1.9912885e-01   6.6146719e-01  -1.0874050e-01   7.7357743e-03   1.5196262e-01   8.6216010e-02   9.5759167e-02   1.2947601e-01  -2.0548043e-01  -8.1256938e-02  -4.5991463e-02   2.1683392e-01   1.3118926e-01  -1.1746880e-01   8.9587830e-02   9.0534377e-02   4.4591386e-02  -1.2083056e-01   1.6593057e-01   2.0060345e-01
  -1.0460806e-01   2.5658386e-01  -4.4479475e-03   0.0000000e+00   6.1945274e-02   1.1140064e-01  -3.6582776e-02  -1.8973179e-01  -2.7315389e-03  -4.2153996e-02  -3.9584883e-01   1.2150855e-01   2.9888131e-02  -2.8108439e-02  -1.7772067e-01   3.2464542e-01   9.1173969e-02  -1.0592069e-01  -3.2733633e-01   1.3420532e-01   3.5706000e-01   2.1717926e-01  -2.3405159e-02  -2.7788164e-01   2.3416424e-02  -1.8946052e-01   3.0338275e-02  -1.6051469e-01  -6.0080050e-02   1.0672768e-01  -7.7547637e-02   1.2082941e-02   3.4988851e-01  -1.8638575e-01   1.2621345e-01   4.7079830e-02  -1.2157301e-01   3.1211439e-01   1.4237129e-02   1.0400493e-02   9.5455998e-02   4.0370014e-01   6.4364884e-02  -2.5875638e-01   1.1087356e-01  -7.1897357e-02  -1.5234909e-01  -7.0908363e-02   1.2681809e-01  -1.4221809e-02   2.7561943e-02  -1.2880137e-01  -3.5984642e-01   1.3704794e-01   2.9481163e-02  -2.7360559e-01  -1.2374512e-01   4.2996852e-01   4.5516388e-01   2.5458940e-01   4.2855912e-02   3.3935260e-01   3.4168140e-01  -3.8232174e-01   9.9637732e-03   4.7024967e-02  -5.3865654e-02   8.3478840e-02  -1.0671644e-01  -1.4753180e-01   5.3574044e-02   2.3781605e-01  -4.7607073e-02  -8.5486347e-02  -8.5625008e-03   5.4609366e-02   1.7555140e-01  -1.7462227e-01   7.1161523e-02   4.1095064e-01  -1.5108549e-01   1.9372439e-01  -3.2940119e-01  -1.4688314e-01  -4.2588081e-02   1.3889283e-01  -1.2779037e-01  -2.4247910e-01   8.1483655e-02  -1.3916296e-01   2.0481377e-01  -1.2879926e-02  -2.2107006e-01   4.1038961e-01   2.2733482e-01   1.1412117e-01   3.6076443e-01  -1.8435962e-01   4.1714933e-01   1.5775323e-01  -3.2862910e-01  -3.3204160e-01   3.7613397e-01   2.2772616e-01   1.6221395e-01   4.5994440e-01   7.1017958e-02  -1.3460962e-01  -6.1172523e-03  -3.8776468e-04  -1.3869635e-01   8.9624866e-02   4.5618267e-01  -8.9817659e-02  -1.6774306e-01  -3.0880697e-01  -2.0981160e-01   1.5084094e-02   4.6390129e-02   6.5784660e-01   1.6188521e-02   6.8642682e-02   8.2782190e-02   1.8692802e-01   1.9153871e-01   5.5327929e-02   7.5768369e-02   2.9214037e-01   2.8289263e-01  -2.4956601e-01  -2.7029076e-01   9.8011883e-03   2.3092182e-01  -9.2202508e-02   4.0090254e-01  -8.9083406e-02   1.6594367e-01  -2.8205251e-01  -2.5632844e-02   6.1352202e-02  -2.9896832e-01   8.5562376e-02  -2.9289397e-01  -7.6548987e-02   8.3593655e-02   1.9755344e-01   9.1559554e-03  -2.1920011e-01  -1.8543733e-03   5.4656818e-02  -2.7892750e-01   2.1925305e-01  -1.8359806e-01  -1.7917547e-01  -2.5768708e-02   3.1826843e-02   3.8751724e-02   2.3427100e-01   1.1501609e-01   2.0717487e-01  -1.9040011e-01  -4.1371838e-01  -2.2996034e-01   3.1879722e-01   1.3793251e-01  -2.3604928e-01  -1.8765183e-01  -1.7879931e-02  -9.9582681e-02  -2.8366070e-01   7.6700121e-02  -1.9255418e-02   2.0574365e-01  -9.6099604e-04   2.8045906e-01   2.6630028e-01   2.4986980e-01
   6.3983586e-02   1.0175034e-01   2.6130669e-02   6.1945274e-02   0.0000000e+00  -1.3621831e-01  -4.6208821e-01   1.1276999e-01   4.6632533e-01  -1.0828959e-01  -3.1427548e-01  -2.4450583e-01   7.4778079e-02  -1.2326339e-01  -6.4275140e-01  -1.4042375e-01   2.0470067e-01  -3.0208216e-01   1.0851716e-01   8.1087427e-01  -1.8583912e-01   1.1080769e-02  -5.4376664e-01  -2.0588608e-01   1.8941853e-01   1.3516841e-01   5.0749958e-01  -4.7059747e-01   1.6198407e-01  -3.8607683e-01  -3.1104884e-01  -1.6925364e-01   3.2097791e-01  -4.0942399e-01   2.3042253e-01   7.3663820e-01   1.0919155e-01   1.0853945e-01   1.1743418e-03   5.6109437e-01   1.8082954e-02   3.2167776e-02   4.4262121e-01  -1.9701980e-01  -8.5146301e-02  -3.2295252e-01   3.0000163e-01   3.1439546e-02   2.2425640e-01   4.8585212e-01  -3.5666391e-01   1.0144951e-01   2.1899755e-01   1.1532283e-01  -2.9924614e-01  -4.1600326e-01   9.4617474e-02   1.0628247e-01  -1.5592916e-01  -1.8608016e-01  -3.3870120e-01   2.9669358e-01   2.8148519e-01  -2.2814564e-01   1.9725623e-01  -2.8531511e-01  -1.4002136e-01  -5.9069457e-02  -2.1682582e-01  -3.9456645e-01   5.7787201e-01  -4.7207725e-01   2.3109579e-01  -4.3506916e-01   1.8538702e-01   1.7593471e-01  -2.2128191e-01   2.3983930e-01   5.5634308e-01   1.0352561e-01  -5.4262724e-01  -5.5183400e-02   2.8543595e-01  -6.4993044e-02  -2.2672478e-01  -4.5365774e-02   2.7438225e-01  -3.5059623e-01  -8.3956528e-03  -6.9131824e-02   5.5852368e-01  -2.1074964e-01  -7.8553448e-02   1.0486499e-02  -1.4924541e-01   5.9073826e-01   2.4187839e-02   9.3419121e-02   3.1760079e-01  -3.1806316e-01  -1.3320182e-01  -5.8864298e-01  -1.7215530e-02   2.1311597e-01  -5.6827671e-01   1.8095104e-01   2.8300134e-01   2.0702213e-01  -6.3464094e-02  -2.6343358e-01   2.4820710e-02  -3.5154940e-01  -2.7527375e-02  -1.3289125e-01  -3.9453268e-01   6.3715261e-01  -1.6152941e-01   8.9003190e-02  -3.0317110e-01  -1.5243541e-01  -1.0538345e-01   5.4694825e-01   1.0131308e-01   5.0706125e-01  -1.5341326e-01  -5.6927681e-01   1.2589136e-01   3.2697940e-01   1.5891310e-02  -2.6280183e-01  -2.3535180e-03   3.2799657e-01  -2.0509845e-01  -8.8463410e-02  -2.7349920e-03   3.0594981e-02   9.4706337e-02  -1.5337139e-02   1.4091990e-01   2.2131775e-01  -7.4485777e-02   1.8224877e-01  -3.2994333e-01  -5.5867134e-01  -4.5754203e-01  -1.8004666e-01   3.4823652e-01   5.5085892e-01  -2.1116361e-01  -1.5776392e-01  -5.2551192e-01  -1.1966380e-01  -2.5922948e-01   4.7195767e-01   2.0750026e-01   7.6969485e-02  -1.8820531e-01  -2.4626968e-01  -1.1253597e-01  -2.0459515e-01   1.1980776e-02  -3.4046641e-01   1.0156564e-01  -3.8528662e-01   1.0450779e-01   3.5178202e-01   1.8204039e-01  -1.8743937e-01  -9.5724805e-02   2.6503517e-01   4.8441217e-01   1.7373116e-02  -2.2286536e-01  -3.5764956e-01  -4.8589143e-02   1.5005405e-01   1.2066902e-01
   2.6665609e-02   2.1069060e-01   6.4994764e-02   1.1140064e-01  -1.3621831e-01   0.0000000e+00   1.9511928e-01   4.2023779e-01  -2.3038629e-01  -4.5442914e-02  -3.9584886e-02   5.2858111e-01  -2.5297608e-01  -1.1030345e-01   2.5025403e-01  -1.3031346e-01   4.5947414e-02   2.2517456e-01   4.5675329e-01  -1.9189866e-01   2.4958566e-01   3.0037389e-01   7.8544198e-02  -1.3434647e-02  -8.2131248e-02   2.0230685e-01  -2.3152238e-02   1.2777130e-01   1.3498218e-01   4.8140668e-01   8.1214932e-02   4.4982779e-01  -6.8490716e-02  -1.0498836e-01  -2.3353855e-02  -2.2712993e-01  -5.2454551e-02  -7.5505130e-02  -3.3535167e-01   1.0618888e-01  -1.8341801e-01   1.0531984e-01  -1.7435107e-01   2.0926311e-01  -3.8989985e-01   2.4260978e-01   5.4472758e-02   5.3277691e-02  -1.1498291e-01  -3.1130387e-01   1.6296389e-01   2.5530924e-01  -2.5310745e-01  -3.0256785e-01   3.0067138e-01  -1.4076523e-02   2.3437774e-01   2.6119637e-01   5.0055403e-01   3.8343203e-01  -7.3848852e-02  -7.4527618e-02  -1.2375090e-01  -1.0993599e-01  -2.4927381e-01  -2.3893400e-01   8.4876894e-01  -1.3000862e-01   4.7922093e-01   2.4480155e-01  -1.4952360e-01   2.8365237e-01  -2.7864896e-01   3.9695735e-01  -1.2591593e-01   3.1542400e-01  -8.7954201e-02   7.8520720e-02  -9.1373862e-02   7.0202161e-02   2.1285653e-01  -1.5583256e-01  -2.2425653e-01   3.8390447e-01   3.4923374e-01   3.9598222e-01  -1.3906392e-01  -1.5206536e-01  -1.5662321e-01   9.8699951e-02  -3.1182945e-02   1.0316984e-01   1.5036780e-01  -1.7792815e-02  -1.5036409e-01  -1.0368915e-01   8.0544575e-02   4.7721189e-01  -1.5319350e-01   1.3826479e-01  -9.9749016e-02   3.5287515e-01   1.9495881e-01  -1.3473805e-01   4.8657781e-01   1.5361687e-01  -1.6824366e-01   3.1797927e-01  -2.0115600e-01   4.2661452e-01  -2.1562643e-01   6.5234374e-01  -2.5606279e-01   3.7323437e-03  -9.8313321e-02  -1.4605430e-01   1.9541505e-01  -3.1380555e-01   5.0471500e-02   2.7497322e-01  -4.5868311e-02  -1.1373885e-01  -1.7837136e-01  -2.6815332e-02   6.9845869e-02   4.3722098e-01  -3.5725862e-02  -3.0141798e-01   1.3543629e-01   2.9898619e-02  -4.1798261e-01  -1.3490034e-01   3.2097977e-01   1.8017140e-02  -8.6523750e-03   3.7852747e-01   4.9485723e-02  -9.5876578e-02   3.0576264e-01  -1.6816891e-01  -2.3262439e-02  -1.6190664e-01   3.9204323e-01   1.1361671e-01   4.2418756e-01   3.5113088e-01  -1.6564157e-01  -4.6191784e-02   5.9010789e-03   8.4342191e-02   1.9898923e-01   1.3265732e-01   1.2990414e-01  -1.8110024e-01   2.9991097e-02  -2.1814259e-01  -1.5072460e-01   3.5656035e-01  -8.5106712e-03   4.7189950e-01  -4.1751351e-01   3.4695549e-01  -4.4110144e-02   4.4432977e-01   2.5840501e-01  -9.0068575e-02  -2.8675891e-01   2.1324363e-01   6.2014801e-02   1.6099858e-01  -1.0735592e-01  -4.6322491e-01   2.4910918e-02   1.5413147e-01   4.6161536e-02   2.9978831e-01   1.3978864e-01
  -3.7740610e-01  -1.9013907e-01  -1.4393900e-01  -3.6582776e-02  -4.6208821e-01   1.9511928e-01   0.0000000e+00  -3.1184330e-01  -1.7679969e-01   4.1367550e-01   6.4549043e-01   2.8544917e-01   1.6393914e-01  -1.8278269e-02   4.5847677e-01   8.0168735e-02  -3.7420430e-01   6.0874138e-01  -1.0360733e-01  -2.9556758e-01   3.6713189e-01  -2.2834278e-01   5.9309030e-01  -1.8463295e-01  -2.9888832e-01  -2.8794649e-01  -4.3582387e-02   3.0530121e-01  -3.0607814e-02   1.7015152e-01   2.1044467e-01   1.9167243e-01  -2.8460547e-01   8.0536299e-01  -6.4359306e-02  -2.2964004e-03   1.7596637e-01  -1.6657387e-01   5.8301777e-02   1.3588850e-02   3.0783693e-01  -7.1459754e-02  -2.5317555e-01  -2.3922141e-01   3.9971454e-01  -8.4614070e-02   3.0272527e-01   6.1604095e-01  -9.5060305e-02  -6.6138398e-01   4.7867439e-01  -3.8604920e-01  -1.0930048e-02  -3.4853095e-01  -9.3845184e-02   6.6842588e-01  -3.0785704e-01  -2.2888898e-01   2.4266070e-01   5.9203239e-02   1.1633060e-01   1.0978878e-02  -5.3392371e-01   9.7353121e-02   9.4777812e-02   4.9368508e-01   2.9513837e-01  -3.0091474e-01   1.1281830e-01   6.3766486e-03  -4.6732109e-01   2.4355112e-01   7.7386191e-02  -4.1036321e-02  -2.8099337e-01  -1.8896155e-01  -9.3353386e-02  -9.7193813e-02  -4.7679229e-01  -3.5756009e-02   7.0336996e-01   1.5823589e-01   4.1528089e-02  -1.2784773e-01  -8.1233275e-02  -7.8347956e-02  -3.4717946e-01   1.7061234e-01  -2.3028654e-01  -3.2172535e-01  -5.8473558e-01  -8.1793036e-02   4.4270450e-01   3.4332475e-02  -1.3933696e-01  -4.1169151e-01  -1.4994947e-01  -1.4594395e-01   3.3853545e-02   6.1572921e-01  -1.5063921e-01   4.5510360e-01   6.1065080e-02  -3.4489853e-01   5.1814496e-01  -1.7331646e-01  -3.5560185e-01  -3.1876670e-01   8.3994740e-02   4.1673975e-01   4.2677397e-01   6.3597261e-02  -1.4476748e-01  -2.6820109e-01   4.1098887e-01  -3.0888112e-01  -7.4532022e-02   3.5733630e-01   7.3862908e-02   1.8282784e-02  -1.9478840e-01  -3.4509211e-01  -3.5833397e-01  -2.2272269e-01  -1.3394385e-01   2.3699936e-01   2.8190410e-01  -2.7609429e-01  -1.8433492e-01  -1.0339929e-01   7.9441812e-02  -1.7980852e-02  -1.8808450e-01   1.5452850e-01  -2.5472990e-01  -1.7480437e-01  -2.0987905e-01   1.4619089e-01  -2.0630774e-01  -3.1431701e-01  -2.8881360e-01  -1.3062293e-01   2.3190503e-01   2.3695026e-01   6.5564643e-01   3.7571644e-01  -8.4255406e-02  -3.0705383e-03   6.7243053e-01   4.4107233e-01   3.0267873e-02   2.4983175e-01  -2.0022121e-01  -1.2151608e-01  -1.9599071e-01  -3.0182505e-01  -2.3073335e-01   1.6496452e-01  -1.4100201e-01   2.6004028e-02  -1.9668727e-01   2.2379151e-01   9.9480239e-02   4.2768576e-01  -3.3902203e-01   2.3364889e-01   1.9938148e-01  -1.1024749e-02  -2.1619290e-01   1.9635458e-01   5.3531218e-02  -3.0009810e-01   3.1030899e-01   1.0919791e-01  -1.8446687e-01   5.5921917e-02  -3.8061979e-01
   1.3703907e-01   6.7692611e-02  -4.5611928e-03  -1.8973179e-01   1.1276999e-01   4.2023779e-01  -3.1184330e-01   0.0000000e+00  -1.0141004e-01  -4.5078968e-01  -1.7497474e-01   1.8070181e-01  -5.0259815e-01  -3.9482269e-03   1.0114757e-01  -3.0114961e-01  -1.7351560e-02  -3.1447671e-01   6.5009437e-01   3.3760577e-02  -2.9527141e-01   5.5515028e-01  -9.1725723e-02   1.0758032e-01   1.8303463e-01   7.5717983e-01  -8.7469894e-02   6.9592331e-02   2.0695141e-01   3.2359459e-01  -1.0430944e-01   1.9434681e-01  -1.5747147e-01  -3.4908727e-01   1.9641463e-01  -2.7007969e-01  -3.0573436e-02  -3.0352687e-01  -4.2444467e-01  -1.4668762e-02  -5.4921457e-01  -1.3646163e-01  -2.0209644e-02   3.2008546e-01  -5.2479346e-01   1.3027598e-01  -3.0317078e-01  -3.7961028e-01  -6.3882468e-02   3.0900921e-01  -3.6901081e-01   8.9447737e-01  -8.1544644e-02  -9.7999270e-03   4.9198504e-02  -1.2884558e-01   3.8874807e-01   3.2088447e-01  -1.7182215e-01   2.9216183e-01  -3.2902237e-01  -2.8830264e-01   2.9974070e-01  -6.8191153e-02  -2.9862532e-01  -5.1165610e-01   4.7488946e-01   7.3449361e-02   2.3702313e-01   1.9268688e-02   1.9872585e-01  -1.4004541e-01  -4.6612035e-01   1.3348041e-01   2.7065136e-01   6.0743502e-01  -2.3029836e-01   2.5868974e-01   4.3609117e-01  -2.8229005e-01  -1.2615885e-01  -5.2693392e-01  -1.2981809e-01   7.4169062e-01   5.5937134e-02   5.9057686e-01   3.0064342e-01   1.0216988e-01   1.0036270e-01   5.9206155e-02   3.5977847e-01  -9.1100737e-02  -1.9883901e-01  -1.8004210e-01  -1.7809345e-01   1.4359591e-01  -7.5651342e-02   7.0153812e-01  -4.6810257e-01  -2.5676099e-01   1.0280473e-01   6.4979518e-02  -1.1180741e-01   2.1022972e-01   2.3548702e-02   1.1084332e-01   1.1998368e-03   6.8410735e-01   7.1271086e-02  -1.1553318e-01  -2.1926751e-01   4.4743127e-01  -1.5306291e-01   4.0650441e-02   3.3286019e-02   1.5196458e-01   5.1628033e-02  -5.4501130e-01  -4.0069452e-01  -1.4386855e-01  -2.1604991e-01   2.6473103e-01   2.9333732e-01  -2.4089703e-02  -4.9376081e-02   3.0738188e-01  -1.8891397e-01  -9.7876393e-02   4.0872126e-01  -1.1456224e-01  -3.0166380e-01   4.7018858e-02   3.0124053e-01   1.1922653e-02   2.2482647e-01   7.9131341e-01   8.9296228e-02  -2.8385684e-01   7.3162732e-01  -1.9442841e-01   1.2753132e-01  -1.9597247e-01   3.0816888e-01  -2.5675901e-01   7.1163374e-03  -4.4305677e-02   8.6909705e-02  -2.1026021e-01  -5.3133831e-01  -2.6042498e-01   9.4121741e-02   1.6024624e-01  -3.1313094e-02   4.0116421e-02  -2.4492759e-02  -1.8429600e-01  -1.0248893e-01  -6.9920152e-02  -1.6467120e-01   2.6809868e-01   3.4044683e-02   2.9435293e-01  -2.9796166e-01  -1.0432056e-01   6.4530309e-01  -7.7726452e-02  -1.2141058e-01   6.6606424e-02   1.3637228e-03  -1.4617393e-01  -7.6142489e-02  -3.4680654e-01  -4.1943038e-01  -9.7852422e-02   2.9512770e-01  -1.1314503e-01   5.8325288e-01
   1.9078839e-03   3.3117949e-01  -1.1697205e-01  -2.7315389e-03   4.6632533e-01  -2.3038629e-01  -1.7679969e-01  -1.0141004e-01   0.0000000e+00   6.4624827e-02  -2.7915271e-02  -2.5493348e-01  -9.0425423e-02  -1.0439966e-01  -4.2396448e-01  -1.4320052e-01   2.3301619e-02  -8.3773282e-02   1.3913645e-01   3.3940259e-01   5.7458713e-02  -8.1588712e-02  -3.3108771e-01   3.4094670e-02   1.6101756e-01   1.7288679e-02   3.2180680e-01  -1.4013365e-01   2.8186255e-02  -7.8865608e-02  -4.6410657e-02  -2.6911302e-01   1.5801259e-02  -2.0361581e-01   1.1302671e-01   5.2387565e-01  -1.6835263e-02  -5.9956529e-02   2.8569070e-02   2.5671621e-01  -1.1802655e-01  -1.5926791e-01   4.2343748e-01  -1.3150222e-01   1.7902363e-01  -3.0423192e-01   2.4689588e-01   1.9496877e-01  -6.1877152e-03   1.1798415e-01  -7.0967142e-02  -7.3996044e-02   1.1842078e-01   2.9589609e-02  -2.5822235e-01  -3.3451677e-01   1.3761896e-01  -1.2482494e-01  -1.5305236e-01  -3.3435402e-03  -2.5194483e-01   9.5775229e-02   2.0479573e-01   2.8540018e-01   3.4675532e-01   3.6769098e-02  -1.4035092e-01   1.5674892e-01  -1.2258763e-01  -2.9942235e-01   2.4534037e-01  -2.8540309e-01  -6.3600603e-03  -3.3918961e-01   1.4258644e-02  -8.1867498e-02  -2.8618503e-01  -2.9696005e-02   5.6137410e-02   7.9999057e-02  -2.0160635e-01  -1.3484266e-01   3.2584349e-02  -8.2527185e-02  -4.0828020e-01  -1.3022822e-01   1.0998694e-01  -2.2617686e-01   3.2868759e-01  -2.0280602e-02   1.4279935e-01  -3.8042865e-01  -1.1546053e-01   2.6179758e-01  -2.1815898e-01   2.5948168e-01   3.8906392e-02   7.1810045e-02   2.5745031e-01  -6.3255766e-02  -2.2140131e-01  -2.9199432e-01  -1.1480813e-02   6.2287915e-01  -3.4257339e-01  -1.3521860e-01   6.7340257e-02   6.7740076e-02  -1.8542149e-01  -1.3605567e-01  -2.3120162e-01  -2.2176768e-01   1.6157520e-01  -2.1818332e-01  -3.1761233e-01   2.7461917e-01  -1.1693472e-01   1.6607194e-02  -1.1645739e-01  -1.3956376e-01  -1.5875091e-01  -2.5860694e-02   1.0630641e-01   3.3790075e-01  -3.0796735e-01  -3.1131974e-01   3.7672131e-01   1.6424865e-01  -1.1105501e-01  -2.9415102e-01   4.9642003e-02   4.1252025e-01   1.5890776e-01  -2.0405221e-01   1.5038080e-02  -1.2876233e-01  -1.7103953e-02   2.5261322e-01  -1.0411070e-01   1.3358664e-01  -1.1639371e-02  -1.5086666e-01  -1.3344912e-01  -3.8281802e-01  -2.3850112e-01   4.2292080e-03   9.2510011e-02   3.6330569e-01  -8.0036212e-02  -1.2871676e-01  -4.8477143e-01   5.8138547e-03  -2.9133662e-01   2.0430002e-01   5.6740826e-02   2.3791505e-01  -2.2512142e-01  -3.2963545e-01  -3.0530630e-01  -1.7266386e-01   1.8252719e-01  -4.8285595e-02   6.3750024e-02  -2.0479086e-01  -1.3037601e-01   2.5720042e-01   1.7808395e-01   1.5287047e-01  -1.3963277e-01  -9.1038131e-03   1.7299440e-01  -6.8280009e-02   6.4495643e-02  -4.5172045e-02  -1.1588799e-01  -1.9537601e-01  -6.5071738e-02
  -6.0097827e-03  -1.8888029e-01  -5.9248064e-02  -4.2153996e-02  -1.0828959e-01  -4.5442914e-02   4.1367550e-01  -4.5078968e-01   6.4624827e-02   0.0000000e+00   7.7985534e-02  -8.7785446e-02   2.4038285e-01  -3.2447379e-01  -9.4671519e-02  -1.7888035e-01  -1.2772991e-01   9.1540594e-02  -2.0115243e-01  -1.1429349e-02   1.8459260e-01  -2.6937090e-01   2.2352693e-01   2.4446533e-03  -2.0260847e-02  -3.6189769e-01  -1.9603784e-01   6.7877754e-02  -6.8180766e-02  -2.3682778e-01  -7.7792687e-02  -7.1022991e-02  -1.0396946e-01   4.8971614e-01  -3.0259783e-01   1.1901812e-01  -4.5551674e-01   1.4395818e-01  -1.2335238e-01  -3.8585070e-02   2.0263942e-01  -4.3938515e-02  -6.4091662e-02  -2.6120747e-01   2.6442139e-01  -3.0262312e-03   1.3765861e-01   2.2121927e-01  -5.6178021e-01  -3.7067711e-01   1.9917449e-01  -4.0819500e-01   4.3267414e-02  -4.2700909e-02  -2.6160231e-01   2.0537222e-01  -1.1953561e-01  -2.6536672e-01   2.9063770e-02  -1.8251619e-01   3.6488417e-02  -2.8435255e-01  -3.1976494e-01  -2.9219124e-02  -3.4533549e-01   7.7510702e-01  -1.5879892e-01  -3.1944444e-02  -1.4837745e-01   8.0967946e-02  -2.5694828e-01  -4.1987756e-02   3.0795764e-01  -5.2203691e-02  -1.8559853e-01  -2.1725747e-01   2.5830334e-02  -1.9971666e-01  -3.7135278e-01   2.3532161e-01   3.1307220e-01   2.5933785e-01   8.5087686e-03  -4.5800555e-01  -1.2692050e-01  -1.5886598e-01  -4.1358209e-01  -8.3870118e-02   7.2040088e-02   9.4524228e-03  -2.9895746e-01  -8.1017929e-02   3.0973404e-01   1.4034358e-01   6.5013888e-02   1.1077669e-01  -1.3665774e-01  -2.6186330e-01   5.9479348e-03   3.4860765e-01  -2.5494902e-01   6.7455322e-02   2.7018375e-02  -1.6907798e-01   6.4694440e-02  -8.4264376e-02  -1.2496002e-01  -3.6918770e-01  -5.4497313e-01   1.8977207e-01   2.1923848e-01  -1.7953141e-01  -2.2472382e-01   1.8497001e-02   1.1055231e-01  -1.9949901e-01   1.2476380e-02   4.1011780e-01   2.6188454e-01  -8.5525437e-04   1.5434035e-01  -1.4643079e-01  -4.7602461e-01  -9.9807410e-02  -3.5166746e-03  -2.6109319e-02   1.4063837e-01  -3.0679930e-02  -2.5775887e-01   8.2064315e-02  -6.2886147e-02  -2.7786976e-01  -3.1681659e-01  -1.8307446e-01  -3.0814804e-01  -3.6957721e-01  -2.8291765e-01   1.9075673e-01  -3.3828152e-01   4.6765474e-02  -1.1515140e-01   1.3397377e-01  -2.2813963e-01   2.9593118e-01   1.1963790e-01  -5.2104994e-02   1.8426843e-02   3.2383438e-01   6.6336456e-01   2.6116407e-01   1.1705118e-01  -7.6122806e-02   6.6939256e-02  -2.5541298e-01  -1.5751984e-01   8.2841371e-02  -2.8604791e-02   1.5231042e-01  -8.4397063e-02  -4.9523245e-02  -1.5111729e-01  -2.1738900e-01   7.4784757e-01  -3.6777783e-02  -4.2531454e-01   3.8261077e-02  -1.8347471e-02  -1.1354280e-01   8.8657378e-02   1.3473314e-01   1.6018468e-01   4.1713585e-02   8.6632249e-02  -1.6890798e-02  -7.9483762e-03   2.4473767e-01  -3.8754572e-01
  -3.5495392e-01  -2.5014639e-01  -1.9674029e-01  -3.9584883e-01  -3.1427548e-01  -3.9584886e-02   6.4549043e-01  -1.7497474e-01  -2.7915271e-02   7.7985534e-02   0.0000000e+00  -6.9521108e-03   1.9447323e-01   8.1669123e-02   4.1913946e-01  -5.7454380e-02  -4.3046158e-01   6.2512647e-01  -2.3008729e-02  -2.1825024e-01   7.0426326e-02  -2.3342167e-01   4.0050888e-01  -3.4675806e-02  -2.2449966e-01  -9.7573547e-02   1.1096753e-01   2.1001911e-01  -4.2473902e-02   1.2570878e-01   2.6346173e-01   8.1823663e-02  -4.8763194e-01   6.5197574e-01  -7.7444480e-03   1.6051091e-01   4.3309554e-01  -3.5203442e-01   1.4437535e-01  -4.4420125e-02   3.4133709e-01  -3.4232667e-01  -2.7861347e-01  -7.7587550e-03   4.9731092e-01  -8.7131531e-02   5.0664953e-01   5.7793364e-01   1.3261952e-01  -4.8299956e-01   4.0671182e-01  -3.0578834e-01   2.1676554e-01  -3.2874371e-01  -1.0447593e-01   6.5341494e-01  -3.1153289e-01  -4.7716856e-01  -5.6670599e-02  -1.3566905e-01   8.9702040e-02   7.2146331e-02  -5.0949705e-01   4.6481778e-01   4.6119996e-01   2.0479646e-01   1.9251278e-01  -2.4512938e-01   2.0313938e-01  -2.1545776e-02  -3.3041115e-01   6.6433640e-02   8.6250198e-02  -1.3456388e-01  -3.5348793e-01  -2.8631730e-01  -1.9627375e-01   1.0569522e-01  -3.1814372e-01  -2.3359688e-01   5.1030098e-01   5.3443440e-02   2.7914538e-01  -8.0225993e-03  -2.0984916e-01  -2.9735771e-01  -3.2045893e-02   2.1564258e-01  -2.2752762e-01  -2.7993811e-01  -4.7705550e-01  -1.3622132e-01   3.8191356e-01  -1.4418414e-01  -2.5161092e-01  -4.6635499e-01  -1.2392220e-01  -5.1296219e-02   5.3750862e-02   3.9599576e-01   6.2357938e-02   5.0016331e-01  -1.4499121e-01  -1.8224383e-01   2.5561752e-01  -3.9378369e-01  -3.1895127e-01  -1.3884710e-01   3.0313049e-01   2.5396945e-01   3.7074970e-01  -1.3610210e-01  -1.5347982e-01  -2.6483809e-01   3.4642555e-01   8.0375248e-02   1.1411540e-02   3.7368355e-01  -1.1246251e-01  -2.5368500e-01  -2.3584326e-01  -3.2795603e-01  -1.9567571e-01  -9.3055798e-02  -2.6245409e-01  -2.4180449e-02   3.1682862e-01  -3.3218837e-01  -3.0156251e-01  -9.3291534e-02   3.3734042e-01   3.3294696e-01  -2.9312257e-01   1.9488873e-01  -3.6393416e-01  -1.9428554e-01  -1.4265894e-01   2.0348712e-01  -2.3845425e-01  -3.1948116e-01  -7.2648154e-02  -1.2193798e-01   3.9743536e-01   3.2245143e-02   4.3146330e-01   2.5123012e-01  -1.5110544e-01   5.8078959e-02   4.0023764e-01   3.2258770e-01  -3.9743270e-02   1.2626782e-01  -2.3318556e-01   2.7781228e-01  -2.0229036e-01  -2.8819181e-01  -1.6935022e-01  -4.0975997e-02  -2.4032137e-01  -2.2090004e-01   1.3705001e-02   4.5019729e-01  -6.5639278e-02   2.2520747e-01  -3.7724498e-01   4.6219300e-01   5.9718127e-01   6.9803543e-02  -2.1049137e-01   2.5269604e-01   8.4736793e-03  -2.3164258e-01   3.0394616e-01   1.3537214e-01  -3.5300508e-01  -2.5835995e-01  -3.2894378e-01
  -1.3808528e-01   4.6735741e-01   3.6842239e-01   1.2150855e-01  -2.4450583e-01   5.2858111e-01   2.8544917e-01   1.8070181e-01  -2.5493348e-01  -8.7785446e-02  -6.9521108e-03   0.0000000e+00  -3.3556820e-01  -1.9749832e-01   2.4917099e-01   2.6067516e-01   2.7085353e-01   2.5318074e-01   1.2960643e-01  -2.8713348e-01   1.1808524e-01   3.4260280e-01   7.8187744e-02  -2.6931447e-01  -7.3980900e-02   1.7940108e-02  -9.7501294e-02   2.0654522e-02  -9.4014539e-02   4.0108977e-01  -1.2076983e-01   2.0143151e-01  -1.6515989e-01  -6.2810731e-02   3.4301445e-01  -3.0520623e-01  -1.6024665e-02  -1.6401693e-01  -1.6480345e-01   9.5518879e-03  -1.7889533e-01   1.7757549e-01   1.2336717e-01  -1.2157653e-02  -2.3858749e-01   1.9124408e-01  -2.7914147e-02   4.7757444e-04  -1.1981079e-01  -1.3376840e-01   2.0342369e-01   7.8848555e-02  -2.7589089e-01  -1.7059427e-01   1.2378759e-01   3.5878477e-03  -1.6120814e-01   4.0829290e-01   4.5543389e-01   6.4946892e-01   1.5113336e-01   5.0704602e-02   9.1654452e-02  -3.2816440e-01  -2.3867265e-01  -2.0398451e-01   4.1949356e-01  -1.6957654e-01   2.6967483e-01   1.4986156e-01  -1.5423824e-01   3.2687776e-01  -2.8331955e-01   2.4852917e-01   2.0565493e-01   2.2874000e-01   8.8840398e-02  -1.8583645e-01  -1.2283123e-01   9.5380500e-02   8.4563931e-02   1.3590355e-01  -3.4078179e-01   2.2455260e-01   3.3929008e-01   3.3342423e-01  -1.5961157e-01  -1.3470328e-01  -1.0154634e-01  -2.1544839e-01  -8.3719999e-02   2.8605564e-01   2.5204645e-01   3.3673758e-01  -5.2756332e-02  -1.4833632e-01   7.6564734e-02   9.1581453e-03  -4.8052080e-02   1.8155915e-01  -1.3850938e-01   3.8438715e-01   2.2249696e-02  -4.6916598e-03   5.7621790e-01   2.7693054e-01  -1.3629784e-01  -1.2468269e-02  -9.9705510e-02   3.4283820e-01   1.0777265e-01   5.6780894e-01   1.6357158e-02  -6.2747819e-02   3.5447127e-02  -3.5996524e-01  -2.9414382e-01  -3.1083260e-01  -7.9893214e-02   3.2942940e-01  -1.4573818e-01  -6.9664608e-02   1.6293193e-01  -1.9709532e-01   1.1902509e-01   4.2783223e-01   1.8225753e-01  -5.0030005e-02   4.3923783e-01   6.5815012e-02  -4.2294623e-01  -1.3956229e-01   2.7335247e-01  -2.1716674e-01   3.5228717e-01   2.8915074e-01   1.1326832e-02  -1.8796394e-01   2.5849667e-01  -2.5560527e-01  -3.1742628e-01  -2.6017199e-01   4.3398602e-01   9.5734621e-02   5.3531956e-01   2.3284762e-01   1.4433804e-02  -1.3805330e-01   1.1437095e-01  -1.1090876e-01   1.0598923e-01  -3.3540104e-02   4.6514916e-02  -3.1876832e-01   2.8294986e-01  -4.1391056e-01  -3.1277081e-02   2.8321258e-01   1.9232611e-01   1.9132071e-01  -1.5940014e-01   2.7091271e-01  -2.1038567e-01   5.2820898e-01   2.9171245e-01   5.1775969e-02  -9.1983321e-03   1.7415053e-02  -5.6726849e-03   2.4741417e-02   7.8856261e-02  -3.2341448e-01   1.0068471e-01  -3.2893381e-02   8.8105122e-02   2.8563765e-01   2.0883197e-01
  -1.0360797e-02  -3.8307223e-01  -4.6892593e-02   2.9888131e-02   7.4778079e-02  -2.5297608e-01   1.6393914e-01  -5.0259815e-01  -9.0425423e-02   2.4038285e-01   1.9447323e-01  -3.3556820e-01   0.0000000e+00  -1.7919700e-01  -3.3841400e-02   2.3371999e-01  -9.3452991e-02   3.3313218e-01  -3.3054130e-01   2.1590213e-01  -6.2181507e-03  -2.5020237e-01   4.6503450e-02  -6.8043073e-02   4.0256138e-02  -3.4967557e-01   1.3035513e-01  -2.2907326e-01  -1.6881983e-01  -2.5987232e-01  -4.6922229e-02  -1.1739518e-01  -1.8719983e-02   2.7127647e-01  -2.7136419e-01   3.3118588e-01   2.1388548e-01   2.0682513e-01   3.9131360e-01  -1.0389494e-02   7.1383640e-01   2.2983614e-02  -1.4917804e-01  -3.1744207e-01   4.9041391e-01  -3.8595481e-02   3.2131572e-01   9.5723703e-02   2.1810568e-01  -2.0116506e-01   3.8747472e-01  -4.0897610e-01  -3.3478287e-02  -5.9332018e-02  -8.6411130e-02   1.4289307e-01  -2.2271659e-01  -2.0617179e-01   8.8302752e-02  -2.9729740e-01   2.1169766e-01   3.8786545e-01  -2.5455417e-01  -6.1473760e-02   2.8046993e-01   2.6731823e-01  -2.9603222e-01  -1.7849712e-02  -2.1923076e-02   9.3164213e-03  -1.7270878e-01   1.2259272e-01   5.1182509e-01  -1.7720817e-01  -1.3121187e-01  -2.9465878e-01   1.6017980e-01   3.2204463e-02  -1.8866991e-01   2.0018202e-01   1.0571304e-02   4.9586471e-01   6.5534515e-02  -4.3352195e-01  -2.3044422e-01  -2.4416611e-01  -2.5541041e-01  -4.9376970e-02  -2.0358438e-01  -6.1737643e-02  -2.9216571e-01   7.1565722e-02   8.1267017e-02   7.6597652e-02   2.2238619e-01  -5.9860175e-02   2.2171673e-01  -3.4206100e-01   5.4500111e-01   2.5562926e-01  -2.1688187e-01  -7.6214542e-02  -2.6322988e-03  -3.0804988e-01  -1.3567133e-02  -1.0745401e-01  -1.2125532e-01  -2.9883856e-01   1.7061962e-01  -1.7970484e-03   1.4937896e-01  -3.2899703e-01   1.3029989e-01  -7.6807644e-02  -5.8846582e-02  -2.7932891e-02  -1.8639289e-02   7.6089418e-01   2.0279720e-02   7.2612707e-02   1.1100612e-01  -8.7725491e-02  -2.5796042e-01  -1.3476907e-02  -2.8824308e-03  -3.2609645e-01   9.9632901e-02   4.1515090e-02  -2.0223194e-01  -1.0310182e-01   5.8473216e-01  -8.1254479e-02  -3.5602944e-01  -8.1209304e-02  -2.5344957e-01  -3.7068949e-01  -4.1105193e-02  -7.8165107e-02  -3.4229317e-01   1.7563418e-01  -2.3000333e-02   4.5775010e-01  -1.1315595e-01   2.7235589e-02   4.9540920e-02  -3.4253173e-02  -1.1962855e-01   6.8166438e-02   3.3521567e-01   4.6330184e-02  -2.1202091e-01  -2.1648464e-01  -3.9116480e-02   3.2959380e-02  -3.0678373e-01   1.1607398e-01   1.0661372e-01   2.2473785e-01   8.3258549e-03  -2.2583916e-01   8.4750212e-02  -1.1787215e-01   1.2546362e-01   3.3895601e-03  -3.0063468e-01   1.1330662e-01   1.2809379e-01   9.9729398e-02  -8.4375411e-02   6.3889871e-02   3.4258787e-02   2.6370451e-01   3.4716489e-01   6.7160052e-02  -1.3638629e-01  -4.9508042e-02  -2.6547062e-01
  -1.7573748e-01   7.2953045e-02  -2.9251123e-01  -2.8108439e-02  -1.2326339e-01  -1.1030345e-01  -1.8278269e-02  -3.9482269e-03  -1.0439966e-01  -3.2447379e-01   8.1669123e-02  -1.9749832e-01  -1.7919700e-01   0.0000000e+00   2.8239424e-01   1.3162278e-01  -2.5206517e-01  -1.0719893e-01   1.3898393e-02  -1.0452112e-01   1.9676016e-01  -2.6164279e-01   3.8417272e-01  -1.2415261e-01  -1.2414056e-01   8.1422327e-02   2.4942757e-02   4.2320580e-01   4.5456198e-02   2.7887262e-02   6.0533250e-01   8.7455221e-02   2.8706103e-02  -5.0989098e-02  -3.7281050e-02  -1.6398386e-01   2.5832338e-01  -2.2472750e-01   2.5455548e-01  -5.4338870e-03   7.2114310e-02  -1.1738797e-01  -1.6775941e-01   3.2544645e-01  -1.1241656e-01  -3.4901739e-01  -1.7963221e-01   2.4743415e-01   1.9952148e-01   4.4523832e-02  -3.1135828e-01   2.9274764e-02   2.5163624e-01   6.6912863e-02   4.3626669e-01   2.6406726e-01   4.7499764e-02  -1.4517802e-01   3.6502317e-02  -2.1378081e-01  -2.3132180e-01   2.4457525e-02  -1.1619538e-01   3.7764833e-01   1.8379393e-01  -1.4064834e-01   5.4222714e-02  -1.5328661e-01  -1.7743419e-01  -3.3459023e-01   1.3769903e-01  -1.7839305e-01   1.1038057e-01  -3.8982535e-02  -9.0508336e-02   4.9407729e-02  -3.0891898e-01   2.6161379e-02   2.0557499e-01  -1.7211923e-01   2.5105406e-01  -2.9918222e-01   3.6507780e-01   8.4381078e-02   1.1978843e-01  -2.9422635e-02   3.9978571e-01   5.0601931e-01  -8.8342677e-02  -1.5306906e-01   1.9121278e-01  -1.4176887e-01  -2.3083344e-01  -5.3918759e-01  -3.5206211e-01  -7.5114102e-02  -7.4645435e-02   1.1009492e-01  -2.1987732e-01  -1.9016609e-01   5.9058520e-01  -7.5009407e-02   3.6348281e-01  -9.1064386e-02  -1.9190252e-01  -4.7850516e-02   2.3297990e-01   4.6777189e-02   3.5585860e-01  -9.1752820e-02  -7.3933984e-03  -1.2945520e-01  -1.7202140e-01  -2.2882289e-01   2.7426669e-01   2.0367390e-01   2.8483432e-01  -1.7203396e-01   2.9909864e-01  -2.3578874e-01  -3.1803773e-01   1.4058211e-01   1.0163447e-01   9.8145457e-02  -3.1463279e-01   1.2212803e-01  -3.6542168e-01   4.3451339e-02  -2.9452911e-01  -1.3484305e-01   2.4609946e-01   1.9973873e-01   1.9134787e-01   7.3508864e-01  -9.6254900e-02   7.2913710e-02   2.9160098e-01   3.3495786e-01   9.4039051e-02  -2.7076397e-01  -1.3415863e-02   1.3117626e-01  -1.2768094e-01  -1.1449716e-01  -1.1592747e-01   3.1235273e-01  -1.0935885e-02  -2.9288941e-02  -3.1990230e-01   5.2458347e-01   5.6947928e-03   5.3801726e-01  -4.7386681e-02   1.1744670e-01   7.5532453e-02  -2.2466287e-01  -3.7123012e-01  -2.5092563e-01  -1.2118194e-01   2.4358807e-01  -6.4970310e-02  -9.3108537e-02  -1.3127135e-01  -7.6264964e-02  -1.2688674e-01  -1.3740985e-01  -6.8258120e-02   6.7837188e-02  -2.4537281e-01  -1.4933597e-03  -9.0179390e-02  -8.0078751e-02  -1.6273449e-01   9.4762028e-02  -9.8013541e-02  -1.2192405e-02  -1.6468661e-01
