   0.0000000e+00  -2.4202074e-01  -3.4093055e-01   3.8461662e-02  -7.5185075e-02   1.0505980e-01  -1.4255382e-01  -7.5621815e-02  -1.4471464e-01  -2.3087403e-02   2.3938323e-01  -2.1508348e-01  -6.6540607e-02   2.9259196e-01   2.2473438e-01   3.2142679e-02  -2.8915036e-01   1.6807817e-01  -1.7330643e-01  -1.5470944e-01  -1.9389767e-01  -1.7149965e-01  -2.2850856e-01   6.7630248e-01  -1.9459729e-01  -1.9428352e-01  -1.1305523e-02   6.7654685e-01  -1.2258468e-03  -1.4584675e-01  -6.6744909e-02  -5.4575508e-02   1.5617913e-01  -6.6918226e-02  -1.3658188e-03   1.8071632e-01   6.0832884e-02   4.7389951e-01  -8.4952017e-02  -1.6494417e-01  -1.2459831e-01   7.8983244e-03  -8.6232851e-02  -2.0563779e-01   3.2697297e-01   6.1032245e-01   2.1313880e-01  -1.0912541e-01   7.0668727e-02  -3.3597731e-01   1.8853471e-01  -7.0102083e-02  -1.3748950e-01  -1.0037340e-01  -1.1076616e-01  -2.7742768e-03  -7.0395788e-02   8.6844847e-02  -1.1640429e-01   8.4560712e-02   5.1480879e-01   6.3459150e-03  -1.2387520e-01  -1.6941361e-01  -2.9398033e-02   7.0804885e-02  -8.4841196e-02   2.5270021e-01   2.0400015e-02   3.0487021e-01  -3.2066449e-01   3.6348256e-01  -7.4750293e-02   1.0058802e-01  -7.5677804e-02   1.4693789e-02   5.0412198e-01  -2.3539467e-01  -2.5002639e-01   6.4194117e-02   6.2627648e-02   7.8711802e-03  -3.6923751e-01   2.8201672e-02   3.9222394e-01  -8.0531287e-02  -1.0784244e-01   2.9442580e-01  -3.4329847e-02   8.4761758e-01  -1.3102789e-01   2.5748890e-01  -2.4689865e-01  -9.1694102e-02   4.7375996e-01  -2.0271427e-01   1.4242323e-01  -2.9267284e-01  -3.5103198e-03  -1.2828517e-01   2.7330423e-01   1.1535591e-01  -2.8770232e-01   5.9626523e-02   6.6287034e-02  -1.6363833e-01   6.6997747e-02  -3.7420492e-01  -1.0617551e-01  -6.9510615e-02  -3.4840674e-01   7.2785103e-02   3.0477607e-01   6.0133387e-01  -2.3197889e-01  -1.3990876e-01  -3.2724973e-01  -1.6457691e-01  -6.2552396e-02   1.7732539e-01   6.7709899e-01  -1.7092421e-01  -6.6654779e-02  -1.1629886e-01   5.9186768e-01   2.7257411e-01  -1.3809450e-01   1.7886214e-02  -2.8622418e-02  -2.4729134e-02  -1.0089993e-01  -8.1949108e-02  -9.8108766e-02  -1.4926566e-01   2.4671466e-01  -8.6418665e-02  -1.0755184e-02   6.6619677e-02   7.3721236e-02   1.7285442e-01   3.3583337e-01   1.6317224e-02  -2.2755633e-01  -1.5021257e-01  -1.2690853e-01  -1.7802082e-01  -4.2062216e-01   4.8002384e-02   1.3934382e-01   1.0446946e-03   5.6893035e-01  -3.0818956e-01   6.3464336e-01  -1.4225868e-01  -2.6836070e-01   4.6085545e-01   6.3545526e-01  -9.1408805e-02   3.2427165e-01   3.2292111e-02   1.5891321e-01  -1.3122859e-01   1.6313302e-01   4.6541000e-03  -2.5927666e-01  -2.7462352e-01  -3.0553690e-01   4.2096423e-01   7.2468942e-01  -3.0023559e-01  -1.1693919e-01   3.8058698e-01   3.6698272e-01  -1.2021223e-01  -7.8360147e-02   1.2766663e-01  -3.1984537e-01
  -2.4202074e-01   0.0000000e+00   2.1285465e-01  -2.6811153e-01  -1.7102017e-01  -5.6232928e-01  -3.2151427e-01   1.7606615e-01   4.3500680e-01  -4.7747539e-01  -3.3680537e-01   6.9507180e-01  -8.6573715e-02  -1.0711114e-01  -4.2213692e-01   4.4810509e-02   3.6699381e-01  -5.1602986e-01   2.1774841e-01  -2.5376230e-01   8.2663568e-02  -2.1177359e-01   3.2255026e-01  -2.1471307e-01   2.6213047e-01   4.8855310e-02  -4.7883764e-01  -3.8663750e-01   3.7372285e-01  -1.9597169e-01   2.8486425e-01   1.6767846e-02   8.3796674e-02  -1.6907036e-01   3.9872374e-01  -6.3453620e-01   1.5361018e-01  -1.5519760e-01  -4.5832166e-02  -1.5037888e-01  -1.8703938e-01  -4.9553251e-02   2.1852290e-01   1.6413309e-01  -1.6105289e-01  -6.2590410e-01  -5.9457795e-01   9.7802103e-02  -1.3548547e-01   6.3342241e-01  -5.4062068e-01   9.8452681e-02   8.1271362e-01   1.1766681e-01   2.2660474e-01  -4.6931301e-02   1.5416325e-02  -4.1721210e-01  -2.1442746e-01  -9.6518556e-02  -3.6289032e-01  -2.6877337e-01   3.4754687e-01   4.6248358e-01   2.4144650e-01  -5.7069868e-01  -4.1358864e-02  -2.0882987e-01  -2.7311992e-01  -4.0042519e-01   6.3018312e-01  -3.5653527e-01   4.7081446e-02  -3.4984887e-02   3.1015970e-01  -9.2459567e-02  -3.0579553e-01   4.0183593e-01   4.2131235e-01   8.4683622e-02  -3.0613819e-01   6.9035767e-02   2.0742465e-01  -1.2096224e-02  -1.6121787e-01   1.4476368e-02   5.0502483e-01  -4.6602185e-02   1.0050714e-01  -2.2507498e-01   5.0974481e-01  -2.4164395e-01   2.1687966e-01   7.8512209e-02  -2.7541397e-01  -5.1782324e-02   9.7733385e-02   4.0023608e-01  -1.2855786e-01  -2.4671233e-01  -3.4626050e-01  -3.2050248e-01   3.2999346e-01   2.1401246e-02  -4.1857068e-01   2.4224913e-01   4.1274938e-02   2.8727822e-01   4.4193998e-01  -1.8790786e-01   2.8674208e-01  -4.3981347e-01  -4.9216911e-01  -1.4383326e-01  -1.0279122e-01   6.9883368e-01   3.1895209e-01   1.0351260e-01  -2.5283534e-01  -2.6132084e-01  -2.7760769e-01   5.9458474e-01   6.2693531e-01   5.6875097e-01  -4.3253992e-01  -1.1234599e-01   4.5794682e-01   3.7401028e-01  -2.5079441e-02  -5.9881951e-02   3.5414301e-02  -4.3068845e-02   4.0728111e-01   2.2722031e-01  -2.0517662e-01   3.3893630e-01   3.4857681e-01  -2.6130833e-01   1.0124412e-02  -1.7605328e-01  -1.6406842e-01   4.8675179e-02  -1.5947627e-01   5.7915175e-02   2.5082051e-02   6.0704935e-02   4.5726811e-01  -2.6585210e-01  -5.4511988e-01  -3.0256443e-01  -3.3375426e-01   8.1306101e-02  -2.8668391e-01   3.3436561e-01   8.0422046e-01  -2.8143543e-01  -3.7020873e-01  -2.4404610e-01  -1.2502085e-01  -1.3024406e-01  -2.4483328e-02   2.8970325e-01  -4.1334672e-01  -3.3483116e-01   1.5340923e-01   5.2059532e-01   3.7802089e-03  -3.3319412e-01  -2.2696302e-01   4.3372136e-01   1.2227728e-01  -2.1558586e-01  -3.3453918e-01  -3.6084738e-03   1.5803923e-01   9.3850307e-02   3.2705240e-01
  -3.4093055e-01   2.1285465e-01   0.0000000e+00  -1.2362365e-01   1.6227743e-01   2.5037782e-01   1.5782261e-01   1.2456272e-01  -2.7012571e-01   1.1207264e-01  -2.8781383e-01   5.5960368e-01  -2.5871617e-01  -1.6634371e-01  -1.4186210e-01   1.2280847e-01   7.0970287e-01  -2.7577005e-01   8.9666955e-02   1.3200756e-01  -1.4155412e-01  -1.3243075e-01  -7.3305790e-02  -3.3282044e-01  -1.4192516e-01  -2.0886782e-03   1.7827395e-01  -3.1432643e-02   1.0200097e-01   7.7586129e-03  -1.0354509e-01  -3.5368367e-01  -1.0517332e-01   1.7009894e-01   4.5126000e-01  -1.0180016e-01  -9.7271940e-02  -3.4941072e-01  -1.1431320e-01   4.1413671e-01  -2.8124005e-01  -3.6101935e-02   2.1001652e-01   1.0383512e-01  -4.7427196e-02  -1.4495299e-01  -1.7354671e-01   3.7882705e-02  -3.1743909e-01   5.5388272e-01  -3.2097383e-01  -6.9423113e-02   4.2649766e-02   1.6036807e-01  -7.1172582e-02  -3.3796909e-02  -1.0227059e-02  -2.6083161e-01  -4.4011912e-01   1.6894345e-01  -1.2977199e-01  -1.0530704e-01  -1.4189953e-01  -2.0570995e-01  -3.5239201e-01   1.4190310e-01   3.3253909e-01  -9.8511804e-02  -9.9817032e-02   3.0154573e-01   2.6537476e-01  -2.1945899e-01  -2.5814140e-01   2.8014050e-01   9.7261222e-03  -1.5200192e-01  -1.3012831e-01   5.9971331e-02   2.7826427e-01  -9.4778856e-02   1.1998600e-01  -3.2245485e-01   9.7894748e-02   6.1646572e-02   5.7056331e-02  -1.2436862e-01  -2.0054741e-01  -8.4646852e-02  -6.1643954e-02  -2.4164728e-01   2.0067144e-02   3.1254532e-01   6.6027827e-01  -1.3337256e-01  -3.9308417e-01   1.5116400e-01  -5.7557044e-02   1.4342220e-01   1.0723948e-01   7.1872369e-04  -1.5757448e-01   2.2235674e-01   1.6644741e-01  -1.2241001e-01  -3.9573164e-01  -4.7530755e-02   2.5695300e-01   7.7692220e-02  -1.6421423e-01   2.0386281e-01   4.4387094e-01  -2.1080021e-01  -2.4833361e-01  -4.2800767e-01   2.3209839e-01  -2.0357657e-02   8.8933624e-02  -1.7316829e-01   2.7732321e-01  -2.3890008e-01  -3.2079652e-01   2.0006248e-01   1.9911553e-01  -1.6328676e-01  -2.8950899e-01   2.0392156e-01   2.3956251e-01  -7.6932872e-02  -2.8216602e-02   4.7466336e-01  -1.3645159e-01  -1.0577548e-02   2.7415503e-01  -6.9378373e-03  -1.6921137e-01  -2.4757449e-01  -6.3612191e-02   1.0380232e-01  -1.9776460e-01  -3.8378305e-01  -3.7529866e-01   1.9802138e-02  -1.0739152e-01   5.7800646e-01   9.7229322e-02  -2.4848641e-01   5.1947141e-01   4.0754579e-02   1.9811490e-01  -1.1223310e-01  -6.5915612e-02   2.0469338e-01  -4.6840389e-02  -1.2981536e-01   5.7269005e-01  -2.6116438e-01  -4.0485452e-01  -3.5112900e-01   1.5107930e-01  -4.1654669e-02  -5.4834933e-02  -2.8025109e-01   2.0696643e-02  -3.7058214e-01  -1.6715817e-01   2.7119320e-01   1.6475085e-01  -2.8629097e-01  -2.1597424e-01   3.0088695e-01   3.5251730e-01  -3.4715209e-01  -4.1245049e-01   3.9795613e-01  -1.3580797e-01   4.6140641e-02   1.8076156e-02
   3.8461662e-02  -2.6811153e-01  -1.2362365e-01   0.0000000e+00  -3.8985214e-01   1.0697981e-01  -1.8473827e-01   4.4225317e-01   1.4643031e-01  -1.7189527e-01   1.5378648e-01  -3.6251791e-01  -1.4285863e-01   2.5632527e-01  -1.2667799e-01  -2.1507496e-01  -1.9043589e-01   3.8868481e-02   1.2181770e-01  -1.4883429e-01  -3.2823391e-01   5.9065733e-01  -2.6780937e-01  -9.3910622e-03  -1.4547409e-01   5.6458858e-01   1.3926069e-01   1.2976700e-02  -6.4633050e-02   2.6840332e-01  -2.6252092e-01   2.2220960e-01  -8.3187962e-02  -2.2673837e-01  -6.0779776e-02  -1.0578802e-01  -8.9871028e-02  -2.8618312e-03  -2.3896579e-01  -1.1250108e-01  -3.4934698e-02   1.2575212e-01  -3.6163481e-01   2.1867076e-01   7.6448250e-02  -2.2901466e-02   1.3303052e-01  -1.8872646e-01   5.3034036e-02  -2.4196242e-01   2.2512744e-01   5.3203117e-01  -2.5971793e-01   1.9951538e-01  -4.6530933e-02   3.1254745e-01   6.8079456e-02   4.9639346e-01   4.3619008e-01   1.3061501e-01   1.5910243e-01  -3.9329556e-02  -1.6506292e-01  -1.8201966e-01  -1.2004913e-01  -9.9237786e-02  -1.1609432e-02  -2.4849105e-01   3.8559422e-01  -6.5716878e-02  -4.6399335e-01   4.5593839e-01  -1.5356767e-01   2.6321422e-01   2.6368444e-01   2.0869767e-01   2.4126511e-01   8.3495918e-03  -4.6747172e-01   2.0517855e-01   1.2465172e-01   5.1267385e-02   8.8792276e-02   4.4832491e-01   1.4480129e-01   9.3077808e-02   2.7355258e-02   1.6848712e-01  -4.6239699e-01   1.2700654e-01  -2.8211676e-01   5.9415785e-02  -2.0337823e-01   1.9486750e-01  -6.5599016e-02  -4.5646143e-02   1.1576089e-01   1.8249032e-01   5.9263241e-02   8.0073847e-02  -1.0303156e-01   2.5974812e-01  -2.3841126e-01   3.4200244e-01   5.1237170e-01   2.2022834e-01   1.4269055e-01   4.0928696e-01  -3.7103583e-02  -1.3959728e-01   3.0500610e-02   3.7733562e-01   5.6431295e-02   1.8560450e-02  -2.2343163e-01  -2.9835496e-01   1.4261902e-01  -2.1435920e-02  -4.8465566e-02   6.0423361e-01   1.0273335e-01  -3.2060629e-01  -2.8120763e-01  -3.8973515e-01   1.7609365e-01   2.9203923e-01  -2.8362046e-01  -4.1093898e-02   6.5496861e-01  -2.4949828e-01  -2.0947219e-01  -4.3302590e-01   1.8271919e-01  -3.2277712e-01   4.2694953e-01   1.8765325e-01   2.3857494e-01  -2.6438899e-01   2.6170066e-01   4.1790833e-03   4.2428432e-02  -4.3436648e-01   1.2491781e-01  -1.2674301e-01  -2.6324913e-01  -9.7092716e-02  -4.4556419e-01  -2.8729377e-01   9.3246044e-02  -1.4056296e-01   1.3157434e-01  -2.2430447e-01   2.3473665e-01  -1.0197484e-01  -3.9555463e-01   8.3158236e-02   1.7564392e-02   3.0272464e-01   8.9931774e-02   2.0001369e-01  -2.3394199e-01   9.7706312e-02  -2.3933343e-01   5.6140112e-01   3.5811612e-01  -1.1546317e-01   1.8938524e-01   3.2975754e-01  -8.2418535e-03  -1.9453892e-01  -2.4590886e-01  -2.0486770e-01   2.2923732e-01   1.2984972e-03   8.3664487e-02   3.6977241e-01   3.3004752e-01
  -7.5185075e-02  -1.7102017e-01   1.6227743e-01  -3.8985214e-01   0.0000000e+00   3.2824994e-01   2.4368839e-01   1.6343898e-02  -2.2175220e-01   3.5253380e-01   4.6260391e-02   4.8119766e-02   1.6222125e-01  -3.2816714e-01  -9.3375311e-02   5.5117810e-03   2.9493724e-01   2.0858622e-01  -1.5149490e-01   7.5666476e-01  -1.5840517e-01  -3.7275161e-01  -1.5035961e-01  -3.1163480e-02  -6.0469442e-02  -1.6613027e-01   4.2123219e-01  -2.3671757e-02  -1.0828449e-01  -2.0575095e-01  -2.2640932e-01  -8.6776011e-02   1.1920851e-01   1.5711656e-01  -1.1557969e-01   5.5271765e-01  -2.0627935e-01  -4.1983235e-02   5.3314586e-02   3.2671044e-01   1.6123671e-01   1.3825739e-01   2.7529416e-01  -2.5171247e-01   1.2485371e-01   9.0112628e-02   4.1156805e-01   1.2224065e-02   9.8275557e-02   8.1751784e-02   1.7703335e-01  -1.3154286e-01  -1.0235377e-01  -4.9979407e-02  -1.7346002e-01  -2.4604470e-01   4.0785416e-02  -2.0107055e-01  -2.0965598e-01   4.4980349e-02  -1.1403389e-01   3.3234099e-01   1.8910836e-01  -2.1410785e-01  -1.3742886e-01   3.3452162e-01   4.1261707e-01   4.4518028e-01   2.2492534e-02   6.0966148e-02  -1.1483372e-01  -1.2654129e-01   6.0191557e-02  -2.7722232e-01  -1.8566025e-01  -1.3000665e-01  -8.8951930e-02  -1.2400949e-01   4.7072433e-01  -1.0018349e-01  -6.7566660e-02  -1.3594021e-01  -3.3382150e-01  -1.3744367e-01  -3.2330300e-01  -1.0120344e-01  -4.2163992e-01  -3.6368345e-01   3.0739501e-01  -1.1678237e-01   4.0309344e-01  -7.7495869e-02   2.3484670e-01   1.4732944e-01  -6.5027899e-02   5.6528710e-01  -3.4889325e-02  -2.5433568e-02   4.7533429e-01   3.3822153e-01  -1.9904894e-01  -5.1192571e-03  -8.9420924e-02  -1.7220742e-01  -2.8085870e-01  -1.6718926e-01   1.0903002e-01  -1.7140705e-01  -2.4182031e-01   2.6800880e-01   5.4843022e-02  -1.4445816e-01   2.9635249e-01  -1.4932706e-01  -7.6366126e-02  -7.3419271e-02  -7.6552241e-02   1.7022617e-01  -2.1112835e-02  -2.9092039e-01  -7.9179111e-02   2.8927837e-01  -1.8033608e-02  -2.2798675e-01  -1.0559466e-02  -2.7665547e-01   1.4760011e-01  -2.2590045e-03  -3.2737948e-01   1.0639354e-02   3.8742254e-02   2.1886572e-01  -3.0554741e-01  -4.8748773e-02  -5.1170629e-02  -1.0412559e-01  -2.5726880e-01  -6.9484041e-02  -6.6116740e-02  -6.7084201e-02  -2.0964847e-01   1.9980732e-01  -1.1799254e-01  -5.4300386e-02   5.8957410e-02  -1.8113457e-01   1.1254545e-01   5.3949358e-01   2.8898705e-01   2.5600734e-01  -2.4382102e-01   1.0280707e-02  -2.1421897e-01  -1.9202513e-01   6.3136711e-02  -1.2152688e-01  -2.9256194e-02  -5.7359049e-02  -1.2121148e-01   9.1604282e-02   2.0732803e-01  -1.8291446e-01   4.8873599e-01  -2.1585788e-01  -7.0210928e-02   1.2197844e-01  -6.2323580e-02  -5.5473310e-02  -9.5902966e-02   2.2959349e-01   4.0929045e-01   3.5585259e-02  -3.0853610e-03   1.8432261e-03  -9.6893633e-02  -2.6763614e-01  -1.7776717e-01
   1.0505980e-01  -5.6232928e-01   2.5037782e-01   1.0697981e-01   3.2824994e-01   0.0000000e+00   5.4336525e-01  -4.3449904e-02  -5.8548203e-01   5.9321732e-01   5.7634164e-02  -1.0457751e-01  -6.5387735e-02   5.0229502e-02   3.1920795e-03  -1.2267733e-01  -5.8585242e-02   1.6607480e-01  -5.9712859e-02   3.1054888e-01  -2.3231996e-01   2.9194662e-02  -5.5048199e-01   1.0431552e-01  -3.2629640e-01  -7.1598160e-02   6.8302466e-01   3.6003625e-01  -1.5059995e-01   3.7844849e-01  -3.3528256e-01  -2.7516110e-01  -2.2202333e-01   3.3696967e-01   9.3715827e-02   5.3970800e-01  -3.3672279e-01  -1.5631329e-02  -2.5111152e-01   3.7123601e-01   3.9023493e-02  -7.2995435e-03   9.9005414e-02  -7.7860357e-02   1.4328860e-01   4.3239501e-01   5.1149376e-01   3.1622587e-01  -4.2767086e-02  -2.7214256e-01   3.1830396e-01  -8.9689613e-02  -4.5537562e-01  -2.2450688e-01  -6.3425947e-01   8.9862126e-02   1.5771956e-01   1.5773407e-01  -1.2465956e-01   3.5369470e-01   2.4714429e-02   1.4788804e-01  -1.0842224e-01  -7.1746309e-01  -4.7224669e-01   7.0048649e-01   6.8947088e-01   2.0110339e-01   2.4733686e-01   5.2625481e-01  -4.3161226e-01   4.9257455e-02  -3.9962972e-01   2.8686486e-01  -3.3264175e-01   7.8715338e-02   4.0390003e-02  -3.9265064e-01   3.5377660e-02  -3.5557092e-01   2.6645195e-01  -4.9749419e-01  -2.7274431e-01   7.9310681e-02   8.5022744e-02  -4.4127981e-02  -6.1873450e-01  -6.9774429e-02   5.9016621e-02   1.5724661e-01  -1.8737423e-01   3.8490522e-02   4.4132873e-01  -5.9118706e-02  -1.1441426e-01   3.1652154e-02  -2.2309276e-01  -1.5169852e-01   2.7465538e-01   3.9660708e-01  -6.3551227e-02   4.3930044e-01  -1.6181742e-01  -2.8121109e-02   1.1385344e-01  -3.7849494e-01   2.1502920e-01  -1.7935521e-01  -5.2557142e-01   5.8953732e-01   5.2819685e-02   2.9044604e-01   2.7142580e-01  -1.2794056e-01  -6.5702597e-02  -5.2544870e-01  -2.0962490e-01  -2.8508179e-01   3.8013650e-01   1.3272185e-01  -8.5650442e-02  -2.9742325e-01  -1.7407826e-01  -5.8522647e-01   1.5171147e-01   3.2322706e-01  -5.0809102e-02  -4.3677512e-01  -9.9955978e-03   3.7837353e-01  -2.5205589e-01  -2.7578034e-02  -2.3272063e-02  -3.9361902e-01   1.0400907e-01  -3.7290673e-01  -5.5235686e-01   1.2560742e-01  -1.4407486e-02  -1.3416751e-01  -1.7836833e-01  -8.3564318e-02   1.1903914e-01   3.2148549e-01   8.1706689e-02  -4.7680072e-01  -6.0682674e-02   5.5079173e-01   8.0090955e-01   4.3613926e-01   1.4874472e-01  -5.8924641e-02   1.9753626e-01  -3.7764545e-01  -2.7094929e-01   1.1591793e-01  -2.9433630e-02  -3.1797264e-02  -3.8771662e-02   1.5138569e-01   2.6442482e-03  -4.0895428e-01   4.0784726e-01   5.0576956e-02  -1.9649644e-01  -4.9050830e-02   2.1785119e-01   1.7526809e-01   4.7600970e-02  -5.2776424e-02   4.4247665e-01  -8.1234786e-02  -3.9567368e-02   3.5760559e-01  -3.1597382e-01  -2.0370014e-01  -2.6524012e-01
  -1.4255382e-01  -3.2151427e-01   1.5782261e-01  -1.8473827e-01   2.4368839e-01   5.4336525e-01   0.0000000e+00  -3.5313703e-01  -4.0434498e-01   7.6339435e-01  -2.4263159e-01   6.8239202e-02   2.7353411e-03  -2.4700856e-03   3.2905705e-01  -6.0897620e-02  -1.9003391e-01   8.7701073e-04  -2.7918549e-01   2.4155251e-01   1.0607598e-01  -1.1516944e-01  -4.8237384e-02  -1.0126150e-01  -1.3312532e-01  -2.4129198e-01   2.7076127e-01   1.4871588e-01  -1.0689103e-01   3.4880422e-01   2.3685835e-02  -3.9952662e-01  -1.8087854e-01   7.7110244e-01   4.7345166e-02   3.7402793e-01  -1.6313047e-01  -2.1980832e-01  -2.9383014e-02   2.4437974e-01  -7.5296107e-02  -1.9483956e-01   2.0949871e-01  -2.2191171e-01   6.5652455e-02   2.1875160e-01   2.5509826e-02   5.5669217e-01  -1.0026771e-01  -2.2398615e-01   3.9894601e-02  -4.5573257e-01  -3.1227104e-01  -2.9666058e-01  -3.7661012e-01  -1.1315517e-01   2.3905299e-01  -2.1694627e-01  -2.4904098e-01   9.4335911e-02  -2.3526651e-01   2.8414593e-01   2.9359771e-02  -4.5309913e-01  -3.4488085e-01   7.8940851e-01   3.5678687e-01   1.6836165e-01  -2.0527807e-01   3.8525738e-01  -3.1113204e-02  -6.7446325e-02  -2.9750521e-01   2.4371099e-01  -3.9096145e-01  -1.1778913e-01  -2.6814281e-01  -2.6059352e-01   2.1912595e-01  -4.8453179e-01   4.6748751e-01  -4.3397190e-01  -1.7687947e-03  -1.7058857e-01   1.3496619e-01  -1.3415991e-01  -4.3676908e-01  -5.6776202e-02   3.4868272e-01  -1.8674896e-01  -2.4249906e-01  -1.1200472e-01   5.1362946e-01  -3.0802564e-01  -1.8421996e-01  -2.3414807e-01  -2.9893260e-01  -3.3833957e-01   1.2496499e-01   2.8404216e-01   1.7681298e-01   2.6465193e-01   9.6358619e-02  -1.2882397e-01  -1.5962666e-01  -4.9979934e-01   1.1134511e-01  -4.6057903e-01  -1.7137836e-01   4.4843616e-01   2.9496771e-01   1.3015918e-01   1.3267505e-01  -3.0242463e-01   4.0159862e-01  -3.9247360e-01  -2.3594099e-01  -1.6187917e-01   4.2877666e-01  -8.0324605e-02  -3.0015819e-01  -3.0059401e-01  -2.0154634e-02  -2.4117319e-01  -2.1146233e-02   8.3202578e-02   1.9557020e-02  -4.8707626e-01  -3.2378317e-01   4.4846378e-01  -2.0022971e-01   3.9518544e-01   8.2502406e-03  -1.5731287e-01  -1.7226774e-01  -3.4129362e-01  -5.7948680e-01   4.2913475e-01  -2.2944939e-01  -2.8755015e-02  -2.2256030e-01  -3.3597917e-02  -2.5260682e-02   3.8980815e-01   4.6222518e-01  -1.5436340e-01   4.3583077e-01   5.6049142e-01   5.0535984e-01   3.1792131e-01   8.0162981e-03   1.8808152e-01  -3.3492179e-02  -9.2986975e-02  -1.3977134e-01  -1.0950303e-02  -1.2697686e-01  -1.7876360e-01  -2.6425403e-01   1.3989902e-01   9.3133029e-02  -3.5677763e-01   2.4206607e-01  -2.1957380e-01  -4.1347222e-01  -5.3233006e-02   1.6491770e-01  -2.2630890e-02  -7.7230322e-02  -2.3703310e-03   3.8521734e-01  -1.1382218e-01  -7.4250285e-02   3.5361782e-01  -2.3252179e-01  -2.7977472e-01  -4.5896295e-01
  -7.5621815e-02   1.7606615e-01   1.2456272e-01   4.4225317e-01   1.6343898e-02  -4.3449904e-02  -3.5313703e-01   0.0000000e+00   1.7875216e-01  -2.6498993e-01   2.1651513e-01   1.0071710e-01  -1.0130116e-02   3.5010088e-02  -4.3119099e-01  -1.9320500e-01   2.0985133e-01  -1.9299125e-01   3.6852351e-01  -1.4751253e-02  -3.2473671e-01   2.1835512e-01  -6.3813357e-02  -1.2262398e-01  -7.2197007e-02   5.3357422e-01   1.1066626e-01  -8.2545652e-02   9.8118789e-02   8.0905362e-04  -2.4568042e-01   3.5204716e-01  -1.0093090e-01  -2.4851244e-01   1.2616280e-01  -1.5207639e-01  -1.8833547e-01  -1.3322212e-01  -1.9310430e-01  -7.0754428e-02   1.3907274e-01   1.8193462e-01  -1.0638462e-01   4.6947334e-01   1.1448559e-01  -2.6584754e-01   1.8530496e-01  -2.6845142e-01  -9.4312037e-02   1.5547055e-01   7.5375493e-02   7.3831558e-01   9.4197841e-02   2.0043484e-01  -5.5856229e-02   3.4786695e-01  -4.8414253e-02   1.6569370e-01   2.0279612e-01   2.1016517e-01  -1.0756600e-01   6.0621573e-02   3.1282437e-01   3.3717956e-02   5.7562611e-02  -2.8471723e-01   2.0365817e-01   6.4625172e-03   4.3586064e-01  -2.2740346e-01  -1.3516464e-01   1.0462791e-01  -2.0719375e-03   6.0550208e-02   2.9130041e-01   3.1046632e-01   1.0016082e-01   2.6566007e-01  -8.3349759e-02   1.9828617e-01  -4.4558835e-02  -5.2413102e-02  -2.2375567e-02   5.4214231e-01  -2.4740655e-01   3.6981521e-01   5.9367191e-02  -1.1708255e-01  -1.2827258e-01  -3.2727995e-02   2.1970362e-01  -1.4221105e-01  -2.8793474e-02   4.1048369e-01  -3.3887962e-01   2.2924950e-01   2.4186973e-01   5.1962288e-01   4.0668151e-01   1.8314750e-01  -4.8441017e-01   2.0703995e-01   1.3998877e-01   1.7709147e-01   1.3748501e-01   3.9973993e-01   3.1129127e-01   6.9132035e-01   1.1525874e-01  -1.2678751e-01   1.7450136e-01   2.7748240e-02  -4.0557034e-02  -1.4499563e-01  -3.3453897e-01   1.5073402e-01   4.1644256e-01   2.1582617e-01  -1.7551356e-01   2.1626730e-01  -4.2182304e-02   2.0544694e-01   9.9311354e-02  -2.1393007e-01   4.5184641e-02   8.8324802e-02   2.0365302e-01   2.5433954e-01   5.1070838e-01  -2.7369898e-01  -9.6194704e-02  -3.1840728e-01   1.8260747e-01  -2.0262558e-01   3.6983746e-01   5.8609726e-01   2.5375917e-01  -4.2432721e-01   5.8439424e-01  -2.3993501e-01   2.6168260e-02  -1.6155213e-01   1.5080412e-01  -1.3844649e-01  -1.5846175e-01  -1.8045333e-01  -6.2075599e-02  -3.8632217e-02  -3.6555039e-02  -9.2754728e-02  -5.1931015e-02   1.9921467e-03  -8.1425947e-02   3.2036648e-02   1.1908251e-01  -1.1872335e-01  -1.9530009e-01   1.7556980e-01  -4.8826880e-03   3.4257878e-01  -3.9092134e-02   2.5401702e-01  -1.3913616e-01   1.6335509e-01   4.8617873e-01   3.4616357e-01   2.4180392e-01   1.4826588e-01  -1.2650542e-01   1.2506364e-01   1.0606769e-01  -3.4745875e-01   1.7111801e-01  -3.8363680e-02   3.9528349e-02   2.1219332e-01   4.4073039e-01
  -1.4471464e-01   4.3500680e-01  -2.7012571e-01   1.4643031e-01  -2.2175220e-01  -5.8548203e-01  -4.0434498e-01   1.7875216e-01   0.0000000e+00  -4.4225490e-01   3.3542871e-02  -2.7699713e-02   1.9470573e-01   1.0463052e-01  -1.2431927e-01  -3.4082571e-02  -6.2015351e-02  -2.0634178e-01   2.1644283e-01  -1.3871144e-01   1.0106831e-01   1.2647485e-01   3.8360473e-01  -1.9181959e-02   2.6347709e-01   2.7933156e-01  -4.5476894e-01  -3.2571676e-01   1.9436071e-01  -2.2973007e-01   3.0807405e-01   3.1194561e-01   9.6527734e-02  -3.3838198e-01  -1.1338862e-01  -4.4303024e-01   3.0707710e-01  -7.2810182e-02   1.3041901e-01  -3.4198054e-01   1.5606438e-01   8.9253999e-02  -6.9514766e-02   2.3371656e-01  -2.1832783e-01  -3.8027993e-01  -3.1551145e-01  -2.4042751e-01   3.4504968e-02   8.5830873e-02  -1.2075387e-01   3.3833015e-01   3.7256845e-01   2.2640360e-01   3.2387254e-01   1.1274040e-01   3.5857063e-02   5.4549387e-02   2.9961367e-01  -1.3983383e-01  -8.9685843e-02  -5.6090345e-02   2.6337935e-01   6.5259495e-01   5.8607498e-01  -4.9554592e-01  -4.0452455e-01  -2.1974824e-01  -5.3846965e-02  -5.3976214e-01   1.1221699e-01  -7.0906824e-02   2.7065380e-01  -1.9801530e-01   3.1555085e-01   8.4212868e-02  -3.9044888e-02   2.4829030e-01  -3.2857038e-02   2.7511884e-01  -1.6726879e-01   3.2462370e-01   1.9609707e-01   1.4140617e-01  -2.4326691e-01   1.4362586e-01   5.1404192e-01   9.8557934e-02  -3.9172556e-02  -1.3247431e-01   2.2162301e-01  -2.2971388e-01  -2.9784849e-01   3.0908627e-01   4.8549459e-02   2.0289778e-02   1.9471401e-01   3.6269489e-01  -2.3138924e-01   2.1659983e-02  -1.3007287e-01  -2.9838426e-01   1.3568118e-01   3.9666294e-01   1.2562095e-01   2.9915229e-01  -1.0996191e-01   3.9367711e-01   3.0940526e-01  -4.6634240e-01   8.3868954e-03  -1.3799070e-01  -3.5659767e-01   1.5629035e-01  -1.6379663e-01   4.0582708e-01   3.9234087e-01   3.2699456e-01  -5.0489653e-01   1.4297875e-01  -3.3859868e-02   2.7917312e-01   1.9776771e-01   4.6675797e-01  -4.8436517e-02  -2.0587635e-01   2.2644252e-02   2.4066590e-01   1.9166385e-01  -5.2985716e-01   1.4360836e-01  -1.4319959e-01   2.4291008e-02   2.8319075e-01   1.1898559e-01   4.9712395e-01   3.5364185e-01  -3.3567910e-01   1.8479883e-01   1.4429787e-01   1.3295872e-01   3.0563088e-02  -1.1596250e-02  -3.7461634e-01  -1.1569447e-01   3.6172468e-01  -9.3982322e-02  -3.1895824e-01  -5.4866306e-01  -2.0492470e-01  -2.4242683e-01   1.3681425e-02  -9.7519854e-02   4.3958380e-01   1.0639910e-01  -1.1425534e-02   3.6112643e-02   2.5263001e-01  -1.7516966e-01   9.8716959e-02  -9.4608322e-02   5.8728320e-01  -3.2252593e-01   1.3399038e-01   4.4606641e-01   5.1356061e-02  -7.1499412e-02  -5.3787752e-02  -1.0814668e-01   9.9768444e-03  -3.2444274e-01   9.9497568e-02   8.9676392e-02  -3.2744131e-01   3.2230888e-01   1.4142828e-01   3.9603475e-01
  -2.3087403e-02  -4.7747539e-01   1.1207264e-01  -1.7189527e-01   3.5253380e-01   5.9321732e-01   7.6339435e-01  -2.6498993e-01  -4.4225490e-01   0.0000000e+00  -9.8148270e-03  -1.4682903e-01   4.0542179e-02  -9.2322465e-02   3.8774508e-01  -7.8555116e-02  -1.3700737e-01   2.1580268e-01  -1.7876246e-01   3.3307947e-01   5.8977488e-04  -1.3756961e-01  -1.4521119e-02   1.7875456e-02  -1.9145512e-01  -1.5681380e-01   3.9524035e-01   3.0075763e-01  -9.9357467e-02   1.6991783e-01  -8.8404901e-02  -2.0253630e-01  -1.5376896e-01   6.8090850e-01  -1.1824988e-01   5.8389039e-01  -1.5318403e-01  -6.8558662e-02  -1.1516032e-01   3.5820512e-01   1.3686594e-02  -1.3600415e-01   1.3811440e-01  -2.1306432e-01   9.2097562e-02   3.3926983e-01   2.6537911e-01   2.7772585e-01  -2.6559162e-01  -2.5423702e-01   2.3334973e-01  -2.8396694e-01  -4.1187908e-01  -2.8833658e-01  -3.6258608e-01  -6.7522744e-02   1.3301045e-01  -4.2316910e-02  -6.9373617e-02   1.8848046e-01  -1.1885069e-01   4.0784553e-01  -5.0920254e-02  -4.4600630e-01  -3.4399765e-01   8.5638567e-01   3.3106032e-01   2.2794957e-01  -1.0776835e-01   4.8070421e-01  -1.3955591e-01   7.1259854e-02  -3.2474335e-01   7.9734200e-02  -4.3943199e-01   3.5577193e-02  -1.4027017e-01  -2.1928410e-01   9.5700568e-02  -4.5697250e-01   4.0360639e-01  -4.2888687e-01  -9.2259615e-02  -1.8702409e-01   5.8078398e-02  -5.5612783e-02  -6.0661884e-01  -1.0862413e-01   2.5408631e-01   1.0816767e-02  -3.6052434e-01  -1.1769329e-01   3.9462931e-01  -1.1946586e-01  -2.1035599e-02  -3.2963584e-02  -2.6666638e-01  -2.9682126e-01   1.9137480e-01   3.5619108e-01   2.0001048e-01   2.9057389e-01  -7.8337750e-02  -1.5904436e-01   2.6015314e-02  -3.6872891e-01  -1.5053039e-04  -3.9427500e-01  -2.2395935e-01   3.8064800e-01   1.7738689e-01   1.2196558e-01   2.5035361e-01  -1.0345424e-01   4.1748528e-01  -4.1458164e-01  -1.8969052e-01  -1.2437448e-01   3.5564159e-01  -2.5007019e-02  -1.4328396e-01  -4.3772340e-01  -1.6204760e-01  -3.1036590e-01   1.0478473e-02  -1.9657855e-02  -7.0630091e-02  -5.5853275e-01  -1.6145616e-01   4.3923845e-01  -1.3525674e-01   3.7418587e-01  -2.5836108e-01   2.4604700e-03  -7.8885515e-02  -3.3621878e-01  -6.2230463e-01   4.3482120e-01  -1.2815555e-01   1.1919410e-01  -2.9243365e-02  -2.9097615e-02   9.2126909e-02   2.9677197e-01   3.0418117e-01  -2.1058424e-01   2.7456262e-01   6.2136539e-01   6.7778815e-01   3.7835059e-01   9.0453817e-02   6.3516987e-02   4.2988232e-02  -1.4361755e-01  -2.7162927e-01   1.2031970e-01   1.2849536e-01  -2.3071080e-02  -1.7561817e-01   8.4391993e-02   9.3282842e-02  -3.5097853e-01   5.2855324e-01  -1.1458091e-01  -3.0950514e-01  -1.8247749e-01   1.1626477e-01   6.4622426e-02   8.0912550e-02  -4.2327034e-02   3.9446475e-01   4.6064735e-02  -3.5686581e-02   2.0011512e-01  -2.1180562e-01  -1.9303277e-01  -3.7381054e-01
   2.3938323e-01  -3.3680537e-01  -2.8781383e-01   1.5378648e-01   4.6260391e-02   5.7634164e-02  -2.4263159e-01   2.1651513e-01   3.3542871e-02  -9.8148270e-03   0.0000000e+00  -4.3292258e-01   1.1208411e-01   1.0894778e-01   2.3717166e-01  -3.9464043e-02  -1.1541288e-01   6.1942453e-01   7.5198341e-02  -1.7922502e-01   1.4915240e-02   4.9894687e-02  -1.1736476e-01   1.8600891e-01  -1.9795772e-01   2.5670979e-01   1.7011525e-01   2.8360950e-01  -3.1388140e-01  -3.5326576e-02   7.2486777e-02   2.8963874e-01  -5.7972229e-02  -1.9936475e-01  -3.5642463e-02   3.2788226e-01   1.2389386e-01   2.1358588e-01   1.2989451e-01  -1.2519419e-01   1.8130347e-01   1.5503620e-02   6.1561854e-02   2.9219335e-01   4.3511232e-01   2.3150662e-01   5.8162227e-01  -2.7303214e-01   1.1195991e-01  -3.7191015e-01   6.3862375e-01   3.1275922e-01  -1.2538767e-01  -5.9261213e-02  -1.8111183e-01   2.7933956e-01  -4.1497154e-02   3.4353396e-01   4.1234236e-01   3.7780752e-01   2.3831447e-01   2.4861463e-01  -1.0602037e-02   1.5805916e-01   3.0780159e-01   5.8179497e-02  -3.4125057e-02   8.5084468e-02   5.5214186e-01   2.3126429e-02  -2.3758523e-01   2.9506085e-01   2.6718307e-01  -2.4119734e-01  -1.5534660e-01   3.8350962e-01   3.6434137e-01  -4.5931450e-02  -3.9165661e-01   6.4317546e-03  -5.6356310e-02   1.9958403e-01  -8.6843802e-02   3.4072316e-01   5.7661614e-03   4.2158453e-01  -1.5136157e-01  -2.2964394e-01   8.2424694e-02   2.3087907e-01  -1.1135351e-01   7.0093831e-02  -3.3458373e-01   5.5420914e-01   3.1566259e-01  -9.5953720e-02   2.0569716e-01  -5.7942995e-02   2.0119421e-01  -4.7773857e-02   5.0914102e-02   4.1706050e-01  -2.3883884e-01   2.2514585e-01   4.1495455e-01   6.5229844e-03  -1.6043807e-01   1.9490641e-01  -1.2770413e-01   6.6627026e-02  -2.8234358e-01   2.6089997e-01   9.7139053e-02   2.7271241e-01  -1.6855375e-01   1.4604907e-01   1.0140979e-01   8.4016323e-02  -1.4274982e-01   1.4425314e-01   3.8275171e-01  -1.3750615e-01  -5.1782674e-02  -1.3722797e-01   1.9578865e-01   3.4342074e-02  -2.0737360e-01  -1.5398294e-01   2.1034477e-01  -1.3682920e-01  -5.3501486e-02   3.0587051e-01  -2.2819111e-01   1.5986596e-01   3.6999579e-01   2.4536845e-01   5.0849759e-02   6.1964075e-02   4.3990928e-01   2.4045028e-01   3.4290351e-01   3.9011095e-02   4.5577298e-01  -2.7203876e-01   1.4333777e-01  -4.7575893e-02  -5.3331342e-01   2.2246141e-01   2.3681055e-01   1.5643021e-02   1.4327544e-01  -2.2475510e-01   1.2436541e-01   1.2112037e-01  -3.1681135e-01   1.7969992e-01   4.5503969e-01   3.3933437e-01   8.8638687e-02   5.3299209e-02   7.4548792e-02   1.9190533e-01   4.1717236e-01   3.1849781e-01   5.2962876e-02  -7.6292207e-02   2.3093712e-01   2.8835766e-01   2.1905370e-01  -7.1151025e-02  -1.4777143e-01   2.8168368e-01   5.7245737e-01  -1.4317786e-02  -4.8447611e-02   7.4447220e-02  -2.3094466e-02
  -2.1508348e-01   6.9507180e-01   5.5960368e-01  -3.6251791e-01   4.8119766e-02  -1.0457751e-01   6.8239202e-02   1.0071710e-01  -2.7699713e-02  -1.4682903e-01  -4.3292258e-01   0.0000000e+00  -3.7262580e-01  -8.6690266e-02  -3.1132763e-01   1.1467221e-01   4.4643176e-01  -5.3401494e-01   3.8039683e-02  -5.5396442e-03  -6.2642864e-02  -3.3363543e-01   1.7138565e-01  -2.2872013e-01   1.4684428e-02  -6.0431891e-02  -2.0222203e-01  -1.6505512e-01   2.7606832e-01  -6.4789932e-02   1.6205391e-01  -2.2783996e-01  -9.5562957e-02   2.1681711e-01   5.9861648e-01  -3.3320420e-01  -8.3818703e-02  -1.3427056e-01  -1.1985399e-01   4.8932940e-02  -3.5573394e-01  -2.1772990e-01   5.1365269e-01   4.7184908e-02  -6.7526829e-03  -4.4959618e-01  -3.8343871e-01   1.4326539e-01  -3.3502201e-01   6.1579851e-01  -4.7271403e-01  -1.3453333e-01   4.7334177e-01   1.7162073e-02   3.1524725e-02  -1.2237827e-01   4.5618101e-02  -5.0102776e-01  -5.3655750e-01   1.2824768e-01  -3.0051115e-01  -1.6600783e-01   2.7132891e-01   6.4907856e-02  -1.4888584e-01  -2.2425727e-01   2.2869496e-01  -1.3995480e-02  -3.0049858e-01  -9.1935514e-02   5.1422066e-01  -4.2180695e-01  -1.3405681e-01   1.2689967e-01   9.1846904e-02  -1.7523914e-01  -3.7047027e-01   3.4301412e-01   6.0746660e-01  -6.9252270e-02  -7.8051630e-02  -2.0108636e-01   1.7649194e-03  -2.3080658e-02  -2.7353583e-02  -8.7866117e-02   1.7298050e-01  -1.1500865e-01   2.6437087e-01  -2.1427411e-01   3.9918243e-01  -2.3756436e-02   6.2683730e-01  -7.5824982e-02  -3.1277960e-01  -3.1123972e-02   9.5173184e-02   1.1153991e-01   1.3354108e-01  -2.6395988e-01  -3.8636673e-01   3.9752399e-02   3.0738788e-01  -7.1751228e-02  -6.4807380e-01  -2.2195745e-03   8.1262936e-02   2.9623937e-02   2.9611458e-01   9.8542322e-02   4.0988869e-01  -3.6802987e-01  -1.8886131e-01  -2.7346847e-01   3.4762876e-02   3.5586794e-01   1.1116569e-01  -5.8680836e-02   1.4398531e-02  -3.6192476e-01  -3.7460709e-01   5.6765132e-01   5.8270865e-01   1.7946284e-01  -4.3459096e-01   9.6978452e-02   4.8363363e-01   2.3102278e-01  -1.7922669e-01   2.1542582e-01  -2.3984518e-01   4.8046560e-02   3.6836436e-01  -2.8955707e-02  -1.4488020e-01   8.0040178e-02   1.2657763e-01  -1.1943779e-01  -7.2375538e-02  -2.8174788e-01  -3.4582827e-01  -1.2963759e-01  -2.2665661e-01   3.7022432e-01   2.7923535e-01  -2.2873952e-01   6.7288295e-01   3.8897214e-03  -1.4104525e-01  -3.0024379e-01  -3.0401410e-01   1.5467392e-01  -2.2190469e-01   3.8639997e-02   8.7187951e-01  -2.0869052e-01  -4.7240329e-01  -4.7397135e-01  -8.4213350e-02  -9.8706842e-02   1.7228087e-01  -5.2526340e-02  -2.8574223e-01  -5.5412005e-01  -1.3368700e-01   6.1119785e-01   8.8272558e-02  -2.8907881e-01  -1.7083888e-01   3.2968027e-01   5.5380965e-01  -2.9386345e-01  -3.8360149e-01   3.2477761e-01  -5.9553061e-02  -2.9238677e-03   9.7657473e-02
  -6.6540607e-02  -8.6573715e-02  -2.5871617e-01  -1.4285863e-01   1.6222125e-01  -6.5387735e-02   2.7353411e-03  -1.0130116e-02   1.9470573e-01   4.0542179e-02   1.1208411e-01  -3.7262580e-01   0.0000000e+00  -4.0259430e-01  -1.0774257e-01   8.6115282e-02  -1.0848155e-01   1.9993493e-01   8.8914194e-02   6.3657559e-02   7.2700298e-02  -2.6080110e-02  -3.6823996e-03   4.5887215e-02   3.1156994e-01  -1.5843340e-01  -4.6973881e-02  -1.3730522e-01   5.5764387e-03  -2.6563646e-01   3.5224739e-02   2.2518259e-01   1.3208455e-01  -1.2963447e-01  -3.9942456e-01   1.2089769e-01   2.8620111e-01   3.2877135e-02   2.9232132e-01  -4.5307761e-02   7.1812677e-01   1.2590552e-01  -5.1771888e-02  -2.8037345e-02  -1.8583831e-01   7.6975982e-02   1.6479199e-01  -9.5356587e-02   1.9692249e-01  -2.0336121e-01   1.6244315e-01  -7.7790911e-03   2.2353454e-02   5.1463059e-02  -1.5809567e-01  -1.4200048e-01   9.4733080e-02   7.8625197e-04   2.6872178e-01  -2.6417642e-01  -9.5889165e-02   1.1094077e-01   4.9961330e-02   1.5400205e-01   3.0246530e-01   1.5273881e-01  -1.4104358e-02   2.0615981e-01  -4.6658770e-02  -2.0171780e-01  -1.4000598e-01  -3.9533232e-02   2.6633068e-01  -3.8289654e-01   3.3470690e-02   1.4614442e-01   6.8776730e-02  -9.7003053e-02   3.0162185e-02   1.4023884e-01  -2.2848442e-01   1.1938099e-02   3.5546686e-02  -2.1326970e-01  -3.6426533e-01   9.2915415e-02  -3.8464444e-02  -3.1068766e-01   6.1090336e-02  -5.4534437e-02   1.0028670e-01  -2.1283251e-01  -2.3288279e-01   7.7852213e-02   7.3659785e-02   2.6991678e-01  -4.6532873e-02   6.4401840e-02  -4.5313609e-02   2.6530655e-01   3.2485981e-02  -3.2735034e-01   1.1182173e-02  -2.0420774e-01   2.4186751e-01   2.0258181e-01  -5.8434436e-03  -4.1851791e-02  -1.5900278e-01  -1.5691054e-01  -2.0729713e-01  -1.5994969e-01  -7.4933509e-02   8.2037753e-02  -1.8292599e-01  -1.3643514e-02   1.2840942e-01   5.6019708e-01  -3.0189050e-01  -4.7291868e-02   1.1532879e-01   2.5758784e-02   2.0664707e-02   2.9476668e-01   2.0265702e-01  -5.4535254e-01   1.0823839e-01   5.9369959e-02  -7.4338979e-02  -2.5161493e-01   6.5795496e-01   5.7286520e-02  -3.9664571e-01   2.1153046e-01  -1.5949037e-01   1.8274806e-01   5.5448837e-02  -1.0883261e-01   7.3216823e-02   4.9432018e-02   2.9049051e-01   6.6180388e-01   1.7765325e-01  -4.3304798e-01  -2.0744821e-01   2.6585776e-01  -8.3035071e-02   2.0441510e-01  -2.0676502e-02   1.9030155e-01  -1.7886019e-01  -5.4700057e-02  -1.9118694e-02   2.8072867e-01  -2.3400923e-01   3.4327232e-02   1.9865843e-01   4.0763835e-01  -4.6914490e-02  -9.4420224e-02   1.6764495e-01   2.2656444e-01   1.5433516e-01   7.0401260e-02   1.5608584e-01  -2.3644996e-01  -1.1917354e-02  -1.8881105e-01   3.6796838e-02  -5.5580413e-02  -2.4259460e-01   2.3449007e-01   2.2011570e-02  -4.8268129e-01   3.0615605e-01  -1.2459591e-01   3.4055346e-02
   2.9259196e-01  -1.0711114e-01  -1.6634371e-01   2.5632527e-01  -3.2816714e-01   5.0229502e-02  -2.4700856e-03   3.5010088e-02   1.0463052e-01  -9.2322465e-02   1.0894778e-01  -8.6690266e-02  -4.0259430e-01   0.0000000e+00   1.5184311e-01  -1.0030382e-01  -3.9318077e-01  -8.3765458e-02   7.8950860e-02  -2.8663221e-01   5.1084725e-02   4.6564254e-01  -3.6323492e-02   4.1496720e-01  -2.8725533e-01   2.1813228e-01  -9.8018986e-02   3.8727907e-01  -1.1368066e-02   5.5715680e-01   6.7485400e-02   7.0927248e-02   6.8838876e-02  -5.9814133e-02   4.7848132e-02  -2.2617895e-01  -1.5502970e-01  -1.9365067e-02  -9.5530461e-02  -3.2647316e-01  -3.3686275e-01   1.4440345e-01  -1.5297723e-01   2.2586722e-01  -4.3166299e-02   1.2138060e-01  -7.7241807e-02   1.6576226e-01   1.6386490e-02  -2.4349117e-01   1.7937472e-01   4.6790018e-02  -2.2659957e-01  -1.2644154e-01   1.8828063e-01   4.2977348e-01   1.2410151e-01   3.9411267e-01   1.3927638e-01   3.2694801e-01   2.7942030e-02  -9.8275882e-02  -1.2859759e-01  -1.1936294e-01  -1.0617306e-01  -1.0013940e-01  -8.6550930e-02  -5.6515259e-02   1.5849938e-01   1.9548513e-01  -2.2013709e-01   1.6021031e-01  -1.8373104e-01   4.3920591e-01   3.4191303e-02   8.7411406e-02   1.2211577e-01   1.2227729e-02  -3.9412936e-01  -1.4661834e-01   4.2966842e-01  -1.0100965e-02   1.7326877e-02   3.2090589e-01   5.1896643e-01   9.9280949e-02   4.2840459e-02   5.9442437e-01  -1.4420741e-01   2.4597670e-01  -3.1829228e-01  -1.8500946e-02  -2.0429796e-01  -8.6653227e-02  -2.1397356e-02  -5.5070887e-01  -1.3040078e-03  -1.5435827e-01  -1.4779982e-01   7.0032469e-02   1.9109952e-01   2.3253468e-01   2.2504109e-01   4.4606022e-01   1.5455330e-01  -1.2367527e-02   4.5287396e-02  -8.7070370e-04   5.6027693e-02   6.3695760e-02  -1.3781820e-01   5.4451406e-01   7.1246878e-02   6.9625869e-02   3.6431806e-02  -1.8022656e-01  -3.2725678e-02  -2.2961776e-01   2.8526084e-01   3.5650352e-01   2.2495343e-01  -3.1211245e-01  -2.1214468e-01  -2.4260397e-01   1.9706063e-01   7.0764694e-01  -1.1213920e-01  -2.0119732e-01   3.1804598e-01   3.9177598e-03  -3.5420351e-01  -2.5694405e-01   3.6237180e-01  -3.3985917e-01   3.2908669e-01   1.0819669e-02  -1.9027389e-01   1.5712841e-01   9.3299023e-02   1.7965187e-02   1.6749709e-01  -4.8347073e-01  -3.8612865e-02   2.5295322e-01   3.4944128e-02   4.7013465e-02  -2.3587076e-01  -2.7085666e-01  -1.1728056e-01   7.1372783e-02   4.6218744e-01   1.7709515e-01   2.8133686e-01  -8.2382679e-02  -2.1506594e-01   2.0591221e-01   1.1345658e-01  -2.5192488e-02  -1.5362667e-01   4.2658508e-01  -2.3946143e-01  -1.7304259e-02  -2.2433104e-01   2.8213469e-01   1.0821697e-01  -6.8450303e-02   1.0083332e-01   3.5212052e-01   1.3183078e-01  -2.6695590e-01  -1.3784753e-01   2.5162276e-02   1.6843612e-01   3.6663885e-01  -1.8762425e-01  -7.9490653e-02   1.0885507e-01
