   0.0000000e+00  -3.0073831e-01  -1.7170272e-01  -9.9604879e-02  -2.2715358e-01   1.0845431e-02  -3.3890098e-01   3.2606790e-02  -1.6378585e-01  -4.6967429e-01  -2.3076223e-01  -2.8930101e-01  -1.3774582e-01   4.9790028e-01   3.3246009e-02  -1.8845666e-01  -7.9037634e-02  -2.3111821e-02  -1.9870283e-01  -3.2267990e-01  -1.9527525e-01  -6.1940559e-02  -3.7528550e-01   7.2731799e-01   7.4062710e-02  -8.3302317e-02  -3.5599665e-01   6.5851076e-02  -2.5847881e-03  -2.5595536e-01   4.8495849e-02  -5.8886183e-02  -6.0722239e-02  -4.5312443e-01  -5.3668287e-01  -3.1936480e-01  -2.5503628e-01   7.3814547e-01  -4.5358528e-02  -4.6452117e-01  -1.7300159e-01   1.3743133e-01  -4.6146297e-01   5.6957085e-02  -1.8108075e-01   6.5169363e-01  -1.0644790e-01  -4.1204534e-01  -1.9484135e-01  -2.0420563e-01   1.0473907e-02   4.8219281e-02  -1.6271547e-01  -1.2846957e-02   4.8783139e-01  -3.2191182e-01   8.9870366e-02  -1.0198327e-01  -2.3557728e-01  -2.5367001e-01   5.5203295e-01  -4.2710627e-01  -2.0827277e-01   5.6678019e-02  -1.0050245e-01  -2.9569215e-01  -1.4352041e-02  -3.7958591e-02  -1.1253675e-01  -2.0734160e-01  -4.8325186e-01   1.6533742e-02  -4.6441746e-02  -5.0583483e-02  -8.5963177e-02  -1.2325206e-02   5.8057581e-01  -1.8682650e-01  -2.2142343e-01  -1.2243304e-01  -2.9778103e-01  -5.4883150e-02  -4.5048462e-01  -2.7267994e-02   6.7209484e-01   4.4730330e-02  -1.5154216e-01   3.0914431e-01  -1.6702090e-01   5.6166634e-01  -3.2932316e-01   2.1059727e-01  -3.7618835e-01  -2.8549088e-01   4.9671715e-01  -3.3011743e-01  -7.3679270e-02  -1.8675225e-01  -1.1460192e-01  -2.7635977e-01   5.8808752e-01  -4.1550740e-01  -8.3490537e-02  -2.7209102e-01  -1.0653839e-01  -2.0630597e-01   1.0208452e-01  -2.4970205e-01  -4.2097707e-01   1.9938590e-02  -4.6405935e-01  -6.2064760e-02  -6.5984896e-02   8.2693611e-01  -3.1231000e-01  -1.3829876e-01  -1.8527905e-01  -2.9044167e-01   2.8408318e-01   2.5522031e-04   7.4091671e-01  -2.8356613e-01  -2.4809476e-01  -3.5973442e-02   8.1147012e-01  -2.0182277e-01  -1.5942788e-01  -1.8376081e-01  -1.8791714e-02   2.2362738e-02  -1.1022119e-01  -4.8668717e-01   4.1106206e-01  -2.4564975e-01  -1.7810533e-01   5.5325143e-02  -1.1873507e-01  -4.0705057e-01   1.1760711e-01   6.4435231e-01   7.9671491e-01   1.0159166e-01   6.0480735e-02   1.4040574e-01  -2.2817970e-01  -1.3706494e-01  -4.4592829e-01   5.7554458e-02  -3.4005014e-02  -2.5594014e-01  -1.5454078e-01  -2.4595759e-01   6.4603890e-01  -1.9119387e-01  -3.8179693e-01   8.5785006e-01   6.8656756e-01  -7.5693890e-02   9.9760591e-02  -2.1151834e-01  -9.2540042e-02   4.3758147e-02  -3.5364544e-01  -7.5782272e-02  -1.1004263e-01  -5.0438794e-01  -4.0535610e-01   4.4607078e-01   6.1815313e-01  -3.6449824e-01  -3.3764941e-01   5.2266848e-01   1.1482552e-01  -5.7370816e-02   9.8472134e-02  -7.6059790e-02  -3.9636468e-02
  -3.0073831e-01   0.0000000e+00   5.6128956e-01  -3.2269187e-01   3.7546916e-01  -1.0484474e-01   2.1669856e-01  -1.2338424e-01   1.9248883e-01   2.9336140e-01  -4.6759842e-01   6.8919040e-01   9.8970142e-02  -3.9068709e-01  -2.9216719e-01  -1.1008925e-02   7.0036506e-01  -3.8313289e-01   7.1040722e-02   4.8531137e-01  -3.8932649e-01  -2.8540654e-01  -1.8212677e-01  -2.3368037e-01   1.1009447e-02   3.3370463e-02   3.0139057e-01  -1.8923847e-01  -1.7805048e-02   5.6850140e-01  -3.9205670e-02   2.3651494e-02   6.8543199e-02   1.7821533e-01   3.8550164e-01   1.2887558e-01  -7.2180149e-02  -2.8363592e-01  -4.0061008e-02   7.7407459e-01  -1.7407972e-02  -2.1071911e-01   3.3552160e-01  -3.3252436e-01  -3.3545386e-01  -3.0177630e-01  -5.0777178e-01   3.9134145e-01  -3.2262596e-01   7.8130213e-01  -5.8212816e-01  -6.9544375e-02   1.6812154e-01  -2.4477691e-02  -1.8104515e-01  -1.4492191e-01  -1.2014750e-01  -1.0796215e-01   1.2953393e-02   1.0062078e-01  -1.0114543e-01   1.3140568e-03   3.5632584e-01  -2.2213774e-02  -5.2336607e-02  -1.7608858e-02   2.7101629e-02  -2.1556174e-01  -2.5213276e-01   1.4774614e-02   7.4578847e-01  -3.0768986e-01  -6.0577815e-02   3.1117749e-01   2.5521178e-01  -9.2637630e-02  -2.0738329e-01  -6.2887030e-02   4.3565883e-01   2.4597303e-02  -1.3786901e-01   2.5531353e-02   2.5004309e-01  -9.6006786e-02  -3.8103250e-01   1.2968980e-02  -1.1826790e-01  -2.7781196e-01   4.8332665e-01  -3.4508673e-01   5.8024845e-01   2.7726282e-01   5.2149699e-01   1.0712663e-01  -2.9547286e-01   5.3795404e-01  -2.1419866e-01   1.5860964e-01   1.8176252e-02  -3.1128464e-02  -1.6192480e-01   2.5435706e-01  -3.4246095e-01   6.8196814e-01  -4.4220668e-01   1.2383698e-01  -1.1439550e-01   1.3093748e-02   4.7272403e-02  -4.4533084e-01   3.6458973e-01  -3.4708535e-01  -7.3723562e-03  -2.9181560e-01   1.3601810e-01   4.6104089e-01  -2.8574407e-01   2.3391231e-01  -1.7746064e-01  -9.0450238e-02  -2.3949100e-01   5.7841536e-01   3.4563261e-01  -4.7523893e-02  -3.2702970e-01   3.9458987e-02  -3.1374202e-02   1.5272794e-01  -4.1902373e-02   8.6950372e-03  -4.2984680e-02   1.2881728e-01  -3.4475554e-01   1.0447437e-01   6.4236779e-02  -5.3069443e-02   1.1864125e-01  -1.8278869e-01   7.6936196e-02  -2.5984715e-01  -2.2116210e-01  -9.8709264e-02  -2.0340003e-01  -2.9844738e-01  -1.5463754e-01  -3.9838587e-01   5.2362359e-01  -2.2801632e-01  -3.9663130e-01   6.7451599e-02   2.2564575e-01  -3.8420144e-01  -3.1259075e-01   4.7691302e-02   6.9334086e-01  -2.7564242e-01  -2.6007181e-01  -8.2851909e-02   2.4339181e-01  -2.7089010e-01  -1.3068568e-01  -3.7614491e-01   5.1859437e-01  -4.0308201e-01   7.3887601e-02   4.4354772e-01   1.1934198e-01  -3.1423505e-01  -1.2692771e-01   5.0379218e-01   2.8951815e-01  -1.8791177e-01  -3.9321088e-01  -1.9470833e-01   4.5860561e-02  -9.6121236e-02   2.1415922e-02
  -1.7170272e-01   5.6128956e-01   0.0000000e+00  -3.6172803e-02   2.5289324e-01   1.6680053e-01   3.1952496e-01   7.1597178e-02  -4.4432629e-02   1.9576746e-01  -3.6546199e-01   5.3124959e-01  -6.9593807e-02  -1.9476168e-01  -2.2355904e-01  -8.5575622e-02   8.4012685e-01  -2.9357503e-01   1.5541791e-01   4.7142927e-01  -3.6777921e-01  -1.4499756e-01  -1.4329376e-01  -1.2849457e-01  -2.5096169e-01   1.1640299e-01   5.9965596e-01   8.2514172e-02  -2.1063578e-02   2.2165051e-01  -3.1128095e-01   1.8932854e-01   1.8811343e-02   1.6724185e-01   2.2828237e-01   1.6605714e-01  -1.9072244e-01  -1.8780481e-01  -2.3828284e-01   6.2011803e-01  -2.4775211e-01  -1.9738262e-02   2.8599429e-01  -4.5767300e-01  -2.4693775e-01  -8.8801388e-03  -2.3404788e-01   3.7320395e-01  -7.1176745e-02   6.7722321e-01  -2.3550040e-01   9.6533436e-02  -2.2604467e-01   1.7257786e-02  -5.4481857e-02  -9.7618785e-02   2.1708190e-02   8.9897584e-02  -9.9789999e-03   2.6463735e-01   1.6064428e-01   3.6794604e-02   1.5281414e-01  -1.1636937e-02  -2.1957997e-01   1.4204709e-01   1.8959883e-01  -1.0083390e-01  -1.8279738e-02   4.9248048e-01   4.7742730e-01  -2.2106190e-02  -3.2207386e-01   3.1890767e-01   1.5822339e-01   9.9307304e-02   9.2814522e-02  -4.2113462e-02   1.8686364e-01  -1.3490243e-02   4.0429624e-02  -2.0564302e-01   4.8607518e-02   2.5435209e-02  -1.2779550e-01   6.8103579e-02  -2.0780603e-01  -1.3505694e-01   2.4024172e-01  -4.6310751e-02   1.8686709e-01   6.3078957e-01   4.1374026e-01   8.3838702e-02  -1.8799357e-01   5.0458513e-01  -6.0588883e-02   1.2058346e-01   1.5349568e-01   1.3374352e-01  -1.2223487e-02   3.1137407e-01  -4.6735921e-02   3.6219331e-01  -5.9816656e-02   1.1804617e-01   2.5450142e-01   2.6197895e-03  -5.3944311e-02  -2.3360479e-01   2.2219182e-01   6.0446847e-02   1.5138046e-01  -2.1063715e-01   1.8240955e-01  -1.1135279e-01  -7.4004484e-02  -3.3748512e-02  -1.4879688e-01   5.3119278e-03  -4.0221178e-02   4.4878596e-01   1.4865957e-01  -2.4983761e-01  -2.2684444e-02   2.3220082e-01   3.2266749e-02   9.7165393e-02  -1.4209142e-02   6.1251488e-01  -3.4525901e-01  -8.3862576e-02  -2.0622280e-01  -1.6483105e-01   3.0403513e-01   1.2256473e-01   1.0377851e-01  -9.9335246e-02   2.1500488e-01  -2.7870571e-01  -2.0356156e-01  -2.2039824e-01   1.6577478e-02  -7.8007017e-02  -1.6735335e-01  -4.3595144e-01   5.2432573e-01  -7.4425022e-02  -7.4054884e-02  -1.4142746e-01   2.0334845e-01  -3.2141357e-01  -1.1686946e-01  -4.9805720e-02   6.0629886e-01  -2.8472259e-01  -9.0597930e-02  -4.7082511e-02   4.7830112e-01   6.0278344e-02   1.2274354e-01  -2.7485238e-01   4.1677853e-01  -2.3257993e-01   1.4144106e-01   1.4285418e-01   2.2621494e-01  -2.1504420e-01   6.5499975e-02   1.2632004e-01   2.7224194e-01  -7.4997053e-02  -2.4763010e-01  -3.8083315e-02  -9.2438025e-02  -6.0516559e-02   3.0525086e-02
  -9.9604879e-02  -3.2269187e-01  -3.6172803e-02   0.0000000e+00  -8.5116915e-02   1.7853632e-01  -6.7576118e-02   2.5815861e-01   4.4010377e-02   4.3693703e-02   3.3824786e-01  -2.0082361e-01  -1.4253612e-02   1.3373315e-01   4.3437269e-02   9.0378612e-02  -1.5773082e-01   4.0181411e-01   1.5968961e-01  -1.2627520e-01   3.4217406e-01   4.7047170e-01   1.5169327e-01   4.7429726e-02   9.6423744e-02   1.2620400e-01   7.0473803e-02   9.9324756e-02   1.5755645e-01  -2.4770268e-01   1.5628319e-01   5.0877595e-01   1.6485686e-01  -1.1188817e-01  -7.7562395e-02   7.8843839e-02   1.7521329e-01  -2.8504199e-01   1.5750094e-01  -1.2798798e-01   2.1425171e-01  -7.5371490e-03  -1.1747473e-01   2.3563686e-01   4.7546795e-01  -2.2669430e-01   4.2852736e-01  -9.2228110e-02   4.9255809e-01  -2.4306935e-01   5.2868724e-01   1.3364490e-01  -9.7710330e-02   7.2997802e-02  -1.3049071e-01   3.5866047e-02   1.6806871e-01   4.5446396e-01   4.5181253e-01   2.0661943e-01  -1.1624208e-01   2.6022806e-01  -5.4011338e-02  -2.0439310e-02   2.5469309e-01   4.3780066e-02   8.1585629e-02   2.4473821e-01   3.8535281e-01  -1.0445763e-01  -2.6794390e-01   4.4919178e-01  -6.2790213e-02   9.1864227e-03  -4.2804626e-02   5.0986078e-01  -2.1852806e-01  -1.1590435e-02  -1.2493194e-01   3.1468391e-01   3.9434558e-02  -8.5955269e-02  -1.4551711e-01   1.1993910e-01   2.9961691e-02   4.1289969e-01  -9.3525297e-02   8.8470605e-02  -1.4433268e-01  -1.6365111e-02  -7.4441913e-02  -3.9242004e-02  -1.5616897e-01   3.7915126e-02  -3.7853526e-01  -5.3658139e-02   4.1122696e-01   2.7371977e-01   3.6592098e-01   2.3029818e-01  -1.4728778e-01  -1.3924455e-01   5.2248332e-01  -1.9538534e-01   5.8865926e-01   5.2097482e-01   1.5243678e-01   3.6067204e-01   1.8617174e-01   2.7695044e-01  -1.6280692e-01   3.8253501e-01   3.0542357e-01  -2.2855736e-01  -9.9145569e-02  -1.3817163e-01   9.7847841e-02  -5.9359887e-02  -9.4699125e-02   5.7826178e-01  -2.5296622e-01  -2.9956325e-02  -4.4683684e-02   5.6135658e-02  -2.0572519e-01   1.9228118e-01   3.3729179e-01   1.2340524e-02   4.4620915e-01  -4.0533743e-02   8.0505327e-03   3.1018483e-02   1.1952196e-01  -8.2504451e-02   2.3940648e-01   4.1032377e-01   3.0653404e-01   2.1794320e-01   3.2118798e-01  -2.3846685e-01  -1.1479117e-01  -9.8048916e-02   1.6094040e-01  -4.5102355e-02   1.5729407e-01   3.7186447e-01  -1.9927060e-01   2.4767830e-01   1.6419146e-01   1.2379368e-01  -1.2870874e-01   2.9480577e-01  -1.3777292e-01  -2.8906823e-03  -9.1706066e-02  -2.4666040e-01  -3.2016852e-01   1.2899105e-01  -9.3613269e-02   3.3244443e-01   3.4317857e-01   3.2558042e-01   9.9832624e-02   5.6920456e-01   5.0096033e-01  -1.7110327e-01   3.3882510e-02   8.6946629e-02  -7.5309366e-02  -2.2769346e-01  -2.0821720e-02  -3.3983292e-01   4.5491192e-01   6.3508855e-02   6.5488334e-03   2.4506118e-02   5.3121007e-01
  -2.2715358e-01   3.7546916e-01   2.5289324e-01  -8.5116915e-02   0.0000000e+00   1.3036945e-01   7.7176663e-02  -1.1394780e-01  -1.8771373e-01   4.4844334e-02  -2.2756590e-01   1.9883582e-01   1.4264811e-01  -2.2704638e-01   1.3242136e-01   1.9448849e-01   3.0243766e-01  -1.6068726e-01   2.0262517e-01   8.0418784e-01  -2.8996853e-01  -2.2285897e-01  -2.8224465e-01  -1.2269441e-01   5.1555959e-02   1.6589738e-01   4.6984634e-01  -2.5974835e-02  -4.7703442e-02   1.1556563e-01  -2.6481085e-01  -1.1839996e-01   2.2518791e-01   8.7456965e-02   1.6939487e-01   7.7314809e-01  -3.0716516e-01  -5.8228413e-02   8.3403880e-02   3.6330205e-01   2.2040100e-01   1.3986081e-03   1.3347054e-01  -4.2908041e-01  -5.7525584e-02  -1.2126111e-01   1.8099602e-01  -2.5808473e-02   8.0173390e-02   4.9041941e-01  -2.2119942e-01   2.0226073e-01  -3.0368208e-01   7.0309473e-02  -1.8901602e-01  -1.0893422e-03   1.2144118e-01  -8.0522186e-02   7.5535111e-02  -1.6798947e-02   3.0524094e-02   2.7882817e-01  -1.2340411e-01   1.6391860e-02  -1.9143487e-01   7.1231220e-02   3.5327095e-01   6.4335187e-02   2.6342910e-02  -7.7364746e-02   1.4893885e-01  -7.0568447e-02  -1.0527419e-01  -2.2137655e-02   2.2828281e-02   4.0144064e-02  -8.9393275e-02  -1.5706429e-01   7.8333066e-01   2.1610717e-01   2.9024394e-02   7.5375848e-02  -9.5316867e-02   4.9602739e-02  -1.6333292e-01   3.8300792e-02  -2.2912213e-01  -1.5775681e-01   3.5388961e-01  -1.4770621e-01   5.5081468e-01   1.6160622e-01   2.8000690e-01   6.4791395e-02  -7.5016301e-02   7.7082924e-01   9.1043220e-02   3.1266465e-01   3.2003697e-01  -1.1671182e-01  -1.9178471e-01   2.8726237e-01  -2.0074012e-01   7.2904745e-02  -2.7677614e-03   5.5311559e-02   1.7250536e-02   1.6614216e-01  -2.4999582e-02  -8.7042655e-02   1.2794150e-01  -1.7415951e-02  -1.3382030e-01  -2.5623371e-01  -1.1486776e-01   4.0341500e-01  -9.6168265e-03   2.9074440e-01  -3.6454471e-02  -2.0513627e-02  -1.5320509e-01   8.3716205e-01   2.1117870e-01  -2.0925497e-01  -8.9327016e-02  -2.3925379e-03   7.6848139e-02   1.8196859e-01  -9.0138645e-02  -1.7029470e-01  -2.2011593e-02   2.1096745e-01  -2.2133496e-01  -2.6203785e-01  -2.1408286e-01  -3.1667944e-02   2.6459553e-01  -3.7785937e-01   1.3160283e-01  -2.4212114e-01  -2.4531472e-01  -1.1174446e-02   1.9287736e-02  -8.6965671e-02  -2.9974646e-02  -2.6037760e-01   4.3716314e-02   2.9465554e-01   2.5554633e-02  -3.9555992e-01  -8.9970266e-02  -3.0980380e-01  -9.3638347e-02   3.4202347e-02   6.4906182e-02  -1.4125281e-01  -1.3255406e-01   8.3290167e-02   3.3769180e-01   4.7427728e-02  -1.9023012e-01  -1.4353215e-01   7.0459716e-02  -1.3996202e-01   1.4649980e-01   2.3913135e-01   2.8009874e-01  -6.2025453e-02  -1.1540910e-01   2.7159922e-01   6.2664441e-01  -2.0800262e-03  -2.1176207e-01  -7.8090004e-02   1.2105599e-01  -2.1035074e-01  -5.5113765e-02
   1.0845431e-02  -1.0484474e-01   1.6680053e-01   1.7853632e-01   1.3036945e-01   0.0000000e+00   4.3328316e-01  -2.5513901e-02  -5.6663250e-01   1.3208951e-01   1.2435892e-02   1.1257179e-01  -1.6466092e-01   2.5808750e-01   2.1128608e-01   1.1330429e-01  -8.2417767e-02   5.5139264e-03   5.5263030e-01   1.5758954e-01  -1.5662991e-01  -1.1533968e-01   6.5954967e-02   1.3736772e-01  -1.7624580e-01   1.5311022e-01   4.1523077e-01   5.4474613e-01  -2.6611080e-01  -1.3928725e-01  -5.0109225e-01   1.7794761e-01   8.3393546e-02   3.1126385e-01   8.7856408e-02   2.0994767e-01  -1.3880810e-01  -2.0060602e-01  -8.5113071e-02  -3.4014344e-02  -9.7639033e-02  -1.1033043e-01  -2.5878279e-02  -1.5120205e-01  -2.1243868e-01  -8.3881464e-02   3.1625883e-01   7.3376626e-02   1.9182780e-02  -6.5828279e-02   3.2761962e-01   2.1974344e-01  -3.8082554e-01   2.9162990e-01  -8.8544811e-02   4.9422964e-01   5.2843220e-01  -1.4081919e-01   6.6129636e-02  -2.7315876e-03   1.1652838e-01   2.3116116e-01  -4.2946977e-01  -1.8829577e-01  -5.2861750e-01   4.9174242e-01   7.9403384e-01  -1.6434435e-01   4.9870368e-01   4.4908924e-01  -6.8566185e-02  -1.0197603e-02  -2.4310292e-01   4.7542577e-01  -3.4739980e-01   1.6422457e-01  -5.9203796e-02   1.8653442e-01  -1.6359862e-01  -6.9991102e-02   2.9514762e-01  -1.2162877e-01  -4.0762020e-03   4.9850395e-01   5.0144616e-01   1.3836629e-01   1.8268214e-01   4.0514423e-02  -2.8184966e-01   4.9488464e-01  -2.0344919e-01   9.4742719e-02   2.4578868e-01  -4.8766907e-01  -2.2068400e-01   1.6632179e-01  -2.1231476e-01   4.6741036e-01   4.9505442e-02   2.3192777e-01   3.2831045e-01   1.1192548e-01   1.0079782e-01  -4.1207527e-01   3.4990354e-01   1.3250825e-01   4.5108016e-01   5.1123452e-01  -9.1505257e-02   1.3277743e-01   2.7733900e-01   2.8405257e-01  -3.6739098e-01  -1.5573089e-01   2.8841855e-01  -4.0729613e-01   4.3832290e-01  -7.8921252e-02   4.6850540e-01  -5.3052536e-02  -1.9764130e-01   9.8801793e-02  -3.1145803e-01  -4.6964368e-01   2.4091810e-02   2.0413661e-01   8.8406511e-02  -2.9981355e-01  -9.4076455e-02   3.4923745e-01  -3.7626049e-01   1.4003840e-01   3.7634136e-01  -4.6197029e-01  -4.7594496e-02   2.3372008e-01   2.5832507e-02  -6.3754252e-02   6.1306554e-02  -2.6960563e-01   8.2145564e-02  -2.5222279e-01   4.2460614e-01   6.5531393e-01   4.0769675e-02  -8.9869839e-02   1.7818766e-01   1.1041153e-01   3.3134049e-01  -3.4982258e-01   4.1454031e-01   1.6282683e-01   1.5294118e-02  -2.0303658e-01   1.9615340e-01   2.5479460e-02  -1.2361977e-01   5.4627667e-02   5.0498090e-02   3.4597427e-01  -8.1904345e-02   2.3146913e-01   2.8508824e-03   1.0580291e-01   1.9028972e-01   3.1218578e-02   9.4364092e-02   3.5230231e-01  -5.7772440e-02   7.9494415e-02   2.2550916e-01  -2.2172643e-01  -3.8961657e-01   7.4048822e-01  -5.5842774e-02  -2.3945160e-01   9.9632550e-03
  -3.3890098e-01   2.1669856e-01   3.1952496e-01  -6.7576118e-02   7.7176663e-02   4.3328316e-01   0.0000000e+00  -1.5715917e-01  -2.1526152e-01   6.5560565e-01  -7.8372865e-02   6.3683503e-01  -1.3106780e-01  -4.2212817e-02   2.6718517e-01   2.2193912e-01   2.4803373e-02  -2.8947178e-01   1.6747529e-01   2.9583487e-01  -1.6210739e-01  -4.3686938e-01   2.4210466e-01  -2.6505159e-01  -9.5531870e-02  -1.2166606e-01   5.8954321e-01   8.2079818e-02   7.1165655e-02   4.0134921e-01  -4.1203357e-01  -1.0333442e-02  -3.6225698e-02   7.3812933e-01   6.3399749e-01   1.5412134e-01   2.2348851e-01  -4.0650867e-01  -1.5588138e-01   2.2177553e-01  -1.1536215e-01  -1.4838502e-01   4.0322350e-01  -2.2005228e-01  -2.4316755e-01  -2.3045269e-01   7.9512961e-02   5.9260303e-01  -2.1988834e-01   1.1899294e-01   4.9070017e-02  -9.4336792e-02   1.6174594e-01   6.9855138e-02  -2.3479605e-01   5.1560200e-01  -4.1241708e-02  -2.9930938e-01  -5.9016389e-02   2.8579774e-01  -5.2494148e-02   4.1614939e-01  -1.0131423e-02   7.1690753e-02  -2.5696385e-01   7.5796344e-01   3.4505987e-01  -8.6730910e-02   5.6117311e-02   5.1974452e-01   3.8474727e-01  -4.0493787e-02  -1.6379011e-01   4.1783397e-01   8.0504550e-02  -3.0373457e-01  -1.5858012e-01   9.9340543e-02  -1.5516035e-01  -2.5128837e-01   4.1858920e-01  -1.1932602e-01   4.5161742e-01   1.6345801e-01  -3.0291086e-02  -1.2548791e-01   2.7143343e-01  -2.1740444e-01  -1.9217334e-01  -1.2942266e-02  -3.6555505e-02   8.0490244e-02   5.3786546e-01  -9.7628121e-02  -3.1194330e-01   2.4742392e-01  -1.8170016e-01  -5.5347914e-02  -3.5358475e-02   5.5766252e-01   4.4196223e-02   6.9226724e-01  -9.6784689e-02   1.6195416e-01   1.6008770e-01  -2.6564375e-02   3.1578773e-01  -3.1352358e-02   1.6010476e-01   1.2364029e-01   7.0449384e-01   1.0135092e-01  -2.3613259e-01  -3.8193796e-01   3.2175363e-01  -4.5746192e-02   2.4183626e-01   1.6284166e-01   1.2107208e-01  -1.0115072e-01  -3.1870345e-01   1.0680422e-01  -2.6822245e-02  -3.4601874e-01  -2.7738408e-01   3.7762634e-01   2.9669072e-01  -1.6369721e-01  -3.6315097e-01   3.1558774e-01  -3.1144093e-01   3.4569588e-01   1.9036019e-02  -2.4301675e-01   1.3977191e-01  -4.8217512e-02   5.9636020e-03   1.2129515e-01  -1.8611362e-01  -4.8328118e-01  -2.4288188e-01  -2.3646476e-01   3.0908019e-02   3.2336180e-01   5.5997530e-02  -1.5940937e-01   7.9124234e-01  -1.5390592e-01   3.1337194e-01  -1.2884619e-01   3.8877370e-01   2.4091728e-01  -1.6659303e-01  -1.5238090e-01   4.3340403e-01  -3.1024414e-01  -2.5120753e-01   9.9264204e-02  -3.2940063e-03   3.5522135e-01   8.1741537e-02  -1.9681015e-01   2.8322877e-01  -1.8591067e-02  -1.2187131e-01   5.9538418e-01   1.8162668e-01  -1.0570407e-01  -6.4387697e-02   4.8253322e-01   4.8102057e-01  -2.3653394e-01  -4.4736019e-01   3.3701314e-01  -9.6120926e-02   1.1334957e-02  -3.6770813e-01
   3.2606790e-02  -1.2338424e-01   7.1597178e-02   2.5815861e-01  -1.1394780e-01  -2.5513901e-02  -1.5715917e-01   0.0000000e+00   3.0584881e-01  -2.8645639e-01   1.5868314e-01  -6.7370731e-02   9.3461190e-02  -1.8348991e-01   9.6185470e-04  -8.0842153e-02   5.1040599e-02   3.0662896e-01   9.0107361e-02  -1.5326034e-01  -7.3523312e-02   4.5049745e-01  -3.1534295e-01  -7.4051848e-02  -3.4730725e-01   5.7666296e-01   1.5360738e-02  -6.2616041e-03   6.0731503e-02   2.9757885e-02   1.7558329e-01   2.5931362e-01  -9.1199510e-02  -4.0871336e-01  -2.1419995e-01  -5.3984664e-02  -1.2906316e-01   6.6424771e-02  -5.5543806e-02  -1.0673476e-01   9.1151846e-03  -9.7786166e-02  -8.9732461e-02   3.4943512e-01   3.6036720e-01   2.0034563e-01   5.5881392e-02  -1.2057557e-01   1.0037243e-01  -1.0545663e-01   1.9743688e-01   5.7661678e-01  -1.3984298e-01  -4.0513142e-01  -5.9605601e-02  -3.2598283e-01   2.0865184e-01   4.5182456e-01   2.8993334e-01   1.7758555e-01   3.3208223e-01  -1.6178089e-01   1.7443049e-01   1.8918223e-01   2.6796771e-01  -1.3747559e-01  -1.9790353e-01  -6.0837027e-03   2.4232247e-01  -2.6437860e-01  -2.7022791e-01   2.3076749e-01  -1.7589940e-01  -2.9896010e-01   9.1581123e-02   4.0037757e-01   1.9173385e-01   1.2201896e-01  -1.2296150e-01   2.3294437e-01  -1.1870119e-01  -2.8333997e-01  -3.5834591e-01   4.2873181e-01  -1.9529391e-01   2.5340955e-01  -3.5617674e-01  -3.3407405e-01   1.0831752e-01  -2.2675555e-01   6.2560840e-02   8.9165147e-02  -2.3742075e-01   3.5113554e-01   1.2298224e-01  -7.9333483e-02   1.2678755e-01   8.9650055e-02   3.9588063e-02  -3.8910881e-02  -2.8404869e-01  -1.5588626e-01   3.9059459e-01   5.5130340e-02   2.1790458e-01   2.5863639e-01  -2.5172534e-01   3.0203050e-01  -3.0828249e-01  -1.0575557e-01  -3.2823658e-01   3.1449193e-01   4.1480302e-01   9.6097188e-02  -3.7662302e-01  -7.1710557e-02  -5.1890148e-02  -9.6826633e-02  -3.1452385e-01   5.6902893e-02   5.6235922e-02  -8.6967094e-02   5.0107265e-02   2.8924524e-01   1.2296746e-01  -8.7746948e-03  -9.5101363e-02  -1.6413945e-01   4.3148954e-01  -1.6429477e-01  -1.4611678e-01  -1.2580757e-01  -6.2111837e-02  -6.1396623e-02   2.7747134e-01   5.2688626e-01  -3.3947831e-03  -8.5180740e-02   4.7008526e-01   1.3962885e-01   4.5241291e-02   2.1199511e-01   3.5724935e-01  -3.8298444e-01  -2.2080413e-01  -8.0080379e-04  -1.9533993e-01   1.9895277e-01   1.9979786e-01  -1.7585246e-02  -4.7190671e-01   7.3431644e-02  -7.5728220e-02   2.3526135e-01  -2.2042520e-01  -9.1789515e-02   1.2341540e-01   1.8791284e-01   2.0800480e-01   1.6281278e-02   2.3447708e-01   3.5814914e-01  -2.2269131e-01   3.6352342e-01   1.7552662e-01  -1.2731138e-01   8.4688493e-02   1.2878252e-01   8.6586904e-02  -3.2079033e-01   1.6220742e-02  -1.2019162e-02   4.4273862e-01  -1.2104044e-01  -4.8670038e-02  -1.4618482e-01   4.5407951e-01
  -1.6378585e-01   1.9248883e-01  -4.4432629e-02   4.4010377e-02  -1.8771373e-01  -5.6663250e-01  -2.1526152e-01   3.0584881e-01   0.0000000e+00  -6.8264320e-02   2.7542353e-01  -2.4310804e-02   8.3427970e-02  -3.9831458e-01  -3.0933576e-01  -1.2293921e-01   1.6729868e-01   2.7333057e-01  -2.7868619e-01  -1.7884538e-01   2.1981010e-01   3.8938758e-01  -1.7811973e-02  -2.5874682e-01   1.0592186e-01   2.1459189e-02  -2.0312045e-01  -2.8251846e-01   3.7579821e-01   5.0245716e-01   6.9295113e-01   7.2787587e-02  -1.5208301e-01  -2.7799536e-01  -1.0875808e-01  -1.8766747e-01   2.8217940e-01  -1.1169462e-01   1.1375456e-01   1.6271644e-01   2.0966035e-01  -2.5053174e-01   1.6482782e-01   4.5133635e-01   2.9305192e-01  -2.0867831e-02  -1.8719754e-01   3.8116559e-01  -3.0004090e-02  -4.0549165e-02  -1.2850906e-01  -1.3719254e-04   5.7853000e-01  -6.0909902e-01  -9.2669369e-02  -3.9611721e-01  -3.1589227e-01   3.4730233e-01   2.3264169e-01   1.1116374e-01  -1.0274802e-02  -1.2613639e-01   8.2463731e-01   2.5888403e-01   7.1728898e-01  -3.5134246e-01  -5.5641332e-01   2.2705611e-01  -1.2174735e-01  -3.7381604e-01   2.0624234e-01   1.8119731e-01   1.0995781e-01  -4.1985783e-01   2.8005828e-01   1.8317641e-01  -3.4720593e-02  -3.9268555e-02  -9.2040715e-02   2.7654348e-01  -2.1316252e-01  -1.6160966e-01   8.5517803e-02  -5.0920117e-02  -5.7676412e-01   1.2092837e-01  -1.5875827e-01  -3.8835577e-01   4.1011814e-01  -4.9623757e-01   3.1592264e-01  -1.2313059e-01  -2.5396022e-01   6.5731025e-01  -7.0128735e-02  -1.5023152e-01   2.6863863e-01  -1.6591278e-01   1.3650209e-01  -4.8976804e-02  -3.0064406e-01  -1.9016475e-01   2.0395097e-01   6.7146748e-01  -1.5061759e-01   2.2981662e-01  -5.2003886e-01  -1.4799904e-01   5.7126236e-02  -9.7329578e-02  -2.5675326e-01  -2.3154101e-02   5.5492892e-01  -8.1212791e-02  -1.9426996e-01   4.5287088e-01  -3.0426008e-01   8.5364222e-02  -4.0022686e-01   9.7008657e-02  -1.3426567e-01  -1.5714219e-01   2.1574864e-01   6.9190950e-01  -1.6284814e-01  -2.0575706e-01  -2.2406154e-01  -8.0403202e-03   4.4381977e-01  -2.0517338e-01   7.1766465e-02   1.8897245e-01  -2.7369251e-01   6.0972880e-01   3.2081554e-01   1.4588289e-01  -3.3330522e-02   3.4846495e-01   2.3106283e-01  -2.6211107e-02  -2.2127079e-01  -8.8615455e-03  -7.5564632e-02  -5.8045399e-01  -1.2709839e-01   1.7576781e-01  -1.0013329e-02   5.8024111e-02  -1.3002165e-01   5.0035699e-01  -4.4366698e-01   4.3052677e-02  -3.2281685e-01   5.2881464e-01  -5.1154073e-02  -2.2912573e-01  -9.6033907e-02   8.6898427e-02  -5.9670503e-02  -2.4111262e-01   2.2648048e-01   2.1111940e-01   2.0994987e-01   1.0021446e-01   1.1492563e-01   1.0827883e-03  -8.7908133e-03  -3.0020442e-01  -4.5975722e-02   2.9216087e-02  -1.6385643e-01  -1.2071068e-01   5.4696583e-01  -4.9601825e-01   5.6562882e-02   9.0136850e-02   3.2051705e-01
  -4.6967429e-01   2.9336140e-01   1.9576746e-01   4.3693703e-02   4.4844334e-02   1.3208951e-01   6.5560565e-01  -2.8645639e-01  -6.8264320e-02   0.0000000e+00  -1.1622193e-01   4.7429912e-01   4.4074276e-02  -2.0661294e-01  -4.6009507e-03   1.9090870e-01   5.4894442e-02  -3.3240462e-01   5.6876702e-02   3.1658299e-01   1.0213304e-02  -3.3595252e-01   4.7575122e-01  -3.0819785e-01   9.2266521e-02  -2.0596251e-01   3.6252141e-01   2.1590016e-02   6.8391225e-02   2.1128197e-01  -2.2993409e-01   1.0773464e-01   1.2336300e-02   6.4332417e-01   5.3256094e-01   1.0236204e-01   4.7147023e-01  -5.3175813e-01  -6.3665090e-02   4.2562636e-01  -1.8376088e-02  -1.8796018e-01   4.2502738e-01  -1.6787871e-01  -1.4096508e-01  -5.1378202e-01  -8.9661329e-02   5.2235545e-01  -1.3252154e-01   2.3726805e-01   4.2331716e-02  -3.0715801e-01   2.9453960e-01   2.5619446e-01  -2.7076521e-01   3.3926488e-01  -1.4207824e-01  -1.9690254e-01  -2.9055920e-02   9.0543813e-02  -4.4132819e-01   4.9566732e-01   1.0032299e-02  -1.9151853e-01  -1.1519371e-01   6.0528197e-01   7.9723467e-02   7.2604906e-03  -2.5512636e-01   3.2526902e-01   5.4457992e-01  -1.2739407e-01   9.1705436e-02   3.9404109e-01   1.4760293e-01  -2.2656460e-01  -4.1888500e-01   2.0766499e-02  -5.2392934e-03  -1.2083908e-01   3.5054670e-01   1.0195468e-01   4.8838090e-01  -1.0297430e-01  -2.5806701e-01  -7.6242303e-02   1.2870443e-01   4.5468256e-02   8.2427588e-02  -2.1566746e-01   2.3056790e-01  -2.6165682e-02   6.3681280e-01  -9.7793064e-02  -4.8482324e-01   3.2580009e-01  -1.5618432e-01  -1.0218899e-01   8.1518107e-02   5.8117662e-01  -9.1869063e-02   4.8129650e-01  -2.1810084e-01   1.6767569e-01   2.5479293e-02   1.0056297e-01   2.4226534e-01  -6.0532751e-02   4.7745362e-01   8.2602326e-02   7.1874005e-01  -2.0289734e-01  -1.2151947e-01  -4.6192484e-01   4.7954804e-01   1.2803683e-01  -6.1546235e-03   3.7091045e-01   1.0044572e-01   1.2501841e-01  -4.4509162e-01   2.0778000e-01   1.9988265e-01  -2.3847325e-01  -4.8860827e-01   1.8206413e-01   3.1849717e-01   9.1654783e-02  -2.0040285e-01   1.5292587e-01  -6.3697033e-02   3.1407276e-01  -2.5484550e-01   5.2501958e-03   1.6213359e-01  -1.1017968e-01   1.2592672e-01   3.4275271e-01  -1.6746838e-01  -5.0665185e-01  -2.7385367e-01  -1.8008121e-01  -3.7056284e-01   1.2505728e-01   8.3701900e-02  -6.6631353e-02   6.9211701e-01  -1.9974068e-01   1.3753240e-01   1.8773226e-01   5.0217923e-01   2.2142737e-01  -2.2821116e-01  -1.3181543e-01   5.2320628e-01  -4.1713432e-01  -5.3656534e-01   1.0286620e-01  -1.3625091e-01   1.7742937e-01   8.8675539e-02  -3.5666169e-01   5.6948054e-01  -6.2413204e-02  -7.5689359e-02   6.0427661e-01   7.7947682e-02  -1.9424142e-01  -2.4274998e-01   5.3414725e-01   2.6045546e-01  -3.9136363e-01  -3.4468332e-01   8.5935951e-02  -9.5244144e-02   1.3767129e-01  -1.9453606e-01
  -2.3076223e-01  -4.6759842e-01  -3.6546199e-01   3.3824786e-01  -2.2756590e-01   1.2435892e-02  -7.8372865e-02   1.5868314e-01   2.7542353e-01  -1.1622193e-01   0.0000000e+00  -4.0913109e-01  -1.2709986e-01  -8.0744970e-02   2.6882523e-01   8.9004687e-02  -4.5150644e-01   5.4140486e-01   6.3786932e-02  -2.3489448e-01   7.1049920e-01   4.7080634e-01   4.6023983e-01  -2.2379487e-01  -7.6307452e-02   4.2271479e-02  -2.5519842e-02   6.0672430e-02   1.1894925e-01  -2.5293915e-02   3.8356536e-01   2.2311337e-01  -8.4203270e-02   3.6942338e-02  -3.0864429e-02   8.9995907e-02   2.4119466e-01  -1.8382691e-01   2.2962501e-01  -3.0163346e-01   2.5533508e-01  -1.0920449e-01  -9.0188610e-02   6.5542442e-01   5.3488620e-01  -1.7629426e-01   5.6519930e-01   1.7850592e-01   1.9814539e-01  -5.5565625e-01   5.0832269e-01   1.6752702e-02   2.8747458e-01  -2.0755658e-01  -1.4582547e-01   2.6949577e-01  -5.5765125e-02   3.0228764e-01   2.4668404e-01   1.1721302e-01  -9.7467498e-02   3.6315628e-01   8.8561522e-02  -1.4769272e-02   3.0231417e-01   1.0181211e-01  -8.0250065e-02   1.8091908e-01   4.0995564e-01  -2.5282975e-01  -2.5639338e-01   3.0566211e-01   4.4957397e-02  -3.2972189e-01  -2.4401541e-01   3.6167942e-01  -8.2380390e-02   2.8306974e-01  -2.6604024e-01   2.5263774e-01   1.9339518e-01  -1.0628793e-01   2.8881881e-01   1.8262214e-01  -2.0802517e-01   2.6702951e-01   1.1825081e-01  -1.9878915e-01  -2.6748339e-01  -2.1426422e-01  -1.0536791e-01  -2.8075313e-01  -2.8164009e-01   2.9393421e-01  -5.3230815e-03  -3.5133308e-01   3.4191050e-01   2.3059470e-01   1.4255679e-01   1.4854255e-01  -1.1843869e-01  -5.4446227e-02   4.9621084e-01  -1.9720614e-01   4.2520478e-01   3.5272861e-01  -2.2830986e-01   3.6191936e-01   2.2968020e-01   3.6005366e-01  -1.3600980e-01   3.5379565e-01   2.2353202e-01  -1.7107950e-01  -2.1891424e-02  -7.6061778e-02   3.5048617e-01   3.8482635e-02   5.0817627e-03   8.6454300e-02  -3.0507690e-01  -3.2809452e-01  -2.0341245e-01   3.9914468e-01  -2.6235122e-01   1.5511438e-02   1.3355750e-01  -6.9803037e-02   3.2337724e-01  -1.9221104e-01   1.2544718e-01   4.9631193e-01   2.7402094e-02   4.1201325e-01   1.1479279e-01   2.9377975e-01   4.8269504e-02   5.9490778e-01   6.6206821e-02  -5.7278085e-02  -1.7089441e-01  -1.0837243e-01   4.3606584e-01   4.2245856e-02   4.6448552e-01   6.6985256e-01  -2.8348256e-01   3.0894143e-01   2.6414327e-01   3.2946641e-01  -2.8058996e-01   6.2751357e-01  -3.0448630e-01   5.2409972e-01  -2.2483073e-01  -2.4038297e-01  -9.4456260e-02   2.2395346e-01  -1.7267415e-01   2.5144526e-01   2.7118111e-01   7.6952195e-01  -1.3894596e-01   4.6748122e-01   2.1283517e-01  -1.3576912e-01   3.6026679e-01  -2.2655410e-02  -2.6995932e-01  -1.6939103e-02  -9.4134930e-02  -1.2727660e-01   5.0226752e-01   7.9316461e-02  -5.5188871e-02   3.2832686e-02   2.1761953e-01
  -2.8930101e-01   6.8919040e-01   5.3124959e-01  -2.0082361e-01   1.9883582e-01   1.1257179e-01   6.3683503e-01  -6.7370731e-02  -2.4310804e-02   4.7429912e-01  -4.0913109e-01   0.0000000e+00  -4.2752591e-02  -2.0928557e-01   7.7843075e-02   6.3411080e-02   4.3624157e-01  -3.4785326e-01   4.1976989e-02   4.2095602e-01  -4.2684079e-01  -3.9963458e-01  -1.0013196e-01  -3.3784127e-01  -1.0615494e-01  -5.0413043e-02   5.1216144e-01  -1.7946670e-01   4.5023404e-02   6.0704452e-01  -2.6035991e-01  -1.8741825e-02  -1.4041526e-01   4.7518764e-01   6.3649815e-01   1.0846201e-01  -6.0004899e-03  -3.8121027e-01  -1.3968999e-01   4.9485460e-01  -1.5625165e-01  -3.1770025e-01   4.1935294e-01  -2.6734612e-01  -2.0817340e-01  -2.7880098e-01  -2.4830810e-01   4.4528512e-01  -3.7150475e-01   4.6363439e-01  -2.9895325e-01  -1.1546298e-01   1.4688175e-01  -4.7845551e-02  -1.6178183e-01   1.1263962e-01  -1.1935182e-01  -2.9375155e-01  -2.0925632e-02   4.9702878e-01  -9.3363542e-02   1.2280440e-01   2.8557080e-01   1.1719091e-01  -9.7963771e-02   4.7376644e-01   1.4668778e-01  -1.0952551e-01   2.3451093e-03   2.3440636e-01   5.4799151e-01  -1.8483447e-01  -2.1408019e-01   4.5555055e-01   1.0210068e-01  -3.1839481e-01  -2.2950603e-01   1.8024892e-01   2.3117146e-01  -5.5495671e-02  -4.6343630e-02  -1.7314441e-01   2.8548211e-01   8.0428260e-03  -2.1153971e-01  -2.5518499e-01   4.5099543e-02  -4.2176547e-01   1.7859030e-01  -2.2951183e-01   2.6570349e-01   1.5287077e-01   5.5646450e-01   7.7693457e-02  -2.9283842e-01   3.9876325e-01  -1.6755538e-01  -3.7022962e-02  -1.4716826e-02   2.6564628e-01  -1.0310089e-01   6.0333156e-01  -1.9779632e-01   5.3197688e-01  -1.7027649e-01  -1.6305897e-02   2.8965238e-02  -3.4032134e-02   5.5973182e-03  -1.4725754e-01   5.0153270e-01  -6.0734316e-02  -1.8743700e-02  -3.1771803e-01   7.5861203e-02   2.1056522e-01  -1.3082946e-02   1.3876695e-01  -1.3778518e-01  -1.4761752e-01  -2.9309342e-01   4.4481509e-01   3.3382653e-01  -2.3385923e-01  -3.0710782e-01   3.6738182e-01   2.2019118e-01  -9.7349112e-02  -2.7911610e-01   1.4425303e-01  -2.4349536e-01   2.3396323e-01  -1.7428500e-01  -1.2743492e-01   1.6243352e-01  -6.0291211e-02   1.4863693e-01  -1.8940098e-01  -1.9129769e-01  -3.8276845e-01  -2.1614022e-01  -7.6405949e-03  -4.1114780e-02  -9.2252288e-02  -1.9525906e-01  -3.6679031e-01   7.1185087e-01  -1.8180702e-01   2.3026123e-02   4.9540216e-03   2.8906540e-01  -2.4005619e-01  -3.0044956e-01  -1.7979188e-01   6.4340099e-01  -3.3737951e-01  -2.1768151e-01   2.7327821e-02   6.3760926e-02  -1.0719416e-01   1.1850251e-01  -3.4469413e-01   4.6145217e-01  -1.2486839e-01  -1.5048683e-01   6.0971117e-01   7.8410190e-02  -2.0784467e-01  -9.5874391e-02   4.3044547e-01   5.7185622e-01  -2.3059192e-01  -4.2276749e-01  -1.4485627e-02   6.6626852e-02  -8.5946329e-02  -1.9957690e-01
  -1.3774582e-01   9.8970142e-02  -6.9593807e-02  -1.4253612e-02   1.4264811e-01  -1.6466092e-01  -1.3106780e-01   9.3461190e-02   8.3427970e-02   4.4074276e-02  -1.2709986e-01  -4.2752591e-02   0.0000000e+00  -1.3493592e-01  -6.3240625e-02   2.4292344e-01   7.7294597e-03  -5.3342112e-02  -2.6484824e-01   1.4980668e-01  -7.9542096e-02  -4.0678960e-02  -3.1964519e-02   4.3056219e-02   1.8396198e-01   9.0831653e-02  -1.1517055e-01  -8.4609796e-02  -5.9062168e-02  -1.9340481e-01  -6.3066315e-02   1.4041591e-01   7.6922719e-02  -1.2306243e-01   1.6597676e-02   7.3709058e-02  -1.2414410e-01  -1.6968831e-01   3.5437683e-01   1.0075011e-01   5.7670012e-01   8.5336657e-02   1.4794063e-01   1.4021131e-02   4.9308690e-02  -1.2681423e-01  -1.2478746e-01  -2.0197397e-01  -6.7186054e-03   8.3168775e-02  -4.7619380e-02   2.5600899e-01  -8.6777869e-02   8.6918816e-02  -7.6229673e-02  -5.8909053e-02  -1.0722098e-01   1.2098164e-01   1.6847998e-01  -8.5551919e-02  -1.3516216e-01   9.7332891e-02   2.3470625e-02   1.3458509e-01   1.6675868e-02  -1.2944108e-01  -1.5491600e-01  -4.5542175e-02  -1.4648895e-01  -1.0185399e-01  -2.2492088e-02  -1.4930790e-02   5.0211419e-01  -1.1156935e-01   1.8089275e-01   4.5507752e-02  -1.8519891e-01  -1.5607456e-01   1.9618650e-01   3.4411754e-01   2.0882134e-01   4.0680451e-01  -3.6548247e-02  -2.7504766e-02  -1.9672393e-01   1.0683267e-01  -1.5039036e-01   5.8083937e-02   1.7025720e-01  -1.3725278e-01   2.3737493e-01  -1.0689127e-01  -4.3135505e-03   1.0205627e-01  -2.2287061e-01   1.8834514e-01   2.2189500e-01  -6.7564479e-02   2.5715821e-01   1.2843603e-01  -2.8075637e-01   5.9427872e-02  -1.8165999e-01  -2.8179416e-03   9.4363709e-02   3.0326568e-02   2.8533822e-02   2.9877755e-02   6.8170944e-02  -1.8700767e-01   6.3718086e-02  -9.2649958e-02   2.3981213e-02  -1.3689383e-01  -5.7849039e-02   3.2722252e-02  -3.2161470e-02   6.2179422e-01  -1.4067147e-01   7.9220319e-02  -1.6603405e-01   1.6463200e-01   1.7784321e-01  -7.2287092e-03  -5.2885232e-02   3.0461846e-02  -3.9527206e-02   3.5027855e-01   1.4666603e-01  -2.4205497e-01   5.8523723e-01  -1.5207743e-01  -8.2527985e-02  -9.4008478e-02   3.2926968e-02  -5.4148026e-02   3.7039084e-01  -1.6769484e-01   1.8488240e-01  -1.6156659e-01  -9.1086123e-02   3.8708869e-01  -7.0891488e-03  -1.7098141e-01  -2.3460542e-02  -1.4792785e-01   2.1084459e-02  -8.5376950e-02  -6.0090501e-02  -6.2272743e-02   1.5093427e-02  -1.1997470e-01  -7.4802012e-02   1.0154135e-01  -1.2853283e-01  -3.6559510e-02  -2.2364690e-01   3.0208326e-01  -3.8254456e-02   7.4905539e-02   2.6499985e-02  -1.4158888e-01   7.9998264e-03  -1.0232854e-02   2.0462250e-01   1.8361090e-01   6.2477474e-02  -1.2630750e-01   6.4407619e-03  -2.3191001e-02  -4.5142195e-02  -1.9071128e-01   1.5228690e-02  -2.2989471e-01   2.1574285e-01   2.9021139e-02   4.8975988e-02
   4.9790028e-01  -3.9068709e-01  -1.9476168e-01   1.3373315e-01  -2.2704638e-01   2.5808750e-01  -4.2212817e-02  -1.8348991e-01  -3.9831458e-01  -2.0661294e-01  -8.0744970e-02  -2.0928557e-01  -1.3493592e-01   0.0000000e+00   3.0264687e-01   8.0792858e-02  -3.4254798e-01   5.4162361e-02  -1.0361789e-01  -2.8203698e-01   1.4764422e-01  -3.0351395e-02  -4.5725481e-02   6.7958698e-01   1.2671569e-01  -2.0769409e-01  -1.8314495e-01   3.1865200e-01   1.2278518e-01  -2.8590054e-01  -4.9573124e-03  -1.5804294e-01  -8.8076802e-02  -1.5125928e-01  -1.3466498e-01  -3.1108100e-01  -1.3786249e-01   1.6197013e-01   1.3802628e-01  -5.4502108e-01  -1.6239827e-01   6.0258734e-02  -1.2506313e-01   7.4227355e-02   8.0270875e-02   1.7378815e-01   1.5627998e-01  -3.2640738e-01   1.7911762e-01  -3.7903219e-01   1.7884746e-01  -9.3500413e-02  -2.5951389e-01   2.9079343e-01   4.8248207e-01   2.5518717e-01   7.7326995e-02  -2.1631885e-01  -5.9355112e-02  -1.1447998e-01   1.5235882e-01  -1.9334026e-01  -2.6127573e-01   1.2991896e-01  -7.1261637e-02   5.6134686e-02   2.3696105e-01  -4.6055618e-02   2.7880909e-01   1.9822927e-01  -4.9760693e-01   2.2445004e-02  -4.0762188e-02   3.7035353e-01  -1.5388741e-01  -9.1781235e-02   1.8482955e-01   2.5453501e-01  -2.6606089e-01  -1.9752515e-01   2.6269603e-02  -8.4534859e-02  -2.6603404e-01   3.9701730e-02   7.6591516e-01  -6.1893048e-03   4.3883220e-01   4.6035998e-01  -3.7658166e-01   7.8806615e-01  -5.1398944e-01   4.8082164e-02  -2.6514394e-01  -3.8305292e-01  -3.7874144e-02  -3.4371032e-01   6.5373345e-02  -1.6657301e-01  -5.5178453e-03  -1.6282647e-02   5.4032481e-01  -1.8420231e-01   2.7821847e-01  -4.0847240e-01   1.3532627e-01  -2.2547953e-01   3.2775116e-01  -1.4261762e-01  -1.8650118e-01   2.7543057e-01  -2.4966778e-01   2.7842769e-01  -7.3581095e-02   2.0836317e-01  -2.0423472e-02  -3.2949379e-01   3.7687045e-01  -1.9946216e-01   3.8668532e-01   1.6072508e-01   2.7458232e-01  -2.9058509e-01  -1.4734807e-01  -1.8704986e-01   4.1135987e-01   3.6676579e-01   2.3458767e-01  -2.7152134e-01  -3.0184276e-01   2.1761771e-01  -4.5002794e-02  -3.0152036e-01   8.1663124e-01  -4.0203781e-01  -8.9703142e-02   5.7546876e-02  -5.4088336e-02  -1.6906045e-01  -2.1410459e-01   3.7049938e-02   3.3535857e-01  -8.6075567e-02   5.0169888e-02   5.3692040e-01   2.0123671e-01   2.8527976e-01  -2.7247817e-01  -7.0349875e-02  -3.1864524e-02  -2.4676477e-01   1.7709249e-01   1.1384180e-01   3.3981385e-01  -4.4133815e-01  -2.8330828e-01   4.4313290e-01   1.6848953e-01  -4.3062351e-02  -1.6191812e-01   1.4789543e-01   2.5265747e-02   5.9445147e-02  -2.9609535e-01   1.8930734e-01  -1.8683387e-01  -3.2041338e-01  -3.6785933e-01   4.2190547e-01   3.4095723e-01  -3.2320377e-01  -2.5114363e-01   1.1427374e-02  -2.8109854e-02   2.9045309e-01   1.7298283e-01  -4.6137363e-02  -1.7880446e-01
