   0.0000000e+00  -1.0017572e-01   5.5653704e-01  -1.6881899e-01  -4.9426550e-01   2.6811084e-01  -1.9286266e-01   1.4720482e-01   3.5823232e-03   5.9935465e-02   2.4174405e-01  -2.3412070e-01  -2.9722691e-01   4.0669236e-01  -1.1970591e-01  -4.6498595e-01   5.1097741e-01  -2.6180549e-01   2.2474035e-01  -5.4628531e-01  -1.0440098e-01   1.9044961e-01   1.1098992e-01   3.5616805e-01   8.8942172e-02   1.5067165e-01  -1.9050796e-01   3.4115104e-01  -5.5464779e-02   1.1617040e-01  -1.3554134e-01  -1.3909926e-01  -3.9947690e-01  -1.7139898e-01  -3.6969176e-01  -4.2240253e-01  -2.9310785e-01   8.9837484e-02  -4.0887655e-01  -1.4133138e-01  -4.2687252e-01  -3.4375559e-01  -6.3315627e-01   6.3293436e-03  -5.7002288e-01   6.7517440e-01  -7.5530132e-02  -2.4365698e-01  -5.7516767e-01  -6.2710438e-02  -3.5858594e-01   3.7179342e-01  -4.0437025e-01  -3.7175369e-01  -2.0234434e-01   6.6517193e-02   3.4838247e-01   1.0920963e-01  -4.3483576e-01  -1.3178460e-01   6.7290395e-01  -4.5415357e-01  -1.2825277e-01  -2.1546738e-01  -3.3653647e-01   8.8044688e-02   1.2656351e-01  -3.3555530e-01   2.9941990e-02   6.7283361e-01  -2.2510171e-01  -3.3849199e-01  -5.1308756e-01   5.3367188e-01  -2.7821715e-01  -4.4421211e-02   5.4619260e-01  -1.1957912e-02  -2.7621370e-01  -1.6852908e-01   7.5484995e-02  -4.5928712e-01  -2.9672601e-01   1.6202199e-01   3.3560585e-01  -7.0061833e-03  -1.9397305e-02   1.9337370e-02  -3.3369459e-01   3.9719812e-01   5.4070622e-02   5.6196914e-01  -1.7023017e-01  -3.2116090e-01   2.8404218e-01   6.0627630e-02  -5.0351425e-01   8.8264023e-02  -5.6686269e-01  -2.4883240e-01   9.0279889e-03  -4.5322745e-02   1.7354911e-01   2.7482216e-01  -2.6216175e-02   1.1081149e-02   1.3307157e-01  -2.7821081e-02  -4.9545031e-01  -3.1409793e-01  -1.0624910e-01   4.2139941e-02  -8.3448776e-02   5.1417847e-01   2.9316719e-01  -2.2616809e-01  -1.8123162e-01  -3.7010365e-01   2.6531310e-01  -3.9514363e-01   4.8533439e-01  -3.0354059e-01  -5.4707837e-01  -3.3900696e-01   5.1177195e-01   1.6460154e-01  -2.4789454e-01   7.2905922e-02   7.7450317e-02   5.8455323e-01  -4.2632014e-01  -1.5298835e-01   5.4212039e-01  -9.2373489e-02  -3.9918376e-01   1.0167016e-01  -2.4694207e-01  -1.8252808e-01   2.5789964e-01   3.7599377e-01   6.4982783e-01  -2.2132695e-01   1.6488377e-01   2.1290793e-01  -3.2090451e-01  -3.9276348e-01  -5.8229620e-02   8.7449416e-02   9.9525324e-03  -2.8719535e-01   4.1336369e-01  -9.1573413e-02   2.7181297e-01   7.8996571e-02  -3.2080149e-02   1.2372173e-01   7.1509000e-01  -5.0217540e-01   6.2765749e-01   4.1770103e-02  -2.1275891e-01  -2.7385782e-02   4.1817874e-02  -1.9780217e-01   9.5955994e-02  -2.4898342e-01   3.1910902e-02   4.9871974e-01   4.7306028e-01  -4.3294856e-01  -4.8516355e-02  -7.4488048e-02  -9.1281219e-02   4.2166340e-01  -2.0609870e-01  -7.2248005e-02   2.9531684e-01
  -1.0017572e-01   0.0000000e+00   1.7392902e-01  -4.8432296e-02   3.1048000e-01   1.8525326e-02   2.8359615e-02  -1.6209014e-01   2.9529424e-01  -1.0904143e-01  -2.3864397e-01   3.8953249e-01  -1.9373293e-01   1.1317835e-01  -2.5217925e-02  -4.7698300e-02   1.3448014e-01  -3.1360219e-01   8.9210537e-02   1.3979255e-01  -3.0101127e-01  -2.2548508e-02  -5.8210451e-01  -5.6430465e-02  -1.4266416e-01   2.0607818e-01   5.2024210e-01  -8.9382998e-02  -1.4421764e-02   1.2921271e-01  -2.7868765e-02  -1.8220590e-01   1.1419522e-01   3.3100279e-01   3.0519500e-01   4.1088762e-02   3.0602864e-01   1.1371623e-01   9.2895306e-02   3.8087711e-01  -2.3172775e-01  -9.8906849e-02   5.5167637e-02  -3.0568134e-02  -1.2054242e-01  -2.6330433e-02  -2.7461339e-01   3.0140739e-01  -1.6532794e-01   3.3742424e-01  -3.9306482e-01   4.3413804e-02   4.9349870e-01  -3.1438146e-01  -2.4688632e-02  -2.8016151e-01  -1.0556682e-01  -9.0772805e-03  -1.9546621e-01   2.2344600e-01  -3.9745368e-03  -3.2994026e-01   2.9910662e-01   6.3261712e-02   8.0387818e-02  -3.3367301e-01   2.2775595e-01   1.4430642e-01  -9.2246186e-02   9.4744630e-02   7.1280768e-01  -2.6301704e-01   3.1188080e-03  -5.3386906e-02  -2.1100413e-01   1.1835286e-01   2.2782111e-02   6.5821735e-02   4.9594976e-01  -2.6663237e-01  -1.0718260e-01  -5.7603260e-02   3.6747672e-01   9.4250306e-02  -8.6593922e-03   2.1769906e-02   6.0442386e-01  -1.7239173e-01   1.6402928e-01  -6.8617673e-02   3.5264854e-01  -7.4374673e-02   2.2337301e-01   9.1805161e-02  -3.6601867e-02   2.7619665e-01  -1.5872572e-01   2.3382787e-01  -1.4806556e-01  -3.8505703e-01   2.0074323e-01  -7.2960168e-02  -9.2765486e-02  -1.4317419e-02  -2.1843137e-01   7.2945571e-02  -1.7493213e-02   6.9649321e-02  -1.9581799e-01  -1.4904549e-02   3.2910313e-02  -2.3949330e-01  -2.9351618e-01  -1.2961982e-01  -5.9682184e-02   5.6096296e-01   1.3531395e-03  -2.2472395e-01   1.8111226e-01  -2.9435409e-01  -1.1297188e-01   2.5300544e-01  -9.0206847e-02   8.1924034e-02   2.6425130e-03   1.3136990e-01  -3.4774104e-01   2.2627276e-02   9.2921149e-02   2.3916597e-01  -1.2310374e-01   6.8577061e-02   2.8270214e-01  -1.9468824e-01  -8.6863910e-02   9.0203309e-03  -1.3092535e-01   2.5108212e-01  -3.1369815e-02  -1.1852113e-01  -1.4620969e-02   5.1982749e-02   2.3196822e-02   2.4949668e-01  -3.5532340e-01   2.4414603e-01  -1.2409066e-01   1.3143996e-02  -3.5510184e-01  -7.4153365e-02  -2.1059667e-02  -2.7047901e-01  -1.7322704e-01   2.4716131e-02   6.3161078e-01   9.5085573e-02  -9.5986236e-03  -3.0924185e-01  -1.5325141e-01  -1.6221905e-01   1.4304179e-01  -1.4970127e-01   2.7888277e-02  -6.7933066e-02  -1.8587070e-02   5.9903865e-01  -2.7963632e-02  -5.5704070e-02  -9.3221784e-02   2.0256252e-01   1.6284391e-01  -4.0153671e-02   1.9286588e-01   2.1668944e-01   2.2975649e-02  -5.3441498e-02   7.4031832e-02
   5.5653704e-01   1.7392902e-01   0.0000000e+00   6.4373122e-03  -8.4196484e-02   4.3162122e-01  -3.6170393e-01   1.2778903e-01  -1.7148003e-02  -2.4377300e-01  -1.0885410e-01   8.6088948e-02  -3.2131370e-01   9.1122905e-02  -1.8347459e-01  -3.4794956e-01   9.0922708e-01  -5.0499630e-01   2.3300256e-01  -2.6182839e-01  -1.9097273e-01   2.9054010e-01  -2.3129603e-01   1.5105884e-02   1.1952786e-01  -5.5408501e-03  -2.7604185e-02   8.8181605e-02  -7.6626380e-02   1.7116291e-02  -3.9086693e-01   1.2387681e-01  -1.1517699e-01  -1.0161885e-01  -1.9570159e-01  -1.9605731e-01  -2.0018090e-01  -1.5079575e-01  -2.3730221e-01   1.6414782e-01  -4.2664448e-01  -6.5493319e-02  -3.6082585e-01  -1.1009937e-01  -5.7295644e-01   6.6460591e-01  -1.9578254e-01  -2.2479965e-01  -5.3786707e-01   4.9029052e-01  -5.2368969e-01   3.6066040e-01  -1.8280641e-01  -8.0378861e-02  -1.0145966e-01  -1.5317553e-01   4.3843904e-01   3.8649889e-01  -5.0509674e-01  -4.7929787e-02   7.7960885e-01  -4.6329675e-01   2.7030365e-02  -1.8347012e-01  -4.5053144e-01  -9.1216522e-02   4.4535358e-01  -3.4887633e-01   7.2537995e-02   7.9712025e-01   1.0223742e-01  -4.2284387e-01  -4.3931922e-01   4.5589198e-01  -2.3558501e-01   1.1887088e-01   6.1076808e-01  -2.2569562e-01  -3.8850236e-02  -3.0886273e-01  -2.6258885e-01  -3.0205246e-01  -1.6557509e-02   1.8858695e-02   5.6299947e-01   1.6040284e-01   6.8581201e-02  -2.7083424e-01  -3.5141697e-01   1.9932998e-01   1.2517272e-01   8.3617127e-01   2.0297752e-02  -1.0723692e-01   6.7060567e-02   1.6178318e-01  -4.0723650e-01   3.4616548e-02  -6.4298344e-01  -5.6190088e-01   1.2737341e-01  -7.9158388e-02  -1.2604383e-02   1.0639234e-01  -5.9147184e-02   2.9612043e-01   3.6421888e-01  -7.6634447e-02  -4.8520053e-01  -1.5886639e-02  -9.6338854e-02  -6.2708712e-02  -2.9104781e-01   7.6363605e-02   1.8747028e-01   8.6932555e-02  -2.5713733e-01  -3.6318905e-01   4.1279885e-01  -3.4596884e-01   5.1218231e-01  -7.1919411e-02  -4.4759729e-01  -5.3730950e-01   2.4068606e-01   3.5669733e-02  -4.3169551e-01   1.2781321e-01   2.9633154e-01   7.5949745e-01  -3.3854308e-01  -2.8125290e-01   5.2116152e-01  -1.8924339e-01  -1.9369105e-01   1.5009680e-01  -1.0133270e-01  -2.8371992e-01   2.7064825e-01   1.4223082e-01   3.8284134e-01   6.4432665e-02   1.6481281e-01   2.9534423e-01  -4.5816587e-01  -3.0056330e-01   1.3676574e-02  -1.3811026e-02  -9.2574997e-02  -5.3005358e-01   1.7728514e-01  -4.0527301e-01   3.6456777e-01  -1.8065364e-01   3.4059935e-01  -1.6716975e-01   5.7382014e-01  -5.4174977e-01   7.7848447e-01  -3.6653285e-01  -2.8539642e-01  -3.1662632e-01  -2.6023223e-01  -3.5194448e-01   3.8207951e-01  -2.3744841e-02  -2.7992134e-01   3.8982546e-01   4.9136685e-01  -1.3923610e-01  -5.2518107e-02  -8.2551785e-02  -3.4899869e-01   5.6433055e-01   4.2236723e-02   2.6386339e-01   4.7036238e-01
  -1.6881899e-01  -4.8432296e-02   6.4373122e-03   0.0000000e+00  -3.8690706e-04   2.1412715e-01  -8.0214112e-02   2.0049950e-01   5.7493275e-02  -6.5066873e-02  -2.0400261e-02   1.1506119e-01  -4.3577838e-02  -7.7976700e-02   4.3463617e-02   9.1660663e-02  -5.8764865e-02   1.0591420e-01   1.8309327e-01  -4.9551551e-02   3.1192518e-02   3.4804668e-01   5.6866691e-03   1.5211871e-02   2.2647824e-01   1.2919137e-01   1.5627657e-01  -1.4858431e-01  -4.2558025e-02   1.2375680e-01  -1.4742109e-01   3.6783814e-01   2.9658844e-01  -4.7192639e-02   8.5073844e-02   8.4072575e-03  -2.9804029e-02  -1.9576636e-01   1.4609512e-01  -3.3478760e-02  -7.9852427e-02   2.7396714e-01   1.0268822e-01  -1.6193339e-01   7.2730226e-02  -7.0567982e-02   3.0589012e-01  -3.5110334e-01   5.4805660e-02   1.8038521e-02   1.6452012e-01   1.1122752e-01  -1.3502315e-02   7.4487623e-02  -1.2037538e-01  -3.3984192e-03   1.0634793e-01   3.8137396e-01   2.6106313e-01   2.7005894e-01  -3.6705126e-02   6.7784937e-02   1.8696514e-01  -7.1717493e-02   2.7404187e-01   5.6610802e-02   1.2857997e-01  -6.9333205e-02   3.2616268e-01  -4.8747163e-02  -1.2448531e-01   2.7395564e-01  -7.3766811e-02   1.0433542e-01   2.2542331e-01   1.3596042e-01  -7.5879635e-02   7.5767590e-02   2.1906912e-02   2.6154483e-01  -1.9404738e-01   1.6438073e-02  -1.6318248e-01   6.9851055e-02  -2.3015756e-02   1.3925056e-01  -3.9305658e-02  -8.7874387e-02  -4.1874476e-02  -1.7882777e-01  -7.1322144e-02   6.8389661e-02  -1.6808755e-01   1.5975087e-01  -1.0180096e-01  -1.5958156e-01   1.4228165e-01   1.4081189e-01   1.6299191e-01  -9.3174003e-02  -1.1273077e-01  -8.6894783e-02   1.3740451e-01   1.8606946e-01   3.5056394e-01   2.7545120e-01  -7.8051738e-02   1.2344605e-01  -4.1883091e-02  -1.4870710e-01  -1.0178563e-01   3.0793243e-01   4.0246960e-01  -8.0677906e-02   6.8145169e-03   2.3817451e-02   2.1774941e-02  -3.5040207e-02  -4.5109538e-02   4.9497618e-01   8.3595919e-02  -6.4045954e-02   1.0151339e-01   9.7410145e-02  -8.5623876e-02   1.0302895e-01   5.1159900e-02  -5.9135316e-03   3.2775016e-01  -6.2286334e-02  -2.8186762e-02  -8.4768842e-02   1.0648561e-01  -3.1884828e-01   3.3591348e-01   1.2604327e-01   1.7546817e-01  -1.8326709e-01   2.4279208e-01  -2.0574973e-02  -1.1110574e-01  -7.4533452e-02   1.2583055e-01  -5.0240923e-02  -2.0688433e-02   2.7436228e-02   4.7311259e-03  -3.4984975e-02  -1.6299182e-01   2.1461003e-02  -1.4605654e-01  -1.9215923e-02   8.3556528e-02  -2.5338563e-01   2.7149519e-03  -3.1714176e-02  -2.2403212e-01   2.2506153e-01  -4.8206548e-02  -4.1450726e-02   4.2815875e-02  -1.2647549e-01  -1.1350597e-01   4.3324936e-01   3.7765631e-01  -7.8953026e-02  -1.8992298e-01  -6.9019909e-02  -8.0245017e-02  -8.0120358e-02  -4.5859052e-02  -8.1312148e-02   2.7019217e-01   7.1263641e-02  -1.5322307e-02   4.9199759e-02   3.5351490e-01
  -4.9426550e-01   3.1048000e-01  -8.4196484e-02  -3.8690706e-04   0.0000000e+00  -4.5048044e-01  -2.2830851e-01  -1.5234376e-01   4.2697194e-02  -3.2531839e-01  -3.6634781e-01   2.8835381e-01   4.0277524e-01  -3.0875570e-01  -5.1876078e-02   6.4512218e-02  -1.2185828e-01   2.2852304e-02  -3.9906623e-01   8.6084607e-01  -1.8075394e-01  -3.4696081e-01  -1.8776937e-01  -3.9761034e-01   9.7902171e-02  -1.6977933e-01   2.3265845e-01  -5.3456705e-01   3.2743635e-01  -2.8514425e-01   2.3518068e-02   4.7445635e-02   1.3510743e-01   1.4649091e-01   5.4786095e-01   5.1122288e-01   3.3917171e-01  -1.9705929e-01   8.0166371e-02   2.2384352e-01   5.0993771e-01   3.6953366e-01   4.7496439e-01   1.9249025e-03   4.5249385e-01  -2.8555101e-01  -2.7407854e-01   2.0871500e-01   3.9624467e-01   3.5542053e-01   6.0677189e-02  -2.4074851e-01   3.7075721e-01   3.9611309e-01   2.3433315e-01  -3.7597913e-01  -4.9663350e-01  -1.6919525e-01   9.9179946e-02   5.6037593e-02  -3.4883415e-01   2.4213784e-01   1.8865305e-01   2.3415610e-01   2.4019085e-01  -1.9291431e-01  -5.8330295e-02   3.0524919e-01  -2.5201820e-01  -3.1853236e-01   3.5144284e-01   2.7448228e-01   4.9738268e-01  -3.4618181e-01   1.9696752e-01  -7.1941601e-02  -3.2371267e-01  -2.3809569e-05   6.6722689e-01   7.2398275e-02  -4.4571604e-01   2.8871697e-01   5.1362926e-01  -1.7932566e-01  -3.9838212e-02  -1.0510143e-01   2.1588674e-01  -1.7385153e-01   1.9786149e-01  -2.3958705e-01   4.9410183e-01  -1.5812934e-01   2.2373543e-01   4.8096999e-01  -2.9340570e-01   4.5194512e-01   3.7130010e-01  -9.9072642e-02   3.9521716e-01  -1.0607675e-01   1.0929500e-01  -2.0563777e-01  -2.1302233e-01  -3.9236615e-01  -1.8352337e-01  -1.1968626e-01   1.8768358e-01  -1.8505317e-01   2.8030304e-01   3.7216660e-01  -1.4192153e-02  -2.6861614e-01  -1.0131954e-01  -3.2762903e-01  -5.6381383e-01   5.9728512e-01  -1.1947035e-01   4.6396738e-01  -3.0384741e-01   2.8312453e-01  -3.4700076e-01   6.4864033e-01   3.2516127e-01   1.6302252e-01  -3.5279678e-01  -2.9474224e-01   2.1266837e-01   2.5664047e-01  -2.3662026e-01  -3.2682498e-01   2.4137072e-01  -3.7398086e-02  -2.0568129e-01   3.3791817e-02   4.0677713e-01  -1.6368682e-01   1.3245781e-01  -9.9124692e-02  -1.9299930e-01  -1.9576994e-01  -2.1340659e-01   5.1557308e-01  -3.2267725e-01  -3.0593116e-01   1.2440183e-01   1.4768421e-01  -1.2361820e-01   1.4160272e-01  -9.9763176e-02  -1.5477050e-01  -2.9365422e-01  -3.2782058e-01   6.4683571e-02   5.5635458e-02   2.9010849e-01  -2.1237565e-01  -4.6208862e-01   3.0227536e-01  -1.8108092e-01  -4.5242292e-01   2.8289276e-01  -1.9302580e-01  -1.8349466e-01  -5.7305962e-02  -1.6840451e-01   4.3589774e-01   3.7647990e-02  -4.1403458e-01  -1.9496532e-03   5.6000597e-01   3.9480071e-01  -1.6149654e-01   1.0600924e-01  -1.9687576e-01   1.2153727e-01   1.9344262e-01  -3.6671392e-01
   2.6811084e-01   1.8525326e-02   4.3162122e-01   2.1412715e-01  -4.5048044e-01   0.0000000e+00   2.7577149e-01   4.6358874e-02   6.2201206e-03   7.7711874e-02   3.0509623e-01   2.0436943e-01  -3.8639241e-01   1.7877974e-01   1.9225287e-01   8.5461420e-02   3.5695734e-01  -3.6040336e-02   4.6034198e-01  -4.1335584e-01   2.0795280e-02   1.7610799e-01   2.3883061e-03  -7.0734843e-02  -1.9957671e-01  -3.0982262e-02   2.0369061e-01   2.4583695e-01  -2.2097424e-01   4.5679481e-01  -2.4345791e-01   2.4099555e-04   1.2139237e-01  -8.6405112e-02  -4.1257219e-01   2.5831527e-02  -1.5940532e-01  -4.8516246e-02   1.9618094e-01   6.1981673e-02  -5.1426550e-01  -1.7030555e-01  -4.3022383e-01  -2.1560970e-01  -3.9899046e-01   4.1354091e-01   3.6414152e-01  -4.3263896e-01  -3.5535185e-01   1.4356207e-01  -2.3831412e-02   1.6403538e-01  -1.1744071e-01  -3.8431816e-01  -2.9816950e-01   3.0553554e-01   6.8465324e-01   2.3301144e-01  -1.3416847e-01   3.1167176e-01   4.6972322e-01  -1.8970331e-01  -3.3961845e-02  -2.6507965e-01  -3.1152814e-01   2.9411531e-01   6.2433191e-01  -1.6324236e-01   3.6210193e-01   4.8303946e-01  -1.7245573e-01  -2.1808942e-01  -4.4810637e-01   4.7981139e-01  -3.9801519e-01  -9.0302975e-02   4.8388740e-01   2.9254955e-02  -2.6352855e-01  -3.8247269e-01  -1.0790382e-01  -1.7119040e-01  -2.6848322e-01   7.9663514e-02   3.3586768e-01  -1.7923647e-02  -7.1626268e-03  -2.2544494e-01  -1.2704266e-02   1.5474179e-02  -1.8015939e-01   4.0238305e-01  -6.3612988e-02  -2.9971749e-01   3.2701888e-02  -2.1438249e-01  -3.2323929e-01   1.6445833e-01  -3.6076668e-01  -2.6777618e-01  -1.7783828e-01   1.7443938e-01  -1.2637584e-01   2.0090114e-01   3.9558660e-01   1.1835080e-01  -3.4424226e-02   2.9896198e-01  -4.0355927e-01  -1.3755299e-01  -1.0237369e-01   4.6955782e-01  -1.6896038e-01   1.6688432e-02   4.3387999e-01  -1.8020052e-01   2.4172454e-01  -4.5163886e-01   2.9083865e-01  -2.2038829e-01   1.9900214e-01  -3.4784578e-01  -4.0105533e-01  -2.6127872e-01   1.0612378e-01   2.6591984e-01  -2.6013000e-01  -3.7986746e-01   2.0441677e-01   5.2725830e-01  -2.1984717e-01   5.5176396e-02   5.0121325e-01  -3.4004068e-01  -2.9470471e-01  -4.8744240e-02  -2.2135180e-01  -2.9524575e-01   1.3909719e-01  -3.2160116e-02   1.7959375e-02  -6.4712299e-02   5.1512475e-01   4.1498724e-01  -1.8037160e-01  -2.7449087e-01   1.5316971e-01  -1.5921899e-02   1.3076842e-01  -2.2399094e-01   1.5932547e-01  -2.8685236e-01   8.3082650e-02  -1.8587724e-01   1.1709251e-01  -1.2842586e-02   2.8324446e-01  -3.2032661e-01   3.1998836e-01   5.9182687e-02  -1.0006521e-01  -8.0165091e-03  -1.3657814e-01   1.8798578e-01   4.2723711e-01  -5.6650176e-02   5.0418729e-02   3.9169015e-01   2.6262362e-02  -3.2774285e-01  -8.6160766e-02   3.2884189e-02  -9.6366833e-03   5.4938665e-01  -1.1471529e-01  -1.4806475e-01   3.8762517e-01
  -1.9286266e-01   2.8359615e-02  -3.6170393e-01  -8.0214112e-02  -2.2830851e-01   2.7577149e-01   0.0000000e+00  -1.2245190e-01   1.8170716e-01   6.6753587e-02   1.7422658e-01   2.7365141e-01  -5.4449152e-03   4.9133491e-02   3.5742717e-01   3.1721101e-01  -3.6276978e-01   2.2378262e-01  -3.3741847e-02   1.8719626e-02   8.2900435e-02  -1.7603133e-01   3.0991484e-01  -1.9214481e-01  -2.4806964e-01  -2.1689017e-01   1.7947593e-01   1.1063273e-01  -2.0988948e-01   4.6577698e-02   2.5857015e-01  -2.5802061e-01   6.8238653e-02   3.8929915e-01  -9.1421401e-02   2.4977266e-01   3.7780185e-01   1.1286301e-01   2.8120845e-01   1.1779384e-01  -1.3319558e-01  -1.2912024e-01   5.4067576e-04  -1.5136603e-02   9.0127119e-02  -1.8569603e-01   1.6471366e-01   1.6753413e-01   2.4939952e-01  -1.5175143e-01   2.0260761e-01  -2.0992263e-01   3.0763730e-01  -2.2495881e-01  -1.6732031e-01   2.2184184e-01  -5.4587535e-02  -2.0203760e-01   7.3476230e-02   1.3951584e-01  -1.9405182e-01   3.5413132e-01   7.1082132e-02   1.9235190e-01   4.8463525e-03   2.8161275e-01  -1.2947036e-01   2.2172240e-01  -6.9960041e-02  -2.5403202e-01  -6.3675466e-02  -5.6237209e-02  -4.4626852e-02  -2.8753631e-01  -2.4086832e-01  -2.6656560e-01  -5.9075911e-02   1.2224470e-01  -1.7537127e-01  -3.0737263e-01   3.2487543e-01   1.5663692e-01   8.0203856e-02  -9.2359856e-02  -3.6869581e-01  -1.7495708e-01   6.0312358e-02  -2.1904596e-01   4.0858688e-01  -2.2367337e-01  -3.1679033e-01  -3.1958382e-01   2.5186418e-01  -1.1210872e-02   1.2676985e-03  -2.1568893e-01   4.1630881e-02  -1.4193388e-01   4.5023929e-02   4.9652066e-01  -2.8718769e-01   2.5826218e-01  -3.1715053e-01   9.9499735e-02   1.6883941e-01  -2.6036626e-01  -2.0335630e-01   1.6492343e-01   2.8117753e-01  -6.8506409e-02   3.2941290e-01   2.1770657e-01  -1.4229364e-01  -1.1542565e-01   1.9826856e-01  -9.3630544e-02   1.2576498e-01  -1.0604861e-01  -1.8148391e-01  -1.5460380e-01  -2.8214405e-01  -1.3604319e-02   6.6187147e-02   1.5932380e-01  -1.7624748e-01   3.4875888e-02   5.1777930e-02  -3.1545944e-01  -1.6433613e-01  -2.4228302e-01   1.5899893e-01   5.1237973e-01  -1.1951630e-01   1.5099619e-01  -1.5383591e-01  -1.0317481e-01  -2.9008092e-02   2.8201348e-01  -1.3664073e-01  -1.9578247e-01  -2.6338586e-01   1.2681937e-01   6.2806498e-02   1.1337423e-01   4.5385248e-01   5.1994436e-02   4.3020083e-01  -8.9310263e-02   4.6483927e-01   2.9364997e-01  -1.0065090e-01   1.4205656e-01  -2.5435367e-01   1.6625853e-01  -9.4754746e-02   3.3978291e-02  -1.5100588e-01  -7.4306340e-02  -3.4950062e-01   4.6810466e-01   1.5252663e-01   1.9579506e-01  -1.5441395e-02   1.5411251e-01  -1.3561472e-01   2.7564784e-01   4.1391888e-01  -2.3006678e-01  -3.8923750e-01   8.0248076e-02   1.6012053e-02   2.1358117e-01   1.5676196e-01  -1.6660995e-01   3.9664280e-02  -4.1681601e-01  -1.4260606e-01
   1.4720482e-01  -1.6209014e-01   1.2778903e-01   2.0049950e-01  -1.5234376e-01   4.6358874e-02  -1.2245190e-01   0.0000000e+00  -1.3538434e-01  -7.4466640e-02   9.3533123e-02  -1.5449127e-01   2.8968192e-02  -2.6218640e-01  -2.7242279e-01   6.5567784e-02   1.3036708e-01   1.4110216e-01   3.2360274e-01  -1.8817809e-01  -1.2415190e-02   3.4050700e-01   1.4930824e-01   1.7496663e-01   1.5811518e-01   1.9398713e-01  -1.6691756e-01  -1.5510492e-01   5.8987228e-02   6.8363678e-03  -1.1801284e-01   2.4985774e-01   6.1690633e-02  -4.7711389e-01  -1.7297157e-01  -1.7141982e-01  -2.2726005e-01  -2.2161244e-01  -3.6794990e-02  -2.6327814e-01   2.0735359e-02   1.0600062e-01   1.2704102e-01   2.5270751e-01  -7.7102291e-03   1.6260793e-01   1.7079728e-01  -1.9607151e-01   3.7611837e-02  -2.1038988e-01   1.6809185e-01   2.1168490e-01   4.2638884e-02   2.5364346e-01  -1.6872646e-01  -1.0972926e-01   2.3155297e-01   4.2640249e-01   3.6931194e-01  -7.3627290e-02   1.4373178e-01   9.8292366e-02  -6.2503754e-03   2.5367084e-01   1.2528272e-01   1.3670886e-01   5.4128115e-02  -1.3901962e-01   3.1143917e-01   1.2463493e-01  -2.0379493e-01   1.7244750e-01  -1.6914001e-02   1.3699052e-01   2.7880536e-01   2.0497578e-01   7.4328950e-02   9.2002129e-02  -2.0881926e-01   3.3090511e-01  -1.9783414e-01   1.3029557e-01  -7.5807679e-03   4.6631931e-01   3.7840145e-02   1.5494881e-01  -2.0315127e-01   7.0740340e-02  -1.1187015e-01  -3.5530773e-03  -1.2216400e-01   1.9160940e-01  -5.0157312e-01  -9.6561090e-02   5.8436656e-02  -9.1502822e-02  -3.2056283e-02   2.6918993e-01   7.1289398e-02  -4.2834639e-03  -9.9072501e-04  -4.6938548e-01   3.4005483e-01   1.2393021e-01   2.6449589e-01   3.4041484e-01   6.5073880e-02   2.2004425e-01  -7.4843181e-02  -1.9391768e-01  -3.9798273e-01   2.0001502e-01   1.4173958e-01   8.5662720e-02  -1.1769169e-01  -1.4657597e-02   2.0444038e-02   2.4026350e-01   6.8219739e-02   2.2517051e-01   2.4532120e-01  -2.0965454e-01   2.5032293e-01  -1.9109517e-01   1.0593867e-01   1.0800829e-01   3.8177279e-02   5.9534197e-02   1.9458361e-01   1.2370716e-01   1.3786150e-01  -6.1803106e-02   3.8318421e-02  -1.5364322e-01   1.9325056e-01   5.8889093e-01  -2.4515507e-02  -3.9527533e-02   3.5919523e-01   8.4752155e-02  -9.4408380e-02  -2.2011456e-01   5.8852983e-02  -1.8949997e-01  -2.7258819e-01  -2.5652752e-01  -8.2449023e-02  -8.5770621e-02  -1.1708315e-01  -9.4531584e-02   1.7244854e-01   2.8227614e-01   2.9705714e-01  -2.0354679e-01  -2.9043545e-01  -6.5850578e-02   4.5054595e-02   1.9438866e-01   2.2009349e-01  -1.8380370e-01   1.1256900e-01  -1.2567728e-02  -1.7947223e-01   1.1263044e-01   3.7215595e-01  -3.0737495e-01  -2.0639014e-01   8.8143703e-02   9.7979409e-02  -5.9341544e-02  -9.8362364e-02  -1.0425975e-01  -9.2572562e-02  -1.3526377e-01   7.4372402e-03   7.3906836e-02   2.6969173e-01
   3.5823232e-03   2.9529424e-01  -1.7148003e-02   5.7493275e-02   4.2697194e-02   6.2201206e-03   1.8170716e-01  -1.3538434e-01   0.0000000e+00  -1.3216242e-01   4.0034046e-02   1.1686184e-01   1.6669944e-01   3.0964679e-01   5.5545006e-03  -2.2340292e-01  -6.2418341e-02  -5.1552780e-02  -2.6039744e-02   5.1453323e-02  -3.2346456e-01   1.1002901e-01   4.8666674e-03  -2.0915828e-01  -1.6529316e-03  -1.4846381e-01   7.5500252e-02  -2.6654264e-01  -1.5972914e-01  -1.1900239e-01   4.8478480e-02  -9.0543238e-02  -5.6139596e-02   2.7499968e-01   5.6751100e-02  -1.0965682e-02   1.9683341e-01  -7.9026642e-02  -4.7963424e-02  -1.0793597e-02   4.8925201e-02  -2.3343366e-01  -2.9707068e-02   5.7862078e-02  -8.1982331e-02  -3.5154490e-02  -1.0984504e-01  -2.8228398e-02  -1.1550947e-01  -7.2020432e-04  -1.5333979e-01   2.1267556e-01   1.8932668e-01  -2.3114537e-01   8.6298665e-04  -1.7072203e-01  -9.1821507e-02   1.2602012e-01   1.5453440e-02   3.5101214e-01  -1.1083807e-02   3.1503803e-02   4.0424965e-01   6.6896176e-02  -5.5157587e-03   7.5809370e-02  -1.5395390e-01   4.2901016e-01   1.6912345e-02  -1.1494942e-01  -5.0389673e-02  -1.7461608e-01  -6.8551955e-02  -2.6895303e-01  -1.8947919e-01  -6.9356026e-02  -9.9518554e-02   1.6206854e-01   1.8707394e-01  -4.5302201e-02  -6.2272369e-02  -6.3232324e-02  -4.4241102e-02  -8.9503117e-02  -4.2499979e-01   8.1924846e-03   5.3269932e-01  -3.0976700e-01   1.8554340e-01  -2.8931664e-01   4.6727401e-02  -8.9554005e-02   6.2186903e-02   3.2063245e-01  -1.8993383e-01   8.2183588e-02   7.6129432e-02   2.0357341e-01  -1.5392523e-02  -3.5542534e-02  -3.5205916e-01   1.2807053e-01  -2.6013224e-01   5.7750593e-01  -1.7559639e-02   3.8038465e-02  -1.8099454e-02   2.4471667e-01  -4.6786574e-02  -2.6484145e-01   2.0103586e-01  -1.6576911e-01   1.8515116e-01  -1.8901064e-01  -2.1709744e-01   4.7074544e-02  -3.3847746e-02  -5.2936274e-02  -3.1461640e-01  -2.1302502e-01  -2.5788735e-01   1.1759614e-01  -1.5749561e-01   1.8330149e-01  -1.5013010e-01   7.7703739e-02  -9.4212589e-02   1.1981721e-01   8.6528299e-02  -7.7193196e-02  -9.2960564e-02   2.0815068e-01   1.3119551e-01  -2.3023197e-02  -1.5076829e-02   4.6288021e-02   3.4243838e-01   6.2548140e-02   1.1134750e-01   6.1689498e-02   1.0200234e-01   1.6510798e-01  -6.2439711e-02  -2.9872425e-02   7.8441389e-02  -2.2304795e-03  -1.7336683e-02  -2.3056278e-03   9.7651951e-02  -1.4475514e-01  -3.1693757e-01  -8.3029345e-02  -1.8268658e-01   1.7920693e-01   1.1534136e-01  -1.4322257e-01  -9.8747658e-02  -1.8038778e-02  -1.2641611e-01   2.0469433e-02  -3.8005863e-02   1.0447784e-01  -6.1343273e-02   1.5030124e-01  -9.2699151e-02   2.8564414e-01   1.9398853e-01  -1.8343198e-01  -1.3311258e-01  -1.2037354e-01   8.2642176e-02  -1.1459003e-01   4.3521104e-01   1.3680971e-02   2.7750302e-01   3.2486301e-03   2.2435969e-01
   5.9935465e-02  -1.0904143e-01  -2.4377300e-01  -6.5066873e-02  -3.2531839e-01   7.7711874e-02   6.6753587e-02  -7.4466640e-02  -1.3216242e-01   0.0000000e+00   3.2125096e-01  -1.7934825e-01  -1.5749329e-01  -1.1019383e-01   2.7261205e-01   1.2614762e-01  -1.4086950e-01   4.3282907e-01   9.1579310e-02  -1.5865249e-01  -8.2379906e-02  -6.5780730e-02  -8.8807052e-02   2.5202642e-01  -2.1164428e-01   1.9025640e-01  -1.3086721e-01   3.6788032e-01  -2.2403028e-01   2.6700528e-01  -1.1463484e-01   6.6968234e-02   6.9037621e-02  -2.2824910e-01  -1.4044366e-01  -6.7952952e-02  -1.5696401e-01   1.1580631e-01   6.6971640e-02  -2.9679187e-01   4.0548237e-03  -1.0664453e-01  -7.2231986e-02  -2.5650044e-01   2.4995228e-01  -2.2258375e-02   2.5485299e-01  -1.6706924e-01   2.8792127e-02  -2.4866268e-01   3.6879033e-01  -1.4873143e-01  -1.5627867e-01  -1.1632064e-01  -1.2473376e-01   2.1858353e-01   1.3892115e-01  -1.4551698e-01   2.9791146e-01   2.7362968e-02  -1.9412894e-02   3.7810588e-02  -1.9943211e-01  -1.6049857e-01   1.2689626e-01   1.4698991e-01  -2.1840537e-02  -3.8110856e-02  -9.2831698e-02  -3.2597594e-02  -1.7893289e-01   1.9449838e-01   2.4174361e-02   2.5018353e-01   6.3301854e-03   1.6292626e-02  -4.6212003e-02  -6.6972620e-02  -1.6372920e-01   1.1866759e-01   1.4577649e-01   5.6072359e-02  -4.8003378e-01  -6.4543382e-02  -9.5023975e-02   7.2127777e-02  -2.2120802e-01   3.1030279e-01   4.5661187e-02   2.1556682e-02  -6.5383457e-02  -9.2523675e-02  -2.1977753e-01  -1.7947915e-01  -2.5505517e-02  -1.6661698e-01   2.5305565e-02  -8.4348621e-03   2.6772606e-01   2.5007222e-01  -1.8210384e-01   1.5549782e-01   1.8438346e-03   1.2162279e-02   2.0191057e-01  -1.2340726e-02  -3.2187652e-01  -1.5495393e-01   7.7860721e-02  -1.7918946e-01  -1.4866349e-01   1.4222522e-01   3.4950782e-02   7.4133554e-02   1.6408600e-01  -3.4541422e-01  -3.2036423e-02   1.6792374e-02  -1.1526105e-01   1.5224380e-01  -3.9650364e-02  -9.6847161e-02   8.0063617e-02   1.4456086e-01   7.8564256e-02   2.7051696e-01   2.5640457e-01  -2.5016495e-01  -3.7904811e-02  -7.0399629e-02   9.3960938e-02   1.2496432e-02  -7.2606969e-02  -1.6565833e-01  -2.3821575e-02  -1.9498876e-02  -1.5484539e-01  -3.1421922e-01  -2.7879919e-02  -2.2783176e-01  -1.7309657e-01  -3.7792480e-01   2.7118077e-01  -1.7674498e-02   3.4425632e-02   9.5962159e-02  -2.2771042e-01   1.0187634e-01  -1.0120906e-01   2.8244927e-01   1.5783104e-01  -5.6461107e-02  -5.1711293e-02  -1.0556139e-01  -3.2584146e-01   9.9047065e-03  -1.6326727e-02   1.9992682e-01  -1.0186224e-01   2.0082737e-01  -8.0441164e-02   2.9904323e-01   6.7761144e-01   2.7702977e-01  -6.2591255e-02  -1.9986421e-01   1.0897871e-01   1.6477676e-01  -1.8213862e-01  -4.5136153e-01  -1.6395966e-01  -7.4987128e-02   8.8427786e-02  -1.5179010e-01  -2.1163571e-01  -1.8751739e-01  -1.3929893e-01
   2.4174405e-01  -2.3864397e-01  -1.0885410e-01  -2.0400261e-02  -3.6634781e-01   3.0509623e-01   1.7422658e-01   9.3533123e-02   4.0034046e-02   3.2125096e-01   0.0000000e+00  -2.4478176e-01  -3.4775395e-01   8.2842914e-02   2.9409306e-01   9.4999059e-02  -1.3166168e-01   5.3376022e-01   1.5800091e-01  -3.7511755e-01   2.2036887e-01   2.0214504e-01   2.2303550e-01   1.0687331e-01  -4.6782750e-02   1.1556842e-01  -1.4046055e-01   3.5466729e-01  -3.3056333e-01   3.6857712e-01   8.5882608e-02   1.5244066e-01  -9.7774060e-03  -3.2314366e-01  -5.0088411e-01  -3.8436556e-02  -2.5881106e-01  -2.7242918e-03   1.0989623e-01  -4.2747715e-01  -1.5676149e-02  -2.6134343e-01  -3.5452639e-01  -1.7195523e-02  -1.3065475e-01   1.8881044e-01   6.2547931e-01  -3.5645849e-01  -1.2843120e-01  -3.8662297e-01   3.2145778e-01   2.6059458e-01  -3.2072383e-01  -3.6324778e-01  -2.3435772e-01   5.3926160e-01   3.2422785e-01   1.2945006e-01   3.2940210e-01   5.1174544e-02   2.3235866e-01   1.2684009e-01  -1.0038508e-01  -1.0820623e-01  -1.3526575e-01   3.7667378e-01   1.6394432e-02  -1.7619354e-01   3.4041250e-01   1.8426622e-01  -4.6778272e-01   6.2704827e-02   3.0119379e-02   4.1415479e-01  -8.4439800e-02   9.7946018e-02   3.0992852e-01   2.0842165e-01  -2.3823087e-01  -1.7030509e-01   2.4266294e-01  -4.7450940e-02  -5.2056233e-01  -7.7811791e-03   2.0544676e-02   1.5538445e-02  -2.5201869e-01   1.0956294e-01   1.2979355e-01   2.8049944e-02  -3.3747916e-01   8.9340976e-02  -4.4120697e-01  -3.5602330e-01   5.1599567e-02  -3.9970154e-01  -3.2040553e-01   2.2419435e-02  -3.1349640e-02   5.7449096e-02  -3.4878252e-01   1.7939132e-01   1.2139150e-01   2.0698143e-01   5.7369855e-01   1.9618295e-01  -2.2133476e-01   1.6808510e-01  -2.9919192e-01  -2.6828956e-01  -2.8380462e-01   4.3114142e-01   2.5453223e-02   4.5506421e-02   2.1757328e-01  -4.2859996e-01   1.6141398e-01  -9.8772016e-02  -3.7739876e-02  -6.7390690e-02   2.5092973e-01  -4.3706631e-01  -4.9272774e-02   2.0062932e-01   7.5762167e-02   2.7211282e-01   1.8502192e-01  -3.4902800e-01   2.1905466e-01   4.2815642e-02   1.7582593e-01   2.9622697e-01   1.7533948e-01  -1.3355302e-01  -1.5585436e-01   2.1873559e-02  -7.9860208e-02  -2.3193066e-01   1.9676402e-01  -1.5894026e-01  -6.9433904e-02  -2.0568749e-01   6.0256272e-01   1.0868183e-01   1.9037318e-01   1.5105961e-01  -1.5091994e-01   2.0173966e-01   5.5938066e-02   1.1958473e-01   3.8095207e-01   8.3548091e-02   5.7173770e-02   8.1839448e-02  -4.0080838e-01  -1.5096316e-01   1.6910472e-01   1.2606353e-01   1.4704564e-01   4.1928235e-01   2.1254485e-02   5.1271689e-01   2.3906130e-01   5.4665207e-01   1.4163687e-01  -2.9609875e-01   3.9969419e-01   3.7626439e-01  -1.1328630e-01  -5.8839424e-01  -1.9187859e-01  -3.3136356e-02   8.5815614e-02   1.6888882e-01  -2.1556162e-01  -4.0539340e-01   4.3601896e-02
  -2.3412070e-01   3.8953249e-01   8.6088948e-02   1.1506119e-01   2.8835381e-01   2.0436943e-01   2.7365141e-01  -1.5449127e-01   1.1686184e-01  -1.7934825e-01  -2.4478176e-01   0.0000000e+00  -1.4721718e-01   1.2972728e-01   3.3324673e-01   2.7915492e-01   3.9220985e-02  -1.9767334e-01   2.5240287e-02   2.9579427e-01  -3.6157153e-01  -1.3857852e-01  -3.6227251e-01  -1.3205391e-01  -3.3446129e-01   2.9439167e-03   5.7448565e-01  -8.9744318e-02  -3.1819943e-03   4.2374219e-02   4.7591858e-02  -1.5146310e-01   3.4086980e-01   4.6904620e-01   3.2907588e-01   1.0618364e-01  -5.6104235e-03   4.3769779e-02   2.8915246e-01   6.1254751e-01  -2.8567910e-01   1.2572585e-01   2.2962694e-01   2.2309460e-02   1.2999167e-01  -2.4894732e-01  -1.1365960e-01   2.3373678e-02  -1.3443097e-01   5.9882275e-01  -1.4913054e-01  -1.3514057e-01   2.8950784e-01  -2.6601505e-03   1.2012076e-01  -6.9899753e-02   7.1895543e-03  -3.0996435e-02  -2.6733600e-02   2.5847834e-01  -2.2654491e-01  -1.5711455e-01   3.8846809e-01  -6.1445271e-02   1.8309943e-01  -3.7881406e-01   3.7465007e-01   2.1674142e-01   1.5165059e-01  -7.1967612e-02   3.4803392e-01  -2.6309420e-01  -7.9881677e-02  -6.7323511e-02  -2.9173029e-01  -7.1150793e-02  -1.0292488e-01   2.5126040e-01   4.6754006e-01  -2.8633982e-01  -1.6499165e-01   1.3900452e-01   4.0884537e-01   1.1307762e-01   8.1781401e-02  -7.1432124e-03   4.1705916e-01  -1.8159672e-01   3.1442487e-01  -2.2661414e-01   1.6209054e-01  -1.1163108e-01   3.8990152e-01  -5.4209157e-02  -2.2419490e-03   3.4931953e-01  -2.4378636e-02   1.5117745e-01  -9.1813569e-02  -1.9637760e-01   3.4391142e-01   5.6390381e-02  -2.7548273e-01  -3.3620176e-02  -9.1993589e-02  -8.8039872e-02   2.1061710e-01   2.2037957e-01  -1.7532368e-01   2.8231297e-02   2.0185438e-01   3.3820603e-02  -2.6126228e-01  -1.2654656e-01   1.9543798e-01   4.9600231e-01   2.9431179e-02  -1.1349673e-01   2.0892999e-01  -1.6539685e-01  -2.3977049e-01   4.8332679e-01  -7.0572874e-02  -4.6457930e-02  -2.1275879e-01   2.2110147e-01  -7.0889937e-02  -2.1967163e-01  -4.8737900e-02   3.1506406e-04  -5.7180239e-02   1.3470894e-01   1.4015008e-01  -2.7120249e-01   3.2950647e-02  -9.0649120e-02  -1.5883885e-01   1.1113125e-01  -2.5854331e-02  -8.8171531e-02  -1.6568655e-01   8.0355992e-02  -1.0051700e-01   4.8908047e-01  -1.1710755e-01  -1.4143276e-01   5.0545796e-01  -3.6733450e-01  -2.4960185e-01  -1.5993988e-01  -1.9268210e-01  -2.6583813e-01  -2.6386081e-01  -7.8109192e-02   6.2230606e-01   1.8497910e-01  -2.2385078e-01  -1.2387974e-01  -2.1227651e-01  -1.3407942e-01  -2.6804501e-02  -8.5842695e-02  -3.5686955e-01  -1.2737950e-01  -8.5127076e-02   5.7260439e-01   2.2233070e-01  -1.5956955e-01  -2.6978267e-01   4.8676122e-01   1.4364520e-01   2.3209680e-01   6.4808167e-02   2.0470386e-01  -9.3459765e-02  -7.0130570e-02   4.1659999e-02
  -2.9722691e-01  -1.9373293e-01  -3.2131370e-01  -4.3577838e-02   4.0277524e-01  -3.8639241e-01  -5.4449152e-03   2.8968192e-02   1.6669944e-01  -1.5749329e-01  -3.4775395e-01  -1.4721718e-01   0.0000000e+00  -2.3042125e-01  -2.6539792e-01  -4.3043185e-02  -3.0521155e-01   2.0301723e-01  -3.5890139e-01   5.8171028e-01  -1.0860903e-01  -4.0392274e-01   3.9009370e-01  -2.6703382e-01   1.3940756e-01  -3.7432491e-01  -2.3997035e-01  -4.7636612e-01   5.6810646e-01  -3.9537928e-01   3.8978528e-02  -7.9960240e-02  -1.7013450e-01  -1.1678044e-01   4.2190307e-01   2.8761319e-01   2.2905903e-01  -2.3500744e-01  -1.7388484e-01  -1.9606768e-01   6.8127252e-01   2.3086558e-01   4.2353077e-01   5.2942582e-02   4.7081862e-01  -1.5793881e-01  -2.8063764e-01   2.0205726e-01   4.1345637e-01  -1.9861456e-01   4.1510699e-01  -4.4276793e-01   1.5579543e-01   6.0802824e-01   7.3195359e-02  -3.3902872e-01  -4.5453276e-01  -3.2104451e-01   2.0884316e-01   1.9725896e-01  -3.1892727e-01   4.0949612e-01  -1.9989145e-01   4.7361408e-01   2.1990104e-01   2.5026189e-01  -4.3252014e-01   3.7888572e-01  -4.0097900e-01  -4.0759130e-01  -1.8920526e-01   5.0214960e-01   2.3967789e-01  -4.1712410e-01   3.5088406e-01  -4.9313222e-01  -3.2188022e-01  -1.7641630e-01  -4.5262627e-02   3.4487577e-01  -2.2283812e-01   1.8615602e-01   1.7613783e-01  -1.2841756e-01  -3.0317690e-01  -2.8871824e-01  -2.7663246e-02  -1.9559340e-02  -7.5733255e-02  -2.5908807e-01   2.0801537e-01  -2.2249600e-01   5.2906180e-02   6.6373808e-01  -2.7401220e-01   2.3926752e-01   6.9053959e-01  -1.5926486e-01   5.0758398e-01   3.9143298e-01  -2.3580053e-01  -2.6047395e-01  -2.1577984e-01  -5.7311075e-02  -1.2697505e-01  -4.1487453e-01  -1.6430607e-01  -1.7161327e-01   6.0832285e-01   2.0824723e-01   8.4415405e-02  -1.6915448e-01   1.0369405e-01  -2.0191670e-01  -5.6637306e-01  -4.4721429e-02  -9.9121937e-02   7.1563161e-01  -5.2584611e-01   4.3635262e-01  -3.5228051e-01   2.5046619e-01   3.5486265e-01   1.5241860e-01  -2.4039395e-01  -3.5402112e-01   3.1039694e-01   3.5431071e-01  -5.1924723e-01  -4.5926975e-01   8.1550912e-02  -1.2303432e-01  -2.8291478e-01   2.8264366e-01   3.4482037e-01  -1.8459589e-01   3.1958303e-01   2.3653465e-02  -3.2442197e-01  -1.4808123e-01  -2.7022693e-01   4.2938792e-01  -4.5420004e-01  -5.5539699e-01   3.0191914e-01  -8.6334172e-02  -7.7790511e-02   1.5413064e-01   3.7587276e-01  -2.7914367e-02  -3.1806797e-01   8.6984136e-02   2.5402899e-01   1.2987412e-01  -3.0616341e-01  -1.7326474e-01  -4.0139520e-01   4.2822729e-01  -1.5974902e-01  -2.7736911e-01   3.1040508e-01  -1.4825654e-01  -1.2274638e-01   5.9436209e-02  -2.1030590e-01  -1.1780869e-01  -2.2274643e-02  -4.1151078e-01   1.1993447e-01   2.6047773e-01   2.5776484e-01  -1.6446283e-01   1.6883267e-01  -4.7096744e-01   1.6930499e-01   6.1895762e-02  -3.4623563e-01
   4.0669236e-01   1.1317835e-01   9.1122905e-02  -7.7976700e-02  -3.0875570e-01   1.7877974e-01   4.9133491e-02  -2.6218640e-01   3.0964679e-01  -1.1019383e-01   8.2842914e-02   1.2972728e-01  -2.3042125e-01   0.0000000e+00   1.4175376e-01  -3.0479388e-01   1.2155496e-01  -2.2703026e-01   1.6452093e-01  -3.4472645e-01  -1.3935724e-01   9.0176901e-02  -1.8791387e-01   3.8920821e-02  -2.7842374e-02   9.6398706e-02   5.5600154e-02   2.0898316e-01  -4.2206685e-02   1.5341457e-01   3.0886510e-01  -3.8822304e-01  -2.3606528e-01   2.4756233e-01  -1.6682035e-01  -3.3664841e-01  -1.9101051e-01   4.3525996e-02  -1.3972924e-01   1.9506567e-01  -2.8564983e-01  -3.4861825e-01  -5.3535962e-01   2.5545914e-01  -4.3352589e-01   4.3219585e-03  -1.2880478e-01   1.8983227e-02  -4.0496387e-01   1.2059132e-02  -3.8831476e-01   2.6864614e-01  -2.6681986e-01  -4.2854873e-01   1.8614519e-01   1.4839727e-01   1.7454873e-01  -1.3716735e-01  -4.4114646e-01   5.7512755e-02   4.8128750e-02  -4.3074518e-01   1.9632257e-01  -2.0590297e-01  -5.8818451e-02  -2.8473112e-01   2.2954646e-01   4.8440629e-02   1.0182668e-01   9.8742057e-02   9.3885378e-03  -5.5804129e-01  -2.2534838e-01   1.5954086e-01  -4.4102318e-01  -1.1362617e-01  -2.8706077e-03   1.0909451e-01  -2.1388040e-02  -1.2880933e-01   2.4360646e-01  -1.9940157e-01  -9.7312475e-02   5.3401983e-02   7.4658387e-02  -4.3713867e-02   4.8634709e-01  -1.2085387e-02  -6.0759733e-02   6.2180642e-02   9.1221458e-03  -8.0830207e-02   2.1513193e-01  -2.7336819e-01   2.5231630e-03   2.2083697e-01  -3.1778254e-01   1.2933182e-01  -3.5477367e-01  -2.0658582e-01   1.6227241e-01   3.9487916e-01   1.8995554e-01   5.4720219e-01  -3.3655694e-01  -1.5643762e-01   1.8366266e-01   8.6183278e-02  -4.2683341e-01  -1.9181339e-01   2.6882716e-01  -1.1177350e-01   7.0029291e-02   8.6189425e-02   3.5228314e-01  -5.3337822e-02  -8.5276487e-02  -3.8429206e-01   2.5629835e-01  -5.6073050e-01  -1.1211346e-01  -8.6383161e-02  -6.0702590e-01   9.0263547e-02   2.4305297e-02   2.4412035e-01  -2.2848945e-01   8.8787691e-02  -2.0552706e-02   1.7157227e-01  -2.2635985e-01   1.1033870e-01   4.2803552e-01   2.3682633e-02  -4.4955488e-01  -3.8005513e-02  -5.9933882e-02   2.2612347e-01   1.2124124e-01   2.4565308e-01   4.1437602e-01  -1.0026219e-01  -6.7125776e-02   4.3208300e-01  -1.4425098e-01  -1.2475945e-01   2.4833828e-01  -2.0848920e-01  -1.0170623e-01  -1.3253893e-01   1.7889738e-02   1.1487243e-01  -2.7688848e-01   1.8971231e-01   2.0684518e-01   1.8934518e-01   1.3496415e-01  -4.7946193e-01  -6.0158221e-02   2.3526822e-01  -2.1040683e-01   1.0630392e-01  -3.6479427e-02  -2.2814396e-01  -2.1814232e-01   1.2947189e-01   2.8623882e-02   2.6042614e-01  -3.4574882e-03  -1.4295063e-01  -2.4669027e-01  -7.9241187e-02   1.0496576e-01   3.4958661e-01  -7.5341077e-02  -3.8277516e-02   2.5716591e-01
