   0.0000000e+00  -3.5043445e-02  -1.3875689e-03  -1.2382164e-01  -7.6324755e-02   9.9546086e-02  -3.1613210e-01   1.3585260e-01   5.8722618e-02  -8.3120073e-03  -1.1067461e-01  -1.1882973e-02  -8.8910730e-02   3.3248066e-01   1.0233081e-01  -2.1556785e-01  -1.5081127e-01  -1.8933520e-01   2.4907529e-01  -1.5522926e-01  -4.4819183e-01   8.1022867e-02  -3.5658565e-01   7.9526204e-01   6.9491423e-02   1.6160911e-01  -3.9675173e-01   2.6428016e-01   3.8691805e-02   9.3325738e-02   1.0002892e-02   2.9630107e-01  -5.2517163e-02  -2.2595956e-01  -1.6699763e-01  -1.2504896e-01  -3.1221691e-01   2.2216936e-02  -3.0262311e-01  -1.5981201e-01  -1.8847695e-01  -6.5042480e-02   1.9718310e-02  -1.1156951e-02  -3.7619416e-02   1.2198623e-01  -6.4145172e-02  -1.5764792e-01  -1.6367544e-01   2.3657894e-02  -1.3958898e-01   2.5856820e-01  -2.4435765e-01   1.3969737e-01   6.4564969e-02   9.9273980e-02   2.1129097e-01   1.4392559e-01  -1.9389573e-01   1.0650887e-01  -5.7704732e-02   9.9887974e-03   3.5073044e-02   3.2303732e-02  -2.5021948e-01  -1.6636560e-01   2.0196059e-01   7.7241739e-02   1.7023444e-01  -4.7474908e-02  -1.0207593e-01  -2.8976574e-01  -1.9318221e-01   6.0797881e-01  -3.2074554e-02   1.7367907e-01  -7.0791025e-02   5.5675077e-02   2.9685758e-02   1.0689816e-01  -1.2209281e-01  -2.9675650e-01  -2.5046151e-01   1.7443797e-01   3.8889930e-01   1.4281891e-01  -3.9005155e-01   3.5782114e-01   9.8832565e-02   7.6253145e-01  -2.1093732e-01   1.6900373e-01  -2.1797763e-01  -1.5603588e-02  -2.9488246e-02  -1.7689149e-01   2.6886387e-02   3.1571994e-01   8.6330612e-02  -2.4442310e-01   6.2137135e-02   1.7300075e-02   2.7323086e-02  -1.7319233e-02  -5.2207064e-03   3.5431531e-01   2.7431206e-01   2.1643246e-01  -3.8947874e-01  -1.8621361e-01  -2.9040324e-01  -1.4551509e-01  -1.4307858e-01   7.2020264e-01  -3.5398842e-02  -1.8342902e-01   1.2403533e-01  -3.2682671e-02   1.3415445e-01  -1.7048825e-01   4.0647093e-01  -1.0137203e-01  -5.2379984e-03  -3.7480826e-02   3.3856404e-01   4.3227102e-01   7.0508617e-02  -9.9581141e-02   2.4282485e-01  -2.0604091e-01  -8.9442792e-02  -3.9153009e-01   3.4027016e-01  -1.6372944e-01   8.1796155e-02   3.0291461e-01  -1.5543081e-01  -2.7718702e-01   2.0644284e-01   6.1640232e-01   6.2204800e-01  -1.0317105e-01  -2.0771895e-01  -7.3139595e-03  -1.8732860e-01  -4.3798270e-02  -1.6415572e-01  -2.1576758e-01  -2.2566860e-01  -2.8804659e-01   4.0589077e-01  -1.9914535e-01   4.6726420e-01  -6.4044794e-03  -5.5806066e-02   5.7749726e-01   2.2738122e-01  -3.5837650e-01   9.4062934e-02  -1.5159535e-01   1.0883955e-01   3.9227211e-02  -2.3937854e-01   4.1230268e-02   2.5761458e-01  -3.0097576e-01  -1.5143494e-01   2.9882986e-01   4.2298217e-01  -3.0734258e-01  -2.7822854e-01  -6.3977522e-03  -8.2811591e-02   9.9327757e-02   1.5004623e-01   1.2209794e-02   2.5885850e-01
  -3.5043445e-02   0.0000000e+00   1.4164062e-02  -1.2308390e-01  -3.3276259e-02   4.3790226e-02  -1.3820070e-01   7.6870538e-02   5.2907322e-01   1.0613746e-01  -1.5996829e-01   6.3758783e-01  -3.4370903e-01   1.7585270e-01  -3.9989802e-01  -6.7463712e-02   8.4709996e-02  -3.3473909e-01  -1.6146568e-01  -1.9374434e-01  -3.6781616e-01  -1.3822853e-01  -4.5679886e-01   2.3336098e-03   1.8426644e-01   2.7497281e-01  -1.7868972e-01   1.2480262e-01   2.4704674e-01   3.1343593e-01  -9.6474102e-02   1.0949167e-01   1.3631746e-01  -2.2970540e-01   5.1618693e-01  -4.7472824e-01  -3.7659980e-01  -1.2657273e-01  -3.1143544e-02  -2.4664432e-02  -4.4321237e-01  -2.3239341e-02   2.6372888e-01   9.9099368e-02  -1.6037216e-01  -3.3423324e-01  -5.0412451e-01   1.5644633e-01  -3.6325392e-01   3.9418492e-01  -3.0941272e-01   2.0681179e-01   1.6398445e-01   2.5790353e-01   4.5912607e-01  -7.3465108e-02   6.2369734e-02  -2.3073446e-01   1.1611061e-01   4.6220192e-01  -2.2382153e-01  -1.7825581e-01   4.8413319e-01   1.0527425e-01   3.8766600e-01  -3.8015718e-01   7.6941825e-02   6.3638090e-02   9.1028306e-02  -3.8428174e-01   3.8543507e-01  -2.5842073e-01  -4.2706862e-01  -2.8871006e-02   2.2945982e-01   1.7545983e-01  -3.3711279e-01  -2.5928214e-02   4.9756780e-01  -4.2746652e-02  -2.6814445e-01  -1.3498216e-01   2.1185578e-01   1.7888934e-01   1.5616996e-01   1.9797847e-02   2.0855945e-01   1.4104578e-01   5.5501595e-01  -1.8385746e-01   1.1325314e-01  -1.0763190e-01   2.4746377e-01   2.2549752e-01  -2.7917222e-01  -3.4553863e-01   1.5602426e-01   9.4776295e-02  -1.8770501e-01  -6.8106122e-01  -5.8169717e-02  -1.7580612e-01  -1.4807903e-01   1.7070012e-01  -1.4237498e-01   1.1802222e-01   5.2138741e-02   8.4180368e-02  -2.5776482e-01  -4.4348214e-01   1.4923128e-02  -2.6666210e-01   1.4077134e-01  -2.0339378e-01  -4.1146042e-01   1.3990093e-01   1.2242895e-01  -4.9921044e-01  -6.0319008e-02   5.7101377e-03  -1.5122851e-01   3.9047780e-01   3.6817647e-01   3.5596170e-01  -2.8946891e-01   2.0329094e-01   2.3688840e-01   8.2477497e-02   1.6088492e-01  -8.3312698e-02  -3.7658608e-01   4.5159388e-02   5.4265397e-01  -9.8598379e-02   3.4647468e-01   1.1532912e-01   1.1073325e-01  -2.7233532e-02   6.7360123e-02   5.2060989e-02  -2.8977102e-01   1.0659682e-02  -2.1106245e-01  -1.3718329e-01  -3.9850491e-01  -7.1614181e-03   1.9563302e-01  -1.8542163e-01  -4.6887213e-01  -5.8238318e-01  -1.8950080e-01  -1.8385168e-01  -6.3888772e-02  -7.9681498e-02   5.8172968e-01   8.8152875e-02  -3.1932068e-01  -4.9654704e-02  -1.9715962e-02  -2.6828775e-01   4.3265654e-01  -6.6345909e-02  -3.3264866e-01   6.7329286e-02  -1.1997551e-01   2.1069427e-01  -1.2465463e-01   2.2595076e-01  -3.7434778e-02  -1.2935178e-01   1.2083303e-01  -1.4720697e-01  -1.7760621e-01   2.6336556e-01   3.2999285e-01   2.3629398e-01  -1.1462148e-01
  -1.3875689e-03   1.4164062e-02   0.0000000e+00   7.6065341e-02   1.1277321e-01   2.4751017e-01  -3.2365634e-03   1.9524584e-02  -8.8470816e-02   5.4290496e-02  -3.6611936e-01   2.6939484e-01  -7.4047736e-02  -3.4782223e-01  -1.2474402e-01   9.0420972e-02   8.2782004e-01   1.7865883e-01   7.8846567e-03   1.8545983e-01  -4.0173536e-02   4.8667952e-02  -8.6111039e-02   1.5419294e-02  -1.5235239e-01  -5.5288775e-02   1.9848063e-01  -5.2694497e-03  -8.9728545e-02   3.2158880e-02  -3.1089400e-01   1.4422856e-01   7.4628960e-02   1.7939775e-02   2.6400355e-02   6.5058554e-02  -8.4804481e-02   3.3269329e-01   9.9767588e-02   2.6993970e-01  -8.2176794e-02   1.8572476e-01  -1.1782569e-01  -1.9372292e-01  -1.7553645e-01   4.8174934e-01   3.0298714e-02  -1.5180126e-01  -1.7808524e-01   3.7086978e-01   2.4221398e-01  -1.2176693e-01  -1.8981054e-01   2.0661203e-01  -1.8469105e-01  -1.1050479e-01   1.3811385e-01   1.8859876e-02   8.4977835e-02   2.2432332e-01   5.2602845e-01  -1.4634064e-02  -1.5087097e-01  -2.7534617e-01  -2.5524866e-01   5.9750156e-02   2.4134029e-01  -1.7296802e-01  -4.6738388e-02   6.7784068e-01  -2.4934573e-02  -1.0943011e-01   4.3851476e-02   1.4855241e-01  -4.3019844e-03  -1.6986150e-01   3.5809668e-01   4.0198231e-02  -6.7688966e-02  -3.3551639e-01  -2.0115134e-01   6.7071050e-02  -9.5884820e-02   3.6171498e-02   7.1227906e-02  -1.3599709e-01  -2.4792727e-01  -2.9720663e-01  -1.3634362e-01   1.8781843e-01  -7.9723141e-02   5.2219157e-01   1.4026960e-01   6.7557544e-02   3.8029115e-01   2.2424255e-02  -1.3406646e-01  -5.0506191e-02  -2.2735864e-02   1.6067056e-01  -2.2512820e-02  -6.7001804e-02  -1.8153105e-01  -2.2446176e-01   2.8354348e-02   1.9486268e-01  -3.2794453e-02  -3.5206347e-02  -9.3189331e-02   1.1437420e-02  -2.3506952e-03   8.6561502e-02  -1.4523520e-01   3.7407756e-01   7.3188138e-02  -2.3423362e-01  -1.9042092e-01   6.4675498e-02   7.8284327e-02   1.6700615e-01   2.5750234e-01   2.9770281e-02  -6.5358846e-02  -7.0303908e-02   3.9879398e-01  -2.9039236e-01  -2.3395924e-02  -7.0205866e-02   1.0930604e-01   6.4183649e-01  -5.6355121e-02  -3.6083842e-01  -3.0319364e-02  -1.8700266e-01   1.0277338e-01  -1.0544155e-01  -1.0096881e-02  -2.3797337e-01  -1.1504064e-01   2.3275486e-01  -7.8490569e-02   1.5825602e-01  -1.1725219e-01   1.3061292e-01  -1.1837274e-01  -2.0886308e-01   5.5940219e-02  -7.5826987e-02   1.3903046e-01   1.0567821e-01   3.5709178e-01  -2.6581589e-01   3.8119005e-01  -1.8631763e-01   3.6031638e-01   2.8466471e-01   2.6206049e-01   1.0731776e-01   6.0479887e-01  -4.8302355e-02  -1.3359049e-02  -1.1267554e-01   1.5496863e-02   4.4248843e-03   2.7427050e-02  -2.4912072e-01   2.8566456e-02  -1.9979129e-01   3.2817574e-01  -1.9026883e-01  -1.5352163e-01   3.0242990e-01  -1.9486279e-02   1.4653029e-01  -1.0597689e-01   1.1445216e-01   1.0106601e-01
  -1.2382164e-01  -1.2308390e-01   7.6065341e-02   0.0000000e+00  -2.7702088e-02   2.7007662e-01  -1.5482026e-01   1.5430732e-01  -1.6821102e-01  -1.2393774e-01  -3.7811306e-02  -2.7999224e-01   9.1932598e-02   2.1613675e-02  -4.8752587e-03   5.0250282e-02   5.9704697e-02   3.2486156e-01  -2.0360632e-02   1.8186096e-01   1.8724456e-03   3.3711531e-01  -1.8579312e-01  -1.5002040e-01  -7.8445439e-02  -6.0620467e-02   2.3197523e-01  -6.6920104e-02   2.3820497e-01   2.7414327e-01  -1.5348734e-01   2.0058015e-01   3.8364785e-02  -5.3605888e-02   1.4360149e-02  -2.4102785e-02  -1.9713435e-01  -1.1517769e-01   6.5798530e-02  -6.3074232e-02   1.4491109e-01   2.3429005e-01  -1.6390482e-01   1.0851004e-01   2.0369481e-01   1.1453750e-01   2.4492810e-01  -2.1638473e-01   3.0700080e-02  -1.3278535e-01   3.9235497e-01  -5.0896966e-03  -2.6200043e-01  -8.1579624e-02   4.4100247e-02  -3.4898821e-02   1.3948179e-01   3.5334605e-01   3.4827519e-01   2.5349698e-01   1.5678904e-01   1.4537485e-01  -1.3768904e-01  -1.3206067e-01  -1.9939356e-05  -9.6883910e-02   4.4855322e-01   5.9062336e-02   2.9711975e-01   1.1036858e-01  -3.8547696e-01   5.5301233e-01  -1.6496756e-01  -3.7461255e-02   2.0904990e-02  -9.5735365e-02   7.8860608e-03   7.0291492e-02  -1.6971283e-01   2.9527106e-01  -1.7948572e-01   4.6307012e-02  -2.7662474e-01   1.1430624e-02  -1.5353679e-01  -6.9933194e-02   2.2751338e-01  -1.3805223e-01  -2.7365991e-02  -5.9316990e-02  -3.4162958e-02   1.4354890e-01  -2.8131538e-01   1.8920525e-01  -4.6925026e-02   6.2087983e-02   2.9199694e-01  -7.8036809e-02   7.1362426e-02   4.8659863e-03  -2.0802826e-01   7.5578943e-02   2.1637103e-01   4.4251773e-01   2.3720456e-01   1.6057206e-01   6.1013431e-02   8.8374867e-02   2.0135872e-01   5.6176850e-02  -3.3555261e-01   2.9695514e-01   3.4190488e-01  -1.8823863e-02  -1.5219730e-01  -2.8322692e-01   1.0515144e-01  -9.9667051e-02  -1.7453052e-02   3.2929478e-01   3.1374295e-02   7.1309404e-02  -5.0458082e-02  -2.9084316e-01   1.1839654e-01  -4.6005518e-02  -2.1339505e-01   3.7152044e-02   2.6110447e-01  -4.6284437e-03  -1.7569786e-01  -1.2258177e-01   1.7276626e-01  -2.1453446e-01   1.1782221e-01  -1.1930096e-01   2.0133347e-01  -1.6820098e-01  -8.0845182e-02  -1.4799839e-01  -1.2213634e-01   2.1840527e-01   1.7171315e-01  -2.0742011e-01  -1.4028045e-01  -6.0419611e-02  -3.9406393e-01   2.3539402e-02   6.4883142e-02  -2.2339060e-02  -4.7786835e-02  -3.0375821e-02   4.3659887e-02  -2.2720590e-01  -1.0301318e-01  -8.1823437e-02  -1.8657133e-01   1.2119914e-01   7.8394217e-02  -1.2031730e-01   8.9941076e-02   1.4418407e-01  -1.2781061e-01   4.1999236e-01   3.3188701e-01  -1.5511623e-01  -1.1489830e-01  -7.1907328e-02  -1.3302241e-01  -4.2110523e-02  -4.8268760e-02  -9.4303491e-02   3.6191226e-01   1.6679830e-01  -1.3582079e-01   3.5777199e-02   2.7086625e-01
  -7.6324755e-02  -3.3276259e-02   1.1277321e-01  -2.7702088e-02   0.0000000e+00   1.7206231e-01   5.3251689e-01  -3.4670563e-01   3.3017511e-02   1.5781666e-01  -3.0002395e-01   4.6760845e-02   4.6388046e-01  -5.4571453e-01  -2.4831758e-01   4.6488772e-01   1.0510957e-01   1.3783102e-02  -1.0861741e-01   7.7566940e-01  -1.8054395e-01  -3.4675031e-01  -2.5771538e-03  -2.7152822e-01  -1.0002449e-01  -3.8098061e-01   1.6857320e-01  -3.3656045e-01  -2.0481419e-01   2.8607961e-03  -4.8567889e-01  -4.3425494e-01   2.0031009e-01   3.9776194e-01   2.5650207e-02   6.7470046e-01   1.9477003e-01   2.4747011e-01   4.9145793e-01   2.2164617e-01   4.0666316e-01   2.6647499e-01   1.9765513e-01  -4.5701040e-01   4.1684118e-01   2.1048194e-01   3.6770144e-02   5.6061435e-01   4.9562302e-01  -9.8085373e-02  -4.6951049e-02  -4.6491914e-01   2.2278623e-01  -2.3076289e-01  -4.9149984e-01  -4.3621629e-01  -6.3644268e-02  -4.1951070e-01  -1.8839913e-01  -5.6460896e-02   3.0286789e-01   6.9145780e-01   8.2817585e-02  -3.8431443e-01   1.3774391e-01   6.3751150e-01   1.5196618e-01   6.9753325e-02  -3.5959413e-01   2.2968179e-01  -1.4933594e-01  -4.6439211e-02   2.5104634e-01  -2.1677092e-01  -2.9761187e-01  -4.2985121e-01   3.5517830e-01  -7.1678758e-02   5.2830777e-01   2.1498309e-02  -3.1853823e-01   3.9218383e-01  -3.9911455e-01  -3.0276785e-01  -2.7857904e-01  -4.6051339e-01  -1.8355707e-01  -5.2817334e-01   1.0317483e-01  -2.1589314e-03   4.5078833e-01   2.3863916e-01   3.8998610e-01   8.2744167e-02   3.2181458e-01   7.0167569e-01  -2.5251919e-01  -4.1771242e-01   3.1419967e-01   2.2718327e-01  -5.1663458e-01  -3.6564099e-01  -3.0919500e-01  -3.0436539e-01  -4.1753394e-01  -3.5048729e-01   1.2585009e-01  -3.1396761e-01   1.1045306e-01   3.1732905e-01   6.7773763e-02   6.1041913e-02  -5.7311062e-02   1.3451950e-01  -3.6354007e-01   5.5245799e-01  -4.3751433e-01   2.0382071e-01  -1.6825312e-01  -4.4961799e-02  -3.8280040e-02   3.7073334e-01  -8.5663328e-04   3.8705996e-01   1.7648148e-01  -2.9112596e-01  -2.5908708e-02  -8.6059038e-02  -4.6699306e-01   6.3533724e-02   1.3603230e-01   1.4702503e-01  -3.3275500e-01  -4.5958736e-01  -1.9085634e-01  -3.6464340e-01  -4.8607993e-02  -5.0575990e-01  -4.6009738e-01   8.9817259e-02   7.6014062e-03   3.3923040e-01  -2.9252908e-01  -1.1423926e-01  -3.0532738e-01  -3.8408247e-01   8.0906313e-02   8.1991047e-01   3.8079121e-01   1.1199778e-01  -8.6494205e-02  -4.4351321e-01  -3.9744736e-02   1.5578312e-01   2.2678769e-01   1.1451071e-01  -1.4619923e-02  -1.3313553e-01   2.0666215e-01  -3.6828591e-01   2.3842434e-02  -3.0992006e-01   2.9295580e-01  -3.3842944e-01  -4.1905683e-01   3.6909358e-01   3.5162821e-01  -3.9987712e-01   1.7621891e-02   1.9291249e-01   5.1437782e-01   1.8941583e-01   3.2314062e-01   1.0919613e-01  -3.9117986e-01   7.4214114e-02  -3.1179708e-01
   9.9546086e-02   4.3790226e-02   2.4751017e-01   2.7007662e-01   1.7206231e-01   0.0000000e+00   9.7022717e-02   2.2405708e-01   6.9196930e-02  -6.9622905e-02   1.4704481e-01   1.1115161e-01   7.9677869e-03  -5.8729684e-02   9.1200257e-02  -1.2451570e-02   1.7529238e-01   3.5806894e-01   2.6665644e-01   1.9111277e-01  -2.1298532e-01   3.0287913e-01  -1.4682317e-01  -1.5058080e-02  -2.6813617e-01   2.2376260e-01   8.6144972e-02   3.0968034e-01  -2.2326482e-01   4.0776174e-01  -9.3101058e-02   3.0542245e-01  -1.3639965e-01   1.5092926e-01   9.2529858e-02   1.2951128e-01  -2.2375270e-01  -1.0633439e-01   3.1330912e-02  -2.9499860e-02  -6.3297624e-02   2.0997548e-01  -4.2055468e-02   2.6678061e-01   1.1956172e-01  -6.6545378e-05   3.4889741e-01   9.9013540e-02  -2.1937555e-01  -2.1491875e-01   3.6906713e-01   1.1026136e-01  -1.6596552e-01   7.5758699e-02  -1.5212169e-01   8.9362266e-02   5.2219960e-01   1.7753892e-01   1.9023947e-01   3.9681591e-01  -7.6236534e-03   1.6512633e-01  -2.4115952e-01   4.8668937e-02   2.9727564e-02   2.1063451e-01   8.0313326e-01  -2.7376054e-01   4.0164043e-01   1.1851468e-01  -2.8859448e-01   3.0184619e-01  -5.5749115e-02   2.6052332e-01  -5.3061722e-02   1.2343045e-01  -6.0988435e-02   2.2336449e-01  -1.4862386e-01  -5.0010304e-02   1.1898184e-01  -1.6139454e-01  -1.5888620e-01   3.9299656e-01   6.9149608e-02   1.0008329e-01  -8.2729177e-02  -1.3850820e-01   6.7204303e-03   8.7043838e-02  -1.6440719e-01   1.0592671e-01   7.8989206e-02   2.5445174e-01  -8.7019557e-02  -1.7003154e-02  -1.6882573e-01   2.0756572e-01   2.8536615e-01   7.0661975e-02  -1.8867390e-01   1.0757441e-01   2.9311310e-01   2.2800348e-01   2.6514839e-01   2.7423333e-01   7.2207471e-02   3.5351399e-01  -2.1574044e-01   3.2055301e-01  -2.0801035e-02   3.8976655e-01  -1.6485215e-01   7.2603793e-02   1.5831700e-02  -1.4677401e-01   1.2289066e-01   8.1690437e-02   2.8859179e-01   3.4879968e-01  -7.0622871e-02  -1.0917652e-01  -2.2713892e-01   1.0659155e-01   6.3031038e-02   3.0529910e-01  -1.2208264e-01  -2.6873769e-01   1.8779551e-01  -3.7763885e-03  -1.7458982e-01  -2.1080209e-01   3.0952931e-01  -2.9406817e-01   1.3509473e-01   2.4082784e-01  -2.1862879e-01  -2.2934928e-01   1.7344691e-01   4.4314369e-02   4.8524343e-02   9.4558286e-03  -4.1595748e-02   4.3739223e-01  -2.3856000e-02   3.8795589e-02  -1.6682517e-01   2.0450587e-01   3.9371881e-01  -1.6527610e-02   1.7629706e-02   3.5877317e-02   9.1616135e-02   1.0214793e-01   2.3482131e-01  -1.3910768e-02  -1.6420145e-01   3.9208983e-02   9.5962015e-02   1.3385661e-01  -1.1326813e-01   1.1899284e-01  -1.3196568e-02   3.4508067e-01   2.7342424e-01  -2.5738535e-01   2.4612103e-01   2.6433198e-01  -5.3058389e-02  -1.0973718e-01  -1.3216118e-01  -5.0191844e-02   3.0010947e-01   7.4980316e-01   4.4041338e-03  -2.0481544e-01   2.6212105e-01
  -3.1613210e-01  -1.3820070e-01  -3.2365634e-03  -1.5482026e-01   5.3251689e-01   9.7022717e-02   0.0000000e+00  -5.0125322e-01  -2.5105172e-02   1.9953694e-01  -2.1747152e-01   9.9949603e-02   3.2459443e-01  -4.5512119e-01   2.7643372e-02   4.4044984e-01  -2.0188002e-02  -4.9120824e-03  -3.0906689e-01   4.5836522e-01   1.1693405e-01  -3.2321174e-01   6.4084534e-01  -3.1868413e-01  -1.9008141e-01  -5.0723160e-01   2.9421118e-01  -3.6955359e-01  -3.0880662e-01  -1.3122466e-01  -3.1495995e-01  -5.6104056e-01   4.1568391e-02   8.4307181e-01   2.1931713e-01   5.4186997e-01   2.8445927e-01   1.9984757e-01   4.0193991e-01   2.4857030e-01   1.5568708e-01   4.1229817e-02   1.8255632e-01  -4.6027808e-01   4.5868144e-01   1.1716678e-01   3.4111545e-02   7.0572285e-01   3.8687628e-01  -2.9100479e-01   3.9489114e-02  -5.9553135e-01   3.7119990e-01  -3.1488248e-01  -4.2016884e-01  -3.2292173e-01  -2.9010823e-01  -3.6287858e-01  -2.8911173e-01  -6.8052737e-02   1.6436497e-01   3.3429337e-01  -1.6022576e-01  -3.9691307e-01   1.0350324e-01   7.3283537e-01  -1.6705061e-01  -8.1856408e-02  -5.8308007e-01   3.0794275e-01  -6.8742973e-03  -3.5796182e-02   1.7352447e-01  -2.7370520e-01  -3.4530841e-01  -4.3328198e-01   3.5673986e-01  -4.9170711e-02   1.0093717e-01  -1.7972890e-01   2.1280703e-01   2.9331541e-01  -9.3800336e-02  -4.2605084e-01  -2.9161667e-01  -3.6955095e-01   5.0654762e-02  -2.7333138e-01  -1.0274336e-01  -2.4267449e-01   2.9577587e-01  -2.3355582e-02   5.6006514e-01   4.1444203e-02   3.2251299e-01   5.3882270e-01  -3.8294144e-01  -5.0227581e-01   6.6659957e-02   4.3330334e-01  -3.0645762e-01  -2.5977583e-01  -1.1481830e-01  -1.6960694e-01  -3.2694981e-01  -5.5868236e-01  -2.3037652e-01  -5.2610504e-01   2.9650929e-01   3.1751647e-01   4.2657141e-01   3.6582034e-01  -2.3255403e-01  -8.2523096e-02   7.6441101e-02   4.4456579e-01  -4.7272134e-01   1.9495115e-01  -2.0639529e-02  -3.8769275e-02  -1.4706127e-01  -1.7728966e-02  -2.3623987e-02   2.4077852e-01  -2.0662171e-02  -1.9570098e-01   6.2893164e-03  -1.8938623e-01  -5.7080221e-01   1.6179490e-01   1.3300565e-01   5.3269122e-01  -4.3741060e-01  -2.4690803e-01  -3.5497207e-01  -4.4180249e-01  -2.1642034e-01  -2.5178758e-02  -5.2372661e-01  -1.0536783e-01  -9.4940131e-02   1.1254255e-01  -1.9192896e-02   1.5801861e-01   2.6772564e-01  -1.9572651e-01   4.3980236e-01   6.1684481e-01   5.0089461e-01   1.8927341e-01  -1.6212076e-01  -5.4806859e-02  -2.6748443e-01   4.2902860e-02   3.1623214e-02  -1.5694863e-01   5.3148439e-02   5.5378259e-02  -3.4217053e-02   5.4627165e-02  -1.0856519e-01  -3.5115203e-01   2.4095587e-01  -4.4101781e-01  -4.4671865e-01   4.9303870e-01   3.2174402e-01  -4.6330157e-01  -8.7302275e-02   1.8353549e-01   5.9630251e-01   1.7895693e-01   5.2680601e-02  -4.7756836e-02  -3.3064751e-01  -1.5064729e-01  -3.8392544e-01
   1.3585260e-01   7.6870538e-02   1.9524584e-02   1.5430732e-01  -3.4670563e-01   2.2405708e-01  -5.0125322e-01   0.0000000e+00   2.3918630e-02  -3.2037778e-01   3.6500073e-01  -6.5053364e-02  -3.7633188e-01   1.6736973e-01   1.8443851e-01  -5.1838962e-01   7.4894467e-02   1.7690574e-01   4.9012076e-01  -3.8005214e-01  -1.4925135e-01   4.0937005e-01  -2.9518312e-01   1.2105864e-01  -1.2281989e-02   7.2737600e-01  -6.7859023e-02   6.0025272e-01   1.9162282e-01   1.7976433e-01   3.2537592e-01   7.3564401e-01  -3.9955397e-01  -4.3236268e-01  -1.5801825e-01  -4.0998909e-01  -3.3185496e-01  -4.3050423e-01  -5.3555352e-01  -2.0098389e-01  -1.1662423e-01  -2.6213681e-01  -1.8159606e-01   6.3880045e-01  -3.5250092e-01  -6.1346173e-02   5.5700236e-02  -3.7215285e-01  -3.4573655e-01  -6.9424759e-03   2.1106026e-01   8.0977621e-01  -4.2631649e-01   2.4021676e-01   1.3159843e-02   6.0697656e-01   4.8302704e-01   4.9372724e-01   4.3097635e-01   4.7477962e-02  -3.0195127e-01  -3.5103936e-01  -1.1443195e-01   5.0616929e-01  -1.8503972e-01  -4.3625480e-01   2.7826934e-01   2.8133424e-02   6.9583184e-01  -1.8028492e-01  -1.3114695e-01   2.5055296e-01  -1.7309009e-01   2.6847468e-01   3.1213541e-01   7.1838963e-01  -4.3353773e-01   3.3882956e-01  -2.0287653e-01   2.4565841e-02   3.1566663e-01  -5.1805669e-01   8.7606632e-02   7.6362691e-01   1.1780748e-01   7.1462888e-01  -2.6415771e-01   1.7899006e-01  -7.2684558e-02   1.0373214e-01  -2.8552820e-01  -1.6735590e-01  -2.6784519e-01   2.7593704e-02  -4.4787383e-01  -3.9975576e-01   1.5875914e-01   7.8528940e-01   2.1960041e-01  -1.8421615e-01   2.2548405e-01   4.9324733e-01   2.4096969e-01   7.3349567e-02   6.0893689e-01   6.4779576e-01  -7.2896486e-02   8.1351294e-01  -2.9633578e-01  -2.2998950e-01  -1.7215339e-01  -7.4597458e-02   1.0782416e-01  -3.2343653e-02   1.5686766e-01  -2.3512870e-01   7.5391355e-01  -1.6149632e-01   4.0248100e-02   2.4558058e-01   1.0292704e-01  -1.8160338e-01  -1.7375332e-02  -1.0061626e-01   6.6430389e-02   1.2669326e-01  -2.4108725e-01  -1.1894785e-01   5.8318219e-01  -2.1617448e-01  -1.9732972e-01  -4.4289080e-01   1.7612806e-01  -1.3536771e-02   2.0850576e-01   8.1054375e-01   4.4109250e-02   1.5092406e-01   7.9326196e-01  -7.2067023e-02   7.7501473e-02  -2.6170260e-01   2.8098478e-01   1.5128643e-01   7.5627171e-02   4.5113536e-01  -2.8057149e-01  -4.6215955e-01  -2.0862360e-01  -1.7363117e-01   2.1054267e-01   3.4406935e-01   2.7293961e-01   1.7325951e-02  -1.5123811e-02  -1.6056847e-01  -1.3809107e-01   2.6380089e-01  -8.4287333e-02   4.2841786e-01   2.5153339e-02   5.0089393e-01  -3.4751347e-01   5.8613059e-01   5.9627963e-01  -4.4772574e-01  -6.0253888e-02   4.8940964e-01   6.3227630e-02  -2.2232414e-01  -5.0006526e-01  -2.1407599e-01   3.8702764e-02   5.7907013e-02   4.0268296e-01  -1.0458907e-01   5.4622711e-01
   5.8722618e-02   5.2907322e-01  -8.8470816e-02  -1.6821102e-01   3.3017511e-02   6.9196930e-02  -2.5105172e-02   2.3918630e-02   0.0000000e+00   3.1023775e-01  -6.7364388e-02   5.0554597e-01  -1.4590311e-01  -9.7470730e-02  -2.8939907e-01  -7.7883961e-02  -1.7169611e-01  -3.6970111e-01  -7.6132036e-02  -2.0231271e-01  -6.7334823e-01  -2.5156267e-01  -2.2765094e-01   5.3393298e-02   2.9649323e-01   7.8802407e-02  -3.9054444e-02   1.9481370e-02   1.7342385e-01   3.3920726e-01  -1.3584627e-01   3.0972270e-02   1.5383566e-01  -1.2418323e-01   6.7951796e-01  -4.1322220e-01  -3.6338279e-01  -6.2670599e-02  -1.2130967e-01  -1.1522725e-01  -3.6209022e-01   1.2913154e-01   6.2977064e-01  -1.2461842e-01   1.8986614e-01  -3.9313189e-01  -5.9470795e-01   2.2674882e-01  -2.3496813e-01   3.5589415e-02  -3.9449524e-01   1.2102557e-01   6.9852342e-03   2.5901132e-01   2.8174396e-01  -1.1731188e-01   5.5248687e-02  -2.0849929e-01  -7.7999588e-02   5.0886263e-01  -3.2440976e-01   1.3058660e-01   4.5827652e-01   3.0606226e-01   5.0007652e-01  -2.6178426e-01   6.0737343e-03  -6.8589414e-02  -3.2365023e-03  -3.4337391e-01  -2.3241292e-02  -1.9096580e-01  -3.1738970e-01  -1.1205137e-01   2.4599194e-01   3.5295663e-01  -3.6857590e-01  -1.8247115e-01   4.2616889e-01   2.6750990e-01  -2.5555898e-01  -3.2080874e-02  -2.2575917e-01   5.7049113e-02  -2.0409791e-01   1.1140928e-01  -2.4222089e-01   2.3163887e-01   7.0645364e-01  -1.0790231e-01  -1.2829116e-01  -2.2752504e-01  -9.9809581e-02   7.4882195e-01  -2.4653003e-01  -4.3908770e-01   1.7520843e-01   1.6985292e-01   7.8595376e-02  -4.8888833e-01  -2.8926339e-01  -2.9949221e-01  -3.2540172e-01   1.5009239e-01  -3.5367098e-01   1.6774409e-01   2.4419889e-01   1.1900552e-01  -4.1128877e-01  -5.4183515e-01  -8.7535817e-02  -2.6493152e-01   2.6724535e-01  -1.8809993e-01  -2.3480507e-01   4.7991138e-03   1.6269239e-01  -3.0539938e-01  -3.4658548e-01  -5.5251401e-02  -1.6881571e-01   4.1285705e-01   3.9425844e-01   5.5548093e-01  -2.8113399e-01   5.3039997e-02   4.5696914e-01   1.6117887e-01   3.0265584e-01  -7.4450175e-02  -3.7907635e-01   3.1284806e-02   3.0971523e-01  -4.4123086e-02   7.2038214e-01   2.1996015e-01   6.6003663e-02  -8.5293224e-02   1.8253554e-01   8.6628605e-02  -8.4945979e-02  -7.4341301e-02  -4.4724329e-01  -1.0918126e-01  -1.4595561e-01  -2.2433914e-01   3.0203064e-01  -1.6268699e-01  -5.0672242e-01  -5.1882498e-01  -3.5512440e-01  -3.9574582e-01  -3.2205127e-02   4.0275898e-02   3.8571653e-01   1.3998596e-01  -3.6632930e-01  -2.8327373e-01  -2.1454674e-01  -2.7363570e-01   6.7061100e-01  -1.3129767e-01  -1.0599191e-01  -4.1313888e-02  -1.3515926e-01   3.8077682e-01  -5.7864362e-02   2.6530867e-01  -1.4995479e-01  -6.4519442e-01   1.7988982e-01  -4.2950931e-02   9.2307196e-02   1.9877617e-02   2.6319667e-01   5.5489902e-02   1.4347272e-02
  -8.3120073e-03   1.0613746e-01   5.4290496e-02  -1.2393774e-01   1.5781666e-01  -6.9622905e-02   1.9953694e-01  -3.2037778e-01   3.1023775e-01   0.0000000e+00  -4.0881544e-01   5.7282057e-01   2.3593399e-01  -3.7672682e-01  -1.3952965e-01   3.5002306e-01  -3.2984904e-02  -2.2433341e-01  -2.6184386e-01   1.7770712e-01  -3.5133171e-01  -4.5094066e-01   1.3469555e-01  -3.6696826e-02   2.8337697e-03  -2.7330181e-01  -9.5331396e-02  -3.3338786e-01   5.6677079e-02  -1.4657738e-01  -3.5399705e-01  -2.2281345e-01   2.1283296e-01   3.0357683e-01   4.6356351e-01   1.0511579e-01   2.6427890e-01   1.9571346e-01   3.3162970e-01   2.7513877e-01   8.6882418e-02   1.6618305e-01   5.2287654e-01  -3.8837441e-01   4.2499241e-01  -2.9847920e-01  -3.9929172e-01   2.7829977e-01   8.5939829e-02   3.2289338e-02  -2.1584973e-01  -3.1519345e-01   3.5944968e-01  -1.4825966e-01  -4.6860589e-02  -3.6476417e-01  -2.5094035e-01  -4.3724251e-01  -9.7511770e-02   2.3035580e-01  -3.8208267e-02   2.6836451e-01   3.1825633e-01  -3.1891893e-01   1.9888170e-01   7.9044133e-02  -2.2589512e-01  -1.1723795e-02  -2.7456776e-01  -9.8044456e-02   2.9652973e-01  -2.2139201e-01   6.7646320e-03  -2.0798924e-01  -4.2968927e-03  -2.3352460e-01  -4.1457181e-02  -3.8860926e-01   2.7054883e-01   3.0742898e-01  -3.3254648e-01   3.8542855e-01  -3.2541389e-02  -1.8444353e-01  -2.2752728e-01  -3.4022223e-01  -2.5092085e-01  -2.0890297e-01   4.3396822e-01  -1.8060811e-01  -7.9107083e-02  -1.1793469e-01   3.2490358e-01   1.8696755e-01   3.9717068e-02   1.2155706e-02   3.8998455e-02  -1.9341254e-01  -9.6063090e-02  -1.7745616e-02  -4.2370724e-01  -4.3243799e-01  -6.4503311e-01  -2.7434589e-01  -4.4367016e-01  -1.0680827e-01   6.1790260e-02  -2.4186877e-01   2.1238404e-01  -2.7874813e-01   2.8629074e-01  -4.4146002e-01   3.4225855e-02  -5.5406080e-02  -2.2884018e-01  -1.3474857e-02  -2.9556401e-01   9.0062556e-02  -4.5268933e-01  -1.7921660e-01  -1.7510096e-01   3.2557285e-01   2.3274567e-01   1.9753985e-01  -2.3511280e-01  -2.8299850e-01   6.5157859e-01   2.1991365e-01  -1.3547054e-01   5.7039878e-02   1.5282200e-01   2.3429651e-01  -4.0320243e-02  -1.4753471e-02   2.9645166e-01  -2.9249288e-01   3.6674638e-02  -1.9139362e-01  -2.9612960e-01   2.6341866e-01   1.1359476e-02   9.6515477e-02  -5.2317283e-01  -1.2701438e-01   7.7024466e-03  -5.0326555e-01   6.2499651e-01   1.9049253e-02  -2.4678520e-01   6.4877840e-03  -3.3413979e-01  -5.5877464e-01  -3.4786169e-01  -1.3147454e-01   1.8379397e-01   2.3254464e-01  -1.0624662e-01  -7.4716888e-02  -2.2904080e-01  -4.5723933e-01   2.5670991e-01  -4.8904459e-01   4.1234330e-01  -2.8992268e-01  -2.9429846e-01   4.9382457e-01   2.7548831e-02  -1.7258562e-01  -1.9209690e-01  -1.6434183e-01   3.5684392e-01   1.5843045e-01  -4.8644435e-02  -2.1312905e-01  -4.1210484e-02   1.2939372e-01  -1.9625675e-01
  -1.1067461e-01  -1.5996829e-01  -3.6611936e-01  -3.7811306e-02  -3.0002395e-01   1.4704481e-01  -2.1747152e-01   3.6500073e-01  -6.7364388e-02  -4.0881544e-01   0.0000000e+00  -3.8208847e-01  -1.5735025e-01   2.4781110e-01   4.3837879e-01  -2.9383238e-01  -3.1106899e-01   3.0265067e-01   2.8198127e-01  -3.6185048e-01   2.2243816e-01   4.1024091e-01   1.6645463e-03  -1.2654646e-01  -9.7817010e-02   3.4691954e-01   1.8624911e-02   4.5056157e-01  -1.5118709e-01   1.0630829e-01   6.4744357e-01   2.6993861e-01  -4.0229923e-01  -1.9650912e-01  -2.9625066e-01  -1.1887662e-01  -2.2477196e-02  -3.0023058e-01  -2.0185360e-01  -2.7202702e-01  -4.1508142e-02  -1.7446821e-01  -3.2963852e-01   5.0478156e-01  -2.4472555e-01  -4.3290826e-02   4.3732405e-01  -1.5535295e-01  -6.1582883e-02  -2.2966768e-01   2.7178516e-01   2.8872339e-01   8.9418355e-04   5.4894992e-02   9.3169109e-02   4.6809398e-01   2.5932113e-01   4.4488835e-01   1.6592127e-01  -1.7839073e-01  -2.5987733e-01  -2.0645385e-01  -1.3096306e-01   6.6514325e-01   1.0086382e-01  -2.4079694e-01   7.6231047e-02  -1.4151255e-01   4.9567705e-01  -1.8933717e-01  -1.2168697e-01   2.3900052e-01   1.9623967e-01   3.4481768e-02   4.0453589e-02   4.6661218e-01  -1.6481035e-01   2.6015798e-01  -2.1943537e-01  -3.5339363e-02   4.0126581e-01  -2.9663610e-01   1.6502935e-01   3.6766762e-01  -4.0337298e-02   4.1832257e-01   1.6599833e-01   1.4287215e-01  -2.0449717e-01  -5.6562770e-02  -9.0403948e-02  -2.9735659e-01  -3.5584937e-01  -6.7724789e-03  -2.0947476e-01  -2.5409071e-01   1.6637497e-02   4.1823046e-01   1.7750259e-01   6.8784681e-03   3.0124927e-01   6.3081189e-01   4.5004458e-01   1.3278101e-01   5.5972826e-01   2.6285658e-01  -8.1023877e-02   4.5224369e-01  -3.7568160e-02   1.1884961e-01  -5.1288830e-02   1.7441964e-01  -1.3636136e-01  -2.1294627e-01   3.0402906e-01  -6.6374310e-02   4.4511768e-01   2.8043777e-02   2.3149877e-01   2.4394446e-01  -1.6547819e-01  -3.3141114e-01  -2.8152728e-01   3.1905607e-02  -1.0888540e-01   1.5440707e-01  -1.6999271e-01  -1.1705520e-01   2.1290252e-01  -2.6454661e-01   2.1239222e-02   1.3871479e-01  -7.5763660e-02   3.6885244e-01  -8.7264509e-02   4.4407550e-01  -1.2100862e-01   4.0640096e-01   4.8243288e-01  -4.4122900e-01  -7.3475827e-02  -3.2102199e-01   5.2688071e-01   2.0037901e-01   2.8442132e-01   5.6979994e-01  -3.5310466e-01  -1.7231865e-01   3.7133312e-02   4.2218424e-02   6.7431887e-02   5.0824668e-01   4.4395152e-02   4.5844400e-01  -3.8232862e-01  -4.3360329e-01  -2.8015004e-02   1.7343848e-01  -1.8887109e-01   3.9013848e-01  -3.1752487e-01   7.1057205e-01  -9.2310357e-02   4.5347804e-01   4.4123659e-01  -2.2067831e-01   1.7854624e-01   3.8870726e-01  -1.3084563e-01   1.2471759e-01  -3.4840302e-01  -1.9677329e-01   7.6681451e-02   2.5896121e-02   2.6031643e-01  -2.9470506e-01   2.9875713e-01
  -1.1882973e-02   6.3758783e-01   2.6939484e-01  -2.7999224e-01   4.6760845e-02   1.1115161e-01   9.9949603e-02  -6.5053364e-02   5.0554597e-01   5.7282057e-01  -3.8208847e-01   0.0000000e+00  -1.4537356e-01  -1.8948158e-01  -3.8652555e-01   5.6280277e-02   1.3909178e-01  -2.7869924e-01  -2.5620611e-01  -9.1493261e-02  -4.5493190e-01  -2.9283697e-01  -1.5224434e-01   1.6635840e-02  -2.9990841e-02   1.2525621e-01  -2.9503223e-01  -3.4500401e-02   1.9053840e-01   1.5505925e-01  -3.5010266e-01   6.8596733e-02   1.1754208e-01   1.3784717e-01   6.5392373e-01  -2.5493311e-01  -1.7955043e-01   5.5107670e-02   9.5159185e-02   3.9532159e-02  -2.9062380e-01   6.0853859e-02   5.4532937e-01  -6.0678433e-02   1.1425323e-01  -3.3746506e-01  -5.7412179e-01   2.0744818e-01  -3.1336257e-01   1.8769301e-01  -1.9151871e-01   1.4585559e-02   1.6810587e-01   1.8537668e-01   1.4447713e-01  -1.1523774e-01  -6.6765724e-02  -3.8554363e-01  -2.6125526e-02   5.5356517e-01  -1.4055700e-01  -2.4595876e-02   2.9804658e-01  -1.0916732e-01   2.1906580e-01  -9.8058272e-02  -3.9121187e-03   9.3641711e-02  -1.5888030e-01  -1.4420791e-01   3.3321749e-01  -2.8491152e-01  -2.2798366e-01  -1.2299263e-02   8.4562719e-02   4.1980210e-02  -2.1559153e-01  -2.0083383e-01   2.8520174e-01   6.4708322e-02  -2.4815484e-01   1.2776165e-01   1.8443157e-01   1.4327858e-01   7.6819381e-02  -1.3692769e-01  -1.6822928e-01  -2.5092194e-02   5.1239142e-01  -1.9968361e-01  -2.1415731e-01  -1.2412771e-01   4.7740128e-01   3.6195138e-01  -1.3363829e-01  -3.0359816e-01  -4.7889196e-02   6.8222269e-02  -1.8109426e-01  -3.1165300e-01  -2.4589385e-01  -2.9519805e-01  -4.3394490e-01  -1.5151023e-01  -2.7407600e-01   1.0571546e-01   4.2104674e-02  -6.7057780e-03  -2.1246029e-01  -3.3547254e-01   3.4603647e-01  -2.9453677e-01  -5.4197041e-03  -1.2009957e-01  -2.5645978e-01  -5.9199343e-02  -2.7833942e-02  -2.2609647e-01  -2.0829873e-01  -1.5288504e-01  -1.7693884e-01   3.3970199e-01   3.5461417e-01   4.1932510e-01  -3.1017135e-01   7.9883603e-03   5.7598153e-01   8.2169032e-02   9.9594837e-02   8.0190467e-02  -2.0629762e-01  -9.2297771e-03   3.4267459e-01  -1.8003719e-01   4.6757413e-01  -2.1103223e-02   1.2044670e-01  -1.6372959e-01  -7.8719371e-02   2.3976412e-01  -2.0750556e-01   6.6096451e-02  -4.4539295e-01   9.0632614e-02  -1.3004934e-01  -2.6836371e-01   5.9429308e-01  -9.4876547e-02  -2.7830934e-01  -3.5777029e-01  -2.1022807e-01  -4.1225141e-01  -1.6019015e-01  -9.8987061e-02   6.1542841e-01   2.2389084e-01  -3.0748918e-01  -5.8255044e-02  -1.1870893e-01  -2.9818985e-01   3.7299822e-01  -3.0385775e-01  -5.4227216e-03  -1.2611223e-01  -2.4016122e-01   2.9288063e-01   3.6173990e-02   4.6686454e-02  -8.4258971e-02  -3.4607659e-01   1.5264349e-01   2.6008024e-02  -1.6161614e-01   1.7176332e-01   2.2774524e-01   6.8958629e-02  -1.5153299e-01
  -8.8910730e-02  -3.4370903e-01  -7.4047736e-02   9.1932598e-02   4.6388046e-01   7.9677869e-03   3.2459443e-01  -3.7633188e-01  -1.4590311e-01   2.3593399e-01  -1.5735025e-01  -1.4537356e-01   0.0000000e+00  -4.7618795e-01  -2.0080272e-01   6.2123069e-01  -7.6076043e-02  -7.7982197e-03  -1.2266705e-01   5.7749606e-01   7.5743565e-02  -2.1373912e-01   7.7653003e-02  -2.9049710e-01   6.3655718e-02  -4.0027672e-01   1.9334423e-01  -4.4944726e-01  -4.0501167e-04  -2.0767052e-01  -3.9609044e-01  -3.0909121e-01   4.4130559e-01   2.8692531e-01  -9.7349654e-02   5.0518362e-01   3.8255136e-01   8.2776633e-02   5.6564338e-01   2.6426953e-01   7.4332987e-01   4.8035054e-01   1.8637723e-01  -4.2713282e-01   3.8479571e-01  -1.0523192e-01   1.5635954e-01   1.5838741e-01   5.5662436e-01  -9.8536873e-02   2.0104779e-02  -4.5461755e-01   4.7297424e-02  -3.2291227e-01  -2.9353466e-01  -3.6634649e-01  -1.5511612e-02  -2.1817517e-01   7.8878660e-02  -1.8167026e-01  -6.9587355e-03   4.6970534e-01   6.2392427e-02  -4.1893573e-01   5.6406988e-02   4.0667743e-01  -1.6141705e-02   2.6453688e-02  -2.4376051e-01   1.1159233e-01  -2.5832317e-01   2.6521703e-02   5.1592847e-01  -2.6060790e-01  -1.8247796e-02  -5.8850543e-01   7.3357261e-02  -2.3635600e-01   1.7363539e-01   3.7042098e-01  -2.9654680e-01   6.0688991e-01  -2.7761292e-01  -2.4642699e-01  -3.8346577e-01  -5.5971222e-01  -1.0680377e-01  -3.9506616e-01  -9.9126134e-02  -9.8492225e-02   3.0431958e-01  -2.5076201e-02   1.1384088e-01  -1.3877359e-02   4.4797577e-02   6.3893451e-01   1.0133194e-01  -4.6613014e-01   1.1884134e-01   2.6057219e-01  -4.5366360e-01  -2.6811181e-01  -3.1853640e-01  -1.8289376e-01  -2.5701609e-01  -3.5787727e-01   2.8327102e-01  -2.8547863e-01   2.2622214e-01   2.5958893e-01  -1.4911624e-02  -2.9214614e-02   9.0403876e-03  -1.1266582e-02  -2.4609267e-01   2.0046942e-01  -4.2704515e-01   5.8786873e-01  -3.1668680e-01  -1.0050170e-01  -2.2963371e-01   3.3567594e-01   1.3967197e-01  -2.4009266e-02  -4.0097608e-02  -3.1972167e-01   1.0880779e-02   3.5488358e-01  -3.9918036e-01   2.1870783e-02   4.4206184e-01   1.8498236e-01  -4.8712768e-01  -1.8786048e-01  -1.4265701e-01  -5.1281524e-01   3.7948591e-01  -3.3815761e-01  -5.2865667e-01  -3.6156222e-02  -1.9902378e-02   5.0670007e-01  -9.4812322e-02  -1.7730057e-01  -1.3488447e-01  -3.6821089e-01  -8.0548432e-02   4.5621204e-01   3.3068870e-01   2.3486263e-01  -2.6249395e-01  -2.8964909e-01  -2.7556684e-01   6.2695846e-02  -1.9102314e-01   2.3941341e-02  -8.3191667e-02   1.5115380e-01  -2.1057222e-01  -3.4144764e-01  -1.0094575e-02  -1.6131647e-01   1.7315323e-01  -2.6155797e-01  -2.7515542e-01   4.6512563e-01   3.0945265e-01  -4.9604301e-01  -1.4305079e-01   1.5920779e-01   5.0271314e-01  -2.8789497e-03   8.7944300e-02  -1.7429397e-01  -2.2875887e-01   1.3693048e-01  -2.1313571e-01
   3.3248066e-01   1.7585270e-01  -3.4782223e-01   2.1613675e-02  -5.4571453e-01  -5.8729684e-02  -4.5512119e-01   1.6736973e-01  -9.7470730e-02  -3.7672682e-01   2.4781110e-01  -1.8948158e-01  -4.7618795e-01   0.0000000e+00   3.3686033e-01  -4.3961543e-01  -2.8910820e-01  -8.4868770e-02   1.9532746e-01  -5.6712914e-01   8.1535812e-02   2.3781516e-01  -1.7045831e-01   4.1149899e-01  -4.1716824e-02   3.5434826e-01  -3.0658833e-01   3.3517234e-01   5.4460202e-02   1.5947466e-01   5.9077494e-01   2.5573898e-01  -3.3422031e-01  -4.0186974e-01  -1.5557007e-01  -4.8132802e-01  -3.1937687e-01  -1.5770271e-01  -3.9704013e-01  -3.1016705e-01  -4.2345413e-01  -4.1564755e-01  -3.3110909e-01   4.7782174e-01  -3.6524079e-01  -1.5179127e-01   2.3317337e-03  -2.3731156e-01  -4.5108580e-01   2.7609139e-02  -4.0855340e-02   3.9629505e-01  -5.7412010e-02   1.8176522e-01   5.9292501e-01   4.2706315e-01  -4.0601402e-02   2.7399940e-01  -1.8550066e-02  -6.8972771e-02  -2.2926597e-01  -4.5292441e-01  -1.0127036e-01   3.6577191e-01  -4.6762812e-02  -4.3191330e-01   2.1079767e-02   1.1462779e-01   2.0515085e-01  -2.8566630e-01   2.3560486e-01  -9.8158679e-02  -2.8900158e-01   4.8194549e-01   6.8800477e-02   3.6213342e-01  -2.6877532e-01   1.6238028e-01  -2.5048746e-01  -1.5484573e-01   3.0447414e-01  -5.3392590e-01   3.9862167e-01   8.2424114e-02   6.6646482e-01   3.8179359e-01   4.6765406e-01   6.6398175e-01  -2.0393066e-02   2.6249401e-01  -2.1314083e-01  -1.6152350e-01  -2.8993311e-01  -2.4823926e-01  -2.3955157e-01  -4.7760902e-01   1.3174816e-01   2.3652488e-01  -1.6143487e-01  -3.4536988e-01   6.7880219e-01   2.3363906e-01   5.6408755e-01   3.0249206e-01   2.2859529e-01   2.2657581e-01  -1.8916730e-02   7.7546668e-02  -8.5304467e-02  -1.3108817e-01  -1.6182319e-01   6.3116143e-02  -5.9515575e-02   9.1375920e-02   2.6577592e-01  -2.0291560e-01   2.6908459e-01  -3.3808887e-01   5.5521451e-01  -3.0592782e-02   1.4647931e-01  -3.6725999e-01  -1.0263111e-01  -2.1425224e-01  -9.7592559e-02   6.8978184e-01  -7.4888472e-02  -1.8787115e-01   1.7332619e-01  -2.3804205e-01  -1.7077379e-01  -8.4345417e-02   5.4167932e-01   3.0477813e-01  -1.2216119e-01   3.6083300e-01  -2.0188041e-01   3.8463307e-01   3.5060605e-01   3.9486296e-02   1.5271028e-01  -3.5935058e-01   1.7011898e-01   1.6939571e-01   1.2090407e-01   4.6710109e-01  -1.6615786e-01  -4.0822204e-01  -3.0757797e-01  -2.8542728e-01   3.0699434e-01   4.7054261e-01   1.8813917e-01   3.4155412e-02  -1.1011785e-01   2.2244683e-02   1.9804078e-02  -1.1159429e-01  -7.8440137e-02   2.3416277e-01  -1.1680843e-01   2.4644382e-01  -2.7635594e-01   1.6388503e-01   3.0112514e-01  -4.1039288e-01  -3.5947171e-01   4.8133778e-01   1.4775671e-01   2.3188328e-02  -4.8944262e-01  -2.1891172e-01  -2.8147141e-01   1.7944792e-01   2.7268841e-01  -1.2990972e-01   1.0087504e-01
