   0.0000000e+00  -3.5104344e-01  -6.1288029e-02   1.8226301e-01  -8.8521061e-02   1.7870169e-01  -2.3476201e-01  -4.5717533e-02  -5.4190348e-02   2.5950741e-02  -5.2416877e-02  -3.3697081e-01  -3.2093417e-01   3.2721011e-01   6.9967849e-02  -1.5756664e-01   1.8988970e-01   8.8567903e-02  -6.2123003e-02   2.5051029e-02  -8.2018288e-02   2.9220387e-02  -2.1700954e-02   4.6758577e-01   3.0542025e-01   4.1090683e-02  -1.0459875e-01   3.1108018e-01   5.2509463e-02  -8.3393210e-02   2.6291084e-02  -7.9460310e-02  -1.7923795e-01  -3.3558716e-01  -2.5572027e-01  -1.2083120e-01  -1.5278843e-01   2.0031747e-01  -2.6942847e-02  -3.1093288e-01  -1.0692483e-01   1.6355251e-01  -2.6646352e-01  -7.1521626e-02   6.6410043e-02   6.1888645e-01  -9.4912261e-02  -2.1516522e-01  -4.5353390e-02  -3.9750401e-02   8.7272512e-02  -6.7283151e-02  -2.7642078e-01   1.6760240e-01   1.5335691e-01   9.0835887e-02   7.7134441e-02   2.8098399e-02   1.8203728e-01  -1.3870828e-01   4.7883397e-01  -6.9922978e-02  -1.2892473e-01   3.5096658e-04  -1.9276563e-02  -8.8254749e-02   2.2478216e-01   9.1047099e-02   1.1287397e-01   4.7937936e-01  -4.1125214e-01   1.4231874e-01   1.0051296e-01   6.0815176e-01  -5.0932717e-02  -1.7209313e-01   5.8120599e-01  -1.9039690e-01  -2.5177167e-01   1.4673225e-01   5.1958066e-02  -3.4981584e-02  -5.4845486e-02   1.0499019e-01   5.1659267e-01  -9.0288898e-02  -2.3703268e-01   4.5042939e-01  -2.2651558e-01   6.6504712e-01  -2.0543932e-01   3.9711249e-01  -1.6060111e-01  -2.3763612e-01   3.6817492e-01  -9.6370507e-02  -1.3173507e-01   4.1544809e-02  -5.3261470e-02   1.3298722e-01   4.2505996e-01   8.5242961e-02   2.2334630e-01   8.6388886e-02  -1.3244200e-01  -5.0994336e-02   2.8851125e-02   3.9698530e-03   8.4853881e-02  -4.9147345e-03  -1.4428329e-01   2.2821282e-01   5.1218943e-02   5.9868563e-01   5.2576188e-03  -2.0751717e-01  -1.9623652e-01   4.4456506e-02   3.2208128e-01  -1.3333077e-02   6.7979256e-01  -2.3089881e-01  -1.5922807e-01  -2.4169264e-01   6.0998254e-01   3.5430373e-01  -1.6101522e-01  -9.5530304e-02  -3.2923195e-02   1.2806083e-01  -2.9396670e-01  -1.1524188e-01   3.1411219e-01  -1.2934213e-01   2.6433582e-02  -4.5215611e-02  -4.1503778e-02  -4.9847800e-02  -6.0339562e-02   2.2383286e-01   4.9605342e-01  -2.4771797e-01  -1.3243264e-01   1.8167119e-01   2.3853559e-01   1.6333884e-01  -4.3025662e-01  -2.2559580e-01  -6.0810717e-02   2.4288640e-02   6.2511531e-01   6.8023844e-02   5.7584627e-01  -6.5787603e-02  -3.7114026e-01   3.1966859e-01   6.6902758e-01   1.1532754e-01   3.8181846e-01   3.1543958e-01   1.0402013e-01   9.5030672e-03   1.7235248e-02  -5.9916464e-02   9.1674411e-02  -3.0333889e-01  -2.2690734e-01   4.1963336e-01   7.1659671e-01  -1.1899299e-01  -1.6759360e-01   3.0784037e-01   9.0316382e-02  -1.1990815e-02   2.8081108e-02   3.0524197e-01  -1.9391579e-04
  -3.5104344e-01   0.0000000e+00   2.7316945e-01  -2.0389948e-01   1.3272229e-01  -3.6003919e-01  -2.4453921e-01   6.2919691e-02   4.0831809e-01  -3.5725766e-01  -1.6184227e-01   7.8212614e-01   3.1552099e-01  -4.0975995e-01  -3.1909141e-02  -1.7516025e-01   1.9983256e-01  -6.6544047e-01   3.4562944e-02   2.7040156e-02  -5.9147028e-01  -2.6266191e-01  -5.4481431e-01   9.6365444e-03   1.7378654e-01  -1.0349091e-01   1.3745268e-02  -3.2138341e-01   1.6772151e-01  -1.5622745e-01  -1.4118343e-01  -1.4873950e-02  -3.3852226e-03   4.5505246e-01   3.3600449e-01  -3.8785454e-01  -1.2045102e-01  -1.7875096e-01  -9.2814968e-02   5.0548653e-01   1.0293426e-01  -3.3987770e-02   5.5334426e-01   1.8464145e-02  -4.1908099e-01  -4.0575069e-01  -3.9792661e-01  -6.5069960e-02   1.4382528e-01   2.4039325e-01  -4.2680662e-01   8.0824644e-02   6.2356522e-01  -4.9463365e-02  -2.9210951e-01  -2.7057416e-02  -3.8057295e-01  -1.3835777e-01  -2.2446991e-01   5.4308460e-01  -2.4805134e-01   5.4601843e-02   6.3223395e-01   4.5334393e-01  -1.5505515e-02  -4.3121431e-01  -3.2198543e-01   2.0729632e-01  -1.0223007e-01  -4.8429102e-01   6.9504606e-01  -5.3615780e-01  -1.0797211e-01  -1.1285583e-01   7.7118190e-02  -1.1470276e-01  -3.5637986e-01   3.1119441e-02   5.2802498e-01   4.0765160e-02  -4.2559785e-01   5.1106931e-02  -2.4610034e-01  -2.5968639e-02  -2.9656854e-01  -5.3604708e-02   7.9793139e-01  -2.2039934e-01   5.1993587e-01  -3.5610025e-01   7.7096591e-01  -2.2918847e-01  -5.2864889e-02   4.7470640e-01  -2.1861193e-01   5.7042582e-01   3.1114156e-02  -4.6687544e-03  -1.1947251e-01  -6.0230456e-01  -4.0052630e-01  -2.6497447e-01  -3.8760717e-01   2.5070337e-01  -4.0242090e-01   5.9573956e-02   2.1852002e-01  -9.1522400e-03   2.6685133e-02  -3.4618691e-01  -1.3675970e-01  -4.6418207e-01  -1.9506598e-01  -3.3007395e-01  -1.7866597e-01   5.3539797e-01   2.0976821e-01   1.0604235e-01  -4.2887683e-01  -2.6389551e-01  -2.9360358e-01   6.6192737e-01   5.1316187e-01   4.8577755e-01  -3.1259473e-01  -5.7053507e-01  -2.4345744e-02   2.5102846e-01  -7.2521790e-02  -3.6014214e-02   2.5756117e-01  -3.9042111e-01   3.2032354e-01   6.6874434e-02  -1.7193920e-01   2.6596882e-02   3.8499115e-02  -4.1263351e-01  -3.7127268e-02   1.2757325e-02  -6.5452650e-02   2.5279279e-01  -1.7934018e-01  -4.7698830e-01  -4.1456177e-01  -5.7324070e-01   5.0039836e-01  -1.1639477e-02  -5.7368345e-01  -5.7459810e-01  -3.2267646e-01  -2.9683357e-01  -2.6557008e-01  -2.4588968e-02   7.8505301e-01  -7.7864636e-02  -3.2264876e-01  -8.6833876e-02  -2.2170846e-01  -2.3633883e-01   2.4036412e-01  -1.1339983e-01  -3.6037816e-01  -5.7851757e-01  -9.7668077e-02   5.0965940e-01  -1.5436300e-01  -4.4303814e-01  -4.3173449e-01   3.6706634e-01   5.6177932e-01  -1.1670764e-01  -4.2448543e-01  -2.3860383e-02  -7.5731374e-03  -5.4202997e-02  -5.1587684e-04
  -6.1288029e-02   2.7316945e-01   0.0000000e+00   1.2546911e-01   1.1915017e-01   4.6826602e-01  -1.2222181e-02   1.0835475e-01  -3.9156692e-02  -1.4734664e-01  -5.5905497e-02   5.7072379e-01   8.3218857e-02  -1.1701026e-01  -9.3192860e-02   1.8202589e-01   6.8773324e-01  -3.3083065e-02   1.7082241e-01   1.0548020e-01  -2.3545341e-01   1.4580830e-01  -2.0347392e-01   1.1520675e-01   6.8516338e-02   9.9897055e-02   2.7198549e-01  -1.7070005e-01   4.0558024e-02   8.1804054e-02  -4.1157287e-01   5.0862426e-02   1.0300220e-01  -5.7821494e-02  -1.6370494e-01  -1.2458314e-01  -3.2525403e-01  -1.4322876e-01   1.7286772e-02   4.4618378e-01   4.4103403e-02   1.4472837e-01   2.4065505e-01   2.2625011e-01  -1.7610591e-01  -2.1218952e-01  -2.7698508e-02  -2.3736006e-01  -1.5696845e-01   6.4100300e-01  -8.1119682e-02   1.5525792e-01  -1.6336967e-02   2.2834242e-01  -2.8015493e-01   5.5153841e-02   1.5820213e-01   7.4660405e-02   2.8346629e-02   1.5876360e-01  -1.6001601e-01  -1.3045328e-01   1.8180385e-01  -2.5718986e-01  -4.2936275e-01  -1.5291357e-01   3.4155303e-01   2.6380368e-02   1.1676050e-01   1.6213897e-01   1.9581082e-01  -1.2641469e-01   1.2694726e-02   1.3884912e-01   1.6072405e-01  -2.2068255e-03  -1.3808012e-01   4.9831406e-02  -1.9339687e-02   2.7699005e-01  -1.5409411e-01   1.3226236e-01   1.1459805e-01   1.8803698e-01   1.5997989e-01  -1.2574183e-01  -1.0003559e-01  -1.2222705e-01   1.6980337e-01  -8.3410158e-02   1.3084789e-01   1.3238911e-01   1.8033488e-01   5.8151904e-02  -1.6662262e-01   3.4881352e-01   1.9300937e-01   8.7825952e-02   5.8599684e-02  -1.2023219e-01   7.1625854e-03  -1.2728784e-01   1.1050610e-01   1.0738805e-01  -1.2525439e-01   1.2154238e-02   4.5904052e-01   2.7420830e-01   9.8322646e-03   1.5025813e-01  -4.6028465e-02   4.5629540e-02  -9.6355141e-02  -1.2087286e-01   2.9714191e-02  -6.7114943e-02   2.0167215e-01   1.8610017e-01  -5.0466026e-02   8.5647228e-03  -1.2344568e-01   2.7216833e-01   2.7455385e-01  -2.9441819e-01  -1.5863061e-02  -7.5497154e-02  -6.1260533e-02   2.6342516e-01   1.8398090e-02   3.7051437e-01   2.0895081e-01  -3.9462037e-01   3.4975337e-01  -3.0886006e-01   1.2959476e-02  -9.3376651e-05   2.9248432e-01  -3.1759291e-01  -4.0888492e-02  -8.9278913e-03  -1.8835739e-01   9.3176710e-02  -1.2392817e-01   1.2648243e-01  -1.8414332e-01  -4.4110072e-01   4.3369267e-01  -7.5631722e-02  -3.8663620e-02  -2.5299067e-01   3.3126880e-02   9.3821238e-02  -6.8648621e-02  -1.9047145e-01   6.1351143e-01  -2.7879953e-02  -1.2558716e-01  -6.1990937e-03   7.7394245e-02   1.3516314e-02   1.2273278e-01   2.4886683e-02  -3.4601437e-01  -8.5451244e-02   9.4817952e-02   4.8403091e-02   9.3590806e-02  -1.3756265e-01   2.5972634e-02   3.7707713e-01   1.2932537e-01  -1.1265599e-01  -2.1488502e-01   5.1858685e-01   1.5773952e-01  -6.7224772e-02   1.5258432e-01
   1.8226301e-01  -2.0389948e-01   1.2546911e-01   0.0000000e+00  -3.0878283e-01   2.0843073e-01  -7.5078803e-02   4.4075826e-01   1.9658837e-01   6.1352738e-02   1.9638703e-01  -1.5854347e-02  -3.7658656e-01  -1.2846790e-04  -1.9573659e-01   1.5764191e-01   2.2296126e-01   2.1588179e-01   1.3241316e-01   8.0596036e-02   2.8912949e-02   6.6080947e-01  -6.0777301e-02  -4.8648796e-02  -1.6987211e-01   5.8475588e-01  -2.0832973e-01   7.9559573e-02  -1.7165032e-02   1.5576964e-02  -2.1257582e-01   4.8831287e-01   2.4020717e-01  -2.1649597e-01  -1.4842712e-01  -1.4636667e-01   1.5346538e-02  -4.3375697e-01   9.4215347e-03  -2.1575817e-01  -1.6670579e-01  -8.9520078e-02  -2.2516664e-01   3.7983075e-01  -1.8259889e-02  -6.6221434e-03   1.5088745e-01  -3.2411391e-02  -3.9158170e-01  -1.5657160e-01   1.5263822e-01   4.7111734e-01  -1.3835370e-01  -7.0859399e-02   1.9903778e-01   2.4159340e-01   2.7321900e-01   6.4020186e-01   2.5580261e-01   2.2196321e-01   1.9360152e-02  -3.4994983e-01   4.7741247e-03  -1.1376332e-01  -2.3074755e-01  -1.5632214e-01   1.3422509e-01  -1.0607898e-02   2.3683632e-01   2.4445020e-01  -1.3984339e-01   5.7432170e-01  -1.7111705e-01   1.7644460e-01   1.1435681e-01   4.0047990e-01   3.5716608e-02   1.0826884e-01  -3.3947483e-01   2.1678631e-01   4.7111160e-02  -1.5795909e-01  -2.7301920e-02   3.9466782e-01   7.6033751e-02   3.3212765e-01  -1.0546091e-01   2.1000256e-01  -2.6083770e-01   1.1615017e-01  -2.8208527e-01   1.0265117e-01  -4.9316617e-03   6.5412675e-02  -2.4613377e-01  -2.0902516e-01   2.4621450e-01   3.6823874e-01   6.4265450e-02  -2.0942061e-02   1.1793353e-01   2.1484213e-01   4.4095403e-01   4.2990094e-01   2.3149246e-01   4.7172374e-01  -1.4636432e-02   5.6065744e-01   2.9704694e-01  -1.2960810e-01  -1.9604690e-01   3.7297156e-01   2.6799245e-01   1.8221313e-01  -1.9155252e-02  -2.4466863e-01   1.5419563e-01  -1.3898637e-01  -5.3822008e-02   7.6132092e-01   1.4315667e-01  -2.6647092e-01   1.4964885e-01  -2.0145528e-01   9.2740933e-02  -4.8014837e-02   1.2742995e-04  -2.3376800e-01   5.8588138e-01  -6.2602060e-02  -3.1202227e-01  -2.5117419e-01   8.1204560e-02  -2.9974636e-01   5.5083730e-01   3.8741314e-01  -9.7601389e-03  -6.9416675e-02   4.5239295e-01  -5.5032347e-02  -2.5180813e-01  -3.7980285e-01   2.1925522e-01  -6.2577260e-02   6.3695726e-02   1.6692143e-01  -2.0417366e-01  -3.8210122e-01   6.2916923e-02  -1.4364389e-01   2.3682604e-01   1.9394265e-01   2.1572662e-01   5.5793556e-02  -1.3316802e-01  -1.3109886e-01   1.2196173e-01   5.3061932e-02   6.8668394e-03   4.0597958e-01  -3.4393706e-01   3.3530541e-01  -1.2530694e-01   3.7140475e-01   5.4000751e-01  -2.5070904e-01  -1.1258421e-02   5.8103145e-02   1.3812908e-01   3.8478345e-02  -3.9265954e-01  -3.1514135e-01   2.4172223e-01   3.0227384e-02   9.3492811e-02  -2.0846534e-01   6.5872107e-01
  -8.8521061e-02   1.3272229e-01   1.1915017e-01  -3.0878283e-01   0.0000000e+00   1.2807777e-01   1.6933014e-01  -3.6121281e-01   3.3385503e-03   4.4433464e-02  -3.2140057e-01  -6.7268684e-02   9.4031633e-02  -2.0721996e-01  -1.4359437e-01   5.2506540e-02   1.5229006e-01   3.7083531e-02   1.0383817e-01   6.2813882e-01  -1.5155384e-01  -1.9340417e-01   3.6675181e-02  -2.1629785e-01   1.8381443e-01  -3.6940497e-01   6.5091026e-01  -2.3525129e-01  -7.1760561e-02   1.7502438e-01  -2.4331310e-01  -3.2803918e-01   1.2471471e-01   1.4235883e-01  -1.6951503e-01   5.6548562e-01  -1.7502497e-01   1.9902283e-01   1.6148953e-01   4.8189400e-01   3.5405278e-02   8.4508147e-02   1.7238102e-01  -1.6028275e-01   2.3222250e-01   5.5015364e-02   1.6977420e-01   6.7730109e-02   2.9552407e-01   2.9265694e-01  -1.6574537e-02  -4.0294945e-01   6.1318666e-02  -3.5670858e-01  -1.8331677e-01  -2.2294540e-01  -2.1923771e-01  -3.5583440e-01  -2.4018512e-01  -2.1601975e-01   5.5140513e-02   4.9833520e-01  -2.6273858e-02  -1.5412616e-01   1.0461179e-01   2.1662278e-01   7.7357688e-02   1.1242180e-01  -2.3452076e-01   2.1294318e-01   1.3308818e-01  -1.6173321e-01   6.2371196e-02  -2.3514278e-01   4.7267440e-02  -2.8498372e-01   1.1334809e-01   5.5134527e-02   3.3506898e-01   9.3472765e-02  -1.9813260e-01  -1.9776733e-02  -1.8527635e-01  -1.1757247e-01  -1.7604241e-01  -3.2942680e-01   3.0069302e-02  -4.3512675e-01   1.4455923e-01  -5.5633042e-02   3.6513969e-01  -3.4149540e-03   1.2718445e-01   4.0572532e-02   8.9635148e-02   5.8491354e-01   2.1585131e-01  -3.1155052e-01   5.7217594e-01   1.9923329e-01  -1.9843878e-01  -2.0662736e-01  -2.9272806e-01  -1.8025164e-01  -1.0506300e-01  -3.9267760e-01  -1.7974286e-01   1.1513350e-02  -3.1719000e-01   3.4973568e-01  -7.5892642e-02  -2.0381008e-01   1.0405999e-01  -9.7684952e-02  -2.4139607e-01   2.7080297e-01  -7.5105288e-02   2.3344993e-01  -2.5066610e-01  -2.9070360e-01  -6.7715198e-02   3.4837803e-01  -2.3502146e-01  -7.9328061e-02   6.5413206e-02  -2.3417309e-01  -1.2399681e-01   2.2461001e-01  -2.3656867e-01   4.1293535e-01   2.5743760e-01   8.7344047e-02  -2.2364443e-01  -1.6332296e-01  -1.2050215e-01  -5.1639821e-01   2.2977198e-01  -1.2600044e-01  -5.3712021e-01  -6.4598533e-03  -9.1447577e-02   1.7594331e-01   2.6643196e-02  -2.0725024e-01  -1.5788434e-01  -1.9516270e-01   1.3466950e-01   4.7330111e-01   8.9420228e-02  -8.9924039e-03  -2.6872844e-01  -2.2577531e-01  -2.5104942e-01  -4.0192919e-01   2.0768753e-01  -7.0553949e-02  -6.3759576e-02  -3.0887021e-01  -1.0130533e-01  -5.2898428e-01   3.3867618e-01  -3.7381861e-02   2.5316915e-02  -3.8313002e-02  -4.2302117e-01   1.5610013e-01  -9.3088934e-02  -2.6898309e-01  -9.3509199e-02   8.7783047e-02   3.8668882e-01   1.4844121e-01   1.7962625e-01   9.1246533e-03  -8.9436434e-02   1.8525679e-01  -3.3860284e-01
   1.7870169e-01  -3.6003919e-01   4.6826602e-01   2.0843073e-01   1.2807777e-01   0.0000000e+00   9.7759639e-02   1.1219743e-01  -5.5279117e-02   1.3545996e-01   1.2620428e-01  -1.2929036e-01   3.5988799e-02   1.3896844e-01  -8.8927210e-02   2.7801854e-01   4.3315137e-01   4.5471232e-01   2.5323178e-01   2.4691644e-01   1.0517083e-01   1.8290517e-01  -7.9476704e-03   3.6163969e-02  -7.3689678e-02   1.9614599e-01   3.6190561e-01   9.4741664e-02  -1.8359810e-02   2.4271519e-01  -2.4774627e-01   1.4353148e-01   7.5406544e-02  -4.1855059e-01  -4.0975179e-01   1.1628819e-01  -2.5007041e-01  -1.7808731e-01   1.6511885e-01   5.0129491e-02   1.6656592e-01   1.1120723e-01  -6.5193753e-02   1.8992120e-01   5.4303562e-02   5.2982896e-02   2.9528583e-01  -2.3757216e-01  -1.0295390e-01   2.0445223e-01   1.7826188e-01   1.1227750e-01  -4.2249669e-01   9.3469160e-02  -8.4438444e-02   6.8940646e-02   5.0589459e-01   1.4408415e-01   2.6881589e-01  -1.5806934e-01   9.8651647e-02  -9.9062049e-02  -1.4951602e-01  -2.7210878e-01  -1.2326713e-01   1.4125021e-01   6.9663756e-01  -1.5051638e-01   2.6261043e-01   5.2558311e-01  -3.6193505e-01   2.3346552e-01   2.4796849e-01   3.3520624e-01   2.1538921e-01   8.3271360e-02   1.3039594e-01   1.1051006e-01  -4.6247843e-01   1.8457378e-01   1.1745591e-01   9.9273848e-02   2.7643925e-01   3.3825494e-01   4.4359160e-01   4.4794082e-02  -4.9756407e-01   1.9929178e-02  -1.5477495e-01  -4.8486352e-02  -1.9968536e-01   2.3744002e-01   1.2729569e-01  -6.6072884e-02  -1.6931193e-01   4.9851559e-02   1.4152567e-01   1.6294115e-01   2.0745217e-01   1.3884990e-01   2.8324930e-01   1.9505507e-01   2.1650216e-01   4.0513184e-02   2.2403289e-01   1.5750310e-02   1.8357931e-01   4.4941087e-01  -1.0709768e-02   3.7819062e-01  -1.0101428e-01   3.4552725e-01   6.5022382e-02  -1.8163554e-02  -4.0324506e-02  -3.9446257e-01   1.1746587e-01   2.6460678e-01   3.6162708e-01   1.4643757e-01  -1.9650642e-02  -6.8353159e-02  -1.2457645e-01  -4.8486239e-01   1.4881802e-01   2.5532528e-01  -1.2936263e-01   1.9805844e-02   6.0005350e-02   2.7719009e-01   1.8126101e-01  -1.0913739e-01   1.8562608e-01  -2.6187608e-01   1.3021422e-01   9.9450257e-02   1.1994873e-01  -4.8786257e-02   1.7258586e-01  -1.7470300e-01  -5.4634398e-02  -9.0551606e-02   1.9085505e-01   4.5969985e-01  -1.7706812e-02  -7.9541376e-02  -1.4806688e-01   3.1911190e-02   3.7150134e-01   1.5837489e-01   2.4178479e-01   3.0779113e-01   1.0620137e-01  -2.3409045e-01  -2.2507231e-02  -2.1604362e-01   8.7919980e-02   1.0748600e-01   1.0378308e-01   2.3322676e-01  -7.7502483e-02   2.1483661e-01   8.9628728e-02   2.9412954e-01   1.4781236e-01  -2.8147752e-01   9.6457025e-02   3.0909028e-01   2.8010445e-01   1.2027158e-01  -2.1746547e-01  -2.1219448e-01   1.6035847e-01   6.2383850e-01   5.9937339e-02   7.4567512e-02   1.7790054e-01
  -2.3476201e-01  -2.4453921e-01  -1.2222181e-02  -7.5078803e-02   1.6933014e-01   9.7759639e-02   0.0000000e+00  -4.1077599e-01  -2.1720469e-01   4.6169941e-01  -2.4479981e-02  -1.1684141e-01  -1.4713569e-01   1.5806614e-01   1.6440924e-01   1.3760442e-01  -5.8189343e-02   4.1878116e-01   3.4581665e-03   3.2121299e-01   5.1096171e-01   2.9396958e-02   6.0548354e-01  -3.2070274e-01  -2.3666035e-01  -3.0542669e-01   3.7473381e-01   7.9890799e-02  -8.1267088e-02   3.7863454e-01   2.2187392e-01  -6.7524247e-02  -7.0644534e-02   8.1634387e-02   1.0811671e-02   4.3923497e-01   2.7543947e-01   5.8602666e-02   8.3557442e-02   1.5296495e-01   6.1860115e-02  -9.6330471e-02  -1.4860847e-01  -2.2986458e-01   5.0136574e-01   7.3246081e-02   2.2769507e-01   6.0386958e-01  -2.1229903e-02  -4.4584385e-02   4.0823142e-01  -3.1877391e-01  -8.7435106e-02  -2.1760579e-01   1.6203243e-02  -2.8742248e-01   3.9338622e-03  -8.6655425e-02   7.1004723e-02  -2.2652170e-01  -6.0034603e-02   4.2028584e-02  -2.4791091e-01  -4.1858642e-01   2.0446467e-01   4.7824173e-01   8.4236612e-02  -1.6467300e-01  -2.3521993e-01   1.3753252e-01   5.5853584e-02   2.5197477e-01   1.1467932e-01  -4.2871623e-01  -1.4315851e-01  -6.5482586e-02  -3.2419186e-02   4.4527790e-02   2.4102915e-02  -2.3897023e-01   4.9619663e-01   1.9786804e-01   1.2136318e-01  -3.2643817e-01   9.6371301e-03  -1.8098123e-01  -3.1835011e-01  -2.6445836e-01  -1.7650144e-01  -1.5933315e-01  -1.9466626e-01  -1.7010595e-01   3.8341277e-01  -1.8385082e-01   6.6424394e-02  -8.0157607e-02  -1.6677398e-01  -1.5931989e-01   7.5593194e-02   5.0988112e-01   1.4184525e-01  -2.9889414e-02   1.0323486e-01  -5.2922781e-02   2.3067858e-01  -1.5892709e-01  -6.6214278e-02  -5.2533818e-02   1.1647649e-01   4.2141141e-01   2.7517106e-01  -3.9555482e-02   2.3388521e-02  -1.3467409e-01   1.5973693e-01  -1.2484507e-01  -1.6793751e-01   1.0212485e-01   4.8560655e-02   8.5299330e-02  -2.9988877e-01  -1.3029778e-01  -2.9289506e-01  -5.2589056e-02  -1.3851163e-01   2.9156439e-01   4.0751275e-01  -1.4180202e-01  -8.0771373e-02   2.9122343e-01  -2.9515143e-02   4.8547544e-01  -3.2719299e-01   1.3199439e-01  -1.6604754e-01  -3.0380987e-01  -2.1059969e-01   4.2584825e-01  -2.1523310e-01  -3.0491769e-02  -8.8554560e-02  -1.3277011e-01   1.7171559e-02   1.3178730e-01   8.5638025e-02   2.1161896e-01   2.6108310e-01   1.9375912e-01   6.0745270e-01   5.4209660e-01  -1.8244675e-01   2.5638422e-02  -3.3056054e-01  -1.8656252e-01  -4.9975994e-02  -3.6192353e-02  -7.8733939e-02   1.0409934e-01  -1.6368687e-01  -5.7538759e-02  -1.6788601e-01   1.4518602e-03   2.1474819e-01   3.0536048e-01  -4.5145058e-02  -1.1846514e-01   2.5588222e-01   1.2656972e-02  -1.0633812e-01  -1.9968271e-02  -9.2554827e-02  -8.8334562e-02   3.0124314e-01   9.0695088e-03  -2.2744257e-01  -3.0879634e-02  -7.9189527e-02
  -4.5717533e-02   6.2919691e-02   1.0835475e-01   4.4075826e-01  -3.6121281e-01   1.1219743e-01  -4.1077599e-01   0.0000000e+00   2.4366844e-01  -7.9318520e-02   1.5455721e-01   2.2261790e-01  -3.7560905e-03  -3.1747827e-01  -3.2708120e-01  -1.3944104e-02   1.2706747e-01  -2.1731113e-01   2.0258905e-01  -1.0519949e-01  -2.2738601e-01   3.3011606e-01  -3.7675160e-01  -1.9196924e-02  -1.4597273e-01   7.1403606e-01  -2.8171726e-01  -1.9400073e-01  -1.1928147e-01  -2.9358603e-01  -2.6997913e-01   4.4396830e-01   2.2582024e-01   2.0410517e-02   1.0221836e-01  -3.9488924e-01   7.9858240e-02  -4.9371628e-01  -1.0297278e-01  -9.7566039e-02  -9.7883283e-02  -3.9134488e-03   1.9370549e-01   5.0816079e-01  -4.0610975e-01  -2.2590872e-01  -1.4425979e-01  -2.7143830e-01  -4.0011117e-01  -1.0070744e-01  -2.7199355e-01   9.0811402e-01   6.0362335e-02  -4.4672627e-02   8.5523782e-03   3.2180381e-01   4.7966743e-02   5.5736710e-01  -6.4195724e-02   4.3207650e-01  -1.3577848e-01  -3.4432565e-01   1.5741924e-01   9.3558220e-02  -1.2070259e-01  -3.7992085e-01  -2.4811961e-02  -1.0521751e-01   3.3315662e-01  -1.0701664e-01  -2.0941206e-02   1.1925474e-01  -2.7863075e-01   1.6627105e-01   1.8586718e-01   3.9057796e-01  -1.5145537e-01   1.7513196e-01  -1.3742125e-01   1.6724278e-01  -2.0361022e-01  -3.3398130e-01  -1.2037901e-01   6.7160961e-01  -2.0402428e-01   3.9979797e-01   1.5559266e-01   1.0491031e-01  -2.3703791e-02  -7.7354763e-02  -7.2211298e-03   4.7165255e-02  -3.7672846e-02   2.8610530e-01  -4.4292718e-01  -6.9274636e-02   2.2030251e-01   6.9278989e-01  -6.5498859e-02  -3.9365292e-01  -1.7482750e-01   1.2495820e-01   1.7573764e-01   2.1925245e-01   5.4887262e-02   6.0810372e-01  -1.0963404e-01   6.0957206e-01   1.8850934e-01  -3.1288318e-01  -3.1044250e-01   8.9054058e-02   3.3675687e-02  -9.4237269e-03  -2.6529595e-01   2.0071457e-02   5.5322000e-01  -1.4281538e-01  -2.7115654e-01   3.8421258e-01   6.6154806e-02   1.8795576e-01   3.4470690e-01  -4.4268349e-03  -2.0544153e-02  -3.3231239e-01  -3.1085942e-01  -1.0006012e-01   4.7519247e-01  -3.3960615e-01  -1.2724973e-01  -5.0014620e-01  -2.5102521e-02  -2.0196270e-01   5.1794513e-01   7.6354343e-01   1.5082276e-01  -3.2847374e-01   6.8717074e-01  -1.1794341e-01  -1.6978009e-01   2.2719393e-02   1.0066155e-01  -2.5298637e-01  -1.5916602e-01  -1.4968756e-01  -1.0996277e-01  -3.8580642e-01  -2.0513050e-01  -3.3502481e-01  -4.8079933e-02   1.5568586e-01   7.5354789e-02   2.3636739e-01   3.3349509e-02  -1.7704616e-01  -2.4200683e-02  -7.2381962e-02   3.4879403e-02   2.2835660e-01  -1.9247344e-01   1.0475330e-01  -2.0939712e-01   2.2298998e-02   5.2243654e-01   6.3526348e-02  -5.1659899e-02  -8.0214022e-02  -5.8359368e-02   8.2064360e-03  -5.1947116e-02  -3.5055611e-01  -2.3118977e-01   3.7399211e-02   2.5577820e-01  -1.8506630e-01   5.8574559e-01
  -5.4190348e-02   4.0831809e-01  -3.9156692e-02   1.9658837e-01   3.3385503e-03  -5.5279117e-02  -2.1720469e-01   2.4366844e-01   0.0000000e+00  -2.8141224e-01   1.7063578e-01   3.0876372e-01   2.2977903e-01  -5.5751004e-01  -6.1470273e-02  -1.7964269e-01  -3.0426476e-02  -2.3838432e-01   2.5838141e-01   1.1559053e-01  -3.7995222e-01   1.7767324e-01  -4.3089537e-01  -1.4303080e-01   7.0016738e-02   2.6661883e-01   1.5251558e-02  -1.5556069e-01   1.0115537e-01   7.6540628e-02  -3.0362140e-01   3.4275825e-01  -1.5193733e-01   8.0393948e-02   1.4211960e-01  -1.4757097e-01  -2.5853968e-01  -3.8989801e-01  -1.7900840e-01   5.1528896e-02   1.7008987e-01  -1.8441464e-01   5.0132529e-01   2.9305507e-01  -2.5682089e-01  -1.2711676e-01   8.4035542e-02  -2.9158943e-01  -2.2919717e-01  -4.3122147e-01  -4.2625320e-02   2.6506084e-01   6.9779705e-03  -2.1926484e-01  -2.4683825e-01   2.5149864e-01  -4.7765839e-02   3.1394253e-01   6.4521710e-02   6.2390907e-01   5.6022883e-02   1.2522299e-01   6.8508701e-01   5.6072685e-01   4.0295173e-03  -1.4286575e-01  -2.1252320e-01   5.2329759e-02   2.2875450e-01  -1.3292184e-01   3.1224688e-02  -7.3493560e-03  -4.7579255e-02   4.9314952e-02   4.0929606e-02   2.3847957e-01  -1.3717993e-01   2.5652783e-01  -8.7581566e-02  -9.6477118e-02  -1.1067195e-01  -9.5716416e-02  -1.7843559e-01   2.7584242e-01  -3.1286340e-01   2.7939151e-01   5.4005695e-01  -1.6401977e-01   5.3995639e-01  -2.5434228e-01   2.6051988e-01   4.0701345e-03  -8.1768678e-02   8.3197609e-01  -2.5852593e-01   1.7705926e-01   1.0384734e-01   1.5159713e-01   7.5511179e-02  -3.6669969e-01  -4.4487427e-01   1.0734624e-01  -1.0358869e-01   5.0592270e-01   2.9777157e-02   2.5936797e-01  -1.7288531e-01   2.4727089e-01  -8.6288532e-03  -3.4896282e-01  -2.1747596e-01  -2.2720147e-02   2.0227116e-01  -2.7795087e-01  -3.1933863e-01   7.5249662e-02   3.0116979e-01   1.0442809e-01  -3.3923477e-01   8.8915520e-02  -5.5941899e-02   2.6704151e-01   4.7508080e-01   2.2683125e-01  -1.7930829e-01  -4.9279348e-01  -4.8267063e-02  -2.1701889e-01   3.5614636e-01  -1.3645525e-01   1.1820956e-01  -2.5982480e-01   1.0775314e-01  -2.7121991e-01   3.2643748e-01   3.0727021e-01  -1.7201199e-01  -4.9473887e-01   3.1318917e-01  -1.5645965e-01  -1.4022566e-01   1.4641005e-01   1.6763349e-01  -3.5778214e-01  -9.1964761e-02  -2.0172573e-01  -1.4784277e-01   5.8324199e-03  -2.5704214e-01  -5.3504639e-01  -2.6821184e-01  -5.2017949e-02  -4.7361314e-03   6.5834544e-03   3.0489432e-01  -2.5806137e-01  -2.6153364e-02   4.8455336e-02  -1.7549638e-01   4.1435262e-02   7.5314494e-02   2.2323674e-01  -4.1840726e-02  -2.7475557e-02   2.6550667e-01   2.0942135e-01  -1.3254161e-01  -3.1497682e-01  -2.7198025e-01  -1.0889675e-01   3.1519967e-01  -3.5123288e-01   1.8497513e-01   2.3620936e-03  -8.0827304e-02  -1.8964563e-02   3.9108561e-01
   2.5950741e-02  -3.5725766e-01  -1.4734664e-01   6.1352738e-02   4.4433464e-02   1.3545996e-01   4.6169941e-01  -7.9318520e-02  -2.8141224e-01   0.0000000e+00  -4.1308116e-02  -2.3984642e-01  -1.6035601e-01   3.1416087e-01   5.6360429e-02  -9.4110696e-02  -1.9844974e-01   3.8380125e-01  -1.8201312e-01   3.2332860e-01   5.9050054e-01   8.8631393e-02   6.3346303e-01  -1.6182635e-01  -2.5961369e-01  -1.7343155e-01   8.4142473e-02   2.3737097e-01  -1.9494925e-01  -2.6705120e-02   2.9728496e-01  -1.1192451e-01   4.8039056e-02   1.6813551e-01  -5.5578514e-02   3.8202902e-01   4.3986027e-01   1.3690609e-02  -1.5908356e-01  -3.7165186e-02   9.6419499e-02  -6.0042164e-02  -3.7823314e-01  -1.2696442e-02   4.3306401e-01   4.0866960e-02   5.5014791e-02   4.4116734e-01  -3.9428301e-02  -1.0769407e-01   3.2175792e-01  -1.6915795e-01   4.3765469e-03  -1.1988686e-01   3.2874598e-01   1.9059887e-02  -1.3718198e-02  -1.9400142e-02   2.1156103e-01  -2.6971456e-01  -1.9732945e-01  -1.5653160e-01  -3.2179945e-01  -2.0521868e-01   1.4183921e-01   5.1153716e-01   3.6266585e-02  -2.4541581e-01  -1.9574427e-01   8.8516137e-02   4.8106576e-02   1.9909906e-01   2.2500655e-01  -1.6447569e-01  -1.1418118e-01   7.2271975e-04  -5.4828680e-02   6.6474118e-02  -8.5573826e-02  -2.3167948e-01   4.3241068e-01   1.7500200e-01   2.0413473e-01  -1.0747535e-01   9.2773382e-02  -1.0177300e-01  -3.8693339e-01   5.5823311e-02  -3.2783985e-01  -6.5742012e-02  -2.8663747e-01  -1.8539897e-01   6.0074577e-01  -3.0049048e-01   1.3317842e-01  -8.0359540e-02  -1.3061412e-01   2.6638431e-03  -4.5076264e-02   6.0653627e-01   2.8354651e-01  -1.1904849e-01   2.5265595e-01  -1.1754923e-01   1.1946401e-01   4.1548549e-02  -5.6823501e-02  -4.5940697e-03   2.3544137e-01   4.2293834e-01   3.2697587e-01  -8.9554401e-02   6.4246611e-02   2.9145828e-02   3.0594607e-01  -2.7737181e-02  -1.1070652e-01   2.4696362e-01   1.6123531e-01   2.2231769e-01  -9.3503968e-02  -2.3725173e-01  -2.5088956e-01  -1.4281967e-01  -7.7056295e-02   2.2778794e-01   2.8248505e-01  -1.0583301e-01  -2.6720725e-02  -5.3017978e-02  -1.1706173e-01   3.3836088e-01  -3.0953025e-01   1.9441560e-01   3.8877022e-02  -3.4973652e-02  -2.3893733e-01   3.4961654e-01  -5.4586350e-02  -3.7702661e-02  -5.7358047e-02  -2.3383041e-01   4.9186500e-02   1.6496597e-01   1.9984334e-01   2.8645649e-01   1.2653499e-01   2.1016532e-01   6.2973578e-01   4.8053045e-01   2.6085166e-02   1.6312178e-01  -2.0984354e-02  -9.4940942e-02  -2.3442064e-01  -1.2281052e-01   2.4115031e-02   1.0715422e-01  -1.7591236e-01   8.8697573e-03  -3.0214167e-01   1.3022394e-02   4.2910205e-01   1.4602241e-01  -1.0382079e-02  -1.7688798e-01   1.8196492e-01   6.5615229e-02   7.0376514e-02   1.9609699e-01  -2.2643860e-01  -1.7961153e-01   1.0686242e-01   1.6182454e-02   7.1841966e-02  -9.0755466e-02  -1.1351892e-02
  -5.2416877e-02  -1.6184227e-01  -5.5905497e-02   1.9638703e-01  -3.2140057e-01   1.2620428e-01  -2.4479981e-02   1.5455721e-01   1.7063578e-01  -4.1308116e-02   0.0000000e+00  -1.1819435e-01   1.2143876e-02   1.1209605e-03   8.9172729e-02   8.1848233e-02   2.9910486e-02   3.7616485e-01  -8.5405495e-02  -1.6031778e-01   1.6975465e-01   2.2131190e-01   9.1666285e-02  -2.2583073e-01  -3.5791053e-01   2.3778623e-01  -2.0607342e-01   2.4614895e-01   1.0718069e-01   1.2473323e-01   1.2915152e-01   2.8611805e-01  -2.2163399e-01  -1.2623795e-01   4.8889518e-02  -1.0454284e-01  -1.3504515e-01  -4.3758146e-01  -4.3623296e-03  -3.2205944e-01   1.5935614e-01  -7.5789918e-02   3.5045949e-02   2.7616346e-01  -1.4678704e-02  -1.1492107e-01   5.6507103e-01  -1.9784509e-01   7.6088052e-03  -4.4621818e-01   4.0115605e-01   7.7310989e-02  -2.2865304e-01   6.1733035e-03  -1.2658189e-01   4.3676569e-01   3.8049423e-01   2.4868858e-01   2.5990209e-01   1.1948327e-01   1.7659406e-01   1.9059598e-01   6.7895524e-02   2.6356400e-01  -4.4582068e-02   3.1012423e-01   1.1958967e-01  -3.9163062e-01   5.1209616e-01   5.5839802e-02  -3.1445573e-01   3.3560800e-01   7.0523596e-02   5.5694456e-02  -4.4255835e-02   2.1520628e-01   4.6694981e-03   1.5186897e-01  -1.3655224e-01  -2.7511728e-01   1.3995373e-01   1.4042404e-01   2.9635024e-01   4.3664845e-02   1.3353883e-01   2.8039390e-01  -1.1222487e-01  -3.2484532e-02   7.4926816e-02  -2.2601686e-01  -1.3390393e-01   5.9409625e-02  -7.4918020e-02   1.9191258e-01  -4.0655156e-01  -3.0373794e-01   1.2650506e-01   3.9494685e-02  -4.3190555e-02   5.8369834e-02   1.3169375e-01   6.4300400e-01   4.7221091e-02   2.7533009e-01   4.8398803e-01   8.9370812e-02  -1.7926602e-01   1.5262777e-01  -9.8456634e-02  -2.7800751e-02   2.6549062e-01   3.4302466e-01   3.2041291e-01  -2.2431664e-01   8.3356661e-04  -2.4262630e-01   1.4447093e-01   4.4156509e-02   2.1062515e-01   3.0156907e-01  -2.1393389e-01  -2.3140716e-01   1.0096523e-01  -3.1365519e-02  -6.5067675e-03   1.0828175e-01   8.1364699e-02  -4.7044574e-01   1.7231720e-01  -2.8676243e-01  -2.8658853e-01   1.9472803e-01   1.3936410e-01   2.7934092e-02   2.6095253e-01   3.4440958e-01  -2.4167926e-01   7.8276304e-02   2.9560867e-01  -4.3969010e-01  -2.3144374e-01  -1.1350243e-01   5.0374371e-01   2.4617646e-01   1.0949524e-01   1.5661642e-01  -3.0588982e-01   4.7273635e-02   2.2656243e-01   1.1662098e-02   8.5933007e-02   4.9970753e-02   5.2500570e-02   2.5145129e-01  -1.4659693e-01  -4.1809250e-01  -1.9074189e-01   2.6751699e-01  -8.7712485e-03   1.0923800e-01  -2.2001875e-01   5.4112654e-01   2.8292082e-01   2.8895747e-01   3.2743228e-01  -6.0720419e-02   2.5372238e-01   1.5394770e-01  -1.8806694e-01  -2.7167355e-01  -1.3877048e-01  -4.9966043e-01   2.5067417e-01   1.0841855e-01  -2.2845968e-01   7.7543190e-02   2.4289953e-01
  -3.3697081e-01   7.8212614e-01   5.7072379e-01  -1.5854347e-02  -6.7268684e-02  -1.2929036e-01  -1.1684141e-01   2.2261790e-01   3.0876372e-01  -2.3984642e-01  -1.1819435e-01   0.0000000e+00   2.1757449e-01  -4.0279783e-01   5.9187444e-02  -1.4004811e-01   2.8662709e-01  -5.2342870e-01   8.0989641e-02  -3.1465622e-02  -4.6167803e-01  -3.3505542e-02  -5.2644305e-01  -1.6717595e-02   9.6690913e-02   6.9810007e-02  -3.1300892e-02  -2.9121708e-01   1.4194886e-01  -9.9597441e-02  -3.2313821e-01   9.9701704e-02  -4.3925671e-04   3.5802480e-01   3.2230346e-01  -4.3790428e-01  -6.2207679e-02  -2.4893360e-01  -2.3905566e-01   4.5747782e-01   8.2004239e-02  -2.3297498e-02   6.0461586e-01   2.3674318e-01  -3.7629432e-01  -4.2701620e-01  -3.3182252e-01  -1.1512046e-01  -2.2880010e-02   3.2072762e-01  -4.0580518e-01   2.4578571e-01   3.3593660e-01   4.8586676e-02  -2.6373915e-01   6.2591468e-02  -1.7963908e-01   2.0444850e-02  -7.5205468e-02   6.4497027e-01  -3.5264294e-01  -1.4934334e-01   5.5774034e-01   1.5972956e-01  -1.4657403e-01  -3.8427646e-01  -1.7726896e-01   5.8649411e-02  -2.3017532e-02  -4.8331186e-01   5.1505321e-01  -4.2250673e-01  -9.4357309e-02  -8.3392317e-02   1.2251882e-02  -1.2053595e-02  -4.3905876e-01   1.0470339e-02   2.7448362e-01   3.4787238e-02  -3.8698475e-01   2.3736358e-02  -9.5184296e-02   9.4534119e-02  -1.9923359e-01   2.2037145e-02   5.0016934e-01  -2.0625759e-01   4.5909312e-01  -3.1182998e-01   4.8758257e-01  -2.0993958e-01   1.1711528e-01   4.7453301e-01  -3.0166061e-01   4.4378964e-01   5.8175074e-02   1.2478982e-01  -1.4865098e-01  -5.4849361e-01  -3.7550005e-01  -2.3980375e-01  -1.9293219e-01   3.0363345e-01  -3.6858676e-01   2.0267339e-01   2.4971512e-01   1.1390380e-01   1.9755608e-01  -2.3998568e-01  -1.0948520e-01  -3.6225733e-01  -1.5166008e-01  -2.9319764e-01  -9.1990262e-02   2.2284250e-01   2.4069204e-01   7.6611528e-02  -3.4649662e-01  -1.4191037e-01  -2.9116265e-01   6.0375738e-01   6.5314917e-01   3.1376815e-01  -3.3658128e-01  -4.0353130e-01   1.1962372e-01   1.2365035e-01   1.4087710e-01  -4.4296853e-02   1.7305338e-01  -4.9438044e-01   3.1951754e-01  -5.1965005e-02  -7.6490316e-04   2.1116923e-01  -1.9630170e-02  -4.4654313e-01   1.3243540e-01  -5.4895650e-02  -1.1912814e-01   2.2190607e-01  -2.4614408e-01  -3.0578681e-01  -2.2367149e-01  -6.2478735e-01   5.8436363e-01  -9.0442509e-02  -3.9365243e-01  -5.0870903e-01  -2.5780713e-01  -1.0765158e-01  -2.3445949e-01   1.4821882e-01   8.2820626e-01  -8.6787192e-02  -3.4523235e-01   5.5384968e-03  -2.0367889e-01  -1.2938660e-01   3.9113014e-02  -6.3722586e-02  -3.6018652e-01  -4.3043715e-01   1.3051564e-01   4.7199018e-01   4.6367065e-02  -4.4697872e-01  -3.5905889e-01   4.2868995e-01   4.4831216e-01  -2.0789800e-01  -3.9463818e-01   2.2820187e-01   1.0106837e-01  -7.4444953e-02   2.2045595e-01
  -3.2093417e-01   3.1552099e-01   8.3218857e-02  -3.7658656e-01   9.4031633e-02   3.5988799e-02  -1.4713569e-01  -3.7560905e-03   2.2977903e-01  -1.6035601e-01   1.2143876e-02   2.1757449e-01   0.0000000e+00  -3.2334072e-01   6.3953599e-02  -2.3842784e-02  -9.9205289e-02  -3.4237280e-01   1.3127979e-01  -2.0501646e-01  -2.9627681e-01  -3.7579200e-01  -2.4506683e-01  -6.6538643e-02  -2.5017978e-03  -1.4351456e-01   4.0494432e-02  -9.1924151e-02   2.1841362e-01  -1.6549506e-01  -1.0474096e-01  -8.5991101e-02  -1.8703955e-01   6.1824629e-02   1.1168784e-02   3.7901745e-02  -1.9143916e-01  -1.9559785e-01  -1.1740063e-01   1.6682071e-01   6.2922555e-01  -6.8437777e-02   4.3115056e-01   1.0935617e-03  -4.1132812e-01  -2.2388518e-01  -4.6679518e-02  -2.7492151e-01   1.4210700e-01   3.2204572e-02  -2.5622715e-01   2.4799988e-02   1.6091503e-02   7.2732770e-02  -2.5332782e-01  -8.8238347e-02  -6.9001406e-02  -1.5537970e-01  -1.1351165e-01   1.1022422e-01  -1.5043833e-01   3.0786579e-01   2.6253140e-01   2.6507514e-01  -1.8135283e-01  -1.1033634e-01  -3.1740911e-02   2.4873099e-02   9.7398438e-02  -1.5765707e-01   8.0984579e-02  -4.2719589e-01   2.3701830e-01  -9.5409243e-02   4.0372942e-02  -5.1636499e-02  -2.4355415e-01   1.6255109e-01  -8.6392832e-02  -2.2157337e-02  -1.0618358e-01   1.7639882e-01   4.1453861e-02   4.6503573e-03  -7.3788271e-02   1.1206858e-01   2.0621626e-01  -1.1127995e-01   4.8010890e-01  -4.7101937e-01   1.0370823e-01  -7.3318118e-02  -7.1474812e-02   2.1698183e-01  -2.8262816e-01   1.2203694e-01   4.6268835e-02  -3.4169587e-02  -1.2099831e-01  -3.0785710e-01  -1.8109013e-01   2.2226181e-02  -2.9324614e-01  -3.7419269e-02  -6.0777906e-02  -1.1943792e-01   5.9869473e-02  -7.2747819e-02  -3.2136989e-01  -2.5105183e-02   6.4578038e-03  -1.8090551e-01  -1.0671704e-01  -5.2232565e-01  -4.2187074e-02  -3.0614816e-02   2.4639562e-01   4.0405446e-01   2.6995179e-02  -2.4378970e-01  -3.0111954e-01   2.0245858e-01   1.3786668e-01   3.5497169e-02  -3.1900156e-01  -1.9506524e-01  -2.1731631e-01   1.7108270e-01  -2.4175133e-01  -5.1895041e-02   5.7668117e-01  -3.1147606e-02  -6.8545821e-03  -2.3314534e-02  -1.1099683e-01   5.3601467e-02   8.8700975e-02  -2.4143147e-01   3.1797853e-04  -3.5504232e-01  -7.9797187e-02   6.2081294e-01  -4.2405829e-03   7.3417928e-02  -1.5372267e-01  -3.6075620e-01   1.6659408e-01   7.8731782e-02  -9.7033213e-02  -2.2637007e-01  -1.9781021e-01  -2.0500684e-01  -1.5626058e-01   6.7638074e-03   3.0342276e-01  -3.4123039e-01  -3.0590753e-01   1.8501708e-01  -1.0700668e-01  -8.9312835e-02   5.3037618e-02  -1.1910571e-01  -1.1664755e-01  -2.3708188e-01  -1.1290897e-01   2.0036605e-01   6.5599340e-02  -5.8184750e-02  -1.6716878e-01   4.6543722e-02   2.1835577e-01  -3.3921991e-01  -4.0728653e-01   1.0326685e-01   2.5122033e-02  -1.1548042e-02  -1.9482621e-01
   3.2721011e-01  -4.0975995e-01  -1.1701026e-01  -1.2846790e-04  -2.0721996e-01   1.3896844e-01   1.5806614e-01  -3.1747827e-01  -5.5751004e-01   3.1416087e-01   1.1209605e-03  -4.0279783e-01  -3.2334072e-01   0.0000000e+00   2.1299538e-01   6.9214344e-02  -1.9860630e-02   4.3124149e-01  -2.2210925e-01  -1.2751797e-01   5.1731034e-01  -6.5684585e-02   3.6433620e-01   2.1544322e-01  -3.9614467e-02  -2.2570037e-01  -2.2968454e-01   5.5999411e-01  -2.1350852e-01   9.1592548e-02   4.7959482e-01  -3.3630833e-01  -7.4855283e-02  -3.8178880e-01  -9.1307016e-02  -8.1433419e-02   1.9480894e-01   2.3977716e-01   1.8554337e-01  -3.6777914e-01  -1.1423773e-01  -9.6780952e-02  -6.3426458e-01  -1.6662411e-01   3.6147129e-01   2.7872714e-01  -7.5930360e-02   3.4363404e-01   3.4741937e-02   6.6239415e-02   2.6956711e-01  -3.1972255e-01  -5.9748810e-02   2.7376513e-01   4.3508844e-01   5.5622887e-02   2.2502407e-01  -1.9456225e-01   1.1924300e-01  -5.7597519e-01   1.0985390e-01  -2.0093723e-01  -4.4319480e-01  -1.7930512e-01   1.8257655e-01   1.9358896e-01   2.1608026e-01  -3.7346407e-02  -2.5138448e-01   1.7319679e-01  -1.3339957e-01   5.0518387e-02   1.1712564e-01   3.4322006e-01   1.6410978e-01  -1.9863512e-01   2.2348827e-01  -1.9924541e-01  -2.5370449e-01   1.4524989e-01   4.1252581e-01   7.3747527e-02   4.6586564e-01  -1.9331176e-01   6.0110525e-01  -2.4223475e-01  -4.2423669e-01   5.3347353e-01  -5.3542167e-01   2.8789429e-01  -2.6915534e-01  -1.2286566e-02   3.3592635e-02  -6.7304690e-01   3.5409985e-01  -4.7412967e-01  -1.3862738e-01  -1.8080603e-02  -4.8842477e-02   3.8031454e-01   7.6683179e-01   2.7332653e-02   4.1162856e-01  -1.1128124e-01   6.7909686e-02  -2.2965197e-01   3.1420277e-01  -2.4312267e-01   1.9506545e-01   3.7133095e-01   2.7912048e-01   1.8805102e-01  -3.1201953e-01   3.7882023e-01   5.7504867e-01  -2.0279053e-01  -3.1315135e-01  -1.5586007e-01   6.7020376e-01  -1.0685632e-01   1.2064247e-01  -5.1313208e-01  -3.6715558e-01  -1.2713984e-01   2.7232505e-01   7.2003730e-01   1.6514948e-01   8.8728391e-02  -3.1893696e-01   6.7728869e-02  -2.2316349e-01   2.8129904e-01   3.2993107e-01   3.9575497e-01  -3.8134693e-01  -2.6760513e-01   4.3631135e-02   7.0559736e-01  -1.4624941e-01   2.5969196e-01   3.3406442e-01  -2.8072403e-01  -2.6907352e-02   5.9961893e-01   2.9982707e-01   5.4494383e-01  -2.1239719e-01  -6.1097831e-02   3.9590113e-01   6.1271179e-01   5.3018253e-01   3.4658413e-01   2.1520964e-01  -3.6115751e-02  -3.8166585e-01   2.5322352e-01   2.8694643e-01   1.0951566e-01   8.2306418e-02   4.0863914e-01  -1.4103610e-01  -1.7538120e-01   2.9706058e-01   1.5034729e-01  -1.5888437e-01  -5.8316078e-01  -8.9983309e-03   5.7082982e-01   4.0754841e-01   9.2532065e-02  -5.7147529e-01   2.1227187e-01   1.9985378e-02   1.4794872e-01  -3.3368664e-02  -3.1239826e-02  -1.8767058e-01
