   0.0000000e+00  -4.7147493e-01  -2.0053708e-01   2.1774270e-02  -4.3859987e-01   1.4027337e-01  -3.3038424e-01  -1.2313841e-01  -3.2637073e-01  -1.3867306e-01   4.3768516e-01  -4.8416241e-01  -8.6526867e-02   5.8317543e-01   4.4591320e-01   3.2475704e-01  -2.6848514e-01   2.2009978e-01   3.2927164e-01  -1.2472769e-01   2.4092347e-01   3.4337151e-01   1.3466793e-01   5.0802922e-01  -1.7364892e-01   1.2009666e-01  -4.6988990e-01   6.5598499e-01   2.6258799e-01   7.6201500e-02   2.7678376e-01   2.1194993e-01   3.8178100e-01  -2.0863164e-01   6.4619236e-02   8.9104943e-02  -1.0584807e-01   3.3704345e-01   2.6714020e-01  -5.3936950e-01  -9.8270534e-02   3.1535715e-01  -4.8336275e-01   2.2457740e-01  -1.1393887e-01   1.9063212e-01   2.1844701e-01  -3.2494974e-01  -2.8010402e-01  -4.0694215e-01   2.4332027e-01  -2.2832160e-01  -3.2204455e-01   1.2341477e-01   4.1863987e-01   3.5293383e-01   2.9195763e-01   2.5971585e-01   3.0966569e-01  -2.1871394e-01   3.1495400e-01  -4.0510881e-01  -3.0001949e-01   1.4876010e-01  -9.6692966e-02  -8.1829887e-03   3.6365157e-02  -3.6385145e-02   1.1206601e-01   9.1071507e-02  -5.9154952e-01   1.0250345e-01  -1.2762478e-01   4.7072974e-01  -1.0910268e-01  -6.4840672e-02   3.4437124e-01   2.5154217e-02  -2.5211477e-01  -2.4781784e-02   2.5184875e-01  -5.9948224e-02   1.2367199e-01   1.7445583e-01   5.5516964e-01   1.4464139e-01  -2.6234755e-01   5.3565054e-01  -4.9260745e-01   7.8575903e-01  -1.9569725e-01   2.2773658e-01  -3.4288682e-01  -3.8911816e-01   3.5186377e-01  -5.0365865e-01  -3.2750927e-02  -6.5792798e-03  -1.9428894e-01  -6.6471851e-02   4.0520050e-01   3.8059466e-01   4.3752346e-01  -1.7777376e-02   2.7601348e-01   1.0055702e-01   1.8286119e-01  -4.6711803e-02  -8.8210670e-02   1.8991981e-01  -1.5324133e-01   4.0764125e-01  -7.9361112e-02   7.2818000e-01   5.9367308e-01  -3.6733971e-01   3.3041271e-02  -8.4133177e-02   3.5724403e-01   2.0182697e-01   2.1246849e-01  -3.8051749e-01  -3.5730220e-01  -3.1822670e-01   2.8956030e-01   4.7310758e-01   5.4091487e-02  -2.2647625e-01  -1.1017749e-01  -4.4151945e-02   3.1114546e-03   9.6631930e-02   5.4810928e-01   4.9763039e-02  -3.3901091e-01  -6.1735583e-02  -1.1366377e-01   4.0238401e-01  -5.1178088e-02   5.3375650e-01   6.3798949e-01  -2.3730418e-01   1.2498869e-01   2.6141580e-01   2.9370105e-01   4.6831006e-01  -4.9219173e-01  -1.4780796e-01  -6.0410440e-02   1.9752324e-01   7.2391311e-01   2.7117268e-01   5.8943606e-01   7.9353639e-02  -5.9421717e-01   3.1580621e-01   3.9377552e-01   1.2176109e-01   2.5493145e-01   2.0323163e-01  -1.5071448e-01   1.8493103e-01   2.5404023e-02   2.8605361e-01   2.2382634e-01  -3.3632909e-01  -6.8582427e-03   5.6551537e-01   6.8992659e-01  -3.9577694e-01  -1.8528754e-01   6.9043095e-02  -9.9724854e-02   4.4306659e-01  -9.2043957e-02  -6.1348254e-03   4.1796430e-01
  -4.7147493e-01   0.0000000e+00   2.5353796e-01  -5.1671904e-02   3.7913502e-01  -1.8670841e-01   9.2499120e-02   2.1951190e-01   6.7748309e-01  -2.8219322e-02  -4.5900863e-01   7.1292105e-01  -1.9204732e-01  -1.6105345e-01  -2.4427568e-01  -3.5094343e-01   3.6572976e-01  -1.4566326e-01  -2.7529571e-01  -1.1932248e-01  -6.3202179e-01  -3.1569019e-01  -3.2704122e-01  -3.2950002e-01   1.2799554e-01   9.4260505e-02   4.5005893e-01  -2.1744821e-01  -1.8670856e-01   2.1219909e-01  -5.3123693e-02  -3.8825533e-02  -1.0705066e-01  -6.5699371e-03  -1.5508798e-01  -3.0357298e-01   9.2749187e-02  -4.4590444e-01  -2.4280756e-01   3.3762501e-01  -1.3607709e-01  -3.2731650e-02   6.8559201e-01   3.7671688e-02   1.9302606e-01  -5.1656696e-02  -4.4089620e-01   2.6414927e-01   3.5614064e-01   5.3793818e-01  -2.8031326e-01   2.9162426e-01   6.2289105e-01   8.5023806e-02  -1.8136022e-01  -2.2472007e-01  -1.7403627e-01   2.2784180e-03  -3.1025610e-01   2.5662427e-01  -2.1758640e-01   4.3695595e-01   6.7510125e-01   1.8957734e-01   3.7915094e-01  -2.4841128e-01  -1.2178565e-01   8.3416852e-02  -1.5062393e-01  -1.6713438e-01   5.7596971e-01  -2.3163016e-02  -6.6842458e-02   5.2304575e-02   9.6828121e-03   3.6741487e-01  -3.2141983e-01   5.9584132e-02   3.9976256e-01  -1.7429698e-01   7.1607948e-02  -7.5061606e-02  -1.8761768e-01   9.9884430e-02   4.4366542e-02   2.5778742e-01   3.7179744e-01  -3.0489750e-01   4.8925146e-01  -3.3529097e-01   5.2617355e-01  -1.4280230e-01  -6.7400349e-02   4.6852683e-01  -3.1168624e-01   2.2470199e-01  -1.0134366e-01   1.4136743e-01   1.2188297e-01  -9.6567679e-02  -1.1128066e-01  -2.0180019e-01  -1.0219722e-01   2.7627535e-01  -2.5666972e-01   5.4621572e-02   1.8363897e-01   1.9911375e-01  -9.6977959e-02  -3.3927032e-01   8.1750823e-02  -3.3866385e-01  -8.0419883e-02  -3.7731514e-01  -2.5005219e-01   4.6909034e-01  -1.5734716e-02  -1.0469785e-01   1.3432936e-02  -1.9477971e-01  -1.1259194e-01   5.5558318e-01   5.1238123e-01   6.3677081e-01  -1.2419219e-01   1.7268278e-02   1.4751993e-01   1.4420631e-01   1.3376900e-01  -1.5102864e-01  -2.0514122e-01  -3.3650398e-01  -3.4470476e-03  -1.0311866e-01   4.2156579e-01   2.3500320e-01  -2.8738476e-02  -1.4303105e-01   2.7406258e-01  -2.4816418e-01  -2.8734735e-01   7.9189271e-02  -3.9790122e-01   6.7485580e-03  -1.9223021e-01  -1.7388456e-01   3.0949488e-01   3.0222314e-01  -1.7024730e-01  -3.3073745e-01  -2.5975375e-01   1.7032076e-01  -3.3216831e-01   7.6138880e-02   7.6892046e-01  -1.9561987e-01  -9.0125922e-02  -3.1987092e-01  -1.1173919e-01   5.7345702e-02   2.5410051e-01  -2.4273063e-01  -1.6164950e-01  -9.0526130e-02  -5.3822973e-02   2.9627881e-01  -2.3273976e-01  -2.5024599e-01  -4.2019077e-01   2.7129839e-01   1.5694482e-01  -2.5823560e-01   3.0406435e-01  -1.9964922e-01  -1.0902973e-02   2.3791571e-01  -2.3545814e-01
  -2.0053708e-01   2.5353796e-01   0.0000000e+00   2.1486363e-02   2.4661666e-02  -1.9020968e-01  -2.3627010e-01   3.5889532e-01   2.8765664e-01  -1.4148399e-01  -1.8657256e-01   2.5042431e-01  -9.2771944e-02  -9.8982992e-02  -1.7799226e-01  -4.3674519e-01   9.0012459e-01  -1.1274815e-01   7.1623108e-02  -2.3359400e-01  -1.4035279e-01   2.1697115e-01  -4.3485729e-01  -1.0475240e-02   1.5225369e-01   2.9846466e-01   2.6019896e-01   4.6852865e-02  -1.9271031e-01   1.7348736e-01  -2.1348417e-01   3.0945341e-01   9.7522218e-02  -3.5914683e-01  -3.9895126e-01  -2.1231226e-01   3.0467281e-01  -1.1733569e-01  -4.2801634e-01   2.3779241e-01  -1.9521018e-01   2.2104973e-01   1.7442069e-01   2.5510627e-01  -8.4181530e-02   6.8611433e-01  -1.2447219e-01  -1.6242363e-01   2.1489020e-01   5.5943150e-01  -1.0974074e-01   3.1040762e-01  -1.3244041e-01   2.6149233e-01   6.7512741e-02   7.3162002e-02   3.6513672e-01   3.1441215e-01  -1.4652205e-01   2.4303836e-01   4.4640824e-01   6.5947526e-02   2.5896665e-01   6.2287860e-03  -7.2242950e-02  -3.0809355e-01   3.3984947e-02  -1.3118927e-01   2.1388800e-01   7.0307040e-01   1.3393348e-01  -1.8035533e-02  -2.7951570e-01   1.2746178e-01   1.4772572e-01   3.6062362e-01   3.6842278e-01   3.0598098e-01  -4.7015029e-01  -1.5265915e-01   4.6044976e-02  -2.6765496e-01  -1.2364906e-01   3.3576275e-01   3.3524558e-02   2.4369256e-01  -1.4245390e-01  -8.3935866e-02   3.6682894e-01  -8.7754617e-02  -1.7741072e-01   6.5325993e-01  -2.5644056e-01   2.1934375e-01   1.0819619e-01  -1.6820975e-01  -1.2928285e-01   3.3163644e-01  -1.6290564e-01   2.6015936e-02   1.9121133e-01   3.3207594e-02   9.9082002e-02   3.1823287e-01   9.2743037e-02   3.3996049e-01   4.5400224e-01   2.5020794e-01  -1.0525429e-01  -3.5649027e-01  -2.9585025e-01  -7.1134435e-02  -1.9011378e-01  -1.7358776e-01  -1.1923751e-02  -1.3182978e-01   2.8416243e-01  -1.8502991e-01   1.9674764e-01  -2.6161268e-02   5.9794822e-01   5.9234763e-02   1.5514882e-01   1.0837254e-01   4.0867273e-01   1.3882517e-01  -2.7899352e-01   7.1022429e-02   4.5719825e-01   5.0412471e-01  -3.7761343e-01  -5.0724832e-01   1.9541751e-01  -9.9002752e-02   4.5252022e-01   3.0588310e-01  -1.1123780e-01  -3.6125583e-02   3.8564175e-01  -1.9242408e-01  -1.2474543e-01   2.3172228e-02   1.5782000e-01   1.8527989e-01  -3.5622899e-01  -1.7094874e-01   6.4934174e-02  -2.1318741e-02  -2.3131236e-01  -6.7235619e-02   1.1007348e-01   1.8932213e-01   2.5872553e-01  -1.0313705e-01   3.3805170e-01  -2.2911296e-01   5.9220868e-01  -1.7999687e-01   5.2619521e-01   2.0935848e-01  -7.5559527e-02   2.5314839e-01  -1.8653002e-01   9.6969752e-02   2.9698623e-01  -2.1675639e-01  -2.8802242e-01  -1.6644295e-03   1.3759980e-01  -1.4227878e-01  -3.6660651e-01  -9.6380177e-03   7.0277468e-02  -1.8616703e-01   1.0634926e-01   2.1523227e-01   1.8714063e-01
   2.1774270e-02  -5.1671904e-02   2.1486363e-02   0.0000000e+00  -1.4754768e-01   1.5831970e-01   5.5993867e-02  -7.3764583e-02   9.8690028e-02  -6.8262316e-02   1.9862473e-01  -7.7509249e-03   2.8218726e-01  -7.8281907e-02   1.1757476e-01   1.2646493e-01   1.7820745e-03   3.2114643e-01  -1.3073744e-01   1.2118652e-01  -1.5838791e-02   3.8618105e-01   8.0833526e-02  -1.6995904e-01   1.5082417e-01  -1.5881331e-01   2.3107508e-02  -1.5985095e-01   2.0863369e-01   2.5699458e-01  -1.6406636e-01   2.6486389e-01   2.2376092e-01   3.3263383e-02   3.7761830e-01   3.3740458e-01   2.7955979e-01  -1.1964708e-01   1.9874415e-01  -1.0004410e-01   2.3211578e-01   2.0195507e-01  -5.3563083e-02  -7.7605912e-02   2.7886483e-01  -1.1165359e-01   2.7089864e-01  -1.4895035e-01   2.6338928e-01  -1.5237004e-01   4.2354271e-01  -1.2228542e-01  -1.4035938e-02   1.7664223e-01  -2.8326687e-03   6.3571091e-02  -2.5546977e-02   2.3703464e-01   2.4988063e-01   2.0595567e-01   9.2250988e-02   3.2262885e-01  -6.6220185e-02   4.6891686e-03   2.1873170e-01   8.4809099e-02   1.6163307e-01   2.7806924e-01   1.2867971e-01   6.0142514e-02  -1.4351024e-01   6.9277451e-01   2.7999135e-01  -1.1154852e-01   3.0703611e-02  -1.9841211e-01  -5.8994012e-02  -1.3970075e-01  -6.0901117e-02   1.1887271e-01  -3.2627931e-02   2.0309638e-01  -5.4366749e-02  -5.3898347e-02  -2.3105195e-01  -8.4461600e-02   8.8035583e-03  -4.3863421e-02   7.8101452e-02  -1.0609105e-01  -1.8728371e-01  -6.7782882e-02  -8.3866387e-02  -2.3711497e-02  -1.8645020e-02   3.6881609e-02   4.8254147e-01  -7.2463092e-02   3.1828073e-01   2.8880267e-01  -1.8259478e-01   9.7811319e-02   2.2456337e-02   1.6705324e-01   2.9288287e-01   2.6778530e-01   8.6246046e-02  -5.0174654e-02   8.7283226e-02  -2.1467616e-03  -1.2417131e-01   1.9250797e-01   4.3485494e-01  -1.8163593e-01  -9.6075392e-02  -2.7791060e-01  -3.6740415e-02   2.6503072e-01  -2.0311535e-01   6.1664381e-01  -2.0322198e-01  -1.5190557e-01   2.2432811e-01  -2.7440937e-02  -2.6018468e-01  -1.8667326e-03   1.1557966e-01  -6.7576680e-02   1.3627635e-01   1.6456026e-02   2.9200757e-01   6.1862551e-02  -3.3868803e-02  -1.5022209e-01   1.5193482e-01  -1.6179367e-01   3.3900585e-02  -2.0857702e-01  -1.3915514e-01  -2.7166293e-01   9.2078793e-03   1.3921420e-01  -9.5745365e-03  -5.3864634e-03   1.8102566e-01   1.0372557e-01  -2.0720968e-02  -5.3251699e-02  -7.3445965e-02  -1.7043508e-02  -9.9116057e-02  -3.5858957e-02  -1.0774112e-01  -2.0012108e-02  -7.0896362e-02  -2.5911146e-01  -6.9701222e-02   2.3351760e-01   1.0226310e-01   1.3120369e-01   4.0565234e-01   1.4905095e-03   3.6537671e-02   4.3561487e-01   1.5571378e-01  -1.7904753e-01   1.5712898e-01  -8.0187593e-03   8.5328529e-03  -1.3132680e-01  -1.3156666e-01  -2.5241337e-01   5.5052675e-01   1.4236241e-01   2.7119577e-02   1.6194066e-01   3.9236509e-01
  -4.3859987e-01   3.7913502e-01   2.4661666e-02  -1.4754768e-01   0.0000000e+00  -1.3487499e-01  -5.7201716e-02   1.5638909e-01   3.1461478e-01   9.8459491e-02  -3.3984731e-01   3.0963780e-01  -3.7468416e-02   3.2444782e-02  -1.9215835e-01  -2.1280493e-01   7.0360312e-02  -2.3855077e-01  -1.4528852e-01   4.3338985e-01  -3.1521224e-01  -3.9896276e-01  -1.7509934e-01  -1.1904287e-01   3.6018072e-02   1.5531105e-01   4.5492469e-01  -2.1419241e-01  -8.6323166e-02   7.2935408e-02   1.2364911e-01  -2.2772810e-01  -4.6098107e-02   6.2541535e-02  -1.4999055e-01   8.0170463e-02  -1.8423210e-01  -3.2936764e-01  -1.2491501e-01   3.5165284e-01   5.8741502e-02  -2.1745119e-01   3.1182393e-01  -4.5245887e-02  -1.5428008e-02  -1.3281793e-01  -2.7943011e-01   2.1218849e-01   1.4394700e-02   4.8713522e-01  -4.0808425e-01   2.6343755e-01   3.4778216e-01   4.2889264e-02   4.7901481e-02  -1.5885835e-01  -1.8484437e-01  -1.7149575e-01  -1.8949012e-01  -8.4015366e-02  -3.8793761e-01   1.8150833e-01   3.0246097e-01  -1.1347823e-02   1.1850408e-01  -1.9640208e-01   1.3033112e-02   1.2868508e-01  -7.3205488e-02  -3.0275017e-01   3.5526998e-01  -1.9670043e-01  -6.6650525e-02  -1.1393782e-01   8.2806443e-02   2.6999887e-01  -3.9012392e-01   1.1814068e-01   3.9478810e-01  -7.8877104e-02   3.0765323e-02  -6.1303125e-02  -5.5657570e-02   1.0016725e-01  -2.9793810e-02   1.6287688e-01   1.6894327e-01  -7.4110056e-02   2.6717942e-01  -2.6093147e-01   4.9175533e-01  -2.8084416e-01   1.8885526e-01   2.0039727e-02  -3.2878746e-01   6.4774707e-01  -1.6463084e-01   8.6664687e-02   8.3083103e-02  -1.3305080e-01  -1.2624115e-01  -2.5635387e-01  -5.4013324e-02  -1.1365484e-02  -3.1461854e-01  -1.4286630e-01  -4.7104294e-02   1.9674209e-01  -2.0324045e-01   3.5412363e-02   2.0409833e-01  -4.1142790e-01  -1.4009205e-01  -2.4328726e-01  -2.2732569e-01   4.9923514e-01   7.0969818e-02  -1.4638520e-02  -4.6446091e-02  -2.2423666e-01   3.0137080e-03   6.8924323e-01   2.6525505e-01   3.0123765e-01  -7.4824117e-02  -2.4262393e-02   1.2167145e-01   1.6025711e-01  -5.3586402e-02  -3.0801646e-01  -4.9503095e-02  -2.2276097e-02  -1.5796221e-01   2.8100432e-02  -9.4965510e-03   2.7862153e-01   1.2642376e-01  -1.0919963e-01   3.0646696e-01  -1.7227764e-01  -1.1471534e-01  -2.5257429e-02  -1.8996128e-01  -1.4303290e-01  -1.1468525e-01  -1.9548113e-01   2.0930449e-01   4.1766217e-01   1.8380108e-03  -4.4334276e-02  -2.1161344e-01   1.8857837e-01  -2.4157761e-01   2.5185158e-01   4.8746700e-01  -1.0705357e-02  -1.9792374e-01  -1.3489085e-01  -2.3321944e-01   4.0381286e-02   1.8928994e-01  -3.5937618e-02   9.5451958e-02  -3.4029509e-01  -1.9977575e-01   3.8531148e-01  -8.0787405e-02  -9.1277614e-02  -3.4368933e-01   5.0482780e-01   3.6986721e-01  -9.8681239e-02   1.5269847e-01  -3.0195456e-01  -1.3765644e-01   1.3570714e-01  -2.8732214e-01
   1.4027337e-01  -1.8670841e-01  -1.9020968e-01   1.5831970e-01  -1.3487499e-01   0.0000000e+00   4.3890121e-01  -3.3987995e-01  -2.5866199e-01   2.9522549e-01   4.2332007e-01  -5.5058282e-02   1.7859917e-01   2.7654263e-02   1.9032966e-01   3.5261814e-01  -3.5636584e-01   3.4455183e-01   3.1406445e-01   2.9147009e-01   2.3580401e-01   9.8936679e-02   3.5759698e-01  -1.7452621e-01  -1.9354201e-01  -2.3855748e-01   1.8760308e-01  -1.7106477e-01   1.0419612e-01   3.7019227e-01  -6.4697641e-03  -2.3120899e-02   9.7157780e-02   2.6631933e-01   2.5550355e-01   6.2294126e-01  -4.2575248e-02   1.9699814e-01   3.7662776e-01   2.1661573e-01   9.1753827e-02   1.8354711e-01  -3.2639025e-01  -1.8281390e-01   9.9047359e-02  -2.3043523e-01   5.5114461e-01   2.7431079e-01   2.5606964e-01  -3.4255600e-01   4.2496726e-01  -3.6728119e-01  -7.7810116e-03  -1.7345717e-01   6.8019354e-02   1.8088976e-02  -2.5882556e-02   2.6936144e-02   2.8434918e-01  -3.9455561e-02   5.7549613e-02   9.1395784e-02  -4.2849962e-01  -9.2035777e-02  -2.0981491e-02   3.9390511e-01   7.5185758e-01   1.3479208e-01   1.2719990e-01   1.5816621e-01  -2.0791631e-01   3.2054202e-01   2.7908013e-01  -2.0226450e-02  -3.0838897e-01  -3.7900946e-01   1.0017466e-01  -1.0975159e-01   8.4707160e-02   1.6226138e-01  -3.3766410e-02   3.2899169e-01   1.2355633e-01  -5.2420864e-02  -6.4176164e-02  -2.5787515e-01   6.7703554e-02  -1.8772602e-01  -3.7417226e-01  -8.1308169e-02  -1.2314264e-01   2.8652962e-02   2.2481390e-01  -2.1046047e-01   1.2424689e-01   5.5993915e-02   1.9401073e-01  -1.6123147e-01   3.2191253e-01   1.7025800e-01  -7.3898465e-02   2.2586850e-02   7.2322716e-02  -5.7081716e-02   1.8474912e-01  -1.1658640e-01  -1.9114121e-01  -2.0583521e-02   2.7550273e-01   4.2796091e-01   2.3673612e-01   4.5094364e-01   1.0229017e-01  -2.4540205e-02  -8.7172807e-03  -3.1074241e-01  -1.6099182e-01   1.3681957e-01  -1.9133510e-01   3.2048740e-01  -2.6248144e-01  -3.3355621e-01  -1.5117375e-01  -2.2223361e-01  -2.8437621e-01  -9.7449969e-02   1.4463880e-01  -1.8459316e-01  -3.6274282e-01   2.9459134e-01   2.8552214e-01   3.6840345e-01  -3.1043661e-02   4.6159207e-02  -3.5460395e-01  -3.7371447e-01   1.3333817e-01   5.7388172e-02  -3.9366627e-01   3.0347100e-02  -1.3228271e-03  -2.2738790e-01   1.9884885e-02   5.1505606e-02   1.3963144e-01   8.1012522e-03   1.3105840e-01   9.2408057e-03   2.4381118e-01  -2.2252581e-02  -1.0203094e-01  -1.5130714e-01   2.0677292e-02   3.4434721e-02  -1.1489457e-01  -7.6823541e-03  -7.5107607e-02   2.8712228e-01   4.2120627e-02   4.8694362e-02   1.2992467e-01  -1.9321929e-02   4.9210396e-01   3.1196961e-01  -6.5546573e-03  -5.6257731e-02   1.8979020e-01  -3.7347971e-02   5.8715330e-02   2.2344148e-02   6.3928141e-02  -1.2871277e-01   1.2803395e-01   3.5385543e-01  -2.1001822e-01   7.7889273e-02   1.0280051e-01
  -3.3038424e-01   9.2499120e-02  -2.3627010e-01   5.5993867e-02  -5.7201716e-02   4.3890121e-01   0.0000000e+00  -4.7363119e-01  -1.6089577e-01   3.8639803e-01   5.9913355e-02   4.5155901e-01   1.7057469e-01  -3.8194027e-01  -9.6006874e-02   2.6016012e-01  -2.2460112e-01   3.7761191e-03  -3.5826727e-01   1.5308696e-01   1.9221680e-01  -2.6315102e-01   5.4207351e-01  -3.4979642e-01  -1.8707675e-01  -5.9774200e-01   1.5510163e-01  -5.3112851e-01  -9.2104178e-02   2.0620037e-02  -7.1700762e-02  -3.4058236e-01  -2.9600197e-01   7.0283068e-01   4.1876409e-01   2.6928138e-01  -2.6383692e-02  -2.3153675e-02   2.3779983e-01   4.5086007e-01   2.0993646e-01  -1.4242662e-01   1.4380112e-01  -4.5926426e-01   3.1354055e-01  -5.0899905e-01   1.6217145e-01   6.8403196e-01   2.6273210e-01  -2.8185787e-01   2.4319842e-01  -4.1988572e-01   2.3734255e-01  -1.8075169e-01  -1.6616026e-01  -3.7989228e-01  -4.2270372e-01  -4.5723082e-01   1.2418148e-01   1.3467378e-01  -1.6995333e-01   2.8939183e-01  -1.2697001e-01  -1.9807437e-01  -1.5752142e-01   5.4880894e-01   1.1015039e-01   1.1957230e-01  -3.3265385e-01  -3.7858327e-02   4.6368221e-01   1.3959378e-01   3.8438735e-01  -3.2469653e-01  -1.0445567e-01  -5.0532378e-01  -1.6596003e-01  -3.0758753e-01   3.3469308e-01   9.6197479e-02  -1.1141297e-01   3.5739033e-01   3.2644056e-02  -5.2903237e-01  -4.4075759e-01  -5.2784908e-01   4.8158837e-01  -4.4049928e-01  -1.3682461e-01  -4.5565157e-01  -4.4988714e-02  -2.5063433e-01   6.0741757e-01   5.6099735e-02  -1.3331250e-01   2.7672720e-01   3.1474858e-01  -5.0410147e-01   1.8347494e-01   3.7762845e-01  -2.2520934e-01  -2.5010367e-01  -3.5404499e-01  -2.5720772e-01  -1.2247840e-01  -4.0257003e-01  -2.7515967e-01  -3.8903489e-01   3.4908028e-01   2.4889569e-01   3.9231240e-01   2.8050704e-02   7.3513599e-02  -4.2437145e-01  -2.9009165e-01   5.7649487e-02  -3.8513088e-01   2.6468637e-01  -4.0089798e-01   6.6903946e-02  -3.3914861e-01  -2.6216989e-01   2.1428820e-01   1.1765655e-02  -4.7056798e-01  -4.5070833e-01   1.5600130e-01  -1.6266341e-02  -4.4392340e-01   3.4885452e-01   3.8433523e-01   4.1154719e-01  -3.6311926e-01   5.4680439e-03  -1.5009513e-01  -5.5660625e-01   1.7187245e-01  -7.6201047e-02  -5.5160914e-01  -2.8839992e-01  -3.4924695e-01  -2.0246338e-02  -2.2163467e-01  -1.9057940e-01   2.2589867e-01  -3.3493676e-01   7.1330279e-01  -2.1340061e-01   4.4438517e-01  -9.7720742e-02  -5.0247158e-01  -4.3432927e-01  -3.6402433e-01  -1.1661033e-01   1.8901404e-01  -2.9489532e-01  -3.0128991e-01   2.5734503e-01  -1.9189795e-01  -1.5037943e-01   2.1258980e-01  -3.8133869e-01   2.3649673e-01  -1.7310585e-01  -2.9094234e-01   4.1365669e-01   2.9909235e-01  -4.8784042e-01  -2.5137908e-01   2.6356381e-01   2.4832927e-01   2.1167203e-02  -1.2226587e-01  -9.9171759e-02  -1.2161561e-01  -1.3606141e-01  -3.5227806e-01
  -1.2313841e-01   2.1951190e-01   3.5889532e-01  -7.3764583e-02   1.5638909e-01  -3.3987995e-01  -4.7363119e-01   0.0000000e+00   4.1825783e-01  -3.5842909e-01  -1.5964385e-01   1.1084817e-01  -2.4021974e-01   1.4367520e-02   2.9332885e-02  -3.7201641e-01   3.5152245e-01  -9.6519773e-02   2.3631568e-01  -2.3982688e-01  -3.3541012e-01   1.9337217e-01  -4.9019144e-01   1.3772472e-01   4.1902256e-01   7.8182726e-01   2.8976357e-01   1.6060945e-01   1.5740764e-01   3.5993958e-02   5.5881789e-02   5.4703512e-01   3.9699754e-01  -2.5931912e-01  -3.1265934e-01  -3.6902707e-01   6.3962596e-02  -2.0684146e-01  -4.2201303e-01  -1.2616266e-02  -3.1974820e-01   1.8588074e-01   2.8743371e-01   5.4920551e-01  -1.8740198e-02   4.1891446e-01  -2.8855802e-01  -3.5876430e-01  -7.0506219e-02   3.5995668e-01  -1.7450549e-01   8.5001794e-01   3.6030539e-02   2.5240651e-01  -1.4214282e-01   3.6089982e-01   4.9284085e-01   4.0938070e-01  -2.0574808e-01   3.0426254e-01  -7.6949341e-02   7.6106671e-02   2.6736252e-01   2.8281906e-02   5.1625045e-02  -5.0226455e-01   4.5695250e-02  -8.0728139e-02   5.9086610e-01   4.2079892e-03   2.0316397e-02   4.1622535e-02  -5.3194836e-01   1.0670676e-01   1.2676734e-01   8.2489441e-01  -5.5587344e-02   5.6791832e-01  -6.3985106e-02  -2.9853185e-01   2.4224079e-01  -4.2213687e-01  -1.1535160e-01   6.6879124e-01   1.6598888e-01   7.7450375e-01  -2.0957906e-01   2.2959282e-01   4.2653207e-01   1.5503743e-01   2.7763700e-01   7.0560887e-02  -3.1580701e-01   3.5053539e-01  -8.6733728e-06   1.2462907e-02  -6.0831865e-02   7.3567376e-01  -1.6416957e-01  -1.7007203e-01   3.4543646e-02   1.9724107e-01   1.1262276e-01   3.7622035e-01   2.8328776e-01   6.0731633e-01   2.5039742e-01   8.1898753e-01  -2.6630744e-01  -4.1776640e-01  -1.9097870e-01  -1.2100713e-01  -9.8008454e-02   1.7402927e-01   4.1040416e-02   1.0981806e-01   5.5435345e-01  -4.7233472e-01   2.2307834e-01  -3.0056142e-02   2.5833479e-01   3.3897980e-01   1.0482436e-01   2.4232124e-01   4.0488818e-01   2.9908734e-01   6.7589773e-03  -3.6581583e-04   7.1155318e-01  -2.1658299e-01  -4.9301452e-01  -4.0843552e-01   1.0304919e-01  -7.7844595e-02   5.6427028e-01   8.7523234e-01  -2.9944274e-01  -9.4044499e-02   8.2699139e-01   1.4309884e-01  -4.4942951e-02   4.0797024e-02   3.0734882e-01  -1.4639709e-01  -8.7124910e-02   7.0215854e-02  -1.8779639e-01   8.6453308e-02  -4.1694284e-01  -2.4433046e-01   1.6155941e-01   3.6714149e-01   4.3810529e-02   1.3805519e-01   2.2476450e-01   2.1659505e-01   2.1197620e-01  -1.9146653e-01  -5.6463887e-02   3.9150523e-01   8.3994271e-02   4.7713762e-01  -2.9631450e-01   8.4504047e-02   5.2058356e-01   2.6762661e-02  -3.1328704e-01   2.7285309e-01  -1.3875174e-02  -2.7038753e-02  -6.0270561e-03  -2.1073007e-01   1.2721044e-01  -2.6243109e-01   3.3957658e-01   2.4580128e-01   3.5570714e-01
  -3.2637073e-01   6.7748309e-01   2.8765664e-01   9.8690028e-02   3.1461478e-01  -2.5866199e-01  -1.6089577e-01   4.1825783e-01   0.0000000e+00  -1.8375425e-01  -3.4103743e-01   4.0543559e-01  -1.0125650e-01  -1.3300091e-01  -1.4855145e-01  -3.8303342e-01   3.9020236e-01  -3.3828628e-02  -1.2752510e-01  -1.4822134e-01  -4.8341641e-01   2.8714177e-02  -2.7471947e-01  -1.9374127e-01   3.7358686e-01   2.2480021e-01   4.5770312e-01  -1.8741909e-01   1.2166047e-01   2.2820633e-01   1.7741354e-02   1.6724406e-01   2.7054495e-02  -1.2654427e-01   1.8940826e-02  -3.0108379e-01   1.2271539e-03  -4.2971340e-01  -4.2398089e-01   3.2777055e-01  -9.8663463e-02  -1.0590396e-01   5.0606420e-01   1.7083925e-03   1.0671282e-01   9.9603326e-02  -3.6656982e-01  -4.9983630e-02   2.6428954e-01   5.7164930e-01  -1.9472396e-01   4.1700740e-01   3.6849595e-01   1.6778993e-01  -2.6072421e-01  -2.3324064e-01   7.8506871e-02   3.2957956e-02  -1.9207580e-01   3.0847817e-01  -9.3163017e-02   3.1645792e-01   5.9954379e-01   1.2605157e-01   3.2252463e-01  -1.7727259e-01  -2.1719597e-02   3.2219524e-02  -2.8566120e-02  -8.6366792e-02   4.2404905e-01   1.3129333e-01  -1.3147432e-01   4.6572537e-02   1.1377823e-01   4.2145959e-01  -2.0502509e-01   1.0734425e-01   1.0186562e-01  -2.5976181e-01   1.8429617e-02  -2.7966270e-01  -1.8600481e-01   1.6411152e-01   2.9789368e-02   3.0511572e-01   2.3656594e-01  -7.1003362e-02   5.9082679e-01  -1.4263240e-01   3.6056566e-01  -7.4848922e-02  -1.7033688e-01   5.0143008e-01  -2.2411709e-01   1.9760669e-01   1.9824198e-02   3.8020872e-01   6.5419017e-02   2.3097629e-02  -1.8049795e-02  -8.9934848e-02   4.7294646e-02   4.7708974e-01  -4.4835778e-02   2.9454026e-01   1.4853228e-01   3.4856920e-01  -1.8602520e-01  -3.4566907e-01  -1.0797973e-01  -3.3197818e-01   2.5914868e-02  -1.9745541e-01  -1.9805820e-01   2.0234571e-01  -3.0162094e-03  -1.3417661e-01  -1.8744750e-02  -1.9061070e-01  -1.4614307e-02   4.6177122e-01   3.7405148e-01   4.6958905e-01   9.7694824e-02   5.8661135e-02  -1.1983786e-02   1.2859624e-01   5.3067615e-01  -1.8954682e-01  -3.4802362e-01  -2.7839395e-01   1.0990964e-02   6.3155338e-02   5.7797960e-01   4.2707889e-01  -1.6909766e-01  -1.9695632e-01   3.9269862e-01  -1.4046789e-01  -1.6261328e-01   1.4243348e-01  -2.3574959e-01  -1.5890546e-01  -1.4954284e-01  -1.2081246e-01   1.1099810e-01   2.5150383e-01  -2.0569281e-01  -2.4004394e-01  -1.6119853e-01   1.9219165e-01  -3.1703678e-01   6.2307259e-02   5.7112342e-01  -1.2961221e-02   5.9988861e-03  -1.8517738e-01  -5.1867326e-02   1.5170685e-01   2.2846369e-01  -9.3712786e-02  -1.3575392e-01  -6.2577749e-02   6.8711986e-02   1.3358693e-01  -1.8102930e-01  -2.0574002e-01  -3.4536110e-01   5.9411056e-02  -5.5717650e-02  -2.3240428e-01   4.3818387e-01  -3.5457210e-01   1.6341407e-01   2.1946991e-01   4.1577967e-02
  -1.3867306e-01  -2.8219322e-02  -1.4148399e-01  -6.8262316e-02   9.8459491e-02   2.9522549e-01   3.8639803e-01  -3.5842909e-01  -1.8375425e-01   0.0000000e+00  -3.0231644e-02   1.4064439e-02   1.8410555e-01  -1.3894784e-01  -2.6820314e-01   1.9522659e-02  -1.7192657e-01  -1.9847995e-02  -1.1893882e-02   4.8860501e-01   2.8152604e-02  -2.0388792e-01   4.3034548e-01  -2.1998308e-01  -1.8443837e-01  -2.0066826e-01   2.0379171e-01  -2.1207070e-01  -4.1218467e-02   1.4685496e-01  -1.4066167e-01  -1.6710973e-01  -2.9430072e-01   2.8684791e-01   1.3987618e-01   3.8150620e-01  -1.3411649e-01  -1.3008338e-01   9.6877486e-02   3.3350505e-01   1.1704496e-03  -1.9613291e-01   1.0576315e-01  -1.9885519e-01  -4.9689435e-02  -2.4730230e-01   1.2415309e-01   1.6048054e-01   8.5039893e-02  -8.2047342e-02   9.4515353e-02  -2.2840858e-01   1.0793389e-01  -3.8556057e-01   3.1724337e-02  -1.4632168e-01  -2.6449879e-01  -7.2099631e-02   5.8974501e-02  -1.2166222e-01  -1.5978186e-01   7.0932857e-02  -3.8089086e-03  -4.6099304e-02  -1.5025003e-01   5.2767689e-01   1.5329473e-01   2.4247412e-01  -1.6213825e-01   1.2037438e-01   9.0456224e-02  -8.5802518e-02   2.7442375e-01  -3.1151416e-01  -1.7973939e-01  -3.2784765e-01  -1.2758009e-01  -1.4349119e-01   2.2366702e-01   2.7466835e-01   3.1072586e-02   3.4241636e-01  -1.5471999e-01  -2.3145812e-01  -3.0331370e-01  -2.2169495e-01   9.9572597e-02  -3.1999584e-01  -2.9323956e-01  -2.8488814e-01   1.0544575e-02  -1.7098525e-01   3.3336796e-01   1.7804794e-01  -9.1836605e-02   3.4365127e-01   7.8837349e-02  -2.0279766e-01   2.6714516e-01   2.3849224e-01  -2.2006795e-01  -2.0365987e-01  -2.7661977e-02  -9.1407846e-02  -1.2218913e-01  -2.0495159e-01  -3.4894558e-01  -1.4070296e-01   3.4124023e-01   1.4694070e-01   1.1862007e-01   1.1018685e-01   7.6962476e-02  -1.8517160e-01  -7.6028752e-02   7.9909866e-02  -1.3173874e-01   2.8696634e-01  -2.3969208e-01   4.7648371e-02  -2.1332854e-01   9.3653910e-03  -1.1755058e-01  -1.4508268e-02  -3.9433673e-01  -1.9556434e-01   2.4819699e-01   5.6523523e-02  -3.8286572e-01   2.8449644e-01   1.7424243e-01   1.1725743e-01  -2.3429547e-01  -8.8190580e-02  -2.8603357e-01  -2.9505304e-01   2.4462910e-01  -2.6777007e-02  -2.8365870e-01  -1.2193528e-01  -6.2642954e-02  -1.2377103e-01  -1.7323197e-01  -1.7493324e-01   1.4275522e-01  -6.5933591e-02   3.7159241e-01   1.4345855e-01   3.0204779e-01  -8.0423659e-03  -2.8772256e-01  -2.3127889e-01  -1.0447186e-01   7.7936987e-02   1.5250495e-01  -8.5831760e-02  -1.6676534e-01   2.1598319e-01  -2.3607519e-01  -2.3347122e-02   1.3898567e-01  -2.5019975e-01   4.2582328e-01  -9.1518758e-02  -1.8200674e-01   9.8722100e-02  -3.7798593e-02  -2.6951051e-01  -1.4092924e-01  -2.7363901e-02   3.6233582e-01  -3.3123526e-02  -7.2626809e-02  -2.0168338e-01  -4.2324995e-01   5.1540638e-02  -2.5071236e-01
   4.3768516e-01  -4.5900863e-01  -1.8657256e-01   1.9862473e-01  -3.3984731e-01   4.2332007e-01   5.9913355e-02  -1.5964385e-01  -3.4103743e-01  -3.0231644e-02   0.0000000e+00  -3.9046021e-01   2.4023015e-01   1.7379715e-01   4.3261491e-01   5.7679601e-01  -3.1670648e-01   5.2362340e-01   1.1819739e-01   1.0932585e-01   4.1914748e-01   4.4866932e-01   4.3072490e-01  -6.4820124e-02  -7.2582927e-02  -9.4176760e-02  -3.0181256e-01   1.5083998e-01   4.0628532e-01   1.7174828e-01   1.6771588e-01   2.4188451e-01   2.2727467e-01   5.4256270e-02   3.1838523e-01   5.7408841e-01  -1.5722441e-01   2.7841927e-01   4.8599472e-01  -3.9788986e-01   3.3197756e-01   1.8452841e-01  -2.7057643e-01   1.3526192e-01   1.9001054e-02   1.2142258e-01   7.6641425e-01  -2.0701700e-01  -1.1361488e-01  -5.7253874e-01   6.0545479e-01  -2.4163058e-01  -3.4720307e-01   2.8154391e-02   1.0744738e-01   3.9870281e-01   1.2510324e-01   2.5207252e-01   5.3381950e-01   9.4217111e-02   3.8401769e-01  -2.4534035e-01  -2.4925491e-01   6.1124308e-02  -3.1070569e-01   2.7726257e-01   3.0786145e-01   2.7190795e-02   4.0201983e-01   2.7332786e-01  -5.6640536e-01   3.9801132e-01   2.7308534e-01   2.1139958e-01  -1.1150078e-01  -2.8818296e-01   2.9628801e-01   1.0775377e-01  -9.2120206e-02   3.1046754e-01   5.8291225e-02   2.4804503e-01   4.5622346e-02   7.1775852e-02   1.0358109e-02  -1.4673293e-01  -1.3666069e-01   1.6361214e-02  -3.4671586e-01   1.4049019e-01  -1.6603413e-01   2.5780027e-01  -4.4514232e-02  -1.5708519e-01   3.6670669e-01  -2.7183235e-01   3.8139398e-01  -2.2423614e-01   1.9637823e-01   1.8008948e-01   2.9934674e-02   3.7989388e-01   3.3540393e-01  -1.2485952e-02   5.3757677e-01   7.4625811e-02  -7.5652946e-02  -9.1254147e-02  -2.4184936e-02   3.4246896e-01   4.4978759e-02   6.6442873e-01   1.1072167e-01   2.2204512e-01   2.7029202e-01  -3.6803925e-01   7.8227925e-02   1.3995056e-01  -1.2768199e-01   4.7536188e-01  -1.9271873e-02  -3.9213038e-01  -1.9351326e-01  -4.7678118e-01  -8.5878507e-02   1.3225115e-01  -9.0126570e-03  -1.1420306e-01  -1.4167933e-01   1.7981062e-01   3.3846744e-01   4.3995106e-01   1.1954123e-01  -2.4048774e-02  -1.8553747e-01  -2.0676664e-01   1.7976985e-01   6.3521155e-02  -2.4309746e-01   1.0185073e-01   1.8588174e-01  -2.3490120e-01   5.2594244e-01  -4.5350533e-02   3.2722161e-01   3.4794065e-01  -2.4502605e-01  -1.5123133e-01   3.2735661e-01   8.4454967e-02   1.0882005e-01  -2.8016514e-02   3.2161505e-01   4.0502866e-01  -5.5257975e-01  -7.9253030e-02   1.6942620e-01   4.2786104e-01   1.8742439e-01   2.5801938e-01   9.6888243e-02   4.4851194e-01   2.8650311e-01   5.4480833e-01   2.8418541e-01  -2.7994046e-01   4.8908737e-01   1.9736702e-01   3.9763349e-01  -2.9655211e-01  -1.3156176e-01  -1.4871099e-01   9.6596355e-02   2.3317230e-01  -2.2186169e-02  -1.4170456e-01   4.3483872e-01
  -4.8416241e-01   7.1292105e-01   2.5042431e-01  -7.7509249e-03   3.0963780e-01  -5.5058282e-02   4.5155901e-01   1.1084817e-01   4.0543559e-01   1.4064439e-02  -3.9046021e-01   0.0000000e+00  -1.0516343e-01  -1.9252924e-01  -1.5545565e-01  -2.2443865e-01   3.1251527e-01  -1.7654089e-01  -3.5359756e-01  -1.4793855e-01  -3.1729722e-01  -2.5328047e-01  -1.2083515e-01  -2.7799739e-01   1.1240866e-01  -1.1086640e-01   4.6033797e-01  -3.1543393e-01  -2.0014081e-01   1.8986067e-01  -5.8346796e-02  -6.1139059e-02  -2.9338354e-02   3.9033326e-01   2.2412545e-02  -2.3654490e-01   1.5245348e-01  -3.6172812e-01  -1.7252301e-01   4.6509696e-01  -3.5119900e-02  -1.7210900e-02   6.0443114e-01   3.5825481e-02   4.9048466e-01  -2.2851068e-01  -3.4909633e-01   4.3068130e-01   4.1012333e-01   3.7836377e-01  -1.1476021e-01   1.5086134e-01   4.6490560e-01   1.5734430e-01  -6.4414737e-02  -1.9397533e-01  -1.4993156e-01  -1.4247701e-01  -1.5768044e-01   4.4877899e-01  -2.1871145e-01   5.6948106e-01   4.4425444e-01   2.7631720e-02   2.0598079e-01  -4.1284455e-02  -9.3766446e-02   1.2799649e-01  -1.8731313e-01  -1.3786294e-01   6.2386996e-01   1.1631642e-01  -1.1052600e-02  -2.2358847e-02   1.6288507e-02   2.0166452e-01  -3.1184129e-01   5.2981745e-02   3.6825480e-01  -2.3930684e-01   1.0972461e-01  -2.3798288e-02  -9.6817110e-02  -5.5440391e-02  -4.2465994e-02   1.3372119e-01   4.0762598e-01  -2.2937836e-01   4.3716700e-01  -3.8075930e-01   3.6227589e-01  -1.2686261e-01   2.5673125e-01   3.8763536e-01  -2.6888531e-01   3.1536445e-01   4.6997481e-02   6.7731692e-03   4.1142977e-02   1.0823291e-01  -1.3471523e-01  -1.3722579e-01  -1.7588408e-01   1.0104612e-01  -1.2234086e-01  -2.9692742e-04   1.9400928e-01   1.1300890e-01   3.0749106e-02  -1.7859693e-01   2.4279881e-01  -2.7428491e-01  -5.9322447e-02  -3.9371660e-01  -2.9779256e-01   3.1976327e-01  -9.3922537e-02  -4.0851404e-02  -2.4431710e-02  -1.2812964e-01  -9.2127485e-02   3.6257363e-01   5.1251718e-01   4.9640735e-01  -2.2837943e-01  -7.6672008e-02   2.4450206e-01   6.6319260e-02   1.1657549e-01   3.8734779e-02  -6.2157905e-02  -1.7647418e-01  -7.0341799e-02  -9.9664050e-02   4.1984413e-01   7.0736236e-02  -1.6869613e-02  -1.4634918e-01   1.3917671e-01  -2.4711778e-01  -3.6703876e-01   6.6480431e-02  -3.5161151e-01  -1.3565926e-01   2.6624546e-02  -2.2599443e-01   6.2277346e-01   1.5230091e-02   4.1329206e-02  -3.1167522e-01  -2.6759684e-01   6.0797445e-02  -3.4459534e-01  -4.2114020e-05   6.4853055e-01  -1.7076767e-01  -1.2304207e-01  -9.5941816e-02  -4.0014631e-02   7.8122344e-02   3.8112341e-01  -2.8505707e-01  -1.6534870e-01  -1.5464682e-01  -4.2215441e-02   4.7925167e-01  -7.4812379e-02  -2.3771447e-01  -2.9465975e-01   3.5345843e-01   2.9862739e-01  -1.9825368e-01   1.1779036e-01  -2.0613644e-01   8.0467993e-02   1.1202322e-01  -2.0997652e-01
  -8.6526867e-02  -1.9204732e-01  -9.2771944e-02   2.8218726e-01  -3.7468416e-02   1.7859917e-01   1.7057469e-01  -2.4021974e-01  -1.0125650e-01   1.8410555e-01   2.4023015e-01  -1.0516343e-01   0.0000000e+00  -1.3351992e-01  -1.2494459e-01   3.4139506e-01  -1.3540296e-01   3.0083897e-01  -2.0930108e-02   1.7720207e-01   6.7407213e-02   1.5513708e-01   2.3032091e-01  -1.5784176e-01  -7.9717801e-02  -3.1766557e-01  -1.7077802e-02  -2.3373872e-01   1.2082330e-01  -2.7236211e-02  -2.9806698e-01   1.0175043e-01  -5.8594151e-02   1.9573086e-01   1.8942796e-01   3.7998049e-01  -2.1402604e-01  -1.0334184e-01   3.9361039e-01   5.6139836e-02   6.6052954e-01  -1.8191683e-02  -4.1250985e-03  -3.1820821e-01   4.3720141e-02  -2.4275322e-01   4.2707517e-01  -2.0035873e-02   1.9016072e-01  -1.7580117e-01   4.4948125e-01  -1.5206693e-01  -1.6933657e-01   1.5430238e-01   8.7568542e-02  -6.4856628e-02   2.5711707e-02  -2.4639069e-02   3.0784969e-01  -5.7562126e-02   1.0680390e-02   1.0982416e-01   4.6136850e-02  -1.6983091e-01  -1.7900922e-01   3.1367349e-01   3.0046736e-02   4.3237424e-01   2.2665742e-02   2.6228382e-02  -1.3024729e-01   2.7830914e-01   6.6631081e-01  -1.9734968e-01   3.4737370e-01  -2.5596409e-01  -1.1060284e-01  -1.6723366e-01  -3.1443950e-02   5.6020593e-01  -2.1328891e-01   6.1408256e-01  -2.7566586e-01  -2.0823862e-01  -3.6522643e-01  -2.8609325e-01   6.1414069e-02  -2.4446517e-01  -3.2366764e-02  -1.8530908e-01  -1.6777121e-01  -6.2083783e-02   3.1181361e-01   1.2264368e-01  -4.7424109e-02   1.9463604e-01   4.3114681e-01  -3.0819695e-01   4.4819722e-01   2.0302089e-01  -3.6649015e-01  -1.1616409e-01  -1.1802639e-01  -2.2204737e-01   2.4644292e-01  -1.4413080e-01  -7.1807337e-02  -3.0519372e-01   4.1766170e-01   1.3390819e-02   6.0196799e-02   2.1513209e-01   4.1169538e-01  -1.0473310e-01  -1.4411066e-01  -2.2101768e-01  -6.7796629e-02   7.3234389e-01  -2.8282526e-01   3.9109315e-01  -9.8947229e-02  -6.4105332e-02   2.9912277e-01  -8.3951415e-02  -3.2867270e-01  -3.6888844e-02   2.0664766e-01   3.2680638e-01  -4.0058723e-02   6.0270519e-02   6.2174419e-01   1.3542693e-01  -1.8237804e-01  -1.9627457e-01  -6.1275946e-02  -2.7840230e-01   4.8506276e-01  -2.8394192e-01  -2.6925565e-01  -8.9786934e-02   5.8974436e-02   3.7089476e-01   4.6957917e-02  -1.6714831e-01   1.0896616e-01  -4.4340359e-02   6.7039065e-02  -8.5897336e-02   3.3922971e-01  -1.0399743e-01  -2.9746237e-01  -3.1225173e-01  -1.7731938e-01   7.0622164e-02  -3.3497043e-02  -2.0530394e-01  -1.9668028e-01   4.6561097e-01   1.6895184e-02  -5.9461462e-03   3.7381060e-01  -1.4482395e-01   2.1545889e-01   3.5309549e-02  -7.7643846e-02  -6.0730049e-02   3.6395513e-01  -1.5590137e-01   1.3321561e-02  -2.4059342e-01   4.5891318e-02  -2.0370518e-01   1.2025266e-01  -5.9050795e-02   8.8006778e-02  -2.2941671e-01   6.2914992e-02
   5.8317543e-01  -1.6105345e-01  -9.8982992e-02  -7.8281907e-02   3.2444782e-02   2.7654263e-02  -3.8194027e-01   1.4367520e-02  -1.3300091e-01  -1.3894784e-01   1.7379715e-01  -1.9252924e-01  -1.3351992e-01   0.0000000e+00   4.5099954e-01   5.3809057e-02  -1.7571211e-01  -2.0381144e-02   2.6079238e-01  -1.0806016e-01   1.4853801e-01   1.2354564e-01  -3.8284967e-02   3.3112557e-01  -2.2433006e-01   2.0952480e-01  -2.4110073e-01   6.6276183e-01   1.3580640e-02   1.7817695e-01   4.0992667e-01   5.7347218e-03   2.0976847e-01  -2.6272084e-01   7.2475420e-02  -8.6417871e-02  -2.5662878e-01  -4.5801433e-02   7.0414578e-02  -2.8483312e-01  -5.1688860e-02  -2.8555503e-03  -2.1050884e-01   2.5447504e-01  -4.2569182e-02   1.0231975e-01  -8.3365833e-02  -1.2727636e-01  -2.8021572e-01  -6.7092097e-02  -8.1969345e-02   1.7931482e-02   3.2023059e-02  -3.7753156e-02   5.5812678e-01   4.3797190e-01   2.1480754e-01   3.0467740e-01   2.2042242e-01  -2.0619723e-01  -7.7939488e-02  -3.1352248e-01   9.8840133e-03   4.2091067e-01   4.4940127e-02  -2.1996009e-01  -7.1145565e-02   1.7392038e-02   9.4585964e-02  -9.3201492e-02  -2.7769466e-01  -7.7421681e-02  -1.4451445e-01   4.1171532e-01  -2.1310741e-01   1.4962079e-01  -7.2734807e-03   6.3422701e-02   2.0736210e-02  -9.6400281e-02   5.5299635e-01  -4.0400832e-02   1.4960174e-01   1.9782868e-01   6.4310269e-01   3.7454018e-01   8.5712997e-02   5.2375790e-01  -2.8201099e-01   6.0768484e-01   1.8684280e-01   9.9348093e-03  -3.4488016e-01  -2.3279503e-01  -2.1548630e-02  -3.3763242e-01  -3.3216973e-01  -2.8189257e-02  -1.5126282e-01  -2.5525573e-01   5.0531661e-01   3.9904049e-01   6.0507224e-01   1.8731478e-01   2.0065633e-01  -4.0185469e-02   8.8205645e-02   7.0601911e-02  -6.9912889e-02   1.9167980e-01  -8.6027026e-02   2.4182067e-01  -8.1010640e-02   5.3120888e-01   6.1025442e-01  -6.3465638e-02   1.1865579e-01  -3.4704216e-02   5.1894641e-01   1.5891696e-01   7.4241892e-02   8.2111075e-02  -2.6127101e-01  -6.8267311e-02   1.5693700e-01   6.2189147e-01   1.2082081e-01  -1.4396385e-01  -3.3322265e-02  -2.1646813e-01  -9.4882479e-02  -1.4658351e-01   4.2156460e-01   2.9820741e-03  -3.0020564e-01   1.8315792e-01  -1.0196947e-01   5.4547164e-01   2.4313586e-01   3.3029487e-01   7.4941778e-01  -2.1928834e-01   2.8120318e-02   2.9508868e-01   2.2437755e-01   3.7947823e-01  -2.8758940e-01   2.1333306e-01  -4.0350259e-02   1.0594028e-01   5.8247471e-01   5.8137002e-01   2.9077714e-01   1.9388818e-01  -2.7800704e-01   1.9363069e-01   2.0735035e-01  -2.4615265e-03   3.9299270e-02   3.6862014e-01   4.2920789e-03   1.5645152e-01  -7.7527542e-03   2.5174998e-01   1.2953241e-01  -2.5197218e-01  -2.7037087e-01   6.7006283e-01   4.2263352e-01  -6.1288478e-02   2.2349955e-02  -2.3721567e-01   9.7994166e-02   4.0912930e-01  -6.5946704e-02   4.0322762e-02   1.9846408e-01
