   0.0000000e+00  -3.2437309e-01   2.8075662e-01   1.9756607e-02  -3.0107820e-01   2.4002022e-01  -3.2650169e-01   1.9998656e-01  -2.1793868e-01  -3.1179109e-01   2.8828684e-01  -2.3529033e-01  -1.8735471e-01   7.0918529e-01   5.0981964e-01   3.0578228e-01   6.8265752e-02  -1.4648330e-01  -1.4405093e-01  -2.3398776e-01  -3.2566193e-01  -2.0658869e-01  -3.3636663e-01   7.3907019e-01   1.2040905e-02   6.0927385e-03  -4.5004767e-01   8.1651878e-01   7.5447967e-02  -7.4387271e-02  -2.3278989e-02  -1.3258460e-02   2.3181106e-01  -1.5793635e-01   5.9450075e-02  -4.8886115e-01  -4.8479982e-01   2.5431503e-01   4.6027142e-02  -4.0810603e-01  -2.3282840e-01   2.4069874e-01  -1.1823366e-01   6.0011827e-01  -2.5474315e-01   6.3952935e-01  -7.1622100e-02  -3.4802506e-01  -4.7016364e-01  -2.5403517e-01   3.5945649e-02  -3.9225516e-02  -3.2187540e-01   6.9200296e-02   3.4458112e-01   3.0574766e-01   4.2060361e-01  -1.9434182e-01  -8.2821397e-02  -1.9913998e-01   1.7624864e-01  -3.5578942e-01  -1.1717934e-02   1.0448257e-01  -2.5182510e-01  -3.4983305e-01   9.0878176e-02   3.6695601e-02  -8.5030708e-02   4.8397715e-01  -5.3586800e-01  -3.2192236e-02  -6.3936246e-02   3.6229362e-01  -1.4209451e-01   1.4848049e-01   4.7195009e-01   3.2772177e-01  -1.7547274e-01  -1.8264483e-01   5.7495859e-01  -3.5040946e-01  -4.9420412e-02  -6.9272734e-02   6.4219847e-01   4.0792393e-01  -3.4520044e-01   7.3494836e-01   1.2700873e-01   8.4720186e-01  -2.7217590e-01   2.5775603e-01  -3.3342068e-01  -1.8625961e-01   3.4697462e-01  -2.0527122e-01   1.3956061e-01   5.0653633e-03  -1.9095621e-01  -2.7290276e-01   2.1351658e-01   5.7101080e-01   4.8289298e-01  -1.1110083e-01   8.2899187e-02  -2.6365962e-02  -7.9093937e-03  -1.6046094e-01  -5.3221146e-01  -2.0524633e-01  -2.5327398e-01   1.8459728e-01  -8.6316714e-02   8.5977416e-01   4.1588025e-01  -4.0318097e-01   4.9477597e-02  -2.0971292e-01   4.2625255e-01   2.6223433e-02   6.4763668e-01  -2.6527874e-01  -1.2758348e-02  -3.0424354e-01   7.9935657e-01   4.4467832e-01  -4.5881462e-02  -1.2258694e-01  -3.3716098e-02   1.6573676e-01  -1.9597106e-01  -3.8831221e-01   5.9344026e-03  -1.4522130e-01  -6.9358337e-02   4.8674424e-02  -1.5108235e-01   6.5925490e-01   1.3105200e-01   3.6833307e-01   8.4256873e-01  -1.6991360e-01   1.3390532e-01   4.3950264e-01   3.3743747e-02  -1.2841096e-02  -2.1777535e-01  -2.0733598e-01  -2.5865245e-01  -4.5981193e-01   8.8596582e-01   3.0622627e-01   6.8759593e-01  -3.1229864e-01  -2.4556778e-01   5.7298870e-01   5.1417642e-01   6.3468874e-02   1.3897367e-01   3.5691239e-01  -1.6241663e-01   1.6995580e-01  -3.0070699e-01  -7.0414184e-02  -2.3925517e-01  -4.6177615e-01  -1.4918533e-01   4.7881551e-01   7.1302893e-01  -4.7991674e-01  -3.7764508e-01   3.3887438e-01  -2.9874512e-01   1.6290086e-01  -1.6625605e-01  -7.4991245e-02  -1.4687547e-01
  -3.2437309e-01   0.0000000e+00  -9.1191191e-02  -2.1243472e-01   6.2449427e-01  -1.3026378e-01  -1.2633032e-01  -7.3905784e-02   3.1761905e-01   3.5986244e-01  -5.7396365e-01   7.4865944e-01   1.0367257e-01  -3.7848857e-01  -5.5666904e-01  -3.9391536e-01   2.3513319e-01  -2.3446805e-01   8.5599994e-02   4.9620164e-01  -3.0587142e-02  -2.4057883e-01  -2.5441796e-01  -3.1359852e-03  -7.5110977e-02   7.4894925e-02   4.4175255e-01  -2.5412674e-01   1.6555052e-01  -1.0297223e-01  -2.6338748e-01  -8.3983279e-02   4.6704209e-02   1.2338563e-01  -6.5623357e-02   3.9384596e-01   2.9587453e-01  -2.8512461e-01  -8.1522340e-02   6.7010962e-01   2.0032710e-01  -1.4062559e-01   5.6362651e-01  -4.4396878e-01   1.0372477e-02  -4.3813676e-01  -2.7025072e-01  -4.0699850e-02   4.6002015e-01   5.2099691e-01  -4.6680871e-01   2.7420138e-01   8.6113383e-01   2.0040549e-01  -2.7635690e-01  -7.1747376e-01  -2.9165384e-01  -9.5245920e-02  -2.4186880e-01   2.1828838e-01  -2.1960635e-01   2.8631693e-01   3.5266378e-01   2.6827532e-02   8.3175405e-02   4.8071883e-01  -5.4228958e-02   2.8831165e-01  -1.6745928e-01  -1.3779078e-01   4.7980445e-01  -3.2072336e-01   3.0289416e-01  -2.7229035e-01   2.4109485e-01  -4.2777997e-01  -2.8777398e-01  -1.3121262e-01   6.7078115e-01   1.0676865e-01  -6.2258355e-01   1.8826242e-01  -2.2276618e-01   1.1745333e-01  -2.9292885e-01  -4.4930787e-01   3.5933532e-01  -2.9219387e-01   2.9368405e-01  -2.0050718e-01   8.0055273e-01  -1.4868510e-01   5.2176487e-01   3.1106069e-01  -3.8902805e-01   5.6868589e-01   1.0770738e-01   3.1625310e-01   4.5752795e-01  -3.5465184e-01  -3.3809117e-01  -2.4074342e-01  -6.0561119e-01   6.1603169e-01  -4.7468132e-01  -2.2591567e-01   3.0329149e-01   1.1702730e-01   8.5231903e-02   2.5045695e-01  -5.4256105e-02  -2.5005303e-01  -9.2683697e-02  -3.0090946e-01  -6.9342517e-01   7.4663560e-01   1.0564201e-02   3.1859809e-01  -3.8127556e-01  -2.8209124e-01  -3.2060916e-01   6.6461550e-01   2.9957008e-01   3.8460776e-01  -1.9973315e-01  -1.2928397e-01  -2.6056648e-01   2.5894500e-01  -3.9039634e-01  -3.5867188e-02   2.0349886e-01   1.8524314e-01   4.9872961e-01  -5.6412167e-03   1.7397169e-01  -9.2640007e-02   4.3719760e-02  -5.5432023e-01  -9.1496400e-02  -1.7727810e-01  -2.9722760e-01   1.2338799e-01  -3.7293731e-01  -3.1759415e-01  -4.4061647e-01  -4.1507585e-01  -7.5821787e-02   5.4678656e-01   2.3245063e-01  -3.4392040e-03  -4.2244749e-01  -6.7785301e-01  -2.3524389e-01   3.0127756e-02   7.9164560e-01  -1.5582059e-01  -3.6890188e-01  -2.7848038e-01   1.2722812e-02  -5.8061637e-01   3.3459245e-01  -3.6893880e-01   5.2700975e-01  -3.0328955e-01   7.2475276e-02   3.8440460e-01   5.2130757e-02  -8.3318214e-02  -2.6867278e-01   8.2411812e-01   7.1640859e-01  -2.9513396e-01   1.9883930e-01  -6.5709316e-02  -4.1061690e-02  -3.9117634e-02  -7.1581378e-02
   2.8075662e-01  -9.1191191e-02   0.0000000e+00  -5.2004125e-03   2.0580034e-02   3.6682365e-01  -2.4495579e-01   2.9749903e-01   1.5241760e-02  -6.5060817e-02   1.5520606e-01   1.0488793e-01  -1.1176659e-01   1.0547769e-01   9.7208411e-02  -3.9345545e-02   8.1920200e-01  -2.9875364e-01  -1.4166267e-02   9.8092723e-02  -5.2983567e-01   7.9249749e-02  -2.4396406e-01   1.6311879e-01  -7.2209856e-02   1.6303007e-01  -1.0045237e-01   2.0447743e-01   8.3988233e-02  -2.8841412e-01  -1.8539795e-01   4.4959102e-02   3.7084570e-01   8.4784311e-02  -1.7026971e-01  -1.1935047e-01  -2.2933829e-01   2.5036529e-02  -2.0359208e-02   1.1248790e-01   1.6205762e-02   1.8650983e-01   8.7721389e-02   1.6794384e-01  -3.8426939e-01   5.2392866e-01  -1.5533187e-02  -4.4601198e-01  -3.3393986e-01   4.0902560e-01  -2.8753197e-01   1.0858576e-01   8.4006931e-04   2.4690975e-01   1.7495427e-02   7.9034790e-02   3.5032834e-01   6.2168192e-02  -6.0356522e-02   5.2825727e-02   6.0276171e-01  -1.0175175e-01   1.7533534e-01  -1.0386847e-01  -4.0988100e-01  -1.9316581e-01   1.8328858e-01  -3.0278141e-01   1.5993688e-01   6.8494373e-01  -1.5488906e-01  -2.4634875e-01   8.8379925e-02   2.5936817e-01  -5.2230607e-02   2.7419730e-01   6.1453985e-01   1.0161190e-01  -3.6039053e-02   7.5254013e-02   6.6596226e-02  -1.4853772e-01  -6.9203587e-02   1.3178764e-01   2.9517814e-01   2.3634229e-01  -4.0366504e-01   9.2717838e-02   4.6691509e-02   1.5519949e-01  -1.1209319e-01   7.2463404e-01   1.3115870e-01   1.2057109e-02   2.6759311e-01   4.5026849e-02   1.1925793e-01  -6.6235869e-02  -1.0592512e-01  -4.3848350e-01   4.9205865e-02   4.5868971e-01   1.3119396e-04  -4.7933499e-02  -3.4057869e-01   1.3822303e-01   3.3304502e-01   1.5000973e-01  -3.3972086e-01  -1.6537749e-01   7.8848228e-02   1.4943705e-01  -1.3841520e-01   3.2203874e-01   1.6821938e-01  -2.9039779e-01   2.0091818e-01   5.5856962e-02   1.6910053e-01  -7.7396938e-02   2.4598370e-01  -3.6788988e-02   1.2231929e-02  -2.3114070e-01   3.4837117e-01   2.9605859e-01  -3.6158433e-02   8.5954466e-03   1.0575417e-01   5.5716413e-01  -2.0422513e-01  -6.4877884e-02   1.6656067e-01   1.8053749e-01   3.4442111e-02   3.4359216e-01  -8.7256827e-02   1.5186275e-01   3.7563923e-01   8.0028845e-02   2.3745941e-01  -7.7858245e-02   9.7984758e-02   4.6886226e-01   1.2993956e-02  -2.5226036e-01   1.8763821e-01  -1.9903091e-01  -2.7932915e-01  -3.5617258e-01   2.9412918e-01  -9.4581926e-03   5.1015879e-01  -2.4251813e-01   2.3823150e-01   4.4168308e-02   2.6366155e-01   8.5855680e-02   7.4912616e-01  -1.7209649e-01  -4.0866392e-02   2.2980250e-02  -1.5933019e-01  -3.7385035e-01   1.5828983e-01  -1.7111974e-01   6.6044320e-02   2.8957578e-01   2.8320265e-01  -1.3678404e-01  -1.8112287e-01   4.1049481e-02  -4.0282738e-01   3.2248498e-01  -1.3651249e-01   1.0220579e-01   1.3555195e-01
   1.9756607e-02  -2.1243472e-01  -5.2004125e-03   0.0000000e+00  -1.5733341e-01   2.0456686e-01   4.8296243e-03   3.8375866e-01   4.4356573e-01  -4.8017077e-01   4.1895686e-01  -4.0579410e-01   2.1079438e-01   2.7180946e-01   3.1059559e-02   6.0106069e-02   1.3848274e-02   3.4794830e-01   1.1794500e-01  -9.8202856e-02  -7.2028055e-03   6.5101384e-01  -1.4762907e-01   3.5021057e-02   1.5394463e-01   5.3201128e-02   2.2078697e-02  -1.2233055e-01  -4.3268428e-02   4.6441983e-01   1.9804250e-02   7.4849934e-01   2.5277473e-01  -4.3830320e-01   1.2066829e-01  -4.9420783e-02  -1.0824017e-01  -4.8619002e-02   4.5459172e-02  -2.8947558e-01   2.5208123e-01   1.5774685e-01  -1.6668982e-01   1.7878402e-01  -3.6878733e-02   2.0818489e-02   5.3290575e-01   5.7469539e-02   9.3388388e-03  -6.3344072e-02   3.2114540e-01   2.0562397e-01  -4.1340907e-01   1.7779914e-01   2.7394455e-01   1.7617836e-01   2.7057537e-01   7.2302360e-01   6.2070569e-01   3.3251563e-01   1.3277069e-01  -8.6386900e-02   2.4062597e-01  -1.6069062e-03  -1.5815039e-02  -2.5730243e-01   3.9773251e-01   6.7814291e-03   5.8589491e-01  -1.6048965e-01  -3.1613372e-01   6.4948926e-01  -4.6901564e-03   5.3791705e-03   3.1725381e-02   4.8183114e-01   3.8031401e-02   8.2521350e-02  -3.4551111e-01   2.6974083e-01   2.3843756e-02  -2.0897274e-01   7.1314099e-02   2.2023012e-01   5.2118923e-02   4.6068351e-01   1.5900156e-01   1.7678450e-01  -7.5404294e-02  -5.0144405e-02  -1.9328002e-01   1.2508990e-01  -3.1591951e-01   3.9299304e-01  -2.9081430e-02  -1.7750566e-01   4.7527392e-01   3.1206993e-02  -7.7387629e-02   3.1143012e-03  -7.6081305e-02  -2.5404382e-01   3.0217412e-01   5.7196141e-02   4.3829870e-01   7.0690800e-01   1.6999182e-01   4.2153798e-01  -1.9415384e-01   1.5924688e-01  -2.2137824e-01   5.3444573e-01   6.9778357e-01  -2.5997906e-02   8.5599058e-02  -1.4363638e-01   3.9044214e-01  -3.9351891e-02  -1.2609492e-01   8.4771131e-01   1.1813238e-01  -3.1144336e-01   2.0214745e-01  -1.9836390e-01  -3.9165641e-02   1.8922953e-01  -4.4130387e-02   1.2653235e-01   6.7641525e-01  -3.1269491e-01  -2.1955550e-01  -1.4949093e-01   1.9110297e-02  -2.3272348e-01   5.0654764e-01   3.6630901e-01   1.8675320e-01  -8.7443110e-03   4.3895203e-01   5.4358743e-03   4.3466962e-02  -9.3438202e-02   5.0071857e-01  -1.6927104e-01  -1.7982783e-01   1.5269904e-01  -2.2296967e-01  -5.3308733e-03  -2.4312851e-02   1.1243832e-02   1.6503631e-02   2.1008884e-01   1.1030304e-01   1.6191718e-02  -3.3870524e-01   4.7127903e-02   1.2167707e-01   5.6187812e-01   6.5387649e-02   2.7917017e-01   1.0632075e-01   5.0456206e-01  -1.3673483e-01   4.2773237e-01   6.3888698e-01  -3.3592831e-01  -2.4729603e-01   2.1977668e-02   1.9372090e-01  -1.6805644e-01  -2.6157341e-01   8.2464386e-02   1.4909413e-01   5.6792419e-02   2.6929510e-01  -4.4366306e-02   6.7984926e-01
  -3.0107820e-01   6.2449427e-01   2.0580034e-02  -1.5733341e-01   0.0000000e+00  -1.5593978e-01  -1.2947729e-01  -7.8858013e-02   2.7403558e-01   1.6811685e-01  -4.8017282e-01   3.9918727e-01   4.7692740e-01  -3.2623799e-01  -5.7696923e-01  -3.0673633e-01   2.6705376e-01  -7.1620580e-02  -9.2505946e-02   9.4199282e-01  -3.3624611e-01  -9.6091956e-02  -2.3980339e-01   9.5036915e-02  -1.5631817e-02   2.3403670e-01   6.9977747e-01  -2.7920775e-01   3.8322981e-02  -2.9361193e-01  -3.4774162e-01  -8.5036108e-02  -2.9298759e-02  -1.0611737e-01  -4.3996926e-01   7.6105826e-01   1.9243255e-01  -3.4183289e-03  -1.0962866e-01   7.9112323e-01   4.2427107e-01   8.6121000e-02   4.5299897e-01  -5.3051733e-01   1.7215082e-01  -2.6148926e-01   8.2831894e-02  -3.7482683e-01   4.7832266e-01   6.5662357e-01  -3.0648854e-01   3.1190366e-01   6.0662694e-01   2.9314871e-01  -4.1972991e-01  -6.6397234e-01  -3.4120089e-01  -6.2840375e-02  -1.6674271e-01   1.6335635e-01  -2.7209684e-01   6.4934740e-01   3.5846521e-01  -4.4925998e-01   6.5580798e-02   5.0736405e-01   9.4780435e-02   2.6785213e-01  -3.8807163e-02  -5.2529594e-02   7.8987849e-02  -9.6923833e-02   3.2269344e-01  -4.6544702e-01   2.8147984e-01  -2.6345041e-01  -2.0086485e-01  -7.4745020e-02   7.5092389e-01   4.4568467e-01  -4.7692764e-01   1.5860576e-01  -4.9197528e-01   2.3854388e-01  -5.1144958e-01  -3.4786635e-01  -2.4611319e-02  -2.4954188e-01   2.7290629e-01  -1.0354237e-01   8.2447378e-01  -2.5825031e-01   4.0486066e-01   2.8545348e-01  -1.2317269e-01   9.4251390e-01   1.5781124e-01   2.5020682e-01   7.9522648e-01  -2.9887357e-01  -5.8735746e-01  -3.3775456e-01  -4.7394935e-01   3.6668695e-01  -4.6504968e-01  -1.2442636e-01   3.5373830e-01   1.8953832e-01   8.2706943e-02   3.1420280e-01  -2.2292880e-01  -7.3771405e-02   3.7357013e-02  -1.7168163e-01  -6.5846069e-01   6.0016623e-01   1.7329831e-01   4.5854613e-01  -6.4462598e-01  -1.6766177e-01  -1.7368122e-01   8.8902276e-01   2.4445304e-01   2.4006649e-01  -2.5408740e-02  -1.5579921e-01  -1.2070607e-01   5.3729095e-01  -3.1346611e-01  -1.6662845e-01   2.9563840e-01   3.1773501e-01   1.8655344e-01  -2.3451754e-01   1.4502759e-01  -4.6316146e-03   3.4646686e-01  -5.2173258e-01  -4.1240768e-02   6.3828668e-02  -1.6898433e-01   2.9770572e-01  -2.4356273e-01  -5.4640028e-01  -3.7354762e-01  -4.2696270e-01  -1.3810435e-01   6.0157419e-01   3.4882709e-01  -1.4793400e-01  -4.7314920e-01  -4.2504930e-01  -2.6977487e-01   4.1531678e-02   6.7588566e-01   2.2698138e-02  -1.9586841e-01  -9.6390366e-02   1.0035946e-01  -4.6484971e-01   3.0775882e-01  -3.4391537e-01   4.5341322e-01  -4.2715143e-01   8.2317320e-02   2.6271651e-01   7.6147203e-02  -1.1086948e-01  -4.0587312e-01   6.9829514e-01   6.5069990e-01  -2.1033273e-02   4.7496658e-01  -2.3383244e-01   9.2069579e-03   1.6580217e-01   7.2170509e-02
   2.4002022e-01  -1.3026378e-01   3.6682365e-01   2.0456686e-01  -1.5593978e-01   0.0000000e+00   5.1072959e-02   5.6745204e-01   1.4452347e-01  -1.1515314e-01   3.4404426e-01  -1.4116677e-01  -1.3593161e-01   7.3371012e-02   9.7142149e-02   1.0777632e-01   2.6913482e-01  -8.8577493e-02   1.9871850e-01  -1.8529462e-01  -1.5207005e-01   2.1957440e-01   1.1479577e-02   1.0672368e-01   1.6128590e-01   3.7598584e-01   4.9274581e-02   2.4184934e-01   1.3767413e-01   9.1452698e-02  -1.0570459e-01   2.9283295e-01   2.7166204e-01  -1.0766280e-01   9.4861903e-02  -2.1538886e-01  -4.8624023e-02  -2.1726690e-01  -1.1341758e-02  -1.1844751e-01   5.8105743e-02   2.4024222e-01  -2.4918333e-02   4.6439523e-01  -3.2105593e-01   1.9223280e-01   2.0902153e-01  -9.2043420e-02  -1.4210934e-01   5.6869638e-02  -9.9031572e-02   3.1851093e-01  -2.0970574e-01   1.6323491e-01   1.1830087e-01   2.5095866e-01   7.2540855e-01   1.9241762e-01   2.2735339e-01  -4.8820137e-02   2.9674257e-01  -2.9873351e-01   1.2647093e-01  -5.9559381e-03  -3.7312035e-01  -1.1571592e-02   7.2125879e-01  -2.3544998e-01   4.0716266e-01   2.8682607e-01  -1.7092910e-01   7.9712290e-02  -3.5171561e-02   1.6600847e-01  -1.3147353e-01   3.2350186e-01   3.2745579e-01   4.6336874e-01  -2.0392846e-01  -1.2741400e-01   7.1343510e-02  -4.8336842e-01   2.3222173e-01   4.0758933e-01   3.1207850e-01   2.6381055e-01  -1.2927439e-01   4.9108187e-02  -4.1879917e-02   9.8607294e-02  -1.5957326e-01   5.2030048e-01  -1.0107294e-02   1.1013350e-01  -7.8074095e-02  -1.5936613e-01   2.6550368e-01   4.9096793e-01  -8.3337364e-02  -9.9750315e-02   1.1485253e-01   2.3798755e-01   1.8344656e-01  -3.6376677e-02   3.5562467e-02   2.8462860e-01   1.4942440e-01   5.4663310e-01  -2.2586567e-01   2.8240674e-01   1.1161232e-01   2.8335760e-01   1.4760681e-01   1.9102970e-01   2.6382255e-01  -1.7201049e-01   4.3628415e-01   2.3561553e-01   2.3498547e-01   1.8532493e-01   1.1384604e-01  -2.1750037e-01   4.5258391e-02  -3.2541263e-01   1.7650059e-01   1.9547663e-01  -1.1318130e-01  -3.4328412e-01   2.8068301e-01   3.6505777e-02  -2.4285965e-01  -1.7072144e-01  -1.3096989e-01   5.9901246e-02   3.6479986e-01   3.6862986e-01  -2.6221545e-01   1.9698173e-01   4.5197097e-01  -1.7940584e-02   1.7258327e-01  -3.8573396e-01   3.2110271e-01   2.2104832e-01  -7.8523215e-02  -1.5093721e-01   5.5838067e-02   1.5702147e-01   1.8077223e-01  -1.9752037e-01   2.3273974e-01   8.7249483e-02   4.5123002e-01   2.1678621e-02  -1.5685027e-01  -3.3640479e-03   2.3843941e-02   2.5744544e-01   3.4137327e-01   1.1965236e-01  -6.7404083e-02   3.3328012e-01  -3.1962476e-02  -2.2505669e-02   3.4988081e-01  -8.3375134e-02   6.4875132e-02   4.2178812e-01   3.9316257e-01  -8.5226129e-02  -3.2634555e-02  -1.1097241e-01  -2.3407711e-01   6.5430816e-01  -2.0712396e-01  -1.4457368e-01   2.0913590e-01
  -3.2650169e-01  -1.2633032e-01  -2.4495579e-01   4.8296243e-03  -1.2947729e-01   5.1072959e-02   0.0000000e+00  -1.8727493e-01   4.3432174e-02   2.5048392e-01   1.7867268e-01   1.0247961e-01  -5.5805484e-02  -1.7610079e-01   1.8722071e-01   2.5135502e-01  -2.3416803e-01   4.4119844e-01  -2.3030199e-01  -1.0104257e-01   3.6766247e-01   3.6869713e-02   7.1957762e-01  -4.3656332e-01  -3.9016650e-02  -1.2213851e-01   1.5734831e-01  -2.1156639e-01  -1.6528960e-01   3.4307351e-01   2.7385925e-01  -5.3317027e-02  -1.5439250e-01   4.4471722e-01   2.8880273e-01   3.0422385e-01   2.7673763e-01  -1.3384463e-01   1.0090062e-01  -1.1027759e-01   3.8367671e-02  -6.7444074e-02  -1.1379597e-01  -1.3153207e-01   4.9184764e-01  -3.4280450e-01   1.2766982e-01   5.5148436e-01   2.2971506e-02  -2.9591756e-01   3.9877664e-01  -2.7048710e-01  -1.2358482e-01  -2.4955672e-01  -2.4658050e-01   3.4754888e-01  -1.3549061e-01  -5.0683237e-02   1.4825237e-01   1.4179947e-02  -1.4563740e-01   2.8229658e-01  -2.0864311e-01   1.7791646e-01   2.0142184e-01   3.2506273e-01  -3.5503654e-02  -2.4832630e-01  -3.5741601e-02  -9.3812468e-02   3.4524743e-01   2.6421265e-01   5.6918458e-02  -7.4115917e-02  -2.9028949e-01   1.2100388e-01  -2.4559636e-01  -1.2491450e-01  -6.8399468e-02  -1.2449134e-01   7.2976391e-02   8.5800665e-02   2.3777867e-01  -3.1691799e-01  -2.4019950e-01   6.1248169e-02   1.8591267e-01  -4.3199924e-01  -2.7466413e-01  -4.2498529e-01  -1.8417223e-01  -1.2898544e-01   1.2964498e-01  -2.0107959e-01  -1.8500044e-01  -2.7772538e-01  -1.4673420e-01  -2.1810685e-01   1.0260747e-01   6.3624364e-01   3.3409788e-02   1.2529458e-01   1.4440467e-02  -1.8221249e-01   4.1218105e-01   1.2388899e-02  -3.0913361e-01  -1.6208743e-01   2.8793625e-01   2.0734887e-01   5.3673693e-01  -3.8239895e-02  -2.2101502e-02  -4.1875949e-01   2.1824966e-01  -1.0663777e-01  -1.8234824e-01   1.0834185e-01   7.0049765e-02  -3.5803963e-02  -4.1474185e-01  -1.9860553e-01  -4.0873843e-01  -2.2929373e-02  -4.5096478e-01  -2.4118689e-01   2.1955060e-01  -2.3857670e-01   1.1593891e-01  -2.0307133e-01   9.1718137e-02   6.0268646e-01  -4.4834543e-01   1.4529365e-01  -1.2071650e-01   9.0903070e-02  -1.3098786e-01  -4.2610765e-03  -7.1871343e-02  -2.6150692e-01  -3.8824997e-01  -2.7498240e-01  -4.0590413e-02   9.1190348e-02   5.2203417e-01   2.3906112e-01   5.4329801e-01   7.6441739e-02   3.9091224e-01   2.7011415e-01  -2.5176395e-01   7.7821159e-02  -3.3701646e-01   2.5094777e-01  -2.6387758e-01  -3.5881445e-01  -3.6376700e-01   1.6966120e-01  -1.8110838e-01   3.5944257e-01   2.4032537e-02  -2.3779808e-02   2.9123187e-02   2.9652793e-01  -1.4674209e-01   3.2130996e-01   3.4919351e-01  -2.1003747e-01  -2.2165203e-01   1.7184949e-03   1.8135302e-01  -2.7762174e-01   3.6277930e-01  -1.1812357e-03  -2.1283941e-01  -1.7643247e-01  -1.5591769e-01
   1.9998656e-01  -7.3905784e-02   2.9749903e-01   3.8375866e-01  -7.8858013e-02   5.6745204e-01  -1.8727493e-01   0.0000000e+00   3.5501227e-01  -4.2135350e-01   4.0350641e-01  -2.3213522e-01   2.9666274e-02   2.6830738e-01  -2.0116438e-01  -8.9891426e-02   3.2306247e-01  -7.6600905e-02   1.8801314e-01  -1.4907958e-01  -3.0974561e-01   5.4112044e-01  -2.8689938e-01   2.5720842e-01   2.1520788e-01   3.9182280e-01   1.5922488e-01   9.7256902e-02   1.5868176e-01   2.9541370e-01  -3.2035870e-01   6.0979825e-01   3.3588806e-01  -4.3449122e-01  -1.7134309e-01  -2.8471256e-01  -1.9840935e-01  -2.3520919e-01   4.4461892e-02  -6.4710111e-02   1.9753814e-01   1.4856455e-01  -1.2427358e-01   3.7046935e-01  -4.7779093e-01   3.6071890e-01   2.7305933e-01  -2.7436502e-01  -1.3880670e-01   8.4876553e-02  -6.8522218e-02   5.7499789e-01  -2.4121598e-01   2.2029524e-02   1.2472615e-01  -2.1316922e-02   6.8379011e-01   5.7128503e-01   4.1303569e-01   1.9392789e-01   3.8280484e-01  -3.6563347e-01   2.7822223e-01   9.4316932e-02  -3.6559815e-01  -2.1814803e-01   5.4724363e-01  -9.4098310e-02   6.2812737e-01   2.8803027e-01  -3.0883554e-01   3.7238376e-02   1.7272131e-02  -2.4661029e-01   7.1260635e-03   6.6447583e-01   3.8012864e-01   4.6804551e-01  -2.1020371e-01   2.7904689e-02  -1.6464544e-01  -4.3875743e-01  -1.0050061e-01   5.9418001e-01   2.9068282e-02   5.8797583e-01   9.2876925e-02   1.4678314e-01   1.6962967e-01   7.5848320e-02  -3.4997506e-02   4.4212215e-01  -2.8641362e-01   2.1350594e-01   2.2577728e-02  -7.6975882e-02   3.0195051e-01   3.2286682e-01  -1.6665073e-01  -3.6292123e-01  -2.3049665e-01   6.2125992e-02   5.7155884e-02   1.8700005e-01  -3.2349211e-02   6.2813931e-01   9.3638782e-02   6.7919065e-01  -2.0791651e-01   1.7703257e-01  -2.9027297e-01   5.9615203e-01   1.8262786e-01   2.6600766e-01  -9.9544141e-02  -1.0016950e-02   6.4707925e-01   7.8366870e-02  -1.0567209e-01   3.5700422e-01   3.0573599e-01  -1.6059803e-01   7.8320145e-02  -3.1736031e-01   3.0636396e-01   2.1481437e-01  -3.9511341e-01  -1.0880778e-01   5.6595889e-01  -5.2571952e-02  -6.7829567e-02  -4.2869446e-01  -2.6918630e-02  -1.4255590e-01   3.2319018e-01   6.5841502e-01  -1.0786754e-01  -9.4975470e-03   8.1570402e-01  -1.1138771e-02   2.2234800e-01   1.1662815e-03   6.3864527e-01  -7.2833311e-02  -4.2292809e-01  -2.4930978e-01  -3.1047844e-01   8.6593130e-02  -3.6416263e-02  -2.5193182e-01   9.0872245e-02  -1.8532847e-02   4.3208565e-01   1.1148643e-01  -1.3456521e-01   4.3722048e-02   3.0932102e-01   4.0670783e-01   3.3116390e-01  -1.0202035e-01  -1.8891794e-01   6.1587505e-01  -6.6451951e-03   8.6870373e-02   6.6184210e-01  -2.7667434e-01  -1.7770713e-01   4.7776390e-01   2.4044831e-01  -5.0116157e-02  -1.6809200e-01  -7.3595087e-03  -2.5734237e-01   3.6786849e-01   5.9800356e-03  -2.2058452e-01   6.2496342e-01
  -2.1793868e-01   3.1761905e-01   1.5241760e-02   4.4356573e-01   2.7403558e-01   1.4452347e-01   4.3432174e-02   3.5501227e-01   0.0000000e+00  -1.2347213e-01   7.2259644e-02   1.2601071e-01   2.2704432e-01  -2.4816364e-02  -2.4631315e-01  -9.9846671e-02   6.9755635e-02   1.2418845e-01   8.0879783e-02   2.6346252e-01  -7.9062148e-02   5.1909999e-01  -2.1949946e-01   3.1467328e-03   2.8627926e-01   1.7743509e-01   2.2592995e-01  -2.7437409e-01   2.3760953e-02   1.9320452e-01  -1.6476564e-01   4.5872303e-01   2.1756369e-01  -1.0420058e-01  -4.2128080e-02   1.3781468e-01  -8.4258127e-04  -1.7662728e-01   3.1290179e-02   1.3005568e-01   2.7927899e-01  -8.9737294e-02   4.2744281e-01  -1.1982502e-01  -2.7718425e-02  -2.4218021e-01   1.2120840e-01  -1.0197390e-01   1.1575288e-01   3.8534560e-02   5.4227691e-02   4.0757426e-01   2.2336514e-01   1.2511310e-01  -3.5143116e-02  -2.3009033e-01   1.0285936e-01   5.5101457e-01   2.5477972e-01   5.6382955e-01  -6.0687986e-02   5.5535720e-02   7.0490402e-01   1.3996612e-01   1.0577752e-01   3.9042447e-02   1.9508510e-01   3.9363198e-02   3.2996819e-01  -1.8842083e-01  -2.7532884e-02   1.9528434e-01   2.4062441e-01  -4.1953943e-01   1.0120420e-01   1.8393069e-01  -4.5559557e-02   5.0304779e-02   2.3209029e-01   3.1143510e-01  -3.4478251e-01   2.6443844e-03  -2.7352107e-01   2.9798608e-01  -3.2452567e-01   1.1323050e-01   4.0369294e-01  -1.3947311e-01   2.9608836e-01  -2.6260193e-01   2.8815790e-01  -1.9496108e-02  -3.4899379e-02   6.8492949e-01  -1.7741411e-01   1.4388860e-01   3.5603230e-01   3.5321310e-01   1.8150381e-01  -1.9357755e-01  -4.4322364e-01  -1.5098939e-01  -1.9370131e-01   6.2759411e-01  -3.1272986e-02   4.8957311e-01   2.8204826e-01   5.1794400e-01  -6.0727981e-02   8.8458623e-02  -2.0183347e-01   3.4050142e-01   4.2923207e-01  -1.5515919e-01  -3.7151173e-01   2.4384470e-01   3.8406174e-01   2.2149227e-01  -4.6268466e-01   3.7403571e-01  -1.2506045e-01   1.2231617e-01   3.2343646e-01   1.2926824e-01  -1.5190136e-01   6.3104264e-02  -1.3248581e-01   2.4974536e-01   4.3979212e-01  -4.3241251e-01   1.9214592e-01   8.5811698e-02   6.5254314e-02  -1.5981648e-01   6.7304378e-01   3.4814433e-01   1.7103909e-01  -2.8269455e-01   3.5794569e-01  -7.1719579e-02  -1.2861832e-01   9.0010174e-02   2.2899827e-01  -3.9888285e-01  -2.4812158e-01  -1.6611757e-01  -1.6375607e-01   1.8693960e-01   8.7873812e-04  -3.1406964e-02  -3.7499497e-01  -1.9749500e-01  -5.7127090e-02   1.0413548e-01   1.2449880e-01  -1.1285645e-01   2.7856120e-02   3.2496222e-01  -1.2279774e-02  -1.9904435e-01   3.4825980e-01   2.0839518e-01   1.7019311e-01   1.1971785e-01   5.8279122e-01   1.3387335e-03  -2.1812394e-01   1.2981458e-01  -1.6316218e-01   2.3470050e-01   1.6246451e-01  -4.5139198e-02   2.8350425e-01   4.5256878e-02   2.0748817e-01  -1.4404729e-01   6.1770193e-01
  -3.1179109e-01   3.5986244e-01  -6.5060817e-02  -4.8017077e-01   1.6811685e-01  -1.1515314e-01   2.5048392e-01  -4.2135350e-01  -1.2347213e-01   0.0000000e+00  -4.9488151e-01   6.0403518e-01  -3.4460475e-01  -5.0620948e-01  -2.1545359e-02  -1.5000844e-01   3.4552230e-02  -1.8957545e-01  -1.4035599e-01   1.7070695e-01   1.8430014e-01  -5.2192060e-01   4.0662225e-01  -3.8459481e-01  -3.7508691e-01  -2.0568628e-01  -4.0988472e-02  -1.1722786e-01  -1.0660687e-02  -4.0555672e-01   1.0854608e-01  -4.8120249e-01  -2.4069191e-01   7.0822799e-01   1.2603225e-01   3.1068735e-01   4.3877839e-01  -9.5312406e-02  -2.8502826e-01   3.3856500e-01  -2.2051540e-01  -3.3123139e-01   4.2473616e-01  -2.9378041e-01   3.2069567e-01  -3.9041681e-01  -4.5716351e-01   1.6870331e-01   1.9976869e-01   1.0430240e-01  -3.4127230e-01  -2.7618264e-01   5.2968358e-01  -7.4043021e-02  -3.0356402e-01  -1.7962706e-01  -3.2528786e-01  -4.5349230e-01  -3.9191422e-01  -1.7295320e-01  -2.3572080e-01   3.5777500e-01  -5.1028464e-02   4.1766443e-02   2.6833946e-02   7.0517225e-01  -2.6281577e-01  -1.3068943e-02  -6.2441275e-01  -3.9405545e-02   4.8873236e-01  -3.6341550e-01   4.6351268e-02   1.8034491e-01  -1.1088906e-01  -4.5407522e-01  -3.2781765e-01  -2.4898588e-01   4.1540532e-01  -3.1233832e-01  -1.1550254e-01   1.1064192e-01   1.7158643e-01  -3.3759856e-01  -7.6563103e-02  -4.9886174e-01  -1.0431173e-01  -3.5441366e-01  -6.9063620e-02  -2.1043306e-01   2.1349718e-01  -1.5825012e-01   7.3076525e-01  -2.0248894e-02  -1.7247179e-01   1.7642290e-01  -2.7162644e-01  -2.5876819e-02   1.9383431e-01   2.5643641e-01   1.0516800e-01   1.4011135e-01  -2.7645129e-01   3.7547956e-02  -2.6788523e-01  -5.6517532e-01  -1.2385709e-01  -4.6212762e-01   3.0385104e-01   1.6439269e-01   5.1506371e-01  -6.6982144e-01  -3.5220796e-01  -3.0053652e-01  -8.1073335e-02   1.9789063e-01  -3.4597723e-01   1.7233034e-01   1.2327940e-01  -4.8027709e-01  -4.1157472e-01   3.6458831e-01  -4.1557269e-02   2.4165401e-01  -3.0463424e-01  -2.2318811e-01   2.2688287e-01  -3.3613131e-01  -5.3728514e-01   1.9445894e-01  -6.8773205e-02   4.7555456e-01  -1.4997284e-02   3.3237749e-01  -8.5882343e-02  -2.7335749e-01  -3.5153468e-01  -1.1574252e-01  -4.2678999e-01  -1.7456736e-01  -3.7575621e-01  -2.2751123e-01  -6.1990034e-01   1.7366870e-01   2.7889833e-01  -1.2474964e-01   4.9161785e-01   3.3822348e-01   3.7250219e-01   1.8652182e-01  -1.9383687e-01  -2.7516357e-01  -2.6271679e-01  -1.2805389e-01   4.3622293e-01  -2.8176531e-01  -3.8545975e-01  -3.3600574e-01  -1.2323032e-01  -2.3982261e-01   1.6402905e-01  -5.9337557e-01   4.1234298e-01  -3.3097711e-01  -4.2450417e-01   4.8029390e-01   2.5289448e-01  -2.1189647e-01  -2.3223898e-01   3.6110028e-01   5.2899137e-01  -2.4741825e-01   3.2054351e-02  -5.8083476e-02  -1.5423089e-01  -2.0820307e-02  -5.0297882e-01
   2.8828684e-01  -5.7396365e-01   1.5520606e-01   4.1895686e-01  -4.8017282e-01   3.4404426e-01   1.7867268e-01   4.0350641e-01   7.2259644e-02  -4.9488151e-01   0.0000000e+00  -5.6528399e-01  -1.7303541e-02   4.6909798e-01   3.3263002e-01   4.1304644e-01  -6.1697081e-02   5.2758565e-01  -8.6086421e-02  -4.3260546e-01   4.0339936e-02   4.6204269e-01   1.0598220e-01   9.4688329e-02   2.1439985e-01   7.1528868e-02  -1.8355623e-01   2.5724032e-01   5.4156660e-02   4.9802114e-01   1.9320581e-01   4.0463725e-01   3.0747823e-01  -3.0609790e-01   1.4510564e-01  -2.4192802e-01  -2.8457524e-01  -8.1823306e-02   3.7032399e-01  -5.6615884e-01   8.5879560e-02   2.4360429e-01  -4.3026078e-01   5.7827023e-01   7.4836264e-03   3.5929172e-01   6.2686934e-01   1.1281199e-01  -2.4600619e-01  -3.7392647e-01   5.3533846e-01   2.7043676e-03  -6.4376950e-01  -1.0637888e-01   2.6728211e-01   5.7593046e-01   5.3891886e-01   2.7005352e-01   4.9646881e-01   5.7361103e-02   3.9352852e-01  -2.7167824e-01  -5.4641184e-02   3.2370592e-01   7.9309723e-02  -3.8812363e-01   3.6058085e-01  -2.7674138e-01   5.9752250e-01   2.4496107e-01  -3.8712048e-01   5.8860506e-01   1.2108165e-01   1.5323105e-02  -1.1695072e-01   6.1449503e-01   4.0090944e-01   3.3443970e-01  -5.3016872e-01  -3.5167372e-03   3.8387825e-01  -2.2169269e-01   1.9498712e-01   1.3923992e-01   2.4298835e-01   5.4239476e-01   1.4535367e-01   2.2684472e-01   4.8915802e-02   6.9294615e-02  -4.7921964e-01   3.9146181e-01  -5.8127004e-01  -2.8753240e-02   1.3499650e-01  -5.2845310e-01   2.9729723e-01  -1.0041376e-01  -2.3724065e-01   1.8682887e-01   1.5950098e-01   2.3423100e-01   5.3106392e-01  -1.8338933e-01   6.3574494e-01   5.3157345e-01  -1.3581440e-01   2.6143609e-01  -2.4203576e-01   8.5437747e-02  -1.4797744e-01   5.1249334e-01   2.5767034e-01   1.7874575e-01   4.4105430e-01  -4.8738093e-01   2.4470411e-01  -1.4254855e-02   2.5103490e-01   4.4338056e-01   2.1971462e-01  -5.6720142e-01  -9.5237873e-02  -1.8521050e-01   1.2929592e-01   2.4394113e-01   4.6461273e-02  -2.2806487e-01   5.9706812e-01  -6.5689926e-02  -9.6252944e-02  -9.4607599e-03  -2.6674557e-01   2.6273253e-02   1.2001691e-01   2.3703681e-01  -1.1972195e-01   4.4373441e-01   3.5813542e-01  -1.0400781e-01   2.2292484e-01  -2.4385045e-01   6.9480660e-01   1.8506934e-01   9.5248174e-02   3.8569817e-01  -1.1457946e-01  -3.0459362e-01  -6.1942968e-03  -4.3155154e-02   3.3358514e-01   5.4192389e-01   3.7278573e-01   3.7487410e-01  -6.1655958e-01   3.1235096e-02   3.0250887e-01   4.9370824e-01   1.7466176e-01   4.8698190e-01  -1.4447144e-01   7.4853319e-01  -1.8599074e-01   5.9886705e-01   2.4415850e-01  -4.8733062e-01   1.3863963e-01   3.0117120e-01   2.8012062e-01  -5.8479899e-01  -4.8123585e-01   1.3184482e-02   8.4437365e-02   2.8142370e-01   5.4224858e-02  -1.7637391e-01   2.5410039e-01
  -2.3529033e-01   7.4865944e-01   1.0488793e-01  -4.0579410e-01   3.9918727e-01  -1.4116677e-01   1.0247961e-01  -2.3213522e-01   1.2601071e-01   6.0403518e-01  -5.6528399e-01   0.0000000e+00  -8.6995733e-02  -3.5096948e-01  -2.4220075e-01  -2.7825193e-01   2.7949930e-01  -2.8561132e-01  -1.1800189e-01   4.0304857e-01  -1.3762531e-01  -4.3186890e-01  -9.1262034e-02  -9.0605999e-02  -2.0984207e-01  -1.3426343e-01   1.0909523e-01  -1.6568099e-01   1.5564929e-01  -2.3652959e-01  -2.7946408e-01  -3.4568012e-01  -2.4065935e-04   5.9363020e-01   1.8824912e-01   2.8174407e-01   1.8900428e-01  -2.5310480e-01  -1.1274011e-01   4.6291055e-01  -1.0296557e-02  -2.7369708e-01   6.8957786e-01  -4.0105213e-01   1.1882266e-01  -2.7634012e-01  -4.6584988e-01  -1.1222934e-01   1.3737570e-01   3.0572088e-01  -4.6748768e-01  -7.5894190e-02   7.6366926e-01   8.1400284e-02  -3.3584372e-01  -4.3155074e-01  -3.5695215e-01  -3.3581836e-01  -4.0553332e-01   2.8226093e-01  -1.0042386e-01   3.4293356e-01   2.2191744e-01   6.3077737e-02  -8.1046092e-03   4.9222787e-01  -2.9449535e-01   6.9534569e-02  -3.6168997e-01   7.3533093e-02   4.4065920e-01  -5.2571733e-01   2.8373003e-01   8.5763752e-02  -9.7154202e-03  -4.4871080e-01  -1.8020709e-01  -1.6941863e-01   6.6929233e-01  -2.6859698e-02  -4.2204074e-01   3.0145206e-01  -1.3258875e-01  -1.2639166e-01  -1.2001003e-01  -4.5804400e-01   9.9205175e-02  -2.4458157e-01   1.9686978e-01  -2.0709346e-01   4.7391004e-01  -8.6143612e-04   7.1612784e-01   9.9755828e-02  -2.7284757e-01   3.5370301e-01  -7.0219999e-02  -6.8350155e-03   2.9860230e-01  -3.2691710e-01  -1.9401774e-01   1.8434590e-01  -5.3544910e-01   4.0624950e-01  -4.6455684e-01  -4.2181860e-01   1.9529000e-01  -1.8709466e-01   9.3131997e-02   1.3743791e-01   3.3512479e-01  -3.8243833e-01  -3.7991692e-01  -2.3874562e-01  -4.1748083e-01   3.3294905e-01  -1.5291223e-01   3.1063431e-01  -9.6665841e-02  -5.0078020e-01  -2.5191746e-01   5.2116892e-01   1.8356681e-01   1.9831342e-01  -1.5771883e-01   3.6995155e-02  -1.4936604e-01   4.4169549e-02  -5.0323828e-01   1.2940823e-01   1.2020016e-01   3.6531209e-01   3.4705163e-01   8.3983933e-02  -2.3424061e-02  -1.2309131e-01  -1.1825601e-01  -3.8125089e-01  -2.3490019e-01  -2.1554260e-01  -2.5773894e-01  -2.1812582e-02  -5.3643396e-01   1.5016857e-01  -1.0005067e-01  -4.7748249e-01   2.8799223e-01   3.2720941e-01   2.2530395e-01  -2.1876776e-01  -2.3999142e-01  -5.8056493e-01  -1.0592856e-01  -1.2048513e-01   7.3738365e-01  -2.7524589e-01  -3.4119192e-01  -3.2096996e-01   1.0656852e-01  -4.3610673e-01   2.6688232e-01  -5.0152077e-01   3.1915677e-01  -4.2109793e-01  -2.0516122e-01   3.9769579e-01   2.8615700e-01  -1.2681474e-02  -1.6947835e-01   5.3947691e-01   6.2307561e-01  -3.0951108e-01   3.5176800e-02   2.2411370e-02  -1.1051686e-01  -9.2148255e-02  -2.8231833e-01
  -1.8735471e-01   1.0367257e-01  -1.1176659e-01   2.1079438e-01   4.7692740e-01  -1.3593161e-01  -5.5805484e-02   2.9666274e-02   2.2704432e-01  -3.4460475e-01  -1.7303541e-02  -8.6995733e-02   0.0000000e+00  -7.8965812e-03  -2.7546373e-01   3.0534607e-02   1.8832145e-03   2.8343912e-01   2.5966670e-02   5.1706797e-01  -1.4415523e-01   2.1316908e-01  -1.5440331e-01   1.1101787e-01   2.1073241e-01   1.6219554e-01   4.9752616e-01  -2.6900836e-01  -7.1725066e-02   1.1323216e-01  -1.8401892e-01   2.0135990e-01   6.2009677e-02  -3.8271002e-01  -2.4748625e-01   4.8057019e-01  -8.3013081e-02   1.2047638e-01   1.5949231e-01   2.6037849e-01   6.4272015e-01   3.0348812e-01   7.8319454e-02  -3.6612203e-01   1.5666297e-01  -1.4382501e-01   4.8477132e-01  -1.4159309e-01   3.0538520e-01   3.2226401e-01   2.0825456e-01   2.3653711e-01  -3.5299236e-02   2.7097858e-01  -2.9203306e-01  -2.4354394e-01  -2.4224976e-01   2.0782017e-01   2.7345467e-01   2.0295087e-01  -5.7566895e-02   3.9681715e-01   2.1045531e-01  -3.7773987e-01   1.3368757e-01   5.5341760e-04   2.0864477e-01   8.7605634e-02   2.8661155e-01  -1.6394250e-01  -1.3933693e-01   2.9802351e-01   3.0729238e-01  -2.9601175e-01   3.2214087e-01   1.4929710e-02  -8.4309662e-03  -9.9576663e-02   1.3320113e-01   6.1425679e-01  -2.2518692e-01   1.4895227e-01  -3.7758557e-01   1.7819484e-01  -3.4648310e-01  -1.0800442e-02   1.0397475e-01  -6.7553042e-02   1.2188251e-01  -9.0558147e-02   3.1598280e-01  -1.6719353e-01  -1.5681913e-01   2.2492438e-01   7.3111386e-02   4.7582827e-01   4.2624821e-01   1.0616049e-01   4.2165793e-01  -5.0650634e-02  -3.7437024e-01  -4.1626942e-01  -1.5827394e-01   1.2987921e-01   5.6787253e-02   1.9449111e-01   3.1127700e-01   2.4284591e-01   3.8724068e-02   1.2537338e-01  -3.2471278e-01   3.0311597e-01   2.1888959e-01  -1.2339112e-01  -3.1887326e-01   1.7623499e-01   2.6456193e-01   5.1548803e-01  -5.8697461e-01   1.9294534e-01   7.6762235e-02   3.1924016e-01   2.0598344e-01   4.9878194e-02  -1.2627128e-02   8.0352237e-02   1.8666021e-02   5.4166746e-01   3.7722687e-02  -3.0580586e-01   3.4024368e-01   6.1689406e-02   1.0610295e-01  -3.0708313e-01   1.5850247e-01   4.9179546e-02   6.5757016e-01  -3.0265454e-01   3.9603194e-02   1.5150848e-01   1.8088669e-02   3.7907866e-01   1.1565275e-01  -5.5629471e-01  -2.4602128e-01  -5.1525100e-02  -2.3594396e-01   1.6780550e-01   1.1198764e-01  -1.7305184e-02  -3.0129517e-01  -8.1842239e-02  -1.3618349e-01   6.3179053e-02   1.0602021e-01   7.0037794e-02   7.5025601e-02   2.4932428e-01   1.2065264e-02  -8.4364833e-02   1.8895848e-01   5.0274739e-02   1.2269565e-01   4.2471573e-02   2.2556051e-01  -1.2986272e-01  -9.5371962e-02  -8.6112222e-02  -2.4194159e-01   1.7109337e-01   1.0415147e-01   2.0067525e-01   4.1711364e-01  -2.6931546e-01   3.6469709e-01   1.3030139e-01   2.9681865e-01
   7.0918529e-01  -3.7848857e-01   1.0547769e-01   2.7180946e-01  -3.2623799e-01   7.3371012e-02  -1.7610079e-01   2.6830738e-01  -2.4816364e-02  -5.0620948e-01   4.6909798e-01  -3.5096948e-01  -7.8965812e-03   0.0000000e+00   4.0687917e-01   3.0279752e-01  -9.5981640e-02   8.7569760e-02  -1.8405834e-01  -2.5550475e-01  -2.4659215e-01   9.0170953e-02  -3.5586159e-01   6.9178246e-01   1.8252961e-01   1.0299145e-01  -3.8480399e-01   5.3236582e-01   3.3832444e-02   2.9935033e-01  -1.1006083e-01   1.2775451e-01   7.5206723e-02  -3.2823109e-01   2.9319098e-01  -4.4008546e-01  -6.0233821e-01   1.3929125e-01   1.8931950e-01  -5.1547321e-01  -1.1373038e-01   1.7397079e-01  -1.5155934e-01   5.0801143e-01  -1.5281994e-01   4.7529770e-01   1.8244405e-01  -2.8762373e-01  -4.7997253e-01  -3.6118264e-01   2.2643966e-01   1.2720419e-01  -4.4695137e-01  -4.9788398e-02   4.3580001e-01   3.3946961e-01   3.6209657e-01   3.6389857e-02   1.7629006e-01   2.6026860e-01   1.2547560e-01  -3.8506499e-01  -6.0462506e-03   2.4990247e-01  -4.8397870e-02  -3.6403897e-01   5.5658281e-02   1.1352794e-01   1.5671923e-01   2.5114714e-01  -6.3418167e-01   2.5513065e-01  -9.1494560e-02   1.2530715e-01  -1.3792247e-01   2.8930732e-01   2.9449397e-01   2.9076892e-01  -3.0845741e-01  -2.2797103e-02   4.6242614e-01  -2.9327278e-01  -1.0805038e-01   7.3397636e-02   3.9777059e-01   4.3365033e-01  -2.5108091e-04   7.1807793e-01   1.5279093e-01   5.4694864e-01  -3.0299566e-01   1.5570165e-01  -4.7895335e-01  -2.6350983e-03   2.4409265e-01  -3.0214072e-01   1.0087274e-01  -9.3071679e-02  -2.0087239e-01  -2.5271246e-01   1.5119437e-03   3.8196649e-01   4.7960808e-01   5.3668273e-03   3.2003924e-01   1.7909113e-01  -1.5215549e-01   4.5148794e-03  -5.8385179e-01  -6.0141193e-02  -2.9017293e-01   5.6210800e-01   2.0138583e-01   5.7789900e-01   2.6651806e-01  -4.8228685e-01   1.0396616e-01  -2.6936024e-01   2.1707947e-01   2.6096368e-01   5.5997279e-01  -3.9241417e-01   1.6531102e-01  -3.2644800e-01   5.6400904e-01   7.1086652e-01  -2.2473690e-01  -4.7536169e-02   2.4245300e-01  -7.1872146e-02  -2.4791573e-01  -4.0753516e-01   7.2284250e-02  -3.1365322e-01   6.5513201e-02   4.9846788e-02   4.3090963e-02   4.5389886e-01   1.6095145e-01   1.6595860e-01   6.7707201e-01  -1.5453630e-01   3.5791040e-01   3.2758597e-01  -1.1032659e-01   5.0963947e-02  -3.8716303e-01  -2.4023416e-01  -1.7456247e-01  -4.8214196e-01   6.2603784e-01   3.6934181e-01   4.8660217e-01  -4.9270765e-02  -3.4947979e-01   4.5173718e-01   5.1066553e-01   2.8964011e-01   9.7278533e-02   5.6311396e-01  -1.4973955e-01   3.8739260e-01  -2.6397225e-01   3.1986356e-01  -2.3052184e-02  -6.0240931e-01  -1.2417537e-01   3.8172907e-01   4.3784111e-01  -5.2961745e-01  -4.6968572e-01   2.4103591e-01  -8.0055980e-02   1.5714866e-01  -1.5766843e-02  -1.2480158e-01   1.0202302e-01
