   0.0000000e+00  -3.6233685e-01  -3.1077022e-01  -1.6056089e-01  -3.9622105e-02  -3.3788468e-01  -1.7104699e-01  -3.2522037e-01  -4.0948709e-01  -9.3389331e-02   1.1317788e-02  -3.1781718e-01  -1.9715784e-01   1.1692015e-01  -1.1800103e-01   2.4134653e-01  -2.4962812e-01   1.3175968e-01  -4.9357334e-01  -1.2159725e-01  -1.4657548e-01  -1.0281422e-01   1.1060137e-01   5.9039405e-01   1.0593616e-01  -3.2233287e-01  -6.9746486e-02  -5.2904289e-02   1.7942364e-01   8.5378474e-03  -1.1999882e-01  -2.7258902e-01   8.5440710e-03  -7.9581432e-02   1.4455436e-01   4.8404644e-02   1.9442200e-01   6.2360414e-01   2.8537521e-01  -1.8809608e-01   1.9937349e-01   9.1822053e-02  -2.3331479e-01  -3.5874017e-01   3.3764826e-01   5.9093643e-01   7.8112929e-02  -2.6989320e-01  -1.5711694e-03  -3.5908344e-01   2.1325858e-01  -3.0453180e-01  -4.2529893e-01   1.1152635e-01   2.3516860e-01  -2.1545875e-01  -3.1735184e-01  -2.6885132e-01  -3.1173359e-02   1.9656191e-01  -1.1668285e-02   1.0326614e-01  -3.0437383e-01  -4.8824487e-01  -1.5004497e-01  -1.6724686e-01  -2.0287491e-01   7.7602139e-02  -1.7003008e-01  -1.1380924e-01  -3.4785513e-01   7.7267926e-03   1.1783694e-01   2.2043709e-01   2.8345593e-02  -2.6158092e-01   4.1571955e-01  -2.4932065e-01  -1.4548180e-01   9.9047162e-03  -2.5642973e-01   2.9871488e-01  -1.0267123e-01  -4.5037703e-01   4.8662092e-01  -4.0668379e-01  -3.3295036e-01   2.6153369e-01  -1.5161470e-01   8.1296253e-01  -3.2597923e-01  -1.8108100e-01  -2.0593993e-01  -8.8787562e-02   6.8914208e-01   1.1335090e-01   1.7080734e-01  -4.1497144e-01  -4.2254891e-02  -1.0160141e-01  -1.6964206e-01  -1.2042509e-01  -2.9790977e-01  -3.3853213e-01  -5.9454668e-02  -4.0833939e-01   3.1348574e-01  -4.2696570e-01   1.1084158e-01  -7.6587697e-02  -3.3101477e-01   1.9530863e-01  -8.6990166e-02   8.6657850e-01  -1.4069116e-01  -3.3371759e-01   1.3267599e-01  -9.4141694e-02   1.1559855e-01  -1.1548233e-01   7.4673995e-01  -6.1813482e-02  -1.7550461e-02  -2.5539882e-01   6.2272198e-01   1.0711684e-01  -4.4238849e-03   2.1263178e-01  -4.0584159e-01  -1.6358829e-01  -1.4502452e-01  -8.6112736e-02  -1.7342761e-01  -1.3467938e-01  -2.2984576e-01  -4.0059499e-01   1.4332545e-01  -2.2111858e-01  -2.9597075e-01   7.2451226e-01   7.5609103e-01  -1.4830366e-01  -1.7913043e-02  -1.0470484e-01  -1.3577219e-02  -2.3496498e-01  -2.2649281e-01  -2.2881399e-01  -4.2571558e-02  -1.8726768e-01   2.5960277e-01  -3.9504769e-01   6.0757598e-01  -2.4692534e-01  -2.3835192e-01   8.0723053e-01   7.8424930e-01   1.9885931e-01  -1.3349340e-01  -1.7881685e-01  -3.5084709e-02  -2.8275784e-01   1.7353437e-01  -2.5468118e-01  -1.0653245e-01  -1.1964015e-01  -8.8227417e-02  -1.6721276e-02   6.9869692e-01  -3.0298839e-01  -2.5112262e-01   6.8717942e-01  -1.5981906e-01  -6.5369520e-02  -4.3026151e-02  -6.4316835e-02  -2.8227878e-01
  -3.6233685e-01   0.0000000e+00   6.1609829e-01  -1.4586372e-01   3.7641421e-01   7.7591963e-04  -3.5284685e-02   2.3003923e-02   4.7746485e-01   2.1425341e-02  -6.2348632e-01   6.9761844e-01   6.1745056e-02  -3.4499693e-01  -1.1155280e-01  -1.3008525e-01   3.2691258e-01  -4.5104896e-01   1.1309900e-01   4.8387099e-01  -1.4681935e-01  -3.2720728e-01  -4.1075371e-01  -1.3181002e-01  -7.0884103e-02   4.2587041e-02   1.2635441e-01  -2.4415083e-01   1.2469185e-01  -2.9525904e-01   6.8901404e-02  -1.6239263e-01   1.8516431e-01  -4.1311452e-01  -1.7122189e-01   5.2663271e-02  -1.9837209e-01  -2.3325104e-01  -1.7295047e-01   7.3009608e-01  -2.0100822e-01   4.2705548e-02   6.8124349e-01  -2.0662748e-01  -5.3683677e-01  -3.8828395e-01  -4.1620409e-01   2.8514989e-01   6.8198650e-02   6.9244185e-01  -3.3034162e-01  -1.4380121e-02   6.2300982e-01   8.2260008e-02  -7.9752813e-02  -2.3333638e-01  -5.2919071e-02  -1.1555984e-01  -4.3474698e-01  -2.3744287e-01   3.7953909e-02  -1.6135158e-01   6.7410817e-01   4.1188426e-01   2.1344114e-01   2.1205437e-01  -1.7692085e-01  -1.0038595e-01  -3.7034346e-01  -1.1575845e-01   7.9464190e-01  -3.6327506e-01  -1.7714752e-01  -2.9696041e-01   8.9007917e-02  -9.7243463e-02  -2.0078336e-01  -1.4414971e-01   5.0264703e-01   7.3257767e-02   4.0709595e-02  -1.8729062e-01  -7.4712041e-03   1.7479358e-01  -3.4296286e-01   2.2891589e-02   5.0144527e-01  -2.9066398e-01   5.0810569e-01  -1.6721185e-01   6.6491077e-01   1.8613628e-02   2.0362003e-01  -1.1323543e-01  -3.3729356e-01   2.1512175e-02  -2.7306763e-01   7.6924269e-02   2.3476730e-01   4.8260249e-02   4.1761461e-02  -5.3730706e-02  -4.5808207e-02   3.9631252e-01  -3.5219695e-01   6.0305679e-03   4.5539078e-02  -1.4290668e-02  -1.6592639e-01  -4.7502896e-01   4.8792123e-01  -4.2071681e-01  -7.2908296e-02  -3.3342841e-01   2.0122289e-01   6.2360076e-01  -4.6276136e-01   1.7028792e-01  -1.3161716e-01  -1.8523761e-01  -2.9710655e-01   4.1879380e-01   6.3679557e-01   2.3825902e-01  -2.9741517e-01  -1.7032762e-01  -2.9320099e-01   1.4059033e-01  -9.2299816e-02   4.7872058e-02   2.5405807e-01   1.9061901e-01   2.0142513e-01  -1.9258466e-01   3.6972938e-01   9.7479677e-02   2.5065808e-02   2.1486344e-01  -8.6886496e-02  -3.3565537e-01  -8.3485930e-02   1.6216684e-01  -4.7805756e-01  -1.1014903e-02  -2.6759190e-01  -1.9847333e-02   4.9690355e-01   2.8744726e-01  -1.9845517e-01   2.5362546e-01  -1.2449811e-01   7.4357543e-02  -3.7940649e-01   1.5285991e-01   7.4949322e-01  -2.2411489e-01  -3.1557297e-01  -4.0117529e-01  -4.2446949e-02  -1.3094713e-01  -7.2498112e-02  -1.5812149e-01  -9.3569188e-02  -2.2362419e-01  -1.5381368e-01   4.1704513e-01  -9.3181773e-02  -2.9682859e-02  -3.2881344e-01   2.2397043e-01   2.7763215e-01  -2.5440378e-01  -9.4810328e-02   1.9099042e-02   1.2225910e-01   9.1952996e-02   4.0721428e-02
  -3.1077022e-01   6.1609829e-01   0.0000000e+00   1.2030789e-01   2.1298250e-01   1.9042199e-02   1.8577289e-02  -1.0648373e-01   2.9648954e-01  -1.0937771e-02  -4.8518561e-01   5.9716097e-01   1.4120286e-02  -8.3897682e-02  -4.8642137e-02  -1.2420564e-02   6.6278343e-01  -3.3196124e-01  -1.3285357e-01   2.5475651e-01  -2.4991314e-01   3.4395136e-02  -2.5900639e-01  -2.2238191e-01  -1.1061988e-01  -8.5898228e-02   2.8647857e-02  -2.5871087e-01   9.6075322e-02  -1.0937874e-01  -2.1075925e-02  -8.3649983e-02   7.2532222e-02  -3.2405162e-01   1.4178841e-01  -1.2587999e-01   2.0737376e-02  -1.8833226e-01  -5.3411971e-02   5.5713193e-01  -3.0944264e-01   1.0364185e-01   4.8100617e-01  -2.9267795e-01  -1.8679944e-01  -3.1811219e-01  -2.9480958e-01   8.1975087e-02   1.6701353e-01   5.8565469e-01  -1.2180331e-01  -2.0910694e-01   2.4166717e-01  -2.8142401e-02  -2.6836837e-04  -2.4384972e-01  -1.1039814e-01   6.4077810e-02  -2.5585658e-01  -1.9978537e-03   2.8655530e-01   1.0886946e-01   3.6403443e-01  -9.1260562e-03  -2.1381884e-02  -1.0663752e-02  -8.0366517e-02   1.0236845e-01  -2.6232999e-01   2.9682171e-01   5.1118654e-01   4.6554504e-02  -2.7221603e-01   3.3698345e-02   5.5703142e-02  -6.3972896e-02   1.2550336e-02  -1.5158456e-01   1.5331041e-01  -4.9016745e-02   5.9605642e-02  -1.0575586e-01   6.3276053e-03  -1.7349330e-02  -1.2951554e-01  -5.7091301e-02   2.3860321e-01  -2.1753587e-01   4.5450098e-01  -2.3607204e-01   1.8890132e-01   2.5662789e-01   4.0647282e-02   1.2889787e-01  -2.6317132e-01   1.7319305e-01   6.0502676e-02  -2.5546918e-02   1.7471654e-01   7.7903712e-02   9.2361954e-02  -4.7270466e-02  -1.9104542e-02   4.0405757e-01  -2.5820663e-02   1.5724853e-01   2.4175454e-01  -7.9212622e-02   9.1148788e-02  -4.8850177e-01   1.9997321e-01  -1.1444127e-01   1.6487997e-01  -2.9634566e-01   1.1283833e-01   1.8132946e-01  -3.2245840e-01  -1.1894511e-01   1.1691249e-02   1.0715043e-01  -3.3215753e-01   3.8167374e-01   6.3955367e-01  -5.1858548e-02  -2.9396705e-01   1.4859028e-01  -1.4815659e-01   7.5308071e-02   9.0398402e-02   3.2204205e-01   1.0520594e-01  -2.3528990e-01   4.2416048e-01  -2.1656588e-01   4.4252724e-01   2.4489918e-02  -5.3538512e-02   2.3732589e-01  -1.3842299e-01  -2.5815288e-01  -1.9617078e-01  -2.2526848e-02  -2.9229682e-01   1.0460195e-01  -1.5771056e-01  -1.5871522e-01   4.9386296e-01  -9.2579311e-02  -2.5373257e-01   1.9421054e-01   3.4733980e-02   2.6589617e-02  -2.9266473e-01  -2.6398150e-01   6.6680838e-01  -2.5339106e-01  -2.8270944e-01  -2.2971329e-01   1.2361001e-01  -7.4848039e-02   1.2629937e-01  -2.3306811e-01  -1.0900495e-01  -1.3292968e-01   3.6482303e-02  -4.2966437e-02  -1.8966515e-01  -6.5618752e-03  -2.8977460e-01  -6.1540354e-03  -4.1704492e-02  -3.3453847e-01   2.0462247e-01  -3.6554440e-02  -8.7924269e-02   6.5347736e-02   2.6054376e-01
  -1.6056089e-01  -1.4586372e-01   1.2030789e-01   0.0000000e+00  -4.6315749e-01   1.4966246e-01  -4.3979507e-02   3.4071904e-01   1.9525980e-01  -1.8824203e-01   2.6940745e-01  -2.5907131e-01   8.9708505e-02   5.8036375e-02  -2.1050491e-01  -1.0253959e-01   4.5979249e-01   1.6718422e-01   4.6349872e-02  -4.2450268e-01   1.1250862e-02   4.7115471e-01   6.4591843e-02   4.3654464e-02  -2.4980848e-02   2.7476415e-01  -2.8069171e-01   2.2693443e-01   2.5132283e-01   2.6481514e-02  -2.4219554e-01   4.5524718e-01   4.1517690e-02  -2.8712867e-02  -5.4968132e-02  -4.5385859e-01   9.6190116e-02  -2.6138360e-01  -2.4231900e-01  -3.5973414e-01  -1.3332585e-01   4.8425946e-02   3.9879784e-02   7.6612506e-02   3.1252124e-01  -7.9302176e-03   3.0652081e-02  -1.9352915e-01   2.1109606e-01  -1.5875305e-01   1.8902851e-01   2.9226365e-01  -3.9770390e-01  -1.3834125e-01   7.6031542e-02  -9.8280166e-02   2.5585728e-01   4.8256375e-01   3.0093651e-01  -1.0398085e-01   4.8067848e-01   3.9659106e-01   4.6503417e-02  -2.1763842e-01   1.3517867e-01  -2.6400403e-01   1.6349241e-01   4.4319258e-01   5.0658493e-01   2.0213542e-01  -2.8671426e-01   7.4804591e-01  -4.8832123e-01   1.4085461e-01  -1.2838687e-01   3.6419077e-01   1.3977624e-01   3.1570298e-01  -4.6109565e-01   3.6188309e-01   3.3141638e-01  -2.6787045e-01  -2.3696198e-01   3.3585965e-01   1.9862921e-01   2.2512931e-01  -1.3890207e-01   1.0746469e-01   1.2819504e-01  -1.6022941e-01  -2.4787133e-01   5.6891454e-01  -4.2436973e-01   4.3939314e-01  -3.5584934e-01   8.8508602e-02   3.5858999e-01   3.6093605e-01   4.7537505e-01  -7.1060485e-02   7.9586852e-03  -2.5453226e-01   2.5647105e-01   2.0797767e-01   4.6384591e-01   5.7739855e-01  -1.0343341e-01   4.5964533e-01   1.4291006e-01   3.2639720e-02  -3.1954396e-01   2.0608735e-01   7.2532059e-01  -2.1064504e-01  -1.5686622e-01  -2.9979496e-01   1.8234722e-01  -1.7132575e-01  -1.0124291e-01   7.5325596e-01  -1.6501316e-01  -2.5964348e-01  -7.1360860e-02  -7.5887213e-02  -6.0317070e-02  -8.1143934e-02   4.6694835e-02  -1.1661175e-01   6.6848238e-01   6.7188272e-02   3.4263589e-02  -5.5088592e-01   2.5065735e-01   4.7224480e-02   3.3211033e-01   3.4852941e-01   3.7989789e-02  -1.3413484e-01   3.3077718e-01  -3.1852170e-01  -5.2119785e-02  -2.7545914e-01   3.4906949e-01  -2.8062566e-01  -2.4181783e-02   1.7340730e-01  -2.2968365e-01  -1.6370411e-01  -1.1280900e-01  -6.3174204e-02   7.6899998e-02   3.2196537e-01   7.3655887e-02  -2.5479608e-01  -3.2793473e-01  -3.2587271e-01  -9.6248462e-02   2.3666455e-01   4.9952957e-01   1.7697970e-01   6.7301723e-01   2.3207945e-01  -1.0671163e-01   4.9850520e-01   6.2315259e-01  -4.4553509e-01  -1.4905962e-01   1.0203429e-01  -3.7452900e-02  -3.0584647e-01  -2.8334171e-01  -2.9321249e-01   6.0900534e-01  -1.6085794e-01  -1.6226560e-01   3.6579532e-01   6.8596325e-01
  -3.9622105e-02   3.7641421e-01   2.1298250e-01  -4.6315749e-01   0.0000000e+00   2.6783720e-02  -1.4412422e-01  -2.7273305e-01   8.8624372e-02   2.7585156e-01  -1.1504146e-01   3.5227898e-01   2.0134631e-01  -2.6096601e-01   1.9269722e-01   2.0685046e-01   6.1976838e-02  -1.5016134e-01   7.2428579e-03   8.8995904e-01   1.1982329e-01  -2.0736404e-01  -2.3766655e-02  -1.6798794e-01   1.2335599e-02  -2.3088270e-01   4.9836863e-01   1.4799962e-02  -3.7727676e-01  -1.3912507e-01   2.3301667e-01  -6.2540418e-02   5.0264976e-02   4.2613761e-02   1.9565105e-01   7.5036690e-01  -5.0992472e-01   1.2586546e-01   2.1796778e-01   5.4935050e-01  -8.9822258e-02   6.2358984e-02   3.3525299e-01  -1.2149106e-01  -2.8312204e-01  -2.3172430e-01   2.6285150e-01  -9.1111811e-02  -3.0152248e-01   5.2427366e-01  -1.1155416e-01  -2.5343543e-01   3.9499553e-01  -3.8911577e-02  -1.3705110e-01  -6.1032264e-02  -3.8560566e-02  -1.4927313e-01  -1.7062615e-01   1.9924123e-01  -1.5108736e-01  -2.9178551e-01   3.3261170e-01   3.5314530e-01  -2.3788472e-01   4.8749064e-01   5.1458306e-02  -2.2017227e-01  -1.8435819e-01  -2.5324863e-01   2.9793014e-01  -3.2221593e-01   1.0613737e-01  -3.5232221e-01   5.0048309e-02  -2.7842443e-01  -1.0716367e-01  -3.3045254e-01   8.6110138e-01  -1.6072531e-01  -3.9614381e-01   2.3619518e-01   2.8733484e-01  -2.2953783e-01  -3.4419092e-01  -5.5426578e-02   9.9023506e-02  -1.8816483e-01   2.5724086e-01  -6.3391294e-02   6.2338601e-01  -1.3590980e-01   5.9870205e-01   5.7112067e-02   9.2419693e-02  -3.1777422e-01  -1.8272563e-01  -2.1757072e-01  -2.0802318e-01  -1.4163111e-01  -1.2537731e-01   2.8737997e-01  -2.1393828e-01   1.8741919e-01  -2.3050215e-01  -2.6703422e-01   1.4311966e-01  -2.7819978e-01  -4.3317821e-01   1.6144553e-01   3.8522117e-01  -6.9223306e-02  -2.9018541e-01  -5.0623362e-02   2.5716712e-01   7.0583764e-01  -1.3316194e-01   1.9162735e-01   1.9361413e-01  -3.0049501e-01  -1.1564403e-03   1.8807209e-01   4.1121473e-01   4.7888092e-02  -1.0160035e-01  -1.5106693e-01  -2.0651579e-01   2.0298357e-01  -3.0107815e-01  -4.3593762e-02   1.1279975e-01   5.1850780e-01  -1.4689170e-01  -1.4290992e-01   3.2277857e-01  -2.3116869e-01  -1.0364725e-01  -6.6737832e-02  -1.5171100e-01   1.5854978e-01  -7.3357705e-02   3.6328979e-01  -3.5314417e-02   9.7743082e-03   6.0783017e-02  -1.7513648e-01  -1.0166807e-01   5.3228779e-01   4.3480671e-01  -3.2236509e-02  -3.9849599e-01  -2.1227117e-01  -1.9199740e-01   1.8878258e-01   3.9527959e-01   2.3031595e-01  -6.6938888e-02  -3.9323085e-02  -1.5800690e-01  -5.7586532e-02  -4.1696127e-01  -1.0339243e-01  -1.7399661e-01  -2.7842788e-01  -2.9737128e-01   6.7527363e-01   1.8221133e-01  -1.5100264e-01  -3.9570902e-02   6.5039112e-01   6.0209642e-01   4.6422710e-02  -2.5014535e-01   4.1261405e-01   3.3530202e-01  -1.6209633e-01  -3.5486849e-01
  -3.3788468e-01   7.7591963e-04   1.9042199e-02   1.4966246e-01   2.6783720e-02   0.0000000e+00   1.4399109e-01   3.7494926e-01   3.9170030e-01   2.8854256e-01   2.3489109e-01   1.5475238e-02   2.0532951e-01   3.9482016e-02   1.6979550e-01  -1.5862513e-01   1.6739550e-01   1.9974134e-02   3.6795456e-01   1.7409322e-02   3.8534830e-01   1.5843055e-01   2.3788662e-01  -6.8013744e-02  -1.5479077e-01   4.5167232e-01   2.6643364e-01   3.7507094e-01  -5.6447941e-02   1.1114219e-01   1.1007739e-01   1.7176543e-01   1.1400833e-01   3.0569198e-01   1.3468432e-01   3.2838164e-02  -3.7992574e-01  -3.8987782e-01  -2.0633093e-01   9.3260501e-03   1.4064503e-02  -9.2952536e-03   1.1976259e-01   1.6126034e-01  -5.3050729e-02  -2.3321441e-01   1.8705172e-01   1.5579513e-01  -2.5625248e-01   1.4080732e-01  -3.0602162e-02   3.8736779e-01   7.0772969e-02   2.0763899e-01  -6.3453550e-02   6.8390395e-02   6.6653354e-01   2.4832078e-01   9.1854771e-02   1.0640463e-02   2.0927427e-01  -1.2286674e-01   1.7881945e-01   2.8193020e-01   2.7087459e-02   2.3505588e-01   6.5625006e-01  -5.3461607e-02   3.8850069e-01   8.0983784e-02   6.6178905e-02   3.1579400e-02  -1.8888886e-01  -4.5780458e-02   1.5504816e-01   2.9226126e-01  -1.8391655e-01   3.4107910e-01   1.1981663e-02   1.6933769e-01   3.4876912e-01  -1.8273694e-01   3.6645202e-02   4.1207004e-01  -9.9112778e-02   3.1347650e-01   2.3407847e-01   2.3023471e-02   1.4268252e-01  -3.7985683e-01   1.8527011e-01   2.3587626e-01   6.2779070e-02   2.4299118e-01  -4.2684679e-01  -1.6128167e-01   9.4774875e-02   5.1458844e-01   3.5027635e-03   4.9176183e-02   1.0815384e-01   8.8835867e-02   1.8840684e-01   2.9409171e-01   7.0086164e-02   2.9115696e-01  -8.0538765e-02   5.5434818e-01  -2.9004949e-01   2.9050599e-01   4.4926810e-02   1.9832624e-02   1.4701355e-02  -3.7165318e-01  -2.9743956e-04   7.8957912e-02   1.8218068e-01   7.2320608e-02   7.1951896e-02   1.3403625e-01  -2.5543926e-01  -1.5278801e-01  -1.0509166e-01   2.6996477e-01  -2.8566126e-01  -8.2692653e-02  -4.9271414e-02   4.1410284e-02   3.8595307e-01   6.7241443e-02  -4.0306905e-02   4.0437674e-02  -2.7708700e-02   2.5301109e-01   2.0658592e-01   3.8553508e-01   1.4708288e-01   2.6095720e-01   3.6449073e-01  -3.1094518e-01  -1.9673730e-01   1.0274562e-01   3.9669119e-01  -2.3713118e-02   9.7996735e-02   2.1817442e-01  -1.2741004e-01   2.6686023e-01   2.4392635e-01   1.8941250e-03  -1.9100216e-01   3.2091027e-01  -2.0254318e-01   1.2335505e-01  -1.2823973e-01  -3.3043686e-01  -2.3964450e-01   1.1817735e-01   2.1351221e-01   1.1760106e-01  -3.9490805e-03   3.7725992e-01  -1.1379796e-01   2.8460518e-01   2.4663166e-01   1.0827370e-01   2.7906988e-02   7.6900804e-02  -1.9560032e-02   1.6815984e-01   2.5830712e-01  -3.0703351e-01   4.8863723e-02   3.3419985e-01   2.6441122e-01   4.5513897e-02   1.8349604e-01
  -1.7104699e-01  -3.5284685e-02   1.8577289e-02  -4.3979507e-02  -1.4412422e-01   1.4399109e-01   0.0000000e+00  -2.2441145e-01  -8.1793218e-02   4.5761396e-01   1.6544429e-01   4.1833965e-01  -6.0178127e-02   1.1146624e-01   6.6744186e-01   7.4344225e-02   8.4588356e-02   6.1379784e-02  -4.0269238e-02  -1.2701862e-02   3.6369232e-01   1.7871493e-01   6.4785670e-01  -2.3805338e-01  -3.6568247e-01  -2.8440610e-01  -3.1617191e-02   1.5957720e-01   9.8190940e-02   6.0886104e-01   1.4527447e-01  -9.0581447e-02  -3.6051267e-02   6.3752765e-01   3.6017723e-01   1.6635601e-01  -3.1835433e-02   8.1801962e-02   4.2401625e-02   8.5882024e-02  -6.3472090e-02  -6.6519859e-02   8.5537528e-02   1.1219869e-01   2.6540716e-01  -1.5442519e-01   1.0097980e-02   6.6197412e-01  -2.4701566e-01  -9.6045739e-02   4.3916653e-01  -1.7684497e-01   2.4219743e-01  -1.8317290e-01   4.0359314e-02   3.6957471e-01   5.1890035e-02   4.4617724e-02   1.1768762e-01   3.3026537e-01  -3.1995203e-02  -3.8255842e-02  -2.2658225e-01  -1.0447980e-01  -4.0216176e-02   5.2371266e-01  -1.6352985e-01  -2.1415773e-01  -1.9642143e-01   4.4013055e-01   2.1827592e-01   6.5693838e-02   3.5648560e-01   5.4281710e-02  -8.8942695e-02  -5.3228372e-02   9.8945803e-03  -1.0797978e-01  -1.1240527e-01   1.3115048e-01  -7.9336904e-02   2.3020993e-01   1.2408478e-01  -2.4000355e-01  -1.4976420e-01  -1.5581432e-02   2.7547254e-01  -3.5086517e-01  -3.1121604e-01  -2.7781281e-01  -1.1785200e-01   2.2601929e-02   2.0922585e-01   5.0462463e-02   1.8872444e-02  -2.3691277e-01   1.5450053e-01  -2.2210073e-01   5.8251501e-02   6.6971524e-01   2.0520704e-01   5.4106343e-01  -4.4306086e-02  -1.1440946e-01   1.7228916e-01  -7.4285408e-04  -1.7830618e-01  -1.9855747e-01  -1.2663837e-01   2.2705882e-01   3.4868571e-01   4.3650064e-01  -2.0348458e-01  -1.9200235e-01   3.8118104e-01  -1.8626514e-01   2.3502705e-01   2.4332018e-01   5.2388916e-02   2.8968853e-02  -2.1016613e-01  -2.4305817e-01  -2.4344750e-01  -3.5114749e-02  -1.8958438e-01   3.2604473e-01   5.5854315e-01   2.0063389e-03   1.4349047e-01   3.1952140e-01   2.5500448e-01   2.3448919e-01  -2.2732580e-01  -2.5760963e-02  -2.6158626e-01  -1.9055880e-01   1.5877150e-01   2.9303832e-01  -2.7838786e-01   3.4697346e-02  -1.2260291e-01  -1.0607752e-01   1.5312781e-02   4.1312440e-01   5.1680672e-01   7.3440645e-02   5.0574888e-01   1.6595598e-01   2.9664077e-01   1.4454286e-01   9.6868669e-02  -1.1241119e-01  -3.4802252e-01   2.1290757e-01   6.4502361e-02  -3.2904847e-02  -2.3817482e-01   9.3428044e-02  -1.5582851e-01  -2.1617387e-01  -9.4318999e-02  -4.4111012e-02   2.6862478e-01   2.1967329e-01  -3.5595079e-02   3.9328314e-02   3.8182797e-01   5.0728269e-02  -1.8601999e-01  -9.8363014e-02   2.7191434e-01  -6.8741275e-02  -5.5737011e-03   1.6641912e-01  -2.6261646e-04   1.1721076e-01  -3.2824300e-02
  -3.2522037e-01   2.3003923e-02  -1.0648373e-01   3.4071904e-01  -2.7273305e-01   3.7494926e-01  -2.2441145e-01   0.0000000e+00   4.2524097e-01  -1.6865736e-01   1.5207427e-01  -2.6517523e-01   3.9871620e-01  -1.3079842e-01  -1.2896249e-01  -3.2803754e-01   8.3018920e-02   9.8220622e-02   5.1572584e-01  -2.0917020e-01   1.2444381e-01   3.1687351e-02  -1.8990542e-01   2.4634654e-02   5.2458256e-02   6.8370773e-01  -3.5120350e-01   2.5245097e-01   2.1469078e-01  -2.2059739e-01   4.1668222e-02   3.9879925e-01   1.6353537e-01  -4.5579515e-02  -3.4649497e-01  -3.3474137e-01  -2.3029231e-01  -6.0703578e-01  -4.4936387e-01  -2.8328238e-01   1.1036285e-01  -1.1003352e-02   4.8636814e-03   4.0271668e-01  -2.5532035e-01  -2.4231930e-01  -1.3298096e-01  -8.7479838e-02   6.7680321e-03  -9.8831224e-02  -2.6522195e-01   8.8120061e-01  -1.4117229e-01   1.9197585e-01  -6.5542352e-02   6.8676284e-02   4.9821782e-01   2.9160765e-01   8.4216243e-02  -4.5926422e-01   1.8748584e-01  -1.0440037e-01   2.0666758e-01   3.6048993e-01   1.2707592e-01  -1.5104937e-01   2.8853746e-01   5.9899626e-02   5.1316930e-01  -1.9937274e-01  -1.7337780e-01   6.8507080e-02  -2.5180471e-01  -3.8979914e-02   6.4313570e-02   8.1058337e-01  -2.8755588e-01   6.4132907e-01  -1.1364387e-01   1.9741258e-01   6.4029271e-01  -1.3740640e-01  -1.8357725e-01   7.8292820e-01  -4.7306678e-02   7.7235135e-01   4.7888458e-02   1.9256068e-01   1.9539442e-01  -1.5115647e-01   2.1684437e-01   2.1622615e-01  -1.4056034e-01  -1.6654839e-02  -6.2493855e-01  -4.7621415e-02  -1.0159409e-02   8.6485864e-01   9.4321453e-02  -1.4354975e-01   6.3091993e-02  -1.1305918e-01   5.8453791e-01   2.6605713e-01   2.1835011e-01   4.4239697e-01  -2.0640081e-01   8.5279259e-01  -1.1755696e-01   6.4965888e-02  -7.5630253e-02  -2.3790827e-01   2.4428872e-01  -3.9551197e-01  -1.2024464e-01   7.2895142e-02   1.2914142e-01   1.8799488e-01  -1.0628163e-01   2.1879427e-02  -3.2902357e-01  -1.1309501e-01  -2.3271682e-01   2.5837552e-01  -2.6626097e-01  -3.8811191e-01  -1.2260055e-01  -1.2849308e-01   5.9102120e-01  -2.6747389e-01  -9.4073283e-02  -2.6132919e-01   1.2863068e-02   4.1724205e-01   1.6582682e-01   9.3122120e-01   8.0113396e-02   1.2985425e-02   8.7122748e-01  -6.0889959e-01  -2.3083079e-01   2.0132217e-01   2.7427013e-01  -3.5772959e-01  -3.1245098e-02   5.8302581e-01  -3.2121444e-01   1.2018639e-01  -5.2312921e-02  -8.6423343e-02   7.0752154e-02   7.5840721e-01  -1.8502514e-02   4.1313267e-02  -3.9209439e-01  -5.6852765e-01  -3.3299067e-01  -1.2743593e-01   3.2154615e-01   5.5953732e-01   2.0877513e-01   6.5854760e-01  -3.2138839e-01   4.4222756e-01   2.4584943e-01   2.1089325e-03  -2.0597465e-01   9.3334523e-02  -1.0223959e-01   6.8168802e-03   4.5437618e-02  -4.6085146e-01   1.2751419e-01  -1.9984762e-01   1.8631713e-01  -2.2796888e-02   5.1277270e-01
  -4.0948709e-01   4.7746485e-01   2.9648954e-01   1.9525980e-01   8.8624372e-02   3.9170030e-01  -8.1793218e-02   4.2524097e-01   0.0000000e+00   3.1852808e-02  -2.5153018e-01   2.4908993e-01   2.4077713e-01  -1.0525167e-01  -2.2763448e-01  -2.8771319e-01   3.7691945e-01  -8.5989869e-02   3.9667151e-01   4.7774323e-02   6.7838693e-03   1.1154947e-01  -1.8282262e-01   7.5748420e-02   3.6748006e-02   4.8337790e-01  -2.1854913e-02   6.0518423e-02   1.7780944e-01  -2.3626272e-01  -2.0445977e-02   2.3494728e-01   2.3704233e-01  -2.1352145e-01  -6.5407457e-02  -1.6328473e-01  -3.4148971e-01  -6.3866365e-01  -2.7965616e-01   1.4780233e-01  -1.6218808e-01   8.1803274e-02   5.5272647e-01  -2.0488580e-02  -3.3770237e-01  -5.3059326e-01  -3.1618099e-01   1.0583624e-01  -4.4526563e-02   2.7691754e-01  -2.7767898e-01   3.7785631e-01   2.2534454e-01   2.2491832e-01  -8.2282960e-02  -1.2201272e-01   3.6856319e-01   2.0415233e-01  -9.8015882e-02  -2.2265086e-01   3.0257979e-01  -2.2237990e-01   6.2950662e-01   5.3693423e-01   3.8735987e-01   1.0359100e-01   4.2351216e-02   5.9685756e-02   1.2252673e-01  -9.0149491e-02   3.1453716e-01  -9.3289251e-02  -3.5564942e-01  -1.2665703e-01   1.0298587e-01   3.4823194e-01  -3.5466917e-01   2.3823132e-01   1.2971768e-01   1.8739684e-01   3.8814403e-01  -1.4061664e-01  -2.4847908e-01   5.2056176e-01  -2.5779091e-01   3.2681735e-01   4.1815644e-01   6.5307013e-02   5.7099477e-01  -2.9606332e-01   4.7276511e-01   1.9799111e-01  -1.2800207e-01   2.4039286e-01  -6.6636023e-01  -3.8593761e-02  -1.8883891e-02   6.3190112e-01   9.2645472e-02  -1.0332162e-01  -4.6667950e-02  -2.3851998e-01   2.2061523e-01   7.7535922e-01  -3.5725031e-02   4.1688308e-01   1.8624707e-01   5.3706378e-01  -3.6810410e-01  -1.3995767e-01   9.1102796e-02  -2.8591351e-01   2.1862745e-01  -5.8078144e-01   4.2332644e-02   3.1331573e-01  -1.5947602e-01   6.1075954e-02  -1.6807974e-01   2.1972828e-02  -3.9766422e-01   4.4947752e-02   2.6499426e-01   3.2326925e-01  -4.7306130e-01  -6.7672424e-02  -3.4860989e-01   1.7340265e-01   4.6164228e-01  -1.0543618e-02   8.1702211e-03  -6.1909032e-02   1.1802983e-01   5.0085552e-03   6.2077992e-01   5.4507676e-01   1.3504909e-02   2.2144884e-01   3.7351448e-01  -6.2242906e-01  -1.5334022e-01   4.4104321e-02  -3.1756163e-02  -6.2613123e-02  -2.1369553e-01   2.9791193e-01   7.3892810e-02   2.8886552e-01  -2.0351964e-01  -4.0330574e-02  -1.5745112e-01   4.1870488e-01  -1.4508383e-01   1.7424335e-01   1.2551809e-01  -5.3872426e-01  -4.1727809e-01  -2.5091457e-01   2.9255709e-01   1.7865552e-01   1.2897331e-01   4.3132376e-01  -5.3622775e-02   1.8841626e-01   2.4649457e-01   1.0735342e-01  -1.1058934e-01  -1.5729387e-02  -2.0764386e-02  -8.6622445e-04   1.7759822e-01  -5.6991379e-01   2.4120640e-01   7.4178340e-02   2.2705347e-01  -5.1902557e-02   4.7959713e-01
  -9.3389331e-02   2.1425341e-02  -1.0937771e-02  -1.8824203e-01   2.7585156e-01   2.8854256e-01   4.5761396e-01  -1.6865736e-01   3.1852808e-02   0.0000000e+00   3.4827247e-01   3.6729992e-01   2.4232083e-01  -1.5946226e-01   5.1319484e-01  -6.9076172e-02   1.2528285e-01   5.3259991e-03   1.6241569e-01   3.1446630e-01   4.7228617e-01   8.4813375e-02   5.2513336e-01  -1.8256607e-01  -3.8047815e-01  -1.2100368e-01   1.2601120e-01   2.6834416e-01  -3.1969900e-01   2.9615795e-01   2.5175172e-01   7.8758527e-02  -1.5191617e-01   5.9949385e-01   3.5807625e-01   4.5634417e-01  -6.0058061e-01  -7.1929277e-02   4.2301206e-02   1.9683938e-01  -1.3226164e-01  -1.6641059e-01   2.7576406e-01   1.9552436e-01  -5.8780589e-02  -1.7884770e-01   3.3958812e-01   2.7436079e-01  -6.6381792e-01  -2.1044195e-02   2.7279775e-01  -6.3313852e-02   4.6668333e-01  -1.1732187e-01  -2.5643148e-01   3.5409035e-01   3.3125955e-01   5.2875328e-02   1.7405631e-02   1.5176133e-01   5.6827539e-02  -7.4973165e-02  -6.9794109e-03   2.6520977e-01  -4.7079269e-01   7.4922376e-01   2.4699366e-02  -2.0176917e-01  -6.8956946e-03   1.0461146e-01   2.6186248e-01  -1.0833944e-01   3.3038084e-01  -2.0531175e-01   1.6353609e-02  -2.0491728e-01  -8.7989944e-02  -1.2759357e-02   2.7901293e-01  -1.6668507e-02  -1.8867447e-01   2.3584836e-01   3.9539405e-01  -2.0027301e-01  -1.1217055e-01  -7.8763942e-02   6.1677736e-02  -2.6874025e-01  -2.1840132e-01  -3.2021017e-01   2.1432701e-01  -4.2235749e-02   5.5206606e-01   1.8992411e-01  -5.6179657e-02  -4.5789407e-01   1.5403610e-01  -6.5531283e-02  -1.4846623e-01   4.9768949e-01   2.9352878e-01   5.1058886e-01  -1.7139115e-01   2.7800226e-02  -4.5093580e-02  -5.8495147e-02  -1.1505619e-01  -2.3385041e-02  -5.8488643e-01   4.2881222e-01   4.3368071e-01   2.0636308e-01  -1.8037198e-01  -2.5671968e-01   4.6281795e-01   2.2976806e-01   2.1995109e-01   3.5508481e-01   1.6373665e-01  -7.6359008e-02  -9.8145557e-02  -3.7854853e-01  -9.5733020e-02   4.9627926e-02  -2.6325150e-01  -5.3681238e-02   2.2051490e-01   3.3451207e-02   2.7789468e-02   1.1871010e-01   7.2293196e-03   4.9130923e-01  -3.2795027e-01   1.4391197e-01   7.6461602e-02  -1.9239317e-01  -2.4374118e-02   2.2185367e-01  -1.5034169e-01  -1.5360105e-02  -6.7812068e-02   2.6016856e-01   1.2601334e-01   3.6687633e-01   3.6862294e-01  -3.6996479e-02   1.8524915e-01   5.7153988e-01   5.3234010e-01   1.1955627e-01  -3.5602035e-02  -1.6318623e-01  -2.3137816e-01   2.6032578e-01   4.1721015e-02   3.4650648e-02  -1.5250746e-01   1.4140864e-01  -1.4338265e-01  -2.3713350e-01  -2.3137269e-01   8.5043178e-02   1.3109181e-01  -3.3416030e-02  -8.6154887e-02   3.6959212e-01   3.0457490e-01  -3.7408934e-02  -9.7979123e-02   3.8356611e-01   6.4989114e-01  -2.3857385e-02  -9.2606283e-02   4.3391368e-01   5.1533016e-02  -6.8323286e-02  -1.3959205e-01
   1.1317788e-02  -6.2348632e-01  -4.8518561e-01   2.6940745e-01  -1.1504146e-01   2.3489109e-01   1.6544429e-01   1.5207427e-01  -2.5153018e-01   3.4827247e-01   0.0000000e+00  -4.4552280e-01   2.0272376e-01  -7.8235646e-02   2.8167502e-01   6.6135948e-02  -4.6380739e-02   5.0887499e-01   1.1333234e-01  -1.3597080e-01   4.6719408e-01   3.3761437e-01   5.2315089e-01  -1.1403273e-01  -9.9665325e-02   7.0746887e-02   7.1942603e-02   3.8222625e-01  -3.4441969e-01   3.7610563e-01   5.3396615e-02   4.4018990e-01  -2.6219092e-01   6.0488229e-01   2.1720747e-02   2.9127759e-01  -2.4450752e-01   1.1830545e-02   9.9821552e-02  -4.8738956e-01   2.1250060e-01  -2.3844548e-01  -4.2419998e-01   4.8347346e-01   3.4589921e-01   1.3805809e-01   7.1169859e-01  -9.8971475e-02  -3.1519590e-01  -4.6847686e-01   4.3039433e-01   1.4315036e-01  -2.6637162e-01  -1.9094152e-01  -1.9453862e-01   3.9448288e-01   3.2450922e-01   3.9366339e-01   6.2674682e-01   2.4557430e-02   9.0499037e-02   3.6517321e-02  -4.7185324e-01  -5.0168242e-02  -1.9668072e-01   1.7947409e-01   3.0684815e-01   1.2322009e-01   6.3402769e-01   6.6844316e-02  -5.0458796e-01   4.0014589e-01   2.6301490e-01  -1.2747641e-02  -7.8792678e-02   1.5336023e-01   6.6036781e-02   2.8361095e-01  -2.1366516e-01   3.5513375e-02  -6.6124353e-02   1.5924572e-01   2.2941054e-01   6.4742586e-02   5.2466322e-02   1.9034901e-01  -1.6964506e-01   3.4565303e-02  -4.3225376e-01  -1.3586305e-01  -2.6873720e-01   1.6590400e-01   4.1317949e-02   2.2064863e-01   8.1292350e-03  -3.3128965e-01   2.1513186e-01   6.5869147e-02  -4.8510234e-02   1.6567702e-01   6.1618254e-02   2.5251515e-01   9.7942563e-02  -2.2907555e-01   4.1563570e-01   3.0528326e-01  -3.1075645e-01   2.6144965e-01  -1.5271700e-01   6.7103058e-01  -1.6903296e-01   4.5352030e-01   1.1600064e-01  -4.8421568e-02  -3.6449897e-03  -2.2574237e-01   5.4119198e-01   1.6682959e-01   6.1252841e-02   3.1376967e-01  -2.3498219e-02  -5.9971100e-01  -5.7156832e-01  -1.9407492e-02   2.3148534e-02  -2.2487119e-01   3.1192671e-01  -2.0652471e-01   3.2772930e-01   8.7375324e-03  -1.4546229e-01   1.4530014e-01  -4.0719663e-01   3.3381627e-01  -2.0446593e-01   8.2664141e-03  -3.8251207e-02  -1.7752763e-01   2.0549694e-01   7.8110519e-02  -4.8316489e-02   2.1717256e-01   7.0415769e-01  -6.5609577e-02   3.6974260e-01   2.2633563e-01  -4.7679420e-01   2.0391220e-01   5.1737092e-01  -1.0763863e-01  -9.3402940e-02   4.0926769e-03   4.9260438e-02   2.3642278e-01  -6.0659615e-01   4.3539845e-02  -6.4455086e-03   5.6129662e-01   9.0500827e-02   1.2882788e-01   4.4449914e-02   4.7532228e-01  -1.1543825e-01   4.6220393e-01   3.0991589e-01  -9.0560133e-02   2.8382876e-01  -1.7436742e-01  -6.4643307e-03   8.2271326e-02   1.6219535e-01  -2.0721961e-02   1.5573277e-01   1.0586924e-01   1.3023552e-01   4.3572626e-02   5.1529129e-02
  -3.1781718e-01   6.9761844e-01   5.9716097e-01  -2.5907131e-01   3.5227898e-01   1.5475238e-02   4.1833965e-01  -2.6517523e-01   2.4908993e-01   3.6729992e-01  -4.4552280e-01   0.0000000e+00  -9.2371356e-02  -8.7226118e-02   3.2395902e-01  -1.7712256e-02   2.6597917e-01  -3.3198529e-01   3.2245177e-02   4.7823878e-01   6.8513632e-04  -1.2930724e-01  -2.6718252e-03  -2.7048816e-01  -3.0564678e-01  -1.8344044e-01   1.6042313e-01  -1.1251321e-01   3.7693092e-02   1.2591513e-01   1.7580280e-01  -1.0331006e-01   9.2540497e-02   4.0837386e-02   2.6609490e-01   1.7778291e-01  -2.3886664e-01  -6.6855068e-02  -2.8801288e-02   6.8135734e-01  -2.8331649e-01   2.1389439e-02   5.9505328e-01  -9.9726316e-02  -3.0888970e-01  -3.9415167e-01  -2.9965886e-01   4.8893527e-01  -1.6014294e-01   5.1003944e-01   3.8322514e-02  -2.4855674e-01   6.6474488e-01   1.9789607e-04   3.9267230e-03   9.6982630e-02  -5.4702581e-02  -5.8273367e-02  -2.8750859e-01   1.3255192e-01  -6.4708508e-02  -1.7443666e-01   4.2441868e-01   2.6743050e-01  -7.7192123e-02   4.8914740e-01  -2.1613209e-01  -2.1026550e-01  -4.9025124e-01   9.9166710e-02   7.3276595e-01  -3.3544222e-01   1.1642006e-01  -2.1037883e-01  -5.4569331e-02  -2.2339586e-01  -1.2264392e-01  -2.1775009e-01   4.3495848e-01  -4.2394116e-02  -1.2933223e-01   4.2261899e-02   2.1828925e-01  -1.1686946e-01  -3.1346597e-01  -1.0366901e-01   4.4736357e-01  -3.2573847e-01   2.6540535e-01  -3.1050535e-01   4.4531819e-01  -7.2872710e-02   4.3018058e-01  -2.1882266e-02  -1.6598359e-01  -9.9108860e-02  -2.0417669e-01  -1.9356884e-01   2.5212316e-02   3.5864426e-01   1.6112994e-01   4.0907083e-01  -1.1410868e-01   2.9762503e-01  -1.8641619e-01  -8.2863054e-02   1.3702052e-01  -2.4129095e-01  -2.0316163e-01  -1.9212118e-01   6.8653939e-01  -1.1126670e-01  -2.2240970e-01  -3.4083159e-01   4.4024440e-01   4.1049476e-01  -2.3999201e-01   2.2855949e-01   3.9978578e-02  -2.3552470e-01  -2.4246319e-01   2.2337974e-01   5.7193862e-01   7.4494493e-02  -3.1733993e-01   1.6224482e-01   4.9470478e-02   1.2615923e-01  -1.1764221e-01   1.3917652e-01   3.4389913e-01   2.6271369e-01   1.8128469e-02  -2.1560396e-01   2.0868782e-01  -1.8281395e-01  -6.2720150e-02   3.2137958e-01  -3.2079904e-01  -1.1813401e-01  -1.7615992e-01   1.5316067e-02  -4.1738171e-01   3.0730078e-01   6.9236395e-02  -1.1741425e-01   7.2446058e-01   3.0485293e-01   5.5309819e-02   2.3093811e-01   3.5705168e-02  -1.1270780e-01  -3.8348599e-01   1.3772070e-01   6.8198168e-01  -1.0648767e-01  -3.3524868e-01  -2.6964224e-01  -1.9883353e-01  -2.5820544e-01  -1.2066889e-01  -3.1296740e-01   1.1738206e-01  -1.7091047e-01  -2.2160857e-01   3.4035951e-01   1.8942339e-01  -3.2613879e-03  -3.7533207e-01   2.3826651e-01   4.4034276e-01  -1.4697287e-01  -1.0227409e-01   2.0830300e-01   6.0981526e-03   1.0936552e-01  -1.5008072e-02
  -1.9715784e-01   6.1745056e-02   1.4120286e-02   8.9708505e-02   2.0134631e-01   2.0532951e-01  -6.0178127e-02   3.9871620e-01   2.4077713e-01   2.4232083e-01   2.0272376e-01  -9.2371356e-02   0.0000000e+00  -2.4463792e-01   9.0685202e-02  -9.4132995e-02   2.4337136e-01   1.2424232e-01   3.2929122e-01   1.8298918e-01   3.2193346e-01   1.7691001e-01   1.4533559e-01  -1.1113831e-01  -3.6179677e-02   1.9326881e-01  -7.7653959e-02   2.0511084e-01  -1.1285643e-01  -1.4343854e-01   1.7018731e-01   2.8762860e-01  -1.9015752e-03   1.9283662e-01  -1.1472341e-01   2.1781545e-01  -4.8150440e-01  -4.5930866e-01  -6.2698161e-02  -1.1298104e-01   1.9180455e-01  -5.4087391e-02   7.4122875e-02   1.3833698e-01  -8.4399059e-02  -4.0453402e-01   2.3825267e-01  -1.7374956e-01  -3.2011644e-01   6.8661084e-04  -3.6045288e-02   3.0472643e-01   4.2421774e-02   1.8202390e-01  -7.1800559e-02   4.8990352e-02   2.8675698e-01   2.3833582e-01   4.8501619e-02  -2.4811023e-01   1.7715518e-01  -2.7150125e-02   1.3508213e-01   2.5458740e-01  -2.0291245e-01   2.0683490e-01   1.9865102e-01   6.0903373e-02   4.3460202e-01  -1.5671316e-01  -3.8525479e-02   1.4600807e-01   2.4137957e-02  -7.2935388e-02   3.0798240e-01   3.3265906e-01  -3.8094935e-01   2.6338363e-01   2.3248668e-01   9.6832007e-02   1.9033597e-01   3.0586802e-02   2.4676000e-02   3.8552416e-01   2.4560873e-02   4.0192863e-01  -7.5573905e-02   1.2513082e-02   1.7191763e-01  -1.6891897e-01   3.7943765e-01   7.6740503e-02   2.0893576e-01   1.7963657e-01  -4.1319400e-01  -1.6969569e-01   1.8734216e-01   4.2219106e-01  -7.9513939e-02  -5.3204496e-02   1.0988338e-01  -1.3567323e-02   2.8521694e-01   2.6791314e-01   2.2158463e-01   3.0085383e-01  -5.2531893e-02   4.0617924e-01  -4.2215963e-01   3.0360549e-01   1.1542974e-02  -1.7871858e-04   1.5656923e-01  -3.6055391e-01   9.4779324e-02   2.6352401e-01  -6.3867614e-02   4.3249527e-01   1.1230784e-01   1.6623308e-01  -3.4913921e-01  -2.1309673e-01  -1.3396809e-01   1.4136324e-01  -3.7179361e-01  -2.8228586e-01  -3.3051065e-02   2.8961415e-02   3.8606640e-01  -1.1288373e-01  -1.3268727e-01   1.0604676e-01   7.5488384e-02   3.9670708e-01   1.8608772e-01   4.1254494e-01  -2.8279826e-02  -6.9909210e-02   3.9271371e-01  -3.1272750e-01  -1.2721007e-01   5.2043132e-01   1.6203994e-01  -6.2626934e-02   1.3006890e-01   1.8281843e-01  -2.4512055e-01   4.7121485e-01   2.7292907e-01  -9.9450503e-02  -7.4437180e-02   3.7934606e-01  -1.4820575e-01   1.4403339e-01  -2.5818944e-01  -2.5406817e-01  -2.5912267e-01   7.6516574e-02   9.7050936e-02   3.7415058e-01  -8.5319773e-03   4.6729238e-01  -2.8900404e-01   2.1699195e-01   1.7808176e-01   3.2107984e-01   1.1353226e-01   5.3311064e-02  -5.4753678e-02   2.7403883e-01   3.6269881e-01  -3.6613843e-01   3.7128965e-02   6.4962690e-02   1.0924105e-01  -1.4397801e-01   3.1460120e-01
   1.1692015e-01  -3.4499693e-01  -8.3897682e-02   5.8036375e-02  -2.6096601e-01   3.9482016e-02   1.1146624e-01  -1.3079842e-01  -1.0525167e-01  -1.5946226e-01  -7.8235646e-02  -8.7226118e-02  -2.4463792e-01   0.0000000e+00   9.5886295e-02  -1.5117582e-01  -9.3767135e-02   2.2952164e-01  -1.4304204e-01  -4.0685280e-01   1.1632563e-01   4.2110223e-01   2.1947129e-01   5.2139547e-02   1.1096834e-01   3.6096937e-02  -1.2274744e-01   1.7837242e-01   4.5266627e-02   3.8335764e-01   1.7866323e-01   6.0095286e-02  -1.1506133e-01   9.2737825e-02   5.1644632e-01  -3.1134336e-01   2.8429461e-01   6.6090877e-02  -1.4050678e-01  -2.3215968e-01  -8.1817895e-02  -1.3441292e-02  -2.4898859e-01  -1.6846472e-02   3.9991069e-01   1.8155325e-01  -1.6178959e-01   2.0833443e-01   2.2960369e-01  -2.4658600e-01   1.2920560e-01  -1.0226640e-01  -2.7308754e-01   1.1498413e-01   4.8863862e-01  -5.6573035e-02   2.5467168e-02   1.7649561e-01   1.3946508e-01   4.2765485e-01  -2.1365447e-02   9.9921989e-02  -1.4004186e-01  -2.0257980e-01   6.7175405e-02  -2.1585541e-01   7.4998303e-02  -1.0742217e-01  -7.5936325e-02   1.9335855e-01  -2.8981274e-01   1.4255975e-01  -4.3651238e-02   5.7097343e-01  -1.2568976e-01   1.1360156e-01   6.4954260e-02  -8.1333050e-02  -3.6837069e-01  -1.7474836e-01   1.4547024e-01   9.4701841e-02   1.0456661e-01  -1.1308801e-01   4.2893134e-01  -9.1604354e-02   1.1497132e-01   2.6648512e-01   2.2003847e-02   2.7569049e-02  -3.5673156e-01  -3.5291961e-02  -2.0883629e-01   1.1138499e-01   7.9917598e-02   2.3541416e-01   2.7617562e-03  -4.9074859e-02  -9.3888871e-02  -9.1910963e-02   1.0460372e-01   1.0602974e-02   2.9378846e-01   4.8022291e-02   1.6468846e-01  -7.0856677e-03   3.4134513e-01  -1.2058646e-01   2.9046861e-01   6.1805759e-02  -1.9541329e-01   3.0353880e-01   5.7925348e-02   1.5224810e-01   8.0872619e-02  -4.0411437e-01   9.7213578e-02  -2.5964267e-01   2.0317221e-01   1.0747278e-01   6.5498337e-02  -6.5817927e-02  -1.2619242e-01   3.8821318e-02   1.0751437e-01   6.5222837e-01   1.8297040e-01   8.3651713e-02   5.9307726e-02   1.2183138e-01  -9.8259237e-02  -3.8527054e-01   4.7801169e-01   1.8273018e-01  -5.0791915e-02  -4.2071846e-02  -1.3251403e-01   2.1351439e-01  -6.1080221e-02   1.4013575e-01  -2.3018073e-02  -3.2791425e-01   6.8284193e-02   2.1068431e-01   2.7297621e-01   1.0802015e-01  -1.8291243e-02  -3.8266546e-01  -7.9070606e-02  -3.9419364e-02   3.4588883e-01   1.2700913e-01   1.7040016e-01  -2.6917517e-01  -1.6638967e-01   2.3864326e-02   1.2842300e-01   1.2875837e-01   4.2255328e-02   1.3095686e-01   2.0234357e-02  -1.8765783e-01   1.5401233e-01   1.4246296e-01   4.8233546e-02  -2.9960655e-01  -1.9655608e-01   1.3520138e-01   1.6580405e-01  -2.0786392e-01  -2.9916084e-01  -9.0104386e-03   1.8708106e-01   1.1855444e-01  -2.0530779e-01  -5.0370127e-02   4.3401987e-02
