   0.0000000e+00  -2.7102227e-01  -5.9627474e-02  -3.1311603e-01  -1.1280040e-01  -1.1729852e-01  -2.2542269e-01  -2.8696078e-01  -2.8551371e-01  -1.2600940e-01   8.9090942e-02  -2.9953638e-01  -1.3001388e-01   2.1005403e-01   4.2445222e-02  -2.6849501e-01  -3.0002061e-02  -1.9444529e-01   1.3752450e-01  -1.7801937e-01  -1.7324292e-01  -2.0771573e-01  -2.5593191e-01   7.8004916e-01  -7.2217621e-02  -4.6034839e-01  -3.0935482e-01   1.8370709e-03  -1.6440283e-01  -2.8133293e-01   1.3164886e-01  -2.2778468e-01  -1.9261006e-01  -2.0209160e-01  -2.4094786e-01  -2.9561265e-01  -7.6345236e-02   5.5405852e-01  -3.8689167e-01  -3.6609493e-01  -3.6069691e-01   1.3741794e-01  -1.8680062e-01   4.3025259e-03  -1.4763127e-01   6.9909601e-01  -3.4505073e-01  -2.4018212e-01  -1.4586089e-01  -2.4165940e-01  -5.2989718e-02  -3.7400820e-01  -1.5438085e-01   2.7046968e-01   5.6628541e-03   5.4806724e-02  -8.1667456e-02  -1.8622139e-01  -3.4408430e-01  -8.5079801e-02   5.5174301e-01  -2.1741728e-01  -2.1828665e-01   3.1180616e-01  -1.7340650e-01   1.6510731e-02  -5.2266633e-02  -2.6996123e-01  -4.9285657e-01   7.7853032e-01  -3.6520177e-01  -1.2157565e-01  -1.1246261e-01   6.9045726e-01  -1.5055132e-01  -3.3226271e-01   6.1356261e-01  -3.1714311e-01  -1.7927263e-01  -3.4935915e-01  -2.7016924e-01  -1.5421348e-01  -1.5187495e-01  -5.1426886e-01   4.5556768e-01  -9.9323070e-02  -3.3612530e-02   6.4872923e-01  -2.2846219e-01   8.8283457e-01  -1.4730153e-01   2.2369231e-01  -9.8170657e-02  -1.7881484e-01   7.1166779e-01  -1.8095240e-01  -2.5505948e-01  -1.6497171e-01  -2.5630666e-01  -4.1901512e-01   1.5611276e-01   2.4090746e-01  -1.5226556e-01   1.3705621e-02  -1.4598315e-01  -3.9873383e-01   1.2905562e-01  -4.0155610e-01  -2.6394563e-01  -1.8887302e-01  -2.5392177e-01   6.9171154e-02  -2.3465291e-01   8.6619063e-01  -1.0023419e-01  -5.0263969e-02  -1.5323473e-01  -1.7437208e-01   2.2022876e-01  -2.8037462e-01   7.5947629e-01  -1.8276674e-01  -2.4242244e-01  -1.8776721e-01   8.2494469e-01   7.0856089e-02   1.6839403e-01   1.9704569e-02  -4.3090680e-01   4.0922456e-01  -3.0767718e-01  -1.2166172e-01   2.3373714e-01  -3.3665019e-01  -2.7995652e-01  -2.9654816e-01  -2.6110209e-01  -2.1669363e-01  -3.4623056e-02   3.6448924e-01   8.0780930e-01   2.4512712e-01   6.9402392e-02   2.5085178e-01  -1.9418433e-01  -2.0091934e-01  -5.1107344e-01  -2.0436145e-01  -1.3098265e-01  -3.2768279e-01   3.7760358e-01  -3.0318261e-01   7.7709708e-01  -2.0061465e-01  -1.7787964e-01   6.2545337e-01   6.1858404e-01  -3.4253856e-01   2.5623816e-01  -1.3527869e-01  -1.8856294e-01  -2.4255957e-01  -1.5802761e-01  -2.4826987e-01  -3.8515687e-01  -1.3236932e-01   1.3657262e-02  -2.3754872e-01   7.5846771e-01  -1.7347353e-01  -2.5973268e-01   7.3232066e-01  -3.4837771e-01   2.7631718e-01  -1.0286425e-01   3.4768294e-02  -3.8144914e-01
  -2.7102227e-01   0.0000000e+00   4.4677304e-01  -9.2841658e-02   6.4569402e-01  -1.6058185e-01  -1.9644669e-01  -9.2465208e-02   4.6660485e-01   6.3381334e-01  -6.2776168e-01   7.1596310e-01   2.4801895e-01  -4.2841524e-01  -8.3073506e-02  -2.4533950e-02   7.3191618e-01  -3.7492599e-01   3.9809001e-02   6.8903568e-01  -3.9599111e-02  -4.1758810e-01  -3.6555812e-01  -4.8552108e-01  -1.9689871e-01   4.6410043e-02   2.9971160e-01  -3.5115425e-01   3.1693248e-01   1.3470293e-01   1.5709766e-01  -2.5590185e-01   2.5770278e-01   2.3955760e-01  -1.2848116e-01   2.2450585e-01   3.9075174e-01  -4.4628592e-01   1.2631993e-02   8.2124818e-01   1.4305516e-01   2.5879843e-01   5.4473830e-01  -1.3587995e-01  -2.8590088e-01  -2.7732888e-01   2.4571454e-02   3.3757411e-01   2.8047869e-01   7.3904309e-01  -5.9027006e-01  -4.2349116e-02   6.4782686e-01   3.9202379e-01  -7.6431405e-02  -3.5704626e-01  -1.5633682e-01  -3.9968257e-01  -2.4393612e-01   3.1725206e-02  -4.0661245e-01   4.6875185e-02   6.7803837e-01   5.5831972e-02   3.0198396e-01  -6.1898001e-02   1.7644417e-01   1.9439999e-01  -9.2658711e-02  -2.5008449e-01   8.6284664e-01  -4.5876122e-01   1.8046981e-01  -2.0587635e-01   4.1088737e-01   2.7773188e-01  -4.7646717e-01  -2.0871213e-01   7.3939579e-01   1.4708670e-01  -4.8432822e-01   4.5532665e-01   5.4907092e-01  -6.8182087e-02   2.3499145e-01  -4.7385455e-01  -1.2305847e-01  -3.9100315e-01   4.9489948e-01  -2.8496751e-01   6.3158385e-01   2.1548805e-01   5.6065062e-01  -1.6540235e-01  -5.8329531e-01   6.7789137e-01   1.0360839e-01  -2.1731907e-01   3.2464068e-01   2.8184202e-01   4.3669524e-01  -5.0538567e-01  -4.5831856e-01  -3.3090803e-02  -6.3869924e-01  -1.4936458e-01   4.6944394e-01  -1.1982086e-01   4.5000745e-01   1.3299106e-01   5.1796821e-01  -6.1707800e-01  -1.5344108e-01  -3.6820136e-01   1.1685142e-01   7.8963092e-01  -3.8100324e-01   4.1378564e-01   3.8091932e-02  -1.3888985e-01  -4.2065827e-01   6.9686008e-01   6.0926351e-01   2.7054809e-01  -5.0277292e-01  -4.3081461e-01  -4.8101608e-01   1.8856409e-01  -1.1540845e-01   8.1224494e-02   3.7498876e-01   1.8219598e-01  -1.5904761e-01   5.5712646e-01   2.9320458e-02   2.8370320e-02   1.6086750e-01  -1.2810991e-01  -1.3845271e-01  -1.2170245e-01  -3.2079190e-01  -1.2607590e-02  -4.8103945e-01  -3.2879276e-01  -1.0253171e-01  -2.1617791e-01   5.7492447e-01   2.9525238e-01  -4.2282274e-01   4.1757564e-01  -1.0568166e-01  -3.9250986e-01  -3.8786406e-01   5.3252152e-01   7.7186336e-01  -2.2972426e-01  -5.6954841e-01  -2.1491651e-01   1.9180825e-01  -6.5490675e-01   1.7188735e-01  -4.0797735e-01   3.4043141e-01  -4.1038961e-01  -1.2981641e-01   4.3115099e-01   1.1059878e-01  -1.0190070e-01  -4.4573257e-01   7.6999400e-01   6.3856959e-01  -4.7368082e-01  -2.2432401e-01  -1.3031230e-01   4.4941368e-02   1.8857940e-01  -2.6434204e-01
  -5.9627474e-02   4.4677304e-01   0.0000000e+00  -2.2918240e-03   2.4810649e-01   2.0870842e-01   4.1554670e-02  -1.7909140e-01   6.6798861e-02   4.7096980e-01  -2.8997096e-01   5.7527678e-01   2.2718733e-01  -2.7845198e-01  -6.4180744e-02   2.2281953e-01   7.5199147e-01  -1.4295451e-01   5.7797538e-04   4.6538638e-01  -2.3588130e-01  -2.3269933e-01  -1.7127533e-02  -2.6134997e-01  -1.7380636e-01  -9.9097516e-02   3.6167413e-01  -2.3897041e-01   1.3666715e-01  -1.4303900e-02  -2.6610815e-01  -1.5246974e-01   2.7055888e-01   3.8028223e-01  -4.6844574e-02   3.4117666e-01  -3.0405475e-02  -2.9348208e-01   8.3143747e-02   6.4834106e-01   9.6067137e-03   3.0886292e-01   1.2928143e-01  -1.6086767e-01  -2.0720519e-01   1.8639490e-01   2.5398637e-01   1.4930931e-01  -1.7552941e-01   5.7066325e-01  -1.0007271e-01  -2.1114940e-01   3.1320276e-01   5.2855268e-01  -2.1510663e-01  -6.4589447e-02  -1.4651502e-01  -3.3026493e-01  -1.5652613e-01   1.1095675e-01  -1.7813199e-02   2.5245829e-01   1.5487379e-01  -7.6707344e-02  -2.6272299e-01   1.3384706e-01   3.4189175e-01  -1.6048401e-03   1.3501819e-02   2.5094209e-01   3.2965959e-01  -2.0567149e-01   1.3583652e-01  -4.1208015e-02   1.0445251e-01  -4.8889963e-02  -7.8743442e-02  -9.6959387e-02   1.9618007e-01  -1.2718571e-01  -2.1303807e-01   3.7508652e-01   5.4827915e-02  -2.1765369e-02  -1.5487427e-03  -3.8793942e-01  -2.8578614e-01  -2.3569430e-01   2.3844762e-01  -1.2101216e-01   1.5724468e-01   5.4416192e-01   6.1878696e-01  -2.3976715e-01  -2.4291812e-01   4.4393679e-01   1.9170094e-01  -1.9967837e-01   2.3753931e-01   2.5841589e-01   1.2819997e-01  -1.7190227e-01  -4.0272121e-01  -8.6795833e-02  -3.5457898e-01  -6.1365157e-02   4.5039856e-01  -1.2339517e-01   2.1402003e-01   2.4120241e-01   5.0631851e-01  -4.6937787e-01  -2.2201373e-02  -1.3494283e-01   8.7906412e-02   2.3488230e-01  -3.2683872e-01   1.9351936e-01   7.2361292e-02  -7.6560762e-02  -9.2292508e-02   4.0465932e-01   4.2737586e-01  -2.7603445e-01  -2.5375054e-01  -3.9077529e-01  -2.7743426e-01  -7.6044018e-03  -1.2696925e-01   5.9871928e-01   1.6881303e-01  -8.8522340e-02  -1.1311627e-01   1.5120115e-01  -1.0101881e-01  -1.3811107e-01   5.6295687e-02  -2.1511246e-01  -2.9377373e-01  -1.8414445e-01  -3.2725406e-02  -1.2303509e-01  -4.0821766e-01   2.1062076e-01   3.7974880e-02  -2.8055976e-01   5.1089342e-01   4.7342234e-02  -1.0183716e-01  -3.3312174e-02   8.3929746e-02  -3.1824144e-01  -6.0477928e-02   1.8703809e-01   7.7850740e-01  -2.0799315e-01  -1.7341776e-01  -1.6385337e-01   4.0202680e-01  -5.0006799e-01   2.3218891e-02  -3.0674011e-01   8.9732207e-02  -3.4252762e-01  -5.0590958e-02   2.7858947e-01   2.4324235e-01   8.3132840e-02  -1.1583697e-01   4.3008719e-01   3.7673410e-01  -1.5098763e-01  -1.8117769e-01   3.7588823e-01  -1.0002990e-01   2.0301741e-01  -4.5182264e-02
  -3.1311603e-01  -9.2841658e-02  -2.2918240e-03   0.0000000e+00  -3.2533756e-02   3.5374480e-01  -1.3281654e-01   1.3064970e-01   1.1975866e-01  -2.4938924e-01  -2.8514662e-02  -2.3878900e-01  -1.4269779e-01   1.3811773e-01  -2.6627580e-01   2.0368277e-01  -1.0612334e-01   4.3189743e-01  -1.8516170e-01  -3.1076696e-03  -3.2977291e-02   4.6800632e-01  -1.3403650e-01  -2.8675287e-01   2.0743997e-01   1.7888539e-01   2.0567547e-01  -3.7325025e-01  -1.7171252e-02   3.9967925e-01  -1.2997509e-01   4.9381873e-01   3.3154465e-01  -1.3708735e-01  -1.1174668e-01   1.5237335e-01  -1.7930538e-01  -3.1671565e-01   2.6453398e-01  -7.4217801e-02   1.2276486e-01  -2.2676644e-02  -1.8519963e-01  -2.5862081e-02  -3.3848467e-02  -1.1562877e-01   4.0435875e-01  -1.7455158e-02  -1.2642359e-01  -2.3312903e-01   2.1165602e-01   1.7213062e-01  -1.3598976e-01  -8.9715115e-02   5.4948799e-03  -1.9721802e-01   3.9050273e-01   5.1172931e-01   5.4230681e-01  -1.4393381e-01   5.8162715e-03   5.4123473e-02   4.6308087e-02  -3.8957834e-01   2.3556103e-02  -2.2662190e-01   3.3606950e-01   9.5459253e-02   5.6617565e-01  -2.3809607e-01  -4.1451993e-02   5.6621041e-01   1.9945651e-01  -1.7331501e-01   7.4977415e-02  -8.0181474e-02  -8.7353665e-02   2.8989100e-01  -1.0565604e-02   5.1633641e-01  -9.5744213e-02   6.5781640e-02  -3.6059217e-02   2.7490970e-01  -2.6711016e-01   1.6759661e-01   1.2821860e-01  -2.9074536e-01   2.8241037e-01  -3.3897734e-01  -9.6852671e-02   3.2386517e-02  -2.2417631e-01   2.0966614e-01  -1.6873615e-01  -1.2907732e-01   2.4993045e-01   1.5400839e-01   8.6592840e-02  -4.9561579e-03  -3.2862763e-01  -2.9634757e-01   3.2863863e-01   2.6530065e-01   3.9760060e-01   7.8009026e-01  -2.0101570e-01   3.9116109e-01  -1.2605993e-01  -5.5294778e-02  -1.8207307e-01   2.2516171e-01   6.9509558e-01  -3.2740187e-01  -2.9770351e-01  -1.3426319e-01   1.8294962e-01  -5.5546980e-02  -2.9712997e-01   8.1962911e-01  -2.4136687e-01  -1.0700865e-01  -1.1137666e-01   9.1180200e-02  -2.6889979e-01   1.4060098e-01  -2.0748713e-01  -9.2223751e-02   6.4955774e-01  -1.0653349e-01   1.5775027e-01  -6.3497864e-02   2.5672402e-01  -6.8048903e-02   6.1003299e-01   1.6253486e-01   3.3440214e-01  -1.1981928e-01   9.5222511e-02  -3.6300856e-01  -2.5506248e-01  -8.4138665e-02   5.5064174e-02  -7.0487191e-02  -2.5887740e-01  -2.3771394e-02  -6.9400309e-02   7.1801385e-02   8.3177578e-03  -4.7945009e-02  -4.3035863e-01   1.2079870e-02  -1.3905959e-01  -9.7943227e-02  -1.3566788e-01  -3.3497534e-01  -5.0058307e-02   3.7276001e-01   3.2686431e-02   2.2435135e-01   1.4416016e-01   6.7868760e-02  -1.3208100e-01   4.6113039e-01   7.0491465e-01  -1.9727785e-01  -1.5096019e-01   3.7685564e-01   4.2292154e-02  -8.6624010e-02  -1.8261417e-01  -2.8677135e-01   4.2080787e-01   1.3317837e-01   3.7726896e-02   1.3778643e-01   7.3485589e-01
  -1.1280040e-01   6.4569402e-01   2.4810649e-01  -3.2533756e-02   0.0000000e+00  -1.7818801e-01  -1.8279424e-01  -2.3043808e-01   3.0972491e-01   3.4133676e-01  -4.3812618e-01   3.5305435e-01   2.8995498e-01  -3.2400147e-01  -1.4119688e-01  -1.1105700e-01   5.0077289e-01  -1.8948855e-02  -2.5669441e-01   7.5807804e-01   7.0512262e-02  -3.9796602e-01  -3.2775956e-01  -3.0310656e-01  -9.1915328e-02  -2.0385715e-01   4.1845483e-01  -4.2599729e-01   2.2196720e-01   4.3094182e-02   1.1163534e-01  -2.5157698e-01   1.1294833e-01   1.8520329e-01  -2.3863684e-01   5.1197198e-01   3.3644639e-01  -3.9333580e-01   3.8922443e-02   4.9804841e-01   2.1632137e-01   2.0048911e-01   4.1527444e-01  -3.0370118e-01  -1.2113745e-02  -2.0909889e-01   2.1665608e-01   4.2175102e-01   4.7766200e-01   4.2789513e-01  -3.3934647e-01  -1.5303305e-01   4.5332869e-01   2.5385092e-01  -1.6710436e-01  -4.6168270e-01  -2.1943784e-01  -3.9423682e-01  -1.7318125e-01  -1.4278406e-01  -2.8163747e-01   2.0136335e-01   5.6139761e-01   1.8028576e-02   3.8336956e-01   7.9785536e-02   1.2478933e-01   4.3845675e-01  -1.8064892e-01  -1.9071488e-01   4.6435427e-01  -5.7359621e-02   3.5089273e-01  -2.1817147e-01   1.8221617e-01   1.1525252e-02  -2.7802373e-01  -3.9897624e-01   7.6017492e-01   1.0952596e-01  -4.3432543e-01   2.8409547e-01   4.3826150e-01  -3.3113511e-01   8.7230699e-02  -4.1702026e-01  -2.0293802e-01  -2.1209064e-01   3.1238296e-01  -1.2297405e-01   7.3107597e-01   1.0480761e-01   4.0752865e-01  -3.6361235e-02  -3.9345228e-01   6.8381196e-01   1.8231284e-01  -3.0395568e-01   6.2748399e-01   1.8303176e-01   1.3654489e-01  -3.5744432e-01  -4.0778237e-01  -5.7980261e-02  -4.4425807e-01  -1.4846214e-01   3.8864805e-01  -3.2898068e-01   3.4577397e-01   3.2470059e-01   2.5615099e-01  -4.9247457e-01   9.1623803e-02  -1.8708754e-01  -1.1810716e-01   6.3735180e-01  -3.8440408e-01   3.6327856e-01  -2.3468359e-01  -1.1807289e-01  -2.1287565e-01   7.1262328e-01   4.1964214e-01   1.6971214e-01  -3.4485423e-01  -3.4749313e-01  -4.2439366e-01   2.0601844e-01  -6.4242981e-02   7.0503767e-02   3.5432731e-01   1.1843715e-01  -1.4318222e-01   3.1884070e-01   2.1405338e-02  -6.5548960e-02   1.6937754e-01  -4.1631371e-01  -1.1211429e-01  -1.6073820e-01  -2.1919906e-01  -1.1574503e-02  -3.8330579e-01  -3.5621725e-01  -1.2258884e-01  -2.9495968e-01   1.8005325e-01   4.8927477e-01  -1.4959558e-01   1.6134275e-01  -2.9425290e-01  -4.3181114e-01  -1.6480106e-01   5.7345902e-01   4.9438779e-01  -1.9031905e-01  -3.2621161e-01  -3.0971062e-01   1.6315143e-01  -4.9619443e-01   3.2623431e-01  -3.8401702e-01   4.2614060e-01  -2.7743163e-01  -2.4862483e-01   2.0966449e-01   2.0474638e-01  -3.4697489e-01  -2.2070275e-01   6.9272200e-01   5.7794028e-01  -3.4843023e-01   1.8235713e-01  -1.5739593e-01   6.3121544e-02   3.3321604e-01  -3.3694315e-01
  -1.1729852e-01  -1.6058185e-01   2.0870842e-01   3.5374480e-01  -1.7818801e-01   0.0000000e+00   1.8890024e-01  -2.1051371e-02  -1.1993632e-01  -1.3138754e-01   2.5637158e-01  -1.5641607e-01  -1.1253423e-01   2.0634427e-01  -2.2781357e-01   9.1588993e-02  -8.6855080e-02   3.4443294e-01   2.2092355e-01  -2.3143296e-01   6.4792713e-02   4.1995238e-01   1.7046164e-01  -4.8485651e-02  -5.8723772e-02   2.4796329e-02   2.7968979e-01  -1.8009086e-01  -3.7803956e-01   4.0012020e-01  -3.0941914e-01   2.2423333e-01   6.1262090e-02   2.5228370e-01  -2.6787583e-02   1.2030201e-01  -3.7568546e-01  -9.7767233e-02   6.8999339e-02  -1.2175455e-01   1.7993088e-01  -2.0619087e-01  -1.7954523e-01   1.1313467e-01  -3.1496914e-01   1.1393072e-01   3.5826482e-01   1.2004076e-01  -2.5666076e-01  -2.6894811e-01   4.6747916e-01  -2.6029537e-02  -5.5562292e-02  -2.6457804e-01  -3.4468078e-01   1.7189733e-01   5.9275789e-01   3.1032826e-01   4.1570829e-01   7.5238429e-03   1.7232404e-01  -1.6853828e-01  -2.6906416e-01  -8.5298559e-02  -2.1597605e-01   1.4398945e-01   7.6844486e-01  -2.7506167e-01   4.2708129e-01   4.0595416e-02  -2.1606653e-01   3.2520899e-01   7.0616825e-02  -4.3211218e-02  -2.9656810e-01  -3.1141074e-01   8.1355120e-02   3.0797179e-01  -3.8137693e-01  -7.3773836e-03  -5.9054994e-02   1.1960579e-02  -1.4136317e-01   2.3374068e-01  -1.1212265e-01   1.3245260e-02   5.4273223e-02  -2.4837333e-01  -1.4881758e-01  -1.3756468e-01  -1.9682806e-01  -1.1160715e-02   3.7466160e-03   1.5605045e-01  -5.8926491e-02  -2.3992684e-01  -3.7936790e-02   4.2185898e-01   4.2282007e-03  -1.7468480e-01  -4.2208459e-01   9.1404230e-02   3.1431525e-01   2.2860493e-01   3.4536045e-01   3.1673530e-01  -2.3581818e-01   4.2100704e-01  -2.4536698e-01   3.5088078e-01  -7.2828337e-02   3.2737115e-01   2.6775869e-01  -1.6833879e-01  -3.2272189e-01  -3.0318229e-01   2.0278909e-01  -1.9059313e-02  -1.7184159e-01   4.8528960e-01  -2.9677114e-02  -2.5564652e-01  -2.2650024e-01  -2.9239012e-01  -7.5101155e-02   2.2380624e-01  -2.0445149e-01  -3.1525953e-01   2.6815445e-01   1.2368446e-01  -8.7454534e-02  -2.6476611e-01   3.8164113e-01  -1.6593105e-01   3.1783310e-01  -1.2573242e-01  -9.7884469e-02  -1.2588004e-01  -1.1888867e-01  -2.3042795e-01   7.7107427e-03  -4.0704445e-02   2.5157370e-01   2.2241002e-01  -3.8434691e-02  -1.6108813e-01  -1.0811336e-01   9.2390669e-02   3.9700264e-01  -2.6826800e-01  -2.4820696e-01  -2.9963611e-02  -5.1828401e-02  -2.1397120e-01  -3.5956911e-02  -1.6469220e-01  -6.7365067e-02   3.9147900e-01  -1.1273242e-01   2.6045416e-01  -2.4399523e-01   1.7222368e-01   9.2301926e-03   3.4265338e-01   4.4645545e-01  -1.2840498e-01  -3.2658331e-02   3.9101847e-01   3.1291302e-02  -1.1107948e-02  -2.3123138e-01  -1.0265481e-01   2.8571993e-01   5.8203134e-01  -2.0017037e-01  -2.6073052e-01   5.2156156e-01
  -2.2542269e-01  -1.9644669e-01   4.1554670e-02  -1.3281654e-01  -1.8279424e-01   1.8890024e-01   0.0000000e+00  -2.1807795e-01  -1.3047155e-02   3.3000001e-01   6.4394695e-02   3.4592221e-01   3.1596969e-02  -4.3176375e-02   4.7040157e-01  -5.9820929e-02  -3.0221487e-01  -1.6274979e-02  -8.2225186e-02   1.7799892e-04   3.6776505e-01   2.9912680e-01   8.5325258e-01  -4.6692563e-02  -1.6473374e-01  -1.2314911e-01  -3.6818795e-03   3.2839953e-01   1.3145423e-01   2.2229207e-01  -1.3214879e-01  -7.5313250e-02  -2.7466372e-01   7.0045515e-01   7.5144131e-01   3.2859962e-01   7.0914217e-02  -9.1650403e-02  -1.3522160e-01   2.1687473e-02   2.4157611e-02  -2.5079212e-01   8.5380807e-02  -1.5557782e-01   3.5017148e-01  -3.3931932e-01  -1.2974719e-01   4.2078845e-01  -6.2532636e-02  -1.2836982e-01   2.8266678e-01  -1.6054316e-01   1.2754165e-01  -2.8071125e-01  -1.4295556e-01   1.6774108e-01  -1.0767457e-01   4.7812653e-02  -4.6153024e-02   5.4516615e-01  -3.3250833e-01   3.9037130e-01  -2.4660674e-01   6.5325131e-02   2.5222592e-02   6.3239237e-01  -7.7402999e-02  -4.9725590e-02  -1.8794514e-01  -1.6939928e-01  -1.3886074e-02   1.5701867e-01  -5.9266171e-02  -1.9068748e-01  -3.1313251e-01   2.4773119e-01  -2.2648827e-01  -9.5207816e-02  -1.8434777e-01  -2.4344186e-01   4.5079683e-01  -1.3950427e-01  -1.6623619e-01  -1.1605751e-01  -2.5184546e-01   1.4030894e-01   1.5788596e-01  -2.3785830e-01  -3.0065450e-01  -2.3898840e-01  -2.2211025e-01  -3.9140832e-01   2.5501641e-01   3.1001276e-01  -2.7029718e-01  -9.6263038e-02  -1.7584536e-01  -3.6756280e-02  -2.2585378e-02   5.0749829e-01  -2.3866441e-01   5.3873439e-01   1.0553372e-01   1.9313279e-01   3.3593820e-01  -1.3330682e-01  -2.5758773e-01  -1.4867526e-01   2.6893587e-01   2.1472399e-01   4.6873454e-01   6.6431567e-02  -4.0149862e-02  -1.7642743e-01   2.1816314e-02  -3.0231755e-01  -1.7301358e-01   3.3173047e-02  -1.2294833e-01  -1.5593766e-01  -1.8645717e-01  -1.8561000e-01   7.5798292e-03  -4.5827475e-02  -2.1090874e-01   1.3242114e-01   1.5690364e-01  -2.1754516e-01   7.6779895e-02  -1.5709806e-01  -2.1998471e-01   1.8534599e-01  -8.1212630e-03   2.2121216e-01   2.5288154e-02   1.3697842e-01  -2.0237259e-01   2.7155568e-01   1.0004727e-01   9.6382776e-02  -5.4534339e-02  -1.0448735e-01   1.8312854e-01  -2.0676416e-02   7.1062145e-01   2.3495788e-01   4.1566713e-01   6.5567877e-03   4.5840453e-01   2.1741786e-01   3.6615685e-03   1.6967169e-01  -3.2931394e-01  -8.9527448e-02  -1.0034786e-01  -1.1618656e-01  -3.0870718e-01   3.1522559e-02  -4.5749685e-01   1.4178161e-01  -3.8876382e-02   2.7282626e-01   2.0147539e-01   1.1658037e-01  -1.6526352e-01   2.4758781e-01   2.4535307e-01  -1.4948991e-01  -3.4354167e-01  -2.4330431e-01   1.8628093e-01  -2.1017943e-01   1.8951760e-01  -1.2128701e-02  -1.5655803e-01  -5.2879324e-01  -2.0367603e-02
  -2.8696078e-01  -9.2465208e-02  -1.7909140e-01   1.3064970e-01  -2.3043808e-01  -2.1051371e-02  -2.1807795e-01   0.0000000e+00   6.7897628e-02  -1.3754072e-01   2.7451658e-01  -1.6091296e-01   2.1997541e-02   2.8763438e-02  -1.4587752e-01   1.2399877e-01  -1.6375956e-01   2.2555676e-02   4.4485467e-02  -1.6048173e-01  -2.4819776e-01   5.8736171e-02  -7.4858924e-02  -9.5631831e-02  -1.3262284e-01   7.1596153e-01  -1.6947933e-01   2.3058048e-01   6.5659192e-02  -2.5528688e-01  -1.2887419e-01   1.7545906e-01   1.1136025e-01  -2.2343291e-01  -7.2717539e-02  -2.3789002e-01  -1.8734735e-01   1.1717882e-02   9.1261456e-02  -1.4494341e-01   2.3806594e-01  -8.3272987e-02  -1.3343461e-01   3.4536662e-01  -1.4943981e-01  -1.2517446e-01  -7.7162441e-03  -4.6579924e-01  -1.8486705e-01  -5.7347307e-02   4.2988195e-02   8.8554770e-01  -1.8411466e-01  -2.3159883e-01   2.6410613e-02   3.2193788e-01   1.0346472e-01   2.4815058e-01   2.8313709e-01  -1.9821995e-01   3.0864335e-02  -1.6246908e-01   2.8279494e-02  -1.9744362e-01  -1.6574516e-01  -2.6169777e-01  -7.2992320e-02  -5.3656693e-02   5.1197014e-01  -2.4238708e-01  -1.7141507e-02  -3.9619151e-02  -1.4427559e-02  -3.2693417e-01  -1.2822873e-02   1.9366510e-01   5.9914204e-03   5.4327399e-01  -2.0001705e-01   4.8695297e-02   3.6707455e-01  -5.1662659e-02  -2.0958418e-01   7.6308086e-01  -2.9363892e-01   2.4008946e-01  -1.2454619e-01  -4.2177679e-02  -1.3312641e-01  -2.1428129e-01  -2.0395268e-01  -1.0312728e-01  -1.7165590e-01  -1.7669168e-01   3.6463962e-02  -1.3824194e-01   1.5710950e-01   4.0538443e-01  -2.0012656e-01  -9.2988667e-02  -2.2026080e-02  -1.0425367e-01   9.4891962e-02  -2.0433952e-01   9.2007544e-02   3.7650792e-01  -2.6082138e-01   6.2345140e-01  -6.9426866e-02  -2.8478924e-01  -1.7012907e-01   1.6322206e-01  -1.4966539e-01  -1.8275406e-01   2.0621379e-01  -1.0674028e-01   6.7755812e-01  -2.3387145e-02  -6.8117709e-03   2.1837678e-01  -9.9009928e-02  -1.3101814e-01  -1.8442715e-01  -9.3155743e-03  -1.0301184e-01  -1.1987865e-02   9.6080505e-03  -1.1519815e-01   2.9216786e-01  -3.2990435e-01   1.7248329e-01  -6.3260659e-03  -3.3694563e-01  -1.3808611e-01   4.1187619e-02   3.4942523e-01  -8.2641470e-02   1.9524807e-01   1.3925418e-01  -4.6699804e-03  -1.2833054e-01   1.3978852e-01   1.2535603e-01  -5.8444899e-02   6.1473663e-03   1.9006156e-01   1.1453240e-02  -2.7815736e-01  -9.2890905e-02  -5.6262672e-02  -7.2944723e-02   4.8987607e-01  -1.8467158e-01  -8.9992863e-02  -2.0518569e-01  -4.0589329e-02  -3.9406514e-02   3.5423029e-01  -1.6510983e-01   4.3712496e-01  -1.7739487e-01   1.6658300e-01  -3.1896967e-01   1.2373790e-01   4.0092343e-01  -8.4062340e-02  -1.1741355e-01   4.7440840e-01  -1.7132596e-01  -2.2259003e-01  -2.0175386e-01  -1.8586602e-02  -1.2219044e-01  -2.4055825e-01  -8.0738791e-02  -3.5156835e-02   4.0431293e-01
  -2.8551371e-01   4.6660485e-01   6.6798861e-02   1.1975866e-01   3.0972491e-01  -1.1993632e-01  -1.3047155e-02   6.7897628e-02   0.0000000e+00   3.3755320e-01  -9.4894883e-02   3.0039619e-01   1.0243218e-01  -5.5495952e-01  -2.4782746e-02  -5.3827122e-02   9.1120808e-02   7.5961136e-02  -6.1341849e-02   3.2046066e-01   6.6907988e-02   5.0974610e-02  -1.9274928e-01  -2.9152224e-01  -3.9923326e-02   5.1846850e-02   3.7819053e-01  -4.1717464e-01   4.8366135e-01   2.7105754e-01   2.3769089e-01  -3.6423401e-02   2.1320321e-02  -4.1825995e-02  -3.6344837e-02   1.9421510e-01   1.0292629e-01  -2.5787767e-01  -9.1746353e-02   4.3436099e-01   1.5344883e-01   9.9032450e-02   5.8252803e-01  -2.5065061e-01  -3.1096035e-02  -2.9065149e-01   2.9644040e-01   3.1492349e-01   1.6892187e-01   2.9743400e-01  -2.0050296e-01   1.5234269e-01   3.2316574e-01  -1.2808164e-01  -1.3926766e-01  -4.8728165e-01  -1.2726558e-01   1.8190792e-02   1.4854997e-01   2.2132788e-01  -3.8917976e-01   2.1316345e-02   7.6150022e-01   8.9360473e-02   4.8146681e-01   9.8603406e-02  -6.6638877e-03   4.0615277e-01   1.6432914e-01  -4.2947134e-01   4.4703815e-01   8.8107723e-02   2.7455868e-01  -4.2669210e-01   2.2245609e-01   5.0632071e-01  -4.2503129e-01   5.6555356e-03   3.7486714e-01   3.2302441e-01  -3.4037690e-01   2.4445639e-01   9.1340400e-02  -3.7156699e-02  -3.1518892e-01  -1.9208498e-01  -3.2004217e-01  -4.1228501e-01   5.5719355e-01  -2.8858123e-01   3.9766100e-01  -2.0435249e-01   7.2492292e-02   3.6694176e-01  -4.0140441e-01   4.9081404e-01   2.7448201e-01  -1.1220087e-02   2.9362198e-01   1.3201276e-01  -3.9086198e-02  -1.6031688e-01  -3.2662528e-01   1.8925272e-01  -1.6224961e-01   1.9118973e-01  -4.1503628e-02   5.1548949e-02   2.7039621e-01   5.5920103e-02   1.2294183e-02  -2.6948801e-01   2.1206935e-01  -2.7281900e-01  -3.0804011e-01   3.9693834e-01  -1.1174175e-01   1.7897554e-01  -4.5275607e-01   1.0974974e-01  -3.7928051e-01   3.1175570e-01   3.7840096e-01   2.0583514e-01  -3.7291131e-01  -2.4423414e-01  -2.3224374e-01   1.2232902e-01   3.0474850e-01  -2.6430402e-01   2.6393165e-01   7.9997824e-02  -1.9959856e-01   3.6620054e-01   5.1216037e-01   5.6258102e-01   2.1350859e-01  -2.2816064e-01   2.5604026e-01  -3.4535861e-02  -2.9274648e-01  -2.9209473e-02  -4.6839907e-02  -6.3808343e-01  -7.7593041e-02  -8.3754329e-02   3.2549796e-01   2.1830017e-01  -6.3830974e-02   3.0871908e-01  -5.2716088e-01  -2.3142419e-01  -4.1177904e-01   3.4577161e-01   2.0673969e-01  -8.0327447e-02  -3.9470431e-01   9.4184282e-02  -2.5634550e-01  -2.8802326e-01   3.5697603e-01   4.1038950e-02   4.3031373e-01  -9.3358397e-02   6.0860831e-02   8.4003101e-02   1.2066700e-01  -1.6433621e-01  -4.0280402e-01   1.3627171e-01   1.8631314e-01  -4.1771339e-01   3.3738416e-01  -3.1163443e-01   1.8031645e-01   1.3418733e-01   2.2507323e-02
  -1.2600940e-01   6.3381334e-01   4.7096980e-01  -2.4938924e-01   3.4133676e-01  -1.3138754e-01   3.3000001e-01  -1.3754072e-01   3.3755320e-01   0.0000000e+00  -4.7453520e-01   7.7121109e-01   3.3130351e-01  -4.2906838e-01   2.1787128e-01  -8.2288727e-02   5.3843990e-01  -4.8751156e-01  -7.7038151e-02   6.2487560e-01   7.0994811e-02  -2.0867374e-01   1.3878042e-01  -3.0141509e-01  -2.9439106e-01  -1.4723224e-01   2.1476847e-01  -2.5025838e-02   3.6240209e-01   9.7707393e-03  -8.7030567e-02  -3.6149303e-01   7.6064783e-02   5.1539675e-01   3.2136540e-01   3.3558686e-01   2.6422916e-01  -3.1939617e-01  -1.9328109e-01   6.9801271e-01   6.5434113e-02   1.9758949e-01   4.9900865e-01  -3.3020775e-01  -9.2262022e-02  -2.2602812e-01  -1.4042237e-01   3.5757161e-01   3.6050241e-02   6.0459628e-01  -4.1157819e-01  -9.2189436e-02   5.8474836e-01   2.7619825e-01  -2.4570137e-01  -2.0630440e-01  -3.1844518e-01  -3.5111705e-01  -2.5222029e-01   3.6547214e-01  -4.2726543e-01   3.7070375e-01   4.6891274e-01   1.3351470e-01   1.4046782e-01   4.3369088e-01   4.9807068e-02  -4.4119942e-02  -2.7246799e-01  -6.5860400e-02   6.3890066e-01  -3.9395482e-01   1.3430107e-01  -1.6342028e-01   1.8938107e-01   3.8126274e-01  -3.9962743e-01  -3.0336677e-01   5.1035939e-01  -9.8542490e-02  -1.7483081e-01   2.9995932e-01   1.9808396e-01  -1.9607853e-01   7.6237328e-02  -3.6702340e-01  -1.1470937e-01  -3.6625954e-01   1.9935595e-01  -2.0189118e-01   3.1572384e-01   5.3996328e-02   7.1236535e-01   6.5498250e-03  -4.9174219e-01   5.8177693e-01   2.2392517e-02  -2.5435355e-01   1.6007125e-01   4.8255687e-01   2.7851405e-01  -8.1871861e-02  -4.0262337e-01   2.9043810e-02  -4.4247214e-01  -2.8037170e-01   3.5983415e-01  -3.2386719e-01   6.4917382e-01   1.1164554e-01   6.9472900e-01  -5.4602122e-01  -2.4458058e-01  -1.5566957e-01   1.8967727e-01   4.8750385e-01  -4.6108569e-01   4.2770796e-01  -1.0078653e-02  -3.4194197e-01  -2.6894414e-01   4.7442987e-01   5.0419218e-01   8.6980397e-02  -3.5354094e-01  -3.4068583e-01  -3.4150070e-01   5.7509930e-02  -1.2388952e-01   9.2729366e-02   1.5840090e-01   2.1596660e-01  -1.8388072e-01   5.2188622e-01  -4.4999189e-02   1.8120058e-01  -4.8206901e-02  -2.8508708e-02  -2.5628741e-04  -1.5367408e-02  -1.0689427e-01  -1.8383677e-01  -3.5429592e-01  -1.9239547e-01   2.9486456e-01  -1.6971045e-01   6.9306587e-01   9.5938198e-02  -1.1266047e-01   4.4540485e-01   6.2613924e-02  -3.0595232e-01  -3.2035297e-01   3.0945525e-01   5.8490610e-01  -1.9380026e-01  -5.2088490e-01  -2.1446556e-01   4.9982385e-02  -5.1446161e-01   8.8872841e-02  -3.0593144e-01   4.2245124e-01  -4.4875783e-01  -3.0271744e-01   5.4196070e-01   2.2376273e-01  -2.2651462e-01  -3.7252423e-01   4.3863994e-01   6.0523488e-01  -3.4702516e-01  -2.9476946e-01  -2.9269604e-02  -3.6397220e-02  -3.7773763e-02  -3.0089864e-01
   8.9090942e-02  -6.2776168e-01  -2.8997096e-01  -2.8514662e-02  -4.3812618e-01   2.5637158e-01   6.4394695e-02   2.7451658e-01  -9.4894883e-02  -4.7453520e-01   0.0000000e+00  -5.5240031e-01   7.0608743e-02   2.2414476e-01   5.5345962e-02  -5.4846164e-02  -5.2302018e-01   5.4242981e-01   2.5818257e-02  -5.7687295e-01   9.8639402e-02   3.9990265e-01   2.1423726e-01   3.4259140e-01   3.6129815e-02   2.0969222e-01  -2.0429170e-01   1.9457975e-01  -2.1996868e-01  -4.8753626e-02  -1.3534957e-02   2.6966352e-01  -2.4884934e-01  -2.4981052e-01   4.2078486e-02  -1.1758526e-01  -4.2017952e-01   2.2690690e-01  -8.7681849e-02  -5.0861727e-01   1.3917700e-01  -3.3269778e-01  -3.6071279e-01   3.1313877e-01   1.2102838e-01   1.7110291e-01   1.9455370e-01  -1.7274076e-01  -2.4446586e-01  -4.3583832e-01   6.7259605e-01   2.5612299e-01  -4.0711006e-01  -5.0408510e-01  -1.9756528e-02   4.1942620e-01   1.8214123e-01   3.7546148e-01   4.4248625e-01   7.2574142e-02   2.7715000e-01  -1.3337682e-01  -3.7390206e-01   1.2167713e-01  -1.6730929e-01   6.9370554e-02  -7.7657898e-02  -1.3735520e-01   2.3531317e-01   4.3765907e-02  -5.2976700e-01   3.5984662e-01  -2.8424916e-02   4.8449106e-02  -3.0942450e-01  -4.7825352e-03   2.8657468e-01   4.4210419e-01  -5.8398379e-01  -4.9755504e-02   3.5496689e-01  -2.9136036e-01  -3.4933399e-01   2.6041010e-01  -2.8868722e-01   4.1322568e-01  -2.9486263e-02   2.0766185e-01  -2.9979306e-01   1.2858918e-01  -4.4694057e-01  -3.1347033e-01  -4.8387479e-01   2.4966748e-01   3.5658990e-01  -4.1031156e-01   4.9618494e-02   3.4814071e-01  -4.7618655e-02  -3.8968291e-01  -2.5036197e-01   5.0566552e-01   3.2223730e-01   5.8642838e-02   5.3193799e-01   1.8728500e-01  -4.7202836e-01   2.9733869e-01  -4.2659502e-01   1.6996856e-02  -4.8190026e-01   5.7588499e-01   7.8660735e-03   1.6053025e-01  -1.2089377e-01  -5.6887030e-01   6.0051040e-01  -1.1241357e-01  -6.2952909e-02   9.9053624e-02   1.4911132e-01  -5.5450825e-01  -4.0184338e-01  -1.9466954e-01   2.4105171e-01   3.7865123e-01   3.7392872e-01  -2.1872495e-01   1.7987524e-01  -5.9747934e-02  -2.1931075e-01  -3.1302332e-02   1.1041780e-01  -3.0579167e-01   8.5232237e-02   2.0097803e-01  -1.5173765e-01   1.3432860e-01   1.9313242e-01   3.5116363e-02   1.8178733e-01   4.4659060e-02   6.0140244e-01   2.0736353e-01   1.6359019e-01   3.3559405e-01  -4.4633161e-01  -2.9468090e-01   4.2617871e-01  -2.8571325e-01  -1.1013400e-02   3.9678324e-01   1.2114456e-01  -2.4272076e-01  -4.7370869e-01   1.8369536e-01   3.6052892e-01   4.0174869e-01  -3.4995731e-01   6.1733533e-01  -1.6369505e-01   6.5566054e-01  -9.2523906e-02   4.1992738e-01   2.1521843e-01  -5.4057765e-01   9.7037404e-02   2.2128621e-01   1.2999680e-01  -5.7712779e-01  -6.7393180e-01   1.9996711e-01   3.2464232e-01   7.4545773e-02  -1.3488425e-01  -1.6761070e-01   3.3398805e-01
  -2.9953638e-01   7.1596310e-01   5.7527678e-01  -2.3878900e-01   3.5305435e-01  -1.5641607e-01   3.4592221e-01  -1.6091296e-01   3.0039619e-01   7.7121109e-01  -5.5240031e-01   0.0000000e+00   2.4902769e-01  -4.0226405e-01   1.8513755e-01   1.6982767e-02   5.7450408e-01  -4.3577325e-01  -3.9754554e-02   6.1276396e-01  -7.0337472e-02  -2.6670135e-01   1.2580673e-01  -3.9130049e-01  -2.8790647e-01  -2.8891149e-03   1.5433499e-01  -3.7467965e-03   3.6774150e-01   1.0554339e-01  -9.1715467e-02  -2.8196745e-01   7.5474274e-02   6.1881429e-01   3.3821750e-01   3.0283088e-01   2.8200565e-01  -3.8802395e-01  -6.7556994e-02   7.9139590e-01   6.4394522e-02   1.8380357e-01   5.0684780e-01  -2.2566706e-01  -9.3144486e-02  -3.4137488e-01  -1.5854884e-01   2.7953303e-01   3.3721377e-02   7.4879851e-01  -4.3742602e-01  -1.3684533e-01   5.9189236e-01   3.2467116e-01  -1.2898278e-01  -1.2851777e-01  -2.4461944e-01  -3.6734746e-01  -3.4063474e-01   4.1239566e-01  -4.6981989e-01   2.8381175e-01   3.9909502e-01   9.2350032e-03   7.5006807e-02   2.9060560e-01  -3.9512815e-02   1.1857731e-01  -2.2769943e-01  -1.6418861e-01   6.7173848e-01  -4.6116909e-01   1.0291234e-01  -1.7953092e-01   1.8833209e-01   3.3313272e-01  -4.7534227e-01  -1.9039240e-01   4.5736083e-01  -7.4233261e-02  -1.0704098e-01   2.9004760e-01   2.7539979e-01  -8.1267235e-02   4.0979453e-02  -3.7974004e-01  -1.3201373e-01  -3.7361166e-01   1.9763726e-01  -3.2594587e-01   3.0519311e-01   1.3544236e-01   7.8532345e-01  -1.0334716e-01  -5.8306231e-01   5.5657571e-01  -2.2264250e-03  -3.2074157e-01   1.9760552e-01   4.8252755e-01   2.5226945e-01  -1.5300558e-01  -4.1367545e-01  -8.3938036e-02  -4.3858491e-01  -2.5456341e-01   3.0365297e-01  -2.2913702e-01   4.7214351e-01   1.1359533e-01   8.0624828e-01  -5.3518385e-01  -2.5770190e-01  -3.3325425e-01   2.2600840e-01   4.7065829e-01  -4.0749237e-01   3.6568971e-01   4.1441714e-02  -3.1782359e-01  -3.9548669e-01   4.9969202e-01   6.1115468e-01   6.2889660e-02  -4.7938022e-01  -3.3418839e-01  -2.8264224e-01   7.1727867e-02  -1.4231374e-01   7.8931690e-02   1.9907151e-01   1.3231750e-01  -2.2462889e-01   5.0652315e-01  -7.9129078e-02   2.6911477e-02  -7.8531606e-03   2.2068922e-02  -1.4343573e-01   3.8647796e-02  -2.6002828e-01  -1.2627416e-01  -4.0868786e-01  -1.6688310e-01   3.3837458e-01  -1.2221462e-01   8.0897779e-01   9.1709284e-02  -2.2987243e-01   3.6038191e-01   8.2793135e-02  -2.6937542e-01  -4.2627930e-01   3.1879872e-01   7.4957133e-01  -2.0650821e-01  -5.9553217e-01  -2.6102262e-01   8.3233165e-02  -5.3433106e-01   9.4758077e-02  -2.5970669e-01   2.1985283e-01  -3.8041267e-01  -2.3338946e-01   5.8396429e-01   2.8326117e-01  -1.4333479e-01  -5.1383630e-01   5.0408659e-01   6.8914233e-01  -4.4954145e-01  -2.7575570e-01  -5.7249399e-02  -1.4738448e-02  -8.7247156e-02  -2.5279448e-01
  -1.3001388e-01   2.4801895e-01   2.2718733e-01  -1.4269779e-01   2.8995498e-01  -1.1253423e-01   3.1596969e-02   2.1997541e-02   1.0243218e-01   3.3130351e-01   7.0608743e-02   2.4902769e-01   0.0000000e+00  -1.6219878e-01   2.0477537e-01   6.2542657e-02   2.6996680e-01   8.7777452e-02  -6.3805424e-02   3.4746612e-01   1.0905359e-01  -1.1173238e-01   7.6105486e-02  -2.4389880e-01   9.3292665e-02   8.2871763e-02   6.8981723e-02  -2.7227890e-02   6.4786400e-02  -1.1562352e-01   1.3688406e-01  -6.2064405e-02   1.1950152e-01   1.1733295e-01   7.7779787e-02   2.6930625e-01   1.0898132e-01  -1.3735356e-01   1.5576894e-01   3.5794310e-01   6.1915348e-01   1.2538348e-01   1.5626354e-01  -3.9014003e-04   2.0988869e-01  -2.0457256e-01   8.6640958e-02   5.4205458e-02   2.7821961e-01   3.1741539e-01  -2.3643570e-02   1.4113563e-01   1.9014495e-01   1.0663541e-01   9.3720297e-02  -4.6475312e-02  -1.9607562e-01  -1.3397039e-01  -8.5509006e-03   5.8858766e-02  -2.2779854e-01   3.2022705e-01   2.3606762e-01   1.8094172e-01   1.8686682e-01   7.9452533e-02  -3.0206652e-02  -7.1474118e-02  -1.2721471e-01  -1.2580039e-01   3.0582550e-01  -1.4773205e-01   3.7085093e-01  -8.1992264e-02   8.8832530e-02   2.3966490e-01  -2.6559682e-01  -1.2503826e-02   2.8483971e-01   1.3319476e-01   1.0047724e-01   2.8576748e-01   2.2539851e-01  -3.6025832e-02   9.5623056e-03  -6.1490501e-02  -1.0990274e-01  -1.1046944e-01   1.7415750e-01  -2.0452763e-01   9.5309546e-02   5.9696401e-02   1.5270100e-01  -3.5982530e-02  -2.3056943e-01   3.9589728e-01   1.7505971e-01  -2.5927428e-02   5.2471890e-01   2.3504547e-01   2.8548228e-01  -6.9909910e-04  -2.2419858e-01  -1.0601045e-01  -1.6057843e-01  -1.1003699e-01   2.3842591e-01  -1.3847213e-01   2.6987219e-01   7.7252426e-02   2.6878378e-01  -2.4927718e-01  -1.6238570e-01  -1.4151764e-01   2.0517754e-01   2.6190793e-01  -1.0888625e-01   6.5974060e-01   2.4932421e-02  -1.8266711e-01  -2.2025666e-01   1.9808519e-01   2.2091352e-01   2.3493426e-01  -2.5315028e-01  -1.6759956e-01   7.0067570e-02   1.7521132e-01  -1.3405037e-01   1.6568115e-02   4.5095363e-01   3.2509743e-01  -1.5309463e-01   3.1622381e-01  -1.6722781e-01   1.9246872e-01  -8.1791404e-02   9.0769009e-02   2.4108165e-02   1.6005338e-02  -1.3818959e-01   8.7650910e-02  -1.6237744e-01  -8.1180372e-02   2.2972601e-01   1.8182555e-01   2.9695863e-01  -1.2719994e-01  -1.3176306e-01   2.6418436e-01   4.4766606e-02   5.9158505e-02  -1.7989954e-01   3.4547795e-01   2.8611208e-01  -1.9067391e-01  -2.1589673e-01   2.7025885e-02   2.6382031e-02  -5.9682095e-02   1.1053905e-01   1.6553999e-02   1.6375926e-01  -1.7041113e-01  -1.2931363e-01   1.0591748e-02   1.8957130e-01  -9.8011468e-02  -2.5663616e-01   2.0020712e-01   1.3650681e-01  -1.5816954e-01   4.5186599e-02  -1.7310173e-01  -1.9192554e-01   7.0042165e-02  -1.7679465e-01
   2.1005403e-01  -4.2841524e-01  -2.7845198e-01   1.3811773e-01  -3.2400147e-01   2.0634427e-01  -4.3176375e-02   2.8763438e-02  -5.5495952e-01  -4.2906838e-01   2.2414476e-01  -4.0226405e-01  -1.6219878e-01   0.0000000e+00   1.4069505e-01  -5.4119650e-02  -3.4652550e-01   1.3716957e-01   3.5156571e-02  -4.2930878e-01  -2.9557744e-02   4.7212148e-01   5.6348542e-02   4.0458797e-01   2.1322118e-01  -2.5960545e-02  -5.2137858e-01   3.7535861e-01  -3.0473218e-01   1.7775845e-01  -8.8482850e-03   3.7812883e-01  -1.5801396e-01  -2.6077829e-02   1.4606885e-01  -2.4621495e-01  -2.4713575e-01   2.0854122e-01   8.6536411e-02  -4.8964652e-01  -1.4560440e-03  -2.1639382e-01  -5.3828809e-01   3.1007108e-01   3.8427363e-02   8.7116977e-02  -3.1691468e-01  -2.6858083e-01  -1.6970577e-01  -4.3734412e-01   3.3107576e-01  -1.3259206e-01  -3.9134411e-01  -1.0543647e-01   3.5151531e-01   3.5987682e-01   2.7382130e-01   3.9221838e-01   1.2115672e-01  -7.2114561e-02   2.1179233e-01  -1.0455024e-01  -4.8951223e-01   2.2455022e-02  -3.5418489e-01  -1.4085580e-01   6.1685340e-02  -1.2842446e-01  -8.0773007e-02   2.2566053e-01  -4.0289708e-01   1.6737694e-01  -2.4738840e-01   5.2867758e-01  -1.5226102e-01  -2.4687537e-01   2.2336437e-01   1.6064798e-01  -4.0428253e-01   8.7023313e-02   3.4391291e-01  -1.3315538e-01  -1.5014518e-01   1.3080539e-01   3.6129479e-01   4.8398908e-01   6.3802306e-01   3.7745819e-01  -3.1868023e-01   2.1666967e-01  -4.8616837e-01  -5.3585753e-02  -2.0107305e-01  -1.6002257e-02   2.9857491e-01  -6.2586158e-01  -1.0232800e-01   5.2582050e-02  -3.1158299e-01  -2.7216310e-01   2.2084763e-02   1.8405824e-01   7.2731685e-01   2.9872834e-01   4.1255916e-01   2.2149431e-01  -3.0063153e-01   5.0630107e-02  -4.4890876e-01  -1.8336006e-01  -1.7335212e-01   6.4155613e-01   8.6803793e-02   1.4246098e-01   2.1106497e-01  -4.6142232e-01   2.9279801e-01  -1.6558940e-01   3.8784029e-01   1.7461183e-01   1.7376825e-01  -5.2875100e-01  -3.5823115e-01  -6.4973260e-02   3.3215415e-01   6.8149975e-01   3.9510731e-01  -1.7032277e-01   6.6887604e-02   7.6012275e-02  -2.3580912e-01  -2.4006465e-01   5.0611285e-01  -4.0330906e-01  -5.5348171e-02  -2.7576126e-01   1.2280015e-04   3.6151932e-01   1.0119955e-01  -5.6309845e-02   1.7391294e-01   9.7593323e-02   2.9850239e-01   5.6108287e-01  -1.5354406e-02   2.3088076e-01  -4.5534614e-01  -3.0526341e-01   2.8612884e-03  -2.7404123e-01   4.3737010e-01   4.1856889e-01   2.4216252e-01  -4.3332912e-01  -2.6651459e-01   7.4487276e-03   2.4693709e-01   1.0592055e-01  -5.2732778e-02   6.0757787e-01  -2.0210089e-01   9.5601350e-02  -4.4632975e-01   3.8706979e-01   1.9151586e-01  -4.0995834e-01  -1.6525370e-01   2.4386264e-01   3.3041569e-01  -2.8005095e-01  -4.3262402e-01   2.1561953e-01  -5.3954873e-02   3.3054710e-01  -1.4959895e-01  -1.7755289e-01   2.7942062e-01
