   0.0000000e+00  -1.2397119e-01  -1.4443828e-01  -3.2729841e-02  -1.6050180e-01  -2.2554672e-01  -2.6607770e-02   1.1136643e-01   2.0567675e-01   7.9771905e-03  -1.1263167e-01  -2.2770578e-02   7.7671153e-02  -1.0465029e-01  -8.2872631e-02  -9.9185830e-02  -1.8343540e-01  -1.7258297e-01  -1.4289897e-01   4.9131738e-02  -3.5474199e-02  -9.3091317e-02  -1.0131250e-01   3.6778949e-01   7.6353552e-02   8.7207067e-02  -1.4125727e-01   2.3528061e-01  -2.2963085e-01  -2.9530117e-01  -9.2426447e-02  -8.9416285e-02  -6.2347515e-02   1.3846642e-01   1.6551600e-02  -1.2606889e-01  -8.2409441e-02   4.2582717e-01  -2.6749405e-01  -1.1570832e-01  -6.6620441e-02   2.2437982e-01   9.6343029e-02  -2.3950960e-04  -8.0210976e-03   4.4426070e-01  -1.6854304e-01  -6.0661038e-03  -1.4516914e-01  -4.6938787e-02  -9.0046938e-02  -7.1532957e-02   8.5230971e-02   2.9158766e-01   7.7314976e-02  -5.1442335e-02  -9.7655433e-02   2.0436266e-02  -1.3707730e-01  -4.7238794e-02  -8.9996438e-02   9.4721661e-02   1.1433914e-02   1.0098785e-01  -1.1755317e-01  -1.4033504e-01  -2.3957827e-01   2.3232487e-01  -1.4605182e-01   9.5432525e-02  -7.1502886e-02  -1.4161867e-03   1.6424404e-01   2.7623709e-01   2.2622643e-01   3.8704111e-02   2.8473608e-01  -2.4605146e-01  -2.3305368e-02   7.5393964e-02   9.5623375e-02   7.0406316e-02  -1.0783030e-01  -3.5667857e-03  -1.6368109e-01   5.4924240e-02   1.8076571e-01  -2.0318739e-02   6.6574802e-02   6.2000638e-01  -6.8834944e-02   2.2632333e-01  -2.6645415e-02   1.1030011e-01   4.3296860e-01   1.1807298e-01   3.9693128e-02  -8.6049190e-02   4.2010047e-02   1.2515833e-01  -2.0920847e-01   2.2971282e-02  -3.0595132e-01   6.6759256e-02   9.8179127e-02  -9.2275052e-02   1.9264898e-01  -1.6903111e-01   1.9376392e-01  -1.8038005e-01  -5.2792752e-02  -7.8830996e-02   4.4757574e-02   7.2059264e-01   8.2366603e-02   3.7368359e-02  -1.8835267e-02   1.7878904e-01  -5.1423813e-02  -7.9613823e-02   3.9710904e-01  -4.9755741e-02   3.8698637e-02   5.7292879e-02   4.8900141e-01  -1.5725184e-01  -6.1685927e-03   2.0724754e-01  -1.6262722e-01  -2.1521655e-01   1.1427021e-02  -1.1456154e-01   1.3305885e-01  -7.1917249e-02  -1.4960292e-02   1.2265366e-01  -1.3877111e-01  -4.7283223e-02   8.8787347e-02   3.6363866e-01   2.4905570e-01   1.0898703e-01   6.2057067e-02  -2.1515687e-01  -8.2829770e-02   5.5953268e-02  -8.0332982e-02  -1.0212644e-02   1.2500533e-01  -6.1863230e-02   4.5124953e-01  -1.6100974e-01   6.1857270e-01   4.6553411e-02  -2.1553021e-01   3.2330184e-01   1.8367065e-01  -6.0880028e-02   1.5232525e-01  -1.4661567e-01   7.5305151e-02   5.8105424e-03  -1.1451887e-01  -2.0915300e-01  -6.2684080e-02   2.7726273e-02  -7.4181227e-03   1.2509108e-01   2.1141360e-01  -4.3618593e-02  -1.4601107e-02   2.5648827e-01  -1.7654666e-01  -3.3481834e-02  -1.6189348e-02  -2.0216219e-02  -5.4481356e-02
  -1.2397119e-01   0.0000000e+00   5.3754098e-01  -2.8008830e-01   5.5390901e-01   2.6982515e-01   1.7372909e-01   2.2805253e-01   2.6113218e-01  -2.3561127e-01   1.3914334e-02   6.3601682e-01  -1.5590201e-01  -1.8034605e-01  -4.5380039e-02  -9.6576390e-02   4.3681072e-01   3.4719030e-02   1.4870303e-01   3.1297245e-01  -1.7701720e-01  -2.3739089e-01  -3.5241386e-01  -1.9703664e-01  -3.2344530e-02   1.4343001e-01   1.1467780e-01  -1.7089780e-01   6.5355238e-02  -6.3668177e-02  -9.0548716e-02  -9.4440825e-02   7.8753365e-02   1.9447083e-01   3.4937322e-01   7.9549583e-02   3.6098415e-01  -1.2437574e-01  -8.7347693e-02   4.4598341e-01   7.4140002e-02  -1.4047326e-01   2.5605234e-01   1.6102522e-01  -1.5517184e-01  -6.7553305e-02  -1.0606436e-01   3.3323812e-01   4.0204241e-01   4.1815939e-01  -1.2248159e-01   1.4500394e-01   5.3911144e-01  -1.2203456e-02   8.5681178e-02   2.7279360e-02   2.6335165e-01  -3.3931799e-01  -1.6973853e-02   2.4084613e-01   5.5741502e-02  -6.3184805e-02   4.9526946e-01   1.7901347e-01   1.0471000e-01  -3.0960763e-01   1.1093731e-01  -4.6578673e-02  -2.5062010e-01   1.8609569e-01   6.7878905e-01  -3.1205866e-01   2.5180252e-01   1.6491681e-01   2.6622677e-02  -2.6867333e-01  -9.2090810e-02  -1.3228906e-01   5.9212336e-01  -8.4807533e-02  -3.8779709e-01   3.0718009e-01   3.1508507e-01   1.8859227e-01   5.7788618e-01  -3.0045003e-01   6.3354266e-01   4.0280993e-02   2.3787310e-01  -1.2318438e-01   5.8793718e-01   1.3246794e-01   5.3855463e-01   6.4410149e-02  -3.5126814e-02   4.2291612e-01   1.2870752e-02   1.3818012e-01   1.6750823e-01  -3.6800719e-02   1.3520489e-01  -2.1492138e-01  -2.2274334e-01   3.8389366e-01  -4.0055862e-01  -6.9931314e-03   1.6867923e-01   9.8136242e-02   2.9035148e-01   4.7956917e-02   2.5491383e-01  -3.2168454e-01  -2.7770056e-01  -6.2048328e-02  -2.9903477e-01   6.2703418e-01   2.5344064e-02   6.4218788e-02   6.9061315e-02  -1.0142547e-01  -2.0207492e-01   5.6052979e-01   3.2149726e-01   5.0452193e-01  -2.2225669e-01  -3.9614110e-01   1.8848100e-01   7.2760971e-03  -3.2843449e-01  -5.0822700e-02  -9.3211289e-02   5.0729538e-01   5.0953062e-01  -1.9093783e-02  -2.6413828e-01  -1.7744289e-01  -5.2597785e-02  -2.7759737e-01  -8.6698460e-02  -1.8547404e-01   5.0484755e-02  -8.5012460e-02  -1.0131039e-01   3.1827354e-02   1.4333175e-01   7.6991109e-02   4.3295957e-01   1.7041217e-01  -1.5717092e-01  -7.2899192e-02  -2.5393648e-01  -2.0112638e-01  -9.7307341e-02   3.8648504e-01   7.8551051e-01  -2.6599089e-01  -9.0535410e-02   3.0757207e-02   2.7352891e-01  -3.7085210e-01  -3.0876141e-02   7.9591183e-02  -2.9513409e-01  -2.1697094e-01   1.0444792e-01   6.0983002e-01   1.7701316e-01  -5.9973306e-02   6.1872498e-02   6.6872895e-01   5.9172817e-01  -2.7607338e-01  -2.3767115e-01   3.1455100e-01   1.0503384e-01  -5.9460706e-02   8.9113154e-02
  -1.4443828e-01   5.3754098e-01   0.0000000e+00  -3.4778503e-01   2.5195787e-01   3.7253240e-01   1.9466355e-01   6.8319863e-02   2.2446582e-02  -1.0951292e-01  -2.5073653e-01   5.4776698e-01  -1.2023096e-01  -2.0579412e-01   1.4629348e-01   1.7875055e-01   7.2837366e-01   1.1819490e-01   1.9832034e-02   2.6056321e-01  -2.8475103e-01  -1.6590307e-01  -7.8434048e-02   1.4830004e-01   8.4598723e-02   1.5919222e-01   4.1517823e-02   1.8048716e-01  -5.2477870e-02  -1.1272018e-01  -1.3066778e-01   6.4826755e-02   7.8621561e-02   2.5465228e-01   1.6890143e-01   1.8777273e-01   1.9367863e-01   1.5915518e-01   1.1138782e-01   4.9343915e-01   1.2524368e-01  -1.9189521e-01  -2.7425610e-03  -1.4262887e-01  -8.1368874e-02   1.7415270e-01   5.5284432e-03   1.0653367e-01   1.8788732e-02   5.5980497e-01  -2.4757233e-02   8.2341160e-02   2.5485600e-01   7.4783186e-02   6.3451533e-03  -9.2108496e-02   1.8696451e-01  -3.0529589e-01   9.9459789e-02   3.1737169e-01   2.8003549e-01  -2.8566134e-01   1.7367712e-01   4.3779193e-02   8.1812117e-02  -3.1770109e-01   1.6439906e-01  -2.1172911e-01  -1.0222372e-01   5.4727621e-01   3.7861433e-01  -3.8987668e-01   8.5305104e-02   3.4269552e-01   1.8028560e-01  -3.8359362e-01   1.8127862e-01  -2.5211210e-01   4.3068980e-01  -3.1000001e-01  -6.5989282e-02   8.2529391e-02  -1.0090088e-01   7.3239423e-02   3.8485787e-01  -3.2572638e-01   1.4268063e-01   1.8748075e-01   6.5735505e-02   5.1821708e-02   2.4697130e-01   3.6846169e-01   2.9912200e-01  -3.2582396e-02   1.4924165e-01   3.3959802e-01  -1.2453258e-01  -7.7531584e-02  -1.6371241e-01  -1.7984809e-01   1.2932099e-01  -6.0693403e-02  -1.2381073e-01   1.5067215e-01  -1.8173735e-01   2.8592335e-02   9.5980089e-02   7.3770271e-02   2.0708569e-01  -1.7828246e-02   9.2329340e-02  -3.1413478e-01  -4.4126848e-01   5.5982800e-02   2.0320112e-01   1.7173435e-01  -2.2539015e-01  -3.7181720e-02   3.2493057e-01  -3.0042331e-01   1.5985543e-01   3.5921632e-01   1.4229163e-01   1.0637287e-01   6.2358278e-02  -1.5907456e-01   2.1988552e-01  -6.8848437e-04  -3.3074918e-01   1.9393658e-01  -1.4634918e-01   4.8419404e-02   2.3439718e-01  -2.2721912e-01  -4.0783697e-01  -5.9929320e-03   7.2345544e-02  -1.1551491e-01   5.2915540e-02   1.3005989e-01   2.2711627e-01  -9.8952248e-02  -3.0140625e-01   3.3327482e-01   9.8322837e-03  -2.5268262e-01   4.0698565e-01   1.2410388e-01  -1.2724603e-01  -2.8622165e-02   1.2608576e-02  -7.4373429e-03   6.4981911e-02  -1.6231461e-01   6.4328114e-01   1.2825126e-01   3.0625964e-01   1.8466445e-01   3.1205984e-01  -1.8856549e-01  -1.8526873e-01  -1.5487480e-01  -3.9316764e-01  -1.1731878e-01  -9.2877145e-02   2.0764060e-01  -2.0219171e-01   2.2882606e-01   3.2355211e-01   2.0035019e-01   2.9083135e-01   1.0706100e-01  -2.7502929e-01   4.6441137e-01  -6.2210809e-02  -3.3451577e-02  -6.7742179e-02
  -3.2729841e-02  -2.8008830e-01  -3.4778503e-01   0.0000000e+00  -1.3485017e-01   3.5240417e-02  -1.5171309e-03  -3.0781014e-01   1.7238945e-01  -3.4627366e-02  -4.0279233e-02  -2.1025407e-01   1.5284368e-01   1.0709560e-01   3.1267808e-01  -1.6267376e-01  -1.0622585e-01   2.1142696e-01  -2.0068679e-01  -8.5099598e-02  -5.3264655e-02   4.9416035e-01   6.9622322e-02  -5.2967145e-02  -4.7080841e-01  -2.5026373e-01   1.2093345e-02  -1.7620237e-01   1.0876381e-01   3.0322533e-01   2.4349534e-01   1.0902835e-01   1.4775235e-01  -2.3778821e-01  -1.5192782e-01   9.2763689e-02   1.0130575e-01  -2.2001027e-01  -2.8775448e-01  -2.8936625e-01   1.6385932e-01   5.8102330e-02  -2.2181832e-02  -2.6389968e-01   4.1561543e-01  -1.3624471e-02   2.0942150e-01   1.4714759e-01   4.5345798e-02  -2.8531875e-01   2.6317487e-01  -1.1550412e-01  -2.9539912e-01  -2.5338714e-01  -1.8190950e-01  -2.5209820e-01  -1.8405681e-01   4.1169462e-01   3.1740959e-01  -6.1095857e-02  -1.2811477e-01   2.3542523e-01  -2.7438998e-02  -2.7575947e-02   2.1250912e-01   3.8452807e-01   2.6074484e-01  -4.2532360e-02   1.6652186e-01  -1.0551122e-01  -1.2901197e-01   6.9420758e-01  -1.8372787e-01  -1.9804596e-01  -1.9403184e-01   1.6142732e-01  -7.0051335e-02   7.0571777e-02  -2.0828985e-01   2.6081072e-02   1.6974841e-01  -1.6128196e-01  -1.9964649e-01  -3.0941972e-01  -3.0719509e-01   1.5603689e-02  -1.0842266e-01  -2.1289764e-01  -3.7404655e-01  -1.4686702e-01  -1.1378563e-01  -2.2520734e-01  -3.2275998e-01   3.0855972e-01  -2.6821462e-01  -2.3890309e-01   3.5089292e-01  -1.2992961e-01   1.6071060e-01   2.1902941e-01   1.6210813e-01   1.8708571e-02   3.8781960e-01   2.2325216e-01   2.6701729e-01   9.3193458e-02  -2.1144155e-01  -4.9184047e-02  -8.8058847e-02   2.7207529e-02  -3.2646278e-01   3.6262487e-01   4.7488058e-01  -1.0895384e-01  -1.1408027e-01  -3.4822458e-01   9.8478849e-02  -8.5961278e-02  -7.3821491e-02   6.5335059e-01  -1.4954617e-01  -1.6993650e-01  -5.5897642e-02  -4.1423406e-01  -9.3335210e-02   3.0918531e-01  -2.0919106e-01  -3.8188002e-01   5.4318859e-01   1.9882416e-01  -1.3526527e-01  -2.8269713e-01   1.0772183e-01   2.2734031e-01   5.7926315e-01   7.7751247e-02  -2.3185700e-01   9.3843748e-02   2.1782462e-01  -2.5782537e-02   7.8538042e-02   1.5977610e-01   1.1318549e-01   3.8200170e-02   5.4268475e-02  -8.5874541e-02  -3.1387695e-01  -2.1557012e-02  -9.5405559e-02   6.1532578e-03  -1.3163848e-01   1.3266242e-01  -1.2370476e-01  -2.5211739e-01  -2.2930756e-01  -4.7071994e-02  -2.2316465e-01   2.5538508e-01  -1.2443961e-02   4.2724361e-01   9.1045560e-02  -1.7607666e-01   2.5641347e-01   3.8886996e-01   8.2722733e-02  -3.8857009e-01  -9.8213495e-02  -6.0044399e-02  -3.0381804e-01  -3.5503011e-01  -2.0037866e-01  -5.2377439e-02   5.2416008e-01  -2.0880752e-02   4.2615025e-02   1.3252177e-01   2.0234900e-01
  -1.6050180e-01   5.5390901e-01   2.5195787e-01  -1.3485017e-01   0.0000000e+00   2.0554780e-01  -1.3603567e-01  -2.3231823e-02   3.9976823e-02  -4.7489447e-01   1.2169718e-02   2.5902169e-01   3.0101389e-02   5.4980321e-02  -2.1241506e-01  -1.2429563e-01   1.8296527e-01  -6.6533732e-02   1.1223211e-01   5.8410407e-01  -4.6255261e-02  -1.2329026e-01  -3.9174873e-01  -2.5432749e-01  -9.1817052e-03   6.0405562e-02   2.1944698e-01  -1.1558043e-01   7.3089445e-02   9.2889971e-03  -1.6894804e-01  -2.4987938e-01   1.0686855e-01  -1.9714698e-01   1.9841841e-01   2.4234716e-01   1.8190764e-01  -1.1063272e-01  -4.5201135e-02   3.2063662e-01   5.3066714e-02   3.9818640e-03   2.5900055e-01   2.0298361e-01  -1.7341619e-01  -1.3455736e-01   2.3597809e-01  -5.6459682e-02   4.4439813e-01   1.5872276e-01  -2.1290581e-01  -8.9725915e-02   2.7382347e-01   3.2740377e-02   9.5700942e-02   3.5156839e-02   2.0057018e-01  -2.5754448e-01  -3.1528330e-02   6.7834661e-02   1.2761243e-01   9.9209398e-02   3.7155112e-01  -1.3186345e-02   6.4070637e-02  -1.1061786e-01   1.5563260e-01   1.2837628e-01   6.3347588e-02  -2.3352513e-02   4.4624579e-01  -5.8328160e-02   1.5684921e-01   5.7507241e-03   5.1662652e-02  -3.0867005e-01  -3.9676340e-02   4.7773382e-03   6.4497302e-01   4.5200765e-02  -4.4098638e-01   1.1056393e-01   2.0395484e-01   1.7022512e-02   3.5555058e-01  -2.9101965e-01   2.5842488e-01  -7.3140509e-02   3.2115338e-01  -1.6502413e-01   7.2353151e-01   1.0002886e-01   2.6887760e-01  -8.0050814e-02   6.6553781e-02   5.6998568e-01   1.5769147e-01   1.0859247e-01   3.0766713e-01  -1.6996463e-01   7.7265715e-02  -3.3999338e-01  -1.4057432e-01   3.1211455e-02  -2.6847408e-01  -2.1057424e-01   1.6141688e-01   1.2199827e-01   2.1919065e-01   2.0958597e-01  -2.0083902e-02  -1.8517290e-01   9.4063554e-03  -1.4500835e-01  -3.1891889e-01   4.6250177e-01   6.4288463e-02   1.2903459e-01   2.0951825e-02   5.1547517e-03  -2.1159285e-01   7.6660050e-01   3.3847505e-01   2.6344116e-01  -2.1140516e-01  -2.3295750e-01  -1.8569184e-01   1.1669684e-01  -1.6811364e-01  -1.3564315e-01   3.8702933e-02   3.2567573e-01   2.7564965e-01  -5.7544691e-02  -3.7798959e-02  -3.0008284e-01   1.7685709e-03  -3.6201879e-01  -1.7400891e-01  -9.6429877e-02  -1.4488961e-01   1.2545539e-01  -2.4233173e-02   4.6807020e-03  -1.2053744e-01   1.1536634e-01   1.1886026e-01   1.5933765e-01  -1.6221129e-01  -3.9720245e-02  -3.6011427e-01  -2.0642695e-01  -1.4461384e-01   2.2163313e-01   4.0041150e-01  -2.3298393e-01  -4.5570680e-02  -1.1088438e-01   9.4592079e-02  -3.3445335e-01   1.7011228e-01  -3.2930490e-02  -1.2198372e-01  -6.0144124e-03   7.6152863e-02   3.5474981e-01   6.1574195e-02  -5.5720728e-02  -1.1078621e-01   6.1192148e-01   6.1734378e-01  -1.1864177e-01   9.0791224e-02   1.1105223e-01   1.5146834e-01   2.6281776e-01   1.4260377e-02
  -2.2554672e-01   2.6982515e-01   3.7253240e-01   3.5240417e-02   2.0554780e-01   0.0000000e+00   1.8045891e-01   2.1821081e-02  -1.1515850e-01  -6.2280617e-03   1.8295927e-01   2.0558788e-01  -7.7096003e-02   4.9608851e-02   1.9999507e-01   2.0087561e-01   4.2801199e-01   5.5449629e-01   2.4207306e-01   2.1190691e-01   4.2477096e-02   1.1543940e-01   6.2312109e-02   6.9324407e-02   3.1870101e-02   2.2159144e-01   2.9864602e-01   3.1234834e-01   1.9419503e-01   2.5017837e-01   5.0374445e-02   1.2257675e-01  -1.5116814e-01  -4.4564176e-03  -6.0906922e-02   3.8919259e-01   2.1481316e-01  -3.0587499e-02   1.3075301e-01   1.0453160e-01   5.0156539e-01  -3.5791053e-01  -6.5920942e-02  -2.9409094e-02   1.9189702e-01   6.5532104e-02   3.1222138e-01   3.1538549e-01  -9.9402120e-03   3.5226458e-01   4.0298828e-01   2.9396173e-01   1.8557414e-01  -7.3213758e-02   6.3696694e-02   9.6197763e-02   3.8986550e-01  -6.8577328e-03   4.7209868e-01   2.4277509e-01   1.0405803e-01  -1.5342439e-01  -3.2947546e-02   1.6423103e-01   1.2522296e-01   2.7248682e-01   6.9924468e-01  -2.3594886e-01   3.8899889e-01   1.0658838e-01   4.7676342e-02   1.8268758e-02   1.6968433e-01   9.3547069e-02   1.6160641e-01  -3.3020034e-01   1.2124337e-01   2.9131124e-02   2.1374965e-01  -7.0673634e-02   2.3645723e-01   9.2453007e-02  -1.4729451e-01   1.1499143e-01   1.2124831e-01  -2.4634740e-01  -5.5044941e-02   2.5405887e-01  -1.5165276e-01  -1.6984139e-01   1.0382090e-01   1.1890232e-01   2.1645122e-01   1.3740770e-02  -2.7252811e-02  -1.0542799e-03   6.4725989e-02   8.3972343e-02   2.4230978e-01   2.7585036e-01  -1.6493722e-02   2.9437573e-01   2.1722970e-01   1.7778093e-01   1.5888867e-01   1.8377006e-01  -1.3794171e-01   4.4259460e-01   3.3636814e-03   4.6579719e-01  -2.5600622e-02   2.0381684e-01  -1.6996313e-01  -2.3245034e-01   9.3675347e-02  -6.0973542e-02  -8.9592026e-02  -3.4921324e-03   3.6572062e-01   1.4192310e-01   4.2272453e-02  -3.6914567e-02   1.0535850e-01  -1.2717351e-02  -1.3833855e-01   8.4145153e-02   1.2057410e-01  -2.4659339e-01  -9.4980144e-02   1.5266985e-01  -5.2021960e-02  -3.8480561e-02   2.0573682e-01   1.4173123e-02  -8.9837887e-02   1.2212607e-01  -1.0337691e-01  -1.0541558e-02   2.4541247e-01   3.0979208e-03   3.1809634e-01  -1.5103496e-01  -5.9714471e-04   4.7523240e-01  -1.4921210e-01  -1.1173241e-01  -2.4653595e-02   3.1241283e-01   3.9234196e-01   2.6844572e-01  -2.3496624e-01   3.9332337e-01   1.4367722e-01  -3.1317845e-01   4.4306657e-01  -2.5605918e-02   2.2962779e-01   5.3584272e-01   1.1647738e-01   2.6984528e-01  -1.4273095e-01  -2.4929326e-01   1.0607169e-01   3.1113986e-01   3.4281066e-01  -4.9980838e-02  -5.1776389e-02   3.0598116e-01   2.7409918e-01   3.3379669e-02   7.8737135e-02  -1.4559049e-01   3.3848638e-02   6.0974928e-01   5.3590785e-02  -2.4151210e-02   1.3038360e-01
  -2.6607770e-02   1.7372909e-01   1.9466355e-01  -1.5171309e-03  -1.3603567e-01   1.8045891e-01   0.0000000e+00  -1.6980190e-01   9.1281980e-02   5.3162198e-01  -9.5047869e-02   5.9131937e-01   2.0886881e-03  -3.9818589e-01   3.0375260e-01   1.2367332e-01  -4.4603095e-02   8.3996989e-02  -2.1384549e-01   3.0559345e-01  -2.0127501e-01  -1.0890516e-01   3.9117023e-01  -5.3338426e-02  -4.2662298e-02  -1.3614390e-01   3.1190541e-01  -6.1583884e-02  -5.9028180e-02  -5.7277643e-02  -4.0011707e-02  -9.5262906e-02   8.3038124e-02   6.7632120e-01   5.0016285e-01   4.0208572e-01   1.0598508e-01   1.0868316e-01  -1.9624183e-01   1.2399820e-01  -5.2779731e-02   4.2942408e-02   6.7190449e-02  -1.5445113e-01   4.9942360e-01  -8.1622015e-02  -1.4579899e-01   1.7078794e-01  -7.8818120e-02   2.1106290e-01   1.3509938e-01  -2.6217478e-02   7.2067643e-03  -1.3926059e-01  -3.0704369e-01  -2.4507951e-02  -2.0249109e-01  -3.1959451e-01   3.2881406e-02   2.5475741e-01  -9.0792412e-02   2.8069480e-01  -2.1945906e-01  -2.3473931e-01  -1.4436147e-01   7.9538159e-02  -7.9679102e-02   5.2503287e-03  -2.4472104e-01   2.4625581e-01   1.0277556e-01  -1.9298603e-02  -1.2118832e-01  -7.2489320e-02  -1.9564137e-01  -7.8321109e-02   3.0502456e-02   1.0871250e-01   9.4787071e-03  -2.2795081e-01   3.2746062e-01  -7.5550991e-03  -1.1869154e-01  -1.1600678e-01  -1.4401647e-01  -1.0344043e-01   6.6134571e-02  -2.8640225e-01  -3.8140886e-01   8.5001623e-02  -1.2874770e-01   2.6300999e-02   4.8213577e-01  -9.1753182e-02  -8.5068578e-02  -1.8420880e-01   5.5386608e-02  -4.9942480e-03   2.3729035e-01   3.0115259e-01  -2.1953593e-01   2.1273328e-01  -9.2642305e-02  -2.4543203e-02   3.2339285e-02  -5.6260118e-02  -3.8981427e-01  -8.6245891e-02   3.8163142e-01  -1.9472723e-01   4.2228086e-01  -2.2663049e-02  -2.1610365e-02   6.3968626e-03   2.0287175e-01  -2.7753922e-01   1.5849465e-01  -1.1949443e-01  -2.3272314e-01  -1.3258294e-02  -1.2518738e-01  -1.1998182e-02  -1.2622542e-01  -1.7698132e-01  -3.2796181e-02  -1.6071890e-01   2.5539730e-01  -3.7054495e-01  -2.4149774e-01  -1.4460425e-01   3.1906223e-02   1.5240111e-01  -1.2992851e-01   1.9974410e-02  -8.2417279e-02  -5.5775072e-02  -9.6687503e-02  -1.6760247e-01   3.0693324e-02  -2.5353045e-02   4.2603640e-02   2.7309438e-02   6.4325897e-02  -1.9371416e-01   3.9487985e-01  -1.3113812e-01   7.2279783e-01  -5.1135098e-02   2.2630058e-01  -3.2464768e-01   1.4984780e-01  -1.5879100e-01  -5.6473481e-02   1.3922498e-01   2.3525196e-01  -1.2683854e-01  -1.7818565e-01   2.1602013e-01   1.1262509e-01   2.1395019e-01   8.0470661e-02   9.1530108e-02  -2.1072985e-01  -8.8770150e-02   7.2412982e-02   2.7010675e-01   4.2434542e-01  -1.9436009e-01  -6.9498923e-02  -2.2542833e-01   1.1100509e-01  -1.6927711e-01  -1.4229269e-01  -5.5734278e-02  -1.2443799e-02  -2.5640805e-02  -1.7668427e-02
   1.1136643e-01   2.2805253e-01   6.8319863e-02  -3.0781014e-01  -2.3231823e-02   2.1821081e-02  -1.6980190e-01   0.0000000e+00  -1.7512765e-01   1.0437245e-01   4.1272907e-01  -1.5776953e-03  -2.2786758e-01   6.4096977e-03  -3.8228409e-01  -4.1021270e-02   1.2338386e-01   5.6106592e-03   4.7296639e-01   3.0916879e-02   3.4010456e-01  -3.6426376e-02  -4.4823897e-02  -3.9577919e-02   2.3635477e-01   7.6260018e-01  -1.0226884e-02   9.8789237e-02  -3.1991940e-01  -7.7259663e-02  -3.5700675e-01   1.8930346e-01  -2.6117198e-01   1.8890418e-01  -1.9437239e-01  -1.1790013e-01  -1.8845593e-01   4.2755973e-02   8.2119113e-02   4.1359299e-01   5.6080529e-02  -1.5890791e-01  -5.1642177e-02   5.4593147e-01  -3.7529486e-01  -1.5081645e-01  -2.1471085e-01   5.9596723e-03  -1.8681627e-01   3.1915099e-01   1.3572511e-02   6.8055502e-01   3.5875766e-01   3.3331778e-01   3.5975878e-01   4.5713000e-01   6.3243794e-01   1.6902094e-01  -9.0301154e-02  -3.1923330e-01  -6.3119322e-03  -2.8256516e-01   1.2515727e-01   3.6510879e-01  -3.1277413e-01  -4.3182885e-01  -1.1866722e-01  -3.8484985e-02   1.7964456e-02  -2.9911197e-01   7.8708294e-02  -3.4701607e-01   5.8885220e-01   7.3590880e-02   3.1108166e-01   2.6074843e-01   7.5765679e-02   9.0208632e-02   1.0739395e-01   4.2990999e-01   5.3974449e-03   3.3046461e-01   2.8520659e-01   7.8171719e-01   2.0337589e-01   2.4389231e-01   6.4428923e-02   3.1296152e-01   1.8880522e-01   4.8113299e-03  -1.6254293e-01  -8.2768268e-03   1.6736594e-01  -2.2274849e-01   2.1445168e-01   2.1748387e-01   5.6990211e-02   5.2921333e-01  -6.6561817e-03  -6.2738190e-02  -2.9941873e-01   3.1937886e-01  -1.2504686e-01  -1.2412397e-01   3.3603129e-03   4.0992365e-01   4.7071052e-01   6.1043420e-01   5.6193277e-02   1.1459371e-01   3.8900290e-01  -4.2179061e-02  -1.2760370e-01  -2.8829280e-02  -3.9873949e-01   4.9574296e-01   1.3558569e-01   2.6714155e-01   4.5928985e-02  -1.6824401e-01   1.6916722e-01  -1.0596861e-01   7.4124979e-02   4.9845074e-01  -2.1071095e-03  -2.0046359e-01   3.8702240e-01   2.7928914e-01  -1.4460896e-02  -4.7201403e-01  -1.2332361e-01   3.8958054e-01  -9.7760190e-02  -2.7206122e-01  -3.8272987e-01   3.2718629e-01   1.9915143e-01  -3.4368947e-02   7.5582958e-02  -1.0437427e-01   6.6372998e-02  -4.9392303e-01   1.3931520e-01  -6.1169570e-02   5.4002476e-02   2.9068859e-01  -1.5232587e-02   2.5083582e-01   3.1898032e-02   7.3363879e-02  -5.9246359e-02   2.7216754e-01   2.6907891e-02   2.2993351e-01   2.8457814e-01  -5.7260149e-02   3.2854354e-01   6.1504034e-02   8.9129747e-02  -1.8371357e-01  -9.2641869e-02   3.3008928e-01  -1.9219412e-01  -2.9332251e-01   4.1962041e-01   4.3210034e-01   1.6388780e-01   2.6549715e-01   4.9462493e-01   3.2615417e-01   7.4594847e-02  -1.5789569e-01  -5.0456301e-01   3.2175034e-01  -1.9978168e-01  -9.8906797e-02   3.1555554e-01
   2.0567675e-01   2.6113218e-01   2.2446582e-02   1.7238945e-01   3.9976823e-02  -1.1515850e-01   9.1281980e-02  -1.7512765e-01   0.0000000e+00   3.3872587e-02  -3.0919815e-01   2.0928681e-01   9.2441236e-02  -4.2093013e-01   2.4897620e-01   7.8158099e-02   1.0017800e-01   1.2532999e-01  -3.3586751e-01  -2.6228781e-02  -2.6956404e-01  -1.8302597e-02  -1.5866360e-01   7.8191733e-02  -2.9435192e-01  -1.8414661e-01  -4.8597026e-02  -9.5453252e-02   1.8586037e-01  -2.8699202e-01   2.2352338e-01   5.5430647e-02   3.8526564e-02   1.0788666e-01   3.9077886e-01   7.6275507e-02   4.5197657e-01  -3.1573064e-02  -1.3418522e-01   5.0790463e-02   1.0543271e-01  -1.8387016e-02   1.8752732e-01  -3.7764616e-01   1.3579419e-01   2.0568043e-01   5.6158347e-02   1.8442173e-01   2.9409322e-01  -3.6481400e-02   3.1776138e-02  -2.0767708e-01   2.0749272e-01  -2.0825996e-01  -2.8224132e-02  -3.6509521e-01  -2.0210408e-01  -5.4780871e-02   1.9637355e-01   2.3242893e-01  -8.2571416e-02   1.1167108e-02   3.3885661e-01   1.4200398e-01   3.2266223e-01   3.0195507e-02  -6.4745475e-02  -1.0908828e-01  -3.3611732e-01   2.0016743e-01   4.4504912e-01   3.5156085e-02  -1.7905512e-02   8.3346464e-02  -8.9805400e-02  -2.4299574e-02  -2.9172813e-02  -3.4765577e-01   9.5898145e-02  -2.8166365e-01  -8.5436700e-02  -9.2335215e-04  -1.3448709e-01  -1.6109211e-01   7.1016687e-02  -1.3407411e-01   5.7533212e-01  -1.9540712e-01   6.6411880e-02   1.5430506e-01   2.7700587e-01   1.0349318e-01  -8.5979976e-02   6.3411339e-01  -7.1489138e-02   1.6545731e-01  -1.4534607e-01  -2.5607297e-01  -8.6324192e-02   2.0191939e-01   2.2230537e-01  -1.6484864e-01  -1.6234877e-01   6.8117116e-01  -7.6544429e-02  -1.3582720e-01  -6.2635338e-02  -2.5799401e-01   2.7212990e-01  -3.4717852e-01  -1.4913636e-01  -2.7750091e-01  -2.0856642e-01   2.5369653e-01  -1.5863461e-02   1.9514266e-01  -1.6917093e-01  -8.3861939e-02  -1.9059121e-01   1.1381580e-01  -7.3187497e-02   2.0698849e-01   1.8293222e-01   9.4018183e-02   7.9476636e-02  -1.3232022e-01  -1.0311418e-01  -1.5036289e-01  -2.4060245e-02   4.5462379e-02   5.2077070e-02  -1.0093218e-01   5.1338537e-01   2.0770648e-01   1.7954520e-01  -3.6005966e-02  -3.8067614e-01  -2.0392231e-01   1.1000369e-01   1.0397535e-01   1.9168235e-01   2.7433298e-01  -3.0555602e-01  -1.6453081e-01  -3.3939203e-02  -2.6971722e-01   1.4790653e-01   8.4490282e-02  -1.8444722e-01  -1.1441546e-01   3.4959077e-02  -3.2919076e-01   1.6102442e-02  -5.5814726e-03   1.1835252e-01   1.1111886e-01  -6.5099174e-02  -3.7744421e-02   2.9123254e-01  -1.5834135e-01  -1.4200170e-01  -1.6299389e-01  -1.1616800e-01  -2.0372541e-02  -2.2564503e-01  -1.0631329e-01  -1.0629612e-01  -2.1519824e-01  -1.3154795e-01   1.0454016e-01   1.6423995e-01   1.3941717e-01   1.2207375e-01  -5.3187719e-02   8.6164025e-02  -2.8145448e-02  -3.1754626e-02
   7.9771905e-03  -2.3561127e-01  -1.0951292e-01  -3.4627366e-02  -4.7489447e-01  -6.2280617e-03   5.3162198e-01   1.0437245e-01   3.3872587e-02   0.0000000e+00   2.6401936e-02   1.6772823e-01   2.4207726e-01  -3.0989270e-01   1.4350166e-01   2.6033449e-01  -2.3024489e-01   2.0610397e-03  -1.4617658e-02   1.0458640e-01  -6.5696174e-02  -3.8941685e-02   3.4415524e-01   5.9487478e-02   1.6707656e-01   8.1799273e-03   5.7723711e-02  -9.3574159e-02  -1.4252686e-01  -2.2202105e-01  -8.3135865e-02  -1.5454732e-03  -1.7946383e-01   4.8573537e-01   2.0346345e-01   2.5772221e-01  -7.6953427e-02   2.0536740e-01   3.2757451e-02  -8.9144743e-02  -1.9898481e-02  -2.6057193e-03   1.9774261e-01  -7.3334139e-02   3.4056283e-01  -8.2700692e-02  -6.1687375e-02  -1.2260486e-02  -3.1286180e-01  -9.8912051e-02   2.0550744e-01   1.8937199e-01  -6.1943096e-02   1.0310160e-01  -3.9960847e-02   1.6151466e-01  -1.4574984e-01  -1.4226636e-03  -2.6528951e-02   1.0244699e-01  -1.9762325e-01   1.6240122e-01  -1.9190861e-01  -1.7273991e-01  -2.8200216e-01   9.0837023e-02  -2.3694202e-01  -1.9918449e-03  -3.4094506e-02  -1.7212978e-02  -2.2668521e-01  -1.6530167e-01   2.6536511e-02   1.2547106e-02   5.7704540e-02   1.4220431e-01  -3.3050447e-02   6.0893999e-04  -3.2864233e-01  -2.9317561e-02   3.4168271e-01  -1.7367136e-02  -6.0204402e-02   9.3420276e-02  -2.1685817e-01   2.3818105e-02  -1.8465803e-01  -3.2222798e-02  -2.2498443e-01   1.7697421e-01  -4.7423535e-01  -2.9445474e-01   2.4500376e-01  -8.1010533e-02  -3.4293603e-02  -2.4917055e-01  -3.3467575e-02   1.8279967e-01  -1.2868354e-01   2.1911826e-01  -3.6224878e-01   3.0742336e-01  -2.2852704e-01  -1.7187273e-01   2.0331536e-02   2.0059461e-02  -1.6223795e-01   9.4057216e-02   1.3852673e-01  -1.6873509e-01   4.1747949e-01  -7.6475300e-02  -1.0118881e-01   6.6970518e-03   1.1576073e-01  -2.6029317e-01   1.5315733e-01   6.6716158e-02  -2.0502956e-01  -1.7837591e-01  -4.4340436e-02  -3.6819351e-01  -7.7606002e-02  -1.5301881e-01   1.0383312e-01   1.1155291e-02   2.0607720e-01  -4.4746079e-02  -5.6570710e-02  -3.2721088e-01   1.6531860e-01  -6.4542585e-02  -3.6613275e-01  -6.3621988e-02  -1.0816512e-01   1.1462231e-01   5.3051437e-02  -1.9845993e-01  -2.7988109e-02   6.5857328e-02  -2.1109857e-02   4.9883890e-02   2.6205704e-02  -1.1266026e-01   1.6194432e-01  -1.7166441e-01   2.8967558e-01  -1.6316561e-02   3.7129845e-01  -2.6392222e-01   2.7643469e-01  -3.1340703e-02  -1.4204127e-01  -1.9536042e-02  -1.2319410e-01   7.2737204e-02   1.1627149e-02   3.2224358e-02  -2.3710925e-01   6.1379414e-02  -1.2407730e-03   1.5658806e-01  -6.6702280e-02  -2.1899832e-01   2.6753986e-02  -5.8990515e-02   2.7429016e-01  -8.9815708e-02   2.8051583e-02  -4.0590976e-01  -2.0150671e-01  -1.4425686e-02  -2.3896286e-01  -3.2540723e-02  -1.7232186e-01  -8.6798656e-02   3.9349268e-02
  -1.1263167e-01   1.3914334e-02  -2.5073653e-01  -4.0279233e-02   1.2169718e-02   1.8295927e-01  -9.5047869e-02   4.1272907e-01  -3.0919815e-01   2.6401936e-02   0.0000000e+00  -1.0778810e-01  -2.2810352e-01   3.2571266e-01  -1.1824252e-01  -6.4326929e-02  -1.6924237e-01   1.3842501e-01   2.5661282e-01   3.9698185e-02   4.2023865e-01   2.5623127e-01   1.2118902e-01  -3.9662080e-01   2.7086001e-02   4.1604632e-01   2.7066025e-01  -1.4566007e-01  -1.1532427e-01   3.8095809e-01  -8.1219274e-02   8.6295039e-02  -3.1171457e-01  -1.6331241e-01  -9.4307436e-02   1.9081712e-01  -3.2984762e-01  -4.8908704e-02  -4.8267297e-02   7.3502539e-02   6.4794649e-02  -5.6041193e-02   6.5101917e-02   6.6317875e-01   2.5000589e-02  -9.5852891e-02   1.9634254e-01  -5.2998673e-02   2.8244586e-02  -1.4128635e-01   3.1278252e-01   3.3784795e-01  -1.0738790e-01   1.5591433e-02   1.2748561e-01   6.8659668e-01   2.3777955e-01   3.2814480e-01  -5.8356719e-03  -4.8754768e-02   2.3076444e-02   2.6266258e-01   1.1326204e-01   2.9778472e-01  -2.2434933e-01   3.6988908e-01   1.2210193e-01   1.4679086e-01   4.4454842e-01  -1.7120799e-01  -2.9047387e-01   2.7492873e-01   2.4660486e-01  -2.5365863e-01  -1.6466223e-01   2.8682271e-01   9.3124841e-02   5.1359053e-01  -2.1220620e-01   4.2082681e-01  -7.3720491e-03   2.7063058e-01   5.3199291e-01   4.1093161e-01   4.6772981e-02   3.0551728e-01  -1.1653841e-01  -7.0677841e-02  -1.9320792e-02  -2.0993455e-01  -1.9018559e-01  -1.5848623e-01   2.4226522e-01  -1.0167663e-01   1.2226991e-01  -2.5220336e-01   3.1640648e-01   2.9960753e-01   5.2428985e-01   1.7109006e-01  -1.8891217e-01   3.4186138e-01   1.2301592e-02  -5.4722264e-02   1.8085281e-01   3.0223260e-01   3.9361868e-02   5.2862731e-01  -2.7301116e-01   4.3506695e-01   3.4451784e-01   4.3426518e-01   3.3044801e-01  -1.6718391e-01  -3.0525299e-01   2.3772297e-01   4.0417358e-01   1.1708379e-01   1.4372191e-02   2.4756601e-01  -1.5145788e-01  -2.7848617e-01   1.6145074e-01   2.4842402e-01  -1.9611947e-01  -8.5834489e-02   7.4969732e-02  -1.9150594e-02   1.6425832e-01  -1.9080081e-01  -1.2064598e-01   5.0019498e-01   1.8647600e-03   3.9272694e-02   1.7226341e-01   5.1936019e-02   1.0540768e-01   9.9691759e-04  -5.7488371e-02  -2.3673022e-01  -1.4468960e-01  -3.6863590e-01   5.9205639e-01   7.7460725e-02   1.5023297e-01   5.9043638e-01  -1.4786894e-01   2.1257720e-01   4.0016107e-01   4.7913380e-02  -7.9478742e-02   1.6030575e-01  -8.8739442e-02   3.2852234e-01   1.8349814e-01  -2.8164819e-01  -6.8440514e-02   5.4194137e-02  -1.2281581e-01  -1.6662018e-02   8.1584246e-02   5.6922079e-01   3.3857200e-01   1.2364083e-01   3.9907995e-01   3.0533075e-01   5.5274321e-01   2.0138206e-02   8.4968410e-02   1.5509914e-01  -1.1228666e-01  -3.3810741e-01   1.4252443e-01   7.7895291e-02  -8.2597833e-02  -8.8246476e-02   2.5083154e-01
  -2.2770578e-02   6.3601682e-01   5.4776698e-01  -2.1025407e-01   2.5902169e-01   2.0558788e-01   5.9131937e-01  -1.5776953e-03   2.0928681e-01   1.6772823e-01  -1.0778810e-01   0.0000000e+00  -3.1941127e-02  -3.6402861e-01   1.3702790e-01   7.3096722e-02   1.8575234e-01  -4.2203656e-02  -8.0940299e-02   4.5689960e-01  -3.3346181e-01  -1.3588825e-01  -7.1906724e-02  -9.1105799e-02  -5.0437959e-02   3.4546758e-02   1.7781897e-01  -7.0465092e-02  -2.2872172e-02  -1.2394523e-01  -2.8525249e-01  -1.8511157e-02   8.2060257e-02   3.9309083e-01   4.9472804e-01   2.1503051e-01   1.1132352e-01   2.3528718e-02  -1.5886559e-01   3.5540685e-01  -9.4439671e-02   2.4931675e-02   2.6028903e-01   5.6316162e-02   2.0700216e-01  -2.4731388e-02  -1.0456925e-01   6.6852823e-02   1.7500095e-01   2.6329355e-01  -7.3597361e-02   9.7032773e-02   1.9215121e-01   9.5674885e-02  -3.6965532e-02   1.0702358e-01  -4.3059767e-02  -3.6848860e-01  -7.0569668e-02   4.4845759e-01  -1.1932693e-01   1.2941730e-01   2.3377725e-01  -1.6108250e-01  -1.0381516e-01  -1.3278715e-01  -8.4174820e-02   9.3529596e-02  -3.1892960e-01   4.1221226e-01   3.8170084e-01  -1.9332164e-01   7.7486551e-02   2.5748648e-01   1.9564416e-02  -3.1446620e-01  -1.0679314e-01  -9.5439262e-02   3.8631977e-01  -2.5043645e-01  -1.9334120e-01   1.3021989e-01   1.4385874e-01   7.5577111e-02   3.3217589e-01  -3.3761059e-01   3.2171523e-01  -9.9027900e-02  -4.2439603e-02   6.4233068e-02   2.5143845e-01   1.3413874e-01   7.0149012e-01  -9.0937952e-02  -5.2097460e-02   3.4626790e-01   8.5999239e-02   3.9532563e-03   1.4471996e-01   1.0235381e-01  -7.7029622e-02  -6.5652324e-02  -3.0364260e-01   1.9863993e-01  -3.0075928e-01  -1.4133947e-01  -4.0742866e-02  -1.0023782e-01   4.1291483e-01  -1.4776268e-01   5.1047940e-01  -2.5028243e-01  -1.5729759e-01   1.2449292e-01   8.1039003e-02   1.8074203e-01  -2.1439216e-02  -6.2602302e-02   5.7638269e-02  -1.3949455e-01  -2.1354893e-01   4.5111388e-01   2.4192915e-01   2.2419285e-01  -1.3344983e-01  -3.3178055e-01   3.2759770e-01  -1.2932333e-01  -3.5581063e-01  -1.0842763e-01   8.1032009e-02   2.7370280e-01   2.0728375e-01  -2.7410749e-01  -2.4407141e-01  -2.4153356e-01  -2.9902352e-02  -3.4955488e-01  -1.9001482e-01   3.1432130e-02   8.0672413e-02   7.9218110e-02  -1.1922752e-01   4.1776992e-02   3.0040542e-01  -5.1679884e-02   6.7485186e-01   2.9619893e-02   4.5476045e-02  -2.7393333e-01   2.3151828e-02  -2.7840314e-01  -4.8857086e-03   2.7062974e-01   5.3300691e-01  -2.1088047e-01  -2.0490109e-01   2.8131620e-03   1.7582347e-01  -2.3014335e-01   1.0933916e-01   7.3808016e-02  -4.6912122e-01  -2.2984991e-01   5.2324553e-02   5.3731956e-01   2.7397605e-01  -2.1457793e-02   9.2731922e-03   3.0415208e-01   4.2563040e-01  -1.3140522e-01  -1.6242065e-01   2.3361604e-01   1.6296161e-01   2.5972149e-02  -8.3397818e-03
   7.7671153e-02  -1.5590201e-01  -1.2023096e-01   1.5284368e-01   3.0101389e-02  -7.7096003e-02   2.0886881e-03  -2.2786758e-01   9.2441236e-02   2.4207726e-01  -2.2810352e-01  -3.1941127e-02   0.0000000e+00  -1.6740747e-01  -1.3507110e-02  -4.1763333e-02  -1.6242104e-01  -1.6347243e-02  -7.3580221e-02   1.6011096e-01  -2.2703636e-01  -4.6036518e-02  -1.8891385e-01  -1.4740457e-02  -1.0185165e-01  -3.3939504e-01   1.4400348e-02  -1.0887930e-01   4.9516316e-02  -3.6115884e-01   5.0573780e-02  -2.4929862e-01  -7.8994583e-03   3.4789777e-03  -6.2355241e-02   1.9760261e-01  -3.9009120e-02   1.7082575e-01  -1.2742262e-01  -2.3523881e-01   1.5088946e-01   1.5128263e-01   1.6318308e-01  -1.0206328e-01   2.0322862e-01   1.5589575e-01   1.1317791e-01  -6.4604010e-02   2.6668969e-01  -3.4431894e-01   5.1444306e-02  -1.3031100e-01  -3.0803013e-02   9.6680030e-02  -1.3132492e-01  -7.5859863e-02  -1.4591494e-01  -1.7125792e-01  -2.4288380e-02  -9.7285746e-03  -1.0094321e-02   3.7482805e-01  -7.6723862e-02  -7.3412340e-02   7.7028286e-03  -4.4859325e-02  -8.7948114e-02  -3.5147276e-02  -6.3537934e-02   8.1558595e-02  -1.2120175e-02   3.8143108e-02  -7.6811230e-02   4.7527173e-02  -2.5376645e-02  -1.7544225e-01   1.2245774e-01  -3.8447687e-01   1.3584063e-02  -4.4887805e-02  -1.7529801e-01  -3.2215819e-01  -3.5656517e-02  -2.0156222e-01  -9.9918689e-02  -3.7417343e-01  -1.1494388e-01  -1.6961943e-01  -3.6005893e-02   1.7394754e-01   1.1766589e-02   2.1207689e-03   3.0752565e-02   4.8773212e-03   5.2542243e-02   1.6104861e-01   2.0221845e-01   2.4492629e-02  -1.3570106e-01  -3.9009220e-02  -9.0594892e-02  -1.4585265e-01  -1.9333325e-01  -1.7162218e-01  -3.9703260e-01  -4.1552721e-01  -2.1837608e-02  -1.3634437e-01   2.1449789e-01  -1.0262746e-01  -7.7163876e-02  -3.0022485e-01   5.1594283e-02   2.2032199e-01   6.3539611e-02  -9.6757184e-02   1.2592155e-01   3.3889725e-01  -3.8965387e-02   7.5865039e-02  -7.5899182e-02   5.3765517e-02  -9.1889720e-02  -2.0984675e-01   2.2613590e-01  -4.8703818e-02  -2.6163025e-01   4.3062581e-02   9.1898012e-02   1.4503582e-03   3.4481860e-01  -9.8387550e-02  -1.0940434e-01  -9.3178228e-03   8.4654766e-03  -2.5438529e-01  -1.5057115e-01  -2.0370833e-01  -1.4436416e-01   1.6540645e-01  -1.5888623e-01   7.1889919e-01  -8.6525303e-02  -2.0714772e-03  -2.1155179e-01  -3.0005305e-01  -9.3891556e-02  -4.7641073e-02   8.1804736e-02  -2.2390726e-01   2.0740628e-01  -2.0179797e-01   1.0643940e-01  -4.0958540e-04  -2.4119965e-01   1.6202987e-01  -1.7977968e-01  -6.0715240e-02  -1.4577170e-01  -1.0055127e-01  -5.1400913e-02  -1.1129551e-01  -1.5622760e-01  -2.6605676e-01  -2.9001887e-01  -1.6834326e-01  -9.4252691e-02   2.4710322e-02  -3.7091717e-01  -1.1480228e-01  -3.8507209e-02   1.7142160e-01   1.6813645e-01  -7.6472838e-02   2.2855420e-02   7.9640396e-02  -2.6609952e-01
  -1.0465029e-01  -1.8034605e-01  -2.0579412e-01   1.0709560e-01   5.4980321e-02   4.9608851e-02  -3.9818589e-01   6.4096977e-03  -4.2093013e-01  -3.0989270e-01   3.2571266e-01  -3.6402861e-01  -1.6740747e-01   0.0000000e+00   2.1462204e-02   1.1397368e-02  -6.7718567e-02  -1.0701012e-01   2.6623166e-01  -2.2068469e-01   4.1142078e-01   2.2272188e-01   1.1167820e-01  -7.1757247e-02   1.0450521e-01   1.8836945e-02  -2.0522372e-01  -1.0820106e-01   1.1067735e-01   3.3259225e-01   2.3455686e-01  -2.1880905e-01   1.1396779e-01  -3.1546667e-01  -3.3590203e-01  -2.4898388e-01  -2.1125508e-01  -5.3266546e-02   3.1032345e-01  -8.6596997e-02   9.4786314e-02   7.6000858e-03  -3.2291229e-02   3.1169608e-01  -2.3268922e-01  -1.9278211e-01  -2.2996880e-02   4.7786615e-02  -1.1615236e-01  -1.6469476e-01  -1.0310252e-01   3.6566531e-02  -1.6232564e-01   8.7954718e-02   3.7337854e-01   1.2747225e-01   1.2210419e-01   1.2177912e-01  -5.0366349e-02  -2.9074722e-02   3.1346300e-01  -5.0128870e-02  -1.2155135e-02   1.8423519e-01  -2.5101148e-02   7.1189053e-02   2.4359735e-01   1.1537932e-01   3.9543037e-01  -3.3394121e-01  -3.4698132e-01   8.9145753e-02   1.3241768e-01   7.3931770e-02   5.5898301e-02  -5.8320038e-02   1.4654807e-02   1.9471558e-01  -6.9837394e-02   2.2989207e-01   3.2947614e-02   1.6443876e-01   3.9163805e-01   9.2819459e-02   2.1305068e-01   1.1800984e-02  -2.4390721e-01   1.4120269e-01   1.1428613e-01  -3.5204029e-01  -1.1895662e-01  -4.0500783e-02  -1.2494149e-01  -1.1129143e-01   8.5934722e-02  -6.0655896e-02  -7.7524432e-03   1.2588500e-01   5.8160184e-02  -3.2893483e-01   3.2850093e-01   1.2931843e-01   4.3039203e-01  -1.7706845e-01   4.7988355e-02   7.1995093e-02   1.7478812e-01   1.2457873e-01  -2.6643089e-01   3.7306050e-01  -6.2442405e-02   2.8039437e-01   2.0390106e-01  -2.7239381e-01   1.7699857e-02  -1.2940629e-01   2.9841634e-02   5.7347782e-02   3.1143321e-01   2.6675971e-02  -1.1924709e-01  -1.3366449e-01  -7.3976579e-02  -2.8082366e-02  -2.2854249e-01   4.7284980e-01  -2.3362839e-03   2.4148512e-01   2.3130288e-01   1.8462472e-01  -8.4138628e-02  -1.2660442e-02   5.6215657e-02   1.7701210e-01   1.5057001e-01  -1.1110343e-01   8.8696717e-02   4.0764521e-01  -6.6858909e-02  -1.8626836e-01  -3.2127281e-01  -1.9728838e-01   1.7040593e-01   3.3107088e-01   4.0290441e-02   3.3102894e-01  -3.4062089e-01  -1.1818650e-01  -9.7589202e-02   3.3983260e-01  -1.2878417e-01   5.2175200e-01  -5.1144413e-02  -2.0086853e-01  -1.1219318e-01  -1.7163275e-01  -5.8491918e-03  -8.7463829e-02  -9.9622787e-02   1.8710792e-01   5.9875947e-02  -6.6798662e-04   2.6399598e-01   1.8895108e-01   1.7762913e-01  -9.7902700e-02  -7.2407336e-02   1.2083986e-01  -4.3391128e-02   9.0775816e-02  -1.8885642e-01  -2.1676778e-01   5.9700654e-03   1.5533540e-02   1.4425651e-01  -2.5129534e-02   2.0702446e-01
