   0.0000000e+00  -3.4821760e-01  -2.1352123e-01  -3.2518800e-01  -3.3197679e-01   2.8850333e-02   2.9499989e-01  -7.4115429e-02  -1.8474245e-01  -3.7365463e-01   7.8524322e-02  -3.2397294e-01  -1.2809409e-01   5.8567766e-01  -3.4415191e-02  -2.6442780e-02  -2.4870434e-01  -1.4814314e-01  -2.0042411e-02  -2.3935943e-01  -2.6498885e-01   1.8160812e-01   1.2498571e-01   5.1148471e-01   4.5411967e-02  -6.1766618e-02  -1.5165427e-01   2.2599496e-01   1.0379930e-01  -3.6878040e-02  -3.9933265e-01   1.5005839e-01  -3.7151096e-03  -2.4622841e-01  -2.9153867e-01  -1.9011882e-01  -4.0066742e-01   5.4670071e-01  -4.6979592e-02  -2.5178392e-01  -1.5545857e-01   1.7948056e-01  -2.0080034e-02   1.0627841e-01  -3.2526056e-01   4.5291257e-01  -5.0258220e-02  -1.1190420e-02  -5.2732922e-01  -3.8001847e-01  -4.5927907e-02  -9.9969803e-02  -3.7377269e-01   3.5193400e-02  -4.9005243e-02   1.7858131e-01  -1.5602063e-01   1.5630736e-01  -9.0448732e-02  -5.7990725e-02   2.4194264e-02  -2.0031356e-01  -1.4398661e-01  -2.5585332e-01  -4.7006958e-01  -1.6758593e-01  -1.8717480e-02  -1.4940723e-01   1.6710550e-01   6.3764991e-02  -2.1216357e-02   1.4275496e-02  -3.0359379e-01   3.3687806e-01   7.0983760e-02  -1.0385383e-02   2.3166329e-01   1.6866257e-01  -3.2211789e-01  -1.9456203e-01   2.5319473e-01  -2.4005619e-01  -3.5734706e-01  -9.0126731e-02   5.3837683e-01   7.2979516e-02  -2.6386401e-01   4.6489450e-01  -1.2153278e-01   7.1928688e-01  -3.1415750e-01  -1.3253622e-02  -3.3131234e-01  -1.7884181e-01   4.5462147e-01  -1.8325827e-01  -1.0433630e-01  -1.4137369e-01  -4.2988078e-01  -6.8800976e-02   2.8233686e-01  -2.4951026e-01   1.7800941e-01  -7.8437867e-02   2.7149269e-01   8.1565931e-03   1.0792835e-01   9.1501012e-05  -2.7396245e-01  -3.0472158e-01  -1.6056429e-01   2.2982460e-01  -5.4882336e-02   8.4126453e-01   2.4772502e-01  -4.4403662e-01   1.4339851e-01  -1.7123776e-01   2.5207452e-01  -1.9122552e-01   4.1270985e-01  -2.1701761e-01  -6.2691736e-02  -2.5636629e-01   3.8312345e-01   1.7805035e-01  -3.4614725e-01  -1.3475522e-01   3.8560942e-02   7.2572233e-02  -2.2408059e-02  -2.3324071e-01   6.0694249e-02  -4.2700859e-01  -1.6270436e-01   2.9847437e-02  -1.2760180e-01   2.6521538e-01   1.6857587e-02   4.1587161e-01   7.6599324e-01   1.0290800e-01  -5.6360679e-02   2.0358672e-01  -5.1154910e-02   6.9602987e-02   1.4180135e-01  -5.0130338e-01  -6.5225463e-02  -3.0613546e-01   4.3063808e-01   1.9610192e-01   3.1790764e-01  -2.7593773e-01  -3.8111443e-01   7.7582611e-01   6.9615542e-01   1.4318558e-02  -1.3113121e-01   1.0061674e-01   3.2825797e-03   9.7150197e-02  -3.1840965e-01   1.1901341e-02  -1.0355417e-01  -3.0401313e-01  -2.8946003e-01  -1.4335808e-01   4.8422674e-01  -4.1947442e-01  -3.3001433e-01   5.7416377e-01  -3.2021117e-01   8.8429707e-03   2.4399092e-01   9.2591626e-02  -1.4703438e-01
  -3.4821760e-01   0.0000000e+00  -1.2784400e-01   2.9518201e-03   1.5761504e-01  -3.2047489e-01  -2.3689008e-01  -1.1185640e-01   2.3142459e-01   2.2264279e-01  -3.8629985e-01   7.5252994e-01  -9.0380746e-02  -3.0092531e-01  -2.5623850e-01  -4.1164535e-01   2.5953834e-02  -1.5678125e-01   7.7641237e-02   6.3689144e-04   2.2395751e-01  -9.5467949e-02  -4.1327431e-02  -1.3616745e-01  -8.3404495e-02  -3.2730146e-02  -1.5667917e-01  -2.5082842e-01  -1.5385826e-01   1.2850364e-02   3.6720735e-01  -1.3931574e-01   7.0812656e-02   4.2982740e-01   3.4056814e-01  -1.8996076e-01   5.5465187e-01  -8.7063305e-02  -2.3596158e-01   4.0849081e-01  -1.1856340e-01  -2.7248908e-01   9.9503730e-02  -4.4345697e-01   7.9399054e-02  -3.5437202e-01  -3.9533248e-01   3.7908386e-01   4.6082751e-01   2.9652899e-01  -2.5639850e-01  -1.3853043e-01   6.0272299e-01   2.3171942e-02   2.0337493e-01  -5.8975216e-01   2.1752534e-01  -6.1596714e-02  -8.2248643e-02   1.0154469e-01  -3.4332840e-01   6.3293735e-02   1.1376210e-01   3.2900754e-01   5.3480944e-01  -8.8441846e-02  -1.2900937e-01   5.8305686e-02  -3.8217221e-01  -3.9932017e-01   4.9483781e-01  -1.8209721e-01   2.8427141e-02  -4.9500157e-01   5.1064853e-02   2.4870992e-02  -4.1325472e-01  -3.1254388e-01   2.9263157e-01   4.9682279e-02  -2.1355399e-01   5.6903584e-02   2.2815913e-01   1.2945120e-01  -3.4015044e-01  -6.0415104e-02   6.6001995e-01  -2.7334687e-01  -7.0872079e-02  -4.7790640e-01   3.8602337e-01  -1.9356209e-01   3.8309314e-01   5.9155139e-02  -7.6083800e-02   1.4919886e-01  -1.7780010e-01   1.0303960e-01  -4.3034476e-03  -1.9043351e-01  -4.8678448e-01  -2.0081982e-01  -2.3289605e-01   3.1096540e-01  -3.5028739e-01  -1.3037415e-02  -1.2741103e-01  -3.8128236e-02   3.4812803e-01  -1.4340145e-01   3.1567561e-01  -3.5350734e-01   2.1428333e-02  -2.0964939e-01  -5.0259361e-01   5.8381076e-01  -5.0263433e-01  -9.0323164e-02  -5.9033558e-01   1.1759428e-02  -2.8090627e-01   1.6707501e-01  -6.0737158e-02   1.9079936e-01  -4.4174237e-01  -2.4895095e-02   1.0539720e-01  -2.7844189e-02   8.4731382e-02  -2.6550420e-01  -2.2987100e-01   4.7500849e-01   3.4770443e-02   4.9518460e-01   3.3607507e-03   1.2178429e-01   7.6560160e-02  -2.3888329e-01   2.4903070e-03   1.3337473e-01  -2.1373928e-01  -9.3422580e-02  -2.1909047e-01  -3.8022871e-01  -2.6548151e-01  -6.4777412e-02   1.4292784e-01   6.3062140e-01  -4.2928232e-01   5.3453630e-01  -4.8981853e-01  -9.6862521e-02  -2.3687141e-01   4.4035955e-01   3.1525692e-01  -1.5830401e-01  -2.2959120e-01  -2.4290921e-01  -9.4907707e-02  -8.0560662e-02  -9.1921807e-02  -1.9824554e-01   2.6650201e-01   1.7713519e-02  -5.6245869e-02   4.8290288e-01   1.2854235e-01   1.4348406e-01  -3.3242155e-01   6.5948229e-01   4.8125096e-01  -4.1760874e-02   3.0611238e-02  -2.6241593e-01   6.5980898e-02  -2.0634751e-01  -8.8085226e-02
  -2.1352123e-01  -1.2784400e-01   0.0000000e+00   1.2668442e-01   2.1890248e-01   3.2459733e-01  -1.3522749e-01   7.6959716e-02  -1.1196316e-02   2.0113988e-01   1.0422973e-01   9.5070351e-02   1.0529738e-01  -2.4105663e-01  -1.1058960e-01   2.1317630e-01   7.6553561e-01   2.1456130e-01  -6.6749207e-02   2.3043533e-01   3.7341636e-02   1.9120825e-02  -2.0017872e-01  -2.1629984e-01   2.1733878e-01   1.0630493e-01   3.4356570e-01  -3.1661305e-02   1.4143192e-01   2.3926718e-01  -2.3015723e-01  -4.7939869e-02  -3.5697752e-01  -1.8840216e-01   1.4048445e-01   2.8175600e-01  -1.3492432e-01  -1.7008497e-01   9.8668031e-02   2.2540204e-01   1.5503766e-01   5.6059167e-02  -1.0943598e-01   2.1968817e-01   9.2189120e-02   1.6807245e-01   2.2706492e-01  -2.9610505e-01   4.9764594e-02   5.5370856e-01   2.0172732e-01   1.1153078e-01  -2.0805943e-01  -2.4132212e-01   8.8614054e-03   2.1127976e-01   1.0212449e-01  -1.8184502e-02   9.7543540e-02   2.0715925e-01   4.7254591e-01   2.6920225e-02  -6.2048082e-02  -1.6417622e-01  -1.0672095e-01   4.1275688e-01   1.4050486e-01   1.5804091e-01  -2.3037746e-02   6.8015399e-01  -1.3137026e-01  -2.2395615e-01   2.2914424e-01   2.0051374e-01   4.1769724e-02  -1.3303158e-01   3.6263641e-01  -1.0925221e-01   1.7485255e-01  -1.2156142e-01  -1.1333415e-01   2.0600578e-01   1.5623596e-01  -1.3439380e-01  -7.2104871e-02  -1.4497425e-01  -4.0541889e-01  -2.1415784e-01   1.6086660e-01  -1.8039357e-01  -2.6178155e-02   5.8965828e-01   3.4053067e-01   1.1393794e-01  -1.6911201e-01  -3.8994997e-02  -1.7091338e-01  -1.6881653e-02   1.1001706e-01   1.0746761e-01   3.1069754e-01   3.2447126e-01  -1.5674168e-01  -1.0141352e-01  -6.6960625e-02   3.1699361e-02   7.9748239e-02  -2.8862831e-02  -9.6597998e-02   5.1253220e-01   1.0741249e-01   1.2160976e-01  -2.0977696e-03  -2.9823899e-01   2.9136491e-01   2.9117791e-02   1.4623830e-01   1.6391704e-01   2.2250660e-01   9.3045768e-02   2.3085278e-01   6.4501537e-02   2.4084996e-01   1.1985552e-01   6.3390339e-02  -9.1166015e-02   2.5675120e-01  -4.6176768e-03  -3.3393497e-02   5.8529320e-01   6.6197948e-03  -2.4945123e-01   7.6265314e-02  -1.9229548e-01   3.8122514e-02  -2.6670899e-01  -1.7842626e-01  -9.7347612e-02  -8.9188885e-02  -1.4434056e-01  -1.5114059e-01   1.0748734e-01  -9.4840474e-03   3.9349003e-01  -8.3157626e-02  -5.9166433e-02  -1.1300615e-01   8.5954275e-02   3.6574712e-01  -1.2747455e-01   5.4919743e-02  -2.0352890e-01   1.2832897e-01  -1.7091393e-01   6.6487664e-01  -1.6543490e-01  -6.4244254e-02   8.3871089e-02   5.1385464e-01  -1.3730780e-01   3.8007196e-01  -3.5663689e-02   4.6513106e-02  -1.4230624e-01   2.4856888e-01  -5.3724016e-02   3.1046889e-02  -1.1204946e-01   2.0640378e-01   4.6732510e-02  -8.7848176e-02  -2.8553975e-01   3.2242692e-03   4.4078045e-01  -4.5350572e-03  -9.6569178e-02   2.0887202e-01
  -3.2518800e-01   2.9518201e-03   1.2668442e-01   0.0000000e+00   5.7597893e-02   3.7126419e-01  -1.6287558e-01  -6.8743803e-02   5.8832297e-02   2.5052656e-02   3.5548028e-01  -2.3316927e-02   2.3110986e-01  -2.2232279e-01  -2.3440828e-01   2.9024558e-01   1.6801606e-01   6.1786672e-01   1.0146283e-02   1.6639703e-01   1.7464728e-01   4.6550181e-01  -2.8860900e-01  -1.7339937e-01   1.6680371e-01   1.5553032e-01   3.6175815e-01  -3.8283682e-01   4.2581355e-02   4.5215704e-01  -1.6138207e-01   2.4922563e-01   3.0315129e-01  -9.3988066e-02   1.7007940e-01   5.3156232e-01   1.8981365e-01  -2.2769203e-01   2.6998044e-01  -5.6204583e-02   2.6693418e-01   2.8604112e-01  -6.3701551e-02   1.3085236e-01   6.6164048e-01  -1.2424590e-01   5.0733887e-01  -1.5690001e-01   1.2766710e-01  -7.0183679e-02   6.2482795e-01  -2.4876778e-01   3.3325776e-02   9.4309337e-02  -6.6737924e-02   1.8863654e-01   8.5502708e-02   3.1468722e-01   5.1776471e-01   8.3455604e-02   2.4437159e-01   3.5490242e-01  -7.0200755e-02  -1.1607813e-01   1.8066628e-01   9.2442769e-02   3.2238926e-01   1.9737408e-01   4.0580962e-01   9.1625067e-02  -1.3965317e-01   5.8040038e-01   3.3884608e-01   1.0252456e-01   2.5907917e-01  -2.1877350e-01   7.4312690e-02  -3.3460791e-02  -1.7088040e-01   3.0716041e-01  -4.2246732e-01   5.7011776e-01   2.5943678e-01  -9.8083399e-03  -3.5155108e-01  -2.4355988e-01  -8.3293395e-02  -2.7832790e-01   3.8990338e-02  -2.6537137e-01  -1.3515886e-01   2.7481376e-01   2.3674493e-02   2.8696944e-01  -2.1469689e-01  -2.3444642e-01   1.3896062e-01  -8.3436798e-02   6.6815326e-01   3.1229160e-01  -4.2986601e-02   1.9480922e-01  -1.6571549e-01  -3.2362626e-04   1.7416420e-01   5.7665741e-01   1.7246147e-01   1.1357130e-01  -2.8382178e-02   4.7466200e-01   1.4169119e-01   4.0358180e-01   5.9804017e-01  -2.9865766e-01   3.2302788e-03  -7.4967309e-02   1.4959359e-01   4.2606209e-01   5.4463560e-02   8.4359568e-01   9.5627743e-03  -2.4981139e-01   5.5928536e-02   1.2933540e-01  -4.0760770e-02   9.7926267e-02   2.5664915e-01   1.1307400e-01   2.6555457e-01   1.2778739e-01   2.5887625e-02   5.9517978e-03   1.0141799e-01  -1.0085366e-01   5.2421668e-01  -2.7372131e-01   2.6794505e-01  -3.1654348e-01  -2.8104066e-01  -7.6127451e-02  -3.1183618e-01   3.8128205e-01   1.9705164e-01   7.5919781e-02  -1.7690479e-01  -1.0021301e-01  -3.2564084e-01   1.6945022e-02   4.6923409e-01   1.3846612e-01  -1.9791808e-01  -4.1280489e-01  -2.6473292e-02   1.2291572e-01   1.2814918e-01  -2.1720640e-01  -2.2859040e-01   4.5593204e-01   2.6696357e-01  -2.9725066e-01   2.1105665e-01  -7.6776812e-03   4.3059866e-02   5.3169704e-01   5.2385339e-01  -1.3894148e-01   3.6207972e-01  -3.3398557e-03  -4.2904608e-03   1.0519259e-01  -2.0653997e-01  -2.8327472e-01   4.8193593e-01   4.3937497e-01   1.1374658e-01   2.0852309e-01   5.4215560e-01
  -3.3197679e-01   1.5761504e-01   2.1890248e-01   5.7597893e-02   0.0000000e+00  -1.6918597e-01  -3.6490223e-01   2.0936972e-01   2.8212203e-01   3.6082115e-02  -3.3508588e-02   2.4323475e-01   2.1244763e-01  -4.3341284e-01  -1.5785563e-01   3.6822339e-02   1.3934706e-01  -4.1361244e-02   1.0675637e-02   8.4295047e-01  -2.9772540e-01  -1.5045530e-01  -4.1895032e-01  -1.5789553e-01  -8.6537916e-02  -3.2713276e-02   2.5936057e-01   2.0024884e-02   2.3571425e-02   5.7222170e-03   1.4351151e-01   9.5181474e-03  -1.3622390e-01  -2.2054945e-01   3.8763581e-01   4.1459994e-01  -2.9452679e-02  -2.0493493e-01  -2.3968927e-02   5.1284199e-03   2.1069408e-02  -1.9558783e-01   4.8496633e-01  -1.4447521e-01   8.6671757e-02  -2.2765308e-01   1.7571246e-01  -2.0964855e-01   4.4766047e-01   3.4750273e-01  -1.1588692e-01   2.1456399e-01  -1.9157609e-02  -9.6116713e-02  -1.2001691e-01  -2.5838258e-01   8.6124390e-02  -5.9550667e-02  -2.0398853e-02   2.4177864e-01  -1.2327712e-01   2.5393671e-01   3.0262540e-01   1.1718417e-01   1.5182187e-01   2.5714565e-01   1.4284580e-03   2.4470809e-01  -2.2496789e-01  -2.8908351e-02  -3.4828645e-01  -1.2864913e-01   1.2136143e-01  -3.7647201e-01   9.8786378e-02   1.2693938e-01  -2.4597765e-01   1.0493884e-02   6.9745834e-01   3.6052637e-02   5.7240697e-02   3.2549625e-02  -2.0972422e-02   2.1033068e-01  -3.4589909e-01   7.4717690e-02  -6.7492203e-02  -2.0471257e-01   2.7975682e-01  -2.5619441e-01   7.5262168e-01  -7.4745061e-02   4.1763959e-01   2.8655413e-01  -8.4703927e-02   6.9585799e-01  -3.0987718e-02   1.1233222e-01   3.4729690e-01  -3.2873209e-01  -2.2559133e-01   2.3017978e-01  -1.6179106e-01   1.5101777e-01  -3.2576814e-01   7.4995766e-02  -2.6031185e-01  -1.7381857e-02   1.4988848e-01   3.8805516e-02  -2.4819100e-01  -1.8090472e-01   6.9834937e-02  -2.1105499e-01  -2.9260611e-01   4.4912835e-01  -1.0420199e-01   2.8804311e-01  -2.8715474e-01  -3.8865349e-02  -9.8315625e-02   7.3617319e-01   2.8858130e-01   3.0286084e-01  -1.5766434e-01  -1.2048356e-01   2.7247384e-01  -6.1654096e-02   1.1556418e-01  -1.8505498e-01   1.5147344e-01  -4.7638815e-02  -3.4651765e-01  -1.2630346e-01   1.6823696e-01   1.3534469e-01   2.1683919e-02  -3.4928664e-01   2.0269198e-01   1.1276293e-01  -1.6183362e-01   1.2216141e-01   1.4634887e-01  -2.7691207e-01   3.4770006e-03  -5.0231185e-02  -3.1674339e-01   4.5684437e-01  -4.1969358e-02  -3.1745463e-01  -2.1407699e-01   6.0814107e-02  -2.2797847e-01  -2.1521666e-02   3.2019786e-01  -1.2079288e-01  -1.1982815e-01  -1.3640562e-01   1.8785395e-02   1.5716702e-01   2.3316882e-02   1.5232979e-01  -3.0738309e-02  -2.1920465e-04   1.0578687e-01   4.4604029e-01   2.4614561e-01   5.1854211e-02  -2.7962005e-01   3.5928065e-01   4.4093967e-01  -9.2173837e-02   3.8070255e-01  -2.4120916e-02  -2.1205195e-01  -2.0125633e-01   1.0676195e-01
   2.8850333e-02  -3.2047489e-01   3.2459733e-01   3.7126419e-01  -1.6918597e-01   0.0000000e+00   3.3351775e-01   1.3640233e-01   6.6024724e-02  -1.0539829e-01   2.6069305e-01  -3.6281675e-01  -2.3717414e-02   1.0859233e-01   9.0122368e-02   1.3818436e-01   3.3792511e-01   4.0870601e-01   3.0051830e-01   3.1032984e-02   6.6877178e-02   5.0074914e-01   3.0261282e-02   2.3915667e-01   2.3864234e-01   4.4337493e-01   4.1574183e-01   1.5735028e-01   1.7729629e-01   4.9833023e-01  -2.1041172e-01   5.6167684e-01  -2.0263726e-01  -8.0712714e-02  -1.9108414e-02   2.6627747e-01  -3.6609764e-01  -2.1584003e-01  -6.3535470e-02  -9.8120554e-02  -1.3727806e-03   1.3225378e-01  -1.4650734e-01   4.7838507e-01   2.9230539e-01   4.6545913e-02   4.4141992e-01  -1.2201884e-01  -3.8760613e-01  -2.0607697e-01   6.0518935e-01   1.6154556e-01  -2.5096493e-01   3.4936793e-02  -1.1806226e-01   6.0671242e-01   2.1021026e-01   5.5066174e-01   2.9974947e-01   2.5845409e-01   3.7348370e-01  -1.8542067e-02  -2.9135893e-03  -2.9687853e-01  -4.0722387e-01   2.6264753e-01   7.6259104e-01   2.3340150e-01   5.7086250e-01   3.1989358e-01  -1.6852503e-01   4.5987910e-01   2.0602796e-02   3.9585442e-01   5.6373314e-02   1.7525416e-01   1.8537767e-01   2.6893647e-01  -2.4656750e-01  -1.5115498e-01   1.1127791e-01   1.1267695e-01   4.9671764e-02   4.7853825e-02  -3.5822721e-02   1.6279113e-01  -4.1189434e-01   6.4102382e-02   2.2562773e-01   4.1503098e-02  -4.0807887e-01   4.6828923e-01  -1.6956970e-01   2.1680747e-01  -2.6179089e-01  -3.4065176e-01   1.1908830e-01   2.5428293e-01   1.5269189e-01   3.9411274e-01   4.6184873e-01   1.9679958e-01   2.8468777e-01   5.9204676e-02   5.3943433e-01   4.7509995e-01   1.5416435e-01   4.7909030e-01  -3.7859420e-01   4.7165255e-01   6.0289872e-02   7.2968034e-01   3.8071395e-01  -6.7694591e-02   4.2200164e-01  -2.9396993e-01   5.5442039e-01   3.2009524e-01   4.8425531e-01   4.1671599e-01   3.0989020e-01  -4.5970349e-01   1.3390078e-01  -6.4797615e-03   1.4530844e-01   2.0740892e-01   1.7356921e-01   1.2443212e-02   3.1998564e-01   2.1328118e-01  -9.3669115e-02  -1.9509182e-01   3.5868258e-01  -2.6727792e-01   3.1086397e-01  -1.8646459e-02  -8.9317612e-03   2.8859806e-02   1.4230134e-01  -3.0421120e-02  -9.9531243e-02   3.6274795e-01   2.5387928e-01   6.2384910e-01   6.8652016e-02   3.3319110e-01  -1.2322408e-01  -3.6695904e-01   5.7924099e-01  -1.3613278e-01   2.1810243e-01  -9.0110222e-02   3.3499690e-01  -3.4147955e-01   9.4687108e-02   5.7781321e-02  -4.4758103e-02   2.6687666e-01   3.9298147e-01   1.3670034e-01   3.6522020e-01   1.4550694e-01  -1.5176610e-01   3.7048249e-01   5.4892839e-01  -4.4619673e-01   9.3384034e-02   5.4180908e-02   3.9372664e-01  -3.6684592e-01  -3.9962780e-01  -2.4214865e-01   3.8281690e-02   7.1548149e-01   8.1070336e-02  -7.8483093e-02   4.7903004e-01
   2.9499989e-01  -2.3689008e-01  -1.3522749e-01  -1.6287558e-01  -3.6490223e-01   3.3351775e-01   0.0000000e+00  -2.6571462e-01  -3.4439380e-01   7.4223170e-02   1.9106709e-01  -1.5219927e-01  -1.6219020e-01   5.7749428e-01   3.7402823e-01   3.6756713e-02  -9.9881266e-02   7.5845640e-02  -2.0021650e-01  -2.6035052e-01   2.8762983e-01  -2.8021572e-02   6.8780530e-01   1.8123807e-01  -1.3940321e-01  -8.7962929e-02   5.3796467e-03   2.7839225e-01  -4.3997407e-02  -1.0120542e-01  -1.9583565e-01   1.6530178e-03  -1.9780977e-01   3.6959431e-01  -4.3069546e-01  -6.2109545e-02  -1.3126003e-01   1.1670211e-01  -8.8427005e-02   2.2747491e-01  -1.0582622e-01   9.9368586e-03  -4.4661575e-01   1.2012981e-01   7.7023065e-02   7.0579892e-02   2.3630936e-02   4.6878076e-01  -4.4229220e-01  -2.5808427e-01   2.0329632e-01  -7.9752989e-02  -1.5657175e-01   5.1207715e-02   2.9459386e-01   2.9965104e-01  -3.3653026e-01  -6.5886611e-02   6.8182835e-03  -3.4021216e-01   5.8644814e-02   5.5567732e-04  -3.4734739e-01  -2.8883509e-01  -3.4897225e-01   5.5556602e-02   2.1927259e-01  -1.2549312e-01   1.6823425e-01   1.1798818e-01   3.9787588e-01   2.0171683e-01  -1.3262861e-01   3.6852423e-01  -2.8842453e-01  -1.1044406e-01   1.1236073e-01   7.3852043e-03  -4.9573976e-01  -1.5256539e-01   2.3224208e-01  -1.1323362e-01  -5.2873280e-02  -3.2761421e-01   3.4005536e-01   1.6654048e-02   2.7457293e-03   5.5698234e-01  -2.6440295e-01   2.5210857e-01  -4.4515734e-01  -8.5017588e-02  -4.7411663e-01  -4.9563068e-01   1.0285151e-01  -4.4804741e-01   1.8561988e-01  -2.2762222e-01  -1.6623672e-01   5.1099706e-01   2.1427114e-01  -1.0950463e-01   5.8168448e-01  -2.5608832e-01   3.9845321e-01  -1.7151005e-01   1.2054842e-01  -1.3131538e-01  -2.0228742e-01  -3.5708714e-02   2.6021825e-01   3.6239121e-01  -1.6577510e-01   2.3620429e-01   4.6422446e-01  -2.7204755e-01   2.6111408e-01  -1.0243847e-01   2.8711174e-01  -1.0566361e-01  -8.9039789e-02  -4.6547467e-01  -2.9519334e-01  -3.1191099e-01   7.7905773e-02   8.0152596e-02  -1.9196883e-01   5.1271838e-02  -2.7040969e-01   1.8854117e-01  -1.6771340e-01   2.8126624e-01   8.2052100e-02   6.9865679e-02  -3.1858357e-01  -1.3720913e-01  -1.3256684e-01   5.8897434e-01  -6.8060232e-02  -9.3189210e-02   2.7015681e-01  -1.5121076e-01  -1.5911535e-01   2.5438163e-01   2.6106298e-01   1.1022067e-01   6.1298949e-01  -4.1845045e-01   1.6840161e-01   1.2620600e-01   4.3118241e-01   1.8609578e-01   1.6250730e-01  -1.8827416e-01  -1.6952802e-01   1.7968557e-01   1.7382931e-03   7.6355573e-02  -1.6889563e-01   2.3052369e-01  -1.0209645e-01  -1.9858316e-01   2.5025758e-02   4.0297212e-02  -2.2372665e-01  -3.5684585e-01  -8.2477247e-02   1.9163722e-02   2.6757772e-01  -2.9393790e-01  -1.2973173e-01   6.9457540e-02  -2.0714895e-01   1.2287133e-01  -2.0523295e-01  -8.8770697e-02  -3.5209815e-01
  -7.4115429e-02  -1.1185640e-01   7.6959716e-02  -6.8743803e-02   2.0936972e-01   1.3640233e-01  -2.6571462e-01   0.0000000e+00   6.1240462e-01  -2.8679760e-01  -4.3311579e-02  -1.4718129e-01  -1.1836474e-01  -5.0541073e-02   1.7774637e-01  -4.1991615e-01  -1.6679069e-02  -2.0153445e-01   4.8599998e-01   1.5647662e-01  -4.2345338e-01   3.1877916e-01  -2.7608326e-01   2.2338275e-01   4.1932732e-02   5.3637884e-01   2.5350858e-02   3.1910140e-01  -7.0808827e-02   4.0046097e-01   3.5617742e-01   5.2420755e-01  -2.9747893e-01  -2.5055218e-01   3.7565459e-01  -1.5064332e-01  -3.7742352e-01  -2.6035978e-01  -5.3237862e-01  -4.1243615e-01  -2.3616125e-01  -1.6998875e-01   4.1060186e-01   3.4637978e-01  -1.3657340e-01  -5.7703960e-02  -8.1422004e-02  -3.2936927e-01  -2.7667945e-02  -8.6569508e-02  -9.3459101e-02   6.6357221e-01   5.3360053e-02  -2.9777779e-01  -3.1753387e-01   1.6175119e-01   4.2716117e-01   5.0774731e-01   1.9653876e-02   5.5707991e-01  -1.3952773e-01  -6.8861197e-02   5.4533288e-01   4.9433523e-01  -9.3684017e-02   3.3203816e-03   1.0836908e-01   1.8109003e-02   2.3391722e-01  -9.7990974e-02  -4.5859644e-01  -3.6706854e-02  -3.8603349e-01  -1.3997349e-01  -8.5216803e-02   6.3753689e-01  -1.6218399e-01   2.9391370e-01   3.7323853e-01  -2.8912711e-01   4.3012743e-01  -3.1989743e-01  -1.8241994e-01   6.8190131e-01  -2.1702156e-02   5.5525265e-01  -1.0759009e-01   1.5692062e-02   3.8762022e-01   5.7910728e-02   2.3277949e-01   5.8500049e-02   1.5802961e-01   4.3942190e-01  -3.0105479e-01   1.9100717e-01  -1.9721053e-01   4.6685257e-01  -1.3439695e-01  -3.0483830e-01   1.1220969e-01   2.2830017e-01   4.8683043e-02   5.0689600e-01   3.3573051e-01   1.7930259e-01  -3.8908367e-01   6.2768753e-01  -2.2288137e-01  -9.0963580e-03  -2.5617523e-01   1.0392265e-01   3.3781637e-01  -6.4476019e-02   2.5327367e-02   2.5404108e-01   1.9750897e-01   4.8753590e-02   8.2684972e-02  -4.3756231e-02   6.8583074e-02   2.3331163e-01   2.7594716e-01   1.7353002e-01   1.9399468e-01   2.5162315e-01   2.9790051e-02  -3.8695638e-01   6.1388942e-01  -4.2100521e-01  -2.2857537e-01  -3.6605503e-01   1.8934160e-02  -3.1553412e-01   2.5634099e-01   6.1511736e-01  -1.7134721e-01  -1.7773596e-02   6.4264287e-01   1.2717454e-01  -2.4570291e-02   2.8669108e-02   3.7513226e-01   6.1418844e-02   1.6493360e-01   3.1986453e-01  -3.0860617e-01   1.3731083e-01  -2.1624346e-03  -3.2272604e-01   1.9579127e-01   4.1794656e-01   6.5659088e-02  -2.6233350e-01  -1.0180693e-01   6.6042438e-02   3.1549590e-02  -8.0314859e-02   2.3684084e-02   4.7387161e-01   2.3865595e-01   4.8082996e-01  -2.9966864e-01   1.6741891e-01   2.6770344e-01   1.0493933e-01  -1.0145804e-01   1.5464896e-01  -3.2558723e-02  -1.3143101e-01   1.2071492e-01  -1.2662409e-01   2.1389415e-02   3.7115691e-03   7.4250246e-02  -1.1244813e-01   3.9695130e-01
  -1.8474245e-01   2.3142459e-01  -1.1196316e-02   5.8832297e-02   2.8212203e-01   6.6024724e-02  -3.4439380e-01   6.1240462e-01   0.0000000e+00  -3.2644461e-01  -1.7640706e-01   6.9705496e-02  -1.9214961e-01  -1.8823782e-01  -9.3298726e-02  -5.5831739e-01  -8.1266750e-02  -1.9128421e-01   4.0074521e-01   1.5700592e-01  -3.5873425e-01   2.8513857e-01  -3.5256736e-01   1.4033340e-01   8.1282938e-02   4.6564640e-01   1.4013943e-01   1.2074570e-01  -2.7504709e-03   3.9549305e-01   5.4275737e-01   3.2577875e-01  -1.6836546e-01  -1.3871188e-01   6.8629264e-01  -1.2263850e-01  -2.2554546e-01  -3.9266827e-01  -5.7173292e-01  -1.9701875e-01  -2.7789449e-01  -1.7599281e-01   6.8644552e-01   1.7534780e-02  -7.3345089e-03  -2.8768967e-01  -4.9432122e-02  -1.2786183e-01   1.2889978e-01   5.9193680e-02  -1.3840455e-01   4.8073803e-01   1.7137082e-01  -1.9520603e-01  -3.4012240e-01  -5.0420793e-02   3.2086397e-01   4.2529173e-01  -1.0741056e-01   7.3768776e-01  -3.4432275e-01   2.8265700e-02   7.9077338e-01   5.6149270e-01   7.2580712e-02   1.1247614e-01   1.1434109e-01   1.6101913e-01   2.2081836e-01  -2.7575639e-01  -3.0672541e-01  -1.2499227e-02  -3.3843598e-01  -3.4703083e-01   1.2158071e-01   5.5775689e-01  -3.5729347e-01   1.3991818e-01   4.6002411e-01  -3.1278541e-01   2.8231136e-01  -3.1711365e-01  -2.1653822e-01   5.5161806e-01  -1.5753551e-01   4.5508460e-01   1.5002097e-01  -2.7438124e-01   5.0659917e-01  -2.5356597e-01   3.7986569e-01  -2.2234323e-02   2.2988712e-01   7.0480018e-01  -4.5516889e-01   1.9425338e-01  -2.8448493e-01   4.0919878e-01   3.1918575e-02  -3.5256656e-01  -1.3766148e-01   9.2814272e-02   2.6165305e-02   8.3301999e-01   1.2196039e-02   5.7647916e-02  -3.6882715e-01   5.6458233e-01  -2.0830348e-01  -2.3906494e-02  -3.1391612e-01   6.4750774e-02   5.1432977e-01  -1.6941701e-01  -2.6455374e-01   3.7231317e-01   5.1357362e-02   1.6652632e-03  -1.5016097e-01   2.8155986e-02  -1.1884430e-01   3.1513999e-01   3.2158824e-01   2.9436342e-01  -1.8295727e-01   2.8608572e-01   1.5725055e-01  -2.5195842e-01   7.1398338e-01  -5.1190488e-01  -2.1887350e-01  -2.4539351e-01   8.8519270e-02  -1.0510901e-01   4.8085593e-01   5.8242544e-01  -2.3188362e-01  -1.9135867e-01   5.8965422e-01   2.1864303e-01  -1.9240492e-01  -1.3104752e-02   2.8906514e-01   3.5534033e-02   1.7517837e-02   3.2522161e-01  -2.9578430e-01   2.5680339e-01  -4.3760787e-02  -2.6851036e-01  -1.7349642e-01   3.3063840e-01  -2.0016423e-01  -1.4639305e-01   4.9598283e-02  -6.2956654e-02  -1.1543781e-01  -2.0444114e-01   1.9863136e-02   3.5784153e-01   1.6634939e-01   4.8028439e-01  -2.0068785e-01   1.8835208e-01   2.6550177e-01   2.3263076e-01  -9.5780551e-02   2.6715648e-01  -2.5187141e-01   5.7025326e-02   2.0333444e-01  -2.5142001e-01   2.4162166e-01   1.2225469e-02   1.8563800e-01  -3.6072617e-01   3.7741729e-01
  -3.7365463e-01   2.2264279e-01   2.0113988e-01   2.5052656e-02   3.6082115e-02  -1.0539829e-01   7.4223170e-02  -2.8679760e-01  -3.2644461e-01   0.0000000e+00  -1.7274714e-01   5.5406901e-01   1.9944617e-01  -2.6470948e-01   6.7679550e-03   2.4206043e-01   1.9864621e-01   8.2855632e-02  -4.2957875e-01   1.8013468e-01   5.3413098e-01  -1.3324427e-01   6.7810810e-02  -4.8191274e-01   1.9486531e-02  -3.1622410e-01   1.9884377e-02  -3.3087954e-01   1.1135956e-01  -4.6363380e-02  -2.6273227e-02  -2.8760390e-01  -1.7121392e-01   5.4132752e-01   1.4720299e-02   9.2613738e-02   3.8974213e-01  -1.1763878e-01   2.1338339e-01   5.4808449e-01   2.5633896e-01  -2.9905341e-01  -2.6976670e-01  -3.0742679e-01   1.4034188e-01  -2.5541016e-01  -1.0042901e-01   2.2961676e-01   1.0801835e-01   3.9362971e-01   6.6759017e-03  -3.1193569e-01   1.3878120e-01   1.5944038e-01   2.5934752e-01  -3.8404910e-01  -2.8034107e-01  -2.7031761e-01  -4.3070188e-02  -3.3787289e-01   2.5481322e-02   7.7403157e-02  -2.6317478e-01  -2.6609989e-01   2.1752330e-01   4.6716075e-01  -1.0340887e-01   6.2036176e-02  -3.4991540e-01   9.0966183e-02   2.5699386e-01  -1.1447349e-01   2.4812757e-01  -1.5218310e-01   2.2230248e-02  -2.5347615e-01  -4.0058109e-02  -1.6974156e-01  -3.1492101e-02   2.4917295e-01  -3.7438198e-01   2.3549086e-01   2.3339905e-01  -4.6582950e-01  -3.3574780e-01  -1.9619528e-01   1.3734442e-01  -2.9137893e-01  -9.6083744e-02  -4.3583710e-01  -3.6820857e-02  -1.5024404e-01   2.4476742e-01  -2.9656486e-01  -2.1875537e-02   8.5385278e-02   2.6393302e-01  -2.8420266e-01   6.9105884e-02   2.7434824e-01  -3.4299733e-01   2.0185950e-01  -3.7113698e-02  -4.0545747e-01  -2.7551461e-01  -9.9011299e-02   2.6871937e-01  -4.0276463e-01   2.8110880e-01   6.8823209e-02   4.6694320e-01  -1.9104043e-01  -4.1419579e-01  -3.3384977e-01  -2.3452628e-01   1.1060080e-01  -1.9856429e-01  -1.9620413e-03  -2.7596156e-01  -6.9424468e-02  -2.2791190e-01   6.2007580e-02   1.3019730e-01   3.3686083e-02  -2.3515403e-01  -3.4045135e-01   1.8282991e-01   2.7972468e-01  -4.0923101e-01   2.4700701e-01   1.3193975e-01   3.9467930e-01  -1.6517313e-01   3.6946684e-01  -1.7636077e-01  -3.1259766e-01   1.9455682e-01  -1.0478382e-01  -2.9547298e-01  -3.2343121e-01  -2.1203186e-01  -2.5672231e-01  -2.3092425e-01  -2.8983750e-01   9.7624695e-02  -1.6115195e-01   2.2689222e-01   2.8830327e-01   8.0412202e-02   4.6350502e-01  -3.2953618e-01  -3.6780672e-01  -2.0943216e-01   1.7484551e-01   4.6527909e-01  -3.2922964e-01  -2.4594696e-01   8.2131145e-02  -1.0561077e-01  -1.9540240e-01  -7.8980579e-02  -3.2025682e-01   6.5013494e-01  -1.9868472e-01  -2.3947152e-02   2.4479003e-01   2.8274085e-01  -2.4488940e-01  -2.0708998e-01   3.1872279e-01   3.2957182e-01  -1.3626560e-01  -2.0612928e-01  -1.4555971e-01  -1.4521331e-01   2.3226103e-02  -1.4808873e-01
   7.8524322e-02  -3.8629985e-01   1.0422973e-01   3.5548028e-01  -3.3508588e-02   2.6069305e-01   1.9106709e-01  -4.3311579e-02  -1.7640706e-01  -1.7274714e-01   0.0000000e+00  -4.1739090e-01   1.2138406e-01   9.3747741e-02   6.4212848e-02   4.0410866e-01  -3.2367889e-02   7.3796687e-01  -5.8267725e-02  -4.6379800e-03   1.3925628e-01   3.1380137e-01  -1.1802789e-01  -2.2601828e-01   2.0785842e-03  -5.6184373e-02   1.7196724e-01  -9.5356519e-03   2.0063597e-01   3.3425673e-01  -2.9895814e-01   9.0489607e-02  -8.5464317e-02  -2.8129830e-01  -2.8193862e-01   5.9523536e-01  -1.9344342e-01  -1.3963361e-01   4.3604338e-01  -3.1003273e-01   2.7901353e-01   6.6026325e-02  -2.6710379e-01   5.6795477e-01   3.6717750e-01   2.0743803e-01   7.3618909e-01  -9.3303034e-02  -1.1673610e-01  -3.2388210e-01   6.7717348e-01  -4.4939613e-02  -2.4819923e-01  -1.7772058e-01  -1.1473414e-01   5.8309854e-01  -1.7199609e-01   1.0291732e-01   4.9438857e-01  -1.1341534e-01   3.2749832e-01   2.5568651e-01  -2.0813553e-01  -5.3187937e-02  -9.2862744e-02   1.3401026e-01   2.0867314e-01  -2.7911266e-04   5.4743339e-01   2.3532164e-01  -2.6225125e-01   4.6743923e-01   4.0672425e-01   3.4342603e-01  -1.1810772e-01  -3.1307837e-01   3.1597694e-01   2.3951337e-01  -3.1071146e-01   1.4640946e-01  -7.1933230e-02   4.0251969e-01   2.0574678e-01   1.3179944e-02   7.5412814e-02  -3.5000175e-01  -3.1610837e-01   9.8745037e-02  -1.0642759e-01   1.0416035e-01  -1.8306800e-01   1.2836706e-01  -1.7404482e-01  -4.3821868e-02  -1.2362673e-01  -2.7030537e-01   1.8603606e-01  -2.6692430e-01   2.7430199e-01   4.3698347e-01   2.6356961e-01   4.7624943e-01   1.7790291e-01  -2.5376619e-01   3.8265126e-01   1.2404739e-01   1.8630347e-03   8.0267484e-03  -4.0168717e-01   5.7997639e-01   1.5636611e-02   5.3442649e-01   1.7097113e-01  -1.2380542e-01   3.3952227e-01  -2.5048093e-01   4.4363669e-01   3.8926055e-01   4.7624285e-01   3.4922850e-01   4.3130949e-03  -2.0141577e-01  -4.8878953e-02   2.3143184e-01   2.0881644e-01   7.0077642e-02   1.6512730e-01   2.6105397e-02  -3.9317006e-02   2.2790592e-01   2.4323976e-01  -1.1223854e-01  -6.5556137e-02  -3.1539152e-01   3.3689985e-02  -4.4187964e-01   5.1438120e-02   1.3586476e-01  -3.0372298e-01  -1.8509264e-01   1.0562164e-01   1.0187982e-01   4.2698205e-01   2.8363506e-01   1.9049788e-01   1.2755828e-01  -2.3908198e-01  -2.5186792e-01   6.6537120e-01  -8.9248672e-02   2.7973877e-01   2.6976104e-02   1.6174927e-02   1.3992292e-01  -1.9915202e-01  -9.5365034e-02  -7.0340081e-02   5.5720601e-01   3.5362106e-02  -1.7985666e-01   1.7269599e-01   3.3036652e-01  -1.5931026e-02   4.3061398e-01   1.5320014e-01  -4.0400210e-01   2.0393823e-01   3.6075383e-02   1.4271896e-01  -1.3459713e-01  -4.4768757e-01  -2.1655563e-01   4.5679693e-01   4.6913744e-01  -1.4293308e-01   1.7102711e-01   1.3422666e-01
  -3.2397294e-01   7.5252994e-01   9.5070351e-02  -2.3316927e-02   2.4323475e-01  -3.6281675e-01  -1.5219927e-01  -1.4718129e-01   6.9705496e-02   5.5406901e-01  -4.1739090e-01   0.0000000e+00   3.3534968e-02  -2.9295789e-01  -2.0369034e-01  -1.9004257e-01   1.1592091e-01  -2.1869900e-01  -1.6608260e-01   1.6245954e-01   3.0724099e-01  -2.5094571e-01   3.8113697e-02  -2.6754090e-01  -7.0633225e-02  -1.2263957e-01   1.6205541e-02  -2.5609788e-01  -1.0417296e-01  -9.7101015e-02   2.2679230e-01  -2.4757131e-01   4.9059411e-02   5.1999473e-01   3.5147411e-01  -1.5371335e-01   5.3485188e-01  -4.1372049e-02  -1.1529163e-01   6.1068128e-01   8.4614643e-03  -2.4814511e-01   1.0516691e-01  -5.1625298e-01   2.8694505e-02  -3.5716866e-01  -4.2395686e-01   4.2942829e-01   4.4438788e-01   5.5982649e-01  -3.2923813e-01  -2.1159272e-01   4.6377119e-01   1.4697637e-01   2.3065454e-01  -6.7186559e-01   4.6946281e-02  -2.0169873e-01  -8.9867399e-02  -5.4104079e-02  -3.1972038e-01   7.1056876e-02   5.6070873e-02   1.5712002e-01   4.2619088e-01   2.4122771e-01  -2.4444504e-01   8.5105587e-02  -4.7879963e-01  -2.0162504e-01   4.1242228e-01  -2.9816869e-01   2.1698545e-03  -4.4914777e-01   6.8364615e-02  -6.3419884e-03  -3.2414611e-01  -3.5144476e-01   3.4497694e-01   1.3941059e-01  -2.5265213e-01   5.5988248e-02   1.9994857e-01  -7.6412630e-02  -3.4733893e-01  -1.6489776e-02   4.6368990e-01  -3.1001711e-01  -1.1732345e-01  -4.4390027e-01   4.0246174e-01  -2.5335354e-01   5.2632547e-01  -3.2632599e-02   1.4937358e-02   2.4893071e-01  -2.8511925e-02   5.6207064e-03   6.3131020e-02  -2.0113352e-01  -4.8935797e-01  -3.2588798e-02  -2.2040764e-01   2.1307770e-02  -4.7500563e-01  -8.5153135e-02   3.2619837e-02  -1.7884985e-01   4.6561230e-01  -1.7017316e-01   4.3546047e-01  -3.9499916e-01  -1.8839068e-01  -1.6200538e-01  -4.9725227e-01   5.6963212e-01  -4.7622787e-01  -1.2441347e-01  -6.0842281e-01  -4.9021890e-02  -2.6868714e-01   3.1692041e-01   7.9490997e-02   1.3917472e-01  -4.0764621e-01  -1.3212660e-01   1.6496845e-01   8.5575196e-02  -1.1385863e-01  -8.4656558e-02  -1.0463849e-01   5.0935160e-01  -2.2397971e-01   4.7047877e-01  -5.1522678e-02   9.4799316e-03   7.9405262e-02  -1.9737500e-01  -6.9838676e-02  -2.5526291e-02  -1.5559537e-01  -1.7573064e-01  -2.9320945e-01  -4.9444443e-01  -1.3347951e-01  -1.8740823e-01   2.4139367e-01   6.4728660e-01  -3.9180978e-01   4.7723560e-01  -4.8264548e-01  -1.8481584e-01  -3.0222354e-01   3.2126126e-01   5.3208336e-01  -1.4355284e-01  -1.2740813e-01  -1.7208589e-01  -1.4528605e-01  -9.3447431e-02  -8.5028236e-02  -2.9930469e-01   3.9962898e-01  -1.6239724e-01  -8.3449244e-02   6.0411722e-01   2.3516897e-01  -3.7909504e-02  -3.0943664e-01   6.6059755e-01   6.9399822e-01  -1.6457358e-02  -7.1454948e-02  -3.0493889e-01   5.6017409e-02  -9.7633596e-02  -1.3673318e-01
  -1.2809409e-01  -9.0380746e-02   1.0529738e-01   2.3110986e-01   2.1244763e-01  -2.3717414e-02  -1.6219020e-01  -1.1836474e-01  -1.9214961e-01   1.9944617e-01   1.2138406e-01   3.3534968e-02   0.0000000e+00  -4.2382424e-01  -4.3647736e-02   2.5530507e-01   4.9468085e-03   2.9194823e-01  -1.9776029e-01   3.5947609e-01  -4.2080210e-02   6.2550094e-02  -1.2367060e-01  -3.1019159e-01   2.4451621e-01  -1.1546717e-01  -1.2588043e-01  -1.9713393e-01   2.2648075e-01  -2.5176853e-02  -2.2903339e-01   2.9385063e-02   1.5858768e-01   3.2444779e-02  -5.9585143e-02   4.3653828e-01   1.4280607e-01  -8.2672873e-02   3.3845484e-01  -4.6492255e-02   7.9560463e-01   7.8544070e-02  -4.5929223e-02  -1.1322804e-01   3.5967188e-01   4.6012011e-03   2.8204983e-01  -2.3207606e-01   2.4180123e-01  -9.1720677e-02   3.1397077e-01  -1.0167336e-01  -1.4088092e-01   3.6631362e-01  -7.6398898e-02  -8.2430823e-02  -2.4513745e-01  -6.1773979e-02   4.8847489e-01  -4.6993557e-02  -2.5973697e-02   2.4431123e-01  -2.5612570e-01  -2.1560127e-01   5.4027453e-02   3.2523217e-03   7.4420265e-02  -3.1943722e-01  -7.0934201e-02   7.0032778e-02  -2.4082716e-01   2.4203395e-01   4.5895701e-01  -8.9236318e-02   2.8514075e-01  -3.3640258e-01   4.5519765e-02  -1.5607631e-01  -9.9324007e-03   6.6341050e-01  -3.0879861e-01   4.2249944e-01   2.9959374e-02  -1.7898286e-01  -2.3982408e-01  -2.6371901e-01  -1.8207572e-01  -2.3304698e-01   2.9062783e-02  -9.0722845e-02   1.8895452e-01  -1.3541404e-01   2.2579002e-01   7.0056099e-02  -9.2485322e-02   1.4262212e-01   4.5469273e-01  -1.6548716e-01   3.0267564e-01   2.4401632e-01  -2.5614980e-01   1.8049833e-01  -3.1211300e-01  -2.7712628e-01   4.1804643e-02   2.1339238e-01  -1.2225786e-02  -1.6186233e-01   3.3844653e-01   1.6270164e-01   7.4036905e-02  -1.1461763e-01  -5.6395517e-02  -1.0566135e-01  -1.8420288e-01  -1.3935852e-02  -1.2669069e-01   5.5585098e-01  -1.8301854e-01   1.0947228e-01  -4.3362664e-03   9.6924362e-02   8.0934740e-02  -3.1536707e-02   7.9862823e-02  -3.3946741e-01   7.3785116e-02   2.2377224e-01  -6.8089422e-02   1.4826822e-01   5.1816411e-01  -5.6699458e-02  -1.9627302e-01  -1.3504238e-01   2.6939897e-02  -2.5503251e-01   5.1699323e-01  -3.5511665e-01  -2.1436555e-01  -8.8590991e-02   2.9747223e-02   1.9424115e-01   6.1651842e-02  -2.0005832e-01  -8.2561446e-02  -3.3135860e-01  -2.3233911e-01  -5.6253845e-03   2.4131173e-01   7.8884351e-02  -1.7538224e-01  -3.5246314e-01  -9.2520603e-02  -1.1111057e-02  -7.0914224e-02  -7.4306466e-02  -1.6297796e-02   5.2373888e-01  -1.7119950e-01  -2.9586043e-01  -1.0325352e-01  -8.3789569e-02   1.4752281e-02   2.6905072e-01   8.1228601e-02  -1.1883558e-01   8.4449206e-02  -9.0194140e-02  -1.6355349e-01   3.8172747e-02   3.2804064e-02   6.6636903e-02   2.1100599e-01  -1.3473617e-02   1.8576359e-02   4.3912091e-01  -1.3206500e-02
   5.8567766e-01  -3.0092531e-01  -2.4105663e-01  -2.2232279e-01  -4.3341284e-01   1.0859233e-01   5.7749428e-01  -5.0541073e-02  -1.8823782e-01  -2.6470948e-01   9.3747741e-02  -2.9295789e-01  -4.2382424e-01   0.0000000e+00   2.3955067e-01  -1.4440351e-01  -1.8366547e-01  -2.2267105e-01  -5.0733651e-02  -4.4551841e-01   8.9897329e-02   7.6211161e-05   4.2991293e-01   4.4281890e-01  -5.3915740e-02   7.8886376e-03  -7.9970284e-02   3.2965802e-01  -9.5243679e-02  -9.2295757e-02  -7.4740960e-02   1.2510094e-01  -6.7040308e-02  -9.6989619e-02  -2.9595035e-01  -3.3337975e-01  -2.3214288e-01   3.4820637e-01  -2.3839656e-01  -3.6820853e-02  -3.6723523e-01   7.9243379e-02  -2.0981730e-01   2.5624997e-01  -2.4176242e-01   2.4983814e-01  -1.7876665e-01   2.0385234e-01  -4.3992344e-01  -3.0620942e-01  -9.0252705e-02   8.2138980e-02  -2.6411126e-01   1.2270584e-03   2.9483879e-01   2.3017787e-01  -3.3643314e-02   4.6666421e-02  -1.3072593e-01  -1.7910297e-01   9.0632838e-03  -1.1021757e-01  -1.5179331e-01  -7.6813808e-02  -3.8797752e-01  -1.3270285e-01   3.9489915e-02  -6.0683517e-02   1.6789484e-01   1.3852761e-01   3.2048828e-01  -1.2563301e-02  -4.3863120e-01   3.7365846e-01  -1.0778886e-01   1.3455929e-01   1.3028379e-01   1.6171505e-01  -4.5201849e-01  -2.9027519e-01   3.9446537e-01  -3.3944747e-01  -1.4395555e-01  -6.0058425e-02   7.4524619e-01   2.2464861e-01   1.1961451e-02   7.3759764e-01  -1.4762383e-01   5.4433680e-01  -4.4553832e-01  -6.2991659e-02  -4.8619721e-01  -2.8586277e-01   2.9632949e-01  -4.4977023e-01  -1.3952221e-01  -1.0468101e-01  -3.4771405e-01   1.2236309e-01   4.4293127e-01  -2.8884446e-01   5.0835696e-01  -2.3239182e-02   3.0039331e-01  -1.7010508e-01   1.7002227e-01  -1.4674385e-02  -2.2046200e-01  -2.6398318e-01  -1.2712609e-01   2.4371437e-01   3.5617783e-02   4.6434070e-01   4.8376836e-01  -3.4130305e-01   2.1637026e-01  -3.0021303e-01   3.9349135e-01  -1.7402466e-01   1.1920015e-01  -3.7545740e-01  -1.5118564e-01  -2.9077859e-01   2.5314108e-01   3.1919343e-01  -3.3257024e-01   7.7195448e-03  -8.2479133e-02   1.3404515e-01  -3.2181930e-01  -7.3244316e-02   1.5660904e-01  -6.3913926e-02  -2.1514222e-01   1.1003131e-01  -2.0328994e-01   6.7851020e-01   8.3253378e-02   7.4096426e-02   4.7186640e-01  -9.3069754e-02  -1.3376810e-01   1.9819417e-01   1.7413927e-01   1.8796395e-01   4.1853987e-01  -4.8973740e-01  -7.6421607e-02  -8.8767193e-02   6.1168743e-01   4.3670687e-01   2.7680699e-01  -1.2135570e-01  -3.1383861e-01   3.7228442e-01   2.9474110e-01  -1.4301158e-01  -1.4329163e-01   3.6749194e-01   9.6532124e-02   1.1811937e-02  -2.4141948e-01  -1.1558613e-01  -1.6982852e-01  -2.6679796e-01  -2.1236985e-01  -6.7670894e-02   4.8490840e-01  -3.6681221e-01  -3.0050612e-01   2.1629155e-01  -3.3199296e-01  -4.7358141e-02   9.8102986e-02  -4.9551397e-02  -1.4441419e-01
