   0.0000000e+00  -9.1971846e-02   2.9821754e-01  -1.0377316e-01  -1.9985082e-01   6.0468519e-03  -4.5915885e-01   4.9716857e-02  -3.3207514e-01  -1.5759204e-01  -2.7382300e-01   2.7887324e-01  -1.8971931e-03   2.8364363e-01  -4.7098246e-01  -3.0540438e-01   3.1107105e-01  -3.6366220e-01   4.5465499e-02  -3.0231628e-01  -5.3548525e-01  -2.1023684e-01  -5.7449112e-01   6.6665823e-01   1.0251773e-01   1.8870575e-01  -1.1605041e-01   2.0692493e-01   1.5346579e-01   2.4279203e-01  -4.5084172e-01  -3.0462067e-01  -7.2501834e-02  -4.5162454e-01  -6.2110383e-02  -3.2736218e-01  -2.0752385e-01  -7.4310306e-02  -3.5002873e-01   1.2941331e-01  -2.5489560e-01  -2.5818469e-02   1.6788347e-02   1.3728157e-01  -1.9659703e-01   3.6918680e-01  -2.1865903e-01  -4.8979904e-01  -1.6302883e-01   4.4821431e-01  -3.2610092e-01   1.8348798e-01  -4.4237840e-01   3.1597328e-01   5.6033253e-01   1.3256706e-02   8.5262387e-02  -4.0004266e-01  -4.2999966e-01   2.9497244e-01   1.5456305e-01  -2.3856862e-01   3.2416852e-02  -4.3977817e-01  -3.6959061e-01  -4.4502953e-01   1.5913923e-02   5.3392159e-02   1.4452629e-02   3.9640129e-01  -2.1057072e-01   1.2875513e-01  -2.5420608e-01   7.5428659e-01   2.7793076e-01   4.1435300e-02   1.3966220e-01   1.5218471e-01  -4.1544076e-01  -1.5804802e-01  -3.2362733e-01  -1.5786711e-01  -2.3030631e-01   1.9907487e-01   5.0272711e-01   5.1239474e-02  -1.9196057e-01   4.1346069e-01  -2.4448062e-01   5.0913003e-01  -1.3930185e-01   2.2418282e-01  -3.6015497e-01  -2.7526714e-01   4.0915698e-02  -7.0689638e-02  -1.3138038e-01   1.5212629e-01  -7.2983661e-02  -2.0420008e-01   7.0779811e-03  -3.5416515e-01   9.3719570e-02  -3.0514064e-01  -3.8791932e-01  -1.3899564e-01   2.1868061e-01   1.0424450e-01  -2.2685905e-01  -3.0724770e-01  -3.1205150e-01   2.2980501e-02   1.2206925e-02   7.6834808e-01   2.1008886e-01  -2.8709299e-01   5.1096497e-02  -6.8811465e-02   1.4520024e-01  -9.8343958e-02   5.5746746e-01   8.7709180e-03  -4.9854131e-02  -3.7949277e-01   2.9957407e-01   7.6536058e-01  -4.2624260e-01   3.4862045e-01  -3.7582929e-01   4.1351812e-01  -2.5224536e-01  -5.3125383e-01   7.0555291e-01  -5.3930825e-01  -8.7030787e-02   9.5292211e-02  -2.1617654e-01  -1.3087692e-01   2.9192239e-02   3.7813767e-01   5.6207965e-01   3.1461635e-01   4.6514062e-02   8.3327749e-02  -4.4228795e-01  -5.6765915e-01  -1.6134372e-01  -1.9721437e-01  -3.1562522e-01  -4.8036592e-01   5.0374383e-01   9.6389647e-02   4.8710731e-01  -1.7775873e-01   3.4926363e-01   4.1656747e-01   3.0810646e-01  -4.1290970e-01   3.3871763e-01  -2.7462038e-01   1.5809710e-01  -2.1943275e-01  -1.1577055e-01  -2.9199490e-01  -2.6416547e-01  -6.7794871e-02  -4.1940327e-02   4.6998977e-01   4.5818128e-01  -3.0682849e-01  -1.2387463e-02   2.1113193e-01  -2.4120959e-01   3.4917391e-01   2.5188762e-01  -1.1474652e-01  -3.3031067e-01
  -9.1971846e-02   0.0000000e+00   1.0901006e-01   1.3150432e-01   2.2894416e-01  -1.8012282e-01   3.7459617e-01  -2.3082569e-01   6.2298189e-01   3.5382429e-01  -2.3457229e-01   7.0739851e-01   8.0239280e-02  -3.8055689e-02  -1.4743836e-01  -8.5292079e-02   3.2058993e-01  -1.0834534e-01  -1.9081835e-01   1.5195682e-01  -2.4056317e-01  -5.4383994e-04  -1.8935444e-01  -1.1416946e-01   1.5160970e-01  -2.4581867e-01  -4.5320721e-02  -1.0157705e-01   1.0720014e-01   1.5930215e-01  -1.8456676e-01  -1.6979886e-01   1.2383468e-01   4.4978070e-01   5.3767979e-01   1.1896157e-01   3.0138762e-01  -2.6632821e-01  -6.7465235e-02  -4.6268013e-02  -1.8802814e-02   1.2364600e-01   5.4547800e-01  -2.4208536e-01   2.8522511e-01  -1.1911506e-01  -1.2138201e-01   9.1187106e-02  -5.3376668e-02   7.0860025e-02  -2.1376374e-01  -2.6678853e-01   3.0088474e-01   1.2345711e-01  -7.2266321e-02  -5.9130174e-02  -1.6920178e-01   8.2618130e-03   3.7942984e-02   5.9391287e-01   5.6150916e-03   1.8448032e-02   4.2264141e-01   2.9574334e-01   1.6652731e-01  -4.2161502e-02  -2.1194669e-01   1.9978581e-01  -1.9117415e-01  -6.2779894e-02   1.8997728e-01   1.4119440e-01   2.7750107e-02   1.5475979e-01   4.0254397e-02  -3.1328532e-02  -2.1430688e-01  -7.4610956e-02   5.7351015e-01   3.2362522e-01  -3.2305643e-01   1.3773054e-01  -4.5667003e-02  -3.0145876e-01   1.3679663e-01   1.6244398e-02   2.1947024e-01  -9.7819931e-02   9.0255180e-02  -2.7507356e-01   3.0620403e-01  -7.1880028e-02   2.6379067e-01   5.7102773e-01  -3.0369467e-01   2.7216910e-01   3.4142043e-01  -8.9736028e-02   8.3693079e-02   3.2611513e-01  -2.1663386e-01   3.4029095e-01  -1.9421893e-01   4.2303213e-01  -2.5403767e-03  -6.9871622e-02   2.7679434e-01  -7.9187822e-02  -1.4725087e-01   1.1520441e-01   9.9345261e-02   9.5282371e-02   3.1768256e-01  -2.7577313e-01  -2.6868815e-01   3.8630729e-01  -1.6661919e-02   5.4262504e-02  -2.4673060e-01   2.2370359e-01  -1.6783967e-01   4.8819373e-01   2.0752141e-01   4.1793948e-01  -2.2306529e-01   1.5723112e-01   4.0208031e-01   1.2804570e-01   6.9647678e-03  -2.3238444e-02   1.5752277e-01  -4.0073327e-02   3.1724698e-01  -1.9179772e-01   4.0992376e-01  -8.5818799e-02   2.1130737e-01  -2.8551277e-01  -4.6335950e-02  -1.4386357e-01  -3.1551346e-02   1.8691349e-02   1.8349110e-01  -9.0028084e-02   1.4258017e-01  -1.3469127e-02   3.4400135e-01   1.5466538e-01   1.7821771e-02  -1.5397695e-01  -3.8414934e-02  -3.4057460e-01  -1.0589266e-01   1.5385541e-01   2.4238377e-01  -1.6314170e-01  -1.9900477e-01   1.1734631e-01   1.2924852e-01  -9.4555068e-02   2.7982040e-01  -1.7787809e-01   1.6650605e-01   3.0416848e-02  -1.7441274e-01   5.8785214e-01   8.3015216e-02  -3.0323087e-01   5.5066871e-02   3.5148557e-01   4.8377892e-01  -1.2506588e-01   1.7995329e-01  -1.9449122e-02   3.0517434e-02  -8.9344835e-03  -1.1774476e-01
   2.9821754e-01   1.0901006e-01   0.0000000e+00  -1.2722518e-01  -2.9408428e-03   2.1397037e-01  -6.3243891e-02   1.2680928e-01  -5.0224677e-02  -1.9404730e-01   4.6409267e-02   2.5254093e-01   5.3647703e-02  -1.0976536e-01  -5.3942442e-01  -8.1558175e-03   5.2769094e-01  -1.1744182e-01   2.1904078e-01  -4.6047717e-02  -1.7901616e-01   1.8585333e-01  -3.4226224e-01   1.0894942e-01   1.7246055e-01   2.4130430e-01  -3.7339477e-03  -1.0175429e-01   1.1955136e-01   2.6024869e-01  -3.7463024e-01   9.4243677e-02   1.3527730e-01  -2.0121372e-01  -2.5096063e-02   4.9223387e-03   5.4164363e-02  -7.7506934e-02  -5.2222824e-02  -4.3783328e-02  -8.5179454e-02   2.6770371e-01   8.8080157e-02  -1.3272838e-01   5.8439784e-02   6.4188587e-01  -1.7946414e-02  -1.7721178e-01  -1.9628526e-01   3.5811153e-01  -6.2602222e-02   2.7721311e-01  -2.0461420e-01   2.6932359e-02   2.0578528e-01   3.3662034e-02   2.9002817e-01   1.8392228e-01  -2.4151979e-01   2.1927587e-01   7.1840837e-01  -2.2221432e-02  -2.2931967e-02  -2.8937666e-01  -2.1230315e-01  -1.3596183e-01   1.0527161e-01  -1.4634376e-01   1.5687799e-01   7.8184346e-01  -1.6909023e-01   1.4458132e-01  -7.7354374e-02   4.3788352e-01   2.5700845e-01   3.1440101e-01   4.5019030e-01   2.0250885e-01  -8.4098581e-02   6.9889431e-03  -3.1255763e-01  -1.0234457e-01  -1.0818839e-01   8.1868146e-02   1.3228819e-01   3.5069280e-01  -2.8797307e-01  -9.0154945e-03  -1.4801381e-02   1.6965362e-02  -4.2904767e-02   7.8115089e-01  -2.2458648e-01   3.6518930e-02   3.2858974e-01   8.0700775e-03  -1.3396385e-01   2.0290938e-01  -3.2604274e-02   1.0223272e-01  -2.5414428e-01  -2.4561067e-01   1.9620168e-01   8.7607288e-02   7.3687758e-02   2.3501629e-01   1.3285221e-01   2.7755737e-01  -2.1634635e-01  -1.4935472e-01  -1.9189493e-01   3.3155759e-01   7.6820554e-03   1.6782526e-01  -7.6650638e-02  -8.1727626e-03   2.8697501e-01  -6.5003500e-02  -8.6841527e-02   1.2383490e-01   3.6084288e-01   1.1414015e-01   1.7414783e-02   8.5619216e-02   4.0202182e-01   1.8630671e-01  -4.4437403e-02  -5.8542940e-02   9.3960573e-02   3.8520112e-01  -7.7164352e-03  -1.3374590e-01   3.0931341e-01  -2.4591712e-01   3.7553866e-02   2.5667678e-01  -9.2566388e-02  -1.8343051e-01   2.2102097e-01  -9.0568766e-02   1.9206676e-01   2.6744034e-02   3.5263509e-01   1.8826658e-02  -2.8004818e-01  -8.4713502e-02   2.2276957e-02  -4.3258075e-03  -1.2120622e-01  -2.6561461e-01   1.6186083e-01   1.1823157e-02   4.1470658e-01   3.3825314e-02   4.7607961e-02  -1.2516147e-01   6.0074397e-01  -2.8069276e-01   6.9796817e-01  -1.0019979e-01   2.0942934e-01   2.3449542e-01  -1.0878533e-01   5.8528940e-02   2.1564738e-01   8.0627598e-02   1.9063697e-01   1.6356781e-01   4.4005026e-01  -1.0274350e-01  -3.0169630e-02   1.4080575e-01   1.2816405e-01   1.6783104e-01  -4.6247532e-02  -4.2885501e-02   8.7406593e-02
  -1.0377316e-01   1.3150432e-01  -1.2722518e-01   0.0000000e+00   4.5500705e-01   9.9993556e-02   5.1290910e-02   5.3229060e-02   2.4551704e-01  -1.5079156e-01   5.2251575e-02   6.7776769e-02   2.1333496e-01   3.8751489e-02   5.7900682e-02  -4.3937478e-02  -3.0799594e-02   4.1220020e-01  -2.4224954e-02   2.9899173e-01   1.2684574e-01   3.2892504e-01  -5.9020985e-03  -2.3381814e-01  -6.6382873e-02  -2.0113215e-01   8.2012241e-02  -1.5913839e-01   1.5086692e-01   1.2127496e-01   8.8923103e-02   3.1934105e-01   4.1864891e-01   1.4928893e-01   1.5176446e-01   3.1576296e-01   1.1670090e-01  -1.1536734e-01  -5.3070197e-02  -9.6370414e-02   1.4757096e-01   2.1645203e-01   1.0052789e-03  -1.0375464e-01   3.2110918e-01  -8.0222837e-02   2.7873731e-01   1.0370175e-01   3.0591397e-01  -1.5777603e-01   1.9114223e-01  -1.4077879e-01   1.2497190e-01   1.3496008e-01   2.1735035e-02  -2.0274006e-01  -5.7229204e-03   2.6816361e-01   3.3385147e-01  -2.3064327e-02  -1.3340812e-01   1.0112394e-01   1.2850428e-01   1.7624728e-01   3.4607006e-01  -8.8315822e-02   1.9593900e-01   4.5843838e-02   1.5888179e-01  -1.2560847e-01  -7.3475230e-02   5.5522132e-01   1.7296956e-02  -1.5129269e-01  -1.3979964e-01  -9.6247021e-02  -1.3491906e-01   2.3284234e-02   1.7307134e-01   2.6623239e-01  -7.0315594e-03  -1.3415430e-01  -1.3303185e-01   2.6028623e-02   6.7546999e-03  -3.8099911e-02   9.0916110e-02  -1.6265790e-01  -4.4358764e-02  -2.7668695e-01   3.4585139e-01  -1.1876426e-01   1.5293126e-01   9.7021274e-02  -1.5291308e-01   1.9613830e-01   2.9779425e-01  -1.2615528e-01   3.2300833e-01   3.1551273e-02  -1.7887409e-01   8.6296076e-02   1.3322139e-01   2.1962427e-01   2.0816441e-01   4.2791728e-01   1.4709683e-01   1.3391259e-02  -8.5588419e-02   4.3901284e-02  -8.9613064e-02   5.0030898e-02   4.1596653e-01  -1.5123901e-01  -1.3179616e-01   1.2764806e-01  -1.7811669e-01   1.3276501e-01  -2.0320461e-01   4.2655370e-01  -5.3398988e-02   2.3757268e-01  -2.2926091e-01   1.4365787e-01  -1.2523519e-01  -1.0727553e-01   1.0986482e-02  -2.3790243e-01   3.7496984e-01  -1.8048546e-01   5.3128776e-03   6.9181190e-02   5.7396623e-02   6.1348059e-02   1.6416574e-01   7.7642872e-02   1.4623739e-01  -4.7462421e-02   1.1426897e-01  -1.5066665e-01   2.9936123e-02  -1.5298528e-04  -7.0802086e-02  -2.3081154e-01   1.0490974e-01   9.7583918e-02  -8.5780925e-02  -6.2629926e-02  -6.5410256e-02   1.1439182e-01  -1.4215913e-01   1.2465183e-01   2.0533126e-02   2.7570005e-02  -2.2983698e-02  -2.1980227e-01  -3.5550593e-02   2.0378282e-01   4.1661462e-02   1.3622348e-01   1.2460412e-01   1.0084209e-01  -1.4693353e-01   4.3567355e-01   7.2285299e-02  -2.0074482e-02  -2.6063257e-02   8.9173352e-02  -3.3247600e-02   1.6069381e-01   7.9070598e-02  -1.5216706e-01   3.9818551e-01  -8.2880835e-03  -6.7521934e-02   1.0640254e-01   2.8490226e-01
  -1.9985082e-01   2.2894416e-01  -2.9408428e-03   4.5500705e-01   0.0000000e+00   1.8829099e-01   4.3264237e-01  -1.8258001e-01   1.8574538e-01  -1.4778685e-02  -1.1247421e-01   1.2634297e-01   2.1030639e-01  -3.4294942e-01  -1.5175795e-03   2.3791310e-01   9.5104915e-02   3.3577033e-01  -1.2498765e-01   7.2633479e-01   3.7322886e-01   1.4513243e-01   1.5173646e-02  -3.8567968e-01  -1.2961404e-01  -3.6680107e-01   2.5219858e-01  -4.3703012e-01  -1.1447570e-01   1.8311577e-01  -7.8387139e-02   4.8900584e-02   4.6473194e-01   3.5753731e-01   3.1370821e-02   6.5528078e-01   4.1876079e-01   1.5097268e-01   3.3248676e-01   4.9572446e-02   3.4587302e-01   3.1787999e-01   3.1801196e-02  -2.4339581e-01   2.2719691e-01   1.3981607e-02   2.1415333e-01   3.6947884e-01   4.1436071e-01  -6.5769290e-02   2.1687517e-01  -3.3614924e-01   3.1936082e-01   4.3273096e-02  -1.4051471e-01  -4.0186935e-01  -1.6771255e-01   5.5532590e-02   2.3777983e-01  -9.4237484e-02   8.7888379e-03   2.7093356e-01   1.1464298e-01   5.7520990e-02   1.8529541e-01   3.2056181e-01   2.8286682e-01  -2.3211564e-01   2.2637885e-02  -5.7922535e-04   1.6951004e-01   1.0572780e-01   2.8938174e-01  -3.1154068e-01  -1.1898441e-01  -2.2064350e-01   5.3424511e-02   1.2680016e-02   4.0311682e-01   2.4651931e-01  -1.5977839e-01   1.9896623e-01  -1.4321584e-01  -2.0492062e-01  -6.6935548e-02  -1.7908772e-01  -1.7014701e-01  -4.2844034e-01  -5.8656153e-02  -2.4521052e-01   4.6271351e-01  -9.2614486e-02   4.5707806e-01   4.0709438e-02   7.7878663e-02   6.6602309e-01   3.0757215e-01  -1.3081399e-01   2.8947558e-01   2.6102551e-01  -2.5332939e-01   5.5539679e-02  -1.3033005e-01  -1.1235786e-01   1.1840498e-01   1.2342057e-01   1.9574676e-01   7.9104962e-02  -4.1929551e-02   3.6311749e-01  -1.7773239e-01  -3.0089269e-02   6.7464780e-03  -1.8667022e-01  -4.2249392e-01   2.6058339e-01  -1.3110213e-01   2.9329266e-01  -2.5047218e-01   2.8708565e-01  -5.0574313e-02   4.1038146e-01  -6.8338842e-02   9.7901926e-02   2.3644601e-02  -3.7566147e-01   2.9959365e-01  -2.8420423e-01   6.9042799e-02  -9.8718132e-03   1.3203432e-01   1.6309488e-01  -1.4372819e-01   8.2284517e-02  -6.4348621e-02  -1.9623470e-01   3.5367184e-01  -3.0873060e-01  -1.1087892e-01  -1.2920257e-01  -1.4063656e-01  -5.0648816e-02   8.1587343e-02  -1.3879513e-01  -2.0612873e-02   2.3459222e-02   2.5070499e-01   4.9567397e-01   1.0979172e-01   1.8165489e-01  -3.1143264e-01  -2.0915385e-01  -1.0008764e-01  -6.2111513e-02  -5.3740599e-02  -1.5514846e-01  -5.2710777e-02   3.2881036e-01  -1.2602756e-02  -6.5664562e-02  -1.1198297e-01   7.1743646e-02   1.6668241e-01   3.5249079e-01  -2.7476161e-02   2.7501506e-01   2.4816647e-01  -3.2549464e-01  -1.1640513e-01   4.6539134e-01   2.9072582e-01   1.6561622e-01   1.7687293e-01  -2.1589726e-01  -4.2751656e-01   1.9645480e-02   1.6649676e-01
   6.0468519e-03  -1.8012282e-01   2.1397037e-01   9.9993556e-02   1.8829099e-01   0.0000000e+00   3.6551069e-01   8.0763292e-02  -4.6437234e-02  -2.3429310e-01   3.3482252e-01   1.0247885e-02   9.3830255e-02  -2.2051760e-01   1.1990329e-01   4.2854705e-01  -1.4077717e-01   4.6990576e-01   2.8635218e-01   3.3666370e-01   4.1724839e-01   2.7464148e-01   1.2062917e-01  -3.5177759e-01  -1.8382481e-02  -1.4871377e-01   5.5512453e-01  -4.9646535e-01  -8.9295966e-02   2.3705656e-01  -1.1574008e-01  -6.5975696e-02   3.1387848e-01  -8.2501594e-02  -2.5936163e-01   5.9940833e-01   2.9057664e-01  -5.1351434e-03   4.5980610e-01  -1.8269566e-02   1.9808910e-01   2.4935232e-01  -3.4101069e-01   1.2174168e-01   1.7819611e-01   3.2031327e-01   6.1183354e-01   4.0901303e-01   1.7803130e-01  -1.0215441e-01   4.3983945e-01  -1.4925205e-01  -2.5807878e-01  -1.1604547e-01  -3.3977713e-02   5.7560747e-05   4.7052205e-01   1.2475757e-01   1.6339113e-01  -6.0825271e-02   3.4584207e-01   2.4656610e-01  -3.7867598e-01  -1.4720689e-01  -2.6165479e-01   5.5977243e-01   7.5602713e-01  -4.0002337e-01   3.6271591e-01   3.7298907e-01  -2.9327275e-01  -2.7013381e-02   1.6479886e-01  -1.0894129e-01  -9.3927551e-02  -2.4936331e-01   3.3088671e-01   2.2846096e-01  -4.2401048e-02   1.5275658e-01  -4.0910545e-02   7.0975216e-02   1.5480397e-01   3.6055515e-02  -8.8884640e-02  -2.2122653e-01  -4.1302168e-01  -3.8713649e-01  -3.4213576e-01  -3.3966601e-01  -2.8021508e-01   3.4653910e-01   1.8950629e-01  -9.8276023e-02   2.8829578e-01   1.9435744e-01   5.3061493e-02   5.4683494e-02  -1.8398693e-01   3.7529896e-01  -3.6609751e-01   5.8646561e-02  -2.3427402e-01  -3.2805907e-01   3.3949201e-01   1.5651364e-02   3.2289506e-02   3.3793206e-01   2.0891872e-01   3.1000091e-01   5.2158728e-03   8.1939371e-02  -1.0796928e-01  -1.5879567e-01  -2.7199952e-01  -5.1538970e-01  -1.4373486e-02   2.1054769e-01   6.9619053e-02   1.1409755e-01   7.8636872e-02  -1.7616996e-01  -2.9204414e-01  -2.7071018e-01   1.7445175e-01  -1.4976403e-01   1.6703066e-01  -1.2224312e-01   4.1224015e-02   3.9724077e-01   8.8618181e-02   2.4001008e-01  -3.7943128e-02   2.3990554e-01  -2.0974036e-01  -2.1965479e-01   2.2314281e-01  -2.5623834e-01  -2.2685007e-01  -3.2279269e-01   1.2648606e-02  -3.9342208e-01   1.7984655e-01   4.1934252e-01  -1.0662531e-01  -3.7478577e-02  -1.8063089e-01   5.3394673e-02   6.0775884e-01   1.8631652e-01  -3.1884632e-01  -1.0471461e-01   4.9245486e-02   2.1894492e-02  -1.9380661e-03  -2.9550404e-01   2.3921165e-01   1.4954276e-01   2.3911823e-01   4.1477908e-01  -2.8803480e-01   2.0469964e-01  -2.3857991e-02   4.3018066e-01   1.5502418e-01  -4.1858812e-01   4.7181409e-01   1.4853654e-01   1.2225982e-01  -1.0052127e-01  -3.0245868e-01   1.0598160e-01   1.1597025e-01   4.1203416e-01  -3.7995397e-01  -4.6718006e-02   2.4221634e-01
  -4.5915885e-01   3.7459617e-01  -6.3243891e-02   5.1290910e-02   4.3264237e-01   3.6551069e-01   0.0000000e+00  -1.3757245e-01   5.2677840e-01   3.2435903e-01   8.0512208e-02   2.2554178e-01   9.6245461e-02  -4.4214476e-01   4.3364347e-01   2.9566379e-01  -1.3499240e-01   2.9182275e-01  -1.1030583e-01   5.5417960e-01   3.8922428e-01   7.9851668e-02   3.3736596e-01  -6.3509428e-01  -8.8170695e-02  -4.7241710e-01   5.1486389e-01  -4.1506314e-01  -2.3621670e-01  -7.4102595e-02   1.5614145e-01  -1.0780616e-01   2.5608559e-01   6.8401103e-01   2.5668546e-01   6.5047199e-01   5.7121099e-01   9.0481294e-03   3.8657848e-01   5.2972966e-04   2.7757171e-01   1.7004350e-01   1.7574791e-01  -2.3398990e-01   3.5540115e-01  -1.6913035e-01   3.5291117e-01   6.5962712e-01   2.9696376e-01  -2.9206658e-01   2.1607262e-01  -4.0792817e-01   3.9894357e-01  -2.3879762e-01  -4.4977551e-01  -1.2521845e-01  -1.3246001e-01   1.3462681e-01   3.8600526e-01   1.1679677e-01   1.0394534e-02   3.0166339e-01   1.5246728e-01   3.1443659e-01   9.8416470e-02   5.8420166e-01   2.3921569e-01  -1.9140037e-01  -7.4849167e-02  -9.6688072e-02   3.2236572e-01  -1.6321577e-01   3.7858777e-01  -3.8571622e-01  -1.9619481e-01  -1.7013190e-01   3.0140561e-02  -6.8071526e-02   6.7698110e-01   4.6003519e-01   1.9231306e-01   3.0459817e-01   1.3294887e-01  -3.6391446e-01  -3.8569261e-01  -2.0829488e-01  -2.2660937e-02  -5.6192925e-01   1.1536931e-03  -5.2937516e-01   1.4232945e-02  -4.1881191e-02   7.9617488e-01   4.6878376e-01   2.0737988e-02   3.8685585e-01   3.0795009e-01  -1.3374524e-01   4.9309649e-02   4.6415280e-01  -3.8023523e-01   5.3205745e-01  -3.7795274e-01   8.3659688e-02   3.3151103e-01  -1.1511471e-01  -9.1846949e-02   9.3539525e-03   2.5337208e-01   2.7292632e-01   2.5308889e-01  -6.4027629e-02   4.3243869e-02  -5.6094087e-01  -4.8376460e-01   1.9238648e-01  -1.0972766e-01   3.3190378e-01  -2.9186036e-01   1.2226242e-01  -2.6188800e-01   1.9437582e-01   8.0859808e-02   1.3182476e-01  -1.3911488e-01  -4.3551954e-01   5.6768877e-01  -1.9460575e-01   2.0998545e-01  -9.0987415e-02   1.1214446e-01   6.1389982e-01  -3.1999131e-01   3.5915874e-01   6.7473092e-02  -1.8381289e-01   4.8122245e-01  -2.2647502e-01  -1.7323781e-01  -3.7403507e-01  -3.3427208e-01  -4.0681055e-01   5.2932260e-02   3.3110945e-02   3.3581695e-01   2.1089835e-01   3.5986108e-01   4.5965329e-01   4.7224931e-01   3.5489614e-01  -6.6255452e-01  -3.9571492e-01  -3.9237415e-01   2.0643948e-01  -1.4316615e-01  -4.2308469e-01  -1.5449463e-01   5.4785236e-01  -1.4080063e-01   2.5388774e-01  -2.7924867e-01   1.3977575e-02   1.6270649e-01   2.7261309e-01   3.2198656e-02   2.9276010e-01   4.3380820e-01  -5.1014360e-01  -2.3572013e-01   4.8727902e-01   2.8818567e-01  -1.2566163e-02   2.0104666e-01  -2.5746184e-01  -2.9886360e-01   4.9913053e-03   1.7445500e-01
   4.9716857e-02  -2.3082569e-01   1.2680928e-01   5.3229060e-02  -1.8258001e-01   8.0763292e-02  -1.3757245e-01   0.0000000e+00  -1.0827374e-01  -2.4746784e-01   2.0448618e-01  -7.8897187e-02  -1.3925623e-01   1.4221304e-02   1.0441860e-01   2.3347936e-01  -1.6256206e-01  -8.7203341e-02   5.9589029e-01  -3.2751374e-01  -9.8321160e-04   1.6704898e-01  -2.5755571e-02  -9.8582564e-02  -7.4573444e-02   5.8147511e-01  -1.1608090e-01  -1.1686234e-01  -4.6255898e-02   8.4190750e-03   2.4013316e-02   3.9625323e-01   1.6729340e-01   8.4565845e-03  -2.2033914e-01  -2.8412324e-01  -1.1726714e-01  -1.1591255e-02   2.9606690e-02  -3.4835353e-01   3.4270078e-03   9.8792321e-02  -9.2822648e-02   4.9209752e-01  -3.3699220e-01   1.0179865e-01   1.2713141e-03  -1.7661433e-01  -2.8603295e-02  -1.8356423e-01   6.8936287e-02   6.2135549e-01   8.4140652e-02  -3.0730176e-01  -8.7737259e-02   2.0982295e-01  -1.1051510e-03   3.2556339e-01   5.4760777e-02  -1.5308136e-01   1.5420526e-01  -2.1130307e-01  -1.9475778e-01  -1.5946737e-02  -1.3448806e-01  -9.8384032e-02   3.2956317e-01  -9.2704964e-02   4.2601449e-01   7.3400623e-02  -3.0686004e-01  -1.4082458e-01   6.6214847e-02  -5.6780483e-02  -6.1813922e-02   4.5104937e-01   1.1894270e-01   5.5204306e-01  -1.2456007e-01  -1.1636213e-01   1.6167297e-01  -3.9035689e-02   8.0426433e-02   8.0865755e-01  -1.1827021e-01   3.1790538e-01  -2.1007368e-01  -1.0352766e-01  -8.2680995e-03  -1.5472230e-01   1.1910195e-01   1.5959706e-01  -3.3667088e-02  -1.4609541e-01   1.5115907e-01  -2.8321220e-01  -7.4700432e-02   6.4949524e-01  -1.0054447e-01  -3.3290544e-01  -1.4762028e-01  -3.3897033e-02   5.6473564e-01  -6.7066416e-03   5.3833741e-02   3.1074663e-01  -2.2039101e-01   6.4636862e-01   2.7584627e-02   9.6191589e-02   1.5884330e-01   2.1322966e-01  -1.7942184e-01   3.7876318e-02   3.4834388e-03   1.1087757e-01   2.7651394e-01  -4.2222653e-03  -2.4799912e-01  -4.4942951e-02   3.6365317e-03  -9.1059618e-02  -9.5044453e-02  -4.2851101e-02   1.1658921e-01  -1.7475616e-01  -1.1224149e-01  -9.6085844e-02   2.0403684e-01  -3.5393849e-01   3.2923806e-03  -7.6512312e-02   1.2291911e-02   1.5119449e-01  -2.4461421e-01   4.5863900e-01  -5.1630464e-02   1.4995089e-01   3.4108497e-01  -1.1416801e-01  -2.6173278e-03  -1.0714198e-01   1.9004096e-01  -2.9241919e-01   9.0117400e-02   1.5256953e-01  -7.5880833e-02  -4.2069724e-02   3.3141335e-02  -3.1033048e-02  -2.0561917e-01   5.4035772e-01  -4.0671718e-02   1.5813442e-01  -4.3071941e-01  -2.6279245e-01   2.2138465e-01   3.0245257e-03   9.1097808e-02   2.0218935e-01  -1.8691516e-01   4.8269353e-01  -2.3699228e-01   5.7496907e-02   4.7306077e-01  -1.1582196e-01  -4.8970160e-02   2.4611795e-01  -2.1339299e-02  -8.1708487e-02  -5.9235333e-02  -2.3647584e-02  -2.0015030e-01  -1.8949617e-01  -9.5402451e-03   6.7254286e-02   4.6105049e-01
  -3.3207514e-01   6.2298189e-01  -5.0224677e-02   2.4551704e-01   1.8574538e-01  -4.6437234e-02   5.2677840e-01  -1.0827374e-01   0.0000000e+00   1.5281087e-01  -3.1442229e-02   3.3106515e-01   2.2215254e-01  -1.1350228e-01   1.3575302e-01   2.7228856e-01   9.8512035e-02   5.0730447e-02  -3.0360402e-01   2.5549097e-01   5.0169099e-02   9.1895733e-02   7.1392031e-02  -4.4918622e-01   1.5718432e-01  -3.1231309e-01   3.3685126e-01  -1.1194823e-01  -5.1728741e-02  -1.3071017e-01   5.7487480e-02  -2.2579256e-02   3.3141706e-01   5.1595960e-01   4.7730162e-01   2.3698303e-01   3.3268724e-01  -2.5372349e-02   2.5376940e-01   1.1436069e-01   2.8467149e-01   2.2213069e-01   3.7320992e-01  -1.9325224e-01   3.0960501e-01  -2.6840521e-01   1.2945391e-01   2.2161490e-01   2.0292170e-01  -3.6550360e-02  -4.9053868e-03  -2.2965014e-01   4.8571763e-01  -2.2396135e-01  -2.8609413e-01   6.7653761e-02  -1.7188061e-01   2.5557303e-01   3.2814198e-01   3.9433765e-01  -6.9010970e-02   1.7850170e-01   5.0957650e-01   4.3569003e-01   2.7452208e-01   1.4569903e-01  -4.7977625e-02   1.1916623e-01  -8.6906576e-02  -1.7076332e-01   3.4677448e-01   1.2525536e-01   3.6694212e-01  -1.9994104e-01  -2.9210779e-02  -1.1168296e-01  -6.8919857e-02  -2.2898920e-02   5.7258401e-01   5.1464540e-01   8.6419333e-02   2.3976016e-01   8.9420123e-02  -3.0164704e-01  -3.0048980e-01  -1.1528268e-01   3.0561466e-01  -1.9510524e-01   2.7693518e-01  -4.8152200e-01   1.8082754e-01  -6.5871555e-02   4.6416642e-01   7.9007428e-01  -1.3538235e-01   2.0967319e-01   3.1387829e-01  -2.1531196e-01   1.3054397e-01   2.3721454e-01  -1.8094100e-01   4.9105885e-01  -1.8852505e-01   5.6885939e-01   1.2649297e-01   2.3322294e-02   5.2297643e-02  -7.3299011e-02   9.3492488e-02   1.5376660e-01   1.9799191e-01  -9.6667428e-02   4.5451654e-01  -4.9113677e-01  -2.0075778e-01   3.8905090e-01   1.1271926e-02   3.3742996e-01  -3.0735866e-01   2.5969646e-01  -2.0417820e-01   2.5506877e-01   2.2547442e-01   3.3993768e-01  -1.8505804e-01  -1.5361861e-01   2.8034893e-01   1.6575793e-02   3.6802693e-01  -1.7387745e-01   2.9845419e-01   2.4093407e-01  -2.7638284e-02   1.0891863e-01   4.4994811e-01  -9.5386223e-02   3.3540738e-01  -7.0290965e-02  -1.2901178e-01  -3.4492147e-01  -3.8534600e-01  -2.8497273e-01  -6.2962005e-02  -2.9692887e-02   3.6699525e-01   1.2642376e-01   2.9805851e-01   1.9902917e-01   2.0659799e-01   9.6954843e-02  -4.6093490e-01  -3.4421520e-01  -2.7628833e-01   3.3092666e-01   5.0445437e-02  -3.7130141e-01  -1.9352166e-01   3.9369254e-01   1.8716972e-02   5.6851829e-02   1.5721027e-01  -1.1473108e-01   9.9068166e-02   8.7098772e-02   2.1788819e-02   3.6189490e-01   1.7670896e-01  -3.7901902e-01  -1.8247760e-01   3.3798896e-01   2.9380624e-01  -7.5509537e-02   3.6934360e-01  -2.6263372e-01  -6.1731909e-02  -5.1104955e-02   1.7578543e-01
  -1.5759204e-01   3.5382429e-01  -1.9404730e-01  -1.5079156e-01  -1.4778685e-02  -2.3429310e-01   3.2435903e-01  -2.4746784e-01   1.5281087e-01   0.0000000e+00  -3.3305049e-01   1.7126260e-01  -6.1463300e-02  -2.8240297e-01   2.3754787e-01  -2.3165978e-01   8.9553832e-02  -2.8515049e-01  -1.2830741e-01   9.6324428e-02  -1.5661906e-01  -2.8737107e-01   9.7025295e-02  -1.1274449e-01  -3.2429346e-02  -5.3763937e-02  -5.5261574e-02   2.1851447e-01  -6.8126624e-02  -1.4986455e-01   1.7378176e-01  -2.6465044e-01  -2.5721995e-01   4.0671621e-01   4.4220455e-01  -5.9854888e-02   2.3721015e-01  -3.6585133e-02  -1.9579367e-01   2.7292518e-01  -1.2956042e-01  -2.1479430e-01   3.6234319e-01  -3.2077371e-01   7.2053514e-02  -3.2157041e-01  -3.1825878e-01   1.6657854e-02   3.9152831e-02  -1.8313370e-02  -4.1201531e-01  -1.6373798e-01   2.1372517e-01  -7.3439608e-02  -2.8333162e-01  -1.8653888e-01  -2.6211007e-01  -2.9305149e-01  -1.9044548e-01   1.3291418e-01  -2.4947614e-01   8.8452287e-02   2.0792009e-01   1.5677957e-01   2.2755874e-01   7.3358968e-02  -2.3721563e-01   1.9081454e-01  -4.3411523e-01  -2.8921685e-01   5.1917479e-01  -1.2624934e-01  -5.9513993e-03  -5.7303228e-02  -1.3403737e-01  -2.7579021e-02  -3.0043047e-01  -3.4675601e-01   3.0567029e-01   2.1195408e-02   1.0146992e-01   1.3737370e-01  -2.1187633e-01  -2.4421353e-01  -1.4191260e-01  -6.4361952e-02   1.4552146e-01  -1.4177910e-01   1.2535763e-01  -7.3643764e-02   8.5669243e-02  -3.2388747e-01   2.4097529e-01   1.7583415e-01  -2.0494640e-01   1.8210781e-01   1.5073004e-01  -3.0183794e-02   5.2478404e-02   1.8841958e-01   3.7922051e-02   1.5254666e-01  -2.5550841e-01  -6.8345712e-02  -1.6635853e-01  -1.8268288e-01  -4.8299560e-03  -2.3619561e-01   1.5578577e-01  -2.6256038e-01   2.8677475e-02  -5.0608108e-02   2.2725774e-01  -1.8918235e-01  -1.3138896e-01   2.0764997e-01  -1.3348165e-01  -4.7190911e-02  -2.0162446e-01  -6.9154233e-02  -2.7944614e-01   7.8424507e-02   2.0467001e-01   2.1946805e-01  -2.6246252e-01  -3.5121780e-02   2.7845363e-01  -4.8668696e-02  -1.1404093e-01  -1.4040407e-01  -4.0760325e-02   1.6111519e-01  -1.2627203e-01   1.5257977e-02   1.2569126e-01  -3.0794067e-02  -2.8746759e-02  -4.1708741e-02  -5.2837361e-02   9.9209349e-02  -1.1944272e-01   1.9254230e-01  -3.9008636e-02  -1.7657722e-01   2.4337293e-01  -5.0644795e-02   2.7716917e-01   2.9416354e-01  -1.7295261e-01   2.3591647e-02  -1.3696366e-01  -1.9794243e-01  -3.0644047e-01  -1.1417510e-01   1.9949067e-01   2.7803358e-02  -3.2435236e-01  -3.0321238e-02  -2.3302202e-01  -2.1893585e-01   1.1693394e-01  -1.7458779e-01   4.5742722e-01  -2.2574466e-01  -1.8441336e-01   2.5200350e-01  -1.8328194e-01  -3.3867601e-01  -1.6556601e-01   2.2758668e-01   3.1637361e-01  -1.2400197e-01  -1.5181672e-01  -3.2403450e-01   1.0948958e-01   5.4558760e-02  -2.3449856e-01
  -2.7382300e-01  -2.3457229e-01   4.6409267e-02   5.2251575e-02  -1.1247421e-01   3.3482252e-01   8.0512208e-02   2.0448618e-01  -3.1442229e-02  -3.3305049e-01   0.0000000e+00  -1.8305226e-01   5.7851791e-02  -8.1611880e-03   3.2266864e-01   2.8961346e-01  -3.0046085e-01   4.5745225e-01   1.8887516e-01   7.2519869e-02   4.2691087e-01   4.6677431e-01   3.8353096e-01  -2.7054146e-01   7.0730974e-02   1.4485822e-01   1.4620938e-01  -2.2720111e-01  -1.6038339e-03  -1.4915585e-02   3.2468817e-01   4.9261011e-01   7.6450818e-02  -7.6041311e-02  -3.2607434e-01   3.4128832e-01   1.6403061e-02  -1.3845833e-01   3.4695080e-01  -3.6501199e-01   1.6440601e-01   2.9620463e-02  -2.4385366e-01   2.0888340e-01   1.9026615e-01   1.1821989e-01   6.7627614e-01   2.8619949e-01   1.1594734e-01  -3.4344505e-01   6.3344639e-01   1.7093796e-01  -1.0733143e-01  -1.8172055e-01  -1.0292648e-01   3.1433474e-01   3.5881226e-01   6.2661655e-01   3.2037276e-01  -1.4336805e-01   2.1688537e-01   1.3135436e-01  -3.8553630e-01   2.2820396e-01   5.2296500e-02   2.1967274e-01   2.1049874e-01  -3.2246034e-02   6.3213555e-01   8.8560641e-02  -3.9818780e-01  -4.6144548e-02   8.9064474e-02  -2.4165997e-01  -1.2119068e-01   4.4700096e-02   1.3338309e-01   2.6532453e-01   9.5221435e-02   1.0687052e-01   1.7988348e-01  -3.7054233e-03   3.2064165e-01   3.3899867e-02  -1.7755009e-01   7.4837089e-02  -7.0244614e-02  -2.0221397e-01  -5.6137253e-03  -1.1623467e-01  -2.3889835e-01   2.1533508e-01  -2.0935845e-03   3.4088675e-02   6.2115170e-02  -2.3449709e-01   1.5755232e-01   9.3581364e-02  -3.9484319e-02   1.4931595e-01  -1.7826409e-01   1.6454522e-01   6.5092062e-02   2.2225154e-01   5.3855917e-01   2.6144646e-01  -1.1764433e-01   2.9700924e-01   4.3429853e-02   1.6113710e-01   2.3374448e-01   2.1329996e-01  -6.9749300e-02  -2.7043233e-01  -1.3660968e-01  -1.7956020e-01   2.3771316e-01   3.9301757e-02   3.7186236e-02   1.9035489e-01  -1.2038229e-01  -3.6014489e-01  -3.1958340e-01   6.8225242e-02   3.6150295e-02  -3.1986300e-01   1.5533810e-01  -2.2416909e-01   4.1055935e-01  -2.0706968e-01   1.7297295e-01   5.1790858e-01  -2.0776561e-01   3.7242037e-01   1.2549355e-01  -3.0907452e-02   6.6670056e-02   1.0788017e-01  -2.1473485e-02  -2.0396893e-01   1.3248229e-02  -3.8326873e-01   3.0577074e-01   3.1624151e-02   2.6517679e-01   5.0036082e-01  -2.9826757e-01  -2.5003465e-01   2.9108741e-01   2.6225616e-01  -1.6903314e-01   9.0066637e-02  -5.4264010e-02   3.9069828e-01  -5.0257099e-01  -2.3169291e-01   9.9858696e-02   2.5304788e-01   9.0392862e-02   4.2626190e-01  -2.3474911e-01   5.3553575e-01  -3.5272003e-01   3.8107732e-01   4.7448014e-01  -2.8581178e-01   4.1646775e-01   8.7727089e-02   2.9707907e-02  -8.6820164e-02  -4.2885124e-01  -1.0858352e-01   2.8950017e-01   3.8730159e-02  -1.3721210e-01   2.0033292e-02   5.1282931e-01
   2.7887324e-01   7.0739851e-01   2.5254093e-01   6.7776769e-02   1.2634297e-01   1.0247885e-02   2.2554178e-01  -7.8897187e-02   3.3106515e-01   1.7126260e-01  -1.8305226e-01   0.0000000e+00   1.2665313e-01   2.4520137e-01  -2.3753681e-01  -6.2547879e-02   3.8955969e-01  -7.5651407e-02   5.5873399e-02   3.7581281e-02  -3.3244346e-01   5.0963931e-02  -2.7252983e-01   9.0409511e-02   2.9155993e-01  -2.2021084e-03  -6.5376608e-02  -1.4689845e-01   1.5070091e-01   4.3800465e-01  -3.2550402e-01  -1.0462105e-01   7.1237105e-02   2.2196578e-01   4.9595454e-01   6.0866011e-02   6.1814806e-02  -4.0247243e-01  -1.0636861e-01  -8.7877125e-02  -1.3219001e-02   3.7099844e-02   4.4535569e-01  -7.2249186e-02   2.2320155e-01   4.3044251e-03  -9.7143684e-02  -8.2645315e-02  -1.7617266e-01   2.7959353e-01  -1.2523971e-01   3.7996663e-02  -5.3808281e-02   3.2150826e-01   2.6232254e-01   9.0542899e-02   6.0665437e-02  -2.5306970e-02  -4.6084845e-02   7.9356281e-01   7.5368246e-02  -5.6876650e-02   3.1077566e-01   7.3378245e-02  -1.5920623e-01  -1.4293345e-01   1.8921369e-02   1.4410276e-01   1.4429425e-02   9.6588710e-02  -8.5428592e-02   1.4198454e-01  -1.8398575e-02   4.9982580e-01   2.4335603e-01   1.4119187e-02  -1.9145245e-01   1.5694222e-01   3.2011549e-01   3.4931398e-01  -4.3287871e-01   1.3758220e-01  -4.8607698e-02  -4.9863672e-02   3.3983493e-01   8.1177992e-02   1.0010479e-01   8.0747773e-02  -8.1644408e-02  -8.7663498e-02   2.3981111e-01   2.6857115e-02   1.5747860e-01   3.9124050e-01  -3.1905027e-01   2.1843368e-01   3.4174661e-01   1.7591921e-01   2.9462086e-02   3.4196128e-01  -2.2531558e-01   2.6451644e-01  -7.9233433e-02   2.3711149e-01   9.9450143e-03  -6.4715654e-02   3.8969701e-01   1.9426544e-01  -3.3040753e-01   4.4196988e-02   5.2394584e-02   3.4985514e-01   2.1204742e-01   4.1785142e-02  -1.9712237e-01   1.7390308e-01   1.9460741e-01   1.0944864e-01  -1.8704637e-01   2.6385312e-01   4.7156335e-02   5.4294913e-01   2.2138136e-01   2.1642215e-01  -1.8659637e-01   4.4699211e-01   2.9412127e-01   4.0506294e-01  -1.2486121e-01   9.2244746e-02   4.8380178e-03  -1.5489158e-01   6.1309726e-01  -2.7193853e-01   3.0479604e-01  -5.7315750e-03   2.4643876e-01  -3.5726102e-01   3.2553040e-03  -3.7653090e-02   2.3547615e-01   5.4531045e-02   3.7578175e-01  -7.2497520e-02   6.5981767e-02  -2.1113080e-01   2.9877077e-01   6.2487597e-02  -3.4747735e-02  -2.5628628e-01   9.6268952e-02  -2.1775835e-01   1.4351263e-01   1.2873486e-01   2.5593732e-01  -9.6867270e-02  -3.9951670e-02   1.1524052e-04   2.6850771e-01  -1.0990465e-01   3.0887600e-01  -3.9137590e-02   1.0458516e-01   1.0547284e-02  -5.5497740e-02   5.3989962e-01   2.4327778e-01  -2.0675716e-02   2.3425376e-01   1.8897212e-01   4.0661240e-01  -1.1928887e-01   9.7422245e-02   1.9372010e-01   1.6065063e-01  -5.2382079e-02  -7.0585726e-02
  -1.8971931e-03   8.0239280e-02   5.3647703e-02   2.1333496e-01   2.1030639e-01   9.3830255e-02   9.6245461e-02  -1.3925623e-01   2.2215254e-01  -6.1463300e-02   5.7851791e-02   1.2665313e-01   0.0000000e+00   1.9592475e-01   8.1536884e-03   2.2326565e-02   2.5738436e-01   1.3458074e-01  -1.4506912e-01   4.0179546e-01   8.3376113e-03   2.3975919e-01   2.7999341e-02  -2.3915292e-01   2.9085279e-01  -1.4603326e-01   3.3120696e-01   6.5120842e-02   2.1478046e-01   2.3029061e-01   3.9885222e-02   2.7045216e-02   7.5157379e-02   1.1928254e-01   2.6472495e-01   2.9335336e-01   2.4508820e-02  -2.9034473e-01   1.8272430e-01   1.5436207e-01   5.6681017e-01   2.4210350e-02   1.9140012e-01   1.5492612e-02   1.6153293e-01  -1.3888441e-01   2.6899612e-01  -5.5332559e-02   2.0037155e-01   1.4966158e-01   2.0219635e-01  -2.5216846e-02  -2.2140235e-02   1.3821157e-01   3.6952293e-02   1.2329379e-01   9.1013019e-02   2.2760027e-01   1.1094172e-01   1.4418064e-01   3.9621376e-02   2.5968043e-01   2.2066736e-01   3.0156988e-02  -6.5992569e-04   1.2835786e-01   7.4127793e-02   5.3574479e-02   2.2268400e-01  -6.9377979e-02   1.6816412e-01   1.7521828e-01   4.3662003e-01   9.3187680e-02   3.1819752e-01  -1.5462582e-01  -1.6713392e-01   1.4049266e-01   4.4243775e-02   3.1769181e-01   4.5806109e-02   3.7916102e-01   1.2953415e-01  -1.8429914e-01   1.9497026e-01  -8.3795176e-02   1.1276757e-01   1.0507270e-01   1.2621247e-01  -2.2959920e-01  -1.7616445e-02  -1.9563683e-02   1.7732470e-01   2.6129234e-01  -1.7146418e-01   3.3847593e-01   2.8016229e-01   9.7348258e-02   2.7173463e-01   6.5918143e-02   8.7789455e-02   2.9957016e-02  -8.2150189e-02   2.2788511e-01   1.6316757e-01   1.9652468e-01   2.0745021e-01   1.7415764e-01  -1.1747831e-01   1.6541696e-03   1.9113421e-01   1.3016575e-01   1.7348191e-01  -1.0459942e-01   6.9698235e-02  -4.8943014e-02   1.1291206e-01   6.0058441e-01   3.8750952e-02   4.1862015e-01  -2.2888561e-01   1.3186882e-01   1.4849683e-01  -3.2744794e-02  -2.2566901e-01   6.7589728e-02  -2.2374182e-01   1.8968159e-01   2.6600394e-01   2.9287127e-02   4.2953444e-01   6.4093249e-02   2.6932612e-01  -4.8778907e-02   3.0157358e-01  -1.8818455e-03   3.2755904e-01   8.3069414e-02  -1.2015842e-01  -3.1355918e-01  -5.3826604e-02   4.2230700e-02   2.0614043e-01   9.3809771e-02   1.0222750e-02  -2.6211079e-02   2.3534008e-01   7.4403356e-02   7.1400545e-02   7.0341411e-02  -5.7253893e-02  -1.0765911e-01   4.6262009e-02   1.5323593e-01   3.8226751e-02  -3.7945059e-01   2.5279584e-02   8.7911368e-02   3.2697900e-03  -5.6954880e-02   1.4578414e-01   6.9705409e-02   2.2193864e-02   3.5973179e-02   1.8660886e-01   1.4158713e-01   1.0552092e-01  -9.6951120e-02   6.1877995e-02   9.7489303e-02   5.0237146e-02  -3.0213613e-01   3.7878491e-01  -1.2200334e-02  -1.1984177e-01  -1.1715891e-01   3.0073451e-01
   2.8364363e-01  -3.8055689e-02  -1.0976536e-01   3.8751489e-02  -3.4294942e-01  -2.2051760e-01  -4.4214476e-01   1.4221304e-02  -1.1350228e-01  -2.8240297e-01  -8.1611880e-03   2.4520137e-01   1.9592475e-01   0.0000000e+00  -6.6676525e-02  -1.4543072e-01   1.9195662e-01  -1.4101253e-01   9.3377965e-02  -3.0618356e-01  -3.2859297e-01   1.4340057e-01   2.2759213e-02   3.4495085e-01   3.9219574e-01   2.2473217e-01  -1.3023986e-01   4.7667501e-01   2.4970663e-01   2.6382755e-01   4.7730732e-02   8.2025814e-02  -1.9294411e-01  -2.6325203e-01   1.3035718e-01  -3.6214770e-01  -5.4508688e-01  -4.2503910e-01  -2.3127623e-01   9.6469331e-03  -4.0765436e-02  -2.8330370e-01   4.6728177e-02   3.3279503e-01  -4.5202871e-02  -2.2295239e-01  -1.5053637e-01  -3.3698420e-01  -3.8834427e-01   2.7364893e-01  -4.3614133e-02   2.5509840e-01  -3.0705318e-01   3.0961804e-01   4.9177507e-01   4.0796373e-01   1.0096945e-01   5.2430819e-02  -1.8584998e-01   3.5459331e-01  -3.0695559e-01  -1.5347739e-01   1.8185278e-01  -1.2619248e-01  -2.3791046e-01  -2.8351797e-01  -1.5433391e-01   2.6570883e-01   1.4321205e-01  -1.8412458e-01  -1.9026183e-01   2.6425453e-01  -1.3619789e-01   4.6116671e-01   3.9512555e-01   3.1755292e-02  -4.1931024e-01   9.1532820e-02  -3.1899292e-01  -6.7302224e-02   1.4772262e-01  -4.5099482e-02   2.5752900e-01   1.9399205e-01   5.1469113e-01   6.0873114e-02   3.8633687e-01   6.4474994e-01   1.2928035e-01   2.5097245e-01  -1.1036054e-02  -2.2749786e-01  -3.4623859e-01   1.7124805e-02  -4.9769184e-01  -2.5091871e-01   1.6104263e-02   1.2749797e-01   1.2260712e-02  -1.6526797e-01   5.2388765e-01  -8.8607910e-02   3.3870639e-01   2.3209248e-01   2.3047038e-02   6.5515335e-02   2.2604492e-01   2.6960581e-02  -2.4397659e-01  -1.0318393e-01   2.6932988e-01   1.9069083e-01   1.6954227e-01   2.8496824e-01   5.0158469e-01  -6.9473685e-02   1.7529742e-01   2.0357531e-02   4.2106474e-01   1.1678718e-01  -1.0285479e-01   9.3328640e-02   2.2292543e-01   2.7225415e-02  -3.3336527e-01   5.2051411e-01  -3.6139624e-01   3.3513520e-01   3.2207828e-02   6.2716845e-02   1.8947887e-02  -2.6324576e-01   5.1494278e-01  -1.2745984e-01   2.8953852e-01   5.8010760e-02  -2.2405899e-01   4.4474966e-01  -3.6405198e-02  -1.0427638e-02   2.6505221e-01   1.0871832e-01   3.5558499e-02   1.6398537e-01   4.2058165e-02   8.3000103e-02  -4.7535377e-03  -4.2958706e-01  -1.9970656e-01  -8.2178791e-02   5.0158367e-01   4.0969673e-01   6.7883399e-02  -4.7790197e-02   1.7343770e-01  -5.7557716e-03  -1.1912374e-01  -2.4885270e-01  -1.0722828e-01   6.9015153e-02   3.2817796e-01  -4.4035499e-02  -5.6834709e-02  -1.3860143e-01  -1.0707898e-03  -2.1922884e-03  -1.8459499e-01   4.2753232e-01   4.5597709e-02  -2.7558055e-01  -1.3586562e-01  -3.8686479e-01   4.9215468e-02   2.6473156e-01   5.2229296e-01  -1.6553938e-01   4.6713361e-02
