   0.0000000e+00  -8.7084305e-02  -7.2508721e-02  -2.0824366e-01  -2.1585060e-01  -2.4351151e-01  -4.9868875e-01   2.9840124e-02   1.8104898e-01  -1.2416772e-01  -1.8497490e-01  -2.8315933e-01   8.3086616e-02   6.6804450e-02  -2.1050074e-01  -5.0795148e-02   4.0122902e-04  -2.4783396e-01   8.5820793e-02  -2.6427532e-01  -3.7262310e-01  -1.7327249e-01  -4.7746834e-01   6.3624255e-01   2.5083296e-01   3.7262406e-02  -2.7235199e-01   1.9620935e-01   2.8466445e-01  -2.4133728e-01  -2.6714827e-01  -3.9474150e-01  -1.9454816e-02  -4.1280471e-01  -5.7631274e-02  -4.2930196e-01   1.8304741e-01   3.9288889e-01  -1.0706495e-01  -2.5364520e-01  -1.9713523e-01   9.6778407e-03  -2.8225755e-02  -2.0439577e-01  -2.6666862e-01   5.1948283e-01  -2.9954854e-01  -4.8926733e-01  -1.0059290e-01  -1.3361946e-01  -3.9932926e-01  -7.8961971e-02  -2.1012414e-01   5.9478170e-02   2.0345985e-01  -3.2772861e-01   2.9967200e-01  -2.0598236e-01  -4.4405369e-01  -1.1505818e-03   2.2149936e-01  -5.6868721e-01   1.0270267e-01  -1.6796371e-01   9.4857762e-02  -2.8604440e-01  -3.6596158e-01  -9.5561774e-02  -1.6147844e-01   1.2278115e-01  -1.3166645e-01  -2.4933742e-02  -3.1678888e-01   5.1325915e-01  -7.4354784e-02  -1.1670011e-01   2.9262750e-01   3.8007170e-02  -1.3958467e-01  -2.0848977e-01  -2.8253090e-01  -3.9504218e-01  -3.5999899e-01   1.0951980e-03   3.8129406e-01  -3.4153492e-01  -1.8124143e-01   3.0435766e-01  -4.8849856e-02   6.6377473e-01  -2.5568410e-02   8.6397885e-02  -3.5612367e-01  -1.7649398e-01   3.0160150e-01  -6.5632363e-02  -1.5004283e-01   5.4884768e-02  -2.7103683e-01  -3.2675880e-01   1.0136755e-01  -3.2287314e-01  -2.7765721e-01  -6.4555147e-03  -1.2670387e-01  -2.1974979e-01   1.2406228e-02  -8.1650214e-03  -3.6907609e-01  -2.7291156e-01  -4.3785676e-01  -3.3413297e-01  -9.5059526e-02   6.8425098e-01  -1.5429997e-01  -2.1033058e-01  -2.8362892e-02  -1.9802603e-01   2.5398086e-01  -3.2551550e-01   4.2440790e-01   1.3908858e-01  -1.6024258e-01  -7.1886041e-02   5.3996871e-01   1.8816630e-01  -2.5384634e-01   2.0148764e-03  -1.0096504e-01  -1.2041394e-01  -1.5737446e-01  -4.9437025e-01   3.1762192e-01  -2.7031627e-01   3.7581498e-02  -3.1392418e-01   6.6567411e-02  -1.9279663e-01  -3.7670843e-01   5.1191067e-01   4.0218949e-01   1.2463093e-01  -1.1970676e-01   6.0729251e-02  -3.9034575e-01  -2.7723330e-01  -3.3104579e-01  -2.0117898e-01  -3.7200405e-01  -2.5548954e-02   7.4099829e-02  -1.4230417e-01   2.2825761e-01  -2.7674143e-01  -3.8075512e-02   4.2312973e-01   4.4182953e-01  -4.8563323e-01   3.2093853e-01  -1.8235528e-01   1.0571357e-01  -1.8737434e-01   2.3148835e-02  -1.0685336e-01  -3.0516609e-01  -4.0638952e-01  -2.6584600e-01   2.9901884e-01   4.6146025e-01  -1.7995869e-01  -2.7562042e-01   2.9226676e-01  -1.6381681e-01   1.3632134e-02  -8.5550381e-02   8.3584530e-02  -2.5363567e-01
  -8.7084305e-02   0.0000000e+00   1.6213345e-01  -1.9265617e-01   2.8671925e-01   7.4400606e-03   9.8924748e-02  -6.4544928e-02   3.2129421e-01  -6.4358497e-02  -1.7281278e-01   4.4618074e-01  -2.9334549e-01  -3.5694890e-02  -2.3205291e-01  -1.1274102e-01   2.4092711e-01  -1.7309431e-01   1.1588754e-01   1.2656525e-01   1.4551717e-01  -1.3222445e-01   1.9111606e-02  -8.5326566e-02  -9.9360012e-02   1.7549793e-01   1.6845403e-01  -1.2842318e-01  -4.5629337e-02  -3.4640992e-02   1.0833681e-01  -1.7354979e-02   6.0232930e-02   1.7584621e-01   1.3709686e-01  -1.4655854e-01   4.9314834e-01   2.1716029e-02  -2.4815644e-02   3.2908649e-01  -1.7696504e-01  -5.1873036e-02   2.4506984e-01  -1.9823934e-01   1.6961265e-02  -8.5188388e-02  -1.4352221e-01   3.4230704e-01   2.8564629e-02   3.2410895e-01  -2.0190593e-01   1.1891782e-02   5.9471374e-01   2.5615430e-03   7.7738316e-02  -2.0175011e-01  -2.2452385e-02  -2.2423305e-02  -1.8161832e-01   1.7472712e-01  -9.1040226e-02  -7.9285476e-02   2.5984581e-01   2.3971542e-01   2.6700164e-01   5.1757305e-03   1.7364199e-01  -5.2678549e-02  -7.2212390e-02  -1.3721427e-02   6.7238517e-01   5.6923937e-02  -8.6044136e-02   8.5694031e-02   7.2365038e-02  -3.0009722e-01  -8.0383858e-02   5.4201952e-02   1.7128324e-01  -2.4367271e-01  -3.8017662e-02  -4.2948159e-02   1.5285720e-01   3.1694054e-02  -8.5491402e-02  -2.8902274e-01   3.2821288e-01  -1.5332476e-01  -2.9191983e-02   3.2452105e-02   5.7581933e-01   2.2232557e-01   4.6383546e-01   2.7627021e-01  -3.9047962e-03   5.2329843e-01   1.1152150e-01   2.8367685e-02  -2.3927344e-01   4.4605102e-02  -1.2505682e-01  -1.0430210e-01  -1.3901008e-01   2.9827858e-01  -8.1217474e-02  -6.3113240e-02  -1.0151727e-01   5.0918562e-02   2.3222015e-01   1.5653264e-01   1.3941653e-01  -1.1179681e-01  -1.8466827e-01   4.5001585e-02   5.3317400e-02   3.9065250e-01  -1.1785357e-01   2.7728804e-03  -1.8823093e-02  -8.1546642e-02  -1.3952619e-01   4.4758655e-01   9.3838464e-02   1.7005068e-01  -2.8612128e-02   2.0278152e-01  -1.4537494e-01  -1.8192158e-01  -1.1498010e-01   1.3384372e-01  -1.8806309e-01  -3.2444838e-02   1.1969473e-01   2.8795616e-01   1.6515970e-01  -1.5999046e-01   3.0123487e-02  -7.6889500e-02  -2.0061424e-01   1.0900970e-01   4.4327044e-02   5.8893288e-02  -1.0990176e-01   2.8353336e-02  -1.6482250e-01  -2.2363264e-01   2.8734366e-01  -4.3364746e-02   7.3652260e-02  -2.3068562e-02  -4.6018552e-02  -4.1066841e-02   1.0321838e-01   3.0484658e-01   3.8644097e-01   1.5076591e-01   4.7311163e-02  -9.4575325e-02   1.9349996e-01  -4.2307390e-02   1.0813534e-01  -3.5407985e-02  -6.4531989e-02  -1.3161303e-01  -2.5920517e-02   1.5180160e-01   1.7348757e-02   5.6175185e-02   2.1821870e-02   6.2904935e-01   4.6345309e-01  -2.3646120e-02  -8.4914179e-02   8.7310701e-02   1.4999713e-01  -8.9359751e-02  -7.1638175e-02
  -7.2508721e-02   1.6213345e-01   0.0000000e+00  -4.1522655e-02  -4.3577388e-02   5.5147755e-01   9.2429045e-02  -1.0461107e-02   1.7512963e-01  -7.0084816e-02  -2.9123697e-01   5.5269585e-01  -1.0103179e-01  -1.5810287e-01  -4.4238480e-01  -1.1919558e-01   9.0347084e-01  -3.6750836e-01   1.2442756e-01   2.5340563e-01  -9.6821320e-03   2.0902329e-01   2.7294938e-01  -4.9262784e-02  -3.1280433e-01   7.6743388e-02   6.7485852e-01  -5.6877946e-02  -1.5157293e-01   1.4837734e-01  -4.1868956e-01  -4.9584164e-02  -1.1213830e-01   1.0681102e-02  -1.7054166e-02  -9.8099530e-02  -2.7288022e-01   1.4495675e-01  -1.0818424e-01   7.3508648e-01  -1.9448398e-01  -3.4096201e-03   2.5775331e-02  -9.0265215e-02  -1.4595684e-01   4.5559703e-01  -2.6152918e-01  -3.8634768e-02  -2.7687070e-01   3.6625216e-01  -2.8758175e-01   3.4962915e-02  -1.0443468e-01   2.7496239e-02  -1.3019260e-01  -1.3937861e-01   1.2972741e-01   1.6362109e-01  -2.1504066e-01   2.6525190e-01   4.9370135e-01   2.5981687e-02   1.9772983e-01  -2.3005855e-01  -3.4863354e-01  -8.7376265e-02   3.1300956e-01  -1.5170401e-01  -8.2352254e-02   8.3997320e-01   5.1332530e-01  -1.1116408e-01  -9.0944598e-02   3.1837030e-01  -2.7279541e-01  -4.3951376e-02   3.8157781e-01  -6.1127452e-02  -4.0803066e-01  -2.9202413e-01  -6.3120741e-02  -8.8051353e-02  -5.4325762e-02   1.3127822e-01  -1.2446884e-01  -5.1558207e-02   1.5392636e-02  -1.5006280e-01  -3.4779944e-02  -1.3824966e-01  -1.1929345e-01   3.7055968e-01   1.2767484e-01   1.1578993e-01   2.5698869e-02   1.9938451e-01  -1.4367918e-01  -5.3709247e-02  -1.4810820e-01  -5.6027649e-02  -1.7286684e-01  -3.1599299e-01  -1.6696147e-02   1.7872715e-01  -9.5198538e-02   1.1908594e-01   1.7897658e-02   3.5426804e-02   4.1039988e-02  -1.4032510e-02   1.2466275e-02   2.3433202e-01  -9.7225344e-02  -1.1334074e-01   1.6942721e-01  -2.3040220e-01   7.4627508e-02  -4.2311769e-02  -9.7108019e-02   3.7039494e-02   3.9489831e-01  -1.1268197e-03   1.0130059e-01  -3.0278335e-01   4.2174291e-01   1.6336870e-01  -2.2553899e-01  -6.4339568e-02   2.5905002e-01   8.5078357e-01  -1.6227619e-01  -2.4153206e-01   1.6667311e-01   1.1105884e-02   1.1449827e-01  -1.8595031e-01  -1.8260329e-01  -8.2440639e-02  -1.2888703e-02  -1.1800736e-01   8.8076053e-02   6.9169196e-02  -9.3771962e-02   4.1441888e-01  -2.9112478e-01  -2.0798275e-01   5.3231052e-01  -2.3857526e-01   2.3932526e-01  -4.2880512e-01  -1.3779271e-01  -1.4215708e-01   1.9718231e-01  -9.1466483e-02   6.1536747e-01  -1.1931161e-01   2.9722459e-01  -7.0352265e-02   4.8088332e-01  -6.9026931e-02  -7.3237844e-02  -1.8977965e-01  -3.8215231e-01  -5.2100781e-02   2.5845981e-01  -6.2006726e-02  -1.7256007e-01  -3.2287210e-01   9.4042232e-02  -1.2425749e-01  -2.8553199e-01   1.3027928e-01  -9.5968933e-02   3.7834563e-01  -1.4038552e-01  -6.9341312e-02   1.4392571e-01
  -2.0824366e-01  -1.9265617e-01  -4.1522655e-02   0.0000000e+00  -3.3192144e-02   2.4574043e-01   6.1321258e-02  -1.5395213e-01  -2.2196428e-01  -7.2490332e-02   1.0739878e-01  -2.0444242e-02   1.5321589e-01  -1.3971436e-02   7.2944480e-03   1.5714802e-01  -4.2484923e-02   7.2304590e-02  -2.6958438e-01  -8.4950626e-02  -1.8265373e-01   1.3403841e-01  -4.0677435e-02  -2.0426735e-01  -9.2920044e-02  -2.8379001e-01   1.0563052e-01  -1.4276788e-01  -5.5811800e-02  -1.4668324e-01  -1.5440642e-02   1.5558197e-01   1.1535253e-01   5.9709506e-03  -1.4764056e-01   2.6132386e-01  -1.1734104e-01  -2.4264444e-01   2.0329558e-01   1.1467095e-03   1.7981738e-01   2.2248439e-01   2.8882361e-02  -1.1557093e-02   6.4090831e-02  -2.9776389e-01   2.4379582e-01  -7.2739929e-02   9.3350156e-02  -3.0965854e-02   1.0604341e-01  -1.4445508e-01  -9.7813298e-02   1.8459221e-01  -1.7309500e-02   6.1807284e-02  -1.5536513e-01   7.9677066e-02   3.3487503e-01  -7.5247665e-02  -2.1645236e-01   9.6953178e-02  -1.8745845e-01  -1.7882600e-01  -1.0612860e-01  -5.3678693e-03   1.4476761e-01   4.6402139e-01   2.1043275e-01  -1.0929420e-01  -1.4342255e-01   3.5369827e-01   3.5503892e-01  -2.7201131e-01   5.3757754e-03  -1.5383511e-02  -2.0754674e-01  -9.0249876e-02   2.2304777e-01   1.5406689e-01  -7.1062564e-02   2.8526657e-01   8.1585047e-03  -2.0368341e-01  -1.4861566e-01   2.0409664e-02  -2.2021483e-01  -1.3552993e-01   3.7174488e-02  -2.1100874e-01  -3.4046097e-02   5.8250842e-02   3.2233476e-02   8.6656541e-02  -9.3697799e-02   6.4679741e-03   2.5637136e-01  -1.7009355e-01   3.8125162e-01  -5.3734161e-02   1.7384091e-02  -6.1448901e-02   4.7505681e-02  -1.7342674e-01   8.1381936e-02   2.0514353e-01   2.2629034e-01  -9.8902554e-02   3.1045087e-02   1.9620494e-02   9.2119890e-02   1.2075265e-01   6.8154937e-01  -1.9675576e-01  -1.4225086e-02   7.3762713e-02  -1.1735527e-01   1.7775988e-01  -1.0289074e-01   6.3481919e-01  -7.1296434e-02  -6.0427018e-02  -6.7583505e-03  -1.2638586e-01  -3.0714851e-01  -2.1550529e-01  -9.6067490e-02   1.3749356e-02   1.4032084e-01  -9.8456762e-03   2.0561116e-01   2.0082574e-01  -3.3270094e-02  -3.6230076e-02  -7.3450734e-02   6.7095669e-02  -4.0599654e-02  -2.2414046e-02  -1.2932302e-02  -1.7918309e-01   1.1644781e-02  -2.1026065e-01  -9.0625087e-03   5.1963177e-02   2.1609503e-02   4.4924580e-03  -6.2722512e-02  -5.4997698e-03   6.1639132e-02  -2.2694634e-01  -1.1835640e-01   2.7757357e-03  -8.8580298e-02   7.4879380e-02  -1.1744762e-01  -2.4256476e-01  -2.1724564e-01   2.6069657e-01  -1.4339301e-01  -2.1501344e-02   3.7292781e-01   1.2060302e-02  -2.0404187e-01   1.0783466e-01   1.2172753e-01   1.2906978e-01   1.0951905e-01  -4.9423269e-02  -6.1316454e-02   7.6055974e-02  -8.2091403e-02  -1.4755482e-01   3.7505442e-01   1.4559854e-01   2.3956595e-02   2.3227398e-01   2.5415394e-01
  -2.1585060e-01   2.8671925e-01  -4.3577388e-02  -3.3192144e-02   0.0000000e+00  -1.2246627e-01  -2.1726803e-02  -5.8436842e-02   1.0679618e-01   2.0476590e-01   1.4394066e-01  -5.4906590e-02   1.4830230e-02  -3.4458138e-03   1.7920761e-01   5.6817848e-02   2.5633407e-02   1.0817733e-01  -1.3603937e-01   6.2601244e-01   1.5165880e-01   8.0301906e-02  -6.8454219e-02  -3.2452534e-01   8.5595899e-02   1.4576800e-02   3.7075533e-02  -1.6356998e-01   1.4316376e-01   5.2734622e-02   3.9102544e-01  -5.9917729e-02   5.1909259e-02  -1.5004033e-02  -1.0121239e-01   4.2563162e-01   2.9165429e-01  -1.7691425e-01   7.3080983e-02   5.5154222e-02   2.0368669e-01  -3.3962934e-02   2.1892265e-01  -1.5605674e-03   1.0636187e-01  -2.2369492e-01   8.7032208e-02   5.4094259e-02   3.3351989e-01   1.0703199e-02   2.5741172e-01  -7.2044597e-02   3.0697067e-01   1.5738368e-01   4.3762635e-03  -2.0983533e-02  -2.4450623e-01   8.5994874e-02   1.4768139e-01  -9.7259905e-02  -1.7826524e-01   4.1415925e-01   4.8258135e-02   3.4218951e-01   1.8332010e-01   2.3051733e-01   5.0072654e-02   1.2599554e-01  -1.1243891e-01  -7.0711298e-02   1.0412823e-01   1.4084308e-01   3.8162317e-01  -2.3557477e-01   2.0578213e-02  -1.0704118e-01  -7.9538509e-02  -6.8273474e-02   4.4646864e-01   4.6259939e-02  -7.1872894e-02   2.8299544e-01   7.6982420e-02  -3.8158139e-02   6.1488087e-02   7.1661846e-02   1.8807420e-02  -9.5881178e-02   1.5085925e-01  -1.1375536e-01   3.7232513e-01  -1.5391748e-02   1.0139375e-01   3.5445002e-01   1.5292214e-02   4.7116535e-01   1.0439116e-01  -1.2687727e-01   3.5228266e-01   1.8471637e-02   1.0729856e-01   1.2848002e-01   3.6685354e-02   5.2806679e-03   1.3018943e-02  -3.5186800e-02   1.2611518e-01  -5.4280214e-02   9.6954398e-02   3.6291457e-01  -1.2188581e-01  -2.5720503e-02   8.6768893e-03  -5.5133297e-02   4.3048928e-03   3.7356867e-01  -2.3167729e-02   3.9139065e-01   7.8558813e-03   9.9848411e-02  -2.3097838e-01   3.2200688e-01   1.1943278e-01   2.1836289e-01  -2.2723744e-01  -2.1978733e-01   1.5570488e-01  -8.0279725e-02  -1.2511599e-01   5.6384928e-02   1.7291432e-01   2.2316021e-01  -2.5541837e-02   2.4198390e-01   9.4950093e-02   1.9590696e-02  -2.1783633e-02  -1.2210185e-01   2.4381731e-02  -1.0633635e-01  -1.8514482e-01   2.7186197e-02  -1.2353755e-01  -8.8408517e-02   6.0938697e-02   2.6180930e-02  -1.3334950e-01   2.3100073e-01   1.5054658e-01  -1.5720606e-01   2.7056608e-02   1.2509990e-01  -7.3013897e-02   4.4037594e-01   2.9946044e-02  -1.0077296e-01  -2.6520109e-01   1.2190570e-01  -1.1257335e-01   3.1756851e-02   6.5355027e-02  -3.3518746e-02   2.1898133e-01  -9.5456879e-02   8.3652754e-03   6.2475697e-02   2.9837810e-01  -3.7091387e-02  -1.6516785e-01   4.7134711e-01   3.4480697e-01  -7.4561470e-02   1.5142124e-01  -4.3909655e-02   8.7650031e-02  -6.5300586e-02   7.8612979e-03
  -2.4351151e-01   7.4400606e-03   5.5147755e-01   2.4574043e-01  -1.2246627e-01   0.0000000e+00   2.9234327e-01   1.5199613e-01  -5.7597007e-02  -1.4566350e-01  -6.5613220e-02   4.8681022e-01  -9.7237316e-03   8.4699555e-02  -1.1159944e-01  -2.0123943e-01   4.3593847e-01   2.4919935e-05   3.7156481e-01   7.6521242e-02  -1.2916025e-01   3.9302667e-01   1.4432277e-01  -2.2978382e-01  -2.4202057e-01   1.0688153e-01   6.9459594e-01   1.7229353e-01  -1.8638068e-01   3.0354556e-01  -3.6343265e-01   1.3030550e-01  -2.2818442e-01   1.4581056e-01  -1.9405468e-02   4.9439381e-02  -2.9893511e-01  -2.3603846e-01  -1.9643405e-01   5.3603938e-01  -1.6927267e-02  -1.1020649e-01  -1.4906623e-01   1.8467870e-01  -9.6197306e-02  -5.7446489e-02   2.1575380e-01   1.1481085e-01  -3.0243894e-01   2.0739858e-01  -6.6151443e-02   2.0995700e-01  -1.5064543e-01  -6.5581484e-02  -3.3506022e-01   2.0433520e-01   3.2379227e-01   1.3831386e-01   3.5771702e-02   2.0789769e-01   1.4570494e-01   1.0306390e-01  -3.5736760e-02  -2.2310549e-01  -4.8149725e-01   1.8184033e-01   7.6176689e-01   2.3942019e-02   3.3661185e-01   4.0185243e-01   2.3637758e-01  -5.1428299e-02  -7.6291320e-02   1.8450929e-02  -1.7946728e-01   9.8007348e-02  -1.1302871e-01   1.9417310e-01  -2.8053711e-01  -2.5811252e-01   2.5663100e-01  -1.6196043e-01   3.1076481e-03   2.5661575e-01  -2.5191691e-01   6.3560599e-03  -9.5910327e-02  -2.0134722e-01  -5.7418347e-02  -3.6441468e-01  -2.3543502e-01   2.3277848e-01   1.3348178e-01   1.4872899e-01  -2.6285728e-01   6.0450676e-02  -6.2506376e-02   1.0793135e-01  -2.0133958e-02   1.3283261e-02  -1.2911854e-01  -9.3187436e-02   2.4031977e-01   1.4922712e-01  -1.6563999e-02   1.7908520e-01  -2.0219287e-01   2.7797754e-01  -5.5496220e-02   2.1277195e-01   1.1577515e-01   4.7617646e-01  -6.9293314e-03  -3.6531243e-01   2.3315101e-01  -2.5444250e-01   1.7179845e-01  -3.1259259e-02  -7.1750881e-02   1.8789534e-01  -3.6369939e-02  -1.3043478e-01   3.0255473e-02  -2.8204903e-01   1.5658224e-02   2.7540477e-01  -1.6701129e-01  -7.6845573e-02   1.5474268e-01   4.8513143e-01  -2.2576808e-01  -3.5114374e-02   1.6949080e-01  -1.3750473e-01  -1.1012407e-01   4.2607699e-02  -2.3109714e-01   1.3745976e-01   1.0001469e-01  -2.6871575e-01  -4.3212017e-02   1.3476407e-01   2.5804050e-01   5.8055545e-01  -1.8460931e-01  -3.6688457e-02   4.4549847e-01  -6.4448818e-02   3.3209247e-01  -4.0176809e-01   6.9907843e-03   2.0083229e-01   2.8969960e-02  -4.2431196e-02   4.9149228e-01  -3.2860946e-01  -3.0716335e-02   5.6598918e-02   1.3081419e-01   2.7362470e-01   7.4062269e-02   1.1429526e-01  -2.9480535e-01   1.6590957e-01   4.9548450e-01   1.6929506e-02  -3.8487258e-02  -1.2506810e-01  -1.3786313e-01  -1.5903363e-01  -1.0878559e-01  -2.4258047e-01   5.0375091e-02   5.7875421e-01  -2.1213963e-02  -1.8454099e-01   4.3029853e-01
  -4.9868875e-01   9.8924748e-02   9.2429045e-02   6.1321258e-02  -2.1726803e-02   2.9234327e-01   0.0000000e+00  -3.3621440e-01  -1.9492161e-01   1.7927313e-01   7.5708110e-02   5.9758573e-01  -1.6210956e-03  -3.2866982e-01   2.8656580e-01   1.9743692e-01  -4.5935983e-02   5.8670388e-03  -1.9603570e-01   2.6452804e-01   4.2266774e-01  -1.6134450e-01   5.9932805e-01  -4.5204241e-01  -1.8910698e-01  -8.3920316e-02   3.9350139e-01   1.3949035e-01  -3.8659336e-01   3.7186552e-02   1.8005566e-01  -5.3459004e-03   1.2523574e-02   5.9440615e-01   5.3824795e-01   3.6772684e-01  -1.8853475e-02  -7.7612638e-02   2.5113730e-01   3.7706900e-01  -1.0139315e-02  -1.0725014e-01   9.7158996e-03  -1.4528507e-01   1.5919261e-01  -2.2865393e-01   1.3817538e-01   8.0074046e-01   1.6920825e-01   8.2593439e-02   2.1918828e-01  -1.0891220e-01   2.5220063e-01  -3.2550216e-01  -3.0651847e-01   1.9415143e-01  -2.0061546e-01  -1.1906406e-01   4.8689128e-02   2.3111645e-01   4.5709769e-02   4.9280991e-01  -2.4969022e-01   2.6755305e-02  -1.1738097e-01   2.9972098e-01   2.4049591e-01  -1.0403157e-01  -1.0164317e-01   4.6409318e-02   2.7668909e-01  -5.8850389e-02   2.0191378e-01  -3.5120939e-01  -1.0513307e-01  -2.5716469e-03  -1.8411277e-02  -1.9963832e-01  -6.3229568e-02   4.0088223e-02   4.2938443e-01   3.6954953e-01   1.9817730e-01  -3.2300533e-01  -2.3751440e-01   5.5472809e-02   1.7368685e-01  -3.4361845e-01   5.6119973e-02  -2.6256601e-01  -1.8642671e-01  -3.2997009e-01   3.2283606e-01   9.3539539e-02   7.2692648e-02  -1.2839423e-01  -1.1305533e-01  -1.2581521e-01  -8.8132674e-02   6.3761766e-01  -3.2303039e-02   4.6956988e-01   1.1695117e-01  -2.0896416e-01  -6.0812186e-02  -1.1198798e-01  -2.1868196e-01  -1.8744164e-01   3.5156176e-01   9.1944151e-02   6.6454655e-01   1.5924602e-01  -5.6976106e-02  -3.4258243e-01   4.5752096e-01   1.8798586e-01  -1.7456802e-01   1.9741297e-01   4.6007170e-03   4.1082436e-02  -3.1014643e-01  -3.8519783e-01   1.0090890e-02  -3.0592406e-02  -2.9381352e-01  -2.6123214e-01   2.2806851e-01   1.0107189e-01  -1.3069253e-01   1.7509514e-01   2.5554630e-01   4.6507914e-01  -4.3696970e-01   7.6116174e-02  -1.6839436e-01   1.8689998e-02  -9.9363801e-02   3.7407281e-01   1.4489095e-01  -2.6192426e-01  -3.2662936e-01   6.8405237e-02   7.3265746e-02  -6.8987037e-02   4.9072038e-01   1.2648713e-01   6.1726829e-01  -3.3268807e-02   3.4808609e-01   2.5136497e-01  -8.2351541e-02   1.8827317e-03  -3.6055117e-01   1.4423085e-01   4.9967235e-02  -1.9837915e-01  -2.3566707e-01   2.3807118e-01  -3.6154330e-01   1.1838440e-01  -1.1264393e-01   5.4519177e-02  -3.3045526e-02  -1.6127162e-01  -2.6275423e-02   6.7214801e-01   1.7999070e-01  -4.6563052e-02  -3.8970707e-01   2.0737410e-02   1.4990414e-01  -7.1831771e-03   7.1784438e-02  -8.8569629e-02   4.0976992e-03  -1.5393444e-01  -1.7938288e-01
   2.9840124e-02  -6.4544928e-02  -1.0461107e-02  -1.5395213e-01  -5.8436842e-02   1.5199613e-01  -3.3621440e-01   0.0000000e+00   2.7988355e-01  -3.0331895e-01   2.7632942e-01  -9.8400903e-02  -3.4268215e-01   3.8144228e-01   1.5592156e-01  -4.6611089e-01   5.6871117e-03   3.0806997e-01   5.8031714e-01  -2.4922378e-01   1.0157040e-01   5.8547832e-01  -2.0060510e-01  -6.3197365e-02   2.8545900e-01   6.3936548e-01  -7.9619651e-02   1.7435838e-01  -3.7429321e-03   3.3124167e-01   1.7145608e-01   4.9251575e-01  -3.0782009e-01  -1.5433134e-01  -3.1348874e-01  -1.6066383e-01  -1.6987321e-01  -3.0126317e-01  -5.0768589e-01  -1.7567216e-01  -1.0733469e-01  -6.6510605e-02  -3.3655111e-01   7.3064082e-01   7.1437159e-02  -7.6109067e-02   2.2947573e-01  -1.2573244e-01   2.2155900e-02  -2.1252905e-01   1.9167954e-01   7.2511191e-01  -2.2266116e-02  -2.1923053e-02   1.1412330e-01   5.0786869e-01   4.3761219e-01   3.5292668e-01   2.5391331e-01  -1.0144208e-01  -2.6372386e-02  -5.4456818e-02   2.4521243e-01   3.5829495e-01   1.6826066e-03   3.5488200e-02   3.4453627e-01  -1.1862677e-01   6.0952930e-01  -4.8915812e-02  -4.3232647e-02   3.5406451e-04  -2.2557379e-01   1.7502341e-02   7.0675249e-02   3.2001680e-01  -2.4659965e-01   6.7701610e-01  -6.9826474e-02  -1.2889516e-02   3.6244866e-01  -3.0699412e-01   3.0885097e-01   8.9942247e-01  -1.9258825e-02   3.6301452e-01   7.5800818e-02   5.2076822e-02  -3.4644085e-02  -2.4483211e-01   1.5339099e-01   3.1800981e-01  -9.5455422e-02   1.8052562e-01  -4.9220236e-01   9.3081621e-02   2.0499425e-03   7.1528618e-01   8.7852485e-02  -1.7394166e-01   1.5994897e-01   1.5973788e-01   6.1778823e-01   4.1348770e-01   2.7052829e-01   4.5679279e-01  -1.4294610e-01   8.3063767e-01  -2.4624023e-01   2.1366796e-01  -5.4508252e-02   4.9069605e-01  -4.7975517e-02  -2.1202793e-01  -1.2130788e-01  -2.1008140e-01   6.5522160e-01  -2.4797026e-01   8.2188969e-02   3.5513736e-02  -2.6165946e-02   3.5028650e-02  -1.4835391e-01   2.0997526e-01   2.0845803e-01   3.5431387e-01   1.7278072e-01  -1.3942165e-01   3.6550669e-01  -1.2991103e-01  -5.1973876e-01  -7.8605917e-02   3.8230559e-01  -2.4643522e-02   8.4186877e-02   5.9960522e-01   8.3452799e-02   1.9113296e-01   5.0057418e-01  -3.1898868e-01   1.1061237e-01  -4.4903500e-02   5.8628894e-01   1.2449270e-01  -1.8717171e-02   3.3563416e-01  -1.3177637e-01   1.5907327e-01   4.6653169e-02  -4.4907426e-02   3.2703047e-01   6.0719072e-01   1.3017921e-01  -8.3541051e-03   1.4506537e-01  -2.6248381e-01  -1.6393289e-01   2.5618198e-02   1.6209931e-01   6.0769971e-01  -6.7554150e-02   5.7512081e-01   5.5940791e-02   4.9480182e-01   6.5805810e-01  -3.0393746e-01  -6.4717302e-02   2.2449178e-01  -7.8518938e-02   2.6952361e-02   7.4445815e-02  -4.8293058e-01   1.2783526e-01   7.9963168e-02   1.2747224e-01  -1.0196895e-01   6.5327716e-01
   1.8104898e-01   3.2129421e-01   1.7512963e-01  -2.2196428e-01   1.0679618e-01  -5.7597007e-02  -1.9492161e-01   2.7988355e-01   0.0000000e+00  -2.4006792e-01  -1.4823279e-01   6.8155916e-02  -3.5825266e-01   6.6331347e-02  -2.3112562e-01  -5.8702743e-01   2.3191687e-01   1.7978135e-01   2.8948055e-01   8.1584559e-02   1.7214825e-01   3.8080877e-01   1.2814133e-01   6.9089129e-02   5.2133813e-02   5.3078724e-01  -4.4677932e-02  -2.2358720e-01   1.4459843e-01   1.2707637e-01   1.3288373e-01   3.4423074e-01  -2.0060204e-01  -1.2870777e-01   1.3214054e-01  -3.0607611e-01   6.8792454e-02  -1.7615100e-01  -6.0322745e-01   1.1455013e-01  -2.9390292e-01  -2.5252584e-01   4.3865452e-01   1.0839921e-01   7.1851746e-02   1.1691959e-01  -2.5760760e-01  -6.2685509e-02  -3.4963943e-02   8.8705571e-02  -6.8584015e-03   2.9771389e-01   8.5920024e-02   1.7497833e-01   1.3916042e-01  -2.3650047e-02   3.3515833e-01   5.4105211e-01  -4.5404595e-02   1.6647443e-01  -2.2225862e-02  -2.1257899e-01   7.4042965e-01   1.8575269e-01   4.7013061e-01  -1.4078277e-01  -6.6641742e-03  -5.9004779e-02   1.8974345e-01   1.7768786e-01   4.2386745e-01   1.6595792e-01  -2.5747273e-01   3.1358231e-01  -1.1978537e-01   3.1933092e-01  -2.1385199e-01   3.0805596e-01  -5.0849635e-02  -3.2948295e-01  -4.6559072e-02  -3.6312133e-01   5.2650237e-02   3.4915403e-01  -4.2196619e-02   3.2715758e-01   3.9523577e-01   2.6725789e-01  -1.1830375e-01  -2.3541939e-02   3.1171388e-01   2.9278405e-01   1.3574191e-01   5.4185101e-01  -3.4856011e-01   8.4467063e-02   1.2942569e-02   4.2962312e-01   2.4405658e-02  -1.3164811e-02   1.3756644e-01  -2.4944121e-01   1.8361798e-01   7.3585606e-01   3.1632950e-01   3.6665298e-01  -1.6823550e-01   3.7887024e-01   9.6798420e-02  -5.3799780e-02  -9.0104576e-02   1.3570371e-01   2.0435006e-02   5.6311531e-02  -8.5461814e-02  -9.2229074e-02   1.3792060e-01  -1.5786924e-01   1.2577142e-01  -1.3091406e-01  -5.2502033e-03   4.1559515e-01   2.1234281e-01   4.2079596e-01   2.7109703e-01   4.0503058e-01  -5.6759088e-02  -2.9686827e-01   5.6647783e-01   6.8206776e-02  -5.8691657e-01  -1.9032072e-01   4.7797291e-01   2.8807626e-01   6.0304013e-01   2.7590443e-01  -2.0243117e-01  -4.1867899e-02   3.2242767e-01  -1.1027436e-01   1.6327977e-01  -4.9536769e-02   1.2095838e-01   7.5161127e-02  -9.7099263e-03   2.0560318e-01   1.7065089e-01  -8.6732472e-03  -1.3708439e-01  -4.6361579e-02   1.9261889e-01   6.8671730e-03   2.6923157e-01  -4.2712719e-02   5.0030887e-01   5.3798183e-02   1.9042267e-02  -1.7809276e-01   2.8031618e-01   8.5969712e-02   2.4376898e-02   5.9077296e-02  -1.2276675e-01   2.3999054e-01   2.7892250e-01  -1.9877539e-01  -1.7177678e-01   1.4052044e-02   9.9663154e-02   7.5259016e-02   9.7388853e-02  -2.7649450e-01   2.0836474e-01  -3.8622632e-02   2.8172054e-01  -1.5185634e-01   2.3292145e-01
  -1.2416772e-01  -6.4358497e-02  -7.0084816e-02  -7.2490332e-02   2.0476590e-01  -1.4566350e-01   1.7927313e-01  -3.0331895e-01  -2.4006792e-01   0.0000000e+00   6.7218211e-02  -7.3044167e-02   3.6661058e-01  -1.8171740e-01   1.2136263e-01   3.1621313e-01  -1.5407607e-01   1.2819807e-02  -2.3928802e-01   1.8651932e-01   6.5022490e-02  -1.6711646e-01   1.1193952e-01  -2.0338372e-01   1.7577920e-02  -1.9098710e-01  -8.9135025e-02   7.6275796e-03  -7.9700406e-02  -9.7310586e-02   5.0077476e-02  -2.5853241e-01   1.9255570e-01   4.2502578e-02   1.2593385e-02   1.8604036e-01   3.1031772e-01  -1.1499141e-01   3.4712662e-01  -1.2960919e-01   2.7601525e-01   1.3075187e-01   6.5708018e-02  -1.5226702e-01  -1.4749652e-02  -1.3906740e-01   1.4536670e-02   5.7742338e-02   8.0884426e-02  -5.6435527e-02   2.6191070e-01  -1.9334285e-01   1.9222751e-02  -2.0669919e-01  -2.6043499e-01  -3.4031486e-02  -3.0501139e-01  -2.3935431e-01   2.7728936e-03  -1.6900933e-01  -1.5491530e-01   3.5788513e-01  -1.7248566e-01  -3.2217071e-02  -1.8363050e-01   3.4961271e-01  -1.4531355e-01  -8.4119575e-02  -3.7150400e-01  -1.2051566e-01  -1.2415563e-01   1.4849339e-01   3.4248753e-01  -1.4074397e-01   1.3829110e-01  -1.1881936e-01   1.2128967e-02  -2.8026362e-01  -1.2824852e-01   4.3140364e-01   7.0802582e-02   4.1159728e-01  -3.4084498e-02  -3.1411386e-01   6.3545266e-02  -8.6237558e-02  -1.0917589e-01  -9.1288763e-02   3.0790665e-02  -6.3360617e-02  -1.1542199e-01  -4.2804899e-01  -9.0610977e-02  -1.8122091e-01   4.6885283e-02   4.7158097e-02  -1.8748930e-02  -1.9871619e-01  -1.7583351e-02   3.4092670e-01  -4.4868768e-02   1.4916086e-01  -6.4530405e-02  -3.5526807e-01   7.8653665e-02  -4.5673067e-01  -1.3948176e-01  -3.3361723e-01   1.6344872e-01   1.5457029e-01   1.5032787e-01  -6.0655135e-02  -6.2691774e-02  -1.0194294e-01   2.8169334e-02   1.2951723e-01  -1.7814182e-01   3.4832271e-01  -1.3698239e-01   5.8764873e-02  -2.5846761e-01  -2.0573219e-01  -1.5982607e-02  -9.9758185e-02  -2.8408663e-01  -3.8796815e-01   1.8598421e-01   2.6162587e-01  -2.6394053e-01   7.6356273e-03   5.0778234e-01  -5.3191541e-02  -1.9780881e-01  -8.0068085e-02  -4.8024262e-02  -1.3325249e-01   1.9843508e-01   1.3052795e-01  -6.1401942e-02  -1.1346953e-01  -2.1015445e-01   1.8871012e-01  -1.9408393e-01  -1.6803391e-01   1.6586979e-01   7.7225058e-02  -3.5885026e-02   1.2869216e-01   2.1391778e-01   2.8092673e-01  -1.1303424e-01  -1.4527199e-02  -4.1058516e-01  -5.0513231e-02  -1.5869509e-01  -8.1141975e-02  -1.8618341e-01   2.1295193e-01  -5.0302687e-01  -1.0882813e-01  -2.4379721e-02  -1.3343545e-01   3.6765547e-01  -9.7617159e-02  -2.8217768e-01   1.6562939e-01   3.4680675e-02  -5.9117719e-02  -3.0731406e-01  -2.4264565e-02  -8.7650051e-02   5.5539955e-02   1.0575016e-01  -2.0052865e-01  -2.7296477e-01   1.5558421e-02  -3.3524792e-01
  -1.8497490e-01  -1.7281278e-01  -2.9123697e-01   1.0739878e-01   1.4394066e-01  -6.5613220e-02   7.5708110e-02   2.7632942e-01  -1.4823279e-01   6.7218211e-02   0.0000000e+00  -2.9348228e-01  -1.6458456e-02   7.7576587e-02   5.5565255e-01  -2.0326166e-02  -2.2239880e-01   6.2532863e-01   4.9361973e-02  -1.5030148e-01   9.4162068e-02   2.0153434e-01  -2.3803577e-02  -2.1729008e-01   1.4950875e-01   1.9418608e-01  -6.8514857e-02   2.3786684e-01  -2.6020790e-02  -1.7858957e-03   4.6592270e-01   1.9739443e-01  -1.7130301e-01   7.5651253e-03  -2.1117083e-01   4.5943749e-01  -1.0634148e-01  -4.1012799e-01  -3.9058597e-02  -2.2420169e-01   3.3995862e-01  -2.5107564e-01  -3.2901061e-01   5.1575875e-01   1.9563662e-01  -3.2445313e-01   7.3969375e-01   1.5039902e-01   2.3015903e-01  -1.8823648e-01   6.4002825e-01   3.6113927e-01   2.1533196e-01  -1.5896070e-01  -1.6567479e-03   5.7453997e-01  -3.8476513e-02  -8.6198132e-03   4.8101637e-01  -4.5060270e-01  -1.7999795e-01   1.7945186e-01  -4.6030608e-02   5.7546381e-01   6.4926681e-02   4.0441573e-01   7.2819532e-02   6.1985698e-03   5.2021112e-01  -2.9193244e-01  -2.1288062e-01   2.1939521e-01   1.2709740e-01  -4.6049752e-01  -2.6964046e-02   1.7354021e-01  -2.0786438e-01   3.1843641e-01   1.8688348e-01   2.4863616e-01   4.3923505e-01   2.0603222e-01   4.4146121e-01   1.1869679e-01  -1.7257750e-02   2.1836184e-01  -7.1301919e-02  -1.1237234e-01  -4.4670177e-03  -1.5210676e-01   9.9398087e-02  -1.3601820e-01   2.1830963e-02  -2.2088170e-01  -2.7872241e-01  -1.5223736e-02   1.5139171e-01   1.7737569e-01   4.4461117e-01   2.7157428e-01   1.4384872e-01   6.4434194e-01   4.2462141e-01  -1.8520743e-01   3.8586289e-01  -2.9397487e-02  -7.0937927e-03   3.1732875e-01  -2.6208184e-01   3.8049233e-01   2.7884627e-01   3.6513259e-01   1.2451227e-01  -1.4374701e-01   7.3840426e-02   2.6525901e-01   2.7066921e-01   2.0354165e-01   5.3134402e-02   3.4697390e-01  -2.3776870e-01  -2.9272951e-01  -1.2872983e-01   2.3629520e-01  -1.5534085e-01  -3.2220073e-01   2.7395107e-01  -1.9587807e-02  -5.3391128e-02  -2.7419158e-01   1.0103813e-01   5.8933151e-01  -2.2212226e-01   6.6735233e-02  -1.6367850e-01   4.2798422e-01   1.0967334e-01   2.7580399e-01   2.9186118e-01  -3.4825771e-01  -8.1521438e-02  -3.9024185e-02   5.6084965e-01  -3.2897463e-01   3.4688391e-01   4.2954713e-01  -1.7936979e-01   3.9638674e-01   2.5831137e-01   1.9530300e-01   2.0755447e-01   3.9867055e-01  -2.1043211e-01   5.0894629e-01  -3.2541512e-01  -2.6781981e-01  -2.6933206e-01   3.3553142e-01  -2.3597718e-01   4.8233702e-01  -7.2994231e-02   6.6261073e-01   3.6829384e-01   3.6077633e-01   2.0291899e-01   1.2640274e-01   3.1494393e-01   3.3074049e-01  -1.3354447e-01   3.2344067e-01   2.2554721e-01  -3.5205525e-01   4.0819954e-01  -3.5815842e-01   1.7173353e-02  -1.7785257e-01   2.0987499e-01
  -2.8315933e-01   4.4618074e-01   5.5269585e-01  -2.0444242e-02  -5.4906590e-02   4.8681022e-01   5.9758573e-01  -9.8400903e-02   6.8155916e-02  -7.3044167e-02  -2.9348228e-01   0.0000000e+00  -2.5660159e-01  -2.4712731e-01  -2.4895842e-01  -1.5991109e-02   4.5924149e-01  -2.3398501e-01   4.5786595e-02   2.4982076e-01   2.8503101e-01  -1.4397633e-02   4.3810493e-01  -1.5013465e-01  -2.0969746e-01   1.1362068e-02   5.6604169e-01  -7.4816859e-03  -3.3878103e-01   2.6659635e-01  -2.2366568e-01   7.9419623e-02  -8.4964318e-02   4.1846646e-01   3.4124373e-01  -3.1763770e-02   1.3787983e-02   1.3735904e-01   3.2827943e-02   6.2758731e-01  -2.0370658e-01  -1.6220072e-02   5.7294946e-02  -1.7083612e-01   4.3934469e-02   6.6006680e-02  -1.5654079e-01   4.9513024e-01  -1.1154340e-02   3.4300984e-01  -1.7272711e-01  -5.8954460e-02   2.1470791e-01  -1.6273010e-01  -2.2966210e-01  -4.8315840e-02  -2.1155076e-02   1.0355302e-03  -9.0433132e-02   4.6827444e-01   2.1764039e-01   1.9868300e-01  -7.3909955e-02  -1.7006244e-01  -1.5639922e-01   1.0740979e-01   3.8759887e-01  -2.2202088e-01  -7.5981206e-02   3.4842321e-01   6.0561883e-01  -2.2449034e-01  -5.3103001e-02   4.9755565e-02  -1.4482427e-01  -1.3560221e-01   9.3519673e-02  -6.6447325e-02  -1.7664140e-01  -1.5154918e-01   8.4816774e-02   3.9393179e-02   1.3410669e-02  -9.2952364e-03  -2.4742307e-01  -1.4006172e-01   8.0112405e-02  -2.4363270e-01  -6.0203135e-02  -1.6383670e-01   5.2882644e-03   1.5262926e-01   3.9955051e-01   3.2654425e-01   4.6645088e-02   1.2990948e-01  -1.7857615e-01  -9.1946034e-03  -3.2109909e-01   2.9781631e-01  -3.3238184e-01  -4.6977835e-02  -4.2202577e-02   1.5094647e-01  -1.6312757e-01   1.5377421e-01  -1.9429863e-01   1.2600126e-02   3.9121634e-01   3.2141160e-02   3.8150745e-01   1.8932757e-01  -2.4373245e-01  -2.1061193e-01   2.0280638e-01   2.3657261e-02   1.1821055e-02  -2.0712571e-02  -1.3283784e-01  -7.1830237e-02   4.5779940e-02  -3.4146351e-02  -4.3025258e-02  -1.2416036e-01   5.5035632e-02   1.9215818e-01   1.7928047e-02  -1.3025675e-01   9.1133163e-02   4.7961690e-01  -1.0613364e-01   3.0485826e-02   9.5937914e-03   4.4303568e-02  -3.1145666e-02  -1.3824068e-01  -1.4006808e-01  -1.9471160e-03  -3.8937820e-03  -2.2969273e-02   3.6764523e-02  -8.5163461e-02   2.5240715e-03   2.8262767e-01  -8.4688271e-02  -1.5851462e-01   6.8849592e-01  -2.5317019e-01   2.9625645e-01  -1.7416239e-01  -2.1244878e-01  -1.6722506e-01   8.1903555e-02   7.6035060e-02   5.1718364e-01   6.7443385e-03   1.0466720e-01   1.2046903e-01   1.7874470e-01  -5.1521458e-02  -1.7418732e-01  -3.1336568e-02  -4.2692093e-01  -8.8138870e-02   1.5176407e-01   4.6710376e-01   1.0352605e-01  -1.7418226e-01  -8.4199205e-02   7.8207476e-02   1.6033989e-01   1.2421052e-01  -1.3309292e-01   2.4948453e-01   1.3252872e-01  -1.9588993e-01   5.2989771e-02
   8.3086616e-02  -2.9334549e-01  -1.0103179e-01   1.5321589e-01   1.4830230e-02  -9.7237316e-03  -1.6210956e-03  -3.4268215e-01  -3.5825266e-01   3.6661058e-01  -1.6458456e-02  -2.5660159e-01   0.0000000e+00  -2.4047796e-01  -1.6302738e-01   4.5816066e-01  -1.6108701e-01  -2.4076654e-02  -3.5839367e-01   5.9225428e-02  -2.3267991e-01  -1.5796723e-01  -2.2414057e-01  -1.3523829e-01  -2.4554807e-02  -4.4256682e-01  -5.2096216e-03  -1.5132885e-01   1.9111358e-01  -3.4890537e-01  -2.5087262e-01  -3.2412584e-01   4.1553336e-01  -1.9717050e-01  -1.7340856e-01   2.5143895e-01   2.3998774e-02  -2.5508937e-02   4.6568420e-01  -2.2231546e-01   5.2442865e-01   2.1098604e-01  -1.7897701e-02  -3.6739730e-01  -1.3987097e-01   7.8571771e-03   1.2912220e-01  -2.1700992e-01   9.9314862e-02  -1.7973042e-01   6.7832060e-02  -3.6161473e-01  -2.2538673e-01   4.7432875e-02  -1.7346367e-01  -2.3104112e-01  -4.5025407e-01  -1.5722144e-01  -1.5125359e-01  -1.8320603e-01  -1.6829617e-01   3.5751561e-02  -3.0696549e-01  -2.5378470e-01  -2.4060209e-01   5.7976763e-02  -1.2030949e-01   1.2793029e-01  -3.6766944e-01  -8.7317657e-02  -2.8054174e-01   1.7682003e-01   4.8103175e-01  -1.0079051e-01   8.9921517e-02  -1.7118661e-01   8.5716619e-02  -3.0537379e-01  -1.3778584e-01   3.9233171e-01  -1.7697674e-01   3.1887290e-01  -1.5916782e-01  -2.9971721e-01  -1.4167639e-01  -2.3815928e-01  -2.4679527e-01  -2.3939098e-01   5.9626764e-02  -3.7548938e-03  -1.4737122e-01  -2.7711814e-01  -2.6077087e-01  -2.8597431e-01   2.2218997e-01  -1.4135781e-01   1.6674635e-01  -5.1379173e-01  -6.3833049e-03   3.2380126e-02  -1.1129613e-01  -2.0231915e-01  -2.8565298e-01  -3.2319598e-01  -1.4960716e-02  -2.6393843e-01   2.7597478e-01  -4.7206845e-01  -1.1113385e-01  -2.9957479e-02  -1.1929001e-01  -2.4037260e-01   6.1726136e-02   1.0623513e-03  -1.5533186e-01  -1.2368801e-01  -2.2224284e-01   5.0590765e-01  -1.7387459e-01   1.7216181e-01   6.5184115e-02  -2.5242415e-01   1.1976633e-01  -3.1845539e-01  -1.6623502e-01  -4.1201329e-01  -2.4591159e-01   3.2386905e-01  -1.4381394e-01   1.1458276e-02   5.5669279e-01  -9.0203408e-02  -8.6170769e-02  -1.1659010e-01  -4.2465814e-02  -3.4077536e-01   2.9541456e-01  -1.0058544e-01  -2.9387491e-01   2.6488771e-02  -2.2467831e-01   3.9841128e-01  -2.3262044e-01   5.7583950e-02  -1.7290684e-01  -1.8816169e-01  -2.4202858e-01   4.8758366e-02   3.3378755e-02   6.3128547e-02  -2.8625124e-01  -3.6353024e-02  -3.0804252e-01  -8.5726609e-02  -2.5177931e-01  -1.2401995e-01  -2.3229903e-02   8.5892643e-02  -2.3745996e-01  -1.6498459e-01   6.4384252e-02  -2.5558516e-01   2.1221405e-01  -9.4005833e-02  -2.8266364e-01  -1.4577306e-01  -2.8973820e-01  -1.4481760e-01  -1.9004910e-01  -1.8859411e-01  -2.3161848e-01   2.2361185e-01   6.1618226e-02   6.1601114e-03  -3.4295944e-01   2.4184169e-01  -1.8876784e-01
   6.6804450e-02  -3.5694890e-02  -1.5810287e-01  -1.3971436e-02  -3.4458138e-03   8.4699555e-02  -3.2866982e-01   3.8144228e-01   6.6331347e-02  -1.8171740e-01   7.7576587e-02  -2.4712731e-01  -2.4047796e-01   0.0000000e+00   2.6070841e-01  -3.2797168e-01  -1.3182355e-01   2.9973289e-01   4.7771271e-01  -1.7970791e-01  -1.7441747e-01   4.4765826e-01  -3.6959020e-01   2.7390472e-01   2.0116626e-01   3.7347986e-01  -1.5052236e-01   2.9723363e-01   1.2639758e-01   4.2561232e-01   2.0049655e-01   3.5675307e-01  -1.7096656e-01  -1.5462089e-01  -2.9475164e-01  -1.4399137e-01  -5.6155680e-02  -2.7497577e-01  -3.4661206e-01  -2.2240897e-01  -1.1133473e-02  -5.0248718e-02  -6.9265114e-02   4.9490898e-01   1.6768630e-01  -3.8362957e-01   1.7245050e-01  -2.1287475e-01  -2.5769141e-01  -1.1987376e-01   1.2689415e-01   4.1642342e-01  -2.5618944e-01   3.2920395e-01   4.0556564e-01   3.2744308e-01   4.9555696e-01   2.1436392e-01   5.4287933e-02   2.7612820e-04  -2.5806315e-01  -6.4512142e-02   1.8286637e-01   1.5496128e-01  -3.6634709e-02  -5.6419883e-02   2.5634074e-01  -9.7706119e-02   4.5953158e-01  -2.1646666e-01  -2.5900330e-01  -8.5613927e-02  -2.2600811e-01   2.2539239e-01   1.7200010e-01   1.4276854e-01  -4.5895178e-01   5.3085913e-01   1.8229515e-01  -2.1017999e-01   3.5105912e-01  -2.5060984e-01   9.7351189e-02   4.6203703e-01   3.1567762e-01   2.1767251e-01  -7.0050710e-02   5.0980496e-01   1.4556254e-01  -4.1565734e-02   1.2450142e-01   2.2480208e-01  -1.1979546e-01   2.3968803e-01  -5.1079711e-01   2.4564121e-01   6.9666264e-02   4.9543980e-01   1.0785537e-01  -2.8827464e-01   4.2775149e-01   3.4606753e-02   4.3048364e-01   3.4584761e-01  -9.5825227e-03   2.6074058e-01   3.6955843e-02   4.8257921e-01  -1.9673464e-01   2.3246405e-01  -1.7062438e-01   2.6609155e-01  -1.2604536e-01  -6.7510265e-02   1.3607697e-01  -2.8308757e-01   3.7461187e-01  -2.0907674e-01   4.0631604e-01  -3.1824593e-02  -3.4201690e-01   2.9217226e-01  -2.9642109e-02   1.3184169e-01  -1.5651491e-01   4.9892629e-01   2.0428805e-01  -1.9411291e-01   1.0800638e-01  -2.5788634e-01  -3.8704428e-01  -3.8351855e-02   5.3233656e-01  -3.3015005e-01   1.2321879e-01   2.6265565e-01  -2.9496702e-02   2.8856499e-01   1.6433693e-01   4.5945047e-02   3.4805020e-01   7.0351401e-02   1.5108788e-01   2.1393893e-01   3.0870188e-02   1.5207598e-01  -2.5038266e-01   8.4478011e-02  -6.1531875e-02  -1.1584599e-01   6.3688390e-01   4.7985119e-01   2.6280036e-01   8.7169921e-02   2.0275815e-02   8.2560152e-02  -2.4769378e-01  -6.0654706e-02   2.5938147e-02   4.4025818e-01  -1.6210136e-02   2.0853547e-01   3.5395348e-02   2.4081237e-01   3.5435692e-01  -4.4320900e-01   1.0188762e-02   3.6992621e-01   1.3374388e-01  -8.4340760e-02   5.4198112e-02  -5.7175637e-01  -3.3206213e-02   1.5546463e-01   8.0670788e-02  -1.4524352e-01   4.6368654e-01
