   0.0000000e+00  -3.5886604e-01   2.6490056e-01   9.4001398e-02  -2.5682952e-02  -1.7381489e-01  -3.3725901e-01   1.4268001e-01  -2.8630676e-01  -2.8690846e-01   9.7754466e-02  -3.7248047e-01  -4.1249878e-01   2.5192582e-01   6.9275245e-02  -2.7304568e-01  -6.6403927e-02   2.7381665e-01  -8.4580277e-02   2.2232891e-02  -8.8928045e-02   3.4585053e-01  -3.0797675e-01   7.4608301e-01  -2.3653785e-01  -2.8664517e-01   2.5706249e-01  -2.7206384e-01   7.8941916e-02   5.4926430e-02   1.0763764e-01  -1.5359193e-01  -6.3468924e-02  -1.8028189e-01  -2.5170217e-01   9.1925131e-02  -1.4330826e-01   3.4128291e-01  -1.6993472e-01  -1.9693310e-01  -4.1820703e-01   2.7486557e-02   7.8643070e-02  -7.3067494e-02   2.8914147e-02   8.5853076e-01   3.2864224e-01  -2.2305591e-03   3.2872680e-02  -2.2966460e-01   4.1083715e-01  -1.4375625e-01  -2.4989415e-01   2.2009724e-01   9.0149324e-02  -1.8676049e-01  -2.2719696e-01   3.7225891e-02   8.0344200e-02  -1.8220694e-01   2.9404076e-01  -1.7837143e-01  -1.7395962e-01  -3.2458695e-01  -2.5039339e-01   2.8128243e-01  -1.5895652e-01   1.0856711e-01   4.0573450e-01   4.5608092e-01  -5.9799745e-01   1.8182540e-01  -2.6732149e-01  -1.3347753e-01  -5.5027212e-01  -9.0004159e-02   8.0298553e-01   6.7379542e-02  -2.9627236e-01  -3.3396142e-01  -2.0803390e-01  -1.7156479e-01  -1.8915742e-01  -1.6118937e-01  -1.5755288e-01  -1.8154296e-01  -1.5874191e-01  -6.2424173e-02  -1.0810420e-01   6.9371566e-01  -4.1106750e-01   3.4647034e-01  -2.9494185e-01  -1.6414775e-01   7.4808203e-01  -2.5121405e-01  -1.0163189e-02  -1.0995865e-01  -1.0251156e-02  -2.1285382e-02  -5.4521452e-01  -4.3801213e-02   9.5197298e-02  -2.9272534e-01   1.3278244e-01  -1.1332174e-02   3.2707046e-01  -1.5519354e-01  -3.4018787e-01   1.6101969e-01  -5.8414870e-01   1.5682230e-01   9.1350451e-02   8.5988552e-01   9.9423665e-02  -2.3009088e-01  -1.3558267e-01  -2.7724432e-01   8.7610520e-02  -9.2420230e-04   7.6453883e-01  -3.8199869e-01   4.2240160e-02  -6.2637885e-02   6.8565726e-01  -7.9542298e-02   1.9329472e-01  -1.2965780e-02   1.7726627e-01   6.3514346e-03  -2.5181365e-01  -1.1895912e-01   1.2273238e-01  -1.7013621e-01   1.5467429e-01  -2.5572949e-01  -1.6173753e-01  -3.1176242e-01   2.7122591e-01   6.4903284e-01   7.0255027e-01  -2.9182814e-01   3.3715326e-01   2.4458851e-01  -1.1148792e-01  -2.2740321e-01  -4.7113131e-01   1.0355952e-01   3.9752665e-01  -2.8321717e-01   3.9501206e-01  -2.1319566e-01   8.2997398e-01  -1.9148444e-01  -2.0483859e-01   4.0727128e-01   7.7314761e-01  -3.1413572e-01   4.9461807e-01  -4.0873763e-02   1.2934820e-01   4.8830960e-02   2.3256909e-01  -3.8296091e-02  -4.8892584e-02  -2.0917346e-01  -1.5220649e-01  -2.1029643e-01   7.5030102e-01  -2.6249643e-01  -7.2758150e-02   5.6455919e-01   1.3006510e-01  -1.2707101e-01  -3.6988887e-01   1.9736014e-01  -3.6158508e-02
  -3.5886604e-01   0.0000000e+00  -4.1410927e-01  -7.0666896e-02   5.6862943e-01  -3.3520620e-01   1.6643955e-01   1.3661195e-01   8.7963884e-01  -1.6069296e-01   5.3180339e-02   5.0594580e-01   2.3808579e-01  -4.3662961e-01  -5.7667901e-01   4.0445306e-04   2.4360589e-01  -4.1920370e-02  -4.2535386e-03   3.8630981e-01  -2.4295740e-01  -1.9433912e-01  -3.2027112e-01  -9.6632377e-02   3.7992135e-01   5.8370338e-03   1.1892794e-01  -2.8086373e-01  -1.2116152e-01   3.2524149e-01   2.4084133e-01   1.4333263e-01  -1.7670601e-01   2.4871578e-01  -2.3278757e-01   3.6810577e-01   1.8499672e-01  -4.6025560e-03   3.6670630e-01   2.8770883e-01   2.9699250e-01  -4.9850890e-01   3.7361031e-01  -2.3904294e-01   3.6458311e-01  -2.7119819e-01   8.4691902e-02   2.7412104e-01   2.1622900e-01   3.8990286e-01  -2.9355910e-01   3.9315085e-02   5.2409098e-01  -1.2604053e-01  -3.6261686e-01  -5.6967722e-01   1.6649691e-02   8.2741034e-02   2.9105241e-01   2.8588491e-02  -5.9076062e-01   3.5917811e-01   7.0854252e-01   7.7520633e-01   8.1177155e-01   4.1317612e-04  -2.1683498e-01   2.0834215e-01  -3.7624242e-01  -6.2053477e-01   8.0918075e-01  -7.1620681e-02   4.2228124e-01  -6.1775282e-01   2.9659358e-01   5.8032098e-02  -3.5864854e-01  -5.2640838e-01   4.8475652e-01   2.8037891e-01  -3.6720754e-01   2.8529617e-01  -1.0476627e-01   1.5210733e-02  -4.2094688e-01  -1.5022617e-01  -3.2488108e-01  -3.9082455e-01   5.9307148e-01  -3.2784524e-01   5.0419717e-01  -6.1893469e-01  -8.2268946e-02   6.2088202e-01  -3.7524089e-01   2.6970619e-01   1.7339361e-01   5.8277387e-02   1.3772060e-01  -7.3097833e-02   4.2300583e-01  -2.4763838e-01  -1.5286829e-01   3.9354583e-01  -8.4805060e-02  -4.8600762e-02  -3.2398979e-01  -7.7843689e-02  -4.9893334e-02  -3.4086227e-01   2.8198914e-02  -1.0350608e-01   5.8302014e-02  -4.6132555e-01  -4.8938442e-01   8.0227238e-01  -5.5400203e-01   2.8486967e-01  -5.9960968e-01   7.0448491e-02  -1.9069085e-01   2.1472192e-01   2.7105759e-01   4.8983035e-01  -6.3616301e-02  -1.6147973e-01  -8.4400344e-02   2.4600298e-01   5.5295491e-02  -5.3968579e-01   4.1286387e-01   5.4043064e-01   1.9710719e-01   3.0241130e-01  -2.9246063e-01  -1.5374322e-02   4.1909207e-02   2.2094383e-01  -1.0991260e-01  -2.1354397e-01  -1.5002730e-01  -1.3109793e-02  -5.7023977e-02  -7.8380551e-01  -2.7998896e-01   5.9623750e-01   1.7660655e-01   5.1490768e-01  -3.4780300e-01   1.5391160e-01  -5.6224490e-01  -1.1972206e-01  -3.2047440e-01   5.1466052e-01  -8.5734695e-03   7.5624376e-02  -2.6997873e-01   2.2324030e-01  -4.4753207e-01  -2.8361222e-01  -5.6726142e-02   5.8784082e-02   1.0997014e-01   1.2701529e-01   1.3405146e-01   6.5834318e-01   1.4690240e-01  -9.9367834e-02  -1.0163395e-01   2.2439119e-01   4.3582017e-01  -1.5850772e-01   3.0917049e-01  -4.0602042e-01   3.4918969e-01  -5.3211419e-02   1.9016983e-02
   2.6490056e-01  -4.1410927e-01   0.0000000e+00   9.7318557e-02  -2.6763940e-01   1.8782019e-01  -5.2877386e-02  -1.2431124e-01  -4.3077193e-01   9.0944531e-02  -1.0450948e-01   7.2406866e-02  -2.9236539e-01   2.0817273e-01   2.8509528e-01  -2.1413208e-01   3.5784825e-01   7.3015669e-03   1.5004994e-01  -8.6660642e-02   4.1166211e-02   8.8683440e-02   1.0105070e-02  -1.5156705e-02  -2.7159085e-01  -9.8739270e-02   1.3737735e-01  -3.6220619e-02  -1.1142055e-01  -4.0973149e-01  -2.5151385e-01  -2.5624246e-01   3.1680667e-01  -5.5014458e-02  -6.5973160e-02  -1.7250201e-01  -2.7646985e-01  -7.8041998e-02  -1.1004226e-01   1.1783840e-01  -1.3731250e-01   4.5430053e-01  -1.3818564e-01   1.4497414e-01  -2.5840294e-01   3.5407261e-01  -4.3115417e-02  -3.2752208e-01  -8.6642476e-02   1.6721271e-01   1.3878955e-02  -1.4625526e-01  -1.5990380e-01   2.0989739e-01   1.2451103e-01   2.9243374e-01   1.8097197e-02  -8.1221964e-02  -9.3168142e-02   2.4771885e-02   7.2341190e-01  -2.8537578e-01  -3.2845021e-01  -3.3374642e-01  -4.9484451e-01   1.2604040e-02   3.2775916e-01   1.5120876e-02   1.7729135e-01   6.1622391e-01  -2.7814352e-01   1.6746686e-02  -1.6943967e-01   5.2945180e-01  -1.7192029e-01  -5.5434793e-02   3.3231447e-01   3.4621808e-01  -1.4672875e-01  -3.2676616e-01   4.2598621e-02  -2.7754300e-01   1.3406566e-01   3.9857601e-02   4.4666415e-01  -5.9912440e-02  -1.5814789e-01   1.0025012e-01  -3.0804501e-01   1.6749083e-01  -2.7604284e-01   6.7038722e-01   2.3111033e-01  -2.5151481e-01   1.7334915e-01  -1.1373673e-01  -2.2740320e-01   3.7243704e-03  -1.0551530e-01  -1.0833382e-01  -1.7587838e-01  -2.7882609e-02   1.1917111e-01  -4.7894159e-01  -1.5204270e-01   6.9542085e-02   2.6065945e-01   8.0693800e-02  -2.3605332e-01   2.7888481e-01   1.0897420e-01  -1.1585079e-01   1.1752144e-01   2.8159865e-01   1.8074352e-01  -3.7616962e-01   2.4604130e-01  -1.4197089e-02   3.7002609e-01   1.2005195e-02   1.0873318e-01  -6.5572556e-02   1.3362490e-01  -2.7457739e-01  -3.0827063e-02   1.5625492e-01   1.7334418e-02  -1.5610307e-01  -1.6381997e-01   4.3400986e-01  -1.6694722e-01  -3.3750745e-01  -2.6273644e-02  -2.6671888e-01  -3.5553939e-02   3.0822606e-02  -7.0865416e-02  -2.2991003e-01  -9.0195772e-02   2.0302970e-01   2.8871292e-01   5.9786368e-02  -1.5696706e-01   4.4133325e-01   2.3116089e-02  -3.8153437e-01   5.4616707e-02  -2.6623543e-01   1.2892174e-01  -1.8200789e-01   2.8121855e-01   1.8120054e-02   2.7624010e-01  -4.2730294e-01   4.0006070e-01   3.5993401e-02   1.8279919e-01  -1.7812436e-01   4.6404410e-01   6.5457550e-02   4.0834018e-03  -1.2073432e-01   7.8452354e-03  -2.0398898e-01  -1.8724588e-02  -2.2634396e-01  -1.1653749e-01   1.3925406e-02   7.4930853e-02   7.9231146e-02  -2.5824200e-01   8.6786361e-02  -1.3684418e-01   1.3001013e-01  -4.9507618e-01   2.0708705e-01  -2.4470215e-02
   9.4001398e-02  -7.0666896e-02   9.7318557e-02   0.0000000e+00  -6.0519793e-02   2.0697337e-01   6.4807928e-02   1.2444350e-01   3.5176641e-02  -2.6103261e-02  -9.9929664e-03  -1.0871671e-01  -2.7716830e-01   2.5717585e-01   2.1420687e-01  -8.0624120e-02  -2.8554565e-01   1.3068715e-01   4.4782804e-02  -7.3416459e-02  -7.9792727e-02   4.1423316e-01  -2.4719388e-02   3.7399651e-02  -4.0562818e-02   2.5947529e-02   3.3718087e-01   1.7206084e-01  -4.5735172e-02   2.1692409e-01   1.0746506e-01   3.2122164e-01   1.0490912e-01   9.2940596e-02   9.1870217e-02   1.0744113e-01   2.7900041e-01  -1.1343995e-01  -1.0649722e-01  -1.1763861e-01  -1.5281881e-01  -7.1717622e-02   1.0120396e-01  -1.6281369e-01   3.2282809e-01   8.5035080e-02   2.0890136e-01   6.0930357e-02   2.1554319e-01  -2.0198833e-01   3.6153672e-01   1.4546494e-03   1.1312256e-01   1.9852869e-02   2.3753100e-02  -1.1416261e-01   5.9120520e-02   2.2259077e-01   2.3477755e-01   5.8126105e-02   1.0025685e-01   1.8645951e-01  -1.5944150e-01   8.4579979e-02   8.9837446e-02  -2.4773448e-02   1.9354571e-01   2.3597680e-01   3.6688213e-01  -9.1281851e-02  -1.7276834e-01   6.5524830e-01  -1.1492628e-01  -8.1704364e-02  -1.5407834e-01   2.3497306e-01   6.7730616e-03   2.1770521e-02  -1.3312549e-01  -2.8858906e-02   2.0423401e-01  -1.0918279e-01  -1.7164164e-01   1.2473937e-01  -6.1409325e-02   1.9371334e-01   1.1094841e-01   2.2478516e-02   1.4097699e-01  -6.4855876e-02  -1.1351001e-01   1.3009621e-01  -1.7363636e-01   1.0000282e-01   2.4591635e-02  -2.6623695e-01   1.4364023e-01   2.8190531e-01   2.7803776e-01   4.4434166e-02  -2.3349851e-01  -2.9310053e-02   2.2049970e-01   7.1151815e-02   3.5047210e-01   4.0943508e-01  -8.4700611e-02   3.7005654e-01  -2.8821282e-02   1.7383066e-01  -1.4282409e-01   3.0935504e-01   4.8456307e-01   4.8494953e-02  -1.7149768e-02  -1.2407672e-01  -1.3015587e-01  -5.0010523e-02   7.7967967e-02   7.3061559e-01   4.4891363e-02  -1.3620380e-01   8.4196375e-02  -3.0183315e-02  -3.4812397e-02   6.3832791e-02   2.0760473e-01  -1.4284785e-01   2.1113526e-01  -9.0975861e-02  -1.8674510e-01  -4.1243346e-02   4.3042182e-02  -2.1794471e-01   2.5459942e-01   1.3211300e-01  -1.8084749e-02  -1.0985283e-02   3.1394376e-01  -6.9404973e-03   1.5575441e-01  -3.4878463e-01   1.3351318e-01  -1.2015211e-02   6.2700791e-02   1.7346150e-01  -1.5473870e-01   1.1733435e-01   1.9605339e-01   3.3426312e-02  -1.2790063e-01   1.0119251e-01   6.8169927e-02  -9.2388028e-02  -8.1381977e-02   4.1412072e-02   6.5510497e-02  -5.0538138e-03  -7.6890056e-02   2.8554402e-01   2.1674964e-01  -1.0484672e-03   8.9398204e-02   4.0572925e-01   3.3946345e-01  -1.2575025e-01  -1.7703999e-01   1.2242015e-01   8.6348087e-02  -1.5855112e-01   4.7290585e-02  -1.1934482e-01   5.5129478e-01   2.7083682e-01   1.1232396e-01  -1.3273058e-01   4.2114136e-01
  -2.5682952e-02   5.6862943e-01  -2.6763940e-01  -6.0519793e-02   0.0000000e+00  -2.4358732e-01  -3.2781084e-03   2.0460126e-01   4.8223155e-01  -1.4195702e-01   1.5842192e-01   3.5540086e-01   2.8662351e-01  -4.2538008e-01  -5.3260588e-01   5.2996351e-02   1.5174236e-01   3.0819143e-01  -1.0241689e-01   8.6100970e-01  -3.8945743e-01  -9.8242462e-02  -5.6397016e-01   1.1740447e-02   2.6969055e-01   2.9697218e-02   3.7828079e-01  -3.2486287e-01  -7.9774908e-03   1.0035032e-01   5.9363728e-02   2.3615375e-01  -1.2269405e-01   9.0954357e-02  -2.9365293e-01   8.0902494e-01   1.2792638e-01   4.7918772e-02   3.9342794e-01   6.2213570e-02   3.1746179e-01  -1.3402790e-01   4.8868151e-01  -2.3762995e-01   5.3826684e-01   2.5764249e-02   5.0285475e-01   1.2839821e-01   1.6358607e-01   3.7943797e-01   3.7214757e-04  -2.9002928e-02   2.6283024e-01   1.6126195e-01  -5.2003551e-01  -6.1557428e-01  -2.0215596e-01  -1.1638080e-02   4.8112415e-01   2.2986692e-01  -2.6326619e-01   3.0997850e-01   4.2842261e-01   4.7684235e-01   5.7802988e-01   3.5186871e-01  -7.9150127e-02   1.1031693e-01   1.2560407e-02  -5.8241054e-01   4.2998584e-01   7.2768568e-02   4.1753136e-01  -5.3269097e-01   1.6891420e-01  -5.1169728e-02   1.0987952e-02  -3.9731520e-01   6.2106747e-01   3.2064809e-01  -5.6944735e-01   3.3410531e-01  -1.6518451e-01  -1.5166726e-01  -4.3968897e-01  -2.5398255e-01  -5.2427150e-01  -5.8711583e-01   3.6979889e-01  -1.4268637e-01   2.4193694e-01  -3.0948277e-01   3.5013605e-02   5.2916867e-01   9.4983330e-03   3.7363193e-01   3.8059875e-01   5.9664307e-02   3.6968009e-01  -9.9428121e-02  -1.0349115e-01  -2.1358517e-01  -2.1915461e-01   1.4233801e-01  -1.0542065e-02   3.8485708e-03  -4.9999740e-02   4.8888590e-02  -3.0581577e-01   3.8177844e-02  -2.5361675e-01  -4.6529730e-02  -9.9963112e-02  -1.3586639e-01  -5.7707253e-01   5.8750252e-01  -3.8159283e-01   5.0453245e-01  -3.5444551e-01   4.6374758e-02   7.6033788e-02   1.8709748e-01   3.6650227e-01   2.3116853e-01   1.1326074e-01  -1.0429287e-01   4.2061119e-02   3.4070800e-01   3.1900642e-02  -6.3383633e-01   4.7581086e-01   5.4747078e-01   8.5361700e-02   6.4117948e-02  -1.2912967e-01  -6.9768823e-02   1.4600169e-01  -3.3971375e-01   5.3073225e-03   1.4393573e-02   6.5553139e-02   3.8078610e-02   1.9963520e-01  -5.9407219e-01  -3.5311350e-01   2.1726720e-01  -1.8895410e-01   6.9439629e-01   1.8769683e-01  -2.1617727e-01  -5.2251280e-01  -4.6714149e-01   3.5537449e-02   4.0320730e-01   5.0608876e-02   5.1512944e-02   6.1116376e-02   2.0321332e-01  -1.5909863e-02  -3.8620123e-01   5.6320527e-02   2.6970255e-01   4.2384862e-01   7.6884581e-02   3.0996760e-02   6.8274830e-01   3.3390797e-01  -2.2682525e-01   1.7276455e-01   3.8076004e-01   5.7988522e-01   5.1123424e-02   3.5248801e-01  -3.7607292e-01   2.0123127e-01   1.4979208e-01  -5.3217531e-02
  -1.7381489e-01  -3.3520620e-01   1.8782019e-01   2.0697337e-01  -2.4358732e-01   0.0000000e+00   2.7900394e-01   2.8693565e-01  -2.8294120e-01   2.6778826e-01  -3.9920435e-01   1.0477329e-01  -9.5504638e-02   1.6950968e-01   3.9299989e-01   1.7244924e-01  -1.3192007e-01  -1.8327718e-01   5.5052115e-01  -6.0453116e-02  -2.1868254e-01   7.4882123e-02   1.6279598e-01  -2.6134728e-01  -2.3681955e-01   5.6720178e-01  -1.6383077e-01   5.8062144e-01   9.6783514e-02  -3.4490763e-01  -4.7272411e-01   2.5071616e-01   1.7547062e-01   2.3513614e-01   2.7286254e-01  -8.0435067e-02  -1.2625109e-01  -2.1532437e-01  -4.1067708e-01  -2.9266112e-01  -1.3321767e-01   1.8083329e-01  -9.4654743e-02  -2.0648802e-01  -7.9265136e-02  -3.3297683e-01  -1.5466844e-01  -1.5004356e-01  -2.3789307e-01  -5.8373539e-02   3.7416750e-02   6.0238712e-01  -1.1881985e-01  -5.7806838e-02   8.6908998e-02   3.0632820e-01   5.7761885e-01   9.0836765e-02  -1.2014285e-01   8.5460123e-02   2.3082581e-01   1.5206525e-03  -4.4083750e-01  -2.0522846e-01  -3.9625581e-01  -1.6005615e-01   7.3467690e-01  -8.9122151e-02  -3.7800154e-03   1.4700089e-01  -1.1668891e-01   3.2445166e-01  -1.9853200e-01   4.5796028e-01   2.3014424e-02   1.9177410e-01  -2.3204751e-01   4.0787826e-01  -2.3660216e-02  -4.6377630e-02   5.6567811e-01  -3.0238949e-01  -1.2798678e-01   5.1779668e-01   1.7819250e-01   3.3507995e-01   1.8885863e-01   3.0173747e-01  -2.1017331e-01  -1.3345489e-01  -1.2465464e-01   1.6427503e-01   3.7753508e-01  -7.2362185e-02  -1.6268178e-01  -3.1708465e-01   6.8715246e-02   4.7879789e-01   3.1405538e-02  -1.8341627e-02  -3.1297491e-01   1.6140902e-01   3.8833001e-01  -3.1881711e-01   1.5312854e-02   4.4404367e-01  -1.5639306e-02   4.9345229e-01  -1.4302518e-01   1.4856980e-01   2.3549473e-01   7.4896392e-02   1.0097285e-02  -1.4670816e-01   2.8166967e-01  -4.3027172e-01   3.8274638e-01  -5.3501690e-02   5.5870384e-01   2.9973826e-01  -2.5387734e-01   1.0077991e-01  -9.9921452e-02  -4.9618397e-01  -3.3805170e-01   2.5499872e-01   1.2300106e-02  -4.4195970e-01  -8.5513793e-02   7.5949283e-02  -3.6344990e-01  -4.0738370e-01  -3.5365725e-01  -5.0619549e-01   2.4936711e-01   3.3978998e-01  -1.1088370e-02  -2.1700854e-01   2.6963940e-01  -1.2987539e-01  -1.7351545e-01  -9.9653800e-02  -2.8816620e-01   4.5119652e-01   2.0080706e-01  -2.3119355e-01   1.2767095e-01  -2.1758699e-01   1.3033009e-01  -3.8726762e-01   1.1748779e-01   4.4474832e-01  -2.8371663e-01  -3.3713061e-01   2.1021789e-01  -2.1784279e-01  -3.4297030e-01   1.0389919e-01  -7.9650977e-02   5.6173415e-01   8.4737466e-02  -2.9891227e-01  -2.4351615e-01  -9.5619704e-02   2.1707738e-01  -1.8908291e-01  -7.7772345e-03   5.0681308e-01  -3.4171109e-01  -1.2888824e-02  -7.6835769e-02  -2.7309939e-01  -1.9939701e-01   8.2583294e-01   1.4812843e-01  -2.0122295e-01   1.9241616e-01
  -3.3725901e-01   1.6643955e-01  -5.2877386e-02   6.4807928e-02  -3.2781084e-03   2.7900394e-01   0.0000000e+00  -1.4909675e-01   1.9617921e-01   4.5272050e-01   8.9592208e-02   6.4308012e-01   2.1674058e-01  -2.5778778e-01   1.5034843e-01   1.7099332e-01  -1.6053030e-01  -1.5490934e-01   1.8305475e-01   1.4430529e-01  -2.6837325e-01  -1.6262871e-01   2.2232674e-01  -3.7203090e-01  -1.1885237e-01   8.8752486e-02  -8.5005054e-02   3.0296332e-02  -3.3901509e-01  -2.6770558e-02  -4.6953402e-01  -2.0307691e-02  -8.4720003e-02   7.2341493e-01   1.2119056e-01   1.5083364e-01  -1.1087091e-01  -1.3519209e-01   3.9636565e-02  -1.1555136e-01   2.3097671e-01  -7.7251670e-02   4.1789822e-01  -7.0221513e-02   1.7866467e-01  -3.7790106e-01  -3.5107320e-02   1.4143848e-01  -6.8560885e-02   2.8751722e-02  -5.7324553e-02   8.5703383e-02   2.7993387e-01  -2.0434206e-01  -1.6629637e-01   1.8028871e-01   1.8297667e-02  -1.9351387e-01   1.5253690e-01   1.9400524e-01  -1.5741892e-01   3.6791393e-01  -6.4718627e-02   1.7421711e-01  -9.1606920e-02   2.1233355e-01   1.3844076e-01  -1.0844830e-02  -1.2411759e-01  -7.7919822e-02   3.0051050e-01  -2.9057968e-02   1.0649650e-01   8.0937181e-02  -8.0997661e-02  -1.1497591e-01  -3.2802993e-01   4.4294097e-02   1.0352138e-01   1.1343854e-01   3.3025461e-01   1.6674988e-01  -7.6642193e-02   4.3406470e-02  -1.2668836e-01  -1.1224854e-01  -2.5420275e-01  -1.4012263e-01   3.1460590e-01  -3.6346846e-01   5.9016712e-02  -2.3201498e-01   5.3750533e-01   1.5831149e-01  -2.3929750e-01  -2.2656048e-01   1.2043299e-01   4.7788469e-02  -1.6040988e-02   2.2362487e-02  -2.6437404e-02   4.0051699e-01  -1.5879006e-01  -1.5122558e-01  -6.6315192e-02   5.2554795e-02  -4.9577390e-01   9.2110562e-02   1.2704006e-01   1.2710698e-01   4.6136883e-01  -6.8830659e-02   9.0266211e-02  -3.3222943e-01  -5.6452151e-02  -1.0905918e-01  -1.1297130e-01   3.0417244e-01  -7.9718349e-02   1.2988242e-01  -2.9267446e-01   1.3628269e-01   1.1171057e-01  -4.1689977e-01  -3.2648507e-01   4.1952296e-02  -8.0534902e-02  -2.4655695e-01  -2.4408728e-01  -2.2844392e-01   2.1018905e-01   3.0820040e-01  -1.2892669e-01  -3.2502399e-01  -1.8185667e-01  -1.7426276e-01   1.2145454e-01   1.6897641e-02  -2.7611631e-01  -2.8326732e-01  -2.4408151e-01  -1.5899488e-02  -1.3133511e-02  -1.5043579e-01   1.1063781e-01  -2.3455211e-01   6.0050573e-01   6.9357204e-02   4.6897108e-03  -2.8361770e-01  -1.8044806e-01  -8.0545753e-02  -4.3612595e-01   9.6071323e-02   2.9901108e-01  -1.6254463e-01  -2.7660748e-01   2.5382399e-01  -3.4803591e-01   7.0961107e-02  -2.0551112e-01  -1.4352029e-01  -3.0765825e-02  -9.3311770e-02  -9.5814215e-02   2.1407080e-01   4.0459017e-01   8.1573461e-02  -2.2921246e-01   1.7888964e-01   5.0142143e-01  -2.3103027e-01   1.0982396e-01   7.5383409e-02   3.4413961e-01  -2.0307530e-01  -1.4893994e-01
   1.4268001e-01   1.3661195e-01  -1.2431124e-01   1.2444350e-01   2.0460126e-01   2.8693565e-01  -1.4909675e-01   0.0000000e+00   1.7008072e-01  -2.3532834e-01  -1.5874961e-01  -2.7223282e-02  -1.0920407e-01   8.7282178e-02   2.6894365e-02   1.4317239e-01  -1.5562864e-01   7.4362780e-03   1.3703052e-01   2.1393488e-01  -1.8810087e-01   2.1975346e-01  -2.6266012e-01   6.4970847e-02   4.3300611e-02   1.7308259e-01   1.6285114e-02   1.6455232e-01   3.0491756e-01  -5.0320200e-02   1.1165413e-01   2.4465392e-01  -1.5347400e-02  -3.8847070e-02  -1.3786683e-02   2.3599530e-01  -7.5118492e-03  -2.6976590e-01  -2.3065242e-01  -1.2710556e-01   2.5964836e-02  -9.5037965e-02   1.5376543e-01  -2.6363599e-01   2.5604268e-01   1.9364983e-02   1.9889891e-01  -1.6803294e-02  -2.5583845e-01  -2.5475142e-02   5.8123811e-02   5.2265922e-01   3.7504432e-04   2.9743426e-02  -1.6011562e-01  -3.6135210e-01   9.9308752e-02   3.1619861e-01   2.3148033e-01   1.1331171e-01  -5.0198086e-02   2.6718335e-02   1.6853915e-01   1.8162936e-01   1.5508838e-01   1.9073831e-02   2.1820598e-01   3.6055230e-02   3.4464161e-02  -2.5599199e-01   7.2329285e-02   3.5390390e-01   1.6459227e-01  -2.4845520e-01  -6.0528420e-03   3.3073940e-01   1.2995736e-02  -4.6238618e-02   1.4604460e-01   1.2154085e-01   3.5340888e-02  -1.9214853e-01  -3.1010924e-01   2.9898392e-01  -3.1113971e-01   2.3226697e-01  -1.0604405e-01  -1.5219203e-01   4.7966451e-02  -3.0310648e-02  -3.0328106e-02   6.2225908e-02  -1.5080742e-01   2.9254767e-01   5.9906289e-02   3.3165548e-02   2.8165641e-01   3.8002474e-01   3.0603677e-01  -3.8719068e-02  -2.1358010e-01  -4.6008619e-04   4.4776741e-01   3.4896144e-02   9.3310951e-02   3.4118618e-01   5.8217556e-02   1.6386087e-01  -3.4757826e-01  -1.2707690e-01  -2.8532321e-01   3.0215621e-01   1.0196842e-01  -4.4793901e-02  -2.7086677e-02   1.7470558e-01  -1.5850519e-01  -4.0964231e-02  -3.3957899e-02   1.7023055e-01   2.4025732e-02   3.5180295e-02  -4.2226537e-02   8.9879512e-03  -1.1075764e-02   1.5719111e-01   5.4063636e-02   8.2548601e-02   2.4552459e-01  -3.2049754e-01  -1.5842208e-01  -1.3432725e-02  -3.8900409e-02  -2.5891955e-02   1.7307990e-01   4.6291546e-01  -1.1105739e-01  -9.1435972e-02   5.9402033e-01  -9.2648455e-02  -5.9963411e-03  -2.1927911e-01   2.2535243e-01  -9.7387769e-02   1.2411182e-02   2.8659637e-01  -2.5028407e-01   1.9200148e-01  -4.5667022e-02  -1.7718240e-01  -1.4261350e-01   3.2834797e-01   1.4727481e-01   2.2268188e-02  -1.1864386e-01  -1.5918968e-01  -1.0242726e-02   3.1002644e-01   1.2673265e-02   1.8779311e-01   2.3190324e-01   3.3764895e-02   2.2485297e-02   7.2115845e-02   2.6840928e-01   1.6972308e-01   7.8726334e-03   2.1406433e-01   1.9361632e-01  -3.2347803e-02   2.1345367e-02  -2.2737522e-01   2.7274590e-02   2.6162514e-01   2.8236421e-01   6.6423984e-04   3.5308040e-01
  -2.8630676e-01   8.7963884e-01  -4.3077193e-01   3.5176641e-02   4.8223155e-01  -2.8294120e-01   1.9617921e-01   1.7008072e-01   0.0000000e+00  -1.4764174e-01   7.4951347e-02   3.6346219e-01   2.3180608e-01  -3.1784867e-01  -5.2776705e-01  -1.4758356e-02   1.1715029e-01   2.5173787e-02  -7.1800870e-02   3.0592382e-01  -2.4481214e-01  -7.6088815e-02  -2.6220517e-01  -4.5462473e-02   3.1797466e-01  -2.8311080e-02   1.2602170e-01  -2.3585262e-01  -2.0679954e-01   3.5653793e-01   1.9778137e-01   2.3011512e-01  -1.4376393e-01   2.0674880e-01  -7.8133724e-02   3.6965587e-01   2.8039534e-01   4.6363537e-03   3.4516023e-01   2.5060918e-01   2.6963698e-01  -5.0281369e-01   3.8950093e-01  -2.9753732e-01   4.0999831e-01  -2.0051003e-01   8.2469388e-02   2.0514842e-01   1.2334116e-01   2.6926799e-01  -2.2033383e-01   6.8279671e-04   4.8598614e-01  -7.5938817e-02  -3.1157630e-01  -5.7522691e-01  -1.6741286e-02   2.4166977e-01   3.2150196e-01   9.2161031e-02  -5.3031493e-01   3.1782419e-01   6.4084748e-01   7.6892011e-01   8.4847794e-01  -1.1528943e-01  -1.9218832e-01   2.1252629e-01  -2.5737913e-01  -5.7335170e-01   6.9136375e-01  -8.2152777e-03   2.5373548e-01  -6.5231485e-01   2.8884010e-01   1.6304098e-01  -3.6103483e-01  -5.1146899e-01   3.2434213e-01   3.5847574e-01  -2.5004866e-01   2.0122596e-01  -1.9116297e-01  -1.1582520e-02  -4.8424121e-01  -7.9594271e-02  -2.6988081e-01  -3.6949106e-01   6.5504095e-01  -3.2915958e-01   4.3364723e-01  -6.5917220e-01  -1.9832945e-01   7.5046530e-01  -3.1072353e-01   2.0969092e-01   3.0236982e-01   7.8643892e-02   1.0322311e-01   3.8071008e-02   3.4066883e-01  -2.9344252e-01  -9.3093120e-02   5.3866418e-01   7.9749929e-02  -1.4037773e-02  -3.3616262e-01  -1.5602856e-03   2.6247181e-02  -3.2169641e-01  -3.5970126e-02  -9.6818167e-03   1.4502226e-01  -3.9914811e-01  -4.4791723e-01   6.7005049e-01  -5.4641908e-01   2.1301843e-01  -5.6209112e-01   1.8608425e-01  -1.6482178e-01   1.8482169e-01   2.6365711e-01   4.0747397e-01  -2.4975954e-02  -1.4675803e-01  -1.1556792e-01   2.3338811e-01   1.6934665e-01  -4.9572880e-01   3.4085952e-01   4.1136359e-01   2.0929991e-01   3.0820602e-01  -2.5569932e-01   7.8352399e-02   1.0161539e-01   2.0106360e-01  -6.4819416e-02  -2.1179802e-01  -1.4851521e-01  -8.8984665e-02  -3.0362171e-02  -7.3048862e-01  -1.7995628e-01   6.4370707e-01   1.5414096e-01   4.5095406e-01  -4.0723779e-01   2.2882134e-01  -5.9198864e-01  -1.0819381e-01  -3.2549875e-01   4.6710180e-01  -1.0847490e-01   3.3283484e-02  -2.8040327e-01   1.7518063e-01  -5.1663205e-01  -1.8681964e-01  -9.1769082e-02   1.2364421e-01   1.2689904e-01   2.8166836e-01   2.5649569e-01   5.8272712e-01   1.7490915e-01  -3.7096043e-02  -1.3087358e-01   1.4430518e-01   3.1458311e-01  -1.4222632e-01   3.7348047e-01  -3.3560712e-01   4.1816370e-01   6.7341382e-02   1.3386911e-01
  -2.8690846e-01  -1.6069296e-01   9.0944531e-02  -2.6103261e-02  -1.4195702e-01   2.6778826e-01   4.5272050e-01  -2.3532834e-01  -1.4764174e-01   0.0000000e+00   4.0736095e-02   9.8223479e-02   9.6867607e-02  -1.1343663e-01   1.4534351e-01   8.2627405e-02  -1.5318690e-01  -1.8611975e-01   1.0955134e-01  -8.7838482e-02  -2.0278421e-02  -2.5379962e-01   2.7638736e-01  -3.0934800e-01  -1.9971736e-01   2.4258523e-01  -6.0249245e-02   1.9703917e-01  -1.7802853e-01  -1.4836850e-01  -5.2575861e-01  -6.5893886e-02   9.6030693e-02   2.1490791e-01   8.6773968e-02  -9.6379888e-02   2.4699266e-03  -4.9022824e-02  -1.6476992e-01  -5.6299761e-02  -1.0709019e-02   1.9754913e-01  -7.2316825e-02   2.6177785e-02  -1.1617484e-01  -2.5167459e-01  -1.7400372e-01  -8.4990387e-02   1.5655139e-02  -2.1029637e-02  -7.3156540e-02   1.7629684e-01  -1.0894376e-01  -2.4731428e-01  -2.1130633e-01   3.2825999e-01   5.6741897e-02  -1.8929010e-01  -1.2013939e-01  -1.2512296e-02   2.7898803e-02  -1.3398150e-01  -1.9492044e-01  -4.5142267e-02  -1.7035197e-01   1.5369601e-01   5.6380680e-02  -1.5366687e-01  -2.1481706e-01   2.6618941e-02   6.1114422e-02  -5.0158573e-02  -9.9708187e-02   1.3289745e-01  -1.3879134e-02  -4.3751970e-02  -2.0597660e-01   1.1843464e-01  -5.5016008e-02  -2.1959649e-02   1.9347527e-01   1.9241588e-02   4.4507813e-02   2.4381424e-02  -1.0102601e-02   7.3026164e-02  -1.4439100e-01  -1.2737892e-02  -2.1705945e-01  -3.0427201e-01   2.2533038e-01  -1.1784607e-01   5.2838774e-01  -1.9388951e-01  -6.2226484e-02   1.3260043e-02  -1.2169065e-01  -7.8313366e-02  -1.6491034e-01   5.9068496e-02   4.4045548e-02   3.5333305e-01  -6.3463583e-02  -8.5707178e-02  -1.5780279e-01  -1.5333709e-03  -3.4771220e-01  -9.7122915e-03   2.0404236e-01   2.4419946e-01   3.6866570e-01  -3.3324630e-02  -1.2696421e-01  -1.5553489e-01   6.0507800e-02  -1.3893968e-01   2.5904319e-01   5.7927072e-02   8.0879331e-02  -4.8316676e-03  -1.8316054e-01   3.6274613e-01  -7.4602912e-02  -3.7175519e-01  -2.8020217e-01  -1.4972268e-02  -1.0960207e-01  -3.9581168e-01  -3.3637971e-01  -6.1953420e-02  -7.3435553e-02   5.4569492e-02  -3.2011602e-01  -1.8527707e-01  -3.2571208e-02   1.5961028e-02   5.2770798e-02   4.7369878e-02  -1.4580113e-01  -1.1951951e-01  -1.9374332e-01   1.3693182e-01  -3.0694513e-02   2.8716152e-02   1.0796121e-01  -2.9462725e-01   3.7747300e-01  -7.8117930e-02   1.2075081e-01   3.5147430e-02  -1.1037788e-01   3.9629340e-02  -3.5686298e-01  -1.0904628e-01   1.1482179e-01  -1.0950267e-01  -1.8181776e-01   1.0012087e-01  -3.2515850e-01   5.7344494e-02  -2.2892988e-01   5.8132274e-02   1.5858266e-01  -7.9113783e-02  -2.8676777e-02  -4.5812652e-02   3.8852844e-02   2.2013763e-02  -3.0174356e-01   2.1898511e-01   1.7683139e-01  -1.4968208e-01  -5.6744490e-02   1.0821896e-01   4.7408352e-02  -7.5972839e-02  -2.5460650e-04
   9.7754466e-02   5.3180339e-02  -1.0450948e-01  -9.9929664e-03   1.5842192e-01  -3.9920435e-01   8.9592208e-02  -1.5874961e-01   7.4951347e-02   4.0736095e-02   0.0000000e+00  -1.1070274e-01  -9.0733932e-02  -2.0196360e-01  -7.7388407e-02  -5.7811830e-02  -2.0220877e-01   5.2327865e-01  -1.5960110e-01   1.1017926e-01   2.3957612e-01   3.1378563e-02  -1.8189748e-01   6.1066017e-02  -6.0423599e-02  -1.8393752e-01   3.0723217e-01  -4.0068230e-01  -2.6751822e-01   3.4727472e-01   2.0558163e-01  -1.7282039e-01  -2.5254346e-01   1.1896103e-01  -1.4924552e-01   2.6811944e-01   5.8085970e-03   8.5363494e-02   2.4949184e-01  -1.9939024e-01  -2.0192803e-02  -1.0883859e-01   1.8121014e-01   4.4139749e-01   2.4161258e-01   1.6050592e-01   5.4545403e-01   3.7450508e-01   1.1553196e-01  -3.5185858e-01   3.4453503e-01  -3.8358990e-01   8.1639465e-02   7.3401572e-02  -2.5063986e-01   2.0558831e-02  -2.9445970e-01  -1.6157817e-01   1.7616185e-01   1.1028607e-02  -2.9572345e-02   4.5784580e-03  -4.6803801e-02   1.6004363e-01   1.8544858e-01   4.5438519e-01  -3.2209349e-01  -2.4560735e-02   4.2781925e-01  -1.0061539e-01  -1.0860920e-01  -6.7230244e-02   2.6590980e-01  -1.4994497e-01  -1.5338550e-01  -2.7964456e-01   1.2346637e-01   5.4995194e-02  -1.7267867e-01  -2.6872117e-02  -3.4355374e-01   3.0675962e-01   1.9281380e-01  -2.6796975e-01  -5.8487792e-02  -2.7551007e-01  -1.0103061e-01  -3.0091444e-01   5.6668214e-02   6.8428872e-02  -2.2996430e-01   1.7722196e-02   1.2574539e-01   5.5617237e-02   1.3809794e-01  -1.8141408e-01   3.1265903e-02  -2.3403232e-01   1.1226165e-01  -1.5050876e-02  -2.6256647e-02   3.6970242e-01  -2.3815460e-01   8.4237035e-02   4.6522808e-02  -4.0878743e-01  -1.4993853e-02   3.7823778e-02  -4.8539076e-02   4.7605262e-01  -1.5603597e-02   1.2595742e-01   6.5755398e-02   1.2461911e-01  -3.1129764e-01   7.8041734e-02  -7.6538818e-02   1.9460309e-01  -1.7127111e-01  -2.5453698e-02   1.9284389e-01  -3.3075847e-01  -3.3474897e-02   2.5499769e-02   5.0150977e-02  -1.3521539e-01  -1.5040910e-02   1.1526879e-01  -1.5039963e-01   2.4893502e-02   1.8288472e-01   6.2594060e-01   1.9392217e-01   3.3839172e-01  -1.7458266e-01  -3.2958122e-01  -9.7121151e-03   2.8981389e-02  -1.9257316e-01   4.8083711e-02   1.5751083e-01  -5.8361863e-02   5.3451360e-01  -1.1170392e-01   2.1345184e-02  -8.8538664e-02  -2.1045038e-01   2.8873939e-01   3.0771634e-01   7.2305832e-02  -1.4630911e-01  -4.4346368e-01   1.5376039e-01   3.0513536e-01   5.9679825e-02   6.3290357e-02   2.6159378e-01  -5.5406774e-02   6.2780524e-02  -4.0185236e-01  -1.4124894e-01   6.6898368e-01   4.3151055e-01   9.7131568e-02  -3.1251900e-01   1.8349705e-01   2.6446509e-01  -4.1494745e-01   2.6594679e-01   2.3734012e-01   8.8526770e-02   1.9182462e-01   3.6282307e-01  -3.3473302e-01   1.4891452e-02   1.7433989e-01  -2.1260117e-01
  -3.7248047e-01   5.0594580e-01   7.2406866e-02  -1.0871671e-01   3.5540086e-01   1.0477329e-01   6.4308012e-01  -2.7223282e-02   3.6346219e-01   9.8223479e-02  -1.1070274e-01   0.0000000e+00   2.8272972e-01  -4.3234745e-01  -1.9951460e-01   6.4174505e-02   3.0847748e-01  -3.1699134e-01   1.7570628e-01   5.1981357e-01  -3.6494381e-01  -2.6597087e-01  -1.7510142e-01  -3.8196487e-01   2.0249014e-01   9.1489585e-02  -9.7698726e-03  -1.7423708e-01  -1.7305362e-01  -1.3086093e-01  -2.3690418e-01  -1.0788720e-01   7.2090231e-03   6.0726306e-01  -1.2290044e-01   2.7314686e-01  -1.3931160e-01  -1.9186515e-01   2.4679833e-01   1.6697605e-01   3.0213315e-01  -7.0517827e-02   5.0889110e-01  -6.2617611e-02   8.8310145e-02  -3.6890187e-01  -7.2024839e-02   1.1067083e-01  -1.0504676e-02   4.6851018e-01  -4.1761659e-01   1.3781228e-01   5.2450904e-01  -1.6686543e-01  -2.6097907e-01  -1.1256271e-01   4.4392212e-02  -2.1331746e-01   2.2352844e-01   1.9562629e-01  -1.0821747e-01   4.3271477e-01   2.9240744e-01   3.7865090e-01   9.2644265e-02   4.3491472e-02   1.4275100e-01  -1.0281047e-02  -3.3067337e-01  -2.8875361e-01   6.6490180e-01  -2.2471348e-01   3.3878298e-01   3.1812128e-02   2.1732959e-01  -1.2194414e-01  -3.1381455e-01  -1.1592926e-01   6.4027569e-01   2.7296875e-01  -1.0754521e-01   1.6386144e-01   1.5327165e-01   1.2445828e-01   3.1446607e-03  -2.2838802e-01  -3.9886056e-01  -3.2822255e-01   3.1982051e-01  -3.5697536e-01   2.3283843e-01  -1.8605581e-01   4.8008663e-01   3.2267480e-01  -3.9657241e-01   1.2699086e-01   2.1120678e-01   9.4483740e-02   4.4236780e-02  -1.6666399e-01   1.9248992e-01   1.2332027e-02  -2.7696521e-01  -1.5152265e-01  -3.9330844e-01   6.1390949e-02  -3.7554152e-01  -2.8369039e-02  -1.6889366e-01  -6.8104674e-02   5.0834364e-01  -4.1182999e-01  -7.8262992e-02  -4.4296503e-01  -3.7221158e-01   3.0102698e-01  -2.7310492e-01   4.1366178e-01  -1.8713417e-01  -2.4516206e-02  -3.6465551e-01   3.5039043e-01   3.6504768e-01  -6.4994569e-02  -3.5419635e-01   6.7091882e-02  -8.9045062e-02  -5.3173912e-05  -1.9103455e-01  -2.9175849e-01   3.8519072e-01   3.2397266e-01   5.8093042e-02  -2.3301127e-01  -2.8176235e-01  -1.3431638e-01   1.0141720e-01  -6.8472947e-02  -2.7994302e-01  -2.8420504e-01  -2.6652393e-01   1.0364401e-01  -2.5152967e-01  -4.1965009e-01  -1.2795449e-01  -9.6070380e-02   5.5037365e-01   1.1569610e-01  -2.0521017e-01  -2.3755299e-01  -3.3939678e-01  -1.4782087e-01  -3.3934958e-01   2.9726166e-01   4.3146556e-01  -1.3481166e-01  -3.2160578e-01   3.0919607e-01  -1.5126944e-01  -2.4797114e-01  -1.3789527e-01  -3.0669970e-01  -1.7464889e-01  -3.1603457e-01  -7.8780223e-02   5.0095531e-01   4.4215389e-01   2.0256966e-02  -2.0824487e-01   4.2113862e-01   5.1175125e-01  -2.6194449e-01  -2.9586897e-02  -1.3264492e-01   2.9657653e-01  -9.7499941e-02  -1.8359750e-01
  -4.1249878e-01   2.3808579e-01  -2.9236539e-01  -2.7716830e-01   2.8662351e-01  -9.5504638e-02   2.1674058e-01  -1.0920407e-01   2.3180608e-01   9.6867607e-02  -9.0733932e-02   2.8272972e-01   0.0000000e+00  -2.5328812e-01  -2.1208021e-01   8.7140166e-02   7.7526097e-03  -9.8010464e-02  -1.1076361e-01   3.3707403e-01  -2.5575760e-01  -2.6014755e-01  -5.3158695e-02  -2.1821537e-01   2.8470566e-01   3.5010393e-02  -1.2811463e-01   1.2224556e-02  -1.5532371e-01  -1.9647969e-01  -3.0870662e-01   6.4555785e-02  -4.3729448e-03   1.5682346e-01  -1.0788209e-01   2.4800070e-01   4.4323955e-02  -2.4497726e-01   3.0615310e-01   1.6280517e-01   7.0850569e-01   2.0678716e-02   1.0113949e-01  -1.2865376e-01   3.5032180e-02  -3.3102587e-01  -6.3255317e-02  -2.0805729e-01   9.9458919e-02   2.8993309e-01  -2.0015701e-01  -3.1478712e-02   1.6931860e-01  -3.4658081e-02  -2.2835594e-01  -5.6924819e-02  -1.1070092e-01  -7.5633824e-02   1.2642342e-01   1.2923223e-01  -1.9207092e-01   2.8776593e-01   2.5612461e-01   2.2471698e-01   1.8882413e-01   5.0537038e-03  -1.8752895e-02  -1.3341512e-01  -2.4523246e-01  -3.3911496e-01   3.5229181e-01  -2.9067835e-01   1.0091496e-01  -1.0485600e-01   5.3506553e-01  -2.4894339e-01  -3.8803816e-01  -2.0975377e-01   2.2462657e-01   5.1458589e-01  -1.0250649e-01   2.1266761e-01  -3.8615505e-02  -5.0098702e-02  -8.5143613e-02  -3.6352738e-01  -2.2191518e-01  -8.2011916e-02   1.9327505e-01  -3.3589412e-01   2.0961407e-01  -3.2423752e-01   1.7150001e-01   9.2942739e-02  -3.0275060e-01   3.5850059e-01   3.3773077e-01  -4.5567858e-02   1.5919952e-02   5.0128862e-02   3.0595355e-01  -1.4996836e-02  -4.3940847e-01   1.8774171e-01  -1.9940194e-01  -1.4622253e-01  -2.4509907e-01  -5.3378179e-02   1.0687057e-01  -2.6062665e-01   2.1110254e-01  -1.8729251e-01  -3.2762063e-01  -4.0387874e-01  -2.1261830e-01   1.5871104e-01  -7.2090266e-02   5.3006142e-01  -1.6327800e-01  -1.3803804e-01  -4.2424082e-01   2.0609800e-01   1.0179409e-01  -2.6566789e-02  -2.6729148e-01  -8.4446053e-02  -1.6745982e-01   2.0664897e-01  -1.3373702e-01  -2.0982376e-01   5.1293423e-01   1.4674732e-01  -3.1632879e-02   1.0494320e-02  -2.2054096e-01  -1.2272074e-01   3.5597850e-01  -4.0844027e-03  -4.1603432e-01  -3.1896335e-01  -5.0389654e-01   5.3295244e-01  -1.9963251e-01  -3.5921799e-01  -2.0551040e-01  -4.6976137e-02   3.5444708e-01   1.0368548e-01  -2.9143844e-01   4.4114464e-02  -2.3030936e-01  -2.3862221e-01  -3.6492219e-01   1.1892628e-01  -7.2135465e-02  -1.6401121e-01  -3.3971437e-01   2.3970529e-01  -2.4014647e-01  -3.3073280e-01  -2.7335117e-01  -1.2016305e-01  -3.5415020e-02  -1.6402994e-01  -6.4144151e-02   1.0481264e-01   2.5562718e-01   1.1867618e-01  -3.4817143e-01   1.9051641e-01   1.7135712e-01  -3.7163094e-01  -1.5705041e-01  -1.5733858e-01   1.8704768e-01  -3.6814331e-02  -1.2232955e-01
   2.5192582e-01  -4.3662961e-01   2.0817273e-01   2.5717585e-01  -4.2538008e-01   1.6950968e-01  -2.5778778e-01   8.7282178e-02  -3.1784867e-01  -1.1343663e-01  -2.0196360e-01  -4.3234745e-01  -2.5328812e-01   0.0000000e+00   3.3244115e-01   8.7531181e-02  -8.4619162e-02   4.1187274e-03   7.8926337e-02  -3.8800407e-01   7.8164158e-02   4.9212732e-01   2.9035866e-01   1.6102060e-01  -2.6082215e-01  -2.5184912e-02   6.8163503e-02   4.3202806e-01   2.0586809e-01   3.3119658e-02   4.7230126e-03  -3.5156312e-02   2.3012859e-01  -2.9717293e-01   4.9569026e-01  -3.2532434e-01   4.2284709e-02  -2.4089433e-01  -2.1536583e-01  -1.6725942e-01  -1.7810338e-01   1.9869254e-01  -3.0628284e-01  -2.4342897e-03  -1.8963298e-03   9.6507377e-02  -1.4861747e-01  -2.8822103e-01  -3.2736896e-01  -1.0326716e-01   2.2030292e-01   1.2199668e-01  -3.6743125e-01   4.1534767e-02   6.2417078e-01   2.5098986e-01   2.9671192e-02   2.0183913e-01  -8.3169325e-02   3.6353343e-01   3.2550758e-01  -2.7214907e-01  -2.6607797e-01  -3.3096305e-01  -2.4154170e-01  -1.6551558e-01   1.2383981e-01  -7.2856147e-02   2.5790880e-01   2.9638337e-01  -5.2469826e-01   1.2678176e-01  -3.3718578e-01   2.6961617e-01  -9.2785955e-02   2.4721516e-01   1.0797910e-01   3.3154755e-01  -4.3076852e-01  -2.0689274e-01   4.5389271e-01  -2.6475600e-01  -1.9711599e-01   7.9267851e-02   1.4008023e-01   3.6520775e-01   3.8603958e-01   5.6887537e-01  -2.5855216e-01   1.5738005e-01  -2.3936908e-01   4.1782068e-01  -2.3795160e-01  -1.5026216e-01   9.9673400e-02  -1.4616356e-01  -7.5763672e-02   2.7007059e-01   8.8498580e-02   8.4238869e-02  -3.2731048e-01   1.0935253e-01   5.2145094e-01   1.3105507e-01   4.0307741e-01   1.2182172e-01   2.1058115e-01   2.3082929e-01   6.2142237e-02  -1.1454752e-02  -1.7767696e-01   5.9520976e-01   1.9367493e-01   1.9813381e-01   4.7155432e-01  -4.9866601e-01   3.7289992e-01  -4.0880932e-01   3.9162175e-01   2.1327709e-01   7.1614569e-02  -1.4634240e-01  -1.4078029e-01  -2.2917613e-01  -1.6675423e-02   5.7860559e-01   8.9596879e-02   5.6285501e-02   9.6618935e-02   3.0243459e-01  -3.6478164e-01  -5.7645082e-01   6.3535226e-02  -2.7611557e-01   1.7024998e-01   2.7368091e-01  -3.2019387e-01   1.7085304e-01   3.7487072e-01  -2.4868219e-02   1.8040443e-01  -1.8169162e-01   1.7057870e-01   4.5562961e-01   3.0140236e-01   9.1325558e-02  -2.7412872e-01  -2.0550229e-01   2.9671384e-02   1.9745069e-02   3.4886438e-01   3.8746022e-01   2.4807335e-01  -5.5159689e-01  -8.7979457e-02  -9.9659839e-02   8.5383583e-02  -3.9336379e-02   2.6760686e-01   5.6773515e-01   1.6393655e-01  -7.3935695e-02  -2.0100081e-01   2.3247364e-01   1.5705171e-01  -5.2345038e-01  -1.8801712e-01   4.4076862e-01   4.3582695e-02  -3.2228327e-01  -3.4169689e-01  -1.0190525e-01  -3.5917111e-02   3.4586393e-01  -1.2392013e-01   1.7154575e-02   5.4685736e-01
