   0.0000000e+00  -1.9014648e-01  -2.4601746e-01   1.8076674e-01  -2.0623898e-01   7.8717315e-03  -1.5795418e-01   2.1268089e-01   1.4816572e-01  -7.0037145e-02  -1.8635093e-01  -2.6971481e-01  -9.5432543e-02   4.7528511e-01  -1.7214121e-01  -2.8316014e-01  -1.2557582e-01  -1.6533550e-01   1.0522437e-01  -1.8886798e-01  -1.7837771e-01   1.9662988e-01  -1.2386523e-01   7.0182618e-01  -9.9411663e-02   6.8956734e-02  -3.1039982e-01   3.9696104e-01   1.6617572e-02   7.8070773e-02  -2.1355990e-01   3.8815686e-01  -2.1668212e-01  -1.5167823e-01   1.2495691e-01  -1.6832798e-01  -5.3055772e-02  -1.7830494e-02  -3.6849547e-01  -2.1307814e-01  -2.2910593e-01   5.0446629e-02  -1.4152491e-01  -1.0241037e-01  -7.3504886e-02   5.8308808e-01  -6.8568796e-02  -1.6471737e-01  -2.0562222e-01  -4.3713375e-01   9.7909564e-02   1.5803697e-01  -2.7448722e-01   1.5149077e-01   8.2997896e-02  -2.0231967e-01   1.5009403e-01   3.4544382e-01   7.7853950e-02   5.7130591e-02   2.6561535e-01  -3.7807525e-02  -1.2556780e-01  -2.1221838e-01   3.1525137e-02  -1.6409698e-01  -2.2833144e-03  -5.4655559e-02   6.4107889e-02   1.6857442e-01  -1.8034390e-01   3.2201615e-01  -8.6221174e-02   2.3086335e-01   1.4373916e-01   2.4310457e-01   1.9634378e-01  -2.4109274e-01  -1.7881030e-01  -3.6992290e-01   9.9490913e-02  -6.7688257e-02  -2.9845915e-01   2.1531462e-01   7.9874973e-02   2.4304151e-01  -3.8776768e-02   5.9883493e-01  -1.7260648e-01   7.9831932e-01  -2.3787359e-01   2.7333096e-02  -3.2306262e-01   4.5078896e-02  -6.8095387e-02  -4.5451239e-02  -9.3572383e-02   1.8718610e-01  -7.2914241e-02   2.4427468e-02  -3.3387486e-02  -1.6874142e-01  -1.8531805e-02   2.9021434e-01   1.8278609e-01   3.3534728e-01  -4.2268921e-02   1.1918752e-01   9.0956514e-02  -1.0404385e-01  -2.8501445e-01   9.7755139e-02   2.4471663e-01   4.9597164e-01   3.4455345e-01  -2.0387023e-01  -1.2320278e-01  -3.6488265e-02   3.8195386e-01   2.2262673e-01   5.8332911e-01  -2.9179277e-01  -2.4395509e-02  -4.9943660e-02   5.3266815e-01   5.1426684e-01  -8.3599169e-02  -2.0999127e-01   4.4412179e-01  -1.2153320e-01  -1.3160064e-02  -3.4357681e-01   4.5543928e-02  -1.3584183e-01   1.1514083e-01   3.1936681e-01  -3.3807534e-01   2.7651476e-01   2.5847819e-01   9.0399062e-02   5.6368960e-01  -9.6745424e-02  -1.1548901e-01  -2.1764443e-01  -1.7789000e-01  -1.2253894e-01  -2.1737846e-01  -2.1675273e-01  -1.2815991e-01   1.5912433e-01   2.5198003e-01  -8.5460880e-02   5.1873174e-01  -4.3335041e-01  -2.9981552e-01   4.1766683e-01   4.2830645e-01  -3.8209951e-02   1.8703521e-01   7.7922314e-02   3.5192579e-02  -2.1315900e-02  -6.3382914e-02   2.0915643e-01   1.9240153e-01  -3.4767722e-01  -4.1585332e-01   2.8896891e-01   4.1687491e-01  -2.8719649e-01  -8.3417101e-02   2.9545672e-02   1.7156483e-01  -9.1448841e-02   1.8924278e-01  -2.5430698e-01   2.8290916e-01
  -1.9014648e-01   0.0000000e+00   3.5425890e-01  -2.4085504e-01   4.8930889e-01  -3.2958082e-01   3.5100960e-01   1.1305102e-01   5.0225650e-01   3.4377888e-01  -2.4025368e-01   6.8499210e-01  -3.5381567e-01  -1.7728748e-01   1.8001117e-01  -1.7928104e-02   4.1754633e-01  -7.1196868e-02   9.8248801e-02   4.1098249e-01   1.8136214e-01  -3.0431323e-01  -5.2240468e-02  -1.5614175e-01  -1.3945247e-01   1.3675432e-01  -7.9975147e-02  -1.2871555e-01  -2.3198973e-01  -1.7006653e-01   1.4043680e-02  -6.9338415e-02   2.1164050e-01   3.0792899e-01   7.3015201e-02   1.9908501e-01   4.1062959e-01   8.2602570e-02  -1.4921310e-01   1.9135391e-01  -8.7299212e-02   2.8688139e-01   4.5571485e-01  -1.6490358e-01   2.1030539e-01   2.6978279e-02  -7.4925448e-02   5.4563673e-01   5.8338647e-02   2.7139179e-01  -1.2298475e-01   8.2697845e-02   4.0618072e-02  -1.6490642e-01  -4.0244268e-01  -4.1684320e-02   2.8469145e-01  -6.1604057e-02  -7.3722962e-02  -1.2195410e-01   1.0545252e-01   2.1014221e-01   4.6561326e-01   4.6715850e-01  -1.5248525e-01   2.8246902e-01  -3.9367135e-01  -3.1179165e-01  -3.8859996e-01  -1.7625910e-01   6.6759047e-01  -3.0244054e-01  -1.0006634e-01  -4.4111877e-02  -2.9580835e-01   9.3194279e-02   2.8540946e-01  -3.4841921e-01   4.1902058e-01  -2.4602925e-01  -1.0063185e-01  -1.9950864e-01   4.9432945e-01   2.3371098e-02   1.9796378e-01   8.1351089e-02  -3.3074228e-01  -3.5707679e-01   8.6215052e-02  -2.7023280e-01   6.8927446e-01   1.6678289e-02   3.4250125e-01   2.4447532e-01   2.6667965e-01   4.0914611e-01  -7.5300479e-02   2.9951268e-02   9.4271612e-03   1.7248982e-01   1.0779932e-01   1.5783464e-01  -2.6883186e-01  -1.2787950e-01  -3.6737137e-01   1.1679190e-01  -2.2075577e-01  -1.1719851e-01   1.6714629e-01  -6.1262639e-02   3.6336367e-01  -4.2797687e-01  -3.8758579e-01  -1.4498573e-01  -1.7247062e-02   6.3624738e-01  -2.5457371e-01  -1.4694463e-01   4.0281999e-03  -1.1152534e-01  -2.3525468e-01   5.2810074e-01  -3.9556747e-03   9.2883499e-03   6.3968453e-02  -2.6256954e-01   3.2637708e-02  -2.4342671e-01  -1.3788723e-02  -1.8214150e-02  -2.9304171e-01   4.5081522e-01   3.9118073e-01   2.4240776e-01   2.0935735e-01   1.0740455e-01  -1.0638476e-01  -2.1406571e-01   2.9500889e-02  -1.0841885e-01   1.4331393e-01  -1.1659767e-01  -4.5292841e-02  -1.3937710e-01  -2.0690054e-01  -3.5787240e-01   5.0283395e-01   6.3290575e-01  -2.2112102e-01   2.1874209e-01   1.4306375e-01  -9.0192713e-02  -9.0334205e-02   4.9716128e-01   6.3333157e-01  -1.4199370e-01  -1.8613230e-02   2.1972101e-02   3.8378299e-02  -2.0330902e-01  -2.0406749e-01  -2.2523998e-01   5.4599323e-01  -2.4262717e-01   1.1522115e-01   5.6931621e-01   2.2297268e-02  -1.7149532e-01  -1.5572554e-01   5.6254469e-01   7.6463441e-02  -1.8059761e-02  -1.0329229e-01  -1.6168911e-01   1.3951667e-01  -1.4890270e-01   1.8008141e-02
  -2.4601746e-01   3.5425890e-01   0.0000000e+00  -3.0850001e-01   2.2822381e-01   3.7014293e-02   1.8652443e-01   8.1676173e-02  -1.1658339e-01   4.4947755e-01   1.8673444e-02   3.4263291e-01   1.8953045e-01  -1.7538073e-01   2.1330454e-01   2.2959806e-01   7.2245382e-01   1.7142999e-01   2.2219834e-01   4.5405205e-01   3.0366484e-01  -1.6789314e-01   3.1107706e-02  -2.9563372e-01   6.9214324e-02   1.5258195e-01   1.6572899e-01  -1.8418591e-01  -5.3185408e-02  -1.5814233e-03   2.5463078e-01  -4.8320335e-03   1.0484463e-01   2.0473469e-01  -1.5756204e-01   2.0573983e-01   6.4021293e-02  -4.4853179e-02   7.6669901e-02   4.4099325e-01   2.4803471e-01  -1.0234653e-01   2.3420556e-02  -2.8690649e-02  -6.8186381e-02  -3.3381501e-02   3.3365123e-03   2.1577827e-01   5.2295862e-02   7.7113468e-01   4.1135629e-02   3.8038611e-02  -3.0558235e-02  -5.5512599e-02  -2.3957679e-01   1.9595788e-01   1.1489002e-01  -6.6150213e-02  -4.9485369e-02  -5.0135314e-02  -7.2888252e-02  -2.3282652e-02   2.8833641e-01   3.1201236e-01  -1.5083876e-01   2.4621413e-01  -1.6977261e-02   7.8765070e-02  -1.0055953e-01   3.3662569e-01   4.3784893e-01  -4.3246651e-01   7.8894627e-02   4.4005206e-02  -1.2515595e-01  -2.3435580e-02   1.5651566e-01  -2.0906888e-01   2.3416093e-01  -1.7041215e-01  -3.0674725e-02   6.6518851e-02   3.2252937e-01   6.9469498e-03   4.2958043e-01  -3.8208562e-02   4.4438356e-02  -2.3661372e-01   1.0845016e-02  -3.9231771e-01   2.1388902e-01   2.3876759e-01   3.7738104e-01  -7.1526616e-02   2.8275167e-01   3.4380832e-01  -1.1991661e-01   8.2267265e-02  -1.7336337e-01   5.4411400e-02   4.3193626e-01   2.5689051e-02  -1.2515334e-01  -2.0432485e-01  -1.6518230e-01   1.8486180e-01   4.4693772e-02  -1.6239808e-01   2.3903958e-01  -7.8389614e-02   2.5916325e-01  -1.5854614e-01  -5.1395765e-01  -9.0645012e-02  -7.9732816e-03   7.4355538e-02   3.0456399e-02   8.3685811e-02  -1.2196018e-01  -2.2548249e-01  -3.9943489e-01   1.9688929e-01   2.4112118e-01   8.1166481e-02  -2.5769477e-01  -2.1545494e-01   6.3839315e-02  -7.9706817e-03  -3.8402889e-02   4.7165808e-01   1.4829492e-01   2.4975916e-01   5.9276905e-02   2.0969399e-01  -5.3798758e-02   1.9248105e-02   1.5986216e-01  -4.9076363e-02  -3.4745294e-02  -1.1113575e-02  -1.6312570e-01   1.6407364e-01  -4.3536492e-02   4.7309563e-02  -4.6715656e-02   1.2952323e-02   6.1729032e-01   3.1675403e-01   7.7673576e-02  -6.5643133e-02   2.3847203e-01  -3.7395892e-03  -2.5482876e-01   3.9262503e-01   5.1813488e-01  -1.6007278e-01  -8.1007038e-02  -1.0869936e-01   6.4445657e-02  -9.3604253e-02  -2.3363752e-01  -1.4515513e-01   2.7072736e-01  -8.5304725e-02   2.2718571e-02   1.5235461e-01   7.4557747e-02  -1.6381054e-01  -3.8106919e-01   2.7090125e-01  -6.1478768e-02  -3.3157475e-03  -2.9406772e-01  -3.0190608e-02   3.8665763e-02   1.7119107e-01   1.5996850e-02
   1.8076674e-01  -2.4085504e-01  -3.0850001e-01   0.0000000e+00  -1.2368615e-01   3.1984261e-01   6.4481075e-03   1.9176985e-01   1.6162382e-01  -2.8164153e-01   3.3728635e-02  -1.7640401e-01   5.8650483e-02   4.1851036e-01  -4.1648497e-02  -1.5930778e-01  -1.9193012e-01   9.2490801e-02  -9.5691588e-02  -1.5948545e-01  -2.2980013e-01   6.2068012e-01   6.9123313e-02   2.8587375e-01  -8.7069359e-03   1.3686740e-01  -4.4816227e-02   1.9098797e-01   7.5589360e-02   4.4429735e-01  -1.7554686e-01   4.8961243e-01   1.4591681e-01  -2.5882366e-01   1.5283654e-01  -1.7464157e-01   4.6492367e-02  -2.3472963e-01  -1.9058498e-01  -1.6110778e-01  -3.4674652e-02   2.6248144e-01  -2.6797772e-02  -9.2042157e-03   1.5508108e-01   1.5657235e-01  -4.3466521e-02  -3.7462365e-02   1.0519947e-01  -3.4423300e-01   3.8151935e-01   1.6012785e-01  -3.6521695e-01   1.5170428e-01   3.8934594e-01  -8.6443859e-02   1.0176319e-01   5.3395159e-01   3.0442097e-01   5.3109555e-01   1.5675933e-01   1.7505562e-01   1.1270543e-01  -1.0220845e-01   2.7918061e-01  -2.7540333e-01   1.8377178e-01   1.4405316e-01   2.6099702e-01  -3.9011040e-02  -2.4117298e-01   6.6206349e-01  -1.1356433e-01   1.8512368e-01   7.4985860e-02   4.3354341e-01  -8.4470423e-02   1.0598229e-01  -1.8041763e-01   2.2766251e-01   3.1635755e-01  -1.0800469e-01  -2.8949163e-01   1.9758581e-01  -1.9407549e-01   3.8498305e-01   2.6310628e-01   3.8392338e-01   4.0274522e-02   2.8813917e-01  -3.2535678e-01   9.7656874e-02  -3.1533938e-01   4.0552015e-01  -2.7858279e-01  -3.4101308e-02   3.4779128e-01   8.4064653e-04   2.5548916e-01   7.1432637e-02  -2.5195060e-01  -1.8038895e-01   2.8351028e-01   4.6988203e-01   4.6502004e-01   3.5691227e-01  -6.3493806e-02   2.8424776e-01   4.4262891e-02  -3.4261194e-01  -3.6969546e-01   5.4268059e-01   6.1257913e-01   4.5989457e-02   1.0141444e-02  -4.1607548e-02   1.2888633e-01  -1.0297405e-01  -2.2040064e-01   8.5257025e-01   3.3017906e-01  -2.1965290e-01  -1.5737030e-01  -4.2666640e-02   2.2643693e-01   3.5587280e-01  -5.8472461e-02   1.1944359e-02   5.5887081e-01  -2.4244334e-01  -1.6461137e-01  -1.6402433e-01   1.5560953e-01  -1.7946834e-01   4.7806959e-01   2.7930670e-01   1.7939030e-02   2.8348137e-01   3.1541389e-01  -9.3891354e-02   2.0009236e-01  -2.7422015e-01   2.8421930e-01  -2.4116260e-01   3.6635228e-02   2.7062254e-01  -2.6895783e-01  -6.0387324e-01  -1.7724711e-01  -6.4806878e-02  -1.7354742e-01   2.3545470e-01   3.9117995e-01  -1.3281165e-01  -3.1173182e-01   1.7042866e-01   1.0308738e-01   2.5749412e-01   2.1159432e-01   4.1852706e-01   3.2603166e-01   2.4160460e-01  -3.1606980e-01   3.9255085e-01   5.2539779e-01  -1.5304095e-01  -1.9356213e-01   7.7454253e-02   3.4575152e-01  -3.5208717e-01  -9.2634891e-02  -4.4697000e-02   4.3397639e-01  -7.1893472e-02  -3.3172962e-02  -5.0420732e-02   5.5709202e-01
  -2.0623898e-01   4.8930889e-01   2.2822381e-01  -1.2368615e-01   0.0000000e+00  -4.5339401e-02  -1.0207353e-01   1.2807869e-01   1.6920614e-01   8.2797444e-02  -1.3134443e-01   5.2437751e-01  -4.5760469e-02  -1.1102704e-01  -2.3888983e-02   4.9776084e-02   2.1197461e-01  -2.4630306e-01   2.6620626e-02   7.5423214e-01  -6.7122793e-02  -2.1078177e-01  -4.0314392e-01  -1.5046986e-02  -1.1765439e-01   1.8900172e-01   2.2202449e-01   1.3841819e-01  -2.2942825e-01  -1.6663700e-01  -1.6762399e-01  -1.9793436e-02   1.0026912e-01   1.6504061e-01  -2.6555696e-01   5.6712313e-01  -1.5223518e-02   4.0305633e-02   1.9231565e-02  -4.9442719e-04   2.0858173e-01   9.9024847e-02   2.5453422e-01  -4.8151229e-02   2.2338474e-02   2.6036590e-02   1.6781493e-01   5.4026461e-02   1.2474693e-01   2.2317844e-01  -1.9493921e-01   1.5107709e-01   8.1229866e-02  -2.7222503e-01  -4.1923576e-01  -1.3880310e-01   3.0630596e-01  -1.0961343e-01  -2.1622338e-01  -2.4493071e-02   1.2018775e-02   1.8150675e-01   1.4826948e-01   2.1735283e-01  -3.7937114e-01   1.0550674e-01   6.0932213e-02  -2.7873450e-01   4.0332053e-02  -3.3381902e-01   1.8669349e-01  -2.8132125e-01   2.1680127e-01  -2.8560168e-02  -5.8450011e-02   7.6746041e-02   3.5894650e-02  -1.8268539e-01   8.2372481e-01  -3.9936727e-02  -3.1839839e-02   1.0700817e-01   2.1380006e-01   1.2777857e-01  -9.8239078e-02   5.3585909e-02  -3.3596705e-01  -1.3874151e-01  -1.1999906e-01  -2.2639016e-01   7.9014548e-01   7.3087970e-02   4.8287960e-01   2.6010231e-01   4.9905755e-02   7.1084168e-01  -3.9174934e-02   2.2174192e-01  -2.3132167e-02  -1.2016270e-01  -3.1930926e-01   1.9015131e-01  -9.0465090e-02  -1.3703829e-01  -3.1271483e-01   1.7600644e-02  -3.5609441e-01   1.9374946e-01  -1.2435683e-01   1.4052914e-01   3.1938900e-01  -2.3948704e-01  -2.6900401e-01  -1.3904680e-01  -2.8567361e-01   7.5166387e-01  -5.3019573e-03   1.4608868e-01  -1.5973520e-01  -6.0379159e-02  -9.6857739e-02   8.0375459e-01  -6.8860516e-03  -4.3392951e-03   8.5922087e-02  -7.8975437e-02  -6.3969443e-02  -6.9931108e-02  -9.1630854e-02  -2.0155782e-01  -1.8770533e-01   3.6244624e-01   5.9051024e-02   2.7846792e-02   8.2553865e-02   1.4761211e-01  -9.3106869e-02  -3.1138612e-01   7.4874457e-02  -1.0555632e-01   4.1806215e-02   1.0053765e-02   7.7002418e-02  -2.2657344e-01  -3.6547275e-01  -3.2034428e-01   1.7552015e-01   5.2931634e-01  -2.4018457e-01  -7.3197439e-02  -1.3139794e-01   1.3400664e-02  -1.4167811e-01   3.6549574e-01   4.0234304e-01  -1.0928335e-01  -4.2657743e-02  -8.7782206e-03  -5.4008765e-02  -2.0545729e-01  -2.2390057e-01  -1.8097235e-02   4.0598711e-01  -2.5359648e-01   1.9233923e-01   5.7887894e-01   1.3477178e-01   9.9933535e-02  -1.7620133e-01   6.2714559e-01   3.5747690e-01  -9.0915549e-02  -1.5547792e-01   1.6925720e-03  -1.0991272e-01  -1.5169786e-01   7.4665193e-02
   7.8717315e-03  -3.2958082e-01   3.7014293e-02   3.1984261e-01  -4.5339401e-02   0.0000000e+00  -1.3970242e-01   3.9654045e-01  -1.5980773e-01  -2.9770750e-01   4.7948573e-01  -1.3295482e-01  -6.0156824e-03   1.5075200e-01   1.0002236e-01   3.3318125e-02   1.2325051e-01   4.1498220e-01   3.3699552e-01  -7.3986178e-02  -1.4190596e-01   3.6574027e-01   4.7517947e-02   1.3831080e-01  -6.2170202e-02   3.7139666e-01  -5.2123305e-02   4.6006785e-01  -2.4240716e-01   6.3425229e-01   1.5530746e-01   3.9991875e-01  -1.0944074e-01   2.6658209e-01   9.7683446e-02  -2.3470797e-02  -6.4070163e-02  -7.0425266e-02  -6.5576131e-02  -1.4012261e-01   1.3276350e-01  -3.4775117e-02  -4.1016925e-01   5.7114318e-01   1.6280407e-01   2.2458405e-01   1.2758573e-01  -1.6839950e-01  -2.3651188e-03  -3.2916647e-02   2.7501205e-01   3.2459596e-01   1.0597099e-01   1.1254519e-01   2.2671305e-01   2.2909861e-01   3.6698567e-01   4.6733854e-01   5.0023721e-01   5.0394389e-01   2.2935730e-01  -1.0810526e-01  -3.1685422e-01   1.8503747e-01   3.5032827e-01  -2.7311673e-01   8.2723425e-01   1.1805054e-01   4.5167665e-01   1.6426627e-01  -2.6919197e-01   4.0556525e-01   2.2087310e-02   5.4641301e-01  -5.9477081e-02   1.7534895e-01   1.9190969e-01   3.5074587e-01  -7.6484551e-02  -6.5081732e-03   4.8159933e-01  -8.6460024e-02  -2.0812024e-01   4.6790756e-01   2.3728141e-01   1.3516194e-01   4.2863078e-01   2.6999117e-01  -9.2115245e-02   2.0274408e-01  -2.8814630e-01   2.9161549e-01   1.5075564e-01   9.5022599e-02  -1.8023435e-01  -1.7471363e-01   2.0821250e-01   2.9327649e-01   1.0787157e-01  -9.7338861e-03   2.2826281e-02   3.5284075e-01   5.0250797e-01   5.1438496e-01   5.5706472e-01   3.2476078e-01  -9.6869664e-02   4.8027962e-01  -3.3800109e-02   4.6609019e-02  -1.4220463e-01   6.8505645e-01   1.7592527e-01  -1.8215864e-02   2.4379215e-01  -2.4885783e-01   6.0629316e-01   4.9724610e-03  -6.3794764e-02   3.4796343e-01   1.4308523e-01  -1.6225411e-01   9.0711467e-03   3.1173769e-01   1.0886702e-01   3.3835352e-01   2.4433149e-01  -2.8788901e-01   1.6911754e-01   5.5131114e-02   1.3175088e-01  -9.1052298e-02   1.4910366e-01   2.1637880e-02   1.5710861e-01   2.8664929e-01  -1.3940309e-01   4.9012912e-01   3.6127012e-01   8.5553383e-03   1.6995226e-01   3.5983953e-02   4.5503674e-01   1.6256121e-01   1.1340143e-01   5.4310824e-01  -2.3224068e-01  -4.2176637e-01   4.7636424e-02  -1.9989005e-01   9.5661768e-02   4.5096718e-01   2.1355523e-01   8.9093787e-02  -4.0567723e-01   3.1322249e-01  -5.0063132e-02   5.0454516e-01   3.4915218e-01   6.6889845e-01   3.7026840e-02   4.8354176e-01  -3.9604581e-01   6.5190239e-01   4.0240685e-01  -1.8927435e-01   7.7268056e-02   5.3379136e-01   2.0356555e-01  -1.4802103e-01   2.0673375e-02   2.5735683e-02   3.3602989e-01   6.0232842e-01   1.6435349e-01   1.0120028e-01   4.2160950e-01
  -1.5795418e-01   3.5100960e-01   1.8652443e-01   6.4481075e-03  -1.0207353e-01  -1.3970242e-01   0.0000000e+00  -5.8776554e-03   2.5585060e-01   1.2922806e-01   1.3251554e-01   3.6669269e-01   1.4969637e-01  -1.0920780e-02   4.1638850e-01   7.8380271e-02   1.4206356e-02   2.9462161e-01  -1.6821428e-01   1.1575274e-01   3.0186301e-01   2.8909483e-02   6.7873082e-01  -1.8403462e-01  -1.8818442e-02   2.0909914e-02  -1.2943593e-01  -2.3889361e-01   5.4410933e-02   7.4613739e-02   1.9684689e-01  -5.7828842e-02   2.1071240e-01   4.2037047e-01   3.6766549e-01   9.0847236e-02   1.4716670e-01   1.1149471e-01  -5.2386354e-02   1.6358640e-01   2.0418456e-01   7.5863568e-02   3.4188236e-01  -1.6069179e-01   3.4685369e-01  -2.1055491e-01   2.7065806e-02   5.3957273e-01   1.1450688e-02   7.4514621e-02   3.0222346e-01  -5.9621557e-02   1.7580270e-01  -6.3482501e-02  -4.9039766e-02   2.9784796e-01  -2.1345051e-02  -6.2689334e-02   1.2067759e-01  -1.4920305e-01  -4.7814468e-03   2.5996852e-01   3.3994746e-01   1.9967038e-01   4.8300788e-02   5.5438923e-01  -1.9272512e-01  -1.0222227e-01  -1.5366932e-01   2.8494178e-03   4.3171594e-01  -2.1374558e-03   8.3030775e-03  -1.2472214e-01  -2.3998511e-01   8.2790739e-02   6.3387190e-02  -1.7426106e-01  -1.3723096e-03  -7.9137898e-02   1.7931057e-01  -1.7000976e-01   1.8292464e-01  -1.6758503e-01   7.9240411e-02   1.0438169e-01   9.6490565e-02  -2.5890168e-01  -8.0114848e-02  -2.1833482e-01   8.9092677e-02  -2.4075106e-02   2.4935950e-01   1.2712413e-01   2.8703003e-01   4.4800823e-02   1.7364069e-01  -2.6379775e-01   7.4280010e-02   7.6085946e-01   2.2950102e-01   1.0872437e-01   6.6749243e-02  -6.9184486e-02   1.2059995e-02   2.1809403e-02  -1.0351681e-01  -2.0121717e-01   2.8430564e-01   8.6117844e-02   3.5130696e-01  -1.6031275e-01  -9.8756907e-02  -7.2098455e-02   2.5969307e-04  -1.2873353e-02  -1.8049231e-01  -2.8572164e-02  -1.6929166e-01   5.1449437e-02  -1.8165275e-01   1.2307657e-01  -5.9073265e-02   3.3939041e-02  -1.8663449e-01  -2.3672373e-01   4.4160668e-02  -6.5650182e-02   1.0090083e-01  -1.2275899e-01  -1.5589499e-01   4.5996054e-01   2.7009232e-02   2.8944616e-01   1.8669288e-01   6.8323711e-02   4.1418424e-02   6.6425066e-02   2.8255160e-02   3.3169690e-02  -1.6714804e-01   5.0889204e-02   4.9886307e-02   1.2836733e-01   3.4034901e-01  -2.6417432e-02   5.7154608e-01   2.5545358e-01   4.4946706e-01   2.9706133e-01   2.2701576e-01   2.2277409e-01  -1.2392333e-01   1.6241668e-01   1.6463996e-01  -2.0664715e-02  -6.5221202e-02   1.1670675e-01  -1.1196712e-01   1.0420584e-01   8.1057606e-02  -5.6017347e-02  -3.6661463e-02  -9.2142887e-03  -5.6598271e-02   1.8155561e-01   1.5812117e-01  -3.1093413e-01  -1.3093455e-01   7.7883011e-03   2.2897426e-01   9.8083448e-02  -5.1981956e-02   3.9169604e-03   5.8582823e-02   4.2580467e-02  -1.4620582e-01
   2.1268089e-01   1.1305102e-01   8.1676173e-02   1.9176985e-01   1.2807869e-01   3.9654045e-01  -5.8776554e-03   0.0000000e+00   3.7576270e-01   1.8261863e-01   1.7613901e-01   2.8281824e-03  -8.8317524e-02   2.9501823e-01   1.9025285e-01  -2.9208322e-01   2.5881889e-01  -4.5769074e-02   3.9803963e-01   1.2715037e-01  -9.6079923e-02   2.5375711e-01  -1.9594159e-02   3.5790062e-01  -3.1681999e-01   6.6161441e-01  -1.0930928e-01   5.8848236e-01  -4.8985096e-01   1.3773487e-01   1.3396346e-01   5.7592336e-01  -1.8373527e-01   3.6168065e-01   1.2632184e-01   4.8432093e-02   1.2373409e-01  -2.2190820e-01  -4.9670410e-01  -6.3225422e-02  -4.1920154e-02  -1.8210656e-02  -1.4870870e-01   2.6689195e-01  -1.3862421e-01   6.1478703e-01  -8.7537486e-02   2.9608941e-02  -1.4462179e-01  -1.3154666e-01   1.4490788e-01   8.8231624e-01  -1.5791297e-01  -2.7974182e-01  -1.4802413e-01   2.8897028e-01   6.7256058e-01   6.7390181e-01   1.6778594e-01   3.3517609e-01   1.2666405e-01  -8.2883944e-02  -5.5022130e-02   3.5951546e-01  -5.7829991e-02  -4.8341914e-02   2.5954914e-01  -2.5938315e-01   1.9806767e-01   2.6628004e-01   1.2155600e-01   5.9476548e-02  -2.8477935e-01   1.0658431e-01  -6.0162280e-02   6.6199047e-01   2.2092202e-01   1.1625436e-01   9.5761679e-03  -3.5492658e-01   4.8841463e-01  -2.7277759e-01   2.1807392e-01   7.9718653e-01   8.6422950e-02   6.2983759e-01  -1.6537971e-01   1.5636840e-01  -4.6571452e-02   2.4313188e-01   6.5548265e-03   2.6292228e-03   2.4509378e-01   4.3608014e-01  -2.9429685e-01   1.1877906e-01  -1.1739055e-01   6.4261131e-01  -1.8758963e-01   1.2261820e-01   9.8816689e-02   2.0637577e-01   2.0516193e-01   3.8960626e-01   2.4646763e-01   6.9607596e-01  -4.5995421e-01   6.8827700e-01   2.2360627e-01  -8.6387096e-02   1.3613757e-01   1.3783282e-01  -1.0051851e-01   7.9598124e-02   2.5776774e-01   4.5441000e-02   3.1692935e-01  -2.5487660e-01   2.5495448e-01   3.4019839e-01   3.8877570e-01  -5.1660096e-02  -2.8473013e-01  -4.2741835e-02   4.8855147e-01   4.0994495e-01  -8.0589443e-02  -4.0943486e-01   6.7176912e-01   5.7298874e-02  -2.6178998e-01  -1.1527357e-01   1.2407000e-01   1.6885286e-01   4.7751049e-01   8.7062834e-01  -2.8857413e-01   4.6617092e-01   8.5496357e-01  -1.2548369e-01   3.1798627e-01  -2.8910926e-02   4.6041743e-01  -3.0418746e-01  -1.2792499e-01   1.5937503e-02   1.7576143e-01   2.4994219e-02  -1.7824641e-01  -9.3133786e-02   2.0721042e-01   4.3456760e-01   2.2584633e-01   2.1218597e-01   8.3044384e-02   2.5763373e-01   1.8194282e-01   2.2068393e-01   2.0169804e-01   4.9006111e-01  -4.1375818e-01   4.4476542e-01   1.0727839e-01   3.0847470e-01   5.7871998e-01   1.0505131e-01  -5.4937680e-02   3.4504454e-01   2.3059029e-01   2.0791573e-01  -1.2677000e-01  -1.4772471e-01  -8.6807715e-02   1.8759287e-01   2.8985703e-01  -3.1970935e-01   5.7563796e-01
   1.4816572e-01   5.0225650e-01  -1.1658339e-01   1.6162382e-01   1.6920614e-01  -1.5980773e-01   2.5585060e-01   3.7576270e-01   0.0000000e+00   1.6391650e-01  -1.2044197e-01   2.7512331e-01  -3.6970482e-01   1.2071157e-01   1.6658754e-01  -2.8647859e-01   3.8388376e-02  -1.4762934e-01   1.0332095e-01   1.4372897e-01   4.6982467e-02   1.1093766e-01   4.9772506e-02   8.7078855e-02  -2.7669841e-01   2.6028825e-01  -2.2444321e-01   1.4948478e-01  -3.0538354e-01  -8.0824162e-02   4.9790026e-02   2.1670590e-01   1.0689787e-01   3.3728434e-01   2.2849263e-01   9.1430879e-02   3.2740635e-01  -2.6100979e-02  -3.6174679e-01  -1.0657281e-01  -1.6335873e-01   3.1322974e-01   2.2809431e-01  -1.2290794e-01   1.4099416e-01   2.7399025e-01   7.7340191e-03   3.4438009e-01   1.7144335e-02  -2.4789724e-01   9.1888156e-02   3.8001523e-01  -2.6056145e-02  -1.7576872e-01  -2.6073198e-01   8.7689503e-02   3.2791647e-01   2.9931619e-01   1.7759939e-02   1.5635090e-02   9.3224439e-02   2.4777431e-01   4.0027612e-01   3.2108709e-01  -1.0149238e-01   1.2188080e-01  -3.2347105e-01  -2.8550859e-01  -4.7203130e-02  -7.6515633e-02   3.2594301e-01   6.9334802e-02  -3.4394505e-01  -1.5561744e-01  -3.9448826e-01   3.4212594e-01   1.3709658e-01  -2.0860768e-01   7.5909372e-02  -3.6272376e-01   2.6819942e-01  -3.4563088e-01   2.1780619e-01   2.7863608e-01  -1.2219215e-01   2.4892919e-01  -3.3621145e-01  -9.3685834e-02   1.8964053e-01   3.4628844e-02   3.1725016e-01  -1.3052067e-01   1.2556361e-01   4.8548040e-01  -7.9528772e-02   1.7272846e-01  -3.4022702e-02   1.9725212e-01   6.5456729e-02   2.7444364e-01  -2.0352796e-02   6.3156255e-02  -4.7625264e-02   3.5976849e-01  -1.3053307e-01   3.9570354e-01  -2.1593966e-01   2.9553869e-01   2.5567970e-01  -1.7891805e-02   2.2702563e-01  -1.9408179e-01   4.6568256e-02   3.4528480e-02   1.0425508e-01   3.3993323e-01  -1.5731756e-01  -2.9205604e-01   1.1281059e-01   3.0107514e-01   1.0357683e-01   1.5867363e-01  -1.8396161e-01  -4.1451991e-02   3.9136203e-01   1.3370227e-02  -1.3299239e-01  -2.8786430e-01   4.1048813e-01  -1.4324421e-01  -4.4463651e-01   1.3557340e-01   2.5383276e-01   1.9879647e-01   4.4865936e-01   4.1306713e-01  -4.5058989e-01   1.0516330e-01   4.0857215e-01  -1.0510682e-01   2.9781303e-01  -1.4243390e-01   5.0869963e-02  -2.4511854e-01  -1.3338905e-01  -2.7808875e-01   2.8874166e-01   2.9155122e-01  -1.2833865e-01   1.9636585e-01   1.5862705e-01   1.2395904e-01   1.4191855e-01   2.5024776e-01   2.0830360e-01  -7.3742446e-02   3.6783906e-02   1.6425689e-01   7.9490280e-02   1.5568524e-01  -9.3763083e-02   8.4370422e-02   2.7764076e-01  -6.5346904e-02   4.3021759e-01   3.4132220e-01   1.7994232e-02   4.3885416e-02   8.6683230e-02   2.6041787e-01   1.2801510e-02  -2.1243809e-01   1.3229191e-01  -1.7577823e-01   1.7643697e-01  -3.9229242e-01   3.5477783e-01
  -7.0037145e-02   3.4377888e-01   4.4947755e-01  -2.8164153e-01   8.2797444e-02  -2.9770750e-01   1.2922806e-01   1.8261863e-01   1.6391650e-01   0.0000000e+00  -1.5193611e-01  -4.4515803e-03   5.3515099e-02  -1.5032051e-01   2.5670962e-01   5.5276681e-02   3.8217966e-01  -1.5275924e-01   1.2115660e-01   3.1094451e-01   4.3544563e-01  -2.9677144e-01   2.0001651e-01  -3.1795457e-02  -1.6509926e-01   5.7039032e-02   5.2779633e-02  -7.8856168e-02  -7.7387912e-02  -4.0664864e-01   3.4031503e-01   2.2406621e-04  -5.8982865e-02   1.5394596e-01  -2.6810204e-02   1.4194711e-01   1.6489912e-01  -1.9549292e-01  -3.2184485e-02   5.8468872e-01  -4.1650423e-02   4.3604753e-02  -4.8730526e-02  -2.0222103e-01  -2.9323466e-01  -2.7902091e-02  -1.3360386e-01   3.1550690e-01  -1.6869352e-01   4.0401446e-01  -1.3478968e-01   2.3545684e-01  -1.8521508e-02  -1.7590967e-01  -3.9546984e-01   2.1401399e-01   1.1036109e-01   2.2644146e-02  -2.7211729e-01  -2.4969883e-01  -2.2150581e-01  -1.7727079e-01   1.7827600e-01   3.2959415e-01  -2.4559543e-01   4.5066885e-01  -2.9780303e-01  -1.0820369e-01  -2.1274283e-01   9.7753484e-02   5.9228372e-01  -3.9844318e-01  -2.2087854e-01  -2.4780201e-01  -2.1973712e-01   1.2628274e-01  -1.0566014e-01  -2.5200001e-01   2.5913219e-02  -2.5200352e-01  -1.0597606e-01   6.5166114e-02   5.6635135e-01   1.2499780e-01   1.1535028e-01   1.8040716e-01  -3.8025641e-01  -2.2211336e-01   1.6637213e-01  -1.2292953e-01   1.7340183e-01  -2.6497093e-01   3.0751527e-01  -2.1972928e-02  -1.3803795e-02   2.2970098e-01  -2.5909831e-01   9.7617663e-02  -2.7732664e-01   2.6397009e-01   3.2398584e-01  -2.1163155e-01  -3.1969308e-01  -1.1765818e-01  -2.7855847e-01   9.4891604e-02   1.3039065e-03  -1.5319755e-01   4.1680268e-01  -1.9304525e-01   3.4225130e-01  -4.6622311e-01  -2.3248368e-01  -1.5039598e-01  -1.3420017e-03   9.9043042e-02  -1.9525592e-01  -2.0855896e-01   1.0286627e-01  -1.9931013e-01  -1.4290062e-01   4.7177878e-02  -7.1459292e-02  -2.7197058e-01  -1.0610015e-01  -1.3627604e-01  -2.8218296e-01  -4.5578764e-02   4.8662449e-02   2.0371788e-01   9.9730862e-02   1.2992625e-01  -1.1189951e-01   4.1459758e-01  -3.8141303e-02   1.5410110e-01  -8.0522879e-02  -1.0179604e-01   1.0512354e-01  -1.0739580e-01  -2.0506277e-01   7.8722042e-02  -1.4449062e-01  -2.3743090e-01  -5.0573673e-02  -2.6203305e-01   6.4166076e-01   3.1171223e-01   3.1099638e-02   3.0737181e-01   1.0614855e-01  -1.3021580e-02  -1.5901901e-01   1.9077117e-01   6.5092884e-01   1.5575263e-02   3.7511671e-02  -1.9180810e-01  -1.2160922e-01  -2.8623031e-01  -2.0689176e-01  -1.9856477e-01   5.1654352e-01  -3.0584229e-01  -1.3441437e-01   2.7622602e-01  -1.4714989e-01  -3.0519825e-01  -2.4535463e-01   3.2833467e-01  -1.6241232e-01  -8.1824058e-02  -3.4205950e-01  -2.5086317e-01   1.5022412e-01   5.7890832e-02  -8.2961909e-02
  -1.8635093e-01  -2.4025368e-01   1.8673444e-02   3.3728635e-02  -1.3134443e-01   4.7948573e-01   1.3251554e-01   1.7613901e-01  -1.2044197e-01  -1.5193611e-01   0.0000000e+00  -8.6697142e-03   2.8282895e-01  -1.9846003e-01   3.2164093e-01   2.2971758e-01   6.8386674e-03   6.3332287e-01  -7.7922800e-02  -1.1931555e-01  -6.9017863e-02   2.0651670e-01   2.0981885e-01  -1.1065192e-01  -2.6620703e-02   1.3211089e-01  -7.5515282e-03   8.6655889e-02  -9.6379989e-02   4.3947176e-01   4.8047033e-01   1.8091904e-01   1.0304783e-01   4.6270937e-01   1.0227754e-01   1.7063491e-01  -1.9390086e-01  -7.1825889e-03   1.0988318e-01  -9.2699820e-02   3.1859006e-01  -3.1555884e-02  -2.3812683e-01   6.0159452e-01   3.6601597e-02   1.6061106e-02   3.4993228e-01   2.3502115e-01   4.7324323e-02   7.0427881e-02   5.7432870e-01   2.4182637e-01   4.1799467e-01  -1.9520356e-02   1.0109686e-01   5.1859793e-01  -9.6617162e-03   1.4047464e-01   4.0136112e-01   2.3646097e-01   2.2682500e-01   1.9726454e-03  -8.0201020e-02   1.9969306e-01   2.5389400e-01   4.0029926e-02   4.2528688e-01  -3.0829146e-02   4.1251890e-01   2.0548264e-01  -1.1367081e-01   2.2988479e-01  -2.5864766e-02   1.1763199e-01  -9.5599011e-02   1.0793549e-01   1.5691549e-01   3.8542324e-01  -1.2566705e-01   1.1239260e-01   3.1175085e-01   6.5399337e-03  -1.7327003e-02   1.5878719e-01   1.3267411e-01   1.2055767e-01   1.5173282e-01   4.1398492e-03  -4.5240061e-02  -9.5043259e-02  -2.8472810e-01   3.5973786e-01   1.2681563e-01   8.8472158e-02   3.9160113e-02  -2.2018818e-01   1.1172088e-01   7.1096846e-03   9.4961095e-02   2.2946279e-02   1.1379627e-01   3.9920737e-01   5.4023644e-01   2.3418933e-01   5.5258339e-01   1.5190296e-01  -1.5903374e-01   3.3415429e-01  -9.2556381e-02   2.7067828e-01   1.2774818e-01   3.5221607e-01   2.8553182e-02  -2.0297889e-01   2.4447199e-02  -2.2311437e-01   4.6193407e-01   1.7688783e-01  -1.8331935e-01   9.2544453e-02   1.0752251e-01  -9.7871526e-02  -1.7827667e-01   4.7710494e-01  -1.0036105e-01  -1.1989695e-01   3.6517519e-01  -2.1770304e-01  -1.2886660e-02   1.5254866e-02   1.7822086e-01   1.5517308e-01  -7.2475877e-02   1.9754174e-01   4.6890555e-02   1.8446177e-01  -3.1426127e-02   4.1441204e-01   2.5869346e-01  -1.7097557e-01  -6.8150677e-02   1.4871112e-01   5.2485721e-01   2.4065354e-01   3.6800477e-01   6.0051186e-01   1.8878618e-02  -1.2782958e-01   3.1035248e-01  -1.6477164e-01   1.1554653e-01   5.0184038e-01   1.0984943e-01   1.5638162e-01  -3.5367483e-01  -7.2813139e-02   6.6286868e-02   4.6791168e-01   2.6827080e-01   4.9607795e-01  -7.0720673e-02   6.1923736e-01  -4.5107496e-01   4.8250470e-01   1.5079870e-01  -7.7064081e-02   3.5448978e-01   1.6114115e-01   7.0266513e-02  -2.0975349e-01   5.8520178e-02   6.8431179e-02   2.5010369e-01   4.2068560e-01  -7.0792054e-02   9.6456124e-02   2.5963082e-02
  -2.6971481e-01   6.8499210e-01   3.4263291e-01  -1.7640401e-01   5.2437751e-01  -1.3295482e-01   3.6669269e-01   2.8281824e-03   2.7512331e-01  -4.4515803e-03  -8.6697142e-03   0.0000000e+00  -1.4938357e-01  -5.8161835e-02   8.8159098e-02   2.3739337e-01   3.0793226e-01   5.5355548e-02   2.6276783e-02   4.8637758e-01  -1.2364523e-01  -5.7335553e-02  -1.1089866e-01  -2.1604686e-01   1.1340649e-01   3.2471126e-02  -1.6348077e-01  -1.4815129e-01  -7.9479172e-02   7.2333801e-02  -1.4166971e-01   4.6555830e-03   3.1849987e-01   3.6796670e-01   7.6033360e-02   2.7187516e-01  -1.1037304e-02   1.0338025e-02   1.3334394e-01  -4.5332433e-02   1.3580546e-01   2.3451921e-01   5.1609223e-01   5.4560228e-02   4.1070313e-01  -1.0086510e-01   9.9267963e-02   3.2616698e-01  -1.8360444e-04   2.1574483e-01   1.4171092e-01  -6.1001875e-02   6.1700954e-02   1.0116435e-01  -2.1569426e-01  -3.4674730e-02   2.1321001e-01  -1.2279668e-01   6.8675335e-02   1.1091102e-01   3.5694727e-02   1.7940793e-01   4.1018012e-01   1.6803161e-01  -7.1116609e-02   2.1921309e-01  -1.2730692e-01  -1.6109951e-01  -1.1843552e-01  -3.6815469e-01   2.2990609e-01  -9.7621098e-02   1.9386675e-01   1.5585608e-01   2.7713530e-02   4.4104088e-02   1.7602859e-01  -1.0473311e-01   5.5717229e-01   8.6834433e-02  -3.2988925e-02  -3.9917682e-03   1.9814651e-01  -6.4977827e-02   1.9823610e-01  -5.3770690e-02  -5.8143264e-02  -2.2201717e-01  -7.8530543e-02  -3.9172868e-01   5.8921802e-01   1.5464076e-01   4.0202700e-01   2.4151911e-01   3.4937432e-01   4.9941616e-01   1.0166357e-01  -8.5743008e-02   1.5824827e-01   1.1231591e-01  -1.5286642e-01   4.9849658e-01  -4.1025730e-02  -4.9922291e-02  -1.0255559e-01   1.2301745e-01  -1.1304919e-01  -6.4803913e-02  -2.0320706e-01   9.7926215e-02   4.1022472e-01  -1.4951422e-01  -2.0151285e-01  -1.3160378e-01  -2.7080371e-01   4.5105602e-01  -4.4893663e-04   1.6985728e-01  -2.3865134e-01  -7.2810676e-03  -2.3949511e-01   7.2156355e-01   3.2856675e-01   1.2022537e-01  -1.2148061e-01  -1.6443721e-01   3.4379850e-01   6.6685907e-03  -8.3917192e-02  -2.0955534e-01  -1.2277647e-01   4.8197987e-01   3.4578720e-01  -6.4119990e-03   1.9391951e-01   1.2931868e-02   1.4050088e-01  -2.7145693e-01  -7.0176343e-02  -1.0890054e-01   1.0671324e-01  -1.0490061e-02   1.3469138e-01   2.0144832e-02  -1.4792763e-01  -1.2462228e-01   3.0067877e-01   3.7502355e-01  -7.0925604e-02  -5.5909707e-03   3.8562416e-02  -3.3577102e-02  -1.0991496e-01   2.6245994e-01   2.0080979e-01  -1.6968987e-01  -1.7814467e-01   1.3153646e-01   3.1834528e-02  -6.4303967e-02   4.3640931e-02   1.5104720e-02   1.0633235e-01   1.5604194e-02   1.9861124e-01   5.3069597e-01   4.2843160e-01  -2.2899205e-02  -1.1596569e-01   3.8326413e-01   3.4671026e-01  -1.4708540e-02   1.5927326e-02   1.1606880e-01   5.4916595e-02  -8.8799756e-02  -5.3048412e-02
  -9.5432543e-02  -3.5381567e-01   1.8953045e-01   5.8650483e-02  -4.5760469e-02  -6.0156824e-03   1.4969637e-01  -8.8317524e-02  -3.6970482e-01   5.3515099e-02   2.8282895e-01  -1.4938357e-01   0.0000000e+00   1.1586143e-01   1.0861960e-01   1.8118382e-01  -3.5595768e-02   2.5659857e-02  -2.8768306e-01   1.4884852e-01   1.5032514e-01   1.6274353e-01   1.3076848e-01  -8.3088121e-02   1.8155922e-01  -1.0341351e-01   2.2782878e-01  -1.9465603e-01   2.2443459e-01  -5.9881619e-04   1.2270108e-01  -2.8034805e-02   1.3894798e-02   8.3100736e-02  -1.7317364e-01   2.1908684e-01  -2.9476204e-01  -9.7805337e-02   1.9170669e-01  -3.1209152e-02   5.3298578e-01  -2.4810055e-01  -3.1862171e-02   6.9789159e-02  -2.3882880e-01  -1.8544098e-01   1.4449983e-01  -5.0373730e-02   1.0784525e-01   9.9457325e-02   1.7724320e-01  -4.9346423e-02   1.3204831e-01   8.2137503e-02   1.9699798e-01   2.9142218e-01  -3.0238439e-01  -1.4232576e-01  -3.7124179e-02  -1.5804023e-03  -1.2915990e-01  -3.8953618e-02   2.7772075e-02  -1.4164283e-01  -7.5871192e-02   1.3989531e-01   1.7310883e-01   1.5454558e-01   2.7403177e-01   1.1083162e-01  -1.1139441e-01  -4.4457009e-02   2.7865360e-01  -1.9586511e-01   2.6863772e-01  -8.3535712e-02  -2.1192637e-01   1.8709594e-01   5.3146129e-02   3.3852957e-01   2.3152892e-02   3.6342797e-01  -9.8191046e-02  -1.6849363e-01  -3.1753763e-02  -1.0421918e-01   5.0277956e-02   3.3857713e-02  -1.0166076e-01  -1.2868570e-01  -2.2351594e-01   1.3179129e-01   3.3872671e-02  -6.8299697e-02   1.0043599e-02   4.2357310e-02   3.0959170e-02  -1.8546574e-01  -1.0782431e-01   8.5803595e-02  -6.2107715e-02  -4.1516675e-02   1.4737235e-01  -2.2525647e-01   9.7880099e-02  -1.0297718e-01  -2.4314349e-02  -3.3791068e-02   3.1623108e-02   1.7319342e-01   1.2620261e-01   1.1450767e-02  -9.6526727e-03  -5.1876697e-02  -2.9445238e-01  -2.1488477e-01   4.5945091e-02   4.8789988e-01  -2.6722764e-01   2.6213292e-03   7.8810988e-02  -8.1364211e-02   5.8384626e-02   5.5823159e-02  -3.3055655e-01  -4.3409813e-02  -9.8595947e-02   4.3131015e-01   1.5175072e-02   3.5790240e-02   2.7305649e-01   2.2731337e-02  -3.0535698e-01  -6.0963559e-02  -2.2074933e-02  -1.0599142e-01   3.5387418e-01   4.5809202e-02  -1.6563735e-01   2.8139349e-02  -2.2948350e-01   2.9284544e-01   6.9302465e-02   3.3125707e-02   1.0722219e-01   1.0715900e-01   1.0556055e-01   1.4374543e-02   2.8811043e-01  -2.0298588e-03  -7.3165408e-02   1.9363474e-01  -8.4982343e-02  -2.2398772e-01  -1.4964218e-01  -1.5528223e-01   9.8213983e-02  -5.7732285e-02  -6.8966265e-02  -1.1613662e-02  -2.2163532e-02   1.5387494e-01  -2.6135556e-01   4.2190697e-02  -1.0638998e-01  -2.1991823e-01   7.2484079e-02  -2.9262002e-01  -4.9279947e-02  -2.1040534e-01   8.7961656e-02   1.5062059e-02  -1.6668172e-01   4.9246662e-04  -2.5058065e-01   2.5326057e-01  -8.1299604e-02
   4.7528511e-01  -1.7728748e-01  -1.7538073e-01   4.1851036e-01  -1.1102704e-01   1.5075200e-01  -1.0920780e-02   2.9501823e-01   1.2071157e-01  -1.5032051e-01  -1.9846003e-01  -5.8161835e-02   1.1586143e-01   0.0000000e+00  -2.0315815e-01  -2.1048176e-01  -7.2206584e-02  -1.7677667e-01   4.3370590e-02  -1.7944180e-01  -9.8068606e-02   5.4083364e-01  -6.7817171e-02   5.7547414e-01   2.7929151e-02   1.2060065e-01  -3.6995760e-01   2.1840758e-01   1.6793923e-01   3.0912294e-01  -2.0975116e-01   4.1920509e-01  -2.8149945e-02  -1.0824552e-01   5.4975621e-02  -2.6798840e-01  -7.3209949e-02   3.3419243e-02  -2.5578960e-01  -2.2172326e-01  -5.1447678e-02   5.9144263e-02   5.7335260e-02   3.4797762e-02  -9.0565136e-03   2.7429483e-01  -2.8804197e-01  -2.2925671e-01  -5.5463284e-02  -3.5737159e-01  -7.2495312e-03   1.8939806e-01  -2.5722825e-01   1.4996070e-01   4.2407587e-01  -1.7182701e-01   1.5659661e-01   3.8454218e-01   1.2919945e-01   2.7238857e-01   6.3911313e-02  -3.1410863e-02   3.1907963e-02  -1.9271521e-01   8.6124910e-02  -1.4078487e-01   1.4116386e-01  -1.1199248e-01   1.2144024e-01  -3.2671905e-02  -2.5227421e-01   2.9706415e-01   8.3620988e-02   1.3222727e-01   2.0721925e-01   3.9028127e-01   3.0595000e-02   6.1611105e-02  -4.8279938e-02  -7.4914195e-02   1.5800142e-01  -7.1100575e-02  -3.4716157e-01   1.4557709e-01  -1.1184448e-02   2.5887506e-01   2.4416725e-01   5.7488873e-01  -2.4254591e-01   4.5184718e-01  -1.3376954e-01  -1.1429385e-01  -1.7681820e-01   1.0327442e-01  -5.0851204e-03   2.2190070e-02   7.0003854e-02   1.1577288e-01  -4.0535798e-02   1.4645496e-01  -9.6171367e-02  -9.0746550e-02   2.6867763e-01   2.6956647e-01   2.2838689e-01   3.8467222e-01   1.2512355e-01   2.0907972e-01  -2.1217295e-02  -1.5868688e-01  -3.2270643e-01   2.9816617e-01   3.2507364e-01   3.0761055e-01   2.7613743e-02  -1.0705763e-01   4.9496883e-02   7.4469321e-02  -2.9901306e-02   4.1857221e-01   5.0679190e-01  -1.1920180e-01   1.0463544e-01  -1.0429325e-01   1.8393094e-01   5.3680160e-01  -1.2926857e-01   1.8464335e-02   5.0645138e-01  -1.5482195e-01  -1.8688819e-01  -2.5260372e-01   1.1879730e-01  -1.9048699e-01   2.9433839e-01   2.6606029e-01  -1.6648912e-03   2.4004010e-01   2.1137176e-01   1.2747992e-01   3.3980718e-01  -2.1571699e-01   6.5294203e-02  -2.9777908e-01  -2.1060333e-01   1.1527452e-01  -2.3778366e-01  -2.9764348e-01  -1.7449917e-01   1.5692332e-02   2.1576920e-01   8.4132013e-02   4.3237369e-01  -3.3862574e-01  -2.5421168e-01   3.6774828e-01   2.5472752e-01   1.2918331e-01   7.6377622e-02   2.9126893e-01   9.6231759e-02   1.6892644e-01  -1.0054258e-01   2.1430926e-01   3.4401741e-01  -2.2004804e-01  -2.8567708e-01   3.5845927e-03   4.8531173e-01  -1.9197136e-01   4.0175449e-02   1.0067597e-01   1.0712030e-01  -1.1664669e-01   1.0934473e-01  -1.7720491e-01   3.6443418e-01
