   0.0000000e+00  -8.8102870e-02   2.1771978e-01  -2.0088359e-01  -3.1595242e-01  -1.9924978e-01  -2.6329382e-01   5.7930082e-02  -2.0041791e-01  -3.2243084e-01  -1.6338737e-01  -3.3767656e-01  -9.1240922e-02   7.4125299e-01  -3.4904667e-01  -1.0376437e-01   1.4582817e-01  -2.3770653e-01  -3.7534826e-03  -3.5253029e-01  -1.2153948e-01   1.5011729e-01  -2.3293715e-01   6.2664697e-01  -4.0319989e-02   2.5368053e-02  -2.6593364e-01   3.0594777e-01  -4.2680900e-02  -3.1425781e-01  -5.7063818e-02  -2.5004902e-01  -1.7654206e-01  -3.4050495e-01  -2.7911155e-01  -4.3110352e-01  -9.9812508e-02   4.1124212e-01  -1.5144491e-01  -9.5445607e-02  -2.2023126e-01  -1.1936334e-01  -3.0136916e-01   1.1068975e-01  -1.2545002e-01   4.8975566e-01  -3.7342401e-01  -1.2920457e-01  -5.2266200e-02   1.4091336e-01  -1.9597611e-01  -4.8420168e-02  -3.3270116e-01  -6.7949891e-02   1.2545991e-01  -1.5443089e-01  -1.4337713e-01  -7.9969174e-03  -1.7066567e-01  -4.2820812e-01  -4.8470694e-02  -2.6460286e-01  -1.5503743e-01  -1.6505213e-01   2.0521577e-02  -2.7395913e-01  -1.7394681e-01  -1.6742097e-01  -2.9050992e-01   5.1375357e-01   4.0426643e-02  -1.9299613e-01  -7.9391851e-02   2.8212963e-01  -1.0443003e-01  -3.0156955e-02   3.6281484e-02   5.7054341e-03  -3.1744538e-01  -5.4250088e-02   1.3195674e-01  -1.4753928e-01  -1.8652642e-01   9.7971521e-02   4.0350600e-01  -2.7589689e-01  -2.3642631e-01   5.8665226e-01  -1.6472480e-01   6.9460419e-01  -2.4402715e-01  -5.6622952e-02  -3.7540262e-01  -3.8468789e-01   3.3304317e-01  -1.5971359e-01  -2.1211096e-01  -2.1723185e-01  -2.1631091e-01   4.7655395e-02   4.6839865e-01  -2.3176262e-01   3.2362726e-01  -1.1887112e-01   1.2556060e-02  -6.9989544e-02  -8.3681688e-02  -1.9270695e-01  -3.7380640e-02  -3.3537114e-01  -6.4302494e-02  -1.3422489e-01  -2.4923190e-01   8.0526776e-01   4.4468482e-01  -3.2207379e-01  -3.1185814e-01  -1.0947759e-01   3.9020664e-01  -1.8179463e-01   1.1809973e-01  -2.4775176e-01  -1.3484853e-01  -1.0139197e-01   5.4407697e-01   1.6731179e-01  -2.5882349e-01  -1.4689422e-01  -2.7330616e-01   2.9070611e-01  -1.9922938e-01  -3.8416463e-01   3.0530361e-01  -3.5674111e-02  -3.5584995e-01   1.9574914e-02  -1.4855487e-01   3.3743990e-01  -1.7688714e-01   5.1728853e-01   7.2768334e-01  -1.1702560e-01  -3.7128301e-01   1.2934826e-01  -1.6349834e-01  -8.0915985e-02   2.3531290e-02  -4.0570996e-01  -3.0775632e-01  -4.8562398e-02   6.8547364e-01   3.2168784e-01   1.2561261e-01  -2.2789422e-01   6.4254969e-03   6.6954753e-01  -2.9044190e-02  -1.7787333e-01  -9.2012694e-02   2.5274500e-01  -4.7018788e-02  -2.0645873e-01  -1.5274512e-02  -8.0100061e-02  -1.2766662e-01  -3.4695319e-01  -3.1216429e-01   2.0552169e-01   2.0655844e-01  -1.6498227e-01  -5.0585237e-01   4.1389318e-01  -2.8225443e-02  -2.0893471e-01   1.3919647e-01  -8.5878540e-02   4.5012052e-02
  -8.8102870e-02   0.0000000e+00  -6.2625459e-02   2.1193965e-01   2.2081054e-01  -1.1481018e-01   1.5906468e-01   1.7761470e-01   2.4230709e-01  -1.0298605e-01   5.9802852e-02   6.9693439e-01   1.3969554e-01  -4.1806602e-03   1.2472622e-01  -1.0897220e-01  -6.6278090e-02  -6.4205403e-02   7.3565313e-02  -3.9451554e-02  -1.4390315e-01   9.7251907e-02  -2.3557931e-01   4.3602728e-02   2.3199208e-01   3.4796884e-01   2.8745464e-01   1.1397355e-01   1.2304148e-01   3.7762182e-01   3.7991417e-01   1.5546393e-01  -3.6611309e-02  -1.2806417e-01  -1.1586970e-01  -1.8240811e-01   1.9342029e-01  -2.3694257e-01  -7.0550034e-02   2.8792668e-02   1.7313951e-01  -1.2759606e-01   2.3117828e-01  -2.2141346e-01  -1.2798463e-01  -4.4794705e-01  -2.6778109e-01  -6.6359415e-03  -3.8613009e-02   2.2329120e-01  -1.3916691e-01   2.1573102e-01   4.7094490e-01  -2.9746533e-01   5.5050813e-02  -3.4963070e-01   2.5793734e-03   8.0137425e-03   2.1468138e-01   1.8466596e-01  -5.9783872e-01  -3.5510214e-02   2.8866258e-01   1.4384299e-01   5.0587291e-01  -3.5992022e-01  -8.0486995e-03   6.3257129e-02  -7.6138540e-02  -3.9578634e-01   5.8732772e-01   8.7661373e-02   8.5512638e-02  -2.8568883e-01   6.1912984e-02   1.8019673e-01  -4.2448775e-01  -2.6143255e-01   4.2527774e-01   1.6196949e-01  -2.7285097e-02   3.2559542e-02  -2.2719035e-02   2.3999190e-01  -1.4157864e-01   1.4063925e-01   2.4326991e-01   8.9080696e-02  -3.4164723e-02  -1.6949993e-01   4.0947049e-01  -5.8960820e-01  -2.3604858e-01   6.5599833e-02  -2.4381715e-01  -1.8072304e-01   1.0999926e-01  -1.5490307e-03  -3.3362482e-02  -3.8484050e-01  -1.8944253e-01  -1.7271801e-01   8.1827972e-03   6.5687164e-01  -6.4051212e-02   2.0553543e-01  -9.1169791e-02   3.3540843e-02   1.5400702e-01  -2.1306191e-01  -5.3053964e-01  -2.2854354e-01   1.3689289e-01  -1.7309629e-01  -3.6442240e-01   3.1692623e-01  -9.8675163e-02   2.2539169e-01  -3.4926195e-01   2.0561889e-01  -5.0184110e-01   1.1033303e-01   2.7432187e-01   3.9347700e-01  -2.7033124e-01  -3.3870205e-02   3.2000703e-01   2.6297211e-01   3.0545527e-01  -4.5773557e-01   2.2963782e-03   4.3154784e-02   3.3822556e-01   4.5016742e-01   2.4801006e-01   1.9650359e-01   6.4997976e-02   7.7924255e-02   2.3078227e-01   3.2654698e-01   1.4352470e-01  -1.7131429e-02  -2.2975471e-01  -5.7498030e-01  -1.8311928e-01   1.8580447e-02   4.1609245e-01  -2.1004074e-01  -2.3696985e-01  -1.2280625e-01  -3.4039507e-01   5.9214921e-02  -5.0246475e-01   9.5170150e-02  -1.7788586e-01   1.5675300e-01  -4.0815126e-01   1.1216337e-01  -5.0078960e-01  -1.5254930e-01   1.5353493e-01  -3.2264703e-01  -3.2436514e-01  -9.2878697e-02   1.0905180e-01   1.7394682e-01   1.4504401e-01  -8.1270122e-02  -6.6508835e-01  -2.1283452e-01   2.2545219e-01  -1.7266332e-01   6.8362837e-02  -1.7414712e-01   6.9099366e-02  -1.9863877e-01   1.6713119e-01
   2.1771978e-01  -6.2625459e-02   0.0000000e+00   1.7143175e-01   2.1479659e-01   2.1199575e-01  -2.7175474e-01   4.5098134e-01   2.1867607e-01  -1.9762359e-01   2.5545447e-02   2.5931706e-01  -2.8934376e-01   2.5663066e-01   1.3344964e-01  -3.0906167e-01   7.9212865e-01  -1.9694430e-02   1.0548044e-01   1.8734643e-01  -1.0121937e-01   1.8124337e-01  -4.8299537e-02   2.1452554e-01   1.7404791e-01   2.0040908e-01   3.0098806e-01   1.0185744e-01  -1.2557526e-01  -4.5800701e-01   5.8401861e-02  -1.3790791e-02  -1.2652271e-01   1.2058229e-02  -2.9817380e-01  -8.0483391e-02  -3.9673196e-01   1.3200095e-01  -4.4389429e-01   4.5094832e-01  -2.6596760e-01  -3.0443543e-01  -1.5153315e-01   4.3922920e-01  -2.0415909e-01   2.9438611e-01   8.8153300e-02  -3.9671797e-01  -1.0538789e-01   6.9761882e-01  -2.5209580e-01   3.0676517e-01   5.8981877e-02  -2.4776070e-01  -7.8375475e-02   1.9468124e-01  -5.5713746e-02   7.0585995e-02  -1.2096069e-01  -4.5549334e-02   3.6828196e-01  -2.3936678e-01   1.9406475e-01   2.0839204e-01  -3.1740010e-01  -3.5282786e-01   3.0490684e-01  -8.1295689e-02   1.7840793e-01   3.7081549e-01   1.9721020e-02   1.1769481e-01  -4.3070593e-01   2.0587012e-01  -2.0466325e-01   1.8758779e-01   2.5051257e-01   1.9171351e-01   1.2699347e-01  -1.9052725e-01   2.4521453e-01  -2.3624876e-01   2.3767024e-02   2.8357446e-01   2.2398415e-01   1.8916329e-01  -3.5661011e-01   3.5803832e-01  -2.6662621e-01   2.2300781e-01  -9.4835350e-04   4.1973830e-01  -1.4354531e-01  -6.9852474e-02   3.0020113e-02   3.3142465e-01  -1.6219853e-01   1.5219284e-01  -6.2427502e-02  -1.5028153e-01   2.2206592e-01   2.9345810e-01   3.7296799e-01  -3.3315028e-02   1.4083367e-01   2.0613011e-01  -3.1659721e-01   3.8687460e-01  -3.1460762e-01  -1.9035971e-01   7.3714318e-02  -2.5230921e-01   1.9702536e-02   2.1002357e-01   4.3649199e-01  -1.8093584e-02   1.6187433e-01  -2.8729657e-01   1.0450325e-01   1.2092538e-01   3.5010458e-01   4.3091298e-01  -9.1251191e-02  -3.0312587e-02   1.2503039e-01   1.4423928e-01  -1.2528592e-01  -7.5684065e-02   1.8312280e-01   4.0399904e-01  -3.3911758e-01  -1.5509024e-01   4.9302480e-01   5.5881454e-02   8.4803759e-02   3.3898385e-01  -2.5165781e-01   2.1608092e-01   1.8883272e-01   1.4797104e-01   1.1466806e-01  -2.3971939e-01  -1.8872907e-01   1.7564983e-01  -5.9105482e-02   2.0864375e-01   2.7079746e-01  -2.2120519e-01  -1.0378771e-01  -2.7977896e-01   2.7259112e-01   4.2360135e-01   3.8252543e-01   5.3471558e-02   6.7735738e-01   2.2573357e-01   1.7747934e-01  -2.5030215e-01   4.3114095e-01   3.2515614e-01   8.0042377e-02   1.7314393e-03  -5.5073203e-03   2.0232878e-01   1.8563813e-01  -8.1710326e-03   1.3426484e-01   6.9843713e-02   2.5216228e-01  -3.5692432e-01   2.4381220e-02   2.6237282e-01   1.5734928e-01   2.6621173e-01   4.4535712e-02   3.5280995e-02   3.0828800e-01
  -2.0088359e-01   2.1193965e-01   1.7143175e-01   0.0000000e+00   3.7636796e-01   4.0192001e-01  -6.4077938e-02   3.9498335e-01   5.1608665e-01   1.4676803e-01  -5.4082960e-02   2.4884853e-01   1.1935560e-01  -7.7547997e-02   3.2204533e-02  -3.1545532e-02   7.5342205e-03   2.9206719e-01   4.4322157e-01   3.7109512e-01   4.2086042e-02   1.8505364e-01  -6.1579684e-02  -1.0245339e-01   2.7659816e-01   2.8859243e-01   5.4369774e-01  -1.3443858e-01   8.1914699e-02  -1.2049945e-01   2.7520107e-01   5.3602649e-01   2.9047969e-01  -1.8072659e-01  -2.1000540e-01   1.2102110e-01  -2.6317939e-02  -1.6695313e-01  -1.2104169e-01   1.9290888e-01   2.6114240e-01  -2.0832452e-01   3.2453254e-01   2.0347925e-02   1.1631384e-02  -2.2250418e-01   1.7956000e-01  -2.9048084e-01   1.0096426e-01   1.9626429e-01   2.3893900e-02   2.0210452e-01   1.0528321e-01  -2.8306719e-01  -1.8216217e-01  -1.9060628e-01   1.7889522e-01   3.1779536e-01   4.3880823e-01  -7.4556295e-02  -1.9141300e-02   1.7311192e-01   4.0363423e-01   3.2144171e-01   9.2804889e-02  -1.7033134e-01   4.4716223e-01   3.7256586e-01   3.6805142e-01  -3.2727342e-01  -5.4362728e-02   6.4375078e-01  -1.6017417e-01  -2.2388849e-01  -4.5552095e-02   6.2110231e-01   7.9311076e-02  -1.2981882e-02   1.8651685e-01   4.1983135e-01   6.4221172e-02  -1.4961881e-01  -1.9424792e-01   2.0433705e-01  -2.4157155e-01   6.1133385e-01  -7.4840868e-03  -3.2339866e-02   1.0932872e-01  -1.9815250e-01   9.7553133e-02   4.3278481e-02  -2.0993472e-01   5.6684162e-01  -2.0051532e-02   1.7808591e-01   3.2048634e-01   2.1579889e-01   2.8178770e-01  -1.6788745e-01  -3.9415731e-01  -4.3942655e-02   2.7579031e-01   2.2507988e-01   4.9972974e-01   6.1406449e-01  -1.8445844e-01   3.9904371e-01   3.5840879e-02  -2.3488102e-01  -3.4446434e-01  -1.6892553e-01   7.2503135e-01  -1.9790577e-01  -2.9491219e-01  -1.3491173e-02  -4.7849343e-02   9.0860552e-03  -2.5782561e-01   8.0653644e-01   5.8316135e-02   2.1301412e-01   3.4495315e-01   3.1290327e-01  -1.6594589e-01  -2.1651971e-01   1.0261181e-01   3.9550985e-01   8.4054430e-01  -1.4757417e-01   9.0726782e-02  -1.4204736e-01  -7.4062464e-03   1.2768182e-01   7.3819979e-01   5.3525146e-01   1.8713067e-01  -9.4624634e-02   4.3770842e-01  -7.6683721e-02  -1.3708251e-01   6.4902159e-02  -9.0500389e-02  -4.5408543e-01   6.3542305e-02   5.7514638e-01   1.7199118e-01  -5.9805425e-02  -2.1034098e-01  -6.9571991e-02  -3.7760800e-01   6.0575423e-02   8.0326156e-02  -6.1828935e-02  -1.2617122e-01  -9.3678239e-02   9.8309358e-02   2.2788986e-01   1.6523672e-01   4.0592285e-02   4.1425921e-01  -1.6896607e-01  -1.1871714e-01   4.3625578e-01   5.0542503e-01  -1.0382009e-01  -3.2198220e-02  -1.4580397e-01  -1.1602163e-01  -4.4000253e-01   4.8930639e-02   1.1797043e-01   4.9755956e-01   3.2390938e-02   2.1858570e-01   6.7814919e-02   4.3347124e-01
  -3.1595242e-01   2.2081054e-01   2.1479659e-01   3.7636796e-01   0.0000000e+00   3.0462360e-01  -1.0047662e-01   1.4014588e-01   2.3722682e-01   1.9588554e-01   3.1240873e-01   4.1074825e-01   1.7406797e-01  -3.2667969e-01   3.7058291e-01   3.2920669e-02   1.9988846e-01   3.3677116e-01   3.8896095e-01   8.2036989e-01   7.9345274e-02   8.1673651e-02   1.8624530e-01  -1.2042426e-01   8.3337250e-02   1.8913655e-01   5.6710548e-01  -3.1540381e-02   1.8832747e-01   4.9642656e-02   4.3273342e-01   3.5034109e-01   2.3337875e-01   2.2893885e-01  -2.8607580e-01   4.4373170e-01   3.2031668e-03  -3.1257659e-01   6.7501113e-02   3.0601246e-01   2.5125902e-01   4.7185346e-03   2.4876719e-01   1.5942531e-01   2.1096769e-01  -3.4910107e-01   3.3476380e-01  -1.9425072e-01   2.3775465e-01   2.8277384e-01   9.7084167e-02   1.4687852e-01   3.7590760e-01  -1.5047768e-01  -3.1526024e-01  -4.9259845e-02   3.8105299e-01   8.7700365e-02   3.3135801e-01   4.1389526e-02  -6.1799586e-02   1.4509984e-01   1.0177529e-01   4.2494943e-01   8.9861059e-02  -9.8837002e-02   4.7508683e-01   4.6457763e-01   5.1944818e-01  -4.1395916e-01   9.7987570e-02   4.0188554e-01  -1.3380900e-03  -3.7606620e-01   5.7004114e-02   4.2828926e-01  -1.6456530e-01   1.2216249e-01   5.9911298e-01   1.4875736e-01  -1.6831631e-02   5.8633884e-02   1.9405459e-02   2.1099148e-01  -2.2743549e-01   5.8115908e-01  -2.5027781e-01  -1.4052978e-01   5.3015188e-02  -1.6078786e-01   6.1235841e-01   2.1434582e-02   1.6551527e-01   1.8670159e-01  -2.6542718e-01   5.7148027e-01   2.2941182e-01   4.5507220e-01   2.8101923e-01  -1.0059011e-01  -3.8519771e-01   2.0748744e-01  -1.1038275e-01   2.6138867e-02   4.2717878e-01   3.4148120e-01  -8.2776626e-02   4.3123581e-01   3.5543120e-02  -1.3094384e-02  -1.9130617e-01  -2.2622432e-01   3.5392482e-01  -3.3227355e-01  -2.1295654e-01   4.0018519e-01   2.8667833e-01   2.3869807e-01  -2.1350465e-01   3.2753590e-01  -6.5584914e-03   7.2010463e-01   1.2796952e-01   6.9145576e-01  -3.3954676e-01  -2.0358999e-01   4.3014609e-01   2.1597792e-02   4.3492036e-01  -9.2490016e-02   1.5591162e-01   2.0390363e-01  -7.8015409e-02   1.7407832e-01   3.2012845e-01   2.8028196e-01   8.1380114e-02  -1.6299345e-01   3.2245049e-01  -1.8271044e-01  -2.1104227e-01   2.1787445e-01  -5.3577142e-02  -3.3914274e-01   4.1741887e-01   5.8884123e-01   1.7952331e-01  -4.5047965e-02  -2.1404327e-01  -1.5283896e-01  -4.4382787e-01  -6.7764958e-02   7.5927081e-02   2.9744667e-01   7.7942767e-02  -1.2327627e-01  -8.4731147e-02   4.3191799e-03   1.2252684e-01  -9.4713941e-02   4.1310478e-01   2.4087686e-02  -2.5737076e-02   3.5659095e-01   3.0292417e-01   2.9894880e-01   2.1799522e-01  -7.0828803e-03  -1.4060668e-01  -6.8305633e-02   4.6076680e-01  -1.2475932e-01   3.8864016e-01   1.2612137e-01   1.5383879e-01   9.9225123e-02   2.2763549e-01
  -1.9924978e-01  -1.1481018e-01   2.1199575e-01   4.0192001e-01   3.0462360e-01   0.0000000e+00  -1.2417829e-01   2.6765010e-01   2.1526895e-01  -1.2847574e-01   2.3825693e-01   1.6113343e-02  -2.2947141e-01  -1.6336211e-01   2.9528072e-01  -1.4485728e-01   5.2550733e-02   2.0210785e-01   6.0152095e-01   3.4034218e-01   9.0227747e-02   1.5113296e-01   1.2045578e-01  -2.5358564e-01  -2.7529729e-02   4.5268590e-01   6.0140291e-01   2.0856669e-01  -1.0937972e-01  -2.0975527e-01   2.3197555e-01   1.5941406e-01   5.6334644e-02   2.2184599e-01  -1.1428507e-01   2.4698509e-01  -3.8274900e-01  -1.3946330e-01  -2.2727465e-01   4.2378203e-01  -8.3560278e-02  -1.3692182e-01  -3.9164649e-02   3.4764485e-01   7.4942332e-02  -3.2618011e-02   4.8077104e-01  -2.9943891e-01  -4.5341624e-02   9.3457066e-02  -5.8665151e-02   3.4708889e-01   2.6674517e-01  -2.1908410e-01  -3.0614197e-01   2.6138553e-01   5.7355827e-01   2.0420457e-01   3.9337935e-02   7.8094768e-03   1.9199462e-01   3.3124936e-02   1.8765307e-01   3.3197993e-01  -3.4331133e-02  -1.3778386e-01   8.4843457e-01   2.7305602e-01   5.7337266e-01  -1.0274302e-01  -1.5294638e-01   2.7813994e-01  -3.2430766e-01   1.4178046e-01  -3.2076053e-01   3.3844909e-01   6.6194325e-02   3.6193138e-01   3.0584674e-01  -3.2859876e-02   2.3485140e-01  -2.6989918e-02   1.5712519e-01   4.6597145e-01   7.6913027e-02   4.0167605e-01  -1.8692669e-01  -1.1593087e-01  -3.0536056e-01  -9.5611057e-02   1.6810818e-01   2.7191500e-01   1.8750208e-01   8.6394508e-02   1.5361664e-02   2.2928338e-01   9.1341430e-02   6.5097663e-01   1.2339388e-01  -1.3794599e-01  -1.8912305e-01   3.3939677e-01   1.4615610e-01  -6.8236832e-02   1.6210085e-01   3.0359579e-01  -1.4161141e-01   6.5113351e-01  -3.2921877e-01   9.6484381e-02   1.3172134e-01  -3.9299117e-02   2.8328259e-01  -6.3622286e-02  -2.9085519e-02   1.8427417e-01   3.3050572e-01  -1.5667374e-01   1.5057915e-01   4.6673491e-01   1.9508835e-01   3.1801747e-01   1.1341755e-01   1.0211597e-01  -8.9078594e-02  -1.7744682e-01   1.5929581e-02   6.8951133e-02   3.3210427e-01  -3.1629179e-02  -2.5379032e-01   2.4498562e-01   1.1587086e-01   6.0799908e-02   3.6507285e-01   3.8192848e-01  -8.1551418e-02   1.1418260e-01   4.2670505e-01  -1.3547518e-03  -2.0238440e-01  -2.2848785e-01   1.5749332e-01   1.6451530e-01   1.5739980e-01   3.9387368e-01   4.2892980e-02   8.3346726e-02   1.8497644e-01  -6.9403273e-02  -1.6106287e-01   1.6600373e-01   2.6483746e-01   1.1975619e-01   3.0426293e-01  -8.9298150e-02   1.1642015e-01  -1.1104508e-01   3.6626228e-01   1.6282243e-01   3.1139579e-01  -2.2578810e-02  -3.0709052e-02   1.8717822e-01   3.1893122e-01   2.0575584e-01   2.7679773e-01   2.1131744e-01   8.8033353e-02  -6.6338583e-02   2.8306805e-01  -1.8298714e-02   3.3409744e-01   7.5409434e-01   1.9966163e-01  -5.2567855e-02   2.4375062e-01
  -2.6329382e-01   1.5906468e-01  -2.7175474e-01  -6.4077938e-02  -1.0047662e-01  -1.2417829e-01   0.0000000e+00  -3.2119510e-01  -1.3043986e-01   5.9291777e-01   1.9407626e-01   1.4696037e-01   1.3345819e-01  -4.8942788e-02   1.0804571e-01   6.1960098e-02  -1.8014832e-01   2.5436800e-01  -3.7583208e-01   1.3157046e-02   1.8590953e-01  -6.6630788e-02   3.8061225e-01  -1.6218550e-01  -1.9311545e-01  -3.6013286e-01  -2.6488824e-02  -7.2756369e-02   5.3440615e-02   5.9536384e-01  -5.7546683e-02  -1.7727752e-01  -6.1907722e-02   3.9849488e-01   4.7193907e-01   4.6506810e-01   2.4663740e-01  -2.8715950e-01   1.4884815e-01   7.3892406e-02   1.7208234e-01   7.2629094e-02  -5.6522144e-02  -1.6867613e-01   2.9795242e-01  -1.5620515e-01   2.0129728e-01   4.3095126e-01   1.1380093e-02  -2.8764613e-01   2.4159458e-01  -3.2074042e-01   1.7134438e-01  -1.1912803e-01   1.0041241e-01   8.3787255e-02  -3.3204579e-01   5.9579107e-02   5.5773823e-02   1.0992058e-01  -3.1174126e-01   3.1146673e-01  -2.8205177e-01  -2.4844457e-01   6.4984954e-02   5.6095957e-01  -2.6140505e-01  -1.0195464e-01   9.0034652e-02   7.4076877e-02   1.0383121e-01   6.0918817e-02   2.5620002e-01  -2.1239206e-01  -4.2517311e-02  -3.9754103e-01  -1.6116277e-01  -1.3868125e-01  -1.3527206e-01   4.8403972e-02   1.5661976e-01   2.3907779e-01   2.4297044e-01  -3.6916284e-01  -2.3794530e-01  -3.0475811e-01   2.9065927e-01  -3.1001530e-01   8.2470679e-02  -3.3655740e-01  -4.2992124e-02  -3.7124191e-01   2.4697825e-01  -5.8082797e-03  -2.1314847e-01  -5.8266893e-02   2.4472711e-01  -1.5873633e-01   1.8502365e-01   3.3655762e-01  -1.2646788e-01  -2.6999072e-02  -1.4104861e-01  -8.6611126e-02  -2.2552722e-01  -1.8833419e-01  -7.9032216e-02  -1.7851833e-01   1.8435959e-01   4.1990744e-01   3.3256918e-01   4.3100055e-01   3.4303695e-02  -3.7443217e-01  -2.9119728e-01  -1.3184090e-01  -1.5202483e-01   2.1903165e-01  -2.5298356e-01  -1.1965688e-01  -3.6089507e-01  -1.9673656e-01  -3.0701907e-01   8.5614179e-03  -1.3286159e-01   4.5070537e-02   3.4634372e-01   2.2757311e-02  -1.9147985e-01   8.5613258e-02   7.8861681e-02   3.6845714e-01  -1.7042694e-01  -2.6585652e-01  -1.1187579e-01  -4.4966627e-01   1.6726602e-01  -2.2135770e-01  -4.0544940e-01  -1.7760334e-01  -1.0736132e-01  -4.6646776e-02   3.4527276e-01   6.5399037e-03   2.6647845e-01  -2.1347326e-01   2.1090614e-01   5.5948886e-01   5.4235154e-01   1.9661268e-01  -2.7831542e-01  -2.0649239e-01  -5.4438560e-01   2.2918450e-01  -9.6789202e-02  -1.6330407e-01  -1.9421419e-01   9.5089700e-02  -3.8767781e-01  -1.9235857e-01  -1.7414177e-02   1.8315263e-01   2.5411921e-01  -1.7368662e-03  -1.5342843e-01  -1.5662659e-01   2.7011390e-01  -1.1331467e-01  -4.3426237e-01   2.3653823e-01   9.9000622e-02  -3.0012956e-01   1.3399524e-01  -9.6349572e-02  -1.9120812e-01  -1.4509946e-01  -8.2232653e-02
   5.7930082e-02   1.7761470e-01   4.5098134e-01   3.9498335e-01   1.4014588e-01   2.6765010e-01  -3.2119510e-01   0.0000000e+00   2.4826074e-01  -2.3066316e-01   5.1939788e-02   8.9273190e-02  -3.5989932e-01   1.3422391e-01   7.3883849e-02  -4.4910960e-01   3.1910754e-01   5.5166049e-03   2.4355768e-01   1.3980104e-01  -1.2033597e-01   5.2146322e-02  -9.0801582e-02   1.3064427e-01   1.8967006e-01   6.0172174e-01   4.5125488e-01   3.0996231e-01  -1.0011785e-01  -2.8455701e-01   4.3387003e-01   1.0112710e-01  -1.5970631e-01  -4.1924677e-02  -5.5751401e-01  -1.6223101e-02  -3.6251591e-01   1.9954951e-01  -4.5099573e-01   1.8666216e-01  -2.2938020e-01  -4.1948101e-01  -3.7525635e-02   4.7235570e-01  -3.6188368e-01   4.7326923e-02   1.7605642e-01  -1.7265803e-01  -1.6925435e-01   4.2831227e-01  -3.8725956e-01   7.3866964e-01   3.5724287e-01  -4.3418095e-01  -9.0404937e-02   1.9040905e-01   1.4066145e-01   5.9152955e-02  -2.9243920e-02  -3.2020996e-01   6.9888753e-02  -1.8261796e-01   3.1936986e-01   3.8150501e-01   6.4748954e-02  -4.3611753e-01   3.7439704e-01   2.9468232e-01   2.8315043e-01  -4.5063237e-02   3.3225257e-01   1.9702518e-01  -3.7957456e-01  -1.0191212e-01  -2.8476337e-01   4.9723306e-01   1.2240443e-01   2.8470907e-01   3.1498804e-01  -2.4279042e-02   4.8854237e-01  -2.7708618e-01   2.3946827e-01   6.5061745e-01   4.3570145e-02   3.7920470e-01  -2.2626470e-01   2.4442851e-01  -1.3891993e-01   1.2007907e-01   1.7766167e-01   5.7213670e-02  -1.3804239e-01  -8.5637190e-02   1.1963417e-01   1.6806525e-01  -1.3456957e-01   2.1021189e-01  -1.9892228e-02  -3.9467876e-01   1.3083941e-01   2.6883296e-01   5.6979203e-01   1.9509155e-01   1.6908243e-01   2.9817953e-01  -3.9653287e-01   6.3631562e-01  -2.2599971e-01  -9.1626795e-02  -3.2037121e-02  -4.8446388e-01   1.4555462e-01   5.4367360e-02   1.3835216e-01   2.8565675e-01   2.5004336e-01  -2.9427419e-01  -5.6372903e-02   3.6871201e-01   2.2680034e-01   4.0495166e-01   2.4523559e-01   5.8000615e-02   1.6187206e-02  -2.6832469e-01  -2.0991807e-02   1.9185340e-01   2.6104301e-01   4.5163695e-02  -3.7286088e-01  -3.1549871e-02   1.7870933e-01   4.2935892e-01   2.0077519e-01   8.2540413e-01  -2.6965421e-01   4.7293384e-01   5.8525406e-01   2.2470416e-01   2.1172873e-01  -3.5931840e-01  -2.1816635e-01  -2.8036957e-01  -1.6615668e-01   4.3340206e-01   2.2241689e-01  -2.4763531e-01  -7.5971089e-02  -1.2280128e-01   7.5172284e-02   7.3447362e-01   1.3577616e-01   1.5246399e-01   7.0613728e-02   1.8576099e-01   1.9397525e-01  -1.7453777e-01   1.7421895e-01   5.1336935e-01   1.4109585e-01  -2.1584198e-01  -8.0346804e-02   2.2280697e-01   3.1785335e-01   1.9058387e-01   1.5455767e-01   1.7984928e-01  -5.4866605e-02  -2.7674822e-01   1.3909155e-01   3.1580191e-01   2.5052399e-01   1.3056914e-01   1.1088553e-01  -3.0848876e-01   2.1562499e-01
  -2.0041791e-01   2.4230709e-01   2.1867607e-01   5.1608665e-01   2.3722682e-01   2.1526895e-01  -1.3043986e-01   2.4826074e-01   0.0000000e+00  -6.6099702e-02  -1.0446234e-01   3.2197812e-01   1.9804032e-02  -6.2251155e-02   1.4825028e-01  -3.7593579e-02  -1.4895890e-03   1.3229009e-01   1.1033644e-01   2.4091229e-01  -7.8436617e-03   3.8258487e-01  -1.8212819e-01   3.2730476e-02   3.1789522e-01   2.8423277e-01   2.9832763e-01   1.4081431e-02  -2.2534797e-03  -2.2420187e-01   4.4414501e-02   2.2998210e-01   1.0748939e-01  -2.7160835e-01  -8.9529203e-02  -7.8747090e-02  -1.9660489e-01  -1.3054992e-02  -1.5458446e-01   1.7294232e-03   2.9695610e-02  -1.7833968e-01   5.2100734e-01  -6.1288700e-02  -4.3918562e-02  -8.9746695e-02   1.7371478e-03  -3.9804072e-01  -9.8348848e-03   1.8826308e-01  -6.5401566e-02   3.6762423e-01   4.6730045e-02  -1.8247070e-01  -1.1159738e-01  -2.4908522e-02   4.8050954e-03   3.8172621e-01   1.3171892e-01   6.0530530e-02  -7.4202760e-03  -1.0927600e-02   6.2101640e-01   1.0065005e-01  -9.0502294e-02  -3.5175952e-01   2.5474579e-01   2.5539370e-01   8.9275908e-02  -1.6835995e-01  -5.4212473e-02   5.5289109e-01  -2.8324775e-01  -1.1622434e-01  -3.4588833e-03   1.8222109e-01   3.3578594e-03  -2.8621005e-01   2.5734603e-01   9.6124648e-03   2.0301042e-01  -2.3537858e-01  -2.5081981e-01   2.7233909e-01  -4.3222991e-01   2.9303001e-01  -1.3696709e-01   8.7770067e-02  -1.1984719e-01  -2.0808076e-01   1.0281742e-02   1.1274625e-02  -3.4473207e-01   4.8412298e-01  -4.2614981e-02   1.0451188e-01   7.5248950e-03  -2.1668200e-02   5.4702376e-02  -5.3372939e-02  -4.0926554e-01   5.7529566e-02   1.8766998e-01   2.3535920e-01   2.4463588e-01   2.3929108e-01  -8.9665034e-02   2.0044800e-01   1.7174351e-01  -2.8828628e-01  -3.3322908e-01  -5.7466179e-03   6.1260099e-01  -1.4833536e-01  -1.5641058e-01   4.1158141e-02  -6.0862661e-02  -9.5595639e-02  -1.6023870e-01   5.3666148e-01  -4.5664108e-02   2.1973959e-01   4.9664276e-01   7.0174331e-02  -2.6635521e-02   2.1612377e-01   1.2672825e-01   2.5876551e-01   6.2144229e-01  -2.6119481e-01  -6.2185681e-02  -2.3381433e-01   2.6822422e-01  -4.8653102e-02   7.1655326e-01   2.6505686e-01  -1.0979339e-01   8.9526250e-02   3.3765461e-01  -4.6389184e-02  -1.5029179e-01   7.9620762e-02  -1.8728442e-01  -2.1102130e-01   7.1528753e-04   2.6659392e-01   1.8518825e-01  -2.6556666e-01  -1.6851826e-01  -1.8887046e-01  -3.3196362e-01   1.1049045e-01  -1.7664805e-02  -2.4846784e-03  -5.8278817e-02  -1.0760845e-01  -6.7040940e-02   8.5641584e-02   9.8063783e-02   2.8563419e-01   3.8827661e-01  -3.1565615e-01  -2.7730130e-01   1.7818234e-01   4.6544477e-01  -4.2272932e-02   1.2000013e-01  -1.4111621e-01  -2.3746474e-01  -5.0914442e-01   8.4086795e-02   1.0228733e-01   3.9961191e-01   1.0149629e-01   1.3597580e-01  -1.7762445e-01   5.5586199e-01
  -3.2243084e-01  -1.0298605e-01  -1.9762359e-01   1.4676803e-01   1.9588554e-01  -1.2847574e-01   5.9291777e-01  -2.3066316e-01  -6.6099702e-02   0.0000000e+00   8.1430282e-02   5.2356535e-02   3.8172636e-01  -8.2587749e-02   4.0809037e-02   3.5672259e-01  -3.4922692e-02   4.3355556e-01  -2.2184952e-01   3.1229698e-01   4.0217993e-01   1.9271916e-02   4.3272753e-01  -2.6477297e-01  -1.5274122e-02  -4.8543933e-01  -7.8801156e-02  -3.1806361e-01   5.0770250e-02   2.9678856e-01  -1.1921669e-01  -1.7498244e-02   2.8449298e-01   3.8313202e-01   3.2793805e-01   5.3546462e-01   2.3375132e-01  -4.4674107e-01   2.5859391e-01   2.5212233e-01   3.6335671e-01   2.4298815e-01  -8.0657176e-03  -1.7661260e-01   4.1502300e-01  -2.9422992e-01   2.2016414e-01   2.2811371e-01   2.1479791e-01  -2.4654914e-01   4.2047285e-01  -3.1786308e-01   1.2683082e-03   5.0880428e-02   1.3020422e-02   1.2816473e-01  -3.4826070e-01   1.1319082e-01   2.2515782e-01  -1.1643735e-02  -2.0133075e-01   5.3029108e-01  -3.0367654e-01  -2.2022293e-01  -1.4603356e-01   5.8752771e-01  -1.4028254e-01   1.6528891e-01   1.8290112e-01  -3.5272483e-02  -1.1034223e-01   2.9636651e-01   1.6560156e-01  -2.7832178e-01   1.8858554e-01  -1.7189171e-01  -2.3169634e-01  -9.6834549e-02  -1.6485384e-01   1.9759043e-01   2.5271406e-02   9.1164215e-02   6.1571871e-02  -4.2672935e-01  -3.2786406e-01   3.9949264e-02  -2.7817556e-02  -4.1170458e-01   2.6130624e-01  -3.9983664e-01  -6.0725775e-02  -1.8158267e-01   3.0049466e-01   2.6277434e-01  -3.3945670e-01   2.0823331e-01   3.9186658e-01  -1.8321366e-01   3.8936454e-01   5.2364618e-01  -2.4455723e-01  -1.2482492e-01  -2.0004951e-01  -3.0237777e-01   1.2265800e-01  -9.8438377e-02   5.6642144e-02  -1.3214432e-01   2.8315618e-01   3.9717300e-01   2.7278583e-01   4.0467057e-01   2.5305888e-01  -4.2932840e-01  -2.4701955e-01  -1.3098591e-01  -8.3290516e-03   2.8653307e-01  -1.8581208e-01   4.8894291e-02  -3.3274710e-01  -1.0743394e-01  -1.4247218e-01   1.6029693e-01  -3.0053291e-01  -3.9158248e-02   4.2254959e-01  -1.0173289e-01   1.9500695e-02   1.6485517e-01   3.4771697e-01   2.3514593e-01  -3.9735872e-01  -2.6933671e-01   2.1801555e-02  -2.5847481e-01   3.5918224e-01  -3.3874992e-01  -3.0236712e-01  -3.2017994e-01  -1.7767068e-01   3.2493386e-01   2.5205018e-01   8.4944941e-03   4.5874738e-01   4.0068765e-02   1.8080669e-01   4.4898339e-01   3.5047125e-01   2.5994029e-01  -3.5954110e-01  -3.4641512e-01  -2.3379872e-01   2.2068044e-01  -2.0516463e-01  -3.8723371e-01  -1.4782014e-01   3.4480651e-01  -1.5246957e-01  -2.1242000e-01   1.4845645e-01   2.6893582e-01   2.9512691e-01   1.9642914e-01  -1.2583592e-01  -2.4034958e-01   1.0862240e-01  -1.3627121e-01  -2.4937229e-01   2.3326991e-01   3.6458986e-02  -3.4172251e-01   2.0430444e-01  -2.2906002e-01   1.0017660e-02   1.6724021e-01   1.9884217e-02
  -1.6338737e-01   5.9802852e-02   2.5545447e-02  -5.4082960e-02   3.1240873e-01   2.3825693e-01   1.9407626e-01   5.1939788e-02  -1.0446234e-01   8.1430282e-02   0.0000000e+00   1.3387017e-01  -1.5399699e-01  -2.1748393e-02   6.6170068e-01  -1.2060343e-01  -1.6139916e-02   2.5997854e-01   6.2145189e-02   3.5288339e-01   9.1930076e-02  -2.2408983e-02   3.9576480e-01   4.0337871e-02  -3.0109129e-01   1.0202946e-01   4.8350205e-01   1.6401453e-02  -6.4114744e-02   2.6350614e-01   4.9848394e-01  -9.6074977e-02  -1.4896657e-01   3.9243172e-01   1.6044937e-01   5.6306950e-01  -1.4836080e-01  -2.2155273e-01  -6.5401459e-02   1.5284901e-01  -1.0530830e-01  -2.3927399e-01  -6.6579870e-02   1.6714882e-01   3.8551847e-01  -3.0596430e-01   6.8669562e-01  -8.6214252e-03   1.1136755e-01   8.3576897e-02   1.0590048e-01  -2.4557682e-02   3.6384442e-01  -1.7670809e-01  -1.7599780e-01   1.8550254e-01   1.0209872e-01   3.7570549e-03  -1.2418553e-01   2.9155216e-01   1.5331462e-02   1.3162114e-01  -1.0433283e-01   5.1344728e-01   2.8337356e-01   2.2656398e-01   3.7166520e-01   9.4600142e-02   6.7049174e-01  -3.0014766e-01  -1.0661448e-01   6.3798384e-02  -5.9346718e-02  -6.9037300e-02  -1.3137861e-01   1.1267139e-01  -1.4405416e-01   1.1238325e-01   4.4806313e-01  -2.6319213e-01   9.5901997e-02   1.9377752e-03   3.8924623e-01   6.5963147e-02  -1.6866236e-01   2.3159014e-01  -8.3047583e-02  -5.3319591e-02   3.0051428e-03  -1.4580405e-01   4.4989227e-01  -2.6283205e-02   3.3116518e-01  -4.7128056e-02  -2.5949974e-01   2.3508149e-01   3.1295884e-02   3.9852282e-01   2.1169297e-01   6.1973173e-03  -3.1159880e-01   4.3454902e-01  -1.6777688e-01   1.0339962e-02   1.1330886e-01   2.1173311e-03  -1.4304307e-01   4.6598358e-01  -1.3801931e-01   1.9461085e-01   2.8671147e-01   4.2685279e-02   8.2426682e-02  -3.5883944e-01  -1.8849463e-01   4.0227547e-01   1.3283688e-01  -7.3957064e-02  -3.3031468e-01  -8.3530884e-02  -4.2115583e-02   3.6801890e-01  -7.6935778e-02   4.2448460e-01  -3.3893385e-01   1.5087518e-02   3.7325489e-01  -2.3072919e-02   2.6077606e-02  -2.1167858e-02  -1.4258847e-01   7.1063947e-01   7.7111401e-03   6.4086526e-02   5.5575848e-02   3.7483744e-02  -1.8317286e-01  -2.7824078e-01  -3.6293489e-02  -8.4166130e-03  -1.4947663e-01  -2.2446148e-01   4.6348849e-01  -1.2044493e-01   5.3715596e-01   3.7010761e-01  -1.5813237e-01   3.0653023e-01   2.5916249e-01  -6.6897157e-02  -2.6857515e-01  -8.0485578e-02  -1.5369595e-01   6.8012937e-01   7.7648670e-02   1.0679870e-02  -3.5879732e-02  -1.6607311e-01   1.9867393e-02  -1.8356139e-01   4.7966786e-03   4.1648812e-01   4.5261073e-02   2.3181950e-01  -9.9832612e-02   2.7261262e-01   6.1754161e-01  -5.9434826e-02  -3.0638061e-01   7.7005533e-02   5.5920951e-01  -2.0402193e-01   2.8445882e-01   1.2930359e-01  -1.0788241e-02  -7.4670415e-02  -2.1138938e-02
  -3.3767656e-01   6.9693439e-01   2.5931706e-01   2.4884853e-01   4.1074825e-01   1.6113343e-02   1.4696037e-01   8.9273190e-02   3.2197812e-01   5.2356535e-02   1.3387017e-01   0.0000000e+00   1.0305441e-01  -2.7811640e-01   2.3903746e-01   7.5664645e-02   2.8021357e-01   4.5941523e-02   7.7700537e-02   2.5826942e-01  -1.6587148e-01   8.1277132e-02  -1.7288482e-01  -1.2822067e-01   1.5825109e-01   1.6598914e-01   3.7394432e-01  -1.9134183e-01   2.1453161e-01   2.0621930e-01   1.2527963e-01   2.9807957e-01   1.4828097e-01   1.1672185e-01   5.9156795e-02   4.9937545e-03   1.3478983e-01  -4.0939241e-01   8.0567959e-02   3.6504355e-01   6.4050930e-02   6.7507082e-02   3.2402354e-01  -1.4704392e-01   5.1404380e-02  -4.8146536e-01  -2.7958461e-02  -9.3566906e-02   1.0770168e-01   3.7952710e-01   9.2762762e-02   1.1859259e-01   3.9255236e-01  -1.0786737e-01   1.4933834e-01  -1.4473402e-01  -4.3311156e-02  -5.0788302e-03   1.5243489e-01   4.5913417e-01  -3.1550400e-01   4.0989464e-02   2.4014281e-01   2.5939293e-01   5.4903576e-02  -2.5544022e-01   1.0728687e-01   2.5268200e-02   1.5377877e-01  -3.3213422e-01   3.2287784e-01   2.2625954e-01   5.2949835e-02  -1.6237131e-01   2.5599956e-01   1.7058198e-01  -3.4157733e-01  -1.1074053e-01   3.5882345e-01  -9.2790928e-03  -1.8324261e-01   1.3191694e-01  -3.4450658e-02   1.1063952e-01  -1.5513130e-01   2.2884686e-01   1.9574592e-01  -1.0299381e-01   1.2582194e-01  -3.4089571e-01   3.7076498e-01  -2.3047049e-01   4.8516715e-02   3.0343443e-01  -4.0386883e-01   2.1226667e-02   1.9005431e-01   3.8140587e-02   1.1214817e-01  -3.2636755e-01  -2.6190709e-01   3.8500885e-02  -1.0786285e-01   4.2349195e-01   3.5897162e-02   2.3582978e-01  -3.4253732e-02   1.3224521e-01   2.1542968e-02  -1.3829851e-01  -3.4385679e-01  -1.2713319e-01   2.5015456e-01  -3.9873444e-01  -2.8026743e-01   2.8259556e-01   1.6169211e-01   1.4159247e-01  -3.2101938e-01   1.6041123e-01  -4.4742468e-01   3.2028268e-01   1.3501541e-01   3.2984037e-01  -5.0596437e-01   7.3445928e-02   2.8011705e-01   6.4750501e-03   4.3753486e-01  -1.6822159e-01   1.3637365e-01   8.1001540e-02   3.0889770e-01   2.0880339e-01   3.1857355e-01   1.1396836e-01   1.7366991e-01  -1.4777880e-01   1.8655311e-01   1.2297064e-01  -1.5114376e-01   1.5835110e-01   5.8913708e-02  -3.1528071e-01  -6.0928653e-02   7.5975474e-02   4.6803141e-01  -2.9758772e-02  -1.6659979e-01  -2.6971915e-01  -4.0664941e-01  -1.0745503e-01  -3.4585773e-01   1.6856013e-01   2.4427697e-01  -9.3272547e-02  -3.4564654e-01  -5.9486326e-02  -2.3740389e-01  -2.4397401e-01   2.4352967e-01   4.4366046e-02  -3.1556286e-01   2.9562881e-02   8.1497150e-02   3.0625494e-01   2.6714575e-01  -1.9620458e-01  -4.2189697e-01  -1.4196641e-01   3.5176490e-01  -3.5745472e-01   6.5408759e-02  -3.9825309e-03  -2.0238695e-01   8.0858563e-02   1.6554072e-01
  -9.1240922e-02   1.3969554e-01  -2.8934376e-01   1.1935560e-01   1.7406797e-01  -2.2947141e-01   1.3345819e-01  -3.5989932e-01   1.9804032e-02   3.8172636e-01  -1.5399699e-01   1.0305441e-01   0.0000000e+00  -1.9959616e-01  -2.3762415e-01   5.8527177e-01  -2.8420332e-01   3.3470461e-01   4.9865234e-02   1.3119434e-02   1.1925544e-01   4.0315295e-02  -1.2061350e-01  -1.5140454e-01   1.5409348e-01  -2.7233029e-01  -1.8261245e-01  -4.1957025e-01   4.5900589e-01   3.0103477e-01  -1.0662604e-01   3.9080636e-01   4.2681997e-01  -1.7329361e-01   2.2251705e-01   1.8177277e-02   5.1803707e-01  -3.1360292e-01   5.2123792e-01  -1.8286762e-01   7.9320905e-01   4.5444264e-01   2.3679298e-01  -5.4355777e-01   4.2351032e-01  -2.8921750e-01  -2.0354983e-01  -9.5372951e-03   4.4570910e-01  -2.2128106e-01   5.0589799e-01  -4.0057479e-01  -3.2108548e-01   4.6462590e-01   3.3438040e-01  -4.0897716e-01  -1.7218090e-02   7.0982568e-02   4.5318283e-01   8.9391000e-02  -3.0045366e-01   3.4929827e-01  -2.0581465e-01  -2.0955920e-01   1.2837558e-01   2.5348533e-01  -2.0239448e-01   9.3148424e-02  -9.9476435e-02  -2.3663128e-01  -2.3937194e-01   2.2787282e-01   5.6375772e-01  -1.0638004e-01   5.4561129e-01   2.6385759e-02  -1.9894132e-01  -2.4565357e-01  -1.5583391e-01   3.6749569e-01  -4.3000527e-01   3.9283424e-01  -5.3863234e-01  -4.9047918e-01  -1.6246660e-01   7.2880088e-02   3.0254450e-01  -1.9928799e-01   2.8364931e-01  -2.2036615e-01   5.9426279e-03  -1.2141281e-01  -1.1603384e-01   4.2982189e-01  -1.3833356e-01  -1.8986066e-01   5.4321742e-01  -1.2900661e-01   3.7704828e-01   2.0610781e-01  -2.3871304e-01  -4.3119377e-01  -3.9164286e-01   1.2991942e-01   2.9694816e-01   2.0215209e-01   4.1639376e-01  -4.0417685e-01   4.5138410e-01  -2.7180217e-01  -4.1165240e-01   3.2860842e-01   1.9667110e-01  -2.1692746e-01  -3.4535367e-01  -2.6230925e-01  -2.2603671e-01   7.7063812e-01  -1.3958938e-01   5.0467682e-02  -3.3540308e-01  -2.5204781e-01  -2.9139816e-02   2.3669138e-01  -2.1246931e-01   5.2457179e-02   1.9875431e-01   1.1250921e-01   1.3053557e-01  -1.9235413e-01   7.8380478e-01  -1.4398470e-01  -2.4142514e-01  -1.4064218e-01   3.7378109e-02  -1.4038624e-01   6.6181450e-01  -3.7441686e-01  -1.7095674e-01  -1.0285692e-01  -1.5334877e-01   7.4233698e-01   5.7644221e-02  -2.5773571e-01   1.1601605e-01  -4.2447416e-02  -1.7505970e-01   1.8210942e-01  -2.8035120e-01   3.0196297e-02  -2.6242549e-01  -5.5269480e-01  -1.7725707e-01  -2.8200335e-01  -3.1199274e-01  -2.1128947e-01  -1.5427046e-01   3.5224030e-01  -2.0604051e-01  -4.1608636e-01   2.1845824e-01   1.0246260e-01  -1.5581215e-01   8.8209014e-02  -2.4464140e-02  -2.7014670e-01  -3.0390626e-01  -1.1698346e-01  -1.5797401e-01  -1.1940213e-01  -2.7667809e-01  -2.8076232e-01   6.3952647e-02  -3.4833716e-01   1.4088068e-01   3.6375287e-01   1.4453937e-02
   7.4125299e-01  -4.1806602e-03   2.5663066e-01  -7.7547997e-02  -3.2667969e-01  -1.6336211e-01  -4.8942788e-02   1.3422391e-01  -6.2251155e-02  -8.2587749e-02  -2.1748393e-02  -2.7811640e-01  -1.9959616e-01   0.0000000e+00  -1.6401208e-01  -2.2630853e-01   1.4911484e-01  -3.8824073e-02  -1.5525618e-01  -3.1793631e-01   1.4929673e-01   4.1812390e-01  -7.2978176e-02   4.5699925e-01   4.0288945e-02   3.2792355e-02  -1.0596400e-01   3.8392487e-01  -2.8691807e-01  -1.7640129e-01   5.5314596e-02  -3.5560423e-01  -3.0214144e-01  -2.3032949e-01  -1.7194867e-01  -2.6478680e-01  -2.2568532e-01   1.9129872e-01  -3.6405556e-01  -9.1019788e-03  -2.2966453e-01  -3.6538709e-01  -4.2589197e-01   2.1469272e-01  -5.7508822e-02   2.2872171e-01  -2.0662340e-01  -1.2611000e-01  -8.2895888e-02   8.1393253e-02  -2.2408825e-01   3.7971080e-02  -1.3017467e-01  -2.9608498e-01  -5.1878786e-02   5.2025965e-02  -4.0617687e-01   1.9238145e-01  -8.3436074e-02  -3.3286155e-01  -1.3712866e-01  -7.9495866e-02  -3.5487342e-02  -9.9537254e-02   1.3434166e-01  -1.5003501e-01  -1.0277136e-01  -1.0470928e-01  -1.5465534e-01   3.8678372e-01   7.3814691e-02   1.6658214e-02  -2.0941791e-01   1.8222802e-01  -2.5362118e-01  -9.4782282e-02  -8.3510935e-02  -6.1905246e-02  -2.5436990e-01  -3.9347268e-02   3.8219191e-01  -3.4321744e-01   1.0750122e-01   1.0003715e-01   2.2832093e-01  -2.4415892e-01  -2.2229264e-01   4.8867070e-01  -2.1089677e-01   3.4777089e-01  -2.4278660e-01  -1.7754383e-01  -3.2576495e-01  -2.6878049e-01   2.7365059e-02  -7.2941658e-02  -1.5735355e-01  -2.6343239e-01  -2.8909550e-02   1.7559027e-01   3.7089941e-01  -9.8610752e-02   5.0861901e-01   2.4515588e-02  -1.5689366e-02  -1.0626730e-01  -3.0738849e-01  -3.4321836e-02   3.0856349e-02  -3.6533415e-02   1.0875926e-01  -4.2025152e-03  -9.2600428e-02   5.2399278e-01   3.0432620e-01  -2.7752588e-01  -2.9379174e-01  -1.9489914e-01   3.0080443e-01   3.6244482e-03  -7.8415442e-03  -2.5253390e-01  -9.0363384e-03  -9.5553818e-02   3.7732956e-01   2.4134485e-01  -1.4031661e-01   1.0535892e-02  -1.5579289e-01   2.1488666e-01  -3.7644339e-01  -1.5926092e-01   3.3843408e-01   2.9862017e-03  -2.0332317e-01   8.7519875e-03  -2.1576041e-01   4.0823852e-01  -1.3711698e-01   2.8520273e-01   5.9888855e-01  -2.7454734e-01  -2.9067922e-01   8.7683054e-02  -4.6616567e-02   2.7074582e-02   9.3362991e-02  -1.9375954e-01   2.2837216e-02   5.6419892e-02   4.6926478e-01   4.3043738e-01  -2.3264396e-02   9.6920779e-03  -1.1495244e-01   4.4350731e-01  -1.2704711e-01  -1.9594921e-02  -8.1587650e-02   3.8335018e-01  -1.7459821e-02  -1.2344488e-01   1.8550014e-01   1.1457401e-01   3.2581700e-02  -3.9527622e-01  -1.4741993e-01   2.3969757e-01  -5.0513688e-02  -1.8669204e-01  -3.2509179e-01   2.8643752e-01   1.7176482e-01  -2.4551351e-01   2.5285360e-01  -3.1778998e-01   3.0258839e-01
