   0.0000000e+00  -2.4681468e-01   1.3199099e-01  -7.7255989e-03   1.4011393e-01   1.3905675e-01  -3.9229287e-01  -8.0795896e-02  -1.4748452e-01  -3.0304843e-01  -1.0830482e-01  -1.4599532e-01  -1.7227890e-01   7.8250491e-02  -9.0277742e-02  -1.6753658e-01   8.9263899e-02  -2.2545744e-01   1.0397792e-01   6.0781435e-02  -4.8499175e-01   7.5041414e-02  -2.8567663e-01   7.5735734e-01   7.7431120e-02   1.7082983e-01  -9.6115368e-02   3.6757400e-01   1.5596167e-01  -3.4873694e-01  -4.1719053e-01   1.0639581e-01  -2.5999197e-01  -2.1101395e-01  -1.2179536e-01  -2.1511953e-01  -2.6826737e-01   5.6925354e-01  -3.0844594e-01  -3.3095045e-01  -1.7271517e-01  -1.5273376e-01  -6.4176941e-02   1.8003767e-01  -1.3293288e-01   4.1317147e-01  -1.3869962e-01  -5.3030549e-01  -1.7154188e-01   3.1588916e-02  -9.4420799e-02   4.2246313e-02  -1.1609055e-01   1.8771722e-01   3.9493338e-01   2.0071645e-01   2.3571301e-01  -1.5287233e-01   1.6121539e-03   1.0932843e-02   1.7959130e-01  -2.2000312e-01   1.3394092e-01  -1.2251551e-01  -3.9459468e-01  -4.2540719e-01  -9.2154101e-03   1.4232477e-01  -6.4723857e-03   3.6062794e-01  -5.6046141e-01  -1.0842214e-01  -3.6241139e-02   4.1103339e-01   7.8938005e-02  -1.4559144e-01   1.8117594e-01   2.4638175e-01   2.7455485e-01  -7.1345911e-02  -2.5637865e-01  -8.2742833e-02  -3.2179894e-01   2.0278781e-01  -2.7138312e-01  -2.1075792e-01  -2.6192041e-01   4.6190120e-01   1.9979885e-01   7.9292623e-01  -2.0707081e-01   1.1400251e-01  -7.3018452e-02  -1.7482316e-01   3.3904825e-01   1.5154984e-01  -7.0373072e-03   2.9179345e-01  -1.7160728e-02  -2.7532071e-01  -2.7412296e-02  -1.2536744e-01  -2.7607496e-02  -2.2492731e-01  -5.5298324e-02  -1.2062422e-01   9.6581673e-02   1.5968827e-01  -2.8426402e-01  -2.3598731e-01  -2.9622083e-01   1.0809951e-01  -4.5919091e-02   7.5915235e-01   2.9537876e-01   1.5464525e-01   9.7355892e-02  -1.3398115e-01   4.1228655e-01  -2.4080979e-03   4.3192932e-01   2.0677625e-02  -1.3466969e-02  -2.8730745e-01   4.1933638e-01   1.8131191e-01  -5.7885736e-02   9.9431177e-02  -9.7354620e-02  -9.5474891e-02  -1.4248283e-01  -4.5321888e-01  -3.4069534e-03  -4.9550589e-01  -1.1342147e-01  -2.6539129e-01   1.1439062e-01  -7.6511068e-02  -2.0339624e-01   5.8828421e-01   4.9615600e-01  -6.7400070e-02   1.6954046e-01   2.7943371e-02  -3.7556587e-01  -3.9914564e-01  -4.4340180e-01  -2.9677791e-01  -1.2583271e-01  -4.1836703e-01   5.7147623e-01  -1.1359756e-01   5.1765570e-01   1.0247869e-01  -2.1663814e-01   7.1607378e-01   2.3767989e-01  -9.4150261e-02   1.3404861e-01   7.8045817e-02   1.3622133e-01   9.6508494e-02  -4.2857745e-01  -2.6999476e-01   4.5839071e-02   1.5595506e-01   7.7154842e-02   1.8389010e-01   4.9608177e-01  -2.2846151e-01   2.1771123e-01   3.5741589e-01  -2.5347152e-01   1.1111750e-01  -9.5102804e-02  -3.4810357e-02   1.1735548e-02
  -2.4681468e-01   0.0000000e+00   3.6083013e-01  -2.6650220e-01   3.6284982e-01   1.0972709e-01   1.6569679e-01  -1.3316415e-01   2.2606532e-01   2.4912742e-01  -3.1867320e-01   6.7685080e-01  -1.6692213e-02  -1.5221299e-01  -3.3775102e-01  -1.4781015e-01   3.9674902e-01  -2.4779742e-01   9.6006759e-02   3.9701086e-01   1.7261869e-01  -2.7981427e-01  -1.1186260e-01  -2.1578295e-01  -1.2065998e-01  -1.0744633e-01   2.3870009e-01  -1.8209368e-01  -2.5306544e-02  -9.7148569e-02  -2.6852146e-02  -2.7918888e-01   1.4337331e-01   4.9667821e-01   5.0691382e-01   1.6506064e-01   5.5498365e-01  -3.3993543e-01  -1.2361420e-01   3.3941277e-01   2.0402462e-01  -2.5959409e-02   2.9581814e-01  -1.3217391e-01   2.8254845e-02  -1.4887109e-01  -1.7184998e-01   2.4431074e-01   1.0909159e-01   3.9512242e-01  -2.0526441e-01  -4.4876256e-02   7.3368155e-01   2.8828778e-01  -3.1100982e-01  -2.5302142e-01   7.2894908e-02  -2.8216545e-01  -7.4391107e-02   5.5197143e-01  -1.3655932e-01   2.2623036e-01   8.1618893e-02  -1.3613850e-02   2.0794828e-01   2.6609994e-01   3.0854446e-01  -1.2783150e-01  -2.1020295e-01  -4.3305727e-02   3.3275629e-01  -2.9799836e-01   2.1699518e-01   9.6185523e-02   6.8070989e-04  -1.6349695e-01  -1.1365272e-01  -1.7493034e-01   4.2427786e-01  -1.5941961e-01  -3.2641855e-02  -2.1581736e-01   3.7660943e-01   6.4823173e-03   3.6267948e-01  -3.4332470e-01   4.3890870e-01  -1.9437998e-01   1.4238033e-01  -2.3047306e-01   4.5572086e-01   3.3820594e-02   5.0316285e-01   3.7167033e-03  -2.0586571e-01   3.1956061e-01  -1.5750980e-01  -3.5689804e-01  -2.1888546e-02   2.9832223e-01  -1.2597737e-01   4.3802405e-02  -2.2624375e-01   2.6187379e-01  -3.1014626e-01  -1.5366291e-01   3.3674223e-02  -2.1472021e-01   3.2351640e-01   3.0562286e-01   5.4403823e-01  -3.1687542e-01  -3.1266535e-01  -1.7035906e-01  -1.9576311e-01   3.4417635e-01  -2.4208614e-01   9.9006721e-02   9.4736579e-02  -2.4447120e-01  -1.8050636e-01   3.2644708e-01   1.7528689e-01  -5.5382242e-02  -2.4613172e-01   2.2809677e-01   2.4410053e-01  -1.0005858e-01  -2.2240421e-01   8.8132543e-02  -2.7691019e-03   1.1850470e-01   5.0160363e-01   6.5004670e-02  -2.0245949e-01  -1.3504390e-01  -1.6756269e-01  -1.9076444e-01  -1.7914159e-01  -7.8857335e-02   8.5873715e-02  -6.2626660e-02  -3.4184391e-01   9.6481895e-02  -8.4218772e-02  -1.0627271e-01   3.7407182e-01   3.2724319e-02  -9.3956668e-02   2.9983915e-01  -1.0571402e-01  -7.7057211e-02  -9.5576693e-02  -9.7798405e-02   5.2936379e-01  -1.8808332e-01  -5.7267026e-02   1.6439532e-02   9.5120982e-04  -2.8177015e-01  -2.3357422e-03  -3.6696629e-01   2.5273347e-01  -2.7572301e-01  -2.4709355e-01   2.9868561e-01   8.9660521e-02   7.2857801e-02  -1.2310744e-01   6.0341134e-01   3.8092593e-01  -3.6130685e-02  -1.3882872e-01   1.2778003e-01   6.9669907e-02  -3.8507868e-02  -2.0023613e-01
   1.3199099e-01   3.6083013e-01   0.0000000e+00  -1.1757909e-01   3.2596818e-01   4.3667847e-01  -3.2812368e-01  -2.0150851e-01  -1.7532933e-01  -7.7929252e-02  -7.3170125e-01   4.1461629e-01  -2.2866469e-01  -3.5347041e-02  -3.1749777e-01   1.4469343e-01   8.9865602e-01  -6.6282175e-01   2.6491335e-01   3.8567885e-01  -1.1927872e-01  -4.9557582e-02  -3.0639444e-01   3.0132043e-01   1.0564043e-01  -1.7509439e-01   2.2809137e-01  -1.7095148e-01   8.5294523e-02  -3.1155000e-01  -3.1811672e-01  -1.6962425e-01   3.1906540e-01   3.0961263e-01   2.5663715e-01  -1.5208772e-02  -1.9714680e-01   8.1588654e-03  -2.6360643e-01   4.0502292e-01  -3.3667827e-01   1.3377454e-01   3.2566409e-01  -1.7011117e-01  -2.3130374e-01   1.1598568e-01  -5.3042114e-01  -4.4956552e-01  -1.1284236e-01   7.2053203e-01  -4.6674144e-01  -2.8891343e-01   2.5783144e-01   4.5993595e-01   8.0646924e-03  -3.5563029e-01   1.8638501e-01  -4.0141645e-01  -3.8838995e-01   6.2132465e-01   1.9635528e-01   4.4165693e-02   2.8731656e-01  -3.9228618e-01  -4.1972888e-01  -3.7305938e-01   4.5928049e-01  -4.6978747e-02  -9.4648774e-02   5.7622145e-01  -1.9839288e-01  -5.5584421e-01  -1.8295086e-01   5.5140363e-01  -1.0065905e-01  -3.3138611e-02  -1.1670630e-01  -7.3272678e-02   4.2243844e-01  -2.2725308e-01  -4.7349533e-01  -3.8557282e-01  -1.7417181e-01   1.9397000e-01   2.6707334e-01  -3.3564718e-01   8.1588164e-02   2.4270598e-01   3.4053134e-01   2.3558968e-01   2.8985012e-01   3.5548587e-01   3.4187819e-01  -2.1697624e-01  -1.2948469e-01   6.4001415e-01  -1.1778223e-01  -2.6762242e-01  -2.4740508e-01  -5.9728710e-02  -8.0027784e-02  -4.0512149e-01   1.4863929e-01  -2.7770294e-03  -6.0784947e-01  -2.3853412e-01   2.6652543e-01  -1.3555887e-01  -9.0456399e-02  -1.0534510e-01   2.1375158e-01  -8.3741688e-02  -2.7900496e-01   2.9627039e-01   1.3852113e-02   2.6400374e-01  -1.5051872e-01  -3.2070029e-01   3.4679429e-01  -2.3216627e-01   7.0775543e-02   3.8221276e-01   4.3198484e-01  -5.7536019e-01  -1.0531460e-01   4.9473377e-01   5.4135503e-03  -8.2988065e-03  -3.3682949e-01   4.6081271e-01   9.9765389e-02  -4.4887769e-01   2.5453052e-01  -4.6238376e-01  -2.6035170e-01  -2.0837988e-01  -3.3306581e-02  -3.3274392e-01  -7.0415119e-02   1.2522083e-01   3.9886591e-01   1.2993125e-01  -4.4948828e-01   1.8011149e-01  -2.7651793e-01  -4.8559982e-01   1.0553950e-01  -4.2393327e-01  -4.3068273e-01  -3.8295273e-01   2.9102243e-01  -3.3756866e-01   2.0861085e-01  -2.4081443e-01   6.5144112e-01   1.7444354e-01   1.0019090e-01  -3.4239212e-01   3.9706853e-01  -1.4191475e-01   1.4886714e-01  -4.2376651e-01  -3.2195615e-01  -5.8284726e-01  -1.1252204e-01   3.2273534e-01   8.8976728e-02   4.3925396e-01   2.3753497e-01   3.3394244e-01   3.6944985e-01  -9.1714424e-03  -6.0873804e-01   2.7759254e-01  -1.7267687e-02  -3.4306447e-02  -1.2222653e-01
  -7.7255989e-03  -2.6650220e-01  -1.1757909e-01   0.0000000e+00  -8.4924183e-02   2.3066875e-01  -1.5815031e-01   2.7142644e-01  -3.8932869e-02  -1.8361850e-01  -2.7262042e-03  -2.3062819e-01   2.4241498e-01  -6.1779405e-02   1.4462653e-01   2.6450451e-03  -1.1755792e-01   5.2172294e-02   6.9863630e-02  -2.5549398e-02   1.4551757e-01   4.8619509e-01  -3.3395795e-02  -1.1493171e-01  -1.5412652e-02   1.3744584e-01   3.4510305e-01  -2.5514911e-01  -2.7316684e-01   2.6569506e-01  -1.0113306e-01   4.2822114e-01  -3.2839036e-02  -9.4069634e-03   7.6598634e-02   1.4967962e-01   1.3889308e-02   5.3871734e-02  -9.1111410e-02   1.5676084e-01   6.2543299e-02  -8.5344733e-02  -2.1092144e-02   2.5071043e-02   4.0014691e-01  -2.7880817e-01   2.1501985e-01  -8.7568687e-02   2.9911956e-01  -3.0767304e-02   2.0804079e-01   1.9157326e-01  -2.6848102e-01   3.3684656e-02  -6.1560169e-02  -1.4476896e-01  -3.8084589e-02   4.1422681e-01   4.3354641e-01   2.3248911e-02   1.0483741e-02   2.6205375e-01   1.3108592e-01  -1.2898760e-01  -7.5899875e-02  -5.6702731e-02   2.3151577e-01  -2.3014710e-02   4.1625061e-01  -1.8880032e-01  -2.2726537e-01   5.9344436e-01  -7.4484204e-02  -3.2976915e-01  -2.0368710e-01   3.1564924e-01  -1.2348003e-02   3.3129415e-01  -1.0742276e-02   3.8372565e-01  -2.4812430e-01   1.6150518e-01  -1.6853274e-01   1.2986834e-01  -3.0625142e-01   3.1582054e-01  -9.2920638e-02  -1.5500484e-01  -5.9132136e-02  -7.9629844e-02   7.0884052e-02   4.6893613e-03  -6.4153328e-02   3.3426124e-01  -2.8420703e-02  -6.5465011e-02   1.4689442e-01   4.4285184e-01   1.7128601e-01  -1.9728654e-01  -3.3165353e-01   1.5518076e-01   2.4742942e-01   1.1628558e-01   2.6265002e-01   4.6503020e-01  -1.3231994e-01   5.5716152e-01   2.1260095e-01   1.9126974e-02  -2.2932846e-01   4.2752908e-01   3.8494091e-01  -1.2993314e-01  -4.2044129e-01  -6.9903773e-02   6.6799064e-02  -1.8071055e-01  -1.7446708e-01   7.8595489e-01  -1.7099481e-01   1.1061845e-02   2.2894833e-01  -2.0200051e-01  -2.4336223e-01   2.0067311e-01   8.8491549e-02   1.1909149e-01   5.9415290e-01   1.2726585e-02  -8.7492955e-02  -1.6485690e-01   1.6668367e-01  -2.1253697e-01   6.0765288e-01   1.8953843e-01   5.4319856e-02  -2.4018297e-01   2.4486681e-01  -5.6094231e-02  -1.7540287e-01  -8.9691293e-02   1.9644381e-01  -2.6691713e-01  -1.3867828e-01  -1.6788649e-01  -2.9850729e-01   1.0736553e-01   2.2908060e-01  -2.8782664e-01  -2.8915984e-01  -1.6522286e-01  -2.3569286e-01   1.1976788e-01  -2.6383976e-02   1.1878082e-01  -1.7124384e-01   3.8787708e-01  -4.9631396e-02   1.5513573e-01   9.8773814e-02   3.6876444e-01  -1.9514661e-01   2.5337268e-01   3.7203072e-01   1.4082542e-01   2.3993366e-01  -1.9421290e-03  -3.0268010e-01  -3.8162568e-02   1.5542147e-01  -6.9528997e-03   2.0004946e-01   2.2606648e-03   1.2025883e-02  -2.8307406e-01   4.6252333e-01
   1.4011393e-01   3.6284982e-01   3.2596818e-01  -8.4924183e-02   0.0000000e+00   2.4594024e-01  -4.9832316e-01  -4.3026879e-01  -4.7433003e-02  -3.2208912e-01  -2.8112909e-01   2.8730142e-01   6.9883541e-02   4.6878583e-02  -4.5092005e-01  -5.0323961e-02   4.1781474e-01  -4.8190376e-01   2.2563716e-01   8.4089772e-01  -6.0762843e-02  -2.2049161e-01  -4.0673795e-01   2.7305182e-01   2.9724758e-02  -2.0426436e-01   3.8652532e-01   8.2359529e-03   2.9119241e-01  -3.3361536e-01  -3.8884457e-01  -2.9695234e-01   3.4917930e-01   1.4782222e-01   2.5707742e-01   3.1809203e-01   1.6033438e-01   1.4180193e-01  -9.9802564e-02   1.9428102e-01   8.5149895e-02   2.2702548e-01   2.9653030e-01   9.2020876e-02   6.5942225e-02  -1.1357790e-01  -1.4759705e-01  -3.8807854e-01   2.2211800e-01   5.3861546e-01  -3.2914966e-01  -1.5817963e-01   4.6152950e-01   3.5404695e-01  -9.5048500e-02  -4.3377618e-02   1.1495134e-01  -3.7113436e-01  -9.2352915e-02   5.0607629e-01   1.4546559e-01   3.3248945e-01   4.4072884e-01  -1.1119955e-01  -1.7758865e-01  -2.4088692e-01   4.0688752e-01   5.9350392e-02  -1.5295934e-01   4.8075581e-02  -2.7584462e-01  -1.3920215e-01   2.2139410e-01   1.5284337e-01   1.8036067e-01  -2.5455284e-01  -1.0180590e-01  -4.4464765e-02   6.3360024e-01   1.8128296e-01  -4.2762458e-01   5.4419779e-02   1.0339038e-01  -2.8676292e-02   1.0006176e-02  -3.6629862e-01   1.0432909e-01   1.4933827e-03   5.7380911e-01   2.1528267e-01   5.6532624e-01   1.5488424e-01   4.2642863e-01  -1.1310966e-01  -1.3807228e-01   4.3432443e-01   3.6448148e-01   3.0454514e-02   3.5614773e-01  -2.8950464e-01  -2.5491757e-01   8.6655658e-02  -9.0941033e-02  -1.3202517e-02  -5.8427659e-01  -4.6699480e-01   3.2634113e-01  -1.0090797e-02  -3.8311555e-02   6.9546479e-02   2.6957257e-03  -1.6723482e-01   8.7193908e-02   1.7148937e-01  -1.6803916e-01   6.1314045e-01   4.4638778e-02   2.0078309e-01   2.6103115e-01  -1.0421250e-01  -1.1279832e-01   7.4991467e-01   2.9419934e-01  -3.6677087e-01  -1.7900393e-01   3.7304059e-01  -6.2910639e-02   2.0913742e-01  -3.9928595e-01  -3.0200418e-02   5.5419434e-02  -2.8210245e-01   3.1577656e-01  -3.6321177e-01  -1.3062360e-01  -3.9637228e-01   2.3563575e-01  -2.5620369e-01  -2.7916897e-01   1.3621542e-01   2.5581807e-01  -1.5377184e-01  -2.3801089e-01  -1.1566262e-02  -4.7465340e-01  -4.0308896e-01  -2.8800357e-01  -3.9484176e-02  -2.6155864e-01  -3.6148060e-01   2.2791543e-01  -3.3563906e-01   7.0485577e-02   3.5207261e-01   5.0401369e-01   3.0642678e-01  -5.4558766e-02  -1.7167423e-02   2.2212003e-01  -2.5792624e-01   5.2285981e-01  -2.0557411e-01  -1.5095259e-01  -5.2577966e-01  -2.4825451e-01   6.5469302e-01   2.2371211e-01   2.3508505e-01  -6.9153668e-03   4.5095292e-01   5.3163756e-01   9.2927961e-02  -1.3855675e-02   2.8740644e-01   1.4852708e-01   7.3217005e-02  -3.4988399e-01
   1.3905675e-01   1.0972709e-01   4.3667847e-01   2.3066875e-01   2.4594024e-01   0.0000000e+00  -3.7573832e-01   7.0217049e-02  -4.7026326e-01  -1.8942976e-01  -5.1613245e-01   9.3144522e-02  -1.7253299e-01   1.2637045e-01  -5.3051212e-02   4.7827506e-02   3.1351968e-01  -3.7248835e-01   2.3348744e-01   1.6579384e-01   7.8623722e-02   3.9679334e-01  -3.2504259e-01   1.8169452e-01  -5.8154091e-02  -8.4895569e-02   4.1845601e-01  -1.9381970e-01  -1.2354814e-01   9.5011535e-02  -3.6601319e-01   3.1944199e-01  -6.4892582e-02   3.3298427e-01   1.6789148e-01  -1.1623975e-01  -1.1720627e-01  -4.6144900e-02  -2.1841758e-01   1.4442024e-01  -1.0217837e-01  -1.4528014e-01  -1.0479720e-01   2.8747882e-02   1.0475225e-01   2.2589754e-02  -5.2826647e-02  -3.5030100e-01   1.4462847e-01   2.0193587e-01  -8.2642204e-02  -6.2469375e-02   2.5638669e-01   2.2762299e-01   4.2460811e-02  -7.8025034e-02   3.7141501e-01  -2.4307825e-02   1.0448125e-01   2.3816294e-01   1.5510737e-01   2.0752683e-01   5.8608341e-02  -3.9781465e-01  -4.4781503e-01  -2.6046506e-01   7.8927119e-01  -1.2022013e-01   5.5708669e-01   2.4843658e-01  -5.0976609e-01  -1.0012447e-01  -2.2471343e-01   2.1446532e-01  -3.4420306e-01   2.0596947e-01  -6.1423098e-02   1.2377747e-01   3.9112920e-01  -2.1913934e-03  -4.8069023e-01  -3.0900791e-01  -1.4096020e-01   3.3490052e-01   7.5430575e-03  -3.2700948e-02  -5.7797946e-02   6.6447729e-02   1.3584880e-02   2.3172184e-01   2.6941282e-01   7.6834384e-02   4.3296234e-01  -3.4176493e-01  -8.3601523e-02   3.3895039e-01   3.1846475e-02  -1.7825815e-03   6.8140426e-02  -1.2138374e-01  -2.9775265e-01  -5.5308216e-02   4.8935967e-01  -1.5024629e-01  -1.4714582e-01   9.3616843e-02  -8.6009648e-02   3.6223713e-01  -1.4462773e-01   3.4654110e-01  -5.1596371e-02   4.8030804e-01  -1.5997619e-02   2.5729634e-01  -2.0166272e-01   2.6709711e-01  -9.2064169e-03  -2.5834390e-01   5.4849527e-01   3.1386797e-01  -1.2570794e-01   2.3774312e-01   1.8895581e-01  -5.8069614e-01  -1.0831173e-01   4.9610152e-01   1.6454573e-01  -3.1444527e-02   1.7535087e-01   1.4581927e-01  -2.2542616e-01  -3.6144092e-01   1.9853409e-01  -5.8974579e-01  -7.2961672e-02   1.2520634e-02   6.4005006e-02  -2.7766825e-01   2.8526003e-01   8.0816528e-02   2.7241055e-01  -3.2789719e-01  -2.4303922e-01   2.3729436e-01  -5.1636007e-01  -4.0672459e-01  -2.8060880e-01  -1.3806874e-01   2.1679029e-01  -3.8851583e-01   3.0429339e-01  -2.1894339e-01   5.3524264e-02  -1.4070809e-01   2.2471141e-01   2.4275515e-01  -1.5558003e-01  -2.6571245e-02   2.0440038e-02   3.5755385e-01   1.1134439e-01  -2.8455316e-01  -4.1232610e-01  -2.3026376e-01   1.7897384e-01   2.6420245e-01   2.7681557e-01   6.3083496e-01   8.9418552e-02   3.2090856e-01   4.8282360e-01  -2.3767587e-03  -3.5005998e-01   7.1542888e-01   6.5467810e-02  -2.6864543e-01   2.0251844e-01
  -3.9229287e-01   1.6569679e-01  -3.2812368e-01  -1.5815031e-01  -4.9832316e-01  -3.7573832e-01   0.0000000e+00   3.0048111e-01   2.6257603e-01   5.2101953e-01   2.2705202e-01   2.4253451e-01   5.4089443e-02  -2.0795906e-01   3.4785156e-01   1.1683161e-01  -3.4366330e-01   4.5568564e-01  -3.8247891e-01  -3.7813454e-01   2.2764421e-01  -1.9012460e-01   7.5021449e-01  -5.0867802e-01  -1.6233127e-01  -6.4989162e-02  -6.3847542e-02  -1.3910073e-01  -2.7271647e-01   3.5427014e-01   4.2579356e-01  -1.2477001e-01  -2.3672736e-02   1.6963328e-01   1.2878122e-01   1.4934811e-01   2.4856627e-01  -3.6415574e-01   2.5742270e-01   1.4573571e-01   1.3843845e-01  -4.8744200e-02  -1.1372625e-01  -2.0475196e-01  -3.6399499e-02  -2.2675770e-01   5.0368609e-02   7.5203333e-01  -2.5578177e-01  -3.2492030e-01   1.3154262e-01   1.0149425e-01  -6.9090747e-02  -3.8510520e-01  -2.0946678e-01  -7.6794670e-02  -2.9189192e-01   2.5570403e-01   6.8937158e-02  -2.4155885e-01  -4.8409856e-01  -2.3138991e-01  -4.2507876e-01   3.3445674e-01   3.9238929e-01   7.4127068e-01  -2.9386998e-01  -1.2760501e-01  -1.5897128e-01  -2.3829550e-01   7.3694464e-01   5.5705730e-02   1.3741877e-01  -3.9305173e-01  -1.5389374e-01   1.1029927e-01  -9.4834582e-02  -1.5589901e-01  -4.9113314e-01  -1.5194219e-01   6.9617089e-01   4.5217476e-02   2.8875643e-01  -1.1734552e-01   4.3421791e-02   2.1766169e-01   2.1741526e-01  -2.8941344e-01  -4.3498311e-01  -5.1732020e-01  -2.4465056e-01  -4.2484977e-01  -1.1090855e-01   2.5553325e-01  -1.7452710e-01  -3.4942605e-01  -2.0401941e-01  -2.0179302e-01  -2.2766440e-01   5.0983854e-01   8.5757762e-02   2.6690946e-01  -2.2489983e-01   2.3104857e-01   3.5407041e-01   1.5196126e-01  -2.1649318e-01  -1.9746329e-01   4.6034052e-01   1.0511411e-01   4.9565895e-01  -8.6145839e-02  -1.3671001e-01  -5.3350508e-01   1.0857707e-02  -3.5159265e-01  -2.1776888e-01   1.8218307e-01  -4.4027409e-01  -2.1188333e-01  -1.4970028e-01  -3.5966666e-01  -2.4045319e-01   5.3988282e-01  -9.5734519e-02  -3.4595573e-01   1.6415859e-01  -2.2729820e-01   1.9969455e-02   4.9647691e-02   6.8710027e-02   7.2058296e-01  -2.8353544e-01   6.2821100e-01  -4.9525511e-02   4.2087732e-01  -3.0695074e-01   1.4176098e-01   1.2410866e-01  -1.9027920e-01  -2.9058074e-01   1.3387379e-01   1.0432402e-01   8.5202176e-02   6.7787171e-01   4.2106357e-01   7.5568801e-01   2.1082187e-01   2.7948894e-01   6.5590022e-01  -4.8949053e-01   3.4824167e-01  -3.2023780e-01  -9.0286955e-02  -1.5467415e-01  -4.9150212e-01  -8.9775535e-02   3.1489711e-02  -3.9699901e-01   8.5684180e-02  -3.2967010e-01   1.2752376e-01   6.0241849e-01   3.4797839e-01  -2.7807406e-02  -2.5847058e-01  -7.2699971e-02  -4.1200063e-01  -3.3276407e-01   5.3263626e-02  -3.2574737e-01  -1.4258686e-01   1.3713385e-01  -3.9444519e-01  -1.2887416e-01   3.4311217e-03   7.3959807e-02
  -8.0795896e-02  -1.3316415e-01  -2.0150851e-01   2.7142644e-01  -4.3026879e-01   7.0217049e-02   3.0048111e-01   0.0000000e+00   5.4207738e-02   2.4017935e-01   1.6022547e-01  -1.3519284e-02  -1.0139314e-02   8.5120870e-02   2.8024271e-01   1.6886354e-01  -2.9160859e-01   2.5030518e-01   1.3717024e-02  -3.6508988e-01   2.5618248e-02   4.3589972e-01   1.8362629e-01  -1.4771171e-01   2.7723169e-02   6.2163491e-01   8.9044217e-02  -6.6273557e-03  -1.9985480e-01   2.4842161e-01   7.6535895e-02   5.7400697e-01  -1.2914188e-01   1.7739135e-01  -1.9033163e-02  -2.5432440e-01  -1.7860777e-01   4.3870525e-02   5.6500882e-02  -9.1263780e-04  -6.7423562e-02  -6.7841157e-02   7.6256408e-02   8.6573963e-02   1.7588329e-01  -1.6134674e-01   1.2852702e-01   1.1880888e-01  -1.0889817e-01  -2.6327955e-01   2.5944252e-01   7.2143665e-01  -7.1111523e-02  -1.8722780e-01  -3.8291654e-02   3.0562121e-02   1.7721838e-01   6.2067046e-01   3.1600699e-01  -1.6457083e-01  -1.0764729e-01  -6.2085532e-02  -4.7246239e-02   2.2223986e-01   2.0035363e-02   1.4904529e-01  -1.3205780e-01  -5.0590138e-02   5.7618467e-01  -3.1252689e-01   3.8819429e-02   2.9168102e-01  -1.9666951e-02  -3.3400013e-01  -1.5908227e-02   3.2796472e-01   7.0505259e-02   2.4120378e-01  -2.6538290e-01   2.2961136e-01   2.9959542e-01   2.9997885e-02  -7.2592324e-02   5.9318433e-01  -2.4861305e-01   3.4577699e-01   4.0876278e-02  -2.6311559e-01  -2.5780977e-01  -1.4264085e-01  -4.4034211e-01  -2.6628356e-01  -5.4672043e-02   2.4209713e-01   8.4834752e-02  -3.3971610e-01   1.9570583e-02   1.7505180e-01   5.2760083e-03   2.2287555e-01  -2.2138531e-01   3.0664655e-01   6.1703447e-02   8.8949214e-02   4.3113204e-01   5.8668005e-01  -4.5713704e-01   4.3604487e-01  -2.6284004e-03  -2.7223270e-02   3.0665523e-02   2.6001653e-01   1.2488102e-01  -1.7042747e-01  -1.4375219e-01   1.8840762e-02   8.7611089e-03   9.0887100e-03  -2.1972043e-01   3.8986933e-01  -9.4061811e-02  -3.6184097e-01  -1.2868091e-01   1.0869429e-01  -1.6493542e-02  -1.1636887e-01   7.4859079e-02  -4.3083299e-02   5.1336894e-01  -2.0105684e-01   9.8721028e-03   2.5187085e-01  -5.3776139e-02   3.9263334e-02   3.8764038e-01   4.9108428e-01  -7.6888508e-03  -4.2962603e-02   3.9601203e-01   1.5350731e-01  -1.0097180e-01  -1.8253367e-01   1.4280234e-01  -4.5358392e-02   1.2578569e-01   6.8399020e-02   2.3788099e-02  -1.4200609e-02   3.1775089e-01   2.3165390e-01  -3.1421260e-01   2.8868175e-01  -2.2384506e-01  -1.5291535e-01  -2.5436758e-01  -1.0609392e-01  -1.9061535e-02   3.1154170e-01  -2.6422335e-01   2.6540096e-01  -1.4420235e-01   2.2075859e-01   2.8181261e-02   2.8821576e-01   6.5058441e-01  -5.5637434e-02  -1.3226515e-02   2.3087875e-02  -1.8764559e-01  -6.4742008e-02   5.4390699e-02  -1.6692464e-02   4.8520590e-02  -8.2993011e-02  -1.6565673e-01  -2.1495101e-01   5.6590840e-01
  -1.4748452e-01   2.2606532e-01  -1.7532933e-01  -3.8932869e-02  -4.7433003e-02  -4.7026326e-01   2.6257603e-01   5.4207738e-02   0.0000000e+00   9.9176657e-02   2.6806465e-01   8.9796923e-02   2.5085054e-01   3.3808637e-02   1.2543589e-02  -1.4125381e-01  -1.1071980e-01   1.2742668e-01  -1.7985677e-01  -5.7374569e-02   8.9494194e-02  -2.0624939e-01   1.1522545e-01  -3.2055478e-01  -9.7849786e-02   1.0657973e-01   1.2373941e-01  -8.3858108e-02  -1.2219837e-01  -6.2155489e-02   3.9557589e-01  -2.8366012e-01   4.0338029e-02   1.1326920e-01   3.9416088e-01   1.1897644e-01   2.5137104e-01   3.4320046e-02   1.5035084e-02   2.7130868e-01   2.8412021e-01   4.8740003e-02   5.0219374e-01  -1.7009884e-01   1.5124586e-01  -3.1831301e-01   7.0592818e-02   1.5594906e-01   2.0521251e-01   1.5010666e-01  -5.9132122e-02   9.3087599e-02   1.8347079e-01  -4.1005852e-02  -7.9975797e-02  -2.0401095e-01  -1.0535334e-01   1.1546924e-01   2.2851624e-02   1.8208544e-01  -8.4021279e-02   2.5861843e-01   5.0403714e-01   4.6441999e-01   5.9707749e-01   1.7835070e-01  -2.5138331e-01  -2.7820454e-02  -2.9790575e-01  -3.6526921e-01   4.7240968e-01   2.1707148e-01   2.0182808e-01  -2.3691479e-01   9.3683159e-02  -2.1139297e-01  -7.1899229e-02  -1.2729594e-01  -7.3164078e-02   9.6778328e-02   2.0930470e-01   3.1025696e-01   2.0836300e-01  -1.4354374e-01  -4.4480370e-02  -1.1650187e-01   6.0697366e-01  -1.9630750e-01   2.6968215e-01  -2.9300777e-01  -2.7080967e-02  -8.1535830e-02  -1.5714326e-01   4.9856969e-01  -7.2568279e-02  -8.6543759e-02   1.2382558e-01  -8.1799163e-02   1.9092238e-01   2.0164547e-01  -3.5834055e-02   6.5059590e-02  -3.9578581e-01   6.2002249e-01  -9.6248068e-02  -1.2090444e-01  -2.1518467e-03  -2.0096255e-01   2.3423365e-01  -2.1912303e-01   1.6761959e-01  -4.0014515e-01   1.0468871e-01  -3.6189271e-01  -2.0979647e-01   8.2559304e-02  -2.4638945e-01   1.9926415e-01  -5.2283460e-01  -4.0670028e-02  -2.3891736e-01  -1.8686102e-01   7.5550306e-02   4.9739831e-01  -2.7106508e-01  -1.3166215e-01  -1.6960580e-01   1.3217965e-01   6.8318187e-02  -1.6091799e-01  -5.0477624e-02   3.5781140e-01   2.8812750e-01   4.9711797e-01   3.1673383e-01   6.2999219e-02   8.2970227e-02  -7.4051840e-02  -1.6809777e-01  -1.1088112e-01  -3.3987311e-01   1.1598665e-01  -3.6818870e-02  -3.9159811e-01   2.2582901e-01   1.8039100e-01   2.7544259e-01   1.1351609e-01  -1.5803515e-01   3.7206010e-01  -4.5301047e-01  -9.0355325e-02  -3.3040918e-01   1.4159649e-01   2.3537752e-01  -6.9515685e-02  -1.0387204e-01   1.5079914e-01  -7.3305123e-02  -3.9036435e-01   7.3748765e-02   1.0446948e-01   3.8773545e-01   2.6634199e-01  -8.2078740e-02  -1.4117679e-02  -2.2654494e-01  -4.7319530e-01  -3.2974769e-01  -9.2358516e-03  -1.0437117e-01   3.4088179e-02   3.2963836e-01  -4.3519494e-01  -1.0319180e-01   3.9910648e-02   6.5615169e-02
  -3.0304843e-01   2.4912742e-01  -7.7929252e-02  -1.8361850e-01  -3.2208912e-01  -1.8942976e-01   5.2101953e-01   2.4017935e-01   9.9176657e-02   0.0000000e+00   9.1271857e-02   3.0843428e-01  -1.3756172e-01  -2.1259617e-02   1.3942982e-01   9.0732171e-02  -1.9151360e-01   1.8521068e-01  -9.8414599e-02  -2.3837122e-01   2.8255928e-01   1.2666652e-02   3.8501987e-01  -2.9076165e-01  -5.1945365e-02   2.3220305e-01  -1.8464016e-01  -9.5593945e-02  -6.3777274e-02   1.8103106e-01   3.3155802e-01   8.5087212e-02  -3.5422318e-03   4.2083203e-01   2.9168513e-02  -1.6886931e-02  -4.7891189e-03  -2.2726879e-01   1.8005645e-01  -2.2149693e-03  -5.6915534e-02   3.2524699e-02   3.4425292e-02  -6.3986900e-02   7.4190833e-02  -7.3980153e-02  -2.2082516e-02   4.3325791e-01  -8.6160411e-02  -1.7527811e-01   1.1397007e-01   1.5468981e-01   2.9830051e-01  -4.9872402e-02  -2.5178694e-01  -6.6938330e-02   3.0063125e-03   2.2719138e-01  -4.2022856e-02  -1.9491964e-01  -3.0963779e-01  -1.0442643e-01  -3.4063853e-01   1.0128979e-01   4.0931597e-01   4.2344936e-01  -2.3988518e-01  -1.1506626e-01   7.9702519e-02  -1.9567061e-01   3.5278052e-01  -1.2733873e-01   1.2410164e-01  -1.8130640e-01   1.4356497e-01   9.0494995e-02  -4.8975363e-02   2.7221036e-02  -1.7076833e-01  -6.1278546e-02   3.1276027e-01   1.3124331e-01   2.4315171e-01   1.3117063e-01   9.8618702e-02   4.6342938e-02   1.0531384e-01  -2.2118003e-01  -2.7709006e-01  -3.0857319e-01  -3.0313839e-01  -1.1215456e-01   2.2764555e-02  -7.5672135e-02  -1.5531315e-01  -3.3406903e-01  -1.6815475e-01  -2.2238955e-01  -1.3797101e-01   6.8969603e-01   3.7016858e-02   1.3948617e-01   3.7666295e-02  -1.2753563e-01   2.0849389e-01   1.9767530e-01  -7.5707027e-02  -8.4360372e-02  -1.8490535e-02   4.2056892e-02   5.0620502e-01   4.4499380e-02  -1.1094051e-01  -2.5815934e-01  -3.5231941e-02   3.9316955e-02  -8.6052056e-02   1.4613192e-01  -1.4937170e-01  -1.9646837e-01  -1.2933592e-01  -4.2056131e-01  -2.0013341e-01   2.7736742e-01  -8.0661016e-02  -2.2430735e-01   2.7729450e-01  -1.1821128e-01   6.4387236e-02  -1.6131841e-01   1.4823606e-01   5.3021339e-01  -5.8164009e-02   3.4112915e-01  -3.4188006e-02   1.6678165e-01  -2.2931614e-01   1.2057310e-01   1.3387204e-01  -8.9010135e-02  -1.4895351e-01   3.2571152e-02  -6.2528938e-02   6.6907702e-03   5.7673908e-01   3.6788279e-01   3.4356383e-01  -3.9271746e-02   4.5883862e-02   6.1159632e-01  -2.2787446e-01   2.5789203e-01  -1.2333378e-01  -1.7831096e-01  -4.5881208e-02  -3.2248514e-01  -8.1910846e-02  -9.6182869e-02  -9.7395209e-02   1.1618647e-01  -1.1988345e-01  -1.2380894e-01   3.6549166e-01   1.8921847e-01   8.3004993e-02  -1.4001292e-01  -6.8977599e-02  -6.4320277e-02  -1.4301562e-01   9.8687285e-02  -6.2311315e-02  -1.4946334e-01   1.2422945e-02  -1.8439834e-01  -1.1637773e-01  -1.0114379e-01   6.5997240e-02
  -1.0830482e-01  -3.1867320e-01  -7.3170125e-01  -2.7262042e-03  -2.8112909e-01  -5.1613245e-01   2.2705202e-01   1.6022547e-01   2.6806465e-01   9.1271857e-02   0.0000000e+00  -3.3385527e-01   1.7664951e-01   2.0352533e-01   1.9309278e-01  -1.5242501e-01  -6.6700084e-01   7.4657299e-01  -2.1709602e-01  -2.3914752e-01  -6.9960649e-02  -6.6645923e-02   1.5240854e-01  -2.4318922e-01  -4.6839623e-02   2.3691121e-01  -3.3414024e-01   2.4000095e-01  -3.4162553e-02   3.0339975e-01   2.9067657e-01   4.0283257e-02  -2.6697629e-01  -3.2396290e-01  -3.1504818e-01   1.0876861e-01   1.4656301e-01   2.3448776e-02   2.5359342e-01  -4.1287457e-01   3.7913804e-01   1.3443084e-02  -1.2342054e-01   4.5876361e-01   1.3541351e-01  -9.8076517e-03   6.4647545e-01   3.8389860e-01   2.2199535e-02  -6.6025105e-01   5.0018649e-01   3.9807597e-01  -2.3651094e-01  -3.4750685e-01  -6.6607520e-03   5.4335429e-01  -1.4985554e-01   2.8853644e-01   3.4050675e-01  -4.0941834e-01  -3.7312827e-02  -1.0485260e-01  -1.3486366e-01   6.9574565e-01   4.4289225e-01   3.0704589e-01  -5.1818242e-01   2.3224455e-01  -4.3372087e-02  -5.0436876e-01   2.6030372e-01   5.2575384e-01   3.8280839e-01  -3.1764111e-01   2.5789832e-01  -2.0251111e-01   2.8113334e-01  -2.4968572e-03  -4.8563579e-01   2.7719694e-01   5.2895550e-01   4.1834333e-01   3.3543518e-01  -1.0441467e-01  -7.3118675e-02   1.0219780e-01   3.3567845e-02  -1.5942190e-01  -1.8315995e-01  -2.6280436e-01  -3.3396305e-01  -1.8328397e-01  -1.6121923e-01   3.5817430e-01   2.2350462e-01  -6.6819933e-01   1.6482235e-01   2.0432585e-01   3.0748053e-01  -4.4016167e-02   1.3656348e-01   4.6859522e-01  -3.0682400e-01   9.3314291e-02   5.0995332e-01   1.4236837e-01  -1.8189941e-03   2.5732226e-02   4.9899531e-02   1.7144801e-01  -6.3941401e-02  -1.4256918e-01   3.5128939e-01  -2.6155164e-01   6.0347702e-02  -2.7587535e-01   3.4767420e-01   4.3846430e-01  -3.5877846e-01   1.0162978e-01   8.9310669e-03  -3.5172447e-01  -2.4848124e-01   6.7464056e-01   2.1534350e-01  -4.2391650e-01  -1.1690728e-01   1.2369275e-01   5.1522582e-02  -4.5531191e-01   9.4050784e-02   4.8325409e-01  -2.8172322e-01   5.9000586e-01   2.4532788e-01   3.6841458e-02  -3.8449687e-02   4.0764697e-01  -1.5767343e-01  -3.3614135e-02  -3.0381587e-01   1.8298714e-02   5.4635440e-01  -1.3833730e-01   2.9013061e-01   5.5782683e-01  -6.5241274e-02   5.5090705e-01   3.5608447e-01   2.3521818e-01  -2.8826728e-01   3.1199462e-01  -1.2083165e-01   3.1058909e-01  -4.8621268e-01  -2.3230295e-01   1.0493110e-01   3.0442863e-01  -1.7547598e-01  -8.0242025e-02  -6.6310700e-03   4.9630791e-01   4.6529995e-01   5.9870027e-01   6.2845396e-02  -2.5884071e-01  -1.4036549e-01  -4.4852170e-01  -7.8178257e-02  -2.3883909e-01  -4.4893659e-01   7.6252301e-02   7.1884725e-01  -2.9328780e-01   2.4591823e-02   2.1574853e-01   7.9600624e-03
  -1.4599532e-01   6.7685080e-01   4.1461629e-01  -2.3062819e-01   2.8730142e-01   9.3144522e-02   2.4253451e-01  -1.3519284e-02   8.9796923e-02   3.0843428e-01  -3.3385527e-01   0.0000000e+00  -1.3509617e-01  -1.2930254e-01  -3.0004621e-01   1.9271195e-01   2.9840230e-01  -3.2772474e-01  -1.2005640e-02   4.1398002e-01  -8.9508797e-02  -3.1523588e-01  -5.2818734e-02  -8.5111987e-02  -9.3680251e-02  -3.2551204e-02   2.3060283e-01  -6.3176761e-02   2.3506686e-02  -2.5593565e-01  -2.7531262e-01  -2.4524750e-01   1.5917619e-01   5.9331498e-01   5.7640748e-01   1.7359996e-01   4.0208924e-01  -2.7388896e-01   1.2507175e-02   4.0122496e-01  -5.8779824e-02   1.0416364e-01   3.4069377e-01   7.0219493e-03  -6.6028188e-02  -2.6329850e-01  -2.9118717e-01   5.3892141e-02  -2.1601457e-01   4.4631518e-01  -3.3844551e-01  -3.6066345e-02   5.4660326e-01   3.4855639e-01  -1.5724259e-01  -1.8378925e-01   1.4019459e-01  -2.1746165e-01  -1.5677213e-01   5.5726697e-01  -3.3631431e-01  -2.1207273e-02   9.0496474e-02  -1.6630362e-01  -4.1520507e-02   2.7672831e-01   4.5110445e-02   1.2015492e-01  -1.9171385e-01  -1.0012076e-01   1.4715855e-01  -3.0260032e-01   1.6981738e-01   3.0346767e-02  -2.0254037e-03  -8.3040216e-02  -2.4890872e-01  -1.5672243e-01   2.9723161e-01  -7.5803882e-02  -1.7872762e-02  -1.0542490e-01   2.6482154e-01   2.3619425e-01   7.9151172e-02  -2.6742681e-01   1.8133951e-01  -1.1307479e-01   1.0308961e-01  -2.1070015e-01   8.7987277e-02  -9.9205143e-02   5.6662488e-01  -5.8869091e-02  -2.1646706e-01   3.7493504e-01   3.5315998e-02  -2.5572086e-01  -1.1735263e-01   4.6360194e-01  -3.4528312e-01   9.4982720e-02  -2.1713110e-01   3.6900570e-02  -2.9515038e-01  -1.3416513e-01   1.9327196e-02  -1.0867476e-01   3.1065410e-01   1.4167956e-01   7.3200194e-01  -2.5176111e-01  -2.0853169e-01  -1.6842748e-01  -1.6620120e-01   4.7717357e-01  -1.0260942e-01   1.8737273e-01   5.3644880e-02  -3.2567886e-01  -2.5198476e-01   3.1322212e-01   1.9074022e-01  -1.8005221e-01  -2.5133999e-01   2.4385810e-01   1.1842609e-01   8.6966930e-02  -3.4858719e-01  -6.0075353e-03   1.2151657e-01   1.7362105e-01   3.5366028e-01  -1.1570034e-01  -2.9444390e-01  -1.1698024e-01  -2.1538135e-01  -2.1710821e-01  -1.2904634e-01   5.1300666e-02   1.8383353e-01   7.5618047e-02  -3.2580629e-01   1.5639596e-01  -5.6481369e-02  -1.9697339e-01   4.3096624e-01  -1.4181375e-01  -2.0473125e-01   1.9456779e-01  -1.5910191e-01  -5.8123458e-02  -1.2560127e-01  -1.5851969e-02   4.2995358e-01  -1.2837814e-01  -7.9893466e-02  -1.6817551e-01  -1.2921536e-01  -2.3424197e-01   2.1360214e-01  -2.6699040e-01   6.9373008e-02  -4.2650870e-01  -1.5211454e-01   4.3135437e-01   2.1787066e-01   1.1341823e-01  -1.3361190e-01   4.9435310e-01   4.9112361e-01  -4.1144201e-02  -2.5489138e-01   2.5064441e-02   3.4814024e-02   7.0486952e-02  -1.9772094e-01
  -1.7227890e-01  -1.6692213e-02  -2.2866469e-01   2.4241498e-01   6.9883541e-02  -1.7253299e-01   5.4089443e-02  -1.0139314e-02   2.5085054e-01  -1.3756172e-01   1.7664951e-01  -1.3509617e-01   0.0000000e+00  -1.5332805e-01   3.3516321e-02   1.6423815e-01  -1.1827523e-01   2.3263136e-01   1.7652693e-02   1.9915027e-01   9.3861313e-02  -7.1100613e-02   1.9903711e-02  -2.2656039e-01   2.8721511e-02  -1.2142810e-01   2.0261721e-01  -2.3196190e-01   1.0265566e-01   3.5431679e-02   1.8447820e-01  -6.8725355e-02   2.2922067e-01   5.8734393e-02   9.0403223e-02   3.1806973e-01   2.3013639e-01  -6.3505520e-02   2.8393919e-01   2.1398248e-01   6.2890180e-01   9.7712749e-02   1.7051890e-02  -6.0695351e-02   2.5067889e-01  -2.3777705e-01   2.9787669e-01   1.8554684e-01   2.9054234e-01   6.8200988e-02   1.7827259e-01  -1.5554858e-02   3.0004293e-02  -2.4705323e-01  -7.5776049e-02   3.1238033e-02  -3.9826521e-02   2.2548832e-01   3.0253151e-01   1.2743168e-01  -1.0038673e-01   2.1701635e-01   6.3757337e-02   2.9254606e-01   2.5004002e-01   8.1151154e-02   5.2459425e-02  -1.2376013e-01   1.8374665e-02  -2.7739045e-01   2.7233399e-01   2.5626262e-01   2.8059788e-01  -2.7714543e-01   9.0903185e-02  -5.4617567e-02   4.3427002e-02  -2.5632001e-02   5.6102113e-02   1.6200878e-01   4.9269226e-02   1.7477268e-01   1.8809382e-01  -2.2748618e-01  -3.0012619e-02   4.3615885e-02   1.7223447e-01  -3.3130196e-01   9.9761046e-02  -2.3866214e-01   2.3291920e-01  -1.4622159e-01  -1.7145808e-02   4.5121465e-01  -2.5518266e-01   4.3802699e-02   1.1772568e-01   2.1975785e-01   2.2431075e-01  -1.3082083e-01   4.3581872e-02   2.4577408e-01  -1.3975290e-01   3.5757607e-01  -7.6933739e-02   2.3026842e-02  -6.5244995e-03   9.4995513e-02   3.5682316e-01   6.9878726e-02   3.6684223e-02  -1.7367684e-01   5.5643511e-02  -3.4924855e-01  -2.2292341e-01   1.6748800e-02  -1.1825015e-01   3.8190127e-01  -3.9688926e-01   3.4612456e-01  -1.9789774e-01   1.1013763e-01   1.5455978e-01   1.6594332e-01  -2.5660684e-01  -1.5013141e-01  -2.3226545e-01  -4.8500976e-02   2.0649456e-01  -8.3664522e-02   2.2557681e-01   2.0162791e-01   1.1974383e-01   2.6600315e-01   3.1122093e-01   1.8391984e-01   8.9153530e-02   7.7111788e-03   1.9713548e-02  -8.7385099e-02  -9.3002723e-02   4.3609301e-01  -2.4767408e-02  -3.0619266e-01   6.2992374e-02   7.2589002e-02   1.0505805e-01   2.7260840e-01   9.0882634e-02   7.6272256e-02  -3.6001713e-01  -1.5952886e-01  -2.0661041e-01   1.5791278e-01   1.4269771e-01   3.1405647e-02  -1.1153567e-01   3.6801048e-01  -1.9054180e-01  -1.7940703e-01   3.7688311e-02   1.4136419e-01   1.8577944e-01   2.0952161e-01  -9.2804002e-02   9.7869328e-02  -7.0355072e-03  -3.5124310e-01  -2.8637208e-01   1.5199382e-01  -2.4022924e-02   1.1907050e-01   2.9594187e-01  -1.8412580e-01   3.0309257e-01  -4.9413927e-02   8.8170113e-02
   7.8250491e-02  -1.5221299e-01  -3.5347041e-02  -6.1779405e-02   4.6878583e-02   1.2637045e-01  -2.0795906e-01   8.5120870e-02   3.3808637e-02  -2.1259617e-02   2.0352533e-01  -1.2930254e-01  -1.5332805e-01   0.0000000e+00  -8.8487705e-02  -1.8542225e-01  -4.2618477e-03  -8.7631618e-02   2.0915291e-01  -2.6855221e-02   6.7905609e-02   1.3139699e-01  -2.7574848e-01  -2.8716792e-02  -6.6089542e-02   2.7865552e-01   1.1165062e-02   7.3050594e-02  -1.1536488e-01   1.1536203e-01   8.6397144e-02   1.3963839e-01  -2.3402643e-01  -2.5721753e-01   1.3707043e-02  -1.9059167e-01  -2.1764239e-01  -1.4429060e-03  -6.7419586e-02  -5.2760624e-02  -1.3182696e-01   1.8162269e-01   7.2619569e-02   4.7138100e-01  -1.7906557e-01  -5.5228654e-02   3.9383661e-02  -1.4356952e-01   9.2802992e-02  -8.2272863e-02  -1.1144074e-03   2.0061460e-01  -6.7853312e-02   1.5418630e-01   3.5189113e-01   2.0354205e-01   3.1126950e-01   8.7505993e-02  -1.8014276e-02  -1.8885057e-01   3.0182047e-01   1.7408569e-01   2.8872670e-01   1.2805795e-01  -1.3855819e-01  -1.7191859e-01   6.7132087e-02   1.5032465e-01   1.5870953e-01  -1.2117891e-01  -1.4016931e-01   1.7811472e-01  -2.4908903e-02   8.3590348e-03   3.5743101e-01  -5.9144297e-03   1.6681288e-01   7.5686661e-02  -8.3045348e-02   3.9950142e-01   3.2381369e-03  -1.9866953e-02   1.4843744e-01   2.3298731e-01   1.9947294e-01   2.8225506e-02   2.9076000e-01   1.6998163e-01   2.5320267e-01  -6.6163516e-02  -1.8853816e-02   1.8522310e-01   1.0442689e-01  -2.5425060e-01   1.0119575e-02  -1.4199608e-01   3.6769519e-01   9.2019764e-02   5.0591295e-01  -1.5406571e-01   3.7123895e-02  -1.2400916e-01   1.5500394e-01  -4.9256984e-02  -8.2074788e-02   5.1810256e-02   8.1845943e-02   1.2751555e-01  -3.2305306e-01   7.5875348e-02  -1.6497012e-01  -4.4182824e-03   3.2227856e-01  -1.0505087e-01   7.2901551e-03   6.4774660e-02   2.7197360e-01   2.3617975e-02   1.9050088e-01   9.1771272e-02  -2.9586352e-01  -2.3441059e-02   8.3690710e-02  -3.8241188e-02  -1.9884765e-01   9.2355549e-02  -1.7524243e-01   5.6479979e-01   2.7012602e-02  -1.3412215e-01  -8.9925790e-02  -1.6603854e-02   2.0477172e-02  -2.8726399e-02   2.6671761e-02  -1.0410714e-01   4.3155957e-01   2.9936160e-01  -3.3442544e-02  -6.4979582e-02  -8.0707985e-02  -1.7196417e-01  -2.1172994e-02   1.2945404e-01  -2.1579978e-01   1.6446741e-01  -1.6395704e-01   2.5887500e-03  -9.8724367e-02  -5.1042341e-02   3.9678556e-02   1.7689440e-01  -1.0325968e-01   9.8110354e-02   1.8547584e-02  -9.3923387e-02  -2.4061507e-01  -2.8484121e-02   2.1174149e-01  -1.1484102e-02   1.6545786e-01  -7.2847605e-02   7.0156079e-02   1.0076423e-01   1.0238375e-01   1.6669577e-02   7.6200183e-02   1.7941854e-01  -1.0150114e-01   2.2829945e-02  -7.0069522e-02  -2.5620026e-01   2.2119717e-01   2.0874084e-01   2.1739037e-02   6.7178887e-02   7.0990614e-02
