   0.0000000e+00  -8.5578361e-02  -1.9191434e-01  -1.2196809e-01  -1.0791894e-01  -6.9748808e-02  -4.0106847e-01   1.3148949e-01   2.0446129e-02   3.6628714e-02  -1.7345980e-01  -1.2093292e-01  -1.5827497e-02   4.9185001e-01  -2.1578245e-01  -2.2446951e-01  -5.9611773e-02  -2.5184924e-01   1.8292790e-01  -1.6276289e-01  -3.4857643e-01   1.2903143e-01  -2.6251227e-01   5.3366628e-01   3.4660781e-02   3.9051005e-01  -2.8887833e-01   3.0230880e-01   1.7048206e-01  -1.7316435e-01  -7.5516585e-02   1.4789878e-02  -1.8778745e-02  -3.4527681e-01  -3.1384174e-01  -3.9023046e-01  -1.6719418e-01  -8.0115050e-02  -2.6929229e-01  -1.5006633e-02   7.7347309e-02   6.0592010e-02   1.1489017e-01   3.4373062e-01  -2.0027381e-01   4.6195765e-01  -4.1670596e-01  -3.6117975e-01  -1.1957201e-01  -7.2910788e-02  -1.8186366e-01   2.6318591e-01  -1.5912817e-01   3.6121604e-01   3.2015671e-01   4.0370816e-01   1.1844604e-01  -3.7200766e-02   2.7771211e-03  -1.3080633e-01   2.1126583e-01  -1.4623263e-01   2.2212453e-01   1.0998391e-01  -2.8144146e-01  -9.2993585e-02  -5.1650555e-02  -1.6176371e-02  -8.6470532e-02   4.8867423e-01  -2.1139221e-01  -1.6920156e-01   9.0145262e-02   5.1815558e-01   3.0070845e-01   2.3462300e-01   2.5799704e-01   2.9814475e-01   1.1139380e-02  -8.2943205e-04  -1.2406696e-01   7.2547122e-02  -1.1111706e-01   1.9812676e-01   5.0903022e-01   3.0071824e-01  -3.8988702e-02   5.1851326e-01   8.4498696e-02   6.4251275e-01  -2.1672007e-02   3.1813315e-01  -2.1192221e-01   5.2975838e-03  -8.5789437e-02  -1.6603517e-01   5.5664062e-02   1.6938010e-01  -9.3027793e-02  -1.9638923e-01   2.4842538e-01  -1.4142784e-01   2.2780531e-01   1.3194156e-01  -1.5403780e-01  -1.4991452e-01   4.3881100e-01   1.2974207e-01   1.0556846e-01  -2.5715757e-01  -1.8103901e-01   3.0983740e-02  -2.6577517e-02   5.4454708e-01   1.1277327e-01  -9.3656063e-02   3.5121483e-01   1.4070991e-01   2.9980138e-02  -1.3379206e-01   5.1808512e-01  -1.2744460e-01   2.3361451e-01  -1.8681993e-01   5.8043738e-01   3.3306038e-01  -8.2834098e-02   7.8349311e-03   4.0693281e-03   1.1032760e-01   2.1139074e-02  -3.0761019e-01   4.8229675e-01  -2.8414253e-01  -8.3810476e-02   1.4802729e-01   1.7926140e-01  -6.8203164e-03   8.8965938e-02   4.2429462e-02   7.7844946e-01  -1.2381754e-01   2.3173168e-03  -1.8111196e-01  -1.5399082e-01   1.8805354e-01  -1.8054781e-01  -1.9678653e-01  -2.5713518e-01  -3.0517285e-01   5.6753766e-01   1.2230906e-02   5.3466223e-01  -7.3864300e-02  -3.5841722e-01   2.7727484e-01   3.2187450e-01  -1.1449985e-01   2.2727184e-01   1.2345398e-01  -1.3399301e-01  -5.4205084e-04  -7.8215789e-02  -2.0808865e-01  -8.1715676e-02  -8.5537892e-02  -2.9610408e-01   3.1251009e-01   5.5110780e-01  -1.8670788e-01  -7.7543154e-02  -1.2793370e-02  -3.1003858e-01  -5.6761006e-02   8.2014561e-02   2.5504043e-01   2.9202213e-02
  -8.5578361e-02   0.0000000e+00  -1.9363637e-01  -2.9726208e-01   3.8535224e-01  -3.2123501e-01  -3.7205816e-02  -1.1170118e-01   2.8594941e-01   1.0232098e-01  -2.1436713e-01   4.5644877e-01  -1.1369662e-01  -1.7107725e-01   2.6805240e-01  -1.8658615e-01   1.0735371e-01  -1.1822059e-01  -1.2969256e-01   2.2405386e-01  -1.8507190e-01  -1.7691171e-01  -3.2587606e-01  -1.8865476e-01  -5.8485670e-02   1.0735781e-02   9.3666471e-02  -3.1409137e-01  -1.8829952e-01  -3.0762306e-02   4.7727505e-01  -2.1585107e-01  -4.6974105e-02   2.4297124e-01  -2.3135398e-01   5.9651132e-02   2.9682887e-01   8.3771529e-02   4.8764523e-03   4.9773558e-01   6.0073350e-02  -1.4730089e-01   3.9736644e-01  -1.1683651e-01  -1.0977869e-01  -3.2359252e-01  -2.2392436e-01   3.2200960e-01   3.3406407e-01   4.1639107e-01  -3.2392362e-01  -1.9024726e-01   6.7485950e-01   5.2270133e-02   5.3324283e-02  -2.6225685e-01  -1.1961478e-01  -2.7510230e-01  -1.2215840e-01  -2.1996447e-01  -2.3462122e-01   1.8382894e-01   3.0536842e-01   3.3044618e-01   3.0301988e-01   6.2750313e-02  -2.8123548e-01  -1.0617913e-01  -2.6542961e-01  -4.4079507e-01   7.3809471e-01  -2.1554508e-01   2.9572475e-01  -2.6822925e-01   7.5006405e-02  -1.3455824e-01  -1.3379275e-01  -2.1969777e-01   6.0169918e-01  -2.4493103e-02  -3.3260298e-01   1.0749196e-01   4.5132921e-01  -1.6149206e-01  -4.7885012e-02  -3.2913382e-01   1.9635475e-01  -1.1951022e-01   2.8514343e-01  -1.4787981e-01   5.6571686e-01  -1.9672508e-01   2.9417088e-01   3.2913480e-01   4.8321833e-02   4.1095060e-01  -1.1179410e-01  -1.1201822e-01   2.0858123e-01  -3.4943516e-01   4.6932259e-01  -4.9959286e-01  -3.5098248e-01   4.1806503e-01  -2.9398690e-01  -4.7791406e-03  -3.6045769e-02  -1.4085082e-01   1.2022227e-01  -1.2571743e-03   4.9556854e-01  -4.9633700e-01  -2.4398790e-01  -1.1852614e-01   6.1438292e-03   5.9016599e-01  -2.7091811e-01   8.4153415e-02  -2.6481951e-01  -1.5531759e-01  -3.0172625e-01   4.6182089e-01   3.4230123e-01   2.8735580e-01  -1.4633626e-01  -5.2853322e-01  -2.4017472e-01   1.2328283e-02  -2.5112089e-01  -3.2343609e-01   8.7902836e-02   4.1282219e-01  -1.1907784e-01   3.0651851e-01  -4.2628251e-02  -1.5406872e-01  -2.1703790e-02   4.2847129e-02  -1.7134230e-01   3.9787184e-02  -7.2385087e-02   1.3401811e-02  -3.8828290e-01  -3.5852599e-01   1.5382481e-01   1.9708507e-01   5.2268060e-01   2.6143313e-01  -1.8284698e-01   9.8635228e-02  -2.1595453e-01  -2.6592735e-01  -1.1731082e-01   2.8374925e-01   4.1240161e-01   2.0067731e-01  -4.3670146e-01  -2.6007644e-01  -1.4113079e-01  -2.8455787e-01  -2.1572917e-02  -1.1642709e-01   1.2445270e-01  -2.6701957e-01   7.0172059e-02   4.4405516e-01   2.6640086e-01  -2.7489765e-02  -2.7946556e-01   5.0611896e-01   3.5403402e-01  -1.8074084e-02   1.0729316e-01  -3.4029053e-01   6.4318082e-02   1.4928286e-01  -1.5970454e-01
  -1.9191434e-01  -1.9363637e-01   0.0000000e+00   3.1259761e-03   8.4856633e-03   3.0786903e-01  -9.4636338e-02  -1.0084931e-01  -1.6593168e-01   1.1382254e-01   2.6234486e-01   8.6464870e-03   4.0125187e-01  -5.5510816e-02   1.6987864e-02   4.6415609e-01   6.8772850e-01   2.3742736e-01  -6.2514010e-02   2.8538407e-01   7.7020993e-02   4.7212574e-02   6.6917765e-02  -1.3460379e-01  -1.5871500e-01  -1.9377638e-03   1.3563449e-01   9.7510068e-02  -5.8340605e-02  -1.0811078e-01  -3.9560631e-01  -3.8780627e-04   2.5316284e-01  -3.2331867e-02   2.4197176e-02   1.7277685e-01  -1.7628184e-01   2.3039077e-01   4.2859883e-01   2.3834539e-01   2.5255915e-01   2.4288256e-01  -3.3778544e-01  -5.2074802e-02   1.7845296e-01   1.4969865e-01   3.4123844e-01  -2.5361319e-01  -5.4232608e-02   3.8334146e-01   2.8230587e-01  -9.8794800e-02  -2.6840048e-01   2.0470642e-01  -4.6798924e-02   9.7629067e-03   1.2524332e-01   1.2515867e-01   1.8397370e-01   2.6845196e-01   2.6723533e-01   3.9565100e-03  -2.8390033e-01  -3.0703456e-01  -2.3229549e-01  -5.2329596e-02   2.6408102e-01  -5.2643450e-02   1.9672888e-01   2.3163754e-01  -1.5095798e-01  -7.6113821e-02   2.4964159e-02   1.3790556e-01   4.2283571e-02  -1.9167356e-01   2.2281764e-01  -4.4318829e-02  -1.9580583e-01   4.9652435e-02   4.0858529e-02   1.6769971e-01  -1.1154944e-02   1.3878733e-02   1.1118807e-02  -9.0735735e-02  -2.8542245e-01   9.6173121e-02  -1.5814994e-01  -1.9574523e-01  -2.1033213e-01   1.8570264e-01  -6.5939637e-02  -5.7523934e-02   3.3093154e-01   1.2095208e-01   2.2540542e-02  -9.5135449e-02  -1.8486333e-01   1.3925105e-01  -3.3039068e-01   2.8710709e-01  -1.8639029e-01  -3.3509816e-01   2.0609140e-01   6.8979415e-02   6.3335417e-02  -5.2707089e-02   8.1166907e-02  -2.1700104e-02  -8.4835630e-02   1.9856156e-01  -9.7601198e-02  -1.8977027e-01   1.0193773e-01  -1.9562066e-01  -2.1480619e-01   1.4568553e-01   1.3609095e-01   6.4798576e-02  -1.8873449e-02  -3.0511437e-02   2.7345019e-02   5.5424450e-03  -4.7230281e-02  -7.2951026e-02   1.4528412e-01   4.9618498e-02   1.0360535e-01   6.1389666e-01   4.1043398e-01  -8.1758368e-02  -1.0215181e-01  -2.4039721e-01   8.7201891e-02  -1.8610915e-01   2.6292490e-02  -7.2075664e-02  -1.2240468e-01  -6.3070648e-02  -7.4084587e-02   3.9833427e-01   2.3989902e-01   4.0225343e-01  -1.6382984e-01  -2.6578044e-01  -1.2431121e-01  -2.9695785e-01   1.9486644e-01   1.7989351e-02  -2.3539480e-02  -1.7231015e-01   4.0661508e-02  -1.7842960e-01   4.5418277e-01  -1.4855970e-01   8.6532668e-02   3.1099382e-01   1.0501225e-01  -6.4948550e-02  -8.4385219e-02   7.6029934e-02  -8.2024028e-02   9.0650202e-02   1.5039187e-01  -2.8748079e-01  -1.0544417e-01  -1.4702803e-01   1.0994898e-01  -1.3667246e-01   2.7449401e-02   1.8682998e-01  -2.0276864e-01   2.5701126e-01  -6.3017506e-02   4.9212601e-02   1.1459549e-01
  -1.2196809e-01  -2.9726208e-01   3.1259761e-03   0.0000000e+00  -2.8018262e-01   6.4374373e-01   1.2651195e-01   4.6936965e-01   4.6547204e-01  -4.7108634e-01   6.7125980e-02  -1.5332522e-01   1.4130953e-01   1.7265456e-01   1.2616485e-01  -5.2548134e-02  -1.4980468e-02   2.0908139e-01   2.8573250e-01  -2.5287077e-01   1.6386912e-01   5.3057798e-01   3.0192135e-01   3.0192356e-02   2.8736620e-01   1.4909657e-01   6.0698693e-02   3.1600538e-01   3.2756897e-02   2.0372397e-01  -5.3459334e-02   5.1677410e-01   1.1070473e-01  -2.2716350e-01   4.0345840e-01  -8.9850956e-02   1.3420845e-01  -2.4645984e-01  -3.2492988e-01  -2.6115149e-01   9.9052697e-02   2.4960963e-01   3.8536120e-02   2.9731481e-01   3.9116228e-01  -1.2861948e-01   1.8603869e-01  -4.6526934e-02   1.0022102e-01  -2.5007881e-01   3.4384138e-01   3.7339259e-01  -3.6420270e-01  -4.4705985e-02   2.6907740e-02   2.1886515e-01   1.8360608e-01   5.3807972e-01   2.9449829e-01   3.2801296e-01   4.2597746e-03   1.9014334e-01   3.0463473e-01   1.6714289e-01   2.3241931e-01  -1.3356812e-01   5.8684956e-01   1.5284646e-01   3.9977882e-01  -3.4703033e-02  -3.5321998e-01   6.7724024e-01  -2.2527814e-01   1.5434729e-01   9.5636813e-02   3.9139721e-01  -1.1925962e-01   2.0553925e-01  -2.2660810e-01   4.1689227e-01   3.9642667e-01  -2.4487089e-01  -1.5207479e-01   4.7813805e-01  -2.0298134e-02   4.3108497e-01   1.5412948e-01   4.5708092e-02   1.4918351e-01  -2.1899536e-02  -3.4529793e-01   7.0807737e-02  -3.3217432e-01   3.5594680e-01  -3.2409820e-01  -4.2178501e-01   8.7743979e-02   3.2206720e-01   2.4279371e-01   2.5691101e-01  -1.4288774e-01   2.2808977e-01   5.5770044e-01   2.4716354e-01   2.4148062e-01   6.4290143e-01   1.2683962e-01   4.6180134e-01  -8.3962116e-02  -1.0064651e-01  -3.0622676e-01   3.4622614e-01   6.9956291e-01  -5.7937893e-04   1.1246658e-01  -4.8423701e-01   1.9603065e-01  -6.5061033e-02   2.3186663e-01   7.0796965e-01  -2.7522402e-02  -3.9150663e-01  -7.1072533e-02  -1.0116633e-01  -8.6563610e-02   4.6849090e-01   2.2618753e-01   2.4785465e-01   5.1674079e-01  -1.8437645e-01  -1.4626529e-01  -2.9864412e-01   2.9803426e-01  -9.4834429e-02   5.6809654e-01   5.6701881e-01   4.5187679e-01   1.2348479e-01   4.1812097e-01  -1.5485564e-01  -1.6205925e-01  -7.2829423e-02   1.2796466e-01   1.4899985e-01   1.6489023e-01   2.4598340e-01  -3.6468955e-01  -2.6982622e-01   3.9590085e-02   6.2533029e-02   2.0553272e-01   6.2764468e-01   5.5541857e-02  -2.0244417e-01  -3.3992462e-01  -7.3212449e-02   1.5306454e-01   2.8969017e-01   2.2432322e-01   5.5215381e-01  -3.3286886e-02   7.9621414e-02  -1.3781837e-01   5.4605170e-01   2.6782197e-01  -2.0507546e-01  -1.8234596e-01   3.4370089e-01   1.1996344e-01  -3.2927661e-01  -3.0891533e-01  -4.8225054e-01   4.6799049e-01   5.0384228e-01   2.2064114e-01  -1.4494820e-01   6.2737945e-01
  -1.0791894e-01   3.8535224e-01   8.4856633e-03  -2.8018262e-01   0.0000000e+00  -1.4522152e-01  -4.0507690e-02  -1.8564203e-01  -6.9839076e-02   3.4390867e-01  -1.6617341e-01   3.0754576e-01   1.8443704e-01  -2.9503299e-01   2.0208685e-01   1.0163006e-01   3.8527923e-02  -2.7444733e-03  -1.3716145e-01   7.9284817e-01  -3.2131849e-02  -4.5202912e-01  -2.6450866e-01  -2.2977583e-01  -4.2432401e-02  -2.8157512e-02   3.9386050e-01  -3.4630322e-01  -2.3954049e-01  -2.1744946e-01   2.6922599e-02  -3.0369693e-01  -1.0272883e-02   2.4624519e-01  -1.8234802e-01   6.3683350e-01   2.2223529e-01   1.6362028e-01   2.5385363e-01   2.5882784e-01   2.8929019e-01  -1.3284129e-01   3.0848314e-01  -2.9913848e-01   1.2295086e-01  -2.8783521e-01   1.5832527e-01  -1.1027200e-01   3.7145648e-01   3.4236438e-01  -1.2734289e-01  -1.9962057e-01   1.6832318e-01  -4.1917178e-02  -2.3675469e-01  -3.3986107e-01  -3.8735623e-01  -2.8433636e-01  -5.6618175e-02  -1.7282780e-01  -2.0710375e-01   3.5764614e-01  -4.0135076e-02  -1.3897746e-02   1.3356375e-01   6.3036522e-01  -1.2400240e-01  -7.4984277e-02  -3.3681276e-01  -3.0522125e-01   2.1283954e-01  -1.3651386e-01   4.5536999e-01  -2.3701836e-01  -2.0369976e-01  -2.2164246e-01  -7.6511914e-02  -2.3020700e-01   6.3295495e-01  -9.2162758e-02  -4.4224774e-01   2.5598415e-01   2.8013236e-01  -2.2047549e-01  -2.1839316e-01  -3.1087764e-01  -1.4524780e-01  -2.1816098e-01  -5.4156976e-02  -1.1874525e-01   7.5418798e-01  -2.3290221e-01   5.9115790e-01   1.3393817e-01   1.9415556e-01   8.6678875e-01  -4.7784959e-02  -1.4090804e-02   4.3454506e-01   2.9457025e-02  -8.6153971e-02  -3.2399894e-01  -4.5219086e-01   1.4803172e-02  -2.8043244e-01  -2.4230443e-01  -6.6080147e-02  -1.9279023e-01   8.3144436e-02   2.7898934e-01   4.2676105e-01  -2.7782336e-01  -3.5069293e-01  -1.3961402e-01  -4.1760135e-01   7.7554217e-01  -2.2410282e-01   5.3663654e-01  -3.5969990e-01  -1.5868163e-01  -2.9450227e-01   8.4666430e-01   5.8510169e-02  -4.7530866e-02  -1.6993293e-01  -4.1288406e-01  -2.4593053e-01  -1.3205071e-01  -2.8083739e-01  -1.0503791e-01   3.3363645e-01   3.1160483e-01  -3.2217197e-01  -1.3399823e-01  -1.0071091e-01  -2.3557216e-01  -1.7517180e-01  -5.2050637e-01  -1.4100836e-01   1.2064706e-01  -1.3642758e-01   1.5332699e-01  -2.8608214e-01  -1.5623823e-01   1.5705818e-01  -1.4145006e-01   1.3280875e-01   6.7452434e-01   2.7521517e-01  -2.4024386e-03  -4.2242541e-01  -5.1322617e-01  -2.1825610e-01   2.7336401e-01   3.5200747e-01   2.5499281e-04  -3.2530502e-01  -2.1501284e-02  -3.3701034e-01  -3.4924658e-01   1.0990194e-01  -1.6832416e-01   4.4668022e-01  -4.3563953e-01   1.3478333e-01   3.2970721e-01   3.0424664e-01  -1.1605086e-01  -2.0570746e-01   5.0156841e-01   5.5390576e-01   1.4551855e-01   1.0360778e-01  -4.1448706e-01   7.6336159e-02   6.8998912e-02  -1.7721708e-01
  -6.9748808e-02  -3.2123501e-01   3.0786903e-01   6.4374373e-01  -1.4522152e-01   0.0000000e+00   1.0843196e-01   3.8394614e-01   2.5205220e-01  -4.0863949e-01   2.6505700e-01   1.9499310e-02   2.2216050e-01   3.3645766e-02   1.9676622e-01  -5.0799708e-03   1.0904947e-01   3.5775739e-01   3.3544372e-01  -6.2566541e-02   2.7056119e-01   4.0670205e-01   1.3023706e-01  -1.3726497e-02   5.6114477e-02   1.7487600e-01   1.7976913e-01   2.9198323e-01  -5.4324876e-03   2.5087144e-01  -2.2338347e-01   3.9846524e-01   2.5348272e-02  -2.5929571e-01   3.0236405e-01   1.1069951e-01   8.9138215e-02  -1.6757495e-01  -1.2274456e-01  -2.5158633e-01   7.4378221e-02   9.5826693e-02  -7.5392720e-02   2.9854740e-01   3.3651433e-01  -1.1631446e-01   3.7687367e-01  -2.1950590e-01  -7.9308399e-02  -2.3763597e-01   4.5760391e-01   2.9765417e-01  -4.2857492e-01   5.6101318e-02  -7.4565862e-02   1.9688159e-01   3.7779751e-01   3.3327165e-01   2.6640061e-01   5.0622375e-01  -1.7499691e-01   1.5601979e-01   8.6206454e-02   6.9436792e-02   1.1266905e-01  -5.3285944e-02   8.1682055e-01   1.1126685e-01   5.7224977e-01   5.7006435e-02  -4.7325099e-01   4.6666178e-01  -1.1638662e-01   2.4612269e-01  -2.5436987e-02   1.5738708e-01  -2.2590302e-01   2.3727692e-01  -2.7173531e-01   1.3995484e-01   2.5095047e-01  -2.1272697e-01  -1.2634139e-01   3.7529386e-01   9.1841057e-02   2.4862080e-01  -3.0081708e-02   1.3066832e-01   6.9039196e-02   1.7205626e-03  -3.2185906e-01  -1.1447076e-01  -1.7392861e-01   2.8026667e-01  -2.4667285e-01  -2.4621723e-01  -2.9532323e-02   3.1183872e-01  -4.4650962e-03   2.7807067e-01  -3.3081736e-01   2.2951614e-01   3.6056913e-01   8.7923046e-02   3.2377742e-01   5.0537829e-01   4.8115688e-02   4.0444901e-01   4.7850815e-02   1.7855620e-01  -3.7663342e-01   4.2835160e-01   3.1405415e-01  -1.4960564e-03  -1.1512892e-01  -4.2820176e-01   4.8082750e-02  -5.8154172e-02   3.3778753e-01   5.2329630e-01  -7.3358898e-02  -2.6424348e-01  -1.3524230e-01  -7.8105766e-02  -3.0742716e-02   3.3086721e-01   3.4283426e-01   5.7631008e-03   4.0760545e-01   7.4865609e-02   5.7788073e-02  -8.4778823e-02   1.6977562e-01  -2.0316951e-01   5.2589619e-01   3.4747912e-01   2.2011881e-01  -6.0707375e-02   3.0413131e-01  -2.9038620e-02  -5.7422500e-02   9.8888709e-02   2.6076693e-01   4.7552500e-01   7.1496130e-02   7.5485043e-02  -4.9205768e-01  -1.4888207e-01   3.6283457e-01   1.3316459e-01   1.2963523e-01   4.4253587e-01   4.9819070e-02  -1.9302868e-01  -5.7528761e-02   5.4771797e-02  -7.9538711e-03   2.0095636e-01   4.0880986e-03   4.4831258e-01  -7.9463948e-02   1.2446323e-01  -3.3695399e-02   4.9332093e-01   2.9294596e-01  -2.4476821e-01  -1.8086289e-01   2.3649416e-01   5.6572350e-02  -3.5527600e-01  -2.1694830e-01  -2.6098409e-01   2.0630403e-01   6.7593210e-01   1.7123309e-01  -1.4977528e-01   5.9455580e-01
  -4.0106847e-01  -3.7205816e-02  -9.4636338e-02   1.2651195e-01  -4.0507690e-02   1.0843196e-01   0.0000000e+00  -3.3507467e-01  -1.0179809e-01   1.9712811e-01   6.3073606e-02   4.1618548e-01  -1.2546268e-01  -5.1729801e-01   5.4713052e-01   1.1198169e-01  -5.4821508e-01   1.6482277e-01  -1.7635577e-01   8.1305685e-02   4.1439204e-01  -2.1737636e-01   5.3243023e-01  -5.0309218e-01  -1.1440320e-01  -3.8694319e-01   3.8130133e-01  -2.6351508e-01  -5.5342087e-02   3.8483369e-01  -3.6896659e-02  -3.9264030e-02  -2.0914340e-01   6.7525131e-01   7.2206727e-01   4.5193771e-01   3.3578732e-01  -5.9325842e-02  -5.8983069e-02  -1.1476821e-02  -2.3245702e-02  -2.2434637e-01   2.3784528e-01  -3.8502734e-01   4.9289931e-01  -3.9036624e-01   1.3911466e-01   6.6362635e-01  -8.9290685e-02  -5.1993111e-01   2.3354206e-01  -3.5739885e-01   6.1446466e-02  -3.1415137e-01  -3.7465046e-01  -4.3162500e-01  -2.3771466e-01  -1.0724987e-01   5.2341096e-02   2.9221377e-01  -3.8033215e-01   2.8403486e-01  -2.9278501e-01  -2.0983979e-01   2.4729467e-01   4.5050557e-01   6.6827872e-02   8.4199539e-02  -1.3116853e-01  -3.2974766e-01   5.2443003e-02   4.8652150e-01  -4.1734322e-02  -4.4366780e-01  -2.3570211e-01  -3.1273441e-01  -2.1846937e-01  -2.8111221e-01  -1.9428531e-01   1.1099344e-02   4.8813410e-01   2.1378192e-02  -1.2981647e-01  -4.9341914e-01  -4.5098868e-01  -2.8964018e-01   7.7058361e-02  -2.8073789e-01  -2.3001247e-01  -4.4317169e-01   5.1870025e-02  -4.4771939e-01   1.8561977e-01   2.6562215e-02  -1.2082715e-02  -4.8258829e-02   3.2858730e-03  -2.8401921e-01   2.4821964e-01   6.0638170e-01  -3.2528936e-01   5.1070161e-01  -1.5170041e-01  -1.5839922e-01   2.3859005e-01  -9.2920288e-02  -4.1464572e-01  -2.9930646e-01   3.4718029e-02   1.2813686e-01   1.9921302e-01   7.5693008e-02   3.6813574e-02  -2.8203230e-01   2.9317536e-02  -4.9321111e-02  -3.8803642e-01  -1.1449040e-01  -1.1190434e-01   8.6270349e-02  -4.6241699e-01   4.5766924e-02  -2.9088308e-01  -1.3668437e-01  -4.1522239e-01  -1.2265865e-01   2.9281873e-01  -2.8617460e-01  -1.1140170e-01  -3.3994097e-02  -1.7440908e-01   4.1425662e-01  -4.1972619e-01   1.1805983e-02   2.6053575e-01  -1.9535794e-01  -1.5179376e-01   1.2275133e-01  -2.3438295e-01   4.1047154e-02  -3.6464823e-01  -4.0792270e-01   7.2449410e-02   2.6959689e-01   5.5703197e-01  -2.4611692e-01   3.5297936e-01   4.5412460e-02   4.9092829e-01   4.7896034e-01  -3.7493574e-01  -1.7778397e-02  -4.5263902e-01  -7.1587521e-02   2.8852388e-01  -8.4312272e-02  -3.0525780e-01   1.2866907e-01  -4.0524663e-01  -1.9429575e-01   3.9502882e-02  -2.4943070e-01   9.9525500e-03   2.5536904e-01  -1.3875503e-01   4.4843663e-01   5.0925144e-01  -2.9734078e-01  -3.6056789e-01  -7.5567015e-02   1.1722869e-01  -9.8791854e-02   2.8909557e-01   1.2606863e-01  -1.9096696e-02  -2.2897492e-01  -2.0660469e-01
   1.3148949e-01  -1.1170118e-01  -1.0084931e-01   4.6936965e-01  -1.8564203e-01   3.8394614e-01  -3.3507467e-01   0.0000000e+00   4.5980570e-01  -2.8245073e-01   8.6188767e-02  -1.6578128e-01   3.2646162e-02   1.7270147e-01  -4.3384760e-02  -1.3761742e-01   1.5204157e-01   5.3591416e-03   5.0117698e-01  -2.1921555e-01  -7.3974012e-02   5.1945199e-01  -9.8363654e-02   1.7715743e-01   9.0166469e-02   4.7183300e-01  -1.1256739e-01   4.3369696e-01   1.7852085e-01   8.9496436e-02   1.7698953e-01   5.4823552e-01   4.9404363e-02  -4.2852623e-01  -6.7129876e-02  -3.0156733e-01   8.7416754e-02  -4.3742252e-01  -2.1339738e-01  -1.6801568e-01  -1.2146036e-02   2.0600353e-01  -1.4841993e-02   6.5246527e-01  -1.4705371e-02   1.4250826e-01  -8.9124199e-02  -3.5910920e-01   1.1662988e-01  -4.5247315e-02   5.7655936e-02   8.3070164e-01  -1.3007036e-01   2.1751223e-01   2.1115371e-01   5.3559597e-01   6.2834695e-01   5.2078241e-01   1.6871166e-01   2.1781865e-01   9.7282648e-02   1.2697666e-01   3.7267623e-01   4.6527243e-01   1.4991775e-01  -3.1274181e-01   2.9044216e-01   1.3140715e-01   5.8001096e-01   1.6773433e-01  -3.0490560e-01   1.3392379e-01  -5.6518893e-02   1.5161647e-01   1.5094535e-01   6.8004339e-01  -2.1589415e-01   5.6010398e-01   1.1110222e-01   2.8620334e-01   1.1936006e-01  -2.2453107e-01   7.1757215e-02   8.7066228e-01   1.0490612e-01   6.2434940e-01  -5.2971247e-02   2.6804500e-01   2.3687457e-01   1.4722612e-01  -1.4461578e-01   2.9957720e-01  -2.2679765e-01   3.0964800e-01  -4.3591468e-01  -2.1665636e-01  -3.9469057e-03   7.2762960e-01  -1.4834383e-01  -2.1280928e-01  -1.7550976e-02  -2.7281574e-02   5.4873550e-01   1.7451607e-01   4.7985007e-02   5.7552289e-01   1.2793830e-01   8.1814000e-01   8.0030105e-02  -1.5278811e-01  -1.9246387e-01   1.7963313e-01   3.0881689e-01   1.2467574e-01  -3.7294161e-02  -2.6563609e-01   4.8334923e-01  -5.1631480e-02   1.5004875e-01   1.9527063e-01   1.9688180e-01  -2.5583213e-01   2.5679649e-02   1.2005257e-01   2.0901727e-01   3.0274850e-01   2.5319749e-01   2.0775680e-01   3.9965847e-01  -1.9079534e-01  -1.0943017e-01  -1.9534600e-01   4.2459020e-01  -4.3288153e-02   3.4210154e-01   7.8860295e-01   3.2283793e-01  -2.0576573e-02   7.3230173e-01  -3.5778347e-01   3.1466817e-02  -1.0098052e-02   3.3208530e-01  -1.3406554e-01   9.0008204e-03   3.0788629e-01  -2.5971977e-01  -2.0400726e-01  -2.5956889e-01  -7.6477516e-02   3.5813270e-01   6.2883405e-01   2.0789607e-01   7.0402532e-02  -3.4210547e-01  -8.3677154e-02   2.4531902e-01   4.6297808e-02   4.3686799e-01   6.1080832e-01  -4.5236432e-02   4.2318154e-01   5.6428535e-02   2.6943294e-01   3.2112156e-01  -6.7615435e-02  -1.2076321e-01   4.0231226e-01   5.7550083e-02  -3.2586582e-01  -1.2520299e-01  -4.7502261e-01   1.0877553e-02   2.8952528e-01   2.2104386e-01   4.2411940e-02   6.1711731e-01
   2.0446129e-02   2.8594941e-01  -1.6593168e-01   4.6547204e-01  -6.9839076e-02   2.5205220e-01  -1.0179809e-01   4.5980570e-01   0.0000000e+00  -3.9940197e-01   5.2980331e-02  -4.0798387e-02  -7.8517668e-02   1.6339014e-01   3.4258865e-01  -1.9920430e-01   7.8139296e-02  -9.6958443e-02   2.9474268e-01  -1.4769343e-01  -1.0807496e-01   3.9717662e-01   6.6339655e-02   1.5487142e-01   2.3219537e-01   2.5537181e-01  -1.1338372e-02   1.7591199e-01   6.2025082e-02   2.9489223e-01   4.2279413e-01   3.0697206e-01  -7.0983637e-02  -2.1234952e-01   1.4506737e-01  -1.4769680e-01   1.2805608e-01  -2.9664049e-01  -2.4945320e-01   1.3078425e-01  -3.8052744e-02   2.1854969e-01   2.4640359e-01   2.7444110e-01   1.0518204e-01  -1.2625354e-01  -5.4201973e-02   8.1996086e-02   2.8588243e-01   6.1395524e-02  -1.9052017e-03   4.0218361e-01   1.1908795e-01   6.8893987e-02   1.8672651e-01   2.4357930e-01   2.0064050e-01   3.3883024e-01   9.6845851e-03   1.1893670e-01   7.4142436e-02   3.8785096e-01   7.3896295e-01   6.3219925e-01   3.8252931e-01  -2.9125945e-01   9.2360068e-02   1.2917663e-01   1.6330391e-01  -1.0343855e-01   1.0390683e-01   1.8380226e-01   8.2856394e-02   4.3195033e-02   2.5192323e-01   4.1441887e-01  -1.3587019e-01   2.2827174e-01   2.6663554e-01   4.4824415e-01   2.1082285e-01  -6.7583356e-02   2.2573093e-01   4.0663522e-01  -1.2444501e-03   3.8928765e-01   4.8203739e-01   2.3787545e-01   4.7199164e-01   3.0305295e-02   6.9825032e-03   1.4037138e-01  -2.2770833e-01   6.7827732e-01  -2.1896373e-01  -1.6831009e-01   4.6453920e-02   2.9728412e-01   2.7719103e-01  -2.2137700e-01   3.0932894e-01  -8.6201321e-02   3.1415493e-01   6.2578676e-01  -1.8451926e-01   5.0232682e-01   1.4640227e-01   3.4217142e-01  -1.2245662e-01  -2.0963324e-01  -2.3866749e-02  -1.6411116e-02   4.7243560e-01   9.8737539e-02   1.7468528e-01  -9.3148720e-02   1.6561515e-01  -6.0167840e-02   9.6332988e-02   2.3934963e-01   8.8780130e-02  -1.9489920e-01   1.8372511e-01   2.6632508e-01  -5.1830154e-02   1.4218767e-01   2.5348904e-01   3.3579985e-01   1.9333561e-01  -3.6244490e-01  -1.6022986e-01  -9.2062374e-03   3.3495112e-01   1.0974331e-01   4.7282190e-01   5.8647242e-01   4.9134599e-01   2.0225134e-01   4.1428607e-01  -1.8951503e-01   5.1357991e-02  -1.5905754e-01   3.4547726e-02  -3.2947286e-01   3.4632891e-01   4.6605397e-01  -3.4314700e-02  -1.4072878e-01  -3.1921464e-01  -1.1055007e-01   2.0607536e-01   3.8684310e-01   5.4422728e-02   2.6169503e-01  -1.3841908e-01  -1.0799053e-03   7.1689563e-02  -6.0945722e-02   3.4780007e-01   4.3705313e-01  -3.6741606e-03   2.3787402e-01   7.7138910e-02   1.4295619e-01   1.7534174e-01   9.3320790e-02   8.4909478e-02   3.1507077e-01   5.3163645e-02  -1.2081600e-01  -1.1310006e-01  -5.0065361e-01   3.9245148e-01   8.4182369e-02   2.8994932e-01   6.4970658e-02   4.9744967e-01
   3.6628714e-02   1.0232098e-01   1.1382254e-01  -4.7108634e-01   3.4390867e-01  -4.0863949e-01   1.9712811e-01  -2.8245073e-01  -3.9940197e-01   0.0000000e+00  -1.4297983e-01   2.3804078e-01   1.4127854e-01  -3.2592342e-01  -2.3470671e-02   1.9372207e-01   4.0102031e-03   8.0368483e-02  -1.4199049e-01   3.6227396e-01  -5.0158384e-02  -3.0904781e-01  -1.2646266e-01  -2.7093721e-01  -2.2401343e-01   7.1751338e-02  -3.9526411e-02  -1.5986090e-01   1.6422305e-01  -2.9145986e-01  -1.5239745e-01  -2.0801212e-01   2.1545422e-01   4.0634898e-01  -1.3150309e-01   3.2737503e-01   2.0543121e-01   2.8347583e-02   1.6235299e-01   2.3199285e-01   2.3272030e-01  -3.6954916e-02   6.8303621e-02  -2.9997056e-01   6.0834227e-02   1.0589049e-01  -5.9526166e-02   9.7964138e-02   1.0978387e-01   1.1554995e-01  -5.1997066e-02  -1.5962935e-01   2.8449956e-02   2.0531496e-01  -6.8340712e-02  -2.9574434e-01  -2.8762844e-01  -3.3149648e-01   1.3958062e-01  -7.5719217e-02   2.7535708e-02   3.0668705e-02  -2.8122532e-01  -3.6961130e-01  -1.8045619e-01   4.7909152e-01  -1.8828519e-01  -1.8679526e-01  -2.6297468e-01   5.0293391e-03   6.0148848e-02  -1.5844008e-01   2.4065643e-01  -1.7350699e-01  -1.8830354e-02  -2.3338858e-01   1.3179429e-01  -2.7620055e-01   3.0500360e-02  -2.1678730e-01  -1.4133284e-01   4.0146683e-01  -3.3004718e-03  -3.0468864e-01  -5.7440553e-02  -4.4376298e-01  -2.9480802e-01   7.1335138e-03  -3.3990157e-01  -2.7779925e-01   2.4851945e-01  -2.5965615e-02   2.1318117e-01  -2.0745750e-01   1.5953555e-01   3.9744391e-01   1.3293579e-01  -2.1211141e-01   9.0939040e-02   2.0604437e-01  -2.0061220e-01   2.3832715e-03  -4.1010854e-01  -1.9108864e-01   6.8550349e-02  -3.2895121e-01  -8.7324348e-02  -2.3879383e-01   4.1418511e-01   5.3343246e-02   3.0559093e-01  -1.5940303e-01  -4.0261832e-01  -1.6950329e-01  -1.5348819e-01   2.3066677e-01  -8.0986948e-02   2.8243508e-01  -3.6246823e-01  -2.6322860e-01  -8.7040028e-02   4.1401631e-01   1.3090604e-01  -1.0884411e-01   2.7846986e-02  -2.6571511e-01  -7.6136679e-02  -3.0379934e-01  -5.4837965e-02   1.9404242e-01   2.1226398e-01   1.2966140e-01  -4.8287810e-02  -4.8725878e-02  -2.7038713e-01  -3.8218178e-01  -2.1566735e-01  -1.9779778e-01  -3.2004102e-01  -1.4901952e-01  -1.7412904e-02  -2.4925153e-02  -7.8592555e-02  -9.0877474e-02  -1.0237512e-01  -2.9942036e-01   2.9081063e-01   1.4134317e-01   1.3193438e-01   2.2093455e-01  -2.9475130e-01  -4.0529741e-01  -3.1959878e-02  -3.8941561e-02   2.0915014e-01  -2.0562364e-01  -2.4569096e-01   1.1045448e-01  -2.5736983e-01  -3.9125966e-01  -1.3577080e-01  -1.9746333e-01   1.9908811e-01  -2.9266641e-01   4.5678486e-02   1.7278254e-01   3.1706727e-01  -2.6154844e-01  -7.6148808e-02   1.9662052e-01   3.3078507e-01   9.6242758e-02  -3.8223561e-01  -3.7953381e-01  -1.0542752e-01   7.1143158e-02  -4.5080844e-01
  -1.7345980e-01  -2.1436713e-01   2.6234486e-01   6.7125980e-02  -1.6617341e-01   2.6505700e-01   6.3073606e-02   8.6188767e-02   5.2980331e-02  -1.4297983e-01   0.0000000e+00  -8.8244741e-02   1.4308391e-01   1.0668365e-01   1.0472073e-01   1.5514447e-01   6.0542693e-02   5.8869801e-01   7.7712555e-02  -5.8735972e-02   5.5957536e-01   2.4157270e-01   3.0261366e-01  -2.6826429e-01   9.3460707e-02   7.0393342e-02  -6.0373474e-02  -7.6112986e-02  -2.4851990e-01   4.1638283e-01   1.8178205e-01   3.2307600e-01  -1.9896799e-01  -3.6591794e-03   1.9456445e-01   1.7611551e-01  -1.5364680e-01  -6.8532049e-02   3.1134526e-01  -1.8481400e-01   1.6548705e-01  -1.4764291e-01  -3.3359635e-01   2.0261216e-01   1.9610616e-01  -2.2358909e-01   6.7707302e-01   9.5154851e-02  -1.1029634e-01  -1.8585090e-01   6.1756700e-01   5.8087212e-03  -1.3958173e-01  -1.7215376e-01   1.9052392e-01   1.5100957e-01   2.3875549e-01   2.7698100e-01   3.2547138e-01   4.3635787e-01  -1.5427566e-01   1.4944661e-01  -1.4487740e-01   1.4771696e-01   1.8061589e-01  -6.9657373e-02   1.3964449e-01   2.6571600e-01   5.5631136e-01  -1.4147369e-01  -1.5175463e-01   1.3991312e-01  -2.5259392e-02  -7.6672070e-02  -2.1050101e-01   8.7816931e-02  -2.6249374e-01   9.4210794e-02  -3.5863060e-01   2.7745897e-01   2.1831437e-01  -1.8495242e-02   2.4303682e-01   9.3886496e-02  -1.7643381e-02   1.7609152e-01   1.1443263e-01  -6.7232935e-02   1.6085893e-01  -2.0256066e-01  -3.9194363e-01  -1.8425391e-01  -2.0736415e-01   1.8155181e-01  -3.4910697e-02  -1.8639393e-01   1.1478843e-02   1.2996665e-01  -2.8378566e-02   1.4477735e-01  -1.1411782e-01   4.7421063e-01   1.8630202e-01  -8.8542422e-02   4.6972809e-01   1.7572036e-01  -7.5648878e-02   2.4540139e-01  -1.2684226e-01   1.4645231e-01  -1.3527204e-01   3.9998234e-01   7.2029886e-02  -2.6545571e-01  -2.8487706e-02  -2.1088873e-01  -1.7637054e-01  -3.8880702e-02   1.0127101e-01  -9.3600775e-02  -1.5782339e-01  -3.1983044e-01  -2.0382255e-01   4.8316236e-01  -2.4759434e-01  -8.5991900e-02   4.3749035e-01   3.0237705e-02   1.5282763e-01   1.0735171e-01   1.8715733e-01   2.4604774e-01  -1.7482030e-01   2.5716293e-01   2.5931560e-01   3.2604947e-02   7.0944379e-02   3.0123025e-01   2.0304307e-01   9.6363090e-02  -4.8358095e-02  -5.1331105e-02   5.0870896e-01   2.7483157e-01  -7.3811119e-04   3.8473093e-01  -3.3743433e-01  -8.7914683e-03   3.1774899e-01   1.3080448e-01  -1.3623653e-01   2.3514658e-01  -7.8124201e-02   2.0422153e-01   1.4191733e-03   5.4920903e-02  -9.5837586e-02   3.2801881e-01  -6.5645744e-02   1.3889283e-01   1.1401027e-01   5.9298159e-01   2.0128555e-01   5.5940357e-01   1.5591491e-01  -2.1620635e-01   1.6654496e-01  -3.4086686e-01  -1.4038180e-01  -1.2987517e-01  -2.6538088e-01  -4.5337505e-02   2.2584619e-01   1.0997928e-01  -4.4620860e-02   8.2816464e-02   2.2787097e-01
  -1.2093292e-01   4.5644877e-01   8.6464870e-03  -1.5332522e-01   3.0754576e-01   1.9499310e-02   4.1618548e-01  -1.6578128e-01  -4.0798387e-02   2.3804078e-01  -8.8244741e-02   0.0000000e+00  -1.1171905e-01  -3.8217917e-01   5.9439436e-01  -3.7144463e-03  -1.8991821e-01   1.1731113e-01  -2.4327566e-01   2.9180819e-01   3.1638521e-02  -1.5779327e-01  -2.4276812e-01  -2.7816808e-01  -1.5273611e-01   1.3097908e-02   2.6313839e-01  -3.3056119e-01  -1.3996084e-01   1.3121713e-01  -7.8237425e-02  -7.6969533e-02  -2.0981436e-01   3.7642474e-01   3.2671655e-01   3.9449904e-01   2.3048004e-01   2.6791352e-02   1.5713762e-03   1.9476922e-01   1.1918047e-01  -2.9772309e-01   5.2228150e-01  -1.5204576e-01   1.4756216e-01  -4.1570039e-01  -5.4659255e-03   1.7638521e-01   4.1292805e-02  -1.5317727e-01  -5.5964632e-02  -1.3206551e-01   1.8911410e-01   2.1888308e-02  -2.9772557e-01  -3.4686178e-01  -1.2466106e-01  -2.2780745e-01   9.9396620e-02   3.7185132e-01  -4.9975419e-01   3.0431307e-01  -6.7996821e-02   3.1704127e-02   2.0904134e-01   3.7698557e-01   6.2080933e-02  -2.9222819e-03  -1.0718583e-01  -4.2920370e-01   1.4040374e-01   1.3209777e-01   2.5916955e-01  -2.0296203e-01   2.6048524e-02  -2.1506480e-01  -1.7140893e-01  -2.3867910e-01   1.6398733e-01  -1.0491675e-01  -1.2869250e-01   2.3472142e-01  -1.7747000e-02  -2.7290503e-01  -1.6418968e-01  -3.4145472e-01  -7.5139941e-02  -1.2860489e-01  -7.9188795e-03  -2.5678889e-01   3.4918534e-01  -4.1956511e-01   3.4064950e-01   3.4766860e-01   1.0910556e-01   3.3906345e-01  -7.6753900e-02  -1.6842356e-01   1.7613469e-01   1.2836339e-01  -2.1193034e-01   1.1935410e-01  -3.6916917e-01   2.2911771e-02   3.1441074e-02   1.1374539e-02  -1.3666222e-01  -2.1063027e-01   1.7832565e-01   2.1726581e-01   4.1480930e-01  -9.3836222e-02  -2.6504365e-01  -7.9985935e-02  -2.7733598e-01   3.1253155e-01  -3.6177620e-01   1.0649141e-01  -2.4249446e-01  -2.9042326e-02  -3.8355988e-01   4.3602999e-01   1.8142099e-01  -6.6620851e-02  -3.0198536e-01  -2.7944876e-01  -1.5488345e-01  -3.0448756e-01  -8.6312166e-02  -1.6892593e-01   2.1991568e-01   4.6068852e-01  -3.1798000e-01  -7.4224097e-02   1.9302104e-01  -2.6919166e-01  -3.8194659e-02  -2.0164129e-01  -1.8254974e-01   1.8870169e-01  -2.9441703e-02  -1.2915393e-01  -1.6639096e-01   1.6417218e-02   2.9422777e-01  -5.2057684e-02   3.0694893e-01   2.6954421e-01   3.5346053e-01   1.6277920e-01  -3.2351036e-01  -3.1926977e-01  -8.5370551e-02  -5.9263172e-02   4.8341573e-01   3.0713202e-01  -4.0670196e-01   2.8451040e-02  -4.5868305e-01  -3.1070176e-01  -1.4128370e-03  -2.1018601e-01   1.0739074e-01  -1.5506217e-02   1.1375160e-01   5.1893262e-01   4.4228953e-01  -2.3825518e-01  -2.2467095e-01   1.5278196e-01   3.9853225e-01   2.4167011e-02   4.0801402e-02  -7.7356971e-02   1.3857775e-01   2.6660271e-02  -1.5426988e-01
  -1.5827497e-02  -1.1369662e-01   4.0125187e-01   1.4130953e-01   1.8443704e-01   2.2216050e-01  -1.2546268e-01   3.2646162e-02  -7.8517668e-02   1.4127854e-01   1.4308391e-01  -1.1171905e-01   0.0000000e+00  -2.2769035e-02  -1.1403714e-01   1.9611179e-01   3.3151888e-01   3.1994906e-01   7.8496156e-02   3.5206617e-01   1.7704188e-01   1.2476743e-01   3.1746023e-02  -2.1933462e-01  -4.4589836e-02   1.5361738e-01   5.0640937e-03   3.8609608e-02   1.6442736e-02  -1.7189370e-01  -2.2987580e-01   7.5441049e-02   3.5825336e-01  -3.3163501e-02  -7.8251514e-02   2.8552113e-01   2.5718950e-02  -1.7609805e-02   1.9489902e-01   5.4469035e-02   6.2701942e-01   2.9346483e-01  -1.0930214e-01  -7.6796897e-02   1.9306127e-01   7.5125350e-02   2.6349138e-01  -1.5865516e-01   1.0829770e-01   2.3773521e-01   3.1841257e-01   8.2532019e-02  -2.9407817e-01   2.1222717e-01   4.1542016e-02   9.4750467e-03  -9.9834851e-02   1.0577940e-01   2.4800276e-01   4.7851318e-02   5.6587067e-02   1.7399555e-01  -6.9025864e-02  -2.7118894e-01  -1.6404598e-01   2.0525627e-01   1.6483509e-01  -1.4190318e-01   1.0126986e-01   1.3314177e-01  -1.0916826e-01   5.2841774e-02   2.9628727e-01   3.0699419e-02  -3.5649554e-02   5.7044242e-02  -6.5357371e-03   4.2179873e-02  -8.9462608e-02   3.3801752e-02   4.3376400e-02   2.8145647e-01  -6.4712169e-02   1.7446132e-01  -2.5792803e-02   2.6710772e-02  -2.3546940e-01  -9.5674413e-02  -6.7740414e-02  -1.4333370e-01   1.5292737e-03   7.1481384e-02  -4.1413405e-02  -3.3013421e-02  -3.4421843e-03   2.2063781e-01   3.2811718e-02   7.8393352e-02   2.2505207e-01   2.3801388e-01  -1.9406207e-01   2.6865369e-02   9.6006695e-02  -5.9158011e-02   1.0514267e-01   2.2988184e-01   8.5044035e-02   1.2652235e-01   2.6758774e-01   1.1263887e-01  -1.0142193e-01   5.6034973e-02   4.8748648e-02  -2.6754883e-02   8.5536092e-02  -1.7311137e-01  -5.5116497e-02   4.3549851e-01   3.1117884e-02   2.4725100e-01  -5.1589863e-02   2.0179890e-01  -1.9938097e-02  -5.2450437e-02  -2.1509012e-02  -1.0633087e-01   1.0211492e-01   1.0628491e-01   2.1469684e-01   3.0461495e-01   5.1840012e-01  -2.2733868e-01   1.2395076e-01  -1.4428669e-01   1.2408833e-02   1.5884201e-02   1.6540273e-01  -1.3903955e-01   6.9956665e-02  -5.3204431e-02  -1.6161963e-02   5.1304319e-01   1.1888176e-01   2.2211264e-01  -1.1960741e-01   1.1683428e-02  -1.8768804e-01  -1.3542306e-01   1.0270999e-01   1.3160446e-01   1.6570929e-02  -8.6433105e-03   9.9897478e-02  -1.1399875e-01   7.7056738e-02  -1.2318329e-01  -7.7646963e-02   3.1617937e-01   4.6454784e-03   2.1852245e-02  -3.1586549e-01   1.2424883e-01   1.9666808e-01   1.7033041e-01   3.0556754e-01  -3.6727790e-01  -1.7981389e-01  -9.3456222e-02   5.7999773e-02  -1.4578152e-02  -1.6409206e-04  -1.1192037e-01  -1.0518697e-01   8.1190835e-02  -8.5368848e-02  -1.9694227e-01   1.8921665e-01
   4.9185001e-01  -1.7107725e-01  -5.5510816e-02   1.7265456e-01  -2.9503299e-01   3.3645766e-02  -5.1729801e-01   1.7270147e-01   1.6339014e-01  -3.2592342e-01   1.0668365e-01  -3.8217917e-01  -2.2769035e-02   0.0000000e+00  -2.8606994e-01  -1.6369895e-01   1.2597124e-01  -1.1056713e-01   2.0561055e-01  -3.8194848e-01  -1.2142190e-01   2.6574828e-01  -4.2216924e-02   4.9330625e-01   2.1902900e-01   2.4249860e-01  -3.3790668e-01   5.2277175e-01   6.5240959e-02  -9.5579977e-02   1.4395921e-01   7.7245297e-02   7.2063893e-02  -4.7246605e-01  -2.6121840e-01  -4.5531059e-01  -3.5169395e-01  -6.9880590e-02  -2.1116191e-01  -1.0050355e-01   8.9588283e-02   2.2671412e-01  -2.2262596e-01   4.4549423e-01  -1.9514348e-01   3.6901247e-01  -5.9309746e-02  -2.5068327e-01   9.5200554e-02   4.6728685e-02  -4.9038777e-02   1.2679742e-01  -1.6936411e-01   2.7816534e-01   4.4958618e-01   4.9482779e-01   2.4518251e-01   5.2520414e-02   7.9392816e-02  -2.0845036e-01   4.0263695e-01  -2.5073083e-01   1.7950057e-01   2.8662879e-01  -3.8454814e-02  -4.5220903e-01   8.6635036e-02  -8.4293233e-02   1.6779879e-01   3.6118200e-01  -1.9778375e-01  -1.5361458e-01   8.0848006e-03   5.8740494e-01   3.0884265e-01   2.3927648e-01   3.3175421e-01   2.4697982e-01  -1.1125931e-01   2.4783738e-01   2.5742532e-02  -5.9853660e-02   2.3663962e-03   3.6941418e-01   6.5047620e-01   3.9342478e-01   3.0756196e-01   4.7335070e-01   1.6471894e-01   5.0516984e-01  -2.8064455e-01   4.2855106e-01  -3.1609669e-01  -2.7737120e-02  -4.9455754e-02  -3.8932939e-01  -8.2471093e-03   6.7203295e-02  -6.3835286e-02  -2.5444474e-01   3.7767693e-01  -1.0905614e-01   5.0775221e-01   1.8288241e-01  -1.0346618e-01   3.2541573e-02   4.6684184e-01   1.4384264e-01  -1.1305003e-01  -1.9792085e-01  -2.3097395e-01   4.7532134e-02   2.2156698e-01   3.3718088e-01   2.9059453e-01  -3.0344304e-01   3.9456138e-01   8.6157560e-02   3.7634565e-01   3.7382047e-02   4.6341370e-01  -4.4168003e-01   1.1120818e-01   9.5499213e-02   2.9146023e-01   4.6561485e-01  -4.3041717e-02   2.1114860e-01   7.9697047e-02  -8.1775208e-02  -6.9604240e-02  -5.3325400e-01   5.0985162e-01   2.8592431e-02  -1.6933233e-01   2.0921229e-01   2.9417737e-01   3.6829580e-01   8.6367848e-02  -1.6479789e-02   5.3473612e-01  -1.3507262e-03  -5.5771380e-02  -3.8806827e-02  -2.2849911e-01   3.8020979e-01  -3.3556156e-01  -3.0906396e-01  -3.6125795e-01  -3.1462470e-01   6.4329753e-01   3.8949767e-01   4.5698310e-01  -1.0285539e-01  -4.9068127e-01   4.7551144e-02   3.7616444e-01   1.8144167e-02   3.8662018e-01   4.4308574e-01  -1.6472567e-01   7.4697539e-02  -1.4086713e-01   1.0258215e-01  -1.4524425e-01  -3.7016317e-01  -4.6195078e-01   4.1355992e-01   5.3412233e-01  -1.6370857e-01  -3.0082775e-01  -1.3555407e-01  -7.4271148e-02   1.2061837e-01   2.4979219e-01   1.0374859e-01   6.9576855e-02
