   0.0000000e+00  -1.4396532e-01  -2.4126795e-02  -2.1499859e-01  -1.9495436e-02  -1.0623140e-01  -8.4825595e-02  -7.3532445e-03  -1.6466053e-01   1.0833394e-01  -9.4804012e-03   4.2574825e-02   1.0258338e-01   4.4638863e-01  -1.3434521e-01   1.0393253e-02  -6.8564255e-02  -8.6594989e-02   8.4132532e-03   1.8842276e-01  -2.0216069e-01  -3.0494044e-01   6.7648120e-02   6.3776618e-01  -1.5037401e-02   8.1048443e-02  -5.0685127e-02   1.5465014e-01   1.8705169e-01  -2.1299246e-01  -1.7019592e-02  -1.3917148e-01  -8.9217148e-02  -5.2601349e-02  -1.4910756e-01   2.9969640e-02  -1.3799966e-01   3.0616306e-01  -5.3681920e-02   1.8648490e-02  -3.9300322e-02  -7.7993080e-02   8.3895571e-02  -8.3075902e-02   4.5632291e-02   2.7386610e-01  -1.0667754e-01  -2.2782477e-01   2.0700675e-01   3.3926927e-02  -6.2272517e-02   2.1097027e-01  -4.3759088e-01   1.1982296e-01   3.2598791e-01  -1.3196079e-01  -1.2199724e-01  -3.2649106e-01  -1.4208389e-01  -7.9484690e-02   2.8961685e-01  -4.0050003e-02  -6.0333548e-02  -4.3050568e-02  -5.0501023e-02   5.1394143e-02  -2.0156513e-01  -2.4105726e-01  -1.8800502e-01  -1.8001529e-01   2.2756785e-02  -1.2458179e-01   1.3607003e-01   1.6271908e-01   2.3842391e-01  -3.4895758e-01   3.5090916e-01  -4.7431630e-02  -5.5362516e-02  -1.0739723e-01   2.9906263e-02  -1.8561863e-01  -1.7528151e-01   1.5440808e-01   3.4594518e-01  -3.2910114e-01  -5.7206938e-03   5.6928952e-01  -3.3888903e-02   6.7960963e-01   1.6568881e-01   1.5020064e-01  -6.5618603e-02   6.9006462e-02   3.9246123e-01   1.1975257e-01  -3.4841237e-02  -1.5713954e-01  -1.2767688e-01   2.3812102e-01  -2.1114152e-02  -1.4115864e-01  -1.5279350e-02  -1.3382305e-01  -8.0989598e-02  -3.0563736e-01   1.2507290e-01  -2.2714100e-01   1.0945506e-01  -1.2766284e-01   1.0097663e-03  -1.7643823e-01  -2.9526653e-01   7.6599515e-01  -8.4416667e-02   6.7359873e-02   2.8087866e-03   3.3727072e-02  -6.9028796e-02  -2.5227084e-01   4.0688789e-01   1.9235885e-01  -6.0133458e-02   1.4169796e-01   5.8256855e-01   1.1185556e-01   7.6831292e-02  -2.4293323e-01  -2.7384195e-01  -2.5636009e-01  -1.3539851e-02  -1.3645769e-01   2.7703737e-01  -2.5876747e-01  -1.5002254e-01  -2.6318988e-01  -1.6061520e-01  -1.7370111e-01   1.7296161e-02   6.0831236e-01   7.2188880e-01   3.9417314e-02  -2.4596795e-02  -1.6348061e-01   9.8989618e-02  -1.6556138e-01   1.2076134e-01  -1.4664243e-01  -1.4736904e-01   4.9658874e-02   3.6058508e-01  -5.7648630e-02   2.0651319e-01  -2.0204806e-01  -2.0168821e-01   6.1163555e-01   3.3932421e-01  -1.5357451e-02   2.2452283e-01  -5.4420306e-02  -9.1986418e-02  -1.3856795e-01  -3.2084932e-02  -1.0699261e-01  -1.3726246e-01   7.3199007e-02   2.4732952e-02  -9.5414822e-03   4.0808758e-01  -6.8822419e-02   1.3576370e-01   3.8146075e-02  -2.3193671e-01  -3.1031378e-01  -1.2964773e-01   2.6795498e-02  -1.7322035e-01
  -1.4396532e-01   0.0000000e+00   3.6245727e-01  -6.2681370e-02  -6.4325772e-02   5.6381076e-02  -2.1370536e-02   2.2682103e-01   2.9825611e-01  -1.6111025e-01   3.2691087e-02   4.3937876e-01  -3.3565243e-01  -1.0893491e-01  -1.0857298e-01  -3.2611330e-01   3.9988536e-01  -6.9965349e-02   1.3582177e-01  -1.5737989e-01   3.1471745e-02  -1.5969678e-01  -3.2245763e-01  -1.1062206e-01   3.8674248e-03  -2.3036347e-02   3.7089023e-01  -3.9286255e-02   6.0777804e-03  -6.0913396e-02   3.8986780e-01  -3.4306080e-01  -1.1237228e-01   1.1401384e-01   2.7056516e-01   6.2740084e-02   2.3228350e-02   1.5558776e-01  -2.1425309e-01   3.9615964e-01  -7.5651935e-02  -1.2576209e-01   1.1986904e-01   3.7445546e-01   8.7553745e-03   1.3847450e-01   2.8774348e-02   3.7011835e-01   1.4193927e-01   2.3734184e-01  -3.8552973e-01  -7.1036616e-02   4.8413123e-01  -2.3455515e-01  -1.0583610e-01  -1.3384776e-01   9.6033212e-02  -1.1891351e-01  -1.0877185e-01  -2.1049853e-02   4.5098139e-02  -5.5073980e-02   4.1830701e-01   4.7619238e-01   3.2889973e-01  -1.1801992e-01   2.5744018e-01  -1.4693474e-01  -1.3298365e-01   1.3325390e-01   6.3122854e-01  -1.9253361e-01  -2.3156415e-01  -5.8941164e-02  -2.3730096e-01   1.5259911e-01   5.8303879e-02   1.8732103e-01   3.3125765e-01  -1.4234995e-01  -7.0443888e-02  -1.6024717e-01   5.7373209e-01   1.3625477e-01  -1.7688182e-02   1.2090618e-01   3.2004395e-01  -1.8671971e-01   2.4230645e-01  -1.9247071e-01   1.6866002e-01  -8.4463260e-02  -2.9420220e-02  -1.1373468e-01   1.1529946e-01   6.7505937e-02  -1.3800018e-01   1.0797319e-01   3.5066959e-02  -3.7521982e-01   1.7874274e-01   4.7291301e-02  -1.6254009e-01   4.0654826e-01  -3.9105700e-01   4.1381087e-02  -5.9807518e-02  -9.2974133e-03  -1.4596781e-01   2.0346150e-01   1.4487970e-01  -2.4654491e-01  -1.6832693e-01   2.3135946e-02  -4.2464742e-02   3.7790170e-01  -2.5140837e-01  -2.8661317e-01   6.0367918e-02  -2.6590269e-01  -1.1437263e-01  -4.5216851e-03  -1.0123592e-01   4.3063255e-01   6.1413225e-02  -3.5536319e-02  -3.0045963e-01  -1.4843497e-02  -1.6833751e-01   2.6312739e-01  -1.0081571e-01   5.0092130e-01   9.3893980e-03   2.0357356e-01  -2.3605697e-01   2.6816813e-01  -2.0645224e-01   3.3620160e-01   1.7773473e-01   2.0073334e-04  -6.0262115e-02  -2.8953047e-01   1.6656677e-01   2.2964327e-02  -5.0588372e-02   1.7950102e-01   2.0198421e-01   4.2571089e-01  -4.7635246e-02   4.1617675e-03  -4.4997987e-02   4.8678606e-02  -1.4035235e-01   5.4012342e-01   6.2048907e-01   9.7689447e-02  -2.1717769e-01  -1.3191170e-01   4.4562870e-02  -1.5847440e-01  -1.4204222e-01   2.6319165e-01   1.8927409e-01  -6.7476390e-02   1.0682835e-03   1.8222544e-01   1.9440885e-01   3.1837898e-02  -2.0749346e-01   3.8766234e-01   6.6211064e-02   2.6651646e-02   1.6010941e-01   2.2997244e-01  -2.7988030e-01   5.9947426e-02  -8.6262191e-02
  -2.4126795e-02   3.6245727e-01   0.0000000e+00  -7.4928329e-02   5.3222981e-02  -5.8731733e-02   7.1949954e-02   1.1934993e-02  -7.0327261e-02   4.1227735e-01  -2.1506663e-01   4.3308942e-01  -7.1455004e-02  -1.2146525e-01   3.1432840e-02  -5.9216406e-02   8.9748423e-01  -3.9472106e-01   4.5659200e-02   1.7125276e-01  -3.5001724e-01  -1.6808919e-01  -7.6355651e-02  -1.8956427e-01  -2.0239364e-01  -1.6450851e-01   3.6362991e-01  -1.5116513e-01  -3.3277376e-02  -1.4952773e-01  -2.2496851e-01  -3.4084791e-01   6.7353611e-02   1.2808102e-01   1.9924640e-01  -2.1778728e-02  -2.0276597e-01   2.2694007e-01  -2.1378877e-01   6.1316125e-01  -5.5195957e-02   2.8881426e-01  -1.1084353e-01  -1.0922252e-01  -1.3489157e-01   4.2067945e-01  -1.6214907e-01  -1.4554159e-01  -1.2243666e-01   7.1129149e-01  -3.5236575e-01  -2.6225342e-01  -1.9612931e-01   2.0102301e-02  -1.0583168e-01   1.2185719e-01   1.6731204e-01  -2.1283241e-01  -2.6080036e-01  -1.0134010e-01   4.4975446e-01  -6.3911156e-02   1.3683153e-01   1.0913104e-02  -3.8161479e-01  -4.1312728e-02   9.5822635e-02  -2.7596334e-01  -2.6142230e-01   6.2487339e-01   3.8114276e-01  -2.7001805e-01  -4.5992570e-02   1.4936402e-01  -8.2878088e-02  -1.0088526e-01   3.1320828e-01   2.9717801e-02   9.7016226e-02  -2.5715035e-01  -1.8227189e-01  -3.1365757e-01   3.5278092e-01  -8.6259200e-02  -3.8294853e-02  -3.2470202e-02  -4.7057157e-02  -1.4707587e-01   3.3884154e-01  -6.2319668e-02   2.3563593e-02   5.1701887e-01   2.9224414e-01  -1.3756385e-01   1.4381882e-01   4.0004118e-01  -3.4171186e-01  -2.5521241e-03  -1.1485795e-01  -4.3074453e-02   1.1870084e-01   8.4507855e-02  -2.1549428e-01   3.9236909e-02  -4.0489166e-01  -1.7128027e-01   2.4135771e-01  -1.3485163e-01   2.0668363e-01  -1.1450069e-01   4.1319527e-01  -2.2940305e-01  -1.6939170e-01   6.6788591e-02   1.7605725e-01   1.0902527e-01  -1.1876964e-01  -4.3648486e-02   2.9265512e-02  -2.9266062e-01   5.7786179e-02   1.3845635e-01  -1.1289790e-01  -1.8848673e-02   5.9739283e-02  -4.9015062e-02  -1.6150055e-01  -1.0818845e-01  -2.9832631e-01   6.4298481e-01   7.0933014e-02   2.2275087e-02   1.5277781e-01  -3.6422799e-01  -4.0635329e-01   6.2602232e-02  -1.9493983e-01   3.8503628e-02  -2.8057721e-01   5.3241794e-02  -2.7975490e-02  -1.0565656e-01  -1.0412617e-01   2.5566684e-01   4.6882936e-02  -3.2345356e-01   5.1756737e-01  -7.1484416e-02  -1.1283803e-01  -2.6699873e-01   2.4126771e-02  -2.3082854e-01  -9.6163896e-02   1.4143318e-01   7.4835375e-01   6.9432089e-02   3.9695733e-02  -1.8125883e-01   3.2804024e-01  -2.5070307e-01  -3.9836772e-01  -6.3561624e-02   7.7711287e-02  -3.9738704e-01  -8.6604364e-02   2.8844110e-01   7.8974782e-02  -3.5128559e-02   2.6503097e-02   1.9279691e-01   2.7357425e-01   9.1472950e-02  -3.4796051e-01   6.4493342e-02  -1.9642395e-01   1.5705283e-01  -7.9591752e-02
  -2.1499859e-01  -6.2681370e-02  -7.4928329e-02   0.0000000e+00   1.7231428e-01   4.7790750e-01  -1.9650397e-01  -5.0265337e-02   2.5313924e-01  -1.4489951e-01   3.7878335e-01  -7.9570134e-02   2.5564308e-01   1.7422656e-01  -1.8348682e-01   3.0674209e-01  -1.0631861e-01   4.6467583e-01   1.1953253e-01   3.0348113e-02   3.7585736e-01   6.6101141e-01  -7.4256313e-02  -1.5296564e-01  -1.2477450e-01   2.5735175e-01   3.0591618e-01   2.6901842e-01  -8.3916956e-02   5.9743436e-01  -1.1783593e-01   4.8878744e-01   1.2228929e-01   2.0964158e-01   3.8027238e-01   1.7709156e-01  -5.5493725e-02  -1.5012670e-01   2.8576381e-01  -2.5661009e-01   3.7400111e-01   9.2421874e-02   3.5065284e-01   2.1025237e-01   4.0458275e-01  -9.4430226e-02   3.9417940e-01   1.2442339e-01   1.4995289e-01  -1.4769958e-01   5.0112719e-01   8.1710778e-02   2.8667001e-01   6.6154603e-02  -1.9273856e-01   1.1651814e-01   1.7265740e-01   4.6065184e-01   5.9775982e-01   5.7470676e-01  -7.9453821e-02   4.5366800e-01   2.2610297e-01  -2.6244297e-02   5.0737058e-03   1.2041899e-01   4.9417041e-01   3.9296907e-01   5.4261864e-01  -1.4236382e-01  -3.9385930e-01   6.7431609e-01   1.9984203e-01   4.0786186e-01  -2.1650904e-01   3.4340497e-02  -1.9066259e-01   3.6159160e-01   1.6588544e-01   3.2614260e-01   3.2235407e-01  -5.3574930e-02  -2.8758996e-02   1.8748579e-01   1.4690976e-01  -1.5435185e-01   1.2241210e-02  -1.8920518e-01  -7.2133779e-02  -7.0270305e-02  -1.9230913e-01  -3.3740341e-02   2.8201999e-01   4.2680599e-01  -2.1355345e-01   7.1506959e-02   4.5025215e-01   3.6481710e-01   5.8162054e-01   4.5906375e-02  -1.3889466e-01  -8.6520949e-02   4.3111601e-01   3.4719400e-01   4.5652449e-01   4.4364221e-01   2.8709042e-02   5.2137978e-01   8.7922858e-03   4.0907309e-01  -2.8512769e-02   5.2816733e-01   7.9774481e-01  -2.8388841e-01  -2.3885191e-01  -1.4069138e-01   2.4419710e-02   1.1827798e-01   1.8499975e-01   7.3285808e-01  -2.6913657e-01  -1.5152346e-01   1.4883239e-01  -9.3937656e-02  -2.9502110e-01   5.7031893e-01   2.9419116e-01   1.2425634e-01   5.7951359e-01   1.1719127e-01   2.6013217e-01   6.7760380e-02   3.0091604e-01   5.5841030e-02   4.7092437e-01  -1.3608591e-01   1.4564015e-01  -1.3668215e-01  -1.4466775e-01  -3.3432088e-01  -3.8723934e-01   2.7246953e-01   4.6401038e-01   3.4257363e-01  -1.2941349e-01   2.8202988e-01  -3.1547194e-01  -6.2693896e-02   4.6248838e-01   4.0568765e-02  -3.0563789e-01   4.0263956e-01   1.9315742e-02   1.6332293e-01   8.2995876e-02  -1.9812942e-01  -2.4852795e-01   4.8418801e-01  -1.2990959e-01   3.7878815e-01   4.9765484e-01   4.7017461e-01   1.5189225e-02   6.0414770e-01   5.7762671e-01  -1.9498993e-01   2.5956555e-01   4.1428004e-01  -2.9076639e-01   2.0337646e-01  -3.9535254e-02  -2.2308140e-01   5.6508850e-01   4.6728082e-01   1.0436042e-01   6.1828811e-02   6.9495089e-01
  -1.9495436e-02  -6.4325772e-02   5.3222981e-02   1.7231428e-01   0.0000000e+00   1.0318797e-01  -3.3451001e-01  -3.6208526e-01   2.2560278e-02   4.6940234e-01   8.4187532e-02  -2.0985061e-02   4.4424658e-01   7.0476085e-02  -2.2871490e-01   3.2868827e-01   1.4820742e-01   2.5858661e-01  -1.6911502e-01   8.3919723e-01   3.6262067e-01   1.3251308e-01   6.3062579e-02   6.6351297e-02  -1.0248415e-01   4.2543133e-02   3.1007896e-01  -1.2132443e-01   3.1125560e-01   1.5469124e-01  -1.8667975e-01   1.8236334e-01   2.3545145e-02   3.1048400e-01   1.7131556e-01   6.8890890e-01   2.6680953e-01  -2.5941343e-01   4.1090579e-01   1.1159230e-02   5.1603112e-01  -1.3465414e-01   2.7974679e-01  -2.4964478e-02   3.3706710e-01   1.6215483e-02   4.1954167e-01  -2.4466593e-02   3.4296403e-01   2.3019644e-01   2.7565535e-01  -7.2803583e-02   1.1925600e-01   2.9977115e-01  -6.1187791e-02   9.3917438e-02  -2.9951325e-02   2.4387148e-01   3.6189193e-01   2.5569743e-01   9.5541159e-02   5.0308723e-01   4.5904856e-02  -1.9424908e-01   1.3293405e-01   6.3810724e-01   3.9650666e-02   1.6748619e-02   8.0430496e-02  -1.1039625e-01  -1.5798901e-01   2.9688585e-01   6.2176941e-01   1.8157634e-01   3.8869286e-02  -1.4034919e-01  -4.2111435e-02   1.8826181e-01   6.4408212e-01   1.9712120e-01  -1.1318265e-01   2.3425593e-01   1.4197563e-01  -1.5396953e-01   6.0304333e-02  -1.3937016e-01  -9.4210689e-02   5.6877315e-02  -6.0104351e-02   6.7191085e-02   5.7686690e-01   1.6133997e-01   4.6473898e-01   3.4873524e-01  -1.0418389e-01   5.6177696e-01   2.3511321e-01  -5.1986341e-02   3.9319096e-01   4.3229090e-01  -1.9451744e-01  -1.2541126e-01  -5.1581242e-02   3.8963702e-02   1.9098523e-01  -1.2958966e-02   9.1458345e-02  -1.3847722e-03   1.3347242e-01   5.7481030e-01   1.1936832e-01   1.2661952e-01   1.9960034e-01  -3.8977281e-02  -3.6323654e-01   3.5043451e-01  -2.7230994e-01   5.7471874e-01  -9.2847848e-02   2.3791556e-01  -1.1914821e-01   6.4434068e-01   2.3832030e-01   1.4941135e-01  -5.7610936e-02   2.1504512e-01   4.8856498e-01   4.3596071e-02   1.5986961e-01   1.4712932e-01   2.2243054e-01   5.6063145e-02   2.2646275e-01  -1.2722264e-01   3.4105079e-01  -1.9561598e-01   1.9539463e-01  -4.5251523e-01  -1.2400718e-01  -1.0452068e-01  -1.0497568e-01   4.0034017e-01   2.2536596e-01   1.8604178e-01   1.7977401e-02   3.5986614e-02  -3.0811311e-01   4.9721835e-01   4.3911180e-01   2.6836240e-01  -2.8635322e-01  -4.9358104e-02   2.1499832e-01   7.1219394e-02   1.5901135e-01  -6.4540418e-02  -1.6198489e-01   2.6854748e-01   1.6337567e-01  -3.0834495e-02   2.4994819e-01   1.2838099e-01   7.0044953e-01   2.5300769e-01   1.5361861e-01   1.0945819e-01   1.7127446e-01  -1.2448959e-01   5.6763342e-03   4.9281346e-01   5.7639753e-01  -9.5468202e-02   1.7159318e-01  -3.6296867e-02   1.8136820e-01  -2.0190400e-01  -5.0029978e-02
  -1.0623140e-01   5.6381076e-02  -5.8731733e-02   4.7790750e-01   1.0318797e-01   0.0000000e+00   9.0790519e-02   4.3513725e-02   9.9418420e-02  -6.1317509e-02   5.1453917e-01   2.6696821e-02  -1.0820586e-01   2.5047378e-01  -6.0485377e-02  -3.5310811e-02  -7.2453611e-02   4.3536200e-01   3.2654935e-01  -2.6975215e-02   4.9832220e-01   5.8721721e-01   1.4986634e-01  -7.5421089e-02  -6.9040571e-02   4.0647557e-01   5.4782925e-01   4.9094539e-01  -1.0560319e-01   6.8189060e-01   7.0502913e-02   2.4991642e-01  -2.1400262e-01   2.2118467e-01   3.4936967e-01   2.4441702e-01  -2.7828155e-01  -6.5433998e-02   1.3009349e-01   5.2097569e-02   3.5966786e-02  -1.8330646e-01   2.4265234e-01   3.8914494e-01   1.4919247e-01   1.9344339e-01   5.6088644e-01   4.3587870e-01   3.5335475e-02  -3.3960151e-01   3.8720768e-01   1.7790161e-01   3.8984086e-01  -3.1981231e-02  -1.3707093e-01   2.1197233e-01   3.4326875e-01   2.2879174e-01   3.5695493e-01   5.0835917e-01  -1.7121319e-01   1.7658071e-01   3.2749342e-02   1.0219559e-01  -1.5129965e-01   5.9752545e-03   8.6533885e-01   1.1897945e-01   6.3407512e-01   1.8148635e-01  -1.8796899e-01   5.8726725e-01  -1.0224874e-01   4.1731053e-01  -3.0971542e-01  -6.6154331e-02  -1.5228124e-01   3.6148797e-01   9.0142834e-02   1.3348568e-02   5.8504369e-01  -1.4390004e-01  -2.6388940e-02   3.2625556e-01   3.8159151e-01  -2.0989974e-01   1.7533881e-01   2.3569509e-02  -3.8922364e-01   1.9215302e-01  -2.4157312e-01  -1.4739178e-01   2.3164686e-01   8.0757316e-02  -2.8282065e-02  -1.8672889e-01   3.2728787e-01   4.9146288e-01   3.9849354e-01   1.7257488e-02   2.3019517e-01   2.9671945e-02   5.3921593e-01   4.2440024e-01   3.9489581e-01   2.2291381e-01  -1.4691569e-01   6.1091431e-01  -1.9344059e-01   5.1338506e-01  -1.6109033e-01   5.6554969e-01   4.2022686e-01  -1.0351761e-02   8.0305415e-02  -3.1981467e-01   2.3640949e-01  -1.7467362e-01   4.1424228e-01   3.4560858e-01  -2.4475821e-01  -1.8308223e-01   6.1715928e-02  -7.9086766e-02   1.1926079e-02   5.2262266e-01   2.0662142e-01  -1.3423950e-02   3.5079797e-01   2.7217084e-01   7.6100849e-02   1.5354621e-01   3.9038194e-01   1.5176596e-01   2.2757678e-01  -1.4022037e-01  -9.7133556e-02   1.0046381e-01   5.0253207e-02  -2.3404193e-01  -3.1290199e-01  -3.0487735e-03   6.0705842e-01   5.2085560e-01  -1.4140708e-01   2.3990015e-01  -1.1697382e-01  -7.2588897e-02   5.9637554e-01   1.6433118e-01   1.4470327e-01   6.4834020e-01  -1.1805906e-01   1.6536219e-01   3.0091733e-01  -1.1086347e-01  -3.0289217e-01   1.4423230e-01  -1.6124333e-01   4.5074882e-01   2.9271230e-01   5.5110110e-01   1.9175667e-04   5.2355575e-01   3.6659418e-01  -2.2622893e-01   3.0415105e-01   3.9353560e-01  -2.9661905e-01   2.6054277e-01  -2.1132029e-01  -3.7900594e-01   5.5187141e-01   6.8566952e-01  -1.7050323e-01   1.3275892e-01   5.4130353e-01
  -8.4825595e-02  -2.1370536e-02   7.1949954e-02  -1.9650397e-01  -3.3451001e-01   9.0790519e-02   0.0000000e+00  -6.6979167e-03  -1.9476658e-01   2.4209933e-01   1.0542533e-01   1.3106975e-01  -3.2502767e-01  -2.3629127e-01   7.1946543e-01  -3.8638332e-01  -4.7634667e-02  -1.4442428e-01   1.5562047e-02  -2.7096216e-01  -5.0187801e-02  -1.3219304e-01   6.7164107e-01  -1.9066110e-01  -1.7635196e-02  -1.7442203e-01   2.4001250e-03   1.5326647e-02  -4.8178285e-02   2.8153380e-02   1.8361389e-01  -1.8239950e-01  -2.3680769e-01   1.5351053e-01   1.5514524e-02  -8.8703937e-02   1.3310809e-01   2.8331435e-01  -4.4413274e-01   3.4108108e-01  -2.6284338e-01  -1.3413509e-01  -2.6029848e-01   6.6655851e-02  -1.5150086e-01   4.6881585e-02  -9.2600873e-02   4.2781759e-01  -3.7602438e-01  -1.7452975e-01   6.0414924e-02  -2.6429437e-01   1.2861579e-03  -1.2248220e-01  -2.5491442e-01   4.5934526e-01  -1.1163862e-02  -2.5048589e-01  -2.0306876e-01  -1.2930279e-01  -5.6534263e-02  -2.4803836e-01  -3.4555918e-01   1.1472233e-01  -1.4296273e-01  -1.8438728e-01   1.2098088e-01  -6.0141317e-02  -6.8692753e-02   3.7743189e-01   1.9366307e-01  -8.6984016e-02  -2.4332339e-01  -2.7006048e-01  -2.6304049e-01  -5.4493293e-02  -3.5148412e-02  -2.7956684e-01  -3.5457903e-01  -2.1227018e-01   2.1748781e-01  -2.3101282e-01  -1.7170247e-01  -1.5709032e-01  -2.5929796e-01   8.6807946e-02   1.7650036e-02  -8.9461412e-02  -2.2012614e-01  -1.6235146e-01  -3.4718909e-01  -2.8551078e-01   3.3252929e-02  -3.6855001e-01   5.6955988e-02  -3.1377357e-01  -8.1864720e-02  -1.0169588e-01  -9.4760840e-02   1.6486741e-01   2.4384122e-01   5.7333765e-01  -2.6219915e-02  -8.9154113e-02   2.2850969e-02  -2.7244665e-01  -2.6904529e-01  -1.6225161e-01   8.3856675e-02  -2.7316994e-01   6.7350917e-02  -6.0389407e-02  -1.0318770e-01  -7.1607851e-02   7.0492522e-01  -3.1405860e-01   3.8278100e-01  -3.1969381e-01   5.1682401e-02  -2.1590470e-01  -4.0067518e-02  -3.0392262e-01  -2.3099899e-01  -3.4570616e-01  -4.7236257e-02  -3.2281566e-01  -1.0946891e-01  -2.5027519e-01  -1.5244802e-01  -6.8037348e-02  -2.8717998e-01   1.4823055e-01  -2.5286999e-01   2.3871060e-01  -2.3554667e-01   8.5116519e-02  -9.7352769e-02   5.4534624e-01  -2.8634026e-02   9.6919793e-02  -1.7016104e-01  -3.1724044e-01  -2.0192435e-01  -1.8014947e-01   2.8233031e-01  -1.4457182e-01   5.6093078e-01  -2.1755429e-01  -2.1261284e-02   8.3634823e-02   2.5004141e-01   1.8553394e-01  -1.7258027e-01   5.1602157e-02   3.7250199e-02  -8.9862938e-02  -3.7267579e-02  -1.5785283e-01  -2.7703036e-01  -6.8219124e-02  -1.0494445e-01  -1.4149096e-01  -2.2342336e-01  -1.3081092e-01  -3.9864729e-01   1.7089798e-01   7.0625120e-02  -7.9428744e-02  -2.2430738e-03  -2.9550835e-01  -2.1447116e-01  -1.9212867e-01  -3.3479787e-02  -6.0408610e-02  -2.3743243e-01  -4.4270939e-02  -2.1130428e-01
  -7.3532445e-03   2.2682103e-01   1.1934993e-02  -5.0265337e-02  -3.6208526e-01   4.3513725e-02  -6.6979167e-03   0.0000000e+00   3.0478271e-01  -2.8696292e-01   1.2554847e-01   1.2415716e-01  -2.1456883e-01  -4.7240804e-02   5.2247293e-02  -2.3562885e-01  -2.9392492e-02  -1.0770167e-01   2.8940099e-01  -2.5778549e-01  -1.3425062e-01  -1.7619470e-02  -1.7962527e-01   3.8078521e-02  -6.8557795e-02   9.9723929e-02   4.1408199e-02   1.6529824e-01  -2.3813097e-01  -1.1266726e-01   2.3521631e-01  -9.3189550e-02  -8.4321840e-02  -5.3487404e-02   1.0302544e-01  -4.2880077e-02  -1.1551792e-01   9.7818879e-02  -1.9860079e-01   1.2713112e-01  -2.6267396e-01   2.4137510e-03   2.6664743e-03   2.3902761e-01  -1.1661434e-02   1.2252752e-01  -1.0146312e-02   9.2899922e-02   1.1777002e-02  -3.7096703e-02  -1.6619092e-01   3.7499029e-01   3.5701345e-02  -1.8875153e-01   4.8545051e-02  -1.3035828e-01  -1.5375304e-01   1.8621089e-01  -1.2297299e-01   1.0551738e-01  -3.3990530e-02  -2.1692141e-01   1.9682430e-01   2.0984359e-01  -3.5938322e-04  -2.6105512e-01   1.9815215e-01  -1.0154735e-02   6.7003489e-02  -2.1924258e-02   1.8841876e-01  -1.5142292e-01  -4.4943183e-01  -5.6574028e-02  -1.4900989e-01   4.2711416e-01   3.0938880e-02   1.5889015e-01  -3.8279289e-02   9.5249046e-03   9.8251271e-02  -5.6579325e-02   9.0339708e-02   5.3216062e-01   5.2412225e-03   3.7545030e-01   2.5058810e-02  -5.5702859e-02   1.4905253e-01  -3.5434268e-02  -3.9718494e-02  -1.1085570e-01  -2.0899222e-01   1.1005077e-01   1.5236566e-01  -9.7576551e-02  -9.8658170e-02   6.4959277e-02  -1.7440529e-01  -2.9793716e-01   1.0178437e-01   1.3211820e-01   1.7318784e-01   2.1261897e-01  -2.2925829e-02   1.7887690e-01  -1.3993714e-01   2.1590389e-01  -1.8923798e-01  -1.7979633e-02  -2.0153639e-02  -7.0114553e-02  -1.4755364e-01   4.4716944e-02   2.3231935e-02  -3.6381775e-02   1.7565647e-01  -3.3833985e-01   1.3382438e-02  -7.2362262e-02   9.8672081e-02  -3.2988757e-02   1.6623664e-02   1.0586325e-01   1.3349004e-01   3.8404224e-02  -1.2093894e-01   8.3960551e-02  -7.9076937e-02  -5.3621398e-02   7.1874731e-02   1.6056804e-01   2.3638157e-02   2.3100496e-02  -8.6859608e-02   5.3362043e-01  -8.4563921e-02   1.3928841e-01   5.7034954e-01  -2.8613350e-02   2.5974957e-02  -5.5085877e-02   1.2575263e-01  -6.6488551e-02  -1.5132636e-02   1.7298580e-02   1.0326732e-01  -1.1376874e-02  -6.0935176e-02  -1.8597787e-01   1.1191132e-01   1.7945840e-01  -3.2168325e-02   9.3566536e-02   7.6650439e-02   5.4491897e-02   9.4337367e-02  -5.0188210e-02   9.0112745e-03   1.9562355e-01  -1.3008570e-01   2.0451290e-01  -2.8445529e-01  -1.2597001e-01   1.2023990e-01   6.7703119e-02  -8.2531252e-02   3.1973442e-01  -1.4681450e-01  -1.2108072e-02  -1.6890241e-01   5.5279028e-02  -6.0208634e-03   9.3071470e-02  -5.9566907e-02   3.9121989e-01   6.6567801e-02
  -1.6466053e-01   2.9825611e-01  -7.0327261e-02   2.5313924e-01   2.2560278e-02   9.9418420e-02  -1.9476658e-01   3.0478271e-01   0.0000000e+00  -2.0792960e-01   1.4649176e-01   1.0875695e-01   3.0569236e-01   1.3728786e-01  -2.5586839e-01   1.5617427e-01  -8.4081987e-02   1.3369548e-01  -2.0044321e-01  -6.4453056e-02   1.0465210e-01   2.3611955e-01  -1.9889386e-01   1.6379287e-01   2.9653884e-02   9.0925649e-02   2.4230966e-02   2.6542486e-02  -1.0208889e-02   2.5669264e-01  -3.8141222e-02   1.7081700e-03   2.2031757e-01   1.2958287e-03   5.8492978e-01  -4.8816684e-02   6.8484738e-02   2.5965585e-01   1.6895251e-01  -1.3043285e-01   1.7349882e-01   2.0799027e-01   4.2451531e-01   1.8005196e-01   3.8435747e-01   2.0735713e-01   1.2047690e-01   1.3314549e-01   1.2265705e-01  -1.1516276e-01   1.0117551e-01   3.3509089e-01   1.6860753e-01   2.7378064e-01   2.2496566e-01   2.9341129e-02  -3.8468230e-01   3.3041260e-01   1.5297263e-01   4.5446664e-01   5.1794927e-02   2.3243885e-01   5.6047067e-01   1.4421150e-02   4.0361755e-01   9.6533438e-03   1.9700332e-01   5.2873010e-02  -1.7043313e-02  -3.5501657e-02  -1.1343189e-01   2.1525320e-01  -9.0490126e-02   3.0989361e-01  -1.5191782e-01   2.1387413e-01   1.5692547e-01   9.5269705e-02   1.3121387e-01   3.9953808e-01   1.0948113e-01   2.8830509e-01  -6.5144859e-02   7.7829893e-02   1.8611603e-01   9.9925047e-02   2.6263973e-01   1.5760320e-01   2.2047339e-01  -1.7084704e-02   2.3724360e-02  -4.9910043e-02   4.0632236e-02   5.7562459e-01   3.9253027e-01  -8.4687672e-02   1.7566596e-01  -1.1536540e-01   2.5640010e-01  -3.0378431e-02  -3.5367881e-02   1.0880684e-01   6.3080851e-02   6.5352761e-01   9.0407910e-02   2.0984059e-01   3.1595760e-01   1.0027276e-02  -2.1884001e-01   2.0385258e-01  -1.1949204e-01  -2.5937846e-02   3.2491887e-01   3.4142974e-02  -9.1321724e-02   4.8454702e-02  -4.7457330e-02   9.4888855e-03  -6.4385620e-02   3.0491930e-01   2.8937450e-01   8.7705547e-03   4.8223205e-01   1.0774199e-01   9.8567844e-02   2.8964368e-01   4.0908367e-02   6.1544520e-01   4.0206372e-01  -7.0505284e-02  -1.2250681e-01   2.2361058e-01   1.2689257e-01   2.1661224e-04   3.9223865e-01   1.5451367e-01   3.7053598e-01  -1.2427691e-01   6.8832561e-02   8.3502173e-02  -3.9784077e-02   2.4370476e-01   2.9454105e-01   1.4230456e-01  -1.2790341e-01   1.9153518e-01  -1.1650412e-01   2.2293177e-01   1.9772245e-01  -1.3085567e-01  -3.1604327e-03   1.6325584e-01   3.7301873e-01   2.0263689e-01   6.5823069e-02   3.2575333e-01   2.1260606e-01   1.0690674e-01   1.1405455e-01   2.0049512e-01   2.1396510e-01   1.7779866e-01  -6.3092686e-03   2.1157400e-01   1.5817960e-01   7.1220346e-02   1.2259407e-02   4.6514825e-02   1.0475672e-02  -1.3008993e-02   5.1832326e-02   4.6100802e-01   4.6853251e-01   3.5340739e-03   2.9406464e-01   1.1200528e-01   1.2923696e-01
   1.0833394e-01  -1.6111025e-01   4.1227735e-01  -1.4489951e-01   4.6940234e-01  -6.1317509e-02   2.4209933e-01  -2.8696292e-01  -2.0792960e-01   0.0000000e+00  -1.2509554e-01   2.2798123e-01   3.0552882e-01  -8.3942773e-02   2.4005539e-01   1.3577708e-01   3.3205626e-01  -8.7184412e-02   1.9027967e-03   6.7773580e-01  -1.0738850e-01  -2.8863685e-01   4.5640013e-01   3.4667174e-02  -4.8672661e-02  -5.3309154e-02   1.6250597e-01  -2.1549122e-01   3.3122465e-01  -2.5505534e-01  -2.0332178e-01  -7.0702739e-02  -7.8160126e-02   4.1566152e-01   5.6961223e-02   3.6142092e-01   2.2821634e-01   1.1914452e-01   4.5529166e-02   4.1742696e-01   3.3494445e-01  -8.7537059e-02   6.8646972e-02  -9.8512608e-02   2.0595755e-01   1.6905742e-01   5.0744312e-04  -1.3912677e-01   3.7061686e-02   3.8583760e-01   1.1281363e-01  -2.5170568e-01  -2.9125799e-01   1.9895197e-01  -1.1175431e-01   3.4079233e-01   9.6257376e-02  -1.3905632e-01  -2.7480169e-02  -1.2401642e-01   2.8062699e-01   2.8883948e-01  -1.0477590e-01  -1.1179554e-01  -7.9590412e-02   4.5616112e-01  -1.1487590e-01  -1.6614200e-01  -2.5566491e-01   1.8359833e-01   8.7848379e-02  -2.9777101e-02   4.0174002e-01  -8.5834413e-02   9.5739789e-02  -3.0822850e-01   2.1926581e-01   2.9257145e-03   1.8137995e-01  -7.9192675e-02  -1.1682061e-01  -4.3166663e-02   4.4006260e-03  -2.5880172e-01  -2.6836572e-01  -1.3651752e-01  -3.3539006e-01   3.0892661e-02   3.6135867e-02   6.9396465e-02   2.9659288e-01   2.2065019e-01   3.5665695e-01   5.5265604e-02   4.2964452e-02   4.1890983e-01   2.0353605e-02  -1.2587806e-01   9.2995494e-02   6.1325976e-01  -1.9839501e-01   2.8070269e-01  -2.7902436e-01  -2.6307573e-01  -5.5007714e-02  -2.8069514e-01   9.3418428e-02  -2.7534987e-01   4.4820500e-01   1.8401367e-02   3.3938196e-01  -2.0659884e-01  -1.0418362e-01   7.3707334e-02   1.2016464e-01   1.3713752e-02  -4.2806501e-02   4.0961050e-01  -2.0973178e-01  -1.1470879e-01   1.2636775e-01   3.9635408e-01  -6.9375527e-03  -1.0787844e-01   6.5716061e-02  -1.6798267e-01   2.3890788e-01  -2.5943145e-01  -2.1951149e-01   4.4369919e-02   1.6454121e-01  -1.3943187e-02  -7.6158367e-02  -2.8473414e-01   2.5844729e-02  -1.3519742e-01   2.0135653e-02  -1.6676876e-01  -2.4093015e-01   1.9688826e-01   5.1008331e-02   1.8577478e-01  -1.5971976e-01  -4.7048153e-02   3.2715260e-01  -3.6304752e-01   4.0989213e-01   1.8552340e-01   1.3874353e-01   2.5114802e-01  -4.8239683e-02  -2.8070321e-01   1.5523926e-01   5.1591959e-03   1.7618614e-01   7.6213816e-02   1.1217392e-01   1.3700311e-01   1.9062713e-01  -2.3400202e-01  -1.1608388e-01  -8.8377979e-02   4.8156192e-01  -1.1197900e-01  -1.7277953e-01   3.6353391e-01  -1.0651723e-02  -2.0707571e-01   2.1694666e-01  -9.8658847e-04   4.7074583e-01  -6.0565226e-02  -1.8842481e-01  -2.1909589e-01   7.2774511e-03  -1.6083238e-01  -3.2817708e-01
  -9.4804012e-03   3.2691087e-02  -2.1506663e-01   3.7878335e-01   8.4187532e-02   5.1453917e-01   1.0542533e-01   1.2554847e-01   1.4649176e-01  -1.2509554e-01   0.0000000e+00  -2.6136298e-01  -2.0661558e-01   1.0942787e-01   2.2828781e-01  -1.3296619e-01  -1.4935215e-01   6.3209771e-01   2.6234723e-01  -9.1756164e-02   5.2102816e-01   4.9058757e-01   2.9463704e-01  -9.4963309e-02  -1.2261807e-01   1.1474191e-01   4.2901139e-01   4.2544421e-01  -1.0245088e-01   4.8660782e-01   3.8825326e-01   2.2712105e-01  -2.3018186e-01   3.3598292e-01   1.0092499e-01   4.4494019e-01  -1.1582742e-01   2.6189096e-02   3.5001743e-02  -3.2051604e-02   1.6746213e-01  -1.9340471e-01  -6.7481715e-02   5.7871438e-01   1.9029330e-01   7.3710371e-02   7.3916421e-01   3.3757739e-01   6.9203846e-02  -3.5396717e-01   5.1202841e-01   1.7620898e-02   4.5729011e-01  -1.3519355e-01  -8.0615237e-02   3.1264542e-01   1.3895054e-01   1.6837445e-01   3.0236512e-01   4.2917439e-01  -1.3289808e-01   1.0453136e-01  -1.4462743e-01   3.5336539e-01   4.0020942e-02   7.7548150e-02   5.5656184e-01   2.0213168e-01   6.9585714e-01   2.2523444e-02  -1.8262299e-01   4.6566928e-01  -1.8423186e-02   2.6824581e-01  -3.5094517e-01   6.7288065e-02  -1.3626229e-01   3.7546791e-01   1.9158420e-01  -1.0706124e-01   3.6825817e-01  -1.7474935e-01   3.2418535e-02   3.3236355e-01   1.4489724e-01  -1.1194500e-01   6.5791625e-02  -1.5063164e-01  -3.4405227e-01  -1.6088144e-02  -9.9156721e-02  -2.1235335e-01   2.8613093e-01   1.0210196e-01   2.0495864e-02  -2.0976991e-01   1.8962758e-01   3.0747180e-01   3.3055614e-01  -6.8577037e-02   2.2858096e-01  -1.7842126e-02   3.3433489e-01   3.0766255e-01   3.8496959e-01   3.2119878e-01  -1.2732408e-01   5.1617398e-01  -1.7198329e-01   4.9778258e-01   4.8321900e-02   4.0396641e-01   2.8406120e-01  -7.0404991e-02   1.2739922e-01   6.7464856e-02   3.8511940e-01  -1.1469967e-01   3.4434469e-01   2.1739583e-01  -1.9927202e-01  -1.4157507e-01  -1.7502847e-01   2.8925445e-01  -2.9486861e-02   3.2411435e-01   2.4229121e-01  -1.6438845e-01   3.1605604e-01   4.2172046e-03   2.5636540e-02   5.0592445e-01   2.2685934e-01   4.2823589e-01   1.0942554e-01  -3.4765402e-03  -1.8628990e-01   2.9385163e-01   2.6815410e-01  -1.6265847e-01  -1.9672084e-01  -1.0699831e-01   5.8281442e-01   1.7428241e-01   5.3064769e-02   4.3417773e-01  -2.4904224e-01  -1.8279892e-02   4.5047411e-01   2.2432063e-01   1.5473494e-01   4.9100952e-01  -9.4707677e-02   4.4508115e-01  -1.3042698e-02  -9.0552950e-02  -2.6720350e-01   2.4666793e-01  -1.0311319e-01   2.3872921e-01   2.8214322e-01   6.7057962e-01  -3.9587332e-02   5.7250404e-01   2.8405723e-01  -5.3497531e-02   5.4047385e-01   4.3708744e-01  -2.4040560e-01   2.0340458e-01  -6.6029913e-02  -3.6294427e-01   5.1657811e-01   3.5620975e-01  -2.8931894e-01  -6.3771475e-03   4.8877462e-01
   4.2574825e-02   4.3937876e-01   4.3308942e-01  -7.9570134e-02  -2.0985061e-02   2.6696821e-02   1.3106975e-01   1.2415716e-01   1.0875695e-01   2.2798123e-01  -2.6136298e-01   0.0000000e+00  -1.2098857e-01  -1.8687759e-01  -1.1734133e-01  -5.3789863e-02   2.4456190e-01  -3.7441278e-01  -8.0731512e-02   1.2556187e-01  -3.7787449e-01  -1.9708189e-01  -1.0965320e-01  -1.9508753e-01  -6.4861857e-03  -1.0858138e-01   2.0936434e-01  -1.2002331e-01   1.1693689e-01  -9.7429804e-02  -2.3984722e-01  -1.7277003e-01  -1.4495639e-01   2.8989823e-01   3.9790616e-01   1.1178636e-02  -2.1387099e-01   1.1612977e-02  -1.7020197e-01   2.9791856e-01  -1.1633580e-01  -7.5580567e-02   4.4804374e-01  -2.1737709e-01   1.3682961e-01   1.3033796e-02  -1.6320095e-01   6.9433615e-02  -1.3990192e-01   4.0346870e-01  -2.6097836e-01  -1.3357239e-01  -4.4154268e-02  -1.2319242e-01  -3.4108086e-01  -7.6179268e-02  -7.0492878e-03  -1.4401636e-01  -1.5760119e-01   3.8734299e-02   5.2923103e-02   5.3806350e-02   3.1009362e-01  -9.8186949e-02   1.5418915e-02   1.9165984e-01   1.4052472e-01  -1.3992122e-01  -3.1579241e-01   1.3621745e-01   3.3039005e-01  -6.2244257e-02  -4.4180247e-02  -1.9766796e-02   7.3913414e-03  -5.8543281e-02  -9.4680389e-03  -1.2665861e-01   3.2474419e-01  -3.4902762e-02  -9.9188874e-02  -9.6224753e-02   2.1196709e-01  -9.7873384e-02  -1.4591643e-01   1.5245951e-02  -9.6945758e-02  -1.6994409e-01   1.7551273e-01  -3.1213675e-02   1.5813842e-01   5.8706282e-02   1.0311772e-01  -7.0117992e-02   2.3024232e-02   2.1910535e-01   1.7440233e-04  -2.5260158e-01  -4.7873959e-03   1.1238109e-01  -3.9039145e-01   3.8038852e-01  -4.9454917e-02   1.9298863e-01  -1.5105213e-01  -2.7797704e-01  -1.6830105e-02  -2.6820897e-01   1.1248952e-01   5.4126544e-02   2.9276629e-01  -1.5039727e-01  -1.3555473e-01   1.0151869e-01  -7.0333669e-02   3.0810361e-02  -1.3018615e-01  -2.0368618e-01  -3.8321443e-01  -1.8238914e-01   2.4305199e-02   2.3926396e-01   2.2270950e-01  -1.0425410e-01   5.1260924e-02   7.8113085e-02  -1.9898585e-02  -1.5786387e-01  -2.0065675e-01   8.5987097e-02   9.9310508e-03   2.0267657e-01  -1.3952460e-01  -3.4340541e-01  -1.3892212e-01   2.8116300e-02  -1.5240076e-01  -2.0754913e-01  -6.5063037e-02   1.0107714e-01   4.8095370e-03  -1.9906871e-01   1.1316646e-01   6.8865626e-02   2.0943630e-01  -3.8498968e-01   5.7395921e-01   3.5224637e-01   2.0159457e-01  -2.1561483e-01  -1.3543922e-01  -1.1261980e-01  -1.8800956e-01   2.0824668e-01   4.8808455e-01   1.1604916e-01   9.4137570e-02  -3.9049963e-02  -6.0252280e-02  -5.1666419e-02  -6.9601220e-02  -6.3697193e-02   3.9849271e-02  -3.1167264e-01  -1.1092687e-01   6.0795561e-01   1.6159791e-01  -3.6266818e-02  -1.2359872e-01   7.6579540e-02   3.4675066e-01   1.3408776e-02   1.4095224e-02   7.6287872e-03  -1.1963513e-01   3.8020566e-02  -1.9041538e-01
   1.0258338e-01  -3.3565243e-01  -7.1455004e-02   2.5564308e-01   4.4424658e-01  -1.0820586e-01  -3.2502767e-01  -2.1456883e-01   3.0569236e-01   3.0552882e-01  -2.0661558e-01  -1.2098857e-01   0.0000000e+00   1.7402608e-01  -3.2438321e-01   6.2189237e-01  -3.9187612e-02   1.0947509e-01  -2.5723074e-01   5.0452354e-01   2.6740653e-03   3.2639130e-02  -4.6307470e-02   3.0313121e-01   9.6717398e-02   3.2729612e-02  -1.9704611e-01  -2.5797304e-01   2.3421429e-01   7.1000012e-03  -4.3142058e-01   2.0269310e-01   3.8409438e-01  -1.4815463e-01   3.1685097e-01   3.2822504e-02   3.5421683e-01  -9.3300277e-03   5.0112512e-01  -2.5170515e-01   6.6761687e-01   3.0483252e-01   3.8054571e-01  -1.5754069e-01   5.0524760e-01   6.4607929e-02  -7.1586454e-02  -2.7754647e-01   3.0419846e-01   1.0357728e-01   3.8466864e-01   9.7113223e-02  -2.8626395e-01   5.9188074e-01   2.9182482e-01  -9.3708102e-03  -2.2096767e-01   3.6364890e-01   3.1114384e-01   3.1518956e-01   2.6607621e-01   5.2935680e-01   1.9226581e-01  -3.0995458e-01   2.7748173e-01   3.0003986e-01  -2.4028430e-01   1.2302916e-01  -1.7141556e-01  -2.1834075e-01  -3.8086283e-01   2.5810030e-01   5.5076032e-01   2.6375485e-01   2.3907833e-01  -7.6780585e-02   2.3619242e-01   2.3403724e-02   6.0334652e-02   4.7979303e-01  -1.8941876e-01   2.7224393e-01  -2.3452510e-01  -2.3220103e-01   1.2055564e-01  -6.6209235e-02  -7.7971914e-02   2.9590177e-01   1.2611826e-01   2.0145489e-01   2.1549968e-01   2.9438889e-01   1.1562580e-01   7.3181473e-01   7.8103639e-02   3.5097141e-01   2.9079996e-01  -9.7171294e-02   2.8936864e-01   5.3857409e-01  -2.8413766e-01  -5.2571993e-02  -1.2158679e-01   1.5348924e-01   2.9094777e-01  -4.4751884e-03   4.1163071e-01  -1.7528323e-01   2.4732424e-01   6.1228221e-02  -1.2305945e-01  -6.7964960e-02   3.8360696e-01   1.3997593e-01  -2.8744138e-01   7.8426723e-02  -2.0067808e-01   7.3009193e-01  -2.7327776e-01   4.4438620e-01   2.4932992e-01   2.9952311e-01   4.9344526e-01  -1.1564341e-01   1.3593697e-01   2.8414539e-01   3.7356459e-01   3.9313586e-01   2.7023449e-01  -1.9435552e-01   3.3045049e-01  -3.1788591e-01   1.4654572e-01  -3.5515338e-01   5.3649802e-01  -1.8079215e-01   5.2898750e-01  -5.2271075e-01  -2.2916227e-01   6.9063481e-02   5.7603218e-02   7.9707021e-01  -4.4205970e-03  -1.6893556e-02  -1.3620687e-01  -4.5319701e-02  -2.8444928e-01   8.6822662e-02   1.0077512e-01   1.1649575e-01  -1.0700167e-01  -1.7441397e-01   5.8256339e-01  -2.2008118e-01  -2.6579319e-01   1.8904033e-01   1.7335411e-01   4.4045886e-01   2.2318088e-01  -7.6175137e-02   3.0941119e-01  -1.4354494e-01   2.5985476e-01   2.1934726e-01   1.2764559e-01  -1.0373794e-01  -2.2270134e-01  -2.2941116e-01   2.1936936e-01  -7.3603455e-02   2.8295135e-01   3.0135316e-01   1.2503564e-01  -2.4888280e-01   5.3207754e-01  -2.2501626e-02  -5.2479550e-02
   4.4638863e-01  -1.0893491e-01  -1.2146525e-01   1.7422656e-01   7.0476085e-02   2.5047378e-01  -2.3629127e-01  -4.7240804e-02   1.3728786e-01  -8.3942773e-02   1.0942787e-01  -1.8687759e-01   1.7402608e-01   0.0000000e+00  -1.8416742e-01   1.7725272e-01  -1.4564015e-01   3.1605109e-01  -9.2484938e-03   1.8849057e-02   2.6821297e-01   1.9626506e-01   4.0567100e-03   6.1312839e-01   1.7179148e-01   1.9896053e-01   1.1692133e-01   4.0013847e-01   8.6802941e-04   3.1714981e-01   6.7031715e-02   2.3173884e-01   7.7574758e-02  -4.0516819e-02  -7.8197161e-03   1.0127017e-01  -2.2153191e-01   2.2355332e-01   2.2010364e-01  -2.7902492e-01   1.9289829e-01   6.7756594e-02   3.0975117e-01   2.0540597e-01   2.5139884e-01   1.9429999e-01   1.9122307e-01   8.3906794e-03   2.8353590e-01  -2.5608089e-01   1.9993787e-01   3.6863952e-01  -5.0741600e-02   3.6885343e-01   4.8227222e-01   1.5911674e-01  -1.4875619e-01   5.6347070e-02   1.4506269e-01   2.1638850e-01   1.0068788e-01   3.0485341e-01   1.7702022e-01   5.2375065e-02  -4.5748444e-03   1.3993693e-01   8.2637157e-02  -1.1938240e-01   1.2678126e-01  -9.9378454e-02  -2.9080365e-01   2.8024982e-01   1.1236502e-01   5.4785727e-01   8.3819014e-02  -1.7126630e-01   1.4174273e-01   2.0186393e-01   6.2369064e-02   1.4318956e-01   4.5701153e-01  -7.2726813e-02  -7.9579351e-02   2.5806094e-01   7.4948276e-01  -2.3582285e-01   2.5583622e-01   7.2583712e-01  -1.1567074e-01   7.2557324e-01  -4.0903576e-02   1.2622952e-01   2.1648370e-01   1.8618599e-01   2.5126278e-01  -6.7799654e-02   3.0090176e-01   1.5432816e-02   2.5695748e-01   1.1451685e-01   3.0449031e-01  -2.5192600e-01   5.3776205e-01   1.8645864e-01   1.8945764e-01   3.0140855e-01   4.0394814e-01   5.3988610e-02   8.5450265e-03   1.4947800e-01   2.3491632e-02   3.0737071e-01   2.1255502e-01   4.5613218e-01   9.2502125e-02   5.6168613e-03  -1.0227138e-01   2.0329876e-01   4.2288329e-01   2.5504052e-01   1.6321405e-01  -6.2401824e-02   3.2648297e-02   2.5942101e-01   3.1510915e-01   4.5420104e-01   3.3016494e-01   1.6651272e-01   2.4672873e-02   1.6302803e-03   1.4040952e-01   2.6642316e-02   5.6391854e-01  -5.3345751e-02   1.0527894e-01  -2.8954213e-01   1.0862326e-01  -2.2389112e-02   4.7724732e-02   2.8671198e-01   3.3869775e-01   1.3703871e-02   2.8022029e-01   3.0651504e-01  -7.7573626e-04   3.1711926e-01  -2.6094667e-01  -7.6897406e-02   2.0683108e-01   1.8982981e-01   4.9729207e-01   4.0192845e-01   3.2827569e-01  -1.1190521e-01  -6.8302556e-02   4.5214294e-01   7.0580944e-02   1.3799361e-01   1.7403510e-01   4.9104734e-01   1.0575915e-01  -2.6241028e-03  -1.3886249e-02   2.7354427e-01   4.3129164e-01  -1.4770995e-01   1.2854129e-01   2.2349199e-01   2.6125392e-01   8.2561938e-02   9.3515165e-03  -6.0553900e-03   1.1591156e-01   2.0635105e-02  -7.4956068e-03   5.3367973e-02   2.3815082e-01
