   0.0000000e+00  -3.9847372e-01   1.4477391e-01  -2.3604625e-03  -2.1125154e-01   1.8208477e-01  -3.2893608e-01   1.3334832e-01  -2.1260835e-01  -1.3681948e-01   7.2210451e-02  -2.9961841e-01   2.7437884e-02   3.4374113e-01  -1.7445498e-01   8.6042062e-02   3.2133715e-02   4.9982264e-02  -2.6503480e-01  -1.2759359e-01  -4.5070004e-02   1.1911462e-01   1.0428829e-02   5.2527928e-01   1.0659178e-01   2.1482856e-01  -1.1827124e-02   4.0064313e-01  -8.5348486e-02  -7.5580565e-02  -1.4757239e-01  -9.7925361e-02   7.0381071e-02  -3.8180374e-01  -6.0674511e-02  -5.5054550e-01  -2.1127966e-01  -6.9083143e-02  -5.7386149e-02  -1.8584764e-01  -1.6408750e-01  -8.6887380e-02  -2.8514354e-02   2.4239091e-01  -6.0002072e-02   3.1272533e-01  -6.9098111e-02  -4.0738205e-01  -1.0028070e-01  -1.2596620e-01   1.3590632e-01   1.8869093e-01  -6.7089941e-01   6.4670166e-02   1.9309261e-01   3.0506129e-01   1.8852550e-01   2.5074942e-02  -1.8599600e-01   3.4970098e-02   2.5578582e-01   1.3724102e-01  -3.1023458e-01  -4.5717594e-02  -2.4188497e-01   2.8514847e-01  -5.9270285e-02   1.7191757e-01   1.0061648e-01   4.0170377e-01  -4.1141656e-01   1.1929324e-01  -2.7524730e-01   5.1625142e-01  -1.0123683e-01  -1.8791400e-01   2.0569430e-01   5.9827893e-02  -2.2834004e-01  -2.9797806e-01  -3.8661444e-03  -2.7046156e-01  -2.5499141e-01   1.7549363e-01   4.8872005e-01  -1.7341219e-01  -2.5242716e-01   3.0004763e-01  -4.7132185e-02   5.0784776e-01  -2.2300078e-01   1.6867982e-01  -5.1496126e-01  -3.3625487e-02   5.4751016e-03  -1.8665212e-01  -9.8764535e-03  -4.4464069e-01  -9.2486388e-03  -6.7759467e-02   2.3550458e-01   3.4981285e-01   3.6422513e-01  -2.3074627e-01   5.8951696e-02  -1.1062939e-01   2.0399054e-01  -1.6327506e-01  -2.1276048e-01  -3.0892855e-01  -4.8184840e-01   3.4293632e-01  -6.3547443e-02   3.2887576e-03   1.2109018e-01  -4.2318674e-01   1.2267483e-01  -3.6613198e-01   2.7278474e-01   2.2400026e-02   3.6731713e-01  -2.1617505e-01  -2.6578874e-01  -2.3020572e-01   9.9646020e-02   1.4147176e-01  -1.7789199e-01  -9.0171067e-02  -2.5906381e-01   2.5844249e-01  -2.6154112e-01  -5.2881911e-01   3.1059140e-01  -3.5110955e-01  -2.1444820e-02   4.6891915e-02   1.0179323e-01  -2.9430390e-02   3.2319098e-01   8.7326947e-03   3.1110243e-01   1.0576938e-01   1.7623774e-01  -2.8529907e-02  -1.8939225e-01  -2.0606209e-01  -2.3665228e-01  -1.5543310e-02   2.3823521e-01  -2.3964812e-01   4.2197273e-01  -8.6701097e-02   4.8841918e-01  -2.9377524e-01  -2.2955613e-01   1.3652417e-01   2.6559975e-01  -1.7884109e-01   4.8014645e-02   2.1560059e-01   6.9587819e-02   1.2448116e-01  -9.6692139e-03   4.4487913e-02   7.9051366e-02  -3.5940376e-01  -2.3638554e-01   5.4385590e-01   4.8473292e-01  -4.9323791e-01  -8.5464887e-02  -1.3809998e-01  -1.7684181e-01   1.1018307e-02  -4.5373681e-02  -2.9098326e-01  -8.9411992e-02
  -3.9847372e-01   0.0000000e+00   4.2481239e-01  -1.9738424e-01   4.6929067e-01  -4.8388975e-02   1.2639302e-01  -8.7665917e-02   5.4834407e-01   2.2258821e-01  -3.3561388e-01   7.6937209e-01  -3.3386914e-01  -4.0861623e-01   2.4057013e-02   1.1272482e-02   5.8017946e-01  -3.2253775e-01   3.5161169e-01   3.3407723e-01  -5.5103421e-01  -5.5588302e-01  -5.8716060e-01  -3.4583708e-01  -1.5045655e-02  -3.7706211e-02   8.8672119e-02  -2.0074302e-01   1.5233544e-01   2.2793764e-01  -1.4513129e-02  -9.0456990e-02   1.8418314e-01   1.9143978e-01  -3.0355860e-01   2.3217045e-01   2.1587833e-01  -1.8330453e-01  -7.1101715e-02   5.6114395e-01  -1.4142366e-01  -6.1094833e-02   3.6113829e-02  -3.7892322e-01  -1.2910212e-01  -1.4440517e-01  -2.8011223e-01   3.8388671e-01   3.3701135e-01   7.4716133e-01  -3.6984301e-01  -2.0602366e-01   3.4157152e-01   1.6425635e-01  -6.2476251e-02  -3.7946466e-01  -8.6053338e-02  -1.9406662e-01  -4.0570395e-02  -9.3787658e-02  -4.4480180e-02  -9.4204885e-02   6.9589126e-01  -1.2162737e-02   4.8260411e-01  -4.1150289e-01   1.9697072e-02  -1.3328106e-01  -3.1796118e-01  -1.2551598e-01   8.3610076e-01  -3.8454371e-01   2.8827387e-02  -2.1674883e-02  -1.9653710e-02  -6.3249368e-02  -1.0252548e-01  -9.2890084e-02   7.6643647e-01  -1.7201126e-02  -2.0838587e-01  -2.4673489e-02   1.7602857e-01  -1.3491736e-01  -2.7294701e-02  -1.3654352e-01   2.6303199e-01  -1.5461288e-01   4.7395565e-01  -1.2391499e-01   4.5146737e-01   1.7236806e-01   5.8986935e-01  -6.8490671e-02  -1.3627262e-01   5.7213601e-01  -1.8608180e-01   2.6514847e-01   1.4740789e-02  -2.4205153e-01   1.3452521e-01  -1.2747611e-01  -4.4485188e-01   6.2320537e-01  -4.1280035e-01  -3.5317459e-02   2.5798005e-01   1.2562694e-01   2.5133891e-01  -6.5071017e-02   1.9044568e-01  -5.1128303e-01  -1.6355195e-01  -1.9271212e-01  -1.0732400e-01   5.0895890e-01  -3.6186612e-01  -4.2463240e-02  -1.1489267e-01  -1.7628517e-01  -3.2974371e-01   4.1073164e-01   5.1711845e-01   3.1003130e-01  -4.6497406e-02   5.0036808e-02   4.3439497e-02   1.3178770e-01  -2.6633593e-02  -4.4037453e-02   8.5591925e-02   2.2001838e-01   2.6608386e-01   6.5756384e-02   1.6698781e-01  -1.5066165e-01  -2.0933304e-01  -1.4681184e-01  -2.8342129e-01  -2.2993921e-01  -2.2156857e-01  -2.0964221e-01  -4.1138065e-01   2.0939099e-01  -1.3606608e-01  -2.0647179e-01   4.1137911e-01  -2.4532706e-01  -2.0205839e-01   3.4116109e-01  -4.3932667e-02  -3.2555665e-01  -1.6938707e-01   1.8327658e-01   8.5071835e-01  -2.0694877e-01  -1.6817448e-01  -6.8901216e-02   3.2390334e-01  -5.0436450e-01  -1.5468824e-01  -3.0067769e-01  -2.0544760e-01  -3.3069024e-01  -1.8930110e-01   3.5938108e-01   1.0445453e-01  -1.9398186e-01  -1.9375851e-01   8.5535839e-01   4.5932941e-01  -1.7924791e-01  -2.8094483e-01   3.7635816e-01   1.0803913e-02  -6.8190079e-02  -1.8083418e-02
   1.4477391e-01   4.2481239e-01   0.0000000e+00  -2.2004728e-01   2.1828829e-01   3.1178233e-01  -1.1287175e-01  -4.7053922e-02  -5.8574750e-02  -7.8504294e-02  -2.9202848e-01   2.8284312e-01  -1.0890722e-01  -3.2623995e-01  -9.1993351e-02   1.9112677e-01   8.9078014e-01  -3.0471003e-01   1.2215176e-01   2.1358446e-01  -5.2752206e-01  -5.0812299e-01  -3.5745045e-01   1.5408887e-01  -1.1521493e-01   4.6322816e-02   1.9444623e-01   2.1216062e-01   6.5554837e-02  -1.8475278e-01  -1.5364110e-01  -1.9167565e-01   3.6792239e-01  -1.9141568e-01  -3.6925606e-01  -1.9892405e-01  -1.1693091e-01  -1.1602251e-01  -3.8791660e-02   5.1288574e-01  -1.2573423e-01   1.5580097e-01   2.3708406e-02  -2.6362500e-01  -2.1945801e-01   2.1176767e-01  -2.1464469e-01  -1.9222061e-01   2.0604030e-01   4.2480512e-01  -2.2007597e-01  -1.2974955e-01  -2.8666071e-01   5.3318755e-01   1.3170091e-01  -1.4048426e-01  -1.4498561e-01  -3.2797968e-01  -3.5191498e-01  -1.9604963e-01   5.2848337e-01  -6.6920682e-02   3.4955498e-01  -1.7616840e-01  -9.8160008e-02  -2.2189225e-01   7.5913699e-02  -3.1598848e-02  -2.1005472e-01   5.5609591e-01   3.0028202e-01  -2.4633766e-01  -2.3465210e-01   3.9357412e-01  -2.5497821e-01  -9.0352207e-02   4.1784750e-01  -1.6667159e-01   1.4084560e-01  -3.0820454e-01  -8.1348338e-02  -4.0123385e-01  -2.2632426e-01  -6.5353733e-02   2.6800878e-01  -2.3870104e-01  -1.3508251e-01   1.5236018e-01   3.4615395e-01   1.2464923e-01  -1.2891277e-02   6.7705019e-01   2.8239289e-01  -2.2927458e-01   1.0109988e-01   4.8280555e-01  -1.4434523e-01  -1.2728888e-01   9.7892506e-02  -2.9992977e-01   3.6415675e-01   1.3242029e-01  -2.7885785e-01   1.0724709e-02  -4.3034142e-01  -1.1514287e-01   6.3790934e-01  -1.2876159e-01   2.1174755e-01  -4.0117328e-01  -2.3373903e-02  -3.1175852e-01  -8.9417754e-02  -3.0289267e-01   2.7539548e-01  -7.9359999e-02  -2.3946660e-01  -3.8751658e-01   1.6898544e-01  -3.3893283e-01   1.6393753e-01   8.7044567e-02   3.7362087e-01  -2.4032179e-01   1.4996279e-01   7.0886211e-02  -1.4628758e-01   3.5361174e-02  -3.4126722e-01   4.1137657e-01  -1.0484669e-01  -4.0869985e-01   4.2162736e-01  -2.9693397e-01  -6.4661566e-02  -1.1839014e-01  -2.0170504e-01  -1.2993277e-01  -1.2920348e-01  -2.4352342e-01  -1.2078614e-01  -8.8404140e-02  -3.9695159e-01   3.8234990e-01  -3.9725765e-01  -5.1683295e-01   3.1958591e-01  -4.5282832e-01  -1.9841768e-02  -2.0137430e-01   5.2762475e-01  -3.1823243e-01   4.0593036e-01  -2.3435500e-01   6.1024532e-01  -1.1644162e-01   2.4374211e-01  -4.2326933e-01   7.5518176e-01  -2.7137224e-01  -7.4548886e-02  -2.6752499e-01  -2.5226430e-01  -3.9313291e-01  -2.9739326e-01   1.7383723e-03  -1.8865097e-01   1.3934320e-01   2.3190675e-01   3.4492181e-01   1.6561270e-01  -4.1493797e-02  -2.4796814e-01   3.8957668e-01  -1.5211591e-01   1.0711922e-01  -1.8240664e-01
  -2.3604625e-03  -1.9738424e-01  -2.2004728e-01   0.0000000e+00  -1.7976966e-01   1.6608819e-01  -2.4664763e-02   1.1890643e-01  -1.0138049e-01  -1.5790834e-02  -7.1023122e-02  -2.1262696e-01  -2.0855250e-02  -1.5378557e-01  -1.2747287e-01   1.7777079e-01  -2.1171280e-01   1.5340472e-01   1.2426502e-01  -5.0862760e-02  -1.3699306e-02   3.3169157e-01   1.6305367e-01  -1.9855064e-01   1.1745057e-01  -2.3498444e-02  -1.7249469e-01  -2.9272412e-01  -1.2164180e-01  -1.1007451e-01  -1.9761894e-01   4.9904055e-01   2.6478221e-01   7.5154330e-02  -5.0473696e-02  -7.1102039e-02  -8.8894199e-02   2.4658938e-01   2.1102430e-01  -1.6143170e-01   1.3607156e-01   2.9718631e-01   7.7263002e-02  -2.0923145e-01   1.0405148e-01   6.2443455e-03   9.7430405e-02  -1.6848208e-01   1.1602878e-02  -2.0766965e-01   3.6450885e-01   9.2840723e-02  -1.5011530e-01   5.1870405e-03  -1.9395337e-01  -8.6945588e-02   1.6527664e-01   4.6769025e-01   4.5934562e-01   5.5323729e-02  -1.4550059e-01   1.4823114e-01  -1.7203141e-01  -6.9529495e-02  -6.0311416e-02   2.3456328e-01   2.7988086e-01   1.5297123e-02   3.3897287e-01  -2.4399535e-01  -2.4135778e-01   3.7206534e-01  -6.3070514e-02  -2.1081848e-01   3.8611435e-02   1.7318237e-02  -1.3016123e-01   7.0406835e-02  -9.1046682e-02   2.6091810e-01  -8.8770482e-02   1.8164287e-01  -3.5430222e-01  -7.7945743e-02  -1.9028243e-01   2.4935186e-01  -1.8873304e-01  -1.1404374e-01   3.8380948e-02  -2.4337067e-02  -2.3806077e-01  -1.7830669e-01   2.3171200e-04  -1.2719039e-01   3.1736450e-02  -7.3369139e-03   4.0927497e-01   3.7550484e-01   2.9732165e-01   3.1301707e-02  -5.5222818e-01  -3.7763617e-02   3.1850426e-01  -3.8536259e-02   4.0317637e-01   6.0428355e-01   2.2045738e-02   4.4255440e-01   8.7125347e-02  -1.1360695e-01  -8.8214481e-02   2.8625607e-01   3.9588355e-01   2.9920292e-01  -3.1925445e-01  -4.3412804e-02   2.0286292e-01  -1.2452322e-02  -4.2057689e-01   5.3750450e-01  -2.9096187e-02  -5.3955191e-02   1.0412124e-02  -1.6396251e-01   3.6327046e-02  -8.9058726e-02   5.9124707e-02  -1.9762537e-01   3.6480252e-01  -2.3111177e-01   2.1394361e-01  -1.2613624e-01  -7.1451926e-02  -3.2181239e-01   1.8672728e-01   7.2498561e-02   3.4652287e-01  -3.0386434e-01   1.2440602e-01   3.3415155e-01  -7.0751885e-02  -2.4137479e-01   2.6785985e-01  -2.4561575e-01  -6.0608284e-02   1.1101148e-01  -1.1330055e-01   1.6833077e-01   2.7293534e-01  -1.6886605e-01  -2.5884039e-01  -1.3599076e-01  -1.4123448e-01  -2.7564293e-01  -2.1588751e-01   1.7122110e-01  -1.8837202e-01   4.0966951e-01  -2.1695334e-01   9.8741322e-02   6.6164967e-03   6.7207024e-02  -5.4237903e-02   3.9233255e-01   4.1633034e-01   1.8433572e-01  -3.0212795e-03  -1.4652685e-01  -9.9822149e-02  -1.1268626e-01   6.5175928e-02   1.1575692e-01   1.5051482e-01  -4.5423125e-02   6.9812609e-02  -1.0661526e-01   3.7379501e-01
  -2.1125154e-01   4.6929067e-01   2.1828829e-01  -1.7976966e-01   0.0000000e+00  -1.0414026e-01  -4.3870253e-02   5.0737851e-02   3.0946219e-01  -3.2428367e-02   1.2241764e-01   3.7936184e-01   1.3791565e-01  -2.6756468e-01  -8.5570987e-02  -5.1747227e-02   3.3436938e-01  -1.5572247e-01   1.8126789e-01   7.5118347e-01  -2.3755482e-01  -4.0389023e-01  -5.1069506e-01  -5.1494855e-02  -2.2224195e-01  -6.9076233e-02   3.1937957e-01  -1.7326022e-01   1.7291766e-01   1.9910819e-01   1.5751857e-01  -2.6835453e-01  -1.0633111e-01  -1.7512032e-01  -1.8949186e-02   4.6205595e-01  -8.4475096e-02  -1.3460418e-02   4.2178771e-02   4.7881495e-01   3.0129393e-01  -1.4788358e-01  -1.1393361e-01  -6.8678314e-02  -9.3218382e-02   7.6505177e-02   5.1155481e-02   2.7903712e-01   1.3570330e-01   4.7937412e-01  -2.7513049e-01  -3.4381192e-02   3.1754186e-01  -1.4904832e-01  -1.3950430e-01  -3.1188129e-01  -6.5694170e-02  -1.3256998e-01   1.6924019e-01  -2.4263225e-02   5.3229140e-02   1.7168588e-01   5.9488553e-01   2.4241651e-01   4.0007849e-01  -1.0931834e-01   2.1451613e-01   2.8813976e-02  -1.7254694e-02   1.7925433e-02   4.1546467e-01  -1.1251019e-01   1.8150016e-01  -1.1841130e-01   1.6064946e-01  -2.3997248e-01   3.1747435e-02  -2.1587482e-01   6.3415658e-01   1.8566585e-01  -3.1330036e-01   2.5849627e-02   2.3803656e-01  -1.3384780e-01  -3.9942639e-02  -2.3926033e-01   4.0682880e-02  -1.5648071e-01   1.9873513e-01   1.0024024e-01   6.1983050e-01   1.8855509e-01   2.3410847e-01   1.9882080e-01   1.8444973e-01   4.1692288e-01  -5.1661301e-04   1.4951408e-01   4.2108270e-01  -4.1429518e-01   1.9050445e-01   1.0570491e-01  -3.3436385e-01   4.5848619e-01  -2.7846894e-01  -1.7070446e-01  -9.0681294e-02   1.5969807e-01  -1.5734229e-01   1.0480130e-01  -2.3553006e-01  -2.7123391e-01  -7.5709426e-03   3.5801308e-02  -2.6314046e-01   3.0052697e-01  -1.7695613e-01   1.8129908e-01  -1.5693546e-01   2.1102363e-02   3.0990106e-03   6.4732736e-01   3.2005990e-01   4.6070708e-01   9.0908029e-02  -1.8270686e-01   1.2520755e-01   1.2979186e-01  -1.1691155e-01   1.5928125e-01   1.3686145e-01   1.7675563e-01   1.3151954e-01   9.0720557e-02   1.7717937e-01  -5.3983924e-02   6.5158583e-02  -2.0001229e-01  -1.4912705e-01   9.3914781e-02  -1.0755921e-01   1.1153988e-01  -1.1200990e-01  -7.7414588e-02  -2.4536859e-01  -1.0330154e-01  -3.6628117e-02   2.1889594e-01   1.5476724e-01   2.8004959e-01  -5.3905096e-02  -1.8373970e-01   6.1832393e-02   3.6130603e-01   4.4210972e-01   6.8691557e-02   5.3330163e-02   1.8045280e-01   2.5394463e-01  -3.6412066e-01   3.6737473e-01  -1.8748305e-01   1.6272457e-01  -1.2511602e-01  -3.4022437e-02   1.9924548e-01   2.4969352e-01   9.3080897e-02  -6.1807056e-02   4.9867724e-01   5.3216759e-01   9.0377783e-02   1.6690797e-01   1.5422211e-01   2.3324850e-01  -2.4865814e-02  -8.3809370e-02
   1.8208477e-01  -4.8388975e-02   3.1178233e-01   1.6608819e-01  -1.0414026e-01   0.0000000e+00   2.0452301e-01   1.5460634e-01  -1.3566814e-01  -1.4061261e-01  -1.9294996e-02   9.1294684e-02   8.9641672e-02   8.0908376e-02   1.4613559e-01   2.5208499e-01   1.5604386e-01   8.1489620e-02   1.7423443e-01   2.1569630e-01  -5.6299844e-02   4.5157425e-02   2.4956892e-01  -6.4274767e-02  -1.5242196e-01   2.6638914e-01   5.4356456e-01   1.0378040e-01  -1.1894817e-01   1.1815436e-01  -2.3882497e-01   1.6720716e-01   3.8563375e-02   8.6961492e-02   2.0499574e-01   1.1547942e-01   2.2243173e-03  -1.1603631e-01   2.9837378e-03   1.2643629e-01  -7.8879932e-02   2.8054424e-03   2.9269066e-01  -1.2419764e-03   2.4684449e-01   7.3705777e-02   2.4203608e-01   3.3584051e-03  -8.5279813e-02  -1.0783054e-01   3.5240591e-01   1.5713829e-01  -2.8941252e-01   2.2371620e-01  -1.1510580e-01   1.5137720e-01   4.1135763e-01   6.7440099e-03  -1.8399790e-01   4.6416648e-01   1.8499931e-01   1.0190568e-01  -1.7532997e-01  -1.1586059e-01  -8.6172808e-02   3.9563906e-01   7.1925046e-01  -1.1646502e-01   1.9384226e-01   3.0620431e-01  -1.3141877e-01   2.3161215e-01  -2.5189092e-01   3.3217737e-01  -4.9018135e-01  -3.7680635e-02   1.5974581e-01  -9.6321097e-03  -2.3139203e-02  -2.9010107e-01   7.4469250e-03  -5.8988436e-02  -1.3219437e-01   9.2314510e-02   1.7465882e-01  -1.5913379e-02  -1.2918594e-01  -1.6445322e-02  -1.4896446e-01   2.5242840e-03  -2.3506948e-01   2.0944813e-01   8.9451322e-02  -3.1192335e-02   7.9461527e-02   6.4998471e-02   1.0756206e-01   1.4036730e-01   2.0067444e-01   1.3158468e-01  -2.2841089e-01   2.2066905e-01   3.3023611e-01  -6.6872536e-02   1.1460264e-01   1.2802317e-01   1.8921807e-01   2.4931236e-01   7.6997898e-02  -2.3491014e-01   4.1054430e-02   4.6671895e-01  -3.8225934e-02   1.7538856e-02   9.2523185e-04  -3.5313666e-01   1.2809363e-01  -2.3005243e-03  -7.1074597e-03   5.2298995e-02   2.5175626e-02   6.5062486e-02  -5.6690432e-02  -2.8419902e-01   5.3945242e-02   3.6866916e-01   1.2725943e-01  -1.9897017e-01  -9.2366501e-02   1.3674298e-01  -1.3396125e-01  -1.1696627e-01   3.1887594e-01  -2.3251863e-01   1.4873452e-01   1.2143162e-02  -9.5829281e-02  -1.9219453e-01   1.1432767e-01   1.5992865e-01  -9.3245084e-02  -5.8936598e-02   1.1467714e-01   2.2721136e-01  -5.0926089e-02  -1.5283847e-01   1.5585118e-01  -7.3803241e-02   3.9088534e-01  -2.7103891e-01   3.1953719e-01  -5.7023918e-02   1.9231537e-01  -8.8905410e-02   1.8649370e-01  -1.1199226e-02   2.7937803e-02  -1.0828333e-01   1.2984113e-01   2.5121921e-01  -1.1977350e-01   1.1870607e-01  -7.0511152e-02   1.3826549e-01   2.5231228e-01  -9.9114275e-02   3.1538095e-01   1.7803848e-01   1.1594619e-01  -1.5343592e-01   4.3538165e-02  -4.8456529e-02   6.2393301e-03   6.3548580e-01  -2.8931170e-01  -1.9983927e-01   1.6932011e-01
  -3.2893608e-01   1.2639302e-01  -1.1287175e-01  -2.4664763e-02  -4.3870253e-02   2.0452301e-01   0.0000000e+00  -1.9658114e-01   3.7789996e-01   4.6791640e-01  -3.0640047e-01   5.5899587e-01  -7.6512542e-02   2.4694592e-03   4.2687060e-02   1.0592359e-01  -7.9973695e-02   3.3723612e-02   1.6504260e-01   3.4492297e-01  -6.7244848e-02  -6.7722105e-02   3.1164491e-01  -3.5050450e-01  -1.1737034e-01  -1.7261903e-01   4.0628093e-01  -3.0625073e-01  -9.1425338e-02   3.6941539e-01  -3.2539761e-01   8.4339466e-02  -5.3935440e-02   7.5292155e-01   2.5756990e-01   3.8442452e-01   2.1041892e-01  -7.6689093e-02  -1.1983113e-01   4.0019636e-01  -2.3080620e-01   1.9574068e-01   6.6965405e-01  -2.9966383e-01   5.2321782e-01  -1.2386983e-01  -1.2590376e-01   5.7782264e-01  -2.1282404e-01  -9.5142139e-02   2.6588005e-01  -2.1096203e-01   3.0820580e-01  -7.7289675e-02  -3.8050509e-01  -2.4829540e-01  -1.1125430e-01  -1.3544228e-01  -1.5681500e-01   4.3077143e-01  -1.8371703e-01   7.5934054e-02   4.9956508e-02  -1.4901152e-01   2.4606863e-02   3.1378407e-01   2.0626261e-01  -1.0413267e-01  -2.1968381e-01   9.8367252e-02   2.5746717e-01  -1.1442954e-02  -1.4710867e-01  -4.0534397e-01  -1.0107051e-01  -2.9527085e-02  -1.7408465e-01  -1.2235264e-01   1.6227472e-01  -3.3435033e-01   5.9987043e-02   1.8390617e-01  -6.1905138e-02  -2.2562285e-01  -5.0469590e-01  -1.1491633e-01  -8.3941839e-02  -3.2277751e-01   5.9752305e-02  -3.1371952e-01  -8.9677470e-02  -2.8009143e-01   4.5739281e-01   1.9739152e-01  -1.2319808e-01   9.0293637e-02  -1.0977415e-01   6.9967566e-02   1.2761459e-01   5.6431455e-01  -4.2334836e-01  -1.6061866e-01  -1.1387511e-01   1.9468730e-01   2.1695653e-02   4.3155682e-02  -2.1652327e-01   4.0820330e-03   1.5192926e-01   1.5833917e-02   5.9334086e-01   2.2474295e-01  -6.8248914e-02   9.9868134e-02   1.5952572e-01   9.2491699e-02  -2.3823060e-01   6.7121051e-02  -3.8462832e-01  -8.1564519e-02  -1.7078362e-01   1.4636360e-01  -3.9556912e-02   5.8724626e-02  -1.5097211e-01  -5.8037238e-02   1.8464110e-01  -2.0420180e-01   6.5675945e-02   1.0070878e-01   8.5591703e-02   4.2826578e-01  -2.5158351e-01  -1.2931681e-01   4.0270495e-01  -7.7895759e-02  -3.3530451e-01  -1.1355810e-01  -3.0192476e-01   2.5427460e-01  -1.9534204e-02  -1.2759276e-01  -1.7819465e-01   9.5305451e-02   3.4961552e-01  -5.5954493e-03   6.4201357e-01   6.1220387e-02   1.4472241e-01  -1.5508364e-01  -3.2559653e-01  -3.9127566e-02  -2.6785861e-01   4.4047332e-02   2.0434731e-01   5.2965737e-02  -1.4744261e-01  -1.5640514e-01  -2.9130018e-01  -3.1115928e-02  -3.9559596e-03  -1.4583921e-01   2.3320460e-02   7.8341618e-02  -1.3795531e-01   4.0282512e-01   3.6573066e-01  -3.5781508e-01  -2.1938781e-01  -2.2788647e-02   2.0895258e-01  -1.1305660e-01   8.6535242e-02   3.1883273e-03  -8.7870222e-02  -1.1055444e-01  -4.9566186e-02
   1.3334832e-01  -8.7665917e-02  -4.7053922e-02   1.1890643e-01   5.0737851e-02   1.5460634e-01  -1.9658114e-01   0.0000000e+00  -7.2772383e-02  -2.9885439e-01   5.1177918e-01  -2.1857481e-01   1.2202318e-02   1.5496517e-01  -8.3059405e-02  -5.3492828e-02  -9.3872673e-02   1.8636493e-01   2.0232607e-01   5.5545494e-02  -1.3400776e-01   4.1433150e-01  -1.1053850e-01   2.0323259e-01  -1.5627392e-01   5.1774827e-01   2.3179966e-01   1.0995789e-01   1.1358445e-01   3.0062895e-02   1.8340046e-01   2.6584506e-01  -1.5984845e-01  -3.0280951e-01   1.4604402e-01  -7.1511544e-02  -2.3421809e-01   2.8950882e-01  -1.0523026e-01  -1.7951186e-01  -1.9192407e-02  -2.7324116e-01  -1.7211547e-01   5.7877962e-01  -1.3652217e-01   4.7433697e-01   1.4829634e-01  -1.9367751e-01  -6.3448358e-02   9.4486179e-02   2.2742865e-01   7.3338576e-01  -1.8395129e-01  -3.5832042e-01  -1.8938494e-01   8.8630648e-02   3.9928932e-01   3.5645645e-01   2.2858815e-01   7.0898497e-02   4.4276296e-01   4.1659309e-02  -5.3578944e-02   4.3167157e-01  -1.4274551e-01  -1.8538495e-02   2.3541048e-01   1.9011159e-02   6.4293949e-01   4.8026626e-02  -1.8084591e-01   2.3821229e-01   5.4137802e-03   5.4985007e-03  -9.0767451e-02   1.9711447e-01   4.6817444e-01   1.6627959e-01   3.6234236e-02   2.5437844e-01  -1.9220638e-01  -2.0059810e-01   4.6003629e-02   5.0897350e-01   3.3080564e-01   2.6062338e-01  -1.7717845e-01  -2.6259209e-01  -5.4781366e-02   4.2965577e-01  -6.5092718e-02   3.7501482e-01  -3.3535273e-01   2.6280271e-01   3.6231033e-01  -1.1737706e-01   1.5887766e-01   1.9735732e-01   7.1207122e-02  -7.8058358e-02   1.4157799e-01   6.8832078e-01   3.7818287e-01   6.1840023e-04   3.1315174e-01   2.5387631e-01  -2.7130754e-01   6.0124042e-01  -2.5663908e-01  -2.6831473e-01  -4.2732059e-01   2.0388837e-01   3.9502636e-02   1.2373837e-01  -2.8982107e-01  -4.5432266e-01   2.9623671e-01  -3.4471767e-02   3.4856231e-02   2.0031725e-01   4.3314507e-01   1.1044402e-01  -5.9890849e-02  -5.8551649e-02   5.5382750e-01  -8.7480686e-02  -4.8181307e-02  -9.2228704e-04   1.6769478e-01  -1.1139856e-03  -1.2766832e-01  -1.5983778e-01  -1.2693151e-02  -1.2999978e-01   4.3894063e-02   7.1400064e-01   1.8157344e-02  -9.0339384e-02   6.7900983e-01   8.7737281e-02  -2.4264188e-01   2.0672022e-01   5.3264724e-01  -2.9374335e-01  -7.2752364e-02   1.3359155e-01  -2.2451172e-01  -8.1623103e-03  -1.9171873e-01   1.8925890e-01   3.5832450e-01   5.3615884e-02   3.3303893e-01  -2.8920597e-02  -2.1852454e-01   2.2859486e-01   4.3298657e-01   3.0787200e-01   2.6040430e-01  -1.6816715e-02   1.0148550e-01   4.9498812e-01  -1.8069848e-01   3.9628571e-01   3.8873221e-01  -2.8708266e-02  -2.2120881e-01   5.5066722e-01   4.6841824e-01  -9.6193636e-02  -1.8555205e-01   3.0908045e-01   1.2100705e-01  -1.4333209e-01  -5.6482383e-02  -3.3889022e-01   4.2127828e-01
  -2.1260835e-01   5.4834407e-01  -5.8574750e-02  -1.0138049e-01   3.0946219e-01  -1.3566814e-01   3.7789996e-01  -7.2772383e-02   0.0000000e+00   2.6006077e-01  -9.9910758e-02   5.6531171e-01  -2.0213895e-01  -1.3042956e-01  -7.1794002e-02  -1.4377607e-03   3.1759562e-02  -2.7811972e-02   4.2291173e-02   2.5780200e-01  -1.4476288e-01  -1.1636005e-01  -2.7427198e-01  -3.7241491e-01  -1.0934788e-01  -1.1225176e-01   1.0913984e-01  -3.5638129e-01   6.2934326e-02   6.5556241e-01  -8.1352380e-02  -2.8492784e-02   3.6816775e-02   3.9792847e-01  -3.0262141e-02   3.3166956e-01   1.5345550e-01  -1.3966039e-01   4.4227702e-02   3.5641182e-01  -4.3957126e-02  -1.2525735e-01   2.9127379e-01  -2.1719464e-01   4.7892294e-02  -1.0103737e-01  -1.0008876e-01   6.1524299e-01  -1.1584338e-01   3.6964071e-01  -1.1304996e-01  -1.7036303e-01   4.2344766e-01  -2.9296182e-01  -2.8080982e-01  -3.6657926e-01  -1.7174516e-01  -7.3357035e-02   1.6031100e-01   1.5960640e-01  -3.2367361e-01  -1.1199683e-01   5.4213117e-01   2.6254322e-01   4.2012734e-01  -2.6572112e-02   7.8490695e-03  -1.1541379e-01  -1.9327494e-01  -1.2333417e-01   6.9961254e-01  -2.3451626e-01   2.9231274e-01  -2.9124375e-01  -1.8293471e-02   5.7937136e-02  -2.4114658e-01   3.5782847e-02   5.9813366e-01   1.4061282e-02  -2.1940421e-01   2.4146444e-01   3.5668413e-01  -1.5546380e-01  -1.6786146e-01   1.8107594e-02   3.4821615e-01  -3.5218740e-01   2.5831893e-01  -1.0424418e-01   3.1560319e-01  -2.3972904e-01   3.1670447e-01   3.4012245e-01  -7.6763338e-02   1.0091251e-01  -6.3966675e-02   1.0720187e-01   1.5867901e-01   2.2174022e-02  -9.1841513e-02  -1.5165341e-01  -3.0332340e-01   7.5272975e-01  -1.8431209e-01  -5.0518980e-02  -1.1661917e-01   1.3223572e-01  -1.3695887e-01   2.1015558e-01   2.0036289e-01  -1.3905068e-01  -1.5044788e-01   1.5221533e-01  -1.6637445e-01   4.6744478e-01  -3.0654102e-01   2.3259257e-01  -1.6446898e-01   5.9514115e-03  -2.6738089e-01   2.0704590e-01   1.9426186e-01   5.0774553e-01  -1.0899781e-01  -1.5858027e-01  -2.8690969e-03  -1.2093956e-01   1.1449376e-02   2.4787883e-02   2.8591888e-01   5.4679641e-01   2.6596989e-02   1.7012756e-01   4.5565952e-01   7.8519809e-02  -1.7844655e-01  -4.9180031e-02  -1.4385108e-01   1.5035402e-01   2.4567759e-02  -3.6193402e-02  -1.7780474e-01   5.4653515e-02   3.8147371e-02   1.6578681e-01   3.1603949e-01   2.0060095e-01  -1.5986618e-02   3.8332707e-01  -3.3214242e-01  -1.7357220e-01  -2.7773689e-01   2.9613894e-01   4.3812025e-01   3.4422494e-02  -2.1501219e-01   1.5381277e-01  -1.8001564e-01  -3.7408249e-01   4.8460739e-02  -4.1445124e-02   9.4294036e-02   3.9143324e-04  -7.5226452e-02   3.4895225e-01   3.1926217e-01  -2.0197360e-01  -2.1539467e-01   4.4122264e-01   2.8200309e-01  -1.8236041e-01   7.4402685e-03   8.8764531e-02   1.2513303e-01  -3.4458848e-01  -4.4769683e-02
  -1.3681948e-01   2.2258821e-01  -7.8504294e-02  -1.5790834e-02  -3.2428367e-02  -1.4061261e-01   4.6791640e-01  -2.9885439e-01   2.6006077e-01   0.0000000e+00  -4.0393767e-01   4.1595050e-01  -1.3985369e-01  -1.4049080e-01  -7.0469458e-03  -1.0259618e-01   4.1233195e-02  -2.3432965e-03   2.7319297e-02   1.8141116e-01  -2.1947065e-01  -2.9911507e-01   1.0606606e-01  -3.2864721e-01  -6.6140454e-02   4.5991384e-03  -2.7383623e-02  -1.6596317e-01  -1.8835257e-01   7.1040106e-02  -3.4625025e-01  -9.6964911e-04  -1.5590993e-01   5.5918345e-01  -1.3355296e-01   2.1616875e-01   5.1480371e-01   2.0566270e-03  -1.6684771e-01   3.4781253e-01  -3.0752626e-01  -3.9222281e-02   3.3856772e-01  -3.2180528e-01   5.1292558e-01  -1.9497605e-01  -3.7637600e-01   1.5665625e-01   2.3253827e-01   1.6521553e-01   1.1428083e-01  -2.1542599e-01   1.4627746e-01  -2.7985893e-02  -2.1681178e-01  -2.5573716e-03  -3.1969846e-01  -1.7393408e-01  -1.1720304e-01  -2.4602234e-02  -3.6242452e-01   1.1279633e-01   1.3204185e-01  -2.6837958e-01   3.4055931e-01   7.8227367e-02  -2.2567874e-01   1.6639111e-01  -3.8004564e-01   8.3333834e-02   3.5852722e-01  -2.3998353e-01  -1.6326051e-01  -2.8122812e-01   1.8195400e-02  -1.1581248e-01  -3.2744547e-01  -1.8429262e-02   2.9309788e-01  -2.8628411e-01   1.1847177e-01   1.8799975e-01  -5.1313123e-02  -1.2673700e-01  -3.7620867e-01  -1.6412772e-01  -9.6092659e-02  -9.3454673e-02   2.5475158e-01  -2.4270545e-01   1.2133019e-01  -3.4060465e-01   3.4220415e-01   7.5407114e-03  -2.2123772e-01   2.7642692e-01  -1.3868149e-01  -5.0367272e-04   4.3538852e-02   6.4037047e-01  -1.9027677e-01  -2.8777683e-01  -3.4605747e-01   5.4213871e-02  -1.0378233e-01  -9.5404601e-02  -1.9144154e-01  -1.6846141e-01   4.2999934e-01  -4.3968007e-02   4.9304791e-01  -7.7817047e-02  -4.1481668e-02   9.1664119e-02   3.4544839e-01   1.5556648e-01  -7.6895563e-02  -4.7742930e-03  -1.3646404e-01  -1.3804768e-01  -4.0161145e-01   1.1934975e-01   7.8062469e-02   1.7759554e-01  -2.4071489e-01  -1.2946190e-02   3.3597717e-01  -2.4142904e-01   8.8839476e-02   9.7980552e-02  -4.1574066e-02   2.5113424e-01  -1.7347871e-01  -9.8305161e-02   2.1415639e-01  -1.7241421e-01  -3.5536254e-01  -4.7567071e-02  -3.0860197e-01   4.3962798e-02   8.1943533e-02  -1.3302271e-01  -3.6257394e-01   2.7527581e-01   3.8602998e-01  -2.3241129e-01   6.3131947e-01  -1.4834060e-01  -4.2199038e-02   7.8771193e-03  -3.0578158e-01  -2.2470566e-01  -3.8812368e-01   2.0840811e-02   2.8577073e-01  -9.9027055e-02  -3.7325704e-01  -6.7223959e-02  -2.9072177e-01  -8.5187940e-02  -1.3979580e-01  -2.7353378e-01   8.9514363e-02  -2.3841570e-01  -2.0430394e-01   1.6432121e-01  -5.4283488e-02  -3.9650686e-01  -2.9975531e-01   1.1643809e-01   1.6790424e-01  -1.0946085e-01  -2.5849314e-01  -7.6946967e-02  -3.2890558e-02  -2.1682445e-01  -1.6564340e-01
   7.2210451e-02  -3.3561388e-01  -2.9202848e-01  -7.1023122e-02   1.2241764e-01  -1.9294996e-02  -3.0640047e-01   5.1177918e-01  -9.9910758e-02  -4.0393767e-01   0.0000000e+00  -4.3644000e-01   7.9859597e-02   2.2270719e-01  -1.0671295e-01  -6.4935989e-02  -3.1247474e-01   4.0672529e-01  -2.1772670e-02  -5.6346190e-02   4.4865097e-01   5.4447687e-01  -1.8742800e-02   1.1564152e-01  -2.2289159e-01   1.9528438e-01   1.7200702e-01   2.5915671e-02  -2.9396379e-02   2.0936815e-01   3.4324117e-01   2.0184091e-01  -3.1899204e-01  -3.5340388e-01   2.6629058e-01   1.6747360e-01  -2.5556316e-01   1.7197217e-01   8.6865868e-02  -3.6214979e-01   3.1190509e-01  -4.4803683e-01  -3.1228338e-01   6.4076710e-01  -1.8260437e-01   2.4652034e-01   5.6612136e-01  -1.6343362e-02  -2.6464777e-01  -1.9893468e-01   1.6337622e-01   3.3721488e-01   6.8398781e-02  -4.8520421e-01  -1.7191038e-01   1.8398861e-01   3.5193747e-01   3.9357229e-01   3.5727429e-01   6.2620305e-02   1.6101322e-01  -1.3105076e-01  -5.4957215e-02   5.5303020e-01  -5.9164177e-03   1.5760960e-01   2.7600392e-01  -1.9630210e-02   6.0738297e-01  -2.6834137e-02  -2.7925496e-01   3.1139666e-01   3.4370320e-01  -6.3027340e-02  -8.9753598e-02   3.2445737e-01   2.3614041e-01   2.3347572e-01  -1.3786032e-01   4.1998824e-01  -1.8563520e-01  -4.0871254e-02   3.8701163e-01   2.1905233e-01   1.6573083e-01   4.0930234e-01   5.7397477e-03  -2.2226615e-01  -3.4643516e-01   3.3419198e-01   9.0115380e-02   4.4172414e-02  -4.2324344e-01   2.8381046e-01   2.8965720e-01  -4.4288642e-01   9.9216914e-02  -1.9098853e-02   1.6232742e-01  -1.7415064e-01   1.1513457e-01   4.1335349e-01   3.6862435e-01  -1.2834447e-02   4.0948577e-01   1.5759978e-01  -3.6137657e-01   2.6610826e-01  -5.4140031e-01   2.2365332e-01  -4.2305845e-01   2.9055517e-01  -5.4075441e-04   2.3599872e-01  -3.3355327e-01  -2.4583033e-01   2.0095606e-01   3.1641374e-01   1.1383997e-01   2.9696206e-01   3.6390029e-01  -6.8045203e-02  -2.2913369e-01   2.1034823e-01   3.0290711e-01  -2.7581050e-01  -1.3011636e-01  -1.1188331e-01   1.0628426e-01   7.1714259e-02  -3.9982855e-02   9.5057198e-02  -1.0646150e-01   2.1247989e-01  -1.0024488e-01   4.3414244e-01   1.5471485e-01   8.8138729e-02   5.4706827e-01   2.9855791e-01  -7.4350423e-02   1.2762963e-01   6.0054507e-01  -2.9281792e-01  -6.4698598e-02   5.0810720e-01  -4.9975056e-01   4.7286652e-01   4.1564536e-02   2.8822194e-01   1.0210867e-01   2.3768229e-01   1.9149975e-01   4.4264910e-01  -4.5952717e-01   3.4412059e-01   2.8833170e-01   4.0627909e-01  -4.0592566e-02   9.6363805e-02   2.0201801e-01   5.9014740e-01   2.6425223e-01   5.8250003e-01   4.1247535e-01  -2.0062940e-01   1.1900230e-01   4.3518715e-01   2.9266799e-01  -2.1325877e-01  -2.9658363e-01   2.2547337e-01   4.0778817e-01  -1.4711747e-01  -5.3867057e-02  -3.4421364e-02   2.8392070e-01
  -2.9961841e-01   7.6937209e-01   2.8284312e-01  -2.1262696e-01   3.7936184e-01   9.1294684e-02   5.5899587e-01  -2.1857481e-01   5.6531171e-01   4.1595050e-01  -4.3644000e-01   0.0000000e+00  -2.9638356e-01  -1.9379164e-01  -4.7559526e-02   4.3830512e-02   3.9501404e-01  -2.3314848e-01   3.3620715e-01   5.6533297e-01  -5.4272011e-01  -5.3165629e-01  -4.1549908e-01  -3.0851943e-01   1.7743361e-02  -1.5307699e-01   3.1934571e-01  -3.5263632e-01   5.1400056e-03   3.5213093e-01  -3.1482151e-01  -6.2274196e-02   6.8042362e-02   4.7573324e-01  -5.3291384e-02   3.1632609e-01   2.2401924e-01  -1.6549007e-01  -1.8578163e-01   7.0556029e-01  -2.1057237e-01   4.7519481e-02   4.3054553e-01  -4.9870299e-01   2.2668613e-01  -1.3818075e-01  -3.0906028e-01   4.8806992e-01   1.3889079e-01   5.4898380e-01  -7.9491818e-02  -2.7705546e-01   2.8375800e-01   1.1473809e-01  -2.4412869e-01  -4.3663794e-01  -5.7871513e-02  -2.1938066e-01  -1.7356077e-01   2.7668584e-01  -1.2128476e-01   5.1237191e-02   6.0020989e-01  -8.9502274e-02   3.5747439e-01  -6.2460053e-02   1.4104221e-01  -8.6701678e-02  -4.1282714e-01   5.1928356e-02   7.3977322e-01  -3.3161070e-01  -7.0680787e-02  -8.7282155e-02  -2.0550847e-02  -1.7647187e-01  -1.4266137e-01  -1.6523239e-01   7.0604437e-01  -2.5812788e-01  -2.6398129e-01   9.1737034e-02  -2.1401469e-02  -3.0407804e-01  -2.5911028e-01  -2.7158289e-01   5.6744343e-02  -2.1682729e-01   4.2275646e-01  -1.1371192e-01   2.8350891e-01  -1.8252708e-02   5.9129342e-01   1.3173326e-01  -1.5232057e-01   4.8713227e-01  -1.5857616e-01   2.0607887e-01   1.2540625e-01   7.7529501e-02  -1.3056560e-01  -1.2974725e-01  -4.5387936e-01   5.7114816e-01  -3.5387024e-01  -5.6385926e-02   1.0406213e-01   3.3642623e-02   2.4402926e-01  -1.8459703e-01   3.2960975e-01  -2.1521605e-01  -1.4694345e-01  -6.5789877e-02  -1.0132406e-03   3.6921871e-01  -4.7422869e-01   1.9806477e-02  -3.2106799e-01  -1.6181372e-01  -2.8206406e-01   3.8579377e-01   4.1832438e-01   2.1670334e-01  -8.9868108e-02   1.3397866e-01   1.5806478e-01   2.2357070e-02  -9.4554961e-02   8.3503659e-02   1.0478694e-01   2.7633299e-01   1.2144672e-01  -1.8138224e-01   4.3357291e-01  -2.3239178e-01  -2.5731409e-01  -3.4262178e-01  -4.1206476e-01   8.8682594e-04  -7.8094150e-02  -1.8226048e-01  -3.7296540e-01   1.7993586e-01  -1.7205883e-02  -3.2014587e-01   6.7060386e-01  -1.1116398e-01   5.0768886e-02   5.7025456e-02  -1.2935687e-01  -4.1032610e-01  -1.6905385e-01   1.8284987e-01   7.8540469e-01  -6.6003914e-02  -1.5654550e-01  -1.6279202e-01   6.5840095e-02  -4.7073575e-01  -1.0055145e-02  -2.9865254e-01  -1.3297480e-01  -2.4766242e-01  -2.2374394e-01   4.7371700e-01   3.5611345e-01  -2.7829832e-01  -2.2746229e-01   5.3442489e-01   6.0620926e-01  -2.0714916e-01  -2.1769082e-01   3.3151444e-01   5.9441592e-02  -1.1984933e-01  -1.3141212e-01
   2.7437884e-02  -3.3386914e-01  -1.0890722e-01  -2.0855250e-02   1.3791565e-01   8.9641672e-02  -7.6512542e-02   1.2202318e-02  -2.0213895e-01  -1.3985369e-01   7.9859597e-02  -2.9638356e-01   0.0000000e+00   1.3511470e-01   1.0588936e-01   9.3076925e-02  -1.1637471e-01   2.2218809e-01  -2.3836273e-01   1.6367884e-01   1.7847537e-01   8.5246520e-02   3.0286301e-01  -1.3314312e-02  -2.3407633e-02   1.1244754e-03   6.0150196e-02   1.0338579e-01   1.5314702e-01  -1.4472321e-01  -2.9720100e-02  -5.8427709e-02  -1.0288765e-01  -1.8510713e-01   1.7057051e-01   1.7309328e-01  -1.8780528e-01   3.0320254e-02   9.4148758e-02  -8.7994831e-02   4.5360128e-01   1.9260642e-01  -1.2689535e-01   1.4729537e-01   8.2433572e-02   2.2722425e-02   2.2097623e-01  -1.7293922e-01  -1.5163598e-01  -2.6130539e-01   2.1824055e-01   4.8274349e-02  -8.7819114e-02  -2.3060973e-02   1.1285814e-01   1.1598687e-01  -1.1526803e-01   3.6727418e-02   6.1953726e-02   1.1322639e-01   8.0242984e-02   2.2160445e-01  -2.5217070e-01   1.0267713e-01  -1.1820358e-01   1.3048251e-01  -3.7169699e-03  -3.9464673e-02   1.6918649e-01   1.4079709e-01  -3.3763474e-01   1.0645865e-01  -4.1972571e-02   1.0725409e-02  -1.1916940e-02  -1.2803459e-01   5.5731807e-02  -5.0074291e-02  -2.0823458e-01   6.7298851e-02   8.4813927e-02   8.4091563e-02  -4.1309144e-02  -4.0864475e-02   1.8057541e-02  -8.0965047e-02  -1.4773061e-01   4.8907028e-02  -1.2732023e-01   9.5683680e-03  -4.5824123e-02  -6.9223649e-03  -5.3569667e-02   1.9067309e-01   1.0780666e-01  -4.3708176e-02   1.1903661e-01  -4.2330211e-02   2.1003548e-01   7.4428519e-02   5.5820527e-02   2.4711470e-02  -2.0028334e-02  -1.5008328e-01   1.2135594e-01  -2.4578571e-01  -1.5678503e-01  -9.2671823e-03  -1.1892625e-01   1.0902044e-01  -6.6884943e-02   1.4255957e-01   1.1271666e-01   8.4746055e-02   1.3750293e-01  -1.7887148e-01   1.6362569e-01   3.8469683e-01   1.1681753e-01   6.2354844e-02   6.0571334e-02   5.4992242e-02  -1.5808578e-01   1.8707276e-02  -4.5287489e-02   4.0333615e-02   2.1672081e-01   9.0375928e-02  -1.0207422e-02   1.5512369e-01   2.4113905e-01  -8.5081643e-02   2.5823251e-02   1.2025961e-01  -1.4287216e-01   4.0732758e-02   1.4960919e-01   1.7159614e-02  -2.0721899e-02   1.0654084e-01   9.8617406e-02   6.1390494e-01   9.1287888e-02   2.5794264e-02   4.8919897e-02  -7.5137782e-02  -1.6275681e-01   1.1557758e-02   1.4038479e-01  -1.6243429e-01   1.2904381e-01   8.6028649e-02   3.1897469e-02  -1.1444513e-01  -2.2771866e-01  -2.6610760e-02   7.8036412e-02   8.6965921e-02  -2.0111515e-02   1.5499139e-01   1.4983490e-01   2.2842421e-02   1.4864222e-01   4.1054978e-03   6.2969959e-02  -3.0228201e-01   2.4663535e-02   9.3776726e-02   1.2535024e-01  -2.7211734e-01  -1.2174874e-01   1.2522715e-01   2.0963739e-01  -5.6335650e-02  -4.6541523e-02   1.3144936e-01  -9.6976225e-02
   3.4374113e-01  -4.0861623e-01  -3.2623995e-01  -1.5378557e-01  -2.6756468e-01   8.0908376e-02   2.4694592e-03   1.5496517e-01  -1.3042956e-01  -1.4049080e-01   2.2270719e-01  -1.9379164e-01   1.3511470e-01   0.0000000e+00   1.5877085e-01  -2.5045546e-02  -3.2848275e-01   1.2229579e-01  -2.0440998e-01  -1.5626710e-01   2.6949831e-01   3.9062132e-01   2.8646918e-01   2.0563266e-01  -7.2847087e-02   2.7487046e-01  -7.8316307e-03   2.7045930e-01  -1.2061043e-01   1.7678413e-01   1.0274963e-01   2.5085280e-02  -2.2180487e-01  -1.4421253e-01   3.3801528e-01  -1.6620751e-01  -1.4456699e-01  -2.9781231e-01  -1.7188960e-01  -3.1098972e-01  -2.2545335e-01  -1.0498504e-01  -1.4598864e-02   3.8220888e-01   4.0088541e-02  -1.7620633e-01   1.3814570e-01  -1.0397355e-01  -1.8351865e-01  -1.8494309e-01   2.0157763e-01   3.2763053e-01  -3.0031407e-01  -2.3629590e-01   2.9567635e-01   3.8861878e-01   1.4441428e-01   1.3657366e-01  -1.1479745e-01   3.5541724e-01   4.8100192e-03   9.1072757e-02  -2.6840133e-01   2.3956143e-01  -1.6352855e-01   2.4704700e-01   3.6814735e-02  -1.3826114e-01   2.2357877e-01   4.3003672e-03  -3.9800991e-01   1.2353146e-01  -1.7138118e-01   3.0400057e-01  -1.8497330e-01   4.8755777e-02  -8.7031956e-02   3.2248692e-01  -2.9053918e-01  -2.1374504e-01   2.1349751e-01  -4.7929628e-03  -1.0063371e-01   2.9911193e-01   1.7444104e-01   9.5275401e-02   3.8636320e-02   2.1596346e-01  -3.6219069e-01   5.8144647e-02  -2.7938648e-01  -1.5996780e-01  -3.8161072e-01   1.7444117e-01  -2.9773226e-01  -3.3691324e-01  -1.6498665e-01  -1.6276699e-01  -1.2977019e-01   2.2235482e-01   6.4731797e-02   2.8631717e-01   5.3777674e-01  -3.3551031e-02   2.6616846e-01  -1.1106135e-01  -2.3614657e-01  -9.6788655e-02  -2.1021781e-01  -1.3125055e-01  -2.2261354e-01   4.4145316e-01  -1.2949724e-01  -1.6501551e-01   3.0837540e-02  -3.0855192e-01   2.6698306e-01   4.4097931e-02   1.8830570e-01   1.2169174e-01   1.1842189e-01  -2.4999291e-01  -3.4647786e-01  -5.6830994e-02  -1.7260475e-01   4.9749888e-01   2.5097547e-01  -2.1346672e-01  -1.5340102e-01  -6.2183128e-02  -2.5056276e-01  -8.1328469e-02   1.8648382e-01   1.3175593e-02   1.0742992e-01   1.3978251e-01  -1.9309045e-02   2.0130443e-01   3.5690051e-01  -8.2770788e-02   2.4320747e-01   1.9655674e-01   2.7262656e-01  -2.4833006e-01   1.9722444e-01   1.5033359e-01  -1.9485029e-01   5.5041395e-02   1.4919807e-01  -5.7426337e-02   1.2287410e-01   3.3674587e-01   1.4566764e-01  -1.2560186e-02  -3.1034901e-01  -1.9938276e-01   6.1365136e-02   1.4468120e-02  -2.5383078e-01   4.2670529e-01   5.1656261e-02   4.0675669e-01  -3.0915158e-03   2.9352701e-01   2.4513916e-01  -2.8347510e-01   1.3405898e-01   2.9003985e-01   2.1004978e-01  -5.7034859e-01  -2.6389302e-01  -3.4254314e-01  -3.5839394e-02  -7.6823489e-02  -1.6231741e-01  -1.2950171e-01   1.2172634e-01
