   0.0000000e+00  -6.3925596e-01  -2.9324302e-01   1.1665892e-01  -1.9548767e-01   2.4083315e-01  -1.5950753e-01  -1.2956907e-01  -1.7121025e-01   4.0034957e-02   4.6649936e-02  -3.9549969e-01  -2.1112146e-02   5.7918088e-01   1.1981109e-01  -1.2440086e-01  -5.1469389e-01   5.1964832e-02  -1.6668686e-01  -1.4596820e-01  -3.1984268e-03   1.9842607e-01   1.0306160e-01   5.5741231e-01  -7.7855593e-02  -2.8487200e-02  -4.9172070e-01   3.2868621e-01   1.3961173e-02  -4.9896763e-01  -1.0357186e-02   1.5686614e-01  -3.3893884e-01  -2.4670459e-01   2.4165651e-01  -2.8147883e-01  -1.1864979e-01   5.4179992e-01  -2.8180879e-01  -6.3233455e-01   3.0984556e-01  -2.9644386e-01  -2.5420391e-01   4.0719888e-01   9.2601813e-02   2.8154123e-01   9.8585775e-02  -4.2887080e-01   3.3231422e-02  -6.9201653e-01   4.3215277e-01   1.4521664e-01  -6.0196303e-01   1.5202421e-01   4.3265181e-01   5.7929201e-01  -1.2706295e-01  -6.9890922e-02   2.1496248e-01   1.6638688e-01   3.2244130e-01   2.2911259e-01  -2.7741257e-01  -1.7637784e-01  -3.2654422e-01   7.2244246e-02   2.3309030e-02  -1.4987669e-01   2.0631458e-01   6.7391851e-01  -6.7228250e-01   4.5244597e-01  -8.0694804e-02   3.6416446e-01   1.2899323e-01  -1.9971908e-01   4.3073029e-01   4.7824546e-01  -4.0191354e-01   3.2359970e-01   3.9475458e-01  -1.5797431e-01  -4.8048539e-01  -1.6650427e-01  -3.2948673e-01   4.6324929e-01   1.1272906e-02   4.3673701e-01  -3.0099096e-01   8.5062090e-01  -2.2642636e-01   2.4873513e-01  -2.7985503e-01  -9.2638036e-02   5.1624738e-01  -2.9130126e-01   3.6806214e-01  -5.0886711e-03   4.4476329e-01  -1.2015705e-01  -4.6398697e-02  -1.6223552e-01   8.4974948e-03  -2.6373467e-01   2.6621765e-01   6.5553425e-02   6.8231407e-02  -4.3687396e-02   3.1990733e-01   2.1895739e-01  -2.5385062e-01   3.6297441e-01  -4.6214611e-02   6.2177199e-01   4.5391571e-01  -5.9462069e-01   4.5280890e-01  -5.7246938e-02   4.8988585e-01   2.4897776e-01   5.6215466e-01  -1.8039729e-01   1.7289311e-01  -3.9059524e-01   4.8566416e-01   5.1603790e-01   7.8701114e-02   1.5911490e-01  -3.7048710e-02  -9.4627194e-02  -2.3937450e-01  -3.8204347e-01  -8.1302713e-02  -3.7714410e-01  -9.6182075e-02  -1.4121855e-01   1.6659067e-01   5.1089716e-01   1.9354879e-01   4.4363468e-01   4.7105948e-01  -1.0353578e-01   5.4291537e-01   5.8327915e-01   3.0563123e-01   1.1574098e-02  -6.0178954e-01   1.4308481e-01   3.1786542e-01  -2.7806464e-01   1.2347596e-02   9.0425296e-02   4.7515897e-01  -4.6961152e-01  -4.4943478e-01   5.6450970e-01   3.8773747e-01   4.4043011e-01   2.3721224e-01   3.7775906e-01  -2.8338506e-01   2.3778863e-01  -3.1311867e-01   2.2723245e-01  -9.2105413e-02  -5.1103805e-01  -1.2473835e-02  -1.5921865e-01   3.5863334e-01  -3.7940813e-01  -2.2230187e-01   4.0297568e-01   1.8225508e-01   3.8601409e-02  -1.4559965e-01  -1.1127647e-01  -6.4373747e-02
  -6.3925596e-01   0.0000000e+00   2.7055207e-01  -1.7412792e-01   2.6092813e-01  -4.5616389e-01  -7.9188194e-03  -2.4903579e-02   1.1742378e-01  -1.7321015e-01  -1.8176029e-01   5.8207041e-01  -1.9888944e-01  -2.8576627e-01  -1.5205717e-01  -1.1368526e-02   5.1962458e-01  -2.3298202e-01   6.3591626e-02   2.1122307e-01  -9.5352310e-02  -2.4308358e-01  -3.7180388e-01  -3.8611651e-01  -4.3766769e-02  -1.7468727e-01   2.1676092e-01  -4.5256643e-01  -1.8745242e-02   6.7692933e-01   1.8650077e-02  -3.3359669e-01   1.9898593e-01   2.9665947e-01  -1.7175820e-01   1.9560864e-01   4.2442381e-01  -2.5092965e-01   1.0131256e-01   5.3223615e-01  -3.2901420e-01   1.2431964e-01   3.6152352e-01  -3.5090972e-01   9.2666568e-02  -2.2978751e-01  -3.0461772e-01   4.3743110e-01   6.6039948e-02   6.5079600e-01  -5.6641904e-01  -3.7665067e-01   6.1572391e-01  -6.3775122e-02  -2.2385053e-01  -5.4247182e-01  -4.8468468e-02  -9.4109311e-02  -2.8088817e-01  -3.4015993e-01  -2.1961296e-01  -1.6383168e-01   4.1248186e-01  -2.0769306e-02   4.7229639e-01  -1.1463868e-01  -2.1428234e-01   2.7057334e-02  -5.4799095e-01  -6.1391882e-01   7.7914608e-01  -4.1126940e-01   2.0445870e-01  -2.5159098e-02  -1.0628156e-01   2.0874886e-01  -2.8504204e-01  -3.6496660e-01   4.7234456e-01  -2.9406684e-01  -5.9813346e-01   1.7544661e-01   4.7405306e-01  -1.8453188e-02   5.5377548e-01  -5.4916176e-01   1.7280568e-01  -4.4597408e-01   3.3153559e-01  -5.0443129e-01   1.4398854e-01  -1.1852891e-01   1.1257504e-01  -1.1981586e-01  -3.6191154e-01   3.4914927e-01  -2.1119278e-01  -1.4424389e-01  -2.4195311e-01   2.5695871e-01   1.1682358e-01  -1.6035301e-02   6.7648269e-03   3.8518590e-01  -3.4010225e-01  -1.4386327e-01  -6.9126881e-02  -2.2058733e-01  -1.4426256e-01  -5.0035955e-01   1.1164185e-01  -4.1565709e-01  -5.5269973e-02  -4.0209432e-01  -4.8531522e-01   6.8073954e-01  -3.1244761e-01   1.7050023e-01  -4.9084280e-01  -2.7625268e-01  -4.2141972e-01   1.2758999e-01   4.5620223e-02   4.1845705e-01  -2.6718890e-01  -3.8355251e-01  -1.6934038e-01  -1.4521344e-01  -9.8149124e-02  -1.0995714e-01   1.0920264e-01   4.5402890e-01   3.8307003e-01   2.7127981e-01  -8.0688985e-03  -7.3437200e-02  -7.4428676e-02  -4.2643610e-01  -3.1397581e-01  -3.0254750e-01  -2.9216622e-01  -1.3128008e-01  -5.3122076e-01  -5.6265902e-01  -2.9445459e-01   7.3511157e-02   4.5756370e-01  -3.1791385e-01  -4.7742041e-01   2.0200596e-01   6.3347847e-02  -1.3763519e-01  -4.2178340e-01   5.5032113e-01   3.6630714e-01  -3.2913460e-01  -3.5505081e-01  -5.4346966e-01  -6.5500821e-02  -5.1122658e-01   1.0019634e-01  -1.9999171e-01   1.8209012e-01  -2.7275869e-01  -1.8093450e-01   6.5397493e-01  -3.1586605e-02  -1.2285349e-01  -2.8367081e-01   5.2083283e-01   2.6445423e-01  -3.8191086e-01  -7.9108153e-02  -2.0596407e-01   5.0864797e-02   9.4419350e-02  -6.4983315e-02
  -2.9324302e-01   2.7055207e-01   0.0000000e+00  -2.0893597e-01   2.6711355e-01  -2.7426584e-01   1.0830218e-01  -2.8872797e-01  -1.5443701e-01   2.7565663e-01  -1.4501890e-01   6.2249160e-01   3.7216952e-02  -2.7681246e-01  -1.3603205e-02   1.3529561e-01   8.0968856e-01  -1.4433415e-01  -1.7069832e-01   5.2454286e-01   7.7840618e-02  -4.7104771e-03   2.1483203e-01  -4.7391992e-01   6.1604132e-02  -1.1240011e-01   3.8024904e-01  -2.7920660e-01  -1.4686452e-01   3.2656642e-01  -5.9725654e-02   3.2532319e-02  -4.7347580e-02   1.6169033e-01   2.6936546e-02   2.1495361e-01   8.0817107e-02  -3.3118922e-01   4.9074482e-02   5.8016915e-01  -1.4878226e-01   1.0948871e-01   2.9768225e-01  -3.7786252e-01   4.6626394e-02   3.4287159e-01   6.7320636e-02   6.2109998e-02   1.3674214e-02   5.1467319e-01  -1.4437019e-01  -2.1060958e-01   1.2984213e-01  -4.0036820e-02  -8.9749367e-02  -2.2717242e-01  -5.8492400e-02  -1.4368707e-01   2.0727648e-02   2.9065746e-03  -2.0059573e-02   2.6509063e-01   1.8163809e-01  -2.8272377e-01  -8.6778943e-02   2.8378756e-01  -1.0258749e-01   4.5933684e-02  -8.2407198e-02   9.9708041e-02   1.7912508e-01  -3.0245793e-02   1.5757616e-01   1.8185391e-01  -2.7830988e-01  -1.4901253e-01   9.5025144e-02  -6.7290523e-02   2.6435192e-01   6.2227915e-03  -3.7263040e-01   2.0071420e-01   3.1324928e-02  -1.5136881e-01   4.0227419e-01  -2.4953976e-01  -8.7215548e-02  -4.4373039e-01   7.5977633e-02  -4.1786479e-01  -1.7359288e-01   2.5462667e-01   2.5860982e-01  -2.5824571e-01  -2.0082591e-01   9.2989063e-02   2.2361248e-01  -1.6173184e-01   1.6974333e-01   1.0014795e-01  -1.0644153e-01   2.0534547e-01  -2.2652827e-02   1.7711423e-01  -3.1691024e-02   1.6003828e-01   6.4384822e-02  -1.7050419e-01   1.6500090e-01  -8.3381914e-02   1.1552493e-01   3.5682703e-02   2.5039785e-03  -2.3398503e-01  -2.4309279e-01   1.1664948e-01  -3.9845032e-02   1.7113354e-01  -2.6612038e-02  -1.0239083e-01  -1.0497529e-01   1.2706896e-01   1.0459691e-01   1.6558826e-01  -3.2426244e-02   2.1247630e-03   1.3410176e-01   2.5834540e-02  -1.3193174e-01   5.6991458e-01   7.2099703e-02   2.6922640e-01   2.3891328e-02   1.0734485e-01  -2.1375512e-01  -2.7965993e-01  -1.5824757e-01  -3.7516210e-01  -4.4096323e-01   5.4708417e-02  -2.3020321e-02  -1.4776583e-01  -1.6607627e-01  -1.4302258e-01  -2.9504812e-02   1.9964826e-02   5.3722935e-01  -1.4053336e-01   1.5424928e-01  -1.9712250e-01   3.9199139e-01  -4.0538060e-01   3.4900679e-03  -3.2018535e-02   5.1530049e-01  -2.1127566e-01   7.2774805e-02  -1.3407083e-02   2.5421022e-01  -3.0882022e-01  -2.8290630e-02  -2.8090248e-01   1.5200114e-01  -1.2802919e-01   2.2362345e-01   4.5760096e-01  -4.5268306e-02  -1.3178694e-01  -1.4931190e-01   3.9537072e-02   3.7979056e-01  -2.2195082e-01   2.5295965e-02   1.0342816e-01  -1.5556827e-02   1.4096767e-01   2.5919204e-02
   1.1665892e-01  -1.7412792e-01  -2.0893597e-01   0.0000000e+00  -2.7748514e-01   2.2965841e-01   3.6047349e-02   1.6577000e-01   5.5455324e-01  -1.2470788e-01   2.5181813e-02  -1.4590501e-01  -7.0574632e-02   2.3916097e-01  -6.9341876e-02  -4.2803647e-01  -1.7948774e-01   2.1291171e-01   4.8037934e-02  -3.0419501e-01  -2.3860457e-01   3.4650885e-01  -2.3745753e-01   1.3494203e-01  -8.3745122e-02  -6.1486355e-02   7.6993119e-02  -5.4536828e-02   6.8320759e-02  -1.1438839e-01   8.8231267e-02   2.6543028e-01  -3.8047432e-03  -1.7148456e-01   1.4613909e-01  -2.4462520e-02   1.6069922e-01   1.4013479e-01  -4.6927159e-01  -1.5336626e-01   4.2177956e-01   7.2227533e-02  -1.8156654e-01  -6.0568468e-02   1.1209190e-01  -7.0164701e-02   1.4615413e-01  -2.4864039e-02   1.2963828e-01  -2.7781457e-01   6.7493678e-02   2.7906498e-01  -6.4003145e-02  -1.9753393e-01  -1.0810885e-01  -5.9689818e-03   1.2525955e-01   5.6434066e-01   4.4941651e-01   2.0086814e-01   4.9514910e-01   2.8725599e-02  -6.1578125e-03   1.2020951e-01   1.4311401e-01  -1.1794934e-01   2.7052859e-01  -2.7703463e-01   1.7851302e-01   3.4503862e-02  -4.7092376e-02   4.0392736e-01  -2.9321629e-01  -1.4857851e-01  -1.2588442e-01   2.1160581e-01   4.3229852e-01   2.2713721e-01  -1.6174783e-01   7.1340382e-02   8.2192060e-02  -4.8183354e-01  -8.8194075e-02   1.1773375e-01  -1.0404609e-01  -3.8677350e-02   1.3249041e-01  -1.2370090e-01  -7.6617357e-02   8.5418283e-02  -2.2735477e-01   1.1216847e-01  -2.2021808e-01   5.0612499e-01   3.1408722e-01  -2.5851410e-01   1.4160366e-01   2.2286687e-01   2.2451076e-01   3.3128043e-02  -6.6988425e-04  -1.5646682e-01   2.7683337e-01   2.4738752e-01   2.8291733e-01   3.6084810e-01  -5.1194348e-02   3.4423706e-01   4.5691489e-02   8.5070966e-02  -2.0247949e-01   1.8672628e-01   3.4654216e-01   4.0108138e-01  -1.0285732e-01  -2.6859202e-01   1.4154519e-01  -1.7298199e-01  -1.7645963e-01   6.9185219e-01   1.4749286e-01  -3.4554260e-01   1.1397016e-02  -3.7447119e-02   1.0745687e-01   2.0134621e-01  -3.2781419e-01  -8.6796511e-03   6.7184986e-01  -2.2377246e-02  -4.9927609e-01  -1.6279525e-01  -5.4411524e-02   8.0281680e-02   6.1368688e-01   4.2245332e-01  -2.0900089e-01  -1.5444431e-03   4.9709227e-01   2.5055041e-02  -6.7859343e-04  -6.4534173e-02   3.7335839e-01  -8.0042151e-02  -2.8093918e-01  -1.8718522e-01  -1.4784534e-01   6.8701978e-02  -5.7481544e-02   5.8057650e-02  -2.3048090e-01   1.8932527e-01  -1.0523772e-03  -1.6629708e-02  -1.4309150e-01  -1.4086465e-01   9.5201002e-02   2.9421857e-01   9.3524097e-02   2.4895447e-01  -2.2469821e-01   4.0297211e-01  -2.0793906e-01   6.1511528e-01   3.4295042e-01  -2.6110453e-01   1.6071713e-01   7.7524080e-02  -1.6453305e-01  -2.6556215e-01  -3.1134141e-01  -1.0352370e-01   4.6800610e-01  -2.4212118e-02  -2.9578118e-02  -2.7561505e-02   4.4351643e-01
  -1.9548767e-01   2.6092813e-01   2.6711355e-01  -2.7748514e-01   0.0000000e+00  -2.2057330e-01  -4.5990544e-02  -2.4603597e-01  -2.2763838e-01   9.9620571e-02  -4.0364473e-02   2.9137901e-01   1.1515270e-01  -3.0415696e-01   4.1856031e-02   1.6285210e-01   3.5676050e-01  -7.5728059e-02   5.0558066e-02   6.7884401e-01  -3.5198738e-01  -2.9549097e-01  -1.0604289e-01  -3.2107508e-01   5.8043709e-02  -2.3183826e-01   4.3769847e-01  -1.7807802e-01   1.1326062e-01   1.9568456e-01  -4.0221588e-01  -3.6294204e-01   7.2886754e-02   1.9491424e-01  -1.3928471e-01   6.4359785e-01   1.0790908e-03  -2.2477417e-01   2.0208149e-01   3.3046312e-01  -8.4554470e-02   8.7669563e-02   1.8233464e-01  -1.3123892e-01   2.1744401e-01  -1.7877450e-02   3.2554724e-01  -1.7920419e-01  -7.1821152e-02   3.7705182e-01  -1.8268242e-01  -4.0105117e-01   2.1985042e-02   9.9509594e-02  -1.0604498e-01  -1.4695751e-01  -6.1879061e-02  -4.1646967e-01  -3.2982760e-01  -1.6867099e-01   4.2354431e-02   2.2824746e-01   4.1487245e-01  -3.3840002e-01  -3.6371381e-02   1.5616096e-01  -6.4933862e-02   2.6072685e-01  -1.4870817e-01  -1.5526001e-01   3.7203733e-02  -7.7221620e-02   1.6268854e-01   5.7361608e-02  -8.2086632e-02  -2.1089542e-01   1.5737082e-02  -1.4654884e-01   6.9954055e-01  -1.0418985e-01  -2.3295577e-01   1.6777181e-01   7.1225094e-02  -9.0160400e-02   6.7672455e-02  -2.3088077e-01  -2.3052991e-01  -1.6479175e-01   2.1869438e-01  -2.5588454e-01   2.4489902e-01   8.9381464e-02   1.8495402e-01  -2.7817225e-01  -8.0001870e-02   5.6738491e-01   1.1833857e-01  -1.5302936e-01   5.2671995e-02  -3.0645589e-03  -3.4463664e-01   1.1262745e-01  -3.8251395e-01  -1.2522139e-01  -3.5124586e-01  -2.2615677e-01   2.1969257e-01  -2.3021843e-01   9.8241302e-02  -3.6149645e-01   5.9977906e-02  -1.8698882e-01  -5.1486464e-02  -1.9079714e-01  -2.7941147e-01   4.4576271e-01  -2.1324509e-01   2.8614338e-01  -5.9701133e-02  -1.6424994e-01  -1.2545103e-01   4.7748189e-01   2.4827622e-01   6.4847992e-02  -2.5863668e-01  -2.2878261e-01   2.1830938e-01   1.0671005e-02  -3.4837091e-01   8.4945367e-02   5.1637369e-02   3.0808921e-01  -3.2696949e-04  -2.9564878e-01  -3.5676642e-01  -3.5160278e-01   4.8909230e-02  -3.4668355e-01  -3.4722321e-01  -2.4183530e-02  -1.7902102e-01   1.0391575e-01  -2.8876412e-01  -1.7118894e-01  -7.4844477e-02  -4.0376211e-01   1.7212195e-01   1.6736290e-01   1.1398808e-01  -1.8544375e-01   5.7491401e-02  -3.5106853e-01  -1.4406627e-01  -9.7999528e-03   3.4967641e-01  -2.4730074e-01   1.8252334e-03  -2.4694249e-01   7.4123750e-02  -2.4176745e-01   1.4293773e-01  -1.4378019e-01   1.4531794e-01  -3.4863434e-01  -2.6918939e-01   5.5281193e-01   2.3375188e-01  -6.5621051e-02  -1.9228475e-02   4.2911793e-01   5.7467662e-01  -1.6178631e-01  -2.7348009e-02   4.6438206e-02  -4.2742546e-02   1.0493183e-01  -2.3447950e-01
   2.4083315e-01  -4.5616389e-01  -2.7426584e-01   2.2965841e-01  -2.2057330e-01   0.0000000e+00  -3.6441117e-02   4.0376452e-01   8.0950465e-02  -7.6059307e-02  -1.2633462e-01  -4.0443745e-01   2.5718197e-01   1.3365783e-01   9.0335836e-02   7.8784749e-02  -3.5192295e-01   6.6265943e-02   2.1985335e-01  -2.9407463e-01  -1.2847191e-01   2.2832287e-01  -1.0890665e-01   4.1503786e-01   1.9321517e-02   3.0255007e-01  -1.0584683e-01   5.6020468e-01   1.8930098e-01  -4.3517855e-01  -1.0404151e-01   4.1513268e-01  -1.2045543e-01  -1.1717631e-01   1.5266588e-01  -2.3798869e-01  -1.8348937e-01   8.3797047e-02  -5.1632363e-02  -3.6257542e-01   4.6221338e-01  -3.6251515e-04  -3.3751446e-01   2.9806947e-01  -2.2003732e-01  -7.0842918e-02   1.7847453e-01  -2.8989139e-01  -6.6617350e-02  -2.5013919e-01   2.2357679e-01   4.8478990e-01  -3.2876506e-01  -5.4502885e-02  -1.0170951e-01   3.1156544e-01   3.7168585e-01   2.6800915e-01   3.3281898e-01   3.2429585e-01   1.0804433e-01  -6.8748865e-02  -3.6313808e-01   2.4917127e-01  -3.5078559e-01  -2.8042160e-01   6.1532194e-01   7.1509733e-02   4.9520508e-01   3.6446436e-01  -4.3581614e-01   8.2663660e-02  -1.6606863e-02   4.0063011e-02   1.8374202e-01   3.4119380e-02   5.1661526e-02   1.4932322e-01  -2.0905814e-01  -9.4856659e-02   5.6377332e-01   5.9663948e-02  -2.1938309e-01   4.1085496e-01  -3.2895318e-01   2.4601801e-01  -2.4459962e-02   3.9161646e-01  -2.1966479e-01   2.6653862e-01  -1.9045581e-01  -4.2056839e-02  -5.9565541e-02   3.9568889e-01   3.2689277e-02  -8.3190937e-02  -1.5522604e-01   3.9894786e-01  -1.4272873e-01  -2.5574664e-01  -2.7121802e-02   2.2631800e-02   5.5277069e-02  -1.2403484e-01   2.6547517e-01   2.0123746e-01  -2.7809847e-01   5.2580800e-01  -1.4625342e-01   2.5597689e-01  -8.5771617e-02   2.5115549e-01  -1.1872427e-01   2.4385036e-01   2.8194069e-01  -1.4397143e-01   5.2802348e-02   6.5045769e-02   3.3972764e-01   1.9656216e-01  -6.8370190e-03  -7.4164660e-02  -8.2226715e-02  -3.4396896e-01   2.2633865e-01   2.9555237e-01  -1.5489519e-01  -1.9261932e-01   1.7800061e-01  -5.1803969e-03   1.0617123e-01  -4.6822542e-01  -3.6841472e-02  -3.3201945e-01   1.7080633e-01   3.0832396e-01  -1.6272902e-01   4.0253396e-01   5.9326781e-01   2.0707028e-01   2.8447606e-01   2.8923998e-01   1.6351668e-01   5.5443672e-01  -3.2848492e-02  -1.9446457e-01  -3.7055935e-01  -5.4458948e-02   5.2030254e-02  -3.1300240e-01  -1.9499968e-01   2.9861712e-01  -7.0439792e-02  -2.7769937e-01  -2.4159593e-01   2.3203840e-01  -2.0045347e-01   5.0381070e-01  -1.4421687e-01   5.7412857e-01   6.6283741e-02  -3.1521887e-02  -3.5492551e-01   1.7687602e-01   3.4778675e-01  -3.4830583e-01  -6.7748421e-02   5.7645705e-01   2.2270076e-02  -1.3471759e-01  -2.6877516e-01   1.0907066e-01  -1.1075343e-01   5.0473795e-01   1.5015148e-01  -2.8521649e-01   2.9104641e-01
  -1.5950753e-01  -7.9188194e-03   1.0830218e-01   3.6047349e-02  -4.5990544e-02  -3.6441117e-02   0.0000000e+00  -2.8649941e-01   3.3963189e-02   3.7936713e-01   1.2907444e-01   3.3316773e-01  -4.0550495e-01  -1.3556310e-01   2.8809883e-01   1.6078189e-01  -5.1679435e-02   2.1234746e-01  -4.4404062e-01   1.2723279e-01   2.1490793e-01   1.6401746e-01   5.1173601e-01  -3.6237464e-01  -1.8480641e-01  -3.8919938e-01   2.6163880e-01   3.7470897e-02  -2.1155578e-01   1.9521403e-01   1.8491199e-01  -6.5652096e-02  -6.4618585e-02   5.0977473e-01   2.7811380e-01   3.0584564e-01   2.2292736e-01  -2.4672278e-01   6.7853480e-02   1.7486540e-01   2.0164898e-02  -1.3624194e-01  -1.1425664e-02  -2.4959865e-01   4.8706168e-01  -2.0476373e-01   1.9177765e-01   4.6713184e-01   8.6597125e-02   1.7482913e-03   3.4230651e-01  -2.9453301e-01   1.8424426e-01  -3.5378279e-01  -9.2272525e-02  -3.3936495e-02  -2.3329658e-01  -8.8049233e-02   2.0465113e-01   2.1669994e-01   1.1977011e-02   3.7860222e-01  -2.5323554e-01   2.0096766e-01   3.2566361e-01   3.2202178e-01   1.7328545e-01  -3.5169153e-01  -9.2159788e-03   7.7751688e-02   1.3882837e-01   3.9962175e-01   1.5983320e-01   1.9625459e-02  -4.0264989e-01  -1.9717093e-01  -7.1089985e-02  -1.5056135e-01   1.7400012e-01  -4.7709161e-02   2.8274657e-01   1.4602181e-01  -1.3873508e-01  -2.9657034e-01  -9.6288372e-02   2.2012058e-01   1.4107914e-01  -4.8094477e-02  -3.2865614e-01  -2.2006017e-01  -7.7631951e-02  -2.9432594e-01   3.8162772e-01  -1.5489448e-01  -2.7556727e-01  -1.9243957e-01   1.2630203e-01  -3.9548026e-01   1.7466562e-01   3.9279729e-01   4.9367060e-02   4.2023802e-01   4.4472322e-01   1.0619072e-01   3.8120734e-01  -2.4569855e-01  -3.0676164e-01  -3.1849580e-01   3.9250229e-01   3.0103131e-01   2.0979958e-01   3.6305432e-01  -1.8448405e-01  -4.5561736e-02   3.1191365e-01  -1.4500113e-02  -5.4561839e-02  -1.3946795e-01  -1.6109985e-01   1.0696128e-01  -3.9081166e-01   6.1548548e-02  -4.0922810e-01  -2.1697102e-02  -2.6639079e-01   1.6979283e-01   2.7475607e-01  -1.3063149e-01  -1.4138708e-01   1.5415315e-01  -1.3005331e-01   2.2453151e-01  -1.0379694e-01   1.3904279e-01  -9.4192143e-02  -1.1464509e-02  -2.9304418e-01   4.1801842e-02   7.1408021e-03  -2.5068533e-01  -2.6451062e-01  -2.8805564e-01   4.3761168e-02  -3.5118641e-02   3.2604942e-01   1.3151226e-01   5.3708915e-01   1.1296292e-01   3.3102787e-01   2.5935368e-01   2.2489742e-01   1.7358951e-01  -2.2536937e-01   1.1694101e-01   1.4766485e-01  -2.4791204e-01  -2.8248732e-01   2.1067054e-01  -3.0338736e-01   1.8469999e-01  -1.9893249e-01  -1.4394592e-01   1.9308439e-01   1.8028313e-01  -7.6925138e-02   5.4475743e-02   3.5894083e-01  -4.0711524e-02  -4.0684205e-01  -9.3012916e-03   1.2633374e-01  -2.6635221e-01   2.4717506e-01  -1.0988063e-01  -1.5016015e-01  -1.7053700e-01  -2.1742594e-01
  -1.2956907e-01  -2.4903579e-02  -2.8872797e-01   1.6577000e-01  -2.4603597e-01   4.0376452e-01  -2.8649941e-01   0.0000000e+00   1.7662201e-01  -2.6120941e-01  -1.9952003e-01  -4.4538300e-01   3.0094234e-01  -4.7368621e-02  -2.5288519e-01   1.4960655e-01  -2.1469057e-01  -5.0288492e-02   5.7097411e-01  -3.0941391e-01   6.1103874e-02   1.3374263e-01  -1.8032327e-01   3.4795521e-01   3.4695441e-01   6.7012489e-01  -1.8598075e-01   3.9108102e-01   1.5995405e-01  -2.1483811e-01  -3.5423404e-02   4.0122315e-01   8.3108821e-02  -2.3758403e-01  -2.3221648e-01  -4.2054760e-01  -2.6957948e-01   5.1889351e-02   1.8072211e-01  -8.9097512e-02   8.5164822e-02   7.7545322e-02  -2.2755612e-01   2.7795883e-01  -4.3131016e-01  -1.1897257e-01  -2.2129073e-01  -1.2701202e-01  -1.4475400e-01   8.0350068e-02  -1.6082807e-01   7.1328669e-01  -3.8241489e-02   9.2257688e-02  -2.8753041e-02   7.8731946e-03   5.9285593e-01   4.8189549e-01   1.2054302e-01  -1.0421888e-01  -2.3425839e-01  -4.9419271e-01  -2.0402910e-01   3.4360610e-01  -2.2572573e-01  -4.0199137e-01   1.0269201e-01   3.0195554e-01   1.4675756e-01  -2.3338849e-01  -2.6253153e-02  -3.6734914e-01   4.4859884e-03  -4.1015213e-01   3.9224912e-01   3.9560571e-01  -2.9674238e-01  -1.6377365e-01  -3.1950534e-01  -1.8277738e-01   2.7720580e-01   5.0858574e-02   2.6640509e-01   7.4421675e-01  -1.9674970e-01  -8.8813629e-02  -1.2581041e-01   1.5273699e-01   2.1688421e-01   2.4446956e-02   5.3979296e-03  -3.8244330e-01  -1.0370503e-01   3.9906518e-01   1.1658979e-02   9.4746282e-02  -3.9452888e-01   5.6435898e-01  -4.6454778e-01  -1.6295352e-01  -1.6647438e-02  -1.3779308e-01  -1.5313067e-02  -1.1365132e-01   1.3304916e-01   4.0837853e-01  -8.6770271e-02   6.1549862e-01  -6.5717985e-01  -5.3373526e-03   9.8921170e-02  -1.8259258e-01   1.1237799e-01  -1.3585916e-01  -1.4350701e-02   8.3650232e-02  -5.6575418e-02   1.2956032e-01  -2.0309226e-01  -1.7899229e-01   1.8381480e-02  -3.8913956e-02   8.4859724e-03   6.1302781e-02   1.2204415e-01  -2.3319820e-01  -2.1011934e-01   5.2088662e-03   3.2791804e-01  -3.0987474e-01   3.4198607e-01  -2.7891530e-01  -8.6839547e-02   6.0962275e-03   3.6412755e-01   5.3476462e-01   1.3339833e-01   1.2170241e-01   3.6686893e-01   2.0472506e-01   2.1172277e-01   3.5014580e-01  -8.8470146e-02  -9.2720515e-02  -3.2963951e-01   1.3084962e-01  -2.6497910e-01  -2.0509990e-01  -3.7132601e-01  -1.0698009e-01  -4.3778100e-01   3.7131008e-01  -1.3287078e-02   3.8076639e-02  -4.0834236e-01   2.6740563e-01  -8.0698242e-02   1.2543295e-01  -2.9298952e-01   1.2507249e-01   3.9924309e-01  -3.5234925e-02  -1.6683988e-01   6.5952446e-02   3.6057220e-01  -1.8136185e-01  -3.0166472e-01   4.4378808e-01   9.3736768e-02   3.1368535e-02  -1.9969743e-01   2.0536910e-01  -3.1170687e-01  -1.1034911e-02   3.3560541e-01  -8.9639636e-02   3.3907945e-01
  -1.7121025e-01   1.1742378e-01  -1.5443701e-01   5.5455324e-01  -2.2763838e-01   8.0950465e-02   3.3963189e-02   1.7662201e-01   0.0000000e+00  -1.2166576e-01  -2.0950029e-01   8.9298551e-02  -5.0005559e-02   8.7736719e-02   7.7689573e-02  -3.2785071e-01  -4.7767198e-02   2.2846571e-01   1.9069667e-01  -3.8509575e-01  -1.4632320e-01   5.2671921e-01  -4.3284439e-01  -9.0838729e-03  -2.3091688e-02   4.7797975e-02   1.1451524e-01   7.9781599e-03  -1.0367779e-01   1.0537233e-01   1.6440658e-01   9.0289200e-02  -7.2091327e-02  -6.3816850e-02   3.8090720e-01  -1.9093409e-01   1.6795797e-01   2.6119977e-02  -2.4296939e-01  -4.9043920e-02   3.0264997e-01  -8.8235195e-02   2.8424468e-01  -1.1033223e-01   2.1034630e-01  -1.8157404e-01  -1.7054299e-01   9.7426334e-02   2.1284201e-01  -7.6205421e-02   1.4337030e-02   1.8608665e-01   2.9851493e-01  -2.7941648e-01  -1.4147002e-01  -3.2439452e-01   1.7667009e-01   6.4810440e-01   3.1105266e-01   4.8986590e-01   2.3240641e-01  -2.1214341e-02   1.9823228e-01   4.0467612e-01   4.0365756e-01  -2.5977270e-01   1.5177141e-01  -2.6585654e-01   1.2036037e-02  -2.5303934e-01   1.9618613e-01   1.5119647e-01  -2.3349144e-01  -2.3546003e-01  -7.2836329e-02   2.7234988e-01   1.8001217e-01   7.1046814e-02   3.9582450e-02  -3.9394528e-02  -3.0778360e-02  -2.8958264e-01   2.4480362e-02   1.4596925e-01  -3.4859219e-02  -2.3020837e-01   4.2275479e-01  -1.7779718e-01  -1.7003409e-02  -1.4946060e-01   7.7870547e-02  -1.6986146e-01  -1.9221519e-01   7.0982233e-01   1.3415474e-01  -3.6296279e-02  -5.3576866e-02   1.9893134e-01   1.5957423e-02   1.1890344e-01  -1.0253581e-01  -1.4922495e-02   2.3347375e-01   6.4258056e-01   8.7902045e-02   1.4306845e-01  -3.2840025e-01   3.5452546e-01  -2.6777394e-03  -3.6725901e-02  -2.6379061e-01   8.7404206e-02   2.1153734e-01   2.6418462e-01  -2.4566467e-01  -2.6420310e-03  -2.3619798e-02  -1.0192178e-01  -3.1293607e-01   3.8601131e-01  -1.7467597e-03  -1.2632361e-01  -2.5479476e-02   2.6208169e-01  -5.5621390e-02   1.0474553e-02  -2.0710523e-01  -1.2732428e-01   6.1355275e-01  -1.0267320e-01  -4.0059012e-01  -7.7240811e-02   1.0271493e-01   2.3873043e-01   6.3442496e-01   4.2481962e-01  -2.0082070e-01   3.8785969e-02   4.6570394e-01  -5.3786379e-02  -1.4447410e-01  -2.5600442e-02  -2.3737066e-02  -2.5913970e-01  -2.6283044e-01  -2.3153311e-01  -1.3077010e-02  -5.9966381e-02  -1.6600601e-01   2.6795112e-01  -3.6661837e-01   2.8820803e-01  -3.7069261e-01   7.5729466e-02  -4.9276274e-02  -2.0654561e-01  -6.2173669e-02   1.6886352e-01  -1.4025063e-01   1.3225945e-01  -2.4510639e-01   1.6616049e-01  -1.1037742e-01   4.9366739e-01   2.2365021e-01  -2.6889538e-02   5.3228592e-02   2.3420557e-01  -1.6423103e-01  -9.7707968e-02  -9.5282775e-02  -1.4357249e-01   3.2098055e-01   1.0177305e-01  -8.6895805e-02  -2.1307787e-01   4.4008984e-01
   4.0034957e-02  -1.7321015e-01   2.7565663e-01  -1.2470788e-01   9.9620571e-02  -7.6059307e-02   3.7936713e-01  -2.6120941e-01  -1.2166576e-01   0.0000000e+00   8.9804453e-02   1.4302337e-01  -1.1449409e-01  -1.7881923e-01  -2.1371918e-01   3.5149835e-02   1.0368087e-01   4.4304587e-02  -2.4862201e-01   4.0515642e-01   6.1134682e-02   5.9622500e-02   4.9766177e-01  -1.2185279e-01   1.2529519e-01   2.8708321e-04   2.5840236e-01  -2.6904376e-02   9.0664193e-02  -8.0758918e-02  -3.4858389e-01  -7.2482964e-02  -2.0172345e-01   3.3446628e-01   9.5818680e-02   1.3709105e-01   2.0252469e-01  -1.3733566e-01  -7.4649836e-02   6.1295989e-02   5.1721268e-02  -2.1677988e-01   1.6891779e-02  -2.2741292e-01   1.7060046e-01   3.1348145e-01   3.1511559e-01  -1.1915868e-01  -6.9529214e-02  -4.0147691e-02   1.8094664e-01  -8.6841447e-02  -2.2904057e-01  -1.1393251e-01  -2.0770945e-01   1.2058953e-01   7.5036253e-02  -1.4366081e-01   1.8364800e-01   3.5379972e-02   1.7253227e-01   3.4690821e-01  -1.8460066e-01  -3.7579327e-01  -4.6716311e-02   3.8757113e-01  -1.4985137e-01  -1.9234736e-01   1.8319194e-01   2.8748157e-01  -8.5962120e-02   4.0190209e-01   4.9293814e-02   4.0139944e-02  -7.2803257e-02  -4.7370061e-01   2.7977639e-01  -3.5389873e-02   1.8693716e-02   3.4050035e-02   9.3144596e-03  -1.1134415e-01  -1.4011349e-01  -1.0565985e-01  -1.6348009e-01  -1.6414244e-01  -3.2088186e-01  -1.7029554e-01  -7.4010949e-02  -7.3638066e-02   2.0014448e-01  -9.7648039e-02   5.5516300e-01  -8.6914860e-02   1.2258738e-01   1.2482823e-01   2.8315499e-01  -2.7407897e-01   3.4609426e-01   2.7067696e-01  -2.5608066e-01   1.5391209e-01  -1.3844256e-01  -1.7597877e-01   2.2287045e-01  -2.3458742e-02  -1.0388868e-01  -1.0495806e-01   3.2126988e-01   3.3421364e-01   2.2967489e-01   1.4122952e-01  -1.3399065e-01   1.1676084e-01   1.6872165e-02  -1.1507271e-01   1.6660566e-02  -9.3117699e-02   6.1687885e-02   1.3558802e-01   2.3304851e-01   5.0985989e-01   1.5035373e-01  -3.1134952e-02   1.6262073e-01   1.3957650e-01   1.4770527e-01  -7.4609155e-02  -2.6163108e-02   3.1267852e-01  -2.0969103e-01  -1.0704558e-01  -2.7149362e-01  -2.4503013e-01  -1.1178523e-01  -3.0313316e-01  -1.0842044e-01  -2.5256351e-02  -2.4446205e-01   7.9441599e-02  -1.0088110e-02  -2.7684919e-01  -2.2182281e-03   9.4369213e-02  -1.0607882e-01  -2.5422443e-01   2.8187559e-01   2.9493166e-01   6.9953311e-01   8.7433947e-02   1.4157134e-01  -2.4228927e-01   9.3909506e-02  -1.1856926e-01  -1.0930611e-01  -9.6701293e-02   2.6494463e-01   2.4411896e-01  -7.4075232e-02  -7.2521686e-02  -2.3622944e-01  -2.4581002e-01   3.3291704e-01   1.9492860e-01  -6.9463843e-02  -5.2042137e-02   1.3162863e-02   7.2837538e-03   5.2076066e-02  -5.0366756e-02   4.9156885e-01   1.0607926e-01   5.8151778e-02   6.7984331e-02   2.0577973e-02  -8.9427366e-02  -6.1239820e-02
   4.6649936e-02  -1.8176029e-01  -1.4501890e-01   2.5181813e-02  -4.0364473e-02  -1.2633462e-01   1.2907444e-01  -1.9952003e-01  -2.0950029e-01   8.9804453e-02   0.0000000e+00  -7.1888237e-03  -1.6191119e-01  -2.3937887e-01   1.0519547e-01  -2.2316214e-01  -2.0331362e-01   4.7014762e-01  -1.4962380e-01   8.9520372e-02  -1.6246149e-02  -2.2090152e-01   3.8524440e-01  -6.2333003e-03  -1.8220024e-01  -1.2179350e-02   6.1288507e-02  -2.5841451e-01   1.1456064e-01   1.2646055e-01   1.2037277e-01  -1.5748281e-01  -4.4192386e-02   2.2493724e-01  -3.4911443e-02   3.5339519e-01  -1.1573286e-01   7.6889404e-02  -1.5077628e-01  -8.1846589e-02  -5.1097644e-02  -1.7843166e-01  -4.0082537e-02   1.0234117e-01   2.4950477e-03   9.4096567e-02   4.4857494e-01   1.2812112e-01  -2.4598565e-01  -3.3454312e-01   3.4905922e-01  -1.0566885e-01   1.8640711e-01  -7.3035439e-02  -1.3266629e-01   1.5458209e-01  -9.2923657e-02  -1.1879251e-01  -1.1106781e-01  -8.9084656e-02   9.8764260e-02   8.1703602e-02  -2.4175301e-01   9.0287696e-02   6.5180440e-02   4.2237970e-01  -8.5567100e-02  -5.1354860e-02   2.3114784e-01  -6.4364665e-02   1.4203609e-01   2.7639659e-01  -9.0996799e-02  -2.5981261e-01  -1.1184754e-01  -1.5154999e-01   2.0577643e-01   1.9077570e-03  -6.4038317e-02   2.6512570e-02  -1.4482018e-01  -1.4624679e-01   2.0121912e-01  -3.0516976e-01  -1.5532661e-01   1.5159474e-01  -3.6446505e-01  -5.4583267e-02  -2.0892355e-01   3.3987266e-02   5.4878567e-03   1.7160331e-02   2.4702886e-01  -8.7107550e-02   1.8815772e-01  -2.1431594e-01   4.4888591e-02  -8.9003555e-02   2.0894640e-01   2.8185878e-01  -3.6055469e-02   2.4573476e-01  -5.8923244e-02  -2.2913313e-01   7.3683120e-02  -7.6198906e-02  -2.0018966e-03  -5.1447533e-02   1.0830167e-01   3.9210982e-01   2.7585920e-01   1.3119873e-02  -1.0814341e-01   1.3824230e-01   2.5083824e-02  -1.3343494e-01   1.1465733e-01  -1.1595767e-01   3.2107148e-03   9.9004559e-02   1.5145703e-01  -1.7544460e-01  -1.9358717e-01  -1.1582538e-01  -9.8812682e-02  -2.9180507e-01   5.8636986e-02   2.9990098e-02  -6.4962830e-02   1.2461356e-01  -1.1489520e-01   4.2019135e-01  -3.9753577e-01   1.3455318e-01  -1.0095225e-01  -9.8196149e-02   5.0206768e-02   7.9513190e-02  -2.5396336e-03  -6.2480365e-02  -7.0657081e-02   1.1538567e-01   3.6373446e-01  -9.8295016e-02   1.3634049e-01   1.0839890e-02   1.2619503e-01   4.1216664e-01   3.3835887e-01   2.3169815e-01  -3.3449914e-02  -1.2094660e-01   2.8286674e-01   1.7872420e-01   3.4578750e-02  -3.2816155e-02   2.3616585e-01  -5.4414288e-02   2.0127321e-02  -2.6174915e-01  -9.5942154e-02   3.9463300e-01   4.2326565e-01   3.3575365e-02  -1.9938939e-01  -9.0964591e-02   4.0268023e-01  -1.7341947e-01   9.8073036e-02   1.4847046e-01  -8.7044673e-02   1.1859446e-01   1.7422833e-01  -1.1197530e-01  -1.5869900e-01  -5.8280777e-04  -1.6167946e-01
  -3.9549969e-01   5.8207041e-01   6.2249160e-01  -1.4590501e-01   2.9137901e-01  -4.0443745e-01   3.3316773e-01  -4.4538300e-01   8.9298551e-02   1.4302337e-01  -7.1888237e-03   0.0000000e+00  -3.0934569e-01  -3.0691087e-01   2.8892053e-01  -6.3593879e-02   5.8991318e-01   3.4212643e-02  -2.0766653e-01   4.9025547e-01  -8.0516675e-02  -5.2481078e-02   7.3341168e-03  -4.6122217e-01  -1.7559375e-01  -3.4095831e-01   2.6462296e-01  -4.0177327e-01  -1.1525068e-01   6.2007071e-01   4.3936881e-02  -3.2645208e-01  -8.3694061e-02   5.5014080e-01   2.3307083e-01   4.1474082e-01   2.8778781e-01  -3.2643102e-01  -1.1206787e-01   4.6375241e-01  -1.8016219e-01  -4.9084934e-02   5.7647650e-01  -3.8572661e-01   3.9117663e-01  -4.0829629e-02  -4.3303624e-02   3.2490322e-01  -2.8769814e-02   4.1071881e-01  -1.3517081e-01  -5.1942187e-01   5.1599306e-01  -2.2151338e-01  -2.3014362e-01  -3.4018803e-01  -1.9748034e-01  -2.9176793e-01  -1.2948945e-01   1.3533062e-01   3.7083363e-02   2.8135348e-01   3.4275871e-01  -9.6552309e-02   3.2003797e-01   3.9598454e-01  -8.4997820e-02  -1.5193889e-01  -4.0518885e-01  -2.1876804e-01   4.8886333e-01   3.7610855e-02   1.3805213e-01   2.5349444e-01  -3.4847021e-01  -1.0305373e-01   4.0227054e-02  -1.5858231e-01   5.2709338e-01  -9.7564711e-02  -5.1991726e-01   1.4021522e-01   1.8789850e-01  -3.8649186e-01   4.0637098e-01  -3.1749596e-01   4.0965284e-02  -3.8598907e-01   5.3525769e-04  -4.5531095e-01  -7.1282613e-03   1.1195087e-01   3.2008717e-01  -2.3798559e-01  -3.2691643e-01   1.7250517e-01   2.1235880e-01  -3.8122863e-01   1.5802194e-01   5.0645297e-01  -1.3196190e-01   5.1604564e-01   1.9238846e-02   3.9506496e-01  -1.4788475e-01  -1.8917198e-01  -2.0353629e-01  -4.0974383e-01   2.7599044e-01  -2.5055499e-01   1.2290069e-01  -2.5079251e-02  -1.6556135e-01  -1.7127804e-01  -2.6996575e-01   3.2754302e-01  -1.2929561e-01   7.8628142e-02  -1.7033265e-01  -9.6582494e-02  -3.5248206e-01   1.5474216e-01  -5.3510276e-02   2.5523590e-01  -2.6423025e-01  -9.4461254e-02   2.5537263e-01  -2.0656089e-01  -1.7565973e-01   2.3143128e-01  -1.3361531e-01   5.9487383e-01   1.3670559e-01   1.6809778e-01  -2.1153226e-01  -2.8998736e-01  -1.8089484e-01  -3.4250769e-01  -3.4805390e-01  -3.4257917e-01  -2.1174307e-01  -3.3671977e-01  -2.4729460e-01  -2.8244401e-01   9.3253571e-02  -5.8053269e-02   6.8578074e-01  -1.2877723e-01   4.1909929e-02   1.0584125e-01   3.4245811e-01  -2.6700997e-01  -2.9601857e-01   2.2282334e-01   5.7795007e-01  -3.8035203e-01  -1.8036486e-01  -2.3641931e-01   8.9275213e-02  -3.9812469e-01  -1.6987657e-01  -1.6654449e-01   3.2907235e-01  -2.0369489e-01  -1.5214296e-01   7.3336541e-01   3.8627976e-01  -1.5617474e-01  -3.2930532e-01   3.4709635e-01   4.3616639e-01  -4.6485892e-01   1.6468755e-01   3.9589967e-02  -1.6815661e-01   5.4944752e-02  -1.3292039e-01
  -2.1112146e-02  -1.9888944e-01   3.7216952e-02  -7.0574632e-02   1.1515270e-01   2.5718197e-01  -4.0550495e-01   3.0094234e-01  -5.0005559e-02  -1.1449409e-01  -1.6191119e-01  -3.0934569e-01   0.0000000e+00  -2.2041248e-01  -2.4111394e-01   2.9145646e-01   5.0111940e-02  -1.2131015e-01   3.0011277e-01   3.0877323e-02  -1.5784381e-01  -5.3669745e-02  -3.8113837e-02   1.1771751e-01   3.6292038e-01   2.8628766e-01  -6.3855986e-03   2.2137957e-01   2.4578318e-01  -2.2289829e-01  -3.3768241e-01   2.9460638e-01   1.8397838e-01  -3.6475775e-01  -1.5876271e-01  -1.1336155e-01  -3.8491654e-01   2.0974488e-02   3.0680945e-01  -3.9643453e-02   2.1173556e-01   3.3046988e-01  -6.6545864e-02   1.2093859e-01  -4.6610183e-01   1.5992545e-01  -1.5668066e-03  -3.9774064e-01  -2.6560055e-01   1.0796389e-01  -3.7866675e-02   2.9850414e-01  -2.6788550e-01   2.5609682e-01  -7.1802352e-03   7.9711298e-03   3.5407764e-01   3.2654498e-02  -2.9021817e-02  -9.5591268e-02  -2.5427870e-01  -2.1438422e-01   1.3999637e-01  -4.0369956e-02  -5.2298907e-01  -2.3440819e-01  -7.9116520e-03   3.3178016e-01   1.9800998e-01   6.9883239e-02  -3.0199240e-01  -3.2415085e-01   1.2462456e-01  -1.5764768e-01   1.8854215e-01  -7.5993721e-02  -1.9077980e-01  -2.2842819e-02  -1.4587395e-02   1.6691974e-01   5.9653278e-02   1.6206692e-01   4.4909017e-02   3.9405041e-01  -1.9575085e-01  -3.4029617e-02  -2.7448020e-01   5.5521763e-02   1.2939442e-01  -1.4978239e-02  -1.1205312e-01  -2.3505442e-02  -1.6204325e-01   8.5175491e-02  -3.2311665e-02  -2.8871723e-02  -1.5569271e-01   3.0204027e-01  -2.6864041e-01  -3.8876076e-01  -2.3071507e-01  -1.2922604e-01  -3.4883189e-01  -1.6302950e-01  -6.2041351e-02   2.7395047e-01   2.3478341e-01   3.0430520e-01  -3.2515503e-01  -7.7763774e-02  -4.0290281e-02  -1.1450235e-01   9.6546631e-02  -1.7415078e-01  -6.4428501e-02   1.4657773e-02  -8.6919180e-02   3.2249567e-01   1.0661266e-01  -1.2972810e-01   2.9380750e-02  -6.9012347e-02   6.6325580e-02  -1.4814026e-02   8.7363979e-02  -1.2946853e-01   2.1978742e-03   2.4234116e-01   9.7893735e-02   1.1039573e-01   4.2180391e-01  -1.8433203e-01  -1.9216183e-01  -2.9730691e-01  -1.1815256e-03   4.8426607e-02   1.3804146e-01  -4.2845064e-02   1.6457386e-02   2.5238010e-01   2.2164368e-01   4.6004539e-01  -2.0470974e-02   1.1659918e-01  -2.0018031e-01  -2.1618339e-01  -2.1186758e-01  -1.7812391e-02  -9.3956108e-02  -3.6216273e-01  -2.0865409e-01  -1.1877676e-01   1.0808556e-01  -2.7132339e-01  -8.8905277e-02   2.1556736e-01  -5.7424892e-02   1.5242408e-01  -7.0423525e-02   2.6354460e-02   2.6446482e-01  -9.6839861e-02  -1.3257283e-01  -9.8016165e-02   3.2605186e-01  -4.7800102e-02  -2.0933238e-01   2.5767967e-01   1.8457429e-01  -1.0840936e-02  -9.4528921e-02   9.4697040e-02  -3.3379118e-01   1.8664375e-01   1.0387938e-01   1.2324624e-01   2.0156360e-01
   5.7918088e-01  -2.8576627e-01  -2.7681246e-01   2.3916097e-01  -3.0415696e-01   1.3365783e-01  -1.3556310e-01  -4.7368621e-02   8.7736719e-02  -1.7881923e-01  -2.3937887e-01  -3.0691087e-01  -2.2041248e-01   0.0000000e+00   2.6821536e-02  -2.1252967e-01  -2.8624105e-01  -2.7596924e-01  -1.3843039e-01  -3.1830324e-01   2.3096828e-01   3.1897417e-01  -1.6564640e-01   3.6114005e-01  -9.6285730e-02  -1.0543501e-01  -2.9955394e-01   1.8502652e-01  -1.3804757e-01  -2.9383763e-01   3.5264291e-01   2.1151148e-01  -3.0965828e-01  -2.8041200e-01   1.8323837e-01  -4.0261792e-01   1.6412525e-01   3.6730086e-01  -3.8249712e-01  -3.4260980e-01   1.4641126e-01  -2.3672850e-01  -2.2491518e-01   2.9099465e-01   3.3031640e-02  -1.6890620e-01  -2.1589424e-01  -5.5953174e-02   4.2926294e-01  -4.2331500e-01   1.5285641e-02   1.5981542e-01  -2.8247517e-01   1.3759626e-01   5.0956547e-01   4.3423294e-01  -8.1887728e-02   2.1026342e-01   1.2323380e-01   1.4254636e-01   3.3397991e-01   3.9898047e-02  -1.0561448e-03  -1.9268518e-02  -9.6931731e-02  -1.3597328e-01   1.5769675e-01  -1.7155551e-01   6.8722561e-02   3.2490398e-01  -3.3853468e-01   1.9145859e-01  -2.5468105e-01   3.6204723e-01   1.4256460e-01   3.2422884e-01   3.5586507e-01   4.6511893e-01  -3.4394909e-01   2.9061601e-01   2.7874769e-01  -2.8243460e-01  -2.4887732e-01  -1.6240561e-01   2.0794845e-01   3.9490948e-01   4.6967544e-01   3.1945731e-01  -6.1028663e-02   4.4123974e-01  -1.4015189e-01   2.5579518e-01  -3.2720212e-01   4.1543805e-02   2.3287895e-01  -2.1836253e-01   2.9026042e-01   6.5479649e-02   3.0200742e-01  -2.8137996e-01   4.2340363e-01  -3.5858247e-01   3.8668808e-01   1.0258364e-01   5.1158846e-02   6.8715820e-02   1.0573442e-01   1.2641864e-02   2.1301551e-01   9.8935285e-02  -1.1586072e-01   2.2491410e-01   2.4732364e-01   3.3331895e-01   3.1976318e-01  -3.1356178e-01   4.3942426e-01  -1.8708620e-01   3.9889544e-01   3.1248027e-01   2.7307500e-01  -2.2668776e-01   2.3053993e-01  -3.1264238e-01   1.3202060e-01   5.8712817e-01  -2.6835265e-01   2.1290530e-01   1.4261840e-01  -1.9185058e-01  -3.8904463e-01  -3.5681137e-01   4.5986712e-01   7.2777876e-02   2.5044104e-01   1.8364844e-01   1.4052567e-01   2.8586917e-01   2.2681716e-01   1.1741743e-01   6.5738759e-02  -1.9833470e-01   3.0214863e-01   4.2281487e-01   1.4706234e-01   3.3276544e-01  -4.7188134e-01  -1.4169067e-01  -1.2948534e-01  -9.6050659e-02   1.5530657e-01   2.9046598e-01   1.2761623e-01  -7.3397643e-02  -1.2667385e-01   1.3499212e-01   2.4119790e-01   2.0913995e-01   3.2096378e-01   4.4287485e-01  -2.5122687e-01   1.8815539e-01  -3.3685517e-01   2.3002511e-01   6.0319419e-02  -3.5292917e-01  -2.2124384e-01  -1.3503589e-01   7.4622944e-02  -3.0299243e-01  -3.4661632e-01   2.0712785e-01   1.7101916e-01   1.4138797e-01  -7.4304005e-02  -3.7200286e-02   5.3106809e-02
