   0.0000000e+00   5.8168963e-02  -2.5065447e-01  -3.8887397e-01  -1.1973855e-01  -5.0160955e-01  -2.9821540e-01  -1.1248771e-01   4.9783273e-03  -2.7031988e-01   3.1182241e-01  -4.2796803e-01  -8.7178410e-02   3.0411897e-01  -2.1255171e-03  -4.8423764e-02  -3.7656959e-02   1.8555505e-01  -5.5609310e-02  -2.4183146e-01  -7.4606257e-02  -3.0257206e-01   1.6539125e-01   3.6420100e-01  -5.3673741e-02  -1.7081144e-01  -3.2531926e-01   2.6072768e-01   4.2183249e-02  -4.5518285e-02   2.4625778e-01  -1.7619131e-01  -1.9084413e-01  -1.9649412e-01  -3.1043023e-01  -2.5470777e-02   1.4349625e-01   3.3586176e-01   1.7929320e-01  -2.5701753e-01   4.7206153e-02  -3.2033798e-01  -2.5421071e-01   2.8943048e-01   4.1110212e-02   3.6455104e-01  -8.1827622e-02  -1.2361782e-01   2.1147252e-01  -2.3008487e-01   9.1439719e-02  -2.8816226e-01  -6.1881884e-02  -2.0024561e-01  -1.5930082e-01   1.9912095e-01  -2.0042125e-01  -1.1890902e-01  -2.2467758e-02  -1.2782525e-01   2.8111538e-01   2.1052709e-01  -1.4487037e-01   2.5366195e-01   1.7020725e-01  -3.5205079e-01  -4.6662515e-01   1.5406719e-01  -1.7031200e-01   5.0364196e-02  -1.1674511e-01   6.4953150e-02   2.6211938e-01   4.2790520e-01  -7.9414564e-02  -2.6945461e-01   3.0733246e-01  -1.3042999e-01  -3.1627904e-01   2.4577825e-02   1.8946399e-01   3.0455922e-01  -4.6265651e-02  -1.9015783e-01   5.4496147e-01  -1.0313533e-01  -1.2470285e-01   3.8799593e-01  -1.3825751e-01   6.4758840e-01  -1.7853820e-01   1.3496222e-01  -3.2386138e-01  -8.7992193e-02   5.2261314e-01  -1.0408457e-01   1.9552721e-02  -1.7834946e-01  -9.9250114e-02  -1.5669528e-01  -3.7092342e-01   2.2921309e-01  -3.0077672e-01   1.6265081e-01  -3.3817002e-01  -2.3915750e-01  -9.0996808e-02  -4.3518115e-01   8.3215944e-02  -5.1740388e-02  -2.0648132e-01  -2.7169678e-01  -6.0554222e-03   8.4843825e-01   5.5713693e-02   2.2203481e-02  -8.8671770e-03   1.4950115e-01   3.1219470e-01  -2.5768948e-01   3.7838554e-01  -3.6910478e-01  -2.7843763e-01  -3.2606199e-03   6.0858215e-01  -2.1416041e-02   1.0355708e-01  -8.0112512e-02  -4.0984236e-01   1.7824071e-01   1.0498076e-01   3.5909258e-01   1.1199159e-01   2.5451240e-01  -6.6428385e-04   9.1826970e-02  -1.1428594e-01   1.9198353e-01   3.6316525e-01   5.0282080e-01   6.6529100e-01  -2.9930585e-02   1.1124186e-01  -6.3095279e-02   2.2813486e-01   3.1181357e-02  -4.8507421e-01  -5.2186971e-02  -4.9249105e-02   2.4444863e-01   5.4442844e-01   1.4216423e-01   3.0349199e-01   3.3845010e-02  -1.6246838e-01   2.2916792e-01   3.7896120e-01   4.3627849e-02   2.3762849e-01  -1.9284492e-01   1.9581395e-01   1.7395676e-01   2.1653654e-01  -1.1070131e-01  -6.9795226e-02  -3.1129146e-01  -3.7182739e-02   2.0179696e-01   3.0663635e-01  -2.1541540e-01  -2.0306906e-01   1.4110566e-01   1.5880932e-01   9.9165787e-02   1.9027248e-02   5.6303565e-03  -2.3364367e-01
   5.8168963e-02   0.0000000e+00  -1.4599490e-02  -1.8873586e-01  -3.3162561e-01  -3.9573567e-01  -4.2877658e-02  -6.7252642e-02   7.9654651e-01  -2.7779818e-02  -1.6693638e-01   2.1457695e-01   1.1504491e-02   3.4212970e-01   4.4786616e-01  -8.0368558e-02   2.5644896e-02  -1.2041550e-01   2.8687769e-01  -3.5407414e-01  -9.7137519e-02  -2.9859763e-01   3.6245748e-02   5.2665597e-02   6.1509117e-02  -3.6967955e-02  -1.2171600e-01   2.6109571e-01  -1.3038442e-01  -7.6266568e-02   5.0622642e-01   2.4537758e-02   1.5927340e-01  -1.0442059e-01   4.0173512e-01  -4.5566442e-01   1.5190353e-01  -2.8715104e-01   5.2773868e-02   3.9072106e-02  -6.3594201e-03  -1.2937877e-01   1.4323140e-01   3.2789598e-01  -1.0247059e-01  -3.0840017e-01  -4.3926222e-01   6.7770300e-01   1.0312968e-01   1.3199007e-01  -6.6211571e-02  -1.1240402e-01   6.2724025e-01  -1.5719289e-01  -4.3142654e-02  -1.4164535e-01  -3.6522301e-02  -1.9894226e-01  -8.6973427e-03   4.7869030e-01  -2.5056735e-01  -1.7774910e-01   7.0633467e-01   7.3138755e-01   5.4687785e-01   2.0691171e-02  -4.3041558e-01  -1.6944023e-02  -2.5844039e-01  -4.1782411e-01   6.3789015e-01  -4.5160552e-01   4.3398981e-02  -2.5788680e-02  -1.2892515e-01   1.3382415e-01  -1.5620076e-01   1.8400870e-02   3.8040534e-01   3.2504315e-02  -2.7194406e-03  -2.5847854e-03   5.0753773e-01  -2.9769393e-01   1.1197711e-01   3.8043654e-01   3.3301900e-01  -2.0497009e-01   5.9506801e-01   1.5023034e-01   3.0726951e-01  -3.5475047e-01  -5.0465707e-01   3.9548098e-01  -1.2927560e-01  -1.8376739e-01  -1.3422822e-01   3.0362661e-01  -2.0237686e-01  -1.9231683e-01   6.7254209e-03   2.4855734e-01  -2.4891205e-01   8.8355107e-01  -2.1489815e-01   8.3193999e-02  -1.5906863e-01  -1.6705124e-01   1.9562612e-01  -5.7193839e-01   9.7901666e-02  -4.2583804e-01   1.7733261e-02   1.6657542e-01   2.2973288e-02   6.8784527e-01  -2.7147113e-01   6.7198642e-03  -5.1133053e-02  -2.1551111e-01  -8.2239430e-02  -1.7920543e-01   3.9307417e-01   6.2343971e-01  -8.1004343e-02  -3.5072548e-01   2.2927542e-01  -6.5973801e-02  -2.5816480e-01  -2.0534868e-01  -1.4189573e-01   1.1700384e-01   3.8111665e-01   2.8366154e-01   1.0498720e-01   4.0623854e-01  -1.0628929e-01   1.3041215e-01   2.2599208e-01  -1.9784940e-02   3.6203601e-01  -3.2614368e-01  -1.8429363e-01  -1.5564611e-01   4.1772647e-01   4.6644988e-01   1.5540781e-01   3.1915175e-01  -5.2332953e-01   2.9437021e-01   1.5459482e-01  -1.1944308e-01  -1.2052510e-01   5.0532119e-01   5.4751253e-01  -4.5849472e-02  -5.8877580e-02   7.7321454e-02  -2.8468217e-01  -4.6999018e-01  -1.5833579e-01   1.7179348e-01   4.0566182e-02  -1.0469511e-01   7.5326095e-03   3.4978064e-02  -7.4480923e-02  -2.4700809e-01  -6.7778346e-02   1.1263854e-01   3.2429545e-01  -1.8513571e-01  -1.2003101e-01  -3.3513658e-01  -9.9930196e-03   4.4441507e-02   1.1731843e-02
  -2.5065447e-01  -1.4599490e-02   0.0000000e+00   1.5724622e-01   4.1184526e-01   4.2335095e-01   1.6088640e-01   1.5003487e-01  -1.3679884e-01   6.1595385e-01  -2.6251005e-01   6.2638368e-01  -2.0103971e-02  -3.1655164e-02   2.0689688e-01  -1.5294371e-01   8.1100822e-01  -2.2202222e-01   1.7681259e-01   5.1388394e-01   1.1929649e-01   1.0780724e-01   1.9423202e-01  -2.6054557e-01   5.9623813e-02  -9.6513741e-02   3.6041518e-01   2.8513735e-01   1.4264885e-01  -1.2098584e-01  -1.3259583e-01   2.4859821e-02  -1.5152869e-01   4.2239203e-01   3.6998094e-01   1.9015979e-01  -1.4644291e-01   5.7989123e-04  -1.3605954e-01   5.1071450e-01  -4.5241397e-02   7.9847612e-02   3.9674675e-01   7.5533068e-04  -2.0579208e-01   7.2649083e-02  -9.5167001e-02  -1.0933704e-01  -1.1671855e-01   5.3726752e-01  -1.5595989e-01   1.8846734e-01  -5.5857577e-02   2.8634359e-01   5.8216235e-02   4.3135621e-01   4.0452230e-02   2.6633399e-01   3.5036196e-02   2.7244148e-01   1.7613348e-01  -2.0990575e-01   1.4904486e-01  -2.4721265e-01  -4.6845008e-01   2.3863099e-01   4.3614757e-01  -1.6682002e-01   1.3422696e-02   3.8306593e-01   7.3409576e-02  -2.1360742e-01  -8.2231615e-03  -8.5526318e-02  -1.1186188e-01   2.8627045e-02   1.9152955e-01   1.1075541e-01   1.7923765e-01  -4.8984325e-02   1.5615716e-01   6.8173603e-02   8.3983346e-02   7.0907329e-02  -1.9824682e-01   1.3410320e-01   3.9851765e-02  -1.9187421e-01   3.5784119e-02  -2.2259876e-01  -2.1921930e-02   3.4128634e-01   2.4120130e-01   1.5116121e-01   4.0502635e-03   3.0818555e-01   8.9226363e-03   2.0610578e-01   1.4957693e-01   2.7578998e-02   4.7976729e-01   2.9977337e-01   1.2415906e-01  -2.7719402e-01   3.9198272e-02   2.7148663e-01   3.4610281e-01   1.0131530e-01   1.2489455e-01  -7.0565510e-05   5.6725618e-01   1.3662572e-02  -7.5452689e-02  -2.4427422e-01   4.7810612e-01  -2.2241890e-01  -2.8826006e-02   2.9884179e-02   2.3907926e-01  -4.6083078e-02  -1.5954934e-01   2.9653514e-01   2.7874827e-01  -2.5036884e-01  -1.8201196e-01   4.4500153e-02  -5.1080910e-02  -3.7072610e-03   1.9111042e-01   4.3548106e-01  -5.6679676e-02  -1.2116156e-01  -1.1332300e-01   8.9843743e-02   3.3097890e-01   1.6882124e-02   1.9959557e-01   1.1081051e-01   6.6695718e-02  -1.4679676e-01  -1.5884586e-01  -2.5744445e-02   3.9423927e-02   5.3227413e-01   1.0094016e-01  -2.0823016e-01   5.9538196e-01  -2.5627758e-01  -1.1492154e-01  -1.3859399e-01   4.5374188e-02  -2.6379307e-02   1.4697474e-01  -3.2195008e-01   4.2779424e-01  -9.4345222e-02  -1.1996917e-01   1.1288764e-01   2.7185613e-01   3.3686842e-02  -9.9880669e-02  -2.4180632e-01  -2.4781454e-02  -1.2607972e-01   3.8037777e-02   4.8238160e-02   1.7049683e-01  -1.4860028e-01  -1.3028983e-01   7.9008413e-02   7.7881578e-02  -7.8224604e-02  -2.6877433e-01   3.9345662e-01   9.1346104e-02  -1.8704837e-01   1.3672577e-01
  -3.8887397e-01  -1.8873586e-01   1.5724622e-01   0.0000000e+00   1.0364732e-01   3.6597145e-01  -5.1729480e-02   4.3744187e-01  -5.3574598e-02  -1.3561695e-01   2.0547345e-01   1.6646624e-01   3.1754026e-02  -2.4288309e-01   1.3304936e-01   3.1776981e-02   1.2013078e-01   4.2868064e-01  -6.2549980e-03   1.8206434e-01   1.9334064e-01   6.1469284e-01  -1.7967556e-01  -4.6498907e-01   1.2040219e-01   2.8289268e-01   1.6315841e-01  -3.3503438e-01  -1.2708395e-02   4.2238489e-01   4.6248787e-02   6.5294586e-01   1.9271305e-01  -2.8276838e-01  -7.7491565e-02   2.3515183e-01  -1.2300963e-01  -9.0243803e-02   1.9671471e-02  -2.1873596e-01   9.8350855e-02   3.6129249e-01   1.3561466e-01  -2.5733472e-01   3.9378183e-01   1.3634517e-01   4.5011112e-01  -1.7929638e-01   1.1707122e-01  -1.0108107e-01   4.1471581e-01   5.6612997e-01  -1.4291758e-01   1.8634942e-01   2.7059372e-01   2.4093095e-02   1.5487533e-01   5.9992872e-01   6.2835035e-01   2.0455991e-01   2.7025582e-01   7.7813213e-02   1.4231566e-01  -2.9186324e-01   1.2761142e-01  -1.4523029e-01   4.1042258e-01  -1.9534902e-01   6.0061644e-01   3.9725275e-02  -2.4261094e-01   4.2868149e-01   1.2225943e-01   5.7379759e-02  -4.5765065e-02   4.3923169e-01   2.1690414e-01   1.3205710e-01   1.6316756e-01   2.9163374e-01  -2.0255489e-01   3.6147910e-02  -2.9466621e-01   9.5495130e-02  -3.4732422e-01   2.9203773e-01  -2.0384820e-01  -1.5404670e-01   7.7283409e-02  -4.6885035e-01  -1.3728220e-02   3.4629863e-01  -1.1771184e-01   1.5649148e-01   1.3193664e-02  -7.7950212e-02   2.2206184e-01   1.1407818e-01   4.6110190e-01   5.4179346e-02  -2.9179632e-02  -1.5519465e-01   4.5227282e-01  -1.8103860e-01   6.2036553e-01   6.1455993e-01   2.0509960e-01   4.9001788e-01   2.2278026e-01   1.2580469e-04  -2.4154821e-01   5.8731087e-01   3.3205737e-01  -3.0158706e-01  -2.5802314e-01  -1.7047489e-01   2.2065445e-01   1.5418617e-01  -3.0538579e-01   6.7931340e-01   7.0758325e-02   9.3390650e-03   1.9277415e-01   1.2034372e-01  -2.7905325e-01   2.3724424e-01   1.9111065e-01   3.6524217e-02   6.0831982e-01  -1.2956328e-01  -7.7787702e-02  -3.8691794e-02  -5.8568058e-02  -9.1687029e-03   1.5858024e-01   9.5929405e-02   7.8973237e-02  -3.6429529e-01   2.1296105e-01  -1.9180440e-01  -1.1658036e-01  -2.2851778e-02   3.4893283e-01  -1.8766587e-01   4.6999053e-02   2.2916831e-01   9.5411261e-02  -3.9166951e-01  -4.8945129e-02  -2.7183923e-01  -1.4593117e-01   6.0983808e-02   2.7953162e-01  -5.8187116e-02  -2.2411091e-01  -2.0252386e-01   1.1616844e-01   3.9591844e-01   2.5904781e-01   4.3419961e-01  -1.4015463e-01   1.0093547e-01  -4.3420076e-01   5.9939073e-01   4.7195101e-01  -1.4890586e-01   1.4165723e-01  -1.2664255e-01   2.8996747e-01  -3.2300174e-01  -2.2219058e-01  -1.1486724e-01   3.5462720e-01   9.7234980e-02  -1.9858756e-02  -5.4804940e-02   6.1513191e-01
  -1.1973855e-01  -3.3162561e-01   4.1184526e-01   1.0364732e-01   0.0000000e+00   3.2929991e-01   2.4675823e-01   7.7378374e-02  -1.0138804e-01   3.4100706e-01  -6.1815990e-02   2.9072504e-01   1.3494234e-01  -3.6821332e-01   1.6401803e-03  -9.7332099e-02   4.7726853e-01  -1.2087106e-01  -2.2784491e-02   8.7831323e-01  -1.3881023e-01   2.6002138e-02   1.1546391e-01  -7.6838263e-03  -1.0244534e-01  -1.5512674e-01   5.9486574e-01  -1.3995848e-01   1.8739105e-01  -3.0239804e-03  -3.9351510e-01  -8.6187955e-02  -1.9963575e-01   3.5144763e-01   1.5013755e-01   7.6292127e-01   1.9702038e-01  -9.2776543e-02  -5.2655332e-02   4.5066264e-01   2.0186565e-01   2.1956903e-01   3.7290789e-01  -1.7521362e-01   8.4690251e-02  -1.8894701e-02   3.0231164e-01  -2.4130359e-01   2.3738189e-01   4.3844793e-01  -1.6281409e-01   1.4004317e-02  -2.6715762e-02   3.1849041e-01  -2.8248921e-01   1.8921499e-01  -2.9999843e-02   1.8533117e-01   7.7606242e-02   1.3605100e-02   1.0050680e-01   3.1834428e-01   5.1552832e-02  -3.7078172e-01  -2.7392363e-01   2.6456088e-01   4.8644572e-01   1.6999208e-02   2.6382931e-02   2.5730552e-01  -8.4569043e-03   8.7227439e-02   6.7941031e-02   9.6390199e-02   2.5020509e-01  -1.0195330e-02  -2.6604056e-02   5.2761373e-02   3.6556114e-01   1.4909327e-01  -1.4499150e-01   1.2138422e-01  -2.8941157e-02   1.5532944e-01  -1.6256572e-01   7.4417206e-02  -1.0893988e-01  -1.9516378e-02  -4.5384215e-02  -1.4436204e-01   3.6915616e-01   2.0794637e-01   3.0561275e-01   1.3746503e-01  -1.9065468e-01   7.5035637e-01   2.6787555e-01   1.9318851e-01   5.8242455e-01   1.2268352e-01   1.7454409e-01   1.0369457e-01   1.1183674e-01  -3.2493109e-01  -1.2691828e-02   1.5993508e-02   3.4223200e-01   1.0448056e-01   1.3423083e-01   2.5867180e-01   2.8326298e-01   4.9349419e-02   1.4549715e-01  -2.6476359e-01   8.7888115e-03  -3.0930450e-02  -5.6802825e-02  -8.3789841e-02  -2.2202330e-01  -1.3206334e-03  -2.3032529e-01   6.7142197e-01   1.5959200e-01  -3.5456768e-01  -1.2728252e-01   1.3416669e-01  -9.3136272e-03   2.4281123e-01   9.9806899e-02   1.7632613e-01   5.9142530e-02  -2.3912637e-02  -1.2470602e-01  -2.9686405e-01   3.6083652e-01  -6.6336636e-02   1.6985721e-01  -3.2622140e-01   1.4722555e-02  -1.6296311e-01  -2.2714949e-01   4.6910756e-01   9.8597957e-02   1.6437857e-01  -1.5811030e-01  -2.5028973e-01   3.5246985e-01   5.1942182e-02   2.7205409e-01  -2.7067800e-01  -7.5648740e-02  -1.6979832e-01   2.5262932e-02  -1.1406241e-01   5.1128597e-02  -7.2313473e-02  -1.1549973e-01   6.0823949e-02   1.9846786e-01   8.3471301e-02   9.4204373e-02  -8.6896156e-02   4.0196635e-02  -9.0007761e-03   2.5909383e-03   1.5461721e-01   2.9915258e-01  -5.7176931e-02  -6.1077587e-02   3.6024353e-01   2.2797263e-01  -1.5830314e-01   2.6500773e-01   2.0465695e-01   2.2605662e-01  -1.0074087e-01   4.8004184e-02
  -5.0160955e-01  -3.9573567e-01   4.2335095e-01   3.6597145e-01   3.2929991e-01   0.0000000e+00   2.6059425e-01   3.0239318e-01  -3.9254574e-01   2.4377728e-01   6.4585581e-02   3.2676664e-01   4.0266072e-02  -3.4573806e-01   3.9763871e-03   2.5768564e-01   1.3869449e-01   7.6802801e-02   1.0899242e-01   5.2655749e-01   1.1663168e-01   5.2559459e-01  -8.2204762e-02  -4.8710417e-01   3.3352229e-03   1.9937776e-01   3.6591595e-01  -2.4908385e-01   1.4690025e-01   3.1012442e-01  -3.3800283e-01   2.8328344e-01  -3.6534922e-02   2.8265393e-01  -8.0003632e-02   3.7906922e-01  -2.4265027e-01  -5.8641492e-02   1.3311184e-01   8.5332911e-02   6.9927035e-02   1.5299132e-01   2.6228704e-01  -1.1930352e-01   4.5163193e-02   1.2997311e-01   4.7187135e-01  -1.9187895e-01  -3.1077947e-01  -6.4217504e-02   1.6189483e-01   3.2517642e-01  -2.1971729e-01   2.2793596e-01   2.6132080e-01   2.9803941e-01   4.2673150e-01   3.7378293e-01   2.2932572e-01   1.1621345e-01   2.0879339e-01  -3.2991096e-02  -2.2216109e-01  -3.5368299e-01  -4.5865465e-01   1.4386228e-01   8.0711497e-01  -5.7276305e-02   5.0881851e-01   3.1433925e-01  -4.3002311e-01   2.2561731e-01   9.4482235e-02  -1.5345524e-01   2.0969485e-02   5.7798001e-02   1.5134388e-01   1.5511973e-01   6.6955164e-02   9.7544631e-02   1.1309880e-01   1.5439860e-01  -4.1511547e-01   2.6214531e-01  -2.6508590e-01  -9.1299342e-03  -3.4716581e-01  -3.2141735e-01  -3.3162518e-01  -6.1073358e-01  -3.0057786e-01   3.8784374e-01   5.5219122e-01   6.9126958e-02  -9.4928778e-02   5.9442170e-02   3.7404076e-02   2.1864770e-01   2.1318020e-01   2.7956323e-01   2.8646191e-01  -6.6561511e-02   5.0205852e-01  -4.7866016e-01   4.3243141e-01   2.2166727e-01   1.4019557e-01   5.4210159e-01  -1.5767577e-01   3.5740445e-01   1.4791855e-01   5.5865478e-01   5.2752475e-02  -6.0764802e-01   1.6806839e-01  -3.5735336e-01   3.1723532e-01   1.8214546e-01   1.6897453e-02   3.9006114e-01  -3.1130157e-02   3.1711837e-01  -6.0898940e-02  -3.1229599e-01  -3.2948249e-01   9.6533626e-02  -6.0185375e-02   1.0640037e-01   3.6981399e-01   2.6850950e-02   2.5662546e-01  -1.0703119e-01  -1.7686199e-01  -1.7913129e-01   1.3106886e-02  -7.1722164e-02   1.4155362e-01  -1.1016960e-01   9.7439010e-03  -1.9656197e-01  -3.2983482e-01   9.9376176e-02   2.8614064e-01   3.8697873e-01  -2.6796656e-01  -1.4122799e-01   3.2420222e-01  -2.7635090e-01   3.3327348e-01  -2.9277043e-01  -2.1046668e-01   1.8453119e-01   1.9865405e-01  -3.3435084e-01  -2.3263048e-01  -2.9623332e-01  -4.6049793e-02   8.4994824e-02   2.4069299e-01   5.3426753e-01   2.9751545e-02   2.3965248e-02  -3.9176550e-01   2.2662068e-01   3.2030439e-01   1.4393939e-01   2.4375198e-01   1.9779176e-02  -2.5060069e-02  -1.5763297e-01  -1.5450564e-01  -1.6038586e-01   1.5246572e-02   4.2658052e-01  -1.6816710e-02  -2.1167261e-01   3.9653881e-01
  -2.9821540e-01  -4.2877658e-02   1.6088640e-01  -5.1729480e-02   2.4675823e-01   2.6059425e-01   0.0000000e+00   7.6963758e-02   7.8677398e-02   5.0869364e-01  -1.6931886e-01   5.8934499e-01  -7.4569287e-02  -2.8896742e-01   1.6854381e-01   8.9742184e-02  -7.2455874e-04  -2.7891715e-01   9.1696064e-02   4.2134391e-01  -1.0173624e-01  -5.2707317e-02   4.3054361e-01  -2.0151344e-01  -6.5625365e-02  -2.3344941e-02   5.3091507e-01  -4.4965215e-02  -1.4441339e-01  -6.1220480e-02  -2.1569883e-01  -4.2828173e-02   4.6072914e-02   6.1301777e-01   4.0680909e-01   2.7587020e-01   1.0575458e-01  -4.4120423e-01  -1.0117406e-01   4.3712694e-01  -9.7933109e-02   1.0185210e-01   4.9242387e-01  -2.3274246e-01   1.6514208e-01  -3.9390623e-01  -5.9204545e-02   3.0494238e-01  -2.2549225e-01   2.4928518e-01  -9.7490278e-02   1.4546619e-01   2.0685385e-01  -3.0496308e-03  -1.6955956e-02  -8.0707179e-02   4.8318957e-02  -1.2159320e-02  -9.0136704e-02   1.7948747e-01  -4.2953262e-01   8.5303641e-02  -9.4823390e-03  -5.0249020e-02  -8.9892346e-02   7.0262181e-01   1.6366813e-01  -4.3661709e-02  -2.9606192e-02   2.9071845e-02   2.7248893e-01  -2.6488972e-02  -1.2054714e-01  -2.3918206e-01   3.8409349e-02   1.9107432e-01  -3.6463746e-01  -1.1966249e-01   2.5967147e-01  -2.3376741e-01   1.8914700e-01  -2.7674252e-02   4.4819412e-03   2.1103110e-01  -3.0234189e-01   2.6887637e-01  -3.5972934e-02  -3.4973118e-01  -1.6819962e-01  -3.7132685e-01   1.5101413e-01  -3.6952812e-01   2.9856137e-01   3.4535516e-01  -4.1713293e-01   2.7580068e-01   3.5869641e-02   1.5622104e-01   1.8990193e-01   5.0749113e-01   2.3344069e-02   4.1250120e-01   1.9847265e-01  -7.5183485e-02   1.4639036e-01   5.8970489e-02  -7.6702033e-02   1.2205583e-01   1.1852017e-01  -1.9846718e-01   2.5975908e-01  -3.5617699e-02  -1.5089857e-01  -4.0516645e-01   2.9476289e-02  -4.4666061e-02  -1.6089560e-01  -3.1167209e-01  -2.4918203e-01  -1.8546629e-02  -5.1480974e-01   5.3878752e-01  -1.0536688e-02  -1.2067433e-01  -3.2580248e-01   1.8747879e-01   2.6814015e-01  -8.6949883e-02   1.0261110e-01   6.4495858e-02  -9.6859684e-02   6.5924025e-02   5.0737601e-02  -2.6759365e-01  -1.3658273e-01   5.8611695e-02  -8.3202065e-02  -3.5739464e-02  -2.2163161e-01  -4.5969551e-01  -2.5158882e-01   5.5689330e-02  -7.0348167e-02   4.3667463e-02   1.7596757e-01   5.5549072e-02   3.6999420e-01   1.0425298e-01   1.8093636e-01   1.2501546e-01  -4.5254272e-01   2.8061680e-02  -4.8120768e-01   2.7980892e-02   1.9559759e-01  -3.5743044e-01  -4.9277215e-01  -4.9654937e-02  -3.5359280e-01   2.1386357e-01  -1.0289829e-01  -1.9612907e-01  -1.0856037e-01  -4.2118927e-02  -1.4523174e-01   3.9645165e-01   1.9644599e-01  -1.0865882e-01  -4.1731116e-01   1.3574964e-01   2.0564244e-01  -3.1764424e-01  -5.8718417e-02  -1.2218343e-01   5.7961622e-02  -1.8774963e-01  -1.5570293e-02
  -1.1248771e-01  -6.7252642e-02   1.5003487e-01   4.3744187e-01   7.7378374e-02   3.0239318e-01   7.6963758e-02   0.0000000e+00  -1.7059608e-02   4.7301328e-02   3.0592753e-01   1.4495551e-01  -3.2020457e-02  -1.6050907e-01   1.9932158e-01   2.8545536e-01   3.2047655e-02   2.5797619e-01   1.6037084e-01   2.1403688e-01   1.6701775e-01   3.7463982e-01   1.8332745e-01  -3.9942052e-01   1.6185594e-01   5.6606041e-01   2.6568348e-01   1.8375891e-01  -1.1611597e-01   2.9569695e-01   1.0945161e-01   5.8508105e-01   2.8582518e-01  -7.0661509e-02  -5.4610661e-02   1.8371742e-01  -1.6284394e-01  -2.1908350e-01   3.6108907e-01  -2.3263146e-01   2.9622897e-02  -6.2264603e-02   1.4951239e-01   1.4878223e-01   2.6079248e-01   6.8714830e-02   1.8358288e-01  -1.3784348e-01   5.4089070e-02  -1.2012463e-01   2.9346527e-01   7.6774140e-01  -1.0203073e-01   1.0555383e-01   8.7432539e-02   1.5037531e-01   3.1995045e-01   4.4286044e-01   4.8708687e-01   1.5227241e-01   1.2547986e-01   8.5136145e-02   5.6476808e-02   1.6456377e-02   8.5240667e-02  -7.2686553e-02   1.9580388e-01   1.0279511e-01   5.8114382e-01   1.3514390e-02  -1.7092374e-01   2.9021555e-01   2.1287574e-01   1.3724379e-01   6.9052007e-02   2.5614229e-01   8.1686045e-02   1.4499156e-01   2.1875158e-01   2.2928257e-01   1.6633136e-01   2.2396984e-01  -1.3951342e-01   4.8811781e-01  -2.4870073e-01   3.0147286e-01  -1.8541044e-01  -1.3083420e-01   1.2531447e-02  -4.0717576e-01   1.2045190e-02   1.8846005e-01  -1.6384509e-01   1.8711873e-01   7.1426284e-02  -2.1043041e-02   2.4531275e-01   4.7193017e-01   2.9627337e-01   2.1289286e-01  -1.8248582e-01   2.5545293e-01   2.5892178e-01  -1.1121011e-02   4.8997748e-01   5.4116172e-01  -1.9877837e-02   6.7250941e-01   2.8970345e-01  -1.3235533e-01  -4.6433246e-02   4.2181827e-01   2.2321267e-01  -6.6862221e-02  -2.8646125e-02  -2.9969790e-02   3.2398755e-01   1.3840035e-01  -1.6850543e-01   5.4464185e-01  -2.9563270e-02   8.7049187e-02   8.9322053e-02   9.8486691e-02  -2.4434122e-01   2.5818087e-01   2.7750132e-01   4.1222864e-02   3.5854669e-01  -1.7015601e-01   1.2799770e-01   3.0778826e-01   1.5255116e-01   1.0647289e-01   9.3897540e-02   4.4353942e-01  -3.0512322e-03  -1.8073465e-01   4.8883525e-01  -1.7075775e-01   1.3991828e-01  -7.7140865e-02   4.7967525e-01  -1.8149469e-01   2.3368692e-01   2.3528378e-01   1.4175346e-03  -3.2427010e-01  -1.4388560e-01  -1.4084366e-02  -2.2626993e-02   3.0015063e-01   1.7010503e-01  -4.5185735e-02  -2.3064250e-01  -2.9678477e-01   9.9096773e-02   3.4329338e-01   6.7549802e-02   4.2431461e-01   2.5957137e-02   3.3343182e-01  -3.4287812e-01   3.5130781e-01   5.4048930e-01  -1.6337090e-01   2.7802275e-01   1.3990427e-01   3.4888418e-02  -2.5412601e-01  -1.0413130e-01  -2.9939940e-01   1.7501546e-01  -1.3729103e-01   2.3487048e-02  -2.8040001e-01   5.5359792e-01
   4.9783273e-03   7.9654651e-01  -1.3679884e-01  -5.3574598e-02  -1.0138804e-01  -3.9254574e-01   7.8677398e-02  -1.7059608e-02   0.0000000e+00  -1.4527266e-01  -8.0846936e-02   1.9182259e-01   4.7846775e-02   1.4138049e-01   4.5307430e-01  -9.1881663e-02  -8.4808052e-03  -1.2015704e-01   1.2858361e-01  -1.3702657e-01  -2.1929164e-01  -2.4373521e-01  -4.2395911e-02   6.8319221e-02   7.6559458e-02   3.4218143e-02   9.2898931e-02   5.3674616e-02  -1.0191786e-01  -3.2726467e-02   4.0636020e-01   3.7005751e-02   1.2074394e-01  -1.7652112e-01   4.4707636e-01  -2.7334827e-01   1.2377056e-01  -3.5276163e-01   5.1954422e-02   3.8522018e-03   5.8009182e-02  -7.4933579e-04   3.0774469e-01   8.2845730e-02   1.5928328e-01  -3.1139664e-01  -3.0720655e-01   5.6808809e-01   2.6036836e-01   1.4414108e-01  -1.5013861e-01   2.0465701e-02   6.4405861e-01  -5.6114284e-03  -9.2884827e-02  -3.0227705e-01   3.4850233e-02  -1.3262078e-01  -5.6551172e-02   4.9135386e-01  -2.5497354e-01   1.1938981e-01   7.0623579e-01   5.9577969e-01   6.2682496e-01   1.5167971e-01  -3.2461109e-01   5.9287259e-02  -1.6603153e-01  -4.2287070e-01   5.6905419e-01  -3.0979003e-01   6.0402803e-02   4.1942075e-02   5.0609393e-02   2.7702118e-01  -2.2673759e-01  -1.4515959e-01   5.8140900e-01   1.3794671e-01  -1.3943551e-01   2.2482546e-02   3.7624190e-01  -2.6579173e-01  -2.9924999e-02   4.1821102e-01   1.6052379e-01  -1.5895434e-01   5.6634012e-01   7.7494685e-02   5.2105056e-01  -3.0066989e-01  -5.0968696e-01   6.3120529e-01  -2.3187723e-01   3.4295497e-02   4.6582174e-02   2.7892669e-01   1.1762991e-01  -2.6410722e-01  -1.4981757e-01   2.0405606e-01  -1.8987238e-01   7.8833272e-01  -1.4830472e-01   1.0453485e-01  -2.2497182e-02  -1.0451121e-01   2.6253870e-01  -6.0283755e-01  -2.0608349e-02  -2.9347462e-01   1.3842795e-01   4.7917051e-02  -2.3636201e-01   7.2113424e-01  -2.7422886e-01  -5.5697875e-02  -3.7412798e-01  -1.3518744e-01  -2.0423895e-01   1.0612936e-01   4.8487775e-01   5.7035191e-01  -1.6265796e-01  -1.4545052e-01   2.5538714e-01   2.5301587e-02  -6.8756031e-02  -2.6632077e-01  -1.1898729e-01   1.1881178e-01   3.0354898e-01   6.4629503e-02   2.3597961e-01   3.6097381e-01  -6.8407125e-02  -1.5101935e-01   2.3786476e-01  -1.0054178e-01   2.7148571e-01  -1.6488077e-01  -7.8782047e-02  -4.1317469e-01   3.6576215e-01   4.4943845e-01   1.2990275e-01   3.5251212e-01  -4.1387202e-01   5.5395636e-02  -3.1397076e-03  -2.4584419e-01  -1.2620130e-01   5.8780504e-01   3.8330272e-01  -4.9033967e-02  -1.0659472e-01   4.8604311e-02  -1.7871835e-01  -3.5960911e-01  -5.9572662e-02   1.5448266e-01  -4.1541122e-02   1.9852982e-02   1.6386708e-02   2.3044139e-01   1.0107081e-01  -2.4484284e-01   1.2226642e-02   1.5360617e-01   4.1009413e-01  -3.0839787e-01   1.0140445e-01  -4.4303736e-01   1.0138964e-01   7.9294768e-02   6.5169430e-02
  -2.7031988e-01  -2.7779818e-02   6.1595385e-01  -1.3561695e-01   3.4100706e-01   2.4377728e-01   5.0869364e-01   4.7301328e-02  -1.4527266e-01   0.0000000e+00  -3.7344843e-01   6.7654979e-01  -2.8239466e-02   6.2506313e-02   2.1048562e-01  -6.4757950e-02   3.3953975e-01  -3.4427561e-01   1.8723063e-01   4.6522241e-01   3.5467681e-02  -4.9708169e-02   4.7158059e-01  -5.0531323e-02  -2.4499151e-02  -9.2142691e-02   4.0077460e-01   2.3852411e-01  -8.5600154e-03  -2.1592431e-01  -2.5028427e-01  -1.6162294e-01  -1.1462931e-01   6.7075249e-01   5.0215079e-01   1.7929904e-01   4.5184662e-02  -1.9478528e-01  -1.5730669e-01   6.5573443e-01  -2.5170925e-02  -4.7680248e-02   3.5535222e-01  -5.4823923e-02  -2.0761595e-01  -2.8867383e-01  -2.0360029e-01   1.1856708e-01  -2.7998032e-01   4.7557710e-01  -1.9427416e-01   1.2371263e-01   4.9942174e-03   3.1893054e-02  -4.7565302e-02   3.0428538e-01   6.8879965e-02  -3.1721276e-02  -1.2919753e-01   1.3196954e-01  -2.8067006e-01  -2.1558137e-01   4.9892296e-03  -1.1487724e-01  -4.4356915e-01   6.5901736e-01   1.5516677e-01  -1.2512792e-01  -1.9951088e-01   2.2337650e-01   3.2681412e-01  -2.9713947e-01  -4.3405808e-02  -1.7673123e-01  -1.0543770e-01  -2.5410126e-01  -2.4358359e-01   4.5745123e-02   9.5678204e-02  -2.1821292e-01   3.1280678e-01   5.4158024e-02   1.6465909e-01   2.3065944e-01  -1.8784067e-01   6.6182658e-02   2.4574840e-01  -1.7355488e-01  -6.3812357e-02  -2.1739457e-01   3.0095901e-02  -1.2873261e-01   3.6474545e-01   1.2237314e-01  -3.3647762e-01   3.4133071e-01  -5.3362887e-02   9.9719743e-02   2.9387745e-02   3.2700696e-01   3.5933700e-01   4.6972485e-01   8.4505418e-02  -2.2318009e-01  -2.0299705e-02  -2.4729103e-02   3.3642658e-02  -3.6902292e-02   7.2923960e-02   3.8219936e-02   6.5244295e-01  -5.7681967e-02  -1.9744923e-01  -3.6015530e-01   4.5624520e-01  -1.4387603e-01  -1.3622563e-01  -9.2857678e-02   1.3583425e-01  -1.7140002e-01  -3.6929403e-01   4.2206778e-01   1.3785985e-01  -2.5183323e-01  -3.3615904e-01   6.7831095e-02   3.5788923e-02  -6.8871354e-05  -1.0690005e-01   3.4395759e-01  -3.2544617e-02  -1.3231249e-01  -5.3794577e-02  -4.8520027e-02   6.8201060e-02  -1.5396400e-01   7.3748919e-03   3.0017540e-01  -1.6705127e-01  -2.4236649e-01  -2.4427219e-01  -4.5776881e-02  -2.1129619e-01   3.6742936e-01   1.3906656e-01  -1.5617158e-01   5.6328730e-01   9.0933007e-02   8.6145193e-02   1.3830829e-01  -1.3156165e-01  -2.2681698e-02  -3.2490594e-01  -2.0208057e-01   4.5146109e-01  -9.1182436e-02  -3.2679291e-01  -3.0379217e-02  -2.1382523e-01   3.1498602e-02  -8.8110832e-02  -3.7059916e-01   2.0535116e-01  -3.4452365e-01  -9.7953999e-02   2.1808858e-01   6.3689035e-02  -1.7351489e-02  -4.3270308e-01   2.0395833e-01   2.9987803e-01  -1.9731921e-01  -3.4627455e-01   1.8170241e-02   7.5165755e-02  -2.3290857e-01  -1.2608933e-01
   3.1182241e-01  -1.6693638e-01  -2.6251005e-01   2.0547345e-01  -6.1815990e-02   6.4585581e-02  -1.6931886e-01   3.0592753e-01  -8.0846936e-02  -3.7344843e-01   0.0000000e+00  -4.3223052e-01   4.1655199e-02  -2.4234435e-01   1.1817806e-01   2.8569876e-01  -2.7945440e-01   7.3465382e-01  -1.1078300e-01  -4.0827816e-02   1.5534351e-01   3.0415052e-01   6.9866864e-02  -3.3821819e-01  -1.6289417e-01   1.7869662e-01  -2.3809032e-01  -6.7800775e-02   2.3344020e-02   4.7610819e-01   2.9671354e-01   4.3323108e-01   3.9213164e-02  -2.4923018e-01  -5.9003667e-01   3.0940062e-01  -1.6084417e-01   1.8762017e-01   4.4610342e-01  -6.2490292e-01   1.4809082e-01  -1.5312172e-01  -1.6700460e-01   3.4534722e-01   5.1882695e-01   5.0524126e-01   5.7295559e-01  -1.0504975e-01  -2.4580960e-02  -6.7418999e-01   6.7180688e-01   2.6187157e-01  -1.8762113e-02  -2.6303104e-01   4.0596003e-03   3.0329283e-01   1.5381228e-01   3.2775936e-01   5.0318010e-01  -2.5448834e-02   5.1917433e-01   5.5675653e-01  -3.0170183e-01   2.8173331e-01   3.3514263e-01  -3.5891323e-01  -6.3653505e-02   4.8187444e-02   4.5875005e-01   2.0340424e-01  -6.0322928e-01   5.0635526e-01   4.2743175e-01   1.6844978e-01  -1.5292955e-01  -8.0987864e-02   4.0199319e-01   4.3273625e-03  -3.3624857e-01   1.8754396e-02   2.5396946e-01   3.1920057e-01  -4.7562797e-01  -1.3128240e-01  -8.1782706e-02  -1.2823073e-02  -5.5280861e-01  -7.3057154e-02  -4.2822491e-01   4.1969320e-02  -3.3531527e-01   4.0071484e-01  -1.9231507e-01   5.0322788e-02   4.2315880e-01  -3.2076933e-01   1.2756385e-01   8.4482937e-03   1.4413162e-01   5.1051472e-02  -5.3926594e-01   1.9248217e-01   1.8170963e-01  -1.2057707e-04   3.5479325e-01   1.4283034e-01  -2.9483380e-01   1.4553945e-01   1.3585168e-01   3.0349844e-01  -4.8254712e-01   3.6709018e-01   2.0104397e-01   2.0555352e-01  -1.4585531e-01  -1.1415263e-01   3.2327206e-01   3.1948101e-01   5.4666151e-02   5.3165979e-01   3.6055671e-01  -3.8365933e-01  -4.5212005e-01   2.3092754e-01   3.0350901e-01  -1.1344339e-01   3.7182831e-01  -3.3618408e-01   1.0568799e-01  -1.0064155e-01   3.3714886e-01   5.3885871e-01  -5.5270820e-02   2.8692714e-01  -7.0729288e-02   2.7072079e-01  -1.9365851e-01  -8.0348217e-03   5.2015521e-01   2.8102183e-01   2.5176272e-01  -1.4991334e-01   5.7289285e-01  -1.0988556e-01   1.5718383e-01   4.0869505e-01  -6.0888662e-01  -2.2634836e-02   3.3900839e-01   1.3522063e-01   9.6752577e-02   4.2898645e-01   4.6894341e-01   1.3652658e-01  -6.1777730e-01  -1.1737893e-01   4.6281783e-01   4.1073906e-01   3.2308068e-01   4.4798633e-01   1.8501200e-01   4.8921277e-01  -8.7781345e-02   5.2627359e-01   3.9695065e-01  -3.6673089e-01   3.0466453e-01   1.3969494e-01   3.2795305e-01  -5.7099455e-01  -5.0941594e-01  -3.4466066e-02   4.9011176e-01   1.6796110e-01  -4.7581431e-02  -1.6752452e-01   3.3556842e-01
  -4.2796803e-01   2.1457695e-01   6.2638368e-01   1.6646624e-01   2.9072504e-01   3.2676664e-01   5.8934499e-01   1.4495551e-01   1.9182259e-01   6.7654979e-01  -4.3223052e-01   0.0000000e+00  -1.5820801e-01  -4.1685073e-02   4.0360293e-01  -1.4553197e-01   4.0089734e-01  -2.9583659e-01   2.3048421e-01   4.3222943e-01   1.8435291e-02   1.7662532e-01   2.3919010e-01  -2.8062148e-01   1.3125595e-01   2.6211269e-02   5.5007331e-01   9.6750348e-02   1.3801142e-01  -4.1770780e-03  -1.2865488e-01   6.7406004e-02   5.7170990e-02   4.3261567e-01   7.2338283e-01   6.3467642e-02   8.0246347e-02  -3.2558275e-01  -1.7465620e-01   5.4397112e-01  -1.1785558e-01   1.1727869e-01   7.0300536e-01  -1.9707914e-01  -9.8940058e-03  -3.2277967e-01  -2.2682582e-01   2.9534074e-01  -4.7548857e-02   4.7951818e-01  -1.9175505e-01   2.6404053e-01   1.6110435e-01   2.9577858e-01   3.6311693e-02   1.2322277e-01   1.4937398e-01   2.6627648e-01  -2.3222125e-02   6.1168473e-01  -2.7570312e-01  -1.7949843e-01   4.1304391e-01  -1.3063721e-01  -1.7416507e-01   5.7800192e-01   3.4296210e-01  -3.1408778e-02  -1.2908267e-02  -1.9049926e-02   4.2322335e-01  -2.7448790e-01  -9.9970385e-02  -2.1754637e-01  -1.7214539e-02   2.1823406e-01  -1.8951390e-01  -3.4873333e-02   5.0123306e-01   2.3612900e-02  -5.1896040e-04   5.7588880e-02   2.4345411e-01   1.2479520e-01  -3.0563979e-01   3.8761218e-01   1.9458889e-01  -3.8941826e-01   2.9019996e-01  -4.0314527e-01   2.5419721e-01  -1.1569710e-01   7.6558597e-02   4.5354503e-01  -3.5380385e-01   2.6507099e-01   8.7948791e-02   2.3004810e-01   2.3386286e-01   1.7089269e-01   4.3341019e-01   3.8454657e-01   2.0200424e-01  -5.7773012e-03   1.3124073e-01   3.0310272e-01   2.4648416e-01   1.1895410e-01   2.2839142e-01  -3.0699193e-01   5.3981081e-01   4.5184633e-02   8.6402759e-02  -4.2069444e-01   1.4698584e-01   6.4627896e-02  -1.9066231e-01  -1.4691848e-01  -2.2312563e-01  -5.5549313e-02  -3.4165257e-01   4.6600010e-01   5.2943879e-01  -4.6110385e-02  -4.5987073e-01   4.9692538e-02   2.3272735e-01   1.4449334e-01   3.0074985e-01   9.0710302e-02  -2.2331253e-01  -9.7011011e-02   5.1426309e-03  -9.9439702e-02   3.6792347e-01   1.5095602e-03   1.8360726e-01  -4.5408721e-02  -1.0440927e-01  -3.5042394e-01  -1.7570422e-01  -1.2132495e-01  -7.4409807e-02   1.9771116e-01   2.9722047e-01   4.0367271e-02   7.1234485e-01  -1.1592829e-01  -2.0129004e-01   5.8233339e-02  -1.7556358e-01  -1.5770920e-01  -2.4267589e-01  -7.0504300e-02   5.2791557e-01  -2.3789345e-01  -3.8772864e-01   1.5846668e-02  -1.5064679e-01  -1.9010955e-02  -8.8640782e-02  -2.6592732e-01  -1.6536399e-01  -1.1287269e-01   5.5408376e-02   3.4991004e-01   2.4535808e-01  -2.7147952e-01  -2.5050779e-01   1.8609500e-01   3.8027727e-01  -2.9108444e-01  -2.0435485e-01   3.6801022e-02   1.1003294e-01  -2.0141787e-01   1.6057286e-01
  -8.7178410e-02   1.1504491e-02  -2.0103971e-02   3.1754026e-02   1.3494234e-01   4.0266072e-02  -7.4569287e-02  -3.2020457e-02   4.7846775e-02  -2.8239466e-02   4.1655199e-02  -1.5820801e-01   0.0000000e+00  -2.6085587e-01  -1.6993446e-01   2.7722267e-01   8.9889271e-02  -1.4056690e-01   1.2790488e-01   1.4049883e-01  -2.4903843e-01  -2.4251403e-01  -4.3707248e-02   2.1383193e-01  -3.5095909e-03  -2.7505766e-02   8.7091205e-02  -8.2494496e-02  -3.6952832e-01  -2.6924563e-01  -1.1709149e-01  -4.3110354e-02   1.2215592e-01   1.4848199e-01  -5.7877072e-02   1.1074441e-01  -6.2488470e-02  -3.4701249e-01   1.7090280e-01   1.3503860e-01   7.5583651e-01   2.1441945e-01  -2.5553045e-02  -7.3852396e-03  -5.6011509e-02  -2.0524873e-01  -5.0296041e-02  -1.4429775e-01   1.4154477e-01   1.1453021e-01  -2.8409028e-02  -5.6671769e-02  -6.2138266e-03   6.2859865e-03  -2.7442337e-01  -7.9918562e-02  -2.7082428e-01  -3.6991407e-01   1.4265714e-01  -1.5708248e-01  -1.6734758e-01   5.9872191e-02   9.3377902e-02   7.9062927e-02  -4.2026003e-02   9.4036533e-02   2.0358247e-02  -1.9840504e-01  -2.3668779e-01   3.7800227e-02   4.4931080e-02  -7.2394947e-02   4.5415887e-01   1.4682087e-01   2.4769730e-01  -1.0080859e-01  -2.9191451e-01  -1.3968060e-01   6.2035892e-02   7.8323271e-02  -1.6639881e-01   1.4025987e-02   3.0501124e-03  -1.5090377e-01  -2.0882522e-02  -1.7192620e-01  -1.2062397e-01   2.0102952e-01   4.2535842e-02  -3.5981467e-02   1.5642142e-01  -1.7706249e-01   1.8319214e-01   6.0858730e-02  -3.4079566e-01   3.7268153e-01   1.4028350e-02   1.4568589e-01   8.8959394e-02  -1.1783191e-01  -1.8280908e-01   1.4028062e-02  -3.0415611e-01   7.6274810e-02  -1.2790488e-01  -1.2069353e-01  -2.0862360e-01   3.9105756e-02   1.7980564e-01   1.4047211e-02   8.0209527e-02  -1.9634747e-01  -2.7656925e-01  -9.7871179e-02   6.3258153e-02   9.2382415e-02  -2.4727217e-01   5.0233021e-01  -3.9401933e-02   1.6306591e-01  -2.2159772e-01   1.6204812e-01   1.0928976e-01  -5.8786602e-02  -1.6440690e-01  -5.8015246e-02  -1.5250763e-01   3.9835368e-02  -1.0251623e-01  -3.7400473e-02   5.8587621e-01  -1.4821705e-02  -2.1338438e-02  -1.6019757e-01  -1.0445396e-01   8.8006190e-02  -1.2978807e-01  -1.8194807e-01  -2.5104380e-03   4.1928993e-02  -1.1172756e-01   4.7732923e-01  -9.7044567e-02   1.0722095e-01  -2.3944788e-01  -1.5976960e-01  -2.5197950e-02   1.4729430e-01   9.6089652e-02  -1.4584618e-01  -3.5570156e-02  -5.6783973e-02  -5.7505217e-02   1.5962816e-01   3.3283549e-02   1.1880920e-01  -7.9049798e-02   2.2320418e-01  -2.5248530e-01  -1.4936582e-01  -1.6637006e-01  -1.1280261e-01   1.1973682e-01  -1.5009357e-01  -9.6085145e-02   8.2998686e-02  -1.2722850e-01  -1.4993194e-01  -9.1552963e-02   1.9148929e-01   2.0980719e-01  -1.9438710e-01  -8.9260891e-02  -2.0562764e-01  -7.7041686e-02  -6.1822666e-02   1.4758959e-01
   3.0411897e-01   3.4212970e-01  -3.1655164e-02  -2.4288309e-01  -3.6821332e-01  -3.4573806e-01  -2.8896742e-01  -1.6050907e-01   1.4138049e-01   6.2506313e-02  -2.4234435e-01  -4.1685073e-02  -2.6085587e-01   0.0000000e+00   1.2224099e-01  -2.3042831e-01   2.4487208e-02  -1.7245047e-02  -1.0923987e-02  -4.0539365e-01   1.0685144e-01  -2.3002214e-01   4.8736019e-03   2.9992967e-01   1.1450040e-01  -1.4042798e-01  -2.3645630e-01   4.0591877e-01   1.4224738e-01  -1.4249788e-01   3.5527394e-01  -2.3348524e-01  -2.2581666e-01  -1.9150023e-01   2.0551640e-01  -4.2092641e-01   7.7703122e-02   1.7562297e-01  -9.6062223e-02   3.2939455e-02  -1.4540143e-01  -2.6519367e-01  -3.1113352e-02   2.8970253e-01  -2.4506882e-01  -5.4834457e-02  -3.7217597e-01   1.5706443e-01   4.1148321e-02  -3.9455503e-03  -1.6488475e-01  -2.4117405e-01   7.5631343e-02  -3.7171685e-02   3.0148099e-01   4.7275958e-02  -6.5286504e-02  -2.2540103e-01  -2.1247125e-01  -4.0717124e-02  -1.0618281e-02  -3.8130270e-01   1.5470419e-01   2.3880531e-01   9.9496451e-02  -1.7216302e-01  -3.3205102e-01  -8.6854132e-03  -5.5969023e-02  -2.6186526e-01   2.5409690e-01  -2.4409129e-01  -1.0564422e-01  -9.8498299e-02  -5.7776515e-02  -5.1712633e-02   6.8146914e-02   1.2542875e-01  -1.1579941e-01   9.5374084e-02   1.4366812e-01   3.5014274e-02   3.6345316e-01  -1.6417842e-01   3.3834029e-01  -2.0920436e-03   5.8865315e-01   1.5289776e-01   2.5206245e-01   3.0276611e-01  -1.3812318e-01  -1.8315419e-02  -3.3425861e-01  -1.6263126e-01   1.4001632e-01  -2.5831614e-01  -5.6764414e-02  -7.9780730e-02  -2.9857276e-01  -2.8361409e-01   2.3391016e-01   1.6376233e-02  -1.2305031e-01   1.8836171e-01  -3.3230397e-01  -2.2000729e-01   1.5018138e-02  -2.6282237e-01  -2.3560487e-03  -1.0333113e-01   1.0167572e-01  -2.9105404e-01   8.9529843e-02   3.2661885e-01   1.3950943e-01  -2.2215579e-02  -7.7883569e-02  -4.0852423e-02   3.7870037e-01  -4.6583554e-01   1.5444505e-01  -3.2735283e-01   1.3277373e-01   1.3825892e-01   2.8098721e-02   4.0848851e-02  -1.2184014e-01   1.3157700e-01  -3.4104910e-01   5.4680875e-02  -2.3407170e-01  -5.3173225e-02   2.1608823e-01   2.9075527e-01   1.1998792e-01   5.1074978e-03  -8.9169870e-03   4.3820629e-01   7.6671236e-02   1.1778883e-01   3.2734570e-01  -2.3956758e-01  -1.6887540e-01  -7.0400138e-02   1.9623100e-01   1.4510986e-02   5.6335262e-03  -2.9637835e-02  -3.5826204e-01   2.6673931e-01   2.2884463e-01   5.8378879e-02  -9.2300302e-02  -7.5610716e-02   2.5458413e-01   2.2667191e-01   1.1013679e-01  -2.3243527e-01   2.3343656e-02  -3.0631610e-01   5.3987049e-02  -3.0015682e-02   2.6263927e-01  -1.8944899e-01  -1.6053372e-01  -2.8703143e-01  -3.8900304e-01   1.6534006e-01   3.2910552e-02   3.9315634e-02   4.0680169e-02   1.1721697e-01  -5.9678850e-02  -5.2940339e-02   1.1221028e-01  -4.5296638e-02  -3.7298191e-01
