   0.0000000e+00  -3.8408386e-01  -2.9173659e-01   1.7582799e-01  -1.0654175e-01  -2.4112324e-01  -3.3761716e-01   2.1712609e-02  -2.9977848e-03  -3.8359979e-01  -8.5650232e-02  -4.4881238e-01  -2.7563511e-01   4.7968660e-01  -3.1197249e-01  -2.6666355e-01  -3.4518764e-01  -5.3604811e-02  -4.9958627e-02  -2.1331239e-01  -4.5286922e-02   9.3197765e-02  -2.7423886e-01   7.8938114e-01  -2.5888590e-01   1.0540085e-01  -3.8017747e-01   4.7147375e-01  -6.8582961e-02   1.5229555e-01  -1.7635230e-01   2.0987465e-02  -7.4338760e-02  -4.5488419e-01  -3.5304689e-01  -2.2175962e-01   1.5622513e-01   6.4106263e-01  -2.4896114e-01  -4.7692461e-01  -3.1100146e-01  -2.3961007e-01  -2.2255353e-01   6.0595749e-02  -1.1779666e-01   5.4036674e-01  -1.7478441e-01  -8.4759273e-02  -7.4415376e-02  -5.0255108e-01  -1.3466810e-01  -2.1278221e-03  -1.3712601e-01   3.7193337e-02   3.5356830e-01  -1.5935105e-01  -1.1311930e-02  -7.3551342e-03   1.6082446e-01  -3.0737708e-01   3.8509711e-01  -2.9797860e-01  -2.4263872e-01   2.6703552e-01  -1.5311156e-01  -2.8428641e-01   6.5753611e-02   1.6122385e-01   2.2426318e-02   2.6380535e-01  -4.8608114e-01  -2.6543785e-01  -8.4698135e-02  -1.0855427e-01  -2.3831309e-01   2.1553341e-01   5.5037491e-01   5.2125304e-02  -2.5121381e-01  -1.0589971e-01   1.0328599e-01  -2.1202753e-02  -3.7337196e-01   6.7795862e-03   3.4647036e-01   2.0558665e-01  -3.3267769e-01   5.7761544e-01  -1.6038573e-01   9.0750805e-01  -4.5732165e-02   1.9455781e-01  -4.8390455e-01  -2.2645278e-01   6.1176856e-01  -2.6687415e-01  -2.7755163e-01  -6.2404424e-02  -9.6434616e-02  -3.1252536e-01   7.5826214e-01  -2.4774359e-01   2.7531691e-01  -2.1377428e-01  -1.9373937e-01   1.4915162e-01   1.4341161e-01  -1.8833668e-02  -4.0318648e-02   2.0805811e-02  -3.7031371e-01  -1.2539939e-01  -1.3726663e-01   8.7554960e-01   6.0750691e-01  -2.9323255e-01   1.5495986e-02  -3.5829998e-01   6.4365429e-01  -3.5401262e-02   7.2953885e-01  -2.6866388e-01  -2.7310228e-01  -1.9351779e-01   6.7928002e-01   9.6934752e-02  -4.2120093e-01  -1.1682372e-01   1.2886754e-01   1.6999001e-01  -1.7630567e-01  -2.0706803e-01  -1.7314327e-01  -1.8496828e-01  -2.9012810e-01   3.0994223e-01  -3.7062559e-01   2.1163235e-01   6.2131822e-02   6.0040509e-01   7.3967136e-01   8.1923473e-02   8.0332984e-02   1.4688516e-01  -3.6125321e-01   1.0700262e-01  -5.4855913e-01   1.1652070e-01  -4.9807911e-02  -2.1678025e-01   4.9931463e-01   1.4645154e-01   6.6015658e-01  -6.7326585e-02  -5.1212813e-01   8.3327704e-01   6.8081611e-01  -2.9298375e-03   2.4618805e-01  -2.3773253e-03  -3.0658030e-02   1.6709233e-01  -1.9693933e-01   1.5968619e-01  -1.7003997e-02  -5.8549691e-02  -1.9046538e-01   1.9019764e-01   6.5286462e-01  -3.5506203e-01  -3.0579678e-01   6.4773872e-01   1.3218966e-01   7.7519308e-02  -1.0180291e-01  -1.4473834e-01  -4.2730142e-02
  -3.8408386e-01   0.0000000e+00   4.1819624e-01  -3.4165902e-01   5.0671505e-01  -1.1134729e-02  -1.5122960e-01  -2.1934732e-02   2.8560265e-01   1.8222752e-01   1.0993452e-01   6.9441567e-01   2.9807087e-01  -5.5049761e-01  -5.2889620e-03   1.7408746e-01   4.7319696e-01  -3.7377917e-01   1.5412164e-01   5.8498985e-01  -1.8612170e-01  -4.0961485e-01   1.7131132e-02  -3.1312532e-01  -2.5519633e-02   2.0350214e-03   2.2443732e-01  -3.3359936e-01   7.0606031e-02  -2.5649260e-01  -2.0746749e-01  -5.8804516e-02   3.5881053e-02   3.3712211e-01  -1.8876733e-01   3.1038580e-01   3.0848665e-01  -2.8155904e-01   2.5622589e-01   2.8889003e-01   1.6797073e-01   1.6936042e-01   1.0108095e-01  -5.8354947e-02  -3.4326675e-01  -3.8013145e-01  -2.6351603e-01   1.7083301e-02  -6.3396024e-02   6.0777125e-01  -1.1925417e-01   2.4383713e-01   2.5495289e-01  -3.5418842e-02  -2.2909475e-01   1.0652450e-01   7.3377099e-02  -3.0348506e-01  -2.1382877e-01   2.1495980e-02  -2.4565968e-01   8.8120069e-02   5.0773015e-01  -2.7423351e-01  -4.9942733e-01   4.1234529e-01  -2.6866576e-01   1.9173396e-02  -3.6444074e-01  -1.9898119e-01   4.8254162e-01  -3.5632902e-01   8.6729486e-02   4.5126853e-02   1.3260030e-01   5.8732827e-02  -2.4441807e-01  -6.0697330e-02   7.2895587e-01   1.1155632e-03  -1.0045056e-01  -5.0592625e-02   6.0168936e-01   4.3658254e-02   1.4941106e-03   3.0608521e-02  -2.7086570e-01  -4.7849394e-01   4.3041754e-01  -4.1539504e-01   5.5591099e-01  -6.2357692e-02   3.4543670e-01   3.3104755e-01  -1.8698286e-01   6.3126363e-01  -6.0394789e-02   3.0827348e-01   1.6705045e-03   1.3844960e-01  -3.8814596e-01   3.7009334e-02  -5.0205616e-01  -9.3180836e-02  -1.4993059e-01  -2.4618686e-02   6.3956938e-02   1.7170844e-01   2.1670139e-01  -2.4701349e-01   4.9354814e-01  -4.5516743e-01  -1.6604242e-01  -2.3305148e-01  -1.5597596e-01   3.9455185e-01   1.3689537e-01   2.6453266e-01  -4.3574974e-01  -3.0759083e-01  -4.3944287e-01   6.1532621e-01   3.6704569e-01  -3.8266430e-01  -3.7274609e-01  -2.7530191e-01  -3.6014867e-02   2.1634260e-01  -1.6567201e-01  -3.3320563e-01   1.9331577e-01   3.8350389e-01   1.4045370e-01  -3.8321933e-01   1.8634086e-01  -1.7670195e-01   1.9729259e-01  -5.0922198e-01   6.2949633e-02  -4.0757645e-02  -2.3993308e-01   3.7070406e-02  -5.9998782e-02  -3.3416776e-01  -1.2173226e-01  -2.8948263e-03   3.6320461e-01   3.3144896e-01   2.6277428e-01   6.4950203e-02  -1.2895502e-01  -4.1423860e-01  -4.1257520e-01   2.9310151e-01   5.7566300e-01  -3.3430211e-01  -4.3824619e-01   5.8576454e-02  -1.2835292e-01  -9.5307750e-02   1.3637071e-01   6.0937826e-03   3.3009278e-01  -3.6978865e-01  -2.0844907e-01   3.6399730e-01   2.7510424e-01  -2.7886949e-01  -4.4960325e-01   2.5392416e-01   5.6997659e-01  -3.9489139e-01  -1.8686943e-01  -1.7485500e-01  -9.2187016e-02   1.7675446e-01   8.7812793e-02
  -2.9173659e-01   4.1819624e-01   0.0000000e+00  -6.0354970e-02  -4.0478030e-02   3.9792253e-01   1.5694157e-01   1.3657891e-02  -3.1117746e-01   1.8464335e-01  -1.7807353e-01   4.7777771e-01  -3.9962453e-02  -2.6880926e-01   1.3277516e-02   9.1715538e-02   8.7824363e-01  -1.0951722e-01   1.6355937e-01   1.7902733e-01  -3.3938426e-02  -1.0319257e-01   1.4045610e-01  -3.7078594e-01   9.6476026e-02  -1.1806473e-01   3.3207751e-01  -4.0104164e-01  -1.0848080e-01  -2.6424132e-01  -1.9681484e-01  -9.8225174e-02   5.9326419e-02   3.1786421e-01  -2.0652616e-01   5.9013230e-02  -2.2211730e-01   1.1237088e-01   1.3751489e-01   5.7009252e-01  -1.6876849e-01   1.2561061e-01   1.3377735e-01   1.7741273e-03  -2.6364655e-01   1.7231451e-01  -2.2096438e-02  -4.7598817e-02  -1.2758646e-01   6.1098576e-01   5.9952417e-02   4.9579156e-02   2.0608138e-01   2.0179644e-01  -2.7222611e-01   2.6050994e-02   3.3905441e-02  -1.2973561e-01  -8.2174482e-02  -9.2674831e-03   3.6228646e-01   1.2773444e-01   1.5963813e-01  -5.1090026e-01  -2.4018476e-01   2.6311904e-01   2.7947038e-01  -2.2572736e-01  -1.3779018e-01   5.8454033e-01   4.6524824e-01  -1.1822176e-01  -4.0117337e-01   4.5136241e-01  -1.1748483e-01  -7.0281189e-02   1.9907999e-01  -2.3505586e-01   6.1415640e-02  -1.7507708e-01  -1.3479074e-01  -4.0203813e-01   2.0978571e-01   2.8113197e-02   4.6957676e-01  -2.0268063e-01  -5.5225765e-02  -4.1639822e-01   2.5198004e-01  -2.6356180e-01  -2.1923394e-01   5.4613277e-01   4.2609581e-01  -2.0849382e-02   5.5592891e-02   1.3999134e-01  -1.2179950e-01   6.5807349e-02  -9.7597283e-02   1.2169194e-01  -8.1448524e-02  -9.5710136e-02  -2.6844446e-01   4.2785398e-02  -2.3499751e-01   3.9424614e-02   2.4815671e-01   6.6616299e-02  -7.8480644e-02  -1.4281734e-02   2.7489395e-01  -2.4361799e-01  -6.8330340e-02  -2.0298372e-01  -2.6071812e-01   1.2290999e-02  -2.0940385e-01  -2.2690868e-01  -2.9323981e-01  -5.4648155e-02  -7.4910381e-02  -3.8346534e-02   4.5693753e-01  -9.8410409e-02   7.8353829e-02  -2.7468650e-01   2.9243169e-02  -1.8020615e-01  -8.9500107e-02   4.8058882e-01  -4.8740804e-02  -1.7269365e-01   3.5726726e-01  -1.7971079e-01   2.2796759e-01  -1.1892384e-01  -5.7164983e-02  -1.8785280e-01   1.4632859e-02  -1.8513045e-01  -2.9738709e-01  -1.6848407e-01  -1.4383169e-01   6.5502631e-02   3.6369172e-02  -3.9570181e-01   5.3596371e-01  -1.6359297e-01  -9.3813411e-02  -5.2003169e-02   6.4198989e-02  -2.0184598e-01   2.3241837e-02  -3.2388593e-01   6.7922556e-01  -1.7517928e-01  -8.4456909e-02  -9.7433765e-02   5.0622174e-01  -1.6477694e-01  -1.5656471e-01  -3.5122975e-01   2.6462749e-01  -3.0911330e-01  -1.1487532e-01  -9.0543626e-02  -1.3625220e-01  -1.0767412e-01   4.5423751e-02   4.0919835e-01   8.9536325e-02  -7.4527474e-02  -4.7316600e-01   2.4131977e-01   8.1165418e-02   3.7138682e-02   1.5410470e-01
   1.7582799e-01  -3.4165902e-01  -6.0354970e-02   0.0000000e+00  -1.9690187e-01   4.7235372e-01  -6.6629346e-02   4.1418211e-01  -2.3226835e-01   2.0768474e-03  -6.4064510e-03  -2.1488053e-01  -1.7161170e-01   4.4219911e-01  -3.1385855e-01   5.5184899e-02  -1.3498726e-02   3.4515886e-01  -1.3824307e-01  -1.7485435e-01  -5.5486972e-02   6.3754329e-01  -1.1582217e-01   2.7004235e-01   5.4487798e-02   3.3092909e-01   1.5160768e-01  -4.6142886e-02  -3.1215897e-01   4.5044693e-01  -1.7925799e-01   4.7906454e-01   6.0280949e-02  -1.1010427e-01   2.3570049e-02   4.1190965e-03  -1.6036174e-01   7.7214557e-02   5.8673264e-02  -2.5513273e-02  -1.7631113e-01   2.0847264e-02   1.0112470e-01   3.9291432e-01   6.3409565e-02   1.6649521e-01   3.8504218e-01  -1.0659048e-02  -1.1817948e-01  -1.9000868e-01   3.8802435e-01   1.9826551e-01  -1.7722081e-02   1.0688181e-01  -7.2128553e-02  -2.2732082e-01   1.0459713e-01   6.0271998e-01   4.1564465e-01   3.5771729e-01   2.2591753e-01  -5.1558602e-02   5.8242852e-02  -1.1397588e-01  -8.0085297e-02   1.6425233e-02   4.8687515e-01  -9.7412746e-02   5.3788494e-01  -3.8471259e-02  -4.3550952e-01   4.0237499e-01  -2.7974833e-01   1.0305848e-01  -1.2938865e-01   1.4183755e-01   2.1008538e-01   2.8581481e-01  -3.1107344e-01   1.0779985e-01  -2.4526407e-01  -1.6617491e-01  -1.9692473e-01   2.7971473e-01   1.0087624e-01  -8.7638695e-02   1.2219879e-01   1.2007807e-01  -1.0700837e-01   1.6206827e-01  -2.6385364e-01   1.5961469e-01   1.1318803e-01   2.6640631e-02   6.1628338e-02  -2.3693501e-01   2.5618040e-02   1.3355980e-01   8.1920013e-02  -3.2329145e-01   2.5005137e-02  -1.5227859e-01   2.1903708e-01   4.6277443e-01   1.4685612e-01   4.3338080e-01  -2.2463550e-02   3.7871092e-01  -1.6973169e-01   5.3257342e-01  -2.0228665e-01   2.4518776e-01   4.7460140e-01   1.2961063e-01  -2.2850903e-01  -2.2083619e-01   5.4497970e-02  -2.8348737e-01   8.6220334e-03   5.7383948e-01   1.7088193e-01  -1.6722152e-01   6.8497764e-02   1.2888018e-01   1.8350456e-01   3.2382273e-01  -8.1370125e-02  -1.9745930e-01   4.7092916e-01   1.3328471e-01  -4.3732450e-02  -2.8759750e-01   2.5656901e-01   1.7696225e-01   1.9013365e-01   1.6826290e-01  -4.5038605e-02  -1.7216185e-02   9.5701624e-02  -2.8449154e-02   1.2006175e-01  -3.1259382e-01   1.2906673e-01   1.9018782e-01  -2.1463020e-01  -4.8567848e-02  -4.2873552e-01  -1.2455643e-01   3.1188650e-02  -3.3720923e-01  -5.7868034e-02   4.1002391e-03   3.0332595e-01  -7.6001933e-02   1.5953094e-02   9.9936717e-02   1.6721197e-01   1.1066118e-01   2.0908610e-01  -2.4493318e-01  -4.2633925e-02   1.3443890e-01  -1.0962793e-02   4.4647302e-01   5.6887123e-01  -3.5968956e-01  -5.3154071e-02   2.5417789e-01   1.9702350e-01   2.3594406e-01  -2.9748807e-01   9.8443567e-02   2.5563321e-02   4.8473940e-01   1.5866580e-01  -1.8555760e-01   5.2620051e-01
  -1.0654175e-01   5.0671505e-01  -4.0478030e-02  -1.9690187e-01   0.0000000e+00  -2.6423110e-01  -6.0339319e-01   3.0816927e-02   6.8863925e-01  -2.4195738e-01   4.8993608e-01   1.1146955e-01   4.2162501e-01  -3.2820778e-01  -3.0887124e-01  -1.0191018e-01   1.8952946e-02   1.4704383e-02  -1.4803617e-02   8.0937817e-01  -2.4181364e-01  -4.1908912e-01  -2.8837412e-01  -1.1154586e-01  -2.3126702e-02  -1.3159623e-01   2.1987780e-02  -2.1243270e-01   3.5636438e-01   1.4229859e-01  -1.3683958e-02  -4.3603169e-02   1.5525774e-01  -1.2126372e-01  -9.6842978e-02   6.1158400e-01   4.2117615e-01  -1.6479008e-01   1.3795335e-01  -2.4234928e-01   3.9113379e-01   9.1666993e-02   1.7112800e-01  -2.0686944e-01   1.1418827e-02  -2.7242809e-01   1.8256110e-01  -1.8692092e-01   5.6596225e-02   1.7369193e-01   4.2466794e-02   1.5945738e-02   1.6959506e-01  -2.3891749e-01  -6.5463780e-02  -2.6600414e-01  -8.0641946e-02  -2.8829467e-01   1.6920608e-01   2.2573449e-02  -2.8035330e-01  -1.8038515e-02   5.3698404e-01   1.4393647e-01  -3.3435236e-01   3.1507602e-01  -2.8554046e-01   3.9913125e-01  -1.9066091e-01  -4.1689507e-01  -9.7446610e-02  -1.7527469e-01   3.3447193e-01  -4.4650087e-01   1.5067858e-01   1.2534931e-01  -1.5180692e-01  -7.3117695e-02   7.9772086e-01   3.4372520e-01  -3.1736856e-01   9.9217283e-02   2.0882557e-01  -3.2467619e-02  -3.5143123e-01   1.3628929e-01  -2.9306600e-01  -4.0523358e-01   1.8361692e-01  -1.6372350e-01   7.6549578e-01  -1.3629027e-01  -6.6801466e-02   5.1987598e-01  -6.3756805e-02   8.2347327e-01   1.8132091e-01   1.9416214e-01   4.4249648e-01  -1.7571624e-01  -1.2472467e-01  -7.9283009e-02  -4.9665296e-01  -2.3487402e-02   1.8234044e-02   2.1002019e-02  -9.1626403e-03   3.1340051e-02   2.7747148e-01  -1.6414739e-02  -6.4583485e-02  -5.6068849e-01  -2.9540081e-02   4.0078394e-02   5.6191325e-02   4.2898798e-01  -3.1216838e-02   4.2827631e-01  -3.1151472e-01  -2.4036104e-01  -1.4199647e-01   6.7964000e-01   1.6783026e-02  -2.2916489e-01  -2.5825799e-01  -2.0183172e-01  -3.1324237e-01   3.1587100e-01   1.6555942e-02  -4.8289163e-01   1.4788339e-01   6.1640029e-01  -2.2039889e-01  -1.3357734e-01   2.4415601e-01  -4.6599022e-02   1.4268932e-01  -4.6602735e-01   4.0400000e-05   1.6943537e-01  -6.9507367e-02   2.5689037e-01   3.5698127e-01  -4.9539340e-01  -3.4614617e-01   4.9596010e-01  -1.7398019e-01   6.0503870e-01   7.4470740e-01  -1.1091626e-01  -3.1715559e-01  -4.7328448e-01  -2.0843904e-01   5.9379575e-01   6.4247150e-02  -1.6722628e-02  -2.7369080e-01   3.7163827e-01  -1.6565748e-01  -3.7247222e-01   3.8795023e-01   5.0116921e-01  -7.3148083e-02   1.8751681e-01  -2.5476525e-01   4.1517456e-01   1.3875118e-01  -3.2732219e-01  -3.2739856e-01  -1.3704691e-01   5.2277299e-01  -1.6432999e-01   5.4030575e-01  -2.3453588e-01  -4.9669268e-02   9.1143992e-02  -7.7188762e-02
  -2.4112324e-01  -1.1134729e-02   3.9792253e-01   4.7235372e-01  -2.6423110e-01   0.0000000e+00   3.5713467e-01   3.3190498e-01  -3.6537098e-01   3.0506633e-01  -6.7677475e-02   2.4515028e-01  -1.9861768e-01   1.8732822e-01   1.2774910e-01   9.7803066e-02   4.4182983e-01   3.0926255e-01   2.0542675e-01  -1.1424073e-01   4.9413280e-02   2.7588892e-01   2.1666806e-01  -1.2210698e-01  -1.5387940e-02   3.4988340e-01   4.4390200e-01  -9.5393355e-02  -7.6050266e-03   1.4683167e-01  -1.8700993e-02   8.9962559e-02  -3.9386559e-02   4.1969478e-01   1.9748564e-01   1.1198428e-01  -2.5269146e-01  -2.3060151e-01   1.5552667e-01   4.9190457e-01  -1.2081751e-01   1.2026571e-01   2.2444677e-01   4.3338671e-01   8.1371888e-02  -9.9506085e-02   3.5406581e-01   2.5110835e-01  -4.9744936e-02   1.1867181e-01   3.4626149e-01   1.5398735e-01   3.2331519e-01  -4.9296882e-02  -4.1408236e-01   5.3732924e-02   4.2037567e-01   2.5491470e-01   2.4923949e-01   3.7335560e-01   1.0976993e-01   8.8174695e-02   4.8946957e-02  -2.1394289e-01  -7.4676600e-03   2.4216085e-01   8.3698801e-01  -2.8731267e-01   4.3871846e-01   1.6652767e-01   1.3279396e-01   3.4668212e-01  -3.0858920e-01   3.8369225e-01  -6.8775186e-02  -1.5326426e-01  -3.9168983e-03  -1.1889623e-02  -2.3080185e-01   1.2834254e-01   5.8969525e-03  -4.4119340e-01   1.3738278e-01   4.7944618e-01   2.7461963e-01  -2.2759753e-01   3.6978265e-01  -1.8514994e-01  -5.9951304e-02  -2.1911744e-01  -3.9531935e-01   1.2307067e-01   5.7781090e-01  -2.4669400e-02  -2.3312664e-01  -1.5820197e-01   1.6558615e-01   2.0380290e-01   7.9157218e-02  -9.4342213e-02  -1.0618148e-01   4.9535677e-02   6.4506774e-02   4.3475134e-01   1.5279748e-01   2.0343601e-01  -9.8670451e-02   4.3640076e-01  -5.7418849e-02   3.8495021e-01   1.0511168e-01   2.9682079e-01   3.6598320e-02  -2.4214244e-01  -3.1355278e-01  -2.0523248e-01  -7.3329678e-02  -2.2450176e-01  -1.5398903e-01   4.7890065e-01  -9.4799927e-02  -9.8372646e-02   1.0944424e-01   2.1077833e-01  -9.6774223e-02   2.5051039e-01   2.1701194e-01  -3.2870187e-01   1.4509016e-01   2.1280739e-01  -1.6396905e-01  -2.1049951e-01   5.3314317e-01   1.8098595e-01   3.3470159e-01  -7.8685161e-02   6.6780132e-02   7.9340567e-02  -4.1568114e-03  -3.3592337e-01  -1.6915386e-01  -4.5957884e-01  -9.6692748e-02   3.4036911e-01   7.5410294e-02  -3.2191034e-01   1.4080160e-01  -4.4280586e-01  -5.3954016e-02  -2.1655776e-01  -1.9088336e-02   6.3486659e-02   2.2900133e-02  -2.8616223e-01   4.7870946e-01  -2.3922857e-01  -1.6823059e-01   1.7040233e-01   1.2570447e-01  -1.1957387e-01  -2.1437222e-01  -1.6041654e-01   2.1740821e-01   1.5976616e-01   3.6577284e-01  -1.7384501e-01  -3.5778041e-02   2.6465347e-01  -4.8146336e-02   6.1640800e-01  -1.2960192e-01  -1.5386889e-01  -2.6124863e-01   7.3385224e-01   5.9561989e-02  -3.1612723e-01   4.1287997e-01
  -3.3761716e-01  -1.5122960e-01   1.5694157e-01  -6.6629346e-02  -6.0339319e-01   3.5713467e-01   0.0000000e+00  -3.0387693e-01  -4.2308247e-01   6.8821174e-01  -2.5930828e-01   2.1515800e-01  -2.4457711e-01  -7.5451344e-02   7.4537383e-01   8.3787260e-02   2.1607678e-01   7.6112380e-02   8.5886489e-02  -3.5476884e-01   5.5410414e-01  -3.9251320e-03   7.9318945e-01  -3.8448537e-01  -4.1069601e-02  -4.0275293e-02   3.1699926e-01  -4.5597496e-02  -8.5504502e-02  -1.8016303e-01   2.5293318e-01  -1.8352416e-01  -2.7855752e-01   6.2215530e-01   3.1716602e-01  -5.2499793e-02  -1.5009938e-01  -2.8272463e-01  -9.0960314e-03   5.2459926e-01  -2.0258898e-01  -1.2652403e-01   2.2701433e-01   1.3761817e-01   3.5922307e-01  -1.3129671e-01  -6.4651588e-02   5.6302724e-01  -2.1613106e-02  -4.6544554e-02   6.9912758e-02  -2.6883325e-01   3.0449907e-01  -8.0786963e-02  -1.8729033e-01   3.2271981e-01   1.1436125e-01  -9.1605078e-02  -1.9475749e-01   1.0329472e-01  -1.0308919e-01   2.2995143e-01  -1.9539738e-01  -3.7468743e-02   4.1151165e-01   1.2055988e-01   2.9289234e-01  -3.9622402e-01  -7.8539453e-02   3.1357334e-01   4.8184640e-01   3.6762910e-01  -2.6688078e-01   3.3405600e-01  -1.2705057e-01  -3.6966505e-01  -2.0910631e-01  -1.1775996e-01  -5.3550301e-01  -3.3455506e-01   2.8964797e-01  -1.4852979e-01   1.2425749e-01  -1.2027187e-01   1.0106381e-01  -2.6044660e-01   4.7534207e-01  -5.4687010e-02  -1.5238863e-01  -2.9526699e-01  -4.2214983e-01  -2.0110292e-01   4.1895663e-01  -2.7492500e-01  -3.0852463e-01  -5.7458890e-01   1.1618580e-02  -1.4170818e-01  -1.1734452e-01   5.8111799e-01  -1.0691656e-01   3.0783038e-01   2.0083021e-01   1.3979386e-01   2.0569847e-01  -2.1405230e-01  -3.1731524e-01  -1.9479780e-01  -3.0352810e-02   6.1481431e-02   2.9245626e-01   5.2183449e-01  -1.9202453e-01  -4.1630026e-01  -2.1337001e-01  -3.1642703e-01  -2.0807946e-01  -1.3262961e-01  -4.3222331e-02   1.3329187e-01  -3.1977818e-01  -1.6389249e-01  -6.9957698e-03   4.2148759e-01  -1.6887286e-01  -6.5731025e-02   6.2411946e-01  -4.6818456e-01  -1.8104093e-01   3.1373457e-01  -1.1615983e-01  -8.0041841e-02   4.7359257e-04   4.7077734e-01  -8.2669422e-02  -3.1005945e-01  -1.5124592e-01   4.1027554e-01  -3.1693361e-01  -4.0072749e-01  -3.5068347e-01  -3.0739963e-01  -3.7827180e-01   1.8047137e-01   6.3505235e-01  -3.2976146e-01   6.1092940e-01  -3.9266129e-01  -3.2454933e-01   3.1467200e-01   6.8145979e-02   3.2510845e-01  -1.7379126e-01  -3.6425763e-01   1.6250263e-01  -3.9286181e-01  -2.3197179e-01  -2.2926329e-01  -1.9812200e-01   3.2459855e-01  -2.6634178e-01  -5.4934125e-01   4.4139242e-01  -1.6552116e-01  -6.8959884e-02  -1.6994182e-01   1.9603045e-01  -5.3970642e-02  -1.6000883e-01   3.5140517e-01  -2.1401836e-01  -2.1864878e-01  -3.2180075e-01   4.2295471e-02  -1.2316606e-01  -2.9339123e-01  -8.1670260e-02
   2.1712609e-02  -2.1934732e-02   1.3657891e-02   4.1418211e-01   3.0816927e-02   3.3190498e-01  -3.0387693e-01   0.0000000e+00   8.7739953e-02  -1.9650367e-01   2.8860097e-01   3.6451573e-02   1.1164257e-03   2.1504204e-01  -2.1479856e-01   2.5737704e-01   1.5150516e-02   1.5292225e-01   9.8549140e-02  -2.1216281e-02  -3.9875686e-01   3.9150329e-01  -2.8633020e-01   2.2357601e-01   7.0345765e-02   5.4688082e-01  -2.6555820e-01  -9.2018971e-02   2.1850361e-02   2.7266375e-01   2.2536242e-02   4.6556950e-01   1.2759535e-01  -5.3528843e-02   1.3539127e-01  -2.7060994e-02  -2.1653730e-01  -2.1295472e-03   5.8055673e-02  -1.6676560e-01   9.6531914e-02   9.8596653e-02   1.0969522e-01   2.4669053e-01  -1.2428531e-01  -3.5494130e-02   1.7130928e-01  -3.1412091e-01  -1.5568952e-01  -2.3684986e-02   2.3785320e-01   6.2996530e-01  -2.9545952e-01   5.9635930e-02  -7.3624783e-02  -9.2498615e-02   1.9386691e-01   4.5870194e-01   3.4877393e-01   4.7060534e-01   1.0289824e-02  -5.4051141e-02   1.8678662e-01   9.0847125e-03  -2.0257395e-01   9.6664942e-03   2.5326018e-01  -2.0250245e-02   4.9278641e-01  -2.8475139e-01  -3.1587916e-01   6.8501447e-02   1.0985492e-02  -1.0308757e-01   9.6114617e-02   4.1123309e-01   7.7802345e-02   1.4050984e-01   8.6339907e-02   2.6202755e-01  -1.8823287e-01  -1.7449314e-01  -3.2569316e-02   6.1110684e-01   7.8979115e-02   2.6783085e-01   5.6872275e-02  -1.1333231e-01   8.4165106e-02  -4.1212551e-02  -3.0944429e-02   9.1137219e-02   4.8037451e-02   2.7962950e-01   1.1431775e-02   1.0939487e-01  -1.0929531e-01   2.3077240e-01  -7.9246067e-02  -2.9806908e-01  -1.8369433e-01   1.5189803e-01  -1.1112384e-01   2.7256711e-01   3.3763856e-01   5.8334111e-01   7.2618543e-02   5.9373947e-01  -1.9913505e-01   1.1260460e-01   7.1891964e-02  -3.8491810e-02   2.2142260e-01   2.8927748e-02  -2.0730070e-01   3.4222002e-04   1.5875950e-01  -2.9038963e-02  -1.8732522e-01   3.8518628e-01   8.6243580e-02  -2.1044520e-02   1.8690569e-01  -3.4684478e-02  -4.9035226e-02   1.3066783e-01  -6.7931531e-02   1.4562058e-01   3.1400537e-01  -2.2886329e-01   1.6473391e-01   2.6528981e-02   1.5289620e-01  -1.3971376e-01   4.5651765e-01   5.1361048e-01   2.3774803e-01  -2.6698919e-01   5.1397224e-01   1.3717920e-01   9.8849611e-02  -7.7693587e-02   3.3081175e-01  -3.3244253e-02  -1.6920084e-01   2.9022397e-01  -2.5255631e-01  -2.4931339e-01   4.0870955e-02  -1.5783165e-01  -1.8846286e-01  -1.1403406e-01   3.4607954e-02   2.2319985e-02   9.5236955e-02   2.6273959e-02   1.4375828e-02   2.9156313e-01   3.6102767e-02  -2.0314554e-01   6.7150797e-02   3.6218245e-01  -2.4950728e-01   1.6954556e-01   4.8789437e-01   1.3570691e-01  -1.1432291e-01   2.0188173e-01   5.4035206e-02   1.0107496e-01  -1.2284958e-02  -1.2034027e-02   3.1456395e-02   4.5933851e-01  -3.6296175e-02  -2.1951702e-03   4.6210701e-01
  -2.9977848e-03   2.8560265e-01  -3.1117746e-01  -2.3226835e-01   6.8863925e-01  -3.6537098e-01  -4.2308247e-01   8.7739953e-02   0.0000000e+00  -2.0273343e-01   6.0210837e-01  -5.5909706e-02   3.5964824e-01  -3.0810216e-01  -9.6317459e-02  -2.0079632e-01  -2.7115767e-01   2.5197084e-02  -6.4463655e-02   5.1808787e-01  -1.0265521e-01  -2.3205917e-01  -1.0385638e-01  -2.6973400e-03  -1.0127079e-01   6.3621170e-03  -2.3624702e-01  -1.1060908e-01   2.7876080e-01   3.1496552e-01   8.1920226e-02   3.2706766e-02  -5.2107438e-02  -7.8604751e-02   8.8685321e-02   4.8242623e-01   5.8381538e-01  -5.1327743e-02   5.6064910e-02  -4.7515805e-01   4.6139639e-01  -4.6039888e-02   1.5427711e-01  -1.4139744e-01   2.1602386e-01  -2.3566391e-01   1.2024199e-01  -3.9214005e-02  -5.0728102e-02  -1.5278696e-01  -3.2477702e-02  -2.6783266e-03   1.1337146e-01  -1.7364367e-01   1.8796289e-01  -2.1550835e-01  -9.1059312e-02  -1.5721250e-01   2.4132141e-01   1.7535065e-01  -3.0826196e-01   3.2833819e-02   4.8615426e-01   3.9257144e-01  -1.9261284e-01   2.1785164e-01  -4.0707656e-01   5.3287615e-01  -4.6126081e-02  -5.1938574e-01  -1.9214922e-01  -2.0272981e-02   4.1615917e-01  -6.1040387e-01   1.6825674e-01   9.7951954e-02  -1.2681575e-01   4.7975916e-02   5.2595601e-01   1.9951745e-01  -1.9696573e-01   1.3953834e-01   1.3627542e-01   1.6554447e-02  -4.6085440e-01   1.8841527e-01  -2.6716219e-01  -2.3885818e-01   1.7084210e-01  -9.0651222e-02   6.6278353e-01  -2.9017680e-01  -2.4187430e-01   6.9882989e-01   8.9844519e-03   5.0630461e-01   1.6091526e-01   1.3522975e-01   4.3783266e-01  -1.1320891e-02  -2.0901312e-01   1.5899144e-01  -3.7493437e-01  -1.2610433e-02   2.7119056e-01   6.3614735e-02  -1.2135419e-01   5.8622986e-02   1.6510856e-01  -4.4910182e-02  -7.9761682e-02  -2.8786870e-01   1.8604362e-03   1.3854562e-01   5.3916557e-03   1.1375194e-01   1.6460709e-01   4.0060528e-01  -2.2227295e-01  -1.7623522e-01   7.3220071e-03   5.2819673e-01  -3.1230779e-02  -1.8709398e-01  -1.6682689e-01  -2.3092919e-01  -1.5975154e-01   2.6681240e-01   1.1729316e-01  -5.3685568e-01   2.1393696e-01   6.7026624e-01  -3.9014427e-01  -6.2120689e-02   2.5666901e-01   2.2926400e-02   5.7205600e-02  -3.8695018e-01   4.6494882e-02   4.2780836e-01   3.0570620e-02   2.5245298e-01   4.5350118e-01  -5.0923405e-01  -3.1040742e-01   6.0351047e-01  -2.3956666e-01   5.7449901e-01   6.4053233e-01   9.9246176e-02  -4.1314173e-01  -3.1958015e-01  -1.0974367e-01   6.7777824e-01  -2.9281938e-01   6.4299789e-02  -7.3291602e-02   4.1549481e-01  -3.4207413e-01  -2.4682003e-01   4.8152563e-01   6.5513094e-01  -2.7956895e-02   2.9642945e-01  -6.5571631e-02   3.4986863e-01   2.3911630e-01  -1.5344228e-01  -2.3981541e-01  -3.0550090e-01   2.8859435e-01   4.9399822e-02   6.7199129e-01  -2.4008519e-01  -1.4457147e-01   1.3289276e-01  -5.6873199e-02
  -3.8359979e-01   1.8222752e-01   1.8464335e-01   2.0768474e-03  -2.4195738e-01   3.0506633e-01   6.8821174e-01  -1.9650367e-01  -2.0273343e-01   0.0000000e+00  -1.3887472e-01   4.2738981e-01  -4.5871835e-02  -4.2823522e-01   5.9119002e-01   5.2957884e-02   2.4860742e-01  -3.1348589e-02   1.2392231e-01   7.3797964e-02   4.1711089e-01   2.3317788e-02   8.0522992e-01  -4.4637146e-01  -1.5534783e-01  -1.6152343e-02   2.5578606e-01  -4.0306641e-01   8.3323722e-02  -7.2054532e-02   2.6821758e-02  -6.0820929e-02  -3.0379771e-01   7.4726012e-01   2.5567836e-01   2.2828716e-01   9.3771920e-03  -2.7193434e-01   2.4563966e-02   4.3072771e-01  -9.6980514e-02  -3.4702277e-02   4.4375957e-01   8.9852942e-02   3.3545287e-01  -1.3427207e-01  -3.0560533e-02   4.6072894e-01   3.1853957e-02   3.4526640e-02   6.4482460e-02  -1.5574809e-01   4.1936182e-01  -6.3220606e-02  -3.1742248e-01   7.6606514e-02   7.8201782e-02   1.5145946e-02  -1.5453598e-01   2.5342927e-01  -1.1263815e-01   3.5164395e-01   9.0114104e-02  -2.7239138e-01   5.3898120e-02   5.4137894e-01   1.9138692e-01  -2.5358747e-01  -1.5122419e-01   1.2818765e-01   3.7696006e-01   4.6618746e-01  -5.6752995e-02   1.5369590e-01  -5.8427319e-02  -1.3740861e-01  -2.1803055e-01  -7.5049788e-02  -9.7304219e-02  -2.6446891e-01  -1.5745001e-01   1.4778672e-02   2.7075213e-01  -1.0897702e-01   3.9506663e-02  -1.8393144e-01   2.9236004e-01  -3.6606905e-01   6.9972839e-02  -3.5809493e-01  -9.5099197e-02  -1.8113225e-01   6.1453664e-01   6.0436603e-02  -2.4871078e-01  -1.5902639e-01   5.7475611e-02  -5.4739034e-02   4.7828403e-02   7.0105225e-01  -3.5497871e-01   1.9775671e-01  -2.7476282e-01   1.9055074e-01   2.0543082e-01   2.2187031e-02  -3.1439356e-01  -9.6578652e-02   3.2190213e-01   1.4270036e-01   4.5328037e-01   1.8053575e-01  -1.1024590e-01  -2.8279222e-01  -4.5226299e-01  -2.3727641e-01  -2.7306725e-01   4.8680278e-02  -4.3073063e-01   4.2140510e-02  -3.4146939e-01   2.7512232e-01   1.7147039e-01   2.6535993e-01  -1.1769440e-01  -2.2771730e-01   5.2319668e-01  -2.7374604e-01   8.0176885e-02   9.7260013e-02  -2.9648711e-02   2.3124111e-01  -8.1239006e-03   2.8136580e-01   1.8966608e-01  -3.2826344e-01  -4.7593617e-02  -1.6815957e-01  -3.2224708e-01  -3.3118682e-01  -4.5577126e-01  -6.8186090e-02  -2.9635313e-01  -2.3694948e-01   4.2441245e-01  -2.0551455e-01   4.9279024e-01  -2.2283116e-01  -1.6980977e-02   2.9210868e-01  -8.0124939e-02  -2.3665857e-01  -1.9643460e-01  -1.2038578e-01   2.8074921e-01  -4.4471019e-01  -2.5887293e-01  -1.0248672e-01  -2.2127091e-01  -7.9083273e-02   1.1572643e-03  -4.0880435e-01   6.1692500e-01  -6.2658590e-02   3.6578166e-02   1.4945353e-02   3.2254106e-01  -3.3446791e-01  -2.0153391e-01   4.1229098e-01   1.3074101e-01  -2.8360843e-01  -1.6304191e-01  -1.2293750e-01  -2.2661231e-01  -2.1545954e-01   1.4801716e-01
  -8.5650232e-02   1.0993452e-01  -1.7807353e-01  -6.4064510e-03   4.8993608e-01  -6.7677475e-02  -2.5930828e-01   2.8860097e-01   6.0210837e-01  -1.3887472e-01   0.0000000e+00  -7.9491881e-02   2.7271668e-01  -7.3211289e-02   1.1824119e-01   3.5847460e-02  -1.0150076e-01   3.9166612e-01  -1.8788318e-01   3.2745104e-01  -1.0845296e-01  -5.8488706e-02  -1.2560954e-01   1.3319678e-02  -3.6592275e-02   2.4044006e-01  -2.7226989e-01  -6.6161436e-02   2.0064873e-01   4.0437772e-01   3.7140514e-01   1.4604533e-01  -4.7370957e-02   2.1668570e-02   2.0518192e-01   5.1437131e-01   2.5983643e-01  -1.3890097e-01   1.7142209e-01  -3.2629790e-01   4.2690904e-01  -3.7789394e-02   1.0051855e-01   1.4564826e-01   4.4108076e-01  -1.5995158e-01   3.4340991e-01  -1.4307646e-01   9.1638842e-02  -1.2893451e-01   3.5662998e-01   9.5410799e-02  -8.1646917e-02  -2.1169484e-01  -1.2167852e-02  -1.8717616e-02   1.0963951e-02  -4.2485538e-02   4.9074311e-01   2.9543106e-01  -1.0672067e-01   2.8270010e-01   4.6184268e-01   3.4569504e-01   7.7716542e-03   8.9146135e-02  -1.0605851e-01   3.3457446e-01   1.2498218e-01  -5.4995776e-01  -2.1828443e-01   2.8309506e-01   3.3776192e-01  -3.4326622e-01   2.0160171e-01   2.0662873e-02   3.9236075e-02   1.1190878e-01   2.5069918e-01   3.0205688e-01  -2.0165546e-01   3.2616848e-02   2.0585969e-01   2.0396405e-01  -1.9699582e-01   6.9518736e-02   1.4242390e-01  -1.9791929e-01   3.2619604e-03  -6.7688610e-02   4.0466195e-01  -6.2449630e-02  -8.1819902e-02   4.3267550e-01  -3.9748808e-02   2.8303656e-01   1.9886997e-01   1.4517471e-01   4.3710443e-01   4.6728521e-02  -1.5300404e-01   3.2054406e-01  -3.3621637e-01   2.7215241e-01   5.0590622e-01   1.2537077e-01  -1.5343626e-01   2.9522469e-01   3.9748608e-02   8.4151549e-02   2.2267957e-02  -1.2818043e-01   1.2232140e-01   9.2029718e-02  -6.6971512e-02  -1.0963981e-01   1.4982797e-01   2.6744521e-01  -2.8191576e-01   3.1619551e-02   5.2965077e-02   2.4774455e-01  -1.4098612e-01   3.0534669e-02  -1.6502273e-01  -4.4075839e-02   1.1004950e-01   6.3087211e-02   1.7005814e-01  -4.9106136e-01   3.6335583e-01   7.0698780e-01  -9.5910680e-02   1.8799776e-01   1.6920911e-01   1.4844505e-02   9.4861628e-02  -2.7390548e-01  -5.7944749e-02   2.9520505e-01   4.8050078e-02   1.6277405e-01   6.5939854e-01  -4.1965527e-01  -6.0788505e-03   6.3903506e-01  -1.5215681e-01   3.1919866e-01   5.1782570e-01   2.1830021e-01  -3.3724190e-01  -2.6114610e-01  -5.7951117e-03   7.0509988e-01  -1.8550071e-01   4.7551951e-03  -4.8079147e-02   6.2345432e-01  -1.4340275e-01  -3.0124699e-01   3.0549289e-01   7.1238596e-01  -2.3104236e-01   4.8589750e-01   1.1246704e-01   1.9473570e-01   3.9267341e-01  -6.6717666e-03  -1.5177154e-01  -2.8675813e-01   9.0120046e-02   3.7566416e-02   6.8945774e-01  -5.8231851e-02  -6.5496425e-02  -7.3937267e-02   6.6920994e-02
  -4.4881238e-01   6.9441567e-01   4.7777771e-01  -2.1488053e-01   1.1146955e-01   2.4515028e-01   2.1515800e-01   3.6451573e-02  -5.5909706e-02   4.2738981e-01  -7.9491881e-02   0.0000000e+00  -2.4509606e-02  -4.3126006e-01   2.1108904e-01   2.2195663e-01   4.0886908e-01  -2.8505056e-01   1.1398924e-01   3.4729003e-01  -3.2421716e-01  -3.0110209e-01   1.9869424e-01  -3.4146533e-01   4.7371404e-02   7.3524437e-02   2.2039288e-01  -3.0255508e-01   9.0812207e-02  -2.8734117e-01  -1.8842529e-01  -1.6070397e-01  -2.0624635e-02   6.2947984e-01   1.0211056e-01   2.0950618e-02  -8.7224345e-02  -3.8450084e-01   1.6784066e-01   4.5430197e-01  -4.3646846e-02   2.3846163e-01   2.6942352e-01   5.7557423e-02  -1.8440995e-01  -4.2465279e-01  -2.6833370e-01  -1.6104468e-02  -1.0396643e-01   5.5241667e-01  -1.6037404e-01   2.0633985e-01   1.7604475e-01   4.8459322e-02  -3.0882847e-01   1.6486903e-01   8.1636656e-02  -2.6547050e-01  -1.8890835e-01   1.7747357e-01  -2.5488275e-01   3.8578406e-02   2.7766943e-01  -4.2575557e-01  -3.6447483e-01   4.0447949e-01  -4.9743251e-02  -1.2514695e-01  -3.4949726e-01  -2.5268959e-03   3.9037287e-01  -1.5511845e-01  -6.6871998e-02   4.0381133e-01   1.1972433e-01   1.7847152e-02  -3.7238045e-01  -1.8297795e-01   4.3119281e-01  -4.1066299e-03  -8.2418557e-02  -2.0748546e-01   4.7130019e-01   8.1681261e-02   1.9635642e-01  -9.9840582e-02   4.1399260e-02  -4.0122788e-01   3.4319734e-01  -4.8642376e-01   8.0340119e-02  -6.2632260e-02   5.9665933e-01   1.4094193e-01  -3.6842254e-01   3.1560904e-01  -8.7584510e-04   1.1545959e-01  -1.7611791e-01   2.6725689e-01  -3.5878215e-01   3.4261152e-01  -4.1811164e-01   2.8314795e-02   3.6061948e-02   3.5061674e-02   4.3856389e-02   9.9640375e-02   8.0276315e-02  -2.6373548e-01   8.1588766e-01  -1.6999747e-01  -1.1277323e-01  -4.0098071e-01  -2.7737508e-01   1.9369289e-01  -1.0746552e-01   4.5042000e-02  -3.9463742e-01  -1.2728483e-01  -5.0518271e-01   5.2201889e-01   4.5453529e-01  -2.7531365e-01  -3.7880803e-01  -2.0041192e-02   1.9501430e-01  -3.0730705e-02  -2.0098094e-01  -1.9858602e-01   1.2767249e-02   1.3042556e-01   3.9870416e-01  -3.6269544e-01   2.4969075e-01  -1.4532089e-01   1.7793929e-01  -4.2086982e-01  -3.8933772e-04  -3.0460108e-01  -3.7332701e-01  -1.9484240e-01  -2.8451559e-01  -1.0025365e-01   1.3832824e-01  -1.9986612e-01   6.1194880e-01  -1.1313140e-01   1.1663473e-01   3.0260935e-02   8.7766938e-02  -3.0703768e-01  -4.5738558e-01  -3.7457530e-02   7.2029797e-01  -4.4882761e-01  -4.7762640e-01   1.6746950e-02  -1.4268672e-01  -3.8296065e-02   1.8848120e-02  -2.1398467e-01   2.1220362e-01  -4.2160729e-01  -1.6508095e-01   4.4519511e-01   2.8890339e-01  -2.1448935e-01  -4.4570282e-01   3.9506254e-01   5.9579736e-01  -4.5394675e-01  -3.4360365e-01   2.8351857e-02  -6.9060001e-03   1.7904492e-02   9.0664863e-02
  -2.7563511e-01   2.9807087e-01  -3.9962453e-02  -1.7161170e-01   4.2162501e-01  -1.9861768e-01  -2.4457711e-01   1.1164257e-03   3.5964824e-01  -4.5871835e-02   2.7271668e-01  -2.4509606e-02   0.0000000e+00  -2.5744725e-01  -4.8015208e-02   2.1332524e-01   1.7717059e-02  -7.5299626e-03   2.2805951e-01   4.0375013e-01  -1.0435643e-02  -5.5869926e-02  -6.7216025e-02  -1.8839142e-01   1.0530052e-01  -1.2487408e-01   1.6574154e-02  -1.8069519e-01   4.9723956e-02  -5.6031816e-02   7.4401656e-02   2.2235608e-01   2.0681660e-01  -1.0937259e-01  -9.8835508e-02   3.7939085e-01   2.9250603e-01  -1.9711812e-01   2.0760368e-01  -1.1609923e-01   7.7054168e-01   6.9190012e-02  -3.8319281e-02  -1.3439695e-01   1.0173222e-01  -2.1623239e-01   1.4272899e-01  -1.8324042e-01   1.7865061e-01   1.8654694e-01   2.0253833e-01   1.0906386e-01  -3.8481222e-02  -6.4434372e-02   9.1913706e-03   1.7184427e-02  -4.6851725e-03   7.3138406e-02   4.9183051e-02   1.1485135e-01  -2.4024897e-01   2.2009073e-01   1.7032094e-01  -4.6096785e-02   4.3842881e-02   2.2426580e-01  -2.3387054e-01   3.0414764e-02  -1.3718452e-01  -3.2239272e-01  -9.7220532e-03   1.6658451e-02   4.3595070e-01  -2.5204891e-01   3.4357391e-01   1.0253953e-01  -2.0974499e-01   1.2628530e-01   3.9179212e-01   3.2457203e-01  -3.9084145e-02   2.2205159e-01   6.3438167e-02   2.0012963e-02  -3.9372202e-01   2.4226513e-01  -1.5208855e-01  -2.4834109e-01  -2.9504942e-02  -2.9288409e-01   3.9030541e-01  -1.0112218e-01  -3.3146353e-03   2.7490599e-01  -1.0225739e-01   5.2022537e-01   1.3094652e-01   2.5360047e-01   3.0845674e-01   3.8119123e-02  -3.0475604e-01  -1.4881230e-01  -1.6217403e-01  -7.9941163e-02   1.4493184e-01   1.1824845e-02   1.5438837e-01   8.0438377e-02   3.1876048e-01  -1.1828812e-01  -4.2448112e-02  -6.5930470e-02  -5.0352458e-04  -1.1401528e-01  -4.8204555e-02   2.8392533e-01   1.6699128e-01   6.4571324e-01  -2.8598750e-01  -4.4616914e-02  -2.6479057e-01   2.7926903e-01   4.1608423e-02   1.4756291e-01  -2.7105906e-01  -1.3733417e-01   1.4105459e-01   4.1723426e-01  -4.3152891e-02  -2.9301220e-01   5.6033396e-01   3.6140704e-01  -1.6282314e-01  -6.8265423e-02   6.9253656e-02  -1.2352387e-02   4.2024546e-01  -1.9998952e-01   1.3647045e-02   6.0107226e-02  -1.3964213e-01   5.3974356e-01   1.9777276e-01  -3.9794219e-01  -8.3020845e-03   3.5952231e-01   3.1226350e-03   3.0219635e-01   2.5036022e-01   4.0112272e-02  -3.5896000e-01  -1.1169174e-01  -2.1738737e-01   3.5731450e-01  -4.1562449e-02  -1.9107392e-01  -2.8621377e-01   2.4219263e-01  -1.5709396e-01   1.0567507e-02   1.0306385e-01   2.4712007e-01  -4.2489523e-02   5.4212034e-02   6.5879035e-03   1.9147457e-01   2.4178928e-01  -7.7254961e-02  -3.7182149e-01  -1.4510617e-01   2.9225006e-01  -2.8651259e-01   1.7353251e-01  -1.6456197e-01  -8.3645281e-02   3.5388056e-01  -1.7583249e-02
   4.7968660e-01  -5.5049761e-01  -2.6880926e-01   4.4219911e-01  -3.2820778e-01   1.8732822e-01  -7.5451344e-02   2.1504204e-01  -3.0810216e-01  -4.2823522e-01  -7.3211289e-02  -4.3126006e-01  -2.5744725e-01   0.0000000e+00  -2.3142783e-01   1.6325448e-01  -2.7572541e-01   1.3299457e-01  -2.3130160e-01  -3.6239443e-01  -1.2371538e-01   3.6487403e-01  -3.0087724e-01   5.9483642e-01   1.6245909e-01   1.3949066e-01  -1.5558972e-01   5.4494169e-01  -1.4014639e-01   1.9898011e-01   7.1716396e-02   1.3388891e-01   1.4380720e-01  -3.7446912e-01   6.5407443e-02  -3.2589991e-01  -1.9537290e-01   1.7223090e-01   1.5346166e-01  -1.9477228e-01  -1.5021233e-01  -1.1173805e-01  -1.3283980e-01   2.6857067e-01  -8.1349242e-02   1.5690069e-01   1.3480010e-01  -1.5811251e-01  -1.1004364e-01  -3.4392705e-01   1.3209461e-01   4.8898092e-02  -3.0879916e-01   6.8783173e-03   1.8330885e-01   1.1480612e-01   1.7486882e-02   2.7623058e-01   3.3564932e-01  -5.9686431e-02   2.0221232e-01  -2.5272816e-01  -2.4703392e-01   2.5119311e-01   8.6572113e-02  -4.2826389e-01   2.6631513e-01   6.5398151e-02   4.1888675e-01   5.5372723e-02  -4.5042035e-01  -2.0615943e-03  -1.1576241e-01   2.3802193e-01  -9.0457063e-02   6.4336383e-02   1.7318909e-01   2.0430547e-01  -3.7794815e-01   2.3685268e-01   2.8938274e-01  -5.3184418e-02  -3.8277798e-01   1.0092348e-01   2.3634066e-01   1.4240329e-01   1.0523273e-01   6.1179568e-01  -1.5328275e-01   4.7227304e-01  -4.2483840e-01   1.0046187e-01  -2.3954787e-01  -4.1010363e-01   1.4305661e-01  -3.9464898e-01   8.8512189e-02  -8.5700618e-02  -1.1192188e-01  -4.6724524e-01   4.4840035e-01  -4.2392045e-02   6.3961104e-01   1.3452913e-01   8.4578241e-02   1.2862092e-01   1.6654528e-02   1.2885667e-01  -3.8135905e-01   1.9039929e-01  -3.9986668e-01   3.4188176e-01   1.3625341e-01   2.5292223e-01   3.5964693e-01  -1.6031759e-01   2.0225209e-01  -3.0503810e-01   6.0887590e-01   3.3806789e-01   3.1996283e-01  -5.4696320e-01  -7.5660501e-02  -2.4513046e-02   1.8281456e-01   6.0242912e-01  -1.5669628e-01  -1.0850032e-01   7.3411985e-02   8.4733226e-02  -1.3635399e-01  -4.2982576e-01   2.9784691e-01   2.5585371e-02  -2.0304572e-01   2.5522467e-01  -6.2586730e-02   5.3904369e-01   1.6696029e-01   1.3600596e-01   5.4832905e-01  -2.6325738e-01   1.7684336e-01   5.5597024e-01  -4.6701055e-02   3.1189837e-03  -4.5433795e-01  -1.7430873e-01  -2.4540665e-01  -3.1788266e-01   3.4828306e-01   5.2402234e-01   3.1249205e-01  -2.2439145e-01  -2.2343436e-01   4.1709159e-01   2.8215211e-01   9.2655503e-02   2.0061037e-01   2.3043363e-01  -8.1494688e-02   1.4740530e-01  -3.3035218e-01   1.7103499e-01   3.2184023e-01  -2.4775783e-01  -2.3685851e-01   4.4328295e-01   3.2662127e-01  -7.8042911e-02  -4.6340967e-01   2.1932764e-01  -3.8502995e-02   3.6510622e-01   1.5130186e-01  -9.5142871e-02   7.5403545e-02
