   0.0000000e+00  -4.1526348e-01  -2.4731752e-01  -1.1773599e-01  -2.2909490e-01   2.9793524e-01   5.2034010e-02   1.2773895e-01   6.4914134e-02  -3.0565080e-01   3.2620357e-02  -2.6386240e-01  -1.3649671e-01   3.8578334e-01   1.0188848e-01  -1.6358549e-01  -2.6363958e-01  -1.5904217e-01  -9.6382810e-02  -2.2736979e-01   8.9682071e-02  -1.9129506e-02   2.3065843e-01   6.9181319e-01  -8.3062868e-02  -1.5019130e-01   1.6252896e-01   4.3362316e-01  -4.4732151e-01  -1.3074077e-01  -3.2042640e-03  -1.4741179e-01  -1.2103174e-01  -3.6853744e-03   1.6099342e-01  -3.7510371e-01  -1.2021401e-01   3.5273212e-01  -1.7327288e-01   5.9958291e-02   9.5652412e-02  -1.9857209e-01  -3.6785547e-02   2.1975620e-01  -1.5400881e-01   3.8599785e-01  -4.8929996e-02   7.1568304e-03  -1.2225836e-02  -2.8919753e-01   1.4140387e-01   5.6464916e-03   1.6544030e-01  -7.6297408e-04   2.3673088e-01   3.2164104e-01   1.6827857e-02   1.0455570e-01   9.8479332e-02  -1.9372789e-01   7.7625998e-02   6.3729672e-03  -1.2838049e-01   3.7192856e-02  -3.7022539e-01   2.2017931e-01   2.6745281e-01  -2.2492099e-01   1.0842002e-01   5.5426690e-01  -2.6613424e-01   1.2327079e-01   1.1534852e-01   6.8373054e-02  -3.7883217e-01   4.4140379e-02   2.9473280e-01  -1.1442808e-01  -4.7543681e-01  -1.3419586e-01   3.4517276e-01  -1.9792701e-02  -1.4734180e-01  -1.1659496e-01   3.0529500e-01   2.4442667e-01   1.9738914e-01   5.5122230e-01  -9.3483341e-02   7.5683752e-01  -3.5395017e-01  -5.9887278e-02  -2.6481357e-02  -2.6138549e-01   3.2386049e-01  -1.9929733e-01  -8.1051376e-02   2.3023609e-01  -1.0865411e-01  -3.8284232e-01   4.4643020e-01   2.4711917e-01   4.1475812e-02  -2.6963058e-01   1.5476103e-01  -1.7258674e-01  -1.0191375e-01   9.6056924e-02  -4.0287808e-01  -2.1011409e-02  -3.5657068e-02   2.1425244e-01  -2.6537188e-02   6.6571004e-01   3.9589435e-01  -2.3576399e-01   4.9311482e-02   9.9461199e-02   2.5410673e-01   2.2694842e-01   3.0489801e-01  -1.8468087e-01  -2.8259587e-01  -1.0074593e-01   3.1080909e-01  -2.5903263e-02  -1.6317836e-01  -2.1356609e-01  -8.6577557e-02   2.5533461e-01  -3.2624811e-01  -1.7162601e-01  -1.0314590e-01   1.4036314e-01  -1.9086757e-02  -3.4985204e-02  -1.5387816e-01   4.1541574e-01   1.1188635e-01   4.3783843e-01   6.7129794e-01   5.3480928e-02   4.2663054e-01   2.5891111e-01   2.4923053e-01   1.1590555e-01  -1.4359014e-01  -3.1230131e-01   1.1286320e-03  -2.9495006e-01   4.9789645e-01  -5.0913297e-02   4.6780431e-01  -1.5757726e-02  -2.6427010e-02   6.3142634e-01  -3.1035715e-02   2.0157750e-01  -1.7977470e-01   3.5162463e-01  -2.6136097e-01   2.0259487e-01   2.2549470e-03   4.1840317e-02   6.4040870e-02  -1.3230553e-02  -1.9046776e-02   2.0501107e-01   4.0968855e-01  -1.7081395e-01  -3.6436126e-01   2.2344310e-01  -1.2112426e-01   7.2472587e-02  -1.5526687e-01   8.8826239e-02  -1.4282989e-01
  -4.1526348e-01   0.0000000e+00   2.7336441e-01  -2.3479836e-01   5.6886116e-01  -4.8093510e-01  -1.3755347e-02  -2.9606955e-01  -3.0732894e-01   1.8111459e-01  -2.1115969e-01   6.1040957e-01  -6.8385104e-02  -3.6670762e-01  -1.9909391e-01  -1.9144212e-01   4.6947641e-01  -3.4438933e-01   1.5319746e-01   2.9279017e-01  -2.4101407e-01  -5.1849768e-01  -4.0760322e-01  -3.6139411e-01   1.3504589e-01   1.1415714e-01  -1.4220366e-01  -3.1971307e-01   3.2587684e-01   3.2185496e-01   2.7438430e-01  -2.3963750e-01   1.0337051e-01  -3.4765625e-01  -6.8504432e-01   1.6742367e-01   2.7784648e-01  -4.2581350e-01   2.1052657e-01   1.3836748e-01  -1.1499425e-01   1.9926618e-01   2.3708939e-01   8.9683572e-02  -5.2927059e-01  -4.3701424e-01  -3.8978283e-01   5.4584753e-01  -8.7370964e-02   4.8333189e-01  -6.3991067e-01  -2.7081920e-03   1.4208756e-01   1.0001485e-01  -2.4757723e-01   4.4515068e-02  -2.6155185e-02  -4.9577177e-01  -2.8416037e-01  -3.4836382e-01  -1.7970537e-01  -4.2757694e-01   4.4955733e-01   2.6126627e-01   1.6715089e-01  -6.7507849e-01  -2.7165992e-01  -6.3997809e-03  -3.8808462e-01  -4.7590735e-01   7.7377206e-01  -6.4785595e-01   1.3472319e-01   2.9675923e-01   1.1772557e-01  -1.0407860e-01  -3.3342206e-01   7.2243564e-02   5.3935423e-01   1.4243107e-01  -3.4504897e-01   1.3468624e-01   7.5270617e-01  -5.5730845e-02   6.2525909e-02  -1.9791966e-01  -6.0085644e-02  -3.0281559e-01   1.4847641e-01  -3.4263635e-01   5.7579587e-01   2.6090828e-01   5.2764054e-01  -2.5022241e-02  -4.8890417e-01   5.4123797e-01  -1.8464873e-01   7.8927019e-02  -2.1084804e-01   3.9375897e-01  -9.9481189e-02  -3.7065890e-01  -2.5166981e-01   5.2106193e-01  -6.3832297e-01  -2.1681737e-01   3.6267030e-02  -1.2706955e-01   1.0427057e-01   1.1886436e-01   5.9374874e-01  -7.9536462e-01  -3.2957516e-01  -5.2177212e-01  -2.2681959e-01   4.9147333e-01   1.1184485e-01  -1.5099996e-01  -9.5359743e-02  -3.8061309e-01  -2.8842609e-01   3.8911804e-01   4.8975837e-01   3.3182750e-01  -4.3254463e-01  -5.3647660e-01  -2.1409136e-01   3.0657691e-01  -3.5378715e-01  -1.4798043e-01   1.6934444e-01   4.7168218e-01   4.9420808e-01  -9.5994237e-02  -1.1970318e-01  -6.5105767e-02   2.7452766e-01   7.2632054e-02  -1.6812102e-01  -3.4099646e-01  -3.7723085e-01  -8.7172006e-03  -4.9657254e-01  -6.3273434e-02  -1.5539079e-01  -1.1511669e-01   4.1334422e-01   5.2536164e-01  -4.1515822e-01   4.4052521e-01  -2.5922484e-02  -6.0013604e-02  -2.9839459e-01   1.5838564e-01   5.8339098e-01  -3.9667400e-01  -2.2042235e-01  -1.8127154e-01   3.5456644e-01  -4.5348895e-01  -3.2715469e-02  -2.8746688e-02   3.6269436e-01  -4.6957886e-01  -4.3698203e-01   1.3917433e-01  -7.6521958e-02  -1.5998467e-01  -4.5875959e-01   6.7420725e-01   4.3278237e-01  -3.1530600e-01  -4.5641641e-01  -3.4798051e-01  -7.1939997e-02   6.3238889e-02  -1.8472923e-01
  -2.4731752e-01   2.7336441e-01   0.0000000e+00  -1.4901554e-01   2.3607306e-01   3.9801436e-02   5.6301995e-03  -1.5429132e-01  -9.5439252e-02   1.8542171e-01  -6.7531763e-02   2.2785869e-01  -1.4742420e-01  -3.9439401e-01  -2.0858439e-01  -1.7239403e-01   8.3651013e-01  -1.7371460e-01   6.5484545e-02   3.1069650e-01  -2.4727727e-01  -2.7763371e-01  -5.7180780e-02  -8.6470650e-02   9.0327114e-03   1.0211014e-01   3.2734687e-01  -8.6397775e-02   3.9855041e-01   9.4540343e-02  -3.6125139e-02  -1.1868191e-01  -6.4152718e-02   5.1389926e-02  -3.2018340e-01   2.1893165e-01   1.5503655e-01  -1.5071694e-01  -1.2031194e-02   5.0398956e-01  -1.2238466e-01   1.3440426e-01   1.1741163e-01   1.7243918e-02  -1.1782465e-01  -1.0034876e-01  -9.7060336e-02   1.0811521e-01  -1.2311325e-01   4.1165948e-01  -6.4834513e-02   1.5824572e-02  -7.0014588e-02   1.3660079e-01  -1.8892279e-01   1.1176807e-01  -2.0799747e-02  -1.6616641e-01  -1.8204303e-01  -9.2057394e-02   9.0025234e-02  -3.4351683e-02   1.3348688e-01   1.8950435e-01  -2.4107593e-02  -1.0360141e-01  -5.5435214e-03  -1.8999907e-01  -1.1782656e-01   2.7579141e-01   2.7572354e-01  -2.7577523e-01  -1.7461548e-01   2.3293182e-01   1.0658419e-01  -2.3554632e-01  -8.6891307e-02  -2.3392085e-03   1.7975246e-01  -1.3491504e-01  -9.3948259e-02  -1.8052124e-01   6.9165141e-02   5.4170229e-02  -1.8282758e-02  -3.5346739e-01   4.0765859e-02  -9.7694677e-02  -3.7674127e-02  -1.6559440e-01   6.6501174e-02   2.7573259e-01   1.6526060e-01   3.7498800e-03  -1.5622355e-01   4.0090886e-01   3.3140348e-02  -2.9893481e-03   1.0099367e-03   1.4432148e-01  -9.0712661e-02  -5.1731912e-03  -2.4664986e-01   1.4598941e-01  -1.9414107e-01  -1.6977913e-01  -5.6332153e-02  -2.3938995e-02   1.0210051e-01   1.0977146e-01   2.1341923e-01  -2.2774772e-01  -2.3415514e-01  -1.5132929e-01  -1.2162673e-01   1.1710556e-01   2.3992085e-01  -2.5136354e-01   1.5008609e-02  -7.7275332e-02  -1.1554450e-01   4.8544677e-02   2.1876572e-04  -8.1000381e-02  -8.5459851e-02  -1.9647332e-01   3.5968830e-02  -7.4599424e-02  -1.3511785e-01   5.5633084e-01  -9.7122055e-02   8.3122238e-02  -3.7850369e-02  -8.4907174e-02   4.2755169e-02  -1.6574794e-01   3.1341309e-02  -1.6678660e-02  -2.7260967e-01  -5.2724958e-02  -1.4269784e-01  -1.0195119e-01  -1.6984435e-01   4.3899870e-01  -1.4241688e-01  -2.7303819e-01   2.9635283e-01   2.1660332e-01   2.9724581e-02  -4.1724947e-02   1.6307185e-01  -2.4749732e-01  -7.8800529e-02  -1.1121420e-01   5.1659152e-01  -2.3093711e-01  -2.9757664e-02  -2.5633678e-02   2.7912101e-01  -2.6963797e-01  -9.2369960e-02  -9.9628401e-02   1.9051051e-01  -2.1057233e-01  -1.4885327e-02   3.7349404e-02  -1.0415965e-01  -5.3150777e-02  -1.8231483e-01   9.6247886e-03   1.4390730e-01   1.6864841e-02  -2.7813800e-01  -8.0704258e-02   2.1085319e-02  -6.8103838e-02  -1.0396147e-01
  -1.1773599e-01  -2.3479836e-01  -1.4901554e-01   0.0000000e+00  -3.1836438e-01   2.3228866e-01   1.0086992e-01   2.0388056e-01   3.4994636e-01   1.0143369e-01  -2.2451744e-02  -3.5822068e-02   1.1099992e-02   2.2680773e-01  -1.2985949e-01   1.0711053e-01  -2.3170220e-01   2.3287331e-01  -2.4235283e-01  -6.7813195e-02  -8.7849726e-02   4.9726938e-01   2.5650686e-02  -2.2886013e-01   1.6147860e-01  -1.1733399e-01   2.1776598e-01  -2.8510414e-01  -5.2812704e-02  -1.0785574e-01  -1.1422811e-01   5.6448086e-01   1.7436564e-01  -6.9363018e-02   2.1630187e-01   4.5210541e-02  -2.6677285e-01  -5.9873615e-02   9.1871861e-02  -1.6044332e-01   2.3929876e-01   1.9816311e-01  -1.5521318e-01  -8.8600283e-02   2.0339860e-01  -1.1767702e-01   1.5753487e-01  -3.1705683e-01   1.2292577e-02  -4.5689321e-02   1.9765592e-01  -9.5661427e-02  -2.5655817e-01  -8.0086338e-02   3.0982511e-01  -2.1053394e-01  -2.5998354e-01   5.1125782e-01   5.4469862e-01   2.5100135e-01   2.2037105e-01   3.5388118e-01  -7.9657274e-02  -2.5339766e-01   6.4477117e-02   1.4213529e-01   5.6423960e-02   2.8011508e-01   1.4469517e-01  -1.8442610e-01  -2.3772469e-01   5.8916899e-01  -9.7072358e-02  -7.5166279e-02   1.1537338e-01   4.7059193e-01   2.3281503e-01   1.5846048e-01  -4.5488134e-02   3.1038682e-01  -1.1323553e-01  -1.0301186e-01  -2.8933178e-01   8.3936750e-02  -2.6311184e-01   2.3167104e-01  -5.6331129e-02  -1.3640472e-01   8.7732268e-02  -2.2736246e-01   1.9248558e-01   8.3257522e-03  -2.5987840e-01   3.2280592e-01  -1.7177546e-02   4.8185042e-02   4.2675312e-01  -6.5300507e-02   4.8517468e-01  -2.6427553e-02  -3.2953075e-01  -5.7504045e-02   1.5839703e-01   9.8234708e-02   3.9475428e-01   6.8433201e-01   6.1221869e-02   2.2603046e-01   5.4459575e-02  -6.2440828e-02  -1.5574490e-01   2.1373031e-01   6.4507021e-01  -1.1151414e-01  -1.1035445e-01   7.0054995e-02  -2.1742338e-02  -4.4997883e-02  -3.0124084e-01   7.3499053e-01   3.0582783e-02   2.2581328e-01   6.1799347e-02  -2.7489070e-01  -2.3276383e-01   3.5350414e-01  -1.2479120e-01  -3.0167446e-02   6.1444656e-01  -3.1092008e-01  -1.3773150e-03  -1.8010698e-01  -7.6049078e-02  -4.1163007e-02   4.7629981e-01   4.1479725e-01   1.3984193e-01  -3.8727182e-01   2.2342039e-01   2.0468169e-02   1.3272202e-02  -2.2784232e-01   1.0538824e-01  -1.9240633e-01   9.3066129e-03   1.7694554e-01   1.8240697e-02  -2.6886395e-01  -3.0514285e-02  -9.3763327e-02  -3.0682931e-01   1.2225207e-01  -2.1586790e-01  -3.3902955e-02  -2.2757040e-01  -7.5044985e-02   2.0900242e-01   2.9424718e-01   6.5443953e-02   1.1757744e-01   1.9971885e-01   4.5627729e-02  -2.6115059e-02   5.5160457e-01   6.4156380e-01  -2.9249576e-02   1.2984595e-01  -2.0661198e-01   4.9895551e-04  -2.6864074e-01  -9.7928674e-04   1.0956302e-01   5.1784327e-01   1.5159645e-01   2.0427742e-01  -1.1881477e-02   5.7186297e-01
  -2.2909490e-01   5.6886116e-01   2.3607306e-01  -3.1836438e-01   0.0000000e+00  -8.6453355e-02   1.5854869e-02  -2.3296368e-01  -2.7658164e-01  -6.0881343e-02   8.9675317e-02   3.2301988e-01   2.6404189e-01  -2.5136494e-01  -5.3782961e-02  -4.7055065e-02   3.8817975e-01  -1.5092380e-01   6.3846804e-02   7.4898945e-01   1.0040832e-01  -4.0937246e-01  -3.8150526e-02  -1.9949499e-01  -8.0990092e-03   1.2163472e-01   2.4096473e-01  -2.0819041e-01   8.0212252e-02   5.0747321e-02   3.3610979e-01  -2.8329578e-01   3.9634407e-02   1.1277551e-02  -2.7772837e-01   5.9827064e-01   1.1530410e-01  -3.6112381e-01   2.8859049e-01   1.8659775e-01   7.8881979e-02   5.2087825e-02   1.3909196e-01   1.7535097e-01  -1.5798244e-01  -5.0143589e-01   1.4124417e-01   4.6032956e-01   1.5975471e-01   4.8247031e-01  -1.7820104e-01   4.9762686e-02   2.3304086e-01   2.9610899e-01   3.3156037e-02   2.4109623e-01   2.9034887e-03  -4.7601328e-01  -3.1567007e-01  -8.0560105e-02  -2.6986578e-01  -1.8589123e-01   1.6432520e-01   1.5262871e-01  -3.2394152e-02  -2.6802240e-01   1.7532567e-01  -2.3667759e-01  -1.1498609e-01  -3.1431280e-01   4.1214781e-01  -4.7140592e-01   2.6547435e-01   2.5904421e-01   8.5023477e-02  -2.7560070e-01  -3.6187855e-01  -3.5998272e-02   5.0601588e-01  -5.2942041e-02  -8.6850930e-02   1.5312321e-01   3.9380462e-01   6.7090256e-02   9.8685581e-02  -3.0764997e-01   3.2035447e-02  -1.4384583e-01   1.8011479e-01  -2.1038205e-01   1.7636704e-01   1.8676765e-01   3.4923686e-01   8.4155207e-02  -4.1422672e-01   2.8592884e-01  -2.2800770e-01   7.7622402e-02  -1.9071090e-01   3.4078975e-02   1.0929993e-01  -2.7813711e-01  -7.8648895e-03   2.4208293e-01  -5.8427606e-01  -3.1848496e-01   4.1508414e-02  -3.8661959e-02   1.1523742e-01   3.0647658e-01   3.2178160e-01  -3.9582901e-01  -3.0097295e-01  -4.6985400e-01  -1.4470169e-01   1.9678946e-01   1.1589473e-01   1.6570053e-01   1.5235219e-01  -3.5638399e-01  -3.0563446e-01   9.8629411e-02   2.4019099e-01   6.0127565e-02  -4.4393797e-01  -3.7180232e-01  -1.3264736e-02   3.4025822e-01  -3.7812874e-01   7.3715518e-02   3.5308871e-01   3.4162108e-01   3.6524882e-01   2.2949228e-01  -1.7089202e-01  -1.6879137e-01   2.1806136e-01   1.6347132e-01  -1.4838524e-01  -2.2901701e-01  -6.1501439e-02   1.8562084e-01  -4.1255405e-01   1.4838247e-01  -7.4302721e-03  -1.9556532e-01   1.1956619e-01   4.3697247e-01   8.0952881e-02   9.0008680e-03  -2.6104024e-02   1.3262468e-01  -1.7189067e-01   2.8041087e-01   4.2663554e-01  -3.8566248e-01  -2.7807300e-01  -7.0996767e-02   1.5857315e-01  -8.1603842e-02  -1.4225665e-01  -1.7656179e-01   1.5939954e-01  -4.3184803e-01  -3.8687376e-01   2.8811523e-01   5.1681985e-02  -5.0595108e-02  -3.8871616e-01   5.5835787e-01   2.7086609e-01  -3.3388955e-01  -3.2016674e-01  -1.5932186e-01  -2.6342355e-01  -4.1396208e-02  -3.5203213e-01
   2.9793524e-01  -4.8093510e-01   3.9801436e-02   2.3228866e-01  -8.6453355e-02   0.0000000e+00   4.1052448e-01   2.4974016e-01   3.1698848e-01   1.1552990e-01  -4.8372380e-03  -1.0134019e-01  -8.6286031e-02   1.9248066e-01   2.1791655e-01  -1.0808017e-01  -2.1576006e-02  -6.8636989e-04   7.2989502e-02   1.1599744e-01   3.6019718e-01   4.3082374e-01   3.5234048e-01   1.9774221e-01  -8.9568254e-02   6.2798947e-02   5.9277311e-01   3.7791383e-01  -3.4918628e-01  -6.2821681e-02  -2.5256913e-02   1.8160488e-01  -3.2363838e-01   5.5470223e-01   4.8964601e-01   1.1298327e-01  -1.0850666e-01   3.3772097e-02  -1.2309864e-01   2.6403626e-01   1.6698961e-01  -1.8636685e-01   8.2169344e-02  -1.1048944e-01   2.3769212e-01   5.1861575e-02   2.4225522e-01  -6.4865648e-02  -1.0125064e-01  -9.9564918e-02   5.3214303e-01   1.7341873e-01   7.4346734e-02   1.3021861e-02   3.8408216e-01   6.1925455e-02   3.0874031e-01   2.1855872e-01   3.1441345e-01   3.9657647e-01  -3.9564569e-02   3.1052068e-01  -1.3586465e-01  -8.7533716e-02  -5.2567364e-02   6.3406404e-01   7.6996216e-01  -6.9091190e-02   3.2116718e-01   3.9270897e-01  -2.9000587e-01   3.6560792e-01  -1.5542977e-01   2.7453449e-02  -2.2774665e-01  -1.5650119e-03   1.4905326e-01  -5.2626724e-02  -6.9739073e-02  -1.4083576e-01   3.2347905e-01  -2.3297964e-01  -4.2657467e-01   1.8740710e-01  -1.5993609e-01  -3.0562823e-02   2.4326037e-01   1.9381465e-01   9.8869405e-02   1.0158895e-02  -2.7358591e-01  -2.5310333e-01  -7.0022470e-02   5.2984602e-02   1.5708912e-02  -1.3251875e-01   2.5038424e-01   1.8208192e-01   2.7253551e-01  -5.8244512e-02  -4.0387436e-02   3.1506252e-01   2.5255414e-01  -1.7361327e-01   3.6567389e-01   1.6938116e-01  -1.2183160e-01   3.5252029e-01   1.0084884e-01  -4.6720372e-02  -1.0929731e-01   5.0910771e-01   3.1708116e-01   2.2923104e-01   3.7781683e-02  -3.1881996e-01  -4.8052617e-02   1.1747550e-01   1.0230461e-01   3.2338310e-01   2.4555423e-01  -7.7361904e-02  -1.7701332e-01  -1.0408406e-01  -2.0675314e-02   3.6820830e-01   1.7623362e-01  -3.2269841e-01   8.5472700e-02   2.9677847e-01  -1.6351261e-01  -1.3422482e-01  -4.7295729e-02   1.0106776e-01   2.5801791e-01   1.6287801e-02  -2.3754121e-01   1.4821926e-01   1.8982568e-01   1.3296284e-01   3.7047189e-01  -1.7762976e-01   2.7131090e-01   3.5884922e-01   1.8048398e-01   8.3942468e-02  -3.2539798e-02  -1.5471744e-01   3.9617790e-01  -2.3004712e-01  -8.7687157e-02   1.7559149e-01   1.5436052e-01  -1.4594397e-02   1.0561079e-02   8.9824389e-02   2.1385259e-01   3.2989329e-01  -2.0193893e-01   4.0444047e-01  -2.4122786e-02  -1.2008564e-01   2.8009435e-04   2.9264745e-01   4.0306285e-01  -3.5336694e-02   1.9199467e-01   2.3775570e-01   3.2682753e-01  -2.4646382e-01  -1.3848865e-01   1.8443202e-01   2.0712523e-01   6.3407131e-01   7.1431849e-02   1.2431715e-01   1.7230537e-01
   5.2034010e-02  -1.3755347e-02   5.6301995e-03   1.0086992e-01   1.5854869e-02   4.1052448e-01   0.0000000e+00  -1.8850447e-01   9.8795309e-02   4.4893782e-01  -2.2681495e-01   3.2672531e-01  -3.5101892e-01  -1.5874338e-01   5.2908884e-01  -1.4490211e-01   1.3645777e-01  -4.0578327e-01   1.4431005e-01   8.7728502e-02   1.4006608e-01  -2.0594356e-02   4.2872795e-01   6.5126517e-02  -2.5384929e-01  -1.0044740e-01   3.5917028e-01   2.3241317e-01  -2.6813054e-01   2.7291997e-01   1.8130548e-01  -1.0180078e-01  -3.0746519e-01   4.0950320e-01   2.1495227e-01   1.0230735e-01   2.3131494e-01  -7.8567562e-03  -1.6922900e-01   4.1830701e-01  -1.4701988e-01  -1.9652696e-01   3.4658311e-01  -2.7537065e-01   1.1955068e-01  -3.0772277e-03  -2.4536063e-01   3.9351333e-01  -2.3804105e-01  -2.8800868e-03   5.7209036e-02   5.4242852e-02   7.8110229e-02  -2.7267217e-01  -7.4068423e-02   9.6249085e-02   1.1345732e-01  -2.2196876e-01   1.2710312e-01   3.1810743e-02  -1.8560802e-01   5.4058192e-02   2.1896953e-02  -1.1915623e-01  -3.3849127e-04   3.5487233e-01   2.7320766e-01   4.3713420e-03  -2.5037836e-01   1.2241075e-01   2.9363584e-01   1.4880946e-02  -1.7122487e-01   9.1126861e-02  -2.5239484e-01  -5.4338505e-02  -1.0768940e-01   4.4899842e-03   1.2041945e-01  -1.2998071e-01   3.5812576e-01  -1.0477877e-01   2.8526048e-02  -5.4059292e-02  -1.4584389e-01   1.4014988e-03  -5.9517009e-02  -2.8889947e-02  -1.4105565e-01  -6.2277490e-02  -2.6875089e-01  -1.9999420e-01   3.8092163e-01   1.1171776e-01  -9.2482556e-04   7.1799457e-02  -8.3365517e-02   5.5543953e-02   7.5255224e-02   4.5826967e-01  -8.7038783e-02   1.1660578e-01   1.9137102e-01  -7.2910338e-02  -8.0742473e-02  -5.1854605e-02  -1.2164672e-01  -1.2207850e-01   4.0321674e-01  -2.2259144e-01   3.2120536e-01   9.0077168e-02  -5.1109015e-02   5.4476450e-02   1.5615355e-01  -1.4024636e-01  -4.4069160e-02  -2.0334890e-01   7.9159221e-02   3.7656631e-02   6.4933721e-02   8.1168083e-02  -2.3768038e-01   1.2864781e-01  -8.2451509e-02   1.9763736e-02   2.2406632e-01  -2.8810484e-01  -1.1509054e-01   2.5064677e-01  -3.7489844e-01   3.0223151e-01   4.3893554e-02   1.2106364e-02   1.9773709e-01  -2.2196125e-02  -2.4264955e-01   2.4771635e-01  -2.7089161e-02  -5.0079307e-02   4.8045002e-02  -3.7603002e-01  -9.9144625e-02   3.3519448e-01   3.9273399e-01  -9.9996338e-02   6.3787309e-01  -4.1116955e-02   1.2479477e-01   3.0628807e-01  -5.6025266e-02   8.1806397e-02  -1.0162095e-01  -7.3504760e-02   2.3987428e-01  -8.0707323e-02  -4.9721813e-02   1.7160117e-01  -2.0429833e-01   1.1803075e-01  -1.3671719e-01  -2.7914533e-01   2.3402409e-01   5.5408076e-02  -2.8099885e-02   1.3157107e-01   4.6640395e-01   6.0211019e-02  -1.3136971e-01   8.9880975e-02  -1.4439849e-01   6.5710120e-02  -2.8245986e-02  -4.6263742e-03  -4.0366659e-02   5.6235383e-02   1.4925238e-02
   1.2773895e-01  -2.9606955e-01  -1.5429132e-01   2.0388056e-01  -2.3296368e-01   2.4974016e-01  -1.8850447e-01   0.0000000e+00   4.1490803e-01  -2.1416192e-01   2.0725817e-01  -1.8591406e-01   4.0376523e-02   4.7077475e-01  -3.4285120e-02   1.7032288e-02  -2.2963835e-01   3.4958535e-01   1.3481443e-01  -1.0308278e-01  -5.7118496e-02   3.1004561e-01  -2.2010450e-01   2.1537234e-01   5.8936428e-02   4.2247609e-01   1.0826402e-03   2.7761400e-01   1.1376603e-01   1.4547968e-02  -1.9408955e-01   5.0142206e-01  -8.3322427e-02   1.1823142e-01   2.6439427e-01  -8.0390210e-03  -5.4242861e-02   9.5629276e-02  -1.5652460e-01  -1.8578551e-01   3.2972971e-02   5.1638113e-02   2.1536113e-01   1.0972761e-01   3.4638633e-01   1.6462778e-01   2.2422094e-01  -3.0400960e-01  -1.3946714e-01  -2.4006740e-01   3.1542155e-01   5.3210952e-01  -4.4196317e-02   8.3684949e-02   2.7695447e-01  -1.9073323e-01   3.9310660e-01   4.3308955e-01   2.9844598e-01   3.0734727e-01   2.2983857e-01   2.2263572e-01   2.0439821e-01   8.9101089e-02   1.9913390e-01   4.5370199e-02   2.5713953e-01   1.6819800e-01   3.9913746e-01   5.1313874e-02  -4.4398713e-01   3.1917127e-01  -1.2961428e-01  -3.3184110e-01  -8.1742283e-02   2.7605397e-01   2.2101584e-01   1.2163377e-02  -1.5141066e-02  -1.3062995e-01   1.2652317e-01  -2.7121923e-01  -3.9691398e-01   7.3280778e-01  -1.7306567e-01   2.5048035e-01   4.1882041e-02   3.1207583e-01   1.7831313e-01   8.3128485e-03  -1.7424425e-02  -2.1358541e-01  -3.9074774e-01   2.3254031e-01   1.2287131e-01  -9.7359508e-02   3.0246373e-01   2.0236265e-01   2.7107717e-01  -1.5370229e-01  -3.0829840e-01   3.8275028e-01   7.4662597e-02   7.5101979e-02   5.1304873e-01   5.6232488e-01  -7.6561711e-02   6.0987771e-01  -1.5758638e-01  -1.5940875e-01  -4.7122246e-01   2.7355598e-01   3.8159387e-01   1.7327951e-01  -3.0839958e-01  -1.6199197e-01   1.1224064e-02   1.8600586e-01  -3.5949606e-01   2.5862127e-01   3.3993144e-01  -8.8323664e-02   2.3556436e-01  -1.7310739e-01   1.6526049e-01   4.1491918e-01   4.2507012e-02  -9.9586229e-02   4.0863818e-01  -2.4644589e-01  -5.0666964e-02  -2.6072429e-01  -2.1030584e-01  -5.0095766e-02   2.8450145e-01   5.2266843e-01  -1.7177545e-01   8.4572198e-03   5.8549969e-01   1.2327033e-01   2.1308648e-01   4.4637145e-02   2.2009576e-01  -3.5883349e-01  -1.4452849e-01   2.4084277e-01  -4.7843154e-01  -9.3615948e-02   8.9978228e-02  -2.2117238e-01  -1.9894529e-01   3.8950389e-01   3.3818088e-01   3.5317635e-02  -2.6909700e-01   1.0727732e-01   4.0048156e-01   1.1943864e-01  -4.9786004e-02   1.4667457e-01   2.9678710e-01   1.9980587e-01  -3.3028473e-01   4.7638941e-01   4.6520431e-01   2.2103825e-02  -1.2660133e-01   2.5523949e-01   5.0936432e-01  -3.8826765e-01   6.5319573e-02   1.1541665e-01   4.0848579e-01   4.1278695e-01   2.0464635e-01   8.1215980e-02   2.5798310e-01
   6.4914134e-02  -3.0732894e-01  -9.5439252e-02   3.4994636e-01  -2.7658164e-01   3.1698848e-01   9.8795309e-02   4.1490803e-01   0.0000000e+00  -6.8444839e-02   1.8739078e-01  -4.5539766e-02  -1.2060118e-01   4.1705693e-01   1.0553023e-01  -1.2811525e-01  -2.0546122e-01   3.5540279e-01  -2.6939582e-02  -1.2715523e-01  -1.3454645e-01   5.0659305e-01  -3.5188284e-02   2.0361449e-01   1.9812304e-02  -8.0082466e-03   2.1393230e-01   1.9181492e-01  -4.1731832e-02   2.3929612e-01  -3.0958034e-02   3.7402443e-01  -2.0347683e-01   1.6357667e-01   2.6387219e-01  -6.4631829e-03  -8.9848933e-02  -9.9140259e-03  -1.3924928e-01  -7.6291849e-02   1.6817773e-01   8.2998513e-02   3.5553859e-01  -5.8195030e-02   3.8586530e-01  -2.6323743e-02   1.7656414e-01  -2.4543664e-01  -2.4857430e-01  -1.8149952e-01   3.9749227e-01   7.3760638e-02  -8.5387400e-02  -8.0242383e-02   2.9414658e-01  -1.0462566e-01   1.9180922e-01   3.4059938e-01   4.2270883e-01   3.7218353e-01   1.0397934e-01   2.1470005e-01   3.1677205e-01   2.8561527e-01   2.3836404e-01   9.5643947e-02   3.2582440e-01   4.4569430e-02   2.1293831e-01   7.2020713e-02  -2.5193169e-01   4.3980329e-01  -5.4539836e-02  -2.1069158e-01  -7.7634560e-02   2.0055181e-01   2.0805902e-01  -6.8587552e-02  -6.3121249e-02  -1.0583347e-01   2.8473644e-01  -2.2644303e-01  -4.0920960e-01   3.4533987e-01  -2.9515076e-01   1.9541601e-01   2.2193364e-01   3.2658988e-01   9.5122793e-02  -9.6549498e-02  -1.4303187e-01  -3.6218677e-01  -3.5977906e-01   4.5502688e-01  -9.3704387e-02  -1.3284056e-01   2.7901373e-01   1.6763312e-01   3.0609637e-01   3.0342199e-02  -2.1932578e-01   3.8920987e-01   1.5882300e-01   2.9324119e-01   4.6672615e-01   5.3980920e-01  -2.2035379e-01   3.4634817e-01  -5.0512159e-02  -2.8499342e-01  -2.8067390e-01   3.0285566e-01   3.9778240e-01   2.0367529e-02  -7.1760403e-02  -1.0973037e-01   1.9952845e-02   1.1202286e-01  -2.5623755e-01   3.6683645e-01   2.2809674e-01  -6.6550497e-02   2.2265772e-02  -1.3742122e-01  -4.5968608e-02   5.3809305e-01   8.9885728e-02  -3.3067293e-01   3.8718013e-01  -1.7646025e-01  -1.6977330e-01  -1.8793831e-01  -1.6808037e-01  -1.1303897e-01   4.5808225e-01   4.3532581e-01  -2.7764391e-01   1.1754157e-01   4.7669453e-01  -4.4171702e-02   1.6818430e-01  -6.2589917e-02   1.7012618e-01  -1.1950741e-01   4.7921415e-02   3.5713671e-01  -1.3432611e-01  -1.1873075e-01   5.4006118e-02  -8.2783968e-02  -1.7245801e-01   4.0738113e-01   2.2457227e-01  -1.4162647e-01  -7.6638099e-02  -2.1168416e-02   3.0787431e-01   3.3698550e-01  -1.2504163e-01   2.9551976e-01   1.2268981e-01   2.7688333e-01  -2.2860438e-01   6.2962231e-01   3.4699637e-01  -2.8606626e-02   6.8389515e-02   2.5874626e-01   2.0034741e-01  -4.8116991e-01  -1.9707232e-01  -5.3007068e-02   4.3002466e-01   3.3748860e-01   5.9802384e-02  -4.2964247e-02   4.6294637e-01
  -3.0565080e-01   1.8111459e-01   1.8542171e-01   1.0143369e-01  -6.0881343e-02   1.1552990e-01   4.4893782e-01  -2.1416192e-01  -6.8444839e-02   0.0000000e+00  -2.7026347e-01   4.1725309e-01  -1.6454667e-01  -2.5462549e-01   6.2631328e-02  -7.1062810e-02   2.7639945e-01  -2.4229229e-01   4.1032356e-03   1.5368087e-01  -2.9074453e-02  -3.7624682e-02   1.6837382e-01  -1.9331892e-01  -9.9320275e-02  -9.6994909e-02   1.2257668e-01  -1.4779471e-02   8.2291746e-02  -8.8749056e-03  -2.0284266e-01  -3.5249479e-02  -2.3730130e-01   2.4851142e-01  -1.8880536e-02   1.6986993e-01   1.0278925e-01  -1.2374049e-01  -1.0428111e-01   2.5449610e-01  -1.5099762e-01   8.7951780e-02   1.2595963e-01  -2.8263764e-01   6.2923033e-03   2.0677287e-02  -2.4816674e-01   1.5629889e-01  -2.5482597e-01   2.2980505e-01  -7.2342491e-02  -1.5540210e-01  -1.7001912e-01  -2.6353537e-01  -2.2184191e-01  -6.2496916e-02  -9.3461072e-04  -1.0179630e-01  -2.6954682e-02   7.2851395e-02  -5.3757640e-02   1.3231191e-01  -5.0280714e-03  -3.2319373e-01   6.4279678e-02   2.1252925e-01  -9.9906622e-02   1.3818503e-01  -3.0898798e-01  -6.0604441e-02   2.2945107e-01  -3.9339902e-02  -1.7123681e-01   6.3506236e-02  -1.1722810e-01  -1.1679054e-01  -4.5012405e-02   1.8583275e-01   2.2216893e-01  -8.6498184e-02  -3.7829816e-02   3.9350051e-02   1.2693798e-01  -1.0852742e-01  -3.5685681e-01  -1.7413060e-01  -1.2874047e-01  -1.9620042e-01  -2.3904045e-01  -2.9457584e-01   1.9026865e-01  -2.3784901e-04   4.5338241e-01   1.0086415e-01  -6.9908981e-02   4.0831952e-01   3.1856117e-02  -9.3104245e-02   9.6952471e-02   8.3794839e-01  -3.9057113e-01  -1.5790141e-01  -1.8912733e-01  -9.0185946e-03  -9.6726822e-02  -3.9757933e-03  -6.0943559e-02  -1.8668764e-01   7.0328326e-01  -2.3530587e-01   4.1211939e-01  -1.7181774e-01  -1.1343637e-01  -1.6419701e-01  -1.6396479e-01  -9.3002395e-02  -4.4606730e-02  -2.1512874e-01  -1.7157856e-01  -1.0145410e-01   8.7480770e-02   4.4564888e-01  -4.5360513e-02   9.4296894e-02  -5.4497815e-02   5.9734081e-02   8.0065180e-02  -1.6685274e-01   4.1221339e-02   1.2330135e-01  -1.9632564e-01   2.4173971e-01   6.8256162e-03  -4.3111798e-02   8.9303257e-02  -1.8355212e-01  -2.1652514e-01  -4.0801711e-02  -2.3747464e-01  -6.2461192e-02  -1.5266366e-01  -2.0706203e-01  -1.7930977e-01   1.5006309e-01  -1.7557872e-02  -2.2860894e-01   5.1537496e-01   1.7495651e-01   1.5256678e-01   5.8104815e-01  -2.3672365e-01  -1.5928382e-01  -1.8680295e-01  -1.7249010e-01   2.9751427e-01  -2.1757031e-01   1.6615747e-01  -1.0168347e-01   1.0068450e-01  -1.8736459e-01   7.8972277e-02  -2.5832120e-01   4.7276960e-01  -3.0355183e-02  -1.1962017e-02  -9.4308859e-02   2.8655743e-01  -2.9046991e-03  -2.2503685e-01   8.0259809e-02   1.9821950e-01   4.5835112e-02  -4.5178176e-02  -7.7880027e-02   2.4898264e-02   1.5036726e-02   1.5441100e-01
   3.2620357e-02  -2.1115969e-01  -6.7531763e-02  -2.2451744e-02   8.9675317e-02  -4.8372380e-03  -2.2681495e-01   2.0725817e-01   1.8739078e-01  -2.7026347e-01   0.0000000e+00  -1.1771547e-01   2.4592186e-01   2.5675483e-01   1.7961895e-01   1.0996693e-01  -2.7765707e-01   4.5119973e-01  -1.1422739e-01   2.1964002e-01   1.4145656e-01   1.1333681e-01   2.2031663e-01   3.1267341e-02  -9.2942717e-02   1.0266791e-01   7.8860380e-02  -3.2089451e-02   1.0425011e-01   2.2198686e-01   2.0208966e-01   1.9106987e-02  -1.1582196e-02   3.1621446e-01   1.6090585e-01   4.0988634e-01  -2.7674876e-02  -1.5538550e-01   1.1964176e-01  -2.7449570e-02   7.4628749e-02  -8.2948649e-02  -2.0811878e-02   4.2314118e-01   3.1154114e-01  -1.8229590e-01   6.5327347e-01  -5.3181231e-02   5.1496026e-02   4.5619134e-02   3.9342232e-01   2.4213510e-02   2.3785176e-01   7.8948629e-02   1.3473149e-01   2.9138120e-01   4.2577335e-02   2.3509262e-02   2.6321721e-02   1.8772607e-01   6.7589199e-02   1.9807486e-01   1.3903530e-01   3.8198484e-01   1.3669861e-01  -1.8347624e-02   1.0796764e-01   1.9940173e-02   5.5816913e-01  -8.1256612e-02  -2.9269048e-01   6.5832032e-02   2.7508470e-01  -1.9121262e-01   1.3603077e-02  -1.1249844e-01   2.5742684e-02  -2.4650041e-03   2.4957278e-01   3.4111800e-02   2.9422121e-01   1.0517388e-01  -7.1104524e-02   2.2780354e-01   4.6128594e-02  -8.4563824e-02   6.4935309e-02   9.5982538e-02   2.2951481e-01  -9.8782220e-02  -2.2210996e-01  -5.6703456e-02  -1.3931251e-01  -5.6525984e-02  -1.5952743e-01  -2.1392356e-01   3.2272201e-02   7.2785675e-02   2.0314128e-01  -2.9275272e-01   8.2494285e-02   4.5062943e-01   2.3186470e-01   5.3486198e-02   8.3387764e-02  -2.8536592e-02  -2.5982909e-02   2.8218084e-01  -1.9700971e-01   2.6043787e-01  -1.3293077e-01   3.6937759e-01   1.6130450e-01  -9.6040837e-02   2.2903296e-02   1.5880254e-01   1.1685978e-01   3.6162321e-01   1.3362830e-02  -8.8879452e-02   1.1413904e-01  -1.5442860e-01  -8.5555745e-03   1.3437157e-01  -2.0127715e-01   1.5254027e-01   3.5833465e-01  -1.3677896e-01  -1.1043703e-01  -1.4458306e-01   1.9346425e-01   3.5114662e-01  -2.6599977e-01   4.0775363e-01  -1.9286291e-01   5.5460660e-02  -8.5806278e-03   1.9194178e-01   6.4363708e-02  -1.4482192e-01   5.1744470e-02   9.7326341e-04   3.3650132e-01  -1.1182925e-01   3.2460651e-01   3.1405403e-01  -3.1117684e-01   1.6621270e-01   3.6406568e-01  -2.0792107e-01   5.1816290e-02   1.5161295e-01   2.7894942e-01   3.8076661e-01  -1.1839429e-01  -8.3813943e-02   1.2092843e-01   1.1006906e-01  -8.8660484e-02   3.3355002e-01   7.9432639e-02   4.4472801e-01  -3.9187868e-01   1.2902413e-01   9.8015809e-02   3.4638758e-01   2.0788368e-01   1.0037237e-01   9.2877041e-02  -1.4268448e-01   1.0894311e-01  -1.5345389e-01   3.5135181e-01   4.9922658e-02  -2.1862767e-01  -1.1611657e-01  -2.0242821e-02
  -2.6386240e-01   6.1040957e-01   2.2785869e-01  -3.5822068e-02   3.2301988e-01  -1.0134019e-01   3.2672531e-01  -1.8591406e-01  -4.5539766e-02   4.1725309e-01  -1.1771547e-01   0.0000000e+00  -1.8019354e-01  -1.9441105e-01   1.0480484e-02  -2.5023083e-01   3.7839871e-01  -3.8376623e-01   1.4113781e-01   3.0983381e-01  -3.2824205e-01  -4.0864806e-01  -1.6880378e-01  -2.0183641e-01   8.7688082e-02  -1.8966088e-02  -4.1230923e-02  -1.0935084e-01   1.0246907e-01   3.5529411e-01   4.8888195e-02  -2.7397460e-01  -1.7275465e-01   4.2988256e-02  -3.5158175e-01   1.7584593e-01   3.0734113e-01  -2.7418538e-01  -6.1878283e-02   2.0057729e-01  -1.6887383e-01   1.5911557e-01   4.2137044e-01  -7.0595599e-02  -1.7480040e-01  -2.6546546e-01  -3.3251774e-01   3.8803379e-01  -3.2347497e-01   3.7737059e-01  -3.5951452e-01  -5.7380238e-02   1.6068894e-01  -2.0109575e-01  -2.6972119e-01  -2.4653088e-02   4.4264352e-02  -3.6529989e-01  -1.8461504e-01  -9.8877449e-03  -1.7591768e-01  -9.7987445e-02   4.3634976e-01   8.3841956e-02  -1.4632835e-02  -2.8070103e-01  -1.1082043e-01   9.1630867e-03  -4.5291951e-01  -2.7325727e-01   4.0068966e-01  -4.2445294e-01   1.1960257e-02   8.3524699e-02  -1.6647971e-01   1.3291204e-02  -2.3029229e-01   1.9962805e-01   5.7198393e-01  -7.9926996e-02  -1.7276896e-01   4.3653386e-02   3.0424506e-01  -8.4257215e-02  -3.9718879e-01  -2.5566138e-02  -1.0465551e-01  -1.4852474e-01   2.5836971e-01  -3.5168912e-01   4.2736872e-01  -2.7836353e-02   6.5160926e-01  -4.4711763e-02  -3.5313769e-01   5.0827402e-01  -1.2083131e-01   2.7058759e-01  -2.9697488e-02   5.1026979e-01  -4.2879063e-01  -8.2907303e-02  -3.0942099e-01   4.0751807e-01  -4.0806144e-01  -8.7900028e-02  -1.8542242e-01  -6.1046518e-02   1.1630740e-01  -3.6589372e-04   6.4149290e-01  -4.6816283e-01  -1.1877312e-01  -3.2012666e-01  -2.8494824e-01   3.1872306e-01   1.7814933e-01  -5.9020218e-02  -3.1766232e-01  -2.8291017e-01  -3.6309035e-02   6.3070715e-01   4.3858489e-01   1.8743624e-01  -3.6056951e-01  -1.0628028e-01   1.1931659e-02   4.4144921e-03  -1.8906768e-01  -2.3287835e-02  -8.7307758e-02   4.7619652e-01  -1.2416738e-02  -1.7721652e-02   1.4761552e-01  -1.4198329e-02  -1.0449035e-01   3.2260650e-02  -1.3410841e-01  -1.9026722e-01  -2.7905563e-01  -1.1924693e-01  -1.6963093e-01   4.4071931e-02   1.0190257e-01  -1.2039790e-01   4.8220002e-01   5.2756894e-01   8.0910806e-02   2.5582448e-01  -2.3924084e-01  -1.2105300e-01  -2.0237861e-01   6.5846186e-02   7.3593844e-01  -2.8700027e-01  -1.0115874e-01  -1.6918649e-01   3.0419546e-01  -3.7590733e-01  -2.4780208e-02   9.7093277e-02   3.7811333e-01  -2.5118120e-01  -2.8857999e-01   3.3486470e-01   1.0618353e-01  -3.5858765e-02  -2.6503881e-01   2.4451980e-01   5.8666452e-01  -1.3413864e-01  -3.5410075e-01  -7.5649499e-02  -1.0552535e-01   7.1836680e-03  -9.1704092e-02
  -1.3649671e-01  -6.8385104e-02  -1.4742420e-01   1.1099992e-02   2.6404189e-01  -8.6286031e-02  -3.5101892e-01   4.0376523e-02  -1.2060118e-01  -1.6454667e-01   2.4592186e-01  -1.8019354e-01   0.0000000e+00   2.4708667e-02  -1.9279194e-01   4.3273978e-01  -1.2626059e-01   3.9899232e-01  -2.3323868e-01   3.7143109e-01   1.1346474e-01   8.8857444e-02  -6.2145722e-02  -1.7165709e-01   1.2549915e-01   4.0660536e-02  -1.1866253e-01  -1.3266247e-01   1.9255796e-01  -3.6138950e-01  -7.4964030e-02   1.9291049e-02  -4.5872221e-03  -3.1365236e-02   8.4124857e-02   3.8875202e-01  -1.4505174e-01  -1.5894282e-01   5.3095025e-01  -3.1493836e-01   6.4748577e-01   1.6065611e-02  -1.9889887e-01  -5.5967649e-02   1.5979682e-01  -1.4448944e-01   4.5791211e-01  -1.4836565e-01   8.2129244e-02   1.1177419e-01   2.1129275e-01  -1.1845596e-01  -1.1108573e-01   1.0533664e-01   5.3211812e-02  -9.0041223e-02  -1.4806896e-01   3.9702010e-02   1.9973955e-01   1.7417815e-01  -8.3209284e-02   7.9741218e-02  -1.6585395e-01  -1.0253031e-01   5.4243591e-02   1.6671609e-04  -7.5853511e-02  -7.7610045e-02   1.2893299e-01  -3.0697716e-01  -2.5787536e-01   6.1772576e-02   4.8507707e-01  -5.8871620e-02   1.8714687e-01  -1.4892272e-01  -6.0009984e-03  -1.9574775e-01   1.7537101e-01   2.0675123e-01  -2.1668342e-01   4.6643553e-01  -1.2597544e-01  -1.1355470e-03  -5.5300089e-02  -2.3067793e-01  -2.0539366e-01  -1.3303861e-01   1.7300794e-01  -1.4966622e-01   1.2906785e-01   1.4010177e-02  -1.3766393e-01   1.1650479e-01  -1.2554963e-01  -6.5193631e-02   2.9051920e-02  -2.4397949e-01   6.0556308e-03  -1.8098878e-01  -5.1900426e-02  -2.0915008e-01  -1.8580970e-02   7.9231494e-02   2.3434150e-02   6.9812200e-03  -7.9869995e-02   2.1123513e-02  -3.4087121e-02   1.6213150e-01  -2.0023250e-01  -1.0609434e-02  -6.9360191e-03  -8.8926789e-02  -1.7850082e-01  -9.2671488e-02  -2.5652885e-01   6.4020902e-01   3.9950762e-02   3.9278235e-02  -1.3754571e-01  -2.0606410e-02   5.1993805e-02  -8.9943242e-02  -1.5605932e-01  -8.0366849e-02  -6.1906583e-02   2.2989754e-01   1.1283146e-01  -2.3253455e-01   7.5410634e-01  -1.1371625e-01   1.0849898e-02   2.3895760e-01  -1.4609984e-01  -1.0309332e-01   2.4291628e-01  -1.5372917e-01  -6.0097254e-02   8.9046197e-02  -8.4952770e-04   3.8977728e-01  -1.1350661e-01  -1.3038568e-01  -1.9516982e-01  -1.2810130e-01  -3.0948025e-01   1.2771767e-01   7.9098838e-02  -1.8546948e-01  -2.4399286e-01  -2.3587021e-02  -8.8200926e-02   5.6203739e-02  -2.2827711e-01  -3.9790367e-02  -3.1730745e-03   2.1966348e-01  -4.9196219e-03  -1.0394358e-02   1.1782193e-01  -1.1150912e-01  -1.5635714e-01   1.9749338e-01   2.4011361e-02  -4.3544390e-02  -8.1878681e-02   1.0130389e-01   1.8349390e-02  -1.9612415e-03   1.6386391e-01  -3.3745847e-02   1.3778669e-01   1.0852813e-01  -9.5617517e-03  -4.2474652e-02  -6.6310559e-02
   3.8578334e-01  -3.6670762e-01  -3.9439401e-01   2.2680773e-01  -2.5136494e-01   1.9248066e-01  -1.5874338e-01   4.7077475e-01   4.1705693e-01  -2.5462549e-01   2.5675483e-01  -1.9441105e-01   2.4708667e-02   0.0000000e+00   1.6863197e-02   1.9050606e-02  -4.0142547e-01   3.0509290e-01  -2.3094732e-01  -1.7935748e-01  -7.9091310e-02   4.2062534e-01  -1.3776466e-01   2.3293051e-01   8.5636928e-02  -1.2545263e-01  -7.8028987e-02   1.8678079e-01  -2.3120577e-01   8.7798080e-03  -6.9601411e-02   2.0388202e-01  -1.6888812e-02  -7.9112078e-03   2.6217457e-01  -1.6073855e-01  -1.8016442e-01   1.9163639e-01   6.7039375e-03  -2.1484036e-01  -1.6416303e-03  -1.5291757e-01  -1.0619979e-01   5.3489006e-02   1.7890140e-01   2.5338743e-01   1.7646549e-01  -2.9408095e-01  -8.2841318e-02  -2.7798603e-01   2.6768445e-01   5.1968688e-02  -7.9319286e-03  -1.6375279e-01   2.9741193e-01  -1.7216237e-01   1.3724091e-01   3.0511773e-01   3.2308368e-01   2.7767836e-01   2.4310194e-01   1.6074157e-01   8.0704902e-02   7.6846209e-03   6.1342489e-02   1.1579822e-02   2.4279617e-01   9.7016660e-02   3.3316054e-01   1.2277869e-01  -4.2489637e-01   3.5993859e-01  -2.1845656e-03  -2.9068417e-01  -1.9213129e-01   2.2825578e-01   3.9769544e-01   4.9586146e-02  -1.3098945e-01   2.3116838e-03   5.6584169e-02  -3.0895783e-02  -3.5257835e-01   2.6539650e-01  -2.0089101e-01   2.2312156e-01  -5.0062337e-03   2.6124521e-01   1.6150380e-01   2.0700327e-01   1.8403333e-02  -7.1148175e-02  -3.7809051e-01   1.2752717e-01   2.5190768e-01  -1.3376214e-01   6.3916397e-02  -4.3474902e-03   2.3693700e-01  -3.0335432e-01  -1.1763637e-01   1.8626733e-01   1.3810917e-01   1.7210033e-01   3.1004721e-01   3.8381260e-01  -2.3586368e-02   3.4300521e-01  -2.7046152e-01   1.1325777e-02  -4.3499016e-01   3.2668270e-01   3.3475308e-01   3.9484279e-01  -8.5802893e-02   1.2064772e-02  -5.9924982e-02   1.6435053e-01  -2.0082563e-01   2.8333250e-01   2.4803579e-01   5.7703712e-02  -3.7996243e-02  -1.7673194e-01   1.2304648e-01   4.8964418e-01  -6.2662823e-02   5.4232586e-02   2.6436306e-01  -1.9876509e-01  -1.3625745e-01  -2.1578002e-01  -1.5875845e-01   5.6925305e-02   1.7402646e-01   3.0216673e-01  -1.8933821e-01  -7.9154454e-03   4.1806411e-01   3.2244550e-01   3.4956723e-01   3.8264967e-02   3.3980493e-01  -2.6881437e-01  -6.0502582e-02   2.5095577e-01  -4.0028691e-01  -2.0137449e-01   9.8705555e-02  -2.1004931e-01  -2.2770944e-01   1.5137247e-01   2.7206454e-01   7.5832733e-02  -2.1880358e-01   2.5705556e-01   3.6636937e-01   2.4630426e-01  -1.4239950e-01   2.6823758e-01   1.2476299e-01   3.1657639e-01  -1.7613389e-01   4.5350353e-01   3.1114503e-01  -3.1875917e-02   1.1547904e-01   2.7441809e-01   3.2527859e-01  -2.9476550e-01  -1.4081811e-01   8.2779779e-02   4.1619778e-01   3.0404977e-01  -2.8928380e-03   6.1786530e-02   3.6520757e-01
