   0.0000000e+00   3.9130901e-01  -1.2798524e-01  -1.1063445e-01  -4.1773168e-01  -2.6619452e-01  -2.4871286e-01   2.8205721e-02   3.0524375e-01  -1.2491486e-01  -3.6598369e-01   6.3932528e-02  -5.0295287e-02   4.0322453e-01  -1.6193494e-01   2.8773447e-02  -2.6448495e-02  -1.8694240e-01  -1.0327691e-01  -4.0506070e-01  -2.9750148e-02   8.7468566e-02  -1.4257928e-01   6.9588173e-01   2.3200220e-01   2.6247674e-02  -3.9707797e-01   1.8420487e-01   5.6263978e-02  -1.4187749e-02  -6.1523269e-02  -2.7517760e-01   7.4992302e-02  -3.8677603e-01  -2.7526257e-03  -5.1545875e-01   1.5779980e-01   3.0685842e-01   2.0560236e-02  -2.0707372e-01  -1.2320785e-01   1.8106577e-01   4.4606340e-02  -2.6832924e-01  -2.5845779e-01   3.7115203e-01  -3.3128931e-01  -1.0539665e-02  -3.1737711e-01  -5.8373741e-02  -3.3416375e-01  -1.2569467e-01  -2.7547688e-01   1.5787251e-01   4.5654882e-01  -3.0156146e-01  -5.1256268e-02  -7.6899667e-02  -1.3708824e-01   6.3925470e-02  -4.3508701e-02  -2.0350939e-01   3.0805746e-01  -1.8338005e-01  -9.9818476e-02  -3.1641236e-01  -2.8561115e-01   4.4787305e-01  -2.8269844e-01   2.0208529e-01   1.8766773e-02  -3.0550464e-01  -1.0282871e-01   6.3025650e-01   1.6080395e-01  -4.3339765e-01   1.8370211e-01  -2.4472588e-01  -3.0160364e-01  -7.6162899e-02  -1.1905707e-01  -1.0191880e-01  -9.9556707e-02   2.9676457e-03   4.3093433e-01  -4.6521367e-01   1.7302811e-01   6.6689507e-01   3.6474251e-01   7.2536928e-01  -5.0901429e-01  -7.7968183e-02  -3.4703417e-01  -2.9809962e-02   2.8230059e-01  -1.4936346e-01  -1.1084303e-03  -1.3700043e-01  -3.0639004e-01  -1.9624395e-01   1.6478080e-01  -2.7142589e-01   1.9780069e-02   3.3056676e-01  -2.6794859e-01  -1.6941580e-01   7.1056921e-02  -1.5563659e-01   1.3277287e-01  -2.2805780e-01  -3.1688366e-01  -9.4690975e-02   1.7167318e-01   3.2971514e-01   7.2836260e-02  -2.8743732e-01  -8.3263712e-02   1.3023085e-02   1.9808220e-01  -2.2864156e-01   2.7579024e-01  -1.4015334e-01   2.9535946e-01   5.0686513e-02   5.8040371e-01   3.2288783e-01  -2.3857200e-01   2.1868076e-01  -6.6746731e-02   9.7297282e-02  -4.0403039e-02  -4.6728779e-01   5.7952964e-01   1.8314546e-02  -5.7685763e-02  -4.6217698e-01  -2.2171174e-01   4.7303713e-02  -4.8749155e-01   1.9634206e-01   6.0639191e-01  -1.3212642e-01  -4.2621836e-01   2.6278805e-01  -1.9427656e-02  -1.3691448e-01   1.7780277e-02  -3.7789923e-01  -3.0745233e-01   9.2825226e-02   3.9552858e-01   6.4164300e-02   1.8327408e-01  -5.3393149e-01   1.2666425e-01   5.9650490e-01   4.0458549e-01  -2.4478292e-01  -1.3842675e-01  -4.7861069e-02   1.2140272e-02  -4.1086537e-01  -1.5900528e-01  -2.3107766e-01  -9.3186068e-02  -1.4432558e-01  -5.2101036e-01   2.9029566e-01   2.0521676e-01  -4.8681933e-01  -3.0537730e-01   5.1101489e-01  -2.5557239e-01  -1.0173637e-01   4.2970131e-02  -6.3635608e-02  -7.1652831e-02
   3.9130901e-01   0.0000000e+00  -9.1045125e-02   2.1060147e-02  -1.4979952e-01  -2.0363902e-01  -7.9704235e-02   4.5914600e-02   5.9287019e-01  -7.4156240e-02  -2.9134630e-01   6.0238330e-01  -1.2286552e-01   2.0548849e-01   2.4607128e-01   5.4673985e-02  -2.0910964e-01  -2.9142350e-01  -6.4350104e-02  -1.8911163e-01  -4.2457017e-01   1.5198375e-01  -4.5913695e-01   9.0586339e-02   1.4132467e-01  -2.7748251e-02  -1.8869809e-01  -7.8499659e-02   2.7849042e-01   1.4914194e-01   1.1011031e-01  -7.8772639e-02   2.5193698e-01  -2.1286356e-03   5.2364212e-01  -3.8485766e-01  -2.0588192e-01   1.0050985e-01  -5.2722936e-02  -1.7987698e-01  -5.8587291e-02   2.7047068e-01   4.6208085e-01  -2.3436763e-01  -1.9133435e-01  -2.7331360e-02  -3.4539238e-01   1.5407888e-01  -1.2204814e-01   5.7716082e-02  -1.9952011e-01  -7.1080976e-02   2.1719841e-01   1.0479590e-02   2.2372271e-01  -2.4720625e-01  -1.0332735e-01   4.9184785e-02  -6.2594903e-02   3.5619026e-01  -1.7124463e-01  -4.9502163e-02   4.5142793e-01   2.4978513e-01   9.2993352e-03  -9.1827877e-02  -2.7019299e-01   2.1964570e-01  -2.1722884e-01  -2.4027899e-01   5.5307719e-01  -2.2576417e-01  -8.3020080e-02   5.5346359e-01   1.4926312e-01  -2.8003028e-01  -6.7642631e-02  -1.2226192e-01   2.1151980e-01  -1.4294483e-02  -2.3620994e-01  -1.0517583e-01   3.2847504e-01  -1.0196623e-01   2.1089472e-01  -3.5945363e-01   2.2376149e-01   3.5861817e-01   6.2394017e-01   9.0537185e-02  -1.1732695e-01  -1.6394572e-01  -5.9265583e-02   2.5968851e-01   1.4436020e-01   6.5094661e-02  -8.4988785e-02  -7.7879089e-02  -7.2729123e-02  -3.6566136e-01  -1.5949172e-01   5.2241037e-02   4.6614339e-02   5.3774495e-01  -1.9094441e-01  -3.0951787e-02   5.3769868e-02  -7.3412051e-02  -3.6565262e-01  -2.8618357e-01  -4.8801305e-03   8.0834775e-03   9.1418594e-02  -7.3352673e-02   5.1825925e-02   3.8702058e-01  -6.1632454e-02  -2.1275283e-03  -4.8127816e-03  -1.3101521e-02  -1.6840417e-01   3.4327736e-01   4.7128198e-01   1.5975378e-01   1.2699536e-01   5.5472514e-01  -4.5288826e-02   9.6020376e-02   1.9419329e-01  -2.9080011e-01  -3.8837889e-02   3.5048905e-02   5.5141648e-01  -1.2078074e-01   2.0857919e-01  -2.5691711e-01   2.1956290e-02  -2.2609869e-01  -2.9120371e-01  -5.4916781e-03   1.5896975e-01  -1.8359588e-01  -2.3312184e-01   1.0533702e-01  -3.5722196e-02  -2.6989037e-01   3.3452142e-01  -2.5589898e-01  -3.6571836e-01  -1.1980351e-02   3.9858506e-02  -2.0439197e-01  -1.4999326e-01  -1.7541495e-01   4.2499188e-01   4.1554463e-03   8.3725739e-02  -1.7590501e-01  -2.5701266e-01  -1.2862390e-01  -3.2874045e-03  -1.8969481e-01  -1.4488515e-01  -1.1285843e-01  -8.4527031e-02   2.8519352e-01  -1.5763462e-01  -1.0809723e-01  -1.2657999e-01  -4.5911463e-02   1.0891953e-01   7.2385225e-02  -2.5556128e-01  -1.4454776e-01   1.7902498e-01  -3.0494524e-02  -9.4611899e-03
  -1.2798524e-01  -9.1045125e-02   0.0000000e+00  -2.1939177e-01   2.6858110e-01  -1.8170160e-01   8.0895511e-02  -2.4506732e-01  -1.4656808e-01   2.3488641e-01  -5.8857376e-02   1.0419617e-01   1.4731801e-01   2.0663215e-03  -2.0089575e-01  -2.3845022e-01   6.3143788e-01  -2.0165954e-02  -3.5720108e-01   2.5126035e-01  -2.6369936e-02  -2.4043403e-01   1.5984520e-01  -1.4923364e-01  -7.5465878e-02  -1.6142020e-01   9.9484211e-02   5.2202885e-02  -1.1215374e-01  -3.1534635e-01  -6.4857886e-02  -7.2002448e-02  -1.1331688e-01   3.1757231e-01  -7.6751597e-02   1.6758953e-01  -8.2254040e-02  -4.6811333e-03  -2.8243363e-01   5.3666796e-01   1.5620777e-01  -4.8486898e-02   1.4787255e-01  -1.0736099e-01  -7.6186596e-04   1.5213107e-01   1.0702638e-03  -1.4349059e-01   2.3267672e-01   8.4983074e-01   1.0654267e-01  -8.6762928e-02   2.1019730e-01   3.7475786e-01  -3.7389514e-02   1.1373991e-01  -2.6313210e-01  -2.5850402e-01  -4.8746227e-02  -2.9129949e-01   2.9308765e-01   1.0850931e-01  -7.0996969e-02  -3.2624738e-01  -2.7784075e-01   2.2463085e-01  -1.1589746e-01  -1.0512737e-01  -1.7078088e-01   4.7524619e-01   2.1496950e-01  -1.6027759e-01   2.8349599e-01  -5.7166555e-02   2.2210118e-01  -1.2114368e-01   2.1258982e-01  -2.0522297e-02   4.6260038e-02  -2.6628906e-02   2.1350190e-01   9.8343907e-02   1.4465437e-01  -1.1754970e-01   2.1199290e-01  -5.6662638e-02  -1.2993667e-01  -4.0853824e-02   7.3833369e-02   1.1507304e-01   3.7296371e-01   5.3918276e-01   4.9401579e-01  -1.6686577e-01   3.4460163e-02   3.0190013e-01   1.5886292e-01  -2.9158373e-01   9.6643899e-02  -9.4268268e-02   1.2813803e-01  -2.9396381e-01   1.2287677e-01  -2.9989482e-01  -1.7547289e-01  -1.3296048e-01   4.9332791e-01  -2.7393460e-01   1.1417434e-01  -2.6624602e-02   3.4508703e-01  -1.9830408e-01  -2.1908385e-01   2.1393452e-01   3.7752817e-01  -6.4808706e-02  -1.3412675e-02   1.6245845e-01   3.3694579e-01  -1.3446077e-01   2.0296780e-01   1.4680828e-01   1.4498515e-02  -1.6309744e-01   8.0114008e-02  -1.9553627e-01  -1.1521337e-01   9.3497547e-02  -2.6038721e-01   4.3845717e-01  -2.4411247e-01  -9.2481029e-02  -1.7801184e-01   2.1732680e-01  -2.8596780e-01  -8.7023122e-02  -3.1739952e-02   1.5064909e-01  -7.5720906e-02   1.8284058e-01  -9.6948415e-02  -5.8361867e-02  -9.1952803e-02   4.4721770e-01   7.0743585e-02   4.2587840e-02   4.5418501e-01   3.5249918e-01   2.0042061e-01  -4.2550378e-01   1.5969269e-01   9.8397771e-02   4.8842354e-01  -5.1303483e-02   6.5061882e-01  -2.8000555e-02   1.9454409e-01   1.2952743e-01   4.3277266e-01   2.8713369e-01  -1.9283969e-01  -2.2801837e-01   2.7233242e-01  -2.4395679e-01  -1.9084207e-01  -1.3246213e-01   1.4532254e-01  -2.1323684e-01   3.5852326e-01   3.8367409e-01   6.2537225e-02  -6.5152799e-02  -1.8860402e-01  -1.3805673e-01  -1.2345415e-01  -5.8172132e-02  -2.3494355e-01
  -1.1063445e-01   2.1060147e-02  -2.1939177e-01   0.0000000e+00   2.2342831e-01   5.8004748e-01   3.8125361e-02   2.6340283e-01   3.0416711e-01  -2.7506776e-01   2.9300421e-01   2.1358405e-01  -7.9452890e-02  -3.2317840e-01   3.2107199e-01   4.7468125e-01  -2.6530948e-01   3.4018121e-01   4.5178715e-01   1.6068951e-01  -5.8185639e-02   6.5862520e-01  -3.5748942e-01  -1.6598757e-01  -6.0026384e-02   1.6140920e-01   4.6025882e-01  -2.8962784e-01   3.6867324e-01   7.3696337e-01   1.3398640e-01   6.4201779e-01   3.1466740e-01  -2.8370579e-01   9.8097545e-02   1.2224185e-01  -1.4583961e-01  -3.5435497e-02   3.8802159e-01  -2.8017446e-01   1.5005915e-01   1.9840382e-01   2.1606290e-01   1.0634951e-01   2.7546736e-01  -1.8917563e-01   2.8704279e-01   2.8628221e-01   5.8892419e-02  -3.3231865e-01   2.6885982e-01   2.3805537e-01  -3.1015351e-01  -4.9223815e-01  -5.7843456e-02   8.9176009e-02   3.9469461e-01   7.6875523e-01   6.8673365e-01   5.5186101e-01  -1.7148363e-01   2.4446199e-01   3.3193031e-01   7.2797021e-02   2.8881085e-01  -7.2874857e-02   5.7065874e-01  -1.4514539e-01   5.8256496e-01  -1.6994721e-01  -4.3838964e-01   6.2089509e-01  -3.1169986e-02  -3.8008120e-02  -4.8431106e-01   2.6786115e-01  -2.3631991e-01   1.9905586e-01   2.9286393e-01   3.5883675e-01  -3.2827177e-01   2.2633280e-02  -1.9786504e-01   1.5949273e-01  -5.2095808e-01   2.3263262e-01  -1.6680455e-01  -1.2211237e-01   1.1719910e-01  -1.0185241e-01  -1.9689925e-01  -1.4895906e-01  -1.5880820e-01   5.0282598e-01  -8.7442313e-02   6.9411656e-03   5.2421013e-01   4.6746818e-01   3.7843425e-01  -1.9062655e-01  -6.0092681e-01   5.5654778e-01   1.5397184e-01   3.6755319e-01   4.7625898e-01   6.7086592e-01  -3.3904987e-01   5.5200618e-01  -3.5285642e-01   4.1663269e-01  -3.2480142e-01   7.4197861e-01   7.2348078e-01  -4.2505477e-01  -4.8498001e-01   1.7513277e-01   1.0846676e-01   1.6693733e-01  -3.5961189e-01   8.4575490e-01  -4.6292089e-01   2.1606136e-01   1.0522841e-01  -1.1301445e-01  -1.1652820e-01   1.8024661e-01   2.3898432e-01  -3.9965040e-01   6.5686703e-01  -2.3890711e-01  -2.5457486e-02  -1.6491913e-01   3.7826181e-02  -4.0730490e-01   6.6753514e-01   1.8307267e-01   1.5421915e-01  -3.9499491e-01   2.7612185e-01  -2.6634582e-01  -1.9861669e-01  -1.7330348e-01   4.9720688e-01  -3.3318525e-01  -1.8005120e-01   3.1729065e-02  -3.5716152e-01   4.8750706e-03   1.2935366e-01   5.7633537e-02  -4.9689369e-01  -2.4471831e-01  -3.2163896e-01  -9.2275646e-02  -1.5828774e-01  -1.3280105e-01  -3.2100468e-01   4.5172215e-01  -1.7271613e-01  -1.9497588e-01   4.0775421e-01   4.2238615e-01  -5.2015356e-01   6.4944839e-01   6.8355041e-01  -3.3500212e-02   4.2744199e-02   3.6519803e-02  -3.7349382e-01  -2.7937627e-01   2.9413922e-01  -2.7936960e-01   3.3905648e-01   4.3574264e-01  -1.2315199e-01  -1.8696839e-01   7.1228857e-01
  -4.1773168e-01  -1.4979952e-01   2.6858110e-01   2.2342831e-01   0.0000000e+00   1.4219532e-01   1.7696982e-01  -1.3218048e-01  -3.2468053e-02  -7.5584629e-02   3.8563143e-01   2.0689759e-01   2.9830253e-01  -1.5117268e-01   1.9964877e-01  -1.2368062e-01  -3.1109877e-02   3.2967983e-01  -9.5168415e-02   7.9095056e-01  -1.2031042e-01   1.6788417e-02  -1.2503522e-01  -2.7972283e-01  -1.6564039e-01  -2.2596970e-01   5.9195596e-01  -2.9077462e-01   1.1891822e-01   1.0827665e-01   4.5419693e-02   2.4167259e-01  -1.9004453e-01   6.1639374e-02  -8.8717582e-03   7.4702032e-01  -2.1075381e-01  -3.2727136e-01  -3.1498762e-02   1.8019781e-01   4.0372182e-01  -2.2225870e-01   3.4509230e-01  -4.1802330e-02   3.8439224e-01  -4.3261627e-01   5.5299003e-01   1.7638909e-01   4.1724774e-01   3.0466752e-01   5.5948571e-01  -3.8426529e-02   2.4208821e-01  -4.9227757e-02  -3.6009556e-01   2.4596072e-03  -7.9615557e-02   2.2068583e-01   2.6540288e-01   9.6037980e-02  -1.2349144e-01   2.1916029e-01  -6.0949919e-02   5.1214936e-02   1.9051243e-01   3.4213587e-01   2.5659073e-01  -2.5006632e-01   2.4354917e-01  -9.2201059e-02  -1.2005958e-01   4.5761012e-01   2.0283836e-01  -3.6564366e-01  -1.2754529e-01   5.5922416e-02  -2.8795431e-01  -7.4665403e-02   5.5248067e-01   9.4905009e-02  -4.1311716e-02   9.9330212e-03  -3.1589150e-02  -1.5603105e-01  -3.2229984e-01   1.5958795e-01  -1.4099218e-01  -2.5830338e-01  -4.1765571e-02  -3.5976312e-01   5.6982074e-01   6.6069435e-02   4.0448658e-01   1.8868728e-01  -3.6627916e-01   6.6831731e-01   2.8930004e-01  -5.0207066e-02   3.6162083e-01   7.0604513e-02  -3.1104221e-01   2.6085718e-01   8.1518958e-02  -1.0369407e-01   3.7357761e-01   1.3977133e-01   7.1511924e-02  -5.4681924e-03  -2.7937582e-01   3.9503976e-01  -2.8584349e-02   1.1535075e-01   7.5487245e-02  -2.2075814e-01  -2.0383482e-01   3.1951583e-01  -8.9241800e-02   7.7319425e-03  -2.2942867e-01   2.8493657e-01  -3.2798737e-01   6.5902382e-01   7.2947253e-02  -2.9278319e-01  -4.5828622e-01  -7.7715971e-02   2.8937575e-01  -2.2618387e-01   1.4230535e-01  -1.0579966e-01   1.3849053e-01   2.8074383e-01  -3.0427267e-01  -2.1178657e-01   2.1841509e-01   6.4882300e-02   5.2226372e-03  -1.9794956e-01   1.4666446e-01  -2.0746898e-01  -1.9606075e-01   2.0504799e-01   2.5687655e-01  -1.0142532e-01  -9.7767588e-02   1.1159305e-01  -9.5337046e-02   5.6473298e-01   4.7397054e-01  -1.5569487e-01  -3.4533191e-01  -4.9522084e-02  -5.4117606e-02   2.8432369e-01   2.5140775e-01  -3.9920001e-01  -4.2459173e-01   4.1357595e-01   5.5526734e-02   2.2445262e-02   2.7137019e-01   2.7427449e-01   4.3151144e-02   3.3545274e-01   1.0003466e-01  -8.2083424e-02   3.2834298e-01  -1.7716362e-01  -2.6406165e-01   4.1534288e-01   4.7619452e-01  -4.8370394e-01   3.8104623e-01   1.0507330e-01  -1.6199858e-01  -5.3817637e-02   1.1554445e-01
  -2.6619452e-01  -2.0363902e-01  -1.8170160e-01   5.8004748e-01   1.4219532e-01   0.0000000e+00   3.6917878e-02   5.1929523e-01   1.2792655e-01  -2.0183147e-01   3.8227382e-01   1.0503250e-02  -1.3680894e-01  -2.6138168e-01   3.3024812e-01   3.2126448e-01  -1.1873743e-03   3.0536452e-01   7.5669305e-01   1.3424635e-01   3.5646582e-02   5.8466319e-01  -1.5247464e-01  -1.8295436e-01  -2.4031498e-01   3.9067121e-01   5.5350962e-01  -9.0453499e-02   1.0657637e-02   5.1263562e-01   1.4610418e-01   6.9675348e-01   2.2017587e-01  -7.4751369e-02   7.2885961e-02   1.7629714e-01  -5.3541490e-02   3.5453429e-02   7.0872057e-02  -1.2602469e-01   1.2805652e-02  -9.3222803e-04  -5.8728493e-02   3.5692731e-01   1.6719474e-01  -2.1514787e-01   2.6132441e-01   1.9520812e-01   8.4727491e-02  -3.5600306e-01   2.0784825e-01   5.1374096e-01  -1.3264157e-01  -4.6760977e-01  -1.8518352e-01   2.9867159e-01   7.7269667e-01   6.1855724e-01   3.9320595e-01   3.7481487e-01  -2.6049462e-02   1.5617721e-01   8.7513418e-02   2.6132369e-01   6.4532467e-02  -1.7663787e-02   9.4037065e-01  -3.9462788e-01   7.6282946e-01  -1.3544350e-01  -4.1857046e-01   3.1101196e-01  -1.1096319e-01  -1.9651116e-01  -4.6911634e-01   5.6519735e-01  -1.5023838e-01   4.1491031e-01   1.3486321e-01  -7.8235967e-02  -1.7046878e-01  -2.0577721e-01  -8.8677403e-02   3.7964632e-01  -4.2116845e-01   5.3025322e-01  -7.0272292e-02  -2.3906910e-01  -1.0496928e-01  -2.7636797e-01  -6.0374104e-02  -1.0892665e-02  -1.2077070e-01   3.5201718e-01  -4.0702990e-02  -6.2851396e-03   1.3168723e-01   7.7233084e-01   3.3017803e-01  -3.9840096e-02  -3.1930793e-01   4.6113558e-01   5.5573599e-02   2.1736460e-01   3.3701770e-01   6.4292883e-01  -4.7605743e-01   8.3058860e-01  -2.2807031e-01   3.3678860e-01  -1.5025103e-01   6.5948151e-01   2.6289313e-01  -3.6160239e-01  -3.4311167e-01   9.0237614e-02   2.6664941e-01   2.4457089e-01  -2.1820446e-01   5.0884583e-01  -5.4713589e-01   2.3015212e-02  -1.7168416e-01  -5.8309101e-02  -2.2026834e-01   1.1389663e-02   1.6161808e-01  -5.6284925e-01   5.6464766e-01  -9.8473582e-02  -1.3334286e-01  -7.1114887e-02  -1.5229380e-01  -2.8332095e-01   4.1576027e-01   4.6382625e-01  -1.1623921e-01  -1.8744410e-01   5.2855796e-01  -5.7070898e-02  -5.3282279e-02  -2.2441959e-01   7.1449294e-01  -3.3246960e-01  -1.1915749e-01   1.3436537e-01  -3.6745587e-01   6.6047963e-02   1.5898154e-01   1.0619393e-02  -3.8654241e-01  -6.8113486e-02  -3.4378389e-01   1.1456197e-01  -3.6350652e-01  -8.6402674e-02  -4.4212790e-01   1.7725194e-01  -1.2249268e-01  -7.0775814e-02  -2.6877895e-02   5.8278372e-01  -3.2295167e-01   4.7869755e-01   8.1525717e-01  -6.2310867e-02   1.8005014e-01   1.0343557e-01  -4.5127023e-01  -1.6302582e-01   8.0140556e-02  -2.5086831e-01   1.0233656e-01   7.0868519e-01  -2.4451509e-01  -3.2193523e-01   7.9798855e-01
  -2.4871286e-01  -7.9704235e-02   8.0895511e-02   3.8125361e-02   1.7696982e-01   3.6917878e-02   0.0000000e+00  -2.5452788e-01  -3.2932572e-01   3.4187773e-01   3.6672572e-02   4.0579635e-01   8.0142749e-02   3.3269474e-01   2.5807826e-01   1.2361433e-01  -1.5288640e-01   4.1976950e-01  -2.5902698e-01   4.0696272e-01   4.2462144e-01  -1.5413712e-01   4.4432359e-01  -6.3772324e-02   8.4564164e-02  -5.0956693e-01   1.8491892e-01   4.1587853e-01  -1.4126156e-01  -1.8906550e-02   1.1639865e-02   1.3666403e-01   7.6956317e-02   5.0619130e-01   1.8271999e-01   4.4722465e-01   1.1624375e-01  -3.3609062e-01   3.3385140e-02   3.4058996e-01   1.9193925e-01   1.8148076e-01   8.8141893e-02  -1.2764875e-01   4.3054264e-01  -3.2955068e-01   3.0808727e-01   6.3870662e-01   2.6408529e-01  -5.4164001e-03   6.0404338e-01  -4.1945295e-01   3.7784954e-01  -1.4167864e-01  -1.2437620e-01  -3.4628089e-02  -2.5583764e-01  -6.0218506e-02   9.8980254e-02  -5.2210707e-02  -1.6713349e-01   3.3940929e-01  -2.2277474e-01  -1.2222311e-01  -3.5609390e-02   6.2124783e-01   4.7109601e-02  -1.6082632e-01  -2.8640830e-02  -1.7777058e-01  -4.3765927e-02   3.0345878e-01   1.4207175e-01  -2.2012901e-02   3.5068388e-02   1.1289005e-01  -1.9116384e-01  -2.5775535e-01   4.0562274e-02  -4.5929178e-02   6.6561121e-01   1.2480770e-01   1.4338860e-01  -3.0915579e-01   1.4864188e-01   1.9984380e-01   2.0609501e-01  -2.3151566e-01  -2.2496767e-01  -2.5536901e-01   1.9364951e-02  -1.7371275e-01   5.2848452e-01  -1.3352120e-01  -2.9616269e-01   6.7164625e-02   2.4197033e-02  -2.9086180e-01   2.9832636e-01   5.8529018e-01   1.4837818e-01   1.9833186e-01   1.1147912e-02  -2.6603468e-01   4.7327682e-01   6.9066165e-02  -1.9653573e-01  -2.6997451e-01   2.1354652e-01   3.0336751e-01   3.6205069e-01  -8.5918487e-02  -4.7995100e-02  -2.3211437e-01   3.4235077e-01  -8.7261070e-02  -5.4508331e-01   1.8839554e-01   3.0287514e-01   1.7464719e-01  -1.8028723e-01   1.5272851e-02  -2.5756439e-01  -3.9784630e-03  -3.3828848e-01   3.1097207e-01   5.0241749e-01  -8.5593908e-02  -2.5108644e-02  -1.4024759e-01  -7.3275928e-04   2.8635319e-01   1.0036494e-01  -8.6689419e-02   3.3911534e-02   7.9722413e-02   3.6401000e-02   5.2520516e-01   1.7914779e-01  -9.0960418e-02   5.3870636e-02  -1.4576153e-01  -7.1455064e-02   3.3036772e-01   3.9597673e-01   3.6844448e-01   3.9509486e-01   2.4064855e-01   5.3406059e-01   1.3686042e-01   3.2720632e-02   1.5400078e-01  -2.0296992e-01  -4.4874993e-02   1.1642795e-01  -1.2449445e-01  -1.6619047e-01   2.0686134e-01  -2.1254373e-01   2.6324228e-01  -7.6061618e-02  -2.1340762e-01   2.0270504e-03   2.0331560e-01  -1.6167177e-01   3.3371523e-01   3.4223097e-01   2.5854337e-01  -1.7366595e-01   1.0423096e-01   1.9619179e-01  -3.0691442e-01   1.0517787e-01   2.0179690e-01   4.9671944e-02  -1.4826869e-01  -9.3834442e-02
   2.8205721e-02   4.5914600e-02  -2.4506732e-01   2.6340283e-01  -1.3218048e-01   5.1929523e-01  -2.5452788e-01   0.0000000e+00   3.7786181e-01  -3.5469963e-01  -1.3379563e-02  -1.1299869e-01  -3.4562388e-01  -4.1829752e-01   1.0055903e-01   2.5555630e-01   4.5709860e-02  -3.0534291e-01   7.0975715e-01  -2.5969314e-01  -1.6241280e-01   5.4827534e-01  -3.2035935e-01  -2.3041476e-01   7.2856181e-03   6.4956203e-01   2.6305144e-01  -2.4177253e-01   2.0057205e-01   4.0692259e-01   2.6375729e-01   3.9525806e-01   3.0581121e-01  -2.7998806e-01  -3.0137035e-02  -3.5776273e-01  -2.4634607e-01   3.1704855e-01   1.0538666e-01  -2.9886984e-01  -2.1354567e-01  -3.6402975e-03  -2.9200070e-02   3.7481795e-01  -2.6175438e-01   1.2542644e-01  -3.7707513e-01  -2.1124348e-01  -1.7791401e-01  -2.4119928e-01  -3.4810279e-01   7.3741093e-01  -3.2530901e-01  -3.7490727e-01  -1.6786033e-01   1.8315160e-01   7.1939609e-01   3.6138028e-01   3.0172829e-01   4.4565208e-01   1.1540781e-01  -2.3256826e-01   3.8954980e-01   4.6506879e-01   2.6360576e-03  -3.4098383e-01   4.8755305e-01  -8.2971921e-02   2.7349496e-01  -1.6213555e-01  -2.2114722e-01  -1.0701587e-01  -2.2759896e-01   2.2915849e-02  -4.0950330e-01   4.5884172e-01   1.1721807e-01   6.3321620e-01   2.8471513e-01  -8.6380680e-02  -2.5979311e-01  -2.8674189e-01  -1.7058030e-01   7.2538763e-01  -4.0250471e-01   3.8563477e-01  -3.3787467e-01  -8.7526148e-02   2.1795172e-01  -4.0298608e-02  -4.9474737e-02   6.5982133e-02  -3.6879498e-01   4.3919241e-01   2.4257061e-01  -1.2248859e-01  -2.0465531e-01   7.3982959e-01   8.7732079e-02  -2.5072353e-01  -3.3166981e-01   1.7421358e-01   1.3745914e-01   4.1453857e-01  -1.3055413e-01   5.2410161e-01  -2.3841068e-01   6.8447904e-01  -4.3104716e-01  -1.5401736e-01  -2.9648425e-01   4.0001088e-01   1.2247639e-01  -8.4204413e-02  -4.3619966e-01   2.6931103e-01   5.1975347e-01   2.4176638e-02  -2.8417465e-01   4.7930356e-02  -3.2899983e-01   1.0246816e-01   1.4968402e-01  -7.0114999e-02   1.6327824e-01  -1.7667950e-01  -1.4432666e-01  -3.3000402e-01   4.8970736e-01  -1.5009721e-01  -1.4875446e-01  -2.8175503e-01   2.4270537e-02  -3.0939459e-01   2.2032930e-01   4.6305376e-01  -1.7494637e-01  -3.7476269e-01   3.7480709e-01  -5.2169171e-02  -1.7851059e-01  -3.6729029e-01   2.7652654e-01  -3.3277274e-01  -2.7307390e-01  -5.5976995e-02  -4.3751975e-01  -1.5958317e-01  -3.2844579e-01  -7.4820968e-02  -3.4860122e-01   2.4152392e-01  -2.0264043e-01   1.2817646e-01  -2.5493367e-01   1.5314095e-02  -7.3249174e-03  -7.2346991e-02  -1.5628205e-02   5.7593514e-02  -2.3207691e-01   3.1238829e-01  -3.4538340e-01  -3.4152286e-03   6.0466372e-01  -1.2348169e-01  -5.0039530e-02   2.3653529e-02  -7.6093685e-02  -1.5088781e-01   2.0397651e-01   1.6472060e-01  -2.2331571e-01   2.4356545e-01   2.7706653e-02  -3.5368558e-01   5.9394871e-01
   3.0524375e-01   5.9287019e-01  -1.4656808e-01   3.0416711e-01  -3.2468053e-02   1.2792655e-01  -3.2932572e-01   3.7786181e-01   0.0000000e+00  -2.9750025e-01   2.9717399e-02   3.5577078e-01  -1.3015796e-01  -1.4832027e-01   2.9665435e-01   1.5995558e-01  -9.8768806e-02  -1.6227413e-01   2.9635229e-01  -1.6468257e-01  -3.3246758e-01   6.1556709e-01  -6.3284945e-01   1.0001170e-02  -1.5825214e-02   1.5423114e-01   1.2345625e-01  -4.6257373e-01   5.1696540e-01   3.3838883e-01   1.4505381e-01   1.2659084e-01   3.0882983e-01  -3.2248573e-01   3.4096961e-01  -3.5273632e-01  -2.8408954e-01   2.1880875e-01   4.9887468e-02  -5.2403866e-01  -5.2887279e-02   2.8300392e-01   5.5414484e-01  -1.7173408e-01  -1.0168446e-01   6.4360414e-02  -2.6350632e-01   2.6969752e-02  -1.3088348e-01  -6.9232041e-02  -2.3831525e-01   2.0847655e-01  -1.7236195e-01  -1.8452857e-01   7.8087424e-02  -1.7869754e-01   3.2063262e-01   5.2647482e-01   1.3596299e-01   7.2405596e-01   8.9552678e-02  -3.5521868e-03   6.6988008e-01   3.1514370e-01   1.8078750e-01  -2.6486273e-01   7.3561417e-02   9.0946781e-02   4.0545931e-02  -1.5450155e-01  -2.3982416e-02  -3.4769525e-03  -1.2419975e-01   3.1076781e-01  -1.2302564e-01  -1.3944389e-01   1.6073981e-01  -7.1825512e-03   3.2705452e-01  -1.4710210e-02  -5.4307162e-01  -1.3835927e-01  -9.3880081e-02   2.1969741e-02  -2.8624344e-01  -1.5822798e-01   1.5135264e-02   3.3002341e-01   5.8570559e-01   6.5470948e-02  -2.7732360e-01   1.2757510e-01  -2.6349852e-01   7.7241323e-01   2.9279207e-01   3.1183807e-03  -1.3116681e-01   3.1335737e-01   1.2885503e-01  -4.7981880e-01  -5.1983270e-01   3.4891362e-01  -5.6933926e-02   7.8740794e-01  -3.4283970e-02   2.8271573e-01  -3.3656326e-02   3.0287921e-01  -3.9308473e-01  -1.8176797e-01  -3.2626164e-01   3.0925216e-01   2.7920684e-01  -1.7027468e-01  -4.5381890e-01   2.5289103e-01   1.4431594e-01  -9.2059076e-02  -3.4657859e-01   1.7429722e-01  -2.4713130e-01   4.1430584e-01   6.1574318e-01   1.5565114e-01   1.3287691e-01   2.5098537e-01   1.1872134e-01  -1.1099286e-01   6.4399498e-01  -2.1005820e-01   8.6904498e-03  -8.5348503e-02   2.2615745e-01  -2.2420202e-01   5.7759196e-01  -1.3704395e-01   3.0932599e-02  -4.9196344e-01  -1.5282094e-01   1.2622828e-02  -1.2679689e-02  -1.6928993e-01  -7.3468938e-03  -2.4765257e-01  -1.9289389e-01  -2.0389785e-01  -2.2877640e-01  -2.2297407e-01  -3.4946588e-01  -9.2194000e-02  -3.3863573e-01  -1.4026711e-01  -1.2887025e-01  -1.0932448e-01   1.5724741e-01   5.6541658e-02   7.1892741e-02  -8.7609307e-02  -2.4185885e-02  -2.9857776e-01   1.4986591e-01   1.1534088e-01  -4.0760559e-01   1.0923322e-01   4.3753410e-01   4.3388419e-02   1.4686055e-02  -2.3686379e-01  -1.1790634e-01  -3.2211653e-01   1.5040074e-01   2.2683778e-01   4.7521715e-03  -1.5637584e-02  -1.3419801e-01  -4.3592671e-02   4.6084565e-01
  -1.2491486e-01  -7.4156240e-02   2.3488641e-01  -2.7506776e-01  -7.5584629e-02  -2.0183147e-01   3.4187773e-01  -3.5469963e-01  -2.9750025e-01   0.0000000e+00   3.5871143e-02  -6.8654658e-03  -1.4385069e-02   2.9075390e-01  -1.3867119e-01  -3.5877631e-01  -3.0151301e-02   1.5062674e-01  -2.3436162e-01   1.8070203e-01   2.3471758e-01  -2.5142443e-01   6.6266057e-01  -1.7138323e-02  -2.3632926e-01  -2.5340323e-01  -2.3805182e-01   5.0743328e-01  -4.9922867e-01  -2.7309252e-01  -7.7737097e-03  -9.6637832e-02  -3.3074529e-01   6.1986452e-01   1.6953255e-01   1.1508272e-01   2.3504132e-01   2.5118773e-02  -4.0149638e-01   4.4515686e-01  -4.2281769e-03  -2.5656769e-01  -1.7846311e-01  -5.6034183e-02   1.5350151e-01  -2.1634577e-01   5.6216402e-02   6.7030897e-02   3.2144621e-02   2.0060483e-01   1.4348864e-01  -1.9030350e-01   4.3257547e-01   1.0097857e-01  -1.0794589e-01   7.9759940e-02  -3.2423756e-01  -2.3802852e-01  -2.5572761e-01  -4.9352713e-01  -1.4689532e-01   1.9685760e-01  -4.2753666e-01   4.8852038e-02  -2.1653003e-01   4.4840708e-01  -2.2359652e-01  -2.0693418e-01  -1.9579676e-01  -2.0890531e-01   2.6353583e-01  -5.1387334e-02   1.3114622e-01  -3.6585968e-01   1.4688137e-01   1.0931020e-01  -9.4615038e-02  -2.8008169e-01  -3.5109791e-01  -2.4628224e-01   4.9083408e-01   1.8067071e-01   2.2436467e-01  -3.2451809e-01   4.4890019e-01   1.8481792e-01   2.9936601e-01  -2.1437358e-01  -3.4123351e-01  -1.9638058e-02   4.7733576e-02  -1.2342167e-01   4.4307648e-01  -4.0904736e-01  -3.9317236e-02   2.0228281e-02  -2.1455278e-01  -2.4708027e-01   1.3056205e-01   3.4092555e-01   3.9803743e-01  -1.2611969e-01  -7.2852243e-02  -4.3021035e-01   1.7423936e-01  -1.3008100e-02  -8.0890429e-02  -2.8976413e-01   5.2792150e-01  -7.4235813e-02   6.2004045e-01  -2.6391053e-01  -3.2865580e-01   2.9295189e-01   5.8472673e-01  -1.8684999e-01  -1.5586333e-01   1.0229798e-01   2.3072932e-01  -2.4085846e-01   9.5129454e-02  -5.9842754e-02  -3.4990765e-01   3.0268690e-01  -1.3806800e-01  -2.0868981e-01   5.0444109e-02   4.7719676e-02  -1.1830521e-01  -1.9130344e-01  -4.4122078e-02   3.2823367e-01  -3.0661588e-01   5.9030051e-01  -2.6022912e-01   8.8802993e-02  -3.7337154e-02   4.9798164e-01   1.3860213e-01   2.6943147e-01   8.7915685e-02  -3.3927076e-02  -2.0660613e-01   1.8711954e-01   5.7144206e-01   3.5912348e-01   5.9128857e-01   6.5872740e-02   2.2494147e-01   7.2345315e-04   3.8594549e-01  -7.5181171e-02  -5.6856617e-02  -3.0471810e-02   2.2073451e-01   1.3354648e-01   1.7819953e-02  -1.6385765e-01  -1.8849812e-01   2.1928321e-01  -2.3767649e-01  -2.2946992e-01   5.1889134e-01  -1.0178405e-01  -2.7586231e-01   3.1816368e-01   1.4298038e-01   1.4172704e-01  -5.3823965e-02   1.7745629e-01  -1.1327764e-01  -2.5943884e-02   5.8329306e-02  -2.8066922e-01  -4.6757284e-02   9.1840576e-03  -3.1916027e-01
  -3.6598369e-01  -2.9134630e-01  -5.8857376e-02   2.9300421e-01   3.8563143e-01   3.8227382e-01   3.6672572e-02  -1.3379563e-02   2.9717399e-02   3.5871143e-02   0.0000000e+00   3.8937387e-02   3.3738424e-02  -4.9744928e-02   4.0872633e-01  -1.0682782e-01  -1.6096406e-01   6.5779240e-01   2.3512417e-01   2.9688903e-01   3.7529358e-02   1.6759583e-01  -3.8103898e-02  -6.2977032e-02  -3.4154376e-01  -1.6300778e-01   3.5619139e-01  -1.3413452e-01  -2.3700460e-02   2.4705116e-01   2.9213844e-01   3.7948405e-01  -9.6123761e-02  -4.2219267e-02  -1.3560338e-01   5.5022556e-01  -4.7173695e-02  -1.7921265e-01  -9.1176427e-02  -3.2250341e-01   5.1258449e-02  -1.8590017e-01  -1.4963299e-02   2.8545732e-01   3.5142899e-01  -4.3715040e-01   6.7839753e-01   1.3936003e-01   1.1895081e-01  -1.3803335e-01   5.2412874e-01   1.1191712e-01   3.3732890e-02   7.5719744e-02  -8.4846940e-02   4.2744683e-01   2.4505411e-01   4.0673300e-01   1.0571865e-01   1.7119816e-01  -3.1506532e-02   2.6100872e-01  -3.0003759e-01   3.7555398e-01   2.6449472e-01   2.1534680e-01   3.7718501e-01  -3.4474800e-01   6.5201804e-01  -2.2637314e-01  -4.3532405e-01   4.0538257e-01  -1.0875451e-01  -3.8245855e-01  -1.3769862e-01   2.1073882e-01  -1.2105244e-01  -1.0883615e-02   3.6407297e-02  -2.3891596e-02  -6.8378270e-02  -5.9876965e-02   7.6312816e-02  -2.1180507e-01  -3.4637734e-01   3.4547297e-01   1.2187682e-01  -1.3782606e-01  -9.8082095e-02  -3.7825825e-01  -7.1028510e-02   9.9714970e-02   1.4626700e-01   1.2234079e-01  -1.9400518e-01  -1.4867086e-02  -1.8059566e-02   2.4379805e-01   3.3851567e-01  -1.7481066e-01  -2.5902072e-01   6.2714312e-01   1.1830771e-01   1.0618145e-01   5.6426837e-01   3.5072713e-01   2.8728689e-02   3.3482774e-01  -1.3619084e-03   5.0257956e-01   9.2551521e-02   3.7892010e-01   8.9103046e-02  -1.7004858e-01  -1.8063773e-01  -1.6333042e-01   1.3548301e-02  -1.1292720e-01  -2.8010467e-01   2.8347171e-01  -1.7771650e-01   5.8383780e-02  -1.5811516e-01   9.7723566e-02  -4.9239745e-01  -1.6281603e-01   3.0151788e-01  -1.6010028e-02   3.1396510e-01  -2.3638460e-01  -1.6551730e-02   4.9409719e-01  -4.2028344e-01   9.9466693e-02   2.5789592e-01   2.1063781e-01   1.6027341e-01  -4.6008191e-02   2.5609477e-01   7.0077306e-03  -3.5830876e-02   1.9500131e-01   6.5991831e-01  -3.5989808e-01   2.5984111e-01   5.0940389e-01  -3.4371128e-01   2.4635247e-01   5.1736345e-01  -1.9470840e-01  -2.7904729e-01  -6.2175628e-02  -5.3676056e-02   4.4261732e-01  -1.2180957e-01  -1.0723842e-01  -3.8778281e-01   2.8244350e-02   2.9745141e-02  -1.4162921e-02   7.9562836e-02   7.7084705e-01  -8.1075815e-02   6.4989010e-01   3.2719866e-01  -1.6653728e-01   3.6054051e-01  -4.0071464e-02  -2.0907405e-01   9.8407786e-02  -3.7549874e-02  -2.4621479e-01   6.3099641e-01   2.5064548e-01  -3.1621708e-01   9.7293957e-02   2.8977434e-01
   6.3932528e-02   6.0238330e-01   1.0419617e-01   2.1358405e-01   2.0689759e-01   1.0503250e-02   4.0579635e-01  -1.1299869e-01   3.5577078e-01  -6.8654658e-03   3.8937387e-02   0.0000000e+00  -1.9623932e-01   2.4388287e-01   5.8994967e-01   1.2944444e-01  -2.5851300e-01   1.1104285e-01  -2.1988903e-01   2.2096123e-01  -2.5642150e-01   1.5663076e-01  -3.1440357e-01   5.1997122e-02   2.0027851e-03  -3.4089475e-01   1.1057191e-01  -7.6956382e-02   3.6745783e-01   2.2250981e-01   2.5530000e-02   1.6673564e-01   2.9323615e-01   1.8959219e-01   4.5177794e-01   1.0905934e-01  -3.4410301e-01  -2.3574067e-01   4.4774877e-03  -4.8145843e-02  -9.4755043e-02   4.0346926e-01   7.2132509e-01  -2.2647196e-01   1.8537554e-01  -3.6382562e-01   9.7168865e-02   5.0511361e-01  -1.6141164e-02   1.2656658e-01   2.7799182e-01  -2.3178938e-01   2.0434893e-01  -3.7071829e-02   2.1517788e-01  -1.0998171e-01  -1.3784203e-01   2.1515188e-01   8.6485087e-02   4.5971133e-01  -2.3115642e-01   2.4798814e-01   2.2244011e-01   7.3600966e-02  -2.0344483e-02   3.8641101e-01  -6.9849217e-02   2.9513419e-02   9.0741458e-03  -2.6308056e-01   9.6264901e-02   2.1352339e-01  -1.2131658e-01   4.6542956e-01   1.0278154e-01  -9.4807457e-02  -2.8622652e-01  -2.8629218e-01   3.8493345e-01   1.9617805e-02   6.0898522e-03  -9.3019619e-02   2.2301073e-01  -3.3552989e-01   3.7862000e-02  -8.3409035e-02   1.4566049e-01   1.8886515e-01   2.8008806e-01  -1.3732926e-01  -6.7414078e-02  -8.4139864e-02   3.6199844e-01   3.0372335e-01  -1.4479709e-01   1.6126455e-01   7.7875622e-02  -1.1401103e-01   4.2155449e-02  -1.9459415e-01  -3.3238577e-01   3.9371968e-01   3.5046998e-02   3.6751188e-01   1.8377206e-01   8.1550372e-02   8.8040471e-02  -1.1332733e-01  -3.4159956e-01   6.7175134e-02   2.2843050e-01   9.4792153e-02   1.5286948e-01  -2.6160175e-01   4.6409382e-02   2.1800842e-01  -3.6167504e-01  -8.6601181e-02   4.1089563e-02   2.8686243e-01  -2.9984617e-01   4.8801064e-01   2.8118231e-01  -8.5644753e-02  -2.9094948e-01   6.6932825e-01   4.3286778e-01  -6.1947680e-02   2.3784893e-01  -2.6953431e-01  -4.3626493e-02   2.6423849e-01   4.2480089e-01  -3.3386823e-01   3.6474493e-01  -9.5577448e-02   1.2303860e-01  -4.2907786e-02  -2.5983977e-02  -6.6134039e-02   6.0354515e-02  -1.4457252e-01   1.4661521e-02   2.0461104e-01   1.2430552e-01  -6.0218484e-02   3.8506238e-01  -3.0870129e-02   1.4476078e-01  -1.9557287e-01  -1.9350393e-01  -1.5724644e-01  -6.5568449e-02  -4.4584964e-02   5.2941234e-01  -1.3966138e-01  -1.8921249e-01   3.8260427e-02  -1.9592021e-01  -1.1185493e-01   2.1631607e-01  -6.4009763e-02  -3.2817291e-01   1.1712876e-01   1.6961223e-02   3.7910794e-01   3.5159003e-01  -7.9778435e-02  -2.0463339e-01   2.6103157e-03   3.3281020e-01  -2.0976505e-01  -2.4956012e-02   1.8168986e-01   3.3781665e-02   4.0779483e-02   5.4293403e-02
  -5.0295287e-02  -1.2286552e-01   1.4731801e-01  -7.9452890e-02   2.9830253e-01  -1.3680894e-01   8.0142749e-02  -3.4562388e-01  -1.3015796e-01  -1.4385069e-02   3.3738424e-02  -1.9623932e-01   0.0000000e+00   1.9749154e-01  -1.9024237e-01  -2.3325734e-01   4.0128832e-03   2.9044874e-01  -2.0152604e-01   4.2273833e-01   1.4912689e-01  -8.1461156e-02   4.5052572e-02   1.1952768e-01  -8.0576716e-02  -1.3464677e-01   1.7255349e-01   9.9686377e-02  -1.8859497e-01  -1.8294546e-01  -7.2267800e-02  -6.1915810e-02  -1.6521435e-01   1.4001577e-02   3.7399532e-03   3.6541195e-01   2.6629869e-01  -1.1277838e-01  -5.9689801e-02   1.5866521e-01   7.3410944e-01  -2.0096531e-01  -2.6005012e-02  -1.7058815e-01   1.7424637e-01  -1.6612922e-01   2.5839420e-01   1.1404249e-01   3.3627892e-01   1.6268044e-01   2.6739017e-01  -2.0439056e-01   2.3285628e-01   1.2111746e-01  -1.2121647e-01  -8.1843615e-02  -3.2658025e-01  -2.0716211e-02  -8.8272132e-03  -1.8903371e-01  -1.1198555e-01   1.1528257e-01  -1.2155957e-01  -2.2827443e-01  -3.8404990e-02   1.2530801e-01  -1.9319685e-02   5.2814607e-02   3.0679105e-02   1.4728292e-02   9.0185150e-02   1.4717430e-01   4.5574592e-01  -2.9685986e-01   1.4970891e-01  -2.6919895e-01  -9.7862211e-02  -1.4345732e-01  -3.3936233e-02   2.0652264e-01  -4.1613654e-03   2.0013283e-01   7.8424258e-03  -1.9606682e-01   1.4877459e-01  -2.2783796e-01   1.4453747e-01  -1.5509108e-01  -6.2804875e-02  -2.9710288e-02   2.1992003e-01  -9.9750020e-02   2.8844194e-01   6.4489720e-03  -1.7917014e-01   3.5728669e-01   2.2705483e-01  -3.3488172e-01   2.0715347e-01   2.8173477e-01   2.2125671e-01  -1.9929925e-01  -8.7642641e-02  -1.5036813e-01   1.9200015e-01  -1.2207012e-01  -2.7413697e-02  -2.3899350e-01   2.3576156e-01   9.4927265e-02  -1.9896849e-02  -5.7925017e-02  -3.5796181e-03   2.0810575e-01   1.0724416e-01  -8.2205819e-02  -4.3189935e-02   2.9753802e-01   7.1460895e-02   5.3404618e-02   1.1778691e-02   4.6515185e-02  -5.5259783e-02  -1.1473396e-01  -7.0261970e-02  -3.8412272e-02  -1.9635215e-02   2.3753456e-01  -9.1495203e-02  -6.9448513e-02   5.1233024e-01  -7.5200740e-02  -1.4889053e-01   4.9539451e-02   3.0055656e-02  -3.6281381e-01   1.8285271e-01   3.8057696e-02  -2.8289931e-01   7.3825957e-02   2.2516024e-01   5.6460266e-01  -5.6400750e-02   9.2665702e-02  -5.1127066e-02   1.2798753e-01   1.3863378e-03   2.5765252e-01   1.8016501e-01   1.6010276e-01   2.0427523e-01   4.3667773e-02  -1.4685155e-01  -1.2800460e-01  -2.6571588e-02   5.6638099e-02  -1.1731014e-01   2.8058525e-01  -1.0426411e-01   2.0831298e-02   1.1502454e-01  -4.4875966e-02   1.8742362e-01   1.7337850e-01  -1.3081111e-01  -1.1510680e-01  -1.2014931e-01  -5.9435595e-03  -1.1842485e-01   2.6113165e-01  -1.1343397e-01  -1.7437290e-01   1.5436360e-01  -1.9623165e-01  -2.9693171e-01   1.1101360e-01  -1.3943160e-01
   4.0322453e-01   2.0548849e-01   2.0663215e-03  -3.2317840e-01  -1.5117268e-01  -2.6138168e-01   3.3269474e-01  -4.1829752e-01  -1.4832027e-01   2.9075390e-01  -4.9744928e-02   2.4388287e-01   1.9749154e-01   0.0000000e+00   8.5917834e-02  -1.6424826e-01  -2.7094291e-01   2.2081198e-01  -4.1312378e-01   1.1291830e-03   1.4565023e-01  -3.0496356e-01   3.1945112e-01   6.2271294e-01   1.7850801e-01  -4.0279311e-01  -3.4296925e-01   5.9796348e-01  -2.1952716e-01  -2.5649087e-01   1.5176910e-01  -2.9860931e-01  -1.7127826e-01   2.7213875e-01   1.7948280e-01   3.6710937e-02   3.0721079e-01  -2.7332639e-01  -1.5431472e-01   7.9960648e-02   2.9202617e-02   2.7628029e-02   3.5133452e-02  -1.7790764e-01   1.9345041e-02  -3.1748493e-01   9.6463474e-02   3.0396615e-01  -2.8519746e-02  -1.1820435e-02   1.7388801e-01  -4.1592005e-01   2.6035006e-01   4.2156653e-01   4.5688062e-01  -4.1681721e-02  -4.3029101e-01  -3.0901827e-01  -3.1660366e-01  -2.7300810e-01  -3.0891628e-01   1.6048669e-01  -1.9733977e-01  -1.0390061e-01  -1.9747141e-01   3.0588926e-01  -2.9136088e-01   2.8424136e-01  -1.5420547e-01  -1.9350722e-01   9.9789481e-02  -1.0103317e-01  -1.3981982e-01   2.6409020e-01   3.4380640e-01  -3.3662347e-01  -2.2096419e-01  -5.1317836e-01  -3.0639296e-01  -3.8951074e-02   5.0986694e-01  -1.0409741e-01   2.8685274e-01  -4.2118530e-01   6.5435332e-01  -2.9511589e-01   5.6783654e-01   4.7122916e-01   4.9528399e-02   1.5299963e-01  -2.2810291e-01  -2.5215010e-01   3.0495109e-01  -3.1936451e-01  -2.7477700e-01   1.2118352e-02  -1.1976190e-02  -4.9915150e-01  -1.6129176e-01   1.8036882e-01   5.2226636e-01  -2.1712111e-01   1.5987322e-01   5.6168617e-02   9.7395617e-02  -3.0144439e-01   6.1942498e-02  -4.1655632e-01   3.4332526e-01   5.3607781e-02   2.6865162e-01  -2.6797164e-01  -9.7779997e-02   2.5030073e-01   6.4091116e-01  -4.1877710e-01  -4.2438578e-01  -1.7402398e-02   5.6788113e-01  -2.3277587e-01   1.8598266e-01  -1.4786404e-01   1.9888308e-02   1.7072644e-02  -2.0305021e-01   5.0808577e-01   3.3828452e-02   3.6356091e-01  -3.0475119e-01  -1.6715245e-01  -5.1694332e-02   4.3642264e-02   3.2731624e-01   2.9304843e-01  -1.1424618e-01  -4.1338595e-01   1.6124484e-03   5.8718734e-01  -3.3759937e-01   1.4122668e-01   7.0981377e-01   1.5394026e-01  -3.1078678e-01   5.7348913e-01   3.9027120e-01   3.5326866e-01   4.0412918e-01  -1.4888628e-02   2.6657061e-01  -5.7303468e-02   6.0828019e-01   2.5954105e-01   5.9615145e-02  -2.7349639e-01   2.3828327e-01   2.7633386e-01  -8.1386723e-02  -2.0457457e-01  -3.4503767e-01   3.1111975e-01  -1.4700665e-02  -3.0009631e-01   1.9576609e-01  -1.9226215e-02  -3.6757811e-01   1.1183959e-01  -9.0521574e-03   3.6435508e-01  -6.2440780e-02  -6.4238184e-02  -4.0609360e-01  -8.7321137e-02   2.0546326e-02  -2.5842831e-02   1.9883902e-02   1.5743167e-01  -3.7627837e-01
