   0.0000000e+00  -3.0048262e-01   1.2312421e-01  -1.6395278e-01  -4.2459120e-01   1.2327812e-01   2.1241911e-02  -5.8095747e-03  -3.5692979e-01  -3.0133016e-01   3.3287213e-01  -3.4145190e-01   9.6641758e-03   1.1022680e-01   2.4127987e-01  -5.6160219e-02  -2.1053767e-01   1.2622013e-01   1.9013127e-01  -3.2504555e-01   5.7091013e-02  -2.4442077e-01   5.5419071e-02   5.8483148e-01  -1.4293626e-01  -4.3455784e-03  -3.4040843e-01   4.5295570e-01  -1.4352960e-01   6.6893166e-03  -2.8535131e-02  -3.8065532e-01   1.9696158e-02  -1.4341897e-01  -2.1338295e-01  -1.0491813e-01   1.2837428e-01   5.5001232e-01  -3.1861576e-01  -4.2784116e-01  -3.9543171e-02   3.2789946e-01  -3.0475366e-01   3.9678423e-01  -1.6405990e-01   6.7878211e-01   6.8990472e-02   7.4466362e-02  -2.5172361e-01  -3.1992114e-01   2.5509274e-01  -5.4783293e-02  -3.2327576e-01  -6.9599835e-02  -2.5365229e-01   4.8244226e-01   1.9452040e-01  -6.6677633e-02  -9.4566927e-02   6.7851903e-02   6.4303933e-01  -1.5235567e-01  -1.7444711e-01   8.0087705e-02  -2.4877422e-01   8.5542664e-02  -2.7231108e-02  -2.9603756e-01  -1.8158476e-01   4.2423150e-01  -3.5931802e-01   1.0256358e-02  -1.5790302e-02   3.5106164e-01  -1.3652636e-01  -1.6875693e-01   6.2822981e-01   2.4032398e-01  -4.2585947e-01  -3.5582979e-01   3.6967677e-01  -2.0490625e-02  -5.3143741e-02   1.8016510e-01  -3.1411538e-01  -1.5978704e-01  -2.7119965e-01   1.2697964e-01  -2.0009422e-01   7.2876055e-01  -2.7236193e-01   6.0084270e-01  -2.2457031e-01  -2.6078157e-01   6.5171437e-01  -3.5542852e-01  -3.0069661e-01  -1.6155878e-01  -1.8245911e-01  -4.3127309e-02  -8.8869910e-02   4.3152860e-01  -1.3636692e-01  -2.7094554e-01  -3.9876965e-02  -2.8336286e-01  -1.5082481e-01  -2.4513302e-01  -9.8604678e-02   2.4152915e-01   1.3436596e-02   2.3771079e-01  -3.2982360e-01   8.0230811e-01   3.3645178e-01  -4.4475360e-01   1.6689814e-01  -4.7740863e-02   3.9097771e-01  -1.1901036e-01   6.8609632e-01  -3.1146858e-01  -3.1970587e-01  -3.6241571e-01   6.2482173e-01   3.7690616e-01   5.4519778e-02  -2.4213667e-01  -2.7401141e-01   6.6014119e-02  -1.9397323e-01  -1.9218105e-01  -7.8768828e-02  -1.3651145e-01  -2.6825168e-01   1.1478299e-01  -1.8427284e-01   3.2424539e-01  -3.8678410e-02   5.6251831e-01   1.2158489e-01  -1.2574768e-01   6.7762178e-03   3.0349898e-01   2.5861930e-01  -2.3536250e-01  -2.6758759e-01   1.3551994e-03   2.3914256e-01  -1.8296640e-01   6.0647495e-01   8.6988605e-02   5.8774018e-01   1.5580281e-02  -3.3456595e-01   6.2921949e-01   7.1590543e-01  -1.4305639e-01   5.8534014e-01   5.3516654e-02  -4.0959841e-01   1.9988951e-01  -3.2654354e-01  -1.0619548e-01  -1.8493899e-01  -3.7586677e-01   3.6296450e-01   5.0769550e-01   5.7906470e-01  -4.6930195e-01  -3.9793044e-01   5.8733710e-01  -7.6332020e-02   1.2712087e-01  -3.9060289e-01  -1.7735072e-01  -2.9073797e-01
  -3.0048262e-01   0.0000000e+00  -1.1623275e-01  -1.4861123e-01   5.0746566e-01  -5.7828339e-01   1.0536354e-01  -1.3097663e-01   7.0176910e-01   4.4199532e-01  -5.3770933e-01   5.9994931e-01  -3.2159493e-01  -3.3177473e-01  -3.8855619e-01  -2.3542665e-01   3.1912407e-01  -3.5589305e-01  -4.0440704e-01   6.9173584e-02  -5.9133080e-01  -2.2357991e-01  -5.3222765e-01  -3.2612992e-01   6.9701178e-02  -8.9799891e-02   2.1103658e-01  -4.3560642e-01   3.7891809e-01  -3.8365229e-01  -1.6440677e-01   2.5147989e-01  -1.8850608e-01   8.2333381e-02   1.5079702e-01  -2.1741792e-01  -9.0419760e-02  -2.2098788e-01  -1.1358171e-01   5.3165077e-01  -2.2797048e-01  -3.4766251e-01   5.2311283e-01  -5.3614146e-01   7.2993284e-02  -9.0276296e-02  -6.1083260e-01  -1.3582453e-01   6.9404028e-02   2.2797034e-01  -4.2002750e-01   6.3207121e-03   7.8703005e-01  -1.5530465e-01   2.8727280e-01  -5.5311866e-01  -5.1035732e-01  -6.7476852e-02  -2.6001654e-01  -1.1371095e-01  -3.3510164e-01  -2.4712726e-01   4.9600477e-01   4.0966698e-01   8.1225100e-01  -4.3351747e-01  -3.4460570e-01   3.7322735e-01  -2.8373458e-01  -4.7310476e-02   7.5705225e-01  -3.0784243e-01   8.6533437e-02  -2.2431605e-01   1.5352027e-01   1.4069807e-01  -2.6273030e-01  -3.9237929e-01   6.8342797e-01   2.0522238e-01  -6.1890604e-01  -1.1205181e-01  -3.9390471e-02  -1.6075041e-02   5.2527389e-01   1.7663943e-02   6.2405833e-01  -3.2834331e-01   1.5112231e-01  -2.7331734e-01   6.5729951e-01  -3.8308999e-01   4.4601324e-03   2.1841745e-01  -2.2715001e-01   2.2684361e-01   1.1702158e-01  -6.0215539e-02   3.7729030e-01   8.6485833e-02   2.2162526e-02  -4.4180895e-01  -8.4969280e-03   6.9975341e-01  -1.5861497e-01   1.7237410e-01  -4.3027964e-02  -7.9202690e-02  -1.6613283e-01  -4.5110012e-01  -1.7018435e-01  -4.9270125e-01   2.0837934e-01  -4.7059954e-01  -4.4071792e-01   6.3758498e-01  -8.5736744e-02  -1.5261531e-01  -6.5374884e-01  -3.6617930e-01  -2.5141144e-01   3.5518199e-01   3.8953431e-01   4.2457099e-01  -8.5381387e-02  -5.9763637e-01  -2.2468337e-01   3.4535494e-01  -2.5647689e-01   2.6679072e-01   2.7211370e-02   1.2730131e-01   4.7451659e-01  -1.7604913e-02   7.2569935e-02  -1.2260601e-01   1.8108595e-01  -4.9032796e-01   1.5106874e-01  -1.5036875e-01  -8.3681566e-04  -1.4845192e-01  -1.5203417e-01  -4.3965405e-01  -6.4611011e-01   6.4868475e-01   2.9963422e-01  -3.6404820e-01  -3.8923575e-01   5.8876850e-01  -3.7680226e-01  -1.1296050e-01  -2.9372197e-01   3.8660511e-01   6.2889011e-01  -2.2542280e-01  -1.7452203e-01  -4.2257330e-02  -2.5221895e-01  -3.1683338e-01   3.9534003e-01  -2.6094294e-01   3.5731199e-01  -4.6683291e-02  -8.3307073e-02   4.8677963e-01  -5.0337655e-01  -2.4331767e-01  -4.0140119e-01   5.5066883e-01   3.4215906e-01  -1.5573033e-01   2.1515783e-02  -3.2216998e-01   2.7706427e-01  -3.2651066e-02  -1.2320723e-01
   1.2312421e-01  -1.1623275e-01   0.0000000e+00  -7.4211241e-02  -8.1522683e-02   3.3527290e-01  -5.1698726e-02   5.9071569e-02   9.0392179e-02   6.5688099e-02  -1.9730895e-01   2.4864489e-01  -1.7477464e-01  -2.2330548e-01   1.0009466e-01   1.9938976e-01   7.1230158e-01  -3.5433949e-01   9.1439288e-02   1.9425024e-01  -3.4719914e-01  -6.5351666e-02  -2.3502731e-01  -7.6375246e-02  -1.9057399e-02  -9.2686373e-02   3.6512405e-01   7.3893856e-02   8.8549597e-02  -2.4288940e-01  -1.0957597e-01  -3.0047856e-01   1.7435135e-01   1.9269259e-01  -4.3368541e-02  -2.3802726e-01  -2.0524738e-01   1.3232796e-01   3.3361710e-02   3.6269032e-01  -1.8361143e-01   4.8222905e-01   1.4524854e-01  -1.1131508e-02  -2.3153652e-01   7.4019547e-02  -2.3214437e-01  -2.2965702e-01  -1.0010153e-01   4.5270408e-01  -2.0020472e-01   1.5844244e-02  -2.5145114e-01   3.0302018e-01  -1.9044928e-01   1.3698119e-01   1.3631248e-01  -2.6556791e-02  -9.0173646e-02   5.4275471e-02   2.2914055e-01  -7.3272921e-02   1.2097795e-01  -2.1422678e-01  -3.3094974e-01  -1.4704083e-02   2.6848320e-01   1.8893134e-02  -1.4173936e-01   6.1150819e-01   6.1648960e-02  -2.9633496e-01  -2.4503686e-02   5.2750351e-01   1.3722814e-02   3.5391404e-02   1.0359750e-01   2.3108710e-02  -8.7160292e-02   1.7067194e-02   3.9780297e-02  -6.0877520e-02  -3.2669948e-02   4.2291056e-02   2.3902061e-01  -2.7197434e-01  -1.5717086e-01  -9.7175488e-02  -1.1338370e-01   1.8080704e-01  -1.1032238e-01   4.4278222e-01   3.8218046e-01   6.5459025e-02   1.0294453e-01   1.3067031e-01   1.1166362e-01  -4.9548229e-03  -7.4337086e-02  -2.3351199e-01   5.0492802e-03   5.8770219e-02  -1.5058953e-01  -1.1848772e-01  -2.4287052e-01  -1.2479946e-01   2.5787614e-01  -3.6643987e-02   1.0960497e-02  -1.9856224e-01   2.3135806e-01  -1.3826421e-01  -2.2885618e-02   1.6158787e-01   3.5406079e-01  -7.6601141e-02  -1.3377601e-01  -5.9579030e-02   1.1376931e-01  -1.4252167e-01   9.3584949e-02   9.8936543e-02   2.8799628e-01  -2.6802902e-01   6.0994153e-02   1.3988527e-01  -1.3687552e-01  -4.4209334e-02  -1.6536142e-01   7.4832771e-01  -1.4792129e-01  -3.2941745e-01   4.4686971e-02  -1.8551481e-01   1.2840234e-01   2.3060788e-02   6.1668043e-02   1.0866006e-02   1.3308889e-01   6.8499025e-02  -1.8146642e-02  -7.8784051e-02  -1.2995934e-01   4.9806336e-01  -1.0679964e-01  -3.4659337e-01   2.5931749e-01  -3.2692558e-01  -4.1560055e-02  -2.3818504e-01   2.8806998e-01  -1.9758336e-01   3.1121796e-01  -2.2887180e-01   4.8587675e-01   4.6950899e-02   6.4947967e-02  -3.5755638e-02   4.0618432e-01  -3.0338851e-01  -4.7968127e-02  -1.2566208e-01  -2.3389995e-02  -4.5836002e-01  -7.1456397e-02   7.0455199e-02  -6.5867769e-02   4.9699470e-02   3.9347431e-01  -1.6114030e-01   9.2893797e-02   9.9408008e-02  -4.0571596e-01   2.1317661e-01  -5.2882603e-02   7.6370039e-02   3.5537455e-02
  -1.6395278e-01  -1.4861123e-01  -7.4211241e-02   0.0000000e+00  -6.0366566e-02   1.7932950e-01   2.6429506e-01   2.3219905e-01   2.3049715e-02  -4.9453394e-03   1.0508414e-01  -5.6777509e-02   2.4014803e-01   5.4392428e-01   1.6722143e-01   1.0003864e-01  -5.5686042e-02   1.9520781e-01   1.2525322e-01   5.8078409e-02   3.5958490e-01   3.6427221e-01   3.5687174e-01  -1.7350283e-01   1.9322067e-01   2.1211021e-01   2.9077843e-02  -8.8801039e-02  -2.6546119e-02   4.2842042e-01   3.6384882e-01   4.6040288e-01  -1.8064049e-01   1.2969790e-01   5.9838581e-02   1.9212942e-01   9.8337326e-03  -1.5533043e-01   1.3903452e-01  -1.2884709e-01   1.7301245e-01   6.1095747e-02  -1.3677992e-01   3.6887023e-02   3.6264697e-01  -1.7503866e-01   2.6143583e-01   2.8440915e-01   3.2357597e-01  -4.7241973e-02   3.1917056e-01   3.5361631e-01  -2.2157942e-01   9.9253001e-02   1.7092622e-01   3.0559693e-02   1.0223853e-01   2.9662886e-01   4.5128686e-01   2.4673205e-01  -4.2382031e-03   2.9733781e-01   1.4419163e-02  -2.1229742e-01  -1.8919758e-01   2.9221334e-01   3.3826330e-01   6.1918072e-03   3.9153565e-01  -2.1658417e-01  -1.1523878e-01   4.3322078e-01  -1.0678210e-03  -1.5312114e-01   5.5640211e-03   2.6768544e-01  -1.3070418e-01   2.0851008e-01  -7.7174786e-02   2.6535289e-01   1.4494411e-01   5.3781033e-02   1.3748024e-01   1.6252176e-01  -1.2625737e-01   2.3124905e-01   7.1535704e-02   6.0215492e-02   1.0258576e-01  -2.3523169e-01  -5.3863369e-02  -9.7683007e-02   5.4982253e-02   2.5278922e-01  -1.5913382e-01  -1.0094934e-01   2.2887761e-01   3.8481273e-01   2.6192296e-01   3.1133168e-01   6.1309669e-02   5.0139487e-02   4.2105955e-01   3.5041867e-02   3.0464145e-01   3.7915575e-01   6.5757672e-02   4.3614341e-01   1.2647335e-01   8.3257398e-02   1.8510475e-01   8.7707788e-02   1.9669774e-01  -1.9378316e-01  -1.1357278e-02  -1.4318502e-01   1.6896981e-01   2.0738910e-01   1.6082181e-01   6.1906829e-01  -3.1536954e-01  -2.5106255e-02  -7.0494060e-02   5.2078413e-02  -2.7321834e-01   1.0199427e-01   3.0302523e-01   2.3691960e-01   3.3272895e-01  -1.8625489e-01   9.9854441e-02   2.7828209e-01   3.4755572e-02   2.6681276e-01   2.9493393e-01   1.6054655e-01   6.1827140e-03   1.9931460e-01   1.9487043e-01  -2.1086084e-01   3.0133486e-01  -1.0154206e-01   3.4853722e-01   4.5372865e-02   2.3804587e-01   6.2662395e-02   2.2524515e-02   1.6488751e-01   9.6362462e-02  -1.5180615e-01  -1.7095453e-01   2.9681799e-01  -2.3682430e-01   1.4792415e-01  -1.7467583e-01  -1.2817739e-01  -1.8746247e-01   4.7281083e-01  -3.3403458e-02   3.3149918e-01   2.2819976e-01   2.5280608e-01   1.1032149e-01   2.0632343e-01   2.9382409e-01  -9.4621292e-02   1.0722570e-01  -2.5116163e-01  -1.1252899e-01  -1.6550591e-02   1.7148234e-02  -1.5394282e-01   2.3487357e-01   1.0871964e-01   1.4094206e-01   5.3240192e-02   4.2286468e-01
  -4.2459120e-01   5.0746566e-01  -8.1522683e-02  -6.0366566e-02   0.0000000e+00  -2.9647541e-01  -1.4443111e-01   1.2595533e-01   4.2435060e-01   3.7166874e-01  -4.4908271e-01   4.0417328e-01   1.6299316e-01  -1.9125108e-01  -5.5576272e-01  -3.2392167e-02   3.5818015e-01  -1.0199886e-01  -1.6123009e-01   7.2462446e-01  -3.2199464e-01  -1.1741712e-01  -3.3683768e-01  -3.3407505e-01   1.0328383e-01   3.6071623e-02   4.7605550e-01  -5.5429483e-01   1.4709053e-01  -5.2891415e-02  -1.6084949e-01   2.2725051e-01  -8.1741476e-02  -6.9694983e-02   1.6892823e-01   1.9888746e-01  -7.7591753e-02  -3.9554302e-01   3.2715247e-01   4.7858617e-01   3.0230423e-01  -3.5899790e-01   5.3396233e-01  -1.9412280e-01   9.3279550e-02  -4.9616143e-01  -2.2211240e-01  -2.7378762e-01   2.6353411e-01   4.9078132e-01  -3.7281147e-01   8.9008902e-02   6.6996538e-01   1.5205337e-02   6.4051076e-03  -3.3044505e-01  -2.5806512e-01  -2.0563205e-01   4.5997826e-02  -2.6149126e-01  -4.7591504e-01   7.0825022e-02   2.4561793e-01   1.0047809e-01   6.2188195e-01  -2.2421051e-01   2.0236960e-02   3.7284591e-01   7.2608912e-02  -3.2686791e-01   2.4766916e-01  -2.5200477e-01   1.0301979e-01  -2.2841766e-01   2.6639913e-01   1.2425774e-01  -4.9702405e-01  -1.5310075e-03   8.1554997e-01   2.7146586e-01  -5.7668215e-01   4.7761057e-02   1.1175435e-01  -8.0973190e-02   2.9825730e-01  -1.1452623e-03   2.6661689e-01  -2.7022483e-01   1.5051664e-01  -5.0738678e-01   7.5999708e-01  -5.4279918e-01   2.0880825e-01   1.3477388e-01  -5.1396750e-01   8.4099918e-01   3.1969062e-01   1.0439690e-01   3.1507872e-01  -1.2218251e-01  -2.0708878e-01  -3.7542434e-01   2.3425472e-01   2.8749399e-01  -1.2410193e-01   1.5649496e-01   1.9050345e-01   2.0066727e-01  -2.0444566e-05  -2.5268323e-01  -5.4768687e-02  -2.1995221e-01   3.2242970e-01  -5.2916631e-01  -5.9522968e-01   7.0228064e-01  -2.6505864e-02   1.4298694e-01  -5.3924270e-01  -1.6121083e-01  -4.0857561e-01   8.1400838e-01   3.7440642e-01   3.0382676e-01  -4.1698048e-01  -2.5382044e-01  -5.2939457e-02   3.6759661e-01  -1.1656152e-01  -4.9346602e-02   3.2928069e-01   2.4601053e-02   4.3302305e-01  -6.6142878e-02  -5.3633588e-03  -2.1499108e-01   2.3825824e-01  -4.8296450e-01   1.3440890e-01  -5.2018372e-01  -7.2417857e-02   2.4927196e-01  -2.0359669e-01  -4.5263581e-01  -5.2816077e-01   3.6010065e-01   7.3171194e-02   2.3997499e-02  -2.6556476e-01   1.3146754e-01  -5.8121618e-01   4.7052420e-02  -4.7166866e-01   1.8326302e-01   5.1464270e-01  -4.2329247e-01  -4.1747511e-01   5.1598848e-02  -3.3140613e-01  -1.7485951e-01   3.7907692e-01  -1.4096416e-01   2.7055725e-01  -7.7182545e-03  -8.3923853e-03   3.7401649e-01  -4.5437507e-01  -8.7566880e-02  -4.1511832e-01   7.7004519e-01   4.8590120e-01  -3.8076779e-01   4.2665677e-02  -1.0962782e-01   1.6167638e-01   2.3191094e-01   1.8712904e-01
   1.2327812e-01  -5.7828339e-01   3.3527290e-01   1.7932950e-01  -2.9647541e-01   0.0000000e+00   1.2315748e-01  -7.1191525e-02  -5.1610125e-01  -1.2129911e-01   1.6018812e-01  -2.4489002e-01   1.4015184e-01   2.7547238e-01   2.0504160e-01   4.1044480e-01  -8.0863512e-02   3.2912288e-02   4.6782820e-01   1.3407852e-01   3.4958219e-01   1.0193553e-02   4.2864152e-01   3.7690531e-02  -2.3175691e-01   8.1306793e-02   3.2477274e-01   3.3720793e-01  -2.8485395e-01   3.1233779e-01  -2.7342062e-02  -1.8798601e-01   1.6007844e-01   9.3061196e-03  -1.6952778e-03   2.3336700e-01  -9.3292563e-02   6.4695622e-02   1.1355700e-01  -3.1290138e-01   8.1763014e-02   4.5042982e-01  -4.2292903e-01   1.8291996e-01  -4.2681100e-02  -5.8718776e-02   4.4148800e-01   1.9557023e-01  -5.9069167e-02  -1.6903062e-01   2.5010104e-01  -1.0565702e-01  -5.7059964e-01   1.4822932e-01  -2.7178356e-01   4.5416418e-01   6.5154599e-01   9.9739859e-02   1.8295121e-01   5.6324155e-03   1.5116368e-01   1.5434061e-01  -4.5136711e-01  -5.3391530e-01  -5.2211796e-01   7.4174484e-01   5.9968755e-01  -3.2582626e-01   2.7965463e-01   2.5482727e-01  -4.9228203e-01   1.9804777e-01  -2.4771503e-02   3.3824440e-01  -3.8424702e-01  -1.2030251e-01   9.4569073e-02   3.2177652e-01  -3.6644008e-01  -2.9707980e-01   5.2426311e-01   1.0827151e-01  -2.6938962e-02  -4.8324267e-03  -4.2713683e-01  -1.7214406e-01  -5.0135655e-01   1.4388192e-01  -2.1845566e-01   1.5891053e-01  -3.4687009e-01   2.2007078e-01   2.6544390e-01  -2.6313500e-01   6.8218745e-02  -4.5219712e-02  -1.3040730e-01   1.3163511e-01  -3.5182356e-01  -1.2517432e-01  -3.9324296e-02   2.3634273e-01   2.4875530e-02  -5.2497396e-01   4.8528273e-02  -1.2845483e-01   3.8310829e-04   2.0066630e-01  -7.8106475e-02   2.0592522e-01   3.0086110e-01   4.7079097e-01  -1.8584581e-01   2.4807373e-01   5.4223591e-01  -4.2164407e-01   3.8861043e-02  -1.8675766e-03   5.1550502e-01   3.7722831e-01  -1.0683367e-02  -1.5301066e-01  -2.3557975e-01  -4.3305619e-01  -6.3823099e-02   6.0004013e-01   1.3504604e-01  -4.2208856e-01   3.5591557e-02   7.1207804e-02   9.4878324e-02  -2.7035090e-01  -3.3307707e-01  -1.7722844e-01  -2.4612486e-02  -1.5130137e-02  -3.3519419e-01   2.9723370e-01  -1.4983918e-01   8.1280957e-02  -8.7077649e-02   7.5362116e-02   1.0285091e-01   6.1280821e-01   2.8503028e-01  -5.6329955e-01  -4.2765702e-02   3.4409313e-01   4.6922169e-01  -6.0235513e-01   4.1605795e-01  -9.5683984e-02   1.6020546e-01  -3.5937874e-01  -1.8496209e-01   7.3518135e-02  -7.3410666e-02   1.5222349e-02  -3.7857817e-02   1.2303707e-01  -1.4744581e-01   2.5018546e-01  -2.5347954e-01  -4.5422637e-02   9.3643399e-02  -2.1590281e-01   2.4636221e-01   8.8075997e-02   2.9693364e-01  -3.5112077e-01  -4.7299632e-02   1.6422735e-02  -1.4575214e-01   5.8956806e-01  -1.7118772e-01  -1.0890838e-01   2.4185388e-01
   2.1241911e-02   1.0536354e-01  -5.1698726e-02   2.6429506e-01  -1.4443111e-01   1.2315748e-01   0.0000000e+00  -1.9591979e-01  -1.5765933e-01   4.3650837e-01  -4.4663628e-02   2.8374927e-01  -2.9211758e-03   1.6940422e-02   5.9259429e-01   5.1990552e-02  -2.1391956e-01   1.9665729e-01  -1.5996495e-01   1.2729220e-01   2.6926839e-01  -4.1958002e-02   4.7452377e-01  -1.1968485e-01   8.1950243e-02  -2.0467399e-01   1.2519109e-01   6.1468681e-02  -2.3877833e-01  -2.3036477e-02   1.8827877e-01  -1.8152132e-02  -8.3974533e-02   6.1649515e-01   2.6531672e-01   3.2168447e-01   2.1429705e-01   8.8727804e-03  -2.3098178e-01  -1.2646415e-01  -1.6984346e-02   1.0155773e-01  -2.5229893e-01  -2.3990389e-01   6.4204222e-01   2.0736680e-01   6.5621761e-03   6.0956272e-01  -1.7226135e-01  -4.0476650e-01   3.1656869e-01  -1.5556565e-02  -3.6774278e-02  -2.5931515e-01   1.6210459e-01  -2.2822660e-01  -2.3846884e-01   5.7640852e-02   7.2225463e-02   1.9871758e-01   3.1808408e-02   2.4066494e-01  -1.9708622e-01   1.5742692e-02   1.0587031e-02   4.2626443e-01  -1.8145887e-01  -2.7588557e-01  -4.0145761e-01   2.0628463e-01   1.6681125e-01   4.1212422e-01   1.7762936e-02  -2.3627902e-01  -3.0941718e-01   8.0812392e-02   1.0361816e-01  -5.3360005e-02  -5.0260236e-03  -3.3701909e-01   1.6319666e-01   1.8346556e-01   2.5645076e-01  -1.3973489e-01  -1.0322682e-01   1.0367374e-04   8.6264192e-02   6.6534353e-04  -6.8668371e-02   1.9754829e-02  -1.6833034e-01   8.1928570e-03   3.3913815e-01  -6.1963795e-02   9.7779510e-02  -2.9871989e-01   1.1832328e-02  -1.2040932e-02   3.1856130e-03   7.2075955e-01   1.4055269e-01   1.1847509e-01  -1.2414394e-01  -4.7461141e-02   3.3068211e-02  -1.4164458e-01  -1.7642092e-01  -1.7942979e-01   4.0714276e-02   1.7884328e-01   6.2041893e-01  -2.5152860e-01  -1.7075590e-01   5.8998490e-03   3.1860961e-01  -1.9985481e-01  -2.5927772e-01  -4.7394017e-02   4.5255929e-02   2.2949083e-01   4.0724771e-02  -1.6625273e-01   1.5215200e-03  -5.8097984e-02   5.1832243e-02  -2.5266408e-01   3.4592253e-01  -3.4931158e-01  -2.0807288e-01   1.0254811e-01  -9.2948464e-02   5.0689888e-01  -3.5445246e-01   2.3234211e-01  -2.0769137e-01  -5.8679733e-02  -4.3290205e-01   2.0506181e-01  -1.3305268e-01  -7.1202164e-02  -6.2542627e-02  -2.7402443e-01  -9.3287859e-02   1.5485942e-01   3.5020938e-01   1.8367919e-01   5.2705040e-01   2.1845292e-01   3.2635093e-01  -1.0007551e-01   4.0495020e-02   1.2117345e-01   2.9841863e-02   2.3543102e-01  -1.2965235e-02   1.1427977e-02   7.5510732e-02   1.7221610e-01  -2.0702704e-01   8.9850235e-02   2.5261094e-01  -5.3894217e-02   3.2194960e-01   2.7635000e-01  -4.2105055e-01   2.2572283e-01   1.9333150e-01  -2.0423714e-01  -9.4992476e-02  -3.7342291e-02   2.8022393e-01   1.0561980e-01   3.8347851e-01   9.7161839e-02   6.9808813e-02  -2.7853591e-01  -1.7921494e-01
  -5.8095747e-03  -1.3097663e-01   5.9071569e-02   2.3219905e-01   1.2595533e-01  -7.1191525e-02  -1.9591979e-01   0.0000000e+00   7.5749004e-02  -5.3805843e-02   2.2840719e-01  -1.4682920e-02   2.6726709e-01   1.1200407e-01   5.1700669e-02   1.4247213e-01   7.3089439e-02   1.8316597e-01   1.0035352e-02   1.0178730e-01   1.8341748e-02   3.6290297e-01   3.4001926e-02  -6.8514695e-02   1.5701749e-01   2.4029107e-01  -4.2356835e-02  -8.4080625e-02   1.4243205e-01   1.3182289e-01   1.7545188e-02   2.4897682e-01  -1.2535559e-02  -5.9459483e-02   3.9332187e-02  -1.4216542e-03   1.4420449e-03  -5.7299776e-02   2.8661139e-01   6.3870272e-02   3.3979283e-01   1.0568708e-01   1.2849902e-01   4.6516805e-01  -8.4858541e-03  -1.6280131e-01   5.0686031e-02  -1.5150493e-01   1.4320207e-01   1.4912668e-01   1.5768163e-01   5.9064731e-01  -2.4998925e-02   2.9058761e-01   2.6672931e-02   1.5517910e-01   1.3428481e-01   2.2391467e-03   5.1905575e-01   1.6816703e-01   4.5381339e-02   9.5093493e-02   2.4661782e-02   1.5034218e-01  -1.8653612e-02  -2.2642219e-01   2.3722981e-01  -3.4760501e-02   3.3098637e-01  -1.6946603e-01  -1.8465283e-01   1.9873254e-02   2.7623293e-02   8.3234151e-03   4.2270748e-01   2.6843962e-01  -7.0928897e-02   4.9568006e-01   5.8591182e-02   3.5061560e-01  -7.5558183e-02  -1.0353102e-01   2.8750978e-02   4.7984903e-01  -9.0343731e-02   2.2505771e-01  -6.0195562e-02   7.6795071e-03   1.8133399e-02  -1.7640717e-01   7.2503321e-02  -4.3688996e-02  -1.2409621e-02   3.0432416e-01  -1.1663437e-01   2.3322010e-01   4.0976638e-01   4.4619106e-01   2.6970391e-01  -2.7267815e-02  -1.4638627e-01   2.6058831e-01   4.4030850e-01   1.0213152e-01   1.2360823e-01   3.8470977e-01   2.5950134e-01   4.6366543e-01   2.7681941e-01   7.5423985e-02  -3.8439551e-03   1.5383234e-02   1.8308121e-01  -7.6152990e-02  -2.1590669e-01  -5.8910890e-02   4.1540977e-01   4.1734999e-01   4.1760659e-02   8.3924905e-02  -8.6609378e-02   1.8121913e-01   6.7164349e-02  -8.0182714e-02  -3.7720547e-02   6.7447219e-02   8.9762020e-02   3.0013484e-01   2.6566568e-01  -1.8696271e-01   3.2932999e-01  -1.5197520e-01   2.2008236e-01  -2.2831621e-03   2.7832674e-01   5.1273895e-01   3.2202734e-01   5.0367668e-02   5.0604258e-01  -2.0994842e-01   2.1738249e-01   1.3082621e-02   2.8580635e-01  -6.5974253e-02   7.2691682e-02  -9.9049612e-03  -1.7560130e-01  -1.2870399e-01  -5.5563220e-02  -1.3830670e-01  -1.8162045e-01   4.3922445e-01   2.5228289e-02  -5.5060864e-02   3.7901386e-02  -9.7047824e-02  -4.4258266e-02   4.5989131e-01   9.0782241e-02   2.1794208e-01   7.0676213e-02   2.8818540e-01  -1.4279838e-01   2.9727711e-01   2.2235640e-01  -2.3715339e-02  -3.8814857e-02   9.2023055e-02   4.9722110e-02  -2.5756423e-02   1.1331609e-01  -7.3630275e-02  -9.2282997e-02  -1.1822491e-01   3.1020030e-01   1.8547698e-01   3.4023834e-01
  -3.5692979e-01   7.0176910e-01   9.0392179e-02   2.3049715e-02   4.2435060e-01  -5.1610125e-01  -1.5765933e-01   7.5749004e-02   0.0000000e+00   2.4459764e-01  -4.6268633e-01   4.3350672e-01  -2.9826033e-01  -2.1534206e-01  -3.5694159e-01  -3.1775777e-01   5.1181419e-01  -3.4475189e-01  -3.7210613e-01   6.9829906e-03  -5.0528536e-01  -5.6788762e-02  -5.0972333e-01  -2.3568339e-01   2.0850209e-01  -1.1403448e-01   1.8273100e-01  -3.8230095e-01   3.7612113e-01  -3.3627767e-01   1.6573935e-01   2.1593158e-01  -1.6694513e-02   1.1584456e-01   7.8330327e-02  -3.2059636e-01  -1.5678914e-01  -1.9648143e-01  -1.0563267e-01   6.5919829e-01  -1.8903006e-01  -1.8013795e-01   6.1058302e-01  -4.4497922e-01  -5.6049884e-02  -2.4974993e-01  -5.2754972e-01  -2.4269367e-01   3.1836743e-01   4.8283120e-01  -4.8487839e-01   2.7353967e-01   6.7075827e-01   1.2528035e-01   1.4008603e-01  -4.7913946e-01  -4.3236771e-01  -8.0803951e-02  -1.8960838e-01  -1.1204625e-01  -3.2415884e-01  -6.8414784e-02   7.4567891e-01   4.3501768e-01   5.9123246e-01  -5.2585605e-01  -1.6749465e-01   4.3558959e-01  -1.7837790e-01  -1.0435798e-01   6.8410020e-01  -3.8598843e-01  -1.0498754e-01  -1.6722724e-01   3.8697723e-01   1.7028613e-01  -3.4028416e-01  -3.8240427e-01   5.7969453e-01   3.5087273e-01  -5.6704758e-01  -2.1554360e-01  -5.7261874e-02   9.5793262e-02   5.5191278e-01  -9.4196102e-02   6.3888189e-01  -1.9922079e-01   2.1302332e-01  -2.9463618e-01   5.8280372e-01  -2.8878521e-01  -2.8475474e-02   4.6326459e-01  -3.1863856e-01   2.5575044e-01   3.2930644e-01  -2.1264426e-02   4.0078061e-01   2.5440896e-03   7.8519838e-02  -3.6419261e-01   1.7808951e-01   7.6133474e-01  -1.9442122e-01   1.8473128e-01   2.5232204e-01  -9.2198671e-03   8.0777816e-02  -4.3710398e-01  -2.0894888e-01  -5.1138376e-01   1.8850223e-01  -4.7663447e-01  -4.0509924e-01   5.8921754e-01  -7.3348955e-03  -1.7478361e-01  -5.1165861e-01  -3.5129690e-01  -2.2812052e-01   3.6911064e-01   4.7508685e-01   4.5743546e-01  -1.6522038e-01  -5.1271313e-01  -1.9954051e-01   5.3132337e-01  -2.9536797e-02   3.1429654e-01  -6.9202771e-02   7.5489603e-02   4.3074161e-01   1.7880237e-01   3.4487296e-01   3.1530763e-03   3.4639448e-01  -3.5200030e-01   2.5294931e-01  -2.3327659e-01   4.2697968e-02  -5.2243411e-02  -1.1621705e-01  -4.1951658e-01  -5.0467737e-01   5.2699355e-01   2.0603182e-01  -4.3672322e-01  -5.0649563e-01   5.8881436e-01  -4.2840460e-01  -4.0471891e-02  -2.2672223e-01   2.7470914e-01   6.2619025e-01  -2.0845326e-01  -3.0349139e-01  -3.4585486e-02  -2.3755663e-02  -1.8971917e-01   3.3094224e-01  -2.9457163e-01   3.0527985e-01  -2.0503080e-01   4.1974709e-02   3.9685793e-01  -4.2679686e-01  -2.6468841e-01  -2.7515643e-01   4.7445774e-01   1.9492554e-01  -1.8955810e-01  -4.5101219e-02  -3.2813406e-01   2.5299757e-01   1.9648580e-01  -3.7104846e-02
  -3.0133016e-01   4.4199532e-01   6.5688099e-02  -4.9453394e-03   3.7166874e-01  -1.2129911e-01   4.3650837e-01  -5.3805843e-02   2.4459764e-01   0.0000000e+00  -4.2687131e-01   4.6549461e-01  -2.5191250e-01  -2.6883040e-01   1.7355691e-01  -2.6185680e-02   2.0214817e-01  -3.1739543e-01  -2.4449488e-01   4.2731820e-01  -2.2158411e-01   7.8053825e-02   1.7893394e-02  -2.7263146e-01   3.7652822e-02  -8.8224930e-02   3.6633432e-01  -2.4156245e-01   2.2548713e-01  -2.4901921e-01  -7.9651466e-02   2.3888398e-02  -1.1283370e-01   6.1227270e-01   4.8693025e-02   8.1566707e-02   2.1447419e-01  -2.2864647e-01  -6.0818438e-02   4.6056935e-01  -2.0747555e-01  -4.3343133e-02   2.2825065e-01  -3.8797254e-01   2.9243375e-01  -1.6113845e-01  -3.6426587e-01   3.2341836e-03   1.6978162e-01   1.1755960e-01  -1.5757074e-01   1.2325936e-02   3.1065374e-01  -6.6269963e-02  -3.6524254e-03  -3.5753409e-01  -3.3560874e-01  -7.3787798e-02  -1.8048943e-01  -1.5574241e-01  -3.8960817e-01   1.6770089e-01   1.1860312e-01   4.6120515e-03   2.2254930e-01   3.6154579e-02  -1.4438247e-01   2.6137916e-01  -2.3040977e-01   1.5014595e-01   4.6788773e-01   5.5126638e-02   1.4065197e-01  -3.7973295e-01  -1.0572002e-01   2.3860394e-01  -2.3778360e-01  -1.4275190e-01   4.2510389e-01   3.6039021e-02  -2.8067482e-01   6.6170926e-02   1.7529244e-01   4.5614453e-02   1.6091644e-01  -4.5506774e-03   1.3073759e-01  -6.5033478e-02   7.9267130e-02  -3.2117016e-01   1.6565629e-01  -2.9076398e-01   5.6108251e-01   8.8013903e-02  -2.4687100e-01   2.7718924e-01   1.4124079e-01  -7.5812919e-03   1.8384180e-01   3.9446093e-01   2.5404929e-02  -2.1775720e-01  -3.9963417e-02   2.2027728e-01  -3.6666438e-01   1.9098478e-01  -6.5278899e-02  -9.3232200e-02   4.2013725e-02  -2.7726459e-01   5.2066096e-01  -3.9372784e-01   2.2701037e-01  -4.2806534e-01  -8.3310167e-02   2.4408678e-01  -1.1358480e-01  -5.9954666e-02  -4.2606338e-01  -2.6323810e-02  -2.2375398e-01   1.1554807e-01   3.0814696e-01  -1.4075116e-03  -2.1031189e-01  -5.0718539e-01  -2.4166128e-01   7.2641290e-02  -1.5153868e-01   2.4005866e-01   1.1756969e-01   3.9048474e-01  -2.3733349e-01   7.8717004e-02   3.3913955e-03  -1.5039713e-01  -1.8694309e-02  -1.6947907e-01  -3.8056783e-02  -2.8225529e-01  -1.6945374e-01  -2.3638178e-01  -3.2694826e-01  -2.8844907e-01  -3.1409970e-01   2.2449628e-01   6.2668156e-01  -1.1222253e-01  -7.0906715e-02   2.0807536e-01  -4.2002821e-01  -1.8147474e-02  -2.9699499e-01   3.3180265e-01   3.9249578e-01  -1.8005760e-01  -2.1052749e-01  -6.6586560e-02  -4.4475044e-01  -1.5864811e-01   4.3869041e-01  -1.1231512e-01   3.0563199e-01  -1.4255387e-01  -1.9635224e-01   4.8795262e-01  -1.6847699e-01  -2.2996228e-01  -3.2221028e-01   2.7094455e-01   4.8630996e-01  -1.7064667e-01  -3.0707312e-02  -1.6835739e-01   2.6084612e-01   3.3791443e-02  -5.1435337e-02
   3.3287213e-01  -5.3770933e-01  -1.9730895e-01   1.0508414e-01  -4.4908271e-01   1.6018812e-01  -4.4663628e-02   2.2840719e-01  -4.6268633e-01  -4.2687131e-01   0.0000000e+00  -5.1120798e-01   2.2148841e-01   2.1513062e-01   2.3610019e-01   1.2040513e-01  -6.0205469e-01   6.6935678e-01   2.9033016e-01  -2.8814083e-01   4.5716456e-01   2.9479107e-01   4.4161726e-01   2.4596755e-01  -1.8460813e-01   2.3989110e-01  -4.3002705e-01   2.0613255e-01  -2.1166149e-01   3.1984404e-01   2.8038443e-02   1.0091024e-01   5.2108318e-02  -2.8498053e-01   3.2792527e-02   4.1664799e-01   1.5029609e-01   4.4544494e-01  -4.9270642e-03  -7.3692785e-01   2.3285672e-01   2.8998259e-02  -6.2980524e-01   6.3551448e-01   1.3263063e-01   3.3462229e-01   7.3559470e-01   1.0435805e-01  -3.3881786e-01  -6.4420620e-01   7.5833634e-01   1.2694803e-01  -4.7486452e-01  -2.9738104e-01  -3.3870042e-01   5.7024043e-01   4.0184223e-01   3.2816215e-01   4.2621187e-01   3.4250251e-01   5.3629934e-01   6.6929009e-03  -3.0558722e-01   5.6976988e-02  -3.7886870e-01   2.8384775e-01   6.5084833e-02  -3.7238857e-01   2.8020470e-01   6.8747864e-02  -6.7800641e-01   4.4721365e-01   6.7892170e-04  -1.1078402e-01  -1.5741312e-01   2.1425755e-02   5.2815196e-01   3.3458670e-01  -4.9619866e-01  -6.5559533e-02   3.3638075e-01   4.3008007e-02  -5.6532175e-02   2.5560454e-01  -6.8762712e-01   2.6838471e-01  -4.8547135e-01  -7.8095273e-02  -1.5303413e-01   2.9535616e-01  -4.4345829e-01   4.2914712e-01  -3.8899496e-01  -1.1906707e-01   4.8293349e-01  -3.7481855e-01  -6.5649237e-02   1.8132759e-01  -1.6601322e-01   2.2668480e-03  -4.1497976e-01   7.1214218e-01  -1.2871312e-02  -2.0121038e-01   5.7362020e-01   8.6564372e-03  -3.5657990e-01   1.8556405e-01   8.0517865e-03   7.0400521e-01  -1.8036194e-01   4.7844468e-01  -1.7628622e-01   4.1132164e-01   1.2584392e-02  -6.3371611e-01   3.2946717e-01   2.5554996e-01   2.9845993e-01   3.5021833e-01   3.3196311e-01  -3.9057563e-01  -5.0604060e-01  -3.6487423e-01   3.8853533e-01   3.0217639e-01   3.1550660e-01  -3.0413669e-01   2.1165841e-01  -3.6436338e-01   8.2636240e-02   7.3231764e-02  -2.6689487e-01  -1.8388496e-01  -5.7524327e-02   4.7371156e-01  -1.8261422e-01   2.1273583e-01   1.5735799e-01   4.0874706e-01   1.1396311e-01   4.6477354e-02   5.7891824e-01   1.9354994e-01   5.5808541e-01  -2.3103536e-01  -5.9612256e-01   4.3629137e-01   6.2447485e-01  -3.8159324e-01   2.0232493e-01   9.3247748e-02   2.3527831e-01  -1.3759605e-02  -6.3907375e-01   3.9331935e-01   3.6231209e-01   2.8514350e-01   2.2948002e-01   2.7013656e-01  -3.1920990e-01   6.0281819e-01  -3.8075400e-01   5.2127695e-01   9.4804937e-02  -5.5637779e-01   7.1611804e-01   3.1267737e-01   1.9426942e-01  -5.1704333e-01  -5.4253161e-01   4.3052937e-01   3.9891418e-01   1.8625918e-01  -2.6176236e-01  -2.1799061e-01   1.2585394e-01
  -3.4145190e-01   5.9994931e-01   2.4864489e-01  -5.6777509e-02   4.0417328e-01  -2.4489002e-01   2.8374927e-01  -1.4682920e-02   4.3350672e-01   4.6549461e-01  -5.1120798e-01   0.0000000e+00  -2.4151743e-01  -2.3277553e-01  -1.0235532e-01   7.0490879e-02   4.4313064e-01  -2.9856796e-01  -2.9322841e-01   2.9807107e-01  -4.6328942e-01   5.4236896e-02  -4.9365444e-01  -5.9399382e-01   2.6488259e-02  -1.1040210e-01   4.7264821e-01  -5.4640455e-01   2.0015506e-01  -2.5343353e-01  -1.9596645e-01   4.7875407e-02  -2.9050670e-02   4.2400763e-01   4.1002132e-01  -1.5522288e-01  -2.1758718e-01  -3.4424946e-01   4.9568488e-02   5.4255606e-01  -2.3037030e-01  -5.1293177e-02   5.8993071e-01  -5.6117397e-01   1.8943705e-01  -3.1656547e-01  -5.2019805e-01  -1.0899966e-01  -1.0530815e-01   3.6940906e-01  -3.6127508e-01   3.9433102e-02   4.6435633e-01   5.7742477e-02   2.6363455e-01  -6.2189391e-01  -2.7931799e-01   4.6041126e-02  -1.4891469e-01   2.2735619e-01  -3.4946543e-01  -1.6470007e-01   3.6053095e-01   1.2932794e-01   4.0900505e-01  -2.9509967e-01  -1.5350940e-01   4.0863874e-01  -3.0166994e-01   5.5892853e-02   5.6078866e-01  -3.3137310e-01   5.9380594e-02   4.8173036e-02   1.7601268e-01   1.9117602e-01  -4.0901609e-01  -1.7256750e-01   5.5941860e-01   2.5897911e-01  -5.9462729e-01  -7.4175692e-02   4.6202807e-02  -8.9028213e-02   4.8380762e-01  -3.1676142e-02   3.3499757e-01  -5.0016574e-01   2.5713921e-01  -4.4402948e-01   3.9130791e-01  -3.1465401e-01   4.9446330e-01   4.2897008e-01  -3.5608668e-01   3.3949048e-01   2.9784488e-01  -6.8593302e-02   2.2554126e-01   1.0749181e-01   1.3199932e-02  -2.7336440e-01  -1.1515395e-01   4.1186189e-01  -5.3861285e-02   1.0208589e-01   2.8070516e-01  -2.6254258e-02  -1.9869988e-01  -3.6572985e-01   2.4396026e-01  -6.2482856e-01   2.0691081e-01  -5.2674638e-01  -3.1182749e-01   4.7342179e-01  -3.0698494e-01  -1.9564682e-01  -5.6675214e-01  -2.9250993e-01  -3.7830105e-01   4.6932530e-01   6.9002715e-01   2.2167433e-01  -3.5492716e-01  -3.4831443e-01   1.2075477e-01   2.4784287e-01  -6.6758357e-02   3.8490084e-01   1.5422734e-01   7.8800762e-02   2.9858974e-01  -1.1545055e-01   2.0110278e-01  -1.0958860e-01   2.2077206e-01  -4.7645175e-01   1.2895950e-01  -3.6416734e-01   3.6064120e-02  -2.3229174e-01  -2.6117938e-01  -1.1147110e-01  -3.5596641e-01   3.2487634e-01   5.4712933e-01  -2.6461635e-01  -2.6311017e-01   2.6861496e-01  -3.6715776e-01  -1.4326878e-01  -2.9607041e-01   5.4311909e-02   7.9413228e-01  -3.4917535e-01  -2.5652986e-01   3.9158449e-02  -2.6931718e-01  -5.1613037e-01   4.1024221e-01  -3.6427546e-01   3.2751639e-01  -1.0244569e-01  -1.9692708e-01   7.1709374e-01  -4.0956090e-01  -2.4523204e-01  -2.6035125e-01   4.3553508e-01   6.3952400e-01  -2.6099298e-01  -9.3603133e-02   1.3909148e-02   4.0490786e-01   2.0514176e-01   2.9956667e-02
   9.6641758e-03  -3.2159493e-01  -1.7477464e-01   2.4014803e-01   1.6299316e-01   1.4015184e-01  -2.9211758e-03   2.6726709e-01  -2.9826033e-01  -2.5191250e-01   2.2148841e-01  -2.4151743e-01   0.0000000e+00   2.9747192e-01  -6.8949618e-02   2.6149749e-01  -1.4435472e-01   4.0374551e-01   2.6728566e-01   2.7495189e-01   3.1211232e-01   1.5350579e-01   2.5903517e-01   4.0249085e-02   8.1681957e-02   1.0561157e-01  -6.1910812e-02   2.5027558e-02  -2.5963998e-01   2.7637592e-01   4.0423981e-02   1.0518423e-01   5.5844369e-02  -1.6360805e-01  -8.7753071e-03   3.7731237e-01   2.1574183e-01  -2.2231709e-01   3.7196165e-01  -2.8943962e-01   7.7220001e-01  -1.5948196e-01  -1.7440498e-01   2.8969871e-01   8.7833062e-03  -2.3644958e-01   3.9382713e-01   5.4271976e-02  -1.8573508e-02  -7.7253842e-02   2.1379542e-01   1.6136473e-02  -1.1851970e-01   6.3445437e-02  -1.0191879e-01   1.8191430e-01   2.0972891e-01   1.1443619e-01   5.0032250e-01   3.0635703e-02  -8.3851003e-02   2.2035740e-01  -2.8234982e-01  -1.5394516e-01  -1.4820895e-01   1.7852258e-01   2.1609370e-01  -1.7943268e-01   3.4009867e-01  -3.1906612e-01  -3.5161671e-01   6.4474186e-02   1.5940871e-01  -2.0186864e-02  -1.1631619e-02   1.5586691e-01  -1.5493274e-01   4.4910141e-01   8.2213765e-03   8.3031799e-03   1.4147635e-01   1.9076180e-01   2.4095196e-02   5.6378309e-02  -3.0789797e-01   2.7707827e-01  -1.8458658e-01   6.6083928e-02  -1.0996995e-01  -1.6834590e-01   4.2374863e-02  -2.0814010e-01  -1.1869866e-01  -1.5039945e-01  -2.1796297e-01   1.9896714e-01   1.0886112e-01   1.4642750e-01   4.8417956e-03   7.6700836e-03  -1.3363235e-01   3.3754605e-02   1.4329174e-01  -2.4711085e-01   2.2540450e-01   4.4238825e-02   2.1825633e-01   2.2116914e-01   1.6086986e-01   2.7772503e-01  -5.1737119e-02   2.2859457e-01  -1.1904326e-01   8.1876485e-03  -5.3016371e-02  -1.0838705e-01   1.8246431e-01   4.8171205e-01   1.9079955e-01   2.0960246e-01  -1.2066468e-01   1.9388509e-01  -1.7226014e-01  -8.0767706e-02  -2.0290696e-01   3.0077992e-01   2.2523509e-01   9.7201087e-02   2.3049142e-01  -3.4964062e-01   4.4244962e-01   4.3218004e-02   7.7327734e-02   3.4800029e-02  -1.3944305e-01   1.5275772e-01  -1.2463393e-03   7.0563194e-02   1.2703532e-01  -1.1974074e-01   1.5259364e-01   5.3922636e-01   1.7709601e-01   5.6848515e-02   2.5207526e-01  -1.0314621e-01  -2.2375068e-01   3.3714467e-01   1.6281070e-01  -3.1837248e-01  -2.9786023e-02   1.9793726e-01  -2.8584236e-02  -1.0586271e-01  -2.9954676e-01  -1.3895496e-01  -1.5091665e-01   3.4224439e-01  -1.0784467e-01   2.8827310e-01  -1.9159949e-01   2.8149172e-01  -2.9849158e-02   2.7887901e-01   1.3832044e-01  -2.4519361e-01   6.2889755e-02   6.2795171e-02  -2.2019656e-02   4.7126538e-02  -9.3478265e-02  -1.4641937e-01   1.9040511e-01   1.4160093e-01  -9.2672283e-02   8.5902194e-02   2.9110823e-01
   1.1022680e-01  -3.3177473e-01  -2.2330548e-01   5.4392428e-01  -1.9125108e-01   2.7547238e-01   1.6940422e-02   1.1200407e-01  -2.1534206e-01  -2.6883040e-01   2.1513062e-01  -2.3277553e-01   2.9747192e-01   0.0000000e+00   4.5985169e-02  -1.0546556e-01  -3.0010551e-01   2.8621547e-01   3.0319063e-01  -1.3981028e-01   5.3838596e-01   3.5787522e-01   2.2659734e-01   8.6659163e-02  -1.1737980e-01   2.7214298e-01  -1.6222789e-01   1.4854416e-01  -1.4368095e-02   5.9833534e-01   3.4785638e-01   1.8967118e-01  -7.8931615e-02  -7.1915739e-02  -8.0188061e-02   1.7711287e-01  -1.2744529e-01  -2.2204706e-01   8.6623511e-02  -3.6919173e-01   1.6766953e-01   2.5187773e-02  -3.0473863e-01   2.0221709e-01   5.2752484e-02  -1.1304573e-01   3.4901755e-01   4.0081738e-01   1.7646034e-01  -2.0919511e-01   1.6434090e-01   1.3222056e-02  -3.0085956e-01   9.2497070e-02   7.4580841e-02   1.6425010e-01   3.9394062e-01   1.0430050e-01   2.4372602e-01   1.8908487e-01  -1.5420435e-02   2.3397735e-01  -1.1029948e-01  -1.8893955e-01  -2.6595295e-01   2.2266860e-01   3.9382686e-01  -1.1291224e-01   3.6783000e-01  -3.3187881e-01  -2.9942324e-01   8.3280626e-02  -6.8852827e-02   9.1597019e-02  -1.9830497e-01   3.0163222e-01  -1.7312424e-01   2.5993697e-01  -2.8154765e-01   3.1633528e-02   3.7602871e-01  -1.0086030e-01   2.1193113e-01   1.4661125e-01  -1.2895165e-01   2.6616191e-01   1.3196108e-02   1.9645264e-01  -9.0250688e-02  -9.8789487e-02  -1.9422299e-01  -1.5975779e-01  -1.0569251e-01  -1.1135170e-01  -1.4281771e-01  -1.7329697e-01   1.5085459e-02   1.0854622e-01   1.7081959e-01  -4.8708545e-02   3.0450662e-01   1.4739291e-01   3.7406818e-01  -5.4324127e-02   2.0434098e-01   1.5677832e-01   1.2251747e-01   2.7257699e-01   3.0725602e-02   2.0446470e-01   2.7973351e-02   2.0420111e-01  -1.5418314e-02   4.0796471e-02   1.3497377e-01  -1.7222755e-01   1.5088112e-01   2.1607394e-01   4.6144049e-01   2.6962493e-01  -1.2088161e-01  -1.4966157e-01  -2.4751383e-01   1.1610626e-01  -1.9874546e-01   4.7088211e-01   2.4995512e-01   3.7710619e-02   3.3649460e-01  -3.5387152e-01   4.0917783e-02   1.5733098e-01   7.5495613e-02   2.9757339e-01  -4.0527943e-02   7.9739849e-02  -1.0728227e-01   5.1122677e-01   1.0558568e-01  -2.2366494e-01   2.5055105e-01   4.5707219e-02   2.1956987e-01   2.4706485e-01   2.9326250e-01  -1.0200024e-01  -2.1929730e-01   3.6623879e-01  -2.0876244e-02  -2.5511416e-01   1.4858196e-01   4.0845614e-01  -2.2693238e-02  -8.1327588e-02  -4.1143347e-01  -1.4575086e-01  -8.0203320e-02   1.8982303e-01  -5.4914174e-02   3.7275460e-01   2.8720161e-02   2.1908266e-01   6.5330908e-02   2.3523057e-01   1.9423708e-01  -2.9890076e-01   1.2460943e-01  -6.1687657e-02   5.3692143e-02  -5.1189746e-02  -1.4741152e-01  -2.4550582e-01   2.1959573e-01   3.5303417e-01  -7.4021103e-02   5.3509679e-02   2.7828846e-01
