   0.0000000e+00  -5.6746784e-01   1.2533666e-01  -2.8604536e-01  -5.2252717e-01  -4.3114714e-01  -3.6299578e-01   1.0826168e-01  -1.3081414e-01   1.2143877e-01  -2.0149580e-01  -3.0904071e-01   2.4054296e-01   2.8051417e-01   3.6428542e-01  -3.6254460e-02  -3.9083304e-01  -2.6242650e-01  -2.4066813e-01  -3.7075718e-01  -1.6764011e-01  -1.3841221e-01   3.5267781e-03   7.5879059e-01  -3.4443998e-02   1.3395022e-01  -6.0128453e-01   6.2759580e-01  -6.9323455e-02  -4.9025506e-01   1.0129317e-01  -1.2226201e-01   3.3922492e-02  -3.0875447e-01  -3.5307519e-01  -3.0257599e-01  -2.5324257e-01   3.2294237e-01  -2.5720639e-01  -4.5091012e-01   2.0044026e-01  -5.7480203e-03  -3.4610405e-01   1.7761851e-01  -1.0642556e-01   5.8356929e-01  -2.5641373e-01  -4.4553324e-01  -1.3815212e-01  -4.1027784e-01  -1.2041984e-01   1.9136411e-01  -4.1378803e-01  -3.6169572e-02  -1.4469493e-02  -2.3262840e-02  -1.3629194e-01  -2.9558748e-02   1.0273995e-01  -1.7802075e-01   2.9693911e-01  -6.7521933e-02   5.8189672e-02  -1.0155196e-01  -1.8053358e-01  -7.7694241e-02  -5.2567097e-01  -9.8903097e-02  -3.2236802e-01   6.0963474e-01  -3.7105613e-01  -6.1116307e-02   5.2964807e-02   6.4807585e-01  -1.9587181e-01   1.4453187e-01   4.3852243e-01   1.4233484e-02  -5.8038645e-01  -1.1120418e-01   1.6842726e-01   6.6795828e-02  -2.7087958e-01   1.8493028e-02   5.1629735e-01   1.1831207e-01  -1.5632024e-01   7.0632824e-01  -5.8445271e-02   8.5986736e-01  -3.5448618e-01   4.6643584e-01  -3.4352033e-01  -1.7012348e-01   5.4382314e-01  -2.7438481e-01   7.6165723e-02   1.2829434e-01  -1.1823574e-01  -1.8565689e-01   4.8056957e-01  -2.2250939e-02   2.0104490e-01  -1.1469846e-01  -2.1739353e-01  -1.4830197e-01  -1.2052296e-01  -2.0948419e-01  -4.5576594e-02  -3.9959644e-01  -2.8994819e-01  -9.9519577e-02  -1.4961647e-01   7.4930606e-01   6.8605533e-01  -4.9511122e-01  -3.8346607e-02   2.2821727e-01   6.0942684e-01  -2.9515197e-01   5.2785497e-01  -3.4295626e-01  -8.9869219e-02  -2.5590477e-01   5.8495364e-01   5.5174804e-01   6.5115034e-02  -1.0167694e-01  -1.7555895e-01   2.0135853e-01  -1.6697453e-01  -4.8618059e-01   4.3095556e-01  -2.6586054e-01  -9.6669356e-02   1.3878648e-01   1.5658556e-02   1.9228758e-01   2.6713638e-01   3.7590698e-01   4.4839602e-01   1.0498316e-01  -3.2453570e-02   1.9321192e-01   2.2234983e-01   1.0588930e-01   8.5090594e-02  -3.5958500e-01  -6.2556224e-02  -2.0671347e-01   6.5048213e-01   1.9309744e-01   5.8873418e-01  -1.3157009e-01  -4.5832784e-01   3.0523231e-01   5.3907117e-01  -2.4053806e-02   3.1690715e-01   2.3467246e-01  -1.9367989e-01  -1.0532183e-01  -3.0718029e-01  -4.3031902e-01  -1.1515470e-01  -3.3039650e-01  -2.5761150e-01   5.5664555e-01   5.4371099e-01  -4.2546261e-01  -4.1390816e-01   2.6260877e-01  -3.5592481e-01  -8.3765429e-02  -1.3856658e-01   8.9865879e-02   5.6704230e-02
  -5.6746784e-01   0.0000000e+00  -2.3923601e-01   3.2466074e-02   5.0079589e-01   3.4476125e-01   4.8509595e-01  -4.2861460e-02   8.9922411e-02   5.7758056e-02  -1.3622520e-01   6.2982190e-01  -2.3389672e-03  -2.3395127e-01  -3.0118639e-01   6.2553573e-02   4.4064464e-01  -3.2938643e-02   2.4268178e-01   4.0989530e-01  -8.2402734e-02   9.2474749e-02  -2.3014110e-02  -3.5820119e-01   1.5570124e-01  -3.4643487e-01   5.6201781e-01  -3.2644276e-01  -9.0233802e-02   2.0264599e-01  -1.1973557e-02   1.4341932e-02   7.6670056e-03   4.2834474e-01   2.6684161e-01   3.0019335e-01   4.3030405e-01  -1.9715626e-01   3.4701975e-01   5.5489156e-01   6.5609667e-02  -9.7602410e-02   1.6722875e-01  -1.8506580e-01  -6.2380864e-02  -6.0958575e-01  -6.5299416e-03   4.6764594e-01  -1.2936115e-01   3.9089427e-01   7.9803910e-02  -1.7545559e-01   5.9094087e-01   5.8173846e-02   2.1290949e-01  -2.3329285e-01  -8.3787660e-02  -1.1129916e-01   4.0592450e-02   2.8838970e-01  -5.2301587e-01   4.8412103e-03  -4.9706694e-02   1.8320805e-01  -2.1801094e-02   9.9049611e-02   4.0302497e-01  -1.0017017e-01   1.8230571e-01  -6.8969794e-01   5.0233160e-01  -1.3619669e-01   7.6733552e-02  -3.7985578e-01   7.0142497e-02  -3.4715655e-02  -4.2072920e-01  -1.7084834e-01   6.2235680e-01   9.8299604e-02  -5.8669181e-02   2.0316716e-02   6.7058924e-02   8.1820676e-02  -2.8076640e-01  -1.4700763e-01   3.1538530e-01  -5.2617874e-01   3.4255387e-02  -5.8906780e-01   3.8164719e-01  -6.0298221e-01   4.6078449e-01   1.2521028e-01  -4.9093225e-01   3.4045327e-01  -6.6362602e-02  -8.2767557e-02   9.9609481e-02   3.2614619e-01  -3.1602311e-01  -1.2149728e-01  -1.6816971e-01   1.5199513e-01   8.9202860e-02   1.5395905e-01   2.0754733e-01   4.6583007e-02  -1.3963763e-01   3.4677693e-01   1.7740329e-01  -7.4860962e-02  -1.5507208e-01  -3.6852813e-01  -5.2673626e-01   4.4845669e-01  -7.9416585e-02   1.2087189e-01  -4.1050943e-01  -2.2780215e-02  -3.3843488e-01   4.4565023e-01  -1.7243001e-02   2.1458845e-01  -5.4949805e-01  -5.2283136e-01  -8.5794889e-02   1.7883275e-01   3.7354107e-02  -3.0618918e-01   3.2158473e-01   3.8817515e-01  -2.1927767e-01   1.6486351e-01  -3.2245408e-02  -4.3329491e-02   4.0471284e-02   1.9262427e-02  -1.9557846e-01   2.2763967e-02   2.8271532e-02  -3.1196874e-02  -3.3352301e-02  -1.0851117e-01  -3.1910738e-01  -1.7540836e-01   1.3348597e-01   3.0463768e-01   1.8174561e-02   2.0283119e-01  -4.8485391e-01  -9.9450752e-02  -4.1212502e-01   1.7194960e-01   5.7485837e-01   1.0085821e-01  -4.7908363e-01   2.4564469e-01  -5.0487493e-01  -2.4659975e-01   2.0423913e-02  -1.0327543e-01   3.3598110e-01   2.4988096e-01   5.3477386e-02   5.1319798e-01   8.9517918e-02  -2.8876819e-01  -2.6054979e-01   5.2084894e-01   5.4640048e-01  -4.1745413e-02  -5.5966623e-02   2.0769408e-01   1.0949741e-01  -5.7667273e-02   6.6229352e-02
   1.2533666e-01  -2.3923601e-01   0.0000000e+00  -2.6909954e-01  -6.7914897e-02   1.1638856e-01  -1.4392146e-01  -3.4586888e-01  -4.9013361e-01   1.5467664e-01  -1.1209703e-01  -2.4157868e-01  -6.3294551e-02   1.5420619e-02   2.8037897e-02   1.0976542e-01   4.4166768e-01   5.6675069e-03  -9.2665955e-02  -2.9371823e-02   1.4632161e-01  -3.1694277e-01   5.2333830e-02  -2.6087402e-02   1.4082857e-02  -1.0292329e-01  -1.0265178e-01  -1.9426374e-02   5.9648273e-02  -1.1392932e-01  -2.1254625e-01  -1.1905846e-01  -1.8017428e-01  -1.4126561e-01  -1.7087218e-01   6.2806043e-02  -2.8102087e-01   4.2248132e-02   4.7133902e-02  -1.3519582e-01  -6.4801252e-02   2.5659267e-02  -1.8214676e-01  -2.7788357e-01  -1.5451838e-01   5.3661733e-01   5.5251281e-02  -2.0785024e-01   7.1749810e-02   6.6202566e-02   9.6765052e-02  -2.3182121e-01  -3.1097852e-01   1.8127985e-01  -3.7999131e-01   5.3449997e-02  -2.0975690e-01  -6.0094626e-02  -2.2891853e-01  -1.0943805e-01   4.8021132e-01  -3.5512475e-02  -1.1619375e-01  -2.9780714e-01  -2.6838073e-01   9.6981167e-03   3.6435186e-02   2.1586005e-01  -2.0178542e-01   6.0234617e-01  -4.6934733e-01  -5.2348402e-02   2.8708667e-02   1.9934024e-01   5.7958574e-02  -2.6259082e-01   5.9996994e-01  -1.7791701e-01  -1.1740789e-01  -8.6315412e-02  -4.4746364e-03   1.8400619e-01   1.3309763e-01  -2.5402792e-01   1.3827705e-01  -1.1616180e-01  -3.9552086e-01   5.5089163e-02   9.9392113e-02   1.2168578e-01  -2.7354472e-01   4.7072799e-01  -8.0503441e-02  -3.1749274e-01   4.3929668e-01  -1.1488732e-01  -2.0482996e-01  -2.0302953e-01  -8.3023436e-02  -1.5467537e-01   9.0666643e-02  -5.9769725e-02  -2.3503142e-01  -4.2783455e-01   1.6023387e-02  -2.0882894e-01  -1.3247711e-01  -1.8139199e-01   8.9843614e-02   1.4949925e-01   1.8147067e-01   1.3475346e-01   2.1696424e-02   5.5259448e-02   2.5591730e-01  -2.5644724e-01  -9.7749953e-02  -1.9822421e-02   1.6716885e-02  -2.2448122e-01   2.5360872e-01  -2.1828787e-01   1.2089745e-01  -2.1486585e-01   5.4424985e-01   2.0788012e-01   2.4050810e-02   1.1361608e-01  -2.1143018e-01   6.4978121e-01   1.2904360e-01   1.8225957e-02  -1.0878030e-01  -1.2313124e-01  -2.5080110e-01  -2.8768206e-01  -1.2365994e-01  -6.0811108e-02  -9.4378459e-02  -2.1898345e-01  -2.9614659e-01   1.9031133e-01  -1.4140552e-01   2.5606511e-01   8.9528248e-02  -1.5272578e-01  -2.2063589e-02  -9.0482425e-02   1.9140689e-01   1.4935243e-01   4.3192071e-01  -2.6663074e-01   4.1344517e-01  -7.1052768e-02  -7.5201653e-02  -3.9772277e-01   4.1877478e-01  -2.0941876e-01   5.0133325e-01   4.2146762e-02   2.4706589e-01  -4.1862836e-02  -1.9113510e-02  -2.4555784e-01  -2.2327916e-01  -2.5690723e-01   1.3594011e-01  -9.3995048e-02   2.0954427e-01  -1.4381452e-01  -1.0168120e-01  -3.5315191e-02   5.6602842e-02   6.6906238e-02   3.1741948e-02   5.5652150e-02  -1.5305425e-01
  -2.8604536e-01   3.2466074e-02  -2.6909954e-01   0.0000000e+00  -6.0386925e-02   1.9253499e-01   6.4052769e-02   4.3968968e-01   4.6177841e-01  -3.5662102e-01   1.4629200e-01  -3.0955385e-02  -4.2539028e-01  -7.9859537e-02  -1.5646053e-01  -1.0459015e-01  -8.3556953e-02   1.1549921e-01   2.0100087e-01  -2.1544229e-01   8.3884311e-02   4.2050955e-01   1.3122593e-01  -3.2039537e-01  -1.6647613e-01   3.5299634e-01   2.0623606e-01  -3.8460791e-01   2.6913475e-01   3.3295152e-01   3.5386100e-02   4.6224308e-01   4.1550671e-01  -2.7828359e-02   1.6519020e-01  -9.5507520e-02  -7.4637828e-02  -3.8914105e-01  -5.4009901e-02   2.2391893e-01  -3.7030548e-01   3.2750257e-01   4.2338517e-01   1.1316234e-01  -1.2213496e-01  -2.5520674e-01   1.7569971e-01   1.8006293e-01  -6.1527659e-02   1.1312278e-01  -1.3982089e-01   3.6408733e-01   1.1389141e-01  -7.2557297e-03   4.3198666e-02  -7.5197355e-02   5.1688461e-01   4.7872133e-01   5.3379468e-02   1.5788196e-01   5.9480978e-02   2.7888618e-02   3.8634901e-01   1.8128841e-01   3.7265770e-02  -1.2969562e-01   2.6878400e-01   3.5665716e-02   4.0546898e-01  -2.0547933e-01   3.6914559e-01   2.7389138e-01  -3.5057257e-01  -4.1151387e-01  -5.5367767e-03   3.8361407e-01  -3.1491159e-01   1.1893307e-02  -4.3559701e-02  -1.3686967e-01  -6.3854358e-02  -2.5425965e-01  -1.0503846e-01   3.4751771e-01  -3.5672263e-01   2.8795465e-01   2.6378859e-01  -2.4898741e-01   1.6134670e-01  -4.1325758e-01   8.5466831e-02   8.7810423e-02   1.0651763e-01   3.4381498e-01  -3.6220121e-01  -5.9105601e-02  -7.2566462e-02   1.4351744e-01  -1.6156676e-02  -7.5776497e-02  -3.2149555e-01   2.0885177e-01   3.4749548e-01   3.6942781e-01   1.3226683e-01   4.0342023e-01   9.1883660e-02   3.6439511e-01  -2.5155609e-01  -2.9832227e-02  -1.2506061e-01   2.4184637e-01   5.5267778e-01  -4.1252779e-01  -3.1714229e-01  -3.2556147e-02   2.6282638e-02  -4.5937973e-01  -2.5738800e-01   4.7483057e-01  -3.2173641e-01  -1.6748818e-01   1.8754799e-01   1.0280137e-01  -4.3321256e-01  -1.6408882e-01  -2.1216491e-01  -1.5809135e-01   5.7809727e-01  -7.7385217e-02  -3.1729519e-01  -1.2240846e-01  -2.9190211e-02   7.5185050e-02   5.3363113e-01   3.6992274e-01   1.4724986e-01  -1.4156081e-03   3.4258252e-01  -3.2529743e-01  -1.0198751e-01  -3.0691982e-01   1.4121968e-02  -3.6261629e-02   2.4300125e-02   1.3765976e-01  -8.5017902e-02   2.1981192e-01  -1.2889481e-02  -8.4469510e-02  -4.3797630e-01   3.0626602e-01  -2.9486857e-01  -1.2148285e-01   2.0588999e-01  -1.6140968e-01  -4.2025837e-01  -2.0247799e-01   1.3022874e-01   8.8714020e-02   2.6581919e-01   9.2639643e-02  -3.1067723e-02   2.6174795e-01   3.6729111e-01  -1.2829746e-01  -8.5339725e-02  -1.5767384e-01  -3.0030276e-01   1.3067668e-01  -7.2759525e-02  -4.4571129e-01   2.9820546e-01   1.0543293e-01   1.7579503e-02   8.3963865e-03   2.8998796e-01
  -5.2252717e-01   5.0079589e-01  -6.7914897e-02  -6.0386925e-02   0.0000000e+00   2.8595591e-01   4.0208640e-01  -4.0522900e-01  -1.1659287e-01  -1.0009790e-01   8.8962197e-02   1.8723511e-01   1.0553554e-01  -3.3851821e-01  -2.8492579e-01   3.5541210e-02   3.2897274e-01   1.3817887e-01  -2.3192423e-02   8.4134446e-01   1.7425494e-01  -2.1030027e-01  -1.2632937e-01  -3.5250580e-01   1.2906070e-01  -4.6001203e-01   6.6366948e-01  -4.1601444e-01  -2.9345790e-01   1.1140700e-01  -7.9466073e-02  -2.6791703e-01  -4.1712404e-01   3.8798580e-01   5.6489249e-02   6.6136590e-01   2.7384129e-01   1.4416752e-01   2.9872962e-01   4.6527892e-01   1.0201471e-01  -3.8573305e-01   9.0652139e-02  -1.7339405e-01   1.0193209e-01  -5.3952303e-01   2.5030064e-01   4.5184389e-01   2.9397011e-01   2.6608835e-01   9.6666659e-02  -4.9025513e-01   5.6705213e-01  -7.5765210e-02  -9.4856989e-02   5.4732938e-02  -3.5165074e-01  -3.7055250e-01   2.0612307e-02  -2.2671703e-01  -4.9254361e-01   1.5731189e-01  -1.9770695e-01  -2.0412487e-01   9.8182148e-02   1.9032087e-01   3.3632025e-01   2.5436973e-01   5.9524262e-02  -5.5578726e-01   2.0840955e-01   1.1733267e-01   3.4780030e-01  -4.6463069e-01  -4.7998718e-02  -3.8826063e-01  -2.6746317e-01  -5.0846250e-02   7.2834255e-01   2.4308512e-01  -1.9137893e-01   2.9662207e-01   2.5651540e-01  -2.5902382e-01  -4.1138178e-01  -3.9462045e-01  -1.4720710e-02  -4.5120971e-01  -1.1114024e-01  -4.7094930e-01   5.6826458e-01  -5.8276499e-01   4.2592226e-01  -3.6246434e-02  -1.5210462e-01   5.8914822e-01   4.9192529e-03  -3.2431651e-01   4.3181352e-01   3.1675041e-01  -3.8732652e-01  -2.3921156e-01  -4.9267331e-01  -1.8794564e-01  -3.9026703e-02  -1.8297366e-01  -8.1734163e-03  -1.0169043e-01   1.8459094e-01   6.3937394e-01   3.2584977e-01  -2.0010989e-01  -1.6963014e-01  -2.2050823e-01  -6.1360283e-01   7.7158722e-01  -5.2689269e-02   2.0235309e-01  -4.8989482e-01   7.4986962e-02  -1.3771585e-01   7.6840152e-01   8.0375797e-02   1.1464490e-01  -3.9501393e-01  -5.7865948e-01  -4.5585451e-02   8.7525322e-02  -2.3567094e-01  -2.1925198e-01   3.7455272e-01   5.0819418e-01  -4.9940152e-01   1.4137147e-01  -3.0806136e-01  -4.2311020e-01  -1.0424312e-01  -2.5995941e-01  -5.4927864e-01   6.9385169e-02  -1.4570060e-01   5.9665054e-02   1.6458813e-02  -3.4890010e-01  -2.5405780e-01  -3.4422453e-01  -1.9337297e-01   3.8073818e-01   1.3352375e-01   3.0434182e-01  -3.5889911e-01  -4.6688671e-01  -4.2799519e-01   3.2583811e-01   2.5269218e-01   8.9986057e-02  -2.3373974e-01   2.2212794e-01  -4.5538551e-01  -2.3834549e-01   2.1524157e-01  -1.3188914e-01   5.9365291e-01   3.0569620e-01  -2.5366681e-01   5.8983656e-01   2.9286708e-01  -3.9835996e-01  -3.0147417e-01   6.4086138e-01   6.2808381e-01   8.0554031e-02   3.6617280e-01  -6.1504245e-02   2.2083348e-01   7.5437632e-02  -3.4836375e-01
  -4.3114714e-01   3.4476125e-01   1.1638856e-01   1.9253499e-01   2.8595591e-01   0.0000000e+00   1.8338030e-01  -1.3867568e-01  -7.5182076e-02  -1.5357846e-01  -6.8946875e-02   5.3289447e-02  -1.7581492e-01  -6.4950104e-02  -2.2945719e-01  -7.1455993e-02   4.5298580e-01   2.0845035e-01   3.1787806e-01   1.8756212e-01  -6.2436670e-03   1.2186064e-01   2.5534595e-02  -2.6499833e-01   1.6536730e-01  -2.7966852e-02   3.2248560e-01  -2.6222581e-01  -1.8012183e-01   2.7223082e-01  -1.3304959e-01   1.1273469e-01  -9.1305846e-02   2.4966866e-01  -1.8620490e-02   2.6059551e-01   1.3741349e-01  -1.0777778e-01   2.2802828e-01   3.2088540e-01  -3.9958300e-02   2.5292704e-02   1.0645949e-01  -7.3755821e-02   9.9607785e-02  -2.2446578e-01   3.5840134e-01   1.0295647e-01   5.5927303e-02   2.0652701e-01   2.2882962e-01  -1.2250316e-01   1.6866099e-01   2.2912435e-02  -2.6366409e-01   4.4502909e-04   2.3650646e-01  -2.7380573e-02   7.7158973e-02   1.1406163e-01  -6.9943417e-02   1.2270971e-01  -1.0448055e-01  -7.2099961e-02  -2.2474680e-01   3.1561433e-02   8.0434938e-01   7.3821203e-02   2.9629256e-01  -2.5130294e-01   8.9032488e-02   1.3603438e-01   3.2858754e-03  -1.8502864e-01   6.4157901e-02  -1.0710312e-01  -1.4815996e-01  -6.9223501e-02   3.2845080e-01  -2.9852577e-03  -3.3788992e-02  -1.1788745e-01   2.2816133e-01   1.8629885e-01  -8.2920108e-02  -1.3470785e-01  -1.7545586e-01  -4.0293729e-01  -2.1691223e-02  -3.3556524e-01   2.5409534e-01  -1.3092960e-01   2.7894121e-01   3.8222449e-02  -1.9345574e-01   1.6813161e-01  -1.4713020e-01   5.6196093e-02   1.6984338e-01  -7.8514385e-02  -1.3277543e-01   8.6874633e-03  -8.3027230e-02   3.3183556e-03   1.3283060e-01   7.1887924e-02   2.0521288e-01   2.1675645e-01   5.8903794e-02   4.8093427e-01   2.1420222e-01   3.0182687e-01  -1.0570439e-01  -2.3796533e-01  -2.1119919e-01   1.2135813e-01  -2.8424689e-02  -6.8478415e-02  -1.6520607e-01   1.9219446e-01  -1.4872373e-01   2.1152122e-01  -2.2227412e-02  -1.3156718e-01  -2.4883702e-01  -1.2016178e-01  -1.9355488e-01   1.2285556e-02   5.8888777e-02   1.0031952e-01   1.3510931e-01   8.9801227e-02  -2.8692587e-01   1.3541890e-02   1.3099003e-02  -1.4229949e-01  -6.4444245e-02  -6.4275689e-02  -6.1773968e-02  -9.0715749e-02  -1.8267375e-01  -1.5874704e-01   6.3404775e-02   3.1476946e-01  -1.5079114e-01  -3.2833303e-01   2.1545602e-01   2.1881442e-01   3.6142725e-01  -5.2818708e-02  -1.9765230e-01  -7.3645555e-03  -2.2657026e-01  -6.1821134e-03   4.3143776e-01  -1.0159100e-01  -2.2904050e-01   1.3520928e-01   1.8023917e-02   1.7658369e-01  -1.5455420e-01  -3.9696810e-02   1.6607643e-01   2.1453588e-01   1.0817339e-01   3.1447905e-03   1.5751832e-01  -2.1738900e-01  -6.4893853e-02   2.1212869e-01   2.6559898e-01  -1.3257864e-01   1.4975615e-01   5.1879710e-01   1.0029614e-01   1.4705807e-01   5.2931840e-02
  -3.6299578e-01   4.8509595e-01  -1.4392146e-01   6.4052769e-02   4.0208640e-01   1.8338030e-01   0.0000000e+00  -2.3372402e-01  -7.3783044e-02  -7.9030835e-02  -2.3043294e-01   3.6171679e-01  -3.1341447e-02  -3.8650393e-01   5.4917754e-02  -4.5059462e-02   3.7545410e-01  -2.0728445e-01   1.6330095e-02   4.6490966e-01   1.2233181e-01  -1.9845383e-01   5.3591873e-01  -2.9406128e-01   3.7268672e-02  -4.6076472e-01   6.5483897e-01  -2.3711787e-01   1.8804684e-01  -1.2026634e-01   1.2322197e-01  -3.0652729e-01  -1.0685625e-01   6.6333167e-01   2.1143491e-01   5.9799934e-01   3.8459803e-01  -2.7790548e-02   8.3209893e-02   7.1961837e-01  -5.4528327e-02  -2.5624590e-01   9.7293982e-02  -2.4360329e-01  -2.2811709e-01  -5.7977102e-01  -8.2717951e-02   7.7462802e-01  -2.2712748e-01   2.5287863e-01  -5.7672952e-02  -3.1712689e-01   5.5245340e-01   1.3278594e-01   1.6578824e-01  -3.0955979e-01  -3.2272658e-01  -2.2195705e-01  -2.2926012e-01   1.7426905e-02  -4.1923416e-01   2.0726873e-01  -9.4532138e-02  -1.1755242e-01  -1.7901348e-01   2.0340347e-01   1.4600498e-01  -1.1759544e-02  -8.6862647e-02  -4.7828720e-01   2.2821410e-01  -9.5366860e-02  -1.2348913e-02  -4.7191762e-01   6.7510741e-02  -1.6096182e-01  -4.0573018e-01  -3.6828913e-02   4.8361427e-01  -1.8944671e-01   3.2880895e-01   1.4424778e-01   1.4693236e-01  -2.7531616e-01  -3.8478590e-01  -1.8077491e-01   8.5715663e-02  -3.9838256e-01   2.0495088e-01  -4.7215073e-01   1.5857817e-01  -4.8990193e-01   7.6280929e-01  -1.2763628e-01  -2.8687111e-01   4.2111974e-01  -8.6037772e-02  -3.3911116e-01   2.2122273e-01   3.8277272e-01  -2.5336316e-01  -3.3096519e-01  -2.1365191e-01  -1.8294341e-01  -2.7247059e-01  -1.8343607e-01   1.3092616e-02  -3.3130839e-01  -2.2151518e-01   4.0347062e-01   4.5868704e-01  -1.7871659e-01   6.6721094e-02  -1.6826369e-01  -3.4276950e-01   3.6637339e-01  -1.2430980e-01   1.6802360e-01  -3.7004775e-01  -1.1564304e-01  -4.4029178e-01   3.6870549e-01  -2.9000199e-02  -1.3066104e-01  -4.5646302e-01  -5.9108600e-01  -1.6719399e-01   1.3028372e-01  -1.9252921e-01   4.1129514e-03   6.3062795e-02   5.2152722e-01  -3.4722917e-01   4.0711713e-01  -1.7048703e-01  -1.9509010e-01   2.6434578e-01   2.2699186e-01  -2.9677692e-01   2.9977576e-02   2.1704548e-02  -1.0532474e-01  -1.2110164e-01  -3.5432357e-02   1.0903917e-01  -3.4773276e-01   2.7319145e-01   2.4269734e-01   4.6082390e-01   3.8254016e-01  -4.7366344e-01  -9.8583566e-02  -3.0834158e-01   3.1100012e-01   5.0510386e-01   9.3692622e-02  -3.4149028e-01  -4.3987347e-02  -3.4776438e-01  -6.6845915e-02   1.3844424e-01  -2.0855906e-01   5.9076627e-01  -3.8648415e-02  -2.4436481e-01   6.2031798e-01   2.1822118e-01  -3.5152512e-01  -1.8117219e-01   5.8768637e-01   5.9419038e-01  -9.5453703e-02   9.5680863e-02  -9.4874137e-03   2.2088230e-01  -1.0093969e-02  -1.5293978e-01
   1.0826168e-01  -4.2861460e-02  -3.4586888e-01   4.3968968e-01  -4.0522900e-01  -1.3867568e-01  -2.3372402e-01   0.0000000e+00   6.3960376e-01  -1.2791824e-01   1.8946029e-02   1.1031384e-01  -2.2631949e-01   3.2389711e-02  -1.2914423e-01  -1.2650814e-01  -3.7948285e-01  -1.4433797e-01   2.3749582e-01  -5.1241704e-01  -1.6846986e-01   6.0975415e-01  -1.6461373e-01   5.2407681e-03   1.4490041e-02   5.7966446e-01  -1.9169247e-01  -5.0950881e-02   1.6290638e-01   2.2623407e-01   6.0182908e-02   6.8797186e-01   4.4831496e-01  -3.9753172e-01  -7.8770410e-03  -5.5982371e-01  -1.4966842e-01  -5.3517029e-01  -1.3152749e-01  -2.2713689e-01  -1.8180624e-01   3.1628154e-01   3.5798562e-01   4.7445675e-01  -1.7993353e-01   7.4751021e-02  -1.5604726e-01  -1.6839926e-01  -2.1791016e-01  -4.3890707e-02  -1.1884371e-01   9.0292451e-01  -2.1746317e-01  -5.1990330e-02   2.2140468e-01   2.7644504e-03   5.1836732e-01   6.4337154e-01   1.9445136e-01   2.3864191e-01   1.1687182e-01  -3.2498235e-01   5.3793969e-01   4.7352096e-01   1.2457782e-01  -2.5933705e-01   3.9699004e-02  -2.9092849e-01   3.1581131e-01   4.0827392e-02   3.2237489e-01  -1.3069545e-01  -4.3330231e-01   4.3290101e-02   9.3926713e-03   8.5620883e-01  -1.8528959e-01   2.6696852e-01  -4.6978223e-01  -1.6973956e-01  -1.7793928e-01  -4.8183181e-01  -3.5845663e-01   6.3147746e-01  -7.1529493e-02   7.9412543e-01   3.0070656e-01   1.2156901e-01   2.0491815e-01  -1.0877101e-02  -1.0857941e-01   2.1471439e-01  -3.1003972e-01   4.7126471e-01  -3.8507729e-01  -2.8677034e-01  -5.6988830e-02   6.7222316e-01  -3.4155185e-01  -1.1361614e-01  -8.1987041e-02   3.5367322e-01   6.7722049e-01   6.6314355e-01   3.6404259e-01   7.4225267e-01   5.7249040e-02   6.0011847e-01  -2.2667508e-01  -4.7990885e-01  -5.4986531e-01   7.6053002e-02   2.4187995e-01  -1.7620601e-01  -1.8926779e-03  -3.9641924e-01   4.0225197e-01  -4.1842733e-01   1.9783033e-02   1.3222547e-01  -2.2072217e-02  -4.8194151e-01   1.4627744e-01   1.8093123e-01  -1.2863238e-01   1.0213182e-01  -1.8914117e-01  -2.0231164e-01   7.2932914e-01  -2.9005629e-01  -3.3179863e-01  -4.8979251e-01   4.2481182e-01  -9.8550380e-02   6.4592281e-01   9.1918635e-01   1.8820753e-01   7.0797794e-02   8.5680918e-01  -1.6384687e-01   1.0411544e-01  -2.1789879e-01   3.0948120e-01  -1.4069343e-01  -9.8403678e-02   5.3217586e-01  -6.6670828e-02  -2.0571413e-01  -3.4023314e-01  -1.7749996e-01  -8.5533235e-02   5.7651588e-01  -4.0827522e-02  -2.5000930e-01  -9.1742178e-02  -4.9483899e-02  -1.5417891e-01  -6.6988038e-02   9.6031082e-02   5.6362954e-02  -9.0702449e-04   2.7097800e-01  -3.5391079e-01   1.7166650e-01   6.8929871e-01  -4.3587541e-01  -3.4117065e-01   2.1363231e-01  -1.1721459e-01  -2.5765727e-01  -4.5493572e-01  -2.8242921e-01  -3.0030230e-01  -1.3156263e-02  -7.4349589e-02  -1.9807945e-01   7.4108519e-01
  -1.3081414e-01   8.9922411e-02  -4.9013361e-01   4.6177841e-01  -1.1659287e-01  -7.5182076e-02  -7.3783044e-02   6.3960376e-01   0.0000000e+00  -2.2881760e-01   1.6295621e-01   1.3787324e-01  -2.7483967e-01  -1.6073714e-03  -2.5234157e-01  -3.7058739e-01  -3.9552121e-01   3.7619818e-02   3.0079070e-01  -2.4424203e-01  -6.5871220e-02   7.0134042e-01  -3.9965524e-02  -1.1849837e-01   5.5275874e-02   3.7120630e-01   1.5152407e-01  -2.2728213e-01  -4.9778950e-02   5.0260581e-01   9.5741374e-02   6.0897363e-01   1.7648979e-01  -2.6030911e-01   1.5416511e-01  -2.8735792e-01   6.8725073e-02  -5.8664178e-01  -4.0585653e-01  -4.3522291e-02  -1.5268707e-01  -8.5021219e-03   6.0292831e-01   3.3698001e-01   1.0014882e-01  -2.1052456e-01   8.8994917e-04  -3.0685287e-02   8.8832158e-02   7.7152927e-02  -3.8067871e-03   6.1631016e-01   3.6210008e-02  -1.5578946e-01   1.9094988e-01   1.7528987e-01   4.5790049e-01   6.7372375e-01   2.0508158e-01   3.9455436e-01   2.4139723e-02   1.0089401e-02   5.7668539e-01   4.3449845e-01   2.8573397e-01   2.1546809e-02   1.2008639e-01  -7.3760040e-02   3.9004404e-01  -2.0267990e-01   3.9304156e-01   3.2426376e-03  -3.3848245e-01  -1.7135240e-01   7.4538530e-03   7.6217671e-01  -2.8009546e-01   3.1118320e-01  -1.2163855e-01   6.0063612e-02  -4.1738469e-01  -4.4412728e-01  -2.7339756e-01   3.3903622e-01  -2.8477115e-01   6.7950530e-01   3.3380606e-01   2.1433956e-03   1.7715716e-01  -2.2102387e-01   2.6685727e-01  -4.3749027e-02  -2.3741162e-01   7.6515815e-01  -6.2292576e-01  -6.6732784e-02   7.8834803e-02   4.5759187e-01   6.0420927e-03  -5.0060345e-02  -3.4099047e-01   3.0057104e-01   5.7595887e-01   8.3463903e-01   4.0733581e-01   5.7486801e-01   6.9867506e-02   5.3269240e-01  -2.9315090e-01  -3.5282769e-01  -4.1829613e-01   2.4252260e-01   1.4215222e-01  -3.7054942e-01  -2.4558427e-01  -1.4721891e-02   4.3884876e-01  -3.6910894e-01  -1.8074697e-01   2.1647027e-01  -2.1128335e-01  -9.7710219e-02   2.5252224e-01   3.7539316e-01  -3.6988711e-01   4.7266997e-02  -4.6560329e-02  -1.8563400e-01   7.4397132e-01  -4.2031162e-01  -4.6827029e-01  -2.9286954e-01   3.7157055e-01   2.9390258e-02   7.7536216e-01   7.2963399e-01   2.2055086e-01  -8.1775001e-02   6.0652361e-01  -3.4139043e-01   3.6147436e-02  -3.1648935e-01   4.1774537e-01  -2.8001388e-01  -5.2716034e-02   5.1563629e-01  -1.9029575e-01   1.6544583e-02  -2.7408707e-01  -1.1024397e-01  -2.8494277e-01   2.3299543e-01  -2.2732204e-01  -6.5262333e-03   5.5420693e-02  -1.4400707e-01  -3.6583934e-01   3.9360994e-02  -7.2231604e-02  -1.9083977e-02   1.6381449e-02   3.7707896e-01  -1.0886118e-01   2.5603347e-01   5.9499039e-01  -1.3362317e-01  -1.2102116e-02  -1.8814108e-02  -3.5755831e-01  -7.2407576e-02  -1.3264153e-01  -4.4049907e-01   4.7199565e-02  -2.7052949e-01   1.0925785e-01   5.9855156e-02   6.5621424e-01
   1.2143877e-01   5.7758056e-02   1.5467664e-01  -3.5662102e-01  -1.0009790e-01  -1.5357846e-01  -7.9030835e-02  -1.2791824e-01  -2.2881760e-01   0.0000000e+00  -7.7505004e-02   2.6012635e-02   2.8686849e-01   6.5542720e-02  -5.5347256e-02   3.8684100e-02   7.6190482e-02  -2.1243298e-01   5.3466617e-03   1.2496559e-02  -2.1015072e-01  -1.1944693e-01   4.3063275e-02   1.4439702e-01  -1.3407588e-01  -1.1458126e-01  -1.7923743e-01   2.1535084e-01  -3.1558007e-02  -2.3121792e-01  -2.2228054e-01  -2.4262763e-01  -9.2189757e-02  -5.3584916e-02  -5.0211210e-03   9.5070584e-03   1.0860851e-02   5.3582472e-02  -6.4404349e-02  -5.5863533e-03   7.8583405e-02   4.8792132e-02  -2.8571497e-01  -4.0761558e-02  -1.7857984e-02   1.8926016e-01  -2.2612492e-01  -1.8341865e-01  -2.3513316e-01   3.2697606e-02  -4.1995445e-02  -5.4681511e-02  -2.2412064e-01  -3.0594948e-02  -7.0048796e-02  -7.2840362e-03  -2.5066579e-01  -2.0082701e-01  -1.5500373e-02  -2.2169908e-02  -3.1074545e-02  -3.4740570e-02  -2.5558480e-01  -2.1715001e-01  -2.0628371e-01   2.1578108e-01  -2.3807719e-01  -9.8405340e-02  -2.0809452e-01   1.6772394e-01  -1.2431622e-01   5.7100037e-02   2.1595589e-01   2.1038838e-01   1.2537424e-01  -4.9224459e-02   1.1591951e-01   4.5839229e-02  -2.2065780e-01   4.2212792e-02  -1.5524935e-03   2.4112037e-01  -1.8220414e-02  -7.1620223e-02   1.4343099e-01  -6.6602931e-02  -1.2631856e-01   1.1497920e-01  -1.1784052e-01   1.9088239e-01  -3.2148902e-01  -4.1027185e-02   7.5282467e-03  -1.8555961e-01   2.2537854e-02  -2.7307499e-02   1.8155418e-01  -4.3486022e-02  -1.6849212e-01   1.5520552e-01   1.7028864e-01   1.2066273e-03  -1.0362101e-01  -1.2762798e-01  -5.7319943e-02  -1.5067876e-01  -4.8365835e-02  -2.3154261e-01   1.0092516e-01  -1.2401403e-01   3.1348480e-02  -7.9344239e-02  -1.6057653e-01   6.3299976e-02   2.5049790e-01  -1.7771524e-01  -1.1491364e-01   1.4386033e-01   8.0348912e-02  -1.6679333e-01   3.0218321e-02  -4.9654481e-03  -1.2365329e-01  -2.1150893e-01   2.8101281e-01   1.9672934e-01  -1.3010547e-01   1.3362770e-01  -1.4974889e-01   1.4911917e-01   1.2926675e-01  -8.2127622e-02   3.5558028e-01  -1.2473178e-01  -2.6214237e-01  -1.1110840e-01  -2.0620589e-01   1.0490546e-02  -8.8132326e-02  -9.7791462e-02  -2.2369683e-01   2.2244332e-01  -4.0000597e-02  -6.9265664e-02  -1.3804391e-01  -8.7862070e-02   8.4024918e-02  -6.5536672e-02   4.6587158e-02  -3.4406621e-02   2.4033021e-01  -9.7276763e-02   1.4541800e-01  -1.1136253e-02  -5.7135202e-02  -2.9298067e-02   2.2229520e-01   1.0245787e-01  -1.1210197e-01  -9.1662978e-04   1.4135374e-01   1.9402646e-03  -9.8951528e-02  -7.6931356e-02  -1.8711863e-01  -5.1970151e-02  -3.2962143e-02   1.2190608e-01   7.5916985e-02  -1.7017815e-01  -1.1812136e-01   1.5902498e-01  -3.2047648e-01  -1.1483910e-01   6.9481852e-02   7.6540426e-03  -8.1834114e-02
  -2.0149580e-01  -1.3622520e-01  -1.1209703e-01   1.4629200e-01   8.8962197e-02  -6.8946875e-02  -2.3043294e-01   1.8946029e-02   1.6295621e-01  -7.7505004e-02   0.0000000e+00  -3.0734433e-01  -3.4974393e-01  -2.9928044e-01  -1.3525925e-01  -2.3137747e-01  -4.9526613e-02   4.2105054e-01  -2.2672503e-02   7.1536751e-02   1.9410336e-02   2.0675694e-01  -8.7372654e-02  -3.4385973e-01  -1.7961648e-01   3.9683113e-01  -1.4215823e-02  -2.9441154e-01   3.4351675e-02   3.8043826e-01   2.9023686e-02   3.0215177e-01  -1.5546996e-01  -1.0173524e-01   1.0258266e-01   5.2488923e-02  -2.0232428e-01  -1.6424126e-01  -2.6996475e-01  -1.1146792e-01  -2.6017829e-01  -1.5917895e-01   4.0296782e-01   2.4313919e-01   1.9410414e-01   1.9783153e-02   6.8875949e-01  -3.0526073e-02   1.4257806e-01  -7.9880532e-02   2.1008806e-01   9.8131307e-02  -2.2169340e-02  -1.3722026e-01  -1.4972394e-01   6.2468780e-01   8.8479460e-02   1.8714274e-01   1.7656705e-02   1.7799675e-02   2.7841927e-01   2.2214113e-03   1.3945101e-01   2.6886225e-01   2.4245744e-01   4.7137138e-03   9.5414882e-02   5.0042431e-01   5.7936434e-01   4.0938929e-02  -9.2580233e-02   4.4922961e-01  -1.4422583e-01  -1.8830708e-01   6.2899189e-02   3.8166356e-02  -8.3689943e-03   7.7152371e-02   4.0219374e-02   1.5156762e-01  -1.5618019e-01  -1.4994103e-01   2.8284971e-02   1.4801855e-01  -2.4465744e-01   4.4631864e-02  -3.6542992e-02  -4.6066148e-02   9.0388112e-03  -1.5799302e-01   1.0440757e-01   5.6623220e-02  -2.1588836e-01   1.2556160e-01  -1.1563292e-01   3.7429168e-02   7.0825014e-02  -2.5258150e-02   1.7422617e-01  -1.3201569e-01  -2.8987028e-01   5.4636406e-01  -1.1178055e-01   9.8751419e-02   3.4377516e-01   1.1619020e-01  -1.2686166e-01   3.9189758e-01  -4.1574513e-02  -9.1345885e-02  -4.2218380e-03   1.6623249e-01   3.3933107e-01  -3.5240591e-01  -2.6744165e-01   2.3725100e-01   2.9855034e-01  -2.5632441e-01  -2.5107896e-01   3.6185208e-01  -1.3682603e-01  -1.1513217e-01   2.3583047e-01   1.7429293e-01  -1.1890483e-01  -2.9925865e-02   2.3267824e-01  -1.6936058e-01   2.2217572e-01  -6.0445203e-02  -2.7093974e-01   1.3132992e-01   1.5814547e-01   9.0866894e-02   2.2453929e-01   5.5934036e-02  -3.3010451e-02  -1.7441913e-01  -7.2689180e-02  -3.1222363e-01  -1.9282984e-01  -1.5282452e-02   4.4020941e-01  -2.8318880e-01  -1.3169103e-01   6.1345549e-02  -5.3148766e-01   2.4343542e-01  -2.0383608e-01  -7.3019161e-02  -1.5922592e-01  -1.6896646e-01  -2.2646935e-01   3.3027796e-01  -2.6561063e-01  -3.8516332e-01   6.8191567e-02  -1.2568439e-01   1.1286661e-01  -2.6100686e-01   2.3983195e-01   5.8736610e-01  -7.9688572e-02   3.7453814e-01   2.5150841e-01  -9.8342989e-02   3.2448861e-01  -8.2706358e-02  -1.5490615e-01  -3.9840770e-02  -6.7635551e-02  -3.9381377e-01   5.8295119e-01  -3.2494525e-01  -2.4695486e-02  -1.7255381e-01  -1.1083187e-02
  -3.0904071e-01   6.2982190e-01  -2.4157868e-01  -3.0955385e-02   1.8723511e-01   5.3289447e-02   3.6171679e-01   1.1031384e-01   1.3787324e-01   2.6012635e-02  -3.0734433e-01   0.0000000e+00   1.0495325e-01   9.4994656e-02  -1.2214171e-01   1.7400232e-01   6.7883957e-02  -2.0176938e-01   1.5440818e-01   1.9309200e-01  -1.5245963e-01   5.9153053e-02   9.9167101e-02  -7.1236378e-02   1.8965667e-01  -2.4406490e-01   2.2020345e-01  -6.9740067e-02   1.4033132e-02   1.0592099e-01  -7.1332759e-03   5.4665534e-02   6.1233196e-02   2.8310658e-01   2.2347736e-01  -4.6540277e-04   2.2691693e-01  -1.3960341e-01   3.4493196e-01   3.7181913e-01   2.1164377e-01   1.1520124e-01   6.8926560e-02  -1.9203071e-01  -5.0653311e-02  -4.6271279e-01  -3.3835424e-01   2.3872296e-01  -2.3190661e-01   4.3996084e-01   8.0943083e-02  -1.5830424e-04   2.4393045e-01   3.4752984e-01   4.4573325e-01  -3.5176441e-01   5.9628841e-02  -6.4661820e-02   1.5192437e-01   4.3539245e-01  -5.4662777e-01   7.6840779e-03  -7.8214630e-02   1.7997364e-01  -4.2714154e-03   1.3742778e-02   1.8046871e-02  -2.3230743e-01  -1.0917052e-01  -4.7408744e-01   4.0355905e-01  -3.7678540e-01   1.5696907e-02  -8.9417798e-03   2.2554280e-01   9.0980884e-02  -3.5643976e-01   2.4610936e-02   3.1813341e-01   1.6984315e-01   1.1505319e-02   1.2095582e-01  -3.0146870e-02  -6.1159951e-02  -2.1327124e-02  -1.7640595e-02   2.9953596e-01  -1.4704540e-01   8.7427470e-02  -3.3108249e-01   2.3179397e-01  -5.0430969e-01   3.9596153e-01   1.4332477e-01  -3.4620945e-01   1.4759881e-01   2.5860738e-02   8.2538096e-02  -6.8108059e-02   3.6216881e-01  -5.7819808e-02  -2.5951890e-01   2.6719774e-02   2.1285437e-01   3.8977677e-02   2.1799636e-01   4.5925713e-01  -3.4469872e-02  -1.9290530e-01   1.0231222e-02   1.6601539e-01  -8.6723795e-02  -2.5881277e-01  -2.5058173e-01  -2.0791223e-01   1.9485412e-01   6.3275257e-02   1.8821665e-01  -1.4752601e-01  -2.9206893e-01  -1.5562948e-01   1.7375983e-01   5.2278850e-03   3.5934741e-01  -3.6309417e-01  -1.7144565e-01   1.2421625e-01   2.8905773e-01   1.1192724e-02  -4.1180321e-01   2.9360554e-01   2.0487353e-01  -1.6354648e-01   1.2903149e-01   1.8233666e-02   5.0080623e-02   5.5864878e-02   7.3985465e-02  -9.0184998e-03   1.0382128e-01   8.5348300e-02  -1.1704682e-01  -7.7381522e-02   1.0848996e-02  -1.4793303e-01   9.4718318e-02   4.7765413e-01  -1.2563193e-02  -4.7443492e-02   9.0249987e-02  -2.7663139e-01   5.6039592e-03  -2.3280849e-02   1.4777679e-01   4.9967492e-01   2.1773959e-01  -3.0395660e-01   3.5057359e-01  -4.3085076e-01  -3.0023430e-01  -8.6907530e-02  -8.3845011e-02   1.2998062e-01  -1.7283059e-02   1.2687993e-01   3.9917125e-01   1.0847200e-02  -2.2715203e-01   6.2239259e-02   2.0480381e-01   3.0569899e-01   1.2676258e-01  -3.6428269e-01   1.7250169e-01   7.1179229e-02  -4.0788363e-02   1.9610705e-01
   2.4054296e-01  -2.3389672e-03  -6.3294551e-02  -4.2539028e-01   1.0553554e-01  -1.7581492e-01  -3.1341447e-02  -2.2631949e-01  -2.7483967e-01   2.8686849e-01  -3.4974393e-01   1.0495325e-01   0.0000000e+00   1.1825810e-01   2.9849006e-01   2.9065179e-01  -1.4419347e-01  -2.5322310e-02  -2.3696925e-01   2.0636974e-01  -9.3796296e-02  -4.5205246e-01  -8.6284198e-02   3.2305674e-01   6.5235739e-02  -2.6334020e-01  -2.0754757e-01   5.2053758e-01  -2.0294117e-01  -5.2552253e-01   2.3078839e-02  -5.5091480e-01  -1.7802375e-01   1.4862168e-01  -1.8869732e-01   2.3021364e-01   1.1507311e-01   3.3039781e-01   3.1202093e-01  -1.5684919e-01   8.1680381e-01   4.3204563e-02  -6.1546999e-01  -3.3320259e-02   3.1255428e-01   6.7467177e-02  -3.7626252e-01  -1.5303581e-01   5.4586321e-04  -1.0492017e-01   1.9951750e-01  -2.8998623e-01  -2.5924690e-02  -6.5398950e-02  -6.4340498e-02  -2.0642694e-01  -2.5831916e-01  -5.0309822e-01   3.3422282e-01  -2.9953571e-01  -3.7105734e-01   1.9827983e-01  -3.9552361e-01  -2.3606227e-01  -7.1752999e-02   2.5186876e-01  -2.3437597e-01  -3.9666970e-01  -4.9242731e-01  -2.1629934e-02  -2.1160968e-01  -9.3516932e-02   6.7728421e-01   4.1372404e-01  -1.6112001e-01  -3.3463065e-01   1.0344658e-01  -5.4996258e-02   5.9370752e-02   3.2884130e-01   1.9330933e-01   4.8604203e-01   2.1914008e-02  -1.5594993e-01   3.8799132e-01  -3.9694218e-01  -2.1062089e-01   2.0828902e-01  -2.4041906e-01   3.3272154e-01   1.6352926e-01  -2.0947209e-01   9.4920246e-03  -2.4018254e-01   2.9129775e-01   9.1578466e-02   3.3948645e-01   1.6026709e-02   1.8781301e-01   1.3115591e-01   3.5458592e-01  -1.9443898e-01  -1.8455329e-01  -3.1587628e-01  -2.6876365e-01  -3.9393166e-01  -1.1479691e-01  -4.1103401e-01   2.4832351e-01   1.2235224e-01   5.5595175e-02  -2.5701735e-01  -4.7939315e-01   4.3025480e-01   3.1996702e-01  -8.5208051e-02  -3.8753822e-01   7.7366568e-01   3.6219952e-01  -3.2526815e-01   3.2349174e-01   3.7896736e-01  -5.0665160e-01  -1.7437684e-01   2.7290230e-01   1.1311575e-01   1.1013971e-01  -2.9411975e-02  -5.6296739e-01  -4.7223704e-02   6.2886661e-01  -2.4310607e-02  -8.0161984e-02  -2.7123061e-02  -5.3169906e-01  -2.8920640e-01  -1.1188101e-01   4.3330658e-02  -2.9182119e-01   4.6389371e-01   1.2671043e-01   4.5962601e-01  -3.0342845e-01   9.9789987e-02   2.1306002e-01  -1.4021322e-01   2.0649210e-01   1.1145973e-01   2.8119810e-01  -2.4359458e-02   3.5052127e-01  -9.0762075e-02   2.3854874e-01  -1.0347147e-01  -4.7368932e-02   3.7812173e-01   2.4658756e-01   4.6779273e-01  -3.8610399e-01   1.8224740e-01  -2.5031144e-01  -4.2330780e-01   2.6628996e-01  -8.0199706e-02  -4.3155651e-01   1.1541157e-01  -1.7205948e-01   3.7789104e-01   2.2557071e-01  -1.4018833e-01   1.1387486e-01   5.5389400e-01  -3.6406916e-01   1.4181595e-01  -1.3732596e-01   1.1367415e-02  -3.2096901e-01
   2.8051417e-01  -2.3395127e-01   1.5420619e-02  -7.9859537e-02  -3.3851821e-01  -6.4950104e-02  -3.8650393e-01   3.2389711e-02  -1.6073714e-03   6.5542720e-02  -2.9928044e-01   9.4994656e-02   1.1825810e-01   0.0000000e+00   3.6839903e-01  -2.3031222e-02  -2.6265369e-01  -1.1806120e-01   6.3183743e-02  -4.3140208e-01   1.7386222e-01  -1.0222243e-01  -3.4884378e-02   4.3477161e-01  -1.9959070e-01  -4.8920624e-04  -4.8143520e-01   5.1760869e-01  -5.0235112e-03  -1.6826247e-01   3.6700470e-01  -1.1404459e-01   1.0154584e-01  -1.6643754e-01  -9.2335502e-02  -4.3209969e-01  -2.6257018e-01   2.2429308e-01   8.3969148e-02  -2.1669144e-01   2.4150876e-01   8.9095429e-02  -3.8468208e-01   2.6301842e-02  -6.8214713e-02   1.2781533e-01  -3.7076637e-01  -2.5400060e-01   1.4115670e-01   5.5322553e-02  -1.0058799e-01   9.6029141e-02  -1.5000055e-01  -7.5566167e-02   3.6880899e-01  -1.0722121e-01   2.7488372e-01  -1.5780054e-01   8.7321172e-02  -1.0294482e-01   2.1516431e-02  -2.9929016e-02  -1.4927841e-01   2.1072195e-01   8.1736834e-02  -3.5015311e-01  -1.8843043e-01  -2.7501449e-01  -3.8578889e-01   1.3291248e-01   6.2521606e-02  -2.1911274e-01   4.0359079e-02   4.3481173e-01  -3.9892264e-02  -2.2084325e-02   1.4135658e-01  -5.0785391e-02  -2.3377161e-01   8.6775137e-02   2.4653732e-01  -1.1916800e-02   1.4895239e-01   6.9571650e-02   5.2514248e-01   2.9608161e-02   2.3215517e-01   4.6753469e-01  -2.3664199e-01   3.2917576e-01  -2.1499787e-01   2.6078136e-01  -2.1381531e-01  -1.6760640e-01   2.3855630e-01  -3.4068997e-01   1.4486025e-01   7.0454581e-02  -1.1228446e-01  -8.6323244e-02   6.6838779e-01  -2.7851527e-01   3.5653575e-01   3.3945679e-02  -3.0070397e-01  -5.8153357e-02   1.3490803e-01  -2.1467849e-01   1.2570802e-01  -1.7224923e-01  -9.0370877e-03  -5.7387089e-02  -3.3430545e-01   2.6109640e-01   4.8188767e-01  -2.5664669e-01  -1.3476738e-01   3.7523313e-02   6.1214113e-01  -2.0542128e-01   1.8269014e-01  -2.8565130e-01  -2.7384533e-01   2.3149098e-01   1.7018752e-01   5.7322381e-01  -8.9451835e-02  -1.9943478e-01  -1.2710637e-01  -1.6567291e-02   1.1421125e-02  -1.6389765e-01   1.2044085e-01   1.3620558e-01  -4.6007921e-02  -5.1809799e-03  -2.3657221e-01   3.7962586e-01   1.7752634e-01   2.8288025e-01   1.6819267e-01  -9.6274959e-02  -3.3655044e-01   5.0442341e-01   2.5793873e-01   4.3971440e-01   4.4637696e-01  -4.0615424e-01  -2.2294801e-01  -2.1318661e-01   3.3473694e-01   4.6136364e-01   4.0298526e-01  -3.4886324e-01   1.7163106e-01   2.2530110e-01  -3.3500141e-02   9.2378905e-02   1.6420333e-01   2.5998240e-01  -3.2077688e-01  -2.1391196e-01  -3.8735854e-01  -3.5898140e-01  -1.4058533e-01  -1.5673197e-01  -4.0449787e-01   2.4465108e-01   2.6656063e-01  -1.9663825e-01  -3.5994747e-01   2.3730230e-01  -3.0120030e-01   4.9401431e-01  -3.3069686e-01  -9.6178742e-02  -4.7289986e-02
