   0.0000000e+00  -3.0094767e-01  -3.9146675e-01  -1.1881601e-01  -4.7932439e-01   5.0343377e-02  -3.3966729e-01   1.8833626e-01   9.6888875e-02  -1.7529382e-01  -1.4921181e-01  -3.6745348e-01   4.0218834e-02   3.1809762e-01   1.1155137e-01   4.6391482e-02  -3.9329620e-01  -2.0642469e-01   1.5195354e-01  -3.5776108e-01  -6.4950984e-02  -1.5890924e-01  -1.1990596e-01   8.6696205e-01   1.3960769e-01   2.7954707e-01  -2.6734962e-01   5.9202488e-01  -1.2724710e-01  -2.9949716e-01   9.1836280e-02  -4.4229298e-03  -1.0359128e-01  -3.3425060e-01  -2.3765387e-01  -4.4958545e-01  -2.1185627e-01   3.2843753e-01  -1.7965087e-01  -3.9612672e-01  -2.3697465e-01  -9.4362258e-02  -9.5606180e-02   3.1671681e-01  -1.3761494e-01   1.9813777e-01  -2.4874143e-01  -5.3412603e-02   1.4336877e-01  -3.2006092e-01  -5.4592548e-02   3.4691769e-01  -1.7857024e-01  -1.9833089e-02   4.6714500e-01  -2.1054209e-01   1.3137142e-01  -1.6869934e-01  -2.2352689e-01  -2.2844476e-01  -1.8595396e-02   7.9059262e-03  -6.0535582e-02  -1.6133668e-01  -1.6253456e-01  -3.2434903e-01   5.4118835e-02  -8.0299828e-02  -3.9072321e-02   1.1718053e-01  -2.7884324e-01  -1.8405581e-01  -1.9370984e-01   1.6044754e-01  -5.3384905e-02   1.3874019e-01   7.0147903e-02  -1.5518396e-01  -2.6360526e-01  -1.9196555e-01   1.1312446e-01  -9.3141796e-02  -3.5954441e-01   8.5676310e-02   7.2586172e-01   5.5529299e-02  -9.8750867e-02   5.8916113e-01  -9.5055020e-02   8.6376359e-01  -3.0892279e-01  -1.7182927e-01  -3.8041594e-01  -4.3163365e-02   1.8526914e-01  -2.2649312e-01  -2.5183332e-01   2.2146563e-01  -2.6794594e-01  -2.9828580e-02   2.2231034e-01   1.7344881e-01  -1.1361104e-01  -1.5030013e-01  -1.6197398e-01  -2.4342419e-02  -1.9817628e-01   9.8855718e-02  -3.4338838e-03  -1.5940541e-01  -2.8780574e-01  -1.2046613e-01  -2.1153737e-01   8.2018758e-01   2.3690849e-01  -8.0398423e-02  -1.0058285e-01  -1.5353156e-01   2.1570120e-01  -9.0472035e-02   6.6489992e-01  -2.0920511e-01  -9.0003615e-02  -8.7620645e-02   5.0688066e-01   1.6666554e-01   1.7384085e-01   7.6178653e-02  -3.5022928e-03  -2.7233347e-01  -8.7161010e-02  -3.4862399e-01  -6.7213426e-02  -1.6337844e-01  -2.3949341e-01   1.4983218e-01  -1.7127457e-01  -5.1532781e-02   1.9957185e-01   6.6485703e-01   8.2893342e-01  -4.2453327e-03  -7.2082956e-02  -2.5176984e-01  -3.0492804e-02  -2.6058138e-01  -3.1367322e-01  -2.4168365e-01  -3.4416802e-01  -1.2319089e-01   5.2163786e-01   2.8466108e-02   6.2488547e-01  -2.1726713e-01  -4.2632638e-01   6.7627490e-01   4.7891633e-01  -1.0983524e-01  -1.8251841e-01   1.3804044e-02  -2.5504928e-01  -2.8996345e-01  -1.3689301e-01  -2.7854659e-01  -9.8932906e-03  -8.0105618e-02  -2.3043037e-01   7.1274291e-01   6.0902933e-01  -3.0053534e-01  -2.2243792e-01   2.9687370e-01  -3.3965385e-01  -1.4105927e-01  -1.3354806e-01  -2.2353803e-01  -2.3942648e-02
  -3.0094767e-01   0.0000000e+00   3.0894826e-01  -5.0084403e-01   4.6293042e-01  -3.1013349e-01   2.9166930e-01   3.1791372e-02   4.4622761e-01   1.2515220e-01  -2.2731294e-01   5.0912289e-01  -1.7074606e-01  -1.7357876e-01  -4.7134511e-01  -1.0757076e-01   4.3603328e-01  -2.3324080e-01  -2.3831408e-03   1.9152985e-01  -1.7475810e-01  -8.9712908e-02  -2.6635557e-01  -3.9115264e-01  -6.7553617e-02   4.6124138e-02  -4.2026826e-02  -5.3905259e-01   1.9608236e-01   2.1610757e-01  -1.5873226e-01  -2.3820284e-01  -6.1041889e-02   1.0367409e-01   5.5531213e-02   8.3078510e-02   2.7859267e-01  -4.3858250e-01   1.2987413e-01   3.9523271e-01   8.2588924e-02  -2.3885472e-01   3.3769227e-01  -3.7606875e-01  -2.3902352e-01  -4.1308112e-01  -3.3314393e-01   4.4910326e-01  -1.7583314e-01   3.8495252e-01  -3.7296072e-01  -1.1298257e-01   6.8980856e-01  -9.7829708e-03  -1.9112102e-01  -2.3435434e-01  -2.5225756e-01  -1.4046873e-01  -2.4410649e-01  -1.2943360e-01  -3.9203608e-01  -1.6989703e-01   4.0421940e-01   2.7650917e-01   9.1577484e-02   2.1072302e-01  -5.9750644e-02   1.7500284e-01  -3.4619842e-01  -4.1402099e-01   6.6872592e-01  -4.4077702e-01   1.7467086e-01   1.8059514e-01  -2.0937276e-01   1.5213857e-02  -3.9487733e-01  -1.1791336e-01   5.2035204e-01  -1.7721475e-01  -3.6215310e-01   3.2258838e-02   4.2499759e-01  -8.8857148e-02  -3.6547684e-01   2.7578165e-02   6.5689393e-01  -4.6579196e-01   4.6716352e-01  -3.4323709e-01   5.6004496e-01  -2.0492620e-01   2.7709432e-01  -4.1955286e-02  -4.5345656e-01   3.1588792e-01  -2.4615190e-01   7.5386689e-03  -6.3047700e-02  -2.1568834e-01  -3.0510651e-01  -3.6123512e-01  -2.2370293e-01   6.3370625e-01  -2.8752039e-01  -1.3139955e-01   1.1281945e-01  -1.0354449e-01   3.2374474e-01   1.1788678e-01   1.5013107e-01  -3.1017079e-01  -2.8927435e-01  -3.6822647e-01  -3.9488457e-01   4.5559394e-01  -7.8141808e-02  -7.6503833e-03  -3.6379620e-01  -4.1377763e-01  -4.9151628e-01   2.9578808e-01   3.0166652e-01   4.6611910e-01  -4.8585049e-01  -5.0968157e-01  -5.0237547e-01   1.9392708e-01  -8.5059853e-02   1.4316578e-01  -2.1417076e-03   4.5666037e-01   3.8283822e-01  -5.9244541e-02  -8.0145022e-02   1.2755957e-01  -1.6493229e-01  -4.5430125e-02  -1.9917979e-02  -3.7692635e-01  -3.4501002e-01  -3.0845684e-02  -3.1746102e-01  -1.1791697e-01  -4.2305946e-01   9.7143263e-02   4.9653416e-01   2.5880613e-01  -1.3256994e-01   1.6457165e-01  -3.1512273e-01  -2.9556836e-01  -4.4801711e-01   3.7299391e-01   7.0777626e-01  -3.5176814e-01  -5.0576744e-01  -1.7109243e-01  -2.8345103e-01  -3.6914137e-01  -6.6315524e-02  -1.6000339e-01   2.8087048e-01  -1.6952690e-01  -1.3498559e-01   4.0793249e-01  -5.4754197e-02  -2.7274593e-01  -4.4136512e-01   4.7262922e-01   3.5003677e-01  -3.5399383e-01  -8.2603401e-02  -3.7490958e-02   1.3345167e-01   9.3307665e-03  -1.1632157e-01
  -3.9146675e-01   3.0894826e-01   0.0000000e+00  -1.2199417e-01   4.5277808e-01  -7.3337526e-02  -1.8860944e-01  -2.1133630e-01  -1.5191643e-01   1.9520440e-01  -2.7466623e-03   2.4665034e-01   2.5112516e-01  -5.2196272e-01  -5.3519975e-01  -1.1105397e-01   9.1763512e-01  -2.5400791e-01   2.1225933e-02   5.0551357e-01  -4.7759753e-01   3.0793385e-01  -5.4836395e-01  -3.1209715e-01   7.5971024e-03  -1.3828633e-01   4.1170414e-01  -4.8323153e-01   1.8890121e-01   2.2625020e-01  -4.9974406e-01  -1.3127961e-02   5.6123175e-02  -1.4206841e-01  -1.5083293e-01   3.6268795e-01  -8.2661081e-03  -4.6680944e-01  -1.5283990e-02   6.6525944e-01   2.7986085e-01   4.8496830e-02   1.6456715e-02  -1.8536517e-01  -2.0061259e-01  -2.3872488e-01   1.7904143e-01  -4.1811080e-01  -5.2342147e-01   6.6276579e-01  -3.3115060e-01  -1.9501839e-01  -2.3780862e-02   1.6176706e-01  -4.3199611e-01  -4.5937398e-02  -6.1025037e-02   1.4052937e-01  -5.5921304e-02  -5.8733984e-02  -1.4185527e-01  -2.3148474e-01   1.0706113e-01   4.9852544e-02  -2.8306416e-01   2.9930425e-01   6.3259504e-03   3.4155379e-01   1.5856166e-01   3.8876800e-01   4.9062645e-01  -1.0589939e-01   2.2597086e-01   4.4899091e-01   1.2497070e-01  -9.0117882e-02  -2.8805785e-01  -4.3591340e-02   4.2997712e-01   2.9771482e-02  -3.3434416e-01   1.9992315e-01  -6.6138669e-02  -7.8006729e-02  -4.0436592e-01  -3.2148437e-02  -1.9513084e-01  -4.0821253e-01   4.0073114e-01  -4.6949048e-01   2.8962409e-01   1.8771365e-01   4.5868210e-01  -7.4990938e-02  -3.3967611e-01   4.0796611e-01   4.7217274e-02  -9.5845686e-02   1.8807312e-01  -2.5920287e-01  -2.9339555e-01  -2.3937947e-01  -6.2111864e-02   2.9321134e-01  -2.7200568e-02  -7.4966980e-02   1.9567111e-01   1.0632128e-01   1.0817195e-01  -1.2951017e-01   1.0366616e-01   6.0183995e-02   2.7897911e-03  -4.2913370e-01  -1.4260441e-01   2.6450387e-01   1.2622864e-01   1.6405153e-01  -3.0127900e-01  -1.6914363e-01  -4.5345618e-01   3.2227556e-01  -4.7133632e-02  -1.2527145e-01  -3.7845695e-01  -3.1075939e-01  -4.6973716e-01   1.0112142e-01   1.9762705e-02   7.6397190e-01   1.3672684e-01  -9.1207277e-02   4.6240028e-01  -3.9260724e-01  -8.7882432e-02  -1.8643516e-01   9.4440093e-02  -1.1115953e-01  -1.6663729e-01  -3.8985734e-01  -4.4983790e-01   1.5715237e-01  -6.8901160e-02   4.2620729e-01  -4.2529082e-01  -7.1444412e-02   4.0710959e-01   1.3662882e-01   4.2387310e-02  -3.3197952e-01  -1.6545683e-01  -4.1027348e-01  -3.5592518e-01   6.9020055e-02   7.5900784e-01  -4.2936905e-01  -4.8558971e-01  -1.8752976e-02   1.8167852e-01  -2.7461984e-01   2.3654011e-01   5.6828244e-02  -2.3567574e-01   1.0285454e-01   1.7322228e-01   3.8009364e-01  -2.0010536e-01  -4.1558376e-01  -3.8016763e-01   1.5128543e-01   3.0999688e-01  -3.3402036e-01  -4.7100246e-02   7.5588310e-02   2.1378362e-01   1.7544397e-01   1.4071739e-01
  -1.1881601e-01  -5.0084403e-01  -1.2199417e-01   0.0000000e+00  -4.0124962e-01   5.3109043e-01  -1.5512999e-01   8.6902596e-02  -1.2639011e-01  -2.4432049e-01   3.1490356e-01  -1.6501566e-01   1.1068680e-01   2.5066732e-01   3.9997976e-01   2.9397158e-01  -2.1487344e-01   1.9428076e-01   1.4573728e-01  -3.4641008e-01   2.2635604e-01   4.2505397e-01   1.2003222e-01  -6.0800421e-02   1.1497660e-02  -9.1030217e-02   2.3719735e-01   2.5589181e-01  -1.3847745e-01   1.7355426e-01   1.2985646e-01   3.5004462e-01   8.1863750e-02  -8.3095443e-02   1.4454831e-01  -2.3842418e-01  -1.6554892e-01   1.5059956e-01   1.5353602e-01  -1.2933162e-01   1.3265501e-01   2.1624207e-01  -1.5383975e-01   2.5458517e-01   2.0668860e-01   5.7697058e-02   2.7649922e-01  -2.0223058e-01   1.5787601e-01  -2.1694740e-01   3.1767168e-01  -3.9011214e-02  -4.5853428e-01   2.5150545e-02   8.9800817e-02   4.2341291e-01   4.2267636e-01   2.8263489e-01   5.7684475e-01   3.0244553e-01   2.7359576e-01   7.9830431e-03  -1.0472853e-01  -1.9320352e-01  -9.3442335e-02  -3.3400719e-01   3.3780191e-01  -3.0415442e-02   4.5590846e-01   2.3237746e-01  -4.3767649e-01   4.5461025e-01  -3.1822455e-02  -2.0494858e-01   1.9777088e-01   8.8108108e-02   8.2678272e-02   3.3030344e-01  -3.6925974e-01   4.9180835e-01   2.5219028e-01   5.4702947e-02  -1.6759140e-01   2.4058900e-01  -6.0894322e-03   1.1482056e-01  -3.1519369e-01   1.5862448e-01  -2.9946270e-01  -2.4871704e-02  -3.6210615e-01   1.5848635e-01  -1.2932742e-01   2.7867523e-01   1.1716595e-01  -3.7478994e-01   4.4431796e-01   2.1070155e-01   3.6913487e-02   1.3184131e-01   1.8727844e-01   1.9016307e-01   5.7021350e-01  -2.7123927e-01   4.4594242e-01   4.8727386e-01  -1.6122023e-01   4.1454754e-01  -1.6485686e-01  -1.0361490e-01  -2.0679494e-01   5.7527590e-01   4.9695013e-01  -7.5313165e-02   2.7500353e-01  -2.4528588e-01   3.8412917e-01   2.3296863e-01   2.4413053e-01   6.4506149e-01   7.4970658e-03  -2.8667399e-01  -1.7936965e-01  -3.7446221e-01   1.9118695e-02   4.3486788e-01   2.9802877e-01  -3.2778596e-01   3.1197208e-01  -9.0808021e-02   1.3788448e-01  -3.2301698e-01  -1.9621274e-01  -4.5428359e-03   3.8817936e-01   8.2936286e-02   4.3979703e-01   7.6023155e-02   8.8056701e-02   2.1207615e-02  -4.1361845e-04  -3.8974848e-02   5.8709517e-01   1.7016400e-01   2.4581283e-01   1.9426017e-01  -3.1124575e-01  -3.4991763e-01   1.1907261e-01  -2.2925809e-01   1.6131696e-01   2.2249282e-01   8.3700519e-02  -2.4866394e-01  -4.1009861e-01   2.1647252e-02   7.6618409e-02   4.1172463e-01   2.3065968e-01   3.4690334e-01   5.9598475e-02   5.7137378e-01  -3.5692216e-01   4.5159113e-01   3.3058494e-01  -2.6292005e-01   1.6189252e-01  -6.0433280e-03   5.0491096e-02  -3.4359121e-01  -2.0671399e-01   6.6137593e-03   1.6932824e-01   2.0069829e-01   1.1515234e-01  -1.5975283e-01   3.0386025e-01
  -4.7932439e-01   4.6293042e-01   4.5277808e-01  -4.0124962e-01   0.0000000e+00  -1.9149851e-01   3.0286883e-01  -7.7930256e-02   1.0685341e-02   1.8271903e-01   7.1939107e-02   5.0007628e-01   1.1872273e-01  -5.0916901e-01  -4.2525825e-01  -3.5817325e-01   5.2820360e-01   9.9820583e-02  -1.4362403e-01   7.5054580e-01  -2.7359538e-01  -6.2324043e-02  -2.0843128e-01  -4.8343026e-01  -1.7134485e-01  -9.4558234e-02   3.4861231e-01  -5.4370539e-01   3.0164955e-03   5.5390314e-02  -3.7721388e-01  -2.0258303e-01  -1.5094141e-03   2.1197446e-01   2.2200066e-01   7.6133720e-01   8.8619466e-02  -2.2390255e-01  -1.1513730e-01   4.5984694e-01   2.5633769e-01   4.4629274e-02   3.1655330e-01  -2.8917257e-01   1.0497771e-01  -2.5488544e-02   3.2920346e-01   8.9735765e-02  -1.9768250e-01   3.0258541e-01  -1.0973543e-01  -8.9271671e-02   4.1714293e-01   5.5799399e-02  -5.1586622e-01  -2.1938035e-01  -2.8843727e-01  -2.9805812e-02  -9.4045996e-02  -5.4372591e-03   4.0426220e-02  -4.7983636e-02   2.4905808e-02   9.7184305e-02   1.3287625e-01   5.3219388e-01  -2.7194747e-02   2.4595787e-01  -1.9941121e-02  -9.9950670e-02   3.8363878e-01  -3.0812492e-03   2.0197879e-01   1.5616554e-01   1.6626012e-01  -6.4365599e-02  -2.1636451e-02  -1.7901945e-01   6.4111166e-01  -4.2686383e-02  -3.9501950e-01   1.6667871e-01   1.2905349e-01  -4.5164250e-02  -4.1989433e-01  -2.1935888e-02   6.4824012e-02  -6.6625170e-01   2.0811748e-01  -4.2919923e-01   5.8559017e-01   7.5123339e-02   5.0376905e-01  -6.8282776e-02  -1.6119072e-01   7.9094550e-01   1.1034472e-01  -2.5151037e-01   4.3937067e-01  -2.2030200e-01  -3.4133405e-01  -1.3199191e-01  -2.5809823e-01   2.1342078e-01  -1.0428640e-01  -2.4710210e-01   2.1301891e-01  -1.4334483e-01  -1.2636152e-01   4.1378615e-01   2.3306489e-01  -2.0883404e-01  -1.1377593e-01  -4.3176220e-01  -4.3818779e-01   1.9510964e-01  -1.5792171e-01   1.3142987e-01  -4.0420401e-01  -3.5077016e-01  -3.8404518e-01   6.4405645e-01   1.9745854e-01   9.6949684e-02  -2.3087468e-01  -3.0684419e-01  -4.7113769e-01   3.0106341e-03  -1.7738776e-01   3.9169575e-01   4.9130657e-02   4.8309159e-01   2.3093065e-01  -6.8968989e-02  -6.9746115e-02  -6.8538911e-02  -2.2210289e-02  -2.6875393e-01  -1.6197347e-01  -4.1982511e-01  -5.1152885e-01   2.1257713e-01  -2.5569136e-01   8.7638362e-02  -4.3251260e-01  -9.0108324e-02   2.5990267e-01   6.2306898e-01   3.9669019e-01   5.2504907e-02  -5.0208901e-01  -3.0563907e-01  -4.9192060e-01   2.9641127e-01   6.0250597e-01  -3.3134447e-01  -3.1760173e-01  -1.2114893e-01   1.7117636e-01  -3.5317934e-01   3.5319853e-01  -8.9821068e-02   3.8027909e-01   5.0165607e-02  -9.1395669e-02   3.1867340e-01   1.4656876e-01  -3.8902261e-01  -3.5303494e-01   3.5136101e-01   3.6496321e-01  -2.5952306e-01   2.2733770e-01   1.0241451e-01   5.1370676e-02   2.2166470e-01  -3.0537127e-02
   5.0343377e-02  -3.1013349e-01  -7.3337526e-02   5.3109043e-01  -1.9149851e-01   0.0000000e+00   3.2739997e-02   1.6754611e-02  -1.2736319e-02  -1.5141610e-01   3.2288585e-01   1.7093695e-01  -1.8224386e-01   3.1626013e-01   4.9358816e-01   1.7766445e-01  -2.1781044e-01   3.5195410e-01   4.7237747e-01  -1.9507590e-01   1.6020848e-01   2.1337231e-01   2.9051362e-02   2.2830688e-02  -2.1090342e-02   9.3253487e-02   2.9371074e-01   3.0677280e-01  -2.1840436e-01   1.0823848e-01   5.2592123e-02   1.5826555e-01  -6.4871074e-02   1.5411087e-02   3.1750463e-01  -1.1984623e-01  -3.7775548e-01   2.4034191e-01  -1.2258759e-02  -1.5939675e-01  -1.5216334e-01  -1.5908361e-01   2.2914157e-02   2.0422969e-01   2.6997187e-01   3.0620984e-01   3.2386857e-01   5.8001970e-02   1.5912353e-01  -3.1941603e-01   3.6171036e-01   1.6796322e-01  -4.4478736e-01  -7.0416818e-03   3.0681573e-02   3.2977668e-01   6.6429268e-01   1.7338799e-01   2.4516289e-01   4.6923675e-01   2.5179094e-01  -1.0062255e-01  -1.8372014e-01  -3.8553156e-01  -9.1262666e-02  -4.1369764e-01   7.7076787e-01  -1.3618049e-01   4.1220497e-01   4.3639105e-01  -5.5477357e-01   3.4459939e-01  -3.2006753e-01  -1.7307279e-01   1.3067273e-01   1.0556102e-01   1.5336368e-01   2.0010137e-02  -3.2706701e-01  -4.9297665e-02   1.4797573e-01  -1.5189817e-01  -1.5321496e-01   2.3932162e-01   2.3587895e-01   1.6050149e-01  -3.0604235e-01   1.6861143e-01  -2.8361631e-01   1.3342457e-01  -3.0828903e-01   8.3587927e-02  -3.3529237e-02   3.1151135e-01   2.3578984e-01  -2.0192220e-01   1.3371215e-01   2.9890338e-01  -3.8166305e-02   8.9751625e-02   3.3063147e-01   3.6906127e-01   2.4658872e-01  -1.0490597e-01   3.3660184e-01   3.2720470e-01  -1.7364977e-01   4.2443485e-01  -2.8867050e-01   2.2917883e-01  -5.8662635e-02   4.4020815e-01   1.7626841e-01   6.2798382e-02   1.7654184e-01  -5.2417288e-01   1.5119835e-01  -6.5720607e-02   3.4721204e-01   3.8834917e-01   1.1543021e-01  -1.7584887e-01  -2.3525804e-02  -3.0606887e-01   2.9251028e-01   5.7995922e-01   1.8400779e-01  -4.4274303e-01   9.2923486e-02   1.4259076e-01  -1.6050112e-01  -1.5029030e-01  -2.2229821e-01  -1.6034025e-02   2.1662866e-01   6.8540929e-02   7.6051362e-02   8.0337433e-03   1.4182908e-01   1.2393087e-01   4.9726078e-02  -5.0840701e-02   4.3709758e-01   4.0611479e-01   1.0844340e-01  -3.8959074e-02  -5.6971644e-01  -1.7161364e-01   2.8772280e-01  -2.9179475e-01   3.2296255e-01   7.1534877e-02   1.7632471e-01  -2.9522160e-01  -2.8907539e-01   1.5589393e-01   2.5460849e-01   8.0105615e-02   9.5414406e-02   2.2079729e-01  -9.3122143e-03   3.0214744e-01   1.6046276e-02   3.5149818e-01   2.2167951e-01  -4.5217254e-01   3.0380695e-01   1.8802603e-01   1.2636607e-01  -3.0874042e-01  -4.0757404e-01   5.1296246e-02   1.2357242e-01   5.6411226e-01   1.0286905e-01  -1.3353529e-01   2.8073246e-01
  -3.3966729e-01   2.9166930e-01  -1.8860944e-01  -1.5512999e-01   3.0286883e-01   3.2739997e-02   0.0000000e+00  -9.8604234e-02   7.9622324e-02   2.7915376e-01  -7.4631991e-02   4.8345336e-01  -2.6602230e-01  -1.7525930e-01   1.3006751e-01  -1.2382418e-01  -1.6450019e-01   1.3899479e-01  -1.2492219e-01   1.7494629e-01   3.7361470e-02  -3.6688560e-01   4.7202317e-01  -3.8759927e-01  -3.6202523e-01  -6.3353598e-02  -1.9533318e-02  -1.5443052e-01   6.5890811e-02  -1.4750091e-01  -3.0470522e-02  -2.3353575e-01  -7.7827659e-03   8.2517106e-01   2.2089817e-01   2.4443404e-01   6.7623180e-02  -5.8272224e-02  -9.0336037e-02   3.9338257e-02  -1.6612697e-01  -4.9406655e-02   2.7037187e-01  -3.9770774e-01   2.5328689e-01   4.6957029e-02  -8.2686958e-02   3.5633386e-01   7.6062231e-02  -7.5865036e-02   1.5769064e-01  -9.8964789e-02   3.5358751e-01  -3.9093238e-03  -2.2329037e-01   9.8915925e-03  -7.0153376e-02  -1.2806519e-01  -8.8624104e-02   7.9063950e-02  -9.4696622e-04   2.5310434e-01  -5.0491815e-02  -9.9997936e-02   1.5021197e-01   2.7745259e-01  -5.7847434e-02  -1.8093593e-01  -1.7039222e-01  -2.4390103e-01  -5.4579674e-03   6.3704572e-02  -2.8082322e-02  -1.8326514e-01  -1.3728647e-01  -5.0751346e-02   7.4176563e-02  -7.4592492e-02   2.3708457e-01  -2.2599740e-01   1.4406720e-01  -1.0171763e-02   6.9465602e-02  -2.0296091e-01  -2.6822073e-01  -8.1830473e-02   2.3122591e-01  -2.9541098e-01  -1.2884144e-01  -2.3609776e-01   1.9633078e-01  -8.9039070e-02   3.0691215e-01  -1.9857723e-02  -2.1576999e-02   2.9475149e-01   1.8085836e-02  -2.0543082e-01   1.8432938e-01   4.5066512e-01  -1.6687526e-01  -1.5202468e-02  -2.1274335e-01   1.2169757e-02  -5.9135942e-02  -3.1275463e-01   4.7414581e-02  -2.1710434e-01   1.0466746e-02   1.7270953e-01   5.0789424e-01  -1.2762369e-01  -9.5245970e-02  -2.7985672e-01  -1.4151202e-01  -1.4269929e-02  -2.6491113e-01  -3.5928533e-02  -1.9841316e-01  -6.8824918e-03  -1.6043341e-01   3.1785748e-01   2.4013236e-01   1.4004947e-01  -7.7577463e-02  -1.0897503e-01   8.2659603e-02  -7.5132607e-02  -2.6032766e-01  -1.6710126e-01  -1.5271716e-01   5.4235928e-01  -1.8286880e-01   1.3809195e-01   4.3746995e-02  -7.4429273e-02  -9.3395192e-02  -1.9415271e-01  -1.5656133e-01  -3.3804823e-01  -2.9769265e-01  -1.3571815e-01  -1.0004794e-01   4.2613153e-03   2.5221187e-01  -1.9442312e-02   2.6123499e-01   1.9367789e-01   3.6205638e-01   1.3101184e-01  -2.5493612e-01  -8.3607818e-02  -2.2556215e-01  -7.1836368e-02   8.2377265e-02  -1.5091355e-01  -5.5365894e-02  -9.6752164e-02  -8.8538793e-02   1.2104654e-01   1.1493990e-01  -3.7375999e-02   2.6859331e-01  -1.1381323e-01  -2.6628374e-01   1.7143286e-01   3.6448758e-01  -2.4395391e-01  -2.2163938e-01   6.4419552e-02   2.4956227e-01  -1.3148122e-01   1.4309013e-01   1.2544201e-01   1.5935808e-01   9.1162766e-03  -1.8683494e-01
   1.8833626e-01   3.1791372e-02  -2.1133630e-01   8.6902596e-02  -7.7930256e-02   1.6754611e-02  -9.8604234e-02   0.0000000e+00   2.4221427e-01   3.8904143e-02  -1.2055466e-02  -1.4550791e-01   2.9896215e-02   1.6584405e-01   2.7235689e-02   1.5319138e-01  -1.3516113e-01  -9.8392434e-03   1.2498291e-01  -2.8093562e-01  -1.3461326e-01   3.2091561e-01  -4.5034936e-02   1.3842122e-01  -8.9520202e-02   5.5736059e-01  -3.3264555e-01   8.2032211e-02  -9.8550528e-02  -3.5054718e-02   1.1004454e-01   2.2422893e-01  -1.7137755e-01  -9.6303531e-02  -8.5861398e-03  -2.3929098e-01   5.5106330e-02  -4.2812588e-02   3.0821344e-02  -2.7183974e-01  -7.5242809e-03  -8.4682559e-02   5.1268465e-02   5.1291595e-01  -1.8958035e-01  -1.2560233e-01  -1.1468174e-01   9.1365103e-02  -1.3602476e-01  -2.8741107e-01   1.2263589e-01   6.0512582e-01   5.1090001e-02  -1.2352346e-02   2.7960917e-02   1.7178613e-02   1.3981403e-01   2.9218134e-01   9.1956908e-02  -4.0507434e-02  -3.6941132e-02  -2.2928795e-01   1.2821866e-01   2.2655181e-01  -8.8906001e-02  -1.3714141e-01   2.0697850e-01  -2.1749349e-01   1.7794379e-01  -1.8328049e-01  -3.4209234e-02  -9.6902876e-03  -2.4235431e-01   1.8454642e-01  -5.6865817e-02   3.9231204e-01  -1.9175337e-02   2.9620578e-01  -7.2412918e-02  -2.0823110e-01  -5.0692298e-03  -2.3383638e-01  -3.7132231e-02   6.8586738e-01   1.8762030e-01   3.6435258e-01   2.3248246e-01   1.0676089e-01  -1.3849066e-01   1.3258611e-01  -1.6907883e-01  -9.4953785e-02  -1.7952439e-01   4.2886899e-02  -1.5230338e-01  -1.3396443e-01  -1.0867053e-01   3.1546847e-01  -1.9466321e-01   4.4227125e-04  -1.5948896e-02   1.0862537e-01   2.1621124e-01  -3.0587138e-02   2.6040747e-01   3.1283874e-01  -7.9343152e-02   4.2438538e-01   2.5749784e-01  -3.4189800e-03  -2.6116544e-01   9.5618535e-02   5.8829905e-02   1.5630358e-02  -1.5949750e-01   4.2241221e-02   1.2704455e-01  -2.9032954e-03  -6.0102435e-02   2.3817828e-02   9.1537697e-02  -1.1135907e-01   7.5675953e-02  -1.7194033e-01  -5.0912436e-02   1.0590150e-01  -3.9614828e-02  -1.2430473e-01   4.8375315e-01  -2.3018721e-01  -9.7596022e-02  -1.1424123e-01   1.5129470e-01  -1.3655617e-02   2.4317456e-01   7.0153829e-01  -7.6283570e-02  -1.2393074e-01   5.9731603e-01  -3.1174485e-02   1.1115384e-01   7.2427339e-02   1.8912397e-01  -3.1049080e-01  -8.0251706e-02   1.7427828e-01  -8.1458558e-02  -1.8666511e-01  -1.8465568e-01  -3.1464617e-03  -4.9635691e-02   1.6947134e-01   1.2603731e-01  -1.5803639e-01  -2.3251652e-01   1.4527162e-02  -3.9638784e-02  -7.1751721e-02  -5.8717394e-03   6.5476521e-02  -1.6801150e-01   1.7288369e-01  -1.0393506e-01   1.1338837e-01   3.0943030e-01   8.9804916e-02  -1.1608833e-01   3.2662087e-01   4.7502969e-02  -6.9758131e-03  -1.1472170e-01  -1.8075084e-01  -8.6167350e-02  -1.8172721e-01  -9.0005532e-02   1.5639758e-02   3.0040775e-01
   9.6888875e-02   4.4622761e-01  -1.5191643e-01  -1.2639011e-01   1.0685341e-02  -1.2736319e-02   7.9622324e-02   2.4221427e-01   0.0000000e+00   8.7237037e-02  -2.4463714e-01   1.5979974e-01  -5.8645934e-02   9.3982408e-02  -1.3780343e-01   3.4888317e-02  -5.4994119e-02  -5.5153308e-02   9.0993092e-02  -1.1147406e-01  -4.2087322e-02   6.4657104e-02  -4.5930949e-02   8.8092290e-03   2.0507371e-01   1.9465299e-01  -1.2144877e-01  -1.0450224e-01  -3.9709540e-02   1.3118349e-01   2.0142408e-01  -7.4419804e-02  -5.7509742e-02  -7.3363097e-02   2.0221303e-01  -1.2762353e-01   2.0182006e-01  -9.5956698e-02   1.5148673e-01   9.0600186e-02   9.3478078e-02  -1.5067506e-01   4.9741877e-01  -9.0656610e-02  -8.4692602e-02  -2.3219092e-01  -2.7946377e-01   5.4604573e-01   8.3651319e-02  -3.8961787e-02  -5.4938533e-02   1.4853022e-01   4.0072004e-01  -3.3904338e-02   7.0649790e-02  -3.2493443e-01   5.8968426e-02   7.5827296e-02  -3.8986364e-02   1.7522487e-01  -3.2542504e-01  -1.4375635e-01   5.4226682e-01   1.7581357e-01   2.1268014e-01  -9.4236474e-03   1.2835655e-01   9.3273484e-02  -2.5770612e-01  -3.3129517e-01   2.4668422e-01  -2.7276331e-01  -1.1584911e-01   3.2238418e-02  -1.3839487e-01   2.0075007e-01  -2.3518202e-01   6.0067873e-02   8.7947753e-02  -1.3829040e-01  -2.1268972e-01  -1.3282690e-01   2.1260928e-01   6.8669159e-02   5.9296595e-02   1.7234635e-01   6.5736287e-01  -5.6619422e-02   2.1478366e-01   1.2611477e-01   1.7897538e-01  -2.9954176e-01  -1.2690354e-01   4.6136489e-01  -2.2288728e-01  -3.6786392e-04  -2.4642284e-01   2.1008283e-01  -3.8374862e-02  -1.3935017e-01  -8.9976923e-02  -1.7570254e-01  -1.7496108e-01   4.8521426e-01  -1.3680829e-01   8.1294228e-02  -5.9883039e-02   8.4773451e-02   2.9228207e-01   1.2553729e-01  -9.3068377e-02  -2.0983978e-01  -1.0543429e-01   4.0585998e-02  -2.0677157e-01   2.3554232e-01  -2.2356625e-01  -8.8450315e-02  -1.3562187e-01  -3.2090974e-01   4.5725854e-02  -1.2288222e-01   3.1332692e-01   3.9964294e-01  -6.0476014e-02  -1.2625599e-01  -1.3606362e-01   8.6125930e-02   1.7243515e-01  -1.1467562e-01  -7.6812542e-02   1.9558024e-01   6.4226759e-02   1.9559969e-01   2.6769507e-01   3.6060139e-01  -1.5778685e-01   1.2279201e-01   1.7026565e-01  -3.0330256e-02   9.0839767e-03  -7.8550296e-02  -2.6409415e-01  -2.5390875e-01  -1.4147696e-01   3.1440031e-02   7.7323605e-02   3.3473710e-02  -2.2268292e-01   2.7995259e-01  -6.5367064e-02  -3.0162016e-02  -3.6920062e-02   1.9476139e-01   2.0876163e-01  -3.6613851e-02  -1.2292375e-01  -2.0984394e-01  -2.6198949e-01  -2.7043783e-01  -1.0129696e-01  -1.6683991e-01   2.8549868e-01  -7.4112413e-02   2.0101156e-01   4.8051453e-02  -1.9698607e-02   1.0518379e-01   3.0619981e-02   3.0779688e-01   6.9125222e-02  -1.5503447e-01  -6.9631793e-02  -5.3803081e-02  -3.7010887e-02  -2.9183086e-01   2.0290402e-01
  -1.7529382e-01   1.2515220e-01   1.9520440e-01  -2.4432049e-01   1.8271903e-01  -1.5141610e-01   2.7915376e-01   3.8904143e-02   8.7237037e-02   0.0000000e+00   7.1130365e-02   1.8142288e-01  -1.3883380e-01  -2.5382544e-01  -1.9415941e-01  -3.3438976e-01   1.4826680e-01   1.9424626e-02  -1.0220794e-01   1.1301672e-01  -3.5578573e-01  -6.7407261e-02   1.2869226e-01  -1.7112679e-01  -6.3043139e-02  -5.9847310e-02  -2.3511732e-01  -1.1299105e-01   7.9415114e-03  -2.3109101e-01   1.0050698e-02  -2.9014298e-01  -1.3004356e-01   4.1815467e-01   3.7600701e-03   1.9404892e-01   2.7950493e-02   5.9696415e-02  -3.0097461e-01   9.2921755e-02  -7.9653208e-02   9.6497883e-02   2.7946857e-01  -3.1180605e-02  -6.6866466e-02   2.0636074e-01  -4.4513297e-02  -1.2555059e-01  -3.5362973e-01  -7.7281442e-02   6.3034036e-02   5.3560916e-02   1.5367304e-01   7.0891826e-02  -3.8304399e-01  -1.8003674e-02  -1.9426668e-01  -3.6797726e-03  -2.3683990e-01  -5.7093353e-02   2.0593316e-01   3.8771812e-02   1.4377895e-01   8.3837716e-02   2.2606191e-02   5.7221803e-01  -1.4557389e-01   1.7867086e-02  -1.8364226e-01   1.0914909e-01   1.0899894e-01  -8.2448963e-02   5.7220851e-02  -8.6389639e-02   8.1881503e-02  -6.6583207e-02   1.7635294e-01  -1.8146458e-01   1.5819319e-01  -2.2564270e-01  -6.3115209e-02  -1.2290411e-01   8.8238610e-02  -4.9397786e-02  -6.1596085e-04  -1.2351394e-01  -1.0541971e-02  -2.7683082e-01   6.7845532e-02  -1.4722719e-01   8.2040942e-02   1.4716165e-01   3.3954509e-01   4.0431733e-02   1.2559454e-01   1.0501231e-01  -3.5623100e-02  -2.2237803e-01   3.3925713e-01   1.4373191e-01  -4.9925663e-02  -3.5766757e-02  -2.8637377e-01   1.3036244e-01  -8.5092885e-02  -3.4628787e-01   4.8289370e-02  -1.3469131e-01   2.8868912e-02   5.6641658e-02   4.2942364e-01  -1.6153972e-01  -4.4559627e-02  -1.2722372e-01   3.4529499e-02  -9.6770737e-02  -2.0663305e-01   4.8444151e-02  -5.6670011e-02  -1.6333325e-01  -2.3759585e-02   1.1885889e-01  -1.2333662e-01   7.3777451e-02   7.8275638e-02  -1.9705390e-01  -2.0022170e-01   1.1712541e-01   1.6121148e-02   2.7323572e-01  -2.2977601e-01   3.3907186e-01   8.1947933e-02   2.3874913e-01  -3.2597811e-03  -1.5749791e-01  -6.9846749e-02  -8.1488898e-02  -4.4604600e-02  -2.2362743e-01  -1.4714585e-01   6.5961587e-02  -9.7881920e-02   3.3832255e-01   4.5261105e-02  -2.1041986e-01   2.3289478e-01   1.1290832e-01   2.2224658e-01  -6.2331973e-02  -2.4291803e-01  -1.8020251e-01  -7.9714055e-02  -1.7993784e-01   2.1340944e-01  -1.1266159e-01   7.5156890e-02  -2.9950932e-01   1.3678588e-01  -6.5636905e-02   1.7856568e-01  -6.7766847e-02   2.0483461e-01  -2.0755271e-01  -5.3707272e-02   9.5130313e-02  -1.1792260e-02  -1.7214708e-01  -9.9619068e-02   1.8088858e-01   5.3850418e-02  -6.2870036e-02   5.1869432e-02   1.1303574e-01  -1.2620223e-01   1.1616539e-01  -1.4562836e-01
  -1.4921181e-01  -2.2731294e-01  -2.7466623e-03   3.1490356e-01   7.1939107e-02   3.2288585e-01  -7.4631991e-02  -1.2055466e-02  -2.4463714e-01   7.1130365e-02   0.0000000e+00   1.7655859e-01  -1.6304439e-01  -7.2610874e-02   1.7274161e-01  -2.7410463e-01  -3.9857968e-02   5.5056939e-01   3.0820559e-02   4.3125489e-02  -3.0727600e-02   2.6417899e-01   7.0108423e-02  -1.9068196e-01  -1.5416483e-01  -2.6017461e-01   1.4023435e-01  -1.3437827e-01   1.3802259e-01   1.4941251e-01  -1.2380525e-01   1.3525128e-01  -2.1169081e-01   1.5849037e-01   3.8778823e-01   3.5328434e-01  -2.5401157e-01   3.7722770e-01  -2.4751595e-01  -2.8199901e-01   3.5570874e-02  -5.4521500e-03   1.5802075e-02   2.3680398e-01   4.8378300e-01   4.6702037e-01   7.1575882e-01  -1.9831998e-01  -1.1436747e-01  -4.0816206e-01   3.5377577e-01  -1.9655000e-01  -1.6152997e-01  -1.9598347e-01  -1.9354684e-01   4.4295199e-01   1.5399106e-01   2.2120335e-01   3.4277979e-01   3.0905269e-01   5.0731105e-01   6.6090452e-03  -3.7943591e-01   3.7864588e-02  -3.6283871e-03   9.8305026e-03   1.6138426e-01   1.0403524e-01   3.9359551e-01   2.5838554e-01  -4.8296766e-01   5.2906444e-01   1.2942888e-01  -1.8655012e-01   4.5343801e-02  -6.7925776e-02   4.4512508e-01   1.3359140e-01  -9.2978861e-02   1.7927841e-01  -3.1013641e-02   1.8966256e-01   1.3374939e-01   7.2544832e-03  -8.7690110e-02  -5.1257044e-02  -4.1248860e-01  -2.4869367e-01  -1.0159484e-01  -1.2790720e-01   1.3869719e-02   7.0147159e-02   6.6666601e-02   9.1003714e-02   4.1868526e-01  -1.2687914e-02   3.5964444e-01  -5.8688904e-02   3.1011106e-01  -8.7917398e-02  -8.1098389e-02   4.0980877e-01   2.7708138e-01  -6.0317931e-02   4.6641980e-01   2.0034246e-01  -1.5285050e-01  -1.8525213e-02  -3.6253087e-01   4.3050969e-01   5.8610012e-04   4.1336497e-01   2.9122166e-01  -9.5486016e-02  -1.4182509e-01  -6.0908866e-01   3.0325253e-01   2.3841179e-01   1.7302906e-02   3.1286061e-01  -2.2557622e-03   1.1676354e-01  -9.8902983e-02  -1.6430219e-01   1.9923352e-01   3.6975675e-01  -7.0802287e-02  -4.0412411e-01   9.1292016e-02   1.8850220e-01  -1.4732300e-01   1.9012440e-01   1.4501172e-02   9.8577470e-02   2.4965567e-02  -1.7016877e-01   5.0094543e-02  -2.3365054e-01   6.3120458e-02   1.5940321e-02  -9.1008905e-02  -1.5805544e-01   6.0946156e-01   2.9304204e-01   2.3070979e-03   1.5766597e-01  -4.3626803e-01   2.7936473e-01   5.2496182e-01  -3.5741168e-01  -2.5332701e-01  -1.0976283e-01  -2.2319318e-01   1.9450610e-01  -2.1020515e-01  -1.8015999e-02   2.4362333e-01   2.6842277e-01   2.6513328e-01   1.5349579e-01   2.3134853e-01   5.5479443e-01   2.6902485e-01   6.0747111e-01   1.1827893e-01  -3.0934974e-01   5.6298034e-01  -1.9686124e-01  -1.3348677e-01  -2.4251720e-01  -1.4031283e-01   1.8420651e-01   5.6921840e-01   4.0938596e-01  -1.7492464e-01  -8.5750314e-02  -1.1493207e-02
  -3.6745348e-01   5.0912289e-01   2.4665034e-01  -1.6501566e-01   5.0007628e-01   1.7093695e-01   4.8345336e-01  -1.4550791e-01   1.5979974e-01   1.8142288e-01   1.7655859e-01   0.0000000e+00  -2.0154993e-01  -1.2909227e-01  -2.7562375e-02  -1.8045002e-02   2.3154734e-01   1.2519473e-01   1.4936551e-01   2.5997588e-01  -1.3008414e-01  -2.2398918e-01  -7.6647291e-02  -3.9795186e-01  -1.5694566e-01  -1.4154142e-02   2.1874584e-01  -3.3117204e-01   8.5335520e-02   1.2076648e-01  -2.1399020e-01  -2.3107087e-01   6.9904086e-02   4.1449516e-01   4.6598322e-01   3.9551133e-01   2.4245724e-02  -9.8900644e-02   3.0710298e-02   2.2717218e-01   7.0792801e-03  -9.4502919e-02   5.0915894e-01  -3.0633945e-01   2.1653283e-01   1.0239923e-01   1.2559252e-01   3.4197224e-01  -1.6674218e-01   1.3680044e-02  -2.7047074e-02  -1.0111022e-01   4.4656099e-01  -7.7518159e-02  -3.2930267e-01   1.0771937e-01  -4.4010080e-02  -1.5479351e-01  -7.7865773e-02   3.6824495e-01   1.1467153e-01  -1.1934888e-01  -2.8487168e-03   4.0959272e-02   4.8906828e-02   2.1650011e-01   1.8206779e-01   1.6269042e-01  -1.1935707e-01  -9.8950182e-02   9.5496315e-03  -6.2804511e-02   6.3579596e-02   1.0608153e-02  -5.7998688e-02  -4.5233423e-02   1.0884084e-02  -2.8520191e-01   3.9420793e-01  -1.8060555e-01  -1.4305046e-01  -3.0799833e-02   2.6841875e-01  -1.1034652e-01  -2.5690212e-01  -4.3041386e-02   1.5097836e-01  -5.0582203e-01   1.6312042e-01  -2.9391157e-01   3.5636630e-01  -1.5082288e-02   3.6556625e-01   7.3934274e-02  -8.5239164e-02   4.0547990e-01  -1.0957052e-01  -9.1510049e-03   2.1878777e-01  -2.1973009e-01  -1.0849944e-01   1.0079728e-01  -1.7325376e-01   4.5941834e-01  -1.4258296e-01  -1.2320823e-01   7.7352013e-02  -7.1016034e-02  -1.6004732e-02   4.8475575e-01   3.2976032e-01  -1.4573610e-01  -1.8443218e-01  -3.4938690e-01  -2.6387714e-01  -1.3546988e-01  -1.5855376e-01   3.9080291e-02  -1.1029981e-01  -1.8650401e-01  -2.8547522e-01   3.7924557e-01   3.0132253e-01   2.4818380e-01  -9.8920526e-02  -2.8001087e-02  -2.5561305e-01  -1.9058828e-01  -3.0214719e-01   2.6477071e-01  -9.0128399e-02   5.1313759e-01   1.7332916e-02   1.0685450e-01  -1.1915577e-02  -6.8620013e-02  -1.7796331e-01  -1.4076533e-01  -8.7566313e-02  -3.8630638e-01  -3.3820790e-01  -4.4031432e-02  -5.0969133e-02   2.5376696e-01  -1.5594651e-01   6.0376495e-02  -7.2302932e-03   4.1119882e-01   3.2755205e-01  -1.1254643e-01  -1.4629247e-01  -2.1895414e-01  -3.3143308e-01   3.0742642e-01   4.3878427e-01  -2.3528867e-01  -1.3744609e-01  -4.9200547e-02  -4.0272299e-03  -1.1108400e-01   1.0928428e-01   3.3518331e-02   3.9764790e-01  -9.2986063e-04  -1.6179540e-01   9.2002283e-02   4.3096133e-01  -3.1713252e-01  -2.7368036e-01   1.0164009e-01   3.5337094e-01  -2.0993414e-01   1.6941230e-01   4.5724482e-01   9.5623050e-02  -7.6346306e-02  -8.8065139e-02
   4.0218834e-02  -1.7074606e-01   2.5112516e-01   1.1068680e-01   1.1872273e-01  -1.8224386e-01  -2.6602230e-01   2.9896215e-02  -5.8645934e-02  -1.3883380e-01  -1.6304439e-01  -2.0154993e-01   0.0000000e+00  -2.8343079e-01  -3.3448227e-01   1.2394755e-01   2.1855928e-01  -1.5172926e-01  -2.0376559e-01   3.7215938e-01  -3.0669938e-01   9.5494147e-02  -3.3225354e-01  -6.8300449e-04   3.5190090e-02  -4.0057115e-02   2.5878391e-01  -7.0810497e-02  -2.4524550e-01  -4.5171224e-03  -2.3495178e-01   2.6696604e-02   2.4516985e-01  -2.7596765e-01  -2.2280777e-01   2.1884669e-01  -1.3611120e-01  -5.7392427e-02   1.6804801e-01   2.8895745e-01   7.3701923e-01   3.3549345e-01  -9.4756852e-02   2.6623515e-02  -6.8632800e-02  -1.6983522e-01   2.1514745e-01  -3.3363573e-01  -1.5450982e-01   3.1539951e-01   5.0068814e-03   1.7705371e-01  -6.7459764e-02   6.1577460e-02  -7.4445856e-02  -2.8009876e-01  -1.3288662e-01   5.2934698e-02   1.7060211e-01  -1.6034137e-01  -1.1733976e-01  -1.1347780e-01  -3.4195939e-02  -6.9574753e-02  -1.6804917e-01   2.2072098e-01  -1.3794131e-01   5.8856021e-02   1.7664362e-01   1.8926692e-02   1.2020581e-01   1.6951731e-02   3.8838131e-01   1.3096435e-01   1.6871273e-01  -5.8580152e-02  -1.2054789e-01   6.0902897e-02   1.8768326e-01   3.6352790e-01  -2.1109078e-01   3.3589087e-01  -3.3098468e-01   1.9636089e-02  -1.2792189e-01  -6.3667125e-02  -1.9698621e-01  -1.4296236e-01   9.8369697e-02   4.8600494e-03   5.8530830e-02   6.7368360e-02   1.2573381e-01   1.0621353e-01  -1.2434477e-01   3.1040958e-01   8.2016939e-02  -1.7825074e-01   9.9289798e-02  -2.3403877e-01  -2.2386485e-01  -6.9152316e-02  -9.5495837e-02  -1.2124024e-01   3.9593985e-03  -4.6652087e-02   1.4306136e-01   1.2747287e-01  -1.3739374e-02  -9.5939992e-02  -2.3487405e-01   5.3648812e-03  -6.3262576e-02   3.2240478e-02  -9.3010355e-02   3.1107989e-01  -5.5222235e-02   4.7087956e-01  -2.2281335e-01  -3.9676294e-02   7.7371405e-03   2.6123993e-01  -2.3170888e-01  -1.1152948e-01  -4.7047572e-02  -1.8541365e-01  -1.1939332e-01   1.7825175e-01  -4.1936993e-02   1.0737200e-01   6.6260906e-01  -2.3784036e-01  -1.4581832e-02  -2.4136806e-01   6.6983947e-03  -4.7887652e-02   3.2186055e-01  -1.1152288e-01  -6.7811276e-02   1.4284582e-02  -7.7839703e-02   6.8919939e-01  -1.0661576e-02  -7.9092424e-02  -2.6797100e-01  -1.9503231e-01   1.1595935e-01   8.5927183e-02   6.6453512e-02  -6.3964853e-02  -1.0153615e-01  -1.9788989e-01   3.9478795e-02  -1.5726568e-01   1.0461067e-01   5.3537880e-02  -1.4793843e-01   2.9978408e-01   1.8308932e-01  -2.2461609e-01   4.2028663e-02  -1.3260207e-02  -3.4612391e-01  -6.4520357e-02   1.3454925e-01   3.2003083e-01  -3.5760475e-01  -5.6585444e-02   9.6121353e-02  -9.3967485e-02   1.9533274e-01  -5.9286578e-03  -1.6114319e-01  -2.0782005e-01   4.4905481e-02   5.4072557e-02   1.6237115e-01
   3.1809762e-01  -1.7357876e-01  -5.2196272e-01   2.5066732e-01  -5.0916901e-01   3.1626013e-01  -1.7525930e-01   1.6584405e-01   9.3982408e-02  -2.5382544e-01  -7.2610874e-02  -1.2909227e-01  -2.8343079e-01   0.0000000e+00   5.4439364e-01   3.0781201e-01  -5.5216075e-01   1.3067959e-01   1.5865908e-01  -6.4371948e-01   5.0047897e-01  -8.4706733e-02   2.7572942e-01   3.4227922e-01   1.8753054e-02   2.6563189e-01  -2.3257724e-01   6.1937147e-01  -2.2345479e-01  -4.1241628e-02   5.8610633e-01   1.4483342e-01  -1.6839542e-02  -2.3961844e-01   4.2397734e-02  -5.5934808e-01  -5.7896882e-02   1.6288764e-01   1.5021875e-01  -4.1323235e-01  -2.2256272e-01  -4.1755594e-02  -1.9878827e-01   3.5797501e-01  -7.3772140e-02   7.0363668e-02  -1.9961093e-01   3.7004745e-01   3.3424823e-01  -4.3620059e-01   2.4222049e-01   2.5892357e-01  -1.8915981e-01  -2.6614264e-02   4.5940535e-01   3.7853725e-01   2.0563125e-01  -1.3322442e-01   4.4855854e-02   8.0550088e-02   7.7371605e-02  -7.5382477e-02  -2.9215497e-02  -7.3333181e-02   4.3368336e-02  -6.5588673e-01   2.2628345e-01  -1.9335642e-01  -1.2476770e-01   2.0490002e-02  -3.4149478e-01  -4.4808952e-02  -2.6154906e-01  -1.5042963e-01  -1.0332861e-01   3.7419892e-02  -2.8903995e-02   1.9965378e-02  -5.4576350e-01  -1.5976782e-02   4.8158334e-01  -3.9288345e-01   1.5472372e-01   2.7963179e-01   4.9786322e-01   6.1702721e-02   1.3463261e-01   5.8611663e-01  -2.4336905e-01   3.2307209e-01  -4.9160276e-01  -2.5968044e-02  -3.6438332e-01  -4.2806724e-02   1.1506823e-01  -5.7067847e-01  -8.3473745e-02   3.1082104e-01  -2.7167295e-01   1.3168984e-01   6.6691732e-01   2.0672784e-01   2.9901408e-01  -5.6092172e-02   3.7197919e-02   3.0945436e-01  -2.2833212e-01   1.1666166e-01  -6.9125566e-02   8.7506186e-03  -1.5618237e-01   7.1124545e-02   1.0734881e-02   1.8103560e-01   5.1113186e-01  -2.2546748e-01   1.4875617e-01  -1.8657689e-01   6.4412675e-01   1.8292941e-01   2.4528497e-01  -5.7344771e-01  -1.4056220e-01  -7.2520282e-02   2.0372472e-01   5.1306163e-01   3.5008568e-01  -2.4039306e-01  -8.4129973e-03  -3.8253238e-01  -1.0260238e-01  -1.6872039e-01  -1.1296694e-01   3.1821582e-01  -1.1696346e-01   1.7404628e-01  -1.1617627e-01   4.4275170e-01   2.8277208e-01   2.9502069e-01   4.3728201e-01  -1.4644743e-01   1.9529257e-01   8.8725174e-03   3.1225808e-01   9.5370284e-02  -4.4769651e-01  -3.6168267e-01  -2.4066646e-01   1.9508992e-01   4.4527917e-01   5.1872831e-01   4.3972170e-01  -2.5159921e-01  -5.4761708e-01   2.1858037e-01   2.2652350e-01  -2.1405276e-02  -7.5224111e-02   3.7313212e-01  -4.1202683e-01   6.2563401e-02   3.8069755e-02  -8.1161220e-02  -4.0314243e-02  -4.7841915e-01   3.9802969e-02   3.9598741e-01   3.2929112e-01  -5.1171624e-02  -4.8792114e-01   5.8429555e-02  -1.1912072e-01   7.3710407e-02  -6.2665842e-02  -1.7663832e-01  -5.7346560e-02
