   0.0000000e+00  -5.7065427e-02  -6.8271468e-02  -1.0382094e-01  -2.2335549e-01  -1.1644145e-01  -3.0992504e-01   4.1328225e-01   4.6769864e-02  -5.2965680e-01  -9.3617128e-02  -2.4752651e-01   3.1341559e-02   2.9141675e-01  -5.1841817e-02  -2.4571025e-01   1.6962605e-01  -2.7381263e-01   2.6831333e-02  -1.6186357e-01  -4.2709318e-01  -2.0362950e-01  -3.5347294e-01   8.1133522e-01  -1.1315646e-02   2.5495434e-01  -2.2589474e-01   1.5796631e-01   2.0816659e-01   4.6717716e-02   3.3254687e-02  -3.1641663e-01  -7.1172988e-02  -3.9103402e-01  -2.0926547e-01  -2.1465476e-01  -4.9726422e-01   2.3773184e-01  -4.2152544e-02  -2.2387460e-01  -6.8830502e-02   2.7347157e-01   3.8091215e-02  -5.4716747e-02  -3.2703604e-01   4.5275194e-01   6.9796146e-02  -2.6007177e-01  -1.8070017e-02   1.5765394e-02  -2.7415790e-01   3.2669647e-01  -2.5500772e-01   3.6949004e-01   1.5002473e-01  -2.5788148e-01   1.4021315e-01  -2.0917396e-01  -3.0036235e-01   2.4564193e-02   4.8810175e-01   1.8418252e-01   2.6070861e-01  -3.0272239e-01  -1.2016985e-01  -4.8867287e-01  -2.4248139e-01   1.3277142e-01   2.4189800e-01   2.0838086e-01  -1.6664950e-01  -6.6249284e-02  -4.9626566e-03   6.6302206e-01   2.5799478e-01  -5.0781697e-02   2.6934403e-01  -3.0803859e-02  -1.2782240e-01  -4.5021794e-02  -2.2578963e-02   6.4674566e-02  -3.8724883e-01   2.3388357e-01   3.0784868e-01  -6.2057091e-02  -2.9457424e-01   6.8676285e-01   7.6644066e-02   7.1937865e-01  -1.7203177e-01   5.7913047e-01  -3.7439803e-01   1.4198882e-01   2.7561159e-01  -2.2198003e-01   2.3746013e-01  -1.7580322e-02   3.4301851e-01  -4.9437776e-01   1.2656092e-01  -1.0582701e-01  -1.1256957e-01  -9.1159298e-02  -2.4080761e-01  -2.5274491e-01   2.9362446e-01   1.2989323e-01  -4.0407510e-01  -2.7971153e-01  -4.8010964e-01  -1.4018210e-01   2.2154667e-01   6.4497786e-01  -1.7804161e-02   1.0697018e-01  -3.5345035e-01  -1.3516837e-01   2.1119869e-02  -1.2826121e-01   6.2023548e-01  -5.3906225e-02   1.0678380e-01  -4.0847048e-01   4.0859755e-01   3.6288004e-01  -3.7675966e-01   1.9208616e-01  -1.9216054e-01  -3.9960634e-02  -1.3642346e-01  -3.2652742e-01   1.0444990e-01  -2.5663939e-01   7.7393006e-02   1.6912076e-01   2.6735149e-01  -7.5108159e-02   3.8716976e-02  -1.4821908e-01   6.4951100e-01  -8.4174282e-02  -9.0369111e-02  -2.2341720e-02  -3.2840257e-01  -2.3028723e-01  -3.5982129e-01  -9.7839357e-02  -3.3255871e-01  -4.6835455e-01   6.4490692e-01   2.0176456e-01   7.8062310e-01  -2.0100041e-01   3.7106040e-02   2.7317722e-01   5.3711129e-01  -1.3998718e-01   5.6202616e-01   8.8078145e-02   2.2414353e-01   4.9231867e-02  -4.1015896e-01  -3.0774307e-01  -8.7180884e-02  -2.4576443e-01  -4.7996274e-01   3.4746835e-01   7.2858488e-01  -3.2930245e-01  -2.5832255e-02   2.2664971e-01  -1.5486632e-01   2.0279663e-01  -1.1109310e-01  -2.7053459e-02   3.4428739e-02
  -5.7065427e-02   0.0000000e+00   1.7609237e-01  -4.5785302e-01  -1.0751433e-01  -5.0701046e-01   1.0673761e-01  -1.3402689e-02   3.9494498e-01  -1.0236898e-01  -6.7437345e-01   6.6421463e-01  -2.3313835e-01  -1.0587025e-01  -1.6532692e-01  -1.3546338e-01   4.1089720e-01  -5.6363856e-01  -1.7010135e-02   1.1107736e-01  -4.9771783e-02  -5.7904955e-01  -4.0309486e-01   1.4652558e-01   4.7587273e-02   1.2545287e-01  -1.2038737e-01  -2.7365478e-01   3.0653128e-02   3.4122578e-01   2.3575746e-01  -4.5049502e-01   8.6835293e-02  -1.4584594e-01   1.6616945e-01  -6.0872462e-01  -4.9521791e-02   1.1297444e-01   4.8731469e-02   3.7393471e-01  -2.2960530e-01   3.5364102e-02   7.4863972e-01   1.6081971e-01  -2.5827868e-01  -3.7706057e-01  -4.7228650e-01   2.3273577e-01   4.8080006e-01   4.5545460e-01  -5.0679045e-01  -6.1933218e-02   4.4061393e-01   3.1409209e-01   3.1428105e-01  -4.9505330e-01  -1.5801528e-01  -4.4144069e-01  -3.5062482e-01   2.1698361e-02  -1.3474319e-01   4.1547513e-01   7.1613582e-01  -2.0524985e-01   1.5828035e-01  -2.4053960e-01  -3.4353227e-01   2.7846226e-01  -2.9258493e-01  -5.0897952e-01   7.2997392e-01  -5.1876593e-01  -1.7988855e-01   1.5006785e-01   2.5714113e-01  -4.5838581e-01  -3.2054901e-01  -2.8874061e-01   4.9719345e-01   1.1452685e-01  -5.0505692e-01   7.9892122e-03   4.6011807e-01   2.0949831e-01   7.6362243e-02  -3.4826105e-01   7.6683438e-02   4.5168424e-02   6.9345247e-01   3.0000725e-02   5.2855232e-01   5.2960000e-02  -5.2701262e-02   3.1789665e-01  -2.5248016e-01   2.0452280e-01   1.2482567e-01   7.4058816e-02   3.1711632e-02  -4.4653151e-01   2.1903142e-01  -5.5424223e-01  -4.4721013e-01   1.5227938e-01  -5.6901242e-01  -4.8709148e-01   2.2290730e-01   8.0388972e-02  -4.3432626e-01  -5.7243595e-01   2.4798675e-01  -5.2445606e-01   9.5056138e-02  -1.1884468e-01  -1.6357368e-01   6.7906968e-01  -3.4617262e-01  -1.5478621e-01  -2.0693240e-01  -5.3298966e-01  -1.7643156e-01   4.1332310e-01   5.2046980e-01   3.1731734e-01  -1.9890783e-01  -1.1891758e-01   3.2812975e-02   3.0801302e-01  -6.0259128e-01   1.2504627e-01   8.1304021e-02  -2.4765972e-01   4.4955448e-01   5.7789425e-01   5.0974305e-01  -2.5129549e-01   1.8996578e-01  -1.6285369e-01  -4.2853363e-01   2.1087635e-01   5.6394188e-02   1.3669727e-01  -2.1492353e-01  -2.1533451e-01  -9.5527648e-03  -5.4821375e-01   1.7651490e-01   4.0479097e-01  -3.9457650e-01  -4.4328619e-01  -5.9136368e-02  -2.0353214e-01  -8.1145466e-02   2.4803176e-01   7.5944234e-01   2.2198478e-01  -3.5302057e-01  -2.2673936e-01   2.1556072e-01  -4.8842833e-01   2.6256715e-01  -2.7304708e-01  -2.8795182e-01  -5.5642594e-01  -2.8709915e-01   4.4973285e-01   5.3750561e-02  -2.0049974e-02  -1.0402444e-01   2.3324573e-01   5.9860415e-01  -4.4458103e-03  -4.7016817e-01   6.3562126e-02   5.8678896e-02   1.9611973e-01  -4.3806874e-01
  -6.8271468e-02   1.7609237e-01   0.0000000e+00  -3.7678457e-01   1.0742219e-01   5.7244008e-02   8.4188951e-02  -2.4703099e-01  -1.7892717e-01   1.4851008e-01  -1.3762214e-01   6.2968743e-01  -3.8777337e-02  -9.0378296e-02  -1.4928754e-02   3.6312610e-01   8.5069565e-01  -1.6912266e-01  -1.6267236e-01   2.5197055e-01  -3.7431819e-01   9.5593250e-02   1.7730866e-02  -1.4260382e-01  -2.2232828e-02  -1.5389096e-01   5.3258124e-01  -9.6602710e-02  -5.2437739e-03  -4.0148591e-01  -4.3727304e-01  -6.9443768e-02   4.0280324e-01   2.1608127e-02   2.0996017e-01  -1.4399848e-01  -2.1193112e-01  -2.7187870e-01   1.2405893e-01   7.0033402e-01  -2.0097534e-01   3.9205357e-01   1.9361033e-01  -2.9090058e-04  -8.8272309e-02   1.0605715e-01   2.4387360e-02  -2.3256017e-01  -9.1681868e-02   5.3858869e-01  -1.0191298e-01  -3.1900075e-01  -1.3103646e-01   2.3018549e-01  -8.7925799e-02  -6.7089242e-03  -1.3288740e-01   1.0739882e-01  -2.3755484e-01   1.4439337e-01   2.4608791e-01  -9.6800632e-02   5.5097651e-02  -2.7590019e-01  -5.1111428e-01   5.7388967e-02   1.1543886e-01   6.5252071e-02  -2.4470440e-01   4.2978729e-01   2.3748520e-02  -2.6891207e-02  -3.4362042e-01   2.3333088e-01  -1.1320479e-02  -1.8350685e-01  -7.8337341e-02  -1.3640372e-01   8.8032866e-02   3.2840776e-01  -6.3638680e-02  -2.8870237e-01   1.0458617e-01   5.2122093e-02   1.0473212e-01  -1.5722372e-01  -3.3139210e-01  -8.6757830e-03   2.5331203e-01  -3.6564975e-01  -1.6785816e-01   3.8611955e-01   2.7024855e-01  -1.7834405e-01  -2.1790996e-01   3.6156672e-01   2.4368089e-01  -2.2400164e-01   1.6504367e-01  -1.9525206e-01   3.8873160e-01  -1.3727266e-01  -2.6652910e-01  -6.6200263e-02  -1.3674111e-01  -1.5422858e-01   1.1942563e-01  -1.6751447e-01  -7.6104568e-02  -5.4873705e-02   4.6960652e-01  -1.5248474e-01   1.0855401e-01  -3.7705808e-01   5.6598087e-01  -1.5420112e-01  -1.1938503e-01  -2.7560642e-01   1.8026255e-01  -1.6009844e-01  -2.7607748e-01   9.7402679e-02   3.2072039e-01  -3.0609776e-01  -3.2327945e-01   6.6875216e-02  -2.2284180e-02   3.0568733e-01  -2.3799590e-02   7.7170961e-01  -1.6971541e-01  -1.7270990e-01   5.0840896e-01  -4.5442886e-02   2.3345722e-01  -2.0259047e-01   9.5655972e-02  -1.6001362e-02  -3.2084453e-01  -1.5763290e-01  -2.9201876e-01   1.1112781e-01  -2.2292058e-01   3.2600715e-01  -1.3085604e-01  -4.2458892e-01   4.9170783e-01  -3.6506043e-01  -9.2141920e-02  -2.6472518e-01  -1.6776706e-01  -1.6617310e-01  -6.4016133e-02  -1.0598082e-01   5.2507324e-01  -2.1912975e-01  -2.4465319e-01  -1.6749136e-01   1.3729732e-01  -3.0177641e-01   1.8977499e-01  -3.8568317e-01  -5.4173700e-02  -2.5066194e-01  -1.5801952e-01  -1.0768506e-01   8.8332650e-02  -7.2483028e-02  -1.8486566e-01   4.6826797e-02  -1.4678319e-02  -1.8565373e-01  -1.6431013e-01   2.6159465e-01   2.0903494e-02   2.0538417e-01  -3.6700426e-02
  -1.0382094e-01  -4.5785302e-01  -3.7678457e-01   0.0000000e+00   9.1684242e-02   2.6661748e-01   5.8080388e-02   1.5744430e-01   1.5215850e-01   8.7376652e-02   5.2154300e-01  -4.8508696e-01  -2.4442997e-02   1.2580349e-01   1.3809168e-01   1.1708782e-01  -4.9241489e-01   5.8192068e-01   3.1438356e-02  -2.7993482e-02   2.9724889e-01   5.0908285e-01   2.0922102e-01  -1.6228435e-01   1.8839638e-01  -3.3042845e-02  -2.5888753e-02   1.1791425e-01  -7.8470095e-02   2.2728603e-01   9.1346613e-02   5.7613369e-01  -9.0181097e-02   1.6151314e-01   9.7119413e-02   4.5103002e-01   1.3098255e-01  -1.5160768e-01  -1.9566014e-01  -4.6768397e-01   3.4755240e-01  -3.7358309e-02  -3.2282581e-01  -1.9831063e-01   3.6775642e-01   4.1313539e-02   3.3696173e-01   1.1956649e-01  -2.0253570e-01  -5.8349597e-01   5.8485989e-01   2.0299372e-01  -5.1183911e-02  -2.2739002e-01  -6.0750323e-02   2.8431447e-01   2.6260423e-01   5.2335813e-01   6.1984785e-01   2.4874558e-01   3.6275756e-02  -1.7633587e-01  -2.5838698e-01   1.2926904e-01   2.9164285e-01   2.4828792e-01   2.3453572e-01  -1.0620096e-01   4.4047101e-01  -2.7342758e-02  -4.2488850e-01   6.2851760e-01   2.4239916e-01  -2.6373189e-01  -8.1193980e-02   3.1973771e-01   7.9858555e-02   1.5447812e-01  -1.7167700e-01  -1.5454746e-02   3.8262042e-01   4.7004140e-02  -2.5968402e-01  -1.2154473e-01  -2.6842370e-01   2.6031624e-01   1.9537913e-01  -9.3686847e-02  -5.6574196e-01  -4.8587960e-02  -2.3663500e-01  -1.1633437e-01  -5.0901420e-02   1.7801366e-01   4.1003105e-02  -9.3585295e-02  -1.7099599e-01   1.8987316e-01  -9.2811880e-02   3.9930151e-01  -4.2586474e-01   4.3852860e-01   3.6466896e-01   3.5505967e-01   6.6833798e-01   5.9603904e-01  -2.6479069e-02   1.4097753e-01   2.7957037e-01   3.7598026e-01  -2.7122068e-01   6.4469415e-01   6.0799707e-02   2.9345372e-03  -2.8541578e-01  -2.4196975e-01   3.4219145e-01   1.3861185e-01  -8.8783431e-02   8.0277525e-01   1.1850901e-01  -1.4681272e-01  -5.1592616e-01  -3.2340608e-02   1.1911888e-02   1.9542282e-01   2.5546570e-01  -2.1362550e-01   6.2310645e-01  -3.9778635e-01   7.1435928e-02   2.0352410e-01  -2.1174894e-01  -2.1618550e-01  -7.2707403e-02   1.8232221e-01   6.8945567e-02  -3.5683522e-02   4.0846764e-01  -1.5240169e-01  -2.4014844e-02  -1.4356285e-01   3.7197293e-01  -1.2641079e-01   3.3104905e-01   5.8268097e-01  -2.6065323e-01   5.7790730e-02   3.5005865e-01   4.3754284e-01  -7.9736265e-02   5.5524310e-02   3.2203034e-02  -5.7338202e-02  -5.5267925e-01  -1.2847188e-01   2.0803545e-01   5.5369584e-01  -6.3899960e-02   4.2057141e-01  -2.1452643e-01   4.3272020e-01   2.3658747e-01   6.8170518e-01   6.1081825e-01  -1.5840132e-01   1.2005320e-02  -5.3952805e-02   1.0604193e-01  -2.3137014e-01  -2.4138983e-01  -2.0338194e-01   6.0373790e-01  -2.6359950e-01   1.0202060e-01   3.3925460e-02   5.7062437e-01
  -2.2335549e-01  -1.0751433e-01   1.0742219e-01   9.1684242e-02   0.0000000e+00   7.9657613e-02   4.2959293e-01  -3.1745035e-01  -6.4134834e-02   6.6129815e-01   2.2738924e-01   1.8494401e-01   1.3914826e-01  -4.5558691e-01  -2.9744019e-03   3.2902145e-01  -1.0956675e-01   5.1900131e-01   4.4404498e-02   8.6818116e-01   2.4940971e-01   1.4617365e-01   2.6451891e-01  -3.5390918e-01   1.1260924e-01  -1.4133517e-01   3.0884812e-01  -4.2243827e-01   7.4712543e-02  -5.7785854e-02  -2.9639359e-01   3.2915463e-01   3.2525916e-02   5.8018456e-01   3.1039151e-02   6.4512994e-01   3.5069726e-01  -3.1017228e-01   4.6237532e-02   5.8452448e-02   3.3243477e-01  -2.7657407e-02   1.3238196e-01  -2.2107361e-01   6.5248172e-01  -1.7061871e-01   2.9926433e-01   2.3724813e-01   2.3915559e-02  -2.2793983e-01   5.3205721e-01  -2.1949896e-01   3.8741380e-01  -1.3172440e-01  -3.5706075e-01   8.6719799e-02  -1.7203435e-01   1.9363407e-01   3.0352152e-01   1.6662172e-01  -3.3807340e-01   2.7304621e-03  -1.4317872e-01  -1.3715188e-02   3.8606176e-01   7.0741893e-01   1.2426576e-01  -6.6402485e-02  -3.9209544e-02  -1.1083914e-01  -1.0628886e-01   3.0131544e-01   4.2599332e-01  -2.8216309e-01  -2.4850328e-02  -1.9008606e-01  -4.1013431e-01  -7.2244869e-02   6.0952532e-01  -8.8311940e-03  -1.4267941e-01   1.1942560e-01   1.2684169e-02  -2.0612617e-01  -4.1469882e-01  -2.1810952e-01  -1.7234551e-01  -3.3951193e-01  -2.9905665e-02  -1.8910700e-01   4.1724811e-01  -2.5254576e-01   5.7402678e-01   1.3192008e-01  -2.9047180e-01   7.1048800e-01  -6.7349002e-02  -1.1593191e-01   3.0994180e-01   5.2231984e-01  -4.6800589e-01   1.4016886e-02  -2.1391177e-01   6.5971718e-03   2.4234253e-01   3.7392633e-01  -1.9073112e-01  -1.9022956e-01   5.5480200e-01   3.9401664e-01   2.6664192e-01   1.3437078e-01   3.6308818e-04  -2.3329137e-01  -3.1959819e-01   2.5198594e-01   1.3983971e-02   4.7711522e-01  -3.4326019e-01   1.3524788e-01  -2.4142144e-01   6.9037820e-01   2.0105602e-02   2.1968306e-01  -3.0961689e-01  -3.6257953e-01   5.5219604e-01  -1.2296353e-01   3.3014580e-01  -1.7578635e-01   5.6890526e-02   5.2134221e-01  -2.9908581e-01   6.0526194e-03   1.3841371e-01  -3.9802277e-01  -2.6561511e-01  -4.5135445e-01  -2.9911724e-01  -2.1292383e-01  -3.8157845e-01   2.0300789e-01  -9.1820267e-02  -3.0203622e-01   2.5808379e-01   1.4330345e-01   3.3178324e-01   4.0776221e-01   7.3838687e-01   5.8856107e-01  -4.4885116e-01  -4.1573986e-01  -1.5451893e-01   1.0917374e-01  -1.1033397e-01  -2.7191000e-01  -2.4397914e-01   1.2743673e-01  -2.0888902e-01  -1.3455973e-01   1.3853206e-01  -1.8376029e-01   6.1034722e-01   3.1908843e-01   6.4279335e-02   3.5597049e-01   2.1862769e-01  -4.0477612e-01  -1.3215906e-01   3.3393284e-01   4.7747054e-01  -3.8178263e-01   2.9031476e-01  -2.8352853e-01  -1.3093961e-02  -2.1548690e-01   2.8843566e-02
  -1.1644145e-01  -5.0701046e-01   5.7244008e-02   2.6661748e-01   7.9657613e-02   0.0000000e+00   2.3905229e-02   6.0783518e-02  -4.6507316e-01   1.5949214e-01   5.0933987e-01  -2.6655180e-01  -1.2950293e-01   2.8360263e-01   1.4530018e-01   1.3676104e-01  -1.4853473e-01   4.0923341e-01   1.3478848e-01  -1.3966080e-01   1.6141452e-01   5.2676632e-01   4.9244390e-01  -1.6336802e-01   4.3080695e-02   8.8153592e-02   1.3944079e-01   4.1953224e-01  -5.9435544e-02  -4.1679149e-01  -1.7929327e-01   2.0557792e-01  -3.0414750e-02   1.2038769e-01  -6.4226818e-02   4.1899071e-01   1.5232667e-01  -3.3313850e-01  -1.1315000e-01  -2.5598776e-02  -1.2054152e-01  -1.0715430e-01  -5.9688251e-01   3.0968793e-01   2.7653772e-01   1.2564417e-01   4.1695648e-01   1.8866539e-01  -2.6275701e-01  -1.8741642e-01   2.5903522e-01   9.1895735e-02  -1.2860454e-01  -8.3302647e-02  -2.0667523e-02   6.7793350e-01   2.9313256e-01   3.1489601e-01   1.0692128e-01  -9.9030638e-02   2.0219007e-01  -3.5668588e-01  -6.7417282e-01   3.0975641e-01  -2.0239633e-01   2.2027411e-01   8.3250582e-01  -4.8203406e-01   1.7932269e-01   3.3086141e-01  -3.3573133e-01   3.6917343e-01  -1.5785703e-01   4.6144334e-02  -1.7740140e-01   2.0854212e-01   1.3991810e-01   1.7664817e-01  -3.4120442e-01  -5.2804320e-02   5.8704173e-01  -2.6598938e-01  -9.5753716e-03   1.0510385e-01   2.8647706e-01   1.7248673e-01   1.3618663e-01  -5.9824202e-02  -2.9115738e-01  -2.9716856e-01  -4.1495354e-01   8.6854807e-03   4.2788445e-01  -5.0143005e-01  -5.6009942e-02  -5.8516517e-02  -1.1825865e-01   4.9995003e-02  -4.8753328e-02   2.7989097e-01   3.9444926e-02   3.4423288e-01   5.6044493e-01  -7.9981892e-02   3.0748626e-01   1.8145461e-01  -3.2937655e-02   1.7151520e-02   3.1211745e-01   6.9115469e-01   6.1498332e-02   3.3663917e-01  -2.1002453e-01  -2.0099102e-01   2.4220871e-01  -5.4317926e-01   3.5915446e-01  -1.1034787e-01   5.4316313e-01   3.2089828e-01  -9.7644137e-02  -2.5076126e-01  -3.6877418e-01  -2.1822719e-01  -1.0162061e-01   2.8843311e-01  -9.3203424e-02  -2.4745664e-01   3.6015913e-01   3.1857542e-03  -2.7121864e-01   3.1094738e-01  -1.0929914e-01  -3.0782821e-01  -5.8084241e-01   3.4233113e-02  -2.2728829e-01   4.6800761e-01   1.4856035e-01  -1.5766140e-01  -4.0611609e-02  -2.2742737e-01   8.5183758e-03   4.7380513e-01  -8.1063023e-02   3.3200552e-01   4.7516902e-02  -1.6967029e-01   2.9862228e-01   3.3465270e-01   1.0386805e-01   4.2575956e-01  -6.9193174e-04   5.7149715e-02  -4.1699062e-01  -2.5270169e-01   3.9362532e-02   6.5335422e-03  -1.2548414e-01   5.5107475e-01  -2.7202452e-01   2.2169790e-02   4.0114129e-01   3.7119926e-01   9.2750418e-02  -4.0110147e-01   5.6609288e-02   2.5691855e-01  -6.9990303e-03   1.6304142e-01  -5.0451876e-01  -2.0770830e-01   3.6989054e-01   5.0038319e-01   5.1215575e-02  -6.4285542e-02   2.5698595e-01
  -3.0992504e-01   1.0673761e-01   8.4188951e-02   5.8080388e-02   4.2959293e-01   2.3905229e-02   0.0000000e+00  -1.9654548e-01   2.3389268e-01   3.4053775e-01   5.6846284e-02   2.8510761e-01  -1.6833572e-01  -3.5196902e-01   2.9895307e-01   8.8738004e-02  -1.2659098e-01   1.5794203e-01   1.5045635e-02   4.5335230e-01  -8.3590861e-02   4.8039650e-02   5.2753809e-02  -3.8073532e-01   2.4968336e-02  -1.1324354e-01   5.0280370e-01  -3.1304302e-01  -9.2985453e-02   1.6400132e-01  -1.9530152e-01   2.9338328e-02  -4.7503713e-02   8.1109345e-01   1.0245542e-01   3.7255725e-01   1.2175350e-02  -3.0334730e-01  -6.8412203e-02   2.6281056e-02  -2.4574270e-02  -7.8409005e-02   3.9037539e-01  -2.7658943e-01   4.8242377e-01  -2.8566335e-01   1.9880700e-03   6.8298206e-01  -2.6127869e-01  -2.5971922e-01   1.2558167e-01  -1.3380180e-01   6.0088385e-01  -1.9259985e-01  -4.3232967e-01   2.9150339e-02  -2.1094371e-01   1.4340903e-01   1.0328589e-01   1.1888841e-01  -3.9331534e-01   1.9889230e-01   3.3953344e-02   9.0153493e-02   3.5129965e-01   6.8176316e-01  -6.2392436e-05  -4.6153431e-02   4.2348644e-02  -1.0563443e-01   2.8783956e-01   2.4607228e-01   8.2264168e-02  -3.7010881e-01  -2.1306251e-01  -4.1611021e-03  -4.6701600e-01  -2.6959406e-01   6.1260086e-01   6.2238993e-02   1.6681479e-01   6.5858807e-02   1.9031515e-01  -1.0009381e-01  -5.7462073e-01  -3.8621299e-03   4.8064395e-02  -4.0735192e-01  -1.5040643e-01  -3.2650026e-01   1.1547999e-01  -4.0851099e-01   4.1362594e-01   1.4346815e-01  -4.0403893e-01   3.7942007e-01   5.3935420e-03   4.0474676e-02   2.7374471e-01   1.6810149e-01  -4.1842349e-01   2.1989056e-01  -1.7060474e-01   3.1548218e-02   1.4524292e-01   7.5687938e-02  -1.9954189e-01  -1.1004297e-02   3.5035782e-01   4.2262375e-02   3.3178513e-01   1.1599614e-01   7.3842404e-02  -3.0945287e-01  -2.5405090e-01   1.4050073e-01  -1.2411884e-02   4.7006800e-02  -3.9774552e-01   9.2222187e-02  -3.7903452e-01   3.4222981e-01  -6.1288626e-02  -3.7379774e-02  -4.0611259e-01  -1.9737117e-01   3.6373357e-01  -5.3710801e-02   1.6064285e-01  -9.4373338e-02   8.6671415e-02   5.3233761e-01  -2.3590296e-01  -4.1478158e-02   1.2131366e-01  -1.2523607e-01  -8.6832217e-02  -2.9071290e-01  -1.0935476e-01  -1.2879782e-01  -3.9226656e-01  -6.2831616e-02   9.1495594e-02  -3.0135315e-01   3.2802097e-01   1.5146734e-02   6.0701240e-01   4.9858622e-01   5.5242499e-01   5.9133992e-02  -5.4385310e-01  -2.4988170e-01  -2.5468075e-01   3.0515748e-01   9.2053672e-02  -3.1709722e-01  -3.0619056e-01  -1.9799038e-02  -2.2207904e-01  -1.1162514e-01   2.1548764e-01  -1.5452220e-02   2.4823743e-01   1.0833321e-01  -1.4348632e-02   4.0989337e-01   5.2977822e-01  -4.0538065e-01  -1.9026668e-01   2.3865731e-01   4.5059878e-01  -3.5907689e-01   4.0855462e-01  -2.3054839e-01  -4.8633780e-02   1.8454883e-03  -5.1321460e-04
   4.1328225e-01  -1.3402689e-02  -2.4703099e-01   1.5744430e-01  -3.1745035e-01   6.0783518e-02  -1.9654548e-01   0.0000000e+00   1.9986906e-01  -3.9285164e-01  -9.0870748e-03  -2.2171139e-01  -5.3436914e-02   2.5094562e-01   1.3186068e-01  -2.8137284e-01  -1.2340719e-01  -1.6172539e-01   5.4316539e-01  -2.4695581e-01  -1.5580033e-01  -1.7884005e-01  -9.3042099e-02   4.3146416e-01   1.5118043e-02   6.3996878e-01  -2.4141730e-01   2.6795484e-01   8.2348578e-02   1.9277292e-01   2.2239446e-01   4.6305128e-02   9.9943766e-02  -2.4385447e-01  -6.8345360e-02  -2.8184066e-01  -2.6486161e-01   2.4702234e-01  -2.9763895e-01  -2.0450469e-01  -1.4333643e-01   2.7846337e-01   6.6091961e-02   4.9614385e-02  -1.7108292e-01   2.6838513e-02  -1.8262803e-03  -4.6604334e-02   2.3782650e-01  -8.6336972e-02  -2.9281152e-01   7.9592821e-01  -1.4848387e-01   4.4041035e-01   3.5715126e-01  -3.6840593e-02   4.2405133e-01  -6.8926872e-02  -1.2571655e-01   7.9770767e-02   3.9745838e-01   1.4699525e-01   3.2203146e-01   3.0727358e-02   5.6512313e-02  -4.7403696e-01  -8.3447664e-02  -3.5413766e-02   3.9098159e-01  -1.5665935e-01   2.0822306e-03   5.8803562e-02  -1.5088573e-01   2.6112156e-01   3.9295677e-01   2.1094303e-01   2.8156561e-01  -7.3581333e-03  -1.4222344e-01   8.2535461e-02   2.4220780e-01  -1.3523560e-01  -1.1132118e-02   6.3821007e-01   1.5463112e-01   2.9668093e-01  -1.2990633e-01   4.2425740e-01   1.0122277e-01   3.9737645e-01  -1.1203170e-01   3.4589816e-01  -3.2537781e-01   2.2918492e-01   2.1989534e-01  -1.3200376e-01   1.2928336e-01   6.1815662e-01   1.9551626e-01  -3.2218207e-01  -2.2375701e-02   2.0530744e-01   1.2440416e-01   1.6400926e-01  -1.4961033e-02  -1.6050062e-01   4.1501422e-01   6.5175629e-01  -2.9752568e-01  -2.7812049e-01  -2.5631800e-01  -6.3454487e-02   1.1387224e-01   2.9625789e-01  -1.6230766e-01   1.5164762e-01  -1.0235811e-02  -4.7841713e-02  -5.9050101e-03   1.4103943e-01   2.9671120e-01  -1.0948669e-01   1.0773438e-01  -1.3579747e-01   1.7000547e-01   2.8743682e-01  -1.6359292e-01   4.1869911e-01  -9.9642116e-02  -2.1369554e-01  -2.5657587e-01  -2.2528876e-01   6.6287946e-02  -7.0342140e-02   1.3584995e-01   5.2983288e-01   2.8755471e-01   1.9258797e-01   3.5740944e-01   1.8920708e-02   3.1218518e-01  -2.4064085e-01   4.0516293e-01  -1.4047392e-01  -5.1292922e-02  -4.3933359e-02  -3.2283170e-01  -4.2619828e-02  -3.3652257e-01  -3.1000243e-01   4.3573533e-01   4.5255644e-01   4.0602995e-01   4.5498465e-02  -2.8547821e-02   2.1180461e-01   2.2459453e-01   1.0011790e-02   4.7998990e-01   4.2415763e-01   8.2171089e-02   4.3530958e-01  -3.6083518e-01  -6.8722237e-02   3.3825898e-01  -4.8126915e-02  -1.4943892e-01   3.0673601e-01   4.3176417e-01  -2.0928629e-01  -1.4707791e-01   8.2730009e-02   1.2796874e-01   1.2044118e-01   1.4436970e-01   2.1303880e-01   2.1538600e-01
   4.6769864e-02   3.9494498e-01  -1.7892717e-01   1.5215850e-01  -6.4134834e-02  -4.6507316e-01   2.3389268e-01   1.9986906e-01   0.0000000e+00  -2.1647439e-01  -1.2586033e-01   1.1161465e-01   6.6832255e-02  -1.1964260e-01   9.4840257e-02  -1.2976289e-01  -1.2745818e-01  -1.3845602e-01   4.7543967e-02   9.6400604e-02  -1.8282015e-02  -1.8578081e-01  -3.3702197e-01   1.0296620e-01   1.5961414e-01   2.3954167e-02   8.7459683e-02  -3.3932974e-01   3.8256024e-02   8.8782673e-01   3.8766316e-01  -1.6259855e-01  -4.5381172e-02  -2.1035311e-02   4.2156300e-01  -1.2676402e-01  -3.1976176e-01   1.4536764e-01  -1.4106612e-01  -1.5241669e-01   9.6252293e-02  -1.0039731e-01   6.0359616e-01  -3.2759966e-01  -4.3467146e-02  -8.7884764e-02  -1.9621998e-01   2.0549471e-01   2.0297785e-01  -9.9949592e-02  -1.0522341e-01   1.0041940e-01   2.2823917e-01  -5.5560898e-02   1.5132335e-02  -4.4523931e-01   1.1439023e-01  -5.4247645e-02   9.1611374e-02   3.6427614e-01  -1.2632947e-01   4.2659616e-01   6.0413935e-01  -1.6154297e-01   4.5298831e-01  -3.4479262e-02  -4.7356016e-01   3.8373288e-01   1.3038477e-01  -2.9088126e-01   1.2570780e-01  -1.5622814e-01   6.2054068e-02  -1.4168329e-01   2.1137030e-01  -1.0105671e-01  -6.3388011e-02  -1.3130775e-01   4.1761433e-01   2.2466086e-01  -3.1689947e-01   2.1926680e-01  -8.6301977e-02   7.7642476e-02  -4.3453570e-01  -3.7202998e-02   8.6055835e-02   3.6274498e-02   1.8774256e-01   1.5439589e-01   2.4761914e-01  -1.1220407e-01  -3.5066064e-01   7.9792797e-01  -2.3406111e-03  -1.0356710e-01   2.9657762e-01   2.7893212e-01   1.7433653e-01  -2.1842531e-01  -2.8555941e-01  -3.4761179e-02  -2.4608231e-01   5.8523314e-01  -5.5322161e-02  -1.0643745e-02  -1.9876669e-01   3.6200501e-01  -2.0701539e-01  -4.4735487e-01  -2.0816412e-01   8.2778250e-02   4.1521439e-01   8.7404524e-02  -4.5612399e-01   5.3291025e-01  -7.7136215e-02   4.1068071e-02  -6.2517123e-01   1.6794879e-01   1.1429618e-01   2.1859449e-01   3.2242738e-01   2.2755836e-01   3.3076686e-02  -8.9187711e-02   1.6323825e-01   1.7467389e-01  -1.4369973e-01  -1.8381721e-01   2.8052538e-01  -5.0487388e-03   6.3113818e-02   3.4655518e-01   6.1733425e-01   1.3168122e-01   3.1565837e-01  -2.9651734e-01  -2.9017701e-02  -9.1765785e-02   1.0265931e-02   2.9353260e-02   3.8439625e-01  -4.9009835e-01   4.7498290e-01  -8.3512715e-03  -1.9664605e-01   4.5817781e-01  -5.2903486e-02  -3.1664212e-01  -1.6552407e-01  -3.0229204e-01   2.3214974e-02   2.9041483e-01   2.9578448e-01   8.9753147e-02   5.7980543e-02   2.3947296e-01   1.4035128e-02  -3.1338611e-01   3.5493655e-01   3.4639426e-01  -3.7070833e-01  -1.5391416e-01   1.7746879e-01   3.7624391e-01   9.7573261e-02  -1.9962268e-01   3.7551442e-02  -3.1245829e-01   4.7302464e-01   5.6892568e-03   1.3169533e-01  -2.7981723e-01   6.9031491e-02  -1.0254717e-01   1.3317005e-01
  -5.2965680e-01  -1.0236898e-01   1.4851008e-01   8.7376652e-02   6.6129815e-01   1.5949214e-01   3.4053775e-01  -3.9285164e-01  -2.1647439e-01   0.0000000e+00   1.2048900e-01   2.5398649e-01   8.6524046e-02  -3.7166684e-01   1.3232582e-01   3.6776508e-01  -2.8747738e-02   4.0255739e-01  -7.2965721e-03   6.4114894e-01   4.4468931e-01   1.5365300e-01   4.5349163e-01  -6.2968016e-01  -4.8157146e-02  -1.7795196e-01   2.2399799e-01  -2.8245539e-01   1.8444716e-02  -2.0158347e-01  -1.6257336e-01   3.7434435e-01   1.0807547e-01   5.7610367e-01   2.6238969e-02   4.1365715e-01   5.8112309e-01  -2.4886578e-01   1.2027587e-01   1.7302440e-01   3.0484828e-01  -2.7637029e-03  -1.2230003e-02   7.7124131e-03   7.2639149e-01  -2.8405063e-01   1.9698347e-01   1.9325874e-01  -3.8826897e-02  -8.9320920e-02   4.1849364e-01  -2.6482720e-01   2.8072933e-01  -1.7487196e-01  -2.3399707e-01   1.4847065e-01  -2.4926967e-01   2.5778406e-01   3.3726099e-01  -4.5601590e-02  -4.2481787e-01  -8.8195319e-02  -3.2160755e-01   2.4202564e-01   3.0821397e-01   6.7426062e-01   2.1945540e-01  -1.7068671e-01  -7.9458191e-02  -1.2587645e-01   2.5822205e-02   3.3071541e-01   4.4826545e-01  -4.4589927e-01  -2.3849466e-01  -1.5079577e-01  -3.3541622e-01  -1.0708553e-01   3.0850399e-01  -4.7420837e-02   1.7635033e-02   1.7945933e-01   2.3088110e-01  -2.2251161e-01  -2.0727062e-01  -1.8658114e-01   1.5264353e-01  -4.7140541e-01   1.1328227e-02  -4.0398779e-01   3.0226804e-01  -2.8108458e-01   5.7630076e-01  -1.0467038e-01  -2.6007123e-01   5.8052972e-01  -2.1588462e-01  -1.3287920e-01   8.4856969e-02   6.0737240e-01  -1.4924177e-01   1.2091286e-01  -1.3179922e-01   3.6650752e-02   2.2818183e-01   2.9868550e-01  -1.2491469e-01  -2.8145340e-01   5.4526757e-01   3.7257583e-01   5.0741361e-01   3.8544928e-02  -9.9609495e-02  -3.9472159e-01  -1.7421753e-02   5.1039016e-02   6.6603401e-02   5.2946367e-01  -1.1890605e-01   1.2587624e-01  -4.9074882e-01   3.3630525e-01  -7.5426483e-02   3.1712276e-01  -3.4074021e-01  -4.3670958e-01   5.2494965e-01  -2.9109747e-01   3.2236047e-01  -1.0842596e-02   5.1751299e-02   5.3797922e-01  -2.4013885e-01   2.3591847e-01  -4.6308001e-02  -3.4700728e-01  -3.9610118e-01  -6.0813117e-02  -2.3289060e-01   4.6454251e-02  -4.9901215e-01   2.4399285e-01  -1.8407327e-01  -1.6486050e-01   4.0356659e-01   1.6963028e-01   4.5084858e-01   1.9929268e-01   5.0340939e-01   5.9645439e-01  -4.5884311e-01  -2.5278836e-01  -3.8137360e-01  -5.8120825e-02  -1.7131421e-01  -2.1276268e-01  -4.3693155e-01   1.2495981e-01  -2.6514897e-01  -7.3246479e-02  -6.5036887e-02  -3.1834406e-01   7.2242888e-01   3.3781081e-01   1.0403818e-01   3.1113764e-01   2.5691205e-01  -3.7283255e-01  -3.7946881e-01   4.0263358e-01   2.3147415e-01  -3.4911544e-01   1.4624299e-01  -2.3806670e-01   1.5874698e-02  -1.7048492e-01  -3.3432528e-02
  -9.3617128e-02  -6.7437345e-01  -1.3762214e-01   5.2154300e-01   2.2738924e-01   5.0933987e-01   5.6846284e-02  -9.0870748e-03  -1.2586033e-01   1.2048900e-01   0.0000000e+00  -3.9311939e-01   2.5276130e-01   1.2765599e-01   1.0396348e-01   1.7351291e-01  -3.7837117e-01   6.9922174e-01   7.5276832e-02   4.1337689e-02   7.4624606e-02   6.7092569e-01   3.5882210e-01  -1.5196913e-01   3.1429340e-02  -5.8263779e-03   1.4313326e-01   3.1954348e-01   6.2501824e-03  -1.0789496e-01  -2.7417352e-01   5.4840888e-01  -1.0158629e-01   3.1651657e-01   7.7992336e-02   6.7383673e-01   1.2268607e-01  -2.8225321e-01  -2.1879491e-01  -3.9160137e-01   2.5822057e-01  -9.4385569e-02  -5.2474951e-01  -6.8740199e-02   4.8118412e-01   1.2236583e-01   6.1857725e-01  -5.0086481e-02  -3.1168485e-01  -4.4494133e-01   6.6693632e-01   3.7881750e-02  -1.6701804e-01  -2.4053612e-01  -1.6843628e-01   5.8812071e-01   3.8515021e-01   5.3708793e-01   4.6668393e-01   2.1204637e-01   5.1987169e-02  -2.2012197e-01  -5.2580555e-01   1.0706346e-01   1.1759856e-01   3.6548798e-01   4.0168441e-01  -3.3891186e-01   4.4528598e-01   2.2173436e-01  -6.8633516e-01   5.2093984e-01   7.8709875e-02  -1.5993729e-01  -2.1106957e-01   2.8498321e-01   9.8806021e-02   4.1972525e-01  -1.4401634e-01   1.0481488e-02   4.5926540e-01  -2.3115295e-02  -2.1707325e-01  -1.3515602e-02  -1.9083406e-01   1.7061123e-01  -2.3337457e-03   4.0103241e-02  -6.1442841e-01  -1.3992146e-01  -3.8659412e-01  -1.6304673e-01   1.8573921e-01  -1.3124602e-01   4.3518292e-02  -2.2777516e-02  -9.4347348e-02   9.4331400e-02   8.1386844e-02   5.0478049e-01  -4.4585565e-01   4.5004404e-01   3.5974707e-01   2.2471754e-02   7.5773876e-01   6.0266610e-01  -2.0067376e-01   2.0424732e-01   5.4175404e-01   6.8383239e-01  -7.1957653e-02   7.2123523e-01  -5.7491617e-02  -1.1678734e-01  -8.6116403e-02  -3.9882079e-01   5.2625736e-01   1.9257372e-01   8.0654553e-02   5.6527819e-01   1.9038078e-02  -1.5618103e-01  -5.3471662e-01  -9.6735504e-02  -4.5827665e-02   2.1869332e-01   3.0261671e-01  -1.2839078e-01   6.9929841e-01  -3.2801445e-01   4.6305822e-02   3.9879396e-01  -2.7156652e-01  -4.7733213e-01  -3.1668411e-01   3.0840940e-02  -1.0890560e-01   2.7841587e-02   1.6945435e-01  -2.2130978e-01  -1.9723529e-01  -1.2194780e-01   3.0682055e-01   1.2946431e-01   2.1664422e-01   6.1900927e-01  -1.0950203e-01  -1.8455987e-01   6.0011936e-01   4.7650473e-01  -1.2602932e-02   1.2390830e-01   6.3842266e-02   9.3340635e-02  -6.7252195e-01  -1.9199841e-01   1.5676519e-01   2.7841142e-01  -2.1667573e-01   4.0232667e-01  -2.0570831e-01   3.9630953e-01   2.4491382e-01   7.3273310e-01   4.3669899e-01  -2.1484112e-01   2.0421946e-01   4.0403060e-02   1.0408391e-01  -1.3641136e-01  -2.7924217e-01  -2.1595730e-01   6.8502259e-01  -4.8628683e-02   1.0349274e-01  -1.2030562e-01   5.0732977e-01
  -2.4752651e-01   6.6421463e-01   6.2968743e-01  -4.8508696e-01   1.8494401e-01  -2.6655180e-01   2.8510761e-01  -2.2171139e-01   1.1161465e-01   2.5398649e-01  -3.9311939e-01   0.0000000e+00  -8.5338462e-02  -2.5733019e-01  -6.7558085e-02   1.2285320e-01   6.4016644e-01  -3.4370403e-01  -1.9008345e-02   4.1638839e-01  -2.1355570e-01  -2.8919208e-01  -1.3108664e-01  -1.7001807e-01   3.4783930e-02   1.0928711e-02   2.5581472e-01  -3.2546152e-01   8.8406421e-02  -3.7272166e-02  -2.9685481e-01  -2.1395996e-01   2.6407950e-01   1.8682977e-01   3.7420110e-01  -3.0191094e-01  -4.3417762e-02  -1.6566505e-01   8.5794944e-02   6.1337715e-01  -1.2965355e-01   3.1365308e-01   6.5622745e-01   7.7539878e-02   4.4601257e-02  -4.7377519e-01  -1.6553706e-01   2.2330779e-02   2.4446779e-01   5.0911673e-01  -2.5329067e-01  -3.0337116e-01   2.7451122e-01   3.4367543e-01   6.0086016e-02  -2.2383368e-01  -2.6093100e-01  -1.7233164e-01  -2.2810301e-01   2.1447243e-01  -1.8133285e-01   3.3864502e-01   4.6512520e-01  -2.0590958e-01  -1.1311206e-01   6.9964467e-02  -1.6426515e-01   1.7041645e-01  -2.7893393e-01  -2.8050404e-01   4.7433432e-01  -2.4565324e-01  -1.4762959e-01   1.4358506e-01   1.8393962e-01  -4.2088912e-01  -4.5320795e-01  -2.0372324e-01   5.0850874e-01   3.0994108e-01  -3.4018262e-01  -5.2322148e-02   3.7548574e-01   1.8460231e-01  -4.5048612e-02  -4.0607243e-01  -2.4184995e-01  -1.2114742e-01   5.5038473e-01  -3.3252867e-01   2.9363862e-01   1.0369472e-01   3.5018961e-01   1.2271849e-01  -4.5250018e-01   5.0040560e-01   2.7221447e-01  -8.8584795e-02   2.1149044e-01  -1.7530514e-01   1.6481078e-01  -3.0715464e-01  -5.0725794e-01   7.9988398e-02  -3.4712649e-01  -3.6478263e-01   2.2386597e-01  -1.7566550e-02  -6.2064159e-02  -3.0206264e-01   6.3504824e-01  -3.5688372e-01   1.3676994e-01  -4.8369599e-01   1.2590857e-01   3.7958176e-01  -2.5026639e-01  -3.4045907e-02  -1.0915089e-01  -3.8024681e-01  -5.4294492e-01   5.2129907e-01   5.3005750e-01   5.8235120e-02  -5.1991453e-01  -1.0818609e-01   1.9942949e-01   3.9413792e-01  -2.5544347e-01   3.8062670e-01   5.0126792e-02  -6.5706273e-02   5.3817036e-01   2.8720404e-01   4.9004315e-01  -3.9032025e-01   1.9321114e-01  -1.9823123e-01  -5.3745133e-01   8.1073155e-02  -3.4479475e-01   1.9721166e-01  -2.2660716e-01   6.4499351e-02   9.0053816e-02  -5.5867648e-01   5.9268897e-01   5.3841777e-02  -8.1153816e-02  -2.6249076e-01  -3.1570732e-01  -2.7173606e-01  -2.4959176e-01   1.3813834e-01   7.2392898e-01  -7.4537065e-03  -6.0173948e-01  -2.1832506e-01   1.2477125e-01  -5.2814644e-01   3.2826373e-01  -4.6835167e-01  -1.0287308e-01  -3.8788920e-01  -2.2367238e-01   3.9256276e-01   2.8320081e-01  -1.6199390e-01  -3.1680632e-01   2.7119211e-01   5.1431382e-01  -2.5194785e-01  -2.9566916e-01   1.0564506e-01   1.7401659e-01   2.6724432e-01  -3.0397011e-01
   3.1341559e-02  -2.3313835e-01  -3.8777337e-02  -2.4442997e-02   1.3914826e-01  -1.2950293e-01  -1.6833572e-01  -5.3436914e-02   6.6832255e-02   8.6524046e-02   2.5276130e-01  -8.5338462e-02   0.0000000e+00  -9.5213628e-02  -3.6824832e-02   1.6845840e-01  -6.9916891e-02   2.8486919e-01  -7.2179472e-02   1.3616931e-01  -1.0236708e-01   1.1369594e-01  -1.5814028e-01  -3.0623434e-03  -1.0319299e-03  -2.5771221e-02  -1.8732538e-02  -1.5119730e-01  -1.6853519e-01   2.5475998e-02  -1.4105867e-01   1.2651741e-01   1.0328687e-01  -5.7116788e-02   1.1579736e-01   1.8806927e-01   6.4811964e-02   3.1539593e-02   2.3999706e-01  -1.8051899e-01   6.0578345e-01   6.6133416e-02  -6.9495819e-02  -1.4716350e-01   1.0768025e-01  -1.8997488e-02   2.0712958e-01  -2.8946352e-01  -9.4405725e-02  -1.7859040e-01   2.7351613e-01  -9.9362387e-02  -2.0816322e-01  -2.1083098e-02  -8.3662970e-03  -7.4721899e-02   8.9054534e-02   4.4558217e-02   2.9458309e-01   3.2284246e-01  -4.7364482e-02  -1.2153019e-01  -7.9146999e-02  -1.2959957e-01   5.6460968e-02   1.3715756e-02  -1.4730273e-01   1.2183641e-01   1.5076229e-01  -4.4708522e-02  -3.2578267e-01   5.2593774e-02   2.2921313e-01  -3.9608414e-02   1.8299603e-01  -8.2028521e-02  -7.0531375e-04   2.5718644e-01  -6.4217916e-02   1.7484301e-01  -1.6409852e-01   1.2183020e-01  -3.0358080e-01   3.5967680e-02  -1.6855970e-01  -8.0893765e-02  -2.3478717e-01   6.0599796e-03  -1.0007100e-01   1.7041629e-03  -2.3482755e-02  -3.4364432e-02  -9.7491808e-02   2.3976674e-01   6.7980323e-02   5.3950215e-02   1.5420019e-01   2.3897555e-02   1.6482659e-01   1.8359416e-01  -1.5730868e-01  -4.3083664e-02  -1.0549290e-01   5.7130476e-02   1.7990463e-01   7.7072166e-02  -1.3850844e-01   1.6090080e-01   1.1005695e-01   8.3589610e-02  -2.0868761e-01   1.3525215e-01   5.5480721e-02   2.8457840e-02  -1.6796719e-01  -7.9658903e-02   1.5823946e-01   5.7572168e-01  -7.4882630e-02   9.5426595e-02  -8.9301977e-02   2.7552494e-02   5.7626036e-02  -6.0430791e-02   9.7507201e-03  -9.0272293e-02   1.1536194e-01   1.1070282e-01   1.4750914e-01  -5.1554356e-02   3.2747181e-01  -1.8499876e-02  -2.1573698e-02  -1.3399130e-01   6.8868263e-03   2.2854208e-02   1.2269384e-01  -1.2798937e-01   1.9233488e-02   2.9813454e-02  -1.9669714e-01   5.1849309e-01   2.5353599e-01   2.7793776e-02   5.8151300e-02   5.6787567e-02  -2.4762399e-01  -8.3161041e-02   2.2997019e-01   2.0988288e-01  -1.8566110e-01  -4.4279520e-02  -9.2718002e-02  -2.3727103e-01  -5.1426124e-02   7.7503113e-02  -3.0744298e-02   3.2042899e-01  -1.2517680e-01  -1.4088658e-01   9.5292169e-02  -1.0057878e-03  -3.0201310e-02   1.4075117e-01   1.2600409e-01  -9.1578865e-02  -4.5011492e-02  -5.0076900e-02  -9.8855520e-02  -1.8795649e-01  -5.1519182e-03   7.7433511e-02   7.6255678e-02   1.3989830e-02   3.6222196e-02   1.0714063e-02   1.3308484e-01
   2.9141675e-01  -1.0587025e-01  -9.0378296e-02   1.2580349e-01  -4.5558691e-01   2.8360263e-01  -3.5196902e-01   2.5094562e-01  -1.1964260e-01  -3.7166684e-01   1.2765599e-01  -2.5733019e-01  -9.5213628e-02   0.0000000e+00   1.6888747e-01   3.7048679e-02  -3.1693174e-02  -1.1268244e-02  -1.5289975e-01  -4.5458232e-01  -5.6061603e-03   4.0875529e-01   4.4095544e-02   3.3359016e-01   4.4281644e-02   1.3950192e-01  -1.7845492e-01   5.6894096e-01  -4.9735911e-03  -3.1536354e-02   1.7033358e-01   2.6381158e-02  -2.4873096e-02  -3.5123298e-01   1.7333103e-01  -2.0214909e-01  -1.8944417e-01  -1.7545851e-01   4.9202080e-02  -2.7483786e-01  -3.9928431e-02  -1.2828645e-01  -3.8624869e-01   3.8512856e-01  -2.6592360e-01   9.8943637e-02   1.7709048e-01  -1.6116594e-01  -2.3222197e-01  -1.0467627e-01  -7.1477636e-02   9.3602114e-02  -2.8079868e-01   1.8834883e-01   4.2801393e-01   2.4647790e-01   2.6069986e-01   2.3142181e-01  -7.1690525e-02  -7.2249468e-03   3.5047002e-01  -1.2742694e-01  -1.3063110e-01   2.4270502e-01  -3.1700084e-01  -4.5118040e-01   2.6866131e-01  -4.6150288e-02   2.2592062e-01   1.1651038e-01  -2.7064912e-01  -1.7837444e-02  -7.7391212e-02   3.0404349e-01   2.3605351e-02   1.7002749e-01   1.7397737e-01   3.1421751e-01  -4.9952552e-01   6.1938506e-02   4.0532576e-01  -8.7698036e-02  -1.3728514e-01   1.9300997e-01   5.2137982e-01   5.1741392e-02   2.3568884e-01   4.3851118e-01  -1.1565982e-01  -7.1492682e-02  -5.0567946e-01   2.4215506e-01  -2.7590138e-01  -2.3749231e-01  -3.6378329e-02  -3.2452122e-01   7.8655169e-02  -7.1700650e-03  -2.0813902e-02  -1.2986899e-01   2.9048522e-01   1.1941014e-01   6.1795718e-01   9.1295477e-02   9.4890312e-02   4.6882606e-02   1.3925570e-01   1.0134337e-01  -3.8406724e-01   5.0119292e-02  -2.9770829e-01   3.2741496e-01  -6.1877753e-02  -8.6249270e-02   1.9177415e-01  -4.1273326e-01   1.7602871e-01  -2.0389857e-01   4.9841925e-01   2.4014602e-01   6.9706268e-02  -4.7872101e-01  -1.5323365e-01  -1.8605707e-01  -5.4817972e-02   7.9329722e-01  -2.5606112e-01   3.6637356e-02  -1.6374228e-02   1.6557063e-02   2.5475434e-02  -2.7642245e-01   3.6705827e-01  -3.2159231e-01  -3.4751805e-01   1.5692394e-01   1.1853455e-01   5.2782648e-01   1.6219391e-01  -1.4864747e-01   4.6570959e-01  -3.3839482e-02  -8.1508205e-02   3.9449726e-01  -1.8423336e-01   2.2507390e-01  -3.6967866e-01  -3.8244488e-01  -3.7698113e-01  -1.5960173e-01   4.9416534e-01   6.8051491e-01   2.2206992e-01  -1.0057020e-01  -1.9201841e-01  -1.3545446e-01   1.3888032e-01  -6.9075569e-02   2.1987535e-01   4.7515069e-01  -3.3386097e-02   1.4729725e-01  -2.5262191e-01   1.0179613e-01   9.3109645e-02  -4.5366757e-01  -1.8199148e-01   5.9372161e-01   2.5387394e-01  -2.5719024e-01  -4.3703088e-01  -1.1089653e-01  -1.4605578e-02   4.0120949e-01   2.6040417e-02   9.5787764e-02   1.4400201e-01
