   0.0000000e+00  -1.1166215e-02   2.3560717e-01  -1.7862234e-01  -1.2467556e-01   1.3603549e-01  -4.3339612e-01   6.6055646e-02  -2.4769786e-01  -6.0174197e-01  -4.5883697e-02  -1.0416523e-01   4.5833305e-03   5.1270803e-01   1.7999715e-01  -2.2511157e-02   2.1922327e-01  -2.2406892e-01  -2.0848632e-01  -1.1821955e-01  -3.0475717e-01  -3.6486387e-01  -2.7004802e-01   6.2730096e-01  -5.0454538e-02  -8.8880597e-02  -6.7514834e-02   5.2038026e-01  -3.8438858e-03  -3.6968130e-01   1.5138680e-01  -4.5452210e-01   2.1724291e-02  -2.4884535e-01   1.5273178e-01  -3.4832565e-01  -4.4713764e-01   4.5859484e-01  -8.4217357e-02   2.3827089e-01  -1.5191119e-01   1.5196164e-01   6.2686817e-02   9.7906163e-02  -1.3157301e-01   5.5860475e-01  -2.6232942e-01  -3.7404214e-01  -3.2014938e-01   1.8603119e-01  -3.2672709e-01  -1.3874695e-02  -8.5982849e-02   3.6169909e-01   3.2794901e-02  -3.4776845e-02  -1.6799216e-01  -3.1400647e-01  -2.4388078e-01  -4.2518952e-01   3.6480488e-01   7.3941293e-02   9.7879743e-02   5.8284023e-02  -1.0099119e-01  -2.7623153e-01   9.9553011e-02   2.0154896e-01  -1.1092493e-01   4.4737356e-01   2.7248026e-02  -3.1014471e-01   5.0818158e-02   7.9343007e-02  -1.3818851e-01  -3.9203429e-01   3.8388055e-01   8.5791573e-02  -1.3975503e-02   6.4981191e-03  -4.4992551e-02   1.1026941e-01   5.8999655e-02   1.8827181e-01   6.2214836e-01  -3.4257134e-01   5.5683833e-02   4.0452650e-01   1.5100352e-01   7.9527069e-01   9.1494926e-03   3.6190986e-01   1.5516737e-02  -2.1336815e-01   5.1875513e-01   3.9265098e-02  -2.4539625e-01  -1.1964345e-01  -3.5819009e-02  -4.1369621e-01   3.0463528e-01   3.0029933e-01   7.9956809e-03  -3.6307850e-01  -3.7163123e-01  -4.0644711e-01   4.1428500e-01  -1.5788503e-01  -2.0017983e-01  -6.9077877e-02  -6.9262350e-02  -2.7317785e-01   3.3939709e-02   7.7794338e-01   1.2466507e-01   6.1847155e-02  -1.0653199e-01  -1.0347177e-01   4.0349437e-01  -3.9952451e-01   4.2922661e-01   1.1315295e-02   3.3111729e-01  -1.3451863e-01   7.3426694e-01   1.3412364e-01  -1.6344531e-01  -2.7823346e-02  -3.9992380e-01   2.2384640e-01  -1.4688389e-01  -2.6930085e-01   2.4019886e-01  -6.6311544e-02  -9.7528196e-02  -2.4599556e-01  -2.8450003e-01  -8.8909066e-02  -1.3342667e-01   4.3892675e-01   6.3136136e-01   3.9213881e-02   6.6992104e-02  -7.7356959e-02   1.9919702e-02  -2.7924485e-01  -1.7879079e-01   1.1480855e-02  -3.9958653e-02  -2.2346522e-01   4.7365792e-01  -1.4752777e-01   5.4057267e-01  -2.1881658e-02  -9.9488745e-02   6.7405815e-01   3.6904641e-01  -3.5851840e-02   4.0708828e-01  -7.2350270e-02   1.1913759e-01  -5.8183507e-03  -2.5220571e-01  -1.5198045e-01  -4.1035295e-01   8.7011016e-02  -6.1314527e-02   1.4075760e-01   4.4814274e-01  -1.1969823e-01  -3.1448270e-02   1.9131255e-01  -1.5597829e-01  -1.2216389e-02  -9.5078220e-02   9.0252686e-02  -3.5561321e-01
  -1.1166215e-02   0.0000000e+00   1.2876706e-01  -4.3727247e-01   3.3821292e-01  -1.0496574e-01   1.0133580e-01  -1.0639156e-01   5.7028580e-01  -1.5328077e-01  -2.8082625e-01   6.7822300e-01  -1.9547686e-01  -4.2644738e-02   9.0076723e-02  -2.1923177e-01   1.9726593e-01  -2.8661682e-01  -6.3711659e-02  -1.4212834e-03  -2.3452805e-01  -2.8549239e-01  -1.5661715e-01  -8.6389115e-02   4.3695338e-02   2.9874070e-02   5.4720697e-02  -1.0425569e-01  -9.4321758e-04   1.2034615e-01   8.3425794e-02  -1.1036686e-01  -2.4619036e-02   1.2842571e-01   4.4392427e-01  -2.6696565e-01   2.6291175e-01  -1.3023578e-01  -5.6500742e-02   5.7915173e-01  -4.9303038e-02  -1.2781162e-01   2.6707782e-01  -9.7898910e-02   1.4732627e-01  -1.5571337e-01  -4.0549196e-01   4.4186095e-01   2.4504598e-01   2.2844598e-01  -3.9957378e-01  -8.8697165e-02   6.8340780e-01   8.4510428e-02  -5.9714041e-02  -2.8947131e-01  -3.5911191e-01  -2.5390487e-01  -9.8842702e-02   1.6392520e-02  -1.0641204e-01   3.7567682e-02   2.7273788e-01  -4.9798647e-02   4.5890145e-01  -3.7503069e-01   1.3735711e-01  -9.0872926e-02  -1.1949767e-01  -3.5180557e-01   5.6324400e-01  -3.9470337e-01   3.0567679e-02   2.7557465e-01   6.6224996e-03  -2.7856830e-01  -1.0017202e-01   1.1725488e-01   6.9078447e-01  -2.0830614e-01  -1.8342015e-01   4.5947571e-03  -7.5434330e-02  -1.5358798e-01   1.9832649e-01  -1.2741557e-01   4.8495369e-01   1.8781419e-02   3.1985449e-01  -9.7053273e-02   4.5626035e-01  -8.5686338e-02   2.2771020e-01   3.9799427e-02  -5.6937061e-02   2.1327282e-01  -1.7302132e-01   2.2200461e-01  -1.5268117e-02  -3.6985642e-01   3.1254791e-01  -1.8546247e-01  -2.6997692e-01   5.2069770e-01  -4.1314356e-01  -6.7633129e-02   1.4929314e-01   1.5846955e-02   6.7702997e-02   3.6736024e-01  -1.5102674e-01  -4.1683004e-01  -2.6348052e-01  -1.1107815e-01  -1.1009232e-01   6.9150241e-01   7.7801456e-02   2.3461660e-02  -2.1218794e-01  -3.9719135e-01  -1.7844834e-01   3.9297766e-01   2.8104268e-01   4.1309931e-01  -1.6237494e-01   1.5847445e-01  -2.3302680e-02   1.8771539e-01  -2.7002447e-01  -9.8475863e-02  -8.1840522e-02   1.2056896e-01  -1.1511113e-01   3.0111702e-01  -9.6188568e-02  -1.2228670e-01  -1.7617647e-01   1.1204764e-01  -2.6724492e-01  -7.2708403e-02  -1.0329877e-01  -1.5391177e-01   7.9888312e-03  -1.1037065e-01   1.3640162e-01  -5.4265599e-02   1.9429760e-01  -1.4255170e-01  -3.5184162e-01  -9.2126653e-02   1.1232936e-01  -4.1179485e-02  -3.2279653e-02  -8.9030710e-03   6.6774182e-01  -1.5594980e-01  -9.5243427e-02  -1.1022395e-01  -2.7066609e-02  -2.2633886e-01  -1.3232300e-01   1.2921827e-01  -3.6299612e-01  -3.0663514e-01  -2.0774856e-01   4.2479381e-01  -2.4980468e-01  -9.7721810e-02  -1.3563755e-01   4.7840535e-01   3.6097021e-01  -1.8281138e-01  -2.0400991e-01   2.5421854e-02   8.1067468e-02   7.7733761e-03  -7.7424529e-02
   2.3560717e-01   1.2876706e-01   0.0000000e+00  -2.2199780e-01  -7.8254558e-02   5.5792298e-01   9.6305671e-02   1.3219687e-01  -1.4009159e-01  -1.2412875e-01  -1.1971657e-01   3.1196280e-01  -1.2668244e-01   2.2900099e-01   1.6638504e-01   1.6466798e-01   8.3899279e-01  -1.5855237e-01  -1.5076903e-01  -1.5037263e-01  -1.7750534e-01  -1.9554939e-01  -2.3397056e-01  -6.8964915e-02  -6.9439574e-02  -1.7827350e-02   1.8806904e-01   2.2625962e-01   1.7479545e-01  -3.6355128e-01  -6.7192602e-03   4.9227305e-03   2.1413222e-01   3.0133125e-01   1.5308524e-01  -2.5806976e-01   1.2696193e-01   1.1540905e-01   1.6765593e-01   2.3366879e-01  -1.1208872e-01   2.6567303e-01   1.2647410e-01   5.8233085e-02   4.5175243e-02   1.4968550e-01  -2.4454644e-01  -7.4517689e-03   5.8429755e-03   3.9973196e-01  -3.3490991e-01  -8.9334716e-03   2.0693979e-01   4.4543461e-01  -8.5719589e-02  -7.2706890e-04  -1.7430771e-01  -1.1317915e-01  -1.6552103e-01  -1.5610048e-01   2.0373366e-01   4.4258881e-02   3.0379910e-03   9.5726066e-02  -1.0704352e-01  -2.3596213e-01   4.4637510e-01  -2.1631183e-01  -1.8596139e-01   8.6705613e-02   3.0998666e-01  -1.8365155e-01  -1.2885939e-01   2.5003236e-01   1.6675591e-01  -2.9830658e-01   1.5920831e-01  -3.2082305e-02   6.1662465e-03  -7.3446824e-02  -1.5121226e-01   2.4071082e-02   2.7699835e-01   1.6377410e-01   5.9556668e-01  -1.5765949e-01   8.0220119e-02  -8.5046954e-02   9.2985415e-02   1.5192396e-01  -8.6689651e-02   4.2998120e-01   6.4514709e-01  -3.8989094e-02   1.0174536e-01   1.8426685e-01  -1.3087803e-01  -1.8809256e-02  -1.0102446e-01  -1.0635669e-01   3.8583988e-01   1.9080502e-01   1.6922495e-02  -3.5987187e-01  -2.5139781e-01  -6.8156538e-02   3.6386838e-01  -2.2420556e-02   1.7821549e-01   3.4932802e-01   2.8833781e-01  -4.4291313e-01  -1.4539606e-01   1.3973381e-01   1.9118427e-02  -8.2838050e-02  -8.6617506e-02   7.2306217e-02   3.1373771e-01  -1.9352713e-01   6.1876892e-02  -1.1402191e-01   2.2303854e-01  -4.8886994e-02   1.2928917e-01  -1.5000311e-01  -2.5894852e-03   1.9719336e-01  -2.1635907e-02   1.7895319e-01  -9.5179684e-03  -4.3873008e-02   3.5333640e-02   1.4737665e-01   1.8199647e-02  -4.8944587e-02  -1.4879995e-01   9.4598283e-02  -8.2664026e-03   9.4753253e-02   1.1286705e-01  -2.7207766e-02  -1.3087205e-01   3.6458610e-01  -4.7897727e-02  -1.1754396e-01   2.2175514e-01  -2.6528619e-02   3.8972876e-02  -7.0851369e-02   5.0496507e-01  -2.0087707e-03   2.5570382e-01   5.1869236e-02   2.6091702e-01   1.4266941e-01   1.7312686e-01  -1.3141161e-01   3.8414752e-01  -2.2469371e-01   3.3842891e-02  -7.1510551e-02  -2.3910044e-01  -3.5153734e-02  -1.7079031e-01   1.3395717e-01  -9.4540478e-02   3.8518390e-02   6.3962098e-02   2.5151957e-01   3.7788302e-01  -1.2866336e-01  -2.0510455e-01   3.9466010e-01  -1.5450510e-01   1.2393041e-01  -7.7885732e-02
  -1.7862234e-01  -4.3727247e-01  -2.2199780e-01   0.0000000e+00   4.5889478e-02  -1.0489725e-01  -1.7885856e-01   1.0594744e-01  -4.3768702e-01   3.4402254e-01  -6.0547175e-02  -3.3897804e-01   3.6382500e-01   5.3776563e-02  -2.7152424e-01   5.0565991e-01  -1.8609438e-01   5.1656138e-01   2.6920090e-01   1.7053057e-01   1.1181959e-01   2.1053278e-01   1.1287627e-01   7.2451243e-02  -3.8002726e-01  -3.8868105e-03  -2.6253940e-01  -6.3484847e-02   1.4691785e-01   2.2177673e-01  -1.2285061e-01   4.8543023e-01   2.7745634e-01  -2.2130258e-01  -5.7847452e-01   3.3877672e-01  -1.1812484e-01   1.5690212e-01   4.5033158e-01  -2.8914493e-01   3.5102809e-01   1.5482363e-01  -2.8168983e-01  -2.5184191e-01  -1.6848568e-01  -3.6076544e-02   4.2266125e-01  -2.1764768e-01  -8.1215813e-02   2.2418831e-01   6.4532207e-01   7.2651727e-02  -3.9124184e-01  -2.0840140e-01   2.2358103e-01   4.7861378e-02   4.4094201e-01   3.3310017e-01   4.9814273e-01   2.9639439e-02  -1.7548609e-02  -4.2337832e-01  -2.3795252e-01  -2.2413054e-01  -2.2304655e-01   3.1388610e-01  -8.7846386e-02   1.5047087e-01   6.2646598e-02   1.1216116e-01  -4.2053245e-01   3.5644796e-02   9.7828810e-02  -5.8559857e-01   4.4895863e-02   1.0610152e-01  -1.7472260e-01  -2.8455399e-01  -1.4597625e-01   4.7110488e-02   1.8834990e-02   2.2719747e-01  -2.7716507e-01   6.3001008e-02  -2.9295230e-01   3.7998623e-02  -1.6492459e-01   1.3373336e-01  -3.1715496e-01  -1.2868500e-01  -1.5649880e-01   1.9286090e-01  -2.8314173e-01  -1.9658058e-01   5.9004905e-02   1.0608904e-01  -9.1397011e-02  -2.2767421e-01  -4.5995441e-01   3.8227466e-01  -2.4148870e-01  -2.2988569e-01   1.8662932e-01  -1.5940684e-01   4.5431560e-01   4.0966971e-01  -3.6974402e-01  -1.5554412e-02  -1.0698265e-01  -2.3664721e-01  -1.9356079e-01   4.8162274e-01  -3.0080590e-01   1.6978818e-02  -1.3262866e-01  -1.9837439e-01  -3.2069025e-01   1.5311750e-01  -6.9717363e-02   3.2856672e-01   2.0420251e-01  -7.3391451e-02  -2.2824116e-01   5.9402961e-02   3.5252217e-02  -1.5455231e-01   3.6404418e-01  -2.5961583e-01   1.4233551e-01   2.4868292e-03   5.6877720e-01  -3.5111851e-02  -1.1521007e-01  -3.4639099e-01  -4.7751405e-01   1.6147325e-02   1.5572340e-01  -2.0997234e-01  -6.3133744e-02   1.8230997e-01   4.1888361e-02   3.1796778e-01  -2.0426219e-01  -9.6689175e-02  -1.4990478e-01   2.6807339e-01  -2.4714416e-01   4.7957111e-02   1.6834908e-01   1.6242824e-01  -6.4918980e-02  -2.3970686e-02   6.5262078e-02  -2.5118762e-01  -2.0732654e-01   2.6069228e-01  -8.3061394e-02   3.8081742e-01   8.1853428e-02   1.1442232e-01  -8.2352992e-02  -3.4306190e-01   3.0687643e-01   1.1404356e-01   4.6652731e-01  -1.8345391e-01  -1.5260552e-01   1.8984155e-01   3.9497746e-02  -2.2290898e-01  -1.4181403e-01   3.5857122e-01  -2.7591939e-01  -6.9122067e-02  -5.3102941e-02   2.9368004e-02   2.6897175e-01
  -1.2467556e-01   3.3821292e-01  -7.8254558e-02   4.5889478e-02   0.0000000e+00   3.4959456e-02  -2.5365673e-01  -2.1889297e-01   5.0739856e-02  -4.8232543e-02  -2.2220879e-02   1.9671658e-01   1.1235844e-01  -9.8065597e-03  -4.3676812e-02   1.4623841e-02  -4.6866634e-02   1.6514174e-01  -2.9733547e-02   6.8042189e-01   1.1249711e-01  -3.2442326e-02  -3.4445022e-01   1.2792025e-01  -9.5988384e-02  -1.2010215e-01   5.8359179e-02  -2.9122401e-02   3.3630642e-02   2.5596246e-01   6.0424023e-02   1.0853191e-01   6.3696455e-02  -2.1242141e-01  -2.1475859e-02   4.6897771e-01   1.0379648e-01  -3.6123789e-01   2.6696890e-01   1.4280436e-01   3.1584877e-01  -1.7570632e-01  -6.3510216e-02  -2.3333432e-01   2.2230313e-01  -2.5017526e-01   1.7601928e-01   5.7290858e-02  -1.5745579e-02   9.5314249e-02   1.8549508e-01  -1.9295912e-01   6.6018013e-02  -1.1197517e-01   2.2697981e-01  -1.4183580e-01   8.6029480e-02  -1.9412303e-02   1.5590061e-01   1.4921967e-01  -3.2949503e-01  -1.3194072e-01   5.2922770e-02  -2.4062140e-02   3.7569865e-01   2.3762958e-01   1.2398542e-01  -3.4302795e-02   1.0585808e-01  -2.0856540e-01  -6.7584115e-02  -4.0200619e-02   3.3034958e-01   4.2517245e-02   5.6942593e-02   1.3345704e-02  -2.8652979e-01  -2.3337088e-01   4.1375261e-01   3.0443413e-02  -3.4138421e-01   2.6449913e-01  -1.1038874e-01  -1.1215855e-01   3.6522041e-02   3.7676345e-02  -7.6890137e-02  -3.3826708e-03   1.7703775e-01   3.5063988e-03   6.4451834e-01  -1.7325384e-01  -7.8995701e-02  -6.9050020e-02  -2.5741149e-01   5.5667610e-01   9.2957362e-02  -1.2479062e-01   1.3294279e-01   2.6499122e-02  -1.0654046e-01  -2.2271403e-01   1.4701421e-01   2.2467543e-01  -8.7997766e-02  -3.8652224e-02   5.3098225e-03  -6.2754678e-02  -2.1755508e-01   2.9632893e-01   3.3336664e-02  -1.0299442e-01  -2.3486124e-01  -2.6905474e-01  -3.2401003e-01   5.7250287e-01  -1.1785602e-01   3.7212974e-01   3.4163886e-03  -2.0399308e-02  -9.0362876e-02   6.6378137e-01   1.1798939e-01   1.4077174e-01  -1.5536698e-01   2.0227833e-01   1.0575691e-01  -9.3008882e-02  -8.5716683e-02  -2.9035259e-01   3.3418968e-01   2.9619922e-01   1.7498389e-01  -4.2151440e-02  -1.6438263e-01   2.2928781e-02   1.2371388e-01  -2.4124542e-01  -1.6459781e-01  -2.2233075e-01  -1.3243034e-01   4.2720708e-02  -1.2616525e-01  -3.1834935e-02  -1.5456215e-01   6.3513514e-03  -3.3564276e-01   4.2008821e-01   1.8019429e-01   8.1895179e-02  -4.8400140e-02  -6.3493934e-02  -3.0738572e-02   1.3278866e-01   2.2136222e-01  -2.1089679e-01  -2.0446641e-01   2.1704451e-01  -1.1652010e-01  -1.5931280e-01  -1.4073125e-01  -6.4575707e-02   2.4295299e-01  -8.6290989e-02  -1.4012338e-01   1.0564310e-01   2.4572022e-01   6.6703208e-02  -9.0174407e-02   1.7551890e-01   2.2852798e-01  -1.6848189e-01   1.5564304e-01   8.8489394e-02   1.3898752e-01  -8.1136560e-02  -1.5817650e-02
   1.3603549e-01  -1.0496574e-01   5.5792298e-01  -1.0489725e-01   3.4959456e-02   0.0000000e+00   1.0634739e-01   4.2220264e-02  -3.1794330e-01  -1.4451155e-01   2.1339528e-02   1.6223353e-01  -3.4186679e-01   1.3066493e-01   4.1443429e-01   3.1638337e-01   3.8969763e-01  -9.5203976e-02   5.8721021e-02  -7.0191638e-02   1.6533053e-01  -2.7974447e-01  -2.0192512e-01  -6.1540319e-03  -8.0431552e-02  -1.0984334e-01   4.3348742e-01   3.1824490e-01   5.5368026e-02  -2.2551518e-01   2.5145329e-01  -1.4417592e-01   1.1161241e-01   2.8234751e-01   2.6326819e-01   5.0787317e-02  -7.0497808e-02   8.7238503e-02   2.4349278e-01  -5.0110711e-02  -1.0632647e-01   2.0869493e-01  -7.6339133e-02  -8.5851325e-02   1.8860982e-01   4.7935565e-02   1.8593001e-01   4.0342126e-02   5.9040019e-02  -2.5330667e-02  -2.4289499e-01  -2.5676329e-01   6.1237499e-02   1.7583595e-01  -6.5681653e-02  -8.3681712e-02   3.2554104e-01  -7.2803004e-02  -2.4464739e-01   1.0921084e-01   8.2362451e-02   1.1753200e-01  -1.1448364e-01   1.0511276e-01  -1.0069722e-01   1.8202163e-01   7.5674276e-01  -2.2175686e-01  -5.1853369e-02  -2.3902733e-02  -1.0509975e-02  -2.6857233e-02  -7.8417919e-02   3.2179698e-01  -1.9042105e-01  -2.3410481e-01   6.9926811e-02  -2.4438578e-01  -5.4306372e-02  -1.3386959e-01   1.5926565e-02   2.0968909e-01   3.0126374e-01   7.9731821e-03   4.9487394e-01  -1.8593004e-01  -2.1522781e-01  -2.2537526e-01  -9.9060809e-02   1.9387587e-01  -3.0737499e-02   2.8297248e-01   4.8873111e-01   2.7356231e-02   6.2757901e-02  -1.1588790e-02  -1.0100781e-01  -3.2438457e-01   8.1424789e-02  -1.8086566e-01   8.3691735e-02   1.0012397e-01   3.4022787e-01  -3.1188211e-01  -3.2172244e-01  -2.8666088e-01   1.5214581e-01   1.1579572e-02  -8.7038077e-02   5.6941974e-01   4.5893051e-01  -2.3724574e-01   7.5541615e-02   1.1626726e-01   7.4797797e-02  -1.6450535e-01  -2.7815841e-01   4.5960031e-02   5.2111553e-01  -2.3170687e-02  -1.6482134e-01   2.1753092e-02   3.9602984e-02  -2.8179256e-01   6.8752529e-02   2.4731944e-01  -2.0342601e-01  -1.3475547e-01  -1.4604814e-01  -5.9711356e-03  -6.1746683e-02   1.2705422e-01   1.3770646e-01   3.3281894e-01   9.9107904e-02   9.6530075e-02  -2.8526222e-01   1.7669243e-01   6.8554243e-02   2.0292447e-01  -1.1857110e-01  -1.6781570e-01  -3.0675319e-01   7.1772236e-01   6.1055408e-02  -3.1377503e-01  -2.9391395e-02   3.6478786e-01   4.2316175e-01  -6.3739643e-03   3.4432462e-01   2.7843480e-01  -7.6029748e-03   2.3986160e-01   1.7342553e-01   7.0482756e-02  -7.7072235e-02  -1.9047368e-01   2.2910431e-01   1.3664117e-01  -1.4546887e-01  -2.1129414e-01   7.9544777e-02   3.6709946e-02  -1.7181948e-01   1.2704575e-02   9.7482981e-02   3.0724272e-01  -1.7861262e-01   3.2789337e-01   6.6393519e-02  -8.2113720e-02   1.1245153e-01   8.2492557e-01  -2.2796501e-01  -1.3863706e-01  -2.7380573e-01
  -4.3339612e-01   1.0133580e-01   9.6305671e-02  -1.7885856e-01  -2.5365673e-01   1.0634739e-01   0.0000000e+00  -1.7677646e-01   1.9082702e-01   5.2128421e-01  -3.2512710e-01   3.5384795e-01  -2.8020917e-01  -2.7276907e-01   1.4101198e-01   2.0132059e-01   1.3603246e-01  -2.5542226e-01  -1.0259554e-01  -3.7643297e-02   1.3453258e-02  -8.2568371e-02   4.0660322e-01  -5.1296103e-01   5.4223123e-02  -1.1771431e-01   4.3758299e-01  -1.8446820e-01   2.1138404e-02   1.1509073e-02  -1.3334706e-02   1.6564031e-01   9.4275399e-02   6.0033642e-01   3.3021223e-01  -3.1597262e-02   2.5130906e-01  -2.2061122e-01   9.8660121e-03   1.2542491e-01  -3.1034789e-01   1.0189248e-01  -1.6213822e-01  -2.4692185e-01   1.1291718e-01  -2.1561245e-01  -2.1636651e-01   6.7409506e-01   2.1451776e-01  -2.0008132e-02  -2.4402025e-02  -1.2370355e-01   3.0779066e-01  -2.0383429e-02  -2.9724080e-01  -1.9358981e-01  -1.5331321e-01   2.2976040e-03  -2.8431839e-01  -2.1470855e-02  -6.1367766e-02   2.0355631e-01  -2.6274079e-01  -1.3677675e-01  -1.9481760e-01  -9.8702219e-02   1.1149742e-01  -1.8892240e-01  -2.9613978e-01  -5.8856552e-02   3.8679947e-01  -1.1499150e-01  -2.3301334e-01   3.8612203e-03   1.0869880e-01   5.4427227e-02  -1.0958255e-01   4.7776109e-03   8.1033983e-02  -2.1266140e-01   3.5391728e-01  -9.5098700e-02  -5.2791805e-02  -2.1699222e-01  -1.9269676e-01   5.4252288e-02   1.2111738e-01  -2.2499036e-01  -7.7044043e-02  -4.5038202e-01  -2.9943590e-01   3.8866059e-03   4.6011933e-01  -5.9367526e-02  -1.4631924e-01  -2.1995741e-01  -5.9786074e-02  -7.0846287e-02  -8.1910789e-02   1.1148306e-01   1.3468483e-01   2.0869145e-01   4.4955790e-02   4.2959898e-02  -5.5424307e-02   3.2721294e-02  -2.3163282e-02  -9.6821890e-02   3.9965197e-01   2.5312992e-01   1.2528800e-01  -7.9489024e-02  -5.7454254e-02  -4.2835258e-01   3.8105066e-01  -1.7082346e-01  -1.2647518e-03   4.1472822e-02  -1.9407521e-01  -1.1105250e-01  -3.6560382e-01  -2.9287017e-01  -3.0591709e-01   4.4113382e-02  -3.5604043e-01  -2.7779793e-02   1.8306671e-02   2.2097801e-01  -2.7424094e-02   2.6278929e-01  -5.4645002e-02   2.8664768e-01  -3.0951367e-01   3.1026531e-01  -2.9989030e-02   6.7001018e-02  -2.6926253e-02   5.0064095e-01   1.8138860e-02  -2.4478210e-01  -5.0054834e-01  -2.4831330e-01  -2.1021808e-01   3.0661330e-01   3.0573714e-01   1.1891709e-01   7.6510246e-01  -4.0941932e-01  -8.2382409e-02  -5.7943398e-02  -5.5422688e-02   2.8915722e-01  -2.6672585e-01  -1.6574713e-01   3.6595230e-01  -4.1095679e-01  -1.4658430e-01  -2.3857260e-01   4.4234163e-02   1.6125217e-01  -9.8632222e-02  -1.2212973e-01  -1.8040677e-01  -1.9531187e-01   1.3889396e-02   2.9114512e-01  -1.9124194e-01  -3.6729203e-02  -2.8955608e-01   1.2636198e-01   2.8906766e-01  -1.8272845e-01  -1.5765266e-01   1.4404693e-01  -2.5903091e-01  -5.6585693e-02   3.8916736e-02
   6.6055646e-02  -1.0639156e-01   1.3219687e-01   1.0594744e-01  -2.1889297e-01   4.2220264e-02  -1.7677646e-01   0.0000000e+00   3.9280206e-02  -1.2872959e-02   2.8010547e-01   6.9774209e-02  -9.1349730e-02  -2.1915426e-01   1.0595717e-02  -5.6065101e-02   9.6051953e-02   1.5248898e-02   3.5752254e-01  -1.5075376e-01  -3.0345570e-01   1.9366261e-01  -1.4311101e-01  -4.6677368e-02  -1.6249286e-01   5.6250886e-01   3.4581996e-02  -5.7834677e-02   1.1240206e-02  -2.2045264e-01  -1.1227093e-01   2.0798732e-01  -1.0337598e-01   3.6775707e-01  -1.2901190e-02  -2.3924118e-01   2.3680470e-02   1.0057668e-01  -2.3468576e-01   1.2692673e-01  -1.0790975e-01  -1.7358406e-01   1.2124168e-01   4.8454344e-01   2.4024656e-04   5.2627176e-02   6.9265299e-02  -3.5570965e-01  -1.4618209e-01   1.1416855e-01  -1.3778870e-01   6.4706524e-01   1.0328059e-01  -5.9031845e-02  -2.7470865e-01   2.7910227e-02   2.4302610e-01   1.9622669e-01   7.6607956e-02   4.1319861e-02  -5.1671297e-02  -1.3141542e-01  -5.8590402e-02   4.6460501e-01   1.8961212e-01  -7.2730581e-02  -7.6697461e-02   7.7851398e-02   4.7349810e-01  -3.9884193e-02   7.0135398e-03   1.4437615e-01  -1.9485106e-01   1.8994064e-01  -1.4321509e-01   5.7664585e-02  -3.7779236e-02   1.9245730e-01  -1.4543009e-01  -2.3527778e-01   2.4914657e-02  -2.9809195e-02  -4.8848086e-02   4.9208182e-01  -1.2352770e-01   4.6860088e-02  -1.6794728e-01   5.6490308e-02  -2.5310681e-01  -4.0830422e-02  -5.7863220e-02  -7.0406314e-02   1.8323541e-01   1.7192598e-01  -3.1679532e-02  -1.5303294e-01  -7.6970750e-02   3.1215288e-01  -2.0627783e-01  -3.3960642e-02  -1.7448797e-01   1.6097993e-02  -3.7157609e-01  -6.7698201e-02   1.1115696e-01   2.6568569e-01  -2.5881887e-01   5.7738779e-01   1.2894924e-03  -1.7686437e-01  -8.0633237e-02  -1.6222814e-01   4.9913520e-02   1.0729125e-01  -2.0427625e-01  -1.8033320e-01   6.7705074e-02  -2.5880215e-01  -1.0920015e-01   1.2915376e-01   2.1861214e-01  -1.3572094e-01   9.3924783e-02  -1.3761829e-01   4.8078940e-02  -1.6962854e-01  -4.2479380e-02  -7.3056869e-02   2.1889962e-01  -7.2084645e-02  -1.5747346e-01  -2.6755715e-01  -1.4241597e-01  -1.5965138e-01   7.5166632e-02   4.5287973e-01  -8.0740577e-02  -1.0426910e-01   3.2425391e-01   1.7290599e-01   2.1090748e-01   4.7283200e-02   2.1714638e-01  -9.8521815e-02  -2.7242331e-01  -3.1026496e-01   3.2696721e-02  -2.6424845e-02   7.7592708e-02  -1.9893790e-01  -1.4221032e-01  -2.5807886e-02   7.6165928e-03  -9.8562620e-02  -8.9360653e-02   1.8292228e-01  -1.1005273e-02  -1.1818639e-01  -1.7119966e-01  -7.9459320e-02   2.3299071e-01   1.4392409e-01  -1.8701672e-01   2.1468210e-01   3.6088311e-01  -1.9724811e-02  -3.0652959e-02   7.1467108e-02  -1.1718977e-01  -1.7457624e-01   1.9569760e-01   3.5470099e-02  -1.9083101e-02  -4.3128749e-02  -8.6528017e-02   1.7312597e-01   1.2312027e-01
  -2.4769786e-01   5.7028580e-01  -1.4009159e-01  -4.3768702e-01   5.0739856e-02  -3.1794330e-01   1.9082702e-01   3.9280206e-02   0.0000000e+00  -3.8791749e-02   7.5327724e-02   3.2881789e-01  -3.3145236e-01  -2.1514564e-01  -8.2459467e-03  -4.6018116e-01  -5.8453468e-02  -3.6084338e-01  -9.1485655e-02  -1.2450834e-01  -2.3098362e-01   7.8124046e-02  -4.2484405e-02  -1.9888882e-01   1.6223088e-01   2.7941579e-01   9.2646825e-02  -1.4736714e-01  -1.1226329e-01   7.2878636e-02  -4.6664175e-03  -4.3785761e-02  -7.0773949e-02   2.6643868e-01   3.2461406e-01  -2.8845504e-01   2.4861516e-01  -3.3665724e-01  -3.5721487e-01   3.5042399e-01  -2.5722883e-01  -3.1295635e-01   3.0101261e-01   2.2392339e-01  -7.0522416e-02  -3.6844732e-01  -3.2681737e-01   3.5592683e-01   1.3424342e-01  -1.3243793e-01  -3.6220799e-01   8.4757037e-02   5.4491957e-01  -4.9917946e-02  -2.1654585e-01  -1.1170282e-01  -3.7889944e-01   9.0050575e-03  -1.8816826e-01   6.5803605e-02  -3.0499258e-01   1.0955778e-02   3.0310297e-01   1.5858454e-01   2.5165244e-01  -3.1908046e-01  -9.4092204e-02  -7.9166396e-02   2.3071093e-01  -3.2916346e-01   4.4862937e-01  -6.1978303e-02  -2.1456642e-01   1.5875296e-01   1.8911377e-01  -2.9772838e-02  -2.9427660e-01   4.3377723e-01   3.0660030e-01  -3.6835339e-02   1.0294903e-01  -1.6323379e-01  -7.9136860e-02   1.0720044e-01  -2.9768532e-01   2.3705176e-02   3.8005750e-01  -1.1355301e-01   2.2770964e-01  -2.5956091e-01   2.4150940e-01  -3.8939399e-01   2.0302621e-02   2.6085641e-01  -3.3700869e-01   2.7124102e-02   4.4975086e-02   5.2064693e-01   1.5806409e-01  -1.9191180e-01   8.3213857e-02  -2.1218070e-01  -2.7308018e-01   5.5579271e-01  -1.9970268e-01   3.8699813e-03   7.0566430e-02   3.3005061e-01   2.6768329e-02   8.8732140e-02  -1.4472367e-01  -2.7110251e-01   1.5440202e-01  -3.3934406e-01  -8.4616103e-03   3.8424042e-01   3.2567562e-01  -8.1863039e-02  -4.0048147e-01  -7.1636237e-02  -3.7480763e-01   1.3024721e-01   1.1479314e-01   1.4797929e-01  -4.3776115e-01  -1.8170151e-01  -1.8785003e-01   3.5612043e-01   2.8288997e-03  -1.6868321e-01  -3.6575762e-01   5.1931763e-02  -1.0874097e-01   1.7983708e-01   2.2235992e-01   8.6950026e-02   3.8743061e-02   1.7542824e-01   7.8892280e-02  -3.8568166e-01  -2.9216603e-01  -1.5797469e-01   3.6169550e-01  -2.4089792e-01  -6.0936662e-03  -1.4523272e-01   2.8894174e-01  -2.1701467e-01  -3.2045544e-01  -1.5809839e-01  -2.2206726e-01   2.5275072e-02  -3.9388851e-01   4.2289964e-02   3.4492631e-01  -4.8141511e-01  -2.7035458e-01  -3.0590990e-01  -3.5071907e-01  -4.7145364e-02   3.2598735e-02   4.9794657e-01  -2.5472888e-01  -1.2368158e-01   5.1517495e-02   1.7950659e-01  -1.6846012e-02  -2.1736256e-01  -2.7479931e-01   1.1654531e-01   8.6480517e-02  -4.5560849e-01   3.7574961e-02  -2.4790977e-01   8.7598484e-02   1.4647333e-02   1.9148940e-01
  -6.0174197e-01  -1.5328077e-01  -1.2412875e-01   3.4402254e-01  -4.8232543e-02  -1.4451155e-01   5.2128421e-01  -1.2872959e-02  -3.8791749e-02   0.0000000e+00  -2.0204731e-01  -5.1501763e-02   1.8493808e-01  -3.7194575e-01  -3.5192568e-01   1.5150892e-01  -2.1871038e-02   3.8584758e-01   2.2529156e-01   2.6882464e-01   9.8758342e-02   3.4160082e-01   2.8835317e-01  -4.7551364e-01  -8.1950950e-02  -2.6368520e-02   2.2384065e-02  -3.7825586e-01   1.1919101e-01   3.3566988e-01  -3.1872832e-01   5.4278458e-01  -3.1709126e-02   2.2451678e-01  -3.1775552e-01   3.4140831e-01   2.9822477e-01  -2.6627612e-01   1.2189006e-01  -1.0589451e-01   1.7133523e-01  -1.6044833e-01  -3.2528090e-01  -1.7803376e-01   1.3630567e-02  -2.2365526e-01   1.9484216e-01   2.4017990e-01   3.2091258e-02   4.1386074e-02   5.8450014e-01   1.4021495e-01  -1.7425005e-01  -3.0840717e-01  -3.1881277e-02   1.2062942e-01   1.6790285e-01   2.6292335e-01   3.2188616e-01   1.5406090e-01  -2.3234648e-01  -2.0053837e-01  -3.4314115e-01  -1.4666574e-01  -7.2183716e-02   1.9025087e-01  -1.2408299e-01  -1.1480132e-01  -1.2618075e-01   6.2862321e-02  -7.2067294e-02   1.3404521e-01  -3.4788811e-02  -4.0367787e-01   1.8537670e-01   1.7383169e-01  -2.2099547e-01  -7.4746354e-02  -1.0190330e-01  -1.4324196e-01   1.8431761e-01  -1.6464564e-01  -1.8025376e-01  -6.7570402e-02  -4.3343464e-01   1.3804786e-01  -1.4177626e-01  -1.1683187e-01  -1.1417566e-01  -6.3927985e-01  -3.6220281e-01  -1.6844511e-01   3.7689462e-03  -1.5806560e-01  -2.8164324e-01  -1.0531340e-01   1.1531010e-01  -1.0082949e-03  -2.1494109e-01   5.2388178e-01  -2.2338647e-01   3.7997101e-03  -1.3214329e-02   1.1874614e-01   5.1805497e-01   5.5997902e-01  -4.6554493e-01  -4.6939852e-02   3.2165132e-01  -9.4070212e-02   7.2289594e-02   3.6282219e-01  -3.1806326e-01  -5.4346397e-01   9.9343188e-02  -3.2320648e-01   6.1135218e-02   7.7291646e-02  -2.2454528e-01   1.9892434e-01  -7.2371032e-02  -2.3851672e-01  -3.3363342e-01   1.4203384e-01  -3.9865833e-01  -2.6844234e-01   3.6686465e-01  -7.4041296e-02   3.1744964e-01   2.8751469e-01   2.6566907e-01   9.1887094e-02  -3.6974725e-01  -1.6940370e-01  -1.6568335e-01   3.1498446e-02   1.3520647e-01   1.0589758e-01  -1.2314983e-02  -2.6839100e-01  -3.2830604e-01  -2.1240234e-02  -2.3205947e-01   8.6697232e-02  -1.7433598e-02   4.2554923e-01   3.5189833e-01  -2.0559966e-01   1.1641025e-01   7.5902723e-02  -2.7336193e-01   8.4596439e-02  -8.2125426e-02  -2.3104255e-01   6.3816205e-02  -3.0713714e-01  -1.2291986e-01   2.0410407e-01  -1.9876482e-01   3.2111786e-02  -1.5486231e-01  -2.3121605e-01   3.2251636e-01   1.1019596e-01   4.3107881e-01  -2.4215166e-01  -9.6428864e-02  -8.8609005e-02  -1.8892574e-01  -1.3587599e-01   1.0073997e-01   4.5551592e-02  -1.0339336e-01  -1.0628490e-01   4.8900670e-02   1.3380480e-01   4.1136935e-01
  -4.5883697e-02  -2.8082625e-01  -1.1971657e-01  -6.0547175e-02  -2.2220879e-02   2.1339528e-02  -3.2512710e-01   2.8010547e-01   7.5327724e-02  -2.0204731e-01   0.0000000e+00  -2.5258631e-01  -9.4937467e-02  -1.9292675e-01  -1.3536910e-01  -1.6774435e-01  -2.5035964e-01   7.2879107e-02   2.7958399e-01  -1.1399535e-01  -2.0790519e-02   3.6297266e-01  -1.9046788e-01   6.8358449e-02   1.6980933e-01   5.5096296e-01   2.4804388e-05   6.9528538e-02   6.4375042e-03  -8.8231060e-02   3.6988211e-02   1.8357386e-02  -1.8874830e-01   4.4331505e-02  -2.0357792e-01   2.3335951e-02  -9.6139991e-02  -2.9144548e-01  -1.4832027e-01  -2.7614049e-01   2.5083889e-02  -2.8153718e-01   1.7026973e-01   6.0464049e-01  -1.9937903e-01  -1.4122187e-01   4.4474128e-01  -4.5644219e-01  -1.8867088e-01  -3.1386845e-01   6.7191609e-02   2.0633250e-01  -2.5397020e-01  -5.4883600e-02  -5.6020966e-02   4.6793411e-01   2.1975632e-01   3.2408312e-01   1.1771089e-01   1.6893054e-01  -2.9493729e-01  -2.1297353e-01   1.6738332e-01   5.3638943e-01  -1.8655347e-02   1.3812782e-01  -4.6299129e-02   1.7467615e-01   6.2832797e-01  -9.4772159e-02  -3.3204192e-01   5.5061399e-01  -5.0885898e-02   1.0871930e-01  -1.8386746e-02   3.1289696e-01  -1.7702929e-01   3.2983413e-01  -5.0275657e-01   2.0169585e-01   1.4423761e-01  -1.3767078e-01   3.3434059e-01   4.6743364e-01  -2.8572945e-01   2.4795791e-01  -2.6828843e-01  -1.0791530e-01   5.5766806e-02  -8.4605727e-02  -4.7216274e-02  -4.1161184e-01  -1.4350560e-01   2.7242113e-01  -3.5658038e-01  -7.3003668e-02   2.5927048e-01   3.8774768e-01   1.2724120e-01  -1.1474300e-01  -3.8822522e-01   6.3471094e-02   1.0819488e-01  -3.9588332e-02   2.1144030e-01   6.3849548e-02  -1.7520222e-01   5.7567150e-01  -1.5355686e-01  -8.9353926e-02   3.2692105e-01   2.4524892e-01   2.4370090e-01  -1.6436233e-01  -1.2466958e-01  -1.8233165e-01   1.4787203e-01  -3.7891772e-02   5.4696135e-02   2.8417720e-01   1.5235412e-01  -1.0481686e-01   1.3282663e-01  -3.7869842e-01  -2.0534979e-01  -1.9576061e-01  -2.6549129e-01  -3.1761708e-02   2.4816481e-01  -2.8483068e-01  -2.3037974e-01  -1.1598190e-02   3.1482716e-01  -1.9155515e-01   3.8388045e-01   3.8989343e-01   2.7875379e-02  -2.0818663e-01   4.7965502e-01  -2.7280176e-01   5.5967822e-02   9.3218342e-04   5.4566083e-01  -1.7379685e-03  -3.8375186e-01  -1.5964605e-01  -2.7506073e-01   4.4856313e-01   3.4578559e-01  -1.0780966e-01  -2.0770458e-01   5.1538259e-02  -2.2205556e-01   5.1269201e-01  -3.9032499e-01  -2.6166317e-01  -1.0927337e-01   2.2083090e-03  -4.7177474e-01   1.8494029e-01   2.4619767e-01   5.1251591e-01   1.9455800e-01   3.4728841e-01   2.3745054e-01  -3.6691095e-01   5.0129933e-01   2.0919405e-01   1.1323965e-02  -2.2339983e-01  -2.3063276e-01  -2.5869885e-01   3.5406407e-01   2.0883559e-02   2.0153658e-01   2.0177352e-01   1.4187781e-01
  -1.0416523e-01   6.7822300e-01   3.1196280e-01  -3.3897804e-01   1.9671658e-01   1.6223353e-01   3.5384795e-01   6.9774209e-02   3.2881789e-01  -5.1501763e-02  -2.5258631e-01   0.0000000e+00  -2.3707860e-01  -2.2822249e-01   2.7761108e-01   7.1358214e-02   3.6039314e-01  -3.4310302e-01  -7.2177962e-02   7.8749385e-02  -2.9340662e-01  -2.3048964e-01  -1.3726570e-01  -2.5884483e-01   2.5138323e-03  -4.2705926e-03   3.1726165e-01  -1.4264021e-01   1.1114238e-01  -2.8870835e-02   2.1319675e-02   8.6386688e-02   6.4648055e-02   4.8653046e-01   6.2469469e-01  -2.4846369e-01   3.1897027e-01  -1.4460022e-01   3.1676674e-02   5.9634086e-01  -1.7191810e-01   1.0900198e-01   2.6464832e-01  -1.2407961e-01   3.9874141e-01  -5.1402384e-02  -2.5650736e-01   3.9456642e-01   2.4993730e-01   3.1687218e-01  -4.2018393e-01  -1.2073531e-01   6.3941510e-01   6.4782044e-02  -9.0128795e-02  -3.9988612e-01  -2.8308036e-01  -1.5027144e-01  -1.2520084e-01   3.9842510e-02   2.4616923e-02   8.8641217e-02   2.3609902e-01   3.6755381e-02   4.0073195e-01  -3.0591441e-01   2.1049062e-01  -1.4053622e-01  -5.4636902e-02  -2.7537984e-01   5.1760442e-01  -2.8184941e-01  -3.6902162e-02   3.8620204e-01  -8.9563516e-03  -2.3078683e-01   2.9625110e-04  -1.6470154e-01   4.9408813e-01  -2.3613762e-01  -1.9908282e-01   1.1952528e-01  -3.2088451e-02  -1.4849081e-01   1.7155865e-01  -5.0223585e-02   2.3801797e-01  -5.6276931e-02   1.5867539e-01  -2.4408033e-01   3.2675521e-01   2.1601323e-02   5.9853098e-01   8.8863696e-02  -2.0593678e-02   2.2862987e-01  -1.5251260e-01   5.1773650e-02  -1.1134723e-01  -2.9906568e-01   2.0094959e-01  -9.7319131e-03  -2.8298854e-01   2.5695547e-01  -4.1237367e-01  -7.2110331e-02   1.1568458e-01   1.0533116e-01   3.4301150e-01   4.0788261e-01  -5.7622106e-02  -5.3101240e-01  -2.2183677e-01  -2.1310745e-01  -6.1811656e-02   3.9721160e-01  -1.0635041e-01   1.3274865e-01  -1.8922330e-01  -2.9710282e-01  -9.7313732e-02   3.2852120e-01   3.3989766e-01   2.1648779e-01  -2.0038198e-01   2.8971485e-01   3.7048910e-02   1.2812144e-01  -1.8459538e-01  -7.0824408e-02   4.8687519e-02   1.8378708e-01  -2.2654389e-01   2.8670221e-01  -8.1788962e-02   6.9696260e-02  -1.1449525e-01   1.0750171e-01  -1.8857972e-01  -1.3744303e-01  -8.1500256e-02  -1.2490765e-01  -6.7737354e-02   2.3700786e-02   1.3208251e-01  -2.0470762e-01   3.8354756e-01  -1.1449545e-01  -1.3733677e-01  -1.7235713e-01   1.5666995e-01   2.8531967e-02  -3.9428038e-02  -7.5530033e-02   5.8374321e-01  -1.9287812e-01  -2.6117341e-02  -6.5644086e-02   5.7479310e-02  -2.2333637e-01   5.4705681e-02  -6.5355255e-03  -4.2024597e-01  -2.4190193e-01  -1.5743644e-01   5.0405144e-01  -2.1560738e-01   6.3804011e-02  -2.0365404e-01   4.1431798e-01   5.8411749e-01  -2.5766324e-01  -1.7256255e-01   2.1145213e-01  -2.0200322e-01   6.6317049e-02  -7.6569584e-02
   4.5833305e-03  -1.9547686e-01  -1.2668244e-01   3.6382500e-01   1.1235844e-01  -3.4186679e-01  -2.8020917e-01  -9.1349730e-02  -3.3145236e-01   1.8493808e-01  -9.4937467e-02  -2.3707860e-01   0.0000000e+00  -4.6598876e-03  -4.1517632e-01   5.8310516e-02  -8.4706108e-02   4.6795599e-01  -1.9182836e-01   2.4095113e-01   3.1084173e-02   6.7792207e-02   4.4490913e-02   1.5919748e-01   3.7502968e-02  -1.7799354e-01  -4.5544844e-01  -1.2089498e-01  -3.9421177e-02   9.7301197e-02  -3.1462360e-01   2.3168024e-01   5.1276195e-02  -4.8242063e-01  -4.6624627e-01   2.8094770e-01   9.9904928e-02   1.6799399e-01   1.3701068e-01  -1.9693273e-01   6.6773042e-01   1.5416838e-01  -1.2423438e-01  -7.3216164e-02  -1.4240402e-01   2.0791764e-01   9.1164721e-02  -2.6207126e-01  -1.6491040e-02   1.7374076e-01   4.5020036e-01   2.2158233e-01  -4.1563612e-01  -9.0466212e-02   2.1064376e-01   2.1428352e-01  -7.9195829e-02  -1.1493205e-01   4.7162345e-01  -1.4495500e-01   1.4509397e-01  -2.2085797e-01  -6.9613839e-02  -2.1510290e-01   5.0910083e-02   1.9619741e-01  -4.1088461e-01   1.3720580e-01  -2.3179233e-01   1.9368223e-01  -2.1201248e-01   1.0234322e-01   4.5045403e-01  -3.6471347e-01   2.0310437e-01  -1.2039603e-01   2.0083151e-01  -1.9817485e-01  -1.6355799e-01   1.0945834e-01  -2.5090962e-01   9.0005568e-02  -1.5483562e-01  -1.2288426e-01  -4.4119095e-02  -6.9599333e-02  -1.2920874e-01   2.5561447e-01   2.7096434e-02   5.0591579e-03  -5.2307523e-02   1.6296885e-01  -2.7547044e-01  -2.5635257e-01   1.6910746e-01   1.5985400e-01   1.6552865e-01  -1.5823741e-01  -7.3102313e-02   3.4209317e-01  -9.4856899e-02  -5.5888525e-03  -1.4564720e-01  -4.2317076e-02   3.8252260e-01   3.1176453e-01  -1.1964013e-01  -3.0165913e-01   4.9673513e-02  -3.6967554e-01  -1.4608391e-01   3.2816268e-01  -2.1830347e-01   5.1431083e-02  -2.0425793e-01  -3.5687744e-02   6.7031062e-02   4.3408983e-01  -1.4831881e-01   2.0375256e-01   4.4430737e-01  -8.8898394e-02   4.9178379e-02   2.1047624e-01   2.2679978e-01  -2.2542580e-01   4.1745455e-01  -1.3372094e-01   9.8431386e-02   3.2862554e-02   5.1360330e-01  -1.0724351e-01  -1.0276412e-01  -4.3623014e-01  -2.9071596e-01  -3.3959303e-01   3.4855012e-01  -3.7571619e-01  -2.7288315e-01   1.0416451e-01   2.9321165e-01   5.1032767e-01  -1.1645875e-01  -3.4176020e-01  -1.0720404e-01   3.1263646e-01  -2.2828658e-01   3.7382368e-02   6.9228814e-03   1.9035317e-01  -1.9597600e-02  -4.0578590e-01   3.7095636e-01  -1.1159235e-01  -3.3538329e-01   2.3928482e-01   2.9488197e-01   4.2215258e-01   1.1650825e-01  -2.1615048e-01   1.1117097e-01  -2.4841602e-01   2.9540976e-01   4.0300231e-02   3.0826291e-02  -2.3560712e-01   1.8437355e-03  -8.2245992e-02   3.0585388e-01  -1.8903853e-01  -3.9893270e-02   4.3878706e-01  -4.3827173e-02  -3.5287662e-01   2.2043831e-01   2.4801419e-01   6.3151586e-02
   5.1270803e-01  -4.2644738e-02   2.2900099e-01   5.3776563e-02  -9.8065597e-03   1.3066493e-01  -2.7276907e-01  -2.1915426e-01  -2.1514564e-01  -3.7194575e-01  -1.9292675e-01  -2.2822249e-01  -4.6598876e-03   0.0000000e+00   9.3293933e-02   8.1532653e-02   1.1141650e-01  -6.7957986e-02  -2.8702782e-01  -1.3999259e-01   1.7983270e-01  -3.4937643e-01   2.1086390e-02   5.5261058e-01  -1.9389760e-02  -2.2970507e-01  -3.7775423e-02   5.0833772e-01  -1.8492552e-01  -9.9884391e-02   2.1704808e-01  -4.6776457e-01   9.4243870e-02  -2.4701402e-01  -3.3423912e-02  -1.1094766e-01  -1.1702364e-01   1.5339133e-01   1.6991272e-01  -1.2422141e-02   7.4103271e-03   1.4216665e-01  -4.0973858e-02  -4.6304554e-03  -1.8303930e-01   1.3622085e-01  -2.7905660e-01  -5.1233483e-02   5.4218227e-02   2.3441596e-02  -1.5840637e-01  -3.4614165e-01  -3.9558558e-02   4.1772700e-01   2.3602599e-01   1.3300276e-02  -1.7016246e-01  -2.9847681e-01  -2.3793646e-01  -3.0122538e-01   1.5235559e-01   9.2268970e-02   4.0989075e-02  -2.2935793e-01  -1.8031741e-01  -4.9570448e-02   6.8677871e-02   1.3212025e-01  -3.5152889e-01   2.9639828e-01   4.0560949e-02  -3.8028519e-01   2.4725452e-01  -6.6857291e-02   2.7851542e-02  -3.2059344e-01   1.6675091e-01  -9.6810235e-02   5.2726504e-02   1.3470883e-03  -9.5315478e-02   2.7515301e-01   2.8333874e-01   2.2848999e-02   6.0694174e-01  -2.5878901e-01   4.2380664e-01   4.1488102e-01   1.3792171e-01   5.5005334e-01   1.1963112e-02   2.7152628e-01  -7.8705090e-03  -2.8290005e-01   2.2947195e-01  -4.7293317e-02  -2.7414720e-01  -2.8175080e-01  -9.8098982e-02  -1.4464391e-01   5.8281906e-01   2.8157946e-02   3.0904728e-01  -2.8535581e-01  -3.3226066e-01  -4.5218394e-01   4.8475860e-01  -4.1715754e-01  -8.6924847e-02   1.1968018e-01   1.1139225e-01  -6.2808745e-02   9.0741577e-03   4.1873176e-01   3.3572932e-01   1.3480036e-01  -1.9787582e-01   8.1034118e-02   4.7403149e-01  -4.2501398e-01   1.4372575e-01  -5.9465986e-02   3.4238766e-03   1.0616555e-01   3.3459670e-01   1.4111939e-01   3.4513811e-02  -2.1390886e-02  -4.4619429e-01   1.6608220e-01   5.1601969e-02  -6.5346217e-03   2.9766197e-01   1.1971479e-01  -3.3847139e-01  -4.3774931e-01  -2.7388170e-01   1.6330232e-01  -3.2371552e-01   1.8379973e-01   3.2776390e-01   7.5894487e-02  -2.2607524e-01   7.7371013e-02   1.7776198e-01   4.7819178e-02  -1.9254782e-01   4.1551337e-02  -1.2680490e-01   3.0403610e-01   6.4708729e-01   9.9609171e-02   3.6477413e-01   4.2707264e-02  -1.2217963e-02   3.2610597e-01   1.4839810e-01  -1.4248916e-01   2.9428263e-01  -1.2702091e-01  -1.9108811e-02  -1.6631198e-01  -3.5993806e-02  -2.6449388e-01  -4.7717575e-01   1.5735989e-01  -4.7905129e-02   5.2184773e-02   4.0371085e-01   2.3264552e-01  -2.4663499e-02   1.1792221e-01  -2.1007568e-01   1.2322522e-01  -9.2127911e-02  -8.2914021e-02  -3.2047551e-01
