   0.0000000e+00  -1.2606560e-03  -2.4443486e-01  -1.9123539e-01  -1.3526439e-01  -3.0027087e-01  -3.9129137e-01   1.5592145e-01   1.1760550e-01  -3.7109242e-01  -1.8474414e-01  -3.5628153e-01  -4.7267935e-03   5.1328986e-01   3.4490318e-01  -3.1925812e-01  -1.5581311e-01  -1.6046912e-01  -5.7452876e-02  -3.3637104e-01  -1.5874778e-01  -1.1771783e-01  -3.5690669e-01   7.6809233e-01   2.4383744e-02   3.3416736e-01  -2.7192494e-01   7.7877831e-01   2.2491963e-01  -2.3475864e-01   3.4034909e-01  -1.4330924e-02  -5.6928696e-02  -4.5263510e-01  -1.1228017e-01  -4.2014789e-01   2.0318235e-01   5.8481387e-01  -2.0210229e-01  -2.7340712e-01   3.3435093e-02  -5.1424214e-02  -6.1364567e-02  -1.2030813e-01  -3.3117121e-01   4.4879070e-01  -2.3375973e-01  -3.8144649e-01  -3.9256931e-03  -1.2566400e-01  -3.6130164e-01   1.5388376e-01  -1.5417930e-01   2.5128481e-02   3.7665193e-01  -1.6857532e-01   1.3446203e-01   1.8311349e-01  -1.7000979e-01  -4.2204064e-01   1.3460495e-01  -2.0980892e-01   2.0614258e-01   2.1782079e-01   8.6139839e-03  -4.2850055e-01  -2.9876347e-01  -1.6946922e-02  -9.0967493e-02  -3.2928043e-02  -8.4824108e-02  -1.5148095e-01  -1.0688280e-01  -1.0747216e-01   1.1852275e-01   1.9247549e-01   4.1132746e-01   1.4577909e-03  -1.8433711e-01  -7.0027826e-02   3.3277593e-01  -3.7420265e-01   6.4997867e-02  -1.9967530e-01  -2.4211252e-01   9.3618824e-02   3.1282841e-01   3.4221622e-01  -2.9198705e-02   8.6665900e-01  -4.0033178e-02   1.2728669e-01  -4.3765909e-01   1.4146054e-01   5.6295719e-01  -2.3854247e-01  -2.2132524e-01  -6.8371465e-02  -2.8137390e-01  -4.6292280e-01   3.0116762e-01  -1.2840385e-01  -1.1825537e-01   2.6467368e-01  -2.6574289e-01   2.3415162e-02   1.3828685e-01  -1.3388438e-01   2.5792155e-02  -3.8770502e-01  -4.9050411e-01  -1.7175373e-01  -4.7384268e-02   8.5428711e-01   1.8986311e-01   4.6458857e-02   1.8348915e-01  -1.0450844e-01   3.8244518e-01  -2.3540570e-01   7.5013967e-01  -3.5677387e-02  -4.0723815e-01   2.0114739e-01   7.8096068e-01  -9.2321016e-02  -1.6542098e-01   1.0049689e-01  -3.0259721e-01  -2.2964894e-01  -1.6690202e-01  -4.5948376e-01  -1.2208242e-02  -7.3834096e-03   1.1279043e-02   2.3540785e-01  -5.4452841e-02   2.4043710e-01   2.2170330e-01   5.4661104e-01   6.2585243e-01   1.1651966e-01  -1.9947710e-01  -2.3312022e-01  -3.1865928e-01   3.4863160e-02  -4.9057945e-01  -5.1080149e-02  -3.8978784e-01  -3.5575104e-02   4.1410492e-01   1.0786096e-01   7.9621998e-01   1.6117090e-01  -4.1919623e-01   7.2391560e-01   7.2581065e-01  -2.9520696e-01   9.2825261e-02  -8.9106157e-02   7.0617408e-02  -5.2721919e-02  -1.2336918e-01  -1.8757007e-01  -1.4039011e-01  -5.0918610e-01  -3.7067423e-01   6.0935341e-01   8.5653708e-01  -1.5283475e-01  -1.9637476e-01   5.4517375e-01  -1.9895490e-01  -2.5516226e-01   2.4581149e-02   4.6055442e-02  -2.2553922e-01
  -1.2606560e-03   0.0000000e+00  -2.7277271e-01  -2.0060546e-01   3.8147027e-01  -6.4651181e-01  -3.6278229e-01   1.2754421e-01   8.8260026e-02  -2.1169602e-02  -5.9347027e-01   4.7224436e-01  -9.6409897e-02   1.9002180e-01  -3.7629316e-01  -4.0003305e-01   1.3484323e-01  -5.1523030e-01  -1.4955954e-01   9.0053743e-03  -3.2803566e-01  -1.2285172e-01   2.2938151e-01   1.9210895e-02   1.7125664e-01   3.0994035e-01   2.3570275e-01  -1.3886652e-01   8.8057116e-02  -2.8410648e-01   1.2044311e-01  -9.7912068e-02  -2.7852910e-01  -2.3420527e-01  -2.5486926e-01  -1.1388965e-01   3.0341583e-01  -2.3520645e-02  -9.1694442e-02   3.5442366e-01   3.6402458e-02  -3.3200707e-01   3.9411730e-02  -4.1369477e-01  -7.9951284e-02  -1.1504145e-01  -4.4811549e-01   8.8540891e-02   3.0042376e-01   4.1798895e-01  -4.6352588e-01  -1.3821208e-01   6.7704431e-01  -1.2928192e-01   3.2142528e-01  -6.3973925e-01  -4.7577922e-01  -2.4138638e-01  -1.7508920e-01  -3.8395395e-01  -1.9424986e-01   1.0527498e-01   3.4778200e-01   5.4196122e-01   4.7035296e-01  -1.1049538e-01  -3.6150085e-01  -1.1907745e-01  -4.4022600e-01  -4.1459339e-01   7.5535961e-01  -5.1631591e-01   2.7984816e-01  -4.7008157e-01  -5.2440478e-02   1.8883391e-01  -1.6240708e-01  -1.7709521e-01   5.4877993e-01   2.2538418e-01  -2.2995833e-01  -1.0815345e-01   3.5102401e-01  -5.2524044e-02   1.6951822e-01  -9.7685568e-02   4.1625733e-01  -2.0142295e-01   6.2431682e-02   9.6526294e-02   6.7927369e-01  -1.8306129e-01  -4.9536014e-01  -1.4312772e-01  -8.8839085e-02   2.7892924e-01  -1.6302384e-01   1.4205128e-01  -4.2675986e-02  -2.9974185e-01   2.1360607e-01  -5.9246098e-01  -1.9100485e-02   3.5259934e-01  -3.7684192e-01   5.1992282e-02  -7.8868371e-02  -1.4929258e-01   1.3074737e-01  -4.7665290e-01  -6.3150400e-02  -3.8675129e-01  -2.8613317e-01  -6.4202953e-03  -1.9404319e-01   6.9732026e-01  -4.9669924e-01   1.1480967e-01  -4.7641474e-01  -1.7684823e-01  -6.4668538e-02   4.8670453e-01   3.5623097e-03   7.1925038e-01   2.3042234e-02  -4.0214429e-02  -4.6728143e-01  -1.2821153e-02  -8.9094078e-02  -1.6107017e-01   2.2185161e-03   1.4286535e-01   6.1840939e-01   5.3725890e-01  -3.8800598e-03   2.5197665e-01  -4.2011210e-02  -2.4319031e-02  -3.4158531e-02   9.5684170e-02   3.8251804e-02   7.6379323e-02  -3.0821864e-01  -5.8916124e-01  -9.8512137e-02   9.8266861e-02   1.7566335e-01   5.6463410e-01  -2.6791438e-01   4.1356728e-01  -4.8730227e-01  -9.5868541e-02  -2.1998252e-01   5.0735996e-01   4.5776452e-01   1.2146215e-01  -1.5223446e-01  -2.0492408e-01  -1.7845480e-01  -2.7533934e-01   1.4246401e-01  -1.3490189e-01   4.5518004e-01  -3.6494224e-01  -1.0898784e-01   6.3846569e-02  -1.4380924e-01   2.1139143e-02   1.5096387e-03   3.0483779e-01   2.6889209e-01  -7.0626621e-02  -3.3609686e-01  -4.1266049e-01   6.5555859e-02  -9.0356340e-02  -5.5648083e-03
  -2.4443486e-01  -2.7277271e-01   0.0000000e+00   1.3423387e-01  -1.6107314e-01   5.0865078e-01   2.3198231e-01   9.7402886e-03  -1.5211707e-01   3.3373295e-01   3.6020650e-01   7.3405385e-02  -9.2575981e-02  -2.8142505e-01  -2.1168105e-01   1.8413625e-01   7.9844896e-01   7.3139316e-02   4.3202779e-02   1.6231473e-01   1.7662483e-01  -1.2856225e-01   9.0380710e-02  -2.5577451e-01  -1.0218527e-01  -9.1804066e-02   1.2739174e-01  -2.9698467e-01  -1.6172951e-01   1.1003736e-01  -1.5600703e-01   1.7434175e-02  -3.0677158e-02   3.3190735e-01  -7.5990134e-02   3.3205030e-01  -2.2319124e-01  -4.1738104e-01  -1.5040931e-01   2.4883838e-01  -5.6905840e-02   9.3436016e-02  -9.0316047e-02   1.6953885e-01  -7.1497736e-02   2.9731651e-01   4.6442713e-01  -3.3036351e-02  -2.4915974e-01   3.4489987e-01   2.4993676e-01   6.1561060e-02  -1.4592055e-01   3.4666654e-01  -8.4970775e-02   4.9731005e-01   2.1654964e-01  -1.9371828e-01   2.0525720e-01   1.8473772e-01   6.2388570e-01  -1.2197727e-01  -3.6536492e-01  -1.1214496e-01  -3.5863710e-01   3.7650802e-01   3.4347296e-01  -1.2857744e-01   1.6934811e-01   6.8703950e-01  -2.3204407e-01   1.2566532e-01  -1.3823186e-01   5.4694359e-01  -1.2299494e-01  -8.1462603e-02   3.1585221e-01   1.9742443e-02  -8.5373707e-02  -1.7224083e-01  -6.7804618e-02  -1.4973000e-01   2.5992741e-02  -9.6235266e-02   4.2878168e-01  -9.7184390e-02  -2.2241913e-01   1.0967064e-01  -9.8830170e-02  -3.8587121e-01  -1.5126324e-01   6.9749052e-01   5.6761393e-01  -1.2905992e-01  -3.4771626e-01   3.7600235e-02  -1.1997050e-01  -2.1105538e-01  -2.1515656e-02   1.3975750e-01   6.1573908e-02   6.9247492e-02  -3.6004144e-03  -1.9054177e-01   9.2170499e-02   3.7348083e-02   3.4390768e-01  -7.0589858e-02  -2.0096998e-01   4.0449128e-01   4.8182761e-01   5.5947455e-02  -1.8591816e-01  -3.5478703e-01   2.2124848e-01  -3.9742637e-01   8.9322607e-02  -8.3428868e-03   2.9555627e-01   1.6088340e-01  -2.2990567e-01   1.1450179e-02   2.1661237e-01  -4.0709590e-01  -3.2540287e-01   4.1448101e-02  -3.1740624e-02  -2.4570372e-01  -6.3869816e-02   7.3930851e-01  -3.2762893e-01   1.3531730e-01   3.5211014e-02  -1.9722680e-01  -1.1474239e-01   2.2593851e-02  -1.2171734e-01   2.8200484e-02  -2.0827430e-01  -3.6402541e-01  -2.9197418e-01  -8.7485206e-02  -5.6986007e-02   6.1968048e-01  -1.0060625e-01  -1.5756147e-01   2.4491772e-01  -2.4794808e-01   3.0431733e-01  -3.1713517e-01   3.5758221e-01  -1.1555565e-01   1.2293099e-02  -3.4083973e-01   4.0647977e-01  -3.4462120e-01  -1.4159803e-01   1.5188201e-01   6.3367847e-01   5.4081922e-02  -2.4729111e-01   2.3080574e-02  -2.2331131e-01   1.0265853e-01   3.2439342e-02   1.3529107e-01   3.3447174e-01  -2.5090238e-01  -1.8046241e-01   2.0403654e-01  -1.0697764e-01  -2.4262173e-01   2.3098955e-02   7.1309158e-01  -1.0309811e-01   8.5082396e-02  -9.1322777e-02
  -1.9123539e-01  -2.0060546e-01   1.3423387e-01   0.0000000e+00   2.4267024e-02   3.8309624e-01   1.8047029e-01   9.1362651e-02   1.3687871e-01  -1.3878007e-01   1.5716545e-01  -1.3798226e-01   1.7843631e-01  -2.3198878e-01   2.0783873e-01   3.6757986e-01   1.2443142e-01   2.3596171e-01   2.7784268e-01   2.3344105e-01  -1.0850175e-02   3.8219283e-01  -1.5698270e-02  -2.2344175e-01  -4.8549973e-02   4.3515687e-04   6.2881253e-02  -7.4594627e-02  -4.5323069e-02   1.0539233e-01   7.8520323e-02   5.6574756e-01   2.4824024e-01   1.5606283e-01  -1.7233444e-01   2.4244028e-01   2.7478987e-02  -1.9073571e-01   3.9629528e-01  -7.3914636e-02   2.9345306e-02   1.4022130e-01   1.0144933e-01   2.2011377e-01  -6.6154560e-02  -9.6764727e-02   4.0468829e-01  -1.0999978e-01  -1.3941460e-01   9.8843873e-02   2.4135017e-01   3.2620342e-01  -2.8397181e-01   1.6388791e-01   2.1858397e-02   1.5847728e-01   1.1905207e-01   5.5351904e-01   2.9818214e-01  -4.1714644e-02   1.5493608e-01   5.2267137e-03  -1.0281504e-03  -2.7264231e-01  -3.1473524e-01  -6.4202486e-02   4.7299682e-01   3.5261631e-01   5.4261196e-01  -2.7767542e-02  -2.8301089e-01   5.0289550e-01  -1.9495143e-01   1.8830947e-01  -6.8166922e-02   3.5447450e-01   1.2491215e-01   1.1662749e-01  -1.0966486e-01   1.1348253e-01   2.0953882e-01   1.1857096e-01  -1.9045407e-03   4.1181657e-01  -1.6348718e-02   1.4859520e-01  -2.8182823e-01   1.2538569e-01   3.4496127e-03  -2.8035929e-01  -1.1464401e-01   1.7503266e-01   1.8492059e-01   1.9811857e-01  -7.5473986e-02   1.2420013e-01   5.1428133e-01   2.5190491e-01   3.4316627e-02   2.8258405e-01  -1.9133749e-01   1.3694757e-01   3.0147609e-01  -1.0918163e-01   4.1771728e-01   6.8466203e-01   1.6503083e-01   4.8275029e-01   1.6296299e-01   1.4317049e-01  -2.2170223e-02   4.1467534e-01   3.9417046e-01  -4.0782928e-01  -1.7853450e-01  -9.7956722e-02   1.0854450e-01  -8.4777128e-02   6.9698471e-02   6.6336772e-01  -2.7252122e-01  -1.4746378e-01  -1.0901835e-01  -3.1842701e-01  -2.1459821e-01  -1.7782702e-01   1.6390008e-01  -3.8987487e-03   5.1273205e-01   1.8719714e-02   5.0846990e-02  -5.4911541e-02  -3.5844817e-02  -1.6034884e-01   4.0868781e-01   5.9091988e-02   3.2601854e-01  -1.0670930e-01   2.8387733e-01  -4.0043987e-01  -3.4583133e-01   5.5717521e-02  -1.7750271e-02   1.6713525e-01   8.6364185e-02  -8.1196041e-03  -1.1119923e-01  -3.0095793e-01  -2.0370253e-02  -1.4582311e-01  -1.6173113e-01   2.4113569e-01  -8.4705203e-02  -3.1448320e-01  -4.3592443e-03  -3.4192301e-01  -2.3742696e-01   2.9300947e-01   2.4558175e-01   5.0603263e-01   6.6174227e-02  -1.1036224e-01  -1.5127853e-01   1.9845075e-01   6.3362983e-01  -4.9992746e-02  -4.9676667e-02  -3.3391256e-01  -1.8884197e-01   6.4599354e-02  -1.8622073e-01  -2.1717249e-01   4.8672157e-02   2.4902604e-01   1.7650516e-01   1.4394135e-01   4.5198192e-01
  -1.3526439e-01   3.8147027e-01  -1.6107314e-01   2.4267024e-02   0.0000000e+00  -2.4455294e-01  -2.7612182e-01   8.9305401e-02  -9.0718516e-02  -2.7729959e-01  -1.1113953e-01   1.6977013e-02  -4.4631102e-02  -1.3387035e-01   1.0590895e-01   5.5249924e-02   1.1233026e-02  -2.2730055e-02  -2.2994612e-01   6.8067329e-01  -3.1399161e-01   1.5806498e-01  -1.9637290e-01   1.6697820e-01   2.0982243e-01   7.4626716e-02   2.6572215e-01  -1.2531902e-01   7.5464018e-03  -9.1714092e-02  -7.6407480e-02   1.7754054e-01   2.1661205e-01  -2.6766630e-01   8.4199940e-02   4.8749522e-01  -1.2730150e-01  -1.2801052e-01   2.1996674e-01   1.8386566e-01   1.6820127e-01   5.7141405e-02  -5.3626762e-02  -1.8820007e-01   2.3773927e-01  -1.3921593e-01  -1.0401093e-02  -2.1199857e-01   5.3427054e-01   4.1718807e-01  -1.2273101e-02  -1.6189437e-01   1.8718715e-01   1.3457690e-01   3.5353175e-02  -3.6702867e-01  -2.8201188e-01   8.1147933e-02   4.4998274e-02  -7.2606970e-02  -9.0487905e-02   4.8998460e-01   1.7982404e-01  -3.6707816e-02   1.3888918e-01  -1.7692029e-01  -6.9075825e-02  -6.6541897e-03  -1.3020896e-01  -2.4940798e-01  -1.4507903e-02  -4.4549201e-02   1.6246354e-01  -2.5968393e-01   3.6973276e-01   2.1933384e-01  -1.2523200e-01   1.8638274e-01   6.8666127e-01   5.9576620e-01  -9.9891100e-02   6.5349933e-02  -5.5386827e-02   2.3784927e-01  -1.2277862e-01   6.5912727e-02  -9.9698676e-02  -9.4502776e-03   3.6904985e-02   3.5641418e-02   4.1716202e-01  -4.8965998e-02  -6.1689883e-02  -5.3263913e-02  -2.7483441e-01   7.7667496e-01   2.8500262e-02  -6.8486068e-02   3.9173680e-01  -2.5059836e-02  -2.0832989e-01  -1.4913323e-01   1.4270649e-01   4.6834646e-02  -1.1433194e-01   1.9495187e-01  -8.7173637e-02  -1.1691031e-01   3.3339131e-01  -8.9986847e-02  -1.2574959e-01   4.7882200e-02  -1.2453246e-01  -3.5430973e-02  -5.6222164e-01   6.3080922e-01  -1.3690267e-01   2.0100759e-01  -4.8146136e-01  -1.3088003e-02   1.0899477e-01   6.3011317e-01   1.8060738e-01   2.9368937e-01   7.8962400e-02   2.9409893e-01   1.2742104e-01   1.0736379e-01   1.6065155e-01  -2.2075073e-01   2.4752308e-01   8.7063563e-02   2.1835356e-01  -7.5421831e-02  -4.3711249e-02   2.2856144e-02   2.7964927e-01  -3.8730296e-01   1.3908909e-01  -4.4524964e-02   1.4222258e-01  -9.2366872e-03   1.9086775e-02  -4.8414797e-01   1.3146886e-01  -8.4320373e-02  -1.8626210e-01   2.2416262e-01  -1.0039037e-01  -1.0034289e-01  -3.1493226e-01   1.2382507e-01  -1.2001947e-01   1.5733161e-01   3.2508194e-01   1.2341525e-01  -1.0414788e-01  -4.1490580e-04  -1.8760542e-02   9.0605902e-02   8.7090055e-02  -1.6581393e-02  -1.1460946e-01  -1.0486895e-01   8.0043058e-02   2.4455476e-01   1.0527463e-02   3.9203766e-02  -7.0079604e-02   4.5568190e-01   5.5398865e-01  -1.3947557e-02   1.0099874e-01  -3.0392561e-01   1.0968739e-01   1.0633033e-02   9.1251049e-02
  -3.0027087e-01  -6.4651181e-01   5.0865078e-01   3.8309624e-01  -2.4455294e-01   0.0000000e+00   6.7871734e-01   1.8123106e-02  -2.2155412e-01   3.9554687e-01   5.1422977e-01   2.9430145e-02   3.2945339e-03  -4.2457182e-01   1.1200568e-01   4.4461842e-01   1.4015826e-01   4.4017968e-01   2.2479429e-01   2.1073588e-01   6.2093586e-02   2.1890699e-01   9.7869448e-02  -3.3316185e-01  -2.9126227e-01  -2.5774027e-01   2.6831220e-01  -1.3513870e-01  -1.2071013e-01   3.4159649e-01  -2.6569622e-01   2.8654346e-01   1.5285364e-01   6.4230025e-01  -8.5625886e-04   3.1952477e-01  -2.6862767e-01  -2.7954544e-01   8.0433699e-02  -1.6523932e-02  -1.3761659e-01   2.4173792e-01   1.9135445e-01   3.6239843e-01   3.2299612e-01  -4.7537204e-02   5.5528070e-01   1.3139326e-01  -2.9093626e-01  -2.0366015e-01   6.9587940e-01   2.7417505e-01  -4.8023789e-01   8.3633130e-02  -5.1387297e-01   6.4067521e-01   4.7349537e-01   6.8103384e-02   1.4669954e-01   5.3221710e-01   1.5808249e-01   1.4495063e-01  -4.3806715e-01  -4.6125914e-01  -5.5893714e-01   3.5550235e-01   7.9380346e-01   6.5582590e-02   5.7084773e-01   5.1582238e-01  -4.4980773e-01   5.5937675e-01  -3.2384268e-01   5.0621079e-01  -1.1730127e-01   2.0999947e-02  -5.1513375e-02   1.8782882e-01  -2.9736269e-01  -2.8183738e-01   1.4249423e-01   5.9086676e-02  -3.7739817e-01   2.3088310e-01   1.4229149e-01   1.8002969e-01  -4.9959312e-01   6.8969046e-02  -1.0439844e-01  -4.1364848e-01  -5.9272756e-01   1.7685905e-01   7.5874175e-01  -1.2931172e-01  -2.6645914e-01  -9.6597288e-02   1.6250940e-01   3.2990937e-02   8.6186972e-02   6.5659210e-01  -3.8883170e-01   4.5200620e-01   1.1635738e-01  -4.1644730e-01   5.4296638e-01   7.1288256e-02   4.3971491e-02   4.1415438e-01  -1.2216624e-01   4.5531556e-01   2.9926801e-01   6.2385438e-01   2.0174318e-01  -3.3532639e-01   1.5941581e-01  -6.6881506e-01   4.9120209e-01  -5.1319485e-02   1.7483972e-01   4.1308125e-01  -2.7612219e-01  -3.5050455e-01   1.9605391e-01  -7.5226721e-01  -3.4874948e-01   1.6151731e-01   4.4614844e-01  -1.0292095e-01   2.7141335e-01   4.2177677e-01  -2.0718332e-02   6.9364249e-02  -4.6103828e-01  -4.7891801e-01  -2.8602875e-02  -7.7703329e-02   7.4476966e-03  -1.1391662e-01   1.7675910e-01  -3.1419258e-01  -2.9186004e-01  -1.7917645e-01   3.2010184e-01   6.0883934e-01   3.4900910e-01  -1.6549316e-01   2.6253995e-01  -6.2982651e-01   5.7659733e-01  -4.8233821e-01   3.4916762e-01   2.1752020e-02  -1.2220460e-01  -5.7765262e-01   1.7301102e-02  -3.8538524e-01  -2.0724669e-01   3.0773603e-01   2.3562743e-01   4.8015543e-01  -4.6104789e-02   1.9316995e-01  -3.2641548e-01   3.2049571e-01   3.8878155e-01   2.9552116e-01   1.8399583e-01  -2.4279928e-01  -2.8913227e-01  -2.7063365e-01  -1.5376749e-01  -2.7355699e-01   2.3414849e-01   6.6035837e-01  -6.5333780e-02   9.0960768e-02   1.0359427e-01
  -3.9129137e-01  -3.6278229e-01   2.3198231e-01   1.8047029e-01  -2.7612182e-01   6.7871734e-01   0.0000000e+00  -1.2885067e-01  -2.4652022e-01   5.5070499e-01   2.8837464e-01   4.8820561e-01   9.6515230e-02  -2.7786568e-01  -6.9576069e-03   3.8050521e-01  -1.7687091e-01   3.1465689e-01   1.6873311e-02   1.9049999e-01   8.8129160e-02   6.2314555e-02   4.1155025e-01  -4.2079825e-01  -3.7706626e-01  -3.2587480e-01   1.9575355e-01  -2.8168910e-01  -2.9520275e-01   2.3471604e-01  -3.0705475e-01   1.2785070e-02  -5.4427720e-02   7.8410415e-01  -2.5945022e-02   3.6004701e-01  -1.3052968e-01  -1.7276015e-01   9.2949417e-02   1.2250978e-01  -1.0851791e-01   7.6607542e-02   3.2137699e-01   1.7158525e-01   5.9030582e-01  -2.4552378e-01   2.4479229e-01   5.0331338e-01  -2.7081275e-01  -4.0470235e-01   7.1234753e-01   2.2139448e-02  -1.6706496e-01  -1.4374588e-01  -4.5536059e-01   5.4407904e-01   1.5678680e-01  -7.9412095e-02  -4.1989944e-02   6.8162045e-01  -1.5029012e-01   2.0872019e-01  -4.6681776e-01  -3.2852933e-01  -3.2374609e-01   5.4725033e-01   4.1974818e-01   3.7120670e-02   2.3075818e-01   3.3230449e-01  -1.4629621e-02   2.6496147e-01  -1.4506006e-01   2.3589418e-01  -2.1255864e-01  -3.1243542e-02  -2.8727776e-01  -2.8732722e-02  -2.6236138e-01  -4.4651552e-01   1.8104820e-01   1.9412027e-01  -2.7387903e-01   1.6531180e-01  -2.8133307e-02   1.1222066e-01  -1.4203385e-01  -3.9801448e-02   2.4642658e-02  -4.7558571e-01  -5.7805451e-01  -2.0242589e-01   6.2813860e-01  -2.9526874e-02  -3.0849901e-01  -1.3808354e-01   2.8154480e-01   7.3706404e-02   1.3733804e-02   7.7208039e-01  -3.6814948e-01   5.8503397e-01   1.0429030e-01  -2.9701394e-01   3.9591477e-01  -3.2994326e-02  -2.2957336e-01   2.9277323e-01  -1.1069571e-01   2.8026700e-01   3.8546604e-01   4.1096127e-01   9.9435947e-02  -4.1689688e-01   3.3744926e-01  -5.7933870e-01   1.9418860e-01  -3.9415527e-03  -7.8980866e-02   2.0848170e-01  -3.5654288e-01  -4.7953196e-01   2.5956224e-01  -5.3003986e-01  -4.0864494e-01   9.9756382e-02   4.0042255e-01   4.5405104e-03   2.0684224e-01   3.4000588e-01   8.8974994e-02   3.1317753e-01  -5.0275551e-01  -1.8201816e-01  -3.3007015e-02  -2.1876061e-01  -1.5589764e-01  -5.6427556e-02  -7.9814843e-02  -1.8005845e-01  -2.6614424e-01  -9.4054320e-02   1.9606929e-01   4.4198334e-01   5.8835616e-01  -5.5741051e-04   6.1838743e-01  -4.4623842e-01   7.2131935e-01  -1.5241310e-01  -1.1052104e-02  -3.1238324e-04  -3.4060041e-01  -4.7461511e-01   7.5160469e-02  -2.6562690e-01  -3.3928855e-01   1.6905248e-01  -1.9107307e-01   3.4124609e-01  -2.9225608e-02   1.4004226e-01   4.8295892e-02   1.5321910e-01   2.2675394e-01   4.6642161e-01   2.7435839e-01  -3.5252763e-01  -3.9315498e-01  -4.1623501e-01  -1.6113108e-01  -3.1832804e-01   1.5127070e-01   2.5979397e-01  -8.3509488e-02  -1.4078210e-01   1.2093649e-01
   1.5592145e-01   1.2754421e-01   9.7402886e-03   9.1362651e-02   8.9305401e-02   1.8123106e-02  -1.2885067e-01   0.0000000e+00   2.8554709e-01  -7.5634598e-02  -2.5950393e-02   1.6758242e-03  -2.5785428e-01   4.7852711e-03  -8.5438826e-02  -1.8518539e-02   1.4819824e-01  -1.0968953e-01   3.4208320e-01   7.9620208e-02  -6.8045665e-02   1.1318182e-01  -1.0314818e-01   1.3442764e-01  -8.0623787e-03   6.7057417e-01   2.0095583e-01   2.7675251e-02   2.6162128e-01  -8.8604039e-02  -5.9106005e-03   3.4579295e-01   1.1251218e-01  -7.5629197e-02  -4.6147638e-02   3.0485699e-02  -7.4030216e-02   1.5165670e-01  -2.5992479e-02   1.7847924e-02  -1.7581001e-01   1.2266219e-01   3.5939810e-01  -2.5306242e-02  -3.3794424e-03   2.1857561e-01   6.2211361e-03  -1.9067921e-02  -5.1236327e-02   2.3843169e-02  -1.0204401e-01   5.6646548e-01  -3.8577026e-02   4.8750527e-02   6.3965737e-02  -1.2326142e-01   1.7970645e-01  -3.6328155e-02  -9.1590579e-02  -8.9784657e-02   1.3033763e-01   8.7199521e-02   2.3860920e-01   2.3884261e-01  -3.8231850e-02  -1.1761128e-01   1.8815802e-01  -1.8559894e-01   2.0029324e-01  -1.2965992e-01   1.0118919e-01   5.9579278e-02  -1.2127538e-01  -2.4333709e-01   1.5286812e-01   2.3761412e-01   2.3268144e-01  -8.1412067e-03   1.1450255e-01   1.4042456e-01  -8.3906800e-02  -2.1581033e-01   1.3043689e-01   4.4837514e-01   3.1985242e-02   3.6124417e-01   1.4050373e-01   3.1659734e-02  -1.6951419e-01   1.2966908e-01   6.3819547e-02   1.5615747e-01  -9.4104952e-02   9.3036792e-02   8.0028951e-02   6.9919647e-02  -1.1763029e-01   5.3145267e-01   5.3008595e-02  -8.5814948e-02  -6.5320625e-03  -2.0719968e-01   3.0937368e-01   2.5565745e-01   3.6811943e-02   2.8218333e-01   8.0677311e-02   4.4717243e-01   1.6893969e-01  -2.7828490e-01   1.1505417e-02  -2.4733687e-02   1.3022215e-01   1.1937405e-01  -2.2607104e-01   1.5566793e-01  -1.6730914e-01  -4.2937363e-02  -9.2002226e-02   8.1990582e-02   2.5785567e-01   6.8820604e-02   4.1066966e-02   2.0335478e-01   2.1747948e-01   1.4173503e-02   2.2851219e-02   4.6305699e-02   3.3246128e-01  -1.2449998e-01  -1.3420660e-01  -3.1784159e-01   8.3167978e-02  -5.0298291e-02   2.1782018e-01   5.9006839e-01   1.9347452e-01  -2.9937250e-02   4.6909917e-01   4.6586664e-02   8.4155645e-02  -5.1125794e-02  -1.4285623e-01  -2.9374964e-01  -2.2768188e-02   2.0357986e-01  -1.0255728e-01  -1.3816428e-01  -1.3850418e-01  -1.0459705e-01  -1.2674572e-01   2.8644099e-01   1.4912666e-01   1.0427954e-01   2.9192806e-02   1.5046380e-01   1.8957639e-01  -2.0569752e-01   1.8812573e-01  -2.4330588e-02   1.6854398e-01   1.6294390e-01  -2.1877845e-01   7.4243451e-02   9.1698417e-02  -6.0192920e-02  -2.0525913e-01   2.0179589e-01   2.8965486e-01  -3.4750601e-02  -9.0894177e-04   1.2274381e-01  -1.6048120e-02  -3.7038026e-02   9.0882824e-02   9.3149857e-02   6.3955024e-02
   1.1760550e-01   8.8260026e-02  -1.5211707e-01   1.3687871e-01  -9.0718516e-02  -2.2155412e-01  -2.4652022e-01   2.8554709e-01   0.0000000e+00  -2.7683032e-01   4.9927895e-03  -1.6226066e-01   8.7106941e-02  -2.7275422e-03   3.6340555e-02  -3.1190270e-01   3.1537402e-02   2.8308148e-03   9.4567320e-02  -1.7819619e-01   1.6818192e-01   8.1330784e-02  -1.8053451e-01   4.0754296e-02   2.1792128e-02   3.9232407e-01  -1.7541153e-01  -2.4147089e-02   6.5020833e-02  -7.7207572e-03   1.2277437e-01   1.4277059e-01  -1.3300342e-01  -3.0298114e-01   1.3318958e-01  -1.3813690e-01   6.8191489e-02   1.7925719e-01  -4.4047775e-02  -2.8006131e-01   1.2386807e-01  -1.0437671e-01   3.2417243e-01  -1.0760902e-01  -1.6374833e-01   1.6337504e-01  -9.0856979e-02  -1.6711836e-01   5.1409539e-02  -1.3211412e-01  -1.9927885e-01   1.0378176e-01  -7.0333740e-02  -1.2640330e-02   2.5961378e-01  -2.9223758e-01   5.5360696e-02   2.0699384e-01  -7.3210748e-02  -2.4302259e-01   1.6851957e-01  -6.2871010e-02   6.3363895e-01   2.6432620e-01   2.5862203e-01  -2.7070448e-01  -8.4235848e-02   1.0679892e-01   2.5667179e-02  -2.8268614e-01   3.8453717e-04   5.8961491e-03   6.5762556e-02  -2.5624963e-01   2.0164427e-01  -5.6360702e-02   2.7592557e-01  -1.2217339e-02  -3.0548172e-02   3.0219985e-02  -2.2563540e-01  -1.1661582e-01   4.3279687e-02   7.1564004e-02  -2.4943492e-01  -2.7757651e-02   3.1240176e-01  -1.1714631e-01   2.1834094e-01   1.1584264e-01   9.7164708e-02   1.4942794e-01  -2.9926512e-01   4.1422524e-01   2.0966161e-01  -1.5912054e-01  -3.6974766e-02   3.3161483e-01   1.0531560e-02  -9.1920041e-02   3.2822255e-03  -3.2001482e-01   8.4285553e-02   6.6581918e-01  -3.0106178e-03   2.0083779e-01  -3.0172280e-02   2.3852132e-01   1.5545411e-01  -1.5810558e-01  -1.8758596e-01  -1.7837228e-01   2.3278255e-01   8.4452385e-02  -2.9525726e-01   1.5062560e-01  -3.2618269e-01   5.6004643e-02  -1.2600366e-01   1.9056894e-02   1.6794012e-01  -8.5751417e-02  -1.0307466e-01   3.1993552e-01   1.3200455e-01  -2.4690654e-01  -1.8545766e-02   3.3322907e-02   2.6606156e-01  -3.7416982e-01  -1.2392461e-01  -2.0188244e-01   1.0142001e-01   1.1579857e-01   3.8655898e-01   2.3449013e-01   7.3653480e-02  -9.7234138e-02   4.4052029e-02   1.6012636e-02   8.1945349e-02   1.1354819e-01  -1.9361710e-01  -3.5722524e-01  -1.6127015e-01   2.0754306e-01  -2.4544075e-01   2.3091754e-01  -3.1363489e-01   1.7736561e-01  -2.2490358e-01   1.3464767e-02   1.2520316e-01   3.2603881e-01  -2.7848021e-01   8.9158547e-02   1.4152509e-01  -1.4122467e-01   1.3261098e-01  -2.8042354e-01   1.3466379e-01  -3.4457766e-02  -3.3488072e-02   9.6789192e-02  -3.1783499e-02  -3.1381361e-01  -2.3436192e-01   9.6201706e-02   1.4761277e-01   2.7746893e-02  -6.9987255e-02   2.5636850e-01   9.1931326e-02  -2.0751544e-01   8.3877834e-02  -1.5300374e-01   2.4137578e-01
  -3.7109242e-01  -2.1169602e-02   3.3373295e-01  -1.3878007e-01  -2.7729959e-01   3.9554687e-01   5.5070499e-01  -7.5634598e-02  -2.7683032e-01   0.0000000e+00  -4.9535288e-02   6.4534268e-01   3.1184717e-02  -2.3734274e-01  -2.6819588e-01   5.9271298e-02   9.1743848e-02  -9.4101473e-02   1.6369936e-02   7.7650130e-03   3.1728980e-02  -1.9426857e-01   5.4222639e-01  -3.4096279e-01  -1.5688532e-01  -2.1192049e-01   2.4727815e-01  -2.4333831e-01  -1.7200834e-01  -8.3786791e-02  -2.5715833e-01  -2.3676310e-01  -3.4470774e-01   6.0790618e-01  -1.7706571e-01   1.0669506e-01   1.4837932e-02  -1.6579320e-01  -2.4688638e-01   4.8958976e-01  -2.6888670e-01  -1.6390224e-01   3.6343929e-01  -1.6655607e-01   3.4544559e-01  -3.2141320e-01  -1.0242819e-01   3.1781046e-01  -2.5553234e-01  -6.5562655e-02   3.2761173e-01  -5.3902642e-02   7.2533216e-02  -1.6970478e-01  -3.1837406e-01   4.2199751e-01   3.0840312e-03  -3.5981661e-01  -2.3859996e-01   4.9056245e-01  -2.5015055e-01   1.4261587e-01  -3.6945674e-01  -1.0231312e-01  -2.1183273e-01   7.3918160e-01   3.2583800e-01  -1.0295839e-01  -1.2452282e-01   3.1624914e-01   2.5581853e-01  -1.3456122e-01  -9.4586146e-02   7.9840654e-02  -1.9471581e-01  -1.1082562e-01  -3.8986427e-01  -1.6802852e-01  -8.0308938e-02  -2.9515879e-01  -1.4182170e-01  -3.0266087e-02  -1.1567532e-01  -1.4089685e-01   3.4874451e-01  -5.9929858e-02  -1.3148926e-01  -2.3764479e-01   1.3408327e-01  -3.3554516e-01  -6.6770537e-02  -2.3627071e-01   4.2641759e-01  -2.4239504e-01  -3.3315840e-01  -1.2197455e-01  -8.0795641e-02   2.4203542e-02  -1.4047538e-01   4.2481182e-01  -1.7504480e-01  -1.0391125e-02  -1.8628570e-01  -2.8431299e-01   8.0544437e-02  -1.5239251e-01  -3.5368371e-02   9.4963213e-02  -3.7068034e-02   4.5498122e-02   5.6263031e-01  -2.1292008e-02  -1.8856657e-01  -2.9991011e-01   3.8760807e-01  -3.3846588e-01   1.3207471e-01   5.1716628e-02  -1.8098378e-01  -6.6555684e-02  -2.9712011e-01  -1.3061740e-01   5.3709363e-01  -3.2314215e-01  -2.9466436e-01   7.9758909e-02  -5.8718715e-03  -1.4169605e-02   2.8011826e-02   3.8574133e-01  -1.3911777e-01   2.6745673e-01  -2.0687789e-01   1.4791457e-02  -1.4149308e-01  -9.4817775e-02  -1.6612093e-01  -4.0584510e-02  -1.7254036e-01  -4.1120467e-03  -1.0897337e-01  -5.9573589e-02   8.6683806e-02   2.9941847e-01   3.0314178e-01  -1.7938942e-01   7.9122396e-01  -1.7073875e-01   6.0956964e-01   1.9206426e-02   1.7306924e-01  -2.3925639e-01  -3.5159745e-01  -3.1511647e-01   3.9327612e-01  -1.5952106e-01  -3.0220748e-01  -1.0813300e-01  -1.9496522e-01  -1.5739562e-01   4.3569295e-02   6.7228087e-02   3.1824102e-01  -8.7784393e-02  -1.0535453e-01   4.9221663e-01   2.7911839e-01  -2.0041103e-01  -2.7333883e-01  -1.6552666e-01  -5.5602610e-03  -2.4703860e-01  -1.7064491e-01   3.8654950e-01  -1.0455024e-02  -1.5748998e-01  -1.2046608e-01
  -1.8474414e-01  -5.9347027e-01   3.6020650e-01   1.5716545e-01  -1.1113953e-01   5.1422977e-01   2.8837464e-01  -2.5950393e-02   4.9927895e-03  -4.9535288e-02   0.0000000e+00  -3.3645644e-01  -4.3045419e-02  -8.8804525e-02  -4.7996770e-02   3.9067227e-01   8.4144588e-02   6.0065884e-01   1.3915825e-01   1.3713311e-01   4.8355456e-01   1.2442105e-01  -3.0663150e-01  -7.6488166e-02  -1.6537961e-01  -2.2590140e-01  -1.8362756e-01  -7.1934614e-02  -7.4214218e-03   4.9754873e-01  -1.6458103e-01   1.8727424e-01   3.0424672e-01   1.7716607e-01   1.7176616e-01   4.2252057e-01  -4.0174378e-01  -1.3964632e-01   2.0309492e-01  -3.6676794e-01   7.8506481e-03   3.2754803e-01  -6.2159939e-02   3.5565743e-01   1.8088676e-01   3.3436024e-01   7.2591041e-01   4.1341688e-02  -8.5787082e-02  -2.9033496e-01   5.7047183e-01   1.2789062e-01  -2.4098923e-01  -2.4392216e-03  -3.6552819e-01   4.1568055e-01   3.7878180e-01   1.2515424e-01   1.5781711e-01   3.7522342e-01   3.4747755e-01  -1.9683661e-02  -2.5633997e-01  -1.8507859e-01  -1.3639999e-01   1.8430983e-02   2.6962426e-01   3.4575012e-02   5.0390086e-01   5.0956720e-01  -4.7200324e-01   5.2674175e-01  -1.7598729e-01   1.4631524e-01   5.7889698e-02  -1.4184928e-01   3.1118030e-01   1.2813052e-02  -2.6459188e-01  -8.5741986e-02  -5.7642034e-02  -7.0639022e-02  -2.3124803e-01  -1.1902558e-02  -2.9653979e-01   8.0012405e-02  -1.6840204e-01  -9.2969020e-02  -2.8840421e-02  -1.7371391e-01  -6.9010579e-01   2.9488958e-01   4.9541861e-01   2.7775496e-02  -1.8306019e-03  -2.2877339e-01  -1.1898516e-01  -7.4447361e-02   2.4377989e-01   2.3203914e-01  -2.4497331e-01   4.1909717e-01   3.9001845e-02  -1.2796304e-01   4.9555709e-01  -8.6016296e-02  -1.9931959e-01   6.9764958e-02  -3.3706037e-01   6.5151947e-01  -1.4530487e-03   3.5939052e-01   1.2759237e-01  -6.2327795e-02  -8.4587809e-02  -4.7266138e-01   2.4545610e-01  -6.9005261e-02   2.6093040e-01   1.5711581e-01   4.6718008e-02  -4.1477028e-01  -9.9013818e-02  -3.8971406e-01  -4.8940619e-02  -2.7820622e-02   3.8157370e-01  -4.8032600e-02   2.0255399e-01   3.5709112e-01   5.8822504e-02   1.7226340e-01  -4.8074670e-01  -3.5081988e-01  -7.1497157e-02  -1.8075113e-01   7.8123909e-02   7.3719854e-02  -1.5004156e-03  -1.7008725e-01  -9.0678108e-02  -1.0792544e-01   4.8302654e-01   4.6826956e-01  -5.4450196e-02   1.5442022e-01  -1.8067754e-01  -1.3222200e-01   3.3660223e-01  -3.2347161e-01   1.6203545e-01  -4.0456441e-02   1.2191309e-01  -1.6294609e-01  -1.6194303e-01  -1.0363543e-01   1.1065821e-01   2.4878838e-01   1.9784205e-01   1.5310914e-01  -8.0064070e-02   4.5127607e-01  -3.7482942e-01   5.3548406e-01   1.0024776e-01  -6.2342965e-02   4.4847963e-02   2.6097855e-02  -1.4064429e-01  -2.2269175e-01  -2.5714317e-01   5.1063549e-02   5.9598025e-01   2.9157621e-01  -2.7941272e-01   5.2846512e-02   8.0057782e-02
  -3.5628153e-01   4.7224436e-01   7.3405385e-02  -1.3798226e-01   1.6977013e-02   2.9430145e-02   4.8820561e-01   1.6758242e-03  -1.6226066e-01   6.4534268e-01  -3.3645644e-01   0.0000000e+00   4.5733084e-02  -1.5181601e-01  -4.1256099e-01  -1.2903437e-02   6.6127158e-02  -3.2343209e-01  -5.0228018e-02   1.8320198e-01  -1.4717815e-01  -2.1215270e-01   6.9293026e-01  -3.4060670e-01  -1.7513171e-01  -3.2566105e-03   4.1267501e-01  -3.6594956e-01  -1.2525508e-01  -2.6470584e-01  -2.4390728e-01  -3.0312479e-01  -3.0678208e-01   5.1624980e-01  -2.8454278e-01   2.0766443e-01   9.0652839e-02  -1.5559612e-01  -1.1703402e-01   6.0409997e-01  -2.1120104e-01  -2.0329033e-01   4.2371234e-01  -3.3551795e-01   4.3372878e-01  -3.3696277e-01  -3.3070500e-01   4.2491250e-01  -6.2087180e-02   1.5494863e-01   1.0916082e-01  -1.6247345e-01   3.9490526e-01  -1.4239837e-01  -1.2266002e-01   3.9018663e-02  -2.8183651e-01  -4.2150757e-01  -3.1692384e-01   2.6240587e-01  -2.9517455e-01   2.5861109e-01  -1.7225849e-01   1.2249348e-01  -3.2582690e-02   6.4272079e-01   9.4613668e-02  -1.6863208e-01  -2.8613408e-01   3.5058712e-02   6.5497261e-01  -4.0353357e-01   8.7055657e-02  -2.0220485e-01  -1.7815298e-01   1.1148866e-01  -3.8445168e-01  -1.4341617e-01   2.2592405e-01  -2.3281484e-01  -1.8011626e-01   8.5020576e-02   9.3228466e-02  -2.5314383e-02   1.9542976e-01  -1.8619280e-02   1.5402185e-01  -3.0124237e-01   2.6328868e-02  -3.0724501e-01   1.6628061e-01  -2.7144153e-01   2.1827981e-01  -1.7542444e-01  -4.1681465e-01   1.9727227e-01   5.1280017e-02   2.4867548e-01  -1.1692230e-01   3.4423968e-01  -1.0929096e-01  -1.5294983e-01  -7.0565577e-02   2.3713872e-02  -1.8689343e-01  -4.9049323e-02  -1.8040854e-01   1.2528455e-01   8.1703462e-02  -2.3635519e-01   4.9631940e-01  -1.8131827e-01  -3.0416712e-01  -3.4210908e-01   2.4428638e-01   6.5608521e-02  -1.9292444e-01   1.3347121e-01  -4.6648582e-01  -1.0183881e-01  -2.7794753e-01   9.6669065e-02   3.6498250e-01   6.2903079e-02  -2.6413001e-01   1.3356812e-01  -2.0344676e-01  -4.5702813e-02  -2.3649771e-02   2.0703213e-01   4.0641909e-03   4.6424259e-01   2.0954093e-02   2.7725579e-01   1.7996163e-02   1.0539030e-01  -1.7533371e-01  -9.4596194e-02  -1.3701453e-01  -1.6843628e-02  -1.0639920e-01  -1.3483165e-02  -1.5240046e-01  -9.2496962e-02   4.0063615e-01  -8.1528567e-02   8.5829865e-01   7.0515926e-02   4.7444031e-01   2.4256358e-01  -2.6736316e-01  -1.8776141e-01  -4.5867649e-01  -5.3650048e-03   5.3944364e-01  -1.0257976e-01  -3.7110396e-01  -1.8111884e-01  -2.1960900e-01  -1.8220437e-01   7.4051064e-02  -3.8956595e-02   4.6252763e-01  -3.7646154e-01  -1.2180940e-02   6.3731728e-01   3.1097517e-01  -2.2753928e-01  -2.7766375e-01   3.1828160e-03   1.8899031e-01  -2.8360571e-01  -3.3367726e-01  -5.1433617e-02   6.3250363e-02  -2.1540386e-01  -4.4433235e-02
  -4.7267935e-03  -9.6409897e-02  -9.2575981e-02   1.7843631e-01  -4.4631102e-02   3.2945339e-03   9.6515230e-02  -2.5785428e-01   8.7106941e-02   3.1184717e-02  -4.3045419e-02   4.5733084e-02   0.0000000e+00   7.1181842e-03   5.2931763e-02   1.5030720e-01  -2.7143016e-02   1.7878415e-02  -3.6821342e-02   4.8414637e-02   1.0288122e-01   6.0527024e-02   4.3358071e-02  -2.8636952e-02   1.3529189e-01  -9.4496182e-02  -2.3187027e-01  -3.7464090e-02  -6.2424692e-02  -1.1443011e-01  -9.1250106e-02  -7.9997148e-02  -1.2276359e-01   8.5258292e-03  -1.7034352e-01   2.3350547e-02   2.3086652e-01   1.4693156e-01   4.4149898e-02  -1.4589495e-03   6.0698852e-01  -2.4903009e-02   3.7400372e-02  -6.9631992e-02  -1.4371879e-01  -1.1986009e-01  -1.6761152e-01  -1.4557622e-01  -6.3247883e-02   3.8685739e-02   7.1212293e-02  -2.5944765e-02  -2.6753171e-01  -1.8898536e-02   6.2400696e-02   1.2410193e-01  -8.5690389e-02   3.4393496e-01   1.2257365e-01  -5.3312199e-02  -1.1185841e-01  -1.7698675e-02  -1.8984678e-01  -3.0557867e-01  -2.9663555e-01   1.5245912e-01   8.3787870e-02   3.3366936e-02  -2.0808192e-01  -3.0325618e-02  -6.2140967e-02  -7.7874945e-02   3.1827069e-01  -4.3187244e-02   7.0603956e-02   2.4779394e-02  -1.3392152e-01  -6.4329853e-02  -1.3527236e-01   4.5858471e-02  -3.0177936e-02   3.6400298e-01  -2.0582435e-02  -6.3334727e-02   2.7549056e-02   1.3221748e-01  -1.1327146e-01  -1.0588449e-01   1.4092746e-02   1.6911040e-02   1.0611623e-01  -9.0872914e-02   6.3561583e-02   2.8883461e-01  -3.6979211e-02   1.1500133e-01   2.3993626e-01   6.7691353e-03  -1.1761114e-01   1.5889952e-01  -1.8094808e-02   4.2006376e-02   3.0434613e-03  -1.3900839e-01   5.7988860e-04   1.6025537e-01  -6.8327732e-02  -5.1225696e-02   7.3716487e-02  -1.0804525e-02   9.7838301e-03  -4.7135101e-02  -4.8227243e-02  -1.0917933e-01  -5.1040763e-02  -8.8604062e-02  -1.9205359e-02   5.5431720e-01  -1.0208722e-01   7.1683654e-02   7.5510906e-03  -1.6992543e-02  -1.0907767e-01  -1.7415155e-01   9.8076258e-02  -1.8070179e-01  -4.5083108e-02   1.1281352e-01   1.0847123e-01  -1.2395629e-01   4.9128723e-01  -8.5400316e-02  -6.8899121e-02  -8.9916812e-02   1.8575285e-01  -1.2290994e-01   3.4435843e-02  -1.4583320e-01   2.8330871e-03   1.3168512e-01   5.2804265e-02   8.2034159e-01  -7.4433117e-02  -3.9844846e-03  -2.3112416e-02   2.7622996e-02  -1.1319526e-02  -8.3830935e-02   2.2462508e-02  -1.5189992e-02   3.5756027e-02  -8.5038415e-02  -2.7555276e-03  -7.6358516e-02  -1.4771269e-01   4.8545976e-02  -1.0319362e-01   2.6885552e-01   7.9198550e-02  -1.9189436e-02  -8.8973385e-02  -1.0963419e-01   1.2174977e-02  -1.1895156e-01   5.9762777e-02   8.9175954e-02   1.5352848e-02  -2.3067129e-01  -1.0570798e-02   1.7274840e-01  -7.8117021e-02  -4.5348420e-02  -3.1399090e-01   1.9856441e-03  -1.0028598e-01  -2.0695786e-01   1.6528700e-01
   5.1328986e-01   1.9002180e-01  -2.8142505e-01  -2.3198878e-01  -1.3387035e-01  -4.2457182e-01  -2.7786568e-01   4.7852711e-03  -2.7275422e-03  -2.3734274e-01  -8.8804525e-02  -1.5181601e-01   7.1181842e-03   0.0000000e+00   9.0082273e-03  -2.6174705e-01  -1.5861501e-01   3.9914628e-02  -8.1663032e-02  -3.8483001e-01  -6.9046886e-03   1.0045335e-01  -3.3536737e-01   3.5928647e-01   1.4144330e-01   1.5519632e-01  -1.5696288e-01   2.1158762e-01   1.1454796e-01   1.5014424e-01   4.5010703e-01  -9.9538717e-02  -1.8389986e-01  -3.2668933e-01   2.4187625e-02  -4.0923143e-01   1.1478044e-01   2.5195260e-01  -9.3293134e-02  -1.7080677e-01   2.3868323e-01  -2.9872256e-01  -6.5394134e-02  -8.0938827e-02  -2.4892060e-01   2.9874493e-01  -1.9411403e-01  -4.8240576e-02   1.0820046e-01  -1.0363799e-01  -2.0934333e-01   4.8607812e-02   9.7882466e-02  -1.0404575e-01   4.3585888e-01  -3.2767037e-01  -1.3869178e-01   9.2117458e-02   8.5568376e-02  -1.4579173e-01  -5.3056624e-02  -1.8267710e-01   1.9620744e-01   3.8355114e-01   3.5611556e-01  -4.0462334e-01  -3.4651005e-01  -2.2322957e-01  -2.2674993e-01  -5.2636809e-02   1.1970010e-01  -2.6677305e-01   2.4752526e-01  -2.7769698e-01  -7.1224523e-02   6.0692277e-02   1.3835856e-01  -2.3041741e-01  -8.1333093e-02   1.0493330e-02   4.7466315e-02  -2.7355118e-01   7.6306404e-02  -2.2090182e-01  -9.0674425e-02  -6.2334366e-02   4.8024647e-01  -8.0630922e-02   2.5648613e-01   4.3588784e-01  -4.9846959e-02  -1.2933813e-01  -4.7336073e-01   1.6658013e-01   4.2208903e-01  -3.2677667e-01  -1.2786725e-01  -1.5585716e-01  -7.6208695e-02  -4.9698202e-01   3.3608840e-01  -1.7595825e-01   1.4155461e-01   2.6674709e-01  -1.1199933e-01  -1.5796799e-01  -9.7764602e-02  -2.0692770e-01  -3.4456908e-01  -2.2481753e-01  -4.5815294e-01  -1.3511874e-01  -1.9946121e-02   5.2177065e-01  -2.3249528e-02   9.6073573e-02  -1.8880882e-01  -6.9145449e-03   1.8314794e-01  -3.3875635e-01   2.5406796e-01  -3.1358192e-02  -3.3004023e-01   3.3510910e-01   4.0748029e-01   2.3663462e-02  -2.2073582e-01   1.3852244e-01  -2.3059351e-01  -5.5388373e-02  -1.7259078e-02  -1.7535958e-01   1.8672874e-01   1.7483201e-01  -1.3968208e-01   1.6650623e-01  -2.0184363e-01   3.5765572e-01   5.7429847e-02   4.1735771e-01   3.9146841e-01   1.3492828e-01  -2.4948706e-01  -1.8788820e-01  -3.7863983e-01   3.6559398e-01  -3.2393018e-01   2.1441858e-01  -2.8064390e-01   5.5895304e-02   2.6828860e-02   9.6428352e-02   2.0518214e-01   2.4200958e-01  -4.6999851e-02   3.8367803e-01   4.2275861e-01  -4.9623323e-02  -1.4493452e-01  -8.8556857e-02  -7.2689391e-02   3.1022021e-02   6.8803331e-02   1.1984716e-01  -1.1706678e-01  -3.7422770e-01  -3.6662212e-01   2.5645845e-01   3.5103690e-01  -1.5689309e-01  -2.7261852e-01   1.7440956e-01   3.1689179e-02  -2.3670163e-01  -1.1299440e-01  -1.2283800e-01   1.5788506e-02
