   0.0000000e+00  -5.9301611e-02   5.3448285e-02  -1.9452611e-01   9.9037413e-02   2.6417790e-01  -1.6453156e-01   5.3029605e-02  -1.8295340e-01  -1.5534422e-01  -5.1729065e-02   2.0730112e-02   1.3070511e-02   2.9484689e-01   4.4490599e-02   4.5176750e-02   2.4457856e-02  -2.9239437e-01   1.4422190e-01   1.0602020e-01  -1.8694025e-01   1.0084201e-03  -1.1160040e-01   2.9755865e-01  -4.0885155e-02   4.6089624e-01  -6.6401813e-02   3.3005892e-01  -3.4352617e-01   4.4295851e-02  -1.6193653e-01  -5.9988434e-02  -4.1616720e-03  -2.9770412e-01  -1.3786797e-01  -1.8420418e-01  -2.7667282e-01  -9.7602707e-03   3.4563354e-02   1.5287074e-01   4.9097246e-02  -2.9338501e-02  -1.4787610e-02   1.5032933e-02  -1.8486548e-01   2.3135312e-01  -1.6489737e-01  -1.0554444e-01   1.4321903e-01  -8.2085437e-02  -1.0456194e-01   2.0021992e-01  -1.5580117e-01   4.2841804e-01   1.0929468e-01   1.6612743e-02   4.1176826e-01   8.1863415e-02   6.7779326e-04  -7.7764305e-02   1.7697860e-01   2.1707885e-01   2.8064888e-01  -1.7533959e-01  -1.6296524e-01  -1.4672056e-01   1.9045491e-01  -8.1833185e-02   1.6428739e-01   1.6575068e-01  -6.4418834e-02  -5.3329727e-03   2.3854439e-02   1.6695292e-01  -3.5141039e-02  -9.8657302e-02   1.3674090e-01  -1.2328707e-01  -5.1593529e-02   3.9153232e-01  -1.1994760e-01   2.0590014e-01   2.3579044e-03   3.8293573e-01   2.8531447e-01   3.3333457e-02   8.4850868e-02   4.1950517e-01   3.0635055e-02   4.8456126e-01  -4.3772180e-02   1.2817394e-01  -7.1692827e-02  -1.2310831e-01   1.7674816e-01  -9.9759375e-04   3.8609397e-01   1.5551444e-01   4.6138731e-02   9.9054487e-02  -3.3801460e-02   1.8945659e-01  -1.5703042e-01   9.5458267e-02  -5.1852922e-02   3.9862472e-02   3.5209255e-01   2.9264441e-01   9.2662502e-02  -2.7908732e-01  -7.5363213e-02   3.2030403e-01   1.8806942e-01   6.4689472e-01   6.1973365e-02   6.1883253e-02   1.1766152e-02   2.4398334e-01  -3.3457797e-02  -4.9017597e-02   1.2685710e-01   5.1130959e-02   1.2314115e-01  -1.0302273e-01   1.8919532e-01   4.4454669e-01   1.2390293e-01   1.4889638e-01  -2.3697345e-01   1.4065670e-01   9.4469917e-02  -2.4514925e-01   5.8927791e-02  -2.5693775e-01   7.7676883e-02  -2.7867053e-01   3.5702547e-01  -1.2595750e-01  -1.4564259e-01   2.6887307e-01   4.4715636e-01  -8.7115014e-02  -1.0824006e-01  -2.5688922e-01   2.4459022e-02   1.0763080e-02  -1.2296364e-01  -8.4734211e-02  -1.1504204e-01  -8.6041255e-02   5.5877651e-01  -2.4615087e-01   3.4672469e-01   1.0486237e-01   3.7709072e-03   2.8428286e-02   2.4050225e-01  -3.0868105e-02   1.5590964e-01  -8.2242736e-02   2.5445129e-01  -6.8525285e-02  -1.7347352e-01  -3.6468193e-01   3.1496959e-01   1.1915850e-01  -6.2606463e-02   1.1200443e-01   4.0637686e-01  -1.8524000e-01   3.4013948e-02  -2.1882487e-01  -2.4150972e-02  -9.1609531e-02  -1.9896343e-02  -2.4491692e-01   1.5946474e-01
  -5.9301611e-02   0.0000000e+00   3.6173485e-01   3.1740044e-02   6.0638618e-01   3.3107529e-01  -1.5683483e-01  -8.1952098e-02   7.6981451e-02   5.6995198e-02  -7.4619127e-01   4.7089382e-01  -2.2145371e-01  -1.8661309e-01  -3.7505606e-02  -2.9161155e-02   5.5990458e-01  -4.3502303e-01   1.9819410e-01   3.3515298e-01  -5.6839000e-01  -2.9718664e-01  -6.3125569e-01   9.6912105e-02   2.9396893e-01  -1.8976948e-01   3.5372294e-01  -3.0516637e-01   2.3822707e-01   5.2804781e-01   1.7231311e-01  -1.7137344e-01   7.3795977e-02  -5.7738388e-02  -3.0685508e-01  -1.5456148e-01   1.7547061e-01  -6.3559647e-02  -1.1078158e-01   4.7144404e-01   1.5285516e-02  -2.8770460e-02   2.9843772e-02  -4.0504318e-01   1.2631350e-01   3.0281942e-01  -4.7867707e-01   4.0061764e-01   1.1982734e-01   7.2784788e-01  -4.5011863e-01  -1.4717273e-01   6.6228183e-01   1.5348561e-01  -1.6274220e-01  -6.9029983e-01   4.1491351e-02  -3.2639107e-01  -2.7296445e-02   2.9753008e-01   1.6448834e-01  -2.1185971e-01  -5.1009809e-02  -1.4546153e-01   5.5038596e-01  -1.4110871e-01   3.1589233e-01   1.9917679e-01  -1.3123521e-01  -7.5234778e-02   7.6603189e-01  -3.2966632e-01   3.6733778e-02   3.8609462e-01   3.0032545e-01  -1.0953712e-01   2.2671925e-01   9.3399478e-02   7.8007946e-01   5.3827980e-03  -6.0142828e-01  -1.9032505e-01  -4.4014136e-01  -1.8642406e-01   3.5166079e-01  -4.0297320e-01   1.5310126e-01   4.9531113e-02   3.1073838e-01   2.0552329e-01   8.1596357e-01   3.4831183e-01   3.6558399e-01  -2.5416193e-02   2.2948760e-01   5.6378300e-01  -2.1427089e-01   1.9528048e-01   1.1543163e-02  -4.8842747e-01  -8.7678817e-02  -4.3839778e-01  -4.1580776e-01  -1.1767102e-01  -4.0283859e-01  -1.6423344e-01   2.5382165e-01   1.4682082e-01  -4.0246921e-01  -3.5529682e-01  -3.8769872e-01  -2.2795846e-01  -4.9648986e-01   9.3552128e-02  -2.8326579e-01   7.1213127e-01  -2.1057089e-02  -1.2721653e-02  -8.4028369e-02   5.1250738e-03   2.8762103e-01   6.2500648e-01   8.7011270e-02  -6.4517672e-02   2.0199871e-01  -2.6448846e-01  -1.1490504e-01   5.7465553e-02  -1.2650849e-01   3.3017784e-01  -9.5924879e-02  -4.1349037e-01   2.1751940e-01   8.1936943e-02  -3.0371799e-01  -1.2647586e-01  -1.2584211e-01  -2.1411784e-01  -1.1540398e-01   5.6995380e-02   2.2625385e-01   1.1357314e-01  -3.6769780e-01  -2.2569104e-01  -2.2729317e-01  -4.4042938e-01  -1.9800971e-01   6.7350145e-01  -5.5957944e-01  -3.4003592e-01  -8.3148494e-02  -3.3922497e-01   3.1684621e-01  -3.7305296e-01   6.7653847e-01   4.5911502e-02   3.0528214e-01   1.1952577e-01   3.4754690e-01  -5.4782834e-01  -7.4756646e-02  -3.3181969e-01   6.1478722e-01  -1.6373537e-01  -2.2908832e-02   1.6057577e-02  -3.8395136e-01  -4.4794710e-01   3.3013361e-01   5.1560613e-01   4.6485018e-01   1.5299891e-01  -7.2080387e-02   3.3382615e-01   2.0885966e-01   2.7440429e-02  -2.2187350e-01
   5.3448285e-02   3.6173485e-01   0.0000000e+00  -1.5306378e-01   4.0619061e-01   5.1459282e-01  -1.9200479e-01  -3.3332737e-01  -3.6325910e-01   5.5337453e-02  -4.2795096e-01   5.6960299e-01  -1.4458106e-02  -3.1044660e-01  -1.1427078e-01   2.3568726e-01   8.5185380e-01  -3.1108251e-01   1.6656559e-01   5.3561963e-01  -5.1223574e-01  -1.9487149e-01  -5.3338969e-01   1.6631164e-01   2.0084085e-01  -1.6450620e-01   4.8997333e-01  -2.8292810e-01   7.3581535e-02   3.0000975e-01  -3.5314649e-01  -4.5564843e-02   2.2307701e-01  -1.2888874e-01  -4.2525637e-01  -2.5803083e-02  -1.0029176e-01   1.6300731e-01   1.6499301e-01   5.1481225e-01   1.1474779e-01   1.6924311e-01  -2.7700426e-01  -4.4927758e-01  -1.4385483e-01   5.7098205e-01  -8.3895457e-02  -2.4131259e-01   9.8381659e-02   7.0063803e-01  -9.0739378e-02  -2.8931253e-01  -2.4270867e-02   3.9997850e-01  -3.2959339e-01  -5.3644112e-01   1.4222696e-01  -3.8262617e-01  -4.8369935e-02   1.2585100e-01   4.3733474e-01  -1.1787338e-01  -1.6996779e-01  -3.1578119e-01  -1.8733362e-01   6.3877477e-02   3.5718187e-01   1.3681397e-01  -2.0664793e-01   5.6184095e-01   2.3374729e-01  -2.3743199e-01   3.3164026e-02   6.0859590e-01   2.4183059e-01  -2.1191831e-01   5.2335148e-01   1.8093518e-01   3.7219442e-01   8.3334868e-02  -5.7752442e-01   1.3674877e-02  -3.5540502e-01  -2.9365671e-01   5.9925091e-01  -4.8914455e-01  -3.8655005e-01   1.1119172e-01   1.8305605e-01   3.3038717e-01   3.5285613e-01   6.2391744e-01   4.8023203e-01  -3.6399747e-01   3.6856146e-01   4.6961981e-01   3.3981799e-02  -1.7033865e-01   1.7192650e-01  -2.6546642e-01  -3.3545243e-01  -2.7849890e-01  -5.4583682e-01  -3.8997590e-01  -1.6373134e-01   4.2960522e-02   3.3775350e-01  -1.4897485e-01  -4.9084871e-01  -9.2362475e-02  -5.4394149e-02  -2.8547242e-02  -2.5742354e-01   3.1806302e-01  -4.2120915e-01   1.0928568e-01  -1.2072724e-01   8.5510375e-02   3.1197351e-01  -7.0980419e-02   4.3526446e-01   4.5579512e-01   3.5562492e-02  -4.3325340e-01   4.9368476e-01  -2.4465657e-01  -7.2821841e-02   5.7126185e-02  -1.3598222e-01   8.2188943e-01   8.7977473e-02  -3.1544579e-01   1.2326654e-01  -1.5543626e-01  -3.1456918e-01  -3.0647307e-01   1.2406013e-01  -3.3411252e-01  -3.5313500e-01   2.6675154e-01   4.6187171e-01   3.3575015e-01  -2.6089222e-01   2.8287308e-01  -4.0747590e-01  -5.4813941e-01  -2.6350208e-01   3.2922063e-01  -2.3217956e-01  -2.7191908e-01   2.0182559e-01  -6.1039081e-01   4.1748219e-01  -1.9845440e-01   6.9704677e-01   2.3921886e-01   4.5242057e-01   8.7087661e-02   5.4134255e-01  -6.4177594e-01   9.7492624e-02  -1.9596967e-01   3.8002503e-01  -1.5438679e-01   1.6027673e-01   5.9625175e-03  -1.8239343e-01  -3.9254755e-04   4.0063303e-01  -3.7948448e-02   2.9715400e-01   2.2513250e-01  -2.6959787e-01   5.7128906e-01   3.3680459e-02   1.3550030e-01  -9.9036602e-02
  -1.9452611e-01   3.1740044e-02  -1.5306378e-01   0.0000000e+00   1.7381220e-01  -1.3853982e-01  -1.1015042e-01   2.6226613e-01   6.4418927e-01  -6.9000693e-02   7.7974613e-02  -3.2886114e-01   1.3001345e-01   7.3042141e-02   9.0024110e-02  -3.0781577e-01  -8.7869813e-02  -5.4919472e-02   2.2293223e-01  -1.3848700e-01   3.9763655e-02  -1.5732798e-02  -1.1190247e-01   3.5249755e-02  -2.5711544e-01   7.0146470e-02   2.0532080e-01  -1.5123333e-01  -4.0006922e-02  -1.9423627e-01   1.0843868e-01  -1.8747901e-01   1.6485427e-01  -1.1547590e-01   4.0893995e-01   3.4597874e-02   4.0075462e-02   5.8091740e-02  -3.1959923e-01   1.1895034e-01  -6.1689070e-02   5.2528765e-01   4.1938095e-01   3.0640538e-01   3.0923856e-01  -4.3054431e-02  -8.9648160e-02  -7.6395480e-02   1.1048015e-02   9.8233406e-02  -2.6280799e-01   2.3791390e-01  -1.9805015e-02  -4.7647484e-01  -3.1852946e-01   1.7072519e-01   1.3516918e-01   7.2922444e-02   2.4778485e-01   1.8412735e-01   2.6362112e-01   1.9225027e-02   1.5007960e-01   5.9880675e-02   3.4629843e-01   5.9950820e-02  -3.4084169e-02  -4.7555289e-01   6.6774004e-03  -5.2309685e-02   1.5618087e-01   6.3548190e-01  -1.5049009e-01  -1.0809556e-02  -5.1591406e-01   1.7739953e-01   1.5429737e-02   2.3378331e-01  -9.9751419e-03  -9.9019654e-02  -8.1100633e-02   1.2478204e-01   1.0682040e-01   2.2610444e-01  -9.0922723e-02   1.6035480e-01   2.1782533e-01  -2.4041064e-01  -3.8795680e-01   1.1348824e-01   2.1999726e-01   2.4514902e-01   1.3058418e-01   6.0134502e-01  -6.6264665e-02  -8.4250709e-02   4.3715026e-02   3.6784086e-01   3.0170223e-02  -1.8538757e-01  -3.5589320e-02   4.8567209e-03   2.5297670e-01   4.0496029e-01  -1.5364079e-01  -2.9188759e-01  -2.9911580e-01   1.8812913e-01   1.1339904e-01  -1.5053623e-01   6.9621967e-02   8.7079532e-02   4.1160000e-02   1.9739935e-01  -4.3043061e-02   3.1065137e-03   4.7107404e-01  -3.8482545e-01  -1.3189401e-01   8.2320674e-01  -2.4305824e-01   1.9687114e-01  -3.8704858e-01  -1.6733987e-01   4.2974598e-02   3.2804441e-01  -3.7145264e-01  -2.3781018e-01   2.8451318e-01  -1.8533956e-02  -3.9166196e-01   7.5330284e-04   3.3317077e-01  -1.7062519e-01   5.1138603e-01   1.2864607e-01  -1.5213813e-01  -1.0866844e-01   2.6272022e-01   1.1966578e-02  -1.6253104e-01  -4.2895034e-02   4.4734617e-01  -1.4132617e-01   2.2221723e-02  -2.5004921e-01  -2.2410394e-01   5.1135218e-02  -1.4202553e-01  -2.9425033e-01  -9.1055160e-02   7.4338857e-03  -3.3910253e-01   2.9795508e-01   1.3208265e-01   3.6531080e-02  -2.5928788e-01   2.4503829e-01   1.6782479e-01  -6.3701439e-02  -3.2045075e-01   4.2461723e-01   8.2453446e-02   3.1007383e-01  -3.1736771e-01   1.7770339e-01   2.5578763e-01  -8.7636834e-02  -2.5913283e-01   1.6010414e-01  -1.7965703e-01  -1.4036666e-01   4.7765031e-01  -9.0533175e-02  -2.0280470e-02  -2.5334167e-02  -1.1020742e-01
   9.9037413e-02   6.0638618e-01   4.0619061e-01   1.7381220e-01   0.0000000e+00   2.8616338e-01  -2.2953784e-01  -1.9130201e-01   2.9508515e-02   3.1236310e-02  -4.5196370e-01   4.2134946e-01   1.2637959e-01  -1.3090069e-01  -2.9092588e-01   5.5570376e-02   4.3959163e-01  -4.1797289e-01   1.2784518e-01   7.8368350e-01  -3.7549449e-01  -3.4492463e-01  -5.9100893e-01  -2.5412865e-03  -1.1755056e-01   6.5511439e-02   5.2771761e-01  -4.3013423e-01   1.1289440e-01   3.6365474e-01  -1.7987670e-01  -3.2575029e-01   8.6894512e-02  -2.4657066e-01  -2.9938222e-01   2.2063316e-01  -6.9630509e-03  -1.5954483e-01   2.7958138e-03   6.6465146e-01   1.8905652e-01   1.6833841e-01   3.8674784e-02  -2.3510934e-01   7.3361319e-02   1.3251622e-01  -2.5962456e-01   1.6097561e-01   4.0321070e-01   6.9133996e-01  -3.2999671e-01  -9.9072075e-02   3.3472278e-01   1.3700857e-01  -4.0540295e-01  -4.6214334e-01   1.4817774e-01  -2.9808059e-01  -3.7481064e-02   1.4915403e-01   2.0450752e-01   1.3985887e-01   8.3667406e-02  -3.4232456e-01   1.9790692e-01   1.4792774e-01   1.2477808e-01   8.9500535e-02  -2.9371289e-01  -4.5983820e-02   6.1178457e-01   3.3709802e-02   1.8883368e-01   3.9498997e-01   8.6826070e-02  -1.2224126e-01   9.6425132e-02   1.3133506e-01   6.1201623e-01   2.1266014e-01  -7.4322440e-01   2.4610206e-01  -1.5390232e-01  -3.4340958e-02   2.9256193e-01  -3.4267902e-01   1.4876921e-02  -7.6168814e-02   1.2204651e-01   1.7835709e-01   6.8078431e-01   3.7408650e-01   5.4737357e-01  -3.1050768e-02  -3.8535742e-02   7.4624832e-01   9.3327541e-02   1.2193490e-01   3.0957542e-01  -4.1531186e-01  -2.2992163e-01  -4.1673715e-01  -4.5263269e-01  -1.0428067e-01  -4.1276211e-01  -2.7211710e-01   3.3159998e-01   1.0704137e-01  -3.4990136e-01  -1.6119104e-01  -7.0515514e-02  -7.7081787e-02  -1.2754842e-01   1.7599122e-01  -5.5714274e-01   5.4631862e-01   1.8951134e-01   1.1582013e-01  -1.5899525e-01   2.1044448e-01  -5.2970017e-04   8.4371074e-01  -1.8663278e-01  -2.8008603e-01   1.2893577e-01   8.5243253e-03  -3.0667869e-01   5.5244593e-02  -1.4119118e-01   5.3804161e-01   1.2970951e-01  -1.4168550e-01   2.4999810e-01  -4.6329555e-02  -7.6402677e-02  -3.0155529e-01   1.1085067e-02  -4.0252540e-01  -2.5037922e-01   9.8212846e-02   2.1352256e-01   2.5700691e-01  -1.7053828e-01  -1.4715225e-01  -2.5584114e-01  -4.6071878e-01  -2.2277970e-01   4.7956115e-01  -3.0560849e-01  -4.2677767e-01  -1.3660847e-01  -5.9197468e-01   5.8830487e-02   5.1476280e-02   7.3052678e-01  -2.5529017e-02   4.7179892e-02   1.4948927e-01   2.8065669e-01  -7.0829530e-01   1.2064356e-01  -1.1736486e-01   6.0060528e-01  -2.5561630e-01  -1.3189354e-01   2.5279029e-01  -7.8864197e-02  -1.9520195e-01   1.7405481e-01   3.3218977e-01   3.7611032e-01  -2.3349011e-01   1.7313564e-01   4.2898169e-01   8.0887929e-02   4.6562901e-02  -3.5849608e-01
   2.6417790e-01   3.3107529e-01   5.1459282e-01  -1.3853982e-01   2.8616338e-01   0.0000000e+00   3.1602250e-02  -1.0220456e-01  -2.2145226e-01   1.4075541e-01  -3.9978989e-01   4.6107695e-01   9.7350728e-02  -4.3253325e-02   2.2285282e-01   3.3317925e-01   4.8582762e-01  -3.9480626e-01   1.2785897e-01   4.0210728e-01  -4.7077769e-01   1.0204055e-01  -3.8360770e-01   2.7785409e-01   2.6943223e-01   5.8603022e-02   5.6762117e-01   1.4180511e-01  -2.2216293e-03   2.2002978e-01  -1.9344651e-01   4.3944710e-02  -1.4068735e-03   8.4609258e-03  -3.0367009e-01  -4.3732519e-02  -2.7828993e-01  -1.1565469e-01   9.2088951e-02   3.9137043e-01   4.5536162e-02   1.2198367e-01  -1.4916768e-03  -2.6518284e-01   4.6760969e-02   3.7580090e-01  -1.0908293e-01  -1.4095068e-01  -4.4892058e-02   5.4616473e-01  -1.9568067e-01  -1.5232179e-01  -1.2602956e-01   4.0680836e-01  -2.2083150e-01  -2.9345630e-01   1.7828123e-01  -1.1687992e-01   4.7903505e-02   2.6127522e-01   1.5117342e-01  -2.2153823e-01  -7.7282277e-02  -1.7225774e-01  -1.4692354e-01   9.9321048e-02   7.2038690e-01  -5.3489723e-02   3.2268363e-01   4.8350395e-01   7.7440684e-02  -2.3165444e-01  -1.0471396e-01   6.8458642e-01   1.8095524e-01  -2.3399257e-01   2.3563096e-01  -7.4641439e-04   3.8396887e-01   1.8322633e-01  -2.4318444e-01   9.0912804e-03  -4.2286165e-01  -5.8682783e-02   4.9191846e-01  -4.1674917e-01  -9.8897793e-02   2.5978234e-01   2.4894860e-01   4.3342171e-01   3.0992648e-01   2.8799110e-01   4.4193291e-01  -1.8612343e-01   1.3675669e-01   4.7589421e-01  -3.7747879e-02   9.0865752e-02  -1.6332784e-01   5.3610131e-02  -2.9371264e-01  -1.4090342e-01  -2.3706329e-01  -1.2482078e-01  -5.7856645e-02   1.0537350e-01   1.2567802e-01   1.7271851e-01  -2.1171806e-01  -2.3187078e-01  -1.8270144e-01   3.1172633e-01  -3.4554576e-01   3.3162861e-01  -2.7131392e-02   1.0547808e-01  -5.9569881e-02   1.9480720e-01   4.2126611e-01  -6.1123431e-02   4.0607081e-01   3.6256616e-01   1.1318751e-01  -3.6565325e-01   3.0606544e-01   1.0116275e-01  -1.0513795e-02  -5.6902337e-02  -1.4067716e-01   5.6266985e-01  -5.9836637e-02  -5.0372418e-01   2.1731073e-01  -3.1695946e-01  -2.0956210e-01  -1.8757581e-01   5.5163671e-02  -1.1854131e-01  -1.8204038e-01   1.3017393e-01   5.6083235e-01   1.5045262e-01  -2.7867111e-01   2.7384261e-01  -3.6712019e-01  -5.6936376e-01  -1.9999440e-01   2.5739511e-01  -4.5937575e-02  -1.9645457e-01   1.7473258e-01  -3.8322526e-01   5.1618081e-01  -4.0559715e-01   4.7747367e-01   1.8878593e-02   3.7684820e-01   1.7372470e-01   2.6890729e-01  -1.8741204e-01   9.6687030e-02  -2.7857294e-01   1.7686082e-01  -1.8970665e-01   3.6869582e-01   7.8167084e-02  -2.4456241e-01   1.4539559e-01   5.0000199e-01  -1.6829657e-01   3.8144245e-01   3.6736618e-02  -2.5747533e-01   3.9049556e-01  -7.0933702e-02   1.3545736e-03   1.0112981e-01
  -1.6453156e-01  -1.5683483e-01  -1.9200479e-01  -1.1015042e-01  -2.2953784e-01   3.1602250e-02   0.0000000e+00   2.1433046e-02   1.6480486e-02   7.2764916e-01   1.3537159e-01   4.1308835e-01  -2.0648582e-01  -3.8182281e-01   6.9179669e-02   8.3318293e-02  -2.4836245e-01   1.7804840e-01  -2.7081454e-01  -2.2073145e-02   4.3899248e-01   2.0406519e-01   6.5352418e-01  -2.0620982e-02   1.7557550e-02  -8.3368772e-02   2.2012550e-01   6.1841845e-02   1.2040088e-01   1.8269552e-01  -1.7325076e-01   2.5273980e-01  -1.9047719e-01   7.4944258e-01   2.1163400e-02   4.1130004e-01   7.5592873e-02  -2.1859970e-01  -1.5901880e-01  -2.2931092e-01  -1.7434386e-01  -2.5936332e-01   7.9594508e-02  -8.3159105e-02   3.2018915e-01  -2.3983107e-01   1.8741047e-01   4.7289458e-01  -2.4109023e-01  -1.2691670e-01   4.0878442e-01  -7.0950235e-02   5.8537989e-02  -3.0815972e-01  -2.1339377e-01   1.4408927e-01  -1.3471164e-01   1.0560194e-01   8.5285970e-02   1.1608422e-01  -2.9520584e-01  -1.8276839e-01  -2.2157785e-01   7.0023361e-02  -9.4412416e-02   6.1520019e-01  -7.8527499e-02  -3.2781280e-02   1.2055230e-01  -1.4152441e-01  -1.8783975e-01  -1.7116752e-02  -1.1072114e-01  -1.8664114e-01  -2.7727658e-02   3.6848367e-02  -2.1913145e-01  -2.0928029e-02  -1.2896907e-01  -1.9802659e-01   4.9950685e-01  -3.3189830e-02  -1.3080969e-02  -1.3013640e-01  -4.5095901e-01  -9.6979101e-02  -1.3102423e-01  -2.1831082e-01  -1.0280912e-01  -3.5396993e-01  -2.5162494e-01  -4.3945922e-01   1.5881752e-01   9.3030845e-02  -1.6498241e-01  -5.0705536e-02  -4.1535011e-01  -1.3464358e-01  -2.0927753e-01   5.7891640e-01  -6.0815765e-02   1.1489870e-02   1.3418379e-01  -8.4402874e-02   3.3733818e-01   2.4506649e-01  -3.7417453e-01   3.2654809e-02   3.0607908e-01   3.0062977e-01   4.8743962e-01   7.7536390e-03  -1.4870921e-01  -2.6917242e-01   1.7269778e-01  -7.2624427e-02  -7.2895325e-02  -1.2936727e-02  -1.3263854e-01  -2.2205381e-01  -4.5344677e-02  -4.3283854e-02  -6.2246163e-03  -6.1565265e-02  -1.7970544e-01  -2.4136420e-01   2.1836815e-01  -1.6509052e-01   1.9092540e-01  -2.2191004e-01  -2.8876333e-01   2.1579607e-01  -4.5184125e-01   3.3015392e-02  -8.1687757e-02   1.9905270e-01  -2.6731522e-01   1.5675343e-01  -1.1433402e-02   5.1248316e-02  -2.0379270e-01  -2.0730632e-01   6.9390647e-02   1.2299713e-01   2.4174072e-01   1.0961059e-01   5.3348527e-01  -1.0616892e-02   6.3468658e-01   6.6958977e-01  -2.5854287e-01   2.9459820e-01  -9.2000521e-02   5.0626288e-03  -3.0883862e-01   1.5760714e-01  -1.4568390e-01  -7.6811091e-02  -4.0143638e-01   4.1475256e-01   3.8869599e-03   1.8381497e-02   1.3830282e-01   3.1755223e-01   1.8273969e-02   3.4949512e-01   1.6875792e-01  -1.5044453e-03  -2.0113131e-01  -6.8519859e-02   1.5558233e-01  -1.2179879e-01   1.0682758e-02  -2.5278025e-01  -1.4816674e-02   7.6991307e-02   8.1242075e-03
   5.3029605e-02  -8.1952098e-02  -3.3332737e-01   2.6226613e-01  -1.9130201e-01  -1.0220456e-01   2.1433046e-02   0.0000000e+00   4.4630600e-01  -1.1384292e-01   2.0379522e-02  -2.8626819e-01  -4.0349378e-02   1.7090006e-01  -5.5289431e-02  -2.7697719e-01  -1.6989261e-01  -4.5678428e-02   2.2510271e-01  -3.8817108e-01   1.3004756e-01   2.6999510e-01   7.1350339e-02  -1.4923955e-01   4.8649142e-02   5.2801123e-01  -2.2208824e-01   1.4744146e-01  -2.0073076e-01  -7.1277596e-02   1.0859113e-01   2.5106691e-02   2.5516929e-03  -1.0239009e-02   4.0121422e-01  -2.9596233e-01  -3.5090345e-02   9.6661251e-02  -2.4832932e-01  -1.6724359e-01  -6.5627224e-02  -2.9535899e-02   5.2061983e-01   4.8974369e-01   2.3134272e-02  -6.7769770e-02  -2.0796511e-01   3.2483375e-02   6.6005840e-03  -2.1568622e-01  -2.7899345e-01   8.5565482e-01   3.0491915e-03  -1.1463764e-01  -2.8816888e-02   2.0100326e-01   5.5278491e-02   5.0126866e-01   4.7212070e-02   3.3909018e-02  -6.8754982e-02  -1.6296819e-01   4.1062182e-01   2.0119987e-01   2.1071010e-01  -1.6765700e-01  -6.5617369e-02  -1.1200822e-01   2.9047966e-01  -2.7828890e-01   7.0024290e-03   1.7100433e-01  -2.6786784e-01  -2.5487488e-01   4.0605000e-02   4.4215458e-01  -1.5480656e-01  -9.7360821e-02  -2.3019472e-01   1.6478266e-01   1.8348664e-01  -1.0898720e-01   1.5384343e-01   6.5858245e-01  -2.3732254e-01   4.2285346e-01   4.3362814e-01  -2.5190904e-01  -1.7451842e-02  -1.7931431e-01  -4.9485889e-02  -4.6194183e-02  -1.0539417e-01   4.6178679e-01   3.7232614e-02  -1.8145218e-01   4.7881683e-02   6.4599852e-01  -1.7811194e-01   2.5027650e-02   1.5635414e-01   1.2916335e-01   4.3573143e-01   3.8745031e-01  -1.1274951e-01  -7.2595373e-03  -5.9024191e-02   7.3459711e-01   1.5300202e-01  -1.5756492e-01   9.0798020e-02   9.0800982e-02   2.2803194e-01  -6.1245505e-02   7.4088818e-02   1.4139426e-01   2.8166799e-01  -2.2554881e-01  -2.6323851e-01   1.5819525e-01  -2.0022766e-01  -2.0791243e-01   4.7709696e-02   2.5572319e-01   2.2349231e-02   1.4140281e-01  -1.0487685e-01   1.0632609e-01   1.8278044e-01  -4.1276506e-01  -2.9054828e-01  -3.9645917e-02  -6.8045274e-02  -1.7223643e-01   5.5204995e-01   5.7414832e-01   2.8877705e-01   5.9272342e-02   6.6316754e-01  -1.9228764e-01  -3.6689987e-01  -1.3491011e-01   9.9735910e-02  -2.2742790e-01  -3.0478675e-02   1.4054046e-01  -6.3437551e-02  -3.0570209e-02  -5.4408359e-02   4.1243260e-03   2.2367688e-02   2.7009408e-01  -2.5323569e-01   1.2329636e-01  -1.8937040e-01  -3.7202683e-02  -1.7716460e-01  -1.3550882e-01  -2.6983704e-02   2.9687376e-01   9.7434425e-02   1.9975155e-01  -1.3121808e-01   5.6656479e-02   1.1331966e-01   8.5725385e-02   1.2578285e-02   6.4812480e-02  -2.2486564e-01   1.4188555e-01  -1.4447659e-01  -8.0305064e-02   2.9780743e-01  -1.8303461e-01   2.2381762e-01  -4.4996580e-02   2.0615049e-01
  -1.8295340e-01   7.6981451e-02  -3.6325910e-01   6.4418927e-01   2.9508515e-02  -2.2145226e-01   1.6480486e-02   4.4630600e-01   0.0000000e+00  -2.0415560e-03  -1.9467303e-02  -2.8363392e-01  -5.2796514e-02  -5.5275526e-02   1.9338177e-02  -4.5476076e-01  -2.6153103e-01   1.0011944e-02   2.9304890e-01  -2.9103947e-01   1.4495426e-01   2.0020846e-01   1.1175428e-02  -1.6398286e-01  -7.9984368e-02   1.0325044e-01   1.4297977e-03  -1.6837738e-01   6.2729101e-02  -1.0938932e-01   3.3007268e-01  -1.3030493e-01   4.1835852e-02  -7.9148419e-02   7.0578724e-01   1.1942768e-02   1.1205172e-01  -1.2387335e-02  -3.9546460e-01  -4.0876414e-02  -1.7184140e-01   1.4029195e-01   7.6703988e-01   3.1661436e-01   3.2898244e-01  -1.8308674e-01  -2.0320065e-01   1.5822215e-01  -2.2870284e-01  -6.1841643e-02  -2.4644550e-01   3.5005858e-01   1.9689571e-01  -5.5198389e-01  -1.7500019e-01   1.5527490e-01   6.3511766e-02   2.8464552e-01   1.1314507e-01   4.1966800e-01  -6.7753597e-02  -2.2871224e-01   4.6365067e-01   2.1701719e-01   4.2518014e-01   5.8188485e-02  -1.6142111e-01  -2.8918599e-01   2.4054915e-02  -3.5969946e-01   1.7396049e-01   4.2820405e-01  -2.7137070e-01  -3.4125889e-01  -2.5358329e-01   3.2729232e-01  -2.0635975e-01   1.6987924e-01   3.0462666e-02  -6.2628933e-02   1.4650001e-02  -7.3932219e-02   1.5325666e-01   2.8541239e-01  -3.6279230e-01   1.4549028e-01   6.0861804e-01  -3.8672182e-01  -3.5283974e-02  -1.4971375e-01   2.7899965e-01  -6.1539277e-02   1.1219783e-03   8.5578701e-01  -1.8530159e-01  -1.5897498e-01  -1.1142531e-01   5.3876299e-01  -8.9695505e-02  -1.8241594e-01   9.2275452e-02  -1.3820103e-01   3.1741331e-01   6.9610332e-01  -2.2228339e-01  -2.1598595e-01  -3.1444561e-01   3.4359192e-01   1.7851105e-01  -1.6016346e-01   2.7944783e-03  -7.7493778e-02   3.4208893e-02  -7.7797484e-02   4.3532076e-02   1.3958970e-01   5.4981648e-01  -4.2408189e-01  -3.4521207e-01   4.2103014e-01  -2.5953987e-01   1.0517568e-01  -1.1374115e-01   1.3631261e-01  -9.2857698e-02   2.3986978e-01  -2.5777500e-01  -1.0150661e-02   2.3750952e-01  -3.1625978e-01  -5.3673195e-01   2.0655056e-02   5.9151669e-02  -8.3546852e-02   7.2229628e-01   3.5718963e-01  -7.2728623e-02  -7.4399177e-03   3.5883910e-01  -3.2092505e-01  -3.6408878e-01  -1.0105770e-01   2.9662264e-01  -3.2282109e-01   4.5246901e-02  -4.4888274e-02  -9.8354429e-02   9.5581298e-02  -1.5703967e-01  -2.1200445e-01  -2.3121601e-01   1.8787407e-01  -4.6041985e-01   3.9727497e-01  -2.8269528e-02  -1.2406744e-01  -3.0596064e-01   5.3909980e-02  -9.3685438e-02   5.4820456e-02  -5.1087204e-02   3.8420172e-01   9.4812667e-02   1.3622916e-01  -1.4761932e-01   7.7443988e-02   2.6683370e-01  -3.2189436e-01  -3.7187714e-01   2.8570803e-01  -3.1680653e-02  -1.4177432e-01   4.8348476e-01  -2.8095594e-01  -2.8828261e-02  -1.6351638e-01   1.5363398e-01
  -1.5534422e-01   5.6995198e-02   5.5337453e-02  -6.9000693e-02   3.1236310e-02   1.4075541e-01   7.2764916e-01  -1.1384292e-01  -2.0415560e-03   0.0000000e+00  -2.9771149e-02   5.4401162e-01  -7.1674723e-02  -3.9041483e-01  -1.8167042e-02   1.6419753e-01   5.9209675e-03   8.6291619e-02  -2.0564265e-01   2.2003271e-01   2.2972372e-01   8.7581012e-02   3.9354708e-01  -4.1437991e-02   1.1712405e-03  -1.1508456e-01   3.4534546e-01  -8.7068393e-02   9.6356394e-02   1.5174846e-01  -1.2524776e-01   9.0723854e-02  -2.4638821e-01   6.7702597e-01  -1.6071939e-01   4.5163431e-01   6.0963274e-02  -2.2791960e-01  -6.9108138e-02   1.3438770e-01  -1.3011254e-01  -1.3347195e-01   1.4204209e-01  -1.7776173e-01   3.8807633e-01  -9.7154003e-02   6.0998401e-03   3.6784043e-01  -1.6666864e-01   1.5590183e-01   2.8132851e-01  -1.8855487e-01   1.8782458e-01  -1.7915451e-01  -1.7397023e-01  -9.9928824e-02  -2.0661945e-02  -1.0638133e-02  -3.3359462e-02   1.7767226e-01  -1.1656608e-01  -2.5911179e-02  -2.3751765e-01  -9.5770419e-02   8.5850409e-02   5.4495014e-01   5.5399095e-02  -1.0052507e-01  -4.6239536e-02  -1.5748989e-02   7.1973012e-02  -6.5264471e-02  -1.7437559e-02  -4.5519423e-03   7.7043324e-02  -1.2845076e-01  -1.1489148e-01   1.2146119e-01   1.6407653e-01  -8.9644482e-02   1.8990336e-01   1.2481963e-01  -7.4521447e-02  -1.6527133e-01  -2.8559273e-01  -3.4109594e-01  -1.2951272e-01  -2.3107624e-01  -6.8544028e-03  -2.6026517e-01  -4.0536790e-02  -1.7326185e-01   3.9077565e-01   6.6788073e-02  -1.6716136e-01   1.5845664e-01  -2.9606691e-01  -1.2032519e-01  -1.5896782e-01   4.3710961e-01  -5.9752967e-02  -1.4236009e-01  -5.9662922e-02  -8.6182659e-02   1.6289280e-01   1.3498524e-01  -1.9819303e-01   4.8625126e-02   4.0036276e-01   1.2364777e-01   4.9760523e-01  -4.3184364e-02  -2.5848423e-01  -1.6850019e-01  -2.2275134e-02   1.5382434e-01  -6.7292323e-02   8.6142828e-02  -1.4445288e-01  -1.0009872e-01  -4.1278203e-02   1.7436466e-01  -8.9857843e-03  -7.8994758e-02  -2.7037119e-02  -2.8803109e-01   1.9945965e-01  -3.8051981e-02   1.0246438e-01   8.4240545e-02  -2.0210684e-01   1.7042865e-01  -3.2315094e-01   1.7964897e-01  -5.1670083e-02  -2.1583660e-02  -1.7230068e-01   1.7834933e-01  -2.5440238e-01   1.0182324e-02  -8.9979919e-02  -5.1286257e-02  -9.3185976e-02   1.6873061e-01   3.3119098e-01   1.1519883e-02   4.7548919e-01   4.5960503e-02   3.9951111e-01   4.5011281e-01  -2.3682721e-01   4.3330886e-02  -2.5356484e-02  -5.0977985e-02   6.0095572e-02   9.1796314e-02  -1.2534616e-01  -1.2281995e-01  -2.1963606e-01   5.7603144e-02   9.5270393e-03  -6.7239684e-02   3.9847762e-01   1.6012675e-01  -2.2887168e-02   4.1340543e-01   1.1219602e-01  -1.2006963e-01  -1.3290252e-01   1.1122711e-01   2.3274575e-01  -1.6808193e-01   3.6434938e-02  -1.1722024e-01   7.7919617e-02   1.7693412e-02  -7.9174317e-02
  -5.1729065e-02  -7.4619127e-01  -4.2795096e-01   7.7974613e-02  -4.5196370e-01  -3.9978989e-01   1.3537159e-01   2.0379522e-02  -1.9467303e-02  -2.9771149e-02   0.0000000e+00  -3.5998885e-01   2.0373751e-01   2.5364154e-01   1.7541059e-01   1.5181482e-01  -5.7437999e-01   6.9318787e-01  -2.5763262e-01  -2.8273606e-01   6.6725900e-01   2.8655603e-01   6.5575596e-01  -2.1967162e-01  -3.3489677e-01   6.6171475e-02  -3.6188862e-01   1.9975796e-01  -1.8925193e-01  -3.0753491e-01   1.1302038e-01   2.6057379e-01  -1.5451613e-01   1.7139974e-01   2.2214908e-01   4.1608532e-01  -1.1761573e-01  -9.1330279e-02   2.9419847e-01  -3.9122830e-01   1.9085948e-02  -6.3047358e-03  -3.4850795e-02   5.1244528e-01   7.1223279e-03  -4.1096933e-01   6.8698529e-01  -2.4171294e-01  -8.7775196e-02  -6.6579016e-01   6.5627305e-01   1.4321209e-02  -4.4582188e-01  -2.8322261e-01   3.1107700e-01   7.4074664e-01  -2.1419890e-01   3.3820189e-01   2.2959536e-01  -1.6183707e-01  -2.0286852e-01   2.7877816e-01   7.3011545e-03   4.5013088e-01  -2.9811081e-01   2.4158365e-01  -2.5197792e-01  -2.9187843e-01   1.6726399e-01  -1.2945931e-01  -5.6859148e-01   3.9240020e-01   2.5331303e-01  -4.4580871e-01  -4.0216205e-01   1.5037401e-01  -3.2444471e-01  -5.5836169e-03  -5.6796377e-01  -9.0646469e-02   6.3590949e-01   3.7503140e-01   5.4234772e-01   1.9794486e-01  -3.2797553e-01   3.9380175e-01  -3.1396403e-02  -1.0195225e-01  -3.2266099e-01  -3.6152770e-01  -7.0241065e-01  -4.2827026e-01  -3.5076543e-01   1.4770223e-01  -2.0022622e-01  -5.7750718e-01   1.8911475e-02  -2.1728933e-01   1.1939645e-01   4.1299558e-01   2.5845641e-01   5.7022479e-01   5.3391610e-01   2.4456574e-01   5.7314457e-01   1.4395722e-01  -2.7405221e-01  -2.1452293e-01   4.2586381e-01   4.0631620e-01   3.9531067e-01   1.8804425e-01   3.6251522e-01  -1.5726129e-01   3.3210993e-01  -4.7669573e-01   8.3604169e-02   1.9021296e-01   1.1608833e-01   1.3774786e-01  -4.5019754e-01  -5.4663405e-01  -1.8467350e-01   3.6740204e-01  -3.3611477e-01   1.8481732e-01   1.4164973e-01  -2.9095660e-01   2.0354297e-01  -3.8003464e-01   3.2686150e-02   6.3779691e-01  -1.2401689e-01   1.7429872e-01   2.0361874e-01   1.2631638e-01  -5.3490081e-02   3.8723884e-01   1.2552792e-01  -1.8685788e-01  -2.3533493e-01  -2.4886170e-01   5.0884613e-01   2.4484824e-01   3.4705242e-01   5.5032163e-01   2.8957927e-01  -4.5650306e-01   5.9442107e-01   1.9323677e-01  -3.9990866e-04   4.6708937e-01  -3.7659524e-01   4.4965390e-01  -5.7593366e-01  -2.7935323e-01  -3.9614578e-01   7.3565699e-02  -4.5152152e-01   6.1249512e-01  -1.0875430e-01   4.1238544e-01  -4.9256787e-01   3.8488854e-01  -3.6962532e-02   1.2874260e-02   4.6519234e-01   4.6464587e-01  -3.2249006e-01  -3.2995506e-01  -4.5891542e-01  -3.6973904e-01   1.6311530e-01  -2.4816178e-01  -1.6177528e-01   3.0925705e-02   1.7985357e-01
   2.0730112e-02   4.7089382e-01   5.6960299e-01  -3.2886114e-01   4.2134946e-01   4.6107695e-01   4.1308835e-01  -2.8626819e-01  -2.8363392e-01   5.4401162e-01  -3.5998885e-01   0.0000000e+00  -1.9645188e-01  -3.7625939e-01  -5.4552548e-02   2.3733060e-01   5.0644372e-01  -1.4777116e-01  -1.2254337e-01   5.9918533e-01  -2.0557909e-01  -1.3500296e-01  -7.9474030e-02   4.7183914e-02   2.7202109e-01  -1.4066733e-01   4.4960438e-01  -1.3318881e-01   2.3008127e-01   5.2254260e-01  -2.3965169e-01   7.5357314e-02  -1.8223120e-01   4.2529453e-01  -4.5350583e-01   3.2745906e-01   1.5303191e-03  -2.8881781e-01   5.0340134e-02   4.4466916e-01   4.9105539e-02  -2.5217487e-01  -9.2929485e-02  -4.4206242e-01   1.9941923e-01   1.8450226e-01  -3.4282893e-02   3.1359603e-01   9.7787150e-03   5.8164729e-01   1.4556530e-01  -3.3183020e-01   3.0007536e-01   2.0508358e-01  -2.7317677e-01  -4.9082751e-01  -4.3096576e-02  -2.3632854e-01  -6.3388546e-02   2.7292298e-01   3.8733624e-02  -8.8122064e-03  -2.0600269e-01  -1.4721114e-01   1.8397082e-02   3.9629567e-01   2.4122701e-01   2.4534603e-01  -1.8437677e-01   9.7205612e-02   3.3587841e-01  -3.1057286e-01   1.3177255e-01   3.8176091e-01   3.5007040e-01  -2.1768827e-01   1.3428356e-01   1.4083477e-01   4.9337458e-01  -3.0987499e-02  -2.4104984e-01  -4.8425873e-03  -2.9421183e-01  -2.7033174e-01   2.4023841e-01  -5.6318804e-01  -2.4583248e-01  -2.2247485e-03   2.5378740e-01   8.6385940e-03   2.8371689e-01   1.1497253e-01   6.0389102e-01  -2.2511605e-01   6.8742436e-02   5.2821901e-01  -2.4851492e-01  -2.4883577e-01   8.7112818e-02   8.8518886e-02  -1.1868898e-01  -2.3480304e-01  -4.5262028e-01  -3.3713148e-01  -6.0742218e-03   8.5946268e-02   1.3775313e-01  -7.3239278e-02  -1.3352196e-01   2.5583745e-02   2.3555638e-01  -1.4830057e-01  -3.6266075e-01   1.9083612e-02  -1.8736801e-01   4.2697463e-01  -1.9605958e-01   1.9458663e-01   1.3626249e-01  -2.9983305e-01   2.6229227e-01   4.7294193e-01   1.6359365e-01  -1.7974463e-01   1.3859008e-01  -3.6182529e-01   1.5759850e-01  -2.3534420e-03  -1.1703200e-01   4.6137207e-01   2.3506691e-02  -6.7539618e-02  -2.1813958e-01   2.5117087e-02  -3.7415365e-01  -1.8738099e-01  -1.1639161e-01  -7.3282646e-02  -3.4378412e-01   1.2482352e-01   2.6136235e-01   1.1321081e-01  -3.7149520e-01   2.2128290e-01  -9.1724386e-02  -2.6003906e-01   2.9413545e-01   4.2822583e-01   1.5921453e-01   9.7526026e-02   2.2030629e-02  -2.8620344e-01   3.0279186e-01  -2.2000737e-01   4.8488511e-01   1.0259290e-01   2.3134223e-01  -4.3044747e-02   5.5912176e-02  -3.4383773e-01   1.9349132e-01  -3.2316388e-01   4.3460091e-01  -1.2544581e-01   1.1870956e-01   3.6431230e-01  -1.4112384e-01  -8.1949347e-02   2.0110971e-01   1.5349978e-01   5.6188570e-01  -7.7493157e-02  -1.7485850e-01   3.8388486e-01   1.1663342e-01   7.1324709e-02  -1.5713049e-01
   1.3070511e-02  -2.2145371e-01  -1.4458106e-02   1.3001345e-01   1.2637959e-01   9.7350728e-02  -2.0648582e-01  -4.0349378e-02  -5.2796514e-02  -7.1674723e-02   2.0373751e-01  -1.9645188e-01   0.0000000e+00   2.2971426e-01  -1.0010848e-01   3.7958046e-02  -2.3916824e-02   1.3460902e-01  -1.5566926e-01   1.9535619e-01   1.7235262e-01  -3.0366889e-01  -2.8951732e-02  -1.4101372e-01  -4.7694711e-01   9.0185893e-02   3.6199136e-02   8.0788373e-02  -3.1131168e-01  -3.6547769e-01  -8.6627998e-02  -3.0134371e-01   4.8828527e-02  -1.9588795e-01  -7.8928980e-02   1.6440817e-01  -3.3381325e-03   1.9749390e-02   1.7302553e-01   1.8789496e-01   5.6298821e-01   2.6835119e-01  -1.1400151e-01   3.8539415e-01  -2.7015848e-01  -2.5449692e-01   3.0013590e-02  -1.2465586e-01  -5.1284015e-02  -4.2013354e-02  -1.9037409e-02   4.8053965e-02  -6.3667929e-02   8.6750583e-02  -1.2282673e-02   3.5117196e-01   1.0464347e-01  -1.7221412e-01  -6.0283101e-02   8.4073640e-02  -3.2447583e-02   2.1405397e-01   1.2755817e-01   4.5880526e-02  -5.9893479e-02  -3.3392863e-02   1.2755267e-01  -3.0331083e-01  -1.0054037e-02  -1.1310655e-02  -1.2530093e-02   1.3854585e-01   2.9549615e-01   5.7122182e-02  -3.5860769e-01  -1.9555318e-01  -2.3987787e-01   1.4530652e-02  -1.4233182e-01   2.0273122e-01   8.3956775e-02   2.6746667e-01   3.7378123e-01   1.6157116e-01   2.2170959e-02  -4.5948227e-02  -9.5190494e-02   3.0159710e-02  -2.7073145e-01  -1.0529620e-01  -1.0693148e-01   9.6889911e-03   1.6508418e-01  -4.4415089e-02  -3.9990724e-01   2.1588067e-01   1.0248685e-01   1.2340182e-02  -6.0171400e-02  -1.4662191e-02   2.1875102e-01   6.8171275e-02   3.6522116e-02  -2.7751461e-02  -2.1300881e-01  -5.5832934e-02   6.1142402e-02  -3.9603956e-02   1.3347814e-01   1.4269562e-01   2.6566767e-01  -1.4681233e-02  -4.4083826e-03   6.7305964e-03  -5.9422466e-02  -8.6362238e-02   1.9633211e-01   3.4840643e-01   2.2297323e-01   1.7442181e-01  -4.0791077e-01  -2.8697495e-02  -3.7840502e-01  -9.1576337e-02  -2.6829448e-01   2.1284648e-01  -3.0387104e-01  -8.0891121e-02  -3.1689867e-01   8.9442496e-02   2.5101577e-01   1.2101674e-01   8.4613539e-02   6.9448903e-02   7.5244045e-02  -1.1950916e-01   1.7384193e-01   2.3856558e-01  -4.6303885e-02  -1.7484200e-01  -9.5480092e-02   4.3265717e-01   8.5638927e-02   2.2294170e-01   5.5671461e-02   2.2202742e-02   7.5820003e-02  -2.7589468e-01   4.9157990e-02  -2.6234135e-04  -3.6641185e-02   1.1143265e-01  -2.3983846e-01   2.0249367e-01   1.5624069e-01  -2.2719532e-01  -4.1321558e-01   7.5738293e-02  -1.5539329e-01  -1.4320332e-02  -5.1659320e-02   1.8313353e-01  -1.8893674e-02  -6.8408666e-02  -1.4726507e-02  -1.0057500e-01   2.6055506e-01   2.5067778e-01  -1.8353623e-01   1.4390609e-01  -2.0790957e-01  -3.4640261e-01   2.0967468e-01   2.4979096e-01  -6.6698851e-02   1.2887489e-01  -1.4641436e-01
   2.9484689e-01  -1.8661309e-01  -3.1044660e-01   7.3042141e-02  -1.3090069e-01  -4.3253325e-02  -3.8182281e-01   1.7090006e-01  -5.5275526e-02  -3.9041483e-01   2.5364154e-01  -3.7625939e-01   2.2971426e-01   0.0000000e+00   1.2592171e-01  -2.1213783e-02  -2.5747692e-01  -5.8906213e-03   7.2891789e-02  -2.5539319e-01   7.3445503e-02   5.1471639e-04   1.6820175e-02   1.3314702e-01  -2.4273338e-01   2.6330408e-01  -3.2067444e-01   4.0631343e-01  -3.7675998e-01  -3.3094949e-01   2.4495878e-01  -2.0257996e-01  -2.9504783e-01  -3.1321103e-01   5.6099933e-02  -2.3336436e-01  -2.3750954e-01  -1.1226925e-01   5.2315415e-02   2.4210968e-02   1.7294426e-02   6.6874199e-02   2.0813741e-02   4.9821723e-01  -2.0206903e-01  -5.0409130e-02  -6.2504413e-02  -1.3084727e-01   6.6137746e-02  -2.6800835e-01  -1.3557459e-01   1.9297853e-01  -1.8158027e-01   1.9657957e-01   4.9857795e-01   2.8590848e-01   2.6507641e-01   1.3744314e-01  -7.3575846e-02  -2.5654050e-01   3.7176973e-02   2.0398502e-01   1.8993989e-01   1.2202166e-01   2.2143490e-03  -4.6525469e-01   2.5724261e-01  -1.7281696e-01   3.7876769e-02   1.1489273e-01  -1.0755208e-01   9.4988076e-02   1.4642390e-01   6.4925564e-02  -1.2032587e-01  -1.1847131e-01  -1.1598399e-01   4.8365220e-03  -3.1685669e-01   7.4024031e-02   2.0573744e-01   1.2788352e-01   2.9010015e-01   4.7427710e-01   2.6550801e-01   2.5523314e-01   2.9125693e-01   4.2100947e-01  -1.1795083e-01   1.5756676e-01  -3.0015326e-01  -2.1456306e-02  -2.6581062e-01  -3.8855641e-02  -7.8538163e-02  -2.7003139e-01   2.7964702e-01   8.9026129e-02  -1.6983378e-01  -2.0433777e-03   4.3040308e-01   3.6633633e-01   3.4519201e-01   2.3203758e-01  -8.2029129e-02  -2.1133689e-01  -3.0618437e-02   3.6914601e-02   2.6628370e-01  -8.1124824e-02  -1.0280936e-01   2.2407274e-01   2.9092065e-01   1.5140635e-01   3.0662464e-01  -1.2806346e-01  -9.6501809e-02   9.8080461e-02   3.1021459e-01   2.1156209e-01  -2.0252538e-01  -4.0451505e-01  -3.3320399e-02   1.5175853e-01  -4.0256238e-02   4.7603518e-01   2.6524100e-02   6.9518860e-03  -2.2770497e-01  -1.7642382e-01   8.4325541e-02   9.7476820e-02   4.8175538e-01   2.6826097e-02   1.0150646e-01  -2.2093833e-01   1.7939334e-01   3.7177584e-01   7.3686498e-02  -6.0629003e-02   1.0434935e-01  -1.3207919e-01  -4.0219788e-02   8.5857588e-02   1.8599353e-01   3.6754912e-01   7.3015938e-02  -3.7521222e-01  -1.1205755e-01  -2.1075604e-01   3.2138437e-01   3.5214497e-01   3.7429791e-02   6.8355759e-02  -2.0702589e-01  -2.2532782e-01  -5.2974569e-02  -1.1677166e-01  -1.2779160e-02   1.7245730e-01  -8.8914620e-02  -1.5891669e-03  -4.6163095e-01  -2.1083117e-01  -2.8907296e-02  -5.3623882e-02   5.0846508e-02   5.5634623e-01   1.3121165e-01  -1.1314113e-02  -4.3506506e-01  -2.4475711e-01   3.7955495e-02   4.5556013e-02  -1.5591906e-02  -5.5419809e-03   3.5412252e-02
