   0.0000000e+00  -3.6096286e-01  -2.7394839e-01  -1.7213901e-01  -4.2395539e-01  -1.1085481e-01  -3.6622818e-01   2.8623940e-01   6.9222881e-02  -6.8927140e-01  -5.8085100e-03  -3.6432739e-01  -1.0924048e-01   6.6739971e-01  -9.5624502e-02   1.2350680e-01  -4.3023054e-01   2.1786842e-01   7.5891562e-02  -3.6680941e-01  -3.7153450e-01   3.3889985e-01  -4.4341008e-01   7.6870171e-01   2.1055534e-01   1.7358956e-01  -4.2198226e-01   6.3310475e-01   1.9529528e-01  -1.5406964e-01  -4.5218786e-02   1.1350064e-01   5.3856980e-02  -5.3197901e-01  -2.4426741e-01  -1.9828270e-01  -2.5707462e-01   5.2135609e-01   8.8292034e-02  -6.0514292e-01  -2.6904348e-01   6.4156938e-02  -2.9132706e-01   3.0445043e-01  -2.0938028e-01   5.6091323e-01   1.1297958e-01  -4.4542523e-01  -3.0333892e-01  -4.6823135e-01   1.7462518e-01   2.3878299e-01  -4.2552033e-01   3.5245042e-02   3.3214922e-01  -3.6755628e-02   3.2139028e-01   1.3292340e-01   1.1588249e-01   2.3251382e-01   4.8820158e-02  -3.9330129e-01   8.6698965e-02  -2.6730365e-02  -1.0984424e-01  -3.8164882e-01  -2.0316991e-01  -5.9570624e-02   3.4323928e-02   8.9660994e-03  -6.5107347e-01   1.7643025e-01  -9.5012788e-02   4.8777936e-01   2.9043616e-01   1.4470898e-01   2.2019967e-01   3.3434535e-03  -3.9519912e-01  -2.2307081e-01   2.7019904e-01  -3.0667191e-01  -3.7828222e-01   1.7591541e-01   6.2438624e-01   1.2570862e-01   4.9833841e-02   6.3904473e-01  -1.1944397e-01   8.3659369e-01  -3.3939218e-01   2.6486234e-01  -6.3889001e-01  -4.3288243e-02   1.7178755e-01  -2.7779561e-01  -3.0894281e-01   7.3939302e-02  -3.2778065e-01  -1.2390360e-01  -1.2796343e-01  -8.6496151e-02   2.3701650e-01   1.6556694e-01   1.2305532e-01   2.8081555e-01   5.8312235e-02   1.6675779e-01  -2.7400633e-01  -6.4470397e-01  -6.7721341e-01   3.9670335e-01   1.2299307e-02   7.2693781e-01   1.9093301e-01  -2.0603909e-01   8.7456595e-02  -2.4505910e-01   2.6744339e-01  -9.1745298e-02   7.3517490e-01  -5.3236989e-01  -2.9221789e-03  -2.5971828e-01   7.8521580e-01   7.0624306e-01  -2.1725721e-01   1.6485522e-01   1.8912468e-01  -4.0072272e-01  -1.4246622e-02  -2.7311410e-01   5.4292173e-01  -5.4563622e-01  -6.1041612e-02   9.4591850e-02  -8.3121620e-02   2.4707817e-01   1.1696969e-01   3.8762920e-01   6.2734222e-01   7.2966345e-02   3.8023820e-03   3.9071232e-01   8.5228615e-03  -9.5445743e-02  -6.5746717e-01  -3.0500467e-01  -4.5295134e-01  -1.5205078e-02   4.4946869e-01   3.2807535e-01   4.9635536e-01  -4.5483502e-02  -3.9840250e-01   6.7389875e-01   4.4435219e-01  -1.5675519e-01   3.7707797e-01   1.7664393e-01  -1.0424653e-01   7.7697181e-02  -4.0741112e-01   1.6176325e-01   2.3923173e-02  -2.7098957e-01   5.4379364e-02   3.9213628e-01   5.7669263e-01  -6.6853399e-01  -3.6644102e-01   2.0590136e-01  -7.1848255e-02   3.6211144e-01   4.1413295e-02   9.6561421e-02   1.1813193e-01
  -3.6096286e-01   0.0000000e+00   4.4799210e-01   1.6971917e-01   2.6921589e-01   1.3481357e-01  -1.4556830e-01   1.8889920e-01   5.9605437e-01   4.3246002e-01  -2.8538290e-01   4.1689679e-01  -4.6445107e-01  -2.4596373e-01  -2.5771038e-01  -5.0207750e-01   4.6346353e-01  -6.1742736e-01   1.2252393e-01   6.3580916e-02  -1.8468784e-01  -7.6627014e-03  -1.0733545e-01  -2.9997634e-01  -4.1966603e-01   2.9263079e-01   3.4323923e-01  -3.4156129e-01  -2.5656443e-01  -8.2524512e-02  -1.0676168e-02   1.3108846e-01  -3.3697500e-01   4.3657529e-01   2.5172091e-01  -3.6032977e-01   1.2053237e-01  -4.9396502e-01  -4.8916107e-01   4.6331846e-01  -3.8635925e-01  -4.0365284e-01   4.6421854e-01   5.9487250e-02  -2.9065202e-01  -1.6088188e-01  -5.8092731e-01   9.4762498e-02   6.9869733e-03   5.1224881e-01  -6.9084978e-01   2.6993176e-01   7.5889089e-01  -2.3355052e-01  -2.9456036e-01   1.6948157e-03   6.3502633e-02  -1.8901859e-01  -2.9806703e-01  -2.8358377e-01  -3.8860725e-01  -8.6767531e-02   2.7281376e-01   4.1581921e-01  -4.7559418e-03   2.2838272e-01   2.0536353e-01  -2.1176532e-02  -1.5200581e-01   6.5222758e-02   7.5388271e-01  -3.9625622e-01  -4.6748923e-01   1.6001612e-01  -3.1595541e-01   3.5211610e-01  -4.8618606e-01   2.6005008e-01   3.5233329e-01  -8.7238450e-02  -6.5858026e-02  -4.9242953e-02   6.2794995e-01   3.2165569e-01  -2.9558760e-01   2.1088866e-01   4.6221752e-01  -3.4904966e-01   2.3292602e-01  -3.2885145e-01   4.7998256e-01  -1.0726276e-01   4.9656437e-01   4.3599819e-01  -4.9794192e-01   1.0547261e-01  -2.0586864e-01   3.2438239e-01   4.0207797e-02  -4.4275830e-01   4.6880872e-02  -3.3821966e-01  -4.9279360e-03   2.4699445e-01  -4.6850801e-01   1.0575118e-01  -3.3002468e-01   3.4175112e-01   1.0507996e-01   4.5276716e-01   4.5048806e-01  -6.4134348e-01  -4.1813991e-02  -4.7008654e-01  -1.7905371e-01   5.7217136e-01   3.0637452e-01  -3.2541206e-01  -1.2017398e-01  -3.2096718e-02  -3.3530767e-01   2.8702945e-01   2.4982576e-01   3.1180661e-01  -3.7002857e-01  -4.0380635e-01  -2.2376938e-01  -3.0963407e-01   1.9571333e-01   5.3290569e-01  -3.5426441e-01   1.1348828e-01   6.6402812e-02   4.0715143e-01   2.0007973e-01   2.8705302e-01  -3.3959490e-01  -1.6717444e-01   3.1021845e-01  -2.3493882e-01  -1.3243552e-01  -3.4522445e-01  -3.6550162e-02  -2.4285348e-02  -1.8339278e-01  -2.2370902e-01   5.9866982e-01   4.8687928e-02   1.2903360e-01  -5.6525085e-01  -3.3527055e-01   2.1262555e-01  -2.9973439e-01   3.0869316e-01   6.2563572e-01  -3.1778179e-01  -3.0893634e-01  -7.6461183e-02  -2.8330886e-01   7.1237780e-02  -1.1036323e-01  -2.4661567e-02   5.6235756e-01  -4.5181257e-01   2.8893806e-01   4.4672421e-01  -1.9118707e-01  -4.9583803e-02  -2.8196791e-01   5.9614785e-01   3.5796453e-01  -3.1740629e-01  -4.3816377e-02  -1.9196176e-01  -1.4470909e-01  -4.1170372e-01   2.5801817e-01
  -2.7394839e-01   4.4799210e-01   0.0000000e+00   2.3224230e-01   3.4627279e-01   1.6599925e-01  -2.3820021e-01  -1.3130500e-01   2.6780092e-01   3.3249195e-01  -2.6667265e-01   4.7027619e-01  -1.1015419e-01  -2.0556224e-01  -1.5030364e-01  -3.3853136e-01   8.4610901e-01  -2.8736708e-01  -9.7810624e-02   2.1904045e-01  -2.6841967e-01  -1.5219229e-01  -2.4589589e-01  -2.6303139e-01  -3.3813146e-01   1.5893367e-01   2.5269284e-01  -3.6651703e-01   1.2685476e-02  -2.3053984e-01   6.0137735e-02   1.4802927e-01  -1.4026162e-01   2.4903158e-01   1.9847679e-01  -1.2374321e-01  -3.3459448e-02  -2.8863068e-01  -2.8452106e-01   5.0080082e-01  -1.1808221e-01  -8.7055013e-02   6.0755931e-01  -1.2641646e-01   3.8083773e-02   1.1327752e-01  -3.9221664e-01  -1.4364353e-01   1.5145028e-01   7.1463650e-01  -3.1833610e-01  -3.0164642e-02   2.7753031e-01  -4.3042546e-02  -2.4795433e-01  -2.4212426e-01   5.5440562e-02  -3.8233454e-02  -2.0046928e-01  -3.3498184e-01   2.0607221e-01   1.6303254e-01   2.7365927e-01   1.9072473e-01  -7.4806124e-02   5.1071909e-02   3.4433954e-01  -1.4508937e-01  -2.8264668e-01   5.2418324e-01   3.7965769e-01  -4.3249073e-01  -9.7789978e-02   1.7752359e-01  -2.4967444e-01   2.2415961e-01  -4.1663477e-02   5.2644387e-02   1.4907654e-01  -1.2520519e-01  -2.6991246e-01  -1.0498804e-01   2.1542735e-01   6.0400973e-02  -1.1810967e-01   1.0603003e-01   1.5137799e-01  -3.1925764e-01   2.1436143e-01  -2.9347866e-01   3.1446455e-01   3.3480473e-01   4.0519770e-01   3.0862628e-01  -1.7833518e-01   2.2382265e-01  -8.0100045e-02   1.7636897e-01   1.7823253e-01  -4.2670082e-01   1.9159829e-01  -4.5093335e-01  -1.6713166e-01   3.6746256e-02  -4.7571109e-01   5.2245774e-02  -1.3227174e-01   4.2948194e-02   9.2067775e-02   3.2078373e-01   1.6532038e-01  -5.8835821e-01  -1.2419111e-01  -2.8348140e-01  -1.3075469e-01   2.0645292e-01   1.4304674e-02  -1.3551747e-01  -3.9183161e-03   8.7393148e-02  -1.8957113e-01   2.1770407e-01   2.3797172e-01   1.1433006e-01  -1.9189416e-01  -2.4750301e-01  -1.0593193e-01  -2.5507142e-01   1.2107133e-01   7.2110058e-01  -2.4531556e-01   2.0678477e-01  -6.0898108e-02   1.8476453e-01   1.2145769e-01   1.6499419e-01  -1.1104387e-01  -8.1087231e-02   1.4915524e-01  -2.7707007e-01  -1.6100857e-01  -9.5627057e-02  -3.0209138e-01   5.7674701e-02  -3.0681550e-02  -3.1857274e-01   3.6600766e-01   4.5296070e-02   1.6625327e-01  -4.9330697e-01  -1.8207882e-01   2.4530073e-02  -2.6319456e-01   2.7880000e-01   7.2092862e-01  -3.3625224e-01   3.3279548e-02  -1.0581174e-01   2.4138506e-01  -1.7161213e-01  -4.6606593e-02  -2.0443357e-01   3.8241435e-01  -4.2221657e-01   2.8679532e-01   3.0463741e-01   1.9011008e-02   2.6320031e-02  -1.4149984e-01   2.7968314e-01   3.3844871e-01  -1.1511934e-01  -1.3580238e-01   2.0545796e-02  -1.0659914e-01  -1.1545429e-01   1.8960952e-01
  -1.7213901e-01   1.6971917e-01   2.3224230e-01   0.0000000e+00   4.5995707e-01   9.8942569e-02  -3.9360993e-01   2.2150525e-02   3.7460476e-01   1.7259570e-01  -1.2121712e-01  -5.3609019e-02   1.3330902e-01  -1.2229309e-01  -3.9873683e-01  -3.4395855e-01   2.9383360e-01  -9.3303026e-02  -1.0118365e-01   4.2500417e-01  -1.2178428e-01   3.2113514e-01  -1.8004834e-01   6.4045934e-02  -1.1675690e-01  -1.4310139e-01   2.1937106e-01  -3.5436170e-01   1.8239026e-01  -2.1702708e-01  -2.6593188e-01   3.5673034e-01   2.1789176e-01  -3.5294464e-02   1.5218807e-01   7.2543144e-02  -8.3415680e-03  -3.2798946e-01  -3.2090904e-01  -2.6313948e-03   3.0123735e-01   6.4662942e-02   2.7149958e-01  -7.6477471e-02  -1.7352762e-03   1.3252324e-02   1.7326061e-02  -3.9246369e-01   8.1201914e-02   1.3295298e-01  -2.0003562e-01  -5.6292126e-02   5.0094196e-02   4.4466443e-02  -1.4262541e-01  -3.0720175e-01  -3.4213852e-02   3.2946017e-01   3.2070294e-01  -1.9049870e-01   3.0811264e-01   3.7637412e-01   3.3150269e-01   1.5223363e-03  -2.0013610e-01   9.6037537e-02   2.1304954e-01   6.6884960e-02   2.9019395e-01  -3.0185159e-01  -6.4773180e-02   1.4128545e-01   2.5526056e-01  -3.9085822e-02  -7.0162696e-02   4.0363357e-01   1.4034412e-01   2.2873088e-01   2.0203284e-02   2.3135389e-01  -4.4637844e-01  -7.4503967e-02   2.4790992e-02   3.0662454e-02  -3.5802987e-01   3.6910377e-01   1.7238146e-01  -1.6918412e-01   5.4817316e-02  -2.6067283e-01   4.5779597e-01   1.7572168e-01   1.1679735e-01   3.7364607e-01  -1.5550569e-01   2.1636752e-01   4.4410609e-01   1.8861269e-01   5.4960682e-01  -3.4935850e-01  -5.0294248e-01  -3.1954467e-01   7.2220503e-02   2.4236722e-01  -2.9570296e-01   4.5079613e-01  -3.9126128e-01   8.8167379e-02  -2.1535164e-01   6.6627796e-02  -5.7287376e-02  -2.6485727e-01   4.9314099e-01  -1.9573926e-01  -5.8871898e-01   2.9452104e-01   1.9830928e-01   2.9114642e-01  -5.9105954e-01   7.2055212e-01  -8.1746133e-03   1.8119223e-01  -1.7619298e-01  -2.5511640e-03  -2.2447521e-01  -2.5772528e-01  -2.4016174e-01  -4.0132646e-01   5.1220510e-01  -3.5190254e-02  -1.4247725e-01  -6.1032963e-02   2.3035706e-01  -6.9914781e-03   6.6008136e-01   4.2168246e-01   8.9638784e-02  -4.9922296e-01   3.4668225e-01  -1.0672115e-01   1.2406707e-01   7.1545665e-02   1.7078506e-01  -2.5968918e-01  -1.0665385e-01  -6.5316867e-02  -6.7199400e-02   3.9031711e-01   1.5108212e-01  -2.6429475e-01  -5.4105720e-01   2.1840221e-02  -2.4777804e-01   2.5537115e-01   2.5833202e-01  -1.3648581e-01   2.0973384e-01   1.0157938e-03   6.1008603e-02  -9.5635019e-02   3.3085794e-01   2.1524620e-01   2.0997648e-01  -1.4823615e-01   3.9989648e-01   4.6015400e-01   5.9139905e-02  -4.5145638e-02   1.0033783e-01   1.3233075e-02   4.8089560e-01  -1.7877543e-01   3.3355569e-01  -1.1421567e-01   3.2010280e-01  -2.1091278e-01   5.0771881e-01
  -4.2395539e-01   2.6921589e-01   3.4627279e-01   4.5995707e-01   0.0000000e+00  -1.3309010e-01  -7.1925096e-02  -2.2942770e-01   1.8380388e-02   4.1946040e-01  -2.8597996e-01   1.8572788e-01   2.3991818e-01  -3.8657515e-01  -1.0658166e-01  -5.7389681e-02   4.3401290e-01  -3.0621223e-01  -2.7143907e-01   7.9117869e-01  -5.2747737e-02  -3.6929977e-01  -1.3372049e-02  -1.5854783e-01  -1.3709370e-02  -1.7392464e-01   4.0074147e-01  -4.7840791e-01  -7.9374013e-02  -2.2578074e-01  -2.1030943e-01  -1.5554422e-02   5.9060862e-02   3.2605415e-01   4.7846973e-02   5.0632195e-01   9.7996881e-02  -2.1264265e-01  -7.1436920e-02   4.1552668e-01   4.2280179e-01  -1.2386591e-02   3.2030887e-01  -4.8428891e-01   2.1938578e-01  -3.3927057e-01   4.0595763e-02  -1.3993724e-01   1.2088450e-01   4.7414366e-01  -2.1816862e-01  -2.6296650e-01   3.5268520e-01   1.0517842e-01  -1.4344910e-01  -4.3406127e-01  -3.2645845e-01  -1.5919103e-01  -1.0174570e-03  -5.5053485e-01   3.1722116e-02   3.4129224e-01   7.6069335e-02  -1.5709621e-01  -1.4845117e-01   3.9175009e-01   6.8345888e-02   3.5212825e-02  -1.2104704e-01  -6.7878045e-02   3.4759353e-01  -1.1371413e-01   4.4612031e-01  -1.9990825e-01  -2.0992550e-01   7.4993569e-02  -3.5043175e-02  -3.9086471e-02   5.0362998e-01   3.6251127e-01  -5.2211159e-01   1.1227963e-01   1.9694476e-01  -2.6842775e-01  -3.6906782e-01   2.7399757e-02  -1.4627231e-01  -2.6595768e-01   3.7125310e-02  -4.4146610e-01   7.1660783e-01  -1.3769151e-01   4.9410723e-01   5.6797139e-02  -2.9278336e-02   5.8684006e-01   4.0306844e-01   2.9687970e-02   4.0792232e-01  -1.9469690e-01  -1.9342425e-01  -2.0635254e-01  -3.9677054e-01  -2.7513199e-01  -3.7431227e-01  -2.0671747e-03  -2.6796537e-01  -1.4480659e-01  -6.7119306e-02   4.0602205e-01   3.0388848e-01  -4.3235532e-01  -3.3160102e-02  -2.1341523e-01  -2.8190811e-01   5.0304393e-01  -1.0347235e-01   4.2662282e-01  -4.8611751e-01   4.4728660e-01  -3.4940595e-01   5.5650740e-01  -2.6178079e-01   7.6713328e-03  -3.8816474e-01  -3.7163910e-01   8.9582192e-02  -3.6734598e-01  -2.5268070e-02   3.1846340e-01   1.2083857e-01   2.8892296e-01  -3.2983169e-01   2.0049590e-01   1.1526664e-01   2.8981446e-02   1.8943319e-01  -4.5602979e-01  -4.3816345e-02  -1.9483965e-01  -1.5729051e-01   8.0755484e-02  -1.3384562e-01  -4.0617469e-01  -8.7966124e-02  -2.0820572e-01   3.5745554e-01   5.9565527e-01   2.9680593e-01  -1.4086002e-01  -3.2456443e-01  -4.4081017e-01  -3.9138985e-01   1.8718407e-01   4.9305394e-01  -3.0965734e-01  -7.4022108e-02  -4.8760338e-02  -1.2772545e-01  -4.9185732e-01   2.5659499e-01  -1.5564103e-01   4.7660886e-01  -3.9385248e-01   8.9600664e-02   5.2913874e-01   2.7158567e-01  -4.4367499e-01  -2.1038322e-01   4.2250740e-01   6.6602601e-01  -2.8870967e-02   2.7598778e-03  -3.8635168e-01   2.6313953e-01  -2.0513120e-01  -3.0198481e-02
  -1.1085481e-01   1.3481357e-01   1.6599925e-01   9.8942569e-02  -1.3309010e-01   0.0000000e+00  -6.5314197e-02   2.3792891e-01   1.0918866e-01   1.3668873e-01  -1.3721610e-01   4.8523931e-02  -2.6931901e-01  -2.4857717e-02  -3.6914150e-01  -9.6203649e-02   1.3538786e-01  -1.0555216e-01   6.0104152e-01  -1.1897925e-01  -2.0633250e-02   2.5217377e-01  -8.2785351e-03  -1.9823806e-01  -1.3174143e-01   3.2160830e-01   3.4554800e-01  -1.7847101e-01   1.4834686e-03   1.0192888e-01  -7.0364541e-02   2.2705671e-01  -3.8783239e-02  -2.0626745e-02  -7.6935111e-02  -1.9200804e-01   2.1386027e-01  -2.5280895e-01  -1.2804926e-01   1.7043197e-01  -2.0076990e-01   1.7234594e-02   1.3290442e-01  -6.1238944e-02  -1.9854156e-01   1.4917024e-01  -8.7105590e-02   1.1799536e-01   7.4203361e-02   1.5466433e-01  -1.9754407e-01   3.5083932e-01  -7.3001286e-02  -1.1750839e-02  -2.6401913e-01  -6.7499451e-02   4.6539665e-01   3.8886887e-01   2.0333845e-01   2.4795982e-01  -2.6178534e-02  -7.8996524e-02  -4.5607785e-02   4.0533307e-02   5.5173884e-02   6.3980566e-02   7.4794421e-01  -1.8242101e-01   6.4791604e-02   6.4452114e-02   9.2994268e-02  -7.3347313e-02  -3.6965008e-01   2.5155398e-01  -2.2117204e-02   1.2672839e-01  -7.9483001e-02   1.6393637e-02  -1.7083925e-01  -1.0334206e-02  -1.1373866e-01  -1.6701256e-01  -2.6721046e-03   3.7278099e-01  -1.0446742e-01   1.7056053e-01   1.4421673e-01  -4.0437581e-01   2.4424514e-01  -4.8201511e-02  -8.4172861e-02  -3.0643841e-02   9.8557993e-02   3.1867412e-01  -2.3388938e-01   1.5212419e-02  -6.1775441e-02   2.9883932e-01  -7.6791967e-02  -3.7161728e-02  -1.8374576e-02  -2.7414487e-01   1.3419621e-01   2.0397209e-01   4.0565455e-02   2.6949130e-01   1.7145392e-03   4.8756776e-01   2.3712834e-01   1.5265430e-01  -1.9415838e-02  -1.4153158e-01   1.2735979e-01  -1.6714231e-01  -3.6917022e-01  -1.9982201e-01  -3.5936513e-02  -3.1871080e-01   1.8829369e-02  -1.0816956e-01   3.8594001e-02   1.6851092e-01   1.9092675e-01   5.2510280e-03   1.6120495e-04  -1.2760160e-01  -3.9486104e-01   6.7557507e-02   2.3488993e-01   1.1765946e-01  -3.8933157e-01  -2.7081952e-01   1.8778841e-01  -1.3437743e-02   2.9298440e-01   3.1875175e-01  -2.3106753e-01  -2.3854355e-01   2.9066616e-01  -2.4239465e-01  -1.3718832e-01  -2.3103843e-01  -7.7983512e-02   3.0031284e-01  -2.3923039e-01  -4.3327180e-02  -7.6124637e-03  -1.3988407e-01   2.4821990e-01  -1.4602192e-01  -3.1360778e-01   1.9827358e-01   4.4913046e-02   6.3437707e-02   1.2320763e-01  -1.7004752e-01   1.9975560e-02   9.3361880e-02  -6.9030382e-02   1.6716176e-01  -3.1759240e-01  -4.5575147e-02  -8.5124021e-02   9.5539862e-02   2.8604296e-01  -5.9552564e-02  -1.8447694e-01   4.5685655e-01  -1.0496833e-01   1.2520481e-01  -2.4852335e-01  -5.0217432e-02   4.5052709e-02   4.7363051e-01  -2.0407189e-01  -8.2032888e-03   3.2980214e-01
  -3.6622818e-01  -1.4556830e-01  -2.3820021e-01  -3.9360993e-01  -7.1925096e-02  -6.5314197e-02   0.0000000e+00  -3.2163591e-01  -5.5307560e-01   1.8385528e-01   1.3820284e-01   3.2602052e-01  -4.7769443e-02  -4.1595428e-01   4.0935387e-01   3.9253052e-01  -1.6859459e-01   1.2696744e-01  -7.3852419e-02   6.6768020e-02   4.6083220e-01  -3.7581718e-01   7.9293005e-01  -4.6552937e-01   1.4969905e-02  -2.6237339e-01   2.1543885e-01  -1.1412197e-01  -2.0407059e-01   4.2202604e-01  -4.8517761e-02  -4.4406445e-01   2.5813678e-02   3.0541191e-01   6.0917023e-03   3.0187517e-01   1.9316272e-01   5.3976687e-02   3.0046788e-01   1.9104259e-01   9.0580500e-02   4.4280517e-02  -8.2905244e-02  -1.9394420e-01   2.7269197e-01  -1.9508096e-01   2.5354682e-01   5.9804581e-01   4.2380861e-02   3.5379148e-03   3.4846163e-01  -2.9883761e-01  -3.7617160e-02  -2.0244365e-01  -1.7416661e-01   3.6077958e-01  -4.8561758e-01  -2.5474413e-01  -4.8400670e-02   9.4813242e-02  -6.5569274e-02   8.0420661e-02  -4.8552075e-01  -3.6150674e-01   1.8808909e-01   4.1603688e-01  -1.0016438e-01   6.2891558e-02  -1.3372344e-01   2.6520775e-01   1.6910851e-01   2.0161331e-01   3.6054451e-02  -4.2007980e-01  -1.5510341e-01  -5.6194385e-01   6.8142196e-02  -1.3730018e-01   1.7544893e-01   2.5421078e-01   8.3799962e-02   1.5497792e-01   9.9019410e-03  -3.8477542e-01  -8.8292497e-02  -4.7317191e-01  -4.3440259e-01  -2.5726061e-01  -3.2396319e-01  -2.2123935e-01  -2.8959402e-01  -1.7893692e-01   2.0666169e-01  -4.0333593e-01   1.6318540e-01   9.2573714e-02   1.7716033e-01  -4.1963837e-01  -3.9149838e-02   6.2598046e-01   2.6718683e-01   4.8498345e-01  -2.5023844e-01  -4.5147137e-01   4.5607373e-01  -5.1245496e-01   1.4182494e-01  -3.8418222e-01   3.4704585e-01   1.9372428e-01   5.0689838e-01   2.6843619e-01  -6.3217907e-02  -1.5652447e-01   3.2420032e-01  -2.8750085e-01  -2.2069865e-01   1.3754185e-01   1.4087558e-01  -1.8605693e-01  -3.3860666e-01   2.7567967e-01  -6.4363139e-02  -1.4185597e-01  -1.9360693e-01  -2.1427026e-01   4.0779568e-01   1.7973462e-01  -5.1617098e-01   2.7501460e-02   1.5135589e-01   2.3886734e-01  -5.2945090e-01   1.3948202e-01  -4.3717667e-01  -5.9070221e-01   1.1542234e-01   5.5675052e-02  -5.3018365e-01  -1.2976898e-01  -4.0162044e-01  -2.1237029e-01   9.8920975e-02  -1.3014655e-01   1.2774628e-01   2.9728536e-01   4.1537429e-01  -2.0977755e-01   1.6453040e-01   3.9530142e-01   6.7142755e-02  -4.4294157e-01  -1.0399469e-01  -4.8865789e-01  -9.7425524e-02  -2.3310315e-01  -2.1459467e-01   2.1880236e-01  -1.1715445e-01  -1.7882574e-01  -2.8264189e-02   1.9245673e-02  -1.2793087e-01   2.4190492e-01  -5.3296975e-01  -2.9704451e-01  -7.0188475e-02  -2.9737138e-01  -2.8375428e-01   1.8907789e-01  -2.7200919e-01   1.5555662e-01  -1.5965967e-03  -5.5087961e-02  -3.1275364e-02   1.2125059e-01  -4.7869575e-01
   2.8623940e-01   1.8889920e-01  -1.3130500e-01   2.2150525e-02  -2.2942770e-01   2.3792891e-01  -3.2163591e-01   0.0000000e+00   3.7539216e-01  -8.1210065e-02  -2.3202795e-01  -5.2380904e-02  -3.3181600e-01   1.8310051e-01  -4.2491353e-01  -2.7432689e-01  -2.5426050e-01  -1.6338329e-01   5.0850040e-01  -2.0738921e-01  -2.4508119e-01   5.3889511e-01  -2.3586670e-01   1.9787766e-01  -7.1953840e-02   6.3676630e-01  -2.3150375e-02   1.3917140e-01   1.1073022e-01  -2.1311213e-01  -2.1359616e-01   4.5748507e-01  -1.1100693e-01  -4.4075543e-02   8.4306131e-02  -4.1235251e-01   1.6277536e-01  -2.4554506e-01  -1.5795105e-01  -3.7375086e-02  -3.7032454e-01  -3.9667100e-02   1.1062363e-01   2.6787172e-01  -4.3968464e-01   1.1189019e-01  -3.4070903e-01  -2.5956486e-01  -2.6452610e-01  -6.1306268e-02  -2.6533882e-01   6.9718435e-01   1.8624297e-01  -6.5116684e-02  -2.6962351e-01  -2.8182753e-03   5.4965263e-01   3.5274695e-01   1.3621099e-01   2.7201641e-01  -3.1278403e-01  -3.1981183e-01   1.8938380e-01   1.7343801e-01  -2.1935550e-01  -1.0859562e-01   1.3110477e-01   1.0503345e-01   1.8920512e-01  -2.8951021e-01  -5.5552303e-02  -8.3889850e-02  -3.5716073e-01   1.1438596e-01   1.1584468e-01   5.5291663e-01  -3.7525668e-01   2.7357843e-01  -9.9698952e-02  -2.3187751e-01   1.4737175e-01  -1.3845174e-01  -7.4146617e-03   7.6620731e-01  -1.0378336e-01   4.9142603e-01   3.1355286e-01   3.4038938e-02   2.4363360e-01   1.2598842e-01  -1.9559037e-02  -1.8272241e-02   6.7512863e-02   4.2915877e-01  -3.6773083e-01  -4.9512297e-02  -8.6454943e-02   6.1782595e-01  -2.6458033e-01  -2.2661758e-01  -3.5425559e-01  -7.7130866e-02   2.7354133e-01   4.8916942e-01   6.7065071e-02   5.8622113e-01  -1.3456868e-01   7.5537271e-01  -1.2754993e-01  -7.4811839e-02  -9.5407954e-02  -4.9125332e-02   1.7426713e-01  -5.7075784e-02  -3.2057699e-01   1.9353986e-01   2.8526011e-01  -1.9752483e-01  -1.7498158e-01  -1.9863220e-01   7.2845841e-02   1.1324213e-02   1.9392087e-01   1.3099802e-01   9.0227207e-02   6.5664919e-02  -2.4618629e-01   7.5735212e-02   5.2548516e-01  -1.5464785e-01   3.7498296e-02  -3.0210439e-01   3.3931358e-01  -1.5032990e-01   3.1613153e-01   5.7923872e-01  -2.9558598e-01  -2.1827803e-01   5.1057608e-01  -1.1714952e-03   1.4104393e-01  -1.3131873e-01   1.5910062e-01   1.0082254e-02  -3.7829040e-01  -3.6998141e-02  -9.8315412e-02  -1.4511275e-01   1.0428463e-01  -3.1365926e-01  -1.9249185e-01   5.7974217e-01   2.2932975e-01   2.2140837e-01  -5.0310989e-02   1.6452422e-01  -1.0770111e-01  -4.9180639e-02  -8.7207259e-02   2.8513687e-01  -1.1781926e-02   1.8567061e-01  -1.4917918e-01   6.9555224e-02   4.6432102e-01   1.9098427e-01  -2.0342537e-01   2.2764850e-01  -2.9654422e-02   8.5154011e-02   2.7635749e-02  -3.3702447e-01  -1.3900752e-02   4.4512393e-02  -1.7855811e-01  -1.5592512e-01   5.5781181e-01
   6.9222881e-02   5.9605437e-01   2.6780092e-01   3.7460476e-01   1.8380388e-02   1.0918866e-01  -5.5307560e-01   3.7539216e-01   0.0000000e+00  -6.5568424e-03  -1.7781169e-01   4.8854900e-02  -2.8588460e-01   7.1724362e-02  -3.5971962e-01  -7.0419111e-01   2.4959395e-01  -2.9805586e-01   8.9898094e-02  -1.0782275e-01  -3.4063905e-01   4.5197168e-01  -3.4468087e-01   1.6936130e-01  -3.1436799e-01   3.2264082e-01  -5.6976234e-02   5.7136303e-03   5.2603462e-02  -2.2348083e-01   2.6262044e-02   4.3751668e-01  -3.2226951e-01   3.4379411e-02   2.6984416e-01  -5.2462852e-01  -2.1422543e-01  -2.5748844e-01  -6.4947554e-01  -1.3529210e-01  -3.3490677e-01  -3.6148461e-01   3.0453368e-01   3.1254543e-01  -3.3710726e-01   1.9178275e-01  -5.1519197e-01  -3.0060289e-01  -4.5968455e-02   9.2586797e-02  -4.9452819e-01   4.7643109e-01   4.3195410e-01  -1.6013396e-01  -1.1820333e-01  -4.5701878e-02   3.3369228e-01   1.5316132e-01  -3.4830224e-02   5.2874399e-03  -9.6496066e-02  -2.9622166e-02   6.1055308e-01   5.7489168e-01  -1.5991278e-02  -7.0952094e-02  -6.9605000e-03  -1.3197162e-01   1.2828378e-01  -2.6760470e-01   1.3628966e-01  -2.4663029e-01  -4.0264467e-01   3.9499529e-01   6.5053222e-02   6.2498995e-01  -2.5893035e-01   4.2115702e-01   9.4129719e-02  -4.0915692e-01   2.2065647e-01  -2.7424853e-01   3.3446119e-01   5.4594866e-01  -1.6847305e-01   4.9308392e-01   7.7983106e-01  -7.5249128e-03   2.9288168e-01  -2.1831372e-02   3.2039035e-01   1.5313530e-01   2.9737401e-02   6.9056557e-01  -4.5406989e-01  -1.9833659e-01  -1.5562353e-01   4.7214044e-01   6.3407399e-02  -5.9090805e-01  -2.0409423e-01  -3.8110641e-01   3.3861624e-01   7.5186579e-01  -4.7117355e-01   4.9437402e-01  -4.2696007e-01   4.9824758e-01  -6.8010325e-02  -2.1096539e-02  -7.4324273e-02  -4.7929660e-01   4.4921508e-02  -2.1975557e-01  -2.7442224e-01   4.4534775e-01   5.1741156e-01  -2.5754427e-01  -1.7168132e-01   1.1114996e-01   1.0478720e-01  -6.8148250e-02   1.5225980e-01   3.2502517e-01  -1.5387419e-02   7.1132829e-03  -3.7471563e-01  -3.8045282e-01   5.7142176e-01   6.2104905e-02  -3.7393090e-01  -1.5564075e-01   4.8193356e-01   1.8065376e-01   5.7990606e-01   6.1659733e-01  -2.4793929e-01  -9.2139473e-02   5.8355998e-01  -2.0275044e-02   2.9301641e-01  -1.4043115e-01   1.6322150e-01   1.1112309e-01  -1.4221158e-01  -1.7412114e-01   9.4746635e-03   2.1202621e-02   3.3132541e-02  -6.1219749e-01  -2.4364705e-01   6.2497426e-01  -4.5529844e-02   3.9349507e-01   2.4946892e-01   7.6137258e-02   5.6767760e-03   1.3616310e-02   3.0626104e-02   4.8463751e-01  -4.0171404e-02   2.5896577e-01   3.2343074e-01  -3.1719751e-01   5.4757255e-01   4.1199872e-01  -1.8215242e-01   2.3829299e-01   7.1067809e-02   2.9285146e-02   2.6410838e-01  -2.7203688e-01   1.6145600e-01  -6.0341971e-02  -1.1053577e-02  -3.7862164e-01   5.2108881e-01
  -6.8927140e-01   4.3246002e-01   3.3249195e-01   1.7259570e-01   4.1946040e-01   1.3668873e-01   1.8385528e-01  -8.1210065e-02  -6.5568424e-03   0.0000000e+00  -1.0263430e-01   4.1740169e-01  -1.1126297e-01  -5.9805069e-01   8.4717028e-02  -1.0996293e-01   3.2097161e-01  -4.2095999e-01   1.0487126e-01   5.0511019e-01   8.4724038e-02  -2.9518170e-01   3.3383796e-01  -6.3456199e-01  -2.9590812e-01   4.9276289e-02   4.9665604e-01  -5.1473783e-01  -4.0873051e-01  -1.0171862e-01  -8.8266647e-03  -3.7633182e-02  -2.9176089e-02   6.7027652e-01   1.6199002e-01   1.2255150e-01   3.5528217e-01  -4.9319759e-01  -1.1946198e-01   7.8122328e-01   7.4610281e-02   5.8866731e-02   4.2286709e-01  -3.6473003e-01   1.0127384e-01  -4.9863042e-01  -2.7930919e-01   2.2604616e-01   3.7681101e-02   5.2043999e-01  -3.1958954e-01  -9.0113929e-02   4.6183452e-01  -7.6910897e-02  -2.9505080e-01  -4.1962016e-02  -2.0415069e-01  -8.9314994e-02  -1.1961216e-01  -4.0698273e-01  -1.2181650e-01   1.9624803e-01  -7.3792161e-02  -3.0508662e-03  -2.4068255e-02   4.1993135e-01   2.3624143e-01   2.2850424e-01  -2.4105089e-01   8.2924438e-02   5.9467169e-01  -3.3774121e-01   1.7163293e-02  -3.3968669e-01  -4.1543058e-01   9.1845580e-04  -2.4636030e-01  -7.0203922e-02   4.3786258e-01   3.4922909e-01  -3.0936892e-01   3.6316471e-01   2.9322105e-01  -1.2737433e-02  -5.0094882e-01   2.5394105e-02  -7.1811695e-02  -5.6752990e-01   3.9665545e-01  -6.7012105e-01   3.6521671e-01  -2.3313374e-01   7.9378809e-01   1.4223357e-01  -1.5414036e-01   5.2057490e-01   2.7589585e-01   9.0324264e-02   3.0531954e-01   8.6774124e-02   1.3572277e-03  -5.4726671e-02  -2.9434233e-01  -1.9582941e-01  -2.1350084e-01  -1.3543931e-01  -3.7317166e-02  -4.5670081e-03   3.3273011e-01   4.9181401e-01   7.5466090e-01  -4.7301238e-01   1.3204852e-01  -5.8519761e-01  -1.4315964e-01   2.1946562e-01  -7.4445135e-02   1.2673798e-01  -3.1767340e-01  -1.9501268e-03  -6.3336780e-01   5.5726261e-01   1.8375530e-01   3.5854211e-01  -6.9935579e-01  -6.4635855e-01   2.9526436e-01  -1.7074509e-01  -1.3117854e-01   4.3213502e-01  -7.4398521e-02   2.5156004e-01  -3.9600921e-01   4.1392029e-01   1.2788486e-01  -3.4417457e-02   7.1660176e-02  -2.5813209e-01  -9.6596529e-02  -4.3152323e-01  -5.8621558e-01  -3.2817673e-01  -6.8707700e-02  -4.2295923e-01   1.7915417e-02   6.8454375e-02   7.4939637e-01   1.3169859e-01   4.7534413e-01  -1.1356682e-01  -3.7784716e-01  -1.9586859e-01  -4.5291301e-01   8.2605708e-02   5.2985517e-01  -6.5710333e-01  -5.0543184e-01   7.4819984e-02  -4.2155433e-01  -2.7076194e-01   1.1937428e-01  -1.8139241e-01   2.8978062e-01  -3.7736994e-01   8.2246128e-03   3.5516813e-01  -7.6870105e-03  -3.5338980e-01  -5.3835815e-01   5.8072247e-01   4.1907185e-01  -3.1323206e-01  -1.2152134e-01  -4.0929033e-01  -1.7342174e-01  -1.8916831e-01   3.8186514e-02
  -5.8085100e-03  -2.8538290e-01  -2.6667265e-01  -1.2121712e-01  -2.8597996e-01  -1.3721610e-01   1.3820284e-01  -2.3202795e-01  -1.7781169e-01  -1.0263430e-01   0.0000000e+00  -2.7563220e-01   7.8430102e-02  -5.2364601e-02   2.4567897e-01   5.6031325e-02  -9.4134142e-02   4.7862546e-01   2.7722803e-03  -1.3282608e-01   4.0225617e-01  -7.9196765e-03   1.0645613e-01  -1.0861320e-01   7.8540544e-02  -2.4621784e-01  -4.0081809e-01   1.6048482e-02  -1.9378274e-01   2.4529140e-01   5.2559712e-01  -1.6805957e-01   8.3459647e-03  -5.2042930e-02   1.8138431e-02   1.6107590e-01  -2.8643084e-02   9.1410925e-02  -3.3656487e-02  -2.3836251e-01   8.4377284e-02   1.5039677e-01  -2.9476141e-01   4.0266696e-01   1.4184335e-01   5.0126727e-02   4.1615270e-01   2.3333452e-01   1.5399330e-01  -2.7056613e-01   3.1856785e-01  -2.0694537e-01  -1.4339555e-01  -4.8673009e-02   1.7025101e-01   5.4371987e-01  -9.6988442e-02   6.4653738e-02   1.0834183e-01   2.5742282e-01   2.8821513e-01  -1.6026060e-03   2.1854877e-02   3.1945398e-01   1.6697513e-01  -1.3236908e-01  -1.6890330e-01   2.2502321e-01   3.5816525e-01  -1.3838018e-01  -1.4112827e-01   2.7773102e-01   1.6121519e-01  -7.7727385e-02  -1.5822020e-01  -2.0426811e-01   2.1339071e-01   8.6509370e-02  -2.2167667e-01   1.3128561e-01   1.0383805e-01   3.1209303e-01   2.0488825e-01  -1.2533177e-01   1.2466401e-01  -1.1071917e-01   2.3154506e-02  -2.1604783e-02  -1.5442574e-02   2.1709361e-02  -3.7022359e-01   1.0747892e-01  -3.3581945e-01  -1.8856563e-01   2.1023626e-01  -2.0202015e-01   7.9016984e-02  -1.7362669e-01   2.3043431e-01   2.6823550e-01   2.9611582e-01   4.8479058e-01   1.3785149e-01   1.7484037e-02   1.2588385e-01  -2.0239848e-01   2.6629003e-01  -1.8015045e-01  -8.7784589e-02  -3.6601538e-02  -1.2863994e-02   2.8037396e-01   1.7249942e-01   1.6510312e-02   1.4300149e-01  -4.4230611e-01   1.3349342e-01   2.2545663e-01   2.7641745e-01   8.1387516e-02   3.7471478e-02  -4.3067152e-01  -9.0525801e-02   3.5677244e-01  -2.1457624e-02   6.4531914e-02   2.4921046e-01   1.0956643e-01  -2.3512327e-01  -1.4180007e-01   3.7762386e-03   1.2094242e-01   3.8130894e-02   3.2575431e-01  -1.0595492e-01  -2.1692501e-01   1.3626297e-01   3.7075210e-01  -1.8993670e-01  -1.0939285e-01  -2.3092467e-01  -1.5263106e-02   3.9424966e-01   5.6084184e-03   4.5420387e-01   4.9038880e-01  -2.7478760e-01  -1.2144267e-01  -4.1107984e-03   5.1095122e-01   1.1050330e-01  -4.4469033e-02  -1.6116311e-01  -2.8859481e-02  -2.5995498e-01  -1.9765861e-01   1.8380302e-02  -1.1261614e-01   9.3493871e-02   1.5245456e-01   9.8843097e-02   3.3976514e-01   6.0279948e-02   2.8482333e-01  -1.0562594e-01  -4.1021190e-01  -1.2193242e-01  -1.6032331e-01  -4.0398991e-02  -1.9138285e-01  -3.2332832e-01  -4.4630024e-03   3.4847372e-01   2.9018366e-02  -1.2807368e-02   7.9794532e-02  -1.2579059e-01
  -3.6432739e-01   4.1689679e-01   4.7027619e-01  -5.3609019e-02   1.8572788e-01   4.8523931e-02   3.2602052e-01  -5.2380904e-02   4.8854900e-02   4.1740169e-01  -2.7563220e-01   0.0000000e+00  -2.9666685e-01  -2.6168921e-01  -5.5200135e-02  -1.0593698e-01   3.3471005e-01  -2.2843833e-01  -9.7725142e-02   1.8120248e-01  -2.8289027e-01  -2.1074101e-01   1.3105605e-01  -4.3565598e-01  -1.3033722e-01   2.0091372e-01   4.2038694e-01  -4.0733901e-01  -7.4245274e-02  -6.1497508e-02  -2.1803303e-01  -3.2461546e-02  -1.4557025e-01   6.0146713e-01   4.9839872e-01  -2.1788145e-02   3.1923134e-01  -2.8106279e-01  -3.9540905e-02   4.4957874e-01  -1.8331574e-01  -2.1260964e-01   6.9520736e-01  -2.5437288e-01   2.1304543e-01  -2.0611288e-01  -3.0308110e-01  -4.0544425e-02  -4.2059470e-02   5.2754083e-01  -2.6230047e-01  -4.2530378e-02   2.5312346e-01  -2.5631197e-01  -3.0989536e-01  -9.0165043e-02  -2.1752208e-01  -2.2118967e-01  -1.1875781e-01   5.6651920e-03  -2.0897537e-01   5.7210379e-02  -1.4752175e-01  -3.8902933e-02  -7.0711331e-02   4.4756770e-01   8.6792892e-02   3.3821198e-02  -3.3784911e-01   3.0911956e-01   3.5995895e-01  -2.6515171e-01  -1.9655150e-01  -7.3485243e-02  -1.3895040e-01  -1.9119666e-01  -3.4234077e-01   8.2889784e-02   4.1785172e-01   1.5536256e-01  -2.4530736e-01  -5.0389904e-02   6.5004692e-02  -2.2399748e-02  -2.9301937e-01  -3.1778681e-01   1.3261014e-02  -4.3725328e-01   6.4701664e-02  -3.8521879e-01   2.1091981e-01   4.2754596e-02   5.4674020e-01   2.6781906e-01  -2.7789597e-01   2.5011410e-01   1.0639939e-01  -4.8292822e-02   7.4345245e-02  -8.8477846e-02   2.2160452e-02   3.9999835e-02  -3.1373528e-01  -9.1086219e-02  -1.5000098e-01  -1.5985680e-01  -1.3659608e-01  -2.4390492e-03   4.1490194e-01   2.4272904e-01   4.9166346e-01  -4.4770696e-01  -6.7493460e-02  -2.6759721e-01   1.1974230e-02   1.1883226e-01  -9.7601586e-03  -2.1911309e-01  -7.7456722e-02  -4.9349795e-02  -5.5418131e-01   4.7646846e-01   4.8306893e-01  -1.9533924e-02  -4.3094459e-01  -3.0471363e-01   5.7000599e-02  -1.4150461e-02  -1.3534502e-01   5.4095349e-01  -1.4733500e-01   3.6955429e-01  -2.9699793e-01   4.9074179e-02  -7.1270071e-02  -1.7922125e-01   3.3764098e-02  -2.6368192e-01  -2.1343077e-01  -1.6380144e-01  -2.5561435e-01  -2.8357764e-01  -1.4746741e-01  -1.5284100e-02  -8.9840819e-02  -2.7644631e-01   6.8680840e-01  -9.5441023e-02   3.4848804e-01  -3.4559566e-01  -1.8364423e-01  -1.6720806e-01  -2.0338094e-01  -8.5071961e-02   6.5057226e-01  -2.6102060e-01  -4.5712761e-01   5.5874293e-02  -6.8426161e-02  -2.9018046e-01   1.4259184e-02  -9.1731426e-02   1.5393861e-01  -2.5077179e-01   6.0529904e-03   3.6456493e-01  -8.6688993e-02  -1.8054208e-01  -3.6351084e-01   2.9009039e-01   3.1838114e-01  -9.0502168e-02  -1.1613665e-01  -2.9096719e-02  -1.0942628e-01  -1.8075337e-01  -4.0474094e-02
  -1.0924048e-01  -4.6445107e-01  -1.1015419e-01   1.3330902e-01   2.3991818e-01  -2.6931901e-01  -4.7769443e-02  -3.3181600e-01  -2.8588460e-01  -1.1126297e-01   7.8430102e-02  -2.9666685e-01   0.0000000e+00  -6.1504396e-03   2.7440531e-01   2.6727259e-01  -8.8361378e-02   3.2208859e-01  -3.4051442e-01   2.8090606e-01   1.4610892e-01  -1.4555023e-01  -5.4074847e-02   6.4756152e-02   2.2707098e-01  -2.8769981e-01  -2.7359458e-01   5.4223193e-02   1.7888737e-01   3.1200079e-03  -1.2394526e-02  -3.5542240e-02   1.8859749e-01  -1.1128429e-01  -7.2654304e-02   3.9325852e-01  -1.8374195e-01   1.8045953e-01   3.5922815e-01  -1.7306638e-01   7.7901401e-01   1.8128238e-01  -2.8701629e-01  -2.1938418e-01   3.2522763e-01  -2.4671056e-01   3.3423209e-01  -6.6488639e-02   6.7152138e-02  -2.3726792e-01   4.2488626e-01  -3.7722830e-01  -2.8466060e-01   4.8206295e-01   2.6428473e-01  -1.3894503e-01  -2.1454635e-01  -1.2294325e-01   3.0295718e-01  -9.5353388e-02   1.9085956e-01   1.8600830e-01   5.0829743e-02  -1.5801118e-01  -9.1785624e-03  -2.1284561e-01  -1.8675032e-01  -6.6665497e-02   1.5528460e-01  -1.3830911e-01  -2.3958389e-01   6.4578564e-02   6.0806524e-01  -2.3624085e-01   2.6764575e-01  -2.9577048e-01   2.5699606e-01  -4.0209048e-01  -3.1218750e-02   1.6367121e-01  -2.0546916e-03   1.5335605e-01  -2.7581634e-01  -3.5820216e-01   7.1848218e-03  -2.7393861e-01  -2.2208072e-01   1.4302447e-01   1.0168107e-01  -1.2107515e-01   8.3251224e-02  -1.2908105e-01  -1.6369670e-01  -2.5465079e-01   3.0638858e-01   9.7764906e-02   2.1637123e-01  -2.9036323e-01   6.7252888e-03   1.9515563e-01  -9.3930698e-02   7.0263667e-02  -1.4407328e-01  -1.5394087e-01   1.7326717e-01  -1.1535653e-01   2.8817509e-01  -3.8054969e-01  -1.1257688e-01  -1.3918111e-01  -2.0449986e-01   2.2661660e-01  -2.5953446e-01   3.4242969e-02   5.8270668e-02  -1.8266857e-01  -3.6281628e-01   5.1577346e-01  -1.2037020e-01   2.3517556e-01  -4.9622415e-02  -4.4620248e-02  -2.9896012e-01  -1.5059560e-01  -1.2498543e-01   5.0626498e-03   2.1184793e-01   6.7056080e-02  -1.0864698e-01  -3.2840924e-01   5.6883264e-01  -2.1270550e-02  -1.6902857e-01  -1.1937230e-01  -1.5676148e-01  -1.9023010e-01   5.0924786e-01   3.0850650e-02  -2.4628944e-01   1.6877338e-01  -6.8457005e-02   6.7053091e-01  -1.4589591e-01  -2.0207470e-01   8.4401549e-02   1.0324525e-02  -2.0493398e-01   2.8847767e-01   3.3622339e-02   2.6610002e-01   1.1665021e-01  -3.2391290e-01   7.7511039e-02  -2.3563680e-02  -2.7683138e-01   4.3190440e-02   7.0942799e-02   9.4607123e-02   4.9702442e-03  -1.3779587e-01   2.7114521e-01  -3.3589189e-01  -6.5621982e-02   2.0719844e-01  -1.7377308e-01  -8.7344604e-02   2.8591903e-01  -1.4137441e-01   6.7707859e-02  -1.4668349e-01   1.5634841e-01   1.4793263e-01  -1.3906528e-01  -9.9857664e-03   3.0341564e-01   3.7381304e-01  -2.3191883e-01
   6.6739971e-01  -2.4596373e-01  -2.0556224e-01  -1.2229309e-01  -3.8657515e-01  -2.4857717e-02  -4.1595428e-01   1.8310051e-01   7.1724362e-02  -5.9805069e-01  -5.2364601e-02  -2.6168921e-01  -6.1504396e-03   0.0000000e+00  -9.9178720e-02   9.0373886e-02  -3.5644069e-01   1.5710128e-01   6.9975693e-03  -5.0904981e-01  -3.5696727e-01   3.2032449e-01  -5.1920182e-01   6.9617329e-01   1.7322350e-01   5.4575038e-02  -3.7233850e-01   4.5211975e-01   2.2467159e-01  -1.5471239e-01  -2.0315446e-03   1.1041249e-01   5.2525170e-02  -4.0501327e-01  -7.1741233e-02  -2.9283355e-01  -2.3421733e-01   3.1405991e-01   1.3482531e-01  -4.5779421e-01  -1.6158283e-01   2.1840973e-02  -2.4429316e-01   2.1485520e-01  -1.2219915e-01   2.3141385e-01  -1.5345826e-03  -4.1081576e-01  -1.8572572e-01  -3.7635340e-01   1.6035992e-02   1.3358831e-01  -2.9888820e-01   1.4629021e-01   2.7356513e-01  -1.0235557e-01   3.5215094e-01   9.0757727e-02   4.7648632e-03   3.4245441e-01  -6.3000962e-02  -1.6898034e-01   3.3378950e-02   1.1143597e-01  -1.3976479e-01  -4.5355409e-01  -1.4461841e-01  -5.9924054e-02   3.9553784e-03  -7.6119744e-02  -4.5801629e-01  -2.5989440e-03  -2.9386372e-02   4.9250048e-01   3.0285736e-01   1.1169393e-01  -2.0911382e-02   2.6320523e-02  -2.9911919e-01  -2.0292970e-01   1.3645073e-01  -4.0357174e-01  -3.7057904e-01   1.8765029e-01   4.9369232e-01   7.4542346e-02   1.8730275e-01   4.8781122e-01   3.7464138e-02   5.4368372e-01  -2.1331335e-01   1.5542205e-01  -6.1299859e-01   4.0209528e-03   4.9436678e-02  -4.1780837e-01  -2.4805387e-01   1.0498037e-01  -3.0855430e-01  -3.4693598e-01  -9.6365979e-02  -1.0678047e-01   2.0283645e-01   3.1032965e-01  -8.9414619e-03   1.5824528e-01   3.7899760e-02   1.2166661e-01  -2.3533422e-01  -4.6880787e-01  -6.7965454e-01   2.7197362e-01  -6.4176481e-02   5.4661606e-01   1.2337189e-01  -4.6596511e-02   6.9608867e-02  -2.5564714e-01   1.9129555e-01  -3.4548239e-02   4.7998907e-01  -4.7474713e-01   8.8071737e-02  -2.6127792e-01   5.0457725e-01   7.7906862e-01  -2.9213162e-01   1.2937142e-01   1.0023729e-01  -2.3204204e-01   3.3590881e-03  -1.0696661e-01   5.9804911e-01  -4.1571632e-01  -4.6043320e-04   7.1095648e-02  -7.0485448e-02   2.3767789e-01   9.1891921e-02   3.6032268e-01   6.7669014e-01   1.6556821e-01  -1.1608770e-01   4.2596314e-01   6.1815055e-02  -2.2041217e-01  -5.4128775e-01  -2.0106227e-01  -5.2407542e-01  -1.9874297e-01   3.6375980e-01   2.3509476e-01   3.7788918e-01   8.2277713e-02  -2.0813980e-01   5.7815837e-01   2.8789462e-01  -2.3537131e-01   1.5387158e-01   1.3210718e-01   2.1755427e-02   1.1788620e-02  -2.3728872e-01  -1.1058359e-02   5.8909864e-02  -9.5545330e-02   8.9449486e-03   3.6814953e-01   3.1380271e-01  -4.8826245e-01  -1.6232704e-01   1.8985592e-01  -1.4981043e-01   3.9241152e-01   5.5990275e-02   8.3328726e-04   1.1291906e-01
