   0.0000000e+00  -3.1034348e-01   1.0421598e-01   2.4676773e-01   1.5711696e-01  -1.7058212e-01  -2.3947076e-01   2.2723399e-02  -1.5934722e-01   8.5505009e-02  -2.4229988e-01  -5.8614969e-02   1.4306121e-01   2.6504713e-01   1.5952859e-01   9.7434178e-02   3.4758404e-02  -1.4500934e-01  -5.4277392e-02   1.1577858e-01  -3.6710715e-01   4.8737347e-02  -3.6812795e-02   6.1245505e-01   1.6389381e-01  -8.5099236e-02  -1.5836908e-01   2.2000018e-01   4.1134132e-02  -1.4308606e-01  -3.1527009e-01  -1.5142018e-04   1.0567289e-01  -1.9061741e-01  -1.4809014e-01  -7.1111569e-02  -2.1191240e-01  -6.6363444e-02  -1.5389033e-01  -2.4862646e-01   1.2901212e-01   1.2043827e-01   7.7588563e-02   6.1763695e-02   2.6779683e-02   9.6699727e-02  -8.8632702e-02  -3.6958764e-01   2.6872880e-03   5.3335115e-02  -1.8442414e-01   4.9002527e-02  -2.7104558e-01   2.4319036e-01   2.5054913e-01   2.3244090e-01   4.4628185e-02   1.6775903e-01  -7.4530256e-02  -1.2871732e-01   2.3733977e-02  -9.3822559e-02  -7.2843690e-02  -3.2071006e-01  -2.8229015e-01  -6.6988624e-02  -8.1329348e-02   1.4560917e-01  -4.9888160e-02   3.7490728e-01  -3.4205231e-01   1.5595075e-02  -5.6856235e-02   4.9108352e-01   1.4842203e-01  -3.2915854e-01   3.0880409e-02   2.6797216e-01   4.8181912e-02   1.3490624e-01   2.5007934e-01  -7.8144911e-02  -2.5328866e-01  -6.9599852e-02   1.7774312e-01  -1.7876348e-01  -3.9327482e-01   6.2808835e-01   1.3052783e-03   6.2425524e-01  -2.0309712e-03   1.1886166e-01  -9.9265031e-02   9.4345777e-03  -2.1778791e-02   2.5022224e-02   3.1178218e-01  -2.2360777e-01   1.1816755e-01  -2.2715453e-01   6.7758103e-02   5.5910438e-02   2.7979142e-01   2.5320718e-02   4.6534269e-02  -1.5379424e-01   1.8369908e-01  -1.8018105e-01  -1.3328400e-01  -2.6829359e-01  -1.3186992e-01   2.4241221e-01  -4.7476842e-02   6.0765336e-01   4.4101993e-01  -1.7767592e-01   3.5634481e-01   6.7603121e-02   3.4580890e-01   2.6429341e-01   2.4612396e-01   3.8134564e-02   7.2885001e-02  -2.7369031e-01   2.7323814e-01   2.3996036e-01  -7.7966081e-02  -3.2349910e-03  -4.9415966e-02   3.4407688e-01  -2.2447551e-01  -1.1564615e-01  -2.3063367e-01  -1.7693958e-01   1.9321269e-01  -2.4200009e-01   1.2565876e-01   2.7206315e-01  -2.2902330e-01   6.7428080e-02   5.1110597e-01   6.5039941e-02   1.0661393e-01   2.9325124e-01  -8.2823630e-02  -3.9400871e-01  -1.2233330e-01  -1.4000851e-01  -1.0233817e-01  -3.8556915e-01   5.8891056e-01   2.5632481e-01   4.0939574e-01  -1.4369249e-01   5.2974031e-02   2.8221655e-01   1.2541084e-01   4.5235862e-02   7.8852859e-02   1.6457998e-01   2.2721131e-03  -2.2693681e-01  -2.1691635e-01  -8.5279069e-02   1.0795786e-01  -1.0328201e-01  -5.0766479e-02   6.0059281e-02   4.7792546e-01  -1.4379764e-01  -9.4793266e-03  -3.0115010e-02  -1.0009440e-01   6.0524667e-02  -1.0830793e-01  -3.7597160e-02  -1.4408761e-02
  -3.1034348e-01   0.0000000e+00   3.4464445e-01  -3.4182569e-01   2.6125467e-01  -1.7940987e-01   1.7946350e-01  -2.2699075e-01   4.8920594e-01   3.3324972e-01   5.4118377e-02   5.2947607e-01  -3.9607088e-01  -3.2845413e-01   3.3941488e-02  -1.6351264e-01   4.4371656e-01   2.4667853e-02   2.8596603e-01   2.8627712e-01   6.7559595e-02  -4.6638019e-01  -2.3090773e-01  -1.2869709e-01  -1.9010838e-01  -1.2574984e-01   2.6906746e-01  -2.3894559e-01  -1.8296292e-01  -1.3881217e-01   5.3193128e-01  -2.6135994e-01  -1.7765055e-01   5.6120455e-01   6.2207438e-01   2.0502879e-01   5.4432038e-01  -1.6051378e-01   1.2434407e-01   6.6950992e-01  -1.8292527e-01  -2.0637249e-02   5.0310679e-01  -1.5249731e-01   2.0776621e-01  -1.5257120e-03  -2.3191254e-01   1.3534664e-01   1.4377116e-01   4.5330241e-01  -1.2696673e-01  -3.4052355e-01   6.1584901e-01  -2.9547011e-01  -1.3323385e-01  -2.9180241e-01   1.1196120e-01  -4.1425940e-01   1.2405514e-02   2.2942123e-01   1.1568804e-02  -9.9027881e-02   3.0093690e-02   3.5530233e-01   6.8482696e-01   1.9397213e-01   6.8143226e-02  -2.5277925e-01  -2.9313514e-01  -1.4648368e-01   5.5711705e-01  -4.1843523e-01   2.4607663e-01  -2.9325867e-01  -2.3522031e-01  -2.5776017e-02  -2.5703189e-02  -2.5930753e-01   4.9178436e-01  -3.4592977e-01  -2.4287380e-01   1.3811247e-01   2.4366247e-01   2.6207548e-02   4.6781398e-01  -3.1089597e-02   6.5395931e-01  -2.8165575e-01   2.8842989e-01  -2.7810924e-01   6.0211024e-01   4.4341824e-02   6.9585122e-02   2.9268334e-02  -3.1099396e-01   3.3016076e-01  -4.3231097e-01   5.4504698e-02  -1.1249140e-01   1.7638986e-01   2.4556930e-01   2.3455286e-02  -3.9363673e-01   5.7244603e-02  -3.7128288e-01  -1.4748627e-01  -4.6035209e-02  -1.8174827e-01  -8.7178255e-02   2.8223042e-02   2.3657643e-01  -4.1907547e-01  -2.4192161e-01  -2.4225429e-01  -2.4666137e-01   7.6975464e-01  -2.9646602e-01   1.8469107e-01  -5.1189888e-01  -4.6571960e-01  -2.3984032e-01   2.5419911e-01   2.4971944e-01   4.0655027e-01  -1.5223680e-01  -8.7623058e-02   1.2908873e-01  -2.8914277e-01  -4.1291027e-01  -2.6807939e-01  -2.6543412e-01   5.9072875e-01   5.4909437e-01   1.0015960e-01  -9.6672618e-03  -5.2701423e-02  -3.0105199e-01  -2.7249107e-01  -2.7263325e-03  -4.7285269e-02  -2.7740805e-01  -1.4928534e-01  -4.1707899e-01  -3.8510833e-01   2.7173601e-01  -7.8812058e-02   4.8746355e-01   5.3501809e-01   6.8103112e-02   5.4869098e-01  -1.8651792e-01  -1.5412001e-01  -1.3834085e-01   1.7793060e-01   5.1981109e-01  -1.6778481e-01  -2.6815264e-01  -1.2322668e-01   1.0037962e-01  -2.4946996e-01  -1.4266777e-01  -2.7622576e-01   5.6645997e-01  -2.7830038e-01  -1.9136868e-01   4.3011894e-01   1.3081805e-01  -1.1222666e-01  -2.1830436e-01   2.7002523e-01   4.8850456e-01  -2.5283807e-01   9.5140383e-02   1.2545734e-01  -4.7252059e-02  -7.5101185e-02  -1.9926856e-01
   1.0421598e-01   3.4464445e-01   0.0000000e+00  -2.6601524e-01   3.2343322e-01  -1.6652254e-01   6.5698493e-02  -3.2484754e-01   3.0955700e-01   1.0632812e-01  -3.8008133e-01   6.3573309e-01   1.0773578e-01  -3.0793334e-01   1.6619433e-01  -1.7550252e-02   8.1615735e-01  -2.7136570e-01   4.4566081e-03   4.0102085e-01  -4.5649141e-01  -1.6475307e-01  -2.4368068e-01   8.0428941e-02   1.9776069e-01  -2.9422846e-01   4.3563300e-01  -1.1387268e-01  -6.2076286e-03  -4.0171836e-01  -1.5685380e-01  -3.0328482e-01  -3.8248738e-02   2.0558050e-01   3.1081808e-01   7.2565253e-02  -1.5441032e-01  -1.0969599e-01  -7.5117252e-02   5.5126345e-01  -6.1461154e-02   5.3844704e-02   5.4219532e-01  -3.1544480e-01   3.7840794e-02   4.3621663e-01  -2.9734542e-01  -3.6466134e-01  -1.6597407e-01   7.3244450e-01  -1.6453922e-01  -4.0850514e-01  -2.5210447e-02   3.6237456e-01  -5.4334500e-02  -2.0411705e-01  -7.6642801e-02  -2.4406505e-01  -2.7240953e-01   3.0601870e-01   5.0262233e-01  -6.7038167e-02   7.8856714e-02  -2.8008121e-01   5.6996056e-02   4.6630936e-02  -1.4909701e-01   1.1035780e-01  -3.4341697e-01   4.9650978e-01  -1.5589641e-02  -2.8664233e-01  -6.9534086e-02   2.3503008e-01   2.0759835e-01  -2.2707679e-01   2.7221191e-01  -2.6720982e-01   4.1242857e-01  -1.1833337e-01  -1.8682187e-01   7.6699210e-02  -1.7784695e-01  -2.3890546e-01   5.1353887e-01  -1.7480812e-01   7.0410544e-02   1.6917507e-02   3.0415632e-01  -2.1571245e-03   3.6755052e-01   6.5502215e-01   2.0609565e-01   1.1862266e-01  -6.4609682e-02   3.4299420e-01  -1.7896043e-01  -1.3519500e-01   2.6854510e-03   2.5562388e-02   1.6075540e-01   7.2274268e-02  -2.2374579e-01  -1.6917220e-01  -4.1370914e-01  -2.4413589e-01   5.7079270e-01  -2.2492575e-01   3.6951321e-02  -3.9949826e-01   2.8857390e-01  -2.6721620e-01  -3.3987636e-02  -5.6340924e-02   4.5797729e-02   2.0050639e-01  -2.8466429e-01   1.5253758e-01  -1.3193803e-01  -2.8910752e-01  -1.8705075e-02   3.0189625e-01   4.5820831e-01  -2.6719723e-02   1.0761869e-01   3.5351387e-01   1.4598151e-01   2.9412370e-02  -3.4934395e-01   8.1750385e-02  -6.3434847e-02   5.1701194e-02   1.3850825e-01  -2.4963087e-01   4.5513665e-01  -2.5185043e-01   1.0136376e-01  -2.5605579e-01  -1.4993670e-01   1.2461150e-01   8.5866878e-02   2.3243323e-01  -3.5999437e-01  -9.0442974e-02   1.9753463e-01  -3.3661736e-01   6.3073361e-01  -4.9367995e-02   3.4040846e-03  -2.6084579e-01   1.7200615e-01  -2.1955999e-01   2.1248905e-01  -2.4053019e-01   7.2426243e-01   2.8960081e-03  -8.8868986e-02  -2.2444398e-01   5.2596493e-01  -3.2097410e-01   4.3472648e-02  -5.2771475e-01  -7.6242524e-02  -4.2348124e-01  -1.7410056e-01   2.5056899e-01  -1.9964192e-01  -1.6046018e-01   9.1185254e-03  -9.8935224e-02   3.7717186e-01  -8.3675685e-02  -2.0286977e-01   2.4378487e-01   5.1279177e-02   1.8130233e-01  -8.3112923e-02
   2.4676773e-01  -3.4182569e-01  -2.6601524e-01   0.0000000e+00   2.6655303e-03   3.9950547e-01  -8.9589542e-02   4.9321173e-01  -2.6622819e-01  -4.0852977e-02   9.1969101e-02  -1.2404839e-01  -1.9945607e-02   2.5618000e-01  -9.5288921e-02   5.7057301e-01  -2.3671855e-01   3.5931276e-01   1.1899391e-01  -5.6016198e-03   1.7252264e-01   4.9270391e-01   1.8674282e-01   2.9665096e-02  -9.7065066e-02   3.7899971e-01   1.0041964e-01   2.5230386e-01   7.1003562e-02   5.9506744e-01  -2.0252318e-01   6.2097248e-01   3.8244020e-01  -2.2388568e-01  -3.4140356e-01   2.3767744e-01   3.7564382e-02   1.3898323e-01   3.5249430e-01  -2.7837542e-01   2.4757520e-01   5.5184171e-02  -3.0236643e-01   1.2149105e-01   7.9060295e-02  -9.1811452e-02   4.6084179e-01  -6.1168952e-02   6.1330924e-02  -2.1979060e-01   4.9307905e-01   5.4443831e-01  -2.3277358e-01   1.0927563e-02   2.4613453e-01   2.6594427e-01   2.6044548e-01   6.4219948e-01   6.2659166e-01   1.3257996e-01  -5.4364710e-02  -8.1541741e-02   2.1620691e-01  -1.2213436e-01  -1.8386847e-01   6.2116149e-02   4.1772637e-01  -1.0694525e-01   5.6482126e-01  -5.9884193e-02  -3.7481500e-01   5.6116188e-01   1.9441490e-01   1.1336069e-01  -7.1557712e-02   3.5297964e-01   2.5716857e-02   2.5546737e-01  -1.7462375e-02   2.9886941e-01   1.4763172e-01   7.2678689e-02  -1.3035502e-01   3.8604822e-01  -2.6647404e-01   4.2855742e-01  -2.6016990e-01   1.0020862e-01  -3.5961740e-01   2.0018430e-01  -1.3973733e-01  -8.4947305e-02   6.0785659e-02   2.2171650e-01   4.9097792e-02  -4.8054301e-02   2.9970429e-01   1.2611248e-01   2.6670760e-01  -4.2391641e-02  -3.4071152e-01   2.2591750e-01   4.0830418e-01   2.2063210e-01   5.5712361e-01   6.9251770e-01  -8.9864002e-02   3.9409490e-01   1.4164215e-01   2.2327910e-01  -2.8329076e-01   6.1083186e-01   2.7123680e-01   2.2153384e-01   5.0169153e-02  -2.1735170e-01   3.9805187e-01   1.9872716e-01   1.4790880e-01   6.0674131e-01   1.9682921e-01  -4.9533439e-02  -3.1733572e-01  -5.0417249e-02   1.9135584e-01   2.5784552e-01   3.2009180e-01   9.0923083e-02   5.8456106e-01  -5.8159681e-02   2.6744424e-01  -2.5384865e-01  -3.0204638e-01  -5.5501045e-02  -9.4129668e-02   1.6238756e-01   6.4566826e-02   2.2910278e-01   3.3295386e-01   8.7410910e-02   1.4070141e-01  -2.1835497e-01   4.1352633e-01   1.4080271e-01   3.5630688e-02   2.9904325e-01  -2.7099284e-01  -4.4419879e-02   2.5378396e-01  -1.4280267e-01   4.4019576e-02   3.8862223e-01  -4.3723264e-03  -1.2763314e-01  -2.4419241e-01   1.2612600e-01   2.0810805e-01   5.7361613e-01  -1.6482162e-01   3.5189789e-01  -1.3077146e-01   2.4848634e-01  -1.3216837e-01   5.6217106e-01   6.4072459e-01  -1.4015261e-01  -2.0895161e-01   2.7332031e-01   1.9048058e-01  -2.1229625e-02  -6.9804203e-02   2.5366430e-01   5.9919699e-02   2.2053250e-02  -1.4276453e-01  -3.3540856e-02   6.0762414e-01
   1.5711696e-01   2.6125467e-01   3.2343322e-01   2.6655303e-03   0.0000000e+00   1.2364539e-01   1.1360132e-01  -1.4829903e-01  -7.6269489e-02   2.7185302e-01  -1.0148747e-01   5.0810842e-01  -1.4637267e-01  -1.9850666e-01  -1.9005000e-01  -3.5969872e-02   2.0735002e-01   1.3375079e-01   5.1266708e-02   7.3150145e-01  -4.9059369e-02  -1.0769504e-01  -2.1688004e-01   1.1636851e-01  -2.5766421e-02  -2.5937740e-02   4.0616800e-01  -1.5340778e-01  -3.2010526e-01  -8.8193737e-02   5.5078851e-02  -1.4366394e-01  -7.3659887e-02   3.1404325e-01   2.3357512e-01   6.7099542e-01   1.2918428e-01  -1.0187957e-01  -2.9094479e-01   2.6573801e-01   8.4468725e-02   1.0402159e-03   2.6723048e-01  -1.8742771e-01   3.4965911e-01  -9.3742015e-02   9.3935790e-02  -1.3614019e-01   1.6936721e-03   2.7529549e-01  -3.0842192e-02  -1.3948546e-01   1.7713333e-01   9.7890764e-03  -2.0168529e-01  -1.6746055e-01   2.3325024e-01  -1.8702031e-01  -5.1951895e-02   2.0475142e-01  -1.8852199e-01   4.4618203e-02  -2.8241006e-02  -1.1223103e-01   2.6842178e-01   3.1072849e-01   1.7873368e-01  -1.8674501e-01  -8.9712052e-02   1.2218299e-02  -5.5403258e-02  -6.9962142e-04   6.1174896e-02   3.0406668e-02   1.0256090e-01  -8.2081381e-02  -2.1350652e-01  -1.6905822e-01   6.7009089e-01  -3.8856890e-02  -2.2331989e-01  -2.2809220e-02  -1.3488173e-01  -2.7241187e-02   1.1839458e-01  -3.3589294e-02  -7.1334392e-02  -1.6310251e-02  -6.3389225e-02  -5.3308621e-02   4.9170917e-01  -3.7553473e-02   3.3772006e-01   8.2002274e-02  -2.3629916e-01   5.1903527e-01   7.9356758e-02   8.3150185e-02   3.5232763e-01   2.4230471e-01  -2.0813491e-01   1.1363545e-01  -1.9020518e-01  -2.0281152e-01  -1.5726299e-01  -6.4042966e-02   1.4093715e-01  -4.5148634e-02   1.3591439e-01   1.2557248e-01   1.1115162e-01  -1.0243885e-01   7.8321853e-02   6.7300900e-02  -1.9388899e-01   3.5282117e-01  -1.6351034e-01   2.0013359e-01  -2.8877545e-01  -1.3909013e-01  -1.0143298e-01   6.2465884e-01   2.0289317e-01   4.4169547e-03  -2.7464636e-01   2.2019245e-01   3.2529322e-01   3.0870489e-02  -2.1864094e-01  -1.7094267e-01  -2.9700183e-01   3.9950536e-01  -1.2762178e-01  -3.3529891e-01   2.9468932e-02  -6.4598594e-02  -4.8002282e-03  -2.8817316e-01  -1.0796466e-01   3.2004054e-01   2.2859729e-03  -5.3753689e-02  -3.1403804e-01  -2.6268640e-01   1.9814525e-01  -3.1255736e-01   2.3426271e-01   3.3622818e-01   3.5939015e-01   7.7494142e-02  -1.0600634e-02  -5.1695491e-03  -7.2230082e-02  -1.2643126e-01   3.0499937e-01   1.0063500e-01  -2.7723697e-01  -1.5592569e-01   1.6310657e-02  -1.5797866e-01  -1.6548975e-01  -3.5969047e-01   1.1118141e-01  -1.4129103e-01  -9.5175990e-02   4.8807430e-01   8.3896044e-02  -1.4133346e-01  -9.2657335e-03   3.5292310e-01   5.5693909e-01  -2.6878206e-02   2.4177524e-01   5.6192125e-02  -1.5815537e-01   2.2058838e-01  -4.2403613e-02
  -1.7058212e-01  -1.7940987e-01  -1.6652254e-01   3.9950547e-01   1.2364539e-01   0.0000000e+00   2.8587029e-01   5.8747629e-01  -2.3828727e-01   2.7200521e-02   1.9539745e-01  -1.1099835e-02  -7.9796295e-02   1.1061327e-01  -1.6358842e-02   4.2234405e-01  -1.1499702e-01   4.2340737e-01   1.6822054e-01   1.0711041e-02   3.8669234e-01   4.9859184e-01   2.4949715e-01  -2.4540148e-01  -2.2891642e-01   4.0071954e-01   3.7859502e-01   3.7734739e-01  -1.7316557e-01   5.5389854e-01   3.9634332e-02   5.1394071e-01   1.2670957e-01   1.7955829e-02  -2.5482205e-01   3.2088842e-01  -4.8206227e-02   7.4108312e-02   1.7655941e-01  -2.4607049e-01   1.0063213e-01  -6.5020728e-02  -3.7908157e-01   1.0718419e-01   1.9220299e-01  -9.9452548e-03   4.8603156e-01   1.8482522e-01   3.4168446e-02  -3.1354829e-01   5.4663418e-01   5.1800999e-01  -5.2655730e-02  -2.6770617e-01  -1.0232353e-01   1.5257197e-01   2.3864750e-01   4.5983962e-01   3.3339429e-01   2.6423321e-01  -1.2905039e-01  -7.0705009e-02   6.8591737e-02   1.0016675e-01  -1.2668314e-02   3.0000250e-01   6.6025019e-01  -3.6829906e-01   7.2399596e-01  -1.1648560e-01  -2.9550013e-01   5.2888123e-01   6.6652555e-02  -2.0934283e-01  -3.0969762e-01   2.6815946e-01  -1.0893225e-01   3.0018246e-01  -6.1154227e-02   1.9725924e-01   1.2839050e-01   2.3110126e-01  -2.2410826e-01   4.1527963e-01  -3.8612421e-01   2.7198140e-01  -2.3233100e-01  -2.4105021e-01  -3.3101887e-01  -7.0215502e-02  -1.7995764e-01  -1.9213610e-01   1.6765978e-01   2.0678880e-01   8.7346834e-02  -1.8876768e-01   2.8983640e-02   3.8505056e-01   9.2766239e-02   1.6109537e-01  -4.2437761e-01   4.3596649e-01   3.0581744e-01  -4.7990978e-02   5.6210416e-01   4.8265984e-01  -2.9340749e-01   5.1918975e-01   2.8968227e-01   5.6480923e-01  -2.8585560e-01   6.6741355e-01   2.6800972e-01   1.6661093e-02  -1.0608010e-01  -1.4931383e-01   3.5137270e-01   2.3706616e-01   2.3433508e-01   4.3334255e-01   2.3339915e-02  -1.3161173e-01  -3.9651376e-01   1.7802740e-01   1.2018629e-02   2.8072530e-01   4.7312369e-01  -6.5623392e-02   4.4971201e-01  -2.0477680e-01   1.9470833e-01  -2.1420982e-02  -2.4091751e-01  -7.3696660e-04  -1.6558455e-01   4.3902177e-01   1.8592970e-01   2.8000226e-01   4.7853296e-01   4.3509144e-02  -1.8158435e-01  -1.7467920e-01   3.6334782e-01   1.2623641e-01   2.5146592e-01   3.9266740e-01  -2.2066154e-01   9.1346564e-02   5.3567004e-01  -7.8560070e-02  -2.5863944e-01   3.3170501e-01  -2.4329682e-01  -2.2571659e-01  -4.9965088e-02  -5.7723174e-02   1.9322143e-02   3.5199811e-01  -8.4177909e-02   4.3292701e-01  -2.8612444e-01   2.2331057e-01  -5.3585427e-02   5.7202425e-01   3.0494716e-01  -2.7770299e-03   1.1353993e-01   4.8769023e-01  -1.4096689e-01   4.9124280e-02   1.6200559e-01   2.1341637e-01   2.3225461e-01   1.2618961e-01  -1.5284410e-01   1.0323685e-02   4.9222469e-01
  -2.3947076e-01   1.7946350e-01   6.5698493e-02  -8.9589542e-02   1.1360132e-01   2.8587029e-01   0.0000000e+00   9.9101269e-02   5.3915456e-02   4.4064840e-01   1.8298534e-01   2.2556841e-01  -2.9937364e-01  -1.2080667e-01   4.0727972e-01   1.3985599e-01  -1.4988278e-02   5.0302125e-02   8.1181310e-02   4.5985908e-02   1.6833215e-01  -6.4895469e-02   5.9392744e-01  -2.1548028e-01  -5.8913584e-02  -1.1247754e-01   2.8048173e-01   9.9883948e-02  -7.9865788e-02   6.8669017e-02   3.1164700e-01   1.1161635e-03  -4.4709821e-01   5.7126936e-01   2.7966096e-01   3.3408291e-01   1.1018448e-01   2.2218277e-02  -1.1672763e-02   2.4667316e-01   8.7984280e-02  -3.1611732e-01   7.6314122e-02   3.5807905e-03   3.0406385e-01  -3.1625674e-02   3.6081636e-02   3.8793403e-01  -9.6236384e-02   2.7262844e-03   2.7816900e-01  -1.3137743e-01   3.1409268e-01  -3.1749906e-01  -1.2139717e-01   2.2378320e-01   2.5813094e-01  -1.0466471e-01  -1.1116865e-02   5.2504123e-02  -1.9197874e-02   1.3611848e-01  -3.0468767e-01   2.2507551e-01   1.1253704e-01   6.6180404e-01   1.2251540e-01  -1.1986278e-01  -4.9756426e-02  -1.8656935e-02   3.0871760e-01   3.9495187e-02   2.6535834e-01  -2.4523227e-01  -3.3054463e-01  -4.8993934e-02  -4.6964026e-02   3.4260330e-02   2.2595893e-02  -1.3897977e-01   2.3203002e-01   1.2411719e-01   7.5566894e-02   3.6442247e-02  -1.3878813e-01   1.9458165e-01   1.8378522e-01  -2.9487953e-01  -2.6117690e-01  -2.1852074e-01   3.1410925e-02  -8.3973761e-02   3.8261447e-01  -7.6420728e-02   1.1971062e-01  -1.1415430e-01  -1.6899881e-01   3.3291235e-02   3.9619678e-04   6.1971843e-01   9.2370641e-02   4.8244006e-01   2.2310602e-02   4.2686699e-02   1.1083620e-01   5.0283992e-03  -2.4419082e-01  -2.3156660e-03   1.3934271e-01   2.0843509e-01   4.7995944e-01   4.5249879e-02   7.6350299e-02  -9.7663925e-02   2.1680592e-01   2.0572260e-01   4.1823458e-02   1.9392250e-01  -1.4070650e-01  -1.6457150e-01  -1.6082601e-01   2.8203260e-02  -7.7419667e-02  -7.1708519e-02  -8.2285423e-02   2.6042808e-01   3.5811806e-02  -2.6635988e-01  -1.6871380e-01  -1.3352135e-01  -1.6744739e-01   4.4808549e-01   1.1445626e-02   1.5113298e-01  -8.8383781e-02   1.6389578e-01  -2.7379257e-01   8.4671047e-02   9.0977943e-02   1.0304948e-03  -1.1232484e-01  -4.8586753e-01  -1.0862920e-01  -2.5677650e-02   6.4832604e-01  -3.1282131e-02   3.8759227e-01   3.7262974e-01   5.5187432e-01   2.8023114e-01  -1.2404650e-02  -2.3569149e-02  -1.6604554e-01  -4.1493082e-02   3.0234234e-01  -1.7423540e-01  -1.1232991e-01   1.0396139e-01  -1.7735452e-01   1.4927872e-01  -1.8207113e-01  -1.1393107e-01   2.9286930e-01  -1.2440184e-01  -8.1192835e-02   4.6503535e-01   5.5247434e-01   1.1645852e-01  -2.1257076e-01   3.6965110e-02   3.5223161e-01   8.2212878e-02   1.6194131e-01   6.0964125e-03  -3.9470892e-01  -3.4864942e-01   5.4685386e-02
   2.2723399e-02  -2.2699075e-01  -3.2484754e-01   4.9321173e-01  -1.4829903e-01   5.8747629e-01   9.9101269e-02   0.0000000e+00  -1.6596677e-01   4.5361469e-02   2.3481862e-01  -2.3698836e-01  -1.5805402e-01   3.2987645e-01   8.2939362e-02   3.6970604e-01  -2.1260788e-01   4.6659443e-01   2.7660293e-01  -2.2569143e-01   3.9886298e-01   6.8812027e-01   2.3655155e-01  -2.5714707e-01  -1.3893259e-01   5.5538864e-01   2.6240800e-01   5.2383407e-01  -4.7437791e-02   6.3689262e-01   7.4559650e-02   7.0694352e-01  -6.6627550e-02  -5.6129203e-02  -2.3425891e-01   1.2784781e-01   1.2176715e-01   3.2954261e-02   2.7012311e-01  -3.6688252e-01   8.2562665e-02  -3.3613140e-01  -4.4253400e-01   2.4109200e-01   2.7060603e-01  -4.9230218e-02   3.6478641e-01   1.8261357e-01   1.4282716e-01  -3.1938061e-01   5.6179248e-01   7.6385203e-01  -1.7079375e-01  -4.0078183e-01   1.6857991e-01   2.0617885e-01   3.5175459e-01   7.3722460e-01   5.2880422e-01   2.1312275e-01  -1.6178840e-01  -2.3538852e-01   8.2873298e-02   1.9182302e-01   4.0729481e-02   1.9733798e-01   5.2750253e-01  -3.8824097e-01   7.1152637e-01  -1.7724379e-01  -2.6550796e-01   5.5374286e-01   7.0358895e-02  -6.6471117e-02  -2.9237536e-01   3.5866775e-01  -9.8642654e-02   4.5440233e-01  -1.6277276e-01   1.6484511e-01   3.3672355e-01   1.1458019e-01  -2.2820181e-01   6.8672327e-01  -3.6283366e-01   3.7732739e-01  -2.8500982e-01  -7.6694922e-02  -1.8085741e-01  -2.1181409e-03  -2.7409303e-01  -2.7437382e-01  -9.1363068e-02   2.9238664e-01   1.1556998e-01  -2.9782154e-01  -1.6810060e-01   4.7387604e-01  -5.2104693e-02   2.9997332e-02  -2.6259921e-01   4.8060745e-01   5.7640417e-01   3.7861562e-01   7.8491861e-01   5.7307609e-01  -4.8597295e-01   5.9461697e-01   2.0913568e-01   4.5855450e-01  -3.8359134e-01   6.8578494e-01  -6.2793649e-03   1.0627083e-01   7.1449076e-02  -2.0381663e-01   5.5878970e-01   1.4131721e-01   2.3996051e-01   4.7874219e-01  -4.0578313e-02  -2.4703708e-01  -4.8659778e-01   2.5750002e-01   1.6471552e-01  -1.7411072e-02   3.6175381e-01  -2.2606998e-01   6.7957564e-01  -1.5765446e-01   2.1284791e-02  -1.3644398e-01  -1.1814427e-01   1.1184322e-01  -9.5455735e-02   6.1373229e-01   4.9559303e-02   5.3800714e-01   6.2425608e-01   3.0063479e-03   1.6500604e-03  -1.8579496e-01   4.3204516e-01   1.0146302e-01   1.6706173e-01   4.4987824e-01  -4.1405871e-01   1.2841202e-01   3.8897495e-01   1.6640344e-02  -1.9156358e-01   6.8248690e-01  -2.0967242e-01  -1.0645723e-01  -3.1635514e-01  -9.0867883e-02   8.3262709e-02   4.5550477e-01  -2.8051735e-01   5.5270674e-01  -4.3041738e-01   3.1414663e-01  -4.3062715e-02   6.9692207e-01   5.8064975e-01  -1.8092517e-01   5.2283580e-02   5.8563639e-01   7.6406109e-03  -2.2686282e-01   2.2995625e-02   2.3329178e-01   2.7970850e-01  -2.3467675e-02  -1.0497815e-01  -6.0500954e-02   6.8031969e-01
  -1.5934722e-01   4.8920594e-01   3.0955700e-01  -2.6622819e-01  -7.6269489e-02  -2.3828727e-01   5.3915456e-02  -1.6596677e-01   0.0000000e+00   1.1581737e-01  -8.7486501e-02   3.6644812e-01  -8.2590504e-04  -3.5581134e-01   8.5356125e-02  -5.1962071e-02   2.4096695e-01  -1.9179447e-01   1.4931097e-01   1.2495962e-01  -2.5048633e-01  -1.8830816e-01  -1.6003042e-01  -2.3590994e-01  -9.5963086e-02  -1.0751852e-01   1.3441823e-01  -6.9762517e-02   9.9969088e-02  -1.9784345e-01   1.8199056e-01  -1.4884162e-01   1.1978646e-01   2.1656761e-01   5.6731648e-01  -1.6915194e-01   1.3541007e-01  -2.0069665e-02   2.6521570e-01   4.4994233e-01  -1.3516389e-01   1.9318945e-01   4.3128603e-01  -1.6989722e-01   6.8006300e-02   9.0382606e-02  -2.7790952e-01  -1.3288215e-01   1.6751343e-01   3.7642664e-01  -9.0393296e-02  -3.3657785e-01   1.4463564e-01  -6.0806141e-02  -9.0202628e-02  -1.9639173e-01  -8.2477774e-02  -2.1202940e-01   1.8753833e-02   1.9253390e-01   2.8237247e-01  -4.5211309e-02   3.6235436e-01   5.5513886e-02   3.2251602e-01   4.3201666e-02  -8.0573313e-02  -1.4074263e-01  -2.1054005e-01  -8.2427279e-02   1.4351538e-01  -2.5003749e-01  -7.3034692e-03  -8.3831389e-02   4.7159479e-02   2.6166496e-02   1.9029449e-01  -1.4877176e-01   1.8018653e-01  -2.3832357e-02  -1.5966232e-01  -4.0651313e-02   2.0470851e-01  -4.7041626e-02   3.0087353e-01  -1.7160578e-02   5.2999392e-01  -2.7147192e-01   4.8930156e-01  -2.7358486e-01   3.3290912e-01   2.5546611e-01   7.6574679e-02   3.4995339e-01  -1.5454062e-02   2.2928356e-01  -2.3968695e-01  -1.5173940e-01  -7.2777665e-02   3.4261879e-02   1.2596310e-01  -1.1693072e-01  -3.2861073e-01   1.6076557e-01  -2.0554612e-01  -1.7911288e-01   4.8982310e-02  -1.4902133e-01   2.2040088e-01  -2.8016857e-01   2.1496354e-01  -3.4874119e-01  -1.4263833e-01  -2.3594112e-01  -2.2775928e-01   3.5770909e-01  -1.8753019e-01  -1.5617248e-02  -3.0396551e-01  -1.9209781e-01  -1.3581682e-01   1.6139691e-01   2.9150627e-01   1.2311356e-01   3.8976453e-02  -5.0391794e-02   4.1330499e-02  -7.6807280e-02  -1.8083077e-01  -2.4515649e-01  -1.2023821e-01   1.4889462e-01   4.6321824e-01   4.1064289e-02   3.7826597e-01  -5.3562925e-02  -6.6176753e-02  -2.3261479e-01   8.0060647e-03  -2.6266978e-01  -1.6617014e-01   2.0223965e-01  -3.2819763e-01  -2.5818855e-01   6.4102102e-02  -7.2166198e-02   3.3897863e-01   8.2620439e-02  -5.8696731e-02   7.5455061e-02  -1.2987791e-01  -1.8719021e-01  -1.0395088e-01   3.2654101e-02   3.0967449e-01  -2.0399721e-01  -1.2900023e-03  -2.9635236e-02   1.9256878e-01  -3.1178820e-01  -3.2180452e-02  -3.3366591e-01   1.7949955e-01  -2.5143632e-01  -1.7752467e-01   1.5407522e-01  -2.4925588e-02  -4.0000877e-03  -1.0545888e-02   1.0748823e-02   1.9534943e-01  -9.6193260e-02  -1.3321448e-02  -2.1023350e-02   9.8040331e-02  -6.6808656e-02  -1.2021099e-02
   8.5505009e-02   3.3324972e-01   1.0632812e-01  -4.0852977e-02   2.7185302e-01   2.7200521e-02   4.4064840e-01   4.5361469e-02   1.1581737e-01   0.0000000e+00   4.9904366e-02   3.7337840e-01  -2.4838136e-01  -2.9874614e-02   3.0543909e-01   1.3138782e-01   9.8981946e-02   2.3458878e-01   9.1351510e-02   3.5343162e-01   1.1188575e-01  -5.1039006e-02   2.8153312e-01   8.7763795e-02  -8.2218414e-02  -8.5530335e-02   1.0116916e-01  -8.2071415e-02  -2.6042075e-01  -6.3740281e-02   3.5868553e-01  -2.7160222e-02  -3.3186600e-01   5.7647141e-01   5.0547607e-01   3.9640330e-01   3.6338739e-01  -1.6622531e-01  -1.1283855e-01   3.9650520e-01   2.0575169e-01  -3.2214025e-01   3.2919319e-01  -8.3038019e-02   7.1635859e-01  -1.0832913e-01  -1.7613701e-01   7.9225903e-02   9.0440165e-02   2.7678460e-01   1.2104240e-01  -1.2632918e-01   4.4019325e-01  -4.9041950e-01  -3.0824362e-03  -2.2661306e-02   1.7120872e-01  -7.7262617e-02   9.2486208e-02   1.4240875e-01  -2.3326529e-01   1.6500714e-01  -8.3038950e-02   1.6631570e-01   3.4117238e-01   6.9302750e-01   2.0819769e-01  -2.5353407e-01  -1.8986370e-01  -9.1287902e-02   2.6910214e-01  -1.3751190e-01   2.8460117e-01  -2.8337096e-01  -2.1610165e-01  -7.8810923e-02  -1.9374428e-01   1.0350898e-01   3.3396773e-01  -1.7982889e-01   9.1443091e-02   2.5348051e-02  -5.2346511e-02  -9.8848534e-03   9.4648950e-02   1.3040715e-02   2.4053945e-01  -2.3290973e-01  -2.4802680e-02   2.7735380e-02   4.8891157e-01  -1.5987409e-01   1.6814721e-01  -7.8114903e-04  -2.4180062e-01   3.0125166e-01  -2.4785405e-01  -1.0442955e-04  -1.6640882e-01   6.2561299e-01   1.0328958e-01   2.8674300e-01   2.4399920e-02   1.8591446e-01  -4.2176534e-02  -7.0523368e-02  -3.0961313e-01  -1.7045116e-01   1.6799292e-01   4.9409453e-02   2.0766161e-01  -1.0873839e-01  -1.8900503e-03   4.4409749e-03   1.7087502e-01   4.4234241e-01   3.1638654e-02   3.0341607e-01  -3.5866954e-01  -2.8120234e-01  -1.4938371e-01   3.1940350e-01   1.4112529e-01   3.0980278e-01  -6.2132814e-02   6.2662667e-02   3.0278891e-01  -3.1860933e-01  -1.7873204e-01  -2.1759019e-01  -1.4135716e-01   5.8973387e-01   5.8210501e-02   1.1166921e-01   2.9822323e-02  -7.1885140e-02  -2.4527618e-01  -2.8837248e-02  -7.0875037e-02   1.9433056e-02   7.0108542e-02  -2.8418194e-01  -3.1131584e-01  -3.5210786e-01   5.2532101e-01  -1.0926305e-03   4.5082606e-01   4.7213839e-01   4.3192411e-01   4.4652772e-01   1.5376732e-01   6.8387660e-02  -1.3319929e-01  -1.9065712e-02   2.6705377e-01   6.5106519e-02  -1.1495251e-01   8.0503541e-02  -1.1017511e-01   8.4486870e-03  -1.6310760e-01  -2.6122485e-01   5.4118649e-01  -1.3534193e-01  -2.0617902e-02   5.1279532e-01   3.2336060e-01  -6.2268609e-02   6.3019619e-02   1.0896170e-01   5.1006329e-01  -1.4685734e-01   2.2056690e-01  -5.2299062e-02  -2.7043218e-01  -1.7018615e-01   9.1231841e-02
  -2.4229988e-01   5.4118377e-02  -3.8008133e-01   9.1969101e-02  -1.0148747e-01   1.9539745e-01   1.8298534e-01   2.3481862e-01  -8.7486501e-02   4.9904366e-02   0.0000000e+00  -3.2818064e-01  -2.3367216e-01   3.2358100e-01   1.6110967e-01   1.1571124e-01  -1.5183570e-01   6.6297386e-01   3.2259908e-01  -3.0902248e-01   5.8314834e-01   2.4374732e-02   3.1143266e-01  -9.7805706e-02  -2.0592310e-01   1.4972478e-01  -1.2955735e-01  -8.1013258e-02  -2.6979294e-01   2.1744444e-01   4.4289408e-01   2.7372841e-01   1.2143104e-01   1.0742272e-02  -1.3548118e-01   3.2148292e-01   2.0226108e-01   3.7027712e-01   2.7543882e-01  -3.4085830e-01   1.5794680e-01   5.5380628e-03  -3.8513712e-01   5.5851562e-01   1.5487846e-01   4.5268485e-02   6.5238599e-01   5.4357810e-01   1.6331118e-01  -4.8395459e-01   5.5669073e-01   2.0370315e-01   4.9381975e-01  -4.5806965e-01   2.2007689e-01   3.5384433e-01   3.4896510e-01   1.0358496e-01   2.7550411e-01  -1.5067243e-01   8.7959493e-03   1.3862999e-01  -1.3653979e-01   6.3776357e-01   3.2814805e-01   2.9135794e-01  -1.1461535e-02  -5.9073212e-02   3.5040044e-01  -3.9372115e-02   3.3408910e-01   4.3897278e-01   4.0856030e-01  -2.5628784e-01  -3.9670346e-01   7.2445048e-02   8.6925473e-02   1.9247208e-01  -1.8556287e-01  -1.0979674e-02   2.0670699e-01   4.6229065e-01   4.0276683e-01   2.0852745e-01  -3.0642678e-01  -8.5773947e-03   7.3536024e-02  -2.4037641e-01  -1.2200778e-01  -5.1324323e-02  -1.7899937e-01  -2.4431877e-01  -1.2388768e-01  -5.2112918e-02   2.3964412e-01  -3.9395135e-01  -6.4505854e-02   2.7016880e-01   1.7051216e-01  -4.1128801e-02   2.6320729e-01   3.6827356e-01   8.8972622e-02   1.2403812e-01   3.0063963e-01   3.0730089e-01  -4.3990559e-01   1.2581804e-02   2.2136098e-02   6.8233017e-01  -1.0313842e-01   5.2951196e-02  -6.6832022e-03   1.3026665e-01   5.6314461e-02   9.0392130e-02   1.1504263e-01   2.8270748e-01  -1.2212403e-01  -3.0796983e-02   2.3203348e-01  -3.4925401e-01  -2.4376443e-01   4.1216371e-01   2.1559512e-01  -2.0792278e-01   2.9004075e-02  -2.0997164e-01   7.6896870e-02   7.2710162e-03   9.8193219e-02   4.4429258e-01  -1.6217338e-01   4.9389256e-01  -4.3641244e-01   1.6069306e-01  -1.7571428e-01   1.1617531e-01   1.1519268e-01  -1.2719255e-01  -6.1137179e-02  -3.3553117e-01   4.1763932e-01  -1.3571243e-01   1.5687103e-02   4.9360085e-01  -4.3796135e-01   5.2648740e-01   4.3120934e-01   3.6524583e-01  -1.9368266e-02   1.3857959e-01  -4.1401831e-02   5.3306235e-01  -1.3150689e-01  -9.9064560e-02   3.1010047e-01   2.7493659e-01  -1.2995276e-01   2.2560945e-01  -1.1456358e-01   6.1656616e-01   3.8439510e-01   4.3984880e-01   9.1781854e-02  -3.0256757e-02   3.5184960e-01  -1.1107592e-01   6.6467237e-02   3.8241677e-01  -1.0081957e-01   3.0097099e-01   6.1102766e-01  -1.7185032e-01  -2.5370612e-01  -1.4797788e-01   2.3446940e-03
  -5.8614969e-02   5.2947607e-01   6.3573309e-01  -1.2404839e-01   5.0810842e-01  -1.1099835e-02   2.2556841e-01  -2.3698836e-01   3.6644812e-01   3.7337840e-01  -3.2818064e-01   0.0000000e+00   4.5730068e-03  -4.1297990e-01  -1.1304033e-01   6.8302692e-02   4.5120713e-01  -1.3855940e-01   1.8459738e-01   6.1187147e-01  -4.2150640e-01  -1.3127599e-01  -3.7266019e-01  -1.2703629e-01  -9.1948995e-03  -8.5884461e-02   5.5873050e-01  -2.5905702e-01  -1.9034045e-01  -1.0572229e-01  -7.7517687e-02  -2.6427361e-01  -3.7730562e-02   4.4831286e-01   5.3984134e-01   3.3911977e-01   1.3096686e-01  -2.3984845e-01  -8.6027593e-02   5.9335487e-01  -8.0825412e-02  -8.0722255e-03   6.7369290e-01  -4.7832764e-01   3.6939926e-01   1.9578415e-02  -2.5354761e-01  -3.9785273e-01  -2.4826070e-01   7.3160075e-01  -8.8591768e-02  -2.9947418e-01   6.3795712e-02   1.3082330e-02  -3.0198595e-01  -4.1592165e-01   1.6120105e-01  -2.5102178e-01  -1.1680502e-01   6.2301711e-01  -2.9950407e-02   1.9485417e-02   2.0317854e-01  -3.2936895e-01   3.4607974e-01   2.6105344e-01   1.2204917e-01  -1.9160617e-01  -2.4846673e-01  -6.2320959e-02  -9.5242364e-02  -2.1816294e-01  -6.2445191e-02  -1.3230281e-02   9.0888406e-02  -4.4168900e-02  -5.1511914e-02  -2.6163634e-01   6.4928224e-01  -8.4535019e-03  -4.4589349e-01   1.1676950e-02  -2.3242256e-01  -5.9219467e-02   2.5228473e-01   3.1079567e-02   2.3546444e-01  -3.5820689e-01   1.8936989e-01  -3.1676322e-01   5.3114752e-01   6.5630559e-02   3.2232755e-01   2.6590825e-01  -2.1069760e-01   4.7276306e-01  -1.4707755e-01   7.8243609e-02   8.0626677e-02   3.0028099e-01  -2.7931238e-01   1.1223591e-01  -4.3170807e-01  -9.4218386e-02  -2.3089238e-01  -1.8920625e-01   2.6909280e-01  -4.8440582e-02   2.2614329e-01  -1.9957190e-01   2.5153212e-01  -2.1773953e-01   1.4169554e-01  -2.2860216e-01  -3.1731605e-01   4.6800279e-01  -3.8560503e-01   5.0168930e-02  -4.7644334e-01  -3.0008135e-01  -3.0711013e-01   6.3759342e-01   5.0639464e-01   4.8949334e-02  -2.2731719e-01   3.7714402e-01   4.9919370e-01  -3.1978657e-02  -2.3996438e-01  -4.4437053e-01  -1.4629664e-01   2.6429095e-01   4.0645083e-01  -4.9712454e-01   3.8696766e-01  -1.2869082e-01   3.8546119e-02  -4.8443784e-01   7.5911110e-02   3.1134176e-01  -1.5549404e-01   4.7860857e-02  -4.3918866e-01  -4.1287461e-01   5.0514118e-01  -1.9238830e-01   7.2452711e-01   1.5079292e-01   1.9799872e-01  -6.3141814e-02  -2.6182551e-01  -2.4800249e-01  -2.3091582e-01  -2.2541292e-01   5.4676487e-01  -5.5349368e-03  -2.9548356e-01  -7.1117983e-02   7.0890936e-02  -3.8797845e-01  -8.4839590e-02  -4.4704358e-01   2.9923407e-02  -2.4924904e-01  -1.5423710e-01   6.5176902e-01   1.3584956e-02  -8.7832057e-02  -1.7016693e-01   5.7053972e-03   7.3146210e-01  -1.4438163e-01  -1.1916471e-01   4.4810406e-02   1.1880033e-01   1.4687903e-01   4.5578896e-02
   1.4306121e-01  -3.9607088e-01   1.0773578e-01  -1.9945607e-02  -1.4637267e-01  -7.9796295e-02  -2.9937364e-01  -1.5805402e-01  -8.2590504e-04  -2.4838136e-01  -2.3367216e-01   4.5730068e-03   0.0000000e+00  -3.5928311e-02  -2.0988525e-01   3.1423390e-02  -4.1050567e-02  -2.7774347e-01  -2.9253166e-01   9.3377436e-02  -2.9631510e-01   3.0599362e-01  -1.9396391e-01   2.6568081e-01   2.9132982e-01  -8.9994431e-02  -1.5031322e-01  -1.7247910e-01   8.9120532e-02  -4.7378293e-02  -5.2767287e-01  -5.2725135e-02   3.0837262e-01  -4.9972163e-01  -1.5388640e-01  -2.3940111e-01  -3.9687731e-01  -5.0038694e-02  -9.3894607e-02  -1.5951595e-01   3.2258004e-01   2.3306030e-01   1.4239151e-01  -7.7284316e-02  -2.3191652e-01   3.6815365e-02  -6.2433635e-02  -3.4413404e-01  -1.7484315e-01   7.6731252e-02  -1.1357051e-01  -9.7043120e-03  -5.3522262e-01   4.7855810e-01  -4.3423378e-02  -4.6192605e-02  -2.7868101e-01   8.4828733e-02  -2.1090960e-01   1.2344765e-01   1.2732752e-01   7.1791935e-02   2.6325730e-01  -4.8798269e-01  -4.0769866e-01  -3.1669385e-01  -2.1377318e-01   2.7171355e-01   4.4496409e-03   1.2256820e-01  -4.6927964e-01   3.8025510e-02  -2.3950826e-01   2.4077828e-01   3.1164318e-01  -9.6439208e-02   1.2336474e-01  -7.5974743e-02  -1.4950964e-01   3.8448172e-01  -1.7349409e-01   1.4213794e-01  -2.4788982e-01  -2.3947575e-01  -1.4069402e-01  -1.7238588e-01  -2.9362010e-01   6.8956866e-02   2.1745119e-01   1.1221387e-01  -2.1487326e-01   2.4157400e-01  -2.3026951e-02   1.5058567e-01   6.7848809e-02   1.1599320e-01   3.9959907e-01  -4.3496019e-02   3.2698193e-02  -5.1587463e-02  -2.6842477e-01  -2.1438244e-01  -1.9838280e-01  -2.5323093e-02  -4.9529462e-02  -1.3343194e-01   4.3685113e-01  -2.3201718e-02   1.5830675e-01  -3.6892908e-01  -1.2481413e-01  -8.6505290e-03   1.7677641e-01  -5.1181031e-02  -1.3507314e-01  -4.3262427e-01  -2.0988457e-01  -1.9299824e-02   1.0186417e-01   1.8548687e-01   1.3222813e-01   1.3243522e-01   1.9727230e-01  -2.9349655e-01   5.4522323e-02   7.2797144e-02  -6.4483453e-03   3.9885996e-01   2.3098334e-01  -3.7063821e-02   4.9386700e-01  -5.3357292e-01  -2.9282038e-02  -3.1198598e-01   2.6665735e-01  -2.2208592e-01   5.2425741e-01  -2.1624880e-01  -1.4729665e-01   1.9216934e-02   7.3658330e-02   6.3869361e-01   6.8047281e-02  -6.0201216e-02  -2.3516169e-01  -6.7989800e-02  -8.9820107e-02  -6.1205982e-01  -3.1759640e-01  -5.2716772e-01   3.3572495e-02  -2.9815039e-01   2.1126796e-01  -2.8927320e-01  -2.3758806e-01   2.0322700e-01   1.1163986e-01  -6.8374552e-02   3.1808006e-01  -2.8064185e-01   1.8340441e-01   7.2809684e-02  -5.1115049e-01  -9.0763533e-02  -1.2319186e-01  -1.4987311e-01  -2.8525971e-01  -1.3865674e-01   1.5595407e-01  -2.4178978e-01  -1.9667662e-01  -2.5707015e-02  -3.1061028e-01  -2.8422219e-01   4.0933242e-01   2.6130679e-01   6.5045984e-02
   2.6504713e-01  -3.2845413e-01  -3.0793334e-01   2.5618000e-01  -1.9850666e-01   1.1061327e-01  -1.2080667e-01   3.2987645e-01  -3.5581134e-01  -2.9874614e-02   3.2358100e-01  -4.1297990e-01  -3.5928311e-02   0.0000000e+00   2.7847641e-01   7.9859707e-02  -2.1114244e-01   3.5656131e-01   7.8507495e-02  -3.3305920e-01   3.8388343e-01   3.0879635e-01   2.8407415e-01   1.2501089e-01   1.4800290e-01   8.1183044e-02  -3.5580088e-01   2.4668786e-01  -1.6148579e-01   3.1076992e-01   1.1605940e-01   3.8728891e-01   1.9879609e-02  -2.7449304e-01  -3.8542561e-01  -8.5640435e-02  -1.2925059e-01   2.6665092e-02   6.3873860e-02  -4.9459961e-01   1.1113594e-01  -2.0801672e-01  -4.0389119e-01   5.4156689e-01   4.4182607e-02  -5.1201274e-02   2.6566315e-01   3.5005636e-01   3.0796526e-01  -5.0581252e-01   2.6195572e-01   2.3061900e-01   3.8212627e-02  -2.5238280e-01   6.1646335e-01   3.3222078e-01   7.7645710e-02   4.3462420e-01   1.3830387e-01  -1.4100975e-01  -9.6491186e-02   6.4402434e-02  -3.0814375e-01   3.0035347e-01  -2.3256837e-02  -3.4468132e-02   1.7518190e-02   2.9304094e-02   2.9520105e-01   1.9000496e-01   3.6510579e-02   3.6506921e-01   1.4709839e-01   2.6748721e-01  -2.5850025e-01  -2.1506163e-01  -1.1522444e-01   3.2229101e-01  -3.3273041e-01  -2.8215297e-02   5.4548777e-01   2.9878368e-02   7.6866201e-02   8.1357617e-02  -5.4211630e-02  -7.6116574e-02  -1.9553969e-01   3.5063482e-01  -3.2693346e-01   2.2045255e-01  -3.5190584e-01  -1.9447696e-01  -2.1486024e-01  -1.0324788e-01   6.2387014e-02  -4.4970350e-01   2.0326655e-01   5.7777551e-02   4.4887176e-02  -2.5112341e-01   1.7702535e-01   2.6847918e-01   5.2699682e-01   1.6340046e-01   3.6187519e-01   3.4550753e-01  -2.5767616e-01   8.1648333e-02  -1.8093578e-01   3.2603337e-01  -2.9460050e-01   3.9479394e-01  -4.9989655e-02   2.5561976e-01   4.5827853e-01  -2.3688691e-01   3.6972896e-01   1.3100660e-01   3.2973331e-01   1.6026461e-01   1.5067537e-01  -4.5008915e-01  -2.6676976e-01   2.6149866e-01   1.9170887e-01   1.1665125e-01   5.3047738e-03  -2.3540948e-01   2.1458974e-01   4.4080196e-01   1.3747885e-02  -5.2499997e-02  -1.8992115e-01   4.4922491e-01  -8.7853322e-02  -9.4119631e-03  -1.7317144e-01   6.3445790e-01  -7.3193456e-02  -6.6912956e-02   3.2383153e-01  -1.5238420e-01   4.1610929e-01   3.1544844e-01  -1.8064824e-01   3.4048991e-01  -4.4149945e-01   5.3521988e-02   7.9378327e-02   1.3328851e-02   2.4820712e-01   4.5947163e-01   7.2527813e-03   1.8427406e-01  -2.3493741e-01  -1.0879773e-01   2.1555681e-01   1.6401795e-01  -1.7967115e-01   4.8768365e-01  -7.8720442e-02   4.5375597e-01  -6.8114573e-02   4.0619198e-01   3.4306003e-01  -3.1838850e-01   1.7286783e-01   3.6645598e-02   2.2430154e-01  -9.2980788e-04  -2.5754356e-01   1.3446714e-01   2.4726178e-01   7.2486145e-02  -5.3822341e-02  -5.6681642e-02   1.4940041e-01
