   0.0000000e+00  -1.1877162e-01   2.5048756e-01   1.2626086e-02  -3.5755514e-01  -7.8873811e-02  -3.0124469e-01   3.4149270e-01   2.4516976e-02  -2.6221837e-02   8.2346618e-02  -2.5308860e-01  -2.9580804e-01  -6.3335060e-02  -8.4862456e-02  -2.7540750e-01   1.2299527e-01  -3.7202804e-01   2.8999425e-01  -4.6775354e-01  -4.2994695e-01  -2.7659220e-01  -6.1395774e-02   7.9416029e-01   3.1591094e-02   3.1336610e-01  -6.3633623e-02   8.0482378e-01  -2.9210683e-02  -4.7389116e-01   2.4148034e-02  -8.8732792e-02   7.9818502e-02  -9.7592332e-02  -6.0128606e-02  -4.8802217e-01  -1.9735441e-01  -3.8207248e-02  -4.4738212e-01  -9.5068659e-02  -2.7009126e-01  -6.2095861e-02   1.2492335e-01   1.6327694e-01   1.3734167e-01   4.9633600e-01  -4.1988108e-01  -3.4331180e-01  -1.9740500e-01   4.1363617e-02  -2.6091923e-01   1.1294337e-01   1.5729946e-02   2.3267109e-01   4.1264105e-01   2.1801452e-01   3.5772383e-01  -1.1247149e-01  -2.9211971e-01  -1.0601061e-01   1.3044472e-01  -1.7746307e-01   8.1578647e-02   1.6771595e-02   1.5164792e-01  -1.1697033e-01  -8.3791626e-02  -1.8075131e-01   1.0910386e-01   2.4171986e-01  -9.4688526e-02   6.8204935e-02  -1.7427995e-01   3.5806695e-01   8.0037561e-02   2.7827597e-01   1.7542551e-01   8.5909034e-02  -3.0391982e-01  -1.5539720e-01   1.7528459e-01  -1.5290106e-01  -1.7134150e-01   3.8495245e-01   6.7800392e-01   4.7878285e-01  -1.3828127e-01   2.5011946e-01   1.2100892e-01   9.0910703e-01  -3.1041963e-01   2.7272382e-01  -4.1462102e-02   1.1711204e-01  -1.0507205e-01  -2.9864809e-01  -1.3998903e-01   1.4341946e-01  -4.9232079e-01  -1.4495927e-01   5.6764460e-01   1.2082135e-01  -2.2173616e-01  -1.5749643e-01  -1.8160188e-01   3.9703002e-03   3.2573839e-01   1.0768098e-01  -2.0900971e-02  -2.3931672e-01  -3.0169659e-02  -5.6375973e-02   2.5961652e-02   7.5036058e-01   6.2053640e-01   1.6442381e-01   2.5834832e-02  -1.2394887e-01   3.9426518e-02  -3.1098978e-02   6.5289019e-01  -1.2125933e-01   1.7094165e-01  -1.0402675e-01   6.5151510e-01   2.9961397e-01  -1.5128171e-01   7.1087120e-02   2.0135444e-01  -6.5416177e-02  -3.8481899e-01  -1.6892478e-01   3.0512749e-01  -2.3387502e-01   2.6597864e-01   3.8227686e-01  -1.4869290e-02   3.6665381e-01   3.5774729e-01   4.2822164e-01   7.0026810e-01  -2.6900623e-01   2.4544286e-01   9.8805469e-03  -1.6292534e-01  -2.5952876e-01  -1.9214195e-01  -4.7348004e-02  -1.8019336e-02  -2.4787853e-01   7.3524476e-01   4.8872145e-02   6.6202927e-01   1.5836759e-01  -2.1829708e-01   6.8729809e-01   4.4304082e-01  -2.0752138e-01   1.6234194e-01   6.4182199e-03   1.6650616e-01   2.2275008e-01  -1.7005113e-01  -1.1016041e-01  -1.8770674e-01   1.8907718e-02  -7.7660038e-02   3.4532500e-01   5.9536020e-01  -2.1489181e-02  -1.4343898e-01   8.2565232e-02  -1.0673752e-01  -2.5626187e-01  -3.9477530e-02   3.0032319e-02  -1.6037700e-01
  -1.1877162e-01   0.0000000e+00   3.1864255e-01  -3.2252812e-01   3.3039663e-01  -5.5040378e-01  -2.8487412e-01  -1.3597751e-01   2.7854417e-01   5.0330095e-01  -4.1563729e-01   2.7419754e-01  -5.0231309e-02  -1.7478502e-01  -1.0603826e-01  -3.3186480e-02   1.3613908e-01  -3.0620687e-01  -2.0607588e-01   2.6018013e-02  -2.1196917e-01  -2.7366959e-01  -2.8288689e-01  -2.4862304e-02  -1.0581266e-01  -1.7214824e-01   1.1623258e-02  -5.0960079e-02  -2.3148771e-01  -3.1630358e-01   3.8863218e-01  -1.7179420e-01   5.6180059e-02   1.5223114e-01   4.3091356e-01   1.0598187e-02  -1.0349978e-01  -3.3796563e-02   1.3984808e-01   4.9024393e-01   6.1696328e-02   4.0546594e-02   5.0888668e-02  -2.3859366e-01  -2.6394991e-01  -2.6536817e-01  -2.5861453e-01   3.1288275e-01  -4.2524767e-01   2.5481101e-01  -1.5362851e-01  -1.0937515e-01   7.9412568e-01  -1.7361659e-01  -1.5240192e-01  -1.7733878e-01  -3.2189546e-01  -1.4628889e-01  -9.4630329e-02  -2.4914518e-01  -1.4685215e-01  -1.3792878e-01   4.0689291e-01   5.0035645e-01   2.2391730e-01  -1.3381162e-01  -3.3028013e-01   2.3969385e-01  -2.2608195e-01  -2.8947561e-01   7.4270119e-01  -3.0051959e-01   2.5317423e-01  -3.1028020e-01   1.0533530e-01  -5.0387369e-02  -1.2621976e-01   3.8069050e-02   4.4671253e-01  -7.8668493e-03  -2.2538093e-01   9.3820432e-02   1.2120840e-01  -1.0592306e-01  -3.7323395e-01  -2.5101213e-01   4.4832667e-01   3.0219330e-02   3.5779952e-01  -1.6818488e-01   2.1099881e-01  -2.4599216e-01   1.5812230e-01  -3.7641987e-01   5.6586537e-02   1.0002379e-01  -2.7827420e-01  -4.1859813e-02   1.0457087e-01   1.5057703e-01   7.1860901e-02  -2.4902895e-01  -1.1563054e-01   1.2866566e-02  -3.9994800e-01  -1.2500625e-01  -5.3398749e-02  -1.9988299e-01  -3.9567508e-01   3.9484461e-02   1.6662913e-01  -3.6682208e-01  -3.4389607e-01  -1.4187124e-01   7.4126656e-02   6.5119986e-01  -7.7042312e-02   1.7919776e-01  -4.7977238e-01  -3.2663496e-01  -2.6758395e-01   1.6325325e-01   2.0627116e-01   4.4864302e-01  -2.6320102e-01  -1.4086383e-01  -4.7802776e-02   1.8896006e-01  -4.1726063e-01   8.0168675e-02   7.2610229e-03   2.0204372e-01   2.8986774e-02   1.2955989e-01  -2.1432300e-01  -2.1116905e-02  -1.7810141e-01   7.8463399e-02  -8.3241227e-02   5.4311086e-02  -1.6212965e-01   5.3792648e-02  -2.5791354e-01  -5.3964534e-01  -4.8336319e-02  -1.4283360e-01   3.7591154e-01   4.4409450e-01  -1.8649605e-01   3.1894174e-01  -1.8909864e-02  -3.7483233e-02  -1.9774440e-01   9.1323077e-02   5.4412995e-01  -2.5963961e-02  -3.1380344e-01   9.8280889e-03  -1.1717124e-01  -1.4305011e-02  -5.0405665e-02  -1.2475696e-01   3.6553299e-01  -4.0957139e-01  -1.8899849e-02   3.8044711e-01  -2.2195110e-01  -9.7631865e-02  -2.8521560e-01   5.1338845e-01   1.6262117e-01  -4.1596485e-02   8.7924629e-02  -3.8839585e-01  -2.3989975e-02   1.3348519e-01  -1.0686398e-01
   2.5048756e-01   3.1864255e-01   0.0000000e+00  -1.9328085e-01   2.2722720e-01  -1.9123616e-01  -4.2943379e-01   1.6619016e-01   6.8512303e-02   2.0056551e-01   7.1377166e-02   3.4677890e-02   3.0141954e-02   1.0447476e-01  -1.7189945e-01  -2.8777669e-01   8.1479228e-01  -2.3881587e-01  -5.9954588e-02  -1.6271017e-02  -4.5358135e-01  -1.1918252e-01  -5.5292838e-01   2.7713324e-01   5.3052290e-02   1.0918377e-01   2.0340759e-01   5.9921101e-02   2.5759832e-02  -4.8262238e-01  -7.1724598e-03  -1.3918892e-02   8.3333556e-02  -1.4715182e-01  -8.2807955e-02  -1.6847917e-01  -3.0365784e-01  -2.7695393e-01  -1.8537416e-01   5.5508199e-01  -2.6493698e-02  -1.2630375e-01   2.8398420e-01   1.8869217e-01  -2.4989184e-01   2.0490199e-01  -1.1470640e-01  -9.7728775e-02  -3.7006942e-01   5.4534265e-01  -1.1883584e-01   1.0329525e-01   3.1832855e-01   3.2099609e-01   8.1518550e-03   5.1325741e-02  -1.4098475e-01   5.9307002e-02  -3.6215721e-01   1.1834403e-02   1.0727383e-01  -1.5472237e-01   4.6095112e-01  -3.4070852e-02  -1.1785343e-01  -2.7545100e-01  -7.7825255e-03  -6.9028330e-03   1.6962899e-01   8.0893071e-02   5.6567778e-01  -3.8006820e-01  -7.4513071e-02   1.9764997e-01   3.4441247e-01   2.0172650e-01   8.5525779e-02   2.6631747e-01   1.1921501e-01  -8.5728435e-02  -8.7554083e-02  -1.4089290e-01   2.0792881e-01   1.1290435e-02   1.1979851e-01   7.4472283e-02  -5.6089726e-02   1.4054390e-01   1.3053397e-01   1.2471027e-01   6.7852907e-02   3.0085586e-01   2.0667363e-01  -1.7320040e-04  -2.6671752e-01   7.5451099e-02  -8.4383639e-02   3.0584745e-02  -2.5944226e-01  -2.4897185e-01   3.3264155e-01  -2.9021642e-01   2.1575680e-02  -1.6982278e-01  -2.9631968e-01   1.3159631e-01   3.1982987e-01   6.1749008e-02  -4.5004377e-01   8.3534229e-02   1.2220398e-01  -1.8013861e-01  -1.6830073e-01  -4.7882076e-02   1.5398581e-01   1.6911643e-01   7.7690514e-02  -4.4690019e-02  -1.1499949e-01  -2.2063511e-01   1.3373628e-01   3.9871779e-01   3.8977012e-01   7.9941472e-02   2.4376290e-01   2.6719188e-01  -3.2229774e-01   2.7174384e-01   5.9384240e-02   2.2315805e-01  -1.4093138e-01  -1.0259392e-04   3.4128316e-01  -2.9806270e-01   1.2930780e-01   2.4367492e-01  -4.8943734e-02   2.1621522e-02   1.7855550e-01  -6.6571013e-02   1.9321914e-01  -1.1766727e-01   1.1412751e-01  -6.0203821e-02  -2.4854592e-01  -4.4992765e-02   2.3434110e-01   4.3740813e-02  -7.8248244e-02  -8.1427505e-02   3.7023237e-01   2.1526786e-01   3.2076830e-01   1.5850020e-01   5.8550801e-01   1.3404199e-01  -2.0858122e-02  -3.4014647e-01   2.3232560e-01   1.3380539e-01   1.0665381e-01   2.2746225e-01   1.8873141e-01  -2.1608362e-01   6.7252333e-02   2.0690270e-01  -3.2486911e-01   5.2672854e-02  -1.4072907e-02   3.2886310e-01   7.5728007e-02  -2.0580243e-01  -3.7350846e-01  -1.5193688e-02   1.0547493e-01   1.3557198e-02   7.7478554e-02
   1.2626086e-02  -3.2252812e-01  -1.9328085e-01   0.0000000e+00   1.3778114e-02   4.8901184e-01   4.1059926e-01   1.8465407e-01   1.1068003e-01  -3.5414709e-01   2.8821838e-01   3.4964478e-02   3.1682811e-02   2.9814661e-01   1.3961945e-01  -1.8217769e-01   2.8906987e-02   1.7000343e-01   2.9335048e-01   1.8783612e-01   2.2559768e-01   3.5700306e-01   3.9203486e-01  -9.4081683e-02  -6.0052754e-02   1.0193949e-01   3.0596538e-01  -1.2294111e-01   1.6010587e-01   4.2165157e-01  -3.2106765e-01   2.6027937e-01   8.0359996e-02   5.2734443e-02  -9.5507813e-02   2.1205764e-01   2.3955967e-01  -1.6858063e-01  -3.3977288e-01  -3.0814720e-01   2.1674484e-03  -9.9910144e-02   1.6951600e-01   1.0870375e-01   2.9158516e-01   1.8872607e-01   4.5448580e-01  -5.0962604e-02   1.1860818e-01  -2.2527626e-01   1.7773986e-01  -1.0436489e-01  -3.7623350e-01   4.6599202e-02   2.7315417e-01   1.6946545e-01   4.9938529e-01   1.7385535e-01   4.0492501e-01   5.0126088e-01   6.8654214e-02   2.6628660e-01  -1.0041501e-01  -2.0192667e-01  -2.4591141e-03   2.7313891e-01   4.7496251e-01  -3.4452404e-01   4.1139632e-01   3.5918314e-01  -4.5354686e-01   6.6656594e-01  -1.2463837e-01   3.9218583e-01  -1.3131910e-01  -2.6165061e-02   4.3539586e-02   1.7557936e-01  -3.1888754e-01   2.0368988e-01   3.2292524e-02  -1.0411691e-01   1.1226813e-02   2.7477821e-01   1.8029436e-01   1.7411476e-01  -1.4458486e-01  -1.2125157e-02  -7.5422606e-02   8.2357812e-03  -1.7584772e-01   7.7842858e-02  -6.2894720e-02   5.5098220e-01  -1.3480442e-01  -1.7038373e-03   4.5921634e-01   2.3921284e-01   2.6326539e-01  -1.5651017e-02  -6.0538206e-02   2.5332514e-01   1.1599834e-02   4.6963620e-01   4.0132057e-01   2.1828580e-01  -4.5801965e-03   3.4517493e-01   1.7497666e-01   1.6322895e-01  -1.0169056e-01   3.8716254e-01   5.5223411e-01  -5.2417558e-02  -1.4684740e-01  -5.8920383e-01   1.7846967e-01   1.0725730e-01   2.2442954e-01   8.1959580e-01   2.6368656e-03  -1.6575624e-01  -1.0941352e-01  -4.2276442e-01   1.4390081e-01   4.0074273e-01  -8.7000634e-02  -3.5644748e-01   5.0205557e-01   1.0999190e-01  -2.3724209e-01  -3.0138916e-01   1.9011369e-01   1.0952673e-02   5.2027851e-01   5.7657722e-02   7.6109159e-02  -2.6167198e-01   1.4901100e-02  -1.4282917e-01   1.5477204e-01  -2.2226831e-01   3.0719355e-01   1.3697206e-01   8.0930376e-02   7.7890431e-03  -2.5662382e-01   1.2656388e-02   1.2321572e-01  -1.8459765e-01  -1.6364195e-01  -4.0824941e-02   1.3361234e-01  -3.5568623e-01  -2.6578187e-01  -1.1417016e-01   9.9426481e-02   3.2283324e-01  -4.4430771e-02  -1.0839281e-01   1.7137009e-01   1.8413084e-01  -1.7357115e-01   5.9862630e-01   2.1664109e-01  -4.0818871e-01   7.6708633e-02   1.4613576e-02   2.1702061e-01  -2.5818168e-01  -1.5713434e-01  -2.4227384e-01   3.1977707e-01   4.8258954e-01  -4.1350283e-02   1.9256325e-01   2.2858045e-01
  -3.5755514e-01   3.3039663e-01   2.2722720e-01   1.3778114e-02   0.0000000e+00  -5.4298920e-02  -6.0653725e-02  -3.0522293e-01   8.3406853e-02   2.3521124e-02  -1.6462590e-01   1.8886626e-01   2.8795777e-01  -9.0992311e-03  -1.1070706e-01   1.3031575e-01   2.7589877e-01   1.8418238e-02  -2.5873435e-01   6.6771080e-01  -7.9304010e-02  -2.6887075e-02  -2.1402824e-01  -3.4075289e-01  -1.9756171e-01  -4.1322146e-01   2.4354090e-01  -3.4395383e-01   3.9544781e-02   3.9351333e-02  -7.0132985e-02  -3.5793641e-02   2.5674480e-01  -1.7326282e-02  -1.9625523e-01   3.9225221e-01   2.3897233e-01   2.0153746e-02   3.0151342e-01   5.1526148e-01   1.4240171e-01   1.8497840e-01   8.5876632e-02  -2.5317508e-01   6.8071163e-03  -2.4399081e-01   2.2175513e-01   1.0238758e-01   1.1770528e-01   4.6681913e-01   1.5118427e-02  -2.6106597e-01   3.5374699e-01   2.1068603e-01  -1.5424251e-01  -3.2018659e-01  -1.8673371e-01  -1.9099176e-01   3.3611914e-02  -1.5491901e-02   1.3601790e-01   2.8654133e-01   1.9642582e-01  -1.0221784e-01  -8.7439523e-02   6.9321155e-02   1.8224960e-01   1.7151091e-01  -1.2877460e-01  -4.1820554e-02   3.1631398e-01  -6.4237663e-02   8.0537043e-02  -1.2175304e-01   5.6491443e-03  -2.7453293e-01   1.0356782e-02  -8.7358447e-02   4.7277122e-01   5.0119547e-02  -3.6121679e-01   1.2082238e-02   8.5836865e-02  -2.7536165e-01  -2.4633825e-01  -3.8684627e-01   7.9833917e-02  -1.6757330e-01   4.1851215e-02  -3.0084732e-01   5.5232224e-01   6.4639829e-02   2.1734559e-01  -7.8676928e-02   1.4833302e-01   5.8649306e-01   3.4029872e-01  -2.5810040e-01   5.3306334e-01  -1.0945280e-01  -1.0194719e-01  -3.8570449e-01   5.5428922e-02   1.2619507e-02  -2.3682656e-01  -5.4784154e-02   9.1251386e-02  -2.6292402e-01  -6.2554349e-03   4.1907319e-01  -8.3466521e-03  -2.5599730e-01  -1.0157370e-01  -3.4825799e-01  -2.6689192e-01   1.3218642e-01  -1.7362609e-01   1.1597258e-01  -8.2341234e-02  -5.1540026e-02  -2.5539025e-01   6.7664172e-01  -9.0816020e-02  -6.9095195e-02  -3.5828504e-01  -9.5425026e-02  -1.8542456e-01   6.5995713e-02  -1.4102916e-01   2.1469172e-01   2.2173338e-01   8.2332119e-02   1.5731144e-01  -1.0259156e-02  -1.7839410e-01  -1.9069370e-01   1.3330113e-01  -1.5733945e-01  -2.6595763e-01  -1.3296064e-01  -2.8480830e-01   3.3900835e-02  -3.4804791e-01  -7.5479008e-02  -1.3670652e-01  -1.2605581e-01   1.1567035e-01   4.0887808e-01   1.4993375e-02  -2.8309084e-02  -2.4794532e-01  -1.4317331e-01  -1.3574172e-01  -9.7582078e-02   4.9163081e-01  -2.3315600e-01  -1.8961313e-01   9.0849861e-02   2.1830960e-01  -8.1662088e-02  -1.9570127e-02  -3.1110580e-01   3.9006900e-01  -1.9226556e-01  -3.9449109e-02   2.3939884e-01  -1.2269691e-01  -2.0918553e-02  -1.9418797e-01   4.2429658e-01   3.6585077e-01  -2.2054596e-02   1.4226641e-02   1.4705266e-01  -1.8309939e-01   2.7579680e-01  -9.4531415e-03
  -7.8873811e-02  -5.5040378e-01  -1.9123616e-01   4.8901184e-01  -5.4298920e-02   0.0000000e+00   6.3435064e-01   9.6297559e-02  -1.5975044e-01  -4.6205679e-01   4.7010002e-01   2.9601895e-02   3.2060454e-02   1.5985743e-01   1.6505155e-01   1.5145005e-01   1.1350725e-01   3.2736316e-01   3.2317547e-01   1.7701232e-01   3.0924408e-01   3.8326947e-01   4.1047001e-01  -2.9100574e-01   1.1489514e-01   1.4150184e-01   5.1135387e-01  -1.3788313e-01   1.8261586e-01   6.6642960e-01  -5.4568244e-01   3.7560806e-01   2.0656747e-01   1.5117165e-01  -3.1567760e-01   3.0378018e-01   2.9042902e-01  -2.6107055e-01  -5.6259166e-02  -1.8096278e-01   1.1577838e-02   1.5188343e-01   3.2534154e-01   6.2785227e-02   3.4902284e-01   2.5739924e-01   6.1780894e-01  -1.6602690e-02   2.9733374e-01  -4.5341558e-02   3.2590282e-01   2.1091915e-02  -5.9180578e-01   2.1000972e-01   1.6803519e-01   1.1534101e-01   5.5990340e-01   1.6013111e-01   3.3240758e-01   4.8583539e-01   1.0678744e-01   2.8936174e-01  -2.1488008e-01  -2.9609678e-01  -2.7164643e-01   4.0096679e-01   7.7141691e-01  -1.5842627e-01   4.3980655e-01   5.7863486e-01  -4.9971161e-01   5.3831991e-01  -6.7704779e-02   3.1492672e-01  -2.9438196e-01  -2.9016831e-02  -8.0567705e-02  -4.0909029e-02  -2.4405049e-01  -8.4814419e-02   2.0765351e-01   7.7027446e-03  -2.5615859e-02   2.1261351e-01   2.1294340e-01   1.7003509e-01  -2.1547300e-01  -3.5241211e-01  -3.3665570e-01  -7.3829290e-02  -2.2274217e-01   2.2220743e-01   7.8356359e-02   3.2685015e-01  -2.8394408e-01   1.0799367e-02   4.5750555e-01   2.3935843e-01   1.0110508e-01  -1.1830693e-01  -1.3273834e-01   3.9913033e-01   9.1919941e-02   2.7669685e-01   6.6808734e-01   2.1671435e-01  -1.1890163e-01   3.6945625e-01   4.3144018e-01   3.6180488e-01   5.7884732e-02   4.6503492e-01   5.0928593e-01  -2.0074295e-01  -1.8021889e-01  -6.5753577e-01   4.9032957e-02   4.0624513e-03   4.6048094e-01   5.1173284e-01   2.4779238e-03  -1.2014527e-01  -3.0546552e-01  -5.7257263e-01   1.9291520e-01   2.0717724e-01   2.9576115e-02  -3.8379225e-01   5.2029488e-01   2.3871890e-01  -3.2296598e-02  -1.6570624e-01   5.7690876e-02   3.2246283e-02   3.1107318e-01   2.8863261e-02   2.3212612e-01  -2.2336091e-01   7.1047584e-02  -3.4160786e-01  -2.2898247e-03  -2.5642349e-01   2.1259639e-01   5.7026737e-01   3.4033640e-02   4.0099481e-02  -1.7585114e-01   3.8357451e-02   5.5457850e-01  -3.2181798e-01  -1.7416296e-01   2.2137205e-02   1.0077943e-01  -2.5526965e-01  -2.1390934e-01  -2.4561802e-01   4.5684706e-02   1.5649939e-01   5.2275932e-02   5.6691428e-02   7.9443738e-02   1.0913394e-01  -2.7215092e-01   6.1057647e-01   9.5946642e-02  -3.9607228e-01   1.3298227e-01   2.2095268e-01   1.9221643e-01  -2.7348091e-01   1.8930914e-02  -3.1190024e-01   1.6014085e-01   7.9934056e-01  -4.1683625e-02  -1.1997790e-01   1.9781593e-01
  -3.0124469e-01  -2.8487412e-01  -4.2943379e-01   4.1059926e-01  -6.0653725e-02   6.3435064e-01   0.0000000e+00  -2.4207089e-01  -1.6449361e-01   5.9275373e-04  -8.6108044e-02   5.1686488e-01   1.0799641e-01  -1.5895719e-01   5.2184580e-01   4.5089940e-01  -2.3900604e-01   3.1759372e-01  -2.2244669e-02   2.9084015e-01   5.6327302e-01  -9.6354328e-03   7.6976156e-01  -4.8065331e-01  -1.6171111e-01  -2.7641818e-01   4.1860405e-01  -3.2835808e-01  -1.1901373e-01   7.6011507e-01  -2.8074294e-01   1.1816111e-02   2.6996904e-01   6.0985338e-01  -5.8008803e-02   5.9330688e-01   5.7111032e-01   8.8035503e-02   2.4571230e-01  -1.2513700e-01   3.1341626e-01   1.8411106e-01   9.1003380e-02  -3.5093216e-01   4.2135379e-01  -2.9828199e-02   3.8043186e-01   4.5198765e-01   5.2869961e-01  -2.2771883e-01   4.3522391e-01  -3.4536881e-01  -3.5168589e-01  -2.0974066e-01   1.5688444e-02  -1.2631806e-01   1.4469753e-01  -2.7995374e-01   3.6063193e-01   2.0304105e-01   9.8757285e-02   5.2402760e-01  -4.2709231e-01   5.8557485e-03   9.1100461e-02   6.5590630e-01   3.7264504e-01  -2.8719778e-01  -2.1198750e-02   4.4093769e-01  -2.8681456e-01   6.3358795e-01   2.5489579e-01  -6.8836396e-02  -6.1143482e-01  -4.2541342e-01  -5.1332872e-02  -3.1715511e-01   6.5509444e-02  -9.0903888e-02   4.3512542e-02   2.7328707e-01   1.6063166e-01  -1.3694429e-01  -1.8527120e-01  -2.1237160e-01  -3.2402564e-02  -6.0051367e-01  -3.0070752e-01  -3.1658584e-01  -2.0107383e-01   5.0538978e-02   3.4391859e-01   4.8053894e-02   7.1619165e-02  -1.1351010e-01   2.8182521e-01  -1.8500634e-02   3.1264046e-01   4.5374273e-01  -2.5220218e-01   5.7625159e-01  -2.1454080e-01   3.0743546e-01   4.7756786e-01  -1.3692989e-01  -3.2421213e-01  -2.8149964e-02   5.4718894e-01   2.1293952e-01   4.6442084e-01   5.0046538e-02   2.2421552e-01  -1.9844523e-01  -1.2342346e-01  -6.1096601e-01  -2.0720248e-01   2.5383204e-01   2.4316654e-01   4.2079576e-01  -2.8242523e-01  -3.2061381e-01  -5.0258432e-01  -2.0789162e-01  -2.0730359e-01  -1.0347975e-01   2.8534169e-01  -5.4627602e-01   9.3316266e-03   3.2759266e-01   8.3377978e-02   3.0889233e-01  -3.2652592e-01   5.0198443e-01  -1.3437188e-01  -3.1013792e-01   5.0241946e-02  -2.4811830e-01  -2.3622007e-01  -1.2935644e-01  -2.2856579e-01  -2.6114627e-01  -1.8591455e-01   3.0007855e-01   6.2177552e-01   3.7717969e-02   3.6963595e-01   1.7784650e-01   5.7811018e-01   2.2982880e-01  -4.2375923e-01  -4.0430974e-01  -2.0674061e-01  -2.2711518e-01  -9.0882070e-02  -1.8593442e-01  -1.1315340e-01   4.4929761e-01  -9.0318862e-02  -2.9908434e-01  -2.0423106e-01  -2.0931878e-01  -1.4155530e-01   4.5492453e-01  -1.6103841e-01  -4.2503987e-02   4.4807872e-01  -1.8581876e-01   6.2258157e-05  -9.2234204e-02  -1.7403255e-01  -4.3722530e-02   2.8117615e-01   4.2922158e-01  -1.9497865e-01  -9.1355438e-03  -4.0527195e-02
   3.4149270e-01  -1.3597751e-01   1.6619016e-01   1.8465407e-01  -3.0522293e-01   9.6297559e-02  -2.4207089e-01   0.0000000e+00   3.4336874e-01  -3.4679130e-01   4.7060797e-01  -4.8036979e-01  -2.8282041e-01   2.7483662e-01  -1.6794930e-01  -5.9509900e-01   1.4701692e-01  -6.2604932e-02   5.1854305e-01  -3.3171350e-01  -3.3032922e-01   3.2823055e-01  -2.6360714e-01   4.7783879e-01   3.8836759e-01   8.3636872e-01   5.4317517e-02   2.8372712e-01   8.8746097e-02  -2.1696557e-01  -6.7449584e-03   4.8374513e-01  -2.3376631e-01  -2.8508727e-01   5.0081686e-02  -4.8747435e-01  -4.6338756e-01  -5.6066638e-01  -5.6789049e-01  -3.0485778e-01  -3.2391927e-01  -3.4009242e-01   2.3334350e-01   6.1109703e-01  -9.3494010e-02   1.8116641e-01   1.1770381e-03  -1.7456083e-01  -3.5830878e-01  -2.6059854e-01  -1.2651636e-01   7.4566545e-01  -4.8666376e-02   2.5978408e-01   1.8690872e-01   6.2100772e-01   3.8676586e-01   5.3226097e-01  -1.1028272e-01   2.3780467e-01  -4.0498990e-01  -4.5156078e-01   2.7379829e-01  -3.5061695e-02  -1.1865512e-01  -3.1831082e-01   2.9407276e-01   1.4011415e-01   7.3799347e-01  -4.8274937e-02  -1.5606206e-01  -9.9352683e-02  -3.6061077e-01   2.2233215e-01   3.9527814e-01   7.3411600e-01  -2.9893238e-01   6.2970358e-01  -3.0777756e-01   1.4071019e-01   4.3621494e-01  -3.6566207e-01   2.4801710e-02   8.0096183e-01   3.5021817e-01   7.4086628e-01  -9.4815340e-02   3.7020202e-01   2.2131067e-01   2.6684014e-01  -2.0563675e-01  -8.3622864e-02  -2.7252254e-01   4.1090677e-01  -5.4329716e-01  -2.5806771e-01   6.0811837e-02   6.7957980e-01  -4.3803987e-01  -3.0782303e-01   3.6061766e-01   1.3284207e-01   4.3759868e-01  -2.6644398e-02   2.9915861e-01   6.1324173e-01   2.0257702e-02   7.8623422e-01  -3.7651577e-01  -1.6731629e-01  -1.5483285e-01   3.7465679e-01   4.2002305e-01   7.2778174e-02   2.7005726e-01   7.0660642e-02   6.8049172e-01  -8.8949502e-02  -1.5424121e-02   2.7098788e-01   4.2737431e-01  -2.0645979e-01   3.6859653e-01  -2.1674462e-01   4.8359405e-01   2.3346449e-01  -2.3692000e-02   1.8579389e-01   6.0057558e-01  -2.9179581e-01  -3.9435826e-01  -2.7323454e-01   9.3805140e-02  -2.6054288e-01   5.2619696e-01   8.0009741e-01   1.6642858e-01   2.1687702e-01   7.5118357e-01  -1.6639247e-01   5.4889164e-01  -2.4817617e-01   6.4060945e-01  -2.5239274e-01  -2.4744032e-01   2.6642245e-01  -3.1182004e-01  -2.1262687e-01  -2.1610810e-01  -2.9359159e-01   4.4220851e-01   6.5568874e-01   4.8811234e-01   8.2081815e-02  -4.1912623e-01   1.8980410e-01   1.6380687e-01  -3.6703154e-01  -2.6046750e-01   6.0276267e-01   4.5383026e-01   6.2653936e-01  -2.6492837e-01   1.5067071e-01   5.5846257e-01  -3.1511913e-01  -1.6860884e-01   2.4934249e-01   1.9459841e-01  -1.0821199e-01  -1.2092240e-01  -4.9822099e-01  -1.3900417e-01   6.4197008e-03   4.8170315e-01  -2.9096753e-01   5.5943121e-01
   2.4516976e-02   2.7854417e-01   6.8512303e-02   1.1068003e-01   8.3406853e-02  -1.5975044e-01  -1.6449361e-01   3.4336874e-01   0.0000000e+00  -8.6299804e-02  -4.6323896e-02  -2.5360169e-01  -3.3795809e-01   1.9241211e-01   1.9177505e-02  -3.2128535e-01  -7.2977400e-02  -3.0964794e-01   2.3294637e-01  -1.5039038e-01  -1.6695888e-01   2.1143980e-03  -3.0954205e-02   2.0895492e-01   1.3969847e-01   2.4541537e-01   1.4804486e-01  -8.9343903e-03  -1.1748524e-01  -9.9467735e-02   2.2905106e-01   9.7400937e-02  -1.7978794e-01  -2.5384733e-02   5.2678371e-01  -2.2583918e-01  -2.7936283e-01  -3.0277193e-01  -2.7578667e-01  -5.8635877e-03  -3.8071030e-01  -1.7313042e-01   2.7420081e-01  -5.5930123e-02  -1.2252560e-01  -2.7387494e-01  -9.3001084e-02  -1.8899577e-02  -2.0524419e-01  -1.9621655e-01  -1.9157330e-01   2.5388886e-01   3.4613763e-01  -3.5446207e-02  -4.5660482e-02   1.3106776e-01   8.0221349e-02   2.1779537e-01  -2.9298489e-03   3.4839615e-01  -3.7532844e-01  -1.9899936e-01   3.7508435e-01   2.3740819e-01   1.0132874e-01  -4.5422119e-02   2.9120696e-02   3.1660504e-01   3.5979846e-01  -1.2011873e-01   1.4889787e-02  -2.7876269e-02  -1.6654813e-01  -2.0265188e-02   2.4425677e-01   3.0228341e-01  -2.4529245e-01   2.4978631e-01   1.2398790e-01   9.3190032e-02   7.3282871e-02  -5.1336567e-02  -1.2768411e-01   3.5137462e-01  -1.1915308e-01   2.1255762e-01   3.2635986e-01   4.5170985e-01   4.5429075e-01   4.3723016e-02   1.8918225e-01  -1.8776619e-01  -2.1106429e-01   4.9571952e-01  -1.8663910e-01  -1.6164705e-01   9.4452354e-04   3.4826286e-01   9.2119410e-03  -1.4992901e-01   8.4458332e-03  -9.6098510e-02   9.9531788e-02   3.4411580e-01  -8.0172940e-02   1.8672368e-01  -2.3515137e-01   3.8955509e-01  -2.8239702e-01  -1.2347214e-01  -1.1886885e-01   6.1296627e-02   2.4448507e-01  -4.7990549e-02   1.2044257e-01   3.4432027e-01   2.2464232e-01  -6.7257937e-02  -2.3841109e-01   1.0066391e-01   1.5117847e-01  -4.3111708e-02   4.2572281e-01   4.9900614e-03   2.7393166e-02   5.9348913e-02  -2.1914441e-02   1.0487972e-01   1.3825346e-01  -2.6373816e-01  -3.0017167e-01  -4.8303700e-02  -2.6398063e-02   4.2915629e-02   3.4218325e-01   4.0315732e-01   1.6353319e-01  -7.8889069e-02   3.5797599e-01   1.9383653e-02   1.6678167e-01  -3.4703198e-01   1.3166008e-01  -3.4015536e-01  -9.5704251e-02  -1.1113858e-01  -1.4763752e-01   1.2125970e-01  -2.5772173e-01  -1.0395919e-01   8.5364624e-02   1.7269138e-01   1.8532503e-01   6.6148265e-02  -7.7306989e-03   1.1849681e-01   1.5908430e-02  -1.1009243e-01  -3.1998012e-01   1.7814276e-01   3.6319050e-01   1.8308589e-01  -4.9128718e-02  -1.2053429e-01   3.1290683e-01   1.0887273e-01  -1.2462708e-01  -8.6288941e-02   1.0011959e-01  -9.3734368e-02   2.2232664e-01  -1.4776090e-01   3.2180272e-01  -1.5766649e-01   3.2927072e-01  -2.0037270e-01   3.0501625e-01
  -2.6221837e-02   5.0330095e-01   2.0056551e-01  -3.5414709e-01   2.3521124e-02  -4.6205679e-01   5.9275373e-04  -3.4679130e-01  -8.6299804e-02   0.0000000e+00  -4.7573175e-01   6.5651560e-01  -1.0112862e-01  -1.9562370e-01   1.2639377e-01   2.0627433e-01  -6.9077183e-02  -3.0577806e-01  -5.7922624e-01   2.2628056e-02  -1.4998237e-03  -4.6618101e-01   2.9981357e-02  -9.5842745e-02  -2.5922976e-01  -2.9892612e-01  -4.9359497e-02  -5.7968303e-02  -2.2072846e-01  -1.9274844e-01   2.7908930e-01  -5.5641056e-01   3.1731511e-02   5.5849036e-01   2.8195642e-01   1.7335824e-01   2.3342670e-01   1.3078423e-01   2.4138765e-01   4.3012267e-01   2.9295727e-01  -2.2258528e-02  -6.1280615e-02  -2.3822036e-01  -2.6124688e-01  -2.6683925e-01  -4.6161856e-01   4.4048054e-01  -1.4233576e-01   7.4238523e-02  -1.6829149e-01  -3.0039333e-01   5.0335241e-01  -3.9800989e-01  -1.7043604e-01  -2.2543909e-01  -5.8778253e-01  -4.6390188e-01  -1.3071779e-01  -4.4741989e-01  -1.4607682e-01  -7.3570606e-02   2.4031923e-02   4.6687815e-01   2.1869518e-01   2.9128742e-01  -6.0217358e-01  -1.0232059e-01  -4.5788716e-01  -2.0758212e-01   6.0364776e-01  -1.6944232e-01   5.2430885e-01  -3.7159481e-01  -1.0401615e-01  -2.1060743e-01  -3.7244630e-02  -1.5681173e-01   4.3749749e-01  -4.1838862e-02  -2.2384579e-01   3.4856783e-01   3.3001109e-01  -4.1057218e-01  -4.0997255e-01  -2.7288914e-01   2.8983105e-01  -2.4818669e-01  -4.1304357e-02  -1.0243975e-01  -2.1572068e-02  -3.1990997e-01   5.8909621e-01  -5.4419095e-01   1.1308235e-01   1.3486983e-02  -2.6992039e-01  -2.8162322e-01  -5.1301783e-02   6.0368650e-01   7.9303169e-02   1.3791646e-01  -3.9734138e-01  -1.9303711e-01  -5.2389920e-01  -4.8309237e-01  -3.0836466e-03  -4.5366732e-01  -4.7499098e-02  -7.8372143e-03   5.1630385e-01  -5.0109189e-01  -4.2664429e-01  -3.1071061e-02   1.0611574e-01   2.5778574e-01  -2.0431887e-01   3.3074934e-01  -3.1417578e-01  -4.4051050e-01  -4.1210462e-01   6.7428582e-02  -1.7354596e-02   4.1751757e-01  -3.8797846e-01  -1.3855705e-01   1.0275445e-02  -7.1043523e-02  -5.1950628e-01   1.2891164e-01   1.3862069e-01   4.0482651e-01  -1.5035232e-01   2.1243578e-01  -3.7394638e-01  -2.2712081e-01  -3.2893055e-01   8.8038333e-02  -1.5976420e-01   1.0184553e-01  -2.1756963e-01  -1.8391372e-02  -2.7787150e-01  -2.8863572e-01   3.7298772e-01   8.0429816e-02   6.7537010e-01   2.3708918e-01   2.3258468e-01   6.1712441e-01  -1.0837091e-02  -2.3651022e-01  -4.0918303e-01   2.3764999e-01   4.9774406e-01   6.0004587e-02  -3.3976005e-01   5.5134120e-02  -2.6422526e-01  -2.7948988e-01  -2.6672661e-01  -1.4018747e-01   3.9877982e-01  -3.4050537e-01  -3.5703380e-01   5.4594419e-01   1.7400131e-01  -2.1534863e-01  -4.0809370e-01   5.0687622e-01  -3.1748921e-02   1.7495833e-01  -2.1341785e-02  -4.2398982e-01  -7.7549018e-02   2.5682128e-02  -3.2708843e-01
   8.2346618e-02  -4.1563729e-01   7.1377166e-02   2.8821838e-01  -1.6462590e-01   4.7010002e-01  -8.6108044e-02   4.7060797e-01  -4.6323896e-02  -4.7573175e-01   0.0000000e+00  -5.2290308e-01   4.0462297e-02   3.1986850e-01  -3.4616074e-01  -3.2519443e-01   2.5135761e-01   2.9452278e-01   3.7699936e-01  -8.5729779e-02  -1.8172909e-02   6.3477864e-01  -2.4793994e-01   1.9891485e-01   2.4471316e-01   5.8134423e-01   6.9827704e-02   1.2243712e-01   4.2210647e-01   1.0103075e-01  -4.1562037e-01   6.5990454e-01  -2.7628369e-02  -4.9089082e-01  -3.0936832e-01  -2.0097880e-01  -2.5315935e-01  -4.2111585e-01  -2.8148060e-01  -2.2722556e-01  -1.4703554e-01  -3.6423858e-02   1.6826284e-01   4.8019676e-01  -1.2783195e-01   3.2069254e-01   5.5640695e-01  -4.1827297e-01  -2.4259776e-01   4.2266127e-02   8.5829337e-02   5.3612775e-01  -5.0478696e-01   4.0835297e-01   2.0276848e-01   3.3154340e-01   3.9511233e-01   5.7884023e-01   1.7638502e-01   2.7089439e-01  -6.1871869e-02  -2.8652131e-01   1.4979347e-01  -3.4590627e-01  -5.2159456e-01  -2.3307441e-01   4.1623935e-01   1.2156018e-01   6.4159045e-01   2.7361180e-01  -3.3778346e-01   5.6191288e-02  -2.8445681e-01   3.3438899e-01   2.5694734e-01   4.8199277e-01  -9.1157946e-02   4.4889803e-01  -3.7750183e-01   2.4079651e-02   3.0592625e-01  -3.4089051e-01  -1.6252707e-01   4.4283221e-01   2.2537089e-01   5.5938839e-01  -3.8488303e-01   2.2942170e-01  -4.4698943e-03   9.4614248e-02  -1.2495168e-01   6.4627466e-02  -3.2419856e-01   2.6961825e-01  -4.6022760e-01   8.3958732e-02   1.9731999e-01   3.3495937e-01  -2.6042113e-01  -5.5090921e-01  -3.1397591e-02  -2.6138332e-02   4.1011761e-01  -1.6041484e-02   6.1505923e-01   6.2315221e-01   1.4871449e-01   5.7866328e-01  -1.2277458e-01   1.6180468e-01  -4.4935357e-01   7.2871739e-01   4.1933543e-01  -1.0873355e-01  -3.9594427e-02  -3.0746768e-01   4.1329798e-01  -2.7714133e-01   1.3292009e-01   3.9681085e-01   2.5062201e-01   2.1774684e-02   1.0614375e-01  -4.2749373e-01   4.0545145e-01   3.0457149e-01  -1.9045419e-01   1.8309495e-02   6.5258749e-01  -3.0561081e-02  -2.7230681e-02  -4.5092800e-01   1.4872174e-01  -4.8232204e-01   5.1597933e-01   3.8348424e-01   1.2521042e-01  -1.4309169e-01   3.7374187e-01  -3.5017286e-01   3.1659902e-01   1.0990844e-01   5.7583172e-01   2.6430139e-01  -4.9177813e-01   1.9127750e-01  -4.8783909e-01  -1.8161827e-01  -9.7858130e-03  -5.2621933e-01   2.1231326e-01   4.6604202e-01   2.6179139e-01  -8.0080210e-02  -3.2470082e-01  -1.0824347e-01   1.2984785e-01  -2.1531902e-01   2.8898172e-03   4.9126135e-01   2.3342118e-01   5.4891219e-01  -2.1000761e-01   5.0986004e-01   4.5970001e-01  -5.3731920e-01  -2.8655410e-01   3.2360938e-01   1.3458045e-01  -3.5725308e-01  -3.8658563e-02  -4.0582088e-01  -6.4220013e-02   4.2872599e-01   1.8603117e-01  -1.0721162e-01   4.8816804e-01
  -2.5308860e-01   2.7419754e-01   3.4677890e-02   3.4964478e-02   1.8886626e-01   2.9601895e-02   5.1686488e-01  -4.8036979e-01  -2.5360169e-01   6.5651560e-01  -5.2290308e-01   0.0000000e+00   1.2758369e-01  -1.4968403e-01   4.3598265e-01   4.2102979e-01   9.5942302e-03   9.4070680e-03  -5.1622713e-01   4.4281272e-01   2.7189783e-01  -2.8978824e-01   4.1619427e-01  -4.7460044e-01  -2.9944075e-01  -5.2269155e-01   2.8060509e-01  -3.7628271e-01  -2.0801522e-01   3.6910071e-01  -4.3706152e-02  -3.8092449e-01   2.5180965e-01   7.6694269e-01   1.0152176e-01   6.0051602e-01   4.9319523e-01   1.9215617e-01   3.7469889e-01   3.4684170e-01   4.9031178e-01   9.0227382e-02   6.5366385e-02  -3.6905060e-01   1.4977735e-01  -1.8792441e-01  -4.4510348e-02   5.5348387e-01   1.9779284e-01   6.2193487e-02   2.2451377e-01  -5.0595557e-01   1.8188561e-01  -3.8625078e-01  -1.7852908e-01  -2.6596168e-01  -3.7459963e-01  -4.5108122e-01   1.2511852e-01  -9.0752063e-02   1.1918481e-01   4.4864483e-01  -1.5783203e-01   2.5316862e-01   1.5381058e-01   5.8724798e-01  -1.1836955e-01  -3.4576939e-01  -4.0458512e-01   7.9938205e-02   3.1731782e-01   2.7693469e-01   5.8911414e-01  -1.9961498e-01  -4.3994328e-01  -4.8716972e-01   4.4112619e-02  -2.7181199e-01   4.0756208e-01   1.9510501e-02  -2.9681528e-01   4.5996188e-01   3.5567619e-01  -4.9028333e-01  -4.0544441e-01  -5.1644410e-01   1.6706717e-01  -5.9987499e-01  -1.3454913e-01  -3.4190535e-01  -6.9087936e-02  -1.0944897e-01   6.6233536e-01  -3.0905400e-01   2.2809549e-01   7.0678227e-02   1.2064289e-01  -3.3774922e-01   3.5013494e-01   7.4926045e-01  -1.5960045e-01   4.0215825e-01  -3.3689949e-01   8.5430152e-02  -1.2822892e-01  -3.8928322e-01  -9.3565523e-02  -4.2725299e-01   2.8833420e-01   1.3443373e-01   6.2104145e-01  -4.0478189e-01  -1.6147586e-01  -2.5898168e-01  -2.0029722e-01  -2.4499062e-01  -2.6961473e-01   5.2041728e-01  -8.0775461e-02  -9.0978772e-02  -5.6174998e-01   3.2303529e-02  -2.9298631e-01   2.0483915e-01  -5.3376858e-01  -1.0597078e-01   2.7500618e-01  -3.3253889e-01  -3.4551845e-01   3.6813837e-01   2.3430704e-01   4.2415944e-01  -1.7294200e-01   3.8691747e-01  -3.5844514e-01  -4.6662523e-01  -2.3990870e-01  -1.2772772e-01  -4.2600784e-01  -1.7423893e-02  -3.9660740e-01  -1.7840332e-01  -4.3981638e-01  -1.1581638e-01   6.0373301e-01   6.1801446e-02   7.1830205e-01   2.6035806e-01   4.3030545e-01   5.7023282e-01  -3.7264955e-01  -4.3493140e-01  -4.4586524e-01  -1.3552036e-01   4.6410964e-01  -1.7227687e-01  -3.4225934e-01   3.5594377e-01  -4.8650134e-02  -4.2045456e-01  -2.6825375e-01  -3.6223478e-01   2.7009109e-01  -2.8668460e-02  -3.0241110e-01   4.0215328e-01   3.3944419e-01  -2.3355356e-01  -2.3622522e-01   3.7310107e-01   1.9686079e-02   1.1020104e-01   8.8350116e-02   4.7983435e-02  -2.9131715e-01   1.5662867e-01  -2.3972003e-01
  -2.9580804e-01  -5.0231309e-02   3.0141954e-02   3.1682811e-02   2.8795777e-01   3.2060454e-02   1.0799641e-01  -2.8282041e-01  -3.3795809e-01  -1.0112862e-01   4.0462297e-02   1.2758369e-01   0.0000000e+00  -1.3249606e-01  -8.5517287e-02   1.9355920e-01   2.3040074e-01   3.1798065e-01  -1.1805237e-01   5.6187249e-01   3.4799485e-01   1.2947680e-01  -2.8156306e-02  -3.1716032e-01  -3.2073536e-01  -3.0629088e-01   1.7041808e-04  -2.7414707e-01   8.1461063e-02   2.1399545e-01  -1.9488804e-01   1.3394004e-01   2.5793023e-01  -1.3069638e-01  -2.1836037e-01   3.3585180e-01   2.2670380e-01   1.8918864e-01   3.3723319e-01   2.5007889e-01   6.7103010e-01   2.5323467e-01  -2.0949984e-01  -1.6154080e-01   1.5864085e-01   1.5622964e-01   3.5863102e-01  -5.6575049e-02   8.9605828e-02   4.0197291e-01   2.7754030e-01  -1.4640970e-01  -1.8496097e-01   8.7846142e-02   1.6621933e-01  -2.8021246e-01  -8.5946723e-02   1.0712644e-03   2.6987780e-01  -9.9860680e-02   2.6205689e-01   1.8516262e-01  -5.3611945e-02  -2.4588333e-01  -1.8233003e-01   2.7275179e-03   1.1356815e-01  -1.9921060e-01  -2.6674886e-01   1.1322528e-01   4.4537725e-02  -1.7773618e-02   1.6223072e-01  -1.0944563e-01  -6.6203970e-02  -1.4643517e-01   2.5798500e-01   4.6367853e-02   1.0800513e-01   2.8693867e-01  -1.9031062e-01  -9.9449680e-03  -2.1852389e-01  -2.5553480e-01  -1.2583504e-01  -3.0954678e-01  -2.4781006e-01  -1.4815849e-01  -2.0382397e-02  -3.0443154e-01   2.0545704e-01   8.9399422e-02  -7.6622638e-02  -1.5339675e-01   2.2376040e-01   4.8404259e-01   2.6641332e-01  -2.8642512e-01   2.9867296e-01   5.7113638e-03  -2.1770711e-01  -2.2548827e-01   6.4354745e-02  -1.2103991e-01   1.4793931e-01   4.4259627e-02   1.2866248e-01  -2.8272152e-01   6.4847862e-02   1.8541424e-01  -1.7556976e-01   5.4471634e-02  -2.5741993e-01  -2.5399126e-01  -1.8671130e-01  -2.0210741e-01  -1.6384676e-01   2.5745051e-01   5.8157009e-02  -9.5705687e-02  -8.6258165e-02   2.4831348e-01  -2.0957822e-01  -2.4476906e-02  -1.5800888e-01  -1.3996855e-01   1.1957534e-01   1.1580414e-01  -1.2152975e-01   3.5472257e-01   4.7577491e-01  -1.2061289e-01  -9.9888909e-02  -2.2755975e-02  -1.9427545e-01  -3.1663745e-01  -2.1873087e-02  -1.8308838e-01  -2.7969384e-01  -1.3819158e-01  -1.3284454e-01   4.6468715e-01  -1.5182333e-01   1.3605907e-01  -7.1862056e-02  -4.1388593e-02   3.2938847e-03   5.0486553e-03   2.4503701e-02  -3.8957222e-03  -3.4155205e-01  -1.1882284e-01  -5.2907119e-02  -1.5838709e-03   1.3499887e-01  -3.4699180e-01   2.5462917e-02   2.7040767e-01   3.5801802e-01  -1.2028020e-01  -2.5983107e-01  -1.0348033e-01   1.3776454e-01   1.3257192e-01  -7.9407079e-02  -4.2856632e-03  -1.8012336e-02  -2.0140045e-01   6.0377261e-02  -8.6649822e-02   8.8614300e-02   6.5642138e-02  -2.1248791e-01   1.5347638e-01  -2.2781735e-01   3.4309664e-01  -4.0078330e-02
  -6.3335060e-02  -1.7478502e-01   1.0447476e-01   2.9814661e-01  -9.0992311e-03   1.5985743e-01  -1.5895719e-01   2.7483662e-01   1.9241211e-01  -1.9562370e-01   3.1986850e-01  -1.4968403e-01  -1.3249606e-01   0.0000000e+00  -1.8016122e-03  -3.0253261e-01   2.0587877e-01  -2.5497547e-03   8.0889295e-02  -7.5216840e-02   5.7737602e-02   5.0141936e-01  -1.5729458e-01   4.5201696e-02   3.0229895e-01   3.3606653e-01   4.3758583e-02  -7.3963383e-02   2.2310428e-01   2.3897622e-01   6.3378553e-02   2.9611677e-01  -2.9532970e-01  -2.6032107e-01  -7.1576438e-02  -1.6280054e-01  -1.6571315e-01  -4.8402252e-01  -2.7023295e-01  -2.5289213e-01  -3.6028588e-02  -3.3204445e-01   5.6671711e-02   5.8114792e-01  -1.0351998e-01  -2.9473422e-01   1.7956439e-01  -1.3653617e-01  -7.0395475e-02  -1.8482601e-01   4.5065319e-02   3.0149675e-01  -2.3508378e-01   9.5966937e-02   7.1684984e-02   4.3184204e-01   1.3789729e-01   3.9580392e-01   7.3669377e-02   4.3756472e-01  -2.5605317e-01  -7.5468156e-02   8.1448112e-02  -8.3568806e-02  -3.6401365e-01  -9.6699924e-02   2.8290647e-01   8.0519336e-02   4.8001746e-01  -3.9588597e-02  -2.0444437e-01  -1.9423163e-02  -5.5286679e-02   4.0618899e-01   2.4634416e-01   4.2726143e-01  -2.9551351e-01   4.3412687e-01  -2.2800818e-01   1.5698008e-01   2.9245963e-01   1.0170739e-02   2.2528870e-01   1.4029729e-01   2.3403372e-01   2.4616991e-01   1.1812222e-01   3.3899215e-01   4.7464456e-02  -8.7273006e-02  -3.0719373e-02  -1.1807125e-01  -1.9676885e-01   4.1122099e-01  -4.2316579e-01  -7.9006295e-02   2.4559587e-01   3.3373679e-01  -7.7232054e-04  -2.8046717e-01   8.3904186e-02   2.4496517e-02   5.7198587e-01   2.3280053e-01   9.3186541e-02   3.7643688e-01  -4.2163548e-03   4.5076509e-01  -2.7342404e-01   4.6771926e-04  -1.5809782e-01   3.6292673e-01   4.5850246e-01  -3.7612606e-01  -1.7945596e-01  -2.3064470e-01   4.1854741e-01   1.6658798e-01   3.0857467e-01   3.3696204e-01  -1.4576869e-01   1.1033408e-02   2.2431239e-01  -1.7749733e-01  -7.0453752e-02   5.8328691e-01  -9.3890587e-03  -1.2274241e-01   3.0542980e-01  -2.3389881e-01  -3.0391318e-02  -2.3080375e-01   4.2561804e-01  -1.6013485e-01   3.4253891e-01   2.2490895e-01   2.0452961e-02   1.6791164e-01   1.8120155e-01  -3.6923179e-01   9.8351982e-02  -1.9899635e-01   2.2793361e-01   2.1286849e-02  -2.0399505e-01   4.0252793e-01  -2.9169244e-01  -1.2168635e-01  -2.5632385e-01  -2.7166853e-01   1.0981401e-01   5.1992014e-01   1.7047211e-02  -7.2888463e-02  -7.6493499e-02  -2.8259401e-01  -2.6757307e-01  -1.9687063e-01  -2.7158144e-01   3.1192419e-01   3.7805982e-01   2.6537576e-01  -1.4369784e-02   1.2533251e-01   4.0063248e-01  -3.5049195e-01  -1.0602898e-01   2.7070507e-01  -8.1079020e-02  -1.7241657e-01   4.3836661e-02  -3.8204241e-01   3.4966647e-03   3.5767916e-01   3.3114914e-01  -2.8983049e-01   5.1337021e-01
