   0.0000000e+00   1.0630482e-01  -1.1554121e-01  -2.2411710e-01  -9.5524918e-02   3.4865037e-01  -1.5137296e-01   3.6806106e-01  -2.4440303e-02  -3.4830767e-02  -1.6797604e-01  -8.2900824e-02  -2.4882058e-01   5.7755857e-01  -2.9762713e-01  -1.0776212e-01  -1.6482454e-01  -2.7418842e-01  -1.1771292e-01  -1.5316131e-01   1.9575875e-01  -4.5265496e-02  -3.3201102e-01   7.8314526e-01   1.5576281e-02  -2.3020892e-01   9.1984207e-02  -1.2187484e-01  -9.0726794e-02  -2.2759729e-02  -3.7332850e-01  -2.7767566e-01   2.7623237e-02  -4.0855710e-01   3.1019873e-01  -1.8365178e-01   7.9035650e-02   2.4791561e-01  -1.5272776e-01  -2.3106073e-01  -1.8563952e-01  -9.8393000e-02   6.0392726e-02   2.5841193e-01  -1.3660685e-01   6.7782350e-01   5.2341700e-02  -2.8861666e-01   9.6622272e-02   1.7416095e-01  -1.1428986e-01   2.5130438e-01  -3.0921196e-01  -8.9642455e-02   9.7510037e-02  -2.6769159e-02   4.2718836e-01  -3.3537865e-01  -3.3469860e-01   2.4466755e-01   3.6156561e-01  -2.5715465e-01   8.6314911e-02  -2.9798264e-01   8.8577552e-02   2.4109014e-01   4.4530651e-01  -7.1801866e-02   7.5951789e-02   6.4043915e-01  -4.8226019e-01   1.1557379e-01  -4.3494090e-01   2.8977738e-01  -1.1463342e-01   4.5688467e-02   4.9180307e-01   1.3106340e-01  -3.0469141e-01  -3.8757020e-01  -3.2306236e-01  -3.6215362e-01  -2.1972219e-01   1.8803161e-01   3.8268497e-01  -3.9933154e-02   3.0902823e-01   2.2376033e-01   4.0059616e-02   7.8046021e-01  -6.9919831e-02   3.5154029e-01   3.7773639e-02  -4.4917571e-02   4.5609635e-01  -1.3540820e-01  -7.8766254e-02   8.2538918e-03  -8.5184232e-02   1.8738398e-01  -5.1481124e-02   2.1150606e-01   8.0196080e-02   8.4010283e-02   1.6348847e-01  -1.8210597e-01   2.0064481e-01   1.4486882e-01   8.3542942e-02   1.7567591e-01  -2.7717038e-01   1.3344225e-01  -1.8936387e-02   7.6022002e-01  -2.4900263e-01  -2.6846690e-01   3.5033861e-03  -3.0239021e-01   1.5237949e-01   6.1127663e-02   5.9215858e-01  -2.2882868e-01   8.1121125e-03  -1.7157947e-01   5.8712033e-01   4.2817985e-01  -9.3392140e-02  -8.4717580e-02  -1.0898295e-01   2.8844936e-01  -2.9110138e-01  -3.5946551e-01   5.9829778e-01  -1.9451940e-01   1.3921085e-02   1.9167861e-02  -3.8105652e-01  -2.6155024e-01  -8.8122451e-02   4.5576214e-01   6.0953342e-01   1.8691623e-03   1.8134765e-02  -3.3264631e-02  -3.3545797e-02  -1.1509426e-01  -4.4402141e-01   3.1594758e-01   1.9866669e-01  -1.8141775e-01   4.3131913e-01  -3.9644528e-01   5.6747367e-01  -1.6951565e-01  -3.2479896e-01   5.5562357e-01   5.2475849e-01  -1.6717265e-01   2.2222898e-01  -2.5593352e-02   5.4405126e-02   2.8812309e-01  -1.6576508e-01  -1.4216943e-01  -2.0711907e-01  -2.5404705e-01   7.3266293e-02   2.2480201e-03   4.5269281e-01  -2.5026190e-01  -9.5222289e-02   3.4171756e-01  -8.6179269e-02   3.7928103e-01  -4.9963918e-02   2.4190747e-03  -1.6071473e-02
   1.0630482e-01   0.0000000e+00   6.2696941e-02   1.6998190e-01   1.9563793e-01   3.4138144e-01   1.9637013e-01   1.9506276e-01   3.7208362e-01   1.5959881e-01  -1.1074692e-01   5.0076361e-01  -7.5801155e-02   1.1007364e-01  -4.4598064e-01  -2.2377841e-01   8.9831890e-03  -1.8527661e-01   2.0417417e-01   2.1593608e-01  -3.0389948e-02   7.8488328e-02  -4.4432943e-01  -2.4690358e-02  -1.6217667e-01   8.8646945e-02   2.5508349e-01  -3.6225574e-01   1.1511068e-01   6.1407452e-01  -2.9199439e-01   1.5382692e-01  -9.7983170e-02   1.9946654e-01   3.0802892e-01   7.4802980e-02   2.4882849e-01  -2.4593027e-01  -3.4044538e-02   2.8152293e-01  -9.5087269e-02  -2.6459496e-01   2.9704752e-01  -1.3279023e-01  -2.4338121e-01  -9.9853427e-02  -2.7457052e-03  -1.2619011e-01   1.5190664e-01   3.8297716e-01  -1.1724929e-01   1.6692477e-01   3.1973269e-01  -2.1771814e-01  -3.0273244e-01  -3.3074895e-01   5.2393940e-02   1.1090846e-01  -4.0950705e-03   1.9471605e-01  -3.9016524e-01  -5.3790457e-02   3.5360078e-01  -3.7834142e-01   4.8245885e-01   7.6689985e-02   3.2681490e-01   5.0388837e-02  -1.5831293e-02   6.5815681e-03   1.1069095e-01  -8.8769744e-02  -2.3379301e-01  -2.0042282e-01  -2.5815049e-01   1.4343022e-01  -1.7206338e-01  -1.4185255e-01   4.1046963e-01  -1.1800546e-01  -4.9415088e-01  -2.1875582e-01  -3.2065218e-01  -1.0333740e-01   3.6628658e-01   1.0788268e-01   5.6300187e-01  -1.0603844e-01   7.4041130e-02   1.3584712e-01   4.8428179e-01  -2.6563534e-01   1.6430898e-01   1.6850984e-01  -2.5467068e-01   3.2999308e-01   1.2765359e-01   2.0153585e-01   2.2403047e-01   1.8625788e-01  -1.7844499e-01   4.0383294e-02  -9.8542059e-03   3.4711112e-01   2.3447349e-01   1.8929650e-01  -1.3436797e-01   2.1223531e-01  -1.9385251e-01   3.3973110e-01  -2.5769043e-01   2.4293445e-01   2.1005600e-01   1.3603976e-01  -4.6540904e-01   4.8916107e-01   2.6448711e-02  -2.7487557e-01  -2.9330060e-01   2.2199507e-01  -1.6786655e-01   2.6151454e-01   4.3837453e-01   4.0029163e-02  -5.7515910e-02  -2.0770752e-02   1.0751538e-01  -3.0362833e-01   9.7370013e-02  -1.4845106e-01  -1.1603230e-01   1.5901929e-02   1.1996899e-01  -1.1370351e-01   1.9769910e-01   3.8421985e-02  -7.6200136e-02  -4.6851134e-01  -7.5045778e-03   2.2635211e-01   4.7319539e-02  -1.0512890e-01   4.0803266e-03  -2.6279963e-01  -1.3160155e-02  -1.4826754e-01   2.7403029e-01   2.9863195e-01   1.6174480e-01  -1.5165336e-01   2.1274012e-02  -4.1893396e-01  -1.1471709e-01   8.3415615e-02   2.8883450e-01   3.0466411e-01  -1.8636468e-01   2.4523097e-02  -3.8603881e-01  -1.9904839e-01   1.9072020e-01   2.8630515e-02  -9.1356866e-02   4.2924653e-02   1.5194433e-01   4.3506493e-01   2.7171176e-01  -1.4320795e-01  -1.6272370e-01   1.7237772e-01   4.3047030e-01  -2.0078956e-01  -9.1807097e-02   2.0967405e-03   1.4700895e-01   3.5739991e-03   2.0025924e-01
  -1.1554121e-01   6.2696941e-02   0.0000000e+00   3.5607237e-02   4.9564542e-01   3.5149889e-01   9.3507969e-03  -2.5365741e-01  -2.4885504e-01  -8.9146963e-03  -1.8866932e-01   4.0969373e-01   2.1651272e-01  -7.1330799e-02  -1.6754906e-01   3.1378514e-01   8.1184485e-01  -8.3547523e-03   1.0360117e-02   4.9595826e-01  -5.6745526e-01  -5.1548521e-02  -2.0074933e-01  -8.3568354e-02   7.2093576e-02   2.8448773e-01   4.7329181e-01  -8.2972857e-03   2.4304208e-02  -2.4333699e-01  -4.5213821e-01   1.5769905e-01  -1.2391809e-01   2.7917886e-01   3.3453241e-02   4.2630986e-01  -9.7871688e-02  -2.6980258e-01   1.7846846e-01   4.4887389e-01   1.7793822e-01   1.7723653e-01  -1.7308229e-01   1.1532538e-01  -2.2807046e-01   5.1495188e-02   3.7592995e-01  -2.4827715e-01  -1.3933439e-01   1.2240669e-01  -6.6512357e-02  -2.0053158e-03  -7.4349976e-02   2.0661214e-01  -3.4061529e-01   1.6788498e-01   1.0448928e-01   1.8162609e-01   8.5463451e-02   5.8716985e-02   1.9710759e-01  -1.0553415e-02  -1.6624344e-01  -4.2597941e-01  -3.1595671e-01  -3.8678068e-02   2.9805253e-01  -1.0786631e-01   3.8718154e-01   5.6242255e-02   2.8377718e-02  -3.4344348e-01   7.8418564e-03   7.2272247e-02   1.6938146e-01  -2.1631270e-01   7.5599387e-02   4.7918989e-02   1.9761321e-01   4.1317757e-01  -1.1420833e-01  -1.6244075e-02   5.2855506e-02  -5.5255708e-02   1.8973884e-01  -3.9845012e-02  -2.7985472e-01   1.7036608e-01   4.3737664e-02  -2.3083138e-01   2.3238256e-01   2.9235640e-01   3.0244842e-01  -5.2892934e-02  -1.3409386e-01   5.5851322e-01   1.7236601e-01   2.9811687e-01   2.8384805e-01  -2.6516250e-01  -6.2243795e-02  -1.4242116e-01  -4.5216488e-01  -2.2452001e-01  -2.1086971e-01   1.5792617e-01  -1.6564291e-02   2.2895765e-01  -2.9962184e-01   1.1399109e-01   2.4920724e-01  -7.1542623e-02  -1.5777836e-01  -1.0392713e-01  -1.0223648e-01   3.1362989e-02   1.8042903e-01   2.7695596e-01  -1.5605313e-02  -4.9153827e-02   5.3586674e-03   6.1055012e-01   3.3177526e-01  -6.0295563e-01  -9.9355689e-02  -1.5894792e-02  -2.3452705e-01   1.8543306e-01   2.5703316e-02   3.1308456e-01   7.3106670e-02  -3.4652007e-01  -2.9852790e-01  -5.3125739e-01  -8.7016887e-02  -4.4683798e-02   3.8620021e-01  -1.6983100e-01   3.8248750e-02  -6.6397777e-02  -1.4928003e-01   3.6208348e-01   1.6537050e-01   2.3934106e-01  -2.9407075e-01  -4.7789931e-01   5.0984596e-01  -5.4729920e-02   2.5273439e-01  -5.2796907e-01   2.5701592e-01  -1.0943886e-01   1.0053106e-01  -2.1429491e-01   6.3697857e-01  -1.0173507e-01  -6.0953057e-02   9.6435145e-02   3.2081483e-01  -3.2358270e-01  -3.3234031e-02   1.2855438e-01   1.9628743e-01  -2.6352120e-01   2.0200254e-01   3.0978535e-01   8.2115013e-02  -1.0096018e-02   7.2458550e-02   3.9170839e-02   3.4083203e-01  -1.9738481e-01  -2.9324471e-01   1.3779050e-01   9.4153897e-02   4.4626256e-01   2.2738910e-02
  -2.2411710e-01   1.6998190e-01   3.5607237e-02   0.0000000e+00  -1.2193935e-01  -4.0740595e-02   1.1972368e-02   4.6533094e-02   1.4719158e-01  -1.3284233e-01  -7.2148966e-02   8.1748456e-02   1.2901084e-01   5.7980090e-02  -9.2969115e-02   6.9243606e-03  -8.5136668e-02   2.4115076e-01  -1.6308799e-01   4.9589299e-02   9.7509885e-02   5.9438274e-01  -2.9075101e-02  -3.2069478e-01  -7.2727236e-02   7.5316318e-02   4.3026364e-02  -1.6204222e-01   6.0417894e-02   6.6271385e-02  -1.8087944e-02   3.9914818e-01   3.7656411e-02  -1.8131489e-02  -3.8859627e-02   2.8304900e-02  -6.3244598e-02  -7.5260401e-02   1.6632685e-02   3.2035586e-02   6.5346558e-02   2.1355387e-02   3.8515704e-02  -1.1543153e-01   6.7333065e-02  -1.6528676e-01   6.6035406e-02   7.2836654e-03   3.6399823e-02  -1.2099309e-01   1.5830869e-01   7.0871671e-02  -7.1221499e-02  -2.1118861e-01  -6.9857845e-03  -1.5411271e-01  -1.4199950e-01   4.2693883e-01   3.6617006e-01   9.8101068e-02  -8.9043570e-02   1.5486486e-01   9.6509866e-02   3.5908334e-02  -8.6673007e-02  -2.6401114e-01  -5.4840287e-02   2.3860051e-01   5.9240932e-02  -8.6081831e-02  -2.9620544e-02   2.3503787e-01   6.4793032e-02  -2.9571867e-01   4.1772281e-02   2.3338714e-01  -3.8704893e-02   4.9348706e-02  -3.9572421e-02   2.5378560e-01  -1.0396751e-01   5.5799555e-02  -1.4345897e-01  -4.3618738e-02  -1.5369091e-01   2.4036812e-01   6.3234357e-02  -1.2480658e-01   2.8259990e-01  -2.4470774e-01  -1.2165712e-01  -1.0162931e-01  -1.4315688e-01   2.2576893e-01  -1.0631636e-01  -2.0753723e-02   2.5616022e-01  -7.1562234e-02   4.8241308e-02  -8.4101864e-02  -2.8271108e-02  -6.7571232e-02   9.3919752e-02   1.6825963e-01   2.8050341e-01   4.8211984e-01  -1.4944747e-01   1.9239497e-01  -1.2885164e-01  -1.1028083e-01  -5.2497331e-02   3.8345486e-01   5.8496875e-01  -2.2396920e-01  -1.0605029e-01  -1.5652621e-01  -6.5784386e-03   1.0595559e-01  -1.6391678e-01   4.1974697e-01  -2.3300542e-01   1.6609056e-03   8.1581830e-02   9.9852978e-02  -1.2436378e-01  -5.1828368e-02   1.1419474e-01  -4.0629977e-02   6.2747519e-01   5.4829588e-03   1.5678570e-01   1.4624852e-02  -3.1345590e-02  -8.7023133e-02   2.4148558e-01   1.9446354e-01  -1.1238574e-01   4.8194356e-02   2.9598179e-02  -1.0780624e-01  -1.0998955e-01   2.2615707e-02  -6.5768966e-02  -1.2327866e-01   2.7856351e-02   1.9492084e-01   1.0917904e-02  -9.7247879e-02  -2.1181244e-01  -6.8998397e-02  -1.8353422e-01   2.0388951e-03  -1.3226072e-01  -1.3778866e-01  -9.0316139e-03  -5.8770670e-02  -1.2933751e-01   2.5314565e-01  -1.6741709e-01  -1.3801311e-01   1.9958928e-01  -7.0443746e-02   1.7048349e-02   3.3234219e-01   3.7379494e-01   4.3521499e-02   2.0266800e-03  -1.2217394e-01  -2.6694603e-01  -7.6239886e-02  -5.7750337e-02  -1.5215818e-01   2.7365115e-01  -2.0799588e-01  -4.9194552e-02  -1.6988925e-01   6.2921265e-01
  -9.5524918e-02   1.9563793e-01   4.9564542e-01  -1.2193935e-01   0.0000000e+00   3.1728082e-01  -1.9170181e-02   3.9282549e-02  -2.3818565e-01   6.2831071e-02  -2.7409953e-01   4.0474788e-01   3.2142523e-01  -2.2451154e-01  -4.2894635e-01   1.5405642e-01   4.5514801e-01  -6.6094568e-02   1.3325632e-01   8.5509578e-01  -3.8671577e-01  -2.3465868e-01  -3.3132917e-01  -1.9170890e-02  -6.6839631e-02   1.9616727e-01   5.2339077e-01  -2.3790799e-01   1.8630902e-01  -6.0215071e-02  -3.2416592e-01   6.7833240e-02  -8.0136805e-02   2.9265721e-01  -5.3239924e-02   7.5425333e-01   3.6815042e-01  -1.9366393e-01   1.4087124e-01   4.3242144e-01   3.0894044e-01   8.1926654e-02  -2.4614721e-01  -6.1902022e-02  -9.1328542e-02  -8.8146780e-03   4.8657731e-01  -2.3393163e-01   2.2864265e-01  -4.3816706e-02  -1.2103895e-01  -1.1668532e-02   3.5243690e-01   3.2509202e-01  -1.1724977e-01  -1.6961942e-01  -1.3821386e-02  -1.1373736e-01  -8.0387363e-02  -3.0562779e-01  -5.9762746e-02   2.6079235e-01  -1.6130759e-01  -3.9149692e-01   8.6660708e-02  -8.3759620e-02   3.3620877e-01   2.3251541e-01   2.7674817e-01  -2.5477931e-01   8.1549469e-02  -4.4561415e-01   1.3900949e-01  -9.9859267e-02   1.5420779e-02  -8.7390307e-02  -5.9032759e-02  -2.3082523e-01   5.9273399e-01   3.8206065e-01  -4.6015185e-01   3.0900591e-02   3.4242906e-03   3.1416745e-02   3.3864623e-01  -8.0323035e-02  -1.7824535e-01  -8.4175105e-02  -5.0230027e-02   6.4466796e-03   6.0912418e-01   1.6956397e-02   3.7690514e-01  -2.0430682e-01  -1.0497236e-01   8.5013159e-01   2.9979901e-01   3.5091097e-01   5.6996068e-01  -4.8266455e-02  -9.0298804e-02  -2.1922349e-01  -5.6271224e-01  -2.7043828e-01  -3.4660222e-01   2.8637193e-01   1.1911829e-01   7.3948249e-02  -5.0946287e-02   4.5440530e-01   7.3892578e-02  -3.2477155e-01  -2.4433088e-01   1.2145380e-01  -2.9606022e-01   4.4879576e-01   3.0793510e-01   3.7298852e-01  -1.7023112e-01  -1.6322797e-01  -3.6483864e-02   8.5505449e-01   3.1973238e-01  -4.3078728e-01  -1.4006118e-01  -3.1139887e-01  -2.7339670e-01   1.0819756e-01   3.6220602e-02  -1.7479282e-01   3.7677041e-01  -7.5824264e-02  -3.2423663e-01  -2.8811226e-01  -3.6087274e-01   6.2228814e-03   4.1497029e-01  -3.9542910e-01  -6.4858531e-02   9.8701633e-02  -5.4399509e-02   2.9623685e-01  -6.1198182e-02  -1.9966913e-01  -4.6136981e-01  -4.6502015e-01   4.9883484e-01   6.8095141e-02   2.8406749e-01  -2.0847395e-01   5.5579937e-02  -2.5104309e-02  -4.7710961e-02  -3.8216289e-02   5.4356400e-01   9.2685769e-02  -7.1144540e-02  -4.1558162e-02   1.2866573e-01  -5.5488654e-01   9.0020307e-02  -1.6800110e-01   4.4033020e-01  -2.9632780e-01   2.2203095e-01   3.3101496e-01  -1.2914550e-02  -2.3425606e-03   7.6007995e-02   4.0377585e-01   4.3488452e-01  -2.7871650e-02  -2.0532792e-01  -4.4754623e-02   5.8750646e-02   5.6628919e-01   4.7700058e-02
   3.4865037e-01   3.4138144e-01   3.5149889e-01  -4.0740595e-02   3.1728082e-01   0.0000000e+00  -1.3645147e-02   2.4243434e-01  -1.2305471e-01   1.0238017e-01  -3.1594446e-02   4.3647653e-01   2.9938220e-03   1.5918411e-01  -3.1487394e-01   2.8764847e-02   2.4807347e-01   2.6482600e-02   1.2543831e-01   3.3864383e-01  -1.2402765e-01   3.0860050e-02  -3.1818177e-01   2.5826624e-01   1.7905714e-01   1.6292108e-01   4.7438734e-01  -5.0123953e-02   1.2705871e-02  -8.4417226e-02  -6.3182533e-01  -5.2862500e-02   3.6972931e-04  -5.5547966e-02   3.7698585e-01   2.7400251e-01   6.9657927e-02  -2.9576149e-01  -9.3313404e-02   2.3789277e-01  -1.0056159e-01   1.0232033e-01  -1.5548883e-01   2.6235292e-01  -8.9027646e-02   2.4676641e-01   4.1341170e-01  -4.1424507e-01  -5.1953657e-03   1.7331884e-01   1.7460215e-03   2.8804421e-01  -3.2047175e-01   5.2868254e-02  -1.5885811e-01   5.9162742e-02   4.8990043e-01  -1.8812866e-01  -6.2944667e-02   2.8263146e-01   1.8537729e-01  -2.4416838e-01   1.1860717e-02  -5.4421136e-01   2.0842204e-02   3.6433556e-01   8.5758910e-01  -4.0971437e-02   5.3964761e-01   3.4444441e-01  -3.6194885e-01   1.9795685e-02  -4.0104696e-01   1.8041566e-01  -1.6771469e-01  -2.0433582e-01   1.7041109e-01   6.9843701e-02  -8.0090096e-03  -1.6786754e-01  -3.7756155e-01  -3.8458974e-01  -2.0622697e-01   1.7340767e-01   3.5007150e-01  -3.7862167e-02   1.6193823e-01   1.7879433e-01  -1.3603640e-01   1.1319615e-01   1.7299858e-01   3.1165199e-01   4.0755712e-01  -5.0606044e-02   6.9475574e-02   3.4736752e-01   1.0823273e-01   3.6486139e-01   9.1391719e-02   2.0002984e-01  -3.4091600e-01   1.2690412e-01  -1.3689626e-01   5.1755710e-02   2.5125461e-01   6.4888233e-03   1.8932169e-01   5.0856424e-01  -1.2951405e-01   3.6477343e-01  -6.9707871e-02   2.7058929e-01  -4.4748133e-02   2.9157927e-01  -3.2592016e-01  -6.8796249e-02   3.0949674e-01  -2.2139616e-01   5.1153060e-02   7.7430186e-02   1.4009289e-01   3.0110513e-01   2.0257911e-01  -4.3107209e-01   9.8416732e-02   3.5534023e-01  -1.7512384e-01  -3.8473255e-02  -5.3606552e-02   1.2985912e-01  -1.4373915e-01  -4.1309686e-01   1.4743595e-01  -5.3947982e-01   5.1458199e-03  -1.5628008e-02   4.8940932e-02  -4.0595078e-01  -6.6195503e-02   1.2647028e-01   1.2913319e-01   7.9004870e-02   2.5162453e-01   1.2209096e-01  -2.1149583e-01  -3.7077323e-01   1.2075379e-01   4.7147400e-01   5.6692631e-01  -4.1397717e-01   2.8073299e-01  -3.1042882e-01   2.2141074e-01  -2.0888400e-01   2.3297280e-01   9.6577430e-02   1.0716938e-01  -8.2298583e-02   1.9238249e-01  -5.4201821e-02   7.2794242e-04   3.5020861e-01   1.1389906e-01   7.3592206e-02   9.4258691e-02   4.3517932e-02   1.6412205e-01   1.2288244e-01   2.2644235e-01  -1.1705828e-01   1.9548906e-01  -1.6907633e-01  -3.3822790e-02   5.7462845e-01   1.5207006e-01   3.3654948e-01   2.6321728e-02
  -1.5137296e-01   1.9637013e-01   9.3507969e-03   1.1972368e-02  -1.9170181e-02  -1.3645147e-02   0.0000000e+00  -1.4372820e-01   2.0567108e-01   2.4433163e-01   5.5766773e-02   2.4042235e-01  -7.7649978e-02  -1.9144211e-01   2.9429460e-01  -2.0738781e-01  -2.3955181e-01   1.6417810e-01   4.8613319e-02   5.3435068e-02  -1.4364271e-01  -2.0837978e-02   2.6242814e-01  -2.4261163e-01  -8.7787214e-02  -1.0351275e-01   4.8987044e-02  -4.1193499e-02   2.9129359e-02   3.9061618e-01   2.7885837e-02  -1.5225412e-01  -1.6062978e-01   5.4417492e-01   7.8348281e-02   1.3791243e-01   9.4962029e-02  -1.2095411e-01  -1.4018368e-01   1.5702785e-01  -2.1847723e-01  -4.6544836e-02   2.3160157e-01  -2.9979615e-01   5.6268452e-01  -2.4638650e-01  -2.0240913e-01   5.3930946e-01  -1.1269510e-01   1.7665773e-01   7.4076875e-02  -2.4810785e-01   1.8449073e-01  -4.5828404e-02  -2.9277246e-01  -2.7612581e-01  -1.4584358e-01  -8.9622391e-02  -7.0947074e-02   2.2854715e-01  -3.2215261e-01   1.0286619e-01   3.1987534e-01  -3.4637680e-02   2.4601364e-01   2.5133507e-01  -1.5804676e-01   1.0965197e-01  -2.1867988e-01  -5.8479267e-02   4.4225538e-01   1.5133342e-01   1.7114882e-02  -2.3866529e-01  -2.0193122e-01  -8.5415871e-02  -2.0435434e-01  -1.6344980e-01   2.2857731e-01  -2.0030150e-01   1.9297524e-01  -1.0671954e-01  -6.0164588e-02  -3.2666603e-01  -3.1585100e-01   4.1397304e-02  -9.7061849e-03  -2.3414972e-01  -2.7496831e-02  -8.8447059e-02  -5.2090150e-02  -2.9487421e-01   1.9173138e-01   1.8392635e-01  -1.9305277e-01  -8.4779256e-02  -1.3028857e-01   1.3398613e-01   2.0643329e-01   1.8399458e-01  -3.3085448e-02   2.7022270e-01   7.1975483e-02   2.6400240e-01   1.7632088e-01  -1.4336252e-01  -5.3840930e-02  -2.1200889e-01   2.9743573e-01   1.2462008e-01   3.0322901e-01   9.9858142e-02   6.0648708e-02   4.0077853e-03   5.5874743e-02   1.4827463e-01  -2.5667336e-01  -9.2327233e-02  -2.2684760e-01  -9.5651680e-03  -3.1302302e-01  -7.6848350e-02   2.3018417e-01   2.1295360e-01  -1.9110027e-01  -2.1915890e-01   1.3688004e-01  -3.2069428e-01   4.5431453e-03   1.6991893e-02  -4.2008216e-02   5.2764091e-01  -3.1138389e-01   2.0628681e-01   1.7232328e-01  -9.7688430e-02  -7.5173002e-02  -1.8792047e-02   1.4355783e-02  -4.9211632e-02  -2.3720582e-01  -2.9418587e-01   2.4366795e-02  -1.1113963e-01   3.9889720e-01  -1.4248283e-01   4.3771500e-01  -5.7517653e-02   3.2984129e-01   1.3763304e-01  -1.3214031e-01   1.7428431e-02  -2.9506489e-01   3.3125840e-02   6.7951879e-03   5.7831733e-02  -2.9237190e-01   1.5701501e-02  -2.0202734e-01   3.4375975e-01   1.1371344e-01  -1.0175634e-01   2.3690565e-02   8.4860345e-02  -3.9840650e-02   1.8759734e-01   5.0301273e-01  -2.5178936e-01  -2.4268202e-01   1.3996233e-01  -2.5305484e-02  -1.9197186e-01   2.6994257e-01  -9.2796381e-02   1.0086272e-01  -2.1812806e-01  -7.1050839e-02
   3.6806106e-01   1.9506276e-01  -2.5365741e-01   4.6533094e-02   3.9282549e-02   2.4243434e-01  -1.4372820e-01   0.0000000e+00   6.1723046e-02   2.2932461e-02  -1.5457932e-01  -1.1868704e-02  -1.1917213e-01   1.7237509e-01  -2.5140738e-01  -4.1745922e-02  -2.3721796e-01  -1.7796840e-02   1.8004840e-01  -2.0407596e-02   1.7198477e-01   2.2454423e-01  -2.6402347e-01   3.1615438e-01   1.8451623e-02  -8.9169648e-02  -6.2568627e-02  -1.0589760e-01   7.5084689e-02   1.0473477e-01  -2.3562275e-01   1.2915725e-01   5.6934883e-02  -2.7038002e-01   1.1099398e-01  -1.3060005e-01   2.1985110e-01   6.6724568e-02   3.2299128e-03  -9.3557763e-02  -9.7263573e-02  -1.9436526e-01  -4.7057423e-02   2.1519443e-01  -6.9915345e-02   2.7454816e-01  -5.0185610e-03  -1.7447927e-01   2.0848339e-01   6.1092018e-02   8.1797093e-02   4.5364848e-01  -4.5273445e-02  -8.1837334e-02   5.7780854e-02  -1.2066707e-01   3.3374230e-01  -4.3242293e-03   2.1918763e-02  -1.7236650e-02   1.6982465e-01  -8.2643715e-02  -6.9498086e-02  -4.7354257e-02   2.1041543e-01  -4.2117924e-02   2.5122712e-01  -1.9051786e-01   9.6479324e-03   2.5880234e-01  -1.5764457e-01   5.4682967e-02  -1.3943055e-01   1.1814260e-02  -8.3278624e-02   3.2393183e-01   3.3471203e-01   1.1398198e-01  -1.0253820e-01  -7.3960922e-02  -3.2100900e-01  -1.9894592e-01  -2.0721274e-01   4.2569157e-01   1.7028275e-01   1.4651221e-01   3.5763362e-01   2.7608862e-02  -3.2181631e-01   3.7096467e-01  -2.1996222e-02   2.0351877e-01   4.9710467e-02   5.7334523e-02   2.4634915e-01  -3.6789989e-02   4.9456300e-02   2.7979685e-01  -6.6787899e-02   2.5916754e-01  -1.8273566e-01   9.7387410e-02   1.3933845e-01   2.8019555e-01   2.2761761e-01   3.1489163e-01  -3.2403383e-02   2.4346190e-01   2.7115127e-01   1.8133197e-01  -2.2582471e-01   8.5271395e-02  -2.5588557e-02   3.8184427e-01  -3.0095831e-01   4.1538363e-02   1.4074885e-01  -1.6606650e-01  -7.4012208e-02   2.2128337e-01   2.8400574e-01  -6.7383520e-02  -1.8779198e-01   1.3395464e-02   3.5300877e-01  -1.0517459e-02   5.7468916e-04  -1.1057679e-01   2.1699825e-01  -4.7706768e-02  -2.1983713e-01  -1.3832376e-01   2.8525318e-01  -1.1968227e-01   1.4051724e-01   1.4229515e-01  -1.4903731e-01  -2.9184314e-01  -7.2862274e-02   2.0334644e-01   3.1315218e-01  -1.0628759e-01  -2.1874419e-01  -2.5056369e-01  -1.3354493e-01   7.1753983e-02  -2.2841416e-01   2.1458943e-01   2.8161774e-02   6.1057005e-02   1.1739347e-01  -1.6353485e-01   2.7242838e-01  -8.5204261e-02  -2.0141944e-01   2.6209922e-01   2.8605648e-01  -9.1902279e-02  -5.2224815e-02   2.2622959e-02   1.0203439e-01   5.7405012e-02  -1.4182203e-01   2.2398177e-01   4.4398773e-02  -1.9659293e-01   9.3377068e-02   1.0462989e-01   7.8574353e-02   1.0510143e-01   1.6883546e-03   2.3996937e-01  -2.3192552e-02   2.2160682e-01   1.9799073e-01   5.3038221e-02   1.1713854e-01
  -2.4440303e-02   3.7208362e-01  -2.4885504e-01   1.4719158e-01  -2.3818565e-01  -1.2305471e-01   2.0567108e-01   6.1723046e-02   0.0000000e+00   2.8586679e-01   3.0821625e-01  -8.4274063e-02  -2.4283822e-01   1.5318345e-01   7.6518501e-02  -1.2735462e-01  -3.0051774e-01   3.5995187e-02  -6.4383265e-02  -1.0428854e-01   8.5416702e-02   2.7952849e-01  -1.0582000e-01  -9.3765267e-02  -2.0489264e-01  -1.6057740e-01  -2.2386420e-02  -2.1987263e-01  -1.8839108e-01   6.4032676e-01   2.3057013e-01   2.1913847e-01  -1.2292008e-01  -6.1597145e-02   4.4891975e-01  -4.2902327e-02  -1.2072471e-01  -6.5324663e-02   1.5764980e-01   7.6925130e-02  -3.4836214e-02  -3.5346226e-01   5.6315638e-01  -3.0700484e-01   1.0323745e-01  -2.0915145e-01  -6.2990228e-02   1.4316641e-01   1.3761386e-01   2.6896990e-01   8.6522678e-02   1.0720528e-02   1.8684245e-01  -4.3090599e-01  -3.0340592e-01  -2.6283886e-01  -2.8329034e-01   2.5090639e-01   1.1493803e-01   3.6054507e-01  -3.2099073e-01   1.3869491e-01   6.4535600e-01   1.7516061e-01   3.5362197e-01   4.6880032e-02  -1.6824545e-01   7.5767267e-02  -6.0386066e-02  -1.3317734e-02   9.8383287e-02   1.9210437e-01   5.5408695e-02  -2.2578429e-01  -2.8890895e-01   2.5640271e-01  -1.5795540e-01   2.6452176e-02   9.2525482e-02  -3.5253623e-02   8.6884383e-02   1.1102876e-01  -3.2572096e-01  -2.1208893e-01  -2.9542335e-01   2.1162352e-01   6.0173200e-01  -2.6608289e-01   1.5555039e-01  -2.6814560e-02   2.0583411e-01  -3.4157260e-01  -3.2450283e-01   6.6608736e-01  -1.2018392e-01  -1.7493021e-01   1.6911046e-01   5.4386285e-02   1.2494449e-01   2.5482534e-01  -4.8727970e-02   2.1598354e-01   3.4141394e-01   8.0579504e-01   2.8835578e-01   9.4425292e-02  -4.3937944e-01   8.6085210e-02  -3.0244679e-05  -2.0299098e-01  -3.1893215e-01   2.8971737e-01   5.2552778e-01   4.4174471e-02  -1.2509345e-01   2.0791837e-01  -1.6154094e-01  -1.9170134e-01  -2.8465551e-01   3.3038561e-01  -1.9220762e-01  -1.7016002e-01   2.5692114e-01   4.7142879e-01  -6.3787286e-02   1.2110544e-01   5.2564664e-01  -3.0560689e-01   3.4761739e-02  -1.1879472e-01  -9.8652692e-02   2.2863338e-01   1.0202901e-01   2.8524654e-01   3.7324967e-01   1.5576652e-01  -8.1262848e-02  -6.4727524e-03   2.6962751e-01   9.4364127e-02  -2.8342571e-02  -3.4829008e-01  -1.6750801e-02  -2.6169406e-01   3.8519898e-01   2.8785246e-01  -1.4121593e-02   1.5980058e-01  -1.9310161e-01   1.8271371e-02  -1.6967850e-01  -1.4830774e-01  -2.2566060e-01   2.8642421e-01   4.9396362e-02   1.3871936e-01  -1.0618724e-01   2.0422535e-01  -4.7541891e-01   1.4463690e-01   1.6495245e-01   2.4596660e-01  -2.3243022e-01   3.3821779e-01   2.2689066e-01   1.4215733e-01   2.2578703e-01  -2.8524753e-01  -5.8436445e-01  -1.8411802e-01   1.7525456e-01  -6.3516542e-02   3.6686038e-01  -2.0485922e-01   4.5498725e-02  -1.7008506e-01   3.9452884e-02
  -3.4830767e-02   1.5959881e-01  -8.9146963e-03  -1.3284233e-01   6.2831071e-02   1.0238017e-01   2.4433163e-01   2.2932461e-02   2.8586679e-01   0.0000000e+00   3.2025784e-01  -3.0941587e-02  -2.5684368e-02   7.0099037e-02   2.0550913e-01  -8.1845042e-02  -9.7036823e-02   1.3754634e-01   1.7526050e-01   8.6686090e-02  -9.1996998e-02  -7.9272695e-02   1.3686678e-01  -1.3340180e-01  -1.4134255e-01  -1.6667809e-01   8.3524848e-02  -1.6712174e-02  -2.5338041e-01   3.9144246e-01   9.3664161e-02  -3.6844867e-02  -1.7478340e-01   7.4997190e-02   2.3085983e-01   1.2998649e-01  -1.6377174e-01  -1.8493597e-01  -1.5233598e-01   5.8526428e-02  -8.5663885e-03  -2.0638838e-01   2.9829040e-01  -1.0345886e-02   8.6518869e-02  -3.4274552e-01   1.9088234e-01   1.5449822e-01  -5.8728993e-02   5.3878701e-02   1.7810935e-01  -1.6645054e-01   5.9197259e-02  -2.4901746e-02  -4.7426718e-01   8.8975363e-02  -1.1169408e-01   4.1611094e-02  -3.9699518e-02   2.3974450e-01  -2.4010539e-01   8.5193405e-03   2.9861235e-01   8.0548005e-02   1.6199644e-01   5.6519791e-01  -7.9853182e-02  -9.2851094e-02   1.2512736e-01  -1.4275303e-01   1.1369868e-01   1.2212352e-01   9.6110679e-02   4.2201655e-02  -9.7805009e-02   4.5174277e-02  -3.2368653e-01  -1.8528399e-01   1.0034494e-01  -8.0045760e-02   1.0635469e-01  -4.9951144e-03  -3.1571662e-02  -1.5805438e-01  -3.2398674e-01   1.1770693e-01   2.6590194e-02  -9.7513567e-02   9.6698658e-02  -1.1756017e-01   2.6708302e-01  -3.0752649e-01   7.5651247e-02   4.7373534e-02  -2.6926725e-01  -1.6987440e-02   9.8778110e-02  -5.5226559e-02   1.6617776e-01   2.7204241e-01  -2.9550650e-01   3.9747844e-01   3.5527591e-01   2.3774938e-01   2.9429328e-01  -2.1890123e-01  -1.6897748e-01  -1.1994631e-01  -7.7909964e-02   1.2535898e-01  -7.2514685e-02   2.8183013e-01   2.0387199e-01  -9.3976789e-02  -8.8236598e-02   8.4021058e-02  -1.3658000e-01  -2.8665461e-02  -1.1359534e-01   1.1939265e-01  -1.0861572e-01   3.4580996e-02   2.5802182e-01  -3.6775137e-02  -1.8255917e-01  -7.4851654e-02   2.2571534e-01  -8.6455790e-03  -3.9571477e-02  -2.1890556e-01   1.9382354e-01   1.0237737e-01   8.4572494e-03   1.6166081e-01   9.0737847e-02  -6.4357103e-02   1.7394152e-01  -6.0690026e-02   1.5079914e-01   1.1182666e-01   1.1923784e-01  -2.2416423e-02   3.2517348e-02  -1.0101784e-01   2.7703071e-01   1.6493362e-01   1.3755165e-01   3.1330608e-01   3.9219044e-01  -6.5046134e-02  -1.8802690e-01   1.2661556e-01  -2.1547491e-01   7.4453941e-02   1.3915905e-01  -8.0528399e-02  -1.4230483e-01   3.6402468e-02  -3.5798266e-01   2.9599577e-01  -2.7097883e-03   1.5666242e-01   1.5980552e-01   2.8235366e-01  -1.8652872e-02   1.9642067e-01   2.8931348e-01  -2.3886529e-01  -3.3142380e-01  -1.2330117e-01   2.3019905e-01  -2.4525171e-01   1.2781512e-01   8.2405653e-03  -3.6594667e-02   1.2714263e-02  -2.5512009e-01
  -1.6797604e-01  -1.1074692e-01  -1.8866932e-01  -7.2148966e-02  -2.7409953e-01  -3.1594446e-02   5.5766773e-02  -1.5457932e-01   3.0821625e-01   3.2025784e-01   0.0000000e+00  -3.3285071e-01  -9.3282004e-02  -4.1024542e-03   4.3635730e-01   1.6844819e-01  -1.6044623e-01   5.2519967e-01  -4.9415823e-02  -3.1640085e-01   2.0569541e-02  -1.1289044e-02   2.5020413e-01  -7.0309016e-02  -8.7747165e-02   4.5201329e-02  -2.8689077e-01   1.9002019e-01  -1.3973293e-01   1.0903561e-01   3.7386248e-01   1.4951242e-01   2.3817833e-02  -8.2142130e-02   4.5798688e-02  -1.8093653e-02  -3.3903086e-01  -1.5247327e-01   1.6771848e-01  -3.9217822e-01   9.1405177e-03  -1.4017704e-01   1.0024247e-01   5.1012835e-02   2.2871485e-01  -2.3237937e-01   2.4410532e-01   1.1916327e-01  -2.8091479e-02  -5.6316340e-02   4.8789977e-01   7.0928394e-02  -1.2725883e-01  -1.0973218e-01  -2.8705507e-01   3.7844755e-01   7.6502257e-03   1.2977607e-01   2.6181440e-01   2.0446829e-01  -5.5707907e-02   2.6585546e-02   1.9132907e-01   4.5131932e-01   1.4722825e-01   3.8018392e-01  -1.3009068e-01  -1.5714187e-01   2.8475508e-01  -4.4360513e-02  -7.7088270e-02   2.9222466e-01   6.3863467e-02   1.0685005e-01  -2.2504488e-01  -8.4289925e-02  -1.2425319e-01  -6.3385448e-02  -1.8969097e-01  -1.0920929e-01   4.3955213e-01   8.9668286e-02   1.8232165e-01  -1.3236758e-01  -4.1694203e-01   1.8448425e-01   3.4883289e-02  -7.4585340e-03  -3.4969486e-02  -2.7442235e-01  -8.9145249e-02  -1.6134386e-02  -2.9110466e-01   1.4074248e-01  -1.6825267e-01  -3.9042567e-01  -1.7337142e-02  -1.1892361e-01  -1.0085888e-02  -4.7952711e-02  -7.8511305e-02   2.0121085e-01   3.1618981e-01   2.7605797e-01   4.6088593e-01  -9.1469808e-02  -2.4049560e-01  -9.7978165e-04  -7.5026255e-02  -1.7517183e-01  -1.9546436e-02   1.5692064e-01   2.3165803e-01  -2.4609561e-01   8.5427963e-02  -1.2519460e-01   5.1387844e-02  -1.4109868e-01   7.6357995e-02   2.7024729e-01   1.9032948e-02  -3.4622500e-01  -1.0121722e-01   2.6401945e-01  -1.2641643e-01   1.0885261e-01   2.3688503e-01  -1.6511791e-02  -7.7583203e-02  -1.3744119e-01  -2.2248599e-02   3.9279908e-01  -2.7130926e-02   2.7934816e-01   1.1025557e-01   2.0856326e-01  -3.9610153e-02   1.9028623e-01   3.0447837e-01  -1.4149618e-01  -1.0198077e-01  -1.4723686e-01   1.5911277e-01   4.5469927e-02   2.3814282e-01   2.2758098e-01  -2.4045570e-01   2.3935697e-01   1.2045629e-01   1.4540560e-02  -1.7911589e-01   8.3579575e-02  -8.9991971e-02   4.4739794e-01  -1.6707606e-01  -2.4346973e-01  -2.2304569e-02   1.8472078e-01  -4.8263634e-02   4.0317906e-01  -1.7248573e-01   4.3500055e-01  -4.5188051e-02   4.5051485e-01   1.1919475e-01  -1.1024427e-01   2.7209974e-01  -8.7665302e-02  -1.8067357e-01  -2.0148775e-01  -1.5206938e-01  -2.2654021e-01   3.5433400e-01   6.3720453e-02  -7.1222981e-02  -5.1083637e-02  -2.7719679e-01
  -8.2900824e-02   5.0076361e-01   4.0969373e-01   8.1748456e-02   4.0474788e-01   4.3647653e-01   2.4042235e-01  -1.1868704e-02  -8.4274063e-02  -3.0941587e-02  -3.3285071e-01   0.0000000e+00  -3.7820371e-02  -1.5212839e-01  -2.8963409e-01  -1.8703467e-02   3.8649217e-01  -2.4714446e-01   1.0519978e-01   4.1399584e-01  -2.5229559e-01   9.9988028e-03  -1.7347917e-01  -2.2335210e-01  -9.5854029e-02   2.5509243e-01   2.6039593e-01  -1.8181796e-01   4.3703125e-02   1.5736803e-01  -5.3096485e-01   2.4750774e-02  -2.4217936e-01   5.5692380e-01   2.3326906e-01   1.8558283e-01   1.2360045e-01  -3.7141944e-01  -3.9315085e-02   4.2612778e-01  -1.3535817e-01   1.5923928e-02   9.3459005e-03   5.7855432e-03  -1.2172196e-01  -1.6805327e-01  -1.7056485e-02  -2.0609183e-01   2.6942243e-02   3.4029820e-01  -3.0359807e-01   4.8914502e-02   1.1522822e-01   9.8853458e-02  -2.5692066e-01  -1.6801417e-01  -8.1335940e-02   3.1496620e-02  -8.4516220e-02   1.0349288e-01  -1.7158455e-01  -5.8752569e-02   4.5742442e-02  -5.4157439e-01   1.4666026e-02   2.0726616e-02   3.9811553e-01   3.9967839e-02   2.5503351e-03  -1.2704642e-01   2.8886735e-02  -1.7667514e-01  -2.2272080e-01  -9.4427088e-02  -1.4734013e-01  -1.7219056e-01  -1.4986749e-01  -3.4383160e-02   4.5732534e-01  -1.8048500e-02  -3.8737907e-01  -1.9021958e-01  -3.8651479e-02  -1.9157031e-01   4.6689946e-01   7.8321166e-02   1.9342435e-01   4.3052877e-02   7.4544254e-02  -1.3441319e-01   2.1347702e-01  -9.5371976e-03   7.5035958e-01  -4.8860640e-02  -2.9646585e-01   5.8441748e-01  -1.3998868e-02   1.8394355e-01   8.2672174e-02   1.7864145e-01  -2.0537782e-01  -1.8279402e-01  -3.0400375e-01  -6.0349916e-02  -5.2392478e-02   8.9771632e-02   1.3156833e-01   1.9776712e-01  -1.1201887e-01   3.6589556e-01   3.8168527e-01   1.2347887e-01  -9.5759331e-02   2.8042311e-03  -2.4433891e-01   2.7786422e-01   1.3923190e-01  -1.6250430e-01  -8.4190359e-02   2.7334097e-02  -3.4235853e-01   4.8926913e-01   3.1873246e-01  -2.7413788e-01  -2.9576732e-01  -1.0799313e-01  -1.4114818e-02   5.1251616e-03   1.1324163e-01  -1.0556211e-01  -1.4099069e-02  -1.2646343e-01  -2.2045200e-01  -3.4659464e-01   4.9895492e-02   4.8207031e-02   1.7352987e-01  -3.8354524e-01   2.9194085e-02   2.8291135e-02  -1.9257737e-01   3.4213113e-02   1.6429192e-01   1.4460263e-01   1.9416051e-02  -4.5393066e-01   5.9559942e-01   1.2101371e-02   4.1871347e-01  -3.0033001e-01   2.9790776e-01  -3.8998921e-01  -1.5732559e-01  -2.4841027e-01   5.2718484e-01   1.8760149e-01  -3.7745320e-01  -1.6056022e-01  -9.8110290e-02  -2.0158618e-01  -3.7659894e-02   1.7708085e-02   3.7885557e-02  -2.3498738e-01   1.2790421e-01   3.7307426e-01   2.8447566e-01   4.9006590e-03  -5.9017181e-02   3.0193784e-01   3.5012771e-01  -3.6734629e-01  -2.9834124e-01   6.6691004e-02   2.7150994e-01   7.8567641e-02   1.5629448e-01
  -2.4882058e-01  -7.5801155e-02   2.1651272e-01   1.2901084e-01   3.2142523e-01   2.9938220e-03  -7.7649978e-02  -1.1917213e-01  -2.4283822e-01  -2.5684368e-02  -9.3282004e-02  -3.7820371e-02   0.0000000e+00  -3.6850445e-01  -2.3405012e-01   2.9033207e-01   1.8245377e-01   1.3140903e-01  -3.0796093e-02   3.7852590e-01  -4.1368950e-01  -1.5773372e-01  -2.1398852e-01  -1.3624183e-01   2.1472662e-02  -7.1610516e-02   3.2301465e-01  -2.6048993e-01   9.4077533e-03  -1.8787066e-01  -1.9054645e-01   1.0227922e-01   4.0225075e-01   1.6397067e-01  -2.2189881e-01   3.9195955e-01  -5.2347663e-02   2.1782720e-01   2.5647568e-01   1.7792359e-01   6.3863655e-01   2.8558069e-01  -1.3850925e-01  -2.8594088e-01   3.1438152e-02   3.0669647e-02   2.9023087e-01  -2.1878141e-01  -2.4140414e-01  -2.3226600e-01   3.3826517e-05  -1.0188322e-01   2.3249461e-01   7.6878628e-02   5.9375383e-02  -1.9811295e-01  -1.1855356e-01   5.1636745e-02   2.2509468e-01  -2.6282736e-01  -4.8138660e-02   2.9135230e-01  -1.9496002e-01  -1.7357937e-01   9.7863836e-03  -1.2515241e-01  -2.0502682e-03  -2.2803837e-02   8.8886307e-02  -2.9578019e-01   1.1924859e-02  -2.3732530e-01   4.9784677e-01  -3.2688907e-01   1.2093191e-01  -3.6663178e-02   9.6092646e-03  -1.5108523e-01   1.6850184e-01   2.0504148e-01  -2.8099127e-01   3.3477384e-01  -1.0486933e-01  -1.6191522e-01  -1.8387750e-01  -1.4267535e-01  -4.5941110e-01  -2.9085915e-01   2.6195223e-02  -1.0218750e-01   1.9970166e-01  -1.1926959e-01  -1.6314983e-02  -1.4440257e-01   1.3859422e-01   3.3053078e-01   2.6485569e-01   1.9305469e-01   1.9237645e-01  -3.7657131e-01  -1.8601032e-01  -4.2804713e-02  -3.7454840e-01  -3.0554076e-01  -1.9199975e-01   4.3055660e-02  -2.8750882e-03  -2.6991761e-02  -1.6746633e-01   1.0726888e-01  -8.6503017e-02  -2.6965408e-01  -6.4067321e-02  -1.1397605e-01  -2.9620721e-01   1.0998787e-01   7.7790935e-02   7.5299958e-01  -2.9326774e-01  -1.0745154e-01  -8.2366969e-02   3.9275913e-01   1.6939707e-01  -2.8128757e-01   1.0921274e-02  -3.1312581e-01  -2.5606871e-01   1.5061622e-01   1.7231729e-01  -1.9366333e-01   7.1329804e-01   2.4451251e-02  -4.9638383e-01  -2.8517264e-01  -2.4687080e-01  -7.5261240e-02   2.0863948e-01  -2.6518709e-01  -3.6144471e-02   4.8829998e-02  -2.2543403e-01   5.8447364e-01   1.6252774e-02  -3.0100763e-01  -3.9476611e-01  -2.5634293e-01   2.0833652e-01  -8.2066069e-02  -1.3658019e-01  -2.5237251e-01  -3.0976673e-01   1.1238328e-01  -1.0088877e-01  -9.3733687e-02   2.6600166e-01   5.4724120e-02   2.0451998e-02   3.0646900e-01   3.7533855e-02  -3.1242340e-01  -4.1609654e-02  -2.1901278e-01   2.6535279e-01  -5.3822762e-02   4.7244875e-02   1.7874759e-01  -3.5040183e-02  -5.1935723e-02   1.1126200e-02   9.0849004e-02   1.6383160e-01   1.8776522e-01  -5.7853633e-02  -1.3568901e-01  -1.5215503e-01   3.0726617e-01   4.2924222e-02
   5.7755857e-01   1.1007364e-01  -7.1330799e-02   5.7980090e-02  -2.2451154e-01   1.5918411e-01  -1.9144211e-01   1.7237509e-01   1.5318345e-01   7.0099037e-02  -4.1024542e-03  -1.5212839e-01  -3.6850445e-01   0.0000000e+00   4.7985802e-03   1.2621520e-02  -8.6024702e-02  -1.1128456e-01  -2.3534579e-01  -1.7211075e-01   4.4515412e-01   2.5507928e-01  -3.3359652e-02   5.6307480e-01   1.1611781e-01  -2.1219829e-01   4.3415447e-03   1.0792717e-01  -6.5601937e-02  -1.1329091e-01  -8.8920324e-02  -3.6760580e-02   1.2275295e-02  -3.8592596e-01   3.2836541e-01  -1.3277896e-01  -1.1598748e-01  -6.7546593e-02  -4.1600719e-02  -2.5755477e-01  -2.0143506e-01  -1.4323725e-01  -2.0075523e-02   1.9119400e-01  -1.0647175e-01   2.5882547e-01   1.3638874e-01  -1.8052312e-01   6.1708649e-02   1.6516992e-01   1.0102246e-01   4.2410070e-03  -3.6904835e-01  -1.6650269e-01  -2.4461834e-02   6.1526763e-03   2.0630503e-01  -1.3487532e-01  -1.1022835e-01   3.3992010e-01   1.4999473e-01  -1.7226638e-01   7.9551808e-02  -6.8168462e-02  -1.0484874e-01   2.2501539e-01   2.8393480e-01  -6.4533100e-02   9.1192799e-02   4.7922698e-01  -5.1193213e-01   3.3205513e-01  -4.4536744e-01   4.5076619e-01  -1.9226028e-01   2.0672964e-01   1.5417935e-01   3.1467091e-03  -3.7933768e-01  -2.0165681e-01   3.6449995e-04  -2.8193028e-01  -1.0518178e-01   5.3470293e-02   2.5867602e-01   2.6134007e-01   3.7596400e-01   3.6165465e-01   9.3539441e-02   4.4670383e-01  -8.4982162e-02   1.9868817e-01  -1.1421215e-01   1.0177468e-01  -3.3339286e-03  -2.5255931e-01   7.2487435e-02  -1.1910507e-01  -8.3160053e-04   2.2427068e-01   5.1357117e-02   2.0794027e-01   4.4165956e-01   3.1251772e-01   1.9965038e-01  -1.1772775e-01   6.7844731e-02   3.6379050e-02  -2.3392391e-02  -1.1461019e-02  -1.9884121e-01   3.9641920e-01   2.4050036e-01   3.8358299e-01   1.1438764e-02  -3.6945531e-01  -6.1323857e-02  -4.0106856e-01   3.6243895e-01   3.1289067e-01   2.9280116e-01  -2.3605982e-01   1.5570917e-02  -2.1918428e-02   2.1719500e-01   6.2700690e-01   1.7705201e-01  -1.4670050e-01  -9.6790347e-02   2.7368314e-01  -3.0401202e-01  -2.9240844e-01   7.4432774e-01  -8.0463566e-02   2.3908490e-02   2.5487497e-01  -3.4728767e-01   9.3560280e-02   2.2912733e-01   2.3712452e-01   6.8937170e-01  -1.3378844e-01  -8.2776773e-02   2.2109793e-01   1.5365687e-01   2.3247325e-01  -4.5789873e-01   2.9096338e-01   1.4167977e-01  -2.0156824e-01   3.2761524e-01  -3.4154598e-02   4.1569901e-01  -4.6038434e-02  -1.6430591e-01   2.2064003e-01   2.6135963e-01  -1.9043257e-02   9.5619327e-02   1.3053026e-01   4.4632549e-02   2.4139740e-01  -1.8269882e-01   5.7220108e-02  -1.6568237e-02  -1.3786511e-01   7.8933482e-02  -7.8004935e-03   2.8351468e-01  -4.0287008e-01  -9.8730737e-02   1.9559647e-02   3.6066774e-02   3.6058613e-01  -1.6641974e-01  -5.5676940e-02   5.5630019e-02
