   0.0000000e+00  -8.0653949e-02  -1.0632176e-01  -2.6623234e-01  -1.9044016e-01  -2.4902398e-01  -2.0288385e-02  -1.7908509e-01  -1.4039322e-01  -2.9851126e-01  -1.3297482e-01  -1.3962238e-01  -3.5287389e-02   5.4199869e-01   3.1312673e-01  -1.0867272e-01  -1.1706754e-01  -2.2378928e-01   1.1643116e-01  -1.5030479e-01  -3.0549297e-02  -2.0868818e-01   1.5072565e-01   6.1269029e-01  -2.6636527e-01  -1.2372987e-01  -1.7304040e-01   5.0938292e-01  -1.1605782e-01  -2.9059291e-01   1.9559426e-01  -3.1184075e-01  -5.2759193e-02  -4.3141398e-02  -1.0139738e-01  -2.1877343e-01  -1.6566509e-01   2.4187137e-01  -1.3782329e-01  -3.5693267e-02  -1.8117818e-01   5.5250940e-03  -2.3512092e-01  -6.9813979e-02  -2.1062625e-01   2.1409628e-01  -2.0887987e-01   5.1539634e-02   5.8980390e-02   4.7894596e-02  -1.8065605e-01   1.1515820e-01  -1.6023343e-01   1.4022888e-01  -1.3021706e-01   3.2553699e-02  -9.2693782e-02  -1.8336541e-01  -2.3714149e-01  -3.1117712e-01   1.4147196e-01  -4.3163786e-02  -2.1867463e-01  -4.2203131e-02  -9.3008455e-02  -2.2827226e-01  -2.3209564e-01  -1.9791976e-01  -2.2164880e-01   4.4579666e-02   4.3192465e-02  -3.4717431e-01  -1.8956345e-01   2.2371769e-01  -7.4538619e-02  -3.0850942e-01   2.5994104e-01   1.2228805e-02  -5.5635249e-02  -3.4535837e-01   2.4435995e-01  -1.7005374e-01  -2.0001501e-02  -3.9113759e-02   2.9973648e-01  -2.0356934e-01  -3.8358912e-02   4.4965099e-01  -1.4842779e-01   6.6798388e-01   1.4422628e-02   1.2637444e-01  -5.4667407e-02  -2.6149969e-01   1.4845499e-01  -1.5390368e-01  -2.4225625e-01  -2.2695445e-01  -2.8949544e-01   6.1271792e-02   4.3784360e-01   1.0658928e-03   8.1213085e-02  -3.3655124e-01  -3.5576744e-01  -2.6253129e-01  -5.4507129e-04  -2.0038029e-01  -1.9959461e-02  -2.0863532e-01  -1.0716068e-01  -1.6567337e-02  -4.1917128e-01   5.3247408e-01   3.7750658e-01  -4.0738574e-02  -5.0091619e-02  -1.6072812e-01   2.9202722e-01  -1.8933288e-01   4.3591334e-01  -2.2040429e-01   2.6778915e-02  -2.3844174e-02   3.1966188e-01   2.4060842e-01  -1.4657647e-01   5.9778124e-02  -3.7223690e-01  -3.2109215e-02   3.0496951e-02   3.3642889e-02  -9.4923180e-02  -1.0604616e-01  -2.4145393e-01  -4.8795637e-02  -2.7628869e-01   3.2395479e-01  -1.0015171e-01   1.9070615e-01   4.3618074e-01   1.0285657e-01  -2.3260313e-01   1.5116782e-01   2.1206012e-01  -2.0767594e-01   5.3306948e-03  -3.2888441e-01  -1.2867339e-01   1.1129662e-01   4.3806086e-01   3.2067311e-01   9.8226717e-02  -8.7274343e-02  -2.7709726e-01   3.4237790e-01   1.4610745e-01  -2.3769011e-01   7.4799079e-02   2.9195684e-01  -2.7948383e-01  -1.8807487e-01  -1.7630066e-01  -2.8281699e-01  -2.6972619e-01  -5.3087621e-02  -4.4677798e-02   3.2655797e-01   2.9896177e-01   1.5494337e-01  -2.1209434e-01   2.1900148e-01  -3.7977792e-01  -2.0791240e-01  -1.4235365e-01  -3.2105407e-03  -3.2918487e-01
  -8.0653949e-02   0.0000000e+00  -4.3560068e-02  -2.3986373e-01   5.9081462e-01  -3.6086415e-01  -5.1998044e-02   1.8724962e-01   2.5434727e-01   2.1564368e-01  -4.5352150e-01   4.9205405e-01   1.4918527e-01  -3.3277031e-01  -3.2057546e-01  -3.4250391e-02   1.7901589e-02  -4.9726985e-01  -6.1140779e-02   3.6659091e-01   8.9992604e-02  -3.1704382e-01  -2.6476349e-01   1.7293000e-01   5.1482732e-02  -2.6925269e-02   3.2071440e-02  -3.5817140e-01   2.0372922e-01  -1.7749828e-01  -2.1807776e-01  -1.6411630e-01  -7.9194489e-02   2.6329052e-01   3.4743539e-01  -4.1534553e-02   2.1983132e-01   6.7472251e-02   4.4634466e-02   5.2661006e-01   1.6702486e-01  -2.2211043e-01   7.9363476e-02  -3.2505634e-01   8.3469338e-02  -4.9040886e-01  -3.7580892e-01   6.6185433e-02   3.6641199e-01   5.0517168e-01  -4.3888352e-01   5.7190521e-02   6.8232561e-01  -2.8306755e-01  -1.3436861e-01  -4.6159376e-01  -1.4560463e-01  -2.2069329e-01  -1.1826743e-01  -7.1143644e-03  -5.4411585e-01   4.1471900e-01   6.3491144e-01   1.9325055e-01   3.3420110e-01   9.3020480e-02  -1.7145879e-01   1.7467163e-01  -2.5179467e-01  -5.1716270e-01   7.2623962e-01  -2.5752738e-01   1.9789241e-01  -3.2933260e-01  -6.1806241e-03   2.3597217e-01  -3.4614663e-01  -2.2650435e-01   6.2927883e-01  -1.5341026e-01  -3.9160844e-01   1.5194730e-01  -3.7753316e-02  -5.5826302e-04  -4.2288508e-01   1.0805670e-01  -1.7021116e-01  -1.3614218e-01   1.0485255e-01   7.5456386e-02   3.6759573e-01  -2.4834451e-01   8.6735384e-02   8.5747778e-02  -1.8159539e-01   5.0617105e-01  -2.4291871e-01  -8.9350446e-02   1.0519787e-01  -2.8557109e-01  -7.4207886e-02  -9.5372529e-02  -4.5376111e-01   3.1695599e-01  -2.9898522e-01  -3.9104994e-02  -2.7075891e-01  -1.2477595e-01   4.5806629e-01  -2.4107917e-01   1.0891558e-01  -6.9126410e-01  -2.3587681e-01  -1.0088124e-02  -1.0900884e-01   5.2300812e-01  -2.7119520e-01   2.8836479e-01  -4.0912562e-01  -3.5444297e-01  -1.7857307e-01   3.8734608e-01   1.7305455e-02   1.9433071e-01  -2.7393191e-01  -4.3473922e-01   2.1172211e-02  -4.4463837e-02  -9.8522869e-02  -5.0322784e-02   1.3605400e-01  -2.5469582e-02  -3.9082127e-01  -3.9720353e-01  -7.8218350e-02   2.8988048e-01   1.2130627e-02  -3.9484438e-01   2.8493271e-02   1.6278178e-01   1.1805837e-01   5.3002918e-03  -1.9571613e-01  -3.3476594e-01  -3.5942320e-01  -2.2783511e-02   2.3411274e-01  -1.6277586e-01  -3.4998362e-01  -2.4395518e-01  -3.3874475e-01  -3.2548969e-01  -1.0974621e-01   1.6962520e-01   5.1432163e-01   2.2951592e-01  -2.2675719e-01   1.4953829e-02  -3.5139953e-01  -2.6548769e-01   1.2990129e-02  -5.2307872e-02  -1.3031523e-01  -8.5356006e-02  -1.2203280e-01   4.4613569e-01   8.3954052e-03  -2.6589551e-01  -2.8817366e-01   3.8175764e-01   2.5894681e-01   1.5218224e-02   1.6397910e-01  -2.9438843e-01  -8.9432762e-02  -1.9035847e-01   6.3952162e-02
  -1.0632176e-01  -4.3560068e-02   0.0000000e+00  -1.9750822e-01   2.2096636e-03   1.6404422e-01   6.0117699e-02   8.3064144e-02  -3.2961258e-01   1.6797030e-01  -1.1400824e-01   4.8993782e-01  -1.5057714e-01  -5.7055121e-02   3.1426293e-01  -1.5339039e-01   8.0082770e-01  -1.3295271e-01  -2.1054387e-01   1.5444268e-01  -1.9564534e-01  -1.0139829e-01  -1.0656326e-01  -9.5209721e-02   7.0207064e-02  -2.0578896e-01  -7.7660292e-02  -2.1566152e-02  -6.8326376e-02  -6.7906316e-02   9.6892578e-02  -1.5650361e-01  -5.7516031e-02   1.5184932e-01  -2.8826820e-02  -3.4868003e-02  -1.5024492e-01  -4.7461410e-02  -1.3768292e-01   9.5264219e-02  -1.5829261e-01   1.3018382e-02   3.0415997e-01   4.2235731e-01  -3.9601559e-02   1.5327409e-01  -1.6562629e-01  -9.1242520e-02   1.0630558e-02   6.5634158e-02  -1.4721576e-01   7.7740563e-04  -1.9684304e-01   2.6396229e-01   1.6941482e-01   3.7000476e-01   8.6350800e-02  -2.1792227e-01  -3.2554324e-01   2.5871665e-01   3.7517340e-01  -1.2852216e-01   4.9161232e-02  -2.3552648e-01  -1.9275851e-01   5.8275233e-02   2.3005471e-01  -1.1749747e-01  -1.9024760e-01   4.4075039e-01   3.8289009e-02   1.1999238e-02  -9.2196965e-02   2.9483751e-01   3.4819477e-02  -6.9494501e-02   4.9027616e-02   4.5448062e-02  -2.2294795e-03  -5.5702567e-02   8.5758491e-03  -2.1676409e-01   9.6698084e-02  -1.6569874e-01   3.1491564e-01   8.7905819e-02   8.1822066e-02   2.7466099e-02   3.9118831e-01  -1.9361998e-02  -4.3689135e-02   4.1959256e-01   2.8814056e-01  -1.2103415e-01  -1.2558965e-01   7.2461294e-02  -3.6765453e-02  -2.4476498e-01  -2.7353266e-03  -2.9579215e-01   9.3415667e-02   6.0321187e-02  -8.8036369e-02  -4.0698162e-02  -2.4466100e-01  -6.2048825e-02   4.8477626e-01  -1.4766183e-01  -1.0615374e-01   3.2059855e-01   2.1081796e-01  -9.3089691e-02  -8.4523408e-02  -1.0736972e-01   2.0836774e-01  -2.4263026e-01   1.0767317e-01   3.3635457e-02   3.2378374e-01  -3.1181668e-01   6.6420803e-02   1.9033339e-01   3.3903126e-01  -1.0969735e-01  -1.1248873e-02   2.4013703e-01   1.8493223e-01   3.6225196e-01   4.9615534e-02   5.9128205e-01  -2.4999020e-01  -1.2479929e-01   1.9558488e-01   1.4867187e-01   1.5954335e-01  -1.7964491e-01   2.0302831e-01  -7.5427457e-03   3.3901249e-02  -8.9285764e-02   1.1786712e-01  -1.1601241e-01  -8.6058937e-02   3.7052845e-01   2.5319099e-01  -2.1465626e-01   4.0586342e-01   1.3320516e-01   5.4947474e-02  -1.5975502e-01   1.6304873e-01  -2.4944646e-02   2.2057531e-01  -3.0367448e-01   3.6834563e-01  -5.8501868e-02   1.6115736e-02  -1.3637645e-01   3.5004260e-01   6.0255663e-02  -3.0000618e-02  -6.1408442e-02   1.5294047e-01  -2.4898862e-01  -3.1908645e-01  -2.8408573e-02  -1.5063466e-01  -4.2587943e-02   3.0091091e-01   9.3256652e-02  -5.4868591e-02  -1.4282859e-01   8.4633475e-03   5.2851381e-02   1.9336457e-01   1.5643917e-01  -7.1893443e-02
  -2.6623234e-01  -2.3986373e-01  -1.9750822e-01   0.0000000e+00  -5.4263863e-02   4.3294321e-01   6.1349327e-02   3.1199447e-01   2.5341718e-01  -4.1978332e-01   3.6666808e-01  -3.0298164e-01   2.1755600e-01  -1.1883708e-01  -1.8009070e-02   4.8768076e-01  -1.1201952e-01   3.8461744e-01   1.7009152e-01  -3.1735299e-02  -9.7810175e-02   2.7110369e-01   4.1442776e-02  -3.0057974e-01  -1.0216817e-01   1.9334432e-02   4.0530094e-01  -1.3128938e-02  -3.1505364e-01   2.3236119e-01   1.2386608e-01   6.4362196e-01   5.8778746e-01  -7.9367927e-02  -1.7427130e-01   2.6578367e-01  -2.2520163e-01  -8.0283660e-02   4.0501626e-01  -1.0408669e-01   1.9054004e-01   5.9317892e-01  -5.8661965e-02  -1.7794536e-01  -2.1775435e-02   1.0401326e-01   5.3488218e-01  -1.1454068e-02  -1.0665185e-01   9.5331157e-02   3.8485997e-01  -4.2284867e-02  -5.5145106e-03   3.1035236e-01   2.1849639e-01  -2.7105741e-01   3.1629343e-01   6.7907244e-01   6.2273197e-01   2.8697482e-01   2.1698875e-01  -5.2505652e-02   1.3530238e-01   1.6609326e-01  -1.2407834e-01   1.2413454e-01   4.6566403e-01  -4.8809149e-03   4.9013966e-01   6.4804385e-02  -3.4677830e-01   4.2430270e-01   1.7388513e-01  -2.1437194e-01  -1.9567747e-01   2.5555813e-01   1.5711405e-01  -3.0371948e-01   7.1352670e-02   3.2471245e-01  -2.9436674e-02   2.6328152e-01  -3.2243303e-01   1.5528389e-01  -2.5695808e-01   2.3764601e-01  -1.7366206e-01  -1.5615729e-01  -1.7840298e-01  -3.2926688e-01   7.3882801e-02   3.6545380e-01  -3.0384664e-01   3.8977469e-01   1.1132065e-01  -2.4220452e-01   5.4915888e-02   3.9809593e-01  -1.3904394e-01   1.9063342e-02  -4.0224408e-01   1.3660204e-01   3.1661577e-01   2.6798029e-01   5.3470151e-01   7.3746546e-01   1.8615630e-01   2.3133424e-01  -3.5435949e-01   1.7777380e-01  -4.7169369e-01   4.5635102e-01   5.6689334e-01  -1.5403148e-01  -4.1399408e-01   4.4272048e-02  -3.5789174e-01  -3.2316951e-02  -1.7710332e-01   7.3754115e-01  -2.0110199e-02   7.3809673e-02  -2.3067685e-01   8.9707915e-03   5.4986794e-02  -6.9418388e-03  -8.2643460e-02  -1.3880981e-01   5.6192771e-01  -2.4995141e-01   2.9909755e-01   2.0434987e-02   2.5888529e-01   3.2046433e-01   2.8765468e-01   3.2328319e-01   3.5491411e-02   6.3347572e-02   5.1799969e-01  -1.2522553e-02  -1.6609293e-01   7.2644467e-02  -5.6184869e-02  -2.1571436e-01   1.2374311e-02   1.4467662e-01  -4.8523076e-01   1.6093734e-01   3.2421406e-01  -1.1145159e-01  -4.2030198e-01   9.2501212e-02   2.2908355e-01  -2.4115431e-02  -2.2022580e-01  -1.6197947e-01   2.6226245e-01   4.5506567e-01   4.8485255e-01   8.7889566e-02  -3.0236210e-01  -1.7254304e-01  -4.0379555e-04   3.2881637e-01   5.8423674e-01  -1.5632227e-01   2.4092069e-02   1.1780016e-01   6.0346302e-02  -2.7685996e-01   1.8910244e-01   4.8757116e-02   1.7345962e-01   2.7766752e-01  -9.8592100e-02   2.8192981e-01   5.5160775e-01
  -1.9044016e-01   5.9081462e-01   2.2096636e-03  -5.4263863e-02   0.0000000e+00  -1.0872017e-01  -6.6500868e-03   1.3592255e-01   3.1799501e-01   1.8982836e-02   7.5626289e-02   3.0360973e-01   5.0237020e-01  -4.0873874e-01  -4.4265362e-01   2.3693906e-01   1.8087182e-01  -5.0098232e-02  -7.6227166e-02   7.8744136e-01  -2.2607682e-01  -1.0453856e-01  -3.3497202e-01   6.6766258e-02   2.1747102e-01   2.7052930e-02   3.6074473e-01  -4.1374119e-01   9.2529086e-02   1.5890729e-01  -4.2078911e-01   5.6089221e-02   8.2693537e-02   1.8478198e-01  -2.2706123e-02   6.0127678e-01  -6.5262632e-02  -4.8184331e-02   2.9810061e-01   1.8464594e-01   5.2455737e-01  -4.5249232e-02   3.2476225e-01  -1.3865433e-01   3.1174166e-01  -3.6557111e-01   1.7824357e-01  -2.1442028e-01   2.4867342e-02   3.6287550e-01  -5.1828759e-03  -6.0388384e-02   7.2701507e-01  -1.3433529e-01  -1.5097933e-01  -2.1790416e-01  -3.6480695e-02  -5.6149638e-02   8.4968931e-02   2.7053803e-01  -2.9947983e-01   4.6160588e-01   3.9779527e-01   1.2200479e-01   2.6085901e-01   6.4082594e-01   4.4559369e-03   3.2869955e-01   9.4624192e-02  -2.1904837e-01   1.4310436e-01  -1.3388945e-01   4.3633553e-01  -4.0581021e-01   3.1119217e-01   2.7937719e-01  -2.7663881e-01  -1.2259164e-02   5.9632494e-01   1.4407244e-01  -4.6615059e-01   2.9518288e-01  -1.7693839e-01   4.6987284e-02  -5.0344885e-01   2.5038150e-01  -5.2019388e-01  -2.6766514e-01   1.2469259e-01  -1.1401369e-01   3.8796301e-01  -1.4218134e-01  -7.3877716e-02   3.3166132e-01  -1.6646646e-01   8.3245564e-01  -4.2216399e-02   3.8560903e-02   4.5625697e-01  -5.0574717e-01  -5.1378685e-01  -2.5651027e-03  -4.1765579e-01   1.8211025e-01  -1.5557990e-02   4.9710439e-02  -2.6863969e-01   1.7655316e-01  -6.2594765e-02   2.2286450e-01  -3.0740739e-02  -3.5132346e-01  -1.0473344e-01  -2.3693182e-02  -4.5311576e-01   6.4244659e-01  -8.9229302e-02   6.4181502e-01  -6.4152023e-01  -7.3528438e-02  -1.3636283e-01   7.9069009e-01   7.5968616e-02  -1.0767143e-01  -2.8759609e-01  -3.0624888e-01   1.2041275e-01   5.6637190e-02   7.6939749e-02  -1.5556300e-01   3.1010433e-01   2.8129613e-01  -3.3236917e-01  -2.9509985e-01   1.0227669e-01   2.2816114e-01   2.0346133e-01  -6.8104133e-01   2.0826348e-01   1.4387854e-01   7.9936834e-02   2.5316380e-01   1.0533375e-01  -3.2843994e-01  -4.3312088e-01   1.3497482e-01  -1.3941971e-01   4.6625092e-01   1.7570788e-01  -4.8709532e-01  -4.4164207e-01  -5.0039336e-01  -1.9580768e-01   2.4020591e-01   5.0501809e-01   2.0845561e-01  -8.8290476e-02   1.7323301e-01  -2.3968368e-01  -2.8014437e-01   1.3917936e-01   1.2821999e-01   2.1375982e-01   1.0912764e-01   7.0180717e-02   3.0920422e-01   3.4997231e-01  -3.4925684e-01  -2.4653397e-01   1.9334499e-01   5.8371652e-01  -2.5709101e-02   3.7813653e-01  -1.2776700e-01  -5.5350080e-02  -5.9268442e-02   1.5125012e-01
  -2.4902398e-01  -3.6086415e-01   1.6404422e-01   4.3294321e-01  -1.0872017e-01   0.0000000e+00   3.2158944e-01   1.3182820e-01  -1.3259910e-01  -8.7256352e-02   4.0005588e-01  -8.2729110e-02   1.2262498e-01   7.9578755e-02   1.8560865e-01   3.2777722e-01   2.2243865e-01   3.7614842e-01   2.1990081e-01   1.0130061e-01  -4.6306238e-01   5.3341498e-01   2.1332245e-01  -3.8810304e-01  -1.4143523e-01   3.3712334e-01   2.7249140e-01   8.0706265e-02  -4.3873928e-01   2.6461341e-01   7.7708001e-03   4.1312721e-01   2.2254522e-01   1.6618076e-01  -3.5445679e-01   3.8672841e-01  -9.2651639e-02  -4.8773451e-01   3.0266278e-01  -3.6982558e-01  -4.6711809e-02   2.0332875e-01  -4.5988597e-02   3.2348915e-01   1.3202027e-02   2.5222557e-03   4.7029002e-01  -1.2264124e-01  -3.7042235e-01  -1.8258352e-01   4.9589047e-01   1.2612168e-01  -1.8867934e-01   4.5602223e-01  -5.9422176e-03   3.5675998e-01   6.3239188e-01   3.9568885e-01   1.0569246e-01   1.3652753e-01   1.9769931e-01  -1.6445181e-01  -2.9074286e-01  -2.3816154e-01  -4.6013857e-01   1.9965230e-01   7.7671464e-01  -1.6298613e-01   5.4292417e-01   3.9995629e-01  -5.1550940e-01   3.9423446e-01  -2.7926040e-02   4.1102569e-01  -1.7484024e-02  -2.2542587e-01  -1.8837216e-01   9.8410416e-02  -1.4394145e-01   2.6753862e-01   3.7664261e-01   2.0006066e-02   3.8242772e-02   3.8394287e-01   2.2568104e-01   1.0570929e-02  -1.3423474e-02   9.2213442e-02  -8.4291871e-02  -3.5632832e-01  -5.4924791e-02   2.1325228e-01   2.3236076e-01   9.4709861e-04  -3.7297810e-01  -5.9140590e-02   6.1269245e-02   3.3456665e-01  -1.0659440e-01   2.7885096e-01  -2.6323634e-01  -1.6173137e-01   4.1756254e-01  -4.6035581e-02   4.3665158e-01   3.4347804e-01   3.5513270e-01   4.3860568e-01  -4.5963482e-01   6.1536713e-01   5.6422367e-02   6.4221532e-01   3.8055081e-01  -4.5389951e-01  -9.1862188e-02  -2.2144098e-01   7.2684662e-02  -4.4821155e-02   7.8040401e-02   3.9547499e-01  -1.8493174e-01  -2.8709140e-02  -1.4378523e-01  -4.7067756e-01  -1.9277710e-01   2.8800514e-01  -3.5016792e-02   6.6634062e-02   4.0070283e-01   3.4805586e-03  -1.6452855e-02   2.7436037e-02   5.5141677e-01   4.1679633e-01   1.5182276e-01  -2.2768332e-01   1.3494432e-01  -5.3110120e-02   1.5549864e-01  -5.1125700e-01  -2.5041304e-01   4.0045790e-02   1.9652028e-02   4.2920043e-01   1.3468145e-01  -2.5716139e-01  -8.0544543e-02   3.9736921e-01   6.3701565e-01  -7.3840656e-02   8.2239307e-02   2.3180673e-01   2.4067740e-01  -2.1919374e-01  -1.0215368e-01  -5.4866374e-01  -1.0645281e-01   8.2497076e-02   2.8189244e-01   4.2533757e-01  -2.2968094e-01  -4.5377893e-02   2.6916847e-01   1.3285333e-01   3.3057280e-01  -3.4955767e-01  -1.3338549e-02   2.2332542e-01   2.1103346e-01  -2.4539230e-01   1.1085092e-01  -4.0214800e-01   5.4912278e-02   7.5283964e-01   9.2481000e-02   1.9390988e-01   3.4170650e-01
  -2.0288385e-02  -5.1998044e-02   6.0117699e-02   6.1349327e-02  -6.6500868e-03   3.2158944e-01   0.0000000e+00   7.1286701e-04  -1.1074862e-01   2.3028863e-01   5.5841393e-02   3.8653370e-01  -2.4441231e-01  -4.5633286e-02   1.9135060e-01   1.3828794e-01  -7.5109481e-02   1.3049592e-01  -9.2718453e-03   2.3536587e-01   1.3348466e-01   1.1857273e-01   4.5208076e-01  -2.9660772e-01  -1.0753364e-01  -1.6835388e-02   4.6081721e-01   7.7830903e-02  -2.4689552e-01   2.8551740e-01   2.5099024e-01  -2.2326160e-03   8.5823869e-02   5.8298996e-01   1.9755381e-02   2.7396901e-01   9.0429709e-02  -1.9729884e-01   1.5493874e-02   6.7757926e-02  -3.1777328e-01   1.6752082e-02  -1.0552502e-01   3.4155465e-02   1.3088234e-01  -1.2809487e-01   4.4807430e-02   6.8010170e-01  -1.5666049e-01  -9.2354281e-02   6.8027812e-02   9.1709218e-02   5.3486442e-02   5.9913099e-02  -1.8215565e-01   4.2591616e-02   3.5316970e-03   1.0896593e-01  -2.5532814e-01  -5.6068145e-02  -2.6715658e-03   2.2264913e-01  -2.9676118e-01  -9.9877889e-02  -3.2034516e-01   2.9612752e-01   2.7111706e-01  -1.1038848e-01  -1.2006420e-02   3.1622815e-01   8.4004024e-02   2.1094186e-01  -1.9417744e-01   1.6815965e-01  -9.2348469e-02   2.7727370e-02  -1.3358171e-01  -1.1286329e-01  -6.4362994e-02  -5.8814150e-02   4.9171623e-01  -1.9287445e-01   2.0068891e-01   8.8256815e-02   9.1190084e-02   4.2208314e-01  -5.9694114e-03  -8.2005657e-02   3.4345182e-02  -2.5474658e-01  -1.2755412e-01  -1.0379477e-01   3.7364918e-01   1.4243643e-02  -1.4584115e-01  -6.5624916e-02   5.0829183e-02  -5.1458992e-02   1.6921124e-01   3.7954874e-01  -2.2820661e-03  -1.6239363e-01   3.0866222e-01  -8.8261543e-02   6.2740588e-02  -4.4181305e-02   5.1267051e-02  -1.3524861e-01  -1.2189746e-01   2.5034744e-01   2.4115707e-01   2.6115471e-01   1.6965405e-01  -2.2806132e-01   1.9211351e-01  -2.2510161e-01  -1.3719611e-01  -1.4161230e-01   2.4419506e-01   6.4934601e-02  -3.1037723e-01  -1.5153926e-01  -6.0330491e-02  -4.4666639e-02  -2.6637984e-01   2.7638753e-02   1.1888178e-01  -8.7088426e-02   1.1288562e-01   2.0814682e-01  -1.2859918e-01   5.1133827e-01   2.5005515e-01   3.8590373e-01   1.0013621e-01  -8.6516115e-02  -9.2903849e-02   2.7317895e-01   2.0859404e-01  -2.3994041e-01  -2.9569358e-01  -3.3159796e-01  -2.8434350e-01   4.0662549e-01   3.5454318e-01  -1.0954220e-01   5.0867197e-01   1.2289365e-01   3.2311579e-01   2.9304496e-01   1.3267051e-01   4.3513200e-01  -1.6248366e-01  -2.0136104e-02   4.6647680e-02  -2.9792064e-01  -2.0998106e-01  -3.6283034e-01  -1.0377417e-01   4.8154649e-01   1.2418528e-02  -2.0474117e-01   2.3745126e-01  -1.2896661e-01  -6.8360854e-02   3.5245183e-02   1.3995789e-01   1.0887474e-01  -1.9118365e-01   5.8129091e-02   3.5370815e-02  -2.3401756e-01   2.6586939e-01   2.9839941e-01  -7.7882348e-02   2.5598491e-02  -1.2825735e-01
  -1.7908509e-01   1.8724962e-01   8.3064144e-02   3.1199447e-01   1.3592255e-01   1.3182820e-01   7.1286701e-04   0.0000000e+00   5.8412033e-02   1.6069632e-01  -1.2219556e-01   2.0488363e-01   1.2989902e-01   1.7580518e-03  -4.5214394e-02   1.4126495e-01   1.5580489e-01  -4.6571382e-02   1.8602590e-01   3.1461181e-01  -9.3105646e-02   1.3106439e-01  -1.6712072e-01  -4.7184440e-02   1.8627271e-01   2.2389977e-02   1.7362662e-01  -9.5249009e-02  -9.5778218e-02  -1.0363035e-01   2.1375203e-02   4.0151096e-01   2.4390284e-01   1.6320036e-01   1.5279745e-01   3.3295798e-03   5.7022411e-02  -1.4787959e-01   9.2756422e-02   2.0462545e-01   7.9226168e-02   1.5653673e-01   1.2327050e-01  -6.3918596e-02   1.9096445e-01  -1.9734740e-01  -2.4200498e-02  -2.7766727e-03   2.1465266e-01   1.1897241e-01  -7.2407375e-02   2.9012133e-01   9.9967733e-02   2.2873379e-01   1.3948504e-01  -1.3583231e-01   4.2417834e-02   2.9203878e-01   2.8587765e-01   2.5998424e-01  -1.3312381e-01   9.8128282e-02   3.4005410e-01  -1.9543719e-02  -3.2257590e-02   8.1944620e-02   2.5358226e-01  -4.6561106e-02   5.5909732e-02  -1.8215907e-01   6.3080429e-02   2.0625259e-01   1.1986574e-02  -1.7127193e-01   2.9537851e-02   3.4510672e-01  -2.5657912e-01  -1.6271462e-01   2.4852302e-01   3.3440499e-01  -1.6343435e-01   9.4884902e-03   6.7614490e-03   1.8586322e-01  -2.5573833e-01   1.2718252e-01  -3.1541712e-02  -4.4390678e-02   3.0736124e-01  -9.0808417e-02   9.5887682e-02   9.1959736e-02   4.4233565e-02   3.0621256e-01  -1.9212891e-01   1.0727209e-01   1.2598130e-01   4.1176601e-01  -4.0306583e-02  -1.4810784e-01  -1.4783380e-01   1.4408392e-01   3.1989202e-02   2.1446934e-01   4.8056480e-02   4.2724322e-01   2.3096316e-01   5.7284130e-02   1.3100780e-01   8.0138942e-03  -1.8781534e-02  -9.7254125e-02   1.4238893e-01  -2.6274727e-01  -1.0810287e-01   8.7827613e-02  -1.3719319e-01   1.4054113e-01  -1.9414379e-01   1.8877200e-01   5.2578487e-02   2.1976729e-01   1.6480125e-02   6.1527805e-02  -1.5319946e-01  -1.6506915e-01   9.1375033e-02   2.4584407e-01   3.3751378e-01  -1.3574686e-01  -1.9169262e-02  -1.3230465e-01   7.4631401e-02   3.6677722e-02   2.7900629e-01   4.2930935e-01   7.9604876e-02  -1.8471612e-01   3.7114533e-01  -5.2182274e-02   1.9209480e-01   2.0389473e-02  -7.7215324e-02  -1.8583829e-01  -1.2517799e-01  -2.8587554e-02  -5.4851666e-02   6.8058049e-02  -4.4283420e-02  -1.3094813e-01  -2.5087407e-01   5.4714643e-02   2.5771533e-01  -1.3228976e-01   6.8359060e-02  -1.4830971e-01   9.7597129e-02   3.5017720e-01   1.7199429e-01  -9.8842459e-02  -1.2927588e-01  -7.8664182e-02  -1.1932105e-01  -3.6538194e-02   6.7619245e-02   2.5196117e-01  -1.0146502e-01  -1.5755459e-01   1.7184181e-01   4.8006391e-02   2.0678668e-01  -1.6407331e-01   3.6381873e-02   5.8050513e-02   2.0922204e-01   1.1127886e-01   3.4282763e-01
  -1.4039322e-01   2.5434727e-01  -3.2961258e-01   2.5341718e-01   3.1799501e-01  -1.3259910e-01  -1.1074862e-01   5.8412033e-02   0.0000000e+00  -1.4859098e-01  -2.2670458e-02  -3.4477763e-03   3.4914393e-01  -3.0509496e-01  -3.3825960e-01   2.6170018e-01  -2.3726888e-01  -2.6717874e-01  -1.6146181e-02   1.5479360e-01   3.1352650e-01  -6.7923919e-02  -1.4635104e-01   1.0313588e-01   2.4629290e-01   9.1452017e-02   3.3980283e-01  -1.5808275e-01   1.2013038e-01   3.6028400e-01  -7.6571881e-02   1.0886254e-01   9.5226094e-02  -5.1881375e-02   2.9593034e-01   9.0578107e-02  -1.6647374e-01   1.7267479e-01   3.1396919e-01   2.6108759e-01   4.0056533e-01   1.1443204e-01   3.2480556e-01  -3.8371327e-01   1.6542783e-01  -8.7340692e-02   7.8535039e-03   5.0257080e-03   2.2664185e-01   2.7825775e-01  -1.6640233e-01   5.2583397e-02   5.3698706e-01  -3.1896417e-01   1.4901505e-01  -4.4007606e-01  -5.8392941e-02   1.4146700e-01   1.8961577e-01   3.9553602e-01  -1.5900097e-01   3.3230127e-01   5.2768095e-01   5.2986632e-01   6.1719288e-01   1.9788578e-01  -9.2146384e-02   3.0121805e-01   8.7281939e-02  -2.1031735e-01   1.1528234e-01  -1.2599505e-01   4.7270347e-01  -4.3100274e-01   1.5177481e-02   1.3183700e-01   7.2992973e-02  -1.5967293e-01   2.2655082e-01   7.8008093e-02  -4.4710569e-01   3.1099731e-01  -3.0896040e-01   3.9780985e-02  -5.5620043e-01   5.0987766e-02  -1.0395087e-01  -3.5699157e-01   9.4221848e-02  -3.2690878e-02   3.7154218e-01  -1.7198967e-01  -3.7663373e-01   7.0842112e-01   1.9099520e-01   1.6129666e-01   1.2378169e-01   9.2006401e-02   8.7464237e-02  -1.4672803e-01  -3.8591552e-01   2.7700284e-01  -3.2148502e-01   6.6578718e-01   3.8165211e-02   9.6246667e-02  -3.5654186e-01   1.8388394e-02   1.1698466e-01  -3.1963177e-01  -2.2736184e-01  -1.9046599e-01   2.4106742e-01   8.6883761e-02  -4.1938552e-01   5.0638391e-01  -1.9607727e-01   4.0046385e-01  -5.3455101e-01   2.1006164e-01   1.8201175e-01   3.0689036e-01   1.0922502e-01   3.9864022e-01   9.6109113e-02  -2.2906046e-01   9.2254492e-02  -1.8049363e-01   1.6771863e-01  -2.8489305e-01   3.5338306e-01   5.6101817e-02  -1.4175038e-01  -1.3453220e-01   2.9054295e-01   3.4775367e-01   3.1751330e-02  -2.4345066e-01   1.2752792e-01   1.8421598e-01   5.0758115e-02   1.3517814e-01   2.6552542e-02  -5.7053052e-01  -2.8631565e-01   6.0820224e-01  -2.3188471e-01  -2.0262668e-02  -9.6053338e-02  -3.2173137e-02  -4.9114507e-01  -3.6987879e-01  -1.9253109e-01   5.1244877e-01   1.4532008e-01   1.7549788e-01   1.3475694e-01   2.6085093e-01  -5.1758209e-02  -3.9881524e-01   1.4255231e-01  -1.1545859e-01   2.5619208e-02   6.2462605e-02   2.9037903e-01   3.6537865e-01   1.7153574e-01  -2.0620055e-01  -1.2925020e-01   5.5133161e-02   2.8547190e-01   1.2207911e-01   1.8784748e-01  -2.3754375e-01  -4.0393344e-02  -2.7451346e-01   2.4359539e-01
  -2.9851126e-01   2.1564368e-01   1.6797030e-01  -4.1978332e-01   1.8982836e-02  -8.7256352e-02   2.3028863e-01   1.6069632e-01  -1.4859098e-01   0.0000000e+00  -3.8331625e-01   3.2277089e-01  -2.5167091e-01  -5.1010790e-02  -1.0862801e-01  -3.5281683e-01  -6.9038256e-04  -2.7995166e-01  -1.0219907e-01   3.3302189e-02   9.4924295e-02  -6.1349114e-02   2.0498053e-01  -3.0635562e-01   1.2438591e-01  -6.3125304e-02  -1.9654492e-01  -2.3813708e-01   2.6816811e-01  -1.4251645e-01  -1.4110842e-01  -2.8561257e-01  -3.3121002e-01   2.4758636e-01   2.8008985e-01  -2.1752724e-01   4.6661823e-01  -2.7219694e-01  -3.0439693e-01   2.1178742e-01  -1.9589057e-01  -4.4744809e-01   5.0921913e-02   7.5641832e-02   1.1704625e-01  -4.1998932e-01  -4.2781521e-01   1.3173903e-01   2.4417982e-01  -1.4820639e-01  -3.2724807e-01   7.2860939e-02   1.5826599e-02  -1.5335569e-01  -3.5192587e-02   9.2725077e-02  -1.4004090e-01  -2.6093172e-01  -3.5344003e-01  -1.6430864e-01  -2.7775912e-01   1.3720432e-01   1.1945285e-01  -2.5069163e-01  -2.1980469e-02   1.0647361e-03  -1.2313611e-01   1.2538301e-01  -3.2593559e-01  -2.7634070e-01   3.1332242e-01  -1.2149242e-03  -6.7225158e-02   1.3341290e-01   2.2941601e-01   1.0894188e-02  -4.5507363e-01   3.9139658e-02  -2.4694320e-02  -1.4412548e-01   6.8635888e-02  -8.9733502e-02   3.6803965e-01   4.1291782e-02   3.9256491e-02   1.7450227e-01   3.4478621e-01  -2.2279381e-02   2.6143834e-01  -2.9066676e-01  -9.7691345e-02  -3.4550414e-01   5.3632784e-01  -1.8112568e-01  -3.3166140e-01   1.9314196e-01  -1.9034845e-03  -2.5923827e-02   1.0041229e-01   2.4974214e-01   7.1029552e-02  -2.7863603e-01  -4.0985218e-02  -2.5497675e-03  -3.1537983e-01  -3.3386462e-01   1.5123471e-02  -2.1732368e-01   5.1177663e-01  -4.8092948e-02   5.9907737e-01  -2.4702099e-01  -1.7169632e-02  -3.8525614e-01   1.0420940e-01  -1.6626392e-01   1.1094477e-01  -4.0750290e-02  -2.4251520e-02  -3.7579147e-01  -3.7076420e-01  -1.1687604e-01   2.5803602e-01   8.0088958e-02  -4.6310771e-01  -1.8469107e-01   1.8977082e-01   1.2311254e-01  -1.7981135e-01   2.6614696e-02  -2.9288962e-01   3.8803921e-03  -1.6805650e-02  -2.3882986e-02  -3.2855129e-03  -1.4790444e-01   1.1436378e-01  -1.3391374e-01  -1.8395158e-01  -3.0840418e-01  -1.4456498e-01  -1.4232852e-01  -1.6834027e-01   1.4676349e-01   2.3942197e-02  -1.1542146e-01   5.5649262e-01  -5.6213645e-02  -2.3906202e-01   2.8057517e-01   5.5970663e-02  -1.5797836e-03  -1.1044658e-01  -7.3709489e-02   3.0008973e-01  -2.9931210e-01  -4.5108754e-01  -3.5641349e-01  -3.8484139e-01  -6.6334028e-02   2.9636418e-01  -1.2277566e-01   6.7522428e-02  -2.7711415e-01  -3.6964962e-01   2.1584859e-01  -1.9946814e-02  -1.6457428e-01  -1.7283987e-01   3.3346910e-01  -1.3946775e-01  -3.8606771e-01   1.4651340e-01   2.5681454e-02   2.3634769e-01  -1.4472277e-01  -2.6750759e-01
  -1.3297482e-01  -4.5352150e-01  -1.1400824e-01   3.6666808e-01   7.5626289e-02   4.0005588e-01   5.5841393e-02  -1.2219556e-01  -2.2670458e-02  -3.8331625e-01   0.0000000e+00  -4.8201565e-01   3.0053194e-01  -1.0998704e-01   5.7061934e-03   4.2091236e-01   4.3068361e-02   6.3355733e-01  -1.2401498e-01   6.6452404e-02  -3.7063130e-01   2.6166820e-01   3.3351683e-02  -1.4202060e-01  -1.1107651e-01   1.6409197e-01   2.7907579e-01   9.9823035e-02  -1.8171809e-01   1.4024308e-01  -9.6704119e-02   3.0288784e-01   3.5466326e-01  -3.2263389e-02  -3.6077826e-01   6.2990315e-01  -2.0299649e-01  -6.8253612e-02   3.5069587e-01  -3.1849452e-01   2.5293804e-01   3.9706110e-01  -6.2449325e-02   1.3184138e-01   6.3334606e-02   3.0104589e-01   8.4100233e-01  -1.3128520e-01  -4.9704830e-01  -1.7253987e-01   7.0333999e-01  -1.4284197e-01  -2.2416272e-02   9.7273018e-02  -1.3353912e-01   1.4719051e-01   3.0320546e-01   1.8662957e-01   3.8169464e-01   8.2267630e-02   4.0151843e-01  -8.8615689e-02  -3.4389734e-01   7.4376142e-02  -1.4782703e-01   3.1266343e-01   3.1708273e-01   2.5410068e-02   6.9357127e-01   3.9082119e-01  -5.0323556e-01   2.7876456e-01  -3.7007490e-02  -7.7731448e-02   3.8727208e-02   4.6454410e-02   2.7157654e-01   9.6973813e-02  -2.2710868e-01   3.1660733e-01   1.2780294e-01   5.4563932e-02  -1.8755334e-01   1.2024113e-01  -5.6912134e-02  -2.3247882e-03  -3.4075286e-01  -6.5884160e-02  -3.0282727e-01  -2.2047135e-01   4.5778136e-02   3.0591404e-01  -1.4027879e-01   8.0192213e-02   8.9810213e-02   2.9921321e-02   1.0453381e-01   1.6818974e-01   1.8853316e-01  -1.4766056e-02  -3.8927391e-01   1.2414935e-01   1.3269135e-01  -1.5447454e-01   4.9644965e-01   2.6926060e-01  -6.0946441e-02   4.4693517e-01  -5.0037238e-01   4.8069168e-01  -1.9163426e-01   4.3634548e-01   3.7090724e-01   1.8968757e-02  -2.2868757e-01   7.7735727e-02  -9.8931294e-03  -8.9208343e-03  -2.0187243e-01   4.7945077e-01   1.8017507e-02   7.7320459e-02  -2.4567917e-01  -5.0029714e-01   1.4066654e-01   1.1182552e-01  -2.7638217e-01  -2.4689735e-01   2.1536991e-01  -8.1731868e-02   1.8201720e-01   3.1049043e-01   1.9995793e-02   2.0931085e-01  -7.6293462e-02  -1.6990185e-02   1.9100713e-01  -1.1057421e-01   1.9394519e-01  -6.6235487e-02  -2.3590164e-01   1.6615440e-01   4.1015511e-01   5.2566203e-02  -3.0987195e-02   1.8245548e-02  -3.9177642e-01   5.2875738e-01   6.4931655e-01  -3.2278187e-01  -6.3477421e-02   4.8219071e-03  -5.4420525e-02   2.0586046e-01  -1.9788526e-01  -8.6025542e-02   2.7992443e-01   3.0039204e-01   2.4133204e-01   1.5444126e-01  -6.7856560e-02   3.7139854e-01   1.9341509e-01   4.1359886e-01   2.8184607e-01  -2.8753003e-01   3.8394377e-01   1.6165209e-01  -1.7696848e-02  -3.1127468e-01   2.3751638e-01   4.4347875e-02   1.5537490e-01   3.1342820e-01  -1.7176734e-01   1.6333339e-01   7.5746291e-02
  -1.3962238e-01   4.9205405e-01   4.8993782e-01  -3.0298164e-01   3.0360973e-01  -8.2729110e-02   3.8653370e-01   2.0488363e-01  -3.4477763e-03   3.2277089e-01  -4.8201565e-01   0.0000000e+00  -1.6837952e-01  -2.2091993e-01   7.5691901e-02  -7.1447241e-02   3.5706197e-01  -3.2668183e-01  -1.6618592e-01   4.2044386e-01   1.4696046e-01  -1.3605938e-01  -8.9919549e-02  -2.2778271e-02   2.1567441e-01  -1.3972831e-01   1.1114040e-01  -2.0395971e-01   5.0803350e-02   1.6610160e-01   1.2789296e-01  -6.7642507e-02  -1.1429963e-01   4.9428649e-01   2.6593887e-01  -5.9289100e-02  -3.5712270e-02  -4.9764887e-02   7.6175145e-03   3.2831695e-01  -2.3301858e-01  -2.6705304e-01   3.9639099e-01   1.5563263e-01   2.6655378e-01  -3.4728752e-01  -4.5888694e-01   2.7200174e-01   3.1172475e-01   2.7738274e-01  -3.6020057e-01   1.3867283e-01   2.6824367e-01  -6.3437366e-02   7.7754975e-02   5.5131317e-02  -1.6416668e-01  -1.4517422e-01  -3.6501642e-01   3.1159998e-01  -2.7995908e-01   2.8614708e-01   3.6726754e-01  -5.5300712e-02   2.8256912e-02   2.1735352e-01   8.3479434e-02  -1.9557156e-02  -3.5569242e-01  -1.4448176e-02   4.6434938e-01  -6.6112424e-02   7.6636576e-02   4.3074213e-02   5.2928556e-02   1.0297609e-01  -3.8630241e-01  -9.2587178e-02   4.1149435e-01  -5.8922864e-02  -9.9335792e-02  -5.5597613e-02   2.8236485e-01  -5.2626690e-02   3.0508212e-02   3.2436909e-01   5.3330958e-02  -1.3235516e-01   4.4526380e-01  -2.0097701e-03   1.2105601e-01  -2.1248249e-01   3.7538071e-01   1.8964910e-01  -2.4468744e-01   2.5321266e-01   6.5542046e-03  -1.4323553e-01   1.1491473e-01  -2.2381193e-01   9.4651417e-02   7.2762449e-02  -1.7889842e-01   1.5723600e-01  -2.9644060e-01  -6.4241412e-02   2.1131985e-01  -2.4901017e-01   1.7601903e-01   5.9003650e-02   3.4248270e-01  -3.4319337e-01  -1.7938645e-01  -2.0657805e-01   1.2496746e-01   1.7391242e-02  -5.0349986e-02   2.6024400e-01   1.0008144e-01  -3.0388881e-01  -1.6428676e-01   3.8349021e-01   2.0600634e-01   2.4402310e-01  -3.8118055e-01  -1.6714060e-02   4.8837979e-01   2.1663046e-01   1.6293497e-01   3.9371977e-01  -1.1472271e-01   1.4332760e-01   1.2626316e-01   3.6635594e-02   3.1575066e-01  -2.8938337e-02   2.7229710e-02  -1.4004452e-01   8.1999481e-02   4.2915341e-03   2.3593823e-02  -2.2482370e-01  -2.6788147e-01   1.2835910e-01   5.0555471e-02  -4.7607752e-02   5.9801284e-01  -4.2911383e-02  -1.1756646e-01   2.4100338e-02  -2.1211227e-02  -6.7560153e-02  -9.5091012e-02  -4.6677317e-02   5.1411700e-01  -2.0736352e-02  -2.3587769e-01  -2.2467322e-01  -1.9648074e-01  -6.3688693e-02   8.0963498e-02  -1.6000599e-01   1.6920034e-01  -2.9519669e-01  -2.5706312e-01   4.7772382e-01  -3.2108354e-02  -1.9862320e-01  -8.8779421e-02   2.7479905e-01   2.0718691e-01  -1.5687453e-01   1.7424694e-01  -1.1605060e-01   2.7680733e-01  -7.0355491e-02   3.1933753e-02
  -3.5287389e-02   1.4918527e-01  -1.5057714e-01   2.1755600e-01   5.0237020e-01   1.2262498e-01  -2.4441231e-01   1.2989902e-01   3.4914393e-01  -2.5167091e-01   3.0053194e-01  -1.6837952e-01   0.0000000e+00  -1.5845814e-01  -1.1843772e-01   3.1800319e-01   2.8935013e-02   1.2639189e-01   1.0220074e-01   3.4166401e-01  -2.0465291e-01   6.2599907e-02  -1.5150950e-01   1.7818164e-01  -1.4807882e-02  -7.4929514e-03   2.8179632e-01  -3.3787387e-01  -1.0423132e-01  -2.3675466e-02  -8.8353714e-02   1.8122866e-01   1.4759625e-01   4.6825466e-02  -1.0298065e-01   4.9574895e-01  -6.2369085e-02  -1.3196952e-01   4.0753383e-01  -1.8846908e-02   7.2081108e-01   1.2400777e-01   1.4376376e-01  -2.1728875e-01   1.5422723e-01  -1.6706398e-01   4.0556585e-01  -3.0899454e-01   8.5151741e-02   2.7787577e-01   3.0831037e-01  -1.3864789e-01   3.6999736e-01   8.8319971e-02   1.2844796e-02  -1.8928218e-01   2.4028093e-01   2.3066300e-01   4.2956891e-01   2.1269049e-01  -7.3708090e-02   2.9767453e-01   2.7136447e-01   3.5459491e-01   1.6854654e-01   3.4915063e-01   1.3294132e-01   5.1119905e-02   3.9270240e-01  -2.2339933e-01  -2.0024921e-01  -7.0272091e-02   5.8562780e-01  -3.2419476e-01   1.3613325e-01   3.7671963e-02  -1.1525378e-01  -1.2426083e-01   4.0484797e-01   1.8800276e-01  -3.5232038e-01   3.8302265e-01  -1.8172261e-01   4.3212049e-03  -4.9590021e-01  -7.8081545e-02  -5.3704170e-01  -9.6447423e-02  -1.8533739e-01  -3.8243917e-02   3.6291704e-01   1.1499591e-01  -2.0452188e-01   2.7966500e-01  -1.4634825e-01   4.9420205e-01  -3.1838016e-02   1.3425736e-01   2.4727857e-02  -2.1611085e-01  -5.2995585e-01   6.9051798e-02  -3.1375938e-01   1.2232324e-01   2.7473413e-01   2.0063599e-01  -1.4680229e-01   2.8202878e-01  -1.1771096e-01   2.0949591e-01  -2.5518309e-01  -7.2368315e-02  -1.4314372e-01  -1.2687361e-01  -4.4554915e-01   5.4874241e-01  -1.6045319e-01   7.1209184e-01  -6.5495991e-01   2.0355689e-01   1.6520008e-01   5.0624904e-01  -1.2201054e-01  -2.9390496e-02  -8.8644355e-02  -2.4758365e-01   3.8831810e-02  -1.9816375e-02   1.8160285e-01  -3.8260154e-01   6.8416688e-01   2.3373823e-01  -2.2166914e-01  -7.3992719e-02   4.0161607e-02   6.2418267e-02   1.0740792e-01  -4.7656858e-01   1.3086590e-01   3.8031279e-02   2.5923907e-01   6.5123286e-01   1.5227168e-01  -4.2663256e-01  -1.8369826e-01   9.7554941e-02  -4.8333958e-01   3.6806871e-01   2.8966237e-01  -3.1525729e-01  -4.6420705e-01  -3.7384106e-01   2.3253629e-01   2.6876475e-01   9.1654402e-02   8.3526577e-02   1.9772667e-01   5.3320523e-01   7.8971334e-02  -1.6422067e-01  -2.3625313e-01   5.5218988e-02   2.4124249e-01   1.2555361e-01   3.1861493e-01   5.3032568e-02   2.9268976e-01  -2.1371585e-01   9.7269719e-02   4.7192740e-02   3.9705613e-01  -2.4165045e-02   4.5755805e-02   1.8353880e-02  -1.2183213e-01   9.0969909e-02   2.3230488e-01
   5.4199869e-01  -3.3277031e-01  -5.7055121e-02  -1.1883708e-01  -4.0873874e-01   7.9578755e-02  -4.5633286e-02   1.7580518e-03  -3.0509496e-01  -5.1010790e-02  -1.0998704e-01  -2.2091993e-01  -1.5845814e-01   0.0000000e+00   3.8722490e-01  -2.0580933e-01  -6.3147004e-02  -5.1308180e-02   2.6987355e-01  -2.2782551e-01  -2.1095579e-01   2.5271260e-01   3.1701864e-01   2.3017530e-01  -2.2141903e-01   8.6697525e-02  -3.3510832e-01   4.4713871e-01   4.6969827e-02  -1.7452560e-01   2.1784492e-01  -6.2959829e-02  -2.4699330e-01  -1.3716712e-01  -1.3176185e-01  -2.1770104e-01   1.1185600e-01  -1.5938335e-01  -1.0717209e-01  -3.7239841e-01  -3.6770945e-01  -1.6226949e-01  -3.1464793e-01   2.9359898e-01  -1.3174505e-01   7.9734129e-02  -1.1528598e-01  -1.4855511e-01  -5.4642158e-02  -3.6699994e-01   4.4812193e-02   2.5919122e-01  -4.4074905e-01   2.6907364e-01   2.1003387e-01   4.4309726e-01   1.3064487e-01   4.1533324e-02  -1.8905029e-01  -2.9839792e-01   1.4057126e-01  -2.8309575e-01  -3.4118266e-01  -3.5921715e-01  -3.1538460e-01  -3.1023939e-01   5.4399069e-03  -2.6630886e-01  -2.6014046e-03   9.6154956e-02  -3.0382083e-01   6.0970323e-02  -3.3386939e-01   5.7747787e-01   2.1096702e-01  -5.7955110e-01   1.6309292e-02   2.2055919e-01  -3.3409262e-01  -1.8510735e-01   5.1621535e-01  -1.1698676e-01   2.0105471e-01   8.3956033e-02   5.2398203e-01  -3.6697048e-01   2.5712847e-01   6.5833786e-01  -1.5972168e-01   3.0735899e-01  -2.5631749e-01   7.7152301e-03   8.1918703e-02  -3.3453844e-01  -1.6351341e-01  -2.5640054e-01   2.4477384e-02  -7.7006721e-03  -1.0235510e-01   3.4984239e-01   4.4265778e-01  -1.3571011e-01   4.6606281e-01  -3.6586806e-01  -7.8074458e-02  -1.5124465e-01   3.0444012e-01   3.3206764e-02  -5.7076011e-02  -5.2895518e-02   6.1067347e-02   3.8533187e-01  -1.8286911e-01  -7.2304943e-02   3.8266441e-01  -4.5063357e-01   3.1745041e-01  -2.4313543e-01   3.3394800e-01   1.3447724e-02   2.2082890e-01  -3.9068829e-01  -1.8967293e-01  -1.2799731e-01   1.0212891e-01   5.9245401e-01  -1.0708156e-01   2.7757817e-01  -1.0968892e-02  -7.3521260e-02  -2.4322415e-01  -1.6780603e-01   3.5530960e-01   1.2924204e-02  -1.2624618e-01  -3.3941747e-01  -1.1355610e-01   3.6144016e-01  -2.5462301e-01  -2.3717256e-01   2.5879457e-01  -1.0925978e-01  -1.1383146e-01   3.7343415e-01   2.7962733e-01  -3.5784588e-01  -3.6642688e-02  -2.0524717e-01  -3.8984705e-03   3.5739320e-01   6.0006038e-01   5.7633930e-01   2.4093050e-01  -4.0406830e-01  -4.9748430e-01  -1.5024133e-01  -1.0729400e-01  -1.4812931e-01   3.8718589e-02   4.2496570e-01  -1.2461195e-01  -1.0980197e-01  -5.7091575e-02  -1.4534700e-01  -1.2498620e-01  -3.0453518e-01  -1.8678895e-01   3.8945771e-01   4.1281366e-01  -5.8083540e-02  -4.5250936e-01  -1.6576275e-01  -2.7028915e-01   5.7087058e-02   1.1543009e-01  -9.0860563e-02  -1.3236393e-01
