   0.0000000e+00   7.2457239e-02   2.8821725e-01  -4.2675571e-01  -3.2583159e-01  -2.5354533e-01  -4.6608306e-01  -2.0257512e-01  -2.1370285e-01  -2.1208097e-01  -3.6545149e-01  -1.9996289e-01   8.4683875e-02   4.2114708e-01  -5.9711923e-01  -6.7102768e-02   1.3063767e-01  -4.0209024e-01   3.4617856e-02  -4.0563417e-01  -5.0873858e-01  -2.9430746e-01  -4.8452841e-01   7.8219622e-01  -1.5778285e-01   2.4623616e-02  -2.5433645e-01   4.2209969e-01  -9.4659806e-02  -2.4214377e-01  -5.2233935e-01  -2.1894878e-01   1.0832207e-01  -4.6068493e-01  -3.4213358e-01  -3.8793720e-01  -2.6628183e-01   3.9723586e-01   2.1158581e-02  -8.4010173e-02  -1.3736857e-01   2.4449124e-01  -4.0746029e-01  -8.9177941e-02  -4.3801617e-01   4.8612056e-01  -3.9892379e-01  -4.4122918e-01  -1.9672780e-01   3.0273328e-01  -3.0154731e-01  -1.0925405e-01  -1.9532395e-01   3.2714264e-01   3.3241591e-01  -7.5124713e-02   2.3061949e-01  -2.7759665e-01  -4.6049497e-01  -1.3476761e-01   1.4887767e-01  -3.7225759e-01  -2.7840329e-01  -4.0246464e-01  -1.0880899e-01  -3.3965412e-01  -3.3553937e-01   1.0955172e-01  -4.1373127e-01   5.2985314e-01  -4.8154875e-02  -4.2732700e-01   1.3733681e-01   2.8653513e-01   3.6886463e-01  -3.1798307e-01   5.1220018e-02  -1.2832108e-01  -7.0603190e-02  -3.8166240e-01  -2.6283892e-01   2.7533534e-01   5.1379141e-02  -1.3558014e-01   4.9689262e-01  -2.7403691e-01  -1.3694876e-01   5.3659493e-01   2.1963733e-01   8.8034064e-01  -7.7095392e-02   3.5266739e-01  -9.5271043e-02  -5.5332431e-01   2.8635870e-01  -3.2738348e-02  -2.8539290e-01  -2.4684846e-01  -3.1882479e-01  -4.1436982e-01   4.8609763e-01  -6.6122785e-01  -3.9544977e-01   1.3080808e-01  -4.2430596e-01  -2.2139377e-01   3.7181857e-01  -3.6117005e-01  -3.0039172e-01  -3.3061186e-01  -2.3666795e-01  -4.1805280e-01  -2.3016398e-01   8.6478552e-01   4.8710513e-01   5.4643501e-02   1.0328414e-01   8.6895383e-03   4.7758968e-01  -3.7474339e-01   4.8061895e-01  -3.6930012e-01   3.3751336e-02  -4.0111464e-01   6.4926086e-01  -1.9829568e-01  -4.6689797e-01   1.0806475e-01  -4.8281068e-01   5.8604092e-01   7.3730481e-02  -2.5242383e-01   2.0834432e-01  -2.0064219e-01  -4.3546478e-01  -2.9933196e-01  -3.4860834e-01  -3.0046472e-01  -1.6287226e-01   3.6503554e-01   5.4206718e-01   1.3450459e-01  -3.8547560e-01   6.1610130e-01  -4.5829592e-01  -4.3616239e-01  -2.9716473e-01  -1.9136746e-01  -2.7814979e-01  -2.0828974e-01   5.4270807e-01  -4.3437336e-01   5.2773059e-01  -1.7181015e-01   3.2023537e-01   6.3725106e-01   4.2819990e-01  -4.4274002e-01   3.3981704e-01  -2.1100443e-01   9.8598002e-03  -3.5571427e-01  -3.5218872e-01  -5.8723737e-01  -2.9232022e-01  -1.2216963e-01  -2.6778565e-01   3.2451000e-01   4.4738184e-01   2.8686127e-02  -2.8467789e-01   4.2147689e-01  -5.4391987e-01   3.7046292e-01  -1.7016323e-01   3.2858863e-01  -3.0896902e-01
   7.2457239e-02   0.0000000e+00   4.6751509e-01  -3.5159087e-01   2.8098659e-02  -2.8792117e-02   3.9202064e-02  -2.3912584e-01  -7.6525100e-02   5.4323070e-02  -1.4793987e-01   5.0478252e-01  -4.0369883e-02   5.4296515e-02  -2.8845615e-01   1.7895644e-01   4.7548605e-01  -3.6738475e-01  -4.0076632e-02  -7.1680662e-02  -1.8803025e-01  -4.6403961e-01  -1.5704663e-01   1.0103583e-02  -2.2136834e-01  -1.4391725e-01   2.3191902e-02   1.6003164e-01  -3.2204550e-01  -5.5208764e-02  -7.4039502e-03  -4.6081517e-01  -1.9144904e-02   1.7114440e-01   2.0355768e-01  -1.3456574e-01   2.7281647e-01  -1.3928388e-01   2.0536708e-01   5.1895800e-01  -9.6686685e-02   9.5678041e-03  -1.3852059e-02  -3.5261123e-02  -1.5855168e-01   2.6494958e-02  -2.0806133e-01   2.2706352e-01   7.4848821e-02   5.4006847e-01  -3.5292397e-01  -1.6711052e-01   6.2080668e-01  -1.1675100e-01  -1.3685442e-01  -2.6650346e-01  -1.0681406e-01  -5.3979838e-01  -3.9286873e-01   1.0366445e-01  -8.2605158e-02  -2.9389932e-01  -9.3577422e-02   9.4922480e-02   2.4793201e-01  -1.8980859e-01  -2.2173336e-02  -3.6692097e-04  -3.7100127e-01   3.2906386e-01   7.9607247e-01  -3.3245452e-01   8.9526539e-02   1.7054535e-01  -1.8245584e-01  -4.8065422e-01  -1.1032369e-01  -2.7605631e-01   1.7951672e-01  -2.8031678e-01   7.7420107e-02   2.0092010e-01   3.7846093e-01  -1.4304962e-01   2.0109380e-01  -5.2459346e-01   2.1951751e-01   3.0635024e-02   3.3138176e-01   1.2524482e-01   2.4395955e-01   8.8992325e-02   2.2868902e-01  -2.4235224e-01  -8.4879654e-02   3.8695712e-02  -3.8560956e-01  -4.6073111e-01  -2.6352801e-01  -2.6318819e-02   3.8285423e-01  -1.9445248e-01  -3.0538656e-01   6.9276560e-03  -5.6803080e-01  -3.0288562e-01   7.1658081e-02  -4.5938303e-01  -1.8498426e-01  -6.0225992e-03   2.6649739e-01  -3.8642127e-01  -3.3762135e-01   4.2182881e-02   3.1751862e-02   4.1953401e-01  -2.7486338e-01   1.3158270e-01   1.5494306e-01  -4.1428003e-01  -2.0866988e-01   2.1678989e-02  -7.0739980e-02  -3.6665102e-01   1.5110659e-02   1.9087717e-01  -4.8399339e-01  -1.4665904e-01  -4.9959966e-01   4.9298484e-01  -8.5753563e-02   1.2302979e-02   4.9386333e-01   3.5706353e-01  -2.5066338e-01  -3.3620781e-01  -2.9000888e-01   2.1549587e-01  -2.5295229e-01   2.9573101e-02   6.6183616e-02  -1.2951673e-01  -3.3720990e-01   1.4132090e-01  -2.9465184e-01  -5.2603101e-01   4.8262737e-01   1.9845219e-03  -1.4728058e-01   3.6145623e-01   2.4234059e-01  -1.6718575e-01  -7.8063228e-02   3.6904145e-02   2.5209813e-01   8.9361500e-02  -1.1041573e-01  -1.5645867e-01   5.3827040e-02  -8.6970860e-02  -1.1966269e-01  -4.2106015e-01   1.1343208e-01  -4.5513635e-01  -4.5128726e-01   1.8553998e-01  -2.9626650e-01   3.3974313e-02  -1.6405991e-01   3.1529506e-01   3.7537908e-02  -5.2805247e-02  -4.6605908e-01   2.1096419e-01  -3.9581098e-01  -1.6803649e-01  -4.0133261e-01
   2.8821725e-01   4.6751509e-01   0.0000000e+00  -1.9253114e-01  -3.9189852e-02   8.1908228e-02  -1.9312768e-01  -1.3944285e-01  -2.1587007e-01  -2.4834585e-01  -2.8184967e-01   3.2580946e-01  -4.3165281e-02   8.7544563e-02  -2.1255289e-01   5.9605662e-02   8.5944537e-01  -2.5549591e-01   1.6974206e-01  -1.1264443e-01  -2.3522218e-01  -2.0747405e-01  -1.9272634e-01   1.5353840e-01   9.3646014e-03   1.1973683e-01   7.3544314e-02   1.8015627e-02  -2.0998845e-01  -1.7947750e-01  -2.2759963e-01  -3.5544690e-01   7.5021882e-02  -9.0673614e-02  -1.3357192e-02  -1.6628987e-01  -2.1616714e-01   2.3195522e-01   1.1450952e-01   4.0767038e-01   2.3512929e-02   2.0532627e-02  -4.5079023e-01   8.1769059e-02  -1.3232368e-01   2.7953668e-01  -2.5886585e-01   4.6854337e-02   3.0823660e-02   6.0798085e-01  -4.3328492e-01  -3.9810355e-02   1.5939676e-01   1.5123943e-01   1.5671693e-01   7.8306717e-02   2.1028895e-01  -3.4807588e-01  -2.8761082e-01   1.6877062e-01   4.1484434e-01  -2.4772023e-01  -3.6809172e-01  -1.6587554e-01   1.0946405e-02  -3.7187490e-01   2.4110944e-01  -2.3591740e-01  -2.6963817e-01   6.7029042e-01   2.5757802e-01  -4.3525346e-01  -2.9840354e-03   5.0908070e-01  -1.0673659e-01  -3.5124284e-01   3.5044081e-01  -4.9858238e-02   5.7305219e-03  -1.6451712e-01  -7.5265010e-02   8.3008029e-02   3.5987666e-01   8.7730496e-02   5.0198567e-01  -4.3253369e-01   9.1329460e-03   1.5533133e-01   2.9565111e-02   2.3580698e-01  -1.8542805e-02   6.0928886e-01   3.0907837e-01  -2.4242065e-01   2.2210410e-01   1.8427779e-01  -3.5324575e-01  -7.0688032e-02  -2.5650818e-01  -3.7819001e-01   2.7846957e-01  -3.3447794e-01  -2.9792079e-01   1.0672391e-01  -4.8713947e-01  -1.0723924e-01   3.9077312e-01  -1.9030614e-01  -2.2446321e-01  -1.3050576e-01   2.4632820e-01  -3.6846573e-01  -3.7506877e-01   2.7608038e-01   7.0285719e-02   7.9112255e-02   7.2668908e-02  -7.5197892e-02   2.6087905e-01  -2.4028412e-01   1.5132089e-01  -1.0144100e-01   8.3700295e-02  -2.6372631e-01   2.4866051e-01   1.5926922e-01  -4.0503630e-01  -1.3868534e-01  -4.1453361e-01   6.1982925e-01  -1.5306579e-01  -1.0631891e-01   4.3076802e-01  -5.5935611e-02  -3.6117266e-01  -2.4044650e-01  -2.0389406e-01   1.6358374e-02  -1.7217716e-01   1.4790900e-01   1.5190296e-01  -4.5487585e-03  -2.6935935e-01   3.3856572e-01  -3.3622392e-01  -4.3518268e-01   2.9812000e-01  -2.1162779e-01  -3.8539016e-01   1.4969396e-01   3.2109343e-01  -1.9574523e-01   3.0016166e-01  -1.8799983e-01   4.6289486e-01   9.7179892e-02   3.4394601e-01  -8.2134816e-02   5.2145324e-01  -1.9184916e-01  -1.0950239e-01  -2.8783169e-01  -8.2992340e-02  -4.0101024e-01  -1.0702145e-01   2.0899017e-01  -2.6295087e-01   3.7524102e-02   3.3362097e-01   3.2510173e-01  -2.3265046e-01   2.7444886e-01  -4.1315125e-01   3.5040339e-01  -2.3791074e-01   7.9088996e-02  -1.0306923e-01
  -4.2675571e-01  -3.5159087e-01  -1.9253114e-01   0.0000000e+00   4.5491122e-01   2.5082301e-01   1.5641184e-01   2.2366611e-01   1.9911544e-01  -1.6683614e-02   4.8726717e-01  -1.1548445e-01  -8.9332176e-02  -2.6494996e-01   3.7649944e-01   5.1191047e-02  -7.4166784e-03   6.0227193e-01  -2.3432224e-02   5.2157083e-01   2.7968647e-01   5.1872284e-01   2.8111074e-01  -2.2718270e-01   3.2757412e-01   1.3609712e-01   3.9312945e-01  -2.7001622e-01   1.4868957e-01   2.0482641e-01   2.1377165e-01   5.7865629e-01   6.3096558e-02   1.4307453e-01  -1.1180499e-01   5.1894174e-01  -1.1520631e-02  -1.5459964e-03  -1.1415605e-01  -9.9965111e-02   3.6672618e-01   1.1456084e-02   3.7777846e-02   3.4234252e-02   3.5760974e-01  -1.9259774e-01   6.4395120e-01   1.6166714e-01   2.3524614e-01  -2.9461013e-01   5.6661127e-01   1.7667271e-01  -2.0342406e-01  -3.7582651e-02  -1.2850274e-01   2.6539717e-01   9.7744026e-02   6.2676789e-01   6.5123079e-01  -1.1496997e-02   1.2529050e-01   5.1665659e-01   2.3751308e-01   2.2131441e-01  -1.9149684e-02   8.5379039e-02   2.9677332e-01   8.9464851e-02   6.9406700e-01  -3.6561141e-01  -3.2755785e-01   6.4154471e-01  -2.2994724e-02  -1.0580924e-01   3.4346422e-02   3.4590537e-01   1.6064540e-01   2.7254412e-01   1.1172053e-01   5.1230873e-01   8.0133014e-02  -1.8930841e-01  -5.2691008e-02   1.6371512e-01  -3.8650598e-01   3.5124392e-01  -1.7180236e-01  -3.0365388e-03  -1.4489063e-01  -4.7157472e-01  -6.4318013e-02  -2.3413133e-02   1.2080891e-01   4.3758305e-01  -2.0527238e-02   3.7096554e-02   6.6163938e-01   2.9827077e-01   6.8794843e-01   1.3738291e-01  -5.3113811e-01   4.8421330e-01   2.7879849e-01  -5.0732625e-02   6.4507088e-01   6.1078194e-01  -2.2422889e-01   4.4314959e-01   2.6878998e-01   2.6453422e-01   6.9811073e-02   5.5933869e-01   6.3209603e-01  -4.1092343e-01  -3.3108976e-01  -5.7134445e-02   2.3703555e-01  -2.1072570e-01  -4.1654654e-01   8.9402105e-01  -1.6231959e-01   1.1013850e-01  -8.2036680e-02   3.8084634e-01  -3.3140781e-01  -1.1486351e-01   4.9274511e-01   9.4232108e-03   6.2081297e-01  -5.8667216e-01  -1.7223623e-01   2.8274384e-01  -3.1303338e-01  -2.4168730e-02   4.9199833e-01   3.1512199e-01   5.1461242e-01  -1.1616408e-01   2.4745313e-01   2.7216274e-02  -1.0252059e-01   3.0426233e-03   3.5413225e-01  -3.7060942e-01   2.5052307e-01   4.0715597e-01  -4.3884260e-02   1.7183634e-01   2.9340931e-01  -5.5327024e-02  -3.6584679e-01   1.5882363e-01  -1.0150846e-01   8.4350104e-02  -3.6981399e-01  -1.9710186e-01  -8.6346052e-02   3.7844749e-01  -5.8093155e-03   7.7457764e-02  -7.5160770e-02   3.8990566e-01   8.8534032e-02   5.5992019e-01   6.9189430e-01   8.0437467e-02   1.8608453e-01  -1.9027098e-01  -1.1966164e-01   3.8186287e-02   2.2085721e-02  -3.7280086e-02   6.8705274e-01  -1.8731311e-01   4.1369974e-01  -2.1969836e-01   5.6038013e-01
  -3.2583159e-01   2.8098659e-02  -3.9189852e-02   4.5491122e-01   0.0000000e+00   1.5500910e-01   4.2050345e-02  -2.2587243e-01  -1.0066315e-01   3.1461564e-02   5.1301512e-01  -9.5689190e-02   1.7861342e-01  -2.9954870e-01   3.3828921e-01   3.6948547e-02   5.6010708e-02   6.0058827e-01   1.4948205e-01   8.1188289e-01   2.4688658e-01   2.3636022e-01   2.3074211e-01  -2.2139860e-01   2.7802240e-01  -1.9870123e-01   3.0701618e-01  -4.4663127e-01   1.4754552e-01   1.6470624e-01   2.6326130e-01   1.4156431e-01  -7.5100265e-02   2.6913966e-01  -4.0701294e-02   7.1461606e-01   2.3635031e-01  -3.1993590e-01   6.7528892e-02   1.6122072e-01   3.9646093e-01  -1.9320014e-01   2.1577405e-02  -3.6396846e-02   5.4228090e-01  -2.7013731e-01   7.0667126e-01   1.9350169e-01   5.8516950e-01   8.3619921e-02   5.1502637e-01  -3.4751556e-01   1.0124938e-01   1.0641436e-01  -1.2029154e-01   1.0179992e-01  -5.1037378e-02   1.0935212e-01   4.8623893e-01  -2.4097375e-02  -1.2714086e-01   5.9107536e-01  -4.9603604e-02   2.0875507e-01   1.9549981e-01   3.8363624e-01   1.9029250e-01  -7.3309597e-02   5.4268841e-01  -3.2265719e-01  -5.0587627e-02   5.4065872e-01   3.4668076e-01  -7.2257172e-02  -1.4460300e-01  -1.1333773e-01  -1.3735830e-01   7.5449075e-02   4.6963518e-01   3.8023841e-01  -2.3206704e-01   1.4598662e-01   1.6183789e-01  -1.6398411e-01  -3.9251664e-01  -1.4275654e-02  -1.5926703e-01  -2.6184861e-01  -1.9916334e-01  -2.8004019e-01   4.7669397e-01  -1.7571254e-01   2.7986067e-01   1.7936227e-01  -3.4234130e-01   1.3362486e-01   3.5873441e-01   1.7094136e-01   5.3772832e-01   2.6283854e-01  -4.2067166e-01   3.4220645e-01  -1.0962429e-01  -1.9132218e-01   2.4863485e-01   1.1727898e-01  -2.1916941e-02   2.7744999e-01   4.9474475e-01   4.1755978e-01   2.2762990e-01   1.8483933e-01   1.1983234e-01  -4.0175610e-01  -4.5722754e-01   3.3547640e-01  -1.8683576e-02   1.3838691e-01  -4.7950466e-01   4.5777604e-01  -2.3445148e-01   5.7830674e-01   1.2023823e-01   1.9276085e-01  -3.6974152e-01   4.9079246e-02   3.9760985e-01   9.0304006e-02   1.1441057e-01  -2.8811101e-01  -5.5496631e-02   4.9654757e-01  -4.2845874e-02  -1.1503447e-02   2.1097219e-01  -1.6371657e-01   4.0096367e-01  -2.5878068e-01  -1.9772508e-01  -2.0801871e-01  -3.3985702e-01   8.6628293e-02   3.7925303e-01  -2.7481081e-01   2.3050405e-01   1.5559937e-01  -1.6252678e-02   2.9076436e-01   3.6015855e-01   4.0932397e-01  -3.9471275e-01  -2.4113000e-01  -1.5072433e-01   2.5641612e-01  -1.4137543e-01  -2.8688766e-01  -3.4540162e-01   3.4759425e-01  -4.6255919e-02  -3.3667786e-01  -1.0912669e-01   3.6391224e-01   4.7239734e-01   4.0722483e-01   1.9411682e-01   3.0137956e-01   2.2630324e-01  -3.0485478e-01  -1.7455205e-01   3.0459986e-01   4.0797202e-01  -2.2722591e-01   4.7335589e-01  -1.1548881e-01   2.6628823e-01  -2.0596501e-01   1.0943508e-01
  -2.5354533e-01  -2.8792117e-02   8.1908228e-02   2.5082301e-01   1.5500910e-01   0.0000000e+00   4.8573313e-01  -1.2454722e-01  -1.5887636e-01   2.5065172e-01   1.4199450e-01   3.4489448e-01  -4.0514138e-01  -1.6255840e-01   2.6776977e-01   5.5584024e-02   1.5947984e-01   3.4542491e-01   1.8900197e-01   3.2665485e-01   2.8929973e-01   3.4711821e-01   2.3046367e-01  -2.7016727e-01   2.2087256e-01   7.0676678e-02   4.5346827e-01  -4.2665339e-01  -9.9408503e-02   5.6843402e-01   8.1062553e-02   2.1996223e-01  -7.6846834e-02   3.7236839e-01   3.1864588e-01   2.3850987e-01   1.0648480e-01  -2.3384217e-01  -1.2725057e-01   1.9908925e-01  -3.4768735e-02  -1.5386264e-01   4.6885694e-02  -4.5012460e-02   1.9268745e-01  -8.9136205e-02   2.6131319e-01   3.3740079e-01   1.6541391e-04  -2.5581119e-01   3.0002550e-01  -1.0052303e-01   5.9965826e-02   8.3594634e-02   1.2229930e-02   3.0793429e-01   2.2231827e-01   2.1037388e-01   2.1660969e-01   2.6327467e-01   1.6632743e-01   3.1787294e-01  -2.7243695e-02  -1.3951487e-02  -2.1188627e-01   2.9440218e-01   6.7409615e-01   1.0256921e-01   2.6343742e-01   9.2119219e-02   8.2348633e-03   1.6480386e-01  -9.1947689e-02   3.8778399e-01  -8.0087875e-02  -4.2464329e-02   1.0138628e-01   7.5667982e-02  -1.3164924e-01   3.0631584e-01   3.2120341e-01  -2.1325625e-01   3.2750968e-01   8.3009175e-02   8.7417003e-02  -5.7773358e-03  -3.0216124e-02   2.2200860e-02  -1.8279849e-01  -3.6627683e-01  -1.3965558e-01   2.6391194e-01   5.6586006e-01   1.5178554e-01  -2.0279259e-01  -8.3827450e-02   1.3347044e-01   2.2672852e-01   3.2184222e-01   3.1756395e-01  -1.4956068e-01   3.3417106e-01  -6.2750833e-02   2.0032421e-01   2.6353885e-01   2.5500192e-01   2.5223277e-01   2.2381535e-01   4.1334934e-01   4.5100642e-01   5.1757371e-01   5.1344199e-01   4.0438248e-02  -3.6726565e-01  -3.5295585e-01  -1.9535351e-01   1.0835361e-02  -2.2379705e-01  -7.5893077e-02   3.4121875e-01  -1.4779610e-01  -3.4098826e-02   4.3380427e-02  -1.5137521e-02  -1.8619140e-01   4.1491734e-01   3.7755257e-01   1.0846903e-01   1.0603285e-01  -1.0208475e-01  -3.2098013e-01   2.4659149e-01   1.2638589e-01  -1.7703648e-01  -7.9220961e-02  -1.1130434e-01   1.9321349e-01  -1.7211646e-01  -2.9477733e-02  -1.2810380e-01  -1.3680166e-01  -2.5616785e-01   2.7732942e-01   9.4244323e-02   1.4104503e-01   3.5488011e-02   2.3215550e-01   3.1866304e-02   3.8814470e-01  -5.2836802e-02  -2.1400337e-01  -8.8938331e-02   1.1698204e-01  -1.1404979e-01  -7.2950916e-02  -3.4461401e-01  -5.1329429e-02   1.3444626e-01   9.4536706e-02   6.5322261e-03  -1.3908887e-01   1.6517012e-01   2.2500966e-01   2.3867625e-01   3.6643801e-01   1.2918276e-01   3.2569179e-01  -1.9532764e-01   1.7175353e-01   3.7147754e-01   1.3091803e-02  -2.9890173e-01   1.6341158e-01   3.3062436e-01   2.4466040e-01  -1.6964461e-01   2.4227627e-01
  -4.6608306e-01   3.9202064e-02  -1.9312768e-01   1.5641184e-01   4.2050345e-02   4.8573313e-01   0.0000000e+00  -3.5003176e-01  -2.9013279e-01   6.4450387e-01   2.2741776e-01   5.2829886e-01  -8.8931223e-03  -4.4935731e-01   3.3104047e-01   2.6817319e-01  -1.3772300e-01   2.6237742e-01  -6.0416711e-02   3.5606950e-01   2.5796798e-01  -1.9525091e-02   4.8419520e-01  -5.8910029e-01   1.2768243e-01  -2.7663091e-01   8.1407458e-02  -5.1244611e-01   3.5011586e-02   4.8131018e-01   1.9545045e-01  -5.1894778e-02   1.2178943e-02   7.6095445e-01   6.1439996e-01   3.4458565e-01   4.9680591e-01  -2.7024365e-01   1.6253067e-01   3.6286232e-01   1.3284155e-01  -1.4612824e-01   4.8715941e-01  -4.1626930e-01   3.5491281e-01  -1.8429216e-01   2.5526635e-01   7.1420340e-01  -7.4055050e-02  -2.9016177e-01   3.2126037e-01  -2.1241571e-01   6.4906169e-02  -2.3514271e-01  -3.5175284e-01  -1.0820139e-01  -3.7437736e-01  -3.3277997e-02   2.8669855e-01   4.1320541e-02  -1.0133923e-01   4.0774485e-01  -2.0749049e-02  -1.9571945e-01  -2.0214940e-01   5.1349932e-01   1.6279417e-01  -1.8774453e-02   6.3382253e-02  -1.3332612e-01   2.2947397e-01   2.5398899e-01   3.9798823e-03  -2.4644475e-01  -1.4017922e-01  -1.9193533e-02  -5.4297576e-02   1.7966346e-02  -2.2209927e-01   3.7285148e-01   5.9164630e-01  -2.2687763e-02  -6.9855610e-02  -2.1060943e-01  -3.6520473e-01   3.3715806e-02  -4.3845265e-02  -2.6315454e-01  -2.7499841e-01  -5.9345991e-01  -4.1186918e-01  -2.6803081e-01   3.0882794e-01   2.2321656e-01  -1.7787881e-01  -1.2735083e-01   1.7131351e-01  -1.1853536e-01   2.7037647e-01   7.1349179e-01  -4.2847616e-01   7.0576726e-01  -2.3061973e-02  -1.2004425e-01   2.0292798e-01  -1.1713821e-01  -2.1399040e-01  -1.1136627e-01   6.0542070e-01   2.4441516e-01   5.3950407e-01   4.8152628e-01  -7.3750290e-02  -5.4230432e-01  -5.8981530e-01  -2.1316108e-01  -2.6365291e-01  -4.6429823e-02  -3.8565374e-01   1.9519481e-01  -1.8630608e-01  -1.0608864e-02  -1.1286353e-01  -2.0945044e-01  -3.2806689e-01   2.1021378e-01   4.0493284e-01   3.7269110e-02   9.5511998e-02  -2.9457302e-01   5.3025132e-02   4.5715007e-01  -2.5891358e-01  -1.1957396e-01  -2.9916122e-02  -2.3268936e-01   2.4310765e-01   7.2978346e-02  -9.5238251e-02  -3.6796634e-01  -4.4825400e-01  -2.4810734e-01   2.9662071e-01  -3.8221604e-01   3.6527990e-01   2.6533664e-02   5.4978666e-01  -1.0716984e-01   2.6833177e-01   2.6827056e-02  -4.9613853e-01  -2.3860219e-02  -2.4022435e-01   2.5309177e-02  -3.6287723e-01  -5.4273801e-01  -1.7104945e-01   4.5167982e-01  -3.2394193e-01   3.4881084e-01  -1.1097842e-01   2.0476266e-01   2.3112469e-01   9.4944534e-02  -3.6830248e-02   1.4722269e-01   3.9725029e-01  -4.1512404e-01  -1.0177567e-01  -1.4981379e-01  -9.5524132e-03  -3.6665250e-01   1.5445830e-01  -2.6915548e-01   1.0148338e-01  -2.3044595e-01  -6.2782569e-02
  -2.0257512e-01  -2.3912584e-01  -1.3944285e-01   2.2366611e-01  -2.2587243e-01  -1.2454722e-01  -3.5003176e-01   0.0000000e+00   4.6313504e-01  -1.3497218e-01  -1.7742717e-01  -1.6774795e-01  -3.3709581e-01   3.2250550e-01  -6.6516034e-02  -1.8205000e-01  -4.9173279e-02  -1.1323992e-01   1.7101685e-01  -3.4794520e-01  -1.4996416e-01   2.8391612e-01  -1.9148111e-01   9.6409466e-02  -5.9076437e-02   6.7767612e-01   3.2873865e-02   4.1073156e-01   1.9031818e-02  -1.5472450e-01  -7.2525128e-02   2.9060687e-01   1.6953071e-02  -4.2010135e-01  -3.1611982e-01  -4.2702824e-01  -2.4098058e-01   6.8234115e-02  -4.1919684e-01  -4.7363527e-01  -2.5913947e-01   1.7224389e-01  -2.1164643e-02   4.7706136e-01  -2.0966723e-01   1.1771329e-01  -3.1763167e-01  -3.4403222e-01  -2.1785686e-01  -2.5689555e-01  -2.0684252e-01   6.4998691e-01  -1.4422843e-01  -1.9376332e-01  -3.5802374e-02   2.1846835e-01   4.3245278e-01   4.0825732e-01  -9.0890963e-02   4.6904707e-02   1.7613135e-01  -1.3324041e-01   5.2714487e-01   3.3055702e-01   6.5288984e-02  -4.4337522e-01   1.9697390e-01  -9.6838600e-04   6.5967825e-02  -1.1964523e-01  -3.0265020e-01  -1.0399841e-01  -5.1500949e-01  -8.7602091e-02   1.3604506e-01   4.9811443e-01   2.4735067e-01   3.4257427e-01  -1.9648758e-02  -1.8758952e-01  -8.3153271e-02  -4.0433238e-01  -1.4281982e-01   8.0453755e-01   8.4148467e-02   3.0139101e-01  -9.9758260e-02   1.4880838e-01   7.4855735e-02  -1.5364416e-01   1.1505594e-01   9.9452338e-02  -2.4097409e-01   2.8292698e-01   1.5744984e-01   3.4567820e-01   1.2195201e-01   4.3845593e-01   8.0892181e-03  -3.3733282e-01   3.5478408e-03  -1.0967150e-01   4.7966058e-01   2.1205450e-01   1.6965796e-01   4.5379225e-01  -1.7197920e-01   5.3184481e-01  -4.0966135e-01  -2.0332380e-01  -3.4948821e-01   3.2618147e-02   3.8459332e-01  -4.2643741e-02   3.2352868e-01  -1.2430300e-01   3.8728627e-01  -3.3526187e-01   1.5068119e-01   7.0537727e-02   3.4142078e-02  -2.0683174e-02  -1.3245612e-01   4.6247561e-01   1.2955703e-01  -2.6665325e-01  -7.1885381e-02  -1.3354137e-01   4.6114978e-01  -2.4610102e-01  -2.2309985e-01  -3.9154168e-01  -1.5669612e-01   4.8612999e-02   4.3343936e-01   7.9568292e-01  -2.7656067e-02   1.9181774e-01   4.0745990e-01   9.7345841e-02   1.6419609e-01  -5.6767616e-02  -7.6923532e-02   1.0153039e-01  -1.5836521e-01   3.2348178e-01  -2.4658808e-01   4.4428997e-02  -2.4798665e-01  -2.1965992e-01   1.1146327e-01   6.2127979e-01  -8.8594467e-02  -7.0046810e-02   1.5905043e-01   1.1962318e-01   1.5009883e-01  -2.2294876e-01   1.2830692e-01   9.8490462e-02   7.3243789e-02  -5.2793468e-03  -2.5071980e-01   2.4085216e-01   4.3951573e-01  -1.6483774e-01  -1.3303242e-01   2.8395886e-01  -1.4691118e-01  -4.2667828e-02  -6.8282911e-02   7.6259431e-02   1.8154339e-01   1.8045833e-01   1.0936689e-01   2.6705016e-02   5.4192188e-01
  -2.1370285e-01  -7.6525100e-02  -2.1587007e-01   1.9911544e-01  -1.0066315e-01  -1.5887636e-01  -2.9013279e-01   4.6313504e-01   0.0000000e+00  -1.7659743e-03  -6.7929109e-02  -2.3963609e-01  -3.2340896e-01   2.6288672e-01  -5.5127106e-02  -3.0548784e-01  -5.8165955e-02  -9.5803533e-02  -3.5143448e-02  -2.4619348e-01  -3.5166652e-02   1.6986957e-01   4.4888853e-02   1.5253761e-02   1.7570595e-01   2.3654998e-01   4.7637096e-02   3.8863490e-01   2.3518103e-01  -2.3584593e-01   1.9633540e-01   4.1803043e-01  -1.2229851e-01  -3.0807974e-01  -1.9193330e-01  -1.9199148e-01  -1.2050587e-01  -1.2232285e-02  -4.5202933e-01  -3.0647093e-01  -1.2475832e-01   2.2864192e-02   2.4148435e-01   3.4719066e-01  -1.3584478e-01  -5.8945441e-02  -1.0197541e-01  -2.6084582e-01  -1.6972703e-01  -3.0525336e-01  -8.4138335e-03   3.3218961e-01   1.1868453e-01  -1.5158570e-01  -5.8955914e-02   1.0942053e-01   1.5661046e-01   4.2946007e-01   5.2358818e-02  -5.5253093e-02  -1.0761772e-01  -1.3307503e-01   5.2115777e-01   4.4827170e-01   4.9777738e-01  -1.3454266e-01  -1.2742313e-02  -1.5374173e-02   1.0935431e-01  -1.1437528e-01  -5.2854007e-02   3.4348813e-02  -2.2938445e-01  -7.7800022e-02   7.8558544e-02   4.3671634e-01  -2.9444667e-02  -1.9227777e-02   3.0512188e-02  -2.3070766e-02  -9.4090209e-02  -2.9193060e-01  -8.8690985e-02   3.0627464e-01   2.4742839e-03   2.8437063e-01   3.4941578e-01  -1.4059099e-01   3.3096090e-01  -1.8789574e-02   1.9553192e-02  -4.1136475e-02  -2.5765203e-01   2.8438707e-01  -7.5246010e-02   1.9024471e-01   1.8344587e-01   6.9970195e-02   1.1817983e-01  -2.0591989e-01   2.1565670e-01  -1.8432755e-01   3.4050363e-01   2.4913227e-01   1.5915410e-01   4.3962427e-01  -2.1944457e-01   2.2700856e-01  -2.0104932e-01  -2.2757103e-01  -4.1748157e-01  -6.9939346e-02   5.4701220e-01  -6.1794356e-02   4.4855268e-01   1.3052354e-02   6.1529607e-02  -1.7036334e-01   3.0104522e-01   1.7719766e-01  -1.1551139e-01  -1.1310393e-01  -5.9541655e-02   4.0898595e-01  -1.9680098e-02  -3.2741375e-01  -6.0856481e-02  -1.6141726e-01   4.7509706e-01  -2.0763868e-01  -2.9863665e-01  -1.8957110e-01  -4.4030518e-02   3.1233796e-01   6.1792306e-01   5.6348677e-01   3.4401623e-03   3.0490834e-01   3.8688389e-01   8.4528056e-02   1.7290468e-01  -2.0807848e-01  -1.9893683e-01  -2.6526469e-03  -1.4727402e-01   2.4903156e-01  -1.6410728e-01   7.6331385e-03  -7.3323134e-02  -5.4650668e-02   2.2281473e-01   3.6249739e-01  -1.0700087e-01   6.6275575e-02  -7.3479919e-02   1.4289708e-01  -1.2840245e-01  -2.0493849e-01  -3.7067232e-02   2.3023784e-01   4.9890751e-02  -7.6330512e-02  -6.3533404e-02   1.8455294e-01   2.3637444e-01  -2.8629784e-01  -2.3146113e-01   2.3295552e-01  -2.0629720e-01  -4.5457690e-02  -1.2937925e-01  -4.5729813e-02   2.1918661e-01  -1.3133929e-03   1.3060857e-01  -1.1921698e-01   4.4972383e-01
  -2.1208097e-01   5.4323070e-02  -2.4834585e-01  -1.6683614e-02   3.1461564e-02   2.5065172e-01   6.4450387e-01  -1.3497218e-01  -1.7659743e-03   0.0000000e+00   1.0460380e-01   2.1133045e-01  -2.2419495e-02  -2.3140819e-01  -2.1277042e-02  -4.3696479e-02  -1.3948904e-01  -1.0290797e-02   6.9278255e-02   1.1583596e-01  -1.5384141e-01  -1.9164014e-01   4.3860471e-01  -2.6232269e-01   1.0722849e-01  -1.0571172e-01  -2.2302734e-01  -1.5004186e-01   2.5791489e-01   1.1712077e-02  -3.2222535e-02   2.4682101e-02  -8.1282652e-02   3.9930059e-01   1.7415056e-01   7.4381332e-02   4.7325825e-01  -2.2166314e-01  -1.4725716e-01   1.9491428e-01  -9.2034701e-02  -1.4307823e-01   6.4272051e-01  -3.8672019e-01   4.4642005e-03  -8.1309775e-02  -3.1670320e-02   4.1057929e-01  -2.6099056e-01  -2.0431710e-01   1.1442420e-01  -1.2444629e-01   2.6834068e-03  -9.9636650e-02  -3.5734255e-01  -1.5411242e-01  -2.1006445e-01   6.4461727e-02   5.9783561e-02  -2.8058510e-01  -1.8461303e-01   2.2981791e-01   1.8538393e-01  -3.5809154e-01  -1.4838652e-01   4.4919893e-01  -7.0142873e-02  -5.2295072e-02  -1.5927434e-01  -2.0035648e-02   9.5429969e-02   1.1896330e-01  -2.3320195e-02  -2.1921017e-01   7.6443166e-02   8.3621340e-02  -1.4642819e-01  -1.0147955e-01  -3.0631199e-01   1.3813018e-01   5.5910400e-01  -1.7194940e-02  -1.6708043e-01  -1.9660680e-02  -2.3122036e-01   1.4904976e-01  -3.2806282e-01  -1.3097785e-01  -5.9127939e-02  -2.4605299e-01  -1.9020470e-01  -2.2818491e-01   1.6993222e-01   2.0336220e-01  -2.1718836e-01   3.7080859e-01   1.1130233e-01  -1.1748048e-01   5.7653122e-02   5.8527347e-01  -2.5582762e-01   3.7327659e-01  -9.4449388e-02  -1.8774052e-01   1.1623271e-01  -1.1133326e-01  -1.1882856e-01  -5.6150601e-02   4.9979909e-01  -2.1185626e-01   2.4195550e-01   1.3161472e-01   3.4561904e-04  -2.3261696e-01  -1.0051913e-01  -1.5578145e-01  -2.8783646e-01  -9.4979395e-02  -1.8859309e-01   3.3133334e-02   3.3092941e-02  -4.1178413e-02  -7.0064207e-02  -3.0231124e-01  -1.5613659e-01  -2.2836051e-01   8.7542510e-02   1.0324828e-01   2.3815525e-01  -2.2434238e-01   3.2075078e-02   2.4295141e-01  -3.9678795e-01  -2.3729903e-01   3.0194156e-01  -5.0414771e-02   9.1259927e-02   9.7487597e-02  -1.2514955e-02  -1.0531433e-01  -2.4133056e-01  -2.7307953e-01  -3.1965704e-02  -8.2609459e-02  -7.9177178e-03  -3.5612513e-02   3.9238620e-01  -1.5051803e-01   9.8959992e-02  -2.1544959e-01  -4.3411778e-02  -1.2753242e-02  -4.1753425e-02   4.8843840e-02  -2.6647229e-01  -1.4634647e-01  -9.4879551e-02   1.5131447e-01  -2.8823542e-01   3.5538507e-01  -7.5798676e-02   9.6278158e-02   7.9750616e-02  -8.1019707e-02  -1.1325431e-01  -2.7633076e-02   9.1351023e-02  -2.2886208e-01  -9.9723028e-02  -1.9204872e-01  -1.4183461e-01  -2.2593866e-01   9.0637242e-02  -2.0765077e-01   1.9724097e-01  -6.1677585e-02  -3.9049106e-02
  -3.6545149e-01  -1.4793987e-01  -2.8184967e-01   4.8726717e-01   5.1301512e-01   1.4199450e-01   2.2741776e-01  -1.7742717e-01  -6.7929109e-02   1.0460380e-01   0.0000000e+00  -2.1869427e-01  -2.0179350e-02  -5.5644161e-01   5.8327014e-01  -6.4145213e-03  -1.1736006e-01   6.2527006e-01   4.3250758e-02   5.2534474e-01   4.9472024e-01   9.7682891e-02   5.3044799e-01  -4.4003503e-01   1.7026946e-01  -3.0826463e-01   2.0431134e-01  -4.8554840e-01   1.0263629e-01   1.4025161e-01   6.3683027e-01   2.2167547e-01  -5.1962527e-02   4.2270895e-01   1.0555174e-01   7.3386030e-01   2.1978240e-01  -4.8428481e-01   3.7349741e-03   2.3941091e-01   2.0379078e-01  -1.6991112e-01   2.5735565e-01  -8.1777423e-02   4.0924529e-01  -5.2822799e-01   7.3122632e-01   4.3178162e-01   4.5949821e-01  -1.5101864e-01   6.6763459e-01  -7.4566638e-02   9.5135926e-02   1.4841043e-01  -1.9024311e-01   2.2154151e-01  -1.6976200e-01   1.4213982e-01   5.1908956e-01  -2.2153288e-01  -3.1300983e-01   5.7477048e-01  -1.1137645e-02   2.7621641e-01   1.1627320e-01   4.2910306e-01   1.7088983e-02   1.9917417e-01   6.4640829e-01  -4.1430146e-01  -3.3589981e-02   6.5863464e-01   1.8292170e-01  -2.9318898e-01  -1.6880855e-01   6.1439217e-02  -4.0015428e-01   1.1252107e-01   1.2053027e-01   3.6899099e-01   1.7492015e-01  -2.0713582e-02   1.0121133e-01  -2.9022266e-01  -5.4894283e-01   2.3690150e-01  -5.8357057e-02  -2.9055001e-01  -7.8929012e-02  -2.9680100e-01   1.6019232e-01  -3.9044945e-01   8.6484667e-02   2.1810792e-01  -4.1334664e-01  -1.8431523e-01   4.0415591e-01   1.6523427e-01   5.0312227e-01   4.3035795e-01  -4.6716500e-01   6.5599260e-01   4.8299154e-02  -2.8578758e-01   4.4245451e-01   4.6919682e-02  -8.8443312e-02   2.7337599e-01   4.4350392e-01   4.4532704e-01   2.5029709e-01   3.6297271e-01   3.0228412e-01  -3.8268183e-01  -3.7208719e-01   2.8445009e-01  -8.5683065e-02  -4.7310182e-02  -4.1879336e-01   4.5601008e-01  -3.3357852e-01   1.4954563e-01   1.6676840e-01   3.8417141e-01  -5.8212765e-01  -1.1615669e-01   5.0330359e-01   1.2911892e-01   2.3446131e-01  -3.9564458e-01  -6.7214154e-02   7.0279348e-01  -4.1224697e-01   2.1865570e-01   3.1815640e-01  -4.3995507e-02   4.2494276e-01   8.7109075e-02   5.0080178e-02  -6.0070162e-02  -3.6878801e-01  -3.7809725e-02   5.2681761e-01  -3.8572797e-01   5.5156667e-01   4.3938414e-01   1.0283796e-01   3.1052147e-01   4.3578707e-01   2.1718247e-01  -4.1020558e-01  -1.6050696e-01  -1.7006735e-01   5.0475334e-01  -2.5879656e-01  -2.0979737e-01  -4.0412898e-01   4.8860514e-01  -2.9800433e-01   1.6930940e-02  -3.5443234e-02   6.4744764e-01   4.4220356e-01   4.7702782e-01   1.1133882e-01   2.5434788e-01   4.4001540e-01  -4.3227454e-01  -1.7921348e-01   2.5720619e-01   2.3897848e-01  -3.5630368e-01   6.1675431e-01  -3.2600637e-01   1.8022736e-01  -8.9674004e-02  -5.9739212e-02
  -1.9996289e-01   5.0478252e-01   3.2580946e-01  -1.1548445e-01  -9.5689190e-02   3.4489448e-01   5.2829886e-01  -1.6774795e-01  -2.3963609e-01   2.1133045e-01  -2.1869427e-01   0.0000000e+00  -1.4841891e-01  -1.5358240e-01   3.9998823e-03   1.8838225e-01   2.0403653e-01  -8.0094125e-02  -6.0663185e-02   9.1457776e-02   3.6658763e-02  -4.0606824e-02   8.7982025e-02  -2.7116846e-01  -5.4302473e-02  -1.0437057e-01   2.6253636e-01  -1.7681587e-01  -1.5675650e-01   3.2133519e-01  -1.6259782e-02  -1.7028092e-01  -7.1827935e-03   5.3676569e-01   4.1233857e-01  -5.3029584e-02   2.2626096e-01  -2.5958660e-02   6.4385237e-02   3.5709387e-01  -5.8879845e-03  -6.3413315e-02   8.0472379e-02  -2.3611740e-02   1.5868452e-01  -3.4536938e-03  -1.7409548e-01   3.9069416e-01  -1.7998447e-01   1.3489966e-01  -1.2082661e-01  -1.2549145e-01   3.4532688e-01  -1.8923260e-01  -2.0115911e-03   1.5899597e-02  -4.3224425e-02  -2.0905631e-01  -6.6974670e-02   3.1688441e-01   5.2210083e-02   2.7170693e-02  -4.0730344e-02  -8.1244786e-02   1.3701264e-02  -1.2144393e-01   3.9493717e-01  -1.0930433e-01  -1.7510970e-01   1.2112958e-01   4.2971132e-01  -2.1577827e-01  -1.2197923e-01   1.5706777e-01  -1.9493920e-01  -1.1289434e-01   1.2386900e-01   7.6785724e-02   7.2384251e-03  -5.4063360e-02   2.9661365e-01   9.0208366e-03   2.5669278e-01   3.7239552e-03   8.8395463e-02  -1.9559556e-01   6.0601821e-02   1.8970180e-02  -1.3576695e-01  -3.2755435e-01  -1.8504240e-01   9.0701761e-02   5.7012850e-01  -4.4387426e-02   8.8909806e-02   4.4907688e-02  -2.3106316e-01  -2.4445400e-01  -3.6145251e-02   1.8650842e-01   1.0363623e-02   1.7145298e-01   2.3737844e-02   2.6143388e-02  -1.7228715e-01  -3.4860147e-03  -1.4987232e-02  -2.1736755e-01   4.3955436e-02   1.7244752e-01   6.1588643e-01   6.6092922e-02  -2.4090868e-01  -1.9691691e-01  -2.8283878e-01   3.6872376e-02  -1.3328153e-01  -7.7405070e-02   5.5174502e-02  -1.4189004e-01  -1.6464233e-01   8.3595885e-02  -1.0234730e-01  -2.5358813e-01  -1.1929063e-01   3.7523373e-01  -7.9376209e-02  -1.6726306e-01  -1.2511441e-01   6.9522259e-02  -1.3960133e-01   1.1323704e-01   2.7997786e-01   9.3303550e-02  -2.4891874e-01  -2.2426595e-01  -9.4611560e-02   1.2883814e-01  -1.0949092e-01  -5.9117788e-02  -2.5554164e-02  -2.4274992e-01  -6.5928226e-02  -9.0876778e-02  -2.4702397e-02  -2.6231471e-01   6.0604454e-01  -2.7008205e-01   1.1025500e-02   2.1401530e-01  -1.0496803e-01   1.0802570e-01  -1.9424514e-01  -1.0320742e-01  -5.0887119e-02  -1.8133299e-01   2.3203290e-02   4.6402251e-02  -5.2475757e-02   1.7395090e-01  -1.2989269e-01  -2.2582391e-01  -7.1798846e-02  -1.6109743e-01  -1.2649540e-01   4.6212779e-01   1.0662860e-01   1.4726811e-02  -1.7098928e-01   1.2333833e-01   8.3503721e-02  -3.2399935e-03  -1.7299871e-01   6.8554066e-02  -1.2110316e-01  -3.3538088e-01  -1.4947594e-02
   8.4683875e-02  -4.0369883e-02  -4.3165281e-02  -8.9332176e-02   1.7861342e-01  -4.0514138e-01  -8.8931223e-03  -3.3709581e-01  -3.2340896e-01  -2.2419495e-02  -2.0179350e-02  -1.4841891e-01   0.0000000e+00  -1.8791849e-01  -5.6711167e-02   3.0639132e-01  -1.2018765e-01  -2.0855488e-02  -1.5903785e-01   2.7639853e-01  -3.0362734e-02  -2.6468740e-01  -6.7277695e-02   7.5026470e-04  -2.3986818e-03  -3.5870821e-01  -2.5692630e-01  -1.9699413e-01   1.1310327e-01  -1.8225927e-01  -8.9842491e-02  -3.0220162e-01   1.9138565e-01   3.8401709e-02  -8.7376738e-02   2.0617897e-01   3.4091074e-01   1.2830267e-01   5.6119895e-01   9.4444200e-02   5.3661589e-01  -2.9393098e-02  -9.4310490e-02  -2.9166387e-01   1.9811460e-01  -4.5066388e-02   1.8511927e-01   1.0130627e-01   3.1755013e-01   3.5636702e-01  -3.2866545e-04  -3.7195424e-01  -8.0512399e-02   1.0018626e-01  -1.2870312e-01  -2.7195748e-01  -3.8990330e-01  -2.7744990e-01   1.3888488e-01  -1.6725360e-01  -1.4174938e-01   6.5140212e-02  -2.4813419e-01  -1.7817906e-01  -1.4552386e-01   1.6837260e-01  -4.1554144e-01   3.7356637e-02  -1.1267302e-01  -1.1425088e-01   5.7917744e-02   6.5552295e-02   4.5886241e-01  -1.9966072e-01   1.5603827e-01  -3.0309614e-01  -1.3898456e-02  -2.2137871e-01   4.9916637e-02   1.3857054e-01  -2.4059205e-01   5.6467268e-01  -1.0578562e-01  -3.6705820e-01  -2.2619792e-01  -1.3161993e-01  -1.2822744e-01  -9.3952748e-02  -8.8778548e-02   1.0376250e-01   7.7869190e-02  -2.1681054e-01  -2.1796488e-01  -1.4346987e-01  -2.2014086e-02  -5.9231008e-02  -7.9109883e-03  -1.7016547e-01  -8.9351759e-02   1.5826350e-01  -1.3921574e-01   4.9582213e-02  -2.4134785e-01  -3.9414758e-01  -1.0125656e-01  -4.5747099e-01  -1.0558267e-01  -2.2934134e-01   1.2586265e-01  -8.0486705e-02  -3.4681380e-02  -1.9477224e-01  -2.1923602e-01   7.0382074e-02  -2.4957205e-01   8.0420457e-02  -1.3598767e-01   6.3063150e-01  -3.8090338e-01  -5.8273003e-02   1.7823654e-01   2.3918081e-01   3.6798337e-02  -2.8538575e-01  -2.9261898e-02  -3.4670834e-02  -5.4526251e-02   2.5117689e-01  -2.2923889e-01   2.2270115e-02   6.5619198e-01   1.3463719e-02  -1.1427389e-01  -1.1490032e-01  -2.4105575e-01  -3.6468603e-01   1.7106073e-01  -1.7421301e-01  -2.9177887e-01  -1.2392695e-01  -1.3382159e-01   6.8325885e-01   7.5707682e-02  -2.9469961e-01   4.1579892e-02  -1.4605537e-01  -2.1654609e-02   3.7130637e-03  -2.7931297e-02   1.2742062e-01  -1.6519508e-01  -2.5526354e-01  -6.5718075e-02   6.8027946e-02  -2.0078866e-01  -9.3427157e-02   1.5113460e-02   1.5311591e-01  -2.0123376e-01  -2.6114684e-01   5.9269090e-02   1.7815868e-02   2.2061614e-02  -9.7688720e-02  -2.8699553e-01   5.8650613e-02  -2.0429824e-01  -1.8788373e-01  -2.2064383e-02  -3.2993828e-01   1.5015625e-01   1.4226174e-01  -5.2976199e-02  -3.8426250e-01  -1.4849683e-01   1.3817088e-02  -3.6559890e-01
   4.2114708e-01   5.4296515e-02   8.7544563e-02  -2.6494996e-01  -2.9954870e-01  -1.6255840e-01  -4.4935731e-01   3.2250550e-01   2.6288672e-01  -2.3140819e-01  -5.5644161e-01  -1.5358240e-01  -1.8791849e-01   0.0000000e+00  -5.3091176e-01  -6.8279980e-02   3.3013196e-02  -4.6279399e-01   3.3521558e-01  -4.9551433e-01  -4.8536943e-01   1.0290635e-01  -6.5419616e-01   6.7845245e-01  -2.1970873e-01   5.4780833e-01  -9.7239292e-02   5.8480422e-01  -9.7362118e-02   9.8568707e-02  -5.4388566e-01   5.5429218e-02   1.4426098e-01  -5.8935452e-01  -1.9534910e-01  -6.4383080e-01  -2.4244630e-01   1.6965977e-01  -1.7394869e-01  -4.2070241e-01  -2.9078436e-01   3.8967235e-01  -2.3474492e-01   3.1292887e-01  -5.8003866e-01   5.5725211e-01  -4.8218384e-01  -5.5292790e-01  -4.3131279e-01  -5.3973548e-02  -3.7852249e-01   2.6217536e-01   4.9703722e-02  -1.7768856e-01   2.1379056e-01   2.8452989e-02   5.5524347e-01   1.6580041e-02  -4.1556639e-01   3.0712002e-01   2.3890216e-01  -5.5500101e-01   2.0711674e-01   1.0165905e-01   1.3598186e-01  -4.2000553e-01  -6.8814629e-02   6.1355007e-03  -2.2870447e-01   2.8374516e-01  -6.3551313e-02  -5.0548413e-01  -2.4758411e-01   1.3614340e-01   1.0387532e-01  -3.3484146e-02   2.1212562e-01   1.8872640e-01   9.5417484e-02  -4.1890102e-01  -4.2391228e-01  -1.5203258e-01   1.6008242e-02   4.0326218e-01   3.8313016e-01  -1.7565680e-01   1.8362442e-01   4.3092733e-01   1.7564002e-01   3.5393413e-01   4.2416642e-03   2.9037742e-01  -1.9130325e-01  -1.2272348e-01   1.5740866e-01   2.2846645e-01  -2.2544314e-01   2.4798614e-01  -3.8492822e-01  -4.7831075e-01   4.7370334e-01  -5.6811087e-01  -2.2645558e-03   6.7409915e-01  -3.0102392e-01   1.7130760e-01  -8.4452579e-02   1.8511027e-01  -4.4730817e-01  -2.2788131e-01  -3.4494446e-01  -2.0530729e-01  -6.7057774e-02   3.3418121e-01   4.7086304e-01  -1.3107930e-01   3.8859414e-01  -1.9093008e-01   4.2740251e-01  -2.4530058e-01   2.5190543e-01  -1.9243767e-01  -1.5312722e-01  -3.3847441e-02   5.9352622e-01  -2.6050827e-02  -4.0957824e-01  -1.7652105e-01  -1.6673361e-01   3.8562015e-01  -7.2089150e-02  -5.2631329e-01   3.1712493e-01  -1.4362496e-01  -1.2723143e-01   1.1585268e-01  -3.4774648e-01  -1.8448189e-01   3.6404100e-02  -7.2067015e-02   3.3358785e-01  -6.9466732e-02  -3.2165615e-01   4.8514603e-01  -4.6965541e-01  -2.0607700e-01  -4.1803599e-01  -1.1368070e-01  -2.8639556e-01  -8.5700169e-02   2.8290666e-01   2.6687325e-02   2.2455723e-01  -2.8496434e-01   3.9043030e-01   2.5512431e-01   2.9992647e-01  -5.0384244e-01   3.8082851e-01  -2.3860222e-01  -5.4754094e-02  -3.6112551e-01  -4.0004908e-01  -2.9616600e-01   9.2510305e-02  -4.0235047e-01  -3.9674096e-01   4.6786170e-01   2.4702797e-01   4.0440587e-02  -1.9223910e-01   8.0128928e-02  -4.4536093e-01   5.4075636e-01   4.2259706e-03   1.4393993e-01   1.9193412e-01
