   0.0000000e+00  -1.8071190e-01  -8.7278141e-02  -2.2473635e-01  -3.9074518e-01  -1.8412162e-01  -3.5149427e-01  -1.2706193e-01  -2.7273712e-01  -3.9928818e-01   9.5439111e-02  -2.2756723e-01  -1.9448833e-03   8.3792403e-01   5.9165497e-01  -2.9412453e-02   1.0943383e-01  -3.0543200e-02  -1.3513339e-01  -2.2076544e-01  -1.6078299e-01  -2.4223732e-02  -7.6934932e-02   8.6670776e-01  -1.7949724e-02   3.8679721e-02  -2.7028537e-01   6.7651481e-01  -2.1644420e-01  -4.9509805e-01  -4.8691050e-03  -2.5364475e-01  -1.8024807e-01  -4.4873205e-01  -6.8124394e-03  -2.2653686e-01  -3.5237315e-01   3.4394241e-01  -2.4255135e-01  -2.0480863e-01  -7.4760063e-02   1.8654058e-01  -3.0896560e-02  -2.8643265e-02  -1.4062135e-01   5.8156682e-01  -2.4343759e-02  -4.3095825e-01  -9.3686212e-02  -5.3425420e-02  -8.8678391e-03  -8.0484530e-02  -3.0805668e-01   1.8794861e-01   4.9482038e-01   2.2331700e-01   5.8747470e-02  -1.9428924e-01  -2.1686302e-01  -2.9948447e-01   1.6443174e-01  -6.0590582e-02  -2.1329301e-01  -4.9314733e-02  -2.7235453e-01  -1.7852740e-01  -2.4002376e-01   5.6461298e-02  -1.7470990e-02   2.4790542e-01  -1.3775719e-01  -1.5907309e-01  -6.3819649e-03   6.8626718e-01   1.1736474e-01  -3.7038372e-01   3.7552061e-01  -1.9068030e-01  -3.1238303e-01  -1.5576605e-01   3.0851971e-01  -1.7294896e-03   2.4251786e-01   8.3688868e-02   6.7459503e-01  -3.4664053e-01   2.5605393e-01   7.0364962e-01  -2.1644523e-02   7.7526006e-01  -2.2111219e-01   2.5348501e-01  -3.8881402e-01  -2.3041872e-01   5.5130730e-01  -1.8281548e-01   3.1589980e-02  -4.0265138e-01  -1.5754052e-01  -2.2556925e-01   7.1104253e-01   3.6021868e-01  -4.1389071e-02  -2.4619686e-01   6.0274577e-02  -2.7712167e-01   1.3298023e-01  -2.7136449e-01   8.9877397e-02  -3.5641308e-01  -2.0213756e-01   1.4856142e-01   7.2427502e-02   8.3166125e-01   5.7032775e-01  -2.9824825e-01  -6.4469830e-02   4.4207975e-02   3.2938023e-01  -1.8492735e-01   5.6374892e-01  -1.2297361e-01   4.3428945e-02  -2.1565489e-01   6.6966194e-01   5.8973995e-01   8.3454677e-02   2.0931041e-01  -2.3619366e-01   2.2104899e-01  -2.0793422e-01  -2.9629624e-01   6.4816490e-01  -3.5416954e-01  -2.0615544e-02  -2.6290389e-01   6.4812164e-02  -1.4581492e-01  -1.9891346e-01   4.2187763e-01   8.0547175e-01   1.0885016e-01  -7.8906472e-03   8.4446044e-02   5.2277654e-02  -2.2592164e-01  -1.6413259e-01  -1.9355904e-01  -2.1860666e-01  -2.9532271e-01   7.6091147e-01   1.9431437e-01   5.5305367e-01  -2.4679374e-02  -2.3696101e-01   7.0648080e-01   6.5827307e-01  -5.3917775e-02   1.5641565e-01   2.1395226e-01  -4.5661305e-02  -5.6591509e-02  -2.6533972e-01  -1.7364583e-01  -9.9759732e-02  -3.0554445e-01   2.1751050e-02   4.0892318e-01   5.9128306e-01  -1.5344434e-01  -4.3208316e-01   4.5536191e-01  -1.6065512e-01  -2.4149857e-01   1.1269514e-01   1.7840365e-01  -3.8236074e-02
  -1.8071190e-01   0.0000000e+00  -8.5603804e-02  -2.2350235e-01   5.1030906e-01  -3.2825361e-01   7.8031255e-02  -3.0102030e-03   6.6023900e-01  -3.2115299e-01  -3.1818809e-01   5.5384417e-01   6.6248636e-02  -1.2678946e-01  -2.6253527e-01  -2.9380160e-01  -5.6023542e-03  -2.7037145e-01  -1.8001482e-01   5.8466056e-02   1.2079990e-01  -1.6456148e-01  -6.6418372e-02  -2.4859550e-01  -5.4219295e-02   6.2965152e-02   1.3349212e-01  -2.3447569e-01  -6.1794389e-02   6.9151100e-01   2.8620931e-01  -2.2527680e-01  -1.8029427e-01   9.6691999e-02   1.6230928e-01  -1.3672203e-01   3.1423363e-01  -3.7783274e-01   9.1535200e-02   2.5077169e-01   1.8559543e-01  -3.8303619e-01   4.5142500e-01  -7.0846981e-02   9.4441249e-02  -4.4943769e-01  -4.8654802e-01   6.8198875e-01   1.6971227e-01   2.3788359e-01  -4.2743070e-01  -4.1850376e-02   8.1973025e-01  -1.9500750e-01  -2.8694265e-01  -3.3725550e-01  -2.3820609e-01  -2.5736777e-01  -3.7237565e-02   1.8279346e-02  -3.3777473e-01   1.8696450e-02   4.7149224e-01   3.2625358e-01   6.0857202e-01  -3.6613533e-01   1.5541261e-01  -3.0471873e-03  -2.3333107e-01  -6.3128224e-01   7.2333260e-01  -2.3220859e-01   3.5157446e-01  -1.6501689e-01   1.4605878e-01   1.4771289e-02  -4.1374339e-01  -6.4917581e-02   5.4210086e-01   6.4610470e-02  -3.0615691e-01   1.1667785e-01  -1.9995695e-01  -8.6345651e-02  -2.6580909e-01   4.8804802e-02   3.5575634e-01  -4.0449107e-01   2.4715460e-01  -3.7052903e-01   6.7916549e-01  -3.2556445e-01   1.1325237e-01   3.7915921e-01  -3.2758349e-01   1.9786527e-01  -2.0248724e-01   2.9062486e-01   7.1498843e-02  -7.6891314e-02  -2.0271204e-01  -1.2291226e-01  -2.9725232e-01   4.5336687e-01  -3.9282812e-01  -1.0264146e-01  -2.3474537e-01   3.9640064e-02   2.3978245e-01   3.8248302e-01  -1.7371465e-01  -2.7461984e-01  -2.7395571e-01  -7.9229456e-02  -1.9942147e-01   7.7342915e-01  -3.1019618e-02   1.3742452e-01  -5.3550491e-01  -7.1037664e-02  -5.5945744e-01   3.9691530e-01   3.5372687e-01   6.3907852e-01  -4.4024079e-01  -1.1941205e-01   6.1106673e-02   3.9495866e-02  -1.3923645e-01  -5.3060146e-01   2.9691361e-02   2.8728694e-01  -2.5761306e-01   7.4499347e-01   1.9562243e-01   7.3907831e-02  -1.9460412e-01   4.1655293e-01   3.3148713e-02   7.5357112e-02  -2.0065642e-01   6.7817182e-02  -1.4828744e-01  -5.0243387e-01   2.0989987e-01   1.5026664e-01   1.8240612e-01  -2.9756974e-01  -4.7995376e-01   4.7439170e-01  -3.6192802e-01  -1.4801063e-01  -4.9326418e-01   7.9464267e-02   4.3735322e-01  -3.9487888e-01  -4.0053716e-01  -8.0553230e-02  -3.2415843e-01  -2.7617499e-01  -1.3028144e-01  -8.1744163e-02  -1.2781196e-01  -1.9319395e-01   3.8303946e-02   4.6272461e-01  -2.1038895e-01  -2.0177023e-01  -4.1509009e-01   5.5699879e-01   3.0572001e-01  -5.1813908e-01   4.2909209e-03   2.2405846e-01   3.9440457e-04  -1.3859600e-01   9.2096948e-02
  -8.7278141e-02  -8.5603804e-02   0.0000000e+00  -2.3356854e-01   4.4733675e-01   1.5724530e-01   4.8292624e-02  -8.1383047e-02  -1.3808371e-01   3.8105781e-01  -4.5509429e-01   4.4888698e-01   3.4166647e-01  -1.2767882e-01  -3.6847938e-01   2.4788621e-01   6.5180739e-01  -4.2492698e-01  -6.5204388e-02   7.1796489e-01  -3.1721207e-01  -3.7357443e-01  -1.1124807e-01  -1.6222072e-01  -1.2243593e-01  -6.7884238e-02   6.1350868e-01  -2.5160197e-01   3.0478818e-04  -1.7757638e-01  -4.1753371e-01  -5.8397169e-02   1.8930108e-01   2.8810908e-01   2.7926937e-02   3.8019243e-01   1.5282988e-02   2.1183911e-01   2.6487436e-01   6.8090522e-01   1.5273648e-01   2.5808445e-01   4.2942178e-01  -1.4307144e-01  -4.3819637e-01  -1.0732008e-02  -2.3006176e-01   2.9278921e-01  -2.9678100e-01   6.6169760e-01  -4.4222111e-01  -1.7135256e-01  -6.4331739e-03   3.6312067e-01  -5.3355208e-02  -3.3424481e-01  -2.1948191e-01  -2.2502268e-01  -3.3465651e-01  -2.2918618e-01   1.0301305e-01  -1.1178855e-01   8.8138631e-03  -4.7644607e-01  -3.9044998e-01  -3.0543943e-01   3.3516391e-01   6.4346029e-02  -2.6177851e-01   2.3071805e-01   2.8633631e-01  -4.6861019e-01  -2.3380990e-02   6.6810256e-03   3.1735442e-01  -2.2100044e-01   1.8012096e-02  -8.6848986e-03   4.4965864e-01  -2.5746568e-01  -5.0824525e-01   9.8904791e-02  -8.3762876e-02  -9.1765935e-02  -9.7726134e-02  -1.9670363e-01  -2.6429276e-01  -1.3349985e-01   1.6276994e-01  -1.6117039e-01   1.3451040e-01   1.7393555e-01   5.1299068e-01  -1.7703509e-01   4.4447341e-02   6.7415544e-01  -1.3668822e-01  -1.1838907e-02  -1.9635155e-03  -1.6709159e-01  -1.0104274e-01  -4.0610674e-01  -4.3358052e-01  -3.8272742e-01  -4.9248810e-01  -2.5847181e-02   5.1108513e-01  -2.2063258e-01  -5.1981512e-02   3.4525384e-01   1.9870020e-01  -4.4097602e-01  -1.7754004e-01  -1.4351264e-02  -1.5688224e-01   8.8601520e-02  -1.2086117e-01   2.2762492e-01   5.7131979e-02  -3.5013643e-01  -8.7325658e-02   5.2055459e-01   4.3443746e-01  -2.9326854e-01  -1.9894649e-02  -3.7505463e-01  -2.0252980e-01   1.4520851e-01  -2.0378959e-01   3.5498675e-01   2.1593761e-01  -2.7975028e-02  -3.5854446e-01  -1.2646744e-01   1.2161052e-01  -1.9281041e-01   1.0888665e-01  -2.1784975e-02  -2.2664074e-01  -4.8985891e-02  -1.5537264e-01   2.4719439e-01  -1.7644764e-01   1.2764516e-01  -2.8712108e-01  -6.4516924e-01   6.2075943e-01  -2.8363070e-01  -2.4444655e-01  -1.2333190e-01  -2.1676141e-01  -5.3657431e-01  -9.4155928e-03  -2.5241657e-01   6.8465123e-01   5.5868594e-03  -1.7378531e-01  -2.2505809e-01   1.4803947e-01  -5.2906976e-01  -9.9100338e-02  -1.3317876e-01   1.9565391e-01  -4.5151623e-01  -7.3557317e-02   2.6919192e-01  -1.1597544e-01  -4.9351595e-01  -8.4907566e-02   4.1752520e-01   4.1771129e-01  -3.8968453e-02  -4.1509005e-01   2.9992331e-01  -7.1704739e-02   2.3193526e-01  -5.4382673e-02
  -2.2473635e-01  -2.2350235e-01  -2.3356854e-01   0.0000000e+00  -2.8879347e-01   1.7485114e-01  -1.3773318e-01   3.0152575e-01  -4.1068913e-02   2.0172471e-01   5.2210192e-01  -3.9237823e-01  -9.3606780e-02  -1.5919936e-01   5.4889403e-03   1.8781032e-02  -3.3527802e-01   3.4263082e-01   2.3143429e-01  -2.2036142e-01   3.5020843e-02   7.0444952e-01  -2.5607022e-01  -2.4056648e-02   2.0017710e-01   1.1681744e-01   6.1939265e-02  -2.3863314e-01  -8.9578350e-04   1.1147767e-01  -1.0150001e-01   7.1032326e-01   1.3004221e-01  -6.2309641e-02  -8.3382692e-02   2.4755187e-03   2.1995027e-01  -1.4143936e-01  -3.5034052e-02  -1.7778156e-01   2.0445914e-02  -6.6006306e-03  -2.7646831e-01   2.5994066e-01   1.1922260e-01  -2.8592835e-02   5.6079902e-01  -1.5608827e-01   3.7491820e-01  -2.7868584e-01   4.5840408e-01   3.4413999e-01  -2.4495019e-01  -1.2404658e-01  -1.1712679e-01   3.4848840e-01   8.9854637e-02   7.7049862e-01   4.3728231e-01   4.4040573e-01   9.8941596e-02   8.2576616e-02   5.5526076e-02   3.3634116e-02  -5.3198994e-02   3.1723271e-01   1.4502311e-01   4.5579275e-02   5.4524661e-01   8.0534738e-02  -4.9912167e-01   6.6204145e-01  -2.1079060e-01  -2.4533391e-01  -3.1987633e-01   5.9775227e-01   1.7603290e-02   3.8534670e-01  -2.2681942e-01   2.3352015e-01   5.2316437e-02  -1.1297986e-01  -3.7191842e-02   1.9180415e-01  -2.3586799e-01   5.4122696e-01  -3.0816881e-01  -4.7796357e-02  -1.7117268e-01  -1.9351197e-01  -2.4455936e-01   5.8813604e-02  -2.3296451e-01   2.0267130e-01  -1.5310359e-01  -2.4253369e-01   4.1624483e-01   8.3811424e-02   2.3923610e-01  -4.5675770e-02  -3.6685047e-01   8.8224892e-02   4.1229650e-01   2.2841252e-01   5.2512846e-01   7.2000194e-01  -1.6827395e-01   3.8490246e-01  -2.5525130e-01  -1.8744354e-01  -3.4165504e-02   5.7191139e-01   6.5217233e-01  -2.0966606e-01  -4.7655446e-01  -1.8695892e-01   2.7281141e-01  -2.1459871e-01  -1.3938445e-01   7.7136033e-01   2.0666628e-02  -2.5747876e-01  -2.4590398e-01  -1.9186241e-01  -7.6148609e-02   1.0995933e-01  -2.2248845e-02  -2.2580035e-01   7.1773091e-01  -6.0029346e-02  -2.1773033e-01  -1.7560767e-01   5.1958436e-02  -2.5724783e-01   2.6944200e-01   4.9061401e-01   1.6469008e-01  -4.0262450e-01   5.0160563e-01  -1.5563360e-01  -1.7706677e-01  -2.8430092e-01   3.2613598e-01  -1.8722543e-01  -3.5548311e-01   2.4965143e-01  -4.5741098e-01   3.1877753e-01   3.0400345e-01  -1.2684510e-01  -2.3033213e-01   1.8083201e-01  -2.5128028e-01   1.1506854e-02  -2.9553981e-01   1.5313897e-02   6.3911272e-02   1.2129073e-01   8.6155326e-02   3.6644059e-01   2.8866613e-01   2.7229170e-01   8.5481931e-02   6.3179886e-01   6.4482953e-01  -2.3702509e-01   1.9569045e-01  -8.3235902e-02  -1.1905354e-01  -3.3112337e-01  -1.9024558e-01  -7.5279421e-02   4.3910455e-01  -3.2576284e-01   7.7359982e-02  -9.9305322e-02   4.8694022e-01
  -3.9074518e-01   5.1030906e-01   4.4733675e-01  -2.8879347e-01   0.0000000e+00  -4.3886192e-02   1.7948100e-01  -4.9320241e-03   2.7593469e-01   1.4092550e-01  -4.9759019e-01   6.7583405e-01   2.7569238e-01  -3.4152239e-01  -4.2972317e-01  -1.2147128e-02   2.0390574e-01  -3.7684810e-01  -2.0592604e-01   6.6349456e-01  -1.2316730e-01  -4.8577124e-01  -7.3439285e-02  -4.3096469e-01  -1.6903051e-01   1.1239131e-01   5.4061757e-01  -4.0825327e-01   5.0769011e-02   4.7562463e-01  -9.7494731e-03  -9.1744620e-02   1.0615943e-01   4.5376584e-01  -2.3923444e-03   4.2751648e-01   1.6419229e-01  -1.7429920e-01   2.0864507e-01   6.2054070e-01   3.0433710e-01  -8.9405102e-02   4.9569574e-01  -1.2865904e-01  -8.1487335e-02  -4.8969331e-01  -3.6002836e-01   7.7145248e-01  -1.3252462e-01   5.3938262e-01  -5.4699001e-01  -7.8443835e-02   6.8525140e-01   2.8932731e-02  -3.9653306e-01  -4.3854278e-01  -3.4869467e-01  -4.1671279e-01  -1.5328480e-01  -7.0805220e-02  -2.7617482e-01   6.2468836e-02   3.2537114e-01   1.4975794e-02   2.0586668e-01  -3.4912948e-01   3.8028320e-01   8.2484670e-02  -2.7374070e-01  -3.8810118e-01   5.5664195e-01  -4.3402871e-01   2.2910388e-01  -2.9237506e-01   1.9978490e-01  -4.0130554e-02  -4.1359575e-01  -3.4065722e-02   7.8669491e-01  -1.6971249e-01  -5.4478886e-01   2.8992862e-01  -2.8259893e-01  -9.1051839e-02  -4.6673922e-01  -7.7863912e-03  -1.0205895e-01  -5.4147308e-01   2.6032002e-01  -4.6395172e-01   7.4682914e-01  -1.5133228e-01   5.2174150e-01   1.2089836e-01  -3.7362978e-01   6.9203788e-01  -2.2308127e-01   2.3089524e-01   1.2430999e-01  -7.0196071e-02  -3.7746931e-01  -3.0042748e-01  -4.6260844e-01   3.1604192e-02  -5.7198173e-01  -7.6436131e-02   1.5554162e-01  -2.9396237e-02   3.0413173e-03   6.4151915e-01   9.9730358e-02  -4.7093575e-01  -4.2659800e-01  -2.5343761e-01  -3.3007793e-01   6.9105665e-01  -6.9468241e-03   2.5038349e-01  -4.6539275e-01  -2.6661615e-01  -5.8798481e-01   6.9224182e-01   4.5406737e-01   3.3333787e-01  -4.8828299e-01  -4.3644980e-01  -4.8472959e-02  -2.9367824e-02  -2.7252830e-01  -2.9089269e-01   2.4309443e-01   2.8950484e-01  -5.6936587e-01   4.7512681e-01   6.5824279e-02   3.1547764e-02  -1.6156001e-01   1.9717925e-01  -2.4365282e-02  -1.2746102e-01  -3.8954757e-01   8.2555030e-02  -1.7420081e-01  -3.4824271e-01   4.8378858e-02  -2.3179537e-01   4.6058376e-01  -2.2817054e-01  -4.1246443e-01   2.2088827e-01  -5.2498169e-01  -4.9262319e-01  -3.7197085e-01  -1.4506258e-01   6.9718796e-01  -4.7578058e-01  -6.4054154e-01  -1.9007578e-02  -1.5954256e-01  -4.9069800e-01  -1.0893444e-01  -1.4771730e-01   3.4446603e-02  -3.8256801e-01  -5.6938087e-02   5.1380662e-01  -1.2499555e-01  -5.0683312e-01  -4.0172892e-01   7.1443493e-01   6.7337151e-01  -5.2145588e-01  -2.4968183e-01   3.6796671e-01  -1.8587001e-03   2.8559491e-02   6.4063889e-03
  -1.8412162e-01  -3.2825361e-01   1.5724530e-01   1.7485114e-01  -4.3886192e-02   0.0000000e+00   3.0234791e-01  -5.8557731e-03  -3.3533466e-01   6.3097705e-01   5.5794005e-02  -3.6555377e-02  -2.9808068e-01  -2.1649194e-01   1.7361632e-01   1.9496333e-01  -1.8496920e-01   9.3657267e-02   5.0905344e-01   1.8730612e-01  -3.6039750e-03   1.0214586e-01   3.1155257e-02  -4.2857738e-02  -9.0016892e-02   2.7218997e-02   3.6697817e-01   2.6996800e-02   1.7354899e-01  -8.7976139e-02  -2.2592314e-01   1.0000195e-01   1.8280177e-01   3.6661738e-01  -5.2238938e-02   8.0767315e-02   1.8145000e-01  -2.6289047e-02  -2.8680786e-02   5.4053092e-02  -2.8896851e-01   1.6974591e-01  -1.8343698e-01  -1.6005181e-01   1.3685225e-02  -5.1834084e-02   3.1784374e-01  -5.8045234e-02   1.8453300e-01  -1.0550166e-01   2.5591398e-01   6.2609705e-02  -2.5649394e-01  -1.7612843e-01   9.2230314e-02   8.2777586e-02   5.1962452e-01   4.2272838e-02   7.8393156e-02   5.6488876e-01  -4.9328699e-02   3.5968718e-02  -3.4169149e-01  -2.4225273e-01  -3.2281284e-01   5.4285832e-01   5.2578076e-01  -3.0443742e-01   2.0761145e-01   4.0431795e-01  -3.6465896e-01   9.4589773e-02  -4.7683124e-01   7.1196354e-02  -4.2420083e-01  -5.3101231e-02   8.0306235e-03  -1.7250805e-01  -6.1258193e-02  -3.7569162e-01   1.7545038e-01  -1.8369669e-01  -1.6116531e-01   5.3244079e-02   4.1580996e-02  -6.3354846e-02  -2.1115578e-01  -3.4591646e-02  -2.9442663e-01  -8.6760705e-02  -1.2658646e-01   1.8747399e-02   1.8293105e-01  -2.7718834e-01  -9.0978766e-02   9.8493173e-02  -6.1039705e-02   1.0788396e-01  -3.5269432e-02   6.5211053e-02  -9.4498700e-02  -6.7674192e-02   3.6221307e-01  -5.1470764e-02   1.0473378e-01   2.1044942e-02  -1.1939232e-01   1.6120294e-01   1.2067074e-01   1.0250385e-01   8.6207486e-02   2.6650171e-01   1.1609925e-01  -1.6887598e-01  -1.7499056e-01  -3.3532849e-01  -2.5296089e-01  -3.6247245e-01   4.1454519e-01   3.5523836e-02  -4.6656958e-02   4.7739300e-02  -6.3873687e-02  -4.7891934e-01  -1.2154183e-01   5.2281317e-02   1.4314047e-02  -4.2264671e-01   8.4833363e-02   2.7454331e-01  -9.4699793e-02  -1.1742535e-01   9.3191841e-02  -3.7997966e-01  -1.9663573e-01   7.7289307e-03  -3.2596594e-01  -1.5625424e-01   6.5558754e-02  -2.5528077e-01  -1.7541982e-01  -2.8264125e-01   1.4689373e-01   3.6390077e-01  -1.8730331e-01  -1.3690870e-01   1.3598429e-02   3.1483472e-01   5.2725472e-01  -1.7850421e-01  -6.7161926e-02   4.0596460e-03   1.2885490e-02  -2.9987180e-01  -2.8836101e-02  -1.2055098e-01  -1.3775584e-01  -1.6324091e-01  -4.9818697e-02   3.3561043e-01  -2.0236463e-01  -4.8120655e-02   4.6062388e-01   2.3390836e-01   1.4666569e-02   1.1390827e-02   1.7032758e-02   2.2140547e-01  -1.0875281e-01  -2.6766843e-01   1.5627333e-01   8.4444340e-03  -1.4743726e-01   3.9119947e-01  -1.8029194e-01  -2.8348475e-01  -6.7504003e-02
  -3.5149427e-01   7.8031255e-02   4.8292624e-02  -1.3773318e-01   1.7948100e-01   3.0234791e-01   0.0000000e+00  -2.8859676e-01  -6.8464422e-02   3.8637618e-01  -3.0440523e-01   4.0110473e-01  -1.0635657e-01  -3.7137207e-01  -1.4637588e-01   2.3071702e-01  -2.5118085e-01   1.1897769e-01  -1.7100781e-01   1.2287813e-02   4.3138052e-01  -2.1600536e-01   7.2587496e-01  -3.6431257e-01  -1.7796344e-01  -3.3550034e-01   1.5108641e-01  -1.3931677e-01  -5.7128702e-02   2.6819668e-01   3.6681166e-02  -1.6355520e-01  -1.2061210e-01   6.1915040e-01   1.9121747e-01  -4.3170798e-02   1.9196038e-01  -2.3665350e-01   2.9993194e-01   2.6750330e-02  -1.6724966e-01  -1.2197659e-01   3.1005224e-02  -2.2053011e-01   2.1441063e-01  -3.6740806e-01  -2.1082284e-01   3.4930336e-01   7.6384235e-02  -1.1840942e-01   4.2971324e-02  -3.5871461e-01   2.1876971e-01  -1.2765663e-01  -3.4572242e-01  -2.1479575e-01   4.8261043e-02  -1.9724735e-01  -9.3040974e-02   1.8644260e-01  -2.2918739e-01   2.8185374e-01  -1.0448184e-01  -1.2480112e-01  -4.9920025e-03   4.3579172e-01  -9.3829090e-02  -2.5507266e-02  -2.7025949e-01  -5.4889007e-02   2.0139257e-01  -1.3132114e-02   9.8699390e-02  -2.0515169e-01  -2.3565532e-01  -1.0649739e-01  -2.7964511e-01  -3.0839384e-01   1.0960094e-01  -3.4182938e-01   3.0926002e-01   2.6883721e-01   8.6489979e-02  -3.7098800e-01  -2.0976842e-01  -1.1558538e-01   3.1826895e-01  -2.8920509e-01   3.0133342e-02  -2.8877616e-01  -3.8177744e-02  -3.6032198e-01   4.5582162e-01  -1.7223723e-01  -2.0598515e-01  -1.5376394e-01  -3.7243635e-01  -6.4276699e-02  -1.2096641e-01   7.6820713e-01  -1.4618886e-01  -3.3073808e-01   3.2676151e-01  -6.1360029e-02   1.0934584e-01  -2.6111094e-01  -2.8136118e-01  -2.0133353e-01   3.7488129e-01   1.5939269e-01   6.0198976e-01  -1.3548897e-02  -3.2258361e-01  -4.3162340e-01   1.2696317e-01   3.8820209e-02  -3.4775841e-01   8.6940771e-02   1.3710876e-01  -1.5455041e-01  -2.4768545e-01  -6.8628523e-02  -1.4316463e-01   2.1707288e-01  -4.3273020e-01  -1.6027852e-01   3.0555277e-01  -2.2699749e-01  -2.1041373e-01  -1.3070946e-01   3.3200063e-01   4.6847636e-01  -2.6853411e-01   2.8550948e-01  -3.1424188e-01  -1.8908276e-01  -3.3323524e-01   5.8867640e-01  -2.5788527e-01  -1.3697901e-01  -2.4349760e-01  -9.8478246e-02  -1.2784321e-01   4.6391458e-01   3.7373565e-01   2.2501306e-01   5.0199127e-01   1.2476062e-02   3.5301550e-01   5.3680110e-01  -1.6150737e-01   2.3546478e-01  -6.6791819e-02  -3.3972985e-02   1.2069783e-01  -3.5974728e-01  -3.2584244e-01   6.7681833e-02  -4.6504221e-01   1.8419500e-01  -9.8027542e-02  -2.2899716e-01   3.2359193e-01  -8.8893730e-02  -2.7546485e-01   4.4803200e-01  -1.0447821e-01   1.4263629e-01  -1.9758450e-01  -5.1034503e-02   3.2065603e-01  -1.6694594e-01   2.3626461e-02   3.4353832e-01  -1.3837320e-01  -1.4425335e-01  -2.7916712e-01
  -1.2706193e-01  -3.0102030e-03  -8.1383047e-02   3.0152575e-01  -4.9320241e-03  -5.8557731e-03  -2.8859676e-01   0.0000000e+00   2.1238970e-01   1.6142389e-02   2.5229039e-01  -4.4908952e-02  -2.4399503e-01   1.5690402e-02  -6.1602216e-02  -2.9754997e-01  -1.2530380e-01  -1.5212984e-01   3.4051163e-01  -1.2349459e-03  -3.2926164e-01   2.8557280e-01  -2.9544976e-01  -1.1077028e-02   4.4926354e-04   7.4342153e-01   1.1730462e-01  -2.5116355e-02  -8.9826540e-02   7.0436027e-02  -8.0758812e-02   3.7659196e-01   3.4996868e-01  -7.0091025e-02  -2.7467229e-01  -2.5067411e-01   4.4838741e-02  -2.5866717e-01  -5.1843328e-01   6.3721250e-02  -1.8774007e-01  -5.1692219e-02   1.3837515e-02   7.9015868e-01  -2.9549580e-01  -1.2556754e-01   6.4217071e-03  -7.5975345e-03   3.4218315e-03   6.6291935e-02  -1.0794231e-01   8.8576076e-01  -2.9716747e-02  -2.0876550e-01  -7.6649441e-02   3.7382118e-01   1.8387069e-01   2.7325957e-01   6.0634081e-02   2.3966736e-01  -1.5813154e-01  -1.5135754e-01   2.0114497e-01   1.5707721e-01  -1.2374577e-01  -1.1748128e-01   2.9010592e-01  -2.7102050e-01   6.0531699e-01  -1.3212249e-01  -2.1979892e-01  -2.5411816e-02  -2.7359048e-01  -5.8872126e-02  -9.6901090e-02   5.5497516e-01  -8.6656188e-02   6.7074994e-01  -5.3661246e-02  -3.0817772e-02  -1.5084779e-01  -3.1257694e-01  -3.3774094e-01   8.4334981e-01  -2.2860830e-01   5.8280085e-01  -3.4838119e-01  -1.4121636e-01  -2.9640443e-01  -7.7603562e-02   6.6312741e-02  -5.5712499e-02  -1.7626468e-01   2.8645549e-01  -3.6682496e-01   7.0228362e-02   3.3349895e-02   7.1881867e-01  -9.4335324e-02  -2.5420067e-01  -2.6525892e-01   4.0452565e-01  -1.9404067e-01   3.0766699e-01   5.8375243e-02   5.2020267e-01  -9.1981163e-02   7.9006093e-01  -9.0356775e-02  -2.2594571e-01  -3.2303349e-01   1.0372824e-01   5.3907077e-02   1.1432637e-02  -3.0708822e-01   9.3886876e-03   6.0661945e-01  -2.5506965e-01  -2.2973049e-01   2.8227827e-01  -1.8845461e-01   2.0354016e-02   9.6549987e-02  -1.0767604e-01  -5.3685607e-02   5.5409916e-02  -1.4566731e-01  -3.0296030e-01   5.1527324e-01  -1.9989879e-01  -4.2944371e-01  -3.8744893e-01   1.3698527e-01  -8.3661655e-02   4.4458611e-01   7.8347984e-01  -1.8271494e-01  -3.5897422e-01   7.5588879e-01  -2.6866206e-01  -2.0474317e-01  -1.9333118e-01   5.4512595e-01  -4.3826748e-01  -3.0272450e-01  -1.4162474e-01  -2.2695150e-01  -5.3987081e-02  -1.0389758e-01  -1.6356202e-01  -1.5557660e-01  -7.4060259e-02  -2.7351147e-01  -1.0719907e-01  -2.0765398e-02  -1.1694359e-02  -2.3131799e-01  -1.2775571e-01  -6.5731542e-02   1.5084913e-02  -1.3538207e-01   5.9657826e-01  -2.4546113e-01   9.4466788e-02   5.6656328e-01  -1.5075566e-01  -7.8468238e-02  -1.7491516e-01  -3.0508548e-01  -1.1046879e-01   1.2651983e-01  -2.8325380e-01  -2.5380283e-01  -2.4828647e-01   1.3101290e-01  -4.5596855e-01   7.2593744e-01
  -2.7273712e-01   6.6023900e-01  -1.3808371e-01  -4.1068913e-02   2.7593469e-01  -3.3533466e-01  -6.8464422e-02   2.1238970e-01   0.0000000e+00  -3.9100864e-01  -5.9280025e-02   3.0491500e-01  -6.3127656e-02  -2.9908269e-01  -2.9136741e-01  -4.1694572e-01  -5.1667755e-03  -1.5026432e-01  -1.7678457e-01  -1.3177100e-01  -7.1112543e-02   5.8490238e-02  -1.1311939e-01  -3.2100596e-01   1.4340741e-02   1.1390665e-01  -1.8121644e-02  -3.6460316e-01   1.5318473e-02   6.2376926e-01   3.5249904e-01  -6.1892499e-02  -1.3754042e-01  -8.4279200e-02   2.9378982e-01  -2.1294698e-01   1.4889010e-01  -3.4338805e-01  -1.0390947e-01   4.7106299e-02   1.4036363e-01  -3.6472033e-01   3.1186496e-01   1.3609250e-01   1.1298967e-01  -4.3184139e-01  -2.4566057e-01   3.9344343e-01   1.7303395e-02   1.1409592e-01  -2.6834554e-01   2.1394622e-01   5.4353707e-01  -2.9435067e-01  -2.5460349e-01  -2.7677876e-01  -2.5495691e-01  -3.8083229e-03   1.9595556e-01   9.2400264e-02  -1.0566571e-01  -1.0138022e-01   6.7448503e-01   5.3344640e-01   7.1738064e-01  -3.5089501e-01   3.6751441e-02  -8.9293437e-02   3.3178686e-02  -5.1523849e-01   3.9019797e-01  -9.3739111e-02   1.5955829e-01  -4.1184088e-01   3.7530724e-02   2.4597788e-01  -3.1924012e-01   2.7982417e-01   2.4944590e-01   3.3951429e-01  -3.3266813e-01  -9.0654587e-02  -2.7988799e-01   1.4855689e-01  -4.6478677e-01   2.8606300e-01   6.9660288e-02  -4.3012819e-01   1.9653205e-01  -5.0141672e-01   4.3178344e-01  -1.4214527e-01  -1.4372709e-01   7.6764902e-01  -3.9906204e-01  -4.7870741e-02  -5.8832653e-02   4.4151673e-01   1.1441315e-01  -1.1505532e-01  -3.9113830e-01   7.2093566e-03  -3.7007728e-01   7.0857175e-01  -3.5410679e-01   6.7460594e-02  -2.7627942e-01   3.6721755e-01   6.6306874e-02   1.1140885e-01  -2.8254741e-01  -3.0956612e-01  -6.5182990e-02  -2.1632383e-01  -3.0042606e-01   5.6205043e-01   1.2240591e-01  -7.2973569e-02  -5.2694768e-01   5.2663301e-02  -5.1433058e-01   8.8229509e-02   2.5949007e-01   4.6887598e-01  -3.7580847e-01  -3.5243013e-01  -1.7420636e-01   2.7968621e-02   1.8644496e-01  -5.1119679e-01  -2.6697789e-01   1.5177195e-01  -4.1282788e-01   7.5392637e-01   4.1273182e-01   3.0105078e-01  -9.2051858e-02   2.4546404e-01   2.6303478e-01  -9.1799667e-02  -3.0448979e-01  -2.4170210e-01  -7.6506107e-02  -5.4155904e-01   1.8738216e-01   2.7153530e-01   7.9516842e-02  -1.0535879e-01  -4.1622700e-01   2.4991668e-01  -4.9414731e-01  -2.0670602e-01  -5.6342689e-01   3.5488045e-01   1.9879011e-01  -3.4186100e-01  -4.0272970e-01   2.4849864e-02  -1.3756416e-01  -3.2621739e-01  -7.3652441e-02   2.1462648e-01  -2.1315471e-01  -8.8574319e-02   1.7720947e-01   1.2123753e-01  -2.1651706e-01  -2.9894060e-01  -5.0766323e-01   1.9368587e-01   4.6336064e-02  -6.1484870e-01   8.1599024e-02  -1.2892801e-01   8.3860069e-02  -2.1303851e-01   2.0529127e-01
  -3.9928818e-01  -3.2115299e-01   3.8105781e-01   2.0172471e-01   1.4092550e-01   6.3097705e-01   3.8637618e-01   1.6142389e-02  -3.9100864e-01   0.0000000e+00  -1.9525855e-01   8.6033573e-02   3.5581708e-02  -4.1124777e-01  -3.4565299e-01   1.6557242e-01  -9.6925655e-03  -5.4146496e-02   3.5020225e-01   4.0954466e-01   2.8064224e-02  -7.1772082e-02   4.8904742e-02  -2.6243864e-01  -1.8643245e-01  -5.5502092e-02   4.7901593e-01  -3.6884768e-01  -2.0447470e-02  -5.5558404e-03  -5.3350551e-01   1.5974909e-01   3.1933177e-01   5.8648856e-01   2.3226302e-03   2.3097753e-01   2.8114199e-01   4.2482698e-02   3.7210744e-02   2.6666881e-01  -9.7321959e-02   2.3858118e-01  -7.6789444e-02  -2.8089890e-02  -1.5667524e-01  -1.1800060e-01   1.0030352e-01   1.4245410e-01   1.3505981e-01   7.5308721e-02   6.3975017e-02  -4.1034078e-03  -1.4205920e-01   3.3439326e-02  -1.1649507e-01  -3.5899965e-02   2.2184551e-01   5.9472865e-02  -2.6920220e-02   3.7912474e-01  -7.5725247e-02  -3.4846547e-02  -3.0448335e-01  -4.7249151e-01  -4.3242844e-01   5.2121479e-01   3.2280963e-01  -6.5257719e-02  -4.2581418e-02   3.5181012e-01  -2.5406912e-01   4.4596264e-02  -2.3160256e-01  -8.6839132e-02  -2.3682920e-01   7.8600276e-03  -2.7800646e-02  -1.4532836e-01   8.0751687e-02  -3.7558365e-01  -1.4721453e-01   2.9592128e-03  -9.3221978e-02  -7.4148539e-02  -1.3327276e-01  -2.9796895e-02  -3.2903599e-01  -1.4785072e-01  -1.0532550e-01  -2.0519602e-01  -2.5317112e-02  -4.6196640e-02   4.9984268e-01  -3.3531106e-01  -5.1632374e-02   3.1659501e-01  -5.5291215e-03   1.0124611e-01  -1.4020824e-02   1.7965214e-01  -3.1085275e-01  -3.7827321e-01   2.0910978e-01  -3.3557143e-01   8.3421362e-05   1.1417454e-01   5.2062397e-02   3.1463369e-02  -1.2102687e-01   2.3369004e-01   3.3363072e-01   6.1159036e-02  -3.8731556e-02  -2.5990855e-01  -3.3123330e-01  -1.7038713e-01  -5.5493625e-02  -7.1028456e-02   1.9009238e-01   7.6088569e-02  -1.1079127e-01   1.9757099e-01  -7.9533125e-03  -4.1502996e-01  -1.8082414e-01  -2.1481293e-01  -2.3047638e-02  -2.9578000e-01   1.0930576e-05   3.0059052e-01   8.8377812e-02  -5.2014724e-02  -2.2666987e-01  -3.6400506e-01  -1.7680069e-01  -2.0498041e-02  -1.5207166e-01  -2.2081773e-01  -1.0971508e-01  -1.6937551e-01  -2.4769792e-01  -1.1531743e-01   3.3930373e-02   3.5087305e-01  -3.5832620e-01  -2.1892028e-01   2.0089376e-01   2.6787923e-01   5.5502577e-01  -8.1043731e-02  -2.5613265e-01  -2.3634839e-01  -1.3088219e-02  -3.5828363e-01   1.6588476e-01  -1.3507576e-01  -2.2919430e-01  -1.0258379e-01  -1.8918518e-02  -2.9351821e-02   1.3750158e-02  -1.3208690e-01   6.0039943e-01   1.0139730e-01  -4.2870655e-02   1.4660660e-01  -3.5018288e-02  -2.3996241e-01  -1.5870157e-01  -5.6993105e-02   3.9589549e-01   1.4645791e-02  -1.2006250e-01   3.0901037e-01  -1.7005126e-01   2.2858830e-02  -1.4291422e-01
   9.5439111e-02  -3.1818809e-01  -4.5509429e-01   5.2210192e-01  -4.9759019e-01   5.5794005e-02  -3.0440523e-01   2.5229039e-01  -5.9280025e-02  -1.9525855e-01   0.0000000e+00  -5.8437557e-01  -1.8225490e-01   1.9711485e-01   4.4297479e-01  -2.6195535e-02  -2.1100736e-01   6.0378213e-01   1.3437413e-01  -5.2518155e-01   1.4736690e-01   7.1337351e-01  -1.8779452e-01   1.8790314e-01   1.3159774e-01   1.7178111e-01  -3.4906008e-01   2.7930675e-01  -4.6734706e-02  -1.3874041e-01   2.4219378e-01   4.5657279e-01  -9.1027102e-02  -3.9558735e-01  -1.6994650e-01  -8.3115293e-02  -6.8389094e-02   1.0468218e-01  -2.3038822e-01  -5.1208876e-01   4.1584360e-02  -1.3738337e-01  -4.9257894e-01   4.1654261e-01   2.4490970e-01   2.9174620e-01   7.8876582e-01  -5.8429849e-01   2.3349366e-01  -4.6589207e-01   6.7761824e-01   3.0618333e-01  -4.6409659e-01  -3.5079235e-01   2.2996218e-01   7.2854708e-01   1.4238312e-01   5.6209129e-01   5.4315196e-01   3.0568181e-01   3.0179758e-01  -1.9765789e-02  -6.5567490e-02   3.9255686e-01   8.3924137e-03   2.8777719e-01  -9.9951885e-02  -2.2619263e-01   6.7002845e-01   2.5663150e-01  -5.7391633e-01   5.4178644e-01  -1.6617080e-01  -4.5314141e-02  -2.5991170e-01   4.5558499e-01   3.3305235e-01   3.3610136e-01  -5.8905388e-01   3.5707614e-01   3.9100584e-01  -1.7650013e-01   3.3155002e-01   2.6044952e-01   1.1440008e-01   4.2987557e-01  -1.5418602e-01   2.5406574e-01  -2.9596499e-01   1.4574851e-01  -4.9737278e-01   7.7393300e-02  -5.7491267e-01   1.3558657e-01   7.2047468e-02  -5.3917400e-01   2.5845429e-01  -1.3689252e-02   1.7636176e-02  -9.0415931e-02   1.0310171e-01   5.8060158e-01   4.7827076e-01   2.1905264e-01   6.2494274e-01   4.0465612e-01  -2.6127970e-01   3.7961688e-01  -1.7567160e-01  -3.1708915e-01  -3.1464413e-02   6.6724949e-01   2.6756306e-01   1.0748174e-01   1.0319396e-02  -4.0078586e-01   2.0017535e-01  -1.8608602e-01   2.3457771e-01   4.7178426e-01   2.8791481e-01  -5.6994605e-01  -4.1135169e-01  -1.8767960e-01   2.8215104e-01   3.7754753e-01  -8.6091572e-02  -2.2952442e-01   6.0836728e-01   1.3464692e-01  -2.8456836e-01  -1.0834265e-01   4.4235138e-01  -2.5602816e-01   1.4799147e-01   3.7340641e-01   1.1455604e-01  -2.3894177e-01   4.6221224e-01  -1.0202487e-01   2.7457393e-02  -3.3843560e-01   4.8251023e-01  -4.8164935e-02  -1.8423558e-01   3.8782704e-01  -6.2771723e-01   4.9746257e-01   3.5536331e-01  -1.7705875e-01   1.7507719e-01   4.7883753e-01   5.6198680e-02   3.9973006e-01  -6.1213063e-01   2.4744677e-01   3.2762041e-01   3.3229784e-01   1.4471784e-01   5.0882996e-01  -1.2902156e-02   5.8085775e-01  -2.9147007e-02   6.8849678e-01   3.6684312e-01  -4.4041523e-01   5.7139294e-01   3.7656524e-01   1.3047008e-01  -5.5930315e-01  -5.1391775e-01   8.3574807e-02   3.7974920e-01  -3.5545303e-01   2.1231962e-01  -2.7026428e-01   3.7873353e-01
  -2.2756723e-01   5.5384417e-01   4.4888698e-01  -3.9237823e-01   6.7583405e-01  -3.6555377e-02   4.0110473e-01  -4.4908952e-02   3.0491500e-01   8.6033573e-02  -5.8437557e-01   0.0000000e+00   1.7316882e-01  -2.4431753e-01  -3.2069958e-01  -7.8927472e-02   1.7049389e-01  -5.0925154e-01  -2.3186801e-01   4.9868887e-01  -1.4650331e-01  -4.7667765e-01   1.2334730e-01  -3.4284583e-01  -2.1269152e-01   7.0736673e-02   4.7562161e-01  -2.5696460e-01  -9.7045577e-02   3.5012929e-01  -3.6637769e-02  -2.0635597e-01  -6.8291091e-02   5.4025568e-01   3.1888550e-01   4.5159172e-02   2.0254137e-01  -2.9228960e-01   1.6780047e-01   6.2302942e-01   9.3353202e-02  -1.2897212e-01   6.6413612e-01  -1.0317293e-01  -2.1816044e-01  -4.9370536e-01  -5.5095320e-01   7.5356873e-01  -1.8969875e-01   4.9850094e-01  -6.0048485e-01  -1.4099721e-01   6.1665493e-01   2.3491895e-02  -3.7319885e-01  -4.2492783e-01  -2.7776166e-01  -4.1800986e-01  -2.1991978e-01  -5.8488340e-02  -3.8737746e-01   2.9338167e-02   3.2776685e-01  -1.1615664e-01   9.2593192e-02  -3.3503260e-01   2.9803643e-01  -2.6658635e-02  -3.0170763e-01  -4.5509984e-01   6.6642043e-01  -5.5965992e-01   1.5224271e-01  -1.9752774e-01   1.8931634e-01  -1.0669593e-01  -5.1444327e-01  -1.1289807e-01   7.8195769e-01  -3.0110747e-01  -4.5967222e-01   1.9520892e-01  -3.0300369e-01  -5.2863730e-02  -3.1905078e-01  -6.3795962e-02   4.8081486e-02  -4.7787078e-01   1.8382360e-01  -4.1693376e-01   6.0410276e-01  -3.1221395e-01   6.2576270e-01   1.1765698e-01  -3.5495967e-01   5.5101448e-01  -3.3957162e-01   2.5791425e-01  -3.4895803e-02   7.8961410e-02  -2.3243958e-01  -3.3189527e-01  -4.7579160e-01   2.9746544e-02  -5.4439562e-01  -1.3696286e-01   4.7915584e-02  -6.5353681e-02   3.3632858e-01   4.6797703e-01   1.4040412e-01  -5.3456059e-01  -4.7733185e-01  -1.6402898e-01  -1.3369625e-01   6.0925759e-01  -1.4130392e-01   2.9775935e-01  -4.3382648e-01  -3.9354185e-01  -5.0859515e-01   6.5905644e-01   5.9569184e-01   3.7502244e-01  -4.8886462e-01  -3.5734484e-01   3.9550993e-02   9.8374903e-02  -2.9278225e-01  -3.8429715e-01   2.3091132e-01   2.0801159e-01  -4.3553265e-01   4.9869001e-01   1.4034262e-01  -3.0142755e-02  -1.8405866e-01   3.4867500e-01  -8.5428424e-02   6.2333056e-03  -2.4509525e-01   1.9220546e-01  -1.9818679e-01  -2.6636250e-01   1.4603352e-01  -3.3355191e-01   7.2185254e-01  -4.4932725e-01  -4.2118065e-01   3.4615977e-01  -3.6394677e-01  -4.0099140e-01  -2.6785676e-01  -1.7848594e-01   7.4811053e-01  -3.8484399e-01  -5.0654777e-01  -1.3000616e-01  -3.9525981e-01  -4.8143094e-01  -2.4761577e-01  -1.6271070e-01  -4.7416783e-02  -5.6040247e-01  -5.8414146e-02   7.2899087e-01  -2.3559881e-01  -4.1565556e-01  -4.0660318e-01   6.0201587e-01   7.4142910e-01  -4.5998177e-01  -4.0580476e-01   3.8752415e-01  -1.1030568e-01  -2.0973711e-03   7.0920566e-03
  -1.9448833e-03   6.6248636e-02   3.4166647e-01  -9.3606780e-02   2.7569238e-01  -2.9808068e-01  -1.0635657e-01  -2.4399503e-01  -6.3127656e-02   3.5581708e-02  -1.8225490e-01   1.7316882e-01   0.0000000e+00   3.8652067e-02  -2.0011592e-01   2.1460912e-01   3.2196213e-01  -8.6365353e-03  -1.9941686e-01   3.8527773e-01  -9.0570843e-03  -2.3031536e-01  -6.1823528e-02  -4.9778320e-02  -1.5883002e-01  -1.8219266e-01   1.0847849e-01  -1.9572044e-01  -4.1573343e-02  -5.9099630e-02   2.7432213e-02  -1.0925916e-01  -8.1704683e-02   1.6082182e-02   4.8242395e-02   5.4255778e-01  -7.0294591e-02   2.1629044e-01   3.8752861e-01   2.6521210e-01   7.7658986e-01   2.0025217e-01   1.3537649e-01  -1.3290504e-01   1.8463891e-01   1.1606914e-01  -4.0662775e-02   9.9442604e-02  -2.1069081e-01   2.8487980e-01  -1.1730409e-01  -3.3473502e-01   1.1029354e-01   1.8061634e-01  -4.7826766e-02  -3.1889115e-01  -4.4883463e-01  -1.8260123e-01  -6.8903827e-02  -2.5353811e-01   3.0032981e-01   1.4776558e-01   7.8393739e-02  -2.0449173e-02  -5.1672324e-03  -2.4074693e-01  -1.3582218e-01   2.2196976e-01  -2.1077785e-01  -2.2302710e-02   1.8092627e-01  -1.9216525e-01   6.0692570e-01  -7.1757109e-02   1.6093841e-01  -2.1541489e-01   1.1294340e-01  -1.4493965e-01   3.1819074e-01   7.1223765e-02  -2.4785694e-01   4.4474109e-01   7.7308493e-02  -2.5097576e-01  -6.2403023e-02  -1.8341349e-01  -3.0287126e-02   1.4474444e-02   2.6389686e-01  -7.4421478e-02   2.0275185e-01   1.4407135e-01   2.3102932e-01  -4.4162485e-02   1.6392601e-01   3.3877475e-01   7.2561192e-02  -3.4653812e-01   1.9221765e-01  -8.4840907e-03  -8.5305754e-02  -1.7810303e-01  -2.8915158e-01  -1.7986030e-01  -2.0680495e-01  -1.3264235e-01   3.6302242e-01  -3.1747134e-01  -2.6965252e-01   2.0537898e-01   2.4422556e-01  -2.3822912e-01  -1.8644480e-01   1.9795827e-02   1.4006893e-02   1.8379497e-01  -1.0592377e-01   8.1289780e-01  -1.8134527e-01  -2.1468055e-01   3.7828406e-02   2.6838501e-01   1.4417006e-01   1.3158385e-01   4.6838646e-02  -1.1272129e-01   2.6383351e-02   3.1454434e-01  -3.0213543e-01   9.5994875e-02   5.3285799e-01   3.9493667e-01  -2.3909430e-01   1.1533909e-01  -3.9403207e-03  -2.6357649e-01   3.9348965e-01   2.1788396e-02  -3.0142422e-01   3.2034941e-03  -9.2099727e-03   5.0176472e-01  -1.6127059e-01  -3.8740655e-03  -3.5248442e-02  -1.5366500e-01   1.5341131e-01  -9.7392868e-02  -2.2701622e-01   5.1900097e-02  -6.6336364e-02  -2.4694744e-01   1.3470612e-01   9.2160283e-02   2.7797892e-01   1.1705131e-01   7.5701621e-02   2.8752315e-01   2.2154877e-01  -3.0457114e-01   1.3829684e-01  -1.9259482e-01  -6.5470058e-02  -2.3889054e-01  -4.1206944e-02   2.2544818e-01   8.8741937e-02  -2.9145833e-01   1.1434924e-01   3.3163329e-01   1.8972183e-01   2.1338559e-02   8.2586043e-02  -6.8479243e-02  -1.2101516e-01   4.6618916e-01  -1.2322433e-01
   8.3792403e-01  -1.2678946e-01  -1.2767882e-01  -1.5919936e-01  -3.4152239e-01  -2.1649194e-01  -3.7137207e-01   1.5690402e-02  -2.9908269e-01  -4.1124777e-01   1.9711485e-01  -2.4431753e-01   3.8652067e-02   0.0000000e+00   5.7793931e-01   3.9580159e-02   1.4045163e-01   3.6796374e-02  -3.7762706e-02  -2.0432373e-01  -3.1215371e-02   1.8326441e-02  -1.9469113e-02   7.7603574e-01   6.9729332e-03   1.7316879e-01  -2.9796600e-01   6.9639264e-01  -2.4573992e-01  -4.8181040e-01   6.0692646e-02  -2.9361896e-01  -5.7152005e-02  -3.9275690e-01  -1.3088045e-01  -1.2022322e-01  -3.1358089e-01   2.5994712e-01  -2.1390921e-01  -1.4656285e-01   9.3889854e-04   2.8498029e-01  -9.3366938e-02   8.1201946e-02  -1.0144702e-01   5.7166057e-01   2.7316175e-02  -3.8403026e-01  -8.5197994e-02  -2.6549336e-02  -8.2012311e-04   2.8237010e-02  -2.8231549e-01   9.9984037e-02   5.0260216e-01   3.8662704e-01   5.9725089e-02  -2.0678778e-01  -1.9525221e-01  -3.5229705e-01   1.3134603e-01  -4.8468692e-02  -1.5011979e-01   6.4523571e-02  -2.5065464e-01  -2.2680464e-01  -1.9588661e-01  -3.4917457e-02   1.0386744e-01   2.3814459e-01  -9.4206298e-02  -8.4736266e-02  -8.2726421e-03   6.7416791e-01   7.8424871e-02  -2.6379750e-01   3.6688809e-01  -1.7796693e-01  -2.6049495e-01  -1.0152084e-01   3.5602707e-01   1.9884637e-03   2.3429057e-01   2.0037546e-01   6.4154202e-01  -2.4546794e-01   2.2604310e-01   6.1032964e-01  -1.0899058e-01   7.6062865e-01  -2.0887642e-01   1.7387424e-01  -3.2160996e-01  -2.7117054e-01   4.5070752e-01  -1.2258917e-01   2.1192817e-02  -2.9763158e-01  -1.0099150e-01  -1.7822424e-01   6.7367231e-01   4.8394628e-01  -2.7773583e-02  -1.5999696e-01   1.3393650e-01  -1.9625554e-01   9.0885282e-02  -2.1129715e-01  -1.9005777e-02  -2.4698910e-01  -1.2517729e-01   1.9117045e-01   2.4428580e-02   7.7263801e-01   5.7856702e-01  -2.6975418e-01   7.4711825e-03   1.0280727e-01   2.6336065e-01  -1.5424604e-01   4.5471802e-01  -1.2004799e-01  -5.1617288e-02  -1.9762031e-01   6.2317141e-01   7.2937832e-01   8.9128563e-02   1.3438511e-01  -1.6511463e-01   2.0225529e-01  -1.7297103e-01  -1.8379296e-01   7.5612812e-01  -3.4791799e-01   3.9628388e-03  -1.2006125e-01   4.8388003e-02  -1.1062775e-01  -5.9985250e-02   3.3442139e-01   6.9726334e-01   1.4136604e-01   7.9191807e-02   6.2796776e-02   3.5535532e-02  -1.4554278e-01  -2.0528575e-01  -1.8391993e-01  -1.7569992e-01  -2.3241709e-01   7.2523688e-01   2.8245012e-01   4.6359417e-01  -2.5493957e-02  -2.1849675e-01   5.6233952e-01   5.3930781e-01   7.1255331e-02   1.5581682e-01   2.3976942e-01  -6.0241750e-02   7.3279864e-02  -2.0377596e-01  -1.2383278e-01  -4.3228050e-02  -2.2166857e-01   1.5296427e-01   4.0859727e-01   4.9690266e-01  -5.0993332e-02  -3.6382758e-01   3.2684695e-01  -1.4879363e-01  -1.9858332e-01   2.3297273e-02   1.3114065e-01   1.1668966e-01
