   0.0000000e+00  -2.1435680e-01   1.4944711e-01  -4.1332034e-02  -2.3121794e-01   3.2498098e-02  -3.2638650e-01  -3.8922600e-02  -2.4420828e-01   1.1528966e-01  -1.7860631e-01  -2.8673696e-01  -1.9740323e-01   2.8774963e-01  -1.0030839e-01  -5.4804277e-02   1.0403958e-01   3.3452426e-01   2.7470354e-01  -8.5796809e-02  -2.2853411e-02   2.6227211e-01  -2.4985878e-01   5.0091159e-01  -8.9234532e-02  -5.9572516e-02   1.8645039e-01   5.7972580e-01  -3.5163725e-01   2.0073890e-01   6.8580617e-03  -1.6636557e-01   2.2449968e-01  -2.2638030e-01  -2.7505260e-01  -2.3989894e-01  -1.1454159e-01   5.6305184e-01  -1.4964698e-01  -3.2856216e-01   9.6941746e-02   2.8767438e-01  -3.0275063e-01   1.6866980e-02   8.7129781e-02   4.9600227e-01   2.9454481e-01  -5.5395530e-02  -5.0310384e-02  -1.0868397e-01   1.8422744e-01  -2.4863383e-01  -3.4948069e-03   7.8373371e-02   5.7818634e-01   2.3292888e-01  -3.5775254e-01  -9.5003358e-02   1.9262357e-01  -5.4953514e-02   4.2047583e-01  -2.8709002e-01  -1.8946070e-01  -8.5739959e-02  -1.5069641e-01   4.0942482e-01   3.5183688e-02   8.0235154e-03  -7.5112478e-03   3.9123264e-01  -3.4297627e-01   1.5327171e-01  -2.2771215e-01  -1.1621364e-01  -7.3248738e-02  -3.6057242e-01   5.7432077e-01  -1.7704194e-01  -2.3922083e-01   1.2626418e-01   4.5952651e-02  -1.3668466e-01  -2.3541495e-01   9.3990106e-02   1.8030347e-01  -4.1815924e-01  -1.8401022e-01   4.0186545e-01   1.5200928e-01   8.1820506e-01  -1.6388655e-01   4.5277974e-01  -1.8807756e-01  -2.8055944e-01   6.2200118e-01  -8.7839546e-02   1.4870506e-01  -1.9470651e-01   5.0311822e-02  -2.1963892e-01   1.7106284e-01   1.2121272e-01   5.4642619e-02  -9.7057366e-04  -4.1732307e-03  -8.6054489e-02   9.0175833e-03  -2.1544121e-02  -2.1924868e-01   1.1134333e-01  -2.9216644e-01   1.3518366e-01   2.4511937e-01   8.2614115e-01   2.9600186e-01  -1.4147627e-01  -1.0629107e-01  -2.0449725e-01   3.2014657e-01   4.4124930e-02   6.9908773e-01  -2.1478761e-01  -2.3078008e-01  -1.0966281e-01   4.8458592e-01   4.0417324e-02   1.2281635e-01   2.4348488e-01  -1.4179928e-01   3.9570785e-01  -7.5214821e-02  -2.3144558e-01  -6.0977865e-02  -3.9983068e-01  -3.3375996e-01  -1.8159820e-01   8.9031935e-02   1.9113733e-01  -9.5644568e-02   7.4428680e-01   6.3015947e-01   4.9736046e-02   7.5836412e-02   3.6153205e-01  -2.3967978e-01  -2.5080708e-01  -4.6086834e-01   7.3071374e-02   1.3223027e-01  -1.9578610e-01   4.2828135e-01   1.1362768e-01   3.9076773e-01  -3.2446091e-01  -3.6270959e-01   5.9918966e-01   7.5679696e-01  -8.4916545e-02   5.8012462e-01   1.2083396e-02  -2.5784349e-01  -3.4931781e-02   1.4118248e-01   1.5497887e-01  -1.7966217e-01  -2.4053736e-01  -2.6916591e-01   4.0843366e-01   7.1355944e-01  -3.6929489e-01  -1.6269888e-01   3.1506573e-01   7.3154688e-02  -2.7534470e-02  -1.3066127e-02  -1.1049026e-01  -3.3460254e-02
  -2.1435680e-01   0.0000000e+00  -2.6887413e-01  -3.1214956e-01   3.0933129e-01  -1.4566559e-01   2.8544456e-01  -1.1552198e-01  -2.2493963e-01  -1.1531007e-02  -1.2337640e-01   1.9846462e-01  -9.1714451e-02   1.8982521e-01   8.1708494e-02   1.7906874e-01  -1.1918366e-01  -4.9291359e-01  -2.6439880e-01   3.5166833e-01  -3.8812318e-01  -3.5421377e-01   3.3808233e-01  -3.9640040e-01  -5.5435333e-02   1.2900437e-01  -3.9923648e-02  -1.7610989e-01   8.4532864e-02  -2.5173240e-01   1.4147549e-01  -1.3224173e-01  -1.9819361e-01   5.2540452e-01   6.5348282e-01   4.2581434e-01   3.4887902e-01  -2.0072525e-01   1.8889010e-01   3.7448606e-01  -5.7037110e-02  -1.4803731e-01   9.9442972e-02  -7.7318497e-02  -8.7288833e-02  -3.9215738e-01  -5.1076754e-01   2.0192685e-01   2.3529906e-01   2.5402284e-01  -5.1295614e-01  -5.0702397e-02   3.7170999e-01   2.1963046e-01  -2.2271103e-01  -1.4420539e-01   1.6791687e-01  -3.9092642e-01  -1.1960058e-02  -2.9691658e-01  -3.8409615e-01   4.8448785e-01  -9.1766965e-02   6.0791071e-02   8.8286900e-02  -3.4726705e-01  -1.7796491e-01   1.1013636e-01  -1.7743651e-01  -4.8868005e-01   6.4635106e-01  -3.4482906e-01   2.2505872e-01  -2.8809906e-01   2.3023632e-01   9.0377381e-02  -2.8029156e-01   1.2417165e-02   7.0658110e-01  -2.1639053e-01   9.3231414e-02   3.3426661e-01   1.6159226e-01   8.0821353e-04   3.1900744e-01   8.6526744e-02   5.5712039e-01  -2.5416700e-01  -4.5857550e-02  -2.7238357e-01   5.4613372e-01  -3.1179820e-01   2.6594226e-01  -2.2249650e-01  -2.0074971e-01   2.5074379e-01  -2.9958049e-01   6.9144782e-02  -1.5974529e-01   3.4477364e-01  -3.9850971e-02  -9.1691064e-02  -9.9048796e-02  -1.9656944e-01  -3.6133998e-01   9.5690061e-02   2.0063756e-01   4.3145236e-02   5.8558555e-01  -3.9238961e-01   3.7061967e-01  -4.4784236e-01  -3.9982254e-01  -3.5131964e-01  -2.6235629e-01   5.6246279e-01   2.3777543e-02   2.2106626e-01  -1.8254868e-01  -3.4004079e-01  -2.7622594e-01   4.5569664e-01   2.1057429e-01   2.1371769e-01  -3.2361180e-01   3.7332150e-01  -7.0576195e-03  -4.6391339e-02  -3.5918756e-01  -4.6995971e-01   1.5817451e-01   2.4398167e-01   4.7265228e-01   1.7313394e-01  -2.3185584e-01   2.0298091e-02  -2.0760998e-02   2.5010541e-02  -1.2302263e-01  -2.5695670e-01  -4.5668886e-01   5.1129038e-02  -2.3079580e-01  -4.5276175e-01   2.2615554e-01   1.9090279e-01   2.8870571e-01   1.7896996e-01   1.6127012e-01  -1.7724294e-02  -3.9329188e-01  -1.4423573e-01  -2.5416320e-02   2.7850407e-01   2.7408213e-01  -2.0023587e-01  -3.5493542e-01  -1.3085698e-01  -3.4689900e-01  -1.3383096e-01   1.1551106e-01  -2.8904100e-01  -4.0050637e-01  -3.4788613e-01  -2.2860222e-01   5.3829185e-01   2.4765950e-01  -2.7518947e-01  -1.2174469e-01   5.4075461e-01   5.7917080e-01  -2.7874948e-01  -3.9009597e-01  -3.6692079e-02   1.4347097e-02   1.2741912e-01   8.6768974e-02
   1.4944711e-01  -2.6887413e-01   0.0000000e+00   1.2582983e-01  -7.1774173e-02   7.3189643e-02   1.6681662e-01  -2.1708438e-01   1.5489626e-01   1.7875062e-01   3.5177170e-02   4.4253999e-01  -2.3590916e-01  -2.8237853e-01   9.4860589e-02   1.1887408e-01   7.7274683e-01   9.5549249e-03   2.2883262e-01  -1.0081006e-01  -2.0122052e-01   1.7687252e-01  -1.9634738e-02   2.5473816e-01  -1.2858934e-01  -1.7479784e-01  -4.3409603e-02   3.4115574e-01   1.5605920e-01  -3.1630542e-02  -1.3161733e-01   2.2346675e-01   1.2353736e-01   4.1883741e-02  -2.5206276e-01  -2.3996553e-01  -1.8150626e-01   2.6083764e-01  -8.8016599e-02   1.4297246e-01  -2.1988440e-01   2.6947303e-01   5.5145153e-02  -1.2672861e-01   1.0500657e-01   4.9214481e-01   4.4933153e-02  -2.6792335e-01  -2.5408642e-01   3.3250149e-01   1.6156950e-01  -2.5252227e-01  -6.2003144e-02   4.0589706e-03   5.4737875e-02   2.4948192e-01  -1.2415706e-01   4.0770927e-01  -1.7776412e-01   5.2822562e-01   5.3123157e-01  -3.5951210e-01  -4.7390295e-02  -6.1925533e-02  -4.3545323e-03   1.3543162e-01  -3.9582165e-02  -2.3928833e-01  -1.8735443e-01   6.9426021e-01  -2.5035841e-01   5.0223346e-02  -2.1482113e-01   5.6323258e-01  -1.1771272e-01  -1.8743323e-01   4.7673839e-01  -1.3956381e-01  -2.5036931e-01   1.3287601e-02  -1.5972869e-02  -2.0337099e-01  -2.0633570e-01  -3.3414285e-01   9.4082778e-02  -5.1879301e-02  -2.1704805e-01   3.8936298e-02  -2.2070683e-01   8.6154696e-02  -2.4513100e-01   4.7658517e-01   9.7615397e-02   2.0851470e-01   3.9802370e-01  -4.1552770e-02  -8.9640014e-02  -2.8239946e-01   1.2876902e-02  -2.4169322e-01   2.2062246e-01   3.6774978e-02  -2.6117318e-01   3.3624025e-01   3.1857845e-01  -1.8258348e-01  -3.3813910e-02  -3.1468460e-01  -1.2278111e-01  -6.3907474e-02   7.3579904e-02   2.6477191e-01   4.6789644e-02   2.4195027e-01   4.7686422e-01  -1.0754376e-01  -2.1695743e-01  -3.5113551e-01   2.5740897e-01   1.4856917e-01   2.3052442e-01   2.6390531e-02  -2.8988814e-02  -4.1290551e-02   5.3332331e-01  -1.3721441e-01   6.3749891e-02  -1.6144550e-01   2.0924700e-01   6.0465407e-01  -1.6057137e-01  -3.8666132e-02   5.4752236e-02  -4.0584444e-01   2.7356717e-01  -1.0227252e-01  -9.0598760e-02  -3.6042512e-02  -1.7909754e-01   1.2888685e-01   2.9605725e-01  -1.2707004e-01   5.6874497e-02   5.0428273e-01  -5.1624009e-02  -3.8598679e-01   2.3265121e-01  -2.1518386e-01  -8.0855757e-02  -1.9517284e-01   5.8724345e-01  -3.2270646e-01  -3.0658040e-02  -2.5872185e-03   3.1202762e-01  -3.6670281e-02   2.7214556e-01   2.9270394e-01   3.6052114e-01  -4.7311117e-02  -6.7733253e-02  -2.0328093e-02  -8.7156816e-02   2.5870701e-02   4.2587589e-01  -6.0940502e-02   9.0568787e-02   7.0129478e-02   3.0047984e-02  -7.3508521e-02  -2.2578389e-01   3.5630965e-01   6.1645564e-03   1.2534327e-02   5.6560493e-02  -3.4436184e-01   2.0282322e-02
  -4.1332034e-02  -3.1214956e-01   1.2582983e-01   0.0000000e+00  -3.8164908e-02   2.0117843e-01  -7.9726187e-02   1.9803754e-01   3.2544795e-01  -2.4980308e-01   2.6601103e-01  -1.8808033e-01  -2.0808795e-02  -1.9754794e-01  -1.7369900e-01  -1.0922087e-01  -1.8771358e-02   3.2021822e-01   2.8293888e-01  -1.4950791e-01   2.6198502e-01   5.4591127e-01  -2.0369618e-01   1.8198119e-01   3.5131745e-01  -1.0701741e-01   2.0698712e-01  -2.3537343e-02   1.5255756e-01   4.5784127e-01  -5.6956734e-02   4.2196319e-01   1.3564465e-01  -4.7310297e-01  -3.0458691e-01  -7.5031055e-02  -9.1538411e-02  -7.5779876e-02  -1.8145262e-01  -1.8913167e-01   1.1152192e-01   4.5733220e-02   2.5806769e-01  -1.9789893e-01   2.1985911e-01   2.7695305e-01   4.7655266e-01  -2.4844232e-03   4.3937548e-02  -2.1971137e-01   5.8998011e-01   5.1364468e-02  -2.3784844e-01  -2.4326669e-01  -1.5461470e-02  -5.2086556e-02  -1.5848836e-01   4.8766107e-01   4.0915626e-01   1.6293669e-01   7.9930012e-02  -2.7687413e-01   2.1168936e-01  -9.5892342e-02  -3.4319683e-02   3.1079250e-01   2.0221994e-01   1.8265885e-01   3.7213917e-01   3.5088017e-01  -3.1753168e-01   6.1235476e-01  -3.9154049e-03   3.7967787e-02  -1.7535080e-01   1.7671346e-01  -4.0559192e-03   2.9344772e-01  -4.7205380e-01   2.6394127e-01  -5.0490016e-02   8.1780733e-02  -2.3042631e-01  -1.7409852e-02  -1.3827824e-01   1.5913456e-01  -3.6443905e-01   2.1191672e-01  -2.1436148e-01   1.4622195e-01  -2.8972330e-01   1.0921965e-01  -3.4069545e-01   3.2191147e-01  -1.6909351e-01  -3.0647588e-01   4.8924634e-01   2.5070026e-02   4.3872351e-01  -1.9252350e-01   1.8289448e-01   9.4642564e-02   3.9827050e-01   3.8995120e-01   4.5294663e-01   4.0760177e-01  -1.7371900e-01  -4.7283752e-03  -3.8816140e-01   1.5891113e-01  -4.4528186e-01   4.1358287e-01   7.2614534e-01   1.4459396e-01   4.5612469e-02  -3.1107849e-01  -5.0445033e-02   1.5548282e-03   2.7359208e-02   7.4498638e-01  -3.4463138e-02  -4.5897900e-01  -3.1914846e-01  -1.8086947e-01   2.2104115e-01  -3.6534405e-01   8.0754329e-02  -3.1517934e-01   6.9740296e-01   3.9214453e-01  -4.3783027e-01  -9.0674119e-02  -1.2312517e-01  -1.7488043e-01   4.6857413e-01   3.2507789e-01  -3.2310553e-02   6.3492601e-02   3.5995163e-01  -9.6253277e-02   2.0776126e-01  -4.0158462e-01   3.3091043e-01   1.8711290e-01  -1.8098958e-01   2.2655957e-01  -2.4594628e-01  -6.5090697e-02  -1.1957426e-01  -1.9937377e-01   1.9279796e-01   1.9372100e-01  -1.4375923e-01  -5.3074869e-02  -8.5669487e-02  -9.3216308e-03  -4.9439039e-02   2.4409341e-01   1.4706744e-01   3.3907440e-01   7.0852591e-02   2.5680170e-01   1.4542652e-02   5.5535966e-01   3.0273759e-01  -3.2305076e-01  -1.4941819e-02   2.8283376e-01   2.9408116e-02  -3.1441805e-01  -3.5893547e-01  -1.3018194e-01   5.5646963e-01  -2.7403370e-01   9.7625222e-02  -6.1453128e-02   4.0738085e-01
  -2.3121794e-01   3.0933129e-01  -7.1774173e-02  -3.8164908e-02   0.0000000e+00  -4.5637153e-02   1.9514962e-01  -2.5618932e-02   1.1757181e-01   1.9331102e-01   3.9363823e-02   2.5782645e-01   3.0201615e-02  -1.8888862e-01  -5.0826138e-02  -7.6229014e-02  -9.3575500e-02  -2.1198164e-02   5.1163231e-02   6.7406895e-01   4.9086102e-02   4.8262894e-02   9.1804713e-02   3.1794843e-02   3.5488662e-03  -2.7493879e-02   1.6986469e-02  -1.7995013e-01  -3.7958640e-02   1.5191857e-01   1.9228919e-01   1.4475493e-01  -2.7089147e-01   9.9964453e-02   9.8546379e-02   3.2052023e-01   2.4923282e-01  -1.9779717e-01  -1.2540393e-01   2.5687920e-01   1.8952464e-01  -3.6711518e-01   3.5696113e-01  -1.7816944e-01   2.1188060e-01  -1.5472341e-01  -2.5822620e-02   1.9463796e-01   1.0758348e-01  -1.0323339e-01   1.8718971e-02   4.1956648e-02   3.4469771e-01  -3.4536767e-01  -2.7324276e-01  -7.4934810e-02   1.6866418e-01   9.8572144e-03   8.8165048e-03   1.5542689e-01  -3.5535291e-01   2.1000649e-01  -4.5907921e-02   1.3023220e-01   3.5600921e-01   6.6657577e-02  -5.8821328e-02  -1.9183768e-01  -1.1600772e-01  -1.0442368e-02   1.3233399e-02   3.4294353e-02   4.7002229e-01   1.1309109e-01  -1.6508875e-01   2.6357410e-01  -2.3634942e-01   2.0685142e-01   3.0518275e-01  -4.8670194e-02  -1.0193097e-01   2.8086085e-01  -1.1205296e-02  -6.8858519e-02  -1.5712493e-01   8.5607786e-02  -9.2326184e-02   7.7472555e-02  -1.2080946e-01  -1.3150003e-01   4.0168245e-01  -2.6882002e-01   1.3699312e-02   2.6503646e-01  -2.3686009e-01   6.7173168e-01   5.8071425e-02   1.6645557e-02   1.2874372e-01   2.6839368e-01   2.0813128e-02   8.3240875e-02   2.5516879e-01   5.7128722e-02   3.2121492e-02  -3.1400192e-02  -2.3118228e-01  -2.2612852e-02   5.1917331e-04   1.2072229e-01  -4.9041973e-02   4.2972567e-02  -2.0149454e-01  -1.3879758e-01   4.8568879e-02   3.4415994e-01   1.0322668e-01   2.6438962e-01  -2.0630469e-01  -3.7193031e-02  -1.8715716e-01   4.6021554e-01  -6.7310567e-02   3.0374905e-01  -5.1467380e-02  -1.3687862e-01   2.3805998e-01  -3.3261308e-01   1.9790980e-02   2.8101424e-02  -2.9293135e-01   3.2906179e-01   5.4281854e-02   3.9047848e-02   8.1843644e-02   1.9854891e-01  -8.7572962e-02  -1.6469630e-01   8.4184875e-02  -1.6845186e-01  -6.0877829e-02   8.6990444e-02  -1.2530947e-01  -2.0403044e-01   9.5980717e-02   2.5721155e-01   4.5153454e-02   3.0096164e-01   5.2381487e-02   1.4037523e-01  -4.3407891e-02   3.3502443e-02   3.6205628e-03   2.5577330e-01   3.0955087e-01  -1.2330653e-01  -2.6341395e-01   2.4873887e-01  -2.8128106e-01   1.3807386e-01   1.7035455e-01   1.3973933e-01   2.3416804e-01   9.5340096e-02   8.3560085e-02   1.9914965e-01   3.3144110e-01  -1.3551725e-01  -2.7283242e-01   3.3294567e-01   3.8463373e-01  -1.7877079e-01   1.6194753e-01  -2.1232116e-01   1.0935562e-01  -1.1543661e-01  -2.6528306e-02
   3.2498098e-02  -1.4566559e-01   7.3189643e-02   2.0117843e-01  -4.5637153e-02   0.0000000e+00  -1.2680512e-01   2.4375042e-01  -1.8360036e-02  -1.9278064e-01   2.4844766e-01  -2.6911119e-01  -7.8590891e-02  -2.8082978e-01   2.4677820e-01  -2.7848940e-01  -4.8556990e-02   4.1750050e-01   3.6491344e-01  -5.7144925e-02   2.3204468e-01   3.6692895e-01  -2.3048936e-01  -2.9714456e-02   5.4729791e-02   2.6875354e-01   4.0777522e-01   3.9214311e-01  -2.9441119e-01   5.1819199e-01   4.0156104e-01   1.4459708e-01  -2.7575624e-01  -2.6591822e-01  -3.5067153e-01   2.2223590e-01  -7.0100776e-03  -2.0109117e-01  -2.8340625e-01  -2.6150887e-01   4.7692009e-02  -1.2551695e-01   7.0747841e-02  -1.1485897e-01   2.3530966e-01   3.6363443e-01   5.1318051e-01   2.4811409e-01   2.4118625e-01  -3.5070280e-01   3.0497656e-01   2.1530226e-01   1.5371032e-01  -3.5824755e-01  -2.4151843e-03   6.7152377e-02   4.1087069e-01   6.4118543e-02   3.7520195e-01   4.2461651e-02   8.8288792e-02   3.9770909e-02   2.6020679e-01   8.1145821e-02   2.0113685e-01   5.1346065e-01   8.1818328e-01  -1.2738370e-02   5.8721666e-01   2.6153535e-01  -2.6581415e-01   3.2873711e-01  -1.1364535e-01  -5.5158999e-02  -1.4063970e-01   1.9195359e-01   2.9345009e-02   8.7507063e-02   2.1303730e-02  -3.2406675e-01   4.3498110e-01  -7.6363418e-02  -1.0538249e-01   3.0418711e-01  -1.3053450e-01   4.6146670e-02  -2.6175114e-01  -7.4633393e-03   1.2235200e-01   9.2116331e-02   8.0346367e-02   1.3710280e-01  -1.9603364e-01   1.7787113e-01  -1.3528536e-01  -2.3485838e-01   1.4519861e-01   3.5256593e-01   1.4317071e-01  -4.4005914e-01   3.3946219e-02   3.4357027e-01   3.9459459e-01   3.8909161e-01   3.2432214e-01   3.3208405e-01  -1.6766532e-01   5.2226967e-01  -2.8939447e-01   3.5043594e-01  -2.9562597e-01   2.5685857e-01   2.2057443e-01   5.8784913e-02  -6.3090761e-02  -1.6477800e-01   4.8319864e-02   1.3578741e-01   4.6755456e-01   1.9509221e-01   1.5268461e-02  -1.0825538e-01  -1.7665498e-01   1.7182291e-02   2.5965612e-01  -3.2100630e-01   2.7729599e-01  -1.0752760e-01   1.8717211e-01   2.7656103e-01  -1.7795227e-01  -1.3349054e-01  -1.0275541e-01   8.3985896e-02   2.9224255e-01   4.1474262e-01  -5.0108673e-01   2.6887061e-01   4.3080237e-01  -1.5663102e-01   7.5741794e-02  -1.0311117e-02   4.7752727e-01   2.6461838e-01   2.1775267e-02   8.8613144e-02  -4.1292139e-01   4.5334007e-01   3.7956759e-01   3.7283955e-02   6.8355653e-02   4.5148921e-01   9.4780476e-02  -5.0680525e-02  -1.0212831e-01  -1.3794675e-01   5.4282614e-02   6.6670485e-02   6.2854199e-02   4.6676143e-01   1.3035065e-01   4.4658404e-01   6.7942047e-02   5.1982118e-01   2.5021149e-03  -3.4654375e-01   7.6938910e-02   5.7973605e-01  -1.5179607e-01  -3.0627934e-01  -3.5593044e-02  -2.8733107e-01   2.9920058e-01   5.1472419e-01  -6.8240999e-02  -2.0920776e-01   2.5217084e-01
  -3.2638650e-01   2.8544456e-01   1.6681662e-01  -7.9726187e-02   1.9514962e-01  -1.2680512e-01   0.0000000e+00  -1.9316387e-01   1.7225007e-01  -7.5257174e-03   8.5089766e-02   6.4218013e-01  -1.6780565e-01   1.8773436e-01   2.8909585e-01   2.7452037e-01   3.6826605e-02  -2.6168026e-01  -2.8237154e-01   1.5589686e-01   8.3842568e-02  -9.8110570e-02   6.2820752e-01  -2.4731358e-01  -2.5172020e-01  -7.2464939e-02  -8.1931008e-02  -3.5504889e-02   2.0575987e-01  -3.9226964e-02   1.2751558e-01   2.2078900e-01  -2.1877281e-01   4.2863090e-01   3.3405018e-01   1.4248713e-01   1.6351966e-01  -2.0055660e-01   1.9665191e-01   2.0181457e-01  -1.7833137e-01  -2.3739697e-01   1.4477737e-01   5.0444335e-02   2.8948855e-01  -2.1633790e-01  -4.2485938e-01   4.5294305e-01  -1.4824784e-01   1.1054230e-01  -1.0164592e-01  -4.6797423e-02   1.7626848e-01  -6.1814369e-02  -2.2514745e-02   1.3193857e-01  -4.5791335e-02   2.8753336e-01  -3.0688934e-01   3.0665745e-01  -1.7401769e-01   1.2686217e-01  -1.6103697e-01   2.6508749e-01   2.6386642e-01  -2.8928156e-01  -2.4342252e-01  -2.9330861e-01  -2.8244355e-01  -6.1438366e-02   5.3138914e-01  -1.7264600e-01   1.5801951e-01   1.5268612e-01  -1.1242735e-01   7.6453141e-02  -1.1472732e-01   3.2982092e-01   3.3848629e-02   2.5338140e-03   3.8494508e-01  -1.2495037e-01   3.6675183e-01  -2.4291998e-01   8.7832241e-02   1.1908659e-01   5.2004688e-01  -1.4595044e-01  -4.3294964e-01  -3.6701810e-01  -9.2282187e-02  -2.8678735e-01   2.4931338e-01   1.9114615e-01  -1.4237399e-01  -4.1341448e-02  -3.9168152e-01  -1.7214227e-01  -1.8186258e-01   3.8907755e-01   2.4541952e-01   7.2058823e-02   1.3939354e-03   1.9808297e-02   2.0701364e-01  -1.4911689e-01  -2.7378214e-01  -2.1289626e-01   3.5170917e-01  -3.6120854e-01   4.8271513e-01   1.7340672e-01  -2.8168298e-01  -2.4419585e-01   3.5630656e-01   3.6633216e-01   1.0255475e-01  -6.2124659e-02  -6.1645309e-02   3.0577507e-02  -3.1091326e-01   5.8152241e-02  -1.0935778e-01   2.5457307e-01  -7.1794819e-02   1.8387466e-01   1.4079215e-01  -4.4635890e-01   6.8472812e-02  -1.1660002e-01  -4.2401399e-02   5.3898615e-01  -1.4703605e-02   3.1780998e-01   1.6162330e-01  -3.9386499e-02  -8.8348560e-02   2.9363133e-01  -1.1065535e-01  -2.4721693e-01  -1.6574419e-01  -1.9891899e-01  -7.2392615e-02  -1.7472474e-01   5.9082234e-01   3.3011816e-01   7.3746987e-01  -1.4852305e-01  -4.6248004e-02   2.5296408e-01   1.4105577e-01  -1.0998194e-01  -3.4379884e-01   2.6420014e-01   5.1448935e-01  -4.2812913e-01  -3.5652186e-01   9.1419000e-02  -3.6339033e-01   3.7837785e-01  -2.7600230e-02   2.9523244e-02  -1.8629833e-02  -1.4907694e-01   3.4214576e-01   5.5794666e-01   4.4600646e-01  -2.1665446e-01  -2.3396961e-01   4.2554324e-01   2.5942108e-01  -1.5736085e-01  -1.3359200e-01  -1.7860233e-01  -1.3663911e-01  -4.0747908e-01   1.7656969e-02
  -3.8922600e-02  -1.1552198e-01  -2.1708438e-01   1.9803754e-01  -2.5618932e-02   2.4375042e-01  -1.9316387e-01   0.0000000e+00   3.1432068e-01  -1.6736169e-01   1.9693079e-01  -2.4293450e-01  -8.3231118e-02  -1.4726677e-01   8.4281360e-02  -2.9919559e-01  -3.4987120e-01   1.3984740e-01   2.1059723e-01  -5.3613876e-02   2.5042423e-01   2.6597163e-01  -2.6282104e-01   7.2523082e-02   3.2146979e-01   6.3526751e-01   9.2172790e-02  -8.7984876e-02  -1.1069924e-01   1.9679715e-01   2.2820128e-01   3.2403469e-01  -3.0253729e-01  -1.5764392e-01  -8.3485088e-02  -6.9924038e-02   1.4992286e-01  -4.3910357e-01  -2.0579748e-01  -2.2713452e-01   1.7065384e-01  -3.1464460e-01   1.1896278e-01   4.1600879e-01  -1.4901434e-02   1.7558280e-01   1.9638697e-01  -1.4377925e-02   1.1379653e-01  -4.1638326e-01   1.7572280e-01   6.7986322e-01   9.9942085e-03  -3.1527070e-01  -9.3533350e-02   1.6945622e-01   2.5883797e-01   1.3287294e-01   1.9200067e-01  -9.4170693e-02  -1.9702537e-01  -1.5432951e-01   4.0554183e-01   1.0146799e-01  -2.3430666e-02   9.8514212e-02   2.3539657e-01   1.3776224e-01   6.2497420e-01   5.7276221e-03  -1.0188267e-01   1.9777396e-01   2.5105741e-01  -1.4155411e-01  -3.0949967e-02   6.2197447e-01  -3.3969418e-01   2.7777441e-01   8.2315112e-02   7.1867118e-02   2.3623650e-01  -6.5865211e-02   5.8648384e-02   7.2230583e-01  -3.2834300e-01   5.3791746e-01  -7.9344947e-02  -8.9919249e-02   2.3702726e-01  -2.8713137e-02   1.0619032e-01  -2.1135804e-01  -1.5842728e-01   2.6943211e-01  -4.2656167e-01  -1.7133279e-01   2.3196761e-01   5.4710785e-01   9.2149653e-02  -1.3984237e-01  -1.8752595e-01   4.5512383e-01   4.5291616e-01   1.6874950e-01   2.9673660e-01   3.6250050e-01  -2.8221173e-01   6.9798281e-01  -2.5761198e-01   1.6906500e-01  -2.9237964e-01   1.9005279e-01   2.8049644e-01  -1.4020058e-01  -1.9263370e-01   1.6364850e-01   2.8176520e-01   7.0651685e-02  -1.7551580e-01  -6.1404831e-02  -1.5169293e-01  -2.0144192e-01  -1.1814224e-01   3.7163736e-02   4.8709576e-02  -2.9727515e-01   2.9439014e-02   7.5443403e-02   3.3212768e-01  -2.5011169e-03  -1.5097504e-01   9.0124968e-02  -1.9029998e-01  -1.9917107e-02   2.4694468e-01   7.9753628e-01  -1.2884862e-01  -5.1061674e-02   7.4064499e-01  -1.4360463e-01  -2.0191625e-02  -1.0416427e-01   2.3236675e-01  -2.5592407e-01  -2.0741821e-01   3.5530485e-01  -2.2994141e-01   7.6151430e-02  -3.8641979e-02   2.3198580e-01  -1.5021715e-01   5.7120537e-01  -2.3494317e-01  -2.0245961e-01  -3.6403861e-01  -1.2978820e-01  -1.5373688e-01   3.1996813e-02  -2.3558548e-01   3.3122068e-01   1.4992882e-01   3.8376812e-01   2.3455464e-02   3.7098438e-01   1.3336689e-01  -9.0216434e-02  -1.4747691e-01   1.9382961e-01  -2.2647133e-01  -3.3926403e-02   5.5036747e-03  -4.6218098e-01   1.8736612e-01  -9.7279606e-02   8.8701676e-02  -2.4428927e-02   6.9338800e-02
  -2.4420828e-01  -2.2493963e-01   1.5489626e-01   3.2544795e-01   1.1757181e-01  -1.8360036e-02   1.7225007e-01   3.1432068e-01   0.0000000e+00  -2.0606375e-01   4.4203656e-01   2.4493311e-01  -1.0207820e-01  -1.0430338e-01  -1.2582973e-01  -2.7129045e-01  -6.6056481e-02  -1.6881293e-01   1.0249933e-01  -1.1508155e-01   1.6949213e-01   2.1084547e-01  -8.9429270e-02   1.2828179e-01   1.0467733e-01   1.7338262e-01  -1.8441366e-01  -3.2145534e-01   1.8830457e-01   1.8713467e-01   4.9500038e-02   3.5741810e-01  -2.3529750e-01  -7.0038097e-02  -9.8908256e-02  -2.6628211e-01  -2.8719919e-01  -2.5991256e-01  -3.2967114e-01   3.2714038e-02  -1.5447792e-01  -3.3100303e-01   6.1512582e-01   2.8962357e-01   6.8338900e-03   8.8363555e-02  -2.8596058e-02  -1.0836623e-02  -2.2671545e-01  -1.5891262e-01   7.8205052e-02   3.5306431e-01  -9.4989875e-02  -3.4199533e-01  -1.7572765e-01   1.7481689e-01   7.7326895e-02   4.3976436e-01  -1.0203112e-01   4.8737542e-01  -5.6565624e-02  -2.4324326e-01   5.0788628e-01   3.2040458e-01   7.8897451e-02  -9.0069506e-02  -9.9112260e-02  -2.5377756e-01   2.0804048e-01   2.2800404e-01  -6.9141360e-02   1.7204894e-01   8.5698951e-02   4.2870202e-01  -3.6527523e-01   4.6079543e-01  -1.8466628e-01   3.7614282e-01  -1.6797672e-01   2.1897897e-01  -2.2702917e-02  -7.4816806e-02   1.5717344e-01   8.2222427e-02  -3.0951312e-01   5.6627072e-01  -7.9985442e-02   1.1319408e-01  -2.0367882e-02  -1.0550241e-01  -1.8401236e-01  -3.5404899e-02   2.4631526e-02   8.1843138e-01  -2.5327361e-01  -4.0973238e-02   1.0062012e-01   2.5930217e-01   2.0875736e-01  -1.3281253e-01   8.6801244e-02   3.3424535e-01   1.9611800e-01   4.2449065e-01   3.1591862e-01  -1.7099845e-03  -3.3410668e-01   2.0395118e-01  -4.2512451e-01   1.5480842e-02  -4.1898755e-02   4.2505966e-01   1.8477886e-01  -1.0883748e-01   2.0954999e-01   2.5469536e-01   2.8770227e-01  -1.6497461e-01  -2.9685770e-01   1.8501112e-01  -1.7473938e-01  -1.3203294e-01  -1.9742269e-01   1.2441495e-01   1.7323445e-01  -1.8560067e-01  -1.4629250e-02  -3.4408853e-01   4.4280073e-01   1.2487895e-01  -4.5072971e-01   4.4146109e-01  -2.8329971e-02  -1.0728088e-01   6.9928900e-01   4.1185497e-01   1.0561484e-01  -1.9127481e-01   4.0293636e-01  -2.5468614e-01   1.1156199e-01  -4.6505975e-01   1.5338934e-01  -5.7833912e-02  -1.0186625e-01   1.4243458e-01   1.8703452e-01  -1.1310671e-01  -2.1748567e-01   7.4430697e-02   1.8658445e-01   1.1656577e-01  -2.0111422e-01   2.4590603e-01   1.1251438e-01  -1.7285482e-01  -2.3593198e-01   7.1400339e-02  -2.2424996e-01   2.6702168e-01   4.9537441e-02   3.7396726e-01   7.8111225e-02   1.3613343e-01   4.5135770e-01   1.1876502e-01   2.3938049e-01  -1.3242197e-01  -3.5084051e-01   1.2332239e-01  -1.3138597e-02  -1.6390621e-01   3.7197302e-01  -2.7708140e-01   4.8798483e-02  -2.4508239e-01  -2.2623077e-02
   1.1528966e-01  -1.1531007e-02   1.7875062e-01  -2.4980308e-01   1.9331102e-01  -1.9278064e-01  -7.5257174e-03  -1.6736169e-01  -2.0606375e-01   0.0000000e+00   4.6578209e-02   1.1432500e-01   2.4791609e-02  -2.7731376e-01   4.4096311e-02   1.9889041e-01   4.1381618e-01   1.2618904e-01   1.8959722e-02   4.2022342e-01  -6.2157661e-02  -2.1651431e-01   2.1938588e-01   1.4126077e-01  -3.2122581e-02   2.0269469e-02  -2.2490454e-01   2.9750532e-02  -3.0725694e-01  -2.1593144e-01  -4.2116137e-02  -9.8944113e-02   1.1474834e-01   1.6063308e-01   8.8457719e-02   4.1739085e-02   3.3496210e-01   1.1638792e-01   9.7103774e-02   3.1070143e-01   3.6220192e-01   2.9130605e-01  -6.5853764e-02   4.9173404e-02  -2.6837910e-02  -1.6309427e-01  -4.4189406e-02  -2.2066006e-01   1.9389405e-02   2.4529055e-01   6.8475086e-02  -1.5878564e-03   1.0541823e-01   2.4186247e-01  -1.1070137e-01   1.6024947e-01  -9.4297916e-02  -2.0288834e-01  -1.0384446e-01  -6.3542401e-02   3.0129951e-01   1.8406701e-02  -2.3878510e-01  -6.7830337e-03  -5.6375955e-02   1.6798909e-01  -9.6764891e-02   2.2712578e-02  -1.7406964e-01  -2.3582385e-02  -1.8581305e-02  -1.4715453e-01   3.8018946e-01   1.4547833e-01   4.8988094e-02  -1.0022029e-01   1.2649757e-01  -1.5124979e-01   5.2794444e-02   2.3105324e-02  -2.3020522e-01   9.6098781e-02   9.4044830e-02  -1.5802942e-01   2.7729141e-01  -1.8025813e-01  -1.5182548e-01  -1.5531206e-02  -6.1509830e-02  -6.6150196e-02   2.5538484e-01   3.2271997e-01   4.9835587e-01  -2.1230669e-01   3.0870793e-01   4.5282552e-01  -1.3297793e-01  -1.6301839e-01  -1.6181104e-01   3.0342177e-01  -1.0103745e-01  -7.8128061e-02  -1.4773492e-01  -2.6450051e-01  -1.6853629e-01   7.7066362e-03   2.3371637e-01  -2.0759556e-01   2.5545030e-01   3.7847048e-01   3.2399164e-01  -2.8613134e-01  -1.5539509e-01   4.9638645e-03  -3.2871097e-02   1.5315465e-01  -1.3357573e-01   1.8995785e-01   8.9131096e-02  -2.2969188e-01   8.0024873e-02   3.9265512e-01   7.0174298e-02   1.4969436e-02  -1.2377526e-01  -8.5984258e-03  -3.3084562e-02   8.9941935e-02  -1.1294613e-01   5.2772754e-02   1.6042952e-01   1.0454027e-01   1.3957842e-01  -8.2467383e-02  -2.7849006e-01  -1.9285021e-01   1.7735356e-01  -1.6605888e-01  -2.3551327e-01   2.1737333e-01   3.9268169e-02   2.1621641e-01  -2.1866645e-01   2.0049458e-01   1.1099594e-01  -2.4304164e-01   1.5000519e-01  -5.9358410e-02   3.4487897e-01   1.8982563e-01  -4.8109410e-03  -2.6447820e-01   3.0641976e-01  -3.3763985e-03   1.3483643e-01   1.9808403e-01   3.5383640e-02   1.5801887e-02   3.3378878e-01  -2.8898566e-01  -2.1914719e-01  -3.1203872e-01   3.5637987e-01  -2.5864127e-01  -8.6398048e-02   1.8860794e-01   1.1040023e-01  -2.3422906e-01   1.9725323e-01   3.2483867e-01   3.0968884e-01   1.5002948e-01  -1.1250583e-01   1.4988403e-01  -2.3125575e-01   4.0498600e-02  -1.1294935e-01
  -1.7860631e-01  -1.2337640e-01   3.5177170e-02   2.6601103e-01   3.9363823e-02   2.4844766e-01   8.5089766e-02   1.9693079e-01   4.4203656e-01   4.6578209e-02   0.0000000e+00  -1.7903856e-02  -1.6033322e-01  -2.0423148e-01   3.7285129e-02  -2.6686165e-01  -2.7254704e-02   1.7079855e-01   2.2427140e-01  -6.8303645e-02   3.6391857e-01   1.4606458e-01   1.9754350e-02   4.7890467e-02   1.9617264e-01   2.5045865e-01  -3.9920267e-02   2.8109614e-02  -1.4303993e-01   3.5394878e-01   2.6674363e-01   3.1881020e-01  -2.9980736e-01  -2.2425844e-01  -1.1093754e-01  -1.4567787e-02   9.7790813e-02  -2.5080033e-01  -3.7478177e-01  -8.4274547e-02   6.5441138e-02  -1.3233330e-01   3.8915172e-01   2.4362070e-01   2.8960642e-01   1.4634139e-01   1.8529490e-01   5.1901709e-02   7.2097219e-02  -2.3762721e-01   2.5980150e-01   4.2022037e-01   1.6958458e-01  -3.2530435e-01  -2.2583663e-01   2.5315534e-01   1.4907797e-01   2.7487074e-01   1.0705880e-01   2.4572000e-01   2.4836360e-01  -4.0150229e-02   3.4973055e-01   5.4417045e-01   1.3356071e-01   2.4668210e-01   1.1972774e-01  -6.2897064e-02   3.4251973e-01   2.0313942e-01  -4.8063038e-02   2.7686442e-01   2.2418151e-01   1.1016955e-01  -3.3632932e-01   3.4226460e-01   2.8977089e-02   1.4656078e-01  -1.6196878e-02  -5.9742626e-02   1.0538155e-01  -5.8611793e-02   2.5460278e-01   1.8706778e-02  -1.4062963e-01   3.5960068e-01   3.0307811e-02  -1.3794488e-01  -1.3464094e-02  -2.4159197e-02   3.6263257e-02   1.2980802e-01   1.8350525e-02   4.5085441e-01  -1.4922241e-01  -3.0968179e-02   1.4412691e-01   4.8357586e-02   2.0408992e-01  -1.4686355e-01   1.0152786e-01   4.4084207e-01   2.7599676e-01   3.9682141e-01   2.7759533e-01   2.4670861e-01  -3.5189060e-01   8.1135747e-02  -1.6408847e-01   2.4483848e-01  -3.6353103e-03   3.2918126e-01   2.5516568e-01  -7.0774641e-03   8.7910977e-02   2.3644285e-01  -4.6610475e-02   1.4147731e-01   1.1722670e-01   2.4329214e-01  -1.3636023e-01  -1.4817442e-01  -1.7277433e-01   3.9550383e-01   1.6854408e-01  -4.2522755e-01   2.5316981e-01  -3.6894503e-01   3.6059572e-01   2.0247836e-01  -3.5735213e-01   4.1182458e-01  -1.2376522e-02   1.5213855e-01   4.6005617e-01   3.8778715e-01  -1.3705289e-01   2.1337165e-02   3.8601572e-01  -1.7296803e-01   1.2174606e-02  -3.3295657e-01   3.6757770e-01   2.1430759e-02   2.2719604e-01   1.6636268e-01  -1.5552403e-03   3.4756986e-01   2.5613017e-01   5.4081858e-02   1.3840184e-01   8.4998787e-02  -9.1158832e-02   4.1210671e-01   6.8927982e-02  -1.6203236e-01  -1.5036350e-01  -1.2614454e-01   1.4430949e-02   2.2441158e-01   5.8846160e-02   4.5953967e-01   2.6839928e-01   1.3286839e-01   2.2369592e-01  -8.6891565e-02   2.9942329e-01  -7.5536945e-02  -3.5102923e-01   4.1219035e-02   3.7749306e-02  -2.3716167e-01   4.5871438e-01   5.2336480e-02  -1.3425319e-01  -2.5162478e-01   1.8037457e-01
  -2.8673696e-01   1.9846462e-01   4.4253999e-01  -1.8808033e-01   2.5782645e-01  -2.6911119e-01   6.4218013e-01  -2.4293450e-01   2.4493311e-01   1.1432500e-01  -1.7903856e-02   0.0000000e+00  -3.0514773e-01  -1.1283243e-01   6.2169340e-02   1.1198363e-01   3.0402724e-01  -4.1242551e-01  -2.4179212e-01   7.9474414e-02  -1.6412547e-01  -6.7492217e-02   1.6447777e-01  -6.9183303e-02  -2.9973775e-01  -8.5811765e-02  -4.1160517e-01  -7.6157645e-02   2.5604863e-01  -1.6316325e-01  -2.3088049e-02   4.5033232e-01  -3.0046782e-01   4.5903847e-01   2.6040287e-01  -8.5240102e-02   2.7522300e-02  -2.1789128e-01   9.4055313e-02   3.7809297e-01  -3.2979049e-01  -1.7868059e-01   4.4439032e-01   4.9019149e-02   3.8487977e-02  -2.0476683e-01  -4.6807749e-01  -2.3005036e-02  -1.3898030e-01   2.3593371e-01  -1.9117654e-01  -8.7208558e-02   1.9930096e-01   6.8759374e-02  -4.2470058e-04   6.7271831e-02  -5.5058805e-02   4.8934917e-01  -4.7146618e-01   6.5375724e-01  -7.8955749e-02   2.6587743e-02  -9.0980632e-03   1.4338131e-01   2.0590121e-01  -3.8918473e-01  -3.0259005e-01  -2.5768331e-01  -4.1398152e-01   9.3725466e-02   1.9815287e-01  -3.0781474e-01   1.0180508e-01   6.0844252e-01   6.6728501e-02   9.7871244e-02  -1.2669008e-01   8.7938531e-02   5.3654383e-02  -1.6743001e-02   6.7601295e-02  -1.7426724e-01   2.1134612e-01  -3.0757095e-01   5.0053622e-02   2.2087678e-01   3.5317703e-01  -2.4527634e-01  -2.3755820e-01  -3.8101572e-01  -5.3601917e-02  -1.4673324e-01   4.1066386e-01   3.8661575e-01  -7.3627973e-02   1.8242016e-01  -2.6180804e-01  -1.5975559e-01  -2.2877681e-01   8.2030181e-02  -2.6177596e-02  -4.3742268e-03  -3.0433659e-01   1.2140441e-01   2.9155402e-01  -1.7261130e-01  -7.7135987e-02  -2.9922395e-01   1.5022442e-01  -2.6433913e-01   4.7665970e-01   2.2429904e-01  -3.3851605e-01  -3.1485767e-01   3.5104355e-01   2.5368503e-01  -1.1244269e-01  -2.1185925e-01  -3.5251983e-02  -3.0186980e-02  -2.8440820e-01   2.4710897e-01   1.8988752e-01   3.7843138e-01  -4.2180416e-02   1.6504408e-01   1.4402303e-01  -2.2708060e-01   1.0636414e-01  -5.4837357e-02   1.3635540e-02   3.2453816e-01   1.9198701e-01  -2.4585556e-03   2.9255195e-01  -7.4231163e-02  -4.9528874e-02  -2.1240078e-01  -1.0651229e-01  -2.9962937e-01  -1.4272360e-01  -1.4651957e-01  -2.8194314e-01  -2.9015539e-02   3.1948509e-01   5.7095505e-02   7.8657911e-01  -2.6969205e-01  -1.9995943e-01   1.2683730e-01   3.9986335e-01  -3.3484590e-01  -2.9856288e-01   2.1292002e-01   5.8091974e-01  -4.9124609e-01  -3.4442513e-01   1.1091268e-01  -2.8049512e-01  -1.4205556e-02   8.2901274e-02  -1.4519596e-01  -3.3251631e-02  -2.7254650e-01   6.3361074e-01   3.6091539e-01   3.0659038e-01  -3.4427637e-01  -1.8310922e-01   4.2414204e-01   1.2242187e-01  -6.3050289e-02  -2.3540559e-01  -3.4108931e-02   4.3932730e-02  -3.1460585e-01  -1.6146913e-01
  -1.9740323e-01  -9.1714451e-02  -2.3590916e-01  -2.0808795e-02   3.0201615e-02  -7.8590891e-02  -1.6780565e-01  -8.3231118e-02  -1.0207820e-01   2.4791609e-02  -1.6033322e-01  -3.0514773e-01   0.0000000e+00  -5.1017661e-02   6.4088164e-02   2.3541594e-01  -1.0557796e-01   9.5193773e-02  -3.7117366e-03   2.4987507e-01  -1.2963751e-01  -7.2712053e-02   1.7981189e-01  -1.7965849e-01   9.4553027e-02  -1.2734900e-01   2.1132304e-01  -3.5483449e-01  -1.1661236e-01  -7.3595971e-02  -6.6363581e-02  -3.4729194e-01   2.0426176e-01   4.4637480e-02  -6.1241012e-02   1.6943192e-01  -1.0784131e-01  -1.3956958e-02   3.5027590e-01   3.7320863e-02   3.7115499e-01   1.5602127e-01  -9.0989039e-02  -1.7383105e-01   7.3842582e-02  -2.8636731e-01   7.5587959e-02  -1.5736821e-01   2.6348398e-02   4.2666133e-03   8.1265539e-02  -1.7212790e-01  -4.3302193e-01   1.5194161e-01  -5.9311645e-02  -1.9838983e-01   1.2484715e-01  -2.7211541e-01   9.8782602e-02  -3.0917360e-01  -2.2487882e-01   3.6215598e-01  -1.3046564e-01  -1.6775034e-01  -8.0491667e-02  -1.0690272e-01  -5.8093200e-02   2.7070241e-02  -1.1281396e-01  -2.9232742e-01  -3.7236244e-02   2.4308518e-02  -2.2764401e-01  -2.5684142e-01  -8.1202902e-02  -2.1032380e-01  -1.5630729e-01   1.3026393e-02  -6.0762036e-02   2.1193058e-01  -2.9622992e-01   4.1221689e-01  -1.7208484e-01  -8.6542425e-03  -2.0099897e-01  -1.4156088e-01  -2.9639977e-01   2.3525540e-02   1.0192847e-02  -1.4834638e-01   1.5676157e-04  -1.2960826e-01  -8.6877420e-02  -1.7274210e-01  -5.4104445e-02   1.1737638e-01  -3.1922568e-02  -7.5360002e-02   1.7617402e-01   2.4323213e-01  -1.4517038e-01  -2.5401631e-01  -2.4058638e-02  -1.9170873e-01  -3.0664007e-01   8.0274699e-02   8.6908202e-02  -2.4053390e-02   1.7068725e-01  -1.0959182e-01  -6.8901916e-02  -3.3885916e-01  -7.4462874e-02  -1.4686629e-01  -4.1147094e-01  -1.3087686e-01   1.2689038e-01   3.4128776e-01  -4.2707430e-01  -4.5703822e-02  -4.7527363e-02   1.0201599e-01   9.0174427e-02  -2.5356168e-01  -2.7924296e-01  -1.0630840e-01  -3.6709917e-01   1.1598866e-01  -7.7017562e-02  -2.8443938e-01   3.4458610e-01  -3.6936447e-02  -2.7091429e-01   4.1145022e-02  -1.6404545e-01  -1.6195028e-01   2.0046084e-01  -2.4800612e-02  -1.6341680e-01   7.7926037e-02  -8.5780828e-02   5.4233829e-01  -1.7868723e-01  -2.3272410e-01  -6.3574632e-02  -1.6331741e-01  -1.4926852e-01  -1.6105369e-01  -7.8361191e-02  -1.1484208e-01  -4.8378848e-01  -4.7948894e-02   1.9707757e-01  -4.5644723e-02  -1.2758684e-01   1.6309210e-01  -9.1829930e-02   8.6470009e-02  -1.0050496e-01  -1.7365967e-01   2.0168043e-01  -2.0402350e-01  -1.2130124e-01  -3.8627502e-02  -2.0372885e-01   1.2204747e-01  -5.0763043e-03  -1.5350342e-02  -6.9212752e-02  -1.8597293e-01   6.7290965e-02   1.7305920e-01  -8.0794394e-03  -1.9359024e-01   1.1427225e-02   3.5397258e-01   2.6178566e-01
   2.8774963e-01   1.8982521e-01  -2.8237853e-01  -1.9754794e-01  -1.8888862e-01  -2.8082978e-01   1.8773436e-01  -1.4726677e-01  -1.0430338e-01  -2.7731376e-01  -2.0423148e-01  -1.1283243e-01  -5.1017661e-02   0.0000000e+00   1.2820749e-01   1.2518992e-01  -2.4905136e-01  -2.3636488e-01  -1.9415441e-01  -4.1868026e-02  -3.0703167e-02  -2.5973824e-01   2.4682532e-01  -2.1931081e-01  -2.6194858e-02  -2.8661592e-02   9.9942623e-02   8.8611021e-02   7.6429603e-02  -1.0850538e-01   5.9724805e-02  -3.9031215e-01   1.4643650e-01   1.3432194e-01   2.3695734e-01  -5.6299753e-02  -1.1158028e-01   2.0925451e-01   2.5011243e-01  -8.9554438e-02  -4.7273266e-02  -3.7794593e-02  -2.7710719e-01   1.3888171e-01  -1.4685455e-01  -9.5765724e-02  -3.4051653e-01   3.2312148e-01  -1.9692419e-01   1.6448910e-02  -3.5930877e-01  -1.1296827e-01   1.3766858e-02   4.4379487e-02   3.4999541e-01   7.3014220e-02  -2.2659718e-01  -3.4551564e-01   1.3663438e-02  -2.9798740e-01  -8.7604615e-02  -2.3443451e-02  -1.5379338e-01   1.1157956e-01  -1.5452591e-01  -2.0339429e-01  -2.4882004e-01  -1.4887783e-02  -2.0719304e-01  -2.2815945e-01   4.0799897e-01  -2.0598465e-01  -6.2789019e-02  -4.0305417e-01   3.2394254e-02  -2.2580928e-01   1.6985531e-01  -7.8208124e-02  -1.0998658e-02   2.2286630e-01   2.7537213e-01   1.1133937e-01   2.8832133e-01   1.0302756e-01   2.7510509e-01  -2.0427836e-01   4.0579735e-01   1.4269147e-01  -7.2206300e-02   2.0825051e-01  -1.3423770e-01  -8.2531535e-02  -2.8726756e-02  -3.2082049e-01   1.4337605e-01  -1.0566375e-01  -2.8123752e-01  -1.7434640e-01  -1.3184126e-01   2.2239919e-01   4.1005499e-01  -1.1151135e-01   5.2930915e-02  -3.5812095e-01  -3.2772024e-01  -3.6904478e-01   5.3579306e-02  -9.8214972e-02   6.5245558e-02  -2.7883440e-01   1.5125972e-01  -1.6053638e-01  -1.0807955e-01   2.2468027e-01   2.4074357e-01   1.3652993e-01   2.2543374e-01  -3.8582539e-02  -3.0925601e-02  -2.8266116e-01   8.3573244e-02  -1.3468159e-01  -3.6262504e-02  -1.1095258e-01  -6.1962479e-02   4.8824201e-01  -1.3282660e-01   4.5365145e-02  -4.2121419e-01  -2.3372703e-01   1.7255088e-01   1.6226776e-01  -3.9517804e-02   1.5933000e-01  -3.7663555e-01  -2.8070641e-01   1.8622494e-01   4.6351351e-01  -1.6291424e-01   9.6919329e-02  -2.9271876e-02  -1.4470519e-01  -7.9918417e-02  -2.2759614e-01   7.0634432e-02   1.5722258e-01   7.4382787e-02  -5.0520291e-02  -5.6071982e-02   1.3443198e-01  -1.0503487e-01   1.8678193e-01   3.7845666e-02  -1.0895573e-01  -9.6042350e-02   8.2295950e-02   8.4449709e-02  -1.5464649e-01  -3.9627840e-02   1.2559567e-01  -1.0316336e-01   1.0596910e-02  -1.5842133e-01  -1.8996818e-01  -3.8182836e-01   2.5981982e-01  -5.3431901e-02  -5.4496181e-02   3.2380945e-01   8.5672489e-02   1.2467017e-01   5.7849203e-02  -2.4474404e-01  -1.7063894e-01  -2.6870705e-01   9.5483129e-02  -2.1585150e-01
