   0.0000000e+00  -1.3431681e-01   3.9496972e-02  -1.8174003e-01  -4.3951610e-02  -4.3843056e-01  -5.0964417e-01   1.7559678e-01  -6.0941459e-02  -3.1190685e-01  -1.7124148e-01  -1.2493465e-01  -9.9642555e-02   5.3239479e-01  -1.5427094e-01  -5.2413570e-02  -1.6970488e-01  -1.1530123e-02  -1.0372904e-02  -2.4073998e-01  -1.9137891e-01  -3.9785805e-02  -3.1288647e-01   7.2115364e-01   7.8883438e-02   2.1545236e-01  -2.9477036e-01   2.4967817e-01   5.2537055e-02  -2.2895913e-01   5.7867587e-02   9.7675491e-02   1.7204948e-01  -4.5404502e-01  -1.2381478e-01  -2.6859905e-01  -2.7994656e-01   2.8942498e-01  -9.0012996e-02  -2.6396711e-01  -1.5845762e-01   1.6728472e-02  -4.4099176e-01   1.4298680e-01  -1.1226337e-02   3.7391885e-01  -1.1250980e-02  -4.3217210e-01   1.2300123e-01  -2.8022362e-01  -1.8766229e-01   4.7967236e-02  -2.1125580e-01  -1.9214502e-01   6.0100196e-02   7.6270684e-03  -2.8286491e-01   6.8784901e-02  -1.5392544e-02  -1.2299555e-01   4.1045921e-01  -2.6747122e-01   2.0705248e-01   1.7682543e-01   1.5091965e-01  -3.5409017e-01  -3.9066911e-01  -1.9681762e-01   1.7801335e-01   5.0935456e-01  -2.8090778e-01   6.2478950e-02  -2.0512366e-01   3.5836179e-01  -1.2022421e-01   7.5795797e-02   3.8927763e-01   2.9022076e-01  -1.8166906e-02  -5.7662132e-02   6.8131483e-02  -1.2783217e-01  -3.0338481e-01   4.6196075e-01  -4.8756559e-02   1.8564242e-01  -6.9944905e-02   4.2613881e-01  -9.4961725e-02   8.2312788e-01  -8.0360794e-02   1.4906955e-01  -4.9607151e-01   6.6285105e-02   4.2080220e-01  -5.6631367e-02  -2.1373974e-02   1.2800203e-02   9.0194473e-02  -4.3465349e-01   1.3210828e-01   1.4469649e-01  -1.4782269e-01   6.8339588e-02   7.8166726e-02   5.5771497e-02  -1.9515090e-01   1.2075912e-01  -3.8256187e-01  -3.2553543e-01  -5.4086987e-01  -1.5470402e-01  -2.0393588e-03   8.1384490e-01  -4.0016291e-01   1.3858707e-01   3.5544980e-01  -1.1363564e-01   2.2656902e-01   1.0234649e-01   7.1238079e-01   4.2753492e-02  -6.7638415e-02   6.4814122e-02   5.4210852e-01   5.2111431e-01  -1.0697224e-01  -1.8160165e-01  -7.6325802e-02   2.4235730e-01  -2.0139885e-01  -1.3431951e-01   2.3980826e-01  -3.1698674e-01  -1.6894981e-01   1.2854875e-01  -1.5284539e-01  -1.2712372e-01   1.7873675e-01   5.1074087e-01   8.5385354e-01  -9.3833117e-02   5.8143464e-02  -2.7030408e-01  -2.0360399e-01   5.5676970e-02  -3.8477179e-01  -2.6672868e-01  -3.9501897e-01  -9.9551437e-02   2.7973544e-01   1.9142350e-02   5.1098683e-01  -2.3451729e-01  -1.2680436e-01   5.5730591e-01   7.1083179e-01  -8.1048760e-02   1.5346092e-01  -2.8502352e-02   2.5772510e-02   8.4273763e-02  -1.8947359e-01   7.4315465e-02   1.2340524e-01   1.6403212e-01  -2.5834683e-01   5.9517985e-01   5.6435174e-01  -4.3992490e-01  -4.9266302e-02   2.6621057e-01   1.5054230e-02  -1.3285400e-01  -2.1379614e-01  -1.6034462e-01   9.0898286e-02
  -1.3431681e-01   0.0000000e+00  -7.7495933e-02  -4.5602767e-01   5.9933045e-01  -2.1892558e-01  -2.2921466e-02  -1.3251940e-01  -1.8921807e-01   1.9722068e-01  -1.1053718e-01   7.3251740e-01  -8.3227635e-02  -4.5189572e-01  -1.7052194e-01   2.6678073e-01   3.3616649e-02  -4.6598183e-01  -4.9806197e-01   4.0445203e-01  -3.0464142e-01  -6.6696028e-01  -5.7787137e-01  -1.3172002e-01  -1.0671500e-02  -1.5602186e-01   4.7493571e-01  -1.9632307e-01   5.5206653e-02   6.2826554e-01   1.3402941e-01  -3.1299241e-01  -1.5533832e-01   2.2752386e-01  -6.6943815e-01   2.1597996e-01  -2.9641788e-01  -1.3803731e-01   2.7033542e-01   6.1631396e-01   9.9311940e-02  -1.8014575e-01   3.2491623e-01  -4.0051045e-01  -1.0416369e-02  -3.1932896e-01  -3.4776186e-01   3.8325148e-01  -1.5691127e-01   4.9744723e-01  -5.1477056e-01  -9.8909700e-03   6.5339099e-01  -1.6957712e-01  -1.9511027e-01  -5.7353025e-01  -6.2558623e-01  -5.9635568e-01  -1.3894053e-01   1.7298419e-02  -4.5462656e-01  -9.4432713e-02   4.1205113e-01   3.5625809e-01   5.0100539e-01   1.1668940e-01  -2.6760700e-01  -4.3794137e-02  -5.2187552e-01  -2.6251746e-01   7.6264084e-01  -4.8062677e-01   3.3725557e-01  -4.5809400e-01   2.0029288e-01  -2.3120969e-01  -3.7188033e-01  -2.3556431e-01   6.7891211e-01   1.0983666e-01  -5.3066236e-01  -4.8704576e-02   5.3144865e-01  -3.1307069e-01  -2.5125671e-01  -2.9615466e-01  -5.4002978e-01  -2.6840397e-01   3.7679765e-01  -2.0053957e-01   8.1491503e-01  -4.0015540e-01   2.9650425e-01  -1.6954480e-01  -1.6269248e-01   6.4142644e-01  -1.7654129e-01  -1.5982571e-01   1.6453891e-01  -1.4890426e-01   1.3783663e-01  -1.1231985e-01  -3.9021130e-01  -1.2395028e-01  -4.5645302e-01  -3.1222686e-01  -1.7338291e-01  -1.1264195e-01  -5.5504788e-02  -1.4321160e-01   3.3664623e-01  -5.0618759e-01  -3.3804782e-01  -2.5907479e-01  -2.1842079e-02   7.5040923e-01  -2.0935480e-01   1.9291041e-01  -2.8313786e-01  -4.6334303e-01  -4.0758440e-01   5.2255271e-01   3.8851220e-01   2.3965643e-01  -3.7241394e-01  -3.8997045e-01   1.4895024e-01   2.3391513e-01  -3.3037241e-01   1.9136643e-01   2.4924145e-01   4.8391240e-01   3.8811795e-01  -4.3790598e-01  -9.9269493e-02  -5.5449571e-03  -5.8016149e-02   3.1777253e-02  -1.4365578e-01  -1.6629947e-01  -5.1704974e-02  -6.5393803e-02  -3.8346731e-01   1.6409387e-01   2.6285093e-02  -2.1067635e-01   5.5858370e-01   2.8017884e-01  -1.6205430e-01   3.7801177e-01  -2.2175162e-01  -2.6251611e-01  -2.8907188e-01   5.2546944e-01   7.3841770e-01  -2.2567270e-01  -3.0796403e-01   3.6793501e-02  -3.0686582e-01  -2.7950325e-01  -9.3133849e-02   9.6940598e-02   4.5796144e-01  -2.8626759e-01  -2.7262831e-01   6.6035296e-01   2.4887700e-01  -4.0057619e-01  -2.6361730e-01   4.8396833e-01   6.7581843e-01  -1.7527735e-01   2.1935594e-01  -4.1775921e-02   1.2872962e-01  -9.6668046e-02  -4.3255772e-01
   3.9496972e-02  -7.7495933e-02   0.0000000e+00   1.1531996e-01  -7.1103755e-03   4.2539503e-01   1.8987879e-01  -2.1044170e-01  -9.6524610e-02   2.1044834e-01  -1.3845506e-01   1.5924505e-01   2.2578028e-01  -1.2364131e-02   1.3651267e-01  -1.0096877e-01   7.5945329e-01   4.7223548e-02  -5.1531918e-02   1.8042981e-01   1.1330313e-01  -6.5103166e-02   7.7942511e-02  -2.6020502e-01   3.6777952e-02  -5.9751283e-02  -5.9190480e-02   1.1053849e-01  -1.2915353e-01  -2.7422662e-01   6.5015588e-02  -7.6181496e-02   1.7786641e-01   6.2923797e-02  -4.5371508e-02   1.9300947e-01  -1.1330927e-01  -1.5696799e-01  -1.7437808e-01   3.7400751e-01   1.9590058e-01   3.1277880e-01   1.2622394e-01   1.6431259e-02  -1.3905911e-01   5.4464004e-01  -1.0110970e-01   2.1050492e-02   1.6033733e-01   3.9355128e-01  -1.7126332e-02  -6.2970424e-02   7.1366892e-02   2.1089661e-01   8.9722887e-02   6.0594551e-02   1.1988626e-01  -8.6601094e-02  -1.0513416e-01  -1.4934724e-01   3.9408674e-01   1.5875659e-01  -1.7842120e-01  -1.9484739e-02  -2.1879301e-01  -1.6929499e-01   1.8578242e-01  -1.4160743e-01  -2.0450371e-01   5.4638749e-01   1.6122460e-01  -4.3572281e-02  -3.5967383e-02   2.6536595e-01  -2.0308005e-01  -1.2073471e-01   3.1449533e-01  -1.0874609e-01  -1.3903491e-01  -1.5643250e-01   1.4156513e-01  -9.6986211e-02   2.4346825e-01  -1.6536745e-02   4.8506517e-01  -1.5388069e-01  -5.9622332e-02   4.2162295e-02  -7.3965702e-02  -8.6313121e-02  -1.2763927e-01   6.5388194e-01   9.6314509e-02  -1.4807590e-01  -4.3482016e-02   1.2811974e-01   4.1408877e-02  -1.8988120e-01  -6.0728876e-02  -8.2993996e-02   2.4605313e-01   1.1219200e-01   6.6546309e-03   1.4702097e-02  -2.5859318e-01   1.1614433e-01   2.9044948e-01  -2.0483839e-01   1.7564925e-01   1.9964663e-01   1.4473967e-01  -1.0720396e-01  -1.8424841e-01   9.2849161e-03   3.8297344e-01  -2.2361423e-01  -9.5037925e-02   1.3965518e-01   4.1304727e-01   1.5830408e-01   9.4653717e-02  -6.4327874e-02   9.0308382e-02  -1.6681840e-01   1.6211116e-01  -1.1273355e-01   1.2375610e-02   1.1021538e-01  -1.1835356e-01   4.3454992e-01  -1.7743555e-01   7.3035086e-04  -3.3772362e-02   1.0802060e-01   9.0648115e-03  -1.9153832e-01  -1.0187126e-01   2.9830779e-01  -1.8593615e-01  -1.0170796e-01   1.3096571e-02   1.2965907e-01  -2.9765340e-01   4.4215790e-01  -1.1853532e-01  -1.9878161e-01   2.8900444e-01   2.0839579e-02  -7.3613998e-02   1.1954720e-02   4.0826357e-01  -6.9093052e-02   1.8965607e-01  -7.8274310e-02   2.2320864e-01  -2.3565848e-01   1.3905146e-01   5.8934906e-02   6.3432975e-01  -1.8796018e-01  -3.2172429e-02  -3.6094734e-01   9.6681901e-02  -1.8164250e-01  -6.8255473e-02  -9.8670051e-02   4.6709652e-02  -4.4401638e-02   1.9589165e-01   2.1904442e-01  -2.9067549e-01  -1.6820089e-01  -2.8073088e-01   3.0317977e-01  -2.2447015e-01   2.3787233e-01  -7.9468672e-02
  -1.8174003e-01  -4.5602767e-01   1.1531996e-01   0.0000000e+00  -1.8062231e-01   2.7516872e-01   4.1051206e-02   9.9499615e-02   2.3737436e-01  -1.8581420e-01   2.1733664e-01  -2.8292227e-01   2.6845656e-01   2.0010727e-01   4.2356898e-02  -1.4991989e-03   5.9831835e-02   4.2202867e-01   5.4840104e-01   1.3268318e-03   3.8987512e-01   5.8509195e-01   4.0494629e-01  -2.4076410e-01   1.2881832e-01   1.2512292e-01   1.7192955e-02  -1.9771716e-01  -9.2225126e-02  -3.0589700e-01  -1.3072100e-01   4.0148840e-01   1.2075199e-01  -1.2169335e-01   6.0488748e-01   1.8817493e-01   2.5030250e-01   8.8964839e-02  -3.6387985e-02  -3.0352504e-01   1.9145781e-01   2.9952700e-01  -1.6918660e-01   7.6656606e-02   1.3032429e-01   7.2685642e-02   4.0162174e-01  -2.1405733e-01   3.6419102e-01  -2.8820562e-01   5.6749968e-01   5.8172360e-03  -3.8835305e-01   3.1458085e-01   1.1269451e-01   1.6704748e-01   4.6703079e-01   5.6399007e-01   3.4272912e-01   1.4195367e-01   2.3390685e-01   2.9216108e-01  -3.5275969e-01  -3.8068450e-01  -2.6215081e-01  -1.2563048e-01   4.7098068e-01   1.4830368e-01   4.4283958e-01   3.7620133e-02  -4.4792742e-01   5.6144388e-01   5.6728251e-02   1.8169353e-01  -1.0750711e-01   1.4350757e-01   1.9910324e-01   1.5386815e-01  -2.7972096e-01  -8.7161379e-03   1.6838334e-01   1.9557985e-01  -3.3593380e-01   3.5693194e-02   6.8594143e-02   2.2216452e-01   5.2901236e-01  -9.2951355e-02  -1.4959895e-01  -2.0394793e-01  -4.3427371e-01   3.0889630e-01  -1.0679980e-01   3.7310873e-01   8.0653035e-02  -3.0830804e-01   2.7384108e-01   1.6971521e-01   5.1395813e-02   4.9076325e-02  -4.0688545e-01  -1.8370481e-01   3.4890014e-01   1.9966819e-01   4.4906547e-01   5.1315122e-01   2.3924761e-01   2.5290436e-01   1.7236455e-01   2.0586615e-01  -2.2691191e-01   4.6961876e-01   4.3239113e-01  -1.4507001e-01  -4.6590845e-02  -4.7261741e-01   6.1814640e-02   9.1202418e-02  -8.8137254e-02   6.7383287e-01   1.0521716e-01  -2.2714211e-01  -1.8324905e-01  -1.1946145e-01   8.1338083e-02   2.6227170e-01  -2.3109025e-03   8.4198280e-02   4.7342137e-01  -2.9956277e-01   3.5928034e-02  -2.5616658e-01  -2.0821096e-01   4.8006675e-01   1.8562044e-01   2.4497288e-02   1.5842784e-01  -1.6485610e-01   6.4765375e-02   1.5773342e-02  -2.4373981e-01   1.6199914e-01   2.5208885e-01  -2.3554361e-01  -3.6994813e-02   1.5503300e-01  -2.6881948e-01  -8.7071716e-02   1.9823350e-03  -3.5218970e-01  -1.5273755e-01   3.0341746e-02   1.1626419e-01  -2.1531646e-01  -4.6548789e-01  -7.3232487e-02   6.1899251e-02   2.2877228e-01   2.1834468e-01   1.0035055e-01   3.7576756e-01  -1.5012705e-01  -3.6396127e-01   3.5944785e-01   6.5992960e-01  -4.0645516e-01   1.0063159e-01  -6.1099637e-03   4.8865276e-02  -1.7336347e-01  -4.1092495e-01  -4.4958815e-02  -4.2525045e-04   6.0447468e-02  -1.5531674e-02   2.6691950e-01   6.4281266e-01
  -4.3951610e-02   5.9933045e-01  -7.1103755e-03  -1.8062231e-01   0.0000000e+00   7.7161354e-02  -3.6360540e-01  -1.0340391e-01  -1.0600963e-01   2.7177403e-01  -1.5379506e-01   5.8924715e-01   2.5142572e-01  -2.7866910e-01  -5.4287112e-01   4.2266547e-01   4.7327690e-02  -3.4277607e-01  -1.0629656e-01   7.8315430e-01  -3.6696842e-01  -5.1213801e-01  -4.9436805e-01  -1.0384389e-01   1.8727955e-03  -6.8744564e-02   5.4795216e-01  -4.8284089e-01   1.6419669e-01   3.5038502e-01  -2.9032695e-01  -1.9248633e-01   2.5105934e-03   5.4552189e-02  -3.8787646e-01   6.3803844e-01  -1.5035494e-01   1.2600976e-01   3.0620954e-01   5.8545696e-01   2.9551713e-01   1.4136024e-01   2.6811801e-01  -6.5320967e-01   5.8943300e-02  -3.3099374e-01   1.6469664e-01  -1.7756276e-01  -4.5018985e-03   3.7646986e-01  -4.3954933e-01  -5.0768161e-02   3.2035144e-01   3.0938741e-02  -1.1198238e-02  -4.7452683e-01  -3.5196370e-01  -4.1252605e-01  -4.2536758e-02   2.3433383e-01  -3.5759997e-01   2.2765838e-02   5.3453730e-01  -5.9409275e-02   3.1875270e-01   2.2779850e-01   1.1200990e-03   8.4757749e-02  -1.9789416e-01  -1.3053569e-01   4.1201015e-01  -1.8712306e-01   5.2062575e-01  -4.3803805e-01   1.9263121e-01  -1.5220318e-01  -1.8890572e-01  -1.7697882e-01   9.1378322e-01   2.6951278e-01  -7.8080541e-01  -1.7484693e-02   6.3131560e-02  -2.7567964e-01  -3.3563207e-01  -2.2127007e-01  -3.7150882e-01  -3.9417589e-01   4.4005169e-01  -1.5855139e-01   7.5927499e-01  -2.9729380e-01   4.1798671e-01   2.2710802e-02   1.9686262e-02   8.4960810e-01   5.9185329e-03  -5.0320892e-02   3.2157241e-01  -4.0803788e-01  -2.1796920e-01  -4.7697052e-01  -5.2454589e-01  -5.9694496e-02  -3.7529564e-01  -1.4002056e-01   1.5451355e-02  -3.5424495e-02  -2.3335668e-02   1.5579655e-01  -2.7130935e-02  -4.4812771e-01  -2.3017147e-01  -1.6562564e-01  -3.3458770e-01   6.9986446e-01  -2.3929527e-01   3.3717211e-01  -4.0107243e-01  -1.6220526e-01  -1.5748386e-01   8.9956024e-01   4.9418584e-01  -1.6676088e-01  -4.0060361e-01  -2.6222924e-01  -1.0593280e-01   2.8827136e-01  -2.5214783e-01   1.5908221e-01   4.4716538e-01   2.1889528e-01   1.9955837e-01  -5.1367607e-01   2.5538821e-02   5.0245184e-02   1.5103246e-01  -3.5338740e-01  -7.2551432e-02   3.1037445e-02   2.2322129e-02   9.9145007e-02  -2.6948292e-01   1.6908680e-01  -2.1863697e-01  -4.0784559e-01   2.7122816e-01   5.9596992e-01  -7.1975055e-02  -7.8537822e-02  -3.6196384e-01  -5.5143311e-01  -7.8197357e-02   2.5613200e-01   7.2633445e-01  -6.4573622e-02  -7.6427447e-02   1.1505533e-01  -1.6204947e-01  -5.4231266e-01   2.6376126e-01   6.0127621e-02   2.5627908e-01  -2.3040476e-01   4.5139991e-03   7.4626349e-01   1.1944940e-01  -3.0960814e-01  -5.4279422e-02   2.9597503e-01   7.7172836e-01  -3.7379006e-02   2.1022092e-01   1.5073510e-01   2.4638596e-01   1.0879764e-01  -1.4023574e-01
  -4.3843056e-01  -2.1892558e-01   4.2539503e-01   2.7516872e-01   7.7161354e-02   0.0000000e+00   3.7970626e-01  -1.5492629e-01   3.3097678e-02   4.3290547e-01  -7.6813950e-02   8.7766879e-02   3.1028724e-01  -2.8565866e-01   2.2024946e-02   4.5698569e-02   4.6563279e-01   1.5981115e-02   1.8542790e-01   4.1817591e-01   1.7499136e-01  -2.0025650e-02   3.5677154e-01  -4.4787083e-01   5.3921733e-02  -1.6008169e-01   2.9567251e-01  -1.6387476e-01   1.2711052e-01  -2.5338724e-01  -4.0210567e-01   1.3520633e-02  -4.1809868e-02   3.8375298e-01   1.9253833e-01   3.6700624e-01   2.2308424e-01  -1.0478640e-01  -1.2618499e-01   3.1519317e-01   1.7084732e-01   2.8199134e-01   5.6328362e-01  -1.6391545e-01  -2.4477544e-01  -1.0823684e-01   2.0654221e-01   8.9670453e-02   6.0949093e-02   3.9687834e-01   2.3613584e-01   8.6159992e-04  -4.4656066e-02   4.4541228e-01   2.1187157e-01   2.4127663e-01   5.9659185e-01   6.5545585e-03  -2.3110120e-02   1.7656276e-01  -1.2097586e-01   2.3815240e-01  -2.8493957e-01  -5.3967036e-01  -5.6709543e-01   4.4422666e-01   6.6566508e-01   9.7039278e-02  -8.0006128e-03  -1.1501875e-01   7.8703045e-02  -2.1717213e-02   1.7326370e-01  -6.0924006e-02   4.4782016e-02   2.9639589e-02  -2.0294114e-01  -7.6950120e-02  -6.1741498e-02   6.1459346e-03  -8.4372058e-03   1.4096586e-01   1.0505871e-01  -2.2586964e-01   3.1239639e-01  -1.0058012e-02   1.0274874e-01  -3.6108211e-01   2.7885194e-03  -6.1283993e-01  -1.2045674e-01   2.0280190e-01   6.1446632e-01  -1.5363568e-02  -2.8019192e-01   1.6393843e-01   4.7077238e-02   7.6491149e-02  -3.2778630e-01   2.1021355e-01  -7.9358837e-02  -2.3880850e-01   4.6119946e-02  -1.4118477e-01  -1.5627561e-01   8.3184807e-02   3.8137260e-01  -8.4062298e-02   4.7383005e-01   5.8881698e-01   3.8027472e-01   1.0821893e-01  -1.2930723e-01  -4.5805975e-01   3.6686239e-01  -3.7624377e-01  -2.5317993e-01   1.1052160e-01   1.8435936e-01   1.5581102e-01  -3.1840071e-01   6.4877971e-02   7.8936429e-02  -5.1192765e-01  -3.1575459e-01  -2.8604443e-01  -1.7795729e-01   1.9839983e-01   2.2364808e-02  -9.0038446e-03   1.3394872e-01  -2.3195565e-01  -2.8850750e-01   2.2172917e-01   2.4164512e-01  -9.0486023e-02   5.2214772e-02   4.2784346e-02  -1.2917236e-01  -1.9428525e-01  -3.8611726e-01   2.5390415e-01  -2.0883337e-01   5.9953527e-01  -8.5189904e-02  -3.9271092e-01   3.5196248e-01   4.9868908e-01   5.6871276e-01  -2.9245371e-01   9.8637220e-02  -1.1692137e-01  -2.2083875e-01  -1.6588615e-01   1.8239363e-01  -3.7493537e-01  -3.0772042e-01   3.0318013e-02   2.4593141e-01  -1.6876135e-01   2.2283257e-01  -3.7569902e-01   1.4702520e-01  -1.8572685e-01   3.5170251e-02  -2.4866336e-01   9.4741858e-02  -2.9560833e-01  -4.5728723e-02   2.7247881e-01  -1.3839158e-01  -1.9949149e-01  -4.5721607e-01   5.9314528e-01   9.2210078e-02   4.5649662e-01   3.7364537e-02
  -5.0964417e-01  -2.2921466e-02   1.8987879e-01   4.1051206e-02  -3.6360540e-01   3.7970626e-01   0.0000000e+00  -4.0140874e-01  -1.8273472e-01   3.2310473e-01   1.1328084e-01   4.0328555e-03  -5.1563749e-02  -2.6340795e-01   7.2668325e-01  -4.3379363e-03   3.6246093e-01  -2.7768479e-02  -2.7956930e-01   1.0710222e-02   4.2008343e-01  -7.7589192e-02   5.0389504e-01  -5.4142464e-01   4.0559735e-02  -4.9633412e-01   4.5820509e-02   4.2841837e-01  -2.2865495e-02   5.4905269e-03   1.8689873e-01  -3.1189406e-01  -6.7446807e-02   6.2150755e-01  -1.4322743e-01   3.8536420e-02   1.8606530e-01  -2.7219264e-01   2.0849378e-02   2.7498756e-01  -1.2793653e-01  -2.8020521e-03   3.8127738e-01   1.5669648e-01  -8.2750789e-02  -9.0447021e-02  -2.5290320e-01   7.2625310e-01  -2.8550865e-02   3.8686837e-01   2.3021653e-01  -3.5923460e-01   2.5786303e-01   1.1797878e-01  -2.8246781e-02   2.5581350e-01   2.2860610e-01  -2.3675387e-01  -3.4602558e-01  -3.1564347e-01  -2.4246135e-01   3.2161142e-01  -4.7189345e-01  -2.5420714e-02  -3.9098489e-01   3.0008520e-01   7.3546175e-02  -1.2929329e-02  -4.2967991e-01  -2.2312282e-01   3.7330983e-01  -3.4170809e-01  -9.7703757e-02   3.2302252e-02   7.6885223e-02  -3.2806689e-01  -2.4847088e-01  -2.5186948e-01  -3.8881743e-01   2.5267383e-02   5.4601487e-01   5.6182866e-02   5.4819714e-01  -3.4381943e-01   4.5091779e-01  -3.5387510e-01   8.8598245e-02  -1.2214790e-01  -3.0375768e-01  -3.9989127e-01  -2.0454793e-01   1.3956260e-03   3.6306487e-01  -4.1223306e-01  -1.6050730e-01  -2.1589791e-01  -2.0743187e-01  -2.6964854e-01  -3.5034353e-01   7.5913908e-01   4.7167900e-01   3.7319706e-01   3.8296548e-01  -2.8968007e-01  -2.1382699e-01  -3.2474551e-01   1.5580309e-01  -3.7924291e-01   4.5896556e-01   1.6779932e-01   7.1500509e-01   3.6875277e-01  -2.4897863e-01  -3.2165920e-01   8.3787728e-01  -4.0661487e-01  -3.4140872e-01  -7.5096187e-02   2.7019447e-01  -3.0318593e-01  -4.0299548e-01  -4.3733564e-01  -3.2999774e-01  -1.0949095e-02  -3.0137458e-01  -5.1542798e-01   3.0572864e-01   1.0809121e-01  -2.5364679e-01  -2.7599846e-03  -6.7331281e-02   3.4552174e-01  -2.6438770e-01   3.9402040e-01  -2.2499027e-01  -4.1467205e-01  -8.4487214e-02   5.4091017e-01  -4.6542763e-01  -2.4808342e-01  -4.6461056e-01   7.9943573e-03  -2.5138469e-01   4.7871272e-01   4.3017041e-01   4.4969794e-03   6.0331105e-01  -5.0253279e-02   3.5429068e-01   4.1412437e-01   3.8558554e-01   2.5321178e-01  -4.0513677e-01   1.0140295e-01  -2.7816491e-02  -3.2939478e-01  -4.2619510e-01  -2.1458912e-01  -1.3796319e-02   3.8338687e-01  -3.0249544e-01  -2.7003783e-01   2.4381685e-01  -2.8988096e-01  -3.7993394e-01  -4.1639444e-01   1.0598684e-01  -3.3264210e-01  -2.8484640e-01   4.4715627e-01  -2.8685787e-01  -1.1507300e-01  -3.1996511e-01   7.8459738e-02  -2.5091186e-01   1.4844943e-01  -3.2312828e-01
   1.7559678e-01  -1.3251940e-01  -2.1044170e-01   9.9499615e-02  -1.0340391e-01  -1.5492629e-01  -4.0140874e-01   0.0000000e+00   3.3460323e-01  -2.9997470e-01   6.2291005e-02  -1.9988937e-01  -1.1746304e-01   3.4972999e-02  -2.6485664e-01  -3.2727718e-01  -3.6740794e-01   1.3672053e-01   3.9207171e-01  -3.4253442e-01  -3.0578725e-01   1.2657270e-01  -2.3819884e-01   2.9068766e-01  -1.4856713e-01   7.5254549e-01  -1.7656320e-01  -2.6293885e-01  -2.2705166e-01  -6.9516704e-02   2.0728657e-03   6.2679269e-01  -1.6222926e-01  -4.3291527e-01   3.0667026e-01  -2.3539358e-01  -2.4833033e-01  -6.7574503e-02  -2.8904411e-01  -4.6507461e-01  -1.2472545e-01  -2.3773625e-01  -3.1984735e-02   2.4263527e-01  -1.1709175e-01  -6.3347805e-02   1.4587321e-01  -1.9157814e-01  -4.3125858e-02  -4.5987821e-01   4.0081631e-02   8.5144756e-01  -1.7698676e-01  -1.1767985e-01   1.3464296e-01   5.2700995e-03  -1.3768367e-01   3.3312170e-01   3.8283251e-01   2.6214314e-01   6.8746736e-02  -2.2718421e-01   2.4096403e-01   8.6546096e-02   1.0307116e-01  -2.0053707e-01   2.2793326e-01   2.5418689e-01   4.3996145e-01  -1.9367133e-02  -3.2722203e-01   2.6916638e-01  -1.8154383e-01  -1.3965166e-01  -2.0173389e-01   6.4639884e-01  -8.8746519e-02   3.9823386e-01  -8.6127199e-02  -2.3522485e-01  -7.6716642e-02  -5.3468462e-02  -3.6291286e-01   5.7886608e-01  -5.1907186e-01   6.4953552e-01  -3.7215599e-02   1.5215608e-01   3.5754823e-01   1.1818079e-02  -1.0101255e-01  -8.0496835e-02  -4.0961984e-01   6.0984014e-01  -1.2051398e-01  -1.8467723e-01   2.3538006e-01   5.4431411e-01  -1.5915276e-02  -2.5085224e-01  -2.9725892e-01  -9.0263506e-02   7.4861889e-02   2.7027278e-01   3.7956572e-01   4.8495249e-01  -4.3008551e-02   6.0465020e-01  -3.5996595e-01  -1.5315511e-01  -3.9389906e-01  -1.6462705e-01   5.3072587e-01  -1.2271128e-02  -3.0920889e-01   1.6681952e-02   4.4281967e-01  -2.4979236e-02   5.0951806e-02   1.5303468e-01   4.4202300e-02  -1.6429178e-01   1.7816933e-01   1.1957154e-01   2.0643843e-01   3.9843543e-01  -1.7087021e-01  -1.0936091e-01   4.9801276e-01  -1.3601080e-01  -1.2274848e-01  -3.4250220e-01   5.6734682e-03  -6.6026272e-02   4.6040397e-01   8.9194484e-01   5.1217326e-02  -1.0222686e-01   8.6588132e-01   3.9172630e-02   1.2057334e-01   3.6330132e-03   1.1638919e-01  -3.7455677e-01  -1.6342782e-01   1.9713705e-01  -4.5096589e-01  -1.5060709e-01  -2.0448068e-01  -1.5571886e-01  -4.2529127e-01   3.2763413e-01  -2.8325512e-02  -4.9158660e-02  -2.5425345e-01  -1.7109762e-02   2.3411769e-02   2.2410237e-01  -2.2965919e-01   2.3549484e-01   2.5843769e-01   2.0040453e-01  -1.2590787e-01   3.6320344e-01   4.6499353e-01  -1.0113704e-01  -2.1522383e-02   2.7741903e-01  -1.5662598e-01  -3.9775237e-01  -9.9863595e-02  -2.4312178e-01   3.6499536e-01  -1.9130402e-01   3.3845790e-01  -1.0364606e-01   3.9689596e-01
  -6.0941459e-02  -1.8921807e-01  -9.6524610e-02   2.3737436e-01  -1.0600963e-01   3.3097678e-02  -1.8273472e-01   3.3460323e-01   0.0000000e+00  -8.6490241e-02  -2.4969009e-01  -1.4971518e-01   7.5337974e-02   6.2469492e-02  -1.4407137e-01  -4.4728236e-01  -3.3051927e-01   9.0611411e-02   3.2866188e-01  -1.0182071e-01  -2.3632892e-01   2.2844953e-01   7.5599827e-02   1.7881619e-01  -1.0785411e-02   4.1776508e-01  -8.1988106e-02  -8.6194171e-02  -1.8432364e-01  -2.4568479e-01  -2.2234936e-01   3.1404897e-01  -2.2975839e-01  -5.2815109e-02   5.3685916e-01  -7.8860079e-02  -1.7108315e-01  -2.0078647e-01  -4.3795107e-01  -3.2555423e-01  -1.9139644e-01  -3.5301862e-01   1.8236000e-01  -1.6266551e-01  -1.0140429e-01   9.9503589e-02   4.5705345e-02  -2.9697802e-01   1.0924742e-01  -4.0310043e-01   2.4614209e-02   4.0691338e-01  -2.7834467e-01  -3.7402916e-02   2.0933127e-02  -5.7387882e-02   7.1063031e-02   3.3121674e-01   8.0442584e-02   1.8821701e-01   9.9201386e-02   4.4589192e-02   1.0838229e-01  -1.5422587e-01  -4.3161198e-03   7.3078286e-02   9.0038469e-02   4.4261925e-01   2.0336205e-01   6.9536032e-02  -3.4830011e-01   3.0982423e-01  -2.3055248e-01  -5.4493923e-03   9.8843595e-02   1.8585553e-01   2.2269135e-02   1.3087643e-01  -1.2903742e-01  -1.0651101e-01  -1.3141874e-01  -4.8732605e-02  -4.6945249e-01   2.6004606e-01  -2.1878626e-01   2.4358097e-01   1.6604480e-01   9.4105308e-02   1.1393442e-01  -4.1915930e-02  -1.3435241e-01  -1.1234787e-03  -4.5465656e-02   6.3825613e-01  -2.1336216e-01  -1.2919053e-01   4.2118884e-01   3.2988547e-01   5.9744871e-02  -2.9047084e-04  -2.8594270e-01  -1.4564757e-01  -1.9866738e-01   3.1044388e-01   2.1653741e-01   1.7891877e-01  -9.0052808e-02   3.8831836e-01  -9.1387776e-02  -1.9992177e-01  -1.2461546e-01  -4.2159158e-02   4.7360101e-01  -4.1608524e-02  -1.3644715e-01  -4.0777804e-02   2.0700441e-01  -1.5308518e-01  -1.6733110e-01   2.0053923e-01  -4.3076448e-02  -1.1237317e-01   1.8574600e-01  -4.4771403e-02   1.7637342e-01   2.6189476e-01  -2.0776174e-01  -2.6780617e-02   4.4963463e-01  -3.0276581e-01  -2.3806146e-01  -4.5171664e-01  -1.0806148e-01  -1.5204537e-01   5.6206154e-01   3.4762740e-01   2.1903747e-01  -3.0438832e-01   3.7230865e-01  -2.1014610e-01  -2.2924731e-02   1.9265037e-01   1.3263337e-01  -2.2975922e-01  -3.7849231e-03  -3.5013220e-02  -2.4286900e-01  -9.8379942e-02   1.3058240e-01  -2.3933735e-01  -2.3140721e-01  -1.3021834e-01  -4.1567907e-02  -2.3274095e-01  -2.6154315e-01  -5.9414203e-02  -1.0551580e-01  -2.1169743e-02  -1.5079718e-01  -7.2174579e-02   1.5676069e-01   6.0334635e-02  -2.2440255e-01   3.1613758e-01   4.0320828e-01  -1.0138532e-01  -1.3474285e-01  -5.8069283e-02  -2.1879077e-01  -2.3854238e-01  -9.1474356e-02  -2.2837327e-01   2.4810787e-01  -2.3149259e-01   2.2168165e-01   2.5810774e-02   4.5179391e-01
  -3.1190685e-01   1.9722068e-01   2.1044834e-01  -1.8581420e-01   2.7177403e-01   4.3290547e-01   3.2310473e-01  -2.9997470e-01  -8.6490241e-02   0.0000000e+00  -1.9848386e-01   3.4582078e-01   1.6008065e-01  -3.8493828e-01   1.8374166e-02   2.5282942e-01   3.4895199e-01  -3.5125704e-01  -3.7512024e-01   4.6767747e-01   1.6745143e-02  -4.1623809e-01  -3.7314873e-03  -3.8064468e-01  -4.4260140e-02  -2.8799743e-01   1.6266077e-01  -3.8203327e-02   1.2881119e-01  -1.2952974e-01  -2.5472305e-01  -4.0179191e-01   7.2246843e-03   6.5730393e-01  -2.6229901e-01   3.5565554e-01   6.6519844e-02  -2.3024272e-01  -5.7653275e-03   5.4977170e-01   1.9744603e-01   2.2075080e-01   5.1717486e-01  -2.3615506e-01  -5.9773190e-02  -2.3439794e-01  -1.2319599e-01   3.2745057e-01  -1.0446359e-01   5.1363176e-01  -2.8026453e-01  -1.8712160e-01   2.5814206e-01   3.6951447e-01   1.2662863e-01  -5.4933472e-02   3.4751022e-02  -5.0634561e-01  -2.9111622e-01  -2.4394433e-02  -3.3334122e-01   1.7387517e-01  -2.2207127e-01  -1.5515078e-01  -6.0115012e-02   5.4919887e-01   1.1858490e-01   6.5146714e-02  -5.3646505e-01  -9.5087493e-02   4.5056829e-01  -3.3331917e-01   2.0723166e-01  -9.0561443e-02   1.3539927e-02  -3.0454636e-01  -3.2748497e-01  -2.4548645e-01   2.6241396e-01   1.0933047e-01  -2.3501712e-01   3.2974021e-02   3.9712518e-01  -3.2754989e-01   2.8007215e-01  -4.1769296e-01  -3.1632911e-01  -3.5567965e-01   2.4843127e-02  -3.6532870e-01   2.3789425e-01  -1.3331095e-01   6.7876909e-01  -1.7589424e-01  -3.0287029e-01   5.2536976e-01   4.1836615e-02  -3.1515959e-01  -2.7390572e-02   3.0853830e-01   1.6788296e-01   2.7741692e-02  -3.1281935e-01  -3.7847953e-01  -4.8533589e-01  -3.2335454e-01   1.8455435e-01  -3.4757136e-01   3.1908879e-01   3.4774725e-01   6.4075720e-01  -3.1787279e-01  -2.4953900e-01  -3.4881618e-01   4.3007191e-01   5.5173695e-02  -4.8409191e-01   5.8078917e-02  -1.8634675e-02  -1.7891555e-01  -4.6873775e-01   1.8731465e-01   2.7336506e-01  -2.8198035e-01  -4.3940334e-01  -4.0445829e-01   4.0545684e-02   2.7322184e-01  -4.6131778e-01   1.4566237e-01   1.6436063e-01   1.7679097e-01  -1.1757405e-01  -1.5386272e-01   1.2121765e-02  -1.8394680e-01   5.8766360e-02   7.3388531e-02  -4.1045349e-01  -3.3210708e-01  -3.6727633e-01   5.1346560e-02  -4.4663318e-01   6.2680351e-01  -2.5205933e-02  -6.5177469e-01   6.5896629e-01   4.4409064e-01   4.6116299e-01   2.0803748e-01   1.2032520e-01  -2.6915335e-01  -2.2908379e-01   1.1298767e-01   4.4013110e-01  -3.7810470e-01  -4.4606341e-01   3.5277107e-02  -1.2302381e-02  -3.4670445e-01  -7.2255776e-02  -3.4334577e-01   6.5759945e-01  -4.5795916e-01  -2.9245035e-01   1.2818159e-01   2.7246393e-01  -3.1898510e-01  -1.4220679e-01   4.7958747e-01   2.3081296e-01  -2.1797722e-01  -2.2595615e-01   2.3375966e-01  -8.4550903e-03   3.2363443e-01  -2.4187183e-01
  -1.7124148e-01  -1.1053718e-01  -1.3845506e-01   2.1733664e-01  -1.5379506e-01  -7.6813950e-02   1.1328084e-01   6.2291005e-02  -2.4969009e-01  -1.9848386e-01   0.0000000e+00  -2.1695831e-01  -1.3042680e-02   4.4985897e-02   1.0727009e-01   1.3337637e-01   9.8848955e-02   4.0935892e-01   1.6698775e-01  -1.7756083e-01   2.8824416e-01   2.2760444e-01   2.8377966e-01  -9.3599138e-02   1.9186719e-02   1.1251562e-01  -1.2433635e-02  -1.6779620e-01   4.3845498e-02   1.5970516e-01   4.1364372e-01   2.1139765e-01   9.6836787e-02   6.0746444e-02   1.1624490e-01   2.1169582e-01  -1.2641090e-01   1.5224360e-01   1.9309290e-01  -9.0669469e-02   1.2018833e-01   2.6919126e-01  -2.3253703e-01   3.8162394e-01   2.1081095e-01  -5.9217821e-02   5.5403824e-01   1.5180413e-01   5.9523484e-02  -6.5956419e-02   3.2949563e-01  -8.6199505e-02   1.7570578e-01   6.4241117e-03  -7.5590417e-02   2.2466628e-01   1.8150525e-01   2.1717971e-01   8.0362068e-02   9.6625696e-02   2.1157687e-01   6.8052913e-02  -7.8136594e-02   3.0989510e-01   1.2147884e-01   8.9846930e-02   1.9013875e-01  -3.7008506e-02   3.3495652e-01  -1.4709620e-01  -1.1232288e-01   2.1880060e-01   1.1067347e-01  -3.7949539e-03  -1.2335426e-01   1.7666751e-01  -6.3913984e-03   2.4174137e-01  -1.3911221e-01   7.9309024e-02   1.8128529e-01   8.9249773e-02   1.2525118e-01   2.3304219e-02  -2.6377450e-02   1.3655274e-01   1.9556366e-01  -1.6861442e-01  -4.4342697e-02  -1.1730138e-01  -1.2180870e-01   2.4541587e-01  -1.0877902e-01   7.7236626e-02   4.9754121e-02  -2.6545779e-01  -1.6752714e-01  -8.1043075e-02   7.9717340e-03  -2.6416847e-02  -1.0403821e-01   8.6265639e-02   3.7807526e-01   3.3942863e-02   2.7859414e-01   1.0163644e-01   2.0617062e-01  -4.2051572e-02  -4.0261610e-02   3.1583308e-01  -5.5253433e-02   1.6683791e-01   1.4034240e-02  -8.9517284e-02  -6.1664283e-03  -9.3479646e-02   7.6297388e-02   3.4800817e-02   1.9988619e-02   2.0444509e-01  -5.3846725e-02  -1.9711948e-01  -2.8837135e-01   3.3347650e-01   1.6356507e-02   9.1789356e-02   1.1389495e-01   4.8764606e-02   4.9391294e-02  -1.1807405e-02   8.1760013e-02   2.7227783e-01  -7.1872772e-02   5.3147032e-01  -1.4453856e-01   8.4794715e-02   1.1552154e-01   1.1490734e-01  -6.5334359e-03   4.5029057e-02  -1.6599561e-01  -8.2462133e-02   2.4898035e-01  -9.0840548e-02   1.0163165e-01   4.0495555e-01  -2.0286168e-01   7.7690545e-02   9.1375301e-02   3.9065953e-02  -8.1389146e-02   3.2836867e-01   1.7855366e-01   3.5228280e-01  -1.9781891e-01  -2.7576118e-03  -7.4995566e-02  -5.9122991e-02   2.7930808e-01   2.3576676e-01   1.0934950e-01   4.8178848e-01  -7.3615899e-03   2.3379489e-02   1.1919104e-01  -1.4416576e-01   1.7971150e-01  -8.1702176e-02   5.9421569e-02   1.7846229e-01  -1.5085745e-01  -1.7446439e-02   3.3406638e-01  -2.8821416e-02  -2.7954888e-01   8.0628201e-02  -5.0108593e-02
  -1.2493465e-01   7.3251740e-01   1.5924505e-01  -2.8292227e-01   5.8924715e-01   8.7766879e-02   4.0328555e-03  -1.9988937e-01  -1.4971518e-01   3.4582078e-01  -2.1695831e-01   0.0000000e+00  -6.2423298e-02  -4.2796585e-01  -7.8066973e-02   2.3676461e-01   1.7107911e-01  -3.6144141e-01  -3.9986188e-01   5.0122290e-01  -1.8683807e-01  -5.8284216e-01  -4.3066262e-01  -1.7477000e-01  -6.9289576e-02  -1.6427423e-01   5.3821261e-01  -2.5355572e-01   2.0660381e-01   4.6525012e-01   9.1241635e-02  -2.8713403e-01  -2.0658490e-01   2.9441379e-01  -4.2822328e-01   4.1574796e-01  -2.3603689e-01  -2.2138614e-01   1.2118055e-01   6.4317712e-01   1.2508407e-01  -1.5784078e-03   4.2486278e-01  -3.2324642e-01   1.3957018e-01  -1.8726152e-01  -1.9654873e-01   2.5340007e-01  -4.8902303e-02   4.4344931e-01  -2.9870420e-01  -5.4577511e-02   6.3343357e-01   1.2534097e-01  -4.5881292e-03  -3.2052620e-01  -3.9395963e-01  -4.9087628e-01  -1.0240266e-01   3.8569973e-01  -2.5026321e-01   1.5352796e-04   3.8840652e-01   1.9573668e-01   3.4852628e-01   1.3285846e-01  -3.1908114e-02   4.5137227e-02  -4.1659423e-01  -1.4360567e-01   6.4928190e-01  -3.4850899e-01   3.1714728e-01  -2.4405897e-01   8.0215925e-02  -2.1912802e-01  -2.1472965e-01  -2.3409507e-01   6.4437475e-01   1.1711379e-01  -4.9119828e-01  -8.1954028e-02   4.8610748e-01  -3.1446679e-01  -5.3825733e-02  -2.9164101e-01  -4.5875831e-01  -2.9714930e-01   3.0452945e-01  -3.1080321e-01   6.8649317e-01  -1.2818260e-01   4.0594683e-01  -1.5794662e-01  -2.4118729e-01   6.7182331e-01  -9.9803601e-03  -1.9194923e-01   1.4798777e-01  -1.9428245e-01  -1.7644755e-03  -2.8506291e-02  -4.1227066e-01   1.6701594e-02  -4.7127306e-01  -2.2311492e-01  -6.4689984e-02  -1.0916129e-01   1.6537011e-01   1.8726038e-02   3.3047690e-01  -3.6819890e-01  -3.5311167e-01  -3.0241835e-01   4.7888136e-02   6.1102685e-01  -2.7871265e-01   2.7009176e-01  -2.6329614e-01  -2.3650988e-01  -3.3461907e-01   5.3051940e-01   5.5810741e-01   6.6183994e-02  -3.8320947e-01  -3.0387876e-01   3.5794959e-01   1.8613965e-01  -3.9327928e-01   1.4407165e-01   1.5734717e-01   4.4287493e-01   3.5542486e-01  -3.2666412e-01   9.4591352e-02  -8.5093519e-02  -4.7508721e-02  -8.3632534e-02  -2.4835970e-01  -3.2926022e-01  -8.9207684e-02  -4.7447155e-02  -4.2969584e-01   2.6901953e-01   2.2177852e-01  -3.6566353e-01   6.2718997e-01   3.0359230e-01  -9.2600025e-02   2.3843342e-01  -1.0649174e-01  -3.0427627e-01  -9.6529613e-02   3.3037510e-01   7.4055216e-01  -3.3354939e-01  -2.2598751e-01   2.3667055e-01   1.5684275e-03  -4.0820051e-01   8.4782327e-02  -1.0237177e-01   3.5372100e-01  -3.8877768e-01  -1.1523226e-01   6.9015470e-01   3.2784854e-01  -3.7994670e-01  -8.4698056e-02   4.2727512e-01   6.2382532e-01  -2.9846521e-01   3.5305704e-03   2.2809208e-01   1.2438512e-01   1.4611498e-01  -3.6450101e-01
  -9.9642555e-02  -8.3227635e-02   2.2578028e-01   2.6845656e-01   2.5142572e-01   3.1028724e-01  -5.1563749e-02  -1.1746304e-01   7.5337974e-02   1.6008065e-01  -1.3042680e-02  -6.2423298e-02   0.0000000e+00  -1.1016563e-01  -2.2488490e-01   2.0736490e-01   2.0234374e-01   1.0085445e-01   1.7442249e-01   4.7424516e-01  -1.3683639e-02  -6.1989578e-02   8.0856571e-02  -2.1686933e-01  -7.7636087e-02  -1.0762248e-01   1.3844136e-01  -2.5009449e-01  -1.1305194e-01  -1.8999795e-01  -3.1416237e-01  -4.2793166e-02   1.7611597e-01   7.1894587e-03   2.3833636e-02   3.6218649e-01   1.0399924e-01   1.3072354e-01   7.5338108e-02   2.3697024e-01   6.7216343e-01   3.7343865e-01   1.8808726e-01  -3.1349519e-01   9.4074786e-02  -1.6378254e-01   2.8036086e-01  -2.1914059e-01   1.9271281e-01   2.4915710e-01   2.2147311e-01  -1.3658995e-01  -1.9597609e-01   2.0413495e-01   6.7209389e-02  -2.5887508e-01   2.8655388e-01   1.8214600e-02   8.4772904e-02   3.0944288e-02  -1.3917702e-01   2.4732129e-01  -2.0815072e-01  -3.2086988e-01  -1.5016225e-01   1.5320190e-01   1.4126003e-01  -9.8016701e-02   6.7705986e-02  -6.8572186e-02  -1.3035568e-02   1.5136729e-01   4.4191645e-01  -6.1540175e-02   2.7684410e-01  -6.1585515e-02  -1.5676502e-01  -1.2399781e-01   1.4314378e-01   1.0209727e-01  -2.5914540e-01   5.7726702e-02  -1.8182479e-01  -2.8049745e-01  -6.4228428e-02  -4.1003760e-02  -3.0210975e-02  -1.0929773e-01   1.2690129e-01  -1.2723825e-01   7.5990689e-02   1.3149605e-01   2.6069957e-01   9.3350768e-02   2.6831950e-02   2.5144927e-01  -9.7803495e-03  -8.7719464e-02  -3.7314833e-02  -2.1230535e-02  -2.6562482e-01  -3.6542969e-01  -6.2412171e-02  -1.4941631e-01   8.2820741e-03   1.7335851e-01   2.6389210e-01  -2.8606390e-02   1.6930363e-01   2.9928576e-01   4.1918880e-02  -5.0179630e-03  -4.5158225e-02  -1.2348196e-01  -3.1050747e-02  -9.5750084e-02  -1.6404285e-01   5.3237657e-01  -2.0406470e-01   2.4568553e-01   1.2103833e-02   2.3432337e-01   1.5132125e-01  -3.8380763e-01  -1.9793949e-01  -2.1619144e-01  -2.3671534e-01   3.0548296e-01  -3.4603059e-02  -1.1080780e-01   4.0925280e-01  -1.0151544e-01  -3.4879883e-01  -6.7336302e-02   1.0935116e-01  -3.3130360e-03   4.5503158e-02  -2.5550664e-01  -1.2777144e-02   1.3352093e-01  -1.1129056e-01   6.9175844e-01  -1.2512460e-01   1.0947059e-01  -1.1056577e-01  -1.8784816e-01   3.3794601e-02   3.3552551e-01   1.3614014e-01  -7.5205387e-02  -1.3294311e-01  -3.2803633e-01   3.8701832e-03   1.0916673e-02   1.1980654e-01   3.4539889e-02  -4.7800665e-02   8.3684099e-02   1.1213035e-01  -2.3520929e-01   1.2305933e-01  -1.8252396e-01   3.0423872e-03   9.9882321e-02   1.3405171e-01   6.9575369e-02  -1.0957687e-01  -2.2883318e-01   1.2665936e-01   2.3555425e-02   5.7044526e-02   8.0401711e-02  -1.9191680e-02   1.7249332e-01   3.9346625e-02   8.7094639e-02   8.0282749e-02
   5.3239479e-01  -4.5189572e-01  -1.2364131e-02   2.0010727e-01  -2.7866910e-01  -2.8565866e-01  -2.6340795e-01   3.4972999e-02   6.2469492e-02  -3.8493828e-01   4.4985897e-02  -4.2796585e-01  -1.1016563e-01   0.0000000e+00  -2.5755368e-02  -1.2112239e-01  -9.7806399e-02   3.3637168e-01   2.7704061e-01  -3.3202039e-01   2.3663255e-01   5.7034955e-01   2.2430711e-01   3.4376988e-01   2.1562053e-01   1.0444190e-01  -3.2068623e-01   3.0116985e-01  -1.4414670e-01  -2.4676719e-01  -1.0116973e-02   2.4375691e-01   2.1617812e-01  -3.1309184e-01   3.8039576e-01  -2.0057930e-01   5.7375103e-02   1.7682469e-01  -8.6759703e-02  -4.2630929e-01  -2.2751294e-01   3.8092026e-02  -6.5906836e-01   2.6806844e-01   3.6254035e-02   5.4561174e-01   1.9328745e-01  -4.3878046e-01   1.3117953e-01  -4.0259701e-01   2.0410675e-01  -1.8462558e-01  -4.0957053e-01  -1.4948279e-01   3.1561625e-02   1.8648078e-01   1.2225198e-01   4.5541208e-01   2.1640190e-04  -5.4145909e-02   5.8145000e-01  -4.4667979e-02   2.2405795e-03  -8.7863695e-02  -1.5038617e-01  -3.6613743e-01  -9.1041604e-02  -7.3821628e-03   3.4693648e-01   5.7179448e-01  -5.9839635e-01   4.0660823e-01  -3.6072809e-01   4.6307488e-01  -3.0116537e-01   1.0114818e-01   6.7498135e-01   3.4829509e-01  -3.3426487e-01   8.8095977e-04   3.0297020e-01  -1.1579270e-01  -4.3908585e-01   3.5176925e-01   2.5534346e-01   2.2775208e-01   5.2122691e-01   4.7335621e-01  -5.4275801e-01   6.0734537e-01  -4.5451956e-01   2.7575942e-01  -4.6651724e-01   6.3944299e-02   3.3637259e-01  -3.5045806e-01   2.0071771e-01   6.2386176e-02   1.9822719e-01  -2.2443290e-01   6.8574768e-02   3.8158076e-03   3.7278943e-01   3.2977295e-01   4.4288871e-01   1.9009604e-01  -1.8223979e-01   2.6621001e-02  -2.9735682e-01  -1.3285362e-01  -5.4059642e-01   4.2772580e-01   2.0591359e-01   7.0632525e-01  -3.3071521e-01  -3.3083739e-01   3.8903730e-01  -3.4306664e-01   1.9778546e-01   2.8082134e-01   5.6839596e-01  -1.9223959e-01  -4.6442516e-01   3.2904047e-02   6.7430200e-01   6.5442279e-01  -9.6514157e-02   2.1933600e-02   1.7752027e-01   1.2005207e-01  -3.2133642e-01  -2.5858352e-01   1.8952357e-01   1.1036710e-01  -2.7714671e-01  -3.7441604e-02   1.0731448e-01  -4.8966950e-02   3.9701100e-02   2.9806081e-01   4.5694121e-01  -2.5561556e-01   4.7361380e-01  -3.2945892e-01  -1.3397442e-01   3.3524461e-01  -5.6084589e-01  -3.3723828e-01  -2.1874211e-01  -2.5201113e-01   3.1867711e-01   2.8172704e-01   4.1877554e-01  -4.1344848e-01  -4.6316751e-01   3.6307954e-01   5.7193052e-01  -1.6203816e-01   2.7050228e-01   3.0796558e-01  -6.5199035e-02   1.7818358e-01  -4.5620742e-01   2.2519261e-01   2.4090621e-01  -2.3103625e-01  -2.1051977e-01   4.6059308e-01   3.8887554e-01  -4.1249557e-01  -3.7857823e-01   1.0645705e-01  -7.8777636e-02  -4.6725665e-02  -3.2085028e-01  -2.4725906e-01   3.5349380e-01
