   0.0000000e+00  -2.2817445e-01  -1.4615783e-01   1.6452142e-01  -1.2699754e-01   1.8580463e-02  -1.7298877e-01   9.5916974e-02  -7.5889426e-02  -2.3940503e-01   1.3801518e-01  -3.3895493e-01  -2.7238266e-01   6.2755129e-01  -2.0215795e-01   1.8181274e-01  -2.7182974e-01   8.5647514e-02  -1.4919281e-01   9.0582419e-02   1.4586848e-01  -1.7613361e-03  -1.2732210e-01   6.9131896e-01  -2.2324448e-01   3.1897197e-01   5.6843277e-02  -1.7949229e-01  -1.3376594e-01   1.3220786e-03   4.2383008e-02   5.0417213e-02   8.1079865e-02  -2.9971288e-01   3.9169559e-02   1.1237175e-02   9.2227015e-02   3.2347770e-01   3.4052004e-01  -3.7449528e-01  -1.8344327e-01   6.5555926e-02  -7.0736094e-02   1.5663595e-01   2.4266464e-01   4.8013972e-01   1.3558585e-01  -1.0534914e-01  -3.2358028e-02  -2.8621069e-01   1.0986356e-01   1.6616579e-01  -8.7839725e-02  -1.5291452e-01   8.1887522e-02   1.1944957e-01   1.8920946e-01   9.6373935e-02   1.8481409e-01  -2.8135377e-01   3.3921110e-01  -1.6584425e-02   3.5735645e-02   1.7021841e-01   1.9489183e-01   5.7967200e-02  -1.5543136e-01   3.3051995e-01   7.5207586e-02   2.4878280e-01  -1.9559968e-01   2.7648898e-01   1.0015364e-01   4.5552840e-01  -3.7974463e-02   1.7701662e-01   3.6373636e-01  -1.2411217e-01  -1.1532920e-02  -1.0374417e-01  -2.1250441e-01   9.7643944e-02   1.6493302e-01   3.4607199e-01   3.3562977e-01  -1.0131066e-02   2.0870763e-01   3.9310082e-01  -1.2000716e-02   6.8605428e-01   8.5850214e-03   1.2905564e-01  -2.2065073e-01  -1.0070209e-01   3.5499791e-01  -9.8202464e-02  -1.0729228e-01   1.0008186e-02   1.2695440e-01  -2.7186473e-02   5.1190052e-01   1.4408748e-01   1.7690275e-01  -1.1667864e-01   1.5919421e-01   9.4819793e-02  -6.3233488e-02   5.9208666e-02   6.6794140e-02  -1.7069731e-01  -1.3569130e-01   1.5519249e-01   1.1305720e-01   7.2005636e-01   1.9728097e-01  -1.8162716e-02  -1.1295141e-01  -3.8998381e-03  -2.5538809e-01   2.0252724e-01   3.4042337e-01  -5.0215493e-02  -1.8338490e-01  -5.6130452e-02   3.5746432e-01   5.7541978e-01   1.1236350e-02   3.0605986e-02  -1.2707824e-01  -2.6206336e-02   3.9323956e-01   2.6379080e-02   3.1113796e-01  -2.5787030e-02   1.7690756e-01   3.9665656e-02   4.7063631e-02  -1.9300596e-01   1.9328776e-01   3.3875589e-01   3.7754279e-01  -4.7607723e-02   4.4139089e-02  -3.3051511e-01  -8.2707492e-02   1.7647967e-01  -3.5170024e-01   1.2895762e-02  -3.6374708e-02   5.0435267e-02   6.0438284e-01   1.5467066e-01   4.3292423e-01   1.1668281e-01  -4.1737674e-01   4.6886852e-01   4.0614660e-01   9.5705955e-02   1.8709667e-02   1.6900358e-02   2.1830249e-01  -8.1419787e-02  -2.1983061e-01   9.4628761e-02  -4.0432750e-02   8.2640837e-02   6.9428908e-02  -1.7766556e-04   4.4459196e-01  -2.9528844e-02  -7.1830646e-03   3.9205571e-01   3.0686692e-01  -3.5718460e-01  -2.6963847e-01  -4.0904453e-02  -3.6557336e-03
  -2.2817445e-01   0.0000000e+00   2.4312896e-01   1.1074293e-01   5.9555083e-01  -4.4088980e-01   3.2285347e-01   9.8478510e-02   4.9710790e-01   3.2507932e-01  -3.1268514e-01   3.9212942e-01  -1.4876396e-01  -2.8291654e-01   1.6240836e-02  -2.0756471e-01   5.4418020e-01  -2.7244570e-01  -5.1809942e-02   2.1237546e-01  -1.0696535e-01  -4.5439201e-01  -4.2868866e-01  -1.1611101e-01   1.4508292e-02  -2.1645326e-01  -2.6696759e-01  -7.3487081e-02   1.8482824e-01   2.9478150e-01   2.1296199e-01  -2.2759790e-01   1.1792596e-01   2.5130544e-01  -6.1820659e-02   4.1757014e-02  -7.4096891e-02  -1.6506086e-01  -1.7417732e-01  -9.1679502e-02   1.3701055e-01  -3.4577919e-02   5.6177188e-01  -6.1432969e-02  -2.4730507e-01  -2.6559660e-01  -3.3805689e-01   3.1264320e-01   3.6632537e-01   5.1740354e-01  -4.8296155e-01   3.5459440e-02   3.4390740e-01   4.8545201e-01   1.0324452e-02  -3.4750743e-01  -4.7355215e-01  -2.3251728e-01   9.1380714e-02  -8.4621622e-02  -2.7518936e-01   2.5047308e-01   6.1985064e-01  -1.0984154e-01   4.2903827e-01  -4.4198569e-01  -2.4470277e-01  -1.0065300e-01  -3.3212602e-01  -4.9316610e-01   8.1196192e-01  -4.1164785e-01   1.8711223e-01  -1.5624727e-01   1.7279296e-02  -1.1187075e-01  -3.4005826e-01   5.2820442e-02   4.9604163e-01   1.7006131e-01  -1.9911815e-01  -1.3301951e-01   9.2343646e-02  -2.4060544e-01  -2.2863060e-01   1.1518268e-01  -9.1869128e-03  -2.6153317e-02   4.7619853e-01   1.1286507e-01   5.1465405e-01   1.2789021e-01   4.9672484e-01   3.8474086e-01  -2.5325638e-01   5.5483927e-01  -1.8480238e-01   7.4651394e-02   3.9044955e-01  -3.0223186e-01   6.0111780e-02  -5.3742668e-01  -5.3038887e-01   2.3619591e-01  -3.1200943e-01   1.0095898e-01   1.2475305e-01  -6.7769018e-02  -3.8577573e-02   5.9859528e-01   2.9338868e-03  -5.1657089e-01  -2.1706565e-02  -1.2245173e-01  -6.3687343e-02   6.5082749e-01   6.6689990e-03   2.8327702e-01  -1.4981327e-02  -2.0260172e-01  -2.6703384e-01   4.2792347e-01   5.0597839e-01   5.8709860e-01   1.7005625e-03  -3.1507330e-01  -1.3380703e-01   2.2489003e-01  -1.0402821e-01  -6.2200598e-02  -4.0003642e-02   3.8846066e-01   1.4603041e-01   1.2802143e-01   1.9454365e-01  -9.7076712e-02  -1.4842111e-01   1.3966397e-01  -2.2754279e-01  -3.4390377e-01   1.5986917e-01  -2.0624764e-01  -3.4966062e-03  -1.6897168e-01  -6.2254418e-02  -1.1947993e-02   3.2786120e-01  -2.5637631e-01  -2.0007987e-01   1.0581694e-01  -2.0460776e-01  -2.5731096e-01   3.7571611e-02   4.5264114e-01   4.3997318e-01  -2.2280276e-01  -2.6615306e-01  -4.4914616e-02   3.2856031e-01  -1.8528381e-01  -2.9986417e-01  -2.4505122e-01   1.4698556e-01  -9.6692888e-02  -7.1139342e-02   3.3955607e-01   9.0248422e-02  -4.5933527e-01  -4.6170594e-02   7.5881693e-01   1.5184136e-01  -2.7126647e-01  -2.2237196e-01   2.0149201e-01   1.0947537e-01   2.7229361e-01   3.5624529e-01
  -1.4615783e-01   2.4312896e-01   0.0000000e+00  -4.1852473e-03   3.0337184e-02   2.7349297e-01  -1.5558128e-01   3.2108270e-03   7.2695427e-02   3.6963331e-01  -1.7700249e-01   2.8644264e-01  -1.2246438e-02  -9.2895877e-02   2.1319696e-01   2.6306286e-02   7.8159333e-01   9.7139602e-02  -6.9188999e-02  -5.8599453e-02  -1.5910954e-01  -7.3238402e-02   8.5491639e-04  -2.0921037e-01  -1.3184848e-01  -3.1966044e-01  -1.0615654e-01   2.2805888e-01  -1.3852536e-01  -1.8624956e-01   9.1220411e-02  -1.4857390e-01  -8.9094794e-02   2.4316584e-01  -3.5367339e-01   2.6696423e-02  -2.5261216e-01  -9.9014845e-02  -1.4935930e-01   1.7023171e-01  -3.9894327e-02  -1.3543522e-01   1.4225073e-01  -1.9263283e-01  -1.9258888e-01  -1.0910062e-01   4.2781332e-03   4.6748326e-03  -2.8301651e-02   6.5732406e-01   9.9118690e-02  -1.6325204e-01   2.7609419e-02   3.6447245e-01   5.6649734e-02  -7.5816550e-02   1.3187795e-01   4.1118730e-04  -2.9848456e-01  -2.5626758e-02  -1.2307311e-01   3.2161048e-02   3.8333615e-02   7.8847919e-02  -2.8699358e-01  -1.0981061e-01   1.7870275e-01  -2.3579887e-01  -2.1173934e-01   2.6101160e-01   2.1929551e-01  -1.5468873e-01  -6.3812813e-02  -2.3170892e-01   6.2572368e-02  -1.1822932e-01  -1.7062993e-01   1.4579477e-02  -2.3032050e-01  -4.2977584e-02   1.7895078e-01  -2.7821797e-01   5.9589991e-02  -1.0934061e-01   1.2504158e-01  -9.9936746e-02  -3.2120480e-01  -5.0205434e-02   2.4087740e-01  -1.3767851e-01  -2.1810329e-01   3.5049146e-01   2.5761143e-01  -1.8887486e-02  -1.9597498e-01   1.9666146e-01  -7.6174554e-02   8.2447614e-02  -6.1328428e-02  -3.1097840e-01   2.0244782e-01  -7.9795467e-02  -2.4032078e-01  -8.6130358e-02  -1.2070866e-01  -1.2467217e-01   3.2607689e-02  -6.9465628e-02  -3.3449995e-02  -3.3679826e-03   2.4357848e-01  -2.1975491e-01  -7.7157973e-02  -1.2183466e-01   3.1263019e-01  -2.3108653e-01  -1.1259582e-01   6.1862392e-02   5.6254107e-01  -1.3794716e-01  -1.5564259e-01  -2.1988964e-01   5.1141835e-02   5.9046498e-02  -1.2715125e-02  -8.5324856e-02  -1.0688041e-01   6.6962833e-02  -1.1826894e-01   5.0064401e-01  -2.5425502e-01  -2.1141214e-01   7.7976082e-02   9.3803878e-02  -7.0393706e-03  -4.7616963e-02  -2.7379792e-02   2.0397137e-01  -1.0138437e-01  -1.2709855e-01  -1.7643887e-01   2.1143970e-02   4.6347200e-02   5.3663321e-01   1.9250902e-01  -3.3865663e-01   3.6431043e-01   5.8223796e-03   8.5066937e-02  -8.7351275e-02  -3.5154558e-02   1.1913775e-03   4.0858374e-02  -1.1354924e-01   3.8375924e-01   6.0959250e-02  -1.0623956e-01  -2.2378043e-01   4.2336747e-01   7.4077520e-02  -3.2286463e-01  -5.9740853e-02   2.0137424e-01  -2.6548903e-01  -6.8450158e-02  -3.6023482e-01  -2.3282942e-01   2.0880514e-01  -9.9463093e-02   6.9702182e-03  -2.8009040e-01  -5.6866135e-02  -3.2138695e-01   4.1463212e-01   9.1610351e-02   3.0228231e-01  -1.8277693e-01
   1.6452142e-01   1.1074293e-01  -4.1852473e-03   0.0000000e+00  -7.0509453e-02   3.7283867e-02  -3.5116782e-01   1.3025214e-01   2.9767996e-01  -1.4396847e-01   3.6282083e-04  -2.1879443e-01  -1.5258440e-01   2.8640600e-01  -2.2876868e-01   1.5934810e-01   3.0694637e-02  -9.7165224e-02   1.3044819e-02  -1.9711297e-02  -8.5923504e-02   2.2487048e-01  -2.1130532e-01  -1.5095521e-02   2.6197182e-01   3.1811838e-01  -1.6160603e-01  -8.1327013e-02  -1.7891570e-01  -1.6083253e-01   1.5147215e-01   3.4027762e-01   2.7629032e-01  -2.2144935e-01  -2.4305701e-02  -4.8510199e-02   8.8877616e-02  -8.4542396e-02   1.8647975e-01  -3.1011720e-01   3.1657120e-02   2.4408566e-01  -1.2056104e-01   1.6373099e-01   5.6840165e-02  -3.6856719e-02   1.0230218e-01  -2.5123760e-01   2.5374977e-01  -1.1170391e-01   1.1390262e-01   2.2415877e-01  -1.6004213e-01   2.3838130e-01   1.4301434e-01   1.9892345e-01  -3.7915112e-02   4.1816254e-01   3.2589671e-01   1.4551937e-01  -5.9325923e-02  -1.6610074e-01   1.7968217e-01   7.8391440e-02   5.5194760e-02  -1.2622948e-01   1.3232740e-01   7.9615138e-02   3.0568396e-01  -2.8366066e-01   2.4304053e-02   3.9732883e-01   4.5285332e-02   2.6298300e-01   1.4672244e-01   1.1484997e-01  -1.2493849e-01  -3.0358446e-02  -1.4081554e-01   2.4589156e-01  -2.8311234e-01  -6.9006178e-03   1.6521728e-01   1.5284142e-01   2.4719183e-01   9.2684389e-02   2.3303847e-01   3.5251183e-02   1.8853209e-01   1.1280137e-01   1.0965253e-02  -9.4738955e-02  -1.8840221e-01   8.4142755e-02  -5.6159314e-02  -5.6578921e-03  -7.6454030e-02   4.9419726e-02   1.1249491e-01  -1.2408611e-01   1.7911613e-01  -1.1794256e-01   8.8481910e-02   1.6554212e-01   2.3662003e-01   4.3703325e-01   6.5998270e-02  -2.4621690e-02   5.7082735e-02  -7.9551742e-02  -1.3102135e-01  -5.7350944e-03   5.3880484e-01  -6.4876801e-02   3.6858293e-02   5.3179579e-02  -1.1296152e-01  -7.0170111e-03  -1.8249782e-02   6.3007965e-01  -1.1182052e-01  -1.6458720e-01  -1.6816001e-01  -3.2671045e-02   6.8069702e-02   1.0077290e-01  -6.0375684e-02   1.7988972e-01   5.1786661e-01  -2.1726423e-01   9.6890539e-02  -6.0183369e-02   3.8615875e-01   1.0018321e-02   5.2194086e-01   1.7496045e-01   8.4736539e-02  -1.8554437e-01   3.6565270e-01   3.9781113e-02  -5.0753669e-02  -2.0027769e-01   2.0855163e-01  -1.7013839e-01  -2.0554848e-01   2.1869282e-01  -1.8889265e-01  -3.2347002e-02  -1.1955893e-01   1.3739205e-01   9.2604349e-02   8.4073541e-03   3.0643020e-01   6.4916575e-02  -3.0921440e-01   1.0159300e-01   4.5304751e-02   1.4238356e-01  -7.5744994e-02  -1.0938509e-01   9.4952864e-02   1.3566806e-01  -1.4880703e-01   2.8894702e-01   3.2829644e-01  -1.3887655e-01  -1.4673906e-01   1.5791661e-01   2.2338386e-01   6.7891456e-02  -1.6394236e-01  -5.3518517e-02   2.7642582e-01  -8.0529895e-02  -8.5229678e-02   1.6905397e-01   4.4802023e-01
  -1.2699754e-01   5.9555083e-01   3.0337184e-02  -7.0509453e-02   0.0000000e+00  -2.7871529e-01   2.8998370e-01  -8.5492807e-02   2.2009709e-01   1.3080125e-01  -2.8557535e-01   2.9672806e-01   1.5235495e-01  -3.0938411e-01  -1.2339255e-01  -5.1055157e-01   3.9844429e-01  -2.4943706e-01  -6.0693107e-02   6.0622759e-01  -7.8783253e-02  -4.5710701e-01  -4.4728141e-01  -4.9276252e-02   5.1705775e-02  -3.8125534e-01  -1.6439795e-01  -3.2414822e-01   1.8958318e-01   1.8521412e-02  -7.0233178e-02  -4.1243867e-01   1.6691257e-01   1.6506716e-01  -1.4648723e-01   2.0376242e-01  -6.1616162e-02  -1.4943966e-01  -2.6964156e-01   5.8905561e-02   2.7010830e-01   6.7711158e-02   4.0339254e-01  -9.2017273e-02  -1.8208053e-01  -2.9942138e-01  -3.1202441e-01   2.6260348e-01   5.5347646e-01   3.7105523e-01  -5.0594056e-01  -1.7943421e-01   2.3598599e-01   3.8448526e-01   5.2282368e-02  -2.5345523e-01  -2.1828948e-01  -4.3427023e-01   6.1518600e-02  -1.7811737e-01  -3.0763182e-01   4.1497679e-01   3.2863546e-01  -4.4506702e-01   1.9966183e-01  -2.3208512e-01  -2.3424290e-01  -8.5195383e-02  -3.3921216e-01  -4.1977776e-01   7.1616466e-01  -4.4634344e-01   2.9669392e-01  -1.0048732e-01   2.9753243e-01  -6.0244255e-02  -2.0062871e-01  -2.4548354e-02   6.5199618e-01   3.6336127e-01  -3.3966650e-01   1.4667482e-03  -1.1334205e-01  -3.3342013e-01  -3.2918049e-01   1.3755623e-01  -1.9935937e-01  -4.0398008e-02   3.4397866e-01   1.5374026e-01   6.1762998e-01   1.6937867e-01   4.6288939e-01   1.6331084e-01  -1.3755410e-01   7.2940273e-01   2.4075022e-01  -1.2395926e-01   3.8743727e-01  -2.3139360e-01  -2.2368014e-01  -5.4747992e-01  -5.6677480e-01  -6.1268306e-02  -4.0157228e-01   6.0499374e-02   3.5573295e-01  -2.0055828e-01   1.8879455e-01   5.2984708e-01  -3.9509076e-02  -4.3550884e-01  -1.5116659e-01  -1.0899939e-01  -3.7499133e-01   7.0377964e-01  -1.4527103e-01   2.3269071e-01  -1.5522276e-01  -4.2421610e-01  -1.4510985e-01   6.8206417e-01   3.7774896e-01   3.2470562e-01   5.8281655e-02  -3.1246829e-01  -1.6116094e-01   2.6652588e-01  -2.7190929e-01  -1.0389657e-01   1.3221397e-01   2.0651211e-01  -5.4041589e-02  -8.6741966e-02  -5.4117134e-02  -1.8147277e-01   1.6424604e-01  -5.6782696e-02  -3.6717985e-01  -1.9658108e-01   7.9660545e-02  -3.1676216e-02   5.5525955e-03  -2.4931609e-01  -2.2788596e-01  -1.6502077e-01   2.4681969e-01  -8.7542333e-02  -1.2080423e-01  -8.4221302e-03  -3.3035856e-01  -4.4852711e-01   4.9938173e-02   3.6762168e-01   5.7481788e-01  -9.6757710e-02  -2.3590049e-01  -6.4760006e-02   2.9521747e-01  -3.9132952e-01  -1.5722910e-01  -2.9345705e-01   9.0868963e-02  -2.9627372e-01  -1.7418253e-01   3.3609834e-01   9.8020593e-02  -5.3355846e-01  -2.3548449e-01   5.7548904e-01   2.6208106e-01  -2.5729880e-01  -2.1829525e-01   1.5786443e-02   9.6813974e-02   1.9542383e-01   1.3498827e-01
   1.8580463e-02  -4.4088980e-01   2.7349297e-01   3.7283867e-02  -2.7871529e-01   0.0000000e+00  -1.3054728e-01  -3.7497039e-02  -1.1999192e-01  -1.1393237e-01   2.0997955e-01   7.5997759e-02   1.0574145e-01   2.5987425e-02   7.8082683e-02   2.9142661e-01  -8.2434816e-02   1.9148586e-01   4.1026639e-04   1.0320435e-01  -1.3193929e-01   4.3128401e-01   2.9930077e-01  -3.0059257e-01  -1.7299014e-02  -1.8607155e-01   5.1592819e-01  -1.4378549e-01  -2.2498708e-01  -2.4405330e-02  -4.0951414e-01   1.3435332e-01  -1.9629447e-01  -1.7003021e-01   8.4591313e-02   2.6967191e-01   3.8423668e-02   6.4932361e-02   4.4218889e-02   8.7419169e-03  -1.4839741e-01  -6.7766818e-02  -1.1329704e-01  -4.9088470e-02   5.1485724e-01   1.1007717e-01   4.9960719e-01  -3.4708703e-01  -4.5862921e-01  -1.4175229e-01   5.1707309e-01  -1.8003219e-01  -4.7482219e-01  -3.4358011e-02  -2.2082837e-01   2.6058938e-01   7.2123258e-01   1.9631583e-01  -1.4122261e-01   3.3447293e-01   1.6385556e-01   3.1337105e-02  -3.4783601e-01  -9.0820743e-02  -2.7707872e-01   6.4168288e-01   7.4403458e-01   5.9762156e-02   3.4425564e-01   3.3806454e-01  -4.7649086e-01   4.8005740e-01  -1.1904381e-01  -1.6892747e-01  -1.2288818e-02  -4.0927415e-02   9.8702990e-02  -4.9281690e-03  -1.4934226e-01  -1.6557536e-01  -3.8098901e-02   5.5470257e-02  -2.0360558e-01  -5.0111363e-02   1.4716777e-01  -1.4788004e-01   1.5954884e-02  -1.3106765e-01  -1.2791763e-01  -1.5732003e-01  -2.9998426e-01  -3.9426110e-03  -6.3811889e-03   4.3481973e-02   1.7741374e-01  -9.7973074e-02   9.5988827e-03  -3.8844445e-02  -2.8600317e-01   2.0633520e-01  -1.4367740e-01   1.4507131e-01   2.4174993e-01  -5.7995315e-03   1.6833195e-01   8.0099099e-02  -1.1365375e-01   3.0472593e-01   1.2849274e-01  -1.8312417e-01   2.3521485e-01   6.2233506e-01   1.8130909e-01   3.2172895e-02  -6.6465408e-02  -5.5213922e-01   6.9692066e-02   1.5515862e-02   7.1843490e-02   1.6969850e-01   5.6209258e-02  -1.6752882e-01  -1.2671255e-01  -5.4105419e-01   2.1069240e-02  -8.2299207e-02   2.5813885e-01  -8.0061476e-02   2.0640026e-01   1.4157893e-01  -3.7708696e-02  -4.8402518e-01  -1.0175416e-01  -2.0973733e-01   1.4163871e-01   9.6663210e-02  -2.4076705e-02  -3.4686677e-01   1.0689552e-01   2.4439299e-01  -3.2758723e-01   8.8785856e-02   1.0472613e-01   3.0377154e-01  -8.0289291e-02  -1.4757281e-01  -1.0075483e-01   5.1473772e-01   5.0332753e-01   2.2906289e-03   1.7001318e-02  -8.5452216e-02   1.4801173e-01  -2.0398348e-01  -9.8546282e-02   3.9838344e-01   1.4414142e-01  -2.3259328e-02  -1.5515885e-01  -1.5019993e-02   9.1277539e-02   1.5538697e-01  -9.4531233e-02   1.3565147e-01   1.9130290e-01  -1.7929098e-01  -1.6525466e-01   4.2047556e-01  -3.3918337e-02  -5.7698328e-01  -6.3416761e-02   2.4118757e-01   2.1238108e-01   2.8060685e-01   1.4219606e-02  -8.4297365e-02  -1.6976011e-01
  -1.7298877e-01   3.2285347e-01  -1.5558128e-01  -3.5116782e-01   2.8998370e-01  -1.3054728e-01   0.0000000e+00  -5.9450888e-02  -5.6914691e-02   4.2807676e-01  -3.8046285e-01   6.2156948e-01  -7.6222109e-02  -3.8870096e-01   1.5331191e-01  -9.4170382e-03   1.0501509e-01  -5.3232778e-01  -2.0187446e-01   2.2593975e-01  -3.4135432e-01  -4.8946901e-01   5.6163128e-02  -1.6108258e-01  -1.0558538e-01  -2.0876756e-01   3.5771309e-01   1.5034655e-02   1.8424912e-01   1.7649276e-01  -3.7445876e-01  -2.1900617e-01   1.2652193e-02   5.4008156e-01   1.5076951e-01   1.4710363e-01  -3.2978434e-01  -5.0213122e-02  -2.3828897e-01   2.9688076e-01  -1.0483966e-02   1.2071285e-01   6.0986959e-01  -1.1260105e-01  -3.1956321e-02  -4.6803938e-02  -3.4007591e-01   4.0460262e-01  -1.4922134e-01   2.2198348e-01  -3.6761593e-01  -4.5891107e-02   2.7223003e-01   1.2587073e-01  -3.6148080e-01  -2.2363188e-01  -2.6021610e-01  -4.7909771e-01  -5.0323321e-02  -1.1401604e-01  -4.9222197e-02   3.1674687e-01   2.9495772e-01  -3.8519880e-01   4.7656393e-02   1.2328631e-01  -1.3759203e-01  -7.4125185e-02  -3.7525037e-01  -1.2693971e-01   3.3358959e-01  -3.3410523e-01  -2.5809394e-02  -3.2655873e-01  -1.1268145e-02  -1.4692881e-01  -2.9716518e-02   1.4996335e-01   4.1474018e-01  -4.9871530e-02   1.7174641e-01  -7.8540309e-03  -1.9308002e-01  -4.0132761e-01  -5.9710707e-01   1.1823616e-02  -1.9912666e-01  -1.8883856e-01   7.0486103e-02  -2.2358951e-02   2.2974685e-01   1.4044209e-01   7.4145950e-01   1.3500224e-01   8.4667725e-02   2.6771984e-01   7.8893152e-02   6.9609137e-02   2.2980845e-01   2.2199113e-01  -3.0227084e-01  -9.9113654e-02  -4.9079620e-01  -4.6571271e-02  -4.0560154e-01  -4.2533917e-02  -1.2470650e-02   5.3932343e-02  -1.5524541e-01   4.7400858e-01   3.3464802e-01  -2.3955972e-01  -1.4331693e-01  -4.3613085e-02  -1.0047495e-01   3.3118718e-01  -4.3708655e-02   3.0375566e-01  -2.1285618e-01  -2.9401926e-01  -9.6901826e-02   5.0041612e-01   5.3924531e-01  -2.5462922e-02   6.5293256e-02  -3.0086947e-01  -1.6778150e-01   3.9825348e-02  -2.0289148e-01  -3.4352008e-02   8.4902882e-02   2.5887499e-01  -3.2489773e-01  -2.4244858e-01  -4.9297459e-02  -2.2766361e-01   1.9795628e-01   2.9891519e-02  -3.3995031e-01  -1.0393240e-01   9.9458671e-02  -2.5516417e-01   2.3699709e-02   6.0246339e-02   8.3305501e-02  -3.9695548e-01   4.5029162e-01  -2.4920666e-01   2.9164658e-01  -3.9172115e-01  -3.1239026e-01  -4.1443680e-01  -3.3172628e-01   9.0315882e-02   3.5253650e-01  -2.2130721e-01  -8.9873975e-02   1.1113155e-01   3.7904713e-02   5.6478169e-02  -1.8735038e-02  -1.3226697e-01   1.0442079e-01  -2.0343674e-01  -2.7772678e-01   6.6537690e-01   3.5192599e-01  -4.3579414e-01  -3.0221059e-01   3.4885350e-01   7.0315322e-01   6.6575195e-03  -2.1086329e-01   9.4801695e-02  -7.7108014e-02  -1.6113126e-01  -9.9307709e-02
   9.5916974e-02   9.8478510e-02   3.2108270e-03   1.3025214e-01  -8.5492807e-02  -3.7497039e-02  -5.9450888e-02   0.0000000e+00   3.8421521e-02   1.2422796e-01   1.0304686e-01  -8.3531667e-02  -1.5484610e-01   1.6088651e-01   5.0150331e-02   7.4038748e-02   1.1770334e-02   8.4663754e-02   2.1360862e-01  -1.5491496e-01   1.5185132e-01   1.4066242e-03   1.1784007e-01   7.2818881e-02  -5.3760233e-02   3.2852594e-01   4.6400187e-02   1.0968791e-01   9.8507794e-02   4.9084024e-02   1.6532865e-01   6.7954610e-02  -4.6498326e-02   5.1687924e-02   2.2562777e-01   5.0057180e-03   1.6028898e-01  -1.8163482e-01   1.4258496e-01  -2.5866849e-01  -6.2450982e-03  -5.4928568e-02   1.2008637e-01   2.7359871e-01   1.8222984e-01   7.1544018e-02  -7.8583621e-02   1.2523373e-01  -3.7994437e-03  -9.2700308e-02   9.1038218e-02   5.0528551e-01   2.3114341e-01   5.5610883e-02  -2.0957171e-02   1.2752141e-01  -6.9758987e-02   1.2741535e-01   1.0165872e-01  -2.5975211e-02   1.8563620e-01   1.3943028e-01   1.3704136e-01   4.2291362e-01   2.3599156e-01  -1.1741009e-01   5.5222216e-02   1.9186047e-01   1.3648617e-01   2.4029912e-02  -1.1957617e-02   9.9609550e-02  -1.0264107e-01   1.7038277e-01  -1.5361717e-01  -4.6516175e-02  -8.1128124e-03  -8.3141088e-02  -2.5303584e-02  -7.6205184e-02   8.9312491e-02   9.6208925e-02   7.9869001e-02   3.8419276e-01  -2.9014211e-02  -3.2467211e-02   3.3692287e-02   6.2524805e-02   1.3581819e-02  -4.4051387e-02   3.6316417e-02   7.9266752e-02  -4.0863107e-02   5.7733285e-02  -2.0205070e-02  -7.1813463e-02  -1.6169837e-01  -5.0506881e-03   6.5322181e-02   1.5245582e-01   2.3865854e-01   2.2861134e-01   6.2711377e-02   1.6452386e-01   7.9042599e-02   2.5951947e-01  -8.8561084e-02   7.3658665e-02  -1.8848585e-02  -2.6502137e-03  -3.9679592e-02   7.1569435e-03   1.6493568e-01  -4.7498974e-02   1.5880435e-01   6.8021585e-02   1.1631288e-01  -1.6496506e-02  -5.6206293e-02   1.1385237e-01   4.7818338e-02  -8.4232344e-02  -8.2764783e-02   1.3497201e-01  -2.5844843e-02   2.8578191e-01   8.1738532e-02   7.0653698e-02   1.5358304e-01   4.7480242e-02   7.1078203e-02   2.4904454e-01   1.3168213e-01  -4.6808166e-03   2.8188005e-01   2.6854269e-01   1.9175172e-02   7.4189381e-02   2.3504751e-01  -6.6612497e-02   2.2964213e-01  -4.1278025e-02  -2.0133573e-01  -1.1523668e-01   1.7461869e-01  -7.2040350e-03  -7.9409880e-02  -1.1116632e-01  -8.8436866e-02   2.0913200e-01   7.6499750e-03   1.3658756e-01   7.7379213e-02   1.6735013e-01  -2.1254518e-01  -1.9573904e-01  -9.3486972e-02   1.4775993e-01   1.1702200e-01   2.1624814e-01   1.1941577e-01  -1.3707976e-01   9.1547514e-02   4.7134009e-02  -7.2444353e-02   2.0213960e-01   5.8465341e-02   9.6615721e-02   1.7883407e-01   1.2648332e-01   4.5385793e-02  -1.0980137e-01   2.4288291e-01  -6.8885115e-02  -1.4358439e-01  -1.7855568e-02   2.4574362e-01
  -7.5889426e-02   4.9710790e-01   7.2695427e-02   2.9767996e-01   2.2009709e-01  -1.1999192e-01  -5.6914691e-02   3.8421521e-02   0.0000000e+00   4.7794649e-02  -7.2544219e-02   8.5242407e-02  -1.2074734e-02   3.9024225e-02  -9.6626533e-02  -1.1997663e-01   1.1909156e-01  -8.6621613e-02  -2.6535793e-02   1.1124212e-01  -1.0481217e-01  -6.3795718e-02  -1.5442025e-01  -5.1478322e-02   3.3744434e-02  -1.0209676e-01  -2.2296969e-01  -3.2432918e-02   2.6316620e-01   2.8868829e-01   1.0983221e-01  -7.7141107e-02   8.6371671e-02  -5.5157625e-02   4.9090380e-02   1.3386470e-01   1.4501094e-01  -5.2274246e-02  -1.3534348e-01  -2.9990321e-01   1.8392562e-01  -4.2881160e-02   2.7199882e-01   9.6293175e-02   4.4565741e-02  -1.1770481e-01  -7.7791168e-03   1.3584432e-02   3.0328157e-01   1.3405480e-01  -9.4247044e-02   7.3249168e-03   7.0273629e-02   3.3907477e-01   3.8156269e-02  -2.1902565e-01  -1.4212837e-01   1.3827008e-01   2.4425653e-01   2.9487523e-01  -2.3261486e-01   1.9230246e-01   3.8903922e-01  -4.4223425e-02   4.2292011e-01  -1.6348795e-01  -5.3048573e-02  -9.2135456e-02   3.8021329e-02  -4.6600132e-01   2.5246294e-01  -1.4037919e-01   1.3616531e-01  -8.5240790e-03   5.8089667e-03  -2.8857510e-01  -2.9156433e-01  -1.5211541e-02   2.6508195e-01   8.3897432e-02  -2.8884698e-01  -3.6398874e-02   8.1573068e-02  -1.0950592e-01  -1.3658005e-02  -1.7572283e-01   2.9277272e-01   1.6702132e-01   2.6720066e-01   6.3580355e-02   3.2214795e-01  -2.1948884e-01   1.1764723e-01   5.3917087e-01  -1.7189119e-01   3.1306505e-01  -8.4096709e-02   1.9815137e-01   2.3891574e-01  -9.5077268e-02   6.1286527e-02  -3.3955986e-01  -2.8953156e-01   5.2529100e-01  -4.7790484e-02   2.0059909e-01   2.3191816e-02   1.9730059e-01   9.0497658e-03   2.3335325e-01  -1.3776038e-02  -1.9660169e-01   1.7418447e-01  -5.6996148e-02   7.8498457e-03   2.6600973e-01  -3.7709302e-02   2.6590328e-01  -1.3386765e-01   2.0378055e-01  -2.1529258e-01   1.7436515e-01   1.1361493e-01   2.6973025e-01  -1.6937784e-02  -1.4095221e-01   9.7711056e-02  -7.4188146e-02   1.8281846e-02  -3.6637751e-01  -1.1645298e-01   2.5381351e-01   9.4218460e-02   8.0374240e-02   2.1579124e-01  -1.1606474e-01  -2.7969662e-01  -8.7440612e-02  -1.2640065e-01  -6.1863441e-02   1.0645369e-01  -1.0971426e-01  -1.8905977e-02  -2.7676316e-01  -1.1534750e-01   1.4949922e-01  -2.7699339e-03  -5.2417007e-02  -1.3006359e-01   3.0956755e-01  -6.4652750e-02  -1.5418094e-01   1.0298600e-01   2.8668287e-01  -6.8625045e-02  -6.1508901e-04  -1.3908088e-01   5.4208323e-02  -1.8614518e-02  -1.0423862e-01  -1.1898320e-01  -1.1917176e-01   1.5041136e-01   1.8326119e-01   3.6969773e-01   1.1365352e-01  -6.3848856e-02  -1.1943106e-01  -4.5508374e-03   2.6202271e-01   7.6404475e-03  -1.0643442e-01  -7.3153367e-02   1.1214421e-01   2.2221247e-01   4.2858682e-02   6.6440472e-01
  -2.3940503e-01   3.2507932e-01   3.6963331e-01  -1.4396847e-01   1.3080125e-01  -1.1393237e-01   4.2807676e-01   1.2422796e-01   4.7794649e-02   0.0000000e+00  -4.4379998e-01   5.9881693e-01  -6.2091064e-02  -2.5703274e-01   3.2713851e-01  -5.6994780e-02   5.4562173e-01  -2.9166320e-01  -3.5169545e-02   1.2499058e-01  -2.2191770e-01  -3.7227732e-01   2.9801862e-01  -2.0578172e-01  -3.1870888e-01  -7.2388223e-02   2.2591110e-03   4.5083037e-01  -2.0689953e-02  -1.6894660e-01  -1.1804749e-02  -2.2919568e-01   6.6965609e-02   7.9418594e-01  -8.9531539e-02   2.1598423e-01  -4.8054871e-01  -2.9936170e-01  -2.2420442e-01   3.3982411e-01   1.6253698e-01   5.1191131e-02   6.2501582e-01  -1.0341611e-01  -2.9019424e-01  -3.4599861e-01  -2.6023082e-01   4.5366508e-01   9.8811838e-02   5.9540135e-01  -6.9479564e-02   1.5831537e-01   4.7784182e-01   3.3645695e-01  -1.2594774e-01  -5.6653636e-02  -2.9390572e-01  -1.2374584e-01  -7.6310094e-02   5.9468555e-02  -2.6743099e-01   2.6176007e-01   2.8165028e-01  -1.0869397e-01  -2.5682484e-01  -1.3446972e-02   2.2954178e-02  -3.0676586e-01  -2.2798237e-01  -1.1216936e-01   3.7336850e-01  -3.4574333e-01   1.9691158e-02  -4.0729912e-01  -3.1308362e-01  -1.3316561e-02  -4.1382383e-01  -5.0515613e-02   1.0406887e-02  -3.3835294e-02   5.0825059e-01  -1.0628879e-01  -2.1103844e-02  -4.0884070e-01  -4.0724392e-01   7.7348781e-02  -5.0397991e-01  -1.6982410e-02   8.9132195e-03  -8.7995967e-02  -2.0504919e-01   1.1876791e-01   6.0927821e-01   5.6051348e-02  -3.2881482e-01   4.3951959e-01   3.6335608e-02   2.0801772e-01   2.7801660e-01  -1.7197800e-02   4.3139193e-03  -1.2823505e-03  -5.0350360e-01  -1.4485763e-01  -1.0516610e-01  -3.8393507e-02   1.3938813e-02  -2.4818979e-02  -3.6553439e-01   2.2003544e-01   5.6369573e-01  -4.5949991e-01  -2.2147758e-02  -1.7492961e-01   3.6713229e-01   4.9130429e-02  -1.4751577e-02   3.7962445e-01   2.8685286e-01  -9.9356513e-02  -2.3329538e-01  -1.6797731e-02   2.4687845e-01   1.2190775e-01  -1.7851154e-01  -1.0439456e-01  -1.4707052e-01   7.6388885e-02  -5.8548548e-02   1.6437161e-01   5.0700181e-02   3.2478050e-01  -1.9721780e-01   4.3608615e-02   1.3034793e-01  -5.9547659e-02  -1.6382588e-01   4.2370080e-01  -7.4507489e-02  -3.8470272e-01   4.5508456e-02  -1.4576916e-01   2.8139309e-01   4.5691037e-01   5.3108213e-01  -4.6766994e-01   6.0718270e-01  -3.2539463e-01   3.4461815e-01  -2.8258781e-01  -3.2132212e-01  -1.1923451e-01  -3.3794194e-01  -5.9318067e-02   3.4354492e-01  -3.8213318e-01  -3.9162939e-01   8.6374054e-02   3.1963016e-01   3.4543068e-01  -2.1814766e-01   3.9864350e-02   5.5398655e-01  -4.6674191e-01  -5.0375839e-02   2.2414598e-01   1.1108213e-01  -2.2618449e-01  -2.2888363e-01   3.1483566e-01   2.1768391e-01  -2.8335844e-01  -3.2812492e-01   2.1663854e-01  -2.3848963e-02   1.4211224e-01   4.6011674e-02
   1.3801518e-01  -3.1268514e-01  -1.7700249e-01   3.6282083e-04  -2.8557535e-01   2.0997955e-01  -3.8046285e-01   1.0304686e-01  -7.2544219e-02  -4.4379998e-01   0.0000000e+00  -3.9355331e-01  -2.2143890e-02  -8.2627030e-03   1.3618758e-01   9.7172793e-02  -3.6389081e-01   3.2201598e-01   1.1597795e-01  -2.4336500e-01   7.2731886e-02   3.8959146e-01   1.3946983e-01   1.0794703e-01  -9.4851295e-03   2.0448929e-01   8.3382407e-02  -3.2978871e-01  -1.0746842e-01   2.6476322e-01  -5.5981754e-02   3.7032757e-01  -4.3067542e-01  -4.9898872e-01   2.9101282e-01   1.8956968e-01   1.2914708e-01   4.4681177e-01   2.2691066e-01  -4.1207410e-01   3.8244248e-02  -2.2565211e-01  -2.3689360e-01   3.1525362e-01   3.2951199e-01   3.6301270e-01   7.6175970e-01  -3.8201966e-01  -2.7973419e-01  -4.9714103e-01   3.2691035e-01   1.7920323e-01  -3.2836717e-01  -5.6827945e-01  -2.2506010e-01   3.1589374e-01   4.3868632e-01   3.1435920e-01   1.7936268e-01   7.6819252e-02   4.7565790e-01  -7.5472029e-02  -1.9893217e-01   5.1677743e-01   1.7036555e-01   4.0969413e-01   1.0354898e-01   2.0006944e-01   5.0637422e-01   1.4434537e-01  -4.4135845e-01   4.7323879e-01   2.0758006e-01   8.7287202e-02  -1.5022424e-01   2.7702246e-01   4.3184369e-01   1.5787883e-01   3.7196466e-02  -2.0387814e-01  -3.4842371e-01   3.3372259e-01   1.2727822e-01   2.7498345e-01   9.0778003e-03   1.9067612e-01   6.0105389e-02  -2.4797659e-01  -1.5884306e-01   7.1827009e-02  -4.5485565e-02  -1.6972301e-02  -3.7443663e-01   1.2836345e-01   3.9130700e-01  -1.6346822e-01  -2.9477302e-01   7.3490202e-02  -1.1755527e-01  -6.1036300e-02  -3.7759512e-02   3.9752998e-01   2.7214760e-01   1.5478529e-01   2.6604979e-01   1.0928675e-01  -4.4101602e-01   4.0585269e-01   4.9473263e-03   3.4088463e-02  -1.4421628e-01   5.5629333e-01  -1.4667232e-02   1.0737639e-01  -2.3109511e-01  -2.2874701e-01   1.7800787e-01  -1.7466155e-02  -3.9875284e-01   2.3922494e-01   1.4775526e-01  -1.3171351e-01  -2.1634121e-01  -3.2832328e-01   1.3502002e-01   2.1913155e-01   1.4450331e-02  -2.5547678e-01   1.7302862e-01  -3.2355689e-04   1.5090346e-01  -1.6797446e-01  -1.8865866e-01  -3.9131254e-02   9.4951615e-02   2.5730647e-01  -1.4449933e-01  -3.9491316e-01   4.1067112e-01   3.2236683e-01   1.0723723e-01   7.8483956e-02   4.5799659e-02  -2.7783406e-01  -1.7746744e-01   2.9631558e-01  -5.1738277e-01   5.8827116e-01   2.5197803e-01  -4.0115127e-03   1.5922368e-01  -1.7954786e-02   1.5984695e-02   2.7400561e-01  -3.6672377e-01   4.1796770e-01   1.4429064e-01   2.5456320e-01  -1.4471751e-01  -9.5490872e-02   1.4493826e-01   3.3864483e-01   9.9573831e-02   3.5905681e-01   1.9481432e-01  -1.6339091e-01   1.7185416e-01   1.2621157e-01  -8.7682442e-02  -3.5411078e-01  -2.8866585e-01   3.1935694e-01   5.5890493e-01  -1.4373795e-01  -9.7390734e-02  -1.7036784e-01   1.5566115e-01
  -3.3895493e-01   3.9212942e-01   2.8644264e-01  -2.1879443e-01   2.9672806e-01   7.5997759e-02   6.2156948e-01  -8.3531667e-02   8.5242407e-02   5.9881693e-01  -3.9355331e-01   0.0000000e+00  -1.1796418e-01  -3.9108293e-01   4.9176864e-01   5.6212800e-03   4.5547619e-01  -3.0205468e-01  -1.4868862e-01   2.8218929e-01  -4.9881609e-01  -2.6243341e-01   1.0550793e-01  -3.8942883e-01  -9.3265252e-02  -3.8536961e-01   6.0245022e-02   4.2805800e-02  -8.7839977e-03  -1.0293891e-01  -3.0124548e-01  -1.9422404e-01   1.5730425e-02   5.3738883e-01   4.6583085e-02   1.3298571e-01  -4.4245332e-01  -2.0046867e-01  -2.6192708e-01   2.8715149e-01  -1.4547961e-02   7.5976440e-02   6.6753480e-01  -2.2375667e-01  -3.7061592e-02  -2.5335363e-01  -1.6247598e-01   6.0383232e-02  -1.9843228e-02   5.2676906e-01  -1.3247155e-01  -1.1537388e-01  -1.0298956e-02   5.0619209e-01  -2.3953964e-01  -2.8900002e-01  -1.4028357e-01  -2.2055327e-01  -7.8378928e-02   2.3940013e-01  -3.3659838e-01   3.2058426e-01   2.7915969e-01  -4.5344850e-01  -1.4555688e-01   7.0363154e-02   6.6010872e-02  -2.2258263e-01  -2.7234804e-01  -1.7528818e-01   3.2745724e-01  -3.1558803e-01  -2.4742002e-02  -5.4119939e-01  -1.1703946e-01   1.3019787e-02  -3.9182753e-01  -6.0946206e-02   2.7514144e-01  -2.7482388e-02   2.0664431e-01  -6.9335197e-02  -2.7885489e-01  -6.1098898e-01  -4.9198812e-01   1.1398859e-01  -4.1706953e-01  -1.6059217e-01   2.4915384e-01  -2.7305086e-01  -1.1128306e-01   3.8162796e-02   7.6113965e-01   2.2894646e-01  -1.6046122e-01   4.0893102e-01   8.3733910e-02   1.2511646e-01   1.0210489e-01   6.2792828e-03  -2.5953213e-01  -2.2605123e-01  -4.5022227e-01   1.0489421e-01  -2.1660065e-01  -2.8428303e-03   1.5816259e-01   2.2890476e-02  -2.1487950e-01   3.0968522e-01   4.3976471e-01  -1.2608117e-01   2.7769583e-02  -2.8282884e-01  -4.4269555e-02  -1.6986142e-02   1.2239081e-03   3.4422231e-01   4.2325602e-02  -1.8869147e-01  -3.8668500e-01   3.4650867e-01   6.3192643e-01  -4.3088472e-03  -7.4672092e-02  -3.7362312e-01   1.5376147e-01   4.0326735e-02   3.2482714e-02   1.9032082e-01  -8.0795954e-02  -2.5875098e-02  -1.6968582e-01  -1.9453890e-01   1.1675430e-01  -6.0487342e-02  -6.5608231e-02  -3.0722155e-03  -2.5607244e-01  -2.3000765e-01  -2.2229362e-02  -2.4246337e-01   1.7074025e-01   3.4772464e-01   3.2721637e-01  -4.2209354e-01   6.6625047e-01  -2.2817489e-01   3.4274069e-01  -3.2468190e-01  -4.2606410e-01  -4.7555982e-01  -2.7925786e-01  -9.8700634e-02   5.2163297e-01  -2.2469715e-01  -2.7899892e-01  -9.0625304e-02   2.3055236e-01  -1.7730502e-02  -1.1765700e-01  -7.9338952e-02   1.6945842e-01  -2.2210928e-01  -3.3378884e-02   3.4337968e-01   8.8389975e-03  -1.8686625e-01  -1.5420615e-01   1.1568944e-01   3.8256198e-01  -1.6990911e-01  -4.4463483e-01   4.3117994e-01   9.5026922e-02   6.4903170e-02  -1.8231952e-02
  -2.7238266e-01  -1.4876396e-01  -1.2246438e-02  -1.5258440e-01   1.5235495e-01   1.0574145e-01  -7.6222109e-02  -1.5484610e-01  -1.2074734e-02  -6.2091064e-02  -2.2143890e-02  -1.1796418e-01   0.0000000e+00  -2.4730198e-01  -1.7938573e-01  -2.6758035e-01  -1.4408789e-02  -1.7326053e-02   6.9609844e-02   7.3921486e-02  -1.5957847e-01   6.0813936e-02   8.9007084e-02  -2.0397255e-01  -9.0097361e-02  -2.5795814e-01  -2.0958482e-01   8.5711010e-02  -1.0098322e-01  -2.4852715e-01  -1.9792485e-01  -1.3269201e-01   2.8789541e-01   5.2810993e-02  -1.4391470e-01   9.2904451e-02  -9.6522616e-02  -1.7601803e-01  -3.2499722e-01   1.1515381e-01   6.6326994e-01   5.4086061e-02  -1.9008448e-01   1.0739503e-02  -9.0795920e-02  -1.7313587e-01  -5.6121921e-02  -6.1184193e-02   9.6300788e-02  -5.3490871e-02   7.8407016e-02  -3.0700831e-01  -3.0858122e-02  -8.8219197e-02   4.4444165e-02  -6.3268714e-03   5.2084130e-02  -2.9955647e-01   4.4089231e-02   1.1782101e-01  -1.5449468e-01   2.2269632e-03  -1.6605434e-01  -2.2964381e-01  -1.8022106e-01   8.8768097e-02  -7.9440191e-02  -4.0210746e-01  -7.2005687e-02   2.6584994e-02  -1.1479535e-01  -5.6994148e-02   1.9712199e-01  -6.3220690e-02   6.7533634e-02  -1.9403207e-01   1.0298544e-01   1.8248980e-01  -4.2132285e-02   4.3067683e-01   3.4732790e-02   1.5546538e-01   1.3344519e-02  -1.0271657e-01  -1.4732607e-01  -4.5834413e-02  -2.5082266e-01  -1.4215079e-01   8.0131180e-02  -1.0882504e-01   1.0178348e-01  -6.7216567e-02  -1.0074996e-01  -7.0787706e-02  -1.4926332e-01  -4.0089620e-02   5.3659146e-01  -3.7852594e-02   1.7185767e-02   4.4752844e-02  -4.4766722e-01  -6.0397190e-02  -1.7370875e-01  -1.5982613e-01  -4.3203490e-02  -2.6251806e-01   1.2899808e-01  -1.5170498e-01  -6.5221845e-02  -9.2031033e-02   9.4571806e-02  -2.8007770e-02  -3.7990060e-03  -3.2323075e-01  -2.1747030e-01  -1.3808248e-01  -2.0615217e-03   2.5876003e-01   5.2446507e-02  -1.1973971e-01  -3.6185525e-03   9.2426009e-02  -2.9061951e-01  -2.4078271e-01  -4.5939508e-02  -1.0314755e-01  -2.3439748e-01   3.6975561e-02  -2.1291739e-01  -1.8356693e-01  -8.8738058e-02  -7.9931720e-02  -1.6328941e-01  -9.6166342e-02  -2.6746176e-01  -2.0708091e-01  -8.1487528e-03  -6.4692090e-02  -3.4856234e-01  -9.4429046e-02  -7.8201089e-03   6.4230162e-01   1.4192687e-02   1.1704508e-01  -2.4713794e-01  -2.7411052e-01  -5.5857823e-02   5.3489254e-02  -4.0709805e-02  -1.8220875e-01  -3.1765432e-01  -2.6493155e-02  -2.3469710e-01   5.8866317e-02   1.0155686e-01  -1.6159861e-01  -9.9107500e-02   3.1333187e-01  -1.6201058e-01  -1.0834744e-01  -4.6193727e-01   7.1965565e-02   9.0650301e-02  -7.7362401e-02   5.2426741e-02  -1.6784174e-01   1.3550926e-01   5.3160405e-02  -3.3030925e-01  -2.2640497e-01   1.4567207e-02  -5.5401761e-02  -5.1827213e-02   4.6449910e-02   3.3015498e-01   1.8925370e-01  -6.5216084e-02
   6.2755129e-01  -2.8291654e-01  -9.2895877e-02   2.8640600e-01  -3.0938411e-01   2.5987425e-02  -3.8870096e-01   1.6088651e-01   3.9024225e-02  -2.5703274e-01  -8.2627030e-03  -3.9108293e-01  -2.4730198e-01   0.0000000e+00  -2.7716248e-01   2.8253290e-01  -2.9952467e-01   1.8721829e-01   1.4037722e-01   5.9581915e-02   1.8319364e-01   3.4528911e-01  -1.5331858e-01   5.8372589e-01  -2.0467839e-02   4.5612263e-01  -7.8110551e-02  -1.1352259e-02  -1.1184010e-01  -4.4539896e-02   1.3422849e-01   2.5928994e-01   3.1688863e-02  -3.7422619e-01  -3.6308668e-02  -1.9027098e-01   2.4781890e-01   1.1470026e-01   1.9132168e-01  -3.1463910e-01  -2.2551305e-01  -1.3687936e-01  -3.1440110e-01   2.2184396e-01   1.6633843e-01   2.7551147e-01   4.3453607e-02  -1.7670430e-01  -5.3581813e-02  -2.8419332e-01   2.7527539e-01   1.1849802e-01  -1.3572475e-01  -1.3089782e-01   3.3533259e-01   1.9151225e-01   9.6085941e-02   3.9067964e-01   2.2418757e-01  -9.9995697e-02   1.4977240e-01  -2.1589831e-01  -1.7805492e-01   2.2733057e-01   3.1461411e-02  -6.6308816e-02   1.4448955e-02   2.5375861e-01   2.4600038e-01   9.5505461e-02  -3.0989860e-01   1.6537808e-01  -1.6362930e-01   5.7493864e-01  -2.6009574e-02   2.8959929e-02   8.6478043e-02  -1.5275377e-01  -1.9236074e-01  -1.1872371e-01  -1.1412325e-01  -1.1914148e-01   1.2404026e-02   5.1734613e-01   5.8727120e-01  -1.5342466e-01   3.7979223e-01   4.8598695e-01  -1.6447615e-01   4.0557775e-01  -1.4884545e-01  -1.3427338e-01  -4.1816124e-01  -2.0919711e-01   5.0142068e-02  -2.5091897e-01  -1.0770303e-01   9.4231648e-03  -1.5278534e-01   9.8842141e-02   5.5394879e-01   1.1152587e-01   3.7604862e-01  -5.2905661e-02   2.8665859e-01   1.1448698e-01  -1.5474729e-01   8.0218778e-02   1.9573451e-01  -4.5058436e-01  -3.3045022e-01   2.2409088e-01   7.4676970e-02   4.7161570e-01   2.2213105e-01  -2.1299461e-01   4.3340855e-02  -1.4146125e-01  -3.4607378e-02   3.2333144e-01   2.6972604e-01  -2.5739213e-01  -2.3062202e-01   8.3566677e-02   2.0679719e-01   6.4396059e-01   3.4158961e-01  -6.5212187e-02   4.5254969e-02  -2.7132651e-02   5.9200813e-02  -1.2766601e-01   4.3583075e-01  -4.1784829e-02   1.3286522e-01   7.7769249e-02  -4.1291630e-02  -7.1197932e-02   2.6767638e-01   1.2533985e-01   1.1807040e-01   8.3759628e-03  -4.8925277e-02  -2.3648311e-01   8.6582413e-03   3.9195239e-01  -4.1342039e-01  -8.2663998e-02  -2.3829851e-01   2.7423213e-01   6.7052192e-01   3.9477184e-01   5.2735607e-01  -1.7619496e-01  -4.3740217e-01   3.4623123e-01   3.3637455e-01  -3.5029461e-02  -1.3565304e-01  -4.0354096e-02   2.5477568e-01   1.4989387e-02  -4.3644905e-01   2.4595859e-01   1.9524432e-01  -1.3315276e-01  -1.7695891e-01   2.1268781e-01   5.2722188e-01  -2.0452069e-01  -1.7101971e-01   1.3155201e-01   7.0239941e-02  -2.6918600e-01  -6.5863783e-03  -1.5248560e-01   1.1276802e-01
