   0.0000000e+00  -5.4690671e-01   1.5485638e-01  -2.2621582e-01  -3.7701725e-01   3.0886659e-02  -3.6548706e-01   4.3737097e-01  -3.5223876e-01  -3.8010514e-01  -2.2062250e-03  -2.2357944e-01  -2.7699458e-01   1.7127942e-01   9.4997926e-02  -3.6620187e-02   8.6207301e-02  -8.1328108e-03   7.9204891e-02  -4.2162185e-01   4.9814611e-02  -8.4242656e-04  -1.5137899e-01   6.8825835e-01   2.6334647e-02   9.2254561e-02  -3.7972353e-01   4.7963024e-01   6.4578328e-02  -5.0949985e-02  -5.0007317e-02   1.2897888e-01   2.2662130e-01  -2.9483526e-01  -3.1674475e-01  -4.3265934e-01  -3.0476208e-01   4.1105139e-01  -9.2424359e-02  -3.6508579e-01  -2.0875475e-01   1.4492502e-01  -4.1463522e-01   2.9351091e-01  -4.5196065e-01   6.5112481e-01  -1.6457833e-01  -2.4422019e-01  -2.2889328e-01  -2.3045200e-01  -6.9264197e-02   3.5464287e-01  -1.9795525e-01   5.5105633e-02   6.4515074e-02   1.9078940e-01   2.0402300e-01   5.2416880e-03  -9.1782101e-02  -2.8396416e-01   4.3760572e-01  -3.8501162e-01  -2.1959928e-01  -2.2527166e-01  -2.6982270e-01  -4.0546065e-01  -1.0795607e-01   2.1207113e-01  -9.8399697e-02   1.9917734e-01  -4.6393840e-01  -2.1449382e-01  -1.7580963e-01   6.4826310e-01   1.0586944e-01  -8.6078215e-02   5.5417713e-01   1.0053716e-01  -4.2265964e-01   9.0724524e-02   6.7246632e-02  -2.4674703e-01  -3.7921523e-01   2.9311655e-01   2.8157898e-01   2.6056174e-02  -2.3725676e-01   6.0114391e-01   8.5569343e-02   7.0626461e-01  -4.7414512e-01   4.2975177e-01  -1.5786356e-01  -3.6599861e-01   5.0740926e-01  -2.6019434e-01  -5.3742675e-02  -5.1660853e-02  -2.7843726e-01  -8.8072101e-02  -1.5622994e-01   2.5113358e-01   1.6799835e-01  -4.0998999e-01   5.6563756e-03   8.5893564e-02   2.1508999e-01  -1.7145255e-01  -1.3133617e-01   2.3670419e-02  -3.5342397e-01   2.5557688e-02  -7.0060405e-02   7.6938777e-01   2.6036519e-01  -2.3547585e-01  -2.7182037e-02  -1.8357223e-01   4.9763501e-01  -1.6607541e-01   7.1350394e-01  -3.9918542e-01  -6.2191172e-02  -2.9986966e-01   6.8309912e-01   4.2383874e-01  -3.3807035e-01  -7.6589948e-02   2.7377848e-02   1.9384027e-02  -1.5135004e-01  -4.2065402e-01   4.4313580e-01  -2.2605510e-01  -2.2994243e-01   2.0347907e-01   2.2872852e-02  -1.1121138e-01   1.3212506e-01   5.5775950e-01   7.7346380e-01   1.2052483e-01   7.1151307e-02   3.2484181e-01  -1.5277626e-01   1.0717925e-02  -2.8510428e-01  -8.9583157e-02  -5.1238527e-02  -1.6408319e-01   6.4572640e-01   3.0255507e-01   4.7758479e-01  -1.3716729e-01  -3.8452374e-01   4.9376676e-01   6.7977471e-01  -1.3177494e-01   4.5002640e-01   2.5490916e-02  -6.4387177e-02   1.6654101e-01  -3.6522808e-01  -5.5309131e-02  -2.5875990e-02  -5.4065383e-01  -4.9293361e-01   4.0006630e-01   7.7112918e-01  -7.8901808e-02  -3.1573623e-01   3.8468308e-01  -1.1597725e-01  -1.8043385e-01   4.0388916e-02   6.4710998e-02   1.5949010e-01
  -5.4690671e-01   0.0000000e+00  -3.0178131e-02  -1.4692354e-01   4.2676448e-01  -1.8365899e-01   2.6582388e-01  -5.0615285e-01   5.0676616e-01   4.1390965e-01  -3.0606062e-01   6.1763279e-01   9.0627413e-02  -3.6785615e-01  -3.3041057e-01  -2.5010969e-01  -1.3061444e-02  -1.6151909e-01  -8.2747984e-02   5.2834818e-01  -2.6219804e-01  -2.1938391e-01   8.5097935e-02  -5.7350723e-01   4.3737877e-02  -5.4474312e-02   5.0346752e-01  -4.0489927e-01   2.9850749e-02  -3.0709610e-01  -2.5531919e-02  -2.8917366e-01  -1.5242040e-02   4.3490796e-01   2.7637462e-01   4.4497604e-01   9.3297476e-02  -5.1058837e-02  -2.3166590e-01   5.6480777e-01  -1.3864858e-01  -1.4700312e-02   4.7843222e-01  -6.1627149e-01   5.2291357e-01  -6.2919728e-01  -6.8475287e-02   2.2997033e-02   1.4348769e-01   5.0874834e-01  -1.5169984e-01  -4.6415025e-01   1.5398941e-01   4.1887054e-02  -2.6554934e-01  -5.7508859e-01  -1.4580524e-01  -1.3413254e-01  -3.8247277e-01   4.1752640e-01  -3.8761641e-01   4.1642538e-01   3.5116644e-01   1.8279255e-01   3.9924713e-01   3.8392901e-01  -1.9318607e-02   9.7161862e-02  -3.0015295e-01  -1.5747598e-01   6.9419712e-01  -1.0048370e-01  -1.9822789e-01  -5.0959297e-01   2.1702758e-01  -2.6731170e-01  -3.6228253e-01  -3.2273856e-01   6.2208011e-01  -2.9644808e-01  -3.8808110e-01  -1.4361327e-02   5.2261727e-01  -2.8714599e-01  -5.6124909e-02  -3.7299012e-01   4.1282575e-01  -6.4619665e-01   1.5581324e-01  -4.5774063e-01   6.3373380e-01  -3.9258867e-01  -1.1428753e-01   4.4799647e-01  -1.8274078e-01   4.2588222e-01   1.6695353e-02  -1.1542952e-01   3.7332296e-01  -1.6758395e-01   1.8130591e-01  -6.0380288e-01  -3.7353663e-01   5.3140308e-01  -2.9583980e-01  -2.8996860e-01   3.1720619e-02  -1.9980006e-01   4.7355245e-02  -4.2326216e-01   3.4575253e-01  -2.6912550e-01  -6.1888364e-02  -4.5269718e-01  -3.3278429e-01   5.0764772e-01  -3.5714720e-01  -3.5886933e-02  -4.9643165e-01  -4.8560699e-02  -4.8304622e-01   6.4817500e-01   2.8822206e-01   5.4145560e-01  -5.0617439e-01  -4.8503165e-01   1.7293562e-01   1.2397954e-01  -2.4256899e-01   1.5363373e-01   1.6763316e-02   5.1704200e-01  -2.3735131e-01   1.1126867e-01   2.1288464e-01  -4.7976249e-01  -3.1188386e-02   8.5421172e-02  -3.8859600e-01  -2.4291438e-01  -5.4681105e-01   4.1293862e-02  -5.1008147e-01  -3.1477189e-01   1.3058224e-02  -1.9176190e-01   4.5788010e-01  -2.1433996e-02  -2.8906674e-01   2.2957214e-01  -5.6006941e-01  -4.2351597e-01  -3.7418969e-01   1.2547458e-01   7.5781720e-01  -5.1199784e-01  -5.2165449e-01  -3.8692336e-01  -3.5312549e-01  -3.7546767e-01   1.4126010e-01  -5.0835175e-01   3.2971447e-01  -2.4056939e-01  -1.9821577e-01   6.4788557e-01   5.3584825e-01  -4.4694485e-01  -5.0823371e-01  -8.7026634e-02   5.8150890e-01  -8.1797003e-02  -9.6746533e-02   2.3360529e-01   4.4043831e-02  -1.6438911e-02  -2.3785992e-01
   1.5485638e-01  -3.0178131e-02   0.0000000e+00  -1.4026412e-01  -5.4063336e-02   2.8660406e-01  -2.5450467e-01   2.9234694e-01  -4.1251910e-01  -2.9334581e-01  -1.8885053e-01   2.6641802e-01   1.4877794e-01  -1.3461422e-01   4.0416033e-02   2.0858096e-01   9.4646605e-01  -1.3952183e-01  -1.8363691e-01   4.9701216e-02  -3.8724754e-01  -2.4020988e-01   6.7779921e-02   3.1930047e-01   6.9414611e-02  -1.2043328e-01  -1.2519828e-01   3.9738772e-01  -2.0960687e-01  -3.1166557e-01  -2.1985149e-01   7.2313747e-02   5.3214596e-01  -5.1762709e-01  -2.1981279e-01  -2.8071939e-01  -6.3056597e-01   2.8152627e-01   1.0770171e-01  -4.3492361e-03   1.3682007e-01   5.9528432e-01  -7.7678092e-03   6.3077277e-03  -4.3741301e-01   2.6451224e-01  -1.1526260e-01  -4.7894625e-01  -2.8619494e-01   5.4738237e-01  -3.2007336e-02  -3.7918508e-02  -6.3520586e-01   7.3211908e-01  -1.5611816e-01  -1.0524472e-01   2.4365201e-02  -7.2480343e-02  -7.5865329e-02  -2.2148106e-01   3.9750151e-01  -2.2329143e-01  -5.9755964e-02  -4.6250734e-01  -4.6418375e-01  -3.8432389e-01   1.1124427e-01   9.3566387e-02  -1.5486016e-01   5.2304545e-01  -1.8381505e-01  -4.0500040e-01  -6.8669287e-02   3.0116380e-01   1.6636297e-01  -8.0852128e-02   4.1506806e-01  -1.6385401e-01  -2.1667136e-01   1.0983270e-01  -2.1946752e-01  -2.2684977e-01   6.6201476e-03  -2.3118049e-02   6.3177205e-01  -1.4833888e-01  -7.7173221e-02   2.3096110e-01   7.0745822e-02   1.4460771e-01  -1.0829474e-01   7.1563495e-01  -9.0774845e-02  -3.8454479e-01   3.3543578e-01   3.1196203e-01   1.8888740e-01  -1.7291210e-01  -2.7004469e-01  -4.4186306e-01   2.3397353e-01   1.1703732e-01  -2.1053350e-01  -2.2663347e-01  -2.9470322e-01   9.9972548e-02   7.4624305e-01  -2.7456249e-01  -4.6156225e-01  -3.2135504e-01   9.4288877e-02  -2.5215696e-01  -4.2685226e-01   2.4797002e-01   5.3949210e-01  -1.3376171e-01  -2.7951548e-01   2.5477535e-01   3.6528622e-01  -1.6415233e-01   4.5634629e-01  -1.2734376e-02  -5.8068453e-02  -2.2819529e-01   3.3056548e-01  -9.8853947e-02  -1.2938185e-01   2.3845588e-01  -7.3402024e-02   4.9240018e-01   1.0438584e-01  -4.4658847e-01  -5.4537893e-03  -2.5385335e-01  -1.4036412e-01   2.1471591e-01   5.1104280e-01  -2.4428435e-01  -7.9292934e-02   3.8965008e-01   2.8385118e-01   3.6590361e-01  -2.0368167e-01   5.4403254e-01  -3.6564580e-01  -3.5148885e-01   4.3404965e-01  -4.4257226e-01  -2.4094818e-01  -3.8498035e-01   5.4084199e-01  -1.2421123e-01   6.8035420e-01  -2.2072612e-01   2.3463965e-01   5.3106933e-02   4.6145319e-01   3.8603072e-02   6.8381787e-01  -2.9723779e-01  -7.6197666e-02  -8.7487016e-02  -3.8548575e-01  -2.6823417e-01  -5.9367908e-02  -2.0713456e-01  -2.0946148e-01   2.8245955e-01   4.8029744e-01  -4.0118206e-03  -2.5877739e-01   3.8138440e-01  -2.8773585e-01   3.2531088e-01   3.1336792e-01   5.2175495e-01   2.6107624e-02
  -2.2621582e-01  -1.4692354e-01  -1.4026412e-01   0.0000000e+00   3.5111338e-02   1.9772959e-01   1.8525344e-01   1.1826497e-02  -1.1132398e-01  -1.0261505e-01   3.3034355e-01  -4.2255558e-01   2.6296504e-01   1.5474252e-01   2.0458726e-01   1.7519384e-01  -6.8119395e-02   3.5700030e-01  -9.6249234e-04  -6.5374272e-02   3.0841681e-02   6.7140164e-01  -2.6354487e-01  -4.2048492e-02   7.8347246e-03   8.2225315e-02   1.9353400e-01  -1.2220921e-01  -1.9523880e-01   6.4524416e-01   1.3961457e-01   5.2289625e-01  -2.5388345e-01  -1.9056410e-01  -1.1153868e-01   2.3998984e-01   1.9715075e-01  -3.9949478e-01   2.6447955e-01   1.0553241e-01   3.7784900e-01  -1.7669466e-01  -2.2737905e-01   2.2612680e-01  -4.2854735e-02   8.0463175e-02   5.0221555e-01   4.2967700e-01  -1.6211478e-02  -2.1065908e-01   4.6297977e-01   2.0750382e-01   3.1293065e-02  -2.3630208e-01   3.6701426e-01   3.4122559e-01   7.4989450e-03   3.8534159e-01   6.4374504e-01   4.0664138e-02   2.5803179e-02   5.3213701e-02   3.9487446e-02  -6.2119708e-02  -2.6161427e-01  -4.6533279e-02   2.1945688e-01  -2.5115343e-01   6.5317062e-01   1.7152943e-01  -2.6079625e-01   7.0582825e-01   1.3253026e-01   4.8662137e-03  -3.0264292e-01   9.8175059e-02  -1.1981952e-01   2.3838541e-01  -2.3007176e-01   7.2203182e-02   2.3660833e-01   2.6994555e-01  -2.1466973e-01   1.4643495e-02  -2.3432274e-01   2.5539702e-01  -3.9737561e-01  -4.3384858e-02  -3.3508099e-01  -7.1654863e-02  -3.2834010e-01   5.9068514e-03   3.1521339e-01  -2.5841476e-02  -2.7112104e-01  -3.0903167e-01   2.8915266e-01   4.6563032e-01   4.0241016e-01   3.6654595e-01  -2.1987728e-01   1.5895392e-01   4.5149787e-01  -1.1767356e-01   6.7018937e-01   3.7042476e-01  -3.4656606e-01   6.6157586e-01  -5.0136061e-02   5.0479227e-01  -1.9844618e-01   7.2694584e-01   5.7072870e-01  -1.1898234e-01  -1.0786016e-01  -2.9747158e-01   4.3954433e-01   4.5700591e-02  -4.5423012e-02   7.7400576e-01  -1.5860498e-01  -2.9307637e-01  -1.9854887e-01  -2.5363338e-01  -1.0192491e-01   2.8923466e-01   3.7491496e-02  -2.6839108e-01   5.0762347e-01   1.4334058e-02   1.8364343e-01  -1.3734120e-01   1.6202600e-01  -1.0451567e-01   3.5278758e-01   2.6377286e-01   1.8706941e-02  -1.5789069e-01   3.1260630e-01  -2.3621921e-01  -1.7398949e-01  -1.5238324e-01   6.0093390e-01   1.0079549e-01   5.8064671e-02   2.6085834e-01  -3.7102773e-01   1.0983043e-01   3.9470735e-01  -3.8365394e-01  -3.0914222e-03   1.4421733e-01  -9.1895064e-02  -1.4331373e-01  -2.1936673e-01   4.9767191e-02  -6.9899957e-02   4.8488650e-01  -3.4202508e-02   5.5386496e-01   9.7856342e-02   3.6667553e-01  -2.7652889e-01   6.2264255e-01   6.3796631e-01  -2.1905303e-01  -4.1821053e-02   6.9677038e-02  -2.0565575e-01   2.7752447e-01  -3.9035993e-01  -4.4386982e-01   5.5262619e-01   1.2365971e-01  -8.0703356e-02  -1.6335890e-01   4.8112896e-01
  -3.7701725e-01   4.2676448e-01  -5.4063336e-02   3.5111338e-02   0.0000000e+00  -1.8560541e-01   5.9225470e-02  -3.6231586e-01   3.2950126e-01   3.0411098e-01   1.0105317e-01   2.9125239e-02   1.1721174e-01  -3.7754796e-01  -4.2837208e-01  -3.7424076e-02   1.9718716e-02   1.4966509e-01  -1.5459902e-01   8.7385701e-01  -3.1940505e-01  -2.7650659e-01  -2.7456097e-01  -3.0451796e-01  -1.0513259e-01  -3.0091806e-01   3.8252723e-01  -5.5414965e-01   8.8839028e-03   4.1619333e-03  -3.0137467e-01  -2.8154788e-01   1.6210319e-02   2.2445176e-01  -2.7678242e-01   8.3783303e-01   2.8553420e-01  -1.2272383e-01  -1.6753927e-01   3.5836936e-01   1.4653043e-01  -6.3282735e-02   1.8913028e-01  -2.5181422e-01   2.0916057e-01  -4.7807157e-01   4.4474813e-01   1.9433721e-01   1.1034849e-01   2.9574266e-01   9.2296571e-02  -4.1548422e-01   3.6318743e-01   3.9829518e-02  -1.3795381e-01  -2.4387357e-01  -1.0032155e-01  -1.9364144e-01  -1.7777463e-01   9.5077450e-02  -2.6926549e-01   3.2606717e-01   1.1990928e-01   4.3039342e-02   1.6912226e-01   3.7685408e-01   1.5963296e-01  -4.3946017e-03   5.6883963e-02  -3.0169977e-01   4.6061865e-01   7.1313165e-02  -1.0423913e-01  -4.8002947e-01   1.3304281e-01  -2.6052717e-01  -2.7073728e-01  -1.0133488e-01   7.7524542e-01  -1.6462935e-01  -4.9196318e-01  -9.5520183e-02   4.1896310e-01  -4.0382196e-01  -5.6679715e-02  -3.8071215e-01  -4.5240773e-02  -6.3174550e-01   1.0021561e-01  -2.9017896e-01   6.1479300e-01  -2.2299613e-01   3.3178503e-01   1.5850337e-01  -1.7695915e-01   4.2587376e-01  -8.3564168e-02  -9.4387598e-02   5.6365161e-01   2.1887577e-02  -1.9672688e-01  -5.2542320e-01  -2.5660717e-01   2.8294443e-01  -1.5839414e-01  -4.0009036e-01  -9.8731028e-03  -2.3078031e-03  -2.0019406e-01   3.4863704e-02   1.2985485e-01  -1.5651436e-01  -7.6679552e-02  -3.1099525e-01  -4.3747327e-01   5.1085952e-01  -5.0965118e-02   1.1530645e-01  -3.8964989e-01  -2.6574253e-02  -3.4221358e-01   6.0441975e-01   1.0442128e-01   4.1054355e-01  -3.9315460e-01  -4.8082600e-01   1.6874671e-01   2.3006812e-01  -3.4777776e-01  -1.4656717e-01   1.8669289e-01   5.2726634e-01  -3.2419924e-01  -1.4962194e-01   1.1822913e-01  -2.4068932e-01   1.4150123e-02  -3.0102466e-01  -3.7987320e-01  -3.4245502e-01  -4.0531265e-01   2.0959040e-01  -1.9178884e-01  -3.2361586e-01  -3.5518315e-01  -5.6119430e-02   2.8434702e-02   4.0334637e-01   6.5181573e-02  -8.4669970e-02  -4.2919325e-01  -4.3172840e-01  -4.1019908e-01   4.7495913e-02   3.5057999e-01  -2.9913727e-01  -4.2643553e-01  -3.3265162e-01  -1.1586520e-01  -2.5911662e-01   4.4375493e-01  -8.5800125e-02   2.9202146e-01  -6.3235179e-02  -2.2125166e-01   4.2619918e-01   2.5927556e-01  -3.6077070e-01  -3.9363066e-01   4.6444940e-01   4.2235659e-01  -1.0210355e-01   3.3663749e-01   2.4750253e-01  -4.6690826e-02   2.1160204e-01  -2.5235650e-01
   3.0886659e-02  -1.8365899e-01   2.8660406e-01   1.9772959e-01  -1.8560541e-01   0.0000000e+00   3.4195628e-01   2.9776892e-01  -4.8433747e-01  -2.9313437e-01  -1.3913054e-01  -8.7208512e-02   1.2751638e-01   2.3019547e-01   5.0279054e-01   2.7381575e-01   3.1353202e-01   3.6744158e-02   8.2076356e-02  -1.9401168e-01   9.5070647e-03   2.1755415e-01  -1.2778706e-01   2.4938545e-01  -4.1382111e-02   1.6619577e-01  -7.5226173e-02   3.2563820e-01  -3.7018332e-01   3.7546753e-01  -2.0165640e-01   1.1715372e-01   1.8323263e-02  -1.9500221e-01   6.4838813e-02  -2.4950663e-01  -1.9330054e-01  -7.2944540e-02   2.1936827e-01  -2.4231438e-02   6.7128760e-02   2.0532549e-01  -1.6615255e-01   1.6721165e-01  -3.4112786e-01   2.4585540e-01   6.8371877e-02   2.8283813e-01  -2.7748089e-01  -1.5416661e-01   2.9875572e-02   2.3868970e-01  -2.9448803e-01   1.8078827e-01   1.1071453e-01   3.4013188e-01   2.8174151e-01   2.3983327e-02   2.0448590e-01  -1.1519743e-01   1.2709163e-01  -4.7241203e-01  -8.6048894e-02  -3.8950698e-01  -4.5631894e-01  -1.3397705e-01   7.4504710e-01  -8.1434421e-02   2.6533557e-01   4.4511929e-01  -3.8023955e-01  -3.9346789e-02  -1.6201280e-01   3.6234636e-01  -2.7238525e-01   4.0348973e-03   1.1695619e-01   2.1661081e-01  -4.2126124e-01  -1.7102204e-01   3.1290528e-01  -1.0801627e-01  -3.1812266e-01   2.4172093e-01   3.4302218e-01   3.5613215e-02  -2.8058443e-01   2.9542489e-01  -2.7949634e-01   3.1412886e-02  -3.8911175e-01   3.2475522e-01   3.6976373e-01  -3.2846300e-01  -5.9694871e-02  -2.4661616e-01   5.9127958e-02   1.6794563e-01  -2.2789591e-01   5.1372840e-02   3.0800331e-02   2.0002471e-01   1.9545914e-01  -3.7136768e-01   7.6170181e-02   1.4576369e-01   1.9929139e-01   2.2891050e-01  -2.9581963e-01   2.5054809e-01   6.7589840e-02   3.8333051e-01  -1.8267776e-01   1.0273184e-01   4.4259076e-01  -5.3423211e-01   2.5612023e-01   1.0638127e-01   3.7648829e-01   1.7636748e-01   1.2901135e-01  -3.7886404e-01  -2.2239889e-01  -3.7923944e-01   2.0553690e-01   3.3939928e-01   3.3494085e-02  -1.4506278e-01   6.3692339e-02   3.3759715e-01  -6.0876760e-02  -4.4444880e-01   9.5462018e-02  -1.9343618e-01  -1.3283844e-01   1.1639924e-01  -1.3557319e-02  -1.5849996e-01   1.1809234e-01  -2.4168628e-02   9.2376226e-02   1.2164957e-01   1.7284901e-01   6.2108530e-01  -1.4008827e-01  -1.4580516e-01   1.4265990e-01  -2.7220810e-01   3.2357573e-01  -4.0986259e-01   4.2456794e-01   1.3034427e-01   3.6708019e-01  -3.3954866e-01  -2.1007016e-01   5.9813626e-02   2.1236873e-01   2.2617536e-01   1.2893367e-01   3.3064234e-01  -3.5849104e-01   4.0294612e-02  -3.8096545e-01   1.0285459e-01   2.6549058e-01  -3.1144722e-01  -2.9675677e-01   5.0196875e-01   1.5422592e-01   2.9389528e-01  -4.4380889e-01   2.7456735e-03  -1.6096372e-01   6.8171489e-01  -3.2510709e-02  -1.6746167e-01   3.7646230e-01
  -3.6548706e-01   2.6582388e-01  -2.5450467e-01   1.8525344e-01   5.9225470e-02   3.4195628e-01   0.0000000e+00  -3.1344175e-01  -1.1467049e-01   3.2742339e-01  -2.3508376e-01   6.8194242e-02  -1.2782245e-01   4.0663400e-01   3.0067292e-01  -7.6754158e-02  -1.6173976e-01  -6.1665662e-02  -1.7812287e-01   1.0473321e-01   2.8971903e-01   1.0504056e-01   6.6059802e-02  -1.1822812e-01  -1.2633812e-01  -2.5925891e-02   2.1284618e-01  -9.7012001e-02  -2.9864763e-01   3.8949013e-01  -1.0447047e-01  -2.3509336e-01  -1.9242604e-01   5.4204085e-01   5.9497545e-01   2.5562651e-01   4.6607743e-01  -2.2918538e-01  -8.8358027e-02   1.8239779e-01  -1.6451855e-01  -8.7614756e-02   2.5000423e-01  -2.8956272e-02   2.6537486e-01  -1.2915550e-01   5.0802270e-02   6.5792790e-01   1.0900524e-01  -2.3392443e-01  -4.8606710e-02  -1.8971192e-01   3.1168022e-01  -2.5733188e-01   3.0347413e-01   2.7259532e-01  -2.3007922e-01  -2.0085995e-01  -1.3923943e-02   2.5113456e-01  -1.9540623e-01   2.7231137e-02  -6.5946721e-02   1.3379717e-02   5.8888685e-02   5.7929903e-01   3.2471758e-01  -3.2523580e-01   6.7999759e-02   2.3020697e-02   7.0405718e-02   1.8510889e-01  -2.5468542e-01  -5.0796326e-02  -2.5408830e-01  -1.6978673e-01  -2.0242673e-01   5.7946046e-02  -5.6920254e-03  -4.8592282e-01   4.9730582e-01  -7.4593295e-02   7.0241845e-02   6.8981481e-02   6.4587534e-02  -1.6112192e-01  -2.1019534e-02  -3.8988345e-02  -3.1349827e-01  -2.3375365e-01  -2.8479108e-02  -1.6297845e-01   5.2766984e-01   5.9998569e-02  -2.4167168e-01  -2.2075935e-01  -1.2391232e-01  -1.2802737e-01   7.4999417e-02   5.1906113e-01   1.5876398e-01  -7.9484163e-02   2.6391833e-01  -5.7314791e-02   1.5628884e-01  -2.0891103e-01  -1.3693770e-01   5.5890858e-02   2.7505935e-01   2.5907188e-01   6.1746520e-01   1.9841434e-01   9.6647267e-02  -2.3680882e-01   1.7614299e-03  -3.2855587e-01   1.8797412e-01  -1.5326435e-01   4.3370627e-02   1.9774516e-01  -3.1740425e-01  -2.7981479e-02   1.6642886e-03  -1.2577347e-01  -2.0681972e-01   8.0033786e-02   8.3792089e-02  -2.7424960e-01  -1.4350413e-01   4.3412326e-02  -2.3519967e-01   1.8948984e-01  -9.5059832e-02   3.3542515e-02   6.5203029e-03  -3.3258937e-01  -3.2784332e-01   2.4800917e-01  -3.2158687e-01  -3.3987656e-01  -9.2230244e-02  -1.3754378e-01  -4.2359057e-04   1.1052353e-01   1.8752730e-01   9.1185465e-02   9.8893453e-02   5.7025433e-02   4.4607870e-01   9.1791081e-02  -1.6423584e-01   3.2886801e-01  -1.7878094e-01  -1.8536054e-01  -2.6621140e-02  -2.6830971e-01  -2.7223115e-01  -1.5307301e-01  -2.4837021e-01   3.7525763e-01  -3.2005908e-01  -2.5035983e-01   9.4903787e-02   1.8516542e-01  -1.7327695e-01   3.2881022e-01   3.1733102e-01   1.0583099e-02  -2.8099717e-01   3.2289435e-01  -2.6072567e-02  -2.2415073e-01  -2.1799598e-02   3.8481156e-01  -1.4467879e-01  -3.1031540e-01  -1.1878906e-01
   4.3737097e-01  -5.0615285e-01   2.9234694e-01   1.1826497e-02  -3.6231586e-01   2.9776892e-01  -3.1344175e-01   0.0000000e+00  -3.0235463e-01  -4.4593249e-01   1.5539248e-02  -6.4371759e-02  -4.6051880e-02  -5.5921793e-02   1.5851847e-01   1.8480981e-01   2.4621623e-01  -1.8031296e-02   2.5866116e-01  -4.2786571e-01  -3.4425435e-02   2.1506526e-01  -2.6257685e-01   3.2166269e-01   2.5711498e-01   3.2267928e-01  -2.3299134e-01   3.1757811e-01   4.2233264e-02   3.1971035e-02  -1.5454065e-01   4.5475671e-01   1.5730343e-01  -3.4305140e-01  -2.3741167e-01  -4.8094465e-01  -3.4645710e-01  -9.2952462e-02   1.7892614e-01  -2.4361364e-01   1.7077391e-01   1.2748532e-01  -2.9566966e-01   3.7995985e-01  -4.5535587e-01   3.9480448e-01  -9.3767762e-02  -1.6765905e-01  -2.9094832e-01  -1.0232447e-01  -3.4932762e-02   7.4423134e-01  -3.0394142e-01   2.5919712e-01   6.4981524e-02   2.1457957e-01   2.5328809e-01   4.1753096e-01   2.7640205e-01   8.2448770e-02   2.8819372e-01  -5.3534862e-01   4.1772147e-02  -3.3666518e-01  -3.7771767e-01  -5.0158749e-01   1.5405468e-01   3.0839453e-01   1.5359076e-01   2.3809501e-01  -3.9571257e-01  -2.3379470e-01   9.5500872e-02   3.9585984e-01   1.6504908e-01   3.3381499e-01   1.7169176e-01   1.7581150e-01  -4.0406135e-01   2.7976196e-01  -1.3811365e-02  -5.0016448e-02  -3.4573276e-01   5.4133122e-01   1.0975667e-01   3.8788573e-01  -2.9653767e-01   4.7954268e-01   1.3000835e-01   2.0352104e-01  -4.0759907e-01   3.6449492e-01   7.4313029e-02  -1.6123409e-01   3.7602396e-03  -1.2480763e-01   1.5927652e-01   8.5513387e-02  -3.4346299e-01  -1.9396791e-01  -2.6237342e-01   2.1977505e-01   2.9815835e-01  -1.7192225e-01   1.1142568e-01   5.8659350e-01   2.1363604e-01   9.5093320e-02  -3.6176006e-01   1.3818272e-01  -3.4947650e-01   2.0740658e-01  -8.7886673e-02   2.4215604e-01   1.0636051e-01  -2.0677125e-01   9.2393601e-02  -8.3338422e-03   2.7918092e-01   6.5501564e-03   3.9250927e-01  -3.7130828e-01   5.2748181e-02  -2.6896926e-01   3.0669196e-01   3.8564584e-01  -1.7199522e-01   5.7576554e-02   3.6376319e-01   3.5905179e-02   2.1949420e-02  -5.6276518e-01   2.3988766e-01  -3.0063369e-01   1.4461761e-02   6.0010941e-01   1.9513891e-01  -3.1885096e-01   6.0485343e-01   1.1923962e-01   3.3606471e-01   1.1588370e-01   2.5799366e-01   2.5715599e-01  -2.5102711e-01  -7.4913362e-02  -1.5408154e-01  -2.2684154e-01  -4.8723260e-02  -2.2502226e-01   3.9701852e-01   3.0234638e-01   4.5196913e-01  -2.0191867e-01  -2.9890578e-01   3.2057572e-01   5.6329164e-01   3.0692279e-01   3.0026447e-01   2.0287487e-01  -6.6873073e-02   2.5504783e-01  -4.0976866e-01   3.6787344e-02   3.0908833e-01  -4.5785526e-01  -3.8582795e-01   3.2711293e-01   4.7734205e-01   1.0753025e-01  -2.1275800e-01  -4.2038232e-02  -1.7686057e-01  -3.3592688e-02   3.2944559e-01  -6.5737127e-03   4.2730383e-01
  -3.5223876e-01   5.0676616e-01  -4.1251910e-01  -1.1132398e-01   3.2950126e-01  -4.8433747e-01  -1.1467049e-01  -3.0235463e-01   0.0000000e+00   3.1811961e-01   1.0452058e-01   2.0851834e-01   6.4140507e-02  -4.4593093e-01  -3.2803229e-01  -3.3880504e-01  -4.2049433e-01   9.3202095e-02  -5.6442780e-02   2.7089521e-01  -4.8266578e-02  -9.7925289e-02   4.0840021e-02  -6.0204097e-01  -5.5110214e-03  -5.7354896e-02   4.1831435e-01  -4.6899911e-01   3.3178760e-01  -2.8885349e-01   4.2812805e-01  -2.5689902e-01  -3.1741964e-01   5.1788927e-01   1.0454709e-01   4.1625371e-01   3.5541581e-01  -2.0789835e-01  -2.3505163e-01   3.8212080e-01  -7.5390135e-03  -4.6009223e-01   2.7129295e-01  -2.8768329e-01   5.9603163e-01  -4.8849395e-01  -4.2169983e-02  -4.1407854e-02   2.8332865e-01   1.5047514e-01  -8.9614121e-03  -2.1128549e-01   5.5507488e-01  -3.2778350e-01  -4.0251283e-01  -4.3233340e-01  -1.3411923e-01   3.1400747e-02  -2.1658880e-01   5.2413145e-01  -3.2619070e-01   4.8396590e-01   4.2418296e-01   7.1230583e-01   7.5990522e-01   3.8287617e-01  -2.9505586e-01   1.0937086e-01  -2.2237390e-01  -3.0076447e-01   6.1396218e-01   1.0907832e-01   1.4491739e-01  -3.8982309e-01   5.3434759e-02   2.3173093e-02  -3.4875614e-01  -2.0558291e-01   5.5408032e-01  -8.3851518e-02  -3.8275469e-01   2.5679954e-01   2.9961296e-01  -2.9624671e-01  -5.3145378e-01  -1.0184021e-01   4.3422587e-01  -6.4937584e-01   2.3747873e-01  -2.8397832e-01   5.4587353e-01  -5.4807242e-01  -2.2319881e-01   8.1364323e-01  -3.3791151e-01   2.1075096e-01  -1.7652928e-01  -6.5063726e-02   4.0551494e-01  -6.4962672e-02  -9.1050401e-02  -2.6649630e-01  -2.5986867e-01   8.0171876e-01  -1.6253530e-01  -2.2829296e-01  -4.8124966e-01  -7.0520622e-02   3.7679199e-01  -2.2817387e-01  -1.3322737e-01  -1.5670798e-01   9.5888083e-02  -4.7502880e-01  -6.2823502e-01   6.6357667e-01  -1.7487557e-01  -9.9838595e-02  -5.7648818e-01  -3.7329568e-02  -4.7769761e-01   4.2800153e-01   2.6912118e-01   7.5380135e-01  -4.0941826e-01  -3.1549432e-01   1.0899873e-01   5.4099820e-02  -5.7471745e-02  -1.2116208e-01   1.3057444e-02   6.7429782e-01  -2.6292298e-02   3.2813174e-01   3.9238840e-01  -5.4816973e-02  -3.0779773e-01   2.3570759e-01  -4.6773087e-02  -3.7912844e-01  -4.6518914e-01  -9.9968787e-02  -2.1751868e-01  -6.1553490e-01   2.2106139e-01   1.8861937e-01  -9.7444051e-02   3.9236802e-01  -2.3598638e-01   5.5649407e-01  -6.2474781e-01  -3.3755193e-01  -6.5198812e-01   5.0135243e-01   3.7430714e-01  -2.6481344e-01  -5.0802379e-01  -1.5694861e-01  -5.2048788e-01  -2.9894489e-01   3.3620685e-01  -4.4716389e-02   5.9689430e-01  -1.7153442e-01  -7.1862668e-02   4.7764417e-01   3.5017451e-01  -5.1857486e-01  -6.3714975e-01  -2.9298887e-01   6.7253699e-01  -2.8987377e-01   1.5794245e-01  -3.9004159e-01   4.4740848e-02  -1.8954800e-01  -9.9312926e-02
  -3.8010514e-01   4.1390965e-01  -2.9334581e-01  -1.0261505e-01   3.0411098e-01  -2.9313437e-01   3.2742339e-01  -4.4593249e-01   3.1811961e-01   0.0000000e+00  -3.4555165e-01   2.7599097e-01  -1.9939958e-02  -1.4179235e-01  -4.0163748e-01   8.7288283e-02  -2.8606834e-01  -2.8549713e-01  -2.0669769e-01   4.4324675e-01   2.1303815e-02  -2.3829860e-01   3.6291803e-01  -4.6506667e-01  -3.4410258e-02   1.9802890e-02   5.1758018e-01  -3.6301240e-01   1.0571723e-01  -2.4136407e-01  -6.4390766e-02  -4.0761889e-01   3.4645277e-02   4.9852423e-01   3.4855980e-01   4.1823772e-01   3.8368897e-01  -1.1879071e-01  -8.0404166e-02   5.5955120e-01  -1.1407328e-01  -1.4107430e-05   5.3259436e-01  -4.5715675e-01   5.1869132e-01  -4.9533221e-01  -2.3064221e-01  -1.1824479e-02   1.7673638e-01   3.0610710e-01  -1.4584528e-01  -3.0069922e-01   3.2238496e-01  -9.5110783e-02  -3.5559385e-02  -3.3556060e-01  -3.3715096e-01  -2.2915239e-01  -2.5746764e-01   1.8075568e-01  -4.4959079e-01   3.7764869e-01   9.8197059e-02   1.4461049e-01   4.0489468e-01   6.9478061e-01  -1.4994969e-01  -1.5141689e-01  -3.4946792e-01  -1.0722577e-01   5.9032904e-01  -5.7335519e-02  -1.4217284e-01  -4.0831180e-01  -3.3592560e-02  -1.2031603e-01  -3.2202685e-01  -1.0029442e-01   4.4972605e-01  -3.2856856e-01  -1.4703099e-02  -1.4999838e-02   3.3376646e-01  -1.9197059e-01  -1.8886148e-01  -2.3265543e-01   3.2866078e-01  -4.4521460e-01   2.0670789e-01  -3.3564257e-01   5.7404927e-01  -4.1573614e-01   1.0025931e-01   4.1736631e-01  -1.7128984e-01   4.2644790e-01   1.7688574e-02  -2.8807555e-01   1.0246842e-01   2.0868955e-01   1.5447157e-01  -3.8654753e-01  -2.6276669e-01   2.3372439e-01  -2.2740455e-01  -3.3957785e-01  -1.2827329e-01  -2.4727684e-01   4.2555956e-01  -3.2394113e-01   3.9860756e-01  -2.7807788e-01   9.5131160e-02  -2.8857601e-01  -3.1429910e-01   1.6544589e-01  -1.5455822e-01  -6.8171417e-02  -4.6012572e-01  -1.3756911e-01  -3.6482023e-01   5.9117489e-01   2.8339182e-01   3.4945473e-01  -3.6140400e-01  -3.8060331e-01  -4.5290213e-03   1.2470398e-02  -2.2670226e-01   7.2520712e-02  -1.2415767e-02   5.1173490e-01  -2.0701736e-01   1.8593640e-01   1.1702453e-01  -4.3222775e-01  -8.5816333e-02   2.8252200e-01  -2.8364910e-01  -1.9038934e-01  -3.6101431e-01  -4.5806807e-02  -3.9148172e-01  -4.5389654e-01   2.3411898e-01  -2.0161515e-01   3.2647458e-01   5.7282292e-02  -1.6494807e-01   4.3030891e-01  -5.1406011e-01  -2.2521522e-01  -3.1878028e-01   1.0136351e-01   4.9557508e-01  -4.5644929e-01  -4.5001497e-01  -2.2939540e-01  -4.7981956e-01  -2.0701925e-01   3.8485293e-02  -4.5806669e-01   6.2654235e-01  -2.6480242e-01  -2.6049062e-01   5.3766728e-01   5.3660511e-01  -4.2761727e-01  -4.3058441e-01  -2.0807460e-01   4.3664848e-01  -1.1472844e-01  -1.2655762e-01  -1.1312849e-01  -5.9125028e-02  -2.0567672e-01  -3.0009020e-01
  -2.2062250e-03  -3.0606062e-01  -1.8885053e-01   3.3034355e-01   1.0105317e-01  -1.3913054e-01  -2.3508376e-01   1.5539248e-02   1.0452058e-01  -3.4555165e-01   0.0000000e+00  -4.5228076e-01   3.3020584e-01  -6.2058092e-02   2.0003658e-01  -9.4550486e-02  -1.4629048e-01   8.4922494e-01   2.7345196e-01  -9.8042570e-02   1.8639036e-01   3.0976885e-01  -3.2484328e-01   2.3426493e-02  -2.8741388e-02  -5.3424375e-02  -1.3707869e-01  -1.7391488e-01  -8.9871712e-04   3.8294730e-01   4.2833994e-01   2.7428024e-01  -3.0141677e-01  -1.5029143e-01  -4.6878399e-01   2.5002371e-01   1.7539992e-01  -1.6685728e-01   1.5566474e-01  -3.9309372e-01   4.8289628e-01  -2.6202453e-01  -2.6255073e-01   5.7320559e-01  -1.3090074e-01   9.9416790e-02   7.3715102e-01   2.4872138e-01   4.3925295e-02  -4.1953930e-01   7.0513828e-01  -3.9063760e-02   2.5319783e-01  -3.3097401e-01   5.8209967e-02   4.2246045e-01   2.1476420e-01   4.3419297e-02   4.8124013e-01  -1.5839467e-02   1.6963224e-01   1.1924480e-01  -7.9839830e-02   2.8376241e-01   2.9674543e-02  -2.2073471e-01  -5.2499885e-02  -2.6295090e-02   6.5417446e-01  -2.0330874e-01  -4.4373237e-01   5.9927254e-01   4.1160595e-01  -6.9395775e-02  -2.4264605e-01  -1.5986865e-01   8.0012815e-02   3.3769895e-01  -1.9174921e-01   2.2775065e-01   1.9145065e-02   4.4130950e-01  -2.7040218e-01  -3.3012219e-02  -4.0334646e-01  -1.4903321e-02  -3.3010068e-01  -7.9811701e-02  -1.6905026e-01   3.3647689e-02  -3.6325048e-01   7.1366624e-02   1.8186418e-01   1.4131782e-03  -1.4117564e-01  -3.6267664e-01  -4.4441135e-02   3.9201554e-01   2.9075175e-01   2.5937548e-01  -4.2532217e-01   2.6789281e-01   1.8929732e-01   2.5471596e-02   5.5291267e-01   7.5285232e-02  -3.4457782e-01   5.2786555e-01  -1.6612933e-01   6.1353484e-01  -4.0770897e-01   3.6593272e-01   2.4513830e-01  -1.3224185e-01  -2.0662599e-01  -5.0380322e-02   4.9798875e-01   2.5267975e-01  -4.1824987e-02   2.3532726e-01   1.0736044e-02  -4.0472972e-01  -2.8112801e-01   2.8046800e-02   3.6434723e-02   7.1522897e-02   1.3443261e-01  -5.1356209e-02   2.2366669e-01  -4.0369272e-01   2.5785392e-01   6.6947755e-02   9.5408829e-02   5.8006561e-02   7.9271225e-02   1.4454959e-01  -1.2654047e-01  -9.6227110e-02   1.8233292e-02  -1.5405397e-01  -5.4435700e-02  -3.4411213e-02   6.6716023e-01  -7.9313343e-02   5.3863266e-02   6.2900954e-01  -6.4466720e-01   5.7419367e-01   4.8168064e-01  -1.7650362e-01  -4.4981076e-02   9.1732279e-02  -1.9299780e-01   2.1332652e-01  -5.3559198e-01   3.3437789e-01  -7.6466749e-02   3.4181768e-01   1.0102035e-01   2.5629772e-01   2.6687855e-01   8.5512772e-01  -1.1148836e-01   6.5757836e-01   2.9513661e-01  -4.2268068e-01  -3.1232709e-01   1.0532683e-02  -1.3348911e-01   2.3318304e-01  -3.7681541e-01  -2.1805128e-01   7.0260310e-01  -1.7325222e-01  -2.3049468e-01   1.9479561e-01   1.8831637e-01
  -2.2357944e-01   6.1763279e-01   2.6641802e-01  -4.2255558e-01   2.9125239e-02  -8.7208512e-02   6.8194242e-02  -6.4371759e-02   2.0851834e-01   2.7599097e-01  -4.5228076e-01   0.0000000e+00   8.0348622e-02  -3.7894686e-01  -1.1785484e-01  -3.7975548e-02   1.7613517e-01  -4.8570968e-01   8.5555833e-02   3.0509815e-01  -2.4439101e-01  -3.4937278e-01   2.8657028e-01  -3.0256041e-01   1.5102275e-01   9.6636069e-02   2.3939722e-01  -1.2480944e-01  -6.3660099e-02  -6.2271362e-01  -8.8599616e-02  -2.2810443e-01   2.5532936e-01   3.3845377e-01   3.3311383e-01  -2.8216213e-02  -3.3093146e-01   2.6928043e-02  -7.3338100e-03   3.3781257e-01  -8.7712522e-02   2.6838634e-01   6.9228566e-01  -4.8650571e-01   3.2688590e-01  -4.7570306e-01  -4.0585985e-01  -4.2706870e-01  -7.5472354e-02   6.1847585e-01  -3.7666948e-01  -1.6403903e-01  -1.8256280e-01   3.2764211e-01  -4.1315470e-01  -5.6620359e-01  -1.4138784e-01  -3.3323007e-02  -4.1783979e-01   3.4163665e-01  -3.5023810e-01   1.1677174e-01   4.8123879e-01  -5.0715459e-02   1.9262247e-01   6.2389112e-02  -1.2975669e-01   3.1333926e-01  -4.5833852e-01  -5.7970655e-02   4.8134879e-01  -5.1399130e-01  -7.9788546e-02  -3.1313782e-01   3.2115506e-01  -9.5058708e-02  -2.8415964e-01  -2.0344963e-01   2.9250898e-01  -3.7123584e-02  -3.9201748e-01  -9.2437652e-02   4.7380815e-01  -3.6297255e-02   1.3639424e-01  -2.5032409e-01   4.7174200e-01  -3.2386643e-01   4.5748543e-01  -2.3570617e-01   4.3944543e-01  -1.8263441e-01  -2.4970495e-01   3.2303400e-01  -1.0405922e-01   5.7936308e-01   1.9234451e-01  -2.3910910e-01  -8.0982232e-02  -5.3389315e-01   2.6410204e-01  -3.5182756e-01  -4.1694836e-01   3.7848294e-01  -5.2482173e-01  -5.2620781e-02   3.7197205e-01  -3.9602867e-01  -4.8008817e-02  -6.4783427e-01   4.6938307e-01  -5.0720881e-01  -1.2578530e-01  -1.6078055e-01  -2.7591572e-02   3.0033536e-01  -4.4600182e-01   1.7405741e-01  -3.3760041e-01  -3.8152610e-01  -1.9036618e-01   6.0155679e-01   4.6253144e-01   2.9337461e-01  -3.0504204e-01  -3.6074127e-01   5.7401489e-02   2.7929141e-01  -1.5164209e-01   1.3830467e-01   1.7333358e-01   1.5447363e-01  -2.6809360e-01   6.3197242e-02   1.6013443e-01  -3.0420206e-01   3.2284490e-01   3.8547025e-02  -2.0379134e-01   4.7705385e-02  -2.2248954e-01   2.7910715e-01  -5.9583744e-01  -2.1750496e-01   1.4140881e-02  -4.8462817e-01   7.1206799e-01  -4.2791847e-01  -5.5347288e-01   1.6144983e-01  -2.8972140e-01  -2.4082498e-01  -3.8041456e-03   1.2722246e-01   6.9411266e-01  -3.1290747e-01  -2.2288547e-01  -2.8544093e-01  -2.2394677e-01  -5.1120738e-01   2.9082036e-02  -5.4359335e-01   1.8898672e-01  -5.0825252e-01  -1.7920485e-01   5.3311737e-01   4.5137763e-01  -2.5279319e-01  -1.5601610e-01  -3.5944749e-01   4.9292375e-01   4.8200500e-02  -5.1895502e-01   7.0391646e-02   1.9275125e-01   1.9042276e-01  -1.5701635e-01
  -2.7699458e-01   9.0627413e-02   1.4877794e-01   2.6296504e-01   1.1721174e-01   1.2751638e-01  -1.2782245e-01  -4.6051880e-02   6.4140507e-02  -1.9939958e-02   3.3020584e-01   8.0348622e-02   0.0000000e+00  -3.4468674e-01   7.9981957e-02   1.8119901e-01   1.8529001e-01   3.6759392e-01   1.9958085e-01   1.5437660e-01  -1.6251781e-01   1.3374951e-01  -1.1027066e-01  -1.6563743e-01   1.6615296e-01   4.1727747e-02   7.6941259e-02  -1.5624763e-01  -6.3341874e-02  -6.4839487e-05   9.5982526e-02   2.7319950e-01   1.1719414e-01  -1.2251393e-01  -2.7175353e-01   1.6603015e-01  -9.3713494e-02  -1.9615168e-01   2.7965072e-01   1.9162261e-02   7.5823300e-01   2.0728237e-01   1.5408748e-01  -1.6578082e-02   6.2320895e-02  -1.7755937e-01   3.5886338e-01  -6.7086711e-02  -1.9249536e-01   8.1375233e-02   4.8308973e-01  -1.3664501e-01  -2.0989852e-01   7.0096517e-02  -9.9926610e-02  -4.6702062e-02  -6.4939096e-03   1.1080470e-01   4.9634220e-01   1.3109188e-01  -1.4471738e-01   7.0768994e-02   2.0834185e-01  -3.2135074e-02  -1.8633220e-01  -1.1816518e-01  -2.3632321e-02   1.9388535e-01   3.2270481e-01   2.1213813e-02  -1.4323372e-01   2.3965802e-01   2.7120996e-01  -2.5328667e-01  -3.9588448e-02  -1.5654875e-01  -1.7219063e-01   1.8149491e-01  -3.3040738e-02   3.2749765e-01  -2.2547741e-01   3.6632819e-01  -1.2651472e-01  -1.8202002e-01  -1.0345807e-01  -8.2391350e-02  -1.9324346e-01  -2.1584286e-01  -6.6033067e-02  -1.7986406e-01  -7.4767256e-02   1.8985607e-03   1.6770965e-01   1.1516983e-01  -2.0696601e-01   7.1852408e-02   4.0085680e-01   1.9370422e-01   2.2115738e-01   5.7853336e-02  -1.4792629e-01  -1.8860725e-02  -2.3843161e-01   1.8859054e-01   2.5135388e-01   2.0975862e-01  -3.1320683e-02   2.8508277e-01  -2.2190098e-01   1.5558263e-01  -1.5389083e-01   6.2387844e-02   3.4308607e-02  -1.0485125e-01  -5.6489888e-02  -4.5235425e-02   8.4592843e-02   6.2654602e-01  -1.5555023e-01   1.8711852e-01  -6.5732692e-02   2.7939279e-02   1.5261491e-02  -2.6834210e-02  -9.0617874e-02  -2.3465907e-01   1.1798359e-01   1.2383674e-01   2.8528728e-01  -2.3575797e-02   4.6786717e-01  -1.0140321e-01  -1.1010752e-01  -7.6364668e-02   2.1678807e-01   8.2497583e-02   2.3631724e-01  -2.1647564e-01   1.9857601e-02  -1.2188155e-01  -1.7457329e-01   3.2601054e-01   1.6121353e-01   2.5277042e-02  -5.7692360e-02   2.6451424e-02  -1.0369449e-02   6.4958793e-02   2.1642615e-01  -2.7018442e-01  -1.2553742e-01  -2.9857974e-01   5.6446253e-02  -8.1455606e-02  -2.5885125e-03   5.6926534e-02  -1.0712383e-01   5.2713347e-01  -1.9777945e-02  -6.8458708e-02   1.5622642e-01   2.1200873e-01  -1.2599631e-01   2.7896899e-01   2.8928676e-01  -8.7923463e-02  -6.3699191e-02  -1.3978507e-01  -2.4422939e-01   1.3177915e-02  -9.8676389e-02  -1.1816115e-01   2.8462939e-01   6.6941901e-02  -6.3322864e-02   1.5022471e-01   2.2768782e-01
   1.7127942e-01  -3.6785615e-01  -1.3461422e-01   1.5474252e-01  -3.7754796e-01   2.3019547e-01   4.0663400e-01  -5.5921793e-02  -4.4593093e-01  -1.4179235e-01  -6.2058092e-02  -3.7894686e-01  -3.4468674e-01   0.0000000e+00   3.9072797e-01  -4.6651929e-02  -1.2809755e-01  -8.0115362e-02  -1.9147178e-01  -4.5056735e-01   5.1202431e-01   2.7356663e-01   1.8242388e-01   2.4081731e-01  -8.8075609e-02   3.0100172e-02  -2.8153466e-01   4.2988846e-01  -1.2701786e-01   4.7367125e-01   8.9764611e-02  -1.9500461e-02  -1.5588750e-01  -1.1739333e-01   2.9375470e-01  -2.3831999e-01   1.0389044e-01  -4.3407751e-02  -2.8553753e-02  -2.7986436e-01  -3.5826893e-01  -1.8929028e-01  -3.8872744e-01   3.7535655e-01  -2.2124917e-01   3.3445119e-01  -9.6080676e-02   3.8672265e-01   1.9946506e-01  -3.8749300e-01  -1.2883444e-01   1.6354380e-01   6.2192276e-03  -6.6204578e-02   6.3797766e-01   5.7571958e-01  -4.7481836e-02  -9.2360453e-02   8.4721551e-03  -2.9397684e-01   1.4026029e-01  -1.9071982e-01  -4.6996453e-01  -2.1713534e-02  -2.0553160e-01   1.9016231e-02   1.3581101e-01  -3.8480122e-01   1.4405970e-01   8.6459555e-02  -3.2237253e-01   1.3732466e-01  -2.3066615e-01   3.2253058e-01  -1.4555677e-01   6.7894113e-02   1.7081129e-01   1.6970851e-01  -4.1722662e-01  -1.3546842e-01   7.7768393e-01  -1.5446902e-01  -1.2473329e-01   2.7278219e-01   2.2133605e-01   1.6167286e-01  -1.8828615e-02   5.6472592e-01  -4.3741821e-01   1.3999576e-01  -4.0825248e-01   7.8318380e-02   1.3899521e-01  -4.8172388e-01   7.4452073e-02  -4.4006554e-01  -3.1388358e-01  -5.8979787e-02  -3.4632891e-01   3.5137901e-01   4.1578870e-01   3.7851289e-01   5.8333810e-01  -4.3833996e-01   2.3541091e-01   7.2509009e-02   2.1874824e-02   9.8516781e-02   1.6907491e-01   2.8699059e-01   2.5066119e-01   2.9250897e-01   9.2531906e-02   9.5210718e-02   4.8882194e-01  -5.6787074e-01   2.8315217e-01  -1.8465944e-01   5.2288254e-01   1.7003598e-01   1.0000129e-01  -4.7767166e-01  -3.6008959e-01  -4.8063712e-01   1.4192989e-01   4.8639471e-01   4.2781887e-02  -2.0051758e-01   5.6673961e-02   1.4440507e-02  -4.0072960e-01  -1.7614237e-01   1.5662206e-01   2.3423703e-01  -3.3521383e-01   1.2710332e-02  -2.1557207e-01   3.8246190e-01  -4.0039686e-04   2.6739656e-02   3.5187903e-01  -2.6627228e-01   2.2054734e-01   3.4633898e-01   1.5214284e-01   2.6469557e-01  -8.9378681e-02  -8.8598272e-02   2.5053462e-01  -1.8570872e-02   2.7231493e-01   7.3205857e-01   1.6519578e-01  -1.5221420e-01  -4.1596655e-01   3.1911453e-02   1.7958646e-01  -4.4224706e-02   8.4079675e-02   5.6029651e-01  -5.7168902e-01   5.8479869e-02  -2.0583107e-01   3.1134597e-01  -9.8765663e-02  -2.3431880e-01  -5.3066355e-02   4.0658500e-01   2.6541003e-01   9.0164133e-02  -4.3196261e-01  -9.3344283e-02  -6.2834751e-02   8.9713429e-02  -1.8749121e-01  -1.8337033e-01   3.3685144e-02
