   0.0000000e+00  -1.6185425e-01   3.3782265e-02   4.2590659e-01  -4.2359183e-01  -1.0278812e-01  -4.9068260e-01   4.2188151e-02   1.8946218e-02  -3.8118772e-01  -1.7496939e-01   1.9039194e-01   1.0592680e-01   5.7998656e-01  -4.3179906e-02  -6.0773606e-02  -1.0583705e-01   1.2377512e-01  -1.3970124e-02  -3.8655894e-01  -7.9569741e-02   2.5184697e-01  -2.4156385e-01   6.3584654e-01   2.7520455e-01   2.1569991e-01  -3.9397526e-01  -2.2855867e-01  -3.0283806e-01   1.8462966e-01   8.4175177e-03   7.7592947e-02   2.3161847e-01  -5.4211033e-01  -2.0512608e-02  -3.6796987e-01  -1.8055030e-01  -1.2789186e-01  -1.1707631e-01  -4.2091031e-01   4.6901297e-02   2.8166089e-01   1.2411948e-01   1.1905564e-01  -5.6462143e-02   3.2248186e-01  -1.1926397e-01  -3.4331829e-01  -9.4571523e-02  -4.1071203e-01  -3.1997673e-03   2.3092291e-01  -4.8830420e-01   3.1658671e-01   1.1922429e-01  -6.1765265e-02   1.1892327e-01   2.0307582e-01   1.1946166e-02   1.9653042e-01   3.1505257e-01   3.3112952e-02   1.1126427e-01  -2.3355698e-01  -2.6444146e-01  -4.5932370e-01  -1.9711948e-01   3.7081585e-01   1.7314520e-01   3.5343491e-01  -4.0297579e-01   2.6411947e-01  -1.4161341e-01   7.1667431e-01   4.4995013e-01   1.3654479e-01   1.5553458e-01  -1.4605695e-01  -4.3962112e-01   1.8890531e-01  -3.7937361e-01  -2.3552313e-01  -5.3832363e-01   1.4846303e-01  -1.5430749e-01  -7.3683399e-03  -1.1581633e-01   6.1571900e-01   3.1455228e-01   7.6766583e-01  -5.3166735e-01   1.4688918e-01  -5.2336359e-01   1.9109366e-01   1.7854846e-01  -1.2772534e-01   4.1558238e-01  -4.6263837e-02   6.5448693e-02  -2.2464627e-01  -3.1403938e-01  -1.2951263e-01   9.8713497e-02   1.1250727e-01   4.5865782e-02   1.8500707e-01   2.3254200e-01   3.3558768e-02  -2.2827561e-01  -4.1618547e-01  -5.9429160e-01  -4.2488852e-02   4.4743934e-01   6.7788280e-01  -1.1728416e-01  -4.6623597e-01  -5.1574456e-02   1.7159270e-02   5.7165563e-02   2.2909313e-01   5.0802215e-01  -4.7484466e-01   1.9683830e-01  -4.3814348e-01   4.9298023e-01   7.1847896e-01  -3.2885270e-01   1.9828925e-01   3.4777568e-01  -8.0759858e-02  -1.7711092e-01  -5.8165607e-01   5.1663847e-01  -5.3870955e-01   3.3065747e-01   7.0534506e-02   2.0840433e-01  -2.4248012e-02   1.7678867e-01   5.2337217e-01   7.5566108e-01  -2.2293503e-01  -5.0466503e-02  -1.1283455e-01  -2.7351424e-01  -3.1190052e-01  -4.6578492e-01  -4.7396251e-01  -2.1756677e-01  -1.4723641e-01   5.0985175e-01   4.1987608e-02   4.0227269e-01  -4.1980665e-01  -3.7482911e-01   4.5358925e-01   5.3915647e-01  -1.2846982e-01   1.3495370e-01  -2.7679302e-02   4.1694295e-01  -6.4228171e-02  -3.1122847e-01   1.0697097e-01   1.7074989e-01  -4.1787292e-01  -3.6752210e-01   3.8859473e-01   4.5189381e-01  -5.1509747e-01  -4.6221937e-01   1.4280991e-01   1.0773773e-01   2.4182711e-03   2.6714879e-01   2.9021390e-01   1.9758731e-01
  -1.6185425e-01   0.0000000e+00  -3.0705262e-02   1.6527181e-01   2.6688540e-01  -3.7448119e-01   1.2469648e-02   1.7663544e-01   7.0776060e-01   1.6589352e-01  -3.4998584e-01   3.7902736e-01  -1.3064079e-01  -3.4934678e-02  -2.4535807e-01  -3.0773349e-01   2.4996872e-01  -1.3870728e-01   9.4502099e-02   2.1199243e-01  -3.2822858e-01   2.3601026e-01  -1.9724895e-01   4.9532436e-02   3.2464580e-01  -7.4809586e-02   6.5517108e-02  -3.8749888e-01   1.0583973e-01   3.1791891e-01  -1.5941255e-01   2.2390073e-01   8.4709757e-02   2.1605885e-01   5.3023081e-01  -2.6146460e-01   1.5513989e-01  -6.3794438e-02  -1.9323201e-01   1.8123314e-01  -9.7047721e-02   7.2482123e-02   6.9228968e-01  -2.2584345e-01   1.9887920e-02  -3.2915431e-01  -4.1888490e-01  -1.8115925e-01   2.3868147e-01   9.1183092e-02  -2.6264308e-01   2.1186867e-01   2.7241918e-01   5.4512162e-02   2.1572393e-01  -2.7489674e-01  -1.1330546e-01   3.8294320e-01  -2.9648698e-01   4.1715771e-01  -1.1773433e-01   1.4703230e-01   5.1346799e-01  -3.5542118e-01   6.3311594e-01  -1.4788207e-01   6.1115490e-02   2.9254133e-01  -1.4611227e-01  -3.9882129e-01   6.8127979e-01   4.8199120e-02  -1.5582037e-01  -7.6567653e-03   2.7876581e-01   1.0029527e-01  -2.5472871e-01   1.0040039e-01   4.8288686e-01  -1.9229697e-02  -4.8988673e-02  -2.5286429e-01  -2.9705877e-02   1.0936014e-01   3.7412616e-02   1.9435119e-01   6.1376623e-01   9.9780385e-02   3.0497238e-01  -8.9744459e-02   5.2914713e-01  -9.9665660e-02  -9.3477034e-02   6.3678892e-01  -1.3572186e-01  -6.6024312e-03   1.1834008e-01   2.5281335e-01   1.7374316e-01   8.3045497e-02   1.1074578e-01  -4.7875680e-01  -4.4860912e-01   7.9323004e-01  -1.7027326e-01   2.9176998e-01   1.8479474e-01   7.5595542e-02  -1.2385220e-02  -3.2055115e-01   5.9868392e-02   1.7721198e-02   2.9227893e-01  -2.0954064e-01  -2.6840307e-01   3.8926704e-01   3.1912799e-01  -2.0004054e-01  -4.9872944e-01   1.4925449e-01  -3.6849873e-02   2.1725551e-01   2.4914923e-01   4.1735096e-01  -1.3758567e-01  -7.9167683e-02  -5.5386468e-02   1.7735069e-01   2.6814948e-01  -2.9548625e-01  -1.5915497e-02  -2.2789461e-01   1.9241369e-01  -1.1789246e-01   3.3090938e-01   2.7583859e-01   2.7150113e-02  -4.3860703e-01   2.6400496e-01  -2.1152309e-01  -1.1230586e-01  -3.4569228e-02  -6.8095129e-03  -2.2613509e-01  -2.2650136e-01   1.1651355e-01   3.3632715e-01   1.4926565e-01  -4.9024272e-01  -1.0594958e-01  -2.5081976e-01  -1.5708708e-01  -1.2634502e-01   4.4149506e-01   5.9370686e-01  -5.7431070e-03  -9.4546836e-03  -3.4192949e-01  -8.1590983e-02  -1.8642098e-01   3.6626666e-01  -3.5515661e-01  -2.3608182e-01  -1.7429580e-01   4.7076319e-01   2.9465635e-01   2.4334941e-01  -4.6391808e-01  -1.9949950e-01   1.7269962e-01   4.4019212e-01  -5.9897390e-02   8.8304133e-02  -1.7552220e-01   3.3790685e-01   1.5014463e-01   4.3115608e-01
   3.3782265e-02  -3.0705262e-02   0.0000000e+00   2.1941594e-01   3.4569460e-01   2.8445421e-01  -5.9505541e-02  -2.1572917e-01  -1.2975149e-01   6.8869773e-02  -2.3170309e-02   2.0172619e-01   1.1800011e-01  -1.2560927e-02  -9.4694852e-02  -6.4731204e-04   7.4468834e-01   1.3169994e-01  -1.6745946e-01   3.4991118e-01  -8.5161101e-02   1.5106663e-01  -1.0915980e-01   6.9989926e-02  -3.0950598e-02  -3.2203220e-01   2.9195708e-01   6.6073890e-02  -2.3390893e-01  -9.7481382e-02  -3.9053705e-01  -9.6474203e-02   1.5541806e-01  -4.1609117e-02   1.2602686e-01   2.3803910e-01   8.8841085e-04   1.3942599e-01  -1.5412396e-01   2.8015050e-01   8.6807353e-02   2.3581508e-01   4.8939547e-02  -1.3003520e-01   1.2171697e-01   4.6991823e-01   1.8680143e-01  -1.8430967e-01  -1.8855405e-02  -8.7506076e-03   1.3420182e-01  -3.0442887e-01  -3.1853545e-01   2.9898857e-01   1.4812714e-01  -1.8988957e-01  -8.2259021e-02   3.0993808e-02  -3.9745600e-03  -1.4945733e-01   5.9875908e-01   1.1016078e-01  -1.3751524e-01  -3.2512895e-01  -2.7939694e-01   3.6484715e-02   1.0089691e-01   2.0443658e-01  -1.7881145e-01   5.5944162e-01  -4.8883522e-02   1.7217885e-01   2.3098140e-02  -9.3240211e-02   2.2812437e-02  -1.0011791e-01   5.1296337e-01  -4.5084659e-02   1.0986888e-03  -7.0205741e-02  -3.4094413e-01  -2.8933228e-01  -2.3201880e-01  -2.4353659e-01   1.6413302e-01  -2.5811295e-01  -2.4848792e-01  -1.1321548e-01   1.0191587e-01   5.0369856e-02  -2.9869495e-01   4.8415266e-01   1.4108575e-01  -2.1582285e-02   4.3188670e-01   4.0954860e-01   2.7830690e-01  -2.8806029e-01   1.6434449e-01  -6.9709387e-02  -3.0023472e-02   1.3425598e-02  -1.6107986e-01  -1.8106697e-02   9.4607329e-03   1.2073064e-01   2.8871135e-01  -1.5849575e-01   1.5894500e-01  -6.7215507e-03   2.4194490e-02  -1.5368089e-01   2.7769827e-01   1.8812615e-01   3.5552429e-02  -3.8661790e-01  -2.4910138e-01   1.0691451e-01  -1.2073968e-01   4.6267040e-02   2.6527702e-01   1.5287395e-01  -3.1503623e-02  -4.5137510e-01   2.7556233e-01   3.6864937e-02  -1.7090140e-01  -4.2621068e-04   1.4273840e-01   5.0613706e-01  -2.9976260e-01  -1.3492405e-02   9.9961424e-02  -2.5938287e-01   1.4192899e-01  -1.2805988e-01   6.6400428e-03  -1.8516366e-01  -1.4051989e-01   5.2982876e-02   1.3508489e-01  -1.8587339e-01  -1.7863494e-01   5.2404527e-02  -2.1282058e-01  -4.0293215e-01   1.9592760e-01  -2.4518735e-01   9.7623446e-02  -1.7076849e-01   3.3065059e-01  -4.0341118e-01   1.7347808e-01  -1.6823203e-01   1.3932589e-01   7.0959603e-02   3.3572553e-01  -2.5767212e-02   4.4416221e-01  -1.0098798e-01   2.7526302e-02  -1.8989350e-01   1.9414514e-01   1.0564449e-01   7.9348616e-02  -1.5419001e-01   1.3500780e-01  -1.2154931e-01   3.0291421e-01  -5.6706938e-02  -8.3545084e-02   2.5619733e-01   6.4345245e-02   9.8145339e-02  -8.1340820e-03   2.5843959e-01   1.4072549e-01
   4.2590659e-01   1.6527181e-01   2.1941594e-01   0.0000000e+00  -1.1481026e-01   2.0865510e-01  -1.8634493e-01   5.7373992e-02   4.2752210e-01  -4.1578747e-01  -1.6337471e-01   2.3153817e-01   1.4489264e-01   7.2466518e-01   2.6930259e-01  -2.8544776e-01   9.5837353e-02   4.7010131e-01   1.3698645e-01  -1.4095461e-02   1.8748505e-01   5.0922041e-01   1.4514577e-01   2.2554917e-01   6.5230033e-01  -7.3906112e-02  -2.1756374e-01  -2.8762734e-01  -2.2687160e-02   5.2130219e-01   2.1452304e-01   2.3957991e-01   2.8551465e-01  -4.6147094e-01   4.2658730e-01  -1.9590358e-01   2.7597759e-01  -2.2337870e-01  -2.8637256e-01  -3.2497281e-01   2.4233951e-01   4.5938940e-01   2.6280560e-01   1.3410505e-01   4.8309979e-01   1.9328192e-01  -4.1360479e-02   6.7808006e-02   4.9788952e-01  -5.1950174e-01   2.5445122e-01   1.0099615e-01  -5.3351147e-01   6.0014253e-01   4.3987702e-01  -4.2098973e-02   1.5335655e-01   4.0732456e-01   3.5155904e-01   2.1718075e-01   4.3854806e-01   6.1125151e-01   5.0830517e-01  -2.0036341e-01   1.8349603e-01  -2.5144171e-01   1.7624980e-01   6.7601970e-01   1.9690057e-01   8.9750918e-02  -1.8982401e-01   7.8095846e-01  -1.7177253e-01   4.9296457e-01   5.7783450e-01   3.0077054e-01   2.2128631e-01  -4.7980956e-03  -3.7180350e-01   5.7765079e-01  -9.6286753e-02  -4.7383012e-01  -3.2041526e-01  -1.8542257e-02   3.4195356e-01   1.9222172e-01   2.7750171e-01   5.6785465e-01   6.4256786e-01   3.8194251e-01  -4.3103855e-01   2.2727337e-01  -4.9836741e-01   5.7803785e-01   1.0618572e-01  -9.1218847e-02   7.6676543e-01   8.2907473e-02   7.0443315e-01   1.8447181e-01  -4.3571696e-01  -2.5458686e-01   2.6208250e-01   3.8473688e-01   4.0974000e-01   5.8865001e-01   5.7824723e-01   2.6148056e-01   1.7062649e-01  -4.3186049e-01  -5.4391716e-01   2.7805198e-01   7.9830873e-01   3.9667292e-01  -2.3029200e-01  -5.9716917e-01   1.3012759e-01   7.1345192e-02   1.0785046e-01   7.6897341e-01   5.0584074e-01  -3.8567817e-01   2.5061143e-01  -1.7844171e-01   1.3314043e-01   4.2596665e-01  -1.5269845e-01   5.9766392e-01   8.0017388e-01  -1.5248875e-01  -3.6205672e-01  -5.3582262e-01   5.3487928e-01  -3.9875952e-01   7.4781792e-01   2.2195482e-01   6.1878828e-01  -5.3937772e-03   2.6990461e-01   9.1959390e-02   4.4814762e-01  -3.1972338e-01   6.7387146e-03  -3.1921306e-01  -9.1485662e-02   1.0611172e-01  -2.2196606e-01  -3.4406449e-01  -9.8677406e-02   1.6591819e-01   3.3107136e-01   1.4970369e-01   4.3279833e-01  -1.3033821e-01  -3.1761936e-01   1.0793010e-01   4.9770012e-01   1.7528653e-01   1.7686614e-01   3.7767845e-01   6.6263782e-01  -4.8390857e-02  -1.8387276e-01   5.5566528e-01   3.8894102e-01  -5.2557012e-01  -3.7003785e-01   1.0163102e-01   5.5659757e-01  -4.5300862e-01  -4.8478058e-01   7.4060331e-02   7.0440174e-01   9.1657296e-02   5.9028942e-01   5.4897049e-01   4.8478811e-01
  -4.2359183e-01   2.6688540e-01   3.4569460e-01  -1.1481026e-01   0.0000000e+00   9.4223117e-03   1.6755108e-01  -7.3430515e-02   1.4545975e-01   5.4764431e-01  -2.6381326e-01  -2.8133214e-03  -9.6920110e-03  -4.6893603e-01  -3.4638128e-01  -1.4527059e-01   4.8247673e-01  -1.5985129e-01  -5.9555637e-02   8.6052347e-01  -1.5528612e-01  -2.1461613e-01  -2.3535614e-01  -3.5069292e-01  -2.0812855e-01  -2.7912914e-01   4.7936983e-01  -1.9359445e-01   1.6106315e-01  -2.0589666e-01  -3.6420985e-01  -2.0163373e-02  -1.9242511e-01   4.7959107e-01   1.7213509e-01   5.8086327e-01   4.0883520e-01   4.7364682e-02  -2.1391523e-01   4.8020484e-01   5.4122893e-02  -6.9165650e-02   1.2955772e-01  -4.8984730e-01   3.3547350e-02  -4.2071622e-02   9.7054936e-02  -1.4146460e-01   2.9463829e-01   1.5360738e-01  -1.7532872e-01  -2.5267567e-01   4.3221785e-01  -1.2565714e-01  -5.7372769e-02  -4.6584609e-01  -4.0097676e-01  -3.3125716e-02  -1.6463001e-01  -1.9193399e-01   7.6647171e-02   1.5027296e-01   5.3685427e-03  -2.6581809e-01   1.1683590e-01   4.0591133e-01   3.2308121e-01   8.2159850e-02  -2.4649974e-01  -7.1737933e-02   5.6056633e-01  -1.3124840e-01   1.4234242e-01  -3.9325088e-01  -1.1468999e-01  -1.7076023e-01   1.3168274e-01  -2.7762140e-02   7.2219420e-01  -1.5050344e-01  -1.8318488e-02  -1.8812259e-01   1.1459534e-01  -2.7855343e-01   3.6236477e-02  -1.2479523e-01   1.7581154e-01  -3.9740808e-01  -5.6942921e-04  -4.5305420e-01   4.5726419e-01   1.2260432e-02   5.6530506e-01   4.8798020e-02   1.2828420e-01   5.5596194e-01  -5.7332981e-02  -4.8033050e-02   1.2837758e-01   2.8271429e-01   2.6277046e-01  -2.8773928e-01  -4.9200088e-01   1.3253657e-01  -2.2890519e-01  -3.6855396e-03   5.1408494e-02  -1.8491191e-01   3.8101462e-01   2.5671587e-01   4.1936664e-01  -2.1843016e-01  -2.0517683e-02  -2.9553141e-01  -2.8113320e-01   4.2189597e-01  -9.7113957e-02   1.3762003e-01  -4.4343330e-01  -7.6903174e-02  -1.5469247e-01   7.8969042e-01   7.0996536e-02  -3.3093967e-02  -2.0184977e-01  -4.8013744e-01  -8.7441631e-03  -7.8097950e-02  -1.0122583e-01   6.3715553e-03   5.3916657e-03   2.9745858e-01  -1.7808287e-01   1.9413925e-01  -6.3903566e-02   2.6917615e-02  -8.2380171e-02  -3.4656706e-01  -1.3542092e-01  -3.5555099e-01  -1.9702854e-01   2.6923754e-01  -1.5993635e-01  -3.1743489e-01  -2.5542297e-01  -3.1775806e-01   4.8587856e-01   3.6105986e-01  -1.0972473e-01  -6.8360898e-02  -3.5801783e-01  -4.2204865e-01  -1.7113330e-01   1.9896017e-01   5.3708593e-01  -2.7506105e-01  -2.2141542e-02  -1.0595387e-01   1.1384794e-02  -3.1130442e-01  -7.3082335e-02  -2.4262675e-01   4.7824677e-01  -1.6861150e-01   7.5427057e-02   6.2471098e-01   2.3756239e-01  -5.3163926e-01  -1.7354950e-01   6.9981993e-01   6.8647916e-01   4.1779881e-02   5.7118879e-02  -1.7383053e-01  -1.5989332e-01   1.0787956e-01   3.3402938e-02
  -1.0278812e-01  -3.7448119e-01   2.8445421e-01   2.0865510e-01   9.4223117e-03   0.0000000e+00   4.3790173e-01  -1.6784019e-01  -3.5947781e-01  -2.1555062e-01   3.1254740e-01  -3.9266157e-02   2.1883357e-01   9.7464272e-02   2.7143090e-01  -7.2479619e-03   1.4065826e-01   5.1894605e-01   2.4652646e-01   1.6849596e-01   2.5315328e-01   1.1176316e-01   2.2722431e-01  -1.0015866e-01  -3.8419640e-02  -9.4998374e-02   9.7168006e-02   2.2013815e-01  -1.6622103e-01   2.2204021e-01   2.3718274e-02   1.4293127e-01  -2.3998039e-02  -1.6205575e-01  -1.8817469e-01   3.6030132e-01   1.4039105e-01   5.0904593e-03   1.0587145e-02  -5.3081541e-03   2.2365838e-01   5.3689869e-02  -4.7253224e-01   2.1517908e-01   4.0468436e-01   1.6371052e-01   5.6447975e-01   5.2483862e-01   7.5259763e-02  -2.4906344e-01   5.1849313e-01  -1.6739533e-01  -4.2661716e-01   7.7495090e-03  -8.8310662e-02   2.4298047e-01   4.1214475e-01  -3.5092209e-02   3.1395920e-01  -2.5410426e-01   1.8717335e-01   2.0365215e-01  -2.1137842e-01   9.7720713e-02  -3.1654233e-01   3.2070045e-01   6.1124965e-01   2.8101347e-02   2.0144981e-01   1.3398587e-01  -2.2606587e-01   3.5742824e-01   8.8260795e-02   1.7293812e-02  -2.2706074e-01   2.0111180e-01   1.4150417e-01  -1.0242072e-01  -3.9906078e-01   3.2256779e-02   2.2689398e-01  -9.4393703e-02   1.8452900e-01  -2.8355274e-01   5.5100210e-01   1.2564660e-01  -3.9684895e-01  -4.7118813e-02  -8.2836405e-02  -3.1090249e-02  -4.6120966e-01   4.8103600e-03   1.1246717e-01  -3.1804594e-01   6.0421530e-02   1.8499588e-01   1.5662736e-01  -8.0586968e-02   2.0877818e-01   1.9845541e-01  -3.3268205e-01   2.0527768e-01   5.4608751e-01  -4.2955843e-01   5.5617743e-01   1.9356945e-01   2.6991618e-02   1.7950191e-01   5.5604739e-02   2.7194304e-01  -2.1736942e-02   2.8612308e-01   2.3621574e-02  -6.0948369e-02   1.0685674e-02  -5.2918445e-01  -1.5986715e-01   1.5109969e-01   4.7514702e-01   1.9908537e-01   2.7648088e-02  -7.7835144e-02  -3.0648429e-01  -2.3626389e-01   6.3030610e-02   3.1482426e-02   3.1248805e-01   8.9148219e-02   1.8243411e-01   3.1222066e-01  -1.0407899e-01   2.2405864e-01   3.2061457e-04  -1.1454734e-03   2.1095287e-02   6.1064005e-02   1.0456500e-01   3.4354518e-01   4.9290239e-02   4.4767438e-02  -2.1652450e-02  -1.6527524e-02   5.3723004e-02   1.1078677e-01   2.7860660e-01   1.9287871e-01   7.1849099e-02  -7.4574954e-02   5.7335909e-01   3.2384425e-01   1.5382005e-01   1.9842331e-01  -9.8147713e-03  -1.7726892e-01  -2.8489628e-01  -6.3792699e-03  -4.5776891e-02   2.8902316e-01   3.5906559e-02   5.6594297e-01  -1.1279757e-01   3.4845573e-01   2.6818297e-01   5.8082005e-01  -1.6446618e-01  -4.1129748e-01  -9.6771786e-02   2.0523175e-01   2.7393916e-01  -4.9167598e-02  -3.9136551e-01   5.6572564e-02   3.6840723e-01   6.1631955e-01  -2.1154978e-01   1.4004556e-01  -1.0737373e-02
  -4.9068260e-01   1.2469648e-02  -5.9505541e-02  -1.8634493e-01   1.6755108e-01   4.3790173e-01   0.0000000e+00  -3.2101783e-01  -2.4874366e-01   1.7416539e-01   1.7756396e-01  -2.6692473e-01  -1.1642454e-02  -2.2301574e-01   1.3935658e-01   6.5167732e-02   3.6001856e-02   6.3778493e-02  -1.2502139e-01   1.8308759e-01   1.6441668e-01  -2.7417466e-01   4.6325785e-02  -4.6080750e-01  -1.3267361e-01  -2.4230916e-01   2.7522608e-01   4.0505642e-01   1.1399873e-01  -1.0655510e-01  -1.6567278e-01  -1.6404073e-01  -7.8952532e-02   4.3824734e-01   1.1800371e-01   4.3290731e-01   3.1730110e-01   1.8394875e-01   1.8364015e-01   3.0663021e-01   7.3831936e-02  -1.5811436e-01  -2.9829011e-01   4.6019915e-02   3.7734751e-01  -1.9552521e-01   2.3273441e-01   7.1910814e-01   1.5472549e-01   5.0460755e-02   1.9653793e-01  -3.4144660e-01   3.2396645e-01  -1.7231666e-01  -1.5323787e-01   1.8029395e-01  -4.4594017e-02  -3.1294615e-01   7.4425987e-02  -3.5774212e-01  -3.0655384e-01   1.9655102e-01  -2.7038121e-01   2.6836680e-01   2.7137983e-01   7.2195041e-01   1.4291789e-01  -8.8943931e-02  -2.1961773e-01  -3.1312198e-01   3.2597356e-01   1.7768096e-01   3.0008569e-01  -4.0920230e-01  -3.1630939e-01  -2.3165015e-01  -8.8594740e-02  -1.6582854e-01   1.5032652e-01  -8.8165842e-02   4.6704250e-01   2.9999315e-01   3.6067516e-01  -3.3909477e-01   2.0339763e-01  -9.9757204e-02  -2.8262233e-02  -3.0962492e-01  -1.0596143e-01  -2.9033096e-01   1.7494453e-01  -3.7011164e-01   4.5213225e-01  -2.3091055e-01  -1.9409599e-01   2.1206387e-01  -2.2310205e-01  -1.7289832e-01   9.4691292e-02   2.9460225e-01  -1.2564549e-01   3.1217996e-01   1.3395129e-01  -2.4322411e-01   2.9413065e-01  -2.3354123e-01  -1.2954813e-01  -1.5896324e-01   4.2047890e-01   4.5893487e-01   3.6959959e-01   1.0415746e-01  -1.1013652e-01  -4.1814164e-01   4.3479991e-02   1.0507097e-01  -1.6009445e-01   1.8379466e-01   1.6749560e-01  -1.3452920e-01  -4.5379351e-01   3.0671663e-01  -3.1364449e-01   2.5153528e-01  -3.0667835e-01  -2.7870535e-01   5.7216969e-01   3.3689983e-02  -2.4404439e-01   5.0254257e-02   1.8185192e-01   5.4519425e-01  -4.3483733e-01   3.2095965e-01  -1.5743213e-01  -2.1513134e-01  -1.2444745e-01   2.5570753e-01  -2.2212061e-01  -2.7872731e-01  -5.0161545e-01   1.2133144e-01  -9.4876109e-02   7.8503368e-03   3.4556340e-01   3.0664296e-01   2.6534001e-01   4.9804604e-01   6.2454339e-01   3.9909651e-01  -2.9414529e-01   3.8740525e-02  -4.7110400e-01   2.0432134e-01   1.0230804e-01  -3.1393085e-01  -5.7700880e-01   2.0242381e-01  -3.8661278e-01   3.2916023e-01  -1.2424880e-01   5.0200185e-02   3.9109501e-01   2.2365223e-01  -3.3148960e-01   2.3604177e-02   3.7070158e-01  -3.5439264e-02  -2.0447128e-01   2.6478504e-01   1.8778313e-01   3.1048025e-02   2.5451864e-01   1.2556984e-01  -1.7097136e-01   4.4024781e-03  -3.7820695e-01
   4.2188151e-02   1.7663544e-01  -2.1572917e-01   5.7373992e-02  -7.3430515e-02  -1.6784019e-01  -3.2101783e-01   0.0000000e+00   3.1384122e-01  -2.1266947e-01   1.5707921e-01   3.2576416e-01  -2.2875868e-01  -7.8256525e-02  -1.2277254e-02  -3.5214412e-01  -1.3935646e-01   2.6732419e-01   2.9723202e-01  -1.0309368e-01  -7.5264788e-02   3.6418731e-01   1.4235241e-01   3.3363048e-01   1.9150060e-01   6.9559725e-01  -3.5487855e-01  -4.9322592e-01   5.7043993e-02   4.0700440e-01   2.5255098e-01   5.7506328e-01   8.7445352e-02  -1.8915832e-01  -1.5028865e-01  -3.9032070e-01   1.7834831e-02  -3.7344095e-01  -4.8076811e-01  -4.7933333e-01  -6.8833308e-02   4.5102671e-02   2.5987796e-01   2.2466287e-01  -8.6795896e-02  -3.5327665e-01  -2.9069365e-01  -2.3495852e-01   5.5045297e-02   1.0122600e-01   9.8916052e-02   7.5885751e-01  -1.7117458e-01  -1.4645776e-01   7.3169221e-02   1.8111085e-01   2.8815117e-01   4.3775039e-01  -3.0658914e-02   5.4795380e-01   5.8534610e-02  -1.1535546e-01   4.0586044e-01  -8.4622663e-03   9.8257975e-02  -3.9944054e-01   9.8329336e-02  -4.6970371e-02   4.5850702e-01  -2.1988995e-01  -5.7434259e-02  -2.5363974e-02  -5.4994928e-01   3.0912615e-01   1.7460435e-02   6.0624542e-01  -1.9575798e-01   4.2025709e-01  -2.0930824e-01   3.2880608e-02   1.5556213e-01  -3.6463773e-01   1.9812032e-01   7.8989293e-01  -5.4123327e-02   6.1567043e-01   1.3485671e-01   2.1599587e-01  -8.1754732e-02   1.3425249e-01   1.2984195e-01   2.9143019e-01  -3.3902717e-01   2.9181880e-01  -2.2490392e-01  -2.6508401e-01  -1.4010901e-02   7.3136060e-01  -4.0716492e-02  -7.8840303e-02   9.6164098e-02  -1.7798652e-01   5.2845692e-02   2.2982259e-01   1.1077285e-01   4.7524874e-01   2.4357337e-02   5.4636391e-01  -3.4440154e-01  -2.7105643e-01  -4.8400950e-02   4.4667084e-01  -1.2057739e-01   3.6455436e-02  -7.9962011e-02   7.8045751e-02   5.0226625e-01  -3.8123345e-01  -9.1815235e-02   2.5435547e-01   3.3188620e-01  -2.8524664e-01   1.7028675e-01   2.1822698e-01   2.6166705e-01   1.6380930e-01   6.3458339e-02  -3.1014892e-02   2.6723574e-01  -4.4289080e-01  -1.2833975e-01  -2.0756897e-01   3.4484730e-01   1.7134293e-02   1.8151208e-01   5.9091245e-01   1.2869961e-01  -1.9551460e-01   6.2438325e-01   5.3166843e-02   3.8690402e-02  -5.1599036e-03   4.7002940e-01  -1.4246246e-01   1.0773260e-01   2.3561434e-01   6.5646307e-02  -2.6605763e-01  -3.3366931e-01  -1.4419567e-01   1.1176198e-01   3.8886216e-01   4.0810099e-01  -4.3932163e-03  -5.3655149e-02   1.5438346e-01   3.3436397e-01  -7.5972097e-02   3.7031950e-01   8.4393968e-02   2.8075595e-04   3.8301187e-01  -3.4830954e-01   7.3937508e-02   4.9119804e-01   4.8335267e-02  -2.1294504e-01  -1.7694850e-01   3.5337141e-02  -2.3014446e-02   2.8541630e-03  -3.2400718e-01   6.9440852e-02   9.5278181e-02   9.0434119e-02  -3.1826556e-01   5.2437467e-01
   1.8946218e-02   7.0776060e-01  -1.2975149e-01   4.2752210e-01   1.4545975e-01  -3.5947781e-01  -2.4874366e-01   3.1384122e-01   0.0000000e+00   3.0039483e-02  -5.0912877e-01   2.6107982e-01  -6.1840464e-02   2.7594003e-01  -5.5794280e-02  -5.3817309e-01   4.7692010e-02   7.2202415e-02   2.1817857e-01   1.3345437e-01  -1.5908782e-01   3.3101814e-01   8.2681544e-02   9.7170325e-02   5.9198374e-01   1.6113244e-02  -1.9216105e-01  -4.3784885e-01   2.4058861e-01   4.3984318e-01   2.0443342e-01   2.6340574e-01   4.8126478e-02  -5.3264421e-02   6.0800087e-01  -3.7730205e-01   1.8096005e-01  -2.8692649e-01  -4.2166466e-01  -1.2413634e-01  -4.5838546e-03   1.2478074e-01   7.3370689e-01  -1.5370208e-01   1.6697865e-01  -2.2170938e-01  -5.5984593e-01  -2.2464371e-01   4.6154268e-01  -1.1860323e-01  -1.9943626e-01   3.5796969e-01   3.2961826e-02   3.5628711e-01   3.3710447e-01  -2.4672396e-01  -7.8135579e-02   4.3951104e-01  -6.2564431e-02   4.8921025e-01   2.9306780e-02   4.0827647e-01   8.4708469e-01  -2.4219084e-01   6.0675451e-01  -3.4000040e-01   6.1092504e-02   4.7450689e-01   1.2898466e-02  -2.8448254e-01   3.8495578e-01   2.3273126e-01  -3.5375482e-01   2.2518683e-01   5.2576719e-01   2.6815901e-01  -1.2946587e-01   2.2528921e-01   2.1962589e-01   2.9831439e-01   1.5241339e-01  -4.7800253e-01  -1.2267095e-01   2.1398479e-01   1.7147092e-01   2.8875602e-01   8.0798948e-01   3.0310236e-01   6.1882886e-01   5.4547320e-02   3.4993447e-01   3.3932342e-02  -2.5561406e-01   8.9210760e-01  -6.9978191e-02  -9.0009116e-02   4.4217342e-01   3.9536189e-01   4.4860299e-01  -1.5370713e-02   1.5821862e-01  -5.8316721e-01  -2.3353038e-01   8.7640732e-01  -7.4835804e-02   4.5137017e-01   3.7390435e-01   2.4158656e-01  -2.8073042e-02  -4.7297521e-01  -8.5209756e-02   7.2368684e-02   4.8328482e-01   6.1466067e-02  -1.0402007e-01   1.6774475e-01   4.3729391e-01  -2.0306895e-01  -2.4277257e-01   4.3896246e-01   2.5868226e-01  -4.6759242e-02   4.5126892e-01   3.2521725e-01  -8.1972991e-02   2.0509080e-02  -2.5511975e-01   4.5842172e-01   5.6431804e-01  -3.2892913e-01  -2.1035778e-01  -4.6519352e-01   3.7105054e-01  -1.5052932e-01   6.2858728e-01   4.0523389e-01   3.4205135e-01  -2.9533614e-01   3.4794752e-01  -1.6639532e-01   1.2671245e-01  -9.0323575e-02   6.2475784e-02  -2.1402576e-01  -2.4637701e-01   1.8487901e-01   2.0837262e-01  -6.6126570e-02  -5.5494888e-01  -1.0922562e-01  -7.0872612e-02   1.2120410e-01   2.1553752e-01   3.1477221e-01   2.9841925e-01   1.2535084e-03   3.0755491e-01  -2.1551641e-01   6.7591054e-02  -9.4946070e-02   5.7686421e-01  -2.9377982e-01  -3.0191696e-01   3.1755527e-02   4.4976647e-01   1.3222995e-01  -1.4592497e-01  -3.5225387e-01   1.3553528e-01  -4.3391108e-03   1.6242417e-01  -1.1955469e-01   3.5859679e-01  -1.6685365e-01   5.9443471e-01   1.6293176e-01   5.4243703e-01
  -3.8118772e-01   1.6589352e-01   6.8869773e-02  -4.1578747e-01   5.4764431e-01  -2.1555062e-01   1.7416539e-01  -2.1266947e-01   3.0039483e-02   0.0000000e+00  -2.9172241e-01  -1.0532656e-01  -1.1453543e-01  -5.1357478e-01  -2.6479631e-01   8.9439015e-02   3.7588670e-01  -4.2505028e-01  -3.1235188e-01   5.5149462e-01  -2.2627688e-01  -4.6390720e-01  -1.3681650e-01  -5.1782154e-01  -3.1529489e-01  -2.2700184e-01   2.4454716e-01   1.6739909e-01   1.8712663e-01  -4.2257768e-01  -2.9992951e-01  -2.8027354e-01  -1.9918448e-01   6.3124554e-01   1.8818813e-01   3.7934526e-01   2.1748738e-01  -1.5441389e-02   2.0324658e-02   5.5395839e-01  -1.3227723e-01  -2.6229471e-01   5.2497314e-02  -3.0642942e-01   1.8144708e-02  -1.5355495e-01  -1.7516893e-01  -2.2570743e-01   8.0562984e-02   1.8773888e-01  -3.1347347e-01  -2.7518555e-01   5.9575949e-01  -2.3670781e-01  -5.1276023e-02  -2.7631114e-01  -4.9549856e-01  -3.5185589e-01  -2.8667446e-01  -2.1550550e-01  -2.9464183e-01  -1.2006221e-02  -8.1912408e-02   1.5644728e-02   9.0549968e-02   4.5372511e-01  -1.1457756e-02  -1.5902503e-01  -4.5724933e-01  -1.1284927e-01   4.9019732e-01  -3.3109268e-01   2.1701707e-01  -4.4368204e-01  -2.3937311e-01  -3.4036960e-01  -1.5609995e-01  -4.2839885e-02   6.2537684e-01  -2.1404007e-01   9.1510042e-02   1.3449939e-01   1.1135377e-01  -2.5440252e-01  -1.5604386e-01  -2.1056010e-01   1.7917536e-01  -4.2712637e-01  -1.5362917e-01  -4.8675512e-01   5.4755853e-01  -3.6005798e-01   5.9973691e-01  -1.2722994e-01  -1.8994999e-01   4.3721882e-01  -2.9846582e-01  -2.6006589e-01  -1.1304730e-01   7.2384646e-02   4.0189422e-01   3.2357105e-02  -4.6051927e-01   9.7084255e-02  -2.5557800e-01  -2.7618930e-01  -7.9732814e-02  -3.8557810e-01   2.7379922e-01   3.4101599e-01   4.3046022e-01  -3.4683820e-01  -1.6164377e-01  -4.7630755e-01   7.3699712e-02   5.7501483e-01  -1.5040724e-01   1.7363214e-01  -2.7203636e-01  -3.5706432e-01  -4.3143659e-01   6.7828523e-01   3.7308566e-02   1.7224392e-01  -4.1998852e-01  -4.6921214e-01   6.6495200e-02  -1.3303489e-01  -4.1217548e-01   1.5903128e-01   8.3367651e-02   3.1752228e-01  -2.2651538e-01   3.8934598e-01  -2.9428018e-01  -1.3693728e-01  -2.7404351e-01  -1.9073751e-01  -2.8338068e-01  -4.8230035e-01  -2.9322686e-01   3.1953964e-01  -2.8921381e-01  -9.9865115e-02  -3.0782993e-02  -2.5678910e-01   4.3039824e-01   4.5867481e-01  -1.2709341e-02  -1.0896949e-01  -5.0660792e-01  -3.8655280e-01  -4.5119807e-01   9.2746340e-02   6.1108523e-01  -4.8303909e-01  -3.0695581e-01   1.1136411e-02  -2.5972039e-01  -4.9081850e-01  -2.0656022e-01  -3.7975217e-01   4.9299482e-01  -3.0910958e-01  -2.9511023e-01   7.4539422e-01   1.3648212e-01  -3.5545310e-01  -4.9880983e-01   5.7866220e-01   6.4515543e-01  -1.4262323e-01  -1.3076006e-01  -2.7801312e-01  -3.0716481e-01  -3.0711582e-02  -3.3107842e-01
  -1.7496939e-01  -3.4998584e-01  -2.3170309e-02  -1.6337471e-01  -2.6381326e-01   3.1254740e-01   1.7756396e-01   1.5707921e-01  -5.0912877e-01  -2.9172241e-01   0.0000000e+00  -1.1900197e-01   3.9449203e-02  -1.2164450e-01   3.1514774e-01   2.7988526e-01  -1.8674450e-01   3.9225568e-01   2.1127320e-02  -2.6539596e-01   5.7720920e-02  -2.4447600e-03   1.2985372e-01  -6.1886637e-02  -2.0181092e-01   2.9518933e-01   1.9525708e-01   1.6597727e-01  -8.8712398e-02  -5.8750305e-02   1.3792989e-01   1.4977319e-01  -2.5724689e-02  -7.0887462e-02  -5.1797092e-01   1.7286750e-01  -1.0170335e-01  -4.5935138e-02   2.3193901e-01  -1.7555877e-01   2.2059449e-01  -8.6745750e-02  -5.1438343e-01   5.1726560e-01  -3.6004966e-02  -4.9923341e-02   6.1138266e-01   3.5384995e-01  -3.1340941e-01   2.9305179e-01   5.3060093e-01   3.8594464e-02  -1.3186970e-01  -2.9608787e-01  -1.0062233e-01   5.9552749e-01   3.0035380e-01  -7.3989935e-02   3.1605022e-01  -1.1208970e-01  -3.6613726e-02  -3.1429099e-01  -3.0850744e-01   4.5620903e-01  -1.5958138e-01   1.4358865e-01  -1.1823289e-02  -4.8292885e-01   4.1424168e-01   4.0596891e-02  -3.4588047e-01  -7.4748658e-02   6.2884279e-02  -1.1243852e-01  -3.8449402e-01   1.2485920e-01  -1.4502306e-02   4.3349319e-02  -2.6404538e-01  -1.4957760e-01   2.0001014e-02   2.6547283e-01   3.7043795e-01   1.8990688e-01   5.8118506e-03   9.1505577e-02  -4.5328838e-01  -1.3462614e-01  -4.6030440e-01  -4.0969295e-02  -1.3717799e-01   1.5377756e-01  -6.7698721e-02  -5.0481218e-01  -1.3578342e-01  -1.6513832e-01  -2.4680535e-01   3.3108223e-02  -1.6987208e-01   1.4811480e-02  -1.5975198e-01   5.7960093e-01   4.1512189e-01  -5.6283926e-01   3.2580232e-01  -1.3840883e-02  -2.4720572e-01   2.4903300e-01  -1.0890536e-01   2.5797901e-01   1.1066912e-01   2.9807593e-01  -4.7670658e-01  -1.5531460e-01  -9.3711649e-03  -1.2590565e-01  -3.2422322e-02   8.6137779e-02   2.4295950e-01  -9.1649292e-02  -1.0618639e-01  -1.7562175e-01  -3.2355171e-01   1.0863580e-01   9.8979663e-02   3.2303126e-02   5.3296058e-01  -3.2049859e-01  -2.3263880e-01   1.0610878e-01   2.6133898e-01   4.4268476e-01  -2.2112663e-01   8.2512691e-02  -4.0764393e-01  -6.7457780e-02  -1.1058668e-01   2.2482939e-01   9.3692257e-03   5.4974517e-02  -2.8914698e-01  -5.0033105e-02   3.6762279e-01   1.2064413e-01   4.6232694e-01   3.7609452e-01  -2.2885970e-01  -4.2697507e-02   5.1587011e-01   5.8663686e-02   1.0972765e-01   2.0844950e-01   6.6276177e-02   7.2588502e-02  -3.7431339e-01  -3.3442223e-02  -1.1086415e-01   4.0999717e-01   1.6120670e-01   3.6383906e-01  -5.0381045e-01   7.0121365e-01  -1.4861036e-02   2.1579910e-01  -4.1960683e-02  -3.4052896e-01   2.8117548e-01   1.9880436e-01  -6.0809652e-02  -7.7676099e-02  -2.0147506e-01  -1.5955271e-01  -1.7676243e-01   2.4700950e-01  -2.9581686e-01  -4.1595701e-01  -1.3235569e-01
   1.9039194e-01   3.7902736e-01   2.0172619e-01   2.3153817e-01  -2.8133214e-03  -3.9266157e-02  -2.6692473e-01   3.2576416e-01   2.6107982e-01  -1.0532656e-01  -1.1900197e-01   0.0000000e+00  -1.6040708e-01   1.5370818e-01   3.3608752e-02  -2.5771624e-01   3.1105541e-01   1.8273480e-01   2.9544800e-01   5.2551157e-02  -1.7402992e-01   6.2303266e-01   1.0925876e-01   4.4538852e-01   1.8564252e-01   3.0888937e-01  -1.0302077e-01  -4.2185135e-01   1.7305638e-02   5.2167361e-01   3.3106955e-02   5.1054720e-01   1.3782962e-01  -7.4378503e-02   1.1971093e-01  -3.9947990e-01  -1.8445401e-01  -1.2731964e-01  -3.1192318e-01  -1.4535227e-01  -1.0554654e-01   2.5385861e-01   3.7371595e-01  -8.7711454e-02   3.3123577e-02  -2.2970813e-01  -1.5074027e-01  -3.7708570e-01  -3.1802538e-02   2.1017961e-01   1.9543654e-03   5.2553798e-01  -3.9908904e-01   1.4190425e-01   1.6236138e-01  -7.6807909e-03   3.4683082e-01   6.4235143e-01  -6.5449394e-02   7.1768046e-01   2.2710148e-01   1.1806072e-01   3.4272407e-01  -6.0267067e-01   6.6323973e-03  -4.1455734e-01   2.4459189e-01   1.1262775e-01   3.1721638e-01  -4.8749731e-02  -2.9518907e-02   7.8970795e-02  -3.8410818e-01   4.1030659e-01   1.6890025e-01   4.6532901e-01  -7.8276600e-02   1.6451339e-01  -4.5038150e-02  -7.8508790e-02  -8.8872503e-02  -4.1059199e-01  -2.4265248e-01   3.9855082e-01   8.1570501e-02   4.7088698e-01   9.2167596e-04   3.7351511e-01   6.8791460e-02   1.6439801e-01  -8.6179422e-02   3.5736739e-01  -3.3796202e-01   3.4062503e-01  -7.6371494e-02  -3.8341777e-02   1.5286650e-01   3.6362598e-01  -8.9500803e-03  -1.4641775e-01  -1.2561581e-01  -2.1157300e-01   7.5238299e-02   3.7136768e-01   6.0228017e-02   5.4142594e-01   1.2628211e-01   4.6414761e-01  -3.4663549e-01  -4.7155414e-01  -1.8469438e-01   3.3857551e-01   1.1017112e-01  -6.3363802e-02  -7.1682312e-02  -1.2199377e-01   3.6915566e-01  -3.6296861e-01  -3.0980182e-01   2.4367144e-01   3.3089598e-01  -1.0957315e-01   3.7217942e-01   1.2120525e-02   2.4371206e-01   4.8097719e-01   1.0678002e-02   1.1611966e-02   4.5260637e-01  -1.7056667e-01   2.8773437e-03  -3.7569868e-01   6.3721154e-01  -3.0789092e-01   3.5118660e-01   4.6252079e-01   5.1087957e-02  -4.6835700e-01   6.3683637e-01   2.7181750e-02   1.8762996e-01  -6.3555892e-02   3.0058492e-01   1.0865410e-01   9.6685316e-02  -5.5763665e-02   2.1592116e-01  -4.8754021e-01  -3.7977520e-01  -2.1622838e-01   1.6063146e-01   1.3962272e-01   3.0682542e-01  -8.9861268e-02   1.8606222e-01   2.8849449e-01   3.4818109e-01  -2.7343377e-01   4.1226360e-01   1.4583188e-01   1.8198882e-01  -8.7893228e-02  -4.8239223e-01   2.3084804e-02   5.2752842e-01  -1.5713985e-02  -4.3167893e-02  -2.0684154e-01   1.3695254e-01  -2.3741025e-01   7.3399459e-02  -1.1492322e-01   1.0941403e-02   2.6749586e-01   1.7375071e-01  -2.8957169e-02   5.8842687e-01
   1.0592680e-01  -1.3064079e-01   1.1800011e-01   1.4489264e-01  -9.6920110e-03   2.1883357e-01  -1.1642454e-02  -2.2875868e-01  -6.1840464e-02  -1.1453543e-01   3.9449203e-02  -1.6040708e-01   0.0000000e+00   9.1177209e-02   1.4706567e-01   1.4696391e-01   5.4285183e-02   2.4709944e-01   1.9522027e-02   1.8178196e-01   1.6824769e-01  -2.7957235e-03   2.3410646e-01  -8.7348701e-02   1.4165132e-01  -1.6677508e-01  -1.5251868e-02   1.4257302e-01  -7.9343566e-02  -1.4677882e-02   3.4136035e-02  -1.7745632e-01  -3.9682698e-02  -3.2325758e-01  -5.4543269e-02   3.1452874e-01   1.2635091e-01  -6.3155708e-02   3.5835969e-01   5.5758992e-02   7.5030875e-01   1.5402284e-01  -2.1384954e-01   9.7936411e-02   3.5349800e-01   3.5721750e-01   2.8001846e-01   4.4829863e-02   1.0496876e-01  -2.6989838e-01   2.3881510e-01  -2.3543746e-01  -1.7684130e-01   1.7989367e-01  -9.2084510e-02  -1.9106298e-02   6.1042579e-02  -1.4758103e-01   4.9222030e-01  -2.1841542e-01   6.5756312e-02   3.2246294e-01  -2.3987398e-02   6.4107633e-02  -2.0734658e-02  -1.4715502e-02   1.0514937e-01   1.1141588e-01  -1.2872740e-01   2.7417795e-01  -1.5711820e-01   1.6111060e-01   4.8177605e-01   1.0654985e-01   2.7416531e-01  -2.0215962e-01   1.2122213e-01  -1.0375794e-01  -1.9925134e-02   3.1786991e-01   5.2439537e-02   2.6993346e-01  -1.3597802e-01  -1.5588508e-01   8.2371023e-02  -1.8895157e-01   2.5806593e-02   5.3357656e-02   1.4687088e-01   4.1270223e-02  -2.7636444e-01  -1.4180048e-01  -6.5959135e-02  -1.3016261e-01   1.7378866e-01   5.5820650e-02   2.7811576e-01  -2.4485881e-01   3.3600421e-01   1.5742775e-01  -4.7361489e-02   5.4754576e-02   8.8089334e-02  -9.3746024e-02   1.0899526e-01  -1.1742697e-01   4.8273511e-02  -1.3252891e-01   6.9633546e-02  -1.0743154e-01  -1.9002741e-01  -1.0359319e-01   1.1217625e-01   7.9188250e-02   7.6391718e-02  -2.3053361e-01  -3.1343762e-01   5.7402667e-01   3.5424847e-03   3.6081459e-02   5.0900139e-02  -8.0156797e-02  -6.3664769e-02   1.1339173e-02  -1.8360481e-03  -4.6649871e-02   3.0906156e-03   2.4685756e-01   1.2151926e-02   1.0460142e-01   3.9192533e-01   7.5026597e-02  -4.5286132e-02  -1.3788404e-01   3.3996909e-02  -2.1954026e-01   1.5971702e-01   7.9539903e-02  -2.3445080e-01  -4.0895551e-03   1.1646462e-01   3.3719015e-01  -1.2871893e-01  -1.0285744e-01  -1.8269093e-02  -1.2765617e-02  -1.3640819e-01  -9.7384113e-02   4.8921683e-02   2.4292321e-01   1.7926407e-01  -1.4724664e-02   5.0705396e-02  -2.3210360e-02  -1.9316197e-01   7.6174390e-02   4.9287944e-02   3.7534724e-01  -1.2577423e-01   4.5198500e-02   9.2808349e-02   8.4310520e-02   1.1387110e-01   2.3336620e-01  -2.7479448e-01  -2.0326381e-01  -1.1052882e-01   1.3267129e-01   2.8617137e-01  -1.1310375e-01  -2.4783986e-01   1.7219291e-02   2.0143179e-01  -1.2456712e-01   8.4353614e-02   2.6294424e-01  -1.0357174e-01
   5.7998656e-01  -3.4934678e-02  -1.2560927e-02   7.2466518e-01  -4.6893603e-01   9.7464272e-02  -2.2301574e-01  -7.8256525e-02   2.7594003e-01  -5.1357478e-01  -1.2164450e-01   1.5370818e-01   9.1177209e-02   0.0000000e+00   4.4153623e-01  -1.7213942e-01  -1.3887946e-01   3.0960147e-01   5.1866367e-02  -3.7646725e-01   3.9693472e-01   3.1013797e-01   2.5723330e-01   3.5607602e-01   5.5672541e-01  -1.2449341e-02  -3.4592711e-01  -9.0137988e-02  -1.0337514e-01   4.1874731e-01   4.7715134e-01   2.3190168e-03   3.0799144e-01  -5.2234898e-01   3.3376510e-01  -3.6195127e-01   4.9865307e-04  -1.4658602e-01  -1.1707383e-01  -3.8711019e-01   1.0773645e-01   2.7505191e-01   8.5199168e-02   2.3775679e-01   3.2998745e-01   2.2924492e-01  -7.5180324e-02   1.4152715e-01   3.6813549e-01  -4.7127453e-01   1.7873401e-01   1.2171215e-01  -5.0394813e-01   5.2880262e-01   3.1856430e-01   8.5048724e-02   1.6877222e-01   2.0942377e-01   3.0810612e-01   1.9918688e-01   2.5476287e-01   4.0971994e-01   3.8685269e-01  -8.1015665e-03   1.5473586e-01  -2.8024271e-01  -4.8190929e-02   5.6071390e-01   9.4152294e-02   1.1875486e-01  -3.6369929e-01   5.9908786e-01  -1.7574807e-01   6.3269134e-01   5.5996919e-01   1.3648486e-01   1.8652451e-01  -2.1188923e-01  -4.9216369e-01   4.7781586e-01  -7.0597661e-02  -2.7263567e-01  -3.4758675e-01  -1.5778350e-02   3.0355724e-01   6.5378375e-02   2.0246018e-01   6.8693225e-01   5.7051128e-01   5.8238838e-01  -4.2676498e-01   8.4407110e-02  -5.8583823e-01   4.1501118e-01   3.7130627e-02  -2.9758846e-01   5.6977066e-01  -1.0413168e-01   4.5360653e-01   2.1695653e-02  -3.1979284e-01  -5.3103486e-02   4.2518785e-01   2.8225209e-01   3.6300660e-01   3.2008610e-01   3.8007473e-01   8.8830580e-02  -4.8790994e-02  -3.7225644e-01  -4.8602585e-01   1.4535629e-01   6.5461699e-01   5.4395383e-01   2.5434392e-02  -5.6278762e-01  -7.5297586e-02   1.0997573e-02   3.5928315e-01   4.9842325e-01   4.7856515e-01  -5.6187024e-01   2.2297214e-01  -1.3684271e-01   1.9786828e-01   5.8990506e-01  -1.5783593e-01   5.2753159e-01   6.0547393e-01  -3.7449030e-02  -2.7978071e-01  -5.1524060e-01   4.4145666e-01  -3.0201385e-01   5.7498599e-01   8.1069840e-02   4.6261594e-01   2.9014308e-01   1.4503421e-01   1.7703824e-01   4.9948008e-01  -3.5022056e-01  -6.5936590e-02  -9.8519849e-02   6.1313038e-02   1.8232769e-01  -4.0776328e-01  -2.8403100e-01   8.5438547e-03   2.9310547e-01   4.5263190e-01   3.4061506e-01   3.8799466e-01  -2.0417669e-01  -4.6990554e-01   2.1349271e-01   3.8979923e-01   1.3660698e-01   3.1009224e-02   3.9716603e-01   6.4414479e-01  -9.6195346e-02  -2.7757185e-01   4.3315249e-01   1.1299523e-01  -6.2030286e-01  -4.1271458e-01   4.0316896e-01   6.0595324e-01  -5.7061987e-01  -6.2348800e-01   1.2201381e-01   5.0422616e-01   1.2871341e-01   5.3147773e-01   3.3867975e-01   2.0944559e-01
