   0.0000000e+00  -2.0431054e-01  -7.3730758e-02  -4.8545865e-02  -2.0207221e-01  -1.0001961e-01  -4.1033207e-01   1.1302969e-01   1.0866293e-02  -1.2794971e-01   5.2052555e-03  -1.2547267e-01  -2.8291264e-02   1.6689931e-01  -3.2940434e-02  -1.1896463e-01  -5.5711291e-02  -2.8023220e-01   1.3396610e-01  -1.4310089e-01  -2.0898697e-01   1.0727398e-01  -1.8761133e-02   6.4547666e-01  -1.7299305e-01   1.6834441e-01  -3.3380883e-01   3.0027503e-01   3.8347396e-02  -1.4843206e-01  -2.5076961e-01   1.1754903e-01  -7.7903627e-02  -3.3991383e-01  -2.1995718e-01  -2.0790365e-01  -7.1006083e-03   4.2052913e-01  -1.1417945e-01  -2.7565256e-01   5.6687038e-02  -6.6694957e-02  -1.7049029e-02  -5.9152269e-03  -1.9934894e-01   3.4963624e-01  -1.2818031e-01  -4.2840218e-01  -8.8162019e-02  -9.4475199e-02  -2.5059067e-01   1.5355731e-01  -1.9882939e-01   3.0817383e-01  -1.9020677e-01   1.0081595e-01   2.1379790e-01   2.6602497e-01   4.6441090e-02  -2.4505652e-01   3.2275582e-02   5.6949615e-03  -7.7919516e-02  -1.6267354e-01  -8.1549033e-02  -4.2531265e-01  -7.0272087e-02   3.5913156e-03  -6.9463793e-02   9.3955361e-02  -2.4494262e-01  -1.9781092e-01   8.2295595e-02   2.4191444e-01  -2.1836838e-01   4.5724022e-02   2.0716330e-01  -2.1828884e-02  -8.5265365e-02  -4.6078827e-02   1.9383149e-01   7.9820476e-03  -2.1956483e-01   1.9782491e-01   2.8151080e-01   1.1231658e-01  -3.2917404e-01   1.4433018e-01   1.0232421e-01   7.2186499e-01  -6.3575064e-02  -2.6367165e-02  -3.2047256e-02  -3.2573524e-02   2.6128955e-01   3.4219989e-02  -1.8545098e-01   1.7398098e-01  -3.2504195e-01  -1.5329094e-01   2.6812159e-01  -8.7061271e-02  -1.2626517e-01  -1.5573251e-01   7.9879342e-02  -7.2045633e-02  -1.9600875e-02   9.3458231e-02   4.1822792e-02  -2.2807885e-01  -1.8335941e-01  -5.1691645e-02   5.0879947e-02   7.5607273e-01   5.3071605e-01  -1.6360327e-02   7.7444060e-02   6.1731681e-02   2.5080357e-01  -8.1419587e-02   6.1253499e-01  -2.8257112e-02  -2.1810560e-01  -2.5883150e-01   5.4989230e-01   3.4510500e-01  -1.0063068e-01   8.4760907e-02   6.0342895e-04  -2.8886616e-01   1.8381312e-02  -2.3153884e-01   8.2097726e-02  -4.4013216e-01   8.8415692e-02   4.7975166e-02   3.8459776e-02  -1.7436436e-01   8.2697979e-02   4.5887588e-01   5.2769724e-01  -1.5977467e-01   2.9446667e-02   2.1795907e-01  -1.2382393e-01  -1.8995497e-01  -2.6926699e-01  -3.7371147e-01  -1.8008347e-01  -3.3770444e-01   6.0520200e-01  -8.1820404e-02   4.2073405e-01   1.2349340e-01  -1.7208217e-01   6.1620429e-01   6.2596618e-01  -1.6575108e-02   1.0968547e-01   4.5029722e-02   1.4278053e-01   3.0908386e-02  -3.0889539e-01  -1.5021980e-01   1.5236733e-02   2.0234908e-01  -7.9636207e-02   3.1813393e-01   3.1263111e-01  -2.7409340e-01  -1.2073159e-01   4.4547055e-01  -2.7375355e-01   1.7660048e-02   6.0646039e-02   1.8887706e-02  -8.5164819e-03
  -2.0431054e-01   0.0000000e+00   3.7478245e-01  -2.5686066e-01   6.1031806e-01  -2.3104169e-01  -5.2540998e-02  -1.2532897e-01   4.0493153e-01   2.2991028e-01  -4.6333958e-01   6.3925926e-01  -8.0467383e-02  -1.2621958e-01   6.3300213e-02  -6.2429351e-03   4.6853910e-01  -2.3611094e-01   2.6268091e-03   3.8009661e-01  -4.3923628e-01  -2.8487546e-01  -3.2588255e-01   9.0649373e-02   3.5518651e-02  -3.0390687e-02  -6.6379654e-02  -4.3453690e-03   1.0526960e-01   1.9793220e-02  -2.1470708e-02  -1.4885685e-01  -3.5509175e-02   1.6302057e-01  -2.0160342e-01   1.1477141e-01   5.1722885e-02  -2.0621320e-01  -1.1630970e-01   3.8358814e-01  -2.2338259e-01   1.2825444e-01   2.2922906e-01  -1.0480868e-01   1.0888738e-01  -3.3602776e-01  -2.9275631e-01   9.9468844e-02   1.6245549e-01   5.7265554e-01  -1.9760082e-01  -3.9413246e-02   4.0549744e-01   8.5763508e-02   3.2335051e-02  -5.2891217e-02  -2.7400077e-01  -3.0974169e-01  -9.7886292e-02  -4.7856861e-02  -1.1604584e-01   2.1043880e-01   6.1523865e-01   1.1357571e-01   5.0498784e-01  -4.8214531e-02  -2.4729724e-01   6.6047978e-04  -2.1948552e-01  -2.2626472e-01   7.1180681e-01  -2.8338066e-01  -1.0024333e-01   3.8916918e-01  -6.0638328e-02  -9.3710572e-02  -1.7251862e-01  -8.7579243e-02   5.2272821e-01  -9.7043340e-02  -2.3411170e-01  -5.9467446e-02  -1.4027753e-01  -9.2516792e-02   1.1465679e-01  -8.3305258e-02  -1.6599631e-01   1.8976645e-01   2.4952907e-01  -1.6460163e-01   6.8913447e-01   6.9831597e-02   3.2889549e-01   6.5859573e-02  -1.5705446e-01   6.4488122e-01   5.8474875e-02  -7.9499352e-02   3.2518940e-01  -2.2257584e-01  -2.7598522e-01  -1.4578378e-01  -2.5791035e-01   1.0440680e-01  -2.8179351e-01  -1.2872164e-01  -2.8244088e-02  -9.7613023e-02   5.6320141e-02  -3.5569566e-01   1.6695649e-01  -2.8581604e-01  -2.7286089e-01  -3.0521143e-01   1.0558584e-03   7.3538048e-01   6.9990312e-02   6.6434123e-02  -1.9567662e-01  -2.8267517e-01  -2.2713107e-01   6.4679157e-01   4.5272080e-01   3.3403734e-01  -3.3263706e-01  -5.8297013e-02   1.2853149e-01  -7.3327686e-02  -2.1892741e-01   1.0000617e-01  -6.1204916e-02  -1.5187249e-01   1.3860463e-01   6.9149584e-02   5.4913145e-02  -6.0139268e-02   4.8490125e-02  -2.5697099e-01  -3.8867777e-02  -2.2059176e-02  -8.7695459e-02   3.7718273e-02  -1.9422315e-01   3.5869636e-02   4.5663284e-02  -2.2145389e-01   2.3238538e-01   3.9847762e-01  -2.0471931e-01  -3.0768978e-01  -5.2291196e-02  -3.2976382e-01  -1.0837642e-01  -4.1194973e-04   6.9402087e-01  -9.4206043e-02  -2.2291134e-01  -1.3682929e-01  -1.2195509e-02  -1.4798366e-01  -1.1122847e-01  -3.3013489e-01   1.0964091e-01  -3.2506711e-01  -1.6381213e-01   2.4954579e-01   5.1783054e-02   5.7494434e-02  -1.6984171e-01   5.9957713e-01   3.3965953e-01  -1.7401269e-01  -2.4675200e-01  -1.2508376e-01   1.5118567e-01   2.7147577e-02  -1.1625370e-01
  -7.3730758e-02   3.7478245e-01   0.0000000e+00  -2.6967484e-01   4.8649599e-01   4.4557788e-03  -1.2102544e-01   2.7879487e-02  -2.8112289e-01   3.8062338e-01  -1.6181829e-01   2.8870122e-01  -6.1024298e-02  -4.1939699e-01  -2.7194529e-01   3.3458775e-01   9.1292226e-01  -4.1362795e-01   2.1214548e-02   2.8803655e-01  -5.8848512e-01  -2.0927271e-01  -4.2920136e-01  -9.2254296e-03  -2.0549987e-01   5.2612078e-02   1.2798342e-01  -2.6295394e-02  -1.6409786e-01  -5.0170859e-01  -3.1207377e-01  -1.8566971e-01  -1.1822796e-02  -6.8427726e-04  -5.7260240e-01   1.9688215e-01  -7.7132030e-02   4.5034876e-02   2.0363875e-01   7.1726729e-01  -2.9716266e-01   2.2945229e-01  -2.4170528e-01   1.1911315e-02  -1.4202649e-01   1.4617860e-01  -1.7985044e-01  -1.2611901e-01  -1.4069536e-01   7.7059596e-01  -2.2888161e-01   5.2181111e-02  -1.3039690e-01   7.0197773e-03  -2.2669640e-01   2.3034198e-04  -6.3157611e-02  -4.3632768e-02  -1.7147501e-01  -3.8941147e-01   4.7410491e-01  -3.6789599e-02   2.7576522e-01  -2.1848957e-01  -1.3437949e-02  -1.3679085e-01  -7.7549464e-02   7.6289632e-02  -2.0150443e-01   4.7924525e-01   5.8456415e-01  -2.5473641e-01   1.7837351e-02   4.4852913e-01  -5.3440664e-03   2.5480794e-02   3.8062473e-01   5.6343786e-02   1.0622336e-01  -1.7700633e-01  -1.6757993e-01  -1.7519729e-01  -1.4409746e-01   5.2386953e-02  -1.5935349e-02  -2.0799023e-02  -5.0821045e-01  -2.7291433e-01   1.4601572e-01   4.3617394e-02   4.8204956e-01   6.7306214e-01   4.0182897e-01  -2.8953436e-01   1.7696604e-01   3.7326950e-01  -2.3823823e-01   3.0463215e-02  -1.1934067e-03  -3.1732436e-01  -4.6215334e-02  -8.4323128e-02  -4.5828255e-01  -2.3669699e-01  -2.0178833e-01  -1.2516778e-01   3.4071714e-02  -1.3308405e-02   8.1033198e-02  -4.6268864e-01   3.0084972e-01  -2.9510859e-01  -4.3524103e-01   2.6439848e-02   2.2028136e-01   3.0723856e-01   1.4526501e-02   1.4391482e-01  -2.0175081e-01  -1.2085332e-01   8.1637436e-02   4.8360611e-01   7.4899772e-02  -6.4898715e-02   6.7983294e-02  -1.9830835e-01   2.6673078e-02  -1.3901483e-01  -2.4569949e-01   5.2353432e-01  -1.5507355e-02  -1.2314053e-01   1.5283963e-01  -1.0668309e-01  -2.9901479e-01   5.4506111e-02   1.5504032e-02  -2.8817683e-01   3.8923347e-02   4.2061340e-02  -1.1199029e-01   4.1691740e-02  -1.2236548e-01   1.0722178e-01  -1.5680504e-01  -4.3433593e-01   3.6578335e-01  -1.2311658e-02  -3.0562375e-01  -4.9247468e-01   8.9643243e-02  -2.7057952e-01  -2.7047314e-02  -5.3995490e-02   7.7611548e-01  -7.5969085e-02   6.7291170e-02  -1.7552305e-01   5.1355255e-01  -1.1638749e-01  -2.7613228e-01  -2.0623810e-01   8.9679612e-02  -2.5691808e-01   5.7327912e-02   1.3488735e-01  -1.0220173e-01   9.0193784e-02  -4.6326664e-02   3.5747714e-01  -6.2720154e-02   9.2941131e-02  -3.6278726e-01  -7.9971572e-02   2.5057859e-01   2.3448981e-01   2.9442047e-02
  -4.8545865e-02  -2.5686066e-01  -2.6967484e-01   0.0000000e+00  -1.4575891e-01   4.3095664e-01   2.5368472e-01   1.1769731e-01   5.4859104e-02  -1.7515058e-01   4.9692387e-01  -5.4374797e-02   3.1003929e-01   3.1256593e-02   3.2741685e-02   1.4110613e-02  -3.9509354e-01   5.1597151e-01   1.1220899e-01  -2.2072696e-02   4.2205190e-01   5.4583193e-01   1.5738501e-01  -1.2586846e-01   1.5721265e-01   1.0350258e-01   4.4323056e-01   1.0474384e-02  -4.9187023e-03   4.7726549e-01   1.7393092e-01   5.4351890e-01   1.6242075e-01   1.5423331e-01   4.0425030e-01   1.8233849e-01   7.4641666e-02  -2.3495408e-01   3.1976969e-02  -1.9991121e-01   4.3069149e-01   3.7813118e-02   1.6832548e-01   2.3181891e-01   1.5718169e-01  -4.5713214e-02   6.2293252e-01   1.8708080e-01   9.5309762e-02  -3.5153752e-01   5.6849986e-01   4.9291131e-02   4.6025339e-02  -1.2440337e-01   2.2816980e-03   1.5371141e-01   1.2502436e-01   5.2426599e-01   6.3017003e-01   6.0286512e-01  -1.3792697e-01   1.0522876e-01  -1.7368387e-01   8.8759871e-02  -1.1050459e-01   2.6316132e-01   4.4919837e-01   1.5698598e-03   5.8165166e-01  -4.3748368e-02  -3.3552292e-01   7.1302060e-01  -8.7919138e-02   2.1870115e-02   2.3456929e-01   3.9342458e-01  -9.2752173e-02   8.1642976e-02  -2.0791139e-01   4.1616647e-01   2.1003128e-01  -1.1922600e-01   2.2456062e-01   1.5944668e-01   6.5048347e-02   3.1213432e-01   3.6451399e-01  -3.2593444e-04  -9.7527549e-02   6.6839340e-03  -4.0661010e-01  -1.8056687e-01  -1.0980571e-02   4.5091894e-01  -2.4881786e-01  -2.9431729e-01   3.1882568e-01   1.4321552e-01   2.1225696e-01   1.9334163e-01   3.4625770e-02   1.5181622e-01   4.6865306e-01   4.6862162e-01   5.3687708e-01   5.4322492e-01  -5.8175072e-02   2.6120038e-01  -1.3414202e-02   4.4182518e-01  -9.0382321e-02   5.1410513e-01   5.2448325e-01  -8.2325090e-02  -1.1385555e-01  -4.4984903e-01   9.4513020e-02   2.6473576e-02   2.6293034e-01   7.8589318e-01  -1.5242600e-01  -3.0516837e-01   7.7782415e-02  -1.4543123e-02  -2.5033843e-02   1.0135787e-01   4.3843981e-02   1.1965409e-01   4.8552977e-01  -1.6696572e-02  -1.7970245e-02   1.7470205e-01   1.7554302e-01   5.9568317e-02   2.4260895e-01   2.6673867e-01   3.5220372e-02   2.2342599e-01   2.2498761e-01  -2.5236489e-01  -2.0843286e-01  -8.1934095e-02   3.4528605e-01   1.6025199e-01   3.8047693e-02   5.2611904e-01  -9.0471087e-02   1.6618143e-02   4.7191442e-01   2.8695792e-01  -4.8084559e-02   2.1715618e-01   1.2856510e-01   6.2741189e-02  -2.6852286e-01  -7.9093972e-02  -8.9041045e-02   3.7377543e-01  -1.3075321e-01   2.4556624e-01   2.0135046e-01   4.3514520e-01   6.1147872e-02   6.0851251e-01   6.0475050e-01  -2.9001692e-01   2.6872116e-01   2.9155830e-02   3.9566068e-02  -2.3082381e-01  -1.7117974e-01  -2.4792028e-01   5.1351594e-01   4.2356162e-01   2.8838755e-02  -1.1890701e-01   5.9868529e-01
  -2.0207221e-01   6.1031806e-01   4.8649599e-01  -1.4575891e-01   0.0000000e+00  -2.3654396e-01  -6.9635948e-02  -1.9002496e-01   1.5034863e-01   2.3858655e-01  -2.0877006e-01   3.9919612e-01   9.9784422e-02  -1.8842075e-01  -1.6210321e-01   2.5681139e-01   5.1623661e-01  -1.0611754e-01  -7.2919233e-02   7.5005774e-01  -4.7275990e-01  -3.3503540e-01  -4.7524815e-01  -8.9900018e-02  -8.8198520e-02  -1.6231811e-01   1.8212006e-01  -3.7366515e-02  -4.6336401e-02  -1.1218159e-01  -1.9069186e-01  -9.0396869e-02   1.4228388e-01   1.5834569e-01  -2.6186592e-01   5.7138070e-01  -3.0306810e-02   2.6408777e-02   1.9203569e-01   5.5417658e-01  -7.8833784e-02   3.2861290e-01  -1.8802280e-02  -1.3521785e-01   3.4557025e-01  -2.4852614e-01  -7.4018208e-02   7.1949102e-02   1.1099025e-01   4.8009300e-01  -2.7063246e-02  -1.9179097e-01   2.5357867e-01   1.2446420e-01   7.7285552e-02  -1.3734938e-01  -2.5379306e-01  -2.5738268e-01  -2.9959803e-02  -1.7092895e-01   1.6766551e-01   3.5841906e-01   3.4724062e-01   7.2617575e-03   4.0786930e-01   4.3609366e-02  -3.4206906e-01   2.5593732e-01  -2.5149001e-01   1.4621256e-02   4.7884719e-01  -1.1170088e-01   1.4894039e-01   1.3653218e-01   1.2639539e-01  -1.1406461e-01   1.6021531e-01  -4.7780072e-02   5.8776591e-01   7.1055145e-02  -2.7197398e-01   1.9339259e-01  -1.4741883e-01  -2.0362821e-01  -2.0980556e-01  -6.6735685e-02  -1.5522516e-01  -2.8006603e-02   1.7232344e-01  -1.0268500e-01   6.5105605e-01   3.0975262e-01   2.9139466e-01  -1.5350495e-01   1.4677675e-01   6.4746834e-01   6.0443468e-02  -8.2135830e-02   5.5285022e-01  -1.0576904e-01  -3.8025125e-01  -4.3751440e-02  -3.4524889e-01  -7.9264724e-02  -2.2102845e-01  -7.3708182e-02   7.8974008e-02  -1.4642266e-01  -7.4220861e-02  -2.6086567e-01   2.0233078e-01  -1.9653870e-01  -3.0560793e-01  -1.8017321e-01  -1.0200595e-01   5.5345578e-01  -9.4528007e-02   3.0080747e-01  -3.1166918e-01  -1.0424252e-01  -1.0398798e-01   7.4561625e-01   3.6391033e-01   5.0727289e-01  -3.0207505e-01  -7.5849246e-02   3.4086206e-01   2.7394192e-02  -3.2644824e-01   2.8873992e-01   1.2437685e-01   2.7245604e-02   3.8902185e-02   6.0660614e-02  -1.3466904e-01  -1.1177040e-01   2.0159400e-01  -3.4278643e-01  -1.9005650e-02   1.2262669e-02  -9.6941237e-02   1.9165480e-01  -1.9298865e-01  -1.2202574e-01  -1.2751798e-01  -1.8826197e-01   2.0205242e-01   4.5256925e-01  -1.7486711e-01  -1.4091284e-01  -9.1630336e-02  -4.0001961e-01  -1.2008787e-01   1.0529722e-01   6.3315621e-01  -1.6696523e-01   8.9771890e-03  -2.1395181e-02   2.4759579e-01  -1.2821586e-01  -6.9974199e-02  -2.1991911e-01   6.5008548e-02  -2.6599244e-01  -1.6963324e-02   2.6609460e-02   1.9545860e-01  -4.8794610e-02  -1.4752824e-01   5.7788002e-01   3.8801247e-01   3.7281277e-02  -2.6108902e-02  -9.5723783e-02   1.3788891e-01   2.3873450e-01  -9.6812406e-02
  -1.0001961e-01  -2.3104169e-01   4.4557788e-03   4.3095664e-01  -2.3654396e-01   0.0000000e+00   4.4923035e-01   4.3766694e-01  -1.1257112e-02  -3.3616663e-01   2.8189621e-01  -4.2178707e-02  -1.3926130e-01  -1.8779172e-01  -5.1644679e-02  -3.2028596e-01  -1.4583982e-01   2.8587816e-01   4.9299948e-01  -1.1318873e-01   2.3188006e-01   5.6506426e-01   1.2070351e-01  -2.2372676e-01   1.7069659e-01   4.8637081e-01   6.7957600e-01   1.6467670e-01   9.2706621e-02   3.5883085e-01  -2.6735874e-02   3.3597297e-01  -1.4448555e-01   2.8621421e-01   3.8778116e-01   9.7342986e-02  -5.2175151e-03  -1.3868735e-01  -3.8262626e-01   1.2769441e-01  -1.6488555e-01  -1.6989857e-01   2.7486061e-01   3.9343706e-01  -1.1874880e-01   6.3691875e-02   3.8138034e-01   2.6510744e-01  -1.6564622e-01  -2.4189689e-01   3.9364579e-01   4.2097281e-01   1.1476402e-01  -3.8338511e-01  -2.0807853e-01   2.6592327e-01   5.6593764e-01   5.0816603e-01   1.5528808e-01   4.6753631e-01  -6.8207743e-02  -1.0816272e-01  -3.3030172e-01  -7.6259000e-02  -5.1097871e-01   3.4389042e-01   8.8744588e-01  -2.8982391e-01   6.1175671e-01   2.8462126e-01  -2.0583328e-01   4.2422895e-01  -3.7793729e-01  -1.1172508e-01  -4.6504814e-02   5.2449346e-01  -9.3008512e-02   3.8729587e-01  -3.2128199e-01  -1.3454310e-01   4.4984149e-01  -3.1812444e-01   2.8427224e-01   4.3834977e-01   3.3485177e-02   4.6314683e-01   2.3391607e-01  -2.7285701e-01  -8.5074039e-02  -1.5233471e-01  -5.2109907e-01  -1.5224828e-02   2.2933407e-01   3.4429797e-01  -2.2907420e-01  -1.5404872e-01  -6.6682208e-02   4.8357462e-01  -1.1575825e-01   1.7527549e-01  -9.2994962e-02   2.8067670e-01   3.7039585e-01   4.3671759e-01   4.1022705e-01   4.2366853e-01  -3.7853712e-01   5.9013049e-01  -2.5504413e-01   4.1854461e-01   2.9121416e-01   3.1832799e-01   1.9920487e-01  -9.2392472e-02  -1.4920692e-01  -4.6571238e-01   2.8045989e-01  -3.1406714e-01   3.7187758e-01   1.9482645e-01  -2.0321082e-01  -2.4855111e-01  -2.8545494e-01  -1.8509279e-01   1.8579937e-02   3.3360046e-02   5.2650063e-02   2.2653611e-02   5.0689493e-01   3.3323949e-01  -3.3918548e-01  -7.2749391e-03   2.8700697e-01  -2.3332302e-01   3.4283023e-01   5.2871194e-01  -4.3342020e-01   3.3087598e-01   4.4103401e-01  -1.8078985e-01  -3.5957083e-01  -2.1125674e-01   4.2722626e-01   4.3900680e-01   7.3554927e-02   3.1270468e-01   1.1254539e-01  -1.4381112e-01   5.5045165e-01   7.3214096e-02  -5.6116803e-02   4.1523595e-01  -1.2482012e-01  -5.0166011e-02  -1.5193691e-03  -1.1102970e-01  -8.5178793e-02  -1.2636251e-01  -9.9393635e-02   5.0817173e-01  -1.1942523e-01   4.2755780e-01  -5.3419861e-02   4.7084139e-01   5.8312992e-01  -2.9940447e-01   1.7916424e-01   2.9605807e-01  -2.8408627e-01  -1.9642560e-01   3.8754732e-02  -1.3610060e-01   1.2908722e-01   6.1058691e-01  -8.0098371e-02  -4.5706386e-01   5.7015200e-01
  -4.1033207e-01  -5.2540998e-02  -1.2102544e-01   2.5368472e-01  -6.9635948e-02   4.4923035e-01   0.0000000e+00  -4.7303175e-02   4.2393874e-02   2.0538666e-01   9.3673430e-02   2.1914995e-01  -7.6241299e-02   2.6637666e-02   1.1608587e-01  -5.4847929e-02  -2.3387714e-01   4.0844062e-01  -1.0250217e-01   1.4694847e-01   5.0744860e-01   7.1656569e-02   3.6418171e-01  -5.4838882e-01   1.3854850e-01  -1.0848261e-01   5.6109095e-01  -3.4349779e-01   9.1093116e-02   3.7632277e-01   3.9566256e-01   2.4923486e-02  -4.8532220e-02   6.6982788e-01   6.4047759e-01   2.3777653e-01   1.2654787e-01  -2.2425499e-01  -1.2113921e-01   2.8215897e-01  -1.2870879e-02  -4.7684320e-02   1.7645310e-01  -7.8574145e-02   3.0514561e-01  -2.2877677e-01   1.0201010e-01   7.4951802e-01  -1.9501375e-02  -2.2841750e-01   4.5575472e-01  -1.0518302e-01   3.0316290e-01  -2.2926488e-01   2.1727012e-01  -8.0984398e-02   1.3416929e-02  -4.3587183e-02  -4.9212839e-03   4.3328544e-01  -1.8177653e-01   7.0650225e-02  -1.4033675e-01   5.9914458e-02  -1.4623172e-01   7.6000294e-01   3.4947050e-01  -2.5220352e-01   6.0831893e-02   1.7648179e-02   1.0788526e-01   3.9051685e-01  -1.2625735e-01  -3.8499252e-01   3.4935800e-02  -3.0335562e-02  -2.8145592e-01   5.3809985e-02  -1.9700144e-01   1.4259236e-02   1.5048337e-01  -5.7518236e-03   3.5076710e-01  -1.3507321e-01  -2.2212156e-01  -1.0731982e-01   6.0405860e-01  -1.4126982e-01  -5.9792402e-02  -5.0805736e-01  -4.1364220e-01  -2.6743022e-01   5.2953537e-02   5.9514408e-02  -2.1786627e-01  -1.9105205e-01   6.1263662e-02  -5.2687785e-02   1.1357291e-01   5.1647585e-01  -6.9443159e-02   2.8461562e-01   4.1884024e-01   2.7142286e-01   1.0249102e-01   1.4275502e-01  -1.7128318e-01   2.7803993e-03  -6.8236993e-02   5.2016910e-01   3.5989198e-01   1.9400583e-01   2.1684066e-01  -3.5000920e-01  -3.6451041e-01  -3.2441512e-01  -3.8439781e-02  -1.0804779e-01  -9.8430692e-02   1.0505983e-01  -5.7492189e-01  -1.8273862e-01  -2.6957959e-02   1.5173529e-01  -4.1876710e-01  -1.3554069e-01   2.2464358e-01   8.9336458e-02   1.5433611e-01   3.4841332e-01  -7.2442563e-02   5.2691579e-01  -2.2124471e-04   4.0015436e-01   9.4302642e-02  -5.6322908e-02  -2.2559219e-01   3.8809008e-01  -1.4584586e-01  -2.0638420e-01  -3.3567735e-01  -5.8066260e-02   4.4406515e-02   2.1081255e-02   4.4177221e-01   2.4750553e-01   6.2987835e-01   8.0682380e-02   4.3899540e-01   5.4240581e-01  -3.7771612e-01   2.5524224e-01  -4.0315710e-01  -1.4018479e-02  -4.6301278e-02  -4.2633106e-01  -3.3948411e-01   3.5221068e-02  -3.4516874e-01   2.8944623e-01  -1.1253955e-01   1.5477070e-03   4.5627665e-01   2.2041199e-01   7.3842406e-02  -9.2717940e-02   3.0410812e-01  -3.3928902e-01  -4.5623472e-01  -3.3835729e-02   2.0902482e-01  -2.9669453e-01   3.8559790e-01   9.7137601e-02  -1.5904698e-01  -2.9003276e-01   7.9162542e-02
   1.1302969e-01  -1.2532897e-01   2.7879487e-02   1.1769731e-01  -1.9002496e-01   4.3766694e-01  -4.7303175e-02   0.0000000e+00   1.2502893e-01  -3.1911796e-01   1.6288484e-01   2.0204293e-01  -1.3432367e-01  -3.4129370e-01   5.1424479e-02  -3.5738162e-01   3.3606350e-02   3.4727445e-02   7.0245489e-01  -3.8635392e-01  -1.9188678e-01   4.9732396e-01  -2.7361571e-01  -9.3607555e-02   2.4793381e-01   8.0812470e-01   1.0962460e-01   5.5443842e-01   2.2370253e-02   3.0375416e-02  -1.2670070e-01   4.1558119e-01  -3.2280685e-01   1.5498994e-01  -1.3904815e-01  -2.5426575e-01  -1.9866653e-01  -4.0378182e-01  -4.2274487e-01  -6.1435076e-02  -1.7496358e-01  -2.2844095e-01   3.4782648e-01   5.9467652e-01  -2.3967251e-01   5.3182594e-02  -5.0230575e-02  -1.5240698e-01  -2.3709134e-01  -1.4339188e-01   4.3821903e-02   8.4563770e-01   3.9373891e-03  -3.1367326e-01  -5.2244895e-01   5.1282184e-01   6.6578786e-01   4.0392858e-01   2.3535431e-01   1.8174114e-01  -2.9364376e-01  -1.7792604e-01  -1.0088079e-03   2.8549199e-01  -3.7754489e-01  -1.3138821e-01   5.2188600e-01  -2.2234736e-01   5.1145501e-01  -4.0451779e-02  -1.8922261e-01  -3.2326814e-02  -5.6763324e-02   2.5377332e-01   1.0925944e-01   6.4494821e-01  -2.7969455e-01   4.5880062e-01  -5.5929339e-02   8.3702462e-02   4.8587553e-01  -6.9670428e-02   6.3436370e-02   9.0166015e-01  -7.5120747e-02   6.9849248e-01  -2.9341000e-01  -2.8154791e-01   6.0250127e-02  -5.8882156e-02  -8.6237686e-02  -1.5209306e-01   4.6835647e-01   2.7559307e-01  -5.4870449e-01   1.7172558e-01   7.9091492e-02   7.6086962e-01  -1.0472876e-01  -1.1852112e-01  -2.5836023e-01   5.0363250e-01   6.7522632e-02   8.2200352e-02   4.1393140e-01   2.5880357e-01  -3.8131657e-01   7.9145199e-01  -3.3271068e-01  -7.3079030e-02   3.2337414e-01  -4.4927140e-02  -7.8006212e-02  -7.3125277e-02  -9.0484971e-02  -9.6016237e-02   5.1342478e-01  -4.5980951e-02   1.4445767e-01  -3.9225978e-02  -1.6734424e-01   3.1769261e-02  -2.2081485e-01  -4.1940580e-03   9.4098697e-02   1.9361600e-01   7.6175664e-02   1.1035520e-01   5.8041815e-01  -1.3286614e-01  -1.8409837e-01  -3.5400094e-01   3.9685054e-01  -3.4965045e-01   4.6893363e-01   8.2496330e-01  -1.1989377e-01  -7.8110157e-02   7.7083336e-01  -4.3633492e-01  -3.3679686e-01  -1.5474342e-01   6.0484364e-01   1.8166749e-01   6.0070745e-02   3.4703745e-01  -1.5043157e-01  -1.5486108e-01  -2.9948593e-02  -1.7682631e-01  -2.9794453e-02   3.9268574e-01  -2.7669917e-01   5.8745717e-02   1.1917388e-01  -2.6276317e-01  -2.1078742e-01   9.4036564e-02  -2.5364792e-01   5.5312138e-01  -7.6255553e-02   5.1587132e-01  -3.6303450e-01   3.2521144e-01   3.8416400e-01   5.7896605e-03   1.0415289e-01   4.8012830e-01  -3.3537427e-01   7.2024044e-03   1.6143020e-01  -4.0436156e-01  -1.6791421e-01   3.3425416e-01   1.9716772e-01  -2.0152335e-01   4.3067590e-01
   1.0866293e-02   4.0493153e-01  -2.8112289e-01   5.4859104e-02   1.5034863e-01  -1.1257112e-02   4.2393874e-02   1.2502893e-01   0.0000000e+00  -1.7919536e-01  -8.5387172e-02   5.1444649e-01   6.6499240e-02  -1.2325359e-01   3.4450478e-01  -5.4982728e-01  -2.0167470e-01   2.4102746e-01   1.6938415e-01   7.7422026e-02  -8.3586963e-02   1.0121570e-01  -1.5185933e-01   2.1524338e-01   2.4236503e-01   2.6454457e-01   3.3039905e-02   2.2542203e-01   8.5775751e-02   5.7172577e-01   1.4550751e-01   1.7664248e-01  -2.0544043e-01   2.7235703e-01   2.7254819e-01   3.9239759e-03  -9.2134097e-02  -1.3633535e-01  -5.4490825e-01  -1.3749883e-01  -2.8450809e-03  -2.1995163e-01   7.1808649e-01   6.7663576e-02   3.0938107e-01  -1.9167454e-01  -5.2409896e-02   1.0950454e-01   1.2950020e-01  -1.1989688e-01   1.6930895e-01   2.2810264e-01   3.9287756e-01  -9.3717806e-02  -1.1946742e-01   6.3822140e-02   9.3985209e-02   9.4180778e-02   8.4167808e-02   4.0955794e-01  -5.1614397e-01   2.8168079e-01   3.6370974e-01   4.2341873e-01   4.1081250e-01  -2.0087574e-02   1.7066296e-03  -1.5802495e-01   1.3402305e-01  -3.3245275e-01   6.0883192e-02   1.3023593e-02  -1.9349544e-01   1.4009711e-01  -4.7779381e-02   2.2026840e-01  -4.0163674e-01   6.7834644e-03   4.4850113e-01   1.6498680e-02   6.6675260e-02  -3.5051813e-02  -1.1602652e-01   1.9004751e-01   1.4568849e-02   2.2193229e-01   1.2917732e-01   1.1263967e-01   1.4625382e-01  -2.2728800e-02   2.0638263e-01  -3.9739732e-01   1.2218021e-02   6.5117905e-01  -3.3813410e-01   2.7434031e-01   2.0123088e-01   1.5305104e-01   3.1021930e-01  -1.2504992e-01  -3.0870665e-01   2.2323576e-01  -1.3152648e-02   5.0654899e-01   5.0917867e-02   9.4885974e-02  -2.7739101e-01   2.9949945e-01  -1.3297536e-01  -7.2961470e-02  -1.1304660e-01  -8.8720976e-02   1.4555360e-01  -1.7918137e-01  -1.5682077e-01   3.0659416e-01   1.4477976e-01  -2.9780250e-02   7.2732253e-02  -9.3702421e-02  -6.4734155e-02   2.6546383e-01   3.6730890e-01   4.8141983e-01  -1.1323519e-01   1.9061158e-01   3.1029695e-01  -6.5683942e-03   2.3381111e-01  -1.9165461e-01  -3.8347747e-02  -1.8572111e-01   1.6328774e-01  -2.2534958e-02   5.7885782e-01   1.7305741e-01  -2.7994673e-02  -1.1950446e-01   2.2015590e-01  -1.5346700e-01  -1.1606136e-01  -8.4321161e-02   1.1936307e-01   2.2469087e-02   2.1419464e-01   2.5667604e-01  -1.0489041e-01   3.4732015e-01   1.8392162e-03  -2.1116309e-02  -8.9533412e-02  -4.9528679e-02  -4.1630468e-02   1.7499505e-01   1.1496283e-01   3.0426143e-04  -1.2560339e-01  -7.4950653e-02  -4.2810134e-01   1.4413043e-01   9.0136137e-02   2.2988992e-02  -5.7027799e-02   7.7755680e-02   8.9178213e-02   9.3953430e-02   2.7763177e-01   2.4216894e-01  -1.2348300e-01   7.2943868e-02   4.2701988e-01  -1.8275340e-01   1.9840097e-01   1.5492999e-01   2.4223898e-01  -2.8724536e-01   1.1707857e-01
  -1.2794971e-01   2.2991028e-01   3.8062338e-01  -1.7515058e-01   2.3858655e-01  -3.3616663e-01   2.0538666e-01  -3.1911796e-01  -1.7919536e-01   0.0000000e+00  -2.2559434e-01   3.1145845e-01   8.8226461e-02  -2.4919229e-01   9.8458258e-02   4.6802166e-01   3.3426379e-01  -1.5886813e-01  -2.5639819e-01   2.1428486e-01  -8.9132048e-02  -4.4991096e-01  -2.3682511e-03  -2.0829231e-01  -6.4190323e-02  -3.2432506e-01  -1.3307821e-01  -4.4185105e-01   8.0288342e-02  -3.7524745e-01   2.2957269e-01  -2.8404674e-01   2.1850744e-01   3.7054413e-01  -1.7757770e-01   3.2936354e-02   2.8792573e-01  -6.6200836e-03   4.3735520e-01   3.8094796e-01   1.1491410e-01   3.4851305e-01  -3.6239611e-01  -3.8236436e-01   2.5059208e-01  -4.7879060e-02  -3.3501693e-01   2.1460163e-01   3.5233920e-02   5.0442412e-01  -1.2244967e-01  -2.9098596e-01   1.8177112e-01   2.3721612e-01   1.2422397e-01  -3.7281304e-01  -2.4579429e-01  -3.2889754e-01  -6.3864651e-02  -2.6915587e-01   1.8620262e-01  -1.5944323e-03   2.8815425e-01   1.6514299e-02   4.5774320e-01   2.2309668e-01  -3.8044262e-01   6.4977116e-02  -4.7268566e-01   1.2531831e-02   5.0650508e-01  -2.8985277e-01   2.6275634e-01   1.5451826e-02   6.1968205e-02  -3.6350368e-01   2.1673538e-01  -2.6875115e-01   8.3631774e-02   1.6029583e-01  -3.8453311e-01   2.4417093e-01  -1.7127692e-01  -2.7326523e-01  -2.8160330e-01  -3.9010771e-01  -7.5608276e-02  -1.2112411e-02   1.9136992e-01  -1.3449481e-01   3.1807789e-01   2.9713936e-01   1.1833541e-01  -3.4275886e-01   1.9953802e-01   2.0193260e-01  -1.1238639e-04  -2.4275493e-01   7.8960982e-02   1.3882698e-01  -1.1568698e-02  -1.5340852e-01  -3.8131425e-01  -2.8807130e-01  -3.3533255e-01  -2.1622415e-01   1.3077985e-01  -3.7708646e-01   3.5107369e-01  -2.6642873e-01   1.1735706e-01  -3.2279054e-01  -1.4505127e-01  -1.4859853e-02   6.5038568e-02   3.6932789e-01  -3.0135460e-01   3.3505011e-01  -4.9570104e-01  -8.2142923e-02  -1.0931238e-01   2.4881226e-01   2.3658302e-01   1.3803958e-01  -7.9585865e-02  -3.2695149e-01   6.2739223e-02   7.1653001e-02  -3.4167170e-01   5.0265461e-02   2.7090922e-01   3.3763886e-01  -2.4685642e-01   5.7071683e-01  -3.9465300e-01  -3.5327305e-01   1.2803070e-01  -2.9882191e-01  -3.5681521e-01   1.1717651e-01   2.0012302e-02   8.6337740e-02  -3.1512772e-01  -3.7782776e-01   2.2577144e-01  -3.6664725e-01   5.4791508e-01   1.0238981e-01  -2.7823953e-01   1.2818179e-01  -1.6947646e-01  -4.4269951e-01  -9.2511943e-02  -6.6718943e-03   2.2938682e-01  -9.6309586e-02  -1.7348971e-02   1.4315983e-01   1.7304896e-01  -3.7942094e-01  -1.4838911e-01  -4.0431784e-01   4.3626728e-01  -3.6093629e-01  -1.6515857e-01   4.4495723e-01  -1.5691391e-01  -3.7874062e-01  -9.4439892e-02   2.9242456e-01  -2.4169922e-03   2.2050585e-02  -1.1826127e-01  -4.3050352e-01   5.6284919e-02   1.5510005e-01  -1.9837915e-01
   5.2052555e-03  -4.6333958e-01  -1.6181829e-01   4.9692387e-01  -2.0877006e-01   2.8189621e-01   9.3673430e-02   1.6288484e-01  -8.5387172e-02  -2.2559434e-01   0.0000000e+00  -1.6982706e-01   3.3009792e-01  -1.0257050e-01  -2.5308343e-02  -9.0861707e-05  -2.8764407e-01   5.6841585e-01  -1.0113492e-01  -1.2871292e-01   3.7000109e-01   3.7890038e-01   1.2920172e-01  -2.1924513e-01  -4.9566223e-02   2.1797757e-02   2.8503425e-01   1.1140226e-01  -6.1093062e-02   2.9286491e-01   2.0376697e-01   4.0434646e-01  -1.6681752e-01   6.7740782e-02   2.2185587e-01   2.7206837e-01  -1.7535025e-02  -5.8474631e-02   8.0856869e-02  -2.4079697e-01   4.0293993e-01  -2.0509235e-01   4.5205950e-02   3.1572449e-01   4.0081730e-02   4.5649419e-03   6.9654234e-01   8.2617130e-03   3.4836828e-02  -4.9122377e-01   5.9134329e-01  -1.8824063e-02  -9.8785723e-02  -1.1929679e-01  -8.7702186e-02   3.5489176e-01   1.8277068e-01   4.8314659e-01   5.4297436e-01   2.9916084e-01  -6.4448611e-02  -5.7948810e-02  -1.2676416e-01   2.9315533e-01  -2.5123575e-01   9.8052336e-02   3.1095302e-01   1.1544718e-01   4.7521223e-01  -1.9952650e-02  -3.4190129e-01   4.8784517e-01   3.7521897e-01  -5.7049704e-02   3.2304947e-02   2.2864997e-01  -2.3384721e-02   5.7293793e-02  -1.9053540e-01   3.5794006e-01   1.2055137e-01   1.9568787e-01   2.9713705e-01   1.0050742e-01  -4.5733428e-02   2.1578024e-01   1.5207394e-01  -2.5411029e-01  -3.5809391e-02   5.5583616e-02  -3.5918043e-01  -1.6516949e-01  -1.1744440e-02   8.9099576e-02  -1.5063907e-01  -4.4286155e-01   3.9340993e-02  -3.1162175e-02  -1.2792388e-01   1.3437332e-01   8.0710829e-02   3.9789402e-01   2.4472491e-01   1.1686119e-01   6.2035671e-01   4.1706468e-01  -1.3235461e-01   1.7628430e-01  -3.1491524e-02   4.3667173e-01   3.7352770e-02   5.4097994e-01   3.2713152e-01   3.9704400e-02  -2.9171609e-02  -5.3412432e-01   1.1978558e-01   2.3512127e-01   2.0913231e-01   4.9824504e-01  -1.1190138e-01  -3.2597787e-01  -1.8990906e-01   3.9628371e-02   7.6618273e-02  -3.4907770e-02   2.0780402e-01   5.6759082e-02   4.4578846e-01  -8.8313273e-02   1.9637370e-01   2.8090430e-01  -2.4681589e-02   2.7926135e-02   7.7371621e-02   1.3831653e-01   1.1386760e-01   2.2209907e-01   1.6126538e-01  -2.1685046e-01  -2.5176872e-01  -1.6410158e-01   4.6498584e-01   8.9617838e-02  -3.8916175e-02   4.5233729e-01  -1.8899067e-01  -1.4015323e-01   4.7966335e-01   2.5089130e-01   8.6982659e-02   2.5063317e-01  -1.7452379e-01   3.4726416e-01  -3.4043710e-01  -1.6819063e-01  -5.3993200e-02   4.0856607e-01  -9.2134884e-02   8.8828525e-02   1.9997140e-01   5.3232130e-01   4.7061605e-02   6.2701813e-01   2.6483372e-01  -2.4820430e-01   5.2847566e-01   4.7356250e-02  -1.4220013e-01  -1.9479753e-01  -1.8760214e-01  -1.3477779e-01   4.9521353e-01   2.4331203e-01  -3.8613799e-02   1.1204227e-01   2.9296866e-01
  -1.2547267e-01   6.3925926e-01   2.8870122e-01  -5.4374797e-02   3.9919612e-01  -4.2178707e-02   2.1914995e-01   2.0204293e-01   5.1444649e-01   3.1145845e-01  -1.6982706e-01   0.0000000e+00  -6.1777144e-02  -3.2787632e-01   2.8393137e-01  -1.8254942e-01   2.4366684e-01   8.3952761e-03   1.7995662e-01   2.4851372e-01  -3.6018094e-01   6.6770571e-03  -2.9111459e-01  -6.7104382e-02   1.4916165e-01   2.8436399e-01   2.1166422e-02   1.2734807e-01   1.6645130e-01   1.6531317e-01   1.2745314e-01   1.6272895e-01  -1.7250180e-01   5.7425416e-01  -7.6278114e-02   4.1773321e-02   2.6147532e-02  -2.9107695e-01  -2.8228767e-01   2.2776698e-01  -1.5599586e-01   3.0879858e-02   4.5932909e-01   1.3605146e-01   3.3293585e-01  -3.8443201e-01  -2.2422717e-01   7.3625533e-02   5.9908458e-02   3.0937244e-01   5.0166490e-02   2.6697137e-01   3.8367517e-01  -3.0602634e-02  -1.9120606e-01   1.3673151e-01   1.1998886e-01   2.9938089e-02   9.9936013e-02   1.8856800e-01  -4.2566122e-01   2.6764013e-01   5.3659273e-01   2.8443503e-01   3.6040250e-01   4.4373465e-02  -9.7317664e-02  -2.0894695e-01   7.6855508e-03  -3.3112198e-01   4.3999091e-01  -6.3402057e-02  -2.9355312e-02   4.2928029e-01   6.4109508e-02   1.6931106e-01  -3.8260221e-01   5.5628697e-02   5.5767217e-01   4.6621238e-02   4.1089562e-02   1.0996771e-02  -1.0542323e-01   2.5429851e-01  -1.0956863e-01   1.6545922e-01  -2.0111914e-01  -5.0021475e-02   3.2247238e-01  -2.3834930e-01   5.0408203e-01  -1.6534469e-01   4.9714026e-01   3.0762884e-01  -3.9811274e-01   5.8589835e-01   1.0993540e-01   1.9688597e-01   3.0067900e-01  -9.4844474e-02  -3.9874502e-01   3.4510122e-01  -1.7337755e-01   1.3496556e-01   3.9058768e-02   1.1854895e-01  -2.4972613e-01   2.3066875e-01  -1.2054560e-02  -3.1290261e-01   3.3267673e-01  -2.1834086e-01  -2.2646885e-01  -3.3901633e-01  -9.0476454e-02   4.8268669e-01   1.7147697e-01   7.8661417e-02  -1.1347072e-01  -1.2206356e-01  -3.2644003e-01   5.8187506e-01   3.9371267e-01   4.5078861e-01  -3.6470639e-01   3.3399856e-02   3.6180646e-01   6.4029236e-02   1.7902927e-01  -9.1946265e-02  -3.2097722e-02  -1.3511802e-01   2.0259664e-01   8.2382306e-02   2.6328378e-01   2.1574765e-01   4.7986104e-02  -2.4727367e-01   2.2269033e-01  -2.2504393e-01  -2.5667130e-01  -2.0950289e-02   9.8224280e-02   9.3634430e-02   3.9348666e-01   7.7243672e-02   3.6545251e-01   2.6223402e-01  -1.7522130e-01  -2.1084830e-01  -1.8359652e-01  -1.8219915e-01  -3.3643906e-01   1.7130888e-01   5.9030298e-01  -2.4891051e-01  -2.3284775e-01   5.7026053e-02  -3.0734904e-01   1.4813687e-01  -9.7522041e-02  -6.2919605e-02  -5.1054802e-02   2.5679553e-02   1.5789458e-01   4.3085669e-01   2.5558230e-01   1.4198289e-01  -4.1741501e-01   4.3816822e-01   4.7616035e-01  -3.0112972e-01  -1.7135397e-02   6.3154824e-02   3.6854901e-01  -3.7769455e-02   1.9383869e-01
  -2.8291264e-02  -8.0467383e-02  -6.1024298e-02   3.1003929e-01   9.9784422e-02  -1.3926130e-01  -7.6241299e-02  -1.3432367e-01   6.6499240e-02   8.8226461e-02   3.3009792e-01  -6.1777144e-02   0.0000000e+00  -1.9540233e-01  -1.4406753e-01   3.1688961e-01  -4.7393927e-02   2.5884999e-01  -1.5112042e-01   4.9940705e-03   1.2749164e-01  -1.2175369e-02  -2.0374159e-01  -8.2585837e-02   1.2860357e-02  -1.6334837e-01   7.0107333e-03  -1.7962640e-01   5.8613881e-02   1.6765511e-01   3.0671650e-02  -6.6626319e-02   2.3187536e-01   4.7514575e-02   5.4171482e-02   2.2039122e-01  -9.1729132e-02  -2.0964422e-01   2.9769839e-01  -1.3124160e-01   7.5469258e-01   8.5991153e-02   7.6007192e-03  -1.6255314e-01   6.3863725e-02   9.8945006e-02   3.0184916e-01   6.8748647e-02  -3.8561679e-02  -3.3237713e-02   2.7935678e-01  -8.8188391e-02  -3.2301112e-02   1.3632912e-01  -6.8420829e-02  -1.0796589e-01  -1.8992913e-01   3.6236436e-02   5.2739652e-01   1.2058549e-01   4.0118328e-03  -2.1602458e-02  -3.5516739e-02   7.0993322e-02   9.4243418e-02   1.2701446e-01  -1.2612511e-01  -8.8783589e-02   1.5200343e-02  -3.2086544e-02  -4.6212722e-02   3.6792309e-02   5.3351639e-01  -1.1967197e-01   6.4300186e-02  -3.4964195e-02   7.7216646e-03  -1.9757287e-01  -3.3246765e-02   5.2636160e-01  -2.8074430e-01   4.3988206e-01  -6.9895064e-02  -1.8458756e-01  -6.4186702e-02  -4.6386915e-02   1.3621249e-01  -1.6972904e-01  -1.1178324e-01   2.6759616e-02   3.0475188e-02  -1.7634444e-02  -8.8520955e-02   4.4758111e-02  -4.1839341e-02  -1.0941847e-01   1.3099690e-01  -1.8035586e-01   1.2319096e-01   1.7757132e-01  -1.8820144e-03   2.1826156e-02  -1.5461044e-01   7.2963312e-02   1.0776621e-01   1.2643449e-03   6.3363719e-02  -1.7604334e-01  -1.0050219e-01   1.8970543e-01  -1.4759454e-01   1.3294320e-01   1.0342886e-01   6.4915859e-02  -9.9953326e-02  -1.0736797e-01  -4.4074359e-02   6.3115044e-01  -2.0223505e-01   3.0850658e-01   5.1043260e-02  -5.7699112e-02  -3.0104908e-02   1.3520856e-02   2.6358864e-02  -2.5246773e-01   5.0557634e-02   2.7521537e-02   4.0778293e-02  -5.2606459e-02   6.8663000e-01   1.9411139e-01  -2.2310155e-01   1.0648677e-01  -6.0708933e-02  -1.2073315e-01   3.5328319e-01  -2.1721505e-01  -6.0328367e-02  -1.9978304e-01  -1.3218431e-02   4.4831625e-01   8.6529649e-02  -3.5426268e-01  -1.8180900e-01   2.4774610e-02  -1.7383642e-01   1.8564534e-01   2.7136955e-01   1.9493430e-01  -3.6120549e-02  -3.7518592e-01   5.6428424e-02   1.9710218e-02  -1.4533037e-01  -9.3866513e-02   3.6445910e-02   6.2265052e-01   3.1334290e-02  -2.2246404e-01  -5.4177621e-02   1.4613799e-01   1.4528526e-01   1.5913539e-01  -7.9924717e-02  -1.3405790e-01   1.9164479e-01  -7.6600270e-02   1.5136438e-01  -2.8552863e-02  -4.7541095e-03  -1.1570897e-01   1.7030912e-01  -1.3795491e-01   1.4769111e-01   1.3150556e-01  -3.8399821e-02
   1.6689931e-01  -1.2621958e-01  -4.1939699e-01   3.1256593e-02  -1.8842075e-01  -1.8779172e-01   2.6637666e-02  -3.4129370e-01  -1.2325359e-01  -2.4919229e-01  -1.0257050e-01  -3.2787632e-01  -1.9540233e-01   0.0000000e+00   8.6089559e-02  -7.6627062e-02  -3.2646041e-01   5.1134492e-02  -3.4384066e-01   6.4452938e-02   3.3736027e-01   4.2074783e-02   4.8276125e-01   1.5392025e-01  -1.1577507e-01  -3.9184332e-01  -1.5014004e-01   2.8242402e-04   1.7685396e-02   1.7138662e-01   1.7948458e-01   9.5407213e-02   1.1001948e-01  -2.1404825e-01   2.3214077e-01  -3.4895541e-03   2.2576087e-01   2.2483013e-01  -2.7990738e-02  -2.9656743e-01   5.1738175e-02  -1.2722415e-01  -6.1543053e-02  -9.2730858e-02   8.6343451e-04  -3.4371086e-02   8.6146947e-02  -1.2706008e-03   1.1362740e-01  -3.9533178e-01  -8.2448953e-02  -4.1883587e-01  -2.4442840e-02   1.8636745e-01   5.0184402e-01  -2.0341323e-03  -2.0353309e-01  -1.1314673e-01  -1.2793491e-01   5.7710446e-02   7.2385565e-02   9.2415289e-02  -2.9105520e-01  -1.1747484e-02  -9.8589193e-02   9.1880338e-02  -1.1687151e-01   4.8562895e-02  -4.4546230e-02  -1.9957325e-01  -3.0212870e-01   9.9841026e-02  -1.2687513e-01  -2.1522790e-01  -1.2674888e-01  -2.6717013e-01  -4.1140520e-02  -9.4481237e-02  -5.6734099e-02  -1.6222759e-01   1.4731859e-01  -1.1598700e-01   2.4122841e-01  -3.2912622e-01   4.1395690e-01  -2.5197076e-01   3.5997788e-01   5.0785810e-01  -2.6551531e-01   5.8220723e-02  -3.3969901e-01  -2.1360776e-01  -3.7925244e-01  -1.0981725e-01   2.0780540e-01  -2.4715042e-01  -5.7173829e-04  -3.5738351e-01  -9.6656425e-02   3.0164857e-01   4.5699514e-01  -8.1420749e-02   5.1743250e-01   7.6673954e-02  -8.0973146e-03   1.3039232e-01   3.0691817e-01  -3.2352556e-01   2.2105066e-02   3.2187010e-01  -1.7308310e-01   2.6815385e-01   2.4076258e-01   1.2359159e-01   1.2389611e-01  -2.8156896e-01  -1.6973096e-01  -2.3121069e-01   4.0185985e-01   2.2315142e-02  -3.5662291e-03  -3.2252972e-01  -1.1832625e-01  -7.2505396e-02  -6.3128679e-02   3.7257940e-01  -1.5859813e-01  -6.0728775e-02  -9.2271015e-02  -8.8704123e-02  -1.5977642e-01   1.1915385e-01   7.8116961e-02   9.9611339e-03  -5.8107749e-02  -3.0723879e-01  -1.0846694e-01   6.0460031e-01  -3.3691732e-01   2.7613415e-01   2.8530375e-01  -2.1532501e-01  -1.9790998e-01   2.3954900e-01   4.1079935e-02   1.0445672e-01  -1.6125698e-01  -1.9405504e-02   1.0008632e-01   2.0931550e-01   2.0372189e-01   3.9600123e-01   2.2254022e-01  -3.2423726e-02  -3.5651649e-01   1.8672998e-01   1.4424378e-01  -1.5127801e-01   4.7995613e-02   8.6966406e-03   1.4781795e-01  -1.4418258e-01  -1.9569723e-02   5.1804671e-02  -1.9319922e-01  -1.8339533e-01  -7.0666693e-02  -8.5792234e-02   2.4345930e-01  -2.6110456e-01  -4.6064717e-03   1.4326129e-01   1.2494706e-01   1.1183821e-01  -3.6282704e-01  -4.0336056e-02  -1.3181793e-01
