   0.0000000e+00  -1.1368873e-01  -1.7549515e-02   1.2064607e-01   1.3553498e-01   1.0234814e-01   1.1166552e-01  -2.0772532e-01   8.6501063e-03  -2.0685080e-01  -4.1742578e-01   1.7196600e-02   1.2894595e-01  -2.9749906e-01  -4.1435017e-01  -2.0804146e-01   3.1044060e-02  -1.5142592e-01  -9.0110541e-02   4.5668133e-02  -2.5710873e-01   1.0021687e-01  -1.2612760e-02   4.8615865e-01  -7.3140426e-02  -7.7236227e-02   3.7703998e-02  -1.3226352e-01  -4.6856334e-01   3.4703642e-01  -5.8896242e-01   2.2451364e-02   1.8577520e-01  -1.4261733e-01  -3.8405490e-01   4.6968641e-02  -1.3162757e-01   4.2157603e-01  -3.0082370e-01  -8.2921380e-02   8.4724873e-02   2.0074204e-01   9.2819370e-02  -5.2577648e-01  -1.3743632e-01   5.5219819e-01   2.2538083e-02   1.5736256e-01   4.4788525e-02   1.6029758e-02  -1.0754888e-01  -9.2176739e-02  -1.3884103e-01  -7.2292751e-02  -2.1979314e-01  -4.1796536e-01  -1.7432798e-01   6.8428858e-02  -1.1402967e-01  -1.4967342e-01   2.8924256e-01   1.0414672e-01  -7.6033139e-02  -2.1840639e-01  -2.7481654e-01   1.2257249e-01   5.8876470e-02  -2.4908161e-01  -7.9844623e-02   2.7646147e-01  -1.6677973e-01  -8.0839243e-02  -3.1653193e-01  -1.1888897e-01  -1.5916021e-01  -2.1911879e-01   3.2459782e-01  -3.6108434e-02   2.0898090e-02  -2.1451954e-01  -4.2621487e-01  -2.6620262e-01  -3.7970858e-01  -1.6444477e-01  -5.5921290e-02   5.9064125e-02  -6.4722840e-02   5.1515835e-02  -2.7722195e-01   5.9634991e-01  -2.4826652e-02   2.4104793e-01  -9.2450825e-02   1.5182633e-01   5.0595213e-01  -1.2646610e-01   6.5248578e-02  -1.4780174e-01  -2.1535933e-02   9.0529892e-02  -4.8627492e-01  -1.6356516e-01   5.3704143e-02  -9.3767946e-02  -3.3374451e-04  -2.6277141e-02   1.6473484e-01  -7.1134085e-02  -2.2830071e-01  -9.8254177e-02  -4.0381961e-01   3.1263952e-01  -1.5543920e-02   6.4424580e-01  -3.8064562e-01  -1.1348450e-02  -2.1927955e-01  -2.3145786e-01  -1.1449541e-01   3.9757396e-02   5.2563817e-01  -2.9525570e-01  -9.9638094e-02  -2.5186678e-01   4.9682690e-01  -1.9238825e-01  -4.5095450e-01  -8.1880371e-02  -2.5813676e-02  -3.6308627e-02  -1.9856637e-01  -4.2556719e-01   7.1974327e-03  -4.9414163e-01   6.0649643e-03  -1.7550348e-02   4.1286491e-01  -4.4110837e-01   1.5035701e-01   7.6205890e-01   5.1825170e-02   1.9531815e-01   1.3699063e-02   1.2994430e-02  -1.7158053e-01  -3.4020491e-01  -2.7131058e-01   9.5363237e-02   2.1810959e-01  -1.9528554e-01  -1.9230350e-01  -2.4562553e-01   4.9049639e-01  -3.8880374e-01  -1.4844761e-01   5.0036275e-01   6.2386183e-01  -9.3436484e-02   3.3812583e-01  -2.5425244e-01  -1.7560020e-01  -1.6826511e-01  -4.2449173e-02   3.5319244e-02   2.5462292e-01  -1.7438489e-01  -2.5460625e-01  -2.5401249e-01   3.6712198e-01   4.7747360e-02   4.5500741e-02   3.1534201e-01   5.0446936e-02   3.5399188e-01  -1.1596290e-02   7.4221670e-02  -1.7258221e-01
  -1.1368873e-01   0.0000000e+00   1.1039879e-01  -1.7455355e-01   3.7951747e-01  -1.2059685e-01  -3.5571756e-02   7.4837308e-02   3.3620735e-01  -2.9580694e-01  -2.9272337e-01   2.9801002e-01  -1.6904421e-01   2.8877969e-01  -5.0677832e-02   8.1233200e-02   3.5690188e-01  -3.1399760e-01  -8.2867196e-02   1.4225674e-01  -1.9029446e-01  -1.7867587e-01  -3.7147282e-01  -3.3577056e-02  -2.3830151e-01   5.4018461e-02   4.5312010e-02  -1.6825398e-01   2.5622805e-02  -7.9739560e-02   2.3329357e-01   2.2749467e-02   2.6683353e-01  -2.3479198e-01   3.5001111e-01   4.9720816e-03   1.6189097e-01  -2.9129639e-01   3.5991851e-01   1.7750620e-01   1.0393624e-01   1.7685395e-01  -6.2206088e-03  -3.5925194e-03   1.4305598e-01  -1.3670681e-01  -2.0538761e-01   2.1475679e-02   5.4850256e-02   3.3385513e-01  -2.4886886e-01  -4.7812269e-02   1.1088130e-01  -2.1086856e-01   1.0708498e-01  -1.9318920e-01  -1.7610182e-01   6.5228446e-03   1.8916264e-01   1.5597480e-01  -1.0857575e-01  -5.0681717e-02   4.7132920e-01   5.1973723e-01   2.0814202e-01  -2.7434915e-01   1.8369643e-01   1.9260765e-03  -1.1673676e-01  -2.9286495e-01   5.8409560e-01  -1.9103186e-01   3.2284136e-01   2.6446071e-01  -9.1361531e-02  -3.0827299e-02  -1.4430564e-01  -2.1386255e-01   5.4068355e-01  -1.4779645e-02  -1.3505987e-01   6.6334360e-02   5.3408835e-01  -5.4928341e-02   4.3992240e-01   5.2153023e-02   4.2641923e-01   1.0203249e-01   3.5502101e-01  -9.9719226e-02   5.2409023e-01  -4.4538845e-02  -7.7456970e-02  -8.4327005e-02  -3.1966198e-01   3.4716421e-01  -1.2498022e-01  -6.3909805e-02  -5.2832772e-02  -1.6007804e-01   2.6447466e-01  -1.7458850e-01  -1.1935100e-01   2.7151714e-01  -1.0908455e-01  -1.2928818e-02  -9.5683548e-03  -8.4418762e-02  -3.2751462e-02  -2.2512052e-01  -5.5196096e-02  -3.6926902e-02  -1.6126024e-01  -6.2385504e-02  -1.4990796e-01   6.2096115e-01  -6.5295425e-02   4.6106747e-02   7.9347711e-03  -7.4094096e-02  -2.3473181e-01   2.5154450e-01  -4.1346415e-02   3.9036962e-01  -1.5545417e-01   1.5162511e-01   7.7066755e-02  -3.0554747e-02  -6.7039332e-02  -4.4359669e-02   3.6425773e-01  -1.7655869e-03   5.3183315e-01   1.8138001e-01   1.2140886e-02  -1.2469101e-01  -9.8061592e-02  -8.5227034e-02  -6.9107488e-02  -1.6184867e-01   3.0518957e-02   1.2463487e-01  -2.3697835e-01  -9.1338239e-02  -1.2460107e-01   1.0500880e-01  -1.4702568e-01  -1.1404409e-01  -3.7022817e-01   3.3009373e-01  -1.2881684e-01  -5.1853573e-02  -1.3816549e-01   1.7024986e-01   4.5294386e-01  -2.1785036e-01  -1.5207707e-01   2.3614080e-01  -2.9589717e-02  -7.8956406e-02  -1.8019740e-01  -2.7686582e-01  -1.0039748e-01  -5.2417431e-02  -2.1467495e-01   3.6618379e-01  -1.0193498e-01  -3.4905851e-02   1.0298121e-01   5.0269996e-01   2.4075635e-01  -2.8117639e-01   1.4160083e-01   8.8400275e-02   1.4302799e-02   1.8246583e-01  -5.5400483e-02
  -1.7549515e-02   1.1039879e-01   0.0000000e+00   9.8283409e-02   1.0604550e-01   2.7678053e-01   7.2462672e-02  -2.1221057e-01   3.5566120e-02   2.5629075e-01  -1.5263552e-01   4.3199058e-01   5.9587364e-02  -4.0959466e-01  -5.8282016e-02   3.4512108e-01   7.3644260e-01   1.1494529e-01  -1.9197039e-01   3.6677494e-01  -8.8226904e-02   7.2142002e-02   2.5029337e-01  -3.8026209e-03  -2.0795697e-01  -2.6156805e-01   4.3925005e-01  -2.1630596e-02  -3.4123316e-02   3.4123568e-01  -2.0648830e-01   3.2842856e-01   2.4364533e-01   3.9885080e-03  -2.9894762e-01   4.7836060e-01  -2.7514103e-01   2.2768336e-01   2.1016714e-01   4.7442062e-01   2.0425929e-02   3.6968446e-01   1.5140392e-01  -2.8925491e-01  -2.2369676e-01   4.6548724e-01   2.7740394e-01  -8.4299442e-02  -2.5967157e-02   5.5058522e-01   2.0167100e-01  -1.7660544e-01  -4.0580207e-01  -1.7627280e-02  -2.6379165e-01  -6.7114712e-02  -3.1906907e-01   1.3761326e-01   2.1688939e-01  -5.8464711e-02   5.8128396e-01  -6.4815950e-02   3.4656695e-01  -3.8429566e-01  -5.0892945e-01   4.6317585e-01   1.9524313e-01  -2.0339990e-01  -1.4289693e-01   5.7056302e-01  -2.4540031e-01   7.9149280e-02   4.2867694e-02   3.1456270e-01  -2.9208218e-01  -3.5566759e-02   5.0439824e-01  -2.1838489e-01   7.0311726e-02  -2.2527540e-01  -1.3644386e-01   9.9484346e-02  -1.8557270e-01  -8.3058725e-02   2.7253672e-01   1.8744365e-01  -2.6613921e-01  -1.9444002e-01  -9.9170076e-02   2.2554622e-01  -8.6897731e-02   5.7909483e-01   3.6804156e-01   1.3640312e-01   2.8502717e-01  -4.9783663e-02   1.2575030e-01  -2.9894297e-01   2.7696211e-02   8.4140861e-02  -7.0393016e-02  -1.0920216e-01  -5.7675769e-02   1.4921063e-01  -4.8938487e-02   2.5888083e-01   1.9135999e-01  -2.6771551e-01  -3.3205384e-01  -2.0185832e-01  -4.2567706e-02   1.6212624e-01   1.6302983e-01   3.7415732e-01   2.0570935e-01  -1.4961545e-01  -1.6771870e-01   1.2523789e-01  -3.5053502e-02   9.2574835e-03   3.3160764e-01  -1.0228332e-01  -8.1065524e-02  -2.2640945e-01   3.5350860e-01  -1.5266742e-01   3.7057589e-02  -8.9810335e-02  -5.3586269e-02   5.2744809e-01   3.5594473e-01  -1.9711889e-01  -2.8440380e-02  -3.5372476e-01   1.1555421e-01   4.6132113e-02  -4.0611166e-02  -3.2953899e-01   1.6823244e-01   1.7902862e-01  -1.6041503e-01  -2.4247877e-02  -1.4397755e-01   3.5481631e-01   1.0760067e-01  -1.8528215e-01   3.1010001e-01  -8.0856991e-02   2.5959517e-01  -2.9465528e-01   2.9540946e-01  -1.0951633e-01   3.8038521e-01  -3.2685613e-01   6.1889016e-01   1.4489095e-01   4.5703571e-01  -3.7595789e-02   5.2062985e-01  -1.5451853e-02  -4.5255855e-02  -2.3020936e-01  -2.6853057e-02  -1.7117928e-01   7.7230041e-02  -2.3897400e-01   6.2892516e-02  -2.3323699e-01   5.2953229e-01   6.5339446e-02   1.7296349e-01   2.8061742e-01  -2.0709862e-01   2.2971256e-01   1.6822999e-01   2.4570193e-01   2.6461235e-01
   1.2064607e-01  -1.7455355e-01   9.8283409e-02   0.0000000e+00  -2.8373558e-02   1.8905628e-01   1.6446256e-01  -9.8991844e-02   1.1178367e-02   5.6607674e-02  -1.3703987e-02   1.0177987e-01   1.6073526e-01  -3.3077073e-03  -1.2111829e-01   1.8226888e-01   5.0784517e-02   2.3923673e-01   5.2822176e-02  -6.5301389e-02  -1.3830448e-03   2.9262979e-01   8.6958739e-02  -3.8587303e-02   9.6591182e-03  -2.3107840e-02   3.5221957e-01  -1.7585851e-02   1.1050721e-01   4.0107979e-01  -2.3327593e-01   2.2906545e-01   5.9475761e-02  -1.8710032e-01  -1.7019370e-01  -6.5819274e-03  -3.3661784e-02   2.9427036e-02  -8.7125680e-02   1.8260746e-01   2.1157409e-02   1.7820307e-02   9.0722640e-02  -1.6235019e-01   1.1902177e-01   8.7413148e-02   1.5856366e-01   3.2001929e-01   1.6239126e-01   6.1568955e-02   1.5351194e-01   3.4112832e-02  -1.9365078e-01   2.7456043e-01   1.4286253e-01  -1.1143121e-01  -1.6817095e-01   1.8219814e-01  -1.0749870e-03   1.7230708e-01   4.5990677e-02   1.5001132e-01  -4.4918116e-02  -2.2954994e-01  -3.0201629e-03  -4.5713008e-02   2.6041131e-01   6.0753703e-02   3.1783925e-01   5.8510880e-02  -2.8777205e-01   5.0962304e-01  -2.9594789e-01  -1.1646420e-01   2.1590550e-01   1.4182723e-01   4.7708379e-02  -2.6605853e-03  -8.5896323e-02   4.5726763e-02   1.6346093e-02  -3.4765599e-01  -2.0690612e-01   5.2989061e-02  -1.3281349e-01   1.1720688e-01  -1.5654205e-01   6.0919158e-02  -1.2164377e-02  -2.8353329e-02  -8.2379335e-02   1.8753716e-02  -9.2094731e-02   2.8414345e-01   1.8651727e-01  -7.9543059e-02   3.7176426e-01  -2.5170812e-02   2.5979948e-01   1.0012232e-02  -3.8545813e-01  -6.7893249e-02   2.1492436e-01   1.3761128e-01   1.4496832e-01   4.1051030e-01   1.7169863e-01   2.4120490e-01   7.4450203e-02   2.1161473e-02  -1.0191936e-01   4.8526526e-01   3.7542832e-01   8.9074448e-02  -1.7702658e-01  -2.0697311e-01  -6.2156706e-02  -2.3287555e-01  -1.0504013e-01   6.1912661e-01  -9.1067875e-03  -3.0292230e-02   3.7923678e-01  -1.0804171e-01   1.3994393e-02   8.0289625e-02  -1.3811057e-02   1.3613270e-01   3.7557651e-01  -1.1047493e-01  -2.8625447e-01  -6.8375732e-02   8.6200606e-02  -2.5168411e-01   1.4818540e-01   1.2556922e-01   1.4038217e-01  -6.0142328e-02   1.1323805e-01  -5.9538020e-02   6.3585280e-02   5.8228411e-02   8.1928205e-02  -4.6393712e-02   1.9628418e-02  -6.6141114e-02  -6.0255248e-02   5.2191661e-02   4.4128188e-02  -1.4920620e-01  -1.3935694e-01   8.9293096e-02   1.4240452e-01  -9.2286161e-02  -5.4293786e-02   3.2161203e-02   9.3045975e-02  -6.6687232e-02   1.5458776e-01   1.1602271e-01   3.0773692e-01   9.6383847e-02  -1.5500267e-01   3.0848349e-01   5.0580014e-01  -1.9854001e-01  -6.7186490e-02   4.3928630e-02   1.2866006e-01  -2.4771618e-02  -7.7739351e-02   7.0811242e-02   9.4062932e-02  -4.2091805e-02   1.2139460e-01   7.8096741e-02   2.8769239e-01
   1.3553498e-01   3.7951747e-01   1.0604550e-01  -2.8373558e-02   0.0000000e+00  -1.3393513e-01  -2.9767888e-01  -3.1015426e-02   1.3184409e-01  -1.4143097e-01  -6.0270929e-01   6.4059823e-02   3.2649643e-01  -1.6782007e-02  -2.4935299e-01  -8.2084983e-02   5.8146563e-01  -4.2912373e-01  -6.6466389e-02   8.2767378e-01  -4.4797186e-02  -1.5551469e-01  -4.1793442e-01   1.0415879e-01  -2.0893725e-01   1.3623146e-01   2.5186584e-01  -3.8330899e-01   4.0648347e-01  -6.9713447e-02  -9.4452349e-02  -2.0473488e-01   1.9126525e-01  -4.2900749e-01   1.6672917e-01   3.5348869e-01   2.7456786e-01   7.3797999e-02   2.1811895e-01   4.5185082e-01   3.2754100e-01   3.6568987e-01   3.0876684e-01  -2.4374193e-01   2.1744598e-01   7.6631461e-02  -3.0658340e-01  -2.2430188e-01   5.7566754e-01   5.7741788e-01  -3.4849778e-01  -7.8359404e-02  -5.2554812e-02   2.0381240e-01  -3.1524125e-02  -4.3926614e-01  -1.4330767e-01  -1.3668417e-01  -1.9070536e-02  -7.6529253e-02   1.1789335e-02   5.9633297e-01   4.0628240e-01   3.4404006e-01   1.6775995e-01  -2.6158383e-01   2.0401727e-01   2.5247960e-01  -3.9675766e-01  -2.3299642e-01   1.8768962e-01  -1.9871901e-01   2.4512984e-01   4.4854038e-01   2.1056475e-01  -2.3240105e-01   8.4405500e-02  -1.7114101e-01   8.3989714e-01   1.9253291e-01  -4.8068017e-01   5.2320449e-02   3.2065098e-01   1.3779925e-01   6.1937975e-01  -2.2177325e-01   3.5656776e-01  -1.2721947e-01   4.3953035e-01   1.3210363e-01   7.5569445e-01   2.8842133e-02   1.4182675e-01  -1.3330773e-01   2.4228764e-02   7.1032144e-01   3.5512238e-01  -1.5624312e-01   4.8073216e-01  -2.5071587e-01  -4.9600650e-02  -3.9294105e-01  -1.4963784e-01  -9.4261595e-02  -3.0773866e-01  -1.2649071e-01   3.9731434e-01  -1.4447207e-01   1.2008498e-01  -4.0652468e-01  -2.8261387e-01  -6.9180943e-02   2.1051070e-01   1.7541881e-01  -4.3734640e-01   6.0950897e-01  -1.7719562e-01   2.8425845e-01  -4.5829242e-01  -2.5861074e-02   8.7645283e-02   3.9985378e-01   1.7219924e-01   4.8299036e-01   1.1962947e-01  -1.9971383e-01   1.5352124e-02   3.0267347e-01  -2.4396216e-01  -2.2374157e-01   2.2070720e-01  -2.3704978e-01   2.7686240e-01  -1.0823120e-01   3.6162068e-01  -1.5840219e-01   8.2399905e-02  -3.5364461e-01  -4.5655233e-02   1.3798011e-01  -1.3598043e-01   2.7337327e-01  -2.0402502e-01  -5.0342935e-01  -4.3945391e-01  -9.9611490e-02  -2.3596991e-01  -3.4659496e-01  -2.7459346e-01   1.6053548e-01  -3.2580364e-01  -2.8671297e-02   8.7509857e-02  -5.9521162e-02   2.1735169e-01   7.2727400e-02   7.0550140e-02   1.5728279e-01   2.4931390e-01  -9.3655680e-02   2.6791487e-01  -2.0113968e-01   6.1180081e-02  -2.8610752e-01  -1.1108321e-01   4.7648196e-01  -1.3720977e-01  -1.3748087e-01   2.2192926e-01   7.3277690e-01   2.2029749e-01   6.8000936e-02   4.5551578e-01  -9.7978586e-02   3.6241556e-02   3.0762846e-01   4.9367796e-02
   1.0234814e-01  -1.2059685e-01   2.7678053e-01   1.8905628e-01  -1.3393513e-01   0.0000000e+00   5.8611471e-01   1.0729092e-01  -1.8072063e-01  -1.3320403e-02   2.2109157e-01   4.2470232e-01   2.3740203e-01  -2.4060384e-01   1.3401583e-01   5.1599786e-01   2.3806586e-02   3.0339810e-01   1.0782777e-01   5.7199220e-02   3.3509369e-01   5.2394743e-02   5.4250672e-01   1.2356953e-01   1.0096396e-01   3.6997314e-02   4.9263643e-01   2.4590348e-01  -2.4919017e-01   3.2100790e-01  -2.3590289e-01   4.8520914e-01   9.5876899e-02   3.5857376e-01  -3.3846042e-01   4.3468404e-01  -2.9859533e-01   1.0759896e-01   1.0817539e-01  -3.3834695e-02  -2.5059831e-02   6.1640666e-02  -3.8309548e-01  -1.4361687e-01  -3.6028491e-01   4.4667086e-01   6.1581363e-01   2.7222474e-01  -2.0377121e-02   2.1887345e-02   6.0420161e-01   3.0868675e-01   2.1942462e-01  -2.1586854e-01  -2.1368662e-01   1.4835501e-01   4.9265108e-03   2.1617601e-01   1.8190506e-01   2.1900122e-01   2.8447960e-01  -2.5445589e-01  -2.5816494e-01  -2.7543880e-01  -4.6756755e-01   5.3901453e-01   7.1280399e-01  -1.3356562e-01   3.8751236e-01   5.5420699e-01  -1.7074583e-01   2.2272201e-01  -2.7981396e-01  -8.1836599e-02  -3.0026079e-01  -6.5680906e-02   1.8331115e-01  -2.0052058e-02  -1.5713934e-01  -1.9439916e-01   1.8261315e-01  -9.8060010e-02  -4.1040817e-01   4.2754050e-02  -2.4700097e-01   3.0065945e-01  -4.7222375e-01  -3.8667938e-02  -2.1813528e-01   2.7709452e-01  -3.2708371e-01   3.5784437e-01   3.6587171e-01   9.3615054e-02   2.3728775e-01  -4.0772070e-01  -2.3895213e-01  -1.3078160e-01  -1.7105280e-01   4.1965298e-01  -3.0937468e-01   4.3119140e-01  -6.2531763e-02   7.4083040e-02   3.8230499e-01   2.9155854e-01  -3.9035094e-02   1.8416215e-01  -4.5280044e-01   4.2815759e-01  -1.8384076e-02   2.8538625e-01  -2.4698047e-01   4.2933785e-01   7.1516966e-02  -6.6436326e-02   3.0486983e-02  -2.8720616e-02   1.0598029e-01   1.6073347e-01   2.9115644e-01  -4.4061042e-01  -2.4198652e-01  -2.4347244e-01   4.7130993e-01  -1.4592405e-02   2.5822644e-02  -3.1015427e-01  -2.4124361e-02   3.6918024e-01   1.4410516e-01   1.6910545e-01  -2.0471531e-01  -1.5043889e-01  -2.4055105e-01   1.7833065e-01  -6.7706285e-03  -1.2485468e-01   2.8802319e-01   1.2551968e-01   5.2370640e-04  -1.2759251e-02   6.8122214e-02   5.2231853e-01   3.2715095e-01  -2.9090909e-01   7.1128685e-02   4.5566323e-01   6.8319654e-01  -4.2607292e-02   1.3242665e-01  -1.6053504e-02   4.3683309e-01  -3.1472690e-01   1.1672116e-01   1.6562290e-01   2.6630984e-01   2.1310412e-01   1.8460127e-01   1.6602041e-01  -2.4536980e-01  -3.4079087e-02   1.0512282e-01   2.6599127e-01   3.1761306e-01  -1.7950448e-02   2.1769760e-01  -2.5896012e-01   4.2258055e-01  -8.7274617e-02   4.5047570e-01   1.4164557e-01  -3.9923592e-01   4.2068330e-01   1.6109118e-01   3.9067987e-02   5.1838211e-02
   1.1166552e-01  -3.5571756e-02   7.2462672e-02   1.6446256e-01  -2.9767888e-01   5.8611471e-01   0.0000000e+00   2.1730790e-01  -2.1781735e-01  -5.7671704e-02   2.0922243e-01   6.5512220e-01  -5.6449075e-02  -5.0905545e-02   3.3165111e-01   3.5718575e-01  -2.4193413e-01   4.6069000e-01  -1.4307517e-01  -2.2846819e-01   3.8282725e-01   1.0146851e-01   5.4542978e-01   2.0412125e-01  -3.7388238e-02   3.3357040e-02   3.0808168e-01   2.5373954e-01  -3.1874616e-01   3.8745037e-01  -1.4828174e-01   5.4349804e-01   2.4282023e-01   3.4034745e-01  -1.7728828e-01   3.2707852e-01  -2.7884272e-01   8.0862235e-02  -7.9108980e-02  -2.7764394e-01  -1.0913376e-01   9.2541659e-02  -4.0556817e-01  -1.3160047e-01  -7.9659218e-02   2.8274981e-01   5.2275010e-01   6.6660076e-01  -5.2873349e-02  -1.7639768e-01   6.5138814e-01   2.2303296e-01   2.0767909e-01  -2.0493208e-01  -2.4423295e-01   4.6949086e-02  -1.5775812e-01   2.9506849e-01   4.2137170e-01   4.5515428e-01   2.1355823e-01  -3.3792744e-01  -3.1342819e-01  -2.4361816e-01  -1.4622443e-01   4.6996819e-01   4.8737690e-01  -3.0551687e-01   4.3338159e-01   4.1260783e-01  -5.3422051e-02   4.2388871e-01  -2.3386800e-01  -2.3080741e-01  -3.7794188e-01   2.2844567e-01   1.3479116e-01   1.7226631e-01  -2.0030043e-01  -1.5822469e-01   2.4845257e-01  -1.3479448e-01  -5.4769125e-01   3.2767134e-02  -4.5867465e-01   5.0871926e-01  -4.6445989e-01   1.9889470e-02  -3.3861456e-01   3.2041960e-01  -4.5644044e-01   3.3397520e-01   1.0453209e-01   3.0988159e-01   2.5924639e-01  -4.6355338e-01  -1.5659376e-01  -1.5710362e-01  -2.6699192e-01   5.5846357e-01  -4.4103990e-01   5.4183538e-01   2.9323212e-01   1.4596190e-01   6.1376075e-01   3.8091576e-01   5.7679966e-02   1.6328726e-01  -3.4978251e-01   3.2327874e-01  -6.0912273e-02   4.5634405e-01  -2.5212823e-01   3.7772000e-01  -9.2346646e-02  -5.1498798e-02   2.6840407e-01  -2.0773595e-01   2.0156472e-01   3.7259767e-01   2.2463479e-01  -4.1515160e-01  -2.4735571e-01  -1.4861835e-01   3.3794613e-01   2.6483606e-01   8.4768608e-02  -3.0874264e-01   7.6125857e-02   2.2165391e-01   1.8422484e-02   2.6736225e-01  -3.2451285e-01  -9.8727473e-03  -3.0728282e-01   3.4932460e-01   1.7157904e-01  -3.0714305e-02   4.2609240e-01   9.6028915e-02   8.4816680e-02  -1.0998399e-01   2.5760233e-01   5.2104377e-01   5.1281333e-01   1.8216592e-02   6.0486082e-02   5.7801599e-01   6.7746903e-01   1.1435093e-01   1.2798962e-01   1.0514665e-01   5.0473805e-01  -4.1615237e-01  -6.8841210e-02   8.8942890e-02   2.1610176e-01   2.9849022e-01   1.9261072e-01   2.6151550e-01  -2.6100540e-01   1.2239801e-01   4.8943257e-03   5.5989153e-01   2.2103119e-01   9.3471680e-04   1.2475588e-01  -2.6705072e-01   4.9108788e-01  -3.0298101e-01   5.3858344e-01   2.0025047e-02  -3.3088840e-01   4.1853604e-01  -8.7767512e-02   1.0157148e-01  -9.5858486e-02
  -2.0772532e-01   7.4837308e-02  -2.1221057e-01  -9.8991844e-02  -3.1015426e-02   1.0729092e-01   2.1730790e-01   0.0000000e+00   1.2863562e-01  -1.4836572e-01   4.9665828e-01   1.0253999e-01  -4.3051779e-02   1.2344126e-01   2.5762789e-01   2.3086945e-01  -2.1907685e-01   2.0449157e-01   3.6786506e-01  -8.3559870e-02   2.1049650e-01   1.8401486e-01   1.0563146e-01   1.1676936e-01   1.7250646e-01   3.4791062e-01   6.1982567e-04   3.3203553e-01   8.1606653e-02  -1.5626719e-01   1.4971480e-01   3.1461174e-01  -8.4372584e-02   3.5987389e-01  -8.3753464e-03  -2.0500736e-02  -5.7573590e-02  -1.3848348e-01   3.3663951e-01  -2.5528586e-01  -5.0444885e-02  -1.8231724e-01  -3.7195547e-01   4.9736131e-01  -1.3798389e-02  -3.2283156e-01   2.6086460e-01   2.2101661e-01  -2.3603818e-01  -1.5716231e-01   2.0798318e-01   5.1330947e-01   2.5772123e-01  -1.8904457e-01   1.4478115e-01   4.6829754e-01   2.4966459e-01   2.1063940e-01   4.0960851e-01   3.2967116e-01  -2.4191115e-01  -2.4465538e-01  -1.5071293e-01   2.0743313e-01  -5.7211707e-02   3.5777418e-02   2.7048080e-01  -7.9977089e-02   3.9957486e-01  -2.4213293e-01   4.0794172e-02   1.0598881e-01   2.2935830e-01  -4.6540474e-02  -1.8146838e-02   4.3718113e-01  -2.2943626e-01   4.8190486e-01  -8.8785813e-02   2.1818563e-01   4.7326840e-01   7.3556235e-02   8.6569985e-02   6.9684291e-01  -3.5943898e-01   4.0066113e-01  -1.0232351e-01  -9.0293913e-02  -9.5222173e-02  -5.9729901e-02  -1.7909529e-01  -1.6468666e-01   2.0411661e-01   2.1000149e-01  -1.9903980e-01  -7.9300840e-02  -3.3986270e-01   4.1111479e-01  -7.2294844e-02   5.3641214e-02   1.2707706e-02   4.7510418e-01   4.3706501e-01   3.7292759e-01   3.1058300e-01   3.1901964e-01   2.2679160e-02   4.9304277e-01  -2.4344681e-01   3.5405547e-01   3.2374973e-01   1.0958158e-01  -1.7701317e-01  -2.3144402e-01   1.7862989e-01  -8.6039159e-02   5.5077823e-01   9.2976001e-02   2.5430408e-01   1.9379774e-02  -9.7397668e-02  -1.5440822e-01  -2.0537761e-01   7.9316190e-02  -1.8092023e-01   2.5415915e-01   1.6286832e-01   7.6011639e-02   1.7772628e-01  -2.6770125e-01   7.9254210e-02   2.4636070e-01   3.4351032e-02   2.2120848e-01  -6.4471181e-02   3.9235290e-01  -1.6202232e-01   4.1731418e-01   2.5342313e-01  -2.6926666e-01   3.9190176e-01  -3.0030415e-01   4.3177262e-01   6.2597975e-02   2.1012855e-01   4.2208751e-01  -4.6860826e-02   2.0615193e-01   1.0678198e-01   7.2905877e-02  -5.5328915e-02   6.2424417e-01  -8.2506971e-02   1.4574950e-01  -1.5090513e-01  -1.7339511e-02  -1.3755692e-01   4.1337533e-01  -2.1104553e-01   5.3992372e-01  -2.1392221e-01   5.9866209e-01  -1.7509359e-02   2.8390509e-01   5.4160082e-02   2.3231993e-01   4.1326048e-01   4.3809320e-01  -2.9141159e-02  -3.7167948e-03   1.9873387e-01  -3.6635185e-02  -1.7135992e-01  -1.4818148e-01  -1.0802119e-01  -7.6100036e-02   1.7398641e-01
   8.6501063e-03   3.3620735e-01   3.5566120e-02   1.1178367e-02   1.3184409e-01  -1.8072063e-01  -2.1781735e-01   1.2863562e-01   0.0000000e+00   1.0608292e-01  -4.9533038e-03  -6.7919920e-02  -1.4928727e-01   9.9881224e-02  -2.9789117e-02   7.7846384e-03   1.9874749e-01  -1.3699855e-01   1.9955289e-02   1.7170208e-01  -2.2748224e-01   2.6084689e-01  -1.1487877e-01  -1.7486346e-01  -9.4431754e-02   7.5103555e-02   4.5174760e-02  -1.7234564e-01   8.4392799e-02   2.7298747e-02   1.1391306e-01   1.7616357e-01  -1.2246139e-01   1.4350222e-01   3.0334598e-01   1.0617546e-01   1.7078043e-01  -5.9928404e-02   1.6175715e-01   3.0564211e-01  -7.3655913e-02  -5.7880313e-02   2.3843564e-01   6.7001120e-02  -1.2504152e-01  -7.0664038e-02  -3.6324052e-02  -3.2219283e-01  -1.2658514e-01   6.4353828e-02  -6.3863931e-02  -4.3732780e-02   3.9896731e-03  -2.8170226e-01   1.8319488e-01   1.1295886e-01  -1.7284899e-02   3.0817981e-01   3.9027893e-02   4.2160733e-02  -4.9731704e-02  -1.2272633e-01   3.7952885e-01   4.0645768e-01   7.2742449e-03   3.9695829e-02  -6.8076495e-03  -3.2661732e-02   4.5236558e-02  -1.3435207e-01   3.3840298e-01  -7.3563460e-02   1.7735589e-01  -6.3983014e-02  -1.6008803e-01   1.7048353e-01  -3.5602555e-02   8.1898765e-02   1.6329062e-01   1.2994740e-01  -5.9107623e-02   4.7963437e-02   3.7813393e-01   7.2386075e-02   1.5441238e-01   8.0928056e-02   4.7166351e-01  -1.6931358e-01   1.0737453e-01  -1.4892654e-01   2.0984737e-01  -1.3011765e-01   1.1850113e-01   1.7968947e-01  -1.0211687e-01   1.5672967e-01  -3.1886654e-02   2.2032100e-01   9.4960661e-02  -6.2709442e-02   1.5440619e-01  -2.8003042e-02   1.5243999e-01   2.7280833e-01  -3.9745255e-02   1.5359807e-01  -1.3025270e-01   1.4805552e-01  -4.7662860e-02  -2.7841927e-01   3.1762060e-01   1.2686065e-01   8.2914750e-02  -1.7383549e-01   1.3230653e-01   1.4892840e-01  -5.5464117e-02   8.5283102e-02  -1.6133989e-01  -1.9459469e-01  -1.2663319e-01   6.0699864e-02  -7.4744718e-02   1.2666282e-01  -2.0502026e-01  -1.3767351e-01  -4.1919232e-02  -1.8850769e-03   1.1247817e-01  -2.1491926e-01  -8.3972528e-03   1.2806179e-01   2.2546307e-01   1.4089222e-01   4.4894521e-01   5.4579667e-02  -1.3405067e-01  -5.5894274e-02   1.2012036e-01  -3.8332368e-02  -4.1270910e-02  -2.4387983e-01  -4.6056891e-02  -2.1382982e-01  -1.9217509e-02   1.7251623e-01   2.2204140e-01  -1.2936965e-01  -2.2515358e-01   1.5983267e-01  -1.7894332e-01  -3.7722919e-02  -2.0576230e-01   1.5013416e-01   2.6204388e-01   1.0502189e-03  -3.8584183e-02   7.9191914e-02  -1.1622518e-01  -7.7394954e-02  -3.9831831e-02   2.4444105e-02   9.1289040e-02  -1.3660989e-01   1.3657890e-01   5.3831363e-02   1.6441484e-01   3.3227961e-03  -1.1411341e-01   2.3767003e-01  -1.6220882e-01  -1.1242081e-01   2.5682310e-01  -2.6802753e-01  -1.7560060e-01   1.8614119e-02   2.2546118e-01
  -2.0685080e-01  -2.9580694e-01   2.5629075e-01   5.6607674e-02  -1.4143097e-01  -1.3320403e-02  -5.7671704e-02  -1.4836572e-01   1.0608292e-01   0.0000000e+00   1.4276207e-01   1.0174633e-01  -3.0927496e-02  -3.9020530e-01   2.1215088e-01   1.4495832e-01   9.6742753e-02   1.0673320e-01  -9.8606413e-02   2.2102559e-01   3.7318828e-01   3.3530968e-01   4.9272073e-01  -4.2472669e-01   1.9435907e-02  -1.4931116e-01   2.1327706e-01  -1.4082794e-01   1.1194157e-01  -2.6959966e-02  -3.8896790e-02   9.6937665e-02  -1.0492721e-01   4.5261285e-01   2.1738264e-02   4.1262640e-01   3.2501278e-01  -1.8159192e-01   3.9907938e-02   3.7723759e-01  -7.0609767e-02  -1.2519197e-01   3.6443410e-01  -7.8839464e-02   1.2723693e-01  -8.7666372e-02   2.4196541e-03  -4.2116337e-01  -1.8468893e-01   2.5264717e-02   2.9489953e-01  -3.3061146e-01   2.5641544e-02  -9.8488840e-02  -1.6209332e-01   2.1244124e-01  -5.7363831e-02   2.0667306e-01   5.3232416e-02  -6.3923183e-02  -9.2655150e-02   3.1760525e-02  -1.1822154e-01   8.7135630e-02  -2.9163341e-01   3.7674720e-01  -9.8461915e-02  -1.3147059e-01  -2.1305548e-01   1.3355858e-01   3.0418713e-02   1.8164683e-01   1.1238183e-01  -2.1057830e-01  -1.4688756e-01   2.6824184e-01  -6.4504542e-02  -2.8259945e-02  -1.6264578e-01  -2.3675153e-02   1.5497625e-01   2.4342273e-01  -5.9300208e-02   5.9172398e-02  -1.0245330e-01   8.4859650e-03  -2.0053237e-01  -3.4720650e-01  -1.7702157e-01  -2.6505213e-01  -1.2548572e-01  -1.1063947e-01   2.1883994e-01   3.0103304e-01  -1.4184900e-01   1.2432664e-01   8.7932218e-02  -7.3873546e-03   1.5722755e-02   4.0555658e-01   1.3725009e-01   2.6363441e-01   9.1020459e-02  -3.6457684e-01   1.7207780e-01   4.3109625e-02  -2.1355759e-01  -1.6597693e-01   7.5434532e-03  -1.1369353e-01   4.2191224e-01  -6.3463768e-02   4.8295432e-03  -1.6802270e-01   4.3215062e-01  -1.4349197e-01  -1.3540688e-01   2.9741598e-01  -2.1433848e-01  -1.0503736e-01  -1.6052629e-01   2.8059380e-01  -1.0052255e-01  -1.1680100e-01  -2.2748883e-01  -2.9058179e-01   3.7935894e-01  -1.1115772e-01  -4.7455370e-02   1.8726391e-01   9.7239034e-02   4.3465174e-01  -2.5047607e-01   1.7074497e-01   2.1935839e-01   1.6386851e-02  -1.0620262e-01   4.9930859e-02   7.1553750e-02  -6.0628580e-02  -2.4296002e-01  -2.9029204e-01  -6.7270199e-02  -4.8706766e-02   3.3204599e-01  -1.0883241e-01   8.2060780e-01  -9.9164634e-02   1.0931556e-01  -2.3327254e-02   3.5282253e-02  -1.9455527e-02  -1.4736858e-01  -1.1808475e-01   3.0417639e-01  -1.0827193e-01  -7.5491480e-02   3.7898158e-02  -1.6365977e-01  -9.7585117e-02   7.3304707e-02   2.7940154e-03   4.0200114e-01  -2.2955733e-01   7.2223458e-02   3.8743844e-03   4.1600065e-01  -1.7856361e-01  -1.1053482e-01  -1.7019815e-01   1.0964525e-02  -9.2854854e-02  -3.2296503e-01  -3.9073057e-01  -2.7809901e-02  -2.3450547e-01   3.7538067e-01
  -4.1742578e-01  -2.9272337e-01  -1.5263552e-01  -1.3703987e-02  -6.0270929e-01   2.2109157e-01   2.0922243e-01   4.9665828e-01  -4.9533038e-03   1.4276207e-01   0.0000000e+00   8.2560848e-03  -1.0615547e-01   1.1189955e-01   5.8270015e-01   2.6318175e-01  -5.3321024e-01   5.9313064e-01   3.1597541e-01  -4.6319307e-01   3.7187224e-01   6.3721585e-03   4.8803095e-01  -2.0569742e-01   3.6785336e-01   2.3086147e-01  -1.6393045e-01   6.0044915e-01  -4.1158536e-02  -2.5640897e-01   3.5143252e-01   1.6683583e-01  -3.6625242e-01   6.4836942e-01   3.4331712e-02  -1.2811520e-01  -1.8223858e-01  -5.1979163e-02   1.1129399e-02  -3.6793980e-01  -2.3359013e-01  -4.5985787e-01  -3.6054120e-01   6.3456285e-01  -2.8650869e-03  -2.2357961e-01   4.9882889e-01  -1.4810431e-02  -4.6495107e-01  -5.2604260e-01   4.9155791e-01   3.7418489e-01   3.2775701e-01  -1.1126298e-01   1.5778804e-01   7.8451017e-01   3.4180623e-01   1.1042111e-01   1.0947862e-01   2.2989513e-01  -7.9939893e-02  -4.0538526e-01  -4.2192657e-01  -3.7772016e-03  -6.2402136e-02   3.4674954e-01   1.4677582e-02  -6.9639791e-03   4.6894688e-01   1.5136629e-02  -1.8668833e-01   2.2430685e-01   3.8453850e-02  -2.6330317e-01  -1.3243250e-01   1.8821861e-01  -1.7056482e-01   2.9098406e-01  -5.7642041e-01   9.6491572e-02   7.3644226e-01   1.7985770e-01  -6.4490957e-02   3.8125818e-01  -6.2350189e-01   1.5301311e-01  -3.3167499e-01  -2.5131550e-02  -2.8461071e-01  -2.4750947e-01  -5.9097864e-01  -1.4691854e-01   2.7711187e-01   2.4268243e-01  -1.2717352e-01  -4.9513687e-01  -3.0819275e-01   3.8676445e-01  -1.3745097e-01   2.3650271e-01   1.2064327e-01   7.0865549e-01   1.8202157e-02   2.6932502e-01   4.7880855e-01   5.2402654e-02  -2.8854322e-01   3.1277901e-01  -7.9513261e-02   5.9727964e-01   5.7264453e-01  -1.8660936e-01  -1.5213218e-01  -3.4980663e-01   5.8045697e-01  -3.9379632e-01   4.1012425e-01   6.1240696e-02   3.2509769e-01  -6.3131314e-02  -1.6589107e-01  -3.2377334e-01  -2.1210613e-01  -2.2715314e-01  -1.6441736e-01   2.6979758e-01   2.7413656e-01  -1.5444465e-01   9.4660199e-02  -5.0092807e-02  -1.6520242e-01   5.2883724e-01  -2.8181113e-01   3.2231903e-01  -2.0624600e-01   1.7400981e-01  -3.1800068e-01   5.4141137e-01  -3.5890940e-02  -2.9164956e-01   3.1254577e-01  -3.6202782e-01   2.8504912e-01   3.0470410e-01   5.6646705e-01   3.5795181e-01   2.1516276e-01   5.0460638e-01   2.8676226e-01  -6.1216990e-02   2.5533942e-01   3.1485302e-01  -2.3300315e-01   4.1851067e-01  -2.1879326e-01  -1.2442362e-02  -1.6250516e-01   4.4263539e-02  -3.4861896e-01   2.8033294e-01  -1.1857140e-01   4.9628017e-01   2.5283128e-02   3.9239502e-01  -4.1676797e-02   6.0638541e-02   5.3524175e-01   3.0511136e-01  -3.0514293e-01  -4.0501808e-01   4.9539668e-02   3.6499956e-02  -3.0797310e-01  -1.5449437e-01   3.7118855e-02  -3.3927240e-01  -1.7831855e-02
   1.7196600e-02   2.9801002e-01   4.3199058e-01   1.0177987e-01   6.4059823e-02   4.2470232e-01   6.5512220e-01   1.0253999e-01  -6.7919920e-02   1.0174633e-01   8.2560848e-03   0.0000000e+00  -5.4094065e-03  -1.7324013e-01   3.2847287e-01   3.6064096e-01   2.0053675e-01   1.5071608e-01  -9.7794149e-02   2.0784569e-01   1.8431911e-01   3.8429339e-02   3.7697926e-01   6.9624247e-02  -3.0749477e-01   8.6536908e-02   3.1776048e-01   1.9445118e-01  -6.9926795e-02   3.1441168e-01  -1.7501760e-01   4.0224663e-01   1.9613038e-01   1.5206508e-01  -7.5043704e-02   5.2502168e-01  -1.8088025e-01  -3.4480833e-02   9.6967954e-02   1.9444098e-02  -4.2616745e-02   1.7277578e-01  -8.2436438e-02  -1.2036233e-01   5.3279373e-02   2.6513131e-01   3.4872438e-01   3.1079546e-01  -9.7216510e-02   8.0733179e-02   3.9753668e-01   9.7638941e-02  -5.3761499e-02  -2.8325003e-01  -2.9559256e-01   6.4552453e-02  -2.4696379e-01   2.9321644e-01   2.9306109e-01   3.3411874e-01   2.9175594e-01  -1.7106550e-01   9.5578388e-02  -1.6518765e-01  -2.7461240e-01   4.3920605e-01   4.1690253e-01  -3.4379611e-01   5.9498474e-02   3.1378675e-01  -1.8661483e-02   2.4314305e-01   5.2543213e-02   1.7919327e-01  -4.7325676e-01   1.2906075e-01   1.7684901e-01   9.7438501e-02   1.5076860e-01  -9.9093229e-02   1.0307663e-01   9.5364045e-02  -2.6782345e-01   1.5585070e-01  -1.1183478e-01   4.3575911e-01  -3.4083129e-01  -8.4485892e-02  -3.3928071e-01   1.8450211e-01  -1.8784761e-01   3.0548964e-01   3.0464547e-01   3.2763684e-01   1.9492071e-01  -1.7201576e-01  -2.3481039e-02  -1.3127512e-01  -5.8614458e-02   4.0489767e-01  -2.4576602e-01   3.7627348e-01   8.8293754e-02   1.2817877e-01   4.4690184e-01   3.6973696e-01   5.2555717e-02   7.8829001e-02  -2.7826549e-01  -4.6574563e-02  -1.2872207e-02   3.2487071e-01  -8.5954515e-02   3.7055330e-01   1.0881360e-02   1.1578583e-01   3.3839930e-01   7.2022280e-02   1.2236679e-01   1.7523750e-01   1.3925942e-01  -1.9467290e-01  -2.5380282e-01  -1.3220522e-01   2.4204933e-01   1.8083275e-01   9.4199157e-02  -2.5019932e-01  -1.0070780e-02   2.9442703e-01   2.4944424e-01   1.5758521e-01  -9.5036414e-02  -1.6581461e-01  -1.2453602e-01   3.8141569e-02  -9.1592138e-02  -1.9214545e-01   2.0095332e-01   9.2692281e-02   5.5501456e-02  -9.2876970e-02   1.7419020e-01   4.1977781e-01   3.0340842e-01  -7.1757955e-02   1.8002509e-01   2.7229247e-01   4.1613260e-01   4.5543766e-02   2.1116485e-01   6.6563842e-03   3.7464848e-01  -3.7833739e-01   3.1241180e-01  -2.6774523e-02   2.3711161e-01   2.0613472e-01   2.7313557e-01   1.1669011e-01  -2.4615682e-01   7.8562237e-02  -1.3515034e-01   1.9655932e-01   4.2865694e-02   1.9302099e-01   2.3313547e-01  -2.2108808e-01   6.0942095e-01  -1.0379842e-02   6.2662566e-01  -6.6186038e-04  -2.9850087e-01   3.2754589e-01  -1.4137419e-01   1.5175031e-01   1.3533821e-01
   1.2894595e-01  -1.6904421e-01   5.9587364e-02   1.6073526e-01   3.2649643e-01   2.3740203e-01  -5.6449075e-02  -4.3051779e-02  -1.4928727e-01  -3.0927496e-02  -1.0615547e-01  -5.4094065e-03   0.0000000e+00  -8.5832199e-02   3.1694641e-02   1.2304141e-01   1.6264094e-01  -1.1567038e-01   5.0961775e-02   3.6779965e-01   8.3164225e-02  -2.7191218e-01  -2.4019878e-02   2.6176918e-01   2.3158594e-01   6.1505852e-02   8.3566711e-02   7.1406980e-02   2.1319157e-01  -9.6143153e-02  -8.0035673e-02  -2.3106846e-01   3.1641679e-02  -8.4571964e-02  -1.9954516e-01   1.6007501e-01   1.4002309e-01   2.3660625e-01   8.2457017e-02   2.0979689e-01   6.5672484e-01   2.4107908e-01  -5.9724402e-02  -8.4175572e-02  -4.1500101e-02   2.0095781e-01  -5.4803391e-02  -1.1101390e-01   2.9484312e-01   3.3981166e-01   3.0023014e-02   5.0888291e-02  -5.8476866e-02   4.2622456e-01  -8.1822375e-02  -1.0836084e-01  -3.4468533e-02  -2.9792964e-01  -7.9203849e-02  -1.9010037e-01   1.6721733e-01   4.4583327e-01   1.0294798e-01  -1.0872120e-01  -1.4633943e-01  -1.8597407e-02   2.7183758e-01   2.7024203e-01  -1.6821611e-01   8.8465464e-02  -2.9612123e-01  -9.0317520e-02   1.8916840e-02   2.1852243e-01   2.4194544e-01  -3.0945168e-01   9.6576269e-02  -2.3815487e-01   1.5242891e-01   2.1970143e-01  -4.5475978e-02   5.8008931e-02  -1.3846819e-01   1.6008180e-02   3.7532112e-02  -2.9805952e-01  -1.5103601e-01   8.2390157e-02   1.4069984e-01   2.6333745e-01   1.1020204e-01   1.8511279e-01   1.9343706e-01  -9.9767523e-02   2.7814082e-01   1.9082360e-01   1.9905598e-01  -2.2115545e-01   2.4050557e-01  -9.5148932e-02  -1.9335431e-01   1.8180887e-02  -2.3169593e-01  -7.8978089e-02  -1.2847951e-01  -2.2055172e-01   3.4709594e-01  -1.5254144e-01   1.7730254e-02  -6.5923351e-02  -9.8407630e-02  -1.7609884e-01   4.4510323e-03   2.6003711e-01  -8.9829312e-02  -2.7893447e-02  -1.7139202e-01   3.3498415e-01  -1.1880337e-01   1.9062591e-02   2.2546468e-01  -6.6881161e-03   2.2098603e-01  -7.4128687e-02   2.8806775e-01  -3.1569900e-03  -1.6378694e-02   2.6817370e-01  -2.4569000e-01  -6.0474646e-02   9.3730022e-02  -1.0502346e-01  -1.1415142e-01  -1.9544887e-01   1.8595723e-01  -5.5514641e-02   1.9330539e-01  -7.2503072e-02  -1.8519855e-01   1.3859082e-01   9.9066908e-02   5.6139837e-01  -2.2415231e-01  -7.9831597e-02  -2.3657706e-02  -1.7124205e-01  -1.4365725e-01  -1.3847592e-01   7.1609390e-02  -1.5596605e-01   5.2685853e-02   8.6147887e-02   3.0318722e-01  -1.4859468e-01   7.0447702e-02   3.7608766e-01   2.0898858e-01   1.1061526e-01   1.6765169e-01  -3.3942094e-02   3.2412724e-01  -1.7374374e-01  -1.1769096e-01  -1.3857862e-01  -1.1667338e-01   1.0369496e-01  -2.4052506e-02  -1.1614115e-01   1.5364536e-01   1.5249099e-01   1.4424098e-01   2.8708455e-01  -2.4493724e-02   3.9459128e-02   2.0614893e-01   1.3821452e-01  -1.5842527e-01
  -2.9749906e-01   2.8877969e-01  -4.0959466e-01  -3.3077073e-03  -1.6782007e-02  -2.4060384e-01  -5.0905545e-02   1.2344126e-01   9.9881224e-02  -3.9020530e-01   1.1189955e-01  -1.7324013e-01  -8.5832199e-02   0.0000000e+00   2.7675366e-01  -3.7962424e-02  -2.8158476e-01  -1.4173425e-02   5.8953360e-03  -2.7738029e-01  -1.0850075e-02  -2.3712069e-01  -4.5922823e-01  -4.9504534e-02   7.1784078e-02  -9.4151140e-03  -2.3351087e-01   1.0874903e-01   2.5836877e-01  -3.5335234e-01   6.4162977e-01  -2.0292935e-01  -5.2263623e-02  -1.3281256e-01   5.6462442e-01  -4.1755070e-01   1.8324207e-01  -3.0511087e-01   8.0884772e-02  -2.7123585e-02   2.3143566e-02  -1.2520807e-01  -2.7648942e-01   5.1822251e-01   1.8097125e-01  -5.1898232e-01  -1.3329147e-01   2.4562482e-01   1.9881992e-01  -1.4500988e-01  -2.0467304e-01   3.8168619e-02   2.1551769e-01   2.4579236e-01   6.6004160e-01   1.6499354e-01  -8.5014953e-02  -2.8547780e-01   4.8927755e-03   2.7994068e-01  -4.5687300e-01   4.3646431e-02   2.4603108e-02   3.5600953e-01   6.4270757e-01  -4.8141360e-01   7.9998811e-02   3.0622277e-01   2.6006106e-01  -4.9123125e-01   4.3261210e-01  -1.3134526e-02   1.5938984e-01   1.7458792e-01   1.9301117e-01   2.1508998e-02  -4.9378070e-01  -8.8503639e-02   1.5170934e-01   1.6121711e-01   2.4849615e-01   4.2166195e-02   3.9880450e-01  -6.8300431e-02   2.3986249e-01  -1.7537284e-01   5.0861540e-01   4.0435547e-01   2.6806412e-01  -2.1256807e-01   1.8587543e-01  -4.3933990e-01  -8.6841310e-02  -3.0271070e-01  -3.6883533e-01   1.0998573e-01   6.5156467e-03   4.9095574e-02   7.1886420e-02  -2.7303249e-01   4.9005514e-01  -5.7559299e-02  -4.9913694e-02   1.9741896e-01  -1.0068075e-01  -1.9272140e-01   3.2034432e-03  -5.7323230e-02   4.4841431e-01  -1.1965470e-02   1.8960445e-01  -1.6794096e-01  -1.0553765e-01  -3.7494735e-01   8.6373533e-02   2.3853478e-01   1.1571648e-01  -5.2174509e-02   3.3352423e-01   9.2922686e-02  -4.3792845e-01   1.0958908e-01   1.3388296e-01   5.3743223e-01  -4.1306732e-01   6.4255554e-01   2.0719719e-01   8.1421415e-02  -3.6153295e-02  -2.2360563e-01  -1.5595655e-01   1.4435711e-01   1.6976454e-01   5.1626284e-01  -9.3880651e-02  -7.8369201e-02  -1.4034380e-01   5.2559514e-01  -2.7020524e-01  -4.0057184e-01   4.4299034e-01   5.4540177e-02  -1.7946850e-01  -8.5147714e-02   2.1082336e-02   4.2494025e-01  -2.6319924e-01  -1.4535337e-01  -4.1694538e-01   5.4703716e-01   1.9686685e-01   2.5016244e-01  -3.7481280e-01   4.3843673e-01  -9.9041995e-02  -2.5266423e-01  -5.5328531e-01   4.5135543e-02  -3.7260456e-01   1.8147429e-01   8.5688645e-02  -3.3853052e-03  -2.5851138e-01   1.0838078e-01  -2.2530510e-01   1.8378344e-01  -2.4558188e-01   3.3158192e-01  -2.9590327e-01   1.0750526e-01  -1.9593147e-01  -3.4643421e-01   3.9380338e-01  -1.6243947e-01  -1.9021013e-02  -1.8791646e-01  -2.6627823e-01
