   0.0000000e+00  -3.6781024e-01  -1.7426995e-01  -4.8684512e-01   2.7881127e-02  -4.3340501e-01  -4.8804086e-01   8.6747414e-04   1.0865062e-01  -2.6944576e-01   1.2597064e-01  -3.1627211e-01   5.4381415e-02   5.5301331e-01  -3.2056643e-01  -1.2421983e-01   1.1835233e-01  -3.3333346e-01  -3.2229102e-02  -1.2175294e-01  -5.0389320e-01  -5.3083589e-01  -4.7921008e-01   8.3968458e-01  -1.6533741e-01  -1.2184289e-01  -2.7004769e-01   5.0571427e-01   5.9703013e-02  -3.1978196e-01   4.3066948e-03  -2.2198653e-01  -1.6920218e-02  -5.3897231e-01  -3.4574083e-01  -1.3174741e-01  -1.1069051e-01   8.4230910e-01   5.1210360e-02  -2.2580667e-01   6.8140953e-02   1.5941214e-01  -2.5925492e-01  -1.5577597e-02  -2.7685722e-01   5.3149462e-01  -2.1277374e-01  -3.9048035e-01   1.5130249e-01  -1.2644191e-01  -3.9517672e-01  -2.9148186e-02   7.1019644e-02  -1.1508109e-01   1.0386728e-01  -3.3153156e-01   1.2536155e-01  -2.1278062e-01  -8.4838374e-02  -3.6883300e-01   3.5658367e-01  -2.7779070e-01  -5.4047862e-02   3.9422220e-01   2.1404910e-01  -4.3234975e-01  -4.6735619e-01  -1.2554006e-01  -4.5817384e-01   9.7250552e-02  -8.6862888e-02  -3.1908213e-01   1.7610042e-01   2.4990317e-01  -2.2207918e-01   1.9520160e-01   4.1329767e-01  -1.7094658e-01  -3.8664266e-02  -1.8975428e-01   2.0927631e-02   1.0484420e-01  -2.1997906e-01  -1.7426149e-01   7.4774082e-01   3.4546462e-01  -4.7007596e-01   5.5583645e-01  -2.9950652e-02   9.0785493e-01   3.0261047e-01   3.7595106e-01   1.7420518e-02  -2.2583752e-01   7.0680938e-01   3.7054512e-03  -7.5179587e-02  -2.5989200e-01  -1.1177647e-01  -5.0308653e-01   6.8576084e-01   2.2180957e-01  -1.0637400e-01  -2.8885930e-01  -3.5940365e-01  -2.7483082e-01  -2.2752344e-01  -3.1226503e-01   1.6443368e-01  -5.4466949e-01  -3.1544388e-01  -4.5041479e-01  -3.3798972e-01   8.0468077e-01   4.7312819e-01   2.4222500e-01  -2.3193768e-01   1.7387777e-01  -1.2979947e-02  -4.0748712e-01   7.5699765e-01   1.0518420e-01  -9.6332011e-02  -9.8168347e-03   5.8127416e-01   5.7846928e-01  -2.0840001e-01  -2.7626466e-02  -3.3700699e-01   8.0197720e-02   2.1367228e-01  -2.7238701e-01   7.0513036e-02   1.1518516e-01  -1.9587693e-01   1.6856182e-01  -4.7498679e-02   4.7752527e-01   8.2100141e-02   7.8765459e-01   7.4017318e-01   5.1241248e-02   2.1010347e-01  -3.8609280e-01  -2.2097626e-01  -1.8615747e-01  -4.6717825e-01  -3.2252526e-01  -4.1704986e-01  -3.9122769e-01   8.5375311e-01  -4.5985371e-02   6.3099616e-01   3.5682748e-01  -6.6428802e-02   8.3708885e-01   5.6226332e-01   1.4297340e-01   3.4173354e-01  -1.3441375e-01  -1.2028811e-01   2.1419837e-01  -1.2006827e-01  -1.1002601e-02  -4.2376879e-01   6.8112361e-02  -2.0597494e-02   9.4016761e-02   5.6676266e-01  -9.5469067e-02   1.6668037e-01   4.7209808e-01  -1.0690438e-01  -2.0557334e-01  -2.2176131e-01  -7.6616296e-02  -4.8113878e-01
  -3.6781024e-01   0.0000000e+00   1.8019293e-01   1.1757340e-01   3.4400044e-01   1.7105983e-01  -1.9254225e-02   2.4879645e-02   4.7254214e-02   1.2654435e-01  -2.1835927e-01   5.0647723e-01  -1.3561941e-01  -5.6555365e-02  -1.0905681e-01   2.4738299e-01   2.2690186e-01  -2.6276519e-01   2.0483255e-01   2.1635727e-01   1.3823354e-02   2.1646643e-01  -1.3609632e-01  -3.9892680e-01   2.4264301e-01   3.2278455e-01  -5.3671561e-02  -1.2632568e-01   1.0657360e-01   4.2495815e-02   1.0934700e-01   1.2822260e-01   2.1258055e-01   2.7220350e-01   1.8388437e-01  -1.3277219e-01   1.2339564e-01  -4.0295434e-01   1.5118115e-01   2.3525145e-01   2.2788608e-01   1.5472003e-02   4.7979131e-01   1.2804817e-01  -1.8336152e-01  -5.2629573e-01  -1.3288604e-01   2.1716727e-01  -1.1808201e-01   4.0582378e-01  -1.8323293e-01   1.5693222e-01   1.7768196e-01   3.9570314e-01   1.6809057e-01   6.9417535e-02   8.4107207e-02  -4.0258313e-02   1.9651496e-01  -7.9587438e-02  -3.9588574e-01  -6.8990173e-02   4.4064199e-01  -1.4027038e-01  -8.4627924e-02  -1.0013814e-01   3.0638016e-01  -1.5486285e-01   2.2710573e-01  -4.0614459e-01   6.2067498e-01  -2.2413877e-01   1.8483446e-01  -5.5558199e-02   2.9239473e-01  -1.4589291e-01  -4.6347297e-01   8.2156329e-02   2.3014959e-01   3.5681142e-01  -1.3943599e-01  -5.1041293e-03   4.8068027e-01   3.2253888e-01  -2.0119113e-01  -1.8514169e-01   2.7457462e-01  -1.0544817e-01   5.2419044e-01  -3.0830565e-01   1.6246414e-01  -2.3369646e-01   4.4733457e-01  -9.1154303e-02  -4.6121976e-01   3.8676315e-01   2.8358037e-01   2.1637470e-01   8.9260529e-02  -2.9336849e-02  -2.0186630e-01  -1.6920295e-01   9.0396930e-03   3.2608047e-01  -9.2966709e-02   2.0312603e-01   5.1643842e-01   1.7969618e-01  -5.0888189e-02   3.5995124e-01   3.3767543e-01  -1.4783273e-02  -1.1887911e-01  -4.7178994e-01  -2.9905017e-01   3.3923949e-01   1.9502293e-01   1.0585765e-01   4.8705476e-02   1.3789001e-01  -5.6051894e-01   2.8575826e-01   3.8691178e-01   1.6514107e-01  -4.9412496e-01  -4.5123255e-02   6.4327792e-03   1.9709585e-01   2.5154611e-02  -3.0914274e-01   3.1990149e-02   4.3186981e-02   1.7892633e-01  -1.6295795e-01   3.4878957e-01  -2.0541729e-01   3.4496337e-01  -2.0993253e-01  -7.1324808e-02  -3.4112329e-01  -4.0550202e-01  -2.0995412e-01  -2.3784015e-01   1.2719913e-01  -5.9785886e-02  -1.1743121e-01   2.0687704e-01  -3.2707832e-02  -1.2561960e-01  -7.1476691e-03  -3.5562262e-01   3.8876202e-02  -1.9675216e-01  -1.5732662e-01   6.0713842e-01  -3.7478872e-01  -4.9691635e-01   2.1509045e-01  -1.3046709e-01   5.2683619e-02  -5.7879670e-02  -2.5623933e-01   3.7421193e-02  -1.9466901e-01   2.2963006e-01   3.1728843e-02  -3.4247047e-02   6.2122544e-02  -1.3199458e-01   6.6307876e-01   7.5105795e-02  -4.0869302e-01  -3.7500695e-01   2.9214653e-01   3.6495268e-01  -3.3444240e-02   2.7953737e-01
  -1.7426995e-01   1.8019293e-01   0.0000000e+00  -8.0021945e-02   3.6862005e-02   6.8682262e-01   1.9653522e-01  -1.7705898e-01  -3.0276230e-01   5.3194904e-01   6.4198724e-03   5.6916366e-01  -1.7660504e-01  -2.1740217e-01   6.7904035e-02  -1.0528864e-01   7.6881890e-01   1.1265802e-01   4.0076932e-02   3.4063879e-01   2.0700996e-02  -7.1929816e-02   2.1161231e-01  -2.3376875e-01  -3.2072670e-02  -1.3220180e-01   3.6150378e-01  -3.5889144e-01   7.1111802e-02  -1.8657390e-01  -1.4143848e-01  -1.3917176e-01   2.7817053e-01   3.2568578e-01   2.0213488e-01   1.5520825e-01   3.9887170e-03  -1.1490831e-02  -2.8691618e-01   4.9512193e-01  -2.0943777e-01   2.0437759e-01   2.7469509e-01  -4.1064377e-02   3.8733456e-03  -2.6423131e-02   1.4611544e-01   3.0526293e-02  -2.8947798e-01   6.8023627e-01   1.7817746e-01  -2.0714423e-01  -3.1850022e-01   4.6174108e-01   1.9060120e-01   9.9882297e-02   5.1183683e-02  -8.8042873e-02  -3.8975362e-01   1.9745208e-01   2.5863786e-02  -2.7392263e-02   1.2603405e-01  -4.8020563e-01  -4.8796465e-01   2.8668982e-01   5.3263612e-01   1.4950397e-01   8.2837823e-02   4.7492605e-01   2.6950633e-01   1.2472608e-02  -4.7658916e-01   3.6375474e-03  -9.8019295e-03  -2.0245122e-01  -1.7210835e-02  -2.9020673e-01  -9.8100509e-02  -1.4966002e-01  -2.3010664e-01  -4.0279971e-01  -6.6537814e-02  -1.5904863e-01   1.0661279e-01  -2.6200007e-01   2.5574392e-01  -1.3218269e-01   2.7132047e-02  -1.4107711e-01  -3.7503251e-01   3.5224447e-01   3.0198872e-01   1.1763329e-01   3.7158550e-02   3.0739561e-01  -1.8953771e-01  -6.3081734e-02   2.4617988e-02   1.7512254e-01   9.3493908e-02   1.8803044e-01  -1.5211336e-01   3.8687194e-02  -6.6149919e-02  -2.9030743e-03   4.3809445e-01  -7.0127314e-02  -2.8761372e-01   4.6377580e-01   2.9366970e-01   2.0611901e-01  -4.0890092e-02  -1.1260217e-01  -1.9307433e-01  -3.3962474e-01  -1.4395166e-01  -2.7494727e-01   2.8455898e-01  -1.4751187e-01  -1.7837044e-01  -7.7607769e-03   2.3056346e-01  -2.1897437e-01  -4.8735702e-02  -4.3918797e-01   9.2066252e-02   2.6541700e-01   1.3016686e-02   5.2732887e-01  -4.0081472e-01  -4.2881132e-02  -4.9872239e-02  -2.2312694e-01   1.7220386e-01  -3.0505033e-01  -6.4258978e-02  -1.9345440e-01  -2.2702310e-01  -5.5508878e-02  -2.4805628e-02  -1.0951695e-01  -5.8148301e-02   8.1213465e-01   3.1959412e-01  -2.4160374e-01   4.9526952e-01  -3.3918115e-02   2.2595965e-01  -9.1056040e-02  -1.5765175e-01  -3.4323882e-01   2.0249420e-01  -3.0493333e-01   4.4726344e-01  -6.4131738e-02  -1.6298602e-01  -3.2260965e-01   4.7347314e-01  -2.5435735e-01   1.2288906e-01  -2.7540612e-01   5.0994873e-02  -3.7228916e-01  -6.1595140e-02   1.2305354e-03   6.1089893e-02  -1.3538281e-01   1.9733470e-01  -1.4128864e-01  -2.8503222e-01  -2.3344533e-01  -1.4807534e-01   7.0154578e-01   6.8923045e-02   2.4526157e-01  -4.6993290e-02
  -4.8684512e-01   1.1757340e-01  -8.0021945e-02   0.0000000e+00  -8.6436396e-02   2.6675217e-01   3.3085030e-01  -7.2533304e-02  -1.3061611e-01   8.4191694e-03  -1.8527943e-01  -1.2842743e-01  -6.6700657e-02  -5.0859035e-02  -7.4510196e-02   8.8646482e-02  -3.2748837e-01   2.4346257e-01   8.1617029e-02   4.2628528e-02   2.5421573e-01   5.6134437e-01   3.2783333e-01  -2.7073332e-01   1.4543705e-01   5.6970360e-02   7.4181212e-02  -2.2917079e-01  -1.1653420e-01   6.5923034e-02  -3.0705867e-01   2.3702863e-01   9.7202532e-02   2.0704415e-01  -3.8739865e-02   6.1553353e-02  -5.3808806e-02  -4.2627321e-01  -1.3572752e-01  -8.6065850e-02   2.1322051e-02   9.2539349e-02  -1.1122304e-01  -3.9327873e-02   1.1801213e-01  -2.9556321e-01   2.7177156e-01   1.6162435e-01  -1.7184143e-01  -2.4985771e-01   4.7576854e-01  -6.9107244e-03  -8.9409901e-02  -6.2979019e-02  -1.6869261e-01   3.9221032e-01   4.5953509e-02   3.7203259e-01   2.5646521e-01   1.4466995e-01  -2.8358271e-01   7.2856808e-02  -2.9531947e-01  -4.2594104e-01  -3.0073417e-01   4.1533794e-01   3.0054020e-01   1.7431224e-01   4.2330554e-01  -1.0839427e-02  -1.5203720e-01   5.0516970e-01  -1.1978775e-01   6.8663406e-02   9.2749619e-02  -1.0009260e-01  -2.3146123e-01   1.5923039e-01  -8.3754297e-02   2.1616925e-01   2.7312072e-01   1.3807974e-02  -9.8569604e-02   7.6762509e-02  -4.7688324e-01  -1.7949367e-01   8.4908885e-02  -1.4759811e-01  -4.3265991e-01  -4.2244771e-01  -2.1970039e-01  -1.9617214e-01  -3.7399121e-01  -1.2960216e-01  -3.6553585e-01  -8.6690220e-02   3.9428119e-01   2.7709487e-01   1.6406229e-01   4.9289322e-01  -4.6515098e-01  -3.5180464e-01   3.0183346e-01  -8.3407784e-02   5.3413490e-01   3.5130240e-01   7.2438509e-02   2.9068202e-01  -1.9338018e-01   2.1396415e-01  -1.9141407e-02   5.4791234e-01   5.7511309e-01  -4.1658586e-01  -1.3157085e-01  -2.1306781e-01   3.3783870e-01  -1.9253242e-01  -4.4594627e-02   8.1707243e-01  -3.8583132e-01  -2.8733139e-01  -1.6179693e-01  -1.9715585e-01  -3.2486359e-01  -1.5209677e-02   1.1294530e-02  -3.1275123e-02   3.4840400e-01  -1.5894923e-01  -1.2909722e-01  -3.1742655e-03   2.6110389e-01  -2.8436698e-01   3.2077188e-03  -1.0037690e-01   1.2704838e-01  -3.4507870e-01  -7.1204322e-02  -3.6048131e-01  -2.1848503e-01  -2.2247938e-01  -1.2908695e-01   1.1183620e-01   1.8353731e-02   3.5604641e-02   1.3009384e-01   1.6257009e-01   3.8253650e-01   2.6118840e-01  -4.9349672e-01   9.9494765e-02  -3.1028062e-01  -2.1825828e-01  -2.8416550e-01  -3.4816612e-01  -3.4343778e-01   1.5806933e-01  -2.7134107e-01   4.0148553e-01   2.3071730e-01  -1.4789247e-01  -3.6641120e-02   8.2069827e-02   5.1654974e-01  -1.9053122e-01  -2.2077637e-03  -1.4255664e-02  -3.4511031e-01  -8.5972942e-02  -2.4000396e-01  -3.0322130e-01   1.6281284e-01  -8.2483414e-02   1.3495319e-01   7.9327380e-02   3.4451337e-01
   2.7881127e-02   3.4400044e-01   3.6862005e-02  -8.6436396e-02   0.0000000e+00  -2.2219369e-01  -1.4157108e-01  -2.1313676e-01   1.6671657e-01   1.1668761e-01  -3.9410399e-02   2.2537364e-01   1.2103896e-01   9.7587687e-02  -3.4417408e-02   4.7185989e-02   2.8262631e-01  -1.8905529e-01   7.1710042e-02   7.8545484e-01  -2.6999229e-01  -3.0684722e-01  -1.9854338e-01  -7.5921820e-02   1.8183039e-01   2.9468714e-02   3.7284868e-01  -6.3044634e-02  -2.2995485e-01   4.2259859e-02   1.6034321e-01  -2.6101916e-01   1.4630125e-01  -4.1339300e-02   2.0657948e-01   4.3123738e-01   1.7299998e-01  -6.2748519e-02   8.0239314e-02   4.8347870e-01   2.2579237e-01   1.0802133e-01   3.6347040e-01  -1.8002691e-01   1.4324153e-01  -3.3708156e-01  -8.3400740e-02   6.0653765e-02   2.2045157e-01   3.6300310e-01  -3.4793956e-01  -1.5534478e-01   3.8630136e-01   1.0980506e-01   6.3340763e-02  -3.8290583e-01  -3.2821306e-01  -2.9689041e-01  -9.5921308e-02  -2.9326600e-01  -3.4400432e-01   2.3588372e-01   3.8103665e-01   9.3919205e-02   3.1275072e-01  -8.9476277e-02  -6.7370582e-02   2.5434088e-01  -2.1693901e-01  -4.1671379e-01   3.3369247e-01   2.5774502e-02   2.6827015e-01  -3.4676748e-01   1.7446740e-01  -5.2687277e-03  -2.6540617e-01   3.1755022e-02   6.1549170e-01   1.8598646e-01  -2.8416984e-01   1.2601913e-01   1.2841804e-01  -9.1233703e-02  -1.6897705e-01   1.7255821e-02  -1.6727204e-01   1.6039307e-01   1.7654662e-01   1.3921657e-03   5.9068484e-01  -9.0744500e-02   5.4687988e-01   1.9689327e-01  -2.9810357e-01   7.5743203e-01   1.0587136e-01  -1.0118030e-01   5.0309697e-01  -1.5709264e-01  -1.7330277e-01  -1.2218558e-01  -8.8497446e-02  -1.0966935e-01  -3.1324522e-01  -1.9057003e-01   1.5644827e-01  -9.9186001e-02   2.5502287e-01  -6.5338188e-02   1.6970286e-01  -3.2192017e-01  -1.5808753e-01  -2.3608620e-01  -1.9344892e-01   6.0629333e-01  -1.0396516e-01   1.9019763e-01  -4.6514257e-01  -1.8980614e-01  -3.0305412e-01   7.5093636e-01   2.0636453e-01   1.8957383e-01  -2.7562650e-01   1.3110907e-01   3.3021517e-02   1.3190927e-01  -2.7001620e-01  -1.2398085e-01   1.1616034e-01   2.1473618e-01  -2.0836955e-01   1.9309601e-01   1.8434606e-01  -7.9924358e-02   2.0037340e-01  -1.3635209e-01  -1.4957284e-01  -7.5391423e-02  -2.9195734e-01  -1.0310210e-01  -1.7083123e-01  -1.1344826e-01  -1.4016255e-01  -2.2567442e-01  -1.0668181e-01   1.8726034e-01  -2.1619880e-01  -2.2206400e-01  -8.6241835e-02  -1.1429684e-01  -1.6609683e-01   1.8923903e-01   5.7345252e-01  -1.1661071e-01  -4.4475267e-01  -9.4882384e-02  -5.0733548e-02  -1.7261089e-01   1.6203783e-01  -2.3802379e-01   3.2195144e-01  -8.5198768e-02  -1.9412000e-01   3.7176382e-01   1.1033366e-01  -3.4022099e-01  -2.1981791e-01   4.3141117e-01   4.3847804e-01  -3.4186441e-01   1.3718124e-01  -2.2149226e-01   8.8068268e-02   2.2841019e-01  -2.4123898e-01
  -4.3340501e-01   1.7105983e-01   6.8682262e-01   2.6675217e-01  -2.2219369e-01   0.0000000e+00   4.8271901e-01   4.9848547e-02  -3.5444618e-01   3.8083646e-01  -9.9899527e-02   4.7818280e-01  -2.4036123e-01  -2.9998168e-01   1.4300738e-01   1.7997550e-01   2.8783445e-01   2.6755170e-01   2.5107753e-01   1.2255621e-01   3.0850830e-01   3.1450028e-01   4.2400298e-01  -3.4346035e-01   1.0944512e-01   9.6648292e-02   4.0671163e-01  -4.0732165e-01   1.9542400e-01   6.8591949e-02  -2.5980771e-01   1.4434794e-01   9.6368643e-02   4.8737655e-01   2.1458903e-01   6.1280490e-02   2.5337754e-02  -2.5533077e-01  -2.2295252e-01   3.0794792e-01  -1.7844637e-01   1.1182626e-01   1.6081115e-01  -1.8651381e-02   1.8055611e-02  -1.4746621e-01   2.6968384e-01   1.9911397e-01  -3.6735993e-01   2.9576585e-01   4.5549219e-01   1.7526108e-01  -2.5610000e-01   2.6141026e-01   4.6465704e-03   4.2434640e-01   2.3895702e-01   2.3708057e-01  -6.3534127e-02   3.7704110e-01  -7.6887921e-02  -9.9700205e-02  -1.6482656e-01  -5.5446155e-01  -5.4615742e-01   5.2119324e-01   8.2896046e-01   8.5494340e-02   4.2370715e-01   4.6035175e-01   2.0862330e-02   1.6276017e-01  -5.0935172e-01   2.1921420e-01   5.0093887e-02  -1.5878487e-01  -1.0172037e-01  -7.2444926e-02  -1.9910530e-01   1.5494174e-02   8.7425149e-02  -4.2607021e-01  -1.5042777e-01   1.4825938e-01  -1.4999587e-01  -2.6737034e-01   2.2577808e-01  -3.4161327e-01  -7.6089653e-02  -2.9931370e-01  -5.0830382e-01   1.0166930e-01  -1.2071725e-02   3.1100888e-02  -1.3079014e-01  -2.4670777e-02  -2.1043025e-02   3.5994093e-01  -1.3810574e-01   4.3587629e-01  -1.5420271e-01   1.7837620e-01   1.1759227e-01   1.8729047e-01   3.2049633e-01   2.7668745e-01   3.3633470e-01   3.7498423e-01  -2.4016886e-01   5.6326533e-01   2.5800199e-01   5.9681468e-01   1.6664933e-01  -2.8537013e-01  -3.2270516e-01  -4.4090587e-01   1.4813670e-01  -2.6096768e-01   2.4743212e-01   2.4410346e-01  -3.8242834e-01  -3.2959413e-01   1.4255835e-01  -2.5493180e-01  -1.6016338e-01  -5.0583294e-01   6.0503786e-02   1.8198921e-01   2.4964290e-01   2.4527190e-01  -2.8809062e-01  -5.1894448e-02   3.0970600e-02  -3.6502791e-01   1.0909563e-01  -1.7519786e-01  -4.1537691e-02  -2.9435357e-01  -2.7570832e-02  -3.1207164e-01  -7.6608105e-02  -1.9483556e-01  -5.4686934e-02   7.0831258e-01   2.8363996e-01   2.2383895e-02   4.5187925e-01   1.4673992e-01   4.9831078e-01   1.7751500e-01  -3.8054646e-01  -1.2500170e-01  -7.4084702e-02  -4.3197328e-01   1.1855493e-01  -2.8459924e-01  -1.7042333e-01  -1.4532739e-01   1.2883966e-01   1.1760142e-01   1.2790506e-01  -2.4465220e-01  -6.9408973e-02  -2.5976412e-01   3.2679984e-01  -1.2753632e-01   1.5097121e-01   1.0927256e-01   3.8759345e-02  -1.8044006e-01  -3.2748648e-01  -3.8165858e-01  -1.4148057e-01   6.6503862e-01   1.7128264e-01   1.2635944e-01   3.1524874e-01
  -4.8804086e-01  -1.9254225e-02   1.9653522e-01   3.3085030e-01  -1.4157108e-01   4.8271901e-01   0.0000000e+00  -9.0703680e-02  -2.9243129e-01   4.8966881e-01  -3.6146406e-01   1.6767355e-01  -1.4124838e-01  -3.0208951e-01   4.4637328e-01   1.5958819e-02  -2.5870134e-01   2.9858472e-01  -4.1494409e-02   8.2337825e-02   6.5585348e-01   3.4084106e-01   7.4301645e-01  -3.2574436e-01   1.5330988e-02  -1.1336734e-01   5.2451663e-01  -4.7502542e-01   1.3081922e-01   3.9372366e-01  -2.3452989e-01   5.1021997e-02  -1.7963459e-01   6.5143382e-01   5.8028241e-01   1.9936815e-01   1.4772489e-01  -4.6985112e-01  -4.2373140e-01   2.6244498e-01  -2.5685730e-01  -6.5112150e-02  -2.5120230e-02  -2.4640876e-01   2.0353476e-01  -2.8244421e-01   9.9567106e-02   6.2500534e-01  -1.6463249e-01  -2.2846832e-01   4.2642252e-01  -1.7080805e-01  -6.0444579e-02  -2.0816004e-01  -3.4327533e-01   2.8214863e-01  -2.0105024e-01   1.1072594e-01  -4.8866282e-02   3.5050547e-01  -3.2369567e-01   1.5874454e-01  -4.9656044e-01  -4.5801038e-01  -3.3007350e-01   6.9490740e-01   4.0385474e-01  -1.2449050e-02   2.0686931e-01   2.5049643e-01  -1.5739917e-01   3.2083235e-01  -4.0998532e-01  -6.4607400e-02  -1.1444179e-01  -3.2455452e-01  -3.0177293e-01  -1.1228675e-01  -1.0209242e-01  -1.0958383e-01   2.1005476e-01  -2.1486730e-01  -6.2990263e-02  -2.3521929e-02  -4.7258903e-01  -3.8602052e-01   1.6597457e-01  -3.5617724e-01  -1.8944968e-01  -4.5569935e-01  -4.9497574e-01  -3.6433386e-01  -2.0685108e-01   1.6812187e-01  -3.9266155e-01  -2.7272002e-01  -1.6323317e-01   6.2583341e-02  -4.5850211e-02   7.6820669e-01  -4.0289481e-01  -1.9364469e-01   2.3127813e-01   1.0654928e-01   5.5132340e-01   9.8580513e-02  -2.0129539e-01   9.9624990e-02  -1.2049456e-01   3.2835965e-01   4.1222113e-01   4.3066905e-01   1.8529034e-01  -3.9530382e-01  -1.6872982e-01  -4.9489730e-01   4.2028158e-02  -3.3594471e-01   1.1218905e-01   2.7204004e-01  -5.1240056e-01  -4.1531139e-01  -1.0302717e-01  -1.9028478e-01  -3.0802025e-01  -3.4863618e-01   3.0573059e-01  -1.3190203e-01   1.1190323e-01   3.0220089e-01  -4.0350383e-01   1.3613622e-01   2.2549374e-02  -3.6639624e-02  -2.5200232e-01  -2.7155927e-01  -2.7169686e-01  -2.4365714e-01  -1.5924317e-01  -4.3252999e-01  -2.4698799e-01  -5.8192473e-02  -2.6665210e-01   5.4290252e-01   3.8050486e-01   3.3368337e-01   6.5179382e-01   5.1897681e-01   5.0389625e-01   6.3943487e-01  -5.6382385e-01   9.8729567e-02  -4.9259851e-01  -4.3455116e-01  -2.0639261e-01  -4.1988829e-01  -4.2977583e-01  -2.8657190e-01  -4.3275918e-01   2.0570474e-01   2.6593429e-02  -2.5404157e-01   2.3843127e-01  -1.3065466e-02   1.8060593e-01  -9.3580306e-02   2.7322658e-01  -2.1616562e-01  -4.0167729e-01  -2.6199692e-01  -6.3429619e-02  -3.5117349e-01   9.4096475e-02   1.4300296e-01   1.9950202e-02  -1.0551277e-01   2.0153777e-01
   8.6747414e-04   2.4879645e-02  -1.7705898e-01  -7.2533304e-02  -2.1313676e-01   4.9848547e-02  -9.0703680e-02   0.0000000e+00   1.8406231e-01  -1.8945454e-01   2.7335048e-01  -4.2720801e-02  -4.4037258e-02   1.6623986e-02  -3.0587107e-01   3.5640891e-01  -1.4133132e-01   3.2915432e-02   3.2889709e-01  -3.5049316e-01  -1.9969655e-01   3.6914184e-01  -2.3069439e-01   2.7689131e-02  -3.5648168e-01   4.6998007e-01  -1.3051520e-01   3.8154383e-01   2.2244550e-01   8.9495964e-02  -2.3865604e-02   6.5354066e-01  -2.0749539e-02  -9.0500211e-02  -3.5303382e-01  -2.3272059e-01   1.3429821e-01  -4.1073573e-02   4.1496517e-01  -2.5950561e-01   8.9836712e-02  -5.9605718e-02   4.3210694e-02   3.0039603e-01  -3.0189258e-01  -5.9362464e-02   1.7284894e-03  -5.4658053e-02  -1.4700240e-01  -1.9945429e-01   1.1838993e-01   7.9737172e-01   2.0058302e-01   4.3071886e-02   4.3470890e-02   2.8462298e-01   4.0549970e-01   6.2583360e-01   5.1256434e-01   3.2231503e-02   3.7186489e-02  -2.2089698e-01   6.8027480e-02   2.5970042e-01  -3.6300860e-03  -1.7664695e-01  -7.5701157e-03  -5.0701812e-02   3.8333728e-01  -1.1843372e-01  -5.2361641e-02  -1.7487438e-01   3.7621227e-02   3.4807638e-01  -7.7830327e-02   4.3445105e-01  -8.8379911e-02   1.2096829e-01  -9.9617315e-02   3.7603665e-02   4.1055253e-01  -1.4878279e-01  -4.7789725e-02   5.4314503e-01   1.3822032e-01   4.3590173e-01  -8.8353718e-02  -6.2946188e-02   2.2171003e-01   7.6845207e-02   2.0411351e-01  -1.2801896e-01  -1.1343932e-01   8.6020936e-02  -4.6750631e-02  -2.8361066e-01  -1.2135845e-01   3.5027748e-01  -3.9087256e-01  -1.7371909e-01   4.9942212e-02   5.2628767e-01   2.2586495e-01   3.2515558e-01   3.2525045e-01   5.8690889e-01   1.0369123e-01   4.0943754e-01   5.3977936e-02  -7.6764690e-02  -2.1202066e-01   2.2911223e-01  -6.8613951e-02   6.4426961e-02  -2.9048804e-02   1.9054645e-02   4.4372848e-01   3.2116437e-01   7.9340269e-03   2.4779238e-01  -5.2109551e-02  -8.5213332e-02  -1.0378895e-02   3.3119044e-02   1.7087479e-02   7.5110034e-02  -2.7365539e-01   3.0429323e-02   6.0166844e-01  -3.5012354e-01   2.4959263e-01  -1.2669800e-01  -6.4797135e-02  -1.1451830e-01   2.5537717e-01   5.6851039e-01  -1.5227696e-01   3.9133055e-01   7.5104154e-01  -1.7206513e-01   1.1239802e-01   2.5328288e-01   4.6932664e-01  -1.6092731e-01  -2.6388009e-01   2.7520338e-01  -3.1423818e-01  -1.2632496e-01  -9.0630770e-02  -1.2168311e-01   1.5491128e-01   4.1157324e-01  -7.2281842e-02   8.1922372e-02   2.8615513e-02  -1.0688928e-01   1.3710351e-01   3.1957943e-01  -5.5380260e-02   3.8530434e-01  -1.0055905e-01   4.4786089e-01  -1.2204437e-01   1.8089352e-01   4.4494622e-01  -1.4148065e-01  -2.0080607e-01   3.9991753e-01  -9.0378875e-02   7.8972990e-02  -5.8537087e-02  -1.7200149e-01  -1.8919048e-01   2.3120222e-01  -1.3226924e-01   1.8474566e-03   3.2429319e-01
   1.0865062e-01   4.7254214e-02  -3.0276230e-01  -1.3061611e-01   1.6671657e-01  -3.5444618e-01  -2.9243129e-01   1.8406231e-01   0.0000000e+00   2.7606796e-02   2.2619815e-01  -1.4275433e-01   2.2239977e-01  -4.2086981e-02  -1.4940805e-01  -3.4054933e-02  -1.0632397e-01   1.8457548e-01   9.9390492e-02   9.8011210e-02  -1.6834254e-01   4.4673488e-02  -1.8104541e-01   2.2733955e-03  -3.4574802e-03   6.3595883e-02  -6.2109573e-02   2.7551871e-01  -5.7944980e-02   2.6013594e-01   3.8585002e-01  -1.8719104e-03  -1.0089264e-01  -1.8762705e-01  -9.1692016e-02   1.8316323e-01   4.0917422e-01   2.1919097e-02   2.7431998e-01   8.2212076e-02   3.9267656e-01   1.7275246e-03   1.4426764e-01  -7.0457398e-02   1.7849115e-02  -8.9362451e-02   1.3207621e-03   4.1928286e-02   2.9877366e-01  -7.4540118e-02  -9.6786025e-02   1.8888284e-01   2.3077555e-01   8.7024031e-04   1.3449515e-01  -2.6880392e-01  -3.7190048e-02  -1.5558182e-02   2.8030867e-01  -2.5617141e-01  -7.3969674e-02  -4.3768042e-02   3.3108401e-01   5.0945680e-01   5.3554048e-01  -1.8655393e-01  -2.5505273e-01   4.0863133e-02  -1.6518916e-01  -2.7034733e-01   1.2021941e-01  -6.3209125e-02   2.7690060e-01  -1.0143051e-01   1.0863966e-01   1.1391907e-01  -2.1284406e-02   2.6737167e-01   1.4214696e-01   2.7311124e-02  -1.5702137e-01   3.1633945e-01   1.0243574e-01   2.0112807e-01   2.3697491e-02   1.0331346e-01  -1.6037858e-01   2.7461322e-02   1.9534390e-01  -6.7065968e-03   4.5160993e-01   1.7558100e-02   5.1915452e-02   3.6503488e-01  -8.8367373e-02   1.6972159e-01   5.2498699e-02  -1.7164105e-02  -1.5817811e-02  -2.5128903e-01  -2.8114355e-02  -1.1898469e-01  -1.7816254e-01   2.7615860e-01  -2.4644303e-01   1.0749792e-02   2.6908524e-02   1.6049276e-02   2.4285048e-01  -2.3501857e-01  -1.2888572e-01  -3.4549035e-01  -1.2180679e-01   1.4445212e-03  -1.0721855e-01   3.7592163e-01   3.0359035e-02   4.5439380e-01  -3.6211213e-01  -6.8437135e-02   5.5804881e-02   1.9330115e-01  -6.7175839e-02   4.1722376e-01  -4.3154275e-02   5.2430713e-02   7.7282560e-02  -4.8269102e-02   4.9975958e-02  -2.2345704e-01   3.3988581e-01   9.1009967e-02   6.6119162e-02   4.6180083e-01   1.7151216e-01   2.9271389e-01   8.9541545e-03   1.8992751e-01   2.1871658e-01  -6.5471643e-02  -1.0355011e-01   1.8573633e-01  -1.2494621e-02  -3.7922527e-01  -3.2395414e-01   3.5753899e-02  -2.6327093e-01   5.5860528e-02  -3.0830382e-01  -5.9206661e-02   1.6311106e-01  -2.5796942e-02  -7.2221781e-02   5.0708103e-01   1.5676032e-01  -7.5764705e-02  -1.9198693e-02   2.8306589e-01  -6.8609021e-02  -1.0756394e-01  -1.1837564e-01   2.9815749e-01   3.3990038e-01   3.1752429e-01   1.1066767e-02   6.3368088e-02  -9.3572964e-02   8.4293902e-02  -1.5103843e-01   3.0798538e-01   1.7848430e-01  -4.7832936e-02   1.8383152e-01  -1.6361134e-01  -1.7780905e-02  -8.7738237e-02   1.2735291e-01
  -2.6944576e-01   1.2654435e-01   5.3194904e-01   8.4191694e-03   1.1668761e-01   3.8083646e-01   4.8966881e-01  -1.8945454e-01   2.7606796e-02   0.0000000e+00  -6.0380587e-02   3.4463187e-01  -7.9288716e-02  -2.6694605e-01   3.2596835e-01  -3.2896574e-02   2.7719649e-01   1.3803637e-01  -1.0252828e-02   3.7209254e-01   3.3970694e-01   2.7446728e-02   5.4592378e-01  -2.2941253e-01   4.6132542e-02  -3.1053877e-01   4.3297642e-01  -3.4204611e-01  -5.2957771e-02   2.0875506e-01   9.6840993e-02  -2.2876850e-01   3.0714645e-02   5.1783752e-01   4.3502112e-01   2.4604016e-01   2.7725610e-01  -1.5112854e-01  -3.7626930e-01   4.7871322e-01  -1.6576625e-01   1.0077208e-01   2.1029583e-01  -2.5298090e-01   4.1240110e-02  -1.5025828e-01   1.1006531e-01   4.8149939e-01  -2.4642798e-01   2.8159005e-01   1.5254979e-01  -3.1234154e-01  -1.2984908e-01   8.8368010e-02  -9.4927689e-03  -6.9602676e-02  -1.4593096e-01  -1.0167334e-01  -3.2909582e-01   1.3707349e-01  -1.5160567e-01   8.9624831e-02  -3.1749795e-02  -2.5931511e-01  -2.5411874e-01   4.8331701e-01   3.4633731e-01   6.1817602e-02  -1.1797363e-01   2.8806010e-01   2.8002626e-01   9.8197039e-02  -4.1479858e-01  -1.6363542e-01  -1.1987558e-01  -1.9130761e-01  -1.5200558e-01  -1.3784984e-01  -5.2887619e-03  -1.8689916e-01  -1.1513718e-01  -1.0806407e-01   6.6484593e-02  -2.4320315e-01  -1.1411782e-01  -2.2505783e-01   9.3910869e-02  -9.0653492e-02  -2.8512040e-02  -2.5101053e-01  -2.2494216e-01   4.1000509e-02   1.9027705e-01   2.1602108e-01  -1.6459896e-01   2.2993263e-01  -6.8535401e-02  -2.4347750e-01   4.4398590e-02   4.2561877e-01  -6.7141745e-02   1.8792555e-02  -1.1777985e-01   1.6382877e-02   4.2855608e-02   7.0416509e-03   8.2033400e-02  -2.2992995e-01  -1.1106899e-01   3.1505752e-01   4.8797257e-01   9.3055163e-02  -5.3621585e-02  -1.9391815e-01  -2.0741336e-01  -1.8803928e-01  -2.8354797e-01  -1.2025744e-01   1.4456044e-01  -1.2416367e-01  -3.5448548e-01  -4.5995494e-02   1.5084032e-02   5.9930856e-02  -1.6199625e-01  -4.4476239e-01   4.8946530e-01  -3.4434702e-02  -1.0232878e-01   4.3517481e-01  -3.4927861e-01   1.0115478e-01  -1.4035318e-01   1.0866538e-01  -5.4124824e-02  -1.8499606e-01  -2.4360601e-01  -5.1038801e-02  -1.9776046e-01  -2.5905583e-01  -1.5207899e-01  -5.2221240e-02  -2.0508300e-01   6.1544260e-01   4.4414221e-01   2.4596069e-02   6.4796899e-01   3.1218857e-01   1.9949151e-01   2.7826405e-01  -2.3088943e-01  -1.7637994e-01  -1.6917785e-01  -2.0950956e-01   3.0086513e-01  -2.2967738e-01  -3.1681175e-01  -3.0702454e-01   7.9849617e-02  -1.9329826e-01  -6.1521413e-02  -2.1534682e-01   4.4724357e-01  -1.5769194e-01  -1.3595522e-01   3.7046417e-02   9.0775014e-02  -2.0382626e-01  -9.4891225e-02  -4.1813992e-02  -4.5242753e-02  -2.1977681e-01   2.5155902e-02   3.2032226e-01   7.5362748e-02  -8.8059036e-03   2.6772965e-02
   1.2597064e-01  -2.1835927e-01   6.4198724e-03  -1.8527943e-01  -3.9410399e-02  -9.9899527e-02  -3.6146406e-01   2.7335048e-01   2.2619815e-01  -6.0380587e-02   0.0000000e+00  -1.5119397e-01   1.3050431e-01   2.7556051e-02   1.4089306e-01   5.1049780e-02   2.4020020e-01   4.7624361e-01   1.2727798e-01   4.5616760e-02  -1.3600697e-01  -4.6623214e-02   7.8127811e-02   5.5907968e-02  -3.2182851e-01  -1.3094777e-01  -1.3044140e-01   1.9422929e-01  -1.7126700e-01   4.1734383e-02   3.1829191e-01   7.2677421e-03  -1.0327237e-01  -2.7838747e-01  -1.4555039e-01   4.0718970e-01   1.9733885e-01   2.5896176e-01   2.7359272e-01  -1.2904103e-01   2.1495856e-01   7.3442376e-02  -1.9532540e-01   3.5017526e-01   4.0648070e-01   2.6584564e-01   5.7100183e-01  -2.9575904e-01   2.2993156e-01  -1.1619663e-02   2.5651078e-01   1.5839616e-01   8.3598158e-02  -6.0547919e-02   4.3998168e-01   8.1254484e-02  -1.8749946e-02   3.6309550e-02   9.1578732e-02   1.7963053e-01   2.7274757e-01   3.9491791e-02   1.0024742e-01   4.4781260e-01   2.3319376e-01  -1.2484854e-02  -3.2744651e-02   1.3197801e-01   2.0501943e-01   1.5568844e-01  -1.2183309e-01   2.5448568e-01   1.7327997e-01   9.6935879e-02  -2.4173693e-02   2.0946752e-01   2.5860729e-01   1.8036290e-01  -1.1635428e-01  -2.7682346e-01  -7.4304163e-02   3.7469408e-02   4.8506522e-02  -2.2788200e-03   2.5425805e-01   2.0673545e-01  -4.5976309e-02   9.0621832e-02  -1.7259198e-01   1.3499742e-01   1.2491210e-01   2.0465369e-01  -1.0163599e-01   2.5067710e-01   2.4037882e-01   5.8106485e-02  -1.6554286e-01  -1.5435629e-01   9.7712873e-02  -7.3996430e-02   2.1005388e-01   4.8444472e-01  -7.9030748e-02   1.1520332e-01  -1.6393694e-02   6.5459776e-02  -2.9943366e-02   9.5451873e-02   2.1580389e-01   1.2635695e-01  -3.5493504e-01  -1.0501597e-02  -7.9459187e-03   1.8102675e-01  -3.8240453e-02  -7.9149746e-03   1.8688914e-01   2.3094390e-01   2.7498545e-02  -6.6446349e-02   1.9532715e-01   2.3558495e-01  -1.8969516e-01   1.7517925e-01   2.5331405e-01  -5.8726976e-02  -1.4967831e-01  -5.8298170e-02   1.1070828e-01  -1.8387732e-02   7.4793575e-02   4.0487848e-01  -3.5340367e-02   4.6361701e-01  -7.8360789e-02   1.9663268e-01  -2.5430446e-01   2.8288671e-01   1.9674695e-01  -1.1572421e-02   1.5610543e-01   2.0144084e-01   5.5021864e-01  -1.5153080e-01   2.5181345e-02   1.4338260e-01  -4.2579748e-01   1.2893284e-01   1.4933691e-01  -1.3637284e-01   2.5557362e-01  -1.1366551e-01   1.1617824e-01   4.9853990e-01  -1.0506117e-01   1.4786855e-01   2.2672139e-01   1.9265117e-01   3.0643329e-01  -8.1418832e-02  -6.5027399e-03   6.1289727e-01   2.9370090e-01   3.2769424e-01  -1.0916029e-02   6.0543819e-02   1.9248567e-01   1.4300878e-01   1.3945040e-01  -1.2844739e-01  -1.1315060e-01  -3.2889764e-02   3.8128522e-01  -1.2757553e-02  -3.3424780e-01   1.8356844e-01  -2.8747014e-02
  -3.1627211e-01   5.0647723e-01   5.6916366e-01  -1.2842743e-01   2.2537364e-01   4.7818280e-01   1.6767355e-01  -4.2720801e-02  -1.4275433e-01   3.4463187e-01  -1.5119397e-01   0.0000000e+00  -8.1725920e-02  -2.6755519e-01   3.6495245e-01   3.2993607e-01   3.8710466e-01   9.4557481e-03   1.4526616e-01   3.2381050e-01  -1.5588970e-02   2.6885517e-02   8.5258266e-02  -3.8939695e-01   2.9679856e-01   1.9929545e-01   2.8351519e-01  -3.9559148e-01   2.2248996e-01   7.8576667e-02  -1.2135501e-01   1.2850036e-01   1.4704986e-01   5.2699380e-01   4.6546829e-01   3.4409072e-02  -4.8064110e-02  -2.4258987e-01   1.0336922e-01   4.0440412e-01   7.1657869e-02  -2.9286787e-02   7.4504801e-01  -1.4605360e-01   8.7232056e-02  -3.4007922e-01  -1.6725060e-03   3.7014959e-02  -1.7741831e-01   5.7967882e-01   1.6885095e-02   9.1456631e-02   5.6818131e-02   5.6351395e-01   5.9104201e-02   5.9388664e-02   6.7481519e-02  -8.3850274e-02   5.0970404e-02   3.8752453e-01  -2.5892277e-01   5.2354813e-02   2.9186379e-01  -2.5793165e-01  -2.0164755e-01   2.0268065e-01   3.8818407e-01   1.9560509e-01   2.0853459e-01  -1.9791617e-02   2.3224989e-01  -5.2312997e-02  -8.1639094e-02  -1.0024605e-01   2.5614113e-01  -1.3566267e-01  -3.1190660e-01  -1.4951314e-01   3.3890555e-01   4.1342866e-01  -2.7668834e-01  -1.2833011e-01  -5.0262908e-02   1.0778609e-01  -1.9450148e-01  -1.0307129e-01   2.8896863e-01  -2.2236104e-01   4.4270737e-01  -2.8416559e-01   3.8338992e-02   2.2339441e-02   6.4878064e-01   3.5204362e-01  -2.2520684e-01   2.3619391e-01   2.1850167e-01   1.1581403e-01   8.3435228e-02   9.7623941e-02  -2.6828983e-01   2.5950263e-01  -1.3591508e-01   3.8487960e-01  -7.6793605e-02   2.5134550e-02   3.9506025e-01   2.1209167e-01  -1.1191665e-02   3.0756730e-01   5.0768717e-01   1.5462502e-01   8.7943315e-04  -3.6361540e-01  -4.5889116e-01   2.7042898e-02   1.5292703e-03   7.9272508e-02  -3.5540036e-02  -1.2573888e-01  -4.3963620e-01   3.3811746e-01   5.9843696e-01  -1.9800184e-03  -3.7875105e-01  -4.3289662e-01   2.3300656e-01   2.4334582e-01   2.2632221e-02   8.2944401e-02   5.9627670e-02   2.8311374e-02  -1.5362895e-01  -1.3443197e-01   4.6132640e-01  -1.0571140e-01   3.4456799e-01  -4.0230945e-01  -1.3184231e-02  -1.9748919e-01  -2.1943607e-01  -2.3187492e-01  -1.2097355e-01   5.3259075e-01   3.0339843e-01  -1.1637442e-01   4.6543010e-01   2.1948221e-02   1.6729529e-01  -7.2672402e-02  -4.0908518e-01  -2.6289296e-01  -1.0157254e-01  -3.3691690e-01   6.0158221e-01  -2.4780315e-01  -3.8700553e-01   6.2315611e-02   5.5344596e-02  -2.1665872e-01   1.3627879e-01  -2.7238171e-01  -5.4128914e-03  -2.1196736e-01   1.1183435e-01   2.2619487e-01   8.6513033e-02  -4.7975398e-02  -1.2536829e-02   1.8478162e-01   2.2685248e-01  -4.1722013e-01  -1.4902851e-01   5.7783444e-01   4.6730540e-01   3.7799872e-02   2.3998996e-01
   5.4381415e-02  -1.3561941e-01  -1.7660504e-01  -6.6700657e-02   1.2103896e-01  -2.4036123e-01  -1.4124838e-01  -4.4037258e-02   2.2239977e-01  -7.9288716e-02   1.3050431e-01  -8.1725920e-02   0.0000000e+00  -5.8900252e-02   3.5643750e-02   2.2870707e-02  -8.0329909e-02   1.2591447e-01  -1.5926114e-01   1.9693673e-01  -1.9363568e-01  -2.0368911e-01   2.0568742e-02   2.4140819e-02  -1.9995025e-01  -1.4469154e-01   1.1542547e-01   1.9740780e-02  -2.1199586e-01  -7.6442594e-02  -4.2345470e-02  -4.3597039e-02  -1.3130500e-01  -1.4990348e-01  -8.1191054e-02   2.7129490e-01   1.9316198e-01  -1.9364724e-02   2.0608387e-01   7.8255313e-02   5.4657148e-01  -7.2937667e-02   5.2248809e-02  -1.8143154e-01   3.1501635e-01  -1.7518262e-01   1.3555559e-01  -2.0269466e-01   2.2791013e-01  -5.0578693e-03   1.1444569e-01  -8.0480990e-02   6.3626551e-02  -4.4901442e-02  -1.7152480e-01  -3.1248228e-01  -1.0930736e-01  -8.4624220e-02   2.0167476e-02   7.2911685e-02  -1.9562162e-01   2.9009470e-01   4.4416079e-02   9.9617204e-02   1.3689195e-01   8.5808352e-02  -7.6721167e-02   1.5060512e-01  -1.4777919e-01  -1.7218203e-01  -1.5960705e-01   2.7772054e-01   1.9855428e-01  -1.8453854e-01   1.7776743e-01   6.8906620e-02  -1.3609910e-01  -2.0750398e-01   6.4002143e-03   3.4444036e-02  -1.6030510e-01   9.7641333e-02  -3.4286875e-01  -8.2783123e-02  -1.1190134e-01   5.3006318e-02  -2.0840654e-01  -8.5838740e-02   4.9567037e-02  -2.8000450e-02   2.0866793e-01  -1.8809415e-01  -6.2033130e-02   2.4360894e-01  -9.2016497e-02   1.6001267e-01   1.1470642e-01   2.7185362e-02   1.8627955e-01  -5.4815974e-02  -2.0089010e-01  -9.0765107e-02  -3.6053530e-03   2.2259091e-01  -9.7957316e-02  -9.9001290e-02  -1.0320424e-01   9.4396581e-02   2.0319780e-01  -1.2274323e-01  -2.9793949e-01  -1.7657060e-01   1.7704217e-01  -8.9676525e-02  -1.6923699e-01   7.5964707e-02  -1.2753947e-01   3.2246486e-01  -2.5652087e-01  -3.3186488e-02   4.1134480e-02   3.0129806e-01   3.2515306e-02  -7.3403753e-02  -1.5564159e-01  -5.6800249e-02   4.1013728e-03  -1.2353347e-01   9.0355794e-02  -9.7563278e-02   2.7051065e-01   7.2796843e-03  -6.7575966e-02   1.9601593e-01   1.6842596e-01   1.1879730e-01  -7.5968652e-02  -6.8922468e-02   7.9765793e-02  -1.3545357e-02  -6.7306610e-02   2.5129535e-01   9.6384280e-02  -1.2543181e-01  -7.8349313e-02   5.2508402e-02  -2.7568334e-01   1.9085274e-01   2.3229413e-02  -5.4240340e-02  -5.2640827e-02  -1.0554626e-01  -1.8535466e-01   2.0043010e-01   6.6201459e-02  -1.0616505e-02  -9.1114620e-02   1.5611550e-01  -1.8018131e-01  -1.8462302e-01   1.0270853e-01   1.8886489e-02   1.3341797e-01   1.2856078e-01  -7.6219979e-02  -6.5893557e-02  -1.3838103e-01   8.5573922e-03  -1.7105443e-01  -6.8248832e-02   9.7216484e-02   1.3218456e-01   3.3463040e-01  -1.5742052e-01  -6.4511864e-02   2.1469082e-02  -4.3975327e-02
   5.5301331e-01  -5.6555365e-02  -2.1740217e-01  -5.0859035e-02   9.7587687e-02  -2.9998168e-01  -3.0208951e-01   1.6623986e-02  -4.2086981e-02  -2.6694605e-01   2.7556051e-02  -2.6755519e-01  -5.8900252e-02   0.0000000e+00  -2.2750038e-01   2.0555691e-02   7.3253232e-02  -3.1430049e-01   4.8063469e-02  -5.8408211e-02  -3.2241642e-01  -9.2873370e-02  -3.3390355e-01   4.5707723e-01  -1.0506582e-02   1.0742120e-01  -4.1561195e-01   4.8168606e-01  -3.0585100e-02  -3.8366913e-01  -1.8347800e-02  -5.7052515e-02  -4.8814576e-02  -3.6707183e-01  -2.3444230e-01  -1.0196240e-01  -1.4666191e-01   4.4784256e-01  -2.1902145e-02  -4.0724395e-01   1.8460906e-01   1.4438785e-01  -2.3619095e-01   4.2195215e-01  -1.3934018e-01   2.2436158e-01  -5.1915464e-02  -3.0223400e-01   1.5360095e-02  -1.8230886e-01  -3.3420540e-01   3.7098704e-02   1.0351541e-01  -1.2401005e-01   2.4672303e-01   2.7649891e-01   1.1330739e-01  -4.2351966e-02   9.0101649e-02  -1.5270255e-01   1.1699576e-01  -1.6689527e-01   2.5988374e-02   1.3743275e-01   6.1198902e-02  -2.5744664e-01  -3.0697858e-01  -2.4241383e-01  -8.1133894e-02  -1.8038963e-01  -6.9507213e-02  -1.6607833e-01   1.9519598e-01   4.3355436e-01  -3.1115168e-01   1.1781015e-01   7.4440697e-02   9.3966803e-02   2.0911536e-02  -2.9215422e-02   4.4526990e-01   7.7272770e-02   2.8453237e-02   6.8605863e-02   4.8914179e-01   2.1902910e-01  -1.5590571e-01   6.6670353e-01  -1.8401495e-01   5.3284644e-01   2.5930212e-01   2.6615422e-01   4.7626774e-02  -2.8447899e-01   2.8507921e-01  -1.0792777e-02   1.1716731e-01   3.1360308e-02   8.5799555e-02  -2.1357007e-01   5.1190258e-01   1.0685112e-01   4.9394436e-01  -2.2938947e-01  -5.1717343e-02  -2.2848931e-02  -1.0057565e-01  -1.5729249e-01  -1.1875318e-02  -2.2991015e-01  -1.5059099e-01  -7.6186510e-02  -2.0725761e-01   3.0446842e-01   6.8501135e-01   1.5432760e-01   1.4089367e-01   1.1271164e-01   3.3644127e-01  -3.8686976e-02   2.6878492e-01   1.7248014e-01  -2.5517175e-01  -1.0894867e-01   2.2369118e-01   7.7188066e-01  -2.1105650e-01  -9.0005676e-02  -1.1788261e-01  -2.6317100e-01   6.5428198e-02  -1.5922131e-01   4.2170735e-01  -1.5284684e-01  -8.9932311e-02   6.2401517e-02   5.8467416e-02   4.4305505e-01   4.9289824e-02   4.7670989e-01   4.1023394e-01  -5.8651715e-02   2.1574746e-01  -2.6695416e-01   1.6883376e-01   7.4521178e-02  -3.5340148e-01  -3.0082845e-01  -1.0563271e-01  -2.4678863e-01   4.7890650e-01   4.4821131e-01   4.8349155e-01   2.1020770e-01  -8.5798954e-02   4.4130325e-01   2.0016438e-01   2.9926414e-01   2.3663732e-01   4.0970825e-01  -2.1853764e-01   9.4761678e-02  -1.3558236e-01  -6.9994630e-02  -2.1995537e-01   7.7910983e-02   7.1527254e-02   7.0357137e-03   4.7701317e-01  -5.3569552e-02   3.0070115e-03   5.3152373e-02  -1.0784889e-01  -1.7148683e-01  -1.8680003e-01  -9.7568099e-02  -2.6607983e-01
