   0.0000000e+00  -3.9455386e-01  -1.8087415e-02   2.3979918e-01  -1.6977327e-01   3.1226019e-01   7.2621334e-03   1.1101719e-01   9.2450233e-03   1.2161532e-01  -1.0621916e-01  -2.2134891e-01   7.8966308e-02   3.2980479e-01  -2.6021119e-01   9.0453940e-02  -3.4039444e-01   3.2260724e-01   4.9282417e-04  -2.0896124e-01  -2.1421551e-01   3.0467970e-01  -3.2186608e-02   5.5905416e-01  -5.5894989e-02  -8.6942898e-02   1.3779323e-02   4.0786461e-01  -6.8997321e-02   1.2163595e-01  -2.3116299e-01   2.8827758e-01   6.4783451e-03   1.5775978e-01   9.8890522e-03  -4.1086192e-01  -6.3858855e-02  -1.4229582e-01   1.3029390e-01  -2.8487008e-01  -2.4519080e-01  -3.4786325e-02   8.8878435e-02   1.1929699e-01  -1.0160916e-01   4.2593404e-01   1.4554388e-01  -1.5554697e-01  -1.7729532e-01  -4.0020139e-01   3.2040355e-01   1.3215242e-01  -1.2491722e-01   1.5216335e-01   1.0053555e-01   5.6809881e-03   8.0242196e-02   2.5614551e-01   6.8490507e-02   2.3675099e-01   1.0409969e-01  -2.4182918e-01  -1.3339682e-01  -1.1125351e-01  -3.3346792e-01  -1.4958683e-01   1.4146028e-01  -8.7418092e-02   2.3841603e-01   3.8949947e-01  -4.2242908e-01   2.6119446e-01  -1.6447393e-01   5.7136305e-03  -3.2390899e-02   1.5080323e-01   2.4226710e-01   8.1222967e-02  -3.0037680e-01  -1.1348245e-01   7.9875553e-02  -1.0450885e-01  -4.0753952e-01   5.6685844e-02   2.3995485e-01   2.2150534e-01  -2.2018693e-01   5.5561910e-01  -9.9530595e-02   6.8656678e-01  -2.3354747e-01  -4.0326413e-02   1.2956265e-01   8.3238358e-02  -6.9484800e-03  -1.5155726e-01   1.2338148e-02   3.7693258e-02  -6.6117874e-02  -5.0728322e-02   5.3935235e-01  -9.2974857e-02   8.9656880e-02   1.4712171e-01   3.2191571e-01   1.0053503e-01   6.0586824e-02   1.0554613e-01  -9.2193620e-02   3.8754968e-01  -2.7468194e-01   3.6666384e-01  -3.7344620e-02   5.5181852e-01   1.9759106e-01  -2.4074997e-01   1.8812873e-01   7.8088286e-03   3.6176593e-01   1.2495359e-01   3.0705698e-01  -3.1668308e-01   2.0546878e-02  -2.2156449e-01   3.9754677e-01   2.8216900e-01  -5.0467263e-02  -4.1824697e-03   3.2201683e-01   1.7025265e-01   8.0018043e-02  -4.0774100e-01   5.3348090e-02  -6.7307287e-02   1.2126239e-01   1.4829923e-01  -7.7224701e-02   1.9458881e-01   3.2907307e-01  -5.8855320e-02   2.5054843e-01  -8.2682066e-02   2.3906573e-01   4.0273550e-01  -2.6333633e-01  -5.3619347e-02  -2.6891739e-01  -6.8781049e-02   3.6657555e-01  -2.2837272e-01   1.5380913e-01   6.5096180e-02   4.3481675e-01  -1.3574279e-01  -1.1272785e-01  -7.2318675e-02   5.7275416e-02  -1.2000798e-01  -7.0663224e-02   1.9791659e-01   1.3432176e-01   1.5130367e-01  -3.1571453e-01   3.7106315e-01   2.6023706e-01  -2.5286500e-01  -1.6505664e-01   1.9778922e-01   4.4232794e-01  -1.3289621e-01  -9.2304017e-02  -1.8074842e-02   1.1159994e-01   4.1063452e-01   1.9313395e-01  -6.1251734e-02   2.6425551e-01
  -3.9455386e-01   0.0000000e+00  -3.5995365e-01  -2.9620273e-01   3.4509749e-01  -4.8233034e-01  -3.6161341e-01  -1.4317332e-01   5.3689175e-01  -4.7253360e-01  -1.6298704e-01   5.4456869e-01  -4.2333575e-01  -1.8187923e-01   2.2539881e-01   7.3287215e-03   4.9768879e-01  -5.9581293e-01   2.0762368e-01   4.1108251e-01   5.0207710e-01  -6.4110373e-01  -1.8429440e-01  -1.0229476e-02   3.8857768e-03   1.8687309e-01   3.2841186e-01  -4.4775385e-01   2.5385481e-01  -3.0647505e-01   2.6924908e-01  -3.2878078e-01   1.9213563e-01  -3.8119686e-01  -1.4942102e-01   4.3923433e-01   8.0369551e-02  -1.6911996e-01   2.4738117e-02   1.1577169e-01  -6.6772758e-02  -1.1333739e-01   1.5092064e-01  -1.1292880e-01   2.9540967e-01  -2.4912972e-01  -4.5931902e-01   6.1559875e-02   3.1048090e-01   7.5328530e-01  -6.4102140e-01   2.1149061e-02   9.8552111e-02  -4.7393754e-03  -7.9324713e-02  -2.3463894e-01   1.3855855e-01  -4.6500786e-01  -6.5389505e-02  -4.3615123e-01  -1.9519688e-01  -1.5279840e-01   6.7653628e-01   6.2623946e-01   6.5885625e-01   3.0517016e-01  -1.5605694e-01   1.1696524e-01  -2.6031751e-01  -6.9881350e-01   6.1006332e-01  -5.4473260e-01   3.1474125e-01   8.7161340e-02   3.2863303e-01   8.8480887e-03  -1.7010714e-01   2.0753748e-01   6.6638876e-01   1.8029716e-01  -3.3959202e-01   2.2474794e-01   7.1442320e-01   7.6242527e-03  -3.8050380e-02   1.2833987e-02   1.5697193e-01  -3.6264711e-01   4.8661928e-01  -3.0673247e-01   6.0266682e-01  -5.9576680e-02  -4.2845585e-01   9.0602500e-02  -3.0053399e-01   5.2677051e-01  -5.6808450e-02   2.8713271e-01  -3.6749948e-02  -1.8023526e-01  -6.9609640e-01   2.7158126e-01  -3.9061093e-01   1.4965323e-01  -6.5178844e-01  -8.3943804e-02   3.5744555e-02   1.5191894e-01   1.6075367e-01  -4.6354278e-01   3.9374997e-01  -6.0587229e-01   9.6909346e-03  -3.1251898e-01  -3.0592896e-01   7.1026308e-01  -6.1265004e-02  -6.2890687e-02  -5.5579521e-01  -4.9242980e-01  -2.0035576e-01   6.4485963e-01   6.4353501e-01   2.9850361e-01   4.9315881e-02  -4.5163615e-02  -5.2894447e-01   2.3853224e-01  -3.5779706e-01  -3.4886597e-01   1.9596131e-02   7.4470751e-01   1.3561927e-01   8.6877425e-02   1.1993900e-01  -5.8843245e-02   2.5620363e-01  -2.1527250e-01  -2.6026763e-02  -2.5155451e-01  -1.8175157e-01  -9.4018553e-02  -2.3350178e-01  -6.9446393e-01  -1.8045322e-02  -4.4765271e-02   2.7316216e-01   1.4728321e-01  -7.2929458e-01   4.2264199e-01  -2.3304323e-01  -4.4814650e-01  -1.9680050e-01   5.2903312e-01   8.4952173e-02  -1.7485219e-01  -1.8965765e-01   5.9466101e-02   1.1060288e-01  -4.7485444e-01   1.4550326e-03   9.0365106e-02   7.4269482e-01  -6.4431361e-01  -2.6588725e-01   7.0763494e-01   3.3089311e-01  -8.0564708e-02  -1.1050353e-01   5.0267361e-01   3.1469449e-01  -2.0247542e-01  -2.9883323e-02  -4.5541502e-01   2.1731286e-01   5.9223960e-02  -2.7845321e-01
  -1.8087415e-02  -3.5995365e-01   0.0000000e+00   6.4266111e-03  -1.4415010e-01   2.9730867e-01   3.9086753e-01  -2.1704681e-01  -1.5147752e-01   2.6282301e-01  -1.7304076e-01  -3.2160242e-02   2.6480353e-01   2.0362184e-01  -2.9705475e-02   9.1427228e-02   4.1026058e-01   7.4503524e-02  -2.3779731e-01  -5.2225066e-02  -3.8290597e-01   3.0130613e-01   2.1351150e-01  -2.6925050e-01   1.6390227e-01  -1.9181848e-01   2.1470312e-02   2.9177216e-01  -1.9013841e-01   1.5782757e-01  -1.8821222e-01   2.2622421e-01  -6.5752316e-02   2.9987861e-01   2.7783743e-01  -8.4240710e-02  -1.8628837e-01   1.1895241e-01  -3.3301980e-02   4.8988924e-01   4.3845560e-02   9.0178488e-02   7.8534695e-02  -1.3958717e-01  -1.9964407e-01  -7.7909550e-03   2.0909565e-01   1.7254500e-01  -2.7452617e-01  -7.6006741e-02   2.0612144e-01  -4.0548789e-01  -1.8231637e-01   1.1313156e-01  -8.0899594e-03   1.3743043e-01   8.9705398e-02   2.6514928e-01  -2.3568990e-01   4.2857449e-01   5.7364469e-01   1.7622434e-01  -2.6599536e-01  -2.7217561e-01  -4.7189626e-01  -9.5783676e-02   1.5236920e-01  -8.4869739e-02  -1.9162615e-01   6.8045278e-01   3.6823403e-02   3.1884283e-01  -2.4944089e-01   3.3090489e-02  -1.8976991e-01  -9.4227448e-02   1.1753090e-01  -2.5278291e-01  -5.4008089e-01  -1.7040651e-01   4.9374434e-01  -2.2240676e-01  -4.1729065e-01  -1.8273723e-01   2.4221403e-01   9.0581393e-03   4.6668258e-02   3.9456198e-02  -6.2004981e-02   7.9691433e-02  -4.8313660e-01   5.0438814e-01   1.9886420e-01  -7.3936554e-02   6.9726869e-02  -3.6029615e-01   1.4684773e-01  -2.3676921e-01   1.0097293e-01   2.4891190e-01   4.5657784e-01  -1.5507597e-01   2.9724172e-01   1.2298109e-01   3.7146552e-01  -1.0009819e-01   5.1767815e-02  -3.1784283e-01  -1.9514858e-01   1.0986732e-01  -2.7206899e-02   3.8055158e-01  -1.5561328e-01  -1.6669982e-01   4.2908078e-01  -4.2058570e-01  -2.4866941e-02  -1.6944192e-02   2.8329572e-01   3.0099039e-01  -2.2904724e-01  -3.9762556e-01  -2.3225868e-01  -3.7144417e-01  -2.8204985e-01   2.8649010e-01   3.3502925e-01  -2.9606919e-01   4.4964341e-02   7.5529906e-01  -1.5189051e-01  -3.5036447e-01   1.2315062e-01  -1.4006458e-02   5.3958207e-02  -6.4667013e-02  -1.9480764e-01   3.6700092e-01  -1.0882705e-01   7.0545226e-02  -6.2331458e-02   1.6987147e-01  -6.7246025e-02   3.5046042e-01   3.0006738e-02   2.7105330e-02   2.5408185e-01  -3.1000064e-02   2.6742567e-01  -2.4127111e-01   4.7276328e-01   3.2234311e-01  -4.9375433e-03  -2.9422455e-01   5.7966532e-01   5.9698564e-02  -1.0263260e-01  -3.0195454e-02   1.4648044e-01   3.8128151e-01  -8.7615503e-02  -1.7067749e-01  -3.9121688e-01   1.7372622e-01   6.6419932e-02  -3.8091487e-01  -1.2932193e-01   2.3053378e-01  -2.2982442e-01  -3.5564730e-01  -1.8404832e-01   5.3027545e-02  -1.9153334e-01   3.7147263e-01  -2.2035026e-01  -1.1570619e-01   1.2774616e-01
   2.3979918e-01  -2.9620273e-01   6.4266111e-03   0.0000000e+00  -1.4392595e-01   1.5489994e-01  -5.8789439e-03   1.8229328e-01   1.2813496e-02   9.6701413e-02  -7.3142499e-02  -3.1927100e-01   9.9348367e-02   1.5423434e-01  -1.5511369e-01   3.0909093e-01  -2.1859040e-01   1.4662904e-01   5.3651941e-02  -4.9386357e-02  -2.2716228e-01   5.4194416e-01  -7.1325967e-02  -3.4971703e-02   6.7939743e-02  -8.2162152e-02   1.7039988e-01   9.3653501e-02   9.2883431e-02   1.7140840e-01  -2.8147218e-01   3.9423030e-01  -7.0527765e-02  -1.0634383e-02   1.9862260e-01  -2.3467959e-01   9.6352677e-02   4.6472964e-02   1.1837117e-01  -5.7100961e-02   1.2573155e-01   6.6043788e-02  -1.4191764e-01  -7.9534705e-03  -1.5391350e-03   3.5251678e-02   1.3308417e-01  -6.2180513e-02   8.1602891e-02  -9.1611007e-02   2.2889317e-01   1.1020788e-01  -1.0429178e-01  -1.9866773e-01   2.0858571e-01   4.9045846e-02  -5.8859457e-02   5.6050859e-01   3.1134593e-01   1.2616791e-01  -6.7475090e-03   1.1220951e-01  -1.6495553e-01  -4.6548079e-01  -2.1979674e-01  -1.5529724e-01   6.7654909e-02  -1.1971575e-01   3.3522773e-01   1.2382540e-01  -1.7159938e-01   2.9945579e-01  -1.1202833e-01   7.3180183e-02   1.7917029e-01   2.8574334e-01   4.8143350e-02  -3.9179555e-02  -9.5132932e-02   4.6443842e-02  -1.3750018e-02   8.3295260e-02  -2.6513887e-01   1.1701828e-01  -2.6463763e-02   7.9511298e-02  -5.6233563e-02   2.2222503e-01  -1.6397260e-01  -1.6143381e-02  -2.3778462e-02   7.1303575e-02  -4.0849115e-02   2.1266485e-01  -9.1655807e-03   4.1136387e-02   5.7549400e-02  -2.0939473e-03   5.8090596e-02  -1.3188092e-02   2.6420236e-01  -9.4651151e-02   2.5209380e-01  -1.2651204e-01   2.9463889e-01   6.0177418e-01  -4.1893324e-02   2.1651508e-01   4.8383707e-02   8.6287385e-02  -2.1798517e-01   4.0465271e-01   2.6702266e-01   1.4638527e-01  -1.1292309e-01  -1.7254566e-01   1.7243415e-03   1.1904505e-02   2.2519504e-01   5.5950038e-01   4.3188922e-02  -3.3211911e-02  -1.4032006e-01  -1.7213786e-02  -4.9276487e-02   1.6092901e-01   1.1949094e-01  -5.7369630e-02   5.9047410e-01  -6.9365982e-02   3.6650798e-02  -2.7913904e-01   1.1293128e-01  -1.9070122e-01   2.4463957e-01   3.0904570e-01   5.0008942e-02   5.3532800e-03   2.2631243e-01   9.9066270e-02   9.6861224e-02   1.0952136e-01   2.2911651e-01   1.5539811e-01  -2.7890769e-02  -1.2941983e-01  -1.6817367e-01  -3.0682896e-01   1.4340051e-01  -2.6415085e-01  -5.3063748e-02   2.7577648e-01   1.2038216e-01  -2.9144580e-01  -1.9274072e-01   5.4205979e-03   5.0698880e-02   2.5581152e-01  -2.5865338e-02   1.8366429e-01   8.5030298e-02   2.2570591e-03  -4.3605776e-01   2.6465552e-01   5.3976831e-01  -1.7852576e-01   1.3114745e-01   1.5691748e-01   8.7722133e-02  -6.3896998e-03  -3.0879429e-02  -2.0114891e-01   2.7436859e-02   1.8271877e-01   6.4588372e-02  -3.8797396e-02   5.4433201e-01
  -1.6977327e-01   3.4509749e-01  -1.4415010e-01  -1.4392595e-01   0.0000000e+00  -1.1556641e-01  -3.5328106e-01  -1.0269167e-01   4.6630954e-01   7.2170784e-02  -1.0093212e-01   4.7147281e-01  -9.0342000e-02  -4.0576694e-01  -1.7036294e-01  -1.6958066e-01   1.7443591e-01  -4.2113530e-02   1.0977843e-01   8.5813386e-01  -4.2116591e-02  -4.0567159e-01  -4.4289260e-02  -1.5187582e-01   1.1021482e-01   7.1655543e-02   4.1013973e-01  -2.8312803e-01   1.6567145e-01  -1.3013101e-01  -1.7824273e-01  -3.3364485e-01  -5.1388462e-03   1.7734309e-02   2.8377006e-01   6.7491978e-01   1.0631693e-01   5.8483058e-02  -1.3020575e-01   1.3984062e-02   1.8451750e-01  -5.7147362e-02   3.6800405e-01  -2.9091548e-01   3.4813475e-01   2.8946735e-02   2.8176460e-01  -1.2269308e-01   6.5902653e-02   3.0851960e-01  -1.6412712e-01   3.8752026e-02  -1.4342955e-01  -1.2212742e-01  -3.0066285e-01  -4.1206801e-01   1.6247541e-01  -3.8376275e-01   2.7439754e-01   1.6320071e-01  -5.2945714e-02   1.3465127e-01   3.3815301e-01   3.1539095e-01   2.4917524e-01   5.8787444e-01   4.6589060e-02   1.8123180e-01  -2.8227602e-01  -3.8443557e-01  -1.7937933e-01   2.2575158e-02   3.1727360e-01  -3.3131998e-01   1.7005494e-02  -5.8054617e-02   3.4682902e-02  -1.8938461e-01   6.8505162e-01   4.2866292e-01  -4.7384236e-01   1.8048244e-01   2.3304650e-01  -2.2729023e-02  -3.0284369e-01  -2.9949639e-01  -2.7728101e-01  -2.9177597e-01   2.0158069e-01  -2.0842609e-01   5.1743946e-01  -1.4000749e-01   3.6385654e-01   5.2946902e-01   3.3276360e-02   4.9233079e-01   4.5416541e-02   6.4003059e-02   4.5948075e-01  -2.6278316e-01  -3.8890101e-01   1.5240509e-02  -2.6387686e-01   6.5391227e-02  -3.9361519e-01  -2.5360636e-01   1.1381427e-01  -1.4397923e-01   1.0845409e-01   3.4642127e-01  -1.1505215e-01  -3.6586651e-01   2.0856218e-02   4.8808429e-02  -4.7714993e-01   7.9163845e-01  -1.9595637e-01   7.6769587e-02  -2.7259106e-01  -3.1887265e-01  -1.6364675e-01   7.0740182e-01   2.0266727e-01   3.4668504e-02   5.6794691e-02  -3.7575974e-03  -3.0766139e-01   1.1243899e-01  -2.6524272e-01  -3.0168038e-01   3.8965598e-02   3.7926832e-01  -2.5131451e-01  -7.2643873e-02   2.2315351e-01  -1.7267819e-01   3.6692762e-02  -5.0000409e-01  -2.3998846e-01  -5.2575532e-02  -2.7364896e-02   1.8910107e-01   2.2321292e-02  -4.6565237e-01  -4.0640556e-01   7.0280120e-02  -1.8971471e-01   7.1851907e-01  -5.2693599e-03  -8.1098418e-02  -5.0595760e-01  -3.5330832e-01  -1.3503037e-01   6.2748410e-01   1.3117120e-01   2.4827561e-02  -3.2798830e-03   3.7363911e-01   1.0745532e-01  -3.9948859e-01   1.4388685e-01   4.7235991e-02   4.3056894e-01  -2.5819050e-01  -3.8353434e-01   5.2044272e-01   2.8020674e-01  -1.9358470e-01   1.7991676e-02   6.3087970e-01   4.9698384e-01  -1.1424130e-01   4.0104472e-01  -2.0722979e-01  -6.5917821e-02   1.6439458e-01  -2.8071342e-01
   3.1226019e-01  -4.8233034e-01   2.9730867e-01   1.5489994e-01  -1.1556641e-01   0.0000000e+00   1.8096491e-01   2.1136584e-01   1.1664643e-02   2.9405608e-01  -2.5000435e-02  -1.5901655e-01   2.3959772e-01   2.7938874e-01  -2.0783623e-01   1.9569305e-01  -2.9745175e-01   4.8517648e-01   9.8512216e-02  -2.6792573e-01  -3.4474348e-01   5.7220899e-01   1.7760746e-01   8.9869032e-02   4.9677857e-02   8.4445477e-02   5.0745315e-02   4.8713891e-01  -3.3716543e-01   3.8315694e-01  -2.1878444e-01   5.3244020e-01  -1.5378549e-01   3.5568535e-01   1.4037280e-01  -3.0532624e-01  -1.0804012e-01  -1.5233360e-01   2.2120217e-01  -1.6954416e-01   1.2188720e-01  -1.7222481e-01   3.9127123e-02   5.2412355e-02  -2.4698318e-01   9.7490698e-02   3.6425994e-01  -1.2552829e-02  -1.7797474e-01  -4.4996598e-01   5.2856360e-01   8.5079384e-02   1.2521353e-02  -1.8758828e-01   9.1530327e-02   7.9276912e-02   2.2587436e-01   4.9332150e-01   2.3524718e-01   4.7820079e-01   1.8267159e-01  -1.0960632e-02  -3.0878100e-01  -2.0330470e-01  -3.7249792e-01   4.2185829e-02   6.8989343e-01  -7.6086519e-02   3.5136211e-01   4.0040497e-01  -4.4398091e-01   2.9576370e-01   2.1488312e-02  -1.4204463e-01  -3.1061136e-01   2.5082584e-01   3.2694133e-02  -1.2603115e-01  -3.4218458e-01   1.0689235e-02   2.9507837e-01  -8.9696429e-02  -4.8970349e-01   2.3755080e-01   9.6555310e-02   2.4963916e-01  -1.8628422e-01   1.5319167e-01  -2.0891575e-01   2.0214703e-01  -3.8344576e-01  -3.5446488e-04   3.7562949e-01   1.3902733e-01  -1.3604168e-01  -1.9305335e-01  -6.7286845e-02   1.6995737e-01   4.4906414e-03   1.1047666e-01   4.2657879e-01  -2.8429557e-01   3.8344143e-01   2.8218489e-01   6.2314565e-01   2.1858956e-01  -4.8714328e-02   2.7834675e-01  -2.7132806e-01   4.8366386e-01  -2.8147124e-01   6.1152563e-01   6.5847955e-02   1.1133930e-01  -4.4269141e-02  -2.8894840e-01  -1.4179478e-02   2.0875582e-02   3.6508262e-01   2.4116419e-01  -3.2831136e-02  -3.2669939e-01  -3.1761103e-01  -1.5635632e-01   1.8475530e-02   3.5692073e-01   2.4995065e-01  -1.0624142e-01   4.8082622e-01   2.1925487e-01   6.3476395e-02  -4.4608321e-01   2.7824526e-02  -4.4364428e-02   5.9924178e-02   3.7105211e-01  -2.4870333e-01   1.5696339e-01   3.7936184e-01  -9.8732507e-02  -4.8839176e-02   2.1577634e-02   1.7484098e-01   4.5642634e-01  -1.9029068e-01   1.3619550e-01  -1.3882023e-01   5.3773818e-02   5.1896496e-01  -2.9258427e-01   9.5951359e-02   3.6238885e-01  -7.5005860e-02  -2.5600648e-01   6.1450499e-02  -9.1082771e-02  -1.8485019e-01   1.0959362e-01  -7.2730070e-02   4.5718106e-01   6.2596157e-02   1.4099072e-01  -3.5080167e-01   5.3440776e-01   3.8521054e-01  -4.3307330e-01  -3.5307261e-02   5.2758596e-01  -1.5784223e-02  -2.3289917e-01  -2.3439817e-01  -1.4132303e-01   7.7928891e-03   6.7037974e-01  -1.4814519e-01  -2.5314647e-01   4.9077494e-01
   7.2621334e-03  -3.6161341e-01   3.9086753e-01  -5.8789439e-03  -3.5328106e-01   1.8096491e-01   0.0000000e+00  -3.4450819e-01  -3.3879158e-01   4.9681023e-01   4.9544349e-01   1.1178416e-01  -8.4658924e-03   2.5172658e-01   4.2950785e-01  -8.0788119e-02  -1.3561587e-01   2.3029485e-01  -3.3432834e-01  -3.1227945e-01   9.5100331e-02   2.1995557e-01   8.0712959e-01  -3.8763222e-01  -1.0874865e-01  -3.5429596e-01  -4.0579501e-01   1.2631918e-01  -2.5226372e-01   3.7967570e-01   1.6026869e-01   5.6838572e-04  -3.9322767e-01   6.8233848e-01   4.8065164e-02   9.5263239e-02   1.3172950e-01  -1.5606108e-01  -3.1208086e-01   3.5041313e-01  -1.4595267e-01  -2.7378916e-01  -3.0017360e-02   1.5976681e-01   3.7007901e-02   1.1191770e-02   2.6525551e-01   6.0121685e-01  -5.0132334e-01  -4.5507108e-01   4.6703434e-01  -4.1978024e-01   2.1088063e-01  -4.7408998e-01  -2.7258403e-01   6.3256647e-01  -2.4369018e-01   1.0466062e-01   1.3491675e-02   2.3473333e-01   2.8941580e-02   2.2952483e-01  -4.3355263e-01  -3.0108279e-01  -2.0711982e-01   1.1264198e-01   3.1222490e-02  -1.7819491e-01  -1.5602447e-01   5.3966815e-01   1.3467159e-01   1.3793535e-01  -2.7861501e-01   3.0910041e-01  -4.2062984e-01  -1.7685067e-01  -1.0244554e-01  -1.9164642e-01  -6.4838611e-01  -3.8844589e-01   8.3009720e-01  -2.6263887e-01  -3.1757677e-01  -3.1820220e-01   8.5491687e-02   1.3509299e-01   1.6174544e-01  -1.2334198e-01  -4.4431466e-01  -1.4200857e-01  -6.2625903e-01  -6.0219846e-02   2.9007168e-01  -1.8784557e-01  -1.3416312e-01  -5.9138646e-01  -1.8606955e-01  -3.9136300e-01  -2.6203998e-01   8.0405413e-01   3.2880562e-01   2.4079218e-01   3.5239232e-01   2.5715767e-02   4.7217348e-01  -4.8593669e-02  -4.6591701e-01  -3.4139957e-01   5.8582243e-02   1.8695380e-01   2.0002019e-01   3.1316870e-01  -3.1641171e-01  -1.0270145e-01   6.6282571e-01  -4.2823809e-01  -5.9030999e-03  -1.9511418e-01   2.7520104e-01   2.1810751e-01  -1.7364463e-01  -5.7556538e-01  -5.7049833e-01  -1.0818681e-01  -7.7039608e-02   9.0093982e-04   6.2050177e-01  -5.8421427e-01   1.0824529e-01   4.5943452e-01  -4.1445651e-01  -1.4531864e-01   1.2391527e-01   3.8084051e-01  -3.0993360e-01  -2.5198935e-01  -3.9340588e-01   4.7417194e-01  -1.1055416e-01  -1.9661441e-01  -2.5012146e-01  -2.0949442e-01   8.5220452e-02   4.4131403e-01   5.8069614e-01   2.7511245e-01   6.4611562e-01   4.9998657e-02   4.7377881e-01   6.2655529e-02   4.3458590e-01   3.6913645e-01  -3.4387782e-01  -3.0071922e-01   2.6896765e-01  -2.2815088e-01  -2.0401890e-01   1.0990466e-01  -3.2760848e-01   5.8697343e-01  -2.2863995e-01  -6.5612222e-02  -2.0043768e-01   4.2135031e-01  -1.3639560e-01  -4.8139618e-01   7.3480188e-02  -1.0583276e-02  -2.7416434e-01  -4.5427582e-01   5.9199632e-02  -2.1888003e-01  -1.1637081e-01   1.3353759e-01  -9.8056145e-02  -2.6874990e-01   8.5530560e-02
   1.1101719e-01  -1.4317332e-01  -2.1704681e-01   1.8229328e-01  -1.0269167e-01   2.1136584e-01  -3.4450819e-01   0.0000000e+00   1.4265117e-01  -1.0856739e-01  -1.3718735e-01  -3.4286656e-01   7.5735604e-02  -1.0174101e-01  -4.3598127e-01   1.7140704e-01  -1.2297794e-01   1.1807949e-01   4.4431148e-01  -1.7025724e-01  -1.3303372e-01   2.5338128e-01  -3.0988958e-01   2.8344478e-01  -1.8269880e-01   5.3666498e-01  -5.4587292e-02   2.0907341e-01  -7.3384012e-02  -2.3102268e-01  -1.2927455e-01   3.6882977e-01   1.4298778e-01  -1.5375479e-01  -1.0294655e-01  -3.4604708e-01   2.1638588e-03   5.3036686e-02   1.1747009e-01  -1.9953338e-01   1.6396425e-01   1.3993237e-01  -2.1710737e-01   2.7371482e-01  -3.1619301e-01   1.1977553e-01   5.9029989e-02  -4.8567326e-01   2.5544192e-01  -5.2252819e-02  -4.4917427e-02   6.6736620e-01  -3.0944800e-02   6.9484901e-02   2.6225178e-01  -2.9078557e-02   3.1052954e-01   3.5406616e-01   2.7296320e-01   1.3511377e-02   2.3482258e-02  -1.8074996e-01  -1.2144813e-01  -3.6437697e-02  -1.5643470e-01  -2.5491869e-01   1.6700425e-01   7.3791894e-03   4.9621713e-01  -5.9943579e-02  -1.8702580e-01   3.0809875e-02  -1.2079694e-01  -2.1918728e-01   2.1281613e-02   3.7998394e-01   1.8116318e-01   1.8228510e-01   7.5437214e-02   2.4197339e-01  -1.7621556e-01   4.9272639e-03   7.8378164e-02   7.6411040e-01   1.0412719e-01   1.8383532e-01  -1.3755375e-01   1.7906451e-01   9.6710385e-02   2.1768609e-01   1.8670569e-01   7.3223017e-02  -1.2639892e-01   6.9554270e-02   7.9211255e-02   1.7277406e-01   8.2761604e-02   4.1067035e-01  -5.4667045e-02  -2.6708226e-01   4.5288805e-02  -1.5081764e-01  -5.6294226e-02  -1.1053462e-01   8.9664580e-02   3.2180266e-01   1.0785967e-01   4.9773634e-01  -6.2209733e-02  -5.0409852e-02  -2.4918452e-01   9.1953074e-02   1.3832282e-01   1.2721456e-01  -1.6432458e-01  -1.0381988e-01  -4.9319559e-02  -3.3724126e-02   8.4412737e-02   6.7061921e-02   2.1778906e-01  -2.9919034e-02   6.7836112e-02  -5.0359454e-02   1.0952303e-01   1.3945474e-01  -1.3287357e-01   2.7782150e-01   3.5363440e-01  -1.6171353e-01   1.2639849e-01  -2.1147396e-01  -1.5005163e-01  -2.2904078e-01   1.1361301e-01   4.2015543e-01   1.0206406e-01  -1.7974903e-01   3.6292080e-01   9.6156477e-02   1.9992430e-01  -5.1332329e-02   9.5383010e-02   9.7430001e-02  -3.6287358e-01  -2.5538519e-01  -4.2913744e-01  -2.1467049e-01   1.6755387e-02  -1.6521654e-01  -3.0483043e-02   1.3695757e-01   2.7830558e-01  -1.9964848e-01  -3.4810896e-01   1.2713424e-01   1.2326186e-01  -5.8115591e-02   2.5979673e-01  -8.2129663e-02  -2.2007421e-02   2.2901694e-01  -9.1909210e-02   6.3691543e-02   3.4322841e-01  -2.5087343e-02  -1.1234658e-01   2.9877963e-01   2.3897002e-01   7.4555540e-02  -2.4822075e-01   1.9807508e-02  -6.7182094e-02   1.0643017e-01   8.0590083e-02   1.0170999e-01   2.7471255e-01
   9.2450233e-03   5.3689175e-01  -1.5147752e-01   1.2813496e-02   4.6630954e-01   1.1664643e-02  -3.3879158e-01   1.4265117e-01   0.0000000e+00  -1.9870739e-01  -1.8118138e-01   4.1632523e-01  -3.6022352e-01  -1.1989823e-01  -5.2068043e-02   2.2702115e-02   3.1018903e-01  -2.2981474e-01   2.2681374e-01   4.2818734e-01   1.2475069e-01  -3.2268673e-01  -1.5321959e-01   1.5498290e-01   1.8295821e-01   1.9683463e-01   4.0070820e-01  -1.6380606e-01   1.8050824e-01  -2.4430749e-01   2.1901171e-02  -2.1028218e-02   7.3527713e-02  -1.4768988e-01   1.1038937e-01   3.0960841e-01   2.0267174e-02  -1.0460127e-01   1.9988960e-03  -3.0810637e-02  -6.5739760e-02  -2.4311654e-01   2.7934898e-01  -1.1112523e-01   1.9473017e-01   6.5140362e-02  -7.7244357e-02  -1.0684103e-01   2.2436769e-01   4.3309085e-01  -3.1887467e-01   2.0510885e-01  -1.2682896e-01  -1.0072852e-01  -1.4739665e-01  -3.4408023e-01   1.9987534e-01  -1.3697874e-01   2.9063045e-01  -4.8296404e-03   2.8223916e-02  -2.1051467e-01   5.9319690e-01   4.8254763e-01   3.2960915e-01   3.5933967e-01   2.0665040e-01   6.5018783e-02  -1.7591143e-02  -3.5558179e-01   1.4844051e-01  -2.2156217e-01   2.4033002e-01  -2.0501559e-01   2.2257788e-01   2.8150930e-01   1.7256840e-01   1.6428806e-01   4.8596584e-01   2.0951454e-01  -2.4915142e-01   1.8134943e-01   2.7904998e-01   1.9721399e-01  -7.3581739e-02   1.3035589e-01  -4.3256124e-02  -1.2574473e-01   4.2214792e-01   7.0688136e-04   3.7725589e-01  -2.1378316e-02  -1.7085583e-01   5.8213386e-01  -2.3094469e-01   3.9499829e-01  -1.0850431e-01   3.7470293e-01   1.2918554e-01  -1.3064485e-01  -3.1877767e-01   1.3368401e-01  -2.2236738e-01   3.6080722e-01  -3.0726490e-01   4.8035158e-02  -5.6976640e-03   3.3044356e-01   8.9146561e-02  -1.4180294e-02   7.3396345e-03  -2.8541216e-01   1.0905322e-01   6.2122232e-02  -2.8882383e-01   5.4428436e-01  -1.3776191e-01  -9.2102660e-02  -2.8331515e-01  -2.3710534e-01  -6.0044722e-02   4.6391707e-01   4.2085723e-01   1.6282444e-02   2.4958627e-01   2.3475398e-01  -4.7446182e-01   4.6256089e-02   8.8240610e-02  -1.8951300e-01  -7.6763401e-02   4.0699120e-01  -2.0703720e-02  -4.8253865e-02   4.7572796e-01   2.0805929e-01   2.5475003e-02  -1.8449119e-01   2.4143318e-01  -2.1496126e-01  -6.5304316e-02  -1.5477456e-01   2.4734239e-02  -4.3884621e-01  -2.5345497e-01  -1.0156516e-01   4.4032324e-02   3.2412702e-01  -2.9919751e-01   9.6688633e-02  -2.3947663e-01  -2.8064824e-01   7.9695001e-02   3.4290708e-01   1.0271610e-01  -1.1151455e-01  -1.0323550e-01   2.4804444e-01   1.5192164e-01  -2.7502516e-01   4.9158677e-02   3.4500886e-01   4.3314876e-01  -2.7798564e-01   2.0918440e-02   3.8162178e-01   1.0228693e-01   9.5308256e-02   3.5218064e-02   4.3410053e-01   1.6997149e-01  -2.7738890e-01   1.9435227e-01  -1.0405532e-01   2.4217879e-01   7.4913834e-03   1.9909518e-02
   1.2161532e-01  -4.7253360e-01   2.6282301e-01   9.6701413e-02   7.2170784e-02   2.9405608e-01   4.9681023e-01  -1.0856739e-01  -1.9870739e-01   0.0000000e+00   2.6657795e-01  -3.2877238e-03   3.0536609e-01  -1.4381304e-01  -1.0894504e-01  -3.2577263e-02  -1.8789474e-01   3.9045149e-01  -1.6573989e-01   1.6598319e-01  -1.3667574e-01   2.1409150e-01   5.9940554e-01  -2.6102880e-01   8.2335380e-02  -2.0702344e-01  -6.6269951e-02   2.3113035e-02  -1.3993128e-01   4.3255209e-02  -1.4386335e-01  -2.5965064e-02  -1.6890552e-01   7.1124368e-01   1.1012582e-01   1.7713000e-01   2.2963501e-01   4.3239466e-02  -1.3025736e-01   3.6371929e-01   2.3337617e-01  -1.3185537e-02   1.5798166e-01  -1.6437332e-01   7.6309850e-03   7.4953427e-02   5.1264960e-01   1.1539905e-01  -3.1528289e-01  -3.6845535e-01   4.4144748e-01  -1.8767032e-01   8.8687506e-02  -2.4619411e-01  -2.9729361e-01   1.7577361e-01  -8.0132285e-02   7.3551677e-02   2.3848080e-01   2.8431271e-01   1.7328809e-01   3.1490469e-01  -3.8942416e-01  -4.0357869e-01  -4.9856666e-01   1.1845838e-01   1.3488557e-01   2.0372559e-02  -1.2461241e-01   3.4405779e-01  -3.2780293e-01   3.3101501e-01  -2.3411089e-02   5.0344654e-02  -1.9465577e-01  -9.7175028e-02   8.1019169e-03  -2.7661203e-01  -2.5531289e-01  -8.4876534e-02   3.2635432e-01  -2.0153207e-03  -3.7234803e-01  -1.5972971e-01  -6.0288139e-03  -1.5642300e-01  -4.0866710e-01  -1.8873054e-01  -3.7065662e-01   3.3072876e-02  -1.5848978e-01   1.2176611e-01   5.6893100e-01   1.1965100e-01   5.3371937e-02  -6.1921323e-02   2.8944354e-02  -3.8334516e-01   2.0104270e-01   4.0717620e-01   1.5260296e-01  -8.5844760e-02  -2.4199345e-02  -3.1456123e-01   2.5952978e-01  -7.4389821e-02  -1.5815640e-01  -3.5919009e-01   1.1781349e-01   5.0895243e-01  -1.1397107e-02   6.7221498e-02  -1.0228486e-01   1.2524894e-01   2.0040213e-01  -1.9573258e-01  -1.7342306e-01   1.6003088e-01   2.2338367e-01   2.0629776e-01  -1.7367180e-01  -2.5377240e-01  -3.7792264e-01  -2.5588060e-01  -9.8049596e-02  -1.6049701e-02   3.3078814e-01  -3.0829629e-01   1.9842169e-01   1.8812901e-01  -9.1484773e-02  -3.5911521e-01  -1.9644163e-01   2.7420284e-01   5.9804419e-02   8.0779592e-03  -1.4876046e-01  -1.0152681e-01  -1.9079070e-01   1.7212440e-03   4.6494759e-02   1.8909755e-01   7.0728477e-02   2.8012042e-01   7.8643588e-02  -4.0520759e-02   7.8440715e-02   2.1086728e-01   6.7580278e-01  -2.0087787e-01   1.7239985e-01   7.5963524e-02  -1.7945439e-01  -2.6214117e-01   2.0893931e-01   2.9805081e-02  -7.8931064e-02   1.9393861e-01   7.4093523e-02   1.1437522e-01   8.8245230e-02   1.6436195e-02  -1.3273283e-01   2.9932635e-01  -1.2162547e-01  -3.1400605e-01  -5.3561247e-02  -4.9887741e-02  -1.1076473e-01   4.6629233e-02   9.6818065e-02  -8.9934908e-02   6.9949097e-02   1.9763297e-01  -1.7526686e-01  -4.0819438e-02   8.7241657e-02
  -1.0621916e-01  -1.6298704e-01  -1.7304076e-01  -7.3142499e-02  -1.0093212e-01  -2.5000435e-02   4.9544349e-01  -1.3718735e-01  -1.8118138e-01   2.6657795e-01   0.0000000e+00  -3.6928816e-02  -6.0730422e-02  -2.5186368e-02   2.8165036e-01  -9.9957417e-02  -1.9114875e-01   4.0988857e-01  -2.6705094e-01  -2.2578584e-01   4.2877024e-01  -6.9978206e-02   4.3929772e-01  -2.2479065e-01  -2.3614562e-01  -3.1696807e-01  -3.8745589e-01  -9.3344048e-02  -1.4241155e-01   2.4718928e-01   6.0671173e-01  -4.5611575e-02  -2.6811337e-01   3.4062484e-01  -1.9279149e-01   2.2948625e-01   3.9325171e-01  -3.4618827e-02  -1.4580660e-01   2.7823883e-02   6.8477599e-02  -2.0547896e-01  -2.6660518e-01   1.4775200e-01   4.0348497e-02   1.4614560e-01   3.4246543e-01   4.6260545e-01   1.5475991e-02  -3.0053873e-01   3.9637813e-01  -1.7574053e-01   4.1335552e-01  -3.6169190e-01  -1.7946815e-01   2.2632604e-01  -3.6593088e-01  -1.1255269e-01   3.5779483e-01   1.8775274e-02  -2.0588478e-01   1.8444394e-01  -1.8740166e-01   7.3386663e-02   1.4740149e-01  -3.0000148e-02  -6.1765470e-02  -3.8821930e-03   1.4277907e-01   1.8392446e-01   1.4424893e-01  -1.0593451e-01   1.0559949e-01  -6.4571036e-02  -2.8593765e-01  -3.5283186e-02  -2.5516640e-03  -1.6749052e-01  -2.5919461e-01   2.9162979e-02   2.5615656e-01   7.6583880e-02   1.6315359e-02  -2.5743742e-01   6.3748679e-02   1.0069321e-01   1.2501969e-01  -1.1556656e-01  -3.1241650e-01  -1.5492705e-01  -1.3834136e-01  -3.6048000e-01   1.9554520e-01  -5.2521966e-02   6.0384823e-02  -2.7734474e-01  -2.2974366e-01  -2.3285474e-01  -1.0427129e-01   3.3692945e-01   5.0805791e-02   1.0622660e-01   1.0580208e-01   5.9593517e-02   1.7017079e-01  -2.7149072e-02  -2.1674079e-01  -1.4918853e-01   2.8204865e-01   2.3623924e-01  -3.3696752e-02  -4.0347649e-03  -5.5900956e-03   1.5946960e-01   2.2275379e-01  -1.8527132e-01  -1.7106451e-01  -1.1582079e-01  -3.8114888e-02  -1.8319898e-01   8.4207326e-02  -3.4435407e-01  -4.4418322e-01   3.7806469e-01   1.8795097e-01  -3.7449673e-01   4.2437877e-01  -1.2898884e-01  -5.9362228e-02   1.3514566e-02  -7.6344846e-02   1.8114753e-01  -1.2382108e-01   6.0077726e-01  -2.4892988e-01  -7.3135563e-02  -8.5823770e-02   2.2440460e-01  -1.5093998e-02  -6.5286835e-02  -2.0471409e-01  -1.0983579e-01   1.6626232e-01   4.8110524e-02   4.9557904e-01   3.0885566e-01   1.6391841e-01   9.4164428e-02   3.0417113e-01   4.2340367e-01   2.9476196e-02   8.9499443e-02  -2.0942298e-01   7.3023275e-02  -8.4290624e-02  -1.3092402e-01   9.3370367e-02   2.3535410e-01  -2.1526002e-01   1.8414989e-01   5.7906688e-03   1.9528261e-01   9.0363011e-02   3.0871946e-01  -2.6742122e-01  -3.6971714e-01  -3.8629232e-02  -2.8464479e-01   9.4382264e-02  -7.5224337e-02   4.6250326e-04  -1.3226022e-01   9.3154943e-02  -2.9042011e-02  -5.8817373e-02  -9.9920883e-02  -1.3788362e-01
  -2.2134891e-01   5.4456869e-01  -3.2160242e-02  -3.1927100e-01   4.7147281e-01  -1.5901655e-01   1.1178416e-01  -3.4286656e-01   4.1632523e-01  -3.2877238e-03  -3.6928816e-02   0.0000000e+00  -3.3308263e-01  -1.0533763e-01   4.0565000e-01  -3.5527166e-02   1.6410162e-01  -3.1991734e-01   5.5938852e-02   5.0905610e-01   1.0212660e-01  -5.3198942e-01   3.0976734e-01  -1.7551570e-01   2.9455118e-02  -4.5436431e-02   1.9239770e-01  -3.6527821e-01  -2.8576898e-02   1.6174370e-02  -4.2701642e-02  -4.4505408e-01   1.1929679e-02   1.9096150e-01   2.1076924e-01   6.2599825e-01   1.5802054e-03  -2.7821952e-01  -1.1797764e-01   1.3987510e-01  -1.2511352e-01  -1.5110919e-01   5.6528820e-01  -9.8288988e-02   6.1233007e-01  -1.6563438e-01  -6.6269839e-03   1.9485424e-01  -3.3970769e-01   2.8242076e-01  -2.4111802e-01  -1.6811940e-01  -7.5270048e-02  -2.9661337e-01  -4.5050673e-01   4.9998951e-02   9.2524631e-02  -5.2707760e-01   1.9594669e-02   4.7737750e-02  -2.4906871e-01  -2.4352630e-02   3.5761416e-01   3.3201619e-01   4.2486088e-01   7.5605037e-01   4.4722071e-02   1.5927021e-01  -4.8798297e-01  -3.0379998e-01   2.3517890e-01  -2.0726216e-01   2.1093074e-01   1.6359917e-01  -1.1860785e-01  -1.0991197e-01  -2.3040526e-01  -4.4611038e-03   4.2756976e-01   1.2212928e-01  -2.2021611e-02   1.3323652e-01   3.0391044e-01  -1.7057028e-01  -2.4561363e-01  -7.9031667e-02   4.9273182e-02  -5.3338555e-01   1.1000218e-01  -2.9668478e-01   5.7051514e-02  -2.2640448e-01   2.5274585e-01   3.0158697e-01  -3.6334893e-01   1.9805373e-01  -1.0135544e-01   7.2734774e-02  -6.3974473e-02   1.9487335e-01  -4.4619815e-01   5.4035625e-01  -2.4289779e-01   3.2406221e-01  -3.3344551e-01  -3.2723110e-01  -2.6853379e-01  -1.6563240e-01  -1.4938646e-02   9.3768016e-03   4.4825721e-01  -3.8708993e-01  -2.4628707e-01  -2.8723012e-01  -7.3337902e-02   6.0153865e-01  -9.6660107e-02  -1.6495572e-01  -2.7156513e-01  -4.4948154e-01  -3.6541409e-01   4.1596798e-01   2.9249762e-01  -5.3550387e-02  -1.5465235e-02   2.0333212e-01  -2.8799134e-01  -9.0504138e-02  -3.7849305e-01  -3.1874856e-02  -1.6629238e-01   5.6811948e-01  -3.7151744e-02   2.3786465e-02   7.1286615e-02  -1.8906145e-01   4.4259586e-02  -2.1921041e-01  -1.3462440e-01  -3.2163943e-01  -1.5109216e-01  -1.3578573e-01   2.7118647e-02  -3.1719964e-01   3.8901104e-02   1.9010215e-01   5.5279653e-01   5.7221681e-01  -1.5560842e-01   9.5854338e-02  -1.3822439e-01  -3.2162608e-01  -4.1575400e-01   4.8229888e-01   4.2371455e-01  -2.3306444e-01  -3.6336905e-01   2.0878659e-01  -2.8157529e-01  -2.4383277e-01   5.7929217e-02   2.1856167e-01   4.6996525e-01  -3.0418016e-01  -5.1300939e-01   5.0478972e-01   5.5725469e-01  -9.9338478e-02  -2.5261122e-01   2.0359510e-01   5.5371813e-01  -2.5948243e-01   1.1643851e-01  -2.7315044e-01   2.1914194e-02  -6.5971455e-02  -3.1842277e-01
   7.8966308e-02  -4.2333575e-01   2.6480353e-01   9.9348367e-02  -9.0342000e-02   2.3959772e-01  -8.4658924e-03   7.5735604e-02  -3.6022352e-01   3.0536609e-01  -6.0730422e-02  -3.3308263e-01   0.0000000e+00  -1.3706518e-02  -4.6076425e-01   1.1779879e-01  -6.5953017e-02   1.5851708e-01   3.7620117e-02  -6.5694630e-02  -3.5308414e-01   3.5671469e-01  -5.9975872e-04   1.5149119e-01   6.0367308e-02   6.7033312e-02  -1.6917939e-01   2.2867801e-01  -1.4974445e-01  -5.6238935e-02  -2.8399848e-01   2.5574177e-01   2.8120517e-01   1.2718370e-01  -6.0518261e-02  -3.0864475e-01  -1.5687067e-01   9.1707368e-02   2.5451270e-01  -4.3856245e-02   5.4703225e-01   3.7795106e-01   2.0150971e-02  -1.1842255e-01  -3.1026230e-01   1.9392725e-01   3.8264757e-01  -2.7487811e-01   7.1687098e-02  -3.0305183e-01   2.1646642e-01   6.5910480e-02  -2.5646258e-01   2.2332393e-01   1.8072853e-01   1.0422073e-02  -8.9966488e-02   2.6343001e-01  -9.3467703e-02   1.5372082e-01   4.0499109e-01   3.8042776e-01  -2.3876680e-01  -3.8729800e-01  -5.6148772e-01  -2.1541707e-01  -1.6694912e-02   1.6061326e-01   1.9718456e-01   2.2244776e-01  -4.0097919e-01   4.2036003e-01   5.4386091e-02  -2.4904301e-01  -1.3482689e-01   9.8719525e-02   2.4868425e-01  -1.8653278e-01  -2.3663862e-01   2.0273423e-01  -2.1752528e-04   3.9136389e-02  -4.3096647e-01   1.2732370e-01  -1.3380035e-02  -4.1468122e-02  -4.3794333e-01   1.2289098e-01  -2.1090449e-01   3.0811180e-05  -1.5826091e-01   2.9537061e-01   3.3781135e-01  -1.2180886e-02   2.0094799e-01   3.5876340e-02   4.0574625e-01  -1.5553217e-01   4.9162843e-01  -1.5922469e-01   1.7731841e-01  -4.5587504e-01   1.5456446e-01  -2.4180144e-01   2.7685058e-01   6.0256326e-02   2.2885105e-01  -9.2106733e-02  -2.3801908e-01   2.4384579e-01  -3.4970004e-01   3.0212320e-01   2.5145288e-02   4.8880317e-02  -9.1580845e-02  -3.0511943e-01  -1.5755730e-02   5.4171390e-01   2.0190218e-01   2.4176023e-01  -3.1402712e-02  -1.4766353e-01  -2.0270437e-01  -2.9185269e-01  -2.0219404e-01  -6.5828544e-02   1.6224421e-01   1.4719612e-01   1.6455725e-01   1.6017150e-01   4.1486112e-01  -5.2229808e-01  -1.4892383e-01  -1.5527813e-01  -9.7904970e-02   7.6447797e-02   2.3495211e-02  -1.5923539e-01  -2.0144900e-01   7.4315380e-02   4.2043734e-02   6.6068846e-01  -7.4722308e-02   2.2689163e-01  -1.9819433e-01  -7.5586063e-02  -2.9337941e-01  -3.7282011e-02   3.3415581e-01  -2.7734626e-01  -1.5214283e-02   2.0311773e-01   1.3524645e-01  -2.1587672e-01  -3.9240730e-02  -2.9665795e-02   8.4557026e-02  -4.1156269e-02   2.8387967e-01   1.7038139e-01   1.0754769e-01  -1.4215439e-01  -3.2521447e-01   1.8176844e-01   1.7526951e-01  -3.7952947e-01  -2.6218391e-01   1.1158354e-02   1.9895878e-01  -1.3583780e-01  -4.1624559e-01   1.3661397e-01   1.5110376e-01   9.8029164e-02  -1.0527054e-01  -1.5399790e-01   1.7134131e-01
   3.2980479e-01  -1.8187923e-01   2.0362184e-01   1.5423434e-01  -4.0576694e-01   2.7938874e-01   2.5172658e-01  -1.0174101e-01  -1.1989823e-01  -1.4381304e-01  -2.5186368e-02  -1.0533763e-01  -1.3706518e-02   0.0000000e+00   2.9006112e-01   9.8610007e-02  -1.2626767e-01   6.3441464e-02   5.8720670e-02  -4.8179351e-01   7.4894968e-02   3.2698216e-01  -4.6497556e-03   1.7051799e-01  -1.3215109e-01   1.4882157e-02  -1.5897540e-01   2.2996628e-01  -1.4196515e-01   3.4177750e-01   8.3633366e-02   3.0212909e-01  -2.5922090e-01   5.1656540e-02   1.2871456e-01  -3.8694319e-01  -2.0033663e-01  -3.3206098e-01   1.1662574e-01  -1.5079149e-01  -3.8580951e-01  -1.9982407e-01   8.8051903e-03   3.4899875e-01  -1.7597269e-01  -1.5084530e-01  -1.4576952e-01   3.6353969e-01  -5.0042847e-02  -2.9281943e-01   1.4328584e-01  -1.1171197e-01   2.9866407e-01   1.2436695e-01   2.9903725e-01   3.0688666e-01  -9.2681376e-02   2.0874578e-01  -1.7878695e-01   1.2324973e-01   1.8799921e-01  -3.9071781e-03  -3.1157829e-02  -9.7941772e-02  -1.3090818e-01  -1.3073738e-01   1.8460662e-01  -2.5685232e-01   1.9642546e-01   4.1649267e-01   9.1748006e-02   1.3333372e-01  -9.4410293e-02   4.5963890e-01  -1.2097638e-01   9.3588091e-02  -1.0663557e-01  -1.1016829e-01  -4.1920054e-01  -2.1379451e-01   3.3294166e-01  -2.3564394e-01  -2.3740927e-02  -1.0809459e-02   4.1582178e-01   2.6139271e-01   4.1365160e-01   2.8751959e-01  -1.0782816e-01   1.3061675e-01  -4.4501832e-01   1.0114679e-01  -3.1334426e-02  -1.7959558e-01  -3.2584488e-01  -3.8040573e-01  -4.3569504e-02   4.8791848e-02  -2.4472076e-01   1.5160166e-01   5.5147480e-01   2.5697493e-02   4.6869666e-01   3.7815802e-01   3.1833692e-01   1.5938714e-01  -2.9107675e-02   3.3919456e-02  -1.3299942e-01  -8.9543556e-02   1.6163315e-01   4.1937015e-01   7.4606695e-02  -2.1111107e-01   2.5602715e-01  -3.2070691e-01   9.7531104e-02  -1.3953960e-01   4.4949254e-01   2.6792089e-01  -1.7035364e-01  -3.2398785e-01  -1.1357860e-01   1.0192561e-01  -5.3792859e-02   4.2904662e-01   2.7453965e-01  -1.4242002e-01   1.3793235e-01   5.0136228e-01  -6.1331146e-02  -2.2798076e-01   6.7332128e-01   1.0038037e-02  -1.1105387e-01   8.3872681e-02  -2.5167447e-01   5.6193375e-01   2.1740090e-01  -2.2255663e-01  -1.3816117e-01  -9.8684987e-02  -4.3142696e-02   4.5032339e-01   1.9093039e-01   3.1175669e-01   1.5707179e-01  -2.1401171e-01  -1.5527659e-02  -9.1922461e-02   4.4652779e-01   4.0800421e-01   1.0789525e-01  -1.4186673e-01   2.4533775e-01  -2.8775334e-01  -2.7207029e-01  -2.2581044e-01  -9.2359632e-02   4.2203585e-01  -5.1029935e-02  -5.7052136e-02  -2.1021743e-01   3.2221845e-01   2.0854299e-01  -3.6076679e-01  -4.3040923e-02   2.7564257e-01   4.3288833e-02  -3.6132068e-01  -2.0429522e-01  -2.1904297e-01  -1.9571283e-01   3.4217821e-01   6.0541937e-02  -1.0200862e-01   2.2257919e-01
