   0.0000000e+00   2.5038010e-01   2.5804197e-01   2.7753436e-02   2.4250446e-01   3.9380786e-01  -3.2713561e-01   1.7693129e-01  -9.0444170e-02  -5.3756753e-01  -3.6043369e-01  -2.4156939e-01  -2.0511359e-01   1.9616814e-01  -2.5934021e-01  -1.9379270e-01   3.6024694e-01  -4.5537208e-01  -8.5091066e-02  -9.1078006e-03  -3.6376176e-01   1.3154373e-02  -4.2558754e-01   6.6150603e-01   1.5592472e-01   2.1570176e-01   7.7055097e-02   4.7062211e-01   2.1700216e-03  -1.2533810e-01  -4.6903501e-01   2.4696923e-01   5.6663831e-02  -4.8178030e-01  -1.2749126e-01  -3.6084216e-01  -1.4063572e-01   3.8133601e-01  -1.8635350e-01   1.7311520e-01  -3.8633685e-01   3.4561485e-02  -8.4023096e-02   6.9141196e-02  -1.3390013e-01   5.3976057e-01  -1.5437955e-01  -3.4088401e-01   2.5384910e-01   3.0918641e-01  -3.4338012e-01   2.7948584e-01  -2.1016206e-01   1.1384485e-01   4.1582281e-01   8.1349516e-02  -3.7614168e-03   1.6871659e-01  -3.1271517e-02   2.5253546e-02   3.8977838e-01   1.4204157e-03   2.1800366e-01  -4.3677547e-01   5.9392347e-02  -3.4056938e-01   2.6220716e-01   1.3214692e-01   1.5451259e-01   1.2231687e-01  -5.2089076e-01  -1.3199030e-01  -4.1568573e-01   3.3067447e-01   1.4774334e-01   2.1354545e-01   3.8115520e-01  -1.1410866e-01   2.8110298e-01   1.1972647e-01   2.6972424e-01  -2.5520313e-01  -3.8889266e-01   2.1468933e-01   5.4594471e-01  -1.1987466e-02  -5.8757232e-03   3.7991098e-01   2.2694520e-01   8.7132847e-01   4.5182288e-01   4.5075918e-01  -3.2356221e-01  -1.3935942e-01   3.1575260e-01   3.5084962e-01   1.8224490e-02   8.2500432e-02  -4.5652252e-02  -4.7618688e-01  -1.4435831e-01  -1.8113872e-01   1.2667953e-01  -1.5208685e-03  -5.3809727e-02   1.6174418e-01   3.1348681e-01   1.6003812e-01  -3.8899692e-01  -1.9896763e-01  -5.5499828e-01   2.5837847e-01  -4.3202812e-02   8.6250286e-01   4.2307348e-01   2.9105770e-01   1.7257295e-02  -2.8216205e-01   3.9317784e-01   4.8011325e-02   6.0162301e-01   3.4678749e-01   2.9328596e-01  -3.6043564e-01   5.3050035e-01   3.6653107e-01  -1.0148991e-01   2.2609426e-01   3.4019061e-02  -2.1150311e-02  -1.4948896e-01  -5.7767357e-01   5.7250649e-01  -6.0790272e-01  -2.0945675e-02   2.5973276e-01   2.5118315e-01   4.9705202e-01   2.8127717e-01   5.5089360e-01   7.7344443e-01   1.1591048e-01  -5.1296549e-03   1.5425049e-01  -3.8529560e-01  -3.4658393e-01  -5.5981770e-01  -1.5616329e-01  -2.1871655e-02  -2.6268276e-01   5.5941559e-01  -2.2664009e-01   7.4832413e-01  -2.3400996e-01   1.3941999e-01   6.3428040e-01   3.1768499e-01  -2.6434368e-01   4.8922678e-01   8.6630180e-02  -3.8060377e-02  -1.9723075e-01  -4.8366577e-01  -2.3063136e-01  -3.7650125e-02  -6.9087325e-02  -5.1458367e-01   2.7512458e-01   6.4558612e-01   1.2151562e-01   2.6008308e-01   4.0164574e-01  -2.8413942e-01   3.6707165e-01   3.0265377e-02   2.4247704e-01   6.5998439e-02
   2.5038010e-01   0.0000000e+00   5.3408025e-01  -2.6189704e-01   8.3460670e-01  -1.8890863e-01  -7.8923422e-01  -2.4337842e-01  -6.2479928e-02  -1.3908925e-01  -7.4417983e-01   2.8839607e-01  -2.8955073e-02  -1.2505114e-01  -7.0122402e-01  -3.4835700e-02   7.3153839e-01  -7.5121014e-01  -1.6973934e-01   5.8827365e-01  -6.5432677e-01  -8.1811111e-02  -7.8796106e-01   2.1867743e-02   2.0493293e-01   2.4724856e-02   4.1090716e-01   1.7925312e-01   3.1812511e-02  -5.2953127e-01  -5.6958739e-01   1.4068731e-01   2.2791199e-01  -2.7058144e-01   3.1807934e-02  -8.3320999e-02   2.4227438e-01   2.4574984e-01   2.4619307e-02   8.2895016e-01  -2.2814065e-01   8.1592821e-02  -2.2659662e-01  -2.6938559e-01  -1.8761950e-01  -6.8372377e-02  -6.6917546e-01  -6.9092397e-01   4.5416340e-01   8.1350588e-01  -6.8855109e-01  -2.5427541e-02   5.1347955e-01   7.5039525e-02   2.5883251e-02  -5.1585665e-01  -3.1048834e-02   1.1375888e-01  -1.5754809e-01   8.3869375e-02   1.3883290e-01   2.6752014e-01   3.6983568e-01  -4.5931570e-01   5.6082080e-01   5.1745441e-02   4.2935533e-01   2.7191330e-01  -4.1101002e-01  -1.8243383e-01   3.0699380e-01  -5.8251007e-01  -2.8000560e-02  -1.3185147e-01   2.7427103e-01  -1.6014265e-02   5.6391646e-02  -2.1976090e-01   8.2357180e-01  -2.4637882e-02  -1.6442960e-01  -8.8627226e-02   1.4217663e-02   1.7840645e-02   4.6237012e-01  -5.6679342e-01   4.1005850e-01  -3.2830239e-02   3.3492622e-01   2.8443830e-01   8.1046997e-01   1.9204893e-01   3.1379707e-02  -2.7787442e-01   5.5525440e-02   7.7058028e-01  -3.8343059e-02  -1.5954619e-01   2.0241516e-01  -4.1967250e-01  -4.5072671e-01  -3.3808416e-01  -2.5803068e-01   3.7611741e-01  -5.6017271e-01   8.7660362e-03   4.7677867e-01  -1.6321912e-01  -3.3976121e-01  -4.0079829e-01  -5.8327871e-01   1.3495573e-01  -4.0492025e-01   2.5075214e-01  -2.7097982e-01   8.7132730e-01  -1.6606734e-01   5.2288943e-02  -7.6897579e-02  -3.6129071e-01  -9.6580742e-02   8.9780768e-01   6.6487652e-01  -7.1836006e-02  -1.4996567e-02   6.4333963e-01   1.1069731e-01  -3.1332404e-02  -8.9062692e-02   1.7883972e-01   2.1082966e-01  -4.8927281e-01   7.0520633e-01  -5.4916120e-01  -2.4115020e-01  -7.3811036e-02   2.3794821e-01  -1.4714349e-01  -3.4474472e-02   2.6141721e-01   3.4404710e-01   1.7051901e-01  -5.5241817e-01  -1.8654568e-01  -7.4837257e-01  -6.6293828e-01  -6.4730098e-01  -1.8226563e-02  -2.5098643e-01   3.4188098e-02  -2.7467908e-01  -5.2081725e-01   6.1943876e-02   8.4437137e-02   8.3274171e-01   2.0410760e-01  -1.5776719e-01  -2.1976983e-01   4.5929493e-01  -2.4740109e-01  -1.8546235e-01  -5.5852260e-01  -1.8266897e-01  -6.8516047e-01   1.8598000e-01   5.0166701e-01  -5.3502159e-01   1.2063083e-01   1.7769379e-02   7.1123283e-01   7.8851137e-01   1.5561979e-01  -4.6150280e-01   3.2167198e-01   7.6013353e-02   2.3209997e-01   1.2523967e-01
   2.5804197e-01   5.3408025e-01   0.0000000e+00  -2.8352994e-01   4.2941483e-01   1.4454150e-02  -5.1660611e-01  -3.3317445e-01  -2.8220046e-01   3.7898938e-03  -3.3435262e-01   1.5981607e-01  -1.1582062e-01  -2.2583393e-01  -5.1697195e-01   1.1554690e-01   8.5319728e-01  -3.4315255e-01  -3.5368089e-01   3.6414512e-01  -4.7394250e-01   9.5385002e-02  -5.7199803e-01  -5.4773808e-02   2.0549314e-02  -2.0955232e-01   1.5674429e-01   1.6306122e-01  -9.0737441e-02  -3.0399554e-01  -5.4296085e-01   1.0747295e-01   2.7639823e-01  -3.5653913e-01  -9.0205411e-02   1.8686770e-02  -1.8369834e-02   2.4142946e-01   4.9918772e-02   7.0174011e-01  -3.7384964e-01   2.7035793e-01  -3.0107240e-01   3.1744590e-03  -3.3694820e-01   3.6454350e-01  -2.2184544e-01  -5.1096124e-01   7.9694380e-02   6.7208813e-01  -2.7372294e-01  -1.9718545e-01  -9.2958219e-03   1.4172943e-01   2.5730258e-02  -9.9234118e-02  -1.3990237e-01  -9.1950773e-03  -2.9064374e-01   2.0619232e-01   3.7803950e-01   8.9595807e-02   8.3239288e-02  -3.4661101e-01   1.4997996e-01  -2.4462899e-02   3.6249893e-01   7.1823935e-02  -2.0579684e-01   5.7426440e-01   1.6460431e-01  -3.8670557e-01  -2.4419302e-01   1.6537657e-01   1.0751188e-02  -2.2787613e-01   3.3051204e-01  -2.4129094e-01   4.2604026e-01  -3.3493777e-01  -2.1876417e-01  -2.9242709e-01  -1.4535245e-01  -1.6806903e-01   2.7252410e-01  -5.2117465e-01   6.4461336e-02  -2.8619073e-02   2.0358805e-01   2.5712262e-01   4.6220898e-01   6.2314888e-01   5.0745954e-02  -3.6817999e-01   2.9018472e-01   3.7529971e-01  -2.4845843e-01  -3.2477046e-01  -1.2228388e-01  -5.8130146e-01  -1.0704013e-01  -2.1379344e-01  -2.5083684e-01   1.2465369e-01  -3.4787117e-01  -4.7388001e-02   3.3395162e-01  -3.4317699e-01  -5.7489573e-01  -1.0981243e-01  -3.9806132e-01   1.8381270e-01  -3.1154136e-01   2.0756204e-01   1.1766378e-01   3.4884874e-01  -3.0029102e-01  -2.2199228e-01   3.6433788e-01  -2.8288339e-01   7.9078231e-02   4.7429537e-01   3.5148491e-01  -2.2875127e-01   1.2999278e-01   3.3383526e-01   7.6744718e-02  -1.1527310e-01   2.9414986e-02   6.8497719e-01   8.0704414e-02  -4.0724655e-01   4.4676775e-01  -3.9054054e-01  -3.9696320e-01  -3.0096881e-01   1.0621513e-01   2.8181705e-02  -2.6140843e-01   1.1616243e-01   2.1231098e-01   2.8114492e-01  -2.6129676e-01   4.3733473e-01  -4.5522084e-01  -4.6279197e-01  -2.6300577e-01   4.4237881e-02  -2.2487547e-02  -3.8776228e-01   1.4922481e-01  -4.4120176e-01   7.0565700e-02  -9.4372890e-02   7.6535344e-01   1.3063095e-03   4.0491903e-02  -3.8840352e-01   6.3642622e-01  -4.4167564e-01  -7.3661841e-02  -3.5568368e-01  -2.2919777e-01  -3.3108032e-01   4.8318792e-02   5.6047032e-02  -3.9751744e-01   1.7591425e-01   1.3938524e-01   2.4231022e-01   3.6139482e-01   3.4969337e-01  -2.8891595e-01   5.9884196e-01  -1.8442496e-01   3.3565242e-01   5.9248257e-02
   2.7753436e-02  -2.6189704e-01  -2.8352994e-01   0.0000000e+00  -1.3348472e-01   1.2802265e-01   2.5219324e-01   1.2239291e-01   1.2805450e-01  -3.2745080e-02   2.9027147e-01  -1.2776285e-01   1.0551541e-01   3.1969879e-01   3.6053760e-01   9.5653203e-02  -3.1964263e-01   2.2619682e-01   1.4765149e-01  -1.5193914e-01   2.1822336e-01   3.6886351e-01   2.5062498e-01  -4.9117600e-02  -1.3617129e-01  -4.1494570e-02   1.8119407e-03  -9.3048298e-02  -8.6401750e-02   4.5522542e-01   1.5134949e-01   1.1990153e-02  -3.3463781e-02   1.2560170e-01   1.1270716e-01   4.3429151e-02   9.6175640e-03   1.8724109e-01   1.5636725e-01  -2.1413139e-01  -1.0695722e-01  -9.9385606e-02   1.3473494e-01   1.0356015e-01   6.1416648e-01  -2.4085014e-01   3.7321589e-01   2.4234840e-01   1.7484185e-01  -2.7790093e-01   3.5020315e-01  -7.1283268e-02   2.6256781e-02  -8.7866958e-02   2.2686364e-01   1.7745515e-01   1.3644838e-02   1.4101179e-01   3.2595990e-01   1.4907791e-01   1.5049305e-02   3.8282432e-01  -6.2327428e-02   1.4464648e-01  -8.4306612e-02  -1.6400869e-01  -1.1827392e-01   3.0892295e-02   4.9714611e-01  -1.5399910e-01  -2.0716255e-01   6.0460154e-01  -1.2423508e-01   1.3326361e-01  -2.1271821e-02  -8.6460755e-02   6.3364737e-02  -1.1726232e-01  -1.6043108e-01   3.4741417e-01  -7.4734825e-02   3.2091793e-01  -4.0573193e-02   7.6796730e-02  -1.1178874e-01   8.0777104e-02  -4.9884308e-02   1.0448965e-01  -7.1287553e-02  -7.3643174e-02  -2.5161283e-01  -5.2183536e-03  -1.7977421e-01   4.1075536e-01   1.1016628e-01  -3.0360187e-01   2.9375061e-01  -3.5132318e-02   3.0265782e-01   2.4154608e-01  -2.9965434e-02   2.8177440e-01   5.8218656e-02   1.1203893e-01   3.2665095e-01   2.0308564e-01  -5.8926408e-02   1.4705529e-01   2.6457985e-01   1.3824184e-01   1.1934105e-01   1.9972099e-01   4.0541684e-01   4.7701012e-02  -1.0404634e-02  -1.8535337e-01   6.0773152e-02  -2.7145032e-01   3.2216559e-03   7.4217307e-01  -2.9290533e-02  -2.8264701e-01  -1.9410249e-01   7.8634058e-02  -1.1669354e-01  -1.1618320e-01   7.1549142e-02   1.9489310e-01   6.4918318e-02  -3.2197334e-01  -1.6500033e-01   1.6260355e-01   4.7591119e-02  -1.1150926e-02   1.6420890e-01  -2.0621416e-02  -3.4037356e-02  -1.8083545e-02  -6.2997183e-02   1.4237282e-01   4.9666329e-02  -3.9685964e-01   1.4687583e-01  -3.8325208e-02   2.1387684e-01   1.4302324e-01   1.3180860e-01  -1.0930712e-01   2.5022994e-01   1.4650120e-01  -5.7660989e-03   3.0333183e-02   1.8019262e-01   4.7256879e-02  -3.2654290e-01   1.7056101e-02  -5.0092932e-02   2.4646518e-01  -1.5942022e-01  -3.6738364e-02   3.0460391e-01   2.1161816e-01  -1.3993304e-01   2.8640266e-01   2.3578648e-01  -3.0189662e-02   3.1615262e-01  -6.7638387e-02   7.9425087e-02  -2.5994149e-01  -1.4683999e-01  -5.1191190e-02   4.7660709e-01  -3.6433080e-02   1.3499005e-01   2.6514268e-02   3.0971634e-01
   2.4250446e-01   8.3460670e-01   4.2941483e-01  -1.3348472e-01   0.0000000e+00   1.2816521e-02  -6.6925479e-01  -9.2906221e-02   1.8763475e-02  -5.7954592e-02  -6.2312687e-01   3.3238716e-01   7.8216547e-03  -1.4702925e-02  -5.7902019e-01  -2.7047937e-02   5.9907126e-01  -5.8141446e-01  -1.3761589e-01   7.7343104e-01  -4.8832142e-01  -7.5434405e-02  -6.4952021e-01   1.1927150e-02   1.7391580e-01   1.2400192e-01   4.7186321e-01   1.9699696e-01  -1.8736876e-02  -3.8266380e-01  -5.2781464e-01   3.6453895e-02   2.4877846e-01  -1.2869306e-01   1.1144828e-01   1.7011016e-01   1.9277692e-01   1.6854010e-01   9.0905616e-03   7.0435472e-01  -2.4210643e-01   1.4023055e-02  -1.1516501e-01  -2.1254308e-01  -3.3217226e-02  -1.1176230e-01  -4.6433963e-01  -5.8093297e-01   4.2414176e-01   6.7099263e-01  -5.9734189e-01   5.1399039e-02   5.0348953e-01   4.3395165e-02   7.2074031e-02  -4.2284848e-01   2.2379741e-02   2.6977907e-02  -2.7794840e-02   2.2086862e-01   1.8625780e-01   3.7754481e-01   3.5938343e-01  -3.5195585e-01   3.8370510e-01   1.8920336e-01   5.9838426e-01   2.2231196e-01  -3.4961169e-01  -1.8131956e-01   1.8445153e-01  -4.3553307e-01   3.6186357e-02  -1.8035335e-02   1.8192261e-01   7.0347345e-02   3.2803310e-02  -6.2271296e-02   8.4485766e-01   1.7814363e-02  -1.3581519e-01  -2.3630890e-02   4.2371498e-02   9.3122557e-02   4.4954408e-01  -4.7380880e-01   4.6330342e-01  -4.6436469e-02   2.4503710e-01   2.2618042e-01   7.2410434e-01   2.3766618e-01   2.1972227e-01  -1.2166531e-01   2.4848111e-02   7.6198902e-01  -2.0325026e-03  -1.6582569e-01   3.5251822e-01  -3.8938445e-01  -4.7543333e-01  -2.0022800e-01  -1.8784436e-01   3.2425661e-01  -4.8458281e-01  -9.8456873e-02   4.4093820e-01  -3.5231476e-02  -3.0143239e-01  -1.2290420e-01  -4.5769466e-01   2.3033342e-01  -2.8476828e-01   1.8269892e-01  -2.7590982e-01   8.0223424e-01  -1.0931900e-01   1.4485939e-02  -5.0002911e-02  -1.9839006e-01  -2.2810237e-01   8.7872795e-01   5.0512555e-01  -4.4142331e-03  -7.8968399e-02   6.7044943e-01   1.3702571e-01  -1.1053583e-02  -1.4593282e-01   1.6055259e-01   7.3991790e-02  -3.5033194e-01   6.8315937e-01  -4.5355865e-01  -2.0213927e-01  -3.3820540e-02   2.2850315e-01  -1.5559904e-01  -9.0552356e-03   1.8623734e-01   3.2938345e-01   8.2661893e-02  -4.4050086e-01  -2.0957630e-01  -5.9981655e-01  -5.3632459e-01  -5.8437900e-01   1.7769002e-01  -4.3603727e-02  -5.2000010e-02  -2.4406780e-01  -4.9836675e-01   1.1954670e-01   1.5852955e-01   6.9007158e-01   1.3286978e-01  -2.5132613e-01  -1.5121858e-01   3.9776494e-01  -2.1686839e-01  -6.4087432e-02  -3.9700047e-01   1.2193882e-02  -5.5085945e-01   8.8375609e-02   4.4109935e-01  -3.4735260e-01   1.1430378e-01   3.3280515e-02   7.0561858e-01   7.8378893e-01   4.7634890e-02  -2.6002923e-01   3.6494771e-01   5.3924148e-02   2.5118713e-01   7.4430883e-02
   3.9380786e-01  -1.8890863e-01   1.4454150e-02   1.2802265e-01   1.2816521e-02   0.0000000e+00   2.7975163e-02   3.0735152e-01   2.0640749e-01  -4.4999415e-02   4.9550288e-02  -1.6551419e-01  -2.9733822e-02   5.2864515e-02  -2.3888631e-02  -1.5125189e-01  -1.4955707e-01  -5.3985383e-02   1.2714212e-01  -5.3516334e-02   4.2194150e-02   4.2638776e-02   5.5991928e-03   2.9097542e-01   5.3436583e-02   3.2966068e-01   1.0313189e-01   9.9178887e-02  -1.2987326e-01   1.0848114e-01  -1.7969938e-01   2.4491859e-01  -3.4534143e-03  -4.7452067e-02   5.3477950e-02   2.8502617e-02  -1.0961977e-01  -1.7899803e-02  -2.9885584e-01  -1.0162431e-01  -1.1919627e-01  -8.4318502e-02   2.1114587e-01  -5.7162877e-02  -7.7120374e-02   3.2817769e-01   2.5097276e-01  -1.0861637e-04  -8.0580816e-02  -1.2825805e-01  -4.2666552e-02   3.6830950e-01  -3.1536302e-01  -7.2003810e-02   2.5384521e-02   1.2021444e-01   2.3709999e-01   2.1176173e-01   7.0032141e-02   2.1136498e-01   2.8990905e-01  -1.6979277e-01   1.0924086e-01  -1.7091767e-01  -1.9115418e-01  -4.0880855e-02   4.6539630e-01   2.8738615e-03   4.1753088e-01   2.3958102e-01  -3.8291645e-01   1.4046163e-01  -3.1018598e-01   2.0837793e-01  -1.0129317e-01   2.9213438e-01   1.5975866e-01   2.6324096e-01  -6.3066963e-03  -2.9958196e-02   8.8785050e-02  -2.1147670e-01  -3.4382018e-01   3.2209555e-01   8.7227423e-03   1.4725833e-01  -7.9771104e-02  -1.1409958e-01   2.7633801e-02   2.8211538e-01   5.2150287e-02   2.7532298e-01   5.8138690e-02   2.2412733e-01   6.4884238e-02   4.3392861e-02  -1.4413998e-01   2.0227222e-01  -2.0597175e-02  -1.3767551e-01  -1.1232695e-01  -8.6740280e-02   6.1067883e-02   4.3763053e-02   2.0779549e-01   2.0677084e-01  -1.1570259e-01   4.6935571e-01  -6.3484084e-02   1.9452872e-01  -6.2901651e-02   3.5650583e-02   1.8715743e-01   2.8024362e-01   1.8742513e-01  -1.3132499e-01   9.9920051e-02  -2.2652866e-01   1.6275258e-01   1.0315879e-01   1.9704964e-01  -1.6475113e-02  -1.4494647e-01  -1.6070718e-01   2.8678107e-01   1.5069802e-01  -1.6209990e-01  -3.3016991e-02   2.5092669e-01  -1.5441899e-02  -3.4123923e-01  -1.1125885e-01   4.4396160e-03  -1.3705163e-01   2.8873154e-01   3.5847345e-01  -1.2434423e-01   1.1564531e-01   2.5445047e-01   2.1902186e-01   1.8342461e-01  -1.0631850e-02   2.3440548e-01   1.2497266e-01  -1.7916396e-02   1.0464239e-01  -3.5062787e-02   1.4871953e-01   2.5744750e-01  -2.0172087e-01   2.6917905e-01  -2.9438328e-02   2.7889456e-01  -1.4842389e-01  -1.5740005e-01   2.3652825e-01   2.5628410e-01  -1.1594265e-01   1.5694268e-01   8.6614301e-02   4.8403955e-02   2.2016320e-01  -3.8850986e-03   1.2401589e-01   8.9112521e-02  -2.1021108e-01  -1.2477555e-01   1.6996197e-01   2.8624332e-01  -1.8163148e-01   3.0961113e-02   3.5031944e-02  -2.3728868e-02   4.2923712e-01   7.1325211e-02   6.0466265e-02   2.7678570e-02
  -3.2713561e-01  -7.8923422e-01  -5.1660611e-01   2.5219324e-01  -6.6925479e-01   2.7975163e-02   0.0000000e+00   9.6327799e-02  -9.7676529e-02   3.4942255e-01   6.7667184e-01   8.9492350e-02  -9.5618581e-02   1.0127041e-01   8.6362661e-01   7.5535927e-02  -6.7922256e-01   7.2156812e-01   3.2440985e-02  -3.6891422e-01   7.4669581e-01  -7.1960396e-02   9.3390115e-01  -2.3865397e-01  -3.5250564e-01  -2.8907815e-01  -3.0038706e-01  -9.1689515e-02   1.0846725e-01   6.1873374e-01   6.6462656e-01  -3.3263153e-01  -2.3119731e-01   5.8868128e-01  -8.4353440e-02   2.5059386e-01  -1.4356198e-01  -2.3740787e-01   5.4627663e-02  -6.5495178e-01   1.7506736e-01  -4.3563054e-02   1.6403323e-01   2.8870755e-01   3.2297459e-01  -2.1848057e-01   5.8556811e-01   8.4533290e-01  -5.0642504e-01  -7.6097201e-01   6.5379341e-01  -2.2791741e-01  -1.5864121e-01  -9.1517625e-02   7.6248618e-02   5.7706988e-01  -1.7258571e-01  -4.0504011e-01   1.6974255e-01  -9.2661843e-02  -2.4313426e-01   1.8957435e-03  -5.7476809e-01   4.7614979e-01  -6.7544509e-01   2.3525651e-01  -4.0109189e-01  -2.7450958e-01   1.8809711e-01   1.5168804e-01  -3.5909172e-04   5.6901610e-01   1.4720971e-01   2.7215238e-01  -4.1709115e-01  -1.3260312e-01  -1.9592454e-01   8.7165138e-02  -6.8658594e-01  -1.0099912e-02   2.0976920e-01   3.2209010e-01   1.0454993e-01  -3.0157689e-01  -3.6661272e-01   6.7804668e-01  -4.8050010e-01   9.6099400e-02  -4.7753416e-01  -3.5512962e-01  -7.8786852e-01  -2.8019626e-01   1.3069138e-01   1.2680595e-01  -9.9179247e-02  -6.7100777e-01   1.3811573e-01  -1.5890993e-01  -6.0444207e-02   6.8053494e-01   5.4643173e-01   5.0208991e-01   1.7524576e-01  -4.4702512e-01   4.6622909e-01  -2.7562685e-01  -4.1558418e-01  -1.6889494e-01   4.9016428e-01   4.5943759e-01   7.6567872e-01  -1.3855312e-01   3.5983162e-01  -3.2103697e-01   4.3110021e-01  -7.5004782e-01   1.0799053e-01  -1.3259763e-02   1.7832838e-01   3.0096130e-01  -1.3575169e-01  -8.1865950e-01  -7.7991181e-01   7.2540461e-02  -2.4393881e-01  -5.8713400e-01   1.4068788e-01  -5.5289549e-02  -2.4471310e-01  -1.1107214e-01  -2.7804344e-01   7.0339207e-01  -6.7596424e-01   5.8124937e-01  -2.6579058e-02  -3.6050943e-02  -2.8955536e-01   2.1349090e-01  -9.5502539e-02  -3.9023263e-01  -3.6722997e-01  -4.2207218e-01   3.4210403e-01   2.4260197e-01   7.5410255e-01   5.9880922e-01   8.0449054e-01   1.0654109e-01   3.8118965e-01   2.0529444e-01   3.0374611e-01   4.9414008e-01  -8.8720208e-02  -5.2193518e-02  -6.8552612e-01  -3.8966216e-01  -8.8024873e-03   2.7348989e-01  -4.5390926e-01   2.3246669e-01   9.0575917e-02   3.8556749e-01   3.6775933e-01   4.9785719e-01  -3.7280402e-01  -1.2657905e-01   7.3694876e-01  -1.5281788e-01   4.8623304e-03  -5.5949100e-01  -6.0553745e-01  -3.8999575e-01   4.4276815e-01  -2.4904284e-01  -1.3112603e-01  -3.2356015e-01  -3.3883425e-01
   1.7693129e-01  -2.4337842e-01  -3.3317445e-01   1.2239291e-01  -9.2906221e-02   3.0735152e-01   9.6327799e-02   0.0000000e+00   3.4139870e-01  -1.8988940e-01   1.3376696e-01  -1.6795702e-01  -1.5552491e-01   4.4034539e-01   9.6271792e-02  -2.8101799e-01  -2.6011355e-01   4.0721461e-02   2.9809683e-01  -2.6420407e-01   8.8573362e-02   4.2529897e-04   1.0128760e-01   4.5687337e-01   1.2405284e-01   6.3131606e-01  -3.6519858e-01   1.0965229e-01   9.0170485e-02  -7.7537123e-03   9.4462628e-02   3.0526617e-01  -3.9961198e-01   4.6079330e-02   1.3967723e-01  -3.0053466e-01  -4.7055594e-02  -2.1509086e-01  -3.7916663e-01  -3.7174630e-01  -1.2458934e-01  -3.6023320e-01   2.3050880e-01   1.5412568e-01   1.1316509e-01   3.1433585e-01   1.5028320e-01   5.7337557e-02  -4.7249175e-02  -2.4239692e-01  -6.5963906e-02   8.0762867e-01  -1.2547574e-01   1.7079674e-03   1.0652895e-01   7.2750363e-02   2.4586571e-01   2.1773106e-01   1.8363288e-01   1.5541929e-01   3.0845305e-01   1.6991804e-02   2.2225958e-01   4.9895574e-02  -3.7625090e-04   2.4202539e-02  -8.3470693e-02  -8.0363272e-02   3.7177364e-01  -2.9516458e-01  -3.7627474e-01   1.0114167e-01  -6.5536244e-02  -1.4598922e-01   1.1129403e-01   6.2969884e-01   1.3788252e-01   3.9065817e-01  -1.0844591e-01   1.9482717e-01   4.7820398e-01   1.2473410e-01   9.8614603e-02   6.0704324e-01   1.9840831e-02   4.5433513e-01   1.2718403e-01  -1.4979861e-02   3.9794791e-02   1.3552938e-01   4.5774156e-02  -1.9136880e-01   2.4822927e-02   2.8872229e-01  -2.0091423e-01   2.4928400e-02   2.5956886e-01   4.9836678e-01   6.2128906e-02   1.2792645e-01  -9.5847772e-02   9.0792400e-02   5.2363529e-01  -9.0303128e-03   2.8580552e-01   2.7964741e-01  -2.6029068e-01   6.1578021e-01   1.3243824e-01  -1.2294354e-03   6.5811700e-02  -1.9299283e-02   2.7181648e-01   2.7309491e-01  -1.6578591e-02  -1.2650810e-01   3.6157063e-01   3.4282220e-04  -1.4637462e-01   1.7281658e-01   2.3908469e-01  -3.5478650e-02  -2.1897688e-02  -6.9634234e-02   5.3839435e-01   9.6786800e-02  -1.8735880e-01   2.5133071e-01   1.8077022e-01  -3.8885404e-01  -1.8440093e-01   2.6405762e-02  -9.1579874e-03  -2.2350695e-02   4.0651719e-01   6.4998227e-01  -1.4667690e-02   2.8383300e-01   6.9377058e-01   3.0643854e-01   1.0154740e-01  -1.1322460e-01   3.0792094e-01  -3.5680178e-01   8.1188371e-02   2.4271328e-01  -1.2577886e-01  -5.3877380e-03   6.0342229e-02   1.4223014e-02   1.3917279e-01   5.4728957e-01   8.1641128e-03  -2.7514999e-02  -3.8380204e-01   4.0508422e-01   4.9105243e-01   2.8443102e-03  -1.9787201e-01   5.9169698e-01   6.8758497e-02   3.1794945e-01  -1.3963316e-02   1.8475367e-01  -4.9246262e-03  -1.1374575e-01   5.1478404e-02   3.1578607e-01  -1.9353898e-02  -9.0585300e-02  -1.2131892e-01  -2.0340495e-01  -2.0362361e-02  -2.2815407e-01   2.7456333e-01  -3.3972492e-01  -1.8377950e-02
  -9.0444170e-02  -6.2479928e-02  -2.8220046e-01   1.2805450e-01   1.8763475e-02   2.0640749e-01  -9.7676529e-02   3.4139870e-01   0.0000000e+00  -6.0481764e-02   1.0403879e-01  -6.0906861e-02   5.6617058e-02   1.4989398e-01  -4.3282976e-02  -2.8208579e-01  -2.8122172e-01   9.9899618e-02   3.7306647e-01  -3.6863181e-02  -9.6560282e-02  -1.3781364e-01  -1.4190709e-02   2.5535289e-01   2.0995456e-01   4.5313786e-01  -1.0113736e-01  -3.3832422e-01   2.6781103e-02  -1.4419591e-01   7.2589281e-02   2.7646700e-02  -2.7264726e-01   8.0901991e-02   6.1924551e-01  -1.2329649e-01  -9.6924785e-02  -9.0403624e-02  -2.0102984e-01  -1.2008432e-01   1.2476221e-01  -2.0464234e-01   6.2166880e-01  -2.7705471e-01   8.7966875e-02  -8.1586828e-02  -7.7211166e-02  -8.3502189e-02  -3.6223797e-02  -1.2553812e-01  -1.5202155e-01   3.9519919e-01   1.8498914e-01  -8.4886936e-02  -3.3214324e-01  -2.8218134e-01   1.8622248e-01   2.2223341e-01  -6.4008525e-04   4.5142795e-01   5.3711975e-02   3.6601531e-02   5.6370708e-01   1.7506486e-01   2.8365929e-01  -4.8274155e-02   5.4703656e-02   1.1393272e-01   9.6617273e-04  -3.9221888e-01  -5.4788679e-02  -4.8970706e-02   1.0445332e-01  -3.7681330e-01   1.4094634e-01   3.8357829e-01  -1.3635320e-01   1.2997427e-01   5.7823736e-02   2.1400971e-01  -2.2776888e-02   8.4055722e-02   1.4074282e-01   4.4636497e-01  -2.9676194e-01   4.0890503e-03   5.6904340e-01  -2.4153816e-01   4.2912913e-01  -1.8873652e-01  -1.4477218e-02  -2.3994125e-01   4.8567551e-02   7.2839627e-01  -1.8430817e-01   1.4291027e-01  -1.4167933e-02   4.7485007e-01   1.7596082e-01   3.6940147e-02  -2.3686742e-01  -3.4845832e-02   3.2990031e-03   6.5961512e-01  -8.2544704e-02   1.7716945e-01  -2.0258021e-01   4.6024316e-01   5.4020636e-02  -1.8781509e-01   8.9211600e-02  -3.4910844e-01   1.4643827e-01  -9.6105231e-02  -4.5839788e-01  -1.5091513e-02   8.1599088e-02  -1.2237176e-02  -5.5358103e-01   6.8275162e-02  -1.4449606e-01   5.4392797e-02   2.4645702e-01   2.7924548e-01   6.0023717e-02   2.1438402e-01  -1.6116712e-01   1.7903223e-01   1.5076196e-01  -3.2807958e-01  -1.6535937e-01   9.8814384e-02  -5.8776095e-02   8.1837688e-02   5.2164480e-01   4.3101837e-01   5.0663045e-02  -2.6153032e-01   3.0506983e-01   1.2236578e-01  -1.4024711e-01  -9.8949616e-02   2.0380226e-01  -6.0786409e-01   4.2501595e-02   3.4882088e-01  -3.8829441e-02   1.0208701e-01  -4.7420955e-02   8.0804852e-02  -3.2475601e-01   1.7398112e-01   1.8827364e-02   1.9997967e-01  -7.9789433e-02   1.7077764e-01  -4.6871769e-02  -8.4133905e-02  -1.9222313e-01   1.7796673e-01   1.2876985e-01   3.7171143e-01   8.9508221e-02  -2.0245409e-03   1.4308824e-01  -6.7601846e-02   9.7885775e-02  -1.7185735e-01  -2.3352763e-01  -5.1761949e-02   1.7924858e-02  -2.2487571e-01   1.1691189e-01  -2.4866138e-01   2.8402426e-01  -7.4366506e-02   2.3380633e-01
  -5.3756753e-01  -1.3908925e-01   3.7898938e-03  -3.2745080e-02  -5.7954592e-02  -4.4999415e-02   3.4942255e-01  -1.8988940e-01  -6.0481764e-02   0.0000000e+00   2.4754269e-01   6.3486390e-01   6.6051080e-02  -2.9617148e-01   1.9020134e-01   2.1440408e-01  -1.7587613e-01   3.0187651e-01  -1.0251064e-01   3.5168820e-01   3.2830207e-01   7.7669610e-02   4.0290390e-01  -5.2837235e-01  -3.4981902e-01  -3.8348135e-01   8.8511259e-02  -4.4116019e-01  -1.2043324e-01   2.0870131e-01   1.5490931e-01  -2.8624500e-01   5.5400762e-02   6.9515219e-01   1.4957720e-01   6.5216126e-01   1.4229494e-01  -3.3093985e-01   1.0433515e-01   1.0084062e-01   1.6756925e-01   5.1675747e-02   9.3594817e-02  -1.5096075e-01   8.8932519e-02  -2.2949310e-01   1.7363572e-01   3.0902649e-01  -3.9714178e-01  -2.5281685e-01   3.5565103e-01  -3.3211238e-01   2.8736042e-01  -2.4163590e-01  -3.7457658e-01   2.6294872e-02  -2.2205719e-01  -2.1669729e-01   2.4397766e-02   1.7937275e-01  -1.6312934e-01   1.4173269e-01  -3.3594525e-01   1.2595854e-01  -3.6749934e-01   6.4804506e-01  -2.9431607e-03  -2.6306757e-01  -2.6667113e-01   3.1687812e-01   4.2776055e-01   2.4251984e-01   2.8403099e-01  -8.1463160e-02  -3.7755507e-01  -4.3932892e-01  -2.2177423e-01  -2.7701913e-02  -1.6737082e-01  -2.8630532e-01  -4.5008805e-01   2.4794358e-01   8.5051817e-02  -2.8995697e-01  -4.9336054e-01  -1.0932252e-01  -5.0580322e-02  -5.1954102e-01  -2.2717442e-01  -6.2934689e-01  -3.5845734e-01  -1.2652876e-01   5.8447170e-01   6.7374167e-02  -1.9344006e-01  -1.5283480e-01  -2.0688940e-01  -3.5538993e-01   6.0448317e-03   5.4614230e-01   3.0627336e-02   3.0090973e-01  -3.9090423e-01  -1.1902152e-01   1.7093751e-01  -3.2035823e-01  -3.2728902e-01  -2.7795110e-01   3.3474903e-01   5.1917178e-01   4.9366701e-01  -5.0502314e-02   7.8005970e-02  -5.9493543e-01  -6.0677884e-02  -1.6647627e-01  -1.1969465e-01   1.7009176e-02  -8.7340137e-02   3.2959559e-02  -5.1776474e-01  -2.3714129e-01  -4.2466544e-01   1.3413200e-01  -3.8737879e-01  -1.2188444e-01   4.3052723e-01  -3.8074553e-01  -1.1123373e-02   2.6311462e-01  -1.9644453e-04   6.0677809e-01  -4.4592201e-01   3.8120741e-01  -2.0783114e-01  -4.5071166e-01  -3.5229093e-01  -4.9667809e-01  -5.0953783e-01  -5.0650084e-01  -6.6235270e-01  -1.2771358e-01   1.3830715e-01   1.2367745e-01   2.6407785e-01   6.8160670e-02   5.9640378e-01   3.1031382e-01   5.3025824e-01   1.7369282e-01  -2.9168863e-01  -1.5014266e-01  -5.4810801e-01   1.0522466e-01   4.2184742e-02  -7.2453951e-01  -2.1004441e-01   6.0654590e-02  -2.3142781e-01  -3.9482346e-01  -6.0556989e-02   1.1823822e-01   5.9065548e-01   1.3526775e-01  -1.7153766e-01   3.8214024e-01   5.2343849e-01  -2.9286775e-01  -3.2205066e-01  -1.6059134e-01   1.2144010e-01  -4.2215081e-01   1.9233862e-01   8.2937429e-02  -1.0875832e-01  -1.5496025e-01  -1.0822721e-01
  -3.6043369e-01  -7.4417983e-01  -3.3435262e-01   2.9027147e-01  -6.2312687e-01   4.9550288e-02   6.7667184e-01   1.3376696e-01   1.0403879e-01   2.4754269e-01   0.0000000e+00  -1.4527936e-01   6.4861208e-02   4.9547675e-03   5.8132121e-01   2.6321249e-01  -5.4834554e-01   8.3401410e-01   1.4390317e-01  -4.3813681e-01   5.2123116e-01  -5.8599590e-03   6.8255888e-01  -2.9024037e-01  -3.2232042e-01  -5.7143753e-02  -4.8919274e-01  -2.8867778e-01  -9.8324367e-02   4.7568691e-01   4.8828356e-01  -1.3325010e-01  -2.4970036e-01   3.0771817e-01   1.9065381e-04   2.9242848e-01  -1.6757103e-01  -1.9587242e-01   1.5307940e-01  -6.4843698e-01   3.2032846e-01  -1.2549523e-01   2.2547375e-01   3.9981660e-01   1.5502747e-01  -4.0505799e-02   7.7279527e-01   5.3527863e-01  -4.4770661e-01  -6.6256410e-01   7.4541297e-01  -4.4614640e-02  -2.1091982e-01  -2.3702821e-01  -1.6464618e-01   6.0934196e-01   4.8328300e-02  -8.6719711e-02   3.6105907e-01   3.0141025e-02  -2.6823841e-02  -1.2594302e-01  -3.3021904e-01   5.2785094e-01  -5.0590868e-01   2.2157225e-01  -3.9235669e-01  -2.9909606e-01   2.7468594e-01   1.9228268e-01  -1.1231991e-01   5.3591814e-01   1.7791812e-01   2.8742161e-02  -2.3628945e-01  -6.6619951e-02  -3.5183531e-02   1.5709917e-01  -6.1290573e-01  -3.3537239e-02  -1.3560269e-02   2.7979480e-01   1.3645985e-01  -1.0576212e-01  -5.3531291e-01   4.5647458e-01  -3.5236702e-01  -1.3131578e-01  -3.5855033e-01  -4.0778731e-01  -6.8882367e-01  -1.3786890e-01   1.6058750e-01   3.4449680e-01  -2.1558102e-02  -7.4384543e-01  -3.0803983e-02   3.1918997e-02   4.7797470e-02   2.9875896e-01   3.7380943e-01   4.1976430e-01   5.5675430e-02  -2.2817781e-01   4.9093935e-01   5.3838705e-03  -3.4691517e-01   6.8035151e-02   2.9413243e-01   5.4131305e-01   6.3302217e-01  -2.4255671e-01   3.1073835e-01  -3.3987543e-01   1.2683271e-01  -6.8627299e-01   1.3164486e-01   7.3306846e-02   4.8468236e-02   3.4073564e-01  -4.8795909e-02  -7.0805003e-01  -5.9533302e-01   1.4211620e-01  -1.2752758e-01  -5.9633106e-01  -5.4947459e-03  -1.5908989e-01  -4.2221558e-02  -2.2058309e-02  -1.3105257e-01   5.9882484e-01  -6.3932901e-01   6.4295436e-01   1.8389292e-01  -3.9781229e-02  -2.7516407e-01   1.5280706e-02  -1.2330641e-01  -2.3351005e-01  -3.9962467e-01  -3.2911454e-01   6.1768927e-01   1.8116744e-01   7.4257900e-01   6.9994912e-01   6.0976762e-01   3.4673153e-01   4.8392585e-01  -8.6410901e-02   1.3376641e-01   3.6556930e-01  -1.9374889e-01   1.0945527e-01  -5.8119060e-01  -2.6308176e-01   1.2483700e-01   3.5800907e-01  -2.5168909e-01   8.8149195e-02   1.5842375e-02   7.3679710e-01   2.4345483e-01   6.4608375e-01  -6.2584602e-02  -3.9484499e-01   5.9927766e-01  -2.5290516e-01  -5.3692977e-02  -4.8750125e-01  -6.7186989e-01  -3.0631779e-01   5.0471210e-01  -2.8334692e-01  -2.3507471e-01  -1.2338072e-01  -3.6973086e-02
  -2.4156939e-01   2.8839607e-01   1.5981607e-01  -1.2776285e-01   3.3238716e-01  -1.6551419e-01   8.9492350e-02  -1.6795702e-01  -6.0906861e-02   6.3486390e-01  -1.4527936e-01   0.0000000e+00  -2.8889967e-02  -2.0553965e-01   8.7900867e-02   9.2679229e-02   1.3070510e-01   4.6897390e-02  -3.0410005e-01   6.1737214e-01   6.2224571e-02  -1.3657810e-01   1.1511580e-01  -4.1754895e-01  -5.9920456e-02  -4.4971675e-01   3.3803876e-01  -2.9580994e-01  -1.4361469e-01   9.1745995e-02  -1.5140782e-02  -3.2243266e-01   6.3997055e-03   6.9346173e-01   2.5083898e-01   4.8749134e-01   1.6775051e-01  -1.2791990e-01   8.2327328e-02   3.9306218e-01  -5.5834162e-02   1.7237650e-01   1.7802898e-01  -2.1965248e-01   2.0721759e-01  -2.6132604e-01  -6.9895149e-02   1.4197589e-01  -1.3701679e-01   9.0949742e-02  -7.8288218e-03  -3.4003558e-01   5.6082233e-01   1.0900453e-02  -1.2125087e-01  -1.4188050e-01  -3.4631980e-01  -4.4444065e-01  -1.2987058e-01   4.1732984e-01  -5.1945947e-02   5.0916449e-01  -2.1341974e-01  -3.6069341e-02  -1.8545747e-01   7.0796941e-01   1.5440961e-01   1.1072540e-01  -4.8645920e-01   1.0613343e-01   3.9653137e-01  -1.7122225e-02   2.0934584e-01   1.9619983e-02  -2.4944945e-01  -3.6379752e-01  -1.6682332e-01  -1.3785514e-01   2.8449676e-01  -1.9637811e-01  -3.4129442e-01   2.7298494e-01   1.8932172e-01  -3.8944061e-01  -8.6277597e-02  -1.7597805e-01   6.4833207e-02  -3.4702596e-01   9.3621886e-02  -3.6521141e-01  -5.3990441e-02  -1.7528975e-02   6.9433660e-01   4.6416083e-02  -7.3629979e-02   2.1793707e-01   1.8468518e-02  -5.0760022e-01   2.8812703e-01   4.0698325e-01  -9.2560883e-02   3.7507713e-01  -3.0628465e-01  -8.1914130e-03  -1.8367090e-01  -4.4687949e-01  -1.1060977e-01  -4.3104569e-01   7.5712759e-02   2.6234702e-01   3.0898821e-01  -3.1189534e-02  -1.7148334e-02  -2.4330876e-01  -7.4536837e-02   1.9696600e-01  -1.7909302e-01   4.9968199e-02  -7.2970567e-03  -6.9001062e-02  -4.8576291e-01   2.3288874e-01  -1.4425800e-01   1.6390765e-01  -3.1842601e-01   2.9807515e-01   5.9661869e-01  -1.4770012e-01  -3.7206544e-01   2.5318390e-01   4.8670258e-03   4.3466757e-01  -1.5868175e-02   6.6511435e-02  -4.2288463e-01  -3.4030251e-01   2.9579370e-02  -3.5803538e-01  -3.2684675e-01  -2.6037877e-01  -3.6427758e-01  -1.0317788e-01  -1.7110208e-01   2.5727228e-02   8.1856341e-02  -1.2736044e-01   2.4931016e-01   1.5364133e-01   4.0795747e-01   2.5709305e-01  -2.2887160e-01  -2.4686704e-01  -2.4273609e-01   1.2499888e-01   3.9837014e-01  -5.5916258e-01  -2.7736531e-01  -7.9340852e-02  -2.3080660e-02  -2.9314965e-01  -3.5401463e-02  -1.1980349e-01   4.4087371e-01  -2.3558231e-01  -3.7587288e-01   7.1456525e-01   4.2535424e-01  -2.0114037e-01  -1.2595733e-01   1.9768767e-01   5.1451737e-01  -3.2286119e-01   5.8592516e-02   2.1481271e-01  -1.0353444e-01   1.1669386e-02  -2.9496321e-01
  -2.0511359e-01  -2.8955073e-02  -1.1582062e-01   1.0551541e-01   7.8216547e-03  -2.9733822e-02  -9.5618581e-02  -1.5552491e-01   5.6617058e-02   6.6051080e-02   6.4861208e-02  -2.8889967e-02   0.0000000e+00  -1.6631565e-01  -1.6776815e-02   2.3090096e-01  -1.0911875e-01   3.5554267e-02   1.2123547e-01   9.9463581e-02  -2.2955466e-01   5.4825617e-02  -3.3451331e-02  -1.8194971e-01  -9.6745632e-02   6.4162303e-02  -2.5777827e-02  -1.6015585e-01  -4.3148025e-02  -1.2857408e-01  -1.7629295e-01  -1.0314880e-01   2.5831252e-01  -1.0469395e-01  -1.2564202e-01   1.9178278e-01   2.7945580e-02   5.8983327e-02   2.3666148e-01  -1.5523678e-02   5.3962805e-01   2.2948317e-01  -5.3045531e-02  -1.0346584e-01   6.7191599e-02  -3.5492775e-01  -2.4313294e-02  -1.8577592e-01   1.5390310e-01   1.2364188e-03   1.4881618e-01  -7.3915755e-02  -9.8523385e-02  -2.3352134e-01  -3.8988181e-01   4.9260999e-03   1.1229004e-01   1.5215160e-01   3.4207985e-01   7.6414309e-02  -1.5684046e-01   8.7695061e-02  -2.0566087e-02  -5.6621585e-02   8.2118285e-02  -1.5130231e-01  -1.0538364e-01  -2.0128007e-01  -8.6364146e-02  -1.4402329e-01  -1.3920263e-01  -3.1469918e-02   2.7470522e-01  -9.4957678e-02  -7.7338358e-02  -1.5229523e-01  -7.8609626e-02   8.8827610e-02   6.0350355e-02   7.7333514e-02  -2.6242165e-01  -2.7046654e-03   8.1412496e-02   1.2848045e-01  -2.4667006e-01  -2.0977392e-01  -1.7511525e-02  -2.7224783e-02  -3.7361897e-02  -1.9660290e-01  -7.2638781e-02  -7.3579064e-02   7.1340156e-02   1.5834331e-01  -8.9321827e-05  -1.0479274e-01  -5.4106223e-02   1.4269534e-01   1.8443131e-01  -3.1057527e-02  -2.4915507e-01   9.2620513e-03  -2.5725364e-01   1.7466646e-01  -2.6856197e-02   6.0570894e-02  -1.2958713e-01   3.4704708e-02   1.6836485e-01  -6.8420940e-02   6.8218350e-02  -9.8653993e-02  -2.1042960e-01  -1.6810294e-01  -1.9692908e-01  -1.0834716e-02   2.6940496e-02   3.4431725e-01  -2.9695843e-01   1.6719260e-01  -2.0163588e-01  -5.5856285e-03  -1.3689203e-02   4.6820528e-02  -3.5024614e-01  -8.4335924e-02  -1.5793074e-01  -1.0072658e-01   6.4007173e-02  -1.3593286e-01   3.8413867e-01  -1.5785047e-02  -9.0526279e-02  -2.8771681e-02   5.5076077e-02  -1.8473565e-01  -1.5839327e-01  -4.1397980e-01  -2.3417804e-01  -6.0216764e-02  -3.7868114e-02   3.3348250e-01   2.2598434e-02  -1.1694949e-01   4.9965423e-02  -3.5027826e-02   8.0327376e-02  -8.9863911e-02  -1.5575782e-01  -2.2281184e-01  -1.7225858e-01  -1.8666891e-01  -2.1786025e-02   2.1477537e-01  -4.4466081e-02  -6.5013197e-02  -4.0615750e-01   4.8124480e-01  -9.6021732e-02  -1.7157769e-01   8.1309875e-02   1.1349324e-01  -1.6206793e-01   2.1872106e-02   1.0121752e-01   5.8783036e-02   9.1849328e-02  -1.1142096e-01  -3.3290588e-01  -2.1250547e-02  -1.8345436e-02   2.6579728e-01  -4.8872675e-02  -2.0754312e-01  -1.4446519e-01   1.3232242e-01   3.1606133e-01
   1.9616814e-01  -1.2505114e-01  -2.2583393e-01   3.1969879e-01  -1.4702925e-02   5.2864515e-02   1.0127041e-01   4.4034539e-01   1.4989398e-01  -2.9617148e-01   4.9547675e-03  -2.0553965e-01  -1.6631565e-01   0.0000000e+00   2.2574675e-01  -3.4017016e-01  -6.0210585e-02   3.9269257e-02   1.7470516e-01  -2.0719062e-01   1.3872880e-01   3.3215684e-01   5.1171781e-02   3.9453197e-01   4.3641945e-02   3.4393714e-01  -2.4055326e-01   3.2963736e-01   4.0506362e-02   3.1005716e-01   1.5529797e-01   1.2719620e-01  -4.0461861e-01  -2.3732269e-02   2.5875602e-02  -2.9271429e-01  -9.0985866e-02  -5.7154297e-02  -3.0546778e-01  -2.6915179e-01  -2.7299798e-01  -5.2670052e-01   3.8401736e-02   4.2594633e-01   4.0569090e-01   7.8483131e-02   4.3048945e-02   1.6338864e-01   1.6877040e-01  -1.2692277e-01   2.3807837e-02   3.2981568e-01  -7.9007868e-02  -8.0149910e-02   4.7377633e-01   2.5320422e-01  -1.0880273e-02   1.4493992e-01   1.5437311e-01   2.3504591e-01   1.9979050e-01   2.2789083e-01   3.1597011e-01  -4.3686318e-02   7.3977278e-02  -1.0806464e-01  -5.4294768e-02  -1.2338879e-01   2.9981926e-01  -2.9999229e-01  -3.2191304e-01   7.3962993e-03  -6.4023534e-02   1.7844512e-01   8.1628391e-02   3.6461948e-01   7.7381911e-02   2.0342172e-01  -7.1330751e-02   2.7337251e-01   5.5345001e-01   9.2272405e-02   1.2003816e-01   3.6429612e-01   3.0366473e-01   2.9406374e-01   2.9935938e-01   4.5056352e-01  -1.0418624e-02   2.1231475e-01  -5.7219684e-03  -1.3211943e-01  -2.0212220e-01   4.8753021e-02  -1.0696804e-01   6.4443532e-02   2.7742523e-01   3.5250446e-01   2.4216737e-01   9.0138121e-02  -4.8115206e-02   7.3797228e-02   6.2458276e-01   8.7445447e-03   1.3410127e-01   1.4412210e-01  -1.2909372e-01   3.4010954e-01   4.6689569e-02  -2.5458457e-02  -5.8648195e-02   3.2887673e-01   2.4266068e-01   2.8101051e-01   4.3088097e-02  -7.6128751e-02   3.3108423e-01  -1.4964694e-01   1.1288500e-01   1.4978808e-01   1.4379607e-01  -2.9546658e-02   9.2970915e-02  -7.5842773e-02   2.3093508e-01   2.5373102e-01  -8.6807578e-02   1.3167447e-01  -7.3954608e-02  -2.8102131e-01  -3.6999823e-01  -6.0391987e-02   3.0392061e-01  -7.8382857e-02   2.5174245e-01   2.5352579e-01   9.9714967e-02   4.1554499e-01   3.2242545e-01   1.9994958e-01   2.4635430e-01  -2.0783540e-01  -1.2584846e-02  -1.1343082e-01   1.0277507e-01   6.2299971e-02  -1.7961314e-01  -1.9533052e-01  -1.3850248e-01   4.7613803e-02   1.3799205e-01   5.1190502e-01   1.5786233e-01  -3.3518559e-02  -2.4679570e-01   3.3670915e-01   2.5136235e-01  -2.5332250e-02  -1.8341608e-01   5.2851077e-01  -5.8512813e-02  -8.9520644e-02  -1.4651309e-01   1.7114829e-02   1.3476345e-01  -9.4382622e-03   2.0815397e-02   2.4030302e-01   4.0850356e-02  -1.1380609e-01  -1.4176482e-01  -6.5751906e-02   5.1261604e-03  -3.9340554e-02   2.3314401e-01  -1.9668869e-01   1.5679577e-01
