   0.0000000e+00   2.3403894e-01  -1.8775390e-01   3.4926226e-02  -3.6647834e-01  -2.1913456e-01  -2.2433278e-02   4.7938178e-02   2.8686096e-01  -1.7576647e-01  -3.0845681e-01   8.7191363e-02  -3.4078573e-01   7.3670894e-01  -1.4677047e-01  -2.0748409e-01  -2.8986112e-01  -2.0493819e-01   1.6675397e-01  -3.2540921e-01  -4.4632953e-01   3.6005340e-02  -3.3325141e-01   8.3004114e-01  -1.2198461e-03   2.3183979e-01   9.5549014e-02   6.6891911e-01   1.6592769e-01   2.8531995e-01  -3.5119325e-01   1.4288353e-01  -2.3904767e-01  -4.2002898e-02   1.6736218e-01  -2.7009083e-01  -2.4694778e-01   3.4666087e-01  -2.7511821e-01  -2.1382865e-01  -4.7450046e-01  -1.6886413e-01   1.5749475e-01  -1.5118496e-01   7.3612624e-02   3.2238386e-01  -4.2137473e-04   8.5343398e-02  -3.1433450e-01  -2.5375370e-01  -5.5981151e-02   1.2790634e-01  -2.8497406e-02  -6.6574106e-02   9.0591123e-02  -3.2346926e-01  -4.0224647e-02  -2.8118184e-01  -3.3283148e-02   1.6968860e-01   2.3305214e-01  -2.3332659e-01  -7.9354791e-02   8.6370432e-02   2.2234060e-01  -2.2905796e-01   1.3395598e-02   3.1611846e-01   2.4941690e-01   1.3597106e-01  -3.4916720e-01   2.2528746e-01  -2.5783713e-01   6.1599892e-01   1.4484181e-01  -9.5349322e-02   2.1305090e-01   1.3832190e-01   1.0960898e-01   1.3100382e-01   3.1275869e-02  -9.4541880e-02  -4.3177387e-01   1.3192714e-02  -2.3329319e-03  -8.4447165e-02  -1.1389275e-01   4.8926959e-01   1.2304834e-01   8.4959593e-01  -1.6184333e-01  -5.8952726e-02  -4.0169762e-01   2.1666556e-01   3.6567228e-01  -3.6777708e-01  -4.3566527e-02   1.9667346e-01  -1.8173663e-01  -1.8324128e-01   1.3299859e-01  -8.3657554e-02   6.2853179e-02   6.1284335e-02   2.7090868e-01   1.1387762e-02  -3.6365909e-01   3.1326885e-01  -2.0134392e-01  -3.0847328e-01  -3.2265344e-01   1.0918919e-01   1.4258443e-01   8.6687108e-01  -4.5979762e-03  -4.9121708e-02  -2.9672077e-02  -2.1616790e-01   4.0066470e-01   2.3998278e-01   5.5480838e-01   9.9534953e-02   1.4831978e-01   5.7331324e-02   4.3202183e-01   2.9169752e-01  -2.6078849e-01  -5.5257973e-02  -6.9787992e-02  -5.3737384e-02  -3.5640892e-01  -3.2051417e-01   3.8638524e-02  -5.1296704e-01  -2.4300160e-01   1.4751172e-02   1.2951041e-01  -3.0886333e-01  -7.0116271e-02   2.8553659e-01   6.8850217e-01  -2.0473700e-01   9.8093459e-02  -3.7328102e-01   3.9266563e-02  -4.7227871e-03  -3.1303587e-01  -3.2797634e-01  -3.0949830e-01  -4.7675228e-01   2.5806704e-01  -1.2363087e-01   4.2326221e-01   1.6522957e-02  -2.5988915e-01   5.3879946e-01   7.1568489e-01  -5.5575617e-02  -6.6000723e-02  -1.1652806e-02   1.0104906e-01   4.6761823e-02  -5.0247943e-01   2.3456799e-01   2.3975580e-01   1.3613115e-01   3.9798193e-02   5.7752437e-01   4.7634049e-01  -4.9953072e-01   3.1773560e-01   2.6769273e-01  -2.0111689e-02  -2.2105409e-01  -2.1954966e-02  -5.9839748e-02   2.3388268e-01
   2.3403894e-01   0.0000000e+00   1.6669993e-01  -1.4340175e-01   1.6602738e-01  -1.0477675e-01  -4.2327045e-01   1.1787602e-01   1.5969047e-01  -2.4176615e-01  -1.7960777e-01   4.7758417e-01  -3.0779817e-01   8.0703106e-02  -5.1199819e-01  -1.9702284e-01   1.1074387e-01  -8.1784983e-02   1.4677448e-01  -2.2852611e-01  -3.7865473e-01  -1.3540573e-01  -6.9504655e-01   1.8720668e-01  -1.1797695e-02   1.1540416e-01  -4.7651716e-02   8.9834348e-02   2.6120436e-01   2.6963254e-01  -5.1021922e-01  -6.5117912e-02   9.7666863e-02  -1.9212475e-01   3.0814839e-01  -9.9776177e-02  -1.7022289e-01  -1.5637727e-01  -1.0572979e-02   2.1474267e-01  -1.9519918e-01  -1.8257135e-01   4.8374094e-01  -2.6170074e-01   2.5844467e-02  -3.4123113e-01   1.2913646e-01   3.0824089e-01   3.1676995e-02   1.4648345e-01  -1.8849440e-01   1.3838550e-01   1.9876113e-01   1.3908034e-02  -7.1735650e-02  -2.2902543e-01   1.4177411e-01  -1.9912134e-01   5.6381275e-02   4.2543147e-01  -2.0580000e-01  -2.1586871e-01   5.2136516e-01   3.9657730e-03   4.1682434e-01  -6.0193335e-01   3.3710804e-02   1.4607404e-01   1.3397287e-02  -3.6905252e-01   5.6270356e-02  -2.6636985e-02   1.4591172e-01   3.8794141e-01   1.8621529e-01   1.7253979e-02  -2.7631132e-01   2.8742846e-02   5.4799379e-01   6.2006743e-02  -4.0991419e-01   9.6268684e-03   2.4302789e-01   2.2656908e-01   3.4227098e-01   9.0359239e-02  -3.0856732e-01   1.7974353e-01   3.3544377e-01   3.1001427e-01   4.5071156e-01  -2.0131555e-01  -2.4458358e-01   2.0083111e-01  -2.7440257e-01  -2.2739502e-01  -8.6400175e-02  -3.2249630e-02  -1.3237724e-01  -5.6711747e-01  -1.7073734e-01  -9.8585938e-02  -2.3035052e-01   8.6915116e-02   8.7499086e-02  -5.8076817e-02  -3.8053424e-02   2.1772949e-01  -3.7138720e-01   2.4404725e-02  -5.1818092e-02  -1.2851109e-01  -2.7567158e-02   1.9153452e-01  -1.5494625e-01   6.2381167e-01   2.9917991e-02  -3.0913075e-02   6.5247310e-02  -1.6452710e-01  -4.8240380e-02   4.9752544e-01   5.3048097e-01   2.5090356e-01  -1.6528435e-01   2.9777983e-01  -3.5812064e-01  -3.1917547e-02  -1.3944736e-01  -3.2160395e-01  -1.1641764e-01  -2.1335857e-01   4.8908521e-01  -5.4185955e-01  -2.4672798e-01  -1.4491553e-01  -5.6938244e-03  -5.4321166e-01   2.7040336e-01  -3.4328564e-02   1.4515008e-01  -2.2518357e-01   1.8577051e-01  -8.5632504e-02  -2.5452633e-01  -3.3563151e-01  -3.1149843e-01   1.1680781e-01  -1.9286454e-01  -3.9069181e-01   2.6733027e-01  -4.8665246e-01  -1.1244879e-01   3.2443675e-01   4.1363471e-01   1.9435889e-01   8.7615738e-02  -7.1827974e-02  -2.5296302e-01  -2.9437292e-01   1.2916025e-01   4.2900410e-02  -3.5119482e-01   1.6548047e-01  -3.3806848e-02   2.4506397e-01   4.9612170e-02   2.4311982e-01   6.7751754e-03   8.9672078e-02   4.0435825e-01   1.3396873e-02   2.4216634e-02   2.4299358e-01  -4.1821165e-02   1.2582039e-01   3.7343593e-02
  -1.8775390e-01   1.6669993e-01   0.0000000e+00  -7.5667798e-02   4.2991317e-02   3.6366904e-01  -1.5992236e-01   9.0964325e-02  -2.8143865e-01   4.5221504e-02  -2.1943999e-01   4.8838291e-01   2.1294771e-01  -7.5371654e-02  -1.0789162e-01  -1.4357767e-02   8.8433968e-01  -1.8925197e-01   1.9515073e-02  -4.7172036e-02  -2.1521961e-01  -2.2816597e-01  -3.1035620e-01  -2.7078656e-01   1.4192483e-02  -1.8205258e-01  -6.6363590e-02  -1.2686199e-01  -9.3721560e-03  -2.4394078e-01  -2.0937550e-01  -1.1079673e-01   2.0378844e-01   1.1143589e-01   8.5923179e-02  -1.5007145e-01  -2.8095055e-01  -2.7290773e-01   1.4341983e-01   5.5128948e-01   1.6842762e-01   4.6443762e-01   3.4337642e-01  -8.0150711e-03  -1.5517845e-01  -2.3436073e-01  -1.9103674e-02  -2.7101550e-01  -2.4358624e-01   7.0390408e-01  -2.7040656e-01  -4.0017311e-02  -1.4859007e-01   4.7996335e-01   1.3213379e-01   1.9742247e-01   2.3925016e-01   7.9543650e-02   1.7117020e-02   3.2301603e-01   1.0794998e-01  -1.9043821e-01   1.4379718e-01  -2.3401418e-01  -5.4645770e-02  -1.2356223e-01   5.9021917e-02  -2.1901788e-01  -9.9999873e-02   3.7066215e-01   1.2966537e-01  -2.9877636e-01   1.1781678e-01   2.8390552e-01   1.0037338e-01   9.7614968e-02  -1.6966727e-01  -1.4616428e-01   1.2742677e-01  -8.8063508e-02  -2.7221430e-01  -4.5833859e-02   2.8643911e-01  -6.5154757e-03   7.7913901e-01   7.0419051e-02  -8.2256114e-02  -5.1365580e-03   1.9469139e-02  -1.9357822e-01   1.1199452e-01   5.5927166e-01   1.1521597e-01   1.5551818e-01  -2.4223138e-01   5.6819947e-02   1.2769865e-01  -5.6399153e-02  -1.5983628e-01  -3.5283321e-01   3.4252283e-02   1.1708812e-01  -2.3939856e-01  -5.5677116e-02  -3.4836261e-01   1.6329299e-02   4.9868878e-01  -7.4849645e-02  -3.3618991e-01  -4.7110662e-02   3.8569483e-01  -2.2984172e-01  -1.8071376e-01  -1.4933842e-01   4.0705697e-01  -4.8010315e-02  -1.4946711e-01   1.9053179e-01   3.3896950e-02  -2.3392273e-01  -2.0255720e-01   3.5301462e-01   3.2946264e-01  -4.8278828e-02  -1.3181935e-01   8.5329415e-02   4.0076909e-02  -8.2136008e-02   1.2470879e-01   4.7950358e-01   2.1619662e-01  -1.8899303e-01   2.5011655e-01  -8.0757260e-02   6.8206125e-02  -5.3533886e-02   1.1351621e-01  -6.3968061e-02   1.0067201e-01  -1.3039942e-01  -2.2977418e-01   1.2888846e-01  -1.2937853e-01   5.5050363e-01   1.0186583e-02  -3.7112577e-01   3.0676799e-01  -2.9325697e-02  -7.8972441e-02  -2.6556061e-01   5.9624377e-01  -2.9726100e-01   1.2182188e-01  -3.1911627e-01   8.1125099e-01  -2.4649178e-01  -1.5030805e-01   8.7500717e-02   3.5742100e-01  -2.9939289e-01  -4.4767014e-02  -9.0086851e-02  -1.7405458e-01  -2.3317360e-01   3.4721957e-02  -1.6749215e-01  -1.3634239e-01  -7.2681300e-02   1.8867387e-01   9.6325305e-03   3.3278959e-02  -3.8270104e-01  -1.9850569e-01   5.6347720e-01   8.5797943e-02   1.6061012e-01  -1.2845494e-01
   3.4926226e-02  -1.4340175e-01  -7.5667798e-02   0.0000000e+00  -1.1112065e-01   4.0532323e-01   2.0495526e-02   4.2062317e-01   3.4543758e-01  -2.4647921e-01  -2.4808526e-02  -2.6828039e-01  -5.1993700e-02   5.8225473e-02  -1.4355790e-03  -1.9862905e-01  -1.5993502e-01   3.7564788e-01  -2.4041839e-02  -7.0642668e-02   3.6203202e-01   5.9723228e-01   6.9379573e-02  -1.2971838e-01   3.1978476e-01   3.4447402e-01   1.7596100e-01  -4.6335928e-02   4.0876538e-02   2.2777815e-01   2.6796068e-01   4.7692534e-01   4.9290951e-02  -2.0655380e-01   1.5905831e-01  -6.1924597e-02  -2.8592318e-03  -1.3343997e-01   1.2345419e-03  -5.6187106e-02   1.0953526e-01  -2.0313781e-01  -1.3236719e-01  -1.3090041e-02   8.4628180e-02   5.9058858e-02   3.2140137e-01   2.3071609e-01   2.2882716e-01  -1.3002427e-01   3.9150341e-01   3.9673419e-01  -4.1529795e-02  -1.5050464e-01   1.1440614e-01  -2.2892466e-01   1.2379633e-01   4.7564758e-01   3.3676290e-01  -2.1598003e-02  -8.3615171e-02   8.3386049e-02   1.1516136e-01   1.1915138e-01   1.2365972e-01  -8.1061942e-02   4.5852017e-01   1.4520758e-01   4.8308957e-01   1.2259046e-01   1.4336540e-02   5.4347283e-01  -9.4926223e-02   5.3179621e-02   3.4264579e-03   8.5180997e-02  -1.2403629e-01   4.0432567e-02  -2.0557489e-02   3.5964519e-01  -7.7840130e-02  -1.2537642e-01  -2.3162920e-01   2.0590526e-01  -1.0443719e-01   8.4453333e-03   4.2454556e-01  -2.3623217e-01   9.6482770e-02   7.1817934e-04  -1.7432411e-01   9.4058127e-03  -2.7615989e-01   1.4651869e-01  -6.6145726e-02  -1.2750658e-01   3.1686179e-01   2.2293669e-01   2.9420536e-02   1.3495354e-01   1.0578607e-01  -2.8432929e-01   4.2773603e-01   5.9332431e-01   4.3275460e-01   5.6997261e-01  -9.2295599e-02   3.8613735e-01   2.7514711e-02   1.2458858e-02  -2.9291763e-01   5.4118452e-01   5.9107693e-01  -2.2266063e-02  -1.6785703e-01  -8.9186713e-02  -1.6823715e-01  -8.5119337e-02  -1.1451154e-01   6.4896837e-01  -1.0533687e-01  -2.1985822e-01  -2.2705901e-01   1.3820134e-01  -1.7998328e-02  -1.8383090e-02   3.8656778e-02   1.4635933e-01   4.9568564e-01   2.3867827e-02  -1.5021622e-01  -3.0598993e-02   3.1304591e-02   1.3246196e-01   5.1545129e-01   5.9411147e-02  -3.0729099e-02   1.0820553e-01  -2.6291504e-02  -1.2664719e-01   1.2135334e-02  -3.6829721e-02   8.1796635e-03  -1.7485256e-01   2.5066630e-02   3.9416867e-01  -1.4152934e-01  -2.3906827e-01   7.4399963e-02   2.0355644e-01  -6.7178013e-02   2.6035848e-01  -1.6287433e-01  -3.3274600e-02  -1.9676552e-01  -1.5751519e-02   1.9213143e-03   2.6584150e-01  -2.2136977e-01   6.9642739e-02   2.5460601e-01   1.5796473e-01  -7.4127607e-02   4.1992450e-01   6.0904895e-01  -2.7230321e-02  -2.9196609e-01   3.9426174e-02  -4.3010516e-02  -5.2154477e-02  -4.3158519e-02  -1.4955948e-01   3.1142930e-01   1.3156452e-01   1.8662008e-01  -1.5576762e-01   6.4988331e-01
  -3.6647834e-01   1.6602738e-01   4.2991317e-02  -1.1112065e-01   0.0000000e+00  -6.2868545e-02  -4.3215171e-01  -8.5119938e-02  -4.4233614e-02   2.0104242e-02   2.1798247e-01  -4.6084963e-02   2.6397661e-01  -3.5964420e-01  -2.7573318e-01   2.5937391e-02   1.6968425e-01   2.8275349e-01  -2.3371160e-01   6.8174130e-01   1.0012662e-01  -1.3883898e-01  -4.8732705e-02  -2.4563983e-01  -2.2020475e-01  -2.0200873e-01   2.0969145e-01  -2.7914099e-01  -5.7607875e-02  -5.5036121e-02  -1.9441256e-01  -6.1455503e-02   1.2405484e-01  -1.7800640e-01  -2.4968199e-01   6.9531089e-01   3.2251033e-01  -1.0255520e-01   2.1414082e-01   2.6914088e-01   5.1103231e-01   1.3042696e-01   1.1045666e-01   1.9306864e-02   3.7482327e-01  -7.7664709e-02   3.4289456e-01  -2.7227484e-02   5.0474143e-01   2.3664375e-01   1.4766831e-01  -5.0112784e-02   1.1047435e-01  -1.0985619e-01  -2.5006882e-01  -8.8890964e-02  -5.0726113e-02   9.9372642e-02   3.2471791e-01  -1.2619537e-01   4.0657071e-02   3.8670344e-01   3.1095105e-01  -2.2433728e-01   7.5205866e-02  -2.4237961e-02  -7.5868814e-02  -8.1492214e-02  -1.8293122e-01  -1.2795740e-01  -7.3858127e-03   7.2200890e-03   3.7517622e-01  -1.7600229e-01  -5.6953721e-02  -1.1870728e-01   3.0709485e-02  -3.0059989e-02   4.7397443e-01   5.9880231e-02  -3.6725433e-01   9.8226304e-02   4.5228229e-01  -1.3271851e-01   2.0895907e-02  -9.6802758e-02  -4.0097707e-01  -2.0007688e-01   2.4210702e-02  -2.6606469e-01   8.0211261e-01   1.9528127e-01   2.1953280e-01   1.5191940e-01  -7.6013210e-02   5.9173431e-01   1.7891659e-01  -2.2747529e-01   4.7870896e-01  -1.5307046e-01  -2.8335207e-01  -1.7069572e-01  -2.3910425e-01  -7.8465109e-02  -2.6934073e-01  -6.0445648e-02   5.2464384e-02  -2.3741985e-01  -2.1022577e-02   6.4028144e-01   1.1675543e-01  -2.6515473e-01  -1.3511609e-01  -3.2874143e-01  -3.4424167e-01   6.0710502e-01   1.2620508e-01   1.6655460e-01  -1.5385493e-01  -1.9861322e-01  -1.9870697e-01   5.5561057e-01   1.6789850e-01  -1.3433294e-01  -1.4802213e-01  -1.1724396e-01  -1.5109235e-01   2.8671185e-02  -5.8210376e-02  -1.5026595e-01   3.3063959e-01   1.4443002e-01   4.0540876e-02  -9.2466138e-02   5.3422335e-02  -6.0132657e-02  -8.7056171e-02  -3.7285334e-01  -1.5348206e-02  -1.4527756e-01  -1.7441325e-01   1.0157519e-01  -4.5560858e-02  -6.6229598e-02  -3.1670792e-01  -1.7036037e-01  -1.6622467e-01   4.6890052e-01   3.7999976e-01   7.7624651e-03  -2.6416426e-01  -2.0544115e-01  -1.4834634e-01   2.3174525e-02   1.6415360e-01  -2.0948255e-01  -1.5271000e-01   2.6315471e-01   2.5389059e-01  -3.9324328e-02   1.0593329e-01   3.5936369e-03   2.8442132e-01  -6.0338128e-02  -2.1189993e-01   5.9080262e-03   9.0761005e-02  -2.5755189e-01  -1.4047336e-01   6.6511330e-01   6.8601100e-02  -1.7781804e-01   3.6823969e-01   4.2772256e-02  -6.1966820e-02   1.5919514e-01  -1.7053424e-01
  -2.1913456e-01  -1.0477675e-01   3.6366904e-01   4.0532323e-01  -6.2868545e-02   0.0000000e+00   4.6650601e-02   1.4757075e-01   6.8873359e-02  -1.2320015e-01  -2.7118024e-01   1.0505071e-01   1.2156876e-01  -8.7608152e-02  -6.1023117e-02   2.0409108e-02   1.0904725e-01   7.1810928e-02   2.0670489e-02  -9.9530414e-02   7.2986687e-02   2.3469029e-01  -1.3236209e-01  -2.6922328e-01   1.3683646e-01   1.1068883e-01   5.0034762e-02  -9.2078122e-02   4.6761445e-02   1.3118068e-01  -1.0401056e-01   1.0231172e-01   7.1771471e-02  -1.0016754e-01   3.8876252e-01  -1.0802085e-01  -2.5740257e-01  -3.3297823e-01  -4.2574474e-03   1.1757584e-01   8.0603809e-03   6.7223307e-03   2.0681251e-01  -1.7707838e-01  -7.8710623e-03  -1.2078119e-01   2.8697493e-01  -8.8365482e-02  -6.0054356e-04   6.8952424e-02   1.9607103e-01   1.7522487e-01  -3.5553342e-01   7.0037865e-02   1.1467318e-01   1.8142376e-01   3.9991920e-01   2.5953211e-01   1.6039192e-01   3.6486678e-01  -2.1153333e-01  -1.0022212e-01   1.4990448e-01  -2.0764911e-01   4.5480835e-02  -9.3859326e-02   6.6941781e-01   4.0422867e-02   3.5519059e-01   1.9929807e-01  -2.2061112e-01   1.7049011e-01  -1.7349300e-01   1.5322291e-02  -3.8430264e-02   3.8323034e-02  -2.4557987e-01   5.8041185e-02   1.0064327e-01   1.4233976e-01  -7.9944688e-02  -2.5399506e-01  -2.4469148e-01   1.1373928e-01   2.8398949e-01   5.9687312e-02   3.2681909e-01  -3.6330018e-02   8.4014887e-02  -2.8265108e-01  -8.3916392e-02   1.0180553e-01  -1.0329717e-01   4.0153793e-01  -2.0579481e-01  -1.5821254e-01   1.4469274e-01   2.0981298e-01  -1.9962248e-01  -4.5566889e-02  -7.1593500e-02  -1.1772545e-01   1.5070749e-01   3.5977379e-01   1.2182703e-01   2.9684585e-01   8.2412247e-02   3.6073872e-01  -1.6704121e-01   1.3017896e-01  -2.5279043e-02   3.1175295e-01   3.3004532e-01  -2.4832118e-01   1.1479165e-01  -2.2664150e-01   1.0922508e-02  -7.0013825e-02   6.7011117e-02   3.7950217e-01  -2.4606091e-01   8.2689689e-02   7.9736641e-02  -1.7283223e-01  -1.2296414e-01   1.0896245e-01   6.7192298e-02  -3.6726524e-02   3.8446745e-01   2.0969437e-01  -9.9014618e-03  -3.3024647e-01   2.9700892e-01  -1.1501203e-01   3.7325308e-01   8.6419808e-02  -7.1091484e-02  -5.0899758e-02   9.0097371e-02  -2.5135245e-01  -2.0231909e-01   1.1666945e-01   2.5594100e-02   3.9758422e-01  -4.0903028e-02   3.8483432e-02  -2.5039920e-02  -3.4633472e-01   3.1597205e-01  -4.0152267e-02   2.7863399e-01  -4.8970760e-02  -5.7677074e-02  -2.3987696e-01   2.3740747e-01  -2.8109492e-01  -2.0245056e-01   2.0458645e-01  -1.5942310e-01  -1.7871256e-01   1.2966039e-01  -8.6708239e-02  -2.6629795e-01   1.7039672e-01   3.9693240e-01  -2.9764080e-01  -2.1633700e-01  -8.6025208e-03   3.7316155e-03  -1.9564933e-01   7.5065323e-02  -4.6473310e-01   1.2813989e-01   5.6912807e-01   2.0255495e-01  -2.3229678e-01   2.6403722e-01
  -2.2433278e-02  -4.2327045e-01  -1.5992236e-01   2.0495526e-02  -4.3215171e-01   4.6650601e-02   0.0000000e+00  -1.6359506e-01  -1.1958236e-01   4.9066285e-01   1.0706289e-01   1.9144949e-01  -3.5527709e-02   2.6513340e-02   6.6849541e-01  -4.7177714e-03  -1.7721052e-01  -1.2010119e-02  -1.6171470e-01  -5.6485152e-02   1.1736221e-01   1.7066118e-01   5.9833067e-01  -5.0207880e-02  -1.7117279e-01   2.7024358e-02   2.0109819e-01  -2.7263038e-02  -2.4638371e-01   8.7791612e-03   4.2203340e-01  -8.1074336e-03  -2.0192464e-01   6.5767148e-01  -2.2199326e-01   6.1020779e-02   1.5780182e-02   3.1630568e-02  -2.3257213e-01  -3.3583600e-02  -1.9899552e-01  -1.6286366e-01  -1.5981939e-01   2.4764039e-01  -3.2729987e-02   3.3082190e-02  -3.4121464e-01   3.6168335e-01  -2.7122823e-01  -3.0559917e-01   1.1354790e-01  -2.6502501e-01   2.7925408e-01  -1.9355719e-01   1.3303567e-01   7.6385475e-02  -2.6940271e-01   6.4697803e-02  -3.4290075e-01  -1.5682547e-01  -9.1115973e-02   1.8309442e-01  -4.5692818e-01   3.3713908e-01  -3.6493071e-01   6.5370636e-01   2.2179638e-02  -2.1480163e-01  -6.0661673e-02   2.3230757e-01   1.4196111e-01  -6.6059176e-04  -1.3135754e-01  -1.9821032e-01  -2.1396159e-01   2.1969731e-03  -2.6403773e-02  -9.1495569e-02  -4.6530301e-01  -3.5485994e-01   4.6290172e-01   1.3614293e-01  -2.4022285e-01  -8.1005796e-02  -2.5605220e-01  -9.2973728e-02   3.0617719e-01  -1.7933388e-01  -3.6661851e-01  -6.0666554e-02  -6.5207568e-01  -2.1598128e-01   3.5415136e-01  -2.5032056e-01  -7.8413685e-03  -3.3556170e-01  -7.7383994e-02   3.1082711e-02  -1.1733232e-01   7.2209960e-01   2.7606268e-01   4.6856771e-01   1.7255484e-01   5.0697372e-02   1.3726603e-01   6.5366242e-02  -2.1973211e-01  -7.7225619e-02   4.5608249e-01  -3.0000256e-01   3.1956685e-01   1.2311216e-02  -1.3191505e-01  -2.1097522e-02   4.0371837e-01  -5.2423075e-01  -3.0364951e-01   3.4811730e-02   9.6638394e-02   8.2196448e-02  -5.7533311e-02  -5.7230078e-01  -5.6251684e-01  -3.6870860e-02  -7.1804943e-02  -3.0627810e-01   5.2091830e-01  -1.6227160e-01   1.1462658e-01   4.1055418e-01  -2.2757689e-01   3.9978865e-01  -4.3061156e-01   3.7648114e-01   1.0976296e-01   6.5339785e-02  -1.1402260e-01   5.6699318e-01  -2.4633378e-01   2.0113227e-01  -1.8310369e-01  -8.0145106e-02  -3.3945642e-01   2.2295016e-01   1.9200597e-01   2.6018130e-01   5.3820863e-01  -2.6111658e-02   2.0944676e-01   2.9097421e-01  -1.0590353e-01   4.6707446e-01  -9.6337490e-02   6.0118879e-02  -2.3412059e-01  -1.5367288e-02  -1.3364207e-01  -1.5658042e-01  -2.2819953e-01   3.0635321e-02  -3.5672078e-01  -9.2810680e-02   2.9306168e-01  -1.2584513e-01   1.2662998e-02   2.8875542e-01   3.2899556e-01  -1.4844982e-01  -1.7454486e-01  -3.3975741e-01  -2.4744194e-01  -3.9577868e-02  -9.9304398e-02  -1.8105300e-01  -9.4246334e-02  -1.0329754e-01   1.0176054e-01
   4.7938178e-02   1.1787602e-01   9.0964325e-02   4.2062317e-01  -8.5119938e-02   1.4757075e-01  -1.6359506e-01   0.0000000e+00   1.7441797e-01  -2.6228666e-01  -6.8903506e-02  -8.8303426e-02  -1.1817195e-01   8.8416839e-02  -1.0112805e-01  -6.6360295e-02   4.8001964e-02   1.2121645e-01   1.7194665e-01  -1.4507265e-01   5.8848509e-02   2.5581963e-01  -2.8167993e-01   4.0736886e-03   1.2754657e-01   5.0061443e-01  -9.8882912e-02   1.9399745e-01   1.0317171e-01   2.1704886e-01   5.8388479e-02   2.9963179e-01   2.2593062e-01  -2.2503978e-01   2.0046266e-01  -2.3054813e-01  -3.7875093e-02   8.5013940e-02   1.2726206e-01   6.0035929e-02  -5.7709619e-02   2.4178737e-03  -3.7007160e-02   2.2479632e-01  -1.2785263e-01   6.3967407e-02  -2.7385551e-02   1.1514308e-01   7.9502808e-02   8.4476176e-02  -5.2735258e-02   6.4428107e-01  -9.2629229e-02  -6.9027379e-02   2.0632724e-02  -3.5470492e-02   2.6176275e-01   2.6287193e-01   2.2279495e-01  -6.7420225e-03   3.3611659e-02  -1.1459061e-01   1.5590511e-01   6.1858504e-02   1.6634366e-01  -4.5415644e-01   2.9369563e-01  -1.0154117e-01   1.9390034e-01   9.8280569e-02  -5.0129959e-02   1.8296644e-01  -1.0903662e-01   1.9930955e-01   1.0853751e-01   3.6567760e-01   6.8320228e-02   1.7522382e-01   3.5660252e-02   3.7575886e-01  -9.9120564e-02  -2.4593620e-01  -3.0366374e-04   5.3828625e-01   2.0827444e-01   2.6080173e-01   2.4935146e-01   1.1084232e-02  -1.0713544e-02   6.9616601e-02  -1.7511681e-03   9.0816631e-02  -2.5506421e-01   1.3086225e-01  -6.2639580e-02  -1.1067878e-01   2.5928846e-01   3.1952577e-01  -9.9210800e-02  -1.7332352e-01   2.8008423e-01  -1.5469040e-01   3.3773592e-01   2.0683288e-01   1.4347575e-01   3.7018038e-01   7.9252939e-03   4.2641286e-01  -7.8425221e-02  -1.2943611e-01  -1.3592611e-01   1.7299193e-01   4.2649368e-02   7.9763612e-02   5.0000883e-02   2.1964623e-02   1.2708484e-01  -2.2672514e-01   1.1766540e-01   1.9219429e-01   1.3243726e-01   1.6143960e-03  -1.1633168e-02   1.3790076e-01   1.8671176e-01   2.5630296e-01  -5.4305742e-02   6.4188074e-03   1.6692000e-01   5.2825499e-02  -1.0624400e-01  -7.9918512e-02   1.1803073e-01  -1.0492983e-01   9.8809571e-02   3.3692823e-01  -1.4710410e-01   3.6641073e-02   4.2411783e-01  -2.1201476e-01  -9.9133246e-02   7.4725206e-02   2.6620726e-01  -1.6803532e-01   1.4938378e-02   2.1754668e-01  -1.4858350e-01  -1.7575649e-01  -2.6953242e-01   2.2450933e-02   2.1576069e-01   1.0693124e-01   4.2611224e-02   4.8234382e-03  -3.0398179e-02   2.0464844e-02   9.1539655e-02   2.1503204e-01  -8.4362175e-02   2.1777107e-02   1.1262627e-02   2.4705339e-01  -2.0944979e-01   2.9585295e-01   2.0854203e-01   3.9208983e-03  -1.5363816e-01   4.2577305e-01   4.2128277e-02  -4.1444742e-02  -3.9185164e-02   1.5794658e-02   4.6338630e-02   7.3917126e-02   1.5785945e-01   5.9981396e-03   3.7865802e-01
   2.8686096e-01   1.5969047e-01  -2.8143865e-01   3.4543758e-01  -4.4233614e-02   6.8873359e-02  -1.1958236e-01   1.7441797e-01   0.0000000e+00  -3.1267052e-01  -6.1164918e-02  -2.4190309e-01  -2.6858291e-01   1.0792056e-01  -1.1085253e-01  -2.4332430e-01  -3.0605320e-01   3.0167508e-01   1.7551796e-02   4.0016156e-03   1.1256518e-02   2.2734350e-01  -7.6468521e-02   2.1377226e-01   3.6139770e-01   3.3578099e-01   1.8705617e-01   8.4047068e-02   1.0361881e-01   4.7612333e-01  -4.6163254e-02   3.0385295e-01  -7.4822649e-02  -2.8933478e-01   2.6362324e-01  -7.5296274e-02   6.7292059e-02   1.3757909e-01  -6.4161451e-02  -3.1082879e-01  -8.1313713e-02  -2.5273380e-01  -8.0792463e-02  -1.2623051e-01   1.9393478e-01   2.3232111e-01   2.4671052e-01   1.2663026e-01   1.1919240e-01  -3.4882474e-01   3.3888612e-01   3.0366312e-01  -7.8772396e-02  -1.2730196e-01  -1.6778692e-01  -1.9309763e-01  -7.5507417e-02   2.4645812e-02   3.5254208e-01   8.0475420e-02  -4.4098650e-02   8.6053796e-02   1.8807892e-01   2.7959612e-01   4.6071786e-01  -2.3966394e-01   2.6983783e-01   2.8496592e-01   3.5649739e-01  -8.1791781e-02  -2.0808145e-01   4.2549820e-01  -2.0700204e-01   1.5273399e-01   1.7436330e-01  -9.0880591e-02   4.0974606e-02   2.2264586e-01   5.6020724e-02   3.7732838e-01   1.6654685e-02  -2.3294888e-01  -3.1749094e-01   4.4133772e-02  -2.2846020e-01  -1.0483828e-01   1.9097850e-01   6.5260502e-02   3.4534007e-01   2.2580752e-01  -3.6744981e-02  -1.8245807e-01  -4.2284687e-01   2.6996888e-01   5.7007595e-02  -1.4742449e-01   1.7826451e-01   1.4489696e-01   1.9429676e-01  -6.9997724e-02  -1.2322803e-01  -3.0577007e-01   1.3560229e-01   3.6359551e-01   3.4791914e-01   3.0008841e-01  -3.7306392e-01   3.8384970e-01  -7.8185699e-02   1.2516261e-02  -3.7756776e-01   3.4155431e-01   3.9611508e-01   1.7170571e-01  -2.1150311e-01   9.2344217e-02   1.6698561e-01  -2.8440873e-01  -1.5750480e-01   4.4904938e-01   2.7885898e-01  -3.9831130e-02   5.4015004e-02   1.4073281e-01   1.9560694e-01   1.4949653e-01  -1.9320919e-01   7.7316887e-02   8.2188211e-02  -2.7464434e-01  -3.4551300e-01  -1.7344731e-01   1.4271809e-01  -1.4880705e-01   1.6800215e-01   6.3007305e-02   5.4896460e-02  -1.2823856e-01  -6.7648303e-02  -2.3358866e-01   1.5208695e-01  -1.5350568e-01   2.3023720e-01  -3.4351885e-01  -2.7013630e-02   2.3174871e-01  -2.8396700e-01  -1.7663807e-01  -5.3634185e-02  -1.3958152e-01  -1.2323986e-01  -2.2962258e-02   1.9748477e-03   2.4329781e-01  -3.6352771e-01   1.4787017e-01   1.9487260e-01   3.1320486e-02  -2.5813805e-01   4.5776018e-03   2.1641949e-01   1.5762137e-01  -2.8935981e-01   4.4915119e-01   3.6629876e-01  -1.0404419e-01  -1.2476855e-01   2.3913890e-01   7.9262308e-02  -2.4923225e-01   1.4701799e-01   1.0815051e-01   2.9357255e-01  -9.8290064e-02   4.7738637e-02  -2.2630784e-01   3.4049019e-01
  -1.7576647e-01  -2.4176615e-01   4.5221504e-02  -2.4647921e-01   2.0104242e-02  -1.2320015e-01   4.9066285e-01  -2.6228666e-01  -3.1267052e-01   0.0000000e+00   6.8975032e-02   4.2319970e-01   1.1371423e-01  -1.1363696e-02   3.1156796e-01   2.5937141e-01   1.9569829e-01  -1.3000057e-01   6.4396454e-02   4.5877748e-01  -2.6627203e-01  -7.1554846e-02   5.0714251e-01  -1.4654478e-02  -3.2999035e-01  -1.6188305e-01   9.7128190e-02  -7.2585203e-02  -2.9779322e-01  -3.8242496e-01   7.1126315e-02  -2.4492764e-01  -2.7869663e-02   7.2567957e-01  -6.1826125e-01   4.0601536e-01   5.8431337e-02   8.7988852e-03  -1.2993758e-01   5.0898933e-01   1.4999384e-01   1.9998990e-01   1.6455679e-01   2.5857563e-01  -2.0391801e-01  -1.5289872e-01  -3.7402041e-01   4.2452425e-02  -2.0883091e-01   1.9489321e-01  -1.0745928e-01  -2.3422014e-01   4.2926451e-01   1.1029240e-01   8.0307395e-02   2.2665276e-02  -1.3655730e-01  -6.2957811e-03  -2.3948342e-01  -3.7846146e-01   4.3509708e-02   2.1742257e-01  -9.1919217e-02  -7.1103345e-02  -5.5791641e-01   6.9671075e-01  -2.4018862e-01  -2.8747745e-01  -3.8591288e-01   1.9070120e-01   2.6449368e-01  -4.0813550e-01   3.6220419e-02  -2.6298777e-01  -1.7025952e-01  -1.0914659e-02  -2.4779193e-02  -1.0856855e-01  -3.6787901e-01  -3.0343084e-01   1.7127094e-01   2.3337210e-01   2.1965205e-01  -1.6822763e-01  -2.7436263e-02  -1.7660345e-01  -3.1285134e-01  -1.6353677e-01  -3.2954936e-01  -5.7718815e-03  -2.7992709e-01   7.5413110e-02   8.2366806e-01  -9.9179962e-02  -8.5647508e-03   2.6550347e-01  -1.7630786e-01  -7.3970332e-02  -2.3455332e-02   3.8794194e-01   8.7681236e-02   4.2773003e-01  -2.6526091e-01  -2.2191306e-01  -3.9722955e-01  -9.3232225e-02   1.4147985e-01  -2.8248560e-01   4.9658327e-01  -6.1840179e-02   7.5269224e-01  -4.8226138e-01  -4.5175252e-01  -1.6013397e-01   3.5169586e-01  -2.2910527e-01  -3.0068917e-01   2.5312234e-01   1.2113422e-01  -1.7217038e-01  -1.3508333e-01  -2.3274663e-01  -3.5913457e-01  -3.6311943e-01  -1.8645116e-01  -4.3985676e-01   1.3202357e-01   6.0884534e-02   3.9956516e-02   3.9515919e-01  -6.1207586e-02   4.0719845e-01  -4.5340816e-01   2.0600556e-01   5.2864532e-02  -1.0672347e-01  -1.4403862e-01   2.7874378e-01  -2.0856383e-01   2.1083419e-01  -1.0665027e-01   5.8095260e-02  -4.0992318e-01   3.2397111e-01  -1.5990678e-01  -3.0894573e-01   7.2262015e-01   1.3883925e-01   3.4236639e-01   6.9086417e-02  -8.7541581e-02   8.0089761e-02  -7.3891217e-02  -1.4225666e-01   8.5894848e-02   8.6250682e-02  -1.2896663e-01   2.9164942e-02   1.4751705e-01  -6.6509388e-02  -3.1141373e-01  -3.0495569e-01   5.1990395e-01  -5.2200992e-01  -7.6421715e-02   4.0550449e-01   4.3266300e-01  -1.7210793e-01  -1.3632310e-01   6.9498643e-02  -2.7593146e-01  -6.9961511e-02  -3.3450343e-01  -1.5170609e-01  -2.3574319e-01   3.9846913e-02  -4.0612092e-02
  -3.0845681e-01  -1.7960777e-01  -2.1943999e-01  -2.4808526e-02   2.1798247e-01  -2.7118024e-01   1.0706289e-01  -6.8903506e-02  -6.1164918e-02   6.8975032e-02   0.0000000e+00  -2.0060496e-01   1.7676317e-01  -3.4516559e-01   3.6204015e-01   3.5286154e-01  -1.2397890e-01   4.5690562e-01  -1.5903121e-01   2.3054519e-01   4.8756444e-01   1.3409030e-02   3.2550324e-01  -2.5302765e-01  -2.4602679e-01   8.3298139e-02   2.0556826e-01  -3.3110421e-01  -1.1089490e-01  -1.4304657e-01   4.4095638e-01   9.2017743e-02  -6.8406815e-02   2.7374471e-01  -2.6270541e-01   4.3305908e-01   3.9032165e-01   1.1813988e-01   3.9001867e-01  -1.8152378e-01   3.6078843e-01  -1.3555656e-01  -3.9854002e-01   5.4658073e-01   3.4443116e-01   4.8212542e-02   2.8267132e-01   1.7718963e-01   3.7184196e-01  -1.7462128e-01   2.5269035e-01  -8.1653072e-03   3.4676740e-01  -4.0772406e-01  -2.7959351e-01   1.5193707e-01  -1.8037225e-01   1.9547950e-01   1.6254070e-01  -1.7389012e-01   3.7662578e-02   3.8400361e-01  -2.5180475e-01   3.9374225e-01   5.1259651e-02   2.6098701e-01  -2.1424440e-01  -2.9323327e-01   2.1711224e-02  -2.0897686e-01   1.9596095e-01   5.4250838e-02   3.2691988e-01  -3.3788541e-01  -2.5968183e-01  -1.0813939e-01   7.4271886e-02  -2.4811028e-03  -1.1351303e-01  -3.2637217e-01   6.9313609e-02   4.8116251e-01   3.4252931e-01   1.8738531e-01  -3.4435058e-01  -1.5337501e-01  -1.0227331e-01  -4.3198119e-01  -2.8956409e-01  -2.1889132e-01   2.6122320e-02  -9.0745905e-02   2.8372943e-01  -2.4617566e-01   1.1424346e-01   1.4409506e-01  -1.5841202e-01  -7.2102286e-02   2.7417007e-01   2.2579239e-01  -8.8148431e-03   3.3146140e-01  -4.8367242e-02  -4.5309995e-02   8.0192482e-02  -4.2101331e-02  -1.6710220e-01  -1.6776840e-01   1.6519142e-01   2.9542893e-01   1.6483201e-01  -1.8019271e-02  -1.5259741e-01  -2.0365801e-01  -2.0807853e-01   1.6797529e-01   1.6555266e-02   2.5323598e-01  -2.1034247e-01  -1.0011239e-01  -1.0915431e-01  -2.8398096e-01  -4.0797832e-01   2.2491049e-01  -8.6348517e-02  -3.3582263e-01   2.0899804e-01  -2.1760171e-01   4.9901275e-02  -9.6168803e-02   2.0309594e-01   7.2217947e-01  -3.2300614e-01   4.6075301e-01  -3.6905230e-02  -1.2425437e-01  -1.1326552e-01   2.9067043e-01  -6.9611629e-02   6.2899596e-02  -8.8961934e-02   6.2527980e-02   1.4367412e-01  -4.1147911e-02   5.8673284e-02   1.6298680e-01   8.5193260e-02   5.4409061e-01   7.8524767e-02   4.1202751e-01  -5.1204440e-01   3.5295747e-01  -3.4813405e-01   4.2344995e-01  -4.3575357e-02   8.0808493e-02  -4.3282726e-02   5.4373214e-02   6.0139214e-03   1.2152256e-01  -3.0638396e-01   4.7813175e-01   5.2136230e-01   1.2598900e-01  -5.9007663e-02   5.8583644e-02   4.0730038e-01  -3.1460988e-01  -2.3210496e-01   4.4845382e-01  -3.3989447e-01   2.4713843e-01   3.7470577e-01  -5.6850668e-02  -1.6597805e-01   2.9671184e-02  -5.0286427e-02
   8.7191363e-02   4.7758417e-01   4.8838291e-01  -2.6828039e-01  -4.6084963e-02   1.0505071e-01   1.9144949e-01  -8.8303426e-02  -2.4190309e-01   4.2319970e-01  -2.0060496e-01   0.0000000e+00  -8.0859712e-02   1.0724966e-01  -9.1713032e-02  -5.9129899e-02   3.8001171e-01  -2.6470733e-01   1.9621756e-01  -1.0011410e-02  -5.7318306e-01  -1.6684057e-01  -2.7359146e-01   1.0635251e-01  -2.1567267e-01  -1.4985576e-02   3.0071162e-04   1.2269694e-01   1.0698774e-01  -3.1674948e-03  -4.2601106e-01  -1.2392052e-01   1.1010351e-02   4.4966977e-01   5.7627867e-02   6.6318701e-02  -3.5569763e-01  -2.3106116e-01  -1.8548124e-01   5.3982018e-01  -1.5476228e-01   6.2157904e-02   6.1326564e-01   3.7175460e-02  -4.1189709e-02  -4.4449849e-01  -1.4584926e-01   1.8802536e-01  -3.4020260e-01   2.9167963e-01  -2.4153100e-01  -9.9092383e-03   2.3007653e-01   1.7708717e-01   7.1729520e-02   1.5145828e-02   1.0506092e-01  -1.1543088e-01  -2.5841181e-01   4.3578968e-01  -1.0523359e-01  -8.1389630e-02   1.7142440e-01  -1.2203148e-01  -1.1165641e-01   4.6550339e-02   1.8228887e-02  -1.1747093e-01  -2.0550076e-01   2.9467118e-02   2.2487193e-02  -2.4744839e-01  -7.1208187e-03   3.0232748e-01  -2.3825759e-02   1.1260035e-01  -3.1424081e-01  -3.9011943e-02   2.4022329e-01  -2.4952399e-01  -1.7710892e-01   1.3074386e-01   1.9268611e-01   5.7760039e-02   4.5884218e-01   1.0467602e-01  -3.6427350e-01   7.5992936e-02  -6.9200498e-02   2.2284845e-01   2.7549704e-02  -8.9447211e-03   3.3218030e-01   2.0131217e-01  -2.7210139e-01  -2.8807759e-01  -2.2370975e-01   1.4535499e-03  -3.1341822e-01  -1.5779746e-01  -2.0086681e-02   4.3507675e-01  -3.7657037e-01  -4.0291315e-02  -1.3552211e-01  -3.1124374e-02   1.0805856e-01   3.1644106e-02  -1.2013685e-02  -9.7858426e-02   5.4881762e-01  -4.1035401e-01  -3.1581478e-01   1.3045295e-01   3.2277580e-01   1.5929388e-01  -2.2861483e-01   1.4905107e-01   2.6808050e-01  -2.8012243e-01  -1.8999149e-01   3.0745110e-01   2.2016384e-01  -1.3751939e-01  -3.0725779e-01   9.2106429e-02  -8.0407129e-02  -2.0717983e-01   3.5943020e-02   1.7327374e-01  -1.5070329e-01  -4.3041459e-02   7.9094461e-02  -3.6962126e-01  -2.1168368e-01  -1.5216685e-01  -9.0172982e-02  -2.7278050e-01   1.0342107e-01   1.0273632e-01  -3.7172884e-02  -5.8523283e-02  -8.2612402e-02   4.1388624e-01  -1.4056029e-01  -4.3381393e-01   2.8013006e-01   7.6318274e-02   1.8816395e-01  -4.4615896e-01   4.4658561e-01  -3.6710752e-01  -3.6580356e-02   4.1622689e-02   5.8863147e-01   1.2794965e-01  -3.6555417e-02  -8.1534192e-02  -9.7637094e-02  -3.9247419e-01  -5.3851476e-02  -8.4673097e-02  -1.4571800e-01  -2.2007008e-01  -3.1373114e-02   4.0220790e-01   3.8088686e-01   1.8531868e-01   5.9521505e-04  -1.0054062e-01   3.7706340e-01  -1.9736550e-01  -2.3395613e-01   3.8924440e-01  -2.0336785e-01   1.2942991e-01   2.3020170e-02
  -3.4078573e-01  -3.0779817e-01   2.1294771e-01  -5.1993700e-02   2.6397661e-01   1.2156876e-01  -3.5527709e-02  -1.1817195e-01  -2.6858291e-01   1.1371423e-01   1.7676317e-01  -8.0859712e-02   0.0000000e+00  -3.5120061e-01   1.7883470e-01   3.5919529e-01   1.7502495e-01   8.3822916e-02  -1.9681258e-01   3.9994446e-01   2.3328323e-01  -1.9373117e-01   2.7936069e-01  -2.8325329e-01  -2.1336876e-01  -4.3844223e-01  -1.0814816e-01  -2.1966896e-01  -2.3324706e-02  -4.3348697e-01  -1.9060922e-02   3.1001098e-02  -9.3650618e-02   1.0288149e-01  -1.4065680e-01   3.2804440e-01   1.6640019e-01   7.8140695e-02   3.7713905e-01   5.8104939e-02   5.9799277e-01   3.2929174e-01  -1.0816479e-01  -1.7381913e-02   2.0856548e-01   1.9618010e-01   2.5981927e-01  -3.8115853e-01   3.1071322e-01   8.9469462e-02   1.6945221e-01  -2.4139828e-01  -1.2615969e-01   1.0824803e-01  -1.6007815e-01   3.6785712e-01   1.5367475e-02   1.9508787e-01   7.7511239e-02  -1.1896963e-01   1.4596052e-01   3.8403076e-01  -5.2724019e-02  -2.9114658e-01  -1.5153779e-01   1.7388352e-01  -1.9628776e-01   1.1324949e-01   3.4339662e-02   2.1687918e-01  -2.6047059e-02  -1.4605707e-02   2.4724482e-01  -1.2277050e-01  -4.4387677e-03  -6.8139430e-02   9.0515945e-02  -6.2393794e-02  -1.0003126e-01  -6.0053813e-02   1.5156206e-01   3.0408407e-01   1.4054712e-01  -1.1640749e-01  -1.0433548e-02   9.4125536e-02  -2.4710157e-01  -1.8740078e-01  -2.4266753e-01  -3.3270592e-01   1.2130586e-01   3.6979430e-01   3.0443019e-01  -3.1215591e-02   1.9110429e-01   4.1325973e-01   1.8086889e-01  -2.5621061e-01   3.8542210e-01   1.1622138e-01  -1.9580902e-01   2.8976611e-01  -2.8357389e-01  -2.4883022e-01  -1.5605937e-01  -1.3862436e-01   2.2286870e-01  -2.7224619e-01   1.8070397e-01   2.2252252e-01   2.9079732e-01  -6.7595557e-02  -2.8395440e-02  -2.6666743e-01   9.4723099e-02  -1.1114785e-01   1.0650199e-01   6.0512393e-01  -2.5260130e-01  -1.0016238e-01  -1.5916207e-01   3.3543012e-02  -3.5858667e-02  -2.5232840e-01  -1.6033973e-02  -2.0883386e-01   2.0121710e-01  -1.3820961e-01   1.2819175e-01   1.9127870e-01   5.8958990e-01   1.5136844e-01  -1.3580143e-01   1.7928257e-01   2.2146362e-01  -2.4539246e-01   6.0759653e-02   7.0092523e-02   7.6330686e-02  -5.0975951e-02  -2.5101319e-01   6.4245157e-01  -1.1151555e-01   3.8939264e-01   1.0814344e-01  -2.4723737e-01   2.1124468e-01   1.0520980e-01   2.5642651e-01   1.1329894e-01  -1.3478728e-01  -2.2633586e-02  -6.7078170e-03  -3.1541341e-01   1.4185888e-01  -1.8818944e-01  -1.5844401e-01   2.9157071e-01   3.3682675e-01  -2.7208300e-02   9.6462494e-03  -7.8508403e-02   1.8568386e-01  -1.4130935e-01  -1.5478499e-01  -9.2766202e-02   5.4054574e-02  -2.1482343e-01   7.2398218e-02   2.7106161e-01  -2.2121091e-01  -8.0251115e-03   2.1821666e-01   1.9596145e-01  -2.8936285e-02   2.0111363e-01  -2.1633281e-01
   7.3670894e-01   8.0703106e-02  -7.5371654e-02   5.8225473e-02  -3.5964420e-01  -8.7608152e-02   2.6513340e-02   8.8416839e-02   1.0792056e-01  -1.1363696e-02  -3.4516559e-01   1.0724966e-01  -3.5120061e-01   0.0000000e+00  -1.3513562e-02  -1.6700639e-01  -4.7948298e-02  -2.4748944e-01   1.8797676e-01  -2.2644590e-01  -3.8404250e-01  -7.8465868e-03  -1.4591017e-01   7.4067835e-01  -7.6857554e-02   1.4331375e-01  -5.4710991e-02   7.9834959e-01   3.4877596e-02   1.5524747e-01  -2.0478418e-01   5.1525718e-02  -1.2805354e-01   5.4531511e-02   5.3425377e-02  -2.5164839e-01  -2.2064076e-01   1.6656343e-01  -3.4358197e-01  -8.3119885e-02  -4.8201264e-01  -3.5613231e-02   6.3259003e-02   3.9174692e-03  -1.5430217e-01   6.4886703e-02  -2.1432760e-01   5.7166043e-02  -2.9089682e-01  -4.9090480e-02  -2.0115135e-01   1.2412558e-01   3.4970837e-02   2.0950728e-01   3.8559811e-01  -1.5769284e-01   4.2769238e-03  -1.6182299e-01  -1.0816578e-01  -1.5817846e-02   1.1107964e-01  -1.8968174e-01  -6.4493559e-02   1.4156878e-01   4.9717895e-03  -1.4598913e-01  -1.8811854e-02   1.2394296e-01   4.9256348e-02   1.8167778e-01  -1.9108324e-01   6.2099113e-02  -3.3418110e-01   5.5801093e-01  -6.1472028e-03   4.7850122e-02   8.2979246e-02   3.6844078e-02  -6.2066457e-02   7.6428839e-02   2.5416772e-01  -1.4922820e-01  -2.6421847e-01   1.8858289e-02   2.0900293e-01   1.1796630e-01   3.1399902e-02   6.7407020e-01   7.6761553e-03   8.0294936e-01  -2.2405194e-01  -2.7547878e-02  -1.9517479e-01   4.7171551e-02   1.2766212e-01  -2.7442198e-01  -1.9677757e-02   1.4943378e-01  -1.8434310e-01  -1.1555327e-01   4.4335064e-01  -9.9206868e-02   2.7923004e-01   5.5617197e-02   6.0394913e-02   6.1728698e-04  -2.1037993e-01   1.5397366e-01  -1.9765571e-01  -3.1221256e-01  -1.0372200e-01   1.0688408e-01   4.3113841e-02   6.3922923e-01   3.1885501e-01  -1.7308499e-01  -4.6204583e-02  -2.4779835e-01   6.3107170e-01   2.1622545e-01   3.5003072e-01  -8.7262324e-02   4.3936362e-02   5.4490476e-02   2.7636974e-01   4.8769028e-01  -1.4286077e-01   4.6197438e-02  -9.1788343e-02   1.8524034e-01  -3.5744557e-01  -3.0603380e-01  -4.7691117e-02  -2.9272342e-01  -2.0501966e-01   2.6841697e-01  -9.8962795e-03  -8.5751967e-02   2.8727489e-02   2.6534205e-01   6.3122000e-01  -1.9240281e-01  -7.7753261e-02  -9.2952074e-02   1.7869907e-01   1.7810769e-02  -1.3443745e-01  -3.0364785e-01  -2.3111964e-01  -3.0684363e-01   4.7120480e-01   4.4652691e-02   4.4317580e-01  -1.3665537e-01  -1.3874942e-01   4.0158155e-01   4.5665542e-01  -1.2600935e-01  -2.0816747e-02   2.3404503e-01   3.5987699e-02  -1.1914871e-01  -3.0636416e-01  -1.9650735e-02   1.8145716e-01   6.6898685e-02  -5.5480359e-02   6.1649432e-01   4.2400634e-01  -3.7414600e-01   6.6611752e-02   5.8416551e-02  -1.3624777e-01  -2.1085130e-01  -8.1663562e-02   3.4335002e-02   2.3901973e-01
