   0.0000000e+00   1.1769576e-01   2.3864687e-01   1.0610060e-01   1.7514923e-01   2.3363106e-01  -6.0078169e-02   1.5898501e-01  -9.7781283e-02  -1.6668141e-01  -2.8233047e-01  -5.5592179e-02  -2.4240733e-01  -2.9589450e-01  -3.7583465e-01  -2.9747365e-01   1.8653976e-01  -3.7538558e-01  -1.0091859e-01   1.5120112e-01  -4.3945784e-01  -3.2542463e-01  -3.5191668e-01   8.2803213e-01   9.1702816e-02   5.2264886e-02   6.8701773e-02  -1.0059007e-02   1.5945477e-01  -2.9605482e-01  -2.9798608e-01  -8.3570721e-02   3.1014748e-02  -2.4244802e-01  -1.0903986e-01  -1.3876005e-01  -1.8279363e-01   4.6748081e-01  -3.0328017e-01  -1.4165986e-01  -3.7099196e-01   2.7388996e-02  -3.3481779e-02  -2.5988094e-01   1.8459072e-02   6.8407617e-01  -1.6558342e-01  -4.4724887e-01  -1.4621406e-01   1.5455822e-01  -2.0844742e-01  -7.8055137e-02  -2.9527975e-01   2.3568965e-01  -4.0045784e-01  -1.3419410e-01   3.7469756e-01  -2.2702445e-01  -3.3028312e-01  -3.2093451e-01   3.6149804e-01  -6.6393180e-02  -1.7134933e-01  -1.5935048e-01  -4.4790297e-02  -5.9960270e-02   2.1038427e-01  -5.2898049e-02  -2.4738001e-02   4.1854175e-01   8.3220409e-02  -9.5743671e-02  -3.9057930e-01   6.0119354e-01  -7.6215405e-02  -7.2542178e-02   5.1191632e-01  -2.0497650e-01  -3.4712668e-03  -2.9725664e-01  -4.0483519e-01  -3.3051388e-01  -3.0494278e-01   3.7339591e-02   6.1841330e-01   1.8222487e-02  -3.2863180e-01   1.7536139e-01  -2.3051229e-01   8.6696380e-01   3.1057728e-01   3.3198541e-01  -6.7008887e-02  -3.2098364e-01   3.9793668e-01  -1.5040198e-02  -1.1514941e-01  -1.7065315e-02  -1.3124310e-01  -3.1337456e-01   4.1096115e-02   1.0253647e-01  -4.1985179e-01  -1.9499422e-01  -2.8159214e-01  -1.2669292e-01  -1.5376585e-02   1.3899999e-02  -2.1872217e-01  -1.9052770e-01  -3.8572317e-01  -2.7676993e-01  -8.4143990e-02   7.8207237e-01  -1.4925016e-01   6.5936688e-02  -1.2585365e-01  -2.8706181e-01   1.8493159e-01  -1.0338064e-01   6.7405640e-01   2.8579767e-01  -1.6271098e-01  -3.9577926e-01   7.8443960e-01  -2.2125620e-02  -2.4995948e-01  -1.2701475e-01   1.3568963e-01   4.9585813e-01  -3.5700410e-01  -2.6882833e-01   4.0465794e-01  -2.6785229e-01  -1.4563763e-01   4.9477851e-02   5.4683689e-02  -4.6668399e-01   1.2261752e-01   6.7997659e-01   5.8971275e-01   1.4215496e-01  -1.9999752e-01   1.8154882e-01  -2.1809309e-01  -5.4874066e-01  -1.8593748e-01   5.7918101e-03  -8.3501887e-02  -4.0617548e-01   6.4603809e-01  -4.4978298e-01   5.8242033e-01  -2.2406533e-01   1.2538359e-01   7.3692142e-01   6.4747963e-01  -2.8466589e-01   2.8440568e-01  -3.5177417e-01  -5.9932921e-03  -2.3911283e-01  -4.1679646e-02  -2.4218187e-01  -2.0060427e-01  -1.7285827e-02  -1.1086805e-01   5.5807831e-01   3.5306852e-01   1.6758731e-02   1.4316546e-01   5.2436208e-01  -1.7950983e-01   2.5638706e-01  -2.9239282e-01  -6.3896334e-02  -5.9569816e-02
   1.1769576e-01   0.0000000e+00   4.5926267e-01  -2.0371033e-01   4.0474483e-01  -1.1207315e-01   3.8203038e-01  -2.5008812e-01  -8.4027401e-03  -1.0923032e-01  -5.0451915e-01   7.3382126e-01  -2.7273976e-01  -2.8796191e-01  -5.4680115e-01  -1.6507493e-01   4.3416828e-01  -4.1360207e-01  -7.7522536e-02   1.4644306e-01  -5.4194225e-01  -4.8299437e-01  -3.5289855e-01   1.6987134e-01   1.4228334e-01  -2.7966198e-01   2.1452408e-01  -3.6711515e-01   6.6869948e-02  -3.0964624e-01   2.8755850e-01  -2.8718901e-01   1.2477363e-01   2.5016594e-01   5.6721575e-01  -3.2556799e-01   7.3045137e-02   6.9042967e-02  -4.9681751e-02   3.0292426e-01  -1.7212163e-01   6.3499610e-03   3.7584018e-01  -5.2430800e-01   2.0160342e-01   1.0563516e-01  -5.7662465e-01   7.9342047e-02   2.2152571e-01   6.0567848e-01  -4.7013206e-01  -2.4421917e-01   2.6309440e-01   7.3572220e-02  -3.4987780e-01  -4.8046230e-01  -6.8670374e-02  -2.8438788e-01  -3.4047608e-01   3.7831108e-02   1.4110886e-01  -1.5303010e-01   1.4481662e-01  -6.6941516e-02   4.9003969e-01  -2.3366445e-01   2.9617675e-01   1.7604519e-02  -2.4975450e-01  -4.5768056e-02   7.6638542e-01  -4.9427704e-01   7.2720428e-02   7.7094663e-02   4.6569948e-02  -1.4169509e-01   1.2785169e-01  -2.7364801e-01   3.8138277e-01  -4.3388285e-01  -4.5195924e-01  -1.3351581e-01  -2.8965684e-01  -3.1300142e-01   2.4869169e-01  -1.0210120e-01   2.1426177e-01  -2.5112263e-01   2.3263121e-01   1.8618366e-01   6.3255709e-01   2.4192004e-01   3.5381804e-01  -9.2621340e-02   1.6555326e-01   3.5577668e-01  -8.2373544e-02  -4.6325846e-02  -1.2719107e-01  -5.8194424e-01  -2.1408714e-02  -3.4780747e-01  -5.1555453e-01   6.9643612e-02  -5.0467075e-01  -2.0063998e-01   1.3131042e-02  -1.9933825e-01  -5.3317981e-02  -2.6871830e-01  -2.8456112e-01  -4.7180638e-01  -4.0436234e-01   2.1664071e-01  -3.9551412e-01   5.6710477e-01  -1.9817626e-01   1.2384467e-02  -1.6154728e-01  -3.1962610e-01   1.6915341e-02   5.5585427e-01   7.4521230e-02   2.9303705e-01   1.1434051e-01  -2.8844945e-01  -5.6861011e-02  -3.1846950e-01  -1.1546182e-01   2.4790678e-01  -1.0149877e-01   1.8267986e-01   5.1765341e-01   3.2794659e-01   1.3714786e-02  -6.3487718e-02   9.3942701e-02  -6.8162755e-02  -8.1997672e-02   8.3665118e-02   3.2318934e-03   1.0098295e-01  -4.3394977e-01   2.6390992e-02  -1.8374831e-02  -3.6116743e-01   4.7315904e-01  -2.0007108e-02  -1.8454518e-01  -4.1642583e-01   5.0445707e-02  -5.6731418e-01  -4.7907537e-02  -1.7068890e-01   8.1854291e-01   1.7157916e-01  -9.0762239e-02  -3.7655888e-01  -8.1665772e-03  -6.3470798e-01   1.1407174e-01  -4.0055690e-01  -3.2478653e-01  -4.6942888e-01  -3.2488491e-01   4.9641971e-01  -3.8203244e-01   1.5659549e-02  -5.8483471e-02   6.9355537e-01   4.7387350e-01   7.9597815e-02  -3.9768253e-01   1.1966649e-01   2.4165286e-02  -1.0010756e-01  -1.6817872e-01
   2.3864687e-01   4.5926267e-01   0.0000000e+00   3.7561690e-02   5.9122582e-04   2.3343591e-01  -3.9442950e-02  -6.1319415e-03   1.6944920e-02  -5.0154116e-02  -5.3449231e-01   5.8884690e-01  -1.3133293e-01  -3.3016550e-01  -3.3482591e-01  -2.8958271e-02   8.0981538e-01  -3.5497600e-01  -6.5992001e-02  -9.8296593e-02  -5.8178956e-01  -2.9354920e-01  -3.4054693e-01   2.5606116e-01  -1.1441077e-02   7.2845140e-02   7.8802069e-02   4.5955783e-02  -8.4890192e-02  -4.0679689e-01  -9.1519943e-02   1.0925946e-03   1.8030800e-01   1.1476139e-01   2.2184214e-01  -4.0613609e-01   8.6565073e-02   1.7350554e-01   1.0611238e-01   4.3995538e-01  -1.2772894e-01   1.6868179e-01   1.8502971e-01  -4.7011615e-01   1.0858991e-01   2.7366575e-01  -4.8317681e-01  -4.5562140e-01   8.7998928e-02   7.2233001e-01  -3.5723772e-01  -1.0868032e-01   2.3510247e-02   2.3726523e-01  -2.4334995e-01  -2.2116133e-01   3.2499166e-01  -5.1646633e-02  -1.4166730e-01   1.3236104e-01   5.2946193e-01  -2.8912933e-01  -9.5027698e-04  -1.3235497e-02   1.7398505e-01  -3.8356367e-01   4.1689807e-01  -1.8053835e-02  -1.6571657e-01   4.7297403e-01   4.0521254e-01  -4.6560115e-01  -1.9635252e-01   3.6517611e-01   7.2460643e-02  -1.5376571e-01   4.2086278e-01  -2.9085379e-01   2.1766531e-01  -2.8769276e-01  -4.4263954e-01  -1.0804307e-01  -2.3948270e-01  -7.0210397e-02   4.3051588e-01  -1.1297607e-01  -1.7326717e-01   4.8094035e-02   3.8942382e-01   1.9688172e-01   3.4724900e-01   6.2601908e-01   3.3364199e-01  -2.9866382e-01   2.7260900e-01   2.8759432e-01  -9.7178508e-02  -5.9675772e-02  -3.2432554e-01  -4.7177778e-01   7.4207790e-02  -1.7740633e-01  -5.2705403e-01   7.3123589e-02  -3.4345604e-01   2.1048328e-02   2.3006344e-01  -9.5885706e-02  -1.2449520e-01  -3.0617737e-01  -2.8875320e-01  -3.9183291e-01  -3.6992208e-01   2.3468575e-01  -2.4688466e-01   2.2376855e-01  -4.9027113e-02  -2.6318693e-01   2.1695184e-02  -1.0525214e-01   2.1854967e-01   3.7190525e-01   1.2895311e-01   9.0994124e-02   2.4039862e-01  -6.5539946e-02  -7.1103960e-02  -2.8216686e-01   1.2243580e-01   5.3921893e-01   6.3176546e-02  -1.8852049e-01   4.2174197e-01   1.9261343e-01  -7.4884528e-02  -4.4063984e-02   5.0283767e-04  -1.0056135e-01  -1.4588099e-01   2.3262575e-01   2.6695745e-01   3.6887640e-01  -3.8018334e-01   3.9713503e-01  -2.4583565e-01  -4.6232461e-01   4.1422609e-01  -1.9347997e-01  -2.0639620e-01  -3.7722297e-01   2.7526319e-01  -5.3441290e-01   3.1319402e-01  -4.2494549e-01   7.3511181e-01   1.9637238e-01   2.3119908e-01  -1.3612372e-01   3.4748009e-01  -5.2279046e-01  -1.3996850e-01  -3.6260368e-01  -4.0023107e-01  -3.5365954e-01  -7.8659610e-02   2.9559063e-01  -3.9250694e-01   3.0965718e-01   2.0154940e-01   4.5373517e-01   2.6092782e-01   2.3983792e-01  -4.8859152e-01   3.7653723e-01  -4.3475731e-02   1.0568586e-01   1.0629734e-01
   1.0610060e-01  -2.0371033e-01   3.7561690e-02   0.0000000e+00   2.0620518e-02   3.0112629e-01  -1.4895973e-02   4.6862062e-01   3.0876371e-01   1.1835740e-01   1.3044820e-02  -1.3910000e-01  -1.2792475e-01  -4.9478365e-02  -2.1380764e-01  -3.7538636e-02   1.3647157e-02   4.7295889e-02   1.0663662e-01   1.0152118e-01  -2.7633309e-01   3.9305434e-01  -1.7526009e-01   5.8120912e-03   3.1043989e-01   4.2394268e-01   4.5081193e-02  -9.1141475e-02   1.8060110e-01   1.3934607e-01  -4.3662341e-01   4.2957924e-01   2.7456512e-01  -2.1512646e-01  -6.2171618e-02   1.1040908e-01  -2.0408297e-01  -1.9960212e-01  -1.5940232e-01  -1.0906274e-01  -1.6663125e-01   1.5194031e-01  -1.3901339e-02   6.5880287e-02   1.3652639e-01   5.1530155e-02   2.5995382e-01  -3.4683110e-01  -1.1397396e-01  -1.1503880e-01   1.7318221e-01   4.2639469e-01  -4.3057814e-01   1.7049711e-01   7.1448241e-02   2.6305684e-01   2.2759429e-01   4.0788439e-01   2.1549538e-01   1.6920232e-01  -8.6641460e-02  -1.3982954e-02   1.8970860e-01  -3.5115920e-01  -4.4263410e-02   9.6359504e-02   1.8514448e-01   2.2147191e-01   5.6437981e-01   8.1870695e-02  -1.9852878e-01   4.9736776e-01  -3.8216060e-01   1.7036880e-01   1.7054334e-01   2.9796546e-01  -1.0084394e-01   2.4044724e-01  -8.8149512e-02   2.8262088e-01  -1.7570277e-01  -2.4111429e-01  -2.3471017e-01   4.0022787e-01   1.5352600e-02   2.7768833e-01  -3.3026877e-01   1.4573596e-01   1.7617727e-01  -5.2006642e-02  -8.4116259e-02   2.0561699e-03  -5.3981804e-04   1.0262650e-01  -1.0709366e-01  -9.1281501e-02   3.2779396e-01   1.7935037e-01   2.2698711e-01   3.4190922e-02  -4.1890326e-01   2.1370461e-01  -2.9054123e-02   2.1444428e-01   2.2157926e-01   5.5921922e-01  -4.5218750e-02   5.9713166e-01  -8.4905701e-02  -6.9313996e-02  -1.2373376e-01   3.4715871e-01   4.1559822e-01  -1.0609066e-01  -3.5175474e-01  -1.9661149e-01   3.2834247e-01  -4.3927985e-01  -2.6017226e-01   6.8401122e-01   2.6489593e-01   1.1369521e-02  -1.4931723e-01  -1.6944471e-01   3.9890045e-02   1.6062198e-01   1.3443676e-02  -2.2588125e-02   6.6328768e-01  -2.2050661e-02  -1.6024875e-01  -2.8128531e-01   1.2902661e-01  -3.7817442e-01   3.8403382e-01   4.1293470e-01   3.4297627e-01  -4.0056470e-01   2.8913835e-01  -5.5175757e-02   1.2053917e-01  -3.7221433e-02   2.7502066e-01  -3.0608625e-01   4.2538088e-02  -1.1550713e-01  -2.5144919e-01  -7.5393557e-02   1.9803419e-01  -1.3952012e-01  -9.0701588e-03   9.8731749e-03   2.2869647e-01  -2.6969438e-01  -5.9467049e-02  -1.5297066e-01   2.2201685e-01   2.1474592e-01   1.9416388e-01   5.3371278e-02   2.0760959e-01   3.3396167e-01   1.8741180e-02   3.0194022e-01   6.4523473e-01  -1.4123061e-01   2.0377215e-01  -5.3104849e-02   2.9384136e-01  -9.0263786e-02  -3.5983816e-02  -9.5515573e-02   3.5937605e-01  -1.7466016e-02   2.2822567e-01   2.3594601e-01   6.0116234e-01
   1.7514923e-01   4.0474483e-01   5.9122582e-04   2.0620518e-02   0.0000000e+00  -3.0135754e-02   3.5126952e-01  -2.3416716e-01   1.6246316e-01   6.1405483e-02  -1.8115506e-01   1.4878306e-01   2.2906023e-02  -1.8840423e-01  -3.6166761e-01  -1.7600364e-01  -1.2924681e-01  -2.8242507e-01  -6.6506971e-03   8.1578141e-01  -2.3620712e-01  -2.6188678e-01  -2.5658891e-02   1.0890829e-01  -3.8085582e-02  -1.3501424e-01   4.5118163e-01  -2.4996137e-01   1.6901738e-01  -1.0453301e-01   8.5195927e-02  -1.8341974e-01   4.9351864e-02   8.8365203e-02   1.8492241e-01   3.4805545e-01  -2.4291288e-02   4.2722910e-02  -6.7662003e-02   1.3118765e-01   5.9395903e-02   4.1600803e-02   1.4070558e-01  -2.8172360e-01   3.5543547e-01   2.9722717e-02   7.8178066e-03   1.2070286e-01   2.1189758e-01   7.6635982e-02  -1.0647498e-01  -1.4619278e-01   6.5237994e-02  -4.7487725e-02  -2.2233704e-01  -2.8346437e-01  -5.3062974e-02  -5.8379801e-02  -1.4939208e-01  -1.1410530e-01  -1.4410144e-01   2.1269235e-01   2.5719999e-01  -8.8074820e-02   3.0239512e-01   2.7988406e-01   1.0076120e-01   2.0066353e-01   5.9256454e-02  -1.1991209e-01   3.9468295e-01   9.6437892e-03   8.2880512e-02  -7.9852166e-02   1.4007354e-01   3.7171220e-02  -6.6513346e-03  -1.2008170e-02   7.5233799e-01  -5.7307395e-02  -2.3673144e-01  -8.4995600e-02  -3.7673744e-01  -2.3227174e-01  -2.3159130e-02   1.4430789e-01  -5.7892331e-02  -2.9482984e-01   8.9565625e-02   2.7478417e-01   6.7998729e-01  -1.5988752e-01   3.8323153e-01   1.3258740e-01   1.9278759e-01   3.7358724e-01   3.4887819e-01  -4.8252590e-02   3.7587453e-01  -6.2273641e-02  -3.5091403e-01  -7.9482203e-02  -2.7766784e-01  -1.3615992e-01  -3.0267122e-01  -1.3383490e-01  -1.1886693e-01   8.0548392e-02   1.2944165e-01  -1.6163593e-02  -1.7192329e-01  -1.2127041e-01  -1.3500173e-02   2.0170485e-01  -3.8331014e-01   6.1829554e-01  -6.7769128e-02   1.7931264e-01  -2.9118512e-01  -5.6716901e-02   6.4088406e-02   6.5017955e-01  -2.8447519e-01   4.5515352e-02   5.3033935e-02  -3.2914919e-01   4.0086720e-02  -2.6373872e-01  -9.5192463e-02   2.1764015e-04   5.0290485e-02   2.9280340e-01   7.9736809e-02   2.5044184e-01   9.2572178e-02   2.1564761e-02   3.4983588e-01  -1.8787906e-01   7.4688222e-02   2.4044975e-01   6.6939093e-04   9.2452686e-03  -5.0812950e-02  -4.3115256e-01   1.7540145e-01  -2.0538439e-01  -2.1551145e-02   3.5893825e-01   1.5338450e-01  -1.5758011e-01  -5.4510716e-02  -3.5554631e-01  -9.6792573e-03  -4.8694326e-02   2.8369922e-01   1.1817571e-01   2.2559824e-02  -9.1986641e-02  -7.5464124e-02  -2.8301681e-01   2.8584722e-01  -5.4650834e-02   3.2044651e-01  -3.1402775e-01  -1.2350698e-01   4.6090166e-01   2.4993207e-02   4.7472782e-02  -4.7576683e-02   4.0826854e-01   6.9899881e-01   1.1750276e-02   1.1381306e-01  -2.4325884e-01   2.1830026e-01  -1.5516300e-01   7.1746934e-02
   2.3363106e-01  -1.1207315e-01   2.3343591e-01   3.0112629e-01  -3.0135754e-02   0.0000000e+00  -1.7612444e-01   1.2186173e-01  -1.8800352e-01  -8.0594639e-02  -3.0899409e-02  -1.1967143e-01   1.3523474e-02   1.4924035e-01  -1.5523823e-01   1.6326580e-01   2.0284628e-01   6.1195223e-03   1.4888077e-01  -8.1947523e-02  -4.1134010e-02   1.9006533e-01  -2.1354019e-01   1.9215897e-01   1.7276870e-01   6.9113813e-02   6.8008361e-02   2.4464606e-01   2.6787425e-02   2.3144952e-01  -2.4660038e-01   1.0988106e-01   1.3833967e-01  -3.1192278e-01  -2.6623505e-01  -3.8826772e-02  -2.5955519e-01  -2.6841607e-02   6.0651389e-02   3.5173780e-02  -1.7174707e-02  -2.1495655e-02  -3.5950963e-02  -1.4559104e-01   6.1743573e-02   9.2176111e-02   1.9324350e-01  -4.0534992e-01   6.9974279e-02  -7.7983068e-02   5.7736983e-02  -7.8397246e-02  -4.2468767e-01   2.5367898e-01  -1.8386859e-01   2.6332285e-01   6.0191362e-01   1.1861250e-01   3.3111794e-01   3.9148285e-02   2.6646618e-01  -6.3286975e-02  -2.8414525e-01  -1.0299982e-02  -1.2052484e-01   1.8243339e-01   7.4394967e-01  -2.4820629e-01   2.0924495e-01   2.9400179e-01  -2.9565813e-01   1.6773606e-01  -1.9796541e-01   4.9341095e-01  -1.6058556e-01  -1.5475152e-01   8.7364708e-02  -1.3188701e-01  -1.7687899e-01   1.4541109e-01  -2.4319602e-01   5.2762318e-03   1.2816270e-01   1.2819373e-01   5.2341419e-01  -1.6410221e-01  -3.1454098e-01   3.0174540e-01   1.6152042e-01   1.4518192e-01  -6.0633872e-02   3.0374421e-01  -2.6024472e-02  -3.1061281e-01  -7.8200235e-02  -7.4012566e-02   9.6520813e-02  -5.9838904e-02  -5.9400313e-02  -2.3993121e-02   1.1313998e-01   1.4735759e-01  -2.1360690e-01   1.5471232e-01   1.1475850e-01   1.8558561e-01   7.2168506e-02   1.5862261e-01  -1.5221307e-01   1.8674153e-01  -1.4556972e-01   3.2886516e-01  -6.9194953e-02   5.7359226e-02  -1.0418730e-01  -3.2127550e-01   6.5796012e-02  -2.5051289e-01   4.5723693e-01   2.6674469e-01   2.0971586e-01  -7.8124170e-02  -3.3738483e-01  -2.2668096e-01   1.6755838e-01   3.3400755e-01   7.4629387e-02   3.7020879e-02   1.0950470e-01   3.3617173e-01  -6.2643621e-03  -1.8933586e-01   1.9680119e-01  -2.7834309e-01  -1.9180046e-02  -2.1764172e-01   5.8446172e-02  -2.6579386e-01  -1.9611767e-01   4.8696951e-02   3.1546187e-01   1.0811503e-01   1.9059130e-01   3.3513346e-01  -1.6219278e-01  -2.6881504e-01  -3.2516574e-02   1.7167152e-01   2.7274150e-01  -2.1418219e-01   5.6048032e-01  -1.9937495e-01   3.9717452e-01  -2.2846674e-01  -3.2336541e-02   1.9792076e-02   2.5204912e-01   2.6065327e-01   3.7585064e-01  -1.0079683e-01  -1.1599964e-01   1.4867536e-01   3.1640248e-02   9.8646580e-02   5.2927647e-02  -2.9970720e-01   3.2836111e-02   3.1584040e-01   5.4632510e-01  -7.1207971e-02  -2.1623218e-01  -8.6730257e-03   9.9890020e-03   6.1036888e-01   2.5338418e-02   2.1030367e-01   1.7631713e-01
  -6.0078169e-02   3.8203038e-01  -3.9442950e-02  -1.4895973e-02   3.5126952e-01  -1.7612444e-01   0.0000000e+00  -2.0108814e-01   1.8468741e-01   5.5127678e-01  -1.3917491e-01   5.1505138e-01  -1.1931870e-01  -8.6839031e-02  -6.0142431e-02   1.3460013e-02  -2.6101923e-01   1.6337693e-01  -3.1178059e-01   5.3645538e-01   3.9251043e-02  -2.1013994e-01   4.0106407e-01  -9.0226999e-02  -2.1829668e-02  -3.4800047e-01   3.3250388e-01  -9.9424631e-02   1.1927758e-01   4.5874824e-02   2.0649145e-02  -1.6450728e-01   1.0931504e-01   6.1153552e-01   3.9335211e-01   4.6895595e-01   9.8143557e-03  -1.0077862e-01   7.5309038e-03   2.6880737e-01   5.7663021e-02   8.5344933e-02   6.4675077e-01  -2.1306224e-01   4.1023149e-01  -1.9090789e-01   2.4118009e-02   3.7630393e-01  -1.2775193e-01  -6.7005285e-02   3.0291787e-01  -2.0489163e-01  -4.6113775e-02  -1.7709695e-01  -1.3884861e-01  -4.0387348e-01  -4.2252570e-01  -1.5100748e-01  -1.1469871e-01   3.1363638e-01  -3.8313243e-01   2.2400231e-01   1.9893326e-01  -1.4037261e-01   1.8549961e-01   2.6420147e-01  -1.5891060e-01   1.2633248e-01  -1.6765455e-01  -7.0120939e-02   2.1178544e-01   7.9703712e-02   4.7915159e-02  -4.5483860e-01  -8.4957508e-02  -9.6398821e-02  -2.3680452e-01  -1.8432657e-01   2.5274879e-01  -1.3638968e-01   2.4803232e-01   8.7899938e-02  -3.0732508e-01  -2.9185613e-01  -2.8532635e-01  -2.4858434e-03   2.2884891e-01  -2.2702948e-01  -7.2814558e-02  -1.1467879e-01   7.6536699e-02  -2.8735599e-01   5.3003035e-01   4.1389906e-01   4.2996958e-02   2.4090044e-01   2.7688020e-01  -2.7582892e-01   2.2540476e-01   2.2398006e-01  -3.1301193e-01   1.2548775e-01  -5.4801055e-02   2.0034272e-01  -1.0971198e-01   8.0677185e-03  -3.3937714e-01  -2.5737121e-01   3.0565110e-01   6.4168677e-02   4.8711229e-01  -1.3419922e-01  -6.7319008e-03   6.5877115e-02  -1.6630800e-01   1.6028820e-01  -2.0371333e-01   2.0255582e-01  -3.5679619e-01   2.8164016e-02  -1.4993097e-01   1.9493622e-01   3.4131318e-02   2.7969638e-01  -2.0403886e-01  -2.4963560e-01   3.5736060e-01  -1.8821256e-01  -1.2755286e-01  -1.5380909e-01  -2.2022612e-02   2.5466758e-01  -5.8367101e-02   2.2287520e-01   2.6847549e-01  -2.4670211e-02   6.2403421e-02  -3.8553223e-02  -1.1620966e-01  -1.2246847e-03  -1.4704226e-01  -4.5533333e-01  -1.4598750e-01  -1.1278675e-01   3.2809077e-01  -1.1666716e-01   3.8089993e-01   9.7079715e-02   4.8343136e-01   3.2354361e-01  -3.6359892e-01  -4.2444391e-02  -2.2091854e-01   6.8144041e-02   2.1083923e-01  -9.6471005e-02  -2.3977646e-01   8.6199784e-02  -2.9608842e-01   3.0943753e-02   3.2792239e-01   3.3990154e-03   2.7025010e-01  -8.4765978e-02  -8.0321256e-02   1.3633523e-01  -2.9850896e-02  -1.8807980e-01  -3.1300491e-01   1.7552656e-01   3.7677930e-01  -1.5513247e-01   1.1007962e-01  -3.3737686e-01   2.2600298e-03  -7.6506077e-02  -3.0104617e-02
   1.5898501e-01  -2.5008812e-01  -6.1319415e-03   4.6862062e-01  -2.3416716e-01   1.2186173e-01  -2.0108814e-01   0.0000000e+00   1.7370312e-01   2.9433020e-04   7.5300630e-02  -2.1920683e-01  -2.6178372e-01   1.0134665e-02  -6.9639199e-02  -2.2328856e-01  -1.5012846e-02   1.5633729e-03   8.1295679e-02  -8.5912368e-02  -1.8938097e-01   3.0189259e-01  -1.6396717e-01   6.4557465e-03   2.0692423e-01   6.9986030e-01  -1.4492702e-01   2.0747332e-01   2.2891504e-01  -1.1004006e-01  -3.2645160e-01   3.6200328e-01   1.1796858e-01  -2.9908439e-01  -1.1243899e-01  -1.3775199e-01  -2.9113652e-01  -3.3396005e-01  -3.6216234e-01  -2.6388901e-01  -3.0958399e-01  -2.3418714e-02  -2.5332142e-01   2.6774320e-01  -2.1832043e-01   2.3207183e-01   4.7225364e-02  -2.9769395e-01  -4.5074595e-01  -1.2878883e-01  -2.1642107e-02   7.0140603e-01  -3.6767308e-01   7.1951768e-02   4.3348288e-03   3.1033821e-01   2.2069899e-01   2.7734585e-01   1.3924349e-02  -3.2427754e-02   3.0686757e-02  -7.9576008e-02   1.6041651e-01  -1.8107494e-01  -1.7811408e-01  -1.4626390e-01   1.8442701e-02  -1.7094822e-02   3.9681398e-01   1.6277917e-01  -2.2840981e-01   1.1965105e-01  -3.0202067e-01   2.8583949e-01  -4.1996361e-02   4.9011274e-01  -1.2748486e-01   4.6012176e-01  -2.9998853e-01   1.9185560e-01   4.0591590e-02  -2.1484853e-01  -1.1984850e-01   8.3808648e-01   5.6480201e-02   3.5197822e-01  -2.8355826e-01   2.0434735e-01   1.9603642e-01   9.7270784e-03  -1.6634134e-01   7.4717478e-02  -2.3690515e-01  -8.1606030e-02  -3.4216878e-01  -1.1133359e-01  -7.2234976e-02   1.4928226e-01  -7.1047976e-02  -1.4046900e-01  -1.1577220e-01   2.3495010e-01   1.5552637e-01   1.7186462e-01   2.6733003e-01   4.9383759e-01  -9.3687936e-02   5.7424709e-01  -1.4447610e-01  -1.6175477e-01  -1.2695463e-01   7.2959032e-02   1.5230242e-01  -1.2489076e-01  -5.2622868e-02  -3.2333816e-01   5.4153135e-01  -3.6102639e-01   5.0956729e-02   2.7506613e-01   2.3199383e-01  -1.2058379e-01  -4.9469761e-02  -2.3146317e-01   1.6778158e-01   2.3398903e-02  -1.8192966e-01   1.1160007e-01   6.2264858e-01   7.2058497e-02  -4.0489081e-01  -3.3594190e-01   1.8268484e-01  -2.8457061e-01   9.7598380e-02   6.1045439e-01   2.2934685e-02  -1.4474419e-01   4.3140448e-01   4.8490737e-03   2.6463335e-01  -2.8991352e-02   1.4185230e-01  -7.2141326e-02  -1.8440694e-01  -2.9748395e-02  -3.5283626e-01  -1.4902190e-01  -8.0856864e-02  -1.1602058e-01   8.6083975e-02   2.8288188e-01   1.2785795e-01  -1.4834921e-01  -1.6365596e-01  -1.1947661e-01   3.6571018e-01  -4.8690375e-02   8.0653090e-02   1.6181279e-01  -7.0254939e-02   2.8376196e-01  -1.0618077e-01   2.2112083e-01   3.3814890e-01  -2.3249284e-01   7.0466963e-02   1.8322355e-01   2.2684353e-01  -2.0360984e-01  -2.1494923e-01  -1.4046265e-01   1.1992247e-01   1.1734301e-01  -3.0065558e-02   1.2343737e-01   3.0559885e-01
  -9.7781283e-02  -8.4027401e-03   1.6944920e-02   3.0876371e-01   1.6246316e-01  -1.8800352e-01   1.8468741e-01   1.7370312e-01   0.0000000e+00   3.8097597e-01   1.4089541e-01   7.2017645e-02  -1.2404211e-02   1.2308928e-02   1.1469271e-01  -4.1766856e-02  -1.8386788e-01   6.8177601e-02  -1.8783859e-02   2.3787978e-01  -9.6026138e-02   1.3338338e-01   2.2514973e-01  -1.3295269e-01   1.5534023e-01   2.5368231e-01   8.1498690e-02   8.3663288e-02   1.1619566e-01   2.1322415e-02   2.7702032e-02   1.9049229e-01   1.9268877e-01   1.3478152e-01   2.3453471e-01   2.0890225e-01  -7.0721292e-02  -2.3399080e-01  -1.1770490e-01   5.5345786e-02   4.9376409e-02   2.2586634e-01   2.1423648e-01   9.7803957e-02   1.3342882e-01  -7.3250852e-02  -3.9440837e-02   6.6850606e-02  -1.6115746e-01  -5.7204285e-02   2.4327244e-01   3.5468257e-01   1.1302314e-02  -1.8970361e-01   3.2864493e-02  -3.8659689e-02  -1.0592154e-01   4.5866998e-01  -7.1294378e-02   4.4956355e-01  -2.1726616e-01   1.2133208e-01   5.9297758e-01   1.3565057e-01   1.1506403e-02  -7.3928101e-02  -2.3382140e-01   4.2995138e-01   1.4552688e-01   8.9517150e-02   1.0752531e-02   2.7610844e-01   5.1994334e-02  -9.7199569e-02   1.2139887e-01   3.8480390e-01  -1.1495570e-01   1.4017703e-01   1.6672770e-01   6.5493544e-02   1.0552228e-01   4.0566346e-02  -3.2030578e-01   1.0017095e-01  -2.7483905e-01   5.2317591e-01   1.5476557e-01   7.7339856e-02   1.4142340e-01  -1.4837908e-01   9.7638536e-03  -1.4257061e-01   2.1999723e-01   6.1581708e-01  -1.1616467e-01  -1.0820284e-01   4.4054837e-01   2.3931187e-01   3.4628198e-01   6.0277858e-03  -3.1247744e-01   3.4247540e-01   3.0010823e-02   6.1342704e-01   1.1736613e-01   1.7717436e-01  -2.2733050e-01   3.6000911e-01  -6.2288764e-02  -2.8953492e-01   1.7866581e-01  -8.3491719e-04   4.0226708e-01  -2.2140450e-01  -1.2848014e-02   3.9105828e-02   1.7813266e-01   1.1133502e-01  -3.3334934e-01   2.9074071e-01   1.6353691e-01   1.9239284e-02   1.1193921e-01   3.3001509e-01  -3.8011064e-02  -4.9049869e-02   1.2544931e-01  -6.6535217e-02   4.5262661e-01  -1.3069119e-01   6.2308324e-02   2.2165297e-01   1.5911675e-01   1.4169465e-01   6.7898677e-01   4.1610539e-01   2.9678843e-01   5.5325474e-02   2.7688383e-01   2.1130997e-02   5.9641855e-02  -8.4406813e-02   1.0878615e-01  -3.1619072e-01   3.1302510e-01   2.4246642e-01  -1.9544119e-01  -1.0052968e-01  -1.9688589e-02   9.2808248e-02  -2.0858737e-01   9.9140745e-02  -1.0339489e-01   1.8154978e-01   1.0540095e-01  -2.3666982e-01   1.4035699e-01   6.5337716e-02  -3.3799558e-02   1.4488997e-01   3.6543800e-01   2.9968135e-01   1.3192208e-01  -4.4907629e-02   4.4222403e-01   1.2744764e-01  -1.7687033e-02  -7.2998320e-02  -1.3379449e-01  -4.4023925e-02   1.8331794e-01  -1.8653420e-01   2.4704847e-01  -3.7281415e-01   2.1039127e-01   8.6391168e-02   5.9353517e-01
  -1.6668141e-01  -1.0923032e-01  -5.0154116e-02   1.1835740e-01   6.1405483e-02  -8.0594639e-02   5.5127678e-01   2.9433020e-04   3.8097597e-01   0.0000000e+00   1.1436783e-01   1.0901183e-01   4.0814506e-02  -1.1550637e-01   1.5138392e-01   3.1824820e-02  -3.6744269e-01   3.0742482e-01  -1.2998767e-01   3.8940445e-01   1.9959992e-01  -4.1987239e-03   5.7036798e-01  -1.7962431e-01  -8.9279200e-02  -1.5082978e-01   2.6747131e-01   1.0798585e-01  -6.2370406e-02   1.2596230e-01  -2.3259977e-01   5.9138355e-02   1.4755147e-01   5.0175920e-01  -4.8842176e-02   6.1574786e-01  -1.3171585e-01  -2.3248088e-01   1.0102254e-02   3.9525556e-01   1.7796491e-01   1.8554771e-01   4.1273126e-01   5.4675797e-02   5.6858193e-03  -4.2181205e-01   2.7633733e-01   2.0073647e-01  -3.7493029e-01  -2.4037157e-01   5.5854434e-01   3.3257286e-03  -1.2531544e-01  -2.4324318e-01   1.3284893e-01  -1.2315247e-01  -2.7207270e-01   9.8242858e-02   1.2734404e-01   4.0065182e-01  -5.0904769e-01   3.0479866e-02   1.7288062e-01  -1.2052332e-01  -2.7160571e-01   3.4160803e-01  -3.0068351e-01   3.0379021e-01   3.8714246e-02   2.8825303e-01  -2.0092915e-01   3.8129712e-01  -1.7074943e-02  -4.2904223e-01   2.1357504e-02  -7.8875452e-03  -3.8176962e-01  -3.3657280e-03   1.0393305e-01   9.1564926e-02   4.3446243e-01   1.0916494e-01  -1.8027350e-01  -1.3738951e-01  -5.2152586e-01   1.1621150e-01   1.3211218e-01   6.0136474e-02  -5.6819203e-02  -2.7730970e-01  -2.2643048e-01  -4.3083036e-01   3.4159290e-01   5.0930852e-01  -1.7851361e-01  -4.7086461e-03   5.1542180e-01   1.1816877e-03   4.3945719e-01   4.5000455e-01  -4.2841605e-01   2.5656134e-01   1.5192084e-01   3.7830270e-01   1.6168200e-01   1.4940786e-01  -4.2719332e-01   4.6224450e-03   1.4518965e-01   1.2286818e-01   6.6649442e-01   7.5486992e-02   3.3669520e-01  -1.4129225e-01   5.2692839e-02  -1.6319565e-01   5.8754749e-02   1.4312921e-01  -3.1788417e-01   2.4435986e-01  -1.2849390e-01  -8.0945551e-02  -2.3351955e-02   2.0400827e-01  -3.4982572e-01  -1.3838973e-01   2.6986888e-01  -1.2529905e-01   8.7476307e-02  -3.7716395e-02   6.9087078e-02   1.2070953e-01  -3.5808694e-01   1.4129939e-01   3.4081305e-01   4.7753821e-02   1.3331020e-01   1.8741486e-01  -8.1420329e-02   2.5296997e-02  -7.3258869e-02  -4.2212593e-01   5.3533562e-02  -5.1157422e-02   1.0756861e-01   1.0229496e-01   7.7047911e-03   8.2381016e-02   5.1193106e-01   4.7968179e-01  -4.4178901e-01   2.0849117e-01  -2.1719226e-01   1.2310122e-01  -4.1226727e-02  -1.5945094e-01  -2.0845236e-01   3.1695055e-01  -3.4786917e-01   3.8716753e-01   3.2515703e-01   2.3097499e-01   4.6289472e-01   1.4250557e-01   1.8399929e-01  -1.9772245e-01  -1.1870849e-02  -2.4286384e-01  -3.9296757e-01  -2.4790030e-01   2.0294541e-02  -2.3645252e-01   3.1151901e-01  -3.8119299e-01  -2.6521195e-02  -1.2840520e-01   1.4218088e-01
  -2.8233047e-01  -5.0451915e-01  -5.3449231e-01   1.3044820e-02  -1.8115506e-01  -3.0899409e-02  -1.3917491e-01   7.5300630e-02   1.4089541e-01   1.1436783e-01   0.0000000e+00  -4.8812697e-01   3.2777026e-01   4.5537574e-01   4.6403184e-01   3.1189654e-01  -5.2723353e-01   5.9276983e-01   5.8138735e-02  -2.4691822e-02   6.3340238e-01   4.3488051e-01   3.2786380e-01  -3.3231738e-01   1.2457622e-01   9.0414934e-02  -7.2473792e-02   1.0697946e-01  -2.4438056e-03   5.8069246e-01   1.7210215e-01   2.7206761e-01  -5.1594355e-02  -2.4223211e-01  -2.7996833e-01   3.6701315e-01  -2.2873237e-02  -2.9278770e-01   2.2105942e-01  -2.8424703e-01   4.4926327e-01  -1.2132853e-01  -1.9378018e-01   6.9838625e-01  -1.6190932e-01  -3.5579089e-01   6.6795985e-01   1.5999591e-01  -1.4396620e-01  -6.1279660e-01   5.5566684e-01   1.8202704e-01  -2.2522730e-01  -1.7102211e-01   1.8072070e-01   5.6037807e-01  -7.1430692e-02   2.9932972e-01   4.4259212e-01   1.6422389e-01  -2.7716081e-01   2.0187944e-01  -6.6223252e-02   4.2768229e-01  -2.1251170e-01   3.5417093e-01  -2.3348653e-01  -8.3635121e-03   3.1694862e-01  -1.8500934e-01  -5.2048615e-01   4.5214787e-01   3.9913966e-01  -1.8259124e-01  -2.2530179e-01   1.5129615e-01  -3.7514788e-01   3.3372539e-01  -2.0647320e-01   5.6861078e-01   4.3963285e-01   3.0424487e-01   5.0879041e-01   2.1257071e-01  -3.2270813e-01   2.2216908e-01   6.6124413e-02   1.4700431e-02  -1.0493557e-01  -3.3808883e-01  -4.2295201e-01  -3.4121617e-01  -2.7166235e-01   3.4665503e-01  -4.1117309e-01  -3.4792891e-01   2.4694716e-01  -8.1065605e-02   1.9040243e-01   3.8283744e-01   2.7850930e-02   5.3465213e-01   5.6140110e-01   1.6020235e-01   5.2321346e-01   1.9766966e-01  -2.0810243e-01   1.3435404e-01  -1.7152983e-01   4.0812038e-01   2.8435291e-01   5.6411979e-01   3.2318160e-01  -4.0980213e-01   2.4101651e-01  -3.7448049e-01   3.0033351e-01   3.4560250e-01   7.8032869e-02   2.4928143e-01  -1.8704946e-01  -4.8815074e-01  -1.1853200e-01   1.5614585e-01  -3.0738395e-01   2.4157660e-01   2.4007915e-01   3.1676180e-01  -9.9108815e-02  -3.2109645e-01   2.4725869e-01   2.9393176e-01  -3.9868002e-01  -1.6910223e-01   2.8016550e-02   3.4785593e-02  -2.9606077e-02   1.3819111e-01   7.9160716e-02  -3.0236294e-01  -1.1635081e-01  -3.7870864e-01   6.1686335e-01  -1.7757017e-01   3.4152427e-01   7.0142135e-01  -3.9973379e-01   3.1261559e-01   1.9570288e-01   3.3738227e-01  -1.4631070e-01   5.4986288e-01  -2.1299477e-01   6.9754073e-01  -5.8681940e-01  -3.3659911e-01  -2.3387708e-01   5.7836097e-01  -6.6959596e-03   5.5076656e-01   7.9754743e-02   6.7914378e-01   5.0570889e-01   4.7211493e-01   2.5991949e-01  -4.4422270e-01   4.8639982e-01  -1.7783419e-01  -1.0499794e-01  -3.9473447e-01  -4.0340380e-01  -5.0265201e-01   5.1566259e-01  -1.6395015e-01  -1.0029183e-01   2.6403054e-03   5.0750406e-02
  -5.5592179e-02   7.3382126e-01   5.8884690e-01  -1.3910000e-01   1.4878306e-01  -1.1967143e-01   5.1505138e-01  -2.1920683e-01   7.2017645e-02   1.0901183e-01  -4.8812697e-01   0.0000000e+00  -1.0801671e-01  -2.1519300e-01  -1.6227322e-01   3.2265176e-02   5.0117425e-01  -1.9647772e-01  -1.7459353e-01   9.0734678e-02  -4.0173307e-01  -3.7723164e-01  -7.8682957e-02  -4.8716162e-02   2.0878342e-02  -2.2657111e-01   6.7989734e-02  -1.0363201e-01   5.4909823e-02  -3.1496739e-01   2.1917212e-01  -1.7608165e-01   1.7711865e-01   5.7967855e-01   6.4522137e-01  -2.6809440e-01   1.6379344e-01   1.2585311e-02   1.3513767e-01   4.5791437e-01  -3.2734693e-02   9.6841396e-02   4.8121732e-01  -4.3586129e-01   4.2560793e-01  -2.6474953e-02  -5.5551114e-01   7.6381713e-02   1.0655453e-01   6.2461952e-01  -2.8330380e-01  -2.0471074e-01   2.6216037e-01   2.9062296e-02  -1.2097873e-01  -4.5766615e-01  -1.7135232e-01  -1.7226099e-01  -1.9201035e-01   3.2769961e-01   1.4491622e-01  -1.2359044e-01   1.2617341e-01  -1.0220035e-01   4.0858854e-01  -3.4026257e-01   1.6103089e-01   7.6832653e-02  -3.7406245e-01  -1.8921067e-02   6.4049740e-01  -4.8109034e-01   4.3466562e-02  -1.0984205e-01  -2.6076593e-02  -1.8063034e-01   8.2632791e-02  -2.7823352e-01   2.9458068e-01  -3.4370061e-01  -1.5467588e-01   2.4583647e-03  -2.3997447e-01  -2.7155141e-01   1.1205020e-01  -1.4519551e-01   2.3048684e-01  -2.4881586e-01   3.0062544e-01  -9.6313569e-02   3.0404775e-01   3.0792016e-01   6.2225693e-01   2.4261723e-02   1.9485408e-01   3.9826282e-01  -5.9602659e-02  -2.6161651e-01  -2.8359026e-01  -3.3432536e-01   9.0421820e-02  -1.8761459e-01  -3.9261298e-01   1.2758794e-01  -4.2030511e-01  -9.4973732e-02   3.6496931e-02  -3.7156098e-01   1.7385519e-01  -2.4682182e-01   8.4444023e-02  -4.5218656e-01  -3.3932588e-01   8.1014981e-02  -1.7152986e-01   3.3832899e-01  -2.2801475e-01   7.2874114e-02  -1.4010183e-01  -1.9163188e-01  -2.0310975e-01   4.2642484e-01   1.9712512e-01   3.9661981e-01  -9.1785510e-02  -1.5065347e-01   1.9333035e-01  -2.1112321e-01  -1.2335340e-01   9.5386871e-02   7.0715689e-02   1.0884357e-01   3.3615289e-01   4.0287267e-01   5.8051503e-02  -6.4313026e-02  -5.2765190e-02   1.4472901e-01  -2.2156423e-01  -1.9973607e-02  -5.3110515e-02   3.1199464e-02  -4.7899600e-01   2.1956920e-01   1.4687777e-01  -2.4590325e-01   7.7105654e-01  -2.7825420e-01  -1.4437056e-02  -1.1736309e-01  -1.0683530e-01  -3.6279050e-01  -1.7133686e-01  -2.0517377e-01   7.6793050e-01  -5.1096710e-02  -2.0983613e-01  -1.9798025e-01  -2.0378932e-02  -4.2572915e-01   1.0150182e-01  -4.0678499e-01  -3.6280454e-01  -4.1654691e-01  -1.8488348e-01   4.8936703e-01  -3.2874691e-01  -1.7190882e-02  -1.3156135e-01   5.9376448e-01   4.7104457e-01  -1.5650024e-02  -4.9964615e-01   6.6672991e-02   7.7916278e-02   9.1156963e-03  -6.7632184e-02
  -2.4240733e-01  -2.7273976e-01  -1.3133293e-01  -1.2792475e-01   2.2906023e-02   1.3523474e-02  -1.1931870e-01  -2.6178372e-01  -1.2404211e-02   4.0814506e-02   3.2777026e-01  -1.0801671e-01   0.0000000e+00   1.2331224e-01   3.9441466e-01   4.4323148e-01  -2.7009599e-02   2.2153285e-01   1.4449226e-01   1.5690200e-01   4.2899874e-01  -4.2293997e-02   3.1165857e-01  -3.0565416e-01  -8.5463641e-02  -7.5313861e-02  -1.8750827e-01   1.4293466e-01  -5.7959328e-02   1.0379121e-01   2.5269337e-01   1.0544215e-01   3.4840220e-02   1.7444082e-01  -1.9089729e-01   1.2880784e-01   3.6092150e-01  -1.7354212e-01   4.5008131e-01  -2.2077311e-02   5.8794379e-01   8.1043344e-02  -2.6265075e-01   2.8945096e-01   1.1316111e-01  -3.8992040e-01   1.2425907e-01   2.2876076e-01   1.5499950e-01  -1.4029779e-01   1.1581326e-01  -1.0528611e-01   3.1944771e-01  -2.4863646e-02   1.2399900e-01   1.0332117e-03  -1.9360270e-01   1.5908528e-01   3.4064667e-01   2.9107273e-03   1.8833991e-02   3.2545100e-01   7.8813831e-02   3.7054746e-01  -3.6066865e-02   7.3149934e-02  -1.2160105e-01  -1.2083764e-01  -1.2709460e-01  -2.7847466e-01  -1.0563780e-01   1.9883380e-02   4.1001369e-01  -1.8954307e-01  -8.9528135e-02   2.7508239e-02  -2.6170488e-01  -3.3081275e-02   2.0940782e-01   3.2831516e-01   2.6094933e-01   2.7517581e-01   2.4766846e-01  -1.7746962e-01  -2.3197688e-01  -3.5065338e-02   3.0505420e-02   3.1287458e-02   1.8243483e-02  -3.2368618e-01  -1.2867814e-01  -3.8139875e-02   6.4573288e-02   1.1968370e-01  -1.7397932e-01   4.4625578e-02   2.7982505e-02  -4.0466011e-02  -5.6781445e-03   3.4172352e-01   1.0341401e-01   1.0918214e-01   1.0325145e-01  -9.6097993e-02   2.1691296e-01   1.9179724e-02   1.1769200e-01  -9.5136808e-02   8.8663220e-02   3.1220027e-01   2.3091521e-01   1.4547610e-01   5.6814468e-02  -3.2383026e-01   2.5056625e-01   6.6854816e-02   1.2942421e-02   5.2959700e-01   3.6104868e-02   2.3045673e-02  -3.8884878e-01  -7.4116930e-02   1.1984722e-01   2.0539710e-02  -3.5836626e-01   4.0166680e-02   1.7229441e-01   2.9711705e-01  -2.6508048e-01  -2.9831036e-01   6.8640763e-01   3.0910003e-01  -2.5734442e-01   3.7864416e-01  -1.2556042e-01  -2.1697273e-01  -1.3283554e-01   3.6803007e-01  -1.2551714e-01  -1.1904425e-01  -1.4782393e-01   1.8337138e-01   1.9371992e-01   4.9106702e-04   8.9749038e-02   2.7762236e-01   5.5991931e-02   9.1520758e-02   9.3803941e-02   2.2079632e-01  -1.4044453e-01   1.4671611e-01  -1.1412545e-01   2.6703791e-01  -2.3334446e-01  -2.6568352e-01  -2.5478451e-01   3.0935917e-01   1.3833936e-01   1.6819613e-01  -2.1503606e-01   1.5220520e-01   1.5773039e-01   1.5098207e-01   1.7722221e-01   7.7106562e-02   2.5875263e-01  -2.2869943e-01   4.8182017e-02  -9.6141559e-02   1.6683530e-02  -3.2447810e-01  -2.3206900e-02  -1.6446709e-01   1.4823713e-01   4.2057349e-02   2.4927010e-03
  -2.9589450e-01  -2.8796191e-01  -3.3016550e-01  -4.9478365e-02  -1.8840423e-01   1.4924035e-01  -8.6839031e-02   1.0134665e-02   1.2308928e-02  -1.1550637e-01   4.5537574e-01  -2.1519300e-01   1.2331224e-01   0.0000000e+00   4.2646118e-01   4.3309121e-01  -2.6412199e-01   4.0344916e-01   1.3088666e-01  -1.9996722e-01   5.4205335e-01   5.4765360e-01   6.6375833e-02  -3.5712753e-01   2.3853750e-01  -3.4451662e-02  -3.2556830e-01   3.0268053e-01   1.8134989e-01   7.1689017e-01   3.1600784e-01   9.9418214e-02  -5.2518773e-02  -1.7145237e-01   6.8423638e-02   5.1484892e-02   7.6838611e-02  -1.5841965e-01   3.2617654e-01  -3.2322481e-01   3.3012065e-01  -2.8982631e-01  -5.7485316e-02   3.5499933e-01   5.9011368e-02  -3.0357147e-01   3.2647223e-01   1.4706331e-01   1.5897555e-01  -4.9784409e-01   2.6698148e-01   3.9294443e-02  -1.3701017e-01  -3.2254441e-01   1.7570005e-01   4.4129072e-01   3.2701742e-02   1.2429143e-01   4.4454824e-01   3.3728227e-01  -7.8554009e-02   1.8697878e-01  -1.1585697e-01   3.5542324e-01   3.4574771e-02   1.9364361e-01   9.1894535e-02  -1.6976418e-01   1.6184842e-01  -1.8192136e-01  -5.0545877e-01   1.8872466e-01   1.4791346e-01  -9.9616644e-02  -1.9761398e-01  -4.7320378e-02  -1.7386607e-01   1.6187416e-01  -3.6724133e-01   3.3222536e-01   2.8936811e-01   2.3765508e-01   4.2938588e-01   1.3861834e-01  -7.1865976e-02  -8.6142432e-02   4.1763287e-01   1.5842823e-01  -3.6713103e-02  -2.8958372e-01  -4.9453479e-01  -1.9988610e-01  -3.3352558e-01   2.0846037e-01  -2.9154613e-01  -4.8867924e-01   2.1573678e-03  -3.0720446e-02  -8.5456493e-02   1.7407785e-01   3.1833646e-01   3.6506565e-01   5.4898102e-01   2.6940397e-01   3.6365355e-01   6.4939902e-02   5.9163876e-02  -2.3145891e-02  -1.0827392e-01   2.0434548e-01   1.5812505e-01   5.8861045e-01   9.8599621e-02  -3.6025150e-01   2.7474229e-01  -4.4575596e-01   3.4414140e-02   7.2147743e-02   3.6226048e-01   1.9061483e-01  -2.7918105e-01  -5.3869764e-01   3.7879916e-03   1.4960467e-01  -2.7191103e-01   5.7938972e-01   2.3341798e-01   2.7569044e-01  -4.1628214e-02  -1.7381129e-01   1.2968136e-01   2.0237913e-01  -1.9268054e-01  -1.4785938e-01  -2.9631600e-02  -6.5366679e-02  -2.7605888e-02   2.1648260e-01  -7.7586881e-02  -3.5535626e-01  -1.2163269e-01  -8.1091206e-02   3.7419934e-01   1.3126185e-01   3.2266165e-01   5.2892970e-01  -1.9453016e-01   7.4118151e-02   1.9822721e-01   2.2885302e-01   6.4473337e-03   4.4414436e-01  -2.1789190e-01   2.8724204e-01  -4.3600224e-01  -3.3137545e-01  -2.6671331e-01   4.2679681e-01  -2.9914010e-02   4.5417404e-01  -1.9746370e-01   3.8056545e-01   1.1093307e-01   4.5946713e-01   1.7346400e-01  -2.9288941e-01   1.3445650e-01   5.9889909e-02   5.1260214e-02  -3.2914644e-01  -3.6580433e-01  -3.2507402e-01   2.7986850e-01   1.9308317e-01  -1.0111836e-01   8.5866988e-02   1.9687369e-01
