   0.0000000e+00  -2.0655547e-01   3.8657234e-02  -1.0526773e-01  -3.6128772e-01  -3.3060634e-01  -1.9985583e-01   2.6278217e-01  -1.4221400e-01  -1.8104357e-02  -1.0251546e-01  -6.6165750e-03   4.4821528e-02   2.1899034e-01   2.2865398e-01   1.5081770e-01  -5.0077888e-02  -2.5595040e-01  -2.5557934e-01  -3.1928979e-01  -2.1942562e-01  -1.5558257e-01  -3.2674786e-04   7.1824406e-01   2.4702229e-02  -2.1754112e-01  -4.5782069e-01   1.4710963e-01   8.9226547e-04  -2.9683958e-01  -2.3144084e-01   8.4855174e-02  -2.8031979e-01  -6.8590757e-02  -2.6955829e-01  -4.5322301e-01  -1.0246550e-01   3.0506766e-01   1.7380862e-01  -3.0183709e-01   3.0024605e-02  -4.4492815e-02  -2.7183359e-02   8.6527642e-02  -2.4030765e-01   5.4784790e-01  -4.3889694e-01  -1.6762806e-01  -1.1815690e-01  -1.4777627e-01  -1.4845667e-01   9.3795430e-02   2.8238394e-02   6.5942236e-02   8.8462736e-02   7.5866466e-03  -1.1671474e-01  -7.9305517e-02  -9.8845011e-02  -1.3392579e-01   3.0343888e-01  -1.7157217e-01  -8.0470000e-02   2.7376670e-02  -2.6738211e-01  -2.2422703e-02  -4.9048902e-01  -3.5366967e-01  -2.8911010e-01   2.0802223e-01  -9.9355162e-02  -1.0128084e-01   7.8088762e-02   5.4339709e-01   2.7094925e-01   3.8623608e-02   2.1776484e-01   1.7873996e-01  -2.2701967e-01  -2.1186238e-02  -3.0125619e-01  -8.5333047e-02  -5.5112794e-02  -4.5403931e-03   2.9045302e-01   2.8090131e-02   2.2982994e-03   3.1973645e-01  -1.1324258e-01   7.0524875e-01  -1.5325325e-01   2.4367467e-01   1.0166537e-01   1.0233919e-01   2.8267525e-01  -1.6168463e-01  -7.2332766e-02  -4.5962192e-03  -3.1776817e-01  -1.3560259e-02   2.4405888e-01  -8.6120073e-02  -1.0154238e-01  -1.8677291e-01  -1.4542724e-02   4.2018948e-02  -2.2653955e-02  -5.5533614e-02   4.4027324e-02   2.8132544e-02   8.6701462e-02  -2.0018378e-01  -1.4801022e-01   6.3310941e-01   3.7556432e-01  -1.7638603e-01   2.8337074e-01   8.0808380e-02  -9.1138811e-03  -2.7013914e-02   5.1959860e-01  -1.4294252e-01   1.2269781e-01  -2.6806654e-01   5.1712551e-01   4.7418443e-02  -3.6842831e-02  -6.1682528e-02  -3.1871331e-02  -3.5465410e-02  -1.7063569e-01  -2.3519593e-01   1.1855953e-01  -2.3244469e-01   1.7008207e-01   1.0967457e-01  -2.0960307e-01  -4.2998691e-01  -2.0263401e-02   3.0192856e-01   6.4109636e-01  -5.9945804e-03   9.1120447e-03  -2.3074128e-01  -1.5669976e-01  -5.6408655e-02   5.9484002e-02   3.1666345e-02  -1.8193935e-02  -1.1279007e-01   7.0014186e-01  -1.8970524e-01   4.3307592e-01   7.8574992e-02  -2.1453928e-01   4.6995367e-01   4.4132986e-01  -7.6186586e-02   2.1175273e-01  -1.0273349e-01  -1.2822083e-01   2.7203428e-02  -1.9716315e-01  -6.7217723e-02   5.0013525e-02  -1.0282462e-01   2.9813485e-03   5.2583509e-01   5.7064836e-01   3.7455664e-02  -1.1220882e-02   2.4556393e-01  -3.1969179e-01  -4.1845237e-02  -1.6438713e-02  -1.7660188e-01   8.2480599e-02
  -2.0655547e-01   0.0000000e+00   5.5694091e-02  -2.8277325e-01   6.7582836e-01  -3.4934489e-01   3.7292527e-01   1.0931951e-01   6.8722495e-01   1.5435763e-01  -4.2403351e-01   5.7591222e-01   1.0657844e-01  -4.1237355e-01  -7.3257264e-01  -3.5403783e-02   1.6526166e-01  -3.2524204e-01  -2.8430137e-01   5.9719968e-01  -3.8844098e-01  -3.4166561e-01  -5.7389429e-01  -3.7729613e-01   1.3205173e-01  -2.6448784e-01   6.1666959e-01  -5.9041302e-01   1.8952311e-01  -2.9464085e-02  -2.5181784e-01   2.2962204e-02   2.8893356e-02   2.4161221e-01   1.3844983e-01   3.2520007e-01   2.9701411e-01  -1.7081097e-01   6.1053083e-02   5.7694522e-01   1.9879273e-01  -1.1460776e-01   3.7764728e-01  -2.9157135e-02  -8.6336615e-03  -2.7567737e-01  -2.4177936e-01   7.3128585e-01  -2.1075702e-01   4.7884582e-01  -3.4969433e-01  -1.1863388e-01   7.2253222e-01  -1.6409391e-02  -3.4175217e-01  -2.1978946e-01  -2.9307007e-01  -3.2280988e-01  -5.2098173e-02   3.7815124e-01  -3.3010148e-01  -1.7513963e-01   6.2116386e-01  -2.0122161e-01   4.1478619e-01   3.1823827e-02  -5.2263979e-02   4.3023557e-01  -2.0152694e-01  -1.7114661e-01   7.2064437e-01  -1.8932241e-01   2.1773240e-01  -5.3614213e-01   2.3131947e-01   1.0214988e-01  -1.6206702e-01   1.3052214e-01   7.6223571e-01  -7.1435250e-02  -4.2588852e-01   2.3646784e-01   1.3712811e-01  -4.6207512e-01  -3.5793249e-01  -2.2211938e-01   7.4887582e-01  -3.9850711e-01   6.5008658e-01  -2.6578371e-01   7.5705668e-01  -2.9546646e-01   3.6014635e-01   2.7641998e-01  -1.9075666e-01   7.1761294e-01  -8.6076007e-02  -2.2306045e-01   1.7029313e-01  -3.2546354e-01  -5.0060563e-01  -5.5139486e-01  -2.8233200e-01   1.5370605e-01  -1.5283115e-01  -6.2040110e-02  -1.0550944e-01   7.4956561e-02   1.8801601e-01  -1.3304799e-02  -1.9882685e-01  -4.6657116e-01   1.2372067e-01  -2.2387600e-01  -5.3083803e-01   7.4586717e-01   7.9953631e-02   6.5371851e-02  -5.0391146e-01  -1.8671092e-01  -3.2254843e-01   8.2271326e-01   6.2129928e-01   6.0168558e-01  -2.4015018e-01  -4.2321266e-01  -3.9311199e-01   2.9425504e-01  -1.0149437e-01   2.0678928e-01   3.6755967e-01   2.3664658e-01  -4.5002661e-01   4.5794093e-02   2.9229755e-01  -4.6639326e-02   2.7449592e-01   1.5030875e-01  -3.1689061e-01  -1.3036761e-01  -1.7008069e-01   2.1513423e-01  -1.2123350e-01   1.2395026e-02  -4.5576347e-01  -2.6931184e-01  -8.9242252e-03   2.5847464e-01  -3.4689761e-01   1.6331849e-01  -3.8980307e-01  -2.8170748e-01  -3.0313779e-01   1.6883248e-01   8.2718448e-01  -1.4443816e-01  -3.2059399e-01  -1.6112383e-01  -1.2754971e-01  -4.1397228e-01   3.6299362e-01  -2.2053286e-01   3.5008413e-01  -3.0015922e-01   7.7887845e-02   5.3613416e-01   2.2498534e-01  -5.5666734e-01  -2.8868272e-01   5.6760593e-01   4.9723165e-01  -2.0544337e-01   1.0660483e-02  -3.6409622e-01   1.0057938e-01  -1.4587237e-01  -8.9665871e-02
   3.8657234e-02   5.5694091e-02   0.0000000e+00  -5.8124418e-02   7.8099608e-02   3.3454647e-01  -2.2056009e-01   4.3465397e-02  -1.5664796e-01  -9.8962073e-02   1.1168387e-01   1.5658374e-01   8.1488347e-02  -9.8404462e-02   4.1456986e-02   2.0692028e-01   8.6527949e-01   9.9568350e-02   8.2043141e-02   1.6812518e-01  -2.2935587e-01  -2.1479485e-01  -3.8479313e-02   2.8842867e-02   1.8672321e-01  -5.8939245e-02   1.8667240e-01   9.8459800e-02  -1.1839883e-01  -7.7858417e-02   3.2274382e-02   2.2451710e-01   1.6470690e-01  -3.1077382e-01  -3.0374633e-01   3.1782876e-02  -3.1545331e-01   1.9458449e-01   1.6298174e-01   5.1596672e-01   3.7988355e-02   4.7347071e-01  -2.7125204e-01  -8.5465946e-02  -6.7738268e-02   5.4912792e-01   8.9406709e-02  -2.3367587e-01  -1.3610688e-01   6.9147440e-01   2.1000395e-01  -1.9821576e-01  -4.4175695e-01   2.9283843e-01   1.5607668e-01   2.0837730e-02   2.7534703e-01  -2.1060859e-01  -9.6829879e-02   3.9326614e-03   5.8892478e-01  -2.5697188e-01   6.4036219e-02  -2.1088099e-01  -2.1918461e-01  -3.1842180e-01   4.1166546e-01   3.4592065e-02   1.2195690e-01   8.0795163e-01   1.0315657e-02  -4.7667926e-02  -2.8209599e-02  -8.5699699e-02   1.4181812e-01   6.6086755e-03   6.0346786e-01  -3.0337703e-01  -1.7174339e-01   1.4774645e-01   1.8651432e-01  -1.0240013e-01  -1.2409244e-01  -4.1985042e-02   2.5474998e-01   7.8472075e-02  -2.8804246e-01  -1.1590570e-03   1.0965954e-01   1.1679290e-01  -2.2389487e-01   7.3067538e-01   2.0489461e-01  -1.5523198e-01   5.4195389e-01   2.1182171e-01  -7.7615958e-02  -2.1084712e-03  -1.4442549e-01  -2.7150533e-01   9.1298357e-02  -1.4983969e-01  -2.6104723e-01  -1.8435512e-01   1.1307703e-01   1.2873653e-01   3.9669880e-01  -5.2638117e-02  -2.4691892e-01  -5.3543668e-03  -3.5175683e-02  -9.2802496e-02  -1.8883223e-01   1.8522678e-01   2.8402704e-01  -2.2976077e-01  -3.2452585e-01  -3.1967181e-03   4.3067522e-01  -2.3156769e-01   3.4538663e-01  -4.6039696e-03  -6.5254753e-02  -8.9363666e-02   4.9057082e-01  -1.6277896e-01   5.9410824e-02   3.1740105e-01  -6.8405605e-02   7.6184891e-01  -8.4816217e-02  -3.9276268e-01  -1.4616439e-01  -1.0538018e-01  -1.9616667e-01   1.0807019e-01   2.1997312e-01   3.4543039e-01  -1.5090432e-01   5.4792329e-02   8.2212991e-02   1.1621028e-01   1.0236754e-01   6.9341149e-01   8.4124035e-03  -7.6817982e-02   3.2766384e-01  -2.8397130e-01  -1.7239660e-01  -2.8354091e-01   1.4746143e-01  -6.5210070e-02   3.6567748e-01  -1.3009393e-01   3.5788820e-01   1.1669061e-01   2.7245307e-01  -3.3339060e-02   6.3420198e-01  -1.8719317e-01   8.3120099e-02   2.9393737e-02  -5.2562798e-02  -2.3203315e-03   5.7756059e-02  -1.4912303e-01  -1.9074686e-01  -1.2872596e-01   2.8261327e-01  -4.9825707e-02  -3.3534176e-01   3.1997810e-01  -8.1078996e-02   2.4990289e-01  -8.5428360e-02   3.0047391e-02   1.2261460e-01
  -1.0526773e-01  -2.8277325e-01  -5.8124418e-02   0.0000000e+00  -7.7709638e-02   2.0058299e-01   5.8342297e-02   1.3863951e-01  -1.1202633e-01  -3.4320151e-02   1.2511765e-01  -2.6400464e-01   7.9534561e-02   1.3074223e-01   2.2952327e-01   4.0789910e-02  -7.5046319e-03   3.4745030e-01   1.2148109e-01   4.6179683e-02   1.1903081e-01   4.4877452e-01   2.5024156e-01  -7.8180188e-03  -1.0487305e-01   3.1698395e-01  -7.2724457e-02   1.7920223e-01  -1.0208203e-01   7.1681812e-02   2.5062522e-01   5.3839614e-01   3.5682235e-01  -4.6072666e-02  -1.2913318e-01   9.1867004e-02   6.6061783e-02  -1.8529488e-01  -2.0079475e-01  -5.8933262e-02  -4.1728593e-02   1.7867723e-01  -9.7873098e-02  -1.4512511e-01   1.9365015e-01  -2.6265279e-02   1.2044484e-01  -9.7983422e-02   2.8410321e-01  -1.1588653e-01   4.2848381e-01   3.3497446e-01  -2.2384333e-01   2.8879623e-01   1.6907396e-01   4.0032074e-02  -9.7817652e-02   5.3264268e-01   3.4143487e-01  -8.4613317e-02  -7.1893061e-02   3.0572725e-01  -9.3980883e-02  -8.5511142e-03  -1.9136209e-01   3.9706738e-02   1.1293126e-01   8.0552092e-02   2.7341143e-01  -5.1426907e-03  -1.3322657e-01   4.7066854e-01  -2.6955898e-01   8.4474716e-02  -1.1092194e-01   2.9591731e-01   2.3854698e-02  -4.0076862e-02  -1.5873867e-01   1.7534422e-01   1.9523978e-01  -1.7000609e-01  -2.6546883e-01   2.6156984e-01  -1.4229911e-01   4.3890791e-01  -9.0795559e-02   2.1694234e-01  -2.2423911e-01  -1.5697101e-01  -1.6582466e-01   4.6799571e-02  -3.8937741e-03  -2.0496054e-03  -2.3394754e-01  -1.1948320e-01   3.3819025e-01   8.9428362e-02   3.9789401e-01   2.5511923e-01  -5.2018048e-03   1.1326750e-01   2.6426037e-01  -6.5156878e-02   3.1951011e-01   6.1083890e-01   2.0667708e-01   1.8103647e-01   1.6064693e-01  -3.3717460e-01  -1.7602455e-03   2.2698950e-01   3.1552419e-01  -1.3178623e-01   1.8781537e-01  -1.3811216e-01   1.0130195e-01  -1.9051695e-01   1.0956178e-02   6.9153277e-01   4.2048544e-02  -2.1011488e-01  -6.8635786e-02  -2.3059685e-01  -7.2640051e-02  -4.8488703e-02   1.1603424e-01   2.7590710e-02   5.2549368e-01  -1.4546910e-01  -2.0406942e-01  -9.8341642e-02   3.3317502e-02  -1.4653561e-01   2.1086720e-01   2.4620245e-01   2.2099679e-01  -5.8466307e-02   4.1565358e-01  -1.5035945e-01  -9.8835250e-02  -1.3119559e-01   1.4700381e-01  -1.6878288e-01   1.5046093e-01   3.0598103e-01  -9.6382960e-02  -2.4601287e-01   2.4174223e-02   5.3717956e-02   1.4498333e-02   1.1105696e-01   1.6787913e-01  -1.4516820e-01  -1.8748280e-01  -1.4717430e-01  -8.9382236e-02   2.7427312e-01  -6.4667070e-02   3.7937826e-01   1.0246477e-01   1.3460784e-01  -1.9567569e-01   3.9249912e-01   5.1477177e-01  -1.2420072e-01  -2.8945423e-01   1.9727902e-01   1.0111466e-01  -8.4307185e-02  -1.6980057e-01  -1.0512630e-01   3.6921933e-03  -1.2694843e-01  -6.4662876e-02   1.6423138e-01   4.5542481e-01
  -3.6128772e-01   6.7582836e-01   7.8099608e-02  -7.7709638e-02   0.0000000e+00  -2.1264321e-01   2.3029256e-01   7.2867709e-02   5.9054372e-01  -2.4997760e-02  -1.1495107e-01   2.4471450e-01   4.4627820e-01  -5.2314366e-01  -5.0604006e-01   2.0743584e-01   1.1439617e-01  -9.6113046e-02  -1.2885722e-01   9.0176962e-01  -4.7450586e-01  -3.3388693e-01  -4.5434896e-01  -5.4594513e-01   1.9053640e-01  -9.8145327e-02   7.0334638e-01  -3.4971366e-01  -4.1632032e-02  -7.1681916e-02  -1.0960838e-01   1.1730776e-02   2.7942317e-01   2.5978937e-02   2.4747670e-02   6.8679538e-01   1.4597226e-01  -2.6840955e-01   2.4767798e-01   5.3177850e-01   4.3577678e-01   3.7637642e-02   4.2666544e-01  -4.4938987e-02   2.2542116e-01  -3.9114284e-01   1.1498024e-01   4.6826277e-01  -5.0277783e-02   3.4846052e-01  -1.6326923e-01  -6.5090859e-02   4.9108900e-01  -1.8516336e-01  -4.2745238e-01  -1.6568449e-02  -2.9063124e-01  -2.6124178e-01   9.3567864e-02   2.3302224e-01  -3.1571137e-01   9.3916742e-02   5.5223332e-01  -4.1765146e-02   4.2125861e-01   6.1172084e-02   7.5629697e-02   5.0789293e-01   3.2292891e-02  -1.9638134e-01   3.9023811e-01  -1.1652375e-01   4.0289590e-01  -5.4311881e-01  -1.2520579e-02  -3.0118681e-02  -2.1040087e-01   8.4919702e-02   8.2304986e-01   1.6909858e-01  -2.2771909e-01   3.0528090e-01  -1.0547530e-01  -3.1499117e-01  -5.6928928e-01  -2.8240756e-01   5.1445931e-01  -3.9573539e-01   6.7340645e-01  -4.1599625e-01   7.1349896e-01  -2.6670958e-01   2.2407925e-01   3.2385414e-01  -2.6735339e-01   7.4871767e-01   1.9825315e-01  -1.1145051e-01   4.8390309e-01  -4.0170187e-01  -5.3231106e-01  -3.1904299e-01  -3.5919945e-01   5.2314528e-02  -5.6283720e-02   1.1944561e-01  -8.3656088e-02   1.0858204e-01   1.3175247e-01  -1.8121660e-01  -2.9112584e-01  -3.7735463e-01   2.0643674e-01  -2.9183396e-01  -4.2202637e-01   7.1633369e-01  -7.8169051e-02   3.2448008e-01  -3.9652439e-01  -1.0118968e-01  -4.2932232e-01   7.1720595e-01   3.1185552e-01   5.6509924e-01  -3.3124006e-01  -3.8303039e-01  -2.5807205e-01   3.4252259e-01  -1.0924692e-01   1.6295512e-01   6.5007006e-01   4.2469714e-01  -3.8507211e-01  -1.0377079e-02   7.0800221e-03  -1.1227240e-01   4.6362846e-01   1.6878991e-01  -2.4346077e-01  -1.0362557e-01  -3.2561866e-01   4.3452053e-01  -1.3715277e-02  -4.0771861e-03  -3.7394194e-01  -1.2070599e-01  -1.2946825e-01   2.0424642e-01  -3.8232935e-01  -4.3761749e-02  -4.8095779e-01  -3.4844604e-01  -4.1620019e-01   2.0258956e-01   6.4250079e-01  -2.4194195e-01  -4.4366650e-01   1.4862594e-01  -2.0727968e-01  -3.0484586e-01   3.9464796e-01  -6.1745675e-02   1.2452025e-01  -2.7206612e-01   1.5545568e-01   4.3636197e-01   3.3956137e-01  -3.8745049e-01  -4.7918578e-01   2.9106760e-01   5.0692627e-01  -3.2197590e-01   2.2813642e-01  -4.7995932e-01   8.6919119e-02   5.9930971e-02   2.7332477e-02
  -3.3060634e-01  -3.4934489e-01   3.3454647e-01   2.0058299e-01  -2.1264321e-01   0.0000000e+00  -1.6890490e-01  -1.5542663e-01  -4.0247588e-01  -2.0269209e-01   3.2425858e-01  -5.7767779e-02  -3.3148510e-02   2.5283906e-01   4.4375471e-01   2.3241607e-01   2.7662109e-01   3.7823154e-01   6.1270446e-01  -1.3169905e-01   3.2195393e-01   2.3626523e-01   3.5021915e-01  -1.6885767e-01  -2.2434157e-02   3.9457485e-01  -6.5916326e-03   3.5697645e-01  -2.7836857e-01   2.9055538e-01   1.9248443e-01  -1.2865248e-02   3.6257230e-01  -1.0810505e-01   2.1887357e-02   4.8113882e-02  -2.6017170e-01  -3.9073092e-02   1.1128157e-01   1.4370314e-02  -2.0884632e-01   3.8202137e-01  -3.4471240e-01  -3.4382613e-02   1.6790465e-01   1.1325183e-01   5.5872552e-01  -3.9581356e-01   1.8167943e-01   3.2129735e-02   3.7173438e-01  -4.9410601e-03  -5.6214439e-01   2.6631477e-01   3.3351286e-01   1.6936822e-01   5.2384157e-01   1.8434207e-01  -7.4844216e-02   8.7876524e-02   2.8812952e-01   1.1610286e-01  -3.3573637e-01   9.3793418e-02  -1.8220584e-01  -9.4639284e-02   7.0565350e-01  -1.8196923e-02   3.5277727e-01   3.0748659e-01  -4.0370048e-01   2.7490917e-01  -2.8114649e-01   1.1295706e-01  -2.0548981e-01  -1.6696732e-01   2.4774521e-01  -3.8967871e-01  -4.2466332e-01  -4.5578679e-02   4.8187354e-01  -1.6640767e-01  -4.0196549e-02   5.0217347e-01   3.6307613e-01   6.0149778e-02  -6.0249506e-01   2.4043470e-01  -2.8665022e-01  -1.6014072e-01  -5.1667883e-01   4.3133805e-01  -8.9251019e-02  -4.2017631e-01   1.3218821e-01  -2.7717474e-01  -1.3745323e-02   2.8888605e-01   5.3741847e-02   1.5561380e-01   2.2988795e-01   5.0193795e-01   1.3829727e-01  -4.5504188e-02   4.9820694e-02  -1.0964499e-01   3.9244543e-01   5.1808650e-02  -2.6221967e-01   9.4604081e-02   1.8478521e-01   5.9974578e-01  -1.3642701e-01  -1.2302871e-01   3.2822393e-01  -4.8930360e-01  -4.2793579e-01  -7.3846886e-02   4.3388675e-01   7.5716344e-02   4.2106420e-02  -3.3420168e-01  -3.9188093e-01  -2.2140192e-01  -4.6132986e-02   3.9803165e-01   2.9955945e-01  -1.7066375e-01  -1.2282140e-01   2.0654214e-01  -1.3407330e-01  -9.0363103e-02   3.1451418e-01  -1.2399581e-02  -3.0118470e-01  -2.2288744e-02  -9.1710120e-03   1.2906493e-01   1.5921431e-01  -4.1101647e-02  -1.8415781e-02  -1.0035824e-01   1.0759229e-01   4.1907560e-01   4.5667752e-01   6.2259050e-02   2.1155167e-01  -2.7178421e-01   3.0510573e-01  -2.3583334e-01   7.2926445e-02   2.8795976e-01   2.1712245e-01  -3.3864391e-01  -1.7800120e-01  -8.6511858e-02   1.1719045e-01   8.5541213e-02   2.6477575e-01   4.0080135e-01  -9.1915671e-02   5.0731807e-02  -2.5272569e-01   2.2176473e-01  -6.0282496e-02  -3.1922377e-01  -1.6777915e-01   1.4360414e-01   1.6173961e-01  -3.6211680e-01  -3.3819957e-01   1.1287494e-01   2.1015724e-01   6.6411806e-01  -1.6958495e-02   2.9918344e-01   8.5295929e-02
  -1.9985583e-01   3.7292527e-01  -2.2056009e-01   5.8342297e-02   2.3029256e-01  -1.6890490e-01   0.0000000e+00  -2.5198601e-02   2.7167113e-01   5.7961825e-01  -1.8027827e-01   3.2461061e-01   6.4919200e-02  -2.9566422e-01  -1.1823565e-01  -7.7482556e-02  -1.2616116e-01  -3.4812070e-03  -3.5635309e-01   2.6837629e-01  -1.2696283e-01  -1.7151986e-01   8.9514109e-02  -1.9604587e-01  -2.4758685e-01  -3.3180596e-01   1.6984054e-01  -3.6634559e-01   3.7579015e-01  -1.3062125e-01   9.7378702e-02   1.4362882e-01  -1.0129429e-01   8.4448434e-01   1.6935138e-01   3.7169431e-01   2.5871528e-01  -1.7579495e-01   4.6607624e-03   2.1440351e-01   1.8865661e-01  -1.8079810e-02  -1.0795700e-02  -1.9619337e-01   1.3398412e-01  -2.5004636e-01  -1.3803783e-01   7.0475772e-01  -9.8985091e-02   3.3818682e-02  -1.0212427e-01   1.0031428e-02   4.8817959e-01   9.4150969e-02  -1.4147040e-01  -3.3464767e-01  -3.5023446e-01  -1.2893504e-02   2.8481700e-01  -1.0725960e-01  -2.3094994e-01   2.2150505e-01   2.4435944e-01  -2.7162101e-01   1.4183293e-01   4.7586928e-01  -7.7767069e-02   1.5365318e-01  -1.3386924e-01  -2.2850250e-01   4.9277949e-01   7.0736730e-02   2.7016462e-01  -3.1201626e-01   1.1433697e-01   3.4615115e-01  -1.8404375e-01  -3.9746927e-02   4.3355844e-01   2.6621403e-02   2.4030396e-01   2.2790764e-01   8.7180096e-03  -3.8379061e-01  -3.7242323e-01   1.8289791e-01   5.6283881e-01  -1.9892921e-01   9.5693830e-02  -1.4870936e-01   4.6118123e-01  -2.8803308e-01   4.6335572e-01  -4.9205923e-02  -1.8313334e-01   1.9187534e-01   1.2636824e-01  -3.7793597e-01   1.4308002e-01   3.4727200e-01  -3.3723381e-01  -2.8020284e-01   6.6548131e-02  -7.3979451e-02   2.1428990e-01   9.1834479e-02  -7.4394702e-02  -1.8371713e-02   4.1163311e-01  -2.2048612e-01   2.3373782e-01  -2.0235465e-01   1.1655869e-01  -1.5621528e-01  -2.9775861e-01   5.0992164e-01   1.6631928e-01   1.1746425e-01  -5.0023114e-01   1.3596521e-01  -2.6303607e-01   4.5547486e-01   1.4979508e-01   3.6563193e-01  -1.9520754e-01  -5.4423512e-01   1.6677508e-01   2.0726278e-01   2.9984277e-01  -1.3841456e-01   1.4183869e-01   5.2606680e-01  -5.6142355e-01   1.4820169e-01   9.3137301e-02   1.4759837e-01   1.0177999e-01   2.1342923e-01   1.1423139e-01  -2.0729590e-03  -1.1480579e-01  -8.6572749e-02  -1.5557172e-01  -1.2087088e-01   1.3478683e-01  -7.6131915e-02   2.1849004e-01   3.1291165e-02  -1.4979281e-03   3.7780511e-01  -1.7626884e-01   2.2762488e-02  -1.3048415e-01   1.1347317e-01   3.1681187e-01  -9.8645048e-02  -2.9452199e-01   1.7012200e-01  -2.3910181e-01   3.2405604e-01   7.2476040e-02  -1.0478325e-01   2.3971708e-01   2.2930258e-02   1.0569588e-01   6.6313913e-01   2.6395780e-01  -3.7179086e-01  -1.6018378e-01   4.1834872e-01   5.0775191e-01  -2.2142744e-01   8.9692785e-03  -4.1159692e-01  -1.3139210e-01  -1.3554220e-01   6.5299393e-02
   2.6278217e-01   1.0931951e-01   4.3465397e-02   1.3863951e-01   7.2867709e-02  -1.5542663e-01  -2.5198601e-02   0.0000000e+00   8.1705713e-02  -1.8363565e-01  -1.3296715e-01   7.5763873e-02   1.6099984e-01  -1.5618342e-01  -1.8205366e-01   2.5055856e-01   5.6584103e-02  -1.7098559e-01   4.5724678e-02   1.5348189e-01  -1.7959652e-01  -3.7702021e-02  -2.5466629e-01  -6.5982244e-02   8.0451592e-02   1.9664017e-01   1.3147802e-01   5.3100498e-03  -6.7618930e-02  -1.9640240e-01  -1.2051969e-01   3.9076941e-01   1.1899576e-01  -1.6808051e-02  -3.8575016e-01  -1.4143492e-01  -1.0706142e-01  -1.1262467e-01   1.6074821e-01   1.2051316e-01   2.2324549e-01   3.7433316e-02  -4.6420391e-02   4.4139982e-01  -2.6460064e-01   1.5438168e-02  -3.9216626e-01   1.1945209e-02  -2.0351443e-01   1.3563651e-01  -2.2393244e-01   6.4409927e-01   8.6008738e-02   1.3926898e-01  -2.6782839e-01   3.3844183e-01   1.4946112e-01  -5.2188254e-02   8.9551388e-02  -1.1619166e-01  -2.1963547e-01  -2.2525752e-01   1.0706678e-01   1.8151284e-01  -1.8364142e-02  -2.1306281e-01   6.8970687e-02   1.0164996e-01   2.7407430e-01   1.4266361e-02   1.3803034e-01  -2.3043388e-01   3.8669390e-02  -1.3521533e-01   6.9360928e-02   3.3320724e-01  -8.1332904e-02   3.1171813e-01   9.0460245e-02  -3.3882707e-02  -1.7261731e-01   6.6231913e-02   2.7982507e-02   2.0200944e-01  -1.0455563e-01   1.7848394e-01   1.4758774e-01  -1.0772052e-01   1.1020094e-01  -1.1720138e-02   1.2332776e-01  -6.0040053e-02   3.3091080e-01   1.5547182e-01  -1.9046385e-01   2.9467108e-01  -1.6234371e-01   3.9536697e-01  -1.5225783e-02  -1.2409820e-01  -7.5508908e-02   2.1514638e-02  -2.8497701e-02  -6.3351279e-02  -2.4161336e-02   3.7608131e-01   1.3626412e-01   6.3788412e-01  -1.0953336e-01  -1.3263377e-01  -2.2430584e-02  -2.5520977e-01  -1.1216252e-01   7.3765653e-03  -6.9938105e-02   1.1928867e-01   5.5481817e-01  -3.1106281e-02  -9.8878959e-02   7.4591185e-02  -5.3771780e-02   1.0976549e-01  -2.1340009e-02  -5.3109103e-02   6.5464498e-02  -2.3673308e-01  -2.4331518e-01  -1.0126245e-01   1.7136509e-01  -1.9898314e-02   3.3404746e-02  -2.6939180e-01  -7.6885773e-02  -2.2800433e-01   3.8509678e-01   6.3606398e-01   2.9284721e-02  -1.3879506e-01   3.1317332e-01   2.1815243e-02  -3.7773108e-02   2.6747512e-01   3.9337347e-01  -1.2116068e-01  -3.0492166e-01   1.3044084e-01   3.8967189e-02  -1.0652561e-01  -2.6425604e-01  -5.1340020e-02  -1.9550740e-02  -9.6619362e-02  -1.6681099e-01   2.2660671e-01   1.6741851e-01   3.0560416e-03  -3.1899463e-01  -8.8866702e-02  -1.3091995e-01  -1.4359123e-01   2.2126963e-02   4.2735729e-01  -2.2453251e-01   4.5181129e-02   3.5469189e-01   5.1417589e-02  -6.4035054e-02   1.0171886e-01  -1.7125862e-01   2.2794102e-01  -4.1015299e-02  -6.5506819e-02  -1.6871525e-01  -2.3223903e-01   5.1873545e-02   1.4745030e-01   3.1333390e-01
  -1.4221400e-01   6.8722495e-01  -1.5664796e-01  -1.1202633e-01   5.9054372e-01  -4.0247588e-01   2.7167113e-01   8.1705713e-02   0.0000000e+00  -6.3408997e-02  -1.4918838e-01   9.8869991e-02   1.5118469e-01  -5.3457112e-01  -6.2242355e-01   9.8146762e-02  -2.1881506e-01  -1.6830453e-01  -2.6485327e-01   4.6634875e-01  -4.2135956e-01  -1.7279417e-01  -4.9248728e-01  -2.9655416e-01   1.2993891e-02  -3.0653050e-01   5.7570868e-01  -5.2775295e-01   3.0362727e-01   9.9481044e-02  -3.9258873e-01   3.2215204e-02  -6.1907061e-02   1.0626393e-01   2.7948684e-01   4.0663392e-01   1.9702488e-01  -3.3945377e-02   1.2700129e-01   3.5706785e-01   2.0248297e-01  -3.9736461e-01   6.1404797e-01  -1.2656545e-01   2.7754307e-01  -3.8597066e-01  -9.4790169e-03   4.9308429e-01  -2.4186680e-01   1.0497070e-01  -2.3498227e-01  -1.4826120e-01   5.7115600e-01  -2.8017679e-01  -5.4673232e-01  -2.5637486e-01  -3.1246020e-01  -1.2287871e-01   4.3414030e-02   3.3313492e-01  -3.7309147e-01  -2.2162173e-02   7.3070248e-01   4.2698361e-02   6.4672261e-01   3.1318777e-01  -2.8182920e-01   2.8128394e-01  -4.9234399e-02  -3.2435052e-01   2.7480269e-01  -7.0805319e-02   2.9564801e-01  -5.1747647e-01   7.2292684e-02   8.7816644e-02  -2.0062834e-01   1.3732592e-01   5.8476644e-01   8.1760006e-03  -4.2014447e-01   3.2511572e-01  -1.1807834e-01  -4.7241293e-01  -6.2890169e-01  -2.3181909e-01   6.5688110e-01  -5.1968318e-01   5.4949083e-01  -1.2783972e-01   6.7809621e-01  -4.3745037e-01   1.8757993e-03   6.4589328e-01  -1.4890307e-01   4.1855997e-01  -4.0238071e-07  -2.5189555e-01   2.8587960e-01  -3.1476931e-01  -6.0224476e-01  -4.0872909e-01  -3.7576661e-01   5.1531453e-01   2.1568177e-02   3.6472212e-02  -3.6574607e-01   8.9675503e-02   4.3211177e-02  -2.2881475e-01  -3.9213392e-01  -3.9926371e-01   2.1023180e-01  -7.2613143e-02  -5.1761416e-01   5.6884271e-01   1.8425644e-01   1.4352567e-01  -4.5632545e-01  -6.8080871e-02  -3.0646594e-01   6.1213893e-01   6.0406229e-01   5.6585233e-01  -2.3979554e-01  -4.7177806e-01  -3.2855534e-01   3.0972032e-01   9.4484840e-02  -4.8937966e-02   3.0585459e-01   3.2829273e-01  -4.0463453e-01  -6.3254820e-02   3.9746324e-01   7.7615901e-02   1.2806495e-01  -4.9564225e-02  -2.9588532e-01   8.4533140e-02  -3.0317985e-01   1.6942283e-01  -5.9108615e-02  -9.4500211e-02  -4.9813240e-01  -2.7225137e-01  -3.8425139e-01   4.0323291e-01  -5.2669828e-02  -4.1699115e-02  -4.2147881e-01  -5.2869326e-01  -3.2330990e-01   2.9393062e-01   4.5360141e-01   2.5244391e-02  -3.5556519e-01   1.0122533e-01  -4.7067409e-01  -3.7500636e-01   1.9693479e-01  -5.4609109e-02   1.0455882e-01  -1.4371403e-01   1.8019782e-01   2.9675353e-01   2.5768933e-01  -4.5617816e-01  -4.3563413e-01   1.6727155e-01   5.7698178e-01  -7.5344087e-02   2.1936373e-01  -5.3257544e-01   7.5025160e-02  -1.6906161e-01   7.8269473e-02
  -1.8104357e-02   1.5435763e-01  -9.8962073e-02  -3.4320151e-02  -2.4997760e-02  -2.0269209e-01   5.7961825e-01  -1.8363565e-01  -6.3408997e-02   0.0000000e+00  -2.7915673e-01   3.0718288e-01   1.0875063e-01   5.2310745e-02   9.0972539e-02  -4.1245675e-01   1.2452161e-01  -7.0205668e-02  -3.4999608e-01   2.3757996e-02   6.6893049e-02  -4.6797126e-02   1.4590348e-01  -1.6847958e-02  -1.8876448e-01  -2.4319825e-01  -1.6625549e-01  -2.1785819e-02   1.8249247e-01  -2.6117032e-01   3.9631930e-01   4.1793950e-02  -2.4196399e-01   4.8662541e-01  -5.7841308e-02  -2.3998616e-02   5.0941335e-01  -2.5276816e-01  -3.0751203e-01   1.2195837e-01   6.7342608e-02  -8.2604643e-02  -2.3289933e-01  -9.6637945e-02  -1.4234523e-01  -6.2602123e-02  -3.5578728e-01   3.7397154e-01  -1.9323525e-02   9.9124830e-02  -1.2768793e-01  -1.0076618e-01   2.6713802e-01   1.0067137e-01   1.4863006e-01  -2.1192320e-01  -3.4817937e-01  -1.1438135e-01  -7.4709279e-03  -2.5919297e-01  -9.8849141e-02   4.3455166e-02   9.6304132e-02  -3.7329090e-01  -1.4454949e-01   8.4860300e-02  -6.3684636e-02   1.4716613e-01  -2.2172918e-01  -5.9717819e-02   4.5957634e-01   9.1503298e-02   1.1025132e-01   6.5812155e-02   2.2074098e-01   2.9992872e-01  -1.1051670e-01   1.1511856e-01   2.3907302e-01   2.7440816e-02   1.8268919e-01  -1.6795784e-01   1.3310614e-01  -2.8907298e-01   3.1978188e-02   1.8449335e-01   2.8348893e-01   3.3708056e-02  -4.2743967e-02  -1.2917402e-01   8.8310555e-02  -1.0910132e-01   3.7104644e-01  -2.4061015e-01  -1.9197904e-01   1.5644835e-01   2.2489680e-01  -3.2831601e-01  -9.0949075e-02   3.8353212e-01   6.6534444e-02  -1.3116976e-01   2.6954209e-01  -2.1861958e-01   5.7451452e-02  -1.1861864e-02   1.2819196e-01  -2.4307831e-01   6.1263884e-01  -5.4929971e-02   3.0009778e-01  -1.8680399e-01   8.0989781e-02  -2.0172140e-01   2.1306683e-03   2.3155323e-01   1.1584956e-01   1.3690243e-01  -1.5663816e-01   1.5068158e-01  -1.0351000e-01   2.4987754e-01   1.8476682e-01   9.3538378e-02  -8.0887011e-02  -1.6396427e-01   1.8503647e-01   2.1037272e-01   1.4767748e-01   2.3624250e-05   3.4949769e-04   1.6407415e-01  -2.0140241e-01   2.5038076e-01   7.8061876e-03   1.9294417e-02  -6.8080992e-02   3.2982985e-01   9.6402867e-02  -3.2061287e-01   1.1602695e-01   8.9082413e-02  -1.8866400e-01  -7.7829308e-02   2.8575269e-01   9.0606365e-02   3.9016732e-01  -1.9942145e-01  -1.8053052e-01   4.9334234e-01   7.3653069e-02   2.5645928e-01   1.8356691e-02  -1.1687511e-01   2.5243901e-01  -1.8810802e-01  -6.2026605e-02  -1.7983847e-02   2.2291197e-02   1.6467891e-01   1.4262146e-01  -2.4670381e-01   5.4651717e-01  -6.8632734e-02  -1.5403819e-01   4.2085166e-01  -5.1849869e-02  -3.6665017e-02   4.9469991e-02   4.1748561e-01   3.6891539e-02  -2.3899537e-01  -2.0296186e-01  -1.7280075e-01   3.4919346e-02  -9.8374840e-02  -9.9756717e-02
  -1.0251546e-01  -4.2403351e-01   1.1168387e-01   1.2511765e-01  -1.1495107e-01   3.2425858e-01  -1.8027827e-01  -1.3296715e-01  -1.4918838e-01  -2.7915673e-01   0.0000000e+00  -5.9426888e-01   1.1213550e-01  -1.6809666e-01   3.1325498e-01   2.7965223e-01  -1.9629493e-01   7.3118776e-01   4.8329594e-01  -7.7947163e-02   2.5624060e-01   3.9118326e-01   3.9536093e-01  -1.7377020e-01   1.7997562e-01   2.4096942e-01   2.0485146e-02   1.1313653e-02  -2.7993556e-03   5.4662597e-01  -7.0742953e-02   5.0247336e-02   7.6574734e-02  -2.2701896e-01   2.5414117e-01   3.0841539e-01  -2.8028445e-01   9.8892157e-02   1.5391106e-01  -1.8989933e-01   3.9491544e-02   2.2571138e-02   2.6810859e-02  -5.0319914e-02   4.9165629e-01   1.0281901e-01   6.6365679e-01  -2.8870576e-01   1.5908783e-01  -2.1398422e-01   5.9838890e-01   1.3857055e-02  -4.1240194e-01  -2.7642160e-01  -1.4477671e-01   2.2252906e-01   3.2862861e-01   4.7960667e-01   2.8735681e-01   1.2645526e-01   1.8188759e-01   2.8600463e-01  -1.6890855e-01   4.6507067e-01   2.0887760e-01   3.1062795e-01   2.0654921e-01  -8.6816504e-02   3.2605319e-01   1.5183440e-01  -5.6712280e-01   3.1612139e-01  -6.5918194e-02  -6.1033854e-02  -2.0560602e-01  -9.1216868e-02   2.8359655e-01  -9.6832724e-02  -3.8505584e-01   3.5307967e-01   2.5371301e-01   9.9873585e-02  -2.2786678e-01   3.8767084e-01  -1.3365958e-01   1.5300792e-01  -3.4664753e-01  -9.8145274e-02  -8.5089238e-02   2.0905162e-03  -2.8991405e-01   1.2660130e-01  -3.8625634e-01   4.6003272e-02   3.4077751e-01  -3.9909368e-01   1.9221729e-01   2.5905462e-01   2.7161927e-01   1.4462267e-01  -2.4656789e-01   4.9844622e-01   1.4916800e-02   3.1285776e-01   5.4351448e-01   1.5462947e-01  -4.9690907e-02   8.9463581e-02  -2.4312498e-01   3.5283985e-02  -2.3522450e-01   5.3048339e-01   2.1164171e-01   3.4403482e-02  -7.2638919e-02  -4.1427800e-01  -1.1723349e-01   1.1364627e-01   7.2876087e-02   1.5770142e-01   6.0480023e-02  -4.8195033e-01  -3.4286783e-01  -1.0462026e-01   1.2494992e-01   2.0164430e-01   2.8141792e-01  -5.5049451e-02   1.8238155e-01  -6.2251848e-03  -9.4505788e-02   1.3938026e-01   2.3850591e-01  -1.8767043e-02  -2.9178251e-01   1.6078565e-02   1.6420603e-01  -1.8062904e-01   1.1481351e-01   1.6908959e-01  -1.7041275e-01  -2.2266589e-01   3.0633897e-01   1.3791183e-01   1.6628643e-01   2.2763102e-01  -3.9206060e-01   2.3422430e-01   5.4650599e-01  -3.2353408e-01  -2.1715475e-02  -1.3140017e-01  -4.5242645e-02   3.2074611e-01  -4.3580177e-01   3.0771470e-02   1.5229028e-01   5.0343147e-01  -9.4450776e-02   2.0734279e-01   3.9905239e-03   4.9531141e-01  -3.8548135e-01   5.1121446e-01   2.7043853e-01  -5.5017277e-01   2.7644528e-01  -1.6513504e-02  -1.0106091e-02  -5.0238949e-01  -1.0412139e-01   1.5953315e-01   5.7486231e-01   6.1364956e-02   7.0588687e-02   3.9841615e-02   2.2845017e-01
  -6.6165750e-03   5.7591222e-01   1.5658374e-01  -2.6400464e-01   2.4471450e-01  -5.7767779e-02   3.2461061e-01   7.5763873e-02   9.8869991e-02   3.0718288e-01  -5.9426888e-01   0.0000000e+00  -8.4612046e-02   3.7480458e-02  -2.5304699e-01  -6.4930765e-02   3.6540036e-01  -4.1368469e-01  -2.3197308e-01   2.6339695e-01  -3.0139823e-01  -4.2879310e-01  -4.1416667e-01  -7.2077963e-02   6.6669961e-03  -2.9879069e-01   1.2893615e-01  -1.9382436e-01   3.7850784e-03  -3.9160509e-01   4.4857734e-02  -4.6660106e-02   2.3890998e-02   4.3356368e-01  -1.4251438e-01  -1.2927108e-01   1.8919022e-01  -1.0806761e-01   2.9663889e-02   2.8486828e-01   6.0667027e-02   9.2717381e-02   2.1092781e-02   8.8326152e-02  -3.5584753e-01  -6.6986258e-02  -4.3918923e-01   4.1810727e-01  -1.7751301e-01   4.4983647e-01  -4.0319576e-01  -1.8719523e-01   3.6278206e-01   2.7809461e-01   1.3063067e-01  -1.7698621e-01  -1.2193829e-01  -4.1601882e-01  -2.6074916e-01   2.6269789e-01  -1.6171684e-01  -3.4760000e-01   2.0805762e-01  -3.7808252e-01  -1.6622640e-01  -2.0864235e-01   4.1809685e-02   1.8801156e-01  -3.8603296e-01   4.7654947e-02   6.4428659e-01  -3.3138433e-01   1.2049690e-01   6.4843196e-03   2.0130421e-01   6.4349083e-02  -2.3659548e-01   1.0053007e-01   4.9776022e-01  -2.6989697e-01  -2.4412520e-01  -6.3431920e-02   3.4653806e-01  -2.8177404e-01   2.5707132e-01  -1.2335874e-01   3.1586626e-01  -8.8873059e-02   2.6600144e-01  -2.0019824e-02   3.5637328e-01  -1.0471278e-02   6.8208197e-01  -5.0535851e-02  -2.8003941e-01   5.0533283e-01  -1.6069752e-01  -2.0338394e-01  -2.9154663e-01  -2.2804743e-01   1.2438065e-01  -3.5023585e-01  -8.1205828e-02  -3.0896198e-01  -3.2408071e-01  -1.5327595e-01   1.1172122e-01  -1.7273802e-01   1.3434268e-01   1.2209003e-01   5.0037201e-01  -4.2680495e-01  -2.2760190e-01  -5.0054506e-02  -2.7569814e-02   4.3355438e-01   2.9085752e-03   2.4122214e-02  -1.8797913e-01  -2.8193520e-01  -1.1709604e-01   5.8912421e-01   3.0656941e-01   2.6413562e-01  -1.4425802e-01  -1.7326915e-01  -1.0777009e-01   4.1045118e-02  -2.3801005e-01   1.9466916e-01   2.2429507e-01   7.7939891e-02  -2.0857959e-01   1.1265689e-01   7.6620029e-02  -4.3973111e-02   1.0039436e-01   1.4541081e-01  -2.1025817e-01  -1.1917325e-01   1.4361101e-01   1.4289664e-01  -2.5342266e-01   1.4642601e-01  -1.0288890e-01  -6.3942270e-02   6.2312584e-01  -1.2422825e-01  -4.6730515e-01   1.6568744e-01   1.0426288e-01   1.5083716e-02   5.8624520e-03  -1.0717644e-01   6.5836719e-01  -4.4392319e-02  -1.8198440e-01  -4.0795696e-01   2.0366849e-01  -2.6434332e-01   1.3291605e-01  -4.3353989e-01   2.9082483e-01  -4.2453659e-01  -1.2953251e-01   5.6754473e-01   1.1270094e-01  -1.4502716e-01  -1.4316457e-02   5.7396927e-01   2.1310601e-01  -2.3925793e-01  -3.7066205e-01   8.6039478e-02   2.0190389e-01  -2.1420457e-02  -2.1929006e-01
   4.4821528e-02   1.0657844e-01   8.1488347e-02   7.9534561e-02   4.4627820e-01  -3.3148510e-02   6.4919200e-02   1.6099984e-01   1.5118469e-01   1.0875063e-01   1.1213550e-01  -8.4612046e-02   0.0000000e+00  -8.4551715e-02  -8.9641480e-02   2.7730249e-01   1.1789927e-01   8.5740071e-02  -6.8844747e-03   4.6934232e-01  -1.6229179e-01  -1.3162380e-01  -7.9149624e-02  -1.8003903e-01   7.9847505e-02   8.5351386e-02   2.6082178e-01  -4.6967092e-03  -2.8484930e-01  -5.9066246e-02   9.7354044e-02   2.4966657e-01   9.5051830e-02  -8.7053825e-02  -1.4486268e-01   4.4168607e-01   1.8150453e-01  -1.5582157e-01   2.8509623e-01   2.1978506e-01   7.3262308e-01   1.8211784e-01   1.1045794e-01   1.2025710e-01   3.0562186e-01   5.0346253e-02   1.0880191e-01   1.5173772e-01   1.4169232e-01   1.0752206e-01   1.8326916e-01   1.4553428e-01   1.4597901e-01  -1.6523094e-01  -1.4207261e-01   3.2571026e-01  -2.1870608e-01  -6.7949508e-02   1.9272182e-01  -5.4462913e-02  -6.2285482e-02   3.5427886e-01   1.7718634e-01   7.8985397e-02   5.2780926e-02  -1.2118708e-03   1.1405261e-01   2.3047947e-01   2.5303971e-01   3.0435745e-02   3.0827947e-02   1.1370207e-01   4.4966671e-01  -1.3031251e-01  -1.1627538e-02   1.6817601e-02  -1.5450935e-02   4.3812590e-02   2.4571759e-01   3.9120476e-01  -4.7048098e-02   1.1743473e-01   4.1558732e-02  -3.5288203e-02  -1.8827617e-01  -4.9262437e-02   1.5828876e-01   2.0054122e-02   1.8937629e-01  -2.0742017e-01   1.2296056e-01   1.0703819e-02   3.3542152e-02   1.7476697e-01  -1.0336312e-01   1.9763775e-01   3.7237293e-01   2.0662424e-01   4.3257707e-01  -3.9830671e-02  -9.5949074e-02   7.6011788e-02  -8.0842353e-02  -9.7381334e-02   1.2290644e-01   1.3634515e-01   2.8189231e-02   2.3159823e-01   2.9104498e-01  -1.8197693e-01  -1.3122516e-01  -9.2515332e-02   8.7630979e-02  -1.4518807e-01  -7.1353541e-04   1.2591927e-01   1.2509202e-01   6.7784013e-01  -5.2849390e-02   1.5371943e-01  -1.3646528e-01   1.8041192e-01   9.3474735e-02   1.6194579e-01   1.0401701e-02  -1.2096755e-01   4.5291562e-02   2.6114953e-01  -9.0500057e-02   7.7906688e-02   6.0286125e-01   2.6615429e-01  -1.8257403e-01  -1.0849238e-01  -7.5259837e-02   2.2198938e-02   1.8374879e-01   3.2406266e-02   1.7824717e-02  -5.4614740e-02  -6.9275750e-02   5.5836152e-01   1.5479355e-01  -1.1447829e-01  -1.1742972e-01  -3.6607629e-02  -5.9760576e-02   1.7296304e-02  -1.6510204e-01   4.5216171e-02  -1.1021756e-01  -1.0658852e-01   1.9073590e-02   1.3675647e-01   1.0073100e-01  -1.6007490e-01  -8.3317391e-02   3.6983712e-01  -5.4512716e-02   3.0872230e-02   2.7658831e-01   1.0679991e-01   5.6019382e-02  -5.2104961e-02   2.8934390e-01   4.5546445e-02   1.2150211e-01   1.0194600e-02   5.4978785e-02   1.6831491e-01   1.5872322e-01  -2.4499736e-01   1.2660077e-01  -2.8184471e-01   1.3951095e-03   1.1357849e-01   1.1612437e-01
   2.1899034e-01  -4.1237355e-01  -9.8404462e-02   1.3074223e-01  -5.2314366e-01   2.5283906e-01  -2.9566422e-01  -1.5618342e-01  -5.3457112e-01   5.2310745e-02  -1.6809666e-01   3.7480458e-02  -8.4551715e-02   0.0000000e+00   4.9686773e-01  -1.7683310e-01   7.1776853e-02  -1.1192500e-01   1.2361845e-01  -4.7706017e-01   4.2789220e-01   3.1701587e-01   2.7544501e-01   4.1725770e-01  -3.0539601e-02   2.5430629e-01  -5.4198008e-01   5.6119705e-01  -2.7176381e-01  -2.7767485e-02   4.6143521e-01  -2.3849724e-02  -6.5560992e-02  -7.0895600e-02  -7.5220037e-02  -5.2306064e-01  -7.2011669e-02  -9.1237620e-02  -1.1911783e-01  -4.0780712e-01  -2.0429210e-01   9.5884215e-02  -3.2132220e-01   1.4829670e-01  -2.5906406e-01   2.6661934e-01  -6.3132968e-02  -3.9824506e-01   3.3987173e-01  -2.3931435e-01  -6.8573570e-04   1.4680435e-01  -3.7853461e-01   2.7799835e-01   6.9494785e-01   1.0757262e-01   7.6111054e-02   1.9431720e-01  -1.4056998e-01  -1.4767802e-01   1.5006020e-01  -7.2523065e-02  -5.3092205e-01   2.0401221e-02  -4.8508533e-01  -3.1160457e-01   8.8425342e-02  -2.9393873e-01   3.2843098e-02   7.6301139e-02  -2.2691266e-01   9.9620260e-02  -2.3161419e-01   5.6712793e-01   6.2431203e-02   6.7411056e-02   4.4394294e-02  -4.5168901e-02  -3.8629407e-01  -2.0638678e-01   1.4308723e-01  -2.6423410e-01   2.8535388e-01   2.8503250e-01   6.1581855e-01   1.8855942e-01  -3.8685539e-01   7.1079138e-01  -4.2021464e-01   1.4274553e-01  -5.4263686e-01   1.9697868e-01  -9.5940808e-02  -3.3929585e-01  -4.6076925e-02  -3.4851006e-01   2.6358578e-02   1.5155255e-01  -3.1318788e-01   2.7033681e-01   7.5626301e-01   2.8420700e-01   5.5124971e-01  -2.2236807e-01  -2.3729313e-01  -1.3477967e-01   2.8913924e-01  -1.4609243e-01   6.6508397e-02   3.8588399e-02   3.4029454e-01   3.2990296e-01  -1.1985372e-01   3.1737210e-02   5.5594667e-01  -3.9486488e-01   9.6365724e-03  -1.3019517e-01   4.0128339e-01   6.7835858e-02   1.7652875e-01  -4.0438334e-01  -1.5209416e-01  -3.9519873e-01   1.3186923e-01   5.9225210e-01   2.0010963e-01  -2.3087478e-01  -1.3529437e-01  -1.1206532e-01  -1.5608954e-01  -2.2503065e-01   4.7229631e-01  -2.3871884e-02  -9.9558304e-02  -1.0544706e-01  -8.5429402e-02   3.8345878e-02   3.4154806e-01  -1.5047180e-01   5.3358483e-01  -6.9676011e-02  -3.4094472e-02  -1.0130583e-01   4.0690693e-01   3.2463141e-01   3.4216125e-01  -4.6558482e-01  -1.1472265e-01   1.8791355e-01   4.1915621e-01   5.9592987e-01   4.0162753e-01  -3.9168668e-01  -3.6124661e-01  -5.5267659e-02   4.0169596e-01  -2.2661198e-01   2.6855643e-01   3.2938706e-01  -1.8542012e-01  -1.5083028e-01   1.3912814e-02   1.1654937e-02  -9.3863145e-02  -1.9089736e-01  -3.7052292e-01   5.1896867e-01   5.3096609e-01  -8.2179005e-02  -4.5206473e-01  -6.1206607e-02  -3.7357374e-01   4.3080680e-01   1.6816951e-03   1.7615329e-02  -5.3411521e-02
