   0.0000000e+00  -2.5780074e-01  -1.4252368e-02   1.0226964e-01   5.5346162e-03  -1.3680258e-01  -7.6828724e-02   1.5797312e-02  -2.9997913e-01   7.9311354e-02  -2.0693741e-01  -1.4009472e-01   9.4869235e-02  -1.4151287e-02   2.0318812e-01  -1.9494965e-01  -1.1517351e-01   2.0018421e-01   7.0302583e-02  -1.7504510e-02   2.6376251e-01  -3.4684914e-01   1.8430170e-01   5.6562850e-01  -9.7033866e-02   6.1209551e-02  -2.2976191e-01   2.6470453e-01  -1.3057288e-01  -6.2398867e-02   8.5778543e-02  -3.8061268e-02   8.4180452e-02   9.0026006e-02   7.6460038e-03  -6.7816721e-02   3.3555221e-02   6.4540193e-01  -3.9226129e-01  -2.2219774e-01   3.5228965e-02   1.4402193e-01  -1.2611343e-01  -1.5439450e-01   2.8343839e-01   7.0790254e-01  -1.8025647e-01  -1.7042335e-01  -6.6305774e-02  -3.2571073e-01   3.1536319e-01   2.8137804e-02  -3.3920159e-01  -6.0900010e-02  -1.6802807e-01  -3.7698141e-01   5.2167454e-02  -9.0737785e-02  -2.6723039e-02   2.3162717e-01   4.5279115e-01   1.5509803e-01  -1.6807310e-01  -4.6528406e-01   1.4957895e-01   7.4553544e-02  -9.3195268e-02  -1.4701900e-01  -1.5344405e-01   6.3022167e-01  -3.1813993e-01   1.3695089e-01  -1.1388630e-01   7.7342700e-01  -3.5656372e-01   2.3599949e-02   6.0822572e-01  -2.1033165e-01  -2.5240300e-01  -3.0622331e-01  -1.8525921e-01  -8.8371078e-03  -3.3811256e-01  -5.7158924e-02   7.1761769e-01  -4.7933513e-02  -2.5395527e-01   4.0654177e-01  -4.3407159e-01   8.7006715e-01  -3.2396855e-01   4.8552433e-01  -2.2813286e-01  -1.5505170e-02   5.7484832e-01  -2.3741881e-01   6.9709466e-02  -1.0262146e-01   1.6957439e-01   2.4122522e-01   1.1724297e-01   1.6617899e-01  -2.2832298e-01  -1.3851764e-01   1.4766437e-01  -2.4686648e-01  -5.7806104e-02  -1.8492566e-01  -1.3703848e-01   2.9001730e-02  -3.8337843e-01   5.2643253e-02  -2.0267897e-01   8.8921177e-01  -2.6799634e-02  -1.5104343e-01  -2.8353126e-01   3.5672171e-01   1.4102079e-01   1.5820184e-01   5.7325769e-01  -1.3169759e-01  -2.0570500e-01  -4.3987505e-02   7.5320185e-01   1.2082750e-01   2.1301191e-01  -3.0438129e-01  -2.2670395e-01   4.7905575e-01  -2.9101365e-01  -2.0783605e-01   5.1298086e-01   2.3827319e-02   1.4740083e-01  -8.4545260e-02  -4.3751566e-01  -1.8886326e-01  -9.3362124e-02   7.9590697e-01   7.8546888e-01  -1.9726162e-01  -3.5638609e-01  -1.7639242e-01   2.5046065e-01   3.1508512e-02  -3.8630738e-01  -8.3607149e-02   6.8613316e-02   2.2357168e-01   8.5108304e-01  -3.2845111e-01   4.2373466e-01  -2.7562499e-01  -3.3843346e-01   6.9662958e-01   5.8701897e-01   2.4789072e-01   4.3537051e-01  -2.8087699e-01   1.1304894e-02  -3.3343418e-01   1.2266871e-02  -1.7234883e-01  -2.5473355e-01  -2.3123071e-01  -3.1300551e-01   3.3096919e-01   5.3792364e-01  -4.0723945e-01  -1.4334556e-01   4.7329606e-01  -1.9738650e-01  -2.1881832e-01   6.9283877e-02  -1.1352973e-02  -1.1005854e-01
  -2.5780074e-01   0.0000000e+00   3.7855878e-01  -2.4936793e-02   2.2950064e-01  -4.6551123e-02  -8.8846471e-02  -7.8731740e-02   3.8461308e-01   5.5697500e-02  -2.8538132e-01   4.0475050e-01   1.8109540e-01  -7.9974109e-03  -2.3211792e-01  -8.3399947e-02   4.6856096e-01   6.8282538e-02   9.8491936e-02   2.5527049e-01  -1.4833014e-01   4.5009414e-02  -1.4561876e-01  -1.7909575e-01   4.1890358e-02   7.1919039e-03   1.7600413e-01  -2.0589192e-01  -2.9654070e-02   2.5156853e-01  -1.8798687e-01  -9.7803815e-02   1.4452028e-01  -2.7888057e-01  -6.0013775e-02   2.2638060e-01   2.2323037e-01  -4.2961580e-01   3.0557500e-02   3.2382795e-01   1.8267631e-01  -5.6116149e-03   1.3176513e-01  -1.0277138e-01   1.3532927e-01  -4.0343815e-01   1.3671656e-02   1.6826280e-01   9.4436328e-02   3.8407367e-01  -1.9382175e-01  -9.3931888e-02  -4.4600351e-02   2.2563320e-01   3.6661461e-01  -9.6745711e-02  -6.5942444e-02  -2.6845701e-03   1.4505635e-01  -2.1311592e-01  -2.1805195e-01  -3.8634771e-02   3.6407645e-01   2.1896777e-01   3.0161807e-01  -4.2399387e-02   7.4358846e-02   1.9826963e-01  -7.3824938e-02  -3.2796917e-01   4.7390090e-01  -2.0682054e-01   1.4128505e-02  -1.5468641e-01   1.1492987e-01  -3.1545958e-02  -4.4538702e-01  -1.1392728e-01   5.4514186e-01   1.3685249e-01  -2.4458682e-01  -9.6524590e-02   2.8693529e-01  -6.4739858e-03  -1.3829860e-01  -5.0303514e-02   1.8095102e-01  -1.0935112e-01   3.9612984e-01  -3.4006240e-01   2.7921591e-01  -3.3966342e-01  -8.9368323e-02   8.8202875e-02  -4.5595708e-01   2.8152869e-01   1.2507891e-01   1.4021343e-01   3.6814696e-02  -2.2950404e-01   4.0464433e-02  -3.5100726e-01  -8.9211598e-02   3.6965540e-01  -2.1833200e-01   1.8377922e-01   4.1782188e-01   3.2013708e-02   1.3685249e-01  -7.6023365e-03   1.5656206e-01  -2.9238067e-01   1.0509147e-01  -3.5948515e-01   6.3246407e-02   3.2442794e-01  -3.1954739e-02  -6.7843454e-02  -1.4497162e-01  -1.6153464e-01  -3.6864415e-01   3.2842916e-01   4.2722952e-01   5.6942400e-01  -2.9043688e-01  -1.7306631e-01   3.4965566e-01   1.8725053e-01  -9.9310106e-02  -1.1060682e-01   1.6706963e-01   1.5834750e-01   1.1203014e-01  -3.9192439e-02   1.2342498e-01   1.1473156e-01   1.2225581e-01   2.2335422e-02  -5.5006248e-02  -2.9795050e-01  -2.0294238e-01   1.1544744e-02  -1.0621197e-01   4.1928480e-02  -2.5178317e-01  -5.6889225e-02   2.2009974e-01   1.1272759e-01  -1.7448594e-01   1.2599350e-01  -2.8224263e-01  -1.4209191e-01  -1.7340966e-01   8.9699789e-02   5.3910688e-01  -4.0369239e-01  -3.0558342e-01   7.1904289e-02  -3.2222779e-01  -2.6023319e-01   2.2084189e-01  -4.7952494e-02   1.0637927e-01   2.2383857e-01   1.5508379e-01   7.9199682e-02  -9.0503842e-03  -2.7922187e-01  -5.0874222e-02   1.0468487e-01   1.5234319e-01  -3.3878963e-01   2.1242133e-01   1.2706939e-01  -7.7727998e-02   1.2212023e-01   1.6342497e-01
  -1.4252368e-02   3.7855878e-01   0.0000000e+00  -2.7679734e-02   3.8684928e-01   3.4100513e-01  -1.1902044e-01   9.0062119e-02   6.9178645e-02   1.7585232e-01  -1.2304556e-01   2.0420207e-01   8.7651994e-02  -2.1041465e-01  -1.6600024e-01   9.4008751e-02   9.0059692e-01  -6.2864810e-02   2.6297198e-01   4.1195135e-01   3.3054314e-02   2.8525671e-04  -7.2391999e-02  -2.1922426e-01  -9.6108303e-04   1.2658314e-01   4.0294060e-01  -3.2987916e-02  -3.0839662e-02  -1.1074242e-02  -1.1753340e-02   1.2549057e-01   2.4597552e-01  -1.1372975e-01  -1.8406454e-01   4.3298668e-01   2.5405085e-01  -1.5103009e-01   1.0285046e-01   6.0763906e-01   1.5222148e-01   2.4608734e-01   1.2992278e-01   1.4599405e-01  -6.9760976e-02   7.4212836e-02   2.9589595e-01  -2.3701299e-01   9.5675764e-02   5.5615872e-01   3.9252594e-02   1.3400068e-01  -1.3903850e-01   3.7465263e-01   1.3560495e-01   6.4751920e-02   2.0692580e-01   1.0978443e-01   6.2138661e-02  -1.4668345e-01   1.9442371e-01   5.8039882e-02   4.0194803e-01  -1.8214932e-01  -8.0237085e-02  -2.8191691e-02   4.0761217e-01   2.5181762e-01   2.0216150e-01   1.6676888e-01   4.7205712e-01  -1.7216389e-02   1.1967194e-01   9.0837115e-02  -3.0578766e-02   1.1708462e-01   4.5770059e-02   1.4113602e-01   3.2249082e-01   4.2497981e-02  -2.3622714e-01   5.1289091e-02   3.4189552e-01   1.0703286e-01   1.4472731e-01  -7.7555015e-02  -2.7060853e-01  -2.3810764e-01   2.0961517e-01  -1.9693766e-02   1.4472525e-01   1.6408062e-01   1.2659743e-01  -6.9437022e-02  -9.5366646e-02   3.5661786e-01   1.3192595e-01   6.7148090e-02   2.8243157e-02  -2.1991932e-02   2.6206681e-01  -3.0640139e-01  -1.1152988e-01   3.7340258e-02  -2.7021002e-01   1.4770457e-01   4.6053807e-01   8.8120253e-02   4.4081287e-02  -1.8676060e-01   1.9386180e-01  -1.2428084e-01   2.6743927e-02  -1.3833181e-01   1.1302475e-01   3.1495638e-02   1.8192161e-01   1.0766587e-01  -1.3048538e-03   4.5118238e-03  -7.7964824e-02   2.4687211e-01   2.6563468e-01   1.2985885e-01   1.5224139e-02   7.3382239e-02   3.1983224e-03   2.7015183e-01  -1.9220430e-01   4.0031980e-01   9.6558057e-02  -1.2014216e-02   2.6425865e-01  -8.2695171e-02   1.6767848e-01   1.0418534e-02   1.7417880e-02   7.9485369e-02  -9.1287223e-02  -1.1739763e-01  -6.1182700e-02   1.0546968e-01   4.3833193e-02   1.6924458e-01  -1.2605249e-01  -3.4528246e-01   3.6622266e-01  -6.2680441e-02  -9.7052489e-03   1.6070287e-02  -2.9177435e-02  -3.8686943e-01   6.7479661e-02  -5.5099783e-02   6.7471980e-01  -2.1750576e-01  -4.4264600e-02   1.1373852e-01   1.4789527e-01  -2.5567483e-01   1.3257661e-01   7.1585092e-02   2.1723634e-01  -2.2742036e-01   2.1387462e-01  -2.0277054e-01  -2.7757543e-01  -7.0520211e-02   1.5376885e-01   2.3983590e-01   1.6625201e-01  -1.6561482e-01   2.3216594e-02   3.3251217e-01   4.9400118e-02   2.2625010e-01   2.0592803e-01
   1.0226964e-01  -2.4936793e-02  -2.7679734e-02   0.0000000e+00  -5.9061760e-02   9.7399437e-02  -1.0211348e-01   1.8662193e-01   1.6134877e-01  -2.8168787e-01  -4.8491720e-02  -1.4863577e-01   9.5876397e-02  -1.4276854e-01  -6.6483857e-02  -7.0489451e-02   4.7527357e-02   3.3296933e-01   5.9044725e-02  -1.0393514e-01  -2.5635049e-02   2.1870295e-01  -1.5716855e-01  -8.1536555e-02   1.4374786e-01   1.5378675e-01  -1.6356763e-03  -2.2917833e-02   2.8661728e-01   2.8209054e-01   3.5793094e-02   2.6429363e-01   2.9077188e-01  -2.8174444e-01   1.2641645e-01  -1.1129731e-01  -9.2353411e-02  -4.2351373e-02  -8.6309346e-02  -4.7964681e-02  -4.2048404e-02   3.5576336e-01   6.9246864e-02   7.7951958e-02   3.4256900e-01  -1.0893326e-01   2.0987732e-02  -3.3209771e-02   8.9394885e-02  -1.0384849e-01   1.8382826e-01   9.2841845e-02  -6.5918582e-02   1.5392339e-01  -2.1284014e-01  -7.7345905e-02   3.7643072e-02   3.9137498e-01   3.1210128e-01   3.0911648e-01  -1.4206919e-02  -3.2709861e-02   1.9808132e-01   7.6622435e-02   2.4489313e-01  -2.7155408e-01   1.6772669e-01   1.4861905e-01   1.4749993e-01  -3.1893206e-02  -5.7696931e-02   4.2288038e-01   1.1320653e-01   1.4821705e-01  -1.2553527e-02   3.2621839e-01   1.8004175e-02   1.5418372e-01  -2.1124260e-02   2.7882303e-01  -2.3189436e-02   3.2463576e-02   6.4186753e-02   1.7645437e-01  -1.1692884e-01   3.4108515e-01  -2.6204646e-02  -8.6837858e-02  -1.1381277e-01   3.5833245e-02   1.1002174e-01   1.1975227e-01  -2.0360006e-01   4.5094702e-01  -1.1114891e-01   4.8030435e-02   1.5540917e-01   3.2847873e-02   6.8595473e-02   5.1362374e-02  -1.0254483e-01   8.7476041e-04   8.6749402e-02   4.0197321e-01   2.3862254e-01   4.4759477e-01   1.2422733e-01   1.4113271e-01  -7.1669532e-02   7.9777024e-03  -1.7684544e-01   2.1008484e-01   3.4273556e-01   6.7220429e-02  -2.0703693e-01  -7.6927480e-02   7.2910279e-04  -1.0072670e-02  -1.5321725e-01   5.1215002e-01  -2.9755913e-02  -5.6158077e-03  -6.0451567e-02   3.0689012e-01  -6.7858979e-02   7.7096582e-02   1.1009868e-01   1.5032006e-01   4.6342998e-01  -1.0512637e-01  -9.4612355e-02  -8.0185906e-02   1.9754004e-01  -6.6908238e-02   4.3953830e-01   3.6236459e-01  -5.0810575e-02  -8.6733775e-02   4.1217743e-01  -4.5263172e-02   1.0325949e-01  -6.5286882e-02  -4.9690763e-02  -1.1677630e-01  -1.1065567e-02  -3.3158639e-02  -1.0656317e-01   3.8434572e-02  -1.7796335e-01   8.1741525e-02  -2.0898582e-02   1.4800459e-02  -5.8866362e-02   1.1524207e-01  -7.1913792e-02  -3.2291501e-02  -1.2208652e-01   4.0793702e-01   6.7006924e-02   7.8325856e-02   6.9572157e-02   4.6477544e-02  -2.0940009e-02   4.1582032e-01   2.3215879e-01  -1.8234704e-01  -2.3831978e-01  -9.4485545e-02  -2.1386144e-01  -4.1838969e-02  -1.7055815e-01  -1.5688708e-01   1.8249966e-01   4.0670802e-02   2.4964544e-01   4.1526978e-01   4.1386095e-01
   5.5346162e-03   2.2950064e-01   3.8684928e-01  -5.9061760e-02   0.0000000e+00  -1.6427217e-01  -2.1605328e-01  -1.3110401e-01  -2.9968839e-01   6.1115672e-01  -3.0789097e-01  -1.2112544e-01   3.8744208e-01  -2.4854318e-01  -1.4475058e-01  -2.0712664e-01   3.8880349e-01   3.3406208e-01   2.8310391e-01   9.3868959e-01   5.5941938e-01  -1.8730512e-01   4.6246405e-01  -5.3193331e-01   1.6922851e-01   1.1920108e-01   8.7681306e-02  -3.5769663e-01  -1.3097093e-02  -1.0681236e-01  -1.9280243e-01   9.7007857e-02  -4.2349414e-01  -6.7013237e-02  -3.7473145e-01   8.3048181e-01   5.3972756e-01  -2.2786362e-01  -3.1058595e-01   5.2712406e-02   6.3759715e-01  -3.2078281e-01   2.7350347e-01  -3.0741038e-01   4.1546712e-01  -5.6329841e-02   3.8502937e-01  -1.8181003e-01   5.5137862e-01   3.2965534e-01   4.0231962e-01  -1.1006655e-01  -8.1632520e-02  -5.7469177e-02  -2.4021986e-01  -1.5084201e-01   3.1402799e-02  -2.4482553e-02   9.7206373e-02  -4.2404466e-01  -2.6572404e-01   5.1543365e-01   3.3217181e-01  -3.0685629e-01   3.1760225e-01   3.9502054e-01  -1.4637850e-01   3.3332172e-01   1.4435799e-03  -2.9399731e-01   4.8007421e-01   2.8172932e-01   2.0513301e-01   1.8767901e-02   3.4025597e-02  -8.4685879e-02  -2.7053091e-01   1.2947707e-01   7.5762777e-01   1.9467521e-01  -4.0653911e-01  -1.0517878e-01   6.5699618e-02   9.1730342e-02   2.4557751e-01  -7.5427737e-02  -4.2848123e-01  -4.6574696e-01   2.7137894e-01  -3.5313405e-02   4.3501855e-01  -3.7392475e-01   3.4701981e-01  -2.4349232e-01  -2.0949980e-01   5.8575828e-01   4.5411959e-01   2.0584498e-01   5.0588809e-01   4.8144996e-01   6.0475428e-03  -6.1288970e-01  -6.7550818e-02  -6.5877603e-02  -8.1223459e-02  -7.4943245e-02  -1.3517124e-01   2.3858895e-02   5.0873608e-01   3.5840801e-01  -6.0467458e-02  -3.5361863e-01   2.6939238e-01  -1.6645716e-02  -2.4748022e-01   5.3018241e-01   4.0928840e-02   5.5391814e-01  -3.5552326e-01   5.1620038e-02  -5.4467547e-01   8.1638745e-01   4.0721427e-01   3.4722958e-01  -1.0800913e-03  -1.1664499e-01   3.6264080e-01  -1.1514623e-01  -2.6640411e-01  -1.8049345e-01  -1.0321081e-01   1.0128272e-01   3.2673981e-01   2.3075377e-01   3.1912513e-01  -1.4789107e-01  -1.6992552e-01  -2.5552335e-01  -2.9375058e-01  -1.1020969e-01  -3.2354901e-01   2.0907446e-01  -6.9134756e-02  -2.1772459e-01   1.1432528e-01  -2.9872546e-01   3.0805344e-01   5.3869967e-01   4.8663803e-01   5.0263891e-01  -7.5102178e-02  -3.1671176e-01  -5.0750199e-01  -3.0449548e-02   1.5816546e-01  -2.1703383e-01  -4.9621422e-01   2.0944510e-01  -4.1665213e-01  -3.0485736e-01   6.1574405e-01  -8.9934635e-02   6.5611616e-01  -1.3884483e-01  -9.8411802e-02   2.3633303e-01  -2.5228932e-01  -4.4919883e-01  -4.4970171e-01   2.6615064e-01   7.7613951e-01  -3.9088581e-01   1.0178232e-01  -1.9337657e-01  -1.1850110e-01  -6.6756487e-02  -1.6137691e-01
  -1.3680258e-01  -4.6551123e-02   3.4100513e-01   9.7399437e-02  -1.6427217e-01   0.0000000e+00   4.1229264e-01   1.5718200e-02  -2.1872820e-02  -1.8110530e-01   5.1402358e-01   1.4274036e-01  -7.6523478e-02   7.3536144e-02   6.9614467e-03   5.9063119e-01   3.0230254e-01  -1.5404571e-01   9.8068147e-02  -1.7410600e-01  -9.5957560e-02   2.3645001e-01  -2.4129445e-01  -1.1611638e-01  -4.3420212e-02  -8.0551723e-02   4.3814892e-01   2.0548619e-01  -1.4527265e-01   6.5615119e-02   3.4570349e-03   2.6410248e-01   3.2708400e-01   1.7425261e-01   1.7932668e-01  -1.9978270e-02  -3.0340925e-01  -3.8852305e-02   4.3421014e-01   3.6732001e-01  -1.5028344e-01   2.5806223e-01   3.4536317e-02   2.8315310e-01  -1.9141456e-01  -1.1430226e-02   4.6349904e-01   2.1189946e-01  -1.5543559e-01   1.4674068e-01   5.4246612e-02   1.7296763e-01   3.6218451e-01   1.6493178e-01  -2.1253703e-02   4.5893970e-01   3.1109509e-01   2.5186323e-01   2.1278715e-01   2.8949992e-01   8.8038032e-02  -1.8109351e-01  -8.1462045e-02  -2.9963463e-02  -2.4346606e-01  -1.0795731e-01   7.1502790e-01  -2.3301564e-01   6.9380287e-01   1.2094233e-01  -1.1793963e-01  -2.0542902e-02   8.5099044e-02   1.3079304e-02   1.3753693e-01   9.5896028e-02   7.7675209e-02   2.4581427e-01  -1.8113080e-01  -1.0360574e-01   3.7749538e-01   1.7640922e-01   1.1627966e-01  -3.2284515e-02  -7.8355163e-02   4.4947180e-02  -8.3121663e-02  -9.3496270e-02  -1.7901316e-01  -1.0440643e-01  -2.4205947e-01   2.1377890e-01   3.6684569e-01   1.7023678e-01  -2.0935629e-03  -9.5392633e-02  -2.7720902e-01  -1.0936735e-01  -2.0613219e-01  -1.7731037e-02  -2.4610310e-02   9.3712340e-02   2.6548394e-01  -1.4133926e-01   2.2160343e-01   2.2009033e-01   3.3848670e-01   1.1083560e-01  -2.9991773e-01  -6.5988363e-03   1.0492741e-01   4.0685672e-01  -1.3695910e-01  -2.0678915e-01  -4.7899401e-02  -4.3580857e-01   4.5612754e-01  -2.3464824e-01   1.8479119e-01   2.1356205e-01   4.7825790e-02  -2.7556407e-01   5.6165643e-02  -3.2530599e-01  -6.9700468e-02   3.7485836e-01  -1.7291498e-01   7.9568822e-02   1.1183212e-01   2.6407547e-01  -6.7194329e-02   2.3859413e-01  -6.7444226e-02  -7.1157010e-02  -9.0553328e-02   1.3999424e-02  -6.5669495e-02   2.9692701e-01   2.0577186e-01  -4.2270896e-02  -3.4849988e-02  -9.5248289e-02   2.3555239e-01   4.3663360e-01  -2.4568010e-02  -1.0929785e-01   5.9858384e-02  -2.7480697e-01   1.1591060e-01  -4.3189901e-01  -4.1428538e-02   1.7884104e-02   8.8509214e-02  -2.5775019e-02   1.9794793e-01   3.7308718e-02   5.3901969e-02   1.3372604e-01   1.2508521e-01   2.4738746e-01  -3.2217280e-01   1.8442701e-01  -2.4901205e-01   2.8336297e-03   2.8996901e-01  -4.4892102e-02   7.0429933e-02   1.5457913e-01   1.5745371e-01   3.9302599e-01  -2.5694796e-01   2.5180042e-02  -1.8867035e-01   6.8172474e-01  -1.1489304e-02  -5.2499965e-03   2.0980492e-01
  -7.6828724e-02  -8.8846471e-02  -1.1902044e-01  -1.0211348e-01  -2.1605328e-01   4.1229264e-01   0.0000000e+00  -2.7336280e-01   5.8391322e-02   1.5263546e-01   4.0315726e-01   3.4182711e-01  -2.0216786e-01   1.3870205e-01   4.2141397e-01   3.8890689e-01  -2.0833797e-01  -1.9971037e-01  -2.7514485e-01  -1.8048881e-01   3.8417193e-02  -2.5205419e-01   1.3667891e-01  -5.3994416e-02  -1.8033592e-01  -3.8336862e-01   3.8812283e-01   1.2242495e-01  -6.1727723e-02  -3.0117900e-01   1.5097374e-01  -8.6093714e-02  -1.1416578e-02   4.9053167e-01   6.0556047e-01  -7.3665969e-04  -2.7352685e-01   1.0010212e-01   2.2409006e-01   9.7591730e-02  -1.5213325e-01   1.3405168e-01   3.9213822e-01  -9.6301618e-02   6.7119616e-03   1.9093350e-02   1.3905658e-01   6.4161726e-01  -2.0905460e-01  -1.9587101e-01   8.2259049e-02  -2.3606523e-01   1.9568777e-01   6.4729513e-03   3.7170443e-02   2.0179933e-01  -2.1131075e-01  -2.7771937e-01   3.8525817e-02   1.2907084e-01   8.4301695e-02  -6.0548385e-02  -3.8425072e-01   1.2166865e-01   1.4272940e-02   2.0004419e-01   3.1889947e-01  -3.8382845e-01   2.1278043e-01   5.8389804e-02  -7.1533643e-02  -1.5647329e-01   8.7459861e-02  -1.5303075e-01  -1.8377637e-02  -1.5166958e-02   1.5594669e-01  -1.0988327e-01  -1.4728328e-01  -3.3782680e-01   5.9717550e-01   2.5638637e-01  -8.3750250e-02  -3.6131100e-01  -1.0545611e-01   2.9907862e-02   3.7851107e-01   5.4957728e-02  -2.7734399e-01  -9.5197720e-02  -3.3018163e-01   1.0794219e-01   3.1389670e-01   1.6642524e-01   1.4749458e-01  -3.6886810e-01  -1.9639941e-01  -3.3908207e-01   4.3135228e-03   1.1248136e-01  -1.2179742e-01   3.8250931e-01  -1.8356038e-02  -2.1988396e-01   3.2935392e-01  -1.5923159e-01   4.7518919e-02  -3.2083520e-01  -2.9636689e-01   3.4596881e-03   1.3765596e-01   8.2753492e-02  -2.5905480e-01  -7.1731958e-02   3.3260041e-02  -2.6289481e-01   5.9706021e-02  -1.5603403e-01   5.4581462e-02   2.2269378e-02   1.6421462e-01  -2.7989727e-01  -7.8663396e-03  -2.9847317e-01   6.2269335e-02   8.1724447e-02   2.1308879e-01  -1.4201036e-01  -1.5174367e-01   1.4261785e-01  -9.3709839e-02   5.4037714e-01  -2.8713885e-01  -6.1700254e-02  -2.6139406e-01  -8.5404538e-02  -2.3423838e-01   5.2261042e-01   5.3565076e-02   8.2306820e-03   1.5856751e-02  -2.0805989e-01  -1.2336881e-02   1.2398135e-01   1.2583121e-01   1.0609576e-02   2.1437348e-01  -1.1631131e-01   9.5501674e-02  -2.0223723e-01  -3.5736523e-02  -6.3998001e-02   5.1310587e-02   7.6211819e-02  -4.2678448e-02   8.1159996e-02   1.2269258e-01   1.3934520e-01  -2.2267087e-02   1.2715603e-01  -2.8174367e-01  -5.8984377e-02  -3.8568189e-02   4.7987820e-02  -8.1082291e-02   4.5002436e-01   4.4295114e-01   1.8298062e-01   1.0809863e-01   3.8740462e-03  -1.0666450e-01   1.3502509e-01  -9.8408386e-02   1.8868546e-02  -1.7119986e-01  -1.0822642e-01  -2.3010404e-01
   1.5797312e-02  -7.8731740e-02   9.0062119e-02   1.8662193e-01  -1.3110401e-01   1.5718200e-02  -2.7336280e-01   0.0000000e+00   2.2888197e-01  -2.9174827e-01  -2.6194817e-02  -2.2089851e-01  -1.5648748e-01  -4.4389119e-01  -4.6688593e-01  -1.4462152e-01   3.3666254e-02   2.5362313e-03   4.2659022e-01  -1.0631083e-01  -2.3873755e-01   5.4824574e-01  -2.9977760e-01  -9.1394594e-03  -9.3122631e-02   7.6883206e-01   5.3897002e-03  -1.7361085e-01   2.2069144e-01   4.5863584e-01  -3.2286129e-01   2.5412389e-01   9.8899202e-02  -2.1640850e-01  -1.7730819e-01  -1.5369888e-01  -1.1051372e-01  -3.3395069e-01  -6.9286327e-02   8.7300480e-02  -1.7526068e-01   1.4492231e-02  -1.3224370e-01   1.9011054e-01  -1.4440224e-01  -1.5556497e-01  -1.0554643e-01  -2.8263705e-01  -3.1075629e-01   5.0985983e-02  -1.8795578e-01   8.0559151e-01  -1.8472577e-01   2.5067952e-01   1.9496638e-02  -6.3522698e-02   3.6449025e-01   5.4967538e-01   1.1524365e-01   2.5999848e-01  -2.8355757e-01  -3.6060818e-01   3.0223310e-01   2.1231346e-01  -1.4652693e-01  -4.5606790e-01   2.1675552e-01   2.5982171e-02   1.4624415e-01  -1.4463087e-01   7.6926286e-02  -9.5814998e-02   2.1303714e-02  -1.1107864e-01   6.8876599e-03   4.2784368e-01  -1.8747251e-01   2.0622171e-01  -1.1936263e-01   9.2512528e-02  -2.3814618e-01  -9.2389978e-02   2.4288501e-01   7.5051058e-01  -2.0453684e-01   2.7188080e-01   1.2213419e-02  -2.0030638e-01  -1.6472588e-02  -5.4508533e-02   1.6924034e-01  -1.4658338e-01  -5.2968903e-03   3.3649573e-01  -3.0152735e-01   1.6200118e-01  -2.6501849e-01   6.2926940e-01  -4.1935057e-01  -2.8371650e-01  -1.5947199e-01  -7.1351787e-02  -1.4250972e-01   4.3302210e-01  -6.3482081e-02   3.8765878e-01   2.2484545e-01   7.2015388e-01  -1.9218018e-01  -7.6237708e-02   2.1918058e-02   4.0717617e-02  -6.2716282e-02  -7.0538087e-02  -3.4338768e-01   4.9988536e-02  -2.0078700e-02  -8.4428070e-02  -3.0190420e-01   4.7191756e-02  -9.2800711e-02  -1.2715876e-01  -4.2278310e-02  -3.6221883e-02  -2.1796639e-01  -2.3097666e-01  -2.0345341e-01   3.1139032e-01   4.8250285e-01  -1.8566467e-01   3.7454442e-02  -2.5520036e-01   9.5820888e-02  -4.5382100e-01   2.4567743e-01   5.4136144e-01   2.2344712e-01  -1.1893521e-01   4.1786520e-01  -9.1512277e-02   4.0962665e-02  -1.4013938e-02   8.6378168e-02  -2.3725813e-01  -4.2307952e-01  -1.9025143e-01  -2.1924491e-01  -9.1971794e-02  -2.6111534e-01  -2.2669958e-01  -2.0322041e-01  -6.0165875e-02   1.8899426e-02   1.0895986e-01   9.0000860e-02  -1.1783499e-01  -2.8958806e-02   2.2654463e-02  -6.2294420e-02  -1.5515403e-01  -1.6871853e-01   2.1885452e-01  -5.9780259e-02   2.2174756e-01   5.6443804e-01  -1.8253551e-01  -2.4173775e-01  -1.1960511e-01  -3.6676507e-02   2.6518860e-01  -7.8962035e-02  -2.1203967e-01  -7.3862675e-03   3.8748979e-02   2.5574029e-02   7.2382609e-02   6.5926377e-01
  -2.9997913e-01   3.8461308e-01   6.9178645e-02   1.6134877e-01  -2.9968839e-01  -2.1872820e-02   5.8391322e-02   2.2888197e-01   0.0000000e+00  -3.5633396e-01   1.6150685e-02   1.6803338e-01  -4.7727428e-02  -1.8521999e-01  -2.6691101e-01  -1.1225515e-01   3.2107129e-02  -1.0589701e-01   3.5729376e-02  -2.2715364e-01  -4.2528624e-01   1.4609628e-01  -5.4242036e-01   3.1655744e-03   9.4706551e-02   7.2584432e-02   3.3252649e-01  -6.7385531e-02   2.2706315e-01   2.5637436e-01  -5.2748505e-02  -5.0092195e-02   2.8633882e-01  -4.2380629e-01   1.3346885e-01  -2.3758835e-01  -5.9549386e-02  -2.8122821e-01   2.0908173e-01   4.2051952e-01  -2.2704268e-01   2.9716100e-01   1.6360977e-01  -3.2692816e-02  -1.6785092e-01  -3.6673419e-01  -1.8554453e-02   2.0098333e-01  -2.5443944e-01   5.6044188e-02  -3.8581906e-01   1.0936578e-01  -2.3249515e-01   3.1239122e-01   4.2779055e-01  -2.1771013e-01  -1.0328798e-01   9.8522745e-02  -1.1255158e-02   1.4936470e-01  -1.0013217e-01  -3.6568396e-01   3.6981250e-01   5.2122958e-01   3.4656588e-02  -4.9404507e-01   3.7971432e-01   2.0462957e-01   1.0365451e-01  -7.4151788e-02   2.4583950e-01  -2.0172932e-01  -1.0167622e-01  -3.5768588e-01   1.0678646e-01   8.1402300e-02  -2.5916076e-01  -6.0264512e-02   3.0505888e-02   2.3595149e-01  -4.0123579e-02  -3.1880832e-03   2.4318083e-01   1.2864347e-01  -5.4647124e-01   4.4954663e-02   5.4413063e-01   1.7888065e-02   2.5135580e-01  -3.4382785e-01   2.2044590e-01  -1.3089113e-01  -3.2204817e-01   3.7378944e-01  -3.2570463e-01   1.3406066e-01   3.1595631e-02   1.0362971e-01  -2.7872851e-01  -4.7245832e-01  -9.6446316e-02   2.8247960e-02  -2.4363372e-01   5.8897743e-01   3.6747347e-02   2.8237581e-01   2.1411802e-01   1.9736160e-01  -1.6680973e-01  -2.4854947e-01  -1.1169267e-01  -8.2635441e-02   2.6169118e-01  -3.6077252e-01  -5.2055565e-02   6.0331020e-02  -8.2759841e-02  -3.6889277e-01  -2.0098532e-01  -3.3923723e-02   3.1093116e-03  -1.1346905e-01   2.2603133e-02   3.8366865e-01  -3.5586185e-01  -3.5935757e-01   7.3294752e-02   4.9783527e-01   2.6077875e-01  -3.1874140e-02   3.5523956e-01   1.6229692e-01  -2.8481530e-01  -4.1563399e-01   7.6904324e-02   1.9629114e-01   3.5178368e-01   3.5703051e-01   1.2646625e-01  -3.0300136e-01   1.3604885e-02   3.3811262e-02   3.7745594e-02  -2.5607203e-01  -4.2018390e-01  -5.6230081e-02  -8.1826968e-02  -2.6657335e-01  -5.2042525e-01  -2.3217842e-01  -4.2811056e-01  -1.5362720e-01   7.8071192e-02   2.3908598e-01   3.3222988e-01  -3.4263536e-01  -4.1602827e-02  -1.0318494e-01  -2.1050498e-02  -2.4556493e-01  -1.7737090e-01   1.4083934e-01  -2.1466614e-01   4.2211500e-01   2.4226554e-01   1.4949172e-02  -3.7099588e-02   1.6056303e-02   1.4238191e-02  -1.1796772e-02  -2.3909256e-01  -5.5223916e-02   3.9681821e-01  -2.9043098e-02   2.4914797e-01   3.2422749e-01   3.3752399e-01
   7.9311354e-02   5.5697500e-02   1.7585232e-01  -2.8168787e-01   6.1115672e-01  -1.8110530e-01   1.5263546e-01  -2.9174827e-01  -3.5633396e-01   0.0000000e+00  -1.8314588e-01   1.0628522e-01   2.2458413e-01   1.2103390e-01   3.5201185e-01  -1.4089163e-01   1.9297093e-01   1.7009028e-01  -2.9802525e-02   5.8797360e-01   5.5971431e-01  -4.8560408e-01   6.8366374e-01  -3.8546666e-01  -1.1059806e-01  -8.5450150e-02  -1.1000947e-01   5.2806135e-02  -2.7754038e-01  -4.7666406e-01   2.6725815e-01  -8.2250531e-02  -5.5474485e-01   4.8078867e-01  -1.4688100e-02   6.5730801e-01   5.0557768e-01   1.1117604e-01  -3.2492794e-01  -6.0222962e-02   4.3395837e-01  -4.1173812e-01   3.3322190e-01  -2.5289809e-01   3.0142362e-01   1.8646481e-01   6.3270495e-02   3.1437231e-02   3.2243208e-01   7.7009885e-02   3.8167663e-01  -1.7691372e-01   7.1313905e-03  -3.0424618e-01  -1.9784120e-01  -1.4994295e-01  -1.1805935e-01  -3.5795526e-01   2.2561687e-02  -3.6583892e-01   5.7940372e-02   4.4886311e-01  -9.4602699e-02  -3.1126178e-01   3.1282028e-01   7.5914110e-01  -2.2977240e-01   1.1292036e-01  -2.1250786e-01  -3.8983216e-02   3.2573006e-01   1.0802929e-01   2.0890427e-01   6.0264852e-02  -2.1422801e-01  -1.6834492e-01   1.1051950e-01  -1.4080418e-01   4.6446749e-01  -1.0141653e-03   1.6908913e-02   2.4179045e-02  -1.2653000e-02  -1.3872013e-01   3.6177129e-01  -1.3233226e-01  -1.9248241e-01  -2.6257661e-01  -1.3801131e-02   1.1654644e-01   4.1880469e-02  -1.1112542e-01   3.5598577e-01  -3.7853993e-01   1.7576955e-01   1.2508780e-01   3.5402198e-01  -3.7177042e-02   5.5856025e-01   5.7213156e-01   1.8946497e-01  -1.2036371e-01  -1.4833031e-01  -3.6678924e-01  -5.2657737e-02  -3.7724726e-01  -2.1699316e-01  -3.6536043e-01   3.5062945e-01   2.5935823e-01   1.3673460e-01  -3.7600340e-01  -4.3507299e-03   1.5572663e-01   1.9320305e-01   2.4657443e-01  -2.4626278e-01   4.3906471e-01   5.8282148e-02  -1.1594085e-01  -2.0872064e-01   5.2798948e-01   1.7645322e-01   2.9744455e-02   2.6809924e-01  -2.3202622e-02   3.5096415e-01  -3.5450705e-01  -4.9579046e-01  -1.9009691e-03  -2.2696552e-01   2.1020209e-01   8.0289514e-02   3.9876531e-01   4.9509328e-03  -2.4064297e-01  -3.9105942e-01  -1.1719507e-02  -3.2547122e-01   3.3321404e-02  -3.1686208e-01   8.9168899e-02  -2.1146653e-01   1.9843659e-02   3.7888211e-01  -1.3650432e-01   4.3718883e-01   4.9928177e-01   5.4534440e-01   6.4189575e-01   1.9026983e-01  -1.2688024e-01  -3.9061114e-01  -1.7788968e-01   4.9816439e-02  -6.3808121e-03  -1.9403349e-01   2.1850209e-01  -2.0850882e-01  -1.2508026e-01   3.1413079e-01  -1.5057089e-01   6.6647704e-01  -3.2372465e-01  -3.5238283e-01   2.7275991e-01  -1.4603820e-01  -7.5567859e-02  -1.9529652e-01  -2.4162442e-02   5.9379943e-01  -6.4912052e-02  -9.5356063e-02  -2.1892891e-01  -3.0322246e-01  -7.4462779e-02  -4.1913652e-01
  -2.0693741e-01  -2.8538132e-01  -1.2304556e-01  -4.8491720e-02  -3.0789097e-01   5.1402358e-01   4.0315726e-01  -2.6194817e-02   1.6150685e-02  -1.8314588e-01   0.0000000e+00  -8.9269821e-02  -2.3142715e-01   1.4260507e-01   1.9338552e-01   4.4237540e-01  -1.2821428e-01   1.5414726e-01   5.2337407e-02  -2.5335341e-01   5.5237739e-02   2.0103609e-01  -5.1124135e-02  -1.6630616e-01  -2.5836864e-01  -1.3954374e-01   1.5110203e-01   1.2807419e-01   9.1357494e-02   2.2518053e-01   2.4268186e-01   3.4274107e-01   1.5409280e-01   1.6617011e-01   1.5805859e-01  -7.8924210e-02  -2.1387470e-01  -3.9903133e-02   4.7040086e-01   5.3718300e-03  -2.4300299e-01   7.8166230e-02  -3.6026893e-02   4.0951951e-01  -1.6011433e-01  -1.9142108e-02   4.8979531e-01   3.9433634e-01  -3.7837788e-01  -3.2156126e-01   2.7861869e-01   7.6291349e-02   3.4576227e-01  -1.4905788e-01  -1.0775175e-01   5.6251659e-01   2.2009439e-01   1.7479437e-01   2.3082734e-01   3.5888490e-01   1.1469041e-01  -3.0141557e-01  -3.8949446e-01   2.2633414e-01  -2.7748305e-01   7.2911654e-02   3.3928870e-01  -2.4348735e-01   4.9333579e-01   5.1425667e-02  -3.4058058e-01   1.6281247e-01   1.2734167e-01  -2.1203179e-01   1.1985435e-01   1.2819422e-01   9.1978797e-02   3.1229644e-01  -2.8379720e-01  -8.7159284e-02   5.1317753e-01   1.8900695e-01  -1.3983007e-01  -1.5439341e-01  -1.8051388e-01   2.0501557e-01   1.4309075e-01  -7.3992109e-02  -7.6061030e-02  -1.9476649e-01  -2.5898261e-01   1.8441549e-01   3.2150113e-01   1.9069155e-01   6.5942624e-02  -3.8183820e-01  -4.2473772e-01  -1.0729178e-01  -1.4662869e-01   6.5899623e-02  -2.7785290e-01   4.0447282e-01   3.2603694e-01  -1.2592598e-01   4.6265468e-01   2.7496949e-01  -1.2670556e-01   6.5223054e-02  -3.4392035e-01   2.5285889e-01   6.9231726e-02   4.8475314e-01  -1.5569699e-01  -2.1747163e-01  -1.2916632e-01  -2.9460166e-01   4.4246973e-01  -1.2613845e-01   1.3539162e-01   1.0140302e-01   9.4655180e-02  -3.6693564e-01  -1.9120030e-01  -3.9475216e-01  -1.2574200e-01   1.5954149e-01  -1.4811906e-01  -9.4290460e-02   3.2753309e-01   1.1228205e-01   6.7324163e-02   4.0775369e-01  -3.7932573e-01   1.1116897e-01  -2.3557336e-01  -6.5579305e-02   3.4836413e-02   4.0369001e-01   1.7075571e-01  -8.2546501e-02  -1.2813301e-01   7.0839361e-02   5.4255444e-01   1.9022172e-01   2.1714068e-01   3.7386172e-01  -1.4447038e-01  -4.2319532e-02   2.3396792e-01  -2.2015284e-01  -1.2094467e-01   2.5124570e-01   1.8632609e-02   3.0678398e-01  -2.0502748e-01  -4.6775178e-02   8.9259502e-02   7.5092630e-02   1.2616860e-01   3.8002992e-01  -3.3397267e-01   5.2093809e-01  -1.7456261e-01   3.6968501e-01   1.7098857e-01   1.5147901e-01   3.3017324e-01   3.2316515e-01   4.0780537e-02   2.2194094e-01  -2.6117954e-01   1.1953098e-02   1.1289559e-01   3.2371971e-01  -4.8881672e-02  -2.7289757e-01   1.0096620e-01
  -1.4009472e-01   4.0475050e-01   2.0420207e-01  -1.4863577e-01  -1.2112544e-01   1.4274036e-01   3.4182711e-01  -2.2089851e-01   1.6803338e-01   1.0628522e-01  -8.9269821e-02   0.0000000e+00  -2.4655309e-01   2.6063787e-01   3.1400130e-01   2.2953241e-01   2.3477819e-01  -2.4783948e-01  -1.3327730e-01  -7.5808364e-02  -2.2371414e-01  -1.6689543e-01  -5.6349445e-02  -3.5214220e-02  -8.7862555e-02  -1.4532812e-01   7.8057875e-02   3.5909717e-01  -1.2855695e-01  -1.8301426e-01   1.1064873e-01  -7.7798694e-02   1.4167236e-01   1.5714524e-01   4.8042085e-01  -8.7196030e-02  -3.6792618e-03  -6.3635195e-02   1.1308688e-01   2.5382143e-01  -2.1201128e-01   2.5689244e-01   2.4825285e-01   2.1797099e-02  -2.0860855e-03  -3.4732134e-02  -2.5985455e-01   2.8503065e-01   3.8324654e-02   2.3864196e-01  -2.4962976e-01  -7.0014529e-02   7.3713360e-02   2.7529432e-01   1.4902017e-01   7.6505650e-02   1.3140362e-02  -1.4888962e-01  -2.6443274e-02   1.9562677e-02   1.8481424e-01  -6.8109212e-02   5.6774671e-02   1.5130176e-02   1.8653671e-01   6.2979329e-02   1.3697191e-01  -8.8627285e-02  -1.1058455e-01  -2.7762688e-02   2.3089048e-01  -3.9749355e-01  -1.3697253e-02   3.2154102e-02  -1.7309289e-02  -3.1003039e-02   4.2219279e-02  -1.8162787e-01   9.7881286e-02  -1.7999416e-01   2.6594976e-01   7.3122771e-02   1.6752216e-01  -9.0881133e-02   5.4018796e-02  -1.0501200e-01   2.5937514e-01   1.2469894e-01  -7.1339155e-03  -1.6365925e-01  -1.5484090e-01   2.1243640e-01  -8.3441455e-02   1.1422128e-01   1.9302521e-02  -1.1027483e-01  -6.0391815e-02  -1.2555252e-01   8.9502227e-02  -1.8328812e-01   2.3105928e-01   2.1301846e-01   1.9735929e-02  -7.6332727e-02  -1.6535579e-01  -5.1994845e-02   3.1280264e-01  -1.8045190e-01  -2.9976825e-02  -1.3752776e-01   3.1180130e-01   4.5358049e-02  -2.0780078e-01  -1.3723155e-01   3.3898714e-01  -1.2774458e-01  -6.4746492e-03  -3.0476179e-01   2.0921885e-01  -9.7328128e-02   1.0326100e-02  -1.1138824e-02   2.0000278e-01   1.2254370e-01   2.1857588e-03   2.0095583e-01   2.6648878e-01   6.1097833e-02  -2.5798376e-01   7.5995525e-02   4.9977290e-02   1.8872981e-01  -1.1225349e-01   1.2428591e-02  -1.0514954e-01  -1.2931468e-02  -8.0558283e-02   1.4259080e-01  -6.6843803e-02  -1.4500064e-01  -4.8006592e-02  -2.2149273e-01  -3.8019305e-02   2.5431250e-01   1.1307821e-01   1.4515893e-01   4.4510387e-01  -1.7397734e-01  -1.9986873e-01   1.4771880e-02  -2.7741302e-02   8.9693178e-03   2.3450168e-01  -3.2248081e-02   4.3434288e-01  -1.3142781e-01   4.1635243e-02  -1.2639098e-02   1.6551173e-01   6.8285265e-02  -5.1405671e-02  -4.5015729e-02  -1.1498423e-01  -8.0478674e-02   3.7365421e-02   1.1446609e-01   2.0227380e-01   1.1788974e-01   2.2997120e-01  -8.8753652e-02  -4.8606390e-02  -6.4679528e-02  -1.7626504e-01   3.1797758e-01  -2.2554600e-02  -2.9946477e-02  -1.0529580e-01
   9.4869235e-02   1.8109540e-01   8.7651994e-02   9.5876397e-02   3.8744208e-01  -7.6523478e-02  -2.0216786e-01  -1.5648748e-01  -4.7727428e-02   2.2458413e-01  -2.3142715e-01  -2.4655309e-01   0.0000000e+00  -3.5486126e-02  -1.5457145e-01  -9.9533442e-02   1.4439965e-01   1.8649780e-01  -4.7504706e-02   3.9421951e-01   9.7928690e-02  -2.7160567e-02   4.8502038e-02  -2.4032743e-01   1.3334567e-01  -5.1068403e-02  -7.2930757e-02  -1.8620983e-01  -3.0195118e-01  -1.1792955e-01  -5.9957129e-02  -1.2885356e-01  -5.8540450e-02  -1.7059972e-01  -2.1510706e-01   3.0303664e-01   1.9373182e-01   2.7552563e-02  -1.6502931e-01  -4.7963298e-02   6.5521770e-01  -1.3050374e-01   1.8729298e-01  -2.3395707e-01   3.3895069e-01   4.1284926e-03   1.1047042e-01  -1.7258952e-01   4.5784062e-01   5.0654953e-02   1.4121744e-01  -1.0745634e-01  -7.0805535e-02  -3.3000527e-02  -2.9910746e-02  -2.2204126e-01  -2.3719864e-01  -1.3321993e-01   1.5000004e-01  -2.5386682e-01  -8.5363558e-02   5.6356389e-01   3.2993936e-01  -1.4724628e-01   3.6093856e-01   1.3994869e-02  -1.4675871e-01   2.1430307e-01   1.1284356e-01  -1.0799347e-01   6.9827740e-02   2.2601034e-01   7.7511155e-02  -2.4308627e-03   2.1582961e-01  -3.0468059e-01  -1.0101045e-01  -1.6622747e-01   3.9614270e-01   1.5729109e-01  -1.4202692e-01   1.0613219e-01  -7.8946269e-02  -3.4910666e-02   3.9854354e-02  -2.9879846e-01  -1.5298568e-01  -1.1908087e-01   2.1317330e-01   6.3684039e-02   1.3170432e-01  -1.4223782e-01  -1.7755540e-01  -1.0921981e-01   3.5307680e-02   2.7825148e-01   3.9897701e-01  -9.2809055e-02   3.9809069e-01   2.2011258e-01   1.7901217e-02  -3.9521297e-01   2.0597401e-02   3.6380684e-02   1.4574538e-01  -5.1875169e-02   4.3161665e-02  -1.4535668e-01   4.7046823e-01  -5.9981933e-02  -1.8960766e-01  -3.0024682e-01   3.7052760e-01   6.7998461e-02  -1.0538438e-01   1.3147156e-01  -2.3016166e-01   3.5564845e-01  -2.2486285e-01   4.7153807e-02  -2.1668633e-01   4.2170425e-01   3.9079948e-01   4.0781928e-01   9.6929851e-02  -5.2942501e-02   2.9761022e-01  -1.0354077e-01  -2.4440317e-02  -1.4311054e-01   8.1276874e-02  -7.3959346e-02   9.2557888e-02   8.5251177e-02   2.7252379e-01  -2.6628388e-01  -3.1244734e-02  -3.1081463e-01  -3.1895209e-01   1.8678461e-01  -9.8194184e-02   2.6892167e-01  -3.2542591e-01  -1.7360968e-01   4.1041551e-02  -2.6514373e-01  -2.1958322e-02   6.5981251e-02   9.1571339e-02   2.5878397e-01   2.8583159e-02  -5.7372598e-02  -2.7130464e-01  -7.8938598e-02  -7.5026709e-02   5.9092618e-02  -8.8033589e-02   1.9203434e-01  -2.1236031e-01  -1.1915129e-01   3.2242844e-01  -2.9184140e-01   5.7536845e-02  -1.0720228e-02  -2.2221809e-01   2.0051729e-02  -1.5437170e-01  -2.1779875e-01  -2.2509071e-01  -6.3030708e-02   1.6063833e-01   2.0794121e-02   1.7997215e-01  -2.2985286e-01  -1.5358650e-02  -5.8456145e-03  -1.5315745e-01
  -1.4151287e-02  -7.9974109e-03  -2.1041465e-01  -1.4276854e-01  -2.4854318e-01   7.3536144e-02   1.3870205e-01  -4.4389119e-01  -1.8521999e-01   1.2103390e-01   1.4260507e-01   2.6063787e-01  -3.5486126e-02   0.0000000e+00   4.8624173e-01   2.9426229e-01  -6.6615941e-02  -5.4219881e-02  -2.6280345e-01  -2.3358775e-01   7.5030524e-02  -2.2886308e-01   4.0714490e-02   1.3458409e-01  -1.6990874e-01  -4.3070058e-01  -3.8056517e-01   4.0943254e-01  -1.6697240e-01  -2.6803998e-01   4.5741274e-01  -1.1254091e-01   1.3778250e-01   3.8427824e-01   3.0438551e-01  -1.9678661e-01  -2.8910999e-02   2.7200382e-01   1.8313002e-01  -1.7467936e-01  -5.3689478e-02  -5.2235310e-03  -1.3495118e-01   2.3351396e-01  -3.5413943e-02   1.8502085e-01  -1.7771825e-01   2.5617265e-01   1.1961382e-02  -1.1384404e-01   1.1964304e-02  -3.5159754e-01   4.5089089e-01   2.3597064e-03   2.3770944e-01   2.2993208e-01  -2.0636288e-01  -3.4666534e-01   4.6607308e-03  -7.7520716e-02   3.4828615e-01   3.9246046e-02  -2.9471918e-01  -1.0406984e-01  -1.3106128e-02   2.6046981e-01  -1.1202941e-01  -1.1735332e-01  -1.3858392e-01   1.6196225e-01  -2.3353344e-01  -4.4707171e-02  -1.7029194e-02   1.4139400e-01  -3.2568722e-02  -2.4407108e-01   2.6705555e-01  -1.6899825e-01  -2.4525794e-01  -2.2570903e-02   3.6317375e-01  -4.3001258e-02   2.3837197e-02  -3.3380551e-01   2.3838988e-01  -1.7432891e-01   1.9781069e-01   3.7592048e-01  -1.4087627e-01   5.3596008e-02  -3.3559917e-01   2.6880581e-01   1.3520246e-02  -1.8096838e-01   3.5824763e-01  -3.6214527e-01  -4.9967571e-02  -2.1272022e-01   1.5227333e-01   1.5737534e-02   4.6248884e-01   3.2746677e-01   2.5525542e-01  -4.2119485e-01  -3.1891364e-02  -1.8431751e-01   1.9599480e-02  -4.4026252e-01  -1.3594946e-01   8.2361888e-02   1.8028088e-01   1.3809451e-01  -1.7216779e-01   1.9436312e-02   4.8396849e-01  -1.8383977e-01   7.1422687e-02  -1.1173689e-01   6.8706858e-01  -3.3511026e-02   1.6249953e-01  -2.1293660e-01  -7.7873275e-02  -1.7214039e-01   2.1304645e-01   3.4949699e-01  -7.1886859e-02  -3.0739692e-01  -2.5554514e-01   1.6267721e-01  -2.5038150e-02  -1.8659537e-02  -2.1410045e-01   4.7778720e-01  -2.0763782e-01  -2.1788785e-01  -2.1194664e-01   7.3329881e-02  -1.0244401e-01   7.5564295e-02  -1.7628597e-02  -1.4709754e-01  -2.7705340e-02   4.9806197e-01   4.5496720e-01   3.6459175e-01   1.1744346e-01   6.6030042e-02   1.7044620e-01   1.3702565e-01   2.8241676e-01   4.0071196e-01   1.0234989e-01  -4.2733993e-02  -7.1383014e-02   1.6878540e-01   1.3663601e-01  -1.0172436e-01   2.9855825e-01   2.7487761e-01  -1.2095152e-01  -8.2851782e-04  -6.7116043e-02  -1.2214403e-01  -2.6562069e-01  -1.5497455e-01   1.4853536e-01   3.7303127e-01   2.7987404e-01  -1.4122105e-01  -1.1688530e-01   2.1417173e-01  -2.4048904e-01   2.4534657e-01   4.8238664e-03  -2.1901002e-01  -2.9361655e-01
