   0.0000000e+00   4.7235980e-01  -1.9545615e-01   3.8963947e-01   5.0250588e-02  -1.3690493e-01  -3.9989813e-01   5.1612198e-02   1.7685192e-01  -4.0179216e-01   2.5322077e-01  -1.4875470e-01  -7.7844396e-02   3.7767694e-01  -1.5711069e-01  -3.0354231e-01  -7.9314859e-02   1.9725119e-01  -1.4288197e-02  -3.6996001e-01   5.6026441e-02   4.0907345e-01  -2.5083962e-01   7.6479200e-01   1.9218370e-01   2.8872581e-02  -3.7472681e-01  -5.3970319e-02   2.3071814e-01   3.6510487e-01   1.9204551e-02   2.0198638e-01  -7.0397548e-02  -5.5304727e-01  -2.6005228e-02  -4.5753256e-01  -2.7442659e-01   1.4005936e-01  -2.1074740e-01  -4.8322279e-01  -1.4074015e-02   8.9983580e-02  -4.5394809e-02   1.9731178e-01  -2.2739143e-01   4.8424094e-01  -1.2820177e-01  -2.6839095e-01  -1.5895812e-01  -4.0117087e-01   7.8111618e-02   2.1328403e-01  -3.4896312e-01  -1.7175304e-01   2.1896251e-01   1.1738636e-01  -1.5309646e-01   4.8331848e-01   7.8949351e-02   5.0990513e-01   2.6751587e-01  -4.3810958e-01   3.5796062e-01   4.7737394e-01   1.3003997e-01  -3.6833736e-01  -2.3379952e-01   1.6860236e-01   3.0155863e-02   2.3198436e-01  -4.0471499e-01   2.7572586e-01   2.6045222e-02   7.1495693e-01  -1.2553607e-01   1.6234577e-01   3.0626327e-01   8.5062610e-02   6.5085395e-03   1.2358566e-01  -3.2331016e-01  -2.5039114e-01  -4.1598087e-01   2.2048058e-01   6.0907618e-01   1.4905897e-01   9.5814105e-02   2.5549891e-01   1.4020768e-01   8.3117630e-01  -5.1055783e-01   1.8641359e-01  -4.0923586e-01   3.5943585e-01   3.2109787e-01  -1.4712435e-01  -8.5553058e-02   7.5669999e-02  -1.5538170e-01  -3.4020601e-01  -2.0224229e-01   3.7705657e-01   5.6826034e-02   4.7896861e-01   8.6171495e-02   3.3558188e-01  -3.1473915e-01   5.3949294e-02  -2.8035587e-01  -2.1161872e-01  -4.5104123e-01   3.4878019e-01   3.6111881e-01   7.0757034e-01  -1.1097918e-01  -2.3468978e-01   2.8424473e-02  -2.0618957e-01  -6.9507727e-02   1.7444304e-01   6.6199227e-01  -1.5997694e-01  -1.5168795e-02   1.6188784e-01   5.2958594e-01   4.1118448e-01  -1.6828015e-01  -9.8739119e-02   4.7377516e-01   1.8937294e-01  -2.1073434e-01  -1.8818751e-01   6.9404941e-01  -3.6735258e-01   3.9428741e-01   4.3899009e-02  -1.6806378e-01  -3.8016336e-01   2.4261310e-01   6.1496127e-01   7.7712656e-01  -7.9615444e-03   8.4397899e-02  -7.9365789e-02  -1.1963183e-01   2.1427486e-01  -4.5598877e-01  -5.5750310e-02  -2.6477134e-01  -3.2023228e-01   6.3392877e-01  -2.9577523e-01   3.9993409e-01   3.0690896e-01  -3.7747528e-01   7.0889852e-01   5.9355765e-01   3.8242189e-02   1.4669455e-01  -5.3058756e-02   1.8931665e-01   7.1995112e-02  -2.8175768e-01   2.8690788e-02   2.8797424e-01  -5.0628170e-01  -2.1897964e-01   3.0545907e-01   4.4712918e-01  -2.7741434e-01  -4.3708122e-01  -1.0882269e-01   2.3297184e-01  -2.1645811e-01   6.2488018e-02  -2.4755634e-02   4.8698834e-01
   4.7235980e-01   0.0000000e+00  -2.1535448e-01   3.3374067e-01   4.8743915e-01  -4.1641183e-02  -1.5588582e-01   5.1111891e-02   4.9834488e-01  -3.3549531e-01   1.3178284e-01   2.4139355e-01  -2.6136003e-01   5.5515144e-02  -5.1016086e-01  -3.1564856e-01  -1.5193253e-01   2.3328941e-01   1.9872900e-02  -7.3770970e-02   8.5141567e-02   3.3281490e-01  -4.4301213e-01   2.5176547e-01   1.6886282e-01   4.1913063e-02  -1.3128640e-01  -3.5839803e-01   1.6468044e-02   5.9168371e-01  -1.0706771e-01   2.0812061e-01  -9.3897450e-02  -5.1673785e-01   3.2739717e-01  -2.5872740e-01   1.2643160e-01   1.7497953e-01  -1.3122633e-01  -4.2781362e-01  -5.2107509e-02  -5.7142425e-02   2.6308567e-01  -1.8021843e-03   1.8324591e-01   1.6540520e-01  -1.0250513e-01   2.8295692e-01  -1.2845461e-01  -3.6753979e-01  -2.0005323e-02   5.6857297e-02  -5.5638746e-03  -4.0769804e-01  -7.6975384e-02  -1.1653587e-01   8.5087498e-02   2.9722444e-01   9.1104146e-02   4.9999663e-01  -7.8112127e-03  -5.0290246e-01   5.8512106e-01   4.3423573e-01   5.1385300e-01  -1.8046964e-01  -1.6800827e-01   2.6147640e-01   1.1771032e-01  -1.2051535e-01  -6.7470625e-02   3.6577660e-01   1.2168417e-01   2.8111272e-01  -1.8054780e-01   5.6130318e-02  -1.4805708e-02   4.7613305e-02   5.8085915e-01   1.9292473e-02  -4.9189248e-01  -2.7571726e-01  -4.0426099e-01   1.3178883e-01   2.0532256e-01   3.5323584e-02   4.3072464e-01  -1.4687523e-01   4.2020379e-01   4.9790299e-01  -2.9640398e-01   3.1929894e-03  -2.5526406e-01   5.5585367e-01   2.2690996e-01   2.1090235e-02  -1.2664449e-01   8.3552418e-02   7.9279944e-02  -3.4283951e-01  -4.6393079e-01   1.4400793e-01  -1.2400254e-01   4.8868299e-01   1.8255255e-01   4.5927115e-01  -3.0549809e-01   1.0071855e-01  -5.3379603e-01   2.0548831e-01  -4.9731885e-01   3.6910212e-01   3.2009526e-01   4.7238611e-01  -4.8664974e-01   1.5751329e-01   6.3335868e-02  -2.6264113e-01  -3.9978057e-01   1.3431866e-01   2.9493947e-01   2.9106176e-01   5.5413616e-03   5.5852958e-01   1.8147748e-01   7.4927520e-02   6.8321107e-02  -2.6289955e-01   4.4042647e-01  -5.7012188e-02  -2.9022807e-01   1.4384959e-01   2.3669693e-01  -4.4209103e-01   3.3120266e-01  -6.3449810e-02  -1.5400487e-01  -4.6797932e-01   1.3284549e-01   3.6673475e-01   3.0015498e-01  -3.0125919e-02   5.9051450e-03  -3.6950942e-01  -4.1803006e-01  -9.1560926e-03  -2.6153182e-01   1.6289744e-01  -1.9505777e-01  -1.6329536e-01   2.7359316e-01  -2.7477378e-01   1.1978078e-01   4.8490222e-01  -6.7148576e-02   4.2805766e-01   2.5493835e-01   1.1673186e-04  -8.5156962e-03  -2.8946806e-01   1.3704221e-01  -1.0311070e-01   4.2845567e-02   2.6599606e-01   3.3944562e-01  -2.2286713e-01   8.4737713e-02  -2.0334975e-02   4.7921106e-02   3.9899734e-02  -9.0505322e-02  -2.2824317e-01   5.9197035e-01  -9.3364351e-02   3.2810852e-01  -1.2255684e-01   3.5554575e-01
  -1.9545615e-01  -2.1535448e-01   0.0000000e+00  -3.3368102e-01  -1.0521544e-01   3.5782665e-01   2.6617210e-01   4.0776192e-02  -3.3423633e-01   3.6329961e-01  -2.4687540e-01   4.9677502e-01   1.1244100e-01  -2.4639238e-01  -4.9830115e-02  -6.3363445e-02   7.8751382e-01  -1.4949041e-01  -4.1044444e-02   3.1920361e-01  -3.5785764e-01  -2.3483973e-01  -1.1582490e-01  -1.2203188e-01   4.3555187e-02   4.6402990e-02   3.3072022e-01  -1.3567756e-01  -1.1493940e-01  -3.0004965e-01  -3.0263256e-02   2.1902441e-02   1.1020940e-01   1.8414246e-01  -2.9457794e-01   3.0283770e-01  -2.8389669e-02  -1.2163542e-01   2.1718652e-01   5.1270966e-01   1.1080676e-01   7.2554879e-02   2.0662652e-01  -1.5094929e-02  -1.8792463e-01  -9.1718131e-02   3.4464239e-02   1.9157165e-01  -4.8968424e-02   6.1294397e-01   8.1104099e-03   4.9632713e-03   2.4831725e-01   4.9386836e-01   7.7497955e-02  -4.2825134e-02   6.7618859e-02  -1.4462195e-01  -6.4371239e-02  -3.7361003e-01   7.2444369e-02   5.5246418e-02  -1.6077221e-01  -3.1716334e-01  -3.6681004e-01   2.0352279e-01   5.4146704e-01  -3.2685314e-01  -1.5245345e-01   2.3809001e-01   3.2270102e-01  -4.2302303e-01   1.6341574e-01  -1.4588532e-01   4.4864707e-01  -4.9468285e-02   2.0497458e-02  -1.4504901e-02  -2.7198573e-01   3.2667669e-02  -5.3950018e-03   2.7010000e-01   3.4440822e-01  -3.8154572e-02  -1.5886365e-02  -1.2549070e-01  -3.1960291e-01  -2.0953289e-01   2.3439359e-01  -2.2786349e-01   4.9856276e-01   2.8479819e-01   4.6682541e-01  -4.8028986e-01  -1.7696485e-01   3.5561887e-01  -2.6055235e-01  -3.8790552e-02  -5.7306356e-02  -1.8267013e-02   3.5598551e-01  -3.8181233e-01  -1.3990555e-03  -3.1225929e-01  -2.4193957e-01  -9.5063921e-02   6.6847222e-01   3.6699451e-03   1.8601763e-01   3.3126933e-01   3.7768097e-01  -2.1932392e-01  -3.7314695e-01  -3.7074572e-01   1.9978166e-01   1.9523786e-02  -2.9267340e-01   1.0447135e-01   6.7569850e-02  -2.3107854e-01  -1.2789899e-01  -1.5198426e-02   1.1668737e-01  -3.1053562e-01  -2.1904050e-01  -3.1407687e-01  -2.0901231e-01   2.6181022e-01  -2.4269276e-01   2.7372788e-01   1.5000595e-01  -2.3534755e-01  -2.3914776e-01   5.2989375e-02  -2.8115217e-01  -4.3082495e-02  -2.8150720e-02   1.0493871e-01  -1.7094195e-01  -2.5458127e-01  -1.4088225e-01   1.9015580e-01  -2.0078947e-01   1.9512953e-01  -2.3399087e-01  -2.7193803e-01   4.3935460e-01   8.9946986e-02   2.1436768e-01  -1.1935859e-01  -1.4105386e-02   1.9604533e-01  -1.0327148e-02  -1.0637581e-01   5.8650713e-01  -2.4436788e-01  -1.5090981e-01  -5.8029169e-03   2.7420616e-01  -1.0076850e-01  -3.6604040e-01  -4.2372241e-02   2.3673290e-01  -2.9349900e-01  -9.0244862e-03   1.2130003e-01   1.1332142e-01  -6.5362051e-02   8.8025463e-02   3.7169885e-01   6.9875962e-02   1.4443768e-02  -3.4823882e-01   4.5690094e-01  -4.1291223e-02   9.2336534e-02  -1.0490897e-01
   3.8963947e-01   3.3374067e-01  -3.3368102e-01   0.0000000e+00   1.4570599e-01   1.8914308e-01  -1.8039309e-01   6.4715830e-02   3.1803946e-01  -2.4476477e-01   3.4774657e-01  -1.0343700e-01   8.7478997e-02  -5.1188093e-02  -1.6831955e-01  -2.7853017e-02  -1.8571667e-01   3.4326261e-01   4.8667567e-02  -1.1345587e-01   1.4928684e-01   5.9144276e-01   1.4779403e-01   1.8635804e-01  -5.9164220e-03  -4.6873637e-02  -3.2419820e-01  -8.7360471e-02  -3.6858749e-02   4.5148113e-01  -1.1635889e-01   3.0977519e-01  -4.6191589e-03  -3.4471582e-01   1.1733129e-01  -2.1840862e-01  -2.9291509e-01   1.4859014e-01  -2.6054569e-01  -3.3804880e-01  -1.4604818e-01   8.4574319e-02   1.4063524e-03   3.7699234e-02   1.3724049e-01   3.5790745e-01   5.2396355e-03  -2.8035707e-01  -1.7045556e-01  -3.7531620e-01   1.9959020e-01   6.4896863e-02  -4.9386557e-01  -1.7567195e-01  -1.3990398e-01  -1.2467403e-02   1.2725138e-01   5.8910854e-01   2.5634597e-01   5.8908283e-01   2.6673930e-01  -7.6668277e-02   3.7902247e-01   2.4048266e-01   1.0069456e-01   1.0195326e-01  -1.4177251e-01   3.0766501e-01   3.0067374e-01   7.6369431e-03  -5.3948836e-01   6.4136944e-01  -1.9362180e-01   3.4426776e-01  -2.3341998e-01   2.0927055e-01   2.4642494e-01   4.3597447e-02   8.2830804e-02   1.8137612e-01  -3.2204920e-01  -1.3667455e-01  -5.7058488e-01   9.1402840e-02   2.4865936e-01   1.9396047e-01  -3.7465304e-02   1.2886841e-01  -3.6773396e-02   3.7273667e-01  -4.1307344e-01   1.4421110e-01  -3.4519297e-01   5.1807521e-01   3.6200843e-01   6.5504665e-02   3.8420701e-01   4.2779013e-02   2.8652655e-01  -2.3533272e-01  -4.3913183e-01   3.1406278e-01   1.6685862e-01   4.8650282e-01   3.9560857e-01   5.9487636e-01  -4.3878885e-01   2.5215151e-01   1.8929760e-02  -1.7770900e-01  -4.6599443e-01   5.6431171e-01   6.7319164e-01   2.9735892e-01  -3.5566963e-01  -3.5466517e-01   2.2584814e-02  -1.7350474e-01  -2.7211615e-01   5.6254649e-01   2.9608160e-01   1.7683943e-01  -8.9815562e-02  -3.2389437e-02   3.5564598e-01   4.2966772e-01   1.4184049e-01  -2.0398796e-01   6.3801937e-01   4.3999153e-02  -2.5902171e-01  -1.3524064e-01   4.4349242e-01  -3.8754578e-01   5.3052151e-01   9.5532039e-02   1.1236442e-01  -4.4152151e-01   2.8504554e-01   3.3816808e-01   3.4086753e-01  -1.1012828e-01   2.8802516e-01  -2.2031792e-01   1.5670204e-03   2.9243857e-01  -4.6549937e-01   2.3102706e-01   1.2383082e-01  -3.5173389e-01   1.6050560e-01  -1.9024337e-01   1.1998574e-01   7.7408211e-02  -3.8529476e-01   3.1216085e-01   3.2394543e-01   1.7894638e-01   1.6225567e-01   3.9388181e-02   3.3626107e-01   2.3066660e-01  -1.4665346e-01   3.9105376e-01   4.0056059e-01  -3.6017971e-01  -1.5288712e-01   1.9950079e-01   3.8333711e-02  -4.1508507e-01  -2.2391807e-01   2.5722035e-03   4.2307046e-01  -1.1667241e-01   2.7142877e-01  -1.7487215e-01   7.3856125e-01
   5.0250588e-02   4.8743915e-01  -1.0521544e-01   1.4570599e-01   0.0000000e+00  -8.4253959e-03   7.8879941e-02   2.5381446e-02   3.5485662e-01   2.2918519e-02   2.0677015e-03   3.8163055e-01   2.9438374e-02  -2.1207854e-01  -4.5448600e-01  -2.0304214e-01  -3.6028709e-02   1.9743893e-01  -1.7499192e-01   5.3399379e-01   1.3491343e-01   4.0824685e-02  -2.7786950e-01  -1.1056673e-01   7.9836586e-02  -1.0683623e-01   1.5219288e-01  -4.7993707e-01  -1.6505010e-01   4.0079932e-01  -1.8753391e-01  -5.7006729e-02  -1.7459618e-01  -3.0791102e-01   1.6517119e-01   4.0007605e-01   1.6165724e-01   1.1002219e-01  -4.6545042e-02  -1.3878386e-01   9.2635583e-02  -2.6692573e-01   2.9580550e-01  -1.1440381e-01   4.2766437e-01  -8.4512130e-02   2.1437290e-01   4.0565615e-01  -2.9923604e-02  -2.9161143e-02   7.4584916e-02  -1.5595677e-01   1.3583499e-01  -3.8685580e-01  -2.1215604e-01  -2.0024414e-01  -4.2200233e-02   9.3251909e-02   1.2469027e-02   2.2458721e-01  -1.0758735e-01  -1.8793388e-01   4.3097252e-01   1.7109657e-01   4.6711817e-01   1.5885238e-01  -4.2776713e-03   2.4218229e-01   1.1817601e-01  -2.3198772e-01   1.3543084e-02   3.1413540e-01   9.0624047e-02  -1.6553526e-01  -4.8352940e-02  -1.0136591e-01  -1.3111325e-01  -3.6007771e-02   7.5407612e-01   1.4376985e-01  -4.4064644e-01  -1.6816127e-01  -2.0880935e-01  -4.1555581e-02  -2.1862650e-01  -1.8358796e-01   9.2028184e-02  -3.3470590e-01   4.1585662e-01  -3.7814696e-04   1.7584956e-01  -1.4351416e-01   3.2101722e-02   3.5196334e-01   1.5630536e-01   4.6714528e-01  -3.0660481e-02  -7.5178200e-02   4.8802185e-01  -2.8969129e-01  -4.9889866e-01  -9.1235434e-02  -3.0665930e-02   1.5027125e-01   2.2864826e-02   1.4051666e-01  -2.1444730e-01  -8.4013264e-02  -3.0339518e-01   5.0938722e-01  -2.3760942e-01   1.7754077e-01   1.7702897e-01   1.0076949e-01  -4.7325224e-01   3.4617547e-01  -1.2220749e-01   2.9151716e-03  -4.9991242e-01   1.0228933e-01  -1.9872145e-01   6.3408762e-01   3.7700151e-01   3.9572580e-01  -1.2778087e-01  -3.3729248e-01   1.9634007e-01  -8.9767121e-02   1.0999411e-02  -1.8011651e-01  -2.4536380e-01   4.7246022e-01  -2.4509090e-01  -4.0782866e-01   1.0131243e-01  -1.1615975e-01  -1.7654554e-01  -4.1257789e-01  -1.3570249e-01   1.4006308e-01  -3.7402610e-02   9.0283398e-02  -1.6918230e-01  -3.9907219e-01  -3.5088265e-01  -1.5064207e-01  -4.0255391e-02   5.4402313e-01   2.3112815e-01  -2.3378292e-01  -1.3504584e-01  -1.9916453e-01  -2.7304919e-01   3.7447334e-01   2.8640978e-01   1.0087783e-01  -2.3604348e-01   5.0433776e-02  -1.4712289e-01  -2.7148868e-01   8.9084876e-02  -1.3474516e-01   3.9952584e-01   9.2647394e-02   1.2291879e-01   3.1757909e-02   4.3072209e-01  -2.1029566e-01  -3.8218364e-01   2.5811683e-01   2.4609521e-01  -2.0474384e-01   4.9378629e-01   5.3642024e-02   1.5322164e-01  -2.0029000e-01   1.4268094e-01
  -1.3690493e-01  -4.1641183e-02   3.5782665e-01   1.8914308e-01  -8.4253959e-03   0.0000000e+00   5.2990678e-01   3.2112274e-01  -2.1215348e-01   2.6993834e-01   1.1508546e-01   4.6153498e-01  -1.4625802e-01  -2.5143741e-01  -1.0537437e-01   1.5688611e-01   1.9545092e-01   2.3324475e-01   1.3045860e-01   3.7687094e-01   9.8985262e-02   1.4085016e-01   3.0736656e-01  -1.5370575e-01   1.0880948e-01   4.6508726e-01   4.4938789e-01  -8.8048229e-02  -1.3116348e-01   1.0065195e-01  -1.1987471e-01   3.6378430e-01  -3.5061879e-02   2.4433344e-01  -4.3478768e-03   3.2130036e-01  -1.6548117e-01  -1.3500136e-01   2.3040539e-01   4.1977807e-01  -7.4960289e-02  -9.3785766e-02   3.0609557e-01   1.1062819e-01  -2.9889794e-02  -1.8774013e-01   2.4958199e-01   1.7215211e-01   3.0401940e-02   3.9840813e-01   3.4572303e-01   3.1819266e-01  -4.2984492e-02   6.6746007e-02  -2.2887060e-01   1.6296006e-01   3.0804900e-01   2.5024297e-01   3.4063496e-01   1.9243324e-01  -9.5032868e-02   1.7416649e-02  -1.9008782e-01  -2.5883387e-01  -2.4061936e-01   6.8484350e-01   8.4647415e-01  -2.2120826e-01   3.6841711e-01  -8.1714826e-02   8.0397272e-03   8.2572373e-02  -1.2480122e-01  -1.6574583e-01  -5.7448758e-02   1.2269445e-01  -1.0154524e-01   3.7061527e-01  -1.2004908e-01   8.1095227e-04  -4.8775938e-02  -2.1076821e-01   1.6460191e-01   2.8353646e-01   9.0286508e-02   9.1829955e-02  -3.5698557e-01  -3.2593681e-01   4.5224619e-02  -1.6686272e-01   2.4454244e-01   2.1341746e-01   3.8061497e-01  -1.9228880e-02  -2.9481987e-01   3.4455130e-01  -8.1262066e-02   3.9360658e-01   1.5988836e-01  -1.5739122e-01   1.3420093e-02  -9.4369951e-02   3.4800778e-01  -1.1658054e-01   2.6072626e-01   2.4294264e-01   1.5436514e-01   5.1120585e-01   1.7256513e-01   3.6567830e-01   2.1180368e-01   2.2364123e-01  -2.4341605e-02  -2.1551297e-01  -1.1245074e-01  -1.5673903e-01  -2.0373064e-02   3.3457347e-02  -1.5558910e-01   2.2165108e-01  -1.4377053e-01   1.5182666e-01   1.8444186e-01  -2.8873451e-01  -1.2129593e-01  -7.8942215e-02   7.1030628e-02  -2.4658178e-01   3.3208329e-02  -2.2091008e-01  -2.5624480e-01  -1.2598127e-01  -9.8253778e-02  -1.9142028e-01   4.3717790e-02   2.2196257e-01  -1.7904318e-01  -9.7390853e-02   2.6748958e-01  -1.6323345e-01  -1.0844183e-01  -1.5775843e-01   2.0830470e-01   9.7543986e-02  -1.0621394e-01  -6.9839713e-02   2.1285155e-01   4.1631518e-01   5.4713228e-01  -2.5003202e-01  -8.4659045e-02   2.7688539e-01  -1.6132268e-02  -3.2403775e-02   2.4699997e-01  -1.0495422e-01  -2.2412630e-01   2.3596039e-01   6.5400889e-02   2.7469642e-01  -3.3378244e-01   3.9170704e-01   2.6796909e-01   1.5386624e-01   3.0524481e-01   7.5984757e-02   2.1350440e-01   1.0683336e-01  -5.1956374e-02   1.4318517e-01   7.9883211e-02  -2.7651867e-01  -1.1729050e-01   7.0603797e-01   1.3076757e-01  -3.9772902e-02   3.1603969e-01
  -3.9989813e-01  -1.5588582e-01   2.6617210e-01  -1.8039309e-01   7.8879941e-02   5.2990678e-01   0.0000000e+00   2.0156449e-01  -2.7423726e-01   4.8399924e-01  -2.9447081e-01   5.9992259e-01  -2.1397190e-01  -4.3323263e-01  -1.1256677e-01   1.6876187e-01  -2.1718585e-02  -6.9860210e-02   1.6619205e-02   4.9325452e-01   6.7800826e-02  -2.8051159e-01   3.1789656e-01  -4.6146213e-01   9.0896476e-02   1.8828297e-01   5.3704000e-01  -1.8671850e-01  -2.7477443e-01  -1.2000455e-01  -3.6818525e-01  -7.9242929e-02  -1.2689875e-01   5.9224905e-01   2.3330875e-01   5.5177488e-01   3.5652577e-01  -1.5859931e-01   2.1769515e-01   4.9270579e-01  -1.3179910e-02  -1.8135336e-01   3.9655944e-01  -1.1824460e-01   4.4797408e-01  -4.9707566e-01   1.1997652e-02   5.1989151e-01   8.5866731e-02   3.9887943e-01   1.1260225e-01  -2.7020212e-02   4.3228944e-01   1.7612877e-01  -3.4739612e-01   3.1697521e-03   5.5901041e-02  -2.9266372e-01   2.1311107e-01  -9.1806249e-02  -4.4139826e-01   1.7092547e-01  -2.5275374e-01  -5.1355935e-01  -3.9684868e-02   7.5178168e-01   5.1211160e-01  -7.2305326e-02  -8.8166383e-02  -3.2067322e-01   3.9672036e-01   3.7332477e-02  -3.0653893e-02  -5.7151604e-01   1.6688805e-02  -1.6137357e-01  -4.7984781e-01   8.6702842e-02   1.5582635e-01  -7.0257049e-02   1.9448736e-01  -3.6243444e-02   3.9213408e-01   5.1492481e-02  -3.7969512e-01  -2.6467252e-01  -1.3117701e-01  -2.3270904e-01  -1.6068012e-01  -4.5426962e-01   3.6698467e-01  -2.9822979e-01   7.3409139e-01  -6.0984976e-02  -3.2224869e-01   2.2085344e-01   2.2037736e-02   1.5377853e-01   3.0509376e-01   3.0974029e-01  -8.6076207e-03  -2.2347878e-01  -1.5823102e-02  -3.6343135e-01   1.5281336e-01  -1.8206100e-01   7.6202508e-02   8.9148638e-02   2.4287774e-01   4.9089878e-01   6.1026129e-01  -1.0981731e-01  -2.4746396e-01  -3.6191821e-01  -3.7864969e-02   2.2871757e-01  -1.3316319e-01   2.6173120e-01  -3.2876660e-01   8.3239266e-02  -5.4535254e-01   2.6186819e-01   3.4932670e-01  -3.3027807e-02  -4.8010404e-01  -3.0891150e-01   3.2938125e-01  -2.5017640e-01  -3.9318693e-01  -4.2059193e-01  -1.6952681e-01   3.7102061e-01  -4.5390039e-01  -7.7236217e-04  -2.9616643e-01  -9.6369333e-02  -4.0800115e-02  -2.4948959e-02  -1.4728187e-01  -2.8820034e-01  -2.5115697e-01  -2.6464952e-01  -1.6641775e-01  -1.8139120e-01  -5.4109320e-02  -3.7161105e-01   6.7921204e-01   2.2912411e-01   5.3814181e-01   1.8637933e-01  -4.3223320e-01   1.0231436e-01  -3.3116028e-01  -1.5288865e-01   4.1829277e-01  -3.6656788e-01  -4.4943292e-01   2.3957814e-01  -3.6986582e-01  -4.5845114e-03  -6.9296278e-02  -5.2877403e-02   3.0669114e-01  -2.8700534e-02  -6.2332444e-02   6.1310955e-01   5.1422666e-01  -3.2755815e-01  -1.8916303e-01   3.8883611e-01   5.5953418e-01  -2.8894672e-01  -2.2962008e-01   2.9377007e-01  -9.7749465e-02   1.8785040e-02  -1.6076219e-01
   5.1612198e-02   5.1111891e-02   4.0776192e-02   6.4715830e-02   2.5381446e-02   3.2112274e-01   2.0156449e-01   0.0000000e+00   1.5489549e-01   1.8184842e-01   7.6341204e-02   3.4208478e-01  -3.4973255e-01  -1.9821198e-01  -1.2099235e-01  -9.5904715e-02  -1.2078947e-01   1.0570553e-01   3.1312693e-01   1.7970730e-01   7.1386114e-02   7.7981326e-02  -2.7699149e-02  -1.3176177e-01   2.5477039e-01   5.6455378e-01   2.2508151e-01  -8.4395083e-02  -5.8547680e-02   9.9385636e-02  -2.9428874e-02   3.2331932e-01   1.6640357e-02   1.3820408e-01   1.7741317e-01   3.3874747e-02   3.2881130e-02  -3.2516614e-01  -9.9296367e-02   1.7957775e-01  -7.5540128e-02  -2.5648603e-02   2.1991365e-01   5.3258131e-01  -3.5561891e-02  -2.4707266e-01  -1.6159432e-01   2.0559184e-01  -9.3889556e-02   1.7174642e-01   5.7612182e-02   6.6951812e-01   1.5873139e-01   1.1851689e-01  -1.0798140e-01   1.0747050e-01   3.7455490e-01   2.4494594e-01   3.1198552e-01   2.5751856e-01  -2.8245061e-01  -1.1531098e-01   1.2764093e-01   1.7537203e-01   1.7028762e-01   2.1309692e-01   2.4829694e-01  -4.2888441e-02   1.7146783e-01  -3.4717604e-01   1.3105228e-01  -1.0162795e-01  -1.3950847e-01  -4.2581785e-02   5.0086748e-02   3.4805321e-01  -1.9188335e-01   4.8990720e-01   1.3866618e-01   4.7592621e-02   1.6789842e-02  -3.4969657e-01   1.0660796e-01   4.0065937e-01  -1.5642781e-01   3.1536598e-01   1.2344192e-01  -1.9243111e-02   5.1212822e-02  -6.1337368e-02   7.9248642e-02  -9.6229105e-02   2.6237280e-01   1.7262378e-01  -2.3527535e-01   1.4074766e-01  -5.9340539e-02   6.1551259e-01   5.1735735e-02  -7.6731551e-02  -3.6573447e-03  -1.1687034e-02   6.0425552e-02   2.5072790e-01   1.7689889e-02   3.7773393e-01  -1.1053405e-01   5.3416634e-01   2.2642924e-02   1.5023377e-01   1.7118318e-01  -4.3312627e-02  -4.1361866e-03  -8.1656271e-02  -8.1460236e-02   1.9578207e-01   2.1775871e-01   4.9269405e-03  -1.7323427e-01   7.8187971e-02  -2.1826415e-01   9.2755954e-02   1.6247740e-01   2.4884933e-01  -1.0859580e-01  -2.1980632e-01  -6.9242492e-02  -6.1881578e-02   1.0036845e-01  -4.6818566e-01  -1.9516619e-01   1.7149560e-02  -1.2977697e-02  -2.1896945e-04   3.2187732e-01   6.0437635e-01  -1.4128560e-01  -5.9280811e-02   4.9868061e-01  -1.2757507e-01   1.6293752e-02  -1.7078644e-01   1.7626625e-01  -2.1874914e-01  -1.6729881e-01   1.2457747e-01   2.1440304e-01   3.5432655e-02   1.5293251e-01  -7.9240907e-02  -4.1936502e-02   2.4131909e-01  -1.2986627e-01   2.3446514e-01   1.2069300e-01  -1.0240320e-01  -1.5864915e-01   7.1980352e-02  -2.7517255e-01   9.7153728e-02  -1.5738984e-01   1.6205108e-01   1.4419298e-01  -1.8997402e-02   3.9712053e-01   6.3744926e-02   2.3454902e-01   1.4107257e-02  -8.7666625e-02   2.6502339e-01   2.3566427e-01  -3.0353187e-01  -6.3958210e-02   8.5595714e-02  -1.6299678e-02   9.2656334e-02   3.2438554e-01
   1.7685192e-01   4.9834488e-01  -3.3423633e-01   3.1803946e-01   3.5485662e-01  -2.1215348e-01  -2.7423726e-01   1.5489549e-01   0.0000000e+00  -1.6622438e-01  -2.0687594e-02  -8.5691180e-02  -1.1909492e-01   8.3766958e-02  -4.3797331e-01  -4.0265318e-01  -2.6189406e-01   2.1167091e-02   1.2777551e-01  -1.6364724e-01  -2.6723909e-02   2.9242801e-01  -3.6436132e-01  -3.6981074e-02   1.5273620e-01  -2.4651507e-02  -1.0923979e-01  -2.8903082e-01   1.9694270e-02   3.4294035e-01  -5.3476370e-03   8.9631568e-02  -5.1620694e-02  -3.3709444e-01   4.0421894e-01  -2.3659857e-01   2.5518405e-01  -8.5411082e-02  -3.2574937e-01  -2.3563100e-01  -2.4427490e-01  -3.4134945e-02   1.3569103e-01   7.0280250e-02   1.5781405e-01  -2.3283933e-02  -3.3099027e-01   2.3513958e-01  -1.2562134e-01  -2.0525219e-01  -1.2703343e-01   1.8242493e-01   8.7548114e-02  -4.3062084e-01  -6.9933307e-02  -2.8141711e-01   1.6218820e-01   4.5546772e-01  -4.6772671e-02   3.3908184e-01  -7.1184628e-02  -4.2164081e-01   6.2626292e-01   5.0390269e-01   4.6004061e-01  -3.0571807e-01  -2.4184450e-01   3.3717082e-01   5.5345203e-02  -3.0196389e-01   1.5805741e-02   1.4426170e-01  -2.1014488e-01   4.0186577e-02  -5.1346616e-03   2.2459948e-01  -7.7784788e-02   9.2811886e-02   4.8746973e-01  -5.0632576e-02  -3.2429900e-01  -2.7869898e-01  -2.9026070e-01   8.6623019e-03  -1.3479995e-01   2.1778831e-01   5.6097919e-01  -2.0878880e-01   2.6289271e-01   1.6996610e-01  -3.6545099e-02  -2.9603241e-02  -2.2891540e-01   6.4489024e-01   7.2262996e-02  -1.0751118e-02  -1.3779190e-02   2.6039851e-01  -9.3437210e-02  -1.7446206e-01  -2.9213724e-01  -1.4795354e-01  -2.2377298e-01   6.4823566e-01  -3.5246652e-04   4.5022461e-01  -4.2597951e-01   3.1737495e-01  -2.7115641e-01   1.7184919e-01  -3.8554366e-01  -1.4612729e-02   4.0874514e-01   5.8621474e-02  -4.1787946e-01   1.8230031e-01   1.4339724e-01  -3.7862256e-01  -2.9968417e-01  -2.9693193e-02   1.3388104e-01   3.1212499e-01  -1.4690845e-01   3.7448253e-01   1.1463222e-01  -1.6581863e-01  -1.4973860e-01  -8.3561865e-02   5.2920584e-01  -1.5730527e-01  -2.3447258e-01   5.9605464e-02   6.4613158e-02  -1.1088043e-01   6.2378957e-01   2.1115039e-01  -1.0658173e-01  -2.2081348e-01   2.5522633e-01   1.9715105e-01  -2.2211820e-03   6.4433869e-02   3.0415829e-02  -4.2060882e-01  -3.7608456e-01   1.2462688e-01  -2.7411203e-01   1.1447880e-01  -1.9826175e-01   8.1033202e-03  -9.1327291e-02  -4.1040628e-02  -1.1660855e-01   3.6694572e-01   1.3947465e-02   1.9904709e-01   1.4569055e-01  -7.6937550e-02  -2.9493137e-02  -2.4689538e-01   1.3440680e-01  -1.1144854e-02   7.4304646e-02   8.8035909e-02   3.0019908e-01  -1.6111368e-01   1.6215948e-02  -2.7064309e-01  -2.4667843e-01   7.5797667e-02  -9.9197002e-02   4.0123005e-02   4.0047758e-01  -1.9682157e-01   1.7142308e-01  -2.1948327e-01   3.4107314e-01
  -4.0179216e-01  -3.3549531e-01   3.6329961e-01  -2.4476477e-01   2.2918519e-02   2.6993834e-01   4.8399924e-01   1.8184842e-01  -1.6622438e-01   0.0000000e+00  -3.6968471e-01   3.0098545e-01  -2.1884659e-02  -3.9148296e-01   6.2021820e-02   9.7917187e-02   2.3201220e-01  -3.2060667e-01   3.8559501e-02   4.4645207e-01  -1.6736523e-01  -3.5050189e-01   1.1618204e-01  -5.0467681e-01  -1.5765207e-01   1.2514430e-01   4.0519418e-01   1.0958472e-01  -1.8945016e-01  -3.6236341e-01   6.9709317e-02  -2.0296107e-01   1.2731217e-01   6.0598157e-01   1.2782519e-01   5.6964593e-01   4.2639269e-01  -2.3308291e-01   5.8272305e-02   5.8715912e-01   1.3277999e-01   8.0838159e-02   1.1760750e-01   1.1353137e-02   2.3914562e-01  -2.9545893e-01  -8.2030974e-02   3.8502546e-01   2.0331902e-01   3.3738448e-01  -7.6772973e-03   1.0497191e-01   5.2216823e-01   1.2511334e-01   3.9828826e-02   3.3329074e-02   9.3851608e-02  -2.5095503e-01   2.1606839e-01  -2.5119815e-01  -1.7093191e-01   3.8129502e-01  -1.5761476e-01  -3.7446763e-01  -1.1181086e-01   3.8164292e-01   3.9750405e-01  -2.2896099e-01  -1.9031693e-01  -6.8311299e-02   5.2539747e-01  -2.5176077e-01   7.3164517e-02  -5.3363570e-01   2.2158819e-01  -2.9489691e-02  -1.9718328e-01   8.5159339e-02   2.7311360e-02   3.1221603e-02   4.2117089e-01   9.1690059e-02   5.4197039e-01   7.2698049e-02  -4.2855030e-01  -9.1732614e-02  -1.9050339e-01  -2.6633110e-01  -1.1451438e-01  -5.1531904e-01   6.2438315e-01  -9.0552449e-02   6.3902417e-01  -1.3347354e-01  -2.0467088e-01   1.8825514e-01  -8.9482571e-02   2.0302888e-01   1.3740268e-01   5.1001836e-01   3.6539764e-01  -3.2568584e-01  -9.2664620e-02  -3.5583737e-01  -4.0498629e-01  -1.4728085e-01   1.6920355e-01   6.4189129e-02   3.3335009e-01   3.2207442e-01   6.4069202e-01  -4.6978640e-01  -4.8983772e-01  -5.5014821e-01   2.5376139e-01   4.0133354e-01  -5.0079506e-02   4.4642313e-01   8.6383687e-03  -1.3298346e-01  -5.1068637e-01   2.0740666e-01   2.2271885e-01  -1.5959817e-01  -3.8439339e-01  -5.4842243e-01   3.1505333e-02  -1.2945728e-01  -4.2920943e-01  -1.4425879e-01   8.8839656e-03   1.7228876e-01  -5.2282218e-01   3.2411136e-01  -2.2837058e-01   1.7073454e-01  -7.5620004e-02   4.1839596e-01  -5.6575463e-02  -3.0585257e-01  -4.0662650e-01  -1.3867458e-01  -1.5516626e-01   3.6162456e-04   2.5092069e-02  -2.3051866e-01   5.9416031e-01   8.5271587e-02   5.0075200e-01   2.4528549e-01  -4.3915915e-01   3.6623461e-01  -6.0357739e-01  -6.1151195e-02   5.8535140e-01  -4.1019560e-01  -4.4929206e-01   3.5788326e-01  -2.4451012e-01  -3.0633058e-02  -2.9887346e-01  -1.1576847e-01   5.5671618e-01  -3.7173843e-01  -4.4023858e-02   4.7562531e-01   2.3278430e-01  -1.7516983e-01  -3.5764513e-01   5.1990304e-01   5.1907542e-01  -2.0446192e-01  -2.9797257e-01   1.9728029e-01  -6.6755499e-02   3.1486292e-02  -7.7203915e-02
   2.5322077e-01   1.3178284e-01  -2.4687540e-01   3.4774657e-01   2.0677015e-03   1.1508546e-01  -2.9447081e-01   7.6341204e-02  -2.0687594e-02  -3.6968471e-01   0.0000000e+00  -2.2656348e-01   1.3274830e-01   3.8996249e-02   1.1945932e-01   4.2921278e-02  -5.8217490e-02   7.2420473e-01   1.8777105e-01  -1.8345948e-01   3.9874657e-01   4.6168468e-01   1.8764726e-01   3.2795875e-01  -1.4544063e-01   1.8250296e-01  -4.5349114e-01   1.1311577e-01   8.5328674e-02   5.9659342e-01   1.3162151e-01   4.4907452e-01  -2.5385612e-01  -4.4816044e-01  -1.4952079e-01  -1.7427890e-01  -5.2244591e-01   3.4366165e-02  -3.3602070e-02  -5.1398799e-01   1.7730379e-01  -8.2549860e-02  -1.9739334e-01   2.2250775e-01  -2.4525048e-01   5.3303637e-01   4.8848925e-01  -5.4974530e-01  -2.2029298e-01  -4.2284967e-01   3.7121384e-01   9.1601978e-02  -5.3230805e-01  -2.2963771e-01  -1.4940998e-01   1.6306986e-01   2.4691040e-01   3.1736206e-01   2.5732511e-01   5.3503688e-01   4.8203840e-01  -9.5357549e-02   1.1047880e-01   5.2057089e-01   1.2564087e-01   5.2525154e-02  -1.6584036e-01   3.6927104e-02   4.9617106e-01   4.3524743e-01  -7.2623008e-01   3.4230850e-01   9.6317624e-02   4.6319641e-01  -3.2211558e-01   5.3654593e-02   5.2197724e-01   9.1411322e-02  -5.9977143e-02   1.5440597e-01  -2.9710510e-01   3.3787414e-02  -5.2989387e-01   2.2509209e-01   4.1424478e-01   1.4996084e-01  -1.7746977e-01   1.0866798e-03   5.4506007e-04   3.5252288e-01  -6.1625905e-01   4.1081825e-01  -6.2042821e-01   1.5746518e-01   2.6021849e-01  -4.6481725e-02   4.8688898e-02   6.4863099e-03   1.7446616e-01  -2.9517874e-01  -2.9463647e-01   6.4307371e-01   2.5477165e-01   2.4009801e-01   4.9709469e-01   3.0445032e-01  -3.2442759e-01   3.3240322e-02  -2.7822890e-01  -3.9574093e-01  -5.3816787e-01   6.6442127e-01   3.3141699e-01   3.1966621e-01  -2.3343425e-01  -6.2312412e-01   4.1130553e-02  -6.4525512e-02   6.5218347e-02   3.4710200e-01   3.1331976e-01  -1.0847938e-01  -3.1952535e-01   1.7827906e-02   3.9690653e-01   5.2444456e-01   2.1744110e-01  -1.8730792e-01   4.0800577e-01   3.0398941e-01  -3.4000760e-02  -4.2248514e-02   3.8772542e-01  -3.5185990e-01   1.3191627e-01   9.1267021e-02  -1.8371088e-01  -2.2217458e-01   4.4441811e-01   1.3562416e-01   2.6235859e-01  -1.1818009e-01   5.6815068e-01   2.3827340e-01   2.1622915e-01   3.9984453e-01  -6.1167090e-01   2.8204588e-01   2.0288733e-01  -3.5217865e-01   4.5986982e-01  -3.0330975e-01   3.6154730e-01   3.2989299e-01  -6.0960142e-01   1.4657052e-01   2.6956013e-01   2.0139867e-01   3.2439522e-01   2.4997542e-01   3.5962067e-02   4.4329951e-01  -2.0600255e-01   4.1908079e-01   2.3064422e-01  -6.7830137e-01  -1.2444457e-01   4.2072346e-01   2.6048938e-01  -5.9671231e-01  -4.7519198e-01   4.9504440e-03   3.7386443e-01   1.1405842e-02   1.3610867e-01  -1.3188252e-01   4.1631272e-01
  -1.4875470e-01   2.4139355e-01   4.9677502e-01  -1.0343700e-01   3.8163055e-01   4.6153498e-01   5.9992259e-01   3.4208478e-01  -8.5691180e-02   3.0098545e-01  -2.2656348e-01   0.0000000e+00  -2.4123337e-01  -3.2562886e-01  -4.2979527e-01  -1.9367895e-01   2.5392478e-01  -4.5245347e-02  -1.0617985e-02   5.4166390e-01  -1.4964008e-01  -4.2697441e-02  -1.6486158e-01  -2.5437306e-01   2.8290801e-01   1.3035873e-01   4.6600904e-01  -4.9444751e-01  -2.8937528e-01   7.7163237e-02  -3.6893421e-01   6.7723729e-02   2.7970278e-02   1.1654578e-01   1.6868974e-01   3.7041305e-01   1.9840957e-01  -1.6830885e-01   3.8509434e-02   3.5895842e-01  -6.7316579e-02  -1.8645115e-01   5.5663522e-01  -5.9055227e-02   2.7265849e-01  -4.0357324e-01  -7.2667500e-02   5.5311617e-01  -7.0423706e-02   4.4591518e-01  -2.2585939e-02   5.5266956e-02   3.5665306e-01   1.9909770e-01  -2.8356813e-01  -2.1176266e-01   1.8636488e-01  -9.5854365e-02   1.6666489e-02   8.9032637e-02  -3.1593020e-01  -4.1892901e-02   1.0966721e-01  -2.5368914e-01   4.4213367e-02   4.7900263e-01   5.0752924e-01  -1.7466585e-02  -2.3126141e-02  -3.4425705e-01   3.6210571e-01  -1.1332457e-02   1.2691162e-02  -3.1814816e-01   1.1294294e-01  -1.3070734e-02  -4.1482759e-01   1.2140303e-01   3.5996184e-01   9.5985974e-02  -2.5234469e-01  -9.5392394e-02   1.7387832e-01   5.4658483e-02  -2.8241793e-01  -1.2760616e-01   3.4080759e-02  -2.8728417e-01   3.4961055e-01  -2.3564770e-01   3.9250386e-01  -8.4748767e-02   6.0366581e-01  -1.6153488e-02  -2.6587458e-01   5.2095439e-01  -1.3317350e-01   1.8579032e-01   3.3229239e-01  -1.1673604e-01  -1.2744978e-01  -3.1381609e-01  -8.1721402e-02  -5.9214020e-02  -2.1569976e-04   1.0547963e-01   3.1069952e-01   1.9586554e-01  -7.0102359e-02   5.8072577e-01   2.8623830e-01   2.3023761e-02  -8.1845100e-02  -1.9132680e-01  -2.1143317e-01   3.3795374e-01  -2.2187241e-01   1.2717950e-02  -4.6063490e-01   9.5865778e-02  -3.8019355e-01   3.6719227e-01   3.1550665e-01   1.3174424e-01  -3.9710762e-01  -3.9162916e-01   7.2566625e-02  -4.6669424e-03  -1.9015896e-01  -3.1312198e-01  -1.6521980e-01   2.1491720e-01  -2.6887932e-01  -2.1417322e-01  -7.1184402e-02   6.1611096e-02  -8.2541097e-02  -3.3986178e-01  -7.7274775e-02  -1.2686125e-01  -5.1308691e-02  -2.6634983e-02  -9.3337572e-02  -3.2829597e-01  -3.8863425e-01  -3.8173236e-01   5.2162234e-01   2.4229501e-01   2.8958813e-01  -1.5018286e-01  -2.5358676e-01  -1.3718333e-02  -1.6605609e-01   1.1447739e-01   5.5669469e-01  -9.8195474e-02  -3.1946880e-01  -3.8285007e-02  -1.4966902e-01  -2.8160607e-01  -1.0904777e-01  -1.2647306e-02   2.7465414e-01  -1.3064066e-01   1.9399290e-01   3.7621096e-01   4.3849003e-01  -2.3817198e-01  -1.2034678e-01   4.9563274e-01   4.5962890e-01  -2.4335389e-01  -5.8961510e-02   3.7962942e-01   1.2253875e-02   6.2683883e-03   1.8225013e-02
  -7.7844396e-02  -2.6136003e-01   1.1244100e-01   8.7478997e-02   2.9438374e-02  -1.4625802e-01  -2.1397190e-01  -3.4973255e-01  -1.1909492e-01  -2.1884659e-02   1.3274830e-01  -2.4123337e-01   0.0000000e+00  -1.1714942e-01  -4.6157584e-02   1.5518610e-01   3.2287559e-01  -4.6242067e-02  -2.1508836e-01   7.1336066e-02  -2.1336938e-01  -4.0982841e-02  -1.0738720e-01   4.2056881e-02  -1.2076601e-01  -3.8408747e-01  -1.5845850e-01  -1.7296925e-01   3.7430307e-02   2.0794745e-03  -4.9332553e-02  -2.9204029e-01   1.2395633e-01  -2.5093179e-01  -1.7774663e-01   2.0126487e-01  -2.4504659e-01   1.6034626e-01   1.0589859e-01  -1.6790237e-01   4.4186308e-01   1.0503086e-01  -8.1054448e-02  -3.1772677e-01   2.1870709e-02   2.4175276e-01   2.8647321e-01  -2.8001965e-01  -1.4018900e-01  -2.4386210e-02   1.0825631e-01  -3.4463226e-01  -3.0463149e-01   1.3043892e-01  -2.2897190e-03  -3.3280204e-01  -2.0313836e-01   1.0338499e-02  -1.8838793e-01  -1.9948523e-02   4.8992741e-01   9.7662930e-02   1.0188400e-01   8.5838090e-03  -1.7563788e-01   6.0763988e-03  -2.1504616e-01   1.3435618e-01  -1.4056028e-02   3.3220934e-01  -3.3143926e-01   1.2560300e-01   3.0137924e-01   2.0188717e-02   2.7443022e-01  -1.9700790e-01   3.6023767e-01  -2.4792848e-01  -1.0955500e-01   2.5126347e-01  -2.3046126e-01   4.5247677e-01  -2.5474950e-01  -3.4307684e-01  -6.9203456e-02  -1.0802306e-01  -1.6951669e-01  -5.7882693e-02   2.6158180e-02  -2.1627016e-02   1.8039945e-02   2.6552782e-01  -1.6894630e-01  -3.7082846e-02   1.9998428e-01   1.1955957e-01   2.0031203e-01  -4.0548770e-01   1.5136719e-01  -2.1865298e-01  -1.8564329e-01  -1.2277423e-02  -1.2447505e-01   1.6002189e-02  -1.0870726e-01  -1.6033120e-01   5.6356873e-02  -2.7535778e-01   6.7377920e-02  -1.6260264e-01  -2.1169541e-01   3.8607005e-02   1.0414785e-01  -6.0013467e-02  -1.1603945e-01  -2.9898042e-01  -1.7185576e-01   2.3780429e-01  -6.0982733e-02  -4.8138626e-02   1.2109477e-01   7.4205728e-02  -1.5037828e-01  -2.9757424e-01   1.1102002e-01   1.4766141e-01   7.7236480e-03   4.1233013e-01   3.8847097e-02   4.6226682e-01   4.2455011e-01  -2.3429033e-01   3.6223460e-02  -1.6764002e-01  -1.3634341e-01  -2.3487045e-01   2.1370471e-01  -5.9546335e-02  -1.7865832e-01   3.8714641e-02  -2.6777764e-02   3.9591898e-01  -1.6913333e-01   8.9903978e-03  -6.5106287e-02  -1.5459513e-01  -2.6272114e-01   2.3752233e-01   9.2088506e-02  -3.1916395e-01  -1.4061753e-01  -3.0296159e-01   8.7351409e-03   3.2037932e-02  -8.3212632e-02   2.5566920e-02   1.1530327e-01  -1.1268769e-02   3.7765639e-01  -1.3041604e-01   2.9531472e-01  -1.4162606e-01   1.7646962e-02  -1.7502678e-01  -2.0546559e-01  -2.3869174e-01   2.8802682e-02   8.4376370e-02   7.1135247e-02  -1.8500918e-01  -1.8353783e-01   3.3017072e-01   1.0535763e-01  -1.1447812e-01   3.4617376e-02  -1.1036595e-01  -1.1409884e-02
   3.7767694e-01   5.5515144e-02  -2.4639238e-01  -5.1188093e-02  -2.1207854e-01  -2.5143741e-01  -4.3323263e-01  -1.9821198e-01   8.3766958e-02  -3.9148296e-01   3.8996249e-02  -3.2562886e-01  -1.1714942e-01   0.0000000e+00   3.4722367e-01  -1.7764480e-01  -1.1619528e-01   2.4081536e-02  -2.2998582e-01  -4.5010925e-01  -4.6189974e-02   2.2495883e-02  -3.1288684e-02   5.3130668e-01   6.6196288e-02  -8.9337642e-02  -2.2374898e-01   2.6415893e-01   4.1178480e-01  -4.7083480e-02   3.4863331e-01  -4.0700231e-02  -3.0922242e-02  -1.6286970e-01  -1.3287790e-01  -3.6921592e-01  -2.2955229e-01   1.3020953e-01  -6.3959792e-02  -1.0068809e-01  -1.4422778e-01  -3.7648151e-03  -2.9567642e-01  -6.9261603e-02  -2.4848917e-01  -1.4432688e-02  -6.7321570e-02  -3.1514727e-01   2.7500756e-01  -2.0047553e-01  -6.6662687e-02  -3.4260375e-02  -2.1755193e-01  -2.0645796e-01   3.5453805e-01   2.2467316e-03  -3.1673355e-01   1.3953002e-02  -1.0002361e-01   1.1875422e-02  -5.6701907e-02  -6.3746332e-03  -8.2598941e-02   1.0757314e-01  -1.3431103e-01  -5.0713887e-01  -1.1710316e-01  -1.0908957e-01  -1.7131596e-01   1.3571622e-01  -1.0481078e-01  -1.6340027e-01  -5.8668455e-02   3.4616226e-01  -1.1933974e-01  -1.9744956e-01  -6.9896456e-02   5.3294572e-02  -2.4652041e-01  -1.1538675e-01   1.1969584e-01  -7.9487532e-02  -4.5003870e-02  -8.8972109e-03   4.4488806e-01  -1.3801132e-01   9.0510928e-02   3.7391594e-01   5.3738367e-02   4.0085081e-01  -2.8597923e-01  -1.0630640e-01  -3.7485346e-01  -2.1050273e-02  -8.3104587e-02  -3.0576776e-01  -1.4172717e-01  -1.6585395e-01  -2.9005966e-01   1.1510255e-02   3.0684233e-01   2.2791696e-01   2.5489338e-02   1.0473995e-01  -1.0431006e-01  -1.4683126e-01  -2.2851826e-03  -1.6416515e-01  -6.1209968e-02  -3.6615425e-01  -1.6279787e-01   5.1085189e-02   5.3254250e-02   2.8191924e-01   4.2502633e-01  -1.6834610e-01   4.0568864e-02  -2.9961686e-01   4.4153050e-01  -1.0969965e-01   3.7271224e-01  -3.9073885e-01  -1.4195279e-01  -3.3660034e-02   2.0194704e-01   4.3315013e-01  -2.0019953e-01  -3.3342267e-02   7.4428449e-02   1.1678562e-01  -2.0582219e-01  -2.0483425e-01   4.0270081e-01   1.6832562e-01  -4.9952549e-03  -7.1918946e-02   9.7814327e-03   1.4773041e-01   4.4361768e-03   1.3031066e-01   2.8311447e-01  -5.0333358e-02  -6.1639018e-02   3.0333263e-01   2.0862897e-01   1.3394268e-01  -2.7626326e-01  -4.3533429e-01  -5.2010002e-01   6.6695038e-02   3.9339997e-01   1.5782704e-02   3.6580009e-01  -4.2746911e-02  -3.0121214e-01   3.3398594e-01   1.4813995e-01  -1.4278900e-01  -2.4887700e-02   1.1407901e-01  -9.8379538e-02   9.6682906e-03  -3.1002289e-01  -4.3491214e-02  -1.2579161e-01  -2.1781232e-01  -3.9930259e-01   4.1370696e-02   3.9100015e-01  -2.8460484e-01  -4.3557484e-01   4.1383641e-02  -1.2026601e-01  -8.9770172e-02   1.7156351e-02  -8.9306359e-02  -1.2568536e-01
