   0.0000000e+00  -2.7654092e-01   1.6649507e-01  -2.0459924e-01  -4.2409391e-01   1.7522495e-01  -4.9458100e-01   1.3347923e-01   3.6738973e-01   1.4675641e-01   1.3939799e-01  -3.5911674e-01  -3.5393933e-01   6.1137098e-01  -1.3655107e-01  -4.3681682e-01   6.5247025e-02   1.0736316e-01   2.2106197e-01  -3.4249522e-01  -1.0000450e-01   4.8897620e-02  -1.3640806e-01   6.2554494e-01   1.0766658e-01   9.5429116e-02  -9.8593791e-02   4.8258131e-01  -1.2187085e-02  -2.8557509e-02  -3.0603190e-02  -1.1209719e-01  -1.4704458e-02  -4.2506884e-01  -1.1011830e-01  -3.6950673e-01  -5.9842344e-02  -1.9604418e-01  -3.2543103e-01  -1.6663531e-01  -3.3979542e-01  -1.0078990e-01   9.6131025e-02   2.5141231e-01  -2.9583418e-01   5.3926840e-01   1.6625097e-01  -4.4212032e-01  -2.0977309e-01  -1.3851129e-01   1.0361504e-01   5.6780123e-02  -4.1851123e-01   1.0461088e-01   2.1162706e-01   2.2665213e-01   2.7450560e-01   9.7286183e-02  -1.0795414e-01   1.9751185e-01   5.0129018e-01  -3.6544525e-01   2.4316544e-01   4.0196577e-02  -1.3247467e-01  -1.2465115e-01  -1.6949179e-01  -1.1569469e-01   8.6544679e-02   3.3998858e-01  -3.5142339e-01  -1.3400127e-01  -4.8255419e-01   2.0988237e-01  -3.8582707e-02   8.3740520e-02   3.4564099e-01  -3.2314207e-01  -4.3423710e-01  -2.7618752e-01  -6.6921123e-03  -3.6705194e-01  -2.1140350e-01   2.5355468e-01   4.2780016e-01   2.8686996e-02   1.4172554e-01   4.7253475e-01   2.2094964e-01   6.9284749e-01  -3.6080594e-01   2.8554475e-01  -3.0042587e-01   1.4889093e-01   1.1391625e-01  -3.8331967e-01  -4.0514038e-01   5.6730311e-02  -2.7903203e-01  -4.0216966e-01   4.7503301e-01   1.3216584e-01  -9.7667161e-02   3.8175078e-01   4.3125561e-02   4.0436937e-02   1.3819525e-01   1.7221281e-02  -1.7059297e-01  -2.3061021e-01  -2.4189445e-01   5.9855633e-02   1.1125451e-01   8.0734280e-01   5.2924975e-01  -3.6056959e-01  -1.0089007e-01  -1.8288094e-01   3.0373829e-01  -2.4819899e-01   4.3306579e-01  -4.9503738e-01  -1.2673810e-01  -1.3062775e-01   4.0311938e-01   4.7589678e-01  -3.2001905e-01   4.7782229e-02   2.8807775e-02   3.7430856e-01  -3.7368954e-01  -4.6185544e-01   3.9752480e-01  -1.6777401e-01   1.8380713e-01   2.5545036e-02  -2.7749082e-01   8.3757751e-02  -1.4714960e-02   7.5723261e-02   6.6378994e-01  -5.8247124e-02   8.0405874e-02   2.7693835e-01   2.7698521e-02   3.5046177e-02  -4.2541613e-01  -1.1536975e-01   2.7742062e-02  -2.1371647e-01   3.6576741e-01   6.5812472e-02   6.0023584e-01   7.5189141e-02  -2.1925520e-01   2.6757628e-01   4.4250340e-01  -2.0450285e-01   2.4900875e-01  -4.7705960e-03  -1.9098220e-01   2.0470153e-01  -4.3641811e-02  -3.6842843e-02   1.4132766e-02  -3.4621168e-01  -1.7115590e-01   5.5740799e-01   5.1527051e-01  -3.3772904e-01  -4.2890936e-01   8.2966220e-03  -1.8809639e-01   9.8267658e-02   5.5417906e-02   6.0055895e-02   8.6058621e-02
  -2.7654092e-01   0.0000000e+00  -5.9832841e-02  -1.9979216e-01   6.3341939e-01   4.5182215e-02   4.4863438e-01   1.5409902e-01  -9.0499586e-02  -3.8082267e-01  -4.4029725e-01   5.9849231e-01   1.6494974e-01  -3.2752686e-01  -3.8032698e-01   1.9952398e-01   2.7165588e-01  -4.7213225e-01   2.4500995e-01   3.2088375e-01  -1.1593394e-01  -3.1607746e-01  -2.1915082e-01  -3.7649534e-01  -3.2194770e-01   1.9371786e-01   1.5760075e-01   1.2179178e-01   3.9173855e-02  -1.9230801e-01  -1.1080872e-01  -7.9817873e-02   1.1954178e-01   4.1882196e-01   1.4142149e-01   1.2764287e-01   2.6786699e-01  -2.5057340e-01   1.8665554e-01   4.8970451e-01   4.4757684e-01   1.5025805e-01   1.6205846e-01  -1.4548747e-01  -8.2828260e-02  -4.1555031e-01  -5.2106949e-01   7.1116468e-01   1.8755951e-01   4.2493928e-01  -3.1322358e-01   1.1990096e-01   7.1940867e-01  -1.3540920e-01  -3.1635836e-01  -5.0119076e-01  -1.8260436e-01  -2.7565413e-01   3.0500574e-01  -1.0040867e-01  -4.3163940e-01   2.2467133e-01  -1.4552471e-01   5.2348237e-02   5.8084132e-02  -1.6002694e-01   3.8325730e-01   9.3932541e-02  -3.0294039e-01  -4.3198834e-01   8.3127825e-01  -2.2772767e-01   2.5943028e-01  -3.5316292e-01  -1.0952290e-03  -3.0950260e-02  -4.3732018e-01  -4.3405165e-02   7.6641753e-01   1.0174764e-02  -3.6424004e-01   1.7843652e-01   1.5936056e-01   1.1585627e-01  -1.1552986e-02  -6.8310252e-02   4.6537684e-02  -2.8896816e-01   8.3906088e-03  -4.0221092e-01   8.8159367e-01  -3.2342840e-01   3.0685615e-01  -8.2270953e-02  -3.7686990e-01   4.0400043e-01   2.3316122e-01   2.6642285e-01   2.4743103e-01   2.3232658e-01  -4.4455464e-01  -8.8509387e-02  -3.4715009e-01  -4.4309843e-02  -3.3748361e-01  -2.0717539e-01   1.6025855e-01  -5.1037964e-02   2.0008488e-01   3.1293870e-01  -1.3510910e-01  -4.5329858e-01  -4.0911660e-01  -3.0687384e-01  -4.2041720e-01   8.1502526e-01   4.7451526e-02   1.3623717e-01  -4.4749455e-01  -1.3792647e-01  -4.3630424e-01   7.1033041e-01   3.8153757e-01   1.9194754e-01  -3.4531207e-01  -2.6883968e-01  -1.5062227e-01   1.5380718e-01  -2.2867729e-01  -4.0622994e-01   4.6610473e-01   4.2538643e-01   8.8619949e-02   2.2655574e-01  -2.6303760e-01   1.1346112e-01   5.9336790e-03  -3.5677962e-01   9.9957515e-02   1.9201835e-02  -1.9557219e-01  -1.7113764e-01  -4.2396504e-01  -6.3886253e-01  -3.6316604e-01  -1.4400466e-01   6.2799451e-01   4.5637083e-01  -4.4089934e-01   4.2497264e-01  -4.6047639e-01  -1.2494863e-01  -4.8420008e-01   4.2674345e-01   5.8729563e-01  -8.4207165e-02  -4.0936993e-01   5.3807116e-01  -1.8564544e-01  -1.2314645e-01   8.3743469e-03  -4.8689331e-01   7.5127240e-02  -1.9082952e-01  -2.9460930e-02   5.7873464e-01   1.7829514e-01  -3.7082501e-01  -3.5881101e-01   7.4631962e-01   5.8361241e-01  -2.9134832e-01  -1.8260168e-01  -5.5152752e-01  -2.2840504e-01  -8.4799580e-03  -5.8030395e-02
   1.6649507e-01  -5.9832841e-02   0.0000000e+00  -7.9399106e-03   7.4211604e-02   1.9847515e-01  -2.5331521e-02  -2.1578206e-01  -7.8671995e-02   3.5441487e-01   9.5761249e-03   2.8963915e-01  -8.9737612e-02   2.2674361e-01  -2.3254848e-01   1.4198111e-01   8.1634691e-01   2.6792328e-01  -1.4478684e-01   2.4574910e-01  -1.6233699e-01   8.7211885e-02  -4.5493537e-01   1.1149308e-01   2.9687435e-01  -1.0861813e-01   5.1681816e-01   1.7347631e-01   9.5271366e-03  -5.7160805e-02  -4.9366022e-01  -1.0501430e-01   7.3341082e-02  -4.0593884e-02  -9.0040215e-02   1.6361680e-01   2.2096079e-01  -2.6890099e-01   1.1510261e-01   2.5051036e-01  -1.5144571e-02   1.1813314e-01   2.7251407e-01  -1.8220655e-01   8.0416293e-02   6.1794639e-01   1.9810741e-01  -1.7027703e-01   2.4853707e-01   6.2367407e-01   2.8135609e-01  -3.0317175e-01  -3.5990594e-01   1.5268129e-01  -3.2456499e-01  -1.0475037e-01   1.7704654e-01   1.1977304e-01   2.1036198e-02  -3.2714688e-03   1.5901215e-01  -5.9789064e-02  -1.4399544e-01  -3.5733073e-01   6.7401637e-02   2.1416480e-01   1.5098809e-01  -2.0268860e-02  -6.2202203e-02   7.3858298e-01  -2.1282919e-01   1.9785384e-02   5.5615459e-02   9.6706877e-02  -3.7124369e-02  -1.3666492e-01   2.2307162e-01  -1.2125416e-01   6.7761352e-02  -2.8530150e-01   1.1311522e-01   1.0155425e-01  -5.6194941e-01   9.7802438e-02   1.2072832e-01  -1.5470540e-01  -3.4769632e-01  -2.1270000e-02   8.1820868e-02  -9.2991108e-05  -1.2866608e-01   3.2980091e-01   1.6130212e-01   7.2838228e-02  -5.5881909e-02   3.3985297e-01   3.5008091e-02  -2.6934539e-01   1.4654301e-01  -1.3130370e-01   7.6966560e-02   3.1218972e-02  -2.6993224e-01  -9.1143380e-03   6.9734214e-02   7.1829851e-02   6.0009342e-02  -3.2989571e-02   2.3929546e-01   5.2941280e-02  -1.1535864e-01   1.0578683e-01   2.5111619e-02  -3.2841679e-02   1.7919498e-01  -1.5961206e-01  -1.0012779e-01  -4.1690226e-02  -7.4678773e-02  -3.2075120e-02  -2.2573627e-02   1.9065006e-01   2.3565711e-01  -3.6523543e-01  -2.8800326e-02   4.3620370e-01   1.7633876e-01   1.5760771e-02  -1.1343899e-01   6.3356861e-01   5.2965602e-02   1.1031992e-01   1.5768770e-01  -4.6792923e-01   4.8232414e-03  -1.3288335e-01  -9.6354895e-02   5.6647143e-02  -2.4890493e-01  -3.4650533e-02   7.9379152e-02  -1.8885400e-02  -9.1467261e-02   2.5583032e-01  -2.4660710e-01  -3.1008344e-01   7.8184627e-02   2.9527460e-01   1.7758326e-01  -4.0921885e-01  -9.3964238e-02  -4.4353802e-01   1.1020478e-01  -4.3453972e-02   5.1296372e-01  -6.0015133e-02   4.7463393e-02   4.4111291e-02   1.7887317e-01  -3.5045567e-01  -1.3807681e-01  -1.0475286e-01   3.9786216e-03  -4.4394646e-02   1.1887954e-01   1.7744757e-01   8.7242290e-02   1.9787062e-01   1.6842380e-01  -3.3457101e-01   1.3171279e-01  -3.6714688e-01  -9.4191726e-02   3.0407767e-01   1.2062881e-02  -1.0246178e-01   2.4964509e-01
  -2.0459924e-01  -1.9979216e-01  -7.9399106e-03   0.0000000e+00  -8.4682354e-02   2.0110150e-01  -1.1799619e-01   1.7424897e-01  -9.3424422e-02   8.3909426e-02   2.3305881e-02   4.4079700e-02  -2.0217027e-01   6.5555157e-02   9.1740419e-02  -5.5200552e-02  -1.2081861e-01   3.8155102e-01   5.7372899e-02  -8.4944403e-04   1.3140137e-01   3.8436824e-01  -5.7780176e-02  -7.8742871e-02   1.9564965e-01   1.9428789e-01  -1.3143266e-02  -2.5208031e-01  -2.0523171e-01   2.0545137e-01   6.1759938e-02   4.1480815e-01  -5.7052611e-03  -4.7523314e-02  -2.3696962e-02  -5.9543637e-03  -1.6389741e-01   2.0303537e-01   5.8719627e-02  -3.1186890e-01   3.8441091e-03   1.0353936e-01   1.1495642e-01   2.1574471e-01  -3.5915124e-02   5.3170691e-02   3.7250794e-01  -2.5019162e-01   1.0990758e-01  -1.6044151e-01   2.8858482e-01   2.3685060e-01  -2.2012469e-01   1.6938316e-01   1.9931380e-01   3.2283457e-01   6.4254905e-02   4.0135815e-01   3.6855618e-01   2.0974830e-01   1.9095296e-01  -9.2893244e-02   8.9194127e-02   1.7546339e-01   1.7983579e-01  -2.0403400e-02   5.4545315e-02   1.4304488e-01   4.7072037e-01  -4.8805420e-02  -2.3335961e-01   4.8941328e-01   3.4259054e-01   3.0607481e-01   1.5246977e-01   5.6164911e-02   2.3835459e-01   2.3327517e-01  -1.4128629e-01   2.8603304e-01   1.5418522e-01  -4.2943433e-02   3.8763381e-02   1.4054639e-01   6.3087431e-02   1.4846334e-01  -7.9995172e-02  -9.3349303e-03  -4.9631328e-02   3.8584069e-02  -1.3638168e-01   2.8234190e-01  -1.8802392e-01   1.6342303e-01   1.1181299e-01  -7.3124062e-02   3.4636598e-02   1.0038957e-01   4.6520645e-02  -1.4253184e-02   1.0161799e-01   9.1918646e-02   2.6799222e-01   5.8523940e-02   3.6689397e-01   5.7407403e-01  -9.6552291e-02   4.0022709e-01  -1.2799409e-01  -1.0241698e-01   1.0173456e-01   3.5009344e-01   5.0302066e-01  -8.1688354e-02  -2.3726845e-01  -2.3135637e-01   1.2791461e-01   1.7788691e-01   1.6686789e-01   5.6658721e-01   2.0691654e-01  -3.7377722e-02  -1.6083469e-01   5.4426861e-02   2.9450137e-01   1.0638818e-01   2.1429797e-01   2.4305499e-01   2.6431816e-01  -1.5441396e-01  -1.2339813e-01  -2.3372605e-01   1.2972427e-01  -8.0348997e-02   2.6629484e-01   2.3023450e-01   2.1628066e-02  -1.0286713e-01   1.8627225e-01  -5.6195890e-02  -1.3103147e-01  -4.2027530e-02   2.9466731e-01   1.6938211e-01  -8.8838663e-02   2.6537274e-01  -1.5798159e-01  -1.1434913e-01   1.0311129e-01  -1.7671115e-01   1.5721152e-01   1.2713594e-01   1.0124432e-01  -3.8286232e-01  -2.5852146e-01  -1.9340163e-01   4.2512696e-02   8.6069541e-02   2.4615673e-01  -2.4512446e-02   2.5013625e-01   3.0921688e-01  -1.5349209e-01   4.2969564e-01   4.9668163e-01  -2.2284285e-01  -5.4839122e-02   2.0143920e-01   1.1684180e-01  -2.2889290e-01   6.4847783e-02   7.6213695e-02   2.3800637e-01   2.4708266e-01   2.4328590e-01  -6.8171424e-02   5.4680872e-01
  -4.2409391e-01   6.3341939e-01   7.4211604e-02  -8.4682354e-02   0.0000000e+00  -5.5488098e-02   6.3743237e-01  -2.6461270e-01  -2.9501199e-01  -1.9964906e-01  -3.3841528e-01   5.5810098e-01   3.9568149e-01  -4.2136703e-01  -2.2898450e-01   3.8317264e-01   3.6606388e-01  -3.8040107e-01   2.1694534e-02   7.5746214e-01  -1.8669204e-01  -3.4435426e-01  -2.0114003e-01  -5.1145850e-01  -1.0183997e-01  -1.3297944e-01   4.0400347e-01   1.6518941e-01   1.4424374e-01  -3.1058074e-01  -1.8577771e-01  -2.9682668e-01   1.9119772e-02   5.6788585e-01   1.4412517e-01   6.4552712e-01   2.9507742e-01   4.2132500e-03   3.5137091e-01   5.9003544e-01   5.7780392e-01   2.0481194e-01   8.9961537e-02  -3.7481084e-01   3.5510615e-01  -3.0129694e-01  -3.1015615e-01   6.4813665e-01   4.2422833e-01   5.8952083e-01  -2.0838976e-01  -1.8890455e-01   6.1305193e-01  -5.3466805e-02  -3.2516683e-01  -4.1241100e-01  -2.2489357e-01  -3.7303240e-01   1.5576503e-01  -2.5993049e-01  -3.7369406e-01   5.2888989e-01  -3.6551435e-01  -2.2541738e-01   3.8686951e-02  -2.7949829e-02   3.7621889e-01   1.6454106e-01  -3.7139906e-01  -3.0769261e-01   5.9788329e-01  -2.0041860e-01   5.1656918e-01  -3.1948636e-01  -1.8990422e-02  -2.9629531e-01  -1.9162412e-01  -1.4558167e-01   7.9437535e-01   1.3253630e-01  -2.7082363e-01   3.5567168e-01   1.2493527e-01  -1.2691527e-01  -1.9596048e-01  -2.8784845e-01  -1.2427445e-01  -4.2349275e-01   1.4382027e-02  -4.4341879e-01   6.2977396e-01  -1.9636833e-01   5.2194694e-01  -1.9045883e-01  -6.5285660e-02   7.5966248e-01   5.2189282e-01   1.0829812e-01   6.2918294e-01   2.4681339e-01  -5.3421350e-01  -1.2780435e-01  -3.3789606e-01  -3.6711675e-01  -4.6797854e-01  -3.7615133e-01   2.0201442e-01  -1.9848874e-01   4.9491212e-01   3.4295690e-01   1.2211132e-01  -3.4873132e-01  -3.4795779e-01  -4.9750067e-01  -4.5232330e-01   6.3717819e-01   2.9702385e-02   2.3263962e-01  -4.5173836e-01   3.0609035e-02  -4.3010800e-01   8.3307390e-01   3.5377210e-01  -1.3860270e-01  -4.3909257e-01  -3.5487059e-01   1.3021972e-02   1.2300409e-01  -3.8216987e-01  -2.7136892e-01   5.3707571e-01   6.0953574e-01  -2.1143725e-01   4.6108106e-02  -3.6355292e-01  -2.0457726e-01   1.5674797e-01  -2.2871540e-01  -9.4546974e-02  -8.1368087e-02  -4.2034168e-01  -2.2682311e-02  -4.2978966e-01  -5.1319895e-01  -3.0375450e-01  -3.4488564e-01   6.3546461e-01   4.7670641e-01  -2.0241659e-01   2.8302970e-01  -5.3581259e-01  -2.7081426e-01  -4.5796724e-01   2.2395566e-01   5.9813608e-01  -1.8897324e-01  -3.6229529e-01   4.0833350e-01  -1.2477018e-01  -6.0680389e-02   8.8642668e-02  -5.1434218e-01   1.0344724e-03  -3.3758760e-01  -8.5308446e-02   6.7744073e-01   3.9861945e-01  -4.7772039e-01  -3.1520094e-01   5.6807448e-01   5.9452730e-01  -2.2311553e-01   1.4672345e-01  -4.1601079e-01  -8.8284098e-02   7.5576212e-02  -6.3080149e-02
   1.7522495e-01   4.5182215e-02   1.9847515e-01   2.0110150e-01  -5.5488098e-02   0.0000000e+00  -2.2213915e-01   2.6630051e-01  -9.5303188e-02   1.2250848e-01  -7.0700738e-02   7.7644943e-02  -3.4309136e-01   3.2890721e-01  -2.3789356e-01  -8.7190045e-02   9.6743393e-02   6.7229588e-02   4.2694530e-01  -4.2237576e-02  -6.0522136e-02  -2.7793983e-02  -1.5948805e-01   1.6984569e-01   2.5367492e-01   3.4703027e-01   1.6469973e-01   8.4808589e-02  -7.2848623e-03  -3.6190652e-02   1.9899128e-02   2.0270092e-01   4.0338788e-01  -1.1489343e-01  -1.2847466e-01  -1.6220634e-01  -1.2360995e-01  -8.9810626e-02  -7.2169582e-02   8.5943701e-02  -1.4421905e-01   4.2300484e-01   5.5230763e-02   1.5309048e-01  -2.8495713e-01   4.8111366e-02   1.2084320e-01  -1.9006407e-01   1.2669301e-02   3.7979081e-02  -1.0435230e-01   2.3624313e-01  -2.1367876e-01   4.0916445e-01   2.2043587e-01   6.8912423e-02   5.7506386e-01   8.9162879e-02   2.3974761e-01  -1.7333141e-03   9.9184666e-02  -2.0933264e-01  -1.3717933e-01   8.4623518e-02  -4.0938833e-02  -2.1777477e-01   5.8156752e-01   1.0215096e-01   1.6678372e-01   4.5173189e-02  -7.5173903e-02  -7.7115760e-03  -4.6561660e-02   2.1164619e-01   3.5143917e-01   1.1416406e-01  -1.9078507e-02   6.4211287e-02   1.1702818e-02  -2.1041172e-02   3.2641189e-02   6.8121408e-02   1.7211068e-03   2.3799733e-01   2.6466173e-01   1.8428303e-01  -3.9724523e-02   2.3863043e-01   7.7180110e-02   1.4603294e-01   1.1632473e-01   2.2692814e-01   3.2348112e-02   3.8608885e-02  -1.9473887e-01  -2.1091529e-01  -1.6116914e-01   4.7525113e-01  -1.6075180e-01  -2.2263971e-01   1.6500687e-01  -6.8291880e-02  -1.6791710e-01   2.3732045e-01  -1.6234966e-02   2.8885837e-01   4.1337387e-01   5.1699787e-01  -1.7156699e-02   9.3011603e-02   3.5376268e-02  -9.8612171e-02   9.4806196e-02   2.1188168e-01   9.8554105e-02   8.1108193e-02   2.2640029e-01   2.4074452e-02   1.7650286e-01   2.0120742e-01   2.0027011e-01   1.6392704e-02   2.0386744e-01   5.5883548e-02   7.8482529e-02   1.8206392e-01  -2.3402181e-01   3.0055816e-01  -1.0415885e-01   1.4447998e-02  -6.0277986e-02  -3.8597713e-02   3.2170871e-01  -6.3043168e-02   1.0483686e-01   2.3859526e-01   3.4901445e-02  -1.9171726e-01   1.2856071e-01   1.5273316e-01   3.0612561e-01  -3.4586731e-01  -1.1802465e-01   2.4296217e-01  -2.9399402e-01   3.6915857e-02   2.3147174e-02   5.8177154e-02  -3.1586261e-02  -2.3758355e-01   2.0326899e-01   2.4811924e-02   3.0887247e-01   1.6576175e-01   4.3783121e-02   8.7676938e-02  -4.8057238e-02   1.6819612e-01   1.2263151e-01  -9.6295450e-02  -5.9598033e-02   2.7061930e-02  -4.3251151e-02   8.7936654e-02   4.3100745e-01  -1.3151670e-01  -1.0323331e-02   3.1295184e-01   1.6114185e-01   4.0911266e-03   3.7965792e-02   1.8891802e-02  -3.0169870e-01   2.6341288e-01   3.0368165e-01   1.2924159e-01   3.2939250e-01
  -4.9458100e-01   4.4863438e-01  -2.5331521e-02  -1.1799619e-01   6.3743237e-01  -2.2213915e-01   0.0000000e+00  -3.2090152e-01  -3.7633536e-01  -2.1178617e-02  -2.5621194e-01   6.3451503e-01   3.4538991e-01  -6.5480330e-01   1.4306613e-01   3.5096981e-01   1.3087087e-01  -1.7695148e-01  -1.6911316e-01   6.5113955e-01   5.7475562e-02  -2.6239701e-01   1.3334539e-01  -5.3321424e-01  -1.4616307e-01  -2.8069782e-01   4.0631465e-01   1.7997163e-02   9.7141763e-03  -1.9763691e-02  -1.6733015e-01  -3.2540725e-01  -6.9969698e-02   8.3889318e-01   5.0805519e-01   6.4889052e-01   2.4879922e-01   1.8466716e-02   2.5939842e-01   4.7821843e-01   4.6247139e-01   1.1927601e-01   1.4004081e-03  -5.2748061e-01   5.4298281e-01  -2.6589432e-01  -2.5158294e-01   7.8686102e-01   1.7358946e-01   3.7812137e-01  -9.5230224e-02  -3.0507932e-01   5.7761392e-01  -1.4418415e-01  -4.9748292e-01  -5.0525911e-01  -2.0023183e-01  -3.9781655e-01   1.4173815e-01  -9.5599410e-02  -4.5110655e-01   5.9817068e-01  -3.8548845e-01  -1.1978349e-01   2.5960873e-01   3.5824493e-01   2.9850500e-01   1.5207001e-01  -3.6071346e-01  -1.9222176e-01   4.8796179e-01  -1.0100720e-01   4.8781348e-01  -4.0966552e-01  -1.8914325e-01  -2.9481527e-01  -2.8306331e-01  -2.2365282e-01   5.8783669e-01   9.7962687e-02  -2.2239287e-02   4.5778342e-01  -5.2070093e-02  -2.6592084e-01  -4.2324908e-01  -3.5834506e-01  -2.5228021e-01  -5.3772900e-01  -2.2457463e-01  -5.8396690e-01   4.2055274e-01  -4.4409580e-01   5.7578423e-01  -1.3940826e-01  -9.5486596e-02   6.5425025e-01   5.5839729e-01  -1.4005494e-01   6.2284695e-01   4.1297702e-01  -6.2449248e-01   1.9514501e-01  -2.0491580e-01  -3.0114686e-01  -3.9390089e-01  -4.2150668e-01  -4.7581434e-02  -2.7453218e-01   2.6997750e-01   2.1976204e-01   3.2913551e-01  -1.5179786e-01  -2.2667357e-01  -5.4518774e-01  -2.8163695e-01   4.5442373e-01  -1.8393909e-01   9.2250918e-02  -5.6791477e-01   5.0686753e-02  -5.3117715e-01   6.2910007e-01   1.4653643e-01  -2.0872840e-01  -5.0330477e-01  -3.9050516e-01   3.0303681e-01  -5.9347239e-02  -3.5578573e-01  -1.7198732e-01   4.0513111e-01   6.6918239e-01  -3.3298547e-01   9.9388410e-02  -3.7824540e-01  -2.8746882e-01   5.4457973e-02   5.2499839e-02  -2.1121123e-01   2.1428394e-02  -3.5553680e-01  -1.2537474e-01  -3.3921560e-01  -5.2436795e-01   1.0113208e-01  -2.4394751e-01   7.0505100e-01   3.5737637e-01   1.6983832e-02   4.3861470e-01  -6.1197546e-01  -2.9527811e-01  -6.3917425e-01   8.2601526e-02   5.4173895e-01  -1.4955852e-01  -4.3084448e-01   4.4823086e-01  -3.4325529e-01   1.5786318e-01  -2.4210671e-02  -4.6881459e-01   1.5795007e-01  -2.6650667e-01  -2.3666364e-01   7.3969639e-01   5.0589431e-01  -3.8804366e-01  -4.1235575e-01   3.4428961e-01   6.7143901e-01  -2.4330869e-01   4.0060002e-01  -3.2865648e-01  -6.5244700e-02  -1.7155422e-01  -1.7794386e-01
   1.3347923e-01   1.5409902e-01  -2.1578206e-01   1.7424897e-01  -2.6461270e-01   2.6630051e-01  -3.2090152e-01   0.0000000e+00   4.2575858e-01  -6.9380090e-02  -1.7965048e-01  -1.3868439e-01  -3.0757027e-01   3.5201895e-01  -1.9618288e-01  -3.0437729e-01  -1.6810701e-01  -1.7364070e-01   4.5521902e-01  -3.5482252e-01  -1.5093232e-02   2.8783152e-01  -1.7570030e-02   3.0742861e-01  -1.0658862e-01   7.0364541e-01  -2.7927162e-01   7.5568878e-02  -1.1144317e-01   6.5276275e-02   2.1885115e-01   4.6058517e-01   1.3994322e-01  -1.7428185e-01  -1.4060208e-01  -4.8020645e-01  -3.3696668e-01  -4.5647429e-02  -3.4939277e-01  -2.3561800e-01  -1.6039635e-01   1.4243845e-03   1.9673945e-01   5.9444240e-01  -5.7150936e-01  -5.9971377e-02  -1.4267903e-01  -1.4914546e-01  -2.3079112e-01  -2.6146130e-01  -1.4143256e-01   8.1132823e-01  -5.2420590e-02   1.4949446e-01   3.6261041e-01   9.5756644e-02   7.7602114e-02   3.7781587e-01   1.2286652e-01   3.0115884e-01   2.0490192e-01  -3.0450164e-01   5.0749546e-01   3.3565585e-01  -3.1017051e-01  -2.5225286e-01   6.3627258e-02   9.9697597e-03   2.6978715e-01  -2.9333391e-01   1.1691149e-01   8.2965902e-02  -1.9747684e-01   5.7380324e-02   1.2440636e-01   4.4250235e-01  -4.1301241e-02   3.0395872e-01  -1.0184732e-01  -2.1279675e-01  -1.0089743e-01  -2.6153633e-01   1.9603282e-01   7.3905647e-01   2.2255188e-01   5.1124779e-01   3.7672936e-01   3.3877299e-01   2.7570173e-01   3.3097302e-01   7.1145163e-02   1.1223842e-01  -2.8463045e-01   3.0682552e-01  -2.8814192e-01  -3.3843668e-01  -2.7597593e-01   4.8367404e-01  -5.1731978e-01  -1.0254424e-02   1.2675031e-01  -1.7463962e-02   7.8198103e-02   4.6150173e-01   2.0151321e-01   5.2662212e-01   1.2987967e-02   5.0569687e-01  -3.8973992e-01  -1.6476488e-01  -1.1761785e-01  -1.2071476e-02   1.4141826e-01   2.2509107e-01  -4.7232201e-02  -1.0306602e-02   3.3482486e-01   3.7442620e-02   1.7666657e-01   7.8427511e-02   2.9480177e-01  -1.4899242e-01   1.4633207e-01   2.5691101e-01   3.3728949e-01   2.1354796e-01  -2.7661347e-01   3.9727519e-02   3.6146596e-01  -3.1679265e-01  -2.0040755e-01  -3.8469782e-01   3.6052596e-01   2.1470022e-01   5.2475847e-01   6.4333169e-01  -5.1667821e-02  -3.1426340e-01   6.1964683e-01  -9.5871529e-02   1.1900666e-01  -1.4747555e-01   2.5990555e-01  -1.0291606e-01  -1.4117499e-01   3.4644748e-01  -1.1742327e-01  -1.5876859e-02  -2.8078739e-01  -5.5922994e-02   1.6373908e-01   3.7751315e-01   2.4469749e-01   1.9655231e-01  -2.8970714e-01   2.6613990e-02   1.6057916e-01  -8.0623246e-02   1.6206863e-01   1.3903172e-01   7.0407507e-02   1.0387364e-01  -2.6697792e-01   1.4625723e-01   3.6036501e-01  -2.6545079e-01  -7.0869149e-02   3.9856453e-02   1.0127019e-01   8.3897606e-02  -5.5843279e-02   8.4693776e-02  -5.0373034e-01  -2.6702876e-01   5.9911228e-02  -7.9727191e-03   2.9873334e-01
   3.6738973e-01  -9.0499586e-02  -7.8671995e-02  -9.3424422e-02  -2.9501199e-01  -9.5303188e-02  -3.7633536e-01   4.2575858e-01   0.0000000e+00   1.0526114e-01  -6.9920583e-02  -2.1309916e-01  -8.1772667e-02   4.0278767e-01   5.0998358e-02  -2.6141832e-01  -1.1489443e-01  -2.1169129e-01   2.0646245e-01  -3.1836525e-01  -1.0850590e-01   4.9073719e-01  -7.4729162e-02   4.7855819e-01  -1.2849886e-01   3.8667602e-01  -2.2350233e-01   1.7927420e-01  -2.8937673e-02   2.0429669e-01  -1.8130539e-02   2.7988356e-01  -2.0647317e-01  -1.6964567e-01   1.4175041e-02  -3.3404477e-01  -4.5447476e-01  -1.3157411e-01  -2.9782458e-01  -3.6682830e-01  -2.0548400e-01  -1.9141621e-01   4.9400029e-01   3.9251440e-01  -2.3391049e-01   1.7164308e-01  -1.9453555e-01  -3.4591054e-01  -4.4669048e-01  -1.9745490e-01  -8.4910796e-02   4.3456606e-01  -2.1037017e-01  -4.3806423e-02   2.6114489e-01   2.0190854e-01   3.6739315e-02   4.0324186e-01  -2.8299971e-01   5.4133506e-01   3.6226992e-01  -2.2492781e-01   6.3392723e-01   1.8934588e-04  -2.5929444e-01  -3.3910079e-02  -3.8484173e-01  -1.6642503e-01   1.1820437e-01  -9.3506742e-02  -2.8814073e-01  -1.8064789e-02  -2.9382500e-01   1.8431480e-01   7.3613415e-02   5.5300064e-01   1.7659797e-01  -4.0002273e-03  -1.5236749e-01  -3.6141026e-01  -5.4307513e-03  -4.2429498e-01  -1.1347600e-01   3.5353284e-01   1.3296714e-01   4.5239875e-01   4.7261009e-01   4.7465894e-01   2.9278099e-01   5.1629712e-01  -1.5774201e-01   2.0604337e-01  -2.3293175e-01   7.0923736e-01  -1.6428195e-01  -1.7870308e-01  -2.8911027e-01   1.1612810e-01  -3.3550645e-01   1.2504099e-03   8.0039688e-02   1.9857429e-01  -1.6471704e-02   6.2044045e-01   2.1991952e-01   2.3182555e-01  -1.0288817e-01   6.6889419e-02  -2.2863756e-01  -2.0850615e-01  -1.0849286e-01   1.4931698e-01   1.5900031e-01   3.4552892e-01   1.4330142e-01  -1.6417717e-01   1.7530366e-01  -4.7601528e-02   1.6096268e-01  -1.4913070e-01   3.6844841e-01  -2.1300288e-01  -7.0330915e-02   9.5675286e-04   4.5555887e-01   3.8869033e-01  -1.0966596e-01   9.2488328e-02   4.7285271e-01  -1.1580204e-01  -2.8222175e-01  -3.7583259e-01   3.4797931e-01  -1.4782585e-01   6.6868260e-01   4.6445236e-01  -3.7539698e-01  -3.2333346e-01   4.8077063e-01  -2.3197874e-01   2.1525507e-01   2.6586434e-02   2.3785754e-01   4.3238269e-02   6.0821838e-02   1.5481262e-01  -3.0224375e-01  -4.4400055e-02  -1.0893074e-01  -3.0780252e-01   2.1579929e-01   2.1330812e-01   3.2352152e-01   1.6589594e-01  -3.2958517e-01   5.3428728e-02   2.6453517e-01  -2.8465561e-01   2.5752986e-01   7.5936503e-02   5.2151519e-02   1.4710198e-01  -3.7334990e-01   3.6037610e-02   1.8689125e-01  -1.4282444e-01  -2.9262496e-01   1.0696824e-01   2.8637725e-01  -2.1464619e-01  -1.1281029e-01   9.3987511e-03  -2.0365149e-01  -2.4027884e-01   1.2237290e-02   1.4695892e-02   2.4941817e-01
   1.4675641e-01  -3.8082267e-01   3.5441487e-01   8.3909426e-02  -1.9964906e-01   1.2250848e-01  -2.1178617e-02  -6.9380090e-02   1.0526114e-01   0.0000000e+00   3.1004276e-01  -6.2802548e-03   2.0172740e-02   2.6957433e-01   2.4831945e-01  -3.3297803e-02   8.0895483e-02   3.8585803e-01  -1.0080713e-01   1.4193227e-01   3.0816534e-01   3.3808747e-01   3.3695803e-02   2.7095831e-01   1.6369770e-01  -3.2778799e-02   1.1887023e-01   2.7023748e-02  -6.1142155e-02   2.9653701e-01  -8.4116493e-02   1.1508082e-01  -6.3524924e-02  -2.9232344e-02   7.6164518e-02   1.3693546e-01  -1.0806778e-01  -1.1994791e-01  -1.7717559e-01  -4.9008408e-02   2.9341925e-02  -1.8035626e-01   1.7940143e-01  -4.4923812e-03   1.5217686e-01   3.9103717e-01   2.8919144e-01  -2.5280276e-01   6.1732659e-02   7.8650741e-02   3.5017216e-01  -1.3275316e-01  -3.9236143e-01   7.4752613e-02   5.2898342e-04   1.5290666e-01   4.0126036e-01   3.2112225e-01   6.2939917e-02   2.5401784e-01   1.1950672e-01  -1.7819902e-01   1.8765172e-01   7.8929185e-03   8.5346690e-02   6.2835204e-01  -2.1853555e-02  -2.4256100e-01   4.7347526e-02   5.2042754e-01  -4.4319345e-01   6.7548489e-02   3.1807037e-02   9.0992200e-02  -5.0560077e-02   1.0326651e-01   1.0126229e-01  -1.8324974e-01  -2.8268754e-01  -1.2631648e-01   2.8116216e-01   3.2128163e-02  -2.4966813e-01  -8.9044849e-02  -2.3787827e-01   3.0060190e-02   4.5450714e-02   2.9139837e-01   1.5597913e-01   8.9977768e-02  -4.1284140e-01   9.4636171e-02  -4.6106953e-02   2.6307336e-01  -4.3199645e-02   1.4637898e-01  -7.2356041e-02  -8.9799579e-02  -1.5294776e-02   1.4288104e-01   1.1744620e-01   1.8628468e-01   1.6464855e-01   3.0884076e-01   1.8084378e-01   9.5571274e-02   2.4554318e-02   4.4479904e-02   5.8657071e-02   3.6145542e-03   5.5049482e-02   4.2061677e-01   2.2486580e-01   8.8269687e-02   2.4937558e-01  -3.6427479e-01   5.4007232e-02  -3.9942070e-02   8.7548568e-02   5.8620649e-02   1.1613025e-01  -2.1608167e-01  -3.8683041e-02  -1.4353264e-01   1.1418732e-01   3.8269944e-01   3.5931639e-01   8.1707916e-02   1.0361553e-01   4.2254092e-01  -6.9328035e-02  -9.1915673e-02   1.5859067e-01  -2.1161960e-01   3.1550093e-01  -1.1151583e-01  -2.4844600e-01   1.8987929e-01  -1.2065786e-01   1.0703042e-01   2.0229010e-01   1.0705679e-01   1.2986693e-01   3.0549060e-01   4.3038736e-02   2.4705337e-02  -2.4105406e-01   1.1036518e-01   5.9061137e-01  -4.4033586e-01  -1.7230042e-02  -1.0413332e-01   1.6567333e-01  -9.7803676e-02  -2.3160692e-02   8.3061010e-02   6.4880993e-02  -6.6323600e-03  -1.4367629e-02   1.8419948e-02  -1.4018283e-01   1.4200331e-01  -1.3791613e-01   1.2705989e-01   1.5225113e-01  -1.9534977e-01   3.6830478e-03   2.0240266e-01   1.4840166e-01  -4.4085082e-01  -5.6080810e-02  -1.7745563e-01   5.7211844e-02   3.0213307e-01   1.7846347e-01  -4.3543944e-02   3.2851601e-01
   1.3939799e-01  -4.4029725e-01   9.5761249e-03   2.3305881e-02  -3.3841528e-01  -7.0700738e-02  -2.5621194e-01  -1.7965048e-01  -6.9920583e-02   3.1004276e-01   0.0000000e+00  -3.2435695e-01   9.8287611e-03   1.5271525e-01   3.4381730e-01   1.4168483e-02  -1.7001693e-01   5.0355662e-01  -1.3386919e-01  -2.2140550e-01   3.3587706e-01   2.3679575e-01   1.5664099e-02   1.3327694e-01   5.7984992e-02  -4.3219629e-02  -1.0330223e-01  -2.2380238e-01   2.6790128e-02   1.6009915e-01  -2.8732670e-02  -6.9504189e-02   5.7909094e-02  -2.9204023e-01  -1.8162632e-01   7.5328098e-02   6.5827890e-02  -7.9613486e-02   6.7213694e-02  -4.0540223e-01  -2.5659836e-02  -9.1275418e-02  -7.2289336e-02   2.5723689e-01   1.2858461e-01   1.9419483e-01   6.7047988e-01  -3.2676707e-01  -2.6835432e-01  -2.1579925e-01   5.9666775e-01  -1.5430343e-01  -3.0946685e-01  -1.0431835e-01   5.2211998e-02   3.4939034e-01   2.5801041e-01   1.8352268e-01   1.1524279e-01  -1.0874096e-01   1.7695257e-01  -2.4253389e-01   6.7190429e-02   3.4150306e-01   2.6894022e-01   4.5728217e-01  -2.1240357e-01  -2.2530930e-01   3.9706240e-01   2.7605012e-01  -4.5955989e-01   1.4242696e-01  -1.8843900e-01   5.1336643e-02  -1.2565528e-01  -1.8833799e-01   1.5150631e-01   5.5221079e-02  -3.4510375e-01  -1.8630587e-02   2.3608600e-01  -3.6103175e-02  -6.5612761e-02  -9.9296697e-02  -1.4647617e-01  -2.0341774e-01  -4.7248519e-02   1.8432933e-01  -2.2680322e-02  -8.5061309e-02  -4.2900124e-01   9.0865831e-02  -2.5014795e-01  -8.4172102e-02   1.6045773e-01  -7.5195604e-02  -7.8197924e-02   5.9935849e-03  -9.0452139e-02  -8.2148124e-02   2.1455426e-01   2.6327648e-01   3.7359555e-01  -5.3926299e-02   4.5078211e-01  -5.6624802e-02   1.1804868e-02   1.5608662e-01  -5.6825388e-02   1.9502207e-02  -7.7651674e-02   4.6009036e-01   3.0040846e-02   6.7489811e-02   5.8880786e-02  -3.5707412e-01  -1.0638904e-01  -1.0292386e-01   2.0297073e-01   1.0076931e-01   1.7605481e-01  -3.8610392e-01  -2.2773748e-01  -4.1850917e-02   1.2351596e-01   1.0251996e-01   2.5345987e-01   7.4730941e-02   2.3977321e-01   2.4176377e-01  -1.0485819e-02  -1.5814765e-01   2.1642140e-02  -2.2501912e-01   8.1036650e-02  -2.8278378e-01  -6.4573016e-02   2.7421696e-01  -2.6769674e-01  -3.2894314e-02   1.3020684e-01   1.4645746e-01   4.3090907e-01   3.8771765e-01   6.3294312e-02   1.4400448e-01  -5.0473968e-01   1.6477158e-02   6.0325848e-01  -2.6076321e-01   6.6583998e-02   5.1753891e-02   1.6808223e-01   1.4424393e-04  -3.2346457e-01  -8.4077114e-02   2.7799086e-01   2.8846924e-02   4.7527842e-02   1.6374201e-01  -2.0880379e-01   6.1626163e-01  -1.2465640e-02   4.5632280e-01  -4.3023491e-02  -2.5046664e-01   3.4828541e-02   2.8434733e-01   3.1436952e-01  -3.6741637e-01  -2.3920888e-01  -1.2278340e-02   2.3441977e-01   4.4018428e-01   5.1585088e-02  -1.1999653e-02  -2.1168262e-02
  -3.5911674e-01   5.9849231e-01   2.8963915e-01   4.4079700e-02   5.5810098e-01   7.7644943e-02   6.3451503e-01  -1.3868439e-01  -2.1309916e-01  -6.2802548e-03  -3.2435695e-01   0.0000000e+00   1.8029005e-01  -3.9904944e-01  -3.3060966e-01   1.9244976e-01   3.6905551e-01  -6.4999308e-02  -1.5979802e-02   5.3184686e-01   5.1558944e-02  -1.6083813e-01  -2.7933503e-01  -4.2970924e-01   3.0471408e-02  -9.2119367e-02   3.0175677e-01  -8.0780259e-02  -5.7829947e-04   1.2354421e-01  -3.8713088e-01  -1.2654716e-01   4.1170166e-02   5.3029750e-01   4.5940646e-01   3.5710102e-01   1.3156123e-01  -1.6098025e-01   1.1870988e-01   3.3961233e-01   4.4070333e-01   2.9408065e-01   3.1006603e-01  -3.9891166e-01   1.8831561e-01  -6.8848724e-02  -1.7822953e-01   5.2007609e-01   1.9017406e-01   4.5221450e-01  -1.4076329e-01  -1.7176543e-01   3.4378096e-01   5.6285446e-02  -3.7320036e-01  -4.7157929e-01  -4.4949221e-02  -2.6334166e-01   2.1891229e-01   1.8737885e-01  -2.2647672e-01   2.7047349e-01  -1.9218077e-01  -1.7757338e-01   3.0194790e-01   1.5834557e-01   3.8361945e-01   5.9509201e-02  -3.4577250e-01  -7.8267848e-02   3.8834834e-01  -2.3728947e-01   3.8510330e-01  -1.6869290e-01   2.5320689e-02  -1.7042234e-01  -1.2975054e-01  -1.9118803e-01   6.0016440e-01  -9.2103533e-02  -2.3547146e-01   2.9776521e-01  -2.2051457e-01  -4.9195667e-02  -6.2728718e-02  -2.2294524e-01  -2.2566911e-01  -3.7449928e-01  -8.0921033e-02  -4.0991529e-01   5.5516551e-01  -9.4952614e-02   4.1372300e-01   8.4146932e-02  -1.9700240e-01   5.7581902e-01   2.8117053e-01  -1.2311483e-01   4.1368205e-01   1.5468035e-01  -4.0429809e-01   3.3093100e-01  -3.8790285e-01  -1.0057598e-01  -3.2432744e-01  -2.2893102e-01   7.9912456e-02  -1.7576800e-01   3.0619410e-01   3.3853366e-01   7.9320415e-02  -2.0664947e-01  -1.1432053e-01  -3.9927795e-01  -3.8173104e-01   3.9001479e-01  -7.9101309e-02   4.9403350e-02  -4.7900818e-01  -1.5584564e-01  -3.6258389e-01   6.9034947e-01   3.4783309e-01  -5.3434092e-02  -2.7700442e-01  -8.2215201e-02   2.6073025e-01   1.2494843e-01  -2.9221085e-01  -1.1237637e-01   4.1827513e-01   5.4092166e-01   1.5128285e-01  -1.3041634e-01  -2.3724869e-01  -1.1940992e-01  -7.6124080e-02  -2.6587036e-01  -1.3275390e-01  -1.3579817e-02  -2.2233401e-01  -4.8826939e-02  -4.1622873e-01  -3.3017565e-01  -3.1578938e-01  -2.3966117e-01   5.4932410e-01   5.3138110e-01  -1.2419155e-01   7.2961604e-02  -3.6873870e-01  -4.3048465e-01  -4.7324410e-01   1.2613557e-01   6.4522639e-01  -1.7359324e-01  -3.4269057e-01   4.8185116e-01  -4.8096176e-02  -1.2364365e-01  -1.1322298e-01  -4.7181852e-01   1.3801586e-01  -2.5505508e-01  -8.4289059e-02   5.7769152e-01   3.1971001e-01  -3.1857458e-01  -2.4644178e-01   2.8110393e-01   7.1779296e-01  -3.8713360e-01   9.1835609e-02  -1.7367029e-01   2.0126262e-02  -7.8659076e-02   3.2103495e-02
  -3.5393933e-01   1.6494974e-01  -8.9737612e-02  -2.0217027e-01   3.9568149e-01  -3.4309136e-01   3.4538991e-01  -3.0757027e-01  -8.1772667e-02   2.0172740e-02   9.8287611e-03   1.8029005e-01   0.0000000e+00  -3.7038712e-01   2.2447636e-01   3.5243955e-01   4.8002598e-02  -1.0678450e-01  -3.3396124e-01   4.0566297e-01  -5.2650950e-02  -2.9342323e-02   4.3236164e-02  -2.4033104e-01  -3.3649724e-01  -2.8688569e-01   1.0436837e-02  -3.6528290e-02  -7.1698675e-02  -1.2625158e-02  -2.5192828e-01  -2.1088030e-01  -1.2744501e-01   3.3582911e-01   2.3332525e-01   4.4205210e-01   8.0213011e-02  -3.4369434e-02   2.1191570e-01   1.5044432e-01   5.1587806e-01  -2.7872663e-01  -2.3415960e-02  -3.4520374e-01   5.4207323e-01  -1.6900827e-01  -1.8959399e-01   1.6710069e-01   6.3954988e-02   2.6481528e-01   1.1486828e-01  -3.1042697e-01   1.3961379e-01  -1.9089170e-01  -2.3204307e-01  -2.3722202e-01  -8.4110916e-02  -1.5412257e-01  -7.2476691e-03  -4.2046061e-02  -3.2672388e-01   3.4223097e-01  -8.6700349e-02  -3.0915161e-01   5.5295994e-02   2.8164779e-01  -1.0495464e-01  -1.2894653e-01  -3.1476774e-01  -6.5512334e-02   2.6828386e-01  -1.0465334e-01   2.7654056e-01  -3.0221007e-01  -2.0112068e-01  -1.2330196e-01  -1.3901533e-01  -1.1944647e-01   2.3620947e-01   1.9452366e-01  -5.6220289e-02   2.8343150e-01  -6.6989173e-02  -2.4456739e-01  -4.5996078e-01  -1.8464510e-01   2.3354054e-02  -1.6881283e-01  -1.6238754e-01  -3.5180335e-01   1.8070142e-01  -3.3555913e-01   2.3250937e-01   2.2033260e-02  -1.3525863e-02   4.5777498e-01   2.1120040e-01  -1.8824664e-01   3.3368418e-01   3.7015157e-01  -4.4922079e-01  -9.6468093e-03  -1.3912996e-01  -1.8661935e-01  -9.6653552e-02  -3.1883722e-01  -1.0412891e-01  -2.8225524e-01   3.6797873e-01   5.3799081e-02   6.0425763e-02   1.3014014e-03  -3.1201987e-01  -3.5404576e-01  -1.8708121e-01   1.3664997e-01  -1.1082259e-03   3.0231768e-01  -4.0904535e-01  -9.2871612e-02  -3.9041086e-01   2.9547527e-01   8.1026330e-02  -2.1500615e-01  -3.6649068e-01  -9.9950558e-02   3.6391211e-01  -1.2266489e-01  -5.1482063e-03  -1.8120039e-01   4.6690484e-01   2.7687435e-01  -2.6220399e-01  -1.0162625e-01  -1.6481948e-01  -3.4188232e-01   6.4691820e-02  -1.8272799e-01  -1.2512146e-01  -1.7402680e-02  -1.3566776e-01   2.7435105e-01  -1.8381557e-01  -3.5499643e-01  -4.9709261e-03  -2.1473212e-01   2.1964441e-01   1.6427965e-01   5.0703815e-02  -3.0216773e-02  -4.1027561e-01  -2.9422942e-01  -3.1082965e-01  -1.1631839e-01   1.3454443e-01  -8.1140591e-02  -2.0465965e-01   2.0853370e-01  -3.2512817e-01   1.4137126e-01  -1.6030990e-01  -3.1672660e-01  -5.8824323e-02  -1.5117366e-01  -2.6700220e-01   3.0459070e-01   1.1836468e-01  -4.2288981e-01  -3.5748110e-01   1.3016066e-01   2.8730667e-01  -7.6893503e-02   2.4682015e-01  -2.6764244e-01  -1.1222664e-01   1.1207081e-01  -1.2086033e-01
   6.1137098e-01  -3.2752686e-01   2.2674361e-01   6.5555157e-02  -4.2136703e-01   3.2890721e-01  -6.5480330e-01   3.5201895e-01   4.0278767e-01   2.6957433e-01   1.5271525e-01  -3.9904944e-01  -3.7038712e-01   0.0000000e+00  -5.2824201e-02  -3.1588589e-01   7.6287522e-02   2.6120705e-01   2.8495323e-01  -4.5500251e-01   1.7381112e-02   3.8463158e-01  -2.0704879e-01   5.7935284e-01   1.3046329e-01   3.5633678e-01  -1.7647993e-01   2.7108064e-01   5.2482348e-02   2.3589564e-01   1.1858623e-01   3.2073146e-01   1.3544683e-02  -4.9146187e-01  -1.2217573e-01  -4.6457725e-01  -2.1336850e-01  -1.9767829e-01  -2.7656399e-01  -3.2362503e-01  -3.2269033e-01   6.0856254e-02   2.3815073e-01   5.3819025e-01  -4.9334245e-01   4.6275769e-01   2.4730437e-01  -5.5273063e-01  -2.0307924e-01  -2.0477714e-01   2.0259730e-01   3.6000356e-01  -4.5500523e-01   1.5622050e-01   3.9921514e-01   4.4432790e-01   3.2299578e-01   4.6641686e-01  -1.0569288e-01   2.7406491e-01   5.1202853e-01  -4.3085066e-01   2.8603485e-01   1.6988150e-01  -3.2164524e-01  -1.4533893e-01  -1.7278875e-01  -2.1295607e-01   3.7216712e-01   2.7361701e-01  -4.4976760e-01  -2.2768826e-02  -4.4150363e-01   3.4066862e-01   4.2836966e-02   2.3820950e-01   2.4739371e-01  -4.1930762e-02  -4.4197429e-01  -1.7686883e-01   2.5358767e-01  -4.8490821e-01  -3.0511052e-02   3.5482838e-01   3.5529589e-01   2.3080726e-01   2.7126648e-01   6.4248719e-01   4.0530253e-01   6.3283547e-01  -4.7170587e-01   4.6694410e-01  -4.3865208e-01   2.7706058e-01   1.7817618e-02  -4.2805060e-01  -5.3200562e-01   1.2673221e-01  -3.9998511e-01  -3.5265204e-01   5.1071598e-01   1.1035974e-01   2.1695877e-01   5.4469944e-01   3.3311917e-01   4.7647250e-01   5.3330317e-02   2.8558215e-01  -2.9919537e-01  -1.3455794e-01  -2.4100904e-01   2.8570586e-01   2.1281438e-01   5.3827088e-01   3.1071357e-01  -4.5181060e-01   1.7103001e-01  -2.1258984e-01   4.6329212e-01  -1.0706236e-01   5.6176485e-01  -5.2992201e-01  -7.8940846e-02   1.3582528e-01   4.6510217e-01   6.6142133e-01  -2.2759426e-01   1.2207783e-01   2.5955285e-01   2.9349562e-01  -3.8959343e-01  -4.8252723e-01   4.6898303e-01  -8.3224436e-02   3.5257836e-01   2.3815780e-01  -3.2807260e-01   1.0985179e-01   2.2525761e-01  -8.4340124e-02   4.3922429e-01  -3.2997973e-02   3.8320126e-01   4.8344753e-01  -8.5884232e-02   2.8908759e-01  -5.0284596e-01  -6.3377720e-02   1.3716025e-01  -4.0708636e-01   4.2457634e-01   2.8994478e-01   6.9294970e-01   1.7104002e-02  -2.4717420e-01   7.6102780e-02   4.8527827e-01  -3.4888156e-01   4.3411275e-01   1.0347038e-02  -6.4070980e-02   4.1961586e-01  -2.3523292e-01   1.5218834e-01   4.1996623e-01  -4.3629665e-01  -2.3957791e-01   4.8065609e-01   5.3205507e-01  -3.9944957e-01  -4.8397263e-01   8.4468023e-03  -3.8193488e-01   2.8133526e-01   7.3688888e-02  -5.2263320e-02   3.5727656e-01
