   0.0000000e+00   1.5391083e-01   5.5122813e-02  -1.4700142e-01  -2.4183392e-01   1.1736744e-01  -3.8917803e-01   1.9340610e-01   3.0051725e-02  -1.7618406e-01   1.4978637e-01   7.0858342e-02  -1.6216607e-01   2.6854238e-01  -1.6897206e-01  -2.2867445e-01  -3.2740772e-02  -2.3806111e-01  -3.3625736e-02  -1.5780494e-01  -3.2744350e-01   1.4749921e-02  -1.9993153e-01   4.6148792e-01  -3.8432281e-02   2.1520705e-01  -8.6034831e-02  -4.6178171e-02   2.5974390e-01   5.9415347e-02  -3.4526006e-01   3.9549661e-02   1.3203872e-01  -3.8856111e-01   2.4452685e-02  -3.2229569e-01  -2.9624370e-01   4.9039056e-01  -2.9937266e-01  -3.3961502e-01  -1.9966352e-01   2.0130379e-01   1.5188552e-01  -1.0329288e-01  -2.6553952e-01   1.7263011e-01   3.0469875e-03  -4.1116338e-01  -3.3728392e-01   2.2564180e-02  -1.7772490e-01   6.4309111e-02  -4.7617547e-01   1.8032231e-01   2.3961269e-01   2.1429702e-01   1.1980970e-01   4.3272420e-02  -9.6847817e-02   2.7328048e-01   2.9906675e-01  -1.6947548e-01   2.3638090e-01   9.9978031e-02  -2.1407328e-01  -1.5481325e-01  -2.3527689e-02  -4.5562697e-02   7.3611849e-02   5.7621703e-02  -2.4325600e-01  -8.3365832e-02  -3.4736480e-01   6.0097385e-01  -5.1048988e-02   2.9419576e-02   2.7453493e-01  -1.3345335e-02  -1.7304483e-01  -2.0365933e-01  -7.6805002e-02  -2.6396660e-01  -4.4453707e-01   1.0697263e-01   5.5825681e-01   1.2783049e-01  -2.9176329e-01   3.1370925e-01   1.7966656e-02   6.8960889e-01  -2.9109603e-01   3.5736859e-01  -1.0007892e-02   2.0186388e-01   3.8737985e-01   4.0830729e-02  -2.7714295e-01   1.8816637e-01  -1.7314245e-01  -4.7976146e-01  -3.8260118e-02   1.6473279e-01   7.9644744e-02   1.1906104e-01  -1.3770669e-01  -5.2365385e-02   1.6718349e-01   1.1891783e-01  -2.4745743e-01  -8.3922443e-02  -3.1377309e-01   2.0460768e-01   7.5402178e-02   6.9265908e-01  -1.3505441e-01   1.4223372e-01   1.1812545e-01  -1.2798422e-01  -6.0485912e-02  -8.1524283e-02   3.0412778e-01   4.2420447e-02   7.6693572e-02  -3.2919333e-01   3.9312148e-01   3.0810876e-01  -1.9952328e-01  -5.4759381e-02   2.9059136e-02  -2.2770896e-01  -1.4645477e-01  -4.4206809e-01   5.1944241e-01  -3.8308569e-01   9.1246554e-02   2.5102641e-01  -1.1496560e-01  -3.3176754e-01   1.7487129e-01   5.0566587e-01   5.4665827e-01   9.7341459e-02   2.5431920e-01   1.1442263e-01   1.0588585e-01   6.7145768e-02  -1.1725335e-01  -2.1859365e-01   5.8540995e-02  -4.6626887e-01   3.8913167e-01  -6.5838651e-03   2.1079543e-01   1.2467742e-03   4.4371553e-02   6.3166785e-01   2.8950567e-01   1.7489399e-02   3.3737204e-01   1.7880596e-01  -1.3227595e-01   4.7633688e-02  -2.6439502e-01  -1.0287357e-01  -1.3823288e-01   1.2454438e-01   3.3998395e-01   4.9865914e-01   2.7736600e-01  -2.0044194e-01   1.8123049e-02   6.6194983e-02  -1.3207855e-01   3.5910177e-01   2.4640906e-01  -2.4129436e-01   1.0456980e-01
   1.5391083e-01   0.0000000e+00  -6.5478102e-02   1.2672728e-01  -2.2521531e-01  -4.9910022e-02   2.2746364e-03   1.4905107e-01   5.4401519e-01  -2.2287582e-01  -1.4356590e-01   4.3118919e-01  -1.8654584e-03  -1.0648718e-01  -2.6495965e-01  -1.2856651e-01   4.1819450e-02  -1.5950666e-01   1.1231951e-01  -1.8912782e-01  -3.8993967e-01   1.9229215e-01  -4.2289670e-01   1.7335550e-01   9.6774100e-02   1.4365338e-01  -1.9506510e-01  -2.5053625e-01   1.8941852e-02   1.1720026e-01  -1.6374807e-01   2.0052617e-01  -4.7978443e-02  -1.1905643e-01   3.2957611e-01  -2.6864528e-01  -2.7061129e-01   2.2722405e-02  -1.8724392e-01  -1.2249771e-01  -9.4887965e-02  -1.5346224e-01   2.3807980e-01  -3.9598162e-02   1.1528430e-01  -1.0766740e-01  -2.0638680e-01  -1.6598480e-01  -4.2416064e-01  -5.2844789e-02  -1.5482221e-01   1.1192800e-01  -2.8600386e-02  -5.5474363e-02   1.1115706e-01  -1.5592981e-01   2.2230232e-01   2.4384168e-01  -9.1982675e-02   4.9786421e-01  -2.1988826e-01  -1.5062567e-01   2.6468308e-01   2.5589053e-01   4.4697123e-02   1.5839479e-02  -3.2679966e-02  -5.3909238e-02  -7.9473789e-02  -8.6615500e-02   8.4016993e-02   6.7149399e-02  -2.9144146e-01   2.4630615e-01  -1.0936394e-01   2.8886103e-01  -7.8982735e-02  -6.6960190e-02  -2.0451719e-01  -1.1318381e-02  -1.7221913e-01  -1.8187808e-01  -2.9994020e-01   2.7874676e-01  -2.1849967e-02   3.0826693e-01  -2.4743609e-01   1.4002512e-01   1.7797814e-01   9.2043647e-02  -6.6876566e-02  -2.4190991e-01  -1.9856032e-01   3.9273289e-01  -9.6638380e-02  -1.0786964e-02  -8.4557821e-02   2.2684928e-01  -3.7968628e-02  -4.2168413e-01  -2.8943378e-01  -6.0342512e-03  -8.9973127e-03   5.2889286e-01  -1.2281770e-01   3.0067249e-01  -1.7272484e-01   5.8513912e-02  -2.9180046e-01  -1.1187805e-01  -3.2135214e-01   3.2987997e-01   1.4527342e-02   4.2346219e-02  -3.2647548e-01   6.5899044e-02   2.7333198e-02  -1.5404639e-01  -1.9857223e-01   1.3279344e-01   1.6547657e-01   8.1049658e-04   1.1581626e-01  -1.9648549e-01   6.0013398e-02   2.7823062e-01  -3.3460220e-01  -2.1136783e-01   1.9240181e-01  -1.0050120e-01  -2.9831635e-01  -2.3617717e-01   3.8155499e-01  -2.2675963e-01   2.0229761e-01   1.9927473e-01  -8.2038086e-02  -3.0717896e-01   2.9539848e-01  -2.7737455e-02   2.0043053e-01   1.1630381e-03  -3.7692696e-02  -2.3924569e-02  -9.0839230e-02   3.9079533e-02  -1.4158830e-01  -4.6985622e-02  -2.0792437e-02  -3.1058500e-01  -1.6182682e-01   6.2385574e-03   8.2997048e-02  -9.5229901e-02   2.2647845e-01   2.8208054e-01  -1.7368156e-02   3.1138318e-03  -2.8593208e-01   1.7591106e-01   9.9874365e-02  -4.7874237e-02  -1.8427137e-01   1.0944505e-01   2.0061213e-01   2.7677485e-02  -4.7873269e-02   1.8598352e-01   1.8172660e-02  -1.1613431e-01  -7.2666235e-02   7.9110869e-02  -6.5834165e-02   2.9546365e-01  -6.1649969e-02   2.2473218e-02   3.1189474e-01
   5.5122813e-02  -6.5478102e-02   0.0000000e+00  -2.0938028e-01   4.4277058e-01   9.8712858e-02   1.9532428e-01  -2.0509368e-01  -2.0152068e-01   8.9068774e-02  -3.3207557e-01   2.5811789e-01  -2.4610306e-01  -1.9082469e-01  -1.6852729e-01   4.1903922e-02   8.6362035e-01  -1.5524484e-01   1.1316600e-01   3.6162176e-01  -2.5161806e-01  -3.9656804e-01  -1.0392993e-01  -8.1408518e-02  -1.3288821e-01  -5.3086889e-02   2.4284929e-01   8.6393580e-02   2.7250321e-01  -3.8292935e-01  -1.3115727e-01  -3.3385634e-01   1.1202875e-01   2.2406194e-01  -1.3674154e-01   2.4355218e-01   6.1072673e-02   1.1254656e-01  -5.4727924e-02   5.5754343e-01  -2.8339559e-01   1.0757907e-01   3.3932694e-02  -3.2737016e-01   6.4370924e-03   1.6135170e-01  -5.8881445e-02  -1.4712323e-01   9.8824436e-02   7.6074177e-01  -3.1934702e-01  -9.3781275e-02   1.0641800e-01   1.1677833e-01  -8.3148573e-02  -2.2991787e-01  -1.6035189e-01  -2.7270889e-01  -1.8674560e-01  -1.6616746e-01   3.0241990e-01   1.2417894e-01  -8.5818871e-02  -4.6019700e-01   1.0898721e-01   2.6504084e-01   6.2291899e-02   7.5118816e-03  -1.7853629e-01   5.7711955e-01   2.9149506e-01  -2.2735256e-01  -2.0769111e-01   1.0000550e-01  -1.6858236e-01  -1.1195699e-01   2.8039548e-01  -1.0007529e-01   3.3295637e-01  -2.2932058e-01  -4.8954766e-02  -2.7517613e-01   6.2471525e-02  -9.2132095e-02   3.6647726e-01  -6.1769199e-02  -3.8965353e-02  -1.0041874e-01   2.4095577e-01   1.2211025e-01   2.8002741e-01   4.8322217e-01   5.9446194e-01  -1.4723386e-01   9.9001724e-02   3.6978317e-01  -1.8763455e-01  -1.0366166e-03   2.0479680e-01  -1.9500428e-01   3.1031519e-01  -1.4503499e-01  -3.7046905e-01  -2.5742669e-01  -4.2854929e-01  -2.5913702e-01   3.5408832e-02  -5.7302648e-02  -3.7394930e-02  -1.9762931e-01   3.0438971e-01  -2.6898319e-01  -8.0285306e-02   1.0993470e-01   2.1821528e-01   8.3033240e-02  -2.1514824e-01  -2.6763392e-01   1.5805009e-01  -1.1456479e-01  -4.0039915e-04   4.4336418e-01  -1.2963630e-01  -3.5589170e-01   1.3565410e-01  -5.3772737e-02  -3.4972935e-01  -1.1994768e-01  -2.3849133e-01   4.0152038e-01  -1.6775403e-01   4.4689437e-03  -1.0180271e-01  -1.6219921e-01  -1.3120305e-01  -2.3046756e-01  -7.4830690e-02  -1.4731328e-01  -7.2933507e-02   8.4034805e-02  -4.1956437e-02  -8.3056992e-02  -2.8209925e-01   2.4277966e-01  -3.8524744e-01  -5.8510775e-01   4.7352778e-01  -3.3191631e-02  -1.5535061e-01  -2.4402276e-01   1.7398767e-01  -2.6372703e-01   9.8350829e-02  -6.7431397e-02   4.7132190e-01   2.5167950e-02   1.7422354e-01  -2.3146385e-01   3.4154040e-01  -8.7715365e-02  -1.7978599e-01  -3.8369495e-01   5.0896128e-02  -3.1494297e-01  -2.4717117e-01   1.9644507e-01   1.5929007e-01  -2.0314875e-01   1.8272684e-01   4.1661787e-01   3.6865435e-01  -2.6834886e-03  -2.2273918e-02  -1.6600300e-02  -1.5193566e-01  -2.5681970e-02  -3.2386758e-02
  -1.4700142e-01   1.2672728e-01  -2.0938028e-01   0.0000000e+00  -7.4694214e-02   3.1151924e-01  -5.3689020e-02   1.1316389e-01   1.5609643e-01   1.6709067e-01   3.4472674e-01  -5.0540738e-01   1.9187193e-01   1.6698381e-02   3.0676247e-02   4.6124122e-01  -1.2099423e-01   6.0763598e-01  -1.5804216e-01  -9.0972028e-02   3.3439971e-01   6.2530928e-01   2.9159964e-01  -2.1291366e-01   5.1906550e-03  -1.8791520e-02   3.5113361e-01  -1.7883601e-01  -1.6748821e-01   4.1231030e-01   2.8340659e-01   4.3682643e-01   1.3286971e-01  -2.2507659e-01  -1.1462613e-01   2.2867007e-01   2.0881177e-01  -1.1881266e-01   4.7602500e-01  -6.3555761e-02   5.0240285e-01   2.5564494e-02  -1.5356220e-01   2.9854582e-01   2.4703154e-01   1.8412005e-01   5.3217241e-01   2.6634534e-01   7.7258781e-02  -3.8292820e-01   5.2823878e-01  -2.4547406e-01  -9.0079606e-02  -1.3513931e-01  -2.9051849e-01  -5.8249874e-02   1.6188155e-01   4.8050938e-01   6.8916516e-01  -1.0289100e-01   1.4751962e-01   3.6589223e-01  -5.4470207e-02   1.8461363e-01  -6.9184283e-02  -2.5638266e-01   4.4616226e-01   1.4747216e-01   4.8385699e-01   7.3846987e-02  -4.5340806e-01   6.9647557e-01   2.2482334e-01  -7.3305191e-02  -4.7929380e-02   1.3398282e-01   9.1448645e-02   3.1162753e-01  -3.7830205e-01   6.0116862e-01  -8.5481977e-03   1.5810545e-01   3.5870973e-03   1.4490247e-01  -1.1356597e-01   9.2839516e-02  -2.1748046e-02  -9.9791526e-02   7.5598255e-02  -1.1863902e-01  -2.6713834e-01  -1.7116643e-02  -4.0901999e-01   1.6060917e-01   1.0537748e-02  -2.9744100e-01   5.9320260e-01  -1.6592428e-01   4.0716458e-01   1.2174151e-01   4.0649833e-02  -2.1788755e-01   2.6124378e-01   3.0857105e-01   5.8037424e-01   5.1630781e-01  -5.9736436e-02   1.8629942e-01   2.0999220e-01   5.6053632e-01  -3.0796456e-01   3.2810968e-01   5.5321822e-01  -6.8206268e-02   6.0242213e-02  -4.2003244e-01  -6.4283159e-02   2.4827781e-01  -2.6643265e-02   7.5328526e-01   3.6810902e-02  -5.1256827e-01  -1.9780252e-01   1.1188844e-01   5.1262962e-02   2.9247246e-02   6.7275477e-04   7.4983975e-03   5.2027026e-01   2.1735045e-01   2.2291273e-01   1.9108315e-01   2.3904319e-01   2.8611436e-01   2.0529942e-01   2.5332034e-01   1.2913556e-01   1.7621697e-01  -8.7664504e-02  -1.8849881e-01  -2.9069051e-01  -2.8584332e-01   1.0497614e-01   4.1185200e-02  -5.6490254e-02   2.6148935e-01  -2.8963237e-01   2.3181580e-01   3.9149985e-01   1.5759138e-01   6.5458197e-02   8.5790181e-02   7.3630735e-02   2.3044030e-02  -5.4778495e-01  -1.2326150e-01  -2.2940240e-03   6.5018965e-01  -4.5717917e-02   5.0994030e-02   2.7701154e-01   3.3957572e-01   8.0847794e-02   5.6515923e-01   5.0215406e-01  -6.1784349e-01  -4.6706565e-01  -8.3587443e-02  -1.9890880e-01  -8.7385435e-02  -4.9413115e-01  -1.0601974e-01   5.6192796e-01   2.2939120e-01  -5.1912746e-02   9.2996576e-02   4.2640568e-01
  -2.4183392e-01  -2.2521531e-01   4.4277058e-01  -7.4694214e-02   0.0000000e+00  -1.0569067e-01   2.8385523e-01  -4.7182694e-01  -4.3751471e-01   4.9236966e-01  -1.7485642e-01  -9.6847879e-02   1.6151741e-01  -2.3596796e-01  -9.4748978e-02   1.7858999e-01   5.2894780e-01   3.1227007e-01   4.7247550e-02   8.0670417e-01   1.9018401e-01  -4.2289120e-01   1.0943331e-02  -2.7724599e-01  -2.7667735e-01  -4.0084039e-01   3.9068355e-01   4.1769209e-02  -1.1603697e-01  -3.6326870e-01   2.5679144e-01  -3.3097251e-01   1.4517317e-01   5.0792212e-01  -5.7955097e-01   7.7908828e-01   4.2969695e-01   2.1907979e-02   2.6237553e-01   7.7443813e-01   2.6915187e-01  -2.4131274e-02  -3.7972238e-01  -2.1898358e-01   3.3914621e-01   5.3051804e-02   1.8918113e-01   2.9225449e-01   3.8441746e-01   5.2132380e-01   1.4075793e-01  -2.9788430e-01   5.3071953e-01   5.0892317e-02  -2.3186649e-01  -3.4446182e-01  -4.3430621e-01  -4.4504030e-01   1.3057138e-01  -6.3935072e-01   7.7305838e-02   4.5031913e-01  -4.0886542e-01  -3.5933337e-01   3.9611275e-01   5.6233364e-01   1.9575162e-02   1.1811782e-01  -2.9670993e-01   3.3198636e-01   4.2164602e-01  -1.8726751e-01   4.1916486e-01  -4.5391810e-01   3.7019056e-02  -3.1064121e-01   5.7313855e-02  -1.5432466e-01   5.4757611e-01   1.3054972e-01  -1.2309686e-01   2.7639202e-01   5.0871637e-01  -3.5881656e-01  -7.0591085e-02  -2.5804101e-01  -5.2249734e-02  -4.0352888e-01  -1.1157162e-01  -1.5304342e-01   6.4583610e-01   2.5855795e-02   5.4028971e-01  -5.7925723e-01   1.6752900e-01   5.3994257e-01   2.3420785e-01  -3.0827689e-01   5.7766913e-01   3.7995837e-01   2.8902434e-01  -2.9197198e-01  -4.9418396e-01  -6.0584196e-01  -2.4846812e-01  -3.1881888e-01   3.0736780e-02  -4.6591486e-01   2.1444423e-01   1.6852555e-02   3.9444430e-01  -5.1630333e-01  -1.5694534e-01  -1.7495883e-02   1.1005416e-01   1.4448474e-01  -3.5782190e-01   2.1686690e-01   1.1426926e-01  -1.4438035e-01   9.7400624e-03   4.0858689e-01  -2.1894568e-01   8.8738180e-02  -6.7871591e-02  -4.0042209e-01  -8.9824134e-02  -7.5341248e-02  -5.5755365e-01   5.5711397e-01   3.6520854e-01   5.0143995e-01  -3.1233261e-01   2.2828113e-01  -4.1054533e-01  -5.2236668e-01   2.0269345e-01   1.8880946e-01  -4.0662154e-01  -9.8643396e-02  -4.0161065e-01   6.0012386e-02  -2.9425680e-01   2.6250721e-02  -1.4002182e-01  -3.7894632e-01   2.3907409e-01   3.6285479e-01  -5.1355527e-02   2.4900144e-01  -2.9246982e-01  -3.5728368e-01  -9.1818080e-02   1.6827669e-01   4.1625966e-01  -1.6679236e-01   5.5256132e-02   8.8966252e-03   3.0725081e-02  -4.7734189e-01  -2.9266314e-02  -2.2920709e-01   5.5682560e-01  -2.5453003e-01  -2.3146175e-01   1.2613982e-01  -3.4429087e-02  -2.9637707e-01  -6.9600614e-02   7.5775155e-01   2.7539307e-01  -6.7449815e-02   1.7745741e-01  -3.4368017e-01  -9.1939456e-02   9.5302322e-02  -2.6531786e-01
   1.1736744e-01  -4.9910022e-02   9.8712858e-02   3.1151924e-01  -1.0569067e-01   0.0000000e+00   1.1707871e-01   1.4023397e-01  -1.3627912e-01   1.5667755e-01  -8.3103689e-02  -2.3196148e-01  -3.3083557e-02   1.1587403e-01  -9.8021468e-02   4.7838168e-01   9.1599609e-02   1.3425976e-01   2.4684742e-01   7.2342093e-02   1.9689210e-01   1.6859377e-01   2.8275754e-01   1.7062563e-01  -2.2657382e-02   1.4119293e-01   4.5242283e-01   1.1211360e-01   6.5601267e-02   1.6106705e-01   1.6254644e-01   5.1831690e-03  -5.3135786e-02  -2.8670077e-01  -1.2157843e-01   1.1923458e-01   1.6162244e-01   2.3787109e-01   2.7860451e-01  -1.3808221e-01   1.7850163e-01   7.8446556e-03  -8.3362699e-02   5.2613338e-02  -3.1107463e-01   3.5032092e-01   3.5648197e-01   9.1129419e-02  -1.5197352e-01  -8.6597081e-02   7.0444712e-02  -8.7794875e-02  -3.0901576e-01  -3.3005380e-01  -1.2024279e-01   9.4859408e-02   3.3603856e-01   5.8287511e-02   2.3520880e-01  -5.9196732e-02   3.5969150e-01   1.6981821e-01  -1.0782431e-01  -1.7430020e-01  -4.7098029e-01  -1.2699536e-01   8.4204103e-01  -2.0805200e-01   6.8833736e-02   3.7920537e-01  -3.6288538e-01   1.6308678e-01  -1.1715283e-01   1.1248174e-01  -1.7642671e-01   1.1652106e-01   2.7992219e-01  -6.0551359e-02  -3.5091343e-01  -2.0504450e-02   1.8818771e-01  -1.6568239e-01  -2.3023982e-01   1.2815458e-01   1.8190278e-01   3.4380642e-02  -1.0500127e-01   1.2706386e-01   3.4353842e-01   1.6670362e-01  -5.3252037e-01   2.7797453e-01  -1.2004254e-01   1.0920460e-01   1.6009446e-01  -9.6474625e-02  -1.1630955e-01   1.7077278e-01  -1.0182589e-01  -1.0717449e-01   8.0272324e-02  -2.8919510e-01   2.4480363e-01   1.3929614e-01   4.7961204e-02   1.1077402e-01  -1.2986886e-01   3.4582564e-01   1.3189874e-01   2.9504543e-01  -2.3590710e-01   1.5623347e-01   1.1151170e-01   1.2200208e-01   1.5404445e-01  -4.3889432e-01  -1.6963278e-01   2.1162896e-02   2.2535602e-01   1.5728226e-01   1.5250196e-01  -2.8866422e-01  -2.4999989e-01  -9.0444483e-02   3.9646767e-01  -3.2115758e-02  -5.9099157e-02  -1.5335724e-01   1.3129114e-01   2.4105000e-01  -7.3724672e-02  -5.9844516e-02   1.4429357e-02   1.2866219e-01   3.8953809e-02   1.0904951e-01  -3.1452574e-01   1.3440169e-01  -7.0969063e-02   1.8321691e-01  -9.0401983e-03  -4.0522686e-01  -1.5083163e-01   4.8013704e-01   6.9530445e-02   1.3178636e-01  -6.3963509e-02   1.1112125e-01   1.7840217e-01  -1.2499131e-01   2.9823381e-01   3.3011939e-01   2.8110979e-01  -3.0103386e-01  -1.5640556e-01   2.3992314e-01   2.6550635e-01   1.3209568e-01   2.5602192e-01   1.8363187e-01  -1.7755628e-01  -8.2697321e-02   3.9484436e-02   4.2103273e-02   1.6965950e-01  -4.6970413e-01  -3.5226853e-01   1.6616107e-01   2.4809997e-01  -1.1689723e-02  -3.0714463e-01   2.8106477e-01   1.4326816e-01   6.2733196e-01  -2.2727719e-01   3.1046396e-01   3.3386718e-03
  -3.8917803e-01   2.2746364e-03   1.9532428e-01  -5.3689020e-02   2.8385523e-01   1.1707871e-01   0.0000000e+00  -6.2244179e-01  -1.5916467e-01   3.6674869e-01  -2.6910482e-01   3.3762092e-02   2.1486226e-01   9.1841840e-02   2.0271767e-01   4.1729514e-01   1.2193336e-01   2.3315696e-01  -1.2929349e-01   2.0370132e-01   4.2861021e-01  -1.6879663e-01   3.3702798e-01  -2.9718553e-01  -2.3644976e-01  -4.7780007e-01   2.8898913e-01   4.4526225e-01   8.1948880e-02  -9.7736759e-02   5.0037955e-01  -3.4366755e-01  -1.9249506e-01   5.8819493e-01  -2.6238584e-02   4.4090777e-01   3.2415642e-01  -6.8563855e-02   4.2259904e-01   4.9100546e-01   1.9722989e-01  -3.2766819e-01  -2.4245996e-01  -1.1314538e-01   2.6401631e-01   2.1816299e-02   9.3871241e-02   5.2195816e-01   1.8091144e-01   5.4155055e-02   6.1231821e-02  -3.2248564e-01   4.0297747e-01  -3.6585545e-01  -2.2991445e-01  -2.3334460e-01  -4.1179348e-01  -4.7521921e-01  -1.0175155e-01  -3.0786363e-01  -9.1529797e-02   2.5388496e-01  -4.5082577e-01  -2.6535078e-01   3.9856105e-02   4.3264772e-01   1.4592908e-01  -1.9284277e-01  -4.9679040e-01   2.8939987e-01   5.8721335e-02  -1.8102376e-01   2.3367823e-01  -2.6371931e-01  -1.9427025e-01  -2.6740508e-01  -3.1920444e-02  -3.5943034e-01  -3.6458142e-02  -1.9859933e-01   4.5206728e-01   2.4242488e-01   4.1013315e-01  -3.9880029e-01  -2.6427694e-01  -3.5926589e-01   1.6536317e-01  -2.7295979e-01  -1.3794418e-01  -4.0966921e-01   1.2533863e-01  -1.6482061e-01   1.2487611e-01  -3.6094314e-01  -9.6588533e-02  -1.9201255e-01  -8.7404409e-02  -3.9010400e-01   2.1058445e-01   3.1218381e-01   2.6243751e-01  -3.1601926e-01  -3.2933023e-01  -8.8820396e-02  -2.2625608e-01  -3.5832749e-01  -3.5512327e-01  -4.8782574e-01   1.8950365e-01   1.1439711e-01   4.5332116e-01  -4.2474071e-01  -2.9474733e-01  -4.4634903e-01   4.2464660e-01  -3.6587059e-01  -2.9350045e-01   9.8693441e-02   4.5017016e-01  -1.3369654e-01   5.2558192e-02  -1.9581458e-01  -2.4106418e-01   9.3832367e-02   5.9485355e-02  -1.6534856e-01  -1.5547427e-01  -4.0325523e-01  -3.1003066e-01   4.1990450e-01   8.7096839e-02   4.9632602e-01  -2.9363507e-01   5.1370418e-01  -3.6034076e-01  -4.8973992e-01  -4.1528631e-02   5.6451027e-01  -4.3395255e-01  -3.2404237e-01  -3.6118689e-01  -1.2455796e-01  -5.3057679e-01   2.1838791e-01   1.0727571e-01  -2.6218778e-01   1.6759737e-01   3.3159355e-01  -9.7947011e-02   3.5645923e-01  -2.3750887e-01   5.8797355e-02  -1.6739047e-01  -2.5467318e-01   1.0146853e-01  -2.5969885e-01  -1.7824326e-02  -1.3178670e-01  -2.0407732e-01  -2.0653159e-01  -1.5423680e-01  -3.2763825e-01   4.8770568e-01  -1.4369139e-01  -3.2204431e-01  -2.3464615e-01  -4.1642257e-01  -2.3491607e-01  -1.9787688e-01   3.6238694e-01  -1.5011444e-01   6.7300493e-02   1.3751042e-01  -3.5711682e-02  -4.2313800e-01   2.6444971e-01  -2.5658509e-01
   1.9340610e-01   1.4905107e-01  -2.0509368e-01   1.1316389e-01  -4.7182694e-01   1.4023397e-01  -6.2244179e-01   0.0000000e+00   2.7212207e-01  -4.4084983e-01   3.6278734e-02   1.1748283e-01  -1.8395359e-01  -1.5116063e-01  -2.8287684e-01  -2.2789255e-01  -1.7692041e-01  -3.5324930e-01   4.2308744e-01  -4.4813048e-01  -4.0200197e-01   1.8418794e-01  -2.1989524e-01   2.1389213e-01   1.6861973e-01   6.9973013e-01  -1.9969140e-01  -4.5247829e-01   8.2155367e-02   1.5267098e-01  -4.9103739e-01   4.3457188e-01   2.8301827e-02  -5.0764354e-01   2.5516179e-01  -5.5070014e-01  -4.0561613e-01  -7.5697845e-02  -3.4867450e-01  -5.8181536e-01  -1.6936033e-01   1.3698649e-01   3.2883760e-01   2.4388534e-01  -3.6644664e-01   4.3623000e-02  -2.3134728e-01  -4.3122471e-01  -2.1910071e-01  -1.3289187e-01  -2.3887841e-01   6.3689438e-01  -3.5608691e-01   2.9517094e-02   1.8429993e-01   1.6621476e-01   5.5119430e-01   5.7887487e-01   5.5142329e-02   4.8823809e-01   5.2994860e-02  -3.7340928e-01   4.9037319e-01   3.0962897e-01  -1.8685104e-01  -4.2228342e-01   9.9196072e-02   9.0882031e-02   3.6811986e-01  -2.1453482e-01   2.6863320e-03   1.7228261e-01  -3.0524449e-01   2.7783152e-01   9.2066121e-02   4.9972193e-01   1.9492340e-03   2.8427045e-01  -1.8220138e-01   4.0535451e-02  -2.9175799e-01  -4.0479781e-01  -4.6468679e-01   7.2653023e-01   1.3377830e-01   6.0585526e-01   1.3095132e-02   3.6227722e-01   3.2704571e-01   1.8262425e-01  -2.5455910e-01   1.2204616e-01  -1.1406114e-01   5.3374287e-01  -9.4113810e-02  -9.9237390e-02  -7.7014337e-02   6.0717130e-01  -3.6747179e-01  -3.9984643e-01  -3.4474066e-01   4.7204194e-01   5.3029846e-01   3.5793243e-01   1.1151020e-01   4.6474754e-01   8.3700590e-02   6.6521168e-01  -3.1036895e-01  -5.0070613e-02  -4.2010499e-01   5.1297787e-01   2.4024215e-01   1.2788669e-01  -4.7318974e-01   2.5889327e-01   4.2819822e-01  -1.1930323e-01  -4.3082387e-01   1.2545508e-01  -1.0409066e-01   5.8895552e-02   4.2779788e-02  -6.4353882e-02   4.1392773e-02   1.2900847e-01   1.2570002e-01   2.4465550e-01   4.9490231e-01  -4.3428033e-01  -2.3257191e-01  -5.4374122e-01   2.3449687e-01  -4.8423777e-01   4.2364079e-01   8.2114519e-01  -2.1563544e-01  -5.0838769e-01   7.3688222e-01   1.2773308e-01   2.2499129e-01  -6.5176731e-02   4.2494832e-01  -7.9120307e-02  -9.6772399e-02   2.0720245e-01  -9.8368589e-02  -3.3928270e-01   9.8503230e-02  -3.9572202e-01   1.6284315e-01   2.3175064e-01   1.5523375e-01   9.6164035e-02  -1.1230500e-01   1.7351176e-01  -4.6420955e-02   1.1057309e-01   1.3346578e-01   4.5387677e-01   1.1617379e-01   3.3721219e-01  -4.6683915e-01   9.3931433e-02   3.3759041e-01   1.4366564e-01   2.7551216e-01   2.1887359e-01   1.1485714e-01  -4.3761172e-01   1.4442973e-01  -1.0277378e-01  -1.9940600e-01   2.7051580e-01   2.8505249e-01  -9.7911442e-02   2.0364379e-01
   3.0051725e-02   5.4401519e-01  -2.0152068e-01   1.5609643e-01  -4.3751471e-01  -1.3627912e-01  -1.5916467e-01   2.7212207e-01   0.0000000e+00  -4.4102020e-01  -2.3590329e-01   2.5555878e-01  -1.9413960e-01  -2.2111364e-01   8.2272146e-02  -2.9951837e-01  -1.2733057e-01  -2.6317532e-01  -8.5572414e-02  -3.7825797e-01  -2.6355539e-01   2.3183946e-01  -8.0149046e-02   2.0775454e-01   3.8538124e-01   1.5337237e-01  -2.9656098e-01  -1.4974763e-01   4.3271621e-02  -3.9299394e-02  -1.5012983e-01   3.1924423e-01  -1.4209943e-01  -1.2307617e-01   6.5022632e-01  -4.5316743e-01  -4.3021111e-01  -1.7235256e-01  -3.9509163e-01  -1.2826201e-01  -2.7013153e-01  -2.3281539e-02   6.0169080e-01   6.0999674e-02  -7.2793302e-02  -3.6964440e-01  -3.3843919e-01  -2.2951807e-01  -1.9986385e-01  -8.6266914e-02  -7.8350900e-02   2.3044653e-01  -1.6693519e-01   1.1649873e-01   4.0656921e-01  -3.2080791e-02   1.8028675e-01   4.7878037e-01  -1.4997111e-01   5.1821703e-01  -3.2046736e-01  -2.5039743e-01   5.9797983e-01   1.5013641e-01  -1.7257822e-01  -8.7874857e-02  -1.9065229e-01   7.0995575e-02   8.6784362e-02  -3.4626438e-01   7.2119849e-03  -8.4422119e-03  -5.0033385e-01   2.6772068e-01   1.1556996e-01   3.8956876e-01  -4.3252409e-01   2.1735691e-01  -7.1411958e-02  -1.7363967e-02  -1.8471361e-02  -4.0864720e-01  -1.8924219e-01   2.6163416e-01  -1.4864872e-01   3.2905333e-01   2.3331138e-01   4.0170396e-01   1.8583942e-01  -1.2714317e-02  -9.1378085e-02  -3.2284441e-01  -2.2634612e-01   6.5414378e-01  -3.5120548e-01  -2.7185072e-02   9.6516133e-03   2.8240808e-01  -2.9097976e-01  -2.4425352e-01  -7.9346928e-02  -9.4762388e-02   7.3704766e-02   5.9204362e-01  -4.4685017e-02   3.5634068e-01   6.2148068e-02   2.4535369e-01  -1.6270407e-01  -2.2307063e-01  -1.7742201e-01   4.6038501e-01   1.3174426e-01  -9.2104279e-02  -6.2412259e-02   3.2802254e-02   1.9199272e-01  -4.0687799e-01  -1.4562255e-01   1.8493587e-01  -1.6728922e-01  -9.7414726e-02   2.6789182e-01  -8.6028418e-02  -2.4888305e-01   2.6426994e-01   8.0959497e-02   9.2742987e-02   3.7116096e-01  -2.9555130e-01  -4.2765404e-01  -1.3083685e-01   3.4630823e-01  -9.7704397e-02   3.7533376e-01   2.8433100e-01   3.2036861e-02  -1.9162216e-01   3.4350745e-01  -1.1520992e-01   3.0426826e-01   9.5792345e-02   7.8364272e-02  -1.0889065e-02   4.5694952e-03  -4.2016561e-03   5.4414465e-02  -1.7487116e-01  -2.0644364e-01   8.1176735e-03  -1.7428292e-01   1.2388152e-01  -5.2363714e-02  -2.4140103e-01   6.0480388e-02   7.5920488e-02  -3.7847815e-01  -1.3750422e-01  -2.2542143e-01   2.2906234e-01   3.2397507e-01   2.3076966e-02  -4.1960570e-01  -9.8379972e-02   3.2882485e-01   2.9293803e-02  -7.8199220e-02  -1.2892280e-01  -4.5566713e-02  -3.6158231e-01  -1.2914728e-01  -1.6034863e-01  -2.9268143e-01   1.9642404e-01   3.6341133e-01  -1.3580837e-01   3.5201887e-01
  -1.7618406e-01  -2.2287582e-01   8.9068774e-02   1.6709067e-01   4.9236966e-01   1.5667755e-01   3.6674869e-01  -4.4084983e-01  -4.4102020e-01   0.0000000e+00   1.9393772e-01  -3.2467603e-01   9.1373278e-02   8.5879726e-02  -1.0557015e-01   4.5279229e-01   2.7136824e-02   5.5269996e-01  -1.9781253e-01   4.5578972e-01   3.8825087e-01  -3.0880929e-02   1.7804716e-01  -2.7502528e-01  -4.2443056e-01  -4.3743373e-01   3.9887215e-01   6.8218563e-02  -2.7926738e-01   2.9122009e-02   3.5687377e-01  -1.7753401e-01   1.3499857e-01   1.1987147e-01  -4.6053993e-01   6.7840186e-01   6.3070910e-01   1.5667145e-01   5.0269146e-01   2.9253308e-01   4.4916507e-01  -3.9949863e-02  -4.9043089e-01  -1.9306180e-01   4.2650151e-01   3.3501560e-01   5.2334123e-01   4.8054359e-01  -9.0338708e-03  -7.2882480e-02   4.3481904e-01  -5.5652286e-01   2.6806987e-01  -1.5458582e-01  -4.4772195e-01  -3.5987693e-01  -2.6150602e-01  -3.1424096e-01   2.7238474e-01  -5.0187883e-01   1.8254148e-01   5.9950191e-01  -5.3464475e-01  -1.8096212e-01   2.3831758e-01   1.8920341e-01   1.6341610e-01  -9.6330526e-02  -6.5851536e-02   3.8680813e-01  -2.9452724e-02   1.1687883e-01   3.8886042e-01  -5.5648447e-01   1.4803179e-01  -2.7110184e-01   2.5907008e-01  -3.4536240e-01  -6.6581376e-02   1.7137913e-01   2.1214738e-02   4.3084677e-01   2.4085469e-01  -4.8059655e-01  -1.8120209e-01  -3.5161601e-01  -2.0598244e-01  -4.2558114e-01  -1.5331410e-01  -1.5737876e-01   2.2164913e-01  -8.0820766e-03  -1.3136390e-02  -3.7519397e-01   2.8513708e-01   2.1316258e-01   1.8787638e-01  -4.1702964e-01   4.1681317e-01   6.1487733e-01   1.5514076e-01  -4.1241760e-01  -2.6436754e-01  -4.0117728e-01   1.2859928e-01  -1.4970902e-01  -9.8146258e-02  -3.8788797e-01   6.3250322e-01   4.2157494e-01   5.6376202e-02  -3.8201974e-01  -5.4152765e-02   4.5797442e-02   1.6120526e-01  -3.3802505e-01  -4.5696288e-01   2.7317240e-01   2.4844071e-01   3.1861937e-03   1.2444051e-01  -1.0125104e-01  -1.6811201e-01   2.1774220e-01   1.7668840e-01  -3.8356788e-01   2.9338424e-02  -1.7572904e-01  -2.5154387e-01   4.4557458e-01   4.0382742e-01   3.2575816e-01  -4.0125876e-01   3.5632903e-01  -3.5363580e-01  -3.4548916e-01   7.0579499e-02   3.7892983e-01  -5.8452722e-01  -7.5699045e-02  -1.9923727e-01  -2.9393758e-01  -1.1514321e-01   4.5965728e-02  -4.5028520e-02   8.8888015e-02  -1.6037233e-01   4.8294806e-01   2.7654856e-01   3.6994918e-01  -1.0392312e-01  -2.6514743e-01   6.0641305e-02   6.8365819e-02  -4.2285643e-02  -6.8949282e-02   2.4666769e-01   2.3067188e-01  -1.8864151e-03  -5.0089813e-01  -5.8137738e-03   8.4698511e-02   7.2172373e-01   1.4433090e-01  -1.3091588e-01  -3.4735060e-01  -3.2029628e-01  -1.5580579e-01  -7.0053236e-02   3.4788982e-01  -2.0153800e-01   2.0877572e-01   4.5709184e-01  -1.3219506e-01  -2.4218803e-01   1.4038638e-01  -2.3375985e-01
   1.4978637e-01  -1.4356590e-01  -3.3207557e-01   3.4472674e-01  -1.7485642e-01  -8.3103689e-02  -2.6910482e-01   3.6278734e-02  -2.3590329e-01   1.9393772e-01   0.0000000e+00  -5.4092589e-01   3.5378685e-01   2.4656149e-01  -3.2271627e-02   1.5209440e-01  -3.3380937e-01   4.6482637e-01  -2.7967497e-01  -2.5646313e-01   2.1806421e-01   4.7192778e-01   9.1923368e-02  -3.0254335e-01  -1.4692587e-01  -1.1661857e-01   9.5772664e-02  -2.1316875e-01  -3.2740579e-01   6.1807010e-01   3.6602566e-02   8.1586901e-02   9.8224402e-02  -4.0066496e-01  -2.4115176e-01   7.7278899e-02   3.4109457e-01   1.1000369e-01   3.0972420e-01  -3.7632089e-01   4.5809910e-01   3.6577762e-02  -3.8918207e-01   1.9777673e-01   1.7970557e-01   4.7646439e-01   6.6281602e-01   2.4093427e-01   1.0976360e-02  -5.3007753e-01   4.7139580e-01  -2.4728431e-01  -2.2223933e-01  -9.4052639e-02  -2.8624759e-01   3.1728363e-01  -4.7997290e-02   1.0151473e-01   4.4227594e-01  -1.0725242e-01   3.1572299e-01   1.8313512e-01  -2.3010111e-01   5.5039984e-01   9.8857379e-02  -3.5354384e-01   1.1921217e-01   3.0708483e-02   5.2371641e-01   1.0796610e-01  -4.7086473e-01   5.6071180e-01   3.6516508e-01  -1.1138866e-01   4.6766502e-02  -3.1542447e-01   3.8193224e-01   7.5301188e-02  -5.1932922e-01   2.8135988e-01  -2.4945572e-01   4.0779188e-01  -1.7072731e-01  -1.2938648e-01  -3.3283971e-02  -2.0405054e-01  -2.0948680e-01  -3.8296816e-01  -3.0991352e-01   1.1288790e-01  -2.6888517e-01   1.4126330e-01  -4.4585353e-01  -6.0219109e-02   2.9445696e-01  -3.2919905e-01   3.4432458e-01  -2.7186975e-01   2.4740264e-01   9.3632097e-02  -1.4026287e-01   3.1300805e-01   1.7491258e-01   2.1933371e-02   6.2389441e-01   3.8263597e-02   3.6210943e-03   1.0558577e-02   9.9334013e-02   6.2072114e-01  -4.2659837e-01   9.9507698e-02   2.9031407e-01   1.1130078e-01  -1.9610232e-01  -1.4784761e-01   1.2881320e-02   4.1992279e-01  -2.3184598e-01   3.3039122e-01   2.0291350e-01  -5.0731705e-01   1.7704948e-02   1.9663280e-01   2.1699910e-01  -7.2246729e-02  -2.2679461e-03   1.1781350e-01   2.3180459e-01   6.5151555e-03   3.7575489e-01  -8.6776771e-02  -1.4203392e-02   7.8209113e-02   8.3322070e-03   2.5345279e-01   5.4253423e-02   5.5044125e-02  -1.8159134e-01  -1.2152435e-01  -8.9900208e-02  -6.3886849e-02   5.1511115e-01  -3.8817169e-01   7.4334665e-02   5.4331005e-01  -6.4798452e-01   2.6408243e-01   6.8451928e-01  -4.7803357e-02   2.2102822e-01  -2.2098824e-01  -4.2552373e-03   4.5983334e-01  -6.3702619e-01  -9.7602584e-02   2.3119481e-01   5.5332400e-01   5.3776735e-02  -2.0864878e-02   1.4703136e-01   7.1740909e-01   1.0996360e-01   6.3832987e-01   6.4026785e-02  -3.3707022e-01   2.7714999e-02   1.1979604e-01  -3.7710398e-02  -1.8708911e-01  -3.8542470e-01   9.6737066e-02   6.6855975e-01  -9.8885486e-02  -1.1815562e-01  -8.6019710e-02   1.4635448e-01
   7.0858342e-02   4.3118919e-01   2.5811789e-01  -5.0540738e-01  -9.6847879e-02  -2.3196148e-01   3.3762092e-02   1.1748283e-01   2.5555878e-01  -3.2467603e-01  -5.4092589e-01   0.0000000e+00  -3.6973008e-01  -3.7155359e-01  -2.2417247e-01  -3.1228035e-01   2.3593906e-01  -6.6699671e-01   2.6154977e-01   2.1490838e-02  -6.7433536e-01  -4.8333662e-01  -6.1622281e-01   3.4510915e-01   1.7891884e-01   2.2347617e-01  -4.6276551e-01  -1.3725343e-01   1.7258838e-01  -5.0204167e-01  -4.8245082e-01  -9.2574024e-03  -1.6068859e-01   1.9280303e-01   3.8597991e-01  -3.9691719e-01  -5.7995665e-01  -7.3977040e-02  -4.3205074e-01   1.2585874e-02  -5.9227780e-01  -1.2469376e-01   5.1239835e-01  -2.2915698e-01  -2.6579614e-02  -3.5907936e-01  -6.9602731e-01  -5.0334315e-01  -4.4490137e-01   4.4016753e-01  -5.9265071e-01   4.1980096e-01   6.1631692e-02   1.0618105e-01   3.0861022e-01  -2.1354312e-01   1.4802989e-01   2.1467266e-03  -6.0561474e-01   5.5761642e-01  -2.7242535e-01  -4.9878918e-01   3.8899947e-01  -2.0374440e-01   1.1183336e-01   2.1451549e-01  -4.0086205e-01   6.0989500e-02  -4.2915784e-01  -1.0658254e-01   5.7476105e-01  -5.4463751e-01  -3.3956062e-01   3.1278866e-01  -1.3729688e-01   2.4897284e-01  -3.0646131e-01  -1.4287617e-01   3.3493200e-01  -4.2541735e-01  -1.2524213e-01  -3.5722592e-01  -1.9641849e-01   2.4474340e-01   6.5491334e-02   2.6427218e-01  -9.6113341e-02   1.9798629e-01   2.3771339e-01   4.6397132e-02   2.3177856e-01  -7.4843322e-02   3.9171767e-01   3.2410742e-01  -2.9343786e-01   3.3342596e-01  -4.8249878e-01   3.9583703e-01  -3.3398595e-01  -3.9384358e-01  -2.1651237e-01   1.9128785e-01  -1.8762819e-01   5.7199460e-02  -5.5380651e-01   4.2119961e-02  -1.0786080e-01   5.5449943e-02  -4.0811974e-01  -7.2396953e-01   1.9301575e-01   3.4429587e-02  -2.5316125e-01  -7.4556591e-02  -2.6349162e-01   4.7992380e-01   1.6778906e-01  -2.8721727e-01  -1.2604300e-01  -4.2017554e-01  -1.7346768e-01   6.4654858e-01   8.3707655e-02  -2.8598380e-01  -1.9381338e-01   1.4776115e-01  -1.0317114e-01  -1.9393090e-01  -1.3363957e-01  -2.5989539e-01  -4.2164384e-01  -3.3802116e-01   1.0055751e-01  -5.1207716e-01   8.5583668e-02   1.3252352e-02  -1.1389977e-01  -5.1577640e-01   4.3612879e-01   5.7014639e-02   3.3151906e-01   2.0358744e-01  -1.4051844e-01   1.0774712e-01  -7.3195797e-02  -3.4257633e-01   4.3649954e-01  -3.8093154e-01  -4.7440859e-01  -3.0893714e-01  -1.6350813e-01  -3.8899148e-02  -3.9578651e-02  -1.3698373e-01   7.4351143e-01   2.1970813e-01  -1.8725219e-01  -4.9926839e-01  -1.4465759e-01   6.7537026e-02  -9.4180749e-02  -4.4506631e-01  -3.3736447e-01  -4.8067569e-01  -8.3403991e-04   6.8642456e-01   4.2571714e-01   9.5478267e-02   5.4163996e-03  -4.2945279e-02   5.6358141e-01  -3.8447520e-02  -5.8309872e-01  -6.3271350e-03   6.9631689e-02  -8.2805889e-02   1.8137709e-02
  -1.6216607e-01  -1.8654584e-03  -2.4610306e-01   1.9187193e-01   1.6151741e-01  -3.3083557e-02   2.1486226e-01  -1.8395359e-01  -1.9413960e-01   9.1373278e-02   3.5378685e-01  -3.6973008e-01   0.0000000e+00   2.6029379e-01   1.1331968e-01   1.9142580e-01  -1.8118605e-01   4.1505094e-01  -7.1409794e-02   1.4369725e-01   4.1382244e-01   2.4089662e-01   2.5435312e-01  -3.3294786e-01  -2.5377536e-01  -1.2485609e-01   1.0710189e-01  -3.1861637e-03  -1.4050863e-01   4.3721126e-01   3.6063018e-01   3.4752648e-02  -1.1280267e-01   7.5710379e-02  -1.8512205e-01   3.5912743e-01   3.1168872e-01  -2.0490186e-01   3.6586036e-01   3.7672175e-02   7.2511468e-01  -3.7667294e-01  -3.2246889e-01   1.0194877e-01   1.8223523e-01   3.1136061e-02   3.5017082e-01   4.6444289e-01   3.7435742e-01  -3.1452789e-01   3.0871253e-01  -6.3585548e-02  -3.8989781e-03  -2.2048395e-01  -1.1648815e-01  -3.5110667e-02  -2.5336426e-01  -6.4960508e-02   3.0085614e-01  -2.6386786e-01  -1.4964387e-01   3.2638818e-01  -3.4068438e-01   2.4903090e-01   5.4879305e-02   1.3064754e-01   2.2557178e-01   2.0122442e-02  -1.0199866e-01   3.5311145e-02  -3.1980351e-01   1.7218940e-01   6.6133411e-01  -1.1538821e-01   1.7468019e-04  -1.5528318e-01  -8.0394507e-02  -5.7456234e-02  -2.2983796e-01   2.3771190e-01   7.4675600e-02   5.7541831e-01   1.2681741e-01  -7.6963654e-02  -1.4148842e-01  -1.6817215e-01   5.2123365e-02  -1.7104728e-01  -2.4724413e-01  -2.6329826e-01  -2.6967409e-02  -3.2949917e-01  -1.6708177e-01  -2.7340192e-01  -8.0174186e-02  -2.9396785e-01   2.9768235e-01  -2.5258143e-01   2.9804255e-01   2.1590821e-01  -9.4408210e-03   6.9624744e-02   1.3064160e-01  -3.3420696e-02   2.8302330e-01  -9.4845286e-02  -1.4114829e-01  -3.3335277e-01  -5.0731765e-02   3.3474061e-01  -5.6585716e-02  -2.1011344e-02   3.8881548e-02  -1.9808745e-01   1.0505179e-02  -1.8947787e-01  -1.9677936e-02   6.6797166e-01  -9.7293661e-02   4.8997804e-02   7.1292794e-02  -3.8985029e-01  -6.9511635e-02   2.3631399e-01  -7.8310139e-02   3.5795096e-02   3.3880928e-02  -1.0584573e-01  -7.6817818e-02   1.7117793e-01   5.8126102e-01   4.2894406e-01  -3.8802533e-02   2.9830406e-01  -4.7648538e-02  -4.0389066e-02   1.8481530e-01   2.6970700e-01  -1.8618362e-01  -3.5970349e-01  -3.6958595e-01   4.1010572e-01  -5.2680912e-02  -2.2236476e-01   1.4350370e-01   2.3344278e-01  -2.5016544e-01   3.2422032e-01   2.3769856e-01   2.0329257e-01  -1.2145319e-01   3.5250726e-02  -1.9984484e-01   3.1490217e-01  -3.2315497e-01  -2.8436784e-01  -1.2429366e-01   3.2667456e-01  -3.4368839e-01   2.9450743e-02  -1.2573994e-01   2.1491579e-01   2.4220829e-01   2.8964308e-01  -4.8485321e-02  -1.9343314e-01  -6.3958228e-02  -4.6945870e-02  -2.4314117e-01   1.7002475e-01  -3.1990263e-01  -8.9598216e-02   3.6796429e-01  -7.9497424e-02  -3.3084176e-01   8.9059044e-02  -3.8598541e-02
   2.6854238e-01  -1.0648718e-01  -1.9082469e-01   1.6698381e-02  -2.3596796e-01   1.1587403e-01   9.1841840e-02  -1.5116063e-01  -2.2111364e-01   8.5879726e-02   2.4656149e-01  -3.7155359e-01   2.6029379e-01   0.0000000e+00   1.8700444e-01   1.2504337e-01  -2.3434041e-01   2.3600653e-01  -9.8581923e-02  -2.4334411e-01   3.2170281e-01   2.0086645e-01   3.5947954e-01  -2.1470762e-02  -2.0618143e-01  -5.5990814e-02   1.0897302e-01   4.2002710e-01   3.4922774e-01   4.6406270e-01   2.3710389e-01  -1.1564313e-01   1.0625945e-01  -1.7207377e-01   2.2218099e-02  -9.5410136e-02   2.1390695e-01   1.0176095e-01   1.8764184e-01  -2.9107762e-01   2.3687823e-01   4.5894212e-02  -1.9196383e-01   1.8102463e-01  -1.8077544e-01   2.3662370e-01   2.3441683e-01   1.8353828e-01   3.9213344e-02  -3.6966774e-01   1.7998757e-01  -2.3045649e-01  -1.2379605e-01  -8.3401223e-02  -2.0798787e-02   3.6630424e-01  -3.3167770e-02  -1.7291275e-01   1.4490452e-01  -9.0250095e-02   1.1996748e-01   1.0073864e-01  -1.5230532e-01   1.6914644e-01  -2.2418854e-01  -2.0947114e-01   1.5633472e-01  -3.2064364e-01   1.4983872e-01   2.0161301e-02  -4.2459776e-01   2.5752961e-01   1.1426798e-01   2.2424369e-01   1.8711682e-02  -2.6286254e-01   2.5947057e-01   1.4692737e-03  -3.6228657e-01  -3.1288978e-02   4.0680504e-01   1.9425189e-01  -5.3108295e-02  -1.6127592e-01   3.5282463e-01  -2.7010730e-01   2.0152319e-02   2.0989962e-01  -1.7124599e-01   7.7864255e-02  -3.3068650e-01   1.1275517e-01  -3.8448182e-01  -1.4168580e-01   2.2698018e-01  -4.4802974e-01   1.5241703e-02  -1.2862168e-01   3.5479534e-02   1.0440301e-02   2.2407890e-01   1.0716222e-02   3.2000654e-01   1.7451237e-01   2.2677279e-01  -2.1341989e-01   1.0518231e-01  -8.6169922e-02   3.8832310e-02   3.7683339e-01  -1.8780870e-01   1.7624885e-02   2.5138713e-02   4.2447084e-02   2.2878307e-01  -2.8290928e-01   7.4924065e-03   1.7149756e-01   3.2866447e-01   9.1442298e-02   1.6327876e-01  -4.3319363e-01  -3.7875576e-02   2.2173382e-02   2.0334001e-01   3.9090645e-01  -8.7641932e-02  -2.3472387e-02   4.8057163e-02  -3.0763695e-02   2.7625840e-01  -4.9988810e-02   9.4010319e-02   1.9810122e-01   3.6766039e-02  -6.3719636e-02  -9.0763319e-02   3.5471818e-01  -2.4150130e-01   1.1238243e-01   1.9064365e-01  -5.4544741e-02   9.2507827e-02   9.9902167e-02   1.7975568e-01   2.9742604e-01  -2.7255756e-01   1.0424973e-01   2.4334582e-01  -3.9957337e-02   4.3288971e-01   3.1279135e-01   1.6333535e-01  -9.8693944e-02  -3.9058566e-01  -6.8027497e-03   1.6963763e-01   1.6526792e-01   1.6876070e-01   2.5016485e-01  -2.5167614e-01   1.4349695e-01   8.2975328e-02   3.1389493e-01  -3.1797151e-01  -3.5197142e-01  -1.4817467e-01   3.3605684e-01   6.2312823e-02  -9.8743342e-02  -4.1498970e-01  -4.0645901e-02   2.4140803e-01   2.6407756e-01  -1.2020285e-01  -9.8072324e-02  -1.1127853e-01
