   0.0000000e+00  -4.6256466e-01  -1.2009449e-02  -5.0186061e-02  -2.6617888e-01  -4.0057569e-01   1.2494584e-01   1.2982243e-01  -2.8449949e-01  -1.7952868e-02  -9.3438495e-02  -2.4749465e-01  -2.9954754e-02   4.6404535e-01   3.0927663e-01  -2.6561575e-01  -5.3567189e-02  -3.0331349e-01  -1.1521144e-01  -3.2460571e-01  -4.4073279e-01  -9.1406139e-02   1.4109977e-01   7.5107317e-01  -6.6342028e-02  -1.4933404e-01  -5.1109401e-01   5.2156063e-01  -3.0891278e-02  -2.4616503e-01  -1.3402295e-01   6.0708922e-02  -3.4528341e-01  -3.8762546e-01   3.2075414e-01  -2.4159345e-01  -5.5421989e-01   7.2067110e-01  -4.7027278e-01  -4.2601790e-01  -2.8330174e-01  -4.7465635e-02   1.3558151e-01   8.5999674e-02  -1.1877721e-02   7.0413299e-01  -1.1500213e-01  -5.7805362e-01  -2.3319179e-01  -3.2425678e-01   1.5035631e-01   2.0295206e-01  -6.0818900e-01   4.3782653e-01   3.7725547e-01   1.5674465e-01  -2.5810838e-01   6.6792602e-02  -2.4219065e-01   1.4706490e-01   6.5755511e-01  -4.1613701e-02  -4.2969752e-02  -3.0691378e-01  -4.6308349e-01   7.5064490e-02  -4.0686950e-01   8.1923722e-02  -1.9127100e-01   2.9944844e-01  -5.8944698e-01   1.1806236e-01  -4.6895223e-01   5.5099433e-01  -1.4562855e-01  -1.7310418e-01   6.5367689e-01  -2.8262515e-01  -3.8010932e-01  -1.0951556e-01  -1.8977034e-01  -4.1177847e-01  -4.4513181e-01  -6.3878562e-02   2.7408959e-01  -3.3801275e-03   4.2248646e-02   6.7021137e-01   2.8798781e-02   8.7687995e-01  -4.1687202e-01   5.5137382e-01  -3.2620005e-01   3.5459426e-02   6.8461808e-01  -6.6670234e-02   1.2521118e-02  -1.8872239e-01  -2.3569094e-01   2.1319160e-01   1.1099122e-01   3.4287733e-01  -1.1225190e-01   2.2507167e-01  -3.1569943e-02  -5.1403755e-02   3.0710001e-01  -2.1032829e-01  -2.0047283e-02  -3.8861511e-01  -3.0746534e-01  -1.0582303e-02   1.8855959e-01   9.1522596e-01   4.8306096e-01  -4.7604153e-01  -2.2461184e-01  -2.6976663e-01   5.5705690e-01   6.1148253e-02   7.3976376e-01  -2.6859840e-01   9.3798948e-02  -5.3942330e-01   7.9201721e-01   6.1846112e-01   3.8030692e-01   2.2997429e-02   7.2288011e-02  -1.1226601e-01  -1.9868656e-01  -6.4098087e-01  -6.7136852e-02  -4.6588825e-01   1.2465470e-02  -1.0243114e-01  -1.7848891e-02  -1.7054248e-01   8.5344052e-02   7.7023496e-01   5.7621658e-01   2.5521080e-01   2.5667125e-01   1.1265178e-01   2.6264163e-01  -3.0332039e-01  -3.6204636e-01  -1.6837653e-01   5.9162380e-03  -5.2325092e-01   6.4274022e-01   4.6111537e-02   7.3624699e-01  -4.6349507e-01  -3.2072855e-01   7.0714780e-01   6.9510217e-01  -3.4567432e-02   5.8097750e-01  -5.3487772e-02   1.2475286e-01  -1.2512151e-01  -3.3076146e-01  -1.3115413e-01  -1.9872412e-01  -3.1955658e-01  -1.2674343e-01  -3.0472685e-01   6.6611407e-01  -4.2447878e-01  -3.1884405e-01   6.9488048e-01  -2.3338252e-01  -2.7913582e-01  -4.5873244e-02  -8.4410869e-02  -2.7757490e-02
  -4.6256466e-01   0.0000000e+00   3.5885702e-01   2.1494885e-02   6.4085029e-01   2.0388503e-01  -3.3597496e-01  -1.5331723e-01   2.8242861e-01   1.4574035e-01  -4.8932490e-01   5.8459936e-01  -4.0940653e-02  -4.8617706e-01  -6.2759315e-01  -2.8421249e-02   3.6542784e-01  -3.3273883e-01   4.8518981e-02   6.0276429e-01  -1.9497508e-01  -2.3557797e-01  -5.0224743e-01  -2.9771491e-01   1.2315848e-01   1.5011638e-01   6.5482984e-01  -5.7102224e-01   1.1156635e-01  -4.0939988e-01  -3.6812744e-01   5.0424409e-02   2.0872781e-01   4.2712964e-01  -2.9418408e-01   4.5363331e-01   3.9120967e-01  -2.3077312e-01   1.1996446e-01   6.1677134e-01   4.0142103e-02   1.2052080e-01  -3.8709536e-02  -4.7092011e-01  -2.3339404e-01  -1.3712995e-01  -8.5738808e-02   3.5023114e-02   2.8391981e-01   5.4441137e-01  -5.0481346e-01  -1.5781622e-01   5.4238433e-01  -3.8001525e-02  -4.1225315e-01  -4.6293033e-01   1.5307114e-01   3.8887681e-02  -2.0309780e-01  -2.0263983e-01  -2.7663293e-01  -3.6089112e-02   4.8255284e-01  -1.7910027e-01   5.5043782e-01  -1.5397265e-01   4.5764089e-01  -3.8753317e-02  -1.6429695e-01  -3.3570163e-02   5.1125662e-01  -3.8008697e-01   1.9136866e-01  -3.1069936e-01   2.2006365e-01   1.5141810e-01  -2.1824647e-01  -1.5049151e-01   7.4323405e-01   1.4844668e-01  -2.7226242e-01   4.4850945e-02   2.1093337e-01  -3.2885876e-03  -1.9373077e-02  -3.5978722e-02  -1.6969968e-01  -4.5018514e-01   1.0491362e-01  -3.7864584e-01   7.2564146e-01  -1.7165684e-01   6.2852531e-01  -2.2047890e-01  -2.3449476e-01   5.6464552e-01   2.0904886e-01   7.2222674e-02   3.7070524e-01  -3.5199426e-01  -2.7050879e-01  -6.7265611e-01  -4.0567898e-01  -3.2833200e-01  -2.1867847e-01   8.7772186e-02  -1.1278480e-01   1.0602309e-02  -2.2468649e-01   1.0111093e-01   3.0739081e-01  -1.2146052e-01   1.6067696e-01  -3.6633303e-01  -5.0453537e-01   8.3082523e-01   2.8674900e-03   1.4599732e-01  -3.5389241e-01  -1.2079007e-01  -3.5367025e-01   6.1320373e-01   2.0944937e-01   7.0156005e-01  -3.0888120e-01  -5.3577323e-01  -4.7317045e-01   3.0795181e-01  -2.4165960e-01   4.3162349e-01   1.6463340e-01   5.0373233e-01   5.8758513e-01   1.1839890e-01   2.5344751e-01  -1.1753495e-01   1.0217857e-01  -4.3879807e-01  -1.5335233e-03  -2.4557388e-01  -2.2800221e-01  -9.5982250e-02  -4.4837030e-01  -1.0468487e-01  -5.6918940e-01  -3.3948954e-01   5.5081737e-01   1.2600969e-01   1.9775192e-01   9.0282536e-02  -5.0633729e-01  -3.4721786e-01  -3.9636600e-01   4.8810841e-01   8.1090144e-01  -3.1594249e-01  -2.9421255e-01  -2.7966129e-01  -1.4882773e-01  -1.7444476e-01  -4.7592378e-02  -4.3616920e-01  -1.7570082e-02  -3.9159703e-01   3.2482572e-01   6.0244655e-01   1.7711608e-01  -1.9620096e-01  -3.8162119e-01   5.5965845e-01   7.1996133e-01  -3.2256440e-01  -1.2108237e-01   1.8098503e-01   1.0016037e-01   2.5913992e-01  -6.2023789e-02
  -1.2009449e-02   3.5885702e-01   0.0000000e+00  -2.9952697e-01   3.1941363e-01  -2.1853479e-01  -3.7582820e-01   1.5331876e-01  -6.6593256e-03  -1.0557539e-01  -3.1030812e-01   5.1258107e-01  -2.3658155e-01  -5.5695407e-02  -2.4702467e-01  -1.5780714e-01   8.4622319e-01  -4.3943593e-01  -1.1405184e-01   2.4621306e-01  -8.7155031e-02  -4.2862819e-01  -4.5712720e-01   2.0732894e-01   2.3930028e-01   1.3946251e-01   1.5128884e-01  -3.2560199e-01   4.1847231e-03  -2.4577305e-01  -1.3239730e-01  -1.6704735e-01   2.0092773e-01  -7.7487109e-02  -1.4544374e-01  -5.0327910e-02   4.6832913e-02   1.9126187e-01  -5.2701774e-02   3.8502014e-01  -2.9821241e-02   3.4724832e-01  -3.6305436e-02  -6.1569907e-02  -4.6803255e-01   3.4617988e-01  -3.1464475e-01  -4.9934862e-02   2.3709469e-01   6.7438883e-01  -4.5434162e-01   1.7563218e-01   1.4169805e-01   5.3417884e-01   9.0513468e-02  -2.4961659e-01  -6.5550874e-02  -1.6001250e-01  -9.5892637e-02   1.5822398e-01   2.5123618e-01  -6.2657538e-02   4.4938892e-01  -9.2742030e-02  -1.4263443e-01  -2.7249166e-01   1.9893662e-01   7.8526705e-02  -3.0023295e-01   4.4024318e-01   2.0312771e-01  -3.0335084e-01  -1.4552258e-02   3.1675715e-02   3.5892363e-01   1.7624778e-01   2.3113929e-01  -9.4281379e-02   1.9372534e-01   2.1620904e-01  -2.5661669e-01  -1.3803039e-01   3.1430977e-01   2.0613009e-01   4.7848406e-01   8.1104166e-02  -1.2382793e-01  -2.4607655e-02   1.4773339e-01   6.7151144e-02   3.1916795e-01   5.6778454e-01   5.4834800e-01  -1.5493118e-01   6.8898436e-02   4.0452626e-01   1.6972730e-01  -1.2762627e-01   1.7446318e-01  -4.8774259e-01   1.5669737e-01  -2.0718565e-01  -1.3214073e-01   4.1538479e-02  -5.0923528e-01  -1.4893876e-01   5.5158613e-01  -1.2265177e-01  -9.8489276e-03  -7.9663591e-02   1.0939404e-01  -3.8781557e-01  -9.4504936e-02   1.8650133e-03  -2.5280648e-02   2.4269808e-01  -1.5743184e-01  -9.7730744e-02   1.5057341e-01  -2.5129220e-01   8.1278789e-02   4.0744832e-01   1.4699798e-01   1.4601672e-01   1.2786228e-01   6.4319916e-02  -8.4322815e-02   4.2310320e-01  -3.4427995e-01   5.2592264e-01   5.4262784e-02  -1.5007665e-01   3.1703261e-01   4.8453393e-02   1.7868760e-01   1.5158611e-01   1.8147220e-01  -8.7963822e-02   1.5924513e-01   1.9299513e-02   2.0985509e-01   1.9805892e-01  -2.9016780e-01   1.1269866e-01  -2.5856961e-01  -2.2565811e-01   2.8348341e-01  -8.1536826e-02  -2.2615055e-02  -3.0290555e-01   6.3365202e-03   7.0768286e-02   1.1845879e-01   3.8007116e-02   6.2208975e-01   8.6033198e-02   1.5595340e-01  -1.2917757e-01   4.7017580e-01   2.1716116e-02  -3.3880950e-02  -1.4309708e-01  -2.7383291e-01  -4.5551237e-01  -1.0628204e-01  -4.4156876e-02  -8.7211154e-02  -1.7214012e-01   1.7259475e-01   4.9963374e-01   1.8994624e-01   9.4744796e-02  -3.7868763e-01   9.4141230e-02   2.1293978e-01   3.5241876e-01  -2.6301907e-01
  -5.0186061e-02   2.1494885e-02  -2.9952697e-01   0.0000000e+00   1.3769979e-01   5.0112785e-01   1.1452683e-01  -2.4137529e-01   2.6501733e-01   1.5908197e-03   4.9608893e-02  -3.0373524e-01   1.0098204e-01  -1.8769768e-02  -2.0141467e-01   2.9758293e-01  -2.7403856e-01   1.3092812e-01   3.7279174e-01   1.2100619e-01   7.7042449e-02   2.7411977e-01   1.3745932e-01  -1.9484237e-01  -1.7807633e-01   1.6236586e-01   2.1289700e-01  -8.0891210e-02   2.3351773e-02  -7.7149861e-02  -1.1152773e-01   3.0782760e-01   8.4860726e-02   8.5527656e-02  -1.1907750e-01   3.2386308e-01   2.0513239e-02  -1.1984216e-01   1.4969145e-01  -1.5377229e-02   2.1876165e-01   6.8417205e-02  -6.6874363e-02  -2.4929054e-01   1.9033190e-01  -2.6487360e-01   3.7728311e-01   2.6605860e-02   2.4948718e-01  -1.5285254e-01   1.4312318e-01  -2.1303816e-01   9.2028490e-02  -1.1577227e-01  -2.6833276e-01  -1.0462965e-01   4.3229984e-01   2.8997689e-01   2.3898765e-01  -3.4382938e-01  -2.1771140e-01   2.2267662e-01  -7.0845989e-02  -2.1435332e-01   1.6557998e-01   4.4565307e-03   3.2034644e-01   3.9613663e-02   5.0395610e-01  -2.2977612e-01   1.1888657e-02   3.8678530e-01   1.0543520e-01  -1.6185630e-01  -1.3166140e-01  -5.1999907e-02  -1.1194222e-01   1.3457831e-01   9.8737548e-02   3.1226312e-02   9.3615136e-02   4.8660803e-02  -2.1444369e-01  -8.9480038e-02  -7.7250384e-02  -6.2355097e-02  -8.4355186e-02  -1.2441291e-01  -9.5391736e-02  -1.4189612e-01   1.0358131e-01  -1.6835957e-01  -1.1844812e-01   5.0147718e-02  -9.1815271e-02  -7.4668094e-02   6.9763761e-02   4.5879318e-01   3.9307703e-01  -8.2106916e-02  -1.4303974e-01  -2.6431843e-01  -4.8252636e-02  -1.2441374e-01   3.1712289e-01   4.8443327e-01  -1.4545314e-01   4.6096530e-01   2.0299795e-02   1.1255538e-01   3.6471646e-05   3.5671690e-01   4.7962532e-01  -4.6052184e-02  -1.4167670e-01   9.0700856e-02   1.1854176e-01   8.5661090e-02  -1.5218679e-01   5.2847012e-01  -7.4550549e-02  -3.1014795e-02   7.7941834e-02  -2.8084791e-03  -1.9401399e-01  -1.3473235e-01  -2.9448638e-01  -8.8887262e-02   4.8418762e-01  -1.9863439e-01  -2.6702536e-03   1.5135501e-01  -6.0825627e-02  -8.5451134e-02   2.1243874e-01  -2.0211172e-01   4.6771381e-02  -1.6595147e-01  -1.6046100e-01  -7.4775231e-02  -1.5356223e-01  -2.2440647e-01   6.3977546e-03  -5.9430801e-02  -1.6227756e-01   5.0455947e-03  -8.2713801e-02   7.9083305e-02   5.0991879e-02   9.9152584e-02  -1.1526400e-01  -5.8523601e-02  -1.5362640e-01   1.7228943e-01  -1.3851349e-01  -1.0587128e-01  -2.0031785e-01   2.8614621e-01  -2.1212776e-01   8.0695020e-02   1.5422866e-01  -1.5567485e-02   2.5015838e-01   3.5134921e-01   5.8090342e-01   3.4120047e-03   1.4122978e-01   9.7388680e-02  -2.6094363e-01  -3.4715809e-02   2.4354962e-03  -8.2833635e-02   4.5071125e-01   2.9570901e-01  -1.6426870e-01   1.6494269e-01   4.2096932e-01
  -2.6617888e-01   6.4085029e-01   3.1941363e-01   1.3769979e-01   0.0000000e+00   3.1847998e-01  -2.4217741e-01  -1.5371741e-01   9.9874036e-02   2.8243165e-01  -3.7511376e-01   3.6591912e-01   1.0726104e-01  -3.1631312e-01  -6.7676509e-01   9.7117650e-02   4.0435048e-01  -2.8705921e-01   5.5256814e-02   9.3042496e-01  -2.2979620e-01  -6.7417529e-02  -3.0787468e-01  -1.0591128e-01   7.3706302e-02   8.1686398e-02   6.1560549e-01  -4.9848524e-01   2.7051610e-02  -3.6069786e-01  -5.6866363e-01  -2.4462440e-02   1.6473035e-01   3.8511232e-01  -2.6840821e-01   8.1191376e-01   7.6234844e-02   1.4549068e-02   1.6758111e-01   5.7493846e-01   1.1699919e-01   1.8878061e-02   1.5099475e-01  -5.7109409e-01  -1.0545587e-01   2.1358748e-02   3.2795190e-01  -1.4255348e-01   4.1899091e-01   5.3635907e-01  -2.5429095e-01  -1.7401288e-01   2.7701242e-01   7.2807351e-02  -4.2154005e-01  -4.5284152e-01   1.8230435e-01   1.2943323e-01  -1.3340139e-01  -3.2136053e-01   2.9782992e-03   3.1804766e-01   4.3057684e-01  -5.2132727e-01   1.2381432e-01   1.6569224e-01   6.2384662e-01  -1.7260479e-01   5.6031236e-02  -1.6415401e-01   1.6672913e-01  -2.0963141e-01   8.5582722e-02  -2.0534236e-01   1.5670321e-01  -8.3375859e-02  -1.1116937e-02  -3.0532677e-01   7.1823348e-01   7.8744468e-04  -3.6935353e-01   1.1599780e-01  -3.2045494e-02  -3.4129564e-02  -8.0610487e-02  -1.5740968e-01  -2.7177659e-01  -3.5847954e-01   7.6713464e-02  -1.9599155e-01   8.1537809e-01  -1.4086326e-02   5.8102351e-01  -1.8465838e-01  -1.6407772e-03   7.4057495e-01   1.1891955e-01   8.6143692e-02   3.9138495e-01  -3.7220593e-01  -4.2910093e-01  -6.6761714e-01  -1.7879722e-01  -3.3133107e-01  -5.0147065e-02   1.4004121e-01  -3.0941073e-02   1.8164290e-01  -2.3396449e-01   3.1722714e-01   1.4333537e-01   4.0359092e-02   1.6204411e-01  -1.5698813e-01  -6.0819098e-01   6.3004237e-01  -2.0002888e-01   2.3576352e-01  -2.2034138e-01  -2.1632109e-02  -1.2114462e-01   8.0865474e-01   1.9650479e-01   3.2436661e-01  -1.2086129e-01  -5.2535576e-01  -4.8529791e-01   2.7064480e-01  -2.4398406e-02   1.8981384e-01   2.1892753e-01   2.3369230e-01   2.3830428e-01  -2.4748679e-01   3.1930665e-01  -2.2817749e-01   8.9786875e-02  -5.0769996e-01  -1.0849236e-01  -7.3173564e-02  -2.4075755e-01  -8.7272842e-03  -2.4703562e-01  -6.4568435e-02  -5.8430202e-01  -4.4091029e-01   1.3417342e-01   4.4115149e-01   4.4967924e-01  -1.6790251e-01  -4.4682379e-01  -3.1030095e-01  -2.4159207e-01   2.7060050e-01   6.2160491e-01  -1.3727062e-01  -7.0855824e-02  -1.9523561e-01   1.1777810e-02  -1.0639859e-01  -6.1415168e-02  -4.2618270e-01   3.3654385e-01  -2.8483972e-01   3.1908171e-01   2.9610897e-01   3.7135211e-01  -1.4799050e-01  -1.3634753e-01   6.7919686e-01   7.5429036e-01  -1.5395718e-02  -6.6735961e-02   2.4164961e-01  -1.1155989e-02   1.8297169e-01   1.1876988e-01
  -4.0057569e-01   2.0388503e-01  -2.1853479e-01   5.0112785e-01   3.1847998e-01   0.0000000e+00   1.9891135e-01  -3.5049796e-01  -4.3673438e-02   3.4282015e-01  -1.1332506e-01  -1.7777980e-01  -2.7683253e-02  -1.4908731e-01  -3.3814543e-01   2.2771454e-01  -1.4712240e-01   1.5811734e-01   2.9952131e-01   3.2615987e-01   1.1850376e-01   4.1770509e-01   3.2227064e-01  -3.5431370e-01  -1.4328746e-01   1.3236485e-01   4.3183052e-01  -2.0889604e-01   1.2916990e-01  -3.4733458e-02  -2.2467850e-01   3.6798970e-02   6.6821190e-02   4.8368534e-01  -2.8478386e-01   5.1655272e-01   2.2103985e-01  -2.6505508e-01   7.1047215e-02   3.0761881e-01   9.3920664e-02  -2.6712489e-02  -1.9161633e-01  -4.1904209e-01   4.3941466e-02  -2.5655525e-01   3.6879575e-01   1.9446296e-01   2.8700221e-02  -3.0971222e-02   6.7790741e-02  -2.4763758e-01   2.1050188e-01  -2.7444715e-01  -3.5811028e-01  -7.0175825e-02   5.6046699e-01   2.0754890e-01  -1.4028681e-02  -5.4846257e-01  -2.2367007e-01   1.2225864e-01  -1.8378275e-01  -3.7675991e-01   4.9279119e-02   2.0595447e-01   6.5230176e-01  -1.5130531e-01   4.5406477e-01  -2.2508218e-01   1.9939324e-01   1.3342853e-01   1.2628740e-01  -1.7801403e-01  -4.6207390e-02  -5.1753305e-02  -1.7711124e-01   2.0874642e-01   2.5771940e-01  -1.8788141e-01   2.0440137e-01   9.1576237e-02  -1.5114555e-01  -1.4769093e-01  -3.3943851e-01  -1.3071283e-02  -1.4563187e-01  -3.1708151e-01  -1.5512161e-01  -4.9004649e-01   2.9421056e-01  -2.6675444e-01   9.8204338e-02  -2.9328848e-01  -9.5183718e-02   1.1114102e-01  -7.1516938e-02   3.9562620e-01   5.5259921e-02  -3.6336338e-02  -3.7973602e-01  -4.2035365e-01   6.4128759e-03  -4.5388942e-01   3.9500240e-01   3.5666732e-01  -3.0364584e-01   5.0239383e-01   3.4777809e-02   2.8250748e-01   2.6619467e-01   5.4270584e-01   1.4407950e-01  -3.5426264e-01  -4.1107774e-01   2.7146852e-01   2.1391548e-01   1.3259885e-01  -3.9770291e-01   3.7151498e-01  -2.4513568e-01   1.0121412e-01  -6.5747749e-03   9.9076016e-02  -3.2017436e-01  -3.8393108e-01  -4.2707638e-01  -7.8437807e-02   2.6044029e-01  -9.7270214e-02   2.6852298e-02   3.9546933e-01  -7.5402705e-02  -1.5112215e-01  -4.8840696e-02  -2.3859475e-01  -8.8729251e-02  -1.6765830e-01  -1.1130959e-01  -2.5306712e-01  -3.1462297e-01  -9.5653969e-02  -4.5878610e-02   1.8364381e-01  -3.1297860e-01  -1.2884985e-01   1.9545075e-01   1.0572250e-01   2.8095004e-01   2.4850478e-01  -4.0984906e-01  -1.9410796e-01  -2.9734858e-01   7.4511320e-02   9.0732575e-02  -3.3632092e-01  -1.5368350e-01   3.6076650e-03  -2.7081994e-01   2.0109179e-02  -4.8850792e-02  -2.2407631e-01   4.8509316e-01   1.5745290e-01   6.2047423e-01   2.4557760e-01  -8.1775562e-03   2.1066778e-01  -1.9837824e-01   1.6090569e-01   2.1976883e-01  -1.9052412e-01   2.0160746e-01   6.3094570e-01  -6.4471110e-02   8.5096180e-02   3.3504202e-01
   1.2494584e-01  -3.3597496e-01  -3.7582820e-01   1.1452683e-01  -2.4217741e-01   1.9891135e-01   0.0000000e+00  -6.1116487e-01  -4.4907611e-01   3.4521221e-01   3.4168452e-01  -2.9633816e-02  -1.0571343e-01   1.8603388e-01   5.9164593e-01   5.1093024e-01  -4.7892023e-01   5.3122518e-01  -3.8606550e-01  -2.0895581e-01   2.6119462e-02   4.7751663e-01   7.2046585e-01  -1.0983707e-01  -3.9542529e-01  -5.8563887e-01  -2.5644802e-01   6.0487714e-01   2.4127465e-01   5.0489784e-01   2.3823665e-01  -2.0476394e-02  -3.4027291e-01   1.9586499e-01   5.8163545e-01   1.7445418e-01  -1.2119481e-01  -1.6553136e-01   2.0800529e-01  -4.1270414e-01  -1.3093093e-01  -2.0065263e-01   3.0282248e-01   2.3491259e-02   6.5741301e-01  -1.4161909e-01   4.4123119e-01   1.4743470e-01  -2.9200871e-01  -5.2361813e-01   6.1931092e-01  -5.9519583e-01  -4.0030957e-01  -2.3620337e-01   1.2620501e-01   5.4197114e-01  -5.3417069e-02  -1.5817442e-02   1.1305180e-01   1.0431192e-01  -5.9545060e-02   2.9540792e-01  -5.2814727e-01  -1.0706454e-01  -3.0941636e-01   5.9897419e-01  -4.6545127e-02  -1.4475166e-01   1.6847757e-01   2.2955005e-01  -3.6836818e-01   4.1444376e-01   1.8318534e-02   4.0111644e-01  -6.0364532e-01  -3.0244676e-01  -1.2170502e-01  -4.2274432e-02  -2.3145176e-01  -5.4573708e-01   3.8740095e-01   7.7467260e-02  -2.3183507e-01  -6.7349548e-01   9.1036545e-02  -8.9242704e-02   6.5654255e-01   1.7341259e-01  -2.9560158e-01   1.2060460e-02  -4.8482859e-01  -1.8673519e-01  -3.6457921e-01  -1.1291909e-02   5.3155267e-02  -4.3401531e-01  -2.2711209e-01  -3.8573263e-01  -3.4632869e-01   7.6442415e-01  -1.5900755e-01   5.1282442e-01   1.8072601e-01   8.0430487e-02   6.4520719e-01  -1.2832658e-01  -3.2157247e-01  -2.3889472e-01  -4.4735295e-02   3.4767205e-01   2.7372589e-01   5.5496433e-01   1.2321524e-01  -5.3391181e-04   2.0858134e-01  -4.6147072e-01  -1.3904010e-01  -2.1117790e-02   2.1440096e-01   2.6907043e-01  -1.9160152e-02  -4.8176879e-01   6.9881045e-03  -3.0717057e-01  -1.0950493e-01   1.1158681e-01   4.9425479e-01  -5.0647278e-01  -1.9318136e-02  -2.0319915e-01   7.9098585e-02   9.8331159e-02  -4.6754838e-01  -2.2750193e-01  -2.7186020e-01  -4.3233233e-01  -4.2562292e-01   1.3134223e-01  -2.7879710e-01  -8.4519035e-02  -3.2216052e-01   8.1828824e-03   2.6659079e-01   5.7194053e-01   6.1475651e-01   2.3822432e-01  -4.8834446e-02   2.4393951e-01   4.8130001e-01   2.3589348e-01   3.3824255e-01  -2.6252781e-01  -1.2514277e-02  -4.0556714e-01  -4.8953759e-01  -1.1022576e-01  -7.1390686e-02   1.4524306e-01  -3.0898749e-01  -4.7971635e-02   9.0504065e-02  -7.6042961e-02   3.6588675e-01   2.9812160e-01  -4.4728719e-02  -2.1699768e-01   3.6771165e-01   3.0144766e-01  -1.3330180e-01  -3.7608692e-01  -2.6664705e-01  -3.6684830e-02   2.5963605e-01   2.4116964e-01  -4.1416248e-01  -3.0427535e-01  -6.0240383e-02
   1.2982243e-01  -1.5331723e-01   1.5331876e-01  -2.4137529e-01  -1.5371741e-01  -3.5049796e-01  -6.1116487e-01   0.0000000e+00   2.8405734e-01  -2.6995855e-01  -1.4486994e-01  -7.0167191e-02  -3.6859887e-03   8.2231793e-02  -1.1399349e-01  -4.4585987e-01   1.7913968e-01  -2.8578888e-01   3.2507877e-01  -1.7934285e-01  -8.3857751e-02  -3.5604360e-01  -4.6488141e-01   2.7108324e-01   3.3265592e-01   5.7003975e-01  -9.7567355e-02  -6.6365215e-02  -2.6515220e-01  -1.3121921e-01  -3.1101594e-03   1.1580187e-01   1.7056965e-01  -3.4909374e-01  -2.5332514e-01  -4.2138756e-01  -2.1317448e-01   1.6310852e-01  -3.1054648e-01  -4.7660703e-02  -5.9602023e-02   2.3740523e-01  -5.2720459e-02   4.0690283e-01  -3.6205155e-01   1.5142965e-01  -4.8690296e-01  -2.6310779e-01  -5.7697617e-02   1.3020824e-01  -3.4246490e-01   9.1330284e-01   2.3998190e-02   1.5843982e-01   2.1814069e-01  -1.6167793e-01  -3.8886122e-02  -3.8845748e-02   5.7931550e-02   2.5830823e-01   1.7653740e-01  -2.7429749e-01   2.2035032e-01   2.8490154e-01   2.3101300e-02  -3.3510464e-01  -2.8084183e-01   2.3258805e-01  -1.5297867e-01  -2.2923846e-01  -6.5009023e-03  -1.0522826e-01  -2.1775043e-01  -2.2202480e-01   3.4775247e-01   3.2600487e-01   1.9880539e-01   1.1478368e-01  -1.4815384e-01   4.2189811e-01  -1.5539198e-01  -1.2455776e-01  -2.9396497e-02   8.0361035e-01  -1.7504014e-01   2.3181037e-01  -4.1755763e-01   1.4711700e-01   2.9111034e-01   1.7355980e-01   7.3892916e-03   2.1545984e-01  -6.0952523e-02   3.1040957e-01  -1.4899269e-03   5.6787670e-02   2.0943723e-01   2.7019933e-01   1.2095793e-01  -3.5307510e-01   2.2425632e-01   1.1959047e-01   9.4762147e-03   3.6266044e-01  -5.0268873e-01   4.4775197e-02   2.0349892e-01   1.9886534e-01   1.6526844e-01  -4.1766736e-01  -4.5071692e-01  -5.6585337e-01  -1.2823055e-01   1.8733926e-01   9.0420709e-02  -5.3616885e-02  -4.2974097e-04  -2.0084044e-01   3.8964338e-02  -3.4678384e-01   2.0966198e-01   1.4073266e-01  -7.2828142e-02  -1.3083901e-01   2.6461948e-01   3.3871549e-01  -1.8869559e-01   2.7120367e-01   7.0504733e-02  -1.9371641e-01  -1.9687193e-01  -3.9145775e-01   2.5621801e-01   9.6791298e-02   6.2953002e-02   7.2276391e-01   3.7580672e-01   1.8166798e-01   5.4718186e-01   1.5515177e-01   4.0488211e-01   1.4153105e-01   1.5826920e-01  -3.7238682e-01  -1.4668119e-01  -1.7268160e-01  -2.1982532e-01  -2.1398566e-01  -4.5796603e-01  -2.8451043e-01  -7.6750955e-02   5.0038848e-01   2.4852614e-01   1.0072814e-01  -9.0493883e-03   2.2751473e-01   1.8353595e-01   2.3314800e-02   2.8495754e-01   1.3174885e-01  -4.8940394e-02   4.0224117e-01  -4.7090501e-01   2.6997249e-03  -2.8417899e-01  -4.7581481e-02  -2.9545062e-01  -9.9370372e-02   2.9425847e-01  -1.0968182e-01  -5.8567466e-02   1.5602625e-01  -6.2697578e-02  -3.8659582e-01   3.5096433e-01   2.2908126e-01   1.2879940e-02
  -2.8449949e-01   2.8242861e-01  -6.6593256e-03   2.6501733e-01   9.9874036e-02  -4.3673438e-02  -4.4907611e-01   2.8405734e-01   0.0000000e+00  -3.3330791e-01  -1.7343794e-01  -6.4207315e-02   1.6051046e-01  -3.4800173e-01  -3.1544380e-01  -8.1487020e-02  -6.6542118e-03   9.4422280e-03   2.9426457e-01   8.3021874e-02   1.8674641e-01  -2.2738143e-01  -4.5700218e-01  -1.7348420e-01   4.1312586e-01   4.0607484e-01   3.8514629e-01  -3.7986118e-01  -2.3490138e-01  -1.9175333e-01  -3.7394305e-02   1.6154327e-01   4.4826661e-01  -1.2141726e-01  -3.5560288e-01  -4.6744643e-02   1.5223966e-01  -1.6839813e-02   9.2152671e-02   2.9225650e-01   1.8874558e-01   3.2025815e-01  -2.4322170e-01  -5.5927391e-02  -2.0571377e-01  -2.4589750e-01  -1.0394712e-01   1.2197817e-01   3.4139632e-01   1.8624559e-01  -3.0215681e-01   2.5564151e-01   4.3638862e-01  -3.6609526e-02  -1.9326099e-01  -3.1024308e-01   1.8260413e-01  -2.0096940e-02   2.0980584e-01  -8.8498287e-02  -3.3683069e-01  -4.4456804e-02   3.9675500e-01   2.9682330e-01   6.1925413e-01  -4.7522501e-01   1.7207121e-03   8.8727672e-02   1.2725602e-01  -2.3731962e-01   3.5281412e-01  -1.2811904e-01   2.3225758e-01  -4.7004377e-01   3.4517483e-01   2.1083037e-02  -6.3365525e-02   1.2722066e-01   2.5379149e-01   4.5302214e-01  -5.8195952e-02  -6.1818009e-03   7.6128846e-02   2.8043636e-01  -3.0872323e-01  -9.5152866e-02  -3.5650650e-01  -3.7479113e-01   1.7452701e-01  -9.7579959e-02   3.4709248e-01  -2.0279096e-01   1.1844277e-01   2.8906704e-01  -2.4181183e-01   1.0918158e-01   2.1939566e-01   2.8248605e-01   5.0712608e-01  -3.8464670e-01   7.5154355e-02  -2.9940692e-01  -2.4987955e-01  -5.9325777e-02  -2.4080766e-01   2.4534956e-01  -5.9834342e-02   2.3991569e-01   1.3739248e-01  -2.4184490e-01  -1.0917552e-01  -2.6461898e-01   8.3200476e-02  -8.7759091e-02  -1.0729259e-01   3.7800118e-01   2.6530362e-01   5.6546519e-02  -3.8142709e-01  -1.2392047e-01  -1.5979181e-01   2.3199083e-01   8.3841566e-02   4.1509190e-01  -1.8402344e-01  -2.6432735e-01  -3.6718089e-01   3.3606096e-01   1.9441949e-01  -1.0721687e-02  -1.6003299e-01   1.7277270e-01   2.6062897e-01   2.9337648e-01   2.1831276e-01   2.8416301e-01   2.7912636e-01  -1.0587708e-01  -3.9012735e-02   1.8123098e-02  -1.0590241e-01  -3.3328335e-01  -2.7973510e-01  -5.7620829e-01  -2.8459001e-01   8.4396650e-02   4.1466044e-02  -1.3055055e-01  -4.1311646e-01   1.8917854e-01  -3.5891823e-01   1.2628466e-01  -2.0791054e-01   3.5001421e-01   2.0195460e-01   4.3212674e-02  -1.8428970e-01   8.4010046e-02  -1.7175035e-01   7.6924470e-02  -5.7034691e-02   2.7990720e-01  -1.9456405e-01   1.3253434e-01   2.1545793e-01   2.2903201e-01  -9.4413081e-02  -1.0350360e-01  -1.5314239e-01   1.3563248e-02   1.8133376e-01  -5.0150130e-02   2.4906083e-01  -2.0895231e-01   1.2208974e-01   2.6284454e-01   9.8149599e-02
  -1.7952868e-02   1.4574035e-01  -1.0557539e-01   1.5908197e-03   2.8243165e-01   3.4282015e-01   3.4521221e-01  -2.6995855e-01  -3.3330791e-01   0.0000000e+00  -4.8212559e-02   2.0594252e-01  -2.0995174e-02  -9.9190224e-02   3.5668945e-02   9.2167321e-02  -1.4671815e-01   2.9751580e-02  -1.3750026e-01   3.0446202e-01  -1.3544066e-01   1.0914666e-01   3.6332154e-01  -1.2360790e-01  -2.9473717e-01  -1.7011788e-01   2.2626355e-01   1.5924545e-01   2.4337854e-01  -6.8794006e-02  -1.4510612e-01   9.9694073e-04  -1.9008233e-01   5.7608894e-01   2.0608771e-01   5.1262214e-01   2.7514064e-02  -1.1535713e-01  -2.5588562e-02   1.2462232e-01  -1.9194624e-01  -2.3120305e-01   2.4690690e-01  -2.2792385e-01   2.6052661e-01   1.9064709e-02   2.5429711e-01   1.2778842e-03  -2.3978471e-01  -1.8553303e-01   1.1163673e-01  -2.3219008e-01   4.1505697e-02  -1.3103149e-01  -1.3327384e-01   4.7510077e-02   5.5029501e-02   1.5146750e-01  -1.8059592e-01  -3.4469109e-02   7.0851439e-02   4.8291972e-02  -1.1814215e-01  -2.6672894e-01  -1.8249701e-01   6.6101355e-01   3.4416224e-01  -8.7910264e-02   1.5047862e-02   4.5929526e-02   2.6306811e-02   3.6278876e-02  -1.3009109e-01   6.6235107e-02  -3.9809361e-01  -1.2472705e-01  -7.2623417e-02  -2.0983027e-01   2.0972332e-01  -3.8744853e-01   3.0283434e-02   9.1470524e-02  -9.6618182e-02  -2.5923232e-01  -2.0832924e-01   2.6947606e-02   1.7847077e-01  -1.2487054e-01  -7.9903474e-02  -9.5560230e-02   8.3621264e-02  -1.3435367e-01   2.1486897e-01  -6.9553395e-02   6.9060197e-02   2.8714288e-01  -2.1674013e-01  -1.4877082e-01  -2.3402972e-01   3.6025389e-01  -3.1482898e-01  -6.0636340e-03  -4.9501593e-02  -1.1106946e-01   2.5659719e-01  -1.1183122e-01  -2.6448604e-01  -1.1527664e-01  -2.8495897e-01   3.8289120e-01   3.4594689e-01   2.5568748e-01   6.7657739e-02   8.1361385e-04  -1.3187611e-01   1.2884546e-01  -1.9152875e-01   9.7552036e-03   3.4152357e-02  -4.1464052e-02  -7.6892075e-02   2.3167501e-02   3.9637692e-02  -1.2883462e-01  -8.3004181e-02  -1.5922518e-01  -1.1269748e-01  -3.0786007e-01  -6.8730022e-02   1.4992047e-02  -1.4141878e-02   2.6852714e-01  -4.0171158e-02  -1.7147749e-01   7.6907424e-02  -2.6069984e-01  -3.1707491e-01  -1.9539917e-01   8.6421109e-02   5.6930591e-03  -2.0823392e-01   2.8065270e-01   2.0401281e-02   3.3060195e-01   1.0019448e-01  -3.0447775e-01   1.5708939e-01   3.4302892e-01   6.7308109e-01   1.1875224e-02  -1.3316741e-01  -2.4788987e-01  -8.7596577e-02  -1.2919503e-01   7.0832424e-02  -1.4846362e-01   5.1253041e-03  -1.7370487e-01  -1.4076135e-01  -1.2518449e-01  -1.1765342e-01  -4.1071643e-01   5.3262759e-01  -1.3340503e-01   8.2202188e-02   1.5494590e-01   2.8839537e-01   6.2957920e-02  -2.9097958e-02   1.2001951e-01   2.3321303e-01  -4.3624089e-02  -4.2082015e-02   1.8426048e-01  -3.1110365e-01  -6.0209359e-02  -8.5370716e-02
  -9.3438495e-02  -4.8932490e-01  -3.1030812e-01   4.9608893e-02  -3.7511376e-01  -1.1332506e-01   3.4168452e-01  -1.4486994e-01  -1.7343794e-01  -4.8212559e-02   0.0000000e+00  -1.5286744e-01  -2.9052356e-02   1.3561228e-01   5.5687723e-01   3.6971819e-01  -3.1902734e-01   6.5537024e-01  -1.9583252e-01  -3.7417822e-01   4.0317503e-01   2.7595194e-01   3.7518500e-01  -2.0130219e-01  -3.8447142e-01  -2.3257280e-01  -3.8888170e-01   3.0388016e-01   5.2565108e-02   6.0689676e-01   6.1951974e-01   1.4116239e-02  -1.9117054e-01  -2.2790976e-01   3.3148019e-01  -1.4912915e-01   4.1690316e-02  -2.3336995e-01   3.8381220e-01  -5.0505128e-01   1.6706067e-01  -1.9023983e-01   1.6107696e-01   4.9759548e-01   4.6282417e-01  -2.9260417e-01   4.7046325e-01   2.6022250e-01   5.5967590e-02  -4.0866015e-01   6.0684038e-01  -1.6517242e-01  -2.5009036e-01  -2.1923908e-01  -1.7985773e-03   5.2905139e-01  -4.9286159e-02   1.6321188e-02   4.8239349e-01   3.0373523e-01  -9.2355747e-02   2.0574761e-01  -3.6283815e-01   5.3120823e-01  -8.9132424e-02   2.8614509e-01  -2.9495679e-01  -1.0496925e-01   4.1411750e-01  -8.1200013e-02  -2.3797108e-01   3.4971113e-01   2.8108646e-01   1.1709075e-01  -4.3177352e-01  -3.4999369e-02  -1.7688745e-01   3.0918688e-01  -3.4383059e-01  -1.0138336e-01   2.7287159e-01   3.4241186e-01   2.5167913e-01  -1.6257748e-01   7.2383194e-02   5.0407320e-02   3.6473491e-01   9.5233891e-02  -2.0175105e-01  -1.0696303e-01  -4.7686905e-01  -1.3631176e-01  -3.7005379e-01   2.9426280e-01  -1.9268340e-01  -5.0386527e-01  -1.4647116e-01  -9.0882537e-02  -6.3303527e-02   2.6339371e-01   1.5757224e-01   5.6858767e-01   4.5119024e-01   2.8475890e-01   2.6553824e-01  -1.7581931e-01  -2.3311042e-01   7.9043017e-02  -1.4862481e-01   2.8395525e-01  -1.0760608e-01   1.7797575e-01  -1.5644145e-01  -1.8715720e-01   1.5831323e-01  -4.9168869e-01   1.3864528e-01   9.6936327e-02   1.5254676e-01   1.7089613e-01  -9.9899720e-02  -4.1649764e-01  -2.7552590e-01  -9.7531313e-02  -2.3033660e-01   2.6603751e-01   2.7919881e-01  -4.8376671e-01   2.1536820e-01  -2.5048486e-01   1.5672176e-01   1.1775512e-02  -3.5297937e-01   3.5792966e-01  -1.3410793e-01   6.8999367e-02  -1.8057917e-01   4.8297870e-01  -7.5244348e-03  -3.3261807e-01  -2.4050856e-01  -1.0545050e-01   3.7589257e-01   1.3954901e-01   6.1112350e-01   5.8126810e-01  -3.0698042e-01   2.8424386e-01  -1.3037520e-03   1.7927623e-01   1.6554991e-01   2.0975498e-01  -2.6209490e-02   1.7045717e-01  -5.4986676e-01  -2.1232656e-01  -2.3942941e-01   4.6255869e-01  -2.1664594e-01   1.2057742e-01  -1.4902987e-01   5.7900392e-01   2.9600557e-01   4.7315194e-01  -1.2836927e-01  -5.0169552e-01   2.7366152e-01   3.7706359e-01  -3.1977019e-01  -2.1831610e-01  -5.4047996e-01  -1.2577339e-01   4.0282113e-01  -1.1297750e-01  -3.3436523e-01  -2.7120953e-01  -7.0361586e-03
  -2.4749465e-01   5.8459936e-01   5.1258107e-01  -3.0373524e-01   3.6591912e-01  -1.7777980e-01  -2.9633816e-02  -7.0167191e-02  -6.4207315e-02   2.0594252e-01  -1.5286744e-01   0.0000000e+00  -2.1558929e-01  -2.5358749e-01  -1.7684393e-01   1.3293807e-01   3.5782137e-01  -1.9461124e-01  -2.2326478e-01   3.7405655e-01  -2.8219803e-01  -1.3178456e-01  -3.6473314e-01  -4.8402970e-02   8.2595618e-02  -1.3860717e-01   1.9684989e-01  -2.1601193e-01   2.7768480e-01   1.0297524e-02  -2.5021141e-01   3.8832480e-02   1.4989562e-02   1.8922086e-01   2.4321476e-01   2.1865794e-01   6.0333197e-02  -1.4894692e-01   1.4816214e-01   1.6287488e-01  -1.5050341e-01   1.2691808e-01   4.1993316e-01  -1.3104311e-01   6.1871229e-02   2.0526877e-02  -7.6886095e-02  -1.0745205e-01   6.2562302e-02   3.2953801e-01  -2.0943037e-01  -1.7599019e-01   4.9999586e-02   4.9633956e-02  -2.1190601e-01  -9.4447033e-02  -9.2893360e-02   2.1734082e-02  -1.5142642e-02   4.0931822e-01  -1.2190321e-01   7.4939891e-02   2.9247478e-01  -1.0329272e-01   9.3549028e-02   1.5733744e-01   6.4796373e-02   1.3104880e-02  -2.7675359e-01   1.4858831e-01   4.1528951e-02  -2.0056679e-01   1.3520693e-02   1.6417475e-02  -4.0553123e-02   1.2288986e-01  -8.1137780e-02  -1.8461132e-01   3.7999665e-01  -9.1382238e-03  -2.8896854e-01   9.0987072e-02   1.5132232e-01  -8.4008268e-02   2.0864918e-01  -4.6424015e-02   1.8547685e-01  -1.1931613e-01   4.3961606e-02  -1.3397837e-01   2.9156162e-01   4.6564320e-02   4.9765034e-01   9.6908111e-02  -1.7182820e-01   3.4465563e-01   9.7734865e-02  -2.0685313e-01   8.6312045e-02   4.6343896e-02  -3.1784303e-01  -6.0683050e-02  -1.6950312e-01   1.4621532e-01  -1.1192843e-01  -8.8801079e-02   2.0810528e-02  -2.5493139e-01  -3.0610811e-01   1.3503257e-01   2.6859020e-01  -1.3089925e-01   4.5065323e-02  -2.2155162e-01  -2.8748683e-01   2.7630815e-01  -2.5504209e-01  -4.7452742e-02  -6.9667226e-02  -1.4703036e-01  -1.2880885e-01   3.8460161e-01   2.3153399e-01   3.5636184e-01  -1.0747217e-01  -6.0992485e-02   3.3471134e-02   3.2715842e-02  -3.0029661e-01   1.8851250e-01   1.7964554e-01   1.1128356e-01   3.1226894e-01  -7.9290009e-02   2.5119586e-01  -4.9684103e-02  -7.6121881e-02  -2.8016644e-01   2.0370808e-02  -1.7861718e-01  -1.1478411e-01   8.6142155e-02  -1.4505631e-01   2.1646877e-01  -8.4849652e-02  -1.9608696e-01   3.8962671e-01   2.3385072e-01   3.8450241e-01  -8.6541936e-02  -1.9807665e-01  -3.4894169e-01  -1.3081962e-01   2.0411186e-01   4.5354578e-01  -2.3446999e-01  -2.1503802e-01  -9.7179177e-02  -6.1514382e-02  -2.7077016e-01   6.6857896e-02  -2.3354588e-01  -4.4708503e-02  -2.1584079e-01  -5.3919742e-02   2.1319783e-01   3.6301015e-01  -1.0474657e-01  -2.5749288e-01   3.2068641e-01   4.7527090e-01  -1.6555863e-01  -1.4903663e-01   1.6832148e-02  -3.1172832e-02   1.2402635e-01  -8.4975130e-02
  -2.9954754e-02  -4.0940653e-02  -2.3658155e-01   1.0098204e-01   1.0726104e-01  -2.7683253e-02  -1.0571343e-01  -3.6859887e-03   1.6051046e-01  -2.0995174e-02  -2.9052356e-02  -2.1558929e-01   0.0000000e+00  -1.6256500e-01  -9.5814043e-02   2.3273476e-02  -5.8396195e-02   8.8689343e-02   9.7285614e-02   1.6464964e-01   1.3218932e-01  -1.6763322e-02  -4.7513424e-02  -7.2349354e-02   2.2960483e-01  -3.0402656e-02   4.7338222e-02  -1.2390451e-01  -2.9975829e-02  -9.7368433e-02  -6.8423695e-02   1.3759460e-01   1.4796338e-01   2.1436787e-02  -1.3790046e-01   1.5067202e-01  -7.7084292e-02   3.6250594e-02   9.2898834e-02   9.8443295e-02   5.7581480e-01   1.9701920e-03  -1.2453587e-02  -1.3561575e-01   2.4628068e-02  -1.3715749e-01   1.5098120e-01   4.1641031e-02   1.3510015e-01   1.1360184e-01   8.5986641e-02  -2.7870651e-03   8.1452847e-02   3.4669845e-02  -1.7130230e-01  -2.7930000e-01  -4.1470905e-02   1.0388758e-03   1.7561399e-01  -2.0281204e-01   1.2838601e-02   3.0947618e-01   4.1857534e-02  -2.5457249e-02   1.0432618e-01  -3.4493278e-02   3.4362505e-02  -3.8379616e-02   6.0972190e-02  -3.0281241e-01   3.8556397e-02  -2.1967211e-02   2.9348850e-01  -3.2532443e-01   1.4146618e-01   1.9727770e-02  -3.9480103e-02   2.4638654e-02   3.0340635e-02   4.0795285e-01  -2.1838090e-01   2.4459915e-01  -6.3267475e-02  -4.3370927e-02  -2.0511446e-01   1.0394489e-02  -2.3915199e-01  -1.4189752e-01   2.1064332e-01  -3.6746109e-02   1.7635520e-01  -5.9806642e-02  -2.7966200e-03   7.8414320e-02  -9.7847269e-02   1.3782680e-01   3.0235104e-01   1.4629649e-01   2.2863671e-01  -2.3180688e-02   5.0921477e-03  -9.6958085e-02   5.5662395e-02  -5.0634759e-02  -1.3684405e-02   1.2249862e-01   8.6675362e-02   1.0613771e-02   1.7148102e-01   6.2644926e-02  -1.0335453e-01  -6.3915114e-02  -8.9050204e-03   3.6479771e-02  -5.8541772e-02   6.6877327e-02  -2.0427461e-01   5.6768093e-01  -7.2426010e-02   4.5889425e-02   2.5860095e-03   1.3903626e-01  -3.7100234e-04   1.2720030e-02  -4.5822202e-02  -2.8741474e-01   3.3850667e-02   1.3404081e-01   2.3367036e-02  -1.7564831e-01   3.7310766e-01   2.2456503e-02  -7.1246767e-02  -2.9923139e-02   3.3995312e-02   6.5905224e-02   3.7943081e-01   1.0918080e-02  -3.5639158e-02   6.2968764e-02  -5.5805456e-02   1.2287062e-02  -1.3422847e-01  -3.1379256e-01  -2.0524786e-02   3.7980773e-02  -9.5435714e-02   1.3337640e-01  -4.4300168e-02   2.9989324e-02  -8.6208818e-02   1.5928488e-01  -3.4531902e-03   1.0493862e-01  -1.9281107e-02   1.1134729e-01  -3.6088603e-03   3.3366896e-01  -2.6551590e-02   3.6176270e-02  -1.1922223e-01  -4.3162671e-02   1.2810350e-01   9.3160613e-02   4.7966949e-02   8.3971729e-02   6.9855441e-02  -2.0495245e-01   6.3237438e-02   3.1139858e-02   1.8355575e-01   4.4408943e-03   2.3751969e-02  -7.3876538e-02   7.5441566e-02  -4.1871425e-02   2.7994364e-02
   4.6404535e-01  -4.8617706e-01  -5.5695407e-02  -1.8769768e-02  -3.1631312e-01  -1.4908731e-01   1.8603388e-01   8.2231793e-02  -3.4800173e-01  -9.9190224e-02   1.3561228e-01  -2.5358749e-01  -1.6256500e-01   0.0000000e+00   3.5868321e-01   6.3453251e-02  -9.5487006e-02  -1.4523687e-02  -5.0177437e-02  -3.8829901e-01  -2.3249000e-02   3.4264647e-01   3.4565465e-01   2.6457812e-01  -1.4578897e-01  -1.3599278e-02  -5.1586744e-01   5.6725760e-01  -1.0700791e-01   3.7180691e-01   1.7375869e-01   1.7516220e-02  -2.2889924e-01  -4.5741843e-01   3.2954202e-01  -2.8480276e-01  -4.3169457e-01   1.3900700e-01  -9.1099409e-02  -3.9782134e-01  -1.2776177e-01  -1.2440809e-01   1.1741353e-01   4.0149376e-01  -1.6546338e-02   1.8431543e-01   5.1178592e-03  -1.5757873e-01  -1.9776999e-01  -3.1286062e-01   1.7951266e-01   2.9440726e-02  -5.0327178e-01  -9.3025012e-02   5.4521516e-01   5.1787876e-01  -8.0865721e-02   2.5967305e-02  -9.3985730e-03   1.0793811e-01   2.8462888e-01  -8.0102040e-02  -3.0939022e-01  -2.4589691e-02  -4.7547536e-01   1.0927018e-01  -2.8465095e-01  -3.4660380e-02   2.0654952e-01   2.2044482e-01  -4.4696109e-01   2.0450029e-01  -2.3327372e-01   5.1046844e-01  -1.0035743e-01   9.2895978e-02   1.3248502e-01   2.2764361e-01  -3.6659580e-01  -1.3193173e-01   3.8166492e-01  -2.2231302e-01  -2.3207070e-01   1.7576944e-02   2.3026950e-01   1.9082478e-01   2.7142958e-01   5.8108401e-01  -4.8157121e-02   2.9594639e-01  -4.4960247e-01   2.3191686e-01  -4.1592907e-01   1.8815420e-02   1.1027409e-01  -3.4017807e-01  -9.7416972e-02   7.7301514e-03  -1.6058555e-01   1.3884114e-01   2.1784974e-01   3.9508430e-01   5.0421365e-01   2.8424095e-01   1.6848291e-01   1.6506217e-01  -5.2153527e-02   4.9025865e-02  -2.8773115e-02  -1.2425547e-01  -1.4202042e-01   2.5780391e-01   6.8941227e-02   2.9202298e-01   3.1875329e-01  -5.1069156e-01   9.3035215e-02  -2.2876647e-01   4.0355087e-01   4.1852757e-02   2.4898851e-01  -3.2404786e-01  -2.3788004e-01  -4.4276231e-01   2.7551023e-01   5.5699224e-01   3.2194135e-01  -2.3000888e-01   9.7721609e-02  -1.4494817e-01  -3.1184052e-02  -4.5587096e-01  -1.9971749e-01  -2.4830948e-01  -1.4842416e-01  -3.0279079e-02  -1.4008957e-01   3.6804438e-01   6.7793237e-03   1.4345974e-01   4.4090754e-01   1.4505987e-01   3.5557816e-01   2.7721835e-01   3.3770044e-01   1.5103523e-01  -4.0808852e-01   3.1300422e-02  -4.0451576e-02  -2.4089933e-01   5.0365076e-01   2.0392213e-01   2.9868710e-01  -4.8529605e-01  -3.8976348e-01   1.9410837e-01   3.0058172e-01  -2.3879485e-02   2.0541129e-01   3.6901976e-01   9.3257257e-02   1.4322468e-01  -1.8623811e-01   1.6886293e-01  -1.6113898e-01  -3.9193110e-01  -1.4956811e-01   2.2814428e-01   3.0474619e-01  -3.6120510e-01  -5.1014487e-01   1.6151041e-01  -2.0274519e-02  -8.0162804e-02   1.8558748e-02  -1.6620423e-01   7.8081403e-02
