   0.0000000e+00  -2.2223120e-02  -9.6790134e-02  -1.4909906e-01  -2.7939755e-01  -1.6717120e-01  -2.0818954e-01   4.4297237e-01   3.7220761e-01  -1.4225246e-01   1.3455998e-02   1.0935864e-01  -8.3871239e-02   1.1472513e-01   1.2861406e-01  -2.0843614e-02  -5.9552545e-02   2.6898892e-02  -1.5398380e-01  -2.7591207e-01  -2.2647124e-01  -2.8953490e-02  -3.1281036e-01   5.3308793e-01   1.2466076e-01   4.9552221e-01  -8.4444946e-02   2.1280535e-01   4.2365454e-01  -1.1853350e-01  -1.7151798e-01  -1.2730269e-03  -1.7373846e-02  -1.9875639e-01   1.2110305e-01  -2.4531137e-01  -9.0542244e-02  -3.6699562e-01  -2.5958796e-01  -6.7632212e-02  -9.4643866e-02  -8.7553975e-03   2.4245245e-01   1.9558047e-01   3.3725243e-02   2.6469950e-01  -7.4928184e-02  -2.1921418e-01  -3.7961198e-01  -2.3212897e-01  -2.3589427e-02   4.6640998e-01  -4.6480489e-02   4.0201307e-01   2.9561706e-01   2.1054563e-01   1.7324132e-01   1.1402088e-01  -1.2159053e-01   2.7470488e-01   6.8075801e-02   1.6526386e-01   1.0198678e-02   2.8544003e-01  -6.0882211e-02  -2.8084344e-01  -1.9939821e-01   9.9074575e-02   5.1361560e-02   2.6758815e-01  -1.6865127e-01  -1.3679746e-01  -8.6423611e-02   4.5218399e-01   1.4418682e-02   3.8202237e-01  -1.2833264e-01   3.2739883e-01  -1.1348973e-01  -5.0414982e-02   4.4398700e-02  -3.0463642e-01  -3.0317628e-02   4.3030587e-01  -2.3500723e-01   3.5201017e-01  -1.4493042e-01   6.1568931e-01   3.5658647e-01   2.2236206e-01  -1.3039411e-01  -1.0850323e-01  -2.0655380e-01   2.1890701e-01  -1.0110135e-02  -7.4044994e-02  -1.0156041e-01   1.5908927e-01  -1.1300581e-01  -2.8409842e-01  -1.2482621e-01   5.3384622e-01   2.0689082e-01   2.1956483e-01   4.9841010e-02   8.8012443e-02   5.1809642e-02   1.8046464e-01  -2.4352040e-01  -7.3369659e-02  -3.0522696e-02  -5.3943570e-02   1.7268611e-02   3.9176592e-01   3.5500175e-02   1.2873905e-01   1.8916713e-01  -1.5320013e-01   2.6201146e-02  -2.0731650e-01   4.3819623e-01  -1.4434138e-01   1.6526586e-01  -1.6002486e-01   2.2365812e-01   5.0587192e-01   7.6766039e-02   1.3607435e-01   1.2323641e-01  -5.6258171e-02  -2.6583881e-01  -3.1468134e-01   8.5090813e-02  -6.3186900e-02   1.7247359e-01   4.6584751e-01   1.6916679e-03  -1.1940863e-01   4.0577051e-01   2.8613613e-01   5.9674203e-01  -1.9029668e-01   3.4546028e-01  -6.6614764e-03   4.9649576e-02   6.5754944e-02  -1.6650610e-01  -2.2383838e-01  -2.8806831e-02  -4.2278572e-01   2.3796867e-01   1.8294548e-01   4.7873117e-01   1.3782010e-01  -2.6026321e-03   2.4635923e-01   5.4838194e-01  -1.2799603e-02  -9.5862612e-02  -3.1307553e-02  -1.7762704e-01   3.8541851e-01  -2.5236394e-01   1.7037208e-01   1.2127788e-01   2.0986454e-01  -1.7644660e-01   3.2179004e-01   4.2324686e-01  -2.9984015e-01  -1.0816644e-01  -1.6368814e-01   2.4403014e-01  -1.9126868e-01   2.9536991e-01  -2.8704530e-01   1.6035307e-01
  -2.2223120e-02   0.0000000e+00   6.8860672e-01  -1.6851701e-01   6.9408062e-01  -2.0878283e-01   5.0902817e-01   1.9461717e-01   6.9145691e-01   1.5707073e-01  -3.6151801e-01   8.0297104e-01  -1.3325829e-01  -5.0797358e-01  -1.1282257e-01  -4.5078401e-01   5.8790433e-01  -1.2310256e-01   4.1698712e-02   5.2600406e-01  -1.4711199e-01   2.9117356e-02  -4.0350364e-02  -4.1324378e-01   6.0537432e-02   7.6982826e-02   2.8585760e-01  -5.1781299e-01   1.0726678e-01  -1.1764306e-01  -3.1849827e-02  -6.1581725e-02   1.3314735e-01   1.5053677e-01   2.9615486e-01   1.9231600e-01   5.5739349e-01  -3.2396517e-01  -2.8032658e-01   7.0473944e-01  -4.0819809e-02  -2.2783399e-01   5.3448043e-01  -3.4118196e-01   3.6247425e-01  -3.4135791e-01  -2.3519915e-01   5.7137132e-01   3.8171646e-01   5.6830564e-01  -2.8516461e-01  -2.8386635e-03   5.4350834e-01  -7.5145187e-02  -3.0443027e-02  -4.3044179e-01  -4.8811672e-01   2.1951935e-01  -4.4386513e-02   2.5321685e-01  -2.6952379e-01   1.6533188e-01   3.7789405e-01   3.8843814e-01   5.2715377e-01   1.1982177e-02   4.4760381e-02  -2.1983525e-01  -2.1014962e-01  -4.4659590e-01   8.4268117e-01  -3.1264214e-01  -2.0870767e-01  -4.4659662e-01  -2.5901589e-01   4.9724708e-02  -4.5955347e-01   1.5184684e-01   7.1782845e-01  -1.8171850e-01  -4.3816358e-01  -4.0762338e-01   2.9585856e-01   1.5185501e-01  -2.2512585e-02   8.4023126e-02   3.9972918e-01  -2.3239013e-01   3.2787593e-01  -2.9658035e-01   7.9315318e-01  -1.5635531e-01   9.5443435e-03   6.2515976e-01  -2.3881951e-01   5.0162852e-01  -9.7362183e-02   7.6257253e-02   2.0521533e-01  -3.3978733e-01  -3.2755405e-01   1.1114410e-01  -4.1838536e-01   2.6539380e-01  -3.9595573e-01   4.1565924e-02  -8.8970283e-02   3.5141684e-01   3.8339081e-01  -2.6902266e-01   1.4700532e-01  -4.3369547e-01  -3.1194773e-01  -3.6634711e-01   1.5191073e-02   7.5250232e-01   7.7007962e-02  -1.1594879e-01  -5.6213733e-01  -3.4811256e-01  -4.3184402e-01   7.6091358e-01   5.5504334e-01   4.4420075e-01  -3.7334678e-01  -3.9751597e-01   5.4710438e-01   4.8019667e-02  -1.6805234e-01  -4.3781290e-02  -1.2050543e-01   1.6951702e-01   4.9510363e-01  -3.4802681e-01   4.3935526e-01   1.4712847e-01  -1.4182341e-01  -1.5840713e-01   1.2546337e-01   2.8672923e-01  -1.8372217e-01   1.3199779e-01  -1.8486229e-02  -6.5960381e-01  -4.4992461e-01  -1.4247977e-01   6.4749571e-01  -2.2161183e-01  -3.0447673e-01  -3.7277399e-01  -4.9841784e-01  -3.6612676e-01  -3.7751966e-01   4.3172019e-01   8.0655616e-01  -1.9760558e-01  -1.9290210e-01  -2.3247503e-01  -1.8423472e-02  -5.9909186e-01  -2.0058271e-01  -1.3042669e-02   7.2910947e-02  -6.3837449e-02   1.6829022e-01   6.4298376e-01   2.1147482e-01  -4.0369669e-01  -3.8252839e-01   2.7596201e-01   3.4795618e-01  -3.7900706e-01   3.1462123e-02  -3.4421674e-01   6.7864772e-02  -1.0431048e-01   2.6576500e-01
  -9.6790134e-02   6.8860672e-01   0.0000000e+00  -9.6576238e-02   6.3087288e-01   1.8011533e-01   3.2007420e-01   1.3016592e-01   4.5756205e-01   2.8343599e-01  -2.3395710e-01   6.2727892e-01   1.1328925e-01  -5.3046087e-01  -2.1160580e-01  -2.8315745e-01   8.1542076e-01  -4.6400311e-02   2.5513358e-01   7.0520561e-01  -2.1246586e-01   7.9379509e-02  -2.6581324e-02  -3.6484790e-01   1.1651559e-01  -1.6753047e-02   5.0652122e-01  -5.4393639e-01  -8.5487791e-02  -8.4667888e-02  -2.5453551e-01   2.5474231e-02   2.2275483e-01   2.0542537e-01   2.3341517e-01   4.4552624e-01   2.3036140e-01  -2.5782948e-01  -1.5086076e-01   7.9080045e-01   9.6390784e-02   3.0595091e-02   5.0842037e-01  -4.4460635e-01   2.3837543e-01  -2.8463839e-01   7.6833389e-02   2.4424468e-01   4.3836374e-01   6.0982003e-01  -1.5872078e-01  -7.3678633e-02   4.0930953e-01  -7.2198915e-03  -5.3412991e-02  -4.5122025e-01  -5.0067954e-01   1.8270425e-01   2.0691053e-02   2.5477324e-01  -8.9733046e-02   3.6690510e-01   2.8864156e-01   5.5826621e-02   1.9767337e-01   2.5284076e-01   3.9900285e-01  -1.1087254e-01  -6.3653489e-02  -3.2690963e-01   6.0315366e-01  -9.2431800e-02  -2.1814217e-01  -3.6788642e-01  -1.1249273e-01  -3.0344306e-02  -3.5280426e-01  -2.2904114e-02   4.5881389e-01   3.1467322e-02  -5.0545990e-01  -3.2981461e-01   1.6470516e-01   1.0419050e-01  -5.5603801e-02  -4.6779508e-02   2.4549058e-01  -2.4498236e-01   1.0168060e-01  -2.0443001e-01   4.5947359e-01   5.2573185e-02   3.0086952e-01   5.1261878e-01  -1.6776434e-01   5.4496510e-01   1.8863098e-01   1.1276267e-02   2.6912254e-01  -2.1082907e-01  -3.8304884e-01  -6.8931848e-02  -5.3747809e-01   2.3992952e-01  -4.0387291e-01  -1.5304090e-02   5.2074502e-02   2.8705107e-01   1.1714935e-01   3.3922450e-02   9.6130292e-02  -3.4038212e-01  -1.8494963e-01  -3.8258696e-01  -2.9815666e-02   4.9769354e-01   2.8492052e-02   5.2261366e-02  -5.5392629e-01  -1.8643442e-01  -2.8268874e-01   5.6393192e-01   4.3484261e-01   1.6388533e-01  -2.3398905e-01  -4.2836665e-01   3.2208285e-01   1.6464626e-01  -7.7793349e-02   1.7204241e-01  -7.6129290e-02   2.3293668e-01   3.6026092e-01  -2.7885753e-01   4.0846613e-01   4.9010120e-03   4.9782891e-02  -3.0927393e-01   7.6863107e-02   3.1711673e-01  -2.1588903e-01   7.0522965e-02  -1.0822095e-02  -4.1650883e-01  -5.5154776e-01  -4.0473812e-01   5.9592413e-01  -2.1414737e-02  -2.9748465e-02  -4.4855342e-01  -4.6261310e-01  -5.0145524e-01  -2.5557657e-01   3.3813256e-01   7.7045925e-01  -9.5700557e-02  -1.7997088e-01  -2.1988500e-01   2.4796454e-01  -5.5401439e-01  -8.8682014e-02  -1.1481714e-01   3.4349407e-02  -1.7357331e-01   2.0560890e-01   4.2107228e-01   1.5406571e-01  -3.6354325e-01  -3.0568875e-01   4.0502654e-01   3.4908293e-01  -3.0820455e-01   3.7249222e-02  -1.6472969e-01   6.1814874e-02   4.4110890e-02   3.0789367e-01
  -1.4909906e-01  -1.6851701e-01  -9.6576238e-02   0.0000000e+00  -1.3082812e-01   3.6051942e-01  -8.1163418e-02  -6.0128443e-02  -2.4658308e-01   4.4983149e-02   1.8493223e-01  -2.1083005e-01  -1.4291438e-01   9.4464784e-02  -2.0310798e-01   1.0145296e-01  -2.1008232e-01   3.1956042e-01   3.1257341e-01  -2.4473313e-02  -5.7812071e-02   5.8219508e-01   1.0085733e-02  -1.5553119e-01  -7.2688425e-02  -1.5753979e-02   1.5784220e-01  -1.9810813e-01  -1.0191047e-01   3.9451501e-01  -1.9621405e-01   4.7132008e-01  -2.9317590e-02  -2.3556578e-01  -6.1856658e-02   1.4664421e-01  -1.5129594e-01  -5.8344123e-02   9.7550745e-02  -7.8760705e-02  -2.1646519e-02   1.1201102e-01  -1.2332150e-01  -1.4308987e-01  -8.7029713e-02  -6.3911284e-03   2.4925015e-01  -2.3059921e-01   1.5103973e-01  -5.2932890e-02   3.2875842e-01  -1.2546494e-02  -2.8461565e-01  -6.5412475e-02   2.2661193e-02  -1.3105964e-01   2.0629752e-01   4.3999012e-01   4.1049586e-01   1.7817610e-01   1.7316124e-01   1.8080342e-01   6.6420460e-03  -3.4947277e-01  -9.7691209e-02   1.0420936e-01   3.1980531e-01  -1.0405358e-01   2.5757956e-01  -8.8923993e-02  -2.5681586e-01   4.7038599e-01  -1.4412400e-01   7.3216145e-02  -1.2951676e-01  -2.7632308e-02   5.6148587e-02  -8.8036284e-02  -2.9229105e-01   1.9588351e-01  -4.4652713e-02   4.3031290e-03  -2.7942996e-01  -3.7010965e-02  -1.2184883e-01   1.3337552e-02  -9.9823660e-02  -1.6790773e-01  -2.5469990e-01  -3.2500802e-02  -9.5074503e-02   1.1637767e-01   5.3227557e-02  -1.8753671e-01   6.4703503e-03  -1.5359194e-01   9.5429291e-02   8.5122199e-02   2.5888171e-01   3.4753508e-01  -1.0820542e-01  -3.5988362e-01   9.7619033e-02   2.3349028e-01   3.8524918e-01   3.7194492e-01   1.7831906e-01   7.9363640e-02   4.0583412e-02   1.6605281e-01  -1.7117112e-01   3.9591546e-01   4.4145991e-01  -5.6217399e-02  -1.9856206e-01  -2.5605620e-01  -4.8383795e-03  -1.2819355e-01  -9.9234745e-02   5.6941873e-01   7.8882405e-02  -1.8181818e-01  -2.3103130e-01  -2.3046532e-01  -7.2445615e-02  -3.2437819e-02  -1.5749238e-01  -7.5295529e-04   4.5450895e-01  -7.5294737e-02  -9.0829429e-02   1.3469059e-02   3.6772782e-02  -1.3813835e-01   1.2302490e-01  -8.4731467e-02   3.4539756e-02  -2.9617875e-01  -4.4517458e-02   5.9134383e-02  -5.2783120e-02  -3.3189673e-02   5.1596111e-02   4.4451864e-03  -4.2158999e-02  -3.6392354e-02  -8.0126767e-02   2.0793336e-01   9.0407278e-02   1.7003689e-01   5.6002467e-02  -1.6919715e-01  -6.7276812e-03  -1.5640247e-02  -1.9421592e-01  -1.0392742e-01  -1.9153452e-02   3.0811406e-01   1.6378319e-01   2.0668164e-01   4.8708992e-02  -6.9068543e-02   8.3276944e-02   2.6609763e-01   4.3354474e-01  -3.1613287e-01  -4.0717993e-02  -1.2685166e-01   1.5905767e-01  -6.1187027e-02  -1.7400123e-01   1.7454773e-02   2.8646711e-01  -5.2940666e-03  -6.8410641e-02   9.0655823e-02   3.8523223e-01
  -2.7939755e-01   6.9408062e-01   6.3087288e-01  -1.3082812e-01   0.0000000e+00  -1.5504659e-01   2.5527953e-01  -1.8556318e-02   3.0281978e-01   9.4237094e-02  -3.0462462e-01   4.1490029e-01   2.2284723e-01  -4.6496195e-01  -1.6124317e-01  -4.0325481e-01   6.1374736e-01  -1.8432812e-01   6.9819121e-02   8.0724978e-01   6.5934338e-03  -8.3000852e-02  -1.1260083e-01  -3.0165432e-01   8.2006642e-03  -2.0015023e-01   3.7941948e-01  -5.4194963e-01  -1.4341405e-02  -2.1202761e-01   1.3510450e-01  -1.1165510e-01   7.5642717e-02   5.2571880e-02  -6.6160387e-03   5.0619902e-01   5.1444033e-01  -7.2255506e-02  -5.8903937e-02   6.9427705e-01   2.4509653e-01  -2.4354076e-01   3.0894239e-01  -3.0541938e-01   1.3188105e-01  -3.9025394e-01   3.2055852e-03   4.4092897e-01   6.9095325e-01   5.7385435e-01  -2.9359229e-01  -2.2862368e-01   4.8755759e-01  -9.0615079e-02  -6.9662186e-02  -5.2823046e-01  -6.1887654e-01   5.9355565e-02  -7.7207678e-02  -1.0736162e-01  -3.5649163e-01   1.9034913e-01   2.1468038e-01   2.3301649e-01   3.8428467e-01   4.2208041e-02   1.7118935e-01  -2.1571312e-01  -2.0195452e-01  -4.7019746e-01   6.8127825e-01  -2.7271817e-01   4.1036011e-02  -5.0881371e-01  -1.8295400e-01  -3.6720949e-02  -4.3264261e-01  -2.5948465e-02   7.0533936e-01  -1.3761860e-01  -5.6456206e-01  -1.6458311e-01   4.1881390e-01  -4.3551834e-02   1.4010298e-01  -2.6969873e-02   4.4471746e-01  -2.9696810e-01   3.6806164e-02  -9.4828785e-02   7.4217131e-01  -1.3775745e-01   1.8236504e-01   2.5434447e-01  -1.3170029e-01   6.8990884e-01   3.1794886e-02  -7.4386727e-02   3.3656659e-01  -3.0078916e-01  -9.8367357e-02  -2.7517454e-01  -4.4238108e-01  -5.7226703e-02  -5.5892350e-01  -8.4995222e-02  -1.7466155e-02   2.1640692e-01   2.7790992e-01  -8.9808652e-02  -1.2979710e-02  -5.1214742e-01  -1.3356452e-01  -3.1158893e-01  -4.1102345e-02   6.0860479e-01  -1.2083200e-01   1.4945496e-01  -4.1433491e-01  -3.1300430e-01  -5.9169795e-01   7.7877049e-01   2.3410798e-01   2.7941707e-01  -3.4158395e-01  -5.5085816e-01   1.8537944e-01   1.1851294e-01  -3.2834132e-01   4.8550878e-02   1.9725909e-01   2.7624720e-01   3.8335560e-01  -1.5332165e-01   1.7438490e-01  -2.5971106e-02   5.8297904e-02  -6.5433365e-02   3.9422181e-02   2.5757322e-01  -1.6400271e-01   3.2836003e-01  -2.2549967e-01  -6.0607100e-01  -5.0707443e-01  -2.3715915e-01   4.9421451e-01   2.2883813e-02  -2.4130245e-01  -2.0791736e-01  -5.2693117e-01  -2.9955980e-01  -4.4425330e-01   3.3371722e-01   7.0967503e-01  -1.1331289e-01  -4.3753337e-01  -2.0156320e-01   5.8120132e-02  -6.2797501e-01  -6.9889690e-02  -2.2209258e-01   1.6230982e-01  -2.7626808e-01   2.9492883e-02   3.3478561e-01   9.2902466e-02  -4.1643892e-01  -4.4972632e-01   5.7533262e-01   2.9558182e-01  -2.3669884e-01   3.1249602e-02  -2.7494209e-01  -1.5514216e-01   9.6936313e-02   5.0686382e-02
  -1.6717120e-01  -2.0878283e-01   1.8011533e-01   3.6051942e-01  -1.5504659e-01   0.0000000e+00  -9.4068886e-02  -1.1731276e-01  -3.4351836e-01   6.3563339e-02   4.8971148e-01  -2.0204298e-01  -2.8708615e-02  -1.8747236e-01  -4.8201330e-01   2.0702595e-01   1.3221302e-01   3.0947415e-01   6.7450679e-01   8.2239687e-02  -1.9989970e-01   3.9372254e-01  -1.3049518e-01  -1.3892785e-01  -1.3147470e-01  -1.1208266e-01   4.4269118e-01  -2.9611252e-01  -2.5892454e-01   6.1358066e-01  -4.2870294e-01   3.0401777e-01  -5.6748878e-03  -1.3953221e-01  -1.4777009e-01   3.9398350e-01  -2.6805232e-01  -7.0735272e-03   2.4608496e-01   8.7693472e-02   1.0219578e-01   1.2710551e-01  -1.0970982e-01  -1.7596408e-01  -2.4570626e-01   4.6325108e-02   6.3297640e-01  -9.0564180e-02   4.2412169e-02  -3.3170553e-02   3.2255469e-01  -1.4044172e-01  -7.2910541e-02  -9.7375199e-02  -2.0790482e-01  -7.9623793e-02   3.0115974e-01   1.3845886e-01   2.3569669e-01   1.8401478e-01   4.0467356e-01   5.2682150e-02  -3.3521233e-02  -4.6600170e-01  -3.2896578e-01   4.2098591e-01   8.1160132e-01   8.8584964e-02   4.5651023e-01  -6.2519352e-02  -2.8428171e-01   4.7266779e-01   6.7530590e-03  -8.4192141e-02  -5.5572815e-02  -2.9811740e-01   1.5799163e-01  -2.1716634e-01  -2.8267862e-01   6.4113299e-02  -1.6037617e-01   1.5376108e-02  -2.8130603e-01  -1.3228689e-01  -1.4319451e-01  -2.3381376e-01  -2.6206230e-01  -3.4294052e-01  -3.2206548e-01  -1.9111995e-01  -2.2682817e-01   3.0258751e-01   3.9520903e-01  -2.0280267e-01  -2.7481099e-02  -2.1301300e-01   2.1738496e-01   2.2696753e-01   5.0333061e-02   7.9518479e-02  -3.0587282e-01  -1.9214452e-01  -1.4102089e-01   2.4217698e-02   2.4385603e-01   1.1947148e-01   1.6887449e-01   1.3094775e-01  -3.9490641e-01   6.4478316e-01  -2.5042048e-01   4.7042853e-01   3.2762827e-01  -2.9274284e-01  -4.0724242e-01  -2.6933018e-01   2.2109246e-02  -5.9681570e-03  -1.5457639e-01   4.4907927e-01   1.6895664e-01  -3.0804538e-01  -2.2154446e-01  -3.1188285e-01  -3.8647106e-02  -2.6416163e-01  -2.4147092e-01  -7.7959094e-02   4.0281038e-01   3.5917511e-01   3.4074704e-02   7.6877101e-02  -2.7959054e-02  -5.1739584e-02  -1.6410950e-02  -1.8558300e-01   1.2947110e-01  -2.9951157e-01  -1.6344474e-01  -2.6634974e-02  -4.1605541e-01  -7.9588406e-03   1.4814005e-01   2.1543372e-01  -2.5752698e-01  -2.1433247e-01  -1.5789144e-01   6.1568022e-01   5.3922056e-01   1.9855111e-01  -1.3132949e-01  -2.7250657e-01   5.5715563e-02   8.8850393e-03  -1.8340602e-01  -8.8591307e-03   5.9908858e-02   3.7271653e-02   3.1617976e-01   2.3558338e-01   1.3828980e-01   8.4587733e-02   2.6793765e-01   3.4634180e-01   3.0122162e-01  -3.7895916e-01   1.3356189e-02  -5.3868862e-02  -4.2123959e-02   1.4032186e-01   2.4224107e-01   7.2236168e-02   3.4880591e-01   3.5359073e-01  -6.8783783e-02   1.1678496e-01   2.0125374e-01
  -2.0818954e-01   5.0902817e-01   3.2007420e-01  -8.1163418e-02   2.5527953e-01  -9.4068886e-02   0.0000000e+00   4.5459122e-02   3.5867534e-01   4.9830867e-01  -3.0467654e-01   6.4864816e-01  -3.4808438e-01  -2.2365050e-01   2.8371599e-01  -2.1232598e-01   1.0821899e-01  -1.2431337e-01  -2.0191861e-02   1.0706520e-01   8.0539328e-02   9.2673407e-02   5.3707923e-01  -5.1303940e-01  -1.8247894e-01   4.1076330e-02   1.3379361e-01  -1.8306202e-01  -2.6197032e-03  -9.1294898e-02   1.9234275e-01   1.2203169e-01  -2.4223029e-01   5.5710293e-01   5.4889597e-01  -3.8221677e-02   4.0760309e-01  -2.8107734e-01  -3.5586080e-01   3.6745972e-01  -4.5975128e-01  -2.5066520e-01   2.3003333e-01  -2.8112235e-01   3.6763222e-01  -3.0496433e-01  -3.4366924e-01   6.6300076e-01   1.4792133e-01   3.2862690e-01   4.0475087e-02   5.0021391e-02   2.6414598e-01  -3.1264675e-01  -1.5687160e-01  -5.0322624e-02  -2.7900438e-01   2.5747905e-01  -7.1363624e-02   3.3749447e-01  -2.3082423e-01   9.1328782e-02   1.5330361e-01   1.3011920e-01   2.9494384e-01   2.7526497e-01  -2.2930284e-02  -3.0785370e-02  -1.4408562e-01  -2.4485383e-01   6.6748302e-01  -1.6455483e-01  -4.4913226e-01  -4.0035735e-01  -8.6478121e-02   5.0520540e-02  -2.7392062e-01  -6.2797728e-02   3.1293276e-01  -1.1970258e-01   2.4032307e-01  -2.4733493e-01   2.4065793e-01   4.7457971e-02  -5.9648840e-02   9.4648425e-02   3.5030597e-01  -2.7004237e-01   9.4578287e-02  -4.2121542e-01   2.8083825e-01  -1.3970639e-01   1.0652779e-01   4.0537006e-01  -3.0779149e-01   1.0358277e-01  -1.1481081e-01   6.5529744e-02  -7.9357995e-02   1.9964103e-01  -2.2436074e-01   1.4242258e-01  -2.3694082e-01   2.5136033e-01   2.0494175e-02   2.1115787e-01  -2.7569041e-01   2.7110169e-01   5.9950790e-01  -3.5018574e-01   5.5492426e-01  -7.8752167e-02  -3.2634412e-01  -3.8702515e-01   3.1837888e-01   1.4923587e-01   8.7704308e-02  -3.2272859e-01  -4.5971055e-01  -1.8707762e-01  -2.8760523e-01   3.9703590e-01   4.6307252e-01   4.7807921e-01  -2.6645509e-01  -2.7535142e-01   5.8110696e-01  -9.8990987e-02   1.2279137e-01  -1.3266773e-01  -3.0102265e-01   3.5332750e-01   1.6905660e-01  -2.2369283e-01   2.3224153e-01   8.2883338e-02  -2.6471824e-01   1.5510810e-01   4.6061049e-02  -6.1275032e-02  -2.5104090e-01  -1.5836725e-01  -1.6223571e-02  -2.8461693e-01   7.2668549e-02  -3.6162563e-02   8.3469963e-01  -3.2492007e-01   2.0744692e-02  -2.2981011e-02  -2.3777955e-01  -1.3152178e-01  -4.1850405e-01   1.8435025e-01   3.6333258e-01  -3.8684560e-01  -2.8958549e-01  -1.8494417e-01  -1.9133637e-01   9.6665391e-02  -1.0426673e-01  -1.4821397e-01   1.6242255e-01  -1.6591933e-01   2.0645606e-01   5.3975412e-01   5.7743021e-01  -3.2687567e-01  -3.3885795e-01   5.5182093e-02   1.3306406e-01  -3.6353900e-01  -2.3345169e-01  -3.0098743e-01  -5.4830448e-02  -6.2628695e-02   2.1977378e-01
   4.4297237e-01   1.9461717e-01   1.3016592e-01  -6.0128443e-02  -1.8556318e-02  -1.1731276e-01   4.5459122e-02   0.0000000e+00   5.6164772e-01  -1.6367477e-01  -4.9704609e-02   3.2789906e-01  -1.6922690e-01   2.6909581e-02   8.4330445e-02  -3.6262482e-01   2.3865520e-01   8.5682642e-02  -9.8926569e-02   3.7039612e-03  -2.2947069e-01   4.0653809e-01  -2.0676800e-01  -1.7994650e-01   3.5960106e-01   8.1252258e-01  -8.9623744e-02  -1.1867229e-01   3.3177491e-01  -4.6028735e-02  -1.6975506e-01   3.8944780e-01  -5.6380815e-02  -7.7438675e-02   2.0450660e-01  -1.9912408e-01   8.3857060e-02  -6.8174322e-01  -6.0318946e-01   1.1928527e-01  -1.6335494e-01  -3.8957616e-02   4.8316787e-01   3.0521682e-01   1.2921739e-01   1.4995097e-01  -9.7080724e-02  -1.2804108e-01  -1.6476050e-01  -4.3373700e-02  -1.0731563e-01   8.4905809e-01   1.6074439e-01   4.0560604e-01   3.8176899e-01   1.7270552e-01   8.2443758e-02   5.3780817e-01  -3.1948147e-02   4.5696111e-01  -1.0442264e-01   1.4087650e-01   2.4358041e-01   3.2651214e-01   1.5445428e-01  -2.5766332e-01  -6.4959895e-02   1.4844696e-01   2.3018934e-01   3.0717057e-02   4.0115337e-02  -9.8448963e-03  -4.3698782e-01   2.0648909e-01   1.7436350e-03   6.0532442e-01  -2.9803714e-01   4.9704070e-01   7.0042906e-02   3.3074884e-02  -8.7527461e-02  -5.8031618e-01   7.8375158e-02   8.3192576e-01  -1.5262604e-01   6.1440549e-01  -3.4531288e-03   3.1506683e-01   3.7509789e-01  -7.3311848e-02  -2.4500394e-02  -2.7015042e-01  -6.6564802e-02   4.6222356e-01  -2.0991307e-01   1.3155935e-01   1.1187039e-02   5.0530054e-01   8.6420302e-02  -2.5617242e-01  -1.7721862e-01   5.2666867e-01   2.7014363e-01   5.8987876e-01   1.2944556e-01   5.0445962e-01   1.2855682e-01   6.8463940e-01  -3.6099962e-02  -6.1912134e-02   2.0290913e-01   5.2628052e-02   2.9779349e-02  -4.5235528e-02   2.4157526e-02   3.2161857e-01   5.8168932e-01  -2.2034640e-01  -1.9242795e-01  -1.1575604e-01   2.5124266e-01   2.7762836e-02   1.9596106e-01  -4.6281201e-02  -4.0268215e-03   2.7148100e-01   1.6866335e-01   2.2960275e-01   4.3784799e-01  -2.7866172e-01  -5.7388827e-01  -4.0843454e-01   4.2176452e-01   2.5833028e-02   4.3706458e-01   8.1789404e-01   2.2811699e-01  -3.1887381e-01   7.6153026e-01   1.0882926e-01   1.2409106e-01  -2.2048095e-01   3.9274864e-01  -2.4045550e-01   4.0807691e-02   8.4270829e-02   4.1758362e-02  -2.7647070e-01   3.8125416e-02  -4.5784230e-01  -3.9226869e-03   2.1752299e-01   9.9974777e-02   3.4749736e-01   1.8126369e-01  -2.4578275e-01   3.9863645e-01  -1.9084343e-01  -8.3732763e-02  -1.5810858e-03  -1.8435399e-01   3.9716546e-01  -2.7696571e-01   3.2388235e-01   5.8758019e-01   3.0061849e-01   1.4406295e-01   6.2591014e-02   1.6908002e-01  -9.3499751e-02   7.5065822e-03  -5.0422859e-01   2.9938857e-01  -1.7057198e-01   3.9921569e-01  -8.2487730e-02   6.2482224e-01
   3.7220761e-01   6.9145691e-01   4.5756205e-01  -2.4658308e-01   3.0281978e-01  -3.4351836e-01   3.5867534e-01   5.6164772e-01   0.0000000e+00   8.5749608e-02  -4.1986779e-01   7.4656768e-01  -2.0212204e-01  -2.1394037e-01   2.3520601e-01  -4.6090803e-01   4.3581782e-01  -2.1004361e-01  -1.0432275e-01   1.4652506e-01  -2.7777748e-01   1.4097978e-01   4.2100202e-03  -2.0138461e-01   1.9191605e-01   4.5535280e-01  -2.5018609e-02  -2.9023263e-01   3.6285760e-01  -2.2431389e-01  -4.9296594e-02  -2.0948616e-02   1.2469390e-01   1.4486903e-01   5.3071274e-01  -2.0035882e-01   3.8346734e-01  -4.9061040e-01  -5.8194337e-01   4.0753475e-01  -2.5118145e-01  -7.4290151e-02   7.4021420e-01  -8.0210155e-02   5.0303213e-01  -2.6048743e-01  -3.9930880e-01   1.3277074e-01  -4.8874259e-02   3.2413276e-01  -3.4625245e-01   4.3939193e-01   2.9107491e-01   2.6228418e-01   1.9775147e-01  -1.7934167e-01  -3.7102810e-01   3.1580748e-01  -1.4721756e-01   5.1246360e-01  -1.7345157e-01   2.2506011e-01   5.3468554e-01   4.7732875e-01   5.0085531e-01  -2.2530856e-01  -1.4005983e-01  -1.0345702e-01  -9.0978073e-02  -2.8420532e-01   5.2707252e-01  -3.0105945e-01  -3.9524625e-01  -1.5893801e-01  -8.1303867e-04   4.3667143e-01  -4.3818191e-01   4.2457238e-01   4.5309519e-01  -4.9761669e-02  -1.9593999e-01  -4.6851308e-01   1.6151564e-01   5.4931397e-01  -5.5480488e-02   3.7996307e-01   2.6210911e-01   2.1206578e-01   6.2393625e-01  -3.2332594e-01   4.2873654e-01  -2.5708237e-01  -2.3355602e-01   8.5770808e-01  -2.3302050e-01   3.0732930e-01  -3.1817560e-02   1.0951973e-01   1.1642209e-01  -3.2323657e-01  -2.5102040e-01   3.6228258e-01  -7.3857864e-02   6.0656560e-01  -2.7707228e-01   1.3743499e-01   6.5638936e-02   4.9670660e-01   3.5917710e-01  -4.6988402e-01   3.0904361e-01  -3.9533228e-01  -2.0703624e-01  -1.9503152e-01   2.2628122e-01   6.3881899e-01   2.0839121e-01  -2.7466062e-01  -3.4627873e-01  -4.0001686e-01  -1.4223869e-01   5.1208508e-01   6.3981558e-01   2.2714459e-01  -2.8170910e-01   8.0915709e-03   5.2247178e-01   2.5662394e-01   2.4408616e-02  -3.2321368e-01  -4.9756383e-01  -9.3044503e-02   5.3898716e-01  -3.5693516e-01   6.8624673e-01   5.1428329e-01  -8.0112096e-02  -2.6556758e-01   5.1190193e-01   1.9875212e-01   5.5110741e-02  -1.5435921e-01   1.8572858e-01  -5.2613797e-01  -9.3922989e-02  -2.2957587e-02   4.8685029e-01  -5.6043598e-01  -3.9523730e-01  -6.5243190e-01  -3.0832451e-01  -5.3539508e-02  -1.5632322e-01   3.6169162e-01   6.4507137e-01  -1.7396256e-01   7.0684386e-02  -2.4346338e-01   1.6696958e-02  -4.1033064e-01  -1.9473365e-01   2.0170601e-01  -3.1945229e-01  -5.8795869e-02   2.3180475e-01   6.9878359e-01   1.2381826e-01  -2.5777296e-01  -1.0853613e-01  -9.0726686e-02   1.7113155e-01  -4.1823967e-01   6.5121398e-02  -3.0013116e-01   2.4917056e-01  -1.7962921e-01   4.2130115e-01
  -1.4225246e-01   1.5707073e-01   2.8343599e-01   4.4983149e-02   9.4237094e-02   6.3563339e-02   4.9830867e-01  -1.6367477e-01   8.5749608e-02   0.0000000e+00  -1.0687981e-01   2.2076947e-01   1.2460037e-01  -3.5249450e-01   4.1550453e-02   7.9726986e-02   2.0739798e-02  -1.1553688e-01   7.7005573e-02   2.4392564e-01   3.6030866e-02  -1.8745186e-02   4.1036839e-01  -1.1520984e-01  -1.7168052e-01  -2.6883492e-01   4.6760428e-01  -1.8859159e-01  -4.7728578e-02  -1.0605263e-01  -1.4472737e-01  -1.9548004e-01  -2.5027266e-02   5.3505834e-01   3.2513998e-01   2.9606724e-01   6.2871681e-02   6.0085976e-02  -9.2511414e-02   3.3765163e-01  -1.6353889e-01   4.6814017e-02   1.9128977e-01  -5.1815689e-01   3.4992047e-01  -2.6875588e-01   4.9612428e-02   2.1679530e-01   2.2958416e-01   2.2640576e-01   1.1159901e-01  -2.7280884e-01   6.0328742e-02  -2.5985018e-01  -4.3619331e-01  -2.4705219e-01  -4.4426708e-01   2.3022567e-02  -1.4830063e-01   1.7136550e-01  -2.7580185e-02   4.6221342e-01   9.9556198e-02  -3.2452348e-01   7.6169219e-02   5.8939603e-01   4.9642522e-02   5.4470069e-02  -1.5167935e-01  -2.0589178e-01   3.0725346e-01   8.5224689e-02  -1.8918659e-01  -3.9921224e-01   8.6034073e-02  -1.7452267e-01  -8.4976741e-02  -2.2382105e-01   1.5089772e-01   1.2625803e-01   1.2510579e-02   1.1583963e-01  -7.6634337e-02  -2.4798335e-01  -3.6021198e-01  -2.2590111e-01  -5.2394339e-02  -1.9577005e-01   2.0362145e-02  -2.6833377e-01   1.5956429e-01  -1.0571412e-01   3.6230432e-01   1.7508668e-01  -1.2438434e-01   2.4601089e-01   1.7795883e-01  -1.8015188e-01   1.1361485e-01   3.6661257e-01  -3.3809186e-01  -1.9173796e-01  -4.2341031e-01   4.4968728e-02  -1.2080038e-01  -1.4652452e-01  -1.9600816e-02  -4.8029425e-02   2.1510206e-01  -7.4558630e-02   1.7331670e-01  -1.5249315e-01   3.1365159e-03  -2.2423116e-01   6.3311166e-03  -7.9671621e-02  -2.5379968e-01  -9.1990753e-02  -4.1022369e-01  -4.8384369e-02  -5.2821443e-02   3.2887109e-01   4.7374191e-01   1.4371117e-01  -5.3053914e-03  -3.6790283e-01   3.4942638e-01  -2.4481324e-02  -8.1851191e-02   1.0730195e-01  -1.3636917e-01   4.4069260e-01  -1.5808041e-01  -2.2557257e-01   1.8671657e-01  -2.0352832e-01  -1.1787516e-01   6.2724207e-03  -1.4573476e-01   7.1815073e-02  -1.7683445e-01  -1.5862047e-01  -2.2824878e-01  -2.1810480e-01  -8.0615236e-02  -3.6539968e-01   5.5724835e-01  -2.7100888e-03   2.5366477e-01  -6.9629067e-02  -3.0771542e-01  -3.5026435e-01  -1.3166690e-01   5.3538308e-02   2.1191199e-01   4.0465244e-02  -1.4258285e-01  -1.1473616e-01  -4.0275522e-02  -1.1923963e-01   1.3625014e-01  -3.5720244e-01   3.1579113e-01  -3.4126737e-01  -3.5517729e-02   2.8380069e-01   2.4549702e-01  -2.7633734e-01  -1.4624220e-01  -3.4863796e-02   2.3689341e-01  -8.1424033e-03  -2.5675374e-01  -3.1877355e-01  -3.2444275e-02   5.0580087e-02  -3.5416584e-02
   1.3455998e-02  -3.6151801e-01  -2.3395710e-01   1.8493223e-01  -3.0462462e-01   4.8971148e-01  -3.0467654e-01  -4.9704609e-02  -4.1986779e-01  -1.0687981e-01   0.0000000e+00  -3.4270205e-01   8.9422443e-02  -1.4206780e-01  -4.2950062e-01   3.6466849e-01  -2.2729903e-01   4.9950014e-01   4.0639285e-01  -9.8518129e-02  -1.3025735e-01   3.1146017e-01  -2.0992363e-01   1.7077222e-02  -1.4948992e-02  -3.9136793e-02   2.3268874e-01  -7.0167957e-03  -2.1772072e-01   5.9076197e-01  -3.6545333e-01   2.5567057e-01  -1.5811110e-01  -1.7946221e-01  -2.7984375e-01   3.0896494e-01  -3.0018461e-01   3.9674385e-02   2.4822710e-01  -2.2830140e-01   2.8867479e-01   1.2977173e-01  -1.2731260e-01   1.6273728e-01  -3.0689300e-01   1.8153019e-01   7.3508078e-01  -1.7992477e-01  -1.5089633e-01  -2.3126543e-01   5.0283886e-01  -4.5888544e-02  -9.3278485e-02  -4.3696677e-02  -2.0493780e-01   2.9483276e-01   4.1758889e-01   8.8349160e-02   4.2695599e-01   5.7327944e-02   3.4800674e-01   4.6678733e-02  -1.0115442e-01  -2.4476240e-01  -4.0934128e-01   3.4019526e-01   3.1472148e-01   2.6553685e-01   6.6487977e-01  -2.6473617e-02  -5.0262567e-01   3.1281617e-01   1.8615501e-01   6.4641130e-02   2.2563963e-02  -1.3322367e-01   2.6174129e-01  -4.7429910e-02  -3.4201571e-01   3.0558545e-01  -6.1063074e-02   1.4209799e-01  -2.5722460e-01  -9.2470012e-02  -2.9587794e-01  -1.9388406e-02  -4.7668198e-01  -2.5127416e-01  -1.9498069e-01   9.5119319e-03  -2.5283837e-01   7.9037831e-02   4.3777811e-01  -3.0727872e-01   1.0582268e-01  -2.7379111e-01   3.1846513e-01   3.9735920e-01   1.1309309e-01  -7.1090510e-02  -2.8142762e-01   1.9076510e-01   1.5908517e-02  -1.5962802e-01   4.6011771e-01   1.5602062e-01  -3.1250959e-03   1.4562238e-01  -4.3805058e-01   7.4309526e-01  -2.2618980e-01   6.1384645e-01   2.3723085e-01  -4.2001881e-02  -5.3541172e-01  -2.3910009e-01   2.1228814e-01   2.5967080e-01  -8.6348614e-02   4.2166161e-01   2.3159077e-01  -3.8841660e-01  -2.6105024e-01  -3.5943143e-01  -2.4415291e-02  -6.9747220e-02  -2.8141393e-01  -3.3998724e-02   5.0019049e-01   1.4217617e-01   9.8050889e-02   1.2939468e-01  -2.7755395e-01   2.4958794e-01  -1.4031782e-01  -6.9315405e-03   2.7501180e-01  -1.9088004e-01  -8.0667668e-02  -6.5228495e-02  -1.9775313e-01  -8.8589829e-02   4.3979548e-01   1.9486941e-01   6.1193020e-02   5.7500103e-03  -4.5121310e-01   6.9416725e-01   7.0602143e-01   2.2257474e-01  -5.2094215e-02  -1.1951265e-01   6.6782270e-02   1.8047921e-01  -4.3116604e-01  -2.8751165e-02   2.3720417e-01   3.1316416e-01   1.1463556e-01   3.1302288e-01   1.3162471e-01   5.3858579e-01   2.6490465e-01   6.5785648e-01   1.9026325e-01  -3.7053001e-01   1.1314996e-01   1.4941408e-01   6.8671806e-02   2.2614117e-02   3.1574672e-01  -1.2571044e-03   4.5602992e-01   9.5170332e-02   1.2899950e-01   1.4666727e-01   8.0495343e-03
   1.0935864e-01   8.0297104e-01   6.2727892e-01  -2.1083005e-01   4.1490029e-01  -2.0204298e-01   6.4864816e-01   3.2789906e-01   7.4656768e-01   2.2076947e-01  -3.4270205e-01   0.0000000e+00  -2.8131753e-01  -4.3481140e-01   1.1960832e-01  -4.9643878e-01   4.5633617e-01  -5.8772921e-02  -6.7583780e-02   2.7715464e-01  -2.5557304e-01   1.2116517e-01   1.5532691e-01  -4.3522144e-01   8.9057240e-02   2.5157947e-01   9.7491870e-02  -3.5012934e-01   1.1188734e-01  -1.2528384e-01  -7.0418036e-02   1.3327036e-01  -4.1777759e-02   3.3707442e-01   6.0698608e-01  -5.3345998e-02   4.5980492e-01  -4.9146786e-01  -5.0089981e-01   5.4193523e-01  -2.2389703e-01  -2.2009982e-01   6.5692098e-01  -2.7653249e-01   5.2499732e-01  -2.7468273e-01  -3.4577771e-01   4.1695719e-01   1.0325990e-01   4.7253806e-01  -6.7955289e-02   2.1972427e-01   3.5675044e-01  -5.3181659e-02   3.3555905e-02  -2.0296230e-01  -3.8275370e-01   3.3252470e-01   6.5450534e-02   5.5414645e-01  -3.1197729e-01   1.7966030e-01   4.4433214e-01   2.5477415e-01   4.4747613e-01   8.4228394e-02  -2.6906345e-02  -7.7594073e-02  -1.7566834e-01  -3.2705230e-01   7.0679910e-01  -2.8529274e-01  -4.2240654e-01  -2.8254151e-01  -8.3677763e-02   2.3516858e-01  -4.3265874e-01   2.7037975e-01   5.5730346e-01  -9.4354630e-02  -1.6263737e-01  -4.7941545e-01   1.0623613e-01   3.1814769e-01  -1.7439375e-01   2.5811062e-01   3.3658950e-01  -1.2362042e-01   4.8090377e-01  -3.9238445e-01   5.0006004e-01  -1.4712840e-01  -5.6887613e-02   8.0613391e-01  -2.8880596e-01   3.6934776e-01   1.4172021e-02   6.5311718e-02   1.4673598e-01  -2.4272913e-01  -3.9998636e-01   3.0231869e-01  -3.1711293e-01   4.5138587e-01  -1.4677714e-01   1.4580815e-01  -1.3798475e-01   4.1531382e-01   4.5298112e-01  -3.4198188e-01   3.4152145e-01  -2.0788124e-01  -2.9674031e-01  -3.9184676e-01   2.0304260e-01   5.8485372e-01   2.4618821e-01  -1.9660491e-01  -5.6560934e-01  -2.2972126e-01  -2.7912035e-01   6.2660971e-01   6.7809274e-01   4.0999432e-01  -2.7769912e-01  -1.9761979e-01   6.8828520e-01   1.5583748e-01   7.0086271e-02  -2.6457907e-01  -2.5377602e-01   9.6847725e-02   3.6468501e-01  -3.6216879e-01   6.3758896e-01   2.9816639e-01  -8.4236010e-02  -1.5860569e-01   2.7326992e-01   1.1368802e-01  -1.4265166e-01  -6.4377669e-02   1.7758657e-01  -4.8306383e-01  -1.1895327e-01  -1.2439380e-01   7.4145745e-01  -4.2754210e-01  -2.0929287e-01  -5.2249838e-01  -3.5609996e-01  -3.2745440e-01  -3.4108296e-01   3.1777181e-01   7.2175724e-01  -3.4925146e-01  -1.2373812e-01  -1.2245862e-01  -9.8462323e-02  -3.4888110e-01  -1.4457939e-01   1.1079517e-01  -1.5951677e-01   4.1459451e-03   2.6095676e-01   7.0577578e-01   3.2169736e-01  -3.7401610e-01  -3.3962189e-01   1.5720762e-03   3.5794770e-01  -5.0654860e-01  -2.7746897e-02  -3.2493968e-01   8.0229296e-02  -1.6869364e-01   3.7848044e-01
  -8.3871239e-02  -1.3325829e-01   1.1328925e-01  -1.4291438e-01   2.2284723e-01  -2.8708615e-02  -3.4808438e-01  -1.6922690e-01  -2.0212204e-01   1.2460037e-01   8.9422443e-02  -2.8131753e-01   0.0000000e+00  -2.8535523e-01  -2.2022842e-01   2.2978268e-01   1.5132340e-01  -9.8410800e-02  -2.2488909e-02   4.3050445e-01  -1.1824900e-01  -2.5883249e-01  -1.9675072e-01   2.4410173e-01   1.3019941e-01  -3.1472866e-01   2.4420854e-01  -1.0917871e-01  -1.9113098e-01  -1.5833285e-01  -2.2687911e-01  -3.3225893e-01   1.1060072e-01  -9.2214444e-02  -3.0003058e-01   4.7113230e-01  -2.7256761e-01   1.8147198e-01   3.0161601e-01   1.5869030e-01   7.5239842e-01   1.0309898e-01  -6.0750521e-03  -1.4747967e-01  -1.5534283e-01  -9.3454363e-02   3.7628329e-01  -2.5681138e-01   2.0814493e-01   1.1379251e-02  -8.1067892e-02  -3.6473725e-01   5.8790442e-04  -6.5674927e-02  -2.1841513e-01  -2.0934579e-01  -2.7374347e-01  -3.6527434e-01  -2.9686429e-02  -2.4641196e-01   7.7080762e-02   4.5621104e-02  -1.3787666e-01  -1.7021905e-01  -2.1115027e-01   1.3168643e-01   5.4972735e-02  -8.3619529e-03  -8.9377224e-02  -4.1506893e-02  -1.9104463e-01   1.1711623e-01   4.2539990e-01  -1.6196488e-01   1.8927085e-01  -2.4052578e-01   4.0214939e-03  -1.6222840e-01   3.9214861e-02   2.0371512e-01  -2.5888624e-01   4.0694495e-01  -1.0006084e-01  -1.8221309e-01  -6.4930506e-02  -2.7632216e-01  -2.1854874e-01  -1.8224985e-02  -5.5330592e-02   2.8121849e-01   2.9846747e-02   4.3373159e-02   3.7897425e-01  -2.4334119e-01   1.4949866e-01   3.9655799e-01   3.0289832e-01  -1.6374976e-01   1.0709940e-01   2.4143845e-03  -7.9892666e-02  -2.4572227e-01  -2.5572230e-01  -2.8508564e-01  -2.9599686e-01  -4.1254302e-01  -3.5105593e-02  -2.2008365e-01  -2.9672233e-01   3.0175146e-01  -3.1049243e-01  -2.5857129e-01   9.2533552e-02   9.0728741e-02  -2.1408904e-01  -6.1726342e-02  -2.6333752e-01   5.9697039e-01  -5.4721835e-02  -1.1112613e-01  -7.1532642e-02   1.0385146e-01   1.7976623e-02  -3.6957916e-01  -1.2324515e-02  -1.3683478e-01  -2.9006345e-01   1.4738354e-01  -3.3092280e-01   1.1016729e-01   4.3797700e-01   2.3707714e-02  -9.9815311e-02   3.6931921e-02  -1.4819987e-01  -2.1469227e-01   3.3744080e-01  -1.6290666e-01  -2.0270827e-01   2.1119419e-01   5.9761445e-02   4.4445600e-01  -2.9498196e-01  -6.6825181e-02  -2.7793108e-01  -3.4910697e-01  -2.0665411e-01   2.3622722e-01   2.4484605e-01  -1.1451938e-01  -1.6723110e-01  -2.0920814e-01  -5.5338832e-02  -1.5552716e-01   5.5348649e-02   3.3212212e-01  -1.5606147e-01   6.4701697e-02   1.2845585e-01  -2.1953926e-01   1.4623862e-01  -1.5876562e-01   1.0588990e-01  -1.6482389e-01  -3.3812726e-01  -2.3580647e-01  -2.0791616e-01   5.2670040e-02  -1.6411543e-01   2.2526253e-01   5.6816511e-02   1.8845797e-01  -1.0321020e-01  -2.6246891e-02  -6.1188426e-02   2.2215458e-01  -3.2039749e-01
   1.1472513e-01  -5.0797358e-01  -5.3046087e-01   9.4464784e-02  -4.6496195e-01  -1.8747236e-01  -2.2365050e-01   2.6909581e-02  -2.1394037e-01  -3.5249450e-01  -1.4206780e-01  -4.3481140e-01  -2.8535523e-01   0.0000000e+00   5.2476949e-01   8.3822163e-02  -3.8645396e-01   7.4126270e-02  -3.0656474e-01  -6.2481629e-01   4.8473475e-01  -3.1753459e-02   1.9134491e-01   1.4687784e-01  -7.5845286e-02   2.4449306e-01  -5.3863260e-01   6.8178069e-01   1.4944171e-01  -5.5007950e-02   5.3771108e-01   1.4423252e-01  -3.7054257e-02   2.0265126e-02  -5.7838030e-02  -5.9268185e-01  -7.0308182e-02   5.2474765e-02  -5.1708953e-02  -5.5544273e-01  -3.6832615e-01   1.0028945e-01  -4.6456689e-01   6.0649507e-01  -1.5904717e-01   2.3827646e-01  -3.2685835e-01  -2.2614667e-01  -3.6143169e-01  -3.3009799e-01   2.8884592e-02   3.6749914e-01  -2.5623222e-01   2.3410254e-01   5.0858274e-01   5.2759313e-01   4.1610364e-01  -7.2844931e-02  -4.1446937e-02  -1.9646815e-01   7.8498265e-02  -2.6261733e-01  -2.9506541e-01   1.3795370e-01  -6.4501398e-02  -5.0599013e-01  -2.7433496e-01  -1.0870293e-01   7.0653023e-02   5.4353375e-01  -3.5362220e-01  -6.3844039e-02  -5.6514279e-02   6.3805983e-01   6.8286026e-02   2.8388820e-01   2.8900206e-01   1.9432043e-03  -5.5875175e-01  -4.7558749e-02   6.2927074e-01  -8.5769911e-03   2.2163015e-01   1.3374002e-01   5.0468527e-01   2.7426899e-01   1.1141151e-01   5.7249937e-01  -1.7357958e-01   2.4300644e-01  -5.8426736e-01   5.3887299e-02  -4.0525601e-01  -3.4716446e-01   9.5047282e-02  -5.0808282e-01  -3.0134760e-01  -8.6118012e-02  -2.6433483e-01   4.2078079e-01   7.5802137e-01   1.3735986e-01   8.0504992e-01   6.4151804e-02   2.6505435e-01   2.8588212e-01   1.8685691e-02  -2.4164903e-01   2.9374764e-02  -3.1906729e-01   2.7348701e-01   1.6132610e-01  -1.6337545e-01   4.9685991e-01   5.0206023e-01  -4.5304343e-01   8.8754147e-02  -2.3227639e-01   7.9397760e-01   6.9949852e-02   3.3963601e-01  -5.6491681e-01  -4.2430423e-01   6.3017278e-02   2.1535942e-01   7.1230126e-01  -2.8281713e-01  -1.6042328e-01   7.4369617e-02  -9.2334145e-02  -2.8416983e-01  -2.7338862e-01   3.5734733e-02   4.5036984e-01  -3.3223315e-01   1.4203521e-01  -2.4530987e-01   4.7489593e-01   1.8421745e-01  -2.9090044e-01   4.9074532e-01  -2.5151061e-01   2.6988096e-02   6.0192980e-01   6.2416707e-01   6.4758975e-01  -3.7364941e-01  -3.0193425e-01  -2.6135499e-01   3.5735100e-01   7.0292424e-01   7.9281651e-01   4.5117256e-01  -1.9048235e-01  -4.8409338e-01  -1.4064541e-01   1.9921222e-01   1.8734399e-01  -3.3864904e-02   5.6269994e-01  -2.7713099e-01  -3.3860873e-02  -2.3274182e-01  -6.9968736e-02  -6.7599857e-02  -4.0373370e-01  -1.7387957e-01   3.8507938e-01   5.6994055e-01  -1.6153521e-01  -7.0467246e-01   1.0800484e-01  -1.8761429e-01   3.7436943e-01  -5.1789132e-02  -7.8035458e-02  -1.2960069e-02
