   0.0000000e+00  -3.5031882e-01  -1.7017036e-01   2.3750526e-02  -1.9330100e-01  -2.5206099e-02  -1.0908914e-01   2.2975337e-01  -7.4902383e-02  -3.0563927e-01   2.7686270e-01  -3.9218699e-01   6.7177954e-02   1.6054880e-01  -1.1485785e-01   7.9372200e-02  -1.6860016e-01  -1.7023613e-02  -1.0527429e-01  -2.0597227e-01  -1.6748980e-02   3.6027383e-02  -1.1080868e-01   6.3820072e-01  -6.2943963e-02   2.8180459e-01  -9.6889472e-02   1.8152407e-01  -9.1131852e-02   3.2441379e-02  -2.0716292e-01   1.5317331e-01   8.9684339e-02  -3.5008039e-01  -3.2022483e-01  -1.2801590e-01   8.1084267e-02   6.6659745e-01  -1.0547525e-01  -2.7745844e-01  -1.2796606e-02   2.1555507e-01  -2.8527215e-01   5.1144268e-03  -7.8628749e-02   6.0966530e-01   7.5461141e-02  -2.9804939e-01   6.6612521e-03  -3.5412758e-01   1.3018018e-01   3.3789728e-01  -3.8221657e-01  -2.6060188e-01   2.7588874e-02   3.8904271e-02  -2.5625698e-03   2.6684942e-01   1.5754519e-01  -1.4274602e-01   5.0537856e-01  -5.4179026e-02  -2.6997383e-01   8.2829100e-02  -5.2286726e-02  -4.9036859e-02  -1.6097278e-01  -9.3649064e-02   9.5556974e-02   3.9690589e-01  -3.3029597e-01  -9.8842225e-03  -4.9414135e-03  -2.0158073e-01  -1.6908899e-01  -3.1494038e-02   5.4561093e-01  -4.9410126e-02  -3.5754355e-01  -1.8587023e-01  -8.3219278e-02   6.8081775e-03  -3.2818498e-01   1.4263461e-01  -5.7918129e-02   1.3809482e-01  -3.7281913e-01   2.2963359e-01  -1.2773447e-01   7.5453479e-01  -2.8684077e-01   2.2953491e-01  -3.1348557e-01   2.6338325e-02   5.9630626e-01  -2.3831940e-01  -5.7621671e-02   1.3238322e-01  -1.8763458e-01   6.0983018e-02  -2.7555555e-02   2.1399868e-02  -1.9349074e-01   1.3065949e-02   1.0247566e-01   1.1180715e-01  -2.4365184e-01   1.7031528e-01   6.7062299e-02  -1.9507023e-01  -3.5317878e-01   9.7724456e-02  -7.5364846e-02   7.4441684e-01  -1.6714995e-01  -2.4283008e-01   1.1276323e-01  -1.7444989e-01  -1.0601922e-01   2.0611128e-05   6.4390380e-01  -2.7425972e-01  -4.1086003e-01   4.6462210e-02   6.2998778e-01  -3.4777366e-02  -1.3617675e-01   6.6115384e-02   2.4512626e-01  -1.2642369e-01   1.0168609e-01  -2.1908500e-01  -2.0544540e-02  -2.2021099e-01  -2.7772574e-01   1.4043673e-01  -1.5047612e-01  -1.9844386e-01   1.9593072e-01   4.5450544e-01   6.8336786e-01   1.8887782e-01   2.1357199e-01  -9.9182526e-02  -3.0390455e-01  -1.1684070e-02  -4.1237234e-01   7.8866256e-02  -5.3390655e-02  -1.4967684e-01   3.5442838e-01  -1.8923007e-01   1.7921684e-01  -1.5004894e-02  -4.0649331e-01   6.6121722e-01   6.2089508e-01   8.6827601e-02   2.8773576e-01  -1.0918900e-01  -2.1972880e-02   2.0762623e-01   6.8900865e-02   2.5053077e-01   1.0971146e-01  -1.9432684e-01  -1.9844090e-01   3.7526981e-01   3.9795732e-01  -2.5412996e-01  -2.6751149e-01   4.9574500e-01  -3.3086824e-02  -3.5519843e-01  -9.1257451e-02   8.0935223e-03   1.6932006e-01
  -3.5031882e-01   0.0000000e+00   1.5636169e-01  -1.0714548e-01   4.9899463e-01  -1.6503477e-01  -7.4423784e-02  -1.0467983e-01   4.5501861e-01   4.5605081e-01  -1.9642058e-01   6.2538443e-01   7.0368599e-02  -3.7678453e-01  -1.6527453e-01  -1.7583230e-01   1.6394789e-01  -2.5570737e-01   1.3415291e-01   5.5505116e-01  -3.0265234e-01  -1.6184453e-01  -2.3319439e-01  -3.3298532e-01  -1.3621642e-01  -5.9272698e-02   1.5619501e-01  -4.0105128e-01  -2.8116589e-01  -9.3938171e-02  -2.0919561e-01  -5.9031898e-02  -7.0436448e-02   5.3815466e-01   5.4544796e-01   3.9112888e-01   1.9488938e-01  -1.3743537e-01  -1.5050328e-01   2.1999260e-01   1.3215269e-01  -2.9229628e-01   6.8934344e-01  -1.8711044e-01  -1.1768233e-01  -3.0062468e-01  -1.9332856e-01   2.6943154e-01  -2.7964760e-01   1.2089101e-01  -3.2001281e-01  -2.7817359e-02   7.3995714e-01   1.2044848e-03  -1.5681158e-01  -3.5052411e-01  -1.2322733e-01  -2.7673385e-01  -1.4815057e-01   1.1110052e-01  -2.6644873e-01   2.0933525e-01   5.3904648e-01  -1.4476991e-01   4.9708494e-02   1.4083116e-01   7.2483784e-02  -5.9219649e-02  -3.5279482e-01  -3.2218876e-01   5.4737200e-01  -1.5340277e-01   9.4167916e-02   5.0855441e-02  -4.0968386e-02   1.6604961e-01  -2.1448099e-01  -1.2076241e-01   6.4097332e-01  -1.5788382e-01  -2.7461510e-01   1.8831638e-03   4.8313449e-01  -1.2056499e-01   4.6463879e-02  -1.0738018e-01   3.4770532e-01  -1.9425642e-01  -1.7740068e-03  -2.6129918e-01   5.1655029e-01  -2.4636605e-01   3.9987173e-01  -2.6106667e-02  -1.9787212e-01   4.5027607e-01  -7.1104867e-02  -5.9982519e-02   2.6255976e-01  -2.9990676e-01  -2.0909103e-01  -1.0564352e-01  -1.1747542e-01   1.5107221e-01  -3.5871431e-01   9.8411472e-02   2.4849230e-01  -2.5550199e-04  -3.0769543e-02   3.9060497e-01   3.3244380e-01  -2.8266005e-01  -2.0371849e-01  -1.5221689e-01  -1.4534061e-01   4.3239080e-01  -1.3878653e-01   2.4634128e-01  -8.1752505e-02  -1.6942527e-01  -3.2584198e-01   4.6612719e-01   3.4628668e-01   4.9207650e-02  -1.7043020e-01   1.0775075e-02   1.5289463e-01  -4.8779902e-01  -1.4018556e-01   1.1984388e-01  -1.1211824e-01   3.5976612e-01   1.5641967e-01  -2.4698709e-02   3.6925534e-01  -6.7274721e-02  -2.5288818e-01  -3.3716488e-01  -2.5482483e-01  -2.3479320e-01  -2.5416242e-01  -5.3669373e-02  -1.9052525e-01  -2.7372790e-01   2.2179227e-01   7.0011217e-02   3.2109098e-01   1.9225303e-01   3.8607277e-02   6.8082493e-02  -3.8108936e-01  -2.6866563e-02  -2.2233045e-01   9.8840419e-02   5.9746703e-01  -3.2838845e-01  -3.1997276e-01   1.2108930e-01  -1.3642870e-01  -2.1463270e-01  -2.1367930e-01  -1.8525757e-01   7.9961346e-02  -2.4784158e-01  -1.7099182e-02   5.8034817e-01   4.5835147e-01  -2.7931262e-01  -1.2198451e-01   5.6932024e-01   5.4192455e-01  -2.3310784e-01  -6.3240428e-02   4.0144663e-01   1.6004440e-01  -2.5131072e-01   2.6590312e-02
  -1.7017036e-01   1.5636169e-01   0.0000000e+00   5.6195022e-02   4.5034250e-01   6.1855814e-01   3.0691543e-01  -3.0159437e-01  -1.4761081e-01   2.0525403e-01  -3.0274089e-01   2.7014729e-01  -4.6134625e-02   2.5319484e-02   9.4589520e-04   4.2913955e-02   6.3872649e-01   4.2775768e-02   1.0364229e-01   4.4614126e-01  -1.1690507e-01   5.4855819e-02   1.8897299e-01  -2.6894690e-01   2.1681127e-02  -3.4333866e-01   6.6390107e-01  -1.0102349e-01  -4.0077519e-02   7.3115327e-02  -3.9741323e-01  -7.4329165e-02   2.9428172e-01   1.8175782e-01   4.9799928e-02   4.3438916e-01  -2.9742061e-01  -1.0736750e-01  -2.1850133e-01   5.8044000e-01  -2.7185178e-01   1.9162756e-01   5.0992548e-02  -7.8796742e-02   1.6281113e-01   1.3985285e-02   2.9413029e-01  -1.4625641e-01   2.2295508e-01   5.9286977e-01  -5.0343319e-02  -3.2057481e-01  -9.0990696e-02   2.1261460e-01  -3.9293758e-01  -1.0566435e-04   4.8084647e-02  -3.0520889e-01  -1.7492100e-01   1.7545213e-01   7.1198397e-03   2.2720967e-01   1.3939532e-01  -2.4828717e-01  -2.1363225e-01   2.1616677e-01   7.3240590e-01  -1.1186681e-01  -1.4825926e-01   4.7652351e-01   4.4230486e-02   1.3785927e-01  -2.8997937e-01   3.9321336e-01  -1.5703301e-01  -7.3288508e-02   1.3089654e-01   6.5074834e-02   4.7646904e-02  -9.6881051e-02   2.7634248e-02  -1.3310655e-01   5.2156181e-02  -1.5071395e-01   4.9084901e-01  -1.6074102e-01   1.4232275e-01  -3.2987884e-01   1.4188252e-01  -8.2004463e-02   2.4274171e-02   4.1546656e-01   3.4726332e-01  -1.2225643e-01  -5.6640402e-02   4.2810218e-02  -5.1385438e-02  -2.3715009e-01   2.6306356e-01   2.1409035e-01  -4.7161419e-02  -6.9199481e-02  -1.1026369e-01   2.7052983e-01   3.2680887e-03  -2.3843126e-01   3.7724400e-01  -2.1044672e-01  -2.7473961e-01   4.2917825e-01   2.4168888e-01   2.2542459e-01   1.2099558e-01  -1.3278244e-02   2.0284685e-01  -3.2402055e-01  -1.0342143e-01  -2.2670468e-01   4.4120371e-01   9.4675927e-02  -7.9146756e-02   3.2635662e-01   2.6357510e-01  -1.7157254e-01  -1.0386628e-02   3.2747474e-01  -5.8482498e-02  -2.5196753e-01  -1.0773751e-01   8.4829549e-01  -3.2265735e-01  -1.1248357e-01   4.3937010e-01  -2.6205418e-01   9.9554468e-02  -2.5046387e-01  -1.6759271e-01  -4.3253236e-02  -1.5740738e-01  -3.8172531e-02  -3.1359294e-01  -1.8718509e-01  -7.0499591e-02   5.3912970e-01  -7.5210170e-02  -2.3943045e-01   5.1284997e-01   2.2776741e-02   4.3563466e-01  -3.0926567e-01   1.9416349e-01  -1.4931824e-01   1.7322013e-01  -3.4499791e-01   3.6145355e-01  -1.3599359e-01  -6.4901166e-02  -8.4959040e-02   3.8383473e-01  -9.8292327e-02  -1.9568253e-03  -1.6102135e-01   3.3371242e-01  -2.4125077e-01  -2.5005487e-01  -1.4928753e-01  -8.8835866e-02   3.8867568e-02   1.4245001e-01  -1.8713165e-01  -1.1923792e-02  -5.2991427e-02  -1.8002216e-01   5.5521603e-01  -7.8545816e-02   1.8340663e-01  -1.0729564e-01
   2.3750526e-02  -1.0714548e-01   5.6195022e-02   0.0000000e+00   4.3782694e-02   2.2655535e-01   1.6114754e-01   1.3185924e-01  -2.7527713e-02  -2.5907975e-02   8.0896866e-02  -1.1449014e-01   3.8789015e-03   8.2208897e-02  -7.0766909e-02  -9.5781726e-02   4.1678771e-02   3.1554027e-01  -3.2431669e-01  -2.0472605e-02   9.3498956e-02   2.9669209e-01   1.0813611e-01  -3.7722325e-02  -1.3592181e-01   9.9995278e-02   1.3760834e-01   6.1874478e-03   2.0534193e-02   2.0692912e-01  -2.9695378e-02   3.1470598e-01   2.3760548e-01  -1.3373294e-01  -2.2364922e-01   2.3351725e-01   1.9063920e-01   1.8129583e-01  -1.6082408e-01  -2.1363822e-01   1.3910963e-01   1.9796664e-01  -1.3640277e-01  -9.9979394e-02   3.6940261e-01   2.1120381e-01   5.0667253e-01   1.5437635e-02   1.8646486e-01  -9.9968752e-02   4.0983826e-01   1.3558481e-01  -2.1329198e-01  -1.4914834e-01  -1.9858818e-01   3.4866310e-02   2.0151066e-02   1.4254730e-01   4.3838214e-01   1.1334860e-01   2.4634872e-01   2.1597952e-01  -1.9324950e-02  -7.3545244e-03   1.1558383e-01   1.4382983e-01   1.8334260e-01   8.5374022e-02   3.1486622e-01   1.2186067e-01  -3.3773398e-01   3.7166912e-01  -2.1367969e-01  -3.9055314e-02  -2.3474088e-01   1.7254516e-01   2.1847315e-01  -9.6590409e-02  -1.1483033e-01   2.1389664e-01  -4.8220434e-02  -1.8820095e-01  -2.0600248e-01   2.1159818e-01  -3.5309892e-02   3.3482288e-01  -1.0569131e-01  -2.1128174e-01   6.5218363e-02   7.3097830e-02  -8.1438138e-02   3.0025019e-01  -1.0451812e-01   1.3154510e-01   1.2494680e-01  -2.3327583e-01   5.2227550e-02   1.3859198e-02   2.9624833e-01   2.8096425e-01  -1.9780697e-01   1.7263101e-01   3.2950914e-02   2.9945347e-01   4.5093727e-01   2.3942598e-01  -1.0406009e-01   1.0305526e-01   9.4583194e-02   1.0438893e-01  -6.9664545e-02   2.9833145e-01   3.4304750e-01   1.6307472e-01  -1.2291917e-01  -2.0831008e-01   8.4516292e-02  -1.1162816e-01  -1.0930548e-01   6.4548898e-01   1.1421799e-01   6.7472908e-02  -8.6063702e-02   9.9548775e-02   1.9352910e-01   1.2216756e-01   1.4780979e-01  -1.1547432e-01   4.1376226e-01  -1.5897983e-02  -2.0964122e-01   1.1873744e-01   2.0721825e-01  -1.4315858e-01   1.4040042e-01   9.8028406e-02  -1.7061602e-02  -6.4056680e-02   3.8708294e-01   1.5561759e-01  -7.2533970e-03  -1.6569533e-01   2.1358687e-01   1.1345219e-01   9.1330514e-03   8.2215824e-02  -8.8661163e-02   1.2804848e-01   2.4446009e-01   2.3477896e-02   1.1599933e-01   5.1404292e-02   3.8423307e-02   5.4873467e-02  -3.1052459e-01   9.4625566e-02   1.3909238e-01   4.8480930e-01   1.3469231e-01   3.1044984e-01   8.4540327e-02   1.2589129e-01   2.7754444e-01   3.3783588e-01   2.8043594e-01  -1.9224494e-01  -1.1355977e-01  -4.5533320e-02   1.3050981e-01  -2.5508786e-01  -1.5316094e-01   1.9249633e-02   2.6335399e-01   1.8174718e-02   7.7262455e-02   2.2776108e-01   3.2500143e-01
  -1.9330100e-01   4.9899463e-01   4.5034250e-01   4.3782694e-02   0.0000000e+00   1.2672201e-01  -1.0542889e-01  -1.5111761e-01   1.0866039e-03   3.0463797e-01  -3.2133187e-01   3.9893036e-01   7.6060968e-02  -2.0828671e-01  -1.8891377e-01  -2.3442666e-01   4.0301051e-01  -3.1900989e-01   1.5689318e-01   8.1440260e-01  -3.8618762e-01  -2.4004750e-01  -1.7710877e-01  -2.6373673e-01  -1.0869372e-01  -1.7081553e-01   4.2321105e-01  -2.9508618e-01  -1.8424298e-01  -2.6111759e-01  -4.4801793e-01  -1.8679761e-01   5.0708330e-03   3.6434781e-01   2.2193424e-01   6.9905825e-01  -7.8781512e-02  -1.2834926e-01  -2.9802896e-01   4.7666623e-01  -6.8966016e-02  -3.8247543e-02   3.2724111e-01  -1.4914897e-01  -2.9226929e-04  -2.0855613e-01  -5.2740822e-02  -8.4969198e-02  -5.6106066e-02   3.1379975e-01  -2.8732619e-01  -9.7945134e-03   3.9079470e-01   7.2414589e-02  -3.7118863e-01  -1.8019755e-01   8.5890433e-02  -3.3721422e-01  -2.7175750e-01   6.5609783e-02  -2.0169507e-01   3.4808982e-01   3.6487710e-01  -3.2869213e-01  -2.0290726e-02   2.7634363e-01   4.4831571e-01  -1.2114178e-01  -3.7411005e-01  -4.8065723e-02   3.2137476e-01  -4.6525378e-02  -7.7261986e-03   1.8994952e-01  -2.0824949e-01   3.4318840e-02  -7.7588793e-02  -7.8171508e-03   5.1309349e-01  -5.7192655e-02  -1.6872172e-01  -5.9114298e-02   3.3522395e-01  -1.5180781e-01   3.5166698e-01  -1.9931109e-01   7.1498087e-02  -3.2678301e-01  -5.3564781e-03  -1.3005825e-01   6.4352790e-01   5.1959473e-02   4.2867040e-01  -1.2045005e-01  -1.5686564e-01   5.6114558e-01  -3.8938062e-02  -7.8114940e-02   3.8057585e-01  -2.5795119e-01  -1.6845907e-01  -1.6992885e-01  -4.6332323e-02   6.7156967e-02  -4.3366428e-01  -4.8916561e-02   3.1953877e-01  -1.7334015e-01  -2.4482436e-01   4.6115347e-01   3.0625969e-01  -1.5626531e-01  -1.4724597e-01  -1.0301794e-01  -1.9615685e-01   2.4601959e-01   2.8212320e-02   1.3818183e-01   8.1409019e-02  -5.3354649e-02  -2.5324544e-01   7.0427968e-01   3.2072845e-01  -1.6708089e-01  -3.3846989e-02  -5.6190471e-02  -1.6123277e-01  -4.2105399e-01  -2.2733227e-01   3.6626515e-01  -3.1149374e-01   1.3924199e-01   1.8132020e-01  -2.8489533e-01   4.0864523e-01  -1.3534562e-01  -1.8681748e-01  -4.3029078e-01  -2.8385572e-01  -2.3083307e-01  -3.7766026e-01  -2.4313930e-01  -7.5818992e-02  -3.3592629e-02   2.9445526e-02  -3.9292678e-01   2.8960321e-01   3.8847317e-01   3.4418885e-01  -1.8691316e-01  -1.6851339e-01  -1.0627545e-01   1.4063953e-02  -9.4459545e-02   4.9817096e-01  -1.8373512e-01  -2.2582628e-01   3.3667606e-03   8.0082580e-02  -1.7062288e-01  -1.7788996e-01  -2.2695212e-01   2.9515440e-01  -4.3763140e-01  -1.6137667e-01   3.7760843e-01   3.2007675e-01  -9.2345027e-02  -4.6227857e-02   4.3550553e-01   4.1369412e-01  -1.4967366e-01  -1.9807916e-01   4.2214922e-01   1.8759950e-01  -6.7454058e-02  -9.0482064e-02
  -2.5206099e-02  -1.6503477e-01   6.1855814e-01   2.2655535e-01   1.2672201e-01   0.0000000e+00   4.3363452e-01  -1.9813818e-01  -3.3527667e-01   2.0921339e-02  -6.2632880e-02   3.5451669e-02  -4.0385625e-02   2.0262577e-01   6.4397111e-02   2.2072614e-01   2.3164770e-01   3.1999747e-01   5.4684663e-02   1.0225825e-01   1.1221154e-01   2.6339080e-01   1.8757052e-01  -1.6081608e-01   7.2979583e-02  -1.8107783e-01   5.4931622e-01   1.4998393e-01   4.7670198e-02   2.6778745e-01  -2.4545851e-01   1.5326168e-02   1.8615329e-01  -7.6603714e-03  -1.6861974e-01   3.0131912e-01  -1.8708399e-01   5.5550133e-02  -2.0269795e-01   1.5948162e-01  -2.1206729e-01   2.0164989e-01  -2.5224791e-01  -3.2755822e-02   2.9403973e-01   1.9948277e-01   5.3533689e-01  -1.0243888e-01   3.9996787e-01   2.0681276e-01   2.5177290e-01  -2.2245535e-01  -3.9854125e-01  -7.1403640e-02  -4.4736153e-01   2.1299212e-01   3.2366387e-01  -5.5635977e-02  -1.4009389e-02   3.0052571e-01   1.8292268e-01   1.5760190e-01  -2.2143504e-01  -1.6410400e-01  -2.3043018e-01   1.7582661e-01   7.6507191e-01  -1.2643704e-01   2.8292151e-01   5.3517842e-01  -3.8465749e-01   3.9036980e-01  -3.3713450e-01   2.3526282e-01  -2.7186814e-01  -7.8292748e-02   1.2881680e-01   1.9865084e-01  -2.0029045e-01  -1.5234072e-01   2.4331299e-01  -9.9903431e-02  -2.2084128e-01  -3.1598866e-02   2.7951209e-01   9.8204607e-02   3.8040139e-02  -2.8301779e-01  -1.7043532e-01   4.7921248e-02  -2.7283957e-01   4.2372530e-01   1.1400660e-01  -9.8208947e-02   1.3319932e-01  -2.6468310e-01  -1.1198607e-02  -1.3486623e-01   1.5503859e-01   4.3698011e-01  -1.8417535e-01   1.9166654e-01  -4.2275498e-02   3.5643638e-01   3.6379588e-01  -8.9651107e-02  -4.0303845e-02   1.3821151e-02  -1.5600067e-01   2.0155334e-01   7.5568890e-02   5.1887335e-01   1.3359114e-01   9.7592045e-02   3.9347564e-02  -5.2602562e-01   7.3447028e-03  -2.8888346e-01   4.1267118e-01   2.7935892e-01   4.8039292e-02   1.2479086e-01   3.2872138e-02  -4.5922326e-02   9.4364947e-02   3.3197223e-01   1.8420202e-02  -3.1233234e-01   1.0390403e-01   5.6949910e-01  -3.0370128e-01  -2.0857590e-01   4.4669991e-01  -2.7299702e-01  -1.8553318e-01  -1.8651481e-01  -2.0792663e-01   1.2523588e-01   1.8171153e-01   1.8242260e-01  -1.7786547e-01  -1.6471599e-01   1.2653871e-01   6.5709428e-01  -6.4464626e-02   4.5774167e-03   1.8714113e-01  -1.3505458e-01   5.8218554e-01  -3.4399670e-01   1.9671095e-01  -7.3069862e-02   1.0044849e-01  -2.7193121e-01  -2.7253102e-02   2.5338837e-02   1.4863021e-01   8.8541566e-02   3.1236360e-01   1.6122050e-01   9.3427086e-02  -1.1230751e-03   3.4487505e-01   4.5609095e-02  -2.3446433e-01  -4.0797519e-01  -2.5448206e-01   2.2675219e-01   1.6060065e-01  -4.6812421e-01  -2.6200442e-01   7.7621937e-02  -1.8049467e-02   5.1455636e-01  -1.3330856e-01   3.9440585e-02  -3.6230990e-02
  -1.0908914e-01  -7.4423784e-02   3.0691543e-01   1.6114754e-01  -1.0542889e-01   4.3363452e-01   0.0000000e+00  -4.5294823e-01  -1.3181045e-01   3.4830028e-01   1.7413478e-01   2.7035634e-01   1.4389663e-01  -1.2743201e-01   5.8996598e-01   1.8464072e-01  -1.0793255e-02   4.0564842e-01  -2.1427860e-01   7.9281879e-02   2.9807190e-01   5.1629810e-02   7.6320197e-01  -3.2423484e-01  -3.0034872e-01  -3.9144942e-01   4.9898596e-01   1.2820163e-01  -2.4391430e-02   1.3183563e-01   1.7145002e-01  -1.6429593e-01   3.1960271e-02   3.5951633e-01   1.9177562e-01   2.9199761e-01   8.6280975e-02   1.2050907e-01  -1.7085101e-01   1.2337403e-02  -1.3221462e-01  -2.5993604e-02   2.8938293e-02  -1.4913233e-01   4.2157820e-01   2.0182176e-01   3.0906475e-01   4.1967320e-01   1.2457485e-01  -1.5556543e-01   3.6481470e-01  -4.1705007e-01  -1.8624229e-01  -1.9050910e-01  -1.3773823e-01   2.3460432e-01  -2.7602273e-02  -1.6802556e-01  -5.5845511e-02   5.1243775e-02   2.4937316e-01   4.1410903e-01  -4.6330768e-01  -1.0313561e-01  -1.8867454e-01   4.3862208e-01   2.3505803e-01   6.0429594e-02   1.3941908e-01   3.3931616e-01  -2.5198532e-01   3.5613732e-01  -7.8174302e-02  -1.0915827e-01  -3.6096936e-01  -2.0492377e-01   2.0857973e-01  -9.4645361e-02  -2.5159622e-01  -2.0205092e-01   3.3408643e-01  -8.4482053e-02  -1.0868556e-01  -2.7237191e-01  -5.2397638e-02   3.6988471e-02   6.3121811e-02  -1.6740470e-01  -1.9340982e-01   3.4015443e-02  -4.3724650e-01   1.8082202e-01   1.2016836e-01  -2.3576214e-01   1.3648307e-01  -4.2148884e-01  -6.4790735e-02  -3.8839727e-01   2.3343263e-01   6.6013066e-01  -2.0169342e-01   4.3144716e-01   6.6647638e-02   1.7593139e-01   3.3275189e-01  -2.7665765e-02  -1.3411085e-01  -2.4952074e-01   2.3324959e-01   8.2200596e-02   3.2704297e-01   1.8198389e-01   2.2130487e-01   1.0524628e-02   3.3089429e-01  -4.9004552e-01  -2.0360081e-01  -3.9942751e-02   1.8477433e-01   1.6807872e-01   3.0898650e-02  -3.6562789e-02  -1.5721960e-01  -7.5264085e-03   3.8090260e-02  -6.6966193e-04   3.8869719e-01  -2.0859085e-01   1.0411002e-02   3.4749105e-01  -8.8592690e-04   3.6661545e-01   2.2391250e-02   8.0943911e-02  -3.5391403e-01  -2.8967055e-01  -2.6101870e-01   2.7333647e-01   2.4224786e-01   2.1439561e-03   6.9306959e-04   3.6413988e-02  -9.7559583e-02   4.0568456e-01   4.7613830e-01   1.3544248e-01   4.9700785e-01  -4.3389279e-01   4.0391232e-01  -9.6045180e-02   6.4174313e-02   3.0450816e-02  -1.1847710e-01  -4.2410418e-02  -1.9626242e-01   7.7577484e-02   9.8985788e-02   6.3360761e-02   1.0348624e-01   3.0503784e-01   2.0710053e-02   5.5724387e-03   3.7895630e-01   3.7344304e-02  -2.6627503e-01  -1.6443492e-01   1.2614012e-01   4.5740964e-02   1.0797867e-01  -4.5941429e-01  -1.2131127e-01   1.0690643e-01   1.8211696e-01   4.0732719e-02  -4.0748191e-01   1.3423707e-01  -1.4606165e-01
   2.2975337e-01  -1.0467983e-01  -3.0159437e-01   1.3185924e-01  -1.5111761e-01  -1.9813818e-01  -4.5294823e-01   0.0000000e+00   1.5417711e-01  -2.6574394e-01   2.4946774e-01  -3.3596321e-01   7.5639138e-02   6.7176819e-02  -1.3569477e-01   3.0635265e-02  -5.6482589e-02  -4.9749790e-02   6.3878366e-02  -2.1551759e-01  -6.4525954e-02   2.5572057e-01  -2.5723509e-01   4.3554573e-01   1.7592369e-01   7.1165524e-01  -2.0701947e-01   1.9589959e-01   1.3450737e-01   2.5076834e-01   4.5277972e-02   5.9221736e-01   5.4935024e-02  -3.2276000e-01  -1.7426399e-01  -3.5355570e-01   1.0498437e-01   1.7102394e-01   1.2831159e-01   2.8541875e-02   2.1987398e-01   2.9429334e-01  -6.7335505e-02   1.5973279e-01  -1.9303352e-01   1.6502283e-01  -2.0491778e-02  -3.0928321e-01  -9.0557143e-03  -6.8550013e-02   1.7146922e-01   7.6142142e-01  -4.8090772e-02   1.9837874e-01   2.6604256e-01   5.4012778e-02   1.7529859e-02   4.8730403e-01   5.4949310e-01   1.9572884e-01   1.7292030e-01  -3.8895683e-01   2.6607081e-01   2.7925035e-01   2.2490345e-01  -3.9146779e-01  -1.8651375e-01   6.6485463e-02   4.8351469e-01  -2.3210860e-01   3.6545772e-02  -9.1242283e-02  -1.1717892e-02  -1.9524079e-01   1.5654988e-01   2.8237507e-01   4.7784957e-02   1.9317650e-01  -9.4160948e-02   3.7579950e-01  -2.5236634e-02  -7.9720666e-02  -3.6275996e-02   5.5489033e-01  -1.8052642e-01   3.8184155e-01  -2.4335171e-01   2.1734116e-01   2.4141869e-01  -3.8046779e-02  -5.5287042e-02  -5.0300649e-03  -4.1391211e-02   3.9882562e-01   2.5279478e-01   3.7957240e-02   1.9091598e-01   6.1877988e-01  -1.7739245e-01  -2.6021192e-01   8.1791264e-02  -3.6018306e-02   3.2577715e-02  -2.3196733e-02   2.9594980e-01   4.5509737e-01  -3.4551749e-02   7.3698669e-01   4.3831639e-02  -2.9924984e-01  -2.2863476e-01   6.2018869e-02  -5.2447734e-02   1.8479608e-01  -2.3615984e-01   3.0140937e-01   3.0152476e-01   7.4865591e-02  -3.6238675e-01   9.1803265e-02   1.6492163e-01  -1.2765372e-01   5.7225421e-02   1.8491926e-01   1.0335123e-01  -1.2647893e-02   1.2642122e-01   1.3580358e-01   4.2396844e-01  -4.1150386e-01   2.2458178e-02  -2.7838965e-01  -5.2084918e-02   1.1821400e-02   1.9598564e-01   4.9884547e-01   2.6382152e-01  -1.6696026e-01   2.9878820e-01   1.6540764e-01   2.4843764e-01  -5.8604096e-02   3.9397294e-01  -4.5334786e-01  -1.6610457e-01   1.9774074e-01  -4.0541474e-01   2.5812427e-01  -4.0099377e-01   9.3763558e-02   3.6232677e-02   4.9842929e-02   1.9140340e-01   1.7849425e-01  -6.7963327e-02   1.6262600e-02   1.7597346e-01   3.4372150e-01   4.5728200e-03   1.1567438e-01   7.7683923e-02   4.9393547e-01  -1.7286937e-01   3.3976274e-01   5.8825561e-01  -2.3794947e-02  -2.3174872e-01   1.9870162e-01   6.6224720e-02   1.1235759e-01  -3.3801529e-02   1.1402458e-01   1.1305713e-01  -2.5125136e-01   4.8340511e-02   2.2790519e-04   4.6701557e-01
  -7.4902383e-02   4.5501861e-01  -1.4761081e-01  -2.7527713e-02   1.0866039e-03  -3.3527667e-01  -1.3181045e-01   1.5417711e-01   0.0000000e+00   7.3846718e-02   3.1956628e-01   1.0056534e-01   1.7170063e-01  -2.1401276e-01  -1.2202974e-01  -3.1434875e-01   1.0969776e-01   4.3407686e-03   1.2737828e-01   1.0783626e-02  -1.3825822e-01   1.3198168e-02  -2.1270179e-01   8.4488450e-02   7.9826965e-02   1.9285028e-01  -5.3316696e-02  -4.0282545e-01  -1.9994985e-01   1.6023710e-01   5.5826658e-02   5.3281395e-02  -5.1794053e-03   5.0610527e-02   4.1048685e-01   2.1118668e-02   3.1074767e-01   1.7912261e-02   5.5068197e-02  -1.4675978e-02   4.7453202e-01  -6.9993547e-02   4.2794841e-01  -1.6338456e-01   8.1341641e-02   7.0964114e-03  -2.8855191e-02   1.1745146e-01  -1.5230899e-01  -1.2108455e-01  -3.2172173e-02   1.4779697e-01   4.6362493e-01   1.0220548e-01   4.8890763e-02  -3.3085072e-01   1.1061820e-02   1.1561812e-01   2.3546696e-01   2.6569947e-01   9.3353059e-02   3.4060178e-02   5.3674188e-01   2.1407868e-01   4.6289386e-01   8.5092663e-02  -1.4032402e-01  -9.2010424e-02   3.2841008e-02  -4.1327791e-01   2.0390475e-01  -5.3937624e-02   2.8712126e-01  -4.8583852e-03   1.6198765e-01   2.5373383e-01   6.6751778e-02  -1.7445872e-01   2.4656663e-01   1.9457442e-01  -4.2743522e-01  -3.1221847e-01   1.9332817e-01   5.6507688e-02  -9.9598065e-02   9.6501205e-02   3.3954585e-01   4.5810409e-02   5.4886711e-02  -1.4198578e-01   2.8620436e-01  -1.2311009e-01  -1.4287518e-01   5.5488280e-01   7.8360958e-02   2.1390159e-01   1.2987817e-01   1.1899533e-01   2.6212371e-01  -2.1112635e-01  -1.8329868e-01   1.3212747e-03  -1.5168004e-01   4.1444336e-01  -8.5734498e-02   1.5563425e-01  -2.3113271e-02   2.3275100e-01   9.4723311e-02   3.8103122e-02  -4.9468913e-02  -2.3941685e-01   1.1747477e-01   1.5149224e-01  -2.2803565e-01   2.1742834e-01  -1.5491702e-01   4.1046406e-01  -4.2421289e-01  -1.7837765e-02  -9.7392573e-02   4.0307661e-02   1.6052863e-01   3.6843170e-01   1.5121774e-02   1.5189582e-01   2.6935110e-01  -1.5187772e-01   1.4071837e-01  -2.6197838e-01   5.2562781e-02   2.6413690e-01   3.0110204e-01   1.6188049e-01   4.0570015e-01   3.8464916e-01  -3.0963476e-02  -2.5595401e-01   1.3239217e-01  -8.3056242e-02   1.2493583e-01  -8.1945332e-03   7.6853500e-03  -4.8005404e-01   2.8030192e-01   2.8747767e-01  -1.1514000e-01   3.4393657e-01  -2.3370737e-01   2.6906882e-01  -3.3913525e-01  -6.9316041e-02  -1.9474164e-01   3.2726623e-01   2.6452239e-01  -1.2758877e-01  -5.2243697e-02   3.6122950e-01  -1.2817154e-01  -2.1306012e-01  -2.0025843e-01   2.1138975e-01  -2.6308067e-02   3.3232179e-01   2.7286574e-01   2.3139044e-01   2.5138185e-01  -2.4469513e-01  -1.8101173e-01   1.9093035e-01   1.4414259e-01  -1.4737017e-01   3.1134702e-01   3.3789210e-02   2.6268264e-01  -4.1889532e-01   3.3528189e-01
  -3.0563927e-01   4.5605081e-01   2.0525403e-01  -2.5907975e-02   3.0463797e-01   2.0921339e-02   3.4830028e-01  -2.6574394e-01   7.3846718e-02   0.0000000e+00  -2.5872541e-01   6.4147794e-01   7.8058944e-02  -3.1006103e-01   1.8554822e-01   3.5708526e-02   1.0861264e-01  -3.0445522e-01   5.2051371e-02   4.8978908e-01  -7.5827480e-02  -4.1213197e-02   2.9576179e-01  -2.8668889e-01  -2.8541071e-01  -1.8414425e-01   2.8717376e-01  -3.3128778e-02  -1.2320217e-01  -1.5696300e-01  -5.8071196e-02  -1.3048933e-01  -2.5236208e-01   7.7659937e-01   5.5446916e-01   3.1305202e-01   2.7967312e-01  -2.9335970e-01  -4.1777229e-01   3.2319261e-01  -1.2175470e-01  -3.3675607e-01   5.0231552e-01  -1.2239804e-01  -2.8908721e-01  -3.8147421e-01  -2.7644092e-01   2.6946337e-01  -1.2892418e-01   1.2080764e-01  -2.1005888e-01  -2.1903565e-01   3.6203578e-01   1.2692534e-01  -6.3368891e-02  -9.9889856e-02  -1.1075385e-01  -1.7962315e-01  -1.9578890e-01  -1.2104807e-01  -2.8428757e-01   2.3876464e-01   1.0402775e-01  -4.5102172e-01  -4.4086424e-01   4.0537797e-01   3.7999547e-02   4.3393552e-02  -2.9068511e-01  -2.6150480e-01   3.8357103e-01  -1.3673343e-01   6.0523011e-02   5.2948234e-02  -1.0689982e-01   7.5073021e-02  -2.9212787e-01   8.2860132e-03   4.5825487e-01  -1.9244065e-01   1.3505828e-01   1.0760485e-01   3.9239977e-01  -2.9243628e-01   4.0509606e-03  -1.0477252e-01  -8.6369484e-02  -1.0794076e-01  -1.5505524e-01  -2.3227858e-01   1.2877999e-01  -1.7464257e-01   6.3693647e-01  -3.0233826e-01  -3.7495281e-01   3.6199787e-01   5.0061057e-03  -1.5260410e-01   1.4461480e-01   8.8951024e-02  -1.6806645e-01  -2.4719694e-01   1.1115099e-01  -2.4705728e-01  -1.9117846e-01   8.0710518e-02   1.8788098e-01  -1.2200190e-01   3.1664179e-01   3.3573010e-01   6.7650732e-01  -2.2002798e-01  -5.6736036e-02  -3.3627093e-01   8.5158779e-02   2.1698552e-01   5.4862568e-02   7.2198749e-02   1.5834524e-01  -8.9069562e-02  -4.8070108e-01   4.4250707e-01   1.5307705e-01  -1.0822709e-01  -4.1266378e-01  -1.6264762e-01   2.2705288e-01  -3.6921186e-01  -3.9470969e-02   1.6217486e-01  -8.7382179e-02   3.2939063e-01  -5.7790450e-02  -4.4041063e-02   1.1108639e-01  -1.5502821e-01  -3.3143180e-01  -1.2765707e-01  -1.2768436e-01  -2.6625220e-01  -2.7756775e-01   7.3110640e-02  -1.2225805e-01  -1.8014162e-02   3.4790846e-01  -5.8140052e-02   6.1972265e-01   1.6117629e-03   3.0112272e-01   1.0004152e-03  -2.8803182e-01   3.4830303e-02  -3.2038040e-01  -2.8459053e-01   5.6532818e-01  -3.2792033e-01  -4.1456201e-01   8.3511495e-02  -3.0699962e-01   5.3878043e-02  -9.3285026e-02  -3.3182605e-01   2.6236789e-01  -3.9764708e-01  -1.5077412e-01   5.2619599e-01   4.4182492e-01  -5.1176398e-03   2.3172042e-02   3.6396000e-01   5.6469729e-01  -2.9615154e-01  -2.6973305e-01   4.0511147e-01  -7.4909989e-02  -1.9903149e-01  -8.9298648e-02
   2.7686270e-01  -1.9642058e-01  -3.0274089e-01   8.0896866e-02  -3.2133187e-01  -6.2632880e-02   1.7413478e-01   2.4946774e-01   3.1956628e-01  -2.5872541e-01   0.0000000e+00  -4.2519357e-01   2.0958910e-01  -2.8139967e-02   2.3258021e-01   1.9611665e-02  -2.0590851e-01   4.5845916e-01  -2.2233428e-02  -3.1654851e-01   2.7091120e-01   1.6055150e-01   1.1943707e-01   2.7394936e-01  -2.1193681e-01   3.0229063e-01  -4.5077710e-02  -6.2044859e-03  -1.0063969e-01   4.1879928e-01   2.6568070e-01   1.5489793e-01   1.0762449e-02  -3.1838887e-01  -2.6335618e-01  -4.7495626e-02   2.1155738e-01   3.4615934e-01   3.1199524e-02  -2.4746611e-01   4.3409253e-01   1.5776431e-01  -2.2515000e-01   2.2689194e-01   2.1430487e-01   3.3657122e-01   4.0705647e-01   1.2323838e-01   1.0433254e-01  -3.4861282e-01   4.0808391e-01   3.3661539e-01  -8.0120456e-02  -1.8620824e-01   1.9401437e-01   2.1622160e-01   1.6643875e-01   3.2327415e-01   4.9747745e-01  -1.7286290e-02   4.4345154e-01   6.1187261e-02  -1.5325062e-01   5.3377894e-01   4.0955142e-01   1.8640072e-01  -2.2702016e-01   1.2711488e-02   4.8845046e-01  -2.5212079e-02  -3.9117789e-01   1.2056728e-01   1.7653745e-01  -5.0222761e-01  -1.2454284e-01   1.9544421e-01   3.5371237e-01   9.3198628e-02  -4.2534616e-01   3.8415596e-02   1.1168843e-01  -2.1081532e-01  -6.5917347e-02   1.7672272e-01  -3.7944166e-01   4.4359372e-01   1.6070570e-01   1.7063940e-01  -1.8017240e-01   1.0897768e-01  -3.5598766e-01  -2.8745020e-02  -3.7817106e-01   1.2840543e-01   4.1209769e-01  -3.6491411e-01   9.8415781e-02   1.6675619e-01   1.8700896e-01   9.2526349e-02  -1.7516346e-01   3.6008357e-01   1.5314587e-01   2.5239178e-01   2.2655662e-01   2.0410977e-01  -3.2833349e-01   2.7575066e-01   2.7056430e-01  -2.5324937e-01  -2.8925761e-01   2.6548618e-02   1.6184625e-01   2.9302151e-01  -1.9948426e-01  -1.8052786e-01   1.4069553e-01   2.4021470e-01  -2.8385065e-01   5.0691093e-02   2.5580786e-01  -3.7332559e-01  -3.2894994e-01   5.2325418e-01   2.5485968e-01  -2.3040791e-01   3.3819955e-01  -6.5952412e-02   3.2755569e-01  -3.0192541e-01   1.8851585e-01   1.7934246e-01  -8.1228467e-02   2.2811014e-01  -3.0162706e-01   4.3202670e-01  -1.0374489e-01   6.9719973e-02   5.8607888e-01   1.3562315e-01   3.5967681e-01   8.2788817e-02   2.1116153e-01  -2.3846218e-01   2.0110304e-01   4.9867924e-01  -4.1105388e-01   4.6952901e-02  -9.0956744e-02   1.7711309e-01  -1.5591782e-01   6.9756321e-02  -1.2604728e-01   6.1962976e-01  -4.3254632e-01   2.6170897e-01   3.5507198e-01   4.7683860e-01   6.6558959e-02   2.4445076e-01  -5.8676380e-03   6.4685686e-01   2.7387319e-01   6.1265501e-01   2.3341635e-01  -3.1276058e-01   1.2827214e-02   9.1929771e-02   2.2790425e-02  -3.2642134e-01  -3.8289923e-01   2.1758842e-01   5.6944187e-01  -3.5690802e-01  -2.4610371e-01  -7.2559475e-02   1.5865503e-02
  -3.9218699e-01   6.2538443e-01   2.7014729e-01  -1.1449014e-01   3.9893036e-01   3.5451669e-02   2.7035634e-01  -3.3596321e-01   1.0056534e-01   6.4147794e-01  -4.2519357e-01   0.0000000e+00   8.3763643e-02  -3.2144284e-01   1.4514809e-02   2.2749689e-02   2.1336891e-01  -2.7776719e-01   1.3075665e-02   6.3812569e-01  -2.9698217e-01  -2.4997993e-01   3.4536151e-02  -5.4428868e-01  -3.9295009e-02  -3.2191217e-01   3.4007228e-01  -2.3878369e-01   1.5529516e-03  -2.9111064e-01  -2.3310766e-01  -1.7957514e-01  -2.7820382e-01   8.0717200e-01   7.2240272e-01   4.3468783e-01   6.6218044e-02  -2.5372238e-01  -2.1904152e-01   2.4049255e-01  -9.0843517e-02  -4.7141221e-01   8.1633407e-01  -2.8625111e-01   4.6047719e-02  -3.0782720e-01  -2.3380456e-01   1.6560651e-01  -2.3169436e-01   6.8315268e-02  -1.6281548e-01  -2.5191824e-01   5.2078535e-01   2.1696377e-02  -2.6126773e-01  -3.0340997e-01  -1.1473474e-01  -3.5960239e-01  -2.6704610e-01   2.7869348e-01  -2.9036409e-01   2.4932873e-01   2.1364650e-01  -3.4107268e-01  -2.5425423e-01   2.6639228e-01   1.7393727e-01   2.2301295e-01  -3.8557758e-01  -2.2585824e-01   5.0811648e-01   2.6310794e-02  -3.2342583e-02   1.6466090e-01  -6.9951557e-02  -2.8657378e-02  -3.4367456e-01  -6.5746369e-02   6.3997584e-01  -5.0261051e-02  -1.3201105e-01  -4.3129287e-02   2.4229774e-01  -2.4412495e-01   1.0927112e-01  -2.1045339e-01   4.0130762e-02  -3.0967891e-01   4.2894964e-02  -2.7405489e-01   3.1587299e-01  -1.5851466e-01   5.9933479e-01  -1.5457069e-01  -2.7065522e-01   4.5935298e-01  -2.0178660e-02  -2.8791445e-01   2.1898825e-01   3.1910022e-02  -2.7406752e-01   2.1947496e-02  -7.4492742e-02  -1.2031282e-01  -2.3256789e-01  -9.3908166e-03   2.6232447e-01  -2.4941015e-01  -1.4895680e-01   2.5802147e-01   4.7712413e-01  -9.6599769e-02  -1.5234052e-01  -3.0191155e-01  -7.8803490e-02   2.7149039e-01  -1.5117796e-01   1.5452450e-01  -2.2750070e-02  -8.9656085e-02  -3.2827064e-01   5.8271173e-01   3.9435060e-01  -1.5584209e-01  -2.9686019e-01   1.4103094e-01   2.0807983e-01  -2.9073470e-01  -3.2958443e-01   2.6163581e-01  -1.0565919e-01   3.3642160e-01   4.3386171e-02   7.4760445e-03   2.6390072e-01  -3.4905974e-01  -7.0143027e-02  -2.7913279e-01  -3.4727840e-01  -2.9145277e-01  -4.0390345e-01  -1.0142939e-01  -2.8599754e-01  -1.5415694e-01   4.6512240e-01  -1.3216334e-01   6.6234545e-01   7.5144714e-03   1.9324392e-01  -2.9045991e-02  -3.1197397e-01  -9.0803668e-02  -1.4122531e-01  -2.6270117e-01   5.8323284e-01  -3.7596624e-01  -3.4347713e-01  -8.0903776e-02  -2.0160869e-01  -7.9022024e-02   6.8871008e-02  -3.8250478e-01   1.4200231e-02  -4.5021150e-01  -1.4496776e-01   6.6527822e-01   5.5563812e-01  -1.6241663e-01   6.3053465e-02   3.8486819e-01   6.8541124e-01  -3.5501940e-01  -1.7682810e-01   4.0133611e-01  -4.5062107e-02   1.5452711e-02  -6.8832775e-03
   6.7177954e-02   7.0368599e-02  -4.6134625e-02   3.8789015e-03   7.6060968e-02  -4.0385625e-02   1.4389663e-01   7.5639138e-02   1.7170063e-01   7.8058944e-02   2.0958910e-01   8.3763643e-02   0.0000000e+00  -1.8557783e-01   1.6436998e-01   2.4919935e-01  -8.2440531e-02  -2.7600208e-02  -1.0144178e-01   2.0847395e-01  -1.2807253e-01  -2.3188047e-01   8.7071487e-02   9.2202324e-02  -1.0320103e-01  -6.4225908e-02   1.4545386e-01  -5.4994173e-02  -2.3207154e-02  -2.4458842e-02  -1.0637782e-01  -6.8803877e-02  -4.8882989e-02   1.2068074e-02   1.0912999e-01   2.8693364e-01   2.7961133e-01   6.5388330e-02   1.0441116e-01   1.1469544e-02   6.0928189e-01  -2.6140960e-02   1.7320759e-01  -3.4286819e-02   9.2782837e-02   7.4341027e-02   1.8281153e-01  -8.6231272e-02  -2.4029613e-01  -3.3343550e-01   9.4962792e-02   5.6602558e-02   3.2279964e-02   1.3079928e-02   4.8926687e-02  -4.5573116e-02  -2.3203349e-01  -1.6052580e-01   2.2870997e-01   1.1120544e-01   7.2116279e-02   1.7943464e-01  -1.4312700e-01   4.4660548e-02   1.1039215e-01   2.2279667e-01   3.4173926e-02  -2.8657102e-03   1.0230856e-01  -8.6474294e-02  -1.4204578e-01  -5.9599519e-02   5.5000321e-01   3.0502112e-03  -1.0622660e-01  -1.1433447e-02   6.1808756e-02  -8.2536418e-02   6.4406006e-02   1.1166341e-01  -9.1566992e-02   1.4009792e-01   1.2237047e-02   1.4663344e-02  -8.3398032e-02   8.3519692e-02  -1.9826243e-03   5.8445416e-02  -1.0712982e-01   1.0909918e-02   8.0946065e-02  -5.4365225e-02  -9.8496913e-03   4.1018878e-03   1.2500129e-01   9.2934557e-02   1.5290183e-01   1.9964633e-02   9.7567176e-02   5.8542849e-02  -1.8645712e-01   2.3024395e-01  -2.3440327e-01   9.9644774e-02   1.9418500e-02  -2.0188622e-02   6.9865737e-02   7.7967725e-02   8.8534204e-02   1.6969486e-01   8.9673584e-02  -2.0904499e-01  -1.5942001e-01   9.0776959e-02  -3.1412652e-02  -1.1716318e-01  -1.5400695e-01   7.2024959e-01  -2.7313399e-02  -1.2192365e-01  -2.0397412e-02   1.8793141e-01   5.1507820e-02   7.6993635e-02   9.2857730e-02  -2.2047467e-02   1.4982393e-01  -8.8447032e-02   7.8360316e-02  -8.5152355e-02   5.9852493e-01   8.8714536e-02  -6.4013314e-02  -1.1475779e-01   1.0562906e-02   2.8789634e-02  -8.3719882e-02  -1.9953642e-01   2.7559666e-01  -1.0188314e-01   9.3968415e-02   4.7251941e-01  -6.3702146e-02  -1.3008149e-01   9.1877387e-03   2.1725787e-02  -1.1353979e-01   2.2660391e-01   1.6078812e-01  -1.2540997e-01  -3.6142976e-02  -8.4523401e-02  -1.2377728e-01   8.6374937e-02  -4.7402824e-02  -1.0774877e-01  -7.9213492e-03   2.8156414e-01  -1.8226595e-01  -3.7874925e-02  -2.9471947e-02   2.5064372e-01   2.3959937e-01   2.6839135e-02  -1.1067102e-01   1.1457167e-01   8.7471474e-02   1.3952868e-01   5.7284581e-02   1.7064735e-02   1.1645955e-01  -8.9968587e-03   3.0358356e-02   2.9561919e-02  -3.8450088e-01  -5.6111854e-02   1.6734417e-01
   1.6054880e-01  -3.7678453e-01   2.5319484e-02   8.2208897e-02  -2.0828671e-01   2.0262577e-01  -1.2743201e-01   6.7176819e-02  -2.1401276e-01  -3.1006103e-01  -2.8139967e-02  -3.2144284e-01  -1.8557783e-01   0.0000000e+00  -3.7196196e-02   2.0097966e-01  -5.7914364e-02   1.4352190e-01   1.4247573e-01  -2.5473265e-01   1.5440196e-01   3.8064645e-01  -6.4270665e-02   1.4869000e-01   2.4636851e-01   1.4546498e-01  -8.4051840e-02   3.2041212e-01   3.9895475e-01   3.6286668e-01   1.4667216e-01  -2.9454833e-02   3.0646173e-02  -3.7636309e-01  -3.5507210e-01  -2.9529507e-01  -3.5123227e-01  -1.5097912e-01   2.1530900e-01  -1.0380510e-01  -3.8222638e-02   9.4009886e-02  -4.2668803e-01   4.0435020e-01  -3.1660183e-02  -1.4842200e-01   1.5639581e-01  -2.9321577e-01   2.1110777e-01   4.0130924e-02   6.0916258e-02   4.4678844e-03  -4.4095891e-01  -1.9789191e-02   1.9680895e-01   3.4988505e-01   3.1300317e-01  -1.5256642e-02   1.4170248e-01   8.2306777e-02  -1.8808762e-01  -2.1058788e-01  -1.4013326e-01   1.7239154e-01  -1.8455913e-02  -2.7592015e-01   9.3975346e-02  -1.3033934e-01   1.4091308e-01   9.8742780e-02  -3.2428550e-01   1.5624349e-01  -7.9796337e-02   1.1833065e-01   2.6278459e-01   1.7238703e-01  -1.6706267e-01   2.6085476e-01  -2.8378925e-01   8.2123802e-02   3.0854540e-01   1.0559843e-01  -2.3501031e-01   3.9978037e-01   7.0394731e-02  -9.8017232e-02   1.8709369e-01   3.3205493e-01   1.0189699e-01  -8.1924869e-02  -1.4907177e-01   8.1562539e-02  -1.0498589e-01   1.2722859e-01  -1.7548272e-01  -1.5323249e-01   1.1394873e-01   1.5595384e-01  -1.4690672e-01   1.2103617e-01   3.3219587e-01  -8.6750071e-02   4.9782415e-01   8.5794142e-02   1.0391668e-01  -4.9761719e-02  -1.3133502e-01   8.7793196e-02   1.8830367e-02  -1.3248802e-01  -1.1245478e-01   3.3419600e-01  -2.0082026e-02  -1.7588621e-01   1.9952748e-01  -2.3908960e-01   2.0313374e-01  -2.4779816e-01   2.5066247e-01   1.0642802e-01  -1.8195667e-01  -2.0632530e-01   2.3835675e-02   3.7748627e-02  -1.4405590e-01   2.9431329e-01  -1.8004181e-01   2.1903960e-01  -1.1792826e-01   1.6936629e-02  -7.9413384e-02  -4.8525660e-01   1.0376335e-01  -2.0569839e-01   2.5437562e-02   7.7747802e-02   4.9645800e-02   4.1160341e-01   1.7462367e-02  -1.2230064e-01   1.9841752e-01  -7.1737548e-02   1.5490434e-01   3.0622731e-01  -2.8903634e-01   2.4028075e-01  -1.8553433e-01   2.6838587e-02   8.7252587e-02  -2.0049538e-01   2.4014615e-01   4.2166782e-01   9.6120292e-02  -1.9597547e-01  -1.6555344e-01  -1.3940287e-02  -1.8446977e-01  -7.3487472e-02   1.4498652e-02   2.5143238e-01   1.9505122e-01   1.2599782e-01  -2.3211271e-01   1.2291826e-01  -5.4201386e-02  -2.9550516e-01  -4.9394934e-01   3.2094730e-01  -1.9559240e-01  -3.8060730e-01  -2.1928083e-01  -1.4025278e-01  -1.2953798e-01   7.6452940e-02   1.9989188e-01  -4.7211936e-02   3.9869248e-02
