   0.0000000e+00  -3.9245144e-01  -1.2299789e-01   2.0902882e-01  -4.4444068e-01   3.2546121e-01  -3.9398655e-01   3.8778153e-01  -3.8131255e-01  -2.6932040e-01   1.0144584e-01  -2.5437701e-01  -4.7967671e-03   4.6834606e-01   4.6734813e-01   1.1977405e-01  -4.6805357e-02   2.1548227e-01  -1.2535566e-01  -2.7233277e-01   3.7740208e-02   3.0962015e-01   7.4272535e-02   6.3904273e-01  -2.3316884e-02   1.7438406e-01  -3.3267992e-01   4.8576590e-01  -1.6704482e-01   7.6019285e-02   1.0267721e-01   2.0336075e-01  -1.5407706e-02  -2.8395583e-01  -1.3971470e-01  -2.4624214e-01   4.8217059e-02   2.5893384e-01   8.1454003e-02  -4.5862239e-01   9.6944253e-02   1.5638514e-01  -3.0227662e-01   1.5557311e-01   4.0824327e-02   3.9693352e-01   2.8702543e-02  -5.0933110e-01  -1.1262125e-01  -2.5865194e-01   1.2468883e-01   3.8576061e-01  -4.4693315e-01   1.4517187e-01   4.3490600e-01   4.3091947e-01   4.2570748e-01   3.9180190e-01   7.9925892e-02   7.1662302e-02   2.9377277e-01  -1.3118130e-01  -2.7749080e-01  -2.7657107e-01  -1.2003191e-01   6.1586524e-02   2.0884985e-01   6.2759895e-02   6.3870550e-02   1.2788972e-01  -3.4416663e-01   3.1291210e-01   3.3528862e-02   5.8227015e-01  -1.6571395e-01   1.3499819e-01   1.5100806e-01   1.0543040e-01  -2.0945885e-01  -1.5041872e-01   1.1195588e-01  -1.1771205e-01  -3.6294393e-01   3.7160001e-01   4.5558972e-01   3.1981568e-01  -2.2918172e-01   5.0956525e-01  -1.6591203e-01   5.1573322e-01  -5.4899768e-02   2.1918286e-01  -7.1997696e-02  -1.2992233e-01   4.7151267e-01  -3.1438435e-01  -1.9812352e-01  -4.5338103e-02  -1.4369405e-01   1.7800370e-01   1.0793730e-01   2.8169573e-01   3.2768321e-01  -2.2976887e-01   1.1895651e-01   4.4623079e-02   2.1557556e-02   1.8776976e-03  -1.0364878e-01  -3.2397198e-01  -2.8768606e-01   3.8788721e-01   1.5971910e-01   7.4162826e-01  -1.0418204e-01  -2.5615732e-01   3.8765513e-01   1.5357507e-01   1.7804928e-02   1.2369253e-01   5.0991309e-01  -2.1351390e-01   7.8006043e-03  -1.1426154e-01   4.3353158e-01   6.9553069e-01   1.8975816e-01  -3.9766303e-02   1.5537146e-01  -3.2086987e-01   1.3593868e-01  -2.4924414e-01   8.1057521e-01  -2.3546366e-01   1.0148329e-01   3.8130976e-01   8.7011383e-02  -1.9419020e-01   4.7627330e-01   5.8424308e-01   6.4527800e-01   1.7434504e-02   8.1486311e-02  -7.1535958e-02   3.6644464e-01   2.2277170e-02  -3.9248301e-01   4.2601846e-03  -2.2713688e-01  -4.9575648e-02   5.4681110e-01   7.0122751e-02   3.8520133e-01  -2.3675936e-01  -3.4322636e-01   5.3484470e-01   3.7564692e-01   1.8891809e-02   1.9129619e-01   2.6701955e-01   8.2104482e-02   2.3466976e-02  -1.9697427e-01   1.8376326e-01   2.2029068e-01  -2.4651862e-01  -2.8161838e-01   5.2688958e-01   2.9161500e-01  -2.5284851e-01  -1.2223146e-01   2.6395579e-01   1.8037066e-01   1.0488856e-01  -2.8164514e-01   9.8576124e-03   2.9346460e-01
  -3.9245144e-01   0.0000000e+00   2.6976573e-01  -8.2983360e-02   4.8235843e-01  -1.6744072e-01   3.1882808e-01  -1.0917322e-01   7.8875345e-01  -1.5535701e-01  -1.3232030e-01   6.4885349e-01  -3.4561315e-01  -4.0639996e-01  -4.2670787e-01  -2.6884847e-01   3.8402186e-01   2.0051383e-02   2.2437189e-01   3.2032470e-01  -2.1555859e-01  -1.2177750e-01  -8.4381170e-02  -3.9001860e-01  -8.6129660e-02  -5.6721209e-03   4.4417406e-01  -3.9531126e-01  -2.2340185e-01   2.6327530e-01  -8.7924807e-02   5.2194405e-02  -2.4531803e-02   3.1934962e-01   2.9510480e-01   2.0941324e-01  -1.9916890e-01  -1.6801339e-01  -1.7105970e-01   5.6211271e-01   1.5038094e-01  -1.4658792e-01   4.3247867e-01  -1.3901563e-01   3.1434943e-01  -1.5967259e-01  -1.4896173e-01   6.3974900e-01  -2.5679026e-01   5.5099842e-01  -4.7941356e-02  -1.6268164e-01   6.8605412e-01  -1.1467717e-02  -2.8797157e-01  -3.9224463e-01  -2.4581164e-01  -1.5747876e-01   7.5689611e-02   2.7544343e-01  -1.8851272e-01  -3.2850531e-01   7.4411604e-01   4.8070306e-01   5.9921703e-01   5.2940630e-02   2.1818982e-03   1.2784341e-01  -7.7954631e-02  -2.2066116e-01   7.3169324e-01  -1.7498108e-01   3.4801441e-02  -2.0472788e-01   5.7765318e-02   1.9717839e-02   6.4064051e-03   4.5050908e-02   4.4724655e-01   1.2268717e-01  -2.1376297e-01   3.4300280e-02   4.4527655e-01  -1.0942406e-01  -1.7894385e-01  -1.2620275e-01   3.1412913e-01  -3.2693356e-01   1.3948604e-01  -1.2147910e-01   4.7572743e-01  -1.7669009e-01   2.6872056e-01   3.9658118e-01  -2.3988570e-01   7.2199354e-03  -2.2785028e-01   1.7775777e-01   1.8390522e-01   1.0770476e-01  -4.6457088e-02  -2.1008614e-02  -3.4601703e-01   5.1196964e-01   1.5406462e-02   1.7133200e-02   2.8082364e-02  -8.4494528e-05  -3.3556650e-01   1.9866350e-01   1.0788624e-01  -8.6115004e-02  -7.3920694e-02  -2.9370883e-01  -1.8622297e-01   6.3333943e-01  -1.0855924e-01  -7.4865649e-02  -2.5975859e-01   1.0701695e-01  -3.5119253e-01   5.5327444e-01   4.4496828e-02   3.7268401e-01  -2.2445897e-01  -1.7112295e-01   3.1782708e-01  -1.3559118e-01   1.2730296e-01   2.5059943e-01   8.2682895e-02   3.2095733e-01  -2.4057381e-01   3.1192483e-01   5.7062708e-02  -2.8649957e-01   2.5084459e-02   2.8376097e-01  -3.0497287e-01  -3.4071216e-01  -3.4656253e-01  -2.3448482e-01  -1.9993235e-02  -1.5917565e-01  -2.2688207e-01   2.8858134e-02   1.9964103e-01  -1.2859881e-02   1.5514796e-01   2.3055245e-01  -3.4370523e-01  -2.6114560e-01  -2.6074448e-01   4.2867963e-01   6.2426021e-01  -3.1147953e-01  -1.7430155e-01   1.0416411e-01  -7.1187244e-02  -3.2594054e-01  -1.9223794e-01   5.9664017e-02  -7.8216741e-02  -5.3156909e-02   9.9690030e-02   4.9089610e-01   3.7670589e-01  -1.5604451e-01  -3.7431221e-01   3.8013085e-01   3.8557042e-01  -2.0770282e-01   1.3797625e-01   1.2651412e-02  -8.1410359e-02  -1.6770950e-01   1.1575103e-01
  -1.2299789e-01   2.6976573e-01   0.0000000e+00   4.1298518e-02   1.1973888e-01   1.5264976e-01  -9.4235378e-02  -1.0035108e-01   1.8041050e-01  -2.1862028e-01   2.8189929e-01   2.1804864e-01  -2.8399765e-01  -9.9527034e-03   1.8552816e-01   2.5088638e-01   6.6329951e-01   2.7357423e-01  -2.0213979e-01   3.8864043e-02  -1.5281411e-02  -2.1626545e-01  -6.8504934e-02  -5.5526737e-02  -3.6241575e-02   1.4979962e-01   2.3789398e-01   4.1433027e-03  -1.9938346e-01   4.0460739e-02   7.5001481e-02   1.0120361e-01   2.9263159e-01   1.8749560e-01   1.2331239e-01   2.3715132e-01   2.0501250e-01   1.6823103e-01   1.2231798e-01   2.4378788e-01   2.2854661e-01   2.5273902e-01  -5.1852432e-02   1.3271411e-01   4.3579513e-01   2.9422340e-01   2.9397357e-01  -1.1570877e-01  -1.4150647e-01   4.5536262e-01   1.9649965e-01  -9.9384058e-02   1.3067074e-02   1.7629142e-01  -1.4029710e-01   1.7830560e-01  -1.3435589e-01  -1.3143205e-01   2.8169982e-01   1.4819148e-01   3.8398751e-01  -3.0086304e-01   2.6996467e-01   1.2560689e-01   3.0104236e-01   9.1169015e-02   1.3479939e-01   2.9990933e-01   1.0167773e-01   6.3904587e-01   8.8736843e-02   1.2169438e-01   1.8799136e-01   7.8062260e-02  -2.4352874e-01  -2.3438602e-02   5.0171950e-01   2.5505037e-02   9.3276180e-02   5.7854883e-02  -1.6128840e-01   1.8690106e-01   4.0994439e-02  -6.9831789e-02   3.6139041e-01   1.3841329e-01  -1.0962847e-01  -4.6112401e-02  -1.4638508e-01   5.0384998e-02   2.5244107e-01   6.0213523e-01   1.5658746e-01   4.1543207e-02   1.1861917e-01  -2.2211362e-01  -2.9287548e-01  -1.0352438e-01   3.8780196e-01   1.2327846e-01   1.8080760e-01   1.1728658e-01  -2.0652067e-01  -4.3720008e-04   2.4132916e-01  -4.0348456e-02   1.4483171e-01   2.7730626e-02  -9.7758560e-02   3.4543606e-02   7.5582529e-02   4.7188726e-02   8.2917136e-02  -6.8192183e-02   1.8472976e-01   2.7070210e-01  -5.8174707e-02   1.2786767e-01   1.5554456e-01   7.9671463e-02   2.2246449e-01   1.4808881e-01  -9.2404928e-03   3.4234648e-01   2.1606873e-01   3.8016199e-02   2.8520448e-01   2.5041415e-02   8.9581439e-02   6.4696834e-01   4.0780853e-01   1.5055519e-01   3.2823111e-02   1.7826649e-01  -1.2087444e-01   6.9407380e-03  -2.0769931e-01   9.9741249e-02  -1.3340324e-01  -5.7899183e-02   2.0471600e-02  -4.8383458e-01   1.5376695e-01   2.2675282e-01   1.3917198e-01   1.5796565e-02  -3.2528684e-02   5.0957101e-02   1.3325886e-01  -8.2905650e-02   1.2967604e-01  -1.4660289e-01   3.2783824e-01   2.7065356e-01   4.0004747e-01   9.6697606e-02   7.8682024e-02   3.3893255e-01   4.8491932e-01  -7.5536593e-02  -3.5857148e-01   4.1957712e-01  -1.1266618e-01   1.7141608e-01  -8.6111209e-02   3.2219292e-01   2.7405235e-01   1.7645914e-02   1.3905865e-01   1.3363505e-01   2.4714989e-01   1.6868018e-01   2.4376512e-01   3.0949171e-01  -3.2208895e-01   2.8523531e-02  -5.1336112e-02
   2.0902882e-01  -8.2983360e-02   4.1298518e-02   0.0000000e+00  -1.1244179e-01   3.6696826e-01  -1.5020070e-01   5.0196570e-01  -1.4527664e-02  -2.4000523e-01   1.8755688e-01  -1.7470372e-02  -3.0705653e-01   1.8685705e-01   2.4656766e-01   2.8813282e-01   4.1711615e-02   3.3149433e-01   4.4424077e-02  -6.5544061e-02   3.0847941e-01   2.7831333e-01  -8.1954504e-03   5.7405723e-02   8.8037991e-02   2.1780036e-01   3.6428912e-01  -2.2259396e-02  -2.4925841e-01   2.2018071e-01   1.4970273e-01   4.3729958e-01   4.0858130e-01  -1.2106259e-01   1.7457272e-01   3.0867040e-01   1.1231604e-01   1.0863219e-01   2.4507740e-01  -1.7486744e-03   4.1572575e-01   4.5442666e-01  -4.6988820e-02   1.9096621e-01   2.0366482e-01   1.9050698e-01   3.6838654e-01  -1.0918260e-01  -3.8278012e-01   5.7304256e-02   2.9228359e-01   3.5085453e-01  -2.4062888e-01   2.8616648e-01  -4.2280833e-02   1.4539633e-01   9.5463304e-02   4.1919235e-01   5.2067830e-01   1.0178619e-01   1.2146191e-01  -4.1209541e-01   1.0443843e-01   4.0252372e-02   2.5116824e-01   9.7316832e-03   4.9342855e-01   4.7716473e-01   3.9493713e-01  -3.3561938e-02   3.6240194e-02   5.8945769e-01   1.0573274e-01  -1.1759852e-02   1.0868361e-02   3.4421074e-01   2.8101639e-01   3.0129050e-01  -1.7218464e-02   2.5259615e-01  -3.8382259e-03   1.2886887e-01  -4.1708556e-02   4.1281716e-01   1.3844488e-01   4.3288228e-01   3.5637098e-02   8.9793890e-02   1.7616200e-01   6.3553649e-03   1.3230783e-01   2.5934140e-01   1.7469111e-01   1.7212994e-01   2.7227929e-01  -3.3096264e-01  -2.0537529e-01   2.1090015e-01   4.3635332e-01   2.1320870e-01   6.2401864e-02   2.1849983e-01   2.7390165e-01   2.3934749e-01   4.0599470e-01   4.2786694e-01   1.6285707e-01   4.1539938e-01  -1.9542041e-01  -1.7316230e-02  -9.7071769e-02   2.1653607e-01   6.4118448e-01   1.4176007e-01  -2.2424325e-01   1.2509003e-01   2.0609974e-01   3.2543098e-01  -8.4758492e-02   7.2499392e-01   1.1310478e-01   1.6845354e-01   2.0597247e-01   2.5126848e-01   6.3347705e-02   2.3565915e-01   2.6146356e-01   2.3438944e-01   3.9155062e-01  -1.0922988e-01   4.9068533e-01   8.2872005e-02   2.7635864e-01  -2.2300601e-02   5.7070519e-01   5.0541914e-01   3.1443989e-03  -7.2421928e-02   4.0810331e-01   2.0780078e-01   1.3267273e-01  -3.5111743e-01   2.4436326e-01  -2.3387030e-01   3.0115523e-01   2.8548213e-01  -2.3420815e-01   1.1261277e-01   5.2971298e-02  -3.2056681e-02  -1.7544531e-02   2.9319476e-01   1.6971109e-01   1.1882328e-01  -2.2196898e-01   3.4004586e-02   2.2210702e-01   4.1949414e-01   2.2197888e-01   2.3703965e-01   5.3616510e-02   1.6999914e-01  -8.5127275e-02   4.4415863e-01   2.9413579e-01   1.6235195e-01   1.6966272e-01   1.3263133e-01   1.3636868e-01   5.9540101e-02   2.2263980e-01   1.7481934e-01   5.3346495e-01  -2.5311048e-02  -5.9605080e-02  -2.3675529e-02   5.3251197e-01
  -4.4444068e-01   4.8235843e-01   1.1973888e-01  -1.1244179e-01   0.0000000e+00  -2.8577218e-01  -8.3183741e-03  -2.6381464e-01   3.6162858e-01   1.4808540e-01  -1.0916734e-01   1.0531986e-01   4.0092762e-02  -2.4802027e-01  -5.4204658e-01  -2.2681240e-01   3.3132853e-01   4.2669616e-02   2.5421074e-01   6.8875505e-01  -2.7036896e-01  -1.5213377e-01  -4.9155642e-01  -3.5340385e-01  -1.6884910e-01  -3.6779398e-01   4.9425033e-01  -4.1337045e-01   1.5760524e-01  -9.1444765e-02  -3.7186683e-01  -1.0888042e-01   1.0129087e-01  -1.6140357e-01  -7.1816199e-02   4.9882705e-01  -5.0214715e-02  -1.7280558e-01  -6.3216018e-02   4.5806733e-01   1.0509867e-01  -7.5912222e-02   2.1551650e-01  -3.4578435e-01   1.9482961e-01  -1.0931548e-01   1.5539476e-01   2.9368982e-01   1.3861824e-01   5.0221169e-01  -1.5690221e-01  -3.0577511e-01   4.0111444e-01  -2.8607313e-02  -2.7374290e-01  -4.9115900e-01  -2.8665129e-01  -1.4851177e-01  -1.2255270e-01  -1.3275124e-01  -2.3271952e-01   1.1435154e-01   4.7771019e-01   1.3461418e-01   3.6075794e-01   1.1669090e-01  -6.6309578e-02   5.0386676e-02  -9.5645096e-02  -1.2026601e-01   3.7112525e-01  -1.3386421e-01  -4.3433155e-02  -3.3067435e-01  -7.3228550e-02  -1.0088073e-01  -8.3327743e-02   1.2688021e-01   4.1274614e-01   9.1141603e-02  -4.5519883e-01  -1.0214420e-01   1.6812099e-01  -3.6912087e-01  -2.5044058e-01  -1.5791160e-01   9.8129865e-02  -3.8162873e-01   4.4737456e-02  -1.3087004e-01   4.8138364e-01  -1.0832832e-01  -7.9538957e-02   9.6748419e-02  -2.3973602e-01   3.4020199e-01   1.9652369e-01   3.4803934e-02   2.6236088e-01  -2.5075494e-01  -9.2968994e-02  -2.9656775e-01  -3.6777206e-01   1.8738075e-01  -2.2072436e-01  -5.4488304e-03   1.6800725e-02   2.2839095e-02   3.6128551e-02   3.1625413e-01  -1.1599509e-01  -5.7697245e-02  -7.3187901e-02  -2.5408945e-01  -2.7371223e-01   5.9127076e-01  -2.1218058e-01  -5.4893116e-02  -3.9386277e-01  -7.7558991e-02  -3.1579011e-01   4.8283483e-01  -1.8574057e-01   2.1775424e-01  -2.4780863e-01  -3.5556760e-01  -4.2254808e-02  -3.1777254e-02  -2.4880657e-03   3.0529003e-01   2.6316961e-02   1.5257751e-01  -4.1337673e-01   3.9110903e-04  -1.1637561e-01  -2.4314384e-01  -1.8084568e-01  -1.3396048e-01  -2.8401659e-01  -2.7035115e-01  -2.7311862e-01  -3.3116983e-02   5.5911606e-02  -3.1460132e-01  -4.8111815e-01  -3.5839563e-01  -3.4720779e-02   2.4226522e-01  -1.1432966e-01  -2.4102796e-01  -3.6057014e-01  -4.3483737e-01  -2.1270570e-01   3.5073118e-01   3.7482778e-01  -2.3420157e-01  -2.3267196e-01  -8.9841997e-02   7.5916620e-02  -3.9901810e-01   2.6305073e-02   2.2865222e-01   1.1111441e-01  -2.1953545e-01  -1.0744037e-01   2.5203516e-01   2.5951664e-01  -3.5692751e-01  -2.2862381e-01   3.2293893e-01   2.9184897e-01  -2.0840759e-01   1.2352846e-01  -9.9825897e-02   1.7095903e-03   8.6578800e-02  -1.9007149e-01
   3.2546121e-01  -1.6744072e-01   1.5264976e-01   3.6696826e-01  -2.8577218e-01   0.0000000e+00   9.9429244e-02   4.4076625e-01  -2.3703469e-01  -8.1492169e-02   3.8416228e-01  -8.2553944e-02  -2.4496862e-01   1.6165193e-01   3.9933620e-01   1.4151086e-01  -1.5788687e-01   4.6683142e-01   2.4498957e-01  -2.8810644e-01   2.8369760e-01   3.2215943e-01   2.5909735e-01   9.3730149e-02   1.1376192e-01   1.9295303e-01   1.9267762e-01   1.1978076e-01  -2.4511828e-01   4.9536360e-01   1.3368908e-01   3.5560542e-01  -3.8482548e-03  -3.1590118e-03   1.0453357e-01   1.5719561e-01   5.4760619e-02  -2.9429555e-02   1.3569409e-01  -3.2497558e-01   3.8097406e-01   3.5335022e-02  -1.8530902e-01   2.7065141e-01   1.7724455e-01   3.0225906e-01   4.4261365e-01  -1.9720727e-01  -3.3606050e-01  -2.3850374e-01   4.5038735e-01   3.1449940e-01  -1.9798981e-01   2.2506991e-01   4.4275935e-02   3.5976121e-01   6.3894325e-01   2.8482887e-01   4.1305078e-01   3.3919130e-01   4.1025347e-01  -3.3919362e-01  -1.9533060e-01   1.4461171e-01   8.3037423e-02   2.6624532e-01   7.2898511e-01   2.5232031e-01   5.0758120e-01   2.7680002e-01  -3.7959838e-01   4.4548237e-01   2.8797181e-03   3.2853693e-01  -2.0224428e-01   6.4244202e-02   2.8070189e-01   9.5171818e-02  -2.8849244e-01   9.6983764e-02   1.6399098e-01   1.3010176e-01  -1.6021206e-01   2.6633890e-01   4.3956050e-01   9.2348501e-02  -3.4474669e-01   6.9464188e-02  -1.0362882e-01   6.4498853e-02  -6.5050314e-02   3.4629738e-01   1.6744938e-01   1.4536782e-01   1.3533684e-01  -4.9011762e-01  -9.6116340e-02   3.4885008e-01   1.6957997e-01   3.2058310e-01  -2.2954085e-01   4.9633295e-01   3.7924629e-01  -2.5951403e-02   4.8941374e-01   1.0448361e-01   1.5486586e-02   5.0196600e-01  -9.4603375e-02   7.1758897e-03   1.1518831e-02   3.8159467e-01   2.0116415e-01   2.6817345e-01  -1.1367052e-01  -6.3297617e-03   3.5217566e-01   1.4899634e-01  -3.7951194e-02   3.6558250e-01   3.1037594e-01  -9.6164118e-02   1.2094122e-02   1.4410187e-01   6.9599733e-02   3.2411696e-01   1.8616807e-01  -1.7943287e-01   1.8306799e-01  -1.7247568e-01   2.7126940e-01  -3.8912740e-02   4.4265895e-01  -2.1763963e-01   1.2886050e-01   3.2323961e-01  -1.6546826e-01  -1.0002542e-01   3.6030639e-01   1.4825263e-01   1.6702853e-01  -3.0322411e-01   4.5791691e-01   8.8795593e-02   4.0652765e-01   2.1504123e-01  -2.7411560e-01   3.4057755e-01   1.3551881e-01  -3.6571058e-02   2.6999486e-01   1.0729367e-01   3.8330086e-01  -6.6595477e-02  -1.5253507e-01   4.5432124e-02   3.2426956e-01   3.9833915e-01   2.8850719e-01   2.7930651e-01  -1.0622520e-01   2.6014923e-01   1.4382350e-01   4.7048543e-01   2.4565292e-01   1.9953436e-01   1.2670491e-01   3.6948686e-01   3.8280313e-01  -2.1000632e-01   1.8110975e-01  -2.3423910e-02   4.6461601e-01   5.1742430e-01  -9.8560793e-02  -2.2366012e-02   4.4773326e-01
  -3.9398655e-01   3.1882808e-01  -9.4235378e-02  -1.5020070e-01  -8.3183741e-03   9.9429244e-02   0.0000000e+00   4.1219456e-02   3.7879692e-01   2.3480271e-01  -1.5594641e-01   4.0252446e-01  -6.7521032e-02  -4.6964397e-01  -2.3887141e-01  -2.5921436e-01  -3.2575669e-01  -4.5882507e-02   3.9221689e-01  -2.9357633e-03   3.7100806e-01   7.4014552e-02   5.8501296e-01  -3.6703417e-01  -2.5159583e-01   1.3239190e-01   1.4047361e-01  -2.6727413e-01  -2.4033207e-02   2.5995639e-01   2.7371122e-02  -4.5318294e-02  -2.3617477e-01   6.5203735e-01   4.0809396e-01   2.1652698e-01   1.0785053e-01  -3.5729619e-01  -2.8322948e-01   2.4037067e-01  -1.3200249e-01  -2.3185136e-01   3.6486777e-01   1.2332834e-01  -1.2563863e-01  -3.5129094e-01  -2.1846025e-01   7.5063594e-01  -2.9103995e-01  -7.4000133e-02  -9.7501207e-04   3.3751040e-02   5.3381431e-01  -3.7810022e-01  -3.2644594e-01  -1.9516044e-01   1.5085030e-02  -8.2471555e-02  -1.8678402e-01   3.4498539e-01  -1.5142493e-01  -7.0497771e-02   9.8108574e-02   2.7628665e-01   1.2843035e-01   2.2937895e-01   2.1115288e-02  -2.6757949e-01   1.2473861e-02  -2.1214313e-01   4.3464391e-01  -1.3630271e-01  -2.1354890e-01  -3.7289988e-01  -2.3057491e-01  -1.0292779e-01  -8.7585475e-02  -8.6707441e-02   2.8645288e-01  -2.7299085e-01   4.4235495e-01  -2.5926184e-01   6.3626906e-01   4.5290447e-02  -4.1824495e-01  -2.5257246e-01   1.3334569e-01  -4.0834435e-01  -1.0580556e-01  -5.1003837e-01  -1.1467153e-01  -2.7802502e-01   6.2558554e-01   5.1338258e-01  -4.0920144e-01  -1.0531661e-01  -4.1330156e-03   2.6777415e-01  -2.4788470e-01   4.2562087e-01  -9.1507407e-02  -2.2654087e-02  -1.0027232e-01   3.9372557e-01   7.5635725e-02   7.3272150e-02  -1.3920361e-01   2.2314717e-01   1.8522603e-01   3.7569629e-01   7.1038274e-01  -2.9050728e-01  -2.3271147e-01  -5.6887239e-01   2.4180860e-01   1.7088286e-01   1.3334022e-03  -2.2203730e-01   5.0449620e-02  -1.9681651e-02  -4.1374522e-01  -9.9267240e-03  -1.6859231e-01  -4.8033434e-02  -4.3643057e-01  -3.4059192e-01  -1.2519353e-01  -3.3110442e-01   2.0888532e-01  -1.3728930e-01  -2.4689887e-01   4.4729172e-01  -3.4437596e-01   3.0140754e-01   1.9338344e-01  -2.5109102e-01  -1.9087560e-01   4.8191248e-01  -3.5636673e-01  -4.0130655e-01  -5.0247412e-01   8.3466341e-02  -1.0993542e-02   1.7508599e-01  -6.0522611e-02   1.9348564e-01   7.1146326e-01  -3.8003026e-02   7.1511864e-01   4.9039666e-01  -3.9053117e-01   2.1212757e-01  -3.1276343e-01   1.0655168e-01   1.8588126e-01  -4.6020734e-01  -1.1155412e-01  -1.5196982e-01  -2.7475673e-01   8.6795431e-02  -3.2824220e-01  -1.9971986e-01   5.3456971e-01   8.9473321e-02   1.4059377e-01   4.4708371e-01   3.7478408e-01  -1.9500355e-01  -3.0639104e-01   3.7674488e-01   3.1611575e-01  -3.0717575e-01  -1.8720519e-01   8.1896017e-02   1.1675917e-01  -2.9309384e-01   2.5899454e-01
   3.8778153e-01  -1.0917322e-01  -1.0035108e-01   5.0196570e-01  -2.6381464e-01   4.4076625e-01   4.1219456e-02   0.0000000e+00  -9.4878635e-02  -3.4807246e-01   2.5515794e-01  -3.3805486e-02  -2.1640268e-01   2.6446573e-01   4.1152222e-01   1.9742884e-01  -1.6888866e-01   5.4358882e-01   1.7163905e-02  -3.5036183e-01   5.7472817e-01   5.1770464e-01   3.0751822e-01   9.9039033e-02  -1.3294255e-01   2.7883637e-01   1.7696279e-01  -4.3864628e-02  -2.4765923e-01   3.5229417e-01   3.2992432e-01   4.1912479e-01   2.3195702e-01   2.7950779e-02   3.5098281e-01   1.8369413e-01   6.9163309e-02  -5.5120788e-02   2.8093236e-01  -2.1552194e-01   4.8527802e-01   2.3412462e-01  -4.7291954e-02   4.1006156e-01   1.8623135e-01   2.0351670e-01   2.3063553e-01  -4.0352197e-02  -4.0000706e-01  -1.1919412e-01   2.9274991e-01   7.2631576e-01  -4.0154996e-02  -5.3435726e-02   2.1320770e-01   2.5105935e-01   2.9407827e-01   4.2094017e-01   4.3011526e-01   2.7583441e-01   2.3824560e-01  -4.1630364e-01  -1.5815801e-02   9.2278462e-02   2.3376106e-01   1.5205323e-01   4.3850157e-01   2.0130204e-01   4.4525214e-01  -9.3017522e-02  -1.0400168e-02   4.8491876e-01   1.1519370e-01   4.3271510e-02  -1.6908937e-01   3.1305997e-01   2.6392662e-01   1.8709591e-01  -2.7296817e-03   1.2292550e-01   1.7328929e-01   1.2238713e-01   1.3609402e-01   6.8707527e-01   1.6608558e-01   3.2216573e-01   9.3313927e-02   1.8778149e-01  -8.4796152e-02  -6.5756765e-02  -3.1744221e-02   1.7631266e-01   3.0814378e-01   2.4531012e-01   1.5214520e-01  -5.5401619e-01  -2.9673470e-01   3.1626825e-01   1.5534522e-01   4.5960957e-01  -2.0937830e-02   3.1726755e-01   4.7342303e-01   2.9364264e-01   4.3838346e-01   3.8918408e-01  -6.4870139e-03   3.5974540e-01  -2.1414420e-01   9.5175059e-02   8.0516030e-02   1.4520227e-01   4.3362719e-01   1.9188814e-01  -2.5891901e-01   1.0867666e-01   5.0846142e-01   3.9182518e-01  -5.9704810e-02   4.8287753e-01   1.4016345e-01  -6.7355036e-02   1.8722002e-01   1.1273257e-01  -5.1848471e-02   3.5438512e-01   2.0629526e-01   1.1039029e-01   5.5344766e-01  -3.1261745e-01   3.1223215e-01   2.4662924e-01   4.8088879e-01   4.1181371e-02   4.6559416e-01   6.2585629e-01  -1.3659101e-01   6.1087697e-02   5.7069455e-01   1.3221207e-01   1.4452211e-01  -1.7915092e-01   2.9022898e-01  -2.8847512e-01   4.6833720e-01   4.5305888e-01  -2.0048241e-01   1.9247504e-01   1.1629236e-01   2.8592635e-01  -4.2593097e-02   5.0483731e-01   2.0701423e-01  -3.7370271e-02  -2.5055049e-01   3.7684301e-02   2.3252580e-01   3.6565082e-01   2.2401687e-01   4.8401105e-01  -2.4741325e-01   1.0779180e-01   9.9169799e-02   5.9867094e-01   1.4697325e-01   1.8509058e-01   6.5870171e-02   2.1283626e-01   1.8679338e-01   7.8569178e-02   2.6272641e-01   1.8731233e-03   4.4322190e-01   4.7621225e-02  -2.6233389e-01  -2.6759884e-02   6.0262192e-01
  -3.8131255e-01   7.8875345e-01   1.8041050e-01  -1.4527664e-02   3.6162858e-01  -2.3703469e-01   3.7879692e-01  -9.4878635e-02   0.0000000e+00  -1.8979942e-01   9.7407065e-02   6.1344150e-01  -2.7182775e-01  -5.1747127e-01  -3.2167948e-01  -2.6146829e-01   2.5125287e-01   1.9095416e-02   1.0361670e-01   2.1481814e-01  -1.4872333e-01  -2.5422165e-01   4.8822777e-02  -4.3042606e-01  -1.3249122e-01  -9.7192114e-02   3.5610085e-01  -3.0710865e-01  -2.0144889e-01   1.2081930e-01   9.8650941e-02  -5.3936944e-02  -2.8652864e-02   4.8705359e-01   3.3893722e-01   1.9694116e-01  -6.9493504e-03  -2.4742131e-01  -2.4849817e-01   6.2546195e-01   2.2337051e-01  -1.1425123e-01   7.0362367e-01  -7.1987682e-03   2.9439353e-01  -2.2569598e-01  -2.0503743e-01   7.0555119e-01  -3.1901900e-01   5.0626453e-01   5.7182359e-02  -1.4684184e-01   7.5523978e-01  -2.5018717e-01  -3.6189744e-01  -2.8440686e-01  -3.3331439e-01  -1.7385034e-01   1.3078686e-01   2.2491942e-01  -2.4113716e-01  -3.3831020e-01   6.7704223e-01   5.8741061e-01   5.3701976e-01  -4.0917396e-02  -9.2574168e-02   1.5592900e-01  -1.2841991e-01  -2.6134711e-01   6.7679773e-01  -1.8348402e-01   1.3595971e-01  -3.5301757e-01   8.0210853e-02   2.7110495e-01  -4.3614976e-02   3.9737230e-02   5.0846393e-01   1.8717408e-01  -8.3962058e-02   3.9480136e-02   5.9866550e-01  -9.2467094e-02  -3.2181332e-01   5.8598733e-02   3.7937332e-01  -3.0152418e-01   1.6277597e-01  -2.7522286e-01   3.7811227e-01  -2.1817388e-01   3.3260176e-01   4.9813053e-01  -2.4034636e-01  -3.7806102e-02  -2.8513228e-01   2.4265979e-01   2.1837095e-01   1.0586280e-01   1.0515520e-01  -1.5693180e-01  -3.6031142e-01   6.1047495e-01   3.3244800e-02   4.1957348e-02  -7.9582559e-02   6.1068166e-02  -2.4337194e-01   1.8159371e-01   2.0144994e-01  -2.5705378e-01   6.5595911e-02  -3.9514294e-01  -1.1002949e-01   5.7895239e-01  -7.6366911e-02   7.2490455e-02  -1.6561450e-01   2.0983584e-02  -4.0459562e-01   4.2820001e-01   1.5191861e-01   4.1502965e-01  -2.3581103e-01  -2.4541677e-01   2.6113340e-01  -9.4669536e-02   1.8327827e-01   2.1395274e-01   8.2216292e-02   5.4038533e-01  -3.0950660e-01   4.8210282e-01   2.1746515e-01  -1.5735107e-01   8.6513093e-02   5.0354697e-01  -2.8532115e-01  -3.3653582e-01  -3.7051362e-01  -2.1033379e-01   1.9866527e-02  -2.2483111e-01  -1.2617925e-01   2.4703828e-01   2.9443934e-01  -1.3870929e-01   2.4555513e-01   4.4316249e-01  -4.4613890e-01  -9.9790742e-02  -3.7790200e-01   4.6581651e-01   5.0403095e-01  -3.6815116e-01  -2.2267162e-01   1.6644395e-01  -1.8902314e-01  -3.0925412e-01  -2.2811076e-01   8.4230290e-02   7.9092199e-02  -5.0166788e-02   4.0515031e-02   5.3564365e-01   4.6632842e-01  -2.2300763e-01  -4.7292459e-01   4.8749278e-01   4.1965865e-01  -1.7590750e-01   1.0911434e-01  -2.3718724e-01  -2.9983029e-02  -1.8432415e-01   8.7749738e-02
  -2.6932040e-01  -1.5535701e-01  -2.1862028e-01  -2.4000523e-01   1.4808540e-01  -8.1492169e-02   2.3480271e-01  -3.4807246e-01  -1.8979942e-01   0.0000000e+00  -3.3136581e-01  -2.5725576e-01   3.7127491e-01  -2.3068520e-01  -4.0850942e-01  -1.7887393e-01  -1.9069416e-01  -2.9468951e-01   6.7129436e-02   3.1233989e-01  -7.1896404e-02  -1.2392012e-01  -8.4597263e-02  -3.4441596e-01  -2.9104550e-02  -1.5170812e-01  -8.8740065e-03  -1.9625046e-01   4.1106010e-01  -2.0401689e-01  -4.1132157e-01  -2.1533016e-01  -1.2682896e-01  -9.0870625e-02  -2.9359476e-01   4.1256615e-02   5.9162314e-02  -3.1695615e-01  -2.6256898e-01   3.7632280e-02  -3.0900839e-01  -2.2984327e-01  -1.5837849e-02  -1.8258287e-01  -4.9000359e-01  -1.0150756e-01  -7.3532483e-02   1.7843103e-01   4.2831972e-01  -1.5153637e-01  -3.6418357e-01  -4.0457708e-01   7.4498942e-02  -6.6971670e-03  -2.2486807e-01  -3.3450903e-01  -2.8179259e-02  -2.9776368e-01  -3.7381103e-01  -3.1438915e-01  -3.8944131e-02   5.2573938e-01  -1.9836834e-01  -1.1573066e-01  -3.6334587e-01  -6.1244696e-03  -9.0900102e-02  -2.1881602e-01  -1.5385191e-01  -1.0462611e-01  -4.5356357e-02  -2.1171218e-01  -2.9000564e-01  -3.4883746e-01   4.4416149e-02  -4.2651272e-01  -2.2198910e-01  -2.3379360e-01  -3.1244633e-01  -7.1940863e-02  -2.9674824e-02  -2.1709874e-01  -3.4665025e-02  -4.9075660e-01  -3.0848832e-01  -4.3158422e-01  -2.0773497e-01  -3.7419583e-01  -2.2488865e-02  -3.8621111e-01  -2.3686479e-01  -1.9015109e-01  -7.8738423e-02  -8.6864121e-02  -1.8178110e-01   5.8781368e-01   4.8463503e-01  -2.0958802e-01  -1.8948523e-01  -2.9215014e-01  -2.9031503e-01  -3.4658576e-01  -2.3553167e-01  -1.7125771e-01  -3.0357186e-01   6.8697457e-03  -2.6268741e-01  -9.9058338e-02   5.3820907e-01   1.4199897e-01   1.8125856e-01  -3.2711213e-01  -2.4409250e-01  -3.6617353e-01   3.8919946e-02  -2.7011105e-01  -3.3920481e-01  -3.2190328e-01   1.1131395e-02  -1.9878492e-01  -2.4780622e-01  -5.6610219e-02   2.4398911e-02  -2.4138236e-01  -3.0544954e-01  -5.2592368e-01  -6.1429523e-01  -1.2791526e-01  -2.4056681e-01  -2.4140357e-02  -3.1642181e-01  -2.3943819e-01  -3.6433902e-01  -2.1873966e-01  -1.5073486e-01  -3.1768073e-01  -4.3061475e-02  -1.0866135e-01  -3.3434785e-01  -1.8097196e-01  -2.1700244e-01   2.6997505e-01  -7.4118054e-02   7.4208884e-02  -4.7587899e-01  -3.0555462e-01   2.6684936e-01  -9.1993498e-03   1.9786713e-01  -2.2654795e-01  -2.8141967e-01  -2.1042196e-01  -1.9893614e-01  -1.8364212e-01  -1.1465478e-01  -2.7896172e-01  -4.4605249e-02  -4.0373206e-01  -1.0445155e-01  -2.1190781e-01   1.7174631e-01  -1.5376044e-01   5.1198917e-01  -1.7308045e-01  -5.5526430e-02  -1.8115534e-01  -2.8209661e-03  -2.2713128e-01  -1.1791971e-01   8.6913462e-02  -2.8595634e-01  -2.5285312e-01  -2.6018372e-01   7.4743171e-03   3.7666725e-01   7.0615873e-02  -2.9029841e-01
   1.0144584e-01  -1.3232030e-01   2.8189929e-01   1.8755688e-01  -1.0916734e-01   3.8416228e-01  -1.5594641e-01   2.5515794e-01   9.7407065e-02  -3.3136581e-01   0.0000000e+00  -5.9429876e-02  -1.3020121e-01  -1.0873020e-03   5.0305638e-01   2.8444280e-01   6.0565985e-02   4.6636213e-01   9.8755561e-03  -2.1575003e-01   1.1740951e-01  -1.4210532e-02   7.6024528e-02   3.3988257e-02   4.3419230e-04   6.1292346e-02   7.2991807e-02   1.9953787e-01  -9.4894613e-02   1.2123767e-01   3.2301108e-01   1.8784612e-01   1.1851586e-01   3.2709558e-02   9.7739709e-02   1.8552063e-01   1.7638712e-01   5.1444623e-03   1.7308995e-01  -1.8138991e-01   4.8241602e-01   1.0044614e-01   7.3151927e-02   3.4357502e-01   4.1835289e-01   1.8986248e-01   5.1664181e-01  -1.7254805e-01  -2.6827732e-01  -1.4905530e-02   5.2321313e-01   1.7926140e-01  -1.6455483e-01  -1.9665473e-01  -3.8215772e-03   5.4326065e-01   1.7117324e-01   1.6278838e-01   5.4369450e-01   1.4780817e-01   2.2888394e-01  -2.2689977e-01  -6.1009688e-02   2.7789817e-01   1.2394821e-01   3.4922639e-02   2.2960220e-01   2.8311032e-01   4.1010680e-01   3.1154193e-01  -3.1956787e-01   2.9104834e-01   2.4644920e-01   1.8643906e-02  -1.5712336e-01   3.5344104e-01   2.0871592e-01   1.5967351e-01  -1.2355291e-01   3.5453549e-01   1.3310843e-01   2.8500285e-01   1.7021447e-02   2.5563479e-01   1.6088061e-01   3.0310408e-01  -1.6410763e-01   2.1364826e-01   1.2574266e-01   3.3104255e-02  -3.4579314e-02   3.1210906e-01  -3.6379001e-02   1.3653483e-01   3.1729608e-03  -3.4271905e-01  -1.8560622e-01   2.3693189e-01   4.0169880e-01   2.0690216e-02   5.3514624e-02   3.8020717e-01   2.5744678e-01  -3.0880279e-02   4.0686678e-01   1.4308426e-01  -1.6206850e-01   2.5482271e-01  -2.2336854e-01  -2.1318857e-01  -6.1996687e-02   2.1766398e-01   2.5829269e-01   1.2724244e-01  -1.7625569e-02  -1.5316862e-02   4.5143465e-01   4.8190979e-01   1.9426831e-02   1.4523345e-01   2.7055593e-01  -6.6490391e-02   8.8354740e-02   3.3771546e-01   1.5388732e-01   1.7523740e-01   2.1511023e-01  -1.2989437e-02   8.5217800e-02   1.1496360e-01   2.4426344e-01   2.8332117e-01   2.1033243e-01   9.2473176e-02   5.4501736e-02   4.4817138e-01   5.1789689e-02   2.5821315e-01   3.7535601e-01   1.3091332e-02   6.9242089e-02  -3.7236130e-01   5.4829576e-01  -2.9438875e-02   5.2829799e-01   3.9275809e-01  -3.3059908e-01   1.8165810e-01  -1.5894063e-01  -2.6359672e-02   9.9156352e-02   2.6315494e-01   2.5491339e-01   2.1881868e-01   6.8914382e-03   5.5421815e-02   3.9372578e-02   4.8852471e-01   1.7866259e-01   1.7160975e-01  -1.1933948e-01   6.1608200e-01  -8.6578938e-02   3.0864664e-01  -6.6374073e-02   2.1615537e-01   3.6254975e-01   1.9509164e-01   1.5450029e-01  -2.5133328e-01   1.6389623e-01  -2.4391511e-02   4.2627918e-01   8.0916585e-02  -1.7320111e-01   1.5697143e-01   1.5716685e-01
  -2.5437701e-01   6.4885349e-01   2.1804864e-01  -1.7470372e-02   1.0531986e-01  -8.2553944e-02   4.0252446e-01  -3.3805486e-02   6.1344150e-01  -2.5725576e-01  -5.9429876e-02   0.0000000e+00  -3.3119571e-01  -4.1342712e-01  -1.0065132e-01  -1.2582597e-01   1.2479110e-01  -7.5578102e-02   1.3260123e-01   8.5283992e-02  -4.8840737e-02  -1.1279519e-01   1.5098837e-01  -1.4031932e-01  -1.5427328e-01   1.1207611e-01   1.7353885e-01  -4.6398958e-02  -2.6631570e-01   1.5730350e-01   5.8146949e-02   5.6967166e-02   6.0781918e-02   6.4728432e-01   6.0462375e-01  -9.3769916e-03   1.4481264e-02  -1.2663134e-01  -2.2014382e-01   4.5399900e-01   4.8816169e-02  -3.0576362e-02   5.2130634e-01   3.5702339e-02   1.4014209e-01  -2.0327747e-01  -2.9368903e-01   5.4578706e-01  -3.8275541e-01   4.0937032e-01  -7.5141725e-02   1.3987368e-02   5.0434307e-01  -1.1721158e-01  -2.8611058e-01  -1.6462852e-01  -1.4213453e-01  -2.2337042e-02   6.8215511e-02   5.5076195e-01  -2.4615482e-01  -4.2106580e-01   4.4536522e-01   3.9419917e-01   3.4287197e-01  -6.8114250e-02  -1.1188550e-01   4.6233375e-02  -9.4835864e-02  -1.5057924e-01   6.9194296e-01  -1.3776858e-01   4.1472010e-02  -1.4009857e-02  -7.0247009e-02   2.0604956e-01  -6.1126342e-02   7.4533839e-02   4.4521776e-01  -2.8456240e-02   1.6767737e-01   1.5796883e-02   4.8069009e-01   6.3825783e-02  -1.8708589e-01   3.8980967e-02   2.4852092e-01  -1.0079562e-01  -4.5329418e-02  -4.7482180e-02   2.6474283e-01  -1.8477165e-01   6.2070603e-01   4.3485705e-01  -2.4826071e-01  -1.2194979e-01  -2.8830352e-01   1.2119250e-01  -2.6282221e-03   2.3874904e-01   1.5377923e-01   2.0072776e-01  -1.1172196e-01   3.2737954e-01   1.9659237e-01  -3.4834330e-02   3.2402198e-02   2.4002940e-02  -3.8904012e-01   3.1010590e-02   3.5164345e-01  -2.6425091e-02  -1.0404749e-02  -2.3904225e-01   1.4102519e-01   4.5792566e-01   9.8247398e-03  -2.2951807e-02   2.0679676e-03   6.4472315e-02  -3.0673063e-01   4.3692923e-01   6.6052128e-02   2.1968082e-01  -7.8289657e-02   3.7872408e-02   3.0231880e-01  -2.0401717e-01   1.2951943e-01   6.6606569e-02   1.2243099e-01   3.8957977e-01  -1.6533538e-01   4.1502045e-01   3.3072210e-02  -1.5236999e-01  -9.9624620e-03   4.5109732e-01  -1.8344399e-01  -2.9961491e-01  -3.3494074e-01  -1.9294019e-01  -6.5496131e-02   9.6054095e-02   8.9328750e-02   1.6740213e-01   5.3898233e-01  -1.7080865e-01   3.0128582e-01   5.1514592e-01  -1.6445851e-01   8.6542625e-02  -2.7842877e-01   2.2308836e-01   6.1492022e-01  -2.4717616e-01  -2.2241073e-01   1.3418285e-01  -2.4914591e-01  -1.0740223e-01  -2.4144361e-01   3.3268186e-02  -8.9004495e-02   5.0766593e-02   2.2135839e-01   5.7231038e-01   4.4767538e-01  -1.2300413e-01  -4.4843630e-01   3.4779198e-01   4.6298842e-01  -1.3857407e-01   7.6252874e-04   3.6252916e-02  -3.7129432e-02  -2.6394162e-01   1.1213739e-01
  -4.7967671e-03  -3.4561315e-01  -2.8399765e-01  -3.0705653e-01   4.0092762e-02  -2.4496862e-01  -6.7521032e-02  -2.1640268e-01  -2.7182775e-01   3.7127491e-01  -1.3020121e-01  -3.3119571e-01   0.0000000e+00  -4.7988279e-02  -2.0257751e-01  -1.9235215e-01  -2.8248040e-01  -3.1093866e-01  -3.9964450e-02   1.4190858e-01  -1.8390786e-01  -3.6975499e-02  -6.8475238e-02  -4.4591473e-02  -6.9874847e-02  -1.9088064e-01  -3.9681763e-01  -1.1175390e-01   7.5002319e-01  -2.8342617e-01  -3.8243974e-01  -2.8369278e-01  -2.2833663e-01  -2.1288355e-01  -2.9339394e-01  -2.0722812e-01  -1.3341492e-01  -3.4282176e-01   2.1714284e-02  -3.0384494e-01  -8.0070919e-02  -1.9795383e-01  -2.6355452e-01  -1.7927663e-01  -3.1334749e-01  -2.9105271e-01  -9.5344213e-02  -1.4122450e-01   7.4903017e-01  -3.0496461e-01  -2.2275791e-01  -1.2965908e-01  -1.1589596e-01  -2.7813694e-01   1.3467440e-01  -2.3953390e-01  -4.9339456e-02  -9.4328730e-02  -4.0810662e-01  -2.4753706e-01  -1.9073072e-01   7.1643302e-01  -3.6184229e-01  -2.5956300e-01  -5.5040543e-01   1.8834327e-03  -2.8786559e-01  -4.5707236e-01  -2.2083410e-02  -1.4563122e-01  -2.8023663e-01  -1.8071634e-01  -2.3330560e-02  -1.6648220e-01   6.3158060e-02  -2.5054156e-01  -4.5852535e-01  -6.8765184e-02  -2.6339772e-01  -1.0848587e-01  -9.2938991e-02   3.4902478e-02  -2.4006819e-01  -1.8944506e-01  -3.4315651e-01  -2.8874262e-01  -1.5526602e-01  -6.4660370e-02  -6.7323605e-02  -1.1838563e-01  -2.5865220e-01  -2.8922905e-01  -3.0893104e-01  -2.0023809e-01  -3.1468978e-01   4.0798097e-01   6.5386017e-01  -1.9482429e-01  -4.4766562e-01  -4.0710975e-01  -2.4566738e-01  -1.3313803e-01  -1.5991519e-02  -2.5085475e-01  -3.7538374e-01  -2.8245665e-01  -1.5671123e-01  -1.2593134e-01   2.2021688e-01  -5.2897538e-02  -1.4241769e-01  -5.4921124e-02  -3.6329010e-01  -1.1330949e-01  -9.1451247e-02  -3.2782283e-01  -1.4230373e-01   1.0576853e-01  -2.6559637e-01  -3.7672861e-01  -2.3097038e-01  -3.1545146e-01  -3.4466996e-01  -4.1864245e-01  -2.4406782e-01  -5.0420079e-02  -4.4206233e-01  -1.1056934e-02  -3.4054583e-01  -2.3092414e-01  -1.8892678e-01  -3.2830349e-01  -2.3327720e-02  -3.1523235e-01  -2.2368066e-01  -9.8895616e-02   9.1720134e-02  -1.7775622e-01  -8.1913844e-02  -1.0923049e-01  -1.7675861e-01   6.8858842e-01  -1.2163987e-01  -1.9707599e-01  -3.1410501e-01  -2.9123548e-01   7.9908114e-02   2.6234275e-02  -1.6282203e-01  -2.2951663e-01  -1.6028397e-01  -1.4644929e-01  -2.0518504e-01  -3.3824533e-01  -2.5135311e-01  -1.8861386e-01  -2.5398354e-01  -3.3369175e-01  -3.2595721e-01  -1.6147425e-01   2.6917602e-01  -3.0017807e-02   1.1634809e-01  -3.8065493e-01  -2.0954522e-01  -4.7469919e-01  -2.2596652e-01  -1.5623030e-01  -1.3875393e-01  -2.6081782e-01  -4.0425918e-01  -4.0102336e-01  -3.5748780e-01  -2.0819200e-01   2.4008150e-01   1.4735228e-01  -2.8921807e-01
   4.6834606e-01  -4.0639996e-01  -9.9527034e-03   1.8685705e-01  -2.4802027e-01   1.6165193e-01  -4.6964397e-01   2.6446573e-01  -5.1747127e-01  -2.3068520e-01  -1.0873020e-03  -4.1342712e-01  -4.7988279e-02   0.0000000e+00   2.9942181e-01   2.8112850e-01   1.1042584e-01   2.9005951e-02  -9.9326058e-02  -2.0524069e-01   1.3746893e-01   2.1814677e-01  -1.0388192e-01   4.6087746e-01   8.6549292e-02   6.8387246e-02  -1.9479740e-01   3.2568736e-01  -7.6046641e-02   9.3578293e-02   2.3078266e-01   1.0215991e-01   2.0190099e-01  -4.5507801e-01  -3.1268397e-01  -1.9686982e-01  -1.0872600e-01   5.0254570e-01   3.1131037e-01  -3.1052178e-01  -1.0569674e-01   2.2514651e-01  -5.5100049e-01   7.8487711e-02   1.4879447e-02   6.4533440e-02   5.9830291e-02  -6.0749263e-01   1.2823539e-01  -3.0901293e-02  -1.3101005e-01   3.1150814e-01  -5.4721908e-01   2.9010585e-01   6.4812598e-01   2.4572580e-01   2.0908836e-01   2.4478594e-01   4.6058983e-02  -3.4486813e-01   5.0658559e-02  -4.3739466e-03  -2.7339129e-01  -2.9508604e-01  -1.3678229e-01  -7.2888092e-02   2.1174437e-01  -1.1642073e-01   5.8178833e-02   4.2552018e-02  -3.9181398e-01   9.5284120e-02  -5.0002550e-02   4.5492836e-01   6.3284587e-02   1.0926173e-02   1.0880891e-01   1.5584462e-01  -2.0974525e-01  -3.0952641e-03  -5.1035404e-02  -4.8092942e-02  -4.5806627e-01   3.9262997e-01   5.8316287e-01   1.8365542e-01   1.4329465e-01   5.1894261e-01  -1.6659128e-01   3.3125796e-01  -4.8828364e-02   1.5280839e-01  -2.7443582e-01  -5.0277191e-01   4.1089074e-01  -1.3948159e-01  -8.7022619e-02   1.5926710e-02  -1.0169247e-01   5.4831085e-02   1.7909640e-01   9.2630662e-02   4.8928093e-01  -2.8028596e-01   6.6514407e-02  -1.6051188e-02   2.0032056e-01   6.5798744e-02   4.3381464e-02  -8.5490709e-02  -3.3920057e-01   3.3968488e-01   3.3487679e-02   5.4631054e-01  -1.4570611e-01  -2.2160428e-01   1.4419609e-01  -3.2062700e-03   2.1109949e-01   1.5462873e-01   3.2712006e-01  -1.9466432e-01  -1.6872790e-01  -1.2397566e-01   2.5652952e-01   4.4808082e-01   1.2794081e-01   3.6737348e-01  -5.5601583e-02  -6.5510322e-02   9.5479777e-02  -2.5690783e-01   4.6938364e-01  -1.4900072e-01  -7.9184751e-02   2.8959494e-01   1.3620692e-01  -3.2411270e-01   2.8499771e-01   4.6779691e-01   4.7060644e-01   4.2182221e-02  -2.7298679e-02  -9.9159228e-03   1.6092692e-01   2.8309005e-02  -4.4042700e-01  -4.4561677e-02  -2.9346865e-01  -2.5796691e-01   4.2371849e-01   1.4618277e-01   2.2750542e-01  -1.5825692e-01  -3.0636842e-01   4.7537024e-01   4.4132870e-02  -3.0412820e-02   1.8643898e-01   2.9490671e-01   7.7668306e-02   2.3791253e-02  -2.9930685e-01   5.1878264e-02  -4.1127139e-03  -3.3392827e-01  -4.0228799e-01   3.5124132e-01   3.1466837e-01  -1.5544037e-01  -3.5046333e-01   4.3777907e-01  -1.0991539e-01   2.2085322e-01  -9.6665860e-02   2.0817753e-01   6.4537506e-02
