   0.0000000e+00  -4.8960284e-02   2.4385608e-01  -5.7786422e-01   1.0397482e-01  -7.6491635e-02  -7.8362150e-02  -1.2234685e-01  -1.7552719e-01  -3.8331324e-01  -4.3428822e-01   1.6167676e-01   1.0603376e-01  -3.6659478e-01  -3.2006022e-01  -1.9956617e-01   8.1290502e-02  -3.8786185e-01  -3.3228830e-01   1.3616588e-02  -3.8690729e-01  -5.3362410e-01  -4.9332218e-01   2.9084935e-01  -2.2756948e-01  -2.6636610e-01  -1.6526746e-01  -4.6270605e-01   1.4461025e-01  -4.4637879e-01  -1.0067076e-01  -3.1837391e-01   1.8878763e-01  -4.2012457e-01  -4.3470490e-01  -7.0884662e-02  -2.1534127e-03   5.5072842e-01  -2.3745014e-01   7.0954753e-02  -1.7733496e-01   2.6191978e-01   2.7899397e-01  -9.7449192e-03  -1.1678357e-01   4.4365261e-01  -1.6098796e-01  -4.6842421e-02  -2.2474508e-01   7.6596167e-02  -2.3670424e-01  -3.6469466e-02  -2.6502853e-02   6.2494084e-02  -1.7431902e-01  -2.4014668e-01  -2.0367102e-01  -3.9358910e-01  -3.6674656e-01  -1.5818766e-01   3.4045639e-01  -2.1495617e-01  -1.5916231e-01  -2.4637187e-02  -2.6807209e-03  -3.8309916e-02  -3.9397164e-02   1.8409127e-01  -3.5101274e-01   2.7842890e-01   1.5200756e-01  -2.2064388e-01  -4.3812275e-01   7.0090310e-01   9.1835550e-02  -1.7108431e-01   4.4793577e-01   9.4983485e-02   1.5069819e-01  -2.1871730e-01  -4.4992868e-01  -5.3353730e-01  -1.3829339e-01  -5.5800629e-02   4.4079010e-01  -5.1685192e-02  -1.4624706e-01   1.8997800e-01  -1.6272655e-02   8.6703507e-01   1.3899470e-01   2.2292516e-01  -6.2580773e-02  -1.7528350e-01   5.0618130e-01   2.0089797e-02  -1.2084838e-01  -2.0494452e-01  -2.4414781e-01  -4.3563590e-01   3.3135530e-01  -1.9233130e-02  -4.9512100e-01  -2.6066746e-01  -4.6369327e-01  -4.3345234e-01   9.9983780e-02  -2.2009353e-02  -4.1884947e-01  -6.0037906e-02  -3.2002813e-01  -3.6794086e-01  -1.0203424e-01   8.7986448e-01   5.7011447e-02   1.1403597e-01  -2.1376579e-01  -2.7220639e-01   3.1449685e-02  -3.8297113e-01   6.5404777e-01   2.9873392e-02   9.3542734e-02  -2.9097022e-01   5.8524856e-01  -1.8755100e-01  -5.4244031e-01  -8.4284685e-03  -3.0119485e-01   5.0779825e-01  -1.8338682e-01  -2.3032073e-01   4.8847899e-02  -5.0527819e-01  -7.6148025e-02  -1.7584575e-01  -1.0186258e-01  -1.5591118e-01  -2.1654584e-01   2.9079021e-01   7.5390781e-01   3.1279381e-01   1.6174120e-02   2.1240105e-01  -5.6441069e-01  -4.7764884e-01   7.9323007e-02   7.1036431e-02  -1.2782226e-01  -2.6837577e-01   7.5813396e-01  -3.2810380e-01   6.0389298e-01  -9.9232142e-02   1.3965324e-01   5.6558627e-01   6.2999488e-01  -3.7609815e-01   1.9978317e-01  -6.0867236e-01   2.1071067e-01  -1.6922140e-01  -1.8698885e-01  -2.8834833e-01  -3.1296694e-01   3.2418634e-02  -3.6469233e-01   7.0163546e-01   4.4831595e-01   3.3633345e-02   1.8073609e-01   1.8249318e-01  -1.8905408e-01  -1.9072278e-01  -1.0060166e-01   2.3839681e-01  -3.3875616e-01
  -4.8960284e-02   0.0000000e+00   8.8397604e-03  -1.2380444e-01   5.9425675e-01  -2.2618653e-01   2.9740605e-02  -2.2293018e-01   2.6282842e-01   2.1199108e-01  -3.1519705e-01   7.0045883e-01  -5.5553377e-02  -3.2336300e-01  -1.2684945e-01  -1.9103994e-01   3.7320659e-02  -1.8566815e-01  -7.0376121e-02   4.3722069e-01  -3.5394258e-01  -2.2500812e-01  -4.7655752e-01  -3.8727215e-01   4.5830761e-02  -9.5807975e-02   7.5310939e-02  -4.7354331e-01  -3.1544337e-01  -7.8178511e-03  -5.5062339e-02  -2.4756297e-01  -1.7664177e-02  -2.6636182e-01   1.2285770e-01   2.3373701e-01   4.7599087e-01  -3.7240966e-01  -9.0920031e-02   1.1128794e-01  -9.0545080e-02  -1.4704600e-01   4.6789518e-01  -1.7467358e-01   3.8696779e-01  -3.6849052e-01  -3.6139357e-01   4.3353197e-01  -2.2857076e-02   1.8368786e-01  -3.7910825e-01  -5.2384519e-02   4.5585780e-01  -9.1735362e-03   2.4993987e-01  -3.3226249e-01   2.5889382e-02  -2.2469978e-01   3.7198735e-02  -1.3644520e-01  -2.7813838e-01  -4.8302309e-02   3.6638670e-01   9.6063289e-02   4.1867643e-01   2.0650466e-01   6.7155854e-02  -3.6149294e-02  -2.6915104e-01  -3.8068659e-01   7.0343520e-01  -1.7950923e-01  -9.0289340e-03  -1.3766751e-01   1.7360876e-01  -1.8806964e-01  -3.6636549e-01  -3.3951770e-02   6.8288472e-01   2.4924661e-01  -5.7955714e-01   8.7202523e-02   1.8177610e-01  -1.1202579e-01   2.5379620e-01  -2.8837665e-01   3.7342542e-01  -2.9574904e-01   3.6312709e-01   9.5548219e-03   6.1179187e-01  -1.6073100e-01  -2.9992686e-01   5.9978942e-02  -3.6182173e-01   4.5883107e-01  -9.7369757e-02  -2.7215675e-02  -6.9957619e-03  -1.5675270e-01  -4.4353669e-03  -1.1422356e-01  -4.1695132e-01   8.2042766e-02  -3.9117717e-01  -1.0856558e-01  -1.2552059e-02  -2.2515942e-02  -3.1557922e-01  -4.2589164e-01  -1.5315178e-01  -1.4634199e-01  -1.5683188e-01  -1.3218040e-01  -1.8623421e-01   7.0832900e-01   9.6364529e-02  -2.6733060e-02  -5.1788220e-01  -3.3023343e-01  -3.0589668e-01   5.2246132e-01   5.6417620e-01  -2.6780964e-02  -3.4977254e-01  -3.9732745e-01  -1.6981993e-01  -1.0108523e-02  -2.7127300e-01  -3.1627278e-01   2.6220201e-02   5.3920158e-01   2.9632775e-01  -3.8628705e-01  -1.7200418e-01  -2.4770409e-01   3.4211703e-01  -1.1313884e-01  -2.8893095e-01  -1.0356876e-02  -8.8961279e-02  -1.3226212e-01  -7.2701193e-02  -4.8733381e-01  -1.6000506e-01  -4.3157612e-01   4.3563291e-01   4.4233041e-01  -2.9905082e-01   2.1175645e-01  -1.2830973e-01  -3.4829443e-01  -2.0426336e-01   5.1293103e-01   5.9609583e-01  -8.2838826e-02  -1.7770418e-01   7.4077713e-02  -7.8174535e-02  -4.5385585e-01   2.3282289e-02  -1.8914931e-01   1.0784610e-01  -3.8337104e-02   9.3930288e-02   3.8477180e-01  -2.7501674e-01   7.5346788e-03   9.2980703e-02   1.6870655e-01   5.7944255e-01  -1.4737506e-01  -3.6547538e-03  -2.4210361e-01   1.0644844e-01   7.6938830e-02   1.0921644e-01
   2.4385608e-01   8.8397604e-03   0.0000000e+00  -1.6614129e-02   1.0515208e-01   4.2895493e-01   3.5326515e-02   5.7602354e-02   3.4963753e-02  -2.0911973e-01  -4.9622096e-01   2.9350608e-01   1.0533739e-01  -7.1077601e-02  -3.3997042e-01   5.8807348e-03   8.8802358e-01  -4.7796829e-01  -1.5913321e-01   1.9994261e-01  -2.2230169e-01  -1.0007542e-01  -2.8269185e-02  -3.0234595e-02  -8.0076776e-02  -1.5464699e-01   9.2065178e-02  -2.9173669e-01   1.6995155e-01  -1.6917945e-01  -3.6093185e-01   5.7898247e-02   2.3887854e-01  -5.6861540e-02  -6.2386566e-01   1.1846924e-01  -4.3197342e-01   2.1045046e-01  -1.1317571e-01   4.3667717e-01  -9.7273762e-02   3.7992224e-01   3.3076589e-01  -3.3312807e-01  -3.7817998e-01   3.6353578e-01  -7.7793127e-02  -1.5175560e-01  -1.2808737e-01   6.4998599e-01  -3.3017857e-01  -6.5674820e-02  -3.1831019e-01   6.1072531e-01  -2.8159694e-04  -2.8587412e-01   7.7238793e-02  -6.4048962e-02  -1.9853582e-01  -6.1055773e-02   4.2564463e-01  -2.0333123e-01   8.2441450e-02  -3.9688386e-01  -4.1787177e-01   1.8966400e-01   4.2695418e-01  -9.1610983e-02  -1.3525008e-01   5.6139045e-01   8.6831778e-02  -3.8180511e-01  -2.0420537e-01   3.7372267e-01   2.4724193e-01  -3.3687014e-02   3.3424711e-01  -1.1577347e-01   9.6905375e-02   1.9320715e-01  -2.8958408e-01  -3.3516048e-01  -1.5612257e-01  -2.2697931e-01   6.0904007e-01   2.9796733e-02  -3.1700936e-01   5.9514561e-02  -1.8129248e-01   5.6034119e-02   1.2319943e-01   7.0845573e-01   5.5762818e-01   6.5064567e-02   3.9205102e-01   3.4485081e-01   5.4040464e-02   8.3677569e-03  -4.2692408e-01  -1.4128664e-01   4.3585359e-02  -2.0846246e-01  -1.1458146e-01  -1.9725525e-02  -2.6231825e-01   5.7641706e-02   4.1883781e-01   5.5895128e-03  -1.9954607e-01  -2.5401534e-01   1.7590107e-01  -7.6667507e-02  -2.6520734e-01   2.0484914e-01   7.5354698e-02  -8.2205560e-02  -9.0334604e-02  -3.7002778e-02   8.4803215e-02   3.1540906e-02   2.5381730e-01   2.6835971e-01   1.7246658e-01  -1.2073989e-01   3.2787906e-01   1.6499797e-01  -1.7903605e-01   1.6687795e-01   4.1486961e-03   4.7480362e-01  -1.7407003e-01  -3.7396454e-01   4.2504921e-01  -2.7232064e-01  -2.9651424e-02  -3.6575890e-02   2.5456397e-01  -2.8756555e-01  -5.2990437e-02   1.0713519e-02   2.9447982e-01   2.9783946e-01  -8.4434698e-02   2.1380403e-02  -3.3315715e-01  -3.2863384e-01   4.5228717e-01  -1.6458064e-01   4.6334443e-02  -5.0119475e-01   4.5178915e-01  -4.6640392e-01   3.4901902e-01  -3.7627660e-01   4.3888841e-01   3.3610684e-02   3.6383156e-01   3.2913017e-02   4.8838432e-01  -2.3260002e-01   2.5502499e-02  -3.4654763e-01  -4.8605244e-02  -3.8233815e-01   1.7793750e-01   9.4720824e-02  -1.2024548e-01  -1.1082881e-02   3.8715674e-01   1.4930752e-01  -1.6820000e-02  -2.4712395e-02  -6.5513553e-01   2.3503915e-01   2.6670766e-01   5.0376492e-01   1.0755402e-01
  -5.7786422e-01  -1.2380444e-01  -1.6614129e-02   0.0000000e+00  -2.9320075e-01   3.2362478e-01   3.3149332e-02   2.6112829e-01   3.4708581e-01   1.0385134e-01   1.9167152e-01  -2.1944372e-01  -7.5782209e-02   5.7802383e-01  -1.1638916e-01   1.9813050e-01   8.1379450e-02   2.7038220e-01   2.5445498e-01  -2.4284612e-01   3.5985795e-01   7.0883910e-01   5.0070451e-01  -1.1189186e-01   2.3795733e-01  -6.8889944e-03   1.4280312e-01   1.4129784e-01  -1.1337761e-01   5.2998781e-01  -1.6518353e-01   5.6816829e-01   7.6435877e-02   1.9674563e-01   2.4320349e-01  -1.0541222e-01  -1.4050677e-01  -1.7663153e-01   1.8714616e-01  -9.8147338e-02   1.8457051e-01  -4.4303874e-02  -2.4558186e-01  -1.3011740e-01  -2.4188711e-01   9.3785395e-03   2.7779219e-01  -3.9327418e-02   2.1018129e-01  -6.1440511e-02   3.1399667e-01   4.0764266e-02  -3.7636334e-01  -4.5115378e-03   2.6216256e-01   3.1072143e-02   2.7612259e-02   6.8837452e-01   4.1668554e-01   4.3943121e-01   1.3603398e-01  -2.4805500e-02   1.4339200e-01  -2.7434328e-01  -2.7415245e-01  -6.8254306e-03   9.3192923e-02  -6.6143860e-02   4.6272344e-01   5.3524821e-02  -2.9134090e-01   4.9472753e-01   1.1884357e-01  -3.2742297e-01   8.0259755e-02   3.2531594e-01   1.1768817e-02  -2.2348082e-01  -3.6141218e-01   3.3464322e-01   2.0110028e-01   2.3102360e-01  -1.0557236e-01   3.4257763e-02  -2.0184045e-01   2.1533004e-01   1.0840191e-01  -8.1361499e-02  -3.8347933e-02  -5.2965434e-01  -1.8170474e-01   1.4258046e-01   2.1416473e-01   4.2446536e-01  -8.1455229e-02  -1.2646389e-01   2.5834199e-01   2.2355875e-01   7.5068600e-02   5.1588681e-01  -3.6001789e-01  -1.1111421e-01   5.8837710e-01   4.5129469e-01   4.8995870e-01   7.7295358e-01   1.5084614e-01   3.1599417e-02   1.2034962e-01   1.0878862e-01   2.1665424e-01   5.0613760e-01   3.7949347e-01  -4.9140840e-01  -2.4079617e-01  -3.7136830e-01   7.1803884e-02   1.9699156e-01  -2.1609641e-03   6.8500342e-01  -2.0227466e-01  -2.4391699e-01  -2.5365865e-01   1.2431740e-01  -1.0499348e-01   3.0783915e-01   3.1588056e-01   1.3496258e-01   6.6163328e-01  -1.7963192e-01   8.1463728e-03  -2.5242789e-01   2.1373411e-01   3.5037851e-01   3.9246436e-01   3.4974528e-01   2.4221218e-01  -1.0749269e-01   4.1015621e-01  -3.3337093e-01  -2.6292847e-01  -2.5496468e-01   2.8462141e-01  -1.3027609e-01   1.0865217e-01   3.2907063e-01  -1.5721477e-01  -3.9814912e-01   3.5701217e-01   3.4462102e-02  -3.6970844e-01   1.8167604e-01  -1.5141680e-01  -1.3382329e-01  -2.4679062e-01  -3.7288867e-01  -1.1073350e-01   5.2701410e-01   5.3891754e-02   5.3025049e-01  -6.1037842e-02   1.1372524e-01  -5.6818681e-02   2.7886760e-01   5.0508863e-01  -2.3504139e-01   1.7690465e-01  -4.7065095e-01  -1.3982991e-01  -1.6874848e-01  -3.3304786e-01  -1.7053964e-01  -3.8603704e-02   2.6990902e-01   2.4480586e-01   2.4193354e-02   6.2644688e-01
   1.0397482e-01   5.9425675e-01   1.0515208e-01  -2.9320075e-01   0.0000000e+00  -5.5197666e-02   1.0394241e-01  -3.8000610e-01   1.7067812e-02  -1.2911343e-01  -3.9946930e-01   5.3158442e-01   4.3340907e-02  -3.4691375e-01  -2.5383115e-01   1.1259424e-01   2.2929398e-02  -4.9644715e-01  -1.2623978e-01   8.8196762e-01  -2.9776982e-01  -3.9493431e-01  -2.9675378e-01  -2.2804330e-01  -1.0857234e-01  -1.0102112e-01   3.1645822e-01  -3.1023483e-01  -2.6744856e-01  -1.6119435e-01  -3.8111622e-01  -1.9513229e-01   2.9031741e-01  -1.6009514e-01  -9.1735362e-02   6.9576149e-01   3.2250044e-01  -2.7685337e-01   9.4026265e-02   2.4062061e-01  -1.9950727e-01   2.4682143e-02   3.8094099e-01  -1.9682018e-01   3.7402308e-01  -2.7750095e-01  -4.8135885e-02   2.0245139e-01  -1.0169999e-01   2.6777034e-01  -4.4763210e-01  -1.4690470e-01   1.3398467e-01   1.8280027e-01   1.1062749e-01  -1.4753881e-01   2.9771542e-02  -4.0412967e-01  -1.4418922e-01  -3.3075531e-01  -2.7484814e-01   4.1286744e-02   9.6093589e-02  -3.0487040e-01   9.8381142e-02   3.4687946e-01   1.6674737e-01  -1.2930178e-01  -2.8968530e-01  -3.0499208e-01   4.5463544e-01  -3.1890218e-01  -9.6318172e-02  -1.5924679e-02  -7.3027336e-02   9.7976640e-04  -3.9867183e-01   1.7676315e-01   8.4395900e-01   1.1442996e-01  -4.0257540e-01   4.4784517e-02  -3.0853115e-02  -1.0494317e-01   2.4568965e-01  -1.1041500e-01  -1.9165604e-02  -1.1115873e-01   1.0887583e-01   1.1596938e-02   5.0518518e-01  -9.0890993e-02   1.6619324e-01  -1.8376668e-01  -3.1764016e-01   7.9871062e-01  -9.8844111e-02  -6.7432352e-02  -6.9939431e-02   3.3730993e-02  -8.8386017e-02  -2.8439545e-01  -2.9828622e-01  -2.2419892e-01  -3.9857360e-01  -2.7982153e-01   1.2107864e-01  -1.2114282e-01  -1.5048701e-01  -3.2090648e-01   1.1976755e-01  -1.1688221e-01  -3.0153450e-01  -2.7158128e-02  -1.5366952e-01   8.0162358e-01   1.3371259e-01   6.5638893e-02  -4.0103665e-01  -3.0299522e-01  -2.5555735e-01   7.0250930e-01   3.2375493e-01  -1.6921656e-01  -2.5711621e-01  -1.2138999e-01  -1.1951759e-01  -1.0040866e-01  -3.1107947e-01  -3.3081048e-01   1.1228195e-02   6.1003638e-01   6.0237519e-02  -4.1576916e-01  -4.2430503e-01  -2.5298085e-01   1.8533630e-01  -4.5073314e-01  -2.6836208e-01  -4.9784616e-02   1.0784933e-01   1.1767479e-01  -8.3141536e-02  -3.3025050e-01  -1.9930587e-01  -4.5416475e-01   5.3659012e-01   4.6085932e-01  -1.6980365e-01  -1.8805729e-01  -1.6587678e-02  -3.0441292e-01  -1.1544483e-01   3.7008316e-01   5.6067638e-01  -1.3013429e-01  -1.0148514e-01   1.2173930e-02   9.4168837e-03  -3.2689665e-01   3.2188812e-02  -2.7728981e-01  -1.6228399e-01  -3.5677571e-01  -1.3016038e-01   8.3942918e-01   2.0427587e-02   6.1525129e-02   1.4554417e-01   2.6810136e-01   7.0571873e-01  -1.6276516e-01  -1.7083419e-01  -2.1687498e-01   7.9610128e-02   1.5578917e-01  -1.4339398e-01
  -7.6491635e-02  -2.2618653e-01   4.2895493e-01   3.2362478e-01  -5.5197666e-02   0.0000000e+00   6.6064665e-02   3.1150520e-01   2.1931779e-01  -1.1215242e-01   1.8540422e-02  -5.7591432e-02   6.0569723e-02   3.9140762e-01  -2.4739942e-01   4.0772846e-01   3.7887351e-01  -4.6567424e-02   3.8077135e-01  -2.2611212e-02   2.3387047e-01   4.8581117e-01   3.4073185e-01   7.1802921e-03   1.6310292e-01   1.8753726e-01   4.5351918e-01  -1.6477191e-02  -1.1846867e-01   3.7625814e-01  -4.0855090e-01   4.5897956e-01   2.1772855e-01   1.4729374e-01  -1.2484928e-01   6.9476680e-02  -2.8866256e-01   1.4098322e-01   2.2404502e-01   3.7567462e-01   6.4457719e-02   2.3758624e-01  -2.4856634e-03  -5.4962156e-02  -2.6167464e-01   4.4310859e-01   3.6231511e-01  -8.4718821e-02   1.3659748e-01   3.2775962e-02   2.3359783e-01   1.8832593e-01  -4.7402898e-01   1.1450680e-01   1.0061331e-01   1.3429647e-01   5.8285282e-01   4.2210465e-01   7.5633007e-02   3.5412265e-01   5.1041095e-01  -2.3421189e-03  -1.5859341e-01  -3.5076526e-01  -2.9537038e-01  -2.2303437e-02   7.6706444e-01  -1.6502522e-01   5.9988553e-01   6.5377438e-01  -3.2005572e-01   2.7264708e-01  -2.1004544e-02   9.9852062e-02  -1.4563629e-01   2.6037304e-01   3.6715430e-01   2.7903579e-02  -3.1916172e-01   9.9580075e-02   8.4370027e-02  -1.3934478e-01  -4.2021186e-01   9.0928974e-02   2.1219424e-03   1.7986041e-01  -8.5494382e-02  -9.2324936e-02  -3.0237909e-01  -2.7269812e-01  -2.5763425e-01   3.5983976e-01   4.1237167e-01   3.2564821e-01   3.1191655e-01  -1.3024798e-01   2.2567953e-01   4.4679068e-01   3.6724029e-02   1.9617864e-01  -4.7336009e-01   4.4077330e-02   1.5764965e-01   2.3301267e-01   2.8430801e-01   4.2304797e-01   7.3932618e-02   4.1507725e-01   4.8641992e-02   2.2375532e-01   1.0355620e-01   5.2119062e-01  -6.4123603e-03  -3.5853287e-02  -1.9634043e-01  -3.1029143e-01   9.0890449e-02   1.0645414e-01   9.6823627e-02   4.5689044e-01   2.3203332e-01  -2.0854388e-01  -2.6466745e-01  -1.7272960e-01   3.7665843e-01   3.6011841e-01   4.9883310e-02   1.3459418e-01   4.7357483e-01   4.8836470e-01  -2.0219816e-01  -2.6947177e-01   3.5057108e-01   4.8962429e-02   2.7740950e-01   2.8646357e-01   1.4282367e-01  -1.1785199e-01   3.0753731e-01  -2.4538702e-01   9.7442837e-02   5.8366250e-02   4.5965314e-01   1.2705625e-01  -2.0318015e-01  -1.1186904e-01  -2.4041018e-02  -2.6336710e-01   5.3927488e-01  -3.3986026e-01   1.1491642e-01  -2.5438531e-01   2.9636795e-01  -2.7493115e-01  -7.4582589e-02  -1.4676585e-01   3.9615097e-01   1.6362374e-01   2.7416538e-01   2.2491005e-01  -1.1093686e-01   1.7452304e-01  -2.1577936e-01   3.0521799e-02   5.5635350e-01  -8.0128327e-02   7.4837418e-02  -7.5628533e-02   1.9688501e-01  -2.2842190e-01  -1.7423456e-01  -3.1593562e-01  -1.5056770e-01   6.1177550e-01   1.9108308e-01   3.0620056e-01   4.7808995e-01
  -7.8362150e-02   2.9740605e-02   3.5326515e-02   3.3149332e-02   1.0394241e-01   6.6064665e-02   0.0000000e+00  -1.0701873e-01  -1.3777351e-01   3.7149250e-01   9.1266198e-02   2.6362754e-01  -1.3240088e-01  -1.9985247e-01   6.3575465e-02   1.3593264e-01  -5.7184578e-02  -3.5658802e-02  -1.2757662e-01   1.9744256e-01   2.3802915e-02  -1.2070481e-01   1.5013162e-01   4.6013852e-02   4.1616706e-02  -1.6464447e-01  -5.7811274e-02  -6.2006127e-02   1.4822859e-01  -3.6374001e-02  -4.4543122e-02  -1.7273329e-01   1.4121444e-01   6.8759604e-01   1.5519310e-01   2.4994352e-01   1.1321512e-01  -3.5268738e-01   8.8605710e-02  -2.8432147e-02  -1.3798106e-01   1.2665849e-01   3.0104215e-01  -6.1184969e-02   3.8420399e-02  -1.5975591e-01   3.7953326e-02   3.4660066e-01  -2.6812718e-01  -1.0016920e-01   1.0014306e-01  -1.5157905e-01   1.2994224e-01  -7.0899804e-02   1.3460550e-01   3.6190799e-01  -2.2744467e-01  -2.1480810e-01  -9.5008201e-02  -2.4671718e-01  -1.8472269e-01   9.0515499e-02  -1.9552767e-01  -2.4065696e-01  -1.7502569e-01   6.5290951e-01   9.0322929e-02   1.9809308e-01  -6.5590390e-02  -7.6674409e-02   4.7870399e-02  -1.4079208e-01  -7.0134788e-04  -1.1470761e-01   1.1554332e-01   1.0430365e-01  -2.4969985e-01   1.1339238e-01  -3.0132587e-02  -1.0201137e-01   1.4047909e-01   4.7636529e-02   6.8815125e-02  -1.0843124e-01   2.7541390e-02  -8.6912877e-03  -2.5089646e-01  -2.8295780e-01   3.2518949e-01  -2.1192431e-01  -1.4437808e-01  -2.0125826e-01   2.4723420e-01  -4.3580696e-02  -3.0817936e-01   1.6284825e-02   1.0837832e-01  -5.4494978e-02   2.2849949e-01  -3.6232954e-03  -3.3417080e-02  -9.2231685e-02  -4.8771231e-02  -2.2620826e-01  -7.2398607e-02   1.0965759e-02   1.4453319e-01  -8.0768102e-02   2.9492918e-01  -8.5818133e-02   5.1187687e-01   1.1788497e-01  -3.1851470e-02  -1.7803177e-01   2.0675239e-01  -4.8585605e-02   7.1013789e-02   2.7288695e-02  -1.3537585e-01  -1.1212238e-01  -1.5097396e-01  -4.4713295e-02   1.3955447e-01  -2.7870206e-01  -2.6531549e-01  -2.6389901e-01  -1.1048937e-01   1.4766774e-01  -3.8021925e-02  -6.9705354e-02  -6.3282521e-02   2.8819570e-01  -6.0054520e-02  -7.7888504e-03  -2.7294038e-01   1.1431853e-02  -1.4043955e-01   6.0434390e-02  -1.0040412e-01  -1.2162131e-01  -2.3082105e-01  -1.5691721e-01   4.2128928e-03   6.0242357e-02   5.4883337e-02  -6.6254312e-02   4.5349775e-01   1.7787328e-01   2.8772330e-02   5.7153469e-02  -1.0672141e-01  -9.9364868e-03  -1.1412033e-01   2.8005156e-02   2.2500443e-01  -8.6336905e-02  -8.7276888e-02   2.8374158e-03  -2.6440883e-01  -5.9665352e-02   8.6503649e-02   1.6067727e-02   3.8443129e-02  -1.8692655e-01  -8.8060106e-02   1.9182231e-01   2.5834823e-01  -1.2283372e-01   2.2808866e-01   3.3080749e-02   3.1622127e-01  -1.2870413e-01   9.2085089e-02   2.2649382e-01   4.3891445e-02  -1.5509544e-02  -2.0809479e-02
  -1.2234685e-01  -2.2293018e-01   5.7602354e-02   2.6112829e-01  -3.8000610e-01   3.1150520e-01  -1.0701873e-01   0.0000000e+00   3.5449112e-01   4.1338469e-02   8.1269092e-02  -2.0322035e-01   3.5328362e-02   1.7453419e-01   3.0202043e-02   6.4900214e-02   5.4975098e-02   1.9994013e-01   3.8668986e-01  -4.3375436e-01   1.1823657e-01   3.4344072e-01   1.1717433e-01   1.3471221e-01   7.9233221e-02   5.1665981e-01  -4.7120229e-02   1.2923465e-01   1.5533555e-01   1.2493603e-01  -1.6362393e-02   4.0034086e-01  -1.5080063e-01  -7.8965997e-02  -6.2443124e-02  -4.8256392e-01  -1.9062255e-01   2.7348536e-03  -3.7347282e-02   8.2074583e-03   1.5338474e-01   2.1514606e-01   1.5481493e-03   6.7164026e-02  -9.8223275e-02   2.4738925e-01  -7.8414479e-02  -2.9647066e-01   1.5080626e-01  -6.8193617e-02   1.8263707e-01   7.1585103e-01  -3.6139743e-01  -3.1335427e-02  -1.7302744e-01   1.0913205e-02   2.4037070e-01   5.5019733e-01   2.4809772e-01   5.4098528e-01   3.2837848e-01   3.4179390e-02   2.3506868e-01   4.2226248e-02  -5.4002904e-02  -1.5226243e-01   3.3562808e-01   6.2010326e-02   4.8499625e-01   3.1958021e-01  -2.3596694e-01   1.7943810e-01  -1.1946634e-02  -1.1549841e-01   4.1264244e-02   5.0605058e-01   3.4554451e-01   8.8170457e-02  -3.3781402e-01   2.8341441e-01   1.4508587e-01  -3.6780527e-02  -2.6298721e-01   4.6807737e-01  -2.4349630e-01   5.1444908e-01  -2.4382333e-03  -6.5843233e-02  -1.4746825e-01  -2.1330045e-01  -2.4247959e-01   1.9643649e-01  -1.2374536e-01   4.8470132e-01   1.3214989e-01  -3.8506406e-01   3.3160239e-01   4.3842817e-01   2.5038847e-02  -3.0139943e-02  -2.3343975e-01   2.8324894e-01   1.5389517e-01   5.4394629e-01   1.9665085e-01   3.8417463e-01  -3.0404436e-01   6.8282127e-01   7.1741753e-02   7.0311891e-02  -5.7262132e-02   8.1624994e-02   8.0019696e-02  -1.6817238e-01  -8.4159537e-02  -3.6992584e-01   3.1713519e-01   4.4119100e-03   5.1281875e-02   3.3729573e-01   1.1225038e-01  -3.5217438e-01  -3.9964004e-02  -1.4315363e-01   1.8008514e-01   2.4508534e-01  -3.2976201e-02   7.1179630e-02   5.0058534e-01   2.0135093e-01  -2.2087280e-02  -3.7101576e-01   1.8573655e-01   5.4315988e-02   5.3820341e-01   6.8163357e-01   2.1574041e-01   1.0458553e-01   6.4753116e-01  -3.1254868e-01  -1.1631465e-01   1.8207198e-03   4.0064299e-01  -1.2272564e-01   1.3165246e-02   1.9369370e-02  -2.2658666e-01  -2.7086535e-01   1.0078260e-01   1.3546175e-02  -1.1617789e-01  -3.9453106e-02   6.5712658e-02  -2.3500991e-01  -2.0819312e-01  -1.8292141e-01   6.4379380e-02   2.1149450e-01   2.7304680e-01   2.7454681e-01   2.5682003e-01   3.1239258e-01   9.7845946e-03   1.8709502e-01   4.1460696e-01  -4.1708996e-01  -1.7469503e-01  -4.7825495e-02  -1.1140836e-01  -3.1122710e-01  -2.5448764e-01  -2.2903133e-01  -9.6891485e-02   1.3784714e-01   3.8246662e-03   4.6441529e-01   4.1292591e-01
  -1.7552719e-01   2.6282842e-01   3.4963753e-02   3.4708581e-01   1.7067812e-02   2.1931779e-01  -1.3777351e-01   3.5449112e-01   0.0000000e+00   3.1511554e-02  -1.3998016e-01   9.8428895e-02   5.9631829e-02   1.5279256e-01  -8.9021025e-02  -4.5752755e-03  -3.1491235e-02  -2.0585281e-02   1.5261395e-01  -3.7981570e-02  -4.6861707e-02   2.7252328e-01  -1.9569607e-02  -8.4927393e-02   2.0901168e-01   3.3235698e-01   1.5176453e-01  -2.4145839e-01  -3.1580908e-01   1.8802640e-01  -2.3595510e-01   2.0606046e-01   3.0038884e-02  -1.6240490e-01   2.1537313e-01  -6.8808346e-02  -1.6991580e-02   3.1352239e-02  -6.1325311e-02  -2.2633685e-02   9.6561560e-02  -8.6777346e-02   2.3552948e-01  -1.0460057e-01   1.0526890e-01   2.2123874e-01  -9.6492235e-02   3.9128763e-02   9.3284026e-02  -9.2898025e-02   8.3210043e-02   4.5712696e-01  -1.3055777e-01  -8.3149168e-02   2.6663209e-02  -2.0996029e-01   3.0050477e-01   3.9252601e-01   1.8184992e-01   4.4171149e-01   3.8434016e-01   9.0277819e-02   6.1811900e-01  -1.2611652e-01   9.2850661e-02   4.9301282e-04   2.9595644e-01  -3.1707701e-01   2.9001413e-01   1.0586913e-01   2.6393353e-02   3.1004568e-01   5.6306552e-02  -1.9177496e-01   3.3498760e-02   1.7443353e-01   2.1579163e-01   2.0558246e-02   4.2809867e-02   4.5558814e-01  -1.8249209e-01  -3.8274212e-02  -2.6169849e-01   2.2744960e-01  -1.8173345e-01   7.8927382e-02   3.0083864e-01  -1.2371838e-01   1.1370405e-01  -1.5520331e-01   4.9783187e-02   7.4427558e-02  -1.2411944e-01   6.7990129e-01   1.7602861e-01  -5.1455108e-02   9.4621207e-02   2.8555058e-01   5.5659844e-02   2.5445996e-02  -4.4327890e-01   2.1422790e-02   1.0588061e-01   5.9693282e-01   7.5863896e-02   2.4150289e-01  -1.1451599e-01   3.5257282e-01  -1.5366957e-01  -9.6525198e-02  -1.9789454e-01   1.3688257e-01   1.3899153e-01  -2.2995873e-01  -4.3455622e-01   1.1450028e-02   2.5050870e-01   1.0637943e-01  -3.8730814e-01   5.3570858e-02   1.1177210e-01  -3.3998023e-02   1.2127835e-01  -2.6936416e-01   1.4233248e-01   1.5574257e-01  -7.9080198e-02  -1.7438774e-02   3.1872604e-01  -2.0746383e-02  -8.7712276e-02  -2.7167438e-02   2.5718548e-01  -1.6281788e-01   5.7720083e-01   3.2084787e-01   3.9851865e-01  -2.5701559e-01   4.0848074e-01  -4.3309042e-01  -4.0827775e-02  -1.0371328e-01   2.2483282e-01  -2.7974204e-01  -9.5358645e-02  -2.7931601e-01  -5.4017601e-02  -5.6959136e-02   9.4730106e-02   2.4181630e-03  -1.5120870e-01  -1.6915928e-01   1.2522871e-01   1.4402554e-01   7.7851945e-02  -1.9534417e-01   2.3894152e-01   2.4431919e-01   3.5531902e-01   1.4737947e-01  -7.7457760e-02   2.9455514e-02  -7.6476169e-02   1.2029299e-01   4.7290133e-01  -1.2593816e-01  -1.6942917e-01  -2.3522368e-01   8.7696675e-02  -1.7563206e-01   6.5014900e-02  -2.3561946e-01  -5.8105551e-02   3.3271438e-02   3.1407627e-01   2.5313696e-01   4.7761690e-01
  -3.8331324e-01   2.1199108e-01  -2.0911973e-01   1.0385134e-01  -1.2911343e-01  -1.1215242e-01   3.7149250e-01   4.1338469e-02   3.1511554e-02   0.0000000e+00   4.0726692e-01   4.8651288e-02  -2.0031551e-01  -1.2554078e-01   5.8133812e-01   1.7959143e-01  -1.3325024e-01   3.5128898e-01   2.9181928e-02  -2.9812599e-02   2.9268051e-02   8.9088919e-02   1.4114695e-02  -2.8964344e-01   1.0999658e-01  -4.6713028e-02   4.7744591e-02   1.3959359e-01   1.4720423e-02   1.2240712e-03   4.5454069e-01  -1.4144050e-01  -1.6510502e-01   4.0586614e-01   2.6515427e-01   2.7235921e-02   1.7626804e-01  -5.1814368e-01   2.2359586e-01  -9.1258529e-03   9.7867389e-02  -1.8819420e-01   1.3518412e-01   1.8034460e-01   3.7570919e-01  -5.1234436e-01  -4.2206329e-02   1.5955436e-01  -6.7865156e-02  -1.2377499e-01   2.3295363e-01  -1.4028190e-01   3.9452308e-01  -2.0789228e-01   1.5721489e-01   2.3993868e-01  -1.5315618e-01  -4.2310201e-02   1.3548875e-01  -1.7954915e-01  -3.7969657e-01   3.6487304e-01  -1.8226162e-04   3.2430350e-01   4.3630166e-02   3.4891801e-01  -1.5740189e-02   1.6904368e-01   2.1553324e-01  -3.4196883e-01   2.1377939e-01   4.7387137e-02   3.5420361e-01  -4.8564781e-01   1.9524329e-01   6.1551613e-03  -4.2773187e-01  -4.0557489e-02  -7.4073724e-02   5.2227165e-02   2.1286268e-01   3.5136748e-01   1.8535214e-01  -4.2378911e-02  -2.7858391e-01  -1.5296217e-01  -1.0323466e-01  -3.5043106e-01   3.6009522e-01  -2.9390859e-01  -1.0472551e-01  -4.6457759e-01  -2.7007119e-01  -9.2417899e-03  -4.5888307e-01  -8.5186950e-02   2.2783724e-01  -4.2541180e-02   3.7276897e-01   7.7476743e-03   7.9080800e-02   2.8579901e-01   1.1081947e-01   9.6679829e-03   2.0221064e-02   1.7563657e-01  -1.9949723e-01   6.3792609e-03   2.9814537e-01  -1.8169123e-01   7.7480752e-02  -5.0071354e-02   1.1151103e-01  -3.6068455e-01   1.7995955e-01  -7.4601983e-02  -5.0250211e-02   1.2844872e-01   3.3212235e-02  -8.6225274e-02  -4.0681211e-01  -1.8833600e-01   2.7625315e-01   9.8731180e-02  -5.5187028e-01  -3.9424470e-01   1.6427623e-01   1.1566227e-01  -2.5577258e-02  -1.9748849e-01   2.0292380e-01   4.5011001e-01  -1.8962123e-01   1.0609578e-01  -9.5235499e-02   1.2034205e-01   4.7699680e-02   5.0677072e-01   9.9392284e-03   7.6694231e-02  -4.8132585e-01  -2.9588600e-01   2.7884848e-02  -1.1084928e-01   4.8820034e-01   2.2805426e-01   1.3156687e-01   6.4079509e-02  -1.8804229e-02   3.2327031e-01  -4.8018548e-01   1.9097918e-01  -4.1798986e-01   1.2033874e-01   2.7950310e-01  -1.3961917e-01  -4.0994016e-01   1.3656683e-01  -3.7913837e-01   8.9774544e-02   7.6505514e-02   1.3784533e-01   3.0734973e-01   1.1914994e-01   9.5821788e-02  -4.8585745e-02   2.0544825e-01  -1.7605667e-01  -2.4147179e-01  -6.6882752e-02   1.3250158e-01  -2.5498586e-01   1.9792577e-01   7.9617341e-02   3.2905188e-02  -1.6881161e-01   1.7460590e-01
  -4.3428822e-01  -3.1519705e-01  -4.9622096e-01   1.9167152e-01  -3.9946930e-01   1.8540422e-02   9.1266198e-02   8.1269092e-02  -1.3998016e-01   4.0726692e-01   0.0000000e+00  -4.9476988e-01  -6.2857111e-02   2.4623041e-01   4.8405719e-01   3.3526384e-01  -3.7728793e-01   8.1936580e-01   1.7279739e-01  -3.0726249e-01   4.5726556e-01   4.2338200e-01   3.6460926e-01  -1.4634464e-01   9.2634004e-02   1.3471525e-01   6.8355444e-02   3.9023318e-01   2.9324546e-02   3.1215476e-01   5.2730096e-01   1.7123819e-01  -3.2129155e-02   3.5580354e-01   3.2781020e-01  -5.8855293e-02   5.2009022e-02  -2.7432432e-01   5.0174742e-01  -1.7092738e-01   4.3012664e-01  -1.0522542e-01  -4.8339058e-01   3.0182156e-01   1.9675239e-01  -2.4282860e-01   5.2290777e-01   1.4781469e-02   1.9419589e-01  -4.8183764e-01   7.3252761e-01  -1.1115144e-01   2.8042664e-01  -4.2994170e-01   3.5708753e-02   4.8253432e-01  -2.1604429e-02   2.5625957e-01   3.9378058e-01   7.4620291e-02  -2.3713151e-01   2.6472327e-01  -1.6468656e-01   5.5208296e-01   2.3689160e-01  -1.9759774e-01  -1.2937423e-01   1.0716688e-01   4.3567221e-01  -1.0246177e-01  -3.3132384e-01   4.1032822e-01   4.6662145e-01  -4.5463805e-01  -1.5996039e-01   4.6918217e-02  -1.8317880e-01  -2.1313715e-02  -5.0382102e-01  -1.2803111e-01   5.5796088e-01   4.3471331e-01   9.5316816e-02   2.3755919e-02  -5.6477978e-01   2.9442637e-02   1.6267404e-01  -2.4274488e-01   2.4796873e-02  -3.1093033e-01  -5.2557025e-01  -3.9320889e-01  -1.2507125e-01   3.4771942e-02  -2.6462017e-01  -4.9056152e-01   8.8053793e-02   3.4324691e-02   5.5587759e-01   1.4453801e-01  -6.4571119e-02   3.8066901e-01   2.1448555e-01   9.5695789e-02   5.7078558e-01   2.4880215e-01  -2.9403287e-01  -3.8241298e-02   5.1762877e-01   6.1489923e-01  -7.1401031e-02   3.5501772e-01   1.9351930e-01  -3.1069387e-01   6.0815739e-02  -3.1700657e-01  -7.7978986e-02   2.8556592e-01   2.5592894e-01   2.5935237e-01  -2.6533767e-01  -5.5670628e-01  -3.0106075e-01   1.4221195e-01  -3.2059458e-01  -1.4564278e-01   3.3770370e-01  -8.8317832e-03   1.6475521e-01   1.1923983e-02   3.7139021e-01   1.8849494e-01  -4.4386983e-01   4.8063090e-01   9.7215780e-02   1.8995129e-01  -2.3386006e-01   6.2595131e-01   1.4992471e-01   2.6791868e-02  -4.8836124e-01  -2.2854174e-01   2.3217978e-01   1.8993895e-01   4.1823914e-01   6.0358304e-01  -4.9589410e-01   8.5873295e-02   3.8552385e-01   2.4313973e-01  -4.5098628e-01   3.6630125e-01  -3.6240160e-01   2.3961445e-01  -4.4413038e-01  -1.6376955e-01  -2.9855006e-01   1.5761026e-01  -2.6560682e-01   3.6756403e-01   2.7520317e-02   6.1516444e-01   2.7448110e-01   6.1810690e-01   8.0563453e-02  -2.4258689e-01   3.0141328e-01  -2.4891641e-01  -3.7519127e-01  -2.0684086e-01  -3.3479037e-01  -2.3135927e-01   7.2653534e-01   1.3502710e-01  -1.0876106e-01  -3.1834669e-01   8.3778912e-02
   1.6167676e-01   7.0045883e-01   2.9350608e-01  -2.1944372e-01   5.3158442e-01  -5.7591432e-02   2.6362754e-01  -2.0322035e-01   9.8428895e-02   4.8651288e-02  -4.9476988e-01   0.0000000e+00  -2.4221406e-02  -4.6270429e-01  -2.2327367e-01  -9.0233016e-02   1.7943373e-01  -3.7873592e-01  -2.5057999e-01   5.2931587e-01  -5.0814735e-01  -3.9404890e-01  -5.1162864e-01  -3.1028123e-01   6.3833397e-02  -2.2421609e-01  -1.6291671e-02  -5.1974073e-01  -1.8128613e-01  -1.7666270e-01  -2.8239292e-01  -2.4618751e-01  -1.2566680e-02  -1.3120486e-01  -5.0172016e-03   2.4128357e-01   2.4029886e-01  -2.5652581e-01  -1.8229867e-01   1.0577716e-01  -2.3046207e-01  -1.3034549e-02   7.4432870e-01  -1.7200993e-01   3.6461741e-01  -2.1259627e-01  -4.3004833e-01   1.9364602e-01  -1.4827589e-01   3.1281416e-01  -4.8743965e-01  -1.0775016e-01   1.7680599e-01   2.7465100e-01   3.0401959e-01  -2.5063858e-01  -8.7776791e-03  -3.5734134e-01  -1.7519766e-01  -2.1255906e-01  -1.9588456e-01  -5.3367183e-02   2.1092353e-01  -1.6704967e-01   2.0874997e-01   3.3786459e-01   1.0089139e-01  -1.0738302e-01  -3.4185808e-01  -1.3207025e-01   5.2694836e-01  -3.8556159e-01  -7.7732386e-02   2.1795701e-01   2.8113981e-01  -1.7705690e-01  -2.8781897e-01   1.0013281e-01   6.6922512e-01   1.9798150e-01  -6.4363828e-01  -4.9285930e-02   7.3890052e-02  -1.9955391e-01   4.6019234e-01  -2.1762244e-01   2.3945843e-02  -1.1477665e-01   3.2784552e-01   8.8080026e-02   4.9581626e-01  -3.2871739e-02  -6.1292513e-02   2.5422008e-02  -2.5042667e-01   4.9960073e-01  -9.3333614e-02  -1.2479445e-01  -2.0311745e-01  -2.9798629e-01   8.2646468e-02  -2.1815148e-01  -4.6977052e-01  -1.9892645e-01  -4.5081321e-01  -2.1300286e-01   1.8817726e-01  -8.4847569e-02  -3.8013201e-01  -4.6532858e-01   6.6583797e-02  -1.5380798e-01  -1.4290393e-01   5.2240815e-02   7.2869404e-02   5.0225301e-01   8.2235499e-02  -5.6125495e-02  -4.2645297e-01  -3.6879736e-01  -1.2212188e-01   6.1846458e-01   6.9767661e-01  -1.6694731e-01  -1.8987747e-01  -3.0474051e-01  -1.9927588e-01  -1.4033241e-02  -3.1660139e-01  -1.3083678e-01  -7.8533377e-02   3.0413707e-01   4.3992875e-01  -5.2601269e-01  -2.4132940e-01  -2.6517342e-01   2.8420139e-01  -3.5737659e-01  -3.0879888e-01   3.3647405e-02   3.0641380e-02   6.2480112e-02  -6.1803716e-02  -2.1693708e-01  -2.5585284e-01  -5.5890200e-01   6.7247792e-01   1.7736739e-01  -3.0488970e-01  -1.1689382e-01   2.2499181e-01  -5.4026676e-01  -2.0102470e-02   2.1945076e-01   7.0008157e-01  -1.4979499e-02   1.0004178e-02  -6.2238611e-02  -1.1232809e-01  -5.8349564e-01   1.1558562e-02  -1.6767726e-01  -1.5504941e-01  -2.6314998e-01   5.6945336e-02   4.6219419e-01  -1.1496109e-01   9.5590185e-02   3.6465819e-01   1.1433093e-01   7.0503242e-01  -1.8461074e-02  -2.3968756e-01  -3.5475912e-02   1.1883449e-01   1.5223389e-01   2.7624341e-02
   1.0603376e-01  -5.5553377e-02   1.0533739e-01  -7.5782209e-02   4.3340907e-02   6.0569723e-02  -1.3240088e-01   3.5328362e-02   5.9631829e-02  -2.0031551e-01  -6.2857111e-02  -2.4221406e-02   0.0000000e+00   1.2696426e-01  -1.6304301e-01  -5.0116945e-02  -2.3916733e-02  -5.9730830e-02  -1.2020852e-01   5.8876300e-02   1.8952916e-01   5.0841618e-02   2.0417948e-01  -9.4007750e-02  -1.3036952e-01  -6.1295642e-02   3.6904870e-02  -1.0801824e-01  -1.0961966e-01   1.6461548e-01  -1.8359631e-01  -1.6411037e-03  -1.5591432e-02  -1.8242722e-01  -3.1846276e-01   2.2434519e-01   5.8422011e-02   4.2025400e-02   3.7598764e-02   2.1106907e-01   4.8218197e-01   5.7687896e-02  -4.6370084e-02  -1.1964144e-01  -1.7297972e-01   1.8057652e-01   2.0569185e-01   5.6504603e-02   3.4303767e-01   5.3266591e-02   2.9014017e-02  -7.4802003e-02  -8.0426109e-02   1.3569811e-01  -1.5042843e-01  -2.9223700e-01  -5.6732624e-02   7.9251114e-02   2.4489715e-02   1.6562750e-01   1.9310345e-01   2.9606071e-01   8.2457270e-02  -1.7396352e-01  -9.5331370e-02  -1.5452017e-01   8.6992187e-02  -7.0005412e-02  -1.3161506e-01   1.2654398e-01   4.0087728e-02  -2.4763669e-02   1.9397582e-01   3.1366964e-03   4.0522388e-03   5.1555428e-02   1.5015318e-01  -1.2023799e-01   3.5978474e-02   2.7907075e-01  -1.3824835e-01   1.2400310e-01  -1.9462847e-01  -7.5045830e-02   5.5586289e-02   3.5370703e-02  -8.9788507e-02   6.6296418e-03  -2.8767275e-01  -3.2376785e-02   1.2192197e-01   2.1320180e-01   7.3266128e-02  -9.1129496e-02   5.8071793e-02   2.3517291e-02   1.5708515e-01  -5.4564124e-03   1.0725190e-01   1.1044053e-01  -1.2203041e-01  -1.0251748e-01  -2.2378610e-02   3.4087689e-02   5.2852322e-02   3.6799016e-02   2.4834524e-02  -4.4187324e-02   3.5499819e-02   8.0250458e-02  -5.0739240e-02   1.5905339e-01  -5.4630573e-04   2.6903935e-02  -2.3554154e-01   2.8491687e-02   1.5554666e-01   5.9353598e-01  -2.8925599e-03   1.6316187e-02   9.7163535e-02   6.4461749e-03  -8.9308241e-02   3.8981542e-02   1.8648031e-01   7.1987165e-02   9.4631581e-02   3.4769604e-01   1.8032843e-01   9.1556294e-02   3.8456978e-01  -1.0343144e-01   1.0026081e-01   1.8368806e-01   9.8056683e-02   1.3808046e-02   2.8551716e-02  -1.4728267e-01  -6.2146494e-02  -1.8667392e-01   4.7497868e-02   4.9575356e-01   1.7418185e-01  -2.5912231e-01   1.2708516e-02  -1.0789027e-01   8.9834438e-03  -1.7871372e-01   1.1783801e-01   4.6504142e-02   7.8359994e-02  -6.8171695e-02   2.4072726e-01  -5.4503385e-02  -9.0396571e-02  -1.7974140e-01   9.6597497e-02   1.6279460e-01   2.2013826e-01  -1.3408074e-01   4.9879175e-02  -6.9957568e-02  -7.0838771e-02  -1.9718109e-01   3.6324618e-02   8.7226575e-02  -1.2535402e-01   4.2762692e-02  -1.9694107e-02   5.9269724e-02  -2.8468274e-02  -2.5957546e-01  -1.5702501e-01  -5.8601018e-02   5.6794436e-02   2.3083038e-01  -1.1022227e-02
  -3.6659478e-01  -3.2336300e-01  -7.1077601e-02   5.7802383e-01  -3.4691375e-01   3.9140762e-01  -1.9985247e-01   1.7453419e-01   1.5279256e-01  -1.2554078e-01   2.4623041e-01  -4.6270429e-01   1.2696426e-01   0.0000000e+00  -1.3566114e-03   1.2015558e-01  -2.3271917e-03   2.0818174e-01   2.4975085e-01  -3.6410362e-01   4.1869526e-01   6.3934124e-01   5.4131990e-01   1.2179122e-01   1.1497986e-01   1.6047390e-01   1.4376321e-01   4.1743826e-01  -9.4354301e-02   5.5753228e-01  -1.2573608e-01   3.2512791e-01   8.4105889e-02   5.7252191e-02   2.6893033e-01  -1.8349073e-01  -3.1011966e-01   4.6376813e-02   1.4312980e-01  -4.4862364e-02   1.5281214e-01  -8.0432011e-02  -5.0809587e-01  -8.2246033e-02  -3.5643845e-01   1.9793380e-01   2.9534670e-01  -6.9454904e-02   2.2734204e-01  -2.5150329e-01   2.9717558e-01   5.0743758e-02  -3.5911441e-01  -1.5173282e-01   5.0090021e-02   8.3986313e-02   2.4959422e-01   5.0820273e-01   1.8391391e-01   4.4962003e-01   1.9769201e-01   3.0330204e-03   4.2322816e-02  -1.2950784e-01  -1.1969288e-01  -3.7985387e-01   9.8096365e-02  -2.3698687e-01   3.7142492e-01   2.3077124e-01  -4.4609135e-01   4.5542078e-01  -1.4701099e-02  -7.3117979e-02  -3.6758162e-01   1.2627076e-01   1.2867053e-01  -1.5405131e-01  -5.0290921e-01   5.7827189e-02   4.1472998e-01   1.6022774e-03  -1.2487922e-01   1.5237621e-01  -1.8063828e-01   4.6308521e-02   3.1565824e-01   2.1185462e-01  -1.8011395e-01  -3.5563755e-01  -3.2445614e-01   1.1390926e-01   2.1730440e-01   1.8121932e-01   1.0476827e-01  -3.5919198e-01   1.6993937e-01   2.0923460e-01   1.0169233e-01   4.8473628e-01  -2.0277414e-01   6.2995876e-02   6.2881659e-01   3.4090728e-01   4.7916926e-01   5.1029422e-01   9.1725489e-02   8.0251678e-02   1.7134820e-01   3.4550424e-01   9.2024509e-02   5.1155005e-01   2.1643931e-01  -2.7619529e-01  -7.5070587e-02  -4.1950990e-01   2.2821237e-02   1.7086721e-01   2.9203809e-01   5.9574703e-01  -7.2766109e-02  -3.8236544e-01  -4.9638924e-01   1.9108083e-01   1.1013996e-01   5.8415060e-01   3.5920179e-01   1.1309189e-01   4.5904550e-01   6.7950063e-02  -9.7775021e-02  -3.4779505e-01   2.6710975e-01   4.6994463e-01   3.0512901e-01   1.5192252e-01  -1.0488446e-01  -4.4290862e-02   2.4950805e-01  -2.3836614e-01  -9.5584477e-02  -2.4089737e-02   1.5442938e-01   1.0039880e-01   1.3563349e-01   3.4953448e-01  -4.2282642e-01  -3.7638569e-01   3.0146862e-01  -8.6031765e-02  -1.7705249e-01   3.4550212e-01   4.3209798e-02  -1.3836108e-01  -4.5105007e-01  -2.8823224e-01  -6.3308803e-02   1.9869646e-01   3.9660931e-02   6.1642646e-01  -8.7559645e-02   3.0432934e-02  -1.8489533e-01   1.9735475e-01   3.2055488e-01  -3.0022752e-01   1.7508213e-01  -2.3007859e-01  -2.5069906e-01  -8.6799967e-02  -5.8260062e-01  -2.1704605e-01   1.2320931e-01   4.7564685e-01   3.6784454e-02  -1.1097497e-01   3.3659248e-01
