   0.0000000e+00  -4.1764451e-01  -1.2427231e-01   5.6565389e-02  -3.3756341e-02  -3.5015432e-01  -3.2889016e-01   1.7389344e-01   3.2944016e-01  -3.1615205e-01   3.1010319e-02  -2.4823455e-01  -1.9816108e-02   3.9974926e-01   1.7359939e-02  -4.1425410e-02  -1.6700186e-01   4.2881393e-02   1.4862784e-01  -4.5039530e-02  -4.3413336e-01   4.8632064e-02  -2.6969580e-01   6.3622003e-01  -1.1845229e-01   3.9839795e-01  -6.1316447e-02   2.0109150e-01   5.9060457e-02   9.9001450e-02  -1.8350614e-01   2.4370774e-01  -1.0256653e-01  -2.3190761e-01  -3.1916749e-01  -1.0407542e-01  -2.5429985e-01   1.5391849e-01   8.3010095e-02  -2.5363794e-01   5.1937932e-02   1.9561707e-02   3.6524019e-02   1.3666277e-01  -1.2603834e-01   3.4804640e-01  -4.4779138e-02  -1.6327148e-01  -2.3731925e-01  -1.7571893e-01  -2.4343931e-03   1.5517009e-01  -1.0736043e-01   1.1901884e-01   3.6845916e-01   6.8952987e-02  -1.3237572e-01   3.3092349e-02   2.0807139e-01   4.0356504e-01   1.0737798e-01  -1.0577384e-01   2.5247829e-01  -1.0508228e-01   1.3396259e-01  -3.3368916e-01  -3.5857242e-01  -4.2435832e-02   9.5286430e-03   3.0172744e-02  -4.5262727e-01   1.3096697e-01  -7.4658738e-02   6.3642221e-01   2.2640656e-01  -1.4555614e-01   3.6613033e-01   1.5323996e-01   1.8515159e-01   2.7592547e-01   6.5675435e-02  -7.7284988e-02  -4.8598247e-01   4.8503964e-01   2.5032670e-01  -6.9037846e-02  -4.9297148e-01   5.0338757e-01  -3.3200399e-01   7.1503965e-01   2.7506707e-03   5.5342406e-02  -3.5086606e-01   1.9635432e-01   1.3789136e-01  -1.0606254e-01   1.7729385e-01   5.1977792e-02  -1.0905349e-01  -3.4180173e-01  -1.2811087e-01   6.0199321e-02  -2.0509738e-01  -1.0775762e-01  -1.0073954e-01   2.8126444e-01  -3.9155038e-02   1.4965391e-01  -4.5340017e-01  -3.3985692e-01  -4.1358693e-01  -1.1322317e-01  -2.7277242e-02   5.9198165e-01  -4.3489005e-03  -7.4044243e-03   1.0132253e-01  -9.0839363e-02  -2.2187465e-01   1.2950381e-01   5.5695001e-01  -8.1339504e-02  -2.6773315e-01  -8.5771874e-02   3.0370846e-01   6.5009423e-01   1.2673165e-02  -2.0092164e-02  -2.0938407e-02   4.4532139e-02  -8.5334172e-02  -2.4121978e-01   6.3282651e-01  -4.1800706e-01   7.7173989e-02   1.8311491e-01   2.0171949e-01  -3.6411047e-01   2.5030628e-01   1.8899180e-01   5.4158730e-01  -1.2130675e-01  -9.8782187e-02  -2.2612157e-01  -6.0949155e-02  -4.2505620e-01  -4.8964161e-01  -4.5670758e-02  -1.6218766e-01  -3.1977060e-01   5.4311174e-01  -1.7150739e-01   6.1571475e-01   1.5080500e-01  -1.1891982e-01   4.4015211e-01   4.4906574e-01   1.1479387e-01   1.8120786e-01   5.1779302e-02  -1.7129127e-02   7.0730771e-02   4.6279519e-02  -5.0289265e-02   2.0014731e-01  -1.8672125e-01   1.1031776e-01   5.0846060e-01   6.6627053e-01  -2.7173827e-01  -1.2992198e-01   1.9643025e-01   1.1377459e-01  -3.0927841e-01  -1.5365266e-02  -1.1768138e-01   3.6639524e-01
  -4.1764451e-01   0.0000000e+00   2.1937959e-01  -1.4233865e-01   4.0233573e-01   5.0868670e-01   2.1158085e-01  -2.6508564e-01  -3.1695687e-01   2.5624594e-01  -4.4093154e-01   5.8949636e-01   7.4610168e-02  -2.3547493e-01  -1.2298342e-01   2.5154707e-01   4.9694928e-01  -3.4190379e-01  -1.0224906e-01   2.6919443e-01   6.9301031e-02  -3.4631862e-01  -1.9614408e-02  -4.6070449e-01   2.2888211e-01  -3.2712553e-01   2.5988781e-02  -8.3499349e-02   7.3355420e-02  -1.4833032e-01   3.8999962e-02  -4.7585112e-01   3.1966093e-01   5.7995621e-02   1.3580139e-01   5.6317606e-02  -1.3182431e-03  -2.3122518e-01   1.2126596e-01   4.8656193e-01   6.4341367e-02   2.6720484e-01   2.3987091e-01   1.0830795e-01  -1.8782461e-01  -1.9095796e-01  -6.8790064e-02   3.0576798e-01   1.2619008e-02   4.8065880e-01  -2.7162659e-01  -3.0076473e-01   3.3698700e-01   2.3097105e-01  -2.3701706e-01  -1.0382411e-01   1.5783516e-01  -3.6121781e-01  -2.7813361e-01  -4.0784477e-01   1.0467952e-01   2.3587480e-02   7.8696396e-02  -8.4206568e-02  -1.9177804e-01   8.9008944e-02   5.7425666e-01   1.5212712e-02  -5.3227125e-02   2.6604430e-02   6.9697794e-01  -3.1412805e-01  -7.7486201e-02  -1.8412173e-01   1.0551049e-01  -4.2687506e-01  -2.7655007e-01  -4.2564091e-02   4.5891875e-02  -1.0545912e-01  -2.4798518e-01  -7.1495235e-02   6.4433038e-01  -3.4486250e-01   2.8591269e-01  -4.7567172e-01   3.4663985e-01  -3.7802724e-01   3.5175390e-01  -2.8801800e-01   3.9716119e-01   2.8933143e-01   5.3460101e-01  -2.9157176e-01  -2.8330306e-01   5.9158355e-01  -1.4947437e-01   9.0904455e-02   1.3452408e-02  -6.0241144e-02   4.8327108e-01  -5.7097146e-01  -2.6253965e-02   1.8602146e-02  -4.1101388e-01  -5.0478678e-01   4.5095223e-01  -2.0244162e-01   3.0623872e-01   5.9816840e-01   4.0367167e-01  -9.7899402e-02  -1.2231664e-01  -3.6037926e-01   9.5535691e-02   1.9521753e-01  -1.2217089e-01   6.8667381e-02   1.5937781e-01  -1.0032371e-01  -6.1949947e-01   4.4661474e-01   5.5539709e-01  -3.3387416e-02  -1.2289590e-01  -3.7634023e-01  -5.0613432e-02   1.4672408e-01  -4.6277232e-01   2.3208876e-01   7.8153899e-02  -1.8080623e-02  -2.2848707e-01   1.7863029e-01   1.4124235e-02  -3.8270347e-01  -1.5882356e-02   3.3114969e-02  -4.8637686e-01  -3.3782488e-01  -4.3389199e-01   2.3637306e-01  -2.9962968e-01   2.0408803e-01  -1.1335678e-01  -9.8828997e-03   5.9617991e-01   1.3191607e-01  -5.5261824e-03   1.7674389e-01  -6.3360340e-02   2.0378848e-01  -3.0278386e-01  -1.1824087e-01   5.5710984e-01  -2.7510115e-01  -5.9042552e-01  -2.4506968e-01   2.6674010e-01  -1.6056749e-01  -1.0433579e-01  -4.4443474e-01   1.2802973e-02  -3.8273757e-01  -2.6578407e-01   3.9744647e-01  -1.6822321e-01  -2.3952235e-01  -2.3301281e-01   7.4678373e-01   2.7429615e-01  -3.5305092e-01  -2.8753242e-01   5.9954717e-01   1.9659968e-01   1.5332683e-01  -4.5176382e-01
  -1.2427231e-01   2.1937959e-01   0.0000000e+00  -1.3155268e-01   1.0274799e-01   3.4492494e-01   2.0277117e-01  -3.4564261e-01  -2.7235310e-01   3.0024196e-01  -1.6596113e-01   5.3298472e-01   2.6537333e-02   2.6029895e-02   2.4708670e-01  -4.4069401e-02   8.1566564e-01  -2.5226151e-01  -1.9501242e-01   1.0799534e-01  -2.1672666e-01  -2.1678804e-01  -1.1567582e-01  -2.1630527e-01  -2.4443943e-02  -2.8624528e-01   4.2603131e-01   2.7722482e-01   3.7760057e-02  -1.5507422e-01  -1.9670086e-01  -3.4337456e-01   1.7761101e-01   1.4360462e-01  -1.7972786e-03   2.1212020e-01  -1.9409773e-01   2.5890741e-03  -1.7830059e-01   5.5259310e-01  -1.6949968e-01   1.4051983e-01   1.8600354e-01   1.2435363e-01  -1.5587536e-01   6.6916335e-02   6.5659586e-02   4.1642383e-02  -1.3444926e-01   2.6527192e-01  -2.5918119e-01  -1.9232984e-01  -3.6317792e-02   9.3971945e-02  -1.0325627e-01   1.6369278e-01   2.4566816e-01  -2.6097117e-01  -4.1050896e-01  -9.8632489e-02   2.1233641e-01  -1.0008137e-01  -2.4019225e-01   9.5435455e-02  -2.9299876e-01   7.6907160e-02   2.6226821e-01  -2.8379081e-01   5.0056393e-02   7.0840890e-01   2.7099931e-01  -3.5826763e-01  -1.1792046e-01  -2.3004161e-02   1.9122699e-01  -2.2028739e-01  -8.2723929e-02  -2.6502961e-02   3.1016924e-02  -1.8928905e-01   2.5277996e-01  -1.9670220e-01   2.4091282e-01  -2.0175233e-01   1.0972349e-01  -2.0423946e-01  -1.1682660e-01   2.7934914e-02  -8.5062629e-02  -6.1551533e-02  -1.7155368e-01   2.9406845e-01   2.8705434e-01  -2.8076823e-01  -6.7932243e-03   1.6062616e-01  -2.1967509e-01  -3.0478380e-01  -2.1732417e-01  -1.3074279e-01   3.8291662e-01  -8.8776934e-02  -2.3411726e-01   4.5823393e-03  -2.4506414e-01  -3.2414914e-01   1.6514432e-01  -3.1872171e-01  -1.8456780e-01   8.8095806e-02   3.2278441e-01  -9.7299254e-02  -1.7967271e-01  -1.5834559e-01   4.2912217e-01  -2.1037880e-01  -2.7803215e-01  -5.6523072e-02   7.0505929e-01  -9.9292547e-02  -8.5840831e-02   9.0616036e-02   2.3221186e-01  -2.9198218e-01   2.9862632e-02  -8.5784654e-02   1.7064314e-02   2.5938084e-01  -1.9534105e-01   7.8354546e-01  -1.7632915e-01  -1.4223005e-01   1.8112368e-01   2.3957117e-01  -9.6279407e-02  -3.5303725e-01  -1.2813869e-01   4.3116846e-01  -3.3289792e-01   1.1020395e-01  -1.9500277e-02   2.3158766e-01  -2.3396015e-01   5.9661013e-01  -1.8083575e-01  -2.9319607e-01   4.1960344e-01  -2.0417247e-01  -1.5448255e-02  -2.1895840e-01   7.6574302e-02  -2.5022888e-01   2.9588694e-02  -1.8543630e-01   4.8036386e-01   4.1546526e-02  -5.9580074e-02  -2.8110779e-01   4.2099387e-01  -1.6926857e-01  -2.4258136e-01  -2.3935627e-01   2.0462211e-01  -1.6868673e-01  -2.2393776e-01   6.7389271e-02   1.6883860e-02   2.8801255e-02   7.3015912e-02  -3.9580548e-02   5.5421071e-02  -6.6055248e-02  -3.0550133e-01   3.4034719e-01   6.0209228e-02  -1.6984028e-01  -2.1139239e-01
   5.6565389e-02  -1.4233865e-01  -1.3155268e-01   0.0000000e+00  -1.4275756e-01   2.0071826e-01   5.7952744e-02   2.3224887e-01   3.7786664e-02   9.0075935e-02   3.9509777e-01  -3.3017158e-01  -1.5045159e-01  -2.0177694e-01  -4.3428940e-02   1.8046047e-01  -7.3193337e-02   4.5503243e-01   2.1616321e-01  -1.5707136e-01   3.4816303e-01   5.0842600e-01   4.0845527e-01   1.1223746e-02  -9.5146032e-02   2.3683104e-01  -9.2503446e-02  -1.6361464e-01  -2.5796358e-01  -6.7522744e-02   9.3771015e-02   4.6732196e-01   2.4459360e-02  -1.3940072e-01   7.2508325e-02   2.3655916e-01   1.2461340e-01   5.4953465e-02   2.5814740e-01  -1.8893884e-01  -7.1215578e-02   3.6816877e-02  -2.0356935e-01   1.3611162e-01   4.3219448e-01   1.6281844e-01   4.6603504e-01  -1.9728943e-01   2.1475892e-01   2.1868447e-02   5.1619995e-01   3.9596583e-01  -2.2617495e-01  -1.0643652e-02  -9.1101748e-02   5.9824322e-02   2.3723917e-01   5.7340293e-01   4.0447300e-01   2.5078554e-01   2.4901575e-01  -6.7260387e-02   1.1526544e-01  -1.0187297e-01   1.2267088e-02   1.5305876e-01   2.4660909e-01   8.8762732e-02   3.4430189e-01   6.5957742e-02  -2.5675378e-01   6.2987803e-01  -2.9815936e-01  -7.5023425e-02  -6.8109928e-02   4.6265966e-01   2.4339699e-01   9.9372657e-02  -2.3446965e-01   1.6890452e-01   5.6767899e-02  -2.2871187e-01  -6.7625806e-02   1.2112471e-01  -1.2364079e-01   4.7455390e-01   1.5704793e-01  -9.2254547e-02  -8.6514318e-02  -4.1501928e-02  -8.0982900e-02   2.0057866e-01  -1.0021994e-01   3.0278609e-01   1.2142752e-01  -2.2126886e-01  -3.0391365e-02   4.4628656e-01   1.1356945e-01   3.1692265e-01  -1.8924008e-01   2.4977068e-01   2.6469128e-01   2.3205579e-01   5.0075112e-01   2.8461360e-01  -9.9635740e-02   4.1784842e-01   1.4396363e-01   1.9770017e-01  -1.0618144e-01   3.9590215e-01   4.4677537e-01   1.1238537e-01  -2.4388207e-01  -4.9939247e-02   2.5961864e-01  -1.2111554e-01  -1.9079989e-01   7.2892277e-01   4.9782904e-02  -1.8833006e-01  -5.5101860e-02  -1.5407864e-01   8.0476439e-02  -7.7930044e-02  -2.1507673e-01  -2.6565286e-02   5.9633624e-01  -1.9641272e-01  -2.4880739e-01   1.2175260e-01  -1.6235764e-01   9.9183286e-02   5.8022505e-01   6.0522454e-01  -8.8380533e-03  -2.3287053e-01   4.8781067e-01  -1.1776959e-02  -7.1804130e-02  -1.2506131e-01   2.8448054e-01  -5.0508163e-02   1.9462414e-01   1.3347780e-01  -1.6916020e-01   4.3433620e-02   4.4846838e-01  -6.9595395e-02  -5.3213574e-02   1.4597520e-01  -6.2664320e-02   1.0723426e-01  -3.0578548e-01  -4.5999369e-02   1.2879061e-01   3.9684641e-01   9.5771536e-02   2.5760390e-01   1.4986112e-01   2.9159722e-01   4.1095966e-02   4.2802020e-01   4.0132303e-01  -2.2661166e-01  -4.7703225e-02  -4.0556694e-02  -4.1952064e-02  -1.0498018e-02  -1.5115339e-01  -1.6803959e-01   5.2911587e-01   1.5895776e-02  -1.9945135e-01  -1.1119663e-01   2.3365928e-01
  -3.3756341e-02   4.0233573e-01   1.0274799e-01  -1.4275756e-01   0.0000000e+00   2.9685691e-01   8.5494211e-02  -1.5899450e-02   6.2403968e-02   3.3517773e-01  -7.4951233e-02   3.0319850e-01   1.2545616e-02  -3.2984492e-01  -2.4559199e-01   1.4314993e-01   3.0535734e-01   4.8502012e-02   2.4507845e-02   6.8191322e-01   6.6420250e-02  -1.2242398e-01  -9.5395516e-02  -2.7533190e-01   2.0155575e-02   1.3981800e-01   3.8398189e-01  -3.1748208e-01  -3.6564874e-02   6.9018127e-02   1.8362402e-01  -6.8317764e-02  -4.4685181e-03   7.2450565e-02  -2.2849737e-01   4.7636955e-01   2.7180413e-01  -7.5624835e-02   2.3277890e-01   4.6135399e-01   2.1215967e-01  -8.2538077e-02   3.9513074e-01   2.7273418e-03   9.0364532e-02  -6.2084745e-02   1.3958897e-01   3.4998030e-01   3.6605492e-01   3.5717939e-01   1.1847506e-03   1.0558871e-01   3.5212105e-01   4.2386742e-02  -2.7088493e-01  -1.0888913e-01   4.5692952e-02  -1.5682446e-01   4.2451935e-02  -1.7839613e-01   1.4248844e-01   1.4380364e-02   2.0147048e-01   1.2537663e-02   7.1147812e-02   3.2575495e-01   3.9289137e-01  -9.5249000e-02   1.5055391e-01  -9.6636461e-02   4.2890031e-01  -2.4992158e-01   1.1136827e-01  -2.1399227e-01  -1.0548070e-01  -2.3882418e-01  -6.5570392e-02  -1.2838113e-01   5.5681761e-01  -6.6913050e-02  -2.8064573e-01   7.7331877e-02   2.9721459e-01  -5.7184435e-02  -8.0505280e-02  -2.4359775e-01  -1.2760714e-01  -3.6853327e-01   9.9207971e-02  -1.9633206e-01   7.3433973e-01   9.3007353e-02   3.1756238e-01  -7.4925374e-02  -5.9316346e-03   6.3361605e-01  -1.0964559e-01   3.4970244e-01   5.3410737e-02  -6.8037559e-02  -4.1687804e-02  -3.4437043e-01  -2.0560556e-01  -1.4897431e-01  -2.3768868e-01  -1.2626564e-01   1.9852223e-01   1.2924540e-01   1.7665565e-01   5.5991425e-01   1.4751470e-01  -7.0768420e-03  -2.9283236e-01  -2.7244448e-01  -2.5876726e-01   5.1413284e-01   8.6696481e-03   3.1021531e-01  -2.0387203e-02  -1.1333371e-01  -3.2169304e-01   7.1741360e-01   1.2914666e-01   1.1910749e-01  -9.8926112e-02  -1.8193019e-01   1.4017764e-01   5.4596768e-02  -2.7418606e-01   1.2530699e-01   2.1994114e-01   1.6610423e-01  -7.6094204e-02   1.3417152e-01  -1.4393338e-02  -2.3671257e-01   6.9243203e-02  -1.6370808e-01  -1.8362246e-01  -1.2671880e-01  -2.4819492e-01   1.9993400e-01  -3.0973541e-01  -1.5552893e-01  -1.8036471e-01  -1.9523230e-01   6.4658747e-02   4.2437549e-01   1.4712722e-01  -6.0053785e-03  -1.5832295e-01   1.4577834e-02  -3.4726732e-01   1.4156422e-01   5.0369944e-01  -2.0711279e-01  -2.2091759e-01  -2.7793320e-02   1.9880529e-01  -1.6827559e-01  -3.7298897e-01  -1.8893234e-01   4.9747222e-01  -1.6022599e-01   6.3595667e-03   3.5930903e-01  -1.5975276e-02  -3.4600021e-01  -1.8660824e-01   5.4437269e-01   4.8380984e-01  -3.6093048e-01   4.5454326e-02   2.0708527e-01   3.1372214e-02  -3.7997466e-02  -5.3956606e-02
  -3.5015432e-01   5.0868670e-01   3.4492494e-01   2.0071826e-01   2.9685691e-01   0.0000000e+00   4.3041554e-01  -1.7177968e-01  -5.8408092e-01   5.7963316e-01   1.2173850e-01   3.7236492e-01   1.1839020e-01  -2.2029263e-01   2.8701836e-01   2.7211169e-01   4.3630864e-01   1.4318040e-01   1.7824824e-01   3.7083737e-01   4.5668009e-01   1.2149624e-01   5.2309408e-01  -5.3220361e-01  -1.2641792e-01  -1.5813049e-01   6.0134956e-02   1.5617331e-01   8.1082391e-02  -3.8092445e-01   9.7969479e-03  -3.9238105e-01   1.7051800e-01   1.8789542e-01   5.4538669e-01   5.5908951e-01   1.8018492e-02  -1.9343549e-01   8.5978441e-02   3.1190081e-01   1.0575522e-01   1.5484879e-01   6.7342606e-02   3.3320062e-01   1.8909853e-01  -1.5933692e-01   5.2328830e-01  -1.4566862e-01   1.8550104e-01   2.6806711e-01   2.9898873e-01  -1.2865847e-01  -1.4364016e-01   2.7750962e-01  -2.9107551e-01   3.6073552e-01   7.0212701e-01  -9.9341345e-02  -1.8846941e-01  -3.3988750e-01   1.2249233e-01   6.6788919e-02  -9.0214392e-02  -1.4694001e-01  -5.5337770e-01   3.8315209e-01   8.9868555e-01  -1.9883821e-01   4.5687942e-01   3.8497657e-01   2.5114161e-01  -1.0420854e-02  -1.8109752e-01  -3.6665155e-01   1.4338654e-02  -5.3936419e-02  -2.3734742e-01   4.1521445e-02  -2.3762033e-01  -6.6156527e-02   2.7901476e-01  -2.6935147e-01   6.2611970e-01  -2.0165975e-01   7.1628377e-02  -7.2781099e-02   5.6006973e-01  -3.6656984e-01   1.8241945e-01  -4.5467362e-01   4.1910534e-02   1.4366900e-01   6.2479298e-01  -2.8328974e-01  -2.1654993e-01   1.9866981e-01  -1.3947117e-02   1.0410197e-01  -6.1705979e-02   3.8804568e-01   4.0418577e-01  -4.2799154e-02   3.6113446e-01   5.7824041e-02  -2.1966744e-02  -4.2548079e-01   3.2362962e-01   5.1406930e-03   3.7638460e-01   7.0760303e-01   4.8921533e-01   4.9443175e-01   1.7288112e-01  -1.9333138e-01   3.1731937e-01  -2.3577128e-01  -7.1773246e-02   7.8976911e-02   4.3813602e-01   6.0099926e-02  -5.1916712e-01   1.8313106e-01   1.4542477e-01  -4.8517314e-01  -2.8410365e-01  -5.3726951e-01  -1.2565705e-01   4.7163352e-02  -1.0824144e-01   1.0263455e-01  -1.0004961e-03   2.6383558e-01  -3.8288111e-01   4.6356834e-01   1.0979274e-01  -1.4030343e-01   1.3651473e-01   1.7741227e-01  -2.9965468e-01  -1.3234869e-01  -3.0563286e-01   7.4982720e-02   7.9047623e-02   6.0758916e-01   2.8816543e-01   9.9453025e-02   6.3986589e-01  -1.5911967e-01   6.2819419e-01  -2.6602681e-02  -2.8278366e-01   2.9702572e-01  -3.8540656e-01  -2.2909518e-01   1.7220960e-01  -3.0538593e-01  -4.7983651e-01  -1.2515599e-01   2.5047247e-01   2.1326022e-01  -6.6346411e-02  -1.3812459e-01   2.6291822e-01   1.4855088e-01  -2.4309400e-01   4.5973551e-02  -7.9731954e-02  -6.5999015e-02  -2.6231849e-01   3.6185661e-01   2.0894025e-01  -3.5264440e-01  -6.0898668e-02   7.8492142e-01   1.3763321e-02   5.2598256e-02  -3.1019775e-01
  -3.2889016e-01   2.1158085e-01   2.0277117e-01   5.7952744e-02   8.5494211e-02   4.3041554e-01   0.0000000e+00  -8.9377149e-02  -2.0003490e-01   6.6764775e-01  -2.1596535e-01   4.6633302e-01   1.5584280e-01  -1.9556124e-01  -3.4935276e-02   2.3072813e-01   9.3737062e-02  -2.1698349e-01   4.9361298e-02   2.1936527e-01   2.7656271e-01  -1.1537047e-02   3.6526564e-01  -4.5046393e-01  -2.0146886e-01  -3.2914868e-01   3.2295593e-01   9.1346988e-02   2.5791648e-01  -1.7041069e-01   1.8052460e-02  -2.1724189e-01   1.3585245e-01   6.4798857e-01   2.9579194e-01   7.6669665e-02   5.4809037e-02  -3.1115095e-01   4.1322847e-02   4.5985776e-01  -1.4603309e-01  -5.7034523e-02   2.6974137e-01  -9.6269586e-02  -7.8469901e-04  -5.0927244e-01  -8.9841530e-02   4.7567770e-01  -4.6838550e-02   2.3861526e-01  -6.3205951e-02  -9.7643618e-03   2.3745482e-01  -3.3767790e-02  -1.9720543e-01   1.8014455e-01   1.3546053e-01  -3.1433404e-02  -6.5222702e-02  -3.0586724e-01  -2.5260273e-01   6.3522048e-02  -1.4194102e-01  -5.5206869e-02  -3.7182944e-01   4.1309073e-01   3.5469124e-01  -1.4716752e-01  -6.7478146e-02   8.8412088e-02   4.3334575e-01  -1.6097958e-01  -1.8919248e-01  -4.5862786e-01  -1.4247733e-01   3.6463777e-02  -4.7365800e-01   9.5195577e-02   3.2738978e-02  -8.1380957e-02   4.2139913e-01  -7.1024856e-02   3.2311556e-01  -3.8440977e-01  -4.2157454e-01  -4.9111836e-02   2.7393010e-01  -2.3926356e-01  -5.8257919e-02  -5.0934844e-01  -1.1203382e-02  -3.1444127e-01   6.4603798e-01  -3.1489323e-01  -2.3826860e-01   1.4945570e-01  -1.2663337e-02  -1.6406349e-01  -5.8751991e-02   5.9065452e-01  -8.1343003e-02  -1.5789624e-01   4.0411806e-01  -1.6103383e-01  -9.4995441e-02  -6.9361856e-02  -5.9540681e-02  -8.9078065e-02   3.3613405e-01   2.4103034e-01   6.4720722e-01   3.4438225e-01   2.4100548e-02  -2.6293182e-01   6.8201665e-02   8.0320379e-02   7.3674721e-02  -5.9020785e-03   1.6193166e-01  -2.1923860e-02  -4.7621284e-01   1.6508456e-01   1.3137656e-01  -1.5396735e-01  -6.2119359e-01  -3.3384302e-01   5.1483905e-02   4.1643570e-02  -3.6653524e-02   5.9653534e-03  -1.0908736e-01   2.9719687e-01  -2.7010284e-01   3.8534642e-01   5.2972755e-04  -8.2283566e-02   1.3115329e-01   4.4600680e-01  -7.3734524e-02   1.1585714e-02  -1.0441730e-01  -2.2512035e-02  -6.1975818e-02   2.7929273e-01   3.8692047e-01   2.1094070e-01   4.4221267e-01   6.5932145e-02   1.4917444e-01   1.8818247e-01  -5.7434190e-01   3.7922563e-01  -5.2004061e-01  -2.8362967e-01   2.7067713e-01  -2.5873297e-01  -3.9093813e-01  -6.0196806e-02  -1.8669308e-01   4.3023985e-01  -5.9555018e-02  -2.6330659e-01   8.5253975e-02   2.5618856e-02  -5.2990772e-02   4.8772787e-01   6.1812002e-02  -2.2897429e-01  -4.1086143e-01   3.0983505e-01   4.3450911e-01  -2.6427336e-01  -2.5954012e-01   1.8817860e-01  -5.2373395e-02  -1.4484709e-01   6.5593465e-03
   1.7389344e-01  -2.6508564e-01  -3.4564261e-01   2.3224887e-01  -1.5899450e-02  -1.7177968e-01  -8.9377149e-02   0.0000000e+00   1.7638242e-01  -2.4240403e-01   3.2544322e-01  -2.9750010e-01  -1.6337237e-01   7.9426664e-02  -6.7455978e-02   7.4497107e-02  -2.9123482e-01   2.5035140e-01   2.6738373e-01  -7.5331123e-02  -3.7506094e-02   2.0670701e-01   3.1912343e-02   1.3518465e-01  -1.4640436e-01   4.6425670e-01  -2.3230550e-02  -2.0155101e-01  -8.7956336e-02   1.2427809e-01   1.0142573e-01   5.1982671e-01  -2.2789969e-01   6.6707042e-02  -2.0506684e-01  -7.1350769e-02   1.2770586e-01  -8.8203165e-03   1.7247592e-01  -1.8050149e-01   4.2640897e-02  -1.1301575e-01  -1.2452529e-02   1.5707045e-01   2.5785325e-01   9.3390873e-02   5.2822984e-02  -2.7181422e-02   1.1635923e-02   5.6523208e-03   2.5831709e-01   7.0287479e-01   8.8707917e-02   9.0285439e-02   2.5344413e-01  -8.1230830e-02  -3.6983978e-02   2.9960142e-01   5.2347517e-01   2.6552841e-01  -2.0743348e-02  -2.2932932e-01   1.7195388e-02   1.3669875e-01   2.8292189e-01  -8.8133126e-02  -8.8851886e-02  -3.1782432e-03   1.1383037e-01  -2.0087904e-01  -2.2405712e-01   1.3681446e-01   1.1251333e-01   1.6607334e-01  -1.2791520e-01   3.3321769e-01   1.6145307e-01   1.2446050e-01   1.1924857e-01   1.1298550e-02  -4.1582142e-02   5.4943511e-02  -3.1595816e-01   4.5153528e-01  -9.5584721e-02   3.1429671e-01  -1.1268266e-01   8.1268892e-02  -2.6373524e-01   1.8865966e-01   1.5230571e-01  -2.0634445e-02  -3.1196875e-01   1.7949876e-01   8.2953148e-03  -4.7502297e-02  -9.4917461e-03   3.6859698e-01   2.2148615e-01   8.0521230e-02  -2.8049284e-01   2.4692298e-01   6.0048657e-02  -5.7438158e-02   2.8701845e-01   4.3214873e-01  -2.2692732e-01   5.3299861e-01  -7.3198431e-03  -1.2343745e-01  -2.7594049e-01   4.1853624e-02  -1.8318952e-01   1.4781542e-01  -3.5650734e-01   2.7508949e-01   3.2717766e-01   2.3397107e-01  -4.3671123e-01   1.5343819e-01   1.8568586e-01   5.1846048e-02   3.4024510e-02   1.0228146e-01   7.5525608e-02   1.5667373e-01   1.4415906e-01  -9.8254753e-02   3.6712130e-01  -2.4846957e-01   5.4453056e-02   1.4011519e-01  -1.9166265e-02  -2.2947497e-01   1.7997810e-02   6.5209519e-01   9.9500851e-03  -3.1454834e-01   6.9079457e-01  -4.0684186e-02  -3.4621387e-02  -2.8026202e-01   1.0386351e-01  -4.0048135e-01   2.9717184e-02   4.9358939e-03  -3.4955455e-01   2.9370781e-01  -6.8782619e-02  -1.4860441e-03   1.2013746e-02   2.7264979e-01   1.1003287e-01   2.2535723e-01  -2.3226049e-01   9.6920884e-03   1.4100798e-01   4.7473681e-01  -2.0343104e-01   2.3577340e-01  -3.4884100e-02   3.4869694e-01  -1.2919400e-01   1.9478142e-01   3.3985719e-01   9.9564242e-02   1.4800870e-01  -1.5515135e-02  -4.7587984e-02  -5.8618591e-02   3.4429852e-02  -1.7517764e-02   2.0654814e-01  -3.4646673e-01  -2.2130883e-01   7.1383494e-02   3.2457519e-01
   3.2944016e-01  -3.1695687e-01  -2.7235310e-01   3.7786664e-02   6.2403968e-02  -5.8408092e-01  -2.0003490e-01   1.7638242e-01   0.0000000e+00  -3.3141909e-01   1.1978930e-01  -1.8325612e-01  -1.6673308e-01   1.1767867e-03  -2.1867036e-01  -2.7312856e-01  -2.5147266e-01   4.8917043e-02   5.3619102e-02  -2.0059788e-01  -1.8623083e-01  -5.5624244e-02  -4.1578555e-01   3.0142343e-01   9.1274517e-02   3.8923795e-01   3.1553667e-02  -1.6190666e-01  -2.1023910e-01   6.7563274e-01   3.2003009e-01   3.5780968e-01  -1.9913312e-01   5.5412632e-02  -4.2028924e-01  -2.9643387e-01  -7.6102617e-02   4.1202821e-02  -1.5136672e-01  -1.7573903e-01  -9.5891048e-02  -1.7529801e-02   3.0434047e-01  -2.8196566e-01  -1.0621598e-02   2.6468838e-01  -2.7365708e-01   3.0344692e-01  -5.4707772e-02   6.7090799e-03  -1.0732790e-01   1.6229914e-01   2.7311698e-01  -2.8344436e-01   6.7839797e-02  -2.1405177e-01  -4.3709532e-01   1.5207080e-01   1.8360996e-01   3.1883806e-01   1.0573373e-03  -1.3649632e-01   3.3782228e-01   3.8294020e-01   7.3769461e-01  -1.5479200e-01  -5.7401569e-01   1.0000573e-01  -2.3991342e-01  -1.8877496e-01  -1.0555490e-01   6.8859258e-03  -6.2183960e-02   2.0025799e-01  -1.5509396e-01  -2.0897455e-02   2.1152112e-01  -6.5204550e-02   2.8502052e-01   4.1724282e-02  -1.5082315e-01   1.8860337e-02  -4.0543356e-01   2.6596977e-01   1.7689157e-03   1.9264630e-02  -3.7364102e-01   1.7806890e-02  -1.4850088e-01   3.2203361e-01   1.7901604e-01   2.8485893e-02  -3.6436900e-01   4.9310465e-01   1.3619515e-01  -1.3580248e-01  -1.2828045e-01   2.6524722e-01   8.4022035e-02  -3.0045414e-01  -3.0371726e-01   3.9992512e-02  -3.3288025e-01   2.7202977e-01  -3.7885951e-02   2.9984641e-01  -2.7974345e-01   2.1283427e-01  -3.5888169e-01  -3.8532704e-01  -3.9594503e-01  -2.2316346e-01  -2.4080828e-01   2.1643705e-02  -3.4226386e-01   3.4106531e-01   1.6425927e-01  -7.9556109e-02  -4.1848523e-01   7.1863736e-02   3.6060425e-01  -5.1104748e-02  -9.6015192e-03   6.4429965e-01   2.1881986e-01   3.8418138e-01   2.2049483e-01  -1.3185718e-01   7.0647580e-02  -4.0222445e-02  -1.9717687e-01  -1.8766785e-02   2.7386294e-01  -1.5438469e-01   1.1650535e-01   2.2937017e-01  -1.1451496e-01  -7.5351545e-03   3.1737815e-01  -1.0934792e-01   1.5318726e-01  -9.2308553e-02  -1.2209580e-01  -5.1992174e-01  -1.6913614e-01  -1.2021728e-01  -4.8332731e-01   3.6583466e-01  -3.8630873e-01   1.0165526e-01   2.0809852e-01  -7.6621784e-02   2.0287581e-01   5.1365132e-01  -1.8761884e-02  -4.8131009e-03   2.3234966e-01   1.4748170e-01  -6.5024125e-02  -3.5329551e-02  -8.7463803e-02   3.4236237e-01   7.6978667e-02  -1.3967618e-01   2.6297321e-01   2.3087279e-02   4.3692421e-02  -1.4302309e-02   1.0829660e-01  -2.1631870e-01   1.2388312e-02  -3.6440501e-02   2.2986703e-01  -5.8190772e-01  -9.5259826e-02  -4.7236378e-02   1.6018559e-01
  -3.1615205e-01   2.5624594e-01   3.0024196e-01   9.0075935e-02   3.3517773e-01   5.7963316e-01   6.6764775e-01  -2.4240403e-01  -3.3141909e-01   0.0000000e+00  -2.1709363e-02   4.5899244e-01   2.6152397e-01  -1.6821275e-01   2.3103080e-02   2.6585762e-01   2.2504343e-01  -4.6840780e-02  -6.0768895e-02   4.4875819e-01   2.7154644e-01   1.9202576e-01   3.5467270e-01  -5.3339492e-01  -2.2334951e-01  -2.7415531e-01   9.4404091e-02   4.5882713e-03   3.5669914e-01  -3.0852554e-01   2.9297096e-02  -3.3179479e-01   1.3884172e-01   4.0415392e-01   1.6548874e-01   4.3795760e-01   1.0422953e-01  -3.2544668e-01   8.0799311e-02   3.9738557e-01   1.3309584e-01  -1.7206773e-01   9.0576323e-02   1.5074405e-01   8.1625456e-03  -3.2155667e-01   1.6153215e-01   1.5717347e-01   1.0443162e-01   2.6411959e-01   8.1864777e-02  -1.2892625e-01   9.5169848e-02   5.8585641e-02  -3.7163365e-01   2.9933382e-01   2.2751801e-01  -4.2561639e-02  -8.0131994e-02  -4.2374970e-01  -1.0224064e-02   1.7664615e-01  -1.2630559e-01  -3.9907954e-02  -5.1854145e-01   4.2806351e-01   4.7596006e-01  -3.3386672e-01   6.9911462e-02   1.8776607e-01   4.0682246e-01  -2.1907769e-01   2.6138701e-02  -4.7131231e-01  -8.4285449e-02  -3.9944257e-02  -3.8102399e-01  -1.9786816e-02  -4.3595459e-02   3.4677268e-02   2.1462205e-01  -1.3721131e-02   5.5347623e-01  -3.7775246e-01  -2.2107959e-01  -9.0887179e-02   2.5788139e-01  -2.4158341e-01  -7.5089007e-02  -6.1356868e-01   1.4847914e-03  -1.0215170e-01   7.1879198e-01  -3.2927063e-01  -2.3209703e-01   2.0678573e-01   5.1684539e-02  -6.3864667e-02  -2.3930330e-01   4.8741700e-01   1.4523856e-01  -1.8993561e-01   2.8640230e-01  -2.8768115e-01  -1.1555812e-01  -1.6227483e-01   3.5733079e-02  -1.9269972e-01   3.2343178e-01   5.4647514e-01   6.9674482e-01   3.4761927e-01  -7.6467574e-02  -3.2966383e-01   2.2625440e-01  -4.0660379e-02   6.0244402e-03   2.8104719e-01   3.3985464e-01   4.4187062e-02  -4.3459883e-01   2.0113155e-01   1.3354096e-02  -3.5340974e-01  -5.1686387e-01  -3.4021555e-01  -9.3441208e-02   6.4348852e-02  -8.9364393e-02   1.0020784e-01  -1.3232115e-02   2.3676786e-01  -2.0962686e-01   4.6935101e-01  -3.8377132e-02  -2.5856883e-01   1.6591736e-01   2.2798153e-01  -2.7379217e-01  -6.7367664e-03  -1.7493959e-01   1.9498156e-01  -8.0358576e-02   4.2804716e-01   2.6038230e-01   1.4730498e-01   5.4807685e-01  -6.2648787e-02   4.3288211e-01   4.8633382e-02  -4.2415017e-01   6.3754458e-02  -4.4591951e-01  -3.5368311e-01   2.5438669e-01  -3.9727265e-01  -4.2144852e-01  -1.1975492e-01   1.1477940e-01   1.3355667e-01  -1.8836062e-01  -2.1651092e-01   3.9735162e-01   9.9795368e-02  -1.3791019e-01   2.5382217e-01  -8.9975510e-02  -2.3474258e-01  -2.7454847e-01   3.4711874e-01   2.8967126e-01  -4.1932134e-01  -2.9805053e-01   4.0303594e-01   4.6401668e-02  -3.0014984e-01   1.2021092e-02
   3.1010319e-02  -4.4093154e-01  -1.6596113e-01   3.9509777e-01  -7.4951233e-02   1.2173850e-01  -2.1596535e-01   3.2544322e-01   1.1978930e-01  -2.1709363e-02   0.0000000e+00  -4.8603674e-01  -1.4859649e-01  -1.7437476e-01   3.5941744e-01  -6.6159914e-02  -2.0726470e-01   7.1163296e-01   3.8614409e-01  -1.3216298e-01   5.1766120e-01   4.5988376e-01   4.0311339e-01  -5.3312314e-02  -2.7237770e-01   4.4087833e-01  -1.0429963e-01   4.7188535e-03  -1.9555237e-01   2.0662602e-01   3.4937704e-01   3.9740906e-01  -3.3725093e-01  -7.4682655e-02   1.8918103e-01   4.0549020e-01   7.1970339e-02   1.1311670e-01  -4.9591715e-04  -4.0121518e-01   7.0703682e-02  -6.8474088e-02  -1.9567592e-01   2.6975484e-01   6.3060422e-01   2.8878148e-01   7.0245439e-01  -3.9073300e-01   4.3595780e-01  -2.5850448e-01   6.7631814e-01   2.9361808e-01  -4.1033478e-01  -1.2836862e-01  -1.1880517e-01   2.8054231e-01   4.3819849e-01   3.9950629e-01   3.0613043e-01   2.3081840e-01   1.5246299e-01   1.0673424e-01   2.8276660e-02   2.2114222e-01   1.5479034e-01   1.3454384e-01   9.0251415e-02  -8.2862564e-02   6.0489961e-01   1.6280838e-01  -5.2729781e-01   5.1826029e-01   3.5427362e-03  -1.1433695e-01  -3.4069612e-01   5.4467942e-01   2.2177207e-01  -3.5801784e-02  -3.4911936e-01   7.0120193e-02   1.8557133e-01  -1.5739173e-01  -9.6128855e-02   4.1281855e-01  -7.0591670e-02   5.4825661e-01   2.0431699e-01  -3.8215458e-02  -1.7472055e-01   1.8304677e-02  -1.7522545e-01   2.5053414e-02  -3.3876157e-01   3.4434778e-01   8.4048100e-02  -5.0233923e-01   1.8900789e-01   3.1792094e-01   1.3739393e-01   2.6374037e-01  -1.3754167e-01   6.3932617e-01   1.1581681e-01   3.6001209e-01   6.1073698e-01   2.4542549e-01  -2.7902881e-01   4.8112105e-01   1.3213381e-01   1.2333935e-01  -2.8412085e-01   4.4987885e-01   7.8907084e-02   2.3594621e-02  -4.7875837e-02  -1.8167348e-01   4.0157545e-02   6.8273735e-02  -3.1898548e-02   2.8499948e-01   1.2433482e-01  -3.4968241e-01  -3.6188902e-01  -5.5592320e-03   1.4355584e-01  -1.1023726e-01  -2.6392629e-02  -3.1805665e-01   5.3058613e-01  -2.2430280e-01  -1.7674260e-01   4.1298699e-01  -7.9969085e-02   2.6572608e-01   1.6939160e-01   4.5350555e-01  -4.6898205e-03  -3.4848843e-02   4.0632452e-01  -1.0942331e-01  -1.3525652e-01  -2.9357785e-01   4.3089362e-01   5.9052043e-03   3.0210494e-01   2.8244981e-01  -2.2153032e-01  -5.6345453e-02   5.8461629e-01  -3.6776399e-02  -1.3104143e-03   9.7628930e-02  -3.9598196e-02   2.4082012e-01  -4.8006364e-01  -1.2182680e-01   1.1906389e-01   4.2673046e-01  -3.8296224e-02   1.3819743e-01   8.4544022e-02   6.1738784e-01   2.4189891e-01   6.0484447e-01   1.8829568e-01  -4.5555003e-01   7.4175299e-02   1.2426911e-01  -2.6754644e-02  -4.5107023e-01  -2.8796850e-01  -1.2341807e-01   6.2232905e-01   8.6344554e-03  -2.9161087e-01  -2.5672302e-02   1.2150750e-01
  -2.4823455e-01   5.8949636e-01   5.3298472e-01  -3.3017158e-01   3.0319850e-01   3.7236492e-01   4.6633302e-01  -2.9750010e-01  -1.8325612e-01   4.5899244e-01  -4.8603674e-01   0.0000000e+00   1.2704237e-01  -1.3089397e-01   7.8756600e-03   1.1453052e-01   5.3976363e-01  -5.3353393e-01  -2.5113424e-01   2.6392576e-01  -2.2276726e-01  -4.2951594e-01  -2.6629692e-01  -3.8619064e-01   2.2411680e-01  -4.2721410e-01   2.5858451e-01   1.6788488e-01   2.3824692e-01  -2.3938812e-02  -1.2786011e-01  -5.0834933e-01   3.5154419e-01   4.8686966e-01   9.3157072e-02  -6.7521740e-02  -1.5910196e-01  -3.4868926e-01  -1.0114038e-01   6.7072725e-01  -3.6297348e-02   1.9832967e-01   4.1512358e-01  -4.4435175e-03  -4.3694641e-01  -3.5193519e-01  -3.2663806e-01   4.2029946e-01  -2.8372879e-01   5.0731167e-01  -5.1927016e-01  -2.6820139e-01   4.0713037e-01   9.8632505e-02  -1.2191882e-01   5.1644524e-02   4.0816013e-02  -5.1803514e-01  -5.0014495e-01  -3.9175199e-01  -1.5258653e-01  -1.1543157e-01  -1.5191316e-01   1.4432055e-01  -2.3307622e-01   1.7191332e-01   2.9270995e-01  -1.9866613e-01  -3.1693946e-01   2.2129817e-01   7.1212614e-01  -6.2445775e-01  -2.1805518e-03  -8.5306634e-02   1.3759564e-01  -4.7613212e-01  -5.3762251e-01   1.1184078e-01   3.6346145e-01  -6.3356645e-02  -4.8816548e-02   2.9150987e-02   3.9621445e-01  -3.6128494e-01   7.8658451e-02  -4.7307118e-01   7.7662528e-02  -1.6287317e-01   2.6007712e-02  -1.8637881e-01   2.2593206e-01   6.9193725e-02   7.6108223e-01  -4.6947280e-01  -3.0706780e-01   5.2091202e-01  -1.9337719e-01  -2.4850374e-01  -1.4349861e-01  -1.9833501e-01   3.6941877e-01  -4.6070498e-01  -2.0884449e-01  -1.8402880e-01  -5.9497239e-01  -3.4889586e-01   3.4540420e-01  -4.2896088e-01  -4.1060783e-02   2.0303545e-01   6.6459824e-01  -1.3599566e-01  -2.3711269e-01  -3.4041001e-01   2.5398777e-01   1.8980240e-01  -1.1919064e-02   1.2960474e-01   3.4833304e-01  -2.4388725e-01  -4.2215537e-01   4.4433040e-01   4.5007630e-01  -8.2735123e-03  -3.4064178e-01  -2.4428866e-01   2.5485751e-01   2.1046952e-01  -5.1580892e-01   4.6046616e-01   7.5745511e-03  -6.9418816e-02  -4.9750752e-02   1.7418205e-01  -2.1191499e-01  -4.5653622e-01   7.3104947e-02   3.0225651e-01  -4.5128003e-01  -1.6857311e-01  -8.6333287e-02   2.3725457e-01  -3.7167236e-01   3.4309438e-01  -1.2062400e-01  -1.2695182e-01   6.5504836e-01   5.7093418e-02  -2.5487556e-01   3.7557005e-02  -8.9530000e-02  -1.7016289e-01  -2.0176320e-01  -1.3828247e-01   7.2242573e-01  -1.8474094e-01  -5.2529095e-01  -3.8885378e-01   2.2533083e-01  -2.1108903e-01  -4.0382753e-01  -3.9254071e-01   3.9175492e-02  -5.1296197e-01  -2.5488092e-01   5.8649068e-01   7.2655693e-02  -2.4122816e-01  -1.4934386e-01   4.9398616e-01   4.8153582e-01  -3.6669314e-01  -5.8244460e-01   3.3941958e-01   2.8911245e-01  -6.6257419e-02  -2.7402916e-01
  -1.9816108e-02   7.4610168e-02   2.6537333e-02  -1.5045159e-01   1.2545616e-02   1.1839020e-01   1.5584280e-01  -1.6337237e-01  -1.6673308e-01   2.6152397e-01  -1.4859649e-01   1.2704237e-01   0.0000000e+00   2.1299864e-02  -5.6439024e-02   1.5346869e-03   4.8937154e-02  -2.0248158e-01  -1.2156309e-01   2.4708609e-01  -2.2025236e-02   1.5336977e-01   2.5272343e-02  -6.5694109e-02  -2.1498481e-01  -3.1274708e-01  -1.5364889e-01  -5.5997694e-03   1.9561619e-01  -1.7391337e-01  -3.7572885e-01  -2.8469372e-01   2.4766064e-01  -1.9800223e-01   1.2015449e-01   2.2819249e-02  -1.5280672e-01   6.1672174e-02   3.7114089e-03   1.6458666e-01   5.9498110e-01   2.6496550e-02  -2.2884667e-01  -5.9874784e-02  -1.0909452e-01  -2.1448094e-01  -1.4769505e-04  -1.6420291e-01   7.6077639e-02  -2.8320509e-02  -1.2712817e-01  -3.2853943e-01  -2.5791617e-01  -1.8230451e-01  -8.3889101e-02  -4.8406499e-02   4.3571028e-02  -4.5720120e-02  -2.5185914e-01  -1.6871156e-01   1.5924276e-01   4.4326274e-01   1.8389808e-02  -3.9170619e-01  -4.5363505e-01  -1.2210349e-01   1.5070895e-02  -1.2184099e-01   7.5418208e-02  -4.4109567e-02   5.8856057e-02  -1.6999976e-01   1.8775964e-01  -2.5727940e-02   7.5026827e-03  -1.1306904e-01  -3.0969237e-02   1.1363418e-01  -1.8398262e-01  -6.4200048e-02  -3.2068012e-02   2.0728338e-01  -1.0903020e-01  -2.3529376e-01  -1.2022339e-01  -1.6707508e-01   1.6314988e-02   8.5253856e-02   4.5001995e-02  -8.0861365e-02  -1.0210089e-01  -1.7961707e-02   1.4401162e-01   4.9110014e-02   1.1299148e-01   2.6249879e-01   2.3067368e-01  -9.7585460e-02   4.3653291e-02   7.8714578e-02  -8.7599637e-02  -2.6770377e-01   1.3644227e-01   2.3753805e-02  -1.8210191e-01  -4.7788166e-02  -1.1457860e-01  -1.1476474e-01   1.3028660e-01   1.4103682e-01   8.2472174e-02  -4.0713839e-02   5.0915118e-02   9.3942833e-02   3.8882785e-02  -2.9133699e-01  -3.6220366e-04   3.6428263e-01  -1.3726093e-02  -1.7059324e-01  -6.2118541e-02  -2.9369146e-02  -8.4237617e-02  -4.3270688e-01  -9.3907515e-02   2.0872491e-02  -2.4527567e-01  -9.0361428e-02  -3.3209283e-02  -9.5021823e-02   5.2801367e-01  -2.6974373e-01  -4.0006959e-02  -2.6333792e-01  -4.5216719e-02  -1.8156378e-01   1.5597635e-01  -1.7725612e-01  -2.4038707e-01   3.2936750e-01   8.0668855e-02   6.0431100e-01   2.5501800e-03   1.2880517e-01  -2.2486951e-02  -5.9018987e-02   1.5333850e-01  -3.8380165e-01   1.2269366e-03  -2.1008733e-01  -1.3848859e-01  -1.3190417e-01  -9.4628608e-02  -4.4872880e-01   1.1505576e-01   1.3275902e-01   5.7808575e-02  -1.2866536e-01  -7.2399400e-03  -1.5219447e-01   1.1912456e-02  -1.1646525e-01  -2.1092108e-01  -6.3199137e-02  -1.3632568e-01  -5.2322941e-02   8.6514783e-02  -6.1509843e-02  -1.9793938e-01  -4.9922345e-02  -1.8324184e-02   1.7780112e-01  -1.2825948e-01   1.5988091e-01  -9.0354327e-02  -2.1441909e-01   4.2588085e-02
   3.9974926e-01  -2.3547493e-01   2.6029895e-02  -2.0177694e-01  -3.2984492e-01  -2.2029263e-01  -1.9556124e-01   7.9426664e-02   1.1767867e-03  -1.6821275e-01  -1.7437476e-01  -1.3089397e-01   2.1299864e-02   0.0000000e+00   2.1978476e-01  -6.1913661e-02  -1.3301463e-01  -1.9802316e-01  -2.7816624e-03  -1.3002734e-01  -3.1750115e-01  -3.7814402e-02  -1.1349037e-01   3.6427475e-01  -1.5114103e-01   8.6249079e-02  -2.2813787e-01   3.7632251e-01   9.1350342e-02  -2.4000048e-01  -1.9639126e-01  -2.1432881e-01   6.8258978e-02  -5.2089145e-02  -5.0025104e-02  -1.9236460e-01  -2.8236698e-01   3.8428835e-02  -1.1493222e-01  -2.7501958e-01  -5.3428431e-05   9.0638677e-03  -1.7211231e-01   2.9008917e-01  -2.9529494e-01   1.8101523e-01  -2.5447868e-01  -3.0326477e-01  -4.3594468e-01  -1.5922293e-01  -1.7840468e-01  -7.4275262e-02  -1.5717693e-01   2.0008912e-01   5.2548999e-01   3.4478684e-01  -1.2638085e-01  -1.0157950e-01  -2.5276318e-02   6.0693665e-02   4.1730407e-02  -9.7026297e-02   1.0124800e-01   6.2439786e-02  -1.3523782e-01  -4.3067207e-01  -3.1338918e-01  -1.3088297e-01  -1.9449693e-01   1.1266527e-01  -2.6133133e-01  -2.0031405e-01   1.2204879e-01   4.4957467e-01   1.7727692e-01  -2.6115676e-01   2.8249743e-01   1.8439536e-01  -1.7723299e-01  -1.3268811e-01   2.9754580e-01   1.0757993e-01  -1.4830235e-01   1.9958731e-01   3.7377350e-01  -2.2540146e-01  -6.4091078e-02   5.8726770e-01  -1.7933067e-01   3.0175582e-01  -4.2133446e-01  -5.3969204e-02  -1.5600663e-01  -2.9009108e-02   1.0958584e-01  -1.2289797e-01   3.2507093e-02  -2.0066404e-01  -1.9691208e-01  -3.6355669e-02   2.2574281e-01   6.1872774e-03   1.7376856e-01  -2.2009357e-01  -2.1470252e-01   6.9753289e-02   1.1047136e-01  -1.9192378e-01  -2.9985381e-01  -3.5747410e-01  -1.4022327e-01  -1.3733551e-01  -2.0940001e-01   4.1300277e-01   4.1298703e-01  -2.8665747e-01   9.7458685e-02   9.8376264e-02   1.4153517e-01  -1.7536202e-01   2.4541557e-01  -2.9086327e-01  -2.4470547e-02  -2.3750336e-01   1.5305206e-01   5.4629079e-01  -1.9945956e-02   9.8590130e-02  -2.0841123e-01   3.9273205e-02  -1.2928065e-02  -2.2816552e-01   4.8557964e-01  -1.9333344e-01  -1.9218428e-01   8.1181422e-03  -1.2283624e-01  -3.8250581e-02  -3.1889380e-03   1.3885118e-01   4.4383160e-01  -6.7037104e-02  -8.9884422e-02   1.7876592e-01   1.4627060e-01  -7.9809262e-02  -3.1803154e-02  -3.4316200e-01  -2.3477485e-01  -9.9739097e-02   3.8104973e-01   5.0580477e-02   5.7979750e-01  -6.5802339e-02  -2.5619304e-01   1.2455248e-01   2.4585140e-01  -6.6833800e-02   8.8954081e-02   1.9362611e-01  -2.5490502e-02  -2.0882338e-02  -1.4231832e-02  -9.8546760e-02  -7.4761875e-02  -1.1736364e-01   1.3884113e-01   5.5541462e-01   4.1079163e-01  -3.0003348e-01  -1.7637827e-01   2.8101299e-01  -3.3661262e-01  -1.5655985e-01  -1.0868169e-01  -4.1100536e-02   1.1924011e-01
