   0.0000000e+00  -1.1120160e-01  -7.6843261e-02  -3.2064269e-01  -1.6547702e-01  -4.9556964e-01  -3.9629729e-01   2.3041459e-02  -2.8664440e-01  -3.2174823e-02  -2.9651862e-01   2.7477563e-02   6.1934995e-02   4.4624733e-01  -7.2942796e-02  -3.5604490e-01   2.4923362e-02  -1.5912927e-01  -1.9227819e-01  -2.4782876e-01  -3.2916709e-01  -5.2315730e-01  -4.9445117e-01   6.9327910e-01  -1.0317001e-01  -2.5988782e-01  -4.7140835e-01   3.0476631e-01   1.7576998e-01  -2.3682114e-01   1.7898653e-01  -2.8417416e-01   2.1947137e-01  -3.4868498e-01  -1.6450894e-01  -2.6775778e-01  -7.6007555e-02   7.6841125e-01  -2.3175876e-01  -3.2982731e-01  -2.5025262e-01   1.1389388e-01  -2.2153714e-01  -3.3366920e-02   1.0642116e-01   5.1731053e-01  -2.4760015e-01  -3.1784393e-01  -6.2227155e-02  -3.5342571e-02  -2.7153786e-01   4.2808610e-02  -1.6112056e-01   4.3985000e-01   2.3813262e-01  -1.0536917e-01  -3.2093858e-01  -4.5660146e-01  -3.2909140e-01   5.9335259e-02   2.2096761e-01  -4.7449059e-02  -3.5099383e-01  -2.4247117e-01  -1.2589387e-01  -1.1611792e-01  -6.5642700e-01  -1.6854703e-01  -4.6835452e-01   7.1732994e-02  -2.2172046e-01  -2.8810711e-01  -3.6707056e-01   3.7160123e-01  -1.1219259e-01   7.7001868e-03   1.8220009e-01  -2.6834837e-01  -5.5784376e-02  -2.5449848e-01  -4.3221230e-01  -1.6976762e-01  -1.2626351e-01  -4.0419821e-01   6.0291894e-01  -1.2246010e-01  -3.6285709e-01   4.2449380e-01   1.3547715e-03   9.1990708e-01  -2.9363255e-01   1.4369205e-01  -2.4832686e-01   5.2261696e-02   6.4823323e-01  -9.6532588e-02  -1.7748566e-01  -3.3330907e-01  -3.7890452e-01   1.3102449e-02   4.5489056e-01   1.1905141e-01  -2.6618111e-01  -2.2786482e-01  -2.6178298e-01  -3.6007802e-01   1.1965154e-01  -5.0892547e-01  -2.3028275e-01  -1.0131923e-01  -3.7905379e-01  -5.3088850e-01  -3.9681544e-01   8.9153898e-01   6.9228112e-02  -2.2365082e-01  -2.4457704e-01  -1.5045901e-01   1.3943649e-01  -3.3200598e-01   4.0908028e-01  -2.2722839e-01  -4.3580249e-02  -1.8099398e-01   6.6076655e-01   1.5532300e-01   2.2560989e-01   6.4263728e-02  -3.9293385e-01  -2.8134111e-01  -2.2701301e-01  -7.3335165e-02   1.4858802e-01  -1.7638447e-01  -1.3523956e-01  -1.0675229e-01  -7.1755388e-02  -1.5803137e-02  -1.6021258e-01   8.0543156e-01   7.8380274e-01   1.4375224e-01  -8.4500757e-02  -6.0371878e-02   1.1268037e-01  -1.9160581e-01  -1.6044139e-01  -2.3211401e-01  -1.0806670e-01  -1.1690023e-01   5.3994085e-01  -1.8653004e-01   6.8586066e-01   7.7288340e-02  -1.4106127e-01   9.2930603e-01   6.9294571e-01  -2.9118525e-01   2.0169762e-01  -9.7077177e-02  -3.4231775e-01  -1.0794696e-01  -1.6337828e-01  -2.6211157e-01  -5.2117569e-01  -6.1705726e-02  -9.7751248e-02   1.0295056e-02   7.3682950e-01  -2.8540020e-01  -7.4209791e-03   8.0198112e-01  -1.7315631e-01  -1.4706703e-01  -1.3834131e-01   1.2071279e-01  -2.9617829e-01
  -1.1120160e-01   0.0000000e+00  -1.4037860e-02  -2.9369197e-01   6.2859626e-02  -9.1910342e-02   1.3251261e-01  -2.9288660e-02   2.4006897e-01   1.2339976e-01  -3.1905834e-01   5.5613907e-01  -2.7258977e-01   1.6517962e-01  -5.3268205e-02  -1.1652944e-01   3.5382113e-02  -2.3435901e-01  -1.5474861e-01   8.3283255e-02   5.7184112e-02  -1.9877140e-01  -2.2811853e-01   2.3275402e-02   1.0151827e-01  -1.8162708e-01  -1.0321570e-01  -1.2173086e-01   7.0272091e-02   4.1027552e-02   2.6941238e-01   2.0937585e-02   1.6056973e-01   1.8261670e-01   4.2209459e-01  -2.1067565e-01  -6.1368264e-02  -1.9928019e-01  -1.2601268e-01   3.1096135e-01  -4.5089457e-02   4.0699904e-02   2.7761624e-01  -1.3167159e-01  -2.3100421e-01  -2.9220509e-01  -5.1663084e-01   3.9563125e-01   1.8024710e-01   2.5937254e-01  -3.3478268e-01  -1.0136987e-01   6.7186766e-01   1.7920208e-01   2.5882777e-01  -1.8829622e-01  -3.4451842e-01  -7.3670902e-02  -2.2077946e-01   1.6042161e-01  -4.0747321e-01   9.8219189e-02   3.7335108e-01   4.0909178e-01   2.8613995e-01   4.7089232e-02   1.8832141e-01  -5.8647070e-02  -3.4278289e-01  -1.3944057e-01   6.8069947e-01  -2.9678440e-01   2.8956184e-02   3.9349014e-02   2.4545248e-01  -1.9681322e-01  -3.8455332e-01  -1.7974681e-01   2.7507824e-01   4.6648801e-02  -2.0152448e-02  -8.0843119e-02   4.7485125e-01  -1.7567532e-01  -2.1584044e-03  -2.6401448e-01   4.2103709e-01   4.1361343e-02   4.8272269e-01  -3.6123669e-02   2.5984772e-01  -2.1070313e-01  -1.7940988e-01   1.6653517e-01  -2.7869673e-01   3.0800296e-01   1.5220529e-01  -2.5609034e-01   2.3170191e-02   2.6383784e-01   1.4500186e-01   1.2342287e-01  -1.9000772e-01   6.0431002e-01  -3.1174769e-01  -5.5764672e-02   2.7583464e-01  -3.1909941e-01  -1.9511402e-01  -2.0888655e-01   2.6864267e-01  -2.0198767e-01  -6.1893604e-03  -1.5136880e-01   8.9264259e-03   2.8275527e-01  -1.6719413e-01   3.6178999e-02   1.9492093e-01  -1.9568285e-01  -3.3206661e-01   1.0515680e-01   2.7784085e-01   4.3034653e-01  -3.8042988e-01  -3.3884595e-02   2.1299978e-01   3.0919129e-01  -2.4505954e-01   1.9500126e-01  -1.2804107e-01   2.3691001e-01   1.3804683e-01  -5.2634133e-03   2.0970979e-01  -3.2717493e-01  -8.5848863e-02   2.3463593e-01  -4.7327597e-01  -2.0411391e-01  -1.9032730e-01  -2.2832199e-02  -4.5966586e-01   7.4414390e-02   2.0927801e-02   9.3740173e-03   5.1609241e-01  -3.1563708e-01  -3.3970790e-01   3.3925603e-01   1.6195026e-03   1.4581110e-01  -1.3331576e-01   5.3013984e-01   5.6343459e-01  -1.0649097e-01  -2.7893975e-01  -8.3633422e-02  -2.4768366e-01  -1.7974218e-01  -4.6522816e-02  -2.6428941e-01   3.5140585e-01  -4.0474515e-01  -9.1124031e-02   1.2086922e-01   5.0377354e-02  -2.2854487e-01  -2.0056120e-01   6.0817549e-01   1.3313986e-01  -3.1889222e-01  -1.6979487e-01   1.9960492e-01   7.4126395e-03   1.1265594e-01  -3.1040581e-02
  -7.6843261e-02  -1.4037860e-02   0.0000000e+00  -1.5743335e-01   9.4002607e-02   4.4243638e-01   1.2012416e-01  -2.4827034e-01  -1.1249005e-01   3.8571520e-02   1.6916193e-02   4.5734722e-01  -1.5821959e-02  -2.5567201e-01  -6.6996377e-02   2.0722144e-01   8.9583494e-01   9.7201101e-02   6.4605642e-02   1.0318738e-01  -4.4214049e-01  -4.4444907e-03  -7.9675810e-02  -1.9975547e-01   2.0893547e-01  -1.2054465e-01   2.1190508e-01   9.8198162e-02   4.4685157e-02   2.9461430e-01  -2.7396846e-01  -1.2179110e-02  -1.2007833e-01   1.0260386e-01  -1.0395633e-01   1.5943138e-01  -3.5646151e-01   1.7277100e-01   5.2999966e-02   1.5561361e-01  -7.4039235e-02   5.9354923e-02   4.2372243e-02  -3.1684761e-02   6.2959857e-02   2.1739436e-01   1.2733399e-01  -1.9982373e-02  -1.9941901e-01   6.4182096e-01   1.7275160e-01  -1.6863368e-01  -2.1116623e-01  -3.8253280e-02  -3.3110620e-01  -2.2171375e-02  -1.4332606e-01  -9.3776223e-02  -4.1191216e-02   3.8710289e-01   4.5862237e-01  -2.3542628e-02   1.5463717e-01   1.3881427e-02  -2.2402811e-01   2.0724116e-01   2.8171567e-01  -2.4963534e-02   3.8909415e-02   5.0462837e-01  -1.1322207e-01   2.7471195e-02  -8.5397108e-03   6.5542800e-02  -4.1752582e-02   1.0902878e-01   4.5540260e-01   4.6183587e-02   1.0705740e-01  -1.1930737e-01  -7.3334663e-02  -2.4255383e-02  -2.7681734e-02   2.8067581e-02   1.4484618e-01   1.4324077e-01  -3.0944236e-01  -2.0115828e-01  -2.8747740e-02  -1.1557822e-01  -6.3197118e-02   6.6627588e-01   4.3829773e-01   1.5976794e-01   1.9172028e-01   2.1464330e-02  -9.5129360e-02  -9.5724331e-02   4.5753700e-02  -3.2058066e-01   7.6286108e-03   3.6748496e-01  -4.4456258e-02   1.5674028e-01   1.4934750e-01   3.5445903e-02  -3.6568153e-02   6.9817118e-02  -2.1924683e-01   3.3960592e-02  -7.3522120e-02  -1.1963705e-02  -8.6107181e-02  -4.7577390e-02   9.0191737e-03  -6.9050389e-03  -5.0308580e-02   4.3657045e-04   1.7957134e-01  -2.0569687e-01  -6.8443899e-02  -7.0886989e-02   9.3164226e-02  -1.2795247e-01   2.1794884e-01   6.8658501e-02  -1.0300867e-01  -1.1365071e-01   7.5687497e-02   6.0924016e-01  -3.9050090e-02  -1.1783249e-01  -3.6234685e-02  -3.1037106e-01   2.6979329e-01  -1.1114790e-01   7.7843058e-02  -1.5990435e-02   1.2986957e-01   7.4282703e-02  -1.7846576e-01  -1.6498915e-01   1.2457839e-01   5.3423578e-01  -1.5432630e-01  -1.0774139e-01   9.2260337e-02   1.0975935e-01   3.4924818e-01  -2.5837900e-01   1.3013809e-01  -2.9205848e-01  -5.8947851e-02   1.2394183e-01   4.4637793e-01  -1.1990314e-01   2.9299859e-02  -8.3012705e-02   5.6009704e-01  -9.9786748e-02   1.1451475e-01   4.3152000e-02   7.2439949e-02   5.5160334e-02  -1.9605732e-01  -2.6833916e-01   1.1628543e-01   1.2207498e-01  -1.3673471e-01   5.7365449e-02  -1.1377722e-02  -6.5637154e-02  -5.2816425e-02   5.1448736e-01   1.3363278e-01  -1.3529538e-01  -3.1333747e-01
  -3.2064269e-01  -2.9369197e-01  -1.5743335e-01   0.0000000e+00   1.5291979e-01   2.1113549e-01   9.9208567e-02   1.2387673e-01   2.7039234e-02  -3.4467460e-01   5.4027280e-01  -4.2523833e-01   1.7557484e-02  -6.6009272e-02  -8.6703855e-02   1.1993138e-02  -2.5676329e-01   3.2993843e-01   1.5917599e-01   6.4654193e-02   2.5908256e-01   6.5562346e-01   2.3234273e-01  -2.3394122e-01  -3.3434362e-02   5.1221882e-01   1.6503162e-01  -4.6604611e-02  -2.8809250e-01   3.2894398e-01  -1.9151764e-01   4.6739202e-01   1.6438051e-01  -2.3438850e-02  -1.5807723e-01   2.8589265e-01   2.1028181e-01  -2.3717928e-01   1.1028960e-02  -2.1598476e-01   1.8841512e-01   1.5214088e-01  -1.9539086e-01   2.8275391e-01   1.2779502e-01  -1.5885387e-01   5.4662373e-01  -1.3819376e-01   2.1314520e-01  -3.2334660e-01   4.4101237e-01   3.0438473e-01  -2.6830294e-01  -6.7755615e-02  -2.0431571e-02   3.5924296e-01   4.5208034e-01   6.3115337e-01   4.4390277e-01  -2.9182350e-01  -2.5634582e-02   2.1463499e-01  -1.6220295e-02   9.0619960e-02   7.8219759e-02  -2.0617369e-01   1.6913564e-01  -1.0775191e-01   5.8446370e-01  -4.2255415e-02  -2.2625747e-01   6.4498518e-01   6.9842480e-02   1.9848073e-02  -5.9633177e-02   1.4543575e-01  -4.1259585e-02   3.1664526e-01  -7.7664634e-02   2.1210042e-01   2.1520517e-01   1.8002158e-01  -4.6433433e-02   5.4009002e-01  -1.6962715e-01   3.4916369e-01  -2.8271654e-03  -2.1242847e-02  -1.0473725e-01  -3.1294892e-01   1.7543606e-01   4.4720491e-02   1.6894639e-01  -3.6502348e-01  -1.2258288e-01  -9.8516963e-02   3.0551303e-01   3.0193481e-01   3.5401241e-01  -3.2414714e-01  -2.0935716e-01  -2.0135795e-01   3.8398998e-01  -5.5896209e-02   5.5508560e-01   5.1277396e-01  -1.5645018e-02   6.1779192e-01   2.9838957e-01   3.1281214e-01  -1.2540108e-01   6.5621514e-01   5.0881775e-01  -3.0939949e-01  -9.7917823e-02   8.9281374e-03   5.2457921e-01  -9.8687761e-02  -6.1219582e-02   8.0427518e-01  -9.8316435e-02   1.4506257e-01  -2.8778021e-01  -1.4959990e-01  -1.2491699e-01   2.3260886e-01  -2.0849469e-01  -3.1046097e-01   5.7695739e-01  -2.5768621e-01  -1.4832625e-01  -1.4680260e-01   2.3056425e-01   5.5648739e-02   9.5199792e-02   3.2416238e-01  -1.7853105e-01  -3.1664512e-01   4.3188366e-01  -1.2131798e-01  -1.3588679e-01  -1.8653844e-01   4.2212510e-01  -1.8301507e-01  -6.2257589e-02   2.0067649e-01  -2.7369695e-01   4.2880465e-01   2.6504943e-01  -3.7941170e-01  -2.0750412e-01   1.9418820e-02  -1.1654970e-01  -2.7102809e-01  -4.0913224e-01  -3.5729260e-01  -2.1139240e-01   3.4261707e-01   4.5213727e-02   2.6776040e-01   6.3330385e-03   3.6713476e-01  -3.1341383e-01   7.0048012e-01   5.2193404e-01  -1.6284464e-01   2.3728909e-02   3.1974918e-01  -1.9049384e-01  -5.5740230e-02  -6.8780102e-02  -1.9010252e-01   5.0852024e-01  -1.7231078e-02   6.1671759e-02  -2.7097373e-01   5.0722513e-01
  -1.6547702e-01   6.2859626e-02   9.4002607e-02   1.5291979e-01   0.0000000e+00   2.4709043e-01   3.1242388e-01  -4.8774987e-02   2.5876652e-01  -1.2898832e-01   2.3392344e-01   2.7178462e-01   2.1977957e-01  -4.7189971e-01  -2.6055332e-01   1.6025868e-01  -9.2888488e-02   2.8414245e-01   9.1152623e-02   7.8317265e-01  -3.2606357e-01   9.6966865e-02   3.0923560e-02  -3.3065193e-01   3.8781555e-02   1.6226771e-01   5.0748913e-01  -5.9306737e-01  -1.2927079e-02   2.5511732e-01  -4.5902232e-01   3.2260166e-01   2.2860615e-02   4.5123133e-02  -2.4376303e-01   8.1535697e-01   6.9141315e-02  -5.4257856e-02   2.0257632e-01   2.5976282e-01   4.4579389e-01  -2.3398226e-02   3.8908078e-01  -9.7638392e-02   4.7708770e-01  -2.7952030e-01   4.7324462e-01   3.2234918e-01   1.2583876e-01   1.7627754e-03   5.6503014e-02   1.5368413e-03   8.0782880e-02  -2.5191284e-01  -4.5255009e-01  -2.5360134e-01   8.6761050e-02   1.6877819e-01   3.2633949e-01   4.8144406e-01  -1.3697261e-01   2.9975657e-01   4.1498121e-01  -1.3014869e-01   2.7335047e-01   1.8097482e-01   2.5623243e-01   2.6985116e-02   4.8914952e-01  -4.3665856e-01  -2.0478126e-01   3.5065323e-01   2.1022882e-01  -3.9240215e-01  -4.5823678e-02   7.6600685e-02  -1.7383260e-01   1.3494869e-01   8.0420193e-01   1.9906855e-01  -2.9436200e-01   2.8121251e-01  -2.1581361e-01   1.4600107e-01  -4.3295324e-01   1.6306002e-01  -7.2523861e-02  -4.6877547e-01   1.0977543e-01  -2.8101662e-01   5.4523235e-01  -6.4219711e-02   2.7501353e-01   3.7553508e-01  -2.7593491e-01   3.0869995e-01   2.0394318e-01   1.4238867e-01   6.2272473e-01  -3.3322777e-01  -5.8682052e-01   2.2936244e-01  -1.9960574e-01  -1.2698832e-01   2.7920659e-01   2.3439109e-01  -1.3901686e-01   3.5670245e-01   1.1700583e-01   1.8371076e-01  -1.3580712e-01   8.4032147e-02   1.3656731e-01  -1.1563667e-01  -6.6013101e-01   6.6726873e-01   2.6466016e-01   2.9948760e-01  -4.5911502e-01   1.1646691e-01  -2.8737109e-01   6.8600537e-01   2.2899402e-01   3.4357012e-01  -5.6637958e-02  -3.5019383e-01  -2.2534350e-01   1.5915357e-01   3.5954956e-01  -2.2594701e-01   2.9649214e-01   8.4137526e-02  -3.6492221e-01  -3.8342539e-01   5.1742847e-01   1.0166015e-01   1.2306312e-02  -4.7168348e-01   1.7087109e-01  -1.4078591e-01  -2.8559513e-01  -1.7124242e-02   2.7471084e-01  -4.5925867e-01  -7.5826337e-02  -3.0468401e-01   2.1523647e-01   3.5305199e-01   4.8099562e-01  -2.9561759e-01  -5.4456112e-01  -4.7064770e-01  -4.0035520e-01   4.7878243e-02   3.9945530e-02  -8.4462180e-02  -3.8425822e-01   4.1077487e-01  -2.4200092e-01  -2.7946888e-01   5.1794040e-02   2.0229669e-01   8.2198889e-02   1.1019203e-01   2.7603574e-01   3.1285009e-02   2.5625067e-01  -3.7132783e-01  -3.7233128e-01   2.3821245e-01   6.3294114e-01  -3.6166869e-01   4.5196140e-01  -2.9136834e-01   1.0436134e-01  -4.3240497e-02   2.3014841e-01
  -4.9556964e-01  -9.1910342e-02   4.4243638e-01   2.1113549e-01   2.4709043e-01   0.0000000e+00   3.7948168e-01  -3.2288496e-02  -9.4252254e-02  -1.0122659e-01   2.5071007e-01   1.4555632e-01   8.7699754e-02  -3.4736816e-01   1.1035796e-01   2.2714200e-01   2.4418931e-01   1.4711246e-01   2.7521835e-01   4.0349543e-01  -1.5710569e-02   5.1295218e-01   3.7405026e-01  -4.9838294e-01  -5.5120071e-02   3.7062808e-01   6.0069812e-01  -1.8697025e-01  -8.0046802e-02   2.3101369e-01  -3.5206364e-01   1.9702333e-01  -6.5179381e-02   1.4375658e-01  -6.5982281e-02   3.8165528e-01   3.6713257e-02  -3.3701327e-01   1.1231050e-02   2.8484252e-01   1.4192550e-01   1.0284506e-01   6.7100028e-02  -8.2110982e-02   4.7192810e-03  -3.7310185e-01   4.5285833e-01   2.0477264e-01  -5.1633831e-02   2.5344262e-01   3.4883714e-01  -4.4194427e-02  -2.3060375e-01  -1.9807905e-01  -3.0992068e-01   3.0091526e-02   5.3727568e-01   3.4362381e-01   2.2157676e-01   1.1922113e-01  -8.7745949e-02   2.3014542e-01   1.0238100e-01  -2.8954917e-02  -1.9201520e-01   1.5430720e-01   6.5417041e-01  -5.1399126e-02   4.5993767e-01   9.9131129e-02  -4.4896726e-02   3.6906378e-01  -1.1444509e-02  -2.7766915e-01   8.4309770e-02  -1.0024834e-01  -5.4628574e-02   2.5046081e-01   1.3905671e-02   1.0960171e-01   3.3761952e-01  -3.2749937e-02  -1.5276504e-01   4.9744232e-01  -3.9607151e-01   4.5037668e-02  -5.6259898e-02  -3.3219821e-01   8.1302629e-02  -5.8953242e-01   1.9775725e-01   1.9307191e-01   4.3073497e-01   2.2449224e-02  -3.8018778e-01   1.3916957e-01   1.7020666e-01   4.0584370e-01   3.0138957e-01  -3.0837686e-01  -3.6500996e-01   4.4895465e-02   1.2878421e-01   6.8138691e-02   4.6447716e-01   3.3871422e-01   1.4249812e-02   5.9101812e-01   1.7639867e-01   1.4352197e-01   2.4004088e-03   4.5782751e-01   2.3319545e-01  -4.6257462e-01  -9.7140552e-02   8.2004362e-03   2.8990177e-01  -1.4566429e-01  -8.4873875e-02   2.8059484e-01  -3.8515781e-01   2.3288715e-01   5.4522577e-02  -1.5712513e-01  -3.2432846e-01  -7.1009849e-03  -2.8883136e-01  -1.6317271e-01   3.0268018e-01   2.5525900e-01   6.5144460e-02  -2.3967434e-01  -8.0234533e-02  -2.6113537e-03   2.2782498e-01   1.2095368e-01   1.5456448e-01  -2.4030863e-02   2.2818559e-01  -3.4011162e-01  -4.5765781e-01  -7.3982921e-02   2.2036927e-01   2.6614988e-01  -1.0586599e-01  -7.2260407e-02   7.9626283e-02   2.8883108e-01   3.8479972e-01  -2.3413234e-01  -3.4023391e-01   2.4670374e-02  -3.9883411e-01  -1.1384603e-01   1.6934612e-01  -5.0784688e-01  -5.0942198e-01   2.1866746e-01   1.7451980e-02   5.3462556e-02   3.6652329e-01   1.1213296e-01  -4.0152103e-02   3.3121436e-01   3.8913449e-01  -1.9055565e-01  -2.4401448e-02   1.8218433e-01  -5.6418499e-01   6.6942911e-02   1.1343693e-03  -5.4288872e-01   1.2369212e-01   4.4501370e-01   7.2700459e-02  -2.3294088e-02   1.1224588e-01
  -3.9629729e-01   1.3251261e-01   1.2012416e-01   9.9208567e-02   3.1242388e-01   3.7948168e-01   0.0000000e+00  -1.5866847e-01   2.3596427e-01   3.3085776e-01   2.3776778e-01   1.6973641e-01  -3.3203468e-02  -5.0508069e-01   2.1717592e-01   8.6365342e-02  -3.3059704e-02   5.2609959e-01   1.2080403e-01   3.5680361e-01   2.0424885e-01   1.4070035e-01   5.2735175e-01  -4.1096966e-01  -1.8953069e-04   6.3341845e-02   3.3023035e-01  -2.9054198e-01  -2.0833007e-01   4.3992322e-01  -1.7183069e-01   2.3274528e-01  -3.7188343e-01   6.7027453e-01  -1.6106759e-01   4.8058607e-01  -3.0532086e-01  -2.0782869e-01   3.0179962e-02   2.8000094e-02   1.9641919e-01  -2.6352327e-01   5.0722353e-01  -3.0564430e-01   3.5847053e-01  -3.2001412e-01   2.2786441e-01   7.2839357e-01  -2.3063478e-01  -2.3942457e-01   4.4872683e-01  -9.2669473e-02   2.1235473e-01  -5.2092898e-01  -3.2736247e-01  -1.4379878e-01   9.7709677e-02   2.7678391e-01   3.1546439e-01   3.6527521e-01  -1.0153460e-01   1.0971399e-01   2.5123001e-01   2.7291303e-01   9.0046803e-02   6.1888782e-01   4.4935015e-01  -6.1524868e-03   2.5368591e-01  -9.8686006e-02  -8.5879352e-02   4.3346060e-01   8.2994621e-02  -3.5780686e-01  -2.2535652e-01  -1.8259736e-02  -9.0458053e-02  -4.7761982e-02   2.3959755e-01  -1.6587790e-01   3.6490574e-01   1.1967104e-01  -1.0338689e-02   8.3272372e-02  -4.6947584e-01   1.4299632e-01   4.5046983e-02  -5.7196263e-01  -1.4575678e-01  -4.7311445e-01   1.9921869e-01  -1.2395610e-01   4.1015176e-01   4.0807888e-01  -3.2561282e-01  -3.0361823e-01  -9.1475916e-03   2.0722673e-02   4.3662419e-01  -1.6006480e-01  -4.3385372e-01   4.4076946e-01  -9.4189933e-02   1.8957524e-01   3.8497452e-01   1.0788264e-02  -4.2272150e-01   2.8844406e-01   5.7816881e-02   3.1592451e-01   1.0450379e-01   1.8623080e-01  -1.0787310e-01  -3.3438728e-01  -3.2279824e-01   3.4423307e-01  -3.0437552e-02   5.6373851e-02  -3.4889064e-01   1.4787165e-01  -3.7090221e-01   9.0871098e-02  -1.0587680e-01   3.3582460e-01  -2.8300248e-01  -2.5111511e-01   6.3765917e-02  -1.1955109e-01   2.3450514e-01   2.0455661e-01   9.0104969e-02   4.3743352e-01  -2.7539576e-01   3.6275383e-02   1.5974205e-01   9.9449637e-02  -3.0518581e-01   2.5850958e-02   2.0728068e-01  -2.1757545e-01  -3.1838208e-01  -2.7865323e-01   1.7677405e-01  -1.5378300e-01   1.7834901e-01   1.7841975e-01   2.6545927e-02   4.8495920e-01   5.6301033e-01   9.2382052e-02  -5.0043289e-01  -6.2565876e-02  -5.2200719e-01   5.1117177e-02   8.0153127e-03  -4.1568194e-01  -4.2529224e-01   2.7504801e-01  -2.5791457e-01  -1.1511498e-01   2.8828976e-01   1.2667623e-01   4.4680408e-01   3.0324292e-01   1.8666782e-01   1.8229848e-01   5.3129670e-01  -2.2301123e-01  -4.8562686e-01   3.5269544e-01   2.8659232e-01  -4.8432454e-01   2.7968419e-01  -2.5031247e-02  -2.1553937e-03  -3.0679447e-01   3.9751220e-02
   2.3041459e-02  -2.9288660e-02  -2.4827034e-01   1.2387673e-01  -4.8774987e-02  -3.2288496e-02  -1.5866847e-01   0.0000000e+00  -1.7931641e-02  -5.8540075e-02   4.6260227e-02  -4.0520062e-02   1.4373763e-01   1.3010670e-01   8.0006480e-02  -3.0537972e-02  -1.6833621e-01  -1.3083214e-01   3.9393259e-04   4.0523179e-02  -1.5100526e-02   6.5474559e-02  -7.2959786e-02   1.4007516e-01   1.8870246e-01   2.8317931e-01  -1.3204968e-02   2.1772722e-01  -6.0640882e-02  -2.7156047e-01   6.6866659e-02   1.4494892e-01   1.2440698e-01  -1.2052890e-01   8.3898412e-02  -5.3594468e-02   8.9385416e-02  -1.0700671e-01  -2.4370426e-01  -2.5137738e-02   3.3805476e-01   2.7549654e-01  -6.5427236e-02   5.3594406e-01  -1.5118793e-01  -4.9939773e-02  -5.8877881e-02  -2.8175136e-01   1.3132994e-01  -1.6023016e-01  -1.5850065e-02   4.6283556e-01  -1.2732465e-02   1.2876515e-01   1.3590616e-01   2.9650279e-01   8.9592537e-02   9.6227710e-02   2.2533779e-01  -6.1961063e-02  -8.4249539e-02   2.1765992e-01  -1.1923823e-01  -3.0133349e-03  -1.7385627e-02  -1.5898100e-01  -3.1309932e-02  -1.4478547e-01  -9.4699811e-03  -1.6340844e-01   9.3078311e-02  -1.0210298e-01   1.4096669e-01   1.7740127e-01   1.5863806e-01   1.2859304e-01  -6.5508577e-02   2.9810664e-01  -5.9344665e-02   2.0973928e-01   8.0096685e-02   7.5893796e-02   9.3549948e-02   3.3515144e-01   2.3135734e-02   1.0421333e-02   1.1977787e-02   1.5561660e-01   2.0497805e-01   6.9193202e-02  -3.4224366e-02  -1.0354649e-01   6.7544070e-03   6.5660526e-03  -5.6326276e-02   2.5232874e-01   2.8407357e-01   1.4195267e-01  -3.2464693e-02   1.7339213e-01   1.1341854e-01   1.0567021e-02   1.9260516e-01  -1.8209960e-01  -9.5968465e-02   2.8042849e-01   8.4274099e-02   1.7867859e-01   6.9158357e-02  -1.4403070e-02   5.6403094e-02   5.0866014e-02  -1.2013341e-02   2.0576580e-02   8.1748374e-02  -9.7714973e-02   1.2281461e-01   4.3523186e-02   4.8634143e-03   1.5681387e-01   9.1668848e-02   1.1696894e-01   2.2731409e-01  -7.6584150e-02  -2.1209037e-02   1.2419690e-01   1.2200885e-01   1.2946335e-01  -5.7744156e-02  -1.7738044e-01  -1.8031246e-01  -1.6354487e-01   1.6993194e-01   1.0261196e-01   7.7001598e-03   4.0929596e-01  -1.1941126e-01   2.1552841e-02   5.4082074e-02  -2.3401736e-02  -1.0372544e-01  -7.3655534e-02   4.0703855e-02  -1.2337028e-01   1.5481016e-01  -2.8371113e-02   1.1235810e-01  -2.1534215e-01  -1.8823006e-01   2.7671789e-03   6.6042848e-02   2.1166865e-01   9.0826788e-02   3.9074296e-02  -2.0996955e-02   1.6417018e-02   5.0525066e-03   3.1233303e-01  -1.3590883e-01   2.5808389e-01  -3.1783943e-01   1.6418743e-01  -2.6107771e-01  -1.5748597e-03   7.7599271e-02   2.3508667e-01  -1.7697825e-01   7.1483825e-02   4.1243117e-02  -1.2650408e-02   4.1184400e-02  -9.8588897e-02  -1.0127535e-01   8.9612326e-03   7.5502325e-02   1.3705557e-01   1.9324576e-01
  -2.8664440e-01   2.4006897e-01  -1.1249005e-01   2.7039234e-02   2.5876652e-01  -9.4252254e-02   2.3596427e-01  -1.7931641e-02   0.0000000e+00   1.7508692e-01   2.3633824e-01  -4.9153068e-02  -2.1385746e-02  -4.2630861e-01  -2.0918451e-01  -4.7852957e-02  -1.1192743e-01   1.3593913e-02   2.1758254e-01   1.5071138e-01  -9.8773520e-02  -6.8705607e-02  -1.6152317e-02  -1.9790426e-01  -1.4190421e-01   1.3239766e-01   1.5371184e-01  -4.2132192e-01  -5.4151710e-02  -9.0167784e-02  -1.8675146e-01   8.3952551e-03  -4.3986868e-02   3.1531174e-01   6.5956917e-02   1.8254361e-01  -2.2523416e-01  -1.6970859e-01  -2.9688979e-02   3.7090110e-01   1.5937420e-01  -2.0599552e-01   6.0470771e-01  -2.4489386e-01  -4.0368573e-02  -3.5209111e-03  -1.3947933e-01   4.8768956e-01   1.5935399e-01  -1.1052466e-01  -2.2269363e-01   5.7999213e-02   6.7687582e-01  -3.9927816e-01  -3.8473501e-01  -3.4921813e-01   1.1071899e-03  -4.9702098e-03  -1.2289652e-01  -2.9743250e-02   1.7916361e-02   4.9320062e-02   6.2789466e-01   5.0379029e-01   8.0653643e-01   2.3999092e-01   2.8203820e-01  -7.4920328e-02   1.8290124e-01  -1.6055759e-01   2.6203554e-01  -1.1006433e-01   2.5992084e-01  -4.1517867e-01  -1.8963770e-01  -1.3184726e-01  -9.8865269e-03  -1.1226265e-01   4.5041927e-01  -1.2130301e-01  -8.9104184e-02   3.1680243e-02  -4.4818852e-02  -1.4234648e-02  -4.1832654e-01  -1.8133570e-01   5.5570894e-01  -4.1104562e-01  -1.2050388e-01  -2.3837184e-01   4.5043190e-01  -1.1359761e-01   1.0727429e-01   2.0296974e-01  -5.5720329e-02   9.4564167e-02   1.2109047e-02   5.0153066e-02   2.3054938e-01  -4.8880195e-02  -4.7973894e-01   4.0060577e-02  -4.0557158e-01   1.0177249e-01  -2.5110426e-01  -1.2411214e-01  -3.9258448e-01   8.3886467e-02  -2.4026930e-01  -3.8466007e-02   1.3413345e-01  -3.8668075e-02  -1.7911614e-01  -2.4710948e-01  -4.1453940e-01   6.7270826e-01   1.0475345e-02   2.7413900e-01  -5.1958578e-01  -1.7741049e-02  -7.3925218e-02   2.4992227e-01   1.3090938e-01   6.7169828e-01  -4.3093930e-02  -4.4242854e-01  -2.4151498e-01   1.1220654e-01  -6.0830833e-02   1.4140604e-01   2.2543738e-02   4.0246739e-01  -3.4184054e-01  -9.6287465e-02   3.5765854e-01   3.7128096e-02  -2.1415662e-01  -1.5429845e-02  -1.3960235e-01  -2.2576195e-01  -1.3251136e-01  -9.6097580e-02  -1.3602067e-01  -4.0938999e-01  -1.6022613e-01  -2.2439653e-01   1.8754704e-01   8.3822195e-02   6.2973808e-02   2.4453047e-01  -4.0253477e-01  -1.3991929e-01  -2.8336334e-01   1.6718190e-01   1.2678956e-01  -2.5969539e-01  -1.6236250e-01  -3.8457882e-02  -1.3412073e-01  -2.6449306e-01  -5.7571703e-02   1.7485964e-01   4.2897884e-01  -2.3702423e-01   1.2114721e-01   2.5054812e-01   3.9595894e-01  -4.5123941e-01  -3.1245298e-01   4.9665040e-01   4.0871695e-01  -2.3659608e-01   3.1647784e-01  -3.0279266e-01  -7.4594725e-02  -2.4498117e-01   1.4529815e-01
  -3.2174823e-02   1.2339976e-01   3.8571520e-02  -3.4467460e-01  -1.2898832e-01  -1.0122659e-01   3.3085776e-01  -5.8540075e-02   1.7508692e-01   0.0000000e+00  -1.5561270e-01   1.9538471e-01   7.4648884e-02  -9.4342943e-02   5.0717266e-01   3.0285414e-02   4.3743777e-02   3.7199202e-02  -1.8753941e-01   1.4247199e-02   6.2393040e-02  -3.3350874e-01   3.2990735e-01  -6.7763585e-02  -1.1283194e-01  -3.8799264e-01  -1.8110178e-01   2.1590262e-02   1.5104234e-01  -1.0299381e-01   3.1843509e-01  -1.7247220e-01  -3.6109764e-01   5.2741383e-01   1.7641723e-01  -8.7800590e-02  -3.3095310e-01  -7.0150670e-02   2.2077322e-02  -2.1705715e-03   1.5176994e-02  -4.4573738e-01   4.4677399e-01  -2.8419857e-01   9.9667291e-03  -1.4962748e-01  -2.8720260e-01   2.3192363e-01  -3.5644687e-01   5.5825011e-02  -8.3856505e-02  -2.6451299e-01   3.2661703e-01  -2.4175582e-01   5.3974008e-02  -1.9701721e-01  -2.7087225e-01  -2.7406291e-01  -1.9988482e-01   2.1333549e-01  -1.0918038e-01  -1.1775342e-01   1.2823753e-01   8.1501984e-02  -8.8326275e-02   7.0883618e-01  -4.5687571e-02   9.8317755e-02  -3.4524509e-01  -1.0854105e-02   1.4561357e-01  -2.3541449e-01   1.1998204e-01  -1.7827884e-01  -2.2688557e-01  -1.4393640e-01  -1.2783662e-01  -1.2001536e-01  -3.9465577e-02  -2.6492632e-01   2.8141941e-01  -4.9848176e-02   3.5472632e-02  -2.6657701e-01  -1.5287776e-01  -2.6981327e-01   2.0756511e-02  -1.2424397e-01  -1.8074834e-01  -1.1178025e-01  -2.3213511e-01  -1.3743450e-01   2.9389923e-01   3.4228634e-01  -1.5307898e-01  -1.4181013e-01  -1.7738315e-01  -1.5758311e-01  -1.8127925e-01   4.7048211e-01  -5.5444275e-02   3.7042458e-01  -1.4975315e-01   2.4155134e-01  -2.8424254e-01  -3.4570629e-01  -3.1750273e-01  -3.6020996e-01   9.4878193e-02  -1.6162415e-01   2.6747416e-01  -2.8835624e-01  -4.1382788e-01  -7.5237134e-02   2.4491883e-01  -1.8321854e-03  -3.7823141e-01   2.6638434e-01  -7.7070868e-02  -3.4744776e-01  -2.7415265e-01  -3.1379366e-01   2.6072578e-03   4.2450221e-02  -2.0336711e-01  -2.0170768e-01   2.7025368e-01   7.0745143e-02  -2.5806569e-01   2.1579888e-01   1.1934801e-01   5.7577264e-01  -1.0642951e-01   2.4196586e-01  -8.2098747e-02  -1.4555624e-01  -1.3313506e-01   4.4765973e-01  -3.4442553e-01  -5.4674559e-02  -7.9820384e-02   6.5601408e-02  -3.8304395e-01   1.4290951e-01   3.0753145e-01   4.9451499e-02   1.5984531e-01  -9.0610304e-02   4.0118665e-03   3.5519143e-01  -1.2533969e-01   2.1169183e-01  -1.6127261e-01   9.8663979e-03   2.7749181e-01  -9.6089771e-02  -1.6355895e-01  -8.5771143e-02  -1.1896496e-01  -4.2362487e-02   8.8930374e-03  -3.4355690e-01   5.8924654e-01  -3.2174625e-01  -2.8644486e-01   4.2702788e-01   3.7082415e-01  -2.4655026e-01  -2.1341161e-01   2.5985151e-02  -1.4576181e-02  -1.4313819e-01  -3.0502559e-01   5.2288746e-02   9.9913722e-02  -1.0775879e-01  -2.2654171e-01
  -2.9651862e-01  -3.1905834e-01   1.6916193e-02   5.4027280e-01   2.3392344e-01   2.5071007e-01   2.3776778e-01   4.6260227e-02   2.3633824e-01  -1.5561270e-01   0.0000000e+00  -3.8533637e-01   1.8433644e-01  -4.4467864e-01   4.0113342e-02   9.7211691e-02  -8.8956360e-02   6.0551083e-01   2.6632517e-01   9.1059234e-02   2.1861954e-01   3.2492801e-01   2.2085079e-01  -3.2060335e-01  -1.3316620e-01   5.0320302e-01   2.8034971e-01  -2.0569374e-01  -5.4245544e-01   1.9945253e-01  -1.2684394e-01   2.7427028e-01   3.9571601e-02   1.1278008e-01  -4.3578406e-01   5.0799214e-01   9.5131421e-03  -1.5925884e-01   6.1504530e-02  -1.0757753e-01   4.5316484e-01  -7.8689702e-03  -3.5965557e-02   2.6939008e-01   2.8893285e-01   8.3442297e-03   6.6460805e-01   9.7557503e-02  -4.6557290e-02  -3.3055872e-01   5.3603479e-01   3.8315968e-01   2.2189080e-02  -3.9191771e-01  -2.1526136e-01   2.5342756e-01   4.2888446e-01   2.8887087e-01   5.1142751e-01  -9.4900567e-02   1.7314820e-01   2.1050802e-01   2.8698817e-02   2.9000705e-01   2.6923076e-01   8.5122508e-02   2.3624679e-01  -3.4333221e-01   6.2642625e-01  -4.4752966e-02  -2.2450966e-01   5.4117736e-01   3.6476163e-01  -2.6019572e-01  -3.2023947e-01   4.8763157e-02   1.7250640e-01   3.6164242e-01   9.7014875e-02   4.2527411e-02   8.5594217e-02   1.4913436e-01  -4.3791518e-02   4.8610172e-01  -2.9080872e-01   3.6190082e-01   9.1886672e-02  -2.4916765e-01  -3.2236745e-01  -3.3512640e-01   1.8454419e-01   1.0540993e-01   3.2663669e-01  -2.2618767e-01  -2.8177020e-03  -2.7367636e-01  -2.2494422e-02   4.2726629e-01   4.3512567e-01  -3.8743916e-01  -3.1556946e-01   9.1573446e-02   1.4375697e-02  -1.7349187e-01   5.2114660e-01   1.0713768e-01  -3.8366727e-01   6.3754595e-01   8.6042637e-02   4.9920428e-01  -2.7579572e-02   3.6805706e-01   1.3377479e-02  -2.5616012e-01  -2.4151265e-01   3.2128941e-01   3.7670955e-01   2.3088914e-01  -2.6143145e-01   3.7467656e-01  -1.9925328e-02   7.5034420e-02  -3.7489857e-01   8.4009402e-02   4.7038504e-02  -2.0222598e-01  -2.3115574e-01  -2.6639160e-01   3.4802157e-01  -1.2369495e-02  -1.0785596e-01   1.5495964e-01  -1.5349288e-01   1.5658727e-01  -6.7500057e-03   4.2468974e-01  -2.4423485e-01  -2.0300478e-01   5.3841676e-01  -1.0678568e-01  -1.8312892e-01  -2.2506811e-01   6.4328126e-01  -2.8646459e-01  -7.1341240e-04   5.2004981e-02  -2.8885034e-01   6.7762709e-01   5.2779689e-01  -1.6249365e-01  -2.9477897e-01  -4.4688632e-02  -2.0235339e-01  -1.3433282e-01  -3.1021528e-01  -3.5830428e-01  -1.7791875e-01   4.9805718e-01   3.8120117e-02   8.5277903e-02  -1.1982587e-01   5.4603638e-01   1.7754268e-03   6.0159915e-01   2.4422931e-01  -1.1719448e-01   2.6649770e-01  -1.8670267e-03  -2.3560934e-01   1.0546470e-01   1.3071475e-01  -2.2579969e-01   4.7329725e-01  -1.6887392e-01   1.1441866e-01  -3.6484127e-01   1.8280775e-01
   2.7477563e-02   5.5613907e-01   4.5734722e-01  -4.2523833e-01   2.7178462e-01   1.4555632e-01   1.6973641e-01  -4.0520062e-02  -4.9153068e-02   1.9538471e-01  -3.8533637e-01   0.0000000e+00  -1.5464552e-01  -4.3761590e-02  -5.1176032e-02   5.0763370e-02   3.9687080e-01  -1.8485707e-01  -1.1103038e-01   2.9484260e-01  -3.7208894e-01  -3.5476727e-01  -3.1568977e-01  -5.1854050e-02   3.5932861e-01  -3.5954604e-01  -1.6716046e-03  -1.2689246e-01   3.8566501e-01   1.8479983e-01  -7.4895532e-02  -1.1512841e-01   1.0018922e-01   1.1031702e-01   2.5108224e-01   8.8554081e-02  -1.8425236e-01   6.1832657e-02  -1.9701862e-02   2.3186146e-01  -5.8222600e-02   1.3998710e-01   3.6527197e-01  -1.8815532e-01   1.6034548e-01  -5.8464251e-02  -2.5996220e-01   2.3677770e-01  -2.3975287e-02   4.5771658e-01  -2.6943226e-01  -2.1345827e-01   1.7544786e-01   1.6473074e-01  -1.0271928e-01  -3.3125907e-01  -4.2460538e-01  -2.1554428e-01  -1.6659385e-01   6.8488868e-01  -7.2630750e-02   1.5710668e-01   1.9908849e-01  -1.7783574e-02  -1.2183259e-01   2.8387294e-01   7.9422879e-02   6.0942830e-02  -3.5641309e-01  -4.7585656e-03   2.3482699e-01  -2.0985691e-01  -4.7758972e-02   2.2632965e-02   2.0558876e-01  -5.6667071e-02  -5.5232190e-02  -2.7113437e-01   4.1744460e-01   9.9240616e-02  -3.0409825e-01   8.2383685e-02   1.6574144e-01  -3.0535570e-01   6.5980991e-02  -1.0091721e-01  -1.7737234e-01  -1.0715130e-01   4.0306192e-01   1.1784226e-02   2.5135786e-01   1.3768832e-01   1.2282717e-01   5.7580194e-01  -1.5761332e-01   3.7157505e-01   1.2640665e-01  -3.1743916e-01   3.8819811e-02   3.2862206e-02   7.4263064e-02   5.7605749e-01  -2.2592227e-01   4.0118591e-01  -2.3746168e-01  -7.5988593e-02   2.0568287e-01  -3.5340859e-01  -1.4407000e-01  -1.4623129e-01   7.9417147e-02  -4.3139492e-01  -1.7509421e-01  -3.3957628e-02  -1.3192934e-01   1.1973970e-01  -3.7066703e-01   5.5443686e-02   2.1422705e-01  -4.2363205e-01  -2.3245697e-01   1.6444805e-01   4.3855260e-01   1.4136874e-01  -1.6633761e-01  -6.2263139e-02   2.3838150e-01   3.8535796e-01  -1.1369866e-01   2.6216722e-01   8.9958553e-02   1.4333961e-02  -7.0019702e-02  -3.0664717e-01   4.1909358e-01  -2.2192234e-01   2.0649293e-01   7.2013524e-03  -2.9558202e-01  -4.7865394e-02  -1.0812838e-01  -2.7917531e-03  -2.8522795e-01   2.8087939e-01   1.2798810e-01  -9.7748509e-02   5.6572583e-01  -1.7658225e-01  -1.4783026e-02  -1.1927852e-02   1.5034778e-02  -2.5233615e-01  -8.0861104e-02   5.0677959e-01   6.2210019e-01   3.9204438e-02  -1.5086540e-01  -6.0338087e-02   1.8439598e-02  -3.7268947e-01   1.6940168e-01  -2.6220577e-01   3.1587377e-01  -3.8699031e-01  -2.9536832e-01   2.2973132e-02   7.5908669e-02  -2.1759509e-01  -1.1221395e-01   3.8999736e-01   2.9693739e-01  -1.9808705e-01  -1.9491821e-01   3.6263151e-01   1.7932386e-01   1.8709884e-01  -3.4591736e-01
   6.1934995e-02  -2.7258977e-01  -1.5821959e-02   1.7557484e-02   2.1977957e-01   8.7699754e-02  -3.3203468e-02   1.4373763e-01  -2.1385746e-02   7.4648884e-02   1.8433644e-01  -1.5464552e-01   0.0000000e+00  -1.9035464e-01   2.9862627e-01   2.6619881e-01  -1.2169613e-01   1.8700753e-01  -4.0505577e-02   2.0975578e-01  -1.2117826e-01  -2.4204703e-02   2.1254789e-01   1.3677303e-02  -8.2832585e-02   1.0224033e-01   8.6905133e-03  -6.3029314e-02  -1.7799221e-01  -2.3873098e-01  -2.0166453e-02   1.9926654e-01  -2.4322681e-02  -2.1992926e-01  -3.1201537e-01   3.6065756e-01   1.1661415e-01   8.8907087e-02   1.6047728e-01  -1.4125775e-01   5.7977923e-01  -1.8117156e-01  -8.9122028e-02   9.0755776e-02   2.3854843e-01   6.2409096e-02   3.3120458e-01  -5.9819743e-02  -2.8398718e-02  -1.0810631e-01   1.0129548e-01   4.7839790e-02  -1.9962196e-01   7.8935022e-02  -1.8240951e-01   6.8692184e-02   1.7928711e-01   3.0562877e-02   1.4101787e-01   4.3092262e-03   4.6281550e-02   2.6865677e-01  -3.1141232e-02  -2.1443723e-01   4.1891592e-02  -4.5818970e-02  -4.0388671e-03  -9.8527905e-02   1.3744369e-01  -4.9492222e-02  -2.7272768e-01   1.6290678e-01   3.2460923e-01  -1.6276750e-01   8.7300127e-02   9.7083395e-02   4.4193547e-02   9.0440569e-02   6.1723674e-02   2.6739279e-02   7.5799988e-02   1.5057357e-01  -3.5427700e-01   1.7118329e-01  -1.0519350e-01   7.5142944e-02  -2.1602162e-01  -4.0413114e-02  -7.9902138e-02  -2.9152588e-02  -4.7193115e-02   8.9955405e-02   5.1812093e-03  -4.6201421e-02   5.3075536e-02   6.5074325e-02   9.3930093e-02  -1.0724089e-01   6.4567132e-02   8.9375003e-02  -1.4263998e-01   1.8636619e-02   5.3885138e-02  -2.7692723e-01   1.9444687e-01   7.6766440e-02  -8.4267928e-02   2.0109104e-01   3.6873458e-01  -4.2126802e-02  -1.9660023e-01  -1.0324517e-01  -7.1803902e-02   2.7245701e-03  -3.7562684e-02  -3.1327812e-02   1.2971750e-01   4.8586600e-01  -1.4591242e-01   1.3288702e-02  -7.8681293e-02  -3.3450016e-04   7.7091847e-03  -4.5254960e-02   8.5426073e-02  -9.2484652e-02   1.0007712e-01   1.6574895e-01   2.3739722e-02  -2.3815607e-01   3.8286108e-01   2.6078188e-02  -8.6210824e-02   1.2039059e-01  -1.0512739e-01   2.7989893e-01   1.2784020e-01  -7.1467081e-02   1.6723320e-01   1.4570013e-02  -3.3511811e-02   5.5635795e-01   1.7437787e-01  -1.0555660e-01   1.7540897e-01  -4.2170760e-02  -8.4513693e-02   9.5699376e-02   1.0878919e-01  -9.6523349e-02  -5.3329311e-02   2.1734506e-02   4.3966906e-02  -2.5384206e-01  -2.3024098e-01   5.8373038e-02  -4.3481649e-02   1.3976109e-01   3.7054740e-02   1.2801512e-01  -5.7641799e-02  -2.2934893e-03  -1.0886119e-01   1.5515473e-01  -2.2125668e-02  -1.7352855e-02   5.7755718e-02   4.8609077e-02  -1.7154588e-02  -3.3116993e-01   5.6509166e-02  -2.1202020e-02   3.6912173e-02  -1.3756678e-01  -5.2254440e-02   3.7344625e-02  -1.1946087e-02
   4.4624733e-01   1.6517962e-01  -2.5567201e-01  -6.6009272e-02  -4.7189971e-01  -3.4736816e-01  -5.0508069e-01   1.3010670e-01  -4.2630861e-01  -9.4342943e-02  -4.4467864e-01  -4.3761590e-02  -1.9035464e-01   0.0000000e+00   1.8735868e-01  -3.1089762e-01  -1.3326160e-01  -4.6693485e-01  -3.4239945e-01  -4.0628098e-01   7.8308622e-02  -1.5273980e-01  -3.0028492e-01   6.5326959e-01   6.6956789e-02  -1.9879227e-01  -5.1767684e-01   5.6362290e-01   2.0297607e-01  -2.2094160e-01   4.2955815e-01  -3.1743277e-01   3.2738273e-01  -3.4521570e-01   3.7101038e-01  -6.4519758e-01   2.1114874e-01   8.1691022e-02  -2.7762735e-01  -3.1179451e-01  -3.5625517e-01   2.1367904e-01  -5.3256606e-01   1.5679516e-01  -3.0089905e-01   1.2397187e-01  -3.9222954e-01  -3.7281978e-01   2.0903475e-01  -2.2389347e-02  -3.1113750e-01  -4.0972318e-02  -1.7853280e-01   6.5144376e-01   7.3179668e-01   2.6187994e-01  -1.8061821e-01  -2.6449158e-01  -3.6300492e-01  -2.9804390e-01  -1.5856294e-01   3.3543069e-03  -4.5121707e-01  -1.9215201e-01  -2.9880696e-01  -4.0519241e-01  -5.2876995e-01  -1.2413145e-01  -5.2414690e-01   1.7124675e-01   1.8346789e-01  -3.0527028e-01  -4.9180971e-01   6.7890501e-01   2.4525548e-01  -1.3109159e-01  -1.2625253e-01  -1.0243558e-01  -4.5680847e-01   1.3053847e-01   9.6700878e-03  -4.0060358e-01   2.7787912e-01  -1.9203752e-01   6.3721880e-01  -3.3469356e-01  -9.0413203e-02   9.0194283e-01   2.3958896e-01   5.6109494e-01  -4.0650447e-01  -5.0041353e-02  -4.2933409e-01  -2.9577317e-01   7.4023639e-02   6.6766598e-02   4.9765851e-02  -2.8955411e-01  -4.6606562e-01   2.6589228e-01   7.3777328e-01  -1.9346857e-01   2.8999782e-01   1.8995728e-01  -3.8106108e-01  -5.4677440e-02   4.9490560e-01  -4.7033250e-01   1.0364976e-01  -3.3335111e-01  -3.5041013e-02  -1.9773048e-01   9.4198630e-02   3.6290651e-01   6.2871751e-01  -5.2383921e-01  -1.5515050e-01  -4.4198546e-01   6.0235644e-01  -1.8168446e-02   2.1664761e-01  -3.0212411e-01  -1.0082645e-01  -4.1395391e-01   9.4063047e-02   6.6181087e-01   3.0994056e-01   1.3635168e-01  -3.5589018e-01  -2.4088160e-01  -3.9078997e-01  -2.6996522e-01   7.2429156e-01   1.0088159e-01  -3.6987116e-01  -2.2316674e-01   1.4127616e-01   2.3175525e-01  -3.6812024e-01   1.9322149e-01   3.8967977e-01   2.4923442e-01  -4.1434384e-01   2.6737498e-01   1.0869083e-01   3.4803838e-02  -5.2979446e-02  -4.9206215e-01  -5.6179961e-01  -6.0563409e-02   6.3485996e-01   4.2074111e-01   5.8390005e-01   3.7719492e-03  -7.6011508e-02   4.1190977e-01   3.3241789e-01  -2.9715726e-01   7.0568933e-02   3.0069898e-01  -2.5089795e-01  -3.4155725e-01  -3.2060348e-01  -2.5811805e-01  -2.7786813e-01  -6.8640987e-02  -3.8858844e-01   3.8731834e-01   5.1409074e-01  -2.3607089e-01  -4.1734183e-01   3.5380114e-01  -4.2646381e-01   2.4311668e-01   2.6974103e-02   3.3381721e-01   8.1458085e-04
