   0.0000000e+00   2.1343432e-02   3.4554066e-01  -1.2886172e-01   9.4783830e-02  -3.1527929e-01  -3.5035359e-01   1.1390825e-01   3.2021806e-02  -3.6722230e-02  -1.7069923e-01  -1.1355339e-01  -1.0740921e-01   1.2115887e-01   8.2073679e-02  -1.1168045e-01   2.7865402e-01  -3.6636897e-01  -1.9911772e-01   1.3344989e-02  -3.8236343e-01  -3.2635612e-01  -2.1559047e-01   7.3824707e-01  -7.5817985e-02  -1.7485474e-01  -1.2819252e-01   3.6281133e-01   1.7330952e-01  -2.0105484e-01  -1.1416405e-01  -1.4039403e-01   1.1294355e-01  -7.0357982e-02  -3.4277173e-01   2.5926808e-02  -1.8836653e-01   4.5340597e-01  -1.4195717e-01  -1.6079692e-01  -1.1308565e-01   2.4648835e-01   1.1779459e-01   1.4502496e-03  -3.1112716e-01   6.6001677e-01  -1.2937705e-01  -1.5087341e-01  -2.8234879e-01   1.3820361e-01  -2.2985907e-01  -1.1662117e-02  -9.6249895e-02   3.1036287e-01   4.9278549e-01   6.5067855e-02  -1.9499583e-01  -1.6517371e-01  -1.5726995e-01  -3.1258727e-01   4.8465293e-01  -1.4577261e-01  -1.1849370e-01  -5.1822431e-02  -1.5016890e-01  -4.1847500e-01  -2.4343203e-01   2.2506661e-01  -2.6703567e-01   3.7575468e-01  -2.1892904e-01  -2.3906503e-01  -2.9613508e-02   6.0577054e-01   3.1876388e-01  -1.1812990e-01   7.1799447e-01  -1.3262483e-01  -9.5133178e-02   1.7477535e-01  -1.4092476e-01  -4.0574617e-02  -3.2605085e-02   1.8632749e-01   2.5564914e-01  -1.7807903e-01  -1.7458551e-01   3.7297253e-01   2.2761846e-02   6.4123508e-01   1.3777808e-01   4.2086023e-01  -8.1181463e-02  -2.0281336e-01   4.5112468e-01  -1.2772696e-01   7.3754332e-02  -8.6342175e-02   3.4991278e-03  -2.3479969e-01   4.6670557e-01  -5.1351102e-02   1.6744626e-02  -3.2636503e-01  -3.2376530e-01   2.6652836e-02   3.0237148e-01  -1.5856322e-01  -9.9275478e-02  -1.6600586e-01  -4.2057715e-02  -2.0346510e-01  -1.0523690e-01   6.5493064e-01   2.6266955e-01   6.5919167e-03   1.8222666e-02  -3.1134838e-02   2.9646271e-01  -2.7445253e-01   7.4538278e-01   9.5961709e-02   1.4505942e-01  -2.4312479e-01   7.5759643e-01   3.8213102e-01  -3.6077541e-01   3.0967267e-01  -2.5293883e-01  -6.7701088e-03  -1.6268585e-01  -3.1576549e-01   2.0339182e-01  -1.5859819e-01  -1.1937891e-01   1.1830334e-01   4.8778518e-02   1.3061378e-02  -2.4890853e-02   4.0838171e-01   6.1662295e-01  -5.0200377e-02  -3.7845813e-02  -1.1164258e-01  -2.9973453e-01  -1.7974080e-01  -6.3371897e-02  -1.7162182e-01  -1.8921917e-01  -2.1835381e-01   3.9627302e-01   5.9172754e-03   6.6394329e-01   2.7932322e-01  -7.4859056e-02   4.7206633e-01   6.7410743e-01  -2.1803591e-01   3.6027504e-01  -5.6302303e-02   6.1538519e-02  -1.4223884e-01  -1.3268673e-01  -2.3568367e-01  -2.0251874e-01  -4.3928360e-02  -4.6222213e-02   3.6307740e-01   5.6404644e-01  -2.1357572e-01  -2.5848886e-03   3.2501640e-01  -1.6211325e-01  -3.3869978e-01   7.4058647e-02   2.1854928e-01  -6.4398575e-02
   2.1343432e-02   0.0000000e+00  -1.6692772e-01  -4.4277279e-01   6.7361766e-01  -2.5776311e-01   2.8155364e-01  -1.4493882e-01   6.0480653e-01   3.3602934e-01  -4.4983830e-01  -2.6167779e-01  -1.3523704e-02  -2.7848444e-01  -5.3519030e-01  -3.1588543e-01  -6.1226109e-02  -2.7353968e-01  -2.8293780e-01   4.5076079e-01  -3.9856590e-01  -3.3054885e-01  -2.9714934e-01  -1.4717766e-01  -2.1877860e-01  -2.3594327e-01  -7.0791275e-02  -4.0375919e-01   1.9114939e-01  -2.5598999e-01  -6.0391034e-01  -3.2923861e-01  -1.1794942e-01   9.8136183e-02   2.4128623e-01   2.3961071e-01   2.0212584e-01   1.4288016e-01  -2.1448938e-01   1.4383263e-01   2.4016222e-03  -3.1968752e-02   3.4526033e-01  -1.0477416e-01  -2.4702716e-02  -2.2459081e-01  -5.5378988e-01   6.0251720e-01  -6.2088295e-02   2.7172991e-01  -4.3880321e-01  -6.1879517e-01   6.0789473e-01   8.2077326e-02   2.6515199e-02  -3.6089643e-01  -4.6722692e-01  -3.9031406e-01  -2.4155472e-01   2.7597202e-01  -3.3856986e-01   1.6533082e-02   3.5132491e-01  -3.0250410e-01   5.7351643e-01  -2.6550328e-02   3.7639993e-01   6.2060151e-02  -4.0927728e-01  -2.9129193e-01   3.7789719e-01  -4.7686266e-01   1.4720443e-01  -1.0373517e-01  -1.1375630e-01  -7.2701890e-02  -5.7481737e-02   9.2980541e-03   5.2537415e-01   1.3123307e-01  -5.6722813e-01  -1.6740708e-01  -3.7902724e-01  -2.9424923e-02  -3.4199448e-01   2.0421913e-02   2.5573197e-01  -2.4447027e-01   5.6416011e-01  -7.0808046e-02   6.4737387e-01  -2.6811628e-01   6.0541941e-02   5.9382364e-01   7.4627475e-02   5.2734321e-01   1.8251522e-01   4.0995489e-02   2.5120691e-01  -3.7805965e-01  -2.5524986e-01  -4.8879362e-01  -5.9604729e-01   3.5269353e-01  -3.1957204e-01  -2.2951269e-01   1.6707237e-01   2.2010402e-01  -1.8263911e-01   4.5352108e-01  -2.6573841e-01  -3.3186733e-01  -4.1231515e-01   1.5336675e-02  -4.6658353e-01   5.1931996e-01   8.9392797e-02   2.8975593e-01  -4.4869722e-01  -4.4656298e-01   1.4086116e-02   6.2365007e-01   2.6705525e-01   4.2249791e-01  -6.9111014e-03  -2.9838040e-01  -2.2624176e-01   2.6840432e-01  -2.2967147e-01  -2.3827171e-01  -2.4523119e-01  -1.2449704e-01  -1.4758372e-02   2.4170561e-01   1.2688257e-01  -1.1476216e-01   1.8214590e-02  -3.9284351e-01  -3.1461804e-01   2.1014825e-01   2.9453933e-02   7.7926835e-02  -8.1327345e-02  -1.6480290e-01  -4.9965669e-01  -3.7502079e-01   2.5537959e-01   3.4920070e-01  -1.7902848e-01  -3.2861306e-01  -4.1607853e-01  -5.2459609e-01  -1.8347593e-01   1.8056751e-01   5.0631803e-01   7.9000988e-02  -1.0056708e-01  -1.9036675e-01  -2.7298087e-01  -5.6524301e-01   3.8492029e-02  -2.5409403e-01   4.3720500e-01  -2.2650081e-01  -6.2736389e-02   3.7319891e-01   5.9009500e-02  -2.9346019e-01  -2.6780345e-01   2.4338305e-01   6.0956223e-01   1.5233870e-01  -4.9247554e-02  -2.3648288e-01  -1.5290341e-02   1.7330043e-01  -2.3134509e-01
   3.4554066e-01  -1.6692772e-01   0.0000000e+00  -1.8538481e-01  -1.1031029e-02   3.0278270e-01  -3.4124631e-01   3.5544397e-01   3.8280076e-02   3.3668840e-01  -1.6106321e-01   9.0956213e-02   1.0621159e-01  -1.8949623e-01   1.7119965e-02   5.8782127e-02   9.1657586e-01  -2.3191935e-01   5.0682521e-02   1.5435388e-01  -3.7613432e-01  -1.1052899e-01   5.5439798e-02   1.3096674e-01  -8.9183610e-02  -8.2870500e-02  -2.9566262e-02   2.7066645e-01   1.4827095e-01  -1.6851862e-01  -1.3337430e-01  -3.5548981e-02   3.0690147e-01   1.2108226e-01  -4.3818289e-02  -1.2739993e-01  -1.9720901e-01   1.6145112e-01   4.5697208e-02   1.6003501e-01   5.2459038e-03   2.4252014e-01   2.3441898e-01   3.0781433e-01  -5.6405552e-01   4.5503851e-01  -1.0320244e-01  -3.6170486e-01  -3.0529888e-01   5.1452082e-01  -1.3353437e-01   3.9082447e-02  -3.0285280e-01   5.0784857e-01   5.2238411e-02   9.1654982e-02   6.1488177e-03  -1.0588604e-01  -6.9437423e-02  -1.0009264e-01   5.5536420e-01  -6.2357160e-03   3.1901474e-02  -2.5349170e-01  -4.8091830e-01  -4.1900841e-01  -1.3444587e-01  -3.9896825e-02  -3.9346722e-02   6.0785063e-01   1.7007848e-01  -2.3410797e-01  -3.9658247e-02   2.4671228e-01   1.5061148e-01  -4.2654034e-02   5.7580396e-01   6.9179219e-02  -3.6778923e-01  -1.8175058e-03   5.5334086e-03   1.1024877e-01   1.0273903e-01   1.5575051e-01   4.0219169e-01  -9.9464647e-02  -1.6446794e-01   9.8803988e-02   1.3293391e-01   2.1886618e-01  -2.1695736e-01   6.0084906e-01   5.1410943e-01  -2.3388500e-01   2.0512357e-01   8.5456790e-02   1.2347772e-02   6.2805655e-02  -2.6706969e-02  -2.3718881e-01   3.6648424e-01  -1.0383155e-01  -1.1890021e-02  -7.1803334e-02  -3.2268566e-01   1.8562362e-01   4.5134485e-01   1.1276958e-02  -8.3832849e-02   9.9313457e-02   2.4212879e-01  -1.4669584e-01  -9.7913181e-02   7.5627135e-02   3.2403264e-01  -1.6666873e-01   8.6942124e-02  -1.2327621e-01   4.3937629e-01  -1.6557029e-01   2.1266088e-01  -4.6763100e-03   2.6971195e-01  -3.0010688e-01   4.8550087e-01   2.3022064e-01  -3.8699409e-01   1.5063980e-01  -1.6246071e-01   4.5541297e-01   6.9616367e-02  -4.7901279e-01   9.0521277e-02  -2.2445869e-01   1.4071948e-01   1.7029177e-01   3.3416788e-01   7.8042245e-02  -4.2462964e-02  -2.8739776e-03   1.7674823e-01   2.9171105e-02  -1.1248703e-01   4.2428059e-01  -4.0231985e-01  -3.7148862e-01   4.6572506e-01  -4.6720902e-01   4.8685542e-02  -1.7811387e-01   4.9067772e-01   3.2645591e-02   4.1271694e-01  -3.5803062e-02   2.8135471e-01  -4.2737157e-02   1.8711534e-01  -4.0949059e-02   5.8985710e-01  -1.2604273e-01   2.5616156e-02  -7.6362318e-02  -1.2409556e-01  -3.3786250e-01   5.8006034e-02  -1.0850900e-01  -3.6404782e-01   1.6507378e-01   3.9066712e-01   1.6363735e-01  -4.4030388e-01   1.2719275e-02  -2.7031756e-01   2.4414498e-01  -8.3806898e-02   8.5149834e-02   2.0979483e-01
  -1.2886172e-01  -4.4277279e-01  -1.8538481e-01   0.0000000e+00  -5.4906664e-01  -9.1556847e-02  -9.4972372e-02  -1.3191196e-01  -3.0604130e-01  -6.8727628e-01   5.6522602e-01   5.0279892e-01  -1.1813379e-02   4.4027636e-01   1.0672193e-01   2.6290848e-02  -2.9233156e-01   4.0425073e-01   3.0297851e-01  -4.0593613e-01   3.2252461e-01   4.5101230e-01  -2.0679946e-01   5.7363754e-02   8.5797295e-02   2.8452374e-01  -1.3187692e-01  -3.9566533e-02  -2.8268256e-02   6.2229329e-01   3.5629209e-01   4.1723557e-01  -1.9255591e-01  -5.5370381e-01  -4.2209771e-01  -2.8285922e-01  -1.7588124e-01  -1.0913735e-01  -3.0783601e-02  -5.1626374e-01  -1.0736369e-01  -7.5213633e-02  -4.9184890e-01  -2.3761801e-01   2.0829192e-01  -2.7712729e-02   6.7881461e-01  -3.6124581e-01   3.7227869e-01  -4.6766805e-01   4.7023129e-01   4.2710868e-01  -5.5898548e-01  -9.8428497e-02  -1.2318226e-01   2.8912607e-01   4.7085208e-01   4.5282256e-01   5.1512980e-01  -4.6084159e-02   9.2732136e-02  -2.6464216e-01  -3.9491330e-01   4.1538194e-01   9.1441594e-03   1.9354908e-01  -2.8601426e-01   1.7741746e-01   3.8407718e-01  -1.9622035e-02  -5.7883758e-01   7.3509012e-01  -2.7372833e-01   1.7307218e-01   1.0444644e-01  -6.6050387e-02  -2.1216979e-01  -1.2404437e-01  -1.5916669e-01  -3.8237924e-02   1.9961840e-01   1.5634194e-02   8.8665493e-02   4.9762520e-02   2.5376027e-01   4.5948711e-02  -3.6423686e-01   3.6841565e-01  -4.3396609e-01  -6.8963670e-02  -2.4399442e-01   1.0670618e-01  -5.0649638e-01  -3.0036148e-01  -2.1832610e-01  -3.1636497e-01  -1.3256087e-01  -1.3507266e-01  -2.0853755e-01   3.4683614e-01  -1.1360397e-01   5.3923930e-01   4.0720466e-01  -1.3977268e-01   7.0732598e-01   2.8539214e-01  -2.5831091e-01  -7.8335582e-02   1.0142780e-01  -4.5635211e-01  -9.8062828e-02   6.3644085e-01   6.1592345e-01  -1.8141012e-01  -1.6456343e-03  -4.9052593e-01  -2.9917798e-01  -3.0072534e-01   1.1300222e-01   6.5558252e-01  -4.5882887e-02  -4.6337730e-01  -7.7865274e-02  -1.6887298e-01  -1.7578734e-01   2.1914970e-01   3.4702776e-01  -9.8007286e-02   6.1780108e-01  -1.2114423e-01  -5.8878431e-02   1.2569448e-01   3.5295071e-01  -4.7760020e-01   9.6371057e-03  -5.5297928e-02  -6.5949200e-02  -9.3255434e-02   2.4935434e-01  -2.1577133e-01   1.0106733e-01   5.6237971e-02   2.0811503e-01  -1.4877003e-01   6.7405276e-01   5.9354288e-01  -4.8665811e-01   1.8918825e-01  -5.4699116e-03   8.5993755e-02   2.2499652e-01   1.3670536e-01   4.6385251e-02  -3.9809942e-02  -6.4197005e-01  -1.6237489e-01  -1.2144735e-01   4.3727868e-01   2.1571434e-02   5.4460309e-01   7.0232716e-02   1.7364122e-01  -4.7415599e-01   7.6093121e-01   1.4372714e-01  -4.7972450e-01   2.5697551e-01   2.1549746e-01   5.9926101e-02  -4.6754575e-01  -2.9024834e-01  -1.9651926e-01   4.0804616e-01   1.3868076e-01   3.5739541e-01  -1.2030766e-01   2.0646886e-01
   9.4783830e-02   6.7361766e-01  -1.1031029e-02  -5.4906664e-01   0.0000000e+00  -1.3805065e-01   1.5895987e-01  -9.6941094e-02   4.9801267e-01   4.3046063e-01  -5.0456753e-01  -5.3195412e-01   1.3569971e-01  -3.9690549e-01  -4.9797784e-01  -1.2358126e-01   1.3064478e-01  -3.2090554e-01  -4.4533050e-01   7.4540094e-01  -3.7708079e-01  -5.6248774e-01  -2.2784431e-01  -9.0860247e-02  -7.5837129e-02  -5.0197249e-01   1.7065661e-01  -3.2621949e-01   1.5674199e-01  -5.5804058e-01  -6.3924453e-01  -3.4415914e-01   1.8143562e-01   1.6850297e-01   2.4279594e-01   5.1455386e-01   1.3039606e-01   2.3643690e-01   3.0014876e-03   3.3786786e-01   2.0172708e-01   7.8733877e-02   5.3876988e-01  -5.0418695e-02  -1.0622958e-01  -1.1299583e-01  -4.8340913e-01   5.1657380e-01   3.0392090e-02   3.7515349e-01  -5.5530979e-01  -6.8962230e-01   6.3903376e-01   2.6132701e-01   3.2180398e-02  -5.0044227e-01  -5.8001713e-01  -5.3318494e-01  -2.8284118e-01   4.7119408e-02  -2.5252335e-01   3.2785804e-01   3.5146468e-01  -3.6242177e-01   5.0934633e-01  -2.0415772e-01   3.3712984e-01   6.7161146e-02  -4.4452795e-01  -3.3502889e-01   4.4516131e-01  -5.5744931e-01   3.3771482e-01  -2.7015275e-01  -3.3218601e-02   7.9856036e-02   1.1742268e-02   1.1538864e-01   6.4907954e-01   1.6639850e-01  -6.3275539e-01  -3.7975618e-02  -4.2854211e-01  -2.2810379e-01  -3.3997532e-01  -1.2741446e-02   3.5980275e-01  -2.9724726e-01   6.6774278e-01   2.3634563e-02   7.6422379e-01  -2.4939226e-01   2.6637089e-01   4.8748194e-01   3.0245409e-01   7.2962434e-01   2.9460808e-01  -1.3403909e-01   3.8520764e-01  -3.8423045e-01  -2.1511568e-02  -6.1057618e-01  -5.8934521e-01   8.7191326e-02  -4.9633009e-01  -1.2838941e-01   2.7804570e-01   1.0072288e-01  -8.1462967e-02   5.1589780e-01  -3.2526408e-01  -6.1809867e-01  -5.4026223e-01   2.5074625e-01  -3.6044490e-01   8.0310193e-01   7.6172622e-02   4.0045794e-01  -4.2962341e-01  -5.7489704e-01   1.5216362e-01   8.7088950e-01   2.8194073e-01   3.1152930e-01   1.4473395e-03  -3.9797816e-01  -3.1332961e-01   1.6644786e-01  -4.9074948e-01  -1.9585408e-01   1.9028128e-02  -1.1700671e-01  -2.8864441e-01   3.0775159e-01  -3.4521824e-02   6.6726858e-02   1.4701941e-01  -3.9230133e-01  -3.6514420e-01   3.5803246e-01   1.5105978e-02   1.0482894e-01  -3.4366145e-01  -2.3548164e-01  -6.6726314e-01  -4.3206379e-01   4.4794096e-01   2.3614703e-01  -1.2620596e-01  -2.7308289e-01  -3.2581049e-01  -5.1437390e-01  -4.6866101e-03   2.8873482e-01   6.4766190e-01   1.9971121e-01   1.6504949e-01  -2.2816196e-01  -1.6402974e-01  -7.4171920e-01   2.1459525e-01  -4.8199493e-01   4.5251455e-01  -4.2072556e-01  -1.9657683e-01   6.4384940e-01  -1.0219692e-01  -3.0423575e-01  -1.2681820e-01   4.3089525e-01   6.3041649e-01   1.8999226e-01  -1.7306695e-01  -2.3908007e-01  -2.2359538e-02   2.1324603e-01  -2.6238769e-01
  -3.1527929e-01  -2.5776311e-01   3.0278270e-01  -9.1556847e-02  -1.3805065e-01   0.0000000e+00   1.7290384e-01   1.4586909e-01  -1.5579042e-01   4.1934203e-01  -1.8398349e-01   1.1425047e-01   2.6253352e-01  -1.9133475e-01   1.1861557e-01   4.0322226e-01   3.9013005e-01   1.5768393e-01   5.6774097e-01   2.6374164e-01  -5.6082461e-02   1.0431766e-01   3.7129592e-01  -2.7859215e-01   7.0793861e-02   1.7658663e-01   4.4790662e-01  -2.4400075e-02  -6.7640945e-02  -1.2026696e-02   8.9987505e-02   8.0766642e-03   3.2672881e-01   2.4993523e-01   1.7965804e-01   1.6295078e-01  -3.6604126e-02  -1.7385844e-01   3.0420579e-01   5.6953357e-01   1.9685626e-01   7.1252797e-02   1.8979000e-01   2.6318422e-01  -1.0144976e-02  -3.0665129e-01   9.5142064e-02  -1.9483101e-01  -6.9447125e-03   3.4330314e-01   1.7378232e-01   4.4916842e-02  -2.0911550e-01   1.5330566e-01  -3.0479555e-01  -1.6527076e-02   3.1978647e-01  -4.7470292e-02  -1.4234883e-01   1.8499799e-01  -1.3196232e-01   3.6473863e-01   1.6941658e-01  -3.9894375e-01  -4.0497362e-01   2.0462142e-01   5.4533533e-01  -1.7297906e-01   1.9655540e-01   1.8940428e-01   4.2351090e-01  -1.9940815e-02   7.3500050e-02  -3.1263664e-01  -3.8655169e-02   2.6077099e-02  -1.8455179e-01   2.1275972e-01  -3.0912550e-01  -1.1935416e-01   2.9500030e-01   3.0744894e-01   1.4526133e-01   2.0249318e-01   3.6632683e-02  -6.3300437e-02  -5.9550923e-02  -1.4774262e-01   5.4341005e-03  -3.1048234e-01  -3.9591649e-01  -8.0961471e-02   5.3061527e-01   9.0927152e-02  -7.5867320e-02   1.1441076e-01   2.7922841e-02   1.7539093e-01   1.6071627e-01   4.3791813e-02  -2.2929476e-02  -2.0127286e-01   7.3318249e-02   1.8125398e-01  -1.8286202e-01  -8.1123958e-02   1.8142457e-01   1.4531599e-01  -1.4490478e-02   2.5794596e-01   4.5022462e-01   8.3169955e-02  -1.9046521e-02  -3.2626831e-01   1.7173525e-01  -2.5616701e-01   5.8816193e-02   1.0020991e-01   1.4949131e-01   5.5070635e-02  -3.5585565e-01  -1.4128133e-01   1.4973382e-02  -2.1210901e-01  -1.5251946e-01  -2.3594582e-02   1.8774970e-02  -1.4739841e-01  -1.8219615e-01   5.7766170e-01   4.4784973e-01  -5.3565310e-02  -1.6861178e-01  -6.8214834e-02   2.9039811e-01  -1.3240746e-01   1.2509843e-01   1.8106578e-01  -2.3016360e-01  -9.8941805e-02  -1.1849848e-01   6.2000430e-02   8.7623871e-02   7.2250610e-01  -3.6745281e-02  -2.4074062e-01   5.3658126e-01  -1.3528496e-01   3.8770786e-01  -5.9762636e-02  -5.5697263e-02   1.4450793e-01  -1.7492866e-01  -2.9706961e-01   4.1351447e-01  -7.8600946e-02  -1.9658194e-01  -1.0688536e-02   1.5089675e-02   1.0483326e-01   6.4509656e-02   2.1557869e-01   1.3133365e-01  -2.3976442e-01   7.5785750e-02  -1.4966702e-01  -2.1187914e-01  -3.3220613e-01  -1.7944613e-01   2.6887014e-01  -2.9787311e-01  -2.5237944e-01  -1.0788345e-01   6.3949346e-01  -1.6237886e-01  -1.7860659e-02   1.6749749e-01
  -3.5035359e-01   2.8155364e-01  -3.4124631e-01  -9.4972372e-02   1.5895987e-01   1.7290384e-01   0.0000000e+00  -3.1647408e-01  -1.2780373e-02   1.2990219e-01  -2.6967014e-01   2.1772614e-02  -1.9020680e-01  -1.2482052e-01  -7.0801852e-02   1.8308567e-01  -2.6969145e-01   8.2515842e-03  -6.0160271e-02   1.0946393e-01   1.1187633e-01  -2.2838083e-01   8.4789267e-02  -3.3026750e-01  -1.1637638e-02  -2.3018101e-01   2.9553927e-01  -1.5810765e-01   1.2946950e-01  -1.7197921e-01  -1.1793405e-01  -1.2103422e-01   2.0306963e-01   2.7344346e-01   4.0595070e-01   1.8733962e-01   3.3197355e-01  -1.3502893e-01   2.1491695e-01   9.7044928e-02   1.3331149e-02  -8.5177622e-02  -3.5187904e-02  -2.4402709e-01   4.2180126e-01  -3.7120304e-01   7.2960631e-02   7.0269628e-01   6.1287638e-02  -4.9567792e-02  -4.6073334e-02  -4.1610295e-01   5.1424308e-01  -2.5803238e-01  -3.0026426e-01  -3.0681986e-01   1.6001678e-01  -2.4377683e-01  -1.2169579e-01   3.3280616e-01  -3.4540817e-01  -8.4924008e-03   2.3117801e-01  -6.5146228e-02   2.9480020e-01   5.6112596e-01   5.3230838e-01  -5.6800410e-02  -3.5513535e-02  -2.7846172e-01   3.9751871e-01  -3.6635337e-02   1.6589975e-01  -3.1991988e-01  -2.5162904e-01  -5.7979762e-02  -2.9861054e-01  -8.0162858e-03   3.5962433e-01  -1.4154283e-01   4.2772973e-02   4.0407865e-02  -5.7465626e-02  -2.7502373e-01  -1.6162677e-01   5.2833100e-02   1.7954385e-01  -2.0664660e-01   1.5888445e-01  -9.7403254e-02   2.5123455e-01  -3.6224171e-01   1.2197722e-02   4.0656845e-01  -1.7116386e-01   1.9943959e-01   2.0610558e-02  -1.2744007e-01   7.7037483e-02   1.5164544e-01  -1.8200069e-01  -1.5154220e-01  -2.1480264e-01   2.7958834e-01  -3.2378320e-02  -2.6678811e-01  -1.6335082e-01   1.1061308e-01  -2.9827558e-01   2.9792062e-01   2.1033034e-01  -1.6553168e-01  -1.3415280e-02  -6.6221912e-03  -1.7233945e-01   1.1130744e-01  -1.3870393e-01   3.6594970e-02  -1.9584229e-01   6.6830101e-02  -2.0855996e-01   2.1984945e-01  -5.3536877e-02   3.7870983e-01  -2.2762730e-01  -2.1151597e-01   3.2373744e-01  -5.1537599e-03  -2.3893996e-01  -7.6674354e-02   5.6982214e-02   3.9461458e-01  -1.4708104e-01   4.0909511e-01  -5.0831111e-02  -2.1366762e-01  -2.0914680e-01   4.5585102e-02  -2.6662594e-01   1.9210548e-02  -7.7623092e-02  -1.6793311e-01  -2.5869718e-01   1.3406770e-01   1.5707350e-01  -9.3022914e-03   2.2980731e-01   4.6242158e-01   2.6395165e-01  -6.8760876e-02  -2.2473518e-01  -1.8985253e-01  -1.8459421e-01  -1.5483201e-01   2.6349274e-01   2.3440582e-02  -1.6205349e-01   1.5839225e-02  -4.1198520e-01  -7.2500939e-02   1.6519031e-02  -1.8742122e-01   3.3519217e-01   5.5128470e-02  -2.7755316e-01   2.2613111e-01   1.8933645e-01  -3.0035622e-01  -2.1962312e-01   2.1438379e-01   3.6857829e-01  -6.3182116e-02   4.0011511e-02   2.7181119e-01  -1.1231753e-01  -3.8983597e-03  -1.0981959e-01
   1.1390825e-01  -1.4493882e-01   3.5544397e-01  -1.3191196e-01  -9.6941094e-02   1.4586909e-01  -3.1647408e-01   0.0000000e+00   1.4833781e-01   8.0204044e-02   2.1844446e-01  -1.3859267e-01   3.4728756e-02  -2.7869809e-01   1.9241014e-02  -3.8152190e-02   3.6648549e-01   7.0126056e-02  -4.1404616e-02   1.9812878e-02  -2.2894267e-01   5.8477869e-02  -5.0749581e-02  -5.5264430e-03   1.7622034e-01   2.3862668e-01   1.1771019e-01  -5.4536019e-02  -1.2219330e-01  -9.9586635e-02  -8.4347801e-02   1.3206390e-01   1.7520172e-01   1.8227425e-01  -2.3177146e-01   5.9821350e-02  -1.8350280e-01   1.9004410e-01  -6.2174119e-02   8.9760158e-02   8.6520904e-02   3.1931196e-01  -9.6090891e-02   5.9707938e-01  -3.4173935e-01   2.0409055e-01   4.1908132e-02  -2.7728552e-01  -1.1748262e-01   1.1276231e-02  -1.6568703e-02   4.6861708e-01  -2.0287831e-01   1.0133082e-01  -4.9589270e-02   1.8902761e-01   8.0323378e-02   1.8194061e-01  -1.0915962e-01  -2.5527860e-01   1.8514480e-01  -2.0718634e-01  -2.6744478e-01   3.1972440e-02  -3.8605140e-01  -2.6350892e-01  -1.9034722e-02  -1.6326395e-01   2.4470583e-01   1.3624925e-01  -4.9938169e-02   9.0825425e-02  -4.4549116e-03   1.9199102e-02   1.4692424e-01   1.6551465e-01   3.0041967e-01   2.8568163e-01  -2.9163907e-01   5.6745727e-02   6.1893270e-02  -1.2183327e-01  -1.3799047e-01   4.1131455e-01  -8.3660019e-02   1.5401529e-01  -2.4277932e-01  -3.0727053e-01  -8.2127264e-03  -8.9345183e-02  -1.2039801e-01   1.9872997e-01   2.0625118e-01  -8.1772240e-02   2.1510686e-01  -1.8414967e-01  -1.6442831e-01   2.2911160e-01   1.1393734e-02   1.2403821e-01  -1.9083371e-01   2.6961516e-02   1.1269104e-01  -2.1621889e-01  -5.0343520e-02   3.4387099e-01   2.5346328e-01   3.6985176e-01  -7.2504291e-02  -4.0696464e-02  -1.1298607e-01  -6.8683051e-02   8.8437803e-02  -3.7663074e-02  -5.7976135e-02  -6.6445263e-02   5.7265543e-01  -4.3746689e-02  -3.2517178e-04  -1.3572472e-01   9.5974606e-02  -5.5457473e-02   1.8421521e-01  -4.0958798e-01   2.2214808e-01  -1.9259934e-01  -3.8591097e-01   7.3779416e-02   1.3061967e-01   1.8411189e-02  -3.7940731e-02  -2.0644834e-01  -1.2556197e-01  -1.9050117e-01   2.2021898e-01   5.4956055e-01   3.8886761e-01  -1.3406196e-01   3.5660454e-01   1.5794021e-02   5.7235158e-04  -6.5585212e-03   2.0679229e-02   2.1179002e-01  -2.1387405e-01  -1.7145510e-01   1.7219037e-01  -2.2513569e-01   2.9128866e-01  -3.0623851e-01   4.1691260e-02   5.7278991e-02  -6.4324761e-02   2.2445773e-01   3.7376354e-02  -2.4959963e-02  -4.7218410e-02  -2.2846700e-01   3.4504964e-01   8.0915420e-02   9.6249359e-02   2.1680636e-01  -1.0562790e-01  -1.0417358e-01   3.7676622e-01  -9.9850605e-02  -1.9026406e-01  -5.0882327e-02   1.5093093e-02  -5.5122730e-02  -1.5483289e-01  -6.5559210e-02  -1.0804133e-01   2.5937963e-01   5.2672102e-02  -2.1070353e-02   2.4106392e-01
   3.2021806e-02   6.0480653e-01   3.8280076e-02  -3.0604130e-01   4.9801267e-01  -1.5579042e-01  -1.2780373e-02   1.4833781e-01   0.0000000e+00   3.7946959e-01  -2.2269549e-01  -3.6629607e-01  -3.8544146e-03  -3.8278312e-01  -4.9052132e-01  -3.2315975e-01   9.9754198e-02  -6.0912382e-02  -6.3932645e-02   4.1544706e-01  -3.7261563e-01  -2.0794420e-01  -1.3303627e-01  -3.1705743e-01   1.6800324e-01  -2.9821808e-01  -1.3751849e-01  -5.1197012e-01  -4.6992654e-02  -1.7594103e-01  -5.4058111e-01  -1.9661109e-01  -7.9001744e-02   1.4021547e-01   1.5203790e-01   1.4187318e-01   1.5597060e-01   2.4314442e-01  -1.7938424e-01   1.6783027e-01   2.4656773e-01   1.8172365e-01   4.0264895e-01  -9.1174285e-02  -2.4510456e-01  -1.4859930e-01  -4.0202743e-01   2.6517559e-01  -8.6841305e-02   3.4027012e-01  -2.4729819e-01  -4.2357495e-01   2.7878446e-01   3.4514065e-01  -8.9123304e-02  -4.3676145e-01  -3.3096958e-01  -2.4058181e-01  -8.0421267e-02   2.7129127e-01  -2.6284403e-01  -5.5049757e-03   1.5691687e-01  -3.9247169e-01   2.1256723e-01  -1.1272202e-01   1.3076075e-01   2.7386570e-02  -1.4423080e-01  -2.3283758e-01   1.7322533e-01  -2.9202487e-01   3.1580266e-01  -2.4349325e-01   1.3686810e-01   3.4800225e-03  -1.9036150e-02   1.6813687e-01   2.4244322e-01   4.2757013e-01  -4.9768604e-01   4.6659818e-02  -5.8461471e-01  -2.4622455e-02  -4.6225710e-01   9.7540425e-02   1.2539106e-01  -3.8512881e-01   5.9475323e-01  -2.7201637e-01   3.7871538e-01  -2.1529923e-01   1.7405886e-01   4.9730450e-01   2.3060559e-01   3.9181764e-01   3.7985141e-01   3.1344718e-01   3.5229237e-01  -2.7279140e-01  -3.4515336e-01  -4.9515583e-01  -5.4115019e-01   3.8019391e-01  -1.9568057e-01   1.2667286e-01   2.7625197e-01   2.7164835e-01  -1.4396511e-02   3.2264727e-01  -3.2295738e-01  -2.2160098e-01  -3.9964015e-01  -1.3356611e-01  -4.8953416e-01   3.2817052e-01   2.5875227e-01   2.3487167e-01  -4.9455865e-01  -5.0366669e-01  -1.4380661e-02   3.9035263e-01   6.8512979e-01   2.7253791e-01  -8.6941012e-02  -4.0857508e-01  -3.1368655e-01   2.3628125e-01   1.7562746e-02  -1.2157986e-01  -7.0120624e-02  -3.1421646e-01  -3.8114562e-01   9.0033051e-02   3.5842433e-01   1.1187190e-01   3.6295178e-01  -5.6691486e-01  -2.1577919e-01   2.6353934e-01  -5.9770322e-02   1.6652924e-02   5.4524099e-03   1.1711276e-02  -4.1238305e-01  -4.1311872e-01   2.9979655e-01   1.6113292e-01  -8.6597500e-03  -3.7851780e-01  -4.1431574e-01  -5.8646383e-01  -2.4666995e-01   2.4410251e-01   4.9594971e-01  -1.2111555e-01  -1.5621017e-01  -1.2044247e-01  -6.3070947e-02  -4.9009298e-01   2.7948206e-01  -1.2175425e-01   2.5077542e-01  -2.3400841e-01   3.3250379e-01   2.4662197e-01   1.1063723e-02  -4.0081924e-01  -3.0121764e-01   1.2812041e-01   2.3110714e-01  -1.1776166e-02   3.1760753e-02  -4.1059598e-02   2.2168230e-01   2.6005722e-01  -3.8493239e-03
  -3.6722230e-02   3.3602934e-01   3.3668840e-01  -6.8727628e-01   4.3046063e-01   4.1934203e-01   1.2990219e-01   8.0204044e-02   3.7946959e-01   0.0000000e+00  -6.0297469e-01  -5.4477210e-01   2.4808007e-01  -5.8180242e-01  -1.5449361e-01  -4.2310111e-02   4.5486766e-01  -2.6195671e-01  -6.8486744e-02   5.1325711e-01  -4.5003248e-01  -3.0442429e-01   3.6624266e-01  -3.0525264e-01  -1.0680920e-01  -2.0196248e-01   2.3604752e-01  -1.1272380e-01   1.6781658e-01  -4.9771054e-01  -4.5407165e-01  -4.8476446e-01   3.5641475e-01   6.5304169e-01   5.6569158e-01   2.1631353e-01   2.8266296e-01   8.5241092e-02  -2.3495685e-02   7.3268667e-01   2.5862875e-01   2.5189195e-01   7.0858258e-01   2.5265300e-01  -3.4296375e-01  -2.1735095e-01  -6.6210827e-01   1.9479388e-01  -4.1077318e-01   7.5320177e-01  -3.4915855e-01  -4.9261145e-01   3.7431892e-01   3.2858563e-01  -1.2720718e-01  -4.3836624e-01  -4.9109081e-01  -5.0071576e-01  -3.4104551e-01   1.5407081e-01  -2.4755154e-01   3.2130461e-01   4.1280266e-01  -6.8660797e-01  -1.4500154e-01  -1.5305453e-01   4.1159916e-01  -3.7790734e-01  -3.1076159e-01   1.0483751e-02   7.8756069e-01  -7.0408436e-01   2.8724672e-01  -3.7457404e-01   4.9908293e-02   2.7437189e-02   4.0261773e-02   2.1249285e-01  -6.9588726e-02  -3.8453819e-02  -5.3343567e-02   1.2520090e-01  -2.5135137e-01   2.2392901e-02  -3.5023355e-01  -8.1084032e-02   2.8638881e-01  -4.3609041e-01   5.1440023e-01  -1.6745477e-01   5.2176035e-02  -1.8200075e-01   7.9451913e-01   2.3317470e-01   1.7998979e-01   4.0767008e-01   1.4430082e-01   1.7467656e-01   2.7145623e-01  -3.0315001e-01  -4.1865198e-02  -7.2271909e-01  -5.4630810e-01   3.0278547e-01  -7.0623300e-01  -3.0358320e-01   4.6260676e-01   1.4326532e-01  -4.8766110e-02   4.7348497e-01   2.6294749e-01  -4.7395360e-01  -5.6451951e-01  -2.3060549e-03  -7.2088669e-02   3.3386688e-01   3.0686000e-01   3.6196636e-01  -1.5371888e-01  -6.5634452e-01  -8.4374819e-02   3.2920963e-01   2.8973910e-01   1.5179285e-01   1.9522842e-02  -3.0109512e-01  -3.7700125e-01   6.9792165e-02  -5.7518607e-01   2.9124840e-01   2.1389934e-01  -2.9942863e-01  -4.2571029e-01   4.5576807e-01   2.9285495e-01  -6.4972545e-02   2.4255190e-01  -1.3170386e-02  -4.7657317e-01   1.8043957e-01  -1.0262878e-01   2.7073578e-02  -1.4631866e-01   4.7260745e-01  -6.5322761e-01  -7.4206317e-01   7.8593623e-01  -2.8733893e-01   1.8234056e-01  -1.7430280e-01  -3.6494980e-01  -2.6560242e-01  -1.1393225e-01   4.2941544e-02   8.4144678e-01  -5.3602743e-02  -3.0280940e-02  -2.8341725e-01  -3.8693541e-03  -5.3525859e-01  -8.8354638e-02  -1.4844556e-01   4.5718183e-01  -7.1049602e-01   2.4984770e-02   4.6846142e-01  -4.2417075e-01  -4.4202314e-01  -2.5440492e-01   4.7500044e-01   4.4079768e-02   9.9002082e-02  -4.2621072e-01   2.6661479e-02  -3.1676662e-01   1.6638774e-02  -7.2324947e-02
  -1.7069923e-01  -4.4983830e-01  -1.6106321e-01   5.6522602e-01  -5.0456753e-01  -1.8398349e-01  -2.6967014e-01   2.1844446e-01  -2.2269549e-01  -6.0297469e-01   0.0000000e+00   2.4702855e-01  -3.1229153e-02   2.5838784e-01   2.1462633e-01  -7.2699674e-03  -2.5173238e-01   4.9220005e-01   1.8914301e-01  -4.4739547e-01   4.4043343e-01   4.7667433e-01  -1.2991033e-01  -9.9517966e-02   1.2489470e-01   3.3266786e-01  -2.0365900e-01  -2.7928841e-02  -1.6732214e-01   3.9530437e-01   3.8514114e-01   4.5854002e-01  -2.2464087e-01  -3.7275638e-01  -4.9754905e-01  -2.1723677e-01  -1.7758266e-01  -2.6522075e-01  -4.9612931e-02  -5.0479572e-01   3.0245892e-02  -6.0556444e-02  -6.0205078e-01   6.6414083e-02   2.1322357e-01   4.2330688e-02   6.2591659e-01  -3.4295658e-01   3.0889555e-01  -5.5571516e-01   5.4195687e-01   6.2358622e-01  -4.6513609e-01  -2.5700779e-01  -6.3610612e-02   5.1874686e-01   4.4578505e-01   6.2978575e-01   4.2763248e-01  -1.8994024e-01   1.4211734e-01  -1.8275862e-01  -3.8942075e-01   6.3246336e-01  -3.6855559e-02   1.8977442e-01  -3.8081871e-01   1.2869030e-01   5.1689031e-01  -1.9444218e-02  -5.7834238e-01   7.4469587e-01  -1.2764781e-01   1.4977720e-01   3.4831059e-02   8.0900655e-02  -1.0208827e-01   2.8269898e-02  -1.6532015e-01   3.9787411e-03   1.7536210e-01  -5.0358793e-02   1.9026843e-01   9.0545036e-02   1.2743240e-01   2.2583693e-01  -3.0530398e-01   4.2197685e-02  -3.5823669e-01  -8.5000865e-02  -2.0444125e-01   1.1543871e-01  -4.3437923e-01  -3.2782371e-01  -2.0422251e-01  -4.6930426e-01  -1.2751985e-01   1.1430683e-01  -3.9540489e-02   4.1170532e-01  -1.2864791e-01   6.2918839e-01   5.1291545e-01  -2.1602189e-01   7.1386721e-01   3.8403696e-01  -3.5225983e-01   1.7995333e-01   1.0251606e-01  -4.0619342e-01  -1.2826895e-01   4.8759441e-01   5.5435518e-01  -2.0286132e-01  -1.9850521e-02  -2.9568691e-01  -6.3594056e-03  -2.3698076e-01   6.0484177e-02   5.4061504e-01  -6.0910242e-02  -5.0603969e-01  -1.3948081e-01  -1.6362576e-01  -1.3346923e-01   1.0200155e-02   2.2160057e-01  -9.5796349e-02   6.9867875e-01  -2.0767417e-01  -9.0853428e-02   3.4228614e-01   2.3409873e-01  -3.7863105e-01  -1.1257816e-01   3.1026615e-01  -4.6829888e-02  -5.5657318e-02   5.6487399e-01  -3.1964512e-01  -1.6721663e-01   3.1197517e-02   3.5959946e-01  -2.2792363e-01   5.0368573e-01   6.1607795e-01  -5.8979089e-01   1.6821674e-01   9.3950331e-02   1.6503419e-01   1.6363462e-01   2.1182446e-01  -7.5124990e-02   1.4871851e-01  -6.2897578e-01  -2.3149615e-01  -2.1108838e-01   2.4601447e-01   6.7931277e-02   5.4521496e-01   1.3903042e-02   4.7184042e-01  -3.4260389e-01   7.1649003e-01   3.1619206e-01  -4.7665837e-01   3.3708639e-01   3.0179318e-01   4.1329712e-02  -3.8445399e-01  -3.1936548e-01  -2.5904305e-01   5.3033068e-01   5.7082230e-02   5.4865047e-02  -1.1114084e-01   3.6782040e-01
  -1.1355339e-01  -2.6167779e-01   9.0956213e-02   5.0279892e-01  -5.3195412e-01   1.1425047e-01   2.1772614e-02  -1.3859267e-01  -3.6629607e-01  -5.4477210e-01   2.4702855e-01   0.0000000e+00  -1.6852671e-01   5.2710724e-01   1.7152362e-01   1.8095342e-01  -1.7054262e-02   1.3954710e-01   3.7279505e-01  -3.7641322e-01   3.6826707e-01   3.8163535e-01  -5.9608847e-02   1.2012191e-01   4.2903040e-02   2.9899702e-01  -2.6545536e-01   1.6014037e-01  -1.2652955e-01   5.9487380e-01   4.7544034e-01   3.3422163e-01  -2.1971985e-01  -5.5169426e-01  -3.3353506e-01  -4.1997399e-01  -2.1185718e-01  -3.7889257e-01   9.8521591e-02  -3.9722154e-01  -2.8084021e-01  -2.6666323e-01  -5.1096151e-01  -1.1344732e-01   2.1953697e-01   1.3307873e-01   5.1649650e-01  -2.4955810e-01   2.3397639e-01  -2.9743869e-01   3.4044849e-01   3.2561783e-01  -5.3791626e-01  -6.1201412e-02  -2.4152578e-02   3.8756086e-01   5.4805735e-01   4.0055022e-01   2.5456000e-01   2.6900578e-01   3.1270775e-01  -2.5188520e-01  -4.1122671e-02   3.3946028e-01  -7.7257375e-02   2.6989092e-01  -1.1087680e-01   2.1833747e-01   3.0886060e-01   3.9126575e-01  -4.5869769e-01   5.0738323e-01  -2.8860190e-01   4.4488714e-01  -3.2317859e-02  -2.4289310e-01  -6.2079347e-02  -1.4006991e-01  -8.8914519e-02   1.6658030e-02   9.9577258e-02   1.0445284e-01   4.3866419e-01   8.3858104e-03   6.4704253e-01  -3.4063434e-02  -2.9059173e-01   4.6769148e-01  -4.0680010e-01   1.1250525e-01  -3.5634221e-01   4.0239940e-01  -3.8939632e-01  -7.7355293e-02  -4.4389221e-01  -2.4291235e-01  -7.4243018e-02  -1.2950678e-01  -3.3396415e-01   1.0749258e-01   1.6655660e-01   6.1628364e-01   4.6998510e-01   1.7774082e-01   4.9616454e-01   1.2854024e-01  -1.1620005e-01  -8.2181073e-02   2.0101189e-02  -2.0060401e-01   7.3505208e-02   5.9317542e-01   4.2926548e-01  -3.2298882e-01   2.6792503e-01  -5.7955646e-01  -3.3747115e-01  -3.2487976e-01   4.0672173e-01   6.2207828e-01  -1.9838456e-01  -3.4408371e-01  -1.7364312e-01  -1.1301910e-01   4.2304054e-02   5.4227689e-01   4.1317923e-01  -2.2528820e-02   4.6592478e-01   2.3584305e-01  -3.9286656e-02   3.0430420e-02   5.1848752e-01  -5.0992093e-01   1.2924283e-01  -2.8151551e-01  -7.8532153e-02   1.5796987e-01   1.7479027e-01  -5.2043762e-01  -5.1722089e-02  -2.2195062e-02   1.2732498e-01   5.0507074e-02   6.1328410e-01   5.2496089e-01  -3.2428203e-01   5.5938757e-02  -1.2158618e-01   1.5547495e-01   4.9707906e-01   2.8944816e-01   1.1544458e-01  -3.5700015e-01  -4.9938197e-01  -1.6987485e-01  -2.1032516e-01   2.9265026e-01   2.2952741e-01   4.6178786e-01  -3.6973705e-02   1.5537363e-01  -3.7417423e-01   4.8717294e-01  -3.5208024e-03  -5.2737884e-01   2.0778714e-01   3.8261307e-01   2.8028458e-01  -2.0599254e-01  -2.5193842e-01  -3.4639375e-01   2.7563423e-01   3.7025963e-01   1.7576432e-01   8.2505385e-02   9.1539851e-02
  -1.0740921e-01  -1.3523704e-02   1.0621159e-01  -1.1813379e-02   1.3569971e-01   2.6253352e-01  -1.9020680e-01   3.4728756e-02  -3.8544146e-03   2.4808007e-01  -3.1229153e-02  -1.6852671e-01   0.0000000e+00  -3.8009168e-01  -9.6653074e-02   1.8299585e-01   1.6933910e-01   1.9840069e-01   1.9470695e-01   3.9923687e-01  -2.0269172e-01   2.9752012e-01   9.4329900e-03  -1.0729123e-01  -2.2590645e-01   5.7845669e-02   1.4102529e-01  -2.9468499e-01   8.1393792e-02   4.7189571e-02  -4.5960119e-02   1.2214633e-01   1.1053173e-01   4.2428704e-02  -1.1964277e-01   3.6776852e-01   2.1004117e-02   1.2503360e-01   3.2134505e-01   2.3400085e-01   6.6331778e-01   1.8602003e-01   1.1565284e-01   1.1943742e-01   2.7880986e-02  -1.6310027e-01  -1.6450787e-03  -2.2706014e-01   4.1995361e-02   1.3248093e-01   2.3224956e-01  -4.7662517e-02  -1.3382943e-01  -4.9739834e-03  -3.1707515e-01   9.8647206e-02  -1.0818438e-01  -1.2605177e-02   2.0136167e-01  -5.0730257e-02  -1.8966524e-01   3.1306912e-01   1.2295063e-01  -3.0101010e-01  -1.0141871e-01   1.5420381e-01   1.6452388e-01  -2.7807531e-01  -5.6558147e-02  -1.5406859e-01   1.8650415e-01  -9.3618641e-02   4.5860929e-01  -2.7960185e-01  -3.5700983e-02   1.8950903e-01  -1.1530639e-01  -7.3467370e-03  -1.3953566e-01  -8.7649534e-02   5.6633332e-02   3.2765310e-01   2.6933206e-03   1.5116258e-01  -1.9606738e-01   2.1376449e-02  -1.6174656e-01  -1.4994184e-01  -4.5637481e-02  -3.1552036e-01  -1.2605557e-01  -1.2340012e-01   2.9597044e-01  -6.9726609e-02   1.8895492e-01   2.3208733e-01  -6.4019580e-02  -7.2541286e-02   1.9391161e-01   4.9432355e-02  -2.7791688e-01  -2.4424358e-01   4.3733858e-03  -5.7587466e-02  -5.9204155e-02   2.1123546e-01   3.2282146e-02  -9.9455762e-03   7.5245823e-02   1.5907077e-01   1.7053334e-01   1.2988436e-01  -1.8517339e-01  -1.5200303e-01  -2.4797138e-01  -2.2689577e-02  -1.3804773e-02   5.1467445e-01  -1.7176507e-01  -1.0078059e-01  -9.9336622e-02   7.3978129e-02  -3.4065733e-02  -1.5543381e-01  -8.9053452e-02  -2.8879714e-01  -3.8361017e-02  -1.5278126e-01  -1.7202473e-03   9.2904073e-02   6.2699968e-01   1.1250550e-02  -1.2303136e-01  -1.6886838e-01   1.1586062e-01   6.9986982e-02   8.7106109e-02  -1.4260056e-01  -1.6231715e-01   1.4092728e-01   3.9550718e-02   6.0051367e-01   9.1206211e-02   2.1817512e-01  -2.1445787e-01  -1.6957898e-01   1.7834714e-01   1.1904503e-02   3.3312061e-01  -3.1514506e-02  -2.7687193e-01  -3.0651647e-02  -2.1401548e-01  -5.6483873e-02   1.8389519e-01  -7.1193155e-02   1.3713507e-03   3.1534022e-01  -6.6303920e-02  -1.9051277e-02  -1.5148327e-01   2.6491305e-02   1.2069246e-01  -2.3596678e-02   1.8686013e-01   8.8239723e-02  -1.2352449e-02  -2.7963416e-01  -2.5037403e-01   5.2225606e-02  -1.0833826e-01   6.3738699e-02  -1.3202949e-01   7.6097337e-02  -5.5004433e-02  -1.3461248e-01   2.4500862e-01
   1.2115887e-01  -2.7848444e-01  -1.8949623e-01   4.4027636e-01  -3.9690549e-01  -1.9133475e-01  -1.2482052e-01  -2.7869809e-01  -3.8278312e-01  -5.8180242e-01   2.5838784e-01   5.2710724e-01  -3.8009168e-01   0.0000000e+00   3.9402617e-01   8.8243752e-02  -3.1404524e-01  -8.9401248e-02   1.3475923e-01  -5.6557839e-01   4.3444238e-01   9.7170179e-02   6.0124029e-02   2.6143817e-01   7.1253801e-02   2.1107593e-01  -3.8702730e-01   4.7782631e-01  -1.2233512e-01   3.4435377e-01   5.3281462e-01   5.6189824e-02  -2.2272570e-01  -3.7569096e-01  -1.4989474e-01  -4.6353954e-01  -1.9771359e-01  -2.8075005e-01  -4.3974332e-02  -4.3719895e-01  -4.0951852e-01  -2.3371929e-01  -3.2992138e-01  -2.5859847e-01   2.2779163e-01   1.5134068e-01   2.7219109e-01  -2.3014541e-01   1.7658262e-01  -4.2634281e-01   1.0240141e-01   2.8940515e-01  -2.4019066e-01  -1.6998906e-01   3.8074542e-01   3.9822467e-01   2.2949735e-01   1.8440020e-01   1.9375983e-01  -3.2166869e-02   1.6932033e-01  -2.0664668e-01  -1.0033212e-01   5.6634961e-01   1.4164543e-01  -9.3168112e-03  -3.1694960e-01   2.6901606e-01   2.1733959e-01   1.4125051e-01  -5.2514995e-01   3.3850517e-01  -4.0211722e-01   5.7769938e-01   7.8928146e-02  -2.9927846e-01  -8.6799460e-02  -3.3593262e-01   1.2250327e-02   3.6847381e-02   2.0373313e-01  -6.5731579e-02   4.8946410e-01  -2.8085574e-02   5.8453888e-01  -1.3479298e-01  -3.6399629e-02   6.3382739e-01  -3.5659085e-01   3.2823383e-01  -7.9505820e-02   1.7779577e-01  -4.5997623e-01  -3.2638337e-01  -3.3863070e-01  -2.8246041e-01  -8.6984829e-03  -2.8554684e-01  -2.3423797e-01  -3.8226821e-02   3.9113843e-01   5.6055450e-01   4.5259801e-01   2.8231492e-02   3.1650007e-01  -1.4355095e-01  -1.4991388e-01  -3.1499386e-01   7.0316683e-02  -3.3523857e-01   7.5264365e-02   2.9101363e-01   2.6527730e-01  -1.0837926e-02   4.4902956e-01  -2.7615454e-01  -3.2389525e-01  -3.4302766e-01   4.2250858e-01   4.5430689e-01   5.0689684e-03  -3.0218764e-01  -2.5894991e-01   9.9217223e-03   8.9387468e-03   7.0781403e-01   4.2195556e-01  -4.3831963e-02   2.2853603e-01  -8.6685009e-02  -2.3652493e-01   1.0809017e-01   5.1792837e-01  -1.8129897e-01  -1.6243153e-01  -1.5795347e-01  -2.8794553e-01   3.2571768e-01   2.3951720e-01  -3.2726212e-01  -1.1149486e-01  -2.3428957e-01   2.5459086e-02  -2.7354124e-01   5.6139839e-01   5.5443959e-01  -4.8888566e-01  -2.5631890e-02  -3.7698093e-01   3.0445651e-01   5.1350579e-01   4.3814017e-01   2.6602377e-01  -3.3873776e-02  -5.8164273e-01   1.8685595e-02  -6.6004684e-02   1.6898813e-01   4.6231124e-02   4.6348958e-01  -1.7436004e-01  -1.9292712e-02  -4.3976592e-01   3.5710263e-01  -1.3561887e-01  -2.8608408e-01   1.4016036e-01   4.9064990e-01   3.6252246e-01  -1.7733473e-01  -1.0043080e-01  -3.4569158e-01   2.3475581e-01  -3.5922166e-02   4.8328999e-02  -8.3445190e-03  -1.5318744e-01
