   0.0000000e+00  -2.3912125e-01  -2.3183533e-01  -2.5546499e-01  -3.0318478e-01  -6.1070090e-01  -1.9392634e-01   3.9683319e-01  -3.2763361e-01  -2.3478490e-01   1.3488816e-01  -3.0490901e-01  -1.1275965e-01   6.3051721e-01  -1.9031581e-01  -8.7692649e-02  -7.8691786e-02  -3.5853569e-01  -4.1114335e-01  -2.7452172e-01  -3.6211004e-02  -1.6708395e-01   9.2904884e-02   6.5470731e-01   1.7548845e-04   1.6635997e-01  -4.0341578e-01   1.7442676e-01   1.2340526e-01  -4.6353318e-01   3.3009443e-01  -2.3751467e-01  -2.3860334e-01  -1.5573329e-02   5.6536740e-02  -4.7802845e-01  -2.1235688e-01   2.8791947e-01  -1.5717122e-01  -2.6052401e-01  -3.5633018e-01  -2.2488934e-01  -1.1399936e-02   1.4939708e-01  -2.3318677e-01   4.4747253e-01  -4.2281235e-01  -5.5942531e-01  -1.0479407e-02  -1.2371405e-01  -3.5446535e-01   4.1904255e-01  -2.4444005e-01   2.2811607e-01   6.5915982e-01   8.2494565e-02  -3.4929604e-01  -1.0046707e-01  -2.3327497e-01  -4.9387354e-01   6.8540919e-02  -1.8849153e-01  -2.7773855e-02   3.9207992e-01  -1.4394525e-01  -2.3983966e-01  -6.3770034e-01  -1.0177598e-02  -2.6073226e-01   6.9539750e-02  -4.4827696e-01  -1.5609584e-01  -2.7142870e-01   5.2136687e-01   1.2810921e-01   1.2526132e-01  -4.0304675e-02   1.4114253e-01  -2.8132654e-01  -1.1017110e-01   2.4612860e-01  -1.3303148e-01   3.5389230e-02   3.6284506e-01   7.3116577e-01  -1.6727343e-01  -2.3095700e-01   5.1032164e-01  -1.6123064e-01   7.8402636e-01  -3.8540978e-01  -2.1942343e-01   5.7425091e-02  -1.7997192e-01   4.0424278e-01  -1.9842774e-01  -6.8418211e-02  -2.5944137e-02  -3.0657199e-01  -1.0986278e-01   7.6684188e-01   3.1591513e-01  -1.2411322e-01  -3.0421155e-01  -9.9509638e-02  -2.2232991e-01   2.9656898e-01  -9.1842795e-02  -4.1179151e-02  -5.9131419e-01   5.8263075e-02  -3.8148438e-01  -1.2749279e-01   8.3471411e-01   4.6134840e-01  -4.4705351e-01   5.3273476e-02  -1.4087381e-01   2.0260375e-01  -1.7153546e-01   2.9433642e-01  -3.4140651e-01  -3.5535659e-02  -5.8740917e-02   3.8583995e-01   3.3600243e-01  -2.7846734e-01  -1.0909040e-01  -1.2063042e-02  -5.4084957e-02  -2.4811182e-01  -1.5576602e-01   7.8019329e-01   3.1026538e-02  -3.9987847e-02   2.9988318e-01  -2.8172522e-03  -2.3381881e-03   2.3330959e-02   7.3014002e-01   7.5458483e-01   3.0468776e-01   1.6579664e-01  -4.8529335e-01  -3.3138389e-02  -8.2159598e-02  -3.4881356e-02  -6.1205691e-01  -2.7679741e-01  -1.1861984e-01   6.6829630e-01  -2.9728596e-02   4.4292883e-01   4.9820065e-02  -5.1778986e-01   7.4320280e-01   4.8399642e-01  -2.0417754e-01   8.0037238e-02  -1.8745130e-01  -1.1194725e-01   1.5755732e-01  -5.4142633e-01   1.6018876e-01  -3.2477828e-01  -1.3286282e-01  -1.7122313e-01   5.0910766e-01   7.5927878e-01  -4.0564866e-01  -5.7100995e-02   2.4173855e-01  -1.4628814e-01  -4.9178303e-01   6.1456828e-02   1.1581841e-01  -5.0013586e-03
  -2.3912125e-01   0.0000000e+00   4.8083943e-01   1.9977152e-01   4.3376351e-01   4.2251765e-01  -3.6925122e-02  -4.2413964e-01   3.5940525e-01  -1.0727604e-01  -2.7704256e-01   6.0986714e-01  -1.2054161e-01  -3.4442932e-01  -3.9056954e-02   9.7354693e-02   3.4676193e-01   2.3869284e-01   3.1475015e-01   2.9337020e-01  -3.1392716e-01   2.6579746e-01  -2.2624947e-01  -2.2298778e-01   1.5423147e-01  -1.2591091e-01   2.9792131e-01  -3.1927044e-01   1.3442971e-01   5.7806878e-01  -8.3953959e-02   1.9632100e-01   1.3314277e-01  -1.4858964e-01  -9.9976570e-02   3.8942472e-02   1.7891244e-01  -1.1448180e-01   1.2706313e-01   2.7676421e-01   1.6207997e-01   3.0621878e-01   1.3098860e-01  -7.4881098e-02   1.6609992e-01  -1.8590235e-01   1.6375172e-01   4.4920080e-01   2.0129794e-01   5.1449611e-01   3.4631122e-01  -4.4763440e-01   9.8184464e-02   1.2477179e-01  -1.8265658e-01   3.0299344e-02   2.0937387e-01   1.1075215e-01   7.9684966e-02   2.9342308e-01   2.8330557e-02   8.6166836e-02   3.5345225e-01  -2.1621775e-01   3.3832526e-01  -3.0878615e-01   4.3253846e-01   2.5395803e-02   3.9650531e-01  -4.6592379e-02   5.9584274e-01   1.6593227e-01   1.0859138e-01   1.0273188e-01  -1.4387994e-01   5.9298519e-02   3.6122090e-02  -3.9031054e-02   3.8416689e-01   4.6963602e-02  -3.9313250e-01  -1.4389941e-01   1.3441078e-02  -1.0373433e-01  -2.0287250e-01   1.2419818e-01   1.6228453e-01  -1.7648941e-01   3.7767687e-01  -2.0506769e-01   4.3730127e-01   1.8832402e-01  -1.0658425e-02  -8.2500506e-02  -2.5746878e-01   4.2355543e-01   2.4500694e-01   2.7395511e-01   2.0575882e-01   3.2912775e-03  -4.2270748e-01  -1.0896756e-01  -1.9128028e-01   4.3519559e-01   1.0257115e-01   3.0143008e-01   1.2037037e-01   1.4435031e-01   2.2572873e-01   2.5123332e-01  -1.1127909e-01   2.7635855e-01   2.1123376e-01  -1.8844133e-01  -3.4975086e-01   3.9235871e-01   4.2028017e-02   2.6700808e-02  -2.0038422e-01   2.8165891e-01  -1.5047399e-01   2.3466875e-01   4.3321022e-02  -7.6469852e-02  -1.7628189e-01   1.2738930e-02   3.9379914e-02   1.1007172e-01   7.0048239e-02   6.4910074e-02   1.7966210e-02  -1.5637709e-01  -2.6848372e-01  -1.6246601e-01   1.0073903e-01  -2.0765927e-01   5.7823944e-02  -3.0353290e-01  -7.6349982e-02  -2.1911632e-01  -6.4307728e-02  -4.0878630e-02  -1.7096025e-01   2.5380383e-01  -2.7828220e-02   1.6390581e-02   2.1642764e-01   2.2949893e-01  -9.8873387e-02  -2.5144460e-01  -1.4137544e-01  -3.8048665e-01  -9.4970560e-02   1.3362050e-01   4.5750215e-01  -9.5382005e-02  -1.2936758e-01   7.8849710e-03   3.4059710e-02  -1.4900783e-01  -7.8455737e-02  -2.8988270e-01  -6.8037726e-02   1.3756308e-01   2.9938227e-01  -1.1461014e-01   5.0185751e-02  -3.1815755e-01  -1.7636126e-01   4.1603997e-02  -6.0098496e-02  -1.2828693e-01   2.9473058e-01   2.0903674e-01  -1.0545717e-01   7.2367883e-03   1.9023569e-01
  -2.3183533e-01   4.8083943e-01   0.0000000e+00   8.5827602e-02   1.5412739e-01   4.2324972e-01  -1.6252927e-01  -4.3993991e-01   1.1343505e-01  -3.7414183e-01  -3.2861866e-01   4.0407522e-01  -2.1967971e-01  -3.0726052e-01  -1.8373949e-01   5.9236065e-02   8.4859751e-01   8.3526312e-02   3.5506078e-01  -8.0894936e-03  -3.3710202e-01   2.1319719e-01  -3.5268420e-01  -1.1415850e-01   2.0252470e-02   7.9975943e-02   2.1150076e-01  -3.6514266e-01   4.7966968e-02   3.3623884e-01  -2.4732858e-01   3.4736501e-01   3.8162071e-01  -2.4740808e-01  -1.1796001e-01  -1.6587933e-01  -4.6859325e-02   2.6798548e-01   9.1688016e-02   1.1487880e-01  -5.0660990e-02   3.5057225e-01   1.2102178e-01  -1.6726693e-01  -3.7262326e-02   6.4820067e-02   6.1365633e-02   3.2406347e-01  -2.9087320e-03   5.3406153e-01   2.6344222e-01  -4.5087565e-01  -8.0019142e-02   1.5377860e-01  -2.6465241e-01  -1.4601856e-01   2.5729262e-01   5.0456602e-02  -7.5242361e-02   1.9017060e-01   4.7703058e-01  -9.8365429e-02   3.5479709e-02  -2.1492761e-01  -1.2562301e-01  -3.7071433e-01   4.6432320e-01  -8.6620507e-02   3.4297001e-01   1.4235044e-01   3.9181760e-01   1.2515545e-01  -1.5734362e-01  -5.9172965e-02   8.5025373e-02  -4.4546575e-02   5.7848857e-01  -3.7334987e-02   6.0979401e-02   1.5452297e-01  -4.1425851e-01  -3.9340543e-01  -1.7090340e-01  -1.7091124e-01  -2.7341622e-01   9.2925244e-02  -6.3357702e-02  -1.0876735e-01   1.2378087e-02  -2.6043146e-01   7.8931700e-02   7.6057435e-01  -4.8887806e-02  -1.2242616e-01   8.0899109e-02   1.6840968e-01   9.1186363e-02   2.0759816e-01  -4.6340242e-02  -2.7436497e-01  -4.6338819e-01  -9.7673107e-02  -1.8738174e-01   3.1431054e-01   3.8906269e-02   3.1337187e-01   9.7329420e-03   1.1144127e-01  -1.4384466e-01   7.7149925e-02  -3.5934611e-01   1.4779024e-01   1.7106451e-01  -1.5044177e-01  -3.4204153e-01   1.7297059e-01   8.6900884e-02  -3.1305816e-01  -1.0794685e-01   2.1035171e-01   1.3730683e-01   1.6676284e-02   8.4624484e-02  -2.2174423e-01   9.5269095e-02  -8.5271579e-02  -1.6666252e-01   2.5181019e-01   1.6331988e-01   2.7941397e-01  -1.6044482e-01  -3.5936798e-01  -2.9872233e-01  -3.2124666e-01   1.3719541e-02  -2.7466538e-01   6.5800704e-02  -1.4207529e-01  -6.7156289e-02  -7.7510912e-02   3.8827591e-02  -2.4839462e-01  -3.1099736e-02   3.7857633e-01  -2.7228055e-01   2.6774726e-02   1.2313687e-01   1.4466385e-01  -2.9074395e-02  -2.8437946e-01  -1.8503257e-01  -3.7815363e-01  -1.9977964e-02   6.0551884e-02   4.7258698e-01   5.0806570e-02   1.3400256e-01  -1.0568827e-01   4.1807680e-01  -2.4592886e-01   7.1920099e-02  -1.5565234e-01  -1.8169224e-01   1.5417873e-01   2.5211853e-01  -2.6431381e-01  -1.2786256e-02  -2.5716889e-01  -6.6375286e-02   1.5995855e-01  -2.8959391e-01   1.6729526e-01   9.2014795e-02   2.9236210e-01   3.3008773e-02   7.2183401e-02   1.9702733e-01
  -2.5546499e-01   1.9977152e-01   8.5827602e-02   0.0000000e+00   1.6625657e-01   1.4178121e-01  -2.1507643e-01  -2.2914079e-01   3.3369965e-01  -6.3622786e-02   1.7529360e-01   5.8955077e-02   1.2928846e-01   7.4170839e-03   1.0591875e-01   3.3240133e-01  -4.2020466e-02   3.6759512e-01  -9.4321362e-03   1.1141442e-01   1.5058974e-01   6.5361824e-01   1.1379975e-01  -5.1182902e-01   2.4798244e-01  -2.6321170e-01  -5.6667176e-04  -2.2576560e-01   2.1695495e-01   4.4773879e-01   2.0138901e-01   3.4620951e-01   3.9687129e-01  -1.9108564e-01  -2.4558854e-01   2.4517644e-01   2.2152270e-01  -2.8868858e-01   4.5957001e-01  -1.8544251e-02   4.7659835e-01   3.5465928e-01   2.6384205e-01  -1.8495354e-01   1.1976267e-01  -4.1561528e-01   3.9872822e-01   6.9445348e-02   5.5064237e-01   2.4461870e-01   3.3952565e-01  -9.0256582e-02   2.8538964e-01   2.2800556e-01   1.9505053e-01  -8.0699784e-02   4.9590684e-02   5.4440322e-01   5.8277239e-01   2.2213649e-01  -2.0781885e-01   3.5373953e-01   5.2197351e-01   8.1263346e-02   4.1024805e-01   5.3386232e-02   2.4867697e-01   6.1195301e-02   3.7542710e-01  -2.7856968e-01   2.3009973e-01   6.3209869e-01   3.7506527e-01  -2.1888439e-01  -2.3602309e-02   3.6545423e-01  -1.5396964e-01   8.3008061e-02   1.8795585e-01   9.2802101e-02  -2.3047288e-01  -9.5076226e-02   1.2560984e-01  -8.2788824e-03  -2.1019740e-01   1.2306284e-01   3.2508661e-01  -3.1128203e-01   3.2251857e-01  -3.0866995e-01   1.5813935e-01   1.7438596e-02   1.3350127e-01   2.3772107e-01  -4.9788009e-01   2.6174074e-02   6.5089376e-01  -1.9615163e-01   5.3894490e-01   3.3021650e-01  -1.7302660e-01  -1.4129419e-01   2.8910486e-01   5.9421975e-01   3.7118478e-01   5.0177142e-01   1.8117852e-01  -1.8578822e-01   2.1396395e-02   2.0245594e-01  -7.4544547e-02   3.9294374e-01   6.9211742e-01  -2.3015703e-01  -2.0044336e-01   1.8626109e-01  -5.6462025e-02   2.8347173e-01  -7.1166990e-02   4.9670905e-01  -4.3575384e-01   1.2247941e-01  -8.6320408e-03   3.7417905e-01  -4.2730018e-01   2.0857291e-01   2.5242590e-01   2.0614739e-01   4.2932130e-01  -1.3216358e-01   3.6575624e-01   2.0684075e-01  -1.5740135e-01   3.2281154e-01   3.4718830e-01   1.6298221e-01   7.0240889e-03   1.8682399e-02  -7.3621077e-02  -4.2540588e-01  -5.8453406e-02  -1.2391632e-02   4.2176729e-02   4.6572726e-03   2.1757164e-01   3.1356312e-01  -4.9611513e-02   2.0556615e-01  -8.2487525e-03   1.6801095e-01  -4.0870985e-01   9.1515542e-02  -2.3739182e-01   2.2264580e-01   8.5228244e-02  -3.9596019e-01  -2.9193705e-01   4.8657461e-01  -9.4545149e-02   3.3777508e-02   2.7800510e-01  -1.1406867e-01   1.4590117e-01   4.2002442e-01   4.3801658e-01  -8.3081731e-02   1.2060934e-02  -3.7672544e-01  -3.0715051e-01   3.0523715e-01  -1.6165585e-01  -4.9030658e-01   5.4692972e-01   6.8602030e-03  -2.5877184e-02  -5.2111652e-02   5.6687304e-01
  -3.0318478e-01   4.3376351e-01   1.5412739e-01   1.6625657e-01   0.0000000e+00   2.7817423e-01   2.3759642e-02  -4.1251315e-01   5.6813580e-01   1.1658718e-01  -5.3400265e-01   3.5810089e-01   1.9581101e-01  -5.6684809e-01  -2.0445244e-01   6.4329544e-03   4.1358534e-02   2.0455648e-01   2.6324382e-01   8.4848322e-01  -1.0786208e-01   1.1362889e-02  -2.0147376e-01  -4.6568358e-01  -2.4860002e-03  -2.1258429e-01   5.5406169e-01  -6.5364696e-01  -8.4677805e-03   3.1188446e-01  -2.2545216e-01  -1.4143629e-01   1.5442635e-01  -7.6381978e-02   4.2938250e-02   5.2367982e-01   2.0660509e-01  -1.7281112e-01   1.5907113e-01   5.2603768e-01   4.2837077e-01   1.8662652e-01   2.1748774e-01   8.3429279e-03   2.5425886e-01  -3.2076718e-01   1.7878504e-02   6.5700743e-01   2.4889197e-01   5.2386392e-01   1.2274558e-01  -3.8555220e-01   3.0391242e-01  -1.2403060e-01  -2.8736788e-01   5.8950688e-02  -1.5687204e-01  -5.3682130e-02   1.5130031e-02   2.5735314e-01  -3.3405840e-01   2.8222612e-01   2.0742399e-01  -3.8047121e-01   3.5440177e-01   1.8420270e-02   3.6371401e-01   2.1752226e-01   2.9267242e-01  -1.6779561e-01   6.2112793e-01   3.7285187e-02   2.5259263e-01  -2.9157808e-01  -3.5137983e-01  -1.3371866e-01  -2.0901474e-01   2.3415467e-01   7.9241190e-01   1.7169035e-02  -5.2185848e-01   1.0269284e-01  -9.7261265e-02  -4.2079357e-01  -3.9575581e-01   1.5772264e-01   2.4207372e-01  -4.3428446e-01   2.8894878e-01  -1.8394320e-01   8.4127394e-01   2.4781607e-02   1.1034979e-01   1.5356693e-01  -2.7518923e-01   6.2282093e-01   2.5703255e-01   2.0008081e-01   5.3150363e-01  -1.2444338e-01  -3.8958745e-01  -3.1764340e-01  -2.6751561e-01   1.7652500e-01  -2.3794256e-01   2.0694899e-01  -9.3282038e-02   1.6155924e-01   2.3964114e-01   6.2120654e-01  -1.2010670e-01  -4.5926563e-02   2.1590544e-01  -1.5156993e-01  -5.2297821e-01   8.1530145e-01   3.8138035e-01   2.6715644e-01  -4.6503968e-01  -5.1001805e-02  -4.2595090e-01   6.8742087e-01   2.3625431e-01  -1.8522319e-02  -3.3626520e-01  -4.0458474e-01  -9.0025344e-02  -6.2716198e-03   1.8455758e-01  -4.8952414e-02   1.3262025e-01   8.6422837e-02  -4.8170191e-01  -4.8599590e-03   2.6065135e-01  -2.4445058e-01   6.0600233e-02  -5.7010283e-02  -1.3438259e-01  -2.8937270e-01  -2.7060418e-01   1.2398487e-01  -2.4268457e-01   5.9984825e-02  -8.1997753e-02  -3.5072550e-02   1.6091409e-01   4.1761460e-01  -5.4522952e-02  -1.0729875e-01  -3.5973543e-01  -1.1367848e-01  -3.3199604e-01  -6.7452112e-02   5.7372184e-01  -2.8883272e-01  -5.0415182e-01  -5.7543629e-02  -1.9618940e-01  -2.3027142e-01   1.3856299e-01  -1.3789869e-01   2.7421176e-01  -9.7466221e-02   1.9687615e-01   2.9868827e-01   4.5138856e-02  -4.4195440e-01  -4.7963970e-01   3.7082594e-01   2.9314970e-01  -2.8052710e-01   3.6372144e-01   6.7842830e-02   7.3214508e-02  -2.0896263e-02   1.1508488e-01
  -6.1070090e-01   4.2251765e-01   4.2324972e-01   1.4178121e-01   2.7817423e-01   0.0000000e+00   1.7022301e-01  -2.8505504e-01   3.2307315e-01   1.8324456e-01  -1.4263143e-01   5.2589357e-01   4.5913944e-02  -3.8691941e-01   1.9935776e-01   1.2056542e-01   2.2799198e-01   4.2389765e-01   6.8679581e-01   1.8325206e-01  -2.1148690e-01   2.3978386e-01  -3.0676354e-01  -4.5908248e-01   2.5393469e-01   7.2762866e-02   5.0091893e-01  -1.2845844e-01  -8.7206223e-02   6.3942231e-01  -3.3854021e-01   2.5302458e-01   1.6264455e-01  -1.0727950e-01  -2.1864528e-01   3.1267405e-01  -4.8340739e-02  -1.6266116e-01   6.2215647e-02   1.8128536e-01   2.0489769e-01   2.1291028e-01   1.0364955e-01  -2.3673061e-02   2.7954582e-01  -3.9003859e-01   3.5828631e-01   5.5720642e-01  -7.7259901e-02   2.4228256e-01   4.6430206e-01  -2.5802508e-01   6.3594497e-02  -2.8780621e-01  -4.3681709e-01   7.3484159e-03   6.8389297e-01   1.3283834e-02   5.9074981e-02   6.0284270e-01  -1.5619669e-01   8.9411557e-02   1.1600059e-01  -2.6254026e-01   1.6135488e-01   7.4977568e-02   8.2061335e-01   6.3351271e-02   2.3741821e-01  -6.4562328e-02   4.9334016e-01   2.6763892e-01   6.7527063e-02  -2.6554456e-01  -3.9453836e-02  -1.5431208e-01   1.9644229e-02  -1.5583792e-01   1.3957202e-01  -8.8933940e-02  -7.4873836e-02  -4.8378203e-02   4.2738651e-02  -1.4071842e-01  -5.3260088e-01   1.1602619e-01   9.6442772e-02  -3.8763781e-01   2.1974264e-01  -5.3980290e-01   2.7811898e-01   2.7241417e-01  -2.3552608e-01   4.7567282e-02  -3.6674263e-01   2.6458544e-01   3.0302177e-02   3.6506675e-01   2.0362395e-01   4.1918193e-02  -6.1873449e-01  -1.5499099e-01   9.8905608e-02   4.3171623e-01   1.5432556e-01   2.5481693e-01  -3.5361077e-01   3.9922504e-01   5.4457408e-03   4.0990152e-01  -3.5257653e-02   5.0746504e-01   1.8995940e-02  -5.9728200e-01  -3.5354504e-01   3.2198571e-01  -5.3673631e-02   6.9706194e-02  -5.4329853e-02   2.5925855e-01  -2.9599858e-01   2.2520270e-01   1.4224111e-02  -5.6629198e-02  -3.4897334e-01  -9.5308672e-02   2.0820183e-01   5.2330817e-02  -3.1035811e-02   6.7749778e-02   6.1114451e-02   7.3363443e-02  -6.3028916e-01  -2.0852658e-01   6.7552757e-02  -2.1216898e-01  -1.5941222e-01  -1.4080348e-01   1.3463388e-01  -5.4730563e-01  -3.6736172e-01  -2.7427048e-01  -1.5828802e-01   6.9368434e-01  -1.2761202e-02  -1.0355378e-01   7.0034692e-02   5.5631592e-01   3.3889930e-01  -2.2088865e-01  -4.1029059e-01   1.7369651e-02  -1.7158232e-01   5.2277487e-02   5.6131247e-01  -4.5540665e-01  -5.0858974e-01   1.5586931e-01  -1.2644095e-01   3.3821897e-01   1.8794936e-01  -2.1292103e-01   4.0507278e-01  -1.3568629e-01   3.0349066e-01  -7.7585370e-02   1.5570202e-01  -2.9476506e-01  -4.8883122e-01   2.2346553e-01  -7.6360527e-02  -1.8609154e-01   2.2465041e-01   7.0207544e-01  -3.5869877e-02  -9.1524572e-02  -1.4194455e-02
  -1.9392634e-01  -3.6925122e-02  -1.6252927e-01  -2.1507643e-01   2.3759642e-02   1.7022301e-01   0.0000000e+00   3.8445975e-02   1.6431018e-01   6.6264759e-01  -1.9682023e-01   2.9148420e-01  -1.0363962e-01  -2.6551453e-01  -3.3455659e-02   3.5434064e-02  -2.3503211e-01  -1.8574785e-01  -3.8993292e-03   1.7981156e-01  -6.9199031e-02  -3.0819267e-01   1.9899652e-01  -2.8038552e-02  -4.7027281e-02  -1.5441981e-01   4.7572445e-01   1.2718775e-01  -1.2691583e-01  -1.6399317e-02  -4.1899141e-01  -3.1143601e-01  -2.0685472e-01   5.4192683e-01   5.8679235e-01   3.2598969e-01  -5.6603903e-02   3.5317230e-02  -4.1725730e-01   4.8348579e-01  -1.4989981e-01  -1.0545984e-01   5.3199659e-03   1.8586232e-01   1.3313085e-01  -4.7813699e-02  -3.0909259e-01   3.6222269e-01  -2.6547910e-01   3.1427247e-02  -2.6444994e-01  -9.1720366e-02   8.0974981e-03  -3.8310054e-01  -3.6842870e-01  -1.4391577e-02  -7.2572156e-02  -5.4753793e-01  -2.3263743e-01   2.4704141e-01  -1.2911760e-01   1.8548313e-02  -1.9321790e-01  -1.6072670e-01  -8.7241594e-02   3.5884214e-01  -1.1743589e-01  -1.3252813e-01  -2.9096400e-01  -2.0507348e-01   1.3763429e-01  -1.2286330e-01  -1.4886775e-01  -3.4566299e-01  -7.5846217e-02  -4.8548207e-01  -2.0574260e-02   1.0337583e-02   2.7845400e-01  -2.8436127e-01   4.0769831e-01   7.2534982e-02  -2.2220877e-01  -3.8130942e-01  -2.6528332e-01  -1.2673304e-01   2.9017450e-01  -2.7511900e-01  -6.9930281e-02  -3.9299521e-02   1.1587626e-01  -8.3105310e-02   2.9556104e-01   1.8337613e-01   1.2085977e-01   1.6894639e-01  -4.3961252e-01  -9.3528902e-02  -7.2763350e-02   8.0627098e-02  -1.4099847e-01  -3.4253625e-01  -7.9903114e-02  -1.9322656e-01  -3.4027922e-01  -2.7959427e-01  -5.5270617e-01   3.7965481e-01   1.5994832e-01   3.1123353e-01   1.5305197e-01  -1.8198168e-01  -3.0493261e-01  -7.0368741e-02   4.3573710e-02   1.9785685e-01  -2.5340306e-02  -4.4014982e-02  -2.6224059e-01  -4.0765095e-01  -1.9060469e-01   3.6953487e-01   7.5300570e-02  -1.7401394e-01  -1.1914625e-01  -2.7416087e-01   1.7637155e-01  -2.8987053e-01  -3.7434652e-01  -2.0004188e-01  -3.0231644e-02   1.2969208e-01  -2.8190779e-01  -1.6211019e-01   1.8132847e-02  -1.6037641e-01  -1.6965590e-01   1.6763331e-01  -1.5845415e-01  -5.6602076e-02  -2.7774637e-01  -1.4866786e-01  -1.0670851e-01   1.4941734e-01   1.3197156e-02  -3.3643218e-01   5.7289620e-01  -5.0578113e-02   5.9271423e-01   2.2693970e-01  -2.9803905e-01   3.6862545e-01  -2.8423331e-01  -2.9464237e-01   2.4947925e-01  -1.8796209e-01  -2.8793386e-01  -2.2202697e-01  -2.5677037e-01   3.5686624e-01  -1.2688313e-01   2.6032013e-02   2.5950372e-01  -4.1307607e-01  -1.9865721e-01   5.7043515e-01  -8.6804569e-02  -1.5467729e-01  -2.6945145e-01   9.8625346e-02   6.8114314e-01   3.3109751e-02  -1.6438216e-01   4.6648468e-02  -2.1052673e-01  -1.7513454e-01  -3.3855257e-01
   3.9683319e-01  -4.2413964e-01  -4.3993991e-01  -2.2914079e-01  -4.1251315e-01  -2.8505504e-01   3.8445975e-02   0.0000000e+00  -4.0577415e-01   1.0893027e-02   3.3061424e-01  -2.7410672e-01   3.4601223e-02   4.4003551e-01  -3.2302886e-02  -8.7367283e-03  -4.2096551e-01  -2.0724121e-01  -1.1025431e-01  -2.5866035e-01   7.9036556e-03  -1.6158288e-01   3.8842021e-02   3.8401546e-01   8.7361073e-02   4.1408768e-01  -3.0603004e-01   4.1825752e-01  -3.7400361e-02  -4.6747464e-01   2.8052976e-01  -6.5000991e-02  -2.0912833e-01   2.0928779e-01   2.3993207e-02  -3.0741533e-01  -5.1056453e-02  -8.3256759e-02  -1.1946860e-01  -1.8955697e-01  -2.2724473e-01  -2.9288185e-01  -4.6079397e-02   5.3315501e-01  -8.1428394e-02   1.0379866e-01  -1.5547197e-01  -4.7010912e-01  -2.9768876e-01  -4.0017633e-01  -2.1536841e-01   6.5388011e-01  -3.4286896e-01   8.4489873e-02   3.9838505e-01   4.3934545e-01   1.2486179e-01  -8.9707425e-02   2.9735974e-02  -3.8939477e-01  -2.1161031e-01  -2.3051820e-01  -2.1966149e-01   3.8797543e-01  -1.5649331e-01   1.9006771e-02  -4.3237100e-01  -1.2036814e-01  -6.9304033e-02  -1.1564642e-01  -3.6332202e-01  -2.1611866e-01  -2.5407637e-01   4.2320241e-01   2.5675528e-01   8.8338378e-02  -2.4548027e-01   1.7169810e-01  -3.7755252e-01   4.1305729e-02   5.9355363e-01   2.8078372e-02   4.1767861e-01   5.5890085e-01   4.7617309e-01   1.5906321e-03  -1.8086341e-01   4.1141482e-01  -1.1969431e-01   3.7503880e-01  -3.8905034e-01  -3.5799700e-01   1.1402348e-01  -2.1433755e-01   1.9049068e-01  -1.6831574e-01  -1.1981832e-01   7.1272073e-02  -3.8937158e-01   7.0060083e-02   5.6190519e-01   4.0532498e-01   7.1669901e-02  -4.1166775e-01  -5.9820475e-02  -1.4759499e-01   2.1489430e-01   2.3263218e-01   1.8431033e-01  -4.4739402e-01   4.0365029e-01  -1.5515395e-01  -2.0287046e-01   2.3496071e-01   4.3847439e-01  -3.8603662e-01   9.1250735e-02  -3.1992068e-02   2.5500978e-01  -2.6023512e-02   1.6794532e-01  -2.5955116e-01  -4.4029675e-02   3.5689231e-02   8.7325390e-02   2.7529638e-01  -9.1458722e-02   7.6619612e-02   2.3433604e-02  -3.5145638e-01  -1.8176715e-01   1.5359036e-02   5.5080169e-01   5.8680700e-02  -9.1973845e-03   5.3746396e-01   9.5277363e-02  -1.9875459e-02   3.5348357e-01   2.4121852e-01   1.3630802e-01   1.0592793e-01   4.1247874e-01  -2.8400621e-01   8.4563061e-02  -4.8081978e-02  -2.6832882e-02  -4.4126369e-01   5.3748687e-02   5.6069104e-03   4.0098021e-01   2.8418704e-01   3.5271408e-01  -1.2451271e-02  -5.0472831e-01   1.6265182e-01   1.3384849e-01   3.1256474e-02  -2.2711531e-01   1.7393498e-01  -6.8140774e-02   3.8395060e-01  -2.2119869e-01   7.4733593e-02  -2.2101335e-01  -3.1390067e-02   1.0755634e-02   5.8768484e-01   3.7549918e-01  -2.5270159e-01   7.4491874e-02  -5.1392073e-02  -3.4301211e-01  -6.7326427e-02  -5.2165778e-02   8.0914872e-02  -1.7482217e-01
  -3.2763361e-01   3.5940525e-01   1.1343505e-01   3.3369965e-01   5.6813580e-01   3.2307315e-01   1.6431018e-01  -4.0577415e-01   0.0000000e+00   2.0747154e-01  -3.1649859e-01   5.9684200e-01   1.2170716e-01  -4.2969551e-01   1.0766465e-01   2.0615254e-01  -9.8265467e-02   3.4130351e-02   7.9285615e-02   5.1129510e-01  -1.4754156e-01   2.0033405e-01   9.3233295e-02  -4.2582954e-01   1.3092386e-01  -3.5564769e-01   4.1424877e-01  -5.1110414e-01   8.9428647e-02   4.3132424e-01  -3.3982863e-01  -1.3298183e-01   1.5378530e-01   1.2193119e-01   2.8132037e-01   3.8031761e-01   6.3873911e-02  -1.7467667e-01   1.1359206e-01   4.3456521e-01   3.5006636e-01   2.4742720e-01   4.5432085e-01  -1.1958701e-01   1.8267627e-01  -5.5382870e-01  -1.0246851e-02   4.7711038e-01   3.3283413e-01   4.7321767e-01   7.1904809e-03  -2.9681356e-01   3.5497926e-01   4.5727397e-03  -1.1281020e-01  -4.4569364e-02  -6.3917576e-02   6.1664528e-02   5.9260694e-02   5.2629099e-01  -3.4752522e-01   3.7241208e-01   4.4892749e-01  -3.6460535e-01   3.4380066e-01  -2.1388081e-02   2.1795245e-01   1.9090625e-01   1.6488874e-01  -4.2929879e-01   4.9105746e-01   1.7524650e-01   2.9005907e-01  -3.8229151e-01  -2.3573919e-01  -2.8982631e-01  -2.2984355e-01  -3.3515669e-02   6.8005461e-01   5.4174194e-02  -3.4723354e-01   8.0822492e-02  -2.8190016e-01  -5.2626340e-01  -6.0271089e-01  -1.1053169e-01   5.5752307e-01  -3.0512296e-01   3.7945991e-01  -3.4160626e-01   4.4182543e-01  -7.8427856e-02   2.7860435e-01   5.8519219e-01  -4.0785684e-01   3.9782569e-01   2.4560297e-01   2.2902098e-02   4.6500466e-01   5.9235701e-02  -5.1959458e-01  -4.0432063e-01  -2.5481625e-01   5.6828182e-01  -1.3445911e-01   1.5668769e-01  -1.5235093e-01   6.2830374e-02   1.7684619e-01   4.3872474e-01  -2.5718314e-01   9.4877376e-02   3.9649828e-01  -1.6000023e-01  -3.8478422e-01   5.0147907e-01   2.3106888e-02   2.0141023e-01  -5.2497892e-01   9.8371297e-02  -5.6207584e-01   5.7037327e-01   3.3878242e-01   1.6586136e-04  -4.9911693e-01  -6.2563994e-02   1.3247590e-01  -1.2359913e-02   2.4205479e-01  -3.0609944e-01   2.7908800e-01   2.1330635e-01  -5.2195919e-01   1.5071980e-01   5.4707007e-01  -3.4647976e-01   9.5127521e-02   4.8048163e-02  -1.8749802e-01  -3.7870523e-01  -2.1562452e-01   6.8006251e-02  -3.4311615e-01   4.7654341e-02   1.9608642e-01  -1.4274806e-01   3.6971976e-01   1.6345304e-01   7.7894227e-02   4.1340242e-03  -6.0393026e-01  -8.6979386e-02  -4.2997193e-01  -2.0181480e-01   4.2553835e-01  -3.6450693e-01  -5.1861639e-01   1.0553987e-01  -3.6524006e-01  -4.8031372e-02   1.3966459e-01  -3.9481896e-01   2.1219202e-01  -1.3408217e-01   1.4216021e-01   2.9209844e-01  -9.0818559e-02  -5.7358046e-01  -5.6331036e-01   1.7223555e-01   1.9190697e-01  -3.4825765e-01   2.9292470e-01   5.2914215e-02   1.8625416e-03   4.7638097e-02   3.4611864e-01
  -2.3478490e-01  -1.0727604e-01  -3.7414183e-01  -6.3622786e-02   1.1658718e-01   1.8324456e-01   6.6264759e-01   1.0893027e-02   2.0747154e-01   0.0000000e+00   2.8527401e-02   1.0375923e-01   1.3178953e-01  -2.2987191e-01   1.1338674e-01   8.0890568e-02  -3.3753835e-01   1.8005091e-01   7.3296327e-03   2.6579573e-01   8.8226752e-02  -2.7214350e-01   2.9003773e-01  -2.5344438e-01  -7.6349055e-02  -1.7832690e-01   3.6511653e-01   1.3724263e-01  -1.9897210e-02   7.8439267e-02  -2.4880731e-01  -3.4177535e-01  -2.3241397e-01   3.4283091e-01   3.6423133e-01   5.3750820e-01   1.3509027e-01   1.0948709e-02  -1.8432934e-01   2.7947005e-01   5.0947922e-02  -9.3618851e-02   1.7177640e-01   1.0016191e-01   3.9836892e-01  -8.9869036e-02  -5.2400776e-02   2.1413815e-01  -6.3014322e-02  -1.7506105e-01  -7.0356176e-02  -7.4660976e-02   2.8794634e-01  -5.4553979e-01  -3.3301831e-01  -9.7839993e-03  -4.9969107e-02  -4.2543785e-01  -6.8049852e-02   2.6221230e-01  -2.4478124e-01   2.5963779e-01  -8.4241937e-02   3.9692164e-04   2.5604598e-01   6.2997544e-01  -7.5704139e-02   1.5918363e-01  -3.0194731e-01  -8.2680355e-02  -1.4715835e-04   9.7668325e-02   5.5464080e-02  -4.4353160e-01  -1.9528926e-01  -4.2011491e-01  -1.3420150e-01   3.8320497e-02   2.9396424e-01  -4.7662766e-01   2.1494143e-01   1.8684224e-01  -5.7549058e-02  -3.8944551e-01  -1.8316552e-01  -2.2296917e-01   2.7232661e-01  -3.7785795e-01   1.1266838e-01  -2.4791140e-03   2.3344929e-01  -2.1543152e-01   1.9661576e-01   3.3766692e-01  -1.3280726e-02   9.5496421e-02  -1.9351301e-01  -5.1346214e-02   2.3838393e-01   2.1688880e-01  -4.6024275e-02  -2.7072487e-01   3.3519933e-02  -1.5568875e-01  -2.1794669e-01  -1.8548468e-01  -5.6844043e-01   3.4195018e-01   3.4557798e-01   3.9276564e-01   1.7878392e-01  -1.1170374e-01  -2.6382317e-01  -6.9867783e-02   5.0397978e-03   1.9459472e-01  -3.9780050e-02   1.7008041e-01  -1.4899225e-01  -2.0811386e-01  -3.0414033e-01   4.4462740e-01   9.2952341e-02   1.3538317e-01  -1.3379365e-01  -3.6654614e-01   3.1770383e-01  -5.4093801e-01  -3.5239096e-01  -6.6853021e-02   1.5610822e-01   4.6656259e-01  -3.4608449e-01   4.7797999e-02   1.3048515e-01  -2.1402734e-01  -3.8849340e-01   1.2096211e-01  -2.7501675e-01  -1.4020200e-01  -3.0899859e-01   4.8389518e-02  -1.4872374e-01   1.0824122e-01   4.4962948e-02  -2.7811083e-01   2.2310606e-01   1.9061629e-01   5.5070280e-01   3.0173460e-01  -1.9026651e-01   3.0357000e-01  -1.9738669e-01  -1.8771531e-01   9.3024333e-02  -2.1161618e-01  -3.8611048e-01   1.6980654e-02  -3.0318267e-01   2.7511337e-01   1.2230214e-01   6.0513862e-02   5.4122629e-01  -3.6775020e-01  -1.0404154e-01   4.8881843e-01   7.0004237e-02  -1.0565205e-01  -3.1769582e-01   1.2756554e-01   6.0602658e-01  -8.9358899e-02   1.2343108e-01  -9.6171165e-03  -2.3614048e-01  -2.0793385e-01  -2.7918474e-01
   1.3488816e-01  -2.7704256e-01  -3.2861866e-01   1.7529360e-01  -5.3400265e-01  -1.4263143e-01  -1.9682023e-01   3.3061424e-01  -3.1649859e-01   2.8527401e-02   0.0000000e+00  -2.8618936e-01  -5.0493689e-04   3.7973162e-01   4.4913093e-01   1.0094402e-01  -1.7773699e-01   3.2023922e-01  -1.6779915e-01  -4.1891111e-01   2.4295076e-01   2.0794274e-01   2.2868895e-01  -1.5596268e-02   1.1225099e-01   1.9317171e-01  -5.3413404e-01   4.0618824e-01  -1.3630529e-02  -1.6041408e-02   4.3658528e-01   2.3544752e-01   4.6231557e-02   3.3716453e-02  -1.4624385e-01  -1.0145335e-01  -3.9289091e-02  -1.7388723e-01   3.2590848e-02  -5.7681551e-01   4.1350899e-02  -1.7990054e-02  -6.2319020e-03   5.3775315e-02   1.2585432e-01   3.6879945e-02   5.1612201e-01  -5.7214451e-01   1.3054019e-01  -4.6507331e-01   2.9424032e-01   4.2293124e-01   1.1585817e-02   6.5464852e-02   1.3069490e-01   1.0990166e-01   2.3645519e-01   3.2824141e-01   4.2548495e-01  -1.1691218e-01  -5.6900953e-02   1.0073425e-01   9.0263309e-02   6.6292137e-01   1.7875404e-01   2.9296734e-01  -2.0910900e-01   1.7776643e-02   4.7506646e-02   8.8553590e-02  -4.6558529e-01   2.9740873e-01   9.2680319e-02   1.3177419e-01   9.2638233e-02   3.4409041e-01  -1.7256311e-01   5.3621147e-02  -4.0462999e-01   2.6098910e-02   2.9860954e-01   1.3986457e-01   3.1353485e-01   4.1139734e-01   3.7222262e-01   6.7515739e-02  -1.4678543e-01   2.3582256e-02  -7.0320375e-02   1.0896400e-01  -4.7410204e-01  -1.8335730e-01  -5.7041390e-02  -5.8293094e-02  -2.4766556e-01  -4.1381643e-01   2.0128957e-01  -1.0632845e-01  -1.0112253e-01   4.2407098e-01   3.4258764e-01   5.9696535e-01   3.5740239e-01   4.3036796e-02   4.6324053e-01   5.0275438e-02   1.1585601e-01  -1.1283745e-01  -8.6926546e-02  -3.8590856e-01   3.9207036e-01   2.7012726e-01   1.0244408e-01   1.3695457e-01   3.5834622e-01  -5.2905324e-01  -1.8971192e-01   1.2188077e-01   3.1701916e-01   2.3062223e-01   3.0842634e-02  -3.5573775e-01  -2.6969523e-01   3.2522520e-01   3.8630580e-03   2.3666989e-01   3.7145802e-01  -7.5109386e-02   3.4002347e-02  -2.7998997e-02   1.3913293e-01   4.6872032e-01   3.2694882e-01   3.2010211e-01  -1.6385328e-01   3.3086388e-01  -4.5970962e-02  -2.3602109e-01   3.0357220e-01  -1.2369816e-01   6.2617969e-02  -1.8381695e-02   3.7979859e-01  -1.9168447e-01   3.7458849e-01   3.8061449e-01  -2.8518435e-01  -1.3165297e-01   4.5166923e-02   7.9384434e-02   2.2316118e-01   2.3397269e-02   1.2041700e-01   4.8356375e-01  -6.6534794e-01  -1.4588454e-02   6.3627821e-02   6.0397606e-01  -4.4831647e-02   2.6496634e-01   9.7225420e-02   2.5360089e-01  -4.4391297e-02   3.9760469e-01   4.1667912e-02  -1.7132514e-01   2.7857881e-01   2.9772152e-01   1.4758575e-01  -3.0031137e-01  -1.6772784e-01  -3.5131070e-01   6.6555746e-02  -6.7620752e-02  -6.1174714e-02   1.3068486e-02   2.0560910e-01
  -3.0490901e-01   6.0986714e-01   4.0407522e-01   5.8955077e-02   3.5810089e-01   5.2589357e-01   2.9148420e-01  -2.7410672e-01   5.9684200e-01   1.0375923e-01  -2.8618936e-01   0.0000000e+00   4.3732885e-02  -4.9092031e-01   1.1031356e-01   2.6038195e-01   1.4020695e-01   1.9286738e-02   2.5437831e-01   3.6757331e-01  -4.3834764e-01   8.0540935e-02  -1.2479983e-01  -1.2359105e-01   5.8826309e-02  -6.5639949e-02   4.0384489e-01  -3.2737085e-01  -1.0143496e-02   3.9425520e-01  -3.4444889e-01   7.9725519e-02   5.9175055e-02   1.4478789e-01   4.3206997e-01   7.3544004e-02   1.2101014e-02  -2.1751261e-01   1.6342277e-02   4.3707246e-01   2.0901374e-01   1.7942729e-01   3.8750459e-01   5.4906602e-02   1.5630483e-01  -3.5837387e-01  -1.2861502e-02   4.7227806e-01   8.3852029e-02   5.1547977e-01   6.0938795e-02  -4.1068233e-01   2.6304508e-03   1.2826913e-03  -3.5845401e-01   1.2963396e-02   1.7713836e-01  -1.6771506e-01   2.6495754e-02   5.1810629e-01  -2.1614157e-01   9.5164538e-02   1.9196535e-01  -3.5664063e-01   1.9571976e-01  -1.3612749e-01   2.9316102e-01   7.1569886e-02   2.0811251e-01  -2.6743322e-01   4.7412785e-01   4.5102163e-02   9.9478327e-02  -7.8249259e-02   4.1329059e-02  -2.7850172e-01  -1.2135241e-01  -1.4299972e-02   4.3712611e-01   1.7703117e-01  -1.6759368e-01   7.9564686e-02  -1.9947701e-01  -2.9044976e-01  -4.2016557e-01  -5.0754619e-02   1.3607987e-01  -1.0311640e-01   1.6631023e-01  -2.6556899e-01   3.0391937e-01   1.0291581e-01   1.7723398e-01   2.8549287e-01  -2.2548638e-01   5.2590518e-01   1.7641628e-02   1.9122320e-01  -2.5061595e-04  -9.5381080e-02  -5.4302610e-01  -1.7081286e-01  -3.4731996e-01   3.6854671e-01  -1.7895030e-01   2.3737555e-01  -1.4920438e-01   2.8624693e-01   2.6434962e-01   2.1438976e-01  -1.5297426e-01   1.4499019e-01   1.5043942e-01  -1.6207823e-01  -2.6941795e-01   3.1133386e-01   4.3938469e-02   7.6361884e-02  -4.8630167e-01   1.4484507e-01  -2.5471460e-01   5.2199872e-01   4.7797902e-01  -2.7686836e-01  -3.9299697e-01  -4.8844878e-02   7.4774294e-02   1.8153906e-01   1.1007898e-01  -2.2777221e-01   1.1745134e-01   3.0842350e-02  -4.1961448e-01  -2.3797964e-01   4.0264549e-01  -3.1869323e-01   2.1270237e-01  -2.9101691e-01  -1.1827724e-01  -3.0369280e-01  -3.2107109e-01  -3.9150516e-02  -2.3489362e-01   2.5082093e-01   9.9811527e-02  -2.3938380e-01   5.7707564e-01   4.6144312e-02   1.3556358e-01  -3.2583512e-01  -3.6642742e-01  -3.5100334e-01  -1.7712589e-01  -1.6723620e-01   4.6838436e-01  -1.7095888e-01  -3.8231804e-01   1.0140431e-01  -2.1744072e-01  -4.4145509e-02  -1.8277388e-02  -2.8539586e-01  -6.4975748e-02  -7.8909575e-02   2.1993321e-01   2.8714471e-01  -3.6030160e-02  -3.9362228e-01  -3.2815459e-01  -8.5880215e-02   2.7854243e-01  -2.1462644e-01   6.8588699e-02   2.1494096e-01  -5.7066855e-02   2.3891316e-02   1.3590358e-01
  -1.1275965e-01  -1.2054161e-01  -2.1967971e-01   1.2928846e-01   1.9581101e-01   4.5913944e-02  -1.0363962e-01   3.4601223e-02   1.2170716e-01   1.3178953e-01  -5.0493689e-04   4.3732885e-02   0.0000000e+00  -1.0699355e-01  -7.3145303e-03   1.4777572e-01  -2.2465338e-01   4.6889164e-02   4.9109965e-02   3.3832320e-01   1.0031613e-01  -4.0223512e-02   2.7168688e-02  -1.1245329e-01  -1.0410935e-01  -2.7201654e-02   2.3622467e-01  -2.6046445e-01   1.5940488e-01  -1.3449062e-01   8.5525080e-02  -1.1300762e-01   1.4566492e-01  -2.6746252e-02  -4.4601601e-03   2.3549917e-01  -1.2597901e-01  -1.5746129e-01   3.1885391e-01   1.5804476e-01   5.4883109e-01   8.0290154e-02   1.5298306e-01   8.9253193e-02   1.8483126e-01  -3.0287528e-01   9.6659744e-02   1.6355723e-02   1.7885911e-01   3.1616321e-03  -8.1028941e-02   7.2410908e-02   1.2543063e-01  -5.8416419e-02  -1.2117672e-01   8.0328767e-02  -1.0531358e-01   2.7246937e-02   1.6709359e-01  -2.2415382e-02  -3.8298563e-01   2.9278466e-01  -2.8229208e-02  -1.0170394e-01   2.9164130e-01   6.7569577e-02   1.0194135e-01   1.5392018e-01  -6.1548426e-02  -2.8350506e-01   5.0974290e-02   1.3101012e-01   4.4459519e-01  -1.8435712e-01  -6.2883270e-02   1.4966283e-01  -4.1588329e-01  -4.6878377e-02   2.1329176e-01   2.9976411e-01  -1.2026300e-01   5.5564795e-01  -3.9488246e-02  -9.7300080e-02  -9.7228922e-02   1.2372705e-01  -1.1941734e-01   6.5262202e-02  -3.7104701e-03  -9.2756429e-02   8.5647910e-02  -3.0050842e-01  -3.4292785e-02   1.3957878e-01  -1.2150538e-01   1.4713715e-01   1.9708326e-01   1.1874082e-01   9.9575864e-02  -5.6792668e-02  -5.0394483e-02  -1.1643155e-01   6.7692865e-02  -3.6244120e-04  -6.9416447e-02   8.4479278e-02  -5.5955533e-02   5.4704911e-02   1.5853849e-01   3.7006143e-02  -9.7453679e-02  -6.6638961e-02   7.2760199e-02  -1.2233649e-01  -1.9298382e-01   9.8732251e-02   1.9582623e-01   4.3804747e-01  -2.4211432e-01   1.0814836e-01  -3.3586703e-01   2.9118205e-01   1.2954448e-01   6.1334183e-02  -3.6982317e-01  -1.1455125e-01   1.0980447e-02   3.7750266e-02   2.4992274e-01  -1.8243239e-01   5.1391703e-01   2.2453780e-01  -1.0686721e-01   8.1425211e-02   1.9248954e-01   9.6763722e-02   3.6865095e-01  -5.4377467e-02  -2.3615916e-02  -2.3180020e-01  -3.7478814e-01   5.5834740e-01  -7.7787390e-02  -9.7579968e-02   1.9735874e-01   8.2266598e-02  -8.2732720e-02   1.6689028e-03  -1.6222465e-01  -2.3281061e-02  -2.8909944e-01   6.0042232e-02  -1.7451633e-01  -1.8592626e-01   9.6526331e-02  -2.1162854e-01  -4.6864054e-01   3.4322871e-01  -3.2087794e-01  -9.9654283e-02  -3.3719574e-02  -3.7246237e-02   8.0049962e-02   1.2158722e-01   1.1616035e-01   1.1768448e-01  -2.9342427e-02  -5.3001550e-02  -2.8039832e-01   3.3208780e-02   1.1998899e-01  -2.4321412e-01   1.8921028e-01   9.4097907e-03  -2.3471283e-02   7.2448305e-02   5.6132179e-02
   6.3051721e-01  -3.4442932e-01  -3.0726052e-01   7.4170839e-03  -5.6684809e-01  -3.8691941e-01  -2.6551453e-01   4.4003551e-01  -4.2969551e-01  -2.2987191e-01   3.7973162e-01  -4.9092031e-01  -1.0699355e-01   0.0000000e+00   1.8709278e-01   1.6776129e-01  -1.7837973e-01  -7.3899102e-02  -2.7739533e-01  -5.5731139e-01   3.3030073e-01   1.1936138e-01   2.5976244e-01   3.4089386e-01   1.0987787e-01   1.3283193e-01  -6.5955092e-01   5.4811486e-01   1.9269362e-01  -1.5430919e-01   4.8581308e-01   3.6512190e-02  -4.0445849e-02  -3.5318905e-02  -2.2367920e-01  -2.7007523e-01  -1.7234831e-01  -6.4384889e-02   1.3422524e-01  -6.3198701e-01  -3.2587403e-01  -1.8402220e-01  -2.9712486e-02  -4.1071893e-02  -1.2281587e-01   1.5610885e-01   3.9892822e-03  -7.4136586e-01   1.4716628e-01  -4.8441974e-01  -1.5703201e-02   5.9639373e-01  -8.6087490e-02   2.5445639e-01   7.4869244e-01   7.7403205e-02   7.2087282e-02   2.4086616e-01  -9.5452809e-02  -3.4953221e-01   2.1025087e-02   2.1726643e-02   6.1617128e-02   3.6832930e-01  -5.7309697e-02   1.0021165e-02  -4.1497467e-01  -3.0538841e-02  -3.2902821e-01   6.2937523e-02  -5.8081161e-01   1.0410265e-01  -1.9839763e-03   3.7494516e-01   1.0673210e-01   4.2824230e-01  -1.3773911e-01  -8.8640981e-02  -4.9308366e-01  -2.1457576e-01   5.3094775e-01  -4.2132621e-02   3.8056298e-01   6.1361446e-01   5.8494592e-01  -1.8524345e-01  -9.4057193e-02   3.7794573e-01  -1.5037388e-02   2.9834625e-01  -6.0236663e-01  -2.5707171e-01  -1.1671443e-01  -1.6711681e-01   1.5228528e-02  -5.5914510e-01   3.0070522e-02  -1.7258313e-01  -1.7211401e-01   3.4960673e-01   6.8877809e-01   2.7675104e-01   4.2846208e-01  -5.4648421e-02   2.5237598e-01  -2.9723799e-02   2.7372351e-01  -3.7802670e-01  -2.9180849e-01  -6.6896216e-01   2.6144387e-01   2.2492077e-01  -6.8361267e-02   3.2638715e-01   6.6358216e-01  -6.5558735e-01  -2.1880540e-01   1.9566873e-02   6.4546791e-01   1.3419240e-01   1.4771244e-01  -5.9690621e-01  -2.4378108e-01   3.4724032e-01   1.5328146e-01   7.2191183e-01   8.1265229e-02  -3.2497907e-02  -2.0400361e-02  -3.2952715e-03  -2.8765228e-02   4.4521827e-02   6.5292962e-01   2.8016740e-01  -2.1800980e-01   4.6683114e-01  -1.5748106e-01   7.6777226e-02   8.9752256e-02   3.8144110e-01   6.3093365e-01   1.4042100e-01   1.4356559e-01  -1.6702958e-01   1.8992483e-01   5.1611574e-03  -3.2267305e-01  -3.2394663e-01  -2.0749300e-01   2.4330580e-01   5.4382474e-01   2.3399234e-01   2.7335406e-01   2.3203933e-01  -7.1058733e-01   2.5079791e-01   3.5190199e-01  -1.7586185e-02   6.5837061e-02   2.8096044e-01   4.2641538e-02   6.3150907e-02  -3.0201601e-01   3.0382808e-01  -2.0188406e-01  -3.7040675e-01   8.3914743e-02   4.9636505e-01   4.8703455e-01  -2.3240175e-01  -4.3623641e-01  -8.0091597e-03  -8.6120644e-02  -1.5052882e-01  -4.1596667e-02  -6.0506091e-02  -1.0426990e-02
