   0.0000000e+00  -1.7731567e-01   2.0479249e-01  -2.5206889e-01  -2.3322125e-02   9.5934193e-02  -3.2089292e-01  -2.6624466e-01  -2.0071929e-01  -1.8777384e-01  -1.5917582e-01  -1.7625955e-01  -2.0821158e-02   7.2394435e-01   2.8709043e-01  -7.1897663e-04   1.4812139e-01  -8.0104031e-03   1.2907207e-01  -9.4250779e-02  -8.7701583e-03   2.3028089e-02   6.5208496e-02   2.8660162e-01   1.4340395e-01  -9.6277870e-02  -1.3845977e-01   5.0247686e-01  -1.5493130e-01  -1.3668247e-01   3.2678932e-02  -2.6265001e-01   5.2374956e-02  -2.3541130e-01  -6.0413326e-02  -1.2365061e-01  -4.4737006e-02   5.1247365e-01  -4.1767760e-02  -1.4944969e-01   3.5534219e-02   1.5993817e-01  -1.8807997e-01   1.4672006e-01  -7.8770232e-02   6.3405070e-01  -1.0077393e-01  -1.8289009e-01  -2.7418247e-02  -2.3909306e-02  -1.1778333e-01  -2.2186220e-01  -2.6610981e-01   1.3761345e-01   2.3715070e-01   2.8173741e-01   1.2076100e-01  -2.4629920e-01  -3.6150094e-02  -4.2316582e-02   4.2328054e-01  -1.7663208e-01  -1.8600498e-01  -2.6369753e-01   4.5801922e-03  -1.0099494e-01   8.8308794e-02  -1.1009216e-01  -2.0591945e-01   4.0885236e-01  -2.5157945e-01  -2.3361113e-01  -8.8160629e-02   5.2831019e-01  -5.4837784e-02  -9.4560416e-02   4.5917060e-01   1.5005364e-01  -1.5680499e-01  -1.6542043e-01  -3.6670853e-02  -1.3654486e-01   1.4605773e-02  -2.0933793e-01   4.6679280e-01  -1.2225898e-01  -5.9493558e-02   3.3859427e-01   6.0237867e-02   8.2074940e-01  -7.4331415e-02   3.7089582e-01  -8.4921103e-02  -2.5481908e-01   4.4556901e-01   6.0607930e-02  -1.7001291e-02   1.8464109e-02  -1.0954318e-01  -3.2437414e-01   9.8704721e-02   3.4618945e-02  -2.9426594e-02  -3.5429526e-02  -2.1679976e-01  -5.6533354e-02   9.3647500e-02  -1.3249227e-01  -9.6585399e-02  -1.9171611e-01  -6.1925172e-02  -7.4416060e-02  -1.5875428e-01   7.2819044e-01   5.9428084e-02  -1.9758134e-01  -1.7428000e-01  -4.1547432e-02   5.3179236e-01  -3.2346392e-01   5.5660097e-01  -1.5243551e-01  -2.4221323e-01  -9.3144641e-02   7.3199386e-01   4.0211949e-01  -5.6517630e-02   1.3675350e-01  -1.6863245e-01   1.8991045e-01  -5.9249736e-02  -1.6032725e-01   3.0267660e-01  -1.6370967e-01  -3.2662909e-01  -1.4264214e-01  -2.8847601e-02   1.0065803e-01  -9.7788006e-02   2.0245102e-01   5.8757026e-01   1.6974187e-01   1.2421837e-01   1.6534145e-01  -1.1390438e-01  -3.6957350e-02  -2.0421413e-01  -2.1845665e-01  -1.6188226e-01  -2.2904351e-01   5.7503841e-01  -1.6611373e-01   5.3884701e-01  -4.5651523e-02  -4.7457717e-02   4.6618534e-01   4.1930478e-01  -8.1891402e-02   2.2684904e-01  -1.4061656e-01  -1.9503962e-01   5.6841025e-02  -1.8659522e-01  -1.4441305e-01  -1.7248809e-01  -1.8655316e-01  -1.8047534e-02   1.1401174e-01   6.3228476e-01  -1.1522029e-01  -2.4343033e-01   2.9648205e-01  -1.2781035e-01   6.3566749e-02  -4.7154452e-03   2.4816518e-01  -1.1617576e-01
  -1.7731567e-01   0.0000000e+00   4.1122788e-01   4.7665202e-03   4.1367241e-01  -1.3625270e-01  -1.0691734e-01   2.2858658e-01   7.9976182e-02   1.8740420e-01  -3.3272490e-01   6.1976455e-01   1.8148850e-01  -3.0211700e-01  -4.7142936e-01   3.5065200e-02   6.1613573e-01  -4.0377016e-01   1.3298705e-01   4.1687914e-01  -4.2939916e-01  -3.1722435e-01  -2.3999737e-01  -2.9254262e-02  -1.8615352e-01   3.0491587e-02  -1.2517571e-01  -2.4681257e-01  -1.4709966e-02  -2.3102070e-01  -1.3992919e-01   3.3288142e-01   2.0617173e-01   5.0285057e-02  -5.9924843e-01  -7.0341241e-02   1.4176791e-01  -1.1472204e-01   4.5700837e-02   6.0961521e-01   1.7373342e-01   9.0026250e-02  -1.1653204e-01  -3.5445332e-01  -4.6406950e-01   8.2145054e-02  -2.0746467e-01   1.2477771e-01   5.7291349e-03   6.5366672e-01  -2.3410093e-01   2.8123936e-01   7.2022452e-01  -1.1949185e-01  -1.8386019e-01  -3.4585902e-01  -8.6921466e-04  -2.1925341e-01   1.7087251e-01  -3.7766417e-01  -2.3998304e-01  -2.8771089e-01   6.1918641e-01  -1.4894801e-02  -2.9994166e-01  -4.7819674e-01  -1.4804108e-01  -1.6241788e-01  -4.0506440e-02  -4.3016332e-02   8.2415613e-01  -3.7077627e-01   1.6601620e-01  -2.1593243e-01  -1.7069771e-01   4.4932635e-02  -7.1898649e-02   3.1296750e-03   4.4675666e-01  -1.9839195e-02  -4.2772823e-02  -3.9396888e-02   1.6276527e-01   2.4669373e-01  -4.8743108e-02   4.0280473e-02  -3.5973569e-01  -2.5807610e-01   8.5389005e-02  -5.1476632e-02   5.9373877e-01   1.1530871e-01  -5.1254956e-02  -3.4619881e-01  -1.8437279e-01   6.5990377e-01  -2.2530963e-01   2.2473036e-01  -1.5341039e-01   6.2686138e-02   2.0575608e-02  -4.1100617e-01  -1.7151592e-01  -1.8395712e-01  -1.6582126e-01   3.1471081e-01   4.7665208e-02   2.1900365e-01  -9.5775633e-02   1.0460290e-01   1.1110377e-01  -3.7243546e-01  -4.0296933e-01  -1.2933943e-01  -1.4704925e-01   6.3820063e-01  -1.1121527e-02   2.5888345e-01  -2.9454134e-01  -1.1531631e-01  -1.2393383e-01   5.7863122e-01   9.3744749e-02   6.0582507e-02  -3.3874403e-02  -3.1934023e-01  -4.0832634e-01   2.6610702e-01  -1.5336231e-02   4.0316282e-01   7.7119883e-02  -9.4367169e-02   6.4796091e-02   2.5414202e-01  -1.6386736e-01   6.1800138e-02  -5.6674422e-02  -1.8315464e-01   1.3918814e-01  -1.2336963e-01  -9.1375175e-02   2.7177236e-01  -3.9389107e-01  -2.9932003e-01  -2.1898534e-01  -2.8598197e-01   1.8207392e-01  -1.8845878e-01  -2.4561963e-01   1.7182850e-01   4.0508002e-02  -7.9302808e-02  -1.3141539e-01  -1.0531238e-01   6.7098207e-01  -1.9721845e-01  -8.8366805e-02   1.7313300e-01   4.7059778e-02  -2.4624748e-01  -2.8176754e-01  -3.2069074e-01   1.4133447e-01  -2.7853710e-01   1.2857701e-01   3.7068091e-01   2.4949361e-02  -1.4782457e-01  -1.4960666e-01   4.4146410e-01   1.0207652e-01  -2.8280019e-01  -4.0323672e-01   3.3637982e-02  -2.0197222e-01  -2.1125959e-01   2.6756521e-02
   2.0479249e-01   4.1122788e-01   0.0000000e+00  -8.7318928e-02   2.5122033e-01   3.2259567e-01   1.0399459e-01  -1.0089357e-01  -1.6444107e-01   4.5181769e-01  -1.2843849e-01   5.7188670e-01   2.0103689e-01   9.2346367e-02  -1.3439835e-01   1.3216854e-01   8.4818658e-01  -1.1208719e-01   2.7365568e-01   3.0636223e-01  -1.2840302e-01  -2.0598734e-01   2.2674016e-01   3.6915680e-03  -2.6022745e-01   8.7107700e-02  -5.8311028e-03  -7.2272837e-02  -1.2068433e-01  -2.6364061e-01  -1.1699711e-01   1.3174447e-01   1.6010137e-01   5.8913558e-02  -3.3255221e-01   7.9802950e-02  -1.9106331e-02   1.9191732e-01   2.2311569e-01   6.5328294e-01   3.2183186e-01   3.0969484e-01  -2.5013901e-01  -1.5845405e-01  -4.6606636e-01   5.2647744e-01  -1.6165031e-02  -6.1119458e-02   4.1840592e-03   7.3830709e-01  -3.1142026e-02  -1.4191267e-02   1.7608613e-01   4.6061434e-02  -3.3132302e-02  -5.4575130e-02   1.4173794e-01  -3.4865904e-01   3.5091234e-01  -1.9407294e-01   1.8070641e-01  -2.6356681e-01   2.0318898e-01  -2.1081041e-01  -3.9583921e-01  -1.4989838e-01   2.0258425e-01  -2.9831066e-01   3.5065735e-02   6.6173382e-01   4.8370103e-01  -5.7811413e-01   2.1278846e-01   2.2346408e-01  -8.8309581e-02  -8.0610149e-02   3.4086269e-01   6.9874892e-02   1.4295143e-01  -1.4608867e-01   5.9470062e-02  -6.7655541e-03   2.8698676e-01   1.6015911e-01   2.9804351e-01  -5.8632007e-02  -2.3361643e-01  -3.2482515e-02  -6.3638093e-02   1.2976844e-01   2.5157014e-01   7.0533863e-01   4.1437060e-01  -6.6477536e-01  -6.1997166e-03   4.4869064e-01  -3.9652125e-01   2.0411465e-01  -1.9460605e-01   9.7302558e-03   3.1852212e-01  -2.6748286e-01  -3.7554862e-02  -2.3092896e-01  -3.9065388e-01   2.4163180e-01   1.0176061e-01   1.0505614e-01  -4.7112972e-02   2.0227783e-01   4.5612483e-01  -2.5571450e-01  -3.9791231e-01   4.6257090e-03   2.0926988e-01   9.4164316e-02  -8.8164944e-02   3.2261513e-01   8.6355001e-02  -2.6075802e-01   2.2616497e-01   3.2261916e-01   6.4471793e-03  -2.1064770e-01   2.9856268e-01   5.7601178e-02  -4.3265402e-01   1.6446000e-01  -1.1338211e-01   6.9986448e-01   3.3112252e-01  -6.8585157e-03   2.0386427e-01   2.2730110e-01  -2.0000837e-01  -9.7615114e-02  -2.5491132e-01  -9.9814307e-02   9.0822147e-02  -4.2949104e-02   2.2521291e-01   4.2468329e-01  -3.3228384e-01   2.5967769e-01   5.2878560e-02  -2.2825223e-01   4.6860524e-01  -3.7713692e-02   3.5492692e-02  -7.9764475e-02   3.2430028e-01  -3.0743289e-02   3.0599069e-01  -1.7645755e-01   7.7191300e-01  -6.8151141e-02   2.6487093e-01   3.1798800e-01   6.1101355e-01  -1.4917410e-01  -3.8724119e-01  -2.7307534e-01   3.1897570e-01  -2.1644498e-01   1.5045600e-01   9.3469377e-02   1.2477744e-01   1.4678834e-02   3.3859075e-01   4.3275461e-01   7.3353043e-03  -1.3305002e-01  -4.5410902e-01   4.3845397e-01  -1.2861536e-01   1.7602664e-02   5.4814088e-02
  -2.5206889e-01   4.7665202e-03  -8.7318928e-02   0.0000000e+00   9.5375889e-02   2.6596504e-01  -1.5334838e-01   1.7464967e-01   9.8024746e-02  -2.5119125e-01  -1.1335844e-01   9.9966330e-02   5.8909793e-02   4.2625419e-02   3.7525315e-02  -1.4962252e-01  -1.5615309e-01   6.7512473e-02  -1.5812122e-01   1.7404857e-01   2.8584685e-01   5.3961157e-01   3.2569259e-02  -3.6350288e-01   1.2405873e-01   1.6393815e-01   2.0067353e-01  -3.2393392e-01   1.2394921e-01   9.7500965e-02  -1.5190594e-01   4.1806428e-01   4.5198522e-02   8.6140560e-02   2.4860720e-01   5.8335919e-02  -9.0149218e-02  -5.1274700e-02  -8.9778586e-02  -7.6794604e-02   3.7664284e-02   1.0598069e-01   2.4771964e-01  -9.6140239e-02   4.2455906e-01  -2.2000806e-01   1.0246072e-01  -1.6928183e-01   2.8598420e-01  -7.9360601e-02   8.8191672e-02  -1.2963272e-02  -2.5324345e-02   3.3861854e-03  -8.1125848e-02  -7.9816351e-02  -5.0373075e-02   4.4564959e-01   2.9368481e-01   3.0797347e-01   5.2364381e-02   4.3411687e-01   1.2901805e-01   1.7165138e-01   2.0689648e-01  -1.5802924e-02   3.5123900e-01   2.2673434e-01   3.0514608e-01  -2.9917908e-01  -1.8245271e-01   5.4319229e-01  -1.1978869e-01   9.3703817e-02  -7.1443697e-02   3.5192040e-01   1.2978469e-01   2.7345500e-01   1.7318764e-01   4.1713808e-01  -2.5488977e-02   4.2299251e-02  -2.4104604e-01   1.5484994e-01  -1.5664603e-01   2.6877045e-01   2.1190588e-01  -7.6976847e-02  -1.1734867e-02  -3.2699458e-01   9.1657444e-02   6.4330951e-02  -2.7592009e-02   2.6737753e-01  -3.0826378e-01   2.8086559e-02   3.4675267e-01  -5.2370444e-02   3.1799754e-01   4.2666126e-02  -2.9059075e-01   1.0550941e-01   4.0323973e-01   1.7604142e-01   1.8040048e-01   2.9672614e-01  -7.3719150e-02   2.4928541e-01   2.1768466e-01  -2.8691142e-01  -1.6964983e-01   3.7872200e-01   5.1601788e-01  -3.3022579e-01  -4.0420863e-01   3.1030316e-02   3.1497763e-01  -6.7164977e-02  -1.6748698e-01   7.7102280e-01  -1.0538471e-01   6.1589503e-02   4.5337028e-02   1.0820708e-01  -2.1396859e-01   2.2938224e-01   2.3923517e-01  -6.0119632e-02   4.8789231e-01  -3.1984275e-01  -1.2753778e-01   6.1694261e-03   9.4970113e-02  -2.6988687e-01   4.1809435e-01   3.3140927e-01   1.3174824e-01  -2.2780618e-01   2.6017889e-01  -1.4496326e-01  -2.7877955e-01  -2.0065921e-01   1.1306298e-01  -1.8012366e-01   1.0947191e-01   1.3790644e-01  -2.2282022e-01  -8.3727405e-02  -1.3091476e-01  -1.4555148e-01  -3.5821775e-01   2.6509829e-01  -2.1954513e-02  -3.9745764e-01  -9.9099620e-02  -2.2858670e-01  -8.1548538e-02   2.2299537e-01   9.7687963e-02   1.6969909e-01   4.3147399e-01  -1.4708064e-02  -3.7522987e-01   4.0805310e-01   5.3560581e-01   2.3052974e-01  -2.1223340e-02  -2.0929650e-02  -1.1124165e-01  -1.1088908e-02  -2.7613085e-02  -1.7140171e-01   4.6036000e-01   1.9135764e-01   2.6201383e-01   1.8666258e-01   5.6865644e-01
  -2.3322125e-02   4.1367241e-01   2.5122033e-01   9.5375889e-02   0.0000000e+00   6.6063618e-02  -1.0993733e-01   2.3697295e-01   2.5279695e-01  -5.5557057e-02   1.5706220e-01   2.6363446e-01   1.5151556e-01  -1.2039083e-01  -9.5115920e-02   1.3052803e-01   3.9472858e-01  -3.5555530e-02  -9.2552012e-02   8.8277827e-01  -2.0090905e-01  -1.6942511e-01  -1.3897968e-01   1.4598688e-03  -1.6662598e-01  -3.6418573e-02   4.5273699e-01  -2.1748415e-01  -1.8004256e-01   1.0700563e-01  -1.9569788e-01   5.2262665e-02   1.4839037e-01   1.5521971e-01  -3.6356422e-01   7.0227612e-01   3.3299180e-01   9.1062009e-02   1.8670148e-01   2.9703337e-01   3.6449295e-01   2.4685144e-01   1.6923364e-01  -1.5163181e-01   1.0160936e-01   1.1433257e-01   4.0660323e-01  -1.5854157e-01   3.6449128e-01   5.0597922e-01   8.3426948e-02   1.2904526e-02   5.7865815e-01   1.6239166e-03  -4.3006230e-01  -1.8084010e-01   2.3187346e-02  -1.6037624e-01   2.9878981e-01  -9.7247091e-02   1.7362437e-02   2.9497018e-01   5.8114217e-01   1.7721286e-01   1.9396707e-01   1.1273764e-01   1.1839736e-01   6.9606561e-02   1.8407622e-01   5.0772447e-02   1.7147391e-01  -2.0174327e-01   3.8661946e-01  -3.0173064e-01   2.1295621e-02   1.6317812e-01   1.0170204e-01   1.7185764e-01   7.3871200e-01   1.0950230e-01  -1.0063850e-01   3.9739065e-02  -3.5142896e-01   1.6849917e-01  -3.3685602e-01   1.8083753e-01  -3.3012707e-01  -2.3176627e-01   9.8421456e-02  -3.4173928e-02   8.6461054e-01   3.4282449e-01  -1.6802195e-01  -6.2619116e-02  -8.3594551e-02   6.1491227e-01  -1.7238553e-01   1.8755367e-01   4.3831779e-01  -2.0665463e-01  -4.1778864e-01   5.1093395e-02   4.1166630e-02  -1.3670571e-01  -1.8984832e-01  -4.7351070e-02  -8.1142769e-02   1.6232478e-01   4.1399908e-01   2.9290783e-01  -2.3725353e-01   5.4419840e-02  -1.5626886e-01  -8.9368149e-02  -4.8676984e-01   7.1007245e-01  -6.3495598e-02   3.8570618e-01  -1.3618259e-01  -1.1648096e-01  -1.2933145e-01   6.9092852e-01   1.1563627e-01   2.4218252e-01   3.3463698e-02  -1.4019145e-01   3.4230776e-02   8.9797984e-02  -1.2705797e-01   2.5735031e-01   3.9020760e-01   1.6325514e-01  -1.8567957e-01  -5.6761738e-02  -1.5943209e-01   2.2207782e-01  -1.6297246e-01  -3.8027800e-01   2.9888999e-01   5.7608212e-02   3.9523165e-02   2.4710848e-01  -3.4974833e-02  -4.1059637e-01   3.6909044e-02  -2.6470639e-01  -2.3303850e-01   3.8099329e-01  -6.7978562e-02  -3.2689108e-01  -2.3443293e-01  -1.1226737e-01   1.5663892e-01  -2.2016348e-02   4.7038838e-01   7.5248658e-02  -1.1007359e-01   2.5509559e-01   4.5294754e-01  -5.7477921e-02  -1.7487638e-01   4.9350473e-03   1.2737951e-01  -1.5965122e-01   5.3035210e-02   5.8159182e-01   2.3373424e-01  -5.5330973e-02   1.2634680e-02   1.4107523e-01   5.3711578e-01  -1.3067933e-01  -2.7535861e-02  -1.0610892e-01  -1.5642832e-01  -1.0185241e-01  -2.3728020e-02
   9.5934193e-02  -1.3625270e-01   3.2259567e-01   2.6596504e-01   6.6063618e-02   0.0000000e+00   4.2280710e-02   1.3791226e-01  -1.7786073e-02   6.8488171e-02   3.1458246e-01   1.8081479e-01  -5.6779016e-02   3.7608084e-01   4.5270797e-01   2.1877595e-01   1.2954549e-01   2.5444420e-01   1.5378459e-01   1.1882743e-02   5.3830942e-01   4.7361184e-01   2.1254292e-01  -4.8275855e-01  -2.6231800e-01   4.6746615e-01   4.2440492e-01   2.1225962e-02  -1.5001237e-01   2.1483393e-01   9.5614350e-02   2.2221628e-01   1.0698519e-01   3.9406100e-01   3.9252944e-01   2.8826020e-01   3.8448727e-02  -2.1206881e-02   2.7429534e-01  -2.7923162e-02   1.8441760e-01   1.9994593e-01  -1.2172424e-01   2.5718170e-01   8.5233894e-02   1.2672958e-01   5.6665873e-01  -8.8498897e-02   8.7070941e-02   3.2968163e-03   3.4081511e-01   1.2379015e-01  -1.2653629e-01  -1.4198296e-01  -1.0926067e-01   4.0032285e-01   1.4050606e-01   3.3286880e-01   3.1625413e-01   3.3922425e-01   3.8660693e-01  -2.1900283e-02  -1.0798836e-01   3.0595318e-01   1.1822547e-01   4.8156609e-01   8.5202345e-01   4.1242024e-02   6.7167512e-01   4.3208481e-01  -2.3930921e-01   7.1181006e-02   1.9309500e-01   3.8684417e-01  -2.4437299e-01   1.2300479e-01   2.6998975e-01   4.6258275e-01  -1.6449559e-02  -2.6564846e-02   3.7582292e-01   1.4288870e-01   1.5635300e-01   3.1799361e-01   2.0178090e-01   4.3319440e-02   4.6926609e-01  -4.2779346e-01  -1.7889072e-01  -9.4603016e-02  -4.2292032e-02   4.5324277e-01   4.0569278e-01  -1.7556787e-01  -1.7996953e-01  -2.2693890e-01  -1.0519704e-01   3.0808448e-01   3.7063005e-02  -1.2498036e-01   1.2375076e-02   4.8320543e-01   5.4730474e-01   2.6072039e-01   9.3647678e-02   2.2699913e-01  -9.6196820e-02   4.7236657e-01  -4.3082841e-02   1.4435221e-01   2.5051287e-01   5.6015643e-01   1.6824035e-01  -2.0151408e-01  -1.5586756e-02  -1.1874266e-01   4.7536831e-01   1.9333970e-01   3.9051170e-01   2.0860368e-01   2.0607934e-02  -2.7415334e-01  -4.1109825e-01   5.8178303e-02  -6.7486111e-02   3.7040400e-01   2.2301571e-01  -2.3555971e-01   2.1848737e-01   2.8910500e-01   1.4430507e-01   2.0063652e-01   2.6114666e-01  -4.1166308e-02  -1.5906471e-01   1.3495649e-01  -1.8971341e-01   5.9264925e-02   3.9121229e-01  -1.5426087e-01  -2.3724017e-02   1.2009678e-01   3.4498819e-01   4.7901902e-01   3.7204173e-01   1.8401712e-01   3.7705001e-02   3.8676110e-01   4.7844310e-01  -2.3692016e-01  -4.3119400e-02   3.4975752e-01  -9.0464491e-02  -3.1654083e-03   1.1484847e-01  -1.2241049e-01   9.2927734e-02   1.6625530e-01   2.9435811e-01   5.9385154e-01  -1.3320768e-01   3.4092547e-01  -8.8416871e-02   3.1596648e-01   6.1117357e-01  -5.6796291e-02   2.2741898e-01   3.6571014e-01   2.7453154e-03   1.0350511e-01   2.4993373e-01  -4.0184274e-02   2.7714827e-01   7.6422923e-01  -2.7813168e-01  -1.0964606e-01   5.0768499e-01
  -3.2089292e-01  -1.0691734e-01   1.0399459e-01  -1.5334838e-01  -1.0993733e-01   4.2280710e-02   0.0000000e+00  -3.6746666e-02   1.4446468e-01   7.1377477e-01   2.8311414e-01   3.5432499e-01  -5.8283593e-02  -3.9772106e-01   1.2588528e-01  -1.1644131e-01  -4.5435596e-02   2.4978424e-01   4.5230747e-02   1.3831165e-01  -2.7813494e-02  -2.0228896e-01   3.3139195e-01  -1.0358735e-01  -2.1162509e-01  -2.1197982e-01  -7.2156069e-02  -9.4848763e-02   1.1206698e-02   2.0472794e-01   8.0569926e-02  -3.3208581e-02  -2.7632665e-01   5.8746858e-01   1.3853040e-01   3.3533226e-01   1.8321947e-01  -1.1804351e-01  -1.0999927e-01   2.2663266e-01   8.9367262e-02  -1.9560998e-01   6.3779805e-03  -5.0469698e-02  -4.4258757e-02  -1.4308926e-01  -1.6293602e-02   5.2181372e-01  -3.5425342e-01  -7.6678630e-02   3.9983941e-01  -5.9255221e-02   1.3746693e-01  -2.5340486e-01  -2.6312364e-02   5.2881747e-02  -2.2068016e-01  -1.6638480e-02   1.4391492e-01   1.9375340e-01  -1.1844065e-01  -2.6819997e-02  -1.8011637e-01  -6.2503357e-02  -1.6717436e-01   4.2730868e-01  -5.3819901e-02  -7.0694332e-02  -2.1386736e-01   2.2778069e-01   1.0275392e-01  -2.6706974e-01   1.9910514e-01  -2.9075508e-01  -4.3276731e-02  -2.4382493e-01  -1.3348540e-01  -1.7152835e-01  -1.4676557e-01  -2.6999834e-01   2.7528877e-01   1.8209955e-01   2.4911214e-01  -1.3251290e-01  -7.3906845e-02  -1.9142201e-01   1.1081208e-02  -1.9731616e-01  -2.7502179e-01  -2.9674147e-01  -2.1642521e-01  -1.3317328e-01   5.3230402e-01   4.2088731e-02  -2.3723109e-02  -1.9546941e-01  -3.3919688e-01  -1.2376843e-01  -2.2700403e-02   6.8440363e-01   1.0034094e-01   1.7313372e-01  -7.9869910e-02  -5.3230944e-02  -9.8852993e-02  -8.0683900e-02  -1.2326785e-01  -2.2939073e-01   1.0185218e-01   4.8967133e-01   5.3263718e-01  -3.4331748e-02  -2.8187939e-01  -9.8068012e-02   5.0546651e-01  -1.3922639e-01  -2.6410854e-02   1.4527702e-01  -7.9205310e-02  -1.3187932e-01  -1.8221056e-01  -5.7899406e-02  -1.4650177e-02   5.3444902e-02  -2.5190193e-01  -3.3667118e-01   2.7345528e-01  -1.8860447e-01  -2.4056572e-01   6.9874361e-02   1.3745771e-01   4.4380798e-01  -3.9567575e-01   1.4086455e-01   1.2901006e-02  -2.7627611e-01  -3.1607584e-01   1.6663015e-01  -1.5897842e-01   2.2986719e-01  -5.8853742e-03   5.2623345e-02  -8.3902284e-02   4.0263900e-01   4.7986745e-01   5.6177437e-02   7.4407409e-01   3.1782197e-01   6.3259190e-01   4.2892728e-01   2.6055946e-02   4.8231646e-02  -2.2905073e-01   4.0282401e-01   1.7098704e-01   4.5588766e-02   3.8793356e-02   2.0974937e-01  -1.2416315e-02   2.1827646e-01  -1.0351490e-01  -1.5457170e-02   4.6225451e-01  -1.1671378e-01  -4.6335258e-02  -3.7395118e-02   4.4527789e-01  -2.4578936e-01  -1.2489708e-01  -4.1515906e-02   4.5634515e-01  -1.6060096e-01  -2.2943601e-01  -1.4984383e-02  -2.2001962e-01   1.0272127e-01  -1.5366715e-01
  -2.6624466e-01   2.2858658e-01  -1.0089357e-01   1.7464967e-01   2.3697295e-01   1.3791226e-01  -3.6746666e-02   0.0000000e+00   1.8237233e-01  -9.8576920e-02  -1.5719285e-03   2.4633390e-01   1.6301366e-01  -2.0100271e-01  -1.1560991e-01  -2.5616844e-02   4.0618098e-02   4.5648774e-03  -4.5317175e-02   1.9089953e-01  -5.8594129e-02   1.5432948e-02  -3.2565438e-01  -1.6864435e-01  -1.0353508e-01   5.3588272e-01   1.9047028e-01  -2.0628363e-01  -5.9915999e-02   8.8938146e-02  -2.0174638e-01   4.5330260e-01   2.6475398e-02   2.1020223e-01  -1.8342907e-01   2.0026913e-01   8.3838482e-02  -2.7935548e-01   6.7393131e-02   7.4375268e-02   2.5058643e-01  -1.4936139e-02  -8.5070633e-02   2.1077696e-02  -5.1275831e-02  -1.6050138e-01   1.1706627e-01  -7.8013409e-02   4.6329054e-02   7.7535297e-02   3.3874386e-02   6.5630655e-01   1.7573158e-01  -2.0871368e-01  -2.4424103e-01  -4.8579349e-02  -1.4416279e-01   2.1888409e-01   1.3179064e-01  -1.2909194e-01  -1.9081516e-02   6.5198686e-02   1.8496816e-01   1.3699751e-01  -3.2453036e-02   2.3785092e-02   1.9844319e-01  -2.1987159e-02   4.2719096e-01  -2.8592833e-01   5.3512743e-02   4.5549301e-02   2.0001134e-01  -2.9622144e-01  -1.2063288e-01   2.8451854e-01  -7.7020265e-02   3.1128470e-01   2.7048387e-01   5.2748976e-02   3.3533757e-01  -4.9494859e-02  -2.6285758e-01   7.3901340e-01  -4.1042081e-01   3.0821338e-01  -1.2099166e-01  -3.3648090e-01  -1.8968373e-01  -3.2396409e-01   2.5483671e-01  -8.9725485e-02  -4.8897275e-02  -2.5159976e-02  -2.4677126e-01   1.3059618e-01  -1.7878513e-01   1.8419510e-01   8.3021248e-02  -7.8890305e-02  -4.3924239e-01   5.1434176e-02   4.1806097e-01  -8.4577657e-02   2.3930795e-01   3.9367578e-01  -1.2771512e-01   4.9525893e-01   2.5454379e-02  -3.1053648e-02  -6.6917788e-02   1.1825675e-01  -4.7672537e-02  -3.0056012e-01  -3.5804796e-01   2.0717899e-01   5.5541213e-01   1.6680678e-01  -3.0052019e-01   1.8512122e-01  -1.9085692e-01   9.3969106e-02  -7.7335643e-02   8.0356662e-02  -2.2731401e-01  -1.7593701e-01   3.1858765e-02   4.7830345e-02   2.4277410e-01  -2.2797596e-01   9.9167672e-02  -2.7694452e-03  -2.0804920e-01  -1.1233599e-01  -1.1601149e-01   4.5087672e-01  -8.0728361e-02  -1.6046610e-01   5.5942770e-01  -1.9691194e-01  -2.4517975e-01   1.6368980e-03   1.3625250e-01  -3.5528276e-01  -9.8654087e-03  -8.2432267e-02  -1.2316581e-01   3.0355955e-02   6.3963729e-02  -5.6384921e-02  -3.7268683e-01   5.8288026e-01  -3.2568285e-01   1.0193339e-02   6.6844373e-02  -3.3997707e-01  -1.7960000e-01   1.7437514e-01  -1.2465277e-01   2.9744938e-01  -7.6472341e-02   8.6535534e-02  -1.3722269e-01   2.3094354e-01   2.5496491e-01   3.4321033e-01  -7.0099376e-02  -2.0881956e-03  -4.6197289e-01   2.0822492e-02   1.8326162e-01  -3.2337761e-01   6.9625755e-02  -1.1681425e-01  -1.8168460e-01  -7.2476514e-02   2.0599740e-01
  -2.0071929e-01   7.9976182e-02  -1.6444107e-01   9.8024746e-02   2.5279695e-01  -1.7786073e-02   1.4446468e-01   1.8237233e-01   0.0000000e+00   1.8989956e-02   2.2979683e-01   5.3952983e-02  -4.8562333e-02  -2.3494305e-01   1.2915849e-01  -3.0197064e-02  -8.0472547e-02   1.2499784e-01  -2.4240583e-01   2.2645886e-01  -8.2654584e-02   1.5143416e-01  -9.7565126e-02  -2.8062111e-01   3.2103552e-02  -2.9364462e-01   1.4714810e-01  -1.7140036e-01   1.5110591e-01   5.1182888e-01   1.3438903e-01   1.2694734e-01  -1.2048284e-01   1.5914155e-01   1.3964632e-01   3.0454938e-01   2.0574167e-01  -2.3289791e-02  -1.2534151e-01  -5.0608071e-02   1.2555540e-01  -6.1171081e-02   2.6135233e-01  -5.3019372e-02   2.9562300e-01  -1.0168727e-01   1.7635835e-01   7.0397715e-02   1.5404625e-01  -1.3439082e-01   3.5960054e-01  -1.3257718e-01   1.8750585e-01  -2.0496772e-01  -2.8599715e-01  -1.9358691e-01  -2.8200087e-01   3.5364947e-01   1.1298654e-01   3.8715419e-01  -8.1018074e-03   2.2376246e-01   3.3643614e-01   3.2034690e-01   3.0512658e-01   3.1146912e-01  -2.6577604e-02   1.6984303e-01  -1.9751795e-02   4.3040690e-02  -6.3443751e-03   6.8136243e-02   1.7448644e-01  -3.1530230e-01  -7.4993003e-02   5.0404569e-02  -4.3990232e-02  -1.6057137e-02   7.4226393e-02   9.7620842e-02   1.6166127e-02   1.3181435e-01  -3.0337329e-01  -1.3389199e-01  -4.1070205e-01   4.5097333e-02   2.0559559e-01  -3.3328989e-01   6.6784044e-02  -2.0254685e-01   1.6819334e-01  -2.0628678e-01  -2.5181114e-01   5.1511518e-01   1.3391974e-01   2.0842324e-02   5.5018207e-02  -1.6575237e-01   2.9936176e-01  -4.6184328e-02  -3.1021371e-01   2.2890342e-01   6.5055513e-02   6.3068562e-01   2.3252221e-01   1.0391822e-01  -1.9571774e-01  -5.3500966e-02   2.3667812e-01  -3.1388706e-03  -2.3322731e-01   2.4184452e-01   4.2498857e-02  -1.5711065e-01  -1.9528612e-01   2.0732491e-01  -4.3373838e-02   8.4253726e-02  -2.0314050e-01   3.7101359e-02  -2.4055996e-01  -3.4228304e-02   5.0597299e-02   4.0815346e-01  -1.4893320e-01  -1.7661125e-01   4.4681476e-01  -1.7663588e-01   6.5072636e-02  -2.7015437e-02   1.1337095e-01   5.5893443e-02  -2.8706979e-01  -4.9112838e-02   1.7451912e-01   8.0458658e-02  -8.0147499e-02  -1.7805380e-01   8.3485375e-02  -4.4929814e-02  -1.7921398e-01  -6.6033697e-02   2.3482959e-01  -1.8184895e-01   1.3359409e-01  -7.7136480e-02  -1.7837201e-02   2.8341505e-01   1.4522569e-01  -9.8011121e-02  -3.1239581e-01   1.7580718e-02  -2.5515032e-01   3.1307734e-01  -1.7014424e-02  -2.0800480e-02  -1.1252799e-01   1.5625686e-01  -1.6022695e-01   8.2836756e-02   8.2784411e-02   2.7402209e-01  -2.7097199e-02   2.1556540e-01   1.6199584e-01   1.6606107e-01   2.6121078e-01  -2.8131093e-01  -2.8954314e-01  -3.4465106e-01   2.6697591e-01  -1.7125661e-01   1.6533106e-01  -1.1894295e-01  -2.0480347e-01  -3.5165973e-03   2.5328647e-01
  -1.8777384e-01   1.8740420e-01   4.5181769e-01  -2.5119125e-01  -5.5557057e-02   6.8488171e-02   7.1377477e-01  -9.8576920e-02   1.8989956e-02   0.0000000e+00   3.7128944e-02   5.4572960e-01   2.1190115e-01  -3.9047255e-01  -3.1871812e-02  -7.0436076e-02   3.9115016e-01  -5.4893469e-02   1.7047728e-01   2.2606303e-01  -2.6633708e-01  -4.3253115e-01   3.8849088e-01  -1.7463530e-04  -3.4434072e-01  -1.8892944e-01  -2.0959385e-01  -1.1845569e-01  -3.5063494e-02  -2.2260931e-01  -8.2973539e-03  -1.0918199e-01  -1.2436774e-01   4.4431078e-01  -1.2229681e-01   2.2081427e-01   4.7859990e-02  -6.6213595e-02  -6.1154834e-02   5.6550117e-01   2.1564341e-01  -1.4932807e-01  -1.1259544e-01  -2.6072427e-01  -2.5845161e-01   4.0130747e-02  -8.9668906e-02   2.7705740e-01  -1.8693944e-01   2.9745952e-01   1.3097179e-01  -3.1553817e-02   2.4970643e-01  -1.1873161e-01  -4.4285209e-02  -9.2541048e-02  -1.7418179e-01  -2.1928090e-01   1.4952794e-01   4.1216425e-02  -2.4227102e-01  -1.5047644e-01   3.0088247e-02  -2.8773314e-01  -3.7831399e-01   1.7257314e-01  -1.2200993e-01  -2.2800176e-01  -2.6533461e-01   3.8130013e-01   4.2178601e-01  -4.4193404e-01   2.0198562e-01  -1.8861420e-01  -4.2044446e-02  -3.6923650e-01  -1.6237175e-01  -2.6336194e-01  -9.1018240e-02  -3.2305327e-01   9.4884767e-02   7.9439370e-02   4.1158917e-01  -7.8972745e-02   1.0962895e-01  -3.1182005e-01  -1.1176777e-01  -5.1552689e-02  -1.9444808e-01  -1.3946410e-01  -1.2111904e-01   1.0445228e-01   5.8053481e-01  -2.1783768e-01  -2.1618344e-02   1.0262370e-01  -3.3352413e-01  -4.3839938e-02  -1.1196345e-01   5.9043778e-01   2.9594513e-01  -1.0291541e-01  -2.5118735e-01  -6.1844963e-02  -3.2201872e-01  -6.3257907e-02  -1.3727284e-02  -2.2882205e-01   2.1212046e-02   4.7697966e-01   6.4239353e-01  -3.2965310e-01  -3.6567011e-01  -6.9934932e-02   4.8848283e-01  -1.0909587e-01  -1.5013627e-01   3.1560681e-01  -8.4858623e-02  -2.3104972e-01  -1.4808865e-01   1.6072907e-01   1.4739920e-01  -2.0972838e-01  -1.3814774e-01  -3.1859925e-01  -8.5621516e-02   2.9703898e-03  -2.0988352e-01   3.9362449e-01   2.1946957e-01   1.9608847e-01  -1.5244296e-01   3.0114236e-01   3.0453817e-02  -3.7533109e-01  -2.5805451e-01   6.4966613e-02  -2.0522327e-01   1.5699011e-01   1.2322182e-01   2.1222536e-01  -3.6508335e-01   4.4560955e-01   3.2311820e-01  -2.3796545e-01   8.3554067e-01   1.0745227e-01   5.4349725e-01   3.5854166e-01   1.4065351e-01  -1.3667716e-01  -1.1107995e-01   1.7931795e-01   5.1159642e-01   4.9191210e-02  -1.6173827e-02   2.0010560e-01   3.5563648e-02  -5.2283938e-02  -1.9810832e-01  -3.4887504e-01   6.5291977e-01  -3.4831576e-01  -8.4373061e-02  -6.2022132e-02   3.1196638e-01  -3.0048606e-01  -2.8745590e-02   2.0636379e-01   2.9538815e-01  -2.0192050e-01  -4.6476158e-01   1.4654419e-01  -2.2138227e-01   8.5183149e-02  -2.3463291e-01
  -1.5917582e-01  -3.3272490e-01  -1.2843849e-01  -1.1335844e-01   1.5706220e-01   3.1458246e-01   2.8311414e-01  -1.5719285e-03   2.2979683e-01   3.7128944e-02   0.0000000e+00  -2.4453752e-01  -1.8570572e-01  -1.0128835e-01   4.2756388e-01   1.2672840e-01  -1.7053884e-01   6.8236664e-01  -6.8121904e-02   8.3180525e-02   4.0590980e-01   1.0037965e-01   1.6602124e-01  -1.5015071e-01  -2.9308359e-01  -8.6933104e-02   2.6830528e-01   1.3772760e-01  -1.1847768e-01   6.2121338e-01   5.1070653e-01  -4.6229202e-02  -1.6345898e-01   1.8243504e-01   2.3023019e-01   5.2897531e-01   4.0943885e-01  -3.7524507e-02   1.8776011e-01  -3.1504664e-01   1.9762860e-01  -2.9720031e-02  -1.7303254e-01   5.4259006e-01   2.3647233e-01  -5.9725040e-02   6.7736863e-01   2.1097332e-01   2.1295511e-01  -2.0891395e-01   6.7425062e-01  -1.9205008e-01  -1.0655666e-01  -3.0198297e-01  -4.1867640e-02   3.3304899e-01   1.0800097e-01   2.8142106e-01   2.4924959e-01   3.1383030e-01   1.2420347e-01   6.2388358e-02  -2.1625347e-01   5.6481547e-01   4.9302576e-01   7.2333948e-01   2.7484699e-01   7.6112842e-02   3.7063563e-01   1.4137420e-01  -3.1916256e-01  -4.1425464e-02   3.9536523e-01  -1.1645021e-01  -1.6198612e-01   1.3393723e-01   2.8221650e-02   4.2970444e-03  -6.3981846e-03  -1.0758179e-01   1.7254878e-01   2.0453215e-01   4.0335397e-02  -1.6954003e-01  -2.4590602e-02   1.8482779e-01   2.1804186e-01  -3.7420851e-01  -9.5526987e-02  -1.3529024e-01   3.0402675e-02   5.1786018e-03  -2.3774580e-02   2.7270819e-01   1.4739140e-03  -3.0985693e-01  -2.7519597e-01   2.7890445e-01   1.5367749e-01   3.3645474e-02   5.9882426e-02   6.4320365e-01   1.4208850e-01   2.4802829e-01   3.4543826e-01  -1.4945613e-01  -1.4362859e-01   2.0223304e-01   1.1983617e-01   4.1390521e-01  -2.7750968e-02   4.6614442e-01  -8.5366290e-02  -1.2057986e-01   7.9634023e-02   1.7763822e-02   2.9935270e-02   1.7242168e-01   1.9089261e-01  -1.3716752e-01  -4.6188449e-02  -2.1000694e-01  -3.0322026e-01   4.9151772e-01  -1.0837016e-01  -4.0630835e-02   4.6452531e-01  -4.2098836e-01  -1.5780234e-01   3.4866561e-02   3.0682149e-01   5.3424678e-01  -1.6543289e-01   2.3970434e-01  -2.4572791e-01   1.6614264e-01  -3.6785317e-01   2.5536542e-01   2.0703173e-01  -1.6251068e-03  -8.9456828e-02   5.0694131e-03   6.0159323e-01   1.6806595e-01   3.3276832e-01   3.9885551e-01  -8.2118656e-02   7.0221816e-01   4.9997407e-01   9.2648496e-02  -3.2980235e-02   5.7083203e-03  -1.7064013e-01   5.5436281e-01  -1.3887253e-01   7.2390201e-02  -6.6439872e-02   1.4528318e-01   5.1238225e-02   3.0178073e-01  -2.3226278e-01   7.1638818e-01   2.9135076e-01   2.6126742e-01   1.2899116e-01  -1.2785261e-01   3.6049674e-01   1.9727867e-01  -1.7226044e-01  -1.8047223e-01   4.1639453e-01   6.3064420e-02   2.6016543e-01   1.6940313e-01  -4.3867843e-01  -1.4406243e-01   7.6227781e-02
  -1.7625955e-01   6.1976455e-01   5.7188670e-01   9.9966330e-02   2.6363446e-01   1.8081479e-01   3.5432499e-01   2.4633390e-01   5.3952983e-02   5.4572960e-01  -2.4453752e-01   0.0000000e+00   1.0735181e-01  -1.6997318e-01  -1.9610514e-01  -3.0747113e-02   5.0090973e-01  -1.4791718e-01   3.1647853e-02   4.0864665e-01  -1.4417701e-01  -1.1179491e-01   1.5160368e-01  -3.1445780e-01  -2.8541304e-01   9.8365326e-02   1.8944664e-02  -2.8229900e-01  -8.8466997e-02  -9.3600136e-02  -1.8992549e-01   2.7768839e-01   3.5046685e-02   5.3297723e-01  -2.7987153e-01   1.8024235e-01   9.4216635e-02  -2.1323776e-01   2.5061703e-02   6.2977146e-01   2.5235297e-01   1.4023603e-02  -1.6384383e-01  -2.3434860e-01  -2.9479745e-01   6.2750312e-02  -1.1015084e-01   2.9568897e-01  -9.7966917e-02   4.9008772e-01  -9.4725907e-02   1.7122440e-01   4.9066298e-01  -2.0143996e-01  -2.0781064e-01  -9.5566803e-02  -2.0485063e-01  -1.4409099e-01   3.1032779e-01  -5.8852395e-02  -8.3274445e-02  -2.1614341e-01   3.4272205e-01  -8.9126984e-02  -2.4677262e-01  -1.0695418e-01   1.6316894e-01  -2.2234481e-01  -1.2753935e-02   2.0685086e-01   5.7924124e-01  -4.9485011e-01   2.0602363e-01  -2.1791412e-02  -2.0038220e-01  -7.2850962e-03  -1.1650131e-03   1.2124595e-01   3.2990011e-01  -1.2469408e-01   1.5885433e-01   4.8855281e-02   3.1925602e-01   2.6859227e-01   7.0218105e-02  -1.0061806e-01  -1.3822497e-01  -3.5147876e-01  -2.1573721e-01  -2.2562949e-01   3.3375421e-01   1.9750597e-01   4.6070982e-01  -3.7651197e-01  -2.5414902e-01   3.9259756e-01  -3.5275888e-01   1.4712087e-01  -1.6282517e-01   4.2974529e-01   2.0221992e-02  -1.5136447e-01   8.7728337e-02  -1.6547323e-01  -3.1752074e-01   3.7703403e-01  -8.8363908e-02   1.8603566e-01   4.6159195e-02   1.6976696e-01   5.2373903e-01  -1.4257721e-01  -3.2304585e-01  -2.1524142e-01   4.2718439e-02   2.8525363e-01   1.5083714e-01   3.1023061e-01  -1.4272704e-01  -8.9216337e-02  -1.3965401e-01   4.1111398e-01  -7.0066355e-02  -2.6268357e-02  -1.5592984e-01  -2.1943652e-01  -1.4885774e-01   2.4160897e-01   1.0119267e-01   3.2529170e-01   1.9418805e-01   2.6005864e-01   5.0066617e-02   1.9620196e-01  -1.4159874e-01  -2.8382209e-02  -2.5818585e-01  -1.7246181e-01   1.1453811e-01  -4.7933724e-02  -8.6793152e-02   1.6778068e-01  -3.0536486e-01   1.2070618e-01   2.2713253e-01  -1.7816242e-01   6.0367773e-01  -6.5156422e-02   1.3956593e-01   2.3470329e-01  -1.4200361e-02   9.0630535e-02  -1.3884231e-01   1.0658266e-02   6.4855527e-01  -1.4189058e-01   1.1720457e-02   3.1432317e-01   1.5132584e-01   2.8753088e-02  -2.8192171e-01  -2.9054510e-01   1.6613789e-01  -1.0423113e-01   2.5665396e-01   3.8694994e-01   3.5339531e-01  -2.4030130e-01  -8.8846141e-02   4.4811094e-01   2.5809007e-01  -3.0720111e-01  -2.7861260e-01   2.6853254e-01  -2.2459277e-01   2.3339983e-04   1.5924401e-01
  -2.0821158e-02   1.8148850e-01   2.0103689e-01   5.8909793e-02   1.5151556e-01  -5.6779016e-02  -5.8283593e-02   1.6301366e-01  -4.8562333e-02   2.1190115e-01  -1.8570572e-01   1.0735181e-01   0.0000000e+00  -1.7283954e-01  -1.6594935e-01   2.4811535e-01   2.8188830e-01  -1.7395511e-01   1.0626582e-01   2.3426603e-01  -2.3518001e-01  -3.1707268e-01   3.7376187e-03   1.9317755e-01   1.0797085e-01  -2.0774013e-02  -9.9465860e-02  -2.9398735e-01  -2.2982217e-01  -4.3303991e-01  -1.9136357e-01   1.9211199e-01   3.2225196e-01  -1.4219651e-01  -2.4052350e-01   6.1837507e-02  -1.6599906e-01  -6.5362682e-02   3.3542556e-01   4.0165439e-01   6.6315012e-01   2.2975032e-01   1.1976449e-02  -1.9598204e-01  -2.1650760e-02  -7.0264264e-02  -1.1777048e-01  -1.6816304e-01   3.1018711e-01   3.9608200e-01  -1.7481094e-02   1.2555174e-01   1.2445812e-01   3.3238369e-01   6.6479375e-02  -2.3130358e-01   1.1030108e-01  -1.2448892e-01   2.4443862e-01  -2.0547245e-01  -3.9886458e-01   7.9808057e-02   3.0122584e-01  -3.0980789e-01  -1.3406157e-01  -2.6297067e-01  -1.9324607e-01   2.3113277e-03  -6.3040468e-02  -9.4063617e-02   3.0551090e-01  -1.0294779e-01   2.6380510e-01  -1.1594399e-01   2.6405571e-01   6.3368622e-02  -2.4986017e-01  -1.2873597e-01   7.1744693e-02   2.2952077e-01  -1.7158485e-01  -1.6549899e-02   1.4603660e-01   2.3305940e-01   5.0739466e-03   1.1876711e-01  -2.0567808e-01   2.2381655e-01   3.2619609e-01  -3.6958718e-02   1.9106366e-01   1.7936312e-01   1.8203120e-01  -1.6807263e-01  -1.7869055e-01   3.8616108e-01   1.2968578e-01  -8.6450337e-02   9.4587272e-02   3.4298226e-02   4.7763105e-02  -3.7994421e-01  -1.4140917e-01  -1.2902617e-01  -6.6839469e-02   2.0868096e-02   3.4993257e-01  -4.5096302e-02   4.8333077e-02   1.5833841e-01   2.0318034e-01  -4.2979147e-01  -5.7788993e-02  -1.7411746e-01  -5.5959083e-02  -8.6507459e-03  -4.7803937e-02   5.7226685e-01  -3.7387744e-01  -3.0600184e-03  -1.6918909e-01   3.9014428e-01   4.0250161e-01  -2.8173173e-01  -7.5052405e-02  -4.4975588e-02  -2.8874244e-01   3.0625965e-01   1.7163785e-01   8.5819106e-02   3.3505598e-01  -9.5627409e-02   1.6702341e-01   4.5297512e-02   1.5645763e-01   7.0023596e-02   2.1979905e-01  -2.0475633e-01   5.0932644e-02  -2.7209601e-01   4.8377979e-03   4.2899216e-01  -2.9508234e-01  -1.5826869e-01  -3.7953851e-02  -2.7107676e-01   1.7006804e-01  -2.4970672e-01  -1.2145359e-01   1.0521694e-01  -5.9660827e-02  -4.6968218e-02   1.8280111e-01  -2.1610791e-01   3.4873010e-01  -2.3172946e-01  -2.3953595e-01   4.1433765e-01   6.3741627e-02  -2.9307008e-01  -1.5768071e-02  -3.3011849e-01   3.2927087e-01  -1.0157077e-01  -3.8455753e-03   8.2523608e-02  -1.3211758e-01  -2.3799471e-01   4.8771722e-02   3.5057441e-01  -1.7138090e-01  -2.8582648e-01  -1.5344730e-01  -9.5585480e-02   1.7377785e-01   1.1446254e-01  -1.3508723e-01
   7.2394435e-01  -3.0211700e-01   9.2346367e-02   4.2625419e-02  -1.2039083e-01   3.7608084e-01  -3.9772106e-01  -2.0100271e-01  -2.3494305e-01  -3.9047255e-01  -1.0128835e-01  -1.6997318e-01  -1.7283954e-01   0.0000000e+00   4.9487754e-01  -2.8141239e-02  -9.2119200e-02   1.1810161e-01  -3.9029961e-02  -2.5093910e-01   4.6732949e-01   4.8436320e-01   1.9576953e-01  -5.8581552e-02   2.4369920e-01   8.9523900e-02   7.1300591e-02   4.9404351e-01   3.1539694e-02   7.8593330e-02   1.6373616e-01  -1.0734042e-01  -5.6007142e-02  -1.8801813e-01   3.0979742e-01  -1.5818739e-01  -1.5560844e-01   3.1003491e-01  -4.0829869e-02  -3.3535378e-01  -1.4178566e-02  -2.3664911e-03  -1.1784581e-01   3.6435472e-01   1.2014831e-01   3.6763476e-01   8.4971494e-02  -1.1070792e-01   4.0921025e-02  -2.2170797e-01  -9.0427569e-02  -1.6126365e-01  -4.2079330e-01   9.2682184e-02   2.4342853e-01   5.1703059e-01   1.1457387e-01  -1.4785828e-02   6.9828688e-02   1.7820129e-01   4.9407693e-01  -7.5656484e-02  -2.9499669e-01   6.4733832e-02   2.1250663e-01   5.4591507e-02   4.5927409e-01   8.3055106e-03   1.0277161e-01   2.8156302e-01  -4.4846830e-01   4.9796142e-02  -1.4119375e-01   7.0300296e-01  -8.7290899e-02   9.2752842e-02   5.1282726e-01   4.8481082e-01  -2.1643857e-01   6.7918452e-03   1.5315856e-01  -4.4465174e-02   1.0904679e-01  -1.0287509e-01   5.1574273e-01  -7.6649037e-02   3.3077205e-01   2.0674150e-01  -8.2813437e-02   5.4166286e-01  -1.8713942e-01   3.2098207e-01   6.7969605e-03  -2.1590767e-01   1.3444373e-01  -1.9940593e-01   1.5666046e-01   1.8473877e-02  -4.7327874e-02  -4.0670989e-01   1.2060397e-01   2.0201082e-01   4.2705184e-01   1.0312924e-01  -1.0839688e-01   9.1310901e-02   4.2767315e-02   6.4850308e-02  -1.4440373e-01  -2.8089143e-01  -5.2898727e-02   3.3672686e-01   1.4254540e-01   4.3012224e-01  -3.3770932e-02  -2.5384236e-01   1.8218682e-01  -1.1132979e-01   6.5113845e-01  -3.6580587e-02   4.4152182e-01  -3.2771727e-01  -3.7050912e-01  -1.1652451e-02   5.1134758e-01   6.6435892e-01   6.6671976e-02  -1.2996949e-03   8.9654773e-02   3.1801035e-02  -2.6831216e-01  -4.2202948e-02   4.8858778e-01  -1.3884028e-01  -2.4295001e-01  -2.5175841e-03  -3.5659820e-02   2.6262879e-01   3.1887447e-02   2.3816148e-02   3.7744053e-01  -1.6449750e-02   3.5904355e-01   2.6137851e-01   7.4424876e-02   3.2562708e-01  -3.3666667e-01  -9.8908051e-02  -1.1819764e-01  -2.4557129e-01   4.0119790e-01   1.8191642e-01   3.8400217e-01  -4.4833726e-02  -2.0526862e-01   2.6251954e-01   2.7244278e-01  -7.6607239e-02   1.9178090e-01   2.2654253e-01   2.5072393e-02   2.2676016e-01  -3.6596614e-01   2.3881595e-01   1.0309522e-01  -1.8191321e-01   1.8606133e-02   3.6959159e-01   4.9092267e-01  -8.2014207e-02  -2.9583652e-01   2.2205664e-01   2.8160875e-01   3.0719012e-01   5.0631413e-02   1.5995442e-01   1.5776496e-01
