   0.0000000e+00  -2.9457848e-01  -3.0691880e-01  -5.6999466e-03  -3.6965110e-01  -1.5807499e-02  -4.2778482e-01  -1.2608452e-01   1.0778824e-02  -3.2561255e-01   4.7717693e-02  -3.5135014e-01  -3.0832998e-02   4.8978099e-01  -2.4883437e-01  -2.2515981e-01  -3.7773786e-01  -3.7585836e-01  -2.7827489e-01  -4.2621324e-01   1.0353877e-01   4.2034533e-02  -5.7434726e-02   7.3207904e-01   2.0137061e-01  -1.0510635e-03  -2.6108627e-01   6.1197071e-01  -1.2132080e-01  -1.0663939e-01  -2.1944192e-01  -1.8455862e-01  -9.1134742e-02  -5.5385706e-01   1.5416281e-01  -5.5000046e-01  -1.5494526e-01   3.4760486e-01  -1.6363076e-01  -2.8601579e-01  -7.5758509e-02   2.0051366e-01  -1.1028848e-01   1.0717752e-01  -4.6831110e-01   3.4846165e-01  -2.1445671e-01   3.2005590e-02  -2.2974576e-02  -3.3370783e-01  -1.2632680e-01   1.8626032e-03  -2.4092563e-01   1.9453646e-01   2.4093129e-01   3.6515834e-01   3.1899878e-02  -2.8412492e-02  -1.1005976e-01  -2.0893426e-01   3.4917838e-01  -4.8930001e-01   1.4456324e-01   1.1171924e-01  -7.8423334e-02  -2.5057778e-01  -3.1800134e-01  -2.4352663e-02  -9.4471153e-02   1.2592456e-01  -2.8640609e-01   7.4662243e-02  -2.4592623e-01   5.2199052e-01   6.7791266e-02  -1.7534818e-01   3.8892802e-01  -7.6829280e-02  -5.0466569e-01   8.1250253e-02   2.8650224e-01  -7.5458628e-02  -3.1219883e-01  -5.8544002e-02   7.6203699e-01  -1.5889219e-01   2.3055015e-01   7.1555729e-01  -1.9836085e-01   8.3222313e-01  -1.8984360e-01   5.9040453e-02  -4.8763900e-01  -1.9993994e-02   5.1907667e-01  -2.0685619e-01   1.1960485e-01  -1.2932663e-01  -2.4439899e-01  -2.2730629e-01   5.8406763e-01   1.8001484e-01   1.3676128e-01  -9.9034050e-02   8.5819634e-03  -2.6428740e-01   2.2703684e-01  -1.8795605e-01  -3.4042976e-01  -1.4919880e-01  -4.2251355e-01   5.6111173e-02   2.4443277e-01   8.4989468e-01   6.4715370e-01  -1.8400998e-01  -3.6166341e-02  -2.5805156e-01   3.4703033e-01   8.7194760e-02   5.3393663e-01  -2.7338522e-01   9.7045618e-04  -1.0974343e-01   3.9397755e-01   4.7262986e-02  -1.9194010e-01   1.3103075e-01  -3.7995079e-02  -2.3846333e-01  -5.4141547e-02  -4.3397966e-01   6.7975808e-02  -2.3804385e-01   5.4691706e-02   7.8113266e-02   1.3460036e-01   4.5831553e-01   2.4958982e-01   6.6280791e-01   7.4911261e-01  -2.0641480e-02   1.7564392e-01  -1.4507877e-01   3.2323165e-02   2.8249452e-01  -1.9526773e-01  -3.9882864e-02  -4.9697492e-01  -2.0882571e-01   7.3224636e-01   1.8050306e-01   4.4929827e-01   3.8420613e-02  -3.8790909e-01   5.6402483e-01   5.0573382e-01   6.0489705e-03   1.4470731e-01   2.9177043e-01   1.0973937e-03   2.0616611e-01  -4.4217615e-01   4.3475476e-02  -4.2708347e-02  -2.3645820e-01  -3.3663865e-01   3.0596320e-01   5.9013450e-01  -4.0989906e-01  -1.7235339e-01   5.2029018e-01  -8.2770756e-03  -2.4886354e-01   1.3237939e-01   1.3543095e-01  -1.6788471e-01
  -2.9457848e-01   0.0000000e+00   5.7087993e-01  -1.6367866e-01   7.0772919e-01  -2.4207817e-01   1.9420875e-01  -1.2711873e-01   3.1105188e-01   7.5286221e-01  -5.6452936e-01   7.6903750e-01  -7.7658276e-02  -7.1130750e-01   2.2118576e-01  -9.9153410e-02   6.9138697e-01  -2.3754616e-01   3.1930654e-01   6.4371433e-01  -7.5585362e-01  -3.3726763e-01  -6.3671069e-01  -2.9929200e-01  -4.3676244e-02  -1.7066729e-01   2.0664220e-01  -6.3155071e-01  -8.1069496e-02  -3.5032023e-01   3.1693962e-01  -7.7840262e-02  -4.9365127e-02   6.2937782e-01  -3.7512263e-01   2.6933786e-01   3.9662937e-01  -2.9585239e-01  -3.2311667e-02   3.6264851e-01  -1.2680837e-01  -1.2944646e-01   6.3757723e-01  -6.3355499e-01   1.8318217e-01  -5.4944972e-02  -4.3656684e-01  -2.9267474e-01  -8.5433222e-02   4.5452778e-01  -5.2745262e-01  -4.4047248e-02   7.2344811e-01   1.4178990e-01  -2.1892269e-01  -5.9317078e-01  -3.2594262e-01  -1.4883007e-01  -1.2429409e-01   4.4705930e-01  -1.3360505e-01   3.5318112e-01   4.6288873e-01   1.3282047e-01   2.6232442e-01  -2.1870468e-01  -6.9723579e-02   2.1128262e-02  -3.6043658e-01  -7.0667450e-02   6.8423120e-01  -5.5001979e-01   3.7568736e-01  -3.0207502e-01   2.7872572e-01  -7.2457339e-02  -2.6179267e-01   1.3895402e-01   7.6738142e-01  -1.5984422e-03  -6.9070127e-01   2.0371314e-01   2.4586348e-01  -3.6079571e-01  -2.3854838e-01  -1.5679006e-01  -4.5312452e-01  -2.5882447e-01   2.8788959e-01  -2.4729179e-01   7.7449957e-01   2.0018191e-01   5.3113039e-01   1.6736153e-01  -2.6822821e-01   6.8431877e-01  -2.4281223e-03   2.1891282e-01   2.8574073e-01  -1.7956102e-01  -5.1802988e-01  -2.0128293e-01  -7.1462233e-01  -9.7855368e-03  -4.3761357e-01   1.8965138e-01   1.1624028e-01  -1.3183488e-01   4.0916165e-01   1.9583793e-01   3.6203675e-01  -6.5315458e-01  -3.8641319e-01  -2.8351364e-01  -4.6844191e-01   6.7007750e-01  -1.8500322e-01   2.4248801e-01  -5.2062182e-01  -2.2677708e-01  -4.7151652e-01   7.7229481e-01   4.8723175e-01   2.4644819e-03  -2.3433732e-01   4.0103326e-02   3.6034638e-01   1.7633862e-03  -5.0448635e-02   6.0243241e-01   2.0920712e-02   2.4601536e-01   1.7978032e-01   2.3290905e-01  -2.0517001e-02  -3.5802242e-01  -5.5024046e-02  -7.5381827e-01  -4.7293723e-01  -2.0456203e-01  -2.5408220e-01   3.8015438e-02  -3.6330424e-01   8.9286410e-02  -2.3031030e-01  -6.2460886e-01   4.9039971e-01  -2.2129849e-01   2.6982793e-01  -8.0933579e-02  -2.2647038e-01  -5.3606284e-01  -3.0991741e-01   1.5635578e-01   8.4608841e-01  -3.9302808e-01  -3.5556338e-01  -9.3073830e-02   1.2068693e-01  -6.1972153e-01   8.1552024e-02  -4.9091140e-01   2.8378572e-01  -5.9998008e-01  -1.3435395e-02   6.6252105e-01   2.0897114e-01  -4.9685301e-01  -3.1081216e-01   6.8823232e-01   7.2407153e-01  -5.1365111e-01  -3.5465994e-01   7.8550969e-02   2.9615525e-01  -4.5702160e-02   2.4859295e-02
  -3.0691880e-01   5.7087993e-01   0.0000000e+00  -2.9692919e-02   4.1634643e-01   4.1358428e-01   1.9562545e-01   8.7136573e-02   1.7989880e-02   5.7881692e-01  -2.2827288e-01   8.2693832e-01  -4.4942812e-02  -4.7192298e-01   2.8761847e-01   1.4440341e-01   9.3289110e-01  -1.0870920e-01   4.8745444e-01   3.1866930e-01  -6.3472837e-01  -3.1054275e-01  -4.1734401e-01  -4.5727199e-01  -2.1489040e-01   5.5861605e-03   1.8854525e-01  -3.7519546e-01  -1.6370040e-01  -3.5586436e-01   8.8744227e-02  -2.7215035e-02   2.5227307e-02   6.3898260e-01  -1.3645523e-01   2.5305095e-01   5.7778573e-04  -1.3579442e-01   9.9199641e-02   4.1634093e-01  -1.6678862e-01   1.0896397e-01   3.4939951e-01  -1.9124905e-01   2.2857958e-01   4.5406492e-01  -1.8191490e-01  -4.6911027e-01  -4.5321632e-01   5.2943330e-01  -3.2212465e-01  -1.1289051e-01   4.1910354e-01   3.0594125e-01  -7.3239694e-02  -1.9273662e-01  -1.7116307e-01  -1.5768770e-01  -1.5036994e-01   3.8449959e-01   4.2657813e-01   2.9465279e-01   2.2477776e-01   2.7052690e-01  -2.1465042e-01   4.4161915e-02   3.5888297e-01   1.2494584e-01  -1.9567502e-01   3.9658641e-01   2.6123102e-01  -4.4236558e-01   4.1510798e-01   1.6481915e-01   1.4091723e-01  -4.3486502e-02   2.9991250e-01   3.9414249e-01   6.2050340e-01  -6.8285256e-02  -4.4419206e-01   3.2933495e-01   4.7086120e-01  -1.6502281e-02  -4.8568256e-02  -1.5032184e-01  -2.3021421e-01  -2.2182707e-01   2.6952471e-01  -2.7396957e-01   3.5052148e-01   7.6085091e-01   6.3464184e-01   7.9392172e-02   7.1993950e-02   3.5205349e-01  -2.6906916e-02   6.4890581e-02   1.3240444e-01  -2.1004256e-01  -2.9805906e-01   1.7919501e-01  -5.0248523e-01  -9.1140356e-02  -3.2252064e-01   2.2281391e-01   2.2346808e-01  -2.3413816e-01   2.1541840e-01   2.5930432e-01   5.7985261e-01  -4.6178048e-01  -3.2222873e-01  -2.0885779e-01  -2.0219305e-01   2.0204569e-01  -2.1016608e-01   3.1392947e-01  -9.0615815e-02  -1.9902358e-01  -8.8190109e-02   4.2458789e-01   3.0842489e-01  -2.0553517e-01   1.8732350e-01   2.3317483e-01   1.9812882e-01  -4.7302488e-02  -1.3452543e-02   7.4982936e-01  -1.3180892e-02   1.2124859e-01   4.8720566e-01   1.5789321e-01  -1.1607936e-01  -1.1013766e-01  -4.6267807e-02  -6.0513798e-01  -2.6736508e-01  -3.0681563e-01  -1.1247321e-01  -1.4121794e-01  -2.2667311e-01   5.6706830e-01   9.5083423e-02  -5.4798452e-01   5.1408862e-01  -3.1737425e-01   3.6595269e-01  -1.0252779e-01  -1.3563107e-01  -5.0121688e-01   2.7765255e-02   3.1567990e-01   8.1655664e-01  -5.2967653e-01   4.7342922e-02   2.5823512e-02   5.9814934e-01  -5.5425962e-01   9.7969109e-02  -2.6823105e-01   1.4719057e-01  -5.7604310e-01   2.6600265e-02   3.7306585e-01   3.2460905e-01  -1.0428594e-01  -2.6470770e-02   5.2889955e-01   3.9821356e-01  -3.3190456e-01  -3.0042403e-01   5.7718382e-01   1.0772085e-01   1.8685975e-01   2.1456843e-01
  -5.6999466e-03  -1.6367866e-01  -2.9692919e-02   0.0000000e+00  -1.1566087e-01   2.7722303e-01  -2.0326095e-01   2.9154690e-01   2.0554114e-01  -2.4950369e-01   1.5983521e-01  -1.3852576e-01  -1.4227432e-01   2.1233849e-01  -1.3158638e-01   1.0671231e-01  -8.8518279e-02   3.8851339e-01  -1.3947552e-01  -7.8179633e-02   2.6083527e-02   4.8706911e-01   2.7501034e-02  -3.9603509e-02  -4.5174679e-03   1.4139130e-01   1.3912099e-01  -2.4656463e-02   8.5817407e-02   1.8705100e-01  -1.4416440e-01   5.7218411e-01   3.4593936e-01  -1.4944760e-01   2.8428509e-02  -5.0483278e-03  -4.2319217e-02  -9.7480217e-02   1.8359086e-01  -1.4493654e-02   1.2505471e-01  -2.3863190e-01  -6.0322672e-03  -5.6406600e-02   1.7334897e-01   2.9639004e-03   1.1414302e-01  -3.7871665e-02   3.9906354e-02  -2.4680808e-01   3.6338754e-01   1.1488107e-01  -2.3828568e-01  -8.4407318e-02   4.2564632e-02   5.9785845e-03   2.3163007e-01   4.6774595e-01   4.7647531e-01   1.8370637e-01   1.6453513e-01   1.9499372e-01   9.7665400e-02  -5.1263938e-02   1.4256429e-02  -5.7036377e-02   3.6027548e-01   2.5057596e-01   1.9009942e-01  -5.7025525e-02  -2.5818545e-01   6.4510045e-01  -2.0529506e-01  -6.5639041e-02   5.2135442e-02   3.7548209e-01   6.8346562e-02   6.1590384e-02  -3.7157952e-02   4.1832532e-01   9.5921160e-02  -2.5392377e-01  -2.4724487e-01   2.3491442e-01  -1.2724357e-02   3.6097743e-01   3.8035378e-01  -4.6554565e-02   1.1531648e-01  -6.4846956e-02  -1.2101713e-01  -2.9331320e-02  -2.5622709e-01   2.4444462e-01   1.5040191e-01  -2.0014406e-01   4.1129462e-01   2.0227760e-01   2.9797964e-01   9.6261467e-02  -1.1645882e-01  -1.6265072e-01   2.9114369e-01   4.1838275e-01   4.6961594e-01   5.4178356e-01   7.8470269e-03   3.6327697e-01  -9.9615218e-02  -3.6572664e-01  -2.1591205e-01   3.9297406e-01   5.0684633e-01   5.9217154e-02  -2.3112769e-01  -2.4635395e-01  -8.7707954e-02  -1.5718392e-01  -8.7501124e-02   6.2910963e-01   1.0882715e-01  -1.3704221e-01  -1.2097805e-02   8.8056427e-03   1.4364728e-01   6.8291927e-02   8.4463233e-02   2.5355557e-01   5.2313160e-01  -2.4784242e-01  -1.9719755e-01  -3.1952031e-01   5.7555872e-02  -2.4214593e-01   3.9617242e-01   3.1838749e-01   2.6688504e-01   1.2931743e-01   3.2422526e-01   9.1441369e-02   1.1265420e-01  -2.5181293e-01   1.1275583e-01  -3.0541066e-01   7.8509220e-02   2.9896884e-01  -3.0029775e-01   2.3942027e-02  -1.0688973e-01  -6.3062216e-02  -9.0128730e-02   2.1448731e-01  -1.4160745e-04  -2.0358091e-01  -1.6172756e-01  -1.2539849e-01   2.1207065e-01   3.4765976e-01  -1.7321884e-01   1.4502534e-01   4.4440721e-01   1.6308124e-01  -1.5233820e-01   3.9260104e-01   4.0133533e-01  -2.9173178e-01  -2.4977235e-01   2.3128125e-02   1.0703774e-01  -3.1348112e-01  -2.6268299e-01  -1.9873789e-01   3.0054526e-01  -5.6786701e-02   1.0317070e-01  -2.2223583e-01   5.6473812e-01
  -3.6965110e-01   7.0772919e-01   4.1634643e-01  -1.1566087e-01   0.0000000e+00  -1.0746705e-01   2.8855074e-01  -9.4106821e-02   2.2954075e-01   7.2734366e-01  -2.3937877e-01   5.8514215e-01   1.4080146e-01  -6.9222262e-01   2.0399442e-01   8.2736547e-02   5.8501793e-01  -2.1373852e-02   2.2880878e-01   8.3855174e-01  -5.0425957e-01  -3.1743426e-01  -5.1179144e-01  -4.4745001e-01  -2.3398078e-01  -1.3639453e-01   4.2790083e-01  -5.9794007e-01  -2.4252922e-02  -2.6079415e-01   4.1662714e-01  -7.8342221e-02  -9.0766932e-02   6.2356099e-01  -1.7502863e-01   6.6512209e-01   4.2119668e-01  -3.1068405e-01   1.8853774e-01   3.9588712e-01   3.9014053e-02  -1.4515006e-02   5.9305558e-01  -5.1241973e-01   4.7381592e-01  -1.1083571e-01   1.7315285e-02  -2.8156963e-01   1.6343055e-01   4.1746004e-01  -2.5928400e-01  -1.4005803e-01   6.1465585e-01  -1.3887521e-02  -3.5831937e-01  -3.9975956e-01  -2.6703155e-01  -3.3726271e-01  -5.2648464e-02   3.5249893e-01  -2.0015276e-01   5.0135952e-01   2.9711536e-01   1.8683866e-01   4.6764349e-01   2.2178230e-01   1.0818087e-01  -4.1477743e-02  -1.4353793e-03  -1.2911883e-01   5.3235539e-01  -4.4879382e-01   5.2875902e-01  -4.1743662e-01   7.5478246e-02  -1.3901354e-01  -3.4752530e-01   1.6563233e-01   7.7496775e-01  -1.6045544e-01  -6.3106599e-01   3.3167626e-01   1.5873709e-01  -1.8068249e-01  -3.2345445e-01  -2.1221693e-01  -3.5639571e-01  -4.0788600e-01   1.3055593e-01  -2.8367618e-01   8.2437783e-01   7.5757898e-02   6.2499076e-01   2.3165055e-01  -4.0557560e-01   7.9077826e-01   1.6538884e-02   2.2187084e-02   4.0401376e-01  -1.4868663e-02  -5.3196233e-01  -2.0251313e-01  -6.2822082e-01  -5.1630834e-02  -4.1608523e-01   5.8207471e-02   6.2877702e-02  -1.2877678e-01   2.9541934e-01   4.9056719e-01   3.1419177e-01  -4.6210426e-01  -3.6793034e-01  -3.2191131e-01  -5.3418775e-01   6.2586200e-01  -1.3133846e-01   4.1359714e-01  -5.4518628e-01  -2.3560087e-01  -6.1233129e-01   8.0116393e-01   3.7498104e-01   5.2357668e-02  -3.5985669e-01  -1.0504114e-02   3.9730223e-01  -1.3594359e-01  -1.2262609e-01   4.4054173e-01   2.7600056e-01   4.1144716e-01   8.2879272e-02   2.8444999e-01  -7.0205245e-02  -3.2574252e-01  -1.9081913e-01  -7.4593018e-01  -4.2257971e-01  -2.9633838e-01  -3.5104985e-01   6.9660085e-02  -2.0924974e-01  -7.6785259e-03  -1.8368842e-01  -6.0882283e-01   1.9445346e-01   1.7558133e-01   5.4263027e-01   7.0717288e-02  -3.5846957e-01  -4.9699451e-01  -5.1266935e-01   2.2027457e-01   6.4981448e-01  -4.7952699e-01  -4.4493397e-01  -5.1540481e-02   3.0047745e-02  -5.7836272e-01   8.7973406e-02  -3.4464125e-01   5.8345729e-01  -4.9734163e-01  -3.1332381e-02   6.2306796e-01   3.3934657e-01  -4.3348938e-01  -3.8762087e-01   7.1786705e-01   6.6316349e-01  -5.7381731e-01  -1.5153103e-02   1.0220379e-01   1.2080115e-01  -6.2847749e-02   6.0820494e-02
  -1.5807499e-02  -2.4207817e-01   4.1358428e-01   2.7722303e-01  -1.0746705e-01   0.0000000e+00   1.4300726e-03   2.8459782e-01  -2.4640320e-01  -9.8495875e-02   3.3969698e-01   1.4181123e-01  -2.1716853e-02   2.1683957e-01   6.1367584e-02   2.8250044e-01   2.7237267e-01   2.3013983e-01   3.1480423e-01  -1.1427515e-01   4.4293021e-02   8.7110340e-02   6.9685886e-02  -2.1267731e-01  -2.3381974e-01   2.3912829e-01  -7.1919210e-03   2.1101405e-01  -2.9584595e-01   4.1030151e-02  -1.5048176e-01   1.2132898e-01   1.0451536e-01   4.3552821e-02   1.5874871e-01   1.5352362e-01  -3.4412032e-01  -1.8333715e-01   4.8534813e-02   3.7771901e-02  -1.4552481e-02   1.6915322e-01  -2.8041244e-01   2.4572394e-01   1.3390982e-01   4.8478818e-01   3.5587101e-01  -1.1407500e-01  -3.1369961e-01   8.6302453e-02   2.5904789e-01  -2.4971515e-02  -2.4201924e-01   7.1225145e-02   1.8564686e-02   2.9863078e-01   3.3440822e-01   5.3273101e-03   4.7154995e-02   2.9740691e-02   5.2961659e-01   9.4785086e-02  -3.3190636e-01   2.4328032e-01  -4.3782087e-01   2.2927835e-01   7.2957364e-01   5.5574497e-02   1.8543526e-01   3.8154071e-01  -3.5326002e-01   2.2829176e-01   9.2065598e-02   4.7887953e-01  -2.4853849e-01   9.5251267e-02   5.2808227e-01   1.0285292e-01   1.7811216e-02  -5.8161828e-02   2.3251611e-01   8.7077332e-02   2.2550414e-01   4.6611690e-01   2.7143832e-01   5.8408759e-02   1.6671397e-01  -1.1703361e-03  -1.2109646e-01  -8.0361150e-02  -2.7977595e-01   5.8397439e-01   1.3504413e-01  -1.3358486e-01   3.3347188e-01  -1.8759331e-01   1.4108363e-01   8.5119801e-02   1.5688317e-02  -7.2865025e-02   1.9327834e-01   3.0315567e-01   1.5197540e-01   4.2597826e-02   1.3085770e-01   2.3863281e-01   1.0078950e-01   1.2886481e-01  -2.6108074e-01   9.1732196e-02   2.0140787e-01   1.8311853e-01   7.8528841e-02   4.8860763e-02   1.9468442e-01  -3.0717828e-01  -1.4306652e-01   1.3308549e-01   3.6362617e-01   2.0096336e-01   2.8858730e-01  -2.2585244e-01  -2.5354815e-01  -1.4673916e-01   4.2924618e-01   1.0689041e-01   1.0106246e-02  -3.0334190e-01   2.3888788e-02  -1.9490816e-03  -2.1699989e-01  -1.3189696e-01   2.7047750e-01  -8.6688437e-02  -4.9725854e-02   4.0358381e-01  -1.5274174e-03   1.0346680e-01   2.4208353e-01  -7.8747254e-02   2.5484938e-01  -3.1070190e-01   7.6227068e-02   4.0201606e-01   3.4546949e-01   6.7928787e-02   9.6174089e-03  -7.8461904e-02   2.5582299e-01  -3.2003735e-02   1.6993429e-01  -1.0228591e-02   2.6385812e-01   1.1329984e-01   2.0672513e-02  -4.1011380e-01   3.4462176e-01   2.9852631e-01   4.0728215e-01   4.3428321e-03   3.7631976e-02   1.6169287e-01  -7.4703839e-02  -5.5353703e-03   8.9730058e-02  -2.8132118e-01  -1.6135922e-02   4.4347360e-01   2.3524563e-01  -2.9536126e-02  -2.7836127e-01  -4.0550140e-02   4.5818263e-02   6.0516910e-01  -1.2136553e-01  -4.0320969e-02   3.2516480e-01
  -4.2778482e-01   1.9420875e-01   1.9562545e-01  -2.0326095e-01   2.8855074e-01   1.4300726e-03   0.0000000e+00  -1.9674478e-01  -1.2285927e-01   3.6122623e-01  -1.2580317e-01   3.1757018e-01   9.1662997e-02  -2.8845346e-01   5.3706499e-01   1.1941921e-01   2.1983729e-01   1.8580014e-01  -2.8456459e-03   3.7984772e-01  -1.2080157e-02  -1.7486775e-01   3.0706904e-01  -2.5088622e-01  -1.8015037e-01  -3.6120180e-01   1.5455447e-01  -3.3463248e-01   1.7860170e-02   1.5592553e-01   2.5979828e-01  -1.4314898e-01  -1.3317404e-01   5.5333540e-01  -5.7368210e-02   4.7006524e-01   1.0293705e-01  -3.4374173e-01   3.7493599e-02   9.7901819e-02   1.7933762e-01  -9.3274997e-02   3.8442427e-02  -4.3187726e-02   3.1878083e-01  -1.5009877e-01   7.0103153e-02   3.5309388e-01  -2.0882563e-02   2.2715159e-01   1.7284339e-01  -3.2535473e-01   1.6988337e-01   5.1536733e-02  -1.5179819e-01  -1.1802425e-01  -1.2520432e-01  -1.2431853e-01   6.3757990e-02   1.3705658e-01  -1.4796849e-01   3.4990782e-01  -1.3385052e-01  -3.1135107e-02  -5.5286120e-02   3.3895017e-01   1.5677973e-01  -1.0930270e-01  -2.8374733e-01   1.9611797e-01   4.0923728e-01  -1.0978655e-01   3.4802927e-01  -2.4488720e-01  -8.3225030e-02  -4.4514353e-02  -1.9576967e-01  -5.4765977e-02   1.9373795e-01  -2.7617159e-01  -1.2016588e-01   2.1718037e-01   2.5398516e-01  -2.6149309e-01  -3.8499395e-01  -1.2526782e-02  -2.2447473e-01  -2.4115288e-01  -1.8670061e-01  -3.9446998e-01  -1.6490395e-02  -1.8391828e-02   3.8837866e-01   9.7375629e-03  -3.7440644e-01   8.3629256e-02  -3.8666038e-03  -2.4025433e-01   2.2236941e-01   3.0486730e-01  -1.7572298e-01   4.6205087e-02  -1.8166105e-01  -1.0756099e-01  -1.2355135e-01  -5.4692466e-02   3.6177308e-02  -2.4182858e-01   1.6379793e-01   3.2881641e-01   4.0000279e-01  -1.3295790e-01  -2.7611776e-01  -4.7812900e-01  -2.3848622e-01  -9.3625060e-02   1.7441932e-01   2.2082668e-01  -9.9757994e-02  -2.1457430e-01  -2.4885908e-01   1.1533417e-01  -4.3085295e-02  -1.0773387e-01  -2.9452522e-01  -2.3506799e-01   2.6043287e-01  -2.2739986e-01  -1.8296504e-01   2.5575932e-01   4.1596780e-02   4.5845758e-01  -1.3734464e-01   3.7097911e-01  -2.4450468e-01  -1.8722853e-01  -2.4805819e-01  -2.7594059e-01  -3.1282112e-01  -3.7630168e-01  -2.8498557e-01  -3.1029375e-02  -1.8773325e-01   2.1580927e-01   2.3235280e-01  -2.4670738e-01   3.4138024e-01  -3.2870582e-02   5.2823839e-01   1.7476329e-01  -3.0979122e-01  -1.9980896e-01  -1.1853142e-01   5.9699568e-02   1.8586912e-01  -2.8290361e-01  -2.2651117e-01   1.1523217e-01  -1.4756764e-02  -1.4107682e-01  -6.0524930e-02  -2.2092249e-01   4.9447632e-01  -8.8706253e-02  -1.4753013e-01   2.6577912e-01   3.1413250e-01  -1.7933991e-01  -1.6393289e-01   2.6643754e-01   2.9000744e-02  -3.9008462e-01   1.8412991e-02   1.3927127e-01  -1.8072148e-01  -1.1581561e-01  -7.4508702e-02
  -1.2608452e-01  -1.2711873e-01   8.7136573e-02   2.9154690e-01  -9.4106821e-02   2.8459782e-01  -1.9674478e-01   0.0000000e+00  -6.4005209e-02  -1.9245072e-01   4.2000822e-01  -3.9431350e-04  -4.8627070e-02   1.7073804e-01  -5.9668034e-02   1.4770118e-01   8.2545203e-02   1.9810457e-01   2.2579068e-01  -1.5681090e-01   2.2675407e-01   1.6142987e-01  -2.3352378e-02  -1.8593976e-01   2.0991653e-01   2.8858279e-01  -1.0765574e-01   5.5853036e-02  -9.0942368e-02  -4.3051137e-02  -1.6120906e-01   1.7565616e-01   2.1160612e-01  -9.8788163e-02   2.1419800e-02   1.2555117e-02  -1.9659096e-01  -7.8732847e-02   7.5727261e-02  -4.8278570e-03   1.2786220e-01   1.4087530e-01  -2.3326927e-01   2.0818192e-01  -1.1369136e-01  -1.9878699e-02   3.6721972e-01  -1.2534942e-01  -6.0070955e-02  -4.3606172e-02   4.9637726e-02   4.1619380e-01  -7.8092037e-02   1.4065917e-01  -8.4241420e-02   1.6107314e-01   3.9811184e-01   1.0719158e-01   3.8620890e-01  -3.9087679e-02   1.7801915e-01  -4.1950719e-02  -8.6712529e-03   5.7511281e-02  -1.8755553e-01   3.3992630e-02   4.0672718e-01   1.1739979e-01   4.0460400e-01  -6.9597687e-02  -3.9574023e-01   1.3411724e-01   4.7969107e-02   9.7637733e-03   8.7448122e-02   1.5903960e-01   1.3496372e-01   1.9867816e-01  -2.6111571e-02   1.3335236e-01   2.4897297e-01  -1.0266632e-01   5.5483056e-02   7.0822156e-01  -3.3737120e-02   6.2745657e-02  -2.0385415e-02  -8.5209519e-02  -1.0388756e-01  -1.5967509e-01  -1.0132598e-01   9.9563472e-02  -2.6138952e-02   5.1078218e-02   9.5348455e-02  -6.8183389e-02   1.1894803e-01   4.0571697e-01   1.2503611e-01  -6.5173982e-02  -1.6351817e-01   7.3855666e-02   2.9599726e-01   6.4101349e-03   6.7772541e-02   1.8562128e-01  -1.7594343e-01   5.7644241e-01  -1.7604616e-01   2.9411234e-02   9.0567952e-03   1.8896501e-01   9.8930653e-02  -1.0087572e-01  -1.4857870e-01  -1.0129188e-01  -1.5061904e-01   1.2392148e-02   4.2679339e-02   2.5440928e-01   8.7100782e-02  -1.6142039e-01  -6.4569753e-02   1.7076131e-01   9.5922651e-02   2.2613937e-01  -2.2115943e-02  -8.8178757e-02   8.1805107e-02  -1.9772958e-01   1.8652574e-02  -5.9311791e-02   6.7129214e-02   6.5510599e-02   2.5037539e-01   5.5175692e-01  -1.6625834e-01   1.3570212e-01   3.1795971e-01  -1.3737298e-01   4.9644350e-02  -2.5015183e-01   1.3988293e-01   3.7347462e-02   1.7179596e-01   2.4314287e-01  -1.1332773e-01   1.3832577e-01  -3.1591617e-02   9.6559773e-02  -7.1902848e-02   5.4947504e-01  -4.6267903e-02   3.0871414e-01  -4.7001738e-03  -2.7751183e-01   6.4778596e-03   2.4336715e-01   7.1599949e-02   2.2063332e-01   2.5979983e-01   2.2936484e-01  -8.4447559e-02   1.2980266e-01   3.8905927e-01  -1.7111743e-01  -2.8490554e-02   3.4049656e-01  -1.0910090e-02  -5.7623398e-02  -9.1086752e-02  -1.5589707e-01   5.4722378e-02   2.9146657e-01   1.9936500e-01  -2.6180445e-02   4.0696879e-01
   1.0778824e-02   3.1105188e-01   1.7989880e-02   2.0554114e-01   2.2954075e-01  -2.4640320e-01  -1.2285927e-01  -6.4005209e-02   0.0000000e+00   9.2873470e-02  -6.3404418e-02   1.0556081e-01  -1.9675672e-01  -8.3508397e-02  -4.1493244e-03  -1.9313405e-03   6.4185075e-02  -7.7353557e-02  -3.7706614e-03   7.2186899e-02  -1.5859481e-01   4.1461536e-01  -2.7739368e-01   4.9484194e-03  -1.7367098e-01  -3.7444861e-02   3.2205121e-01  -3.6156118e-01   7.4821028e-02   1.7183098e-01   4.3179057e-01   2.0429919e-01  -8.2212902e-02   1.2791432e-01   1.9608855e-02  -3.6901750e-02   2.4451943e-01   6.0810094e-02   1.1388257e-01   8.8256358e-02  -2.0319094e-01  -6.7846524e-02   5.1663015e-01  -3.5230637e-01   5.9873138e-02  -2.0442782e-01  -1.1216129e-01  -8.6927610e-02  -7.2226057e-02   8.5078100e-02  -1.2775269e-01  -2.9467819e-02   4.0218163e-01  -1.4117918e-01  -6.5874772e-02  -2.2632443e-01  -1.0382938e-01   3.1929532e-01   1.7477344e-01   3.9282442e-01  -1.0719747e-01  -4.2292343e-02   5.2334425e-01   2.3880332e-01   3.9776928e-01   2.3305078e-02  -1.1577862e-01  -9.8528072e-04   1.0350510e-01  -6.1474012e-02   2.2775592e-01   8.7525065e-02  -1.5101017e-01  -3.2217586e-01   1.3707411e-01   2.4276898e-01  -2.4749015e-01   1.6764294e-01   1.6842823e-01   4.7962215e-02  -2.3760166e-01  -5.2989656e-02  -2.7921834e-01  -8.5577564e-02  -2.2953618e-01   1.8586344e-01   7.1921328e-02  -8.4018203e-02   1.1286492e-01   9.0770161e-02   2.8914882e-01  -2.0517558e-01  -7.1783643e-02   6.8312946e-01  -1.6189911e-01   2.0116553e-01   1.2799096e-02   1.7099672e-01   8.5134624e-02  -1.7962473e-02  -3.4373986e-01  -8.7577030e-02  -1.1474408e-01   6.6592597e-01   2.3353390e-01   1.4967386e-01  -2.6916968e-02   8.4754018e-02   8.2715339e-02  -1.2901608e-01  -2.0840135e-01   5.3976194e-02   1.7623809e-01  -7.8304116e-02  -3.5783761e-01   3.0902946e-01   1.2560016e-01  -1.4974561e-01  -4.0101131e-01   2.4354632e-01  -1.1508189e-01   2.5933768e-01   3.6961260e-01   2.3849649e-01  -1.3196347e-01   2.7915485e-01   2.4429697e-01   2.0252077e-02   4.2014403e-01   1.6758602e-01  -1.5232955e-02  -9.3144772e-02   3.5931579e-01  -1.0617146e-01   5.8491723e-01  -1.8996806e-02  -9.4677065e-02  -2.4631519e-01   1.7657957e-01   6.9583254e-03  -2.1297574e-02  -1.8677426e-02   1.7491305e-01  -2.8063869e-01  -1.4451021e-01  -6.7932397e-02  -1.0998984e-01   2.2291225e-01  -1.0146982e-01  -5.6211402e-02  -2.1317054e-01  -5.0179459e-02  -2.9469197e-01   2.6974991e-02   2.3772054e-01   1.7637933e-02  -1.1881110e-01  -1.1331805e-01  -1.8342810e-01  -1.9533710e-01   1.7384696e-01   1.4100042e-01   1.0556242e-01   3.1782470e-02   3.4853285e-01   1.1366720e-01   1.5045995e-02  -1.9071991e-01  -5.7211338e-02   5.6922008e-02   2.9633642e-01  -6.5706990e-02   2.1552260e-01   1.5498618e-02   1.2863067e-01  -2.4043218e-01   3.6968303e-01
  -3.2561255e-01   7.5286221e-01   5.7881692e-01  -2.4950369e-01   7.2734366e-01  -9.8495875e-02   3.6122623e-01  -1.9245072e-01   9.2873470e-02   0.0000000e+00  -4.7646300e-01   8.1066457e-01   3.9956796e-03  -7.0003091e-01   3.5740841e-01  -9.2223306e-02   6.8211953e-01  -2.4331534e-01   2.8490074e-01   7.5624011e-01  -6.3646415e-01  -3.9567421e-01  -4.2722500e-01  -4.2064159e-01  -1.7647496e-01  -1.2722749e-01   2.7224866e-01  -6.1414425e-01  -5.3039058e-02  -4.4478933e-01   1.1753938e-01  -2.8755845e-01  -1.6365103e-01   7.4731282e-01  -2.4633318e-01   4.0678885e-01   3.9237581e-01  -2.4624443e-01  -4.0463594e-02   3.4786915e-01  -1.1368559e-01  -8.8396276e-02   5.8892746e-01  -4.3832303e-01   2.4124660e-01  -1.7290299e-02  -2.8188617e-01  -3.4475702e-01  -7.0444730e-02   4.9660378e-01  -4.6693827e-01  -1.5308599e-01   6.1009288e-01   1.5225448e-01  -2.9133185e-01  -4.3918526e-01  -3.4951683e-01  -3.1640955e-01  -2.4963256e-01   3.4050492e-01  -1.3207954e-01   3.5164308e-01   3.2895797e-01   1.0234793e-01   1.3516283e-01   1.0899110e-01  -2.3205379e-02  -7.6426640e-02  -2.7380836e-01  -4.2463036e-02   6.1479861e-01  -6.3343092e-01   5.2840058e-01  -2.9180327e-01   2.4927982e-01  -1.5199608e-01  -2.2738775e-01   1.4219975e-01   7.5150445e-01  -9.0532737e-02  -6.6463987e-01   3.5050294e-01   3.2874555e-01  -3.2061495e-01  -2.6654275e-01  -2.8340489e-01  -5.2241825e-01  -3.3204186e-01   1.6635443e-01  -2.8796534e-01   6.7544258e-01   2.5647426e-01   7.7032276e-01   3.5788556e-02  -2.6265257e-01   7.4178539e-01  -3.4301506e-03   5.4556898e-02   1.9054818e-01   9.8650344e-02  -4.9070049e-01  -4.7983360e-02  -6.9384913e-01  -1.9692493e-01  -5.1657498e-01   3.7508806e-02   1.8285007e-01  -2.2845907e-01   4.7401259e-01   4.5437927e-01   5.5657040e-01  -5.7980015e-01  -4.9677881e-01  -3.0618898e-01  -4.2133410e-01   4.9622680e-01  -1.3330065e-01   3.7983592e-01  -4.1853430e-01  -4.0569495e-01  -4.8178467e-01   7.4904798e-01   4.1822313e-01  -1.6552450e-01  -2.3692918e-01  -3.0977663e-02   3.7304114e-01  -1.6002500e-02  -1.7881059e-01   5.6430234e-01   1.9024325e-01   3.7102516e-01   7.0600080e-02   2.5686121e-01  -1.1912266e-01  -4.1085753e-01  -8.7513969e-02  -7.6483671e-01  -5.9671265e-01  -2.5689243e-01  -3.5784396e-01   8.3199919e-02  -2.9953495e-01   1.8311828e-01  -1.4463806e-01  -7.1914149e-01   5.3942057e-01  -1.4465077e-01   5.2800857e-01   1.0399337e-01  -3.1430917e-01  -5.4194120e-01  -3.6398948e-01   2.2265505e-01   7.4439778e-01  -4.1830773e-01  -4.5644845e-01  -8.8178158e-02   2.0341119e-01  -6.3212305e-01  -3.0116978e-02  -4.4623642e-01   3.0075737e-01  -7.1051918e-01  -1.5348948e-01   7.4706167e-01   3.8527538e-01  -4.3457640e-01  -3.4878904e-01   7.4040312e-01   7.0682715e-01  -4.4546262e-01  -3.6245332e-01   1.0094890e-01   7.7725582e-02   6.6729908e-02  -7.7950235e-02
   4.7717693e-02  -5.6452936e-01  -2.2827288e-01   1.5983521e-01  -2.3937877e-01   3.3969698e-01  -1.2580317e-01   4.2000822e-01  -6.3404418e-02  -4.7646300e-01   0.0000000e+00  -3.4927070e-01   2.2387584e-01   4.2585399e-01  -1.4094846e-01   2.9600522e-01  -2.5965914e-01   4.0876449e-01  -3.3332898e-02  -2.8238229e-01   5.7182699e-01   3.5142656e-01   2.4829829e-01   7.3726806e-02  -5.6985072e-02   2.2385519e-01  -3.2004658e-03   2.7933673e-01  -1.0780952e-01   2.2422889e-01  -1.0468313e-01   1.6476041e-01   2.8513617e-02  -2.7481275e-01   2.1631345e-01   1.5878876e-01  -3.7261486e-01   1.2548936e-01   1.9630562e-01  -2.4491766e-01   2.8767112e-01   2.2065252e-01  -3.7197813e-01   4.6782757e-01   6.1124558e-02   7.5546165e-02   7.6094465e-01   2.4114548e-02  -6.5023831e-02  -1.7669035e-01   4.9564948e-01   3.0648004e-02  -3.6158818e-01  -2.5350960e-01  -1.1427784e-01   5.3535105e-01   4.7455892e-01   1.4273306e-01   3.1891143e-01  -1.4966859e-01   2.4262272e-01  -1.5546871e-01  -3.5026863e-01   1.6901393e-01  -1.3541369e-01   4.3589606e-01   1.9948631e-01  -1.1825334e-01   7.1471131e-01   1.1031593e-01  -5.7408086e-01   3.5677519e-01  -2.7192728e-02   1.2669106e-01  -3.0749694e-01   1.8958555e-01   2.5618784e-01   1.8824547e-01  -3.6733619e-01  -1.0193071e-01   3.7616604e-01   7.4562345e-02  -1.1028373e-01   5.9386949e-01   6.5211953e-02   2.2566427e-01   7.7421159e-02  -1.7761846e-03  -3.8923244e-01   7.9602262e-02  -3.6796385e-01  -1.3905803e-02  -2.3118872e-01   8.5006852e-02   1.4196194e-01  -2.4675530e-01  -4.6383608e-02   1.1932041e-01  -8.9650888e-02   6.9300540e-02   1.0960027e-01   3.1921335e-01   3.5845134e-01   1.0673444e-01   4.4575720e-01  -2.1347907e-02  -1.5912416e-01   3.8843071e-01  -5.3309625e-01   5.6838280e-02  -2.3770724e-01   5.2917341e-01   1.4959089e-01   9.8715405e-02   8.0053495e-02  -4.0545589e-01   2.1766780e-01   9.4019542e-02   2.3724813e-01   1.5524853e-01   3.2354477e-01  -4.3256810e-01  -3.2322329e-01   1.6595005e-01   4.9298280e-02   1.9768982e-01  -4.7425982e-02  -2.0554751e-01   9.9680320e-02  -2.9964841e-01   1.5991650e-01  -4.1063416e-02  -2.1756797e-02  -8.0296847e-02   1.2699245e-01   4.8642390e-01  -1.9466764e-01   2.9234004e-01   5.4126755e-01   2.8609012e-02   1.7076762e-01  -8.2972720e-02   6.0253591e-01   5.3548436e-03   2.7685494e-01   4.3457752e-01  -4.1678872e-01   4.7457212e-01   7.7405462e-02   4.8295006e-02   4.7851385e-02   3.8448078e-01   2.0233951e-02   2.4081258e-01  -3.9710096e-01   3.9928562e-02   1.5417781e-01   2.1326621e-01   1.3350514e-02   3.4371863e-01  -6.3717101e-02   6.9625260e-01  -1.2572668e-02   4.8316667e-01   2.9086495e-01  -5.1812411e-01   9.5505815e-02   4.5110549e-01   1.1351979e-01  -3.5545115e-01  -3.7865309e-01   1.2174113e-01   4.1095950e-01   2.4527486e-01  -2.5544959e-01  -6.6706977e-02   3.1227655e-01
  -3.5135014e-01   7.6903750e-01   8.2693832e-01  -1.3852576e-01   5.8514215e-01   1.4181123e-01   3.1757018e-01  -3.9431350e-04   1.0556081e-01   8.1066457e-01  -3.4927070e-01   0.0000000e+00  -1.3228761e-01  -6.2655346e-01   3.6572959e-01  -1.2421565e-02   8.5653903e-01  -1.3820104e-01   4.2183392e-01   5.6344670e-01  -6.6693905e-01  -3.0397596e-01  -4.6509156e-01  -4.6367883e-01  -1.7040580e-01  -6.5618584e-02   1.9099622e-01  -5.7954891e-01  -2.0943685e-01  -3.7377350e-01   1.5044801e-01  -9.5520991e-02  -7.8939546e-02   7.1613000e-01  -1.8993882e-01   3.3819518e-01   2.7428181e-01  -1.9481560e-01  -1.4911637e-02   3.1694530e-01  -1.6716515e-01   2.2674312e-02   5.3523767e-01  -3.9420790e-01   2.5966368e-01   1.7014539e-01  -2.1807074e-01  -3.3917867e-01  -3.2963384e-01   5.0732472e-01  -4.5046376e-01  -1.4523495e-01   5.5569046e-01   2.7470545e-01  -1.8326002e-01  -3.7730240e-01  -2.4750835e-01  -1.4602352e-01  -1.6380582e-01   5.4654175e-01   1.2391023e-01   2.7443399e-01   3.3342661e-01   1.9068022e-01  -2.8935142e-02   5.0965074e-02   2.0013083e-01  -1.4036580e-02  -2.2717743e-01   1.0311097e-01   4.7501316e-01  -5.3575779e-01   4.5147122e-01  -7.4244814e-02   2.4749900e-01  -3.3511917e-04   8.0323830e-03   2.4636449e-01   7.3733390e-01  -7.9110505e-02  -5.8756961e-01   3.6780026e-01   3.7522026e-01  -1.7870540e-01  -1.8389805e-01  -1.0422159e-01  -4.0521577e-01  -3.3193375e-01   2.4430549e-01  -3.3361495e-01   5.8612051e-01   5.2752272e-01   7.3536708e-01   1.9766566e-01  -1.0393544e-01   5.9244604e-01  -1.8146901e-02   1.0016341e-01   1.5333369e-01  -1.4311131e-01  -4.7250533e-01   1.1534863e-01  -6.0306299e-01  -4.4801348e-02  -3.6231506e-01   2.3503422e-01   1.6756896e-01  -1.5232983e-01   3.5319976e-01   2.9999186e-01   5.5076949e-01  -5.5841448e-01  -4.4109883e-01  -2.6428624e-01  -3.7440439e-01   3.8603745e-01  -1.8823945e-01   2.9779193e-01  -3.3142388e-01  -2.8736573e-01  -3.0332248e-01   6.8505372e-01   4.8880183e-01  -1.2266566e-01  -7.2065221e-02   1.6164007e-01   3.3953728e-01  -6.6832690e-02  -1.1836244e-02   6.6141407e-01   2.9024580e-02   2.1574413e-01   3.5330360e-01   1.5570913e-01  -1.8969849e-02  -1.7785280e-01  -6.7211618e-02  -7.3843869e-01  -3.8996500e-01  -2.1491327e-01  -2.4663432e-01  -5.8063071e-02  -2.2614588e-01   4.0878411e-01  -3.5348310e-02  -6.1395877e-01   6.0424110e-01  -2.4999784e-01   4.3317442e-01  -8.5004135e-02  -2.3918966e-01  -5.5274476e-01  -1.9874342e-01   2.6284926e-01   8.7029683e-01  -4.5522740e-01  -2.1868335e-01  -7.2357233e-03   4.2710850e-01  -5.8730280e-01   1.3061963e-02  -3.3141399e-01   1.8083070e-01  -6.3352697e-01   2.3667597e-02   6.2198413e-01   3.4455362e-01  -3.2317446e-01  -2.1133837e-01   6.6655026e-01   6.4125485e-01  -4.7118456e-01  -3.1960744e-01   3.7256632e-01   1.5802993e-01   1.2232940e-01   1.5008699e-01
  -3.0832998e-02  -7.7658276e-02  -4.4942812e-02  -1.4227432e-01   1.4080146e-01  -2.1716853e-02   9.1662997e-02  -4.8627070e-02  -1.9675672e-01   3.9956796e-03   2.2387584e-01  -1.3228761e-01   0.0000000e+00  -9.3390292e-02   6.5441600e-02   1.0959581e-01  -1.2356505e-02   1.5205880e-01  -1.3519105e-01   2.0923995e-01   1.2722976e-01  -1.2242645e-01   1.6886653e-01   3.2208146e-02   8.7082874e-02   1.1813795e-01  -2.0750447e-02  -3.6933159e-02  -1.0206623e-01  -6.3370503e-02   1.1211557e-01  -1.5403201e-01  -8.9970323e-02   1.5522121e-01  -1.7879160e-01   3.1894237e-01  -1.8440112e-01   1.3295721e-01   3.0059034e-01  -4.3350827e-02   5.8956606e-01  -8.2779269e-02  -1.8624681e-01   6.7536616e-02   1.9621975e-01   1.4493702e-01   2.0023762e-01  -1.0980890e-01   1.5863081e-01  -1.1472426e-01   2.0796268e-01   7.5170964e-02  -5.2604477e-02  -2.6201129e-01  -3.9233281e-01  -1.5806053e-02  -5.4773427e-03  -2.8268461e-01   1.4045032e-01  -2.0823364e-01   8.9030639e-02   1.5668712e-01  -1.5317394e-01   1.4072919e-01   2.1537291e-01   2.1225934e-01  -6.6258598e-03  -2.3959855e-01   2.0863324e-01   2.2004248e-01  -7.5576075e-02  -6.4451506e-02   3.7742848e-01  -8.3579404e-02  -2.0444195e-01  -1.6712853e-01   6.4706127e-02   9.1116913e-02  -2.8700666e-02  -1.2294259e-01  -5.9536902e-02   3.7119317e-01   9.2659906e-02   9.5623960e-02  -2.3207298e-02  -1.8252747e-01  -1.6531187e-01  -9.7362731e-02  -1.6519448e-01   2.8139314e-02  -8.7379951e-04  -6.0793860e-02   1.0029725e-01  -3.4089390e-01   3.0248678e-02   1.0897804e-01  -9.7646743e-02  -6.1271388e-02   2.0224893e-01   3.4475539e-01   6.2480347e-03   5.5815568e-03  -9.8454014e-02  -2.9736267e-01  -5.2649272e-02  -7.0241192e-02  -9.7383897e-02   1.5006033e-03  -1.4047900e-02   2.6218378e-01   8.8249095e-02   2.8819368e-02  -1.2728501e-01  -2.4279552e-03  -4.3658850e-03   1.4402788e-02   6.0237191e-02   6.9995031e-01   3.3292327e-02  -2.6738227e-01  -1.0666459e-01  -6.7497114e-02  -2.9086623e-01   4.8589220e-02  -1.4728609e-01  -1.8672670e-01   1.6534489e-01  -1.2123197e-01  -3.1671290e-01   4.8816281e-02   5.2731598e-01   4.1408697e-01  -2.0752747e-01   2.2355509e-01  -3.8460693e-01   1.7548933e-02  -1.1150530e-01  -1.1556432e-01   1.4406584e-02  -9.2947940e-02  -8.6065483e-02   3.8317930e-01  -7.8985550e-02  -4.0732564e-03   1.0485308e-01  -6.7622545e-02  -2.5955919e-02   2.0523828e-01   2.2674660e-01   1.5881364e-01   3.6312272e-02  -1.2789799e-01  -3.6581364e-02   1.0121158e-01  -1.2417200e-01  -5.8262285e-02  -1.8217154e-01   2.9356386e-01   7.5957801e-02  -2.1660663e-02  -2.5351823e-01   1.7369589e-02   2.7233457e-01   5.7450582e-02  -9.5869535e-02  -8.5598659e-02   9.2104041e-02  -1.9189641e-01  -1.8554206e-01  -8.0297242e-03  -7.2804979e-02  -9.7344843e-02   1.8194545e-01  -9.3251365e-02  -3.1662557e-01  -1.0220990e-01  -1.1014202e-01
   4.8978099e-01  -7.1130750e-01  -4.7192298e-01   2.1233849e-01  -6.9222262e-01   2.1683957e-01  -2.8845346e-01   1.7073804e-01  -8.3508397e-02  -7.0003091e-01   4.2585399e-01  -6.2655346e-01  -9.3390292e-02   0.0000000e+00  -2.1584916e-01   1.8400183e-01  -5.7053315e-01   4.9005779e-02  -1.8548282e-01  -7.0065925e-01   5.5433380e-01   4.3293013e-01   4.0085718e-01   4.3819575e-01   2.8994385e-02   2.2554053e-01  -2.6800504e-01   6.4010800e-01   3.9335732e-02   3.9329460e-01  -3.5398920e-01   1.7140371e-01   1.6523955e-01  -6.7503983e-01   3.2750452e-01  -4.0757305e-01  -3.0178497e-01   2.3308714e-01  -3.6994861e-02  -3.0416729e-01   1.1797045e-01   2.7765073e-01  -6.1123119e-01   4.1535591e-01  -4.5282317e-01   7.3068244e-02   2.3367182e-01   2.5287958e-01  -1.1406841e-01  -2.9499479e-01   3.4508889e-01   1.5039598e-01  -5.5840968e-01  -1.4350373e-01   3.2983914e-01   5.4375702e-01   3.6271923e-01   2.3249851e-01   2.4020500e-01  -3.9799808e-01   1.9392206e-01  -5.2232648e-01  -3.9778779e-01  -6.6834772e-02  -3.5194843e-01  -8.8794479e-02   1.4566477e-02  -2.2342511e-02   3.0769932e-01   1.4816413e-01  -5.5900678e-01   4.4420810e-01  -3.9360640e-01   4.4715919e-01  -2.4555173e-01   1.0276820e-01   3.2184820e-01  -8.8647811e-02  -6.7155804e-01  -1.3472987e-03   7.0528936e-01  -2.5181353e-01  -3.1181673e-01   3.7643934e-01   4.4458690e-01   1.6574486e-01   4.5493965e-01   4.9720621e-01  -4.0064608e-01   3.6214868e-01  -6.6205453e-01  -8.3927655e-02  -6.4286555e-01  -6.1644319e-02   3.9334869e-01  -6.0916362e-01   2.1972942e-02  -1.1181269e-01  -3.0296752e-01   2.6694746e-02   5.7212898e-01   1.7070414e-01   7.1969446e-01   1.2976325e-01   4.2888706e-01  -1.1438213e-01  -1.0993947e-01   2.3322427e-01  -4.6582315e-01  -3.3038563e-01  -4.2476407e-01   6.2113198e-01   3.0006429e-01   3.9496545e-01   5.3777808e-01  -5.1588839e-01   1.9052397e-01  -3.8961117e-01   5.3147890e-01   3.7770111e-01   5.5266506e-01  -7.1822538e-01  -4.9149914e-01   3.3401266e-02   3.2194719e-01   9.5137195e-02  -2.5633360e-01  -8.3416750e-02   1.1483893e-01  -4.9065451e-01  -1.3955928e-01  -4.0124872e-01  -3.3828863e-02  -3.3870605e-01   2.1116995e-01   4.3260167e-01  -1.2606292e-01   7.7535812e-01   6.5815534e-01   3.3777321e-01   5.9117772e-01  -2.0557242e-01   3.7292459e-01  -1.0618860e-01   2.3908902e-01   6.5056159e-01  -3.4491844e-01   1.4606397e-01  -3.7679063e-01  -8.1751233e-02   4.0864751e-01   5.7944615e-01   3.8615059e-01  -9.0111053e-02  -6.5701021e-01   3.8453073e-01   5.0241295e-01   2.5808270e-01  -2.5272049e-02   6.5091393e-01   6.6373409e-02   4.2555147e-01  -4.2384826e-01   5.2884250e-01   2.7129590e-01  -5.7080084e-01  -3.2207936e-01   4.6647734e-01   4.7482911e-01  -6.5273618e-01  -5.6168388e-01   5.0756505e-01   1.2443662e-01  -1.7128474e-02  -1.6014775e-01  -6.4467858e-02   1.3929466e-01
