   0.0000000e+00   1.2712212e-01  -2.9971344e-01   3.8793043e-02   5.8952502e-02  -1.7527850e-01  -2.5519801e-01   9.0014049e-02  -1.1517811e-01  -3.8089905e-01  -1.1774098e-01   2.9421642e-02  -2.6504214e-01   7.0910374e-01   5.8419284e-02  -1.0856502e-01  -1.4206281e-01  -2.4133608e-01   1.9076494e-01  -6.4313437e-02  -1.0214678e-01  -1.3800312e-02  -1.5680934e-01   8.1171374e-01   1.3751256e-02   2.2496692e-01  -1.3703583e-01   3.6078691e-01  -2.6346854e-02  -7.8729147e-02   1.1717666e-01  -1.3872849e-02  -6.2389737e-02  -2.2530855e-01  -3.5814741e-02  -2.0085490e-01  -2.1639655e-01  -1.4438129e-02  -1.5345087e-01  -4.8232867e-02  -2.6432922e-01  -1.8581368e-01  -7.8442672e-02   1.7708999e-01  -3.4856482e-01   9.8486392e-02  -3.8746695e-01  -5.2642870e-02  -6.6040740e-02  -6.2332870e-02  -9.8697829e-02  -4.3881888e-02   8.6960602e-02   5.1844081e-03   4.6338285e-01   1.4068555e-01  -3.6076554e-02  -7.1775355e-02  -4.5843885e-02  -1.4749872e-01  -7.1408808e-02  -1.3038727e-01   2.1041860e-02   1.5903834e-01  -1.6504687e-01  -2.9921898e-01  -5.6544176e-02  -5.9255033e-02  -9.0757005e-02  -1.8242971e-01   1.6361164e-01  -1.2485023e-01  -1.9477268e-01   2.2731853e-01   6.6359061e-02   4.0013936e-02   1.0437095e-02  -5.7213605e-02   1.8442155e-02  -1.9280181e-01  -1.1813231e-01  -2.5543157e-01  -1.4424598e-01   4.4040895e-01   1.9376815e-01  -2.3969382e-02   7.8186002e-02   7.2875802e-01  -8.5417958e-02   8.2221270e-01  -2.7365394e-02  -6.1401596e-02  -1.3864644e-01  -1.5827654e-01   1.5202651e-02   9.7205176e-02  -6.9287030e-02   1.1773191e-01  -3.9171297e-01  -2.7651400e-01   4.0244335e-02  -7.9038504e-03   3.5064953e-01  -4.5187250e-02  -1.5378390e-01  -1.4887109e-02   1.7170658e-01   1.2003065e-02  -3.5186538e-01  -1.9188638e-01  -3.7535258e-01  -8.6104573e-02  -1.2244393e-01   8.6163380e-01   1.6747646e-01   2.0827862e-01  -9.3789726e-02  -1.5122007e-01   2.3099973e-01  -4.3382005e-02   3.6822611e-01   4.1736874e-02  -1.7711513e-01  -7.2955911e-03   3.3222232e-01   3.6592242e-01  -2.5091668e-01  -6.3886009e-02  -2.4718499e-02  -1.5456066e-01  -2.5385890e-01  -3.3411376e-01   3.7580184e-01  -2.5678602e-01  -1.0479659e-01  -9.1330817e-02  -1.8122477e-01   7.6206574e-02   1.1091093e-01   6.3067368e-01   7.0578018e-01  -2.0748454e-01  -1.8013378e-01   9.1191576e-02  -1.3155125e-01  -6.2094718e-02  -2.6370735e-01  -1.2092638e-01  -2.4602603e-01  -2.0425011e-01   3.3514183e-01   2.0303716e-01   3.8296964e-01  -2.4544165e-01  -1.3839526e-01   5.0585550e-01   1.2189085e-01  -1.8070102e-01   4.1399160e-02   1.5181433e-01  -3.4941323e-01  -7.8708520e-02  -1.2320944e-01  -7.8139125e-02  -1.5696109e-01  -6.1704360e-02  -1.9381294e-01   4.8701221e-01   5.0812560e-01  -8.6507654e-03  -9.9057665e-02   8.2949508e-02  -3.5482650e-01  -2.2789234e-02  -3.9878671e-02  -2.3531284e-01  -1.4012381e-02
   1.2712212e-01   0.0000000e+00  -8.8258390e-02  -1.8911222e-01   5.4644041e-01  -1.4858640e-01  -2.8490415e-02  -1.2497876e-01   5.4830136e-01  -1.3179379e-01  -1.4457045e-01   5.6283478e-01  -1.7455138e-01  -1.0099744e-01   1.1522999e-01   3.1426691e-02   2.6361969e-01  -2.9977175e-02  -6.7452286e-02   4.0971037e-01  -3.5864941e-01  -1.8886907e-01  -5.6045809e-01  -6.0868712e-02   1.5419678e-02   3.0812476e-02   1.6837843e-01  -2.2396151e-01  -1.1407018e-01  -2.0903206e-02  -2.9242048e-01   1.3262675e-01   1.1367885e-01  -2.6747753e-01   2.3226360e-01   3.0792287e-01   1.8948369e-01   5.5729051e-03   1.8496766e-01   5.1412730e-01  -3.6687327e-02  -1.2849260e-01   4.3790310e-01   1.6259756e-02   2.1444734e-02  -4.3355998e-02  -6.5036566e-02   1.6317207e-01  -3.7631009e-02   2.7908401e-01  -1.9741629e-01   8.6712544e-02   3.6453924e-01  -4.0164400e-01  -1.5474016e-01  -2.5129736e-01  -2.7430670e-01  -1.8285711e-01   9.4675013e-02   1.6552904e-01  -1.1419192e-01   8.7502128e-02   2.3464090e-01   1.8641031e-01   3.5861829e-01   1.2250481e-01  -1.2343997e-01   5.0693684e-02  -3.1887034e-01  -2.1953783e-02   6.2779604e-01  -1.5347748e-01   3.5170229e-01  -2.5691809e-01  -5.8389719e-03  -1.9101557e-01  -1.6554136e-01  -3.6656278e-02   1.1793234e-01   6.7622581e-02  -3.5270667e-01   1.4758385e-01  -2.0646397e-01   5.3838068e-02  -8.2137360e-02  -2.3934441e-01  -4.1600252e-02  -1.3579934e-01   2.4261693e-01   9.5531238e-02   3.4527547e-01  -2.0713166e-01  -1.6353120e-02   3.6118285e-01  -2.6792734e-01   1.8633439e-01  -5.9990061e-02  -2.4285175e-01   2.2573195e-01  -2.6153722e-01   7.3378593e-02   5.3591715e-02  -4.4062710e-02   1.4123238e-01  -3.4001293e-01   1.9349666e-01  -1.8321940e-01  -2.9379150e-01  -4.2799571e-01  -5.7698486e-03  -2.8515195e-01  -1.6566858e-01  -2.5706421e-01  -2.8076177e-02  -2.9068592e-01   4.7857414e-01  -1.0505889e-01   1.4414098e-01  -2.2106588e-01  -1.1695055e-01  -1.7628599e-01   2.9081753e-01  -3.5047414e-02   3.2227658e-01  -5.9541367e-02  -1.3360757e-01  -1.5038121e-02  -1.5555616e-01  -3.5618989e-02   2.4336514e-01  -6.0885448e-02   4.8678049e-02   3.1674049e-01  -2.7728568e-01  -9.4066560e-02  -8.5747570e-02  -9.6176972e-02   4.9245067e-02   2.0866458e-02  -3.1569682e-02   9.0401993e-02  -1.5298949e-01   2.5092869e-01  -1.0940344e-01  -3.1092575e-01  -1.0103706e-01   1.1168887e-01   6.2016420e-01  -2.7960671e-01  -2.5748481e-01  -3.7188299e-01  -2.2168061e-01   1.0861409e-02   3.1532828e-01   4.8490222e-01   1.2877451e-01  -2.6407612e-01   5.1474121e-02  -5.8358654e-02  -1.9555944e-01   1.2299942e-02   1.4525265e-01   3.1832071e-01  -3.0515941e-01  -2.9314760e-02   2.5191692e-01   3.4719047e-01  -3.4448574e-02   1.8113608e-02   1.9070635e-01   1.6819907e-01  -7.8821526e-02  -1.3277173e-01  -1.1300354e-01   1.2799912e-01   9.9610510e-02  -1.6940262e-01
  -2.9971344e-01  -8.8258390e-02   0.0000000e+00  -7.5197994e-02  -3.9161897e-01   3.2452396e-01   2.8293849e-01  -1.2399086e-01  -1.5258625e-01   4.0121834e-01   3.3954168e-02   5.3491695e-02   3.7097778e-01  -2.5093593e-01  -1.0149184e-01   2.9939700e-01   7.4225846e-01   2.4792480e-01  -1.0517742e-01  -2.8699554e-02  -2.5633945e-01  -1.4121374e-01   4.8221377e-02  -3.2386283e-01  -1.1001036e-01  -2.2338183e-01   1.1890215e-01  -1.5229331e-02  -1.3082881e-01  -1.2177752e-01  -1.2371750e-01   1.1985522e-01   2.5832502e-01   3.9971465e-01  -3.1730134e-01   1.5428273e-01  -1.0079366e-01   8.3786286e-02   2.3652883e-01   2.1606458e-01   3.6232862e-01   1.8351671e-01   9.1540138e-02  -8.8051037e-02   2.4823025e-01   2.3363372e-01   1.2046628e-01  -6.8552641e-02  -4.9005105e-01   2.6998597e-01   2.1860676e-01  -1.0183294e-02  -4.8831561e-01   1.5355122e-01  -2.1890530e-01   2.3573668e-01   1.1653987e-01  -1.8370579e-02   8.0538797e-03   7.7856099e-02   3.6032300e-01  -3.2005302e-01  -2.8725492e-01  -3.0170962e-01  -2.5021722e-01   3.3896815e-01   2.5692144e-01   9.8665726e-02  -2.1558681e-02   4.9140158e-01  -1.8689885e-01  -2.6395953e-02   2.3875512e-01   1.1952133e-01   5.3243898e-02   4.3401606e-02   2.9034366e-01   3.2582730e-02  -3.6995804e-01   1.5838694e-01   3.7049092e-01   2.0450402e-01   3.3670766e-01  -2.3445471e-01   2.9030721e-01   5.4943741e-02  -2.6593012e-01  -3.1150997e-01  -7.7115836e-02  -3.1750092e-01  -1.3852538e-01   5.1860524e-01   3.4019264e-01  -3.6342767e-02   7.7806136e-02  -2.0493480e-01  -1.5786154e-02  -1.0082653e-01   1.4628910e-02   1.5824593e-01   1.8830462e-01  -7.8534815e-02  -3.4560325e-01  -2.3757463e-01   1.7420772e-01   1.8877394e-01   2.7698956e-01   7.2757271e-02  -3.3647915e-02  -5.9034377e-02   5.6450548e-01  -7.2306496e-02   7.4743577e-02  -2.2655983e-01   2.8936452e-01  -4.3348609e-01   1.5709260e-01   1.4553620e-01   3.2978748e-01   3.0269249e-02  -1.4686317e-01  -2.9852691e-02   6.4190726e-02  -4.2221161e-01  -8.8230313e-02  -2.2469131e-01  -3.5835143e-02   6.5045005e-02   2.0629685e-01   5.5768866e-01   2.0794178e-01  -4.2959605e-02   3.9352314e-02  -5.3222551e-02   7.7808412e-03   5.3311735e-02   2.8876591e-01   2.3561706e-01   1.2189525e-01  -1.8105593e-01  -8.1462577e-02   2.2890552e-01   3.5357828e-02   6.5145487e-01  -7.2341918e-02  -1.5715374e-01   4.6007957e-01  -8.9421408e-02   2.1837187e-01  -1.7843090e-01   2.8732027e-01  -2.0522415e-01   1.4964699e-02   7.0050264e-02   4.6355121e-01  -3.4243284e-01   8.6106917e-02   1.3022052e-01   3.1730367e-01  -8.1478203e-02   1.0982060e-01  -4.5571656e-02   4.1836946e-04   3.6229407e-02  -1.9251660e-01  -8.3018377e-02   1.0217297e-01  -1.6849402e-01  -7.2735901e-02  -9.1131345e-03  -2.8037893e-02   1.7365901e-02   6.5402694e-02   4.8584733e-01   9.8969333e-02   1.5343014e-01   1.4874189e-01
   3.8793043e-02  -1.8911222e-01  -7.5197994e-02   0.0000000e+00  -6.6427249e-02   2.0014518e-01  -2.0328262e-01   5.0621424e-02   1.5267117e-02  -2.2551588e-01  -9.6640224e-02  -5.8008280e-02  -1.1429803e-01   4.3736251e-02  -1.0123140e-01   2.7168621e-01  -1.4615229e-01  -1.6461474e-01   1.0388668e-01   1.6113725e-02   7.9215548e-03   2.3174031e-01   9.3759298e-02   6.7550144e-02   1.0654407e-02  -5.2318203e-02   1.5548154e-01   3.0994576e-02  -2.3231685e-02  -1.9755363e-03   5.1841837e-02   1.1130443e-01   3.0713169e-01  -1.7431361e-01  -2.6951245e-02  -1.6527613e-01   2.7926340e-02   1.2427466e-01   8.8385769e-02  -8.3317850e-02  -8.3180045e-02   3.6247898e-01  -7.6536060e-02  -5.1093500e-02   1.1389581e-01  -2.4803543e-02  -3.4873070e-03  -2.7377784e-01  -6.5005687e-02  -9.0599920e-02  -2.2515918e-02  -7.3208777e-02  -1.6070443e-01  -6.1505114e-03  -3.5232351e-02   1.2852565e-02   1.8032376e-01   3.0595464e-01   1.6682728e-02   1.8686075e-01   1.7067775e-01   1.6635977e-01   1.1938926e-01  -2.9974126e-02  -4.4592716e-02  -2.5903667e-01  -3.4557947e-02  -4.9557527e-02   2.7859052e-01   4.0953148e-03  -1.3223181e-01   3.9995372e-01  -1.5456672e-01   7.8928184e-02  -8.2858529e-02  -3.6920497e-03  -4.0802842e-02   6.0031141e-03  -1.4508903e-02  -2.4452451e-01  -1.8261735e-02   1.2103428e-02  -1.7022959e-02  -2.9989973e-02  -3.7812209e-02  -2.9124895e-03  -1.2593033e-01   8.8311371e-02  -1.2882646e-01   2.6219262e-02  -8.3910070e-02   2.6385401e-01  -8.2020720e-02   1.9271071e-01  -5.4318238e-02  -1.3227631e-02   3.2303231e-01  -7.8948920e-02  -2.3684882e-01  -1.2966861e-01  -1.2802640e-01   1.0083681e-01   7.6079819e-02   1.8339917e-01   2.4807220e-01   9.7549416e-02  -4.3455862e-04   1.3531774e-02   5.9152428e-03  -1.9242188e-01   1.0253023e-01   9.8064992e-02   4.4404503e-01   1.1914665e-01   1.0190790e-01   2.5642575e-02  -6.4262783e-02  -2.0212379e-01  -7.4946138e-03   6.0814559e-01   6.4729785e-02   5.2622004e-02  -1.9296952e-01  -2.1000486e-01   4.5061192e-02   6.1284752e-02   9.1214365e-04  -1.3278628e-01   4.2070872e-01  -1.0094649e-01  -5.1561344e-02  -1.0417427e-01   1.7575298e-01  -1.8402555e-01   3.3938094e-01   1.3566251e-01  -1.6511425e-01  -2.8983081e-01  -8.7690454e-02   1.3454165e-01   1.3881919e-01   9.6980292e-02   1.0559260e-01  -7.6317985e-02   6.2425537e-02   7.8786495e-03  -1.8007957e-01  -2.6504410e-01  -2.1159139e-01  -8.6307417e-02   5.6205316e-02   5.9843601e-02   1.4829328e-01   1.7830325e-02  -5.0620650e-02   2.0701466e-01   1.2641589e-01   1.0740890e-01  -3.4301034e-02   6.2468631e-02   7.5991360e-02   1.9842325e-02  -2.6298363e-01   4.8186754e-01   4.3551980e-01   1.2198164e-01   6.6232668e-02  -5.1610251e-02   1.2950456e-01  -8.1069685e-02  -1.9931740e-01   4.1395405e-02   1.5372875e-01  -7.1818900e-02   4.4805519e-02   1.2217484e-02   2.4555188e-01
   5.8952502e-02   5.4644041e-01  -3.9161897e-01  -6.6427249e-02   0.0000000e+00  -1.1252803e-01  -3.6924597e-01   1.8243779e-01   3.2878174e-01  -2.7837716e-01   1.9171600e-02   5.3145714e-01  -1.0542097e-02  -1.5467083e-01   1.0441520e-01   1.0489231e-01  -1.9827585e-02  -2.0073682e-01   2.3774438e-01   6.7181866e-01  -3.2741815e-01  -2.5242520e-01  -5.9533920e-01  -8.9387803e-02   1.2998204e-01   1.6940725e-01   2.0097222e-01  -3.7011643e-01  -2.8884100e-02  -1.2191705e-01  -3.8540162e-01   1.4970242e-01   1.3281058e-01  -5.1038418e-01   4.4994035e-01   4.4360742e-01  -5.0058121e-02  -1.4370700e-01   2.9662033e-01   2.6592769e-01   1.2241914e-01  -1.9595605e-01   3.5297230e-01  -2.3223849e-02  -2.7566395e-02  -2.1019775e-01   1.2462242e-01  -2.5627684e-01   3.6900980e-01   3.1614814e-01  -2.2764207e-01   1.3654143e-02   3.3502053e-01  -1.6084214e-01  -1.4136360e-01  -4.3183788e-01   2.8525410e-02  -2.3560892e-01   8.8491871e-02   4.4674383e-02  -2.7919638e-03   4.1518992e-01   4.8544086e-01   1.5184526e-01   5.5476643e-01  -2.4718784e-01  -7.0508735e-02   2.0306280e-01  -1.1618357e-01  -2.6591667e-01   4.9882225e-01  -1.6167479e-01   4.1677566e-01  -3.7263060e-01   1.9034534e-01  -1.4594226e-01  -2.2529216e-01  -9.6205939e-02   5.9142828e-01   2.6687877e-01  -6.7906612e-01   1.8296772e-01  -3.7974738e-01   1.5675114e-01  -2.6671771e-01  -2.0885345e-01  -1.7202464e-01  -1.6635472e-01   2.2888442e-01   4.6492933e-02   3.2085611e-01  -3.4367625e-01  -1.1972122e-01   3.2705377e-01  -2.2493667e-01   5.6316228e-01   2.9580482e-03   4.9669144e-02   4.3210770e-01  -3.0209781e-01  -2.4525779e-01  -8.6010416e-02  -1.9884254e-01   8.1070652e-02  -3.6699378e-01   9.8260475e-02  -1.1157155e-01   5.5453520e-02  -2.0869475e-01  -1.6352528e-02  -5.4328292e-01  -2.2953239e-01  -8.8370977e-02  -1.2102786e-01  -5.3677750e-01   6.8878557e-01  -1.5779629e-01   3.1605135e-01  -5.0215649e-01  -1.5143272e-01  -1.8871538e-01   5.4129153e-01   2.1853436e-01   4.7979235e-01  -1.1074714e-01   4.5062202e-02   2.5654901e-01   1.5088521e-01  -9.9443977e-02  -4.9494785e-02   2.0714697e-01  -4.5078076e-02   7.7971337e-02  -3.7241824e-01  -2.3876773e-02  -1.6586667e-01   1.2525522e-01  -3.5802388e-01  -7.5232946e-02   1.0887410e-01  -1.1151826e-01   3.1449008e-02   2.2082937e-01  -5.0453492e-01  -2.3570169e-01   1.2874359e-01  -1.1777534e-01   5.5343279e-01  -4.3738635e-01  -2.1309725e-01  -5.7297356e-01  -3.2184922e-01  -1.1152317e-01   3.4550533e-01   1.9014352e-01   9.3163915e-02  -2.3552120e-01   1.7460498e-01  -4.6305703e-02  -4.9430680e-01   1.8921521e-01   2.1262179e-01   3.6723561e-02  -2.8398981e-01   4.1966425e-02   3.4153269e-01   2.0184306e-01   7.9530329e-02  -1.8480888e-01   2.0635203e-01   3.6737477e-01  -9.6764672e-02  -9.1472394e-02  -1.2622989e-01   2.9723859e-02   9.1088028e-02  -1.8536407e-02
  -1.7527850e-01  -1.4858640e-01   3.2452396e-01   2.0014518e-01  -1.1252803e-01   0.0000000e+00  -8.0087737e-02  -2.0185574e-02  -7.8085990e-02   4.3192120e-03   7.2159654e-02  -2.5399345e-02   3.3939856e-01  -1.6083710e-01   2.2606061e-01   3.9689324e-01   2.3515177e-01   2.3378755e-01   1.0977344e-01   9.9800946e-02  -7.9143381e-03   8.4083332e-02   1.0988665e-01  -2.0818571e-01   1.7874447e-01  -1.3037244e-01   4.1792567e-01   9.2446466e-02   6.5086644e-02   1.0309252e-01  -6.7490379e-02   2.5416745e-01   4.0248982e-01   5.0920274e-02  -1.2051537e-01   8.3826890e-02  -1.8185558e-01  -3.7093074e-02   2.4308956e-01  -8.2618972e-02   3.9788543e-01   3.8174564e-01   4.2492595e-02  -1.6771972e-01   6.6309905e-02   7.4054390e-02   4.4538261e-01  -3.1454520e-01  -1.9673688e-01   1.2970658e-01   3.9158426e-01   1.7767444e-02  -3.6284021e-01   2.1577298e-01   6.6375555e-03   7.2071601e-02   5.2210600e-01   2.0563212e-01   2.3600998e-01   3.3562483e-01   2.7523120e-01  -6.5342904e-02  -6.9109883e-02  -1.0626739e-01  -7.1177173e-02  -1.2597997e-01   6.5506970e-01   2.9183759e-02   5.2924904e-01   2.6681769e-01  -3.0842717e-01   2.0091996e-02   1.4818260e-01   3.5625392e-01   2.1322834e-01  -1.3629099e-01   9.8579762e-02  -2.1377032e-01   5.5198719e-02   2.6196249e-01   1.4184789e-01   3.0361508e-02  -6.1437584e-02  -1.5316830e-01   2.2747736e-01   1.2564492e-01  -1.7356507e-01  -1.6018673e-01  -1.1942714e-01  -2.4620604e-01  -2.0874619e-01   3.4501515e-01   1.2465863e-01   1.2275720e-01   5.6212669e-02   7.9593276e-03   2.4195509e-01  -7.3104288e-02   2.7324096e-02   7.1939863e-02  -2.6885024e-01   1.0670968e-01  -2.7756194e-01   1.1027291e-01   2.5541085e-01   6.7730710e-02   3.7750323e-01   4.8165853e-01   7.7016417e-03   3.3511250e-01   1.1403188e-02   2.3425141e-01   1.0480309e-01  -1.9224984e-01  -5.3099747e-02  -2.1574947e-01   1.3315769e-02   5.3384974e-02   7.0562930e-02  -3.2813782e-02  -8.6038631e-02   1.0487843e-02   1.5897450e-01  -3.1317570e-01  -1.2795227e-01   1.5297971e-01   6.1378870e-02   2.9778514e-01   2.6938530e-01   1.5620730e-01   1.7730456e-01  -2.4567168e-01   1.4018227e-01  -1.6995975e-01   6.4928522e-02   1.2168281e-01   2.6502515e-01  -2.0853209e-01   1.5330087e-01  -2.7448441e-02  -1.1205552e-03   3.4925829e-01   5.6062393e-02   2.1644070e-01   1.6218503e-01   1.1580856e-02  -8.5107256e-04  -1.6123372e-01   2.7823160e-01   2.2923816e-02   1.4604501e-01  -1.0732670e-01   1.2448111e-01  -1.9043560e-03   2.3197935e-01  -3.5062871e-01   9.8260685e-02   2.9577269e-01   3.4525544e-01   1.3635072e-01   6.5735452e-02   2.5609134e-02  -3.7957574e-01   2.7192591e-01   1.1258972e-01  -1.1495169e-01  -8.7380227e-02  -3.7758677e-02   1.9031697e-02  -3.3591741e-02  -5.3447095e-02  -1.2895451e-01   1.4477976e-02   6.3327215e-01   2.6574412e-01   8.8082802e-02   1.5252479e-01
  -2.5519801e-01  -2.8490415e-02   2.8293849e-01  -2.0328262e-01  -3.6924597e-01  -8.0087737e-02   0.0000000e+00  -2.4353299e-01   1.1270835e-01   5.9606023e-01  -5.0800001e-02   1.9287461e-01  -1.2235211e-02  -2.4663732e-01  -8.0038176e-02   1.4152513e-01   8.5481281e-02   1.5579126e-01  -1.8752738e-01  -1.7610096e-01   9.1244514e-03  -5.4460898e-02   3.3748131e-01  -1.7096271e-01  -2.4071322e-01  -2.0804610e-01  -1.6626725e-01   4.1848790e-02  -1.6487093e-01  -5.1578068e-02   3.4339575e-02   8.6178324e-02  -9.1072749e-02   7.3030877e-01  -1.4666765e-01   1.0764774e-01   2.6181948e-01  -7.2028843e-03   1.9880433e-02   3.3338121e-01  -1.7304832e-04  -3.4382047e-02   2.2081953e-01  -9.0080422e-02   2.9321187e-01  -1.6695969e-01  -5.5165094e-02   5.8757054e-01  -3.2818489e-01   5.3185627e-02   1.6358116e-01  -4.5398631e-02  -2.9028450e-02  -7.8354596e-02  -2.7088877e-02   4.1216672e-01  -2.2988838e-01  -7.4161597e-02  -1.3090081e-01   1.6787267e-01  -2.8136042e-01  -1.3163578e-01  -3.8486837e-01  -2.9434245e-01  -2.5673045e-01   6.8598940e-01   9.3759440e-02  -6.1188317e-02  -2.3221425e-01   1.4950413e-01   7.1000923e-02  -7.3987185e-02   3.8585468e-03  -2.5681117e-01  -1.4161858e-01  -1.1964595e-01  -5.9028040e-02   1.4159909e-03  -4.2341398e-01   4.7547537e-02   5.1490874e-01   3.3219085e-01   3.2831296e-01  -3.2769143e-01  -5.7257112e-02   1.2797915e-01   3.1752624e-02  -1.0703233e-01  -2.2373826e-01  -2.2676043e-01   1.4381916e-01  -3.1374459e-02   4.5911434e-01   1.0805237e-01  -1.4032558e-01  -2.6252831e-01  -1.8664580e-01  -7.3992228e-02  -1.7758715e-02   3.9276048e-01   1.9933378e-01  -3.1856738e-02  -3.4330708e-02  -2.2816566e-01   1.3010726e-01   1.9295246e-01  -2.4016246e-01  -1.1479866e-01   1.2184968e-01   1.6298649e-01   6.4635482e-01   7.5886994e-02  -1.8222441e-01  -1.4956501e-01   3.4087347e-01  -2.8409730e-01   2.5248108e-01   1.3790798e-01   1.1502244e-01  -1.1829822e-01  -1.8935160e-01  -5.4458073e-02  -2.0935035e-01  -3.3700439e-01  -1.7273054e-01  -3.5477055e-01  -7.6007659e-02  -4.5602406e-02   7.6124098e-02   1.8962748e-01  -2.1767716e-01   4.6876024e-01  -4.1441974e-01   2.1664569e-01   1.1992210e-01  -9.9119239e-03   8.8513550e-02   4.0669241e-01  -6.7377882e-02  -1.3005725e-01  -2.2358207e-02  -7.2158817e-02  -9.0097823e-02   2.8222317e-01   2.2577495e-02  -3.4329829e-01   6.0870991e-01   1.7675850e-01   4.4614720e-01   1.0289392e-01   1.4974642e-01   1.5232444e-01  -2.4668219e-01  -7.9199777e-02   8.2831060e-02  -1.0108964e-01  -1.5257963e-01  -2.9388286e-01  -1.4929709e-01   1.2909727e-01  -9.6145889e-02  -1.7731879e-01   1.1539310e-01  -6.8157260e-02   2.9616461e-02   2.1969163e-01   2.9728990e-01  -1.9227881e-01  -2.2958641e-01   1.1064839e-01   1.4851996e-01  -4.0260832e-02  -4.1731616e-02  -1.1404798e-01  -2.6323865e-01  -4.3622995e-02  -2.4504531e-01
   9.0014049e-02  -1.2497876e-01  -1.2399086e-01   5.0621424e-02   1.8243779e-01  -2.0185574e-02  -2.4353299e-01   0.0000000e+00  -1.1823675e-01  -1.3979033e-01   1.3091634e-01  -4.6084224e-02   1.6847240e-01   6.5384483e-02  -6.9855996e-02   3.5724464e-02  -2.2195275e-02  -1.3004515e-01   4.2725088e-01  -4.3811636e-02  -2.4041833e-02   5.0063107e-02  -8.9773903e-02   8.5335809e-02   1.0794051e-02   2.8145443e-01  -1.4693391e-01   8.2403477e-02  -1.6137824e-01  -9.1669305e-02   1.4294130e-01   2.9331980e-01   2.5868706e-01  -2.5293280e-02  -6.3567303e-02  -3.8264186e-02  -1.5786877e-01  -1.0304337e-01   9.8070124e-02  -1.0071713e-01   2.3744516e-01   1.2823030e-01  -1.8709113e-02   5.9510737e-01  -1.5739748e-01  -3.0237741e-01   7.5510147e-04  -1.8424002e-01   1.3659541e-01  -3.8810223e-04  -6.7412431e-02   2.5717408e-01   1.9812753e-01   2.2634698e-01   2.1877214e-01   1.5495322e-02   3.1115619e-01   3.7685544e-02   1.1145677e-01  -4.0143079e-01   1.5690310e-01  -8.5156683e-03   3.7342214e-01   4.9630212e-01  -9.9971039e-02  -1.0333405e-01   2.7101198e-01   1.1818835e-01   2.4532382e-01  -3.2209321e-01   2.9288656e-02  -3.9643593e-02   1.8926087e-01  -1.5134311e-01   1.6563063e-01   1.4918561e-01   8.6730078e-02   3.6376960e-01   1.7478904e-01   2.4840607e-01  -1.1452884e-01  -2.1072427e-02   1.6570964e-01   6.1476815e-01  -1.0835540e-01  -2.0960002e-04  -7.2525733e-02   1.5447121e-01  -9.8667949e-03   7.3585943e-02  -5.0665479e-03  -8.2065147e-02  -2.3306902e-02  -1.5898990e-01   3.4342412e-02   2.2012741e-01  -9.3420271e-02   4.4165500e-01  -9.6801314e-02  -2.6405356e-01   4.2939536e-02   6.6722651e-02   1.9502418e-01  -1.8990711e-01  -5.2526435e-03   1.4367796e-01   2.1757419e-01   3.7918070e-01   1.6953126e-02   2.6419215e-02  -1.6626131e-01  -2.1441907e-01   1.1331820e-01   7.4226647e-03  -9.2765458e-02   1.7424158e-01   8.6829237e-02   1.9997078e-01   5.5975608e-02  -1.1403597e-01  -1.0506168e-02   3.5480769e-02   4.4745832e-02   1.3410394e-01  -6.0099593e-02  -1.8708341e-03  -1.8410402e-02   2.5345271e-01   6.8132057e-02  -2.2293404e-01   6.5989885e-02  -1.4784599e-02  -1.3027260e-01  -4.5301905e-03  -1.1291244e-01   4.7357791e-01   1.7467541e-01  -3.5132488e-02   9.7867760e-02   3.0535847e-01   1.8151365e-01   1.6291710e-01   9.5810007e-02  -2.1964040e-01  -2.3707318e-01   1.8586685e-01  -1.3339037e-01   1.6826246e-02  -2.1562719e-01  -9.3620049e-02  -1.8859610e-01   2.9174564e-01   7.8228436e-02   1.6086578e-01  -7.9784565e-02   1.0171493e-02   7.0245086e-02   4.8847772e-02  -4.6523272e-02  -1.3103768e-01   3.3562205e-02   2.8849027e-01   5.1263152e-02  -2.6688790e-04   6.4048032e-02   3.6211974e-02  -5.3551183e-02   4.5897832e-01  -5.9885144e-02   1.2438117e-01  -8.2864352e-02   8.6571201e-02  -2.8752724e-02   2.2659434e-01  -8.5377761e-02   4.9220169e-02   2.5503962e-01
  -1.1517811e-01   5.4830136e-01  -1.5258625e-01   1.5267117e-02   3.2878174e-01  -7.8085990e-02   1.1270835e-01  -1.1823675e-01   0.0000000e+00  -1.8865295e-01  -3.4392182e-02   3.8103949e-01  -2.7412058e-01  -2.9863361e-01   1.4745594e-01   8.1744893e-02  -3.0169340e-02  -7.2511828e-02  -2.3810146e-01   1.8788467e-01  -4.7083293e-02   2.1613631e-02  -2.7132969e-01  -8.8281068e-02   1.5667372e-01  -1.6720928e-01  -2.4041959e-02  -7.4048533e-02  -9.1222742e-02   2.5946257e-02  -1.3137184e-01   1.7673629e-01   4.8227367e-02  -4.7931923e-02   3.9352993e-01   5.7171759e-02   3.5904989e-01   5.7873795e-03   2.1572956e-01   2.3133643e-01  -6.2772219e-02  -2.8646471e-02   2.8000298e-01  -1.7898575e-01  -1.3676288e-02  -1.2386397e-01  -8.0887196e-03   1.4592770e-02   3.7233394e-02   5.2190449e-02  -1.0535470e-01  -1.7991865e-01   4.4890754e-01  -3.3237522e-01  -2.5571092e-01  -2.0778220e-01  -6.8663726e-02   1.3807235e-01   1.8953600e-01   2.3496970e-01  -1.3642853e-01   1.9528123e-02   2.3258803e-01   2.6262923e-01   3.9706021e-01   3.0592295e-02  -1.8922570e-01   6.4876113e-02  -2.9710213e-01  -6.9673713e-02   4.6766374e-01  -1.6929652e-02   2.4361582e-01  -2.0803843e-01  -4.2197652e-02  -3.1121140e-01  -9.3871086e-02  -2.0914728e-01   2.1523254e-01   1.7237242e-01  -3.0154282e-01   1.8379003e-01  -1.4938127e-01  -1.4424722e-01  -2.0183608e-01  -1.9485041e-01   6.5149838e-02  -2.6974030e-01   1.9279722e-01  -5.7989416e-02   2.2398837e-01  -2.1296888e-01  -1.6025522e-01   5.2152327e-01  -1.0546633e-01  -2.5175230e-02  -1.2630577e-01  -2.6748648e-01   2.7135552e-01  -2.4362011e-02   1.1736378e-01   3.1715187e-01  -2.2968627e-01   2.4967157e-01  -3.0936298e-02   1.1451011e-01  -2.9697158e-01  -2.0210777e-01  -1.9850466e-01  -5.5362471e-02  -1.0837510e-01  -7.6585846e-02  -1.0715322e-01  -1.8006880e-01  -5.4647806e-02   4.1371935e-01  -1.0863546e-01   1.1763487e-01  -2.1182876e-01   6.1772132e-02  -1.1800639e-01   2.0333901e-01   2.8641103e-02   3.3322168e-01  -4.1551551e-02  -1.3674390e-01   1.6277191e-01  -4.8228792e-02   1.1509025e-01   4.1871913e-02   2.3613087e-02   1.5528031e-01   5.6251354e-02  -1.1156712e-01   2.3963061e-01   2.0699049e-02  -1.0554300e-01  -2.9378883e-02  -1.6826516e-01  -8.6841956e-02  -2.3243336e-02  -2.2229491e-01   3.2517888e-01  -2.4765845e-01  -1.4093361e-01   7.2240094e-02   2.1135953e-01   3.0694809e-01  -2.8108532e-01   4.9368236e-02  -3.3768205e-01  -2.1222635e-01  -1.8715919e-02   4.0183906e-01   9.2104071e-02   1.7858954e-01  -2.3213347e-01   1.2264130e-01  -3.3288189e-02  -1.9500296e-01   5.6550513e-02   2.9944619e-01   1.7327532e-04  -1.0829388e-01   2.9086492e-01   3.1651157e-01   3.1745827e-01  -1.2256863e-01  -5.9156762e-02   2.3561640e-02   1.4271390e-01  -6.6627185e-02  -1.2696236e-02  -2.9879813e-01   1.0007273e-01   1.6562510e-01   4.6782100e-02
  -3.8089905e-01  -1.3179379e-01   4.0121834e-01  -2.2551588e-01  -2.7837716e-01   4.3192120e-03   5.9606023e-01  -1.3979033e-01  -1.8865295e-01   0.0000000e+00  -6.4026541e-02   1.8467104e-01   3.0447517e-01  -4.1541938e-01  -3.2049815e-03   1.0849740e-01   2.3137045e-01   4.0829730e-01  -1.6016073e-01   8.9624025e-02  -1.1967063e-01  -6.8478166e-02   1.6917083e-01  -3.3067878e-01  -8.7944328e-02  -1.1970849e-01   1.7316527e-01   2.6307492e-02  -4.3767013e-02  -1.7377616e-04  -2.9461455e-01   5.8426729e-02  -3.9751613e-02   4.4324815e-01  -3.8843750e-01   4.3571939e-01   8.0233160e-02   5.2840030e-02  -6.9501281e-02   3.0626093e-01   1.7579886e-01   4.4792764e-02   1.8271701e-01  -5.3104971e-02   4.5483605e-01   4.9880809e-02   2.4350904e-01   3.6272789e-01  -3.0182018e-01   1.4322658e-01   3.6439867e-01   8.3961848e-02  -3.8844589e-01   1.0473987e-01  -2.1099648e-01   4.2254414e-01  -1.0598343e-01   2.7218315e-02  -2.2535708e-01   2.5333608e-01  -1.3006517e-01  -1.6403759e-01  -3.4850659e-01  -4.5193229e-01  -1.9787033e-01   6.9213493e-01   1.3154242e-01   4.7028642e-02  -2.6609918e-02   4.7884496e-01  -1.1357167e-01  -4.7349399e-02   3.1521819e-02  -1.1127800e-01  -2.8720838e-02   1.0540848e-01   9.4038202e-02   1.0626826e-01  -3.1954585e-01   8.5990442e-02   4.4906209e-01   2.5174700e-01   1.8522148e-01  -2.3833136e-01  -1.3561303e-01   2.0826615e-01  -3.0990336e-01  -2.4999525e-01  -1.1963087e-02  -3.4812632e-01   1.0363753e-01   5.8700210e-02   6.0689599e-01   1.0366817e-02  -6.0974500e-02  -4.8268693e-02   8.1140860e-02  -1.3129653e-01   2.5413042e-01   5.1576899e-01  -8.9464562e-02   3.1028415e-02  -2.0528798e-01  -3.7399198e-01   3.0623664e-01   2.5507931e-01  -9.8355262e-02  -1.3301386e-01  -2.8274046e-02   2.5202383e-01   4.2184091e-01   2.2523952e-01  -3.3863475e-02  -3.3823956e-01   5.3975354e-02  -3.5671491e-01   3.5720757e-01   2.2026505e-01   5.3040754e-02  -7.5231013e-02  -1.1395061e-01  -7.1175818e-02  -1.6162059e-01  -4.6121352e-01  -6.2832394e-02  -7.6070576e-02  -3.3497873e-02   7.1166907e-02   1.2357087e-01   3.8597187e-01   1.7138219e-01   3.4701805e-01  -3.6628409e-01   1.1653993e-02   6.0053348e-02  -1.0352566e-01   2.2981314e-01   2.2944864e-01   3.6959030e-02  -2.6096669e-01  -2.5059000e-01   2.1859802e-01  -8.7160470e-03   3.3992891e-01  -1.0399138e-03  -4.8246545e-01   4.8825517e-01   1.3590658e-01   6.6066769e-01   4.7059785e-02   7.5309279e-02  -9.8244031e-02  -3.2121877e-01  -1.2860836e-01   1.2254686e-01  -3.1793680e-01  -1.1329861e-01  -1.0182120e-01  -1.6665523e-03   8.3476808e-02   1.3139719e-01  -3.8930995e-01   2.1111501e-01  -1.0444386e-03  -1.0054796e-01   7.7089313e-02   2.8360158e-01  -1.3980021e-01  -2.6908820e-01   6.1352281e-02   4.1202986e-01   2.5187031e-02   9.8075268e-02   9.0376134e-02  -3.4567575e-02   1.5499880e-01  -1.9568934e-01
  -1.1774098e-01  -1.4457045e-01   3.3954168e-02  -9.6640224e-02   1.9171600e-02   7.2159654e-02  -5.0800001e-02   1.3091634e-01  -3.4392182e-02  -6.4026541e-02   0.0000000e+00  -3.3632859e-01   1.9083832e-01  -7.0401840e-02   3.0966941e-01  -7.2194930e-02  -1.0969269e-01   2.8239894e-01   2.0280712e-01  -3.2797317e-01   3.7963910e-01   2.4949684e-01   1.3935257e-01  -2.6768622e-02   1.3126875e-01  -7.1713014e-02  -2.0558830e-01   4.6878975e-02   1.8105814e-02   3.9448668e-01   1.7589873e-01  -7.7390342e-02  -1.7406112e-01   1.4184310e-02   2.4164513e-01  -1.1821330e-01   6.5827735e-02  -3.5985050e-02  -3.7558799e-02  -5.6485481e-02   2.9944155e-01  -6.7388266e-02  -1.2905314e-01  -5.7090078e-04   1.4642237e-01   1.6370245e-01   2.3430868e-01  -1.2002098e-01   6.7772718e-02  -2.3016106e-01   1.9449174e-01  -1.2564549e-01  -2.3786759e-02  -6.1222073e-02  -4.6468203e-02   4.8010213e-02   2.7470340e-01   3.8807382e-02   3.4286712e-01   8.8718587e-02   2.0640589e-01   8.1223254e-02  -7.7149082e-02   3.6038183e-01   2.9516309e-01  -1.7178029e-02  -7.1979207e-02  -1.2584904e-01   1.5835042e-01   2.1818817e-01  -3.4269678e-01   2.3420970e-01   1.8956233e-01   9.5192692e-02  -2.1460742e-02   1.2058703e-01   1.7139413e-01  -7.0046931e-02  -3.0102814e-01   1.8804527e-01  -4.6889555e-02  -5.2679337e-03  -7.3915645e-02   3.7539638e-02  -3.0592807e-01  -1.9191989e-02   6.9435752e-02  -1.9202551e-01   2.4808998e-01  -1.3599790e-01  -4.8049771e-01   4.9418337e-03  -3.9638108e-01   1.9943685e-02   2.2826174e-01  -2.8991569e-01  -6.3570464e-02   1.0579986e-01   2.2469671e-01   1.5913177e-01  -7.0069542e-02   1.5859612e-01  -7.4500207e-02   3.1176079e-01   1.6504260e-01  -1.4426067e-01   9.3782022e-02   2.5098565e-01   2.8598043e-01   2.3616066e-01  -7.0313395e-02   1.7149104e-01   2.1185812e-01  -2.9089291e-01  -6.2661171e-03  -2.9236144e-01  -7.9688114e-03   4.3975910e-03  -7.1480429e-02  -9.6462206e-02   5.7964672e-02  -3.5050352e-01   2.8716457e-01   3.8805533e-01  -4.5036260e-02   5.1678218e-02   4.2608009e-01  -1.0079738e-01  -7.3420659e-02   1.7335773e-01  -3.9058082e-02   1.0714970e-01  -1.0741124e-01   3.7834072e-01  -1.0498576e-01   5.7444426e-02  -3.7440316e-02   3.0273581e-02  -1.8424915e-01  -5.7768574e-03  -1.4699992e-01  -9.5951361e-02   3.7780483e-01  -1.8589059e-01   4.8000520e-01   5.2379674e-01  -2.9626916e-01   1.0390161e-01   8.3456470e-02   2.3027689e-01  -1.9015050e-01  -1.0541492e-01   1.1309396e-01   1.4136755e-01  -1.8757307e-01  -9.5757271e-02   2.8968305e-01   3.4198533e-01   7.5453717e-02  -6.8556003e-02   4.3970856e-02   4.1198154e-01   6.9123576e-02   3.6274881e-01  -7.8264472e-02  -3.9561195e-01  -1.6829603e-01  -6.3442623e-02  -2.7742061e-02  -2.7519405e-01  -1.1059442e-01   1.0383289e-01   4.2587020e-01  -6.4501919e-02  -1.3441808e-01  -1.8219854e-01   2.2208498e-01
   2.9421642e-02   5.6283478e-01   5.3491695e-02  -5.8008280e-02   5.3145714e-01  -2.5399345e-02   1.9287461e-01  -4.6084224e-02   3.8103949e-01   1.8467104e-01  -3.3632859e-01   0.0000000e+00   2.5301972e-02  -2.3804017e-01   8.0467698e-02   3.9927418e-01   3.3889906e-01  -1.7704085e-02  -9.9794250e-03   7.1332829e-01  -5.3433801e-01  -2.3656163e-01  -5.2264117e-01  -9.3707092e-02  -4.6415482e-02   1.1396109e-01   2.6212570e-01  -3.4167481e-01  -2.0382572e-01  -2.6814768e-01  -5.8965348e-01   3.6112353e-01   2.3203222e-01  -8.2221332e-02   1.1198002e-01   5.5134815e-01   4.7210403e-02  -1.1991978e-01   4.2842917e-01   6.2295048e-01   8.3420819e-03  -2.0996108e-02   6.9375536e-01  -3.3092801e-02   1.7960600e-01  -2.4634423e-01   6.4333632e-02   1.2936515e-02  -1.8394696e-01   6.0724085e-01  -1.1211594e-03   1.3737785e-01   1.5095756e-01  -1.9450070e-01  -1.8320215e-01  -9.1433925e-02  -7.1423337e-02  -1.2865308e-01  -7.3853889e-02   3.4379897e-01  -2.2764068e-01   1.9350618e-01   1.9901025e-01  -2.0315886e-01   2.1814801e-01   2.1593737e-01   8.6701092e-02   2.7891062e-01  -2.6491649e-01   4.9789287e-02   6.4814923e-01  -1.8459682e-01   3.4778561e-01  -3.6137708e-01   2.3344779e-01  -2.1834394e-01  -1.9996952e-01  -1.0156318e-01   2.9138476e-01   2.7964490e-01  -3.0993374e-01   3.8434757e-01  -2.0141287e-01  -9.1358036e-02  -4.4317906e-02  -1.0119460e-01  -3.2667600e-01  -1.6512410e-01   5.1141785e-02  -3.1804823e-02   5.7051378e-01  -2.1090533e-01   4.3871003e-01   4.3123332e-01  -5.0435024e-01   3.8028626e-01  -4.3369308e-02  -6.2709615e-02   2.7728503e-01   4.6511739e-03  -1.7550726e-01   9.1713168e-02  -2.5998104e-01  -1.4896892e-01  -1.7936971e-01   3.8170697e-01  -1.9417913e-01  -7.0966070e-02  -5.2271241e-01   2.8070793e-02  -4.6938146e-02  -5.9659087e-02  -1.3561719e-01  -5.8107485e-02  -3.3136803e-01   5.2795434e-01   6.8427541e-03   4.5612883e-01  -3.4619461e-01  -9.8911044e-02  -2.4431433e-01   7.3969078e-01   5.1852661e-02  -5.4915372e-02  -1.5646094e-01   4.4625561e-03   1.3129406e-01   1.0129384e-01   1.8928100e-01   2.2244859e-01   1.2197916e-01   5.8097143e-02   4.6857083e-02  -5.4205947e-01   2.7948134e-01  -2.5417991e-01   2.8457294e-01  -1.7107169e-01   7.1038049e-02   1.0091449e-01   9.9079837e-02   1.4157119e-02   7.5433439e-02  -5.3873961e-02  -3.3025997e-01  -3.2798381e-01   5.5267807e-01   5.0831792e-01  -1.0476478e-01  -3.4152372e-01  -2.8299724e-01  -3.6442891e-01  -2.3394149e-01   2.9097409e-01   5.4625440e-01   3.7800108e-02  -4.5170274e-01  -3.7207739e-02  -3.9118360e-02  -2.6777832e-01   2.0691787e-01  -7.8299075e-02   2.1691426e-02  -2.8524878e-01   8.3822097e-02   6.6744534e-01   5.5669692e-01  -7.9257595e-02  -2.0585211e-01   3.6747403e-01   5.1830759e-01  -1.5118285e-01  -3.6285730e-01  -5.1205953e-02   1.1793565e-01   1.2212709e-01  -1.4514749e-01
  -2.6504214e-01  -1.7455138e-01   3.7097778e-01  -1.1429803e-01  -1.0542097e-02   3.3939856e-01  -1.2235211e-02   1.6847240e-01  -2.7412058e-01   3.0447517e-01   1.9083832e-01   2.5301972e-02   0.0000000e+00  -6.3836650e-02   1.9951085e-01   2.2408293e-01   3.2919851e-01   2.3347359e-01  -2.3731620e-03   2.2419698e-01  -2.5192663e-01  -4.8268782e-02   6.0064580e-03  -2.5488250e-01  -1.1448689e-01   1.0909824e-01   2.1093909e-01  -8.1152933e-02  -1.4387246e-01  -8.7881656e-02  -1.4384117e-01   1.8967946e-01   3.7983565e-01   4.3742205e-02  -1.5047223e-01   3.6626687e-01  -3.1485612e-01  -4.8197302e-02   6.1836612e-02   6.4838103e-02   7.0448036e-01   3.0692859e-01   2.0641865e-01   5.8764967e-02   3.0802418e-01   1.6000968e-02   4.8178064e-01  -2.8000088e-01  -9.9286445e-02   1.7494218e-01   1.3073545e-01   2.6941570e-01  -5.3332126e-01   2.5009017e-01  -6.9066260e-02   2.0775382e-01   2.3433757e-01  -6.1467707e-02   1.9958956e-02   2.4110322e-01   3.2839605e-01   2.0348315e-02   1.8520994e-03  -2.1905321e-01  -1.1747869e-02   1.0623160e-01   3.6202963e-01   1.3050945e-02   3.2241453e-01   3.0142059e-01  -2.3850009e-01  -5.3578991e-02   2.2042431e-01   8.8437802e-02   8.1420196e-02   1.1204718e-01   2.4457160e-01   9.5954063e-02   2.1388224e-03   3.4058712e-01   2.1651626e-01   1.5990378e-01  -6.8690650e-02   3.8249347e-02  -6.9203574e-02  -3.1998181e-03  -3.5067580e-01  -1.6840895e-01   5.8442707e-02  -3.0301839e-01  -1.2710011e-01   3.0609689e-01   2.2196566e-01   1.0316647e-01  -8.3284305e-02   1.1275640e-01   1.6616239e-01   6.7383828e-02   2.6879586e-01   6.3917761e-02  -2.1459445e-01  -8.9192475e-02  -9.1266831e-02  -9.3220348e-02  -1.2932197e-02   2.2954077e-02   2.7632474e-01   1.6585035e-01   7.0932208e-02   1.5173013e-01   3.4129836e-02   1.4284175e-02   1.0186423e-01  -3.3993459e-01  -6.5212111e-02  -3.0822145e-01   3.8064299e-01   4.7511408e-01  -7.6848094e-02  -2.0989335e-01  -2.1468990e-01   1.1130799e-01   3.6987822e-02  -2.9254202e-01  -1.2989687e-01   1.6509442e-01   4.0505037e-02   2.2514413e-01   1.9120101e-01   3.2994389e-01   1.6554591e-01  -2.3576099e-01  -2.4679925e-02  -1.8104234e-01  -9.8712460e-02   2.5837213e-01   4.2418540e-01  -2.9894472e-02   3.9317499e-01  -1.3713597e-02  -4.3626879e-02   5.7278847e-01  -6.3525745e-02   1.8674095e-01   1.7950785e-01  -1.3689740e-01   2.0418339e-01   2.4990488e-02   3.2431940e-01  -2.5576541e-01  -3.9867789e-02  -8.5388807e-02  -1.0059395e-02  -4.1246999e-02   2.7224987e-01  -3.6414169e-01   5.7346875e-02   1.5909500e-01   2.6891097e-01   4.9250299e-03   8.0657472e-02  -1.0765121e-01  -2.3934418e-01   4.5119655e-02  -2.1677121e-01  -1.4214371e-01   1.8389123e-02  -1.1387447e-01  -2.2092719e-01  -1.3374275e-01   1.7154581e-01   2.7422000e-02   8.0850406e-02   3.2059185e-01   1.5320975e-01   4.1266931e-02  -9.0335565e-02
   7.0910374e-01  -1.0099744e-01  -2.5093593e-01   4.3736251e-02  -1.5467083e-01  -1.6083710e-01  -2.4663732e-01   6.5384483e-02  -2.9863361e-01  -4.1541938e-01  -7.0401840e-02  -2.3804017e-01  -6.3836650e-02   0.0000000e+00  -6.6722004e-02  -1.3657875e-01  -2.0604805e-01  -2.3528045e-01   8.7513618e-03  -2.3859166e-01   8.9999278e-02   2.0444186e-01   1.3131955e-01   6.2015461e-01  -1.8852280e-01   1.7178957e-01  -2.6051404e-01   2.4969688e-01  -5.6249120e-02   5.9014949e-02   3.9441591e-01  -1.5231388e-01  -6.2420247e-02  -1.4506537e-01  -4.6004855e-02  -4.1131997e-01  -2.8049964e-01  -1.8686253e-01  -2.0318287e-01  -2.4799556e-01  -1.9235338e-01  -1.9328390e-01  -3.0424529e-01   2.5774046e-01  -4.2383850e-01  -6.5226309e-02  -4.3358763e-01  -5.7027261e-02   7.1415784e-02  -2.4654255e-01  -1.9469322e-01   3.2829249e-02  -8.9508470e-02  -4.3522004e-03   6.1313801e-01   1.8502790e-01  -3.2944034e-02  -6.9785797e-02  -4.7490429e-02  -1.9732205e-01  -1.5378749e-01  -2.6947309e-02  -4.1252741e-02   1.1663802e-01  -2.7191811e-01  -3.1804665e-01  -5.6206451e-02  -1.4954672e-01  -3.0057329e-02  -2.6701456e-01  -1.4584912e-01   4.3182274e-03  -2.7654248e-01   3.0844217e-01  -1.7999798e-01   1.6619405e-01  -1.9200127e-01   1.6115919e-01  -1.6366407e-01  -3.1675544e-01   1.0212170e-01  -3.3530733e-01   4.2171709e-03   3.7930264e-01   2.8208512e-01  -6.0970447e-02   3.1475240e-01   6.8984256e-01  -2.2407642e-01   5.3077134e-01  -2.1178204e-01  -1.2486491e-01  -1.7932233e-01  -3.1008139e-01  -9.9733357e-02  -4.2053704e-02  -5.9324558e-02   2.1846342e-01  -5.3211539e-01  -2.9075791e-01   8.2122535e-02  -2.1063541e-01   6.1646746e-01   1.9827922e-01  -2.4665611e-01  -6.9098963e-02   1.3405942e-01   1.7436636e-02  -4.0720899e-02  -2.5489705e-01  -1.5038898e-01  -7.5172923e-02  -9.4722678e-02   6.9103455e-01   1.8579224e-01  -6.3930900e-02  -7.1659462e-02  -1.6204781e-01   3.4401623e-01  -4.2903632e-02   2.0133191e-01  -1.6239726e-01  -2.6525438e-01  -1.2105514e-02   5.0343342e-02   3.6502306e-01  -2.6520659e-01  -2.0133376e-01   4.0159643e-02  -1.6692518e-01  -3.0356941e-01  -3.1875515e-01   4.3475483e-01  -2.9246086e-02  -1.3502105e-01   6.7816847e-02  -3.3116367e-01   1.7387205e-01   1.7154759e-01   4.1818464e-01   5.3110339e-01  -1.2784955e-01  -2.6218548e-01   1.8276504e-01   6.3263656e-02   1.1054316e-01  -3.9696383e-01  -2.8936845e-01  -1.7325049e-01  -9.4396961e-02   3.6353608e-01   4.2834927e-01   2.9690879e-01  -3.0645188e-01  -6.8138264e-02   2.9090847e-01   3.0989646e-02  -2.9223673e-01  -1.2907904e-01   3.2384923e-01  -3.8178177e-01  -3.9617317e-03  -1.1374869e-01  -1.3383467e-02  -2.2096301e-01  -1.9035367e-01  -2.8246139e-01   2.2171927e-01   4.8063765e-01  -1.1674436e-01  -3.6432189e-01  -6.0414520e-02  -1.7625032e-01  -1.4703429e-02  -1.7797989e-01  -2.7455677e-01  -3.8925903e-02
