   0.0000000e+00   2.7760393e-01  -1.1875443e-01  -3.2373676e-01   6.7150221e-02  -1.6286698e-01  -1.7746578e-01  -4.3714505e-02   4.3659884e-02  -1.8757955e-01  -2.2949858e-01  -6.7680987e-02  -9.5656976e-02   4.2748036e-01  -8.2643143e-03  -2.1846562e-01  -9.7640816e-02  -3.8703458e-01   6.9023395e-02   5.7570073e-02  -2.9479824e-01  -1.4079248e-01  -2.8256610e-01   6.9429855e-01  -9.6363986e-02   6.5536655e-02  -8.2564171e-02  -5.9152327e-02   9.9804951e-02  -3.6335363e-02  -3.9376811e-02  -2.0249535e-01  -4.6507762e-02  -3.0134305e-01  -6.6140921e-02  -3.5854468e-01  -2.7315259e-01   3.8576013e-01  -2.0323338e-01   6.9928436e-02  -7.8717019e-02   2.3383670e-02   7.8825124e-02  -1.9010426e-01  -2.8356315e-01   2.1551268e-01  -1.9907387e-01   2.3782621e-02  -3.9122764e-01   8.7301559e-02  -3.7045096e-01   3.3235862e-02   1.3300278e-01   8.6049789e-02  -2.0562494e-01  -1.1812366e-01  -1.1500712e-01  -1.6884717e-01  -3.6468809e-01   5.6306214e-02   2.4238107e-01  -3.1438756e-01   1.4329865e-01  -1.2768271e-01  -7.4299528e-02   1.7007121e-01  -1.1980299e-02  -1.0274028e-02  -2.6227626e-01   3.4162130e-02   1.0133731e-01  -1.7576479e-01  -3.2412313e-02   5.4140289e-01  -5.4144588e-02  -1.5469668e-01   2.7529769e-01   8.3927224e-02   6.4380524e-02  -3.5620897e-01  -1.8125338e-01  -9.1141421e-02  -1.0394331e-01  -1.4537140e-01   4.5506706e-01  -1.7539733e-01  -1.0252315e-01   1.2758099e-01   1.1435597e-01   5.5666337e-01   1.3685066e-01   4.0750124e-02  -9.3804071e-02   1.2902438e-01   2.9256796e-01   2.0232756e-01  -9.8154531e-02   3.8025412e-02  -3.5655529e-01  -2.3642486e-01   6.9126663e-02  -2.7142245e-01  -1.8825368e-01   5.5953677e-02  -2.1755894e-01  -1.3115055e-01  -7.1366588e-02  -1.3394404e-01  -1.3729179e-01  -2.4066728e-01  -7.4940952e-02  -3.7440448e-01  -2.7092437e-01   5.0029594e-01   8.9059180e-03   2.5527097e-01  -2.1702676e-02   2.8031286e-02  -2.6413398e-02  -3.0836510e-01   4.4002301e-01  -2.0057424e-01   9.5625891e-02  -4.6718315e-02   5.1992512e-01   4.4463924e-01  -1.7421313e-01  -1.3865740e-01  -5.2758362e-02  -1.9714017e-03  -5.4049609e-02  -1.5551691e-01   5.7802911e-01  -2.0836742e-01  -2.5700178e-02   6.6284829e-02  -3.4272658e-01  -4.9889980e-02   2.7761258e-02   5.7664717e-01   3.4533244e-01   1.3688910e-01  -1.1784892e-01   1.2542086e-01  -3.1325826e-01  -2.7223615e-01   1.0866602e-02   8.8019609e-02  -2.8625930e-01  -5.2026429e-02   3.5519866e-01  -4.4255910e-02   4.6662422e-02  -1.1387483e-01   1.1439390e-01   6.0050755e-01   3.2127445e-01  -2.6321755e-01   1.0853422e-02  -2.5427892e-01  -3.9455448e-02  -2.0143061e-02  -5.0570424e-02  -3.6819331e-01  -1.7503818e-01   1.6569094e-01  -2.3993661e-01  -1.8469091e-01   5.8807536e-02   1.3334992e-01   8.6641035e-02   2.6408012e-01  -3.8309574e-01   1.9380414e-01  -1.3547681e-01  -1.5990921e-01  -1.9248528e-01
   2.7760393e-01   0.0000000e+00  -1.1999862e-01  -4.1165944e-01   2.5902864e-01  -4.8386256e-01   3.2865286e-01  -3.3179882e-01   3.8012662e-01   3.3885711e-01  -3.2409963e-01   7.0509526e-01  -1.0982629e-01   2.5623992e-01   5.4646777e-02  -3.0816113e-01  -1.3886735e-01  -3.0264678e-01  -4.1393633e-01   2.4071259e-01  -3.3787097e-01  -2.7519347e-01   3.7861237e-02   2.1851836e-01  -7.5072053e-02  -2.9698124e-01  -1.5554361e-01  -6.2993788e-02   6.6899081e-02   4.4135963e-01   4.8709748e-02  -2.0218939e-01  -1.7357760e-01   1.3788030e-01   3.4021968e-01  -2.4802850e-01  -9.9378458e-02  -2.5984845e-01  -1.9851515e-01   1.7926306e-01   1.6570657e-02  -1.3864054e-01   5.7875077e-01  -4.0793389e-01  -1.3106580e-01  -2.0825473e-01  -5.3606068e-01   5.8215607e-01  -2.4109516e-01   2.3289354e-02  -2.4622658e-01  -3.3917329e-01   5.3093223e-01   3.9720710e-01   1.0088454e-01  -1.7119112e-01  -3.7047306e-01  -2.7175954e-01  -2.9466657e-01   3.4952451e-01  -5.7281552e-02  -4.2815248e-01   4.0941972e-01  -2.0800157e-01   2.2042938e-01   1.3504221e-01  -2.8187288e-01   2.6433729e-03  -5.0011431e-01  -1.7398362e-01   6.7526159e-01  -2.7653812e-01   6.4830184e-02   2.5770958e-01   4.4815475e-02  -3.0271944e-01  -4.9991451e-02  -3.5688721e-01   4.2025806e-01  -1.4182342e-01  -3.0922950e-02  -3.4238058e-02   1.9533129e-01  -4.4292549e-01  -1.1677580e-02  -3.2333878e-01   5.1970256e-01   1.4724968e-01   4.1128658e-01  -4.1647488e-02   3.4748857e-01  -9.1274813e-02   3.9956070e-01   1.0737010e-01  -2.3163439e-01   3.6297094e-01  -1.3001878e-01  -3.9535949e-01  -2.4285190e-01   1.1967817e-01   4.0460080e-02  -1.1503467e-01  -2.6945689e-02   2.9273698e-01  -2.7084927e-01  -2.7609660e-01   3.5924514e-01  -4.4157573e-01   7.3171244e-02   2.0582597e-02   3.7461558e-01  -1.8096276e-01  -2.2293817e-01  -1.0871328e-01   1.7492360e-02   6.0775549e-01  -3.2994489e-01  -1.2475175e-01  -2.9557236e-01  -3.4933996e-01   1.7144459e-01   2.0344468e-01   5.1750602e-01   2.4500507e-01  -1.7459689e-01   3.3935529e-01   8.1895386e-02   7.0363555e-02  -2.4438444e-01  -2.6452574e-01  -6.9637980e-02   1.6359825e-01   2.8067291e-01  -2.7434556e-02   1.9653067e-01  -1.4686483e-01   4.6179948e-02   1.4191167e-01  -9.3924262e-02   1.0847595e-01  -3.6545066e-02  -3.7867267e-02  -2.4009917e-01  -8.2003774e-02   1.3762836e-01  -2.3567482e-01   5.8768025e-01  -9.9267705e-02  -3.9769103e-01   2.7577135e-01   1.2885206e-02  -1.0254703e-01   1.8459165e-01   9.8248110e-02   2.1504147e-01   5.7547971e-02   1.5123191e-01  -1.7517381e-01  -4.8294944e-02   3.3049912e-02   2.5125596e-01  -3.5114033e-01   1.0135780e-01  -3.4149312e-01  -4.1542025e-01   6.2220615e-01  -4.0512587e-04  -1.9241180e-01   7.2049970e-02   6.4809569e-01   5.1596865e-01   7.0140677e-02  -3.9260549e-01  -3.9701987e-02  -1.2726220e-01   4.0184151e-02  -3.2555984e-01
  -1.1875443e-01  -1.1999862e-01   0.0000000e+00   2.5548320e-01  -1.5004341e-02   4.9278043e-01  -4.6029577e-01  -5.3781738e-02   1.3161881e-01   7.6954036e-02   9.1644987e-02  -1.8962664e-01  -1.6079969e-01   4.9307620e-02   6.6049971e-02   3.5593086e-01   8.6641593e-01   4.6593433e-02   3.8143729e-01   5.7548062e-02   1.5526088e-02   2.3175722e-01  -1.6017190e-01  -8.5878534e-02   1.5846154e-01   3.7482368e-01   8.0041919e-02  -1.1016378e-02  -2.8481746e-02   1.0429622e-01   5.9911100e-02   3.2952210e-01   5.1488490e-01  -2.3053077e-01  -4.7670358e-01  -3.5348812e-01  -1.4823395e-01  -4.7079307e-02   2.8229354e-01   1.5400124e-02  -1.5899836e-01   3.7101199e-01   1.2053508e-01   1.4755959e-01   1.6687942e-01   5.8307804e-01  -1.7122150e-01  -3.0894953e-01   1.6329404e-01   6.3212723e-01  -4.8746608e-03   6.6990549e-02  -2.3493702e-01  -5.3837220e-02  -2.9863865e-01   6.6296254e-02   4.2636395e-01   2.4917462e-01   2.4475722e-01   1.4952701e-01   7.6292488e-01   2.0663009e-01   1.7627963e-01  -1.1061965e-01   6.8322994e-02  -2.7815799e-01   5.1405887e-01  -3.6727813e-03   4.0104641e-01   7.5897170e-01  -2.6609077e-01   2.7503661e-02  -2.8406164e-01   6.3946608e-02  -8.2532874e-02   1.6651609e-01   5.5835927e-01   8.0315903e-02  -4.0121790e-02   1.4215010e-01  -1.6870782e-02  -9.0429968e-02  -4.9529055e-01   3.2753850e-01   8.9445564e-02   2.1772413e-01  -2.6014516e-01  -1.1757549e-01   1.3827456e-01  -2.9017114e-01  -1.9380691e-01   8.9316189e-01  -4.8900248e-01  -1.0624705e-01   2.6154333e-01   1.9288433e-01   1.1819901e-01   2.4825610e-01  -1.1680866e-01  -2.4647283e-01   3.1534443e-01   4.5984031e-02  -8.4047050e-02   4.6532247e-01  -1.1286103e-02   2.8329379e-01  -2.0421799e-02   4.1146956e-01  -6.5150614e-02  -4.6708394e-01  -3.6700414e-01   1.6647797e-02  -3.6923985e-02  -2.6903784e-01   7.1434309e-02  -1.3995752e-01   2.3597195e-01  -2.6193909e-01  -9.9155354e-02   3.4491156e-02   3.8431421e-01  -7.6881065e-02   1.0529215e-01  -3.7238954e-01   1.6548107e-01   1.4384351e-01  -2.6034209e-01  -9.6991271e-02   9.7229845e-02   4.1273317e-01  -2.2855558e-01  -4.8213338e-01   3.2852485e-01  -1.3282955e-01   1.1568979e-01   1.0969468e-01  -5.8850949e-03  -4.8859951e-02   1.6451545e-01   7.7785112e-02  -1.0407151e-01  -2.8808460e-01   4.0712210e-01   6.0675417e-02  -6.8562601e-02  -9.3517687e-02  -3.7432028e-01  -2.6345210e-01  -1.3682328e-01  -2.0389359e-01   2.3116993e-01   3.3101973e-03   4.7191486e-01  -2.8954653e-01   3.6970186e-01  -3.8580926e-02   3.1826836e-01   1.2569500e-01   8.3505401e-01  -1.3642961e-01  -1.4979988e-01   3.8865627e-01  -3.1830942e-01   1.4026654e-01   3.2749676e-01  -3.1250789e-01   4.2651592e-02   6.8683033e-02   4.6925385e-01  -2.1529895e-01  -8.9765200e-02  -2.8066727e-01  -7.4400243e-02   3.2536437e-02   2.9599625e-01   2.1698199e-02   3.5635948e-01
  -3.2373676e-01  -4.1165944e-01   2.5548320e-01   0.0000000e+00  -4.0266629e-02   5.5387611e-01  -3.1895910e-01   5.2358791e-01   1.2764827e-01  -1.7710053e-02   6.0789127e-01  -3.5554408e-01   8.1638067e-02  -1.6801946e-01   1.9672326e-01   4.9704888e-01   3.2582288e-01   7.1084690e-01   3.4893831e-01  -2.4041935e-02   3.7906940e-01   6.5550028e-01   1.3750370e-01  -2.3203303e-01   3.8252072e-01   2.9460141e-01   1.2801404e-01  -1.0583255e-01  -5.6343609e-02   1.5229650e-01   2.4994349e-01   6.3168570e-01   3.3744063e-01   5.8760954e-02  -2.7866454e-01   3.4048429e-01   1.7219178e-01  -1.4176470e-01   5.1394163e-01  -1.5993103e-01   2.2057387e-01   3.6422653e-01  -1.5873743e-01   2.2592065e-01   4.9037648e-01   9.8213347e-02   5.2985781e-01  -4.4097906e-01   4.7920301e-01   7.5528321e-03   5.6578030e-01   3.9527052e-01  -3.6036836e-01   8.5955725e-02   4.1347016e-02   6.0926265e-02   3.8042321e-01   5.7875572e-01   6.3324944e-01  -9.4818901e-02   6.6214445e-02   4.4492776e-01  -9.5853311e-02   2.7383858e-01   2.9561843e-01  -1.9502367e-01   4.8941234e-01   8.4980123e-02   6.7411670e-01   8.8489913e-02  -5.7327646e-01   6.6075950e-01  -7.5254912e-02   3.8593346e-02   1.3424484e-01   3.9508350e-01  -6.0937851e-02   8.1936406e-02  -5.7516260e-02   4.5497517e-01  -7.5314089e-02   1.9575936e-01  -2.7619283e-01   1.7938972e-01  -3.2907934e-01   4.4966369e-01  -2.3440309e-01   1.4970803e-01  -1.1424964e-01  -3.6096984e-01  -1.9949233e-01   2.2648155e-01  -2.6663217e-01   9.4698015e-02  -7.7720252e-02  -1.5702398e-01   6.8375603e-01   3.5335969e-01   5.9669991e-01   3.9307133e-03  -3.4858059e-01   3.5083525e-01   1.5495240e-01   2.2114351e-01   5.4735251e-01   7.0971894e-01   6.8444914e-03   5.1417757e-01   1.3642150e-01  -5.5085762e-02  -3.7429116e-01   4.1575049e-01   6.8652546e-01  -2.5074972e-01  -3.2278627e-01  -3.5552797e-01   2.4800218e-01   7.0372893e-02  -2.1940416e-01   8.3246315e-01  -5.0926533e-02   5.3659773e-02  -1.0737456e-01  -1.2222859e-02  -8.2010938e-02  -4.0345268e-02   6.7673126e-02  -9.0180268e-02   6.7672648e-01   1.9229654e-02   1.5376965e-01   9.0164798e-02  -5.0758982e-03   2.5084100e-02   3.7973702e-01   3.2717216e-01   9.1961963e-02  -3.2904753e-01   3.6420600e-01  -3.0567607e-01  -2.9778233e-01  -3.6108780e-01   4.4946131e-01  -3.4007106e-01   9.9590512e-02   3.2404283e-01  -5.3387206e-01   9.9124665e-03   3.3011133e-01  -1.9491962e-01  -1.8760121e-01   6.8152178e-02   1.3405695e-01   1.8793948e-01  -6.2166157e-03  -2.7714465e-01  -2.8843335e-01   5.8453957e-01   1.4968021e-01   5.6308910e-02   4.5032492e-02   4.6859997e-01  -1.8624204e-01   6.7548155e-01   7.5032576e-01  -3.8055021e-01   2.7035535e-01   3.9372693e-02   6.0811332e-02  -4.3971170e-01  -2.8930188e-01  -5.6677000e-01   7.3856757e-01  -1.0605527e-01   2.6346465e-01   6.8280662e-03   7.3778870e-01
   6.7150221e-02   2.5902864e-01  -1.5004341e-02  -4.0266629e-02   0.0000000e+00  -2.2965878e-01  -5.0835259e-02   1.0139587e-01   2.8493411e-01   2.6983850e-02   1.0282513e-02   2.7472829e-01   7.8439062e-02   6.2753567e-02   3.5785823e-01  -8.4113975e-02  -4.5261477e-02  -1.5916302e-01  -1.9431729e-01   6.3639593e-01  -4.0253096e-01  -7.9141944e-02  -2.5337007e-01   2.1191593e-01   1.0616862e-01  -7.0437763e-02  -8.2407324e-02   3.9850399e-02   1.9395927e-01   3.5687916e-01   3.3918198e-01   1.8186488e-03  -1.2966380e-01   3.5510229e-04   1.1145663e-01  -3.4756656e-02  -1.9792126e-01  -1.3598110e-01  -2.2840843e-02  -9.5683744e-03  -4.0267412e-02   9.8659001e-02   4.2166659e-01   9.1614669e-02   2.8959480e-01  -9.3625603e-02  -2.4753614e-01   1.8543106e-01  -2.0891736e-01  -7.1669459e-04  -1.6440144e-03  -9.3261630e-02   4.4047444e-01   3.8069877e-02  -5.7101313e-02  -4.2228557e-02  -6.3531317e-02   5.5260454e-02   1.7533679e-01   3.1634191e-01  -5.6943929e-02  -6.5669759e-02   2.9473710e-01   1.9371297e-01   1.6159059e-01   3.0879090e-01  -3.7717069e-02   3.8586782e-02  -1.7354046e-01  -1.9399430e-01   8.9447921e-02  -1.8621296e-01  -1.5075767e-02   2.7247432e-02   1.1064401e-01  -1.2779902e-01  -3.0551087e-02   6.8548915e-02   6.8090119e-01  -1.5515905e-01  -3.5830005e-02   2.9884630e-02   9.1479853e-02  -1.2863961e-02  -2.2455422e-01  -2.3531363e-02   5.2832847e-03   1.4500260e-01   3.4057654e-01  -2.2504888e-01   7.1091369e-01   3.0302536e-02  -1.1136876e-01   3.7751086e-01  -1.8785196e-01   5.3877524e-01   2.0860120e-01  -1.4939430e-01   4.5806012e-02  -2.6445062e-01  -9.8733607e-02   6.8918551e-02   1.6916589e-02   1.2379269e-01  -9.0876632e-02  -9.7348233e-02   1.8838928e-01  -2.2535829e-02  -1.5273648e-01  -1.1274508e-01   8.4636656e-02  -1.6854527e-01  -1.0842960e-01  -1.8717802e-01  -1.8844899e-01   5.4009259e-01   7.7361688e-02  -1.2505264e-01  -2.9669969e-01   7.2445252e-03   1.0093657e-01   4.4663956e-01   3.0435995e-01   6.4745049e-02  -1.3625112e-01   3.0747684e-01   1.1822912e-01  -2.1279105e-01  -2.0524887e-02  -2.2085917e-01  -1.2901650e-01   3.0509249e-01   1.3130139e-01  -8.9682756e-02   2.1541044e-02   1.2063098e-01  -2.4367362e-01  -3.2200562e-03   1.0394091e-01  -1.2878310e-01  -3.1668133e-01  -1.0333661e-01  -1.3260828e-01  -2.6350278e-01   1.3794207e-01  -8.6378147e-02   1.3484260e-02   7.1078189e-02  -2.0836743e-01  -2.0565825e-01  -1.5845526e-01   3.3195029e-02  -4.1599562e-02   9.8402548e-02   2.8725912e-01   2.2903377e-02  -4.7391402e-03   1.0317068e-01  -5.5306525e-03   1.1141735e-03   2.5670784e-02  -1.2917686e-01  -1.5930001e-01  -7.4541696e-02  -1.4690222e-02   3.9589393e-01   8.7616162e-02   7.0701113e-02  -1.1103134e-01   3.7956267e-01   6.0455757e-01   1.7218353e-02  -7.9162056e-02   8.7674258e-04   9.9367474e-02  -1.3785547e-01  -4.2900961e-02
  -1.6286698e-01  -4.8386256e-01   4.9278043e-01   5.5387611e-01  -2.2965878e-01   0.0000000e+00  -3.4926098e-01   3.6872988e-01   5.2927847e-02  -1.9966664e-01   4.4163095e-01  -4.1300775e-01  -1.2198833e-01  -1.3625093e-01   4.2291596e-01   5.0212332e-01   3.8912006e-01   4.3592468e-01   6.4384462e-01  -1.2469866e-01   3.6515416e-01   4.5226281e-01   1.6927908e-01  -1.7880918e-01   1.5169957e-01   6.4506782e-01   1.2290006e-01   1.5722094e-01  -7.3663514e-02   1.0130278e-01   3.9393655e-01   4.9317205e-01   5.0084100e-01   1.0665792e-01  -2.7800533e-01   1.7637929e-02  -6.3525255e-02   4.7905336e-02   2.7255029e-01  -2.0403189e-01   3.8879815e-02   4.3833343e-01  -9.9698432e-02   5.0541440e-01   3.9797138e-01   2.2862005e-01   1.4275038e-01  -4.7484058e-01   3.4159862e-01   1.0225790e-01   3.2634742e-01   5.0977839e-01  -3.5109046e-01  -1.0252625e-01  -1.3460957e-01   4.0449101e-01   7.2188412e-01   5.3260176e-01   3.9274855e-01   1.2421880e-01   2.8055906e-01   4.0271948e-01  -1.3984233e-01   1.5379622e-01   1.2116982e-01  -1.9738265e-01   8.4592819e-01   9.6015769e-02   5.9364863e-01   2.4616573e-01  -5.7518674e-01   3.3109105e-01  -3.0835051e-01  -6.1108405e-03  -1.7766233e-02   4.1115548e-01   1.1278811e-01   2.9516522e-01  -7.5724232e-02   2.2309326e-01   2.5433111e-01  -6.3631706e-02  -2.3237459e-01   5.1421699e-01   9.2183591e-03   6.1738457e-01  -2.4941532e-01   8.5968903e-02   3.6731424e-02  -2.1537055e-01  -4.1158267e-01   4.2960436e-01  -3.3722984e-01  -1.0943660e-01   1.4116571e-01  -3.0598008e-01   3.4831895e-01   6.7524703e-01   2.8864153e-01  -2.0196108e-01  -5.1712691e-02   4.0166402e-01   1.8133758e-01   3.5518995e-01   4.2034123e-01   5.2676399e-01  -2.5705169e-01   8.2180544e-01  -6.1166968e-02  -2.2771972e-01  -2.7186791e-01   3.4285628e-01   1.2482881e-01  -1.2737579e-01   5.1453905e-03  -4.7567583e-01   5.7485908e-01  -4.2097483e-02  -8.1885431e-02   4.7638590e-01   9.1524258e-02  -8.9260683e-02  -1.6652065e-01  -1.7918630e-01   7.1024147e-02   1.6099053e-02  -3.8275261e-02  -1.8591821e-01   3.6744103e-01   5.3225651e-02  -1.5671188e-01  -1.5403415e-01  -6.9200004e-02   1.5123383e-01   1.1878676e-01   3.7800294e-01  -8.0425609e-02   4.8234637e-02   4.3586052e-01   3.8868614e-02   8.0504738e-02  -3.8265280e-01   6.2944026e-01  -1.2710333e-01   2.5897705e-01   4.3115285e-01  -4.6910185e-01  -1.7965140e-01   2.9885666e-01  -2.7108147e-01   1.6641342e-01   3.1448003e-01   2.3254055e-01  -1.4787614e-01   1.1750591e-01  -1.4834569e-02  -4.1333488e-02   3.8127866e-01   3.9205479e-01   9.2377598e-02  -6.4830499e-02   5.3845904e-01  -3.9290794e-01   3.2714959e-01   6.7188964e-01  -5.9624258e-01   2.3576427e-01   3.3628045e-01   2.1221315e-01  -5.5841588e-01  -1.7893899e-01  -5.4048173e-01   3.3771299e-01   1.9598139e-01   2.8042588e-01   1.5664486e-01   6.5704034e-01
  -1.7746578e-01   3.2865286e-01  -4.6029577e-01  -3.1895910e-01  -5.0835259e-02  -3.4926098e-01   0.0000000e+00  -3.4032942e-01   5.2972392e-02   2.9058538e-01  -3.2845634e-01   5.6939641e-01   2.5203418e-01  -9.7968123e-02  -8.1173925e-02  -3.4052774e-01  -4.2846956e-01   1.7735070e-03  -4.8064760e-01   1.8447712e-01  -2.0880020e-02  -3.2885289e-01   5.9399760e-01  -1.9956948e-01  -1.2154540e-01  -5.4838986e-01   8.9415090e-02   2.5557594e-01  -6.0373603e-02   1.7853861e-01  -2.2511820e-01  -2.4585340e-01  -4.1621464e-01   6.3276554e-01   5.2455120e-01   3.7568415e-01   3.1907754e-01  -3.3751028e-01  -3.1130594e-01   1.4841928e-01   2.8245621e-01  -3.6794740e-01   1.4758835e-01  -3.6486627e-01  -6.5901177e-03  -4.7433964e-01  -1.1141797e-02   6.7952660e-01  -1.4823332e-02  -4.1294714e-01   1.2535133e-01  -3.6349369e-01   2.7501497e-01   7.9271687e-02   2.7704191e-01  -8.7432565e-02  -4.7680315e-01  -3.4376144e-01  -2.4222811e-01   1.3965749e-01  -4.8247151e-01  -9.1900837e-03   1.8227125e-02  -2.8796365e-01   1.2294632e-01   1.4982831e-01  -4.4824191e-01  -2.1586266e-02  -4.8381290e-01  -3.2647327e-01   5.1702836e-01  -1.9037080e-01   1.9081680e-01  -3.4268875e-01  -5.7329840e-02  -3.3783926e-01  -4.0028807e-01  -2.9792667e-01   1.2683835e-01  -3.1776839e-02   3.5481901e-01   8.0245627e-02   5.6330949e-01  -4.4850436e-01  -2.2782139e-01  -4.1333333e-01   4.8761684e-01  -2.2955850e-03   7.1393102e-02  -4.7295898e-02   7.5012126e-02  -5.2087423e-01   6.4113599e-01   3.4148880e-03  -4.2288237e-01  -1.4949619e-01  -2.0900482e-01  -4.7265502e-01   5.9885406e-02   6.4538320e-01  -1.0182492e-01  -1.3797755e-01   4.0913903e-01  -1.8539013e-01   1.1096689e-01  -3.3282992e-01  -2.0497265e-02  -5.1727110e-01   1.8878858e-01   4.1665804e-01   7.1660159e-01   1.9670838e-01  -1.4998903e-01  -8.0859902e-02   1.7436220e-01   1.0215464e-01  -3.5312391e-01   1.4751208e-01   1.2234176e-01  -2.4680396e-01  -3.6964503e-01   2.4617934e-01   3.4296388e-02   3.0851944e-01  -4.1881563e-01  -2.0848130e-01   3.3464728e-01   3.6300655e-01  -3.1804645e-01  -1.8810700e-01  -2.8687848e-02   3.4970386e-01  -3.1651995e-01   2.8372710e-01  -1.5561767e-01  -3.5508928e-01   1.6978456e-01   3.9266938e-01  -3.5652111e-01  -1.7980903e-01  -6.2288048e-02   5.9176565e-02  -3.0737986e-01   8.6053098e-02   4.3473939e-01   9.1086101e-02   7.5086767e-01  -1.1901842e-01  -8.3425467e-04   4.5062914e-01  -3.1854451e-01   1.6306293e-01  -3.5158351e-01   9.2566839e-02  -2.1514450e-01  -3.5134232e-01  -2.2903219e-01  -1.3030569e-01  -4.6332239e-01   5.1797157e-01  -1.3929584e-02  -4.6588589e-01   1.8529851e-01  -1.0069830e-01  -4.8637657e-01   3.7287043e-01   6.5618005e-02  -1.0658264e-01  -3.3114213e-01   3.2442623e-01   2.0028707e-01   7.7577288e-03  -5.4849295e-02  -1.4950910e-01  -2.9781225e-01   4.1328467e-02  -4.1274220e-01
  -4.3714505e-02  -3.3179882e-01  -5.3781738e-02   5.2358791e-01   1.0139587e-01   3.6872988e-01  -3.4032942e-01   0.0000000e+00   6.5762615e-02  -2.1825432e-01   5.6321646e-01  -3.8504372e-01   3.3281922e-03  -1.3906477e-01   3.5949652e-01   2.9794912e-01  -1.0626990e-01   2.5815320e-01   3.2607541e-01  -5.9981669e-02  -9.4524912e-03   2.8573708e-01  -1.4073775e-01   1.6243851e-01   1.8379690e-01   5.6255916e-01  -2.6984542e-02  -2.6493738e-01  -1.0422866e-01  -3.4901169e-02   3.6100245e-01   3.5337115e-01   7.8890961e-02  -1.6487541e-01  -2.4338093e-01   1.9232586e-01  -8.5081316e-02   4.4994373e-02   2.6530128e-01  -2.9754833e-01   7.2191075e-02   2.5798797e-01  -2.4539138e-01   5.6008012e-01   1.2484755e-01   8.6256099e-02   2.7536033e-01  -3.1119155e-01   2.9795812e-02  -1.8353730e-01   1.4118683e-01   7.3425005e-01  -1.1111867e-01  -1.0066394e-01  -1.6478223e-01   1.0885487e-01   3.4777936e-01   5.0636617e-01   3.9638036e-01  -1.3488535e-01  -2.9621783e-02   1.7334811e-01  -1.4393628e-01   6.5520283e-01   9.7949958e-02   4.4176761e-02   4.1772133e-01  -3.7432801e-02   4.5548302e-01  -1.5900571e-01  -5.0610698e-01   2.7742426e-01   5.1931534e-02   2.1346369e-01   1.1422855e-01   3.4163004e-01  -1.9103811e-02   3.9752556e-01  -9.8137017e-03   3.2671086e-02  -2.6012384e-01   3.5979267e-02  -1.0188186e-01   4.6507646e-01  -1.1422345e-01   5.2429258e-01  -3.6724699e-01   1.2829926e-02  -1.0293547e-01  -1.6923137e-01   6.0043065e-02  -1.2449946e-02  -2.0784685e-01   3.1866009e-01   1.1673382e-02  -1.4436993e-01   3.0658258e-01   4.9212207e-01   2.6618664e-01  -1.7560494e-01  -3.5002413e-01   5.1269940e-01  -1.7903187e-02  -9.4291932e-02   3.8351026e-01   5.3722448e-01  -1.2024057e-01   5.6872203e-01   2.1532777e-02  -9.8562851e-02  -3.6660133e-01   4.2401142e-02   2.8598760e-01  -2.1650708e-01  -4.7763593e-01   4.5248402e-02   5.3707319e-01   3.0560482e-02  -4.6469815e-01   4.7305261e-01  -3.6640507e-02  -2.8965754e-02  -7.1392265e-02   1.4946490e-01   5.0736924e-02   1.5604352e-01   1.0217501e-01  -2.9409284e-01   5.6384775e-01  -2.2019668e-01   9.1610528e-02   2.5170784e-01   8.0744092e-02  -1.3275013e-01   1.9513458e-01   6.6623010e-01  -2.7188599e-01  -3.5600169e-01   5.7737033e-01  -2.7982413e-01  -1.8301862e-01  -1.0830905e-01   2.6640215e-01  -4.5200386e-01   2.2958837e-02   1.7035916e-01  -4.8503858e-01   1.5152383e-01   1.2041237e-01  -2.3256652e-01  -1.8085026e-01   1.4888801e-01  -1.6336684e-02   3.3089087e-01  -1.4450987e-01  -3.4406328e-02  -2.5502464e-01   2.9926568e-01  -5.6261839e-02  -5.0921925e-02  -9.1753106e-02   3.3543022e-01  -1.6132627e-01   3.3641851e-01   5.9476577e-01  -7.5098517e-03   1.7229662e-01  -1.1204654e-01  -1.4208591e-01  -1.2791305e-01  -6.8342802e-02  -2.5384940e-01   3.6417958e-01  -1.1466583e-01   2.9357388e-01  -7.8379563e-02   4.7063056e-01
   4.3659884e-02   3.8012662e-01   1.3161881e-01   1.2764827e-01   2.8493411e-01   5.2927847e-02   5.2972392e-02   6.5762615e-02   0.0000000e+00   2.8164881e-01   5.4219690e-02   3.2400300e-01  -1.0383991e-01   3.4932305e-01   3.9976299e-01  -6.5130156e-02  -1.1435404e-02   4.3193077e-02   1.9312542e-02   3.9815943e-01  -5.6205238e-03   3.2424715e-01   1.7113520e-01   1.3890779e-01  -3.7664982e-03   1.7686173e-01  -2.4199132e-01   1.9469913e-01   2.2623423e-01   6.7588302e-01   4.2287431e-01   3.1357128e-01   9.2743524e-02   5.6154006e-02   1.9041745e-01  -2.0429199e-01  -1.9899013e-01  -4.5168616e-01  -9.6585414e-02  -2.5522230e-01   6.4585050e-02   1.7692542e-01   6.0847653e-01   1.6819230e-01   1.4880605e-01  -1.7894615e-01  -2.8391205e-01   1.2381148e-01   6.2527958e-02  -1.8768675e-01   6.3289009e-02   1.4192442e-01   1.7156218e-01   4.4909877e-01   1.3245435e-01   2.9750101e-01   1.1502643e-01   4.3617709e-01   1.6903715e-01   4.9743069e-01   1.2113458e-01  -7.6082504e-02   7.2612408e-01   6.7406667e-02   5.3562374e-01   5.5501465e-03   1.0093648e-02   2.6693512e-01   1.2076592e-01  -1.5961113e-01   9.9139444e-02  -6.9659298e-02  -2.1000277e-01   1.0537749e-01   2.1659418e-01   2.0473602e-01   3.9930904e-03   1.1268846e-01   3.9289854e-01   1.6532879e-01   1.3813408e-01  -1.3249658e-01   5.7802222e-02   2.8909997e-02  -1.3294741e-01   3.2320886e-01   4.8035561e-01   3.8133408e-01   6.0547457e-01  -3.0913151e-01   1.3517828e-01   1.6266668e-01  -9.6428913e-02   3.9470530e-01  -3.2206823e-01   3.0110866e-01   2.7242620e-01   1.5463624e-01   4.1431059e-03   4.1038158e-02  -9.5611292e-02   2.3882366e-01   2.7312960e-01   5.4901602e-01   2.1785159e-01   2.2784122e-01   2.7361902e-01   1.4667513e-01  -2.1466689e-05  -4.1383712e-01   9.4348076e-02   1.2996236e-01   1.6801839e-01  -3.6934488e-01   6.6317171e-02   3.5017074e-01   1.7903746e-01  -8.5695250e-02  -4.8142825e-01   1.3732446e-01   3.8404533e-01   1.0954916e-01   5.1534167e-01   1.6958255e-01  -3.4096723e-01   4.2198071e-01   3.7495758e-01   1.9464919e-01   2.8780179e-01  -4.5262631e-01  -1.6987955e-01  -6.4014401e-02   1.5207042e-01   7.3216733e-02   5.9234289e-01   3.1369912e-01   1.5331845e-01   1.5296984e-01   4.7673249e-01  -1.0449863e-02   4.9318280e-02  -3.8820231e-01   2.9703257e-01  -5.3893531e-01   3.7864170e-01   2.6932706e-01   1.1471270e-01  -2.7889875e-01  -1.0639360e-01   1.8018291e-01   8.6467533e-02   1.4002082e-01   3.6368222e-01  -1.3020521e-01  -6.9359809e-02  -5.3909699e-02   2.3359525e-01   1.1449547e-01   1.9675092e-01   3.9600384e-01   3.2527803e-01   1.0557016e-01  -1.8840122e-01   1.6427711e-01   2.1566831e-01   6.9861760e-02  -2.6893618e-02   6.3011973e-02   2.9733578e-01   1.9139137e-01   4.0853294e-01  -3.0508789e-01   7.1014435e-02  -2.3431650e-01   1.9831983e-01   1.5404433e-01   3.0632792e-01
  -1.8757955e-01   3.3885711e-01   7.6954036e-02  -1.7710053e-02   2.6983850e-02  -1.9966664e-01   2.9058538e-01  -2.1825432e-01   2.8164881e-01   0.0000000e+00  -5.0375844e-02   3.9968466e-01   1.7586121e-01  -3.9825081e-02  -2.8770025e-02  -7.7104781e-02   6.7411191e-02   7.0697054e-02  -3.5337344e-01   3.3895694e-01   2.3785210e-01   1.3403072e-01   3.9312729e-01  -3.4938493e-01  -8.9410960e-02  -2.6798471e-01   1.4444641e-01   6.3711870e-02  -1.5832146e-01   2.1938838e-01  -9.2025557e-02  -1.0226566e-02  -5.4874280e-02   3.1855654e-01   2.4772586e-02   1.7366237e-01   2.1789802e-01  -4.5879617e-01   6.2910458e-02   1.8966452e-01   3.5417083e-01  -2.3778688e-01   2.3897574e-01  -2.5082537e-01   5.7393994e-03  -1.6307304e-01  -2.2843663e-02   2.2079819e-01   2.9465941e-01  -9.2831667e-02   1.1196298e-01  -1.6589035e-01   1.2734051e-01   1.0300396e-01   1.1835341e-01  -1.6429415e-01  -3.1098970e-01  -9.4127404e-03   3.2111298e-01   8.9478949e-02  -7.1137176e-02   1.5722555e-01   2.8496678e-01  -1.4059544e-01   3.6554058e-01   4.2198147e-02  -1.4992125e-01   1.0171442e-01  -1.5085343e-01   4.0070145e-02   2.6458981e-01   9.4677601e-02   2.4579896e-01  -2.0544567e-01  -1.6374953e-01  -1.7040948e-01  -1.3162247e-01  -3.3190317e-01   1.5465547e-01   3.6661618e-01  -3.5450539e-02   1.6246763e-01   6.0129301e-02  -2.9408138e-01  -2.2172224e-01  -1.9958690e-01   3.5982424e-01  -5.6932517e-02   1.5362320e-01  -2.3632037e-01   2.5338565e-01  -6.6801421e-02   3.2649718e-01   4.9013120e-02  -3.7822761e-01   3.2211337e-01   9.5876225e-02  -4.0008993e-01   1.6829348e-01   4.8815575e-01  -1.3074539e-01  -7.0250281e-02   1.7619898e-01   1.9483236e-01   3.2622464e-02  -9.9175124e-02   1.6264873e-01  -2.9390137e-01   4.2719956e-01   1.0541221e-01   2.2121371e-01   1.4031109e-01   2.5006587e-01  -3.1599784e-01   2.0872235e-03   1.2184448e-01  -1.9112229e-01   1.4208492e-01  -1.5347190e-01  -3.3933727e-03  -1.0500528e-01   1.3353708e-01   3.6173613e-01   2.9063810e-01  -4.2254830e-01  -6.0778365e-02   2.2338142e-01   5.3932042e-02  -1.0394762e-01  -1.4092239e-02   2.0270938e-01   1.3559124e-02   1.6489405e-02   2.0980740e-01   2.6877436e-01  -1.8847175e-01   3.2674215e-01   7.1146928e-02  -1.0118212e-01  -1.7301488e-01  -1.8900213e-01  -4.6961031e-02  -3.7855727e-02  -1.8934668e-01   1.6090268e-01   2.5399615e-02   2.6825124e-01   1.2962747e-01   1.8897689e-01   4.2975920e-01  -2.4627023e-01   9.3557909e-02   5.9422203e-02   3.4114271e-02  -6.7250866e-02  -4.5542129e-01  -6.7404715e-02   2.8370431e-01  -8.4568667e-02   2.0180259e-01   2.4188322e-01  -8.9579101e-02   4.1696040e-01   1.0373735e-01  -2.0834391e-01   2.1272468e-01   1.4058690e-01  -2.6944543e-01   2.5635178e-02   2.3106471e-01   3.1902046e-01  -2.8926481e-01   5.9527777e-02  -4.2310952e-01  -1.3453399e-01  -1.3959398e-01   4.7501002e-02
  -2.2949858e-01  -3.2409963e-01   9.1644987e-02   6.0789127e-01   1.0282513e-02   4.4163095e-01  -3.2845634e-01   5.6321646e-01   5.4219690e-02  -5.0375844e-02   0.0000000e+00  -3.7575187e-01  -1.0381936e-01  -1.9397370e-01   4.1246834e-01   5.3669728e-01   1.7115986e-01   5.9827477e-01   2.1167297e-01  -7.5922933e-02   3.0444441e-01   5.7434977e-01   3.6813435e-02  -1.4392895e-01   1.9927194e-01   3.8233806e-01  -1.0361269e-01  -2.1652087e-01  -7.8087671e-02   1.8220515e-01   4.6009624e-01   4.7245508e-01   3.2794393e-01   3.3813529e-02  -2.4578160e-01   2.5922341e-01   7.3121918e-02  -1.0972007e-02   5.0845550e-01  -4.9498822e-01   1.0659684e-01   2.1248837e-01  -2.5387354e-01   3.1606458e-01   4.7345731e-01   1.4989550e-01   4.1957490e-01  -4.8024684e-01   2.0533009e-01  -1.8320256e-01   5.1901421e-01   4.3220918e-01  -2.1010962e-01  -6.6885844e-02  -2.2614645e-01   7.8235823e-02   4.7343292e-01   5.3347119e-01   5.9463793e-01  -1.3711127e-01   2.8303291e-02   1.9319788e-01  -2.0895776e-01   5.1267807e-01   3.7998452e-01   6.6693766e-02   3.9388982e-01   9.8810826e-02   6.8301803e-01  -6.5039512e-02  -6.3479041e-01   5.5788726e-01   3.9984623e-02  -1.4084213e-02   3.8491951e-02   3.7398851e-01   1.9791987e-02   1.1282272e-01   1.4955450e-01   2.6909348e-01  -1.7201377e-01   8.6974185e-02  -2.7270049e-01   2.2771538e-01  -2.4209122e-01   4.1269334e-01  -2.8812401e-01  -3.1707783e-02  -9.6730577e-02  -4.0809582e-01  -5.1270070e-02   1.3422619e-01  -1.4832383e-01   4.7470868e-02  -3.0437199e-02  -1.9657318e-01   4.9825855e-01   4.1949862e-01   5.1169338e-01   1.7195021e-03  -2.6285720e-01   4.3916438e-01   1.7904395e-01   1.9544308e-02   5.3942315e-01   4.3650230e-01  -8.3164332e-02   5.9462966e-01   1.2992647e-02   7.5545274e-02  -4.1618503e-01   4.3132939e-01   4.7345029e-01  -2.1978229e-01  -4.6339439e-01  -2.3197704e-01   3.8894413e-01   6.6692590e-02  -3.7919560e-01   5.5691601e-01  -7.4067757e-02   8.6346414e-02  -9.9058919e-02  -1.5409467e-02  -1.0645365e-02  -5.5031515e-02   1.7374419e-02  -2.8324785e-01   5.3121218e-01  -2.0057584e-01   3.3104722e-01   3.2382763e-01  -7.3674290e-02  -2.2555805e-02   3.0362938e-01   4.5726216e-01  -3.3563268e-02  -4.5109360e-01   3.5619687e-01  -2.8315723e-01  -2.0441887e-01  -3.4494891e-01   5.0818882e-01  -4.2303243e-01   2.5463170e-02   3.1558874e-01  -5.4280823e-01   1.4810082e-01   3.9099532e-01  -2.7589704e-01  -1.0589263e-01   3.2228517e-02   1.9887045e-02   4.3621773e-01  -1.7820438e-01  -1.6431618e-01  -2.8385671e-01   4.5686805e-01   7.0635179e-02  -3.5214555e-02   1.5044891e-01   6.4262763e-01  -2.4810032e-01   5.1347984e-01   6.5872793e-01  -1.6462074e-01   5.2890449e-01   8.3601804e-02  -9.8728386e-02  -2.9159296e-01  -5.3199850e-02  -3.1442962e-01   6.7444193e-01   1.8290283e-02   2.5120271e-01   8.0622333e-03   5.9884439e-01
  -6.7680987e-02   7.0509526e-01  -1.8962664e-01  -3.5554408e-01   2.7472829e-01  -4.1300775e-01   5.6939641e-01  -3.8504372e-01   3.2400300e-01   3.9968466e-01  -3.7575187e-01   0.0000000e+00  -1.4276725e-01  -1.8102413e-02   1.5670447e-01  -4.4733660e-01  -2.6154105e-01  -1.5249503e-01  -5.0707162e-01   3.7696643e-01  -1.9991824e-01  -3.3766270e-01   2.7354747e-01  -1.8860541e-02  -3.6104622e-02  -4.4368572e-01  -1.1379153e-01   1.1103863e-01   6.7520489e-02   4.6317214e-01   4.6343449e-02  -1.1915161e-01  -2.6962868e-01   4.6590885e-01   5.6438365e-01  -3.1620708e-02   6.3492575e-02  -4.1986163e-01  -4.0374601e-01   9.9281552e-02  -5.2602458e-02  -2.0008083e-01   5.6632491e-01  -3.0806627e-01   1.0553703e-01  -4.6003764e-01  -4.0934159e-01   5.8690121e-01  -1.2375933e-01  -9.9548762e-02  -1.6721443e-02  -4.0932000e-01   4.7588299e-01   4.6226961e-01   2.6435486e-01  -6.9358875e-02  -4.2643686e-01  -2.3759746e-01  -2.7175921e-01   5.5588501e-01  -2.2893523e-01  -1.8619414e-01   4.3749584e-01  -3.0570950e-01   1.3457073e-01   6.9048670e-02  -4.2187682e-01   5.9215839e-02  -4.6219430e-01  -3.0908706e-01   6.3068689e-01  -2.0799353e-01  -5.1442633e-02  -7.5290703e-02   1.5424991e-01  -1.4044203e-01  -2.5096115e-01  -2.3360695e-01   4.2744038e-01  -6.0374067e-02   1.9903606e-01  -5.6228603e-02   3.7592516e-01  -4.0987978e-01  -1.4088389e-01  -2.2592740e-01   5.6737979e-01   2.5789208e-01   5.2306964e-01  -1.1971973e-01   2.4336580e-01  -2.3340564e-01   5.9313170e-01   7.3432814e-02  -3.8732746e-01   2.8395829e-01  -1.7858339e-01  -4.0724770e-01  -4.2806043e-02   3.5535110e-01  -8.8561548e-02   4.7173731e-02   8.6393198e-02   2.7892874e-01  -1.2480290e-01  -2.6768785e-01   4.4752792e-01  -4.1925103e-01   9.1481558e-02   1.8551721e-01   6.6402470e-01   2.6052863e-02  -1.0760944e-01  -1.5267328e-01   1.5172015e-01   4.7350534e-01  -2.8240811e-01  -1.2049974e-01  -2.5252303e-01  -2.3344664e-01   2.4243938e-02   1.6327752e-01   4.9672818e-01   1.5930864e-01  -4.4568630e-01   1.5349240e-01   3.4456310e-01   2.9091520e-01  -3.1559296e-01  -3.4261664e-01  -1.9699868e-01   2.2724985e-01  -5.6797293e-02   1.5311720e-01   9.6504187e-02  -2.1536453e-01   2.2587925e-01   3.0040780e-01  -1.4876020e-01   9.3085589e-03  -5.7953539e-02  -6.9238044e-02  -2.0669203e-01  -1.1906402e-01   4.1732876e-01  -4.3543208e-02   7.6431531e-01  -2.4895067e-01  -1.6784299e-01   2.3191739e-01  -1.3739045e-01  -8.5342176e-02   1.6329577e-01   8.0408883e-02   1.3534730e-01  -1.3033645e-01   1.0894476e-01  -1.9222211e-01  -1.2990669e-01   2.3403923e-01   1.8378575e-01  -3.3489690e-01   2.1039738e-02  -1.8435078e-01  -4.2836993e-01   5.4260193e-01   1.5659728e-01   1.6728040e-02   1.2151728e-01   5.2212976e-01   5.7564672e-01  -1.1087077e-01  -2.1684058e-01  -9.7715655e-02  -1.4071066e-01  -9.0808716e-03  -3.4835217e-01
  -9.5656976e-02  -1.0982629e-01  -1.6079969e-01   8.1638067e-02   7.8439062e-02  -1.2198833e-01   2.5203418e-01   3.3281922e-03  -1.0383991e-01   1.7586121e-01  -1.0381936e-01  -1.4276725e-01   0.0000000e+00  -9.0121538e-02  -1.2098318e-01   1.5707215e-01  -8.4479019e-02   2.0104570e-01  -5.8824246e-02   2.8531290e-01   1.0339265e-01   8.2196112e-02   2.8689877e-01  -1.4678633e-01   1.5889890e-01  -2.1917038e-01   2.1289953e-01  -1.9391510e-02  -1.1199782e-01  -2.4843123e-01  -2.6995962e-01  -6.9725754e-02  -1.6109901e-01   1.1432479e-01   1.3041397e-01   4.6567515e-01   2.4905692e-01  -1.7203604e-01   2.1962855e-01   1.6752063e-01   6.9968890e-01   4.3198771e-02  -1.7116686e-01  -2.6011228e-01  -2.6875520e-02  -1.2010124e-01   2.5717884e-01   7.6746036e-02   1.5780811e-01  -2.6064717e-01   3.0115745e-01  -1.2155647e-01  -3.0488331e-01  -2.0405813e-01  -3.1594069e-02  -2.4507286e-01  -1.8610903e-01  -1.0462710e-01   2.0710425e-01  -1.1006962e-01  -2.5278275e-01   3.5461695e-01  -1.2389962e-01  -2.4913400e-01   6.0908767e-02   1.4775289e-01  -5.5681810e-02  -1.9242607e-01  -2.5962423e-01  -4.2573330e-03  -1.1361875e-01   3.2814025e-02   5.5787524e-01   1.8498559e-02  -1.2434213e-01  -4.4371527e-01  -2.7901947e-01  -4.6661038e-02  -2.0286914e-01   2.8846548e-01   1.2006858e-01   5.4312724e-01  -5.0093215e-02  -8.5977694e-02  -1.6306293e-01  -2.7089788e-01  -6.4957061e-02  -2.0466310e-01  -3.8428756e-01   1.1317301e-01   1.6968869e-02  -2.4866404e-01   1.4428020e-01   1.9746362e-01  -2.7511853e-01   6.1903134e-02   2.4581615e-01  -1.5306539e-01   2.9193676e-01   2.2678625e-01  -1.3982884e-01  -1.7812827e-01   9.9115113e-02  -2.1710058e-01   1.1078083e-01  -6.7229696e-02  -2.2363500e-01  -2.0096665e-01   2.4045631e-01   1.6895361e-01   7.9898737e-02   2.5552248e-01   4.4452982e-02   3.0146197e-02  -3.5311236e-03  -2.4583401e-01  -1.9748028e-01   6.0206136e-01   1.5691067e-01  -3.3395175e-02  -3.7897024e-01   2.8199647e-01  -5.7089847e-02   9.9750331e-02  -9.9171374e-02  -1.0986483e-01  -6.4126016e-02   1.3996849e-01   2.3237364e-02   1.4421728e-01   3.2221726e-01  -3.1626381e-02  -1.4419339e-02  -4.8516213e-02  -7.8424277e-02  -3.9908835e-01   7.2185374e-02  -5.5265886e-02  -3.4676893e-01  -2.1721445e-01  -3.0860254e-01   3.2116257e-01  -2.3896359e-01   8.3037254e-02   3.3649530e-02  -7.0848874e-02   5.9878555e-02   1.5825736e-01   2.1317816e-01   1.6266623e-02  -1.8149339e-01   4.4643868e-04  -4.6106803e-01  -1.7242781e-01  -2.3359117e-01  -3.1658057e-01  -3.7586174e-01   3.8651059e-01  -3.5391403e-01   6.7984901e-02  -2.2800763e-01  -2.8916055e-01   1.7121193e-01   1.9736350e-01  -8.8737835e-02  -2.8371107e-02  -1.9817106e-01  -2.6130612e-01  -4.7557559e-01  -1.7127746e-01  -9.3109620e-02   1.0873719e-01   1.9210734e-01  -3.7636575e-01  -7.0396065e-02  -7.4277376e-02  -7.4221877e-02
   4.2748036e-01   2.5623992e-01   4.9307620e-02  -1.6801946e-01   6.2753567e-02  -1.3625093e-01  -9.7968123e-02  -1.3906477e-01   3.4932305e-01  -3.9825081e-02  -1.9397370e-01  -1.8102413e-02  -9.0121538e-02   0.0000000e+00  -1.5031280e-02  -3.3849914e-01  -5.2451885e-02  -1.7608471e-01   2.1185768e-01  -4.9016763e-02  -1.2671754e-01   1.3935111e-01  -1.0506041e-01   4.3388337e-01   7.1565357e-02   9.7543889e-02  -2.5417245e-01   1.6387401e-01   2.3067035e-01   1.3344829e-01   1.1385850e-01  -7.9489070e-02  -3.3266121e-01  -2.7595095e-01   6.6439034e-02  -4.5200191e-01  -1.8877262e-01  -2.5433224e-01  -3.4439725e-01  -1.9805802e-01  -1.6698539e-01  -1.5918386e-01   2.5070493e-01  -2.6962956e-02  -3.1236818e-01  -8.9128607e-02  -3.3185326e-01   2.0336449e-02  -2.3737052e-01  -1.0119854e-01  -2.4463756e-01  -9.4116707e-02   7.7615365e-02   1.6570973e-01   1.4033495e-01   2.1611645e-01  -7.9138770e-02   4.6702729e-02  -1.8113142e-01   1.2800765e-01   1.6038269e-01  -2.3681193e-01   3.7073814e-01   3.4507891e-02   1.0205641e-01   6.1578283e-02  -1.0649649e-01   1.2642396e-01  -1.6026130e-01   7.8598119e-03   2.8492337e-02  -1.5858977e-01  -3.1277369e-02   3.0253523e-01   1.5351038e-01  -2.2554341e-02   3.4172869e-02   8.7741221e-02  -5.2314992e-02   1.7386705e-02   7.3653103e-02  -8.9706738e-03  -3.6570388e-02  -2.5862104e-03   1.9550111e-01  -3.3957101e-02   1.7947800e-01   1.5917774e-01   2.1542315e-01   1.4155734e-01   9.1512252e-02   8.2082132e-02  -1.5822354e-01   3.3162262e-01  -2.1877174e-01   2.5140368e-01  -5.7038466e-02   2.4209563e-03  -3.4215958e-01  -1.2773356e-01   1.4072513e-01  -1.1282691e-01  -2.9593418e-02   2.4089630e-01  -7.7774644e-02  -7.7254294e-02  -2.6141609e-02  -9.6157678e-02  -1.1204116e-01  -2.1944652e-01  -8.7081065e-03  -3.3251565e-02   2.5445412e-02   1.4675386e-02   1.6051102e-01   1.7512647e-01  -5.1162922e-02   2.5417053e-02  -1.1847370e-01  -1.0396670e-01   3.1683924e-01  -2.3373790e-01   2.6923567e-01   2.8987268e-03  -8.4585783e-02   6.9392144e-01  -1.1027093e-01   5.5141268e-02   2.4320228e-02  -1.8031990e-01  -2.2111506e-01  -3.0111374e-01   3.9295205e-01  -1.8702080e-02   1.1166857e-01  -3.5199639e-02  -7.6572992e-02   1.0055759e-01   2.8427693e-02   1.2850847e-01   1.2362599e-01  -4.2212129e-02  -1.3054171e-01  -2.0712173e-01  -7.3739849e-02  -4.2178476e-02   9.3936643e-03   1.1878526e-01  -1.5414661e-01   1.1371892e-01   3.2239166e-01   3.3163024e-03   2.5641605e-02  -1.0126288e-01  -1.6678648e-01   9.5500656e-02   2.4890672e-01  -8.9087209e-02   6.5881308e-02   5.9080874e-02   1.2921872e-01  -2.1274685e-02   1.0577321e-01  -1.4402048e-01  -1.1066860e-01  -2.4129890e-02  -2.7828885e-01   1.0625569e-01   1.3385969e-01   7.2697891e-02   1.5608337e-01  -2.8038876e-02  -1.8251095e-01  -9.7355559e-02   9.6635690e-02  -3.6365201e-02  -1.3045058e-03
