   0.0000000e+00  -4.7492292e-01  -1.9842325e-01   1.7327956e-02  -3.6471586e-01  -7.2829270e-02  -3.7047085e-01  -4.5752874e-02  -2.9866692e-01  -4.0674352e-01  -1.6705585e-01  -3.3011021e-01  -3.3447732e-01   4.2617642e-01  -9.6251027e-02   1.6534854e-02  -2.3080805e-01  -2.5979043e-01  -2.0728184e-01  -4.5616536e-01   1.1080196e-01   2.1908201e-01  -4.1670275e-01   7.2751244e-01  -1.2353988e-01  -3.4898742e-01  -2.8984195e-01   2.3579920e-01  -1.2230658e-01  -5.2467399e-02   2.1268086e-01  -7.0963688e-02  -6.7264367e-02  -4.5417846e-01  -2.5151324e-01  -4.1778315e-01  -1.7661834e-01   7.0285757e-01   6.2926473e-02  -3.7542324e-01  -3.1908192e-01  -6.3052691e-02  -3.7392740e-01   5.1579509e-02  -1.1724713e-01   6.2878012e-01  -6.5806498e-02  -2.3602444e-01   1.5313232e-01  -1.8729342e-01  -2.6000936e-01   6.6991050e-02  -4.0610843e-01   5.3892228e-02   2.0643236e-01  -6.4622242e-02  -7.7815609e-02   4.1023245e-02  -6.2893289e-02  -7.8606894e-02   6.0043435e-01  -3.6082752e-01  -2.0089833e-01   3.0284427e-01  -2.7738414e-02  -5.2900031e-01  -2.3349693e-01  -1.0212206e-01   8.3752016e-02   6.6219541e-02  -4.1653768e-01   2.1510933e-02  -2.7397967e-01   3.8359043e-01  -2.0714165e-01   5.4457422e-02   5.2659956e-01   1.5623850e-01  -3.9482078e-01  -2.7215442e-01  -2.2891677e-01  -2.1241829e-01  -3.6755741e-01  -2.4967504e-01   4.1931266e-01  -1.3516040e-01   7.5972808e-02   3.3165170e-01  -4.0980275e-01   8.6942650e-01  -2.7415454e-01   4.7091233e-01  -4.2570531e-01  -1.7790325e-01   6.9647062e-01  -4.1419478e-01  -2.3502151e-01  -1.6237128e-01  -2.3690977e-01  -5.0212870e-01  -8.7317426e-02  -2.3507115e-01   2.7024878e-01  -2.8369802e-01   1.3442004e-01  -2.3307872e-01   1.9834675e-01  -2.3234611e-01  -2.2005207e-01   4.7307246e-02  -3.7342977e-01   2.2902250e-01  -1.6111651e-01   8.5957032e-01  -3.0002414e-01  -2.1606155e-01   2.9292883e-01  -4.8623653e-01   3.6644883e-01   8.6712959e-02   6.4929977e-01  -2.8881485e-01  -3.6950389e-01  -2.6298323e-01   8.0694755e-01   3.2629426e-01  -4.0573758e-01  -5.6860698e-02   4.3463362e-02  -1.8512200e-01  -2.6251087e-01  -4.2999284e-01   3.3813677e-01  -1.5414968e-02  -1.0103773e-02   1.5803701e-01  -3.3765800e-01   4.0186932e-01   3.7760861e-01   6.9091066e-01   8.2989300e-01  -3.0566629e-01   1.5430343e-01   9.4004969e-02  -2.4361957e-01  -1.2467904e-01  -6.4393397e-01  -4.7516534e-01  -1.4939490e-01  -2.4955567e-02  -6.2150754e-02   9.8884065e-02   7.7581207e-01  -7.1636499e-02  -2.8615367e-01   5.9200429e-01   6.5902488e-01  -1.1269705e-01   4.4844405e-01   5.3555285e-02  -2.1426848e-01   1.7313613e-01  -3.6627080e-01   8.1045194e-02  -1.5395203e-01  -2.4585175e-01  -3.3040627e-01   2.8432793e-01   8.1993759e-01  -3.0922975e-01  -4.4494360e-01   6.8605652e-01  -5.7623820e-02   6.9948786e-02  -4.2504732e-01  -5.0270106e-02   1.8245682e-03
  -4.7492292e-01   0.0000000e+00   3.9614011e-01  -3.0320065e-01   4.6101057e-01  -2.4007768e-01  -2.6123720e-01  -4.1783804e-02   4.3234315e-01   2.6668561e-01  -1.1472669e-01   4.7810002e-01  -2.3542296e-02  -3.4454146e-01  -3.4371870e-01  -1.9421011e-01   5.2036265e-01  -9.4622185e-02   8.4083975e-02   3.7318261e-01  -1.3015642e-01  -3.5688865e-01  -1.7464765e-01  -3.7024572e-01   2.3636901e-01   1.5253642e-01   2.7929287e-01  -4.8707386e-01   8.4567386e-02   1.6257805e-01  -1.8214856e-01  -3.4995352e-02  -8.0625072e-02   2.6535725e-02   3.3327993e-01   6.6860521e-02   1.3789876e-01  -5.1553554e-01  -1.3740776e-01   5.4816447e-01  -1.0009250e-01  -2.2643946e-01   3.9661702e-01  -1.5347162e-01  -2.6036018e-02  -3.8567795e-01  -3.8531149e-01   1.7304291e-01   3.1368088e-02   5.2240238e-01  -2.0441674e-01  -1.0531355e-01   6.2123349e-01   1.7073070e-01   1.2274095e-02  -1.8593863e-01  -8.6027504e-02  -1.7104572e-01  -1.8802089e-01   1.9190686e-01  -4.0769870e-01   1.2659685e-01   5.0767854e-01  -8.0215312e-02   3.1855890e-01   2.3992320e-01   6.6031419e-02   1.6592853e-01  -4.6113341e-01  -2.9437609e-01   7.7918921e-01  -4.2681230e-01  -3.5327967e-02  -1.0685501e-01   3.1387936e-01  -2.3197723e-01  -3.9400057e-01  -2.2157569e-01   7.2199376e-01  -1.8166489e-03  -3.3355350e-01  -1.0713969e-01   5.7993445e-01   9.8332744e-02   5.1631720e-02  -1.2650760e-01   2.0507800e-01  -2.8427359e-01   5.6722040e-01  -5.0070367e-01   7.8622175e-01  -2.1057814e-01   3.0109704e-01   1.5082923e-01  -5.7584429e-01   4.8122911e-01   7.5502299e-02  -6.0600303e-02   1.9380714e-01  -1.5994664e-01   3.0863630e-01  -7.7536662e-02  -3.9425818e-01   5.9097136e-01  -3.5820217e-01   8.0498641e-02   1.0654361e-02  -1.6066717e-01   1.6755346e-01  -4.2777010e-01   4.1090030e-01  -4.5360605e-01   8.2949832e-02  -5.3206219e-01   9.7812653e-02   6.0508592e-01  -4.6782381e-01   7.5587562e-02  -3.8659243e-01  -3.9607931e-01  -4.1671106e-01   6.1103947e-01   4.9828076e-01   5.5776221e-01  -4.3890616e-01  -2.9285143e-01   2.5815920e-01   2.9879554e-02  -2.4943308e-01   3.2120876e-01  -1.1855465e-01   2.1028257e-01   1.9317153e-01   5.5857461e-02   1.2835778e-01  -2.4655627e-01  -4.9679430e-02  -2.3022638e-01  -3.1671727e-01  -6.1963344e-01  -4.1815474e-01   1.2211300e-01  -3.3003586e-01  -3.7882038e-01   5.9111230e-02  -7.1598151e-02   4.2652828e-01   2.1602402e-01  -3.4959421e-01  -7.6380622e-02   4.6974324e-02  -2.5928056e-01  -3.5693801e-01   2.0021486e-01   5.8757376e-01  -2.2992360e-01  -5.3067121e-01  -4.8220049e-02  -2.2547054e-01  -4.5635664e-01   5.6272862e-01  -3.3682099e-01   4.1590511e-01  -2.2642175e-01   8.6186632e-03   3.7384630e-01   1.4446333e-02  -2.7074005e-01  -4.6515019e-01   4.7927190e-01   5.0538261e-01  -5.1620088e-01  -9.5101893e-02  -2.0521706e-01   4.3989116e-01   8.8087358e-02  -7.7789519e-02
  -1.9842325e-01   3.9614011e-01   0.0000000e+00  -2.9431656e-01   3.8431392e-01   1.7228594e-01  -1.0974789e-02  -2.1425626e-01   2.0027646e-01   1.2541233e-01  -2.3243231e-01   6.0061218e-01   9.8762607e-02  -7.7820720e-02  -5.7277721e-02   3.3826398e-01   7.9723496e-01  -1.2917163e-02   1.8285500e-01   2.6219806e-01  -2.5847720e-01  -2.0650638e-01  -5.0574380e-02  -7.3260092e-02   1.7581020e-01   1.3460355e-02   1.6741104e-01  -1.5260593e-01   2.4037725e-02  -1.7137357e-01  -1.7312584e-01   2.0378962e-01   2.7493733e-01   8.3811753e-02   1.5429824e-01   9.4880246e-02  -5.7473038e-02  -3.5036700e-01   2.0101745e-01   5.8358508e-01   3.8830091e-02   1.2109906e-01   3.4682266e-01  -3.9449259e-01  -2.7845137e-01  -2.1836062e-01  -1.6916646e-01  -1.4937921e-02  -1.4399411e-01   7.7516378e-01   1.0311884e-01  -2.3525172e-01   1.0237239e-01   4.3738522e-01   1.8229869e-01   1.9260132e-01  -1.1639327e-01  -6.2129796e-02   1.4080443e-01   1.3219221e-01  -4.6538908e-02  -3.7410048e-02   3.9870884e-01  -2.1935300e-01  -2.4108655e-01   3.0297634e-01   6.6109313e-02  -1.0528059e-01  -3.4593752e-01   2.9000551e-01   5.4401790e-01  -3.7154009e-01  -1.7087404e-03   3.5993736e-01   3.5024161e-01  -6.6654296e-02  -1.6391043e-01  -1.5558968e-01   3.7670450e-01   9.8262391e-02  -8.9421293e-02  -1.2136169e-01   2.4478582e-01  -2.3651479e-02   2.4155716e-01   1.5587938e-02  -8.7710633e-02   1.3141612e-01   1.3170418e-01  -1.7115282e-01   3.6921116e-01   3.0230929e-01   2.9126471e-01   2.1105219e-01  -3.6606759e-01   4.8440227e-01   2.1519061e-01  -2.1263443e-01   4.6628600e-02  -7.9179008e-02   4.0941267e-01   9.4646369e-02  -2.6990250e-01   3.3125581e-01  -2.7336329e-01   2.1383843e-01   3.6423368e-01  -1.7210076e-01   1.8662640e-01  -1.1315043e-01   4.8086954e-01  -2.6484969e-01  -1.0274248e-01  -3.1044848e-01   4.8913025e-01   3.3109734e-02  -1.2906085e-01   6.6503560e-02  -2.3439128e-02  -2.1401620e-01  -2.3009077e-01   5.3904486e-01   4.3688036e-01   1.0335497e-02  -3.0144098e-01   1.1873506e-01   1.4285974e-01   3.2862941e-02  -1.0916648e-01   5.7150403e-01   6.9049703e-02   2.6534518e-02   2.4173418e-01  -5.3139786e-02   2.6197281e-02  -1.7048123e-01  -3.7509651e-02  -9.2568410e-02  -1.0413833e-01  -3.5306758e-01  -5.8132402e-02   1.0462226e-01  -2.3257068e-01   4.2905076e-02   7.6324747e-02  -7.4030233e-02   4.7369467e-01  -3.6840878e-02  -1.7260600e-01  -2.7618470e-01   4.8560945e-01  -1.3360841e-01  -2.9795664e-02  -6.7509016e-02   7.3124215e-01  -1.8932218e-01  -2.3876593e-01   2.0896422e-01   1.4544915e-01  -1.8436921e-01   3.0206416e-01  -3.7264078e-01   2.1519012e-01  -2.2276420e-01   1.6204994e-01   9.2627123e-02  -2.1791568e-01  -1.3254644e-01  -1.6295948e-01   2.8009738e-01   2.2938807e-01  -3.1428245e-01  -3.4657354e-01   1.4430822e-01   4.2816238e-01  -2.2106882e-01   1.1879276e-01
   1.7327956e-02  -3.0320065e-01  -2.9431656e-01   0.0000000e+00  -7.2955777e-02  -2.1095413e-02   9.7583670e-02   3.9555808e-01   2.0515559e-01  -4.2124967e-02   2.4651976e-01  -3.4758322e-01   1.0233024e-01  -1.9865746e-01  -6.1016250e-02  -1.9051579e-02  -2.0625778e-01   1.0228501e-01   7.8422746e-04   2.1315431e-02  -1.0606967e-01   4.5121739e-01   9.8605662e-02  -6.8615699e-02   7.6212233e-02   3.5163915e-01   1.1422320e-01   5.3268695e-04  -6.0309557e-02   3.7402694e-02  -1.0145272e-01   3.5536747e-01   5.7866344e-02  -1.4706209e-02  -2.0201675e-01   1.1044016e-01  -1.3497902e-01   2.0285414e-01  -3.1486202e-02  -2.5749859e-01   2.5870532e-01   2.8089994e-01   6.5410955e-02   1.1570632e-01   1.8484987e-01   1.4098916e-01   4.3176528e-01  -3.1206877e-01   4.6615169e-02  -2.7507235e-01   2.3989229e-01   4.9173404e-01  -2.8658103e-01  -4.6053031e-01  -3.1366965e-01  -2.2976365e-01   1.1073395e-01   4.4442526e-01   4.4141484e-01   8.6816361e-02   8.6446035e-02   3.4589891e-01   6.4060290e-02  -1.4921577e-01  -5.1537841e-02  -1.6022901e-01   1.0886859e-01  -5.3155497e-02   5.6837500e-01   1.0360876e-01  -3.6201792e-01   6.8728119e-01  -8.6689514e-02  -3.4909576e-01  -1.8434020e-01   5.7640444e-01   1.7387769e-01   3.1855294e-01  -2.2653974e-01  -2.3687378e-02   6.7021567e-02  -9.3925279e-02  -2.8366768e-01   2.6328410e-01  -4.9549256e-01   5.5695931e-01  -1.4019856e-01   3.2454754e-02  -2.6570385e-01  -1.0679349e-01  -2.5126285e-01  -8.7279267e-02  -5.4146253e-02   3.8173737e-01   2.3901899e-01  -1.3686316e-01   3.2944152e-01   2.8205985e-01   2.1616181e-01   8.8470743e-02  -3.9492736e-01  -1.7238754e-01   2.1886649e-01  -8.4907317e-02   4.3669590e-01   3.4827735e-01  -2.4960494e-01   4.1569849e-01  -4.5199072e-03   2.9155825e-01  -2.7618744e-01   3.1910703e-01   3.9924096e-01   1.1488474e-01  -3.7138512e-01  -1.6744011e-01   2.6575768e-01  -6.2154103e-02  -2.7815789e-01   7.4411455e-01   8.4644529e-02  -1.6661393e-01  -2.5893604e-01  -3.5249263e-01  -1.4429745e-02  -6.1896117e-02  -3.9814929e-01  -1.7571164e-01   5.9995512e-01  -3.3663810e-01  -7.0207814e-02  -2.2812745e-01  -1.8383303e-01  -2.3040611e-01   3.1470024e-01   5.8323921e-01  -2.7717647e-02  -2.6120655e-01   4.2741517e-01   2.3692007e-01   2.1644813e-02   1.7667095e-01   5.2727890e-01  -2.2022756e-01  -1.0603501e-01   2.6942110e-01  -1.9263498e-01  -1.8030272e-02   3.4188863e-01  -2.6252852e-01  -4.7922130e-01   4.5866694e-02  -1.1671420e-01  -2.1646890e-01  -3.3404370e-01   6.0834901e-02   2.2625770e-01   4.0346302e-01  -4.3590462e-02   3.7839392e-01  -3.8878839e-02   3.8920594e-01  -3.0671830e-01   5.0491837e-01   3.9133152e-01  -1.6977250e-01   1.5529613e-01   3.2387655e-02  -9.6285899e-03  -6.6936295e-02  -2.1635343e-01   3.0373478e-01   4.7310817e-01  -1.4509111e-01  -2.3822458e-01   6.4262807e-02   4.7163493e-01
  -3.6471586e-01   4.6101057e-01   3.8431392e-01  -7.2955777e-02   0.0000000e+00   1.3867473e-01  -1.3219434e-01   1.3782021e-01   6.0049941e-01  -9.4240512e-02   4.7238445e-01   2.5379067e-01   3.9557649e-01  -3.5368902e-01  -3.3461442e-02   1.5965877e-01   5.3798747e-01   1.1086466e-01   3.6243432e-01   8.7444077e-01  -2.7012869e-01  -3.2287002e-01   2.4482236e-02  -2.6635271e-01   2.8759410e-01   3.2595611e-01   6.0310494e-01  -1.9345206e-01   1.0504426e-01   8.7164708e-03  -3.2737049e-01   1.8249182e-01   3.5170028e-01   1.0170315e-01   8.4510553e-02   7.1708224e-01  -1.9058829e-01  -3.7770565e-01   1.8680518e-01   3.3196263e-01   4.0326054e-01   2.6982171e-01   5.1418233e-01   1.3828894e-01   1.6255564e-01  -1.6383961e-01   2.7876673e-01  -2.6772926e-01   4.7404976e-02   3.0363324e-01   2.5912349e-01   4.2999553e-02   6.8700198e-02   1.7345446e-01   2.7742682e-02   1.1183391e-02   1.1340094e-01  -6.9203947e-03   2.9899924e-01   3.1596643e-01  -1.9510521e-01   4.8785496e-01   4.0671091e-01  -2.0877800e-01   2.1844727e-01   1.9187482e-01   3.0257348e-01  -4.5184184e-02  -3.2645059e-02   1.0448259e-01   4.1309782e-01  -5.9107360e-02   2.1846553e-01  -9.0410108e-02   1.2770975e-01  -5.5399125e-02  -1.6607646e-01  -7.9212337e-02   7.3616793e-01  -8.3222109e-02  -6.7994391e-02   1.5655969e-01   2.6598174e-01   3.2482470e-01  -1.1657699e-01   6.7282098e-02   6.5911129e-03  -2.0051018e-01   2.2993019e-01  -3.2164541e-01   6.5665300e-01  -3.3969763e-02   6.0740527e-01   4.3675152e-01  -3.7825726e-01   6.1739122e-01   3.3528990e-01   1.7568114e-01   5.2429554e-01   1.6538879e-01   1.3189139e-01   1.0494751e-01  -3.8082442e-01   4.5685814e-01  -4.9228227e-02   2.0710017e-01   1.7850651e-01   1.4538500e-01   1.2135293e-01  -1.6383594e-01   1.4425946e-01  -2.8968038e-01   1.1277794e-01  -4.4914733e-01   6.8978070e-02   4.9332361e-01  -2.4475194e-01   4.2728682e-01  -3.2057353e-01  -1.3184646e-01  -2.4176324e-01   7.7208820e-01   3.1778000e-01   2.7519844e-01  -3.4023770e-01  -2.5320345e-01   2.2591023e-01   7.3347574e-02  -2.9704025e-02   1.6120187e-01   3.9202186e-01   2.2624583e-01   3.8035169e-02  -2.5017880e-01   3.8043925e-01  -3.9078703e-02   1.8262785e-02  -3.8334811e-01  -6.8296600e-02  -4.7990571e-01  -3.6312338e-01   2.4570343e-01  -1.1569093e-01  -2.2399702e-01   1.7826188e-02  -4.9599341e-02   2.8645897e-01   4.2945408e-01   6.8956236e-02  -4.8959866e-02   1.2260975e-01  -3.4943532e-01  -2.6159312e-01   1.8858936e-01   2.9162853e-01  -2.0408083e-01  -3.3025633e-01   3.0051912e-01  -2.3791957e-02  -2.7381046e-01   4.4548241e-01  -1.9438089e-01   6.6606521e-03   6.5343212e-02   2.5638027e-01   2.5743986e-01   1.6607707e-01  -9.5090416e-02  -3.6354278e-01   6.1051171e-01   5.7398554e-01  -4.0169014e-01   1.0927320e-01   2.4020709e-02   3.7183571e-01   5.2340315e-02   2.9785398e-01
  -7.2829270e-02  -2.4007768e-01   1.7228594e-01  -2.1095413e-02   1.3867473e-01   0.0000000e+00   3.1033938e-01   1.5487539e-01  -1.1594285e-01  -2.6837665e-01   1.9521444e-01   1.2309188e-01   3.8762938e-01   3.5246397e-01   1.8838456e-01   2.9901161e-01  -4.6705734e-02   1.3389797e-01   2.0415756e-01   2.2368727e-01  -1.8970739e-01   6.8233451e-02  -2.3730942e-02   2.1514566e-02  -1.2725688e-02  -5.7188504e-02   1.0312265e-01   2.1645993e-01   5.7728442e-02   2.0551257e-01  -1.4702079e-02   8.5460196e-02   3.5035012e-01   2.1891551e-01  -1.0981815e-01   2.7478094e-01  -2.1475876e-01  -1.8275732e-01   3.2455827e-01  -1.1410894e-02   4.2306911e-01   1.6145319e-01   5.7972512e-02   2.9455672e-01   4.7488552e-02  -1.9764664e-01   3.7113764e-01   1.9598258e-02  -5.7279035e-02  -3.7654387e-02   2.7114985e-01   4.1272367e-02  -7.2124562e-02   1.9647479e-01   1.9250520e-01   4.1399826e-01   3.9816767e-01   1.0181428e-01   3.8459267e-01   2.3081064e-01  -3.7938092e-02   6.9448898e-02  -1.2151742e-01  -4.8361946e-02   3.6457690e-02  -5.9813798e-02   5.1851404e-01  -1.8029020e-01   3.8655199e-01   7.2697794e-02  -2.5287340e-01   2.3017251e-01   1.6774307e-01   4.6662386e-01  -3.2789278e-02  -2.7581776e-02  -2.0403310e-01   8.1605605e-02  -7.2336756e-02   3.4376943e-01   1.3083340e-01   1.4623604e-01  -4.2613323e-02   2.8182668e-01   1.7395084e-01   2.3152443e-02  -7.7742646e-02   1.6019715e-01  -1.8190215e-02   7.9458985e-02  -1.6558378e-01   4.3042787e-02   1.8361119e-01   1.8305477e-01  -1.6948265e-01  -3.7702647e-02   2.9748590e-01   2.0826361e-01   2.6527333e-01   5.7102441e-02  -1.1650032e-01   2.9382554e-01   2.8348793e-01  -2.3038555e-02   1.9380868e-01  -2.3752411e-02   1.7641394e-01   4.1537588e-01  -1.9390979e-01   3.4069955e-01   3.5915105e-02   4.4278072e-01   4.8117753e-02  -9.7106100e-02   6.4742722e-02  -1.5134221e-01   2.5196032e-01   1.5054078e-01   1.7103779e-01   8.7326664e-02  -1.7225377e-01  -3.2411424e-02   1.4248320e-01  -1.6139337e-01  -1.2524021e-01   3.4504017e-01   8.9001874e-02   3.2748216e-02   4.8819450e-03  -8.1451635e-02   3.3515236e-01  -8.2767498e-02   2.6780177e-01  -2.6301949e-01   3.5574677e-02  -3.5259310e-02   1.3276885e-01   2.0204091e-02  -5.8612611e-02  -1.0726188e-01   3.7125683e-02   7.5554496e-02   1.6816937e-01   3.4535029e-01   1.5304309e-02   1.0368843e-01  -6.8645722e-02  -5.2707444e-02   1.5607124e-01   7.5052276e-02   1.7011431e-01   8.9743928e-02  -5.5543500e-02   2.1799063e-02   1.2010925e-01  -1.7427918e-01  -2.3377689e-01   3.2792715e-01  -3.7022654e-02   2.7716658e-01  -5.7976938e-02   2.0577146e-02  -2.7390334e-01   6.3719405e-02   2.4755850e-01   2.8056341e-02  -6.4682863e-02   3.8267611e-01  -2.1955528e-02   6.2458038e-02  -7.5680766e-02  -1.8733413e-01   1.4650626e-01   6.5772394e-01  -1.5322999e-01  -7.7031925e-02   2.7565718e-01
  -3.7047085e-01  -2.6123720e-01  -1.0974789e-02   9.7583670e-02  -1.3219434e-01   3.1033938e-01   0.0000000e+00   8.1439814e-02  -1.5705005e-01   4.0610817e-01   1.2838856e-01   3.0886374e-01   1.6504417e-01   5.0041488e-02   3.4505647e-01   2.0933527e-01  -2.7106138e-01   1.6506172e-01  -6.6924751e-02   1.0944052e-01  -1.0505196e-01   7.3960872e-02   5.2603558e-01  -4.1020192e-01  -1.8600092e-01  -7.1991054e-02  -2.7531869e-02   2.7558184e-01  -1.7914403e-01   8.1012118e-02  -1.5093717e-01  -1.9329432e-01   1.9807106e-02   7.3109274e-01   2.1318373e-01   2.4142220e-01  -5.9208286e-02  -2.5255604e-01  -5.3036886e-02  -6.9520979e-02   2.6787447e-01   8.0332385e-02   1.5068876e-01   6.2676275e-02   2.6788880e-01  -3.3592063e-01   2.2650655e-01   2.7064608e-01  -2.6538740e-01  -1.4110418e-01   2.9013199e-01  -8.9784685e-02   7.8289801e-02  -2.6953896e-01  -2.2027952e-01   5.1279838e-01   2.8843488e-02  -1.1163867e-01   4.4490286e-02   1.6167488e-01  -2.7816355e-01   2.5526147e-01  -2.0431311e-01  -2.5527276e-01  -2.3594477e-01   5.3625745e-01   6.5921881e-03  -1.0088381e-01   2.0304631e-01   3.6151286e-01  -2.2622361e-01   1.7551494e-01   4.7289225e-01  -3.5540102e-02   4.7833934e-02   8.2875532e-03  -2.0062446e-01   2.0039144e-01  -1.7724834e-01   3.7573959e-01   3.7778483e-01   4.3990991e-01  -9.3630595e-02   1.3500933e-01  -3.5156243e-01   8.0988322e-02  -1.6863923e-01  -9.5770856e-02   1.0639423e-01  -2.4401784e-01  -3.9051345e-01  -3.0447487e-01   2.8162018e-01   1.6625698e-01  -2.1521680e-01  -1.7860020e-01   2.4158864e-01   4.1561355e-02   1.3404644e-01   6.1822369e-01  -2.7526411e-01   5.3135943e-01   1.1924861e-01  -1.8227589e-01   1.3032893e-01  -1.3450315e-01  -2.4477556e-01   2.4608155e-01   1.3214881e-02   3.2546552e-01   2.7619469e-01   3.0431573e-01   2.0644522e-01  -2.6044121e-01   2.8451560e-01  -2.6965025e-01   2.2974856e-01   3.4855487e-01   9.7496751e-03   1.4895289e-01  -2.0455498e-01  -2.1081262e-01   3.2359060e-02  -1.6271041e-01  -2.6919041e-01   3.2882858e-01   2.6660089e-01  -2.0912383e-01   4.7832211e-02   3.7991901e-02   2.4036101e-01   2.6997203e-01  -1.2217945e-01  -1.7014315e-01  -1.9162666e-01  -1.3013803e-01   1.7277933e-01  -1.5391246e-01  -1.9874565e-01  -1.1613203e-01  -2.8701638e-01  -1.3473384e-02   1.4421006e-01   2.8580782e-01   3.1026061e-01  -1.6339200e-03   3.8867836e-01   1.8643441e-01   5.2355483e-01  -9.7276411e-02   1.0025859e-01   5.0533657e-02  -3.9255738e-01  -1.1697980e-01  -6.4605758e-02  -2.6641331e-01  -2.7449847e-01   9.5657496e-02  -3.2885902e-01   3.6551412e-01  -2.0467045e-01   1.9999768e-02   4.5744407e-02  -9.4406212e-02  -9.9788814e-02   2.7837377e-01   3.4987328e-01  -8.4862248e-02  -3.1716895e-01  -7.7007056e-02   1.4898159e-01  -2.0965544e-01   1.1102741e-01   1.4933880e-01  -2.2173648e-02  -4.7370265e-02  -6.8761127e-02
  -4.5752874e-02  -4.1783804e-02  -2.1425626e-01   3.9555808e-01   1.3782021e-01   1.5487539e-01   8.1439814e-02   0.0000000e+00   2.7024653e-01   1.4035621e-02   2.2045927e-01  -6.9654339e-02   2.5370425e-02  -1.2124002e-01  -1.6214002e-01  -1.7885551e-01  -1.8494408e-01   1.9852637e-02   2.3141968e-01   1.6028300e-01  -2.1202782e-01   3.8991345e-01  -9.6787142e-02  -8.7656491e-02   1.1391890e-01   4.5911183e-01  -2.3662655e-02   4.1794812e-02   2.9243348e-01   1.8580799e-01  -9.0679966e-02   2.6842483e-01   1.0149343e-01   2.0262751e-02  -9.3580643e-02   1.8643335e-01  -2.5238952e-01   7.3435317e-02  -9.9838705e-03  -1.3050700e-01   2.2151368e-01   2.0091401e-01   1.4169263e-01   3.3648309e-01   4.1863699e-02   4.3112284e-02   2.8789456e-01  -2.5927880e-01  -1.1823719e-02  -2.6437319e-01   1.5065722e-01   7.1691859e-01  -1.3273490e-01  -1.5910222e-01  -1.8135038e-03  -9.8866588e-02   5.8044027e-01   4.6828676e-01   3.4289044e-01   1.8635036e-01  -1.1103662e-01   2.2780100e-01   1.4241461e-01   1.4567582e-01   1.1104055e-01  -1.3137645e-01   2.5464832e-01  -3.9447269e-02   5.1416434e-01  -3.1700905e-02  -2.3049543e-01   3.7505313e-01  -1.0187319e-01  -1.8537485e-01   6.5830717e-02   3.2195116e-01  -2.5923486e-02   4.1266737e-01   1.0027934e-01   1.7817848e-01  -2.4817816e-02  -1.9786823e-01  -1.3956191e-02   6.3892996e-01  -2.9876056e-01   3.7708539e-01  -5.8759805e-02  -3.9407163e-02  -5.4859463e-02  -5.6963915e-02   7.1165974e-02  -2.4723122e-01   1.5223506e-01   2.3980931e-01   9.3231161e-02  -9.3118083e-02   2.1043119e-01   6.4329174e-01   2.8529245e-01   3.4892415e-02  -2.8403843e-01   8.8361515e-02   2.3494331e-01   7.0740988e-02   3.3835131e-01   3.8714942e-01  -2.1350997e-01   6.9630062e-01  -2.1615990e-01   1.1703350e-01  -3.3686959e-02   4.1011543e-01   1.6621235e-01   8.2340353e-02  -3.0687998e-01   2.9574979e-02   2.2367656e-01  -1.9004313e-01  -3.8356613e-01   3.4169938e-01   7.8248297e-02   1.3403704e-01  -8.3560660e-03  -9.9048682e-02   4.4588522e-02  -1.4228417e-01  -4.3925203e-02   1.2803277e-01   4.7968001e-01  -4.1072545e-01  -2.1032644e-02  -1.3954592e-01   1.6411908e-02  -2.7177808e-01   3.4017310e-01   4.3277944e-01   2.3546845e-01  -2.8618141e-01   3.8461106e-01   6.7858421e-02  -3.2240759e-02   6.2779013e-02   3.7576638e-01  -3.3092689e-01  -1.6960539e-01   2.2644032e-01  -1.1762503e-01   4.2135781e-02   1.3893080e-01  -1.3392971e-01  -3.2662344e-01   7.3989253e-02  -4.4945135e-03  -3.1592788e-02  -1.6259530e-01   1.3391706e-01   1.2846765e-02   1.8989550e-01  -1.4890182e-01   2.6461609e-01   5.1134038e-02   3.1784088e-01  -2.6439517e-01   2.8218205e-01   4.0854702e-01   1.0410360e-01   5.5173992e-02   2.6107907e-01   4.1836785e-02   2.0815502e-01   5.3918278e-02   1.0296381e-01   2.7052500e-01   2.9928484e-02   2.8005337e-02   1.8507833e-01   4.3995328e-01
  -2.9866692e-01   4.3234315e-01   2.0027646e-01   2.0515559e-01   6.0049941e-01  -1.1594285e-01  -1.5705005e-01   2.7024653e-01   0.0000000e+00   1.7263214e-01   2.2622206e-01   2.0642032e-01   1.8807287e-01  -3.5231332e-01  -3.0208959e-01   3.4766758e-02   3.5938745e-01   3.6552749e-02   1.9557335e-01   5.2860029e-01  -2.6218406e-01   4.0009940e-02  -8.7040975e-02  -3.5598497e-01   3.2015734e-01   3.7006227e-01   5.8290448e-01  -4.2692034e-01   2.4924935e-01   1.6493931e-01  -3.5517501e-01   3.2969650e-01   1.9093907e-01  -5.7513755e-02   1.5319439e-01   3.4427486e-01  -5.4145032e-02  -2.4123331e-01   1.4605100e-01   3.5898094e-01   2.4418929e-01   9.8158159e-02   5.2945398e-01   8.5889492e-03   1.4804821e-01  -8.7005567e-02   6.0333597e-02  -3.1550067e-01  -1.2940693e-02   2.7907406e-01   1.3437678e-01   2.1752793e-01   8.9076109e-02  -7.0347936e-02  -2.3331442e-01  -3.6057966e-01  -2.1053013e-02   2.1423255e-01   2.9055013e-01   4.4494546e-01  -1.9671835e-01   3.7719645e-01   6.2961302e-01  -1.2082188e-01   1.5857410e-01   8.6357775e-02   2.1601322e-01  -2.8171193e-02  -6.3585330e-04   7.4389119e-02   3.0501285e-01   5.4243533e-02   4.0973903e-02  -3.2596953e-01   7.8547605e-02   1.2347120e-01  -1.3765917e-01  -4.8102093e-03   5.5229991e-01  -8.0887360e-02  -2.6018562e-01   3.2336086e-02   1.4235852e-01   2.2435470e-01  -3.5808588e-01   1.6365374e-01   1.2320023e-01  -3.3518818e-01   1.8276398e-01  -3.6879861e-01   5.1640155e-01  -1.5400479e-01   2.8927946e-01   6.8512297e-01  -2.6291754e-01   3.4693163e-01   2.0280149e-01   1.6808674e-01   3.6653505e-01   2.3688820e-02  -4.0131245e-02  -1.0940642e-01  -2.2325467e-01   6.7494907e-01   1.2251308e-01   3.7994466e-01   8.1335167e-03   1.8342593e-01   5.5783327e-02  -7.5102789e-02  -1.5819585e-02  -1.8325960e-01   2.2341360e-01  -3.0005272e-01  -2.0409269e-01   4.6229670e-01  -2.8955018e-01   1.5119070e-01  -4.9926676e-01   1.4513950e-01  -1.8912330e-01   5.5891997e-01   2.2103054e-01   2.6796920e-01  -2.9664837e-01  -2.5141554e-01   8.7791650e-02   1.5413595e-02   2.8190475e-01   1.3714269e-01   1.6232628e-01   5.6048175e-02   4.9106169e-02  -1.8547285e-01   4.9645439e-01   1.4588920e-01  -6.0153184e-02  -4.6139654e-01   1.3721392e-01  -3.6031317e-01  -2.9758223e-01   1.9556905e-01   6.6617607e-02  -5.3774092e-01   7.1630413e-02   1.6583815e-01   2.0536288e-01   3.5048048e-01   7.7069127e-02  -1.9611906e-01  -2.9650352e-01  -2.5747170e-01  -3.3210918e-01  -1.1281570e-02   2.6748633e-01  -1.1370141e-01  -2.1628036e-01   2.8502878e-01  -1.0475269e-01  -1.5237907e-01   4.2279451e-01  -5.2068017e-02   3.0134021e-02   1.9322429e-01   4.0750200e-01   3.2151994e-01   7.8935931e-02  -1.9776095e-01  -3.2810379e-01   3.6476950e-01   3.7606647e-01  -2.4691006e-01   1.7299129e-01  -1.8402943e-01   3.0430935e-01  -4.1316137e-04   4.3794880e-01
  -4.0674352e-01   2.6668561e-01   1.2541233e-01  -4.2124967e-02  -9.4240512e-02  -2.6837665e-01   4.0610817e-01   1.4035621e-02   1.7263214e-01   0.0000000e+00  -3.3204628e-01   3.5853908e-01   2.5299751e-02  -4.3311897e-01   8.8183219e-02  -1.4590790e-01   8.3370568e-03   7.2871167e-02   5.4704391e-02   1.4098886e-02  -1.0625290e-01  -1.6756924e-01   3.5553829e-01  -5.2004724e-01  -2.1875208e-02   1.5575580e-01  -9.4696686e-02  -1.5187101e-01   1.0675970e-01  -2.1849885e-01  -2.3281510e-01  -9.3893923e-02  -2.6963760e-01   4.3778664e-01   3.8832073e-01  -6.8133789e-02   3.8384681e-01  -4.2079932e-01  -3.0376892e-01   4.1975975e-01  -6.7072755e-02  -9.4419580e-02   2.2870663e-01  -3.2136057e-01   5.2083809e-02  -4.0314244e-01  -3.3899843e-01   1.7857148e-01  -1.4543435e-01   2.3260342e-01  -2.0439019e-02  -5.2382697e-02   2.7280532e-01  -1.1326389e-01  -2.6154808e-01  -1.3974159e-04  -1.2505833e-01  -1.9438318e-01  -2.0874355e-01  -9.4311897e-02  -4.2098868e-01   1.6661262e-01   9.0114896e-02  -1.5351637e-01   3.1071627e-02   6.2117889e-01  -2.5342765e-01  -1.2494981e-01  -3.5889682e-01   1.1947738e-02   3.4825258e-01  -2.5702793e-01   1.9163156e-01  -3.1246066e-01   2.6112797e-01  -1.5445976e-01  -3.0645546e-01   9.0266298e-02   1.5505274e-01   7.2496039e-02   7.4625714e-02   6.5573465e-02   1.9507467e-01   1.1299654e-01  -2.8395625e-01  -6.1527213e-02  -1.6166553e-01  -3.6467540e-01   1.4582163e-01  -4.9989079e-01   1.5962814e-01  -2.9291410e-01   2.0408382e-01  -4.4498105e-03  -3.9978053e-01   2.6609073e-01   4.4643443e-02  -8.0986343e-02  -1.0192206e-01   4.8108613e-01   7.6260248e-02   1.8395923e-01  -3.7175265e-01   4.6132169e-02  -3.1480024e-01   3.5349039e-02  -2.1828790e-01  -1.0129256e-01   4.7027314e-01  -1.4025020e-01   5.9372726e-01  -3.3214773e-01  -4.5940754e-02  -3.6322015e-01   3.9029569e-01  -3.5710749e-02  -1.7468908e-01   1.3907898e-01  -3.8188758e-01  -1.6747370e-01  -4.5290950e-01   1.2690800e-01   3.7254751e-03   1.1512713e-01  -4.2351299e-01  -2.5994953e-01   3.0903677e-01  -5.4454613e-02   1.1235292e-03   8.1894718e-02  -1.9176595e-02   2.4835659e-01  -2.5555053e-01   5.3397740e-02  -2.4890043e-01  -9.9753140e-02   6.5144503e-02  -2.4334788e-01  -1.7417602e-01  -3.5493585e-01  -4.4016425e-01   8.8312972e-02  -2.3934735e-01  -2.0634345e-01   2.0902021e-01  -1.9438471e-01   7.2275660e-01   8.8969066e-02   4.4534368e-02  -2.1224104e-01   1.0399047e-01  -2.1140632e-01  -4.2336901e-01  -2.0980726e-01   1.6220113e-01  -3.3797629e-01  -4.2175567e-01  -1.2767864e-02  -3.3729602e-01  -7.5791211e-02   8.2417250e-03  -2.2746188e-01   4.8570457e-01  -2.3496869e-01  -1.0091235e-01   2.0040967e-01   3.2197002e-01  -3.3681384e-01  -4.5650611e-01  -1.2445102e-01   3.0672294e-01  -3.5983649e-01  -1.9687201e-01  -3.3595872e-01   3.6763526e-01   2.5688939e-02  -1.4293644e-01
  -1.6705585e-01  -1.1472669e-01  -2.3243231e-01   2.4651976e-01   4.7238445e-01   1.9521444e-01   1.2838856e-01   2.2045927e-01   2.2622206e-01  -3.3204628e-01   0.0000000e+00  -1.9257820e-01   2.8459257e-01  -1.0088542e-01   3.1445130e-01   1.6214504e-01  -8.2254577e-02   3.0991324e-01   1.3245393e-01   5.9254407e-01   1.6681679e-02  -1.6003543e-02   2.3214825e-01  -1.1397783e-01  -8.5526444e-02   1.5099788e-01   4.3871637e-01   1.7179730e-01  -1.4569170e-01   2.5521971e-01  -2.6058812e-02   1.5095481e-01   1.5717092e-01   3.1676933e-01  -1.4633801e-01   7.5920466e-01  -2.9740132e-01  -6.0461535e-02   2.0867871e-01  -3.1273401e-01   5.0021309e-01   2.3970193e-01   8.7218280e-02   6.0528710e-01   4.7635273e-01  -3.2245855e-02   7.6688767e-01  -1.8584320e-01   1.3498491e-01  -3.9031158e-01   4.1892135e-01   1.6825017e-01  -2.6172866e-02  -1.9948068e-01  -1.2569655e-02   1.8712016e-01   2.1813659e-01   9.0422984e-02   2.5923998e-01   2.8508495e-01  -9.5804175e-02   4.8626831e-01  -3.9562424e-02   2.2449415e-02   6.2467180e-02   5.4967562e-02   3.1130775e-01   8.6421940e-02   5.6259021e-01   1.5141961e-01  -2.3229930e-01   4.3090634e-01   2.4379110e-01  -1.8941505e-01  -1.5630636e-01   1.9572683e-01  -3.9690738e-02   1.0512891e-01   1.6530496e-01  -1.1119285e-01   2.7257030e-01   3.0925423e-01  -8.9991265e-02   2.5560586e-01  -3.8486415e-01   2.6553619e-01  -1.3666689e-02  -4.2339013e-02   1.5826463e-01  -1.1025817e-01   4.8504551e-03  -2.4509029e-01   4.7388818e-01   3.4603959e-01  -2.7181635e-02  -3.1503106e-03   2.8378959e-01   1.7818674e-01   5.0568251e-01   2.7352886e-01  -2.4441994e-01   3.1584416e-01  -3.7680678e-02   1.6140446e-01   4.6729736e-01   3.0433726e-02  -6.8740672e-02   3.8073776e-01  -8.2759352e-02   3.5055964e-01  -2.8980276e-01   1.7380106e-01   3.2482598e-01  -2.1018716e-01  -1.7072238e-01   3.1869839e-01  -3.3036581e-02   4.4558818e-01  -2.3393540e-02   2.9837394e-01  -2.4838765e-02   1.3098599e-01   6.2822654e-02   1.3204581e-01  -1.1518117e-01   1.1395942e-02   1.4768261e-01  -6.9976793e-02   7.3370009e-02  -1.2914107e-01   3.2838027e-01   2.9974889e-01  -1.2945919e-01  -1.7274165e-01   3.0735586e-01   1.5718690e-01   2.2312565e-02  -1.9630176e-01   2.0488097e-01  -8.2988680e-02  -1.9141827e-01   1.2377306e-01   3.4302187e-01   1.0288408e-01   2.0520759e-01   1.8961831e-01  -1.4992877e-01   6.5001076e-01   5.9624848e-01   1.7845142e-01  -2.0900949e-01  -8.4592689e-02  -2.5896436e-01   2.8664114e-01  -2.3983994e-01   4.4165327e-02  -4.7505006e-02   2.4628702e-01  -1.8297798e-01   1.5926650e-01   1.7516734e-01   2.5610782e-01  -2.6656684e-01   3.6016102e-01   1.5962290e-01   1.4706772e-01   3.8721165e-01   1.4162653e-01  -1.8216300e-01   2.9322130e-01   3.5772137e-01  -5.7367248e-02   5.8149760e-01   2.6135856e-01  -9.6380120e-02   1.7438707e-01   2.6528889e-01
  -3.3011021e-01   4.7810002e-01   6.0061218e-01  -3.4758322e-01   2.5379067e-01   1.2309188e-01   3.0886374e-01  -6.9654339e-02   2.0642032e-01   3.5853908e-01  -1.9257820e-01   0.0000000e+00   9.0150919e-02  -1.5104100e-01  -9.5494975e-02   2.5859650e-01   3.8038404e-01  -1.2627724e-01   5.6854943e-02   3.1773053e-01  -5.0627517e-01  -2.5944624e-01  -8.2725620e-02  -4.0428000e-01   6.9926415e-02  -1.8910803e-01   1.3236461e-01  -1.7257391e-01   3.3922779e-02   7.4942021e-02  -4.3564021e-01  -1.5044898e-01   2.3486661e-02   4.3424236e-01   5.8428268e-01   1.0485668e-01  -1.5209420e-01  -4.5342112e-01   4.5905980e-03   4.9987087e-01  -4.7139683e-02  -4.8803846e-02   4.9277184e-01  -2.7194904e-01   1.7375173e-01  -4.2469876e-01  -2.2471514e-01  -2.0624868e-02  -3.5721113e-01   5.0488164e-01   2.5878777e-04  -2.2574682e-01   2.8600009e-01   3.6224716e-02  -1.1471973e-01   2.4651427e-01  -1.2090982e-01  -2.0924734e-01  -1.5485718e-01   4.7681908e-01  -3.8124295e-01   1.1524505e-01   4.2395277e-01  -1.8187100e-01  -1.4020821e-01   5.7868821e-01   6.1860811e-02   1.0427506e-01  -3.1420400e-01   1.4902307e-01   3.5079575e-01  -3.3643293e-01   1.6837465e-01   2.8865358e-01   1.3852052e-01  -2.6287899e-01  -3.8914368e-01  -1.1680710e-01   3.7303771e-01   2.6773190e-01  -2.0614939e-01   1.6996913e-01   1.3822737e-01   2.4643357e-03  -5.4800594e-02  -1.2837099e-01   1.0550246e-02  -2.0355217e-01   4.3230281e-01  -2.6780576e-01   2.8129624e-01  -1.4653904e-01   4.4707084e-01   3.1272290e-01  -4.9946300e-01   1.7552657e-01   1.6477420e-01  -1.9801985e-01   1.4268899e-01   4.3057124e-02   6.1182734e-02   4.4584408e-01  -3.5991868e-01   5.1060611e-01  -1.6918918e-01  -4.8619230e-02  -7.6548540e-02  -1.2054844e-01   5.9876681e-02  -1.4398339e-01   5.9027591e-01  -2.2317857e-01  -3.5656398e-02  -2.7293071e-01   4.2963702e-01   1.0918425e-01  -2.4691425e-01   1.6829373e-01  -3.2203200e-01  -2.6263198e-01  -2.6371527e-01   5.0426836e-01   5.6263903e-01   1.7660749e-01  -3.1531089e-01   3.1725984e-01   4.3848256e-01  -2.0744538e-01  -1.6180201e-01   4.0457164e-01   1.8468903e-01   8.5294384e-02   3.4569863e-01  -2.4028030e-01  -8.0705200e-02  -2.2023932e-01   9.9108772e-02  -2.7675111e-01  -1.9044321e-01  -4.4840707e-01  -2.5803159e-01   3.0434414e-02  -2.1187421e-01  -1.3731867e-01   3.8833213e-01  -1.1188512e-01   5.4191654e-01   6.3018462e-02   8.9843910e-02  -4.0040618e-01   2.4605054e-01  -2.3302601e-01  -2.2499129e-01  -2.1192080e-01   6.6391472e-01  -2.2538328e-01  -5.0080132e-01  -3.7929471e-02  -2.0940289e-01  -2.7216416e-01   4.1960298e-01  -4.3549382e-01   9.4346256e-02  -3.0221087e-01  -7.7202665e-02   6.2697314e-01  -1.1076021e-01  -1.6733255e-01  -3.1270972e-01   1.9130286e-01   4.8110671e-01  -4.4626258e-01  -1.0042564e-01   6.9653888e-02   3.9135222e-01  -2.1809400e-02  -8.9058508e-02
  -3.3447732e-01  -2.3542296e-02   9.8762607e-02   1.0233024e-01   3.9557649e-01   3.8762938e-01   1.6504417e-01   2.5370425e-02   1.8807287e-01   2.5299751e-02   2.8459257e-01   9.0150919e-02   0.0000000e+00  -1.9810974e-01   7.2603337e-02   3.3768529e-01   1.1761127e-01   3.0237383e-01   2.0445475e-01   4.5969570e-01  -2.1779721e-01  -1.1814053e-01   4.1405959e-02  -2.5806787e-01   6.9206249e-02   1.2126800e-01   2.0333450e-01  -6.2035440e-02   8.9224791e-02  -5.7825026e-02  -1.5856490e-01   1.4275520e-01   2.7873899e-01   1.6905814e-01   2.0451614e-02   4.4928719e-01  -1.5542657e-02  -3.2367915e-01   2.9127121e-01   1.6629658e-01   6.8458019e-01   2.4855774e-01   2.9264772e-01   8.4420412e-02   1.7719551e-01  -2.4149067e-01   2.9056323e-01  -2.1882494e-01  -6.1515361e-02  -2.1044228e-02   3.7396107e-01   3.4239922e-04  -3.3026059e-02   3.3603956e-02  -1.2322396e-01   4.1108680e-03   2.5372567e-01   1.0887475e-01   3.2216846e-01   1.3649178e-01  -2.3803179e-01   3.4000468e-01   2.8981619e-02  -7.8550386e-02   1.0750918e-01   9.8947818e-02   1.5899842e-01  -9.4362776e-02   1.6145518e-01  -1.5717486e-02  -1.8371046e-02   1.7603624e-01   4.1484635e-01  -3.5117836e-02   8.2782771e-02  -1.1731404e-01  -2.4779579e-01   1.5205914e-02   1.9651120e-01   9.3537501e-02   5.9070300e-02   3.8114949e-01  -2.9898251e-02   1.1030870e-01  -2.0456654e-01   6.4881675e-02  -1.7808189e-01  -2.4265531e-01  -1.0544245e-01  -2.2994038e-01   1.5207300e-01  -1.8772358e-01   3.5943645e-01   2.5220050e-01  -3.3633499e-01   3.1188098e-01   3.2335831e-01  -1.6466587e-02   2.6823598e-01   3.0333050e-01  -2.5148760e-02   2.0203712e-01  -2.2815753e-01   1.4384524e-01   8.1713496e-02   1.6116692e-01   6.4614346e-02   2.0058052e-01   6.4898985e-02  -1.0135698e-01   6.2701714e-02  -5.5814903e-02  -1.2630349e-02  -2.9343055e-01   1.3883747e-01  -4.1124754e-02  -1.0231950e-01   6.1839295e-01  -2.7665388e-01   1.4365328e-01  -3.2387949e-01   2.7989616e-01   1.5490775e-01  -5.0395171e-03  -3.3166477e-01  -9.6934963e-02   1.8906679e-01   7.0853277e-02   1.9984210e-01  -1.7697017e-02   6.6439262e-01   1.2346142e-01  -1.7220538e-01  -6.8072608e-02   1.7750056e-01   2.6348878e-02   1.5545125e-01  -2.0151975e-01  -9.6522876e-02  -2.6814910e-01  -2.4797012e-01   6.3439864e-01  -2.4757839e-02  -4.9673740e-02  -1.1935860e-02  -1.2094464e-01   1.6112038e-01   1.3193245e-01   1.4441842e-01  -4.4818935e-02   5.4501828e-02  -2.6402321e-01  -3.6032190e-01  -2.3253567e-02   4.4026692e-02  -2.2335060e-01  -3.4163130e-01   4.3225221e-01  -1.8758800e-01  -6.1268703e-02   7.3854519e-02  -7.4220942e-02  -1.5880279e-01   1.9527205e-01   2.9009473e-01   6.1171024e-02   2.4375901e-02  -8.4373326e-02  -3.0138087e-01   7.6299031e-02   1.7810316e-01  -3.3702923e-01   1.0333346e-01   4.9097260e-03   1.9909668e-01  -1.1101323e-01   2.3004544e-01
   4.2617642e-01  -3.4454146e-01  -7.7820720e-02  -1.9865746e-01  -3.5368902e-01   3.5246397e-01   5.0041488e-02  -1.2124002e-01  -3.5231332e-01  -4.3311897e-01  -1.0088542e-01  -1.5104100e-01  -1.9810974e-01   0.0000000e+00   1.5295137e-01   2.1856580e-01  -2.7478144e-01  -1.6601517e-01  -3.4914537e-01  -3.4585551e-01   2.9311268e-01   1.5402888e-01  -1.1572599e-01   4.0237607e-01  -1.0072730e-01  -3.8247467e-01  -2.8014228e-01   2.2777473e-01  -6.2306455e-02   3.0235303e-01   4.5445618e-01  -2.4749152e-01   1.0435668e-01  -1.4555410e-01  -2.1508128e-02  -2.8345055e-01  -1.4430207e-01   3.9338368e-01   1.8577476e-01  -2.8998478e-01  -1.6151090e-02  -1.8312435e-01  -3.9555015e-01   2.9593164e-01  -1.5300880e-01   2.4791340e-01  -2.2201531e-02   2.4997110e-01   8.7991131e-02  -1.6600160e-01  -1.7196231e-01  -1.5276855e-01  -1.7859507e-02   1.0258854e-01   5.3785622e-01   3.5627078e-01  -1.2644091e-01  -1.7290537e-01  -4.9953086e-02  -4.0681265e-02   3.6824938e-01  -2.8673805e-01  -2.5210390e-01   3.3022637e-01  -1.1482937e-01  -3.1761500e-01  -1.7372812e-01   1.6411432e-02   6.4171044e-02   5.2386445e-02  -3.4879481e-01  -8.3556246e-02   1.2012370e-01   4.6973120e-01  -1.9164205e-01  -1.7424554e-01   2.2990370e-01   3.9155072e-02  -2.1806252e-01   2.1188136e-01   1.3223982e-02   7.3848794e-02   4.5352840e-02  -3.1247588e-01   5.3306151e-01  -2.1590034e-01   4.1419038e-01   3.6303375e-01  -1.2809328e-01   5.6006485e-01  -4.0596203e-01   3.3733859e-01  -3.7344168e-01  -1.4657465e-01   3.9635302e-01  -5.6686053e-01  -3.2318171e-02  -2.4247641e-02  -8.0852168e-02  -4.4407243e-01   1.1259454e-01   7.8587464e-02   6.7099303e-01  -1.6175372e-01   1.8442258e-02  -3.8024223e-01   1.7707596e-01  -5.1069569e-03  -2.5834693e-01   5.7624006e-02  -2.9671386e-01   5.1027895e-01  -1.0515784e-01   3.8588542e-01  -9.9949831e-02  -1.7717540e-02   4.0504253e-01  -5.7201459e-02   5.8241057e-01  -2.9058567e-03   3.8920899e-01  -5.0442149e-01  -8.8702205e-02  -3.7628786e-02   4.2040955e-01   5.9814554e-01  -8.7659798e-02  -7.7796037e-02  -2.4561618e-01   4.6711270e-02   9.6619548e-03  -5.4624446e-02   3.7979308e-01   1.6384239e-01  -1.1502753e-01  -2.8574863e-01  -2.9722076e-02   5.1689891e-01  -3.9859627e-02   4.7840448e-01   4.9453750e-01  -2.5361209e-01   1.4838684e-01   5.3770879e-01   8.4028632e-02   1.6754901e-01  -4.9920498e-01  -3.3963001e-01  -1.7839351e-01   2.6588424e-01   1.7291693e-01   3.7777016e-01   4.1460576e-01   2.1533258e-01   4.1150831e-02   1.8396822e-01   2.4207048e-01  -1.1902589e-02   3.1900037e-01   3.0444092e-01  -3.0592033e-01   2.4503157e-01  -2.0256665e-01  -2.2030418e-01  -1.4962651e-01   2.5488270e-02  -1.9801527e-01   2.1868950e-01   5.0452298e-01  -1.4275320e-01  -3.8905892e-01   3.0060708e-01  -9.7135786e-02   3.7182361e-01  -4.2954225e-01  -2.2794188e-01  -1.1550207e-01
