   0.0000000e+00  -3.0030139e-02   2.9704461e-01  -5.4672022e-02  -2.6820292e-01  -1.0635948e-01  -5.5182321e-01   1.6885480e-01  -2.5619665e-01  -1.0552194e-02  -1.8832114e-01  -3.9969378e-02  -1.9016730e-01   5.0858630e-01  -4.8630670e-01  -3.5003727e-01   4.1966565e-01  -2.9397110e-01  -1.0357204e-01  -4.0588287e-01  -3.6443670e-01   5.6572482e-02  -1.4998751e-01   5.7881251e-01   1.6431877e-01  -1.2912020e-01  -2.7655594e-01  -2.0665615e-01  -3.4582662e-01  -2.9314502e-02  -2.1301154e-01  -1.5009860e-01   1.4806227e-03  -6.7459535e-01  -3.3242166e-01  -3.1502740e-01  -4.3344499e-01   4.9917211e-01  -3.9337769e-01  -3.0897633e-01  -1.9030256e-01   3.3361042e-01  -2.4741666e-01  -7.1939748e-02  -3.9324169e-01   8.5253969e-01  -6.6276147e-02  -3.5223943e-01  -4.5313987e-01  -8.3304124e-02  -4.7706753e-01   3.5812277e-02  -5.9822561e-01  -1.2753544e-01   6.2260868e-02  -5.6305485e-02  -1.9017857e-01  -2.0422959e-01  -4.2785697e-01  -1.4022097e-01   6.3910163e-01  -5.1718402e-01  -2.8742500e-01  -1.4790913e-01  -2.8300609e-01  -2.2533170e-01  -1.3442636e-01  -2.1306560e-01  -6.9295364e-02   8.3484599e-01  -3.6755999e-01  -2.4201652e-01  -2.5398885e-01   5.7985009e-01  -3.4087223e-02  -7.5761770e-02   6.9916053e-01   6.6291647e-02  -4.0873311e-01   1.0227895e-01  -2.2881842e-01  -3.1362931e-01  -4.8533353e-01   3.5500726e-01   3.8630728e-01   2.0327427e-01  -3.6087837e-01   3.6881637e-01  -1.4177940e-01   8.7685830e-01  -6.2736815e-02   5.4589289e-01  -5.2821775e-01  -4.0873662e-01   6.7068969e-01  -2.3255554e-01  -1.7600028e-01  -6.9394563e-03  -2.0106554e-01  -5.3300831e-01   2.1682153e-01  -2.0215324e-01  -1.2946517e-01  -4.8323935e-02  -3.0477274e-01  -5.8952281e-02  -1.5386647e-01  -1.9650109e-02  -4.4664999e-01  -3.5374289e-01  -5.3072821e-01  -4.9365538e-03  -1.7295338e-01   9.0320530e-01   4.2818839e-02  -3.9590794e-01  -2.6043665e-01  -3.6532571e-01   2.7229243e-01  -2.3696288e-01   5.5070647e-01  -1.6972544e-01  -2.9476733e-01  -1.9707094e-01   8.6403192e-01   4.9568542e-01  -3.5685206e-01  -5.8931771e-02  -2.2224212e-01   5.7542241e-01  -1.3064170e-01  -5.3109624e-01   4.4205481e-01  -4.1762447e-01  -1.9057338e-01   9.8842788e-02   8.8016032e-02  -2.2392775e-01  -9.5815274e-03   5.9807012e-01   6.4722312e-01  -2.5236578e-01  -9.9433709e-02  -2.3090586e-01  -6.1065290e-01  -2.6609686e-01  -4.8664156e-01  -1.7997214e-01  -2.8126286e-01  -5.7528966e-01   4.6795973e-01  -4.4357739e-03   6.3398567e-01  -3.0649531e-01  -4.3444020e-01   6.5396541e-01   7.3132785e-01  -2.1470041e-01   6.2515734e-01  -1.0870328e-01   3.9239147e-02  -4.9274823e-02  -2.7401944e-04  -2.0215466e-01  -1.6403119e-01  -4.5667434e-01  -2.7704097e-01   3.4451233e-01   7.1789012e-01  -3.5722100e-01  -3.3363805e-01   4.4027639e-01  -3.3815460e-01  -1.5422232e-01  -1.8693880e-01   2.7359520e-02   2.4900123e-01
  -3.0030139e-02   0.0000000e+00   1.3188226e-02  -1.5448322e-01   2.2830269e-02  -3.3182973e-02   1.2991947e-01   2.3104106e-01   3.5462653e-01  -1.7765617e-01   3.5821840e-02   4.0419870e-01  -3.1799000e-01   1.0427563e-01  -2.7408801e-03  -1.2285877e-01   1.0508389e-01  -1.4009428e-01  -3.8024192e-03  -5.9565216e-02  -1.7545249e-01  -3.5825244e-02  -3.7137599e-01   3.5346186e-03  -6.7512185e-02   2.1001758e-01   6.3569111e-03  -9.7055244e-02  -1.0455298e-02   1.6893987e-01   1.4386364e-01  -1.8496014e-01  -2.1876255e-01  -5.4624437e-02  -3.2521976e-02  -2.4995714e-01   1.4611139e-02   5.9434146e-02  -2.4863252e-01   1.0918611e-01  -2.2116037e-01  -1.5229300e-01   5.9958812e-02   6.6364400e-02  -2.1965281e-01   1.0617402e-01  -2.1229397e-01   3.0349514e-01  -5.5158461e-02   3.0425224e-01  -2.3103930e-01   2.6701035e-01   1.1968763e-01  -2.0908315e-01   7.3015555e-02  -2.7741424e-02   4.6872448e-02  -2.8983834e-03  -4.8368224e-02  -1.4066251e-01   5.9721796e-03   2.2602994e-02   3.6330388e-01   3.1346336e-01   2.1648301e-01  -2.6722524e-01  -2.8696291e-02   9.6835893e-02  -6.9196266e-02   4.3557368e-02   2.4560944e-01  -3.4025222e-01   9.9993256e-03  -9.7619087e-02  -1.1276779e-01   1.1772171e-01   1.1071610e-01   1.7401745e-01   2.7285754e-01  -1.4660038e-01  -2.3380082e-01  -1.8491220e-01   2.6195499e-02   1.8178595e-01   2.2296266e-01   9.2467249e-02   3.1604978e-01  -2.4708240e-01   3.4296236e-01   3.3899334e-02   3.9978713e-02  -1.7668445e-01   8.8860951e-02  -2.3049919e-01   1.3707622e-01   1.8905777e-02  -1.0539609e-01   2.4973253e-01  -5.3574149e-02  -1.5161461e-01   2.9996908e-02  -1.1654991e-01  -1.3428594e-01   1.4440043e-01  -2.5281992e-01  -4.6199268e-02  -3.2191687e-01   1.1311466e-01  -1.8237722e-01  -1.2644861e-01  -2.1231535e-01  -4.5424559e-02  -2.7916783e-01   1.0611676e-01  -7.6041516e-02   3.5049307e-01   7.8843703e-02  -2.2504355e-01   2.7393640e-02  -2.1727317e-01  -5.7558800e-02   2.9659135e-01  -2.4076285e-02   3.2443240e-01   1.4403376e-01  -1.4924526e-01  -1.9686243e-02   1.3908349e-02  -1.6040983e-01   6.7957001e-02  -2.2217244e-01   9.2164169e-02   2.8870163e-01  -1.5334684e-01  -2.5385816e-01   1.1057374e-01  -2.8764709e-01  -7.1477490e-02   8.8204539e-02   9.6266728e-02   5.3537562e-02  -2.6880412e-01   9.7646412e-02  -2.2654371e-02  -1.3299606e-01   1.8951536e-01   1.4840759e-01  -1.0182129e-01  -1.2299134e-01  -9.5387483e-02   6.1343633e-02   2.6337788e-02  -1.3075157e-01  -1.0477376e-01   2.9906186e-01  -1.1274100e-02  -6.8629636e-02  -4.6789140e-02  -2.2093240e-02  -1.9694495e-01   6.9335400e-02   8.3680904e-02  -1.6295968e-01  -2.3827090e-01   7.2256408e-02   1.2217309e-01  -1.8853612e-01  -2.0494493e-02   2.9407160e-02   3.3384190e-01   1.7166987e-01   5.4610553e-02  -1.4669903e-01   5.1697920e-02  -6.2961228e-02  -1.7026873e-01   1.2572478e-01
   2.9704461e-01   1.3188226e-02   0.0000000e+00  -1.5401065e-01  -2.1690976e-01   3.5570653e-01  -3.7017973e-01  -2.0676726e-01  -3.9184567e-01   2.7463100e-01  -2.0958465e-01   1.0378754e-01  -6.7563654e-02   1.0695979e-01  -9.8468909e-02  -1.4149861e-02   9.0042929e-01  -2.2993708e-01  -6.7771036e-02  -2.0876194e-01  -2.6351857e-01  -2.2194596e-01   9.4826801e-02   2.6323911e-01   4.9634885e-02  -1.7369352e-01  -1.7364928e-01   2.2713947e-01  -2.3848986e-01  -3.0898399e-01  -4.1127431e-02  -1.4683187e-01   7.4681190e-02  -2.3904646e-01  -2.0853114e-01  -2.0260476e-01  -3.8236354e-01   1.2303995e-01  -8.5407645e-02   4.0726678e-01  -6.4044210e-02   4.7498488e-01  -1.7144925e-01  -2.8256511e-01  -3.3957433e-01   3.9827085e-01   5.3118382e-02  -2.8104925e-01  -4.8645930e-01   5.1610601e-01  -2.2084957e-01  -1.7357429e-01  -2.2305749e-01   1.7514308e-01   1.9760182e-02  -1.5789722e-01  -1.2196773e-01  -2.8367706e-01  -1.5689705e-01  -2.1919333e-01   4.8383855e-01  -2.5204141e-01  -4.6609541e-02  -2.8289104e-01  -4.7044987e-01  -2.4670126e-01   3.0632492e-01  -2.1427321e-01  -8.6611403e-02   4.7470258e-01   2.3677867e-01  -2.5610355e-01  -2.2402884e-01   4.3087492e-01  -7.1303981e-02  -3.0809776e-01   3.9429919e-01  -1.4906450e-01  -3.9931220e-01   1.7427609e-02  -1.0793078e-01  -2.5164264e-01  -2.9824518e-03   6.5304873e-02   5.7792890e-01  -1.0780769e-01  -2.4387972e-01   2.5894734e-01  -7.3949693e-02   3.1169488e-01  -7.3245849e-02   7.5322696e-01  -1.0360993e-01  -1.8553536e-01   3.0731016e-01  -2.2943614e-01  -1.6806400e-01  -1.1383815e-01  -3.3904230e-01  -2.1679604e-01   5.4137179e-01  -2.0378829e-01  -2.2987745e-01  -1.3937145e-01  -1.1321628e-01  -2.0401690e-01   2.4172520e-01  -9.8813503e-02  -2.1765732e-01  -1.9603029e-01  -1.3739684e-01  -1.5135588e-01  -2.6842832e-01   3.3093029e-01   5.5528717e-01  -3.3197376e-01  -2.5422869e-01  -1.0111906e-01   3.1064619e-01  -2.4626118e-01   2.6229531e-01  -1.9220657e-01  -1.1432458e-01  -1.6701087e-01   3.5119760e-01   1.7441140e-01  -3.7816610e-02  -7.4113762e-02  -2.7581333e-01   5.9898468e-01  -9.1878653e-02  -4.8482191e-01   2.5186104e-01  -1.9444586e-01  -1.9004912e-01  -9.5765407e-02  -2.3951584e-03   8.0925664e-02  -1.5424430e-01   1.9122285e-01   2.9860479e-01  -1.3867262e-01  -1.0055947e-01   3.9570743e-01  -2.5913394e-01  -1.9503123e-01   1.5873182e-01  -2.6697499e-01  -1.0146604e-01  -2.1497302e-01   5.8512144e-01  -1.3900724e-01   4.8680131e-01  -3.3644996e-01   3.6508857e-01   2.2167766e-01   3.9701518e-01   4.9395743e-02   7.2162982e-01  -1.3168606e-01  -8.0379248e-02  -4.5532594e-02   1.0856861e-01  -1.6782735e-01  -2.1488215e-01  -3.7630060e-01  -3.3358813e-01   1.5876218e-01   4.7431520e-01  -2.8703783e-01  -2.2929977e-01   2.0682593e-01  -4.2414521e-01   1.9475987e-01  -1.1159711e-01   2.5858399e-01  -8.3021376e-02
  -5.4672022e-02  -1.5448322e-01  -1.5401065e-01   0.0000000e+00   1.0409128e-02   1.9611747e-01  -8.9803080e-02   1.3441286e-01   1.6485516e-01  -9.1985075e-02   4.4730987e-01  -1.0326312e-01  -2.5563226e-02   6.5075014e-03   3.8551773e-03   9.8329464e-02  -9.3300660e-02   4.7080920e-01   2.5339486e-01   1.0082311e-01   3.9250293e-01   3.8155714e-01   2.2605826e-01  -7.2483505e-02  -1.4322838e-01   3.1080195e-01   1.1038308e-03  -1.2678234e-02   1.0645375e-03   2.8082924e-01  -5.9335541e-02   3.1592961e-01   4.4953590e-02   8.6495990e-03   9.7685613e-02   2.9426372e-01   7.3474331e-02  -1.7045862e-01   1.3779125e-01  -2.2802526e-01   2.8304798e-01   6.3389445e-02  -1.6575425e-01   1.6751757e-01   2.9763243e-01  -8.0914049e-03   5.6610560e-01   4.2396478e-02   1.2587013e-01  -2.5420020e-01   2.2163536e-01   1.8399056e-01   1.2211717e-02  -2.3065213e-01  -2.5669931e-01   2.1352729e-01   1.0213020e-01   5.3661333e-01   5.6238129e-01   2.9446643e-01  -3.5659944e-02  -4.2854523e-02   1.5304878e-02   1.7710100e-01   5.5973728e-02   2.0629333e-01   2.4831023e-01   3.7146109e-01   7.0689330e-01   7.7087482e-03  -2.2699427e-01   5.3647563e-01  -1.1718874e-02  -7.6421660e-02  -9.7383554e-02   4.4026590e-01   5.7746648e-02   1.5976747e-01  -1.2655357e-03   1.9681215e-01   2.0784760e-01   1.7706032e-01   5.8014503e-04   9.6384823e-02  -1.5106817e-01   4.5518401e-01  -2.0132988e-01  -4.5542906e-02  -1.6971478e-01  -7.2252376e-02   8.7418552e-03  -5.2609113e-02  -1.7364495e-01   4.5207490e-01  -1.5056649e-01  -5.4731005e-02   3.7281526e-01   3.0097703e-01   3.0485057e-01   1.0219360e-02  -1.5737009e-01   3.8319403e-01   3.8995492e-01   5.0765393e-01   3.2157599e-01   4.3707729e-01  -3.9035262e-02   4.4311542e-01   1.5350403e-01   2.1695531e-01   1.0536623e-01   5.3730022e-01   4.3677912e-01  -1.4022063e-01  -1.6326531e-01   6.0556576e-02   3.3894073e-01  -5.5941918e-02  -1.0268738e-01   6.7950946e-01  -7.5165944e-03  -7.2197330e-02  -8.8981714e-02  -7.5987120e-04  -1.1709561e-01   3.2304789e-01   4.5298221e-03  -4.6599468e-03   4.4576326e-01   3.8711281e-04   1.0818026e-01   3.3184803e-01   2.6832233e-01   2.4316913e-01   4.5812431e-01   3.3720114e-01  -6.5403625e-02   1.2123176e-01   4.1005029e-01  -2.8727584e-01   4.6516270e-02  -2.2802602e-01   4.5901218e-01  -8.8535380e-02   1.7918686e-02   1.5229982e-01  -2.7157524e-01   1.8880259e-01   9.0074503e-02  -1.0210367e-01  -1.9328287e-01   2.6401590e-01  -6.6474675e-02   4.1084242e-01  -1.7631171e-01  -2.0224828e-01  -2.9630052e-02   4.9562566e-01  -5.8949020e-02   3.9525955e-01   8.1761613e-02   3.9092558e-01   1.1820714e-01   4.0251813e-01   4.7883549e-01   4.9798441e-02   3.2050149e-01   1.8451638e-01   5.9002027e-03  -1.2304891e-01   1.4866877e-02  -7.9196901e-02   5.0586134e-01   3.3877038e-03   1.0536990e-02   1.4368056e-01   4.2137641e-01
  -2.6820292e-01   2.2830269e-02  -2.1690976e-01   1.0409128e-02   0.0000000e+00  -2.2862847e-01   2.5173574e-01  -2.2415114e-01   2.1691240e-02   4.6757704e-01   2.0112933e-02   2.0931310e-01   3.6773244e-01  -2.9690089e-01   3.8384300e-01   2.0616115e-01  -2.3857716e-01   2.9433080e-01  -2.8688800e-01   8.8260868e-01   1.6852990e-01  -4.1411662e-01   2.4236914e-01   1.5619256e-01  -2.6563987e-02  -4.3750535e-02   2.4872858e-01  -3.8229031e-01   3.0760330e-01  -2.2710391e-01   1.7540832e-01   1.4843652e-01   1.1504146e-01   2.9537168e-01   2.5150468e-01   6.2340604e-01   5.6476355e-01  -1.3589310e-02   1.2639656e-02   1.2247858e-01   3.2348534e-01  -1.1763929e-01   4.7086996e-01  -3.7436230e-01   6.3343170e-01  -3.9145550e-01  -7.3054571e-03   1.1047793e-02   2.6091516e-01   1.6303492e-01   5.9204071e-01   5.9114206e-02   1.7535234e-01   3.4989698e-01  -2.7990616e-01  -1.4444407e-01  -4.3837233e-01   7.4635210e-02   1.7934887e-01  -6.9966062e-02  -2.1362776e-01   2.8043743e-01   1.6544918e-01  -2.5214262e-02   5.3316475e-01   6.9605250e-01  -1.5635178e-01   4.1887765e-01  -1.0268931e-01  -3.6217991e-01   9.3602721e-02   4.0390702e-01   2.3239940e-01  -2.2810329e-01   5.0091737e-01  -9.4305580e-02  -2.2640477e-01  -2.6600354e-01   7.1174896e-01  -2.2246994e-01  -1.0497339e-01   1.7326921e-01  -2.7379531e-02  -4.6784816e-01  -2.9220326e-01  -1.1919670e-03  -1.1638301e-01   3.1313673e-01   3.0440561e-01  -1.2637394e-01   8.0201449e-01  -1.9973249e-01   2.7164141e-01   3.7187681e-01  -3.1200388e-01   7.0969998e-01   3.0534683e-01  -5.0114690e-01   6.1295244e-01   6.5052949e-01  -2.7755266e-01   5.8844108e-02  -8.0248773e-02  -2.4599860e-01   1.7492885e-01   2.6423068e-02   1.7027890e-01  -4.2254540e-01   3.0835682e-01   1.8110079e-01   2.2241118e-01  -1.5947295e-01   1.3473580e-01  -2.6083086e-01  -3.6354002e-01   6.3459552e-01  -3.9853704e-02   5.4387427e-01  -5.2493097e-01   2.5538211e-01   2.7057910e-02   7.5269326e-01   5.6689345e-01   3.2561899e-01  -2.5929375e-01  -5.5491674e-02   4.7754400e-01  -1.9249839e-01  -1.4053305e-01  -4.6152345e-01   6.1690307e-02   3.8745981e-01  -2.4114058e-01   1.7749690e-02   3.8936594e-01  -1.4081842e-01  -2.8423442e-02  -4.0179356e-01   8.8726090e-02   9.3488245e-02   2.8500747e-02   2.3662701e-01  -2.3648502e-01  -3.1218725e-01   2.6358942e-01   2.1230305e-01   1.0101855e-01   5.4018185e-01   6.2288139e-01   4.5256836e-01  -1.7202303e-01  -1.6821219e-01  -5.8869029e-02   2.1069946e-01   2.3084051e-02   1.5155171e-01  -3.6033330e-01   3.2490227e-01  -3.4237088e-01   1.1404180e-01   4.1490722e-01  -3.9222218e-01   4.7741689e-01   8.0001358e-02   2.1573133e-01   4.4260464e-01   3.3912114e-01  -3.8086636e-01  -2.8994974e-01   4.3892232e-01   6.4003726e-01   1.5603486e-02   3.3275902e-01  -4.2717790e-01   4.8547848e-01  -1.4372806e-01  -2.6164778e-01
  -1.0635948e-01  -3.3182973e-02   3.5570653e-01   1.9611747e-01  -2.2862847e-01   0.0000000e+00  -1.5948800e-03  -1.7316898e-01  -1.0663043e-01   6.0007149e-02   1.9451256e-02  -3.7857189e-01   3.0472870e-02   9.3930713e-03   2.8721386e-01   1.0992063e-01   4.2270112e-01   8.8292584e-02   6.2314452e-02   2.7019086e-02   2.2581505e-01  -5.6005120e-02   3.2521835e-01  -1.4813451e-01  -3.1862098e-01   1.0245552e-01   2.6372895e-01   4.9762780e-01  -3.5142514e-01   1.2749811e-01   2.0828707e-01  -2.0831200e-01  -2.6060780e-02   2.4256420e-01  -2.2634450e-01   2.4650889e-01  -1.6967136e-01  -1.4180570e-01   1.2059615e-01   2.4619756e-01   6.2537880e-02   1.0207322e-01  -5.0913806e-01   5.8339984e-02  -4.4134129e-02   1.2999414e-02   4.4398617e-01   1.9704174e-01  -2.6472913e-02   2.4015386e-02   6.0447266e-03  -2.1631570e-01  -1.3178874e-03  -3.5307959e-01   1.2495604e-02   2.7821269e-01   2.1149010e-01  -1.3186268e-01  -6.4563136e-02  -3.1712299e-01   2.5630670e-02   2.7266188e-02  -2.6224712e-01   9.5249067e-02  -2.6303464e-01   9.7480227e-02   8.6268203e-01  -8.6251231e-02   4.2753818e-01   1.8047301e-01   4.3780610e-02   1.6466137e-02  -7.0372164e-02  -1.6948525e-01  -4.7192883e-01  -6.7448077e-02  -2.1185149e-02   1.2697483e-01  -2.2361089e-01  -1.9998132e-01   4.2070685e-01   4.7573183e-02   4.0364723e-01  -4.9863810e-02   2.6999276e-01  -1.7747649e-02   4.9767564e-02  -1.9414164e-01  -3.9244215e-01  -5.6285506e-02  -1.8549851e-01   1.6038805e-01  -5.3887863e-02  -5.4095481e-03  -9.1210408e-02  -1.9896594e-02  -2.4555988e-01   2.7771862e-02  -1.8972778e-01  -5.6373514e-02   3.4275552e-01   1.0620339e-01   1.5554256e-01   2.2081385e-01   1.5637525e-02  -2.0742015e-01  -2.0941355e-01   7.4631189e-02   1.2677241e-01   2.8536968e-01   2.4784043e-01  -4.3918978e-02  -1.7397344e-01  -1.6088454e-02   4.3597985e-01  -2.2505277e-01   2.3325334e-01  -2.2989819e-02   4.1169665e-01   2.0030566e-02  -1.6066950e-01  -1.8810141e-01  -4.6955762e-01  -2.0157932e-01  -1.4811883e-02  -6.0844384e-02  -1.4852060e-01  -2.1459254e-01   8.5566716e-02   4.6418172e-01   9.5891374e-02   1.8436552e-01  -3.2187033e-02   2.4158492e-01  -1.6967131e-01   2.3156343e-02  -4.7671565e-01   5.1749669e-01   3.9872869e-03  -2.3508338e-01  -1.9136023e-01  -6.7496435e-02   3.9720899e-01   7.3580075e-01   1.6927552e-01  -1.0974844e-01  -5.6435147e-02   8.2774633e-02   1.6406919e-01  -4.7992415e-02   1.3874485e-01   3.1986973e-01  -1.2331048e-02   1.0560502e-01   3.5482471e-01  -3.3074712e-01  -5.8829845e-02  -1.2115653e-02   1.7961968e-01   2.3592860e-01  -2.7759592e-01   3.3947446e-01   1.8658014e-01   6.3273340e-02  -2.9610987e-01  -2.1326064e-02   2.5025127e-02   3.2403759e-01   1.3429314e-01  -1.3857154e-01  -1.5531911e-01  -9.3941177e-02   1.1074667e-01   6.6042739e-01  -2.9380610e-01   2.7493993e-01  -2.2009842e-01
  -5.5182321e-01   1.2991947e-01  -3.7017973e-01  -8.9803080e-02   2.5173574e-01  -1.5948800e-03   0.0000000e+00  -1.0972537e-01   3.4215225e-01  -7.8981227e-02   1.3273507e-01   2.3838777e-01  -2.3517638e-03  -4.0296348e-01   5.6202556e-01   3.0226645e-01  -4.4259210e-01   6.4838923e-02  -1.9351904e-01   3.7275399e-01   9.9799143e-02  -1.4372787e-01   4.4872547e-02  -3.7323640e-01  -1.2255472e-01  -3.7744825e-02   4.9048673e-01   1.3600077e-01   2.0336245e-01   2.8801479e-02   2.2090260e-01   1.2649959e-02  -1.5144108e-01   7.3943133e-01   3.3629142e-01   3.0181903e-01   2.8012226e-01  -3.9289507e-01   1.6521027e-01   8.5914814e-02  -1.8172615e-03  -4.2568865e-01   3.4814165e-01   4.8512254e-02   2.3763909e-01  -5.8296139e-01  -7.8901533e-02   6.1926727e-01   3.9251221e-01  -3.9700532e-02   2.6579317e-01   5.5665285e-02   4.4728394e-01  -1.5247511e-01   6.1562582e-03   5.3564024e-02   8.0866477e-03   3.6596058e-02   1.7036258e-01   1.3128184e-02  -4.6381285e-01   5.1917477e-01   1.9625034e-01   1.8151690e-01   2.5285904e-01   3.1938235e-01  -1.2132391e-02   2.5342160e-01  -1.0340754e-01  -5.8705567e-01   1.9920976e-01   8.4391056e-02  -2.1733898e-02  -4.7459076e-01   3.2897691e-02   8.8141042e-02  -5.2621374e-01  -5.3071406e-02   5.0238305e-01  -4.3076384e-02   3.7058944e-01   5.7722711e-02   2.2611766e-01  -3.7906779e-01  -5.1018392e-01  -1.7918827e-01   2.4631592e-01  -3.7638118e-01   1.3640571e-01  -5.3996935e-01   7.4997431e-02  -5.6597196e-01   5.3642288e-01   2.9730151e-01  -4.4188645e-01   2.0821253e-01  -2.5873192e-02  -7.8248670e-02   5.9593784e-02   4.1096150e-01  -3.5179157e-01   3.4950357e-01   2.7548845e-01  -4.0787016e-02   1.3236205e-01   2.9752815e-02  -1.2311102e-01  -1.3289769e-02   3.1844620e-01   1.7559466e-01   4.6917604e-01  -4.9023141e-02   6.9033530e-02  -5.1428316e-01  -1.8369032e-01   3.6754241e-01   2.8763360e-01   3.0957386e-01  -3.7724464e-01   9.8391950e-02  -4.4068068e-01   3.2162235e-01   2.0860912e-01   7.3743381e-02  -5.5147741e-01  -4.4776924e-01   1.7164040e-01   1.7580700e-01   9.0332519e-02  -5.2797412e-01   6.4968232e-02   5.5794569e-01  -4.4835670e-01   2.9757917e-01   7.3386480e-02  -4.6317065e-02  -4.5756293e-02   8.3473731e-02   4.6408126e-02  -4.0491361e-01  -4.6858020e-01   2.4043753e-01   7.7038640e-02   2.7854036e-02   7.4658762e-01   1.4798672e-01   4.3711708e-01   1.8889808e-01   2.2997974e-01   2.9498834e-01  -5.1168361e-01   6.5611675e-02  -4.4640637e-01   3.1467502e-01   3.7294649e-01  -3.4229687e-01  -4.9784251e-01   7.6927245e-02  -6.1025885e-01   2.3293593e-01  -5.1444674e-03  -6.3520041e-02  -1.3312421e-01   4.2971891e-02  -2.1628341e-02   7.1601500e-01   3.9247272e-01  -3.0731869e-01  -5.2101356e-01   4.4638138e-01   4.7228759e-01  -2.5479447e-01   2.0192520e-01   4.0101420e-02   1.3334601e-01  -1.1257453e-01  -2.0840155e-01
   1.6885480e-01   2.3104106e-01  -2.0676726e-01   1.3441286e-01  -2.2415114e-01  -1.7316898e-01  -1.0972537e-01   0.0000000e+00   1.4783611e-01  -1.3435896e-01   1.6897008e-01   9.9873167e-02  -2.1707054e-01   1.7508434e-01  -1.2974725e-01  -3.4532675e-02  -1.5036609e-01  -6.6453050e-02   7.6692280e-02  -2.4713155e-01  -2.8765595e-01   3.4503102e-01  -2.8483876e-01   3.6157145e-02   1.3062235e-01   4.0371971e-01  -1.1355546e-01  -1.1004923e-01  -1.4606580e-01  -1.5863879e-02  -1.1323544e-01  -4.0081932e-02  -5.3260254e-02  -2.4008589e-01  -1.2546457e-01  -2.3975408e-01  -1.3447023e-01   1.4254226e-01  -7.9151782e-02   6.0273511e-02  -2.1970164e-01   5.8725714e-02   1.6828519e-01   3.4028223e-01  -2.0047448e-01   1.2639411e-01  -2.3789811e-02  -1.2869189e-01  -1.9614643e-01   1.8555160e-01  -3.1415318e-01   4.8258190e-01  -1.1029828e-01  -1.3795596e-01   3.6428084e-02   1.3182733e-01   4.0579628e-02   7.1635868e-02   8.8836682e-02  -4.2216486e-03  -1.2633018e-02  -2.8352334e-01   2.7140448e-01  -4.8470777e-02  -1.0915106e-01  -2.5287487e-01  -2.0645849e-01   1.9352729e-01   1.8564550e-01   8.5265723e-02   7.4607471e-02  -1.5213010e-01  -1.0000843e-01   2.7601486e-02   8.1742966e-03   1.9477596e-01   1.4659411e-01   2.7447835e-01  -8.9823939e-03   2.5196246e-01  -7.9533901e-02  -1.2888553e-01  -8.0976702e-02   6.4158175e-01  -6.6355601e-02   2.6734232e-02  -4.9393575e-02  -1.3559974e-01   8.1761255e-02   6.1877612e-02  -1.1958819e-01  -1.4919897e-03   6.9963022e-02  -1.6524532e-01   2.0352535e-01  -2.0103206e-01   1.0297203e-01   4.4407083e-01   1.0325512e-01  -3.2102263e-01  -1.0616538e-01   1.6778309e-02   1.1411033e-01   2.4623624e-02  -2.4906037e-01   1.5898680e-01  -1.1216100e-01   5.1665403e-01  -2.9072749e-01  -4.1691734e-01  -1.2591468e-01   1.1591036e-01   5.7489811e-02   1.6819931e-01  -1.6982905e-01   1.3913355e-01   2.5796692e-01  -2.8745533e-01  -1.7884371e-01  -2.1273575e-02  -1.2523077e-02   2.7548596e-02  -1.4929891e-01  -1.2962254e-01   1.5102877e-01   3.6390005e-02  -1.2913991e-01   1.8885975e-01   3.1982974e-02  -6.3750964e-02  -2.3420458e-02   2.5020627e-02   2.5975071e-01  -3.2640076e-01  -1.9024886e-02   3.2388375e-01   6.1990063e-02  -1.3272844e-01   8.7588736e-02   1.0714812e-01   1.7793066e-01  -2.9158876e-01   1.0015935e-01  -3.1772591e-01  -2.3716915e-01  -1.4869034e-01   4.7714373e-02  -2.3642355e-01  -1.0494113e-01  -2.7906625e-01  -1.0176014e-01   2.6246569e-01  -1.1230171e-02   4.2332419e-02  -2.8334888e-02  -2.7894307e-02   2.9034467e-02  -4.2215717e-02   6.6212389e-02   1.3694483e-01   2.0732608e-01   1.3615860e-01  -2.3412632e-01  -1.8830418e-01   9.7319787e-02   8.2998134e-02   9.7342232e-02   1.1927462e-01   1.2279350e-01  -2.0243441e-03   3.0881118e-02   2.3448040e-02  -6.0963518e-02  -2.2504845e-01  -1.0870738e-01  -9.8460046e-03   3.6777058e-01
  -2.5619665e-01   3.5462653e-01  -3.9184567e-01   1.6485516e-01   2.1691240e-02  -1.0663043e-01   3.4215225e-01   1.4783611e-01   0.0000000e+00  -5.7281219e-01   6.4174825e-01   6.1003238e-02   7.9231627e-02  -3.8062924e-01   7.2861591e-02   1.1349217e-01  -3.0913654e-01   7.7418440e-02   5.2423342e-02   1.1383396e-01   1.1963074e-01   3.0693208e-01  -4.6192528e-01  -3.9264910e-01  -2.7856567e-01   3.1210031e-01   3.6122574e-01  -3.6344383e-01   8.4657888e-02   3.5508210e-01  -1.8748349e-01   7.0849187e-02  -1.4316742e-01   4.2181595e-02   2.9418406e-01  -4.4018411e-02   2.5461949e-01  -2.6670694e-01   1.8814883e-01  -2.4158298e-01   1.0916721e-01  -4.0582830e-01   2.3773947e-01   2.6363775e-01   2.4518180e-01  -2.7696406e-01   4.2923414e-02   2.5777167e-01   3.5038557e-01  -9.9500754e-02   7.5798985e-02   3.0418689e-01   4.5505105e-02  -4.4985545e-01  -7.1113928e-02   1.3764281e-01   1.2395672e-01   3.6840911e-01   2.9331084e-01   5.3009008e-01  -3.2509670e-01   2.2786930e-01   5.5037315e-01   5.3619394e-01   5.7761584e-01  -1.7211297e-03  -6.9556490e-02   1.3911537e-01   1.8869848e-01  -3.5296915e-01  -3.2122502e-02   1.6326322e-01   2.8541247e-01  -3.4320897e-01  -1.7771005e-01   5.0475397e-01  -2.4698658e-01   3.0880227e-01   3.7897396e-01   1.8635745e-02  -2.1445947e-01   2.0104192e-01  -3.7249160e-02  -6.1299396e-02  -4.7521294e-01   1.1958453e-01   3.0957922e-01  -5.2101079e-01   2.4518618e-01  -3.3242364e-01  -1.0994243e-01  -5.6463663e-01   1.1010683e-01   4.1455519e-01  -3.0185069e-01  -4.4541096e-04   9.0012020e-02   3.2698468e-01   1.6436997e-01   2.3516628e-02  -6.0811712e-01   3.0628432e-01  -1.0956651e-02   4.1998151e-01  -1.2681451e-01   2.9969553e-01  -4.1797158e-01   3.6186118e-01   1.7408819e-02   8.0119355e-03  -4.7820259e-02  -1.0416294e-01   2.3381352e-01  -3.2010877e-01  -5.1898871e-01   2.8067893e-01   4.1435562e-01   1.4255052e-01  -3.7945723e-01   1.9063405e-01  -3.4556595e-01   3.7981072e-01  -4.3912824e-02  -8.8814182e-02  -3.4852950e-01  -2.7244163e-01  -1.1921377e-01   2.0635669e-01   4.3385465e-01  -3.1686459e-01   1.4206115e-01   5.2041644e-01   3.3571214e-02  -7.4430355e-02   2.3810179e-01   4.5128784e-01  -1.5024902e-01  -1.5309290e-01   4.6699006e-01  -2.3561613e-01  -2.9763143e-01   1.2229507e-01   3.3731702e-01  -2.4392753e-01   2.6876407e-02  -1.4619741e-01   1.6841550e-02   1.3866491e-01  -1.1716307e-01   1.7466549e-02  -6.3325183e-01  -6.6739469e-02  -5.4959038e-01   3.9540319e-01   3.9534812e-02  -3.7134072e-01  -3.2998344e-01   1.4126887e-01  -5.1551417e-01  -1.8569330e-01  -6.0292075e-02   3.9348536e-01  -4.2838655e-01   1.5184829e-01   1.6991923e-01   4.2530078e-01   3.2611724e-01  -3.4730291e-01  -4.2426081e-01   2.1355287e-01   1.1307145e-01  -2.4632425e-01   4.6564313e-01  -1.0486968e-01  -1.2264813e-01  -2.1923695e-01   1.7047673e-01
  -1.0552194e-02  -1.7765617e-01   2.7463100e-01  -9.1985075e-02   4.6757704e-01   6.0007149e-02  -7.8981227e-02  -1.3435896e-01  -5.7281219e-01   0.0000000e+00  -2.9809007e-01   1.7267022e-01   2.3658868e-01   1.2752135e-02   2.8453729e-01   1.6895554e-01   1.7758703e-01   1.2664777e-01  -2.5351792e-01   4.4841881e-01  -4.5074863e-02  -5.1556638e-01   4.2706099e-01   1.6444737e-01   8.2358325e-02  -1.4571395e-01  -3.6034759e-02   4.5911433e-02  -3.9257012e-02  -5.2695919e-01   3.1225355e-01  -1.3717469e-01   2.9965117e-01   2.5687495e-01  -9.4586502e-02   3.8814173e-01   1.2585860e-01  -9.3180264e-02  -1.4810190e-01   3.2870089e-01   1.7178140e-01   3.1388285e-01   1.6939627e-01  -3.7339921e-01   1.3303059e-01  -4.8164789e-02   1.6717992e-02  -1.4096743e-01  -2.6510233e-01   3.5366057e-01   2.1170202e-01  -5.3085354e-03   1.0515605e-01   4.7333094e-01  -2.1881572e-01  -8.9437969e-02  -3.4289279e-01  -2.3657602e-01  -8.9340439e-02  -4.5286021e-01   8.4229647e-02  -1.1116258e-01  -1.4016476e-01  -3.4753793e-01  -1.5456478e-01   4.5598396e-01   4.4063119e-02   1.0761437e-01  -1.1528795e-01   5.8248657e-02   3.3742852e-01   9.0137138e-02   1.0741526e-01   6.0815313e-02   3.1574549e-01  -3.8307635e-01  -1.6593381e-02  -3.7453999e-01   1.7814598e-01  -1.7194792e-01   8.9825534e-02   4.2104642e-02   2.4891642e-01  -1.0010236e-01   2.4263979e-01  -1.0747010e-01  -3.0400314e-01   4.5108446e-01  -3.1496754e-02   4.7938646e-02   5.9932263e-01   3.5148735e-01   3.0592215e-01  -8.7454173e-02  -5.4185588e-02   3.7601241e-01   1.1408692e-01  -5.0367696e-01   2.5819299e-01   3.9145109e-01   4.1765208e-01  -1.2770185e-01  -1.9639398e-01  -4.4951822e-01   4.7232606e-02  -2.6418749e-01   3.4452425e-01  -3.5236078e-01   9.7885539e-02  -1.7099950e-04   3.0081920e-01  -1.8939288e-01  -1.2145196e-01   3.4978645e-02   3.1110491e-01   2.2014122e-01  -1.9671110e-01   3.3711147e-01   8.8145040e-02   6.3445640e-03   1.0608036e-01   2.4856676e-01   2.6879004e-01   1.2233371e-01   1.7704032e-03   7.7057698e-02   3.7223476e-01  -4.3941396e-01  -3.8828530e-01   1.2674921e-01   9.4900092e-02  -8.5325778e-02  -1.0064030e-01   1.0779140e-01   2.2670600e-02  -2.4529203e-01  -1.8257617e-02   5.4207803e-02  -1.3303371e-01   1.1826917e-01   1.6248500e-01   3.4257026e-02  -2.9213032e-01   1.5529242e-01   2.2008431e-01   1.5486444e-01   2.6491355e-01   2.4586628e-01   5.8232769e-01   3.2240928e-01   3.2923867e-01  -7.5764123e-02   2.9496817e-01  -5.4490589e-02   2.3663640e-01   1.1389170e-01  -5.5268002e-02   1.4509686e-01   2.2929666e-01   1.0970155e-01   2.6461043e-01  -4.4034811e-01   7.6528019e-01  -6.9564251e-02  -7.5157572e-02   1.2250659e-01   8.9520350e-02   4.5532223e-02   9.7216225e-02   1.5424309e-01   3.7182033e-01   2.4734906e-02  -1.4019334e-01  -4.1134649e-02   3.6164528e-01   2.0316724e-01  -3.4084215e-01
  -1.8832114e-01   3.5821840e-02  -2.0958465e-01   4.4730987e-01   2.0112933e-02   1.9451256e-02   1.3273507e-01   1.6897008e-01   6.4174825e-01  -2.9809007e-01   0.0000000e+00   4.3826030e-02  -6.1847276e-03  -2.8347093e-01   5.1924758e-02   1.4672275e-01  -1.7370411e-01   2.9236058e-01   2.1022270e-01   1.1207762e-01   2.0873114e-01   2.0408976e-01  -2.1269613e-01  -2.7344441e-01  -2.5106095e-01   4.3043075e-01   1.6427593e-01  -3.3390826e-01   4.5132196e-02   2.2176318e-01  -2.5329583e-01   1.0733350e-01  -5.0997702e-02   6.2710916e-02   3.2265078e-01   1.7012031e-01   1.4209124e-01  -1.2786622e-01   1.9653896e-01  -1.6523429e-01   1.7417116e-01  -1.0529864e-01   1.6690968e-01   3.9021835e-01   2.8268847e-01  -2.5252477e-01   4.2396243e-01   7.9450938e-02   2.0700448e-01  -9.7764481e-02   2.0588843e-01   2.6282901e-01   9.2488662e-02  -2.4385108e-01  -1.9406184e-01   3.3237066e-01   1.4343452e-01   3.2734470e-01   4.7305275e-01   4.0368153e-01  -1.5886067e-01   8.9659173e-02   3.4537378e-01   4.1376215e-01   4.0459115e-01   1.9140554e-01   1.2098498e-01   3.4057436e-01   4.5746672e-01  -2.2665488e-01  -6.4116540e-02   3.3838980e-01   2.1701148e-01  -2.8603925e-01  -7.4088720e-02   4.6302619e-01  -1.5514438e-01   2.8854545e-01   2.1612376e-01   7.3670761e-02  -1.2655755e-01   1.6872410e-01   1.1168269e-01  -4.0450692e-02  -3.4318214e-01   2.3114675e-01   2.4519095e-02  -3.0549007e-01   1.8905337e-01  -2.8493780e-01   5.8420883e-02  -2.9815066e-01   9.1570096e-02   4.4247167e-01  -2.5656117e-01  -7.3494859e-02   1.9248682e-01   2.4948104e-01   2.4524597e-01   2.8168583e-03  -4.4566271e-01   5.7824048e-01   5.7860958e-02   3.8295411e-01   9.5226362e-02   2.9030620e-01  -2.0119359e-01   3.7608132e-01   2.7131218e-02   1.3944680e-01   1.4803397e-01   1.4199218e-01   4.0433852e-01  -2.5640866e-01  -3.6608634e-01   2.1436660e-01   4.9793538e-01   1.4859513e-01  -2.6427522e-01   4.1860375e-01  -2.2087599e-01   2.2673118e-01   3.7823378e-02  -2.8142320e-03  -3.2163700e-01  -4.0152835e-02  -3.5451212e-02   6.0518094e-02   2.9526651e-01  -1.7608413e-01   1.9430896e-01   5.5029304e-01   1.8142196e-02   9.9572634e-02   2.9380378e-01   4.2340507e-01  -4.6536960e-02  -6.6439783e-02   4.5042726e-01  -2.7064313e-01  -1.3992710e-01  -1.0941549e-01   5.1209927e-01  -9.9748125e-02  -3.4649656e-02  -3.3348047e-02  -2.4155282e-02   2.9445596e-01   8.4539176e-02  -6.2337351e-02  -4.0492383e-01  -8.9684476e-02  -3.1861685e-01   5.7870958e-01   3.7548697e-02  -2.7038538e-01  -2.4118092e-01   3.5603884e-01  -2.9940750e-01  -5.9422641e-02   7.4133857e-02   5.0202589e-01  -8.8354457e-02   2.3122411e-01   2.3671889e-01   2.8028266e-01   5.4977480e-01  -1.8383281e-01  -2.2887042e-01   1.1849035e-01   1.1521865e-01  -1.9707615e-01   5.0330146e-01  -8.3711408e-02  -4.4646918e-02  -1.2496251e-01   2.1517371e-01
  -3.9969378e-02   4.0419870e-01   1.0378754e-01  -1.0326312e-01   2.0931310e-01  -3.7857189e-01   2.3838777e-01   9.9873167e-02   6.1003238e-02   1.7267022e-01   4.3826030e-02   0.0000000e+00  -3.4617132e-01  -6.6546303e-02   1.9504675e-01  -1.3532766e-01  -5.6457499e-02   1.7459721e-02  -1.5584812e-01   8.4450625e-02  -2.4266824e-01  -2.1806364e-01  -1.5496295e-01   2.0700943e-01   2.2021588e-02   1.6832146e-01  -2.4367889e-01  -1.2935040e-01   2.5013604e-01  -3.1994039e-01  -4.2909581e-02   1.0596035e-01  -2.0861445e-01   1.1120436e-01   4.5164442e-01  -1.0912435e-01  -8.3665987e-02  -1.4790454e-01  -1.9737750e-01   9.9352709e-02  -1.8125795e-01  -5.8457896e-02   5.1878956e-01  -1.0121159e-01  -7.5626400e-02  -1.3803989e-02  -1.9018317e-01  -1.0763250e-01  -2.1360639e-01   2.9935386e-01   5.1324314e-02   3.2520616e-01   1.8263304e-01   3.5868848e-01  -3.7182006e-02  -7.6131310e-02  -9.8553667e-02   4.1805114e-02   2.0148540e-01   1.2315009e-01   5.3628333e-02   1.3290180e-01   4.9004550e-01  -1.1384639e-01   4.0425830e-02  -1.2619858e-01  -2.9540815e-01   4.3207448e-01  -1.0721007e-01  -8.2334943e-02   1.9050118e-01  -8.6416810e-02  -8.4429364e-02   3.9056434e-01   3.3904601e-01   4.6965103e-02   1.3453546e-02  -2.4324608e-02   3.0052544e-01   1.9465302e-01  -1.3774929e-01  -3.2880377e-02  -2.4079678e-01   1.4251045e-01  -5.0352361e-03   1.9712875e-01  -2.8257162e-02   1.6156297e-01   3.7516986e-01   3.9034841e-02   1.3738362e-01   1.1924620e-01   2.4164722e-01   2.6310011e-02   4.0168946e-02   6.2569172e-02   1.2143920e-01   1.3308875e-02  -4.8064808e-02   1.6779069e-01  -1.0609668e-01   1.3688417e-01  -3.0482049e-01  -1.6203255e-01   1.1682504e-01   1.0934104e-01   2.6169306e-01   1.5042233e-01  -6.1875731e-02  -1.9479230e-01  -5.2447172e-03   9.3229924e-02   6.7517260e-02   9.0972206e-03  -2.1404039e-02   2.6608480e-01   3.7254292e-02   1.5494650e-02  -2.8583033e-01  -3.4485307e-02   1.8420910e-01   2.4346711e-01   4.5646530e-01   3.1026365e-01   5.9009569e-04   2.2957111e-01   4.3513081e-01   1.5785693e-01  -2.4623654e-01  -2.7460592e-01  -2.3347023e-01  -6.5700487e-02   1.2232206e-01  -1.5658203e-01   5.2563680e-02   5.2193738e-02   2.5648437e-01  -3.3974544e-01   1.3125781e-01   4.4198936e-02   8.7622780e-02  -5.3348837e-02  -1.7261047e-01  -3.1460687e-01   1.1180657e-01   1.5566033e-01   3.8542276e-01  -1.8333839e-01   2.6554672e-02  -1.8525106e-01   1.6445632e-01  -3.0303059e-01   1.0482315e-01  -2.5882061e-01   1.8624429e-01   2.0605876e-01  -1.3202551e-02   3.5122288e-01   1.1369989e-02  -5.6264248e-02   3.6312103e-01  -2.0807958e-01  -4.9228860e-02  -1.4845457e-01   2.8231682e-01   1.3715408e-01  -5.3602184e-02  -2.3983200e-01  -3.2701378e-02   1.3744530e-01   4.3718870e-01  -1.9746028e-02  -3.2478134e-01  -4.5618698e-01   1.9419637e-01  -5.2661519e-02   1.5602548e-01
  -1.9016730e-01  -3.1799000e-01  -6.7563654e-02  -2.5563226e-02   3.6773244e-01   3.0472870e-02  -2.3517638e-03  -2.1707054e-01   7.9231627e-02   2.3658868e-01  -6.1847276e-03  -3.4617132e-01   0.0000000e+00  -3.6769783e-01   8.2828690e-02   2.9859166e-01  -4.4180998e-02   1.5982279e-01  -5.7290151e-02   4.7368579e-01   9.2108841e-02  -7.2711853e-02   1.4079204e-01  -2.9232581e-01   2.6023619e-02  -2.6171975e-01   3.5701556e-01  -1.2085263e-01  -8.0581164e-02  -1.6025686e-01  -2.7299718e-02  -3.3052584e-02   2.5353468e-01   7.6358205e-02  -6.8450929e-02   2.3888555e-01   2.8600360e-01  -2.1761156e-01   2.5880180e-01   5.5879696e-02   6.0705573e-01   1.5926451e-02   1.4626569e-01  -2.4280215e-01   3.1636014e-01  -3.0536238e-01  -2.8486139e-02  -1.5050235e-01   2.5725112e-01   4.6995796e-02   2.5831600e-01  -1.9590486e-01  -1.1032857e-01   1.2347172e-01  -6.4086885e-02  -6.9927278e-02  -1.9520492e-01  -1.4869598e-02  -3.4306702e-02   5.6734194e-02  -3.1661993e-01   1.4769631e-01   5.0651654e-02  -5.0994826e-02   1.5164310e-01   3.1849067e-01  -5.7702186e-02  -2.4859739e-01  -1.6365012e-01  -2.2840553e-01   1.0875712e-01   1.5707234e-01   3.6803814e-01  -2.7287962e-01   1.0879061e-01  -2.0320841e-01  -3.1526857e-01  -1.0699949e-01   1.4759381e-01  -5.0735542e-02  -1.2932960e-01   2.6617548e-01   1.2183869e-01  -3.3132642e-01  -2.8701258e-01  -2.3822254e-01  -1.2269183e-01  -5.3101450e-02   3.6109321e-02  -2.3567564e-01   2.3641820e-01  -1.2793289e-01   1.7388820e-01   2.3149017e-01  -4.0176155e-01   4.2585193e-01   1.9770799e-01  -2.3428711e-01   2.7978562e-01   2.3441221e-01  -1.5966425e-01   9.0319194e-02  -1.1454125e-01  -1.1244774e-01  -4.7468799e-02   6.2708450e-02   7.7507064e-04  -2.4117237e-01   1.4215316e-01  -4.7676416e-03   5.5606026e-02  -3.5003895e-01   7.1177873e-02  -2.8489668e-01  -1.2535840e-01   7.2099249e-02  -5.9012683e-02   6.2510383e-01  -1.9467307e-01   5.4848269e-02  -2.8798373e-01   3.3456301e-01   5.9805801e-02  -1.7016751e-01  -3.1009212e-01  -2.8319888e-01   7.0186815e-02  -8.3006358e-02   1.7487154e-01  -1.2679656e-01   4.9825360e-01   1.4568892e-01  -2.7378557e-01  -4.1829921e-02   2.2910975e-01  -1.2755898e-01  -5.6473248e-02  -3.9023683e-02  -9.7676800e-02  -1.8911883e-03  -1.7982745e-01   5.2015898e-01  -1.3929083e-01   4.3895725e-02   8.2244347e-02  -1.4302915e-01   5.9190414e-02   2.3222637e-01   2.5740884e-01   4.4974175e-01  -2.8635748e-01  -1.9907223e-01  -2.0321230e-01   1.8281420e-01  -4.8310363e-02  -1.4626710e-01  -2.6975129e-01   1.0998538e-02  -1.6628220e-01  -1.2061832e-01  -3.7637063e-02  -9.1005106e-02   1.9974780e-01   7.6391915e-02  -7.6090270e-02   1.9971008e-01   1.2936143e-01  -1.8597503e-01  -2.6169527e-01   9.9470694e-03   9.6346919e-02  -1.5790504e-01   2.2409337e-01  -4.0631604e-02   1.0005042e-01   4.3134094e-02  -2.3289818e-01
   5.0858630e-01   1.0427563e-01   1.0695979e-01   6.5075014e-03  -2.9690089e-01   9.3930713e-03  -4.0296348e-01   1.7508434e-01  -3.8062924e-01   1.2752135e-02  -2.8347093e-01  -6.6546303e-02  -3.6769783e-01   0.0000000e+00  -3.0856219e-01  -2.3206681e-01   1.5967050e-01  -9.9233107e-02   1.7341907e-01  -3.8815107e-01  -1.4896513e-01   8.2620927e-02   7.9255742e-02   5.0209901e-01   1.5599300e-01   9.7049139e-02  -4.5969354e-01   2.0431954e-01  -1.4530844e-01   6.8036029e-02   2.1765990e-01  -9.6939118e-02  -8.2773998e-02  -3.6304680e-01  -1.6696854e-01  -2.0454483e-01  -3.6837141e-01   3.8598797e-01  -1.6388356e-01  -2.3074661e-01  -1.9209886e-01   1.6180573e-01  -3.5500096e-01   2.9254825e-01  -3.4222447e-01   5.0008324e-01   5.1978029e-02  -2.2684758e-01  -2.2769866e-01  -2.0837738e-01  -2.7186054e-01  -2.3150494e-01  -2.0686290e-01  -2.3143126e-02   5.0781263e-01   1.7924915e-01   2.0025173e-01  -1.4584124e-01  -3.7021298e-01  -3.4491523e-01   4.1335734e-01  -3.4867339e-01  -3.8873446e-01  -3.8470608e-02  -3.0433065e-01  -2.1074748e-01  -4.2030542e-02  -1.2994415e-02   5.6175489e-02   4.7989070e-01  -3.6608455e-01  -2.1935015e-01  -2.1021320e-01   3.0668766e-01  -1.6314144e-01  -1.0563931e-01   4.5258327e-01   1.6619065e-01  -3.0039421e-01  -1.0522443e-01   1.7784238e-01  -2.3755282e-01  -1.2949012e-01   4.2434906e-01   5.0334511e-01   1.1327455e-01   1.8221924e-01   3.7590907e-01  -1.5910857e-01   4.9000379e-01  -1.6322543e-01   3.2118876e-01  -4.1427574e-01  -4.1849325e-01   6.2817615e-01  -2.5661572e-01  -7.9255574e-02   4.3978662e-02  -1.2348177e-01  -3.6025482e-01   5.0271919e-01  -2.5928612e-01   2.5329225e-01   5.2888689e-02   1.1762667e-02  -7.0836535e-02  -4.7926975e-03   1.4956605e-02  -2.5910480e-01  -8.9085027e-02  -2.4187674e-01   3.1209758e-01  -2.9949724e-01   5.4456213e-01   2.4118949e-01  -2.8550192e-01  -1.4958504e-01  -3.9616729e-01   4.4396944e-01  -2.0484938e-01   4.4458415e-01  -3.5924819e-01  -1.2043195e-01   2.3837683e-01   5.2835993e-01   4.3777331e-01  -5.8496551e-02  -2.1548817e-01  -3.3361375e-01   3.8527372e-01  -1.7192639e-01  -2.5718219e-01   2.2567216e-01  -7.9519643e-02  -3.2906294e-01  -1.6359694e-01  -9.5496354e-02   1.7749908e-01  -3.2572050e-01   4.4302123e-01   4.4707295e-01  -3.4272839e-01   2.7958758e-02   5.0221848e-02  -3.2074758e-01   2.8698847e-01  -4.4044607e-01  -1.8215809e-01  -1.9901994e-01  -4.2470855e-01   5.8298446e-01   3.9526486e-01   5.2940842e-01  -1.6858100e-01  -3.4305384e-01   3.9641806e-01   4.8286987e-01  -2.5298010e-01   4.0965231e-01   1.7037188e-01  -1.0717752e-02   6.0624669e-03   4.1547866e-02  -1.1035969e-01  -6.9555530e-02  -3.7025003e-01  -2.5261286e-01   7.5724477e-01   6.1137499e-01  -1.9744316e-01  -3.4669113e-01   3.3074702e-01  -2.7920103e-01   1.2762540e-01  -9.5799419e-02  -2.4492717e-02   1.9513943e-01
