   0.0000000e+00  -6.9779572e-01  -1.1862432e-01   3.6834022e-02  -4.9310900e-01  -4.3447973e-01  -6.9428414e-01  -6.3807404e-02  -4.1422966e-01  -5.6703367e-01   3.0013628e-01  -6.6262208e-01  -3.9253967e-02   6.2313521e-01   2.4400678e-01  -1.3199919e-01  -2.9797834e-01   1.6812074e-01   2.0368913e-01  -4.4966978e-01  -1.2304057e-01   1.5487060e-01   1.9014712e-01   7.4376528e-01   1.3629390e-01   7.1373578e-02  -6.2058086e-01   6.9623765e-01  -2.0398359e-02  -1.9437580e-01   3.8544130e-01   1.9017075e-02  -1.7257863e-01  -6.0351427e-01  -1.7379973e-01  -2.0859896e-01  -3.9130705e-01   4.6219440e-01  -1.2040877e-01  -6.8523842e-01  -2.1594911e-01   1.8800346e-01  -5.2892042e-01   5.3758724e-01  -1.5211353e-01   6.9823466e-01   4.5294880e-01  -6.3247222e-01   9.5338961e-02  -4.9476379e-01   2.0764481e-01   1.3605347e-01  -6.5385688e-01   4.5534672e-01   5.9790227e-01   5.3797298e-01   7.5994225e-02   3.0247229e-01  -3.9250239e-02  -6.3143871e-01   3.8749753e-01  -1.4063660e-01  -4.5502237e-01  -2.2729454e-02  -1.4471144e-01  -3.2733695e-02  -5.0131802e-01  -5.0507823e-02  -5.0438844e-03   3.3421674e-01  -6.5566108e-01   3.3883260e-01  -2.9016193e-01   7.3904736e-01  -1.1375697e-01   1.4558066e-01   6.5355614e-01   4.6608281e-03  -6.0025147e-01   1.1533736e-01   1.1281744e-01  -5.9226540e-02  -2.5612213e-01   1.6453343e-01   6.4122446e-01   7.0156288e-02   2.5333782e-01   7.6747198e-01  -3.4399761e-01   8.0473767e-01  -4.7211833e-01   2.5521419e-01  -6.4076270e-01  -2.6782828e-01   6.4586290e-01  -4.7686485e-01  -9.4133214e-02  -4.8288571e-02  -1.2072127e-01  -3.5274199e-01   6.3133904e-01   4.9385666e-01   2.8439513e-01  -6.2602287e-01   2.1280751e-01  -2.4608941e-02   3.0010061e-01  -1.6155803e-02  -3.1525436e-01  -3.0245020e-01  -2.6778115e-01   4.1616785e-01   1.7410302e-02   7.9083597e-01   7.5285657e-01  -3.9672572e-01   2.2893956e-01  -2.6088717e-01   3.7868359e-01   1.3039630e-01   5.9280564e-01  -4.4490856e-01  -2.4934743e-01  -3.5183902e-01   6.7957942e-01   5.2548992e-01  -1.8123145e-01   1.3446570e-01   3.4009945e-02  -3.3466981e-01  -2.1938116e-01  -3.5031716e-01   4.6090416e-01   1.3239567e-01  -1.0663784e-01   1.9333066e-02   1.9807952e-01  -3.2200329e-01   4.3893643e-01   6.7240963e-01   7.7016205e-01   4.3353026e-02   2.4577951e-01  -5.9363112e-02   2.7882948e-01  -6.2627523e-03  -5.3149031e-01  -1.3391613e-01  -7.5779963e-02  -4.7787957e-01   8.0146306e-01   4.9446034e-03   7.9704358e-01  -3.0397793e-01  -6.4806190e-01   5.8171985e-01   7.3558369e-01  -1.4736994e-01   9.4836169e-02   5.8839529e-02  -4.0757969e-01   1.6569482e-01  -4.4476291e-01   3.0520810e-01  -2.4377136e-02  -6.5483586e-01  -5.7627653e-02   6.4136343e-01   7.7958340e-01  -6.0137251e-01  -7.1929685e-01   4.6308544e-01   1.6811606e-01  -4.6620040e-02  -8.4378267e-02   9.0529309e-03  -2.1972002e-01
  -6.9779572e-01   0.0000000e+00   4.3117716e-01  -1.1661286e-01   6.7595861e-01   3.9531521e-01   6.1168353e-01   1.2653413e-01   6.1292578e-01   3.7676594e-01  -5.1552282e-01   8.6055350e-01   2.4285816e-01  -5.3963228e-01  -2.2780293e-01   2.3509724e-01   5.6485172e-01  -1.6907594e-01  -2.3459809e-01   5.5630130e-01  -4.0700188e-02  -3.5931409e-01  -5.2483848e-01  -7.3391064e-01  -2.5698169e-01  -1.9154218e-01   7.0937877e-01  -8.0580258e-01   9.1374384e-03   2.0935642e-01  -4.0292411e-01   1.2741227e-02   2.0719503e-01   4.8716763e-01   6.1036455e-02   7.5993997e-02   5.9882278e-01  -5.5730091e-01   2.9465578e-01   8.6465142e-01   3.7401854e-01  -1.1902876e-01   7.3131495e-01  -6.0801398e-01   3.1225166e-01  -5.2795794e-01  -6.1695509e-01   7.7076835e-01   6.4469298e-02   6.9331215e-01  -2.8681033e-01  -9.1392077e-02   7.6144869e-01  -2.9865429e-01  -4.9161393e-01  -6.8525534e-01  -2.8648371e-01  -4.9320407e-01   9.9839482e-02   6.6514328e-01  -2.2761610e-01   2.2780568e-01   6.8838778e-01  -8.3178575e-02   3.8845014e-01  -3.4632503e-01   4.6811171e-01   1.5583027e-01  -1.5901430e-01  -2.8838326e-01   7.8777274e-01  -5.0058589e-01   3.3089887e-01  -7.1083576e-01   1.8967258e-01  -2.0755061e-01  -6.4015756e-01  -1.1496079e-01   6.5315391e-01   5.6761375e-02  -3.6266011e-01   1.6480878e-01   2.5797712e-01  -1.7044340e-01  -6.1628468e-01  -1.8131188e-01  -2.3611864e-01  -7.3240948e-01   3.8274548e-01  -7.6243569e-01   5.9408886e-01  -1.9058232e-01   6.4795654e-01   3.2347724e-01  -6.5437269e-01   6.9841889e-01   1.7103178e-01   2.2403575e-01   2.3333933e-01   2.9377987e-01  -5.6170266e-01  -5.3565971e-01  -3.7514276e-01   7.7039802e-01  -3.2291914e-01   9.7271940e-02  -2.5523554e-02  -6.3775115e-02   5.3981816e-01   2.2102057e-01   8.1064719e-02  -5.9587356e-01  -1.1630422e-02  -7.6491386e-01  -7.7461819e-01   6.5260608e-01  -2.7382527e-01   3.4216760e-01  -4.2277603e-01  -2.5061441e-01  -6.0680946e-01   5.8982700e-01   2.7506598e-01   5.3865852e-01  -6.5860140e-01  -5.0079040e-01   1.6182519e-01   9.3193079e-02  -1.9222876e-01   5.0071116e-01   3.6085501e-01   2.1929593e-01  -2.3995309e-01  -2.6790472e-01   8.4982697e-02  -3.4846825e-02  -3.1108455e-02   3.0921138e-01  -4.7935575e-01  -6.8250474e-01  -6.9494338e-01   7.5263222e-02  -4.0098214e-01  -3.5624909e-02  -3.0128460e-01   1.0197951e-01   4.8950245e-01   6.3116572e-02  -2.1057519e-01   5.6006586e-01  -8.0628812e-01  -4.9742664e-02  -6.1879476e-01   2.8920257e-01   8.6849334e-01  -6.4330520e-01  -7.2685828e-01   2.1110638e-01   1.4435205e-02  -2.9972603e-01   3.0981783e-01  -3.5393924e-01   2.7958026e-01  -3.6126086e-01  -1.1990535e-01   3.9154334e-01  -8.0818961e-02  -7.6118081e-01  -7.6308944e-01   8.0880024e-01   6.9079324e-01  -4.8795103e-01  -2.1505418e-01   1.1264199e-01  -6.2000337e-03   7.8686473e-02   2.0468265e-01
  -1.1862432e-01   4.3117716e-01   0.0000000e+00   9.1279294e-02   3.9425381e-01   2.7975487e-01   8.2663664e-02   1.0101295e-01   1.9157924e-01  -1.1667919e-01  -3.0882520e-01   5.4732365e-01   2.7377191e-01  -7.5382013e-02  -2.0049197e-01   1.9765947e-01   8.5349017e-01   9.4521595e-02   3.0849643e-02   3.5031693e-01  -4.0145836e-01  -2.5232744e-01  -4.7041243e-01  -3.4485618e-01  -3.3420336e-01  -1.7114020e-01   4.3917930e-01  -2.7098733e-01  -1.3348078e-01   5.6068096e-02  -3.3118836e-01   5.9471021e-03   2.5113734e-01   1.3850851e-01  -5.5321690e-02   9.5095414e-02   1.5731133e-01  -5.3987086e-01   2.1796631e-01   4.9585842e-01   2.4038080e-01   2.5050253e-01   4.0083828e-01  -2.6069260e-01   2.3630167e-01   5.0926608e-02  -1.3031554e-01   1.2032218e-01   1.3078898e-01   3.8948920e-01  -7.7479359e-02  -8.2934413e-02   1.9766284e-01   1.2773959e-01  -9.6311658e-02  -3.1285050e-01   1.4451953e-01  -2.1973576e-01   2.7646288e-02   4.5420560e-01   4.6880040e-01   2.0658427e-01   3.5369031e-01  -1.1320757e-01   1.5913005e-01  -4.8270669e-01   2.2599383e-01   2.9136398e-01  -7.8727845e-02   3.5991571e-01   2.1584428e-01  -1.3322718e-01   9.5873231e-02  -6.9621097e-02   6.6093599e-02  -1.7576626e-01  -2.7193859e-01  -1.9548806e-01   1.9081859e-01  -7.6766276e-02  -2.6086686e-01   1.2609497e-01   3.0641840e-02  -1.6437883e-01  -1.1420386e-01  -1.7892914e-01  -1.4284535e-01  -1.9287419e-01   2.5859723e-01  -3.4150105e-01   3.7550531e-02   4.5213092e-01   2.6598970e-01   2.0521872e-01  -3.9613323e-01   4.3469707e-01   5.5026788e-02  -1.1239540e-01   2.4519552e-01  -3.9366615e-03  -2.3281776e-01  -1.7365023e-01  -1.8032883e-01   3.0474217e-01  -2.3605897e-01   8.3387799e-02   4.0458881e-01  -1.6824659e-01   2.5939516e-01   9.8690036e-02   1.6087338e-02  -3.1590508e-01   1.4221110e-01  -2.8150048e-01  -2.5853575e-01   3.1475725e-01  -1.3452558e-01   1.8910202e-01  -5.5010303e-02  -8.1344339e-02  -1.7604624e-01   2.1756826e-01   3.1076731e-01   2.3653383e-01  -2.8935553e-01  -3.9404707e-02   9.4569168e-02   5.3606413e-02  -1.5491907e-01   5.8231533e-01   3.3275578e-01  -1.2646481e-01   2.0966940e-01  -3.3712755e-01   1.3972726e-01  -1.0216106e-01   1.6411108e-01  -7.0701552e-02  -1.1835841e-01  -4.2755239e-01  -3.1779907e-01   1.4580224e-01  -2.8973254e-01   2.5672321e-01  -2.6054879e-01   9.1887571e-03   2.6884892e-01   6.0147899e-02  -2.2256108e-01  -3.3752105e-02  -2.2519236e-01  -2.0081062e-01  -1.0130879e-02   1.2797629e-03   5.4806842e-01  -3.8585305e-01  -2.1416516e-01   5.0767372e-02   5.9362263e-01  -3.8986849e-01   7.1337252e-02  -2.7104540e-01  -2.1606515e-01  -1.2553066e-01   3.1748466e-02  -1.4242530e-01   2.2876513e-02  -3.0245649e-01  -1.7131362e-01   2.8752956e-01   8.7608262e-02  -3.3850750e-01  -1.7212718e-02   3.6845958e-01   3.5599716e-02   8.9983119e-02   1.7430393e-01
   3.6834022e-02  -1.1661286e-01   9.1279294e-02   0.0000000e+00   2.8503709e-01  -1.0031944e-01  -2.6852723e-01  -2.0513620e-03   1.7687943e-01  -6.9398028e-02   7.0989380e-02  -7.3637210e-02   4.1552760e-01   9.9873093e-02   1.3433748e-01   4.4580887e-01  -9.4162320e-02   5.9378419e-01   1.9560324e-01   1.1489613e-01  -7.5935326e-02   6.0579052e-01  -1.4985547e-01  -1.7536539e-01   3.8303331e-01   9.1432383e-02   2.4228779e-02  -8.0715709e-02   4.2543694e-02   4.7224168e-01   4.7800543e-02   3.3691538e-01   5.5419583e-01  -4.1195101e-01   1.7686596e-01  -6.0648477e-02   3.3196500e-01  -2.3859163e-01   3.9083121e-01  -1.6260880e-01   1.7869542e-01   4.0819037e-01   5.0013293e-02   4.6739557e-02   3.8860107e-01   2.0805646e-01   2.0211786e-01  -5.5110963e-02   5.4582286e-01  -4.0543102e-01   3.9244489e-01  -1.8350938e-01  -2.1941391e-01   2.3828598e-01   2.7367665e-02   1.2103057e-01   1.0742059e-01   2.8373984e-01   4.9277349e-01  -6.7739072e-03   1.2172217e-01   3.6101093e-01   6.5651153e-02   1.5910839e-01   3.7704403e-01  -2.8807522e-01   1.7107781e-01   2.4228981e-01   2.1918944e-01   1.2717954e-01  -3.8481918e-01   7.0717559e-01   3.4366036e-02   3.1563172e-01   3.0999084e-02   3.9545572e-01  -1.0500889e-01  -7.2172097e-02  -1.1845913e-01   3.4909764e-01  -2.8130329e-01   1.2888559e-01  -5.2132641e-01   1.9978524e-01   8.5971100e-02   4.6980097e-02   1.2686910e-01  -5.1783171e-02   6.5993616e-02   1.8801778e-01   6.9961128e-02   6.8930904e-02  -3.8027644e-01   3.2315655e-01  -1.0386550e-01   2.2369971e-01   3.6355428e-01  -2.0737516e-01   5.1739725e-01  -3.6849792e-01  -2.5919708e-01   3.0056628e-01   4.9811956e-01   5.7363382e-02   3.9181719e-01   6.3663041e-01   8.2509984e-02   7.1836851e-02   8.7254528e-02  -2.0874935e-01  -3.9694329e-01   4.6298607e-01   7.4570313e-01   6.1853071e-02  -7.2353317e-02   1.3590020e-01  -9.9183806e-02   8.5831457e-02  -2.9585833e-01   7.9066513e-01  -3.1136611e-01   1.4336898e-01  -1.5375788e-02   2.8064178e-01   2.2366642e-01   3.3748828e-01   1.5991329e-01  -1.7794486e-02   5.2838360e-01  -1.1858644e-01  -1.2480428e-01  -3.2098683e-01   3.5206606e-02  -1.8188594e-01   6.0300275e-01   1.8655394e-02   2.5892958e-01  -3.1278501e-01   1.2873822e-01  -5.4211008e-02  -9.9100476e-02   2.1525845e-01   4.2987217e-02  -2.7082820e-01  -3.4327575e-01   5.2233493e-01  -3.4249348e-01   1.3032812e-01  -2.4556203e-01  -1.6200197e-01   1.1370159e-01  -2.8076496e-01   1.0198566e-02  -2.6543231e-01  -1.7452164e-01  -3.2406959e-01  -1.1186603e-01   1.9232962e-01   3.2274893e-02  -1.4621606e-01   2.6015914e-01  -3.3588529e-02  -1.7665324e-01   7.3905901e-01   3.9582914e-01   3.7354184e-03   7.2653786e-02  -5.7332790e-02  -1.5559235e-02  -3.1470364e-01  -3.1822313e-01  -4.8947085e-01   7.3118667e-01  -3.8485856e-02   1.2472029e-01  -1.7039206e-01   6.5301079e-01
  -4.9310900e-01   6.7595861e-01   3.9425381e-01   2.8503709e-01   0.0000000e+00   1.7451480e-01   2.6018998e-01   1.9459022e-01   6.9638208e-01   3.3245186e-01  -2.4695041e-01   5.7520944e-01   5.4348297e-01  -4.2635387e-01   4.3211851e-02   4.2535457e-01   4.0123304e-01   2.8092757e-01  -5.0366792e-02   7.9442888e-01  -3.2639963e-01  -2.9503180e-02  -4.5742917e-01  -6.3798455e-01  -1.5166294e-01  -1.8087407e-01   5.6895062e-01  -7.8817409e-01   8.7523655e-02   4.8808970e-01  -3.9110842e-01   1.9540666e-01   3.3025970e-01   1.2063186e-01  -8.5883884e-02   3.3519801e-01   6.4775103e-01  -4.3729137e-01   5.6754894e-01   6.1526061e-01   5.6731527e-01   3.4460697e-02   6.7363643e-01  -4.2451383e-01   4.8032401e-01  -1.9781182e-01  -2.6883907e-01   5.4510505e-01   3.2295813e-01   3.7080979e-01   8.0969187e-02  -2.1247747e-01   4.6055437e-01  -2.9270585e-01  -5.1149429e-01  -3.8715816e-01  -2.5275090e-01  -2.1384081e-01   4.1656974e-01   5.9510963e-01  -9.3190267e-02   4.7758224e-01   6.5373559e-01   7.9924156e-02   5.8139623e-01  -4.0828724e-01   4.4068192e-01   1.9923460e-01   1.8129780e-03  -1.3818782e-01   3.2963104e-01  -7.3682305e-02   5.3266704e-01  -4.2544729e-01   5.2262312e-02  -7.0743740e-02  -4.3747737e-01  -9.8784207e-02   6.8211912e-01   1.7984203e-01  -6.2455731e-01   3.7078371e-01  -1.7550476e-01  -1.1392569e-01  -5.0171599e-01  -2.1220812e-01  -2.8143219e-01  -6.6197877e-01   3.5976182e-01  -4.8021904e-01   6.0623368e-01  -7.2180427e-02   2.6289008e-01   5.9824593e-01  -4.5307067e-01   8.2303058e-01   4.2559168e-01   1.8645772e-01   6.1392320e-01  -1.2510735e-01  -6.2287316e-01  -6.9569861e-02  -2.4117874e-01   6.7637542e-01  -2.6600218e-01   3.5105402e-01  -6.4262510e-02   9.7302918e-02   5.7410768e-01  -3.6957437e-03  -2.9303807e-01  -2.4357659e-01   2.0215442e-01  -5.5436045e-01  -7.2035943e-01   8.0614360e-01  -2.4209655e-01   5.2233235e-01  -6.1473168e-01   7.4384200e-02  -5.8524041e-01   7.8513658e-01   1.6352243e-01   6.7244494e-01  -3.4870523e-01  -2.3399838e-01   4.2647206e-01  -1.8890321e-02   1.2999601e-02   4.1021821e-01   5.3409636e-01   8.1101849e-02  -1.6622248e-01  -4.0929637e-01   2.9121982e-01  -2.1059329e-02   1.3543794e-01   1.6996007e-02  -3.5875486e-01  -5.9911522e-01  -5.9929106e-01   2.9322989e-01  -2.7393969e-01  -3.0418647e-01  -5.3462881e-01   3.3884813e-01   3.5485673e-02   2.4778567e-01  -2.5084061e-01   2.2364023e-01  -5.6722867e-01  -3.8445120e-01  -4.0299814e-01   2.1488206e-01   6.4601142e-01  -6.2412824e-01  -5.9795185e-01   3.5984624e-01   2.9466652e-02  -5.0310726e-01   4.2053421e-01  -2.4464867e-01   1.4550202e-01   5.6961838e-02   1.3984158e-01   2.6628471e-01   1.9207542e-01  -6.3114471e-01  -6.1259706e-01   4.4298824e-01   3.3374167e-01  -5.9307669e-01   2.6211750e-01   9.9610014e-03   3.2954718e-02  -2.1538764e-01   4.3500776e-01
  -4.3447973e-01   3.9531521e-01   2.7975487e-01  -1.0031944e-01   1.7451480e-01   0.0000000e+00   5.9764347e-01   4.9831141e-02   1.0109590e-01   4.9337043e-01  -3.7347466e-01   5.0481998e-01  -1.0020393e-01  -2.7141856e-01   4.1081898e-02   6.9177628e-02   4.6427542e-01  -1.6278698e-01   1.0718160e-01   1.8752880e-01   5.8389528e-02  -2.9182371e-01   3.2149365e-02  -4.8197754e-01  -2.0935697e-01   5.0253513e-02   6.0062716e-01  -2.1018192e-01   8.6843048e-02   7.5283876e-02  -1.7232911e-01  -1.1943573e-01   5.6753194e-03   4.9335610e-01   4.7195369e-01  -9.3685874e-03   2.6668394e-02  -4.9585875e-01  -5.4331510e-02   5.7213232e-01  -7.1928071e-02  -1.3142032e-01   2.6913380e-01  -4.9783405e-01   4.6074381e-02  -6.1131926e-01  -2.7339269e-01   4.0832652e-01   4.4498838e-03   4.6780525e-01  -3.6713880e-02  -3.6960074e-04   2.0231895e-01  -7.3030222e-02  -3.1552573e-01  -3.5461161e-01   2.0659898e-02  -2.4556493e-01  -6.6917540e-02   6.3944835e-01  -2.4695614e-01   3.6978157e-03   2.4161691e-01  -2.6213205e-01  -8.7179040e-02  -2.8717863e-03   7.3861009e-01  -3.9132353e-02  -8.0933843e-02   1.0892093e-02   4.3566912e-01  -3.1814554e-01  -1.1759107e-01  -3.8004256e-01   1.7504662e-01  -2.8830771e-01  -5.9541963e-01  -1.3794498e-01   1.4842174e-01  -2.4219137e-01   2.7362721e-01  -9.8579922e-02   1.7459618e-01   4.0322399e-02  -2.7113790e-01  -1.8768783e-01   2.5631268e-01  -3.8151371e-01   1.9522779e-01  -4.9638343e-01  -1.0689858e-01  -9.6389203e-02   4.5468430e-01   1.4239562e-01  -6.1508210e-01   2.1172728e-01   8.1941400e-02  -2.6413306e-03  -8.2221315e-02   2.2238756e-01  -3.3474728e-01  -4.7986042e-01   6.6461897e-02   3.6361116e-01  -1.8407286e-01  -3.6704985e-02   7.7348638e-02  -2.0645792e-01   8.2746967e-02   1.9968408e-01   3.4924487e-01  -1.7642595e-01   3.0111735e-02  -4.6157089e-01  -3.6039386e-01  -3.1052377e-02  -1.0765570e-01  -1.1143160e-01   7.0023710e-02  -2.7791269e-01  -2.9259887e-01  -1.2985166e-02   1.5853255e-01   4.5583341e-02  -5.6566145e-01  -2.0961278e-01   1.9810487e-01   7.0229493e-02  -1.6706235e-01   4.4905329e-01  -5.6031393e-02   5.4277583e-02  -2.6913038e-02  -1.4132624e-01  -8.4091846e-02   2.8066142e-02  -1.5119407e-01   2.0027002e-01  -2.1871717e-01  -5.4146576e-01  -4.8123570e-01  -1.1377025e-01  -2.3601712e-01   4.8308767e-01   5.0542860e-02  -5.8489526e-02   5.7534537e-01  -9.4097932e-02   1.8173825e-01   1.3640862e-01  -5.0501697e-01   1.5664751e-01  -4.5046735e-01   3.0617009e-02   4.5801880e-01  -4.2670998e-01  -3.8357090e-01  -9.2419722e-02  -4.1135017e-03   3.3247559e-01   1.0352600e-01  -1.8351565e-01   2.1764429e-01  -2.1433333e-01  -2.5373797e-01   3.1529349e-01   1.5411436e-02  -3.7680425e-01  -3.8873568e-01   2.8459667e-01   3.7902168e-01  -1.9527074e-01  -2.4881081e-01   3.7971197e-01   2.1346985e-01   5.5069648e-02  -1.0630841e-01
  -6.9428414e-01   6.1168353e-01   8.2663664e-02  -2.6852723e-01   2.6018998e-01   5.9764347e-01   0.0000000e+00   1.7001065e-01   2.2735989e-01   7.2697266e-01  -4.2396931e-01   7.0828633e-01  -7.6007216e-02  -6.0474026e-01  -2.7667116e-01   7.7639485e-02   3.0861687e-01  -3.5899197e-01  -2.9072530e-01   3.8950851e-01   2.4497091e-01  -4.0848901e-01   2.6013290e-02  -6.6890068e-01  -2.2565485e-01  -4.9379851e-02   5.8638151e-01  -4.8462272e-01   1.4256488e-01  -1.3777432e-01  -2.4938290e-01  -1.3177264e-01   2.2535773e-02   8.1331942e-01   2.6574447e-01   2.3483237e-01   2.1446963e-01  -4.6452690e-01  -5.5882335e-02   6.1113621e-01   1.1662039e-01  -2.8229129e-01   4.1765490e-01  -4.3783678e-01   6.6218791e-02  -6.2272617e-01  -5.1453048e-01   6.5855685e-01  -2.6302180e-01   5.1884335e-01  -2.9648856e-01   7.7365741e-02   6.0546177e-01  -3.3935632e-01  -4.6699065e-01  -4.9194838e-01  -3.6014408e-02  -4.2789695e-01  -9.0549273e-02   5.1524606e-01  -3.3114719e-01   1.1662870e-01   3.4201813e-01  -2.5021297e-01  -1.2352304e-01   2.1782716e-01   3.8531003e-01  -2.5331174e-03  -1.2116221e-01  -3.5013231e-01   7.3705612e-01  -5.8479274e-01   1.0540429e-01  -7.0640255e-01   2.3084363e-01  -1.5022506e-01  -6.0251108e-01   3.5877549e-02   4.8338163e-01  -1.7360941e-01   2.4350116e-01  -6.7379183e-02   4.9504917e-01  -1.1591596e-02  -5.2213081e-01  -7.9671240e-02  -1.4746302e-01  -6.2972633e-01   3.1907182e-01  -7.5803222e-01   2.5263075e-01  -2.5992008e-01   8.6231769e-01  -1.3989439e-02  -5.3073798e-01   3.5800321e-01   5.3879284e-04   1.1709986e-01  -7.8445931e-02   5.8454310e-01  -3.8415316e-01  -5.7255952e-01  -2.6000297e-01   3.4131931e-01  -1.0582953e-01  -7.8514678e-02  -1.7905532e-01  -9.7597698e-02   2.6461668e-01   3.8730748e-01   6.3643763e-01  -5.5765912e-01  -6.4070661e-02  -7.1212975e-01  -4.9384996e-01   1.5920428e-01  -7.5610667e-02   1.6579293e-01  -1.7258990e-01  -3.5658102e-01  -4.2820962e-01   2.2893192e-01   2.1598023e-01   1.9187284e-01  -7.0745522e-01  -5.6975991e-01   1.5701419e-01   1.6394256e-03  -2.3187873e-01   2.2737081e-01   1.2008765e-01   4.6633071e-01  -3.8376597e-01   2.2419855e-02  -8.1073660e-02   7.8898709e-02  -3.1165162e-01   4.4256912e-01  -3.3968140e-01  -6.1077724e-01  -5.6893982e-01  -1.8411796e-01  -2.2487583e-01   2.3498131e-01   1.0310670e-01  -8.8322394e-02   8.0235387e-01  -5.1955110e-02   2.6929276e-01   4.6002524e-01  -7.2514808e-01   3.4994982e-01  -5.8580951e-01   2.9700499e-01   5.5735399e-01  -5.4498805e-01  -5.4953509e-01   7.1835674e-02  -1.1561729e-01   3.4855775e-01   2.0844941e-01  -2.4623769e-01   4.8539617e-01  -5.2176967e-01  -2.9700880e-01   6.1670789e-01  -6.5049480e-02  -5.0719910e-01  -5.6471220e-01   6.7499937e-01   8.2990841e-01  -3.0757792e-01  -3.8132410e-01   6.0326159e-02   1.2518255e-01  -4.8946928e-02  -3.2107529e-02
  -6.3807404e-02   1.2653413e-01   1.0101295e-01  -2.0513620e-03   1.9459022e-01   4.9831141e-02   1.7001065e-01   0.0000000e+00   4.5066858e-01   1.2385118e-01   1.2944042e-01   1.7677732e-01   2.1854553e-01  -2.2765479e-01   2.7962904e-01  -8.1093290e-02   1.7689235e-02  -4.0395181e-02   2.2642001e-01   1.2475602e-01  -3.4777606e-01   2.5551892e-01  -1.4463456e-01  -1.1452595e-01  -2.8529070e-01   3.1462710e-01   2.1880783e-01  -2.3700773e-01   1.6899916e-01   1.3385788e-01   1.3479097e-01   3.5332886e-01  -3.8051715e-02   1.8736226e-01  -1.1447132e-01   6.9016119e-02  -7.8413727e-02  -4.1608074e-02  -1.4885610e-02   1.3726489e-01   2.3602109e-01  -8.3376322e-02   2.0464097e-01   9.6098627e-02   1.3242063e-01  -3.9684251e-03   4.7553338e-02   1.3734435e-01   2.2439561e-02  -1.7370619e-02  -6.3578405e-02   5.7755116e-01   1.3361240e-01  -1.5924451e-01  -1.8624178e-01  -6.9450776e-02   9.6797250e-02   2.2439493e-01   1.5233215e-01   2.5932290e-01   3.0023096e-03   1.9505347e-01   4.1383731e-01   3.6510248e-01   1.8065814e-01  -2.8493532e-01   2.1808783e-01  -1.5125433e-01   3.5405720e-01   6.4927727e-02   1.1586473e-01  -1.4697754e-01   1.2083942e-01  -2.6162255e-01   1.5346252e-01   4.7326849e-01  -8.9088232e-02   2.9432058e-01   2.0178762e-01   7.5805194e-02  -1.0838297e-01   7.1682128e-02   5.4110490e-02   4.4861525e-01  -2.5270731e-01   5.5176742e-01  -2.5497174e-01  -2.3948050e-01   1.2438869e-01  -4.1500530e-02   1.8367964e-01   1.0657572e-01   4.2697571e-02   4.3413697e-01  -3.3929412e-02   1.6365833e-01   1.1905311e-01   5.7042857e-01   1.0217912e-01   1.8041959e-01  -1.8350759e-01   2.5233020e-01  -1.8363111e-01   2.4170227e-01   9.6785765e-03   2.2885616e-01  -8.5950085e-02   6.1968135e-01   2.2202236e-01  -3.2802583e-01  -2.3268975e-02  -1.2091319e-01  -9.4706947e-02   2.8838846e-02  -1.3907059e-01   1.0161139e-01   1.8502267e-01   1.8579722e-01  -3.3857779e-01  -9.6423337e-02  -1.0001400e-01   1.4846463e-01   3.2572373e-02   1.4284778e-01   2.1674296e-02  -2.0873764e-01   3.1337298e-01   1.7222847e-01   4.5825547e-01   6.5292067e-02   1.6998953e-01   1.9682337e-01  -3.2420828e-01  -8.0073964e-02   1.2066221e-01   7.0251063e-01  -1.1479923e-01   8.7746912e-02   4.7567037e-01  -3.1024467e-02  -1.1048502e-01   1.0079441e-01   1.9804256e-01  -1.5261875e-01   3.6461467e-02   3.4402566e-01   8.9550115e-02  -6.3888237e-02  -2.5063983e-01  -1.6558343e-03   1.7764577e-02   3.8898145e-02  -1.0988270e-01   3.6114589e-01   1.0315272e-01  -7.9123476e-02   4.5280570e-02   1.8628248e-01  -1.9960762e-02  -7.8796552e-02  -3.3634882e-02   2.5538978e-01  -5.1664138e-02  -2.8453241e-02   2.6397027e-01  -2.2578742e-03   1.4196465e-01  -2.0628228e-01  -6.6142152e-02   8.9319559e-02   2.4929692e-02  -4.5386720e-02   3.1255465e-02  -2.9271628e-01   1.2062926e-01  -2.7701944e-01   3.7343882e-01
  -4.1422966e-01   6.1292578e-01   1.9157924e-01   1.7687943e-01   6.9638208e-01   1.0109590e-01   2.2735989e-01   4.5066858e-01   0.0000000e+00   2.8563114e-01  -1.1049289e-01   4.1043058e-01   3.5238245e-01  -5.3933257e-01   7.7381400e-02   1.7692679e-01   1.4840104e-01   9.8917604e-02  -2.0186947e-02   4.1084908e-01  -3.5728126e-01   6.6957039e-02  -5.3078562e-01  -4.6515681e-01  -1.0919064e-01   2.3292675e-02   5.2594742e-01  -7.3322241e-01   5.7790750e-02   5.5310052e-01  -1.8697994e-01   2.4755485e-01   2.2976025e-01   1.0302762e-01  -5.8599291e-02   9.4326402e-02   5.1980369e-01  -2.7289453e-01   3.5323695e-01   5.0750961e-01   3.8977949e-01  -1.1813430e-01   4.7649068e-01  -3.6462495e-01   3.5495560e-01  -1.4715549e-01  -3.1296849e-01   6.7576044e-01   2.6222413e-01   2.1718886e-01  -1.0570574e-01   1.2199695e-01   5.8431009e-01  -4.1417190e-01  -5.4595319e-01  -4.5540658e-01  -2.8272247e-01  -1.6730405e-01   2.5855287e-01   4.7857814e-01  -1.1095752e-01   2.4303827e-01   6.5503549e-01   4.6245409e-01   6.2572259e-01  -5.4452267e-01   3.9367898e-01   7.1836335e-02   4.2771459e-02  -6.1013716e-02   3.7806138e-01  -1.3705226e-01   3.1002250e-01  -4.8789508e-01  -1.4971327e-02   1.1779518e-01  -3.1728750e-01   1.0379205e-01   6.7792560e-01   1.4745590e-01  -5.4127825e-01   1.6468111e-01  -8.7886464e-02   1.0320958e-01  -4.9365442e-01   1.0943289e-01  -2.9024098e-01  -6.1614047e-01   3.4946022e-01  -2.9543007e-01   6.9341949e-01  -1.2020406e-01   9.7001870e-02   6.8899796e-01  -3.2527321e-01   4.8845067e-01   2.7902566e-01   4.1626260e-01   3.7177058e-01  -2.8844696e-02  -5.3100662e-01  -1.8888478e-02  -3.4088426e-01   8.1869035e-01  -3.0756669e-01   2.6373908e-01  -2.6725176e-01   3.2564981e-01   5.2450169e-01  -2.1144664e-01  -3.2828462e-01  -2.9992638e-01   1.4560400e-01  -3.6653555e-01  -5.7153163e-01   6.7284042e-01  -2.5803074e-01   3.1577365e-01  -6.9323811e-01   4.6302533e-02  -4.1793084e-01   6.0919255e-01   1.2348152e-02   6.9992965e-01  -1.4899359e-01  -4.7188800e-01   3.4238824e-01  -5.1458533e-02   2.9546755e-01   3.8650942e-01   2.4897810e-01   3.2898953e-01  -4.6124728e-01  -2.5269257e-01   2.3464766e-01   2.7962214e-01  -1.3243311e-01   2.7403322e-01  -1.1473918e-01  -4.0371211e-01  -4.8772238e-01   1.8315557e-01  -1.6541570e-01  -3.1558656e-01  -4.3467603e-01   4.9572797e-01  -1.4589025e-02   1.9584939e-01  -4.4025105e-01   3.2914078e-01  -3.9159468e-01  -2.1452222e-01  -4.0781191e-01   4.0238440e-01   4.9027448e-01  -4.6389514e-01  -3.8458374e-01   2.2562373e-01  -1.0291410e-01  -4.3440680e-01   3.3108783e-01  -7.4623667e-02   2.7430624e-01   8.4351656e-02   1.4722904e-01   2.4664704e-01   9.3061755e-02  -5.8645885e-01  -4.3739013e-01   4.4174194e-01   2.3023558e-01  -3.2290798e-01   2.8833464e-01  -2.2490674e-01  -3.7781094e-02  -2.9193385e-01   4.7279061e-01
  -5.6703367e-01   3.7676594e-01  -1.1667919e-01  -6.9398028e-02   3.3245186e-01   4.9337043e-01   7.2697266e-01   1.2385118e-01   2.8563114e-01   0.0000000e+00  -2.9062353e-01   4.6819660e-01   2.3076431e-02  -5.1063371e-01  -5.4571849e-02   4.1721675e-02   3.6760272e-02  -2.7437617e-01  -6.2005113e-02   3.0132603e-01   1.1076532e-01  -2.4340701e-01   1.1935176e-01  -5.4151020e-01  -9.7637264e-02  -3.3015679e-02   3.6395543e-01  -4.0881621e-01   1.7219002e-01   1.5611472e-01  -2.8411037e-01  -6.6291607e-02  -1.7478038e-04   5.6551925e-01   2.8161031e-01   1.3770785e-01   1.5299330e-01  -3.5167584e-01  -3.8585795e-02   3.2135667e-01   4.7717982e-02  -2.4761171e-01   2.0542319e-01  -4.1085304e-01  -8.6038755e-02  -4.8758875e-01  -3.9739518e-01   5.2636521e-01  -1.9317346e-01   1.9009837e-01  -1.6118946e-01  -7.3236465e-02   3.7395364e-01  -3.4008235e-01  -5.3420070e-01  -3.5263507e-01  -1.2500266e-01  -3.3835734e-01  -1.6433971e-03   4.5904577e-01  -3.4281085e-01  -7.5801524e-02   2.0341576e-01  -8.5428417e-02  -7.9339927e-02   2.5983709e-01   4.1246392e-01   9.5180592e-02  -1.4895429e-01  -3.3813296e-01   4.0257516e-01  -3.4513241e-01   1.0655284e-01  -4.2886821e-01   9.8081704e-02  -1.4667120e-01  -4.5025885e-01  -3.3783072e-02   4.2678770e-01  -1.2072332e-01   1.7092620e-01  -4.1022576e-02   1.5906110e-01   5.4118835e-02  -3.0544019e-01  -1.3546321e-01   6.5808861e-02  -5.3904364e-01   2.5849866e-01  -5.0420420e-01   2.6322639e-01  -2.1094012e-01   4.8748553e-01   1.5789988e-01  -3.6996120e-01   3.9740859e-01   8.1637148e-02   2.0658327e-01  -2.2180088e-03   3.0600842e-01  -4.0729343e-01  -2.9437200e-01  -1.0161658e-01   3.0939143e-01  -1.4312654e-01  -1.6999427e-02  -2.0588363e-01   6.9082238e-02   1.9864681e-01   1.6418993e-01   3.5910236e-01  -1.9986808e-01  -1.9745545e-03  -4.7183515e-01  -4.5451863e-01   1.5753083e-01  -1.0312664e-01   9.8186542e-02  -2.8613026e-01  -2.3304230e-01  -3.1535828e-01   3.4188226e-01   1.8950680e-01   1.4212215e-01  -4.2450365e-01  -3.7709496e-01   2.0768775e-01  -6.8856425e-02  -9.8652485e-02   7.9418545e-02   3.8483020e-02   3.5697432e-01  -2.7221787e-01  -1.1939465e-01  -1.5410536e-01   3.9903829e-02  -2.2482563e-01   2.4009710e-01  -3.3232934e-01  -4.8420415e-01  -5.8168748e-01   1.3168100e-02  -2.1696171e-01   4.3567892e-03  -9.2934447e-02  -2.5342413e-03   5.0392161e-01   1.0694330e-01   2.2768419e-01   3.2413612e-01  -4.4699868e-01   6.5274579e-02  -5.1824130e-01   1.5624262e-01   3.1214204e-01  -4.7426124e-01  -3.7533900e-01  -2.5592977e-02  -1.4240692e-01   3.0864491e-01   2.3065159e-01  -2.0129495e-01   5.7253927e-01  -1.8847301e-01  -2.5255772e-01   5.3691979e-01   8.6107776e-02  -3.8671370e-01  -4.2945522e-01   4.1053355e-01   5.2813676e-01  -2.6186575e-01  -1.2891464e-01  -3.9776935e-02   1.5550344e-01  -2.2942937e-01   2.4322160e-02
   3.0013628e-01  -5.1552282e-01  -3.0882520e-01   7.0989380e-02  -2.4695041e-01  -3.7347466e-01  -4.2396931e-01   1.2944042e-01  -1.1049289e-01  -2.9062353e-01   0.0000000e+00  -6.0138631e-01  -1.9025390e-01   2.8226266e-01   5.0070199e-01  -1.1885632e-01  -4.1540639e-01   4.7292520e-01   2.8757159e-01  -1.7135863e-01  -3.4066828e-02   4.3615616e-01   4.9942689e-01   3.3929193e-01   1.4956544e-01   4.1508279e-01  -4.1011564e-01   1.9358038e-01  -3.2202481e-02   2.8482672e-01   2.1414116e-01   3.4159868e-01  -1.0970784e-01  -3.9401309e-01  -4.3988432e-01   4.3479521e-01  -3.7327293e-01   4.5529695e-01   3.2222796e-02  -5.4379762e-01  -1.0984589e-03  -7.5398941e-02  -3.7993411e-01   5.8063785e-01   1.8231070e-02   3.3483701e-01   7.8510631e-01  -3.2857316e-01   2.2508320e-02  -4.4140933e-01   4.9746460e-01   1.1154453e-01  -3.8255758e-01  -1.6013373e-01   1.0669511e-01   6.6413193e-01   3.1083211e-01   6.0039871e-01   2.1309444e-01  -4.7363696e-01   2.5919184e-01  -2.3284382e-02  -3.6072487e-01   5.6525973e-01   5.8464907e-03   2.5571128e-01  -1.3122636e-01  -2.6696764e-01   6.0901942e-01   2.7265642e-01  -5.4571715e-01   4.3999601e-01   7.1714418e-02   2.4026893e-01  -1.4888693e-01   1.8282420e-01   5.6636588e-01   4.7722755e-01  -6.3603082e-02   1.1122773e-01  -1.1342937e-01  -7.1990160e-02  -2.5676992e-01   2.7210070e-01   7.8587459e-03   3.8821400e-01  -2.2555383e-01   1.5977599e-01  -2.9246964e-01   3.1458149e-01  -6.9424173e-02   2.9408296e-01  -5.4083843e-01  -3.3571202e-02   4.4942628e-01  -3.9740666e-01  -9.4413871e-02   7.6111652e-02  -4.9399276e-02  -4.4803594e-01   7.4709575e-02   7.0091252e-01   1.3883350e-01  -2.9620204e-01   2.5179501e-01   7.9220607e-02  -3.4748261e-01   4.9492181e-01  -1.2640769e-01  -1.5511433e-01  -3.1361641e-01   5.6720418e-01  -9.5896108e-02   3.8155903e-01   2.3659509e-01  -1.4450235e-01   4.9572935e-01  -1.5575939e-04  -1.0600771e-01   2.0663503e-01   4.3274138e-01  -1.5491942e-01  -2.8758489e-01  -1.9491549e-02   4.0962182e-01   1.2335174e-01   2.4128399e-01  -4.2917768e-02   3.4508728e-01  -3.1533235e-01  -3.6948440e-02   2.2753279e-01  -1.5517031e-01   2.3311610e-01  -1.4269141e-01   2.3469222e-01  -6.7641242e-02  -1.9928004e-01   4.5887383e-01   3.7486642e-01   3.8085009e-01  -3.3952417e-01   6.8128175e-01  -3.5770132e-01   5.2289567e-03   2.5558195e-01  -6.0189017e-01   4.0139305e-01   1.7494853e-01  -4.5330662e-01   4.4055544e-01  -1.5369785e-01   3.8437406e-01   3.4108504e-01  -5.2456435e-01   2.7901294e-01   4.6956062e-01   2.7629567e-01   1.0235328e-01  -1.2204043e-02  -9.1849291e-02   7.9227432e-01  -3.4094655e-02   4.5638669e-01   4.6739535e-01  -2.4507679e-01   5.0161216e-01   4.4014618e-01   4.9335669e-01  -5.0132380e-01  -4.4219153e-01   6.1518368e-02   3.8350751e-01  -2.7244973e-01  -4.8101360e-02  -1.1503752e-01   4.6768983e-02
  -6.6262208e-01   8.6055350e-01   5.4732365e-01  -7.3637210e-02   5.7520944e-01   5.0481998e-01   7.0828633e-01   1.7677732e-01   4.1043058e-01   4.6819660e-01  -6.0138631e-01   0.0000000e+00   2.7970163e-01  -5.3286665e-01  -2.4835671e-01   2.2834077e-01   6.3016523e-01  -2.3181386e-01  -2.0652625e-01   5.3932540e-01  -9.6944308e-02  -3.9667227e-01  -4.0911646e-01  -7.6614060e-01  -3.1882726e-01  -2.0748155e-01   6.5873148e-01  -6.7060807e-01  -3.9147077e-02   4.1612814e-02  -4.7578476e-01   4.6883975e-03   2.6358417e-01   6.0190403e-01   1.9634216e-01   8.8702964e-02   4.5894395e-01  -6.4719424e-01   1.8027910e-01   8.0621190e-01   3.2304645e-01   6.1234832e-02   7.5449786e-01  -5.5712123e-01   2.5744090e-01  -5.3288546e-01  -5.8884360e-01   6.0084555e-01  -4.2739257e-02   6.1762648e-01  -2.7848463e-01  -1.2358719e-01   6.0126047e-01  -1.0576774e-01  -5.2516717e-01  -6.4630403e-01  -1.6649904e-02  -4.7043895e-01   8.8552692e-02   7.3774862e-01  -1.7812820e-01   2.4291359e-01   6.8472744e-01  -2.7387544e-01   1.6288877e-01  -2.6789251e-01   4.3577195e-01   1.9141499e-01  -1.9163756e-01  -2.8315414e-01   6.7272996e-01  -4.9684249e-01   2.7660230e-01  -5.8184179e-01   2.5122972e-01  -1.9669011e-01  -6.9861325e-01  -1.9803172e-01   5.2118569e-01   1.5630705e-02  -1.8120910e-01   1.2998026e-01   2.5933686e-01  -1.5839953e-01  -5.0716308e-01  -2.0588512e-01  -1.7947335e-01  -6.8028585e-01   4.2970624e-01  -7.8794544e-01   3.8746442e-01  -1.2519801e-01   7.8484285e-01   3.0529887e-01  -6.9614225e-01   7.2059278e-01   2.0817083e-01   1.4043126e-01   2.0643027e-01   3.9083599e-01  -5.6426021e-01  -5.3658293e-01  -3.4206482e-01   5.6855167e-01  -2.6795059e-01   1.1736602e-01   1.6565163e-01  -1.1324900e-01   4.7636019e-01   2.6232692e-01   2.9827031e-01  -5.7866818e-01   2.7902561e-02  -7.4367772e-01  -6.8079231e-01   4.9411172e-01  -2.8810015e-01   3.4326587e-01  -3.4470059e-01  -2.3926313e-01  -5.9670702e-01   5.2208437e-01   3.9044656e-01   3.0575524e-01  -7.1412464e-01  -3.6441593e-01   1.5777020e-01   1.3390744e-01  -1.9733201e-01   4.1388691e-01   3.8379455e-01   1.3081764e-01  -1.2161920e-01  -3.3208083e-01   1.4101384e-01  -7.9589909e-02   3.2191894e-02   1.6010524e-01  -4.4031568e-01  -7.5004964e-01  -6.8791932e-01   1.4854087e-01  -4.0414079e-01   9.5898351e-02  -2.1727853e-01  -5.1778582e-02   6.8440163e-01  -3.2314774e-02  -3.7104133e-02   4.0762092e-01  -7.5318401e-01  -4.8957344e-02  -5.9007717e-01   1.2864111e-01   8.4084869e-01  -6.9646833e-01  -6.9655763e-01   2.1762415e-01   8.0293500e-02  -1.2429204e-01   2.8590551e-01  -4.0728000e-01   1.3755862e-01  -4.2264445e-01  -1.5640745e-01   5.0212936e-01  -2.9252409e-02  -6.7929089e-01  -6.9709595e-01   7.3721745e-01   6.9467684e-01  -4.9395704e-01  -2.8761568e-01   2.9547522e-01   9.2968741e-02   9.2390801e-02   1.9474221e-01
  -3.9253967e-02   2.4285816e-01   2.7377191e-01   4.1552760e-01   5.4348297e-01  -1.0020393e-01  -7.6007216e-02   2.1854553e-01   3.5238245e-01   2.3076431e-02  -1.9025390e-01   2.7970163e-01   0.0000000e+00  -2.9470335e-01   1.9273609e-02   4.7990533e-01   1.4142033e-01   2.6120576e-01   8.9936451e-02   3.7170777e-01  -1.7666913e-01   2.5690412e-01  -4.4786533e-01  -3.2079110e-01   3.5333291e-03  -2.4885410e-01   1.5210554e-01  -3.5719405e-01   1.5555055e-01   2.5186767e-01  -1.6806034e-01   1.9313043e-01   4.0087557e-01  -1.4192160e-01   2.0200770e-01  -7.7828117e-02   4.7397984e-01  -3.6143361e-01   4.4987598e-01   1.7818167e-01   6.6984602e-01   3.0142428e-01   3.0603531e-01  -7.3355895e-02   2.9295064e-01   1.2834769e-01  -1.1320793e-01   1.0233467e-01   4.1417104e-01  -8.8800164e-02  -4.6413796e-02  -1.4072994e-01   1.0914693e-01   6.2777619e-02  -1.9902041e-01  -2.2616451e-01  -5.5955722e-02  -9.9708457e-02   4.5910265e-01   2.7981796e-01  -8.5895573e-02   4.2905610e-01   3.8377901e-01   6.6764786e-02   4.5082176e-01  -3.9797366e-01   9.5086771e-02   7.4872830e-02  -4.8500261e-02  -1.0459005e-01   1.3196891e-02   1.5858334e-01   3.5407904e-01   8.8292013e-02   1.1630359e-01   2.2383370e-01  -2.4246989e-01  -1.9199134e-01   6.0873111e-02   3.2875287e-01  -4.2612167e-01   2.8525370e-01  -2.1473439e-01   7.4617238e-02   2.7986591e-02  -1.1496712e-01  -3.8988824e-02  -2.7431212e-01   3.0280919e-01   1.5227833e-02   3.1709598e-01  -6.3762005e-02  -4.6054398e-02   4.8147293e-01  -1.8036521e-01   5.4546602e-01   5.5871636e-01   1.3413447e-01   6.6319111e-01  -8.9542181e-02  -1.6051084e-01   1.3500942e-01   8.3493917e-02   2.6837843e-01  -4.2998738e-02   4.0824100e-01   1.4381940e-01   5.2961245e-02   2.7923568e-01  -1.5843352e-01  -2.3187558e-01  -3.2539205e-02   2.3595788e-01  -4.0310670e-02  -2.4203610e-01   3.9610423e-01  -3.1533504e-01   5.7806169e-01  -2.8280591e-01   4.0350784e-01  -5.2523460e-01   3.6437760e-01   1.7822497e-01   3.0720177e-01   5.1015184e-02   1.1787909e-01   6.7514014e-02   5.7833458e-03   2.0891261e-01   3.8378762e-02   3.0956750e-01  -2.3429883e-01  -2.5791228e-02  -1.7801210e-01   3.8170883e-01   5.1752775e-02   3.6285966e-01  -1.0295911e-01  -1.0919344e-01  -2.1441197e-01  -2.5515827e-01   6.8506257e-01  -2.2151860e-01  -2.6043461e-01  -3.5325753e-01   2.8882973e-01  -4.9900629e-02   1.1525327e-01  -3.2734453e-01   1.4371153e-01  -7.9344748e-02  -2.0970943e-01  -2.2500076e-01  -1.7950552e-01   1.7285069e-01  -4.0873901e-01  -4.0272922e-01   3.4529214e-01  -1.1951936e-01  -4.0070763e-01   1.6095335e-01  -2.3265481e-01  -1.6697557e-02   2.1077632e-01   1.6131331e-01  -2.8820407e-02  -1.3928361e-01  -2.2975702e-01  -3.1922125e-01   6.4928294e-02  -8.2215493e-02  -4.4385304e-01   4.1246735e-01  -7.8342290e-02   1.3309167e-01  -2.2096455e-01   4.5387830e-01
   6.2313521e-01  -5.3963228e-01  -7.5382013e-02   9.9873093e-02  -4.2635387e-01  -2.7141856e-01  -6.0474026e-01  -2.2765479e-01  -5.3933257e-01  -5.1063371e-01   2.8226266e-01  -5.3286665e-01  -2.9470335e-01   0.0000000e+00   2.9500753e-01  -1.4607860e-01  -2.0812337e-01   1.5350375e-01   2.9897721e-01  -4.4223172e-01   6.3853423e-02   2.0190324e-01   2.5319170e-01   5.9981689e-01   1.3502733e-01   2.4921435e-01  -4.6970298e-01   6.9883227e-01  -1.1786962e-01  -8.1989801e-05   4.4849264e-01  -1.9879014e-03  -1.7625827e-01  -4.5285553e-01  -1.5264214e-01  -1.7454901e-01  -3.3704160e-01   4.0342817e-01  -1.5805511e-01  -5.7154786e-01  -3.4892463e-01   2.2574151e-01  -4.2100469e-01   4.6410954e-01  -1.3385832e-01   3.1749973e-01   5.5700177e-01  -5.3710666e-01   2.2678858e-02  -3.4549088e-01   2.9132493e-01   6.6922311e-03  -5.8882166e-01   4.9812987e-01   6.6879650e-01   5.8544832e-01   1.4887955e-01   3.1568001e-01  -9.9577163e-02  -4.8039420e-01   2.9943691e-01  -2.2951205e-01  -4.6351130e-01  -6.9260105e-02  -1.6870032e-01  -2.7061427e-03  -2.3375163e-01  -1.2712331e-01   2.7529783e-01   2.0992268e-01  -5.7563407e-01   3.6443587e-01  -3.9769958e-01   6.8359188e-01  -1.1810158e-01   1.7446061e-01   4.2361914e-01  -7.5642612e-02  -4.8115074e-01   2.6460617e-04   3.0515215e-01  -1.9514586e-01  -2.0380410e-01   2.2198497e-01   4.8869305e-01   5.7099561e-02   4.2081457e-01   7.2777527e-01  -3.6312196e-01   5.2405881e-01  -4.2945804e-01   3.0027678e-01  -5.2832928e-01  -3.3712733e-01   3.1808698e-01  -4.5439020e-01  -1.9220674e-01  -3.0653122e-01  -2.4183163e-01  -2.9252869e-01   3.9361011e-01   2.9625463e-01   5.5173241e-01  -4.3090339e-01   2.6384294e-01  -4.3441124e-02   3.1577160e-01  -5.3952976e-02  -3.2725163e-01  -2.1291882e-01  -1.8484292e-01   5.7985265e-01  -1.0624705e-01   4.9382529e-01   5.8877511e-01  -3.8996673e-01   1.9158578e-01  -3.6824674e-01   4.0842492e-01   6.3133617e-02   4.5353922e-01  -3.2842384e-01  -2.7937032e-01  -3.7200173e-01   3.8594012e-01   6.9389310e-01  -3.3700977e-02   6.4984034e-02  -7.3875885e-02  -3.1744309e-01  -2.7454280e-01  -3.6589322e-01   6.5912988e-01   1.5225423e-01  -1.7877610e-01  -2.7178315e-02   2.4214436e-01  -3.1853155e-01   4.2498392e-01   5.4645660e-01   6.0305137e-01  -1.7098838e-01   2.3212756e-01   5.7846303e-02   3.4003862e-01   4.0965809e-02  -4.0244302e-01  -1.7147919e-01  -6.4607233e-02  -4.4384835e-01   5.5937580e-01   4.9818529e-02   6.3869792e-01  -3.2696557e-01  -5.1953444e-01   5.2088398e-01   5.2150699e-01  -2.5317972e-01   1.6435174e-01   2.1341150e-01  -3.8853808e-01   2.3706303e-01  -4.9207954e-01   3.3055606e-01   1.2246908e-01  -5.2311205e-01   4.7795960e-02   5.8718913e-01   5.6726748e-01  -5.6696093e-01  -5.7815329e-01   2.3821349e-01   8.3926778e-03   1.8996218e-01   3.9631302e-02   1.5678030e-01  -1.9031110e-01
