   0.0000000e+00   2.2491756e-01   3.3415631e-01   1.8367552e-01   2.5163967e-02  -4.9028267e-01   1.5891612e-01  -8.6974317e-02   3.4007248e-01  -4.3826533e-02  -2.2505273e-01   8.4169236e-02   4.0635544e-03   3.9920126e-01  -1.3284570e-02  -7.8638575e-03   2.5676352e-01  -2.6774530e-01  -7.9730157e-02  -1.2109139e-03  -5.3177799e-01  -1.1794989e-01  -2.4109986e-01   4.6169746e-01  -9.0934133e-02  -1.5155864e-01  -7.1165187e-02  -3.2993154e-01  -7.0487387e-03   1.9359099e-02  -5.1239156e-02  -3.2080232e-03  -2.5720382e-01   8.7509134e-02  -2.1224595e-01  -1.8901953e-01   1.2914995e-01   5.9217069e-01   5.8618023e-02   6.5184172e-02  -1.3448555e-01   2.5439141e-02  -1.7736336e-01  -1.7605906e-01  -1.1915877e-01   6.7346900e-01  -4.5006338e-01   1.8921690e-01   3.6032379e-02   1.4995940e-02  -1.6743597e-01  -2.5498968e-01   2.5627500e-01   1.7921664e-01   2.1253966e-01  -3.3563379e-01  -3.8749264e-01  -2.2175013e-02  -4.1585917e-02  -3.7490610e-01   5.7184415e-01   1.2327533e-01   1.0058779e-01   2.1231830e-01   3.6890834e-01  -1.7358442e-01  -3.8340033e-01  -1.2034341e-01  -3.8974405e-01   1.4488954e-01   7.9423908e-02  -1.0083157e-01   4.2448367e-02  -1.4865131e-01   3.0226704e-01  -2.0429986e-01   5.8068326e-01  -3.3698881e-02   2.4809304e-01  -1.7606265e-02  -3.4465332e-01   8.5407995e-02  -2.6586961e-03  -7.6560664e-02   6.5402013e-01  -9.1110913e-02  -4.2457154e-01   1.6529385e-01   1.3101999e-01   6.1744901e-01   5.8163572e-02   4.3073405e-01  -1.5255784e-01   6.8988402e-03   4.7080494e-01   1.5096121e-01  -1.7577906e-03   1.1560172e-01  -2.7470198e-01   2.0645710e-01   7.4547837e-02  -1.1731809e-01  -4.3427599e-01  -2.7480701e-01  -2.0180679e-01   1.9326182e-01   2.8766661e-02  -5.8523475e-02   7.7642984e-02  -3.4373758e-01   2.7075641e-01  -4.0589921e-01   1.4547525e-01   7.3031512e-01  -1.7207262e-01   3.4647310e-01  -1.5131239e-01   1.1644273e-01  -5.2154910e-01   2.2759279e-01   4.9208949e-01   4.9159677e-02   1.8886065e-01   4.2958228e-02   5.9084746e-01  -2.0805383e-01  -1.9815759e-01   1.0664113e-01   2.6878191e-02   2.4048367e-01  -2.4689163e-02  -1.0258005e-01   3.1776353e-01  -1.3469097e-01   7.1443335e-02  -2.5715489e-01   1.7340632e-01  -8.5394395e-02  -2.4315564e-01   4.9091128e-01   7.1707064e-01   1.4656501e-01  -3.3769051e-01  -3.1203875e-01  -1.0984622e-01  -1.2229476e-01   1.3667749e-01  -1.8480245e-01  -4.0028296e-01  -2.6216072e-02   3.9082370e-01  -4.4201185e-01   4.8173669e-01  -1.5474681e-02  -1.5358600e-03   3.8598287e-01   4.6281692e-01  -2.3996041e-01   3.0177063e-01  -3.3135686e-01   5.7933537e-02  -3.0402129e-01  -1.5312929e-01  -1.3105964e-01   2.0189950e-01   2.0138469e-01   1.0228835e-01  -9.9639100e-02   5.2337085e-01  -5.5152252e-02  -1.0309060e-01   2.5210956e-01  -4.1799993e-02  -4.5825502e-01  -4.9810720e-03   1.8558293e-01   1.0699076e-01
   2.2491756e-01   0.0000000e+00   3.1567377e-01   9.7741773e-02   6.0706645e-01  -4.4127920e-01   3.4391749e-01  -1.8580057e-01   4.3970474e-01   4.4249285e-01  -4.9110768e-01   3.8259530e-01   3.7371854e-02   6.4408924e-02  -3.8887021e-01  -2.1459684e-01   3.5796114e-01  -3.3360095e-01  -1.1419063e-01   3.5575849e-01  -3.6814279e-01  -2.5625511e-01  -5.1026489e-01   5.2828165e-02   3.4383371e-01  -2.4188875e-01   8.3855141e-02  -4.3231067e-01   6.7851742e-03   4.7104215e-01  -6.8215257e-02  -5.8116453e-02  -1.5645394e-01   1.9723986e-01  -3.2546925e-01  -5.8138583e-02   3.0918441e-01   1.0784422e-01  -1.5141248e-02   4.7074255e-01  -4.4806190e-02  -2.1646372e-01  -1.7993876e-01  -2.8107171e-01  -3.2564620e-01   1.3517212e-01  -4.6466534e-01   7.0956695e-01   3.2821011e-01   5.2769857e-01  -4.7516334e-01  -3.5338779e-01   7.3282170e-01   2.2176418e-01  -9.3281239e-03  -5.2404647e-01  -1.5044932e-01  -2.8985339e-01  -1.5149376e-01  -4.7819419e-01   1.3297340e-01  -1.2752617e-01   2.6628018e-01   9.5479259e-02   4.1335593e-01   6.8968723e-02  -2.9340745e-01  -4.2998026e-02  -4.2011475e-01  -1.9256687e-01   6.6716441e-01  -3.9163792e-01   4.1050769e-01  -4.1521431e-01   1.5158584e-01  -2.4296233e-01   1.4618643e-01  -8.9555718e-02   6.4424266e-01   2.5642771e-01  -5.1225672e-01   3.2796559e-01   2.4236437e-01  -2.1257436e-01   7.7747312e-02  -1.9786745e-01  -2.8688099e-01  -2.0154281e-01   2.1476691e-01   9.4306252e-02   5.3008728e-01   1.6944924e-02   2.7046388e-02  -1.6963665e-01   2.0915970e-01   4.0485527e-01  -3.2751554e-03  -7.3451314e-02   8.4882211e-02   1.8471589e-01  -1.5991187e-01  -4.5067086e-01  -3.4735585e-01  -2.6256039e-01  -3.2700217e-01   9.1914549e-02   1.2158044e-01  -3.0228468e-01   4.2022022e-02   4.9310159e-02   2.9510842e-01  -4.6092365e-01   1.6008272e-01   2.7977302e-01  -3.6989313e-01   6.9212075e-01  -2.8672366e-01   1.1000581e-01  -1.3527865e-01  -1.6761543e-01  -6.1234001e-02   4.4972585e-01   2.3517997e-01   1.7256898e-01   1.9942103e-01  -2.9641991e-01  -5.8258492e-01   1.5084196e-01  -8.5768777e-02   4.1098224e-02  -1.5001794e-01   5.0394218e-02   8.7901467e-02   2.3155299e-01  -1.5673359e-01  -2.9694796e-01   2.4085071e-01   2.8949659e-01  -4.1066541e-01   2.7543145e-01   1.7884155e-01   1.5251660e-01  -3.9073553e-01  -3.1982217e-01  -5.2825625e-01  -2.2412431e-01   4.0358793e-01   3.8007714e-02  -4.3743579e-01   1.9449604e-01  -6.8352444e-02  -3.2706054e-01  -6.8323066e-02   2.1320772e-01   6.0280589e-01   6.6781316e-02  -3.9788729e-02  -9.7796299e-02   1.2591081e-01  -5.9039381e-01  -1.8807971e-01  -2.3401118e-01   2.8923258e-01  -1.5269915e-01   5.1843584e-02   3.9459667e-01  -1.6465461e-01  -1.0994026e-01   1.6256358e-01   3.7185436e-01   1.6031918e-01  -1.1350637e-01  -1.2979247e-01  -1.5469832e-01   9.6161478e-02  -3.7711707e-02  -2.0802150e-02
   3.3415631e-01   3.1567377e-01   0.0000000e+00   3.1650864e-01   1.6069092e-01  -2.6691206e-01   2.6167289e-01  -2.6446891e-01   3.4768475e-01   2.7415115e-01  -4.0318400e-01   3.0447713e-01  -1.3855998e-01   1.9150302e-01   1.5448663e-02  -1.1755498e-01   7.3071882e-01  -1.5560694e-01  -2.2608740e-01   2.1835595e-01  -4.7544216e-01  -1.3737983e-01  -3.6725614e-01   1.1987743e-01   6.7802950e-02  -4.3383175e-01  -4.8678288e-02  -3.5476110e-01   9.1251135e-02   1.1302754e-01  -2.3611298e-01   8.3946029e-02  -1.9639573e-01   1.2386996e-01  -2.7202633e-01  -2.1021275e-01   2.3334715e-01   1.9606531e-01  -4.7006765e-02   4.9684022e-01  -1.8781640e-01  -5.2618822e-03  -7.7720511e-02  -3.0728703e-01  -1.9369940e-01   3.1358112e-01  -4.2500375e-01   2.6288399e-01   9.4271571e-02   3.1944965e-01  -6.9694450e-02  -5.5646484e-01   2.2128991e-01   6.1209629e-01   2.2565869e-01  -5.1720319e-01  -3.9244072e-01  -3.5722566e-02  -1.2934020e-02  -2.5110461e-01   5.5821986e-01   2.2370248e-01   2.9890817e-01   1.6436382e-01   2.4724131e-01  -1.0425301e-02  -1.5964233e-01   1.3689613e-01  -4.2086045e-01   2.9751149e-01   4.3526296e-01  -1.2874191e-01  -3.0896524e-02   5.0636694e-02   4.1788334e-01  -5.2880640e-02   3.0220796e-01  -8.7683002e-02   2.2508037e-01   4.4726995e-02  -2.5106438e-01   3.2455933e-02  -7.8001571e-02  -2.7361999e-01   3.3161761e-01   4.9690591e-02  -3.1456246e-01   1.0767480e-01   1.8640484e-01   3.7523174e-01   3.4928248e-02   5.7894069e-01   1.5965566e-01   5.6374109e-02   1.7635585e-01   3.7873524e-01   6.2272263e-02  -1.8749346e-01  -2.5254743e-01   2.2276913e-01   1.6666883e-01  -4.0760330e-01  -4.2703930e-01  -1.4970368e-01  -1.6001411e-01   1.9007196e-01   3.7128762e-01  -3.0927671e-01   2.7961763e-02  -3.8820138e-01   2.1102481e-01  -4.0488320e-01   3.5654268e-01   3.5271479e-01  -5.2925512e-02   2.4711123e-01  -2.7767915e-01  -7.4211145e-02  -2.6411393e-01   3.2100719e-01   1.9140655e-01   3.2739250e-01   4.0651728e-01  -1.5393156e-01   2.6727350e-01  -2.9881539e-01  -3.0369278e-01   3.8016477e-01   2.6517074e-01   4.5251529e-01  -1.7597600e-02  -1.5948524e-01   3.8849402e-01  -2.0017414e-01   2.0512514e-01  -2.0473997e-01   2.9396681e-01   7.4732563e-02  -3.4996978e-01   3.0238413e-01   3.4243249e-01   1.0669491e-01  -3.6114364e-01   5.4923316e-02  -1.0955842e-01  -8.6247596e-02   5.1640689e-01  -2.0808981e-01  -4.6831663e-01  -7.1557634e-03   2.8182527e-01  -4.7964780e-01   2.7158277e-01   2.7341211e-02   4.9015031e-01   5.1619675e-02   3.2104646e-01  -1.7945250e-01   5.1425846e-01  -5.0153793e-01   2.4704054e-01  -2.4157331e-01  -1.3774264e-02  -5.7114594e-02   2.0098996e-01   1.6823847e-01  -1.6229461e-02  -2.4917119e-01   4.1384100e-01   5.7295700e-02  -5.6222764e-02   2.4031254e-01  -1.1306249e-01  -2.1980783e-02   2.1543575e-02   2.8602784e-01   3.3384229e-01
   1.8367552e-01   9.7741773e-02   3.1650864e-01   0.0000000e+00   1.0047478e-01  -9.8892373e-02   3.2132445e-03  -8.9839855e-02   1.2196844e-01  -4.3964233e-02  -1.4032787e-01  -1.1017213e-01   2.2959292e-01   1.7078905e-01   2.7496110e-02  -1.0106233e-01   2.5189685e-01   1.5872352e-01  -2.1634164e-02  -2.5116637e-02  -8.8656686e-02   1.9201917e-01   1.2050413e-01  -1.0465567e-01   1.4443436e-01  -2.4838251e-01   1.3167499e-01  -1.1491719e-01  -3.9051031e-02   9.8724442e-03  -2.1928365e-01   5.2094156e-01  -2.6275800e-02  -7.4838130e-02   1.0547186e-01  -7.6310578e-02   1.4956612e-01   4.6677235e-02  -8.3378014e-02   3.1621974e-02   6.3822243e-02  -2.9184437e-02  -1.1151081e-02  -1.5264869e-01   8.5805421e-02   1.6941473e-01  -6.6816888e-03   2.8372828e-02   2.2268042e-01  -2.1978436e-01   2.5497386e-01  -5.6729482e-02  -1.5098053e-02   1.7724855e-01   2.1463401e-01  -2.7733248e-01  -2.1818336e-01   4.6011747e-01   1.2360824e-01  -1.9646538e-02   3.9509142e-01   2.7320261e-01   2.3534439e-01  -4.4838960e-03   1.7626576e-01  -6.4226751e-02  -9.1159437e-02   1.8903113e-01   6.7943646e-03   2.1801816e-02  -1.8259214e-02   5.2420833e-01  -2.5575024e-01  -9.6284201e-02   3.6702490e-01   1.3464147e-01   2.3056643e-01  -1.3482173e-02   3.6683920e-02   1.5987629e-02  -4.8206333e-02  -1.6409971e-01  -2.5494349e-01  -2.1976285e-01   2.5190274e-02   1.1888179e-01   1.0382567e-02   9.9008677e-02   1.5776810e-01   1.1438669e-01  -1.0936650e-01   2.6873401e-01  -1.4358712e-01   2.2036524e-01  -3.2567322e-02   2.1397387e-03   1.0969758e-01   8.8408667e-02  -2.9022411e-02   7.4679069e-02  -1.3462222e-01  -3.5871642e-01  -1.6242761e-01   1.7400780e-01   3.0950884e-01   3.5257754e-01   7.3057852e-02  -9.3797515e-02   1.0440797e-01  -4.3368973e-01  -1.3560167e-01   4.4126513e-02   5.7778909e-01   1.7606698e-01  -9.8535938e-02  -7.9842494e-03  -2.3332963e-01  -1.3996376e-02  -2.6922037e-01   7.2820366e-01  -1.8999012e-02  -9.2877113e-02   1.5964666e-01  -1.2465649e-01   3.2492065e-02  -2.9860282e-03  -3.4654783e-02   2.3024664e-01   6.6892007e-01   7.4643349e-02   2.8442059e-01  -1.5139115e-01   3.2724559e-01  -1.6165333e-01   4.6552047e-01  -3.9931264e-02   1.4582935e-01   6.1079961e-03   1.4687995e-02   9.4686073e-03   1.2844331e-01   3.9166716e-01  -1.3968740e-01  -4.7928076e-02   1.3443714e-01   7.1018614e-04  -6.3814213e-02  -1.5713854e-01  -2.7013340e-01   9.3727413e-02  -6.3608786e-02  -2.4507778e-01   3.7186003e-02  -9.2899871e-02   9.5960940e-02  -1.3328570e-01   2.9266538e-01   6.7988025e-02   1.9059707e-01   2.4487590e-03   3.1288963e-01  -1.1119240e-01   8.0556111e-03   3.5274903e-01   5.0758754e-01  -4.8638807e-02   1.0104039e-01  -2.9809706e-01   1.3597699e-01  -1.9264169e-01  -2.7780586e-01   9.4735892e-02   3.4358329e-01  -4.5872168e-02  -2.9156717e-01   1.4429435e-01   6.0318090e-01
   2.5163967e-02   6.0706645e-01   1.6069092e-01   1.0047478e-01   0.0000000e+00  -2.3763299e-01   2.3519799e-01  -4.6818644e-03   3.9189581e-01   3.7513015e-01  -3.8535976e-01   2.0640628e-01   2.5875663e-02   5.3921960e-02  -2.5817773e-01  -2.2202696e-01   2.8310423e-01  -6.5511035e-02  -1.3895416e-01   6.8665144e-01  -2.3007161e-01  -1.1831565e-01  -2.3351604e-01   3.8266900e-02   2.3651151e-01  -2.1841139e-01   2.4435092e-01  -3.6919797e-01   7.5547723e-02   3.6171318e-01  -2.4796900e-02   1.4321875e-01  -2.4072061e-01   1.2624073e-01  -2.0644077e-01   3.6785191e-01   2.2763591e-01  -1.4297807e-02  -8.8832731e-02   4.8233486e-01  -1.7467033e-03  -2.7802661e-01  -1.9942556e-01  -3.2624560e-01  -3.0963301e-01  -6.8966744e-02  -2.0466718e-01   4.9576956e-01   3.9305283e-01   4.2277706e-01  -2.0088307e-01  -8.2022065e-02   5.6229716e-01   4.8107853e-02  -2.8216226e-04  -3.9386590e-01   7.8861896e-02  -4.6307426e-02  -2.1531278e-02  -3.4522311e-01  -4.2582652e-02  -5.6806473e-02   3.4170169e-01   9.1048632e-02   2.9554164e-01   2.4004297e-01  -8.1247062e-02  -7.8767401e-02  -2.3611064e-01  -7.1466979e-02   4.5105208e-01  -2.2022849e-01   1.3414873e-01  -3.7813778e-01  -9.4381969e-02  -4.8811666e-02   8.4909285e-02  -1.2480961e-01   6.3850207e-01   2.2514610e-01  -4.7480692e-01   6.3811819e-02   5.2155069e-02  -2.3587438e-01  -4.9193634e-02   9.8067246e-02  -1.9664724e-01  -1.8993974e-01   3.8473745e-01   2.1002347e-02   5.2128931e-01  -5.8934863e-02   1.2195283e-01  -1.0943771e-01  -1.1216923e-02   4.0260562e-01  -1.2569652e-01  -7.8044481e-02   1.2954031e-01   8.2127951e-02  -1.0051611e-01  -4.1765056e-01  -1.7159797e-01  -1.3777895e-01  -1.8174799e-02   1.4609034e-01   2.1247150e-02  -2.2141688e-01  -4.5595509e-02   2.2194700e-01   1.5101394e-01  -2.6233763e-01   1.3972925e-01   1.0181213e-01  -3.4834233e-01   5.3074793e-01  -1.7190022e-01  -5.2126309e-02  -5.8281808e-02  -9.5620436e-02  -1.0981537e-01   4.4076356e-01   1.1866446e-01   1.7284242e-01   7.1994892e-02  -2.3531169e-01  -3.8923927e-01   1.0805914e-02   8.2914346e-02   6.2356693e-02  -2.6491226e-01   1.2963844e-01   5.3193388e-02   2.2259390e-01   3.6876664e-02  -2.5301637e-02  -1.1206937e-03   1.7446626e-01  -8.6638598e-02   6.4965810e-02   4.3582623e-02   8.7300462e-02  -2.6058533e-01  -2.6538797e-01  -4.6268553e-01   1.1767404e-01   2.0236439e-01   1.4750248e-01  -3.1081046e-01   9.1637047e-02  -6.4092108e-02  -2.7157791e-01  -9.0582695e-02   5.8802307e-02   6.0885337e-01  -4.6484242e-02  -1.3695860e-01  -1.4061696e-02   2.7744796e-02  -3.4316577e-01  -2.2278462e-01  -2.5219125e-01   5.1559665e-01   1.0680593e-01   1.2580930e-01   2.8637146e-01  -2.1709869e-01  -1.2559028e-01  -5.3695178e-02   2.0071901e-01   1.4391461e-01  -1.7748084e-01  -6.6952036e-02  -1.3029979e-01  -1.6845480e-02  -1.4817485e-01   1.5202679e-01
  -4.9028267e-01  -4.4127920e-01  -2.6691206e-01  -9.8892373e-02  -2.3763299e-01   0.0000000e+00  -3.8563809e-01   7.3023040e-02  -5.1616859e-01  -3.3882476e-01   4.4315917e-01  -1.9840348e-01   9.8139088e-02  -4.4458483e-02   6.7906283e-02  -8.1179774e-02  -3.1621076e-01   4.7223698e-01   2.6752879e-01  -7.9103130e-03   5.5831031e-01   5.6494484e-01   3.5643888e-01  -2.5315890e-01  -5.3394721e-02   2.3172861e-01   3.1276848e-01   4.3514422e-01   8.5491353e-02  -2.8598150e-01  -4.1583290e-02   9.2826657e-02   1.9867725e-02  -2.4453793e-01   5.1323111e-01   2.7938391e-01  -2.1338323e-01  -4.6845384e-01  -1.0298038e-01  -3.2210137e-01   2.3557241e-01  -3.8295289e-02   5.7312951e-02   3.8231197e-01   2.3148320e-01  -5.5047107e-01   7.2299501e-01  -5.0433402e-01  -1.7208131e-01  -3.3300590e-01   4.4236042e-01   3.3021439e-01  -5.8602522e-01  -2.4352368e-01  -4.0516320e-02   6.7289160e-01   4.6060202e-01   3.9133550e-01   1.7121695e-01   6.0570074e-01  -4.3392979e-01   5.1386953e-02  -2.6949624e-01  -3.7342371e-01  -3.7838192e-01   4.0902088e-02   8.4534700e-01   8.0031962e-02   7.1239842e-01  -7.2276488e-02  -4.2605752e-01   3.2759216e-01  -1.9607872e-01   3.9363652e-01  -1.9268553e-01   3.8477037e-01  -3.8986330e-01   2.2321758e-01  -5.2187079e-01  -1.7904154e-01   4.8962222e-01  -1.9497679e-01  -1.8503117e-01   4.2804760e-01  -3.6651217e-01   1.5297372e-01   6.5198843e-01   4.1219805e-02  -1.7424270e-01  -3.8229600e-01  -4.5239227e-01  -3.1728031e-01   9.4759556e-02   2.0773290e-01  -6.9611767e-01  -2.1055123e-01   1.1579063e-03   2.1199874e-01   1.4584758e-01  -3.3513067e-01   2.0054943e-01   2.9770031e-01   6.5974453e-01   5.4825337e-01   4.4076742e-01  -2.7596622e-02   5.8146312e-03   4.5645025e-01  -2.0374125e-01   2.7353683e-01  -3.6994148e-01   7.8149957e-01  -1.0960590e-01  -5.0860329e-01   3.7288535e-01  -6.2669760e-01   3.7242791e-01   7.3182543e-03   5.5816920e-01   5.5172272e-02  -3.5711201e-01  -3.8126559e-01  -1.9232268e-01  -6.4714849e-02  -5.2246158e-01   5.1333918e-01   5.6599364e-01  -1.8078202e-01   7.8982527e-02  -3.4808158e-01   1.1181621e-01  -7.6088826e-02  -1.6839068e-02  -2.5122104e-01  -4.1388628e-02   3.7467335e-01  -7.4621787e-02  -2.2804298e-01   4.2594707e-01  -5.0959093e-01  -5.2019694e-01   3.0568750e-02   5.2621968e-01   3.5326734e-01   1.7737842e-01   1.7605217e-01  -3.8223741e-01   2.0230828e-01   6.3604365e-01  -2.1725031e-01  -1.2534337e-01   5.6428360e-01  -2.4285937e-01  -1.7380681e-01  -3.3256226e-01  -3.3292737e-01  -2.8860938e-01   2.5884753e-01  -2.0075196e-01   6.5472694e-01   1.9931218e-02   5.1242033e-01  -1.9043815e-01   3.4014800e-01   4.4877265e-02  -4.2823792e-01   2.0665005e-01   3.6804958e-01  -2.8315920e-01  -1.1379035e-01  -1.6337691e-01  -4.2659787e-01   2.2771985e-01   6.5360667e-01   2.4464017e-02  -6.3226263e-02   1.0549836e-01
   1.5891612e-01   3.4391749e-01   2.6167289e-01   3.2132445e-03   2.3519799e-01  -3.8563809e-01   0.0000000e+00  -2.4826601e-01   3.3088421e-01   7.0764703e-01  -5.1697333e-01   5.7822064e-01  -1.4265729e-01  -3.8441904e-01   2.0209826e-01   7.5072576e-02   9.1335682e-02  -3.2015261e-01  -1.3177552e-01   5.2783934e-02  -3.4456311e-01  -4.6264911e-01   4.5537224e-03   7.4234723e-03   1.2949119e-01  -2.4767586e-01  -1.0043196e-01  -2.9965733e-01  -9.4630823e-02   2.9947737e-01  -2.0683695e-01  -1.5063769e-01  -9.9392036e-02   7.9586782e-01  -2.2569936e-01  -8.3309161e-02   2.7505787e-01   7.1783068e-02  -1.0757865e-01   4.6325902e-01  -2.1600232e-01   5.3986133e-02   1.4392076e-01  -2.8179744e-01  -1.5210745e-01   8.3657190e-02  -5.9470503e-01   6.5224478e-01  -1.1534816e-01   1.9302164e-01  -2.4366500e-01  -4.4560209e-01   4.9962291e-01   1.1369530e-01  -1.7605206e-01  -4.7503931e-01  -4.8274785e-02  -3.7233951e-01  -1.9405163e-01  -3.8518685e-01   9.6192365e-02   1.1111967e-01   2.8579336e-01  -5.8836703e-02   2.0314098e-01   5.3154684e-01  -5.3308285e-01  -1.2614169e-01  -4.8732924e-01  -8.8445582e-02   3.3490716e-01  -2.4033540e-01   2.4072133e-01  -4.4504857e-01   2.9822445e-02  -3.0230221e-01   1.8747718e-01  -2.8673196e-02   5.9580420e-01  -1.0128474e-01  -1.4703874e-01   4.3345590e-01   1.2414874e-01  -5.5006322e-01  -4.8975260e-02  -1.9625430e-01  -5.6237086e-01  -2.6960438e-01   1.4245406e-01   1.5155798e-01   2.8246668e-01   4.2966399e-02   3.9507182e-01  -1.3149416e-01   1.8588896e-01  -7.0743648e-03  -2.9015712e-01  -2.1948557e-01   2.5697127e-03   6.3784689e-01  -4.6924462e-01  -5.0030624e-01  -4.0083393e-01  -5.1065570e-01  -3.0862425e-01   1.1311605e-01  -1.7922271e-01  -2.5277433e-01   2.4461856e-01  -1.8224433e-01   7.8216625e-01  -3.9302007e-01  -8.3094956e-02   1.8028445e-01  -3.8440453e-01   5.3099067e-01  -2.3196476e-01   1.3389565e-01  -4.6616596e-01  -9.2018277e-02  -9.6293653e-02   4.8605424e-01   1.5308880e-02   1.1295402e-01   6.3607156e-02  -6.2887396e-01  -5.0687870e-01  -2.5301926e-02  -7.1712376e-02   8.9239280e-02   2.6703677e-02   3.2886474e-01  -1.7832916e-01   2.6125979e-01   4.4071899e-02  -3.6985881e-01  -4.4877143e-02   2.3124082e-01  -3.8999174e-01   6.8285872e-02   1.0459655e-01  -6.8902544e-02  -3.5884655e-01  -1.4968900e-01   4.1448092e-02  -2.5590986e-01   6.7898486e-01  -1.1969045e-01  -3.1232453e-01   4.3483285e-01  -2.1404248e-01  -3.4607407e-01   1.1578018e-02   5.0179610e-03   2.7869019e-01   8.9282469e-02   7.1118907e-02  -2.3177018e-01  -4.4372870e-02  -3.1063784e-01   7.1665592e-03  -2.6440815e-01   2.3319447e-01  -2.2073717e-01  -8.5447387e-02   7.3225067e-01  -1.4662565e-01  -3.2621186e-01   1.2168307e-02   1.2651214e-02   2.2705825e-01   1.3139590e-01  -2.7873242e-01  -4.7341040e-01  -5.0152649e-02   1.9942343e-01  -7.2149039e-02
  -8.6974317e-02  -1.8580057e-01  -2.6446891e-01  -8.9839855e-02  -4.6818644e-03   7.3023040e-02  -2.4826601e-01   0.0000000e+00  -2.3330974e-01  -2.7553360e-01   3.6773917e-01  -2.6802475e-01   1.4019546e-01  -5.3819642e-02  -1.7534653e-02  -4.5693497e-02   9.3545812e-03   1.4048421e-01   2.7711600e-01  -5.6847882e-02   1.9996510e-01   1.0282908e-01   6.0425651e-02  -1.2025063e-01   1.0101054e-01   3.7890658e-01  -3.4904528e-02   3.0049087e-02  -9.6538895e-02  -7.9197316e-02   2.8846703e-01   2.5146137e-01  -2.0926266e-01  -3.2746670e-01  -1.7992031e-01   4.4286264e-02  -9.7460621e-02  -8.9988560e-02   2.6150868e-02  -2.3712941e-01   2.3561085e-01  -8.2192401e-02  -1.1236094e-01   5.2904969e-01   8.4867293e-03  -1.3583483e-02   1.6534180e-01  -2.2455465e-02  -1.2002369e-01   1.0275346e-01   2.2722637e-02   6.2475876e-01  -1.2051734e-01  -4.1697026e-01  -1.8393082e-01   3.5493209e-01   1.4276907e-01   8.2287028e-02   4.0646425e-01   1.5477273e-01  -2.2677060e-01  -2.0041925e-01  -2.8517330e-01   3.2880684e-01  -2.1268568e-01  -2.1728018e-01   2.0621835e-01  -2.4537393e-01   3.0305799e-01  -6.7149003e-02  -1.4953196e-01   3.9937831e-02  -8.2351388e-02  -7.2422155e-02  -3.7627691e-01   3.7854505e-01   4.8835426e-02   3.8963420e-01  -5.4852603e-02  -2.8912598e-02   4.7738938e-02  -1.3536792e-01   1.4640516e-01   3.5732334e-01  -2.0437540e-01   3.6746962e-01   5.7151060e-02  -1.3133713e-01  -4.2507210e-02  -1.9921036e-01   5.1733551e-02  -1.7370308e-01  -2.2469333e-01   7.4342651e-02  -1.3165813e-01   2.0269845e-02   4.8896211e-02   3.1719194e-01   5.7542617e-02  -2.5638896e-01  -2.0692073e-02   3.5046175e-01   2.5137126e-01  -4.7695306e-03   1.9386735e-01   1.3807288e-01  -2.8357575e-01   2.9487397e-01  -1.5627666e-01   3.5314144e-01  -2.5417022e-01   1.3330988e-01  -3.2994481e-01  -2.2344969e-01  -1.3121162e-01  -8.2437757e-02   4.5946854e-01   9.6698593e-02   2.3365085e-03  -2.4143462e-01   5.9472619e-02  -2.1150312e-01  -3.8342483e-01   1.0064000e-02   3.0501881e-02   1.5010314e-01   6.8057089e-02  -3.0722893e-01   8.7525033e-02  -8.8995171e-03  -2.7145645e-02  -9.2153902e-02  -3.2730014e-01   1.1494171e-01  -4.5412654e-02   6.0320651e-01  -2.1929725e-01  -1.4031670e-01   4.6935581e-01  -1.5836413e-01  -1.0716150e-01  -5.2959549e-02   5.4448177e-01  -1.5209733e-01   1.8241969e-02   3.9885158e-01  -2.9526068e-01   1.9985412e-01   1.6489227e-01  -6.3631352e-02  -1.5058203e-01   3.3956780e-01  -5.4127934e-02  -9.5249348e-02  -7.6068342e-02   4.9395505e-02   4.5360697e-02   2.9871681e-01  -4.7221338e-02   1.5719463e-01  -2.2386400e-01   4.3503170e-01   9.1164157e-02   1.4267837e-01  -1.7451140e-01  -2.2929914e-01  -8.5802973e-02   1.6581382e-01  -1.6284573e-01   1.0949908e-01   7.9320294e-04  -3.7134059e-02   6.8531608e-02   1.0037130e-01  -2.4935184e-01  -2.5720030e-01   1.7641602e-02
   3.4007248e-01   4.3970474e-01   3.4768475e-01   1.2196844e-01   3.9189581e-01  -5.1616859e-01   3.3088421e-01  -2.3330974e-01   0.0000000e+00   4.3434347e-01  -3.9185453e-01   3.0851546e-01  -1.6129701e-01   4.8912882e-02  -9.6743601e-02  -7.4613644e-02   2.5799764e-01  -9.1117857e-02  -2.6854750e-01   1.1884236e-01  -4.8260724e-01  -2.6748030e-01  -2.8202976e-01   1.5840409e-01   9.2555880e-02  -2.2051090e-01   3.0921294e-02  -5.0346018e-01   6.1771637e-02   4.9142133e-01   4.2272810e-02  -6.3183476e-02  -6.4202340e-02   3.0967953e-01  -3.3111903e-01  -7.5919995e-02   1.3254105e-01   3.5026829e-01   1.2775323e-01   3.6537995e-01  -7.6044212e-02  -1.5005780e-01   6.3594709e-02  -4.9124263e-01  -2.0858687e-01   3.3885955e-01  -4.3155373e-01   5.1360302e-01   9.1407407e-02   1.3492109e-01  -1.7838599e-01  -4.2107114e-01   5.6259216e-01   2.4656536e-01   1.8610246e-02  -5.5651715e-01  -2.6731383e-01  -1.8510994e-01  -1.2319309e-01  -3.9084862e-01   3.2468308e-01   4.4890748e-02   5.1903544e-01   4.7400642e-01   5.9291311e-01   2.0138500e-01  -4.1685691e-01  -7.8467649e-02  -4.8786853e-01   2.2334532e-01   2.5569805e-01  -2.5919268e-01   2.3119785e-01  -2.4674564e-01   1.4034410e-01  -2.8841650e-01   1.8526749e-01  -2.3130524e-01   4.4343201e-01   1.4983838e-01  -4.2312610e-01   9.2399988e-02   1.6013079e-02  -4.9051204e-01   3.5870543e-01  -9.3054791e-02  -4.8726104e-01  -1.1676595e-01   2.7854502e-01   3.8886781e-01   4.0816903e-01   2.1405153e-01   4.2814398e-02   6.2708304e-02   3.2251793e-01   2.0404951e-01  -3.3401215e-02  -1.4348783e-01  -9.6979659e-02   2.8543921e-01  -6.0732276e-02  -3.0818017e-01  -5.5634382e-01  -3.0945524e-01  -2.5212176e-01  -8.5983546e-03  -6.2112521e-03  -2.9475177e-01  -3.0221980e-02  -1.9024120e-01   3.2443623e-01  -5.5907571e-01   1.9642752e-01   3.9543019e-01  -3.5026433e-01   5.7881582e-01  -3.2700978e-01  -4.4054511e-02  -4.9539778e-01   1.4934552e-01   2.2323368e-01   4.0606218e-01   1.3136423e-01   3.6840100e-01   4.1587593e-01  -3.8638911e-01  -3.6738557e-01   9.6369615e-02   2.0996865e-02   3.2644723e-01  -1.4478832e-01   1.1854341e-01   1.7494864e-01   2.3341894e-01   1.6153598e-01  -3.4175666e-01   4.3406968e-02   2.5818526e-01  -3.6003362e-01   3.1024152e-01   3.6176044e-01  -1.7779841e-02  -4.6734946e-01  -2.0468032e-01  -2.0575677e-01  -1.5210935e-01   2.8499880e-01   1.0634749e-01  -4.6869558e-01   1.5085540e-01   1.6980247e-01  -5.3759792e-01   1.2412123e-01   1.1929989e-01   2.9897232e-01   2.2929504e-01   1.4134988e-01  -2.1812134e-01   1.2211728e-01  -5.8693252e-01   2.3492535e-02  -2.9767219e-01   3.0524490e-01  -1.8385814e-01   1.3370418e-01   4.0077928e-01  -1.2880672e-01  -2.1356315e-01   2.1749526e-01  -6.7493686e-03  -3.6275700e-02   1.5473756e-01  -3.0614895e-02  -5.0154265e-01   5.2287425e-02   3.7783646e-02   1.7336103e-01
  -4.3826533e-02   4.4249285e-01   2.7415115e-01  -4.3964233e-02   3.7513015e-01  -3.3882476e-01   7.0764703e-01  -2.7553360e-01   4.3434347e-01   0.0000000e+00  -4.8359393e-01   4.7397489e-01  -1.4670219e-01  -3.5479265e-01   1.1937353e-02  -4.7180147e-04   1.2781452e-01  -1.1521383e-01  -9.1901527e-02   1.2215954e-01  -2.7497299e-01  -3.2684048e-01  -1.5053283e-01  -1.5223156e-01   2.2145578e-01  -3.2207829e-01  -6.7698592e-02  -4.0737708e-01  -1.9243949e-01   3.9859468e-01  -1.4322592e-01  -5.6032704e-02  -2.1476491e-02   7.2074343e-01  -3.4370886e-01   9.1680371e-02   3.5111909e-01  -3.7741892e-02  -1.1236053e-02   3.7906038e-01  -1.5556733e-01  -1.1885107e-01   3.6671112e-02  -3.6009245e-01  -1.4898555e-01  -3.3407314e-02  -4.7684560e-01   6.5822623e-01   3.8519018e-02   1.7468216e-01  -1.2359868e-01  -4.2435552e-01   6.0393043e-01   2.2181011e-01  -1.4462661e-01  -5.1593183e-01   6.9741243e-03  -2.9304306e-01  -1.2010586e-01  -3.8142949e-01   2.4749445e-02   1.2347411e-01   3.2131791e-01  -5.7558994e-03   2.5611637e-01   5.7746070e-01  -4.1338314e-01  -1.0903717e-01  -4.3395234e-01  -1.3983676e-02   3.6672804e-01  -3.5716177e-01   3.5241108e-01  -4.0013355e-01   1.5774588e-01  -3.1163025e-01  -1.7615390e-02  -1.2020237e-01   6.3325340e-01  -2.5270337e-02  -2.7362945e-01   4.0817853e-01   5.8342886e-02  -4.9413359e-01  -6.7936135e-02  -1.1232145e-01  -5.2523761e-01  -3.4052263e-01   2.3187751e-01   2.4251866e-02   3.3734132e-01  -7.9955618e-03   2.8236387e-01  -1.4100461e-01   8.7059570e-02   1.3810785e-01  -2.7489093e-01  -2.0944227e-01  -2.5848338e-02   6.1950868e-01  -3.4748295e-01  -4.6019337e-01  -4.0279772e-01  -3.9984696e-01  -1.8477184e-01   1.1270833e-01  -7.1373002e-02  -1.9816372e-01   1.2627199e-01   6.5961476e-02   5.6731129e-01  -4.3158372e-01  -2.5956627e-02   6.4355592e-02  -4.4364533e-01   5.4981301e-01  -2.8452960e-01   1.3819202e-01  -3.3043557e-01  -2.0593177e-01  -8.8351484e-02   5.2136207e-01  -3.1416073e-02   2.5752997e-01   8.7219622e-02  -5.9897261e-01  -4.4336704e-01   1.0752332e-01   4.8725182e-03   1.1131236e-01  -9.6879005e-02   4.0364900e-01  -2.9841579e-02   3.7513782e-01  -2.4798513e-02  -3.2101580e-01  -9.4405410e-02   2.9463240e-01  -4.0313433e-01  -9.5193211e-03   7.2246120e-03  -9.0623109e-02  -4.1544642e-01  -1.3346344e-01  -1.6928859e-01  -1.2463611e-01   5.3769977e-01   7.3912008e-02  -3.2943234e-01   4.9588486e-01  -2.0085162e-01  -4.0837004e-01  -9.0928665e-02   2.8354139e-02   3.6686992e-01  -3.3115041e-04  -1.2217601e-01  -2.8708266e-01  -1.7501873e-02  -4.5067437e-01  -5.2885708e-02  -2.5384020e-01   4.3018317e-01  -1.4248713e-01   5.9535070e-02   5.1426461e-01  -2.0904681e-01  -2.1435157e-01  -5.9955704e-02   4.4164029e-02   1.2111122e-01   9.7263840e-02  -3.2390363e-01  -3.4209339e-01   5.5868908e-02   6.4304306e-02  -6.1928964e-02
  -2.2505273e-01  -4.9110768e-01  -4.0318400e-01  -1.4032787e-01  -3.8535976e-01   4.4315917e-01  -5.1697333e-01   3.6773917e-01  -3.9185453e-01  -4.8359393e-01   0.0000000e+00  -3.6942615e-01   1.1825372e-01  -8.5590784e-02   2.7370090e-02   6.0525102e-02  -3.2837056e-01   4.7417936e-01   1.8609202e-01  -2.2396519e-01   4.7057366e-01   3.9445094e-01   3.3191377e-01  -1.5821981e-01   1.0806598e-01   4.1509516e-01   9.9029318e-02   1.8919696e-01  -1.6807474e-01  -1.0287122e-01   2.3924787e-01   9.2003919e-02  -1.3734781e-02  -4.5248269e-01   2.6804198e-01   1.7798375e-01  -2.7118938e-01  -2.6912318e-01   1.9618014e-02  -5.6407284e-01   2.2715635e-01  -2.2440464e-04   5.9910424e-02   5.3398077e-01   3.9642857e-01  -1.8410639e-01   6.2410910e-01  -4.7142693e-01   4.0355469e-02  -2.6525092e-01   4.3756983e-01   4.2937155e-01  -4.6212801e-01  -3.7058603e-01  -1.4861916e-01   6.3209589e-01   6.2578631e-02   1.2692152e-01   2.3399563e-01   3.9033899e-01  -2.3520778e-01   1.0237887e-01  -4.7683268e-01   4.7675464e-02  -1.2136327e-01  -2.0931817e-01   4.4903611e-01   5.7834733e-02   5.6524855e-01  -5.0972499e-02  -5.1819103e-01   3.5391837e-01  -5.4402164e-02   2.7626472e-01  -1.4721676e-01   2.8775497e-01  -5.6122113e-02   2.6482605e-01  -5.5093355e-01  -4.4079235e-03   2.2357231e-01  -1.8949785e-01   8.0545271e-02   4.6736545e-01  -1.7082697e-01   1.0495118e-01   4.5694050e-01   2.7085336e-03  -2.4872295e-01  -2.7783110e-01  -3.3440216e-01  -1.9831288e-01  -5.7398032e-02   2.0016702e-01  -3.6517839e-01  -2.8526297e-01   1.0140834e-01   2.5806984e-01   3.1565428e-01  -2.6282366e-01   2.7243305e-01   5.2374364e-01   4.6531001e-01   3.8403978e-01   1.9274089e-01  -1.2673268e-01  -2.9833249e-01   4.4951239e-01  -1.6717732e-01   2.9167415e-01  -4.2551428e-01   4.8791031e-01  -3.0458132e-01  -3.4627222e-01   1.7488667e-01  -4.8455473e-01   4.5597655e-01   7.7565544e-02   2.6459660e-01   1.2977743e-02  -1.5352405e-01  -4.2781979e-01  -3.6140997e-01   1.3306633e-01  -1.6742542e-01   4.0896678e-01   5.6152584e-01  -9.7785183e-02  -1.0224541e-01  -2.5275608e-01   1.5577969e-01   1.3931895e-01  -1.1234174e-01  -1.5829340e-01  -2.2485147e-01   3.6173364e-01  -6.6333052e-02  -3.1635561e-01   3.3257132e-01  -3.4292845e-01  -2.3433997e-01   3.8372780e-02   6.7443819e-01   9.9899477e-02   1.4268192e-01   2.5656932e-01  -5.2993047e-01   3.4370235e-01   5.4396047e-01  -3.0384186e-01  -1.5393767e-02   4.2926453e-01  -1.3394929e-01   1.5197732e-01  -4.8587144e-01  -5.6639733e-02  -1.7244631e-01   3.2516007e-01  -1.4344477e-01   3.7994163e-01   9.4294813e-02   6.3501674e-01  -8.2958434e-02   1.5723613e-01  -1.7461577e-01  -3.0312716e-01   4.8032807e-01   2.5429173e-01  -2.8013570e-01  -1.9522318e-02  -1.7702103e-01  -2.6028767e-01   3.5002548e-01   3.1469823e-01  -1.2374341e-01  -2.2339906e-01  -9.5945914e-02
   8.4169236e-02   3.8259530e-01   3.0447713e-01  -1.1017213e-01   2.0640628e-01  -1.9840348e-01   5.7822064e-01  -2.6802475e-01   3.0851546e-01   4.7397489e-01  -3.6942615e-01   0.0000000e+00  -3.4497888e-02  -1.2800582e-01  -4.2458602e-02   1.6149151e-01   8.9581222e-02  -2.5277714e-01  -7.5624065e-02   2.3891545e-01  -2.7478266e-01  -2.0944939e-01  -1.9240681e-01  -6.3163710e-02   3.3526160e-02  -1.4637092e-01   6.7101679e-02  -1.6365376e-01   2.7591039e-02   3.6482519e-01  -2.5247318e-01  -1.0075105e-02  -1.5275114e-01   3.9249601e-01  -2.1338166e-02  -9.9617221e-02  -7.7173369e-03   5.1335805e-02  -3.2472205e-02   3.1837923e-01   5.3305574e-03   9.7627302e-02   3.8477361e-01  -1.0320517e-01   1.0590912e-01   8.0494771e-02  -3.7026725e-01   4.1325066e-01  -1.9866147e-01   2.2174617e-01  -2.7665832e-01  -4.2150939e-01   2.4365743e-01  -8.8250428e-03  -2.4548609e-01  -1.9630042e-01  -8.3026959e-02  -2.6418829e-01  -1.2585055e-01  -7.7576987e-03   2.6231575e-02   1.8350849e-01   2.0218328e-01  -1.9063146e-01   1.0276246e-01   3.7887288e-01  -2.4543522e-01  -1.0029318e-01  -3.3077268e-01  -3.1831613e-02   1.3749755e-01  -3.1705277e-01   1.9928421e-01  -1.9137753e-01  -1.2801333e-01  -2.7681133e-01   9.4272930e-02   4.7946119e-02   4.5326567e-01   1.8958831e-02  -2.0847904e-01   4.0970865e-01   6.1626959e-02  -2.0569834e-01   4.2465114e-02  -1.7766716e-01  -3.3857901e-01  -1.0968803e-01  -1.8125983e-02   3.6966097e-02   1.8225059e-01   2.1293224e-02   3.8383514e-01   2.5519973e-01   3.9626767e-02   1.3458528e-01   1.1913907e-02  -2.8914225e-01  -5.2382711e-04   1.4943999e-01  -1.1163932e-01  -2.3196076e-01  -2.3047055e-01  -1.6793693e-01  -2.9725104e-01   1.6305516e-01  -1.5329185e-01  -1.9903177e-01  -3.6781989e-02  -7.7417022e-02   5.8500964e-01  -8.5213391e-02  -1.7748916e-01   4.5918809e-02  -1.4912583e-01   3.3747401e-01  -6.4635877e-02   2.3306653e-01  -2.7005203e-01  -1.5979197e-01  -5.6034338e-02   4.6666050e-01   2.6257295e-01  -1.6563562e-02   1.2984235e-01  -2.9914607e-01  -2.2396896e-01  -2.1759119e-01  -2.0846150e-01   3.8038467e-02   2.1888991e-02   5.1112994e-02  -3.0267725e-02  -1.5637475e-01   1.0947787e-01  -3.1372079e-01  -6.8282645e-02  -5.1780996e-02  -4.0027013e-01   1.9476918e-01   5.0759872e-02   2.9001096e-03  -2.1477185e-01   4.3388325e-02  -1.4991121e-01  -2.8943265e-01   5.5119832e-01   1.4906648e-01   1.3413346e-02  -2.4333662e-02  -3.3985209e-02  -2.3216929e-01  -7.6225690e-02   2.3522791e-01   2.5592143e-01  -4.4029442e-02  -5.7954039e-02   1.4116206e-02   1.4232774e-02  -3.2249017e-01   5.1169350e-03  -1.1610122e-01   1.0272821e-01  -1.8007703e-01  -3.5939844e-02   4.8616348e-01   7.9934621e-02  -1.4994440e-02   2.0615356e-02   7.1881114e-02   4.3973427e-01  -8.8854429e-02  -2.5474502e-01  -7.8731091e-02   6.8964038e-02   3.2245577e-02   4.9409410e-02
   4.0635544e-03   3.7371854e-02  -1.3855998e-01   2.2959292e-01   2.5875663e-02   9.8139088e-02  -1.4265729e-01   1.4019546e-01  -1.6129701e-01  -1.4670219e-01   1.1825372e-01  -3.4497888e-02   0.0000000e+00   2.5378422e-01   1.1442996e-02   1.4768108e-02   1.3376042e-01   7.6813327e-02   1.6769624e-01   3.5949958e-01  -3.0976921e-02   2.2304986e-01  -7.5773160e-02   3.0852293e-02  -5.3400214e-02   1.4109036e-01   2.3063241e-01   1.6526202e-01   5.5680194e-02  -3.1897610e-01   5.4361481e-02   9.0180844e-02  -3.0878082e-01  -2.0696274e-01   2.1325246e-01   1.1688160e-01  -1.5790446e-01  -8.1956899e-02  -9.3440124e-02  -1.4206183e-01   4.6036178e-01  -9.6835859e-02  -8.1011207e-02   1.6457649e-01   1.0785136e-01   4.3851816e-02   1.5380681e-01  -2.2827350e-01   1.3171980e-02   2.7639299e-02   6.8070780e-02   2.5838132e-01  -2.2930059e-01  -1.0554357e-01   3.5814676e-02   2.5686172e-01   1.7544816e-01   2.1915053e-01   1.9053762e-01   1.8286758e-01  -8.8815994e-02   7.6808704e-02  -1.6195747e-01  -3.4891874e-01   7.6096774e-03  -1.1417692e-01   1.4287862e-01  -1.8465974e-01   1.5146230e-01  -1.3521531e-01  -1.4876072e-01   9.7216193e-02  -8.3552748e-03   1.3833514e-01  -2.6850931e-03  -1.2183406e-01   1.5881379e-01   2.1891416e-01  -7.6990822e-02   5.4172431e-02   2.8043740e-02  -1.7177347e-03  -1.4843156e-01   2.1250855e-01  -4.1417635e-02  -8.1014955e-02   1.8583248e-01   2.1096586e-01  -6.9717173e-02  -1.0399470e-01  -2.8725714e-02  -1.3274419e-01   4.8197653e-02   1.9572609e-01  -1.7457022e-01   1.0279456e-01   2.0837876e-01   1.0453685e-01   9.9897238e-04  -1.0210988e-02   4.3153455e-02   9.0840663e-02   1.2215217e-01   2.1590700e-01   1.1387397e-01   1.7520266e-01  -1.6786730e-01   1.5458265e-01   1.8187828e-01  -2.8606029e-01  -1.1603813e-01   3.3795373e-01  -5.4866112e-02   1.2521157e-02   1.6184683e-01  -2.2994573e-01   3.2853983e-01   6.1651286e-01   6.5428537e-02   1.6467624e-01  -2.4811114e-02  -7.1849082e-03   2.4886024e-02  -1.9918737e-01  -5.1689613e-02   3.4098371e-01   2.9431206e-02  -8.7343036e-02   1.5690966e-01  -2.5921020e-01   2.5995858e-01  -2.3449000e-01   1.9095534e-01  -2.1562027e-01   1.6717173e-02   1.0443628e-01   1.2944788e-01  -1.9413047e-01   5.1568999e-02   9.9456868e-02  -1.7986372e-03   5.8148228e-01   1.4806938e-01  -3.7789126e-02   1.3756540e-02  -7.1862620e-02  -7.6368859e-02  -2.1505419e-01   2.9982829e-02  -6.6735919e-02   2.7633361e-03   8.3010166e-02  -1.4517310e-01  -2.1926417e-01  -1.2115873e-01  -6.1873953e-02  -7.6877658e-02   4.0213000e-01  -1.6091207e-01   1.9968850e-01  -2.0028259e-01   5.2738442e-02  -9.8050016e-02   1.7713822e-01   1.6545495e-01  -1.0821478e-01   8.9893232e-03  -5.6980055e-02  -1.5763597e-02   2.4698101e-02   4.5202237e-02  -3.7787306e-01   5.9668747e-02   1.7286306e-01   5.4164317e-02  -2.5455733e-01   3.4332170e-01
   3.9920126e-01   6.4408924e-02   1.9150302e-01   1.7078905e-01   5.3921960e-02  -4.4458483e-02  -3.8441904e-01  -5.3819642e-02   4.8912882e-02  -3.5479265e-01  -8.5590784e-02  -1.2800582e-01   2.5378422e-01   0.0000000e+00  -1.8487918e-01   4.0700675e-02   2.8323047e-01  -1.8875759e-01   1.0013240e-02   1.7724787e-01  -2.6251698e-01   2.6873888e-01  -3.5655638e-01   3.8415614e-01  -1.1236361e-01  -1.7854004e-01  -3.9734600e-02   4.9792228e-02   1.1814265e-01  -2.2102979e-01   7.1594238e-02   1.1356457e-01  -1.4993282e-01  -4.1303808e-01   8.4000974e-02  -2.8550467e-02  -1.6083791e-01   2.4728876e-01   1.0582742e-01  -9.6866335e-02   2.0024818e-01  -7.0153556e-02  -2.7814570e-01   8.5365211e-02  -1.4796695e-01   3.5957864e-01   1.1078070e-02  -2.8282938e-01   9.7103877e-02   1.7924991e-02  -1.3686480e-01  -2.2079619e-02  -1.5765034e-01   2.2721434e-01   6.5966919e-01   5.0236657e-02  -2.0858831e-01   2.1079609e-01   9.8504422e-02  -1.0248169e-01   3.0053290e-01   1.5223841e-02   2.6481979e-02   1.6733190e-02   9.9292344e-02  -4.3663510e-01   4.3164589e-02   3.2942447e-02  -1.7291695e-02   1.5786309e-01   1.0075263e-01  -4.8728116e-02  -1.1676556e-01   3.8726418e-01   1.3664499e-01   8.5460717e-02   3.3669343e-01  -2.5387870e-02  -1.0939721e-01   8.6040938e-02  -2.1249848e-01  -1.1694338e-01  -2.1785339e-01   4.5380377e-01   5.4597237e-01  -1.3829768e-02   2.6687466e-01   5.4869830e-01   1.5872268e-01   3.8113560e-01  -1.2425355e-01   3.9955012e-01  -2.7350782e-01   8.5797504e-02   7.7153042e-02   2.7236209e-01   2.3833323e-01  -1.4514651e-01  -1.5220859e-01  -3.3687769e-01   5.0060118e-01   9.6912771e-02   9.6779785e-02   2.8099477e-01  -6.8901695e-02   6.2322231e-02   2.8290902e-01  -1.3982641e-01  -1.3461108e-01  -2.5673842e-01  -2.7865565e-01   4.3478147e-02   2.5807596e-01   3.3390526e-01   3.0730238e-01  -4.2957890e-02   2.6290380e-02   1.3216762e-01   1.1221663e-01   1.9174944e-01   4.1385995e-01  -1.4931704e-01   2.8382485e-01  -2.4671641e-01   2.9467902e-01   4.0282756e-01  -7.6409677e-02   2.0644301e-02   9.1733100e-02   5.1435954e-02   9.2050674e-02  -4.5129178e-01   5.8792033e-01  -2.7500364e-01  -2.9958744e-02   1.0147627e-01   1.5807921e-01  -1.8773577e-01   5.4622495e-02   2.6359019e-01   3.8256469e-01   2.3366986e-01  -1.2439732e-01  -7.4027521e-02  -2.9619956e-01   6.5072859e-02  -7.2723398e-02  -1.7682562e-01  -2.0480497e-01  -3.1739034e-01   5.0530150e-01   5.4233109e-03   3.4243169e-01  -7.6924619e-02  -7.0664101e-02   8.2847851e-02   2.5931748e-01   9.2240452e-02   3.5650597e-01  -5.8381468e-02   3.7067436e-02  -2.1820949e-01  -2.3445029e-01   8.6798257e-02   1.8053641e-01  -3.0182149e-01   6.9820227e-03   1.3276245e-01   6.3989485e-01  -1.1349221e-01  -2.6072608e-01  -4.4967369e-02   1.1153040e-01   8.8591788e-02   7.3513942e-02   1.7120910e-01   3.4609012e-01
