   0.0000000e+00  -3.5940885e-01  -6.3353673e-02   9.0763442e-02  -2.4024575e-01   4.2965411e-01   1.0257300e-02   8.0644983e-02  -3.1245708e-01  -6.7286000e-02   2.7512217e-01  -1.6868910e-01   7.8643923e-02   3.1985474e-01   4.4819287e-01  -1.1018158e-02  -6.1631903e-02   3.2736209e-01   2.0902837e-01  -2.1862517e-01   1.7826285e-01   3.3027187e-01   1.7247853e-01   5.9593699e-01   1.1925609e-01   1.5401976e-01  -1.2008703e-02   3.1347180e-01   1.6458126e-01   4.2807105e-02  -3.0514217e-01   8.5337350e-02  -2.4106575e-01  -2.2173641e-01  -1.6168909e-02   1.6651767e-01  -2.4788472e-01  -1.2519474e-01   5.7329893e-02  -2.7763967e-01   2.7613143e-01  -2.8802494e-01  -2.4465237e-01  -1.3642367e-02   1.4036329e-01   4.4071292e-01   3.5678245e-01  -3.7665894e-01   8.5379937e-02  -1.4556324e-01   4.7206353e-01  -3.9218962e-02  -3.6586738e-01   3.5773579e-02  -9.9872779e-02   2.4739753e-01   2.1893942e-01   3.1886206e-01   2.4281694e-01   3.3421360e-01  -8.8342191e-03   2.6970684e-01  -3.1266475e-01   1.0305268e-01  -2.0912249e-01   2.5213610e-01   3.4157911e-01  -1.1794921e-01   2.4192566e-01   4.6240331e-01  -4.7425754e-01   3.0131896e-01  -1.2783843e-01   5.4332323e-01   2.5184922e-01  -7.1703672e-02   1.3685878e-02  -2.0682717e-01  -4.2962561e-01   8.0086071e-02   2.5750050e-02  -7.0914288e-03  -2.3145183e-01   1.2468057e-01   3.0882482e-01   1.3676008e-01  -4.2664378e-01   3.3537997e-01  -2.0987062e-01   6.5649735e-01  -3.4319972e-01  -1.3490377e-03  -2.2244051e-01   2.6589593e-01   4.5967326e-02  -2.6940479e-01   1.4304698e-01  -1.2470078e-02  -2.8337904e-02  -1.6180308e-02  -1.2966179e-01   3.7292240e-01  -1.4791245e-01  -6.7537141e-02   3.3841886e-01   7.5213718e-02  -4.7791356e-02   3.1583354e-01   3.5975819e-02   2.9357589e-01   1.7752321e-01   3.1285504e-01   2.8720498e-02   5.8025077e-01   2.4482341e-01  -4.8647831e-01  -2.4834098e-02  -3.2405978e-02   1.6427896e-01   2.4358257e-02   3.1742449e-01  -3.1488570e-01   3.0806359e-01  -3.2311500e-01   2.8888192e-01   9.4229788e-02   1.9487249e-01   2.3228641e-02   2.2738580e-01   2.8336960e-01  -7.8432004e-02  -2.0185613e-01  -1.3600641e-01  -3.3884973e-01   2.3434097e-01   1.4449354e-01   1.5615347e-01   2.6615786e-01   6.9132261e-02   3.2813386e-01   6.3211563e-01  -1.6251792e-02   3.3471592e-02   2.0714914e-01   1.5719861e-01   2.3180893e-02  -3.8516113e-01  -1.1599767e-01   4.0121121e-01  -2.7664331e-01   5.4227541e-01  -2.9616504e-01   2.5763380e-01   1.8549298e-02  -2.5800275e-01   2.5347953e-01   3.3883690e-01   2.0119899e-01  -3.2206825e-02   6.6435490e-02  -2.1494513e-01   1.2236305e-01   7.7089755e-02   2.4597766e-01   2.8055225e-01  -3.2751349e-01   9.6513325e-02   1.0686900e-01   2.0889420e-01  -2.4424311e-01  -3.1326569e-01   1.1198405e-02  -3.0298687e-02   3.6183113e-01  -1.3796681e-01  -8.4337328e-02   2.8813104e-01
  -3.5940885e-01   0.0000000e+00   4.7710055e-01  -3.5477274e-01   7.2580058e-01  -7.6560734e-01  -4.3716396e-01   2.3389400e-01   3.8155358e-01  -1.2507764e-01  -6.4860645e-01   7.2419859e-01   2.1395724e-01  -7.4117791e-01  -5.0728604e-01  -1.3799069e-01   6.3564670e-01  -6.8802234e-01  -6.9777182e-02   6.1122061e-01  -7.4704033e-01  -7.4201689e-01  -7.0100009e-01  -2.2118266e-01  -2.0722369e-01  -1.0216291e-01   3.3474600e-01  -4.0660255e-01  -7.2487579e-02  -5.9045199e-01  -1.7231399e-01  -2.3471317e-01   1.3104825e-01   3.0886809e-01  -6.2408035e-02  -3.9804923e-01   4.3667305e-01   2.6310209e-01   6.2167879e-02   7.2943131e-01   2.4458485e-02   1.8596351e-01   7.5481901e-01  -1.0499323e-01  -3.4961858e-01  -3.8321913e-01  -8.0408474e-01   2.2926524e-01  -5.1127874e-01   5.8357467e-01  -7.2206151e-01   1.8360382e-01   7.5208258e-01   2.9070473e-01   7.6137108e-02  -4.0017225e-01  -6.1497685e-01  -4.7787401e-01  -3.0749463e-01  -9.8267575e-02   2.1071167e-01  -3.2666358e-01   6.7623528e-01   6.5641491e-03   3.3449852e-01  -2.7161845e-01  -6.2166433e-01   8.4117161e-02  -3.9570668e-01  -5.0905748e-01   8.2651116e-01  -6.5450158e-01   3.4185755e-01  -5.6229682e-01   1.0997400e-01  -1.3159345e-01   4.9948462e-02   9.5237938e-02   5.8355000e-01   1.5792058e-01  -5.4955911e-01   2.5924555e-02  -2.0063971e-01  -1.8635058e-01  -2.1173652e-01  -1.7894245e-01   5.5689975e-01  -2.5335482e-01   2.4226134e-01  -4.7545922e-01   8.2831980e-01   2.3096275e-01   5.5177263e-01  -5.7958621e-01   2.0710373e-01   7.1953938e-01  -1.4476824e-01  -2.8472113e-03   1.6112023e-01  -9.1440103e-02  -2.5928751e-01  -6.9568375e-01  -4.1263746e-01   2.9729123e-01  -6.8839894e-01  -2.4045406e-02   2.7907626e-01  -1.2757616e-01   2.6028412e-01  -5.4763892e-01  -5.7780086e-01  -8.0700996e-01  -3.4087539e-01  -4.3491840e-01  -5.8053058e-01   8.0116816e-01   1.2414934e-01   2.2971873e-01  -6.1923380e-01  -5.1188699e-01  -2.1579363e-01   7.8656783e-01  -2.4557628e-01   5.6329944e-01  -2.5377144e-01  -1.6464073e-02  -4.4789105e-01   2.2232349e-01  -3.1696570e-01  -4.3559996e-01   2.7163203e-01  -1.5117380e-01   5.6128509e-01  -2.2764340e-01  -3.5105325e-02   1.5815669e-02   4.2809440e-02  -4.6914037e-01   2.5170344e-02  -1.6302658e-01  -1.3659045e-01   7.5897994e-02  -3.1035158e-02  -6.5969313e-01  -6.0022331e-01  -5.1246671e-01   4.9200091e-01   2.9872387e-01  -5.9510497e-01  -1.3228208e-01  -4.7403729e-01  -1.8431848e-01  -1.0275031e-01   9.5599562e-02   8.0352116e-01  -1.6130670e-01  -3.1602206e-01  -3.6075636e-01   3.0479860e-01  -3.2281396e-01   5.6212523e-02  -1.7418927e-01  -2.6398805e-01  -6.0628783e-01  -1.5021109e-01   6.2433032e-01  -1.5664649e-01  -4.3266426e-01  -2.9239378e-01   6.6891236e-01   8.3002444e-01   2.6730869e-01  -3.3879209e-01  -6.9332552e-01  -9.7132680e-02   9.2980467e-02  -2.3573855e-01
  -6.3353673e-02   4.7710055e-01   0.0000000e+00  -3.1186749e-01   5.0559344e-01  -3.4155074e-01  -3.2335163e-01   2.2324107e-01   5.5017819e-02  -1.2965488e-01  -3.1657032e-01   4.7883809e-01   2.4050206e-01  -4.7759435e-01  -3.4862131e-01  -1.4641173e-01   8.0444135e-01  -4.0384518e-01   1.3921928e-01   5.9680866e-01  -5.6160282e-01  -5.0105315e-01  -5.2473328e-01   1.0852582e-02  -2.3620469e-01   1.2542659e-02   5.1001575e-01  -2.3158005e-01   2.0947888e-02  -4.9445711e-01  -4.3906755e-01  -5.3290880e-01   5.3954032e-02   8.2733929e-02  -1.2076043e-01  -6.7599832e-02  -3.0247955e-02   1.5593058e-01  -8.9527436e-02   6.1301198e-01  -5.9406948e-02   2.0572426e-01   5.8950849e-01   1.2020316e-01  -2.5270038e-01  -6.1784803e-02  -4.2407016e-01  -2.0654873e-01  -4.2862457e-01   7.2506018e-01  -4.4218505e-01   1.5773560e-01   2.2232437e-01   4.7221930e-01   6.0349023e-02  -2.8190803e-01  -3.3760033e-01  -4.2291767e-01  -3.4161858e-01   3.6177951e-02   5.7319490e-01  -7.8886655e-02   4.5809839e-01  -2.2067452e-01  -1.1812839e-01  -2.2125120e-01  -1.8575262e-01  -8.2004591e-02  -2.1690927e-01   1.0419961e-01   4.2196533e-01  -4.0810085e-01   2.7135469e-01  -2.1770568e-01   4.7138726e-03  -2.8006347e-01   1.2507691e-01   1.7281293e-01   1.2130759e-01  -2.9503774e-02  -4.2817164e-01   7.9188747e-02  -2.7946531e-01  -8.7310892e-02   1.3258959e-01  -2.1734254e-01   8.5157541e-03  -1.8482773e-01   1.6401250e-01  -2.3173789e-01   3.5232807e-01   6.4129185e-01   4.9272304e-01  -5.9681778e-01   1.9783973e-01   5.9598018e-01  -1.5357473e-01   2.1487606e-01   5.0855253e-03  -1.3582711e-01  -1.8357159e-01  -4.8829672e-01  -3.7375086e-01  -1.3747855e-01  -4.9702310e-01  -1.2426460e-01   3.5252991e-01   1.3997117e-01   2.4412917e-01  -2.3602810e-01  -2.8501145e-01  -5.7703969e-01  -3.2048716e-01  -1.6182177e-01  -3.0386727e-01   3.1028125e-01   2.7235480e-01   1.2464154e-01  -2.5275142e-01  -4.8063939e-01  -1.4923643e-01   5.0440732e-01   1.4305736e-01   5.1531327e-02   6.4400707e-02  -4.6430853e-02  -4.0031952e-01   4.9515290e-02  -2.8837398e-01   2.2465345e-01   6.8179449e-02  -1.6407769e-01   5.5796594e-01  -4.2053606e-01   8.5792710e-02   1.1650796e-02  -5.2754671e-02  -3.9982765e-01  -1.0498824e-01   1.6501286e-01  -3.3787322e-02   1.9759946e-01  -2.9441070e-02  -1.5265289e-01  -4.5857266e-01  -6.6576214e-01   4.8347586e-01   1.4193653e-01  -2.9481636e-01  -4.6763313e-01  -1.0040081e-01  -2.9860538e-01   1.3098748e-01   4.8339827e-02   7.0974261e-01  -1.4166410e-02  -5.0710882e-02  -3.7081754e-01   5.7768254e-01  -2.3562864e-01  -1.0480738e-01   4.2968178e-02  -2.8897506e-01  -4.5627878e-01  -2.4072518e-01   3.8697122e-01  -1.2898361e-01  -1.6135728e-01  -2.0249523e-01   4.3858453e-01   4.7012753e-01   1.4853822e-01  -2.5724091e-01  -2.5574305e-01  -1.5072846e-01   9.7488816e-02  -1.7913894e-01
   9.0763442e-02  -3.5477274e-01  -3.1186749e-01   0.0000000e+00  -2.5580718e-01   2.7109650e-01   7.0627453e-02   7.6033561e-02  -2.1076410e-02   2.0196672e-01   4.2568219e-01  -3.2459540e-01  -1.8795025e-01   1.2630611e-01   4.1696260e-02  -7.6918985e-02  -1.7918335e-01   2.9808192e-01  -1.1251512e-01  -9.9928625e-02   3.3078772e-01   3.0327311e-01   3.9600205e-01   8.6917577e-02   1.3354987e-01   2.6032304e-01  -1.6884539e-01   3.4707681e-03   1.4952505e-02   3.7399249e-02   8.8174673e-02   4.4514921e-01  -1.5005739e-01  -1.9643949e-01  -1.4782132e-01   3.8948549e-01  -3.4968258e-01  -1.5292891e-01  -2.0821095e-01  -2.5467371e-01  -7.8722133e-02  -3.1404200e-02  -3.3719063e-01   4.4596996e-02  -3.6416224e-02   4.4763114e-01   4.0827177e-01  -1.1001295e-01   3.1854514e-01  -3.2988591e-01   4.5232751e-01   8.0215772e-02  -3.1976849e-01  -3.0551517e-01   3.5768377e-02   1.1016821e-01   2.4643256e-01   5.7270092e-01   2.6422493e-01  -1.5880444e-01   1.2810129e-02   1.0445054e-01  -2.4200993e-01   3.1914853e-02  -1.2877034e-01   1.9817546e-01   1.3029992e-01   2.3126876e-01   1.2943241e-01   1.3674617e-01  -3.3852761e-01   6.9523506e-01  -9.2540120e-02  -1.2444845e-02  -1.7526580e-01   3.2294580e-01   1.7310991e-01  -3.4567200e-02  -4.4477167e-01   1.3262660e-01   5.6926508e-02   7.1245199e-02  -5.9535715e-02   1.0579544e-02   8.6758853e-02   3.1699399e-01  -2.9599699e-01   2.0412790e-01  -8.4782496e-02   3.8862740e-01  -3.3244195e-01  -3.3963259e-03  -3.2171735e-01   3.3661282e-01   2.7554433e-02  -2.6646875e-01   2.6135391e-01   1.3248402e-01   1.0944242e-01  -1.0820299e-02  -7.9869507e-02   2.6085497e-01   1.6766381e-02   1.3905393e-02   4.9144514e-01   5.9518282e-01  -2.2417560e-01   7.9742706e-02  -7.4045252e-02   2.2198054e-01  -4.1319654e-02   2.9522527e-01   7.0898465e-01   5.2849043e-01  -1.3676783e-01  -3.0513717e-01   1.9280592e-01  -1.1585418e-01  -1.1658115e-01   7.6693865e-01   1.1320254e-01  -3.6230183e-01  -4.9251766e-02  -2.7575073e-01   3.6510775e-01  -1.6785175e-01   9.5078465e-02  -2.1675848e-01   6.5961875e-01  -6.8816298e-02  -1.8606071e-01   2.8345471e-01  -1.8862113e-01   7.5108717e-02   5.2129703e-01   3.3167978e-01   3.1178768e-02   1.8500786e-01   3.5349938e-01   8.3460882e-02   7.2536262e-02  -4.8261044e-02   2.2534266e-01   1.5863622e-02   1.4369208e-01   1.3837946e-01  -3.0898817e-01  -3.5314302e-01   2.9637440e-01  -8.4040848e-02   1.6691283e-01  -1.8191129e-01   1.8316407e-01  -2.2955465e-01  -3.3895086e-01   1.5227159e-01   3.1088881e-01   2.2870621e-01   7.2710966e-02   1.0785334e-01   2.3743071e-01   2.6803829e-01   1.3973757e-01   4.7817021e-01   5.0316698e-01  -1.3332619e-01   2.0455985e-02  -1.4405985e-02   2.9913918e-01  -2.7182737e-01  -3.8982677e-01  -5.6805130e-02   5.6829615e-01   8.3384965e-02  -6.6509111e-02   7.1362059e-02   3.7632900e-01
  -2.4024575e-01   7.2580058e-01   5.0559344e-01  -2.5580718e-01   0.0000000e+00  -6.4115874e-01  -5.6186155e-01   3.4166449e-01   2.6051330e-01  -2.7862026e-01  -5.5394780e-01   5.3564254e-01   3.7333020e-01  -6.6270006e-01  -4.8202642e-01  -1.8195744e-01   6.8947134e-01  -5.5167028e-01  -1.3755953e-02   7.6194429e-01  -6.6132265e-01  -6.0843652e-01  -6.5774925e-01  -6.2205070e-02  -1.8420272e-01   4.6879734e-02   5.0066669e-01  -4.5040060e-01  -2.2162470e-02  -6.3159483e-01  -1.7796554e-01  -2.5092350e-01  -1.9884695e-02   7.2325950e-02  -2.9491612e-01  -1.4848485e-01   2.4158453e-01   2.7990634e-01   6.5852225e-03   7.5003409e-01   4.8418067e-02   2.4977005e-01   7.2963729e-01   7.9047603e-02  -2.6383158e-01  -2.9338916e-01  -7.0139467e-01   2.3386290e-02  -4.1285300e-01   5.3643066e-01  -5.8215625e-01   3.3515693e-01   5.6853931e-01   4.8346848e-01  -1.6086277e-02  -2.5104498e-01  -5.6040961e-01  -3.7990628e-01  -2.7379173e-01  -1.4913489e-01   2.7743546e-01  -1.9657998e-01   5.9745013e-01  -1.3162139e-01   1.8140770e-01  -3.6740748e-01  -4.3320194e-01   7.7401520e-02  -3.2042001e-01  -4.3499507e-01   6.7410334e-01  -5.1153984e-01   2.6161785e-01  -5.0092862e-01   9.7149540e-02  -8.1117337e-02  -5.0626079e-04   2.3781413e-01   4.7420912e-01   1.2565247e-01  -5.7353166e-01   8.7551169e-02  -2.5879218e-01  -5.1980868e-02  -1.0412463e-01  -9.8091213e-02   2.8360810e-01  -1.4216404e-01   2.2208601e-01  -3.9087996e-01   8.1639988e-01   3.6746225e-01   4.7105175e-01  -5.9638401e-01   2.8515804e-01   8.4558730e-01   6.5054740e-02   2.2871259e-01   1.7889326e-01  -2.8427677e-01  -1.7031502e-01  -6.0228559e-01  -3.0797413e-01   5.2179664e-02  -6.9390814e-01   1.4742808e-01   3.7211250e-01   1.4986184e-01   8.0489458e-02  -4.9015253e-01  -6.1751632e-01  -7.5258709e-01  -1.8400681e-01  -3.4861889e-01  -6.0449440e-01   6.6878928e-01   1.9584987e-01   2.1524737e-01  -5.8938848e-01  -4.1194072e-01  -1.2126455e-01   7.7355892e-01  -1.1405705e-01   4.1192379e-01  -1.9286905e-01   2.2694795e-03  -4.0643520e-01   2.7731452e-01  -1.1996368e-01  -3.6312360e-01   1.8905672e-01  -5.0285407e-02   6.3018528e-01  -2.9285850e-01  -1.4158963e-02   1.7878342e-01   1.4177507e-01  -5.2519434e-01   1.1404493e-01  -4.5425348e-02  -4.1923460e-02   1.2575005e-01  -3.4689750e-02  -6.5882947e-01  -5.9649917e-01  -5.7070763e-01   3.5677267e-01   2.0106335e-01  -6.1756665e-01  -2.7522930e-01  -3.9017392e-01  -1.7438783e-01   7.9842474e-02   6.2895221e-02   7.0839138e-01  -3.7403429e-02  -1.7539801e-01  -2.6976940e-01   4.6295189e-01  -2.8219541e-01  -2.8064113e-02  -4.8178252e-02  -4.2762761e-01  -6.1996725e-01  -3.5619042e-02   6.4054852e-01   4.1952707e-02  -2.9434863e-01  -3.0703387e-01   6.8521923e-01   6.9067873e-01   2.7311502e-01  -2.2950542e-01  -5.7946947e-01  -1.6383083e-01   1.9155402e-01  -2.1966739e-01
   4.2965411e-01  -7.6560734e-01  -3.4155074e-01   2.7109650e-01  -6.4115874e-01   0.0000000e+00   5.2798527e-01  -1.8449281e-01  -2.8580926e-01   1.7918874e-01   6.0419767e-01  -4.7771021e-01  -2.1188717e-01   6.5426402e-01   6.3464682e-01   2.7156339e-01  -5.2421870e-01   7.6906333e-01   1.3565201e-01  -4.7172886e-01   6.8321107e-01   7.0740594e-01   7.2415431e-01   2.9713685e-01   2.2258173e-01   1.0600521e-01  -1.9124852e-01   3.9745712e-01   5.8575822e-02   6.3294839e-01   1.5973395e-01   2.1330249e-01  -9.2297029e-02  -2.0020113e-01   1.8193920e-01   4.9833729e-01  -3.3064992e-01  -2.8473846e-01   1.9784209e-02  -5.9901261e-01   1.1015156e-01  -1.5516704e-01  -6.3822133e-01   1.5578903e-03   4.1937785e-01   4.0332510e-01   8.5655770e-01  -2.6909531e-01   5.1696966e-01  -4.4005307e-01   7.9279552e-01  -2.4485042e-01  -6.8241926e-01  -2.2275997e-01  -1.3441303e-01   3.8937759e-01   7.1307727e-01   3.7222729e-01   4.1064258e-01   3.9277764e-01  -2.7659073e-01   4.1620352e-01  -5.6806802e-01   1.7651286e-01  -2.8941972e-01   4.6090739e-01   8.3400297e-01  -2.9769444e-01   3.5057046e-01   5.9627878e-01  -7.8457886e-01   6.6880199e-01  -2.7800257e-01   6.1397320e-01  -2.0885356e-01   8.4023638e-02  -6.6481714e-02  -1.9295290e-01  -4.5278722e-01  -1.4355829e-03   5.0143582e-01   7.8930924e-02   2.0635757e-01   2.1049758e-01   2.1575278e-01   1.3927482e-01  -4.9218257e-01   1.3866920e-01  -2.5380048e-01   4.8951849e-01  -7.6705114e-01  -2.1621632e-01  -3.9566856e-01   5.6783482e-01  -1.9493278e-01  -6.3409302e-01   1.0866068e-01  -2.7425532e-02  -3.2065944e-02   1.8078278e-01   6.1321455e-02   7.3772522e-01   3.4054836e-01  -9.2682241e-02   7.5384654e-01   3.0000687e-02  -2.6632914e-01   2.2763650e-01  -1.9710166e-01   6.7242551e-01   6.2991380e-01   8.1160584e-01   2.9292777e-01   4.1886556e-01   5.4787694e-01  -7.0957746e-01  -1.9641290e-01  -2.5954589e-01   6.0467964e-01   3.9918741e-01   4.1421125e-02  -6.7940388e-01   2.7231725e-01  -5.2939391e-01   3.3426866e-01   1.7524335e-01   5.2217446e-01  -2.5852785e-01   2.4604459e-01   5.4289828e-01  -1.3284388e-01   1.9243098e-01  -5.4365165e-01   9.3594125e-02   7.8637823e-02   7.3043186e-03  -2.4832265e-02   4.5703285e-01  -4.3369348e-02   3.1027239e-02   2.3610687e-01  -1.6007649e-01  -4.1436736e-02   7.4800398e-01   6.2872064e-01   4.4001077e-01  -4.8013042e-01  -1.1661959e-01   7.4905157e-01  -1.4629646e-03   4.8847595e-01   6.0744547e-02   6.1199492e-02  -6.6154023e-02  -5.9892330e-01   2.6069038e-01   2.2631042e-01   4.3379296e-01  -2.2656605e-01   4.2169678e-01  -2.2549204e-01   6.8531537e-02   2.9110713e-01   6.6762392e-01   1.0972537e-01  -5.4670549e-01   1.9430829e-01   4.2794622e-01   5.7190739e-02  -5.0001780e-01  -7.1507839e-01  -3.5292689e-01   3.0685055e-01   8.2117259e-01  -2.4409042e-02  -6.1795387e-02   3.7198024e-01
   1.0257300e-02  -4.3716396e-01  -3.2335163e-01   7.0627453e-02  -5.6186155e-01   5.2798527e-01   0.0000000e+00  -2.6793938e-01  -1.7071650e-01   5.7966318e-01   2.3993223e-01  -5.0599269e-02  -4.1368717e-01   4.4078514e-01   5.3400837e-01   1.2771464e-01  -6.2305760e-01   3.4918519e-01   1.6358918e-01  -3.6275214e-01   4.8450421e-01   3.5817445e-01   7.3372168e-01  -8.4349436e-02   6.4042834e-02  -7.4849556e-02  -2.3673580e-01   2.5643912e-01  -1.5511401e-01   5.5302734e-01   2.3875618e-01   4.5801155e-02  -1.3731162e-01   5.2910848e-01   4.8217393e-01   7.6269906e-02  -1.0092215e-01  -2.5882758e-01  -1.0851247e-01  -4.9743048e-01   4.5167335e-03  -1.6924467e-01  -4.4985405e-01  -2.5537532e-01   3.0947630e-01   4.1276535e-02   4.2828210e-01   2.7527355e-01   2.5726691e-01  -3.2859401e-01   3.6306845e-01  -2.4178320e-01  -1.7895722e-01  -4.3264482e-01  -1.0925470e-01   2.5450294e-02   2.5862336e-01   1.9613072e-01   2.4540713e-01   3.5380742e-01  -3.8890986e-01   1.5178213e-01  -4.5904877e-01   4.5063963e-02  -2.3724007e-01   5.3867147e-01   3.5923333e-01  -2.0619304e-01   2.7844984e-01   2.0359664e-01  -4.2150271e-01   3.2838112e-01  -1.7243119e-01   2.9225638e-01  -2.7223905e-01  -8.3264008e-02  -1.9794427e-01  -1.9019852e-01  -1.5462025e-01  -1.0646211e-01   6.2180172e-01   1.2452832e-02   2.8335211e-01   4.4226616e-02  -7.9938470e-02  -5.9646114e-03  -7.7108664e-02  -7.0679811e-02  -1.2108074e-01   1.6693533e-01  -5.8574286e-01  -4.5527909e-01  -7.1855401e-02   4.2623476e-01  -3.0418645e-01  -5.8233205e-01   1.1044394e-01  -2.1046867e-01  -3.2994786e-02   6.5987112e-01   8.6296928e-02   4.7045301e-01   3.3963367e-01  -1.7523749e-02   4.7253204e-01  -2.2820888e-01  -4.0599134e-01  -7.7565705e-02  -5.5823252e-04   4.4818863e-01   7.9359033e-01   5.6663474e-01  -3.6357952e-02   1.4670520e-01   3.8982794e-01  -4.3713752e-01  -2.9686263e-01  -2.8981462e-01   3.7030950e-01   2.9218893e-01  -9.4339400e-02  -5.2158205e-01   7.2238699e-02  -3.5448137e-01  -4.6788810e-02   2.5962972e-01   5.1583188e-01  -3.6711471e-01   2.0836677e-02   1.9874389e-01  -2.3034978e-01   1.5021239e-01  -5.2568929e-01   2.2347468e-01   5.3660530e-02  -1.9432281e-01  -8.2737363e-02   2.7032001e-01  -1.2223329e-01  -9.3378952e-02   1.4288072e-01  -2.8861659e-01  -4.7694828e-02   6.1452145e-01   5.6295910e-01   3.9918458e-01   1.5993635e-01  -4.3360097e-02   6.2631566e-01   2.1349101e-01   1.8556953e-01   2.2364421e-01  -2.0872934e-01  -2.3666795e-01  -4.4353128e-01  -8.0022468e-02   4.1250135e-02   3.2173838e-01  -4.8156625e-01   5.8159809e-01  -1.1490055e-01  -1.4653964e-01   1.8404479e-01   2.9978758e-01  -2.1625239e-01  -2.6131943e-01  -2.3154707e-02   1.4065984e-01   5.6671952e-02  -3.0802640e-01  -2.9442255e-01  -2.3801575e-01   2.0993130e-02   4.2836513e-01   1.7092520e-01  -3.4101897e-01   8.8043362e-02
   8.0644983e-02   2.3389400e-01   2.2324107e-01   7.6033561e-02   3.4166449e-01  -1.8449281e-01  -2.6793938e-01   0.0000000e+00   5.6618580e-02  -1.4147881e-03  -5.7868691e-02   1.1793485e-01   9.2943200e-02  -2.8387765e-01  -1.7960295e-01  -9.1667165e-02   3.9340209e-01  -4.2791364e-02   1.5965589e-01   4.1517254e-01  -1.3312535e-01  -2.3193935e-01  -1.6953474e-01   7.8739075e-02   4.1019052e-02   5.5828837e-01   3.9238716e-01  -1.4953913e-01   3.0743903e-02  -4.2458909e-01  -1.2826304e-01  -4.5970443e-02   2.8843537e-02  -1.5369738e-02  -1.3231748e-01   9.6919932e-02  -1.2940733e-01  -2.7164057e-01  -8.9383235e-02   3.4080829e-01  -1.2012617e-01   1.1745035e-01   1.3231933e-01   2.5593113e-01  -3.1470390e-01   2.3824942e-01  -1.5645786e-01  -1.1174594e-02  -1.5779628e-01   4.0184547e-01  -1.0590842e-01   8.3335461e-01   8.1621276e-02   1.8256613e-01   1.5608490e-01   1.7161259e-02  -1.3077462e-01   4.7420705e-02  -1.2506927e-01   2.8061333e-02   6.7549816e-02  -1.6173546e-01   3.2238006e-01   2.0121093e-01  -6.1875804e-02  -2.6237464e-01  -5.5482088e-02   5.0021732e-02   7.6457027e-02  -8.4697606e-03   3.1357911e-01  -1.4665447e-01   1.5627368e-01  -1.1429690e-01   1.6335636e-01   1.2320218e-01   1.4619521e-01   2.0360974e-01  -1.6147658e-02  -7.6274297e-03  -3.7725653e-01   5.8004567e-02  -1.2807967e-01   6.3272371e-03   1.2207989e-01   1.5708427e-01   1.3872847e-01  -1.5928515e-02   1.0138954e-01   1.8952851e-01   1.4941973e-01   2.3312898e-01   7.8657366e-02  -8.3478948e-02  -3.9817887e-02   3.3308431e-01   3.9009341e-02   4.1460583e-01   1.3643028e-01  -1.8880240e-01  -1.7240437e-01  -5.8692450e-02  -2.8964833e-01   5.6861947e-02  -2.5292965e-01   2.0173984e-01   6.3761140e-02   3.1592177e-01   1.1217707e-01  -8.4124650e-02  -2.9339346e-01  -3.1662351e-01  -5.3444550e-02   2.3365182e-01  -4.2220048e-01   1.8721317e-01   4.1551069e-01  -4.4932585e-02  -4.1391366e-01  -1.2005104e-01  -8.5594340e-03   1.0698031e-01   1.3030664e-01   6.7631249e-02   2.4023278e-01  -2.9960337e-02  -2.7303134e-01   1.8045770e-02   1.4053450e-01  -2.5762660e-01   1.0999380e-01   4.1402079e-02   1.8291779e-01  -1.0206873e-01   2.2488424e-01   6.5064277e-01   1.1635867e-01  -9.6316043e-02   5.0858102e-01   2.1422832e-01  -7.2742931e-02   7.2120969e-02   1.0834549e-01  -4.0071378e-01  -3.1011236e-01  -4.2207101e-01   1.9837921e-01  -1.1581962e-01  -1.9224341e-01  -2.1531012e-01   1.0169025e-01  -2.6644063e-01   9.1516460e-02  -1.5220180e-02   1.9622550e-01   3.2181440e-01   6.3626779e-02  -1.6677265e-01   3.1305293e-01   6.6355522e-02   4.8087762e-02   1.2501569e-01  -8.5300811e-02  -2.2900275e-01   3.7602149e-01   2.2975457e-01  -6.6380876e-02  -2.9775336e-01   4.7986660e-02   2.6102335e-01   1.5598327e-01   7.7546397e-02  -6.0809776e-02  -3.4352456e-01  -1.5513414e-01  -1.0736233e-01   5.8182396e-02
  -3.1245708e-01   3.8155358e-01   5.5017819e-02  -2.1076410e-02   2.6051330e-01  -2.8580926e-01  -1.7071650e-01   5.6618580e-02   0.0000000e+00  -6.9573884e-02  -1.7360087e-01  -1.4590111e-02   1.7952712e-02  -2.3514534e-01  -1.3964062e-01  -1.1825743e-01   1.4716548e-01  -7.4012398e-02  -1.8222028e-01   1.5959437e-01  -8.1215991e-02  -1.4189064e-01  -1.7827242e-01  -2.0932869e-01  -1.1962792e-01  -1.3828543e-01   8.6734290e-02  -1.2307099e-01  -3.7360507e-01   1.7100653e-01   1.5897696e-01  -9.1040037e-03   1.6738186e-01   3.0056591e-02   1.7457274e-01  -1.6089120e-01   2.5676929e-01   7.8166001e-02   9.6513404e-02   1.6948878e-01   2.2477007e-01   7.2398390e-02   3.9166799e-01  -4.9308059e-02   1.3519144e-01  -1.8127909e-02  -2.2102782e-01   2.6169700e-01  -7.1225810e-03   1.2487198e-01  -2.3902103e-01   2.3484679e-02   2.8703041e-01   5.5983752e-02  -5.5197121e-02  -4.7091728e-03  -1.9936925e-01  -3.5680792e-02   1.6156248e-01   4.7753092e-02   2.2775095e-02  -9.2348504e-02   2.9330772e-01   2.1572194e-01   4.2431446e-01  -2.3091479e-03  -1.3917238e-01   1.6098557e-01  -1.1367845e-01  -2.4856367e-01   3.1578056e-01  -1.4208504e-01   9.3490759e-02  -2.8509996e-01  -5.0777609e-02  -2.9616439e-01   7.7472424e-02   1.8839041e-02   2.9486069e-01   1.6391449e-01  -1.5909075e-01  -1.1763962e-01   1.0127990e-01  -2.9741006e-01  -1.5910652e-01  -2.5580011e-01   4.2731580e-01  -1.0459103e-01   2.9280736e-01  -2.6137731e-01   4.2844053e-01   1.3493809e-01  -7.7355539e-02   3.3118026e-02   7.8245143e-02   1.0587826e-01   1.1889484e-01  -6.7793602e-02   3.2541896e-01  -9.9423894e-02  -1.2467876e-02  -2.2359784e-01  -1.6964548e-02   5.2345668e-01  -1.5636515e-01   1.3606508e-01   6.3650205e-02  -9.7908516e-02  -6.3060711e-02  -2.0332750e-01  -2.4919242e-01  -2.3086049e-01  -6.1732167e-02  -1.6601680e-01  -1.9886960e-01   3.7069192e-01   1.1999236e-02  -7.7098537e-03  -2.3930777e-01  -8.8745992e-02  -7.3013330e-02   3.6478834e-01  -2.1488041e-01   5.6010417e-01   1.2510025e-01   1.2334175e-01   1.8946646e-02   8.4536289e-02  -1.2203553e-01  -1.4536703e-01   3.3259090e-01   7.4932253e-02   1.4031578e-01   2.6708759e-01   1.7989930e-01  -1.6690058e-01  -2.5502276e-03  -5.0053309e-02  -5.6123847e-02   7.7533731e-03  -2.2697502e-01  -2.2086676e-01  -7.6496514e-05  -3.3715807e-01   8.6106337e-02   5.8435427e-02   4.6912514e-02   4.8047328e-01  -2.7175751e-01   8.1003877e-02  -1.3950158e-01   1.5150100e-01  -1.8349026e-01   2.2100014e-01   1.5135790e-01  -3.0937036e-01  -7.2453314e-02   1.1643121e-01   8.0283505e-02   1.2233825e-02   3.1791726e-01  -2.2566478e-01   1.3942642e-01   2.8697384e-02   1.8117396e-01   1.2536373e-01   1.7278899e-01  -1.9668995e-01  -6.5127840e-02   2.0745583e-01   2.1163707e-01  -3.7614918e-02   1.9259155e-01  -2.8172715e-01  -1.0615594e-01  -1.1053130e-01   1.0603346e-01
  -6.7286000e-02  -1.2507764e-01  -1.2965488e-01   2.0196672e-01  -2.7862026e-01   1.7918874e-01   5.7966318e-01  -1.4147881e-03  -6.9573884e-02   0.0000000e+00   2.7321363e-03   2.1153402e-01  -1.1070417e-01   4.1070311e-03   1.0231141e-01  -7.8063385e-02  -2.7824564e-01  -3.1248698e-02  -4.0502237e-03  -4.4186265e-02   9.7651899e-02   7.0677891e-02   2.9489261e-01  -1.1042660e-01  -6.6926524e-02   6.3813953e-02  -1.1155283e-01  -1.4274207e-02  -9.6560604e-02   1.1465128e-01  -4.4340635e-02   6.9897503e-02  -1.5072957e-01   5.1462561e-01   3.4905491e-01   7.6512390e-02   9.5677583e-02  -2.4388318e-01  -1.7099379e-01  -1.6149202e-01   5.8839655e-03  -1.5422663e-01  -2.3842437e-01  -1.9146570e-01  -1.5372437e-02   1.2512825e-01   1.0233279e-01   1.1841313e-01  -1.2741218e-02  -1.5006983e-01   1.2079810e-01  -9.3608198e-04   8.2408503e-02  -2.2385438e-01   4.7059175e-03  -1.9799585e-01  -8.4610890e-02   1.8814667e-01   8.3597416e-02   3.6052951e-01  -2.4793932e-01  -1.0134163e-03  -2.9235260e-01  -6.7247207e-02  -3.7380596e-01   5.0103029e-01  -6.7638594e-02   1.1985481e-02  -4.5263158e-02   8.0783759e-02  -1.4493772e-01   1.8759421e-01   5.9545537e-02   1.1315697e-02  -1.7288887e-01  -9.7177742e-03  -8.4487955e-03  -2.0830483e-01  -6.4805586e-02  -1.5352367e-01   1.1778037e-01  -8.8586953e-02   9.4239928e-02   8.0975823e-02  -2.7525148e-01   7.3437415e-02  -6.0823049e-02   7.8329326e-02  -1.2043593e-01   1.3797090e-01  -3.7601484e-01  -3.2530118e-01   9.8723303e-02   2.1383771e-01  -2.7711302e-01  -2.5942564e-01   1.2224093e-01  -8.8428539e-02   5.7903498e-02   8.0954224e-01  -3.0117285e-01   2.2198950e-01  -1.4837087e-01   4.0462120e-02   2.8139080e-01  -9.0026578e-02  -3.8509959e-01  -9.4973635e-02   1.8592614e-01   3.2005883e-01   3.1408014e-01   2.0300669e-01   2.6714089e-02   1.3154396e-01  -8.9296358e-02  -1.9496734e-01  -9.6209574e-02  -4.2107048e-02  -3.9507473e-02   2.0403478e-01   1.1751169e-02  -2.2318292e-01  -8.7733706e-02  -2.6782052e-01   1.5007746e-01   7.1764038e-02   1.9936162e-01  -3.1804196e-01   9.8978172e-02   1.1704198e-02  -6.3017914e-02   3.1761950e-02  -1.9915324e-01   2.5096677e-02   2.2121253e-01   4.9555042e-04  -1.6772392e-01  -4.8653519e-02   5.2530776e-02  -8.9176480e-02  -5.4870032e-02  -1.4422173e-01  -3.2407602e-02   1.4547141e-01   1.0157109e-01  -1.8582033e-02   1.8622640e-01  -9.3938419e-02   4.7825187e-01   1.7854602e-01  -1.2993513e-02  -1.9182753e-01  -2.7698290e-02  -2.8512676e-01  -1.8252282e-01   2.5834655e-02   1.7750376e-01   2.0723581e-01  -2.8404383e-01   1.7259838e-01   8.6405226e-02  -2.6237342e-02   1.4950776e-01   7.4471568e-02   1.7014950e-03  -1.7261934e-02  -1.2933811e-01  -2.0807256e-01   2.6253180e-01  -1.6802886e-01   4.7638250e-02  -1.0533385e-01  -6.7549433e-03   3.3080794e-02   1.6026764e-02  -1.8548178e-01   4.6127558e-02
   2.7512217e-01  -6.4860645e-01  -3.1657032e-01   4.2568219e-01  -5.5394780e-01   6.0419767e-01   2.3993223e-01  -5.7868691e-02  -1.7360087e-01   2.7321363e-03   0.0000000e+00  -6.4571107e-01  -2.5130592e-01   4.6711654e-01   4.0365193e-01   2.1929972e-01  -4.3197830e-01   5.7924520e-01   1.2039952e-01  -4.0017683e-01   6.5894679e-01   6.3759206e-01   5.9730086e-01   3.5611109e-01   9.6763654e-02   2.0161052e-01  -1.9088561e-01   2.5969301e-01  -1.7538579e-01   4.1755217e-01   2.5348968e-01   3.0274045e-01   3.7035019e-02  -3.5786315e-01  -9.7018121e-02   3.5830118e-01  -3.6957193e-01  -2.5539827e-01  -4.6198916e-02  -5.8651242e-01  -1.1857869e-03  -2.2416812e-02  -5.0422837e-01   2.5376330e-01   2.1487907e-01   4.5710689e-01   7.7831516e-01  -1.4806815e-01   3.8667326e-01  -4.3717106e-01   6.2440536e-01  -7.5028671e-02  -6.5009263e-01  -3.0737021e-01   3.3893015e-02   5.2613454e-01   5.5800293e-01   5.4101569e-01   2.7283762e-01  -1.3031957e-02  -1.3865797e-01   4.3217815e-02  -4.0152796e-01   2.6596669e-01  -1.1612640e-01   1.4048629e-01   5.0459985e-01  -1.2497829e-01   5.6856032e-01   4.6896400e-01  -5.7974863e-01   6.4359253e-01  -1.2604110e-01   2.7307128e-01  -3.4850753e-02   2.3043142e-01   4.4088102e-02  -9.5419172e-03  -5.5332662e-01   9.7826194e-03   3.6877052e-01   2.1115702e-01   3.7001546e-01   2.3550369e-01   1.3292468e-01   3.1084611e-01  -4.2594974e-01   1.8218720e-01  -1.1077257e-01   5.2345468e-01  -6.1626795e-01  -1.5835947e-01  -4.6913254e-01   5.2747845e-01  -1.5894097e-01  -6.0294607e-01   6.7673729e-02   3.2222905e-02  -7.7535003e-03  -1.5931735e-01   1.4993091e-01   6.3811526e-01   3.2962487e-01  -5.0143303e-03   6.5722954e-01   2.0383567e-01  -2.1493514e-01   1.8115827e-01  -2.8087591e-01   5.9873341e-01   4.5196703e-01   6.2931042e-01   3.1619434e-01   5.1634691e-01   3.6124173e-01  -4.9210523e-01   1.4116925e-01  -2.5241495e-01   4.1789163e-01   4.9350720e-01   2.4421599e-01  -6.2490602e-01   8.1267048e-02  -3.7069170e-01   3.8130964e-01  -6.9469194e-02   1.6404856e-01  -1.0867238e-01   5.1666718e-01   3.5669746e-01  -1.6780024e-01   4.4060357e-01  -3.6427006e-01   3.0890144e-01   3.2072031e-01   2.7614507e-01  -1.5934496e-01   4.0285003e-01   2.2959918e-01   2.9304593e-01   7.6726011e-02  -5.9954390e-02   3.3754132e-01   4.4432522e-01   4.6460680e-01   4.7186664e-01  -3.9858694e-01  -3.7531201e-01   5.0290591e-01   6.4823612e-03   2.9551785e-01   8.5135968e-02   1.3811857e-01   1.5931683e-01  -6.0268842e-01   2.9433900e-01   3.0422219e-01   2.6337386e-01  -1.0732891e-01   2.7430413e-01  -8.2797704e-02   3.2658340e-01   1.7272910e-01   6.2257904e-01   2.6013820e-01  -4.8061895e-01  -2.1018236e-02   2.3706575e-01   2.2977833e-01  -3.7001194e-01  -7.0943254e-01  -5.2966694e-02   3.2739148e-01   4.1687109e-01   7.7093362e-02  -2.1637113e-01   2.6423006e-01
  -1.6868910e-01   7.2419859e-01   4.7883809e-01  -3.2459540e-01   5.3564254e-01  -4.7771021e-01  -5.0599269e-02   1.1793485e-01  -1.4590111e-02   2.1153402e-01  -6.4571107e-01   0.0000000e+00   1.5142207e-01  -6.1026273e-01  -3.1362733e-01  -1.3660763e-01   4.4108701e-01  -5.6232747e-01   1.1105005e-01   5.8176247e-01  -6.5191804e-01  -6.0998889e-01  -4.7402517e-01  -1.6620736e-01  -2.0795054e-01  -7.7879452e-02   2.6935230e-01  -4.2562736e-01   1.4178618e-02  -5.0372739e-01  -3.5457389e-01  -2.3866585e-01  -1.1588134e-01   6.0621741e-01   7.0321326e-02  -2.2639168e-01   3.3813388e-01   2.0147190e-01  -4.4197917e-02   5.6847805e-01   2.7452864e-02   1.5626965e-03   5.2583969e-01  -2.6306086e-01  -2.7479342e-01  -4.4795586e-01  -6.5683090e-01   1.8115022e-01  -3.8477612e-01   5.2085075e-01  -5.0841001e-01   2.9684521e-02   7.0383640e-01   2.7701858e-01  -8.6465702e-02  -5.0821975e-01  -6.0443946e-01  -4.3829428e-01  -2.4602891e-01   2.2724402e-01   1.0070258e-01  -1.1376462e-01   4.8519222e-01  -1.9272717e-01   5.0611127e-02   7.9803614e-02  -5.2070053e-01   4.4191004e-03  -3.6806150e-01  -4.1886594e-01   6.0382741e-01  -4.9162983e-01   2.4874614e-01  -3.9986057e-01   5.5643523e-02  -1.1502526e-01  -8.1457559e-02   8.9217087e-02   4.9199075e-01   1.0180582e-01  -4.7770735e-01   1.1749177e-01  -2.7391297e-01  -8.5497431e-02  -2.8559335e-01  -1.3395476e-01   3.4526430e-01  -2.0415730e-01   6.7871577e-02  -3.9267673e-01   5.2418239e-01   5.1244545e-02   7.4423731e-01  -4.9322248e-01   1.0941067e-01   6.3395938e-01  -6.1529233e-02   5.1520363e-02   1.5578039e-01   2.7461015e-01  -4.5834780e-01  -5.3898124e-01  -4.4024407e-01   4.3850555e-02  -4.8547963e-01  -1.4646888e-01   2.2497158e-01   5.6807180e-02   3.4666871e-01  -3.5031423e-01  -2.4606214e-01  -6.1322975e-01  -3.1247225e-01  -3.7794564e-01  -5.7225567e-01   4.4913387e-01  -5.4411298e-02   2.2456319e-01  -5.4368060e-01  -4.6076586e-01  -1.7322591e-01   5.9174228e-01  -7.9230270e-02   2.5132866e-01  -3.0853199e-01   7.4863999e-02  -1.7631095e-01   1.0073639e-01  -2.0978958e-01  -3.3231906e-01   1.1846605e-01  -2.6407327e-01   4.7821665e-01  -4.4067557e-01  -6.5965983e-02  -1.1020946e-01   3.3751811e-02  -6.0425977e-01  -1.3648949e-01  -2.2391662e-01   4.5441049e-02   7.9329051e-02  -1.0184907e-01  -3.8708021e-01  -5.2729675e-01  -4.6659179e-01   5.3707192e-01   2.1573635e-01  -1.9567363e-01  -1.6240015e-01  -4.4355214e-01  -3.9807154e-01  -4.5729705e-02  -1.1306728e-01   6.7376640e-01  -1.3588535e-01  -2.5016364e-01  -2.1848160e-01   1.4651804e-01  -2.6059588e-01  -8.7472093e-02  -1.3261081e-01  -3.2300355e-01  -5.6916738e-01  -2.9974869e-01   5.7010657e-01  -1.2432236e-01  -4.1777236e-01  -3.2136771e-01   5.6829310e-01   8.0162419e-01   2.4231114e-01  -3.7353816e-01  -5.1262205e-01  -6.7010719e-02   5.6047262e-02  -2.2110598e-01
   7.8643923e-02   2.1395724e-01   2.4050206e-01  -1.8795025e-01   3.7333020e-01  -2.1188717e-01  -4.1368717e-01   9.2943200e-02   1.7952712e-02  -1.1070417e-01  -2.5130592e-01   1.5142207e-01   0.0000000e+00  -2.8102595e-01  -2.2015591e-01  -6.1866552e-02   2.5873056e-01  -1.7103596e-01  -2.6033171e-01   2.6821195e-01  -3.8968502e-01  -2.1806761e-01  -3.7716690e-01   5.5241002e-02   1.5590721e-01  -4.5798370e-02   1.7723623e-01  -2.4748468e-01   2.0221286e-01  -2.9115919e-01  -2.6855698e-01  -1.3884508e-01   2.6331965e-02  -1.1595535e-01  -1.8997998e-01   2.9326070e-01   1.0299568e-01   1.8030779e-02   1.9845707e-01   2.7189055e-01   3.9441612e-01   1.3141650e-01   2.8504208e-01   9.1720455e-02  -1.5257876e-01  -1.6118802e-01  -2.0117411e-01  -3.4221614e-01  -8.9109184e-02   2.0073895e-01  -9.2645352e-02   2.7714320e-02   2.5869128e-01   3.2366813e-01  -6.7691670e-02   8.5853690e-02  -2.3547148e-01  -2.0489304e-01  -1.7112389e-02   1.6116203e-02   8.4554719e-02   1.9229989e-01   1.7636136e-03  -1.2366346e-01  -8.1879332e-02   5.8712943e-02  -2.9746834e-01  -1.9306985e-01  -3.3974845e-01  -2.0305878e-01   1.4220355e-01  -1.7970285e-01   1.0638542e-01  -1.6204329e-01   1.7939159e-01  -8.8937085e-02   8.3227923e-02   1.4857572e-01   1.8808707e-01   1.6219936e-01  -3.8190672e-01  -2.0725017e-01  -2.7727577e-01   1.0446969e-01  -1.5238339e-01  -1.7387140e-01  -6.6370337e-02   1.4403768e-01  -8.6185453e-02  -1.0450166e-01   3.0856865e-01   1.8749013e-01   1.4692967e-01  -2.3688821e-01   6.9638538e-02   3.8621890e-01   2.9506551e-01   1.7124538e-01   2.9359267e-01  -9.8680099e-02  -2.0096490e-01  -2.1804806e-01  -3.1835987e-01  -1.0969832e-01  -1.9134693e-01  -3.2100594e-02   2.9174887e-01   1.2196173e-01   4.6965104e-02  -2.4149463e-01  -3.4350245e-01  -3.3543247e-01   1.8570784e-02  -1.6897078e-01  -2.4910616e-01   1.3775755e-01   9.8621914e-02   5.1403167e-01  -3.3627822e-01  -3.3515653e-01   1.3623548e-01   2.8751258e-01   1.2064419e-01  -1.4137295e-02  -1.0119021e-01  -2.7730992e-01  -2.3911306e-01   3.2769280e-01  -6.6918035e-02  -2.0284814e-01   3.9678934e-01  -1.9652055e-01   1.5150333e-01  -2.6427742e-01  -5.0422982e-02  -7.1005243e-02   9.0623914e-02  -4.0577056e-01  -1.8576621e-01  -2.8800806e-02  -1.0005484e-01   3.5861172e-01  -1.7704496e-01  -3.0722636e-01  -3.8883616e-01  -3.3299437e-01  -1.2040044e-01   2.5912487e-01  -1.1472334e-01  -2.9803888e-01  -2.0468371e-01  -2.4134634e-01   1.9554394e-01   1.8051148e-01   1.8835147e-01  -1.7366811e-02   1.2570862e-03   2.9998752e-02   1.5659946e-01  -2.9197582e-01  -1.1987023e-01   2.1404671e-01  -1.4966903e-01  -1.6196003e-01  -4.9385379e-03   1.0492791e-01   2.1970348e-01  -1.1577433e-01  -8.8280117e-02   1.6381576e-01   2.5342781e-01   1.1035451e-01  -1.8017595e-01  -2.2691062e-01  -2.1086184e-01   1.3252269e-01  -1.0373105e-01
   3.1985474e-01  -7.4117791e-01  -4.7759435e-01   1.2630611e-01  -6.6270006e-01   6.5426402e-01   4.4078514e-01  -2.8387765e-01  -2.3514534e-01   4.1070311e-03   4.6711654e-01  -6.1026273e-01  -2.8102595e-01   0.0000000e+00   5.1711113e-01   1.2480288e-01  -5.9880484e-01   6.8399087e-01   1.2294291e-01  -6.6859195e-01   7.0732489e-01   7.9784236e-01   6.0782830e-01   8.6406583e-02   2.2004867e-01   5.1131463e-02  -3.5019752e-01   4.4439372e-01   2.3647315e-02   7.2055681e-01   3.4927318e-01   1.2329814e-01  -2.6114833e-01  -1.5448553e-01   2.8301556e-01   1.1513855e-01  -2.2830156e-01  -1.9560129e-01   1.9326797e-04  -5.9324914e-01  -9.0668878e-03  -3.4221760e-01  -6.2510135e-01   1.4147829e-02   4.5737162e-01   2.7492272e-01   6.1569811e-01  -2.2239093e-02   4.7681826e-01  -5.7405043e-01   6.0474282e-01  -2.9884679e-01  -5.0242609e-01  -3.5811867e-01   7.0768397e-02   3.7561089e-01   6.6354444e-01   2.9324960e-01   3.1292127e-01   2.1395150e-01  -2.7292128e-01   3.4530083e-01  -5.9173170e-01   1.3246500e-01  -6.0474979e-03   2.0725311e-01   6.0502512e-01  -8.7586164e-02   4.0414081e-01   4.4963610e-01  -6.1437850e-01   4.6932756e-01  -4.0805595e-01   6.4715034e-01  -6.1507596e-02   5.4121777e-02  -7.6084191e-02  -2.7665126e-01  -4.0136315e-01   1.3058844e-02   6.2200069e-01   7.6482085e-02   2.8602274e-01   2.3415048e-01   3.5549799e-01   9.1063351e-04  -2.7114885e-01   2.1956744e-01  -2.5823082e-01   3.4950960e-01  -6.3043473e-01  -3.1429790e-01  -5.0376979e-01   6.4745129e-01  -6.8636062e-02  -7.0222261e-01  -2.4223504e-03  -1.7506919e-01  -2.3445641e-01   3.3978335e-02   3.9889695e-01   6.8101387e-01   5.6882519e-01  -9.8926278e-02   5.1047734e-01  -5.8205877e-02  -3.5531838e-01   5.1047851e-02  -1.5172876e-01   4.1790784e-01   5.7072198e-01   8.0695705e-01   1.5674257e-01   2.9942035e-01   7.0935959e-01  -5.6785917e-01  -2.7391725e-01  -3.3846036e-01   6.3262673e-01   3.8394471e-01   4.7983251e-02  -6.0848365e-01   1.6648168e-01  -3.1973284e-01   9.1662664e-02   3.2902364e-01   5.3067695e-01  -1.5131190e-01   8.4182537e-02   3.7003975e-01  -2.6331792e-01   4.2586968e-02  -5.0212665e-01   3.2708571e-01  -1.2261708e-01  -9.9219546e-02  -2.3357752e-02   5.8461867e-01  -1.4855101e-01   6.6857811e-02   1.6967551e-01  -2.6848920e-01  -7.6197100e-02   5.8486423e-01   6.7780755e-01   6.3486282e-01  -4.3980211e-01  -2.3705787e-01   3.6466975e-01   3.4357110e-01   3.7481600e-01   4.5325680e-01   6.9068458e-02  -1.8808808e-02  -6.4305117e-01  -9.9069778e-02   2.0285290e-01   3.4683862e-01  -3.9648991e-01   3.4713162e-01  -1.0901905e-01  -9.1516637e-02   2.5133701e-01   5.1622319e-01   2.4360384e-02  -5.4707027e-01   1.9770085e-01   5.3130011e-01   3.1825389e-01  -5.0336369e-01  -6.5922325e-01  -3.6542915e-01   2.1875340e-01   7.0904332e-01   1.3966650e-01  -9.3533629e-02   3.1182017e-01
