   0.0000000e+00   1.2711027e-01  -2.2556083e-01   1.6216252e-01   1.1585331e-02  -6.4086823e-02  -3.0071278e-01   2.9696035e-01   3.1343124e-01  -2.2927881e-02  -2.6622513e-02  -2.8695442e-01   4.6391037e-01   3.3537771e-01  -3.0069362e-01  -1.5490265e-01  -7.4946089e-02  -2.2461868e-02   8.0720516e-02   8.9008759e-04  -7.9299976e-02  -7.3928888e-02  -1.3876085e-01   6.1136344e-01  -2.3517264e-01   1.5156345e-01  -1.3722725e-01   4.6396378e-03   1.3917036e-01  -2.6899240e-01   2.5563744e-02  -3.5485121e-02  -5.4265915e-02  -2.5666081e-01  -4.3528258e-02   1.3497676e-02  -2.7861416e-02   3.5692880e-01  -1.2506890e-01   7.0773074e-02   4.7113248e-01   2.1628231e-01  -7.3718513e-02  -5.6072558e-02  -2.0463521e-02   3.9971638e-01  -1.1082002e-01  -8.9211853e-02   2.7160410e-01   5.3134119e-02  -1.9998100e-02  -8.9279881e-02  -2.2585616e-01   2.6292758e-02   4.8643119e-01   7.4480204e-02   8.0424217e-03   5.9265180e-02   1.9052593e-01  -3.4567880e-02   1.0658109e-01   1.8495784e-02   5.6521924e-02  -1.7665768e-01   5.2017539e-02  -1.7527742e-01  -1.1730694e-01   1.4760325e-01  -1.8682173e-01  -4.2555826e-02   8.6137903e-02   1.8162732e-02   1.3602840e-01   7.4590748e-02   4.9970431e-02  -7.3547909e-02   2.8185194e-01  -8.0429938e-02  -3.7272616e-02   2.4584932e-01  -2.1135253e-01  -9.5368740e-02   1.5736732e-01  -1.7663913e-01   6.3653041e-01  -3.2666555e-01  -6.8648654e-02   4.1776139e-01   5.4943419e-03   7.5541807e-01   1.9674080e-01   3.3112370e-02  -1.4941140e-01   2.5931162e-01   4.5354384e-01   1.3210645e-01   8.2013139e-03   3.3823928e-01  -1.6556965e-02  -1.4092964e-01  -5.0674900e-02  -2.2044452e-01  -1.7260894e-01  -2.4211517e-01  -2.0299387e-01   5.2205290e-02   1.3122339e-01   1.8441209e-01  -1.3625965e-01  -2.8732339e-01  -1.7138622e-01  -1.8116136e-01   1.2305043e-01   8.2991871e-01   1.0860680e-01   1.1569445e-01  -2.1937458e-01   4.4432192e-01  -3.1631521e-01   1.0024852e-01   4.6747257e-01   1.1442598e-01  -7.5881469e-02  -4.4188852e-02   5.9413994e-01   2.2058446e-01  -2.1213780e-01   1.0855434e-01  -9.3214008e-03  -6.3439104e-02   1.1248459e-01  -1.1571165e-01   3.1698689e-01   1.7833299e-01   2.3991903e-01   8.2281793e-02   8.6130667e-02   6.8531041e-02  -1.8125402e-01   5.0180813e-01   5.5836645e-01   2.7612878e-01  -4.8443897e-02  -3.1631638e-01  -3.0548240e-01   3.6187108e-02  -2.6735853e-01  -1.2628940e-01  -1.8931462e-01  -6.1367028e-02   5.7276329e-01  -1.7437353e-01   3.6101899e-01   1.1413952e-01   5.0482282e-02   4.8046627e-01   3.6262197e-01   2.1496811e-01   9.6253342e-02  -2.8277773e-01  -1.5102259e-01   2.0768261e-01  -1.7731409e-01  -2.1783555e-01  -5.6612756e-03  -2.4857398e-01  -1.2281149e-01  -2.6451935e-01   2.2093440e-01   7.2909619e-02  -6.1854332e-02   2.4684774e-01   1.3985622e-01  -2.8449980e-01  -2.3755380e-01  -1.0812788e-02   4.9123338e-02
   1.2711027e-01   0.0000000e+00  -1.2689941e-02  -3.6019069e-01   4.3820574e-01  -4.3105290e-01  -1.5769157e-01   1.9650464e-01   4.3328160e-01  -5.3108927e-01  -2.6560091e-01   9.3497649e-02  -5.8696698e-02  -2.7352864e-01  -1.5844670e-01  -3.1960742e-01   2.2434074e-01   1.2723136e-01   1.9505079e-01   1.8910865e-01   5.4479219e-02  -5.0220920e-01  -6.4818981e-01  -1.4941505e-01   4.3510384e-02   2.5068126e-01   1.9839852e-01  -3.3795878e-01   1.1706990e-02   4.4344272e-01   5.4466796e-01  -8.1678080e-02   3.6952156e-01  -2.7436155e-01  -5.4798635e-01  -1.4772518e-01  -1.2034789e-01  -1.9389882e-01   1.8534676e-01   5.1567938e-01  -3.5800435e-01  -4.9051007e-02   2.0437326e-01   3.1322120e-02   1.6468364e-01  -4.9828492e-02  -5.0268106e-01   6.0241800e-01  -4.5083702e-02   4.1696190e-01  -5.5300822e-01  -9.3317323e-02   3.4575608e-01   9.2780905e-02   3.2030647e-01  -3.2131060e-01  -3.6250300e-01  -1.2685425e-01  -1.9427916e-01  -5.1635180e-01  -1.2705304e-01  -2.9732912e-01   5.1915278e-01   4.5867039e-01   5.7108247e-01  -1.1107968e-01  -3.5937038e-01   4.8771282e-01  -2.4759608e-01  -4.6673191e-01   6.5689297e-01  -3.1660754e-01  -7.0665257e-03  -3.7237228e-01   2.9602186e-01  -1.3472720e-01   6.3350973e-04  -8.5125496e-02   5.4050523e-01   8.9684107e-02  -4.7957463e-01   9.7849997e-02   5.6098027e-01  -1.1779611e-01   1.6149682e-01  -2.3123672e-01  -1.0065865e-01   1.8890645e-02   3.7820683e-01  -5.2834095e-02   7.7066269e-01   3.6965702e-02   1.1007543e-01   5.8158145e-02   1.0026784e-01   4.8630809e-01  -3.2311242e-01   2.4207076e-01   4.4772102e-01  -3.3930065e-01  -2.7347863e-01  -2.5535639e-01  -4.2362487e-01  -2.2377187e-02  -5.6878865e-01  -1.3973341e-01   7.0311542e-02   3.4014016e-02   1.1301305e-01  -3.7711201e-01   6.2760495e-02  -6.1744225e-01   3.9665661e-02   1.1006235e-01  -1.4904552e-01   7.6082510e-01  -3.9150809e-01   8.8364647e-02  -1.3188257e-01  -1.7743438e-01  -2.4198403e-02   6.9903844e-01   3.1283644e-01   5.9010789e-01  -2.8200949e-02  -2.1082602e-01  -2.3826663e-01   2.8624312e-01  -3.8036549e-01   1.6361611e-01   2.0900137e-01   9.7647528e-02  -2.6500602e-01   2.0965314e-01   1.9222163e-01   8.5215610e-02   1.4065084e-02   1.2515252e-01  -1.1670678e-01   1.0238206e-01   5.0908970e-02  -1.7424860e-02  -2.1413342e-01  -4.0799037e-01  -1.8429421e-01   2.8468735e-01   1.4756579e-01   2.0760513e-01  -7.0113728e-01   5.7123784e-01  -2.4305221e-04  -3.0367697e-01   2.2188205e-02   6.1204618e-01   6.8391922e-01  -1.4250858e-01   2.0380184e-02  -1.7996701e-01   6.2998336e-02  -4.1684480e-01   2.7544706e-01   3.0655934e-01   3.0452463e-01  -2.0038900e-01  -3.2012442e-01   1.9721690e-01   1.9117559e-01  -3.6870374e-01   7.2249889e-03   5.0323408e-01   2.7043240e-01  -9.9860202e-02   4.9994191e-01  -1.6056032e-01  -1.0940758e-01   1.6298598e-01  -3.1256589e-01
  -2.2556083e-01  -1.2689941e-02   0.0000000e+00  -1.8821778e-01   3.6697974e-01   2.6294763e-01   4.1888396e-01  -3.0530184e-01  -1.9108559e-01   3.2777979e-01  -2.9123524e-02   4.6247607e-01  -2.1834430e-02  -2.1321152e-01   3.2443915e-01   4.4597798e-01   8.6443155e-01  -3.7664755e-02  -1.0355708e-01   5.2846980e-01  -5.3359816e-01  -2.3785155e-01  -6.0218899e-02  -9.4157684e-02   1.1902817e-01  -1.9434385e-01   1.7493931e-01   2.6929721e-02  -3.4704831e-01   1.0659882e-01  -1.3701697e-01  -2.2392255e-01   2.1234956e-01   4.3737781e-01  -1.8991321e-01   3.0341756e-01  -4.1051741e-01  -6.7575796e-02   3.4415419e-01   2.3578882e-01  -4.4504418e-02   1.2229127e-01   8.8261332e-02   1.2511674e-01  -1.7556912e-01  -1.3576010e-01   1.5189669e-01  -1.0810782e-02  -4.5486737e-01   5.3397200e-01   7.8380041e-02  -2.9723103e-01   2.7703554e-01   3.6022448e-01  -3.3349538e-01   3.8457089e-01  -2.8419198e-02  -2.4215170e-01   1.2807884e-01   5.6211056e-04   1.9778088e-01  -1.2775803e-01  -5.5056773e-02  -3.1316862e-01  -3.1710270e-01   4.4644757e-01   3.6679656e-01   3.9240203e-03   2.3928296e-02   4.5207607e-01  -6.8357490e-02  -1.9896055e-01   2.8393536e-01   9.5917099e-02   1.3058580e-01  -1.7834409e-01  -1.9282166e-02   1.3264589e-01   1.8443640e-01  -9.2556917e-03   7.4567626e-02   3.2304413e-01  -8.5162177e-02  -5.7436591e-02  -2.6982485e-01   3.0196154e-01  -3.8493839e-01  -2.0744857e-01   1.3278445e-01  -2.1947370e-01  -2.1002327e-01   3.9477539e-01   4.9277747e-01  -1.2646277e-02  -3.8841673e-02  -9.4369570e-02   4.6379270e-02  -3.1594822e-01   1.1062209e-01   2.2146809e-02  -1.7686179e-02   2.5764315e-01  -2.8587385e-01   3.5941859e-01  -3.1068491e-03  -2.3395369e-01   4.6579409e-01  -2.2302081e-01  -1.8243933e-02   7.5669384e-02   6.4982260e-01  -2.8444736e-02  -2.4796848e-01  -2.5129999e-01  -7.5065310e-02  -1.5660298e-01   1.9856978e-01   3.6643050e-02   6.0779750e-01  -3.9015799e-01  -2.1044772e-01   1.1908929e-01   1.4272763e-01  -2.5698849e-01  -5.2178733e-02  -1.4192658e-01   1.2812482e-01   7.2536228e-02  -1.2760642e-01   4.8679034e-01   2.9272552e-01   1.5684395e-01  -3.2187816e-01  -3.9254324e-01  -2.7559586e-01  -8.6570450e-02   2.0114355e-01  -1.7123870e-01  -9.4918512e-02  -7.4310184e-02  -5.8352828e-02  -3.2413907e-01  -7.0937094e-03   6.4049093e-01   3.6114015e-01  -4.9998887e-01   4.1815315e-01   2.9108201e-01   1.4779220e-01  -3.3738114e-01   1.8715014e-02  -1.7494303e-01   2.1094554e-01  -1.1893735e-01   5.0429620e-01  -2.7040757e-01  -1.8772414e-01   1.5080343e-01   3.3670139e-01  -2.5250452e-02   2.1641617e-01  -2.4675585e-01   1.9454609e-01  -1.4219456e-01  -1.5556013e-01   2.3959911e-01   4.2717789e-01  -6.3733990e-03  -8.4378102e-04   1.4889229e-01   4.4041156e-01  -3.7468955e-01  -2.9912997e-01   5.9924189e-01   1.8727174e-01   3.3144658e-01  -2.4502104e-01
   1.6216252e-01  -3.6019069e-01  -1.8821778e-01   0.0000000e+00  -2.2213048e-02   4.5914251e-01  -1.5192064e-01  -1.2480503e-01  -6.5008102e-02   8.1254713e-02   2.3318819e-01  -1.0042794e-01   1.9445584e-01   2.0821451e-01   1.0677452e-01   7.9011819e-02  -1.9409369e-01   2.8795220e-01  -6.5950941e-02   1.0405278e-01   8.4270372e-03   6.1435589e-01   3.0320235e-01   1.3423303e-01  -1.9470036e-01   2.8128887e-03   5.3942529e-02   7.2343864e-02  -7.1113357e-02  -2.4204429e-01  -3.8908535e-01   5.5403116e-01  -2.6293623e-01   1.2331775e-02   4.4479903e-01   2.7647330e-01   3.7315392e-01  -1.4718178e-01  -2.0263416e-01  -2.0814730e-01   3.7619280e-01   3.3945808e-01   3.4442567e-02  -1.3731319e-01   2.2522085e-01  -5.1295263e-02   5.4398122e-01  -4.9341514e-01   2.5713176e-01  -4.0783296e-01   5.7391962e-01   2.6174182e-01  -4.9659146e-01  -2.1048680e-01  -1.8203726e-01  -9.4654182e-02   3.5659017e-01   4.9696700e-01   6.0902136e-01   4.7515193e-01   3.8507469e-02   3.6797962e-01  -2.4622724e-01  -2.2198141e-01  -1.4640572e-01  -1.6580750e-01   3.3029223e-01  -3.7681039e-01   5.3494358e-01   1.0102544e-02  -5.4029138e-01   6.7628026e-01   8.6175712e-02   3.3702098e-01  -1.3212564e-01   4.0166401e-01   9.7774238e-03   1.5619431e-01  -1.1071406e-01   4.3738842e-01   1.0030900e-01   1.4467728e-01  -4.9121774e-01   1.2204622e-01  -4.1325003e-02   2.5701805e-01   2.1952136e-01  -2.8487625e-02  -2.9787819e-01   1.8270532e-01  -2.4355575e-01  -3.7306374e-02   4.2341962e-02   3.6907560e-01  -1.1797797e-01  -4.0729030e-01   5.2883584e-01   8.2188914e-02   7.2104446e-02   1.2647316e-01  -1.6904802e-01   1.2819844e-01   4.1953003e-01   3.1227818e-01   4.3478613e-01   6.2988574e-01  -2.6120519e-01   3.5190250e-01  -2.5766880e-01   4.3531950e-01  -3.4381289e-01   5.8517470e-01   2.3959557e-01   1.0997016e-01  -2.4182285e-01  -2.8854468e-01   2.1698982e-01   1.0888952e-01  -2.1520145e-01   6.1725826e-01   1.6311141e-01  -3.5054273e-01   6.1402080e-02  -2.8386597e-01  -1.3038357e-01   3.0543912e-01   2.8946492e-01  -1.4041057e-01   6.6819226e-01  -3.4184452e-01  -1.5468026e-01  -1.7266125e-01   5.3789509e-01  -2.6102828e-01   2.1870934e-01   9.3893187e-02   1.4276511e-01  -3.0384452e-01   3.8354433e-01  -1.7878282e-01   5.9700527e-02  -9.6197102e-02   5.0269949e-01  -1.1135224e-01  -1.0113857e-01  -2.9011219e-02  -5.3026594e-01  -7.4013483e-02   3.5078014e-01  -3.3041097e-01  -9.6694652e-02   2.8150681e-01   1.0852270e-01  -2.4121482e-01  -2.7743024e-01  -6.2082177e-02  -3.8965543e-02   5.6352098e-01  -6.8269403e-02   2.9348951e-01  -2.5891842e-02   1.2031195e-01  -3.5787834e-01   5.7212111e-01   4.7041537e-01  -1.9585932e-01   1.7687548e-02   3.7836667e-01  -1.2997431e-01  -2.2683433e-01  -1.1473066e-01  -1.1526626e-01  -3.6513986e-02   1.5412334e-01  -1.6219132e-02  -5.7815000e-02   4.9239770e-01
   1.1585331e-02   4.3820574e-01   3.6697974e-01  -2.2213048e-02   0.0000000e+00  -4.0055810e-02   1.1635705e-01  -6.8277026e-02   4.0582624e-01  -1.1563321e-01   3.2958523e-02   1.5159568e-01   3.7147649e-02  -3.4546017e-01   7.9399434e-02   2.5256043e-01   5.2873157e-01   3.2005709e-01  -2.6909828e-02   8.0460452e-01  -4.3866850e-01  -3.1354825e-01  -4.9306210e-01  -1.4785876e-01   1.2763283e-02   9.9774912e-02   4.1157479e-01  -3.2398877e-01  -3.2511655e-01   3.7821876e-01   6.5364327e-02  -6.7712805e-02   3.2017739e-01  -3.1832970e-02  -3.9339050e-01   5.6765088e-01  -2.5935435e-01  -2.1530508e-01   2.8948943e-01   5.4353887e-01  -7.5586324e-02   2.9002694e-01   3.3509869e-01  -8.8525425e-02   2.9678956e-01  -1.3364047e-01   7.6036296e-02   2.0658247e-01  -2.7153109e-01   3.9609866e-01  -9.5860418e-02  -5.6610707e-02   1.0770304e-01   2.7158358e-01  -2.0667467e-01  -1.6396277e-01  -6.4744950e-02  -5.7120627e-02   7.7689404e-02  -2.3444191e-01   1.6634656e-01  -9.7222184e-02   3.7030958e-01   2.1228812e-01   2.4041499e-01   2.2370224e-01  -4.9285775e-02   2.9763494e-01  -2.9407176e-02  -1.5026336e-01  -2.5293504e-02  -3.2296766e-02   8.9714073e-02  -2.4074625e-01   3.0660056e-01  -6.7322223e-02   7.5441717e-02   1.1381578e-01   8.1063584e-01   1.8898825e-01  -4.3170429e-01   2.7386082e-01  -8.4967493e-04  -1.1593199e-01  -1.6720400e-01   3.3797970e-02  -2.5399956e-01  -1.9455802e-01   1.1800998e-01  -1.3568890e-01   3.6768542e-01   4.3313342e-01   5.2606385e-01   3.0936735e-01   4.6217341e-02   1.0270983e-01   1.1792983e-01   2.5906180e-01   6.8259354e-01  -2.8548092e-01  -5.4682820e-01   2.2528724e-02  -4.4705930e-01   1.4079181e-01  -3.8821446e-01  -7.1666051e-02   1.2248429e-01   1.3643229e-01   1.1353209e-01   4.2486785e-02   1.6441746e-01  -3.4529183e-01   3.5739404e-02  -5.3519145e-03  -4.2429904e-01   4.2195665e-01  -1.4041864e-01   8.8760020e-02  -4.2123092e-02  -2.5620035e-02   7.9459749e-02   4.9262334e-01   1.9377727e-01   2.6146086e-01  -3.0117073e-02  -2.1361744e-01   1.1072291e-01   2.4585557e-01  -1.5328781e-01   1.8237379e-01   1.8542671e-01   1.3405433e-01  -3.4752269e-01  -3.5462773e-01   1.5041485e-01   6.0482007e-02   9.9729975e-02  -3.8237935e-01  -3.5477184e-02  -5.9286123e-02  -1.0878313e-01  -1.7617223e-01   4.1460600e-02  -6.8705416e-02  -1.6087683e-01  -5.8828584e-02   6.7108375e-03   5.5297802e-01  -1.7626929e-01   3.5471553e-02  -1.4677424e-01  -2.5182527e-01   2.3387470e-01   3.3472610e-01   7.1323664e-01  -2.0194242e-01  -1.4120899e-02   6.2298653e-02   3.6876523e-01  -3.1246148e-01   3.7291516e-01   2.5264997e-01   2.1800239e-01  -4.2650891e-02  -1.8845073e-01   1.7545158e-01   5.8361210e-01  -2.9236707e-01   1.8690781e-02   4.1865857e-01   5.3263073e-01  -1.8804265e-01   4.1068281e-01   2.8735950e-01   9.9075404e-04   2.9709044e-01  -1.7156621e-01
  -6.4086823e-02  -4.3105290e-01   2.6294763e-01   4.5914251e-01  -4.0055810e-02   0.0000000e+00   1.7846659e-01  -1.4717527e-01  -2.4415714e-01   2.2867765e-01  -1.2678866e-01   4.0983355e-01   1.2530382e-01   2.0964185e-01   3.1888252e-01   3.3846949e-01   1.0686778e-01  -1.2432987e-01   6.6961721e-02   1.8322264e-01  -1.8622852e-01   5.0849065e-01   4.1045639e-01   2.6859799e-01  -1.4324801e-01   5.2525306e-02   2.2330271e-01   1.8893692e-01  -1.2804215e-01  -1.3070890e-01  -6.1435886e-01   6.0705553e-02  -2.1936546e-01   2.8453106e-01   6.1750028e-01   1.2987247e-01   1.2656993e-01  -2.1016626e-01  -1.3329187e-01  -6.1827242e-02   2.8123540e-01   3.2845098e-01   1.4545482e-01   2.3132341e-03   1.9228985e-01  -2.7016903e-02   4.0097570e-01  -5.7200224e-01  -1.9751052e-01  -1.1681158e-01   4.1177288e-01   2.4626334e-01  -2.7298035e-01  -7.1504758e-02  -3.8503833e-01   2.5859595e-01   5.8192524e-01   6.0658761e-02   3.2668944e-01   6.5039033e-01   1.8444154e-01  -1.0952908e-02  -2.8672080e-01  -4.2833573e-01  -3.9145245e-01   4.7783001e-02   8.1118045e-01  -5.2761108e-01   3.2707811e-01   3.6077851e-01  -5.5483151e-01   4.2371527e-01   4.5227774e-02   5.7558440e-01  -1.9825948e-01  -1.7107631e-02   4.8741558e-02   2.3740675e-01  -9.1970140e-02   1.0348644e-01   2.0970998e-01  -1.7343878e-02  -5.1448903e-01   2.3776998e-01  -2.1309075e-01   6.7858333e-02   1.2682721e-01  -3.0310025e-02  -2.5212100e-01   1.0867147e-01  -3.4935651e-01   9.9765309e-02   3.5301655e-01   3.0692687e-01  -1.7330935e-01  -3.1903591e-01   4.6389558e-01  -6.4365004e-02  -1.3222581e-01   1.6130840e-01   2.0584926e-02   3.4672548e-01   3.2453252e-01   3.4462546e-01   2.9285372e-01   1.1687176e-01  -4.9948927e-02   2.8411328e-01  -2.1072771e-01   4.0457104e-01   1.4446131e-01   5.9604605e-01  -3.4788929e-02  -6.3273757e-02  -5.5425952e-02  -3.9411572e-01   4.5601971e-01  -1.0103889e-01   1.6565554e-01   2.2560396e-01   9.0932478e-02  -1.6518430e-01   5.0432822e-02  -4.6755545e-01  -7.2960884e-02   4.0737819e-01   4.5392041e-01  -2.8880288e-01   2.0193098e-01  -1.6123067e-01  -1.9130332e-01  -3.3358205e-01   3.3244867e-01  -5.4543080e-01   7.7262256e-02   1.2059590e-02  -3.5228408e-02  -4.5846565e-01   1.3070621e-01  -1.4407112e-01  -8.2581597e-03  -1.1569312e-01   3.3283629e-01   2.6355852e-01   1.1495574e-02  -3.3741199e-01  -1.8814617e-01  -1.5108034e-02   5.7963385e-01  -5.1705351e-01   3.3991928e-02   2.5359818e-01   2.8811969e-01  -4.5556853e-01  -2.9407216e-02  -1.1248593e-01  -1.3887307e-01   3.8650653e-01   7.2112522e-02   3.4699836e-01  -1.3399750e-01  -1.2606395e-01  -4.1922853e-01   1.5010045e-01   3.5240719e-01   1.8604893e-02   9.7646962e-02   4.6200246e-01   2.0373106e-01  -6.4165093e-02   8.8438847e-02  -3.6942290e-01  -4.0126882e-01   5.6831546e-01   1.9708239e-02  -1.6248899e-01   3.7726532e-01
  -3.0071278e-01  -1.5769157e-01   4.1888396e-01  -1.5192064e-01   1.1635705e-01   1.7846659e-01   0.0000000e+00  -1.4682281e-01  -2.5363633e-01   3.6759664e-01  -4.2599742e-02   6.5595153e-01  -2.7423325e-01  -5.0162250e-01   6.9008814e-01   2.7312228e-01   3.5058042e-01  -1.1341615e-01  -8.8886306e-03   3.8429421e-01  -1.5858954e-01   9.0005266e-03   2.7097937e-01  -2.7294896e-01  -6.5449146e-02  -1.6201426e-01   3.0578010e-01  -2.0696919e-02  -1.6652662e-01   2.8706840e-01  -1.3381316e-01  -2.5414265e-01  -1.1679209e-01   7.1675165e-01   1.5503120e-02   2.2118771e-01  -1.9637289e-01  -1.5474867e-01   7.2275954e-03   1.2680664e-01  -1.8488211e-01   2.9363817e-03  -2.4209229e-02  -7.3991205e-02  -1.5827027e-01  -1.6374123e-01  -1.5659275e-02   1.8484308e-01  -5.7790642e-01   7.5970353e-04   1.8139080e-01  -1.0868472e-01   4.0733344e-01  -3.0888288e-01  -6.0004568e-01   2.7537015e-01   2.3628326e-02  -1.4766683e-01  -7.6572332e-02   2.1304725e-01  -1.0435624e-01   1.1256280e-01   1.4249079e-02   5.7152102e-02  -2.9415782e-01   8.2595402e-01   1.2883873e-01  -9.2234891e-02  -2.3607518e-02   4.8351829e-01  -2.1434219e-01  -2.8047271e-01   2.0709712e-01  -1.8561807e-01  -2.1243836e-01   1.4075898e-01  -1.7761604e-01  -3.4952639e-02   7.3246898e-02  -2.5659433e-01   1.7385466e-01   2.0935221e-01  -6.1598833e-02  -3.5726692e-02  -5.8266314e-01   5.1161697e-01  -2.1095909e-01  -3.5785482e-01  -7.7432806e-02  -3.0592912e-01  -4.3267354e-01  -8.7654343e-02   4.5985701e-01  -4.1865085e-02  -2.7944453e-01  -2.7764315e-01  -1.7068694e-02  -8.2736485e-02  -1.5665886e-01   4.9945585e-01  -3.2330603e-01   8.4268681e-01  -1.1932298e-01   2.4386834e-01   3.4312522e-01  -1.4776522e-01  -1.3931780e-01   2.7517792e-02   3.8555169e-01   1.7704876e-01   6.4324999e-01   1.9972802e-01  -3.1545846e-01  -2.7417054e-01  -2.8946241e-01  -1.8763515e-01   1.1589487e-01  -1.7117655e-01   9.0157367e-02  -3.5284475e-01  -3.2726600e-01  -8.5532633e-02  -1.3929693e-01  -1.0389213e-01  -1.5980460e-01  -2.9954137e-01   3.2727660e-01  -3.4378557e-01   1.6675442e-02   3.7474170e-01  -5.5123576e-02   4.9306650e-01  -4.5055444e-01  -3.5929414e-01  -5.0762833e-01   1.3812453e-01  -2.8160866e-01  -1.7750410e-01   2.8569391e-01  -1.5728537e-01  -4.2022189e-01  -2.9484904e-01  -7.4355738e-02   5.0290286e-01   6.0590543e-01  -3.2276951e-01   5.8098044e-01   2.4205767e-01   5.2567853e-01  -8.0704312e-02  -3.1076476e-01  -1.5971776e-01  -2.0173873e-01  -8.9805540e-02   8.9443301e-02  -1.1660651e-01  -3.5220781e-01   3.1057887e-02   9.3933572e-03  -2.9375663e-02  -1.6155149e-01  -2.7535846e-01   2.2294679e-01  -1.9194599e-02  -1.8540249e-01   6.1942942e-01   5.4527153e-01  -1.0988256e-01  -2.5036341e-01  -1.3589832e-01   3.8041841e-01  -3.0694160e-01  -3.5145910e-01   2.8155355e-01  -6.7155371e-02  -2.7304138e-01  -7.1099589e-02
   2.9696035e-01   1.9650464e-01  -3.0530184e-01  -1.2480503e-01  -6.8277026e-02  -1.4717527e-01  -1.4682281e-01   0.0000000e+00   4.7217201e-01  -2.7863422e-01   2.0188943e-01  -2.2690045e-01  -1.0789460e-01  -2.6285120e-02  -6.9515224e-02  -2.5465599e-01  -2.0194312e-01   2.1586123e-01   1.2036308e-01  -2.1981756e-01   3.6540006e-01  -2.5980057e-02  -2.5862658e-01   1.6544032e-01   2.4633445e-02   3.1638362e-01  -1.4940911e-01  -8.1569354e-02   2.0011404e-01   2.6011939e-01   4.6111360e-01   7.1170108e-02   9.4362244e-02  -8.5292710e-02  -6.7793817e-03  -1.4743196e-01   1.0779367e-01   7.1952322e-02   1.6429404e-01  -1.0705077e-01   2.4663531e-02  -3.9570719e-02   2.1354227e-01   3.5606722e-01   1.0987930e-01   1.1144084e-01  -8.6987691e-02   2.4379043e-01   7.6761041e-02  -1.8317035e-01  -1.7589585e-01   3.3971893e-01   1.1638553e-01  -1.8976604e-01   3.0786161e-01  -8.2181214e-02   1.3209313e-01  -5.0598716e-03  -2.5784290e-02   4.3886003e-02  -6.9567291e-03  -1.3183362e-01   4.0785474e-01   3.7564697e-01   4.5130040e-01  -1.3350919e-01  -2.3142275e-01   1.9744039e-01   4.0106773e-02  -2.5106921e-01   2.4318122e-01  -7.3458515e-02  -7.7465037e-02  -1.2547659e-01  -1.4094579e-01   2.1258179e-01   1.1480561e-01  -1.3207727e-01   1.3335007e-01  -7.1778970e-02  -1.5086573e-01   1.5773649e-03   2.5494789e-01   4.8944698e-02   3.4756133e-01  -2.4960906e-01   2.8540749e-01   1.7832036e-01   9.1360002e-02   1.2949499e-01   2.3580059e-01  -4.4358594e-02  -1.4299769e-01   2.5751902e-01   9.3868799e-02  -5.4606972e-02  -1.3321608e-01   3.0814050e-01   5.8234164e-02  -1.1655445e-01   1.2123513e-02  -1.0868039e-01  -8.5901418e-02  -5.1698705e-02  -2.4586779e-01   7.2249245e-02  -2.1051913e-01   1.4685532e-01  -1.2484967e-01  -4.3636048e-02  -2.5021385e-01  -1.3474840e-01   1.6058517e-01   2.3761356e-01   3.5505760e-04   2.5484043e-01  -1.2576789e-01   1.7134251e-01  -1.9188863e-01   3.8059340e-02   2.3059993e-01   7.0714172e-02   3.3786853e-02   3.7359237e-01   2.4202961e-01   5.0740770e-02   3.5865431e-02  -2.9622856e-02  -1.8920185e-01  -1.5892381e-01   1.2040213e-03   4.7629180e-02   1.2626629e-01   3.8671332e-01   3.0534528e-01   4.0319946e-01  -1.8627608e-01   3.1740948e-01   2.0385508e-01   9.7403738e-02   1.9391446e-02   1.4004199e-01   1.4450118e-01  -3.3810850e-01  -2.0015839e-01   4.8754737e-01  -2.8653807e-01  -1.3365270e-02  -2.3610046e-01   3.2455077e-01   1.4955418e-01   4.2737444e-03   8.8785283e-03   2.7121473e-01   1.5862266e-02   1.3468084e-01   3.2164939e-02   2.3188919e-02   1.9203262e-02  -2.1677641e-01  -8.0811863e-02   4.8506960e-01   6.2653284e-02  -4.2401073e-02  -4.2755640e-02  -1.4540987e-01  -1.9876904e-01  -2.6133831e-01   1.7560408e-01   7.2848850e-02  -2.4254231e-01   1.6899512e-01   4.2331425e-01  -4.9465899e-02  -1.5537649e-01  -1.7784020e-01   6.0198887e-02
   3.1343124e-01   4.3328160e-01  -1.9108559e-01  -6.5008102e-02   4.0582624e-01  -2.4415714e-01  -2.5363633e-01   4.7217201e-01   0.0000000e+00  -3.4559229e-01   9.1614159e-02  -2.5291599e-01   3.2838201e-02  -1.4047655e-01  -1.9035719e-01  -1.0370972e-01  -3.2143688e-03   3.9430481e-01   1.7714449e-01   1.7683428e-01   1.7228736e-02  -1.9317554e-01  -4.9829520e-01   9.0680600e-02   1.0176634e-01   1.9493494e-01   4.7797887e-02  -7.9448513e-02   3.3084987e-02   2.5456829e-01   4.1902280e-01  -6.5208309e-02   3.0551166e-01  -2.0268478e-01  -2.8226303e-01   1.1027276e-01  -1.4613319e-01  -5.7805885e-02   2.6779451e-01   2.3933676e-01  -1.6408934e-02   6.5748110e-02   2.2312487e-01   1.6643130e-01   1.2494840e-01   2.3822157e-01  -1.4874866e-01   1.8029962e-01   3.1060766e-02   7.1992835e-02  -1.7959345e-01   8.4409462e-02  -2.1097744e-02  -1.4020853e-02   3.3562142e-01  -1.1441079e-01   5.6961099e-02  -2.5302945e-02   3.1367178e-02  -2.8559803e-01   8.9164585e-02   2.8236138e-02   4.3713760e-01   2.8420874e-01   5.4689150e-01  -4.1469476e-02  -3.9438017e-01   2.9275100e-01  -6.9176322e-02  -3.2384324e-01   2.6177821e-01  -7.8781168e-02   2.4302752e-02  -1.9447039e-01   1.0331308e-01  -1.4482408e-01   2.4844608e-01  -1.0262993e-02   4.0033281e-01   1.2683962e-01  -3.4805341e-01   6.8570551e-02   1.6907620e-01  -1.7456185e-01   3.9449122e-01  -2.8108989e-01   1.7981848e-01   6.7845711e-02   2.0284072e-01   2.5893369e-01   3.6653775e-01   1.7899948e-01  -6.3785672e-02   3.4062994e-01   2.6940159e-01   8.3043306e-02   2.5180541e-02   3.5876137e-01   4.7395063e-01  -2.3191520e-01  -2.1189588e-01  -2.7988806e-01  -3.3564575e-01  -2.5071631e-02  -4.5023588e-01  -2.9645597e-02  -6.0650463e-02   1.2967672e-01   2.9333849e-02  -2.7864876e-01  -1.2263046e-01  -4.4820702e-01   3.4526788e-01   3.1032766e-01  -2.0043109e-02   4.0458923e-01  -3.2655372e-01   1.8765176e-01  -2.3077539e-01   8.5223482e-02   3.3928313e-01   2.5405392e-01   1.5891103e-01   3.8293676e-01   2.7944880e-01  -3.7983202e-02  -1.9032668e-01   1.0319784e-01  -2.5741265e-01  -1.1731202e-01   5.9142779e-02   6.5013206e-02  -1.1637148e-02   2.2693299e-01   4.0514653e-01   1.7232304e-01   6.0319399e-03   1.5156516e-01  -1.5594580e-01   1.6825623e-01   1.5094717e-01   7.2752294e-02   9.6617555e-02  -3.4701601e-01  -1.9878601e-01   4.6228924e-01  -1.7400592e-01   8.1993873e-02  -4.3803490e-01   2.2559869e-01   2.8444774e-01  -1.3031287e-01   1.8024187e-01   3.9916485e-01   3.0446476e-01   2.2615011e-02   1.9363558e-01   1.4375131e-02   1.1010851e-01  -4.4645864e-01   1.4637541e-01   5.8323488e-01   1.2702898e-01   8.5005773e-03  -1.2769296e-01  -4.0399464e-02   1.1678707e-01  -3.2888322e-01   2.0516185e-01   1.5878340e-01   5.3017547e-03   1.7352598e-01   6.4039610e-01  -5.5717084e-02  -8.5356734e-02  -4.5282517e-02   1.1439034e-02
  -2.2927881e-02  -5.3108927e-01   3.2777979e-01   8.1254713e-02  -1.1563321e-01   2.2867765e-01   3.6759664e-01  -2.7863422e-01  -3.4559229e-01   0.0000000e+00   2.1947663e-01   9.4289474e-02   1.1767578e-01  -8.6768156e-02   1.7053552e-01   2.1613062e-01   2.5328621e-01  -1.6037146e-01  -8.2621159e-02   1.3488277e-01  -3.1067649e-01   1.2789162e-01   3.8061111e-01   6.5467130e-02  -1.2938788e-01  -4.6622114e-01   1.5460608e-01   9.1980149e-02  -1.7728838e-01  -3.3441191e-01  -4.2713692e-01  -4.6965658e-02  -2.3260554e-01   4.6538182e-01   6.2495695e-02   4.1774174e-01  -1.3994015e-01   1.9942807e-01  -4.4897435e-02   5.3579568e-02   3.4999027e-01   1.3299164e-01  -2.6028100e-01  -1.5477563e-01  -4.4751095e-01   1.1962484e-01   3.7227476e-01  -3.3323081e-01  -7.0220846e-02   1.1676620e-01   5.1109141e-01  -2.0635185e-01   2.2228611e-02   2.7404852e-03  -3.4276416e-01   3.5498016e-01  -1.6192640e-02   2.5402782e-02   5.7529920e-02   2.7328847e-01   2.3643957e-01   8.6330663e-02  -2.5248524e-01  -5.1086034e-01  -6.4197944e-01   4.9831077e-01   2.9454350e-01  -1.9510018e-01  -4.8047392e-02   6.6824026e-01  -3.6318702e-01  -4.4850874e-02   2.6309331e-01   8.7682232e-02  -2.4022568e-01   9.3563448e-02   9.1938208e-02  -5.5077074e-02  -2.8358976e-01  -6.9883321e-02   1.0107541e-01   1.0647247e-01  -2.6851614e-01  -2.0677069e-01  -2.1654470e-01   3.3339680e-01  -4.8403686e-01  -2.6979958e-01  -2.1984005e-01   1.1848433e-01  -4.1151467e-01   1.9638113e-01   2.9425319e-01  -1.0568566e-01   5.5118581e-02  -8.6986263e-02   5.2576471e-02  -4.0590516e-01  -2.8334713e-01   2.5757663e-01  -3.3251963e-02   4.0837597e-01  -1.3594483e-01  -5.8979076e-02   3.0518042e-01  -1.9996263e-02   1.5513765e-01  -1.3761218e-01   1.2349108e-01   1.8716806e-01   3.4607089e-01   2.1595576e-01  -3.2349559e-01  -7.1902659e-02  -1.3251499e-01  -6.1069361e-01   9.7451606e-02  -1.7632572e-02   1.8502660e-01  -1.2766655e-01  -1.8752742e-02  -3.5806440e-01  -1.8578053e-01  -5.8551114e-01   7.7000660e-02  -7.8967332e-02   2.8912060e-02  -1.4899409e-01   3.2769458e-01   4.0605258e-01  -1.2493851e-01   5.0083031e-02  -1.3152064e-01  -3.3592057e-01  -2.7831650e-01  -9.4518429e-02  -5.8300351e-02  -2.2019650e-01  -9.0535937e-02  -1.6697205e-02   7.3661906e-02  -7.8051635e-02   6.4005939e-02   5.6836481e-01   2.5754957e-01  -5.6170418e-01   2.4019076e-01   2.8452836e-01   6.6021476e-01  -5.8454561e-01  -2.7959324e-02  -2.2257315e-01   7.2940145e-02  -4.9697356e-01  -2.4185720e-01   9.6523513e-02   5.9335564e-02   1.0464559e-01   2.1971568e-01  -8.0244695e-02  -2.0157774e-01  -2.4565459e-01  -1.3565828e-02  -1.5358089e-02   1.0123175e-02  -7.3875666e-02   2.5495180e-02   1.7085678e-01   6.7426579e-02  -6.7488125e-02   1.8558168e-01   1.7336897e-01  -4.4787430e-01   1.2657333e-01  -2.4482058e-01   5.6890823e-02   8.6207714e-02
  -2.6622513e-02  -2.6560091e-01  -2.9123524e-02   2.3318819e-01   3.2958523e-02  -1.2678866e-01  -4.2599742e-02   2.0188943e-01   9.1614159e-02   2.1947663e-01   0.0000000e+00  -3.2842607e-01  -3.8463122e-02  -1.0586602e-01   5.0673545e-02   1.5115982e-01  -1.6821027e-03   6.2090025e-01  -1.4443698e-01   3.7256865e-02   1.6510593e-01   1.4594619e-01   6.2852764e-02  -5.1561610e-02   7.0391729e-02  -1.1534654e-01  -1.0348145e-01   1.5835189e-02  -5.0549960e-03   6.4353763e-03   2.0586148e-01   4.4893984e-01   1.2852906e-01   1.7046716e-01   3.2904419e-02   4.7724409e-01   1.6361847e-01   9.8560169e-02   2.7863502e-01  -3.0705028e-01   1.8328689e-01   1.4903897e-02   5.5030389e-02   1.9775562e-01  -1.1001006e-01   1.3116648e-02   5.9931820e-01   6.6419631e-03   2.1421029e-01  -2.3077398e-01   5.4916185e-01   1.9053995e-01  -3.8733574e-02  -1.2109686e-01  -8.4279175e-03   1.1699996e-01  -2.5607586e-02   3.4965677e-01   4.7643999e-01   8.4136644e-02   1.6693061e-01   3.3049709e-01   7.6918089e-02   1.3100608e-01  -9.0913664e-03   4.7889751e-02  -1.2898409e-01   5.6492318e-02   4.5747363e-01  -1.3496695e-02  -1.5418251e-01   2.1837045e-01   2.0692505e-01  -1.1015551e-01  -1.2541197e-01   3.6473973e-01   1.9574918e-01   1.2754894e-01  -3.7081933e-02  -1.1305943e-01   1.0898590e-01   3.8078954e-01  -1.4435672e-01  -1.3992540e-01   8.9113209e-02   2.3862738e-01   3.1308945e-02  -1.7545665e-01  -2.1471285e-01  -5.4401237e-02  -1.9322160e-01   1.3422289e-01  -9.0511484e-02   1.7662241e-01   1.0390078e-01  -4.3862898e-01   8.0010657e-02   3.8030007e-02   2.0237064e-02   6.8742105e-02  -2.1973240e-02   6.7920220e-02   1.1068160e-01   1.7714208e-01   2.5770076e-01   3.7794025e-01  -9.4249225e-03   1.9425117e-01  -2.0050349e-01   3.0165327e-01  -2.2371421e-01   1.6394567e-01   6.6297847e-02  -1.4624123e-02  -1.5328930e-01  -1.5908912e-01   1.5647168e-01   2.0996600e-01  -2.2731370e-02   2.8362731e-01   1.7222486e-01  -4.9615380e-01  -1.1624228e-01   2.7705207e-02   1.5545292e-01  -1.4083431e-01   1.8716227e-01  -9.7677713e-02   4.2534128e-01  -1.2546888e-02   1.2204211e-01   4.0792825e-01  -3.4548275e-02   1.9566891e-01   2.1832911e-01   2.9672112e-01  -1.4402104e-01   2.6240997e-01   3.1457444e-01  -1.4841220e-02  -1.2153724e-01   3.1382222e-02   5.1927731e-01   5.3039374e-02   4.4851428e-02   2.3461514e-01  -2.1957084e-01   1.7453901e-01   1.6940638e-01  -9.0787008e-02  -5.1590572e-02   2.2994322e-02  -7.5045147e-02   1.2857305e-01  -3.1528171e-01   1.5662659e-01   7.5400402e-02   3.1364074e-01   1.9248861e-01   4.1464366e-02  -1.0509256e-01   4.6302248e-01   1.4761353e-01   5.5154765e-01   2.4423462e-01  -2.1356489e-01   8.3546400e-02   1.1331489e-01  -1.0145270e-01  -2.0860837e-01  -2.6995734e-01   2.4078599e-01   2.0050253e-01   4.5518435e-03  -5.4693573e-02  -2.9777490e-02   2.4562434e-01
  -2.8695442e-01   9.3497649e-02   4.6247607e-01  -1.0042794e-01   1.5159568e-01   4.0983355e-01   6.5595153e-01  -2.2690045e-01  -2.5291599e-01   9.4289474e-02  -3.2842607e-01   0.0000000e+00  -2.3363942e-01  -2.1999623e-01   6.3485986e-01   2.2010701e-01   3.9982937e-01  -1.4660158e-01   9.8067196e-02   4.1247778e-01  -2.4924296e-01   8.3501014e-02   1.1904218e-01  -1.5943447e-01  -1.0217547e-02   3.8680330e-02   3.7982094e-01  -4.7083852e-02  -1.2444421e-01   3.8872562e-01  -2.3978380e-01  -1.5611086e-01  -6.0097943e-02   4.4209641e-01   2.4090954e-01   4.1910835e-02  -1.6299765e-01  -3.3675837e-01   2.3206542e-02   2.4970219e-01  -1.5511465e-01   4.3575145e-03   2.3636715e-01  -1.7998647e-01   2.1389287e-01  -2.6456204e-01  -5.9898232e-02  -3.0475638e-02  -5.1777712e-01   9.2036287e-02   6.5374113e-02  -2.9686512e-02   2.6065538e-01  -1.6207004e-01  -5.0347543e-01   2.7098750e-02   5.2430522e-02  -1.0975924e-01   2.9585611e-02   3.6647158e-01  -1.3268384e-01  -1.8225400e-01   5.3431944e-02   3.7542822e-03  -1.2053009e-01   4.0611462e-01   3.4800287e-01  -2.8236836e-03   1.6809818e-02   3.1308851e-01  -2.1130977e-01  -9.3146681e-02   2.5823867e-01   1.2159580e-01  -8.1459326e-02   5.4061106e-02  -2.0765854e-01   6.6571768e-02   2.2172829e-01  -6.4296116e-02   7.3752360e-02   1.3201422e-01  -9.6698311e-02   9.9003070e-02  -4.6438625e-01   3.5130200e-01   2.5858066e-02  -1.8338130e-01   9.3224568e-02  -2.9642275e-01  -1.5548982e-01  -1.2355260e-01   6.2559152e-01   1.3701059e-01  -3.6950192e-01  -1.5309741e-01   1.5207827e-01  -1.1128177e-01  -1.6386654e-02   2.0957124e-01  -2.4764876e-01   6.3397977e-01  -2.1934089e-02   4.6416653e-01   1.2928687e-01  -1.3158198e-01  -1.6506198e-02   1.1432534e-01   9.9580430e-02   1.6983183e-01   5.0289672e-01   2.6747071e-01  -2.1286902e-01  -2.9291973e-01  -2.1540862e-01   6.8845800e-02   3.1043948e-01  -1.6679324e-01   1.0419353e-01  -2.3774208e-01  -3.2853833e-01   1.4329395e-01   1.6280538e-01  -3.8793901e-02  -3.1724615e-01   6.0509085e-02   5.2738484e-01  -2.1503646e-01  -1.1307319e-01   2.2913400e-01   4.0818880e-02   7.2719285e-02  -1.0745841e-01  -4.8430208e-01  -2.4531535e-01   2.0403715e-01  -1.1285481e-01  -3.7508552e-01   2.6566009e-01  -1.5184402e-01  -2.9678265e-01  -4.3596215e-01  -5.2943191e-02   2.9186701e-01   3.7183143e-01  -3.0018807e-01   3.5534663e-01   6.4840518e-02   3.7272812e-01  -9.5883047e-02  -2.4698110e-01  -6.5203640e-02  -8.9252010e-02  -5.3291981e-02   3.4294526e-01  -2.9236622e-01  -3.6857830e-01   1.5713317e-01  -8.2343579e-02   1.4437954e-01   1.2541437e-01  -2.0167897e-01  -5.0223929e-02  -5.0164152e-02  -3.4739739e-02   6.0252990e-01   4.3100954e-01   9.2809971e-02  -1.1746585e-01   6.0372425e-02   5.0094119e-01  -6.1694437e-01  -3.2671426e-01   4.3696940e-01   1.1627354e-01  -2.0289409e-01  -3.8617999e-04
   4.6391037e-01  -5.8696698e-02  -2.1834430e-02   1.9445584e-01   3.7147649e-02   1.2530382e-01  -2.7423325e-01  -1.0789460e-01   3.2838201e-02   1.1767578e-01  -3.8463122e-02  -2.3363942e-01   0.0000000e+00   2.8215758e-01  -4.1015590e-01   8.3917156e-02   5.6505031e-02  -8.6587685e-02   1.7276336e-02   5.6864728e-02  -1.8761543e-01  -1.3800909e-01   5.5361483e-02   4.3122128e-01  -1.5061038e-01  -9.6750753e-05  -5.9333223e-02   4.3196436e-02   1.0295607e-01  -5.6725680e-01  -2.2805035e-01  -1.3471259e-01  -2.9701720e-02  -2.1176402e-01  -4.3784297e-02   8.6056465e-02  -2.7533088e-02   1.5192832e-01  -4.7085410e-02   1.7468348e-01   6.5312410e-01   1.5892331e-01  -2.4376925e-01  -1.8716959e-01   6.0244155e-02   3.4423385e-01  -8.3669538e-02  -2.0964449e-01   3.4630908e-01   2.3977580e-01   2.1694288e-03   2.2839055e-02  -2.0517806e-01   7.5552452e-02   1.9183181e-01   8.9043552e-02   1.2430340e-01  -4.5812308e-02   1.6896296e-01  -1.2563094e-01   3.1016978e-01   8.3004275e-02  -2.8804771e-01  -4.9025294e-01  -1.2835786e-01  -9.3159131e-02   1.6978759e-01  -1.2199203e-01  -1.1893948e-01   1.6612796e-01  -4.3603762e-02   6.6325971e-02   2.1446053e-01   2.7842856e-01   1.9884020e-01  -1.5676162e-01   3.2417859e-01  -1.9874794e-01  -1.4035882e-01   2.6800441e-01  -6.2472841e-02   1.4593363e-01   6.1893794e-02  -1.3798812e-01   3.2401825e-01  -2.2753059e-01  -2.1985223e-01   3.4728600e-01  -1.1854063e-01   4.8733336e-01   1.3561104e-01   2.3787938e-01  -8.5597918e-02   3.1800674e-03   3.2837320e-01   2.3307616e-01   2.1457714e-02   1.1489044e-01  -2.7304756e-02   3.6179456e-03  -1.2103783e-01  -1.2169679e-01  -7.6125679e-02  -3.4515351e-01  -4.4518485e-02   1.4535059e-02   2.5950500e-01   1.5333167e-01   1.7657557e-01  -3.5505495e-01   5.5866090e-02  -1.1653579e-01  -8.0256241e-03   3.8979253e-01   1.7134177e-02  -1.3669557e-01  -1.0759750e-01   6.3656120e-01  -1.1470748e-01   3.9048602e-02   4.1448002e-01   1.7711398e-01  -9.1611284e-02  -2.8039915e-01   3.5238224e-01   2.3201978e-01  -2.0524402e-01   1.9474594e-01  -3.5479133e-02   2.6126789e-02   2.6034572e-01  -1.3036531e-01   1.6900017e-01  -9.0201721e-02   1.0711873e-05  -1.1626226e-01   1.9066012e-01  -1.4042885e-01  -1.8952125e-01   2.4092795e-01   5.1650368e-01   4.8555872e-01  -1.6863227e-02  -7.3625906e-02  -2.4179276e-01  -2.0759828e-01  -7.9449102e-02  -1.1347778e-01  -7.3864105e-02  -2.1901060e-01   3.4778912e-01  -7.4668914e-02   3.9348678e-01  -2.3810634e-01   7.0349842e-02   2.8518364e-01   3.8126974e-01   3.5499469e-01   2.5517969e-01  -1.3683654e-01  -1.3901165e-01  -1.1044544e-01  -1.5776530e-01  -1.6156463e-01  -5.0038639e-03  -1.9741124e-01  -9.5423310e-02  -1.6427025e-01   3.3426725e-01   1.3373003e-01   1.3310665e-01  -6.9442584e-03  -9.9096113e-02  -2.0258490e-01   2.3915164e-03   1.2095859e-01  -1.2084562e-01
   3.3537771e-01  -2.7352864e-01  -2.1321152e-01   2.0821451e-01  -3.4546017e-01   2.0964185e-01  -5.0162250e-01  -2.6285120e-02  -1.4047655e-01  -8.6768156e-02  -1.0586602e-01  -2.1999623e-01   2.8215758e-01   0.0000000e+00  -2.3363903e-01  -5.1578536e-02  -3.5396703e-01  -2.1605256e-01   1.3890754e-01  -2.4581916e-01  -1.0358655e-01   3.0434321e-01   1.3351352e-01   6.3523918e-01  -1.5655594e-02   1.5177408e-01  -3.3918233e-01   3.6398257e-01   1.1023775e-01  -3.3333215e-01  -3.0307152e-01   1.0908539e-01  -1.7447773e-01  -4.9947774e-01   3.7399380e-01  -2.5853704e-01   9.0948267e-02   1.1279360e-01  -3.3225019e-01  -2.4535972e-01   3.0532495e-01   4.1648607e-02  -1.3476695e-01   2.3289928e-03   8.6809240e-02   1.9055476e-01   1.0411275e-01  -5.3317730e-01   3.6789132e-01  -1.1448842e-01   1.5080530e-02   7.9484912e-02  -5.7192961e-01   2.1963428e-01   3.9187884e-01   8.9827482e-03   1.2668516e-01   1.5581196e-01   9.3155900e-02   2.1824613e-01   1.1985113e-01  -1.5269477e-01  -2.3777832e-01  -2.8584806e-01  -1.8859881e-01  -5.0253295e-01   1.4585761e-01  -2.3587485e-01   2.0573964e-02  -4.5087966e-02  -2.6787722e-01   1.2199998e-01  -2.4662160e-01   5.6078107e-01  -3.9371617e-02  -1.5555449e-01   1.4982188e-01   4.7293546e-03  -3.1995171e-01   2.0422418e-02   1.2991405e-01  -3.0046075e-01  -3.2125213e-01   2.5883776e-01   5.1115949e-01  -2.0138654e-01   2.2845106e-01   5.5346904e-01  -1.1097557e-01   4.3949452e-01  -8.5201072e-02  -1.4446669e-02  -1.8904368e-01   1.0213274e-01   1.4908549e-01  -2.4352402e-02   1.2653403e-01   6.1869636e-02  -2.3824860e-01  -3.0502742e-01   4.0505409e-01  -4.2311387e-01   4.2053676e-01  -8.2476710e-02  -7.6420313e-02   7.5465503e-02   1.9443736e-01  -5.3633366e-02  -3.6315869e-01  -6.8271222e-02  -4.4864147e-01   2.2630707e-01   2.0008117e-01   2.6239946e-01   4.6956214e-01  -2.4003075e-01   2.0516902e-01   2.1570314e-01  -1.1862278e-01   2.2654688e-01   3.3822498e-01  -1.4711260e-01  -5.2540854e-02  -2.1195034e-01   2.5696676e-01   6.4566051e-01  -3.8963908e-02   5.4620267e-02   1.1261937e-01  -4.3839080e-01  -1.6663017e-01  -5.9214070e-01   6.5011527e-01  -3.0878737e-02   9.0465598e-02  -1.3779906e-01   5.7363246e-02  -1.0511919e-01  -1.3923916e-01   1.5517377e-01   3.4319003e-01   3.6992571e-01  -1.0945399e-01  -2.4636998e-01  -2.8888926e-01   1.2181789e-01  -4.3512983e-01  -3.9317121e-01   5.1143705e-03  -3.2235236e-01   4.9029858e-01   4.3574201e-01   3.8627189e-01  -3.3549117e-01  -2.1492364e-01   2.8566693e-01   2.1522289e-01   8.0372761e-02  -3.6488385e-03   3.9763545e-01  -1.7364560e-01  -1.4779664e-03  -6.1541071e-01  -7.5560636e-02   3.2735112e-01  -4.6565963e-01  -3.9244852e-01   1.9810224e-01   3.7606713e-01  -1.8123799e-01  -1.8842361e-01  -6.5461612e-03  -2.1836315e-01  -8.1612220e-02   3.8547722e-02  -1.3437359e-01   2.6708736e-01
