   0.0000000e+00  -2.0312184e-02  -2.1022330e-02  -6.7239537e-02  -2.4257361e-01  -3.0264234e-01  -5.2986428e-02  -1.0359087e-02  -3.1342599e-01  -8.4014457e-02  -5.8023333e-01   1.4240880e-01  -1.7549407e-01   6.2909291e-01  -3.3960868e-01  -1.0862420e-02  -1.7435054e-01  -3.5872473e-01  -6.5375945e-02   9.6066701e-02  -5.2140659e-01   5.5855633e-02  -2.1927417e-02   7.4409111e-01  -4.8369881e-02  -4.9034951e-02  -5.6961904e-02   2.3028521e-01  -7.3883513e-02  -3.4914039e-02  -4.0016180e-01   1.1037787e-01   1.4957605e-01  -1.4652532e-01  -4.5573979e-01  -3.1171098e-01  -2.3156006e-01   5.6915373e-01  -4.2516968e-02  -1.3447314e-01  -3.1867850e-01   2.5554710e-01  -1.5547955e-01  -3.7717985e-01  -2.6614686e-01   4.0916902e-01  -4.7030544e-01  -2.2188569e-01  -3.2837686e-01   1.0897821e-01  -1.4226497e-01  -1.4974483e-01  -3.4566602e-01   1.6783240e-01   4.9314425e-01  -1.4048270e-01  -1.3975771e-02  -8.8276156e-02  -2.8338385e-01  -8.5905399e-02   4.3635698e-01  -1.4242790e-01  -3.4320453e-01  -3.7994452e-01  -2.4222399e-01  -2.8963736e-01  -1.7441443e-01  -1.4673242e-01  -3.7159076e-01   4.2455341e-01  -2.8518057e-01  -2.7520220e-01  -3.3137028e-02   2.3744742e-01   3.5643325e-02  -2.6939720e-01   3.9019087e-01  -1.9377603e-01  -8.0044908e-02  -1.7759270e-01   2.5146206e-01   2.6347535e-02  -4.0142771e-01   7.8445066e-02  -6.8077886e-02   6.6001082e-02  -1.1628193e-01   5.7872104e-01  -1.7204264e-01   8.3657858e-01  -8.3189842e-02   4.1910754e-01  -8.1507651e-03  -3.7809572e-01   3.7166892e-01   2.5764966e-01  -1.9243014e-01  -2.1281388e-01  -1.8184404e-01   1.1238903e-01  -2.3831474e-01  -3.3148666e-01   1.1554115e-01  -1.8323926e-01  -1.4511888e-01   5.2920550e-02   1.9097909e-01  -1.3757964e-01  -1.0078842e-01  -4.5513109e-01  -1.6605070e-01  -1.4000671e-01  -1.5049454e-01   7.9187207e-01   1.5580993e-01  -1.2405500e-01  -1.4913304e-01  -2.1932909e-01   4.5985814e-01  -9.2748055e-02   5.6756852e-01  -1.3463343e-01  -2.9941047e-01  -8.2171627e-02   4.1070313e-01   1.3559148e-01   2.6652431e-02  -1.5377853e-01  -4.2415637e-02   2.6344399e-01  -5.3245068e-02  -2.7464111e-01  -3.6700219e-02  -4.2478213e-01  -2.4073858e-01   4.8177101e-02   1.4433537e-01   7.6638305e-02  -6.7375346e-02   5.3662322e-01   7.0805994e-01  -1.6060590e-01  -2.3034834e-01   2.1353906e-02  -9.2991632e-02  -2.7771620e-01  -3.6750493e-02  -4.5479249e-01  -2.5929536e-01  -3.2839695e-01   5.4678834e-01  -1.8101177e-02   7.2508255e-01  -7.9958040e-02  -3.9549547e-01   5.7035479e-01   4.4041333e-01  -2.0344761e-01   4.5412035e-01   2.3012652e-02  -1.5440016e-01  -4.2107738e-01  -4.7948330e-01  -3.7522185e-01   1.3864732e-02  -2.6130376e-01  -1.0270373e-01   5.3322749e-02   7.2875860e-01  -1.5032679e-01   2.2709210e-01   1.6268665e-01  -3.4958523e-01  -3.5506190e-01  -2.9913497e-02  -2.5400432e-02   6.8474605e-03
  -2.0312184e-02   0.0000000e+00   1.0497875e-01  -2.5673799e-01   3.9388648e-01   9.2005036e-03  -4.2298387e-02  -1.2515497e-01   2.7441416e-01  -1.0106999e-01  -1.6612325e-01   3.2921398e-01  -2.0549912e-01  -1.0175457e-01  -1.2892805e-01  -1.7013545e-01   2.6677149e-01  -2.0257807e-01  -2.9181482e-01   2.9234156e-02   1.1605421e-01  -1.1446281e-01   1.9192830e-01  -4.0148401e-02   3.9691893e-01   2.5536351e-01  -7.9506837e-02  -1.3390253e-01   2.1118666e-01  -1.2215161e-01   9.3205065e-02  -9.5463480e-02  -7.0533750e-02  -9.0920707e-02   7.3316829e-02   4.4263185e-02   6.5176382e-02  -4.4712659e-02  -2.5322250e-01   2.1611490e-01  -1.4696978e-01  -1.4591815e-01   1.5691234e-01   1.1574367e-02  -8.0201666e-02  -2.5634937e-02  -3.3930036e-01  -1.6137531e-01   2.5590698e-01   3.1703905e-01  -2.3027864e-01   5.3966948e-02  -8.7945165e-02  -8.6235117e-02  -1.5961785e-01   1.1253864e-01  -1.8879797e-02  -8.8552538e-03   4.9307020e-02  -2.3438134e-02  -1.0264241e-01  -8.4277377e-02   2.8958374e-01   2.1311312e-01   1.7753271e-01   2.6021706e-02  -1.4066736e-01   1.2621287e-01  -3.7100794e-01  -4.6674019e-02   5.1618925e-01  -3.1332008e-01  -1.4396419e-01   1.7328732e-01   2.7933631e-01  -1.1746535e-01   6.1133455e-02  -4.2033343e-02   4.4664504e-01  -2.5859702e-01  -1.5934208e-01  -1.3207690e-01   2.1168312e-01  -5.7351394e-03   8.4926993e-02  -2.2107322e-01   2.8783571e-01  -5.9266645e-02   1.6541134e-01  -3.6393013e-02   5.1545595e-01  -1.4390426e-01   1.7744612e-01   2.0744803e-01  -1.0513740e-01   6.2476259e-02   9.3281195e-02   1.0195458e-01  -1.5646057e-01   2.5838004e-01  -7.6415881e-02  -4.8599540e-02  -2.7946284e-01   1.0476760e-01  -1.2211343e-01  -2.3455529e-01  -1.5746069e-01  -1.1637837e-01  -1.4123424e-01   1.8410486e-01  -5.5311067e-02  -2.3286864e-01  -3.1555861e-02  -2.0563869e-02  -1.5128661e-01   5.8063745e-01   2.8768339e-02  -1.2394224e-01  -1.3807983e-01  -6.1343067e-02   9.7074508e-02   4.0615238e-01   1.8041278e-01   3.9612590e-01   2.8890494e-02  -1.5446014e-02   6.5833915e-02  -3.3987117e-02  -1.2457533e-01  -1.7734189e-01  -7.0680670e-02   2.7484949e-01   1.1645241e-01  -3.5298618e-02  -4.0011990e-02  -2.3871820e-01  -2.2420185e-02  -2.5284899e-01  -3.4748084e-01  -6.0796191e-02  -2.1352627e-02   1.6083668e-02  -4.5871049e-02  -1.2716339e-01  -1.5471174e-03  -2.2612438e-02   1.3636426e-01   2.9345388e-01  -6.4426421e-02   2.3250479e-01  -1.6997960e-01  -1.3703402e-01   1.7088696e-02   1.2509179e-01   3.6016927e-02  -6.6608979e-02  -8.6294646e-02   5.1850656e-02  -5.5536219e-02  -1.8256836e-01   1.5957095e-02  -1.2637461e-01   1.9491618e-01  -1.0364945e-01  -1.8865689e-01   3.5952488e-01  -8.5434291e-03  -2.0853110e-01  -6.5300015e-02  -5.5096662e-02   2.8154549e-01   1.8095193e-02  -5.6385518e-02  -1.2281457e-01  -1.3892901e-01   1.2040393e-01  -6.2450311e-02
  -2.1022330e-02   1.0497875e-01   0.0000000e+00  -9.0218210e-02  -1.6573228e-01  -2.6222598e-01   1.9441525e-01  -1.6778171e-01  -1.6731771e-01   2.0617523e-01  -1.0055102e-01   5.7528891e-01  -4.8124282e-02   2.7187151e-02   2.1684519e-01   2.4056557e-01   6.9356175e-01  -1.7972475e-01  -1.4059697e-01   3.2111478e-01  -1.9143791e-01  -2.7751635e-01   1.6314302e-01  -1.9936104e-03   4.1932136e-02  -5.9156876e-02   1.0783424e-01  -1.6920881e-02   1.7022067e-01  -8.4115290e-02  -1.7747091e-01   2.4613455e-02   9.7672789e-02   1.5666781e-01   1.3881581e-01   1.4522491e-01  -1.0651664e-01   3.9044984e-02  -1.0396827e-01   5.3385384e-01  -9.7665482e-03   1.1791567e-01   1.8736636e-01  -3.1014201e-03  -2.1121290e-01   1.8515687e-01   7.1681575e-02  -7.2863446e-02  -7.4194422e-02   5.3333361e-01  -1.0672835e-01  -4.9309178e-02  -2.4348154e-01   1.3835531e-01   7.9164714e-02   5.4075209e-01  -2.4678843e-01  -2.0163262e-01  -3.4210919e-01  -4.9310794e-02   3.0332659e-01   9.0218590e-02  -6.2872667e-02   8.8521109e-02  -5.6979302e-01   5.2084906e-01  -8.1871201e-02   2.3859379e-02  -1.8157621e-01   4.2515723e-01   2.7017959e-01  -2.9184028e-02  -2.0082634e-01   3.0716682e-01  -8.3665227e-02  -3.5474243e-01   3.2213826e-01  -2.5520288e-01  -6.7647157e-02   3.4949655e-02  -1.3401064e-01  -1.7684727e-01   1.4863241e-01  -1.5143737e-01   1.2505019e-01  -2.1335010e-01  -1.7100309e-01   8.5884254e-02   3.0528339e-02  -2.5820512e-02  -6.5649768e-02   4.8384553e-01   4.8490227e-01   3.5060882e-02   5.3154526e-02   1.5808402e-01   1.5748769e-01  -2.4541654e-01  -4.5490983e-02   4.3065371e-02   1.5721057e-01   2.7788629e-01  -3.2469927e-01  -1.3626705e-01  -2.8346249e-01  -7.7144760e-02   1.7381340e-01  -2.8558191e-01   1.3031254e-01  -7.7929042e-02   4.4692369e-01  -1.8539602e-01  -9.8938551e-02   2.8886442e-02   3.5301882e-01  -2.9023124e-01   1.0541117e-01   1.0259137e-01   1.0842499e-01  -1.2023533e-01   1.8229786e-01   3.7245254e-02  -8.9764113e-02  -2.0840317e-01   1.5857920e-01   1.5304266e-01  -2.7999449e-01   9.7024551e-02  -1.6492299e-01   4.3550621e-01  -1.4225521e-01  -7.6273317e-03   1.3070266e-01  -3.2915205e-01   9.2550189e-02  -2.4959009e-01   7.4833302e-02  -9.2576672e-02  -1.3592753e-01   5.5669435e-02   1.2117950e-01   1.2339987e-01  -2.1737281e-01   2.4368648e-01  -8.1572887e-02  -3.6855276e-01   6.1877242e-01   5.1143185e-02   3.3453598e-01  -1.6669933e-01   2.9429164e-01  -2.2886528e-01   1.5504069e-01   4.0078479e-02   4.0468166e-01   1.7321591e-02   1.2096092e-01  -2.1772215e-01   3.3680049e-01  -9.9485138e-02   4.1404173e-02  -1.7262092e-01  -1.5152185e-01  -1.6467586e-01  -3.0118893e-01   1.5047365e-01   3.6219721e-02   2.8434291e-02   1.1460022e-01  -9.2105816e-03   8.2930829e-02  -5.8251225e-02  -1.5092253e-01   1.6679208e-02  -1.1778129e-01  -5.0268677e-02  -1.8294979e-01
  -6.7239537e-02  -2.5673799e-01  -9.0218210e-02   0.0000000e+00   2.7419585e-02   1.0580320e-01   2.0737574e-02   1.7427328e-01  -2.5244524e-02  -4.7004137e-02   9.0026805e-02  -2.1027123e-01   2.4456242e-01   1.0398812e-01   1.9711738e-02   9.4626530e-02  -1.2148651e-01   1.7034100e-01   1.7763903e-01  -6.3620851e-02  -4.2286349e-02   4.1753176e-01  -1.5552150e-01  -2.6600867e-01   5.0445287e-02  -4.0750379e-03  -6.7656827e-02   2.9166822e-01   9.3216807e-02   1.9153668e-01  -4.9536811e-03   4.8758483e-01   6.5656748e-02  -2.3379091e-01   1.5543061e-01  -5.0190556e-02   1.0347885e-01  -1.6669330e-01   5.3502707e-02  -1.2953754e-01   1.9097109e-01   9.7929304e-02  -1.0674001e-01  -2.0351607e-01   1.7464043e-01  -7.5297934e-02  -1.4569364e-01   1.8340711e-01  -9.3014045e-02  -1.5376443e-01   3.0864436e-01   1.6185482e-01   1.7233620e-01   2.1130472e-01   1.0233318e-01  -2.7936847e-01   7.1757695e-02   1.8344861e-01   2.2265102e-01   2.7205130e-01  -1.5952356e-01   7.0753358e-02  -7.5113998e-03  -1.5317443e-01   1.5532974e-01  -2.0019950e-01   1.9817231e-01   4.9644544e-02   2.6453828e-01   5.9699249e-02  -2.2380039e-01   2.4153221e-01   1.8503842e-01   6.2111745e-02  -4.3236437e-02   1.3201877e-01  -3.2123292e-01  -8.7231044e-02  -1.5536678e-01  -6.2102266e-02   1.9173293e-01   1.6083579e-01  -1.7634931e-01  -1.3783091e-01  -3.0352864e-02   4.5497980e-01   1.6254337e-01  -7.4349350e-02  -4.0897140e-01  -8.9141128e-02  -7.6449166e-02  -1.1020907e-01  -2.5148306e-01  -7.7719197e-02  -2.0333121e-01   1.0952466e-01   3.4636236e-01  -4.4381017e-02   4.7542629e-01  -3.2914848e-01   5.9356026e-02  -1.0255867e-02   1.7360810e-01   1.9749764e-01   4.7289274e-01   2.5713584e-01   1.0285530e-01   1.3116299e-01   1.4102454e-01  -2.5548658e-01  -2.4803008e-01   2.9656137e-01   3.6236905e-01  -1.1909933e-01   6.2383458e-02  -1.2506238e-01  -2.4019891e-02   1.9071203e-01   1.4396413e-01   5.8098153e-01  -2.9026792e-01  -2.5566940e-02  -2.5093427e-01   6.5195153e-02  -2.9133266e-02   4.1848720e-01   1.5384374e-01  -3.1585448e-01   5.1205433e-01   2.9641786e-02   4.6932510e-01  -2.8737448e-01   6.4723108e-02   7.3864219e-02   3.6493818e-01   3.9854270e-01   5.9728941e-02   1.7408095e-01   2.9135001e-01  -1.4827765e-01  -1.5621944e-01  -2.5835652e-01  -9.2924758e-03   9.6212965e-02   1.2476940e-01   2.0561813e-01  -1.6256913e-01  -1.4962331e-01  -2.3916974e-01  -9.9459158e-02  -4.0130181e-02   6.1764819e-02  -2.2333472e-01  -1.0883899e-01   5.7863182e-03  -2.2791419e-01  -1.6644027e-01   1.9764458e-01  -1.3936464e-01   2.1542497e-01  -1.2569423e-01   1.2810478e-01  -7.5834288e-02   3.2451092e-01   4.2777523e-01  -4.9276575e-01  -3.5904316e-01   1.4043336e-01  -1.1821621e-01   1.5561700e-01  -2.9898727e-01  -2.5482869e-01   3.9354179e-01   1.1172377e-01   1.2079294e-01   7.5114734e-02   2.3829389e-01
  -2.4257361e-01   3.9388648e-01  -1.6573228e-01   2.7419585e-02   0.0000000e+00   1.4827288e-01  -1.6523919e-01  -1.3733069e-01   2.2814678e-01   2.2981966e-02   1.7543501e-01  -9.9599083e-02   2.3830295e-01  -1.0857235e-01  -1.7250319e-01  -1.9751915e-01   1.7827168e-01   6.6374515e-02   1.2935937e-02   4.1516780e-01   2.1527730e-01  -6.2955421e-02   9.5088111e-03  -3.0144350e-01   2.6151425e-01   3.9553369e-01   2.5782498e-01   3.3651097e-02  -1.4675513e-01  -2.0579532e-01   5.8267126e-02  -5.9477490e-02  -1.5643476e-02   5.8933522e-02  -3.8960948e-02   6.2779906e-01   7.0764171e-02  -3.8869000e-01  -2.5926539e-02   1.8071311e-01   2.6693169e-01  -1.1340463e-01   8.8952874e-02   1.4303531e-01   1.3935720e-01  -3.8080668e-01   2.0177240e-01  -3.3969309e-03   5.6181618e-01   1.0312622e-01   8.2519276e-02   1.5620279e-01   3.5414967e-02  -9.9806686e-02  -7.4607338e-02  -1.8090654e-01   9.0514321e-02   8.1888829e-02   1.0097062e-01  -2.3023003e-01  -5.0064867e-01   3.0912422e-01   2.8502548e-01   1.8899411e-01   2.5831719e-01   4.1006867e-02   1.4363059e-02   1.0242465e-01   5.3728566e-02  -3.6236363e-01   2.4938102e-01   8.4503440e-03   2.0332642e-01  -1.7782689e-01   7.6477893e-02   1.7435706e-01  -3.2275110e-01  -1.0777800e-01   5.5100759e-01   1.0396252e-02  -1.4333036e-02   1.0076113e-01   1.0079398e-01   1.0605885e-01   2.4354812e-04  -4.6947257e-02   4.3746295e-02  -1.1231044e-01   1.8650251e-01  -3.4669422e-01   5.4556988e-01  -4.1945799e-01   3.4526626e-02   2.3670591e-01  -3.7831486e-01   3.1622385e-01   1.5335850e-01   1.1269673e-01   4.0446154e-01   1.1280339e-01  -6.7276233e-02  -1.3167782e-01   7.7594495e-02  -1.0782492e-01  -1.2963353e-01  -5.9638318e-02  -2.5850652e-01   1.0583923e-01  -1.4206217e-01   2.4364671e-01  -3.1366378e-02  -7.6128636e-02   2.2532132e-02  -3.9572956e-01  -2.1782753e-01   5.6374197e-01  -1.1892267e-01   2.0115360e-01  -2.0514928e-01   6.2794219e-02  -2.4413022e-01   4.1299038e-01   1.9086480e-01   2.6972935e-01  -3.0208782e-01   4.7857646e-02   2.0239909e-02  -1.1782654e-01  -3.0296331e-02  -3.3724470e-01   1.0145246e-01   5.0683677e-01  -1.1349039e-01   6.9490809e-02  -6.5212456e-02   1.7492065e-01   1.3124261e-01  -1.0936168e-01  -1.3217947e-01  -3.7311410e-01  -2.1788184e-01  -1.9662905e-02  -8.8736957e-02  -1.2644821e-01   3.6087749e-03  -4.7544439e-02  -5.5021137e-02   4.1203978e-01  -9.5200196e-02   1.4188040e-01  -2.8418485e-01  -6.4798768e-03  -3.4055877e-01   2.9254259e-01  -1.6524080e-01  -3.6607951e-01  -4.2175855e-01   1.0772452e-01  -3.7881519e-01   7.2640322e-02  -6.4225722e-02   5.4679041e-02   3.0379145e-01   1.4096216e-02   1.6656412e-01   3.5763210e-01   1.5767246e-01  -1.3122728e-01  -4.1045849e-01   9.6817176e-02   2.4306297e-01  -2.5164959e-01   1.7713071e-01  -1.0037348e-01   4.5947536e-02  -1.1802097e-01  -4.6821382e-02
  -3.0264234e-01   9.2005036e-03  -2.6222598e-01   1.0580320e-01   1.4827288e-01   0.0000000e+00   8.9931248e-02   1.8815069e-01   2.4178046e-01  -1.2009398e-01   1.2098540e-01  -6.1378837e-02   2.4375620e-01   1.1287485e-02  -1.4355851e-01   2.4978878e-02  -1.5107176e-01   6.6253759e-02   4.8698131e-01  -2.0547953e-02   1.6332055e-02   2.1285061e-01  -2.8274016e-01  -2.6302165e-01  -9.5685244e-02   3.2720793e-01   5.0742345e-01   3.1112053e-01  -1.5213824e-01   3.7883191e-01   1.1547797e-01   3.0484852e-02  -1.5836437e-03  -2.4260241e-01   3.3632775e-01   4.4071000e-03   1.3338822e-01  -2.3100379e-01   1.6946619e-01   1.3329791e-01   2.4038806e-01  -1.6218716e-01   3.9208523e-02   1.7522749e-01   2.3957243e-01  -3.7987717e-01   1.7804616e-01   1.4650776e-01   5.9380275e-03  -7.9485004e-02   4.2623020e-02   4.7814656e-01   3.7327346e-01  -4.3213383e-02  -1.5542633e-01  -2.0316619e-01   5.5905234e-01   3.3698710e-01   4.2663165e-01   3.2160462e-01  -2.8088836e-01   1.3898861e-01   1.7524024e-01   1.3446377e-02   9.7105930e-02  -1.4101871e-01   7.3018458e-01  -1.1634297e-01   5.2866014e-01  -2.7797969e-01  -2.1320219e-01   2.5882047e-02   6.5654358e-02   1.7613146e-01   4.7041170e-02   3.2042522e-01  -3.7455254e-01   3.8281375e-01   7.7271712e-02   2.0762840e-01   1.2090784e-01   1.3796559e-01   9.4385167e-02   2.4677986e-01   1.3976353e-01  -5.4998603e-02   1.3937746e-01  -1.5364267e-01   2.9306971e-02  -4.0903042e-01   1.0179670e-01  -2.8898282e-01  -1.2224589e-01   3.6300378e-01  -3.0841044e-01   2.9135317e-02   8.7239052e-02   6.1893063e-01   2.5652871e-01  -1.7975231e-01  -1.5640509e-01   1.0916313e-01   2.3811081e-01   2.4208383e-01   2.5889487e-01   1.4804292e-01  -9.2356752e-02   6.4679484e-01  -2.4761657e-02  -1.0053816e-01  -9.6116337e-02   4.0150703e-01  -2.4219349e-01  -3.7235580e-01  -3.8283846e-01   3.6960758e-03   1.7003175e-01   1.5416389e-01  -1.1219552e-01   2.6761065e-01  -3.0009850e-01   2.2052458e-01   1.1852533e-01   3.6861841e-02  -3.5168334e-01   2.8202109e-01   1.1698407e-01  -2.2612224e-02   1.3654060e-01  -2.2843951e-01   1.6815482e-02  -1.1597380e-01   3.1183191e-01   1.3083811e-01   2.4182341e-01   2.4227151e-01   1.1413885e-01   3.0871547e-01   2.9851921e-01  -2.8127886e-01  -3.7508444e-01   1.0202740e-01   2.7327808e-01   2.4580952e-01   2.2449981e-02   1.8231546e-01  -2.7368847e-01  -8.2699705e-02  -4.9396662e-02  -2.6813937e-02  -3.4816352e-01   2.3648948e-01  -4.4224366e-01  -1.6551261e-01   4.1040018e-01  -2.7692350e-01  -3.6865755e-01   4.1124192e-01  -3.2773684e-01   2.8449868e-01  -1.3012778e-01   2.1482620e-01   2.9138583e-01   9.4799076e-02   3.6658125e-01  -1.1195420e-01  -1.9738825e-01   2.4418662e-01  -3.3189736e-01   1.0507842e-01  -1.4720195e-01  -2.4791029e-01  -1.1354567e-01   6.2747730e-01  -2.6464686e-02  -1.8166547e-01   1.7478934e-01
  -5.2986428e-02  -4.2298387e-02   1.9441525e-01   2.0737574e-02  -1.6523919e-01   8.9931248e-02   0.0000000e+00  -2.0052246e-01  -3.1368953e-01   1.3317749e-01   9.3494566e-02   4.5118074e-01   2.1088791e-01   8.3943915e-02   2.2242231e-01   2.9712451e-01  -1.1721047e-01   3.2064433e-01   1.7600886e-02   1.1640688e-01  -1.1547344e-01  -1.0686078e-01   3.0292443e-01   1.4306493e-01  -7.1647575e-02  -2.3729589e-01   1.0558307e-01   2.1344531e-02  -3.7072274e-02   3.8930704e-01  -1.0975449e-01   1.8280632e-01   1.0468158e-01   2.3581109e-01   3.3129214e-01   9.2378603e-02   8.3921359e-02  -6.1874963e-03   9.9712372e-02   3.1726336e-01   2.4314744e-01   9.3471259e-02  -3.3617226e-01  -1.5118940e-01   2.4489437e-01  -3.4552528e-02   1.7395360e-01   4.4363373e-01   8.4178723e-02  -1.5273327e-01   3.6274537e-01   5.6994616e-03   8.4793721e-02  -1.2835809e-01   1.0786417e-01   2.3835567e-01  -3.0671336e-01  -2.3104492e-01  -8.6025166e-02   2.8900902e-01   1.4097581e-01   4.2044291e-01  -3.5648563e-01  -1.3774494e-01  -4.8577685e-02   2.1041705e-01   1.7295676e-01   2.2135903e-01  -1.1172224e-01   1.9802275e-01  -8.0792043e-03   3.1993069e-01   2.0099136e-02   1.2360307e-01  -1.4352929e-01  -3.0206297e-01   2.4242668e-01  -1.7349750e-02  -4.4027817e-01   1.2222389e-01   1.7618486e-01   1.1051303e-01  -1.3798737e-01  -1.8074845e-01  -4.0812823e-01   2.4703242e-01   2.9108671e-02   1.9229402e-01   8.3136409e-02   1.4209060e-03  -4.7673883e-01   1.7016597e-01   4.8842848e-02   3.7905670e-02   1.1944548e-01  -2.4344211e-01   2.0870821e-02  -2.0932515e-01  -7.8285966e-04   5.2483800e-01  -2.0266104e-01   3.9890221e-01  -6.7338332e-02  -7.1989341e-02   2.5377283e-01   9.4189912e-02   3.6454417e-02  -3.1348832e-01   3.3445953e-01   1.9987909e-01   4.9575359e-02   1.7353031e-01   1.1384653e-01  -1.8514322e-02   4.0146217e-01  -2.1675473e-01   3.7835465e-01   3.1949909e-01   1.7050212e-02   2.1449491e-01   2.4166353e-01  -1.9881500e-01  -1.3558631e-02   2.1160534e-01  -7.2102933e-02  -6.4526049e-03   4.6027905e-01  -1.7195475e-02   2.1893585e-02   1.2580430e-01  -7.0913398e-02   1.1337177e-01  -1.1711864e-02   1.3148658e-02  -3.0272871e-02  -2.1802177e-01  -2.6605101e-01   2.4391899e-01   8.7944939e-02  -3.2858365e-03   1.9834046e-01   1.4694708e-01   8.8386172e-02   4.0647910e-01   6.1446021e-01   9.1687669e-03  -6.0684060e-02  -2.2237466e-01   4.0529549e-01  -1.1699976e-01  -4.4954580e-02  -2.1562903e-01   1.2636595e-01  -1.7300645e-01   3.4773984e-01   6.0414831e-02   1.6182711e-01  -8.6171496e-02  -5.6954929e-02   2.3027472e-02   9.4335149e-02  -1.4360791e-01   2.6406620e-01   1.0354247e-01  -9.8955586e-02   1.9084091e-01  -5.3134210e-02  -1.1722296e-01   1.3111941e-01  -4.8309664e-02   1.2893261e-01   7.6150863e-02   6.8013899e-02   1.9179986e-01  -6.0430085e-02  -2.9497906e-01  -8.6330926e-02
  -1.0359087e-02  -1.2515497e-01  -1.6778171e-01   1.7427328e-01  -1.3733069e-01   1.8815069e-01  -2.0052246e-01   0.0000000e+00   3.1841307e-01  -6.6000420e-02   1.8808891e-01  -3.5336217e-01  -1.1282705e-01  -3.1876480e-01   1.5785310e-01  -9.7158863e-02  -2.1139741e-01   2.3466068e-01   3.6598536e-01  -4.6933500e-01   2.1733908e-01   4.4363898e-01  -6.4757748e-02  -5.4131163e-02  -2.0831084e-01   2.0815472e-01  -9.1666965e-02   3.3838780e-01   7.6958112e-02   1.6717747e-01   2.9530330e-01   1.7308832e-01  -1.0130401e-01  -2.0460608e-01   5.3108534e-02  -3.8569059e-01   9.2160130e-04   2.8250073e-01  -7.5562795e-02  -2.6938824e-01  -1.5629499e-02   3.7154583e-03  -9.6087299e-02   2.0038870e-01   1.5145611e-01   3.1249888e-01  -1.4246182e-01  -1.3244102e-01  -9.6777585e-02  -2.8926912e-01   1.8719494e-01   5.0090652e-01   3.7557055e-01  -2.9037740e-01  -3.3822758e-01  -1.1135958e-01   3.4338611e-01   4.1048549e-01   3.1767001e-01   3.5629991e-01   2.0872103e-02  -1.4532186e-01   3.7840621e-02   2.9880265e-01   2.3951122e-01  -3.5304068e-01   1.1529369e-01  -2.0397904e-01   3.9912358e-01   7.8387397e-02  -4.0617083e-02  -6.2865382e-02   7.5711911e-02  -1.9281163e-01  -2.6467126e-01   1.1715016e-01   9.4245475e-03   1.3746697e-01  -1.0680519e-01  -7.5516579e-02  -2.3045521e-01   1.8578498e-01   2.6484190e-02   3.2059750e-01  -1.9294470e-01  -9.5250356e-02   2.3195988e-01  -3.3408733e-01  -4.6201639e-01   1.5527732e-01  -9.2208329e-02  -8.0502447e-02  -5.9562473e-01   1.8872400e-01   2.0984399e-01  -3.5999025e-01  -5.7025049e-02   3.0423790e-01  -2.2990242e-02  -1.9877751e-01   5.6380856e-02   2.1756487e-01  -1.1705136e-01   5.0219358e-01   4.3533174e-01   1.0279041e-01  -2.7476977e-01   4.4973770e-01   1.3479570e-01  -4.4529927e-02  -2.6307094e-01   3.2902787e-01  -1.4032700e-01   1.5222380e-01  -1.9224536e-01  -1.3125025e-01  -2.3636878e-02  -1.2345099e-01   6.5836786e-02   7.7860767e-02   8.3211084e-02  -1.2191272e-01  -3.5542837e-01   1.0844843e-02   3.1068436e-01  -3.8400706e-02   1.0758292e-01  -2.2356262e-01   4.4403272e-01   2.0609137e-02   1.7787509e-01  -2.7982021e-01   6.8704559e-02   2.2905623e-01   1.2837286e-01   2.9656341e-01  -9.6526220e-02   3.3509389e-02   3.7243167e-01   1.7429497e-01  -1.0972345e-01  -3.0291423e-01   3.9798075e-01  -2.9920620e-01  -1.7909077e-01   4.0542250e-01  -2.2434865e-01  -1.4467667e-01  -3.2442453e-01   1.6216112e-01  -2.7441468e-01   2.6531548e-01  -8.5237345e-02  -2.0122626e-01  -1.3565417e-01   1.2953487e-01   5.8239422e-03   1.9419630e-01  -8.5582245e-02  -5.2355652e-02  -4.0673745e-01   4.5140221e-01   3.9232125e-02   3.3724626e-01   3.0978240e-01  -3.6055997e-01  -2.2995890e-01   5.0557278e-01  -5.0326653e-02  -2.1824876e-01  -2.0896164e-01   3.1875693e-02   7.8667326e-02   1.5592132e-01  -1.0586667e-01   3.0185229e-01   4.2793126e-01
  -3.1342599e-01   2.7441416e-01  -1.6731771e-01  -2.5244524e-02   2.2814678e-01   2.4178046e-01  -3.1368953e-01   3.1841307e-01   0.0000000e+00  -2.9038397e-01   1.4519817e-01  -2.6467792e-01  -2.0683845e-01  -3.3925659e-01   1.0875372e-01  -1.2695834e-01   1.3582147e-02   5.4822835e-02  -4.2655124e-02  -2.6992349e-01   1.8292015e-01   1.3903625e-01  -1.2678298e-01  -2.6816222e-01   8.7603257e-02   1.9030474e-01   1.1815517e-01  -9.7768811e-02   3.4679066e-02   8.8469891e-02   3.3751600e-01  -2.4548461e-01  -7.7141148e-02  -1.4485556e-01   2.4390213e-01  -6.3567178e-02  -1.5813323e-01  -8.9710462e-02   2.3069226e-02  -1.3209333e-01  -1.5332603e-01  -1.3195024e-01   1.6639971e-01   9.1962637e-02   1.1678949e-01   2.1800537e-03  -4.7933505e-02  -3.1888920e-01   1.0351123e-01  -8.5176706e-02   1.1130355e-02   3.0165247e-01   3.2905901e-01  -1.9742961e-01  -4.0874487e-01  -1.9272736e-01   1.5288269e-01   1.9809994e-01   2.6206709e-01   2.3709700e-01  -2.2647669e-01  -9.6705466e-02   5.3089335e-01   2.6920410e-01   4.5290548e-01  -2.7538042e-01   1.6998514e-01   8.7089628e-02   2.2966132e-01  -7.3713732e-02   1.6887369e-01   4.3344338e-02  -1.5790130e-01  -6.6815768e-02  -5.9066853e-02   2.5042657e-01  -1.8839746e-01   1.5461624e-01   2.8735277e-01  -1.3409694e-01  -3.9327881e-01  -2.6542295e-02  -1.6600274e-02   9.8636807e-02  -6.4568256e-03  -2.3476586e-01   3.0553909e-01  -3.2723571e-01   1.9972454e-01  -2.0651073e-01   2.4304206e-01  -4.2422913e-01  -2.3580229e-01   3.9250190e-01  -7.4251437e-02  -1.8474718e-01   7.1876476e-02   2.9593371e-01   3.9292102e-02  -1.7638072e-01  -8.0144928e-03   4.4803143e-02  -2.3389944e-01   4.8523356e-01   2.7612414e-01  -1.5365888e-01  -1.7299500e-01   3.1652742e-01  -1.4366547e-01   9.6297340e-02  -3.9223316e-01  -2.9039143e-03   1.0528335e-01  -1.9012182e-01  -2.7752049e-01   2.5159111e-01  -1.6353516e-01  -2.9835918e-01  -3.5982804e-01   9.7789788e-02  -1.4162234e-01   3.6672873e-01   2.3738335e-01   2.3993804e-01   4.7839401e-02   9.2496442e-02   1.1832252e-01  -4.7524743e-02   2.2090042e-01  -1.4640190e-01  -1.1729460e-01   1.9355863e-01   1.5810521e-01   1.1463504e-01   2.4401555e-01   1.4038921e-01  -1.0167212e-01  -2.7164057e-01   1.4501580e-01  -1.7451597e-01  -3.5198900e-01  -1.5523993e-01   1.6936881e-01  -2.6532220e-01  -2.2739058e-01   4.2933491e-01  -7.1033833e-02   1.3403076e-01  -2.2584422e-01   2.7904860e-01  -3.4838059e-01   9.6206708e-02  -2.7537515e-01  -1.7263151e-01   1.5051357e-02  -1.8709883e-01  -1.9182286e-01   1.4358433e-01  -3.4283807e-01  -1.7194303e-01   8.8753679e-02   3.2977017e-01   2.5776601e-01   2.1535318e-01  -8.7332329e-02   1.0690166e-01  -3.1102311e-02   1.8691878e-01  -2.3469321e-01  -3.1752141e-01   1.6703735e-02  -8.1503820e-02   2.2192558e-01   1.9059630e-01   7.4543714e-02   2.7148330e-02   2.3361898e-02
  -8.4014457e-02  -1.0106999e-01   2.0617523e-01  -4.7004137e-02   2.2981966e-02  -1.2009398e-01   1.3317749e-01  -6.6000420e-02  -2.9038397e-01   0.0000000e+00   1.9181617e-01   6.2051066e-02   1.7967897e-01  -1.7097016e-01   3.6156679e-01  -1.4971417e-01   2.6532098e-01  -5.0915709e-02  -1.0914115e-01   2.6195427e-01   2.6133908e-01  -3.5576791e-01   4.7223153e-01  -1.3962207e-01  -8.9823312e-02  -6.2513724e-02   1.0473510e-01  -2.7807992e-02   1.4236671e-02  -2.0049033e-01   2.6938623e-01  -2.0730134e-01  -1.1709694e-01   4.4099510e-01   8.8794242e-03   2.7880936e-01   9.0018556e-02   4.5142019e-02  -2.6328972e-01   3.2945227e-01   8.8530134e-02   3.4224566e-02  -1.6002225e-01   3.6418743e-01  -1.4370924e-01   1.4962890e-01   1.7299172e-01   2.3346290e-01   4.8859061e-02   4.5557206e-02   6.2830119e-02  -2.5272108e-02  -1.2765699e-01   2.0580246e-01   5.9589522e-02   3.7011098e-01  -1.0958674e-02  -3.3339282e-01  -6.4175278e-02  -3.6647586e-01   2.6304789e-02   1.5709780e-01  -1.3151340e-01   3.0860033e-01  -2.8324769e-01   5.6725053e-01  -5.3690504e-02  -1.6317833e-01   3.3965817e-02   8.0056842e-02   3.4790972e-01  -1.1878537e-01   8.0016973e-03  -2.8968841e-01  -6.1181041e-02  -7.1956748e-02  -6.2936571e-02  -8.3060402e-02  -1.0016103e-01   5.0855440e-02   1.0374113e-01   1.3053894e-02   3.9000672e-01  -7.9446134e-02   1.1468086e-01  -1.5439315e-01  -1.3894083e-01  -1.1900536e-02  -1.3095811e-01  -9.8254122e-02   4.4555430e-02   1.1596930e-01   4.9180572e-02  -2.4876379e-01   5.7520876e-02   2.4913802e-01  -2.8857977e-01  -2.5893022e-01  -1.5988349e-02   3.6678316e-01   4.1679633e-01   1.7348434e-02   1.7494353e-01  -4.3513161e-01  -2.7819484e-01  -1.0482352e-01   1.5003719e-02  -3.8689327e-02  -8.5831859e-02   1.9269082e-01   3.8957858e-01  -1.1190451e-01  -6.3287884e-02  -7.9904269e-02   2.3827995e-01   5.6917081e-02   1.5058094e-01   3.1115304e-01   1.3514019e-01  -2.3867121e-01  -1.1926500e-02  -1.0684711e-01  -1.2433073e-01  -4.2976940e-01   1.8853998e-01  -2.8573057e-01  -2.3978842e-01   5.5223744e-02  -3.1256438e-01   2.0347445e-01   6.4730244e-02   2.1027359e-01  -2.1682065e-01   1.8082984e-01  -2.3072940e-01  -2.2373033e-01  -1.5480198e-01   1.0705412e-01  -2.1333905e-01  -8.1575569e-02   2.1670348e-02  -1.2604830e-01   5.6727428e-02  -1.3256649e-02   1.2754061e-01  -2.0567432e-01   4.9985723e-01   3.2036320e-01   2.6735348e-01   2.8955498e-01   5.7344722e-02   7.9599834e-02  -1.3003985e-01   3.2247191e-01   4.4454864e-02   8.0069154e-03  -1.6162938e-02  -5.1762431e-02   1.5764440e-01  -4.7137244e-02  -3.5826523e-01   9.2454100e-02  -1.3573903e-02  -2.4304209e-01  -1.2588888e-01   2.5664176e-02   1.7832812e-01  -1.4169546e-01   5.5310763e-02  -1.8090540e-02  -7.1941733e-02   4.6122958e-02  -4.5021920e-02  -9.3376650e-02  -8.7168256e-02   3.1758635e-02  -2.5789187e-01
  -5.8023333e-01  -1.6612325e-01  -1.0055102e-01   9.0026805e-02   1.7543501e-01   1.2098540e-01   9.3494566e-02   1.8808891e-01   1.4519817e-01   1.9181617e-01   0.0000000e+00  -2.9448403e-01   1.0853817e-01  -4.1518358e-01   5.4742584e-01  -5.4633026e-02   5.0204646e-02   5.6657819e-01   1.0442361e-01  -1.9019338e-01   6.0683957e-01   2.4103586e-02   7.2236591e-02  -4.9639991e-01  -2.4018113e-02   8.5326582e-02  -1.4322857e-01  -4.2028000e-02  -1.4232035e-02   8.1997907e-04   6.0442728e-01  -1.3127475e-01  -1.2346833e-01   2.1557581e-01   2.9605552e-01   2.9105879e-01   1.9271290e-01  -2.5972473e-01   4.1096700e-02   5.1746643e-03   1.8612183e-01  -1.1262938e-01  -2.2892209e-01   5.7252866e-01   2.7957189e-01  -1.1151935e-01   4.5288495e-01   3.3179968e-01   2.5293115e-01  -4.0905073e-01   4.3374690e-01   3.0804244e-01   4.2754669e-01  -1.9202407e-01  -2.3433954e-01   1.8311907e-01  -8.9282017e-02  -1.7154620e-02   1.7544451e-01   6.2023841e-02  -2.4250169e-01   5.1301670e-02   5.0171004e-02   5.5938876e-01   3.4702861e-01   1.4214888e-01  -2.0132982e-02   1.0425793e-01   3.3889588e-01  -2.1213557e-01   3.2510443e-01   3.1278250e-01   2.2472529e-01  -3.5308740e-01  -3.2879937e-01   2.3497219e-01  -2.0456720e-01   6.6984975e-02  -2.0998253e-01  -1.3249081e-01  -3.8817281e-02   1.5076354e-01   4.4444813e-01   1.5662592e-02  -8.2585204e-04  -1.5414395e-02   2.0122565e-01  -4.3290113e-01   3.1507321e-03  -4.8408321e-01  -1.4134788e-01  -2.8975501e-01  -3.5724618e-01   2.0114842e-01  -1.3235938e-01  -4.0122248e-01  -4.8721306e-02   6.2775206e-02   7.7591800e-02  -8.0738995e-02   4.6824217e-01   3.1872973e-01   6.8236475e-03   2.2501269e-01   3.1527406e-01  -4.6616752e-02  -1.8365946e-01   5.8930163e-02   9.1240574e-02   5.4125992e-01   6.0792836e-02   5.2750603e-02   1.7692983e-01  -4.6859742e-01   1.2162574e-01   4.4794677e-02   2.3127817e-01   2.4659371e-01  -1.2926305e-01   1.2752817e-01  -3.3812240e-01  -2.4114044e-01   2.8598968e-02   3.6492578e-02  -1.6321250e-01  -2.6142916e-01   9.3745354e-02  -2.0437719e-01   1.1253385e-01   1.3967166e-02   1.6948013e-01   3.7681697e-01  -1.3440856e-01   5.4690232e-01   6.5678816e-02   1.3324599e-01  -4.5015216e-01   8.6248230e-02   2.1950560e-01  -3.2362789e-01  -4.5587182e-01  -1.9219267e-01   3.9204942e-01   5.7434114e-02   2.9105832e-01   3.8531755e-01  -3.6771184e-02   4.5811779e-01   1.3958882e-01   5.0732074e-01  -3.4244523e-01   3.9421455e-02  -4.9976426e-01   3.4955484e-01   1.7379387e-01  -2.8987279e-01  -1.6551421e-01   6.7535661e-02  -3.2706070e-01   4.7680725e-02  -2.2477436e-02   6.2829489e-01   3.2365620e-01   4.4185393e-01   5.9150640e-02   1.4640552e-02   1.8694714e-01  -3.3783516e-02  -4.2690945e-01  -1.3054943e-01  -3.6772171e-01  -1.6109833e-01   5.3634597e-01   1.7775638e-01  -9.2317768e-02   8.4881118e-02   1.0843222e-02
   1.4240880e-01   3.2921398e-01   5.7528891e-01  -2.1027123e-01  -9.9599083e-02  -6.1378837e-02   4.5118074e-01  -3.5336217e-01  -2.6467792e-01   6.2051066e-02  -2.9448403e-01   0.0000000e+00  -2.1187354e-02   1.4696149e-01  -5.3920129e-02   2.7104632e-01   2.5787649e-01  -1.2056734e-01  -1.7556971e-01   3.5338897e-01  -3.9027678e-01  -2.9023195e-01   2.2942397e-01   2.5890036e-01   1.8929631e-01  -7.0079255e-03   1.6085992e-01  -3.6651507e-02   2.0432433e-02   1.5096645e-01  -3.5672434e-01   1.3042742e-01   1.2316777e-01   1.9846487e-01   7.4695519e-02   1.1268211e-01  -2.3831906e-01  -2.5043679e-02   4.1162280e-02   3.6121446e-01   1.1977359e-01   1.5876812e-01  -1.2737289e-02  -1.8146797e-01  -1.5815783e-01  -7.1926882e-02  -2.9387600e-03  -1.1205065e-01  -1.3954068e-01   4.9704714e-01   2.3209153e-02  -3.9533324e-02  -2.0675382e-01  -1.8366383e-02   1.7974411e-03   4.0991240e-01  -1.7999727e-01  -1.6860929e-01  -6.5995575e-02   1.7431053e-01   3.6980829e-02   1.3433866e-01  -4.0321127e-02  -1.4492444e-01  -3.6438949e-01   4.4457842e-01   8.5924961e-02  -1.2000059e-02  -3.4127192e-01   2.5581536e-01   1.2401883e-01  -1.0154382e-01  -1.7146234e-01   3.5410487e-01   1.1104366e-02  -3.4349965e-01   2.5679695e-01  -1.2525836e-01  -6.2793273e-02   8.8313434e-02  -4.0085631e-02  -4.6718747e-02  -1.2050222e-01  -1.2431920e-01  -1.0094971e-01  -1.3789421e-01  -2.6041571e-01   2.7483002e-01   2.0958687e-01   1.1143738e-01  -6.1300038e-02   1.6237191e-01   5.7422688e-01   1.3481722e-01  -6.8748479e-02   1.2216163e-01   3.0646474e-02  -1.4466223e-01   2.0163708e-02   4.5290842e-01  -2.6906086e-01   2.5695029e-01  -2.4910544e-01  -1.1577240e-01  -1.1343795e-01   7.0007256e-02  -4.0965611e-02  -2.3892176e-01   1.2151734e-01  -2.6217905e-02   2.9773766e-01  -9.1342105e-02  -2.2070494e-01   1.2205832e-01   1.8059115e-01  -1.2274119e-01   2.1823812e-01   1.6882075e-01  -2.8643690e-02  -1.0110652e-01   2.4978358e-01   1.7406595e-01   9.4879607e-02   1.9831409e-01  -4.4631521e-02   2.7859415e-01   1.1632270e-01   8.5524048e-02  -1.2283204e-01   8.1628850e-02  -2.0381282e-01   5.4252700e-02   2.0810036e-02  -4.2177110e-01   7.9442791e-03  -2.7962694e-01   5.7302338e-02  -4.7940231e-02  -1.5802073e-01   3.1322365e-02   2.1713547e-01   1.9344202e-01  -1.2294118e-01   3.0302506e-01   2.2751089e-02  -2.9293402e-01   4.2559056e-01  -1.1943230e-01   4.7465046e-01  -1.2262173e-01   2.4087819e-01  -2.8547190e-01   1.7073018e-01  -7.4103291e-03   2.4453735e-01   8.8013379e-02   5.8082430e-02  -1.8324597e-03  -4.8392846e-03  -1.8459146e-01   1.6253877e-01  -3.2355294e-01   7.2379840e-03  -1.3408556e-01  -1.8592069e-01   3.5903745e-01   3.6738671e-02  -1.5683828e-01   8.5061019e-02   1.8457816e-02   4.2181777e-01  -2.8826848e-02  -2.5196292e-01  -1.6528622e-02  -1.3310482e-02  -3.1563689e-01  -2.6938760e-01
  -1.7549407e-01  -2.0549912e-01  -4.8124282e-02   2.4456242e-01   2.3830295e-01   2.4375620e-01   2.1088791e-01  -1.1282705e-01  -2.0683845e-01   1.7967897e-01   1.0853817e-01  -2.1187354e-02   0.0000000e+00  -3.8701463e-02  -1.2430896e-01   2.0628875e-01  -7.3019397e-02   2.3814790e-01   2.0736739e-01   2.3878895e-01  -2.4079477e-02   3.7905545e-02   2.1658879e-02  -9.1289119e-02  -1.4430413e-01   9.3619971e-03   2.3867136e-01   1.3844769e-01  -3.2297673e-01   3.4825655e-02  -1.3086443e-01   1.2148900e-01   1.2362567e-01   1.9646448e-01   4.7086266e-02   3.4857458e-01   4.1444651e-02  -2.7883609e-01   1.9535775e-01   1.0128163e-01   7.4355503e-01  -2.6886492e-02  -8.9951048e-02  -9.7210325e-02   3.4201909e-01  -3.3306002e-01   3.8081020e-01   1.2053597e-01   2.1738601e-01  -1.0720340e-01   3.2811101e-01  -5.7821399e-02   1.5208099e-01  -3.1019810e-02  -4.6886516e-02  -2.5027813e-01  -6.7921594e-03   3.8447822e-02   9.8408343e-02   7.1950126e-02  -2.3242867e-01   4.5330322e-01  -9.5189894e-03  -1.1107614e-01  -8.6020982e-02   2.7353766e-01   2.5812900e-01  -6.6815546e-02   2.7304636e-01  -2.3210001e-01  -1.2611218e-01   2.5474579e-01   3.3192149e-01  -1.8015846e-01  -1.3767814e-01  -1.3215396e-01  -3.0104650e-01  -1.2429823e-01  -9.3625130e-02   2.7711926e-01   5.3104692e-02   3.0335557e-01  -8.9980240e-02  -1.2086033e-01  -1.8798980e-01   1.5019257e-01  -2.0416773e-01  -7.3544111e-02   2.1208100e-03  -2.1117417e-01  -4.6409558e-02  -1.9603536e-01   4.2172709e-02   1.3466508e-01  -1.8288170e-01   1.8344078e-01   6.0049346e-02  -9.2728063e-02   3.6323176e-01   1.4861191e-01  -2.3094613e-01   1.8196425e-01   2.3979132e-01  -1.4151113e-01   1.5803142e-01   3.3253565e-02  -3.5212509e-02   9.3445013e-02   3.0035650e-01   2.3145371e-02   1.6759782e-02   1.7171926e-01   9.1840897e-02  -2.4015948e-01  -2.4642647e-01   3.5025876e-02   1.5818259e-01   7.4481230e-01  -1.3648611e-02   2.9627575e-01  -2.0438209e-01   5.7739584e-02   6.3693510e-03   3.1178943e-03  -2.8389716e-01   3.2564773e-02   1.0436508e-01  -2.4922682e-03   5.4465162e-02  -1.5664821e-01   2.9205820e-01   1.5229547e-01  -6.9068728e-02  -9.0350899e-03   2.6413224e-01   1.4947811e-01   3.7877774e-02   1.3388346e-01   2.8409544e-02  -1.7251842e-01   4.9953891e-02   3.9069507e-01   9.1032291e-02  -7.5592801e-02   1.8619005e-01  -2.2696995e-03  -1.8175742e-01   6.1218143e-02   1.3123986e-01  -6.3243382e-02  -3.3397394e-01  -2.3535770e-02  -1.7327295e-01  -1.1905449e-01   2.8555118e-02  -1.6628362e-01  -1.5385948e-01   3.5493964e-01  -2.9754792e-01   8.4513367e-02  -1.0033069e-01  -1.5129100e-02   9.3228719e-02   1.6640990e-01   8.2974904e-02   4.7438358e-02  -5.4532175e-02  -1.5789481e-01  -1.9047508e-01   9.3186908e-02   6.6467501e-02  -7.7614095e-02  -4.9540690e-02  -6.9689923e-02  -2.7389991e-02  -1.2762454e-01  -1.0587128e-01
   6.2909291e-01  -1.0175457e-01   2.7187151e-02   1.0398812e-01  -1.0857235e-01   1.1287485e-02   8.3943915e-02  -3.1876480e-01  -3.3925659e-01  -1.7097016e-01  -4.1518358e-01   1.4696149e-01  -3.8701463e-02   0.0000000e+00  -3.2665902e-01   1.3515732e-01  -1.2294151e-01  -3.0496354e-01   1.8795404e-01   2.8344538e-01  -4.6885733e-01  -2.2256284e-02  -2.2765161e-01   3.6419312e-01   4.1950289e-02   3.1662281e-02   1.1187060e-01   2.0829967e-01  -7.1154376e-02   1.3059787e-01  -4.6157312e-01   5.0136216e-02   1.1324660e-01  -9.6384165e-02  -2.1171544e-01  -9.3330962e-02  -5.7291439e-03   1.1796885e-01   1.2326518e-01   1.1511826e-01  -1.5784015e-01   8.6482257e-02   9.8087188e-02  -2.3344935e-01  -1.3242846e-01  -1.0619556e-01  -2.0397710e-01   1.5338382e-01  -2.1761300e-01   2.4905634e-01  -2.6076285e-01  -1.3144157e-01  -3.0108772e-01   4.4996814e-01   6.8602608e-01  -9.1583251e-02   2.4593603e-02  -1.3242639e-01  -2.0261587e-01  -1.7032238e-01   1.9327890e-01   1.6752657e-02  -1.7261127e-01  -4.3390042e-01  -3.0321505e-01  -1.8479104e-01  -7.4361263e-03  -1.1205684e-01  -2.3231691e-01   1.7706179e-01  -4.7661454e-01  -1.7773416e-01   6.9040786e-02   5.5172787e-01   6.9392354e-02  -1.4685378e-01   4.2685104e-02  -1.0444521e-01   9.4838505e-02   9.9365372e-02   5.3484441e-01  -5.6005083e-03  -2.8127358e-01   4.1005281e-02   1.8912433e-01   2.0116286e-01  -7.5087097e-02   5.9419602e-01  -9.6263282e-02   3.5911148e-01   2.1866333e-03   3.2559740e-01   2.4780482e-01  -3.4745846e-01  -2.9535433e-02   4.4930595e-01   2.5160536e-02  -1.3555831e-01   2.4320567e-03  -8.6665530e-02  -2.5547020e-01  -2.0387554e-01   3.5957418e-01  -2.5854720e-01  -2.4703018e-01  -3.4918502e-02   4.4521475e-01  -1.0987729e-01  -1.5684265e-01  -3.3848065e-01   3.1401590e-02  -8.6317960e-03  -1.4765737e-01   2.9409281e-01   2.0399432e-01  -4.6681582e-02  -4.2797432e-02  -5.9782726e-02   5.0806288e-01  -3.2527805e-02   1.7871787e-01   4.9529597e-02  -9.5732555e-02  -2.9204262e-02  -5.6719355e-02   3.4961089e-01  -9.2587740e-02   7.3896601e-03  -1.3658382e-01   2.8356928e-01  -2.9489605e-02  -1.9271697e-01   3.5481846e-01  -3.4952825e-01  -1.0058328e-01   1.4159387e-01   3.0330142e-01   4.4020341e-01  -1.3994755e-02   1.5014991e-01   3.8643899e-01   8.0673397e-02  -3.0535381e-01   4.6383060e-01   7.4701162e-02  -3.8385401e-01  -1.1518327e-01  -3.1829658e-01  -1.4648018e-01  -4.2106905e-01   4.5489357e-01   1.4038849e-01   4.1463302e-01  -6.7285469e-03   7.1992476e-02   1.2220378e-01   1.3918384e-01  -2.0108652e-01   3.2358424e-01   3.7778029e-01  -1.1557853e-01  -4.3140677e-01  -2.1326176e-01  -3.8795674e-01   6.1770068e-02  -1.3592437e-01  -1.5340068e-01   8.8336421e-02   4.1475042e-01   2.7775531e-01   1.3830191e-01  -9.8401335e-02  -3.6045912e-01   8.0621860e-02  -8.0843825e-02  -1.6472672e-01  -6.8018843e-02
