   0.0000000e+00  -5.0861133e-01  -2.4483947e-01  -1.3227617e-02  -4.1380239e-01   4.1346744e-01  -3.0211902e-01   7.4176531e-02  -2.9656206e-01  -3.2327146e-01   1.8638274e-01  -4.8906126e-01  -2.7875053e-01   3.9035683e-01   4.9860466e-01  -5.5857545e-02  -4.6077367e-01   1.0030271e-01  -7.6791442e-02  -6.1221760e-01   1.5427635e-01   2.9832668e-02   2.8238256e-01   8.8008767e-01   7.2700139e-02  -1.5011945e-01  -6.6199697e-01   4.5869159e-01  -1.8842979e-01  -6.2291097e-02   1.3950381e-01   7.6396064e-02  -3.7228798e-02  -7.5472791e-02   2.7589078e-01  -5.7044588e-01  -3.2396109e-01   5.8197604e-01  -2.3808298e-01  -5.8717941e-01  -3.0987656e-01   2.6510793e-01  -2.2634858e-01   1.7509294e-01  -1.7380296e-01   7.3836886e-02  -5.0162079e-01  -4.6529300e-01  -8.3093132e-02  -5.8207868e-01   2.7403521e-01   2.2340367e-02  -4.2377886e-01   3.1436469e-02   7.5061265e-01   4.6186244e-01   3.8516158e-01  -1.2590822e-01  -2.3346335e-02   1.6119238e-01  -4.6596870e-02  -5.3390376e-02  -4.5692092e-01   2.8753517e-01  -3.2390014e-01  -7.1503339e-02   1.8519833e-01  -2.4329597e-01  -3.4585982e-01   4.6353801e-01  -6.1478635e-01   9.0531828e-02  -3.7941882e-01   7.3871356e-01  -2.1346628e-01  -8.1694733e-02   6.2078991e-02   5.6346959e-02  -4.5502945e-01  -2.1805154e-01   3.4573303e-01   5.6145083e-02  -1.3090176e-01  -1.9710715e-01   6.9790193e-01   1.1399447e-01   1.0594417e-01   6.4092177e-01  -4.8749304e-01   8.6965246e-01  -5.1291822e-01   1.3662493e-01  -2.4566455e-01  -1.7299630e-01   3.0400089e-01  -5.7986823e-01  -3.0538621e-01  -6.4933090e-02  -3.6233180e-01  -5.3324069e-02   3.4506056e-01   4.1304682e-01   2.2352954e-01  -1.6629846e-02   3.6130997e-01  -1.3240737e-01  -1.5543089e-01  -2.5182046e-01   2.3071004e-01  -1.0534547e-01  -1.6818873e-01   2.2543431e-01  -2.6135111e-01   8.9537727e-01   5.0426603e-01  -4.3840736e-01   3.3436372e-01  -1.9958423e-01   6.1486750e-01  -6.7064095e-02   4.8764630e-01  -4.8333183e-01  -3.6911124e-01  -1.8738373e-01   3.1176471e-01   3.3237469e-01   2.6593604e-01  -1.9790155e-01  -2.1608574e-01  -1.7889863e-01  -2.9310563e-01  -2.7553185e-01   2.9665811e-01   1.6196768e-01  -1.6278185e-01   3.8812121e-02  -2.9678399e-01   1.4563251e-01   1.2013743e-01   7.8373700e-01   8.2033096e-01  -4.3485341e-01   2.9524983e-01   4.0675814e-01   3.1779424e-01   1.0216683e-01  -5.3500936e-01  -1.2325603e-01   2.1505160e-01  -4.2114658e-01   8.1371525e-01  -5.2261235e-02   6.5736263e-01  -3.2590900e-01  -5.8545990e-01   7.7542838e-01   4.9915324e-01   2.7604837e-02  -1.0849449e-01   3.4610281e-01   6.9854209e-02   1.9419205e-01  -4.3036663e-01   9.7163095e-02  -3.2170929e-01  -4.7812634e-01   4.7075688e-02   4.9952284e-01   5.2846460e-01  -6.2974530e-01  -4.7879719e-01   5.8879905e-01  -1.4553671e-01   3.2000556e-01  -3.3651640e-02  -2.4224543e-01  -4.3024235e-02
  -5.0861133e-01   0.0000000e+00   2.0467362e-01  -2.1225850e-01   7.2740528e-01  -5.7326659e-01   2.7058199e-01  -3.4947604e-01   5.1156088e-01   5.5481788e-01  -3.8948209e-01   7.7774055e-01   6.7000603e-02  -3.3875942e-01  -5.1261324e-01   1.3964151e-01   5.0469636e-01  -1.8507578e-01  -1.0049101e-01   7.9409952e-01  -5.3491244e-01  -3.5658103e-01  -6.0750135e-01  -4.8976768e-01   2.0416689e-01  -9.3936003e-02   6.1779111e-01  -6.0189226e-01   3.6528390e-01   1.2080700e-01   1.2431374e-01  -2.4222027e-01   2.4732383e-01  -7.5111993e-02  -3.5326856e-01   6.9935955e-01   3.4109985e-01  -2.4828619e-01   3.6089107e-01   6.5013719e-01   4.1004474e-01  -1.8721794e-01   2.7114580e-01  -3.1249809e-01   2.1559782e-01  -2.2330327e-01   3.6060425e-01   6.1242027e-01  -1.2302932e-01   7.0987943e-01  -4.9412941e-01  -2.5062908e-01   6.4103041e-01  -2.8812859e-01  -4.5954960e-01  -5.3790256e-01  -3.6638845e-01  -1.4049983e-01   3.9645333e-02  -4.6895464e-01  -4.8082589e-03   3.1322639e-01   7.6405827e-01   8.2993255e-02   4.9545475e-01  -6.5440260e-02  -3.7214928e-01   3.7191343e-01   1.1668861e-01  -3.9365804e-01   8.4246624e-01  -4.3642545e-01   6.3499168e-01  -4.4667874e-01  -1.1587052e-01  -1.6160412e-01  -1.8050540e-01  -2.3901303e-01   7.7488360e-01   5.7802185e-01  -6.2956533e-01   8.5379376e-02  -9.7265356e-02  -1.4269026e-01  -3.5945674e-01  -1.6889336e-01  -1.5972094e-01  -3.9780654e-01   6.2196751e-01  -3.9712893e-01   8.0386051e-01  -2.8600623e-01  -1.0018615e-01   2.6525958e-01  -2.5629254e-01   6.8569234e-01   5.3129237e-01   1.1495441e-01   7.0559723e-01  -1.6793742e-01  -2.8077252e-01  -3.9157088e-01  -6.2102733e-01  -1.5268808e-02  -4.9342775e-01  -2.0117870e-01   2.3650835e-01   6.1997962e-02  -3.2073220e-01  -1.2818001e-01   1.5041800e-01  -4.7288748e-01   6.2132906e-03  -4.6533495e-01  -4.4825407e-01   8.5101223e-01  -2.6849054e-01   4.8308156e-01  -4.1323920e-01  -5.1117197e-02  -3.4469053e-01   8.2402913e-01   5.4713007e-01   3.3783453e-01  -2.7529335e-01  -3.5314356e-01  -1.9230433e-01   3.1042245e-01  -1.6445047e-01   4.2120991e-01   4.3074311e-01   2.1341340e-01   5.5007053e-02  -4.5291816e-01  -6.2651521e-02  -2.3498751e-01   3.9008499e-01  -1.9957566e-01  -2.5095626e-01  -3.6414884e-01  -4.4153010e-01   5.1714484e-01  -3.3058522e-01  -3.4766735e-01  -3.2159692e-01  -1.4800638e-01   5.7507525e-01   3.3115814e-01  -4.9487191e-01   4.2742197e-01  -4.5830500e-01  -4.3451211e-01  -5.3244221e-01   6.4096446e-01   7.9961709e-01  -3.6233483e-01  -4.1579603e-01   8.1580005e-02   6.8713368e-03  -5.7060548e-01   8.5358732e-02  -4.7616436e-01   3.7546142e-01  -2.8616810e-01   3.5593629e-02   6.3138992e-01  -1.6091311e-02  -3.0915791e-01  -3.3234818e-01   7.8462780e-01   7.8563829e-01  -3.0318185e-01  -5.9445081e-02  -3.4225432e-01   8.4273428e-02   1.9287856e-01  -3.1757516e-01
  -2.4483947e-01   2.0467362e-01   0.0000000e+00  -2.4756116e-01   5.3333986e-02   1.1305911e-01   1.0957285e-01  -2.2422085e-01  -9.1216300e-02   3.2348012e-01  -4.1566620e-01   3.6303787e-01   1.1783879e-01  -1.4136078e-01  -2.0300542e-01   3.0177829e-01   7.9423070e-01  -1.3073272e-01   1.0239530e-01   2.7838278e-01  -3.4046894e-01  -1.0858469e-01  -3.3026255e-01  -2.8740078e-01   5.9429718e-02  -8.3926241e-02   2.0077136e-01  -1.8579472e-01   4.6785285e-01  -3.4112861e-01  -1.1685061e-01  -1.6937007e-01   4.8490339e-04   6.3308657e-02  -1.6965566e-01   1.5145564e-01  -2.3848094e-02   8.7692596e-02   9.6631866e-02   3.8916622e-01  -6.8064037e-02   9.8183905e-02   7.9408280e-02  -3.5850281e-01  -1.7859999e-01   4.5777296e-01   4.1441493e-02   2.2095829e-02  -5.0426010e-02   4.9738062e-01  -2.4493727e-01  -2.0459375e-01  -1.1098251e-01   2.5288856e-01  -1.8560594e-01  -3.5395698e-01   9.0845340e-03  -1.9739882e-01  -3.1287222e-01  -3.4157710e-01   4.6813117e-01  -2.3506478e-01  -2.2544859e-03  -4.6507542e-01  -2.3296333e-01  -7.4771054e-02   1.2037126e-01   1.4994098e-01  -1.1729839e-01   4.8425306e-01   2.1471578e-01  -3.8014684e-01  -7.7688567e-02   1.8169561e-01   5.9846316e-02  -2.5308342e-01   3.8088561e-01  -3.5998451e-01   1.2445709e-01  -8.7731502e-02  -2.6438203e-01  -7.6832023e-02  -2.1209174e-01   6.7375176e-02   3.4498123e-02  -2.1846788e-01  -1.1154041e-03   1.2820115e-02   1.4273068e-01  -1.5278513e-01   7.9708630e-02   4.5263051e-01   1.2363528e-01   5.3334224e-02   2.4572544e-01   3.6736767e-01   1.9677573e-01  -3.5544338e-02   1.8937274e-01  -1.0405556e-01  -1.7824483e-01  -2.9048836e-01  -4.5403319e-01  -3.2421459e-01  -4.1689170e-01  -1.0283188e-01   1.7918216e-01  -1.3378921e-01  -5.2959475e-02  -1.4724300e-01   4.9396719e-02  -2.8568558e-01  -2.4260198e-01  -2.1824714e-01  -2.0278624e-01  -1.1772921e-01  -2.4679043e-01  -5.9259209e-02  -1.4238961e-01  -1.0736215e-01   2.1634058e-01   1.4199038e-01   1.8964442e-01  -2.1028342e-01   2.8092706e-01   1.5970416e-01  -3.7249380e-01  -1.3688039e-01  -7.0939591e-02   7.7193794e-01  -6.0239057e-02  -1.5305628e-01   2.3418653e-01  -2.9693735e-01  -2.6257458e-01  -2.3674888e-01   1.8954959e-01  -2.2233047e-01  -3.5570517e-01  -3.1353280e-01  -2.0160149e-01   4.6498560e-02  -2.9237693e-01   1.6279723e-01  -3.4153548e-01  -5.1115030e-01   3.5939251e-01  -1.7964582e-01  -1.3473824e-01  -4.5255285e-02  -1.0452986e-01  -3.4523543e-01   1.5544642e-01  -1.2833411e-01   5.4418014e-01  -2.9567608e-01   5.0476454e-02  -2.0836409e-01   4.8447696e-01  -5.4735545e-01   2.9346564e-02  -4.4584629e-01   1.4037372e-01  -3.8545203e-01   3.5196461e-02   5.4419721e-02  -2.8773021e-02  -3.3206145e-01   1.5581627e-01   8.2258998e-02   1.0434021e-01   5.1760624e-02  -3.4908590e-01   1.7604282e-01  -1.9775986e-01   1.7053651e-01  -2.4062849e-01
  -1.3227617e-02  -2.1225850e-01  -2.4756116e-01   0.0000000e+00  -6.0505690e-03   1.5240976e-01  -3.0857281e-01   3.2251967e-01  -8.8138270e-03  -2.9907516e-01   1.2898783e-01  -2.4941688e-01   4.6416710e-02   1.4949489e-01  -3.7605443e-02  -2.1613705e-01  -2.1302288e-01   2.9496671e-01   1.7166646e-01  -1.4093562e-01   1.4278247e-01   5.0421416e-01   1.6386674e-01   8.1033807e-02  -2.7496319e-02   1.0402519e-01  -5.3420393e-02  -3.4923117e-02  -2.4115021e-02   1.8481195e-01  -1.5229886e-01   4.8087665e-01  -8.6553790e-02  -2.2458925e-01   2.1433559e-01  -6.0284930e-02  -2.2890567e-02  -1.1563639e-01  -8.4608626e-02  -2.5388765e-01   5.9770087e-02  -2.6830032e-01  -1.7884096e-01   1.6436154e-01  -6.6274416e-02  -1.0377599e-01   9.2554150e-02  -3.0570207e-01   1.7305213e-01  -1.5004722e-01   2.5954479e-01   2.2205114e-01  -1.0090987e-01  -2.1533835e-01   1.1547326e-01   8.9433390e-03   1.6653446e-01   5.0088834e-01   2.7709180e-01   3.9926817e-01  -5.8585074e-02   1.5574965e-01  -2.1502863e-02   1.4208285e-01  -8.5047768e-02   3.4787564e-02   1.5606601e-01   5.3742994e-03   4.1729256e-01  -2.0005253e-01  -2.5437378e-01   5.0956023e-01  -1.9188482e-01  -1.5833967e-01  -6.3629671e-03   2.3599362e-01  -1.9851945e-01   2.6188595e-01  -7.1746120e-02   7.9062127e-02   1.0093113e-01  -1.2079225e-01   5.2031616e-03   1.1669459e-01  -1.1417382e-01   1.1182967e-01   1.1347990e-01   1.3524866e-02  -4.2042413e-02  -5.8350031e-02  -2.4512818e-02  -2.0018259e-02   5.6241541e-02   1.6640736e-02  -1.3128709e-01  -2.4011032e-02  -7.7481860e-02   5.5997438e-02  -1.0867815e-01  -1.3403418e-01  -1.0210207e-01   1.4066063e-01   3.2112398e-01   3.0080015e-01   3.8178173e-01   5.2024729e-01  -2.3814976e-01   3.2995139e-01  -1.4037746e-01   2.8666573e-01  -2.4178494e-01   3.4756774e-01   5.7858413e-01  -2.4811590e-02  -1.2756825e-01  -1.7840302e-01   1.4493058e-01  -1.6760734e-01  -2.2530607e-02   4.8331175e-01  -1.6431499e-01  -8.3371658e-02  -7.0706501e-02   1.0301477e-03  -1.7156202e-01   2.5488134e-01   9.3868650e-02   3.6303649e-04   5.6501016e-01  -3.4921321e-01   1.2143251e-01  -1.9660044e-01  -1.1745706e-01   1.6840830e-01   4.9424632e-01   2.2538236e-01  -7.7337032e-02  -1.4512828e-01   2.6324015e-01   1.2295202e-01   7.2940205e-02   1.2891872e-01   3.5850557e-01  -7.2387144e-02   9.1547471e-02   6.0368360e-02  -2.9404103e-01   4.6980150e-02   2.7222949e-01  -1.6338495e-01  -1.3759709e-01   1.8617759e-01  -1.2699721e-01  -1.3938126e-01  -2.4051211e-01   3.1554905e-02  -9.0190606e-02   1.0470318e-01  -1.1659700e-02   2.3472846e-01   4.6077055e-02   4.6290456e-01  -8.4475972e-02   4.9914298e-01   4.5541376e-01  -3.0181659e-01  -1.2711909e-01   1.6592640e-02  -1.1494659e-01  -6.3521396e-02  -2.0574212e-01  -1.5074464e-01   3.3073914e-01   1.0801260e-01   1.1389449e-01   1.3462434e-01   5.9548207e-01
  -4.1380239e-01   7.2740528e-01   5.3333986e-02  -6.0505690e-03   0.0000000e+00  -3.6304513e-01   4.1967610e-02  -1.5727396e-01   1.9059501e-01   2.8212112e-01  -1.8821646e-01   4.3033889e-01   5.4701853e-02  -2.0527654e-01  -5.8757690e-01  -2.1216532e-02   3.3697292e-01   9.6099569e-02  -1.1775803e-01   7.8828732e-01  -5.1429309e-01  -8.7120942e-02  -4.2618215e-01  -4.4928951e-01   1.5433705e-02   5.5633770e-02   6.4224438e-01  -6.9411339e-01   2.4038032e-01   3.1663039e-01  -9.8575438e-02  -1.2543115e-01   6.1644256e-02  -2.4689961e-01  -5.2303935e-01   7.8601096e-01   5.1044407e-01  -3.0317354e-01   3.6043452e-01   3.0491533e-01   3.6190474e-01  -2.0615705e-01  -4.7017133e-02   4.9026500e-02   1.6536038e-01  -7.0388233e-02   5.2719698e-01   5.0055876e-01  -1.2510375e-01   4.7912853e-01  -2.9968383e-01  -9.7471199e-02   6.9340244e-01  -4.2492161e-01  -5.8875101e-01  -3.0646379e-01  -1.1883978e-01  -9.6230341e-02   6.7872773e-02  -3.4151120e-01   1.4731685e-01   5.1556043e-01   6.1665481e-01   2.8822978e-01   4.2975718e-01   1.4701527e-01  -1.5569357e-01   3.0382239e-01   3.5551492e-01  -2.6098326e-01   5.3581138e-01  -1.1242295e-01   4.9354348e-01  -4.2953480e-01  -1.4968342e-01  -1.1706113e-01   3.8251677e-03  -5.1329549e-03   8.0554264e-01   3.5873174e-01  -6.2268713e-01   2.0281719e-02  -1.9859554e-01   5.0202216e-02  -3.4239980e-01  -1.8690385e-01  -3.4138047e-02  -4.4833115e-01   4.8054524e-01  -2.8907918e-01   8.1826343e-01  -1.4366670e-01  -1.5111757e-01   1.8909817e-02  -1.6857128e-01   7.3592163e-01   3.2861632e-01   1.1504134e-01   6.2806036e-01  -1.6960628e-01  -4.8309023e-01  -1.5474848e-01  -3.6828421e-01  -5.8198170e-02  -3.1379128e-01  -6.2296991e-02  -7.7373164e-03   1.9871222e-01  -3.6262346e-01   2.4319190e-01  -2.0183520e-01  -1.7761294e-01   1.0986416e-01  -3.4388487e-01  -6.5701147e-01   7.3472167e-01  -8.9647710e-03   3.3452361e-01  -3.8514473e-01   1.7208504e-01  -1.6710909e-01   8.8442984e-01   2.7949001e-01   3.2195995e-01  -1.1527397e-01  -2.2780961e-01  -1.4485480e-01   2.8291670e-01  -5.7601441e-02   2.9566456e-01   3.3548209e-01  -6.7476058e-03   6.5982243e-02  -3.5249386e-01  -5.0593240e-03  -1.2534801e-01   2.1999276e-01  -3.9038136e-01  -7.7477977e-02  -3.0145219e-01  -4.1850940e-01   4.8884219e-01  -9.8301948e-03  -4.1444386e-01  -3.4977613e-01  -2.4470347e-01   1.9488350e-01   6.5269682e-01  -1.5944898e-01   7.4342446e-02  -3.9844946e-01  -3.3122801e-01  -3.9547408e-01   6.8766739e-01   4.8522451e-01  -3.5360354e-01  -2.1068870e-01   8.9490213e-03   1.4169435e-01  -4.3486333e-01   8.1573537e-02  -1.9631044e-01   4.8504872e-01   2.4130562e-02   1.8607195e-01   3.3444725e-01  -3.3212133e-03  -7.1931123e-02  -2.2587998e-01   6.5730141e-01   7.4216576e-01  -2.7528636e-01   2.3933748e-01  -2.1039939e-01  -2.2153492e-02   4.9187745e-02  -1.3510986e-01
   4.1346744e-01  -5.7326659e-01   1.1305911e-01   1.5240976e-01  -3.6304513e-01   0.0000000e+00  -2.1241624e-01  -9.7768503e-03  -5.9250848e-01  -4.3425837e-01   8.4069129e-02  -5.6607972e-01  -4.0761182e-01   2.3427803e-01   1.6333965e-01  -2.9933722e-02  -2.3729522e-01   2.2312776e-01   2.2865125e-01  -5.0875708e-01   2.5650118e-01   5.1773026e-01   4.5787902e-01   3.4685508e-01  -5.1222707e-02  -1.2222438e-01  -2.7087207e-01   2.5308854e-01  -1.2642437e-01   1.4294915e-01  -3.1309460e-01   1.6105497e-01  -2.7928592e-01  -9.4706031e-02   1.3721910e-01  -4.1211222e-01   5.9601366e-02   3.3183623e-01  -3.1128659e-01  -5.5463099e-01  -4.6138508e-01   1.6836423e-01  -4.2809826e-01   2.8718900e-01  -1.2885453e-01   4.1419675e-01  -1.3368033e-01  -3.0557420e-01   3.6158810e-02  -5.4088692e-01   4.5215268e-01  -4.5636833e-02  -2.6530022e-01   1.2024108e-01   2.9504055e-01   4.8741755e-01   7.4817164e-01  -2.1477789e-02  -7.7278790e-02   1.5499406e-01   3.0744021e-01  -3.4392633e-01  -6.1939391e-01  -9.0833916e-02  -4.6506146e-01   3.0959877e-01   8.6713657e-01  -2.3333714e-01   1.0030946e-01   6.2526347e-01  -5.9270500e-01   2.5925357e-01  -5.1198403e-01   4.5780592e-01  -1.2625022e-01  -3.6583108e-01   3.4724050e-01   1.2837666e-01  -4.4858871e-01  -4.3210325e-01   3.6623258e-01  -1.8802865e-01   5.5347992e-02  -2.4278154e-02   4.8744678e-01  -3.0766593e-01   5.2575397e-01   2.5457829e-01  -5.5921997e-01   3.4653483e-01  -4.5645718e-01   4.4654249e-01   2.4714810e-01  -4.7829599e-01   3.9045407e-01  -3.7876217e-01  -3.2441803e-01  -1.1700831e-01  -4.1455947e-01   1.5893772e-01   2.5121061e-02   2.7810860e-01   3.3646177e-01  -2.7989812e-01   3.3977966e-01   7.2944277e-02  -3.3768209e-01  -2.3097055e-01   2.8581855e-01   4.9881174e-01  -3.1082280e-01   6.0055217e-01  -1.6068415e-01   3.4770762e-01   4.6378346e-02  -6.2146652e-01   2.4240659e-01  -4.9585409e-01   3.6606500e-01   7.9689917e-02   4.2299506e-01  -4.9792315e-01  -6.2613931e-01  -1.4626819e-01   3.8660018e-01   3.0595671e-01   1.4429980e-01  -4.5002844e-01   2.5237991e-02   7.1683626e-02  -4.9742015e-01  -2.7236909e-01   8.0620259e-02   3.6494623e-01  -1.8025917e-01  -2.5527076e-01  -2.9784017e-01   2.3082739e-01  -2.1330676e-01   2.5345520e-01   3.2010395e-01  -5.8595331e-01   4.0979275e-01   3.2174428e-01  -2.0455058e-03  -1.7246346e-01  -4.4633004e-01   2.8708088e-02   6.4099576e-01  -4.4236688e-01   3.8880248e-01   9.7800419e-02   5.4696585e-01  -4.4631380e-01  -5.0543086e-01   3.5069348e-01   3.9114202e-01  -1.0557852e-01   1.9985872e-01   1.3935820e-01  -7.9682599e-02   2.9142937e-01  -7.2209124e-02   2.6479507e-01  -1.5018041e-02  -5.4470826e-01   1.1845436e-01   2.0416433e-01   5.0649971e-01  -4.3815608e-01  -3.5105699e-01   3.0686601e-01  -1.0632917e-01   8.2364553e-01  -7.2061333e-02  -2.3441295e-01   1.8902701e-01
  -3.0211902e-01   2.7058199e-01   1.0957285e-01  -3.0857281e-01   4.1967610e-02  -2.1241624e-01   0.0000000e+00  -6.8636780e-02   3.1258066e-01   6.2451963e-01  -5.0244223e-02   5.1856209e-01  -3.6873343e-02  -4.8728144e-01   8.4371821e-03   7.2696318e-02   7.5422761e-03  -1.8969248e-01  -1.1721009e-01   3.8793749e-01   1.9317214e-01  -2.5723770e-01   2.8941143e-01  -1.6168396e-01   8.0625112e-02  -5.4144533e-02   2.3273752e-01   5.6420798e-02   2.2315296e-01   1.7555255e-01  -1.3812197e-01  -1.8845766e-01   1.7193938e-02   8.0355786e-01   5.7188073e-02   3.0170368e-01   3.9806568e-01  -1.7690932e-02  -5.5800149e-02   4.1705625e-01  -1.1112382e-01   1.9601010e-02   7.0553714e-01  -4.0546502e-01   3.8404120e-01  -2.4179330e-01   1.4636699e-01   6.7225221e-01  -1.6747563e-01   1.6031703e-01   6.2956196e-02  -7.0224295e-02   3.7531555e-01   7.6093040e-02  -2.4118410e-01  -8.4747977e-02  -3.5051233e-01  -1.1571037e-01   9.5584188e-02  -8.0282427e-02  -2.3823540e-01  -6.8598439e-02   1.7640019e-01  -3.5729720e-01   7.2558318e-02   4.3687114e-01  -1.9039346e-01  -6.1506403e-02  -2.2007446e-01  -2.1058308e-01   3.5096058e-01  -1.8268589e-01   7.8356515e-02  -4.4629977e-01  -8.6479922e-02  -1.2053299e-01  -1.9349488e-01  -9.6816520e-02  -1.3930434e-02   9.7554935e-03   2.3675075e-01   2.2070308e-01   3.4643142e-02  -3.9395211e-02  -4.3259167e-01  -8.8081242e-02  -2.6272625e-01  -3.6264549e-01   1.8358251e-03  -4.0880536e-01   1.1303204e-02  -2.5306387e-01   4.6485988e-01   3.8863702e-01  -1.5078042e-01   1.6213764e-01   3.8462344e-02   3.1387961e-02   9.1136554e-02   6.5297664e-01  -1.4944485e-01  -1.4898896e-01  -1.7409604e-01  -5.1573361e-03  -1.1294787e-01  -4.2168152e-02   1.6015559e-01  -1.6567960e-01   2.2765766e-01  -2.8095072e-01   6.0560253e-01  -1.2023520e-01  -1.7666472e-01  -3.2016002e-01   5.9116028e-02   1.6163917e-01  -3.9358534e-01   1.2843194e-01  -4.6261081e-01  -2.4422976e-01  -3.3346964e-01   1.2766615e-02   1.6893214e-01   6.1610301e-02  -3.1265598e-01  -4.5884514e-01   3.6222626e-02  -8.5781595e-02  -2.1476133e-01   1.0923613e-01  -8.7355759e-03   6.6729698e-01  -4.7460620e-01  -1.6112195e-01  -1.8320903e-01  -1.7032560e-01   7.6865319e-02   3.3637788e-01  -2.4470509e-01  -8.4301448e-02  -2.7613059e-01  -8.9570747e-02  -2.7447918e-01  -2.2230991e-01   1.5278221e-01  -7.4431845e-03   6.6532006e-01  -4.9699191e-02  -1.4158312e-01   4.4592925e-01  -4.4831270e-01   7.6882341e-02  -4.1386780e-01   4.2790169e-02   2.6493927e-01   2.2730368e-02  -3.0538274e-01   5.0267989e-02  -3.1506309e-01   2.3854810e-01   1.2593149e-01  -2.5974689e-01   3.1671294e-01  -2.4406575e-01  -4.4772281e-02   6.6632484e-01   5.4036665e-01  -4.6792802e-01  -4.0777578e-01   8.4961455e-02   2.8042835e-01  -1.2676547e-01  -4.1297370e-02  -3.9321924e-01  -5.8219703e-02   3.8466031e-02  -2.1803159e-01
   7.4176531e-02  -3.4947604e-01  -2.2422085e-01   3.2251967e-01  -1.5727396e-01  -9.7768503e-03  -6.8636780e-02   0.0000000e+00   1.0474223e-01  -1.7069342e-01   1.2587986e-01  -1.7403180e-01   1.5386184e-01   8.5715323e-02   1.9268383e-01  -2.1855614e-01  -3.0178414e-01  -1.0892555e-01   2.8409548e-01  -1.7496727e-01   1.9457817e-01   1.6171244e-01   2.2087860e-01   1.9309518e-01  -1.2265560e-01   7.5758048e-01  -2.4176431e-01   1.6076765e-01  -9.9044491e-02  -8.8435859e-02  -8.4584248e-02   2.7956344e-01  -4.8687901e-02   7.9892259e-02   6.0194602e-02  -1.3641831e-01  -1.3790387e-01  -7.6733979e-02  -2.4049250e-01  -1.6958891e-01   8.1037587e-02  -6.0758780e-02   1.1848111e-01   2.6788983e-01  -1.5495630e-01  -8.7806954e-02  -1.5714481e-01  -2.4964643e-01   1.1066310e-01  -1.9318088e-01   5.7071415e-02   8.6424883e-01  -1.2003325e-01   1.3578155e-01   1.3067959e-01   2.3759426e-01   7.1256104e-03   3.1109737e-01   9.3943033e-02   4.0875928e-01  -1.9415432e-01  -7.3488680e-03  -1.2277721e-01   3.5019325e-02  -2.3132778e-01  -2.7451451e-02  -2.6207107e-02  -2.5750600e-01  -5.0153650e-02  -1.4491843e-01  -2.4948408e-01   1.0746688e-01  -2.3541766e-01  -1.2008697e-01   6.8412333e-02   5.3564973e-01  -1.9319885e-01   4.3775557e-01  -1.6704631e-01  -1.5813393e-01   1.8509406e-01  -2.0709127e-01   1.3459230e-02   6.0317166e-01  -1.0539257e-01   5.4116653e-01  -2.8298732e-01   1.1298568e-01  -1.3165419e-01  -2.3552919e-02  -1.1461355e-01  -1.0083605e-01   1.9879918e-01   2.5827740e-01  -2.0550928e-01  -6.7942061e-02  -2.4744543e-01   3.1595272e-01  -2.9049870e-01  -5.0603249e-03   4.9080866e-02   2.5417209e-01   4.6194233e-01   2.2434431e-01   1.4526068e-01   5.0009009e-01  -5.4913601e-02   5.4314712e-01   3.6489073e-03  -1.0266350e-01   4.1642273e-02  -7.2027451e-02   6.6109006e-02   9.7037297e-02   1.2090305e-01  -2.4608529e-01   3.9458092e-01  -1.3000397e-01   5.5891155e-02   6.9198581e-02  -1.3501345e-01  -1.6796209e-01  -1.2856214e-02  -2.0634869e-01  -1.3274452e-01   2.1378525e-01  -1.0377119e-01  -8.1648876e-02   3.9649170e-01  -4.1651011e-01  -1.3227326e-01  -4.1270050e-02  -5.2678916e-02   6.2106331e-02   2.9709284e-01   7.6767973e-01  -2.0101644e-01  -1.1115189e-01   7.5421861e-01   2.2111877e-01   1.2884807e-01  -3.5583079e-02   1.2147016e-01  -2.8674427e-02   1.3988890e-01   7.7157032e-02  -1.3144041e-01  -1.8720888e-01  -3.6753975e-02  -1.9980031e-01  -5.9367783e-02   5.4200013e-01  -6.2368481e-02  -2.0997545e-01  -3.0089206e-01   1.3490116e-01  -3.7798676e-02   1.0019243e-02  -1.4325865e-01   4.0721602e-01  -6.5574812e-02   1.8814279e-01   8.6890301e-03   3.5348488e-02   3.8372773e-01  -1.7383781e-01   2.7333674e-02   1.6094341e-01  -1.1465093e-01  -1.7931079e-01  -3.2298638e-01  -9.2902758e-02  -1.0613813e-03  -2.4500047e-01  -1.6853252e-03  -2.3953381e-02   2.7065969e-01
  -2.9656206e-01   5.1156088e-01  -9.1216300e-02  -8.8138270e-03   1.9059501e-01  -5.9250848e-01   3.1258066e-01   1.0474223e-01   0.0000000e+00   3.9083909e-01  -1.6819717e-01   5.4008599e-01   3.1224645e-01  -2.5822531e-01  -1.4894576e-01  -1.1561637e-01   3.0534122e-02  -2.2287090e-01  -8.4140301e-04   3.7116330e-01  -1.3202039e-01  -4.2857064e-01  -2.6560242e-01  -1.2505369e-01   8.9083164e-02   1.5004909e-01   1.6222014e-01  -1.3614407e-01   1.3792987e-01  -4.2234629e-02   1.1560710e-01  -8.5517955e-02   1.6239770e-01   1.4922168e-01   1.5353166e-01   2.8636561e-01   1.1286753e-01  -2.7915194e-01  -5.2607279e-02   3.5185134e-01   4.2188926e-01  -1.2514181e-01   5.3596408e-01  -3.2337308e-01   1.3146662e-01  -2.0027366e-01   2.7693209e-02   3.1452286e-01  -1.6112897e-01   2.2799894e-01  -3.1259529e-01   1.1447210e-01   3.0528837e-01  -1.2703301e-01  -1.1896636e-01  -3.1926837e-01  -5.5323329e-01   7.2119360e-02   1.4656717e-01   4.7670959e-02  -1.7110666e-01   2.9299798e-01   6.7347375e-01   9.0312238e-02   3.2040351e-01  -4.1704110e-02  -5.6005295e-01   9.6163959e-02  -1.5522658e-01  -4.0572300e-01   4.6495918e-01  -2.0039443e-01   3.7448793e-01  -3.5186422e-01  -3.9265301e-02   2.0915696e-01  -2.2126632e-01  -9.2480227e-02   1.8703581e-01   3.6357084e-01  -2.3266201e-01   9.1234136e-02  -1.0065521e-01  -1.2847068e-01  -4.1958319e-01   2.3062487e-01  -4.8520860e-01  -2.1599131e-01   3.0305403e-01  -2.6838619e-01   2.6872250e-01  -3.0267829e-01  -1.1073323e-01   7.3886885e-01  -2.3668724e-01   2.0620237e-01   2.5776219e-01   1.4857610e-01   3.2893632e-01  -2.2412920e-02  -7.9338243e-02  -1.7277064e-01  -3.2742110e-01   4.1965064e-01  -3.6962925e-01  -5.7351286e-02   2.8019560e-01   1.0527264e-01  -1.5389142e-01  -3.8860341e-01   3.2633345e-01  -5.2816642e-01   1.1334650e-01  -2.3553449e-01  -2.2341867e-02   4.8621176e-01  -1.5286995e-01   4.0821722e-01  -2.7416124e-01  -8.2764914e-02  -2.5737988e-01   2.6909191e-01   4.8526834e-01  -1.9711986e-02  -2.8492911e-01  -1.9842358e-01  -2.0443716e-01   2.6637783e-01   8.3721816e-02  -3.2781583e-02   3.0560217e-01   1.9680745e-01  -1.3139964e-01  -4.2058297e-01   2.8768347e-01   2.6932547e-01   1.2680318e-01   1.7062443e-02   2.1329157e-01  -6.6602253e-02  -9.9304516e-02   3.3767704e-01  -3.1571723e-01  -3.0137879e-01  -2.4268626e-02   6.4482941e-02   3.8461062e-01   1.9255664e-02  -4.3833453e-01   4.1408480e-01  -3.6032192e-01   3.2485769e-03  -3.7676922e-01   2.4827642e-01   3.1509955e-01  -1.5420392e-01  -2.6826915e-01   1.2078631e-01  -2.0297805e-01  -1.1605575e-01   9.2377740e-02  -2.8571764e-01   1.8789530e-01  -2.5653700e-01  -3.4105982e-02   4.5776343e-01   3.3820043e-02  -1.1827055e-01  -2.8090728e-01   2.7419135e-01   2.4295280e-01  -2.3465723e-01   5.8266369e-02  -6.4012156e-01   5.7933704e-02   2.5206615e-01  -1.3401465e-01
  -3.2327146e-01   5.5481788e-01   3.2348012e-01  -2.9907516e-01   2.8212112e-01  -4.3425837e-01   6.2451963e-01  -1.7069342e-01   3.9083909e-01   0.0000000e+00  -3.1252623e-01   7.0997694e-01   1.2451762e-01  -2.4821019e-01  -1.7884129e-01   1.0461649e-01   3.2365024e-01  -2.6641468e-01  -7.4179224e-02   5.9392399e-01  -3.1249521e-01  -3.7483203e-01  -2.7149715e-01  -2.3505374e-01   3.1080189e-01  -1.3414780e-01   2.9712440e-01  -1.6743642e-01   3.5262068e-01  -1.3303636e-01   1.9230747e-02  -2.3215589e-01   1.2530204e-01   4.5719200e-01  -1.6054679e-01   4.2136785e-01   1.3809420e-01  -2.6481056e-02   1.3201872e-01   6.1890051e-01   2.1251044e-01  -1.1497298e-01   6.1494340e-01  -4.2626029e-01   1.2642253e-01  -2.0502603e-01   1.3973136e-01   4.4926351e-01  -3.0281340e-01   5.1470445e-01  -2.7607622e-01  -2.1193605e-01   3.3248334e-01  -6.3684463e-02  -1.5776908e-01  -3.5280222e-01  -4.1788766e-01  -1.3700591e-01   1.4169123e-02  -3.2766347e-01  -1.6441034e-01   7.5123543e-02   4.8422429e-01  -2.0360654e-01   3.2125847e-02   8.4929700e-02  -3.5571329e-01   2.6271326e-01  -2.1293759e-01  -1.7726443e-01   5.3801458e-01  -4.2758829e-01   3.2200331e-01  -3.3968189e-01  -5.5999130e-02  -9.7240214e-02  -1.9135612e-01  -1.5294382e-01   3.6230644e-01   3.5801059e-01  -1.9740832e-01   2.2336503e-01  -6.7726176e-02  -2.9338142e-02  -3.5106275e-01   3.4274108e-02  -3.3508537e-01  -1.6021769e-01   3.9770063e-01  -2.8688553e-01   3.3907002e-01  -2.0533802e-01   1.6190653e-01   4.8079072e-01  -1.8366187e-01   4.7299602e-01   3.4617095e-01   2.2313082e-01   3.8594978e-01   2.7250209e-01  -2.3166183e-01  -3.1422849e-01  -5.2538975e-01  -1.0104584e-01  -3.9450658e-01  -1.7349754e-01   2.2360199e-01  -5.9643397e-02   7.7609457e-03  -4.1704033e-01   4.9543546e-01  -4.7060954e-01  -7.8735825e-02  -3.0051706e-01  -3.1667079e-02   3.9926111e-01  -3.5501099e-01   3.9978706e-01  -3.9664227e-01  -1.8068575e-01  -2.6577348e-01   4.0627027e-01   5.1489125e-01  -8.3210095e-02  -2.1375482e-01  -2.6601647e-01  -2.8443271e-01   1.7138568e-01  -1.5120447e-01   3.5645537e-01   1.5711659e-01   4.1257899e-01  -1.1992549e-01  -4.7732140e-01  -1.5403648e-01  -1.2525373e-01   3.5681715e-01  -6.8444853e-02  -1.7900270e-01  -1.6456647e-01  -2.4872948e-01   2.8068411e-01  -4.1501430e-01  -1.5984557e-01  -1.1557432e-01  -2.3198739e-01   7.0219253e-01  -9.1228117e-02  -4.5454644e-01   4.0578591e-01  -3.5671454e-01  -2.8705520e-01  -3.8387984e-01   2.5040777e-01   6.3621619e-01  -1.2389813e-01  -2.7649587e-01   9.3986551e-02  -1.5898465e-01  -2.6864352e-01   2.2229036e-01  -4.4566248e-01   3.4693133e-01  -4.7615790e-01   6.1547833e-02   7.5324810e-01   2.5711323e-01  -3.0288582e-01  -3.2955746e-01   3.1410064e-01   4.7070848e-01  -9.2918189e-02  -2.0497284e-01  -3.7290168e-01  -5.8024854e-02   6.8943144e-02  -2.6157604e-01
   1.8638274e-01  -3.8948209e-01  -4.1566620e-01   1.2898783e-01  -1.8821646e-01   8.4069129e-02  -5.0244223e-02   1.2587986e-01  -1.6819717e-01  -3.1252623e-01   0.0000000e+00  -3.1261683e-01   1.2045824e-01   8.2090106e-02   4.0901580e-01  -5.3266825e-02  -4.4859361e-01   6.8272749e-01  -1.9840359e-01  -2.0586612e-01   6.3224813e-01   2.7036996e-01   5.2791699e-01   1.8680709e-01  -4.2765449e-01  -5.6226744e-02  -1.9117684e-01   2.9036838e-01  -3.0680846e-01   4.6858829e-01   1.9063158e-01   1.5752225e-01  -2.0557702e-01   2.3063385e-01   2.9799157e-01  -1.3609197e-02   8.5793337e-02   2.4864768e-02   1.6404609e-01  -4.6551092e-01   1.3151517e-01   1.2060984e-01  -9.5118646e-02   5.0726285e-01   2.0503660e-01  -1.9554419e-01   2.4131482e-01  -9.0173014e-02   1.2697695e-02  -4.9349821e-01   7.4145844e-01   9.8516738e-03  -7.6533446e-02  -1.5569535e-01   1.0204255e-01   4.6047719e-01  -1.8689660e-01   2.8524109e-01   4.0185104e-01   5.5307371e-01  -1.8020929e-01   1.9316856e-01  -3.0652549e-01   4.7778231e-01  -4.3197122e-02   3.8060372e-01   2.8733826e-02   4.4204155e-02   2.7276716e-01  -1.3932122e-01  -5.2373188e-01   6.5626420e-01  -1.7959122e-02  -3.3647721e-02  -1.4068521e-01   2.0764189e-01  -1.8545916e-01   2.6384739e-01  -3.9456699e-01  -2.0274781e-01   3.1278012e-01   9.4735356e-02   2.3729942e-01  -1.1882837e-02  -6.0434039e-02   2.1183577e-02   1.5903181e-01  -1.2236537e-01  -3.2541633e-01   7.4932483e-02  -3.7894377e-01  -1.3406488e-01   4.1634628e-02  -1.0114346e-02  -5.0024334e-02  -3.0748772e-01  -2.8758924e-01  -3.7651155e-01  -2.1102327e-01   2.2621491e-01   1.7328849e-02   6.7370703e-01   4.4088105e-01   3.6633072e-01   5.9440024e-01   9.9551885e-02  -2.2211182e-01  -1.1064340e-01   3.0236604e-01   3.7147851e-01  -2.9485304e-02   4.3836086e-01   2.7351111e-01   6.0204022e-02   1.0233511e-01  -3.4270157e-01   1.7332833e-01  -1.8172717e-02   5.0617078e-02   1.4483032e-01  -1.0391623e-01  -3.8721566e-01  -3.9902136e-01   2.1101325e-01  -1.2618513e-01  -9.6833853e-02   4.5694556e-01  -2.5150481e-01   1.9199561e-01  -4.1647266e-01  -6.1454222e-02   2.0476443e-01  -1.5820578e-01   4.8481437e-01   2.8694821e-01   4.7880435e-02  -2.2789806e-01   2.9380848e-01  -1.0554464e-02   1.1814046e-01   1.1670154e-01  -2.8308879e-01   5.8058631e-01  -5.0657977e-02   5.4670420e-01   5.2608832e-01  -4.5629314e-01   1.9442530e-01   5.2866464e-01  -2.5085314e-01   4.1317220e-02   4.0477785e-01   3.1626583e-03   1.0891781e-01  -4.8806624e-01   1.3590632e-01  -2.6891263e-02   2.0877585e-01  -2.3287384e-01   4.9553576e-01   8.0620101e-02   7.0758193e-01   4.8569713e-02   6.3059712e-01  -1.0071911e-01  -2.2494933e-01   2.6945374e-01   1.7971212e-01   1.9252377e-03  -3.8881075e-01  -2.7274369e-01  -1.3609573e-01   6.7898509e-01  -1.4043342e-02  -1.6384693e-02  -2.2496589e-01   2.2554157e-01
  -4.8906126e-01   7.7774055e-01   3.6303787e-01  -2.4941688e-01   4.3033889e-01  -5.6607972e-01   5.1856209e-01  -1.7403180e-01   5.4008599e-01   7.0997694e-01  -3.1261683e-01   0.0000000e+00   1.6651597e-01  -3.0597927e-01  -1.8485656e-01   1.1429234e-01   5.2120027e-01  -2.9463444e-01  -6.1237924e-02   7.3618046e-01  -3.9116661e-01  -4.6195830e-01  -5.0847738e-01  -3.9621404e-01   1.4066132e-01  -6.7173723e-02   4.2476778e-01  -2.8677022e-01   4.2232583e-01  -1.3581577e-01   2.1330491e-01  -2.1869250e-01   1.8972121e-01   2.8414468e-01  -7.9060807e-02   5.4770709e-01   1.6151237e-01  -2.5007624e-01   2.7128484e-01   7.5179735e-01   4.0263487e-01  -7.7576867e-02   6.1012033e-01  -4.1641241e-01   8.9380244e-02  -2.7684895e-01   2.1631451e-01   4.7126015e-01  -2.9845492e-01   7.2565172e-01  -4.3461050e-01  -1.6122321e-01   4.0494512e-01  -5.8625615e-02  -3.3999676e-01  -4.7044436e-01  -4.7222831e-01  -1.4088859e-01   9.8891455e-02  -2.7001449e-01  -1.4733493e-01   1.8652469e-01   6.5082628e-01  -6.7999195e-02   1.6871908e-01  -6.0577962e-02  -4.1266945e-01   2.9609970e-01  -1.1422582e-01  -3.4775542e-01   7.4113947e-01  -5.2406757e-01   4.5878713e-01  -3.7561843e-01  -1.0315086e-02   4.6418434e-02  -2.6530304e-01  -1.5537346e-01   5.7620270e-01   5.0248724e-01  -4.0253219e-01   1.6509765e-01  -5.4915870e-02  -3.9952698e-02  -3.5987395e-01   6.6154562e-02  -4.0869237e-01  -2.6835846e-01   5.5094878e-01  -3.8895255e-01   5.3786599e-01  -2.4350817e-01   1.1675654e-01   5.7367679e-01  -3.3423341e-01   5.8648107e-01   4.8259492e-01   1.3062255e-01   4.7605451e-01  -5.0525603e-02  -8.5300003e-02  -2.3511148e-01  -4.9284666e-01   3.5504072e-02  -4.6835640e-01  -1.1582555e-01   3.5192364e-01  -2.3761550e-02  -1.8778231e-01  -4.2936104e-01   5.0142125e-01  -5.9516988e-01  -1.3157269e-01  -4.8521224e-01  -1.2117247e-01   5.4354631e-01  -3.9031423e-01   4.9228534e-01  -3.6012159e-01  -2.0356685e-01  -3.7727097e-01   5.6765823e-01   6.7072552e-01   5.0181743e-02  -3.1387248e-01  -2.8525871e-01  -2.4578270e-01   2.3906492e-01  -1.9919172e-01   3.6809062e-01   3.1676283e-01   2.8478802e-01   3.7478070e-03  -4.9822969e-01  -9.8235976e-02  -1.5830750e-02   3.8356444e-01  -2.1046395e-01  -1.2066192e-01  -3.6839837e-01  -3.5405880e-01   3.7708513e-01  -4.0905711e-01  -1.3014126e-01  -8.2645404e-02  -1.4708923e-01   7.8299889e-01  -8.0511193e-03  -5.5972912e-01   4.0172870e-01  -4.2242833e-01  -2.5680555e-01  -4.9383593e-01   3.7453171e-01   8.2925655e-01  -3.4824772e-01  -4.6583126e-01   1.9963807e-01  -8.2664151e-02  -3.9517653e-01   2.0054762e-01  -4.9758066e-01   3.1617931e-01  -4.7672236e-01   4.0587950e-02   7.7140045e-01   1.5666180e-01  -3.0986380e-01  -3.9370024e-01   5.2038332e-01   6.4117047e-01  -3.8291401e-01  -2.0025226e-01  -4.4530257e-01   1.0991386e-02   2.8720394e-01  -3.1590959e-01
  -2.7875053e-01   6.7000603e-02   1.1783879e-01   4.6416710e-02   5.4701853e-02  -4.0761182e-01  -3.6873343e-02   1.5386184e-01   3.1224645e-01   1.2451762e-01   1.2045824e-01   1.6651597e-01   0.0000000e+00   2.2519636e-03  -4.0009241e-02  -9.9618752e-02   9.3668952e-02   1.3874730e-01  -3.2706038e-02   2.8791824e-01   4.9336216e-03  -1.1207903e-01  -1.3950611e-01  -1.8767252e-01  -1.9973388e-01   9.2177131e-02   1.9676284e-01  -1.6621395e-01   7.3434352e-02  -5.7924913e-02   1.7970790e-01  -7.2672906e-02  -2.9505687e-02   6.2219912e-02   1.1193084e-01   3.1351290e-01  -2.8797866e-02  -1.4334000e-01   1.0826320e-01   1.0227804e-01   6.1503097e-01  -1.0729994e-01   2.8444780e-01  -1.8551484e-01  -1.0439562e-01  -1.0377492e-01   3.4507035e-01  -1.3634473e-01   8.9395377e-02   1.5015083e-01  -9.5882355e-02   1.8621315e-01  -7.3112818e-02  -1.0986900e-02  -1.3970302e-01  -3.5836294e-01  -5.5974619e-01   2.2038796e-01   4.0599532e-04   2.8540508e-01  -6.3255724e-02   1.5609315e-01   2.6349334e-01   1.0932152e-02  -6.4414718e-02   3.2273827e-02  -3.6319210e-01   2.9566363e-01   1.7767564e-01  -2.3859389e-01  -1.7277476e-02   1.8439607e-01   2.1093669e-01  -2.4269247e-01   1.0057920e-01   3.4693566e-01  -1.5969010e-01  -2.1934974e-01  -8.6462491e-02   2.0506870e-01  -2.7252729e-01   2.3473750e-01  -2.3996145e-01  -3.6263042e-02  -4.0966681e-01   2.1071663e-01  -2.4892300e-01  -6.4470329e-02   1.7562809e-01  -2.6421887e-01  -1.4140985e-02  -1.2350608e-01  -1.2174785e-01   4.2677026e-01  -1.6570420e-01   2.2313319e-01   1.3822370e-01  -1.0683206e-01   2.4223840e-01  -1.2556055e-01  -2.0826486e-01  -4.3249893e-02  -1.2550598e-01   4.0955022e-01  -8.3271112e-02  -7.1370962e-03   2.0829198e-01   1.6123007e-01  -1.6158757e-01  -8.3106604e-02   8.7290459e-03  -3.1234065e-01   3.2816403e-01  -2.1234873e-01  -7.5356903e-02  -7.7470281e-03  -2.6026149e-01   4.0764730e-01  -3.3260076e-01   1.6844201e-01  -3.0386987e-01   4.4167312e-02   2.2579009e-01  -1.6414009e-01  -1.5825447e-01   1.0137108e-01  -2.6502008e-01   2.3237428e-01   2.7302154e-01  -1.6610761e-03   2.9206811e-01  -6.2372953e-02  -1.0143718e-01  -1.4517288e-01   5.1786493e-01   2.3677750e-01   1.5031611e-01  -2.7037875e-01   7.3279576e-02  -2.2862900e-01  -2.4485438e-01   5.6186325e-01  -7.6400740e-02  -2.2399247e-01   6.5390585e-02   4.6584658e-02   7.0047537e-02   3.9500331e-02  -1.3145144e-01  -1.4983604e-01  -3.4647690e-01   1.6779525e-02  -3.1442163e-01  -1.4881297e-03   1.7718402e-01  -2.5952644e-01  -2.1087212e-01   1.1650509e-01  -1.0057522e-01  -7.4194520e-02   3.0414165e-01  -1.8606764e-02   1.5791830e-01  -1.6487926e-02   8.6603124e-02   5.4055734e-02  -1.1369032e-01  -2.7079722e-01  -2.7048386e-01  -1.8402162e-02  -5.9299006e-02  -2.5425280e-01   3.4513610e-01  -3.8312554e-01  -1.4042822e-01   1.1108908e-01   1.7439158e-02
   3.9035683e-01  -3.3875942e-01  -1.4136078e-01   1.4949489e-01  -2.0527654e-01   2.3427803e-01  -4.8728144e-01   8.5715323e-02  -2.5822531e-01  -2.4821019e-01   8.2090106e-02  -3.0597927e-01   2.2519636e-03   0.0000000e+00   1.5417315e-01  -2.0659410e-02  -2.1694768e-01   9.2950926e-02   1.3913632e-01  -3.8310481e-01  -5.0139215e-02   3.2279860e-01  -5.9786383e-02   3.9864129e-01   7.4455989e-02  -1.2484463e-01  -3.4682200e-01   2.2440461e-01  -3.6285891e-01  -1.3888992e-01   6.7641509e-02   6.3942599e-02  -1.0739528e-01  -3.0234706e-01   1.9439788e-01  -3.5683604e-01  -3.9348647e-01   4.2683030e-02  -4.8973453e-02  -3.2035237e-01   4.8836816e-02  -1.0176830e-03  -2.6544484e-01   2.6312773e-01  -2.6051153e-01  -1.7856978e-02  -2.6142213e-01  -5.4558873e-01   5.3789076e-03  -2.2343554e-01   2.9254642e-02  -2.2383615e-02  -3.7621903e-01   7.4515189e-02   4.3567570e-01   1.7734218e-01   2.6160449e-01   1.6619737e-01  -6.8494541e-02   2.4764483e-01  -1.0125105e-01  -3.7393883e-02  -1.8652700e-01   2.3645823e-01  -2.9947960e-01  -2.9491194e-01   1.6907618e-01   5.5169356e-02  -3.8579603e-02   1.0345921e-01  -4.0726073e-01   1.2215062e-01  -2.7863120e-01   3.8473871e-01   1.1161549e-02   1.2432483e-01  -4.6846029e-02   9.4610169e-02  -1.7024198e-01   3.1575779e-02   1.2625527e-01  -2.4139989e-01   6.8255765e-02  -3.7638456e-03   3.8183938e-01   1.2946527e-01   3.0886144e-01   5.9450289e-01  -1.8410547e-01   3.8478325e-01  -2.3850284e-01   2.6791769e-02  -1.7496019e-01  -1.4456624e-01  -1.2713796e-01  -2.7288314e-01  -3.2951167e-02  -1.9247660e-01  -1.3612476e-01  -3.2329908e-01   2.0819075e-01   1.5645878e-01   3.6113120e-01   1.0610223e-01   2.0930614e-01   4.5262452e-02  -6.8748231e-02  -1.3216084e-01  -9.7312080e-02   9.5284191e-02  -1.9717995e-01   1.8242016e-01   6.8901174e-02   3.0058939e-01   1.8172150e-01  -3.4590863e-01   9.6068148e-02  -2.6115175e-01   4.1405182e-01   2.0508074e-01   1.0893786e-01  -2.0244918e-01  -1.0559121e-01  -2.0204030e-01   1.1614257e-01   6.1962589e-01  -5.4870520e-02  -5.8441557e-02   1.7163552e-01  -2.0949470e-01  -2.5389916e-01  -4.1010700e-01   4.7348925e-01   1.5480921e-01   9.6704828e-02   1.5598602e-01  -2.6616261e-02  -7.1613315e-02   1.8756761e-01   1.8208295e-01   4.8258559e-01  -9.7386550e-02   1.2389616e-01   3.7477281e-01  -1.4533520e-02   3.2854773e-02  -3.6488802e-01  -1.5274103e-01   8.7933805e-02  -4.0633671e-01   4.1930096e-01   1.7581275e-01   3.5529591e-01  -2.0871325e-01  -2.3784657e-01   2.2058806e-01   1.4038918e-01  -4.1770159e-02  -7.8658797e-02   4.0527328e-02  -4.9877536e-02   2.0143042e-01  -3.1972155e-01   1.1782124e-01   5.9168389e-02  -3.9793896e-01  -2.3816193e-01   3.2553698e-01   1.0718737e-01  -3.0015640e-01  -3.5832529e-01   5.0814754e-02  -7.1339801e-02   3.6379489e-01  -4.1111747e-02  -1.6889895e-01   1.3203653e-01
