   0.0000000e+00  -4.4648758e-01  -3.7552144e-01   8.4755220e-02  -3.5804933e-01   1.6861628e-02   1.4237804e-01   2.4238511e-01  -8.9166463e-02  -1.8385439e-01   2.2960860e-01  -2.9475040e-01  -9.7853396e-02   1.4636883e-01   1.9284844e-01   1.2586315e-02  -4.4824444e-01   1.8253903e-03   9.8676971e-02  -2.0239783e-01   1.2734781e-01   1.5290083e-01   1.6639478e-01   6.3935972e-01   7.1502370e-02  -1.0396827e-02  -2.4613723e-01   5.8161384e-01   1.8399209e-02   8.0081811e-02  -2.2793981e-01   4.6987582e-02   2.2624608e-01  -2.4112784e-01   6.3747425e-02  -1.4590327e-01  -1.4352773e-01   8.5219342e-02   5.4621144e-02  -3.6682727e-01   9.0274359e-02   1.8043389e-01  -5.1279684e-02   1.2655657e-01  -4.2716841e-02   9.1710937e-02   1.2585252e-01  -2.5085162e-01   1.3662937e-01  -3.4827077e-01   1.1565427e-01   2.3587231e-01  -4.1040783e-01   2.9015265e-01   1.7694858e-01   4.0092750e-01   7.8331311e-02  -4.2411512e-02   8.7340263e-02  -2.0557670e-01  -3.6435121e-02   1.3899963e-01  -8.7839107e-02   1.5590261e-02  -2.9536316e-01  -2.5188434e-01  -1.6700757e-01   1.5261837e-01   5.2613159e-02  -4.3549133e-02  -3.3734502e-01   1.8222639e-01   1.8732464e-01   4.9805209e-01   1.6598371e-01   1.0849370e-01   2.5972255e-01   7.0041572e-02  -2.6646610e-01   2.0012619e-01   3.1739757e-01   2.5419947e-01   1.4918027e-02   2.5436394e-02   5.1870614e-01   2.4514102e-02  -4.4567740e-01   5.6145934e-01  -1.6170905e-01   8.3847503e-01  -3.1402271e-01   1.7409793e-01  -1.5877505e-01  -1.7798773e-02   2.3013969e-01  -3.5875675e-01  -1.1460068e-01  -4.1268045e-02  -8.0027328e-02   9.1750547e-02   4.0761758e-01   2.3250427e-01   1.8214378e-01  -4.2216731e-02   6.6913774e-02  -5.2210780e-02   4.8264038e-02  -3.1977839e-02   1.7165772e-01  -2.7235062e-01   7.6284623e-02   2.3571182e-01   3.0493056e-01   8.5312424e-01   5.8006920e-01  -1.9771789e-01   5.6643369e-02   1.1592191e-01   2.3695357e-01   1.1895631e-01   3.6623284e-01  -2.4846957e-01  -2.2691193e-01  -1.3350380e-01   4.1847222e-01   2.1187972e-01  -2.1409318e-01   1.8756338e-01   9.4912586e-02  -3.4508113e-01  -1.6963347e-01  -8.1908781e-02  -2.0868603e-01  -1.9447098e-01   3.5089398e-01  -4.2082534e-02  -2.4058399e-01   3.4020420e-01  -1.2136831e-02   4.7534016e-01   7.4350410e-01  -1.8091189e-01   1.8972227e-01  -3.0138304e-01   9.2526445e-02   1.9698160e-02  -2.5459825e-01  -2.0151690e-01  -2.5590568e-01  -3.1728004e-01   4.8836001e-01   2.8777925e-02   6.2826672e-01  -1.4149883e-02  -4.6413794e-01   6.6205103e-01   2.1437684e-01   9.3360563e-02   7.0058883e-02   2.5809067e-01   2.3713526e-01   2.7915985e-01  -3.0174109e-01   1.1873645e-01   3.5323372e-02   8.9613844e-03  -4.1047534e-02  -1.0596831e-01   7.5491987e-01  -4.4158332e-01  -7.2721266e-02   4.1579240e-01  -5.5129735e-02  -1.9540929e-01   2.1795849e-02   1.0131381e-01  -3.2895325e-02
  -4.4648758e-01   0.0000000e+00   1.4954826e-01  -3.0840682e-01   4.8457342e-01  -2.7762134e-01  -4.1439028e-01  -2.3144426e-01   2.9929372e-01   1.9110277e-01  -4.5457165e-01   6.1928546e-01   6.9621167e-02  -3.1568393e-01  -1.8144349e-01  -2.8229520e-01   2.5570486e-01  -1.9583669e-01   1.1235691e-01   2.3641001e-01  -6.0299092e-01  -5.2460212e-01  -6.1140572e-01  -3.0541286e-01   6.6003210e-02  -1.5677657e-01   2.3817562e-01  -3.5893987e-01  -1.2873995e-01  -4.2945543e-01   5.1977848e-01  -3.8251277e-01  -2.4259514e-01   3.3518592e-01   3.6532059e-01   3.1326660e-02   2.9929991e-01  -3.0612099e-01  -1.9823957e-01   4.2112685e-01  -6.9926209e-02  -2.3403157e-01   1.6027953e-01  -9.5334614e-02   5.1882454e-01  -2.7648139e-03  -4.0815510e-01   3.1487291e-01  -1.2185766e-01   1.8706470e-01  -2.5452519e-01  -2.5681380e-01   7.0058567e-01  -1.7760061e-01  -2.4307637e-01  -2.2249409e-01   9.1252674e-02  -3.3606303e-01  -3.0230646e-01   3.2761289e-01  -1.9688878e-01   4.2923358e-02   1.1768750e-01   4.1011098e-01   5.7217274e-01   2.7092647e-01   1.0044972e-02   2.2693908e-01  -1.4283893e-01  -2.2174664e-01   5.8339342e-01  -3.3158807e-01   4.4125701e-02  -4.3434854e-01   1.4236051e-02  -4.1611255e-02  -1.0767697e-01  -5.7715752e-02   4.9917594e-01  -4.0260503e-02  -5.1824674e-01  -2.3640237e-03  -2.2852448e-01   7.8907303e-02  -6.3580637e-02  -1.2144076e-01   6.5199404e-01  -3.2054323e-01   1.0907092e-01  -3.8818388e-01   5.0785021e-01  -2.7302408e-01   3.0457770e-01   1.2501604e-01  -2.3077162e-01   4.5511386e-01   8.6310640e-02   9.1376327e-02   2.9291756e-01  -7.4746390e-02  -3.9226505e-02  -1.7742848e-01  -5.0215148e-01   1.0118754e-01  -3.5679967e-01  -9.4417101e-02  -2.2270994e-01  -1.7929970e-01   8.4989106e-02   2.3073608e-01  -2.8898963e-01  -6.4748121e-01  -4.5620891e-01  -3.7658914e-01  -3.0326966e-01   5.9788994e-01  -3.5405238e-01  -5.6840337e-03  -1.2922331e-01  -4.3828793e-01  -2.6755502e-01   3.6423461e-01   2.4916621e-01   2.6528770e-01  -1.3140039e-01  -2.9956291e-01   5.1726376e-01  -1.1190499e-01  -1.3157012e-01   1.5133072e-01   1.0408302e-01   3.7045241e-02   5.3567014e-01   3.3554582e-02  -4.0644937e-01   1.2059632e-01   2.3047358e-01  -5.5766361e-01  -1.7835255e-01  -4.0609800e-01  -3.3948219e-01   1.4054969e-01  -4.3978053e-01   2.1835445e-02  -6.0942606e-02  -1.4908672e-01   2.9754766e-01   5.2378066e-01  -6.6801130e-03   1.6287247e-01  -2.0446503e-01  -3.9772461e-01  -4.0698668e-01   2.7127455e-01   6.6750443e-01  -4.7311650e-01  -2.3045957e-01  -2.1646466e-01  -1.8715319e-01  -5.9729800e-01   7.6858267e-02  -3.5185940e-01   4.0818457e-01  -2.4783950e-01  -1.9119165e-01   2.3927670e-01  -2.0856998e-01  -2.6160547e-01  -4.0376523e-01   5.7706173e-01   3.3610708e-01  -3.1962270e-01   2.5223426e-01   1.4748366e-01   8.1069414e-02  -1.3156423e-02  -6.6222333e-02
  -3.7552144e-01   1.4954826e-01   0.0000000e+00  -6.1070805e-02   3.5346512e-01   4.5190095e-02  -2.2296670e-01  -7.6306487e-02   7.8192771e-02   3.7437436e-01  -3.9152888e-01   3.1228803e-01  -7.2684033e-02  -2.2151665e-01  -5.5426937e-02   1.0342167e-01   8.0889660e-01  -3.5633673e-01  -5.5536347e-02   4.4590129e-01  -3.0337634e-01  -1.1709575e-01  -2.9706038e-01  -1.8223941e-01  -1.7843558e-01  -7.0909219e-02   3.8877604e-01  -2.3486714e-01   1.3962716e-01  -2.7785431e-01  -8.4847645e-03  -1.7320529e-01   9.4486385e-02   1.8967654e-01  -9.9622454e-02   7.0824237e-02   7.1872367e-02  -1.6641987e-01  -3.4344287e-02   6.1356977e-01  -4.5960387e-02   1.6183183e-01   1.6206206e-01   9.1054440e-02  -2.0634202e-01   1.4554231e-01  -3.7679459e-02  -1.3514651e-01  -3.6917068e-01   7.1218677e-01  -1.4542435e-01   2.3460190e-03   1.6333066e-01   1.5854360e-01   2.0939270e-02  -1.2603445e-01   3.7191664e-02  -4.7568286e-02  -2.0113840e-01   6.0586217e-02  -5.1209908e-02  -2.7058005e-01   1.0586091e-01   2.7787508e-02  -5.1854134e-03  -4.3396379e-02   2.5480603e-01  -7.9430136e-02   2.3626597e-01   5.8519789e-01   3.9347095e-01  -3.5533209e-01  -2.4746006e-01  -3.9737433e-02   5.7609741e-02  -7.1006229e-02  -1.8085927e-01   4.5930230e-02   4.2262166e-03  -9.2688069e-02  -2.1130234e-01  -2.6868077e-01   6.6906035e-02   1.5344603e-01  -2.8692027e-04   3.9220161e-02   1.0040726e-01  -2.0874865e-01   1.7886557e-01  -3.9315644e-01   1.8881289e-01   5.1206511e-02   3.3117121e-01  -3.6305163e-03  -2.0455994e-01   3.5625662e-01  -9.4206603e-02   9.7923842e-02  -1.5806393e-01  -1.8365730e-01   4.8424595e-02  -1.5028050e-01  -2.4960828e-01  -5.0798940e-03  -3.2305296e-01   9.4062501e-02   2.0182258e-01   2.7486686e-01  -1.4031649e-01   3.5358299e-01   1.6621720e-01  -3.0033449e-01  -2.9589138e-01  -3.4418907e-01   1.1275769e-03  -7.6515537e-03  -8.9635412e-02  -2.5540106e-02   1.5395991e-01   7.0607695e-02  -3.1890976e-01   1.1867290e-01   4.6040087e-01  -3.5680042e-01  -1.8960244e-01  -1.5189934e-01   3.9221658e-02  -9.0586896e-02  -2.1070969e-01   8.3156334e-01  -1.9326236e-01  -1.2168223e-01   1.1591593e-01   2.2251721e-02  -2.6005632e-01  -8.2296773e-03  -1.4333753e-01  -2.0461741e-01   1.5367099e-02  -2.0359459e-01  -2.7816711e-01  -2.8551822e-02  -9.8113388e-02   5.5520819e-01  -4.4531242e-02  -3.1417021e-01   3.0801047e-01  -1.8079479e-01   2.3866561e-01   8.3674337e-02   5.7202370e-02  -1.5968284e-01  -9.6642442e-02  -1.3389374e-01   6.3046309e-01  -1.5436042e-01  -1.8804193e-01   5.3686318e-03  -9.9520783e-02  -2.6121871e-01  -1.3270237e-01  -1.3976615e-01   2.0355100e-01  -3.5091349e-01   1.1840932e-01  -9.0969343e-02  -8.0977783e-04   1.0095318e-01  -2.6847107e-01   2.3485631e-01  -1.4337350e-02  -5.1816988e-02  -1.0675134e-01   4.8270818e-01  -2.0132796e-03   6.9740502e-02   1.3629195e-01
   8.4755220e-02  -3.0840682e-01  -6.1070805e-02   0.0000000e+00  -3.2909757e-01   3.3430072e-01   2.2313067e-01   3.7185997e-01   1.6426895e-01  -1.1093257e-01   2.9939686e-01  -9.5855700e-02   7.1732520e-02   2.5161168e-01  -1.9529146e-01   3.6113255e-01  -7.0082273e-02   3.2272234e-01  -2.2335219e-01  -3.2399894e-01   3.2508690e-01   5.0445743e-01   1.9176922e-01   2.0061799e-01  -5.7957616e-02   1.1909034e-01   1.5827239e-01   2.6178722e-01  -2.2190334e-01   2.6220069e-01  -3.7367439e-01   5.9193091e-01   1.6125869e-01  -1.4373392e-01   1.8170093e-02  -1.7107134e-02  -4.5138126e-02   3.8542872e-01   1.6047426e-01  -1.0879444e-01   2.5097312e-02   2.8828301e-01  -7.5739938e-03   1.8087024e-01  -2.4168925e-01   1.9942601e-02   4.7593591e-01  -2.7817967e-01   4.0572343e-02  -8.9092672e-02   2.0416704e-01   2.5362146e-01  -3.1186711e-01   1.4534220e-01  -8.4794494e-02   1.9364465e-02   2.6269651e-01   5.7275893e-01   4.3541204e-01   3.6871059e-01   9.0812161e-02  -5.2132160e-02   2.7002319e-01  -1.8025640e-01  -2.4954101e-01  -2.3150712e-01   3.2403970e-01  -1.7460667e-01   5.4732051e-01   1.4147112e-01  -2.7640491e-01   4.8055796e-01  -2.4111994e-01   2.2231031e-01   1.6194359e-02   7.8307784e-03   1.2043868e-01   1.1513828e-01  -3.3140907e-01   3.7399011e-01   2.4048878e-02  -3.6752478e-02   1.4784665e-01   2.5403579e-01  -3.1453188e-02   1.3696502e-01  -2.0511158e-01  -9.4003052e-04  -1.4438135e-01   9.5167228e-02  -3.1155368e-01   1.3145794e-01  -1.5498514e-01   2.7699137e-01   3.4296671e-01  -2.2509622e-01  -1.5691303e-01  -1.8071610e-01  -1.7683070e-01  -1.4293726e-01  -8.9418673e-02  -1.2567944e-01   1.0645382e-01   3.7465291e-01   4.4163818e-01   5.9186716e-01   7.4192491e-02   3.6595234e-01  -2.0888406e-01  -1.5601864e-01   1.2764553e-01   5.1003113e-01   4.7058388e-01  -1.0947244e-02  -5.7002975e-02  -4.5038366e-01   1.9559383e-01   7.2668509e-02   8.8251915e-02   6.4997545e-01   2.1138793e-02  -2.5994255e-01   1.5035012e-03  -1.8705613e-01   1.6669298e-01   4.2630322e-01  -2.1720655e-01   2.5817222e-01   6.1571402e-01  -4.2019727e-02   5.0020964e-02  -2.5671738e-01  -1.2903171e-01  -1.4793262e-01   2.8056218e-01   2.3359471e-01   1.1188888e-03   5.4030818e-02   3.9806040e-01   3.6107403e-01   1.4104312e-01   2.6307692e-02   4.4720651e-01   7.6593264e-02  -8.2971676e-02  -4.3701156e-02  -2.3882124e-01  -3.5264897e-01   4.3329607e-02  -1.6299882e-01  -1.0057066e-01  -3.4348653e-02   1.6563297e-01  -3.6888032e-01  -2.1436484e-01   2.2409610e-01   1.5767014e-01   4.7210653e-01   1.2659170e-01   2.5739704e-01   6.4699468e-02   3.9682869e-01  -2.3456253e-01   4.8352390e-01   5.5082433e-01  -3.9775249e-01   1.2054425e-01   4.8675460e-01   4.0937994e-02  -3.5924492e-01  -2.5915279e-01   1.2888356e-01  -1.4450182e-01   5.9634921e-02   2.9505544e-02   2.1149129e-01   6.2404737e-01
  -3.5804933e-01   4.8457342e-01   3.5346512e-01  -3.2909757e-01   0.0000000e+00  -2.6431856e-01  -5.6664167e-01   5.1424740e-03   2.7715013e-01   5.0221891e-02  -4.2707467e-01   3.6929862e-01   1.6718325e-01  -2.6287164e-01  -6.3618548e-02  -1.1927747e-01   5.1107081e-01  -1.7061387e-01   2.4711661e-01   7.5055953e-01  -5.0582830e-01  -4.4370053e-01  -5.2827760e-01  -1.4647503e-01   9.7221635e-02  -2.1384128e-02   4.2981601e-01  -2.2274045e-01   7.8471861e-02  -4.9029879e-01   2.3675478e-01  -3.5833877e-01  -1.3226431e-01   7.1698013e-02   4.3615386e-01   3.8055525e-01  -4.5613791e-02  -3.5966460e-01  -1.2383930e-01   6.3937932e-01   1.5392530e-01  -1.4259081e-01   1.6897378e-01  -1.2253092e-01   4.5934866e-01  -1.0788495e-01  -1.0770446e-01  -1.6304122e-01   8.6968618e-02   5.8252899e-01  -3.2585001e-01  -1.2083740e-01   2.7229543e-01   3.8239686e-03  -2.0166038e-01  -2.1190374e-01   1.3323056e-01  -3.7847447e-01  -4.2883093e-01   2.1916706e-01  -3.7457941e-01   3.2388391e-01   2.7395008e-01   3.7617417e-02   5.8820301e-01   2.3571079e-01   1.4508546e-01   3.5622344e-01   1.6880369e-01  -1.5180937e-01   1.8299404e-01  -3.3409078e-01   1.2325513e-01  -2.8357603e-01   1.5893973e-01  -8.7370366e-02  -3.6361831e-01  -5.5498719e-02   6.9659209e-01   6.6634731e-02  -3.5803473e-01   1.4967385e-01  -4.1999515e-01  -9.8582098e-02  -3.2591118e-01  -3.0947079e-02   4.2117641e-01  -1.9916654e-01   3.8583344e-01  -2.9637485e-01   8.5509045e-01  -3.8248503e-01   2.8165064e-01   2.2814315e-01  -1.7867696e-01   8.6842399e-01   2.1538350e-01   3.8089068e-01   5.0507358e-01  -3.3086470e-01  -2.9711737e-01  -4.2929303e-01  -3.8385711e-01  -1.0168137e-01  -4.7388019e-01  -7.5680372e-02  -1.2402800e-01   1.5660322e-01  -7.8897143e-02   1.9897803e-01  -3.1535352e-01  -5.1895680e-01  -3.2135257e-01  -3.1142006e-01  -4.4878122e-01   6.4709423e-01  -1.2075854e-02   3.2070445e-02  -4.1684703e-01  -2.7906012e-01  -5.1100430e-01   7.1470850e-01   3.5152764e-01   1.5877894e-01  -2.2309913e-01  -2.3515366e-01   5.1239403e-01   1.6784239e-01  -2.7402144e-01   3.0278303e-01   4.1903814e-02  -3.5886426e-02   3.7758822e-01  -2.4530508e-01  -2.2027521e-01   8.8563667e-02   2.0753406e-01  -5.0506954e-01  -5.1103066e-02  -1.8119988e-01  -3.1782982e-01   8.4425035e-02  -3.6423871e-01  -9.6352350e-02  -1.1110961e-01  -3.8863777e-01  -5.4069341e-03   4.5628307e-01   5.3143281e-02  -8.9692197e-02  -3.5771110e-01  -3.6604756e-01  -3.8495468e-01   1.8596431e-02   6.7479942e-01  -2.2921072e-01  -4.6445338e-01  -2.6902471e-01  -2.9848717e-01  -4.8176291e-01   9.8666691e-02  -2.9386428e-01   2.8945794e-01  -3.9484238e-01  -2.0251633e-01   2.0461992e-01  -1.3552562e-01  -1.5080851e-01  -5.1765096e-01   3.8704731e-01   4.7639058e-01  -2.4777033e-01   4.3193361e-01   1.5450039e-01   2.3566304e-01  -1.2907785e-02  -6.5085720e-02
   1.6861628e-02  -2.7762134e-01   4.5190095e-02   3.3430072e-01  -2.6431856e-01   0.0000000e+00   5.6730571e-01   3.5630232e-01  -5.6046723e-02   9.1564612e-02   3.5360268e-01   2.2580174e-01  -1.3430081e-01   4.2155609e-01   1.0763591e-01   5.2473383e-01  -2.3231868e-01   3.1429374e-01  -4.3767546e-02  -8.0543575e-02   5.2197628e-01   5.5102313e-01   4.6283689e-01  -2.5105500e-01   1.0167323e-02   1.2818569e-01   3.4223650e-01   2.0301669e-01   1.1703654e-01   6.8305418e-01  -2.6047364e-01   2.6413647e-01   7.4226993e-02   5.7752668e-02   9.3870373e-02   9.5086997e-02   1.7244983e-01  -3.0118663e-02   1.8829744e-01  -6.4264607e-02  -9.7917630e-03   3.5073605e-02   3.0922390e-01   1.5665915e-01  -1.1293697e-01  -7.6542805e-02   4.4934202e-01   7.3505608e-02  -5.5384866e-02  -1.2330148e-01   3.0309707e-01   6.0567613e-02  -3.5338634e-01  -1.6484579e-01  -2.4603597e-01   1.4371741e-01   2.1485586e-01   3.8414363e-01   3.9146953e-01   1.2189257e-01  -7.8428338e-02  -7.8809862e-02  -3.0728618e-02  -5.7659382e-02  -2.3978863e-01   1.4073944e-01   7.2806776e-01  -3.3441819e-01   3.8647039e-01   2.8510549e-01  -2.8487520e-01   3.0213513e-01  -1.8165499e-01   2.7877156e-01  -3.2300084e-01   7.3935689e-03  -5.1572992e-02   2.3252529e-01  -2.2200740e-01   1.8754021e-01   5.1915918e-02  -1.2168326e-01   1.6834676e-02   3.5144021e-01  -5.7579143e-02  -1.0570958e-02  -4.2395983e-01  -1.7072374e-01  -1.0287044e-01  -6.4436990e-02  -3.0591593e-01  -1.1092050e-01   5.8755060e-02   1.0846423e-01  -9.4953962e-02  -1.6448612e-01   1.4432241e-01   1.0195044e-01  -1.6707120e-01   1.5262368e-01  -6.1404922e-02   3.5298824e-01   2.6012728e-01   2.8357697e-01   4.7649188e-01   1.6550858e-01  -2.2383901e-01   4.7956298e-01  -1.6861752e-01  -1.8568503e-01   3.7795040e-01   5.5000050e-01   2.4225250e-01   5.5419096e-02  -1.1131532e-02  -3.7473793e-01   1.1579772e-01   1.7587863e-01   2.1072568e-01   2.3548193e-01  -1.0843287e-01   8.4408568e-03  -1.7030456e-01  -2.7143803e-02  -8.4939588e-02   3.8172964e-01  -6.4564291e-02  -7.2325498e-02   2.2643206e-01  -2.5023872e-02  -2.8881602e-01  -1.0732024e-01  -3.0491620e-02   1.0521776e-01   3.0578929e-01   1.2839505e-01  -1.6774915e-01   1.9509845e-01   2.6546967e-01   2.0135648e-01  -7.9804317e-02  -2.0866408e-01   4.3670506e-01   2.6928496e-01  -3.6971565e-02   1.0198576e-01   7.5406698e-02  -3.1067404e-01   4.1748297e-01  -1.6246824e-02  -1.0609863e-01   1.4656070e-01   1.4315727e-02  -3.8901420e-01  -2.3269743e-01  -7.3372460e-02  -1.0364839e-01   2.4888542e-01  -2.6799488e-01   3.5782927e-01  -3.2516600e-01   3.7613634e-01  -1.7185086e-01   4.4892799e-01   3.1779611e-01  -1.6736286e-01   2.4483396e-01   4.3413821e-01  -4.2762709e-02  -5.0058174e-01  -1.2755674e-01  -2.7279996e-01  -4.6759119e-02   4.6236477e-01  -2.3094667e-02  -2.8584529e-02   3.0568204e-01
   1.4237804e-01  -4.1439028e-01  -2.2296670e-01   2.2313067e-01  -5.6664167e-01   5.6730571e-01   0.0000000e+00   3.2241686e-02  -1.5251153e-01   2.1194314e-01   2.2652659e-01  -7.7314952e-03  -3.2113329e-01   3.3853035e-01   4.0442765e-01   3.8406950e-01  -4.9846290e-01   2.5761640e-01  -1.2513188e-01  -2.7883355e-01   6.3320124e-01   4.4194186e-01   8.3644983e-01  -2.1983846e-01  -1.5684947e-01  -9.1972532e-02  -1.0499576e-02   1.1582345e-01  -1.2531468e-01   6.6059583e-01  -5.9633876e-02   2.3446528e-01  -2.2736519e-02   2.7133933e-01  -1.5524203e-01  -1.5943396e-01   2.7012681e-01   1.6973120e-01   2.1113257e-01  -3.1041657e-01  -2.2420947e-01   3.0262547e-02   3.1314275e-01   8.1980779e-02  -1.8407996e-01  -7.5254581e-02   8.6214598e-02   4.6706036e-01   9.4684901e-02  -4.4524319e-01   6.1867682e-01  -1.1839825e-01  -2.5359715e-01  -2.6250476e-01   3.6035540e-02   1.5273243e-01  -6.4909186e-02   3.6481263e-01   2.9554493e-01  -1.3350066e-01   1.5695596e-01  -5.6936741e-02  -2.6243585e-01   1.6285833e-02  -4.2271997e-01   2.0712264e-01   2.2305394e-01  -4.4120002e-01  -1.8734437e-02   2.6316955e-01  -4.7187252e-02   4.3109368e-01  -1.2849871e-01   1.5581214e-01  -5.6497863e-01   6.6038380e-02   1.9639296e-01   6.8892265e-02  -4.0109012e-01  -9.2770818e-02   4.9005532e-01   5.7415059e-02   1.5641048e-01   7.0308692e-02   1.1863220e-02   1.0219721e-01  -4.0721793e-01  -1.6056888e-02  -4.6044914e-01  -5.1068373e-02  -6.6242111e-01   8.1941749e-02  -5.4872507e-02  -1.4887771e-01   1.2539007e-01  -5.5744993e-01  -2.6458379e-02  -4.0558263e-02  -4.3362295e-01   5.5621106e-01   1.5274792e-01   5.9655104e-01   4.5969752e-01   6.4879397e-02   5.3648441e-01   3.3046588e-02  -2.0860783e-01   4.6865660e-02   1.9964734e-01  -2.2853212e-01   5.3448848e-01   5.5899464e-01   2.6984289e-01   7.4535656e-02   3.3100621e-01  -5.1975188e-01   9.4631822e-02   1.0993702e-01   2.6887816e-01   2.2104010e-01   1.1938193e-01  -3.4629434e-01  -4.6150764e-01  -1.2597453e-01  -1.0900971e-01   1.9282212e-01  -2.4944861e-01  -2.7687640e-01   1.9501225e-01  -1.9675303e-01  -2.7296637e-01   3.3679134e-01  -3.6634062e-01   4.9335626e-01   4.1696171e-01  -5.9637962e-02  -1.9373419e-01   6.0301128e-01   1.1085164e-01   3.7494937e-02  -1.1161859e-02  -3.6463925e-01   3.5784999e-01   3.1222134e-01   3.1006719e-01   5.3810581e-01   3.8273239e-01  -5.9222489e-01   2.6407410e-01   3.4721727e-01   1.3395013e-01   5.6922711e-01   1.6304533e-02  -2.6171077e-01  -4.7330423e-01  -3.5239509e-02   6.3116518e-02   4.6207539e-02  -1.6264478e-02   7.1360909e-01  -2.1973110e-01   1.9992042e-01  -1.4705280e-01   3.1089851e-01   3.0007769e-01   1.1572515e-01   2.5307903e-01   1.4694803e-01   1.1611108e-01  -3.0759090e-01  -3.4469015e-01  -6.1542485e-02  -3.0897393e-01   5.1560774e-02  -2.3098717e-01  -1.2971864e-01  -6.6481236e-02
   2.4238511e-01  -2.3144426e-01  -7.6306487e-02   3.7185997e-01   5.1424740e-03   3.5630232e-01   3.2241686e-02   0.0000000e+00   2.1279306e-01  -1.8658396e-01   1.4766854e-01   1.5278478e-03  -6.9595695e-02   2.0516510e-01   4.3111733e-02   2.8111804e-01  -7.0153646e-02   6.7886902e-02   1.5569620e-01  -9.1717159e-02   2.2936640e-01   1.9856463e-01   1.0721694e-01   1.4161694e-01   2.4249197e-01   4.9621694e-01   1.4305804e-01   5.4334255e-01   1.3633901e-01   5.1339386e-02  -2.5388508e-01   2.8468351e-01   2.4897556e-01   4.0853145e-02   2.0602889e-01  -7.8861298e-02  -1.8269376e-01   2.0039472e-01   8.1847167e-02  -1.6773404e-02  -9.5155267e-02   1.0421025e-01   1.3652801e-01   1.8453141e-01   5.8857971e-02  -2.1798476e-01   1.7628848e-01  -2.8174404e-01   9.6798378e-02   2.6439135e-02   5.3490275e-02   5.4597750e-01  -2.3559329e-01   3.4731688e-02  -1.2758236e-01   1.5119243e-01   2.0742350e-01   2.8311975e-01   1.7159775e-01   1.9366533e-01   1.4511256e-02   1.4704505e-01   4.9212190e-01   1.6524462e-02  -2.7853217e-02  -1.1545227e-01   3.1151685e-01   1.1670698e-01   3.6791113e-01  -2.1367633e-01  -3.3517824e-01  -5.0482724e-03  -2.0878552e-01   1.8303012e-01   3.2029618e-02   2.7209330e-01   4.0207201e-02   1.3734081e-01   3.8490614e-02   3.8509394e-01   1.2105189e-01  -7.3803380e-02  -1.1085234e-01   2.3589768e-01   3.6133305e-02   3.1719851e-01  -1.6775563e-01  -9.1649542e-02   4.0721974e-02   2.5405623e-01   4.1836474e-02  -3.7281877e-02   9.2217641e-02   3.7298069e-01   9.3663220e-02   6.4070933e-02   3.8479419e-02   3.1947889e-01   1.1019937e-01  -2.1796289e-01  -1.0936109e-01   3.4342742e-02   1.5136969e-01   1.5298562e-01   7.7044116e-02   3.1270547e-01  -4.0640980e-02   5.6563198e-01  -2.0301360e-01  -2.2164877e-01   9.7019357e-02   2.7908020e-01   2.4899480e-01   2.6173180e-01  -1.0608172e-01  -1.9650277e-02   2.0393129e-01   3.2284601e-02  -3.4879243e-02   2.0014319e-01  -5.6933194e-02   1.2957005e-01   1.4219586e-02  -8.7826653e-02   2.9169030e-01   4.6016171e-01   8.8300124e-02   3.4071952e-01   2.2245142e-01  -2.0899093e-01  -1.9153519e-01  -2.9406207e-01   1.0436607e-01  -2.3749202e-01   2.4004192e-01   4.5051306e-01   5.6536168e-02   7.7388984e-02   5.8363400e-01   2.9719941e-01   2.0360189e-01  -5.4643398e-02   2.8843153e-01  -1.3189682e-01   5.6181083e-02  -5.5202551e-02  -2.9780509e-01  -1.4572645e-01   1.1463035e-01  -1.6961055e-01  -7.3471557e-02   6.6544747e-02   1.2202597e-01  -3.5398290e-01  -8.4131972e-02   1.5545409e-01  -4.8447585e-03   2.4682252e-01   1.7995783e-02   2.5932630e-01  -3.3354180e-02   2.7118399e-01  -3.8267685e-01   1.8388667e-01   2.7351431e-01  -1.5240070e-01   6.1573193e-02   1.9602076e-01   6.3151891e-02  -3.0910301e-01   1.2245394e-01  -3.9424570e-02   1.8496834e-01   2.1663548e-01   2.2270707e-01   1.2137729e-01   2.0156307e-01
  -8.9166463e-02   2.9929372e-01   7.8192771e-02   1.6426895e-01   2.7715013e-01  -5.6046723e-02  -1.5251153e-01   2.1279306e-01   0.0000000e+00   6.7219262e-02  -3.9357566e-01   2.6662588e-01  -4.4480717e-02  -1.6433973e-01  -5.4132958e-02  -7.4835312e-02   1.8999443e-01  -2.1318533e-01   9.4781461e-02   2.1321722e-01  -4.0668890e-01  -6.7660936e-02  -2.8210112e-01   8.6985378e-02   1.7336396e-02  -1.5488459e-01   1.7148820e-01  -2.3467669e-03  -2.5148787e-01  -3.3496267e-01   1.3049316e-01  -1.0599350e-01  -9.3107553e-02   1.0890841e-01   5.0514057e-01   4.8533462e-02   8.8069082e-03  -5.0879335e-02  -3.0019221e-02   2.5638671e-01   2.6581425e-02   7.2600932e-02   1.5303468e-01  -4.7499087e-02   2.0697621e-01  -3.3974904e-02  -1.6037488e-01   1.5333886e-02  -3.7744699e-02   1.5221611e-01  -1.9060604e-01  -8.4759186e-02   2.1581105e-01  -2.0467572e-02  -1.6380731e-01  -1.4884977e-01   1.5230741e-01   1.5860331e-01  -2.3800037e-02   4.4558083e-01  -1.7653860e-01   1.5186446e-01   4.1831879e-01   9.2585462e-02   3.4606391e-01   1.5593561e-01   1.8205341e-01   1.8451898e-01   1.6583291e-01  -1.5823124e-01   1.7714423e-01  -1.3125012e-01   1.1633845e-01  -1.9924477e-01   7.1691524e-02   2.4545595e-01  -1.5034831e-02   6.8156841e-02   1.1656842e-01   2.8012700e-01  -1.0647166e-01   4.3305186e-02  -2.2960097e-01  -5.3520110e-02  -3.0103782e-02   2.0004080e-01   3.4230254e-01  -1.7101394e-01  -2.5935315e-06  -6.6998982e-02   2.8976645e-01  -4.0443112e-02   2.0688016e-01   7.0576710e-01   2.7218606e-03   3.0475661e-01  -2.3665820e-01   1.6151277e-01   1.7872903e-01  -1.2940735e-01  -9.8113553e-03  -1.6294462e-01  -1.9631260e-01   4.7020058e-01  -1.0098397e-01   1.2299829e-01  -2.7748426e-01   1.8113774e-01  -8.7765586e-02   7.2330879e-02  -5.8362552e-02  -2.3955478e-01   7.3307746e-02  -4.4807367e-02  -2.1870648e-01   1.7762496e-01  -1.3959899e-01  -2.7216437e-04  -7.5758449e-02  -1.2106378e-01  -1.6522561e-01   2.4650497e-01  -7.8766458e-03   1.4099125e-01   7.5185378e-02   1.2628294e-01   2.7429673e-01   2.0939742e-01   4.5684926e-01   6.7555482e-02  -4.7067774e-02  -2.2231715e-01   3.4533440e-01  -1.2891818e-01   7.9455160e-02   4.1508849e-01  -8.9016624e-02  -2.5668344e-01   2.2981139e-01  -2.4247254e-02  -2.4274552e-02  -1.0945184e-01  -1.5321499e-01   1.0039697e-01   1.1933802e-03  -6.8012076e-02   6.7945632e-02   1.6861898e-01   2.3903742e-02  -1.3082303e-01  -1.3943404e-01  -1.5264694e-01  -1.8277561e-01   8.4662168e-02   3.6099115e-01  -1.6480854e-02  -2.0979970e-01   1.9807687e-02  -1.6474566e-01  -1.4176672e-01   8.1784836e-02  -7.5552317e-02   1.5339480e-01  -1.2389090e-01   1.3174113e-01  -1.0627372e-01  -1.2009060e-01  -5.3595265e-02  -1.9487511e-01   1.8848438e-01   1.2877011e-01  -6.0863473e-02   2.3325522e-01   2.2669766e-01   1.2309814e-01  -1.3014964e-01   2.0785354e-01
  -1.8385439e-01   1.9110277e-01   3.7437436e-01  -1.1093257e-01   5.0221891e-02   9.1564612e-02   2.1194314e-01  -1.8658396e-01   6.7219262e-02   0.0000000e+00  -2.5524326e-01   3.1625106e-01  -3.2849013e-04  -4.4161115e-01   5.5963705e-02  -4.6554702e-03   4.7231293e-02  -2.6397219e-01  -7.0852439e-02   3.1331337e-01  -1.2486060e-01  -1.1561164e-01   1.4453609e-01  -2.3288670e-01  -1.0729398e-01  -1.2597181e-02   3.9843513e-01  -2.0924919e-01   1.5604861e-03  -1.9452864e-01   1.0162283e-02  -1.1575148e-01  -2.6848813e-01   5.7586966e-01  -1.3714355e-01   1.9248696e-01   2.6816844e-01  -1.5053290e-01  -1.5139468e-01   2.7771963e-01  -1.0802519e-02  -6.5890428e-02   3.2881321e-01  -1.3499813e-01   2.7299939e-03  -2.8647878e-03  -1.6809550e-01   1.6370043e-01  -3.6485207e-01   1.2523741e-01   3.4206271e-01  -5.2546603e-02   3.7886581e-01  -3.5790094e-01  -3.0822018e-01  -1.9224636e-01  -2.0828299e-02  -1.4737053e-01  -7.8404712e-02  -1.0717603e-01  -7.9977463e-02  -2.7174365e-01  -5.8080620e-02   1.1750848e-01  -1.4125230e-01   6.1436185e-01   9.5666712e-02  -1.0002334e-01  -4.6220364e-02   5.2523030e-01   3.4177226e-01  -2.7419067e-01  -1.0028625e-01  -4.1034006e-01  -3.5239638e-01   2.7546256e-02   3.0168792e-02  -2.6838784e-02   2.1037013e-01  -2.8779235e-01  -1.7776916e-01  -5.3463847e-02  -5.9875254e-02   1.5685048e-01  -2.1127330e-01   8.7691398e-02  -1.2439472e-01  -2.5225842e-01  -1.7587148e-01  -3.2175149e-01  -9.8622236e-02  -2.4930044e-02   5.1287741e-01  -8.9317503e-03  -2.6029006e-01   1.7778266e-01  -5.2980784e-02  -1.1628994e-02  -1.3091829e-01   6.3424341e-01   1.2133037e-02   1.6418478e-01  -2.6335409e-01  -6.6918396e-02  -4.4393127e-02   9.7647023e-02  -3.7440154e-01   4.9909121e-02   1.7744338e-01   2.5536947e-01   1.4775265e-01  -2.5298110e-01  -2.5197558e-01  -2.5209449e-01   5.1634936e-02  -7.5756006e-02  -2.9357537e-01   1.4566770e-01   2.5160550e-02  -1.9569878e-01  -7.9328984e-02   1.1582057e-01  -1.0065887e-01  -2.4799889e-01  -2.3663553e-01  -4.1724254e-01   1.9707045e-01  -2.8303538e-01  -1.5294563e-01   4.5673937e-01   1.1455725e-02   2.4917226e-01  -2.7662839e-01   2.5849145e-01  -1.2539214e-01   7.9734287e-02  -2.0752989e-01  -1.3965360e-01  -6.7677156e-02  -4.5210059e-01  -3.6854456e-01  -1.0398398e-01  -1.4028148e-01   4.6536938e-01   1.5687516e-01  -4.1542191e-02   7.6484670e-01  -5.3035697e-02   5.7222990e-01   2.3651803e-01  -3.3544203e-03  -1.4904295e-01  -2.6551156e-01  -2.8312034e-02   3.4207441e-01  -3.1169057e-01  -9.3748737e-02   6.1356903e-02  -1.4648136e-01  -8.4828754e-02  -2.3091626e-01  -1.5987951e-01   4.2631467e-01  -3.0573442e-01   8.3300358e-02   2.2640085e-01   1.5455310e-01   1.6725705e-02  -2.6702347e-01   1.4270971e-01   1.0354516e-01  -1.9199411e-01  -2.8132047e-01   2.6508897e-01  -2.2915322e-01  -1.4125474e-01  -8.0603950e-02
   2.2960860e-01  -4.5457165e-01  -3.9152888e-01   2.9939686e-01  -4.2707467e-01   3.5360268e-01   2.2652659e-01   1.4766854e-01  -3.9357566e-01  -2.5524326e-01   0.0000000e+00  -3.7694282e-01   1.2144137e-01   2.7897052e-01  -1.5587837e-01   3.9982011e-01  -3.8720736e-01   5.1320595e-01   7.5125629e-02  -3.8058237e-01   5.2452333e-01   4.5704282e-01   3.1524032e-01   5.9016198e-02  -1.0076627e-01   2.7575577e-01  -1.8108219e-01   2.2411074e-01   2.5173545e-02   5.3984078e-01  -2.8071429e-01   3.9942822e-01   1.6059308e-01  -3.9228301e-01  -3.0998733e-01   2.8842198e-01  -8.8651667e-02   1.6679428e-01   2.5212269e-01  -4.4536945e-01   3.0423065e-01   7.3044905e-02  -2.5553225e-01   1.6173111e-01  -2.8863016e-01   3.1675215e-02   6.5504809e-01  -1.4802288e-01   7.5384968e-02  -3.8424610e-01   2.4401709e-01   2.0669130e-01  -4.3755658e-01  -1.4835348e-01  -5.6070857e-02   2.4716088e-01   7.8868178e-02   1.9751615e-01   6.7801892e-01  -1.4486201e-01   1.9999219e-01   1.1903573e-02  -1.6074595e-01  -8.5627269e-02  -3.6575567e-01  -1.7473152e-01   7.8573517e-02  -2.1930709e-01   1.3063635e-01   3.4100318e-02  -5.7167328e-01   4.4728406e-01   1.7410912e-01   2.5715087e-01  -1.1784039e-01  -1.0681287e-01   2.1744179e-01   1.3093590e-01  -2.8888835e-01   1.0580913e-01   8.0327494e-02  -2.0637764e-02   2.9156218e-01   1.6696303e-01   5.6966088e-02  -5.3264118e-02  -4.8984683e-01   1.4837548e-01  -6.4894087e-02   1.9390023e-01  -3.8694009e-01   1.3614969e-01  -2.7867339e-01  -1.7434701e-01   1.6333211e-01  -3.9004793e-01   1.3662072e-01  -1.1660249e-01   2.7149571e-02   9.0198373e-03  -9.2329059e-04   1.4004823e-01   2.5209627e-01   6.3308167e-02   5.0505103e-01   6.4728556e-02  -7.0942029e-03  -5.4356768e-02  -9.3741631e-02  -7.1066151e-02   2.2442729e-01   5.3734813e-01   3.5520390e-01   1.6757610e-01  -1.9450514e-02  -2.8100381e-01   3.3589773e-01   2.5899175e-01   4.8637936e-02   3.6144229e-01   2.0964867e-01  -2.0364846e-01  -2.0934712e-01   1.0362265e-01  -3.6847869e-02   2.0788090e-01  -3.3097434e-01  -4.9577507e-02   1.6492539e-01  -3.2243975e-01   2.9186038e-03   1.5515158e-01  -2.3814187e-01  -5.6411337e-02   1.8123223e-01  -5.1484149e-02   7.4408960e-02   1.7660878e-01   9.5254223e-02   2.8753766e-01   1.6737938e-01   2.1489207e-03   5.2127972e-01  -1.8984892e-01  -1.3858705e-01   7.0095778e-02  -4.3215867e-01   1.4346749e-02   1.0730684e-01  -2.8643169e-01   3.6165739e-02   1.0842526e-01   2.0195817e-01   1.2606086e-01  -5.8983478e-01   9.9546112e-02   2.2772187e-01   4.9119973e-01   9.7972883e-02   2.8274186e-01  -1.9103227e-01   6.0221346e-01  -1.8603589e-01   5.8230520e-01   1.5493848e-01  -1.6517880e-01   2.9179332e-01   3.0703013e-01   2.8758240e-01  -4.5941634e-01  -2.6007431e-01  -4.8317886e-02   2.0238544e-03  -1.8512212e-01  -4.0480951e-02   7.4506456e-02   1.8690138e-01
  -2.9475040e-01   6.1928546e-01   3.1228803e-01  -9.5855700e-02   3.6929862e-01   2.2580174e-01  -7.7314952e-03   1.5278478e-03   2.6662588e-01   3.1625106e-01  -3.7694282e-01   0.0000000e+00  -1.0964928e-01  -8.1478280e-03  -7.4487991e-02  -2.7561951e-03   1.5903483e-01  -1.7520329e-01  -2.0786005e-02   3.8213888e-01  -2.7128715e-01  -1.4715709e-01  -2.5406794e-01  -3.6374623e-01   1.0693670e-01  -7.9839658e-02   4.9521421e-01  -1.6500071e-01   3.5333263e-02  -5.1626952e-02   2.0861185e-01  -1.4819287e-01  -3.2349449e-01   3.7035229e-01   5.2948183e-01  -3.0283401e-02   1.2307262e-01  -2.4089332e-01  -1.0960007e-01   4.0702430e-01  -2.1577916e-01  -1.5991206e-01   4.0979532e-01   2.3203337e-02   4.1749637e-01  -5.1496488e-02  -1.9909878e-01   1.4179777e-01  -2.2405230e-01   2.1291113e-01  -2.7982279e-02  -1.1848981e-01   2.6770922e-01  -1.5875931e-01  -2.9636360e-01  -1.3127028e-01   1.6243807e-01  -7.9814726e-02  -1.6412353e-01   4.1483737e-01  -3.3230522e-01   4.4578884e-02   7.7886251e-02   2.5138722e-01   3.1997334e-01   4.5116505e-01   3.1985429e-01   5.7249198e-02   1.6739978e-01   1.8437745e-01   2.7829461e-01  -1.6291278e-01  -2.0361592e-01  -1.3416534e-01  -1.4470071e-01  -4.6896904e-02  -1.9464556e-01  -1.5146492e-02   3.5471230e-01   6.9608663e-02  -3.7647664e-01  -2.1791518e-02  -2.9608559e-01   1.1124791e-01  -8.8991148e-02  -6.6235376e-02   2.8316870e-01  -3.9418735e-01  -8.9641164e-02  -3.0738395e-01   3.1249580e-01  -3.2977159e-01   4.8603879e-01   1.9762754e-01  -2.5291988e-01   3.5952209e-01   1.7392899e-01   1.4239691e-01   3.9560537e-02  -6.2105748e-03  -8.3497183e-02   7.9002155e-02  -3.6114704e-01   2.2063047e-01  -4.2243877e-02   8.9534527e-03  -3.7659955e-01   1.7227057e-01  -5.4669369e-02  -1.1234188e-01   2.5679685e-02  -2.2867830e-01  -2.6672073e-01  -2.6013162e-01  -1.7776494e-01   2.6811672e-01  -2.6225107e-01   1.0047461e-01   5.4731860e-02  -1.9101544e-01  -3.7499073e-01   4.9627798e-01   1.4174258e-01   1.2514794e-01  -1.2734998e-01   1.3656434e-01   6.0313088e-01  -9.3043970e-02  -7.8792299e-02   3.0116742e-01  -4.1377031e-02  -1.5383388e-01   4.6261794e-01  -7.6454161e-02  -1.4793501e-01   1.5633503e-01   2.7611883e-02  -3.4740193e-01   5.7038132e-02  -1.6277590e-01  -3.0688725e-01  -6.9863922e-02  -1.4432786e-01   3.0202326e-01   1.9722766e-02  -1.4712342e-01   3.9313564e-01   1.2792485e-01   2.5865324e-01  -1.0761941e-02  -1.7943364e-01  -2.9538702e-01  -2.7291475e-01  -1.6198532e-01   5.9298422e-01  -2.8089064e-01  -3.1310652e-01  -7.0152098e-02  -3.4426123e-01  -2.7664947e-01   1.0178304e-01  -4.2861010e-02   1.0603781e-01  -1.0555097e-02   3.9435961e-02   2.3693408e-01   1.4207047e-01  -6.5156801e-02  -3.9784340e-01   1.2064928e-01   3.4981021e-01  -2.6922358e-01   2.3851442e-01   5.6460124e-01   1.9647725e-01  -1.3098813e-01   1.5046090e-02
  -9.7853396e-02   6.9621167e-02  -7.2684033e-02   7.1732520e-02   1.6718325e-01  -1.3430081e-01  -3.2113329e-01  -6.9595695e-02  -4.4480717e-02  -3.2849013e-04   1.2144137e-01  -1.0964928e-01   0.0000000e+00  -1.9008803e-01  -2.0448237e-01  -2.1092891e-01  -1.8434573e-02  -1.8843510e-02   6.7138375e-02  -4.5391369e-02  -8.6235929e-02  -1.2511882e-01  -1.8150745e-01  -3.4303980e-02   1.0142669e-01   1.8217044e-03   2.0474833e-01   2.5307023e-02  -1.2681158e-01  -1.9695715e-01  -2.0543383e-01   5.1058961e-02  -2.3698003e-01  -1.0959392e-01  -2.9954240e-02   1.9391087e-01  -1.0535679e-01  -6.7976557e-02   1.7582681e-02   1.1144122e-01   6.1063417e-01  -2.8664021e-01  -7.6905864e-02  -3.8999774e-02   4.1027806e-02  -7.2945222e-02   1.9862072e-01  -1.8359113e-01   9.3236362e-02   5.3979032e-02  -2.3020846e-01   2.5166405e-02   2.2037572e-02  -1.8311551e-01  -4.9947392e-03  -1.5346442e-01   8.4405658e-02  -2.6236622e-02  -1.0602258e-02   1.1543182e-01  -1.2506345e-01   7.0032435e-02   1.2732634e-01  -1.2484797e-02  -9.7023486e-03  -3.0234345e-03   9.1837428e-04   7.8201931e-02   9.4308935e-02  -2.0947078e-01  -1.8256865e-01  -3.6431665e-02   3.0974595e-01  -2.0036511e-01   3.0143237e-02  -8.2914445e-02  -1.9108746e-01  -2.2011180e-01   1.8110138e-01   3.5108368e-02  -9.6210735e-02   9.9545167e-02   3.3891336e-02  -1.4363844e-01  -1.6363773e-01  -3.5958157e-02   3.0594309e-02  -1.3983065e-01   1.1999139e-01  -3.1961553e-02   1.7216237e-01  -3.1770430e-01  -1.2666926e-01  -4.1152267e-02  -8.5910973e-02   3.1239634e-01   3.3414780e-01  -1.3635223e-01   2.9245799e-01  -1.0968705e-01  -2.3385504e-01  -2.4742073e-01  -2.0323108e-01  -2.4776157e-01  -1.2318139e-01  -1.5749777e-01  -9.9185914e-02  -2.4864936e-02  -2.8834723e-02  -6.7968541e-03  -2.9460778e-01  -2.5370146e-02  -2.5294254e-01  -1.1708730e-01  -2.5269218e-01   1.0077237e-01  -5.8818125e-02   3.8883245e-01  -1.7653392e-01   2.0214189e-01  -1.1680718e-01   2.0459441e-01   3.6792253e-01   4.5123728e-02  -1.6539747e-01  -2.1554140e-01  -6.5106671e-02   8.9227413e-02  -6.1324357e-02  -1.1920472e-01   7.2386263e-01  -4.2770326e-02   3.6677667e-02  -1.4505183e-01  -1.6434086e-01   1.3036088e-02   3.3422206e-01  -1.4736943e-01   2.9119725e-02  -6.0593290e-02  -1.5185316e-01   6.9786989e-01  -4.8426613e-02  -2.2785116e-01  -2.9798366e-01  -2.1430476e-01  -2.2049905e-01   2.4472747e-01  -5.3541694e-02  -1.9760558e-01  -2.2747230e-01  -1.8914221e-01  -1.7197988e-01   2.2545190e-02   5.7163494e-02  -2.0803045e-01  -1.1930805e-01   3.0512696e-01   7.5429654e-02  -1.4669821e-01   2.5646187e-01  -1.5792548e-01   1.3454433e-01   4.0799547e-03  -5.0190157e-02   1.7368942e-02  -7.5674590e-02   2.7548477e-02  -2.0928319e-01   6.1951528e-02   1.9423232e-01  -5.5546952e-02  -4.5802553e-02  -9.6567724e-02  -8.1461086e-02   1.1814761e-01   1.8090334e-01
   1.4636883e-01  -3.1568393e-01  -2.2151665e-01   2.5161168e-01  -2.6287164e-01   4.2155609e-01   3.3853035e-01   2.0516510e-01  -1.6433973e-01  -4.4161115e-01   2.7897052e-01  -8.1478280e-03  -1.9008803e-01   0.0000000e+00   6.1708132e-02   3.9698484e-01  -2.7616628e-01   4.3983149e-01  -6.3569374e-02  -2.1131891e-01   5.9420903e-01   5.1298414e-01   3.2646409e-01  -9.2728208e-02   6.1218936e-02  -7.0409353e-02  -2.8334046e-02   9.7243739e-02   8.2334906e-02   6.6473130e-01  -3.3290473e-02   2.8576959e-01   2.7016297e-01  -3.7625726e-01   7.7321258e-02  -1.1256230e-01  -1.1169575e-01   2.8110939e-01   3.2741896e-01  -2.3765328e-01  -8.8551983e-02   1.6308836e-01  -9.0505681e-03   7.2816497e-02  -1.5404551e-02  -1.4967779e-01   4.1226215e-01   1.3887026e-02   3.5102590e-01  -2.2547681e-01   9.8473428e-02  -6.5733522e-02  -3.8868706e-01   6.6075014e-02   1.6743269e-01   6.7304345e-02   7.5779617e-02   3.0788870e-01   3.5119363e-01   1.5144562e-01  -3.9224526e-02   2.9422698e-01  -1.4605668e-01  -1.4441968e-01   4.4320760e-03  -2.3848201e-01   2.9351477e-01  -3.6631759e-02   2.3495070e-01  -4.0725345e-02  -4.1575283e-01   4.4376043e-01  -4.0227779e-02   4.1079859e-01  -8.8187951e-02   4.2698007e-02  -1.0325350e-01   7.0341581e-02  -2.6316286e-01   3.6752844e-01   1.9266746e-01   1.6313755e-01   1.0790084e-02   1.8976902e-02   1.2828447e-02  -8.2988312e-02  -1.2838775e-01   4.7998308e-02  -1.0970790e-01   1.4063853e-01  -1.6276326e-01  -5.4957857e-02  -3.5818689e-01   6.9540837e-03   1.7232533e-01  -2.4400756e-01   1.2247342e-01  -1.0657047e-01   1.1276495e-01  -2.0132676e-01  -5.2414898e-02   1.0135304e-01   4.7287561e-01   3.4650492e-01   3.7089802e-01   1.5486760e-01   7.2013194e-02   1.5856695e-01  -2.6141206e-01  -3.7064762e-01   1.1224297e-01   5.7150151e-01   4.4555410e-01   1.5215710e-01  -5.1153313e-02  -2.0171843e-01   2.0327576e-01   4.8291803e-02   3.1475984e-02   2.5301264e-01  -1.6381078e-01  -2.6194373e-02  -1.8354158e-01   3.5835214e-01   9.3804801e-02   5.9993429e-01  -4.9351741e-02   4.2508517e-02   2.6441538e-01  -2.5955254e-01  -2.1072513e-01  -1.6009547e-01   1.7851370e-01  -3.1238461e-02   2.7476735e-01  -8.3915679e-02  -5.7200359e-02   3.6844386e-01   1.3534474e-01   2.0560808e-01   9.5759150e-02  -1.8831632e-01   3.0120274e-01  -1.0939702e-01   1.0973911e-02   2.9566150e-01  -3.4248896e-01  -1.9113547e-01  -7.3129106e-02  -1.4337887e-02  -1.4060803e-01   2.1341589e-01   4.0580880e-02  -3.0668586e-01  -4.0551446e-01   2.2259225e-02  -1.9319751e-01   4.3936360e-02  -4.7754287e-02   2.8391525e-01   6.6680949e-02   1.8256647e-01  -3.0564272e-01   5.1502254e-01   1.7056627e-01  -1.5363466e-01   7.3603859e-02   1.1196327e-01   3.1479657e-02  -4.6529170e-01  -1.8739462e-01  -1.6498834e-01   3.1572342e-01   6.2575050e-02   1.8432945e-01   7.5165009e-02   1.5323459e-01
