   0.0000000e+00  -2.3272684e-01   6.1408580e-02  -1.5239085e-01   1.9233551e-01  -6.9912216e-02  -2.6877332e-01   7.7238143e-02  -3.5016810e-02   1.3452177e-01   1.7602761e-01  -2.9563993e-01   4.5106593e-01  -2.4154453e-01   1.0955751e-01  -7.0677810e-02   7.4992655e-02  -4.1854951e-02   8.4689333e-02   1.8524867e-01   3.0522882e-02   1.8725876e-02  -8.5603667e-02   6.7287540e-01  -2.1784330e-01  -5.0725928e-03   4.6291641e-03   2.2943788e-02  -1.5283293e-01  -2.4272890e-01  -2.5576218e-01   8.2718301e-02  -1.8592667e-01  -2.6060651e-01  -1.4733258e-01   9.3231189e-02  -1.7631532e-01   3.8462595e-01   1.3956227e-01  -7.5939745e-02   2.8829202e-01  -6.5846760e-03  -1.9349455e-01   2.0410405e-01   6.8206977e-02   5.6393128e-01   4.4876050e-02  -2.7775962e-01  -2.5531785e-02   2.8191344e-02   1.2614018e-01   1.6116231e-01  -3.9349988e-01   1.0415909e-01  -1.4665042e-01   1.3638431e-01   9.0646614e-02  -4.5451073e-02   1.5466676e-01  -1.8509408e-01   3.7093921e-01  -4.2745828e-03   4.3842604e-02  -1.0663712e-01  -1.2289968e-01   1.0712928e-02  -9.0821561e-02  -1.0798306e-01   3.5198002e-02   3.7750994e-01  -2.1347663e-01  -5.3313483e-02   1.8468545e-01   8.0712110e-02  -1.6732037e-02   3.2070518e-01   4.6366402e-01   3.6016519e-02  -2.0853543e-01   8.3230164e-02  -6.2426749e-02   3.8774939e-01  -2.9294590e-01   2.4385717e-02   2.1532863e-02   1.5081454e-01  -3.1682233e-01   2.1147165e-01  -3.2336068e-02   7.0043103e-01  -5.4245599e-02   3.8306914e-01   2.5197018e-03  -4.2871962e-02   5.4456906e-01   3.0095159e-01   1.0409393e-01   6.1604334e-02  -5.0006428e-03   3.9689945e-02  -2.9624144e-02   2.4486847e-02   8.2616610e-02  -2.4629233e-01  -7.3166926e-04   4.7813006e-02  -2.7306034e-02   1.2038402e-01   5.5084086e-02   2.5771181e-01  -1.5084315e-01   4.4272865e-03  -1.3872996e-01   6.1270892e-01   1.7174787e-01  -9.4413096e-02  -3.8755274e-02   3.6463392e-01  -9.4209001e-02  -1.0600169e-01   5.9852530e-01   2.0535177e-01  -9.7676818e-02  -2.7031278e-01   6.0989134e-01   1.4574056e-01  -1.0466906e-01   9.7178161e-03  -7.5114543e-03   8.0785441e-02   2.5397440e-01  -2.8302703e-01  -3.3961894e-01  -2.2465897e-01  -1.7403306e-01   1.9580485e-01  -1.1369155e-01  -3.4399472e-01   1.6416486e-02   3.9050006e-01   2.9640234e-01   1.2784763e-01  -5.4708377e-02  -9.1366045e-02  -1.3288626e-01  -3.8220693e-03  -1.9404132e-01   3.7167724e-02   1.7864054e-01  -3.1220349e-01   4.6968261e-01  -5.5329221e-02   4.4058027e-01   2.8085651e-02  -6.0557289e-02   5.3807639e-01   5.5629590e-01   1.9687473e-01   2.8780480e-01   6.1135364e-03  -2.7947393e-01   3.9481361e-02  -2.2704142e-02   7.0327587e-02  -7.9205088e-02  -1.8401056e-01   1.4709588e-01   3.7983667e-01   2.2858587e-01   4.1839097e-02  -1.5637638e-01   1.9790988e-01  -1.5175704e-01  -1.2243600e-01  -7.0083510e-02  -4.0888238e-03  -5.0161847e-02
  -2.3272684e-01   0.0000000e+00   4.8225452e-01  -4.7249991e-01   4.4477638e-01  -2.0064650e-01   3.2243736e-01  -2.5862808e-01  -2.7451751e-01   1.5221827e-01  -2.6515410e-01   8.0800854e-01  -3.4346660e-02  -4.7702319e-01  -4.0843605e-01  -2.3194911e-01   5.2075556e-01  -6.1382204e-01  -2.7706265e-01   3.8796474e-01  -5.6612980e-01  -6.3550951e-01  -3.1698077e-01  -2.6655649e-01   1.3899362e-01  -1.9006968e-01   2.7779398e-01  -3.1718025e-01   1.6856355e-01  -3.4728874e-01   3.6441138e-01  -5.0364750e-01   1.5283687e-01   5.1067945e-01   2.3958367e-01  -1.2360665e-01   4.8230569e-01  -2.1492429e-01  -2.5782165e-01   7.7759870e-01  -9.4948526e-02  -1.8967427e-01   3.2591125e-01  -1.1468960e-01  -1.4180483e-01  -1.4923121e-01  -7.1445657e-01   8.1221397e-02   3.5258076e-01   6.6293638e-01  -5.7720443e-01  -4.6172862e-01   6.0536372e-01   2.8082955e-01   1.6957484e-01  -3.5818193e-01  -3.9760298e-01  -5.7215698e-01  -3.1761106e-01   3.9763467e-01  -1.9067571e-01   1.1662051e-01  -9.4634704e-02   5.6633777e-01   6.1749413e-01  -5.2243799e-01   4.7463385e-02   1.0152722e-01  -4.8014668e-01  -1.3612803e-02   8.4244504e-01  -6.2493987e-01   4.8110416e-04  -2.4267912e-02   2.1068011e-01  -5.1038061e-01  -9.9295713e-02   8.7747966e-02   7.7791388e-01  -1.5021296e-01  -3.8988882e-01  -1.2619444e-01   3.1571077e-01  -1.0373009e-01   3.0354602e-01  -5.2728936e-01   5.8077542e-01  -4.5874056e-01   3.6869516e-01  -1.9508397e-01   7.0359618e-01  -6.1291385e-02   3.8320582e-01  -4.8452413e-02   9.0856906e-03   3.3022688e-01  -3.1965236e-01  -3.3247509e-02   1.8297297e-01  -8.1130301e-02   2.6213727e-01  -2.0961056e-01  -6.4942235e-01   2.5861348e-01  -6.7389629e-01  -3.5016072e-01   5.1759965e-01   3.3216708e-02   3.2811096e-01  -1.0476185e-01   2.8039484e-01  -5.5382269e-01  -5.5766854e-01   4.0881890e-02  -1.8425862e-01   7.1688407e-01  -1.2291189e-01   1.5975206e-02  -2.2382697e-01  -5.1294985e-01  -3.1008287e-01   5.1471503e-01   5.4658159e-01   3.4855862e-01  -2.0873331e-01  -6.1531647e-01   2.1822783e-01   2.5751472e-01  -5.3707196e-01   2.1063797e-01  -5.7808192e-04   2.0373293e-01   6.0198745e-01   3.1937416e-02  -3.9863998e-01  -4.0774484e-01   4.7700263e-02   1.8203309e-01  -6.4628023e-01  -8.8810376e-02  -5.2093436e-02   9.2128603e-03  -2.5481441e-01  -5.4330321e-02   1.6328662e-01  -3.0501374e-01   6.3596121e-01  -3.5147974e-01  -5.3589751e-01   4.0614001e-01  -1.2772658e-01  -5.8108856e-01  -1.4854637e-01   3.7789524e-01   7.4933089e-01  -2.2605027e-01   9.9939306e-03  -2.5771600e-01   1.7830955e-01  -7.9168833e-01  -1.3939233e-01  -1.7293304e-01  -1.6620365e-01  -5.5240340e-01  -1.9993058e-01   5.5335344e-01  -6.6584506e-02  -3.4718525e-01   1.2532291e-02   6.8547919e-01   7.2555527e-01  -2.2862142e-01  -5.6335557e-01   6.5909194e-02   1.5873123e-01   8.6745444e-02  -2.8319640e-01
   6.1408580e-02   4.8225452e-01   0.0000000e+00  -3.2690838e-01   4.5748194e-01   2.9632639e-01   1.2807065e-01   9.6241862e-02  -6.9248129e-02   1.0938675e-01   7.5330524e-02   5.6265721e-01   2.9441391e-02  -5.6035868e-01  -4.4727861e-01  -2.3599939e-01   8.8825257e-01  -4.3031125e-01   2.2528231e-01   4.3753974e-01  -4.4849974e-01  -3.8071572e-01  -3.9679751e-01  -7.8362335e-02   2.0600244e-01   1.9921891e-01   4.8732230e-01  -2.7937406e-01   3.2083262e-03  -3.7279854e-01  -2.7355221e-01  -2.3508980e-01   2.6277302e-02   1.4246923e-01  -5.1937749e-02  -9.4278748e-02  -1.9979889e-02  -2.1750835e-01  -3.5379830e-01   5.8472723e-01  -1.1820017e-01   1.0018509e-01   3.4378845e-01   3.9789856e-02   2.2343046e-03   1.5444387e-01  -2.2298484e-01  -3.9701482e-01  -1.6025143e-02   7.3469985e-01  -2.5614206e-01  -1.9043033e-01  -1.3410518e-01   5.1469689e-01  -3.2097886e-01  -1.1933171e-01   8.5729640e-02  -2.9542228e-01  -7.3514913e-02   4.7225521e-01   3.1521639e-01   8.1057432e-02   1.7448058e-01   2.1033827e-01   1.5160183e-01  -1.3130798e-01   4.2830197e-01   2.5854136e-01  -3.4868999e-02   5.1896489e-01   3.5023316e-01  -2.2273014e-01  -2.5100038e-01   4.6934284e-01   3.0449521e-01  -1.3051319e-01   3.6176796e-01   4.9992790e-02   2.0277381e-01   6.9759393e-02  -3.9834616e-01  -1.2858357e-01  -2.4045987e-01   1.6582096e-01   5.5755181e-01  -2.4410862e-01  -8.1739693e-02  -3.0473372e-01   3.6839847e-01   1.6340759e-02   3.4481140e-01   5.0737888e-01   2.9266840e-01   3.0771661e-02   5.1286525e-02   6.1652522e-01  -5.1235296e-02   3.6244528e-01   2.0870129e-01  -1.1156467e-01  -6.1889602e-02   8.4420255e-02  -5.5177961e-01   3.3359993e-02  -3.7483554e-01  -1.5468065e-01   6.3514380e-01   4.0830365e-01   1.7719907e-01   2.8103046e-01   5.9427470e-02  -1.2178420e-01  -2.5514271e-01   3.6314869e-02  -1.2451445e-01   2.5701261e-01  -8.7365330e-02  -2.1920601e-01  -1.7673542e-01  -1.9736322e-01  -7.2784734e-04   6.2236469e-01   5.8932891e-01  -3.3085292e-01  -3.0926101e-02  -2.9217334e-01  -1.3634404e-01   9.7347625e-02  -2.4285478e-01   5.5953106e-01  -7.9578858e-02  -2.7164565e-01   2.1528633e-01  -4.8747721e-01  -1.5581888e-01  -3.4680333e-03   9.9088921e-02  -2.4499044e-01  -3.4303150e-01  -1.0563201e-01  -7.1366478e-02  -6.7954670e-02  -3.6916710e-03   2.6965763e-01  -3.4374997e-02  -5.6388262e-01   3.9162182e-01   1.5391282e-01  -1.9386817e-02  -2.3445315e-01   1.2528579e-01  -6.5015926e-01   1.9618548e-01   8.6920049e-02   6.9884224e-01  -2.4308823e-01   2.0038790e-01   5.8867274e-02   6.6364158e-01  -5.7074258e-01  -1.6271816e-01   8.1132398e-02  -1.5243171e-01  -2.8060682e-01   1.7075194e-01   9.4029255e-02  -1.4635622e-01  -2.2961348e-01   1.0301161e-01   4.1478172e-01   3.4202710e-01  -1.4803272e-01  -4.0408479e-01   5.3975191e-01   2.3464816e-01   2.5478476e-01   2.6424413e-02
  -1.5239085e-01  -4.7249991e-01  -3.2690838e-01   0.0000000e+00  -3.1303073e-01   2.3118712e-01  -2.7717260e-01   1.2818366e-01   3.9066598e-01  -2.4469898e-01   3.1148066e-01  -4.4845706e-01  -2.2986330e-01   3.8770897e-01  -4.5403821e-02   1.6445962e-01  -3.2516411e-01   4.9091811e-01   6.6722711e-02  -2.2779485e-01   4.0641718e-01   5.5529037e-01   7.7701174e-02  -3.7246542e-02   9.6498223e-02   4.8987326e-02  -5.3836144e-02  -1.1000300e-01   5.1246625e-02   4.6039916e-01  -1.7288809e-01   4.2611408e-01   9.1619304e-03  -3.3841243e-01  -1.3863750e-01   5.2745967e-02  -3.5854066e-01  -9.0339234e-02   2.2162081e-01  -4.8599234e-01   3.9789758e-03   2.1229311e-01  -1.5138552e-01  -4.5299557e-02   1.2027794e-01   3.3722556e-02   5.7252731e-01  -8.6126422e-02  -2.4993685e-01  -4.1779916e-01   5.6027951e-01   2.2188182e-01  -2.9494626e-01  -1.7084961e-01  -6.2971259e-02   3.2555108e-01   2.9842089e-01   4.9201814e-01   5.0882858e-01  -1.2099770e-01   2.1562591e-01  -7.2872678e-02   1.3034153e-01  -3.3220543e-01  -2.3442049e-01   3.8470398e-01   1.4492613e-01   1.8141365e-01   5.2875273e-01   9.9297187e-02  -5.6583668e-01   7.3155975e-01   2.8088658e-02   1.8642183e-01  -1.5401720e-01   3.9417424e-01   8.7702296e-02   8.0075964e-02  -4.0812125e-01   4.3204957e-01  -7.9895530e-02   2.3708694e-01  -2.5635401e-01   1.3738061e-01  -1.4192560e-01   4.1415860e-01  -6.5906679e-02   1.3018540e-01  -2.8374308e-01  -5.3391192e-02  -4.6244562e-01   2.3904009e-01  -3.4921677e-01   5.1168355e-02  -3.2891801e-01  -3.8507392e-01   4.9229472e-01  -1.0642477e-02   1.2523687e-01  -7.2824892e-02  -2.8153797e-01   2.7163324e-01   3.9251771e-01   1.5081673e-01   4.6353329e-01   4.5629933e-01  -2.6508762e-01   6.6602400e-02  -3.3223413e-01   9.3445094e-04  -1.8698991e-01   5.4192464e-01   7.2334106e-01  -1.8975418e-01  -5.0969691e-02  -2.9291633e-01   1.4686659e-01  -1.0774150e-01  -4.4036217e-03   7.8125540e-01   9.8875573e-02  -4.3037736e-01  -2.2563552e-01  -8.5056612e-02   9.1809133e-02   3.9478206e-01  -2.3389734e-01   5.6936030e-03   5.4020475e-01  -4.4380783e-02  -3.9548701e-02  -2.7609231e-02   1.5112545e-02   5.7044878e-04   4.4029122e-01   4.2638767e-01   1.1115197e-01  -6.0681477e-02   4.6147641e-01  -8.5576717e-02  -1.3283174e-01  -1.9815809e-01   4.4873732e-01  -7.3363909e-02  -1.5945312e-01   2.0567823e-01  -5.6704149e-01   3.3651903e-01   3.7941978e-01  -2.1817290e-01  -1.5098983e-01   2.2560579e-01   1.2851491e-01  -6.1139709e-02  -5.0339141e-01  -1.3475581e-01  -2.0156879e-01   3.0879955e-01   8.5338126e-02   4.2632031e-01   3.7611043e-01   2.9066807e-01   1.7190210e-02   5.0655237e-01   4.3675312e-01  -2.6858449e-01   1.1607321e-01   6.8223089e-02   1.3267414e-02  -5.2097900e-01  -3.8706874e-01  -9.5152598e-02   6.6611587e-01  -1.6498602e-01   1.6356901e-01   4.4401596e-02   4.0545413e-01
   1.9233551e-01   4.4477638e-01   4.5748194e-01  -3.1303073e-01   0.0000000e+00  -8.2712860e-03  -1.0194288e-01  -1.5270662e-01  -1.9264786e-01   2.8030532e-01  -1.1614216e-01   3.7224428e-01   4.8870545e-01  -5.8514353e-01  -5.0301430e-01   7.1456649e-03   5.1494177e-01  -2.6310025e-01   4.6423870e-03   8.9830076e-01  -4.7422853e-01  -4.7593754e-01  -3.9733463e-01   1.5734664e-01   1.7690924e-01  -1.3948792e-01   4.3448358e-01  -4.3505228e-01   7.2239665e-02  -3.7714588e-01  -2.6165835e-01  -1.7865216e-01   3.0022354e-01   1.0491027e-01   1.2061763e-01   4.7915359e-01  -2.2680990e-02   8.9713030e-02   8.3696485e-02   5.1298370e-01   2.5612881e-01   2.0939702e-01   1.6802649e-02  -3.5729086e-02   2.0315968e-01   2.0486887e-01  -2.5821430e-01  -3.1051224e-01   1.9956934e-01   5.5751044e-01  -1.4778745e-01  -3.3812935e-01   4.9349413e-02   4.2500688e-01  -1.1035473e-01  -2.2362465e-01  -1.3729982e-01  -3.5879531e-01  -1.9508065e-01   2.8091094e-01   1.8291837e-01   2.9581577e-01   1.9095758e-01   1.8346402e-01   2.6959318e-01  -1.1874272e-01   1.7291302e-01   3.3004898e-01  -2.2462718e-01   1.8340230e-01   3.0696676e-01  -3.7829277e-01   2.6265855e-01  -6.7578480e-02   3.2948735e-01  -2.2449535e-01   1.8533902e-01   9.8233636e-02   5.1467505e-01  -9.1273822e-03  -6.0548779e-01   2.6757073e-01  -2.6489677e-01  -1.1349966e-01   7.4195004e-02  -3.5102352e-01  -1.1579968e-02  -1.4659612e-01   2.4164323e-01   2.6155497e-01   7.5925372e-01   1.7443783e-01   4.3466922e-01   1.5005426e-01   2.5050848e-01   7.2040134e-01  -2.2500670e-02   1.9390414e-01   3.9373436e-01  -1.6357375e-01  -1.8238187e-01  -1.6958270e-01  -4.3218919e-01  -8.1889425e-02  -4.5562836e-01  -7.4641883e-02   4.0774248e-01   1.4870584e-01   1.1945781e-01   3.3194860e-01   6.4188176e-02  -3.5251082e-01  -2.7881956e-01   2.4984388e-01  -3.1366374e-01   4.0451112e-01  -1.0833312e-01   4.1285153e-01  -3.7558123e-01  -2.1255913e-01   8.7736990e-02   8.6737070e-01   4.1062158e-01  -1.4674069e-01   1.4494603e-01  -3.6277024e-01  -5.9630281e-02   2.2561622e-01  -3.9791488e-01   1.7770809e-01   4.3458190e-01  -1.2795084e-01   6.9747998e-02  -4.4434357e-01  -1.6858154e-01  -2.6341413e-01   7.6376305e-02  -4.6473393e-01  -3.6744742e-01   2.1525163e-01  -9.3012549e-03   3.7979030e-01  -1.9504682e-01  -1.8499510e-01  -1.9306391e-01  -3.1086618e-01   1.4387440e-01   2.8773535e-02  -7.9081488e-02  -2.5990233e-01  -1.4553291e-02  -5.2260289e-01   1.4718801e-01   3.5671334e-01   5.3487133e-01   2.0603699e-01   2.1821527e-01  -8.7005323e-03   2.8854897e-01  -5.2353152e-01   7.4659788e-02  -6.9117631e-02  -2.2754963e-02  -3.4499814e-01   1.6151689e-02   2.5502678e-01   1.9827656e-01  -7.1589663e-02   5.8431063e-02   6.3134064e-01   4.8874529e-01  -6.8160962e-02  -3.7711501e-01   1.5722116e-01   1.7740947e-01   2.5676491e-01  -5.9844540e-02
  -6.9912216e-02  -2.0064650e-01   2.9632639e-01   2.3118712e-01  -8.2712860e-03   0.0000000e+00   1.4521837e-01   2.5973689e-01   1.2347024e-01  -2.3680540e-01   4.5873703e-01  -3.5677841e-02  -3.2114396e-01   1.4515695e-01  -3.6250767e-01  -2.2400035e-02   1.8272078e-01   3.0626974e-01   7.2980254e-01   1.8944665e-02   3.5486229e-01   1.5475978e-01  -3.4474763e-01  -4.0295680e-02   2.6571870e-01   4.1041141e-01   5.0409282e-01  -1.1533020e-01  -1.7108684e-01   5.4674647e-01  -4.9940802e-01  -1.8212961e-02  -2.1312124e-01  -1.3745951e-01   2.4862380e-02  -3.6275403e-02  -4.0002341e-01  -1.4933084e-01  -8.2499746e-02  -1.2143469e-01  -2.2690224e-01   1.6420454e-01  -1.6801300e-01   3.4332058e-02   1.5802704e-01   3.1579066e-01   4.9481658e-01  -1.5202246e-01  -4.4113427e-01  -1.2519252e-02   3.9280719e-01   9.3995087e-02  -3.6584909e-01   1.7969354e-01  -3.7157291e-01   3.5616987e-01   6.5094320e-01   7.2119759e-02   3.3720549e-01   3.0353896e-01   3.4310333e-01  -1.8122434e-01  -9.4304635e-02  -1.2725470e-01  -2.0365403e-01   6.0141103e-01   8.9771445e-01   5.9188402e-02   5.8404379e-01   5.7831938e-01  -4.0212503e-01   4.2785033e-01  -3.0064366e-01   5.0790983e-01  -8.4996121e-02   2.3005500e-02   4.2657635e-01   1.8970840e-01  -2.4502363e-01   3.1591087e-01  -1.4385312e-01  -1.3050117e-01  -3.3236077e-01   4.9504548e-01   3.7257597e-01  -1.3525908e-01  -3.0748734e-01  -1.2078111e-01  -1.8608744e-01   8.1224420e-02  -1.1994940e-01   5.4492439e-01   7.4213861e-03   5.9846908e-02  -1.6395655e-01   1.7150398e-02   2.2550640e-01   6.4877905e-01   1.6843510e-01  -5.8655836e-02  -3.4628736e-01   5.2329787e-01   1.0382884e-01   1.7614854e-01   3.3194002e-01   6.6962458e-03   1.0333539e-01   5.8475790e-01  -3.7861456e-01   3.6485553e-01  -6.4102452e-02   6.9409306e-01   3.8219680e-01  -7.8493503e-02  -1.4520566e-01  -6.6965228e-02   3.5707076e-01  -3.2424124e-01  -6.4522176e-02   2.1245254e-01   2.3098387e-01   2.0190092e-02  -1.4791000e-02  -3.2824037e-01   1.2666296e-01   3.8624602e-01  -3.7518856e-01  -2.7186310e-01   7.7947450e-02   4.0616102e-01  -2.4870456e-01  -2.4045336e-01  -9.8315297e-03  -4.6234159e-01   1.0757991e-01   3.8109393e-01   2.1256867e-02  -9.1218153e-02   8.1429701e-02   1.7704256e-02  -1.5395413e-01  -3.4702348e-01   6.2809832e-01   2.5028081e-01  -3.4037098e-01  -3.9382300e-01  -2.6087001e-01   7.4043114e-01   5.4957490e-01  -2.6801302e-01   1.0978548e-01  -1.4476278e-02   3.1010264e-01  -8.6939351e-02  -1.5757806e-01  -1.6655808e-01   2.9213059e-01   2.7186827e-01   3.2708962e-01   2.2982632e-01   3.5229933e-02   5.8367936e-01  -1.5285975e-03   3.5650949e-01   4.1602442e-01  -2.8638438e-02   1.6287973e-01   2.6062426e-02   1.1522778e-01  -2.8839970e-01  -1.3418425e-01  -2.5237196e-02   4.1349379e-01   5.3126935e-01   3.4021851e-01  -1.5017388e-01   2.9588615e-01
  -2.6877332e-01   3.2243736e-01   1.2807065e-01  -2.7717260e-01  -1.0194288e-01   1.4521837e-01   0.0000000e+00  -2.2894548e-01  -4.2359512e-01   2.8154455e-01  -1.5148393e-01   3.9151853e-01  -3.0562524e-01  -4.7540783e-02  -4.8561341e-02  -1.4817759e-01   6.4181172e-03  -1.0812031e-01  -1.1168444e-02  -8.0899665e-03   6.0556946e-02  -3.3717099e-01   1.8205714e-01  -4.0347163e-01  -2.5630954e-02   4.3841106e-02   2.7784064e-01   4.0127852e-02  -4.9150905e-02   2.6319995e-01   2.0373880e-01  -4.6452572e-01  -9.6216883e-02   7.8583339e-01   1.9283534e-01  -2.1204908e-02   3.3221279e-01  -1.5021222e-01  -2.3239957e-01   2.3766067e-01  -2.8591592e-01  -2.4419941e-01   4.0672260e-01  -5.6652981e-02  -1.7524071e-01  -1.7841307e-01  -3.2791371e-01   4.6911634e-01  -1.0307378e-01   6.8316655e-02  -2.0141322e-01  -2.8328035e-01   5.5483794e-01  -1.1392702e-01  -3.8167253e-02  -2.1353576e-01  -1.0283462e-01  -3.8102168e-01  -2.4958883e-01   3.1649340e-01  -1.9782733e-01   9.4581429e-02  -1.3537845e-01   2.5339507e-01   9.4380651e-02   1.4184400e-01   1.4810673e-01   5.0018188e-02  -3.0158485e-01   6.9855914e-03   3.6217085e-01  -3.4362887e-01  -4.2258459e-02  -7.8545848e-02  -5.6219215e-02  -3.1975012e-01  -1.0028240e-01   4.3304091e-02   3.5474760e-01  -2.1088341e-01   1.4347208e-01  -3.0383519e-01   3.9959095e-01  -1.2722364e-01  -5.8626404e-04  -3.5889363e-01   2.9677645e-01  -3.9814537e-01  -8.2105042e-02  -2.5286078e-01   9.3278328e-02  -1.8355170e-01   3.8160466e-01  -1.7980652e-01  -1.3638462e-01  -1.9338536e-01  -1.7249151e-01   5.6494428e-02   2.2078033e-01   4.7458096e-01   4.4230399e-02   8.4768162e-02  -1.7335302e-01   1.0509798e-01  -2.2947175e-01  -4.3486725e-01  -9.2525815e-02   4.1296701e-02   1.0842930e-01   3.7637516e-02   5.1622365e-01  -8.3343211e-02  -2.1515361e-01  -5.7534041e-03  -3.6147880e-02   3.3091543e-01   2.9817291e-02  -1.2241045e-01   6.2249218e-03  -4.6053877e-01  -3.5031092e-01  -6.6323623e-02  -3.7923117e-02   2.4213696e-01  -2.8288177e-01  -2.6520321e-01   1.7454635e-01  -1.6326924e-01  -3.9822145e-01   2.0886519e-01  -2.7974901e-01   4.4895768e-01   1.5600316e-01   9.3412899e-02  -3.9458145e-01  -2.8226655e-01  -1.8178766e-01   3.5909148e-01  -3.2795868e-01   1.0986939e-01  -3.3767537e-01  -2.6666892e-01  -5.0412873e-02   2.7068744e-01   3.9229577e-02  -2.6418292e-01   5.7066246e-01   5.1733247e-02  -2.1399824e-02   5.0160800e-01  -2.4802896e-01  -9.4361752e-02  -3.2971306e-01   5.3129044e-02   1.6760558e-01  -1.7939626e-01  -1.2227873e-01  -3.1960774e-01  -1.3734790e-01  -1.0861165e-01  -7.0460229e-03   1.1281286e-02   2.9698171e-01  -2.6967501e-01  -2.8752142e-01   5.8970595e-01   1.6388164e-01  -4.3358194e-01  -2.0870322e-01   7.6740398e-02   3.4589017e-01  -5.3412322e-02  -1.2174868e-01   2.2528504e-01   7.5420247e-02  -2.6007663e-01  -3.8281766e-01
   7.7238143e-02  -2.5862808e-01   9.6241862e-02   1.2818366e-01  -1.5270662e-01   2.5973689e-01  -2.2894548e-01   0.0000000e+00   5.7467706e-01  -1.5367857e-01   3.8649727e-01  -2.2921337e-01   8.7321034e-02  -7.2641490e-02  -4.1369668e-02  -6.9693746e-02   1.0796027e-01   1.6415502e-02   2.0566413e-01  -8.5720864e-02   1.3418736e-01   4.1477206e-01  -8.2202772e-02  -4.6026648e-02   1.6177140e-01   5.7425865e-01   9.9063236e-03  -6.3431024e-02   4.0920574e-02   7.1272455e-02  -3.5468442e-01   2.9367103e-01  -3.4305390e-01  -2.0976008e-01  -1.9144032e-01  -2.2891445e-01  -3.4676483e-01   9.8634542e-02  -4.1530137e-02  -2.0084194e-01  -1.0092647e-01  -1.8960664e-01   9.6589661e-02   4.9598961e-02   2.6010739e-02   1.6139179e-01   2.8809811e-01  -3.4767334e-01  -2.8365663e-01  -9.2783415e-02   2.4618259e-01   6.9077123e-01  -3.6980371e-01   6.8616026e-02  -3.6485209e-01   2.8410047e-01   2.9863568e-01   4.9193566e-01   1.6495053e-01   7.0748797e-02   2.5541189e-01  -2.3602813e-01   3.0042268e-01  -1.2177555e-02  -2.7098605e-01   1.4640583e-01   9.1915553e-02   9.9196127e-02   5.3402697e-01   2.6065939e-01  -2.8629363e-01   3.9023593e-01  -4.1873042e-01   1.5828773e-01   2.7509145e-01   3.8851765e-01   3.4151717e-01  -1.0263024e-01  -3.9192171e-01   5.2420890e-01  -5.5807711e-02  -1.5050858e-01  -3.8566890e-01   5.2441471e-01  -1.1061666e-01   4.1719113e-01  -2.4711224e-01  -2.1175946e-01   6.6895802e-02  -3.6668359e-02  -2.6663879e-01   1.8761492e-01  -1.9632661e-01   3.7173925e-01   1.1246074e-01   8.1176442e-02   2.6290767e-01   4.4914708e-01  -2.1012981e-01  -5.7210512e-02  -3.9943543e-01   4.5566738e-01   9.9710617e-03  -4.5816746e-02   4.6136793e-01   2.4908808e-01  -7.1241792e-02   5.1416274e-01  -2.6320028e-01   1.4558436e-01  -3.3012957e-01   3.7099751e-01   4.1978187e-01  -9.0691121e-02  -1.9126417e-01  -2.6346019e-01   8.1217129e-02  -1.2735628e-01  -2.2647388e-01   3.2019562e-01   1.9942049e-02  -4.2959938e-02   1.0012441e-01  -4.4471373e-01   7.3647654e-02   2.0330230e-01  -4.0825407e-01   8.7051700e-02   5.6772105e-01   9.6812616e-02  -8.8678288e-03  -3.7925576e-01  -1.0915500e-01  -2.6256344e-01   3.5766985e-01   5.3413185e-01   2.3155523e-01  -2.2440384e-01   3.8950395e-01  -7.2324945e-02  -3.3445821e-01  -6.6570448e-02   4.5575021e-01   2.6484437e-02  -2.7866921e-01  -2.3774307e-01  -2.0063674e-01   2.8027619e-01   2.5660085e-01  -3.1493589e-01  -5.7082945e-02  -3.7210554e-03  -7.9199433e-02  -3.8125363e-01  -1.5728338e-01  -1.2423065e-01  -5.2053063e-02   2.3910568e-01   2.2800600e-01   1.5289359e-01  -1.0253261e-01   2.3884008e-01  -1.7977989e-01   4.0585943e-01   4.8431944e-01  -4.1667478e-01  -3.4844130e-01   3.2158597e-02  -2.6855126e-01  -2.2873142e-01  -3.3955438e-01  -9.5058796e-02   1.0696784e-01   3.2095631e-02   1.8078820e-01  -9.5336881e-02   4.7605795e-01
  -3.5016810e-02  -2.7451751e-01  -6.9248129e-02   3.9066598e-01  -1.9264786e-01   1.2347024e-01  -4.2359512e-01   5.7467706e-01   0.0000000e+00  -4.7866514e-01   4.0253669e-01  -3.3202952e-01   4.6424695e-02   1.2279377e-01  -8.7321178e-02   1.0207970e-01   1.4846651e-02   2.3624167e-01   5.8453026e-02  -1.3862363e-01   5.4643908e-02   5.7174143e-01  -1.0059552e-01   3.8963686e-02   1.7752963e-01   2.3639799e-01  -1.0708706e-01  -1.1998830e-01  -3.7304827e-02   4.6664912e-02  -1.8978430e-01   3.9280038e-01  -2.6301436e-01  -4.8201311e-01   4.5116263e-02  -1.3291189e-01  -2.6767154e-01   5.1311957e-02   1.0971587e-01  -2.8133585e-01   5.1638813e-03  -9.5009821e-02   3.4856378e-03   7.2119369e-03   1.5485425e-01   9.7131220e-02   3.8449079e-01  -3.8020939e-01  -1.3518052e-01  -2.3398521e-01   3.3550193e-01   4.4659763e-01  -3.9076508e-01   6.5064158e-02  -1.8468372e-01   2.9724231e-01   1.6545556e-01   5.9819819e-01   3.6819623e-01   1.8565395e-01   1.3041838e-01  -1.2158459e-01   3.1810596e-01  -1.5233077e-01  -1.8682355e-01  -1.7651990e-02   5.0229086e-02   5.4616246e-03   4.5886001e-01   1.0826844e-01  -3.5823052e-01   5.0376836e-01  -3.3845812e-01   1.4997981e-01   1.2734225e-01   4.3475414e-01   2.0971018e-01   8.8669058e-03  -3.4960023e-01   4.0770692e-01  -6.3497585e-02   4.8187513e-02  -3.5559092e-01   3.2258039e-01  -2.9079580e-02   3.4535133e-01  -8.7225411e-02  -1.6987029e-02   1.1041387e-01  -5.9793262e-02  -3.0897069e-01   1.5890213e-01  -4.8673552e-01   5.4361477e-01  -4.5591008e-02  -1.2844432e-01   2.2821688e-01   1.5394253e-01  -6.4522203e-02  -2.1638321e-01  -2.5702799e-01   4.0584235e-01   1.4461012e-01   2.8649169e-01   3.7631320e-01   4.3853844e-01  -1.4687850e-01   2.2444210e-01  -2.4332781e-01  -1.0226104e-02  -4.7789031e-01   4.0066231e-01   3.8368647e-01  -1.1192891e-01  -1.1360432e-01  -1.9660478e-01   6.2404373e-02  -1.0396604e-01  -1.3705661e-01   5.7617878e-01   1.1608423e-01  -1.3780146e-01  -6.4622217e-03  -2.5471178e-01   4.7399692e-02   2.3896363e-01  -2.2620025e-01   9.0205630e-02   5.4805229e-01  -3.2380537e-02  -2.9056799e-02  -1.8401236e-01   2.4458005e-02  -8.5174042e-02   5.7125540e-01   5.1071947e-01   1.1609632e-01  -7.1655151e-02   3.5825423e-01  -1.6519830e-01  -8.2318762e-02  -2.1771394e-02   3.8864855e-01  -1.6605297e-01  -3.5781473e-02  -2.4229253e-02  -4.3582786e-01   1.0553045e-01   1.4928253e-01  -2.7406911e-01  -8.1448949e-02   1.1064698e-01  -1.0368238e-02  -2.6470766e-01  -2.0495278e-01  -2.3197320e-02  -9.0598108e-02   3.9358497e-01   7.8501492e-02   1.6779847e-01  -3.7365746e-03   1.8835767e-01  -2.0213037e-01   4.2603797e-01   6.1112567e-01  -4.0430239e-01  -2.5186448e-01   2.1948449e-01  -5.4606791e-02  -3.4894969e-01  -2.9129524e-01  -4.3141210e-02   2.7692083e-01  -1.2233717e-01   2.8003880e-01  -1.4030867e-01   6.4785646e-01
   1.3452177e-01   1.5221827e-01   1.0938675e-01  -2.4469898e-01   2.8030532e-01  -2.3680540e-01   2.8154455e-01  -1.5367857e-01  -4.7866514e-01   0.0000000e+00  -4.6246360e-01   1.5172721e-01   2.5413883e-01  -2.9483087e-01   1.1879856e-01   2.7652435e-02   3.4711968e-02  -1.7152791e-01  -6.1375000e-02   3.7671551e-01  -2.1645021e-01  -4.8395148e-01   2.9937101e-01  -3.2318144e-02  -3.3992059e-01  -1.9223522e-01   2.8304571e-02   1.7499549e-01   1.1155871e-01  -2.8923294e-01   2.8529152e-02  -2.2164801e-01   1.6943048e-01   4.7828677e-01  -1.9886101e-01   2.7543149e-01   2.5189001e-01  -1.8173259e-01  -1.0598648e-02   1.4637645e-01   1.6300448e-01   9.5892857e-02   1.0314499e-01   1.1724170e-01   2.9115751e-02  -2.3004256e-02  -2.8090873e-01   1.1733769e-01   2.4921926e-01   1.6905144e-01  -1.5638263e-01  -2.2792730e-01   2.6362555e-01   2.5167127e-02  -4.8630220e-02  -2.5769568e-01  -4.9796581e-02  -4.1143621e-01  -1.8439080e-01  -1.8975236e-01  -1.2865255e-01   3.6462603e-01   3.2370862e-03   4.0307972e-02   2.0978307e-01  -1.6185186e-02  -1.9533565e-01   4.2399747e-02  -4.3070900e-01  -6.2125195e-02   2.6494620e-01  -5.0039669e-01   2.2421251e-01  -2.7608080e-01   8.5930539e-02  -1.6144829e-01  -1.0527661e-01  -8.0907948e-02   1.4810032e-01  -2.7790077e-01   8.0583063e-02  -1.1883670e-01   1.5842100e-01  -2.7945195e-01  -1.0534062e-01  -1.3842932e-01   4.6609632e-02   5.7042605e-02  -6.8609361e-02   3.7356831e-02   2.7472228e-01  -2.0486678e-01   4.4810835e-01  -1.9574956e-01  -8.9800510e-02   2.4865398e-01  -1.4166997e-01  -1.9328714e-01   1.7985579e-01   3.6102085e-01   2.2073927e-01  -4.4568146e-01  -1.6684027e-01  -3.5238566e-01  -3.9824351e-01  -1.3867902e-01   3.0715024e-04  -2.1807853e-01   4.4618737e-01   5.2845331e-02   3.6344746e-01  -5.2456086e-01  -3.1443650e-01   5.5454256e-02   2.0712805e-01  -4.6618255e-03  -3.0841969e-01   2.2832796e-01   1.7835962e-01  -3.2277657e-01  -1.1202417e-01   1.8251684e-01  -1.4894699e-01  -2.0183541e-02  -6.2750240e-02  -2.9419699e-01   8.7764762e-02  -1.4840086e-02  -3.0653225e-01   1.1472617e-01   1.7050887e-01   4.4996768e-02  -2.5798462e-01  -4.6643760e-02  -3.0727066e-01  -3.7072701e-01  -2.6051437e-02  -1.8817983e-01  -2.1585548e-01   2.6760459e-03  -1.2630887e-02   1.6648527e-01  -4.8924105e-01   2.4122891e-01  -1.8074857e-01  -1.0102482e-01   4.5852433e-01  -1.1408236e-01  -6.1641084e-02   9.0952068e-02   7.2966690e-02  -1.6600644e-01  -2.7496664e-02   3.6324994e-02   1.0812490e-01   1.4429794e-01  -2.4869511e-02  -2.3540079e-01  -1.2636297e-01  -1.4466113e-01  -5.6926561e-02  -4.9867565e-01   2.5600385e-01  -3.5925744e-01  -3.2075927e-01   1.3985764e-01  -4.5667402e-02  -1.1633775e-01   4.2792598e-02   2.6717949e-01   1.7975261e-02  -9.2417658e-02  -3.6467632e-01   2.0113307e-01  -3.2502143e-01   2.6302248e-01  -3.4693962e-01
   1.7602761e-01  -2.6515410e-01   7.5330524e-02   3.1148066e-01  -1.1614216e-01   4.5873703e-01  -1.5148393e-01   3.8649727e-01   4.0253669e-01  -4.6246360e-01   0.0000000e+00  -2.4752069e-01  -6.7175357e-03   1.0787757e-01  -1.3376339e-01   2.5556591e-02   3.7859113e-02   4.1717026e-01   3.8064069e-01  -5.4390911e-02   2.8200603e-01   4.4878498e-01  -1.5948785e-01   9.6829177e-02   2.1971227e-01   4.6593064e-01   1.9037167e-01  -2.4537519e-01  -1.0170497e-01   4.3032528e-01  -2.9768596e-01   3.0790442e-01  -3.3992088e-01  -3.3437965e-01   1.1684058e-01   9.3909706e-02  -3.0863188e-01   1.0952019e-01   4.6016563e-02  -2.6513027e-01   1.6351291e-01  -1.7679438e-01  -1.0547491e-01   2.1340265e-01   2.3689623e-01   3.3524399e-01   5.3444983e-01  -3.4437773e-01  -3.7788582e-01  -2.6125241e-01   5.2802288e-01   3.3410061e-01  -3.9319999e-01  -3.8506915e-02  -3.2592150e-01   6.0980398e-01   4.1987412e-01   3.4817101e-01   4.9604922e-01   1.9064679e-01   4.2786376e-01  -9.9073299e-02   1.3169997e-01   8.4698854e-02  -1.5512760e-01   2.8536396e-01   3.0520381e-01   1.3214492e-01   7.0822059e-01   3.9098268e-01  -4.3007873e-01   4.5355921e-01   3.0740253e-02   3.5097534e-01  -1.5738930e-01   3.7537580e-01   4.6194661e-01   2.8572622e-01  -2.0149748e-01   5.1148509e-01  -1.7136702e-01   8.1334828e-02  -2.7700522e-01   4.4585085e-01   6.3104636e-02   2.0354137e-01  -1.5782882e-01  -1.8767970e-01  -4.1185381e-02   9.8983240e-02  -3.3318250e-01   4.4680721e-01  -1.1010251e-01   1.9798840e-01   6.5517081e-02  -9.2556592e-02   4.1527188e-01   3.8795861e-01   8.2909055e-02   6.1925239e-02  -4.2585538e-01   5.8670791e-01   1.1995645e-01   2.2302361e-01   5.0951817e-01   1.1254144e-01  -2.8952992e-02   5.2887242e-01  -2.3217776e-01   3.9635890e-01  -1.4321374e-01   5.9284844e-01   4.1810282e-01  -1.0328561e-01  -2.7087673e-01   3.8866583e-02   5.1825054e-01   1.6364221e-01  -2.8154392e-01   3.4787075e-01   2.5638304e-01  -1.5166650e-01   4.4085110e-02  -1.1111878e-01   2.1146261e-01   4.1276404e-01  -8.3574789e-02   1.8948407e-02   3.2056969e-01   1.1559523e-01  -1.4170049e-01   5.7586318e-02   4.1616018e-02  -1.3810427e-01   1.3016070e-01   4.4887527e-01  -7.2531174e-02  -3.0817649e-02   2.1101412e-01   1.6075105e-02  -1.6465972e-01  -3.2428926e-01   5.4768134e-01  -1.0023170e-01  -1.7225284e-02  -5.9298229e-02  -3.7518442e-01   4.8291750e-01   5.1659086e-01  -1.8074176e-01   6.9156747e-02  -3.4463127e-02   1.3584754e-01   2.0535015e-01  -2.6014146e-01  -6.2835316e-02   1.4788458e-01   4.6809153e-01   3.0297881e-01   1.4348187e-01   2.4233615e-02   6.5233197e-01  -7.3201584e-02   4.8692657e-01   5.3887723e-01  -9.5152981e-02   2.1545802e-01   9.1977113e-02  -2.6911927e-02  -3.2427720e-01  -1.3078842e-01  -6.8467730e-02   3.3681849e-01   1.0932142e-01   2.8370442e-01  -2.5782472e-01   3.7200219e-01
  -2.9563993e-01   8.0800854e-01   5.6265721e-01  -4.4845706e-01   3.7224428e-01  -3.5677841e-02   3.9151853e-01  -2.2921337e-01  -3.3202952e-01   1.5172721e-01  -2.4752069e-01   0.0000000e+00  -8.9337874e-02  -4.2535601e-01  -3.7331327e-01  -2.0881364e-01   4.7040004e-01  -6.0985868e-01  -1.0343348e-01   3.4809092e-01  -4.9035554e-01  -6.4322495e-01  -2.7231135e-01  -3.2164091e-01   1.5801450e-01  -2.1330015e-02   2.9470275e-01  -2.0404586e-01   2.1717391e-01  -2.9816250e-01   1.1860088e-01  -4.0732027e-01   1.1203783e-01   5.2103914e-01   1.8042330e-01  -1.6833131e-01   2.5646474e-01  -3.2184294e-01  -2.9404685e-01   7.2037255e-01  -1.3771152e-01  -1.2840333e-01   4.2482160e-01  -1.5571167e-01  -1.6781023e-01  -2.2595361e-01  -6.1950733e-01   6.8170055e-03   9.3879614e-02   5.9564497e-01  -5.3755389e-01  -4.8057787e-01   3.6983725e-01   2.0733195e-01   4.6436009e-02  -3.6587075e-01  -3.3009073e-01  -5.3714614e-01  -2.4029183e-01   5.0107405e-01  -1.9265205e-01  -4.8213382e-02   1.1425962e-02   3.2972255e-01   3.3089035e-01  -3.2767251e-01   1.5832365e-01   1.2350692e-01  -3.3901597e-01  -1.2823531e-02   6.8021869e-01  -5.4567828e-01  -5.3025031e-02   2.3735291e-01   2.3045187e-01  -4.8474674e-01  -1.2506211e-01   6.6427695e-03   6.5802617e-01  -1.0354476e-01  -3.7685406e-01  -9.1420338e-02   1.7737963e-01  -5.3598772e-02   4.1625360e-01  -4.9227238e-01   3.4442896e-01  -3.8387673e-01   3.5304521e-01  -2.0244240e-01   5.4457023e-01  -3.2402153e-02   4.8389781e-01  -4.7464977e-02  -1.0177933e-01   3.4424618e-01  -3.0354292e-01   5.1012193e-02   4.9365220e-02  -7.5895476e-02   1.8580577e-01  -7.0276729e-02  -6.3292903e-01   1.3686021e-01  -5.2565965e-01  -3.2783106e-01   5.0357404e-01   1.3034175e-01   1.6069148e-01  -5.7442624e-02   3.6399851e-01  -4.3662483e-01  -4.9269316e-01  -9.6745636e-02  -1.5941887e-01   5.0587814e-01  -1.3492006e-01  -8.5704281e-02  -1.2857268e-01  -5.2929006e-01  -3.9079481e-01   5.7486816e-01   6.4136721e-01   1.0787664e-01  -3.3285288e-01  -4.2919774e-01   1.5085994e-01   1.7397149e-01  -4.5115801e-01   1.9066117e-01  -8.2844476e-02   5.9146264e-02   4.8433405e-01  -8.3659240e-02  -4.1171025e-01  -4.2999598e-01   2.7774157e-02   3.3928677e-02  -5.4456943e-01  -1.2253959e-01  -1.1150413e-01  -4.0369690e-02  -2.2275122e-01   7.8436807e-02   1.8960911e-01  -4.2331171e-01   6.9113575e-01  -1.9030846e-01  -3.9485940e-01   2.0301184e-01  -8.7805650e-02  -5.3849806e-01  -1.3044873e-01   1.4758780e-01   7.1923211e-01  -3.3007368e-01  -8.2014412e-02  -1.4697294e-01   1.4512059e-01  -6.7699655e-01  -4.8976818e-02  -1.4621540e-01  -1.1272388e-01  -5.2762105e-01  -1.9732486e-01   4.8949996e-01  -2.1505512e-02  -3.7950182e-01   2.2697763e-02   5.6154011e-01   6.8371516e-01  -2.5917859e-01  -5.9157653e-01   2.5767021e-01   2.2929831e-01   1.6749394e-01  -2.0669667e-01
   4.5106593e-01  -3.4346660e-02   2.9441391e-02  -2.2986330e-01   4.8870545e-01  -3.2114396e-01  -3.0562524e-01   8.7321034e-02   4.6424695e-02   2.5413883e-01  -6.7175357e-03  -8.9337874e-02   0.0000000e+00  -4.5238920e-01  -6.6380747e-02  -1.4569901e-01   1.1648498e-01  -8.2499245e-02  -6.8679163e-02   4.7735630e-01  -2.1961015e-01  -9.0186665e-02  -9.0156767e-03   3.2017608e-01  -3.8406070e-02  -1.1371626e-01  -7.5412552e-02  -1.7915536e-01   1.0094448e-01  -4.2564238e-01  -3.0354263e-01   1.7106540e-01   2.4364733e-02  -2.5012838e-01  -5.1165948e-02   3.0817542e-01  -7.1974957e-02   3.1059458e-01   8.3454390e-02   6.7560844e-02   7.3626848e-01   7.3761911e-02   8.2745109e-02  -1.2212241e-01   2.4114716e-01   2.0614864e-01  -7.4570712e-02  -2.5618074e-01   3.1887297e-01   6.2687774e-02   3.9902546e-02  -6.7527547e-02  -2.0656900e-01   1.8185808e-01  -5.8515892e-02  -1.8772005e-01  -1.0768726e-01   7.4648043e-02   1.4910357e-01  -4.1299910e-03   8.3542282e-02   2.4574925e-01   3.3477532e-01  -1.2929355e-01  -5.3512704e-03  -1.7850126e-01  -2.6107163e-01   9.3452531e-02  -1.2256340e-01  -6.0777916e-02   4.4225333e-02  -1.9129130e-01   4.1640089e-01  -3.4673005e-01   2.4345336e-01   1.8761133e-01   1.8509671e-01   2.9561847e-02   5.6022960e-02   4.6889626e-02  -2.9148725e-01   3.1663123e-01  -3.4672685e-01  -1.3135634e-01  -3.3507819e-01   2.2480605e-01  -1.5962444e-01   9.3535883e-02   1.7544680e-01   2.4801355e-01   2.2439431e-01  -8.0597702e-02   8.6102810e-02   3.2430515e-01   3.7380999e-01   5.1282702e-01   1.4648572e-01  -1.0314794e-02   9.0965524e-02   6.0741126e-02  -1.6987672e-01  -2.2887006e-01  -1.8722343e-01  -3.6164296e-01  -9.9450335e-02   1.0868894e-01   3.2427231e-02  -1.1874656e-02   3.2073664e-01   2.6034674e-01  -2.9709557e-01  -2.7070955e-01  -1.3551722e-01   3.4262360e-01  -9.7877557e-02  -1.0469120e-01  -2.0009093e-01   7.2807509e-01  -2.8521943e-01  -7.0468161e-02   1.7070395e-01   4.3006612e-01   1.0251975e-01  -3.0252014e-01   2.6605522e-01  -1.8801577e-01  -1.9962047e-03   3.8156778e-01   8.3968813e-02  -1.0335856e-01   4.5161468e-01  -2.9807585e-01  -2.9983728e-01  -2.5660633e-01   1.0602757e-01   1.9308231e-02  -4.9640546e-02  -4.6029751e-01   2.9909127e-02   2.5965811e-01   3.0023656e-02   6.1142373e-01  -2.6475903e-01  -2.5807892e-01  -1.7917795e-01  -8.6705498e-02  -1.0169324e-01  -5.6762797e-02  -1.0520262e-02  -3.3183701e-01   5.2990789e-02  -2.3164900e-01   4.2351391e-02  -5.5481147e-02   1.0901002e-01   4.1122316e-01   1.6212540e-02   2.9347062e-01  -2.2804517e-02  -2.3883915e-01  -8.9065887e-02  -1.8943846e-01   5.6624300e-02  -7.6818174e-02   1.1087925e-02  -2.1790268e-01  -1.0733208e-01   1.1063330e-01  -1.3407228e-01   2.7056982e-01   1.8777003e-02   1.4686590e-02  -3.9209902e-01  -7.6990473e-02  -5.1615170e-02   2.0003973e-01   7.5517062e-02
  -2.4154453e-01  -4.7702319e-01  -5.6035868e-01   3.8770897e-01  -5.8514353e-01   1.4515695e-01  -4.7540783e-02  -7.2641490e-02   1.2279377e-01  -2.9483087e-01   1.0787757e-01  -4.2535601e-01  -4.5238920e-01   0.0000000e+00   4.4515864e-01   2.7661875e-01  -5.1114201e-01   5.2140467e-01   8.9303002e-02  -5.0948716e-01   5.5775616e-01   4.4659748e-01   4.6731375e-01   1.3337848e-04  -8.0011047e-02   4.8711012e-02  -1.5616239e-01   3.5950828e-01   2.2156477e-02   5.7099416e-01   2.4658654e-01   1.9051607e-01  -9.2467047e-02  -1.8179928e-01  -6.0451292e-02  -4.6482864e-02  -4.4800140e-02  -4.1751323e-02   7.2939557e-02  -4.6410811e-01  -9.3144346e-02   3.3253262e-02  -3.7845320e-01   1.1636083e-01  -1.2264434e-01  -1.8442157e-01   3.2835695e-01   4.6905956e-01  -7.2356502e-02  -5.7678493e-01   2.8202426e-01   2.7978048e-01  -2.1496375e-02  -5.0553567e-01   3.7060918e-01   3.4100442e-01   1.8628404e-01   3.4310180e-01   1.7852276e-01  -3.7601109e-01  -2.3451223e-01  -1.3334180e-01  -2.3948556e-01  -2.1954299e-01  -2.2453772e-01   2.5912422e-01  -1.1388159e-02  -1.8578143e-01   3.0030618e-01  -2.6203332e-01  -3.5817753e-01   3.8469974e-01  -5.5656127e-02   6.1242827e-02  -4.9783139e-01   1.5090879e-01  -1.5099144e-01   4.3782942e-02  -3.6213384e-01  -6.4790722e-02   5.7047270e-01  -1.5257366e-01   2.5206900e-01   4.2628633e-03  -2.7738618e-03   2.1284758e-01   8.2521127e-02   4.4261794e-01  -3.3047196e-01  -1.2453285e-01  -5.2825897e-01  -1.4725539e-01  -1.5490755e-01  -2.1666742e-01  -2.8776830e-01  -6.1994147e-01   7.0650973e-02  -1.8603157e-01  -1.3230099e-01   4.0844658e-02   2.2973307e-01   9.3749861e-02   7.2556672e-01   2.0199559e-01   4.0891248e-01  -1.3593108e-02  -4.2766614e-01  -1.3593302e-01  -2.7769612e-01  -2.4326269e-01   1.0465349e-01   4.1057770e-01   3.6409725e-01  -2.6676329e-01   1.9640892e-01  -2.5109448e-01   2.6058689e-01  -2.6773201e-01   3.9752160e-01   3.5042822e-01  -3.7154302e-02  -6.7977053e-01  -4.4162663e-01   2.7267214e-01  -1.0482087e-01   5.8917471e-01   1.3647812e-01  -3.9388776e-01   1.9667113e-01  -2.2148607e-01  -3.3230188e-01   2.5466113e-01   2.4498175e-02   4.1875102e-01   2.6202692e-01   1.0072327e-01  -2.6355548e-01   4.9163679e-01   4.6514531e-01   7.1251707e-03   2.1423975e-01  -3.6764158e-01   1.6333566e-01   3.2976688e-02   2.6500214e-01   6.1749587e-01  -2.6196313e-01   4.9238030e-02   1.8237466e-01   1.7779393e-01   1.6494258e-02   7.2721409e-01  -2.6877103e-02  -1.4370816e-01  -5.4192746e-01  -7.9295530e-03  -1.4926557e-01   2.6304082e-02  -3.5674520e-01   7.4139002e-01   1.1898850e-01   7.6596568e-02   1.6022670e-02   3.3624943e-01  -2.0203346e-02  -1.3397571e-01   1.4763534e-01   1.5008746e-01   2.0577472e-01  -5.3130060e-01  -5.1366714e-01  -6.7932379e-02   5.5895880e-01  -2.3147203e-01  -1.7958803e-01  -1.5386198e-01   1.4646086e-02
