   0.0000000e+00  -2.4604245e-01   3.2293808e-01  -4.3154580e-01  -2.6904398e-01   4.0607687e-02  -2.0935052e-01   8.8512242e-02  -3.4912359e-01  -2.0092094e-01  -2.3150281e-01   1.2914657e-01   9.4836979e-02   2.3434005e-01   3.2947379e-01   7.4830660e-02   1.6217300e-01  -1.5157224e-01   7.9721241e-02  -2.8816556e-01  -3.9780879e-01  -3.1318653e-01  -8.1240866e-02   4.6583706e-01   1.2434938e-03   1.3731252e-01  -4.2567348e-01   5.8645527e-01   1.7383906e-01  -3.1417111e-01  -3.1775349e-01  -2.9088079e-01   1.0656712e-01  -2.1712327e-01   8.8939103e-02  -4.7613028e-01  -1.9793734e-01  -6.6575919e-02  -3.2967546e-01  -3.6271364e-01  -1.7649716e-01   3.8300796e-01  -2.8987095e-01   4.6386052e-01  -1.4163870e-01   8.2451214e-01  -3.9415080e-01  -3.5598251e-01  -1.5832914e-01  -1.3913575e-01  -6.2440107e-02   2.5027292e-01  -3.1641460e-01   3.7141108e-01  -1.6656041e-01   4.2839391e-01  -1.5610015e-03  -2.2647425e-01  -2.2009269e-01   8.8906032e-04   6.0989592e-01  -1.2307646e-01  -1.5749913e-01  -3.8085838e-01  -2.5221947e-01  -1.5194548e-01  -3.2926782e-01  -1.7775393e-01  -3.1679982e-01   5.4149609e-01  -3.9936816e-01  -2.0780509e-01  -2.9052356e-01   7.3178484e-01   1.7949560e-01  -1.2797856e-02   5.5416787e-01   1.0152019e-01  -1.5002116e-01  -2.6560885e-01   3.5547585e-01  -2.7903525e-01  -3.2469974e-01   1.4233823e-01   4.6279305e-01  -2.7530921e-02  -3.2201608e-01   5.2109620e-01  -2.8122540e-02   6.7777370e-01  -1.3123233e-01   5.4858539e-01  -8.6102039e-02  -7.8019440e-02   6.4616952e-01  -1.6397658e-01  -4.8142133e-02   5.4404125e-02  -2.4627189e-01   3.6173112e-02   4.3243822e-01   4.9408315e-01  -1.3397178e-01  -6.1181866e-02  -1.8293058e-01  -1.9940218e-01   2.9575615e-01  -3.7706165e-01   1.0209111e-01  -3.4349232e-01   5.4718102e-03  -2.5783193e-01  -2.6484157e-01   7.2384507e-01   5.5935418e-01  -2.2687848e-01   1.8951688e-01  -1.1659391e-01   3.1772194e-01  -3.0752654e-01   6.0456485e-01  -1.2462329e-01   2.0829290e-02  -2.7175366e-01   6.8928761e-01   3.0593884e-01  -1.8535114e-01   1.5492817e-01  -1.3445872e-01   2.6886850e-01  -3.6846903e-01  -4.2512103e-01   4.4576133e-01  -3.3456359e-01  -2.4100082e-01   1.4348708e-01   7.1630890e-02   4.2112774e-01   1.8513635e-03  -2.3720639e-01   4.9745849e-01   1.9685729e-02  -6.5483911e-03   3.6135038e-01   4.4832744e-02  -3.3236716e-01  -1.7442569e-01  -2.9546890e-01  -9.9461759e-02  -2.8362174e-01   8.4405250e-01   3.5444398e-02   7.2569367e-01  -4.4295616e-01  -2.6043247e-01  -8.8206767e-02   6.4279368e-01  -1.0375392e-01   4.5408298e-01   1.6812810e-01  -2.3974370e-01  -8.7262642e-02  -4.9307273e-01  -2.7793418e-01  -2.4576274e-01  -1.9203983e-01  -1.0219899e-01   2.1400019e-01   6.6639578e-01  -3.9393465e-01  -9.0736717e-02   4.0570095e-04  -2.0386792e-01   3.7562565e-02   1.9501166e-01   5.0416524e-02  -2.7865731e-01
  -2.4604245e-01   0.0000000e+00  -2.8032827e-01  -1.1202031e-01   6.8856968e-01  -4.9560789e-01   1.7193240e-02   1.5010992e-02   5.0017890e-01  -2.6348279e-01  -3.1242207e-01   1.4555413e-01   9.4959312e-02  -4.6147350e-01  -3.4828064e-01  -2.6622312e-01  -4.3577619e-02  -3.1002286e-01  -1.7544104e-01   5.8134495e-01  -2.2282060e-01  -2.2175657e-01  -6.3869069e-01  -2.6270165e-01  -7.7569554e-02   6.9206240e-02  -1.8245337e-01  -1.8586686e-01  -2.3477237e-02  -2.3123125e-01  -1.1027291e-01   1.0029651e-01  -2.4557162e-01   3.4243622e-02  -3.5956091e-01   5.7346163e-01   7.5300906e-02   6.0496631e-02   1.1251924e-01   1.9261542e-01   3.0179464e-02  -4.6052653e-01   4.6004237e-01  -2.6401730e-01  -1.1006029e-01  -3.2218398e-01   1.4605974e-01  -1.4287244e-01  -5.5884675e-03  -7.8627504e-03  -3.8121939e-01   2.4329117e-02   6.8301227e-01  -2.4611466e-01  -4.3324552e-01  -3.9570998e-01  -2.4795116e-01  -1.8437986e-01  -2.9705174e-01  -3.0236953e-01  -3.7694455e-01   8.3370181e-02   5.5514277e-01   3.9728243e-01   5.0559973e-01   2.0670520e-02  -2.1401420e-01   1.6458289e-01  -1.9301940e-01  -4.6584747e-01   5.6912944e-01  -2.2118717e-01   2.3639663e-01  -4.5020071e-01  -1.7718087e-01  -1.5503558e-01  -4.0835695e-01   9.5734556e-02   5.6558308e-01  -1.0854593e-01  -5.8924237e-01   3.4050232e-01   2.6121758e-01   1.5982054e-01  -8.0617654e-02  -3.9926427e-02   1.2014046e-01  -3.2613978e-01   3.7497710e-01  -2.3941228e-01   5.0347725e-01  -3.4762423e-01  -6.6660145e-02   5.3001894e-01  -2.4704003e-01   4.7791950e-01  -1.3376222e-01   6.6549095e-02   1.8411923e-01  -4.2900244e-01  -3.7163000e-01  -2.2668715e-01  -3.1050544e-01  -3.8360920e-01  -2.7164453e-01   2.1575148e-01  -1.5592664e-01   1.0233966e-01  -2.9936317e-01  -2.0418203e-01  -1.9105743e-01  -2.9871286e-01  -1.2776882e-01  -3.9284880e-01  -4.2938852e-01   6.4330413e-01   1.4748658e-02   4.5488182e-02  -5.2287174e-01  -2.3161132e-01  -3.9716162e-01   4.7553089e-01   4.2471123e-01   2.1821822e-01  -2.5911496e-01  -5.2806164e-01   2.0905671e-01   1.0947337e-01  -1.1615561e-01  -2.6467035e-01   1.3210624e-01   4.1478204e-01   1.0186839e-01  -2.4776601e-01  -2.2870529e-02  -6.1702985e-02  -5.4286958e-02  -5.3357186e-01  -2.5042752e-01  -2.3059461e-02  -2.6077328e-01   4.5662583e-02   2.5603257e-01  -3.1227647e-01  -2.6612335e-01  -7.1256262e-02   3.6219475e-01   6.5752683e-02  -3.9985946e-01  -3.6619276e-01  -4.2972652e-01  -2.6923398e-01  -3.4410808e-01   4.7133049e-02   7.0223991e-01  -1.4969636e-01  -3.5896738e-01  -3.4549626e-01  -2.9652718e-01  -6.7992264e-01   2.0295672e-01   3.0828604e-03   4.8519211e-01  -3.3462028e-01  -1.2335784e-01   6.8935677e-01   4.4883256e-01  -2.1399983e-01  -2.7176097e-01   4.0412060e-01   2.4722446e-01  -1.8035012e-01  -1.1767273e-01  -5.7709660e-02   1.9071806e-02  -2.0317159e-02  -7.2577287e-02
   3.2293808e-01  -2.8032827e-01   0.0000000e+00  -1.0094910e-01  -4.6190581e-01   3.2936946e-01  -1.6706122e-01  -1.2497982e-01  -3.3020549e-01  -1.5483319e-01   6.0980164e-02   4.5732248e-01  -8.7669485e-02  -9.7596108e-03   1.5631457e-01   2.0398899e-01   7.9149796e-01   7.6517974e-02  -1.5517600e-01  -3.4681817e-01  -3.5835460e-02   1.3388353e-01   2.5837631e-01  -1.8838380e-01   6.8263485e-02   2.7143093e-02  -1.3195831e-01   2.7038040e-01   1.9277700e-01   1.8889916e-01  -5.2041724e-02   1.3975444e-02  -1.5790733e-01  -8.6671555e-02   4.6039283e-01  -4.5948785e-01  -1.7699226e-01  -2.1216392e-01  -1.8005034e-01   4.2260600e-02  -2.0459442e-01   1.5644438e-01  -4.1643256e-01   4.1959568e-01  -8.0379776e-02   5.1878001e-01  -1.6320100e-01  -1.9528515e-01  -8.4380992e-02   4.2140680e-01   2.0459453e-01  -3.1283244e-03  -5.0722398e-01   5.3315071e-01  -1.0423558e-02   5.1432603e-01  -3.5382110e-04   1.0759458e-02  -6.9001265e-02   2.3370685e-02   6.0155806e-01  -1.6588344e-01  -7.4639816e-02  -4.3362863e-01  -3.9479426e-01   1.0672064e-01   2.3876634e-01  -2.4879191e-01  -6.2533315e-03   6.8275602e-01  -3.4156234e-01  -7.0433081e-02  -2.4491580e-01   3.7867515e-01   8.6968445e-02   2.6792189e-02   3.6119666e-01   3.4928315e-01  -3.9283319e-01  -1.3855711e-01   2.9773494e-01  -2.3552952e-01  -2.7079625e-03  -7.0550980e-02   4.8262045e-01   4.2761062e-02   1.6591350e-02   5.3159418e-02  -6.9209064e-02  -9.0967591e-02  -3.8654623e-01   6.0589068e-01   3.5417478e-01  -3.4345568e-01   4.5561654e-01  -1.9907726e-01   6.3727888e-02  -1.3670672e-01  -3.1761717e-01   1.9082048e-01   3.2316913e-01   1.8572044e-01  -6.7527064e-02   4.1116616e-02   1.0931167e-01  -2.6563413e-02   2.2509250e-01  -2.0552997e-01   3.9127709e-01   3.8117250e-02   4.4768250e-01   1.0607048e-01   3.6457287e-02   2.5046690e-01   3.1776599e-01  -4.5048922e-01   2.4619630e-01  -1.9602024e-01   4.4724268e-01  -1.1413744e-02   2.2739591e-01  -3.2288000e-01  -2.1592660e-01  -7.9808664e-02   2.6024548e-01   2.4246940e-01   3.4125006e-02  -2.0141734e-01   1.7884282e-02   4.4327402e-01  -2.1423527e-01  -4.0636053e-01   3.1820337e-01  -1.3116446e-01   4.2495363e-02  -8.7796654e-02  -1.2153883e-02   1.2385157e-01   8.0784249e-02  -2.2760933e-01   9.6192149e-02  -2.8088126e-01  -1.5691556e-01   5.8263870e-01   1.6406300e-02  -4.7871360e-02   5.4899588e-02  -2.6402587e-01   4.1090045e-02  -3.5634706e-02   3.9222003e-01   3.2412752e-02   2.5710741e-01  -1.1379631e-01  -5.2299897e-02  -2.2722673e-01   3.9406455e-01  -3.6178186e-03   5.2781539e-01   2.8695268e-01  -2.0317007e-01   1.8415759e-01  -3.8786668e-01   8.2610933e-02   2.3956566e-02  -2.7786445e-01  -2.0191014e-01   4.5203109e-02   1.0321996e-01  -2.4312127e-02  -3.2529439e-01   3.5912281e-03  -1.6591252e-01   3.9301651e-01   8.7497375e-02   1.1923476e-01   9.5546147e-03
  -4.3154580e-01  -1.1202031e-01  -1.0094910e-01   0.0000000e+00  -1.3818527e-01   3.8239800e-01   2.3331528e-01  -9.6076364e-02   3.0929879e-01   2.0221535e-01   5.9807400e-01  -2.7247234e-02  -1.8940752e-01   5.6244384e-02  -1.2159839e-01   2.4625905e-01  -2.0861014e-01   7.0520406e-01  -5.5422204e-02  -1.6803513e-01   4.8758524e-03   7.8138875e-01   4.0358361e-01  -7.3596058e-02  -4.5040794e-02  -2.4042292e-01   4.5854085e-01  -6.7076344e-01   1.3760576e-02   7.3266137e-01   3.2542352e-01   6.3979738e-01  -1.2716376e-02   3.3513631e-01   2.4650866e-01  -1.9905825e-02  -2.8703746e-01  -2.8315597e-02   1.8216042e-01  -3.2213560e-01   1.4505530e-01  -3.7115418e-02  -9.6076671e-02  -1.4776700e-02   3.6662013e-01  -4.3757214e-01   6.6111973e-01   3.3632507e-01   1.9729150e-02  -2.1980757e-01   6.4109430e-01  -2.2965417e-01  -1.5939843e-01  -9.2266888e-02   1.5095078e-01   4.0276396e-02   6.6881053e-02   7.2038620e-01   6.6559990e-01   5.7941070e-01  -2.2185153e-01   3.1978074e-01   1.1862243e-01  -1.0914588e-01   8.6502520e-02  -1.3703136e-01   4.1540441e-01   9.9831119e-02   7.7125180e-01  -3.7369590e-02  -3.0608697e-01   7.4761474e-01  -1.0830789e-01  -1.8489162e-01  -1.0411298e-02   9.4057279e-02  -3.4964704e-01  -3.4342207e-02  -4.0998850e-01   4.9103576e-01  -1.5364840e-01  -3.0180266e-02  -8.3414700e-02  -1.2024949e-01  -5.8759216e-01   1.3079919e-01   4.2869163e-01  -1.0388010e-01  -5.4549909e-02  -3.8562548e-01  -5.2332205e-01  -2.6731178e-01  -3.1625557e-04   3.8626297e-02  -3.7448643e-01  -4.3478942e-01   2.1805304e-01  -2.0412944e-01   3.7057948e-01   1.5834292e-01  -4.3170853e-01  -1.7650991e-01   1.6956991e-01   5.1965526e-01   7.5620178e-01   5.5733258e-01   4.6728141e-02   4.4548885e-01  -6.5079937e-02   6.0252479e-01   2.1261334e-02   7.6804743e-01   7.3024987e-01  -2.5391844e-01  -3.8427823e-01  -2.6755821e-01  -1.0447211e-01  -1.8753623e-01  -8.3015230e-02   8.2993975e-01  -4.9059600e-02  -4.3056502e-01  -3.9170467e-01  -2.8195798e-01  -4.9299501e-01   2.2002945e-01   7.0741243e-02  -2.8581049e-01   5.7611721e-01   1.1705756e-01  -7.9350491e-03   1.0013019e-01  -9.8485088e-02   3.5861311e-01   5.5049410e-01  -1.8047335e-01   3.7273117e-02  -3.7070471e-01   3.2045229e-01   2.1853099e-01   1.4711112e-01  -2.3665841e-01   2.3309622e-01  -5.4111469e-02   1.5435505e-01   2.4095220e-01  -4.1831033e-01   4.0548693e-01   4.2220589e-01   4.9621549e-01  -3.5990446e-01   1.1594343e-01  -1.2765662e-01   5.8411777e-01  -3.2954201e-01   3.1828460e-01  -2.1853657e-01   5.3933741e-01  -3.6873259e-01   3.0545996e-01   2.1798753e-01   4.3616564e-01  -4.2629461e-02   7.4687717e-01   7.0329432e-01  -1.5827218e-01  -2.0056248e-01   3.7820222e-02  -1.7781323e-01  -1.6958280e-01   1.6327570e-03  -1.5542294e-02   6.5869154e-01   1.8082124e-01  -2.4733883e-02  -3.4260968e-02   7.9133883e-01
  -2.6904398e-01   6.8856968e-01  -4.6190581e-01  -1.3818527e-01   0.0000000e+00  -4.6779492e-01  -1.5906251e-01   2.3733372e-01   3.0217627e-01  -4.4904142e-02  -3.7172816e-01  -1.4397413e-01   9.9414407e-02  -3.2055389e-01  -3.9134988e-01  -3.0725776e-01  -1.4265734e-01  -4.2959225e-01  -4.6346601e-02   8.9459990e-01  -2.4865924e-01  -1.2214298e-01  -6.9752964e-01  -9.4364886e-02  -1.9433166e-02   2.3855873e-01  -1.8310812e-01  -1.9315263e-01  -1.5718571e-02  -2.6407806e-01  -2.8657795e-01   1.3398604e-01  -1.8705906e-01  -5.9353180e-02  -6.6442454e-01   7.5978691e-01   4.4434040e-02   2.4356029e-01   1.0318901e-01   2.4459125e-01   4.8294287e-02  -3.5268683e-01   3.9510985e-01  -3.3066998e-01  -6.1494810e-02  -3.4222048e-01   2.5338147e-02  -1.7363041e-01  -1.7933078e-03  -3.3972218e-02  -5.0419831e-01   1.9716794e-01   7.7972307e-01  -3.1736995e-01  -4.0990672e-01  -4.7890376e-01  -1.3752039e-01  -1.1442712e-01  -2.4064775e-01  -3.4804319e-01  -3.7127094e-01   2.2063010e-01   2.6588089e-01   3.8514398e-01   4.0100130e-01  -2.7396046e-02  -1.4900637e-01   2.1438581e-01  -2.2526123e-01  -7.2021377e-01   4.7448717e-01  -2.8434873e-01   2.3204165e-01  -4.2866663e-01  -2.5148814e-01   1.1295117e-01  -2.0459988e-01  -3.5858466e-02   8.3434414e-01  -1.9997848e-01  -5.9831937e-01   1.7461781e-01   1.3540280e-01   2.8035976e-01  -2.7867583e-02   1.1668244e-01  -1.7125097e-01  -2.6819181e-01   8.2584238e-02  -1.0631683e-01   6.9795155e-01  -2.5905351e-01  -7.8125145e-02   5.4902065e-01  -2.0207271e-01   7.5946324e-01  -1.4659322e-02   1.5758702e-01   2.6809418e-01  -5.7738554e-01  -5.2821274e-01  -2.8519016e-01   6.5232457e-03  -3.1574500e-01  -3.0826704e-01   1.7429026e-01  -2.9241816e-01   1.9749443e-01  -4.6045994e-01  -2.8867696e-01  -4.0827759e-01  -3.0586480e-01  -2.7748007e-01  -3.9328263e-01  -5.6421163e-01   8.3933774e-01   8.9254157e-02   1.0032123e-01  -6.1877259e-01  -1.9146260e-01  -3.5262835e-01   8.2947634e-01   4.4183859e-01   8.0145168e-02  -1.4666948e-01  -4.2461339e-01   1.0807758e-01   5.9196469e-02  -1.0763814e-01  -5.4456969e-01   2.9326762e-01   3.4444083e-01   5.7391635e-02  -2.8080349e-01  -1.1215975e-01   2.7498912e-01  -1.8396468e-03  -3.8323945e-01  -4.6521858e-02   3.0083896e-02  -2.1088155e-01   1.6504695e-01   2.4878453e-01  -6.3286295e-01  -2.1783664e-01  -5.6835121e-02   2.4132130e-01   8.3280954e-02  -5.1789258e-01  -3.1585739e-01  -3.9305531e-01   1.1734268e-02  -3.4445211e-01  -9.3562894e-04   6.1804295e-01  -3.1160377e-02  -3.1477997e-01  -2.9615754e-01  -2.1032414e-01  -6.4503890e-01   1.4796569e-01  -8.9505249e-02   4.8434088e-01  -3.5393084e-01  -1.0068974e-01   8.1583121e-01   4.4015947e-01  -1.5679062e-01  -2.5796860e-01   4.8188995e-01   5.4690241e-01  -1.1271525e-01  -2.2393692e-01  -2.2859373e-01  -1.6543705e-01   6.0327375e-02  -5.5894601e-02
   4.0607687e-02  -4.9560789e-01   3.2936946e-01   3.8239800e-01  -4.6779492e-01   0.0000000e+00   5.1583070e-02   1.3333959e-01  -1.1758722e-01   8.3569277e-02   4.4204287e-01   1.6538544e-01  -2.3322992e-01   3.9687570e-01   2.4214552e-02   2.3334738e-01   2.4157242e-01   5.4135806e-01   2.8772280e-02  -4.2469846e-01   1.2969544e-02   5.7909803e-01   5.2867829e-01  -1.2281981e-02  -3.0350999e-03   5.3567915e-02   2.8939361e-01  -2.0185668e-01  -7.4237352e-02   6.6829748e-01   2.0849275e-01   2.4375967e-01   5.3120859e-02   1.9259282e-01   5.4608967e-01  -3.7109112e-01  -1.5912559e-01  -2.9643670e-01   4.4275671e-02  -2.9962856e-01  -1.3623010e-02   1.6508360e-01  -2.6259653e-01   4.5215819e-01   2.3242859e-01   1.8073586e-01   3.2625694e-01   3.7283893e-01   1.8491378e-01  -7.0643259e-02   5.8889297e-01   6.1709647e-02  -5.7341156e-01   4.2507536e-01   2.8975732e-01   4.7941383e-01   3.0557678e-01   4.2598651e-01   4.8252650e-01   5.5574429e-01   2.8482096e-01   9.4701251e-02  -2.1224578e-01  -3.6211994e-01  -8.7903600e-02  -1.1174397e-01   7.7636029e-01  -1.1377693e-01   6.4546854e-01   3.6924242e-01  -5.8051138e-01   4.3570379e-01  -2.9126529e-01   4.1525802e-01   2.2017479e-01   1.7669066e-01   8.6223762e-02   1.9576672e-01  -5.9603714e-01   2.6379990e-01   2.5164943e-01  -3.5120340e-01  -2.1692917e-01   1.6721832e-02   4.6604982e-02   1.0396768e-01   2.2198059e-01   5.8082881e-02  -1.9012903e-01  -2.3176920e-01  -5.8179574e-01   1.9445190e-01   2.0520935e-01  -3.1654991e-01   9.4575319e-02  -5.0614738e-01   1.8351526e-01   1.6408880e-02   1.1686993e-01   3.9610286e-01  -5.6240019e-02   9.0674183e-02   4.9879144e-01   4.1641275e-01   4.7759939e-01   1.2199551e-01   4.2172941e-01   4.0845887e-01   2.8520170e-01   5.7898732e-01   2.7385517e-02   6.4461563e-01   4.6716194e-01   4.7801554e-02  -4.3903678e-02  -5.6545308e-01  -1.6322321e-01  -2.3536097e-01   5.2232843e-01   4.5450580e-01   2.6181709e-01  -5.5522589e-01  -4.2646014e-01  -3.5082616e-01   5.0230937e-02   6.2649207e-01   4.2042580e-03  -1.5285590e-01   2.4302478e-01   2.8075180e-01  -2.6553404e-01  -3.5612349e-01   1.4081483e-01   3.6673840e-01   3.9947073e-01   9.6958802e-02   6.2070703e-02   7.8593355e-02   4.0606695e-01  -3.5176142e-02   1.6382225e-01  -1.6718601e-01   6.1931233e-03   3.5829840e-01   2.1391331e-01   1.8661028e-01  -4.7315129e-01   2.7332709e-01   4.0927426e-01   5.3957460e-01   1.3441037e-01   3.7028282e-01   2.1513994e-01   3.2436020e-01  -6.0515255e-01   5.9280069e-02   1.8475960e-01   3.9304621e-01   9.3464273e-02   4.5429794e-01  -1.2722441e-01   4.1498092e-01  -4.6371445e-01   6.3051498e-01   3.9886525e-01  -4.7894263e-01  -5.4852684e-01   2.5423917e-01   8.8668867e-02  -2.3351958e-01  -1.2463291e-01  -1.7448203e-02   3.7266041e-01   5.0469827e-01  -5.3198120e-02   9.1596868e-02   3.3228966e-01
  -2.0935052e-01   1.7193240e-02  -1.6706122e-01   2.3331528e-01  -1.5906251e-01   5.1583070e-02   0.0000000e+00  -2.7680282e-01   2.5039703e-01   6.1751295e-01   3.1085628e-01  -6.1647781e-02  -1.6257502e-01  -2.3622542e-01   1.6411234e-01  -2.8916990e-02  -2.6468820e-01   2.6615740e-01  -7.6216547e-02  -4.9416460e-02   2.8080766e-01   4.1359527e-02   3.2936258e-01  -1.8009446e-01  -2.8438287e-01  -3.8917155e-01   6.3285096e-01  -7.0147107e-02  -3.8857662e-01   2.3025105e-01   4.1720265e-01  -2.9079973e-02   4.0217688e-03   7.8757170e-01   3.8101310e-01   3.1601129e-01   2.7673008e-01  -2.3544553e-01  -7.7115183e-02  -1.7936596e-03   1.2547497e-01  -2.9724961e-01   4.6680101e-01  -2.4205336e-01   4.3789179e-01  -2.5072869e-01   3.7110083e-01   5.7811057e-01  -1.2414268e-01  -2.1461323e-01   2.9309478e-01  -4.2025814e-01   1.6209016e-01  -3.4929237e-01   1.1121745e-01  -1.7535960e-01  -2.7045503e-01   1.8094089e-02   2.5796070e-01   7.1307455e-02  -1.5968417e-01   3.3903195e-01  -1.7307943e-01   2.9857498e-01   3.7846488e-01   3.5910808e-01  -1.1663534e-01  -1.0885649e-01   1.2269250e-01   1.1687802e-01   1.7163696e-01   2.5453546e-01   2.5678841e-01  -3.2538785e-01  -2.9209923e-01  -1.7898946e-01  -1.0894950e-01  -7.2631306e-02  -2.2824609e-01  -1.1260565e-01   7.9893348e-02   1.7078413e-01   1.9223393e-01  -3.7349863e-01  -4.3136131e-01  -1.9778789e-01   3.0407304e-01  -3.7527224e-01   6.8670240e-02  -2.2042990e-01  -2.5198403e-01  -2.0036531e-01   3.4864667e-01  -8.3216143e-02  -1.7744417e-01  -3.4793590e-01  -2.8023333e-01  -3.1689125e-01   1.9585626e-01   6.4307833e-01  -1.8376770e-02   9.6412656e-02  -1.7371949e-01  -8.1480621e-02   1.3611515e-01   7.7658103e-02   6.2201908e-02  -6.0721363e-02   1.5870428e-01   2.6912040e-01   2.9233380e-01   2.2143836e-01   1.1756538e-01  -3.9010941e-01   7.9954780e-02  -1.1328534e-01  -1.1743416e-01   1.5832304e-01  -4.6171306e-02   7.1683544e-02  -1.7039130e-01  -2.3979261e-01  -2.6320117e-01   1.7153392e-01  -3.1616156e-01  -2.5209208e-01   6.2225748e-01  -2.0730305e-01  -3.6072125e-02   1.7797181e-01   6.0455900e-02   5.6789736e-01  -5.4173500e-01   5.5794491e-01   1.2621936e-01  -2.9375999e-01  -4.1048709e-01  -1.1039925e-01  -1.9726148e-01  -1.0386975e-01   2.8196858e-02  -1.4507709e-01  -8.8358538e-02   1.0475367e-01   2.6295761e-01   7.2712913e-03   2.5381284e-01   2.6820163e-01   6.6403963e-01   4.9593673e-01  -2.8812333e-01  -2.1936605e-01  -1.1869353e-01   4.8625183e-01  -2.5159988e-01  -1.4137009e-02  -1.1821742e-01   1.3467032e-01  -2.4477135e-01   1.2706424e-01   1.0890456e-01  -7.1836234e-02   2.4582555e-01   3.1599100e-01  -9.0455566e-02  -2.0059684e-01   8.4540324e-02  -1.9879566e-01  -6.7589350e-02  -1.5177444e-01   2.6970847e-01  -7.9692475e-02   4.4961027e-01  -2.3929808e-01  -3.2605734e-01  -3.9832595e-01  -4.3221456e-02
   8.8512242e-02   1.5010992e-02  -1.2497982e-01  -9.6076364e-02   2.3733372e-01   1.3333959e-01  -2.7680282e-01   0.0000000e+00   1.2740823e-01  -2.6681344e-01  -1.9342970e-01  -2.1886610e-01  -4.0016294e-02   1.0200521e-01  -2.3782945e-01  -1.0799218e-01   1.0123141e-01  -8.6690921e-02   2.3473588e-01   1.1670542e-01  -2.3434293e-02  -1.9218542e-02  -2.9497961e-01   3.5422213e-03  -3.3501782e-02   7.6497918e-01  -1.2505211e-01   8.2383488e-02  -7.0896387e-02  -9.2161489e-02  -2.0232808e-01   9.4444361e-02   1.9231212e-01  -3.3814813e-01  -3.0570664e-01   3.4519149e-02   1.7564843e-01  -2.3932715e-01   7.8594807e-02   7.0652045e-02   4.3071643e-02   3.7132896e-02  -1.4329670e-01   2.4277611e-01  -1.6460547e-01   1.9567265e-01  -7.9057950e-02   2.3326132e-02   3.8558869e-01   7.0092114e-02  -1.1416136e-01   7.6235064e-01   2.1354120e-01   1.6125465e-01  -1.3794367e-01   1.1357682e-01   1.9603277e-01   5.2159023e-02   3.0889357e-02   8.4815787e-03  -3.3486590e-02  -1.0488006e-01   2.3892433e-02   1.7867788e-01   2.9206511e-01  -4.6707094e-01   1.3843325e-01  -5.5373586e-02  -1.9346275e-02  -2.2808116e-01   7.6221561e-02  -1.7226577e-01  -4.9255785e-02   2.2489414e-01   1.3707305e-01   3.5749087e-01   5.7344719e-03   1.0356050e-01   1.9366481e-01  -3.8589151e-02  -4.3793853e-02  -3.0671029e-01   3.8317336e-02   6.1518746e-01   1.2088827e-01   3.5407474e-01  -1.6163467e-01  -6.3623856e-02  -1.0866374e-01   3.5983555e-02   3.0485486e-01   9.9125391e-02  -1.7214786e-01   1.4478759e-01   4.5916473e-02   1.8019783e-01  -1.2030880e-01   4.4367868e-01   6.6408113e-02  -2.0600931e-01  -1.0067432e-01  -1.0498178e-01   4.5843832e-01  -5.0233443e-04  -3.2570994e-02   9.8248064e-02   2.1665116e-01   4.0035584e-01  -7.5260950e-03  -1.0446882e-02  -4.0637486e-01  -8.8886481e-02  -1.4472775e-01   6.8095227e-03  -1.6899265e-01   2.6224969e-01   1.1408423e-01   7.6768712e-02  -5.3653008e-02  -1.9029492e-01   1.4799772e-01   1.5143972e-01   1.6707204e-01   5.4254815e-02   2.6410389e-01   1.1549887e-01  -8.9452391e-02   2.2579299e-01   9.3739161e-02  -1.8852706e-01  -1.2285500e-01  -1.7149373e-01   1.7353708e-01  -1.0997547e-01  -7.6339360e-02   6.6188143e-01   1.3447586e-02   5.8480733e-02   2.5140536e-01  -2.3747885e-01  -7.3743870e-02   6.2377928e-02   1.1628091e-01  -3.5617863e-01  -2.3376252e-01   1.4266458e-01  -1.5156629e-01  -3.0098953e-02  -2.8579294e-01  -8.4688191e-02   7.9536783e-02   5.7172436e-01   1.3850735e-01  -1.0330797e-01   7.9958451e-02  -2.6151754e-01   1.7425448e-01  -1.0403988e-01   1.0709742e-01  -1.5120405e-01  -1.4024792e-01  -5.8857462e-02  -8.6363127e-02  -2.8335712e-02   1.4850312e-02   1.0963379e-01  -2.0753659e-01   2.1325811e-01   2.0997085e-02   2.0716774e-01   8.0514573e-02  -9.1431037e-02  -1.4499565e-01  -4.5892013e-02  -1.0723986e-01   5.3396933e-02  -5.4058119e-02
  -3.4912359e-01   5.0017890e-01  -3.3020549e-01   3.0929879e-01   3.0217627e-01  -1.1758722e-01   2.5039703e-01   1.2740823e-01   0.0000000e+00   1.1923675e-02   2.7214969e-01  -4.5601654e-02  -1.9782521e-01  -1.9426460e-01  -7.8504329e-02  -8.9079630e-02  -2.6438470e-01   2.6460843e-01  -1.8371490e-01   1.6873840e-01  -1.7871875e-02   1.8133780e-01  -1.1633048e-01  -8.9422318e-02  -1.9323051e-01  -9.4203791e-03   1.7635619e-01  -3.7138581e-01  -1.7345110e-01   1.6890181e-01   3.4935528e-01   3.0682101e-01   2.3670024e-02   2.4697016e-01  -8.5262950e-02   3.4349942e-01  -3.1242509e-04  -8.4079746e-02   1.1816381e-01  -9.2079972e-02   1.9617276e-01  -3.7434093e-01   3.2199314e-01  -9.3940415e-02   2.4274890e-01  -4.4216560e-01   5.2633608e-01   2.3258576e-01   8.9474442e-02  -3.0311520e-01   1.6099113e-01  -5.5281494e-02   3.4312407e-01  -3.6894376e-01  -6.4093415e-02  -1.6982081e-01  -2.8694834e-01   2.6875018e-01   3.2369279e-01   3.1675938e-01  -2.9112977e-01   2.8932363e-01   6.3622132e-01   2.8422308e-01   5.6459959e-01  -8.4001136e-02  -2.1861765e-02   1.5036179e-01   2.5463261e-01  -2.7252562e-01   2.4633559e-01   2.5944942e-01   1.1155674e-01  -2.6937873e-01  -2.0148761e-01   1.0397257e-02  -4.1467368e-01  -8.4895622e-02   5.5908798e-02   2.7146282e-01  -3.0069337e-01   8.7283012e-02   1.5348091e-01   4.9371956e-02  -5.1476124e-01   5.5979572e-02   4.5158584e-01  -1.9740473e-01   2.7376922e-01  -2.6288073e-01   4.6764494e-02  -4.2516869e-01  -2.2592073e-01   5.5264479e-01  -3.5123439e-01  -1.0343998e-01  -2.0503124e-01  -8.7209722e-02   4.8646488e-01  -4.5673408e-02  -2.9224810e-01  -3.1566391e-02   2.7558862e-02   1.5833054e-01   1.9856373e-01   4.0761405e-01  -1.0770485e-01   3.1424795e-01  -1.1271344e-01   1.3990978e-01  -1.5531872e-01   1.7861760e-01   2.5970584e-01  -3.2149403e-01  -2.7641196e-01   1.7833074e-01  -8.0985522e-02   5.5467058e-02  -4.3074567e-01   2.0042894e-01  -3.1231564e-01  -4.4802672e-02   9.0433867e-02   1.6854128e-01  -4.1905527e-01  -1.3256618e-01   2.2558504e-01  -7.4115267e-02   2.5095819e-01  -4.6841293e-02  -1.0548789e-01   4.1496921e-01  -6.6293603e-02   1.6607723e-01   3.5680657e-01   9.8660711e-03  -1.8983997e-01  -4.2589697e-01   6.5485289e-02   9.7682660e-02  -1.3688542e-02  -1.5193581e-01   3.2224848e-01  -2.9956787e-01   1.7923206e-01   3.7301035e-01  -1.0531338e-01   2.6744523e-01   5.4859786e-02   5.5443388e-02  -3.6609598e-01   4.5344425e-03  -1.6659240e-01   3.2930465e-01   1.1882487e-01   7.4981005e-02  -2.8800285e-01   2.2021267e-01  -3.9646744e-01  -1.6740304e-01   2.2379485e-01   2.8460504e-01   2.5022539e-01   2.5013804e-01   3.0347653e-01   2.0392886e-01   1.3411289e-02  -2.0521986e-01  -8.9097296e-02   1.7590005e-02   8.9387102e-02  -1.2661402e-01   3.6283706e-01  -1.7956421e-01  -6.6590754e-02  -2.5665186e-01   3.1969907e-01
  -2.0092094e-01  -2.6348279e-01  -1.5483319e-01   2.0221535e-01  -4.4904142e-02   8.3569277e-02   6.1751295e-01  -2.6681344e-01   1.1923675e-02   0.0000000e+00   2.7703631e-01  -2.3397426e-01   1.1991896e-01  -1.5367324e-01   3.3152663e-02   1.0800957e-01  -1.7117982e-01   2.3541908e-01   9.0814557e-02   7.6974450e-02   2.7149360e-01   1.5857242e-01   3.1616228e-01  -5.5271724e-02  -1.9288361e-01  -3.5010970e-01   5.9767275e-01  -1.0995989e-01  -2.8038974e-01   2.4474112e-01   2.7366302e-01   2.9193219e-02   1.1223370e-01   6.3865669e-01   4.5946482e-02   3.1559284e-01   1.8926165e-01   5.1980495e-02   3.6562613e-03   3.7456305e-03   2.9096947e-01  -5.4740703e-02   1.6567840e-01  -1.7920098e-01   4.9530846e-01  -2.1357600e-01   1.8827697e-01   4.0888894e-01  -1.7865129e-01  -2.2765762e-01   2.7135019e-01  -3.5817184e-01   6.1858042e-02  -4.1283473e-01   1.5618720e-01  -1.0345754e-01  -1.9486172e-01   1.3324985e-01   2.6246051e-01   1.6077765e-01  -3.7208873e-02   3.0200415e-01  -3.5446928e-01   2.1547922e-01   1.4072972e-01   3.6665912e-01  -4.9650314e-02  -2.6801206e-01   2.7116783e-02   6.7804437e-02   4.6571021e-02   1.4263063e-01   2.6403839e-01  -2.8246733e-01  -4.0483802e-01   2.5493958e-02   1.3118837e-01   1.0238975e-02  -1.6120083e-01  -4.2532134e-02   6.4437721e-02   1.1747567e-01   9.4084779e-02  -3.2371442e-01  -2.8343471e-01  -1.0529222e-01   5.3478602e-02  -2.4494388e-01  -8.5524181e-02  -6.7972174e-02  -2.1552578e-01  -5.9970403e-02   3.4358700e-01  -9.5845444e-02  -1.1192635e-01  -1.3601249e-01  -1.0481893e-01  -2.2599514e-01   2.2971333e-01   4.9630768e-01  -1.0315048e-02   5.0292695e-03  -3.3304386e-02   1.0452940e-01   1.2841774e-01   1.0377215e-01  -7.6700754e-02  -5.8046548e-02  -2.5871460e-02   2.5806263e-01   2.0169128e-01   2.3986605e-01  -4.0955831e-02  -2.6238927e-01   4.7075072e-02  -6.5354038e-02  -1.1231053e-02   3.5539675e-01   1.3554676e-02   1.1855465e-01  -1.5939509e-01  -5.3713363e-02  -3.6505764e-01   7.7690422e-02  -1.3858076e-01  -1.2089271e-01   3.2565639e-01  -2.7828514e-01  -2.7281326e-02   1.3680764e-01   2.2333340e-01   3.7635515e-01  -5.0890481e-01   5.1269603e-01   3.5270283e-02  -4.2674519e-02  -2.3280771e-01   5.2854566e-02   5.8358200e-03   1.1414872e-01   8.5390013e-02  -8.9514643e-02  -3.2973300e-02  -1.9859537e-03   2.0481501e-01   7.2489684e-02   3.7674322e-02   3.1274535e-01   5.8687770e-01   5.5594389e-01  -1.5595661e-01  -1.2718375e-01  -8.0270595e-02   4.7838792e-01  -3.4224999e-01   9.1249421e-02  -1.3437182e-01   2.9783954e-01  -1.0348945e-01   1.5082806e-01  -1.2612450e-01  -2.6329884e-02   3.3011095e-01   2.9917185e-01   2.6784877e-02  -1.2849497e-01  -3.0140613e-04  -1.7792765e-01  -5.6205559e-02  -6.0405064e-02   3.7303041e-01   1.6814793e-02   3.1386843e-01  -2.4568467e-01  -3.5371739e-01  -2.8585511e-01   5.3650146e-02
  -2.3150281e-01  -3.1242207e-01   6.0980164e-02   5.9807400e-01  -3.7172816e-01   4.4204287e-01   3.1085628e-01  -1.9342970e-01   2.7214969e-01   2.7703631e-01   0.0000000e+00   7.0033440e-02  -2.8295634e-01   2.5296781e-01   2.9743226e-01   4.6738771e-01  -2.2146388e-01   7.0071116e-01  -1.4005248e-01  -3.3693375e-01   1.9063178e-01   5.5308700e-01   6.7705543e-01  -7.5462447e-02  -2.0504417e-01  -3.7044477e-01   4.4030663e-01  -4.0743680e-01  -9.7078494e-02   5.8270522e-01   5.3586273e-01   2.0022587e-01  -7.6345806e-02   4.7764820e-01   4.4639015e-01  -9.6744223e-02  -9.4408285e-02  -3.0382661e-02   1.8620772e-01  -2.8460517e-01   2.2303105e-01  -5.2229087e-02  -1.7262914e-01   3.2232781e-01   5.0906410e-01  -1.8593151e-01   6.9159794e-01   4.2385690e-01   7.4129851e-02  -2.4401876e-01   6.8449311e-01  -2.8392044e-01  -3.9510516e-01  -6.1619570e-02   4.4540689e-01   3.0234084e-01  -1.4221262e-02   3.9704470e-01   5.0993342e-01   5.6082779e-01  -5.0785727e-03   2.4938788e-01  -4.0390191e-03  -1.4567530e-01   8.7827317e-02   1.0497508e-02   3.7225503e-01  -4.2718039e-02   6.1841939e-01   2.5700189e-01  -4.5520058e-01   6.1150984e-01  -4.5849818e-02   2.5321373e-02  -5.5242702e-02  -7.9278611e-02  -1.8592047e-01   9.5145783e-02  -5.9010906e-01   3.3965674e-01   1.2789829e-01   4.6111456e-02   2.2730364e-02  -2.4249327e-01  -5.1277782e-01  -4.7492920e-02   3.8200233e-01   7.9125120e-02   1.5921400e-02  -2.4851745e-01  -6.6058403e-01  -2.1000644e-01   8.8548116e-02  -1.2783890e-01  -1.2573879e-01  -6.3863499e-01  -1.1227085e-01  -1.6782314e-01   4.2061047e-01   4.6926080e-01  -3.4170311e-02   1.7850633e-01   2.1359572e-01   4.2254021e-01   4.7604387e-01   2.1535174e-01   8.4373672e-02   1.8719121e-01   1.8435325e-01   6.6163569e-01   2.5168671e-01   6.2649381e-01   6.0513384e-01  -1.0404481e-01  -3.4048329e-02  -4.6215776e-01  -7.0230891e-02  -1.1862431e-01   1.3305540e-01   5.5912352e-01   1.1383241e-01  -5.9174362e-01  -5.5598541e-01  -1.1768139e-01  -2.5865508e-01   2.9722124e-01   2.1409464e-01  -3.0302972e-01   2.0789795e-01   2.9898462e-01  -7.5409120e-02   1.3131116e-01  -1.0780507e-01   5.7619301e-01   2.6339536e-01  -2.4191047e-01   7.0516506e-03  -5.2115861e-02   2.1248025e-01   1.1978482e-01   2.9701519e-01  -2.4336830e-01   1.9244737e-01   2.0692959e-01   4.8296276e-01   4.3865340e-01  -4.4280245e-01   5.4255195e-01   6.4769837e-01   6.2271044e-01  -1.0900542e-01   1.3580310e-01   7.9040032e-02   6.0055077e-01  -4.9637317e-01   2.5773276e-01  -1.6817476e-02   5.1982219e-01  -2.2542016e-01   5.5862897e-01   4.4590131e-02   5.3563557e-01  -4.2442738e-02   7.4530724e-01   3.9602869e-01  -3.3041513e-01  -1.8962440e-01  -5.5325848e-02  -8.9256588e-03  -2.7040772e-01  -3.0796511e-03   1.0017483e-01   6.6344571e-01   2.1812833e-01  -1.2225999e-01  -2.2084154e-01   4.9538727e-01
   1.2914657e-01   1.4555413e-01   4.5732248e-01  -2.7247234e-02  -1.4397413e-01   1.6538544e-01  -6.1647781e-02  -2.1886610e-01  -4.5601654e-02  -2.3397426e-01   7.0033440e-02   0.0000000e+00  -2.6027588e-02  -6.4964356e-02   2.2697758e-01   2.1988671e-01   2.8304747e-01   2.5951053e-02  -8.1313842e-03  -6.2205214e-02  -3.1519637e-01   5.7173786e-02   1.3697543e-03  -1.2370806e-01  -4.5596345e-02  -2.1861607e-02  -2.6721407e-01   6.8289193e-02   2.5401440e-01   9.0757024e-02  -1.7957103e-01  -1.7186691e-02  -2.8794550e-01   1.0861156e-01   4.0374567e-01  -1.5635077e-01  -2.4921210e-01  -8.4228793e-02  -8.1190928e-02  -2.2246607e-03  -5.5899440e-02   1.2631654e-03   1.0825097e-01   2.7644249e-01  -9.2531939e-02   1.3927714e-01  -3.8638411e-02  -3.2974117e-01  -1.6266961e-01   4.7863501e-02   5.6266659e-03  -5.5400274e-02  -2.6845965e-01   4.0078027e-01  -1.6850623e-01   3.4716510e-01   1.0536809e-02  -2.3093984e-02  -1.4624997e-01   1.6214644e-01   1.5568147e-01  -6.4841896e-02   3.2488665e-01  -5.4130641e-01  -2.2926828e-01   9.6558588e-02   2.3961684e-01   9.6379565e-02   6.8175948e-03   1.3174719e-01  -3.1569110e-01  -1.2113289e-02  -8.2714127e-02   1.2292176e-01   3.2543370e-01   2.3469487e-03  -1.1491891e-02   2.7619048e-01  -6.3699453e-02   1.7095691e-01  -8.1768226e-02   1.1015444e-01  -1.2180227e-01  -3.7790748e-02   2.5964241e-01   9.6698124e-02   1.1214762e-01   2.2297736e-02   3.0246468e-01  -1.8804795e-01  -1.9206323e-01   1.9609872e-01   3.3363440e-01   1.4170942e-01   1.7004851e-01  -2.0618206e-02  -1.6865536e-02   1.6559774e-01  -1.3872892e-01   5.3366413e-02  -1.4849798e-01   2.3568422e-01  -1.8700760e-01   4.8672739e-02  -1.0184608e-01   1.2583657e-01   1.5185453e-01  -6.0467300e-02   6.0017177e-02  -2.1015973e-03   3.3080481e-01   7.3783447e-04   2.5426854e-01  -8.2066315e-02  -5.5457617e-02  -1.5295814e-01   7.1938403e-02  -6.5503665e-02  -7.2436010e-03  -2.5729404e-02  -6.3200468e-02  -6.6742005e-02   1.7063834e-01  -2.4714773e-01   2.7720691e-04   1.6525453e-01   2.2436284e-01   2.4171075e-02   9.4727779e-02  -7.2674199e-02  -5.7620194e-02  -1.5422524e-01   3.9541412e-01  -3.2494524e-01   3.0417895e-01  -1.6513999e-01   4.0016148e-01  -3.2517332e-01   2.8632181e-02  -1.3899779e-01  -5.5055045e-02  -6.8362640e-02   1.1564749e-01   3.0378804e-01   3.3002134e-01  -2.2537504e-01   2.5821151e-01  -2.2381903e-01  -9.5301591e-02  -1.8541559e-01   8.8650609e-02  -2.6978183e-01  -2.7258975e-02  -5.9023274e-02   1.6996087e-01  -6.2955524e-02   1.0843048e-02  -1.1865914e-02   1.0967190e-01  -4.8195978e-02   1.6260512e-01   3.0316822e-01  -3.5297096e-01  -1.4213972e-01  -1.8387578e-03   1.4601016e-01   4.3316099e-02  -1.1250012e-02  -7.8381189e-02   1.3409974e-02  -2.0940853e-02  -2.3147621e-01  -1.4298564e-01   4.0183983e-01   3.2096549e-01   2.5085694e-01   1.1709809e-01
   9.4836979e-02   9.4959312e-02  -8.7669485e-02  -1.8940752e-01   9.9414407e-02  -2.3322992e-01  -1.6257502e-01  -4.0016294e-02  -1.9782521e-01   1.1991896e-01  -2.8295634e-01  -2.6027588e-02   0.0000000e+00  -6.6698768e-03  -2.0524224e-01   6.9933665e-02  -2.7586940e-02  -2.5340245e-01   4.1443136e-02   2.5961905e-01  -1.0468906e-01  -2.7779076e-01  -1.3563156e-01   2.2322912e-02   7.9529025e-02   3.5833636e-03   5.4419123e-02   1.3357812e-01   2.9930987e-01  -1.8084003e-01  -2.4981159e-01  -1.4950220e-01   2.3261704e-01  -1.7867823e-01  -1.8313463e-01   3.0129995e-02  -2.1226368e-01   2.1327528e-01   7.1031463e-02   1.6292438e-01   6.5446470e-01   2.5018977e-01  -2.0122099e-02  -1.9648320e-01   2.2339265e-02  -8.4318615e-02  -2.7465421e-01  -2.7094445e-01  -8.7875105e-02  -9.1430604e-02  -1.8541428e-01   1.7059796e-02  -8.0716715e-02  -1.0946812e-02  -9.3503580e-02  -7.0637477e-02   3.4648547e-02  -9.6780565e-02  -1.2545188e-01  -1.3564965e-02  -2.2907565e-01  -1.1428297e-01   6.8718188e-02  -1.0586348e-01  -2.0274168e-01  -1.0857684e-02  -2.7692488e-01  -1.0321219e-01  -3.7788981e-01  -4.7051079e-02   2.0804224e-01  -2.3003355e-01   4.8897606e-01  -7.0156770e-02   1.9115622e-01   5.3108793e-02   2.4569849e-02  -6.5078004e-02   1.0493760e-01   2.1875392e-01   1.0035202e-01   4.4456904e-01  -5.9261747e-02   1.9670977e-02   8.2156847e-02  -5.9685901e-03  -9.6195911e-02   5.0523385e-02   5.3806561e-02   9.2095546e-02   1.5615550e-01  -1.4159305e-01  -2.0818001e-02   1.0004962e-01  -1.0721370e-01   3.4164936e-01   1.7907743e-01  -5.4413265e-03   4.1884330e-02  -1.1427973e-01   1.6456385e-01  -1.3916320e-01  -1.5973066e-01   7.3038141e-02  -2.0717219e-01  -1.5093108e-01   1.1463671e-02  -1.7070015e-01  -2.0484068e-01  -2.9223507e-01  -9.4594390e-02  -2.4583115e-01  -1.8292566e-01   1.9559896e-01   2.0757943e-01   7.7347269e-03   9.3392155e-02   7.0679210e-01  -8.9028302e-02  -1.6858121e-01  -7.8273336e-02   1.7560807e-01   1.9638009e-01  -2.8920555e-02   3.1734375e-02  -1.4143827e-01  -2.4547723e-01   3.2727418e-01  -9.1069654e-02   4.7479695e-02   4.7294089e-01  -2.5612578e-01  -8.9158748e-03  -2.5549573e-01  -1.3274060e-01   1.6531853e-01   2.6275418e-01   1.6424926e-01  -3.0226557e-02   2.2855474e-01  -1.0356415e-01   5.9382375e-01  -3.5832282e-02   1.7973009e-01  -2.6962106e-01  -8.3924887e-03   1.2139605e-01  -1.9317680e-01  -8.7254693e-02  -2.2745856e-01   4.6771959e-02  -1.2576360e-01  -1.0154061e-01  -2.9384150e-01   2.5407767e-01   9.9465679e-03  -8.4568409e-02   9.6581029e-02  -9.2966133e-02  -5.9177682e-02   2.6347543e-02  -2.7124649e-01   1.5732218e-01  -3.6807164e-01  -1.2758263e-01   5.3053229e-02   6.2518168e-02   1.4073290e-01  -1.0621539e-02  -5.2694114e-02  -1.2753322e-01   9.4871989e-02  -3.0379642e-01  -3.8036513e-03   2.0194758e-01   7.3472285e-03  -2.1731783e-01
   2.3434005e-01  -4.6147350e-01  -9.7596108e-03   5.6244384e-02  -3.2055389e-01   3.9687570e-01  -2.3622542e-01   1.0200521e-01  -1.9426460e-01  -1.5367324e-01   2.5296781e-01  -6.4964356e-02  -6.6698768e-03   0.0000000e+00   2.3361769e-01   2.3807916e-01  -9.6588062e-02   1.0718222e-01  -1.2977485e-01  -3.0492528e-01   6.1470346e-02   1.5908717e-01   3.9284544e-01   4.5669591e-01  -5.0456175e-02  -2.7750334e-02  -1.7986019e-01   1.5850521e-01   1.6122454e-01   1.8933873e-01   1.3820638e-01  -1.3806391e-01   2.0986052e-01  -1.8801936e-01   2.2572269e-01  -4.1461957e-01  -2.9958818e-01   8.4460665e-02   1.7986132e-01  -3.0791304e-01   1.5445106e-01   3.8175984e-01  -3.2475724e-01   3.5335020e-01  -9.1798744e-02   1.7216016e-01  -2.8230339e-02  -3.5537154e-02  -4.3882113e-02  -1.8862886e-01   1.2977014e-01   9.6940752e-02  -5.2466787e-01   4.0455870e-01   4.8733299e-01   4.3035718e-01   1.3532290e-01   6.2256523e-02   2.3024009e-01   3.4835399e-01   2.6618430e-01  -1.3618013e-01  -1.2233233e-01  -3.1067939e-01  -3.0117534e-01  -1.4702416e-01   1.6690983e-01  -1.1594943e-01   1.9816992e-01   1.4906186e-01  -4.6687735e-01   1.0145682e-01  -1.4644772e-01   5.8599668e-01   3.5311596e-01   8.4700207e-02   1.9138981e-01  -3.3525764e-02  -2.8076619e-01   2.7927408e-01   5.0929843e-01  -2.2092442e-01  -2.2449168e-01   9.1662189e-03   1.1359188e-01   2.7057948e-02  -6.8526828e-02   6.0711436e-01  -3.1560208e-01   2.8604518e-01  -2.2108322e-01   1.2198953e-01  -2.3590313e-01  -2.2469287e-01   1.1158899e-01  -2.7309570e-01  -5.9426624e-02  -5.1195558e-02  -7.8302636e-02  -1.9725215e-02   2.6862799e-01   2.0303764e-01   5.4294451e-01   3.3154650e-01   6.3482093e-02  -1.2489922e-01   2.2993310e-01   1.4396438e-02  -2.4459171e-02  -4.3567955e-02  -1.1672504e-02   1.9671814e-01   8.1760837e-02   4.1905092e-01   3.1181592e-01  -3.9234034e-01  -4.7979923e-02   2.0339444e-02   4.9911187e-01   1.7719096e-01   3.9800388e-01  -2.6366979e-01  -1.6591191e-01  -2.3924476e-01   1.9192133e-01   7.1128186e-01  -2.9106913e-01   9.3507055e-02  -2.4150969e-02   4.2720795e-02  -5.6696869e-02  -3.9086369e-01   1.9993467e-01   1.1058270e-01  -1.6103120e-01   1.1408247e-01   1.5821066e-01   5.4615693e-01   2.0241692e-01   2.8045378e-02   2.7200731e-01   2.8774717e-01  -7.4639424e-04   2.1527942e-01   1.8450615e-01   2.7768924e-01  -4.1804930e-01  -6.3375170e-02   5.5509739e-02   1.5940036e-01   4.2779943e-01   2.5926875e-01   4.8355609e-01  -7.1720722e-02  -4.0656337e-01   1.8322325e-01   3.0702112e-01   2.6660213e-01   2.6132891e-01   4.7457112e-01  -2.0104664e-01   7.9639365e-02  -3.5650689e-01   1.6339033e-01   1.4313100e-01  -3.6126524e-01  -3.1320582e-01   2.6247233e-01   5.1111805e-01  -3.8055867e-01  -3.3626209e-01   3.9401039e-02  -9.4216391e-03   1.8878989e-01   6.0990021e-02   4.0395642e-02   8.8068437e-02
