   0.0000000e+00   1.5699286e-01   6.0963044e-02  -1.8598929e-01   3.3182366e-01  -1.8458001e-01  -4.0402439e-01   2.5150745e-01  -1.1317110e-01  -2.5548172e-01  -1.8576036e-01  -8.9793833e-02   2.6974635e-02  -1.7850094e-01  -2.7425213e-01  -1.2925927e-01   2.4634403e-01  -2.2005964e-01  -1.6032944e-04   2.0306926e-01  -3.0774964e-01  -1.3461553e-01  -4.3081028e-01   6.4336699e-01  -1.5508087e-01   2.3263439e-01   1.4312554e-01   6.5461500e-02  -1.1996026e-01  -9.5076705e-02  -7.3033272e-02  -1.8576175e-01  -2.6013631e-02  -5.9289266e-02  -1.7217672e-01   1.0847275e-01  -1.2771774e-01   4.1906218e-01  -4.7145867e-02   5.3860020e-02   2.3091999e-01   1.3112560e-02   4.0424409e-01  -1.6328659e-01  -6.9557967e-02   8.5332522e-02   6.7364176e-02  -3.5508045e-01  -1.1439411e-03   2.7903663e-01  -1.6327690e-01   1.5068755e-01   1.6037291e-01   1.8118221e-01  -5.0517365e-01  -3.3614758e-01   6.4837976e-02  -4.1338772e-02   1.5453393e-01  -2.0472583e-02   1.1969111e-01   4.2301587e-02   3.2785752e-01   1.0325349e-01   9.0158932e-02  -3.1791700e-01   3.3602924e-02   1.2655296e-01  -1.7771856e-01  -3.4134656e-01  -5.4613189e-02  -2.6762568e-01   1.9299006e-01   2.1987717e-01   2.9766434e-01   5.7417192e-02   7.6139287e-02   8.6140123e-02   4.0093312e-01   1.7794528e-01  -1.9474273e-01   6.8331482e-02   1.2657350e-01   2.0255141e-01   5.3743609e-02  -1.5099845e-02  -4.3617382e-02  -1.8148880e-01   1.0352509e-01   6.8334211e-01   4.2256914e-01   6.0036420e-02  -2.3351445e-01  -1.5578528e-01   2.4493452e-01   2.5761214e-01   6.9109191e-02   8.4164895e-02   1.5613355e-01  -1.9403344e-01  -2.0370198e-01  -9.9937332e-02  -2.9285736e-01  -4.8785948e-02  -4.5576516e-02   2.7524448e-02   1.3184537e-01   5.9371416e-02  -1.5123636e-01  -2.1183729e-01   6.1432881e-02  -3.7778142e-01   3.6161364e-03   6.8792913e-01  -2.8537603e-01   2.7192607e-01  -2.4469254e-01   1.9349221e-01  -1.0902648e-01  -2.7093080e-01   4.2450878e-01   3.5077021e-01   3.5234236e-01   1.7940010e-01   3.8921536e-01  -1.4559489e-01  -9.1253716e-02   2.5970069e-01   6.3193930e-02  -4.5223310e-02   6.6995339e-02  -7.0980149e-02   4.0716382e-01  -1.3609150e-01   5.2514028e-02   2.4858820e-01   1.4079908e-01  -7.3931189e-02   6.8207716e-02   5.3395720e-01   6.5741253e-01  -1.6317201e-01  -5.5799217e-02  -2.5838850e-01  -3.7094272e-02   1.9501758e-01  -1.7888689e-01  -8.5008994e-02  -2.4944450e-01  -8.4735927e-02   6.7879209e-02  -1.0237355e-02   2.2063429e-01  -7.4214050e-03  -6.3999280e-02   6.1412786e-01   2.4657321e-01   1.8178212e-01   1.4763277e-01   6.8597060e-03  -3.0218558e-02   7.4765718e-02  -3.7503486e-02  -1.3682005e-01  -9.5594707e-02   8.3573385e-02   1.0835956e-02   1.8949164e-01  -2.0265241e-01  -1.5143333e-01   1.2754134e-01   3.0887522e-01   1.2870209e-01  -1.0280285e-01  -2.3068579e-01   2.9785810e-01  -1.4695325e-01
   1.5699286e-01   0.0000000e+00   1.4268581e-01  -3.9386483e-01   3.3136427e-01  -4.7347823e-01  -3.1282174e-01  -8.4449889e-03  -4.2429391e-02   9.2882714e-02  -1.6242321e-01   3.7383932e-01  -1.7104487e-01  -4.9381310e-01  -3.1936400e-01  -8.1026970e-02   5.2322232e-01  -3.0528228e-01  -2.6270556e-02  -1.4759764e-01  -1.1439776e-01  -1.7174027e-01  -6.7509882e-01   1.1459411e-01   1.5414530e-01   2.7465165e-01  -1.4853671e-01  -3.6282067e-01   3.5187608e-02  -3.6574747e-02   1.1700856e-01  -2.1456785e-01  -1.0030772e-01   2.8150671e-01   5.9392710e-02  -1.5148154e-01   3.5766426e-01   8.4808496e-02  -1.1943943e-02   2.4003371e-01  -1.3089657e-01  -1.7199212e-01   4.7943076e-01   1.5352673e-02   3.5671953e-01  -5.2226496e-02  -4.5886311e-01  -1.0393629e-01   2.7079539e-01   4.8172543e-01  -4.0209503e-01   9.7076389e-02   8.3598345e-01  -3.5482549e-02  -1.5246348e-01  -3.6910286e-01   2.5651573e-01  -1.8059721e-01  -1.3643963e-01   1.2320500e-01  -1.6569552e-01  -1.6713106e-03   3.9653006e-01   7.1203599e-01   6.4898240e-01  -4.6614123e-01  -4.4769911e-01  -3.4697078e-01  -4.4004970e-01  -3.9548238e-01   8.0576861e-01  -4.6885662e-01   6.4401097e-02   2.9533092e-01   2.5439819e-01  -3.9863028e-01  -2.0028445e-01  -2.6395075e-01   3.9583369e-01  -2.3516742e-01  -4.3160231e-01  -1.3804347e-01   6.3667674e-01   2.1080878e-01   1.1965655e-01  -4.7456792e-01   4.2978949e-01  -2.6119414e-01  -6.4748840e-03  -1.3711902e-01   5.8762023e-01  -2.1978616e-01  -3.6050162e-01  -2.1448261e-01  -1.8761558e-01   1.5228209e-02  -4.2150952e-01   2.0078006e-01  -1.8273769e-01  -8.3421156e-02   1.9210095e-01   9.2450630e-02  -6.5254268e-01   7.1102819e-01  -3.7992692e-01  -1.2281091e-01  -3.6055844e-02   1.7587126e-02   1.1516927e-01  -5.9952541e-01   3.7100825e-01  -5.7768656e-01  -5.7167036e-01  -5.6162430e-02  -3.7833151e-01   7.6123525e-01  -3.6397049e-01  -2.5378776e-01  -3.2820823e-01  -3.3100116e-01  -5.2475476e-02   3.0922595e-01   2.3478010e-01   5.7688248e-01  -1.7161256e-01  -4.6284680e-01  -1.1872416e-01   4.3108275e-02  -4.1797178e-02   1.7238776e-01  -1.7073148e-02   4.9256067e-01   5.0881773e-01   2.1850853e-01   1.6007947e-01  -2.5172144e-01  -2.4884622e-01  -2.1572038e-01  -3.0517021e-01   1.7480484e-01   2.5252270e-01   9.2979462e-02  -1.5222811e-01  -4.2197343e-01   7.4565145e-02   2.1708864e-02   2.2717758e-01  -1.4902205e-01  -4.4735881e-01   3.1967955e-01  -1.3826045e-01  -3.6551939e-01  -1.3734368e-01   5.5183970e-01   3.1198998e-01   1.3492744e-01   3.9024471e-02   5.4270637e-02  -9.5564070e-02  -3.0594173e-01  -4.1130925e-01   1.0761547e-01  -3.0959128e-02  -1.2758081e-01   1.2683141e-01   4.3419452e-01   4.3482051e-01  -2.7542981e-01  -4.5943351e-01   2.5209121e-01   1.6202409e-01   7.7246266e-02   8.8148201e-02  -3.6605399e-01   3.1903943e-01   2.4958958e-01  -1.2035051e-02
   6.0963044e-02   1.4268581e-01   0.0000000e+00   1.7805374e-02   3.3625737e-01  -8.2596170e-02  -3.2995718e-01   1.4288914e-01  -1.2518995e-01  -1.4237067e-01  -1.2820553e-01   1.1512633e-01  -8.3555478e-02  -9.8630175e-02  -1.6854916e-01   2.2875204e-01   7.5261080e-01  -2.0284049e-01  -2.8729147e-01   1.1218953e-01  -3.0965368e-01  -1.4897271e-01  -2.6204775e-01   1.6489638e-01   7.4501361e-02   7.6473861e-02   1.3731000e-01  -3.1209211e-01  -1.1827883e-01  -5.3011320e-01  -1.8834018e-01  -2.4405950e-01   2.2621690e-01  -9.9101733e-02   3.9246858e-02   7.7939086e-02  -1.1703448e-01   3.7205800e-02  -5.7728479e-02   2.9319225e-01  -2.5323542e-01   1.0675535e-01   2.9479352e-01  -4.8702103e-02   1.5184941e-01   2.2873590e-01  -1.9004502e-01  -1.7760779e-01   1.1284492e-01   5.7313062e-01  -1.9412277e-01   3.7262818e-02  -8.3438156e-02   4.4430237e-01   1.0754523e-01  -6.1837795e-02  -1.8681462e-02   5.1422608e-02  -2.4260130e-01   8.2040968e-02   4.3407503e-01   1.4069562e-01   1.4596731e-01  -4.9900400e-02  -9.7205486e-02  -2.3672519e-01  -1.5791067e-01  -2.4868600e-01  -4.1209795e-01   2.4827358e-01   1.4575858e-01  -4.9704993e-02  -3.1255220e-01   5.6946052e-01   4.0685446e-01   1.0855608e-01   3.3218895e-01  -2.3699160e-02   8.6378272e-02  -1.7971151e-03  -6.6315689e-02  -5.8661134e-02   1.8474374e-01   5.5900455e-02   5.8165868e-01  -2.4952697e-01  -1.4326824e-01   1.7669781e-01   1.5548650e-01   7.3926684e-02   1.9867246e-01   5.0337366e-01   8.5568848e-02   9.8259267e-02   1.0290085e-01   1.4148111e-01  -6.6346843e-02  -2.9477531e-01   4.7854129e-02  -4.1511846e-01   3.3163697e-01   4.7573247e-02  -2.7206219e-01   1.4302304e-01  -1.9758918e-01   5.7333644e-02   2.9933335e-01  -2.6664937e-01  -3.6093034e-03  -4.6748541e-01   3.4060447e-01  -3.4937013e-01  -1.3706945e-01  -1.1014140e-01   2.2700396e-02   2.3733282e-02  -1.6997271e-01  -2.7635791e-01   2.1085806e-02  -4.6750524e-02   5.2149260e-02   3.3836136e-01   3.3222104e-01  -1.0992268e-01  -1.1341582e-01   1.6529976e-01   1.3607197e-01   2.6788120e-01   8.6192284e-02   4.5821221e-01  -1.0817947e-01  -3.9289265e-02   3.2941501e-01  -1.8793145e-01   1.1649835e-01  -1.5964578e-01   1.4025100e-01   3.9479943e-03  -2.5077125e-01  -1.1175975e-01   2.2223746e-01  -1.5893125e-02  -8.4466337e-02   3.2650768e-03   2.5377701e-03  -4.0106128e-01   8.0954309e-02  -3.1011192e-01  -3.9281209e-01  -2.1902372e-01   3.5001353e-01   2.1491392e-01  -3.0568915e-02   1.4626560e-01   6.2120970e-01   3.1775978e-02   1.2752064e-01  -5.8916188e-02   3.3145297e-01  -1.0747374e-01  -2.1945079e-01  -1.4764910e-02  -4.0181069e-02  -9.6900818e-02   6.8825875e-02   2.3036768e-02   9.9229668e-02  -2.5903962e-01   7.6466261e-02   2.3710117e-01  -2.2826890e-02   2.0628531e-01  -8.5490306e-02  -8.3766063e-02   7.7099114e-02   3.9160735e-01   5.5299963e-02
  -1.8598929e-01  -3.9386483e-01   1.7805374e-02   0.0000000e+00  -3.4106695e-01   2.0615681e-01   2.8360346e-01   1.1447830e-01   2.1027927e-01   7.6589475e-02   2.7065394e-01  -6.5760029e-02  -2.4022280e-02   1.3838376e-01   2.9270483e-01   1.9028228e-02  -1.6787706e-01   3.0310903e-01   2.5165365e-01  -2.5515020e-01   1.7202742e-01   3.6684198e-01   4.4916121e-01  -1.2377619e-01  -5.2408491e-02  -4.1720561e-03   1.6930212e-01   2.8025591e-01  -2.8607642e-01  -2.7386709e-02   1.8162070e-01   3.7202375e-01   5.2947059e-02  -4.6294779e-02   1.5092811e-01  -1.6548128e-02   1.1041396e-01  -3.9571331e-01  -3.7741165e-01  -3.9504829e-01   5.3946769e-02   1.1303054e-01  -3.7433159e-01   2.9361114e-01   4.3170866e-02  -1.2618795e-01   2.0506972e-01   1.5038868e-01  -6.3580057e-02  -2.6860955e-01   2.3458743e-01   1.5893457e-01  -3.6360042e-01  -3.2149710e-01   1.3705925e-01   4.2466516e-01  -1.5023789e-03   5.0141025e-01   2.2575837e-01   3.9214635e-01  -6.5976418e-02   3.8083046e-03  -1.4481067e-01  -3.6369220e-01  -3.0875950e-01   3.0462012e-01  -3.1545953e-03  -1.6332637e-01   4.5984266e-01   1.7518416e-01  -3.2771440e-01   7.8965455e-01  -4.0169496e-01   1.4016735e-01  -2.8280177e-01  -2.5270625e-02  -6.1370160e-03   1.6195599e-01  -2.1900099e-01   1.8416831e-01   2.5352252e-01  -3.4361585e-01  -2.2037619e-01   4.7989806e-02  -2.0804157e-01   2.9652109e-01  -2.0218056e-01   9.8534108e-02  -2.5241687e-01  -1.0394575e-01  -3.3033707e-01  -3.1887881e-02   2.4712736e-01   6.0076673e-01  -2.0370153e-01   3.0718483e-03   3.6246031e-02  -8.8743242e-02   1.0955746e-01   2.1098708e-01  -4.4063914e-02   4.1113438e-02   4.3207511e-01  -7.3070232e-02   4.8262306e-01   2.0002403e-01   4.8473873e-02   1.3538317e-01   1.5451056e-01   3.5097296e-01  -1.4480294e-01   3.8701823e-01   5.4911593e-01  -1.6271488e-01   2.1371440e-01  -3.7151819e-01   4.1664011e-01  -2.1799490e-01   1.6803957e-01   7.2982210e-01  -3.8943899e-01  -1.6684511e-01  -1.9127519e-01  -4.5813500e-01  -1.8403251e-01   5.1119976e-01  -1.5384754e-01  -2.0071754e-01   4.7998458e-01  -5.1675150e-02  -4.4145450e-01  -1.7134052e-01  -1.2571291e-01   3.1873225e-02   4.0507646e-01  -9.2766472e-02  -4.7742684e-03   1.7010115e-01   1.4274420e-01  -2.0600950e-01  -2.8681136e-01  -4.2347576e-01  -3.3285184e-02   3.7172781e-01  -3.6985747e-02  -2.9301978e-01  -6.5371986e-03   2.3497113e-01   3.7533490e-01   2.2292580e-03  -4.3830647e-02   2.7348885e-01  -3.1133297e-01  -4.7811969e-01  -2.3133854e-01  -2.3519024e-01  -4.9116883e-01   2.7381129e-01  -1.6521639e-01   9.8973436e-02   6.8552835e-02  -1.6358129e-01   2.2373629e-01   5.1446463e-01   2.9713053e-01  -2.6468424e-01  -2.9354654e-01   3.7693723e-01   2.4436616e-02  -5.3345562e-02  -3.4785295e-02  -3.9286005e-01   4.3092423e-01   3.4945613e-01  -3.2526431e-01  -2.9748474e-01   2.4325103e-01
   3.3182366e-01   3.3136427e-01   3.3625737e-01  -3.4106695e-01   0.0000000e+00  -4.1518877e-01  -6.1096251e-01  -1.8089779e-01  -1.1794698e-01  -1.1795827e-01  -1.7379699e-01  -5.0831549e-03   1.8136320e-01  -5.1583367e-01  -4.5702887e-01  -1.7389002e-01   6.5954856e-01  -4.0863396e-01  -1.4263483e-01   6.5714123e-01  -4.7176867e-01  -4.0321249e-01  -5.4232594e-01   2.3715349e-01   1.5629215e-01   1.2863749e-01   3.3641480e-01  -5.5177474e-01  -8.8573508e-02  -4.8287477e-01  -2.0857265e-01  -5.6050022e-01  -1.2735674e-01   7.6331481e-03  -2.3875748e-01   5.5761931e-01   1.4122362e-01   2.9647870e-01  -6.0142529e-02   3.2918071e-01  -1.0247378e-01  -2.3044590e-01   4.4958669e-01  -3.4435829e-01   1.3988593e-01   1.5160435e-01  -3.8147838e-02  -5.2776162e-01   2.0257801e-01   5.6209833e-01  -4.3262503e-01  -1.7496721e-01   3.6659297e-01   4.0632795e-02  -4.2127797e-01  -5.9186121e-01  -1.3499538e-01  -3.9087879e-01  -3.2091362e-01   1.1768995e-01   6.8635209e-02   4.6939809e-01   1.6559575e-01   2.2896837e-01   1.8469454e-01  -3.7061773e-01  -1.3649070e-01  -2.8185361e-02  -4.7691055e-01  -3.4840555e-01   2.5439283e-01  -4.0481733e-01   1.7156242e-01   4.4098234e-01   1.8020811e-01  -1.2767944e-01   2.3392686e-02   4.0510719e-03   5.5021182e-01  -8.7781385e-02  -4.9384530e-01   1.3862475e-01   2.5847038e-01  -8.4065932e-02   2.5827350e-01  -4.6662673e-01  -2.8033168e-01  -3.2752649e-01  -1.1732314e-02   1.9161474e-01   7.5434980e-01   9.2481862e-02  -1.4537568e-01  -2.4690576e-01   2.1382023e-01   5.0384585e-01  -2.0280010e-02  -1.7180366e-01   3.5664424e-01  -4.6823061e-01  -1.2709778e-01  -2.0968131e-01  -6.5733604e-01   1.2696593e-01  -3.2660416e-01  -3.4322961e-01   3.5850176e-02  -3.7471677e-01  -8.3858353e-02  -5.3599144e-01   1.6935502e-01  -6.9088779e-01  -3.8459193e-01   2.5695727e-01  -5.1648790e-01   5.4197256e-01  -6.0124008e-01   2.1529631e-01  -4.1334306e-01  -5.0406161e-01   2.4114918e-02   7.8083331e-01   1.9866254e-01   3.5980950e-01   1.9361199e-01  -4.4514921e-01   6.7449579e-02   2.6079213e-01  -2.8245406e-01   1.2507002e-01   3.6643354e-03   9.1776021e-02   3.5433325e-01  -7.6046304e-02  -1.7303152e-01  -1.6343866e-01  -2.0930071e-02  -3.9951889e-01  -3.6663184e-01  -3.7915396e-02   3.3757175e-01   1.9822392e-01   3.5276833e-02  -4.6415814e-01   5.5648466e-02  -4.5079373e-02  -1.3014926e-01  -2.4865456e-01  -4.8211726e-01  -1.3595245e-01  -1.0771873e-01  -2.8410171e-01  -1.2932486e-01   3.4797884e-01   3.3726835e-01   2.4006443e-01   3.0232916e-02  -1.8695869e-01   1.4460699e-01  -2.5434267e-01  -1.7216305e-01   9.4109046e-02  -2.3078102e-02  -3.2812047e-01  -7.3109855e-02   2.4496273e-01   1.7769278e-01  -3.6435716e-01  -2.8033716e-01   2.0194336e-01   3.0713006e-01   4.1265444e-01   2.5245902e-02  -2.8623107e-01  -5.0282466e-02   2.0869974e-01  -8.1532766e-02
  -1.8458001e-01  -4.7347823e-01  -8.2596170e-02   2.0615681e-01  -4.1518877e-01   0.0000000e+00   5.1715316e-01   1.8759002e-01   8.1738474e-02   4.3842964e-02   1.3708671e-01  -1.0955692e-01   4.5560495e-02   5.9083209e-01   3.9744183e-01   2.6993904e-01  -3.9604252e-01   4.7285881e-01   2.0552033e-01  -7.8052367e-02   2.3882273e-01   3.1594681e-01   5.7929804e-01  -1.8368470e-01   9.9009994e-02   6.6210847e-02   1.3763236e-01   5.8621789e-01   2.7120646e-01   2.6114310e-01  -1.9674617e-02   4.7432342e-01   1.3111509e-01  -3.1289314e-01  -3.0293841e-02   1.0307028e-01  -6.8929480e-02  -1.0393047e-01   3.6343260e-02  -1.5952909e-01   3.4118783e-01   6.1192737e-02  -2.0883253e-01   2.5014274e-01  -3.7096728e-01   1.5343060e-01   5.2170243e-01   5.2253127e-01  -9.3883659e-02  -4.3150862e-01   5.5349822e-01   3.1975942e-01  -6.3628147e-01   1.2546910e-01   2.6071924e-01   4.6615769e-01   3.8676116e-01   1.1312046e-01   3.4360085e-01  -5.9098276e-02   2.0235268e-01  -2.3255056e-01  -1.0941361e-01  -4.8269025e-01  -3.4263603e-01   5.5559305e-01   6.5273953e-01   5.5512365e-02   5.5948843e-01   4.5207571e-01  -2.3696286e-01   3.5387304e-01   9.5943564e-02  -4.0577602e-01   1.8301411e-02   4.5083913e-01   3.1363706e-01   2.3590314e-01  -5.0780554e-01   4.6830280e-02   5.9418810e-01   3.8475528e-02  -4.7650330e-01   5.7441487e-02   1.1698481e-01   4.9360776e-01  -1.7535425e-02   3.0200105e-01  -7.0804107e-02  -7.2595108e-02  -5.5075866e-01   1.4467963e-01   3.4659671e-01   1.9971407e-01   1.0968867e-01  -2.3364665e-01   1.3413281e-01   1.4915200e-01  -5.7541389e-02   1.7357193e-01   3.5221440e-01  -1.8502330e-01   6.1383915e-01  -3.7885636e-01   3.5966297e-01   3.1761410e-01   7.6436804e-02   3.7240194e-01   5.1188122e-02   5.9328200e-01  -4.3686722e-01   6.8822387e-01   2.2299508e-01  -1.1121956e-01   5.1028803e-01  -6.6804081e-01   6.3492141e-01   1.9359883e-02   6.4255784e-01   2.7617476e-01   8.3144341e-02  -4.7446324e-01  -2.2027582e-01  -4.3598789e-01   4.3691244e-02   4.2618020e-01   1.0078218e-01  -2.1243660e-01   1.4665001e-01  -2.5300835e-02   1.9778179e-01  -4.1449961e-01  -3.2581132e-01   1.3865065e-01  -1.9957574e-03   4.2742319e-01  -7.8356433e-02   6.2345093e-01   5.6160959e-01  -1.3567229e-01  -3.3201909e-01  -8.9313490e-03   2.8688531e-01   6.3069868e-01  -2.8776782e-01   1.6007671e-02  -6.9303910e-02   4.1080630e-01   5.6531270e-01  -3.3405713e-02   2.7098409e-01   3.7405528e-01   2.2271389e-01  -3.1539428e-01   2.4441327e-02  -2.1612128e-01   5.9752017e-02   1.9401023e-01   1.7544659e-01   4.5410971e-01   3.6025888e-01   7.6907396e-02   3.3295118e-01   2.1258853e-01  -5.0460265e-02  -4.6053186e-01  -4.2871537e-01   4.4806055e-01   4.7846122e-01  -4.8004505e-02  -2.4518347e-01  -2.1229143e-01  -9.5627888e-02   4.8475457e-01  -1.1570754e-01  -2.6868425e-01   7.0604748e-02
  -4.0402439e-01  -3.1282174e-01  -3.2995718e-01   2.8360346e-01  -6.1096251e-01   5.1715316e-01   0.0000000e+00  -2.4436150e-01   1.1320619e-01   3.5216182e-01   2.5311401e-01   3.2106557e-01  -2.4205472e-01   5.8029757e-01   7.1246131e-01   2.2104708e-01  -6.3280214e-01   3.3196517e-01   1.4480755e-01  -2.2038799e-01   4.8124586e-01   2.2987733e-01   7.7582398e-01  -3.9347445e-01   1.1185710e-01  -2.1904183e-01  -1.9435635e-01   4.1953339e-01   1.4501603e-01   3.6876285e-01   1.9976600e-01   2.7033159e-01  -6.2699377e-02   2.6242225e-01   2.8286336e-01  -1.4337613e-01   1.3925423e-01  -4.0177799e-01  -2.5728683e-02  -7.3427082e-02  -7.5696684e-02  -5.1837590e-03  -3.7773210e-01   2.9194768e-01  -1.2121287e-02  -2.9977794e-01   4.8286017e-02   7.3426124e-01  -1.5508306e-01  -6.1157204e-01   4.6172498e-01  -1.7647018e-01  -2.6504439e-01  -1.0081568e-01   4.1883975e-01   6.5108562e-01   1.3998303e-01  -8.8100861e-03   6.6673098e-02   1.5293752e-01  -1.6534851e-01  -1.5873816e-01  -2.2123849e-01  -2.9820596e-01  -2.8624306e-01   6.4038696e-01   2.5909742e-01  -7.5086124e-02   2.5425800e-01   4.4915852e-01  -1.1253970e-01   3.7729698e-01  -9.9662637e-02  -3.6788839e-01  -1.9315747e-01   5.5346910e-03  -1.4618141e-01  -1.2162753e-01  -5.0313376e-01  -3.2886131e-01   5.2117914e-01  -8.6494464e-02  -2.6627805e-01  -2.0633636e-01  -9.8073465e-02   1.7394790e-01   1.5950707e-01   2.5261154e-01  -2.5272884e-01  -2.7966567e-01  -6.4008297e-01  -2.3484907e-01   3.9796043e-01   1.9934977e-01  -2.7714046e-01  -4.3646445e-01  -1.0433474e-01  -4.7703179e-02  -3.0509328e-01   7.7622266e-01   2.8502258e-01   3.7973234e-01   6.1035281e-01  -2.2400683e-01   2.4916796e-01   3.0728168e-02   4.4102144e-02   2.2024894e-02   3.1326244e-01   5.1476119e-01  -6.2787363e-02   6.3458102e-01   2.9120545e-01  -2.8381028e-01   7.0633111e-01  -5.0796579e-01   6.3994134e-01  -1.4616860e-01   2.7794019e-01   2.9829262e-01  -1.6947868e-01  -4.7911857e-01  -3.1651225e-01  -4.9535609e-01  -2.3438732e-01   5.3287909e-01   3.6905274e-02  -4.3585975e-01  -3.7711992e-03  -2.7940216e-01   1.8604250e-02   1.0947047e-01  -4.1837183e-01   2.4287988e-01   8.0984738e-02  -9.1129318e-02  -2.6277715e-01   5.1427419e-01   6.7160392e-02  -2.5032301e-01  -4.0875681e-01  -1.6459419e-01  -5.6245742e-02   5.7763927e-01   1.5021892e-01  -2.0254272e-01   5.0475246e-01   2.3571025e-01   5.7490405e-01   2.4891621e-01   2.6346571e-01   2.8473426e-01   4.7057988e-02  -3.1381661e-01  -4.6124664e-02  -3.0688660e-01  -2.2416148e-01  -3.6784277e-02  -2.3463715e-01   1.1274832e-01   2.1316719e-01  -3.5948562e-01   1.8705060e-01   1.5045157e-01  -1.9038325e-01   1.5466528e-02  -2.6477265e-02   2.7103765e-01   4.0890666e-01  -1.2938109e-01  -1.5077664e-01  -4.9697978e-01  -6.4099538e-02   2.4813870e-01   4.9755402e-02  -4.6078857e-01  -2.0199512e-02
   2.5150745e-01  -8.4449889e-03   1.4288914e-01   1.1447830e-01  -1.8089779e-01   1.8759002e-01  -2.4436150e-01   0.0000000e+00   1.9416644e-02  -2.5417609e-01  -1.9683031e-01  -3.0814081e-01  -8.5434710e-03   4.2124292e-02  -1.6755131e-01   4.2706973e-02   1.3093199e-01  -1.8079286e-02   1.6440984e-01  -2.9161915e-01  -9.5405748e-04   7.6802481e-02  -1.1901224e-01   2.7194036e-01  -2.2515825e-01   3.5462387e-01   1.1762356e-01   2.9927170e-01  -1.8375499e-02  -1.5243274e-01   1.8078483e-01   1.9914552e-01   2.5347613e-01  -3.1625421e-01  -1.7235171e-01  -2.6049795e-01  -2.5077979e-01   8.3517930e-02   5.4066632e-02  -2.2294708e-01   3.3350357e-01   1.8680641e-01   2.9620891e-02   2.3061639e-01  -3.7355379e-01   2.1687836e-01   2.1082087e-01  -1.2538392e-01   5.9222999e-02   2.1082769e-01  -5.4920452e-02   6.4822169e-01  -1.2959801e-01   1.2031237e-01  -2.7979057e-02  -3.4330277e-02   2.4670071e-01   2.4291857e-01   3.7536188e-01  -2.5698911e-01   2.3845123e-01  -3.4764855e-01   1.2557590e-01   7.3892167e-02  -6.8404466e-02  -1.8172908e-01   2.0935544e-01  -4.5029482e-02   2.6609543e-01  -1.2098384e-03  -2.1586599e-02   1.9447784e-02   7.2142244e-02   2.7788291e-02   1.7935339e-01   4.1068834e-01   2.2596175e-01   2.9663878e-01   3.8406817e-02   3.4115334e-01   1.7620451e-01   8.4727969e-03   1.9186319e-02   6.1214799e-01   4.5891514e-02   4.3079812e-01   2.9589111e-02   2.3026276e-02   5.3405314e-02   2.1349257e-02   9.4249161e-03   3.5986535e-01  -6.1120500e-02   4.8139324e-02   9.1993181e-02   9.2653906e-02   7.1577832e-02   3.4863616e-01   1.8217200e-02  -2.8571142e-01   1.2072724e-01  -1.6009278e-01   1.1853864e-01  -6.8636044e-02   8.7730817e-03   3.3202976e-01   1.9676036e-01   3.7450489e-01  -1.5212483e-01   1.0554348e-01  -1.4289275e-01  -1.0955800e-02   4.0942304e-02   3.9444545e-02  -5.4446668e-02  -1.3872833e-01  -3.3632975e-02   2.2012472e-03   3.7057686e-01   1.5091468e-01   2.3408755e-01  -1.7075007e-01   2.0585134e-01  -1.1229763e-01  -4.9024343e-03   4.5722598e-03  -1.6185926e-01   2.0391198e-01   3.4306282e-01   3.6715751e-01   1.6428203e-01  -3.7751016e-01   2.9096831e-01  -1.1326824e-02   7.6949470e-02   5.9169364e-01   1.3000435e-01   1.4572902e-01   4.6537972e-01   2.8791486e-01  -1.7062882e-02  -1.5911533e-01   6.5837066e-03   1.0236843e-01  -3.4384578e-01   1.4060150e-01  -2.7064550e-01   1.4091882e-01   3.5473636e-03  -1.2863227e-01   2.0453214e-02   4.2005788e-01   4.0147343e-02  -2.1982325e-01  -1.2384904e-01   5.7318121e-02   1.7404671e-01   3.9704616e-01   2.3629745e-01   4.5869320e-01  -7.7750479e-02   2.5475042e-01   6.1500682e-02   6.2550208e-03   8.7927346e-02  -4.3441510e-01  -4.5026647e-01   4.0529474e-01  -8.7191976e-02   4.2519002e-02  -1.7912749e-01   4.2757652e-02  -4.3857724e-02   1.5166915e-01  -5.9817212e-02   2.8176895e-01  -1.3018407e-01
  -1.1317110e-01  -4.2429391e-02  -1.2518995e-01   2.1027927e-01  -1.1794698e-01   8.1738474e-02   1.1320619e-01   1.9416644e-02   0.0000000e+00   1.5380030e-01   1.1468885e-02  -7.2696167e-02   2.6761090e-01   6.0825679e-02  -4.7257815e-03   5.8790272e-02  -1.2029793e-01   1.4715556e-01   2.8116867e-01  -4.6965942e-02  -4.2817216e-02   3.8113581e-01   1.3162262e-01   2.9116262e-03   1.5729925e-01   2.5804673e-01   1.0153277e-01   1.1465996e-02   1.8662153e-02   1.8890341e-01  -1.7831498e-02   3.4937651e-01   4.6830373e-02  -3.2105190e-02   7.2110340e-02  -2.4914371e-02   2.3072940e-03  -9.5780450e-02   2.3860503e-02  -7.3446421e-02   2.3806253e-01  -7.9602868e-02  -1.7725601e-01   1.8437508e-01  -2.6590700e-02   8.5360517e-02   1.4045694e-02   9.5947987e-02  -1.6266220e-01  -1.1128688e-01   7.3025917e-02   2.7061404e-01  -8.0964189e-02  -3.4220778e-01   7.9751773e-02   1.8362024e-01   1.3957193e-01   4.1277898e-01   1.9314055e-01   1.6433466e-01  -3.1212104e-01  -9.6977978e-02  -2.3220796e-01  -8.0341131e-02  -1.0496701e-02   2.0189989e-02  -8.3711390e-02  -3.7480553e-01   1.7753769e-01   1.8908015e-01  -1.2394988e-01   2.3623262e-01  -1.8289726e-01  -9.5064956e-02  -1.8071845e-01  -3.0313590e-02  -1.1089610e-01   6.3644259e-02  -7.7159410e-02   3.8738793e-02   2.4479212e-01  -2.4745851e-01  -9.3367949e-02   1.0501623e-01  -2.0894834e-01   1.5503840e-01  -1.9447961e-02  -2.2677302e-02  -6.1980062e-02  -1.5236180e-01  -1.0118158e-01  -2.7267648e-01  -1.7641610e-01   4.0779036e-01  -1.2451501e-01   3.1497598e-02  -2.1889106e-01   1.6483348e-01  -2.7869667e-02   1.4360647e-01  -1.4499392e-01  -4.7840920e-02   1.4146497e-01   1.0535192e-01   3.3182733e-01   2.3695088e-01  -1.9301336e-01   1.7944328e-01   9.8035862e-02   9.6746019e-02  -1.1934406e-01   1.3415792e-01  -1.3541941e-01  -4.9538975e-02   6.7921637e-02  -3.5400070e-02   6.3245926e-02   2.0916409e-01  -1.1348387e-02   1.1919852e-01   4.5441466e-03  -2.6902749e-02  -1.7536740e-01  -8.3661093e-03   1.0300432e-01  -1.6553747e-01  -6.9708290e-02  -2.4471445e-01   4.9751869e-01   9.5215378e-02  -1.1264954e-01  -7.9985439e-02  -2.5502372e-02  -1.0860906e-01   2.4742958e-01  -5.1760953e-02   2.2685031e-03   6.0509576e-02   8.9265955e-02  -5.6010239e-02  -1.8473479e-01   1.6464171e-01   1.1077717e-01   8.5505058e-02  -7.0346672e-02  -2.6177012e-02  -3.8020231e-02  -4.2835802e-02   5.5805566e-02  -4.8474653e-02  -1.4547359e-01   2.6642146e-02  -2.2014690e-01   6.5062728e-02  -6.4846704e-02  -8.3535934e-02  -1.4100116e-01   2.8505114e-01  -2.7778588e-01   1.5651576e-01  -1.5559974e-01   1.5481798e-01   8.1202453e-02   3.2756201e-01   3.2828450e-01  -4.3659578e-02   1.1925149e-01   1.5803072e-01  -8.4388943e-02  -1.2558602e-01   2.0183048e-02  -6.6467464e-02   1.7653205e-01   1.9148735e-01  -8.0836760e-02  -1.3790451e-01   3.8408063e-01
  -2.5548172e-01   9.2882714e-02  -1.4237067e-01   7.6589475e-02  -1.1795827e-01   4.3842964e-02   3.5216182e-01  -2.5417609e-01   1.5380030e-01   0.0000000e+00   1.1661685e-01   6.6161889e-01  -8.1222152e-02  -1.4826191e-01   1.9039611e-01   1.8672460e-01  -1.6811767e-01   1.9151550e-01   1.4100249e-02   7.8088978e-02  -4.8999857e-02   2.3167355e-01   4.9131069e-02  -3.6282077e-01   2.1720635e-02  -2.0851825e-02  -2.5353185e-01  -8.9627121e-02   2.1804324e-01   2.3366057e-01  -2.4106104e-01   8.4695781e-02  -1.3301805e-01   6.8710433e-01   2.5329468e-01   2.0841613e-01   5.0268717e-01  -3.9810673e-02  -6.7312037e-02   1.3078085e-02  -1.0818937e-01  -1.2828151e-01   1.6833134e-01   4.4470434e-02   1.9585323e-01  -1.0794339e-02  -1.4794822e-01   1.6091550e-01  -5.6412509e-01  -3.1070000e-01   2.3306528e-01  -1.4379511e-01   1.8397960e-01  -2.6244915e-01  -1.2338265e-01   2.9349234e-01   8.6519683e-02  -4.3918384e-02  -1.1908434e-01   2.9044780e-01  -1.1263100e-01   2.0105688e-02  -1.1921564e-01  -1.1457025e-01  -1.2340961e-01   4.4689802e-01  -1.7519590e-01  -1.9029317e-01  -2.9478870e-02   2.0651877e-01   5.1089572e-03  -9.3219574e-02   1.5749043e-01  -1.7193100e-01  -2.1389408e-01  -2.7075585e-01  -1.2598014e-01  -2.1296755e-01  -6.8115631e-02  -3.7111994e-01  -1.3715361e-01   1.3611714e-01  -8.0144016e-02  -2.5937135e-02  -1.5050474e-01  -2.5886885e-01  -1.4113215e-02  -1.9814022e-01  -2.8249945e-01  -3.2874532e-01  -1.0444890e-01  -1.7899899e-01   4.0228981e-01  -5.3514632e-02  -3.6259434e-02  -2.2090659e-01  -3.7710332e-01   2.3240510e-02  -4.1590441e-01   6.0854367e-01  -5.7327105e-02   3.1539670e-01   3.1394956e-03   3.5419770e-02   1.2260493e-01   8.3651591e-02  -9.8907799e-02  -1.1301528e-01   2.3355924e-01   1.7705983e-01   2.4810184e-01   1.5910464e-01  -2.5844982e-02  -2.0130418e-01   7.4187506e-02  -5.3857173e-02   2.0692473e-01   9.1011710e-02  -5.7598343e-02  -1.0636444e-01  -2.3655690e-01   1.7399486e-01  -1.6801829e-01  -5.5334094e-02  -4.8813205e-02   1.3561781e-01  -3.2314313e-02  -3.9740517e-01   1.5202160e-01  -1.2242843e-01   1.6837246e-02   4.7388733e-01  -3.6769287e-01   1.4064712e-01   2.0540722e-01  -3.3261661e-01  -3.4017216e-01  -1.1263044e-01  -2.2532939e-01  -2.8032280e-01  -2.1726745e-01   1.2838939e-01   5.2999545e-03   1.3649527e-01   1.3830918e-01  -1.1162304e-01   5.1043686e-01   7.9677246e-02   3.6300016e-01   1.7176367e-01   5.4681139e-04  -2.2867637e-01  -2.1708458e-01  -3.4293551e-02   2.4938291e-02  -1.6622251e-01  -1.8966159e-01  -1.4842092e-01  -1.6349675e-01  -2.3718896e-01  -9.7186646e-02  -1.3949917e-01   2.8029220e-01   1.6077736e-01   6.7081363e-02   5.1269690e-01   3.2869532e-01   1.7271171e-01  -9.7286054e-02  -7.6082005e-02   3.0326466e-01  -1.8540011e-01  -9.4733049e-02   3.3613644e-02   1.2566234e-01  -4.3185664e-01   2.3819486e-01
  -1.8576036e-01  -1.6242321e-01  -1.2820553e-01   2.7065394e-01  -1.7379699e-01   1.3708671e-01   2.5311401e-01  -1.9683031e-01   1.1468885e-02   1.1661685e-01   0.0000000e+00  -1.2295671e-02   3.7680918e-02   8.7033295e-02   1.9141839e-01   1.4566079e-02  -3.2607256e-01   6.3255210e-01   2.8731392e-01   1.6897391e-02   4.6169404e-01   1.7292759e-01   3.4066799e-01  -3.4514047e-01  -6.5179121e-02  -6.9744848e-02   1.4036809e-01   4.9562894e-02  -5.5255341e-02   3.3353270e-01   2.5945043e-01   3.3743859e-01  -2.4789974e-01  -3.4433963e-03  -1.8497183e-01   1.9423660e-01   2.9507924e-01  -2.8413240e-02  -6.8043093e-02  -2.4370580e-01   1.6270633e-01   1.1925689e-01  -3.0861015e-01   4.3148389e-01   1.7469413e-01  -6.0320844e-02   4.0334212e-01   3.3326112e-01   1.2999419e-01  -4.0203444e-01   5.4766468e-01  -5.6359595e-02  -1.3382760e-01  -1.5240650e-01   7.1617346e-02   4.4518654e-01   7.8475214e-02   2.5479192e-01   2.6554707e-01   1.0397181e-01  -3.6307510e-02   9.1405532e-02  -3.1295864e-02   1.1142945e-01   1.6858647e-01   3.6488694e-01   3.2518689e-02  -1.2441852e-02   3.4033650e-01   4.3824829e-03  -8.4016188e-02   3.2540206e-01   7.2716831e-02  -1.6483359e-01  -2.1038017e-01  -3.6391920e-02  -6.5229550e-02   2.2604960e-01  -2.3917657e-01  -3.7907697e-03   9.6234813e-02  -8.7257969e-02   3.8163667e-02  -1.9908322e-01  -1.1568418e-01   2.6035867e-01   3.0920936e-02  -1.5607617e-01  -6.8067902e-02  -8.6481606e-02  -1.8574201e-01  -1.5383873e-01   1.1542092e-01   2.8631662e-02  -2.4071833e-02   3.6162664e-02   1.9136498e-01   1.6159649e-02  -2.6150412e-03   2.3962723e-01  -4.7571848e-02  -1.0574288e-02   2.5202756e-01  -7.2501330e-02   4.4294890e-01   8.8902569e-02  -1.0729972e-01   4.5755116e-02   2.6644722e-01   2.1870892e-01   4.7440864e-03   3.3363265e-01   2.5831331e-01  -6.4569851e-02  -2.8470134e-02  -9.1302574e-02   3.6789087e-01   1.6484904e-01  -1.4672230e-02   2.4927605e-01  -2.0562062e-01  -1.7932158e-01  -2.4473007e-01   7.7399538e-02   4.7929195e-02   1.9435529e-01   3.2412138e-01  -2.1622541e-01   9.0771250e-02  -2.7394719e-01   2.6136643e-02   3.6698359e-01  -3.1952517e-01   2.5424246e-01   2.2090741e-02  -1.1738234e-01  -1.6849339e-01   2.4206793e-01  -2.0903638e-02   3.0408428e-02  -2.4537088e-01  -2.0524929e-01   3.3951218e-01   6.9442299e-02   1.8490731e-01   1.5640241e-01  -1.0705275e-01   3.1348862e-01   4.1470687e-01   4.9751823e-01  -3.3453988e-02  -1.0295163e-01  -1.8503886e-01   1.8494282e-01  -1.5158544e-01  -1.9559715e-01  -7.0770654e-02   7.9544971e-02  -1.1636017e-01  -1.5454512e-01   1.3686844e-01   1.6137397e-01   1.3554977e-01   3.8841897e-01   9.8314598e-02  -5.0188980e-02   2.0313607e-01   9.3805123e-02   6.0621439e-02   5.9947322e-02   5.7128787e-02  -3.0235153e-01   3.4544167e-01   8.7987708e-02  -3.9823781e-02  -3.7617097e-01   6.9315487e-02
  -8.9793833e-02   3.7383932e-01   1.1512633e-01  -6.5760029e-02  -5.0831549e-03  -1.0955692e-01   3.2106557e-01  -3.0814081e-01  -7.2696167e-02   6.6161889e-01  -1.2295671e-02   0.0000000e+00  -3.2457425e-01  -1.2429299e-01   1.6229632e-01   2.8167655e-01   9.4324529e-02   4.7861998e-03  -6.1105848e-02   3.3529957e-02  -1.9401579e-01   1.5003433e-02  -1.5099346e-01  -1.8622086e-01   7.6178705e-02  -7.3728674e-02  -2.1706444e-01  -7.8762528e-02   2.1415569e-01   1.5704595e-01  -2.7819894e-01  -1.1587741e-01  -1.3037659e-01   8.0434006e-01   4.8235434e-01   1.0935577e-01   3.9194979e-01  -1.0886041e-01  -8.6753374e-02   7.5493098e-02  -3.8011439e-01  -1.3141652e-01   4.4286013e-01  -1.2166739e-01   5.3659276e-01  -1.5797102e-01  -4.1231658e-01   7.1147676e-02  -4.0273525e-01  -1.2996100e-01   7.9036914e-02  -2.7812674e-01   3.6296564e-01  -3.8882914e-02  -9.3732178e-02   3.0160523e-01   2.0126920e-01  -1.8833981e-01  -2.4781535e-01   5.4125006e-01  -1.0542550e-01   1.5231596e-01   1.5426306e-01   2.1718792e-02   8.3784450e-02   2.6906430e-01  -3.2874161e-01  -1.9948129e-01  -3.0791648e-01   2.0403628e-01   1.9531633e-01  -1.9080259e-01  -5.2820835e-02   4.0396568e-02  -6.0539436e-02  -4.1826445e-01  -2.5341471e-01  -4.2850630e-01   1.6277627e-01  -4.8050564e-01  -1.9933470e-01   1.0980046e-01   8.9601728e-02  -5.3446102e-02   3.9018559e-02  -4.1264694e-01   2.2694525e-01  -6.9804259e-02  -1.1719641e-01  -1.3692136e-01   3.4441309e-02  -1.9508559e-01   3.5920228e-01  -2.6551849e-02  -2.3064307e-01  -3.4448215e-01  -3.8895206e-01  -9.0386157e-02  -4.3571840e-01   4.9389791e-01   1.6551538e-01   5.2895344e-01  -1.9751002e-01   3.6122639e-01   9.8517334e-03  -2.0778446e-02   1.8548558e-02  -2.3651956e-01   1.7469530e-01  -1.3482639e-01   4.9217320e-01  -7.6545877e-02  -8.0417852e-02  -1.2431244e-01   1.9379513e-01   1.6714574e-01   1.5582671e-01  -1.3761864e-01  -8.5269863e-02  -2.1352940e-01  -9.0852469e-02   3.7394904e-01   1.9623767e-01   2.9055387e-02  -1.5702012e-01   2.5901101e-01   1.2465293e-01  -2.9349218e-01   3.1391731e-02  -7.9747357e-02   3.6698592e-02   6.4864743e-01  -4.9103952e-02  -7.6686166e-03   1.9775176e-01  -4.5828934e-01  -4.1504270e-01  -1.3061416e-01  -4.5627974e-01  -2.2395790e-01   9.2209601e-02  -6.8518773e-02  -9.0958858e-02   1.8658621e-01   2.9509957e-01  -2.6017802e-01   6.8199492e-01  -6.3059035e-02   1.3476324e-01   1.6392034e-02   2.7106654e-01  -2.1938956e-01   3.9908254e-03   7.6531744e-02   4.0602299e-01   5.9345971e-02  -1.4075949e-01  -1.1930928e-01  -2.0623148e-01  -3.7878576e-01  -6.9884598e-02  -2.8046778e-01   2.7073349e-03   5.2602845e-02  -5.9578377e-02   7.8277260e-01   5.4880786e-01   1.6562528e-02  -1.8803803e-02  -7.2427253e-03   4.7679246e-01  -1.9184006e-01  -1.8878420e-02  -1.1455397e-02   2.4470523e-01  -2.1243558e-01   1.1908661e-01
   2.6974635e-02  -1.7104487e-01  -8.3555478e-02  -2.4022280e-02   1.8136320e-01   4.5560495e-02  -2.4205472e-01  -8.5434710e-03   2.6761090e-01  -8.1222152e-02   3.7680918e-02  -3.2457425e-01   0.0000000e+00  -9.9867626e-02  -1.9888257e-01   2.4824860e-01  -9.3188244e-02   2.0471018e-01  -1.5265998e-01   2.3006294e-01  -1.1091556e-01   1.1631092e-01  -9.1899884e-02   4.3438671e-02   1.2772025e-01  -2.6685050e-02   1.4698883e-01  -1.1249598e-01   2.6606935e-01  -1.3633361e-04  -1.6652645e-01   2.2612080e-01   1.7063535e-01  -2.2293150e-01  -3.2022780e-01   2.3789656e-01  -7.9789843e-02   9.3642405e-02   3.5740892e-01   3.6514932e-03   5.8546538e-01  -2.3891869e-02  -1.8315954e-01  -1.7516024e-01  -1.4738017e-01   1.7598275e-01   3.2216740e-01  -2.2192548e-01  -2.1644986e-02   3.1380766e-02   2.0025035e-01   1.5680090e-01  -1.3506194e-01  -1.2108075e-01  -2.1612379e-01  -1.0282299e-01  -2.0676813e-01   2.1228125e-01   3.4753295e-01  -5.6640753e-02  -1.8775963e-01  -1.2037975e-02  -1.8111056e-01  -1.6089551e-01  -8.2768082e-02  -6.2271195e-02   6.8792355e-02  -1.3125785e-01   2.3979136e-01  -1.6848805e-02  -2.2153954e-01   1.4274738e-01   1.7349923e-01  -1.8566228e-01  -5.2027066e-02   2.3555674e-01  -1.5757243e-02   1.8460499e-01  -1.7994596e-02   3.6129600e-01  -1.5535723e-01   1.2896239e-01  -1.9143782e-01  -2.7433085e-02  -1.8946211e-01   2.1587634e-01  -3.3409622e-01  -2.4714650e-01  -7.7109890e-02   3.6016052e-02   7.7392955e-03  -5.1272610e-02  -1.6338695e-01   1.5372587e-01   5.6732430e-02   9.4177713e-02   9.5381106e-02   1.1744726e-01   1.4359729e-01  -1.7949154e-01  -3.4600111e-01  -3.5082951e-01   1.5212561e-02  -1.9625241e-01   3.0854980e-01   1.7797142e-01  -1.1610432e-01   1.3952370e-01  -5.8765149e-02   1.8929383e-01  -2.8475125e-01   3.6611429e-02  -1.7327626e-01   1.8496885e-01  -2.8821025e-01  -3.0260378e-02  -1.0715590e-01   4.1820154e-01  -7.8288697e-02   1.4163267e-01   2.7332360e-01   3.6770078e-02  -1.2740448e-01  -1.8270468e-02   3.9936108e-01  -3.6377365e-01  -1.4560176e-01   7.7667050e-02   2.0845917e-01   3.0831697e-02   2.6056435e-01  -1.7144272e-01  -1.3739415e-01  -1.0187059e-01  -4.6017278e-02   2.2343596e-01   1.8322633e-01  -1.5500066e-01   2.7879597e-01   1.7394789e-01   7.0632336e-03   4.7013442e-01   3.2639647e-01  -1.6847793e-01  -2.1963842e-01   5.6508203e-02  -3.4643674e-01   1.2187009e-02   3.6737631e-02  -1.2326855e-01  -3.3419134e-01  -1.7540702e-01   1.4441737e-01   1.9156371e-02  -1.6257475e-01   1.0636475e-01   6.9883637e-02   3.3253454e-01  -9.2399820e-02  -4.0363766e-03  -1.1496630e-01   2.8957010e-01  -4.9596939e-02   1.7216500e-01   2.2289077e-01  -1.9120777e-01  -8.5184228e-02  -2.3553119e-02   1.4693234e-02  -1.4777592e-01  -4.9503213e-02   1.7792619e-01  -3.2338980e-02  -8.1159356e-02   1.6329738e-02   5.4299776e-02   2.5856922e-01
  -1.7850094e-01  -4.9381310e-01  -9.8630175e-02   1.3838376e-01  -5.1583367e-01   5.9083209e-01   5.8029757e-01   4.2124292e-02   6.0825679e-02  -1.4826191e-01   8.7033295e-02  -1.2429299e-01  -9.9867626e-02   0.0000000e+00   5.5003087e-01   2.5111474e-01  -4.8605806e-01   2.9911433e-01   5.4631192e-02  -1.8059443e-01   3.9425529e-01   2.3087200e-01   5.9020761e-01  -2.7223309e-02   8.1085255e-02  -2.8512734e-01  -8.5973647e-02   4.1927582e-01   9.6338864e-02   2.7087730e-01   1.9531413e-01   2.4422609e-01   9.6716887e-02  -2.0755660e-01   4.2728598e-02  -1.9856386e-01  -2.5441273e-01  -2.6289670e-01   1.5522655e-01   6.2909770e-02  -2.9101127e-02   2.7066330e-02  -4.2625697e-01   3.0625170e-01  -1.9177602e-01  -2.5448514e-01   8.8605649e-02   6.0587250e-01   2.0748071e-02  -3.8020921e-01   4.0172674e-01  -4.3048601e-02  -5.4339286e-01   2.1576254e-01   6.0757288e-01   5.4137896e-01   9.3630002e-02   7.1548823e-02   7.8863317e-02  -1.4310101e-01   6.3751800e-02  -2.2284722e-01  -1.5488775e-01  -2.8675993e-01  -2.5502777e-01   3.0976710e-01   4.0894531e-01   2.8133643e-02   2.0505652e-01   4.7799673e-01  -2.0432892e-01   2.0731601e-01  -1.1563147e-01  -3.2139487e-01  -6.6173270e-03   3.2793423e-01   1.7541979e-02   1.5209753e-01  -6.0194903e-01  -1.5237084e-01   6.3402881e-01  -9.3547083e-02  -3.4426939e-01  -1.0372572e-01   1.8165048e-01   3.7676920e-01   1.0836261e-01   5.5627761e-01  -1.0277210e-01   1.3933775e-01  -7.0726717e-01   1.4683750e-02   1.5031570e-01   1.8277188e-01  -1.2601549e-01  -3.6786537e-01   6.2498079e-02  -1.5456670e-01  -2.6448492e-01   2.1436225e-01   4.3381477e-01   1.0718020e-01   6.8143093e-01  -3.4461153e-01   1.4463976e-01   1.8006350e-01   9.5745893e-02   8.8277197e-02   1.4650601e-01   3.6376534e-01  -2.9069254e-01   5.8691202e-01   1.2808138e-01  -1.0524507e-01   6.7594942e-01  -6.3554030e-01   5.8581484e-01  -1.8424685e-01   4.7307629e-01   2.2019877e-01   9.1608501e-02  -5.4820429e-01  -2.1180803e-01  -4.2967452e-01  -1.5377056e-01   4.9812950e-01   1.5389077e-01  -2.2390398e-01  -2.9072569e-02  -1.4296087e-01   1.6054527e-01  -2.5346426e-01  -1.8728223e-01   6.7722656e-02  -2.1800906e-01   2.3227046e-01  -1.0421882e-01   6.4945381e-01   2.9968989e-01   1.7351162e-02  -1.3415762e-01  -3.5627268e-03  -4.5362212e-03   5.4788428e-01  -4.1359808e-04  -1.4968099e-02   5.5481723e-02   4.8442150e-02   2.6325921e-01   3.7585055e-02   4.0017119e-01   5.0418140e-01   2.7000498e-01  -3.3467813e-01  -8.5609677e-03  -8.5314520e-02   8.8464280e-03   4.0409817e-02  -4.7319613e-02   3.9510188e-01   2.8023709e-01  -1.9246962e-01  -4.7348794e-02   7.9149347e-02  -1.7774667e-01  -3.3397654e-01  -2.2928736e-01   1.6599653e-01   5.4668362e-01  -2.1983713e-01  -4.1382565e-01  -1.3442528e-01  -2.1508795e-01   2.1603009e-01   1.4602372e-02  -1.8649467e-01  -1.2930789e-03
