   0.0000000e+00   4.2720537e-02   4.2998760e-01  -2.4534258e-01  -2.9573312e-01  -2.1946593e-01  -5.4901865e-01  -1.0806392e-01   2.0095014e-01  -4.4839577e-01  -6.6366261e-02  -1.7167380e-01  -3.0595028e-01   7.7620633e-02  -2.1913013e-01  -5.7485979e-01   2.4390489e-01  -3.8175635e-01   2.9110007e-02  -4.1603548e-01  -3.9047270e-01  -4.6462295e-01  -4.7161893e-01   7.8300903e-01   2.6930352e-01   3.2503174e-01  -3.3868110e-01  -8.5399908e-03  -1.5642855e-01  -2.1666033e-01   7.0751055e-02  -1.9886160e-02  -2.1331034e-01  -4.3282187e-01  -1.1655016e-01  -5.0289650e-01  -2.3470697e-01   5.1248185e-03  -6.1950430e-01  -3.2238400e-01  -3.2334970e-01  -6.4340506e-02   4.9221921e-01  -7.3298530e-02  -4.5847766e-01   3.1565854e-01  -4.3730787e-01  -4.6103416e-01  -1.4744043e-01   2.8995401e-01  -3.9200342e-01   2.9990079e-01  -3.2233292e-01   5.5395806e-01   4.9661647e-01   7.3260617e-02  -1.4607191e-02  -2.3411952e-01  -3.9997733e-01  -1.5578383e-01   6.7739683e-02  -3.6633795e-01   4.0581730e-01  -1.4208185e-01  -1.8431316e-01  -4.0297422e-01  -6.4158447e-02   2.6163217e-01  -1.4223744e-01   6.5010735e-01   7.7763733e-02  -3.1016271e-01  -4.3117755e-01   5.2107819e-01   4.0718997e-01   2.3874229e-01  -4.1927428e-02   1.0726096e-01   1.7764178e-01  -2.9429542e-01  -4.9691286e-01  -4.7266272e-01   2.0703903e-01   3.4829390e-01   5.5835851e-01   1.6174875e-01  -2.7045167e-01   4.6234696e-01   2.5401215e-01   8.2335821e-01   2.0698493e-01   2.2815365e-01  -8.5180207e-02   1.9040295e-01   2.0353840e-01  -6.5117654e-02  -4.1184708e-01   2.8948173e-01  -2.9100005e-01  -4.9887940e-01   4.3563261e-01  -4.2558827e-01   2.2130789e-01   1.7941558e-01  -4.0666280e-01  -3.3896067e-02   5.0305884e-01   4.3596986e-02  -1.1241894e-01  -3.8964738e-01   7.6507480e-02  -3.1631788e-01  -2.4062615e-02   7.5089056e-01   4.0509412e-01   1.6716189e-01   1.4673095e-01  -3.4335695e-01   4.8632759e-01  -2.8105796e-01   6.5431991e-01   2.1374463e-01   3.9885179e-01  -3.9803707e-01   5.8653653e-01   1.4161265e-01  -2.9408308e-01   1.9708119e-01  -4.0619538e-02   3.0893788e-01  -5.2865999e-01  -3.7735765e-01   2.2292732e-01  -1.4563196e-01   3.9375880e-01   1.0813385e-01  -2.3358284e-01  -2.5631760e-01   2.3484602e-01   6.0216618e-01   5.7471321e-01  -1.6336229e-01  -1.3997116e-01   3.2283445e-01  -3.5555102e-01  -1.9798329e-01   1.6340027e-01  -3.3938713e-01  -4.7290352e-01  -2.8847732e-01   6.0501148e-01   2.7547521e-01   6.8745346e-01   1.6445490e-01   1.0216776e-01   6.6930218e-01   6.4786749e-01  -3.8899678e-01   5.4145965e-01   8.6595911e-02   2.2550675e-02   1.3374755e-02  -3.0776399e-01  -2.3978453e-01  -3.3108144e-01  -2.0577253e-01  -8.8583481e-02   3.0695340e-01   6.2144426e-01   1.0124104e-01  -2.5448362e-01   3.6634056e-01  -4.8928530e-01   1.7796578e-01   2.1719491e-02   6.8306915e-03  -3.6364178e-01
   4.2720537e-02   0.0000000e+00   2.5313983e-01  -8.3589449e-02   2.0522196e-01  -1.0914983e-01  -1.6909122e-01   3.7842508e-02   6.1979834e-01  -3.7707517e-01  -5.7424955e-02   2.2184098e-01  -1.4365295e-01  -2.0136176e-01  -2.6172114e-01  -1.4333757e-01   1.7522481e-01  -1.7070576e-01  -7.6901457e-02  -1.4830677e-01  -4.0457691e-01   3.2597667e-02  -4.6192090e-01   5.0174248e-02   1.8070745e-01   3.2099059e-01  -2.8268574e-02  -3.1188800e-01   3.8578148e-02   2.5743596e-01  -2.3522268e-02   2.5609889e-01  -1.5242994e-01   2.0456269e-02   3.2785690e-01  -1.9651712e-01  -8.9255363e-02  -2.3748209e-01  -2.2708084e-01  -6.2457077e-02   1.4454532e-02  -2.4513288e-01   3.4233365e-01   2.0095252e-01  -2.6463226e-01   3.5692265e-02  -2.3841459e-01   7.5817930e-02  -9.8219859e-02   4.1551164e-01  -7.9152594e-02   2.0611002e-01  -3.4369497e-03   2.7051787e-01   1.5618149e-01   2.1881423e-01   1.5649861e-01   1.4510117e-01   2.5135585e-01   1.7013274e-01   1.0413585e-01  -7.5480040e-02   4.9129404e-01  -1.4029663e-02   1.2915777e-01  -8.9880763e-02   8.3384886e-02   2.7058654e-01   1.3319182e-01  -2.2329871e-02   5.9683891e-01  -1.2485677e-01  -7.1365934e-02   3.2453361e-01   1.6041127e-01   2.8399397e-01  -1.0478790e-01   1.9891766e-02   5.4166537e-01  -6.0311429e-03  -2.9144954e-01  -2.0518332e-02   3.7134683e-01   2.4380493e-01   2.9551306e-01   3.0386539e-01   3.0239647e-02   1.9861085e-02   4.5571808e-01  -2.4581743e-02   5.5194609e-01  -5.4191207e-02   2.3151343e-01   5.4325057e-01  -1.9990154e-01   2.8331209e-01   1.9281631e-02   1.5212624e-01  -1.1463672e-01  -3.6171730e-01  -2.5044472e-01  -1.3811171e-01   1.1285141e-01   3.0772226e-01   5.2216325e-02   1.9847948e-01   1.6350409e-01   2.2981519e-01  -3.6114895e-02  -2.2151460e-01   3.2415278e-01  -5.0753116e-02  -1.1718120e-01  -7.4287354e-02  -2.5279170e-01   5.6778299e-01   1.4146996e-01  -6.4212434e-02   2.1463784e-02  -1.0804231e-01  -7.4184090e-02   3.9006543e-01   4.5485810e-01   9.5205316e-02  -1.2687412e-01  -3.8063443e-02  -1.0344599e-01   7.3032370e-03   2.5165975e-01  -3.2188255e-01  -1.9072832e-01   2.9509823e-02   4.2675644e-01   1.1570905e-01   4.1984555e-01   2.6223694e-01  -1.6062152e-01  -3.2523132e-01   2.3038034e-01  -2.1936084e-01   9.5379561e-02  -1.9610987e-01   1.0853384e-01  -1.4999885e-01  -1.3621220e-01   3.7389911e-02   1.8531891e-01   9.9371896e-02  -6.6751848e-02  -1.9966021e-01   1.0106963e-01   2.0066890e-01  -1.6778430e-01   3.2616640e-01  -3.0126598e-02  -1.5536346e-01  -7.8809086e-02   1.2631796e-01   1.3140655e-01   1.5740168e-01   1.3319602e-01   1.9349429e-01  -1.0405003e-01   9.4333844e-02  -6.4259118e-02   2.1351536e-01  -2.8642287e-01   2.7692552e-02  -1.4490966e-01   5.3741613e-01   2.5230113e-01  -2.3765161e-01  -2.9895523e-01  -2.0320456e-01   2.5541190e-01  -3.1774250e-01  -1.7565213e-01
   4.2998760e-01   2.5313983e-01   0.0000000e+00   1.1370020e-01  -8.5727009e-02   2.3415729e-01  -3.4764075e-01   1.5784477e-01   1.6264800e-01  -1.9964939e-01   6.3555276e-03   1.5065698e-01  -9.0092947e-02   1.3348949e-01  -1.3882427e-01  -2.8069304e-01   7.1091184e-01  -1.0302899e-01   2.6591182e-01  -1.0642021e-01  -2.5953973e-01   1.1861754e-02  -2.1842859e-01   3.1586847e-01   2.7071847e-01   3.6939018e-01  -1.3539313e-01  -4.6141666e-02   2.9617489e-01  -2.2412999e-01   3.9113381e-02   2.4844222e-01   1.4394332e-02  -1.7862013e-01  -1.0773801e-01  -2.3656284e-01  -4.0240819e-01  -2.6937407e-01  -3.8895648e-01   2.3241981e-01  -1.7372162e-01   2.1324735e-02   5.1639126e-01  -8.5760067e-02  -2.5737339e-01   2.5069217e-01  -3.2425188e-02  -2.2888670e-01  -1.0090829e-01   5.6838925e-01  -9.2716553e-02   3.3698875e-01  -1.0648611e-01   4.8538584e-01   3.9694215e-01   2.3979901e-02   2.8630926e-01   1.3545900e-01  -1.8794069e-01   5.0361469e-02   2.4324874e-01  -4.4472677e-02   3.0563165e-01  -1.0612832e-01  -2.2098629e-01  -3.0658711e-01   3.0826745e-01   4.6403863e-02   1.6904690e-01   2.6816042e-01   1.6479255e-01  -1.3079561e-01  -1.4137510e-01   6.2557041e-01   3.6385333e-01   2.9125294e-01  -7.2313215e-02   7.6807230e-02   1.4871126e-01  -2.1300103e-01  -1.8546563e-01  -3.2155899e-01   3.2269994e-01   2.2058020e-01   5.5682874e-01   3.4219643e-01  -1.5123485e-01   2.7510669e-01   8.7035696e-02   3.9301810e-01   2.1310361e-01   4.6423337e-01   1.4685222e-01   2.6300772e-01  -1.1674000e-01   3.4582863e-02  -1.5977638e-01   3.7399907e-01  -1.1567351e-01  -3.5742595e-01   2.3036281e-01  -3.4238645e-01   1.7689427e-01   1.8082527e-01  -1.0357160e-01   3.0355366e-01   4.5618230e-01   3.5010879e-01   1.8488801e-02  -1.8159693e-01   2.4298601e-01  -7.5738174e-02  -5.8050416e-02   2.1615827e-01   1.3864493e-01   2.0032666e-01   3.7894627e-02  -7.9275990e-02   1.0600682e-01  -6.2514043e-02   2.6050098e-01   3.0552461e-01   3.1966432e-01  -3.2639241e-01   1.9119284e-01   1.3711814e-01  -2.1240088e-01   1.6722549e-01   2.7084142e-01   4.2811385e-01  -2.7782593e-01  -2.3893128e-01   3.8121435e-01  -1.1565888e-01   3.5844256e-01   3.0342324e-01  -3.5547204e-01   5.1909033e-03   4.6192071e-01   1.1326283e-01   2.9586522e-01  -7.8405981e-02  -1.1394138e-01   2.6546156e-01  -2.9575869e-01  -2.3737415e-01   5.0139202e-01  -2.4874578e-01  -2.4336389e-01  -2.6367147e-01   3.3241376e-01   1.7224192e-01   4.0763909e-01   1.8317573e-01   5.9561852e-01   1.9153874e-01   2.4975551e-01  -1.8670225e-01   6.0125738e-01   1.1199895e-01   9.2339552e-02   2.6103418e-01  -2.8532478e-01   8.1228519e-03   1.2435850e-01   1.3134025e-01  -1.1102558e-01   2.8888119e-03   2.7715710e-01   2.4292959e-01  -1.2928695e-01   3.6733186e-02  -3.1362215e-01   2.3265132e-01   1.2420224e-01   2.0824169e-01   2.9341115e-03
  -2.4534258e-01  -8.3589449e-02   1.1370020e-01   0.0000000e+00   5.8601728e-03   3.5048492e-01   1.9675052e-01   4.5484920e-01   1.0324221e-01   1.5122847e-01   2.5971634e-01   1.3350448e-01   2.6268948e-02  -5.5866144e-02   2.8146561e-01   1.9490908e-01   4.8352647e-02   5.3977920e-01   9.5822683e-02   2.1331821e-01   2.5615669e-01   5.0454014e-01   2.1426208e-01  -2.8125021e-01  -1.7000576e-01   1.0189335e-02   2.5277185e-01   6.9220606e-02   4.8454001e-01   6.0626829e-02   7.6334132e-02   5.7631860e-01   3.0409877e-01   3.0749327e-01  -9.1837545e-02   2.2454040e-01   7.5923374e-02  -8.9266198e-02   1.4322314e-01   4.6704588e-02   2.3786487e-01   1.0555102e-01  -8.1458971e-02   9.2525343e-02   3.5811454e-01   1.4775687e-01   3.6444417e-01   7.5048486e-02   1.9008314e-01  -2.2343782e-03   4.1332497e-01   1.3759223e-01   9.0866978e-02  -1.2839247e-01   1.1387561e-01   2.1460227e-02   1.0621268e-01   6.4038641e-01   4.5212279e-01   2.6398809e-01   2.0106232e-01   3.3078110e-01   3.2318895e-02   8.6886141e-02   5.9219734e-03   1.4088026e-01   4.5821628e-01  -1.5088824e-01   4.6167462e-01  -1.9791551e-01  -1.7476397e-01   4.7097390e-01   8.4185431e-02  -1.0629721e-01  -6.5046849e-02   3.3051998e-01   8.8009420e-02   1.8102234e-01  -6.6759022e-02  -1.2390685e-01   2.6953819e-01  -3.4102865e-02  -1.4021588e-01   2.2064360e-01  -2.2674125e-01   3.7337935e-01  -7.2500103e-02  -5.4306280e-02  -2.1589738e-01  -3.1381160e-01  -1.1275308e-01   2.6494165e-01   2.0931411e-02   1.9667869e-01  -4.8928873e-02  -2.9543750e-02   1.5042416e-01   2.1909891e-01   3.2887249e-01   1.8978017e-01  -2.5300869e-01   3.0269552e-01   2.9591141e-01   1.1858065e-01   3.9789338e-01   6.7925190e-01  -1.3899233e-02   4.0091026e-01  -1.2647125e-01   1.0574758e-01  -2.1814839e-02   4.8503340e-01   4.2504758e-01  -3.0932681e-01  -1.8913002e-01  -1.6888444e-01   2.0710543e-01   2.3736451e-01  -8.4435414e-02   6.1224932e-01  -2.0451953e-01  -1.5204969e-01  -2.0014487e-01  -1.0116045e-02  -1.8160323e-01  -1.8570160e-02   2.9275974e-01  -1.4872066e-01   5.3685225e-01  -3.6536189e-02   5.6041926e-02   1.6663539e-01   1.1564134e-01   8.8162480e-02  -4.2093064e-03   3.9363213e-01  -3.4692128e-01   1.5412525e-02   2.7766671e-01  -1.8709028e-01  -6.5459964e-02  -2.2610236e-01   2.3599810e-01  -1.2350092e-01   1.8894621e-01   2.2174360e-01   1.0818955e-01  -5.4176708e-02   1.8250792e-01  -5.6741908e-02  -3.2158250e-01   1.7719946e-01  -1.7213352e-01   2.1911918e-02   4.0389473e-02  -1.8008073e-01  -5.9749465e-02   2.5663417e-01  -2.4952059e-02   1.8146328e-01  -5.2715634e-02   9.5777113e-02  -7.0522130e-02   6.7170482e-01   6.2965955e-01  -3.0621274e-02   4.3883775e-02   1.0761637e-02  -1.3757664e-01  -6.9008544e-02   3.9546399e-02  -1.0664283e-01   3.2148705e-01   1.6754962e-02   3.1535777e-01   2.8876612e-01   5.5018982e-01
  -2.9573312e-01   2.0522196e-01  -8.5727009e-02   5.8601728e-03   0.0000000e+00   4.0703915e-02   7.1336656e-02   2.8585301e-02   1.3875755e-02   3.7518449e-02   1.5405648e-01   2.2338738e-01   2.2163435e-01  -2.3982734e-01  -1.3708299e-01   3.6673842e-01   1.6059099e-01   1.5020634e-01  -8.6901967e-02   7.2778428e-01  -1.0042902e-01   2.7527501e-02  -2.0175076e-01  -4.0866155e-01   1.4870522e-01  -1.2612879e-01   4.2411000e-01  -2.8864192e-03   1.3370284e-01  -1.7777837e-01  -2.3947537e-01   5.3997018e-02   7.4793027e-02   1.2640433e-01  -6.1620974e-02   5.6954130e-01  -2.2776021e-01  -3.8650935e-02   2.4974835e-01   2.5373142e-01   2.3839666e-01   2.2048608e-02   7.0051183e-02   7.3686328e-03   9.1639309e-02  -2.4279337e-01   2.8766496e-01  -6.3014987e-02   2.2506292e-01   2.7891105e-01   2.0726349e-01  -2.0354529e-01   9.6450779e-04  -1.2935788e-01  -4.3169013e-03  -2.0306349e-02  -5.0098640e-02  -5.2462974e-02   2.8728722e-01  -2.2111748e-01   4.2572507e-02   4.8445325e-01   9.5334174e-02  -2.0520431e-01  -8.2757714e-02   4.2072552e-01   6.2269664e-02   1.0372795e-01   2.0552863e-01  -2.9299588e-01   1.3959286e-01   2.3519494e-02   2.2459974e-01  -2.0158170e-01  -1.3118954e-01  -1.0260730e-01  -5.0725410e-03  -4.1861098e-02   4.9024599e-01   1.2366817e-01  -4.6307061e-02   2.0496534e-01   1.3432633e-01  -4.4141780e-02  -1.1319037e-01  -6.6439001e-02  -2.6569177e-01  -3.3116348e-01   9.7030419e-03  -2.5380873e-01   4.5940126e-01  -1.0221212e-01   5.7307398e-01   1.4637810e-01  -1.0939304e-01   7.3180286e-01   3.9014259e-01  -7.7586349e-02   3.2217661e-01  -3.2159827e-02  -3.1953269e-01   9.3727516e-02  -7.6007696e-02  -3.5265433e-01   3.5400535e-03   1.1185483e-01  -1.3580253e-02   5.6421196e-02   1.3235879e-01   2.4914524e-01   2.6328913e-01  -1.2810723e-01  -2.3237028e-01  -3.0397003e-01  -1.4352939e-01   3.7743046e-01   4.5413504e-02   2.4136599e-01  -7.0740712e-02  -2.0623131e-02  -3.2458651e-01   5.8417467e-01  -1.1585184e-01  -1.6950533e-01  -3.6735440e-01  -2.3662803e-01  -4.2664929e-02  -1.4834685e-02   9.7618722e-02  -1.8571265e-01   1.8244235e-01   4.0120569e-01   5.7584683e-02  -3.6036448e-01  -8.0990068e-02   5.8326384e-03   7.9699512e-02  -2.3598204e-01  -9.7396441e-02  -3.7664826e-01  -1.5853561e-01   2.1973222e-01  -3.7193140e-02  -2.4071613e-01  -4.9680538e-02  -1.5566603e-01  -4.7327139e-02   4.8230566e-01   3.1887234e-01  -3.1585592e-01  -2.5053102e-01   4.0561881e-03  -3.6895001e-01   3.4859849e-02   1.5354845e-01  -3.9736915e-01  -2.5570108e-01   1.5235180e-01  -2.6512286e-02  -4.0843357e-02  -1.2142041e-01   1.4381354e-01   2.9399651e-02   1.4980118e-01  -1.1191370e-03   2.6059960e-01  -2.1838363e-01   9.7130884e-03  -2.1946748e-01   5.5143672e-01   4.1187724e-01  -2.2377362e-01  -6.5156851e-02  -2.9284130e-01  -2.9338274e-02  -3.9435780e-02   2.0123845e-01
  -2.1946593e-01  -1.0914983e-01   2.3415729e-01   3.5048492e-01   4.0703915e-02   0.0000000e+00   2.3344397e-01   4.1999785e-01  -1.5078583e-01   3.5259267e-01   3.4563298e-01   4.1238051e-01   1.0727162e-01   1.8997469e-02   3.0028137e-01   4.0846258e-01   3.3640357e-01   5.8229121e-01   2.8026773e-01   4.6131779e-01   3.1131481e-01   4.7545751e-01   3.3762883e-01  -2.4948536e-01  -8.7426713e-02   3.4463028e-02   6.4019577e-01   2.1216314e-01   2.6866983e-01   1.5086978e-01  -1.9764848e-01   3.1410681e-01   3.2158592e-01   2.2967689e-01  -2.8097730e-01   4.0441565e-01  -2.8796394e-01   9.7700320e-02   3.3737713e-01   3.2359538e-01   1.6647975e-01   2.6727125e-01  -1.6513479e-01   2.0299891e-03   2.6987146e-01   2.7544641e-01   4.2951981e-01  -3.8783411e-02   7.0634423e-02  -7.5105416e-02   4.9938275e-01   5.8449452e-02  -3.2636994e-01  -6.2848037e-02  -1.0111320e-01   9.1661275e-02   4.0853360e-01   2.9104707e-01   3.1885696e-01   2.8895637e-01   2.8542640e-01   3.6271701e-01  -3.5757579e-01  -9.4445624e-02  -9.5593090e-02   2.0638271e-01   8.2813638e-01  -3.5709012e-01   5.8844280e-01  -2.7364843e-02  -5.3393387e-01   4.9057761e-01  -3.6091776e-02  -6.1702362e-02  -1.3094560e-01  -2.5831072e-02   1.7399829e-01   1.3117351e-01  -2.9910251e-01   1.1302250e-02   2.9038212e-01  -7.7587842e-02  -3.7236265e-01   5.6465379e-02  -5.1716032e-02   7.3592399e-02  -9.3342280e-02  -2.9888986e-01  -3.7888235e-01  -8.9201504e-02  -3.2887509e-01   2.4657830e-01   2.5214835e-01  -1.0173513e-01  -1.6998088e-02  -9.2614269e-02   1.5081757e-01   3.0733276e-01   3.4361401e-01   3.9016719e-01  -1.7126144e-01   4.2072503e-01   4.0325215e-02   6.7382026e-02   4.2903255e-01   2.6974818e-01   2.6188873e-02   4.7912589e-01  -7.3656091e-02   4.9572226e-01   1.9697960e-02   4.4521101e-01   8.6430534e-02  -7.7882147e-02  -4.2160103e-02  -4.4168629e-01  -6.4209385e-02   5.8663668e-02  -8.3662762e-02   4.2612035e-01  -1.8617274e-01  -2.3090597e-01  -4.0714906e-01  -2.7761275e-01   4.2320007e-02  -5.6874785e-02   1.3029879e-01  -7.4145815e-02   3.6669753e-01   2.8684391e-01   2.7578392e-02   5.1233942e-02   4.4590660e-01  -1.8812539e-01  -9.0040231e-02   2.8275006e-01  -9.6528125e-02  -5.4035917e-03   1.9254477e-01  -6.5394838e-02  -1.6714689e-01  -2.0845552e-02   1.8989919e-01   2.1125828e-01   1.4650639e-01  -1.3316990e-02  -6.6662626e-02   4.6248383e-02   5.5641234e-01  -1.3291738e-01  -3.0822508e-01  -1.1437731e-01  -1.4143702e-01  -1.9796938e-01   3.2926585e-01  -1.3944752e-01  -1.8109077e-01   3.3378131e-01   6.9734977e-02   8.5289551e-02  -9.9730126e-02   1.0235785e-01  -3.6324872e-01   3.8099487e-01   5.0306482e-01  -1.8682678e-01   3.0339025e-01  -9.7652849e-02  -2.4128752e-02  -2.3281968e-01   1.7644127e-01  -2.8659800e-02   2.3921168e-01   4.3037167e-01   1.1520928e-01   2.0875944e-02   5.1999006e-01
  -5.4901865e-01  -1.6909122e-01  -3.4764075e-01   1.9675052e-01   7.1336656e-02   2.3344397e-01   0.0000000e+00  -5.2889776e-02  -1.9622091e-01   6.1219780e-01   2.5894817e-02   2.5948742e-01   1.3565526e-01   8.0527089e-02   5.3257856e-01   4.1236194e-01  -2.7387157e-01   3.8816343e-01  -1.2517586e-01   3.5498503e-01   3.4971986e-01   2.2086735e-01   7.1242736e-01  -4.9083010e-01  -3.0768461e-01  -4.4854403e-01   3.5220230e-01   2.5133213e-01  -7.6233655e-03   1.8758836e-01  -1.2524546e-01  -1.3969533e-01   1.3521445e-01   7.0127210e-01   2.8728696e-01   4.6463431e-01   4.5881326e-01   6.8419224e-02   4.3747036e-01   1.9665774e-01   1.9523703e-01   1.1639442e-01  -4.5659137e-01  -2.0119341e-02   7.0915027e-01  -2.5059588e-01   3.5822084e-01   6.2185204e-01  -1.3429939e-02  -5.1037186e-01   3.0210228e-01  -3.1059865e-01   4.4155777e-01  -4.2447231e-01  -2.6745491e-01  -2.5116547e-01   4.6094014e-02   8.2914134e-02   2.0319680e-01   3.8071806e-01  -2.0076874e-01   2.6260892e-01  -5.2261252e-01   3.1472532e-01   1.3796416e-01   5.1510937e-01   1.3887165e-02  -2.0982233e-01   5.4672851e-02  -3.9693392e-01  -1.4268333e-01   3.7945254e-01   4.1013501e-01  -2.7246131e-01  -2.3013912e-01  -2.4414477e-01   4.9564731e-02  -1.5796967e-01  -4.3027969e-01   1.2064701e-01   7.9349154e-01   4.2877809e-01  -3.4477939e-01  -3.8422389e-01  -4.8073615e-01  -2.4499646e-01   3.0461794e-01  -2.6666505e-01  -4.1321950e-01  -3.5584538e-01  -4.4102018e-01  -2.4942862e-01  -3.0548764e-02  -1.8093521e-01  -1.8575548e-01  -1.8426222e-01   1.6399336e-01  -2.9279676e-01   3.7800153e-01   5.3317001e-01  -2.2731175e-01   7.0716752e-01  -3.1925401e-01  -9.5167720e-02   2.5647180e-01  -1.5470896e-02  -2.4481679e-01  -1.5065138e-01   8.1651289e-02   2.6312685e-01  -4.3308017e-02   1.6049938e-01  -1.5067447e-02  -4.3772332e-01   1.9259644e-02  -3.7844313e-01  -2.2681543e-01   3.6461280e-01  -4.4249492e-01   2.7348269e-01  -3.6257112e-01  -5.0516424e-01  -4.3931488e-01   3.7598518e-01  -2.9976219e-01   1.2573034e-02   5.9413551e-01  -1.9249438e-01  -3.9521577e-02  -2.1048864e-01   1.8843546e-01   4.7266049e-01  -2.2880302e-01   2.1688473e-01  -2.7623636e-01  -1.7154159e-01   7.1265122e-02   3.9286697e-01  -2.2414475e-01  -2.7577441e-01  -3.6121689e-01  -2.2859085e-02   5.2872166e-02  -3.0369415e-01   3.5662233e-01   1.1832925e-02  -1.7265091e-02   1.5712986e-01   4.1632870e-01   3.3535114e-01  -4.2424340e-01  -3.1238941e-01  -3.8569535e-01  -1.5347303e-01  -4.3102391e-02  -2.3281031e-01  -4.9160290e-01   1.8766855e-01  -4.5755529e-01  -1.8713153e-01   2.0333192e-02  -2.6566062e-01   2.4769002e-01   1.8460024e-01   1.5468418e-01   8.6927294e-02   2.2653160e-01  -3.6282372e-01  -2.6287454e-01  -3.7542856e-01   3.4562901e-01  -1.5392450e-01   6.4323855e-01  -2.1312966e-01   5.9630605e-02  -1.5976935e-01   2.2543140e-01
  -1.0806392e-01   3.7842508e-02   1.5784477e-01   4.5484920e-01   2.8585301e-02   4.1999785e-01  -5.2889776e-02   0.0000000e+00   1.8665530e-01   1.1170399e-02   2.1864926e-01  -4.4974182e-02  -1.3269666e-01  -1.5544848e-02   2.4508836e-01   1.9821921e-01   2.3798582e-02   1.1502287e-01   5.1528315e-01   6.3724978e-02  -7.9313490e-02   5.7406831e-01   8.2269628e-02  -2.9189450e-01  -8.9832051e-02   2.9990623e-01   2.2828802e-01  -1.5733716e-01   2.6029244e-01   1.8135650e-01   2.2447100e-01   5.4633790e-01   1.6457414e-01   1.4140420e-01   4.5374989e-02  -4.4732152e-02  -6.4954810e-02  -1.9944963e-01   7.4933820e-02   5.8966153e-02   5.2597192e-02   1.0362210e-02   1.0524159e-01   3.2114962e-01   1.6358496e-02   7.6965705e-02   3.6574023e-02   3.2371336e-03  -9.6381701e-03   3.0141089e-02   8.6888793e-02   4.7685630e-01  -1.6438327e-02  -9.9981057e-02  -5.6533969e-02   2.2971742e-01   3.6638370e-01   5.1679823e-01   2.6055340e-01   2.4023628e-01   2.2363921e-01  -7.5957677e-02   9.5308651e-02   1.8558883e-01   7.8647362e-02  -1.2435890e-01   6.5390581e-01  -1.7677449e-01   4.4447473e-01  -2.7380529e-01  -1.7156433e-01   9.4435174e-02   2.4222230e-02   2.8745007e-02   1.5311432e-01   5.7016245e-01   4.4289109e-03   4.0550386e-01   9.6762432e-02  -6.6201529e-02   1.2518196e-01  -1.2997505e-01   5.3309015e-02   5.1825936e-01  -2.3962483e-01   4.6627010e-01   6.6315409e-02  -1.1232381e-01  -1.3046809e-01  -2.4887009e-01   5.2673194e-02   2.7537988e-01   4.2775965e-02   1.2094540e-01  -8.1592783e-02  -8.4950418e-03  -1.1051777e-01   6.4907179e-01   1.3508832e-01  -3.0133931e-02  -3.6627664e-01   1.6817692e-01   3.4649692e-01   2.5610889e-01   1.2757068e-01   5.4257964e-01  -2.8520651e-02   7.5463473e-01  -2.3102636e-01  -8.2478947e-02   7.8448777e-02   3.5907990e-01   1.4193738e-01  -2.0049768e-01  -3.8007535e-01   5.2830965e-02   3.1054565e-01  -6.9617351e-04  -1.6498489e-01   1.9116198e-01  -2.4574033e-01  -8.2946570e-04   3.6728025e-02   8.1624687e-02  -2.8808171e-01  -5.1172040e-02   1.5610208e-01  -4.6457024e-03   5.0727411e-01  -2.7839607e-01  -3.3937272e-02   1.7804771e-01   1.6511044e-01   9.2008702e-02   1.4312578e-01   6.7796756e-01  -2.4756615e-01  -8.9684241e-02   6.0251182e-01  -2.7978260e-01  -8.0503830e-02  -2.3272740e-01   2.4699485e-01  -2.9334149e-01   4.5341068e-02   2.6945132e-01   2.1811639e-02   9.4082670e-03  -2.8498029e-02  -7.1894529e-02  -2.8506441e-01   2.1673583e-01  -1.4672404e-01   1.9076303e-01  -5.2124670e-02  -2.6157094e-01  -9.8891179e-02   1.8819242e-01   9.5866784e-02   1.6386043e-01  -1.9523235e-02   3.1574199e-01  -1.9669823e-01   2.5861099e-01   5.2314551e-01   1.2477490e-01   1.0348579e-01   1.5537508e-01  -1.6960004e-01   1.2492539e-01   1.1606532e-02  -2.0885860e-01   3.7618064e-02  -3.2014692e-02   9.8405268e-02   7.9862583e-02   4.5570261e-01
   2.0095014e-01   6.1979834e-01   1.6264800e-01   1.0324221e-01   1.3875755e-02  -1.5078583e-01  -1.9622091e-01   1.8665530e-01   0.0000000e+00  -2.8671490e-01   1.1137799e-01  -7.7708813e-02  -3.2697605e-01  -1.5037095e-01  -1.1416975e-01  -3.0947045e-01  -3.8439538e-02  -2.5833098e-01   6.4433266e-02  -3.4202153e-01  -5.0162162e-01   1.3624355e-01  -4.2393053e-01   2.3379307e-01   2.0822446e-01   4.4707519e-01  -1.7649938e-01  -3.2401693e-01   9.9222138e-02   3.3872580e-01   3.2921368e-01   3.2546491e-01  -1.8924418e-01  -2.3849586e-02   3.7805635e-01  -4.0242418e-01  -3.5457879e-02  -2.6143340e-01  -4.1016038e-01  -3.5773900e-01  -9.3477740e-02  -3.1041343e-01   4.0000730e-01   1.6965149e-01  -1.7769248e-01  -8.6386698e-03  -3.2212513e-01   1.8695027e-02  -1.5687409e-01   2.7097026e-01  -1.8528787e-01   4.5733606e-01   5.4746095e-04   1.9188032e-01   3.9300351e-01   2.3517196e-01   1.1969234e-01   2.9745720e-01   5.8990380e-02   1.8809608e-01  -1.3624513e-02  -1.1863566e-01   7.1158578e-01   1.3503788e-01   3.3383027e-01  -1.2434314e-01   1.1218852e-01   2.1367966e-01   8.9630145e-02   6.9175461e-02   4.5490282e-01  -3.9626118e-03  -2.7174996e-01   4.1835008e-01   4.1638703e-02   5.5732585e-01  -1.2397687e-01   3.7658202e-01   5.6434285e-01  -2.5239971e-01  -2.6983036e-01  -2.0144385e-01   2.9166951e-01   4.1340678e-01   8.3290606e-02   4.9132938e-01  -1.7312906e-02   2.4818086e-01   3.9429959e-01   6.5348557e-02   4.4229386e-01  -5.4034661e-02   3.9805149e-02   7.0126923e-01  -2.0832880e-01   1.9007724e-01  -1.9920220e-01   4.2829621e-01  -1.0209194e-01  -4.6541316e-01  -1.8698141e-01  -1.3661813e-01   3.1864634e-01   5.0632165e-01  -4.9634856e-02   2.9556681e-01   4.4444456e-02   3.1882973e-01  -2.7260397e-01  -4.0861560e-01   2.5869954e-01   5.7592155e-02   4.1754713e-03  -1.7783682e-02  -1.6477330e-01   4.6680778e-01   2.6624870e-01  -1.8453637e-01   3.5558360e-02   4.3261800e-02   1.5469463e-01   2.7483525e-01   5.7634307e-01   1.7599254e-01   2.8109920e-02  -4.8827840e-02  -3.2755300e-02  -8.1941481e-02   4.5457837e-01  -4.2318419e-01  -2.3024980e-01   1.6583728e-01   2.2904236e-01   3.1458490e-01   5.6521707e-01   4.9057923e-01  -4.0189151e-01  -3.0266773e-01   5.1837875e-01   4.4105839e-02   3.6152940e-01  -3.2831227e-01   1.2980442e-01  -1.5758195e-01  -3.6891251e-02   1.2053873e-01   2.3657742e-01  -5.7591454e-02  -2.2981260e-01  -1.9625022e-01   1.3897365e-01   3.6627645e-01   7.6931240e-02   5.9292910e-01  -1.4310869e-01   1.6018726e-01   1.2145372e-01   3.4394890e-02   7.0748028e-02   2.7032366e-01   1.3390192e-01   2.5162567e-01   2.0052639e-02   3.1591957e-02  -5.4822621e-02   2.0336753e-01  -1.4011006e-01   1.2954808e-01   1.1847416e-02   3.3671090e-01   6.2383583e-02  -4.7329648e-02  -1.4058967e-01  -1.9583606e-01   1.5342994e-01  -2.3992922e-01  -1.9697028e-01
  -4.4839577e-01  -3.7707517e-01  -1.9964939e-01   1.5122847e-01   3.7518449e-02   3.5259267e-01   6.1219780e-01   1.1170399e-02  -2.8671490e-01   0.0000000e+00   4.1806430e-02   2.3430871e-01   6.8588143e-02   3.7348091e-02   5.6177551e-01   4.1282319e-01  -1.0667673e-01   3.2977069e-01   1.1425939e-01   3.5055591e-01   2.9137470e-01   2.8699765e-01   6.6023948e-01  -4.4563525e-01  -3.2579209e-01  -2.4628046e-01   2.6294775e-01   2.4801012e-01   8.8619534e-02   4.2078488e-02  -9.9996315e-02  -1.1629409e-01  -3.7449488e-02   4.2638474e-01  -1.9337568e-02   3.1301436e-01  -3.8716809e-02  -5.2211399e-02   4.2217916e-01   2.5635533e-01   1.3687609e-01  -1.3825163e-01  -3.2845443e-01  -7.1470378e-02   5.6027399e-01  -2.6069277e-01   2.8846873e-01   2.3734686e-01  -2.2105270e-01  -3.4186795e-01   2.8608164e-01  -1.6289044e-01   1.9793377e-01  -4.7369777e-01  -2.6083355e-01  -1.8361366e-01  -1.6009257e-02   1.2080582e-01  -5.7091621e-02   2.2021566e-01  -2.5190549e-01   2.2989208e-01  -5.3023569e-01   9.6614089e-03  -1.0121668e-01   5.2584347e-01   1.2904639e-01  -3.0404635e-01  -5.0087433e-02  -3.9259141e-01  -4.3068837e-01   2.5604015e-01   2.6468262e-01  -2.7066833e-01  -2.8407158e-01  -1.4914826e-01  -4.6296091e-02  -8.9422943e-02  -4.4354092e-01  -5.8560965e-02   5.9507859e-01   2.7902954e-01  -2.9682046e-01  -2.8712763e-01  -2.9899855e-01  -1.3685914e-01  -4.5541345e-02  -1.0390808e-01  -3.4254653e-01  -3.3345440e-01  -5.1846975e-01  -2.6059802e-01   1.3639301e-01  -2.8214758e-01  -3.4092585e-01  -1.1649088e-02   1.3187697e-02  -9.2661661e-02   2.3492401e-01   6.0664898e-01  -1.2614865e-01   5.5486364e-01  -1.5072576e-01  -1.3363212e-01   1.7460849e-01  -5.6493325e-02  -2.8708484e-01  -1.2906868e-01  -4.2750971e-02   4.2176251e-01  -4.1548029e-02   3.2664647e-01   3.1041703e-02  -3.6524957e-01   1.2739804e-01  -4.0630465e-01  -2.5255140e-01   1.7009141e-01  -3.4303890e-01   1.5168945e-01  -3.2530618e-01  -3.3130592e-01  -4.2552758e-01   7.5670973e-02  -2.8307568e-01  -2.7958643e-02   5.3483035e-01  -1.1167350e-01  -5.3133601e-02  -1.3354604e-02   2.3983363e-01   2.2804536e-01  -1.8493076e-01   1.3141807e-02  -4.3283933e-01  -1.1054510e-01  -3.3219754e-02   2.3497518e-01  -1.2105184e-01  -1.7888643e-01  -1.6377051e-01   1.2970093e-02  -8.6477053e-02  -2.0684899e-01   4.3079065e-01   6.5287752e-02   4.4531037e-02   1.4743764e-01   5.1045295e-01  -1.3447782e-02  -3.4010043e-01  -2.0512236e-01  -3.7585183e-01  -2.6029990e-01   1.9900226e-01  -1.5461322e-01  -3.7799086e-01  -2.6153506e-03  -3.6901303e-01  -1.4221497e-01  -7.4808340e-02  -2.2093982e-01   2.8879312e-01   1.3303641e-01   2.1565878e-01   4.9813131e-04   2.8965432e-01  -2.0672710e-01  -1.9425409e-01  -2.9732108e-01   1.5126623e-01  -1.4310922e-01   4.7653268e-01  -3.1391461e-02  -1.3999289e-01   2.7523322e-02   2.7787156e-01
  -6.6366261e-02  -5.7424955e-02   6.3555276e-03   2.5971634e-01   1.5405648e-01   3.4563298e-01   2.5894817e-02   2.1864926e-01   1.1137799e-01   4.1806430e-02   0.0000000e+00   1.3340823e-01   1.1889881e-01  -1.2521534e-02   1.7750479e-01   1.7649589e-01   5.9551361e-02   5.5611328e-01  -2.3298735e-02   2.3471334e-01   2.3629459e-01   1.2862072e-01   3.5097185e-02  -1.7346831e-01   1.6291052e-01  -1.2149806e-01   5.0594241e-01   8.7691087e-02   1.2055948e-01   3.0108331e-01   1.4385727e-01   2.1777228e-01   1.4310828e-01   1.7796929e-01  -4.9804306e-02   4.1675478e-01   2.4628982e-02  -1.3340252e-02   1.1375299e-01  -4.9683222e-02   1.4753271e-01   1.4775140e-01  -3.1085817e-02   2.1907397e-01   3.9336135e-01   2.2385389e-01   6.3669821e-01   6.9838330e-03   2.8304281e-01  -1.4746841e-01   4.2205842e-01  -9.2740534e-02  -1.5399111e-01   9.1276437e-02   1.7086584e-01   1.4759906e-01   1.5018980e-02   1.2150680e-01   3.5005316e-01   1.3360606e-01   2.8519442e-01   2.9637940e-01  -3.1945446e-02   2.4227087e-01   3.2512493e-01   2.4491924e-01   2.7154326e-01   5.6616178e-02   6.1401687e-01  -1.2049695e-02  -3.7989379e-01   3.8112828e-01   1.7954445e-02  -1.2636837e-01   4.7790389e-02  -5.3561827e-03   1.9202829e-01   2.5928902e-01   1.0666548e-01   2.9732869e-02   2.1130483e-02  -4.1737096e-02  -2.1019009e-01  -3.4214320e-02  -1.3931866e-01  -6.2956903e-02  -1.7854845e-02  -1.6010115e-01   5.3261791e-02  -7.1905626e-02  -1.5161892e-01   2.8072065e-01   3.8781519e-01   1.2288350e-01   2.6030408e-02  -2.5664549e-02   1.3372377e-01   2.1392489e-02   4.5598809e-01   1.2809944e-02  -1.7028247e-01   2.5298781e-01   9.7916890e-02   2.8571592e-01   3.0674723e-01   2.7630226e-01   2.3380737e-02   2.1119118e-01  -1.7095233e-01   4.6414617e-01   1.7680142e-01   1.8304701e-01   8.4450170e-02  -1.3596966e-02  -7.2696080e-02  -1.6224014e-01  -7.7799527e-02   1.3974910e-01  -7.9862362e-02   4.5690786e-01  -1.1789086e-01  -5.7770526e-02  -1.2804172e-01   1.0088089e-02  -5.5903971e-02   1.5306075e-02   1.6140698e-01  -4.1434426e-02   2.4598668e-01   3.8387560e-02  -3.2198524e-02   4.5222063e-01   1.5468559e-01   1.1077360e-01   1.1263128e-01   8.6553983e-02   8.2099618e-02  -1.9022064e-01  -5.8489111e-03  -1.3359131e-01  -7.3986257e-02  -2.7970380e-01   1.9631456e-01  -8.7406920e-03   3.2888491e-01   1.6995571e-01  -2.0397664e-01   3.9559131e-01   4.7814895e-01  -8.7202540e-02  -2.0050396e-01  -8.4956215e-02   5.6100055e-02   1.9314287e-01   9.7618148e-02  -1.4825000e-01   7.9887595e-03   3.1347655e-01   1.1145499e-01  -1.9528568e-03  -3.5331725e-02   3.1583282e-01  -6.9394540e-02   4.7373589e-01   1.7024621e-01   6.0097722e-02   2.0109787e-01  -7.2729693e-02   9.5567000e-02   3.5257056e-04   9.0090399e-02  -1.4620398e-01   4.2924387e-01   5.3657955e-02   9.7742148e-02  -3.3848867e-02   3.0955889e-01
  -1.7167380e-01   2.2184098e-01   1.5065698e-01   1.3350448e-01   2.2338738e-01   4.1238051e-01   2.5948742e-01  -4.4974182e-02  -7.7708813e-02   2.3430871e-01   1.3340823e-01   0.0000000e+00   9.1436077e-02  -5.1183104e-02   3.4041459e-01   1.5519195e-01   3.2706025e-01   5.3674588e-01  -2.1797178e-01   4.3493625e-01   2.4923328e-01   1.0485698e-01   1.2655638e-01  -2.1886586e-01   1.0814635e-01  -1.5543360e-01   4.1059430e-01   1.7250690e-01   2.7438972e-01   1.4783078e-01  -2.9535078e-01   1.4390759e-01  -7.9645250e-02   2.2825890e-01  -1.8566025e-01   2.8760418e-01  -3.2704180e-01  -2.2154735e-01   1.0027451e-01   4.5797838e-01   7.4510155e-02  -3.0530676e-03   2.1741994e-01  -6.3627065e-03   3.1937677e-01  -1.3601846e-01   2.3466321e-01  -9.2288750e-02  -4.0507354e-02   2.5676894e-01   5.0806939e-01  -1.4312579e-01  -2.3044089e-01   1.4650719e-01   4.7362847e-02   1.0216203e-01   1.3665798e-01   5.0074701e-02   3.3249171e-01   4.5795116e-01  -7.9928695e-02   4.1550664e-01  -1.4779498e-01  -1.8790725e-01  -2.5610576e-01   3.4133542e-01   2.6092395e-01  -8.4781549e-03   2.4960382e-01  -1.5713237e-01  -1.2819913e-01   4.7675967e-01  -6.0207838e-03   1.5200208e-01   4.7603423e-02  -1.8331861e-01  -2.4237920e-01   1.2632694e-01  -2.9678016e-02   1.5732752e-01   2.2247862e-01   1.3794802e-01  -1.7530794e-01  -1.2758860e-01   1.8438598e-01  -3.9758859e-02  -2.3040077e-01  -1.9898490e-01  -8.1542545e-02  -6.0936339e-02  -1.8795577e-01  -8.3794885e-02   5.9802411e-01   2.8719654e-01  -2.5444694e-01   8.2904643e-02   3.9590064e-01  -2.0258299e-01   3.5763690e-01   3.0025340e-01  -1.0553074e-01   4.6401730e-01   4.3976441e-02  -1.0297048e-01   3.3979544e-01   1.7830201e-02   1.3592837e-01   3.3814261e-03  -2.7167460e-02   4.6660916e-01   3.2138115e-01   2.8038521e-01   1.6116006e-01  -2.2979693e-01   1.0704102e-01  -1.5241771e-01  -1.8079430e-01   1.3772362e-01   2.6453952e-02   6.8742069e-02  -3.9691676e-01  -1.0421862e-01  -7.1497075e-02  -3.0054851e-01  -2.6884181e-01   2.3029556e-01   2.4711720e-01  -3.0563302e-02   2.1430895e-02   1.9044561e-01   3.0437211e-02   2.4169785e-02   4.5220149e-01  -3.0680083e-01   1.1866394e-01  -1.4078472e-01   1.1021989e-01  -7.3938079e-02  -1.9676117e-01  -2.0064675e-01  -1.5409486e-01   1.3721252e-01   1.2374259e-01   9.7482521e-02   3.9184471e-01   7.7772758e-02   2.8811664e-01   8.4317114e-02   5.5648847e-01  -2.2802787e-01   2.9582642e-02   2.0926574e-03  -2.7583271e-01  -2.3767951e-01   4.1770690e-01  -2.7370172e-01  -4.0230644e-01   1.6117138e-01   1.1876345e-01   1.4169658e-01   2.7783758e-01  -9.2541295e-02  -2.4120603e-01   2.9463168e-01   3.2796833e-02  -1.6024897e-01   2.9528921e-01   9.4972802e-03  -4.0267276e-02   5.5006611e-02   3.0814973e-01  -3.4746246e-01   1.5132384e-01  -3.5217421e-03   1.4183298e-01  -2.6349938e-02   4.9491175e-02
  -3.0595028e-01  -1.4365295e-01  -9.0092947e-02   2.6268948e-02   2.2163435e-01   1.0727162e-01   1.3565526e-01  -1.3269666e-01  -3.2697605e-01   6.8588143e-02   1.1889881e-01   9.1436077e-02   0.0000000e+00   9.4534682e-02  -9.7340853e-02   4.5461454e-01   1.1083725e-01   3.0684613e-01  -1.0035991e-01   4.0988948e-01   1.9292278e-01   1.1311633e-02   8.2629357e-02  -3.9515653e-01   6.3258254e-03  -4.4296528e-01   3.5145642e-01  -6.5511898e-02   4.5941846e-02  -1.1079454e-01  -3.2470644e-01  -3.7577503e-02   2.5294718e-01  -1.7677126e-03   1.1082366e-02   4.8783351e-01  -3.5334513e-02   2.7689577e-01   5.3928748e-01   3.0020385e-01   6.8359611e-01   4.4995772e-01  -1.5865647e-01  -1.4835622e-01   2.3084774e-01  -4.5382680e-02   4.7791317e-01   6.9496980e-02   3.3408555e-01  -2.4020119e-02   4.5261317e-01  -4.3207564e-01   3.3793083e-02  -8.5968694e-02   2.6172039e-03  -2.0287372e-01  -1.2629603e-02  -1.1365408e-01   3.6186996e-01  -2.2821606e-01   2.7283202e-01   4.8426478e-01  -2.7218170e-01  -1.0315586e-01   7.9239363e-02   2.6840418e-01  -8.1861497e-02  -1.2707680e-01   1.9185037e-01  -2.0834560e-01  -1.3394837e-01   9.2321709e-02   5.9377121e-01  -1.6136976e-01  -8.1520274e-02  -4.7385521e-01   2.9481100e-01  -1.9366868e-01  -1.0167480e-01   5.6458604e-01  -7.3298705e-02   5.4628751e-01  -8.0325546e-02  -5.2297322e-01  -9.3989591e-02  -4.4821419e-01   4.7136843e-02  -2.5196381e-01  -2.2307437e-01  -1.8885924e-01  -1.7847610e-01   1.0889450e-01   9.5744570e-02  -3.0507667e-01   1.0127909e-01   4.0994471e-02   5.6267738e-01  -3.5146329e-01   3.6175546e-01   2.4240865e-01  -1.0660845e-02   8.5241703e-02  -4.8479061e-01  -3.4549386e-01   1.7009458e-01  -1.2792020e-01  -8.1174160e-02  -2.1905733e-01   3.6769922e-01   3.5282439e-01   1.8349156e-01  -5.6425466e-02  -1.9045087e-01  -2.4054751e-01  -1.6851445e-01  -1.4592835e-01  -1.9448005e-01   8.0256567e-01  -3.8044956e-01   2.9036175e-01  -1.7957231e-01   7.2878427e-02  -4.0576352e-01  -4.9738981e-02  -1.3761325e-01  -2.8823230e-01   1.8054067e-01   1.4532475e-01  -6.7165752e-02   2.7174439e-01   6.7942129e-01   1.8699625e-01  -3.7733847e-02  -2.2398726e-01  -2.5388023e-01  -4.1998476e-01   4.8838440e-01   4.1685345e-02  -4.2836082e-01  -2.2415291e-01  -1.5498461e-01   3.8939126e-01   1.8126434e-01  -2.2531571e-01   8.8183998e-02  -3.1675707e-01  -1.0565143e-01   1.3727244e-01   2.4236316e-01   1.3189967e-02  -3.6156470e-01  -5.3079239e-01  -9.2529703e-02  -1.6438521e-01   1.0421547e-01  -2.2745947e-01  -1.6097564e-01   4.1508245e-01  -4.1656346e-02  -3.4479842e-01  -9.6313206e-02   1.2432798e-01   7.7339422e-02   7.5707592e-02   1.9615729e-01   7.4960674e-02  -1.5311043e-02  -3.6648162e-01  -7.2520557e-02  -5.9717193e-02  -1.1926150e-01   5.9208596e-02   2.5592839e-01   5.0705709e-02  -1.4065451e-01   2.1649193e-01   3.3986121e-01
   7.7620633e-02  -2.0136176e-01   1.3348949e-01  -5.5866144e-02  -2.3982734e-01   1.8997469e-02   8.0527089e-02  -1.5544848e-02  -1.5037095e-01   3.7348091e-02  -1.2521534e-02  -5.1183104e-02   9.4534682e-02   0.0000000e+00   1.6604297e-01  -1.4244627e-02   1.7705508e-01  -6.9647595e-03   2.0039615e-02  -2.5971134e-02   1.8759971e-01  -7.0446022e-02   3.5494789e-01   9.6756452e-02  -2.2212202e-01  -1.3000359e-01   7.4043262e-03   1.9639382e-01  -5.3286166e-02   2.3339634e-02   3.8539605e-01  -2.2677385e-01   9.5605999e-02   3.1347108e-02   3.3988131e-01  -2.4338763e-02   1.3310164e-01  -6.9940769e-02   5.6265367e-02   2.9367211e-01   4.2270592e-02   1.5663582e-01  -4.2384350e-03  -7.2725947e-02  -4.3840194e-02  -2.3722437e-01   4.8864854e-02   3.3647432e-01  -3.7567325e-02  -1.4415836e-01  -7.6066551e-02  -6.1555329e-02   1.4028384e-01   1.2241195e-01   2.5160716e-01  -1.2685815e-01  -1.8197618e-01  -1.9337827e-01  -3.1822201e-01   3.1108447e-01  -1.6163063e-01  -7.0271074e-02  -2.2403463e-01   3.4284376e-01  -1.2084449e-01  -2.9564569e-01  -9.4974352e-02  -2.1375891e-01  -5.2477097e-02  -7.7439352e-02   8.8019555e-02  -3.4716090e-02  -6.0642705e-02   2.7274554e-01   1.6671195e-01  -1.9591857e-01  -1.6448098e-01   3.3891249e-02  -4.0646413e-01   8.0123597e-02   2.7455513e-01  -1.1390981e-01   5.0246202e-02  -1.9272860e-01   2.2964216e-01  -2.5231508e-01   6.3391051e-01   3.4771582e-01  -3.1478869e-01   1.9494654e-01  -3.5208489e-01   2.0093380e-02  -1.9504791e-01  -1.0913608e-01  -1.8070889e-01  -3.2123556e-01  -3.1733308e-02  -2.1238204e-02   9.3210847e-02   1.5374552e-01   6.8277994e-01  -4.1241482e-02  -2.5377008e-01   1.5853597e-01  -2.2998026e-02  -1.3535787e-01   1.1991224e-01  -5.2855418e-02   2.4824614e-01   1.5683492e-01   1.6326681e-02  -1.9412538e-02   4.3514524e-02  -3.8768252e-02   2.6556183e-01  -1.3126013e-01  -3.2323579e-01   1.0993076e-02  -3.2259402e-01   9.6895966e-02   1.6182964e-01  -2.6222365e-01   8.3952406e-02  -3.5561193e-02   4.9561731e-02   2.9001835e-01  -2.6329317e-02  -1.6857865e-02  -1.2624400e-01   3.4070105e-01   1.8046981e-02  -1.8887015e-01  -2.2746282e-02   9.6685103e-02  -6.3989808e-02  -1.3513729e-01   8.0793604e-02   6.6773212e-01  -1.1177581e-01   1.4837728e-01   1.5690841e-01  -2.9084650e-02  -4.7743908e-02  -9.5472915e-02  -6.6139612e-02  -9.8997912e-02   1.4864602e-01  -3.0075648e-01  -1.6093087e-01   5.2596556e-01   9.4881782e-02  -3.4693953e-01   2.9434232e-01  -1.0883109e-01   1.3506530e-01   1.3035848e-01   3.5712938e-02  -2.0536117e-01   6.2950008e-03  -1.4759894e-01  -1.1790083e-01   3.8080685e-02   4.8877182e-02  -1.6904526e-01   7.4405622e-02   6.7860578e-02   1.9254000e-01  -3.7266732e-01   1.2746543e-01  -1.6655251e-01  -1.1093658e-01  -7.6547447e-03   1.3732401e-01  -9.3032767e-03  -3.3254696e-01  -6.2970266e-03   2.2310181e-02
