   0.0000000e+00  -1.1143231e-01   3.7382327e-01   6.4240411e-02  -1.8784931e-01   2.3903037e-01  -2.3147142e-01   1.4872587e-01  -2.5352948e-01  -1.7790489e-01   1.2760712e-01  -2.1080448e-01   1.6974693e-01  -1.8105149e-02  -7.4503510e-02   1.1848052e-01   4.0268594e-01  -1.7082517e-01  -9.0756538e-03  -2.6355400e-02  -2.3741338e-01   8.5622886e-02  -1.1238369e-01   6.3691860e-01   9.3312307e-02  -1.7479050e-01  -6.2249774e-02   8.3607844e-02   1.6878909e-02  -1.0683587e-01  -1.1080136e-01  -1.3837267e-01   3.3741345e-02  -2.6201395e-01  -2.4142118e-01   2.3400793e-02  -9.5734313e-02  -7.9455661e-02  -3.8054433e-02  -6.4353097e-02   9.3109210e-02   5.3708077e-02  -1.0679899e-03   4.3865959e-02   9.8768560e-03   6.1576271e-01   1.3998459e-01  -2.9902879e-01  -1.3652518e-01   5.8261668e-02  -1.7716374e-01  -3.6120423e-03  -2.1647132e-01   3.4748156e-01   2.7680970e-01  -9.7427889e-02   2.0528333e-01   2.7749961e-01  -3.0520774e-02   9.8624143e-02   3.5166293e-01  -4.9839980e-02  -1.4703173e-01   9.6590183e-02  -1.7986377e-01  -6.4135564e-03   1.6037613e-01  -5.9687969e-02   9.9889934e-02   6.4912268e-01  -1.4672722e-01   6.6646447e-02  -1.0782418e-01   3.3213044e-01  -1.0177080e-01   5.8148723e-02   4.3656809e-01   9.1827137e-02   3.8240265e-02  -1.4925690e-01  -1.9286633e-01  -1.0506119e-01  -2.5629208e-01  -3.0667327e-02   1.6027366e-01   2.9559606e-01  -1.5716505e-01   3.7467761e-01  -5.9319400e-02   4.2616849e-01  -5.6416332e-03   5.1426596e-01  -9.6157396e-02  -1.9505361e-01   8.9827406e-02   9.6998217e-02   1.3145160e-01   1.2989373e-01  -1.7407265e-02  -8.2425267e-02  -1.0177845e-01   1.7482418e-01  -5.6613204e-02   8.6832264e-03  -3.3472906e-02   1.7581470e-01   2.0924798e-01   1.5519250e-01   3.2410060e-03  -1.1365966e-01  -1.5329501e-01  -5.1227667e-04  -8.5616609e-02   7.3616464e-01  -9.9752281e-02  -1.9398456e-01  -1.4562483e-01   1.4280573e-02   8.1521936e-02   1.1046266e-01   5.4279920e-01  -1.8146922e-02   8.7724696e-02  -5.8887895e-02   6.2858943e-01   2.9891704e-01  -1.5510404e-01   8.6973559e-02   1.8722934e-03   4.9723425e-01   4.8805128e-02  -1.4805031e-01   2.4280707e-01  -2.7716877e-01  -2.2051122e-01   3.8353440e-01  -7.6753083e-02  -2.4118677e-01   2.2837897e-01  -2.5836362e-02   4.6921953e-01  -1.3499991e-02   4.9298327e-02   2.6695599e-01  -1.5573798e-02  -8.5302324e-02  -2.4609624e-02  -1.0638261e-01   2.3211275e-02  -2.6416773e-01   4.6192357e-01  -6.9231944e-02   5.4240718e-01  -2.0486831e-01   2.7485294e-03   2.5801094e-01   4.0977455e-01   2.6203279e-02   3.3655220e-01  -7.9492069e-02  -5.9692872e-02   2.4789500e-02  -1.0292677e-01  -9.4165191e-02   2.2310861e-01  -2.7543771e-01  -6.5453805e-02   4.5781402e-01   4.4055748e-01  -1.2036867e-01  -3.4316447e-04  -4.1844297e-01  -2.7118581e-01   4.5709832e-02  -7.0076292e-02   2.5505156e-01   1.6787769e-01
  -1.1143231e-01   0.0000000e+00   2.1565060e-01  -1.7170867e-01   2.7950232e-01   1.3928702e-02   1.9124070e-01   3.7306804e-02   2.7356276e-01   5.8980894e-02  -1.4059579e-01   5.6744755e-01   1.5276321e-01  -3.4090857e-01  -8.9745569e-02  -1.7075763e-01   1.4531072e-01  -7.1351286e-02  -7.4371021e-02   2.5307176e-01   1.1246987e-01  -1.1328642e-01  -1.9197292e-01  -1.7032071e-01   2.1201647e-01   6.5188911e-02   2.4940152e-01  -4.6594635e-01  -1.6939559e-01  -1.4549962e-02  -3.3107831e-01   6.5396772e-02  -1.0980925e-01   2.1872044e-01   2.4804961e-01  -9.9266550e-02  -2.0544973e-02  -8.4480752e-02   2.6729914e-02   4.8523709e-01   1.8141476e-02  -1.2810099e-01  -6.1678056e-02  -7.7361013e-02  -8.3653439e-02  -1.9576697e-01  -3.7638908e-01   5.2062899e-01  -1.2905521e-01   3.7728871e-01  -6.7097781e-02   9.0889546e-03   6.1118350e-01   2.4081090e-02   1.1509174e-01  -3.8878565e-01  -3.9036889e-02  -1.7417639e-02   1.3342850e-01   2.0081390e-01  -3.6592585e-01  -2.2934587e-01   2.4865907e-01   2.7905520e-02   4.1023449e-01  -9.4277967e-02   1.6126401e-02  -7.9813352e-02  -2.0851796e-02  -1.8471789e-01   5.5974842e-01  -2.0876471e-01   1.5231716e-01  -3.3812273e-01   1.9793934e-01  -1.5255526e-01  -1.9100928e-01   1.6589799e-01   3.1355412e-01   1.4024831e-01  -4.2266899e-01   7.7147085e-02   9.0055870e-02   4.9264259e-02  -1.8551216e-01  -2.2942739e-01   6.4391385e-01  -2.1513764e-01   2.4053434e-01   9.9125354e-02   1.9438151e-01  -2.0739152e-01   3.2016860e-01   2.5103516e-01  -2.8085388e-02   2.0825307e-01  -1.2694682e-01   1.1804407e-01  -7.0438903e-02  -4.2853575e-01   1.6956017e-01  -1.8419701e-01  -4.3755707e-01   2.9505161e-01   4.7723553e-02   3.9748194e-02   2.0990550e-04   1.6381957e-01   4.5114711e-02   9.0183318e-02   1.3229017e-01  -1.5359182e-01  -1.4023145e-01  -8.1050128e-02  -2.6249778e-02   2.7340341e-01   1.1351815e-01  -3.0153025e-02  -3.0761281e-01  -1.3169125e-01  -9.7983833e-02   8.5588605e-02  -7.5539820e-03   7.2790670e-02  -8.9208775e-02  -2.7861073e-01  -3.3863916e-02   1.6461294e-01   2.4000189e-01   2.0257607e-02  -1.1145822e-01   3.4229899e-01   7.4658583e-02   5.6198942e-01  -4.5167611e-02  -2.0606456e-01   1.7527761e-02  -2.3051302e-01   1.6686317e-03   2.6201608e-01  -3.2111694e-01  -6.6904892e-02  -7.1469475e-02  -3.0894982e-01  -4.9685447e-01  -3.6536031e-01   3.2428367e-01  -4.0495773e-02   7.2096035e-03  -1.7490805e-01  -1.5346342e-01  -3.7712814e-01  -3.7057306e-01   2.8134166e-01   2.9595503e-01   4.6882980e-02  -1.6362765e-01   6.9974190e-03  -3.3977946e-01  -4.1281459e-01  -9.0244702e-02  -1.4204202e-01   1.6461076e-02   8.3976786e-02  -2.4036774e-02   4.1940786e-01   2.0838546e-01  -4.2644693e-01  -2.3286832e-01   4.6595488e-01   9.8424560e-03   7.9258404e-03   1.1901178e-01  -1.2035447e-01  -8.6201776e-04   1.7381730e-02  -7.4509410e-02
   3.7382327e-01   2.1565060e-01   0.0000000e+00  -6.5297469e-02  -3.1038179e-04   2.6740995e-01   3.4518057e-02  -3.0087042e-02  -9.6215849e-02   1.4923048e-01  -3.1840710e-01   2.3544480e-01   4.8065372e-02  -3.3775658e-01  -1.3180449e-01   6.8825925e-02   7.7337065e-01  -2.1231720e-01  -2.0425806e-01   1.0815259e-01  -1.5286906e-01  -2.3381451e-01   1.0518972e-01   1.9545994e-01   4.5818596e-02  -3.6294727e-01   1.2401289e-01  -1.5326461e-01  -1.8121695e-01  -2.6182927e-01  -8.7857306e-02  -1.5220378e-01  -9.5793473e-02   4.7557563e-02  -1.7090666e-01   2.6381717e-01   1.8548049e-01   8.1564695e-02   6.3834000e-02   4.1482212e-01   2.2632620e-01  -2.9716515e-01  -2.9614795e-01  -2.9762104e-01  -7.8601816e-02   5.0197077e-01  -1.0232694e-01   6.2241547e-02  -1.5590020e-01   4.7685017e-01  -3.2348246e-01  -1.4925010e-01  -1.2404196e-02   2.2915050e-01  -4.4695601e-02  -3.6354378e-01  -2.5435672e-02   1.2304991e-01  -4.2127893e-02  -9.9038097e-02   3.3187797e-01  -1.1668329e-02  -2.6826422e-01  -1.4090912e-01  -1.6758691e-01  -5.9703898e-02   2.1820692e-01  -2.5091848e-01  -1.6813792e-01   4.2676448e-01   2.8483717e-01  -7.1175267e-02  -5.0239194e-02   1.5636314e-03  -8.9779653e-03  -3.2776511e-01   6.0364067e-01   1.4351529e-02   2.5328836e-01   4.7447350e-02  -2.1553786e-01  -2.8258874e-01  -3.8328827e-02  -1.6637518e-01   2.2653763e-01  -1.1983101e-01   2.0227168e-02   2.2680497e-01  -3.1193407e-01   3.1476259e-01   1.5875744e-01   5.4220113e-01   2.7547847e-01  -1.5565495e-01   2.8469532e-01   1.8064665e-02  -7.6026286e-02  -1.7714867e-01   1.1666908e-01  -8.0333415e-02   2.4441536e-01  -3.3180522e-02  -3.4313595e-01  -1.9180128e-01   2.6454972e-02  -1.4603542e-02   2.3862294e-01   4.7758544e-02   6.7629355e-02   7.4548257e-02   4.8726955e-03  -3.2817868e-01  -3.7595030e-01   3.8804242e-01   2.4443363e-01  -1.8261591e-01  -2.8908047e-01  -4.8594554e-02   3.3337816e-01  -5.2187118e-02   5.1593721e-01   1.9936012e-01  -2.0151544e-01  -1.1857636e-01   4.7512705e-01  -6.0684394e-02  -5.3608102e-02   2.3847272e-01  -1.9412621e-02   6.9238045e-01  -1.6115890e-01  -1.8809022e-01  -5.2891417e-02  -1.7888322e-02  -2.4995252e-01   4.3003902e-02   5.4489890e-02  -2.1562800e-01   6.7736134e-02   6.6726455e-02   9.2492827e-02  -2.0625403e-01  -1.9348537e-01   3.7760497e-01  -1.7905719e-01  -3.9786637e-01   3.6391832e-01  -1.3532379e-01   2.5450785e-01  -2.5519595e-01   3.9045477e-01  -2.7172692e-01   2.6227337e-01  -4.1995184e-01   5.1694862e-01   8.7189030e-02   3.4617686e-01   2.5585396e-02   1.8777294e-01  -2.0036493e-01  -4.2469704e-01  -3.9428527e-01  -1.5660404e-02  -1.7091112e-01   1.0238754e-01  -9.0341164e-02  -1.8005434e-01  -7.4481509e-02   7.1664015e-02   7.6357450e-02   2.2234185e-01  -3.1391933e-02  -2.8052760e-01   1.6639514e-01  -3.3602778e-01   3.3525862e-01  -8.2244549e-02
   6.4240411e-02  -1.7170867e-01  -6.5297469e-02   0.0000000e+00  -4.1700867e-01  -2.0017531e-01  -6.9971150e-02   2.6664724e-01  -5.7545565e-02  -2.7214062e-01  -7.0181496e-02  -3.1464534e-01   8.6963653e-02   1.5604124e-01   7.2563252e-03   1.8790226e-01  -8.0247782e-02   1.4715298e-01  -2.7354965e-02  -4.3456942e-01  -1.2987647e-01   5.9235587e-01  -1.1378986e-02   1.1003621e-01   1.8677249e-01   1.1845267e-01  -2.5555307e-01   1.9995839e-01   7.4261319e-03   3.4921065e-01   2.8392030e-01   2.8962402e-01   3.0572821e-01  -2.2895383e-01  -2.8314522e-01  -3.1883318e-01  -7.5337502e-02  -3.4920558e-02   2.0647752e-01  -5.1797617e-01   1.7161650e-01   2.7291493e-01  -1.1496233e-01   1.6408698e-01   2.5845547e-01   1.3639366e-01   2.4730844e-01  -2.6531910e-01   1.9602461e-01  -1.0891115e-01   2.4018408e-01   3.2064881e-02  -1.2172359e-01  -2.4021930e-02   1.4092737e-01   2.9413943e-01   2.1377462e-01   4.6563928e-01   3.6208592e-01  -1.7475003e-01   2.7985295e-02   3.5881312e-01   1.9919681e-03   1.0980727e-01   2.7612237e-01  -1.1413450e-01  -2.5642265e-01  -1.2820659e-01   4.1635260e-01   3.2959701e-02  -2.5057530e-01   5.7586650e-01  -2.7716673e-01   4.5490080e-01  -7.4050805e-02   4.0957276e-01   1.2536220e-01   2.0377491e-02  -6.6322994e-02   2.0431665e-01   1.7143832e-01  -3.6680875e-01  -2.5520790e-01   4.4388651e-01   4.2788012e-01   5.2091701e-01  -3.3406969e-01   2.3546876e-01   3.9911689e-02  -1.2585185e-02  -1.4908538e-01   1.6802129e-01  -3.4271687e-01  -1.9377935e-01  -1.6972665e-01  -4.4743460e-01   2.5949355e-01  -1.5741917e-01   9.2045026e-02   1.9084488e-01  -1.4262206e-01   1.9849661e-01   5.8061357e-01   4.1494779e-02   4.0790500e-01   5.4216191e-01   5.3101201e-02   1.7134686e-01  -2.0057420e-02  -3.9597092e-01  -3.9441877e-01   4.7163018e-01   5.9249800e-01   1.3139860e-01  -4.5230302e-02  -1.7578018e-01  -2.3890392e-02  -3.0660507e-01  -1.0034659e-01   6.4771563e-01   9.4826543e-02  -1.4084901e-01   2.0862172e-01   3.3318057e-01   1.3357838e-01   1.9852082e-01   1.7783791e-01   2.4291104e-01   4.1961168e-01  -7.1706461e-02   7.5492971e-02  -1.3496383e-01   4.3608007e-01  -7.8946778e-02  -1.1594671e-01   3.7352562e-01  -3.4429754e-02   1.7281396e-01   2.8461771e-01  -4.0978152e-02   1.1440587e-01  -2.8609733e-02   2.0535139e-01  -4.8203674e-02   1.3561578e-01   5.4658831e-01  -2.7010096e-01  -1.7146231e-01  -3.9592886e-01   1.3827082e-01   1.1051464e-01   3.9878175e-01   1.7786618e-01  -2.1401949e-01  -3.1208770e-01   9.2753729e-02  -3.2910222e-02   4.3298422e-01  -5.4627846e-02   4.2676183e-01   1.3557037e-01   5.6053682e-02  -3.9687658e-01   4.9322986e-01   2.3203003e-01  -1.7590787e-01  -3.0396420e-01   1.3983139e-01  -3.7583036e-02  -4.3988676e-01  -5.7638748e-02  -1.3995095e-01   2.0870288e-01  -2.0973603e-01  -3.4689993e-02   2.2421503e-01   3.7026795e-01
  -1.8784931e-01   2.7950232e-01  -3.1038179e-04  -4.1700867e-01   0.0000000e+00  -1.1054625e-01  -1.2019687e-01   6.3385991e-02   1.9605772e-01   3.1268773e-01   2.6514778e-02   2.8579266e-01   8.2288504e-02  -6.1498853e-02  -6.5912506e-03  -2.0253615e-01   8.2028073e-02  -2.3841049e-01  -1.2685883e-02   7.4879219e-01   2.9424696e-01  -3.4451946e-01  -4.0141861e-02  -1.0428091e-01   5.6767104e-02   3.8865373e-02   3.9717064e-01  -3.4318242e-01  -8.7586592e-02  -4.0893136e-01  -1.4057613e-01  -3.3784049e-01  -1.5024800e-01   1.1349490e-01   1.8082561e-01   2.0283500e-01   3.1616847e-02   6.1304825e-02  -8.3957324e-02   4.1399952e-01  -9.6802961e-03  -1.6825236e-01  -4.5616288e-02  -9.8553563e-02  -1.0229720e-01  -2.5525968e-01  -4.1506504e-01   1.1286283e-01   1.2378394e-02   4.0884801e-01  -3.2238606e-01   4.4730473e-02   4.8837856e-01  -3.8942387e-02  -6.2923122e-02  -2.4746958e-01  -2.3642609e-01  -3.8464416e-01  -6.7134386e-02   2.3028559e-02  -1.5454062e-01  -2.2342888e-01   6.1279004e-02  -5.7251514e-02  -3.7897316e-03   5.4105113e-02   1.1774535e-01   1.5578473e-03  -3.7488421e-01  -2.3657625e-01   5.1686623e-01  -2.6460960e-01   3.0521130e-01  -4.6166330e-01  -3.3104253e-02  -3.9936331e-01  -7.5983415e-02  -2.0973711e-01   3.2783298e-01  -1.7754278e-01  -2.7952081e-01   1.7929248e-01   2.8267294e-01  -1.7590657e-01  -2.6900264e-01  -4.7646095e-01   2.8272246e-01  -1.0678587e-01  -1.5396601e-01   5.7702486e-02   6.1249977e-01  -1.9427107e-01   4.3196331e-01   1.8649258e-01   1.2142119e-01   7.1542709e-01  -2.6087605e-01  -6.7070740e-03  -1.1115310e-01  -5.9687554e-03   2.6061912e-01  -3.0812994e-01  -3.5561849e-01   3.8527390e-02  -3.7371331e-01  -4.9430372e-01  -2.3205693e-02  -1.1997287e-01   1.5241678e-01   2.4619118e-01   2.5636435e-01  -3.7633548e-01  -2.7074545e-01  -2.0887020e-01   6.7395199e-02   6.8142842e-01  -1.1287004e-01   1.6839454e-01  -1.7983184e-01  -2.7568365e-01  -1.6269543e-01   6.2532251e-01  -1.5605544e-01  -2.6735225e-01  -2.5439052e-01  -3.4134411e-01  -2.4188166e-01  -7.7738035e-02  -3.3411958e-01  -4.4034349e-02  -1.6367888e-02   2.0178002e-01  -2.7027704e-01   2.7406794e-01   7.9894027e-02  -1.5704278e-01  -1.0167360e-01  -2.3454381e-01  -1.6785039e-01   1.2914625e-01  -1.2219251e-01   1.7673451e-02  -2.6565208e-01  -3.5418205e-01  -9.9146734e-02  -4.2610199e-01   2.8205174e-01   3.3468674e-01   1.4124777e-01   6.8724069e-03  -2.0309991e-01  -2.4889355e-01  -2.3713596e-01   2.2110151e-01   2.6772765e-01  -7.7677762e-02  -9.1072259e-02  -2.6549222e-01  -3.9331733e-02  -2.3576366e-01  -2.6625676e-01  -1.6075174e-01   4.8290884e-01  -2.8963618e-01  -1.1761742e-01   4.4217618e-01   2.4488575e-01  -2.9112476e-01  -8.2834899e-02   5.3524560e-01   3.1067312e-01   2.1990100e-01  -9.7368239e-02  -8.0906646e-02  -1.6143182e-01  -2.8968262e-02  -2.9297864e-01
   2.3903037e-01   1.3928702e-02   2.6740995e-01  -2.0017531e-01  -1.1054625e-01   0.0000000e+00   4.4926830e-01   2.1494147e-02  -4.6562064e-02   3.0333052e-01   1.7400855e-01   3.0320676e-01  -1.4293354e-02  -3.3929857e-01   4.1282551e-01   8.4185006e-02   4.8237831e-02   2.0140050e-01   2.3281986e-01   1.9995703e-01  -5.4587766e-01   5.6669189e-02  -3.0868686e-02   4.0065470e-02  -2.8160436e-01   9.5081393e-02   4.9078622e-01  -9.2004321e-02  -5.0103343e-02   1.7626965e-01  -3.6488452e-01   1.2513224e-01  -1.9381859e-01  -3.8897869e-02  -4.9890888e-02   1.2104310e-01  -6.0852133e-02  -1.9771469e-01  -6.1468815e-02   2.3576321e-02  -1.2350113e-01   2.2567654e-03   3.7185977e-02   7.5692495e-02   2.0985851e-01   9.5541469e-02   3.2671580e-01  -2.7784974e-02  -1.2094000e-01  -3.4153012e-01   3.2357051e-01   3.3386656e-02  -3.7519375e-01   2.3832242e-02  -3.4537614e-02   2.0382027e-01   4.8884083e-01   1.8003753e-01  -1.6073059e-03   3.2257222e-01   1.0686565e-01  -1.8006940e-01  -1.0798456e-01  -6.0263061e-02  -1.4825760e-01   5.6229925e-01   6.9580800e-01  -3.9715497e-03   2.5594781e-01   7.2580100e-02  -2.9711059e-01   1.0826690e-01  -6.2835268e-02   2.4254438e-01  -2.4268843e-01   5.0747187e-02   2.5051212e-02   1.6390591e-01  -9.5907511e-02  -2.3455166e-01  -7.0285249e-02  -7.3446506e-03  -2.0114068e-01   9.8459655e-02   6.8615598e-02   1.6581931e-01  -1.0051222e-01  -4.1667057e-02  -7.2003046e-02  -6.8844749e-02  -1.3957191e-01  -6.2885072e-04  -1.6052173e-01   1.5321948e-01  -1.6514041e-01   6.4913478e-02  -2.3478557e-02   4.3276643e-02   1.9575373e-02  -1.1215047e-01  -6.1001786e-01   2.0044995e-01   1.5194770e-02  -2.6900520e-01  -9.4257989e-02   5.1124100e-02   4.2270627e-02   3.0034865e-01  -2.7148500e-01  -9.8017275e-02  -5.9573036e-03   2.5460229e-01  -2.4040503e-01   1.1048851e-01  -2.3975161e-01  -3.3041435e-01   2.6678377e-01  -1.2358276e-02   1.2866249e-01  -6.6825202e-02   1.8712040e-01  -1.4354275e-01  -9.5201623e-02   5.0655468e-02   2.8982986e-02   1.3481905e-01   2.1958345e-01  -4.3493939e-02  -1.5719811e-01   2.4670885e-01  -6.4299758e-02  -5.6079085e-02   5.6215441e-02  -4.3992469e-01  -2.8975061e-02   1.5445393e-01  -1.3435480e-01  -4.7599926e-02   2.2780473e-01  -1.7273697e-01   1.7326795e-01   4.5835508e-02   3.7197769e-01   3.9352746e-01  -3.4972737e-02  -8.0779269e-02  -2.3291823e-01   1.4233853e-01   5.6901225e-01   6.8338429e-02  -1.4888823e-01  -5.8704252e-02   1.7777189e-02   1.8942130e-03   3.7501296e-02  -1.4038713e-01   1.2097474e-01  -2.2308165e-02   2.6047575e-03   1.6303346e-01   9.3989908e-02   3.0314424e-01   6.9138837e-02   8.1963852e-02   1.1665228e-01  -7.7716253e-02   4.8539760e-01   1.5162018e-01   2.3905071e-01  -1.7207674e-01   9.1879402e-02  -2.5057715e-01   4.5697386e-02   3.9799323e-01   5.4397779e-03  -8.7726989e-02   2.0519456e-01
  -2.3147142e-01   1.9124070e-01   3.4518057e-02  -6.9971150e-02  -1.2019687e-01   4.4926830e-01   0.0000000e+00  -2.3348316e-01   5.1101765e-02   4.4836553e-01  -9.4624516e-02   4.2459683e-01  -9.4244309e-03  -3.7574612e-01   5.2015253e-01   1.2035846e-01  -3.8036674e-01   2.9078622e-01   3.4035320e-03   8.8138676e-02  -2.8624698e-01  -1.2868750e-01   3.5085105e-01  -3.4357243e-01  -9.7001620e-02  -2.1849294e-01   2.5729143e-01  -2.7711335e-01  -1.1148445e-01   2.1729646e-01  -1.1045782e-01   5.6131464e-02  -6.9108505e-02   3.7770445e-01   2.7781107e-01   1.9598246e-01   7.0489665e-02  -3.2090799e-01  -6.6714314e-02   2.1425385e-01  -1.0438894e-01  -3.8057731e-03   1.9032133e-02  -1.9368789e-01   2.6943487e-01  -1.9683735e-01   7.8918606e-02   5.9779447e-01  -1.2266096e-01  -3.3635947e-01   4.3751314e-01  -3.2279666e-01  -1.7281801e-01  -9.3945030e-02  -2.4618953e-01  -1.5741051e-03  -4.6043860e-02   1.4587123e-01   9.2810995e-02   3.5497460e-01  -2.4302988e-01   9.7591054e-02   3.0544010e-01  -2.9347895e-01  -5.0707857e-02   5.2981003e-01   2.0083600e-01   1.5864721e-01  -5.1837874e-02  -2.1932550e-01  -5.1086074e-02   7.0794310e-02  -7.5810170e-02  -1.8544058e-01   5.3228024e-02   1.9085659e-02  -2.6036520e-01   6.7172781e-02   5.2836888e-02   7.3681552e-02   1.7260405e-01   5.0371538e-02  -5.3490447e-02  -3.8930360e-02  -3.2449762e-01   8.5154067e-02   2.1401324e-01  -1.0640439e-01   6.5886042e-02  -3.1355852e-01  -3.3651501e-01  -3.5836131e-01   1.0966833e-01   1.6451442e-01  -2.6310390e-01  -1.7088697e-01   5.0657572e-02  -2.1147772e-01   3.3829763e-01  -6.2907337e-02  -3.4155375e-01   1.0926077e-01   7.7726421e-02  -2.8269790e-01   3.2324120e-02  -5.9519962e-02  -1.4818280e-01  -5.7054113e-02  -3.6270627e-02   1.1162559e-01   2.0111434e-01   2.3305077e-01  -1.0179611e-02  -2.8822636e-01  -2.6199405e-02  -2.9222882e-01   1.8310642e-02  -9.4105110e-02  -1.1503437e-01  -7.1347740e-03  -7.7009877e-02  -3.4821687e-01   4.3881434e-02   2.8003526e-01  -2.2860980e-01   2.6668561e-03   5.1916875e-01   6.2106728e-02  -6.9108291e-02   4.5087537e-02   4.0178363e-02   2.8907190e-01  -5.8587994e-02   2.4702488e-02   3.1554028e-03  -2.0478172e-01   3.0987431e-01   9.0359227e-02   6.8009082e-02  -2.5298037e-01  -1.5890932e-01  -9.2264607e-02   1.8306120e-01   6.4975198e-02   1.1287083e-01   2.9764640e-02   3.3332674e-02   9.0003816e-02   5.8425478e-01   1.5452113e-01  -3.8025957e-01  -1.2607672e-01  -1.8779241e-01   2.7318944e-02  -5.8205129e-02  -3.6351322e-01  -2.1265934e-01   1.1700984e-01  -2.4201300e-01   5.1457115e-02   2.6936465e-01   9.5647020e-02   1.7986670e-01   4.9382712e-03  -1.8550238e-01   2.2806542e-01   4.3551231e-01  -3.2012447e-01  -9.6788764e-02  -1.2165922e-01   1.8314382e-01  -2.0553922e-01   2.9093546e-01   2.2819773e-02   4.1709845e-02  -9.3986239e-02   6.5692044e-02
   1.4872587e-01   3.7306804e-02  -3.0087042e-02   2.6664724e-01   6.3385991e-02   2.1494147e-02  -2.3348316e-01   0.0000000e+00   3.6755644e-02  -7.3568073e-02   3.1807946e-01   3.8204684e-02   1.2512075e-01   6.6074471e-03  -1.8991518e-02  -5.4141910e-02   1.2350847e-01   1.0271727e-01   2.7750507e-02   9.2374545e-02  -1.4519426e-01   3.9218649e-01  -1.8455363e-01   1.4633636e-01   2.2216526e-02   5.1867223e-01   2.0832295e-01  -2.5250535e-03  -5.4994430e-02  -3.1950242e-02  -1.2981448e-01   3.5199529e-01  -3.0137551e-01   1.8355005e-01  -9.4081208e-02  -6.6056215e-02   4.0383073e-02  -7.8966606e-02   5.1832715e-03  -2.6745473e-01   1.5831840e-01  -5.7558445e-02  -1.7460896e-01   4.7317420e-01   2.9701905e-01   9.8105133e-03   5.6156320e-02  -3.8445311e-01   1.0299976e-01  -3.4891294e-02   1.2082482e-01   6.3895980e-01   2.1085205e-01  -9.7879753e-02  -4.9514216e-02   2.4590251e-01   4.1437449e-01   3.7072151e-01   2.2196288e-01   1.1412362e-01   1.5626028e-02  -1.2892524e-01  -8.2598938e-02   4.1715233e-01   1.8956200e-01   2.2205215e-03   5.8171276e-02  -2.7680603e-01   4.7157238e-01  -1.3869214e-01  -1.7820536e-01   3.1252853e-01  -5.8915609e-03   8.6810608e-02  -1.4928879e-01   4.5194612e-02   2.0051155e-03   1.5445951e-01   2.5839763e-01   9.7256689e-02  -1.3132285e-01  -8.8906310e-02  -1.0711148e-03   5.9648766e-01   1.5442964e-01   5.9855473e-02  -9.8762039e-02   1.0579719e-01  -8.2074565e-02   1.9798088e-01   2.1858439e-01   5.1352668e-02  -1.9329389e-01   9.1477474e-02  -1.8059729e-01   8.7549811e-02  -2.2909922e-02   3.3605429e-01  -6.1779694e-02   1.4090411e-02  -2.6644565e-01   3.5406636e-01   9.9845628e-02   1.1679290e-01   1.7219243e-01   2.5948285e-01  -1.5721515e-01   6.7507217e-01  -1.5042891e-01  -2.1680655e-01  -3.1781108e-02   2.2623571e-01  -2.5526087e-03   2.3121657e-02  -2.8007728e-01   2.7350910e-01   3.4475425e-01  -4.6739552e-03  -1.8560779e-01   4.0339147e-01   1.1589945e-01   1.8609722e-01   5.7558068e-02   5.8153632e-02   7.9580782e-02   7.8614752e-02   1.1839440e-01   4.4063121e-02   2.2243856e-01  -1.6880962e-01  -3.4339399e-02   3.4146686e-02   1.0398423e-01  -3.6830986e-02  -9.8331693e-02   3.1480192e-01  -6.9686811e-02  -2.1217594e-01   3.0454037e-01   9.0376094e-02   2.4042796e-01   1.3065973e-01   2.4599313e-01  -2.3350626e-01  -1.1914490e-01   1.6463866e-02  -1.9708948e-01   1.6267798e-02  -2.6583085e-01   5.5182752e-02  -1.4079019e-01   2.4189272e-01  -6.7635428e-02   2.0330114e-01  -2.4395336e-01  -2.9721156e-03   1.9534012e-01   1.4921840e-01  -8.3733294e-02   1.8772376e-01  -1.5450467e-01   2.2350532e-01  -1.5533168e-01   3.8154085e-01   5.3825364e-01   1.2061011e-01   8.9817384e-02   1.0644669e-01  -5.3410282e-02   4.4449156e-02   1.7087716e-01  -2.1680930e-01  -3.5104904e-03  -7.8608481e-02  -1.7540994e-02  -1.9486428e-02   2.6023993e-01
  -2.5352948e-01   2.7356276e-01  -9.6215849e-02  -5.7545565e-02   1.9605772e-01  -4.6562064e-02   5.1101765e-02   3.6755644e-02   0.0000000e+00   2.7429575e-02   7.6137918e-02   2.2411162e-01   8.2843951e-02  -3.1825433e-02   8.2464877e-03  -3.5151349e-01  -2.2984412e-02  -1.3923641e-01  -2.1248759e-01   7.9293835e-02   3.6289028e-02   5.2385543e-02  -1.5614693e-01  -2.8693434e-01   2.5229635e-01   5.9186387e-02   3.2980186e-01  -4.2465260e-01   1.1232004e-01  -4.4929655e-02  -2.8067944e-01   8.6752528e-02  -1.5561390e-01   1.3649845e-01   4.4199427e-01  -3.3724385e-02  -5.5915674e-02  -9.9510936e-02  -1.8174887e-01   2.8835137e-01   1.6904268e-01  -2.3165195e-03   1.1669985e-01   1.8750753e-02   4.8090560e-02  -4.0940566e-01  -8.8467236e-02   1.1957247e-01   1.0292377e-01   4.6059058e-02   7.9526596e-02   1.6297056e-01   2.8790495e-01   3.5754387e-02   9.3021705e-02  -1.4214187e-01  -4.9942283e-02  -3.3318371e-02   1.6009123e-01   2.8144232e-01  -7.4745650e-02  -6.5872372e-02   2.8442260e-01  -8.4539499e-02   1.0745612e-01   1.9684604e-02   1.3288900e-01   2.5256467e-01   3.1010128e-02  -4.2073473e-01   1.2119548e-01  -7.0109770e-02   1.8002154e-01  -3.9414212e-01   3.1050140e-01   6.6119814e-02  -1.6463005e-01   1.0219871e-01  -2.4809940e-02   3.0947287e-01  -3.0747032e-01   1.7369141e-01   1.2124653e-01  -1.1505713e-02  -3.2677538e-01  -1.9140855e-01   4.2727376e-01  -2.3268984e-01   1.3982984e-01  -1.7984442e-01  -3.4169623e-02  -2.8740981e-01   5.2935718e-02   5.0120195e-01   8.1771707e-02  -7.9825554e-02   2.3875451e-02   1.2849033e-01   1.2742812e-01  -2.6407604e-01  -1.4265905e-02  -4.7002584e-02  -1.8833315e-01   3.2344348e-01  -5.9037322e-02  -1.8236969e-01   1.2610848e-01   1.0696540e-01   6.0090772e-02   6.6286827e-02   1.8576285e-01  -1.0525195e-01   1.6503609e-01  -2.2546689e-01  -2.5419617e-01   1.2855770e-01   2.2787885e-01   9.6521999e-03  -3.8085951e-01  -4.0011198e-02  -2.7427968e-01  -2.3919486e-02  -5.0948607e-02   4.2086503e-02  -2.8104384e-01  -5.1213367e-02   5.5698510e-02   1.9875078e-01   3.7587589e-01  -2.7787405e-01  -2.5556344e-01   1.0727427e-01   1.0306456e-02   1.6100608e-01   4.5556300e-01  -1.6459142e-01   2.2467424e-01  -3.2115327e-01  -1.3308222e-01   2.4354452e-01  -1.4550898e-01   7.5137596e-02   9.3996113e-02  -3.0438611e-01  -1.0747234e-01  -1.5776753e-01   3.2711589e-02  -2.2363756e-02   6.8731925e-03  -1.3742758e-01  -3.8701603e-01  -3.1185023e-01  -2.6605493e-01   3.6888079e-01   9.6591194e-02  -6.2734609e-02  -4.3795337e-02  -8.6225239e-02  -8.0530859e-02  -3.6199465e-01   1.8976637e-01   2.1225828e-01   3.0088554e-02   1.1848987e-01   1.2390362e-01   1.7790948e-01   2.1203304e-01  -4.6155859e-01  -1.4084273e-01   2.5306245e-01  -5.8358330e-02   3.3498137e-02   2.8184843e-01  -2.1464349e-01   2.3692060e-01  -3.2531000e-01   8.6465517e-02
  -1.7790489e-01   5.8980894e-02   1.4923048e-01  -2.7214062e-01   3.1268773e-01   3.0333052e-01   4.4836553e-01  -7.3568073e-02   2.7429575e-02   0.0000000e+00   1.1661478e-02   3.0553571e-01   1.0982651e-02  -2.2806586e-01   2.8360072e-01  -2.3366961e-01   7.4712695e-02   1.4920967e-01  -7.0974649e-02   5.6783708e-01  -3.0341479e-02  -2.1190924e-01   4.7604092e-01  -2.0933248e-01  -3.4125296e-03  -1.3489065e-01   2.9534268e-01  -2.0336059e-01  -7.0557489e-02  -5.4847470e-02  -1.1369124e-01  -1.2193786e-01  -1.1949291e-01   3.8682203e-01   2.8488728e-01   4.2807499e-01   3.0356292e-01  -4.9525383e-03  -1.8439526e-01   3.6602832e-01  -7.0119147e-03  -1.9889678e-01   5.5682373e-02  -3.8622446e-02   4.3087203e-02  -8.1630164e-02  -1.3033692e-01   8.8262737e-02   4.1803656e-02   5.3255547e-02   6.3481385e-02  -8.0910312e-02   2.5813434e-02  -3.8256935e-02  -2.5267860e-01  -2.6718463e-02  -2.1407504e-01   7.2130086e-02  -6.3574812e-02   7.2950853e-02   6.4010914e-02   5.6726443e-02   1.3436667e-01  -2.2823125e-01  -2.1616747e-01   5.2624027e-01   2.3898645e-01   1.2793972e-01  -1.2826211e-01  -1.0147234e-01   1.3627977e-01  -2.3313014e-01   1.6880658e-01  -3.1573943e-01  -3.2786915e-01  -1.8751263e-01   1.8942155e-02  -1.2512619e-01   1.8600492e-01  -1.7425886e-01  -6.1151214e-02   1.7404380e-01   1.3952365e-01  -1.5483334e-01  -2.4553069e-01  -1.3447892e-01   1.6781381e-01  -1.2338278e-01  -2.0910353e-01  -1.0179537e-01   8.6925787e-02  -1.4183686e-01   3.9097477e-01   6.2343999e-02   1.0543271e-01   3.8749350e-01  -6.0592826e-02   1.9559033e-02   1.1634437e-01   2.5816291e-01  -1.2295522e-02   4.6325008e-02  -1.5345218e-01  -2.6567503e-01  -2.3400067e-01  -2.0531271e-01   1.8087459e-02  -6.1086807e-02   1.8728456e-01   2.2772218e-01   3.8870392e-01  -3.5887828e-02  -2.2628251e-01  -2.1459600e-01   1.8618400e-01   7.7095370e-02   4.3233942e-02   2.3556359e-01  -6.4465950e-02  -2.3556444e-01   1.1518891e-01   1.0276151e-01  -3.0399226e-01   8.3403630e-02  -1.7144153e-01  -4.6862492e-02   2.8393955e-01  -1.0024724e-01  -1.9699161e-01   4.0135922e-02  -7.8887860e-02   2.6738012e-01  -1.9927547e-01   3.1319103e-02   1.2508260e-01  -2.6773378e-01   6.9001784e-03  -1.9163273e-01  -5.2328385e-02  -4.5867830e-02   7.5466265e-02  -2.6265178e-01   9.1124836e-02  -5.1746265e-02   2.5483411e-01  -1.1777854e-01   3.4782688e-01   3.1361332e-01   5.7067965e-01   3.4074106e-01  -8.1570681e-03  -3.6073110e-01  -1.2670479e-01  -6.6724958e-04   1.0143322e-02  -2.1564183e-01   1.7098516e-01  -1.2666947e-02   1.0821229e-01  -1.5763512e-01  -8.2106494e-02   8.2994224e-02   4.9524691e-01  -1.9761651e-01  -1.6587431e-02   4.0683641e-01   3.7441644e-01  -2.3718277e-01   1.9615819e-01   1.9069959e-01   4.3367459e-01   1.9050621e-01  -6.4458804e-03  -8.3856763e-02  -2.6385506e-01  -2.0935776e-01  -1.6772906e-01
   1.2760712e-01  -1.4059579e-01  -3.1840710e-01  -7.0181496e-02   2.6514778e-02   1.7400855e-01  -9.4624516e-02   3.1807946e-01   7.6137918e-02   1.1661478e-02   0.0000000e+00   4.1537906e-02   2.3625230e-02   1.8658520e-01   1.7587203e-01  -1.5746023e-01  -1.5463248e-01   3.5237939e-01   2.7266680e-01   1.4782041e-01  -4.6150054e-03   1.3442853e-01  -1.4205585e-01   2.0175257e-01  -1.5991954e-01   4.2199920e-01   1.6917155e-01   1.9978774e-01  -3.3868610e-02   2.8366427e-01  -1.4854744e-01   2.6102681e-01  -2.5621343e-01  -8.2420727e-03   7.6553518e-02   1.3087041e-01   1.1711106e-01  -3.0436658e-02  -2.7141121e-01  -2.9065243e-01   1.1046902e-01   3.5573694e-02   1.2904449e-01   4.5870550e-01   3.7040129e-01   1.6422357e-02   4.6804609e-01  -2.8364117e-01   3.8741636e-01  -3.8619207e-01   3.6371342e-01   4.3796353e-01  -1.1800325e-01  -2.0297633e-01  -8.6557461e-02   4.0810270e-01   2.7509648e-01   1.1640064e-01   1.7628005e-01   5.3321807e-01   1.3072364e-01   2.8411475e-02  -1.7688379e-02   4.6249354e-01   1.3459235e-01   3.0873261e-01   1.9197643e-01  -2.4127029e-02   4.1851816e-01   1.1970896e-01  -4.4111069e-01   1.0150154e-01  -4.6034888e-02   9.2389628e-02  -1.1641305e-01   2.0232823e-01  -3.4211753e-02   5.2540627e-02  -1.5698223e-01  -1.4163924e-01   1.4866256e-02   8.1282791e-02   9.2710259e-02   1.6952911e-01  -5.1690876e-02   1.2021570e-01  -1.2931725e-03   9.2650793e-02   1.3338200e-01  -5.8710584e-03  -1.8154363e-01  -7.3361331e-02  -2.9147340e-01   2.7065835e-01  -9.5241319e-02   2.0791572e-01   7.5844880e-02   6.1688266e-01  -2.9238477e-02   4.3019492e-02  -3.9226474e-01   5.6085637e-01   1.1072004e-01   3.4589398e-01   5.9816497e-03   5.2035643e-02  -2.3116725e-01   4.3588037e-01  -5.5127181e-02   2.1272236e-03   1.9261618e-01   2.1228770e-01  -1.6316842e-02   8.5237118e-02  -2.7129549e-01   4.0272755e-02   3.1770865e-01   2.1299680e-01  -2.4443295e-01   4.6956179e-02   1.7079450e-01  -1.9904698e-01   1.0401423e-01   2.5267717e-01   8.7615443e-02   4.7786538e-01   1.2415794e-01  -2.6011615e-01   8.2115364e-02  -1.1954863e-01  -4.4787474e-02   3.6957424e-01   9.2089610e-02  -2.6016266e-01   1.7469216e-01   1.7668168e-01  -1.3597402e-01  -1.2315415e-01  -6.4601796e-02   1.9944593e-01   4.4788020e-01   2.3642385e-01   4.4049047e-01  -1.4385026e-01   1.7186446e-01   1.9945046e-01  -3.7792629e-01   3.2376075e-01   8.7417430e-02   2.3169282e-01  -3.1601598e-02   7.7712321e-02   1.1649014e-01   5.5235414e-01  -3.6212206e-01   1.2869277e-01   2.6285141e-01   2.7480059e-02   7.6135324e-02   1.1941535e-01   1.3125144e-01   6.0421673e-01   1.6304779e-01   1.7048249e-01   3.2778916e-01   3.8669086e-02   5.3247399e-01   3.3619309e-01   3.2027283e-01   1.5777823e-02  -2.5801887e-02  -1.7050119e-01   3.2048402e-01   2.9855106e-02   2.0653693e-01  -4.2552009e-01   2.3088121e-01
  -2.1080448e-01   5.6744755e-01   2.3544480e-01  -3.1464534e-01   2.8579266e-01   3.0320676e-01   4.2459683e-01   3.8204684e-02   2.2411162e-01   3.0553571e-01   4.1537906e-02   0.0000000e+00  -1.7121871e-01  -4.2333508e-01   8.5326596e-02  -3.6811221e-02   2.6522069e-02   1.0692822e-02   1.6209741e-01   3.6501478e-01  -4.4299375e-02  -1.5713030e-01  -6.1274569e-02  -1.7688410e-01  -7.7178481e-03   1.0034937e-01   5.9127258e-01  -4.9498693e-01  -3.2829239e-01  -4.3382792e-02  -4.1201124e-01   8.6996155e-02  -4.0048762e-01   2.5139942e-01   3.7062552e-01   8.1049050e-02  -1.1990255e-01  -6.1032474e-02  -1.4935359e-01   3.9842754e-01  -1.9500567e-01  -2.0869096e-01  -2.8013088e-01  -9.9268683e-02   2.1644581e-01  -2.0677386e-01  -2.1153663e-01   4.3994909e-01   5.2212672e-02   6.4373156e-02   1.6946982e-01   6.2739802e-02   2.7118309e-01  -6.6981351e-02  -4.4678106e-02  -1.2722648e-01   1.7911764e-02   4.9482586e-02   3.3294077e-02   3.4209817e-01  -2.6802684e-01  -2.9394252e-01   5.0648890e-02  -1.1207034e-01   3.4544887e-01   2.9199301e-01   2.3329324e-01  -2.6353032e-01   7.6413339e-03  -2.2447338e-01   2.5220264e-01  -5.5129802e-02  -1.1399092e-01  -3.1150709e-01  -4.3021890e-02  -1.7673570e-01  -1.4422391e-01   1.6612521e-02   3.2132883e-01  -6.2752299e-02  -3.5912257e-01  -1.8785455e-02   1.5790786e-01  -1.2155936e-02  -2.0246269e-01  -3.0687028e-01   4.2299370e-01  -3.6435614e-01  -1.2635338e-02   4.8577659e-03   1.7025409e-01  -2.2065245e-01   3.7086223e-01   3.4107428e-01  -7.3081889e-02   2.0990271e-01  -2.9700108e-01   6.4205362e-02  -8.3988215e-02  -2.0334608e-01  -1.3178028e-01  -6.3547232e-02  -3.4204593e-01   4.4245186e-02  -8.7791772e-02  -8.1987797e-02  -2.9545237e-01   1.7090044e-01  -2.8583957e-02   6.1395047e-02   3.4249125e-01  -1.7470263e-02  -3.6066383e-01  -2.6353153e-01  -7.0622867e-02   2.2580687e-01   1.2509773e-01  -5.5044442e-02  -3.2291061e-01  -1.2592181e-01   6.5234820e-03   2.1573991e-01   1.2654855e-01  -1.2527083e-02  -1.6049489e-01  -1.5483443e-01   2.5649883e-01  -1.4491467e-01   5.5665825e-02  -6.5391044e-03  -1.3286862e-01   4.5146556e-01  -1.2719137e-01   1.7403269e-01   3.7649852e-02  -2.6712919e-01  -7.1763819e-03  -3.7823308e-01   5.4938932e-03   2.4050418e-01  -9.9794378e-02  -8.3698963e-02   1.4801450e-01  -1.2432735e-01  -2.9290808e-01  -3.4985290e-01   1.9953140e-01   1.7257155e-01   3.8248488e-01  -5.0806358e-02  -3.6857512e-01  -3.2203884e-01  -2.3207747e-01   2.7712802e-01   2.8095537e-01  -4.7302161e-02   3.4246825e-03  -8.7578162e-02  -3.1535790e-01  -1.9246471e-01  -1.8948951e-01   7.3990744e-02   1.1560074e-01   1.1338889e-01  -3.0822651e-02   5.6780028e-01   4.7628918e-01  -4.3090022e-01  -1.8367147e-01   3.9251323e-01   2.1909774e-01   1.0665863e-01   1.1074873e-01   1.2624710e-01   4.5599804e-02  -3.7133039e-02  -4.3922738e-02
   1.6974693e-01   1.5276321e-01   4.8065372e-02   8.6963653e-02   8.2288504e-02  -1.4293354e-02  -9.4244309e-03   1.2512075e-01   8.2843951e-02   1.0982651e-02   2.3625230e-02  -1.7121871e-01   0.0000000e+00  -8.2230058e-02   6.2113179e-02  -2.3670605e-01   2.0275995e-01   2.8757268e-01  -5.6992743e-02   1.0984876e-01   3.8036591e-02   1.8764004e-02   1.0667251e-02   7.3475925e-03   1.2670712e-01   9.9285424e-02  -7.4788156e-02  -8.3187262e-02   1.3952994e-01  -2.5619293e-01  -5.0683773e-02   1.2542837e-01  -1.3422433e-01   8.1901288e-02  -1.3581545e-01   3.0734021e-01   2.6705233e-01  -2.2913446e-01  -1.3525308e-01   1.1994390e-01   6.2047408e-01  -2.1647745e-01   1.6370633e-01   8.3113551e-02  -1.5981263e-02   5.6301169e-02   1.4575893e-01   4.8565784e-02   1.9687255e-01   1.0911308e-01   2.1206494e-02   3.8334235e-02   1.5889272e-01   1.5100800e-01   3.2234869e-02  -1.4280501e-02   2.7566827e-02   1.7436379e-01   2.8475667e-01  -3.7645359e-02   1.3700547e-01   1.7159202e-01   8.2977192e-02  -3.0508944e-02  -1.8073463e-01  -9.8062554e-02   7.4767515e-02   8.5222239e-02   2.8912435e-02  -3.3303784e-02   1.4961033e-01  -4.1779955e-02   2.3409434e-01  -8.1011040e-02   2.1060033e-02  -4.3921544e-02  -2.4371854e-02   6.2579735e-03   1.0218728e-01   2.5803873e-01  -2.9111867e-02   2.1343382e-01   1.2411594e-01   1.4228471e-01  -2.3710846e-01   6.1459405e-02  -2.3139489e-03   1.7860429e-01   4.6711052e-02   1.3784097e-01   1.7743468e-01   4.1841130e-02   6.5063502e-02  -3.2965548e-02  -1.0424622e-01   8.0553486e-02   2.8725626e-01   1.6043778e-01   3.8227132e-01  -3.4892021e-02   2.5233842e-03   6.4051536e-02  -4.6817791e-02   5.9580075e-02   6.6429137e-02   8.4733915e-02   1.2663302e-01   4.9919186e-02   1.3265974e-01   3.6423271e-01   2.0375684e-01  -5.8478294e-03   1.0021180e-01   3.8843058e-02  -1.4139534e-01   2.5759557e-02  -5.5322947e-02   3.1894007e-01  -5.1034778e-02   4.9693494e-02   1.0054049e-01   2.3252610e-02  -1.4900589e-01  -2.7525208e-02   1.1675412e-01  -1.6035715e-01  -1.6731889e-02   4.3008986e-01   1.5656724e-01   1.4322111e-03   5.2699989e-02   1.1682247e-01  -4.3801775e-03   1.7827110e-01   1.4370140e-01  -1.1015300e-01   2.4863002e-01  -3.7687521e-02   2.1337282e-02  -6.0634489e-02   2.4010714e-02   2.2691702e-01  -1.9446035e-01  -2.2262844e-01  -9.3789451e-02  -8.5071221e-02   6.1983581e-02   1.1350210e-01   5.7984157e-02  -3.1589183e-03  -1.9405077e-02   3.3397500e-02   2.4802713e-03   8.1369661e-02   1.7224231e-02  -6.1706939e-02   6.1487400e-02   2.3848870e-01   2.1847964e-01   1.2075771e-02   7.8745749e-02  -1.4687740e-01   1.5432161e-01  -3.9498344e-02   1.2901120e-01  -1.0256650e-01   1.2138905e-02   7.8084428e-02   7.2884774e-02   2.2108823e-01  -5.3221862e-02  -2.9324929e-01   2.0980162e-01   5.4033949e-02  -8.8031174e-03  -3.5095251e-02   9.5365865e-02
  -1.8105149e-02  -3.4090857e-01  -3.3775658e-01   1.5604124e-01  -6.1498853e-02  -3.3929857e-01  -3.7574612e-01   6.6074471e-03  -3.1825433e-02  -2.2806586e-01   1.8658520e-01  -4.2333508e-01  -8.2230058e-02   0.0000000e+00  -2.6253449e-01  -3.6713556e-02  -1.8619493e-01   4.0479320e-02  -3.4278804e-02  -1.6556966e-01   3.4238809e-01   2.8779150e-01  -3.5008278e-02   1.6601885e-02   1.6944497e-02   1.4410893e-01  -2.2811185e-01   4.4634645e-01   4.6023574e-02   2.4376074e-01   3.8063318e-01   5.2229523e-02   2.0790036e-01  -2.1467968e-01  -2.9077020e-01  -9.5336602e-02  -6.1169082e-02   2.0571205e-01  -1.0546423e-01  -3.5924029e-01   6.1010179e-02   1.6261592e-02   1.7385089e-02   2.3079873e-01   4.0881434e-02  -7.0836979e-02   3.1325660e-02  -2.3201597e-01   4.5491075e-02  -3.4814454e-02   2.6785625e-02   4.7290561e-02  -8.7814504e-02  -7.2585583e-02   2.0860853e-01   2.0191513e-01   6.1878634e-02  -8.5218500e-03  -3.6039853e-02  -2.6124348e-01   3.5052315e-02   1.1387249e-01  -1.5227570e-01   1.5074044e-01   2.1868767e-01  -1.2524466e-01  -2.0301307e-01  -7.7436097e-02   2.4566533e-02   4.1685208e-02  -2.5175246e-01  -9.4220143e-03  -1.5786210e-01   2.6311476e-01  -7.6655421e-02   1.0023103e-01   1.0278552e-02  -2.6279745e-02  -2.2991905e-01  -3.5735085e-02   2.6478370e-01   3.2882960e-02   7.4035691e-02   1.0833075e-01   3.4078366e-01   3.0200142e-02  -2.5153350e-01   2.3285818e-01  -1.3433619e-01  -1.2113960e-01  -7.5522481e-02  -5.0581577e-02  -2.5455616e-01  -3.1154528e-01   6.7908132e-02  -3.1345016e-02  -2.8417813e-02   1.5174805e-01  -1.1568586e-01   4.3139705e-01   1.6448840e-01  -3.8480924e-02   3.4603224e-01   1.6103310e-01   1.6599131e-01   1.0509784e-01   1.0416880e-01   6.9328598e-02   2.9341350e-02  -8.8969605e-02  -1.4486797e-01   5.8190123e-02   2.0436726e-01  -1.7755583e-02  -3.4122263e-02   4.1468815e-02  -5.1199553e-03  -5.8796904e-02   1.6903664e-01   1.4665081e-01  -1.2306692e-01  -1.7239546e-02   6.0988351e-02   1.9834144e-01   8.1544675e-02   4.9632917e-02   5.1097190e-02  -5.0098006e-02   1.0794833e-02  -2.2651182e-01  -2.1024123e-02  -3.5411915e-02   2.9286276e-01  -8.9125671e-02  -9.7536696e-02   4.1713101e-02  -1.4470771e-01   3.4912555e-01  -1.7590493e-01   1.0415749e-01   2.7624154e-01  -1.0401825e-01  -5.4041161e-02   9.6783998e-02   1.4617308e-01   4.8718538e-01  -2.6908696e-01  -2.3252189e-02  -2.6991955e-01   2.0913462e-01   2.1471877e-01   3.8476740e-01   5.3675643e-02   1.0795287e-01  -9.5039739e-02   2.3122074e-02   7.6284530e-05  -4.9181443e-02  -3.3350688e-02   2.0650444e-01  -5.5872610e-02   1.1055879e-01  -9.4737202e-02   1.5614499e-01   9.3079780e-02  -2.6789571e-01  -2.1235103e-01   2.8743230e-01  -8.1521941e-03  -1.5976446e-01  -6.3528545e-02   1.9054522e-01   7.8308894e-02   1.0761821e-02   6.0059572e-03   2.7756272e-02   3.7208722e-02
