   0.0000000e+00  -1.0408765e-01   9.0160960e-02  -2.7700744e-01  -4.9895127e-02  -7.1084972e-03  -3.1319402e-01   1.3576936e-01  -3.6886812e-02  -3.2391593e-01  -3.6980919e-01  -2.8009466e-01  -2.0670619e-01   8.0321649e-02  -1.3018699e-02  -1.3711582e-01   2.3129973e-01  -2.7882369e-01   4.0573456e-01  -2.1781799e-01  -2.7033090e-01  -3.0688051e-01  -1.1351925e-01   5.4917583e-01  -1.3210898e-01   2.1122261e-01   1.1805364e-02   2.9661726e-01  -4.4723605e-02  -2.6278749e-01  -8.1458355e-02  -2.2731095e-01  -3.0584748e-02  -2.1014626e-01   6.9679703e-02  -4.0082835e-01  -7.2932753e-02   3.8601341e-01  -1.3625404e-01  -9.2333957e-02  -1.5883455e-01   2.7897626e-02   4.8258770e-02   9.7444056e-02  -1.9381429e-01   5.3256349e-01  -2.5672178e-01  -1.9883409e-01  -1.1759204e-01   2.6230494e-01  -1.9557612e-01  -5.1441380e-02  -7.1356919e-02  -6.2254694e-02   3.1411386e-02   8.8489055e-02   2.0921551e-01   3.0067198e-02  -4.3933791e-01  -3.1739734e-01   5.3554087e-01  -6.1302983e-02   1.9675921e-01   1.4842039e-01   2.7152609e-02  -4.5791987e-02  -1.4644622e-01  -2.8571193e-01  -2.5005195e-01   4.1347879e-01   6.5666068e-02  -3.8248323e-01  -6.0252991e-02   2.7765572e-01  -1.2130524e-01  -2.0179592e-01   6.7114148e-01  -3.7711547e-02  -2.1323819e-01  -1.1102158e-01  -4.0793089e-02  -5.0232097e-02  -1.7117711e-01   5.4872532e-01   1.3232232e-01   2.2574061e-02  -1.0969899e-01  -2.0330478e-02  -9.6824241e-02   6.5503814e-01   9.6065859e-02   5.1452219e-01  -3.2015390e-01  -1.3742657e-01   5.7956919e-01  -1.6245165e-01  -1.7737605e-01   2.2686025e-01  -2.2492181e-01  -1.7219456e-01  -1.0838933e-01  -3.4965947e-01  -8.6091397e-02  -5.3345952e-02  -2.2857168e-01  -1.6280594e-01  -8.0765686e-03  -4.5536005e-02   1.5769409e-02  -4.5021001e-01  -8.3143490e-02  -3.6486312e-01  -2.7415598e-01   7.8533433e-01  -8.7398831e-02  -4.6261143e-02   1.4268227e-01  -1.3546871e-01   2.1736276e-01  -2.7205336e-01   5.3269400e-01   1.8778061e-02   1.0137698e-01  -8.2035959e-02   5.3741459e-01   3.0514290e-01  -8.4660998e-02   1.2577343e-01  -1.1657643e-01   2.3313761e-01  -2.8372331e-01  -3.6531422e-01   1.7079483e-01  -2.3240705e-01  -8.7277188e-02  -1.0380245e-01  -9.8033945e-02  -1.0463754e-01  -1.2758938e-01   3.4655508e-01   5.0603705e-01  -1.5873191e-01  -1.1730505e-01  -3.0281221e-02  -8.1105468e-02  -2.5916581e-01  -3.7978707e-02  -1.9251293e-01  -7.3614891e-02   3.2282969e-02   9.5628516e-03  -7.5522179e-02   2.4971956e-01   1.4239265e-01   7.5888796e-03   3.6310592e-01   5.6224379e-01  -2.5239763e-01   4.6309042e-01  -1.0064408e-02  -2.3174510e-01  -8.7491005e-02  -1.1695898e-01  -3.3954206e-01   1.7499915e-02   1.4453168e-02   7.5317185e-02   7.6590743e-01   4.2131842e-01  -1.7904701e-01  -8.7916126e-02   1.7247323e-01  -1.9353137e-01   1.1589126e-01   1.2333808e-01  -2.3664265e-01  -1.1616313e-03
  -1.0408765e-01   0.0000000e+00  -6.5510720e-02  -4.7441676e-02   3.7127891e-01  -5.2062157e-02   1.4423067e-01  -1.7836509e-01  -5.5560502e-02  -4.4915627e-02  -2.4176609e-01   5.3198857e-01   1.5611352e-02   6.3210303e-02  -8.1553226e-02   1.7176597e-02   2.0813072e-02  -1.8728362e-01  -1.4849134e-01   3.3338196e-01  -6.3480447e-02  -6.8730391e-02  -1.8424188e-01  -2.1339604e-02   2.4112216e-01  -1.4856701e-01   1.0896153e-01  -1.3036136e-01   8.5926990e-02  -5.5308100e-04  -5.9087747e-02  -1.2662646e-01   1.8035005e-01   1.9009915e-02   2.0155891e-01  -1.3503101e-01   1.8220667e-01  -9.7910322e-02   4.0558201e-02   5.5185023e-01  -3.2694421e-02  -6.3582994e-02   2.8761559e-01  -2.4667310e-01  -2.6774805e-01  -1.8140220e-01  -2.9489825e-01   3.3207061e-01  -1.2528142e-01   2.7454109e-01  -2.8613464e-01   3.6316405e-02   4.4959517e-01  -4.9280121e-02   7.4374713e-02  -1.0407024e-02   4.8127705e-02  -1.6599224e-02   5.1645752e-02   2.1988504e-01  -3.3507498e-01  -1.7974353e-01   1.2395744e-01   1.2433733e-01   1.0318404e-01   2.6824690e-01   8.5929961e-02  -1.6672990e-01  -6.9706771e-02  -1.4371911e-01   5.4825950e-01  -8.4244760e-02  -1.3138357e-02   2.8013739e-01   9.0620419e-02  -8.5212991e-02  -3.1439847e-01   7.7497784e-02   4.4828165e-01   1.1018619e-01  -1.5414246e-01   1.2895345e-01   1.8984507e-01  -1.0523711e-01   5.2339205e-01   2.1584674e-02   1.5323212e-01   1.5201306e-01   3.5289989e-01  -6.4368756e-02   5.0288438e-01  -3.9061061e-01   2.6162408e-02  -2.2142600e-02  -3.8462089e-01   3.8837275e-02  -4.8706848e-02  -8.3996374e-03  -2.4843430e-02  -2.0542253e-01   4.7825937e-01   7.3631494e-02  -9.0942238e-02   4.2014096e-02  -3.4209177e-02  -7.1311825e-02   4.7386606e-02  -5.3675659e-02   6.2937860e-02  -1.5822319e-01   1.7968448e-02   6.7804013e-02  -1.9725966e-01  -1.2830879e-01   6.0768576e-04   2.4074228e-01  -1.8410652e-02  -5.3733140e-02   1.3097450e-02   8.8968039e-03  -2.4069080e-01   4.3510310e-01  -2.1600660e-02  -1.6065420e-02  -7.6082908e-02   1.0726170e-01   4.9042404e-02   1.0981253e-01  -8.7474380e-02  -1.3289046e-01  -8.9748318e-02   1.1819456e-01   8.7815319e-02  -2.0853431e-02   2.5414992e-01  -1.7908407e-01   2.2846717e-01  -8.7979831e-03  -8.6560578e-02  -2.1066499e-01   6.1581664e-02   7.1380092e-02  -1.3304978e-02  -1.4466397e-01  -1.4409206e-01  -1.9534880e-01   3.9557272e-01   1.9487302e-01  -3.4884698e-01  -5.2336000e-02   2.7994614e-01  -1.8122777e-01  -1.3691580e-02   2.4696619e-01   5.9588748e-01  -2.4958368e-01  -2.3375121e-01   2.3495679e-02  -2.3616634e-01  -1.1382781e-01  -9.6944289e-02  -2.2424613e-01  -1.8571661e-01  -1.1434074e-01   7.3322153e-02   1.9463763e-01   1.5302262e-01  -1.6300306e-01  -9.3827641e-02   3.4668384e-01   3.1198376e-01  -2.4933846e-01  -2.6997703e-01  -2.4274763e-02   1.1694342e-01   4.9346852e-02  -8.7754705e-02
   9.0160960e-02  -6.5510720e-02   0.0000000e+00   1.3630042e-01  -3.7533378e-01   5.1540138e-01   1.5726324e-01   1.3701566e-01  -2.0121506e-01   1.1863002e-01  -1.1354007e-01   2.8221173e-01  -1.4348990e-01   9.3767146e-02   1.5970398e-01   1.6619990e-01   7.5024653e-01   2.7057831e-01   2.2613527e-01  -8.5665597e-02  -1.0770254e-02   2.2407616e-01   1.2841677e-01  -1.6335036e-01   4.2751875e-02  -5.1554804e-02   1.1608351e-02   1.7545189e-02   1.7292342e-01   9.2875455e-02  -2.0808442e-01   2.0733592e-01  -7.3850748e-02  -9.3150512e-02  -1.7037676e-01   3.7250292e-02  -1.6989524e-01  -2.4002558e-02  -6.4270525e-02  -7.8819818e-02  -1.4296300e-01   8.9741468e-02  -2.4576068e-01  -1.0793531e-01   2.0893594e-01   5.0763329e-01   3.3183430e-01  -2.2623783e-02  -1.5355264e-01   1.2110849e-01   7.1410280e-02   4.6812758e-02  -3.8580035e-01  -1.7887591e-02  -9.3674809e-02   2.1282144e-01   4.2298135e-02   6.1262201e-02  -1.0379044e-01  -1.6407897e-02   5.1099655e-01  -7.5254019e-02  -2.2421930e-01  -2.2941912e-01  -3.4494382e-01  -1.9423990e-01   3.4260093e-01  -1.0246681e-01   2.4533887e-01   7.2340192e-01  -3.6550508e-01   1.8669958e-01  -2.5141346e-01  -1.1714387e-02   3.1267956e-01   1.0726607e-01   3.9804600e-01  -5.7322068e-02  -2.3571398e-01  -2.4509628e-01   2.8963076e-01  -1.1570382e-01  -2.0326180e-01   7.4972978e-02   3.1153489e-01  -4.6094804e-03   1.2321733e-02  -5.3297009e-02   2.8991760e-02   1.5763277e-02  -3.8203362e-01   3.5799004e-01   5.8637224e-02  -2.4641544e-01   2.0047487e-01  -1.8004959e-01  -1.9003083e-01  -3.3195155e-02  -1.8669524e-01   2.4730559e-01   7.5819902e-02   3.5078668e-02   1.8252426e-01   1.5464789e-01   2.8175967e-01   2.6400818e-01  -7.1235514e-04   1.0643042e-01   4.1646279e-02   6.7724312e-02  -5.4934839e-02   1.5829640e-01   3.7944047e-03   5.2433217e-02   2.7136789e-01  -4.4401636e-01   1.4065307e-01  -1.7601347e-01   3.8813128e-01   8.3419574e-02   3.6522342e-01  -4.3203154e-01  -2.6669235e-02  -1.5233453e-02   3.8630346e-01   3.6905037e-02   1.5934836e-02   1.2838006e-01   8.5746233e-03   7.5555556e-01  -1.1969775e-01  -3.1681043e-01   2.8749474e-01  -1.0782474e-01  -3.5469079e-01   3.1629526e-01   8.7510366e-03   1.0348070e-01   3.6677328e-02  -1.9915646e-01  -5.4580441e-02  -1.2062274e-01   4.4216443e-01   4.5533804e-01  -1.4455957e-01   1.1729893e-01  -2.6731539e-01  -2.7308733e-01   3.7201205e-01  -3.1952089e-01   2.4755870e-01   7.8703699e-02   1.3448330e-01  -2.5927315e-01   9.1515674e-02  -1.5659925e-01   3.4152701e-01  -2.3217071e-01   1.7856756e-01   1.6085791e-01   1.3966340e-02   8.6592029e-02  -6.7790793e-02   2.0448328e-01  -4.8624039e-02  -4.5131533e-01  -2.4914911e-01   1.8115306e-01   2.6236227e-01  -4.0502089e-01  -3.7331841e-01  -5.5960053e-02  -7.6295128e-02   5.5520619e-01   7.8727849e-02  -5.5457088e-02   1.0752379e-01
  -2.7700744e-01  -4.7441676e-02   1.3630042e-01   0.0000000e+00  -1.3391788e-02   3.7657178e-01   3.2087463e-01   2.1810597e-02  -1.8468740e-01   1.6304605e-01   1.4889940e-01   1.1605024e-01   3.3239901e-01   2.6097757e-01   2.9487108e-01   1.0153771e-01  -1.1872188e-01   3.2323230e-01  -1.2155244e-01   1.2359066e-01   3.6245248e-01   2.0496918e-01   2.3760496e-01  -4.1940610e-01  -5.1486146e-02  -2.4740615e-01   1.1610411e-01   6.2017331e-02   6.4636166e-03   1.9274523e-01   1.8208595e-01   1.8766411e-01  -3.0599231e-02   9.6212364e-03  -2.4295083e-01   1.9024435e-01   1.9210392e-01   5.6460310e-02   4.3440424e-02  -1.5900180e-01   2.0702419e-01   1.7789123e-02  -2.6425304e-01  -8.5395230e-02   4.5966335e-01  -2.7543758e-01   3.0812030e-01   2.0153407e-01  -2.2375244e-02  -2.9218840e-01   2.5110868e-01  -9.6812947e-02  -2.1544661e-01  -2.3405594e-01   5.6357218e-02   2.2942105e-02  -1.6665462e-01   1.0974106e-01   2.2073797e-01  -1.2441479e-02  -6.5791560e-02   2.2220435e-01  -1.1363586e-01  -1.4003576e-01   2.6549973e-01   8.8109842e-02   3.8692752e-01   1.3108712e-01   3.9084964e-01  -1.4646962e-01  -2.8737106e-01   5.4945026e-01   7.8712828e-02  -3.1075835e-01   3.6244283e-02   3.1790395e-01  -7.5274440e-02  -2.5470540e-01   2.9358453e-02   2.4987959e-02   2.3772028e-01   2.8083395e-01  -5.9993388e-02  -2.4383176e-01  -2.6310488e-02   2.6258967e-01   2.1250735e-01  -2.2144257e-01  -4.4941748e-02  -2.5588303e-01  -1.9898349e-01  -3.8639148e-02   5.7481327e-03  -6.4550140e-02  -8.6248635e-02  -4.2598263e-02   3.6291150e-01   4.5870699e-02   3.2249631e-01   3.4889487e-01  -1.1537652e-01  -4.2983476e-02   4.8123428e-01   1.7963901e-01   2.6884980e-01   3.5321877e-01  -7.1538825e-03   2.1988266e-01  -9.8183030e-02   1.6188950e-01  -2.3166610e-01   3.9621186e-01   4.5949724e-01  -1.9771861e-01  -6.8631091e-02  -2.4067878e-01  -2.7095740e-01   4.7481836e-02   4.2277977e-02   6.9155743e-01  -2.3855188e-01  -2.0484962e-01  -2.5084379e-01  -7.5275552e-02  -2.6323974e-01   8.9112821e-02  -1.6537360e-02  -2.0440246e-01   3.7847406e-01   4.6198962e-02  -7.0941651e-02   2.4733235e-01   1.1346680e-01   2.0613551e-01   1.2631660e-01   3.0377486e-01   1.9457419e-02   2.6601433e-01   2.4164971e-01  -1.7277089e-02  -2.6281687e-01   1.8631715e-01   1.3113345e-01   2.1280543e-01   3.1333488e-01   3.1936580e-01  -2.2854236e-01  -1.1926707e-02   3.4588976e-02   1.0409909e-01  -6.5398446e-02   3.1752739e-01  -1.4537953e-01  -2.5907877e-01  -1.7962103e-01  -1.0421296e-01  -2.8070965e-01   2.4392129e-01  -2.3834751e-01   3.2656020e-01   3.7938670e-03  -8.9646427e-02   1.2102487e-01   3.4963977e-01   3.9473796e-02  -1.2848129e-01  -1.0604876e-01  -1.2306879e-01  -2.1616029e-01  -6.3612578e-02  -1.9920213e-01  -1.2043750e-01   5.1330065e-01   2.7255226e-01   1.5691373e-01   1.2413281e-02   3.3313488e-01
  -4.9895127e-02   3.7127891e-01  -3.7533378e-01  -1.3391788e-02   0.0000000e+00  -3.0841761e-01  -4.9372193e-02  -1.9973161e-01   3.3117523e-01  -3.5197547e-01  -1.4519865e-01  -6.1753429e-03  -3.5994611e-02  -2.3375149e-01  -1.7963465e-01  -2.6241072e-02  -1.5428831e-01  -2.2354310e-01  -1.6347807e-01   5.9930782e-01  -8.0058742e-02  -8.6334201e-03  -4.6496517e-02   7.6245050e-02   1.7544625e-01  -1.2334180e-01   2.5044320e-01  -9.7795521e-02   2.5578215e-01  -1.8141333e-01  -2.2635838e-01  -1.5910592e-01   1.0873627e-01  -4.8410568e-02   3.8365291e-01   3.2745268e-01   1.8422499e-01   7.1051956e-02   5.0155000e-02   5.9762720e-01   6.5779012e-02  -1.5778924e-01   3.8341220e-01  -3.0719832e-01  -1.0069645e-01  -3.1015886e-01  -2.0122104e-01   1.0630715e-01  -1.4950587e-01   4.7342417e-01  -2.9491305e-01  -1.3948766e-01   3.9358392e-01  -8.2981259e-02  -2.1286351e-01  -1.6293663e-01   9.2061595e-03   8.5461109e-02   2.9362417e-03   1.6474812e-01  -2.7989731e-01  -1.9086532e-01   3.2510312e-01   1.8438273e-01   2.2704031e-01   1.6233130e-01  -1.0906508e-01  -2.1546087e-01  -2.8912026e-01  -2.9555258e-01   6.7059951e-01  -1.8534178e-01   1.9540287e-01   7.6471027e-02  -1.2986028e-01  -1.1457699e-01  -2.9390484e-01   3.0499567e-02   6.2293803e-01  -4.0343475e-02  -2.3154307e-01   1.4856356e-01   7.0472668e-02  -9.3654869e-02  -7.3001975e-02  -3.0700948e-02  -2.2939712e-01  -7.3904888e-02   4.5565108e-01   5.0002831e-02   6.9792242e-01  -3.0802100e-01   5.2863062e-02   3.4444918e-01  -2.0440587e-01   6.1945735e-01  -2.1096649e-01   1.1853436e-01   1.7890688e-02  -3.3102801e-02   1.0607068e-01  -8.0694377e-02  -2.7871327e-01   8.8400498e-02  -1.2490214e-01  -8.7165787e-02   4.3786934e-02  -1.8058724e-01   1.3786060e-01  -2.8969393e-01   1.1918011e-02  -1.6550359e-01  -3.6759576e-01  -1.9565302e-02  -5.8730891e-02   6.3727359e-01  -2.0420344e-02  -6.8402170e-03  -3.9122614e-01  -8.8444610e-02  -3.7008649e-01   7.6619970e-01   9.1888920e-02   5.6473230e-02  -2.7627875e-01  -3.7855110e-03   9.1856975e-03   7.7742273e-02   2.4160857e-02  -4.2172000e-01   5.0658498e-02   1.7212802e-01  -1.6036504e-01  -1.6896643e-01   3.6785866e-01  -2.4226042e-01   2.1856681e-01  -2.4333017e-01  -6.7589405e-02  -2.8448235e-02  -7.7304355e-02  -9.2921433e-02  -8.0699558e-02  -4.6966748e-01  -9.7990611e-02  -2.9638098e-01   4.4214920e-01   3.9270357e-01  -4.4905839e-01  -2.1804059e-02  -1.1337148e-01  -2.6958083e-01  -8.1217707e-02   4.4351698e-01   4.2201670e-01  -2.5469829e-02  -4.0290211e-01  -2.9917184e-02  -1.5815923e-01  -6.4235414e-02   4.6862648e-02  -1.7011715e-01  -1.7742944e-02  -2.4724244e-01   1.0057526e-01   5.0642932e-01   2.4857147e-01  -2.5270435e-02  -3.3103525e-01   3.3654886e-01   5.9971260e-01  -3.0611988e-01  -1.1401692e-01  -2.9435974e-01   2.8789591e-01   2.1603843e-01  -8.4843400e-02
  -7.1084972e-03  -5.2062157e-02   5.1540138e-01   3.7657178e-01  -3.0841761e-01   0.0000000e+00   2.9795226e-01   3.8219174e-01  -4.7778298e-01  -8.3400874e-02   2.4375013e-02   6.7532358e-02  -3.9958807e-03   4.7055268e-01   2.3987838e-01   2.7006640e-01   3.7000386e-01   3.9596539e-01   1.8354742e-01  -1.3157838e-01   4.3485207e-01   1.2383751e-01   2.6959547e-01  -3.1740095e-01   1.3360210e-01   1.4670586e-01   2.1078524e-01   2.9863990e-01   5.9136621e-02   1.6782091e-01   9.3470608e-02   1.6831983e-01  -7.0644233e-02  -1.6381747e-01  -5.9407281e-01   3.5980602e-02   6.8045454e-02  -1.0231701e-01   4.7312493e-02  -3.3522482e-01   1.5214336e-02   7.4699461e-02  -5.0616206e-01   3.1050219e-01   3.5727035e-01   2.8781796e-01   4.3008109e-01   2.1174676e-01  -7.3485215e-02  -2.2615064e-01   5.2856117e-02   3.0224346e-01  -4.7027520e-01  -1.5118700e-01   1.1717097e-01   4.6454309e-01   2.2183938e-01   1.1990565e-02  -6.9208531e-02  -1.6506807e-01   3.1443585e-01  -2.1779343e-03  -3.7223503e-01  -3.8075969e-01   5.1814810e-02  -1.3331783e-01   8.0514440e-01   9.5918651e-02   6.0414428e-01   3.0174251e-01  -5.3006370e-01   4.1259743e-01  -2.2746180e-01  -6.4596357e-02   2.6111760e-01   2.7056842e-01   2.4685473e-01  -2.3872188e-02  -2.1090769e-01  -2.8167465e-02   5.2555191e-01  -1.5632058e-02  -3.2505378e-02   7.6039103e-02   3.3275163e-01   2.9212625e-01   2.3164576e-01  -2.5870359e-01  -4.1762328e-02  -1.3373907e-01  -4.8434488e-01   3.0812329e-01   2.9741052e-02  -4.3838104e-01   1.2595741e-01   1.4560054e-02   1.5834664e-01   3.5535376e-01   2.6910134e-03   4.5024730e-01  -3.7711586e-02   1.9803805e-02   6.6137307e-01  -3.6879548e-02   3.0144497e-01   3.3154013e-01  -1.3732325e-01   5.7406098e-01  -9.4395201e-02   4.1294251e-01  -1.7954578e-01   4.3785534e-01   3.8497807e-01  -7.0721231e-02  -4.2863514e-02  -5.2723659e-01   9.9159567e-02  -1.9053355e-01   5.1197038e-01   4.5806816e-01   2.3229932e-01  -4.8885916e-01  -1.1682028e-01  -1.0967073e-01   2.1934548e-01   3.5385643e-01  -6.7772148e-02  -8.2741643e-02   4.5936979e-02   5.9655608e-01  -8.2005425e-02  -1.8729791e-02   3.4383622e-01   1.4984371e-01  -3.0471733e-01   5.2025458e-01   1.1059861e-01   3.5871945e-01   4.0710568e-01  -1.5509582e-01  -1.3377323e-01  -1.5341891e-02   3.0835294e-01   7.3414828e-01   1.0184234e-01   2.9602724e-01  -5.2459444e-01  -2.9160455e-01   5.2105531e-01   1.7711301e-02   2.2059607e-01   6.5708345e-01   3.1017548e-02  -5.1025205e-01  -3.1552377e-01  -1.0365572e-01   2.2034734e-01  -5.8870621e-02   3.8193027e-02   4.7611618e-01  -1.5746217e-02   5.3416480e-02   5.0260086e-02   3.5157127e-01  -3.3648535e-02  -5.1767688e-01  -3.6640771e-01   2.1368414e-01   6.3279378e-02  -1.7959857e-01  -5.8348644e-01  -1.1067442e-01   2.2201134e-01   8.1727175e-01   1.0100529e-01  -2.1914074e-01   1.4035965e-01
  -3.1319402e-01   1.4423067e-01   1.5726324e-01   3.2087463e-01  -4.9372193e-02   2.9795226e-01   0.0000000e+00   2.3937276e-02  -1.1481218e-01   2.1664381e-01   3.6317452e-01   5.1374123e-01   3.6526737e-02   3.3847423e-01   2.4998365e-01   1.9822145e-01  -1.5068547e-01   3.2096211e-01  -2.9675035e-02   3.3381336e-01   3.7881894e-01   2.2512314e-01   3.4057167e-01  -5.4931783e-01   1.6124300e-01  -3.2642313e-01   3.2159963e-01  -9.4003963e-02   2.9454667e-01   3.3869981e-01   2.2747162e-02   1.3756226e-01  -1.2616896e-01   4.9606834e-01   1.8980395e-04   3.5777393e-01  -9.5791322e-02   1.7933878e-03   2.8997045e-02   2.1456068e-02  -9.2535441e-03  -1.9804722e-01   2.7013306e-01  -1.1523531e-01   5.2832489e-01  -2.7569878e-01   2.8048466e-01   6.2471763e-01   6.6122483e-03  -3.1568247e-01   1.3399766e-02  -6.1698376e-02   6.4298159e-02  -3.7937890e-01  -3.0080693e-01  -5.8346159e-02  -4.1706785e-02  -6.3068919e-02   9.3104285e-02   1.3668383e-01  -2.8631150e-01   3.4084311e-01  -3.2521126e-01  -2.6920787e-01   1.0283649e-01   3.8369054e-01   4.5095533e-01   3.0294909e-01   3.1994020e-01  -2.0218520e-01  -2.5799936e-01   4.7330703e-01   4.6564189e-02  -4.2451310e-01  -6.1363380e-02   1.1851757e-01  -2.6284133e-01   1.1526198e-01   2.0242167e-01   1.6003659e-02   3.5061090e-01   3.3632524e-01   2.4429031e-01  -5.1033557e-01   1.4772756e-01   1.6427560e-01   3.4257578e-01  -1.5874858e-01   3.2905821e-01  -4.5809140e-01  -2.3938013e-01  -3.0952018e-01   3.4192771e-01   9.1038667e-02  -1.6009355e-01   4.7975389e-02   2.8239992e-01   3.5126088e-02   3.5550446e-01   3.0822859e-01   4.6515636e-02   2.8119843e-02   3.3386027e-01  -2.0398134e-02   2.9422562e-01   1.6942516e-01  -3.8520680e-01   1.6878825e-01  -2.8547600e-01   4.1454801e-01   2.2043480e-01   2.5926589e-01   3.9853553e-01  -2.7493902e-01   2.4878364e-02  -3.6099472e-01  -3.1040296e-01  -3.2330117e-02   9.0249327e-02   3.9312320e-01  -3.6735096e-01  -2.6602033e-01  -1.8206135e-01   1.4299782e-01  -3.2041916e-01  -3.3239409e-01   3.5552900e-01  -1.7908761e-01   1.0156513e-01   3.8216282e-02   1.2041896e-01   5.1063964e-01  -1.9621170e-01   3.6702864e-01   2.4685977e-01   4.8817862e-02   3.0002364e-01   3.2683585e-01  -5.1050951e-02  -9.3836728e-02  -1.8445859e-01  -2.5806810e-02   2.1627311e-01   1.3940937e-01   3.0937727e-01   3.6410682e-01   3.6353265e-02   1.0377721e-02   2.9434080e-01  -3.6172032e-02  -2.5077675e-01   1.9239863e-01  -2.8915491e-01  -8.9100244e-02   3.5812217e-02  -1.2156787e-01  -2.5551878e-01   5.1298978e-02  -4.7052424e-01   1.6920473e-01   2.9996194e-01  -9.6568687e-02   6.8009288e-02   2.5077879e-01   9.4402463e-02   2.4900685e-01   2.0775631e-01  -3.1730070e-01  -2.4028606e-01   1.7634732e-02   9.2889956e-02  -1.9173974e-01   3.4740496e-01   2.3810897e-01   3.0074172e-01  -2.8833775e-01   9.9809949e-02
   1.3576936e-01  -1.7836509e-01   1.3701566e-01   2.1810597e-02  -1.9973161e-01   3.8219174e-01   2.3937276e-02   0.0000000e+00  -4.1174691e-02   4.4276872e-02   1.1066231e-02  -6.8453498e-02  -4.4670417e-02   3.9353515e-02   1.5022180e-01   2.4975907e-02   1.3945729e-01   1.6411913e-01   1.5590411e-01  -1.2839988e-01  -4.0954985e-02   1.6876813e-01   1.3686458e-01  -1.1336690e-02   2.8282021e-02   6.4456629e-01   3.7613539e-01   4.1250806e-01   4.6436139e-02   1.5821647e-01   1.7895426e-02   2.2956362e-02  -1.6490099e-01  -3.4180178e-02  -2.0218529e-01  -4.7383214e-02  -1.0213591e-01  -1.4595115e-01  -1.1426845e-01  -1.9186084e-01  -1.4005125e-01   1.1537165e-01  -2.0490079e-01   3.5474868e-01  -5.9152198e-02   2.7684946e-01   2.0075619e-01  -3.2889139e-02  -9.4081666e-02  -8.5082197e-02   1.9150076e-01   5.0430082e-01  -8.1744148e-02   7.7261746e-03   1.0492739e-01   1.1131960e-01   2.6265852e-01   2.2149236e-01  -1.7144552e-01  -3.1949350e-02   8.6707972e-02   2.5683587e-02  -5.9421050e-02   1.4359507e-01   1.9053176e-02  -4.8077216e-01   3.7687721e-01   2.1954307e-01   2.9942752e-01   1.5775291e-01  -2.0643521e-01  -6.2914704e-02  -3.4576357e-01   3.9335969e-03   1.2433855e-01   1.3073354e-01   1.2506002e-01  -6.1116551e-02  -1.7913542e-01  -8.9868548e-02   2.9246948e-01  -1.0615570e-01  -6.4494290e-02   4.5626575e-01  -1.0040264e-01   2.8801399e-01   2.7910730e-01  -9.1412446e-02  -2.3032227e-01   3.7575535e-02  -3.2170933e-01   2.0979270e-01  -3.1988277e-02  -2.6157586e-01   5.7948426e-02  -3.3337567e-02   1.2849219e-01   4.5776867e-01  -1.5932781e-02   9.4765861e-03  -1.5401914e-01   2.1523777e-01   1.4204277e-01   3.4426833e-02   4.5985272e-02   1.5796936e-01  -3.6159306e-01   6.8168222e-01  -1.2239350e-01   1.8797518e-01  -9.3421257e-03   3.6953344e-02   3.1804087e-01   4.2399174e-02   9.6594343e-02  -1.7971930e-01   2.0535474e-01  -1.6281399e-01   7.3623214e-02   3.5623496e-02   1.5898555e-01  -2.5471258e-01  -7.1563898e-02  -8.5636148e-02   1.9868931e-01   8.4732123e-02  -1.5111640e-01  -2.6281149e-01   1.4471043e-01   1.2251941e-01  -1.4511667e-01  -1.3336411e-01  -7.8310699e-02   1.1228832e-02  -1.8002848e-01   4.0470433e-01  -2.3038441e-01   6.8400660e-02   3.8399995e-01  -1.9335279e-02  -1.5165009e-01   3.4363284e-02   1.2569067e-01   1.6589634e-01  -2.2907342e-02   1.6939984e-01  -2.8294536e-01  -2.7434676e-01   2.7135472e-01   3.1440292e-02  -1.7173686e-01   2.7928566e-01  -2.2969430e-01  -1.8700971e-01  -2.2528803e-01  -4.6372949e-02   1.1989414e-01  -1.7175250e-01   3.2307785e-02   1.8169769e-01  -1.0555691e-02   2.2382594e-01  -7.2790469e-02   8.4759339e-02   3.4908054e-01  -3.5889360e-01  -1.3753453e-01   2.2927671e-01  -6.8890538e-03  -2.0094532e-01  -3.7755306e-01   2.6914155e-02   2.1609812e-02   1.9321004e-01   1.2269921e-02  -3.2220636e-01   3.6394620e-01
  -3.6886812e-02  -5.5560502e-02  -2.0121506e-01  -1.8468740e-01   3.3117523e-01  -4.7778298e-01  -1.1481218e-01  -4.1174691e-02   0.0000000e+00   2.0671943e-03   1.2990832e-01  -1.2942041e-01  -7.9169069e-02  -4.9698031e-01  -1.9617095e-01  -6.2383547e-02  -8.7194898e-02   4.4535389e-02  -3.1342857e-03   1.6140804e-01  -1.0563660e-01   2.1088444e-01  -9.5252463e-02   7.9554397e-02   1.0367546e-01   4.3769042e-03   1.4100334e-01  -1.5635714e-01   9.5225409e-02   2.0594664e-01  -7.4014369e-02   1.7708818e-01  -7.8735155e-02   7.5332118e-02   5.3415821e-01   2.2846533e-01   1.3237895e-02  -1.1987091e-01  -1.4262704e-01   2.7836029e-01   6.0464357e-02  -6.3487395e-02   3.0837114e-01  -2.6839358e-01  -1.0440966e-01  -2.2217392e-01  -3.1336650e-02  -2.3897490e-02   2.0437385e-01   5.0340317e-02  -3.4661540e-02   1.1474380e-01   4.2310807e-01   3.7826401e-02  -3.4714541e-01  -2.7010005e-01   4.1417907e-02   3.3325813e-01   1.6568491e-02   1.9313648e-01  -1.4426272e-01   1.4020693e-01   3.2598995e-01   5.9512873e-01   9.6080805e-02  -5.7808368e-02  -4.2158926e-01   1.8872092e-01  -2.2523408e-01  -1.9681811e-01   3.1102484e-01  -1.9163926e-01   4.9090935e-02  -2.9363697e-02   5.0238754e-02  -9.7045301e-02  -2.3193457e-01   2.1043918e-01   2.6385366e-01  -4.6610700e-02  -1.6279667e-01  -8.4006244e-02  -1.1027051e-02  -3.4239620e-02  -4.7169960e-01  -3.8787640e-02  -2.4622501e-01  -1.2622874e-01   2.5921430e-01  -5.2358921e-02   3.3002836e-01  -1.7240858e-01   4.6722134e-02   6.5466570e-01  -1.7843574e-01   1.4562718e-01  -1.3242455e-01  -1.7687788e-01   1.3471236e-01  -1.6497023e-01  -1.7874506e-01   7.6201679e-02  -3.5372270e-01   3.7659799e-01   1.3316051e-02   1.4831403e-01  -2.9376239e-01  -1.5266989e-01   5.0486124e-02  -2.1275242e-01   7.8774327e-02  -1.7155314e-01  -1.7224557e-01  -6.2982137e-02  -7.4597818e-02   3.2173726e-01   8.3958559e-02   1.0045156e-02  -5.2273895e-01  -1.3825122e-01  -3.6494609e-01   3.2261288e-01   1.9781109e-01   5.0486617e-01  -2.7693968e-01  -3.8832887e-01   1.2546260e-01   3.9133980e-02   1.2007552e-01  -3.4911520e-01   1.5222596e-01   1.7349755e-01  -2.8545717e-01   2.0434157e-02   1.8379020e-01  -1.7982973e-01  -9.8817690e-02  -2.0320281e-01  -4.4395335e-02   9.7658231e-02  -1.4919153e-01  -2.4422380e-01  -4.8884879e-02  -5.8356024e-01  -6.8313654e-02   4.4799784e-02   2.6281736e-01   3.3121611e-01  -1.7566175e-01  -1.3050245e-01  -4.3240607e-01  -4.2437553e-01  -1.6086208e-01   5.4700432e-01   1.7800169e-01   5.5973112e-02  -3.8067048e-01  -1.1611979e-02  -8.7091690e-02  -9.7918066e-02   2.1953082e-01   2.7543621e-01   4.1448294e-02  -1.1987831e-01   3.0314868e-01   3.3269437e-01   2.2089130e-01  -1.0450767e-01  -2.2296437e-01   5.1067926e-02   4.3050011e-01  -1.7474431e-01   3.7687707e-02  -5.5389877e-01   1.4463379e-01   1.4810094e-01   2.1069017e-01
  -3.2391593e-01  -4.4915627e-02   1.1863002e-01   1.6304605e-01  -3.5197547e-01  -8.3400874e-02   2.1664381e-01   4.4276872e-02   2.0671943e-03   0.0000000e+00   1.2924323e-01   3.8757184e-01   3.7351107e-01  -1.0987213e-01   3.7632921e-01   3.7515160e-02  -1.3522866e-01  -1.4814575e-02  -3.0718577e-01   6.6231951e-02  -1.9331911e-01   1.2427119e-01   2.2715902e-01  -2.6750264e-01  -1.4846934e-01  -1.0885995e-01  -1.4971654e-01   5.1609718e-03  -1.2997389e-01   1.8179244e-01   1.7617705e-01   1.3073092e-01  -2.1514582e-01   5.4075615e-01   1.2486540e-01   1.5817490e-02  -2.9328552e-01  -3.1874298e-01  -1.7722759e-01  -3.2839778e-02   7.7860933e-02   1.2596845e-01  -3.9221272e-03   2.4468722e-02   1.0532026e-02  -1.4561230e-01   4.4809661e-02   1.6144781e-02  -1.2035535e-01  -1.9256249e-01   3.6379720e-01   5.7272885e-02  -9.6429765e-02   2.5081796e-01  -2.1939003e-02  -1.9667132e-01  -1.8047886e-01   6.0324320e-03   2.9916694e-01   2.1336400e-01  -1.9972651e-01   2.1127656e-01   8.4684244e-02   1.3224890e-02  -2.7247721e-01  -6.5427265e-02  -5.9570602e-02   1.7449413e-01   1.7621993e-01   3.0147913e-02  -1.7527287e-01  -1.6591446e-03   6.6119310e-02  -8.9859859e-02   1.1739882e-01   1.7838156e-02  -1.9993086e-01  -4.9511830e-02  -1.8563273e-01   5.7030992e-03   1.7906773e-01   2.7659686e-01  -8.2276133e-03  -8.3193772e-02  -8.2523756e-02  -1.1615801e-01   7.3601717e-02   1.9284311e-01  -1.7842482e-01  -3.7255695e-01  -2.1860779e-01  -1.7597108e-01   3.2452881e-01  -1.6693939e-01  -3.9543436e-01  -3.5933768e-01   1.3664613e-01  -3.9060265e-01   1.2397392e-01  -1.2953401e-01   1.0937544e-01   2.5514804e-01  -2.8359932e-02   1.0606863e-01  -2.0337117e-02   1.5059978e-01  -1.1596165e-01   3.1784688e-04  -1.0488403e-01   9.8266290e-02   4.4707173e-01  -1.3262061e-02   2.6225214e-01  -4.0175773e-01   3.9743466e-01  -1.8554624e-01  -7.8275798e-02   3.9215932e-01  -1.3225649e-01   3.8692296e-02  -1.2120517e-01  -3.1965418e-01   7.0748937e-02   1.2049795e-02  -1.7606407e-01  -2.4517493e-01   1.3742453e-01  -1.1856426e-01   9.0000010e-02  -8.5211281e-02   1.0719375e-01   1.2848112e-01  -1.3026976e-01   1.2489374e-01  -5.5995544e-02   1.4535687e-01  -2.1679713e-01   1.1344028e-01   2.2005419e-02  -2.3903105e-01  -2.5578609e-01   3.3044713e-01  -4.6010161e-02  -1.5464177e-02   3.0162202e-01   1.2466246e-01   1.8438587e-01  -2.0774239e-01   1.3315149e-01  -1.8678123e-02   1.6799403e-01  -8.7901921e-02  -5.6144733e-02  -1.6095715e-01   2.7241964e-02  -2.8339701e-01  -5.5325213e-02   3.1889043e-01  -1.0463297e-01  -7.7010912e-02   3.1765527e-02   6.8692312e-02  -3.6215532e-02   1.5694437e-01   2.2134878e-01  -4.2572547e-02   7.1619075e-02  -3.3365908e-01   3.4354054e-02  -7.6940306e-02  -9.4704540e-02  -5.7392040e-02  -1.6147039e-02  -1.6913952e-01  -1.7662558e-01   6.5004705e-02   2.3683491e-01
  -3.6980919e-01  -2.4176609e-01  -1.1354007e-01   1.4889940e-01  -1.4519865e-01   2.4375013e-02   3.6317452e-01   1.1066231e-02   1.2990832e-01   1.2924323e-01   0.0000000e+00  -2.7274608e-02   1.4693050e-01   1.8928281e-01   3.9832702e-02   1.9815413e-01  -1.5369926e-01   5.1452701e-01  -3.2587992e-02   8.5791880e-05   4.7814759e-01   3.2302443e-01   3.0180087e-01  -3.2451429e-01   2.8198390e-01  -6.1594628e-02  -1.9819519e-02  -3.5780632e-02   1.7315503e-01   4.4846701e-01   2.4924857e-01   3.3906357e-01   2.6471548e-02   1.5782187e-01  -2.5226640e-01   4.5800177e-01  -1.5467650e-01  -5.1888187e-02   1.9539197e-01  -3.2803453e-01   2.6732607e-01  -1.3541549e-01   4.6709208e-02   2.1647092e-01   4.8225132e-01  -2.7701229e-01   5.5240092e-01   3.4902412e-01   4.0029783e-01  -6.1317528e-01   2.3446553e-01   7.4217061e-02   2.4256421e-01  -3.3163355e-01  -6.8912339e-02   3.5766641e-02   1.4856813e-01   1.1984084e-01   1.5795955e-01  -1.2156588e-01  -1.4428583e-01   4.8599085e-01  -3.2736481e-01   1.2751164e-01   1.6274489e-01   1.5025700e-01   1.0007937e-02   3.3438345e-01   4.1435868e-01  -3.6791783e-01  -4.1859574e-01   3.3750131e-01   1.5605197e-01  -6.0873477e-01  -2.3930950e-01   2.8860537e-01  -1.4422483e-01   2.8306945e-01   1.4167912e-01   4.3086458e-02   2.0621912e-01   4.5065101e-02   2.4714443e-01  -2.8113278e-01  -2.8127278e-01   2.3785114e-01  -6.7291100e-02  -8.2679544e-02   2.2750567e-01  -4.7569424e-01  -3.6606605e-01  -1.9894680e-01   2.6227295e-01   2.7827987e-01   3.2164337e-03   6.5447725e-02   1.7932958e-01   2.8103527e-02   4.5572331e-01   3.0510076e-01  -2.0531474e-01   3.0238015e-01   3.5724784e-01  -1.5486499e-02   3.7709440e-01   1.9327391e-01  -3.1125278e-01   1.2794566e-01  -3.3233526e-01   5.8642247e-01   1.2047416e-01   3.9448934e-01   2.9348749e-01  -2.8587691e-01  -1.7956680e-01  -6.5139898e-02   6.9491168e-02   2.0698791e-01   2.6629958e-02   2.3678730e-01  -2.3713927e-01  -3.1677721e-01  -3.4559562e-01   3.4331212e-01  -3.5798700e-01  -3.4733447e-01   2.5293205e-01  -1.3163436e-01   6.7379967e-02  -1.0320227e-01   3.8044935e-01   6.3670887e-01  -2.1918031e-01   4.4393240e-01   1.6895683e-01   4.4471916e-02   1.3264960e-01   2.1117152e-01   5.4972531e-02   3.2574378e-02  -1.2481078e-01  -9.3062207e-02   2.1530364e-01   6.6149161e-02   3.4610884e-01   5.6879075e-01  -3.5377149e-01   3.0744421e-01   4.3570427e-01   6.6981231e-03  -2.7426515e-01   1.9445152e-01  -4.1165428e-02   3.8023420e-02  -2.6614255e-01  -4.3864169e-02  -1.7054522e-01   1.6155744e-01  -2.9439537e-01   2.4954198e-01   3.0447235e-02   3.7522152e-01   4.6631842e-01   3.4502695e-01   3.3933351e-02   1.2004884e-01   3.9223114e-01  -2.2852710e-01  -1.3969552e-01  -7.9196584e-02   1.1901460e-02   6.2947113e-02   5.0465584e-01  -9.0342508e-02  -4.2984578e-02   7.3183063e-02   1.3548548e-01
  -2.8009466e-01   5.3198857e-01   2.8221173e-01   1.1605024e-01  -6.1753429e-03   6.7532358e-02   5.1374123e-01  -6.8453498e-02  -1.2942041e-01   3.8757184e-01  -2.7274608e-02   0.0000000e+00   7.5171233e-02   9.8693621e-02   1.6268938e-01   7.5804568e-02  -4.7046711e-02  -4.7242298e-03  -2.2364727e-01   4.5625291e-01  -1.4099945e-01   1.6889210e-01  -5.3630680e-02  -3.5567399e-01   1.9719936e-01  -2.3632602e-01   1.4610456e-01  -2.6467638e-01   1.6495242e-01   2.8437795e-01  -1.3225360e-01   2.4580306e-02  -8.0965134e-02   3.5792166e-01   2.1491265e-01   4.8872365e-02  -2.3935722e-01  -1.9475703e-01  -4.5596865e-02   3.0401876e-01  -7.0045831e-02  -4.9458243e-02   3.2455958e-01  -1.6550897e-01   4.1054031e-02  -1.7352139e-01  -3.7000210e-02   2.2584066e-01  -1.4852075e-01   6.1944455e-02  -6.5945129e-02   2.4987850e-02   1.6376613e-01   4.4814007e-03  -1.9510248e-01   1.0721409e-02  -5.4485445e-02  -5.2084696e-02   8.9140633e-02   3.3438450e-01  -3.2685922e-01  -2.5504930e-02  -1.2144770e-01  -7.7930136e-02  -2.2438272e-01   3.3775543e-01   2.1111421e-01   2.0491306e-01   1.6947132e-01  -2.6915420e-02   2.9290710e-02   8.1143394e-02  -7.8041984e-02   1.4282144e-02   1.3506851e-01   6.9507201e-02  -4.0965645e-01   8.4108139e-02   2.8362033e-01   2.0220903e-01   4.0546008e-02   1.9416534e-01   2.8796758e-02  -2.9869042e-01   4.9989951e-01   1.7908006e-02   2.2467610e-01   8.7801918e-02   2.9161090e-01  -3.6555690e-01  -1.0248566e-02  -3.7981949e-01   3.2513231e-01   4.4655129e-02  -3.8536479e-01  -1.1536554e-01   1.5875701e-01  -6.4992110e-02   9.5035319e-02  -9.6319133e-02   3.1917800e-01   3.0291478e-01  -4.3946867e-02   8.2728009e-02   5.0392606e-02   7.2774100e-02  -5.0155834e-02   1.3881822e-01  -7.4333010e-02   3.8420950e-04   2.4203570e-01   1.0980997e-01   1.8111862e-01  -2.6689953e-01   1.7798400e-01  -1.3363595e-01  -1.8831115e-01   1.7140289e-02  -2.1183323e-02   7.9559028e-02  -2.4426093e-01   9.5410247e-02   2.7176336e-02  -4.0445274e-02  -1.7984851e-01  -1.5491006e-01   2.6222281e-01   9.9352840e-03   6.4692083e-02  -3.4851328e-02   1.0928650e-01   9.7861186e-02  -3.1684482e-02   3.4487119e-02   3.2984260e-01   2.9222122e-02   2.4764058e-01  -5.4275813e-02  -1.3378461e-01  -2.2576082e-01  -8.3133915e-02   2.3140134e-02   1.8086082e-01   2.4875689e-02   1.2890738e-01   1.7145902e-02   2.8437338e-01  -1.0639489e-01  -2.6543668e-02  -3.8219542e-01   2.7541417e-01  -2.1642576e-01  -1.5431388e-01  -6.5148618e-02   4.6187841e-01  -2.6435553e-01  -2.1847394e-01   2.0689679e-02  -3.6913572e-01  -2.2956720e-01   1.0250230e-01  -1.3679231e-02  -2.9835586e-01   1.0032721e-01   1.6599695e-01   1.4074193e-01   7.1659308e-02  -3.7534147e-01  -9.9707604e-02  -6.4362459e-02   1.8757272e-01  -2.0437177e-01   5.6772134e-03   1.0956874e-01   8.7736037e-02  -1.2416461e-01   1.0769925e-01
  -2.0670619e-01   1.5611352e-02  -1.4348990e-01   3.3239901e-01  -3.5994611e-02  -3.9958807e-03   3.6526737e-02  -4.4670417e-02  -7.9169069e-02   3.7351107e-01   1.4693050e-01   7.5171233e-02   0.0000000e+00   1.5259571e-01   3.9452067e-01   1.9405027e-02  -2.4226376e-01  -6.3350655e-02  -2.5591916e-01   3.3241870e-02   9.7600849e-02  -1.3548669e-01   1.5564808e-01  -1.5880187e-01   1.3517556e-01  -1.9393324e-01  -1.7355446e-02   2.3647504e-01   7.9189095e-03  -3.5271396e-02   4.2779476e-01  -2.2073594e-02  -2.2021862e-01   3.1436992e-01   1.0933851e-01  -1.3300696e-01   9.4291457e-02  -2.0716260e-01  -3.9915361e-02  -9.7458652e-02   5.6467260e-01  -2.1113854e-01  -8.7869380e-02  -7.9506329e-02   1.1847261e-01  -2.5390247e-01  -3.0701651e-02   1.4396693e-01  -6.4738936e-02  -1.4157947e-01   9.9824470e-02  -1.8731534e-01  -4.7811586e-02  -1.0244102e-01   1.6506615e-01  -1.4382955e-01  -8.4578918e-02  -1.0438121e-01   3.4577582e-01   6.0980825e-02  -9.4843187e-02   3.1717136e-01   3.2983476e-02   7.5540234e-02   1.5007787e-01  -1.0144135e-01  -3.6795869e-02  -5.4128641e-02   2.5098528e-01  -1.4718659e-01  -7.9707424e-02   1.5996253e-01   2.6457558e-01  -1.0901678e-01  -5.7151699e-02   1.0241165e-01  -1.1617232e-01  -1.6204194e-01  -2.5045423e-01   4.6407824e-02   2.6928885e-01   1.7841827e-01   9.6839349e-03  -4.6835984e-02  -1.6478314e-01   1.6351725e-01  -1.1693223e-01   4.7894248e-03   4.6574800e-02  -3.1592450e-01  -1.8148272e-01   2.4355633e-02   3.8969808e-02  -3.7224927e-02  -3.3130648e-01  -6.6106978e-02   3.4395135e-01  -1.7585773e-01   3.5697498e-01  -1.2596262e-01   6.8483044e-02   2.0218422e-01   2.1630291e-01   8.1527891e-02  -2.0250055e-02   4.4051468e-02   3.9451403e-02   3.2999384e-02  -2.3340806e-01   5.4313338e-03   1.3633296e-01   1.6933376e-01   2.3255887e-01  -3.4662619e-01   1.2111223e-01  -4.9886756e-02  -2.2806978e-01   5.8223673e-01  -8.8420440e-02   2.3004907e-01  -2.5275017e-01  -1.4514144e-01  -1.4777685e-01  -1.3519992e-01  -3.6166550e-01   2.5101672e-02   1.0878783e-02  -2.4462855e-02   1.7466260e-01  -7.0394310e-02  -1.2249008e-02   1.5292834e-01  -5.7658983e-02   2.5200184e-01   1.7405543e-01   1.5878982e-01   4.0438145e-02   3.7698399e-01   9.4789886e-02  -2.2757649e-01  -1.6742691e-01   5.5335246e-01   3.7548073e-02  -5.1685733e-02   4.9286627e-01   1.5201906e-01   1.0717558e-01  -1.9092085e-01  -1.1850488e-01   1.9037900e-01  -2.0036018e-04   2.2121024e-01  -2.3829918e-02  -5.7045452e-02  -9.2043119e-02  -2.7438770e-01  -1.9663454e-01   4.8804236e-01  -1.9550739e-02   2.1263667e-01  -4.4606045e-02  -6.0803689e-02   5.0160248e-02   1.3067744e-01   1.6936250e-02   5.7400188e-02   1.8489706e-01  -7.2623277e-02  -9.1016200e-02   1.3054285e-01  -7.2604554e-02  -3.5832254e-01   2.7012558e-01  -2.3791862e-02   7.8742645e-02   1.0464305e-01   1.1666573e-01
   8.0321649e-02   6.3210303e-02   9.3767146e-02   2.6097757e-01  -2.3375149e-01   4.7055268e-01   3.3847423e-01   3.9353515e-02  -4.9698031e-01  -1.0987213e-01   1.8928281e-01   9.8693621e-02   1.5259571e-01   0.0000000e+00   2.2474120e-01   6.2561417e-02  -8.6082675e-02   3.3068599e-01   2.7555817e-02  -9.3973254e-02   5.4654876e-01  -1.0769604e-01   2.2407649e-01  -1.5142996e-01  -2.2553875e-02  -2.3979371e-01   7.8936689e-02   2.8113191e-01   8.6597752e-02   4.7407459e-02   3.7389380e-01  -1.1841364e-02  -3.6244419e-02  -4.4968015e-02  -4.1386265e-01  -1.3217688e-02   7.8635519e-02   2.0820519e-01   1.7547443e-01  -3.1678092e-01   1.4517988e-01  -1.9546212e-01  -2.2114680e-01   1.1304311e-01   4.5069356e-01  -7.7531956e-02   3.2305633e-01   2.8800951e-01   1.4550636e-01  -1.7247885e-01   2.6171293e-02  -1.6830241e-01  -1.9329104e-01  -3.1339279e-01   1.6947687e-01   2.5126074e-01   3.6341370e-02  -1.5889394e-01  -1.0597084e-01  -2.1696578e-01   4.8159960e-02   1.9612859e-01  -3.1172820e-01  -3.0971429e-01   2.7573013e-01   1.7011731e-01   4.3212101e-01  -9.7977564e-02   3.8339124e-01  -1.5146116e-01  -4.5365747e-01   3.8926870e-01   2.1235134e-01  -2.3074342e-01  -1.6734455e-01   1.0625026e-01   1.4188152e-01   7.8592570e-02  -6.6077989e-02   1.2884924e-02   3.5317663e-01   2.5604705e-01   2.3168630e-01  -1.8517250e-01   4.6166649e-01   1.3106167e-01   3.2569851e-01  -1.2021776e-02   1.5091862e-02  -1.1934622e-01  -3.0309913e-01   1.2589839e-01   2.2560105e-02  -2.7467939e-01   1.6572547e-01  -2.9845654e-02   1.7219985e-01   8.9086705e-02   2.2376571e-01   2.5830751e-01   2.1537323e-01  -2.2224543e-01   7.1323521e-01  -2.0423932e-01   2.1208594e-01   6.1544695e-02  -4.6788593e-02   1.5849336e-01  -1.8825001e-01   4.1076413e-01  -1.1135560e-01   2.9924016e-01   2.3081915e-01   4.0087044e-02  -1.2221088e-01  -4.5838627e-01  -1.9366997e-01   1.3590036e-01   5.3898295e-01   2.9869194e-01   7.4450105e-02  -4.0328102e-01  -3.2675675e-01   8.5614670e-02  -4.3208721e-02   3.4510846e-01   2.1991354e-01  -3.6528353e-02  -2.3526681e-02   2.5242715e-01   9.1570144e-02   1.6926908e-01   3.0372418e-01   3.3650253e-01   2.3285010e-02   2.0108012e-01   1.4300512e-01   4.9683560e-01   6.3157705e-02   3.5049754e-02   9.9688368e-02   1.1174250e-01   1.2684927e-02   4.7891835e-01   2.6585793e-01   3.2499485e-01  -3.9886584e-01  -1.3627127e-01   1.9551465e-01   2.8817944e-01   1.2079757e-01   6.0796732e-01  -1.0279748e-01  -4.1784260e-01  -2.3298751e-01   3.5481677e-02   1.9642210e-01  -1.0792658e-02  -9.9790689e-02   4.3470477e-01  -6.8380324e-02  -8.1045000e-02   1.6737524e-01   2.6592718e-01  -2.3777178e-01  -1.5002885e-01  -1.2062792e-02   6.1942897e-02  -6.2345796e-02   6.4765370e-02  -2.9537526e-01  -8.4271725e-02   3.8201823e-01   4.3803732e-01   1.2317560e-01  -3.1063087e-01  -4.7727865e-02
