   0.0000000e+00   3.1640774e-03  -1.4111304e-01  -7.2704349e-02  -2.3933535e-01   3.3075965e-02   1.0661187e-01   1.1851057e-01  -2.1065893e-01   1.3633001e-01   2.1118313e-02  -8.8183664e-02  -1.9909221e-01   1.8304298e-01  -1.1270992e-01   4.9250160e-02  -1.5748370e-01  -1.1608995e-01  -5.5096507e-02  -2.1009058e-01  -1.7361161e-01   1.4758831e-01  -2.2261767e-01   6.2577668e-01  -5.9276053e-02  -2.7517466e-02   2.3863548e-02   3.0013283e-01  -7.2856199e-02  -1.6996158e-01  -1.2694678e-01  -1.0332165e-01   2.3672459e-01   1.9190551e-01  -1.6130040e-01  -2.1000452e-01   1.1308089e-01   5.6615941e-01   1.5354332e-01  -1.4533101e-01  -9.9681841e-03   2.9769719e-01   3.7717016e-02  -1.5462061e-01  -2.3253428e-01   7.0273562e-01  -2.2695026e-01   1.1648983e-01  -4.9329866e-01  -2.1275556e-01   5.5262934e-02  -2.0832530e-01  -6.9655823e-03  -2.0375725e-01  -3.3872616e-01   5.5066164e-02   8.0888127e-02   1.8807271e-01   8.9651410e-02  -1.3330652e-01   3.0582840e-01  -3.5352617e-01  -2.2601221e-01   1.1661962e-01  -2.1465803e-01   1.9129883e-01  -1.3286843e-01  -2.0363246e-01  -1.0333689e-01   5.2546083e-01  -2.0399637e-01  -2.2332339e-02  -9.4389466e-03   3.5858440e-01  -2.9165135e-01  -7.5076711e-02   6.2569922e-01  -7.1676979e-03  -2.0533190e-01  -2.4729542e-01   2.9774949e-03   1.4008648e-01  -1.6174336e-01  -1.3436413e-01   4.9458619e-01  -7.5208616e-02  -1.7140646e-01  -4.7096505e-02  -3.8800885e-01   8.5203278e-01  -1.2485429e-01   2.5838863e-01  -2.6293164e-01  -9.8932679e-02   4.6118793e-01  -2.3041224e-01  -2.1351400e-01  -2.2468830e-03  -3.1271185e-01  -7.1294721e-02   5.2830620e-01   4.3317232e-01  -1.3377017e-01  -6.9543557e-02   3.1826305e-01   2.9003511e-03  -3.3843830e-01  -3.9491193e-02  -2.2778544e-01  -2.3874355e-01  -2.8763583e-01   1.3492936e-01  -2.9087797e-01   8.2546114e-01   4.6723079e-01  -1.1415411e-01  -1.3489470e-01   2.7146787e-02   3.2622796e-01  -4.4885344e-02   7.3673987e-01  -1.6152450e-01  -2.4434194e-01  -2.8270001e-01   7.5147210e-01  -1.3484849e-01  -2.6787907e-01  -1.2268860e-01   2.9467777e-01   3.1100871e-01  -2.1573317e-02  -1.5879225e-01  -2.1710812e-01  -3.9545176e-01  -7.0967402e-02  -1.0926909e-01  -2.1538078e-01  -1.7402933e-01  -9.5584465e-02   7.0307763e-01   6.4863238e-01  -7.8319344e-02   1.1534228e-01  -2.1778357e-02  -3.2326913e-01   5.3409923e-02  -1.1111587e-01   2.5835892e-02   1.1589920e-01  -6.0676610e-02   7.4427183e-01  -1.6065884e-01   5.1559456e-01   3.6554950e-02  -1.5128548e-01   7.7589660e-01   7.3527309e-01  -1.0332830e-02   9.0505288e-03   8.0134178e-02  -1.2515700e-01   2.2800739e-01   2.4462048e-02   7.7673148e-02   1.4924004e-02  -7.1824956e-02   1.0941413e-01   5.9726530e-01   5.0330909e-01  -6.7356259e-02  -1.9710771e-01   4.3771734e-01  -2.5544713e-01  -3.0202201e-01  -1.3772481e-01  -1.7470346e-01   1.8072435e-01
   3.1640774e-03   0.0000000e+00  -2.6557800e-01  -4.4893209e-01   5.0372729e-01  -7.2437557e-01  -2.3074909e-01  -2.9576371e-01   6.2822500e-01  -2.2324680e-01  -2.2049256e-01   6.7136978e-01   1.2038095e-01  -3.0916822e-01  -5.6951168e-01  -1.7290235e-02  -1.1676861e-01  -5.7530342e-01  -4.3176411e-01   2.5045487e-01  -6.3550445e-01  -4.5221569e-01  -5.6903382e-01  -1.5589539e-01   8.9101954e-02  -5.1375483e-01   3.8714016e-01  -4.1144876e-01   2.5431449e-01   1.7429175e-01  -9.9610159e-02  -2.0592438e-01   2.2052005e-01   1.9185439e-01  -1.4608300e-01   6.9564181e-02  -2.8836075e-01   2.5113011e-01   3.9425006e-01   2.3275099e-01   2.8455613e-01   1.1360200e-01   1.6317030e-01  -3.5236116e-01  -1.8109585e-01   1.9044364e-02  -2.0310227e-01   2.0143240e-02  -1.0780850e-01   1.1418652e-01  -5.7351534e-01  -2.2609281e-01   6.5304413e-01   1.5648430e-01  -6.3183733e-02  -1.7104888e-01  -5.8161309e-01  -1.1795565e-01  -1.4825010e-01   4.6374420e-01   5.5242318e-02   1.9755218e-01   6.0205118e-01   5.6364825e-01   5.6448921e-01  -3.8780654e-01  -6.3833198e-01  -1.7326724e-01  -2.8839920e-01  -4.1491838e-01   4.3289255e-01  -4.4173342e-01   6.1283059e-01  -3.1249614e-01   2.2289298e-01  -1.5464576e-01   2.4208288e-02   1.0025756e-03   6.9199087e-01   2.7632642e-01  -7.0325630e-01   3.5761747e-01  -6.0855615e-01  -4.3547922e-01  -4.0243324e-01  -2.0181468e-01  -5.6134055e-01   6.3220767e-02   2.2092391e-01  -1.5398856e-02   7.9156704e-01  -1.4478716e-01   1.7443819e-01   2.3635105e-01   3.0349732e-01   2.5015634e-01   4.7271130e-02   3.4497686e-02   3.5199089e-01  -3.9504927e-01  -5.6095610e-01  -8.5476024e-02  -4.8090717e-01   1.1779247e-01  -3.8039021e-01  -1.5496832e-01  -1.5225643e-01  -4.7262264e-02  -3.0121011e-01  -5.7658883e-01  -9.0981967e-02  -3.6542696e-01  -4.4898743e-01   5.2516631e-02  -5.3914362e-01   8.0056814e-01   5.1321499e-02   4.1714003e-01  -5.8160269e-01  -4.3051255e-01  -2.3813381e-01   5.5679536e-01   8.3152568e-02   3.5751601e-01   4.6967017e-02  -1.8716714e-01   8.7582227e-02   8.1283016e-02  -1.5002869e-01  -2.5127107e-01   4.7168748e-01  -3.3443420e-01   3.9936179e-01  -2.3898275e-01   2.1256641e-01  -2.2879361e-01   3.0829934e-01  -6.0349182e-01  -3.3844303e-01   2.6723602e-01  -1.1350546e-01   1.6916823e-01   9.6529290e-02  -4.3671720e-01  -2.5543860e-01  -3.1651917e-01   9.0597552e-02   5.2761543e-01  -6.2813889e-01  -3.6932043e-01  -3.1527768e-01  -4.7905466e-01  -2.3765707e-01   5.3689551e-01   5.7061135e-01   4.8135615e-02  -4.8522663e-02   1.0559354e-01   1.7952049e-01  -5.7406940e-01  -4.7397219e-01   7.6104825e-02   3.0526219e-01  -5.3346143e-01  -6.9551885e-02   7.1095973e-01   3.0571564e-01  -3.2962645e-01  -3.0645995e-01   4.0334402e-01   6.9253841e-01   8.9555965e-02   6.8970939e-02  -2.5528075e-02  -8.8926610e-03   1.5941292e-01   4.5330625e-03
  -1.4111304e-01  -2.6557800e-01   0.0000000e+00  -1.6080166e-01   3.5761825e-01   3.4339070e-01  -1.3639641e-01   9.0290528e-02   1.0029276e-01   1.1356675e-01  -7.3902916e-02  -6.7016173e-02   1.4712912e-01  -1.2063513e-01  -6.7215440e-02   2.6766951e-02   9.0981841e-01   4.1584011e-03   1.6814975e-01   4.4899285e-01  -1.7428073e-01  -2.0089514e-01  -5.1551827e-02  -1.3676796e-01  -1.0568478e-01  -2.6807965e-02   3.2038288e-01  -1.2124330e-01  -1.3229786e-01  -2.3033616e-01  -4.5661705e-01  -2.9185896e-02  -4.2643642e-02  -1.7251012e-01   4.2897772e-02   3.3759857e-01  -1.9323991e-01  -1.0892251e-01  -1.8071353e-01   4.4008033e-01   6.2019478e-02   1.8416642e-01   1.0622843e-01   1.7817672e-01  -5.5972755e-02  -8.4198326e-02   1.3248430e-01  -3.9686897e-01   8.5374154e-02   5.6254729e-01  -4.6570239e-02   4.4984553e-02  -4.4952954e-01   2.3333905e-01   2.0746332e-01  -4.9712736e-02   8.9566325e-02  -1.3616667e-01  -1.8565450e-01   3.6294467e-02   2.8035205e-01   7.5796919e-02   2.0655702e-01  -3.0418072e-01  -3.3866539e-01   4.0981975e-02   5.0124299e-01   6.9318164e-02  -4.3148523e-02   4.8231978e-01   3.8398324e-02  -7.7134446e-02  -3.0533430e-01   1.3796104e-01  -1.6297508e-02  -1.2188163e-01   2.9320585e-03  -3.6320752e-02  -8.8377041e-02  -1.0707067e-02   4.4186607e-02  -1.1152903e-01   1.5580176e-01   2.4851512e-01   2.2942893e-01  -3.3569701e-02  -8.7649765e-02  -2.1659733e-02   2.2355616e-01  -1.2521304e-01  -1.0939574e-01   5.2198273e-01   3.0915136e-01   9.1815932e-02  -1.1723588e-01   4.0344479e-01   1.1683095e-01  -1.4952906e-02   3.2137951e-01  -3.8156394e-01   9.9817734e-02  -1.8372933e-01  -2.0179850e-01  -8.2315488e-02  -8.6562776e-02  -8.3613724e-02   2.7096716e-01  -5.8678079e-02  -6.8254544e-02   1.2308362e-01   3.6070042e-01  -6.0764157e-02  -1.8473273e-03  -4.3600250e-02   5.8443707e-02  -2.9440909e-01  -5.1457274e-02  -1.0604706e-01   2.4107874e-01  -7.6661056e-02  -7.1907435e-03   2.0653728e-01   3.9375421e-01  -1.7908104e-01  -1.5373272e-01   1.6039819e-01  -2.0258029e-01   4.1602834e-02  -4.0811355e-02   6.2823326e-01  -2.7523993e-02  -2.5851281e-01   2.7444751e-01   2.7024431e-02   5.4466628e-02   7.9514000e-02   8.1197595e-02   3.5374353e-01  -2.9487893e-02  -7.3957671e-02  -4.3367453e-02   2.9464527e-01  -1.3389105e-01   7.8193131e-01  -1.7609095e-01  -2.9754224e-01   3.1125424e-01   1.7984005e-02   1.8193497e-01  -3.7939890e-01  -4.4259406e-02  -1.4459799e-01   4.0125623e-02  -1.9791398e-01   4.9414622e-01  -8.9154809e-02   2.5151711e-03  -1.2895855e-01   5.3283329e-01  -2.2107140e-01   1.0109585e-01  -1.3148508e-01   2.0069095e-01  -1.8100164e-01  -3.2885535e-02  -1.6621277e-01  -2.5399278e-01  -6.5920081e-03   6.6970856e-02   3.6815144e-02  -9.7391704e-02  -4.7823818e-03  -1.3266657e-02   6.5950407e-01  -2.0124911e-01   2.0826753e-01  -1.0540005e-01
  -7.2704349e-02  -4.4893209e-01  -1.6080166e-01   0.0000000e+00  -4.2437415e-01   4.0966820e-01   1.9829495e-01   4.4516027e-01  -1.5452912e-01  -3.4672832e-02   3.6057617e-01  -3.1113878e-01  -1.9866053e-01   4.8941830e-01   4.7667575e-01   1.1004411e-01  -2.4493132e-01   3.8554485e-01   2.5836827e-01  -3.0587210e-01   4.6310834e-01   7.3948745e-01   4.2258213e-01   4.9470920e-02   6.9332508e-02   5.1114747e-01  -2.2896464e-01   3.7200635e-01   5.7679992e-02   1.4744317e-01   3.5212175e-01   5.3925095e-01  -2.4601990e-01  -9.2799535e-02   3.1252311e-01  -1.9973048e-01   1.6741399e-02  -2.9379319e-01  -1.5408176e-01  -3.0441360e-01  -2.8731225e-01  -1.4398205e-01  -2.5250013e-02   8.1271464e-02   7.9726407e-02  -1.4792386e-01   2.6107580e-01   6.8255520e-02  -2.6547730e-02  -2.9533613e-01   5.0329471e-01   4.8262264e-01  -2.7138347e-01  -2.1096399e-01  -9.8285987e-02   1.6440323e-02   3.3138330e-01   6.1476247e-01   5.3115223e-01  -8.3055731e-02  -1.3766915e-01  -1.5571389e-01  -1.9789342e-01  -1.5184464e-01  -2.0600277e-01   3.3913827e-01   3.1585143e-01   1.7095108e-01   4.2912335e-01   4.3411349e-02  -2.3796179e-01   7.3212333e-01  -4.4236398e-01   8.7609757e-02  -1.2822675e-01   3.8957240e-01  -8.1378771e-02  -8.1877097e-02  -4.7067159e-01  -1.4308223e-01   5.7780322e-01  -4.2991813e-01   2.4523686e-01   3.7978841e-01  -1.2342627e-02   3.9431308e-01   4.3853301e-01  -5.2923438e-02  -1.6311238e-01  -1.3292602e-01  -4.2485933e-01  -1.3826019e-01  -2.1006472e-01   5.2014494e-02  -2.4972717e-01  -3.4157196e-01   1.8555642e-02  -2.6503143e-02  -3.4623117e-01   2.5696092e-01   1.6553280e-01   2.5468483e-01   5.5439467e-01   1.8718054e-01   5.0673471e-01   4.7503172e-01  -1.6917613e-01   1.0772351e-01   1.8585980e-01   2.5094538e-01  -1.2343391e-01   5.5754758e-01   6.9659671e-01  -1.2822126e-01   2.3115001e-01  -3.8265524e-01  -1.2564747e-01  -2.8889157e-01   2.1638350e-01   8.4864887e-01   1.3100339e-01  -4.3420093e-01  -8.0139521e-02  -1.0988822e-01  -1.0319446e-01   2.1899918e-01   6.4552496e-02  -2.6025696e-01   5.5006481e-01  -1.6166909e-01  -4.5482199e-01   2.0709154e-01  -3.3068386e-01   1.9371259e-01   2.6690423e-01   2.1555692e-01  -2.9717152e-01   1.8671122e-01   6.1548421e-01  -1.8707601e-01   4.8994442e-02  -3.3405052e-01  -3.5913403e-02   2.4610963e-02   3.6942098e-01   5.7025378e-01  -1.8612206e-01  -2.1118098e-01   3.4835434e-01   2.5021416e-01   1.3178938e-01   4.4823605e-01   1.1061797e-01  -1.1917209e-01  -4.8718717e-01  -5.8017203e-02  -5.9195643e-02   1.7817463e-01  -3.9030951e-01   7.0926966e-01   5.0755044e-01   6.0185091e-03  -4.8383493e-01   6.8724504e-01   5.3769910e-01  -3.5754566e-01   3.7703513e-02   1.3937182e-01   1.4090632e-01  -2.5555664e-01  -3.5792780e-01  -3.0884199e-01   5.1845935e-02  -2.5435099e-01   4.0606121e-01  -2.5006092e-01   2.9180439e-01
  -2.3933535e-01   5.0372729e-01   3.5761825e-01  -4.2437415e-01   0.0000000e+00  -3.7297630e-01  -4.0851192e-01  -1.8008794e-01   4.5848940e-01  -1.3932259e-01  -1.9186321e-01   3.7128705e-01   3.6065454e-01  -3.3009361e-01  -4.7882588e-01  -1.3288404e-01   4.9896808e-01  -2.9449890e-01  -2.9614317e-01   8.2853058e-01  -4.8351244e-01  -4.9934309e-01  -4.1957841e-01  -2.7974189e-01  -1.1113250e-01  -3.8607785e-01   6.0534449e-01  -5.4162711e-01   1.6132312e-01  -1.3108338e-01  -4.3957266e-01  -1.8155607e-01   1.7014967e-01  -1.1714509e-01  -1.9938246e-01   6.7812823e-01  -2.3538703e-01   1.4085836e-01   2.7226708e-01   4.8695521e-01   3.4486649e-01   3.5837181e-01   1.6864665e-01  -3.0390588e-02  -9.5781157e-02  -1.1670732e-01   1.2530382e-01  -4.4237663e-01   3.1200770e-01   5.5073724e-01  -5.4851300e-01  -1.3836187e-01   8.4193422e-02   5.6213753e-01   3.2522581e-01  -2.1450723e-01  -4.9821573e-01  -2.3801206e-01  -3.9540212e-01   3.6114849e-01   1.7325195e-01   3.7787293e-01   6.3352603e-01   2.6769969e-01   2.1275697e-01  -4.4033011e-01  -9.5989822e-02   1.7346449e-01  -3.4702507e-02  -2.3828858e-01   3.1137285e-01  -4.2471572e-01   3.4281526e-01  -2.6510565e-01   3.0184241e-01  -1.0815093e-01  -8.0036612e-02   1.7401571e-02   6.9760039e-01   2.9707959e-01  -6.5005836e-01   3.0350522e-01  -3.6104551e-01  -1.3497470e-01  -1.7771599e-01  -1.6019049e-02  -4.9193598e-01   1.2490457e-01   3.0714463e-01  -1.9175653e-01   7.4422025e-01   2.7009145e-01   4.7328596e-01   2.1867557e-01   1.7259824e-01   8.0252243e-01   3.9714349e-01   1.9906217e-01   7.2863080e-01  -5.6308061e-01  -4.0497852e-01  -3.5811843e-01  -5.6583818e-01   6.4931315e-03  -4.3029789e-01  -1.2900203e-01   3.3353995e-01   1.5889550e-01  -1.3555275e-01  -2.5194754e-01   1.1155590e-02  -4.7148434e-01  -3.2046722e-01  -1.0600925e-01  -4.6028335e-01   5.4189386e-01   5.5321171e-02   3.6075846e-01  -4.1275579e-01  -3.8450472e-01  -3.4205444e-01   8.2697169e-01   3.4302003e-01   2.6547707e-01  -1.5577023e-01  -4.8499717e-02  -9.1244950e-02   3.6835883e-01  -1.9292628e-01   2.9204858e-02   5.0749898e-01  -4.3418656e-01   5.3312642e-01  -6.1191041e-02   2.4770364e-01  -1.5533690e-02   3.9484025e-01  -3.2154196e-01  -2.4007736e-01   5.2437561e-02  -2.1416682e-01   5.5255421e-01   1.1041398e-01  -2.3299691e-02  -2.9793576e-01  -5.2232255e-01   2.0365578e-01   4.7159794e-01  -4.0757769e-01  -5.4958248e-01  -4.0753663e-01  -5.5624363e-01  -2.8014747e-01   3.2777170e-01   7.4005579e-01  -9.2823497e-02  -1.8486934e-01  -1.4486941e-01   6.2450983e-01  -7.0696231e-01  -2.9014132e-01   7.3186084e-02   4.2355918e-01  -6.0646798e-01  -1.1927629e-01   3.9828560e-01   8.9804387e-03  -3.2646241e-01  -1.5092842e-01   4.9774892e-01   6.1924237e-01   5.4257813e-02   2.3505367e-01   4.2847962e-01  -2.2386058e-01   5.0947529e-01  -7.3722679e-02
   3.3075965e-02  -7.2437557e-01   3.4339070e-01   4.0966820e-01  -3.7297630e-01   0.0000000e+00   4.5113522e-01   4.5873358e-01  -3.8240495e-01   2.0548408e-01   2.7828694e-01  -3.9613633e-01  -1.1944391e-01   6.7920815e-02   4.3660292e-01   1.9040430e-01   1.6051155e-01   5.0440373e-01   7.2420338e-01  -1.3022885e-01   5.6523845e-01   4.2906108e-01   4.1820749e-01  -1.8910768e-03  -1.1016409e-01   4.5824783e-01  -1.4623652e-01   2.5745105e-01  -1.6089583e-01   7.5030631e-03  -3.2634224e-02   2.3317133e-01  -1.4717798e-01  -1.0264285e-01   4.0256329e-01  -6.1611680e-02   9.3487467e-02  -3.6025257e-01  -4.1036535e-01  -1.6463654e-01  -2.0771753e-01  -1.3219556e-02   9.8852095e-02   2.5158022e-01   9.5181739e-02  -8.2556974e-03   2.3741830e-01   1.1570952e-01   2.9257576e-03  -4.0419387e-02   5.3795601e-01   2.0399799e-01  -4.7959066e-01  -2.4412689e-01  -1.4242417e-01   1.5967012e-01   6.8167274e-01   1.6839438e-01   2.9758445e-01  -1.3915605e-01  -3.3869170e-02  -2.4860888e-01  -4.0840065e-01  -4.6187075e-01  -5.0649656e-01   5.3370760e-01   8.7489547e-01  -4.8130500e-02   4.2091540e-01   4.3903184e-01  -2.8589818e-01   4.5348744e-01  -5.9491839e-01   5.4439411e-01  -2.1104901e-01   2.6825165e-01  -1.3575067e-02   1.7817570e-01  -6.3167138e-01  -2.8491388e-01   5.6550763e-01  -3.8127417e-01   5.5751253e-01   2.8323504e-01   4.7103410e-01   3.2787899e-01   5.7711377e-01  -2.4445442e-01   3.8208224e-02   1.7926193e-02  -6.0740042e-01   1.8602647e-01  -1.6990226e-03   1.0439856e-01  -3.3852418e-01  -1.0320805e-01  -4.0348379e-02   1.7314184e-01  -2.8969550e-01   2.5865167e-01   3.5958155e-01   3.1398547e-01   3.5412593e-01  -1.9467066e-03   4.3118235e-01   1.9415571e-01  -4.2786190e-02   1.7044935e-01   2.1378476e-01   5.8763964e-01   9.5648914e-02   6.2153862e-01   4.8104610e-01  -6.1890240e-02   2.9364145e-01  -6.4675316e-01  -1.3296290e-02  -3.5201869e-01   4.0509631e-01   4.6305454e-01   2.0409049e-01  -4.0454754e-01   8.6804726e-02  -3.7903009e-01  -6.8205045e-02   3.8661472e-01  -8.1644704e-02  -2.6423162e-01   2.1772203e-01   2.6978163e-01  -4.9353559e-01   2.5207644e-01  -1.1929112e-01   1.7668261e-01   1.4155493e-02   3.0447682e-01  -2.8028460e-01   3.4782601e-01   3.1184098e-01  -1.9176422e-01  -7.5662679e-02  -2.0472804e-01   5.3975257e-02   4.5110541e-01   1.8817534e-01   2.5292216e-01   2.1971907e-02  -2.9074683e-01   6.9520708e-01   3.1034440e-01   3.0042862e-01   2.2024704e-01   1.2224248e-01  -4.3176254e-01  -4.0916385e-01   1.6454656e-02   8.7967885e-02  -9.9722102e-03  -1.8957126e-01   5.4399157e-01   4.7992660e-01   1.2297691e-01  -1.5695351e-01   4.5527148e-01   2.4095361e-01  -6.1901646e-01  -2.5904162e-01   3.6620170e-01   3.4920703e-02  -1.9038926e-01  -5.3076276e-01  -3.1846209e-01  -1.5744970e-01   2.6932757e-01   3.5583165e-03  -2.4083156e-01   1.2397990e-01
   1.0661187e-01  -2.3074909e-01  -1.3639641e-01   1.9829495e-01  -4.0851192e-01   4.5113522e-01   0.0000000e+00   1.4194000e-01  -3.6284615e-01   5.2112819e-01  -3.0099197e-01   2.5777294e-01  -2.0656195e-01  -2.5031542e-01   2.8916117e-01   1.3809508e-01  -3.2032328e-01   1.0983585e-01   2.8539380e-01  -6.6047861e-02   3.9176213e-01   1.7389802e-01   4.8137607e-01  -3.1239951e-02  -1.1044839e-02   9.3719303e-02  -8.5452729e-02  -5.6469568e-02  -1.3835180e-02  -2.8274895e-02  -5.9116439e-03  -1.6563318e-01  -1.9359713e-01   6.6092615e-01   3.0413024e-01  -3.9529642e-01   2.4587893e-01  -1.6303004e-01  -3.0953697e-01  -1.0828824e-01  -2.7592391e-01  -1.8298019e-01   6.3790172e-01  -8.9915408e-03   2.9123080e-01  -9.6804446e-02  -4.9455685e-01   5.7239258e-01  -4.7289173e-02  -1.4005904e-01   1.4250677e-01  -3.2671903e-02   1.3334623e-01  -3.8910438e-01  -3.8427416e-01  -7.2316953e-02   1.8219579e-01  -1.1798151e-01   3.1042822e-02  -1.3787282e-01  -2.6918578e-01  -6.9069489e-02  -2.8182591e-01  -4.0057685e-01  -2.0041536e-01   5.0492257e-01   3.4543295e-01  -9.1856676e-02  -4.4002160e-02  -2.0953300e-02   8.2604620e-02   8.3066966e-02  -3.3471331e-01   1.8228732e-01  -3.1048616e-02   1.7695061e-01  -3.2201740e-02   8.7552668e-02  -2.8399354e-01  -2.1813753e-01   3.5075242e-01  -2.1549080e-01   3.2218589e-01  -3.4005033e-03   1.1793996e-01   9.3503533e-02   3.4767432e-01  -4.0764872e-01   1.9141921e-01   9.2369406e-04  -3.7419878e-01  -2.5119523e-01   2.5039181e-01   6.6986727e-02  -1.5956592e-01  -1.4553375e-01  -6.5850439e-02   9.0119250e-02  -3.9494684e-01   5.8084453e-01   1.3000946e-02   2.5241495e-01   1.1508506e-01  -1.1162163e-01   5.2544943e-03  -1.0253131e-01  -1.6369340e-01   5.9040102e-02   3.7579975e-01   3.3287238e-01   2.4833387e-01   3.2807843e-01   2.3119307e-01  -9.1044271e-02  -3.0141253e-02  -2.5245885e-01  -5.0988585e-02  -3.2601358e-01  -1.1472256e-01   6.5311992e-02   1.1067414e-01  -1.4647687e-01   1.6632717e-01  -4.4634623e-01  -5.8146308e-02   1.3576353e-02   8.4539380e-02  -2.3023392e-01   1.5612361e-01  -1.3886710e-01  -4.1281567e-01   3.5763230e-01  -1.5437900e-01   1.9209072e-02   3.9332128e-02   1.1423094e-02  -2.4297925e-01   3.3904963e-02   3.3348177e-03  -1.5220095e-01  -8.0906767e-02  -3.1289468e-01  -1.1621270e-01  -1.1413830e-02   2.5795197e-01   1.6905696e-01   5.1404634e-01  -4.2000533e-01   4.2143296e-01   4.7409389e-01   4.7335627e-02   8.9150610e-02  -2.2551193e-01  -5.0494583e-01  -3.0768327e-01   7.2768326e-02   1.6313734e-02  -5.5835225e-02  -4.1789681e-01   2.5349024e-01   4.7135230e-01  -2.1176908e-01  -1.0610541e-01   1.3800391e-01  -3.7059329e-02   4.9148201e-02  -2.2841779e-01   1.3423921e-01  -2.4844455e-01  -3.9987158e-02  -1.0846003e-01  -2.5837089e-01  -4.0507658e-01  -1.2391384e-01   2.1293439e-01  -2.4318937e-01  -7.6904489e-02
   1.1851057e-01  -2.9576371e-01   9.0290528e-02   4.4516027e-01  -1.8008794e-01   4.5873358e-01   1.4194000e-01   0.0000000e+00  -2.0283601e-02   6.4864254e-02   4.6199246e-01  -2.1164106e-01  -1.5218355e-01   8.1365370e-02  -9.1542966e-03  -6.7402667e-03   9.1921750e-02   2.4819875e-01   5.1105506e-01  -1.3389721e-01   2.2100258e-01   4.4187352e-01  -4.2506899e-02   1.7981474e-01  -6.3029890e-03   4.8335817e-01  -2.2412035e-01   2.4483650e-01   1.3528076e-01  -9.3508830e-03   9.0917115e-03   4.1246205e-01  -3.4799540e-02  -1.5903170e-01   1.1881851e-01  -4.1849801e-02  -8.9287919e-02  -2.6244646e-01  -3.2044229e-01  -8.5433717e-02  -2.0622893e-01  -2.3824850e-02   3.0532772e-02   3.6090310e-01  -2.4738075e-01   1.8503921e-01   2.0026880e-01   3.7496100e-02  -1.3095749e-01  -4.7149473e-02   3.0919643e-01   6.1060216e-01  -1.9621881e-01  -2.5613742e-01  -2.5663845e-01   2.5001682e-01   2.8898786e-01   4.2989515e-01   3.6067089e-01  -1.6179544e-01  -1.9338998e-02  -3.4265951e-01  -1.5596206e-01  -1.5795950e-01  -2.6653407e-01   1.9122539e-01   3.8753645e-01  -2.5431925e-01   4.8665789e-01   3.1670686e-01  -8.0383278e-02   3.5692427e-01  -4.6237811e-01   2.0650431e-01  -2.6288008e-02   4.8166664e-01   1.5481335e-01   2.8479430e-01  -3.2424136e-01  -1.4153878e-01   2.6053504e-01  -4.4064236e-01   2.4289846e-01   4.1934780e-01   2.2122493e-01   4.6417042e-01   2.4926980e-01  -2.2114257e-01  -1.5851352e-01   2.0651677e-01  -1.9855567e-01   1.0612064e-01  -6.4396353e-02   1.9926808e-01  -3.1948188e-01  -5.7955483e-02  -1.9205610e-01   4.3828622e-01  -3.3472129e-01  -3.0163903e-02   3.0493049e-01   3.5487814e-01   2.2916697e-01  -8.5040825e-02   5.0895392e-01   5.0857228e-01  -1.8074690e-01   4.6921298e-01  -1.0730518e-01   3.6391345e-01  -1.1043430e-01   4.2531973e-01   2.2927936e-01   1.7337841e-01   2.1207911e-01  -3.0634538e-01   2.7797742e-01  -1.9855650e-01   2.7070416e-01   4.0311730e-01   3.0882820e-01  -2.3443021e-01  -8.8754798e-02  -2.7595019e-01   2.4138811e-01  -2.9177649e-02  -3.6917196e-01  -2.0381100e-01   4.6564437e-01   1.3781712e-01  -2.9133376e-01  -4.2926111e-04  -2.0871697e-01   9.0929077e-02   3.3962327e-01   4.2325743e-01  -1.6781830e-01   9.5998573e-02   6.4985249e-01  -3.8331393e-02   1.2544903e-02  -2.1109933e-01   3.3650499e-01   1.8491953e-01  -2.0866972e-01   4.0140234e-01  -8.7986659e-02  -4.8676948e-02   3.6340174e-01   3.9862577e-02   3.0398331e-01   1.5909089e-01   2.2371780e-01  -1.0353214e-01  -1.7057671e-01   1.7531617e-01   1.7297980e-01   2.8745537e-02  -2.2724362e-01   3.6515471e-01   8.1798059e-02   3.6459478e-01  -8.7592958e-02   3.8848362e-01   5.1757485e-01  -4.6479556e-01  -1.2740492e-01   3.2178553e-01   1.7524229e-02   3.7141056e-02  -3.5835270e-01  -2.4735114e-01  -1.1844555e-01   4.6229341e-02   1.9144878e-01  -2.9480969e-01   3.3190698e-01
  -2.1065893e-01   6.2822500e-01   1.0029276e-01  -1.5452912e-01   4.5848940e-01  -3.8240495e-01  -3.6284615e-01  -2.0283601e-02   0.0000000e+00  -2.7388709e-01   9.6789141e-02   2.8459591e-01   1.9083897e-01  -5.1257575e-02  -3.8155396e-01   8.9906810e-02   2.0195520e-01  -3.9429700e-01  -1.2871898e-01   2.4980984e-01  -4.9557117e-01  -2.7174919e-01  -5.1894070e-01  -2.3515774e-01   4.2156326e-02  -2.5350522e-01   3.5884843e-01  -2.1475650e-01   4.0476864e-01   3.9973413e-01  -1.2036818e-02   8.4390651e-02   1.6902188e-01  -2.2385392e-01   2.0361564e-01   2.0752803e-01  -5.4183780e-01  -1.0796859e-01   1.8413568e-01   1.2781810e-01   2.5737212e-01   5.6051187e-02  -6.4580591e-02  -2.1164102e-01  -1.3021093e-01  -9.3775390e-02   2.0530183e-01  -2.6281151e-01  -1.1497379e-01   6.8806796e-02  -3.0214407e-01   5.0892091e-02   1.9253155e-01   7.6702534e-02   1.1630395e-01  -1.7213565e-01  -3.9911531e-01   5.2696910e-02  -6.8693341e-02   6.5996538e-01   8.2894857e-02   1.9657319e-01   5.7783183e-01   5.3755759e-01   3.7551433e-01  -1.5307492e-01  -2.8540424e-01  -1.3492380e-01  -5.8250629e-02  -1.1980310e-01   1.9340817e-01  -5.5724486e-02   3.5025827e-01  -1.7282010e-01   1.4032768e-01   8.0941673e-04  -7.6396131e-02   8.7850414e-02   2.9909752e-01   1.8945655e-01  -3.8457608e-01   3.3125722e-02  -4.6348382e-01  -2.0614954e-01  -3.6818175e-01   3.5576790e-02  -2.5988736e-01   1.5572270e-01   3.0530459e-01  -1.7848784e-01   4.5362451e-01  -8.8770870e-03   3.7898261e-02   5.2452747e-01   1.6530483e-02   1.3332975e-01   6.4389490e-02   1.3081066e-01   3.6318754e-01  -5.1447428e-01  -3.7191196e-01  -8.0048684e-02  -1.9508027e-01   4.3463090e-01  -1.3922923e-01   4.2309366e-02  -1.4782249e-01   7.6903795e-02  -4.5390164e-01  -3.2500315e-01  -3.6549327e-02  -3.8689004e-02  -1.0572874e-01  -8.7688575e-02  -3.9167294e-01   3.9500692e-01   6.8165762e-02   2.6207056e-01  -2.9130292e-01  -6.5924795e-02  -2.5472617e-01   2.7922945e-01  -3.6937224e-02   4.6608487e-01  -1.4457513e-01   2.1190674e-01   1.3677363e-01  -8.3693968e-02  -7.5871374e-02   3.8291638e-03   3.7145597e-01  -3.9015347e-01   4.5908671e-01  -1.6051598e-02   2.6350125e-01   8.2791070e-02   2.5705489e-01  -2.3782053e-01  -3.4820054e-02   1.2900845e-01  -1.4407152e-01   1.0651588e-01   9.1340898e-04   5.8599853e-03  -1.3039652e-01  -1.4702532e-01  -5.0533307e-02   6.4188877e-01  -3.0436816e-01  -5.4938026e-01  -3.5638816e-01  -2.8147517e-01  -1.5192385e-01   5.3758593e-01   4.9703267e-01  -2.0855293e-01  -4.4974761e-02   6.3866838e-02   1.6484655e-01  -3.2359636e-01  -2.3001917e-01  -1.2690610e-02   1.0386796e-01  -2.5861524e-01   1.4533336e-01   2.7637137e-01   2.4791438e-01  -3.1760287e-01  -2.8013569e-01   1.3910502e-01   3.5866948e-01  -1.3174768e-01   2.4046912e-01   2.1057871e-01   5.7547713e-02  -1.5365178e-02   5.5603227e-02
   1.3633001e-01  -2.2324680e-01   1.1356675e-01  -3.4672832e-02  -1.3932259e-01   2.0548408e-01   5.2112819e-01   6.4864254e-02  -2.7388709e-01   0.0000000e+00  -2.0266342e-01   1.8392748e-01  -3.0280523e-03  -2.0168465e-01   1.9869586e-01  -9.6038412e-02  -1.3859389e-02   6.4662723e-02   1.6313688e-01   1.8666988e-01  -2.7303496e-02  -1.5522543e-02   2.8751538e-01   2.6082279e-01   2.2344721e-02   1.8754450e-01  -1.1278486e-01   2.2711471e-02  -3.4896507e-02  -2.2340291e-01  -1.4083381e-01  -4.2987138e-02  -2.0520271e-01   4.9772613e-01  -1.7127981e-02  -4.7807008e-02   2.3592875e-01  -1.5973123e-01  -2.8724802e-01   8.6696364e-02  -1.5028236e-01  -1.3142280e-01   4.0108489e-01   1.0314876e-01   3.5218481e-01  -9.9827398e-02  -2.3571879e-01   1.7299425e-01  -1.6243969e-01  -1.1369644e-01   1.4328821e-01   3.0644815e-02  -5.6098497e-02  -3.5155457e-01  -2.7605796e-01   8.0901684e-02   1.4934272e-01  -1.6294242e-01  -5.9222549e-02  -1.0908542e-01  -2.5947368e-01   5.9994228e-02  -2.6324881e-01  -3.2662791e-01  -2.9395177e-01   5.0303151e-01   1.0268657e-01  -5.3359592e-02  -1.0547520e-01   1.0576519e-01   1.3445371e-02  -1.1513993e-01  -9.3379999e-02   1.1905294e-01  -1.5663345e-03   3.7228251e-02  -6.1824306e-02  -1.1660862e-02  -1.3501656e-01  -2.7461137e-01   2.7301936e-01   9.8715304e-02   9.4265481e-02   2.1578325e-01  -1.1914261e-02  -6.6227605e-02  -1.1748366e-01  -1.3438540e-01  -1.5177714e-02   9.0627093e-02  -2.8823599e-01  -1.2480733e-01   2.2168201e-01   8.3684895e-02  -2.2428953e-01  -5.7838055e-02  -1.0560748e-01  -2.4076097e-02  -2.4350399e-01   3.5480614e-01   1.1927844e-01   1.0990164e-01  -1.3198807e-01  -3.2100533e-01  -5.2206673e-03  -1.5003669e-01  -2.0417083e-01  -8.8218822e-02   1.9390290e-01   7.6519832e-02   2.2309160e-01   1.5477687e-01  -2.1762636e-01   3.4072017e-02   1.0261218e-01  -2.4495021e-01   1.6745753e-01  -4.0544355e-02  -4.0342314e-02  -8.6143111e-02   2.3421504e-01  -1.3224054e-02   1.2988279e-01  -3.4658043e-01  -5.9162019e-02  -1.3044039e-01  -1.0565882e-01  -1.8135620e-01   7.5661734e-02   7.0323786e-02  -2.1205691e-01   1.1612288e-01  -2.9894294e-01  -1.4490510e-01   3.5606436e-03  -6.8536891e-02  -2.0423316e-01   1.3945589e-01  -6.7266008e-02  -4.7816589e-02   2.1008995e-01  -2.3465676e-01   7.0921151e-02   1.9246777e-01   3.2954188e-02  -9.6290228e-02   4.7819965e-01  -1.3953322e-01   5.7466843e-01   3.9326463e-02   6.7180249e-02   1.1689941e-02   4.4235078e-02  -5.3909379e-01  -2.9658425e-02   2.1781981e-01   1.1554683e-01   2.9845013e-02  -1.8360018e-01   5.5452940e-02   1.5225191e-01  -3.5057119e-02   2.3825815e-01  -8.8357960e-02  -8.2580183e-02   4.7951686e-02  -1.5836225e-01   2.6396929e-01  -3.9809734e-03  -8.4543945e-02  -1.4167563e-01   3.2063634e-02  -3.1604352e-01  -1.0247386e-01   7.5444357e-02  -1.5565949e-01  -1.4362506e-01
   2.1118313e-02  -2.2049256e-01  -7.3902916e-02   3.6057617e-01  -1.9186321e-01   2.7828694e-01  -3.0099197e-01   4.6199246e-01   9.6789141e-02  -2.0266342e-01   0.0000000e+00  -5.6593868e-01  -2.6173728e-01   3.3354434e-01   9.9387061e-02   3.1303493e-02  -1.0543702e-01   5.0112275e-01   3.4355820e-01  -2.8185223e-01   2.1989418e-01   3.7514524e-01  -9.9307690e-02   1.3761388e-01  -5.4903610e-02   3.7270780e-01  -6.8919591e-02   3.6862712e-01   1.4137085e-03   4.2767463e-01   2.9763283e-01   4.4419181e-01   1.3856044e-01  -5.8645610e-01   1.8006438e-01   2.4504772e-01  -1.5340274e-01  -2.2178382e-01   1.2837887e-02  -4.1351321e-01  -2.0050350e-01   7.7464184e-03  -4.8109706e-01   1.0202506e-01  -1.4318179e-01   1.1203289e-01   7.8828811e-01  -1.5886775e-01  -2.0261973e-01  -3.6339187e-01   5.3826596e-01   3.1419581e-01  -3.4544497e-01  -1.2940434e-01   2.1558900e-02   2.8238409e-01   3.2942865e-01   4.8215383e-01   4.2181181e-01   1.2254824e-01   1.0014952e-01  -3.0123404e-01  -3.0837676e-01   3.3227602e-01  -5.8319507e-02   2.5336835e-01   7.5626521e-02  -4.2288904e-02   5.8634140e-01   2.0013329e-01  -3.9807647e-01   6.2469880e-01  -6.2839239e-02   7.6939333e-02  -7.8644414e-02   8.6703944e-02   8.5814258e-02   2.5951295e-01  -4.1753571e-01  -1.9607092e-01   2.5228300e-01  -2.2536689e-01  -5.8232253e-03   7.7597744e-02  -2.8955416e-02   2.1047805e-01   1.5207819e-01  -1.8696135e-03  -3.0313393e-01   4.0393358e-02  -2.5237755e-01   1.4600609e-01  -5.5510847e-01   1.7085976e-01  -1.5557518e-01  -3.1857826e-01  -2.0552344e-01   2.1039171e-02  -9.2864333e-02  -1.3560115e-01   1.4968266e-01   3.6226930e-01   3.6081569e-01   3.2862243e-01   6.6951214e-01   3.2147330e-01  -1.7380935e-01   7.6432865e-02  -2.9988341e-01   1.3884159e-01  -4.4654491e-01   5.1298288e-01   3.0415462e-01   2.2730591e-02   9.6246215e-02  -2.0096952e-01   1.4384381e-01  -1.1192019e-01   2.1930777e-01   5.2074893e-01   2.2470294e-01  -4.8368694e-01  -4.1991520e-01   3.5530234e-01   5.3056523e-02   2.0892829e-01  -4.8456176e-02  -1.3673964e-01   1.1404536e-01   7.9439074e-02  -1.3039486e-01   1.2490687e-01  -2.6297202e-01   3.8642106e-02  -6.9395608e-02   2.6344577e-01  -1.7134425e-01   1.0519615e-01   4.1893916e-01   2.7384783e-02   9.8096195e-02  -2.7544571e-01   4.1655711e-01   3.5571954e-02  -2.7214893e-02   4.2993538e-01  -6.1003684e-01   3.3392143e-01   3.1814815e-01  -2.1870477e-02   1.8370385e-01   2.1524465e-01   2.8885577e-01   3.8639459e-01  -3.8418539e-01   1.2307290e-02   2.1703778e-01   1.5968447e-01  -1.3810344e-01   4.6014314e-01   4.4532799e-02   5.4453014e-01  -2.3182684e-01   5.5719304e-01   3.5271754e-01  -6.1205236e-01   3.4899356e-01   1.9206227e-01   1.4720990e-01  -2.1572808e-01  -5.0114710e-01  -4.6069150e-02   4.3481388e-01  -1.2765857e-01   6.2207222e-02  -1.7190270e-01   2.1705045e-01
  -8.8183664e-02   6.7136978e-01  -6.7016173e-02  -3.1113878e-01   3.7128705e-01  -3.9613633e-01   2.5777294e-01  -2.1164106e-01   2.8459591e-01   1.8392748e-01  -5.6593868e-01   0.0000000e+00   2.4279575e-01  -4.3211294e-01  -3.1200997e-01   1.3338430e-01  -8.2027452e-03  -6.4295353e-01  -2.8440442e-01   3.8527446e-01  -5.5605944e-01  -3.6256476e-01  -2.5055362e-01  -1.7919398e-01   1.5238134e-01  -3.4740027e-01   2.8398550e-01  -4.2956722e-01   2.5504381e-01  -2.2260210e-01  -3.3757812e-01  -2.4480188e-01   9.8583727e-03   6.4386727e-01   2.1185474e-02  -1.4797224e-01  -1.7219196e-01   1.3333217e-01   1.6779129e-01   3.8932311e-01   2.9643188e-01   6.5159428e-02   6.1802541e-01  -1.9628860e-01  -2.6607035e-02  -1.4537848e-01  -4.9308493e-01   6.7255605e-02  -1.4214455e-01   2.5367878e-01  -5.7815147e-01  -7.5666900e-02   5.1287698e-01  -3.8783169e-03  -2.0761523e-01  -1.4946750e-01  -3.9593211e-01  -2.2298110e-01  -1.6704371e-01   3.6261695e-01  -4.4921810e-02   2.6991189e-01   5.4953762e-01   1.0455725e-02   1.6408820e-01  -2.4405523e-01  -2.7588836e-01  -1.9740882e-01  -4.1927463e-01  -4.1726467e-01   4.8368361e-01  -5.1048630e-01   3.2962408e-01  -7.3379220e-02   3.1079374e-01  -1.0478887e-01  -5.1930748e-02  -1.4212974e-01   5.8954841e-01   2.9230936e-01  -4.7817162e-01   2.9310825e-01  -3.0698823e-01  -1.1545687e-01  -2.8436096e-01  -2.0819095e-01  -5.0027550e-01  -6.2769471e-02   3.5206456e-01  -1.5344752e-01   5.5035642e-01  -1.5548570e-01   6.2457778e-01   3.0235755e-01   1.3739910e-01   3.5569880e-01   1.4431492e-01   2.8672195e-02   1.3108600e-01  -1.6575229e-01  -5.8166899e-01  -1.4792221e-01  -4.4983267e-01  -2.4892699e-01  -5.8179000e-01  -2.1930236e-01  -1.3514046e-01  -4.2939634e-02  -1.6904178e-02  -3.5511524e-01   3.8667438e-01  -3.2514557e-01  -3.7384341e-01  -1.1263545e-01  -4.9712749e-01   5.0506346e-01   6.0431142e-02   3.5133310e-01  -5.2824053e-01  -3.7569582e-01  -2.6537608e-01   6.7567551e-01   4.7704323e-01  -1.8011274e-01  -1.3815353e-01  -6.8833579e-02   4.1527010e-02   1.6135177e-02  -1.4007257e-02  -2.7713912e-01   2.8963605e-01  -3.1730220e-01   2.8354001e-01  -3.2229546e-01   4.3659706e-01  -2.6289114e-01   3.2227439e-01  -5.1755440e-01  -2.8907110e-01   1.2535187e-01  -2.2701983e-01   1.6160485e-01  -9.9479369e-02  -1.9856402e-01  -5.3089503e-02  -4.2680795e-01   5.8610022e-01   8.4199153e-02  -3.2512124e-01  -2.8490977e-01  -3.1555192e-01  -4.0045330e-01  -3.9178925e-01   5.0176944e-02   5.7867753e-01   4.0991426e-02  -1.4833289e-01   2.1234969e-01   1.5883042e-01  -5.0781604e-01  -2.0694801e-01  -1.4895899e-01   2.2295128e-01  -6.3142310e-01  -5.9474593e-02   7.9752402e-01   6.4884851e-03  -3.1991643e-01  -4.1239539e-01   4.6355078e-01   7.3172082e-01  -4.8978391e-02  -3.8628547e-01   1.9979860e-01   1.6408625e-01   2.7135199e-02  -3.9445646e-02
  -1.9909221e-01   1.2038095e-01   1.4712912e-01  -1.9866053e-01   3.6065454e-01  -1.1944391e-01  -2.0656195e-01  -1.5218355e-01   1.9083897e-01  -3.0280523e-03  -2.6173728e-01   2.4279575e-01   0.0000000e+00  -6.9418556e-02  -1.1201757e-01   1.1287683e-01   2.6440165e-01  -2.4076690e-01  -8.2858188e-02   4.0346690e-01  -2.3613002e-01  -1.9107272e-01  -1.1030360e-01  -1.1216012e-01   1.4277998e-01  -1.4681454e-01   1.3243157e-01  -2.4803288e-01   1.2292412e-02  -2.1973604e-01  -2.1143613e-01   1.0849162e-01   1.6838618e-01  -1.0323723e-03  -3.6721352e-03   1.8730979e-01  -2.0360152e-01   1.6381913e-02   3.0455035e-01   4.1205167e-01   7.0931336e-01   3.8297038e-01   4.9817849e-03  -6.1058831e-02   1.7949951e-02  -2.5567018e-01   8.8044078e-02  -3.0229982e-01   2.1221957e-01   2.8541436e-01  -1.9388385e-01  -1.0017602e-01   5.6888806e-02   3.3946478e-01   1.4473834e-01  -1.9148104e-01  -2.3408822e-01  -7.1235646e-02  -2.4508113e-03   1.7130651e-01  -5.4209500e-02   3.2968342e-01   3.9839549e-01  -9.4028705e-02  -2.6217834e-02  -2.3160632e-01   8.3547565e-02  -1.5873247e-01  -1.0867375e-01  -2.6787685e-01   2.3071263e-01  -2.6324803e-01   3.4886468e-01  -8.5640578e-02   2.4028308e-01  -7.3459073e-02  -1.7923311e-01  -1.2288023e-01   3.8454911e-01   4.8957803e-01  -2.5489054e-01   3.8254884e-01  -1.8146655e-01   2.0235381e-01  -1.7561942e-01  -2.3342926e-02  -1.4292394e-01   2.2233827e-01   1.5985449e-01  -2.2456685e-01   3.5027425e-01   4.4641008e-02   3.8065875e-01   2.2479168e-01   1.1813515e-01   3.8335115e-01   4.6056909e-01  -1.2860909e-01   2.4091671e-01  -1.8269793e-01  -1.8042976e-01  -2.7737999e-01  -2.3416647e-01  -1.2617221e-01  -2.1856942e-01   1.8127923e-01   6.7598809e-02  -4.2493212e-02   1.1891514e-01  -1.5745887e-01   2.8236029e-01  -2.5059211e-01  -2.1409683e-01  -1.7633769e-01  -2.4412750e-01   2.0910526e-01  -1.5692220e-01   6.3396069e-01  -2.1384448e-01  -1.6916688e-01  -4.0129170e-01   4.8097918e-01   2.9702224e-01  -1.8242136e-04  -2.4447767e-01   1.5664380e-01   3.4248944e-02   3.7710714e-01   5.0022689e-02  -1.3699695e-01   5.8599416e-01  -1.7113740e-01   1.8061730e-01   4.0900963e-02   2.2951247e-01  -9.7719751e-02   5.2748187e-01  -1.4254048e-01  -2.6944720e-01   5.5172359e-02  -2.4981018e-02   4.6950157e-01  -1.9810527e-01   1.8322232e-02  -1.7437265e-02  -2.5387860e-01   2.0963733e-01   5.6306093e-03  -2.0171434e-01  -1.9997713e-01  -3.2956947e-01  -2.4173009e-01  -1.2434376e-01   3.2451460e-02   3.6781786e-01  -1.4666059e-01  -2.3001164e-01   2.3490598e-01   2.2921912e-01  -3.0804248e-01  -3.0472515e-01  -2.1834483e-01   4.0328527e-02  -3.3145482e-01   8.3474536e-02   2.5190874e-01  -1.0138784e-01  -1.9150377e-01  -1.9333145e-01   1.4431034e-01   3.3683380e-01  -9.0764359e-02  -2.1141835e-01   2.7852629e-01   8.8983642e-02   4.9163408e-02   1.6033718e-01
   1.8304298e-01  -3.0916822e-01  -1.2063513e-01   4.8941830e-01  -3.3009361e-01   6.7920815e-02  -2.5031542e-01   8.1365370e-02  -5.1257575e-02  -2.0168465e-01   3.3354434e-01  -4.3211294e-01  -6.9418556e-02   0.0000000e+00   3.9808153e-01   1.9215090e-01  -1.2163458e-01   1.6012810e-01  -2.9771205e-02  -3.8139860e-01   2.2507182e-01   5.4629770e-01   1.2346772e-01   3.5483056e-01   1.9041150e-01   2.6034982e-01  -1.8071437e-01   6.2174860e-01  -1.0794642e-03   1.7538344e-01   4.9523175e-01   3.1253360e-01   4.9719425e-02  -2.6313188e-01   2.9481818e-01  -8.3374472e-02  -3.5314662e-02   4.6890099e-02   1.0390226e-01  -4.0520558e-01   6.0809336e-02  -6.2062327e-02  -4.0633812e-01   5.5450955e-02  -3.5524113e-02   1.6383057e-01   3.1595231e-01  -2.3591583e-01  -1.3917714e-01  -3.8028616e-01   3.2595399e-01   2.7421658e-01  -3.1925806e-01  -1.5028073e-01   1.1344188e-01   1.3108151e-01   1.9935965e-01   4.7939472e-01   3.2190056e-01   3.9678795e-02   2.0590342e-01  -9.1164540e-02  -2.7916663e-01   1.7579644e-01  -1.6608497e-01   2.1071168e-01  -6.4090520e-02   7.6264140e-02   2.1318471e-01   1.7943234e-01  -4.9676641e-01   4.7852390e-01  -9.2636133e-02   1.5475707e-01  -2.1820247e-01   1.2075119e-01   2.0150043e-01  -1.2017032e-01  -4.0753364e-01  -1.1988307e-01   4.2169205e-01  -4.6203575e-02   2.2782274e-02   1.8975590e-01   6.7223991e-02   1.8057181e-01   2.8393247e-01   4.1304969e-01  -2.9564617e-01   9.7634118e-02  -3.4314019e-01   6.7097430e-02  -4.2686577e-01  -1.2451925e-01   9.6363257e-02  -5.1565715e-01  -3.3439894e-02  -3.1422237e-01  -1.4148844e-01  -1.9551321e-02   3.4619766e-01   2.7091875e-01   6.6177690e-01   2.8121565e-01   3.2586298e-01   2.0257103e-01  -1.9632286e-01  -1.6749939e-01  -1.9932046e-01   4.3509960e-02  -2.7044615e-01   4.0437347e-01   2.4613180e-01   7.2992513e-02   3.8149576e-01  -2.8148628e-01  -2.7656582e-01  -4.2659874e-02   5.0554891e-01   5.1996072e-01   2.7338756e-01  -4.6454105e-01  -3.5322845e-01   1.5334029e-01   7.8181327e-02   4.0533108e-01   2.1872925e-01  -9.7196119e-02   2.5097912e-01   2.7409797e-02  -9.0465990e-02   4.3095016e-02  -3.4087888e-01   1.2629073e-03  -1.3779346e-01   7.2282055e-02  -1.9839646e-01   2.3090524e-01   4.0811562e-01   1.6871247e-01   4.1940127e-01  -2.3754419e-01  -7.6762055e-02   8.8763056e-02   3.3151037e-01   4.1160459e-01  -5.1610626e-01   4.9482108e-02   2.0047191e-01   2.8391626e-02   2.8974369e-01   5.1116918e-01   4.1961435e-01   1.0581368e-01  -3.5014958e-01   1.4086986e-01   2.5094650e-01   9.7621109e-02  -1.3670969e-01   5.6303717e-01   1.2581177e-01   1.1137382e-02  -3.8218686e-01   5.1278978e-01   2.0410681e-01  -2.8707698e-01   2.9108416e-01   1.5722154e-01   5.1379148e-01  -3.7305818e-01  -2.8676717e-01   4.8349950e-02   1.8327087e-01  -1.6142793e-01   1.9048873e-01  -2.6856372e-01   1.0540661e-01
