   0.0000000e+00  -3.4431496e-01  -1.4766626e-01   1.1968730e-01  -2.4904816e-01   1.7403622e-01   2.5471725e-01   1.0767563e-01   2.9596762e-02  -6.6512208e-03   1.8812560e-01  -1.7035168e-01  -2.0089987e-01  -7.6756715e-02   2.5707466e-01   1.2317035e-01  -1.9983647e-01   1.5796887e-04  -1.2181084e-01  -2.5637474e-01  -3.9749901e-01   1.0095504e-01   6.3231045e-02   2.4567667e-02  -5.5954776e-02   1.0716615e-01  -9.5137616e-02   3.3869970e-01   1.8057850e-01   2.3281829e-02  -3.5331440e-01   2.7272175e-01  -6.6266425e-02   9.2846501e-02  -3.4038531e-01  -2.3595885e-01  -3.2165891e-01   6.0396849e-01  -6.1845215e-02  -3.5219428e-01  -1.5526128e-01   1.0215960e-01  -2.3684524e-01   8.4492268e-02  -6.3006301e-02   5.2626174e-01   1.0655423e-01  -2.1988983e-01  -2.3061794e-01  -2.7558318e-01   3.2291855e-01   1.7536259e-01  -2.8463554e-01  -1.9626085e-01  -1.0233779e-01   2.8445019e-01   7.2311066e-02   2.5278094e-01   9.7778889e-03  -1.3396324e-01   3.1453089e-01  -2.2624237e-01  -1.3129519e-01  -1.1501327e-01  -3.6351174e-01  -4.9199305e-02  -5.6492752e-02  -3.1410811e-01   8.7097575e-02   2.7969912e-01  -4.0241310e-01   2.1804780e-01  -2.1972618e-01  -1.5151469e-01  -2.3212225e-01   6.3506253e-02   5.7693805e-01  -9.7645684e-02  -2.2008442e-01  -6.1591341e-02   1.6674158e-01  -1.6386062e-01  -3.5096938e-01   5.3937589e-02   2.4031434e-01   1.5282930e-01  -5.0830642e-01  -2.9451186e-02  -2.3340602e-01   7.1937634e-01  -2.9869464e-01   3.0321326e-02   4.0951999e-02   3.6721560e-02   5.8908835e-01  -2.1361615e-01  -6.4501967e-02   6.2321447e-02  -1.2913031e-01   4.9936810e-02   1.3942980e-01   1.4717923e-01   9.5085561e-02  -3.5065571e-01   3.1852510e-01   3.2908128e-01  -1.8603695e-03   2.0336613e-02  -1.7093344e-01  -1.5334768e-01  -1.1536732e-01   2.5505477e-01   1.1983064e-01   7.1074154e-01   1.5730073e-01  -3.3544347e-01   2.3775108e-02  -2.9859834e-01   1.3564904e-01   1.8150157e-01   6.4400269e-01  -1.7509549e-01  -2.1213358e-01  -2.9657922e-01   6.7301331e-01  -3.0390184e-01  -1.2730470e-01  -3.1072864e-01   2.9866353e-01  -2.4338587e-02  -2.2129376e-01  -2.3807762e-01  -2.4734405e-01  -3.4450254e-01  -1.9051223e-01   1.5431658e-01   3.1118451e-02  -2.7342524e-01   1.5967312e-01   5.4376938e-01   7.1500986e-01  -8.8083131e-02   1.5726776e-01   3.2344067e-02  -3.6863624e-02  -1.4443611e-01  -1.3746937e-01  -3.2142135e-01   3.9745519e-01  -4.3914124e-01   4.0347974e-01   1.3840043e-02   5.6784513e-01  -2.2107865e-01  -3.1046105e-01   5.8787320e-01   6.5414427e-01  -1.1873754e-01  -9.4255379e-02   1.7533268e-01  -1.3957035e-02   2.1941170e-01  -4.3756998e-01   1.2858395e-01   7.8159765e-02  -7.2575287e-02  -3.4867464e-02   2.5837180e-01   5.2989673e-01  -4.1975911e-01   8.4145576e-02   5.6696448e-01   5.5901666e-02  -6.6547292e-02  -7.1369462e-02   2.6711561e-01   3.9307226e-02
  -3.4431496e-01   0.0000000e+00   5.2906223e-01  -4.3881818e-01   6.2307898e-01  -5.5407716e-01  -6.0576400e-01   1.0098758e-01   1.3364998e-01  -8.5202988e-02  -4.1221924e-01   2.6056860e-01   1.0265260e-02  -2.7041829e-01  -7.1974325e-01  -6.2221336e-02   6.9628839e-01  -3.7121683e-01  -2.3672736e-01   3.9526514e-01  -1.7877189e-02  -4.8822197e-01  -3.0226504e-01   1.4292690e-01  -1.7632534e-01   1.7046258e-01   5.5240874e-02  -5.9038815e-01  -4.4426919e-02  -5.8030796e-01   2.0027269e-01  -4.0435140e-01   2.3331948e-01   3.0180973e-02   6.1211874e-01   3.2642841e-01   3.8500123e-01  -3.3815623e-01   1.9855442e-01   8.7069114e-01   1.7709112e-01  -2.8408609e-02   3.1111703e-01  -1.9625141e-01  -9.4520816e-02  -5.5610029e-02  -5.4515565e-01   2.0986899e-01  -1.3897588e-01   7.4047478e-01  -6.0654616e-01  -6.5366854e-02   7.5692395e-01   3.6544873e-01  -2.1409875e-01  -5.0950085e-01  -7.4099059e-02  -1.8087596e-01  -1.9027471e-01  -9.7015875e-02   9.6602265e-02   2.6427638e-01   2.9649635e-01   4.2636059e-01   5.3982110e-01  -8.7641439e-02  -1.6564043e-01   3.4448285e-01  -2.9499690e-01  -4.7781856e-01   8.2035089e-01  -5.5979854e-01   2.6956852e-01   1.3048195e-01   1.9747878e-01  -2.0434189e-02  -3.4904016e-01   4.3004820e-04   6.6375224e-01   5.0914606e-02  -6.0564623e-01   1.8127816e-01   4.1249208e-01  -2.4554511e-01  -4.1200359e-02  -4.3594207e-02   7.2581772e-01  -1.2132235e-01   6.2002085e-01  -3.0378423e-01   7.7629084e-01   2.0795250e-01  -4.0977392e-02  -2.5947774e-01  -4.8461812e-01   6.6949745e-01  -2.4419330e-02   1.3595379e-01   2.3248601e-01  -1.7507124e-01   8.5975735e-03  -5.4285614e-01  -6.3315737e-01   7.2225435e-01  -5.5876946e-01  -1.1306928e-01   1.0855951e-01  -1.9380928e-02   1.1173631e-01  -1.5485457e-01   4.2209168e-01  -5.9183017e-01  -5.4482115e-01  -4.1308053e-01  -3.2399698e-01   7.1461921e-01   1.3926184e-01   2.3396307e-01  -2.8709515e-01  -6.1088601e-01  -2.1214666e-01   5.0388850e-01   3.7896853e-01   7.1093379e-01  -2.9875877e-01   1.2159323e-01  -7.3186261e-02   3.8131312e-01  -3.2071188e-01   4.7091542e-01   2.7173344e-01   1.8648492e-01   3.8402241e-01   4.0307171e-01   1.9174735e-01  -1.3809855e-01  -1.0229726e-01   2.6100518e-01   7.8125004e-03  -1.2733294e-01  -2.0248483e-01   8.6817688e-02  -2.3362046e-01  -4.0044364e-01  -2.7970689e-01  -1.7227911e-01   2.9659028e-01   2.1212292e-01  -7.4427220e-01   3.4927707e-01  -5.0396438e-01  -1.8702039e-01  -2.9274133e-01   4.6095405e-01   8.0449984e-01  -1.4945693e-01  -4.1892813e-01  -5.5103683e-02   4.8906726e-01  -5.6724893e-01  -1.9368610e-01  -3.1341716e-01   5.0946480e-01  -4.1638685e-01   1.8612880e-01   3.2405334e-01  -9.1037008e-02  -3.3695020e-01  -4.7899892e-01   6.7509365e-01  -1.0219937e-01  -3.8330247e-01  -2.6402590e-01  -9.0804389e-02   1.5721640e-01  -2.0014622e-01  -8.5789225e-02
  -1.4766626e-01   5.2906223e-01   0.0000000e+00  -1.4988469e-01   1.3589166e-01  -1.4439967e-01  -3.6192347e-01   3.5662010e-03  -2.0363819e-02   6.9097423e-03  -3.3228514e-01   4.8571058e-01  -8.0958470e-02  -7.0533191e-02  -2.3178189e-01  -2.9064584e-02   7.9606720e-01  -9.9873130e-02  -1.2051246e-02   3.7838897e-01  -1.4730128e-01  -2.3647085e-01  -2.0534639e-01  -9.6979266e-02  -2.0047716e-01  -9.5868206e-02   1.2836293e-01  -2.6762017e-01  -1.4216296e-01  -1.7819867e-01   4.3793272e-02  -1.9726112e-01   1.9891198e-01  -2.4250605e-02   5.1891753e-01   7.0347252e-02  -2.4895120e-02  -5.7125779e-02   6.7418702e-02   5.6716595e-01   9.5280298e-02   2.3809381e-01   3.6930701e-01  -2.6456010e-01   1.2534170e-01   1.5666669e-01  -3.0338289e-01   1.2532152e-01  -2.0528730e-01   6.4319836e-01  -2.4005710e-01  -1.7617507e-01   2.7735108e-01   5.2838059e-01  -1.2632714e-02  -1.8459796e-01   1.1645840e-01  -2.2940388e-01   4.8917224e-02   2.2755739e-01   4.2291437e-01   4.5781503e-01   2.0053678e-01   1.3054041e-01   8.3339109e-02   1.7095430e-01   1.4752081e-01   1.8372585e-01  -2.1471599e-01   1.3425371e-01   3.9913539e-01  -2.4744463e-01   1.5912061e-01   5.4387486e-01   1.4771349e-01  -7.2388174e-02  -1.1977008e-02  -1.1143538e-01   3.5579502e-01  -9.6825466e-02  -2.8883922e-01   2.0220847e-01   2.2677531e-01  -1.8343261e-01   1.6915606e-01  -7.0239385e-02   3.0891905e-01  -3.2450893e-02   3.7380754e-01  -1.0691655e-01   2.0794367e-01   5.8470482e-01   2.9917284e-01   3.2788656e-03  -1.2667589e-01   4.0204386e-01   6.6940830e-03  -5.9465097e-02   4.2750540e-02  -1.3342313e-01  -1.4258485e-02  -6.6294599e-02  -3.2954396e-01   4.8555796e-01  -3.0307463e-01  -1.1559550e-01   3.1538421e-01  -2.3899926e-01   9.7228082e-02  -2.3111193e-01   3.1241788e-01  -3.4456735e-01  -2.9126777e-01  -6.6189884e-02  -2.6840899e-01   5.6911855e-02   3.0953318e-02   2.1928375e-01   4.9592778e-02  -2.3612549e-01  -6.9353280e-02   1.0581482e-01   5.3664065e-01   1.2336986e-01  -1.1539559e-01   3.3691375e-01   2.8325399e-01   1.7831986e-01  -2.2550188e-01   5.3959025e-01   9.5186324e-02  -3.2544093e-02   4.6208628e-01   8.3556967e-02   2.3143630e-01  -1.4218535e-01  -1.2471721e-01   1.8204088e-01  -1.2052254e-02  -2.0556412e-01  -3.8512573e-02  -3.0740352e-03  -2.1023409e-01   1.3560479e-01   1.8280560e-01  -7.8134958e-02   1.6891787e-01  -4.8202423e-02  -3.4035805e-01  -3.8229009e-02  -2.0477668e-01  -9.6140929e-02  -1.4634076e-01   3.3603480e-02   7.3815701e-01  -1.4066518e-01  -7.8740677e-02   1.3883677e-01   4.5997505e-01  -3.2700333e-01  -1.3958245e-01  -1.9362640e-01   1.8084324e-01  -1.7393116e-01  -3.9370734e-02   1.5104025e-01   1.2226165e-01  -1.2369047e-01  -8.5225807e-02   3.1390965e-01  -1.3155204e-01  -1.5993313e-01  -2.1192153e-01   3.6454919e-01   1.0639746e-01  -2.9890306e-01  -6.6981413e-02
   1.1968730e-01  -4.3881818e-01  -1.4988469e-01   0.0000000e+00  -4.8674393e-01   6.4913135e-01   3.9317876e-01   2.5518187e-01  -7.0749931e-02  -2.7831207e-01   3.7673711e-01  -7.8736316e-02  -3.9304293e-01   3.5965301e-01   4.1325557e-01  -1.1145456e-01  -3.1444765e-01   5.6564927e-01   3.0481701e-02  -2.8606102e-01  -4.9848510e-03   6.7588332e-01   1.9795131e-01   1.8838556e-01  -1.2800917e-01   1.8531815e-01   1.8837861e-01   3.8428849e-01  -1.7167342e-01   6.5233084e-01  -4.9925118e-02   6.3039929e-01  -3.8125637e-03  -1.3610903e-01  -3.9844022e-02  -2.6685287e-01  -4.5702991e-01   3.6126695e-01  -1.6543341e-01  -3.9228373e-01  -2.3282013e-01   2.2754718e-01   5.6676634e-02   4.1681007e-01   3.7512857e-01  -1.2431567e-02   4.4686381e-01  -4.4686943e-02   1.2307366e-01  -3.6766680e-01   7.2358657e-01   4.1078408e-01  -4.2539565e-01   1.5955097e-01   1.7034274e-01   6.1399571e-01   3.2461496e-01   3.3802766e-01   5.4569777e-01   4.4865923e-01   1.1094223e-01  -1.3520586e-01  -2.9775536e-01   1.0377402e-03   9.7250310e-02   6.2431852e-03   4.9025709e-01   2.2024478e-01   4.0864661e-01   2.2679057e-01  -5.0253127e-01   7.0201120e-01  -3.8481060e-01   1.6095898e-01   1.2546312e-01   4.8065387e-02   2.8434640e-01   1.8864105e-02  -3.8464460e-01  -3.1987414e-01   6.5357570e-01  -2.2375747e-01  -1.7776398e-01   4.3253191e-01   2.8601649e-01  -7.2509860e-02  -5.1655567e-01   5.6594313e-01  -2.2716507e-01   4.1299147e-01  -5.0881694e-01  -8.4996921e-02  -1.3144481e-01   1.8579515e-01   2.1061004e-01  -4.8869735e-01   2.7357330e-01   1.5946431e-01  -6.1664081e-02   1.1169141e-01  -2.9810006e-02   5.3808040e-01   5.6932894e-01  -1.8611823e-02   7.0728472e-01   5.1874394e-01   2.2144377e-01   2.0325130e-01   2.5788337e-01  -1.4859660e-01  -4.3813214e-01   6.8637900e-01   4.7231229e-01   3.0928742e-01  -2.5672612e-02  -5.2447493e-01   5.4883218e-02  -2.3276247e-01   2.3400956e-01   7.1703271e-01   1.1455137e-01  -5.7210086e-01  -2.2066601e-01  -2.5368676e-01   1.6819748e-01   1.6936682e-01   4.9056550e-01  -7.3269844e-02   3.9736746e-01  -3.8307167e-01  -4.7966108e-01  -1.4340265e-01   7.4257176e-02  -2.3922307e-01   4.7014530e-01   8.6070038e-02  -4.7492942e-01   4.2912989e-03   4.7190378e-02   6.9772992e-02   1.3568663e-01  -3.6062913e-01   3.0981730e-01   3.7156275e-01   3.7322019e-01   5.0934767e-01  -4.6155586e-01  -2.0344966e-01   4.9125046e-01  -9.4725915e-02   5.0170050e-01   3.4298515e-01   1.7179736e-01  -7.6876661e-03  -2.5844805e-01   8.1103086e-02   4.4125553e-02   4.6083384e-01  -3.5201259e-01   7.1318589e-01  -1.0047843e-02   4.3142876e-01  -2.5895603e-01   7.3101140e-01   6.5242683e-02  -3.3528459e-01   5.9409100e-02   4.2094824e-01   1.1481677e-01  -4.5989957e-01  -1.0141638e-01   2.2522811e-01   3.8702197e-01   5.0222215e-01   3.7757221e-01  -1.4961601e-01   5.4252553e-01
  -2.4904816e-01   6.2307898e-01   1.3589166e-01  -4.8674393e-01   0.0000000e+00  -5.5237992e-01  -5.8577763e-01  -1.1089083e-01   2.5755412e-01   4.5163595e-02  -1.2980110e-01   3.5903451e-02   2.9004111e-01  -4.2148703e-01  -7.1621406e-01   3.9136477e-02   3.4280039e-01  -1.7588895e-01  -2.3628802e-01   6.4947804e-01  -1.4613787e-01  -4.4759054e-01  -4.8053928e-01  -2.1338746e-02   1.1427327e-01   1.0109810e-01   6.4824917e-02  -5.7955123e-01   1.2650213e-01  -6.1829596e-01   6.4866010e-02  -3.5239569e-01   2.4332178e-02  -1.8285912e-01   2.8047572e-01   5.8938871e-01   3.3836926e-01  -2.6991231e-01   2.6969210e-01   6.0602759e-01   3.6671435e-01   4.9823259e-02   2.2897565e-01  -2.6282304e-01   7.3213991e-02  -2.0243158e-01  -1.2958815e-01  -3.4364967e-02   2.0242792e-01   5.2584499e-01  -4.5311147e-01  -3.9611181e-02   4.7717019e-01   4.0327684e-02  -7.4775640e-02  -5.4168384e-01  -2.3690607e-01  -1.8633152e-01  -1.0509647e-01  -3.3268070e-01  -1.7288004e-01   3.3508693e-01   3.9254128e-01   2.6293571e-01   3.3612631e-01  -8.0328994e-02  -3.4004980e-01   2.4327730e-01  -2.3649122e-01  -5.3545574e-01   4.5576876e-01  -4.4303532e-01   3.9040238e-01  -6.1258785e-02   6.5238580e-02  -5.7739446e-02  -3.5758667e-01  -3.9993032e-02   7.3046897e-01   3.5448455e-01  -6.6678346e-01   2.3822196e-01   7.8818142e-02  -2.7591361e-01  -1.6582897e-01  -2.1774459e-02   5.2202057e-01  -4.1945790e-01   5.0360246e-01  -1.9159042e-01   8.3660036e-01   9.7780796e-02  -2.5187306e-02  -9.9740563e-02  -3.5037634e-01   5.9439616e-01   1.2815314e-01  -5.3041299e-02   6.1054096e-01  -3.5463410e-01  -1.5551992e-01  -4.4211070e-01  -7.3336042e-01   2.9883129e-01  -4.9315415e-01  -2.1735286e-01   4.9357397e-02   4.6479551e-03  -2.5210266e-01   1.1123984e-02   1.3891768e-01  -4.9027134e-01  -4.3510677e-01  -2.9134472e-01  -4.6180930e-01   7.9725339e-01  -3.7697297e-02   3.6919872e-01  -3.9905996e-01  -4.9367564e-01  -1.7920428e-01   6.8316727e-01   3.0584005e-01   6.4638396e-01  -1.4703264e-01  -1.8754458e-01  -1.7897427e-01   3.5038346e-01  -2.3561986e-01   8.4129589e-02   3.8718740e-01   1.5474985e-01   1.1085867e-01   2.0059331e-01  -4.8016786e-02  -1.6351737e-01   2.0837588e-01  -7.3341346e-02  -5.0243351e-02  -1.0064680e-01  -2.5589588e-01   2.5635513e-01  -1.5871924e-01  -4.3778195e-01  -4.4368759e-01  -2.4220975e-01   7.3643397e-02   4.0965143e-01  -4.5646195e-01   1.3202501e-01  -5.8724421e-01  -4.7105925e-01  -7.4524384e-02   4.6344520e-01   4.1169383e-01  -9.5736106e-03  -3.1601487e-01  -8.7685524e-02   3.6592244e-01  -5.2145061e-01   3.4421459e-02  -2.3099081e-01   3.3690523e-01  -4.2389524e-01   2.4472638e-01   5.4394431e-01   1.2100855e-02  -3.6549433e-01  -2.9329798e-01   5.4437301e-01   9.2424598e-02  -3.4895361e-01  -4.3571257e-02  -3.5476453e-01  -6.0336069e-02   1.0711358e-01  -1.0355466e-01
   1.7403622e-01  -5.5407716e-01  -1.4439967e-01   6.4913135e-01  -5.5237992e-01   0.0000000e+00   6.9384858e-01   1.6556307e-01  -2.3969483e-01  -2.2542089e-02   1.5741124e-01   1.5949226e-01  -2.2961087e-01   4.5069818e-01   6.3421135e-01  -4.2489057e-02  -3.7707812e-01   4.2146380e-01   3.6915423e-01  -1.7775493e-01  -6.4083144e-02   6.0888186e-01   2.3851354e-01   1.2375916e-01  -9.6947199e-02   1.2851534e-01   2.4748596e-01   5.3080890e-01  -7.9699965e-02   8.6727701e-01  -3.0011025e-01   3.8820972e-01  -1.3274374e-01  -8.9914136e-03  -2.0947443e-01  -3.1015950e-01  -3.9341344e-01   2.8490470e-01  -3.2576893e-01  -5.5295715e-01  -1.7053582e-01   1.5613088e-01  -2.6472226e-02   2.0196899e-01   4.2112464e-01   2.6121988e-02   4.4227316e-01   2.4469764e-01   6.0915441e-02  -5.8389892e-01   6.0848455e-01   3.7435883e-01  -4.9277801e-01  -2.2537216e-02   2.6630097e-01   5.7169902e-01   4.6771662e-01   1.4101531e-01   3.1441763e-01   4.9755280e-01   2.8787856e-02  -1.1025910e-01  -3.8667630e-01  -2.1866597e-01  -2.3667226e-01   4.2380484e-01   7.5584868e-01   2.3208177e-02   3.6596005e-01   3.3890783e-01  -6.2793666e-01   5.7345951e-01  -4.2397135e-01   1.7452121e-01   6.2456460e-02   6.4430431e-02   2.8508604e-01  -3.0856813e-02  -4.5818553e-01  -4.2062039e-01   6.7754757e-01  -1.3611823e-01  -2.4621576e-01   3.4069045e-01   2.1838979e-01   5.4640741e-02  -6.4661435e-01   4.7009983e-01  -4.3682367e-01   3.0678294e-01  -6.6897453e-01  -1.3118696e-01   2.3314140e-01   1.3061150e-01   2.4560772e-01  -6.3825559e-01   1.2216955e-01   1.3245211e-01  -2.4723211e-01   2.7001741e-01  -1.2918695e-01   7.3058552e-01   7.0692935e-01  -3.0051618e-01   6.2133533e-01   2.4484914e-01   1.9996583e-01   9.6953690e-02   1.8262276e-01   7.0891926e-03  -2.4273828e-01   7.3024817e-01   4.7654787e-01   1.4206625e-01   4.7353250e-02  -6.1004795e-01   8.0959262e-02  -2.3253015e-01   1.2788056e-01   5.7178518e-01   7.8854296e-02  -6.3403822e-01  -2.7454099e-01  -4.4437250e-01   2.0376749e-01   3.3824091e-01   4.4614977e-01  -2.6233437e-01   1.5528487e-01  -4.4626948e-01  -4.2458197e-01  -6.2424591e-02  -1.9628287e-01  -4.0756791e-01   8.1668455e-02   1.4300469e-01  -4.0811660e-01  -2.8283568e-01   1.6051040e-01  -9.2868536e-02   8.4839814e-02  -1.8468036e-01   3.1488890e-01   5.4850225e-01   5.7902790e-01   2.7247520e-01  -2.6229840e-01  -1.3477330e-01   7.0241729e-01  -3.7332379e-01   4.2258541e-01   3.1364620e-01   1.8660478e-01  -3.1223637e-01  -1.9167291e-01   6.4891076e-02   1.7739869e-01   2.6439682e-01  -5.1359376e-01   7.8113278e-01   1.7301124e-01   3.3902776e-01  -3.1010211e-01   4.9229256e-01  -2.3012421e-01  -2.0321707e-01   1.6280828e-01   4.7803458e-01   2.6622648e-01  -4.2629601e-01   2.1060474e-01   2.1364966e-01   2.1557510e-01   5.1617752e-01   2.6975662e-01   6.0485902e-02   2.2783438e-01
   2.5471725e-01  -6.0576400e-01  -3.6192347e-01   3.9317876e-01  -5.8577763e-01   6.9384858e-01   0.0000000e+00  -1.2171929e-01  -4.4437672e-01   3.9651347e-01  -5.5322796e-02   2.6682889e-01  -1.1737853e-01   3.8187996e-01   8.0633268e-01   3.6983615e-02  -5.9120411e-01   1.7071354e-01   2.8755475e-01  -1.9351874e-01   1.2690009e-01   2.5202856e-01   6.3476590e-01   5.3192912e-02  -6.6557068e-02  -7.4491370e-02   2.6157490e-01   5.6977691e-01  -1.4487575e-01   6.8557755e-01  -3.5099230e-01   1.3184858e-01  -3.4673360e-01   4.7898369e-01  -3.2088827e-01  -2.6323905e-01  -1.7528666e-01   1.2570908e-01  -4.8837727e-01  -5.8410827e-01  -3.1246906e-01   9.4418040e-02  -2.4914296e-01  -1.9164204e-02   2.2764358e-01   3.4060261e-02   1.8824293e-01   3.6037137e-01   1.2155485e-01  -6.1460932e-01   4.2286354e-01   8.4969872e-02  -3.1945707e-01  -2.1677422e-01   1.3809376e-01   4.0914503e-01   2.2160814e-01  -3.7531997e-02  -1.3552072e-02   3.1238818e-01  -1.8134948e-01  -1.8057434e-01  -5.8888472e-01  -4.9042686e-01  -4.5220294e-01   4.8994602e-01   4.1572717e-01  -2.2582651e-01   4.9621985e-03   4.4292763e-01  -4.6889677e-01   5.3634309e-01  -4.6153620e-01  -8.9522185e-02  -1.5203858e-01  -1.6443728e-01   1.6620216e-01  -2.9289285e-02  -5.0529007e-01  -3.7820442e-01   6.4795507e-01  -9.7089284e-02  -9.5442273e-02   1.3550314e-01   3.1779930e-02  -1.6716314e-01  -6.1132038e-01   2.2690334e-01  -7.4684666e-01   1.3546938e-01  -7.1526834e-01  -3.8412671e-01   3.7160097e-01   8.2670615e-02   1.5891091e-01  -5.2011472e-01  -8.2943676e-03   5.2339176e-02  -4.3055853e-01   6.5346499e-01   6.2978345e-02   5.4853257e-01   7.5948897e-01  -5.8174173e-01   4.5035797e-01  -1.8596451e-02   2.0382189e-02   2.4961100e-02   2.9557547e-01   1.3124302e-01   8.7055519e-02   4.7554384e-01   4.5759976e-01   1.0635922e-01   4.7881848e-01  -5.7398630e-01   2.2283399e-02  -2.5491032e-01   1.2482563e-01   3.7279556e-01   6.3519682e-02  -3.1927893e-01  -4.6945750e-01  -5.3785794e-01   9.3706206e-02   3.4827481e-01   2.0500138e-01  -3.7760294e-01  -2.3375867e-02  -3.5260365e-01  -3.4077702e-01   2.0516842e-01  -5.1415546e-01  -2.2700418e-01  -2.8177788e-01  -1.3162610e-01  -1.7578353e-01  -1.9731587e-01  -1.5352601e-01   2.1720788e-02   1.2190726e-01  -1.4996783e-01   1.1046493e-01   2.3850902e-01   5.1174411e-01  -1.2802645e-01   2.2847093e-01  -2.0432349e-01   6.8154670e-01  -2.7905240e-01   4.0056451e-01   3.9332661e-01   1.2482421e-01  -4.0156686e-01  -3.7954556e-01   5.0872957e-02   1.8508784e-01   5.0409139e-03  -6.1962268e-01   4.9808064e-01   1.9265319e-01   3.4691492e-03  -2.9571098e-01   2.1245274e-01  -4.2578953e-01  -1.4025137e-01   1.5067005e-01   2.5519173e-01   2.8623701e-01  -4.5207680e-01   5.3956729e-01   1.8892241e-01   4.3277081e-02   2.3625993e-02  -2.4767042e-02   1.7783914e-02  -1.8311212e-01
   1.0767563e-01   1.0098758e-01   3.5662010e-03   2.5518187e-01  -1.1089083e-01   1.6556307e-01  -1.2171929e-01   0.0000000e+00   2.8941245e-01  -3.5020137e-01   1.2921918e-01  -1.5141098e-01  -4.2522151e-01   3.0517457e-01  -1.4790839e-01  -1.9118989e-01   2.2019577e-02   1.1202294e-01   2.3689658e-01  -1.8138260e-01  -6.4402892e-02   2.4960392e-01  -1.3284647e-01   4.3076032e-01  -1.2445983e-01   5.6475837e-01   1.1402999e-01   1.3663057e-01  -1.2959508e-01   1.5938347e-01   5.6864989e-02   3.0471882e-01   3.9122862e-01  -2.0652248e-01   1.6673435e-01  -1.1977930e-01  -2.9405565e-01   1.3769293e-01   1.5757202e-01   9.4502476e-02  -6.6317278e-02   5.7442199e-02  -1.1069216e-02   5.1755520e-01  -1.6720596e-01   1.1189584e-01   1.0026088e-01   6.4407841e-02  -4.9236944e-02   7.3826249e-02   1.2280067e-01   5.4222243e-01   2.4611325e-02   1.2204998e-01   1.7176837e-01   3.8076517e-01   4.5956221e-01   2.0557386e-01   2.0262711e-01  -2.0228180e-02   2.0780676e-01  -2.6863515e-01  -5.5540983e-02   3.4522567e-01   2.0365605e-01  -2.6105177e-01   3.0303222e-01   6.7205379e-02   4.4979741e-01  -1.2330700e-01   5.6003392e-02   3.8990802e-02  -2.9387626e-01  -5.0928366e-02   2.7415887e-02   3.1800554e-01   1.1534016e-01   3.6116125e-01  -8.8876280e-02   8.2466875e-02   2.6705545e-01  -1.9399215e-01   2.9867723e-02   5.5864701e-01   1.4862892e-01   1.9352045e-01   6.6337248e-02   3.8338634e-01   1.5312463e-01   2.0963851e-01   2.8242356e-02   1.0623719e-01  -2.1173567e-01  -9.2413673e-02   3.0060557e-02  -1.1508244e-01   1.4755930e-01   3.6053407e-01  -1.0645836e-01  -1.2892048e-01   9.4970537e-02   2.5182198e-02   1.0819196e-01   3.2106824e-01   2.0478491e-01   4.5004681e-01  -9.5408096e-02   3.9676887e-01   1.0531680e-01  -1.2853418e-01  -1.7641878e-01   1.8348173e-01  -1.0698653e-02   8.4774256e-02  -1.9295780e-01  -6.7528432e-02   2.5872434e-01  -2.3542835e-01   1.5217621e-02   1.4554849e-01   2.2062777e-01  -2.7911165e-01   1.6151481e-02   8.6995430e-02   8.1580857e-02  -8.0594052e-02   4.9574023e-02   5.0357227e-02   1.8181062e-01  -8.2549650e-02  -1.6173536e-01  -1.2683537e-01   2.6542624e-01   2.2302780e-02   4.5411526e-01   4.8795225e-01  -2.4129938e-01   1.4757029e-01   3.2985000e-01   1.3831736e-01   2.2683022e-01  -2.8456089e-01   1.8184866e-01   1.4685299e-01  -3.4217482e-02   4.3026535e-01  -2.7690257e-01  -9.4460826e-02  -9.6487002e-02   7.0321292e-02   1.0623586e-01   3.5081351e-01   1.3080546e-01   3.0138749e-01   9.8965676e-02   8.2640183e-02   4.0814185e-02   1.2169914e-01   1.3530359e-01   3.0438735e-01  -2.6616377e-01   3.5211046e-01   8.0127975e-03   3.0557949e-01   3.5794509e-01  -3.6716261e-01  -9.6617064e-02   3.4472910e-01  -8.7104502e-02   1.4225645e-02  -3.6159852e-01   6.0929561e-02  -3.1836541e-02   2.5877226e-01   2.5624546e-01   7.2371386e-02   4.8154023e-01
   2.9596762e-02   1.3364998e-01  -2.0363819e-02  -7.0749931e-02   2.5755412e-01  -2.3969483e-01  -4.4437672e-01   2.8941245e-01   0.0000000e+00  -2.2582928e-01   1.6327481e-01  -4.0750762e-01   9.7696375e-02  -2.7124132e-01  -3.7445892e-01   1.8429428e-01   1.8227307e-01   1.3967451e-01   1.6919119e-01  -8.5206469e-02   3.5891043e-02   8.9569359e-05  -2.0826250e-01   2.1073933e-02   8.9291963e-02   2.0737444e-01  -4.6779717e-02  -3.2970962e-01  -1.7059076e-01  -3.0825651e-01   3.0526090e-01   4.6790522e-02   1.0347878e-01  -3.1606271e-01   4.4503604e-02   2.0066352e-01   1.2072715e-01   6.5693201e-02   5.0524524e-01   1.9454551e-01   2.9668327e-01  -2.1265394e-01   1.6074304e-01   2.2799971e-01  -2.9057820e-01   2.1360721e-01   1.6459371e-01  -3.5646211e-01   1.9780965e-01   1.5134011e-01  -5.6100914e-02   1.8573082e-01   7.2407643e-02  -1.2262602e-01   5.7732597e-02  -4.0254549e-02   1.2813197e-01   1.3646825e-01   1.8842792e-01  -1.6491154e-01  -8.8396323e-02  -7.4713671e-02   5.4593436e-01   3.9151164e-01   2.1967611e-01  -4.2519211e-01  -2.1140625e-01   9.1919352e-02   2.2263891e-01  -1.7031515e-01   8.8541702e-02  -7.0482513e-02   2.0244422e-01  -1.1183351e-01  -5.4707938e-02   2.4950464e-02  -6.8469980e-03   3.7312737e-01   5.0126211e-02   4.5821609e-01  -1.9872103e-01  -1.0318936e-01   1.9294013e-02   3.4711492e-01  -2.3481636e-01  -2.2541742e-02   2.7872935e-01  -1.5544870e-01   3.9095201e-01   8.5192281e-02   3.3205721e-01   2.9635189e-02  -3.8215173e-01   2.5441235e-01   6.1864577e-02   4.1797125e-04   2.4122580e-01   2.5481963e-01   3.7789950e-01  -3.5179588e-01  -1.6418450e-01  -3.3982346e-01  -3.5290878e-01   3.4676791e-01  -7.5252229e-02  -3.1591531e-03  -2.4122297e-01   3.4259196e-01  -3.8388868e-01   7.1421614e-02  -2.0995051e-01  -9.4747467e-02  -5.7844435e-02   9.4993094e-02  -4.0005253e-01   2.7889542e-01   1.0123280e-01   1.9978179e-01  -1.6213296e-01  -2.6821651e-03   9.6324408e-02  -3.1253880e-02   2.2205418e-01   2.6981687e-01   8.3878416e-02  -4.6046580e-01  -2.6297913e-01   2.3281105e-01   1.2892500e-01   3.4779394e-03   2.2751147e-01  -2.7615292e-01   2.0834407e-01   1.7168727e-01   3.9348425e-01   2.1732646e-01   1.6361916e-01   1.4054226e-01   1.7560082e-01   2.3721453e-01   1.3506139e-01  -5.0915739e-02   1.8935509e-02  -2.8332510e-01  -3.2359919e-01   3.4558240e-01  -2.9042756e-01   1.3684166e-01  -1.1883300e-01   1.4911195e-01  -3.6100007e-01  -9.7528485e-02   1.8955322e-01   3.4983024e-01  -2.6934307e-02   1.9328694e-01   9.4784405e-02   7.9649377e-02   3.2826291e-01  -6.5904554e-02  -1.0188385e-01   2.1916477e-01   1.2801089e-01   6.4354166e-02   3.6686454e-01  -7.7959143e-02  -1.7382762e-01   9.5635231e-03   1.0612310e-01   6.3591521e-02  -4.4569460e-01  -1.0136847e-01   1.1438139e-01  -1.7440366e-01  -5.6853335e-02   2.9767845e-01   4.6871719e-01
  -6.6512208e-03  -8.5202988e-02   6.9097423e-03  -2.7831207e-01   4.5163595e-02  -2.2542089e-02   3.9651347e-01  -3.5020137e-01  -2.2582928e-01   0.0000000e+00  -2.7553304e-01   3.9675218e-01   1.9991073e-01  -1.0564373e-02   2.3611010e-01   4.8879567e-02  -3.5375574e-02  -1.1600834e-01   1.1076629e-01   3.2882025e-01   2.1261923e-01  -3.8886176e-01   4.3312258e-01  -2.3488451e-01   7.3698177e-02  -2.7061918e-01   2.8678936e-01  -1.1522603e-04  -2.6158754e-01   5.4886818e-02  -1.4142615e-01  -3.9159907e-01  -2.2326618e-01   6.3988239e-01  -7.6395870e-02   3.4855001e-01   1.5785852e-01  -2.0387053e-01  -2.5367595e-01  -3.1033027e-02  -9.2974701e-02   6.5034961e-02  -1.1267036e-01  -3.4194532e-01  -4.6981843e-02  -4.5089981e-02  -9.3719383e-03   4.6251976e-01   7.4103761e-02   5.9579331e-02  -1.0380309e-01  -3.4180843e-01   2.0317682e-01  -1.3955342e-01   4.9320087e-02  -8.0818393e-02  -1.5695161e-01  -3.3829902e-01  -3.7522049e-01  -1.4808715e-02  -2.0056067e-01   3.2976178e-01  -2.4475347e-01  -4.2712060e-01  -4.2408204e-01   4.1582301e-01   6.2623252e-03  -1.5518996e-01  -4.5915342e-01   2.1277599e-01   1.9414180e-01   1.3613496e-02  -1.1565672e-01  -1.4068973e-01  -1.1526544e-01  -4.0780783e-01  -1.8989801e-01  -3.7404344e-02  -2.7313202e-02  -4.4424849e-03  -8.8674606e-02   8.8005500e-02   2.4034162e-01  -3.6252240e-01  -5.6985078e-02  -3.6539782e-01  -8.1570531e-02  -3.6287722e-01  -3.8340477e-01  -2.2669174e-01  -1.6864869e-01  -1.1424756e-01   5.7958360e-01   4.5818867e-02  -2.2087384e-01   1.8432367e-01  -8.6710787e-03  -1.0144958e-01  -1.0146627e-01   5.2451464e-01   1.2879428e-01  -8.0753281e-02   9.8702982e-02  -3.8811923e-01  -2.2299296e-01  -3.9033483e-01  -2.6445188e-02  -1.9432238e-01   1.3204930e-01   3.7249357e-01   5.2948742e-01  -3.0656741e-01   8.0258234e-02  -1.8471510e-01   3.1060507e-01  -9.7346308e-02  -4.6676229e-02   2.1923891e-01   1.0281328e-01  -3.1534788e-01  -2.0706221e-01   3.4005712e-01  -3.0534459e-02  -2.6413008e-01  -1.9088807e-01   1.7241618e-01  -1.0047466e-01  -1.7685646e-01  -4.3556375e-01   1.5350835e-01   3.4624704e-02   5.3848051e-01  -3.8043307e-01   1.4319477e-01  -3.1433636e-01  -4.3571954e-01   1.8817321e-01   9.1748186e-03  -4.3150835e-01  -7.2657448e-02  -9.7499751e-02   8.3536592e-02  -2.9894723e-01  -1.5768993e-01   1.1461526e-01  -4.4346310e-01   6.4571038e-01   1.3047640e-02   2.0456406e-01   1.0497691e-02  -1.7755574e-01   1.2757823e-01  -1.6949085e-01  -2.2202040e-01   6.6846186e-02  -5.7063279e-03  -1.8119542e-01  -2.8162461e-01   5.8961790e-03  -2.7956571e-01   1.5284582e-01  -4.0756291e-01   2.6883083e-01  -3.2970274e-01  -4.1468599e-01   4.7906112e-02   1.1063119e-01  -2.4132371e-01  -6.0046165e-03   1.3104948e-01   4.5972546e-01  -2.1284710e-01  -1.7112994e-01  -3.2717224e-01  -2.2390043e-01  -9.1350899e-03  -4.9198176e-01
   1.8812560e-01  -4.1221924e-01  -3.3228514e-01   3.7673711e-01  -1.2980110e-01   1.5741124e-01  -5.5322796e-02   1.2921918e-01   1.6327481e-01  -2.7553304e-01   0.0000000e+00  -5.9477368e-01  -8.6004881e-02  -7.5759034e-02   6.7585898e-02  -5.0664812e-02  -2.6275856e-01   5.2561224e-01  -6.3202354e-02  -4.0127535e-01  -3.0444465e-02   4.4221975e-01  -1.2549483e-01  -2.9292179e-02   7.5995922e-02   8.0957990e-02  -2.0412894e-01   9.3436045e-02   1.3617436e-01   1.3336791e-01   1.6675312e-01   5.4105228e-01   9.7210790e-02  -3.7837397e-01  -4.4618775e-01   2.8691733e-02  -3.3133425e-01   3.6892430e-01   1.0042656e-01  -3.9773512e-01   6.2485605e-02  -1.0081023e-01  -2.6190673e-01   4.9011133e-01  -1.1634553e-02  -2.8743868e-02   6.4605094e-01  -3.4171582e-01   3.5904915e-02  -2.6082777e-01   5.9422622e-01   3.2623015e-01  -3.8057528e-01  -2.6894449e-02   1.3732917e-01   3.3573494e-01  -4.2177332e-02   3.0730775e-01   2.5555238e-01  -1.6073484e-01   1.3415235e-01  -1.4892417e-01   4.4713706e-02   3.5762749e-01   1.0868036e-01  -4.3196324e-01  -3.1402666e-02   9.7599631e-02   4.8161109e-01  -1.8234254e-02  -4.2140081e-01   3.9168957e-01  -6.4552221e-02  -1.9983852e-01   5.4603147e-02   2.2403274e-01   3.1338847e-01   1.3116012e-01  -2.9020323e-01   4.1468839e-02   1.8893107e-01  -2.5831062e-01  -2.5089794e-01   2.1281384e-01   9.4059658e-02   1.5184499e-01  -3.1029505e-01   1.2170259e-01  -5.8325362e-02   2.9493044e-01  -1.3555154e-01  -3.3764321e-02  -3.4366123e-01   3.7572190e-02   3.9096799e-01  -3.0496535e-01   1.1772248e-01  -1.4766929e-02   2.3705705e-01  -3.3743101e-01  -1.9516473e-02   2.3628228e-01   1.5511381e-01  -6.8616697e-02   4.9947502e-01   4.1751317e-01   1.4899017e-01   1.8575527e-01  -1.2553718e-01   2.0049943e-01  -6.1371031e-01   4.4503624e-01   2.6764338e-01   4.3676432e-01  -1.9056626e-01  -1.7839335e-01  -9.4015808e-02  -2.1116879e-01   1.2118738e-01   4.0511135e-01   1.2624955e-01  -3.0559383e-01  -2.4697026e-01  -5.0309324e-02   3.0322537e-01  -4.8937595e-01  -6.6307207e-02  -9.0638802e-03   4.2547187e-01  -3.5117989e-01  -1.2854034e-01  -3.4713004e-01  -6.4019959e-02  -8.0577596e-02   9.4027540e-02   1.9113116e-01  -1.5134095e-01  -4.4273438e-02   1.2639405e-01   2.1899565e-01   1.0275332e-01  -1.1087223e-01   5.6969045e-01   7.4035224e-02  -1.3325592e-01   5.2337213e-01  -6.4311910e-01   9.5300023e-02   4.0731864e-01  -6.1721553e-02   3.1509403e-01   2.5768353e-02   1.1726714e-01   2.5615994e-01  -4.5890899e-01   1.3847838e-01   1.7096139e-01   1.3622401e-01  -1.3999944e-01   3.3635439e-01   3.8549040e-02   6.7772003e-01  -1.5192553e-01   5.7732068e-01  -1.4649524e-02  -3.3321613e-01   5.6303243e-02   2.7651198e-01   1.3809960e-01  -2.7071222e-01  -3.6831912e-01   3.0851703e-01   4.8167475e-01   1.4230575e-01   1.4750705e-01   2.4848876e-02   2.9447873e-01
  -1.7035168e-01   2.6056860e-01   4.8571058e-01  -7.8736316e-02   3.5903451e-02   1.5949226e-01   2.6682889e-01  -1.5141098e-01  -4.0750762e-01   3.9675218e-01  -5.9477368e-01   0.0000000e+00  -3.0955127e-02   1.9003384e-01   1.2385139e-01  -1.0128747e-01   1.9095028e-01  -2.1697522e-01   6.8676685e-02   5.7336887e-01  -8.3413545e-02  -2.7165220e-01   1.3371355e-01   1.9216503e-02  -1.5712867e-01  -5.6805387e-02   3.5551928e-01   6.1971668e-02  -1.7164002e-01   2.0429619e-01  -3.1831325e-01  -3.2346700e-01  -1.7174173e-01   3.5783311e-01   5.2220054e-01   1.8334463e-02   7.9705057e-02  -3.0747848e-01  -3.5812194e-01   2.7156566e-01  -4.0741376e-02   2.1721642e-01   3.5062452e-01  -3.8691178e-01   2.9197352e-01  -1.0973512e-01  -2.8270550e-01   4.9781536e-01  -1.0954462e-01   2.3622518e-01  -1.9740228e-01  -2.0258454e-01   1.5643890e-01   2.3090029e-01   4.6546623e-03  -2.0021265e-01   3.5175140e-02  -4.2833960e-01  -8.4277610e-02   5.3488196e-01  -9.4751917e-02   3.7334856e-01  -2.4409397e-01  -4.0211185e-01  -2.2943919e-01   7.3563205e-01   3.0835625e-01  -6.0608418e-02  -4.0833665e-01   4.7615737e-02   2.5437507e-01  -1.9234761e-01  -1.3288687e-02   4.5096727e-01   1.2982678e-01  -2.3329515e-01  -2.5099743e-01  -2.0828585e-01   3.0546553e-01  -2.3998962e-01  -5.7613102e-02   2.5772465e-01   1.8219006e-01  -1.4766292e-01   1.9579785e-01  -2.6476909e-01   3.8498094e-02   4.4199886e-02  -1.2208801e-01  -2.8550863e-01  -4.2924193e-02   1.0407131e-01   7.1632170e-01   1.4135192e-01  -3.3606758e-01   2.7290180e-01  -7.5752424e-03  -6.8244899e-02  -2.5117912e-01   3.8722804e-01   3.4958729e-02   2.5823187e-01   2.4776993e-02   5.1496524e-02  -2.8123608e-01  -2.5731699e-01   1.7449751e-01  -2.9566053e-01   2.2933889e-01  -6.7828344e-02   6.0090655e-01  -2.2743698e-01  -2.3012259e-01  -3.0109295e-01   1.2050665e-01  -6.0368398e-02  -1.6098074e-02   1.8123219e-01  -2.7959494e-02  -1.5963039e-01  -2.1207862e-01   2.2414070e-01   3.2809993e-01  -1.1955301e-01  -3.6190947e-01   7.7267867e-01   4.4522848e-01   2.6381884e-02  -4.3311926e-01   2.1307424e-01   1.1842034e-02   3.3709882e-01   6.1926844e-02  -2.6333676e-02  -7.9498674e-02  -3.7491810e-01  -9.5953767e-02  -7.5880840e-02  -2.9721029e-01  -3.3767104e-01  -1.6214418e-01  -7.9497342e-02  -2.8540663e-01   2.8232270e-01   4.9138743e-01  -4.3131041e-01   5.5778646e-01  -8.3061454e-02  -7.3156200e-02  -1.9549486e-01  -9.6860050e-02   3.5345187e-02  -2.6813731e-01  -2.4742435e-01   5.8116986e-01  -2.6024135e-01  -2.1491049e-01   8.0084460e-02  -2.9350956e-02  -1.9038112e-01  -4.4893971e-02  -5.3560919e-01   1.1576090e-01  -3.3766975e-01  -1.7228521e-01   3.9587322e-01   2.9359636e-01  -4.5402091e-02  -1.7081532e-01   2.2294211e-01   5.1229401e-01  -2.6347000e-01  -4.0966795e-01   2.2401690e-01   1.0793873e-01  -2.1781008e-01  -3.7127652e-01
  -2.0089987e-01   1.0265260e-02  -8.0958470e-02  -3.9304293e-01   2.9004111e-01  -2.2961087e-01  -1.1737853e-01  -4.2522151e-01   9.7696375e-02   1.9991073e-01  -8.6004881e-02  -3.0955127e-02   0.0000000e+00  -3.9303013e-01  -1.5412733e-01   5.1790777e-01  -3.4384176e-02  -2.4965739e-01   1.7376708e-02   1.4838718e-01  -1.2134755e-01  -1.5587301e-01  -5.7371358e-02  -3.7612643e-01   3.1857451e-01  -4.4024434e-01  -1.2013867e-01  -2.8944015e-01   1.9365054e-01  -2.7734635e-01  -1.6405977e-01  -2.3467021e-01  -1.1845378e-01   1.3118619e-02  -9.4022632e-02   7.1748956e-02   2.6247263e-01  -3.0269531e-01   4.1399281e-01  -1.7719953e-02   6.5146835e-01  -1.0756864e-01   1.5782437e-01  -2.6897121e-01  -1.1101325e-01  -2.9476896e-02  -8.1148838e-02  -2.1447804e-01   1.4587959e-03  -4.5764303e-02  -1.7334039e-01  -3.7758710e-01  -8.6961052e-02  -2.5228335e-01  -2.5603587e-02  -3.8327295e-01  -4.2157349e-01   1.1123342e-01  -2.9679600e-02  -1.2145445e-02  -4.1273010e-01   1.2286238e-01   3.2316386e-01  -9.6399304e-02  -1.8209541e-01   9.8054532e-02  -3.4274883e-01   6.2881909e-03  -1.1408276e-01  -8.4426555e-02  -4.7371000e-02  -1.6114385e-01   4.7963511e-01  -6.2308052e-02  -1.6860619e-01  -1.3951379e-01  -1.8734919e-01  -1.7598800e-01   1.1403961e-01   4.1005711e-01  -3.5320033e-01   2.3248989e-01  -2.0704035e-01  -2.1949876e-01  -4.9218549e-01   6.1875011e-02   9.8471995e-02  -5.0247818e-01   4.0786438e-02  -3.3948966e-01   1.3772823e-01  -1.0775754e-01   5.6335322e-02   1.4741488e-01  -1.5437240e-01   1.8053731e-01   2.3198117e-01  -3.4645216e-01   2.1708993e-01   2.6981965e-03  -3.6059748e-01  -8.4609796e-02  -2.7591920e-01  -1.8509990e-01  -1.1521454e-01  -4.7123858e-01  -2.7359846e-01  -1.1177013e-01  -4.6670371e-01  -3.3285333e-02   1.2424140e-01  -1.2230859e-01   8.8954001e-02  -2.1931993e-01  -1.1427085e-01   2.1679587e-01  -2.7495800e-01   6.1992632e-01  -3.6777229e-01  -9.1902903e-02  -2.7299857e-01   2.9685246e-01   2.2411715e-01   5.8742982e-02  -1.4358783e-01  -1.5088912e-01  -2.2640472e-01   2.9473524e-02  -2.6594450e-02  -1.3410884e-01   6.8865139e-01   8.2336094e-03  -2.5860367e-01  -1.0688889e-01  -1.4408436e-01  -1.3881658e-01   5.3281508e-01  -2.9052508e-01  -6.9233889e-02  -3.2503911e-03  -3.5635521e-01   7.0993602e-01  -5.7255324e-02  -2.8643090e-01  -1.4152412e-01  -3.0647991e-01   1.6777397e-01   9.2949931e-02  -4.9881528e-02  -1.3408882e-01  -4.3451558e-01  -4.2925845e-01  -2.2446135e-02  -2.2445189e-01  -6.5476336e-02  -8.9690577e-02  -1.1367114e-01   8.4071130e-02  -7.6410333e-03  -2.1939896e-01   3.1396359e-01  -9.0161240e-02  -1.6318739e-01  -2.5160016e-01  -7.9742159e-02   3.8840862e-01  -1.6420472e-01  -2.8654162e-01   4.0965136e-02  -5.9444327e-03   2.8163853e-01  -1.6591629e-01  -3.3149098e-03  -2.9960232e-01  -2.4597993e-01   2.1217506e-01  -1.8038555e-01
  -7.6756715e-02  -2.7041829e-01  -7.0533191e-02   3.5965301e-01  -4.2148703e-01   4.5069818e-01   3.8187996e-01   3.0517457e-01  -2.7124132e-01  -1.0564373e-02  -7.5759034e-02   1.9003384e-01  -3.9303013e-01   0.0000000e+00   4.3995896e-01  -3.6966268e-01  -2.7773687e-01   1.6855828e-01   3.0100988e-01  -9.1292741e-02   2.5574088e-01   2.6973729e-01   2.3889086e-01   4.0540974e-01  -1.0368626e-01   2.4958706e-01   2.7702392e-02   5.4723640e-01  -1.6465706e-01   5.0092444e-01  -3.3373306e-02   8.1994678e-02   2.3296099e-02   7.0426172e-02   2.0140182e-02  -2.4406148e-01  -2.3230801e-01  -7.7518986e-02  -3.2197195e-01  -2.8516212e-01  -3.6337125e-01   3.3133791e-03  -2.0759964e-01   2.6507507e-01   4.6053544e-02  -2.9708514e-01   1.4633984e-01   2.6632528e-01   1.3252516e-01  -2.5132445e-01   6.7266571e-02   1.3851066e-01  -1.6129749e-01   1.3744786e-01   4.1849493e-01   5.4283497e-01   4.5629742e-01  -4.5927356e-02  -1.5084630e-01   1.8564754e-01   9.6931160e-02  -1.3683691e-01  -2.5061763e-01  -2.6912792e-01  -1.1724707e-01   1.6843642e-01   5.0562386e-01  -7.6258754e-02   6.6620430e-02   2.2171138e-01  -1.4330293e-01   1.0710362e-01  -4.7669466e-01   3.1524194e-01   7.7442565e-02  -2.9448886e-02   4.2476094e-02   1.5813243e-01  -3.2008267e-01  -3.6642393e-01   5.3207545e-01  -2.0269762e-01   2.7718490e-01   2.6971988e-01   5.5808325e-01  -1.2629776e-01  -9.9899295e-02   6.4079045e-01  -3.0785699e-01  -2.4894467e-02  -4.0559688e-01   1.0496855e-01   2.2354414e-01  -1.4967835e-01  -8.6957027e-02  -3.4503997e-01  -1.5969662e-01   1.3107974e-01  -4.1809860e-01   1.8261943e-01   4.9294302e-01   2.2752724e-01   6.1722334e-01  -9.8578765e-02   1.0947652e-01   1.0849798e-01   1.4886949e-01  -7.5782802e-02   3.3859568e-01   1.6748126e-01   8.5359470e-02   2.2429730e-01   1.1912973e-01  -1.2551452e-01   3.5396926e-01  -4.3766054e-01   1.2165012e-01  -2.6027463e-01   4.9779929e-01   1.0841624e-01  -7.2583456e-02  -4.3040628e-01  -1.7226801e-01  -3.6321751e-01  -2.3554353e-01   5.1677768e-01   3.1281245e-01  -3.2134862e-02  -1.4616891e-01  -7.5308012e-02  -4.8902067e-01   1.2763626e-01   3.0899734e-01  -6.7897737e-02   1.4867811e-01   6.1227535e-02  -2.8288134e-01   1.5975475e-01  -2.3122510e-02  -1.7467501e-01   5.2896905e-02  -2.8208314e-01  -1.2781630e-01   5.9914821e-01   2.7014456e-01   2.6107604e-01  -7.0042829e-02  -1.2269540e-01   1.0266577e-01  -2.3895745e-03   4.8180418e-01   5.2959241e-01  -9.1291166e-02  -5.1082723e-02  -7.5496367e-02  -2.9043678e-01  -1.3396107e-01  -1.3322552e-01  -1.6411246e-01   4.6919070e-01  -1.2364382e-01  -1.2409595e-02  -4.2473919e-02   1.2418714e-01   8.7360790e-03  -2.9636939e-01   1.3212400e-01   4.3200284e-01  -1.6663362e-01  -1.2088172e-03  -1.2475792e-01  -5.4843388e-02  -1.4190290e-01   4.1997674e-01   1.7835792e-01  -2.9298859e-02   1.4802982e-01
