   0.0000000e+00   1.1098992e-01   2.4077208e-01  -3.0829762e-01  -1.3373956e-01   7.3872438e-02  -1.2613996e-01   1.3155807e-01  -1.9458162e-01  -3.3598109e-01   2.0722426e-01   6.1518594e-02  -1.2215153e-01   5.0037647e-01   3.4640777e-01   2.2167976e-01   1.6183381e-01   9.2799935e-02   1.9644983e-01  -5.0152366e-02  -8.2199195e-02  -3.1664746e-01   1.7811561e-01   3.3975257e-01   3.0062777e-02   1.6427752e-01  -3.0191630e-01   3.9416384e-01   4.2719381e-02   5.8434083e-02   2.8081163e-01  -1.8757174e-02  -1.5457717e-01  -1.9028548e-02  -3.2277305e-02   6.8676182e-02  -2.9993561e-01   2.1073627e-01  -1.3355625e-01  -1.7594602e-01  -8.3951462e-02   1.1011556e-01  -1.5253362e-01   1.6150916e-01  -7.8214710e-02   6.3655602e-01   6.3079226e-02  -2.5200690e-01  -1.8780450e-01  -1.0551296e-01   2.2944684e-01   1.4020047e-01  -1.5231640e-01  -8.8131243e-03   3.8285119e-02   2.5152406e-01   2.1697551e-01   6.4483616e-02  -6.7880088e-02   2.8938991e-01   4.2929647e-01  -2.4806403e-01  -1.1303282e-01   2.9532586e-01  -1.9876230e-01   1.4258011e-01   1.9184795e-01  -2.0767039e-01  -4.2807130e-02   3.9277527e-01  -1.7690391e-01  -1.2206961e-01  -2.6533554e-01   6.1725048e-01  -1.6312367e-01  -4.8645057e-02   4.6625250e-01   1.0969816e-01  -1.0011653e-01   5.1653996e-02   2.7200154e-01  -1.1235210e-01   5.6239762e-02  -8.2181256e-03   6.2952230e-01   1.9649800e-01  -2.3995070e-01   3.7557045e-01   2.0970515e-02   5.2262002e-01  -3.3368908e-01   6.0102298e-01   4.9332087e-02  -1.5111046e-01   3.4980560e-01  -1.9203245e-01  -1.0982783e-01  -1.0808103e-01  -8.9894703e-02  -4.1728349e-02   3.9643720e-01   4.2910735e-01   1.1281294e-01   2.4258838e-01   8.8307813e-02  -3.5248424e-01   2.0766487e-01  -1.0838876e-01  -2.3569434e-01  -7.8745452e-03   1.6838836e-01   1.4016478e-01  -1.7491144e-01   7.3815260e-01   4.7392532e-01   2.6839316e-02  -1.1859834e-01  -6.5286172e-02   4.9137702e-01  -3.6056701e-02   6.3734324e-01  -1.8690310e-01  -6.9874918e-02  -1.0661835e-01   5.1113250e-01   5.5341913e-01  -5.1299045e-02  -8.7482878e-02  -1.1245608e-01   2.9063767e-01  -2.1690138e-01   1.2166546e-01   5.0236398e-01   6.0165320e-03  -1.7145850e-01   3.1305767e-02   4.8874929e-02   7.3615766e-02   2.3481985e-01   2.3517537e-01   4.9093319e-01  -1.3937091e-01  -6.1360084e-02   1.4332911e-01   2.3949397e-01   7.0564298e-02  -1.2129659e-01  -3.9445066e-02   5.1447945e-02  -2.3006707e-01   6.8646157e-01   5.5259117e-02   4.5060774e-01   1.6857054e-01  -2.3066599e-01   3.0607666e-01   4.0244364e-01   8.1814179e-02   5.3662167e-01   6.5989703e-02  -2.4339044e-01   1.3550611e-01  -2.0562565e-01  -5.3035343e-04  -1.9470775e-01   1.2073054e-01   2.2466938e-01   4.7698148e-01   1.3782852e-01   1.9212960e-02  -1.6656169e-02   3.3903500e-01  -8.5409868e-02   1.8615922e-01   1.2882134e-01  -7.4898113e-02  -6.6240660e-02
   1.1098992e-01   0.0000000e+00   4.0527789e-01   5.4875027e-02   4.8143586e-01   5.9889255e-01   6.4642202e-01   3.9727082e-01  -5.5772200e-02   1.4877105e-02   3.3647336e-01   6.4933108e-01   5.0442457e-02   1.9523899e-01   2.9505089e-01   5.2137316e-01   3.5616106e-01   1.1224119e-01   4.1932743e-01   4.4469700e-01  -7.9828827e-02   2.5288805e-01  -8.8227006e-02  -9.5689622e-02  -4.0856350e-02   1.8881213e-01   8.9376007e-02   4.3096551e-02  -1.3079177e-01   1.9112371e-01   3.8841857e-01   2.5993551e-01  -3.8622479e-01   3.0489113e-01   3.6798303e-01   4.1727783e-01  -2.1322697e-01  -5.3147764e-02   4.5757266e-01   1.4975239e-01   3.4230466e-01  -2.6901109e-01   3.6161623e-01   3.6109889e-01   2.3747609e-01   5.8561129e-02   3.9212627e-01   5.5471626e-01  -1.4627272e-01  -1.4274815e-01   2.2564720e-01   2.2184311e-01   3.1693841e-01  -5.5011906e-02   4.7722310e-02   1.7649803e-01   9.9705885e-02   1.8898327e-01   2.8316281e-01   2.5013230e-01   1.4583057e-01   3.0075602e-01   4.1396653e-01   4.0679418e-01  -5.0194057e-02   3.0059797e-01   7.3637707e-01   2.9693981e-01   4.2482509e-01   1.6130573e-01   3.6064747e-01   3.6513721e-02   2.2345096e-01  -1.9029134e-02  -1.8924467e-01   9.2991639e-02   5.9528926e-02  -1.2222313e-03   4.4340304e-01   2.3604648e-01  -1.4514237e-02   1.9342967e-01   1.5277835e-01   2.0692272e-01   1.6091975e-01   3.6535268e-02  -7.9154654e-02  -1.4863035e-01   4.8954225e-01  -2.0242571e-01   3.2656255e-01   1.7716984e-01   2.8211900e-01  -1.8245882e-02   6.9625389e-02   1.6839440e-01   1.7856343e-01   3.7083395e-01   3.5966439e-01   6.5396720e-02  -1.2658203e-01   2.2893626e-01   4.7457074e-01   1.1923605e-01   2.0961184e-01   3.0414899e-01   2.5476504e-01   4.9960292e-01  -2.3905291e-01   2.4343000e-01   2.2679539e-01   2.8187944e-01  -1.2069427e-01  -8.5049790e-02  -5.5345506e-02   4.2996890e-01   9.9694017e-02   3.7472110e-01   7.3877988e-02   3.2408072e-01   1.4532117e-01   4.7582583e-01   5.2435728e-02   1.6261893e-01  -5.1291790e-02   1.0694533e-01   2.4609562e-01  -1.1594897e-01  -8.7311166e-02   1.2047161e-01   2.2676264e-01   2.3552050e-01   4.1936011e-01  -4.9565022e-02   5.3486570e-02   1.1949723e-01   6.5036950e-02  -2.9170711e-01   8.6938331e-02  -1.6161570e-02   2.2396775e-01  -4.3537678e-02   2.8429019e-01   1.3575178e-01   2.7086751e-01   3.8323988e-01   1.9065870e-01   4.2451412e-01   1.2131548e-01  -1.6837131e-01   6.4334349e-02   1.6180240e-02   1.1513856e-01   4.6997678e-01   3.3055593e-01   9.1241545e-02   2.2038975e-01   3.7043889e-01   2.8249656e-02   2.2981060e-01   4.4015126e-02   3.3904920e-01  -1.5950831e-01   1.0292718e-01   4.3826902e-01   3.6184268e-01   3.7779577e-01   5.6272450e-02   1.8383764e-01   4.1491867e-01   3.0230021e-01   2.8674559e-01   3.3038719e-01   3.6549716e-01   3.0726390e-01  -3.0013335e-01   4.6619132e-01
   2.4077208e-01   4.0527789e-01   0.0000000e+00  -7.6726897e-02   4.4248920e-02   5.1639585e-01   1.9029966e-01   3.0460284e-01  -1.8783867e-01  -2.9767390e-03   2.1727012e-01   3.9490304e-01  -3.9577027e-02   4.0720482e-01   3.1716849e-01   4.2277169e-01   8.9282263e-01   1.4542267e-01   3.8848409e-01   1.6867010e-01  -6.5059077e-02   1.6212480e-01   2.3920621e-02  -6.4404522e-02   1.6666485e-01   2.8233859e-01  -8.0421366e-02   2.4355619e-01   5.6075074e-02  -5.9309950e-03   1.5346033e-01   2.0261194e-01  -2.0800327e-01   7.3625355e-02   2.7851388e-01   1.2045568e-01  -4.7544345e-02  -1.4978607e-01   4.7040629e-02   5.0727170e-02   1.3998065e-01  -3.5889257e-03   9.0910647e-02   2.8937194e-01   8.7664468e-02   5.4049660e-01   2.7242453e-01  -9.2007667e-02  -5.8321594e-02   8.1356634e-02   2.0431629e-01   1.7794327e-01  -1.5373194e-01   2.4253514e-01   2.8152662e-01   2.4625804e-01   2.1431765e-01   1.4400753e-01   2.8537194e-01   3.5621689e-01   5.2109009e-01  -4.1435331e-02  -1.0819691e-01   4.3014125e-01  -1.3968341e-01   1.5498252e-01   5.4235236e-01   1.1972615e-01   1.7249455e-01   6.3810600e-01  -5.6424229e-02   1.3253620e-01   1.2996135e-01   3.4364163e-01   7.7091020e-02  -7.4477552e-02   4.3300155e-01  -9.0833573e-02   3.5195130e-02   1.5248579e-01   6.9378653e-02   1.3887771e-01   1.3491291e-01   1.3760804e-01   4.0821011e-01  -9.5773766e-02  -2.1509698e-01   1.4964386e-02   2.2573808e-01  -4.3670788e-02  -2.4137130e-02   6.2265524e-01   9.8478084e-02  -7.2866141e-02   6.5883680e-02   1.0494951e-01   1.3906675e-01   4.8781080e-02   8.5949781e-02   2.9243196e-01   2.1732296e-01   3.5760756e-01   3.1795049e-01   1.9347363e-01   3.5534093e-01   4.3243205e-02   2.7866770e-01   2.0950089e-01   2.2482185e-02   3.0336845e-01   2.3472658e-01   2.1972194e-01  -3.5794305e-02   1.5258627e-01   2.3838748e-01   1.2508997e-02   7.3667171e-03   1.5922426e-01   4.7563693e-01   2.2402509e-01   4.6122383e-01   8.2601271e-02  -1.2248946e-02   2.5383653e-02   1.9731689e-01   1.8892473e-01   1.5435892e-01   1.3231857e-01   2.2060381e-02   5.5555583e-01   1.6745393e-01  -7.8658626e-02   3.8821420e-01  -1.7880849e-01   1.9465512e-01   1.5388516e-02   1.6297783e-01  -1.4796523e-01   2.9398001e-03  -7.6560060e-02   1.7996256e-01  -1.0107347e-01  -4.6572041e-02   4.7565129e-01   1.2829864e-01   2.0536150e-01   2.6407380e-02   9.0109543e-02   6.3986727e-02  -9.5263941e-02   4.2641968e-01  -5.0891209e-02   4.9440237e-01   2.6846543e-01   1.7228906e-01  -1.1559474e-01   5.5985612e-01   2.8787845e-01   5.5854150e-01   6.0453704e-02  -8.7356454e-02   1.4341186e-01  -9.0871148e-02   1.8213775e-01   2.2696666e-01   7.2014936e-02   1.4904512e-01   3.7890339e-01   4.2056873e-01   6.3022180e-02   4.6358954e-02   3.5945991e-01  -6.2351678e-03   5.9910489e-01   4.5403415e-01   7.8406129e-02   5.8258843e-03
  -3.0829762e-01   5.4875027e-02  -7.6726897e-02   0.0000000e+00   1.4696575e-01   3.1605116e-01   2.6792285e-01  -3.9414197e-02   6.0370323e-02   2.5520026e-01   1.5552614e-01   9.9619218e-02   9.6004518e-02  -2.0699758e-01  -1.0458422e-01   2.1301338e-01  -1.4595446e-01   2.8828328e-01   8.2714479e-02   1.2414821e-01   2.3100642e-01   3.1090301e-01   1.6936763e-02  -4.2206763e-01   2.2878814e-01   1.1286166e-02   1.5824327e-03  -1.4813851e-01   2.0277478e-01   1.8159494e-02  -1.8362234e-01   1.8695647e-01   8.8890912e-02   8.9260292e-02   6.9275259e-02   9.2621145e-02   3.0179373e-01  -9.7774000e-02   2.5637830e-01  -8.6822507e-02   1.0492927e-01  -6.9768602e-02   1.2925196e-01   1.2933562e-01   4.4081879e-01  -3.3286654e-01   2.0199096e-01   1.3511584e-01   3.2771342e-01  -2.4044204e-01   2.0612407e-01   3.9355967e-02  -2.6233543e-02  -4.5258554e-02  -8.9941380e-02   1.3605509e-01   1.1648631e-01   2.5176467e-01   3.2675152e-01   1.9014766e-01  -5.2615074e-02   3.9493884e-01   2.2000136e-01   2.6114544e-02   3.9499195e-01  -2.0460090e-01   2.1708502e-01   2.6525925e-01   4.0803573e-01  -3.7009316e-01  -5.8226159e-02   4.9113117e-01   2.2807681e-01  -2.4626751e-01   2.3427154e-01   1.9902762e-02  -1.3253435e-01   2.3890301e-01   8.6219837e-03   2.3294519e-01  -1.2604865e-01   2.6024611e-01   3.3379334e-01  -8.2462351e-02  -4.1678606e-01  -7.7302043e-02   1.5680955e-01  -4.4258479e-01  -9.8755100e-02  -3.0795736e-01   3.6202877e-01  -2.2848759e-01  -2.1641785e-02   1.6657537e-01   5.8237964e-02   2.8018607e-01   4.2077849e-01   2.5856785e-01   3.8340891e-01   2.5990581e-01  -3.5830555e-01  -1.3441379e-02   1.0311106e-01   1.2211300e-01   2.6389669e-01   5.1083381e-01  -2.1189304e-01   2.1216092e-01   3.3118182e-01   2.1095245e-01   2.8025994e-01   7.5892589e-02   3.7988365e-01  -4.1530032e-01  -4.1934259e-01  -1.1713724e-01   2.4644593e-01   1.8717939e-01  -1.3760408e-01   5.5094474e-01  -3.0662491e-01   2.3026019e-01   1.4800436e-01   4.9540567e-02  -4.1066913e-01  -2.6621202e-01   2.0428865e-01   1.9433232e-02   2.1470706e-01  -3.0628497e-01   1.3493015e-01   6.5019958e-02   2.9997732e-02  -6.7692073e-02   2.2193993e-01   1.0921602e-01   5.7776645e-03  -1.7056884e-01  -4.5676767e-02   1.5798272e-02  -1.2800292e-01  -6.0781615e-03   3.9799333e-01  -1.1036432e-01   2.8255189e-02   1.0898759e-01  -3.2732567e-02  -2.5206137e-03   2.1769423e-02   1.3448920e-01  -3.5800678e-01  -1.8069308e-01  -4.2906326e-01   1.2929268e-01  -1.2219909e-01  -1.3025915e-01  -2.0711751e-01   1.6789130e-01  -3.7521632e-01   8.2050255e-02   3.8566120e-01   2.4154431e-01   2.8435010e-01   4.2255836e-01   3.9875752e-01  -1.4338390e-01   1.5429845e-01  -2.1314097e-01  -1.0336655e-01  -3.5940257e-02  -1.7316571e-01  -1.8197971e-01   4.3754961e-01  -9.1047692e-03  -7.7923288e-02  -1.9660913e-01   4.1971668e-01
  -1.3373956e-01   4.8143586e-01   4.4248920e-02   1.4696575e-01   0.0000000e+00   4.2800556e-02   3.5776029e-01   4.6333328e-02   4.8508179e-01   4.3936684e-01  -8.1481494e-02   3.7077834e-01   2.8511541e-01  -7.1885657e-02  -1.3289270e-01   2.1765493e-01   1.0895567e-01  -1.1654871e-01   1.4330916e-01   8.9591088e-01  -3.1096453e-02  -4.7954058e-03  -1.7640215e-01  -3.5760536e-02  -1.7851442e-02  -5.6182130e-02   6.8982153e-01  -4.4321390e-01  -4.1451812e-02   2.6084545e-01  -8.9692191e-02  -2.3807071e-02  -1.0512545e-01   2.9025269e-01  -4.8905504e-02   5.6142866e-01   1.4497367e-01   1.8687183e-01   3.5188027e-01   6.9645970e-01   4.7932714e-01  -4.8098264e-02   6.1693476e-01  -3.3024103e-02   2.4162034e-01  -1.0876223e-01   6.8152446e-02   6.2890444e-01   2.5225361e-01   3.5050112e-01  -1.6593445e-01  -6.5248360e-02   6.1836735e-01  -1.2507528e-01  -5.0683246e-02  -1.4663862e-01  -1.9833955e-01  -1.3972242e-01   1.1212672e-01  -1.4416238e-01   1.3156571e-02   6.6937856e-01   6.2004382e-01   7.5011965e-02   3.1831659e-01   1.9099593e-01   2.5925734e-01   6.2129690e-01   1.9738683e-01  -4.6706099e-02   8.0326938e-01   2.3005217e-01   3.8304882e-01  -5.0986765e-01  -1.5259037e-01  -1.9136903e-01  -1.1144980e-02   8.3052433e-02   5.9264941e-01   1.8046852e-01  -3.9059843e-01   2.2263020e-01   1.5258019e-01  -5.9476027e-02  -3.3040127e-02  -1.4907064e-01   3.3450869e-01  -3.5610813e-01   6.2218294e-01  -1.0669396e-01   5.4318399e-01  -8.2512646e-02   4.1974556e-01   3.0419156e-01   1.9678910e-01   5.9774216e-01   2.8900052e-01   3.5511129e-01   6.5539353e-01   8.8686158e-02  -2.0355819e-01  -1.3660680e-01  -1.6545366e-01  -2.3879925e-01  -1.7478995e-01   2.3402135e-01   3.3112518e-01   2.3986290e-01   1.5184237e-01  -9.4517711e-02   9.2518732e-02  -1.4243783e-01   2.0206251e-01  -1.2158547e-01  -2.7331480e-01   4.9333123e-01  -1.2239489e-02   3.8683173e-01  -3.1118514e-01   1.2981182e-01  -1.6894915e-01   8.2769135e-01   2.6082218e-01   3.6506209e-01  -1.6718953e-01  -2.0614821e-01   2.8637915e-01  -1.1003775e-01  -2.9996947e-01  -7.4395975e-02   3.7596673e-01   1.3125965e-01  -2.2299799e-01   1.7536533e-01   3.4001872e-01  -9.6737659e-02   9.9368458e-02  -3.1043857e-01  -1.9329891e-01   3.5555372e-01   1.3023273e-02   9.0994062e-02   4.0251322e-02  -2.9556520e-01  -6.4483496e-02  -7.8825734e-02   6.2290636e-01   3.8654369e-01   2.4389718e-02   1.7674664e-01  -1.3839393e-01  -3.6394028e-01  -1.5507412e-01   1.5408379e-01   5.8268000e-01   1.3111211e-01   1.4668954e-02   2.0997270e-02  -1.9936401e-01  -2.9805274e-01   3.3563588e-01   4.5706065e-02  -3.2650871e-02  -1.5558276e-01   2.4821098e-01   2.4266935e-01   1.6158491e-01  -1.0768794e-02   9.2495014e-02   5.9669019e-01   3.9656335e-01   2.2827694e-01   4.8259121e-01  -2.4083624e-01   3.2006717e-02  -9.5922362e-02   3.8453847e-01
   7.3872438e-02   5.9889255e-01   5.1639585e-01   3.1605116e-01   4.2800556e-02   0.0000000e+00   6.0348819e-01   4.2622319e-01  -2.7420171e-01  -1.0910988e-01   5.8395258e-01   4.8525458e-01  -3.0771216e-02   1.9395746e-01   4.4990304e-01   4.9948400e-01   3.9748351e-01   3.9047476e-01   4.4962408e-01   1.0175863e-01  -3.9708223e-02   5.3718703e-01   2.1850224e-02  -2.0257267e-01   3.2308705e-02   3.4025099e-01  -2.1474576e-01   3.7126856e-01  -5.1251273e-02   8.3578070e-02   3.1243356e-01   3.9738492e-01  -3.3605855e-01   1.9096046e-01   5.8237943e-01   2.1514088e-01  -1.9867473e-01  -1.7692890e-01   2.2339924e-01  -2.8190367e-01   2.4551976e-01  -2.5703495e-01  -1.8520041e-02   5.3512641e-01   3.6114548e-01   9.9221441e-02   6.0251292e-01   1.3569098e-01  -1.6498281e-01  -4.6204740e-01   4.7793935e-01   3.5329697e-01  -5.6691043e-02   1.2441870e-01   1.2705715e-01   4.0896851e-01   3.3223001e-01   4.1150167e-01   4.5761563e-01   5.2057338e-01   2.4283278e-01   1.0990282e-01   2.7249663e-02   4.8708372e-01  -1.4544449e-03   3.1695466e-01   7.7648844e-01   1.4475052e-01   5.5923229e-01   3.0179508e-01  -1.9491477e-01   1.7064022e-01   1.2948523e-01   1.4305359e-01  -1.1964351e-01   1.7676220e-01   9.9386849e-02   1.5756625e-01   1.0858548e-01   1.9841983e-01   1.8275720e-01   2.5882544e-01   2.3899054e-01   3.4990603e-01   4.8548926e-02   7.2686337e-02  -1.8671496e-01  -2.5186729e-01  -2.7153179e-03  -2.1046775e-01  -5.4012380e-02   2.7881589e-01   1.4650122e-01  -1.1299202e-01  -4.0952655e-02  -4.9688776e-02   1.4674607e-01   2.9437325e-01   1.8943585e-01   4.1718850e-01  -1.9777085e-01   5.4676353e-01   6.1741990e-01   3.1662351e-01   5.6697283e-01   4.2330497e-01  -1.4036390e-02   5.5181522e-01  -1.5836002e-01   5.7619095e-01   4.0887168e-01   5.4354327e-01  -5.3876355e-02  -9.7880745e-02   3.0544539e-02   1.2041445e-01   2.3209930e-01   3.7873919e-01   2.3923754e-01   3.4211772e-01   1.9108665e-01   2.7540512e-02  -8.6614345e-02  -7.4168883e-02  -8.6781351e-02   1.3211703e-01   2.5033617e-01  -4.3497278e-02   3.6197462e-01   2.3951315e-01   1.1167328e-01   2.5445334e-01   5.0431459e-01  -3.1460912e-01  -4.5590461e-02   1.9402054e-01   1.2278384e-01  -2.7755470e-01   2.1085371e-01  -2.2384444e-01   1.2657865e-01  -5.0519598e-02   4.5311782e-01   3.9200930e-01   3.7702629e-01   4.4434623e-01  -1.8078166e-01   3.8965718e-01   3.1287962e-01  -2.1373821e-01   1.7643671e-01   1.7872887e-01   1.9118263e-01   4.6207992e-01  -1.2312561e-01  -4.5849911e-02   3.1238752e-01   4.1230046e-01   7.7791513e-02   4.5387527e-01   9.4093975e-02   4.6477450e-01  -1.1900199e-01   4.8067946e-01   4.9811368e-01   2.6063568e-01   4.9262468e-01   2.4507405e-01   2.0526774e-01   8.7045973e-02   8.0373644e-02   1.6774944e-01   2.7762352e-01   6.6717978e-01   2.1498976e-01  -2.8676787e-01   4.6746728e-01
  -1.2613996e-01   6.4642202e-01   1.9029966e-01   2.6792285e-01   3.5776029e-01   6.0348819e-01   0.0000000e+00   2.1347963e-01  -1.3894309e-01   1.6897036e-01   2.7238543e-01   5.6981299e-01  -1.3294180e-02  -6.0957751e-02   2.6897892e-01   4.7388170e-01   1.6080124e-01   3.7579333e-01   3.0406429e-01   3.4548216e-01   1.7240081e-01   3.5783784e-01   1.9682412e-01  -3.2736338e-01   3.0021113e-02   1.0100247e-01   9.5245288e-03  -6.0383042e-03   5.1023521e-02   2.2981498e-01   2.9548107e-01   3.0606576e-01  -2.4602942e-01   3.9146246e-01   5.5967938e-01   4.5611952e-01  -5.5970985e-02  -1.0430590e-01   4.5185584e-01  -4.3759252e-02   3.4048824e-01  -1.4819482e-01   3.8273670e-01   1.7269096e-01   5.7050825e-01  -1.2463438e-01   4.2811866e-01   5.9630417e-01  -2.8240431e-02  -2.3119577e-01   4.3061731e-01   1.5498334e-01   2.1713873e-01  -1.3578647e-01  -5.1773777e-02  -8.9292476e-02   7.6359187e-02   2.8539081e-01   3.8419824e-01   3.0707985e-01   3.9016496e-02   5.0719440e-01   2.1389591e-01   2.2750139e-01   2.4746687e-01   2.4487272e-01   5.0084477e-01   1.5506680e-01   3.2551762e-01  -2.0818141e-02   1.4015259e-01   2.5259615e-01   3.1257292e-01  -2.2772074e-01  -1.5748123e-01   2.0076109e-01  -1.1527304e-03   1.4815804e-01   3.4489025e-01   2.1346416e-01   1.7175706e-01   2.8356912e-01   1.5818007e-01   1.1213154e-01  -1.5861224e-01   1.1543362e-01   3.2868902e-02  -3.2116678e-01   9.3879840e-02  -4.4335877e-01   3.0399862e-01   6.7716586e-02   1.6442931e-01   1.1672326e-02  -8.1048986e-03   1.1623369e-01   1.6362384e-01   3.0862367e-01   3.8123567e-01   3.7220770e-01  -3.0963011e-01   2.3821428e-01   5.3137812e-01   2.8094306e-01   3.8514167e-01   4.1870965e-01  -6.4900919e-02   4.0226167e-01  -4.4828345e-02   2.7307389e-01   2.1555832e-01   4.4861105e-01  -2.3548300e-02  -2.8518061e-01  -1.6417734e-01   1.9904761e-01   4.6893607e-02   4.1336582e-01  -5.4142019e-02   3.4559670e-01  -2.0520641e-02   3.5069351e-01  -8.6398213e-02   2.9339841e-01  -2.3529890e-01  -1.4147303e-01   5.5453602e-01  -2.1440109e-01   1.1947181e-01  -7.5365733e-02   3.0325356e-01   3.3805657e-01   2.6760286e-01   8.4181235e-02  -1.7096309e-02   6.6879792e-03   9.5547877e-02  -1.8446720e-01   1.0861129e-03  -1.3315925e-01  -7.4854853e-02  -1.4417533e-01   2.8489122e-01   4.5970142e-02   4.6658713e-01   5.3677596e-01   1.8749390e-01   3.7574806e-01   1.5018659e-01   2.4687061e-02  -1.8690350e-01   9.8684134e-02   1.6746743e-02   2.7043108e-01   1.5909742e-01  -9.9561210e-02   1.1552446e-02   3.1371196e-01  -2.4958194e-02   3.8596997e-01   1.5607868e-01   2.5790446e-01  -1.9625484e-02   2.9020686e-01   4.6161983e-01   2.7891026e-01   4.2834796e-01  -9.6460426e-02   2.5438341e-02   1.1204959e-01   1.5959426e-01   8.5873971e-02   3.9410847e-01   2.3218951e-01   1.3064906e-01  -2.8058956e-01   4.7185725e-01
   1.3155807e-01   3.9727082e-01   3.0460284e-01  -3.9414197e-02   4.6333328e-02   4.2622319e-01   2.1347963e-01   0.0000000e+00  -2.3890949e-01  -5.7714984e-02   5.6759228e-01   2.8127010e-01   4.6548814e-02   1.7884977e-01   3.8169896e-01   4.9207623e-01   5.2566670e-02   2.4513628e-01   4.0143144e-01   8.4117166e-02  -3.9062016e-02   3.6263082e-01   1.3110593e-01  -9.3065035e-02   1.1462180e-01   7.4251384e-01  -3.1428515e-01   3.8178388e-01  -4.0504604e-02   5.8833799e-02   3.7649036e-01   4.8789529e-01  -3.7323682e-01   2.6923622e-01   1.1461999e-01   9.8299940e-02  -1.7946839e-01  -1.7367933e-01   3.2812616e-01  -8.2807431e-02   4.0683100e-01  -1.1441465e-01  -8.3566271e-02   7.1433243e-01   1.5299432e-01   1.9213619e-01   4.3812033e-01  -4.0247049e-02  -2.1118977e-01  -2.9407441e-01   3.5174450e-01   7.1356141e-01   8.9319785e-02   1.0663618e-03   1.2566258e-01   5.2758478e-01   5.1886029e-01   3.9832492e-01   3.8453966e-01   1.7955715e-01   1.1854478e-01  -8.2592230e-03  -8.5946383e-03   7.2659515e-01  -1.3538564e-01   2.3402785e-01   4.0568288e-01   2.0140541e-01   5.5122789e-01   1.9494499e-01  -6.0081995e-02   8.1264899e-02   1.8679292e-01   2.2827862e-01  -1.4098063e-01   1.4150620e-01   1.5836940e-01   1.9970283e-01   1.8594468e-01   8.6195191e-02   3.0969638e-01   2.4865941e-01   3.5050105e-01   7.8714152e-01   1.6161579e-01   9.5101562e-03  -3.9078654e-01  -6.8942038e-02   9.1127535e-03  -1.0662960e-01  -7.4837556e-02   3.4042528e-01   2.3032425e-01  -2.0683355e-01   6.1883650e-02  -9.3686192e-02  -8.9991129e-02   3.2035628e-01   3.8652037e-02   1.2277788e-01   1.1267291e-02   5.3443795e-01   4.9849050e-01   9.4395394e-02   3.5960630e-01   4.1694792e-01   7.9967208e-02   6.0563172e-01  -2.4431662e-01   2.3408449e-01   3.4083501e-01   3.5101838e-01  -2.8788371e-01   1.8074150e-01   1.0773819e-01   2.6549267e-01   3.1582870e-01   4.4178208e-01   2.4951241e-01   1.9606740e-01   3.9579268e-01   6.8300978e-03  -3.9466349e-02   1.3740048e-01   2.8960686e-03   3.0073021e-01   1.3796133e-01  -6.3966194e-02   9.3280571e-02   9.2469479e-02   2.9036817e-01   3.0251336e-01   4.0279449e-01  -1.2025066e-01  -2.6214227e-01   1.5101188e-01   2.0507172e-01  -1.6313137e-01   1.4841181e-01   2.3176988e-04   2.4983844e-01   1.1589620e-01   2.4280455e-01   2.0625778e-01   4.1309302e-01   5.4010870e-01  -1.2657884e-01   1.1608386e-01   2.0754704e-01  -1.1740551e-01   2.0089170e-01   3.8182652e-01   3.7204372e-01   2.5517743e-01  -1.1054957e-01  -1.4057285e-01   3.5551015e-01   3.8774683e-01   1.0101661e-01   4.1029948e-01  -7.5734697e-02   3.9074778e-01  -2.1684623e-01   2.4227873e-01   3.5857240e-01   3.0833863e-01   2.4137260e-01   2.4359919e-01   2.5666844e-01   1.2002468e-01   1.9546639e-01   8.7505195e-02  -3.4087367e-02   2.6622746e-01   1.9899372e-01  -1.4205359e-01   2.4124403e-01
  -1.9458162e-01  -5.5772200e-02  -1.8783867e-01   6.0370323e-02   4.8508179e-01  -2.7420171e-01  -1.3894309e-01  -2.3890949e-01   0.0000000e+00   2.7261219e-01  -2.8230261e-01   8.6080132e-02   2.2748695e-01  -2.6683967e-01  -2.8069712e-01  -1.3040103e-01   2.9927111e-03  -2.4325741e-01  -7.1141596e-02   4.5106554e-01   9.1756608e-02  -1.4869070e-01  -1.3069839e-01  -1.7690207e-02   7.3139860e-02  -3.1020811e-01   6.1626499e-01  -5.2849466e-01  -6.6957435e-02   3.9543450e-01  -9.8005054e-02  -2.1084906e-01   1.1328104e-01   2.2252531e-01  -3.2999624e-01   2.3105167e-01   4.4124001e-02   1.7948932e-01   5.8210718e-02   5.9712305e-01   2.7034247e-01  -1.4211372e-02   2.3417704e-01  -2.8015576e-01  -1.4188909e-01  -1.9766598e-01  -5.1470774e-02   2.2939572e-01   1.0928768e-01   5.2594487e-01  -4.1519390e-01  -3.6012138e-01   5.0302501e-01  -5.3182693e-02   5.9941192e-02  -3.3242210e-01  -2.3555031e-01  -3.7310947e-01  -3.5064273e-02  -1.5442314e-01  -1.0059493e-01   3.1344834e-01   4.0798099e-01  -1.0173136e-01   1.8768827e-01   7.8632813e-02  -3.7726760e-02   3.9347524e-01  -1.3334050e-02  -1.8954457e-01   5.3049061e-01  -7.6499346e-02   2.1955626e-01  -3.8465467e-01   1.3693877e-01  -1.3251851e-01  -1.1909736e-01  -1.5174930e-01   3.2771108e-01   2.5470386e-01  -4.4487240e-01   1.8572870e-01  -2.4578119e-02  -1.6403134e-01  -1.3707406e-01  -2.2303918e-02   4.8469943e-01  -3.3831232e-01   4.1515275e-01  -8.5709465e-02   1.3639049e-01  -2.6315206e-01   3.0457506e-01   5.5359776e-01   5.0796122e-02   2.1659263e-01   1.2044023e-01   1.5430545e-01   2.1014191e-01  -1.5804329e-01  -1.2404639e-01  -3.4333408e-01  -6.0768211e-01  -4.4141320e-02  -5.1401047e-01   2.9100540e-02   2.9933356e-01  -9.2962419e-02   1.3182570e-01  -1.7886222e-01  -5.8046900e-02  -4.8653445e-01   7.3680154e-02  -1.5141264e-01  -3.0325897e-01   3.4032447e-01  -2.5773557e-01   6.6674319e-02  -4.4521549e-01  -2.0807454e-01  -2.9684398e-01   3.0169462e-01   3.9671229e-01   1.1248788e-01  -1.4349280e-01  -3.0417742e-01  -9.8949602e-02   3.4199653e-01  -5.5432198e-02  -1.7975206e-01   1.9451109e-01   1.9132648e-02  -4.0664908e-01   3.1550408e-01   4.8509950e-01   1.7728343e-01   2.2086541e-01   3.2137521e-02  -4.0254416e-03   3.5494311e-01  -1.6978274e-01   2.4017092e-01  -1.8227319e-01  -3.0413813e-01  -4.2220695e-01  -4.8476449e-01   4.6325019e-01   2.4739674e-01   2.0081907e-01   2.9470301e-01  -2.8545032e-01  -3.7915225e-01  -2.9949484e-01  -8.9528992e-02   4.9480823e-01   3.5710993e-02  -1.3783478e-01  -2.3619795e-01  -2.6181311e-01  -5.8757762e-01   2.4525025e-01  -2.4350781e-01  -1.4521694e-01  -2.0055518e-01  -4.0938003e-02   1.4421240e-01  -2.4421675e-02  -4.7704838e-02  -1.3019802e-01   4.1738671e-01   3.8768757e-01   4.2013245e-02   1.1843798e-01  -3.0577490e-01  -1.9204792e-01  -5.8640040e-02   1.8724806e-01
  -3.3598109e-01   1.4877105e-02  -2.9767390e-03   2.5520026e-01   4.3936684e-01  -1.0910988e-01   1.6897036e-01  -5.7714984e-02   2.7261219e-01   0.0000000e+00  -4.5180056e-01  -3.5838232e-02   3.4794925e-01  -1.0965944e-01  -2.7326539e-01   1.0160019e-01   3.2100489e-02   9.1196138e-02   1.9902026e-02   3.3393529e-01   3.8225849e-01  -1.0230691e-01   1.3362466e-01  -2.1100987e-01   1.4643696e-01  -4.9268776e-02   4.4608785e-01  -2.3995006e-01   8.4790069e-02   5.5023696e-02  -4.2217050e-01   2.6867828e-02   2.4900551e-01   9.4370610e-02  -1.4281999e-01   1.2414053e-01   6.6728627e-01  -4.6130776e-02   7.8730350e-02   3.8345247e-01   3.3759567e-01   1.4630756e-01   4.2501796e-01  -1.6751907e-01   3.7681037e-01  -1.5740661e-01  -1.7119588e-01   3.5873666e-01   4.5633495e-01   2.4763815e-01  -5.7349491e-02  -5.9956263e-03   2.2525204e-01   1.2481829e-01   4.2801594e-02  -1.4533848e-01   9.4562547e-02  -1.8309208e-01   7.1936049e-02  -3.0389298e-01  -1.1259592e-01   4.8396715e-01   3.4068019e-01  -8.1868740e-02   4.4148430e-01  -3.4480043e-01  -2.2108276e-02   3.7769187e-01  -1.0357634e-01  -5.9712862e-02   4.0085266e-01   3.1889802e-01   3.9895787e-01  -5.2742468e-01   2.5230975e-01  -3.7676534e-01  -1.1777506e-01   2.0836851e-01  -6.3632935e-02   1.1554686e-01   2.4645564e-02   2.6385955e-01   3.2587690e-01  -1.4804064e-01  -1.2321285e-01  -4.4217299e-01   4.8897951e-01  -3.9659429e-01   1.9009792e-01  -2.4231101e-01   6.1423574e-01  -1.8546596e-01  -1.8828390e-01   8.9100164e-02   1.2288896e-01   7.3618968e-01   4.8172402e-01   1.5216785e-01   4.2517744e-01   3.4267372e-01   8.4829774e-02  -4.0284112e-01  -1.5510574e-01  -2.0543637e-01  -1.1859064e-01   2.2513768e-01   1.8103417e-01   2.9488114e-02   6.0731534e-01   5.0391598e-02  -7.8474162e-02  -3.9967329e-01   3.5651460e-01  -3.1010596e-01  -1.2977038e-01  -2.1381142e-01   1.6801989e-01   3.1159926e-01   9.4003844e-03   1.1128090e-01  -2.7973282e-01   3.3193793e-01   2.3889197e-01   5.8160104e-01  -3.0560031e-01  -4.1419919e-01   3.5691678e-01  -3.1926490e-03  -3.2730442e-01   8.0195997e-03   4.2170505e-01  -2.5920194e-01  -4.5916052e-01   3.8615681e-01   2.4634445e-01  -1.8650625e-01   2.4643973e-02   2.1064774e-01  -4.6391169e-01   2.9116248e-01  -2.4102512e-01  -7.9752001e-02  -1.4944281e-01   8.6754872e-03  -1.8626268e-01  -1.1366947e-01   2.9143807e-01  -1.9392544e-01  -1.3607072e-01   7.1051058e-01  -1.8103688e-01  -4.6216941e-02  -1.2106539e-01  -3.0156178e-01   4.4202620e-01  -1.2612866e-01  -1.7707733e-01  -8.5571343e-02  -3.1740002e-01  -1.8727688e-01   3.6039618e-01  -1.7151901e-01   5.7957461e-01  -1.6250051e-01   2.0176975e-01  -3.7900292e-01  -3.8326385e-01   2.4045802e-02   2.7811451e-01  -3.5737445e-02  -2.5610444e-01  -2.0905889e-01   7.9762617e-02  -1.3023050e-01   1.3952299e-02   2.8026273e-02   1.0722133e-01
   2.0722426e-01   3.3647336e-01   2.1727012e-01   1.5552614e-01  -8.1481494e-02   5.8395258e-01   2.7238543e-01   5.6759228e-01  -2.8230261e-01  -4.5180056e-01   0.0000000e+00   4.0187036e-01  -9.2176282e-02  -3.0864813e-02   4.6913719e-01   3.5662299e-01   3.7891303e-02   4.1955891e-01   3.3234490e-01   4.9801689e-02  -4.8778275e-02   6.2932341e-01   2.1095261e-01  -1.9781086e-01  -2.7891573e-03   4.3589830e-01  -4.1791014e-01   2.4424557e-01  -8.0767410e-02   1.2055011e-01   4.6405686e-01   4.1263084e-01  -5.7797169e-01   3.1042401e-01   3.9083233e-01   3.0242582e-01  -5.3099078e-01  -1.2078658e-01   1.3384513e-01  -3.0270042e-01   2.2431486e-01  -2.4615831e-01  -1.8163855e-01   7.6099365e-01   2.0871843e-01   1.0156327e-01   6.7618107e-01  -1.7896789e-01  -3.3654171e-01  -4.0525684e-01   5.3380717e-01   5.2183496e-01   4.7061688e-03  -2.4838154e-01   2.4919646e-02   5.4682845e-01   3.5266003e-01   5.5615477e-01   4.3338722e-01   5.2655899e-01   1.8362809e-01  -1.4083008e-02  -1.7892781e-01   4.9498384e-01  -1.6621373e-01   5.9565737e-01   3.9372483e-01  -5.8896273e-02   7.6405916e-01   1.0327834e-01  -3.2746129e-01   7.0075112e-02   1.0036527e-01   3.3338514e-01  -2.6051065e-01   2.5776063e-01   1.4491689e-01   2.4485422e-01   3.2179770e-01   7.2113673e-02   4.6821383e-02   1.0908460e-01   3.2495985e-01   4.3233978e-01   4.5592092e-02   2.0630241e-01  -4.8813299e-01  -2.2089691e-01  -2.3199494e-01  -5.6456361e-02  -3.7871633e-01   2.6619938e-01   4.6315842e-01  -1.2840345e-01   9.1575492e-03  -4.5572688e-01  -1.9814691e-01   4.4239740e-01  -3.2777471e-02   2.9553860e-01  -2.9746677e-01   7.3940158e-01   4.9947080e-01   3.2576552e-01   5.6938153e-01   3.8145329e-01  -1.4063926e-01   6.5580765e-01  -4.4726270e-01   2.8871463e-01   6.5597032e-01   7.1023284e-01  -3.1213538e-01   1.0131548e-01  -6.2529000e-02   4.3577779e-01   2.0997683e-01   2.7068274e-01  -9.1189762e-03   2.4480197e-01   3.3863030e-01  -9.6128294e-02  -1.5512413e-01  -2.5733977e-01  -4.3703637e-02   2.6377109e-01   1.5265307e-01  -1.7944479e-01   4.0105280e-01  -4.6414799e-02   5.2227400e-02   7.1302932e-01   6.1603598e-01  -2.6047211e-01  -3.1714873e-01   7.3250680e-02   1.5973498e-01  -3.8826491e-01   2.4939047e-01  -2.4566387e-01   1.6170908e-01   1.0637559e-01   6.1025694e-01  -2.4426878e-02   5.2054543e-01   5.7781173e-01  -1.2652506e-01   4.0413641e-01   4.5482718e-01  -3.6427551e-01   1.6268051e-01   9.5361976e-02   1.3744786e-01   6.4089602e-01  -3.9682505e-01  -6.0426290e-02   4.0769721e-01   4.6949437e-01   1.1490902e-01   4.3338773e-01  -1.4717765e-01   6.2274012e-01  -4.5295725e-01   5.7496930e-01   3.8330217e-01   6.2151964e-01   7.2086184e-01   9.3182082e-02  -3.4535287e-02   1.8392516e-01   3.7612690e-01   1.2497749e-01   2.8378893e-01   1.8018450e-01   1.0893100e-01  -2.5836702e-01   3.1644137e-01
   6.1518594e-02   6.4933108e-01   3.9490304e-01   9.9619218e-02   3.7077834e-01   4.8525458e-01   5.6981299e-01   2.8127010e-01   8.6080132e-02  -3.5838232e-02   4.0187036e-01   0.0000000e+00   6.3971268e-02   1.2999655e-01   4.4452901e-01   6.1348678e-01   3.0854588e-01   4.3333597e-01   2.7801922e-01   5.2248882e-01   7.4588970e-02   2.3791363e-01   1.1825514e-01  -1.9793360e-01   1.2976272e-01   1.1110532e-01   9.9929359e-03  -1.5446182e-01  -8.7765311e-02   4.0919141e-01   4.8759773e-01   4.7068626e-01  -3.1797070e-01   3.0151052e-01   3.6719043e-01   5.7207874e-01  -6.1097668e-02  -1.1457084e-01   4.6651755e-01   1.2648498e-01   5.5108817e-01  -8.7173762e-02   2.6377686e-01   2.4408755e-01   4.2493560e-01   8.4211738e-02   6.1012815e-01   3.1963640e-01   6.8560376e-02   4.6392050e-02   4.2119902e-01   1.6456452e-01   1.2666952e-01   6.9355763e-02   3.3772482e-01   4.2584403e-02  -2.4802033e-02   1.9347470e-01   5.8828832e-01   4.4094566e-01   1.9921510e-01   4.6655364e-01   1.8990799e-01   4.2792263e-01   1.7270486e-01   2.4457055e-01   5.1454227e-01   2.5587989e-01   4.6946232e-01  -4.6775276e-02   1.9367161e-01   3.2389998e-01   4.4644853e-01   1.1197701e-03   3.5015985e-02   1.4961462e-01   1.8923903e-01   1.8404527e-02   4.2936859e-01   3.8139023e-01  -1.0850944e-01   3.3121973e-01   1.9659002e-01   8.3635764e-02   2.1829691e-01   6.0960611e-02  -5.1248051e-02  -2.3752562e-01   3.0253994e-01  -3.0494924e-01   2.5566480e-01   2.5038296e-01   3.6933398e-01   2.5784729e-01   3.4648953e-02   1.3714911e-01   2.3695206e-01   3.3529624e-01   4.3275339e-01   1.9614002e-01  -2.7638416e-01   2.1269467e-01   4.0475635e-01   4.2686146e-01   3.7644082e-01   4.2901988e-01   3.2173862e-01   4.4589014e-01  -1.4523109e-02   9.5622190e-02   2.3020695e-01   3.5470080e-01   3.9669453e-02  -5.2152708e-02  -2.1864881e-01   3.1285751e-01  -1.2357900e-02   5.1682273e-01  -1.0848387e-01   2.5521799e-01   2.1135823e-01   4.9342514e-01   2.6760851e-01   1.6341052e-01  -1.5075707e-01   5.5803547e-02   5.7070420e-01   9.9816277e-02   7.8520007e-02  -1.8734764e-01   3.7520333e-01   4.0095419e-01   3.5521994e-01   1.0329617e-01   1.9197518e-01   9.3682061e-02   2.4024281e-01  -2.2837173e-01   5.8204698e-02  -6.0937373e-02   1.9957207e-01  -4.6812777e-02   2.7808053e-01  -1.3512941e-01   4.3100037e-01   4.3125476e-01   3.9436847e-01   3.7627767e-01   2.2602610e-01  -3.7042412e-02   7.0876792e-02   2.9602326e-03   1.9901519e-01   4.9453354e-01   1.8690806e-01  -5.8185707e-02   2.6440159e-01   5.2786012e-01   1.2924569e-01   1.9382473e-01   2.3320583e-01   2.5133593e-01  -1.8520566e-01   4.6399763e-01   4.6472001e-01   3.6170131e-01   4.6739125e-01   1.3066875e-01   2.0477088e-01   1.9281677e-01   3.5698957e-01   2.5244344e-01   4.3160382e-01   1.5736237e-01   1.2449206e-01  -2.7693995e-01   4.6279782e-01
  -1.2215153e-01   5.0442457e-02  -3.9577027e-02   9.6004518e-02   2.8511541e-01  -3.0771216e-02  -1.3294180e-02   4.6548814e-02   2.2748695e-01   3.4794925e-01  -9.2176282e-02   6.3971268e-02   0.0000000e+00   9.4542059e-02  -8.6188118e-02   8.7767821e-02   6.7413580e-02  -2.4529199e-02   1.0838093e-01   2.3621925e-01   1.1652213e-01  -1.7820196e-02  -5.0775447e-02  -4.4496367e-02  -1.3583772e-02  -3.5388861e-02   2.8546502e-01  -1.9511914e-01   3.0833589e-02  -8.4882606e-02  -2.2031516e-01  -1.6610519e-01  -9.6458762e-02   8.4509131e-02  -1.2060669e-02   1.3958482e-01   2.2305878e-01   2.2250905e-01   2.6551829e-01   3.6884731e-01   5.9191067e-01  -2.9662354e-01   1.0606447e-01  -2.5099136e-02   1.8401161e-01  -5.9803120e-02   1.0780529e-01   1.8022718e-01   1.7620110e-01   1.4332755e-01  -2.7488080e-02  -3.1141190e-03   2.6446729e-01   1.4310114e-01   1.3288943e-01   8.9449617e-02   3.3622277e-02  -1.4225677e-01  -8.2022428e-02  -1.2392314e-01   5.7477466e-02   3.3403186e-01   1.3288861e-01   1.4017975e-02   3.9074385e-02  -8.3723191e-02   1.3733300e-01   1.1260345e-01   1.2411935e-01   1.3840526e-02   3.2947017e-01  -2.5772131e-02   5.1326140e-01  -1.7975450e-01  -1.5267208e-01  -1.6422469e-01  -4.7218225e-02   1.9347732e-01   2.6352427e-02  -1.9040161e-01  -1.7400284e-01   3.8306640e-01   3.1998416e-01  -1.7849603e-01   5.2586663e-02  -2.1889830e-01   2.7769724e-01  -1.4700456e-01   2.5106141e-01  -7.3937457e-02   1.5037839e-01  -1.6163906e-01   1.1472448e-01   3.0182029e-01   2.2165334e-01   3.2557999e-01   7.2411081e-02   2.3042873e-01   1.0831606e-01   8.8072668e-02   3.1827694e-02  -1.9258075e-01  -2.3116539e-01  -2.1641431e-01  -2.7891734e-01   6.9405465e-02   2.3593716e-01   7.1956017e-02   3.1429469e-01   1.6022380e-01   9.8093625e-02  -2.5955741e-01  -1.7820020e-02  -1.4497220e-01  -4.9229901e-02   1.5434252e-01   1.7285025e-01   3.8608892e-01  -3.1365452e-02  -1.1806220e-01  -1.8015988e-01   1.8574022e-01   2.4915039e-01   2.0178467e-01  -1.2360463e-01  -1.2822874e-01   1.5022754e-01   1.3661559e-01  -1.5902119e-01   4.4369841e-02   5.1895444e-01   2.8389248e-02  -2.7628048e-01   2.5532438e-01   1.7318557e-01   1.1553241e-02  -1.3377243e-01   8.9605841e-04  -8.0287569e-02   7.8552895e-02   2.6053941e-02   4.8419338e-01   7.6210094e-02   2.3311570e-02  -1.4650535e-01  -1.8505428e-01   2.4140079e-01  -7.0623897e-02   4.3421259e-02   2.5387124e-01  -2.1569711e-02  -1.4455886e-01  -1.7287154e-01  -5.3805612e-02   2.7627123e-01  -1.4836799e-02  -5.9831087e-02  -9.5647111e-02  -2.2400145e-01  -1.9674601e-01   7.7954587e-02  -3.3651810e-02   7.5350030e-02  -2.2220985e-01   2.5286863e-02   1.0463822e-02  -2.5309938e-02   3.0287043e-02   2.5645932e-01   3.3780073e-01   6.0564140e-02  -7.4010948e-02  -1.4191399e-02  -1.4846594e-01  -2.6150806e-01   2.2935064e-02   1.1921965e-01
   5.0037647e-01   1.9523899e-01   4.0720482e-01  -2.0699758e-01  -7.1885657e-02   1.9395746e-01  -6.0957751e-02   1.7884977e-01  -2.6683967e-01  -1.0965944e-01  -3.0864813e-02   1.2999655e-01   9.4542059e-02   0.0000000e+00   3.3648303e-01   3.3331203e-01   3.2780563e-01   7.5494684e-02   1.6038826e-02  -4.2449216e-02  -1.5900189e-01  -2.0258068e-01   4.2726858e-02   2.5827951e-01   1.2895094e-01   2.0049879e-01  -5.5017347e-02   5.2858678e-01   7.0143645e-02  -1.2508047e-01   2.9226861e-01   3.3408697e-02  -9.2746628e-02  -3.7032648e-01   1.3242320e-01  -1.4029017e-01   9.2347897e-02  -1.5495161e-01  -8.3622034e-02  -1.5570789e-02   5.1466189e-02   7.6036348e-03  -1.6019175e-01   1.5018152e-01  -2.2275254e-02   4.4533362e-01   9.7074138e-02  -2.5093329e-01   8.0093532e-02  -2.6253380e-02   1.2781195e-01   1.6296928e-01  -3.9802776e-01   3.3054074e-01   3.8583101e-01   3.2847588e-01   2.1308246e-02  -4.2654339e-02   6.2164813e-02   1.6020833e-01   2.3998530e-01  -1.6324245e-01  -1.2171026e-01   1.7257220e-01  -1.0802260e-01  -1.2302394e-01   3.2682964e-01  -1.2754418e-01  -1.0574765e-01   3.6121923e-01  -1.1556408e-01   7.0116867e-03  -1.2645523e-01   4.6295362e-01   3.4312871e-02  -1.5669267e-01   1.8763719e-01  -1.0037147e-03  -2.7823768e-01   3.4960583e-02   3.8861631e-01  -9.7893467e-02   3.8997875e-02   8.4516108e-02   6.7101705e-01  -7.4405615e-02  -1.5523428e-01   5.2263359e-01   1.5955187e-01   3.6618104e-01  -1.1090404e-01   3.7372089e-01  -1.6875785e-01  -2.4687036e-01   1.0909684e-01   7.2198567e-02   9.5399894e-02  -2.8739045e-01  -2.1512989e-02   1.1390513e-01   5.7987210e-01   1.7060038e-01   2.4762132e-01   1.8227486e-01   1.6821205e-01  -2.1449999e-01   3.2165939e-01  -1.7948432e-01   1.4714823e-01   8.2112477e-02  -2.2517727e-02   1.3312567e-01  -7.0168910e-02   4.8926058e-01   6.1985934e-01  -2.1301665e-01   1.2483316e-01   1.2582939e-03   5.6578344e-01   3.7647704e-02   3.8764724e-01  -2.6889764e-02   1.0346886e-01  -8.5073428e-02   2.5768196e-01   6.6075158e-01   2.9204877e-02   1.3370058e-01  -1.1306419e-01   3.7688284e-01  -9.0077718e-02  -3.0118644e-01   4.1008520e-01  -9.8747062e-02   2.4730692e-02  -6.2734126e-02  -3.3186944e-02   1.2976827e-01   5.2228093e-02   2.2722649e-01   5.7880330e-01  -1.6361023e-01  -7.7273496e-02   4.0700101e-01   1.9477978e-01   3.5803885e-02  -1.1570966e-01  -1.3916641e-01  -1.5493095e-01  -1.2618124e-01   5.8838770e-01   2.2847817e-01   4.6997979e-01   4.8560494e-02  -8.3179069e-02   2.3526116e-01   2.9851645e-01   1.8562435e-01   3.0814063e-01   1.6846029e-01  -1.3797752e-01   1.5429355e-01   3.9672413e-02   3.9589816e-02  -8.9996549e-02  -1.7361773e-01  -2.8665574e-02   4.6893372e-01   4.0123058e-01  -1.6016259e-01  -2.4032016e-01   9.0725610e-02  -1.5979192e-01   3.5045598e-01   2.3352150e-01   1.0167958e-01  -1.3703310e-01
