   0.0000000e+00  -3.6351376e-01  -1.3098537e-01   1.8032974e-02  -2.4230750e-01  -3.1202794e-01  -1.1369179e-01   9.1281239e-02  -3.8205270e-02  -2.0589049e-01   7.1637339e-02  -2.0816184e-01   5.0078607e-02   6.3394681e-01   1.4839633e-01  -1.1949927e-01  -2.5860465e-01  -2.6097913e-02  -7.4188522e-02  -2.4570775e-01   2.4370258e-01   8.6734586e-02   1.0720649e-01   7.4789437e-01   4.2925216e-01   2.6630943e-01  -4.7089294e-01   6.4402794e-01  -7.2512828e-02   6.3708904e-02   1.0556066e-01  -2.5384866e-02   1.7583982e-01  -1.5273493e-01  -3.6346100e-01  -1.9235902e-01   8.5284187e-03   2.3056097e-02  -8.5656897e-02  -1.7938624e-01  -3.1733828e-02   2.5282788e-01  -2.2208482e-01   4.1089751e-01  -1.5953958e-01   3.6024895e-01   3.9715766e-03  -1.7684807e-01  -4.1708505e-02  -2.1092009e-01   3.4599766e-02   3.9274463e-02  -3.2224166e-01   1.6284414e-01   5.8286149e-01   5.6694133e-01   8.1921488e-02   1.6838489e-02  -3.6585846e-02   2.6671361e-01   2.9185348e-01  -9.7141175e-02  -1.8834765e-01   1.4606169e-02  -5.1498149e-02  -2.7591193e-01  -4.0100566e-01  -2.8184534e-01  -4.6694073e-02   6.2667157e-02  -4.3850333e-01  -1.9659561e-01  -1.7642929e-01   2.4278427e-01   2.0564749e-01   1.5067891e-01   1.9919963e-01   6.5613774e-02  -3.7113782e-01  -2.3175471e-01   5.6038942e-01  -2.9033662e-01   1.4681984e-01   3.7151313e-01   4.7266355e-01   4.0859031e-02  -8.7450396e-02   6.1887017e-01  -2.7388409e-01   6.8869495e-01  -1.0507872e-01   4.3879548e-01  -5.2490464e-02  -8.0132314e-02   1.0506521e-01  -4.6190491e-01  -3.2099692e-01   9.8736746e-02  -1.8183327e-01   7.4259937e-04   4.5268396e-01   2.5946197e-01   4.7382304e-01   1.6842523e-01   8.7516472e-02   4.5624738e-02   2.2015024e-01  -1.5561805e-01   1.6728884e-01  -3.0416220e-01   5.0663501e-02   1.0569484e-01  -6.4125873e-02   6.3954480e-01   5.0436352e-01  -1.9414276e-01   1.8350312e-01  -3.5908248e-02   5.6342535e-01   2.8314672e-02   5.2261940e-01  -2.1780320e-01  -3.3786361e-01  -8.4870154e-03   2.2213399e-01   5.6739118e-01   1.7992800e-01   2.1757214e-01  -2.6615719e-02  -5.1081739e-02  -2.0553000e-01  -9.2459939e-02  -1.8907158e-01  -7.6131390e-03  -8.5723486e-04   7.0292483e-02  -9.4288374e-02   6.1121053e-01  -5.3403439e-02   5.4943697e-01   6.7264821e-01   5.8694417e-03  -5.1632025e-02   3.5923984e-01   4.8543650e-01   4.3725778e-01  -1.4562574e-01  -3.1558896e-01  -1.7137700e-01   7.2764361e-02   6.2169267e-01   4.7608309e-01   5.9077110e-01  -1.6460280e-01  -3.3774897e-01   6.0854377e-01   5.5098498e-01  -6.2810998e-02   2.2909588e-01   4.6331543e-01  -3.9758248e-01  -1.9920720e-01  -6.7488993e-02  -8.2769774e-02  -1.6847919e-01  -2.2688465e-01  -2.2095043e-01   4.2880997e-01   4.9609647e-01  -2.2008649e-01  -2.4425917e-01   2.4851051e-01  -3.2983984e-01   2.2298286e-01   1.4392504e-01  -2.2979857e-02  -5.4724698e-02
  -3.6351376e-01   0.0000000e+00   4.2587235e-01  -1.4966071e-01   3.1064994e-01   1.4366541e-01   1.6284416e-01  -4.8434393e-02   3.2095870e-01   3.0749487e-01  -4.7660372e-01   7.2727753e-01  -6.4737200e-02  -1.8861081e-01   1.1201366e-01   2.2017993e-02   5.8732498e-01  -4.1615986e-01   9.8139816e-02   2.1495824e-01  -3.5579441e-01  -2.0073077e-01  -1.3198707e-01  -4.5755187e-01  -1.5620259e-01  -2.8182374e-01   6.3123298e-01  -5.2004603e-01   2.3852273e-02  -3.1221263e-01  -3.9898370e-02  -1.7645869e-01  -5.0254714e-02   4.6546336e-01   6.3301539e-01  -5.4507939e-02   8.9543307e-02  -7.7380052e-02   9.8358340e-02   3.6227312e-01  -1.4212279e-01  -2.1147902e-01   5.2394442e-01  -4.4309417e-01   2.4305205e-01  -4.1079181e-01  -3.7462166e-01   3.9896982e-01   8.5656649e-02   3.3961285e-01  -3.6513441e-01  -1.2380141e-01   6.6131854e-01   9.0911839e-02  -1.2862375e-01  -7.0522727e-01  -2.8536787e-01  -1.9783336e-01  -1.2052265e-01  -1.4697856e-01  -2.0965539e-01   1.3692838e-01   4.8147290e-01  -2.6667710e-02   3.0963366e-01   3.7168906e-01   5.1874137e-01  -7.2560954e-02  -4.5985800e-02   2.1715357e-01   7.1404591e-01  -2.6345388e-01  -3.3800725e-02   1.9462461e-01  -4.9317426e-02  -1.7348196e-01  -2.1485430e-01  -5.3506437e-02   4.7540251e-01   1.9566466e-02  -4.6026689e-01   2.1772438e-02  -1.5830639e-01  -1.8206324e-01  -2.0161303e-01  -2.6927627e-01   2.6591381e-01  -2.9329798e-01   6.1582742e-01  -4.3914835e-01   3.4870269e-01  -3.5432902e-01   2.4333738e-01   7.5592402e-02  -2.0570903e-01   4.2929461e-01   1.2578239e-01   1.0288785e-01   2.0950876e-02  -2.3375691e-01  -1.9030931e-01  -3.2080129e-01  -4.3479208e-01  -1.0561737e-01  -3.9205321e-01  -1.6547178e-01  -6.6939876e-02   2.1131218e-01   5.8044946e-03   4.7979676e-01  -1.4472788e-01  -3.6119796e-01  -3.9739286e-02  -4.8858727e-01  -3.0357271e-01   3.4350703e-01  -1.1123672e-01  -1.6042912e-01  -3.7880414e-01  -1.5139830e-01  -4.2876291e-01   3.4490978e-01   3.7398330e-01   8.2488544e-02  -3.4655349e-01  -1.9818455e-01  -1.3009836e-01  -1.1470089e-01  -9.2910200e-02   3.8679518e-01  -1.1664658e-02  -9.6827124e-02   7.7906685e-01   5.2324530e-02  -1.1279422e-02  -1.1809254e-01   1.2256881e-02  -4.5702458e-01  -1.2418438e-01  -3.6782600e-01  -4.5126243e-01  -6.5315699e-02  -1.5563429e-01  -1.6140236e-01  -4.8100534e-01  -4.6629045e-01   3.1459007e-01   3.7969457e-01  -1.1229182e-01  -1.1220503e-01  -4.0195423e-01  -2.7862734e-01  -3.8755635e-01  -8.7861309e-02   7.6528349e-01  -3.4897568e-01  -3.8994591e-01  -9.5669742e-02  -1.9971803e-01  -4.2501843e-01   3.6128331e-01  -3.5529068e-02   1.6887155e-01  -1.7272165e-01   1.5409695e-02   4.4848196e-01   6.4719830e-02  -4.3932101e-01  -3.9093148e-01   2.9121238e-01   2.5716871e-01  -2.6768437e-01  -9.3296646e-02  -2.7125425e-01  -3.1365262e-01  -6.8476557e-02  -5.9369167e-02
  -1.3098537e-01   4.2587235e-01   0.0000000e+00   5.1433463e-02   1.2887247e-01  -1.7915967e-01  -3.2480435e-01  -1.0540408e-01   1.6506473e-01   1.5334651e-01  -3.1406294e-01   3.0867125e-01  -2.0639250e-01  -8.6520776e-02   9.0198646e-02  -1.0007752e-01   8.2747749e-01  -2.8363886e-01  -3.6163714e-02   4.1831284e-02  -2.4113202e-01  -8.5056338e-02  -1.6150937e-01  -1.2566458e-01  -4.1764127e-01   7.3506959e-03   3.5720032e-01  -9.5882503e-02   4.4206539e-02  -2.9865340e-01   6.8138828e-02   5.0939904e-02   2.5682140e-02   1.4325339e-01   1.9522422e-01  -1.3848058e-01   4.5740079e-02   3.2086992e-02  -1.1854782e-01   2.5169460e-01  -2.3266350e-01  -1.1475909e-02   8.4039362e-02  -2.0791256e-01  -7.7033625e-02   1.6727313e-02  -1.3435899e-01  -1.2974606e-01   1.1280985e-01   6.1861528e-01  -2.7058939e-01   2.8578382e-02   3.8265893e-01   2.2750005e-01   7.1781840e-02  -2.5981344e-01  -5.5296784e-03   5.5995474e-02  -9.0765399e-02   1.4611854e-01   3.3120897e-01   1.0151937e-01   1.1508901e-01   9.4405376e-02   1.0161131e-01  -2.2795161e-01   2.3900496e-01   5.9074232e-02   1.7242574e-01   3.3451519e-01   2.8789490e-01  -4.1408117e-02  -1.7095297e-02   3.5483553e-01  -1.1246718e-01   8.6219405e-02   1.1581439e-01  -1.0950950e-01   2.0395641e-01  -6.7112725e-04  -1.6632496e-01   6.5180172e-02  -2.5587782e-02   7.6457669e-02   2.2346582e-01   6.9072487e-02   9.7114247e-02   2.1243361e-02   1.3561487e-01  -1.2921231e-01   3.6191851e-01   2.3672126e-01   3.0040523e-01  -5.1595543e-02   5.2951701e-02  -1.3746651e-01  -3.4431462e-02  -1.3606698e-01  -1.2559575e-01  -3.7065697e-01   3.2646913e-02  -1.1821781e-01  -1.5533801e-01   3.9641708e-02  -4.0200209e-01   3.6520283e-02   2.7481662e-01   8.1835376e-02   9.6486639e-03   5.6056026e-02  -4.2907028e-02  -1.3345509e-01  -1.5482042e-03  -1.3404825e-01  -3.9807221e-02   1.0192812e-01  -8.0050363e-03  -1.4779823e-01   7.5128865e-02  -1.8368585e-02  -1.0094763e-01   2.7405401e-01   3.4213730e-01  -9.6918176e-02  -4.4940345e-02  -9.7717900e-02  -1.1442513e-01  -7.4849629e-02   4.7117150e-03   4.8087185e-01  -2.0090682e-01  -1.9148945e-01   3.6511716e-01   2.3110865e-01  -4.8459959e-02   1.0806244e-01  -1.1439615e-01  -1.8221555e-02   1.8252195e-01  -1.4401899e-01  -1.5793058e-01  -1.1869891e-02  -5.6069672e-02   2.5009936e-01  -4.3338771e-02  -1.9767017e-01   1.4044621e-01  -2.0604296e-01  -2.3796974e-01  -7.3511720e-02  -4.9739331e-02  -6.2738413e-02   1.2922329e-01  -3.5518898e-01   4.8105161e-01  -3.7058176e-02  -1.0428618e-01  -1.9020363e-01   3.1141681e-01  -2.0001436e-01   2.6488701e-01  -6.0418839e-02  -1.8030225e-02  -1.7834587e-01   1.7102979e-01   7.7550618e-02  -2.5868454e-01  -9.2532809e-02  -3.0068139e-02   1.1632575e-01  -1.5327397e-01  -9.4609188e-02   5.8876460e-02   8.8333390e-02  -4.0329688e-01  -2.0713164e-02   9.0093352e-02
   1.8032974e-02  -1.4966071e-01   5.1433463e-02   0.0000000e+00  -1.9844155e-01   1.1596223e-01   3.6743807e-02   4.3532002e-01   3.3943560e-01  -1.6726830e-01   3.8579841e-01   3.1777709e-02  -6.1109757e-02   1.2820538e-01   7.4711026e-02   1.2287036e-01   6.5337737e-02   3.1323167e-01   2.0711520e-01   1.4743029e-01  -2.9873488e-01   6.7775100e-01  -7.6308478e-02   8.5029370e-02   2.2959485e-01   4.0705337e-01   2.2815802e-02   1.7139851e-01   2.0683114e-01   3.6924903e-01  -1.8072147e-01   6.2852776e-01   2.1631506e-01  -2.9687722e-01  -9.9993902e-02  -2.9118816e-02  -3.2451216e-02  -1.0533237e-01   2.0495692e-01  -1.4322046e-01   1.4615578e-01   2.0031559e-01   3.1401009e-01   1.1823460e-01   2.8735935e-01  -7.7066929e-02   3.1799416e-01  -1.8570602e-01  -2.6960339e-01   4.9519447e-03   3.6687671e-01   2.7278274e-01  -2.8205630e-01   7.4560368e-02  -1.9604941e-01   9.7023068e-02   4.8907693e-01   5.8028064e-01   5.0841889e-01   3.7941173e-01   3.1226656e-02  -1.2892150e-02   1.4631986e-01   9.4073271e-02  -2.7403476e-01  -1.1460198e-01   2.7145297e-02  -1.6280920e-01   5.1201142e-01   5.8525420e-03  -3.9222053e-01   4.9224828e-01   4.2374383e-02   4.3410359e-03  -1.2000388e-02   4.7144218e-01  -3.1090679e-02   2.9570079e-01  -2.6560235e-01   3.4929324e-01   1.4773218e-01   1.6427539e-01  -3.1851135e-01   4.1138185e-01  -6.7765684e-02   3.5739218e-01  -4.5858348e-01  -1.4659269e-01  -9.0212663e-02   1.1053131e-01  -4.4784935e-02   7.1594116e-02  -1.6728142e-01   3.4392393e-01  -1.2158332e-01  -2.2959995e-01   1.7390576e-01   1.5503111e-01   5.0773226e-02  -9.2960022e-02  -1.4810440e-01   2.7291791e-01   4.8155281e-01   3.7987107e-01   5.1833897e-01   6.5762533e-01   1.6381900e-02   3.4460403e-01   1.5881376e-01  -1.1006259e-01  -2.6687323e-01   5.2786570e-01   6.5851835e-01   1.4537129e-01   6.6983395e-02  -1.1193411e-01   5.4162608e-02   1.0695945e-01  -8.2605469e-02   8.3855739e-01  -1.1952833e-01  -1.9929272e-01  -1.0133319e-01  -7.0941120e-02   4.5217757e-02   2.4483239e-01   9.8766834e-02   1.1167325e-02   5.3448700e-01  -7.4571130e-02   1.9500884e-01   1.3137719e-02   4.6719107e-02  -3.4629148e-01   4.1253472e-01   4.8803692e-01   1.3579023e-01  -9.3684944e-03   4.9010003e-01   1.0520644e-01  -7.2139693e-02  -1.4231363e-01   2.6830100e-01   2.6035863e-02   1.2634772e-01   2.3952632e-01  -3.2063581e-01  -3.1510441e-01   3.1199886e-02  -3.6822087e-01   1.1533616e-01  -2.0325565e-02  -5.6706127e-02   9.4604381e-02  -1.7448953e-01  -1.6724021e-02  -3.0209665e-02   3.8733018e-01   4.6684930e-02   4.2612272e-01   1.6191962e-02   4.6889943e-01  -3.5580271e-01   5.2629392e-01   5.7038490e-01   5.3124374e-02   1.3276584e-01   4.3600410e-01   6.1076504e-02  -1.8041251e-01  -2.0582140e-02  -1.7881475e-01   1.5256332e-01   3.5240736e-01   2.5896418e-01   1.7577976e-01   6.3425291e-01
  -2.4230750e-01   3.1064994e-01   1.2887247e-01  -1.9844155e-01   0.0000000e+00   4.1090733e-01   3.0411626e-01  -2.4691958e-01  -5.5016123e-03   2.2901020e-01   1.5885316e-01   3.1472301e-01   2.4555868e-01  -4.0097659e-01   1.6720778e-01   6.3024850e-02   1.8217267e-01   2.0498637e-01  -9.6405324e-02   5.9920992e-01   1.8991789e-01  -1.9284421e-01   1.7449173e-01  -3.3439565e-01  -1.7404850e-01  -3.2291694e-01   5.4737502e-01  -2.9075263e-01  -3.7374856e-01   1.6245487e-01   2.8406109e-01  -1.5076195e-02  -1.9540918e-01   2.2833725e-01   2.5204763e-01   7.0119265e-01  -8.2271922e-02  -2.0108676e-01   1.1551221e-01   2.6609582e-01   1.1225179e-01  -2.0918973e-01   2.2305173e-01  -3.0813090e-01   3.0234954e-01  -1.0960202e-01   2.9142829e-01   3.3147310e-01   4.8915075e-01  -1.0107938e-01   2.9796246e-01  -1.2519393e-01   3.1351501e-01  -2.3582734e-01  -1.6480070e-01  -2.9838000e-01  -4.4772886e-01  -9.9849397e-03   2.5270196e-01  -1.9220091e-02  -5.0502179e-02   5.4032519e-01   1.8910681e-01   7.0729574e-02  -6.8735851e-02   4.8221128e-01   4.7497041e-01  -1.7090841e-01   6.7111096e-02   3.0263190e-01   4.6491785e-01   9.0446104e-02   2.2361277e-01  -2.7236220e-01  -2.1352739e-01  -2.2552986e-01  -8.2632836e-02  -1.1904019e-01   6.9320670e-01   2.6911235e-02  -1.1169258e-01   2.5121117e-01  -1.7051875e-01  -2.9150301e-01  -3.6236260e-01  -1.2103706e-01   2.2355557e-01  -4.3603522e-01   1.8738234e-01  -3.6919625e-01   2.2860966e-01  -1.4268751e-01  -4.3022596e-02   9.2566697e-02   1.8676039e-02   5.8967219e-01   2.3454104e-01  -2.5826766e-01   4.5252934e-01   3.3747384e-01  -8.8448122e-02  -5.9230338e-02  -2.0302189e-01  -1.6250379e-01   1.2496859e-02  -9.6919531e-02  -3.1742354e-01  -1.1840017e-01  -3.5629491e-01   5.5936802e-01  -6.9689044e-02  -4.1035028e-02  -1.1322351e-01  -3.6112640e-01  -5.0517203e-02   3.0166014e-01  -2.2587464e-02   2.9289601e-01  -3.1386352e-01  -1.9185065e-01  -3.0935136e-01   3.0046762e-01   7.5757198e-02   7.1882916e-02  -2.0979412e-01  -2.6617728e-01   1.4855816e-01   7.9711166e-02  -1.9365380e-01   2.9805444e-01   3.6332024e-02   4.4632816e-01  -2.3819555e-02   2.9803805e-01  -1.2992426e-01  -1.4220638e-01  -2.3107784e-01  -2.8001740e-01  -7.8759436e-03  -2.7553155e-01  -2.3155044e-01  -3.2421620e-03   1.3662963e-01  -3.5136788e-01  -1.8262092e-01  -1.9667946e-01   2.7468885e-01   5.3405592e-01   4.1473368e-01   2.7105844e-01  -4.1424781e-01  -8.8497058e-02  -2.6663914e-01   1.7153638e-01   1.4022695e-01  -1.7213147e-01  -2.2442313e-01   2.4570123e-01   2.8888720e-02  -5.0233695e-02  -1.0104970e-01   2.2535608e-01   4.6798415e-01   2.2251122e-01  -2.1738998e-02   1.9459142e-01   1.8993511e-01  -3.0756394e-01  -6.4177735e-02   3.0217703e-01   2.8189103e-01  -2.9205077e-01   2.8681554e-01  -2.6127308e-01  -2.0680866e-01  -1.0720504e-01  -1.7709754e-01
  -3.1202794e-01   1.4366541e-01  -1.7915967e-01   1.1596223e-01   4.1090733e-01   0.0000000e+00   4.4172761e-01  -8.3873572e-02  -1.8091194e-01  -4.8767189e-02   2.5029764e-01   2.6481850e-01   2.0765683e-01  -3.0349843e-01  -1.2971034e-01   9.9041927e-02   3.9015353e-02   2.5310171e-01   8.6172675e-02   4.6146069e-01   3.4211184e-02   1.0907531e-01  -5.2513644e-03  -3.5157483e-01  -9.5842665e-02  -2.3676202e-01   4.6968889e-01  -3.7111916e-01  -7.4550971e-02   4.0561838e-01  -1.5620036e-01   4.8108695e-03  -1.7026325e-02  -8.1274858e-02   1.9792042e-01   5.4737254e-01  -4.5825713e-02  -9.0216711e-02   2.1600239e-01   2.6853111e-01   2.2103207e-01  -1.3324828e-02   2.9074510e-01  -3.9229394e-01   3.3739754e-01  -9.7811268e-02   4.1740487e-01   3.1661233e-01   5.4045592e-02  -1.7206846e-01   2.7377122e-01  -1.5825515e-01   1.7741649e-02  -4.1582899e-01  -4.4564614e-01  -3.6633402e-01   1.5213015e-01   5.2048390e-02   3.2976438e-01   3.9059075e-02  -2.1716211e-01   2.8736698e-01  -7.4070420e-03  -1.5729919e-01  -3.2048576e-01   5.6413368e-01   6.5210681e-01  -2.3500372e-01   1.0892122e-03   4.2178569e-01   2.5821295e-01   2.3112550e-01   2.2013055e-01  -3.8432611e-01  -3.2516455e-01  -8.9221897e-02  -7.8265542e-02  -1.1023945e-02   2.5196943e-01   1.4086287e-01  -2.8521453e-01   2.3333117e-01  -3.1848680e-01  -9.0768704e-02  -5.7232073e-01  -8.0879008e-03  -1.7462459e-01  -4.6102980e-01  -3.0248217e-02  -3.1700432e-01  -4.5835866e-02  -3.2837009e-01  -3.4787677e-01   2.3342319e-01   8.3392593e-02   5.4034146e-01   2.4093825e-01  -1.7480878e-01   1.8467014e-01   3.7042642e-01  -1.3860731e-01  -8.5025361e-02  -7.9102680e-02  -1.9726466e-01   2.2950452e-01  -4.0446680e-02  -3.5793490e-01  -8.5615864e-02  -9.1261736e-02   5.4383195e-01  -2.8363682e-01   2.6599829e-01   5.1571220e-02  -3.1986856e-01  -9.5757090e-02  -4.3293842e-02  -3.3791886e-01   2.5045579e-01  -4.1788157e-01   3.9910948e-02  -3.2051182e-01  -1.7416578e-02   1.9486028e-02  -1.1971905e-01  -4.3755825e-02  -1.5309423e-01  -5.7667760e-02   1.5903205e-02  -1.5519317e-01   3.8009459e-01   4.0653733e-01   1.7393232e-01  -5.3846544e-02  -1.7656534e-01  -1.4085054e-01   6.2378565e-03  -7.2186216e-02  -4.8223766e-01   1.7685868e-01  -3.8683850e-01  -4.7281030e-01  -7.6472709e-02   1.0117211e-01  -2.8804883e-01  -4.3480472e-01  -3.2183572e-01  -2.3717735e-02   4.4433065e-01   5.6778237e-01  -1.7128314e-01  -3.9568583e-01  -1.9168426e-01  -4.7369882e-01   1.6493263e-01   1.2543406e-01  -3.3911149e-01  -2.6190351e-01   3.9391922e-01  -1.9284454e-01   3.2100524e-03  -1.5271029e-01   3.4134540e-01   2.7718208e-01   3.8999469e-01  -2.2003334e-02   4.9859508e-02   2.9848391e-01  -1.0693209e-01  -3.0121290e-01   1.2434434e-01   3.4669508e-01  -1.9031975e-01   1.0985826e-01   1.5791252e-01  -1.2908413e-01  -9.8832973e-03   8.3085354e-02
  -1.1369179e-01   1.6284416e-01  -3.2480435e-01   3.6743807e-02   3.0411626e-01   4.4172761e-01   0.0000000e+00  -6.4280556e-02   1.1457042e-01   1.6087773e-01   3.9450151e-01   4.7293085e-01   2.5578287e-01  -5.4168229e-02   5.1477465e-01   1.9080281e-01  -3.3907539e-01   4.4762272e-01   5.2906211e-02   5.0302427e-01   2.3092726e-01   1.8383396e-01   5.6582383e-01  -2.5071866e-01   1.4320472e-01  -2.6175646e-01   3.3238121e-01  -8.7814251e-02   7.6231328e-02   4.1368865e-01   1.8605312e-01   8.5760170e-02  -3.0456005e-01   4.3715195e-01   4.0078574e-01   5.1924329e-01  -1.5721903e-01  -2.0975432e-01   4.1529532e-02  -1.8948546e-01   2.2646536e-01  -3.1961666e-01   5.3801331e-01  -3.4104246e-01   5.2454882e-01  -3.1368742e-01   3.0963810e-01   7.4192505e-01  -1.2252076e-01  -5.7091937e-01   5.6755948e-01  -1.9710298e-01  -1.8704104e-01  -4.2794627e-01  -2.5382836e-01  -1.9226203e-01  -1.6039868e-01   1.9357436e-02   3.0390689e-01   1.6836424e-01  -4.0399011e-01   3.6689067e-01   2.1506650e-02   3.2945258e-02  -1.1881689e-01   7.3590098e-01   1.1288329e-01  -1.6893334e-01  -5.5497634e-02   2.7449095e-01   6.4962197e-03   2.8898751e-01   1.7410615e-01  -2.3818028e-01  -3.8728677e-01  -1.1331323e-01  -2.2987907e-01  -1.5328235e-01   9.3967761e-02   5.0094134e-02   1.8309094e-01   2.2518899e-01  -2.3739997e-01  -2.8828573e-01  -6.5669906e-01  -6.7885711e-02  -1.6966401e-01  -3.9641618e-01   2.5823629e-01  -2.3833939e-01  -4.7095280e-01  -4.7585955e-01  -1.6667572e-01   3.1412332e-01  -1.1398008e-01   4.5907584e-01   4.2551160e-01  -1.4897570e-01   2.6356462e-01   6.7106225e-01  -6.8954983e-03   1.0241521e-01   1.1333170e-01   2.8897909e-01   4.6240443e-01  -6.1686395e-02  -4.4499394e-01  -1.4255556e-01  -9.1579607e-02   1.2731509e-01   1.6042000e-01   1.5442901e-01   2.2711996e-01  -2.0759454e-01   1.5640343e-01  -3.1247814e-02  -7.4137912e-02   3.0628170e-01  -4.1513788e-01   9.8218573e-02  -3.2973615e-01  -3.0475578e-01   1.6277871e-02   2.7182939e-01  -1.9331918e-01   1.2297012e-01   5.1952317e-01  -2.9276359e-01   5.4442361e-02  -4.5990358e-02   1.7488179e-01   5.3472227e-01  -1.0343984e-01   1.8004248e-02  -3.2956836e-02  -9.6412285e-02   1.9734531e-02  -2.3651178e-01  -1.9892036e-02  -1.9227968e-01  -1.9993447e-01  -7.6050437e-02  -8.1913564e-03  -4.0448974e-01  -2.0567394e-03   1.4457718e-01   2.4618609e-01   4.0968174e-01   4.4248382e-01  -6.2409606e-02  -2.7822325e-01   1.5595796e-01  -4.8175679e-01   4.6177633e-01  -1.3279043e-01  -2.2542113e-01  -2.3517601e-01   3.8670736e-01  -4.7885740e-01   2.5503936e-01   5.6058437e-02   1.7889426e-01   2.1272450e-01   5.5489857e-01  -1.0159627e-02   2.0008620e-01   5.6955236e-01  -2.1730080e-01  -1.6651653e-01  -1.8398772e-01   4.5853957e-01  -3.1694837e-01   3.1943406e-01  -1.5272945e-01   4.7742320e-02  -3.7740147e-01  -6.2901948e-02
   9.1281239e-02  -4.8434393e-02  -1.0540408e-01   4.3532002e-01  -2.4691958e-01  -8.3873572e-02  -6.4280556e-02   0.0000000e+00   4.6946726e-01  -8.9397764e-02   3.0123020e-01  -8.6960403e-02   1.6933301e-01   1.2645420e-01  -1.1146344e-01   2.2964347e-01  -1.2366331e-01   1.0828025e-01   4.6718049e-01  -2.8090017e-02  -2.4628477e-01   5.4958410e-01  -5.2965503e-02   1.4469439e-02   3.2138177e-01   6.5647711e-01  -5.5442301e-02   1.3993605e-01   8.9340905e-02   1.5216780e-01  -4.6597101e-02   4.5338213e-01   2.8927856e-01  -2.3658188e-01   5.1930881e-02  -9.5843782e-02  -3.6910238e-03  -3.6321842e-01   2.4636983e-01  -2.5400044e-01   2.7137089e-01   1.6446117e-01   2.1877842e-01   4.4324414e-01   1.0236983e-01  -4.0657861e-02   1.0147338e-01  -1.3225376e-01  -2.1818865e-01  -1.5254847e-02   1.0229045e-01   6.8383291e-01  -1.4674548e-01   4.3806841e-02  -1.2230867e-01   2.1314837e-01   3.9347609e-01   5.2661795e-01   1.8058098e-01   2.9928312e-01   1.5660553e-01  -7.7109836e-02   2.6706915e-01   3.7959715e-01  -2.1456046e-01  -1.1928836e-01   7.2943081e-02  -7.3896291e-02   6.1396644e-01  -2.4413524e-01  -2.3094211e-01   1.6596153e-01   2.2996366e-02  -1.6970550e-02   2.8538014e-01   4.5488540e-01   5.8068379e-03   4.8149045e-01  -2.3378707e-01   8.9374541e-02   1.6437053e-01  -1.1421494e-01  -1.3760708e-01   5.9371941e-01  -9.5410037e-02   2.8103359e-01  -7.7321563e-02  -1.8248686e-01   1.3280365e-01  -1.2874652e-01   8.2653161e-02   2.2511916e-01  -1.0074246e-01   4.2919110e-01  -2.2117824e-01  -1.4195773e-01  -2.5270230e-02   6.1807178e-01   7.7012942e-04  -1.1616346e-01  -3.0173605e-01   1.8531555e-01   4.5198457e-01   3.6110481e-01   3.5650944e-01   5.7672507e-01  -9.7150485e-03   6.7322949e-01   1.0949723e-01  -9.5946673e-02  -2.5533918e-01   2.9834626e-01   5.2619852e-01  -6.4516041e-03  -8.9336138e-02  -1.3278967e-01   2.1532986e-01   1.5469988e-01   1.5452139e-02   4.1108493e-01  -1.0157456e-01  -6.2427644e-02  -8.7449093e-03   1.2795999e-01  -9.5526909e-03   6.9650552e-02  -4.7514180e-02   9.5860717e-02   6.1244396e-01  -3.7764855e-01   1.2709667e-01  -1.1116452e-01   6.0241914e-02  -1.3344731e-01   5.0843318e-01   5.4869853e-01   1.5154183e-01   1.1165421e-01   3.7395108e-01   1.3380255e-01   8.5338369e-02   2.4286570e-01   3.9551424e-01  -2.9609336e-01  -1.6368729e-02   1.7343979e-01  -2.7060682e-01  -1.5843062e-01  -1.0908995e-01  -1.9373837e-01  -6.8594157e-02   1.5253177e-01  -6.8741897e-02   1.0618975e-01  -2.9527199e-01   3.0389835e-03   2.1104894e-01   6.7135076e-02   2.4609489e-01   3.0649089e-01   1.5251834e-02   4.4723169e-01  -2.2456015e-01   2.6500195e-01   5.1336437e-01  -4.9470338e-02   1.2640029e-01   2.6633033e-01   4.1193277e-02  -9.4054348e-02  -8.1652106e-02  -2.3845966e-01   9.8105500e-02  -8.3839495e-03   2.9834037e-01   3.7919098e-02   4.6282634e-01
  -3.8205270e-02   3.2095870e-01   1.6506473e-01   3.3943560e-01  -5.5016123e-03  -1.8091194e-01   1.1457042e-01   4.6946726e-01   0.0000000e+00   2.6706562e-01   5.0269566e-02   2.4990847e-01   1.8841376e-01  -1.6996550e-01   1.7785656e-01   3.1744558e-02   6.1787856e-02  -5.0706260e-02   2.2826446e-01   1.8731957e-01  -2.5213728e-01   4.1066893e-01   1.6244331e-01  -2.7195739e-01   1.3540165e-01   3.3217357e-01   1.7525560e-01  -7.3511598e-02   2.1098733e-01   1.2880647e-02   1.2112162e-01   3.2384749e-01  -2.1972867e-02   4.7872971e-02   2.4912705e-01  -4.0256469e-02   2.0905734e-01  -3.1995208e-01   9.1098199e-02  -6.3063779e-02   2.7003923e-01  -1.8602211e-01   4.4721938e-01   7.3809140e-02   1.1661944e-01  -3.3162672e-01  -6.3685823e-02   1.5236208e-01  -1.7655484e-01   8.0587161e-02   4.0307635e-02   4.3841602e-01   1.2265739e-01   2.2565131e-01  -1.4333707e-01  -1.3780221e-01   4.0148884e-02   4.5360848e-01   1.3431063e-01   3.2720013e-01  -1.1712869e-01  -1.1000095e-01   5.9040978e-01   3.3793667e-01  -1.1829417e-01   3.3619507e-02   2.6596847e-02  -1.0269099e-02   4.5110441e-01  -1.2060583e-01   7.4770174e-02   8.9434169e-02   1.0031461e-01   1.5976292e-01   1.4721711e-01   2.8752817e-01  -2.7579192e-01   3.6251446e-01  -5.1425040e-02   1.6553174e-01  -2.2714023e-03  -1.2352326e-02  -1.2411824e-01   1.3610262e-01  -1.2014799e-01   9.8621330e-02   1.7032876e-01  -3.4959013e-01   3.9853191e-01  -2.3092777e-01   2.1656919e-01  -9.7933798e-02   2.5871952e-01   3.9578177e-01  -3.8945362e-01   3.8799213e-02   2.2018040e-01   4.5091702e-01   1.2250225e-01  -1.3486941e-01  -3.1374110e-01   6.9303834e-03   1.0563383e-01   5.3027254e-01   6.4579110e-02   4.2618178e-01   2.5901452e-02   5.5146022e-01   1.7422721e-01   1.0135139e-01  -2.6847893e-02   1.2592397e-01   4.6636359e-01  -1.2926132e-01  -1.8375613e-01   1.2976331e-01   3.7481575e-01   1.6041348e-01  -2.2554158e-01   3.1637508e-01  -3.2608841e-01   1.6570383e-01   3.6600790e-01   2.5934535e-01  -2.6061737e-01  -5.9383333e-02   8.1720948e-02   4.7640579e-03   6.0428267e-01  -2.1142751e-01   1.1563521e-01  -3.1530924e-02   2.6493193e-01  -6.2097422e-03   7.1739886e-01   3.8713158e-01   2.0166767e-01  -3.8905890e-02   2.3514091e-01  -4.8484976e-02  -1.1267208e-01   1.8803854e-01   1.2639223e-01  -2.7406798e-01   1.4506164e-02   8.7292839e-02   1.3575135e-01   7.4786993e-02  -5.1984650e-02  -3.5852231e-02  -2.0627574e-01   6.2731737e-02  -2.7057102e-01   2.2675724e-01   7.9672277e-02  -2.1727916e-01  -9.6043094e-02   4.2911093e-03  -6.3023575e-02  -7.0696585e-02   2.7195128e-01   2.8578627e-01   3.5478895e-02   2.3010209e-01   5.2029965e-01   1.8421323e-01   9.4617921e-02  -1.4453031e-01  -6.0107899e-02   5.3907140e-02   7.1297826e-02  -4.1662281e-01   1.6842944e-01  -2.9558882e-01  -1.0866551e-02   1.3928977e-02   4.4400467e-01
  -2.0589049e-01   3.0749487e-01   1.5334651e-01  -1.6726830e-01   2.2901020e-01  -4.8767189e-02   1.6087773e-01  -8.9397764e-02   2.6706562e-01   0.0000000e+00  -1.8259533e-01   3.2163352e-01  -1.9260675e-01  -2.6912156e-01   2.8167367e-01  -2.2652270e-01   4.7609242e-02  -4.0956981e-02  -1.8011546e-01   3.0794350e-01   2.2117757e-01  -7.8744138e-02   4.9406872e-01  -3.5882075e-01  -1.1037864e-01  -1.2351365e-01   6.4683736e-02  -1.8760581e-01   2.4780498e-01  -1.0237653e-01   2.2030575e-01  -5.7064810e-02  -1.8828844e-01   6.2553985e-01   3.4342488e-01   4.9611810e-02   4.6047664e-01  -3.8640096e-01  -1.9779666e-01   3.3506196e-01  -1.3108438e-01  -1.4643334e-01   7.8397365e-02  -6.2953174e-02  -1.1552715e-01  -4.9053560e-01  -2.7196633e-01   2.6162506e-01  -1.4396307e-01  -1.3740422e-01  -1.5180373e-02  -7.9022573e-02   5.1081981e-01   1.7687883e-02   2.9213291e-02  -2.2051450e-01  -2.4019770e-01  -1.6628831e-03  -2.1655225e-01   4.2546203e-02  -3.0316790e-01  -1.5776163e-01   7.2699326e-02   8.2743360e-02   4.0638310e-03   1.5129417e-01   1.9172516e-02  -1.5551433e-01  -1.2564993e-01   8.4471431e-02   4.8961148e-01  -2.9422186e-01   1.7232230e-01   7.8270338e-02  -1.0806773e-01  -1.0556653e-02  -5.1434931e-01   1.8435989e-01   4.1821532e-01  -2.0454991e-01   1.6113290e-02  -2.1630927e-02   2.6175187e-01  -2.9464190e-01   5.2790762e-02  -5.2987016e-02   3.3501948e-01  -1.9362455e-01   2.4849128e-01  -3.9608012e-01   3.6685763e-02  -2.5768631e-01   6.9093886e-01  -6.9263221e-02  -5.2640193e-01   3.0962524e-01  -1.5844037e-02   7.8671152e-04  -2.4286166e-01   2.3733465e-01   1.2919285e-01  -3.2095904e-01  -2.3772468e-01   2.7257658e-02  -1.1000111e-01   3.8264016e-02   2.5907809e-02   3.6620042e-02   4.4143792e-01   1.7236158e-01   4.8910295e-01  -7.4485948e-02  -1.6297672e-01  -3.3383370e-01  -1.3386255e-01   3.1496249e-01   8.1170149e-02  -3.2290340e-02  -3.5717501e-01  -2.1128891e-01  -3.4807085e-01   4.5852027e-01   9.1125340e-02   3.7142419e-01  -4.9900594e-01  -2.3788733e-01   2.8425723e-01  -4.1055321e-02  -2.7615650e-02   2.4037401e-02   2.6763334e-02   2.9037074e-01   1.0362892e-01   4.6571460e-01   4.4348357e-03  -4.7191336e-02  -2.9395281e-02  -1.8891401e-02  -1.4151764e-01  -4.0188608e-01  -2.1467566e-01   5.2468650e-02  -2.0550159e-02  -1.4850865e-01   1.0649274e-01   3.6833863e-02   7.5214206e-01   1.8320199e-01   7.6658084e-02   5.0867371e-01  -3.1186094e-01  -1.7641007e-02  -3.8111737e-01   1.0886005e-01   2.5971432e-01  -3.7465613e-01  -3.1484415e-01  -2.9955935e-01  -2.6176377e-01  -2.9527830e-01   2.5694030e-03   3.0286310e-02   3.9322065e-01  -1.1538324e-01   8.0008420e-02   1.8613662e-01   5.6215516e-02  -4.3027355e-01  -1.5467264e-01   4.3226189e-01   1.7113478e-01  -4.4744208e-01  -1.2508524e-01  -4.0373639e-01  -7.8520547e-02  -2.2303943e-02  -5.5616043e-03
   7.1637339e-02  -4.7660372e-01  -3.1406294e-01   3.8579841e-01   1.5885316e-01   2.5029764e-01   3.9450151e-01   3.0123020e-01   5.0269566e-02  -1.8259533e-01   0.0000000e+00  -1.6449675e-01   3.2209926e-01   3.6518605e-02   1.0367918e-01   3.3526578e-01  -4.3952944e-01   8.5477797e-01   2.5089815e-01   3.7367256e-01   1.5780529e-01   5.7821513e-01   2.3484653e-01   1.8055962e-02   2.0058764e-01   2.7640482e-01   4.4573028e-03   2.5078929e-01  -1.5985187e-03   6.5669973e-01   1.4814677e-01   5.6206825e-01  -4.0202418e-02  -2.6350593e-01  -1.7275643e-01   5.7295961e-01  -1.6779490e-01  -1.3397574e-01   2.5085777e-01  -3.7734253e-01   3.7818973e-01  -3.2116868e-02   1.1515975e-01   2.9275163e-01   2.9685337e-01   7.3647852e-02   8.6548575e-01   1.0739370e-01  -2.4297505e-01  -4.1382527e-01   8.0513892e-01   2.6016388e-01  -5.5961606e-01  -1.5097739e-01  -1.1751911e-01   4.5382813e-01   2.9823422e-01   4.2517007e-01   6.3898232e-01   4.5397202e-01   9.4378826e-02   1.3992253e-01  -1.8939491e-01   3.3516371e-01  -5.1946374e-01   1.2017877e-01   1.6448594e-02  -2.1702599e-01   5.8384659e-01   2.5162448e-02  -4.4207965e-01   5.1055813e-01   1.8634271e-01  -3.4379144e-01  -1.7519344e-01   2.6726939e-01   8.3410383e-02   2.4789135e-01  -2.2041184e-01   2.9615939e-01   3.7483234e-01   1.7061984e-01  -9.6574944e-02   2.4687653e-01  -3.5472016e-01   3.0898986e-01  -2.9202499e-01  -2.5329353e-01  -2.5175323e-01  -2.2351784e-02  -3.2371676e-01   1.0006147e-01  -3.4452245e-01   4.2966034e-01   9.1021808e-02   3.7182053e-02   3.5464659e-01   6.1324647e-03   7.8745901e-02   4.9962928e-01  -4.0850019e-02   5.6125255e-01   5.8947380e-01   3.4316810e-01   7.2395528e-01   3.6733828e-01  -1.6774160e-01   1.2525111e-01  -4.8493925e-02   2.9347379e-02   2.7689443e-02   4.9720940e-01   4.4467038e-01   1.1907796e-01   2.7424045e-01  -1.0529221e-01   1.4909433e-01   4.1143529e-01  -2.9515050e-02   4.8858873e-01  -4.5097817e-02  -3.2859602e-01  -2.1066776e-01   1.0836803e-01   1.3331981e-01   1.2147111e-01   2.9682168e-01  -1.8623292e-01   4.6526594e-01  -2.2546147e-01   2.5883518e-01   5.1258978e-01  -5.1225579e-01  -1.2247263e-01   2.1873584e-01   2.9832867e-01   2.2113784e-01   9.2672170e-02   3.4447553e-01   9.1757373e-02   1.6755328e-01   1.3498013e-01   5.4830246e-01  -2.5807546e-01   2.4864428e-01   4.9977876e-01  -2.5460984e-01  -6.4518463e-02   4.4903499e-01  -9.9357378e-02  -2.7820570e-02   2.9268108e-01  -7.9082881e-02   5.5139642e-01  -6.3039033e-01   6.5479585e-02   1.5978714e-01   5.9876931e-01   1.1775335e-01   5.8076731e-01  -1.0182381e-01   6.8678230e-01  -6.8987577e-02   7.4970744e-01   2.7966633e-01  -6.3524973e-02   4.5885942e-01   2.8287849e-01   3.0223583e-01  -1.0941159e-01   1.4117820e-01  -1.2483682e-01   4.0961223e-01   1.6088853e-01   1.8991889e-01  -1.9579063e-01   2.7313735e-01
  -2.0816184e-01   7.2727753e-01   3.0867125e-01   3.1777709e-02   3.1472301e-01   2.6481850e-01   4.7293085e-01  -8.6960403e-02   2.4990847e-01   3.2163352e-01  -1.6449675e-01   0.0000000e+00  -3.3833828e-02  -1.0709607e-01   3.7353572e-01   1.0129601e-01   3.4165767e-01  -1.1266158e-01   9.7243645e-02   3.4630993e-01  -2.1825934e-01   4.8759454e-02   3.7302917e-02  -3.2550869e-01  -9.3194499e-02  -2.7056696e-01   5.4720791e-01  -4.6916475e-01   6.4943913e-02   1.0652171e-01  -3.2796984e-02  -1.5175004e-02  -1.4711537e-01   5.5221144e-01   6.1588389e-01   7.0983155e-02  -1.5348646e-02  -1.0739027e-01   2.2411308e-02   1.6678152e-01  -4.2280848e-02  -2.8828521e-01   6.9007587e-01  -4.4759766e-01   5.1929450e-01  -4.0175682e-01  -1.0951081e-01   4.4395530e-01  -4.0049817e-02   4.7424238e-02  -3.0725084e-02  -1.7618069e-01   4.0105706e-01  -2.7278540e-02  -2.1022418e-01  -5.5827338e-01  -1.0859413e-01  -6.7129901e-02   7.5836582e-02   2.3173741e-01  -3.1152903e-01   3.1270937e-01   2.4737510e-01   2.2095571e-02   9.9356760e-02   5.8337530e-01   4.1004017e-01  -1.7128303e-01   5.6922312e-03   2.2532854e-01   4.1363934e-01  -1.5664783e-01   1.9163730e-02   3.8589806e-01  -1.4568463e-01  -5.1268540e-02  -2.5806881e-01  -2.0990950e-02   3.5287572e-01  -5.3942262e-02  -3.3960431e-01   9.7849432e-02  -2.1113648e-01  -2.1114956e-01  -3.4342904e-01  -1.1759899e-01  -1.0739133e-01  -3.0875568e-01   5.5856778e-01  -2.9385071e-01   2.1487973e-01  -4.6633546e-01   1.1828367e-01   2.2713241e-01  -1.6787445e-01   3.7458621e-01   2.3449088e-01   9.7921891e-03   5.7567328e-02  -3.7057464e-02  -2.3990338e-01  -5.2413523e-02  -1.2757122e-01   8.1063712e-02  -5.2998365e-02  -3.6623595e-02  -2.0870026e-01   1.5013600e-01   8.5092163e-02   3.7144868e-01  -1.1337470e-01  -3.9134409e-02   3.6240051e-02  -3.3767743e-01  -2.6103919e-01   2.8483764e-01  -6.2514885e-02  -5.8171366e-03  -3.9840317e-01   3.7653808e-02  -4.5293413e-01   2.1039574e-01   2.8346411e-01   2.5253241e-01  -3.3562427e-01   1.4156284e-01   2.0578448e-01  -2.4958287e-01  -5.3690158e-02   2.8892612e-01   5.8012101e-02   1.3593311e-01   6.0403968e-01   2.1048175e-02  -4.5502817e-02  -9.9509824e-03  -6.3423203e-02  -4.6794341e-01  -1.8864697e-02  -2.9948542e-01  -4.0669454e-01  -1.6551598e-01  -4.6188072e-02  -9.4975246e-02  -2.5422898e-01  -2.0619162e-01   2.3459397e-01   3.9563933e-01   1.1183602e-01  -2.4245378e-01  -3.6728628e-01  -2.2686576e-01  -4.4220112e-01   3.6056596e-02   6.1264343e-01  -3.4335743e-01  -4.0697962e-01   9.9328184e-02  -3.2721182e-01  -1.3794026e-01   2.6236646e-01   5.2541490e-02   1.8598303e-01   1.2663729e-01   3.5345885e-02   5.2809134e-01   1.6529232e-01  -2.8089236e-01  -2.8204771e-01   6.6893594e-02   5.2111790e-01  -3.4775055e-01  -8.6349178e-02  -1.3885428e-02  -3.1159385e-01  -2.2784643e-01   3.4045193e-02
   5.0078607e-02  -6.4737200e-02  -2.0639250e-01  -6.1109757e-02   2.4555868e-01   2.0765683e-01   2.5578287e-01   1.6933301e-01   1.8841376e-01  -1.9260675e-01   3.2209926e-01  -3.3833828e-02   0.0000000e+00  -4.8972177e-02   4.0491754e-02   4.0718711e-01  -2.3071383e-01   2.3219011e-01   1.0192537e-01   2.6480555e-01   7.9548218e-02   1.7407942e-01   9.9261227e-02   8.8737128e-02   1.0935086e-01   9.8044388e-02   1.1050269e-01   6.0590656e-02  -1.4796685e-01   3.5871457e-01  -8.4757358e-02   1.6450196e-01  -1.0411797e-01  -1.7140413e-01  -2.0807831e-01   3.5803422e-01  -2.6841983e-01  -9.0611174e-02   3.0158190e-01  -2.5512404e-01   6.7719634e-01  -1.6033852e-01   6.0299231e-02  -5.0085356e-02   8.0808945e-02  -7.6858555e-02   3.0147231e-01   1.1538726e-01   1.9678063e-01  -1.2208379e-01   3.9609834e-01   2.0379497e-01  -3.9523992e-01  -6.5989493e-02  -7.3622435e-02   1.1418102e-01   1.8649607e-02   2.4609026e-01   3.5467737e-01   7.1011396e-02  -4.6038612e-02   3.0509544e-01   2.5855119e-01   1.6647369e-01  -2.4196482e-01   1.6468481e-01  -2.4524788e-02  -5.5059983e-02   2.4189122e-01  -5.4457681e-03  -2.1172175e-01   2.1754701e-01   4.8121228e-01  -1.3783156e-01   9.4080512e-02  -1.5311203e-02   2.4371479e-04  -8.4332885e-02  -5.0145451e-02   4.2317312e-01   1.8124944e-01   3.8429050e-01  -2.8632396e-01   1.3243832e-01  -3.6477538e-01   7.2789595e-02  -4.0392828e-02  -1.6303202e-01   8.5394916e-03  -3.7197922e-02   1.9402815e-02  -8.4986100e-02  -2.2477886e-01   2.2220854e-01   5.2552916e-02   2.5861338e-01   4.6434903e-01   2.8928391e-02   3.6659560e-01   2.6833927e-01  -2.2224603e-01   2.0811405e-01   2.3259615e-01   1.4158741e-01   2.6558561e-01   8.9620817e-02  -2.8452760e-01   1.3410845e-01  -2.8900382e-01  -8.2370331e-02  -1.2731261e-01   2.0556721e-01   1.5645781e-01   2.1860867e-02   7.0959013e-02  -2.4786170e-01   1.2221880e-01   7.2836253e-01  -1.6487307e-01   1.6645042e-01  -1.1192480e-01  -1.2678250e-01  -5.6634327e-02  -1.3709651e-02  -9.7620438e-02   4.7149519e-02  -1.2509445e-03  -5.3897273e-04   2.1612120e-01  -2.5062518e-01   4.3956487e-01   5.1159508e-02  -1.8104195e-01  -2.4160111e-01   1.0799055e-01   1.0736891e-01   1.6749627e-01  -7.9444106e-03   1.7710680e-01   9.3428369e-02   1.2339007e-01   3.8641080e-01   2.8313478e-01  -3.4309316e-01   5.4251343e-02   6.0725468e-02  -1.8835707e-01   9.3199497e-02   3.1197942e-01  -2.0965171e-01  -3.8369235e-03   1.3045170e-01  -1.5112123e-01   1.4629789e-01  -3.2899054e-01   8.3918174e-02   7.3305933e-02   4.7392442e-01  -6.8262934e-03   2.6135206e-01  -1.0987333e-01   2.2065058e-01   1.4723710e-01   2.9219950e-01   2.0057268e-01  -1.5346252e-01   2.0280141e-01  -6.5034479e-02   1.0017416e-01  -2.6184531e-01   7.7408577e-03  -3.5155936e-02   2.2256986e-01  -1.3729521e-01   2.0073028e-02  -2.3472343e-01   4.8859196e-02
   6.3394681e-01  -1.8861081e-01  -8.6520776e-02   1.2820538e-01  -4.0097659e-01  -3.0349843e-01  -5.4168229e-02   1.2645420e-01  -1.6996550e-01  -2.6912156e-01   3.6518605e-02  -1.0709607e-01  -4.8972177e-02   0.0000000e+00   1.1414009e-01  -7.5110311e-02  -1.5659366e-01  -2.1688745e-02  -3.0764425e-02  -2.6902132e-01   1.1439734e-01   1.6810427e-01  -4.7196015e-02   6.7674991e-01   3.1302170e-01   1.4300654e-01  -4.2928823e-01   5.3274310e-01   6.2813871e-02  -4.2199924e-02   6.5957275e-02  -6.9260478e-02   9.5612913e-02  -8.0895965e-02  -2.5988586e-01  -3.1590102e-01  -1.0905423e-01   3.7782571e-02  -1.3296006e-01  -3.3943123e-01  -1.0562284e-01   1.2386637e-01  -8.4274565e-02   4.1967666e-01  -1.1398897e-01   1.9326823e-01  -4.5315269e-02  -1.0574121e-01  -2.0731482e-01  -1.3535389e-01  -9.2341739e-02  -5.4773529e-02  -3.2618905e-01   1.9232177e-01   5.1624898e-01   4.5189345e-01   1.9009755e-01  -1.4773509e-01  -6.8124077e-02  -3.0365754e-04   3.1167933e-01  -1.3642441e-01  -1.6585011e-01  -2.6467254e-02   1.1160499e-01  -2.4027303e-01  -3.4075016e-01  -1.1652359e-01  -6.5332023e-02  -1.4282039e-01  -4.5158024e-01  -1.5697057e-01  -1.5286985e-01   3.4199235e-01   7.2065761e-02   1.6050216e-01   2.3998524e-01   1.4276175e-02  -4.3582117e-01  -6.3734525e-02   4.8400407e-01  -2.4510456e-01   1.3431116e-01   3.2273005e-01   4.6076438e-01   4.0204818e-02  -1.8848558e-01   6.0008505e-01  -1.8956750e-01   5.9594152e-01  -2.1884098e-01   3.7155229e-01  -1.2210466e-01  -9.9667419e-02   2.2260713e-02  -4.6348840e-01  -2.2032059e-01  -6.7016469e-02  -2.0973586e-01  -1.0589221e-01   4.3170880e-01   2.0327956e-01   6.0803845e-01   1.8644544e-01   6.3116250e-02  -4.9283517e-02   2.7450657e-01  -1.7978475e-01   9.7428363e-02  -3.9879463e-01   3.1582744e-02   2.7896171e-02  -4.2187608e-02   4.3255807e-01   4.2979023e-01  -1.9868087e-01  -2.8964467e-02  -1.4329942e-01   4.9698556e-01   8.7424458e-02   3.8594438e-01  -3.6744035e-01  -3.0001235e-01  -2.2796424e-02   2.0188817e-01   6.2871343e-01   1.8283598e-02  -1.4043893e-02  -2.0346372e-02  -1.5617225e-01  -2.8848805e-01  -1.4660851e-01   6.5793026e-02  -1.2242190e-01  -8.6062177e-02  -2.0836212e-02   1.1642504e-02   5.6872316e-01  -8.3215191e-02   3.9585279e-01   5.2559974e-01  -9.0637805e-02  -5.2790562e-02   4.1928403e-01   3.1917471e-01   4.7217244e-01  -2.8356559e-01  -4.3842425e-01  -3.2953635e-01  -1.6439125e-01   5.8203750e-01   4.6530493e-01   5.1276275e-01  -1.2351396e-01  -2.4993389e-01   4.4783481e-01   3.5537253e-01  -4.5708241e-02   1.8230479e-01   4.9148213e-01  -1.7267478e-01  -2.1524709e-01  -2.2423472e-01  -1.3906710e-01  -2.0796918e-01  -9.2777118e-02  -1.2944923e-01   4.9558076e-01   3.3102643e-01  -2.6426997e-01  -3.3070156e-01   2.6214769e-01  -2.1828923e-01   3.4512524e-01   2.5361992e-01  -1.6720164e-01  -8.5642744e-02
