   0.0000000e+00  -5.4893119e-01   1.8384268e-01  -2.3951512e-01  -4.3092045e-01  -3.5955155e-02  -2.9494163e-01   6.3589064e-02  -5.2712724e-01  -3.7687336e-01  -1.9773670e-01  -4.2457991e-01  -3.5038779e-01   5.1247340e-01  -1.5552911e-01  -3.8262813e-02   3.7784772e-02  -7.8951808e-02   1.3200356e-01  -4.6980968e-01  -3.5570116e-02  -3.5100792e-01   1.0323023e-02   7.2521750e-01   5.7413760e-03  -3.4350586e-02  -4.0944035e-01   4.9877079e-01   8.9400081e-02  -2.5700973e-01   1.3311994e-02   1.6258495e-02   1.9524010e-01  -3.1304398e-01  -2.4839336e-01  -4.6997139e-01  -2.3068920e-01   5.0152941e-01  -2.2042671e-01  -3.5210781e-01  -3.1125903e-01   1.1851210e-01  -5.6782926e-01   2.1323234e-01  -1.8203056e-01   7.4558816e-01  -2.3683449e-01  -1.2495843e-01  -2.1184327e-01  -3.7031204e-01  -1.0742328e-01  -5.7008506e-03  -2.5496666e-01   9.1285446e-02   4.9059919e-01   3.6892324e-01   2.9535839e-02  -1.8922615e-01  -1.3052169e-01  -1.4165305e-01   5.3054944e-01  -4.5174792e-01  -3.8042303e-01   1.1252492e-01  -2.0969203e-01  -2.5430334e-01  -8.6781154e-02  -1.1130625e-01  -1.2666580e-01   6.4308107e-01  -3.7950052e-01  -3.1052724e-01  -3.8227745e-01   1.9054905e-01  -2.2630443e-01  -1.4549471e-01   6.4176006e-01  -1.7599583e-01  -5.1301410e-01  -3.2515340e-01   2.5407516e-01  -2.2060206e-01  -5.8074068e-02  -8.8243826e-02   6.1357545e-01  -3.6533924e-02   4.3666669e-02   6.1637227e-01  -1.7105018e-01   7.9876832e-01  -3.9358083e-01   5.7443407e-01  -2.2230840e-01  -4.1730472e-01   6.5249523e-01  -4.1052090e-01  -2.2800206e-01  -2.2570500e-01  -3.1034729e-01  -2.1832840e-01   4.6955258e-01   6.2726205e-02   6.4219706e-02  -3.0114141e-01  -6.9134491e-02  -3.1778001e-01   2.4568034e-01  -2.6539880e-01  -2.6168186e-01  -9.3923178e-02  -9.3910197e-02  -2.7573315e-01  -2.7169513e-01   7.6058789e-01   5.2453958e-01  -4.4909420e-01  -1.3745242e-01  -2.9944914e-01   5.4288701e-01  -1.6724807e-01   6.3326543e-01  -2.9786713e-01  -1.6406289e-01  -3.4761161e-01   7.9223409e-01   2.4449607e-01  -2.5973597e-01  -2.1626401e-01  -3.5191264e-01   4.1665786e-01  -2.1066785e-01  -2.4817921e-01   1.5538260e-01  -3.8175977e-02  -5.2102267e-01   1.1114029e-01  -3.5256378e-01   5.2033832e-01   9.1156771e-02   3.9892039e-01   6.0546834e-01  -2.2120672e-01  -1.3306577e-01   3.9900426e-01   7.2791332e-02  -5.6977536e-02  -3.2217287e-01  -2.7336598e-01  -1.1252510e-01   4.7621261e-02   6.6022033e-01   1.0276579e-01   6.9991473e-01  -2.2271649e-01   5.4670817e-02   3.3545649e-01   6.1068342e-01  -1.5329834e-01   6.2107264e-01   1.2895530e-01  -1.6644280e-01  -3.8036533e-02  -2.0021549e-01  -2.6436269e-01  -1.2995265e-01  -4.0984430e-01  -3.8604343e-01  -2.7214756e-02   5.6293697e-01  -1.3605722e-01  -5.1293268e-01   4.0096387e-01  -4.2364314e-01   1.1457821e-01  -3.3807086e-01   3.7273146e-02  -3.0771066e-01
  -5.4893119e-01   0.0000000e+00  -2.0513512e-01   2.4823052e-01   3.5625780e-01   8.9453624e-02   2.7379575e-01   1.3120910e-01   7.4950375e-01   2.2795152e-01   8.9200200e-02   5.1611118e-01   3.6831831e-01  -4.0706398e-01   1.6772077e-01  -7.6907653e-02   1.5868966e-02  -8.6739685e-02   1.4448254e-01   3.9091809e-01   8.4288847e-02   3.9663538e-01  -1.4343641e-01  -5.0946697e-01  -4.2926545e-02   3.6677946e-01   3.9674265e-01  -4.6318784e-01   7.3210527e-02   3.6226446e-01   3.6781748e-02   1.2049780e-01  -1.4068566e-01   1.8597608e-01   3.3760035e-01   3.6147287e-01   2.6804341e-01  -6.0202560e-01   3.1284358e-01   3.7368862e-01   2.7784409e-01  -7.5381968e-02   5.2179535e-01  -1.4361095e-01   3.1146591e-03  -5.9302974e-01   1.1705737e-02   2.1325209e-01   9.6709608e-02   1.4522833e-01  -1.4850990e-01   2.5162351e-01   4.0226379e-01  -3.6032330e-02  -3.5637073e-01  -5.1138367e-01   3.0384361e-02   3.7613182e-01   4.3848106e-02   3.6327319e-01  -5.1459849e-01   1.8664175e-01   5.1986887e-01   3.7948844e-01   5.4185871e-01   1.4373414e-01   1.1663860e-01   3.1089718e-01  -5.9968880e-02  -5.1955468e-01   6.0302457e-01   1.3691141e-01   2.8929432e-01   1.1280810e-02   2.8166089e-01   3.1651540e-01  -6.2958462e-01   2.4010206e-02   3.9846347e-01   4.3316005e-01  -3.7660239e-01   1.7790191e-01   1.8113172e-01   4.5165385e-01  -4.0350061e-01  -9.8994601e-02   1.2168964e-01  -5.7010344e-01   8.7482274e-02  -6.3175957e-01   4.2076940e-01  -5.5703059e-01  -1.0781574e-03   5.0455165e-01  -6.6089202e-01   3.7893609e-01   3.1768488e-01   2.9390151e-01   3.0219938e-01  -6.1429424e-02  -2.9597093e-01   1.7748319e-01  -1.5491879e-01   4.9094556e-01  -1.4316391e-01   3.4738394e-01  -4.4682034e-02   1.7820278e-01   2.4391334e-01   2.1308972e-02   1.2916412e-01   2.4047957e-01   5.0428447e-01  -7.2003106e-01  -4.8269089e-01   5.9719148e-01   1.9052049e-01   3.3702610e-01  -5.4176723e-01   8.9745989e-02  -6.5979552e-01   3.0399811e-01   2.7678082e-01   7.1205931e-01  -5.9156031e-01  -1.1872596e-01   2.2516480e-01   4.6342562e-01   4.2197318e-01  -2.8413314e-01   4.7361562e-01   4.3161545e-01   3.0349581e-01   4.1659337e-01   5.6741428e-01   9.8015708e-02   3.6098129e-01  -2.8531177e-01  -1.5383005e-02  -5.8881497e-01  -4.6884677e-01   2.4682020e-02   1.6803668e-01  -5.5557004e-01  -1.2463603e-02   1.2978107e-01   4.1614869e-01   1.4912792e-01  -3.1915979e-02   2.2453582e-01  -5.4730765e-01  -2.2514219e-01  -5.8144682e-01   4.3418252e-01   7.8693228e-02  -5.2811909e-01  -6.1439022e-01   8.3266647e-02  -5.4878113e-01  -4.2836867e-01   4.6186223e-01   2.0042353e-01   1.4253873e-01   1.0079826e-01   4.4672964e-01   5.3618174e-01   2.8328449e-01   3.0944536e-02  -3.9753273e-01   1.0015649e-01   4.9220915e-01  -6.0732426e-01   3.6038299e-01  -1.3213451e-01   3.2998240e-02  -2.0657041e-01   3.0792439e-01
   1.8384268e-01  -2.0513512e-01   0.0000000e+00  -1.8338895e-01  -2.3524806e-01   3.9330086e-01  -8.0234128e-02   6.1791692e-02  -1.0901782e-01   2.0557096e-01  -1.3744533e-02  -6.7300283e-02  -2.5844503e-03   1.6752043e-01  -1.1124098e-01   1.3111494e-01   7.1310379e-01  -6.2678904e-02   1.3583311e-01  -4.1167679e-02  -3.3206290e-01  -3.2319952e-02   1.5931487e-01   2.3477021e-01  -1.7701055e-01   1.6224922e-02   1.6616796e-02   2.3319723e-01  -7.2695345e-02  -1.9987816e-01  -1.5717373e-01  -7.3350721e-03  -4.0457380e-02   2.7216814e-01  -6.5303687e-03   1.0380671e-01  -2.0304816e-01   9.1939131e-02  -2.7979785e-03   2.3480690e-01  -2.9554444e-02   1.6385871e-01   1.2780521e-02   3.1720783e-02  -1.9573852e-01   3.1726503e-01   1.1915847e-01  -3.1931577e-01  -2.0839962e-01   5.1608095e-02   2.0689043e-01   9.5207770e-02  -3.4994730e-01  -1.4235020e-01  -6.8918713e-02   9.6729194e-02   1.1761140e-01  -1.1529238e-01   9.9748481e-02   4.7093753e-02   4.3971543e-01   8.2869658e-02  -4.8152050e-02  -8.6773620e-02  -1.9361685e-01   6.5610843e-02   2.5543709e-01   7.8936248e-02   2.7853599e-01   6.3767169e-01  -1.3525171e-01  -1.2894882e-01  -3.0859532e-01  -4.2844998e-02  -9.8092719e-02  -1.6651679e-01   4.5280287e-01  -2.1627273e-01  -2.5749218e-01  -2.1988734e-01   1.5706816e-01  -1.1628563e-01  -3.6588756e-01  -4.4627614e-02   9.7214026e-02  -2.4742218e-01  -9.1252928e-02   9.0003534e-02   1.7585211e-01   1.4887869e-01  -2.8610795e-01   3.4260951e-01  -1.6472238e-01  -2.0889246e-02   1.4910974e-01  -1.5244996e-01   5.7333982e-02  -2.1231617e-01   1.0577727e-01   8.2086054e-02   9.4851146e-02  -9.3245691e-03  -8.9438093e-02  -2.1649015e-02   3.8784901e-02  -3.8065826e-02   1.2088141e-01   1.1992456e-01  -6.6265016e-02  -1.6772406e-01  -1.8846755e-01  -3.2921591e-03  -1.9990164e-02   1.9709720e-01   1.7911704e-01  -3.5374973e-01  -2.4404413e-02  -1.6738291e-01   1.3319528e-01  -2.6985102e-01   3.7017812e-01  -1.9249180e-01   2.0445105e-01  -2.2873307e-01   1.5273731e-01   3.9910858e-02  -1.0181961e-01  -2.4104918e-01   1.6534939e-02   4.3946164e-01  -9.9967477e-02  -3.1809386e-01  -7.8633987e-02  -3.0703985e-01  -1.1333606e-01   2.0543791e-01  -1.6654635e-01   2.7335367e-01   3.6699560e-02   1.2003831e-01   2.0574957e-01  -1.6833017e-01  -1.5906516e-01   1.8058509e-01  -5.3643541e-02  -2.0015606e-01  -7.2115248e-03  -1.3199297e-01   1.1836860e-01   5.6223807e-02   3.7973193e-01  -1.6045173e-02   3.6421006e-01  -3.5079954e-01   9.6522430e-02   4.9277171e-02   3.1855248e-01   7.8044283e-02   4.3786666e-01   8.5077605e-02   6.9361212e-02  -1.3175164e-01  -7.1982397e-02  -9.2732110e-02   3.2909914e-02  -3.7836825e-01  -1.7403158e-01   2.6173219e-01   2.2339302e-01  -3.6828006e-01  -1.8655105e-01   3.5910031e-02  -2.0283601e-01   3.4688837e-01  -2.9632395e-01  -1.2311631e-02   7.3472609e-02
  -2.3951512e-01   2.4823052e-01  -1.8338895e-01   0.0000000e+00   1.9136424e-01   1.3972287e-01   3.3175137e-01   4.9229692e-02   5.2103592e-01   1.5472408e-01   4.4251074e-01   1.3304736e-01   2.0894642e-01  -2.1793775e-02   1.8933224e-01   1.0064238e-01  -1.6143316e-01   3.9613630e-01   3.9511287e-02   9.5632688e-02   4.3161203e-01   4.5664241e-01   2.0184557e-01  -3.0102714e-01   1.4812964e-02  -7.9750885e-03   3.1915325e-01  -2.0054182e-01   9.3715952e-02   5.0905486e-01   3.8887918e-02   2.2686068e-01  -2.0599476e-01   1.1213103e-01   4.9298568e-01   2.5910092e-01   2.0201732e-01  -3.7532558e-01   1.5267389e-01  -8.1584094e-02   2.8487499e-01  -2.9106522e-01   2.4955390e-01   8.7953507e-02   4.2884059e-01  -3.5146024e-01   2.9884669e-01   2.9015753e-01   1.2223320e-01  -2.1698915e-01   2.5801453e-01  -1.9275116e-02   9.4758488e-03   9.6584389e-02  -2.1428270e-02  -1.3607824e-01   2.4263885e-01   2.3353014e-01   3.6345977e-01   4.3668404e-01  -1.5014737e-01   4.1496100e-01   2.1269926e-01   1.7431961e-01   2.7263342e-01   2.8317947e-01   1.2740197e-01   2.8642722e-01   3.0000472e-01  -2.1167926e-01  -5.0437659e-02   5.8892268e-01   1.4982782e-01   1.9525687e-01   8.4077158e-02   4.8809377e-02  -2.2651449e-01   5.3817592e-02   4.6669650e-02   4.2061181e-01  -1.6227366e-01   9.7970605e-02  -1.7922924e-02   1.3095185e-01   8.8372402e-03   1.1453981e-01   4.0154849e-01  -3.4578492e-01  -1.6660491e-01  -2.9154565e-01  -6.0377679e-02  -9.5298536e-02  -6.9269458e-03   5.0973920e-01  -3.5264661e-01  -1.8750759e-02   3.8251746e-01   2.5602222e-01   5.9258601e-01   1.4020961e-01  -2.6389885e-01   2.6268209e-01   1.6959720e-01   4.5958919e-01   3.0514693e-01   1.4672991e-01  -1.4745368e-01   2.1312670e-01   1.9570611e-01   3.6984776e-01   1.2942394e-02   4.3125899e-01   5.9897274e-01  -3.5852221e-01  -3.0476541e-01   1.8701773e-01  -1.2128824e-01   2.4803337e-01  -2.0428814e-01   6.8051221e-01  -3.0288491e-01  -5.4953922e-02   9.7889703e-04   2.4036317e-01  -3.2708650e-01   2.2369218e-01   3.3940425e-01   6.9725020e-02   3.3318999e-01  -1.2119295e-01   2.1357124e-01   3.7426193e-01   2.7086778e-01   1.9229092e-01   3.9060297e-01   1.2610439e-01   2.1854666e-01  -1.8301425e-01  -1.0033068e-01  -3.3332093e-01  -2.4028346e-01  -9.8452184e-02   2.5461233e-01  -3.4718121e-02   2.2553337e-01   3.9242735e-01  -1.2465424e-01   3.2795281e-01   2.7040655e-01   8.7339483e-02  -1.7922972e-01   1.4541375e-02  -1.6889201e-01   3.0373758e-01   1.3294685e-01  -3.3453039e-01  -1.6090784e-01   2.7799931e-01  -9.3865883e-02  -2.2673134e-02   3.0041423e-01   1.8665872e-01   1.6444409e-01   4.6667749e-01   3.9946088e-01   2.3661814e-01   1.7388465e-01   4.9369249e-02  -1.1085159e-01   5.3011226e-02   1.8175641e-01  -3.0757067e-01   5.8564638e-01   2.2121648e-01  -1.3659584e-01  -2.9760039e-01   4.4323303e-01
  -4.3092045e-01   3.5625780e-01  -2.3524806e-01   1.9136424e-01   0.0000000e+00  -1.8446618e-01  -1.3516948e-01   1.6423991e-03   2.1285193e-01   4.0383097e-01   1.9191325e-01   3.6104443e-01   4.7614409e-01  -1.5312756e-01  -1.0250593e-01   1.1422348e-01   4.7807731e-03  -3.5926063e-02   1.2173626e-01   7.6111706e-01   1.3212086e-02  -9.5823688e-03  -4.3967547e-01  -2.8080791e-01   2.0009389e-01   7.8051804e-02   1.9264856e-01  -4.3870994e-01  -2.9491395e-01  -9.6808649e-02  -1.1074767e-01   5.1355591e-02   3.9144368e-02   1.8638114e-01  -7.8832553e-02   5.9694884e-01   9.6192093e-02  -3.1892066e-01   3.8130326e-01   3.1133071e-01   3.7375196e-01   1.2475293e-01   2.4507033e-01  -1.4144401e-01  -7.7726776e-02  -4.1768905e-01   2.7088081e-01  -2.2665591e-02   7.5998061e-02   4.4071308e-01  -1.1537862e-01  -5.7889597e-02   3.4041018e-01   2.0159030e-01  -1.7655496e-01  -3.6978730e-01  -2.2126989e-02   1.0648441e-01   4.5387802e-02  -8.2111575e-02  -3.1903189e-01   1.0499031e-01   4.3973672e-01  -8.5278905e-02   1.2810256e-01   9.8265056e-02  -5.0992453e-02   2.0010025e-01  -1.3444324e-02  -5.2304857e-01   2.1019441e-01   9.1518707e-02   5.3178575e-01  -1.5032430e-01   1.8461394e-02   6.2252916e-02  -3.2887033e-01   9.5885246e-02   7.4319312e-01   4.5876797e-01  -3.3051653e-01   2.2156194e-01   1.1312932e-01   8.6311476e-02  -3.9480002e-01   7.6994366e-02  -2.4361600e-01  -3.8431493e-01   3.0473605e-01  -3.4942993e-01   6.4361203e-01  -3.5660152e-01   3.6556192e-01   1.0311822e-01  -3.2173320e-01   7.0465462e-01   1.8427858e-01   2.5992470e-01   3.6255033e-01  -1.7683968e-01  -3.4089149e-01  -1.9709848e-01  -1.2544792e-01  -1.4849028e-01  -2.4303614e-01   2.2074779e-01  -4.5545366e-02   2.4095800e-02  -1.0300535e-02  -2.4859723e-02   4.3356602e-02   7.6541301e-03   1.9400264e-01  -4.2287338e-01  -3.8874467e-01   7.8270829e-01   2.3558207e-01   5.3473325e-01  -3.3338338e-01   2.0549307e-01  -3.7708391e-01   3.8369673e-01   1.8174658e-01   4.5068244e-01  -3.1087958e-01  -2.6737087e-02   4.0992152e-01   5.1344569e-01   5.9062304e-02  -3.7123003e-01   4.0888187e-01   2.0135782e-01  -1.4213098e-01  -1.2540156e-01   3.6752042e-01  -1.9778271e-01   3.5504817e-01  -5.5213607e-01  -2.3450668e-01  -3.2196140e-01  -3.4752239e-01   2.6091261e-02   2.6930401e-01  -4.2292186e-01  -1.6377321e-01   2.6501475e-02   1.1029184e-01   3.3147441e-01   1.3905508e-01  -1.9110842e-01  -4.7230859e-01  -6.4748077e-02  -5.2156622e-01   6.2448612e-01   1.3594605e-01  -1.8919027e-01  -2.9322988e-01  -2.5127887e-02  -2.7860787e-01  -1.8005720e-01   2.6166901e-01   9.6669913e-02   3.2064115e-01  -3.5358755e-02   3.3214436e-02   5.6976243e-01   6.9381425e-01  -7.1164611e-02  -4.0146224e-01   3.9586024e-01   5.3044943e-01  -1.8109484e-01   3.1367875e-01  -2.7996119e-01   6.6966601e-02   4.8748335e-02   2.0063344e-01
  -3.5955155e-02   8.9453624e-02   3.9330086e-01   1.3972287e-01  -1.8446618e-01   0.0000000e+00   4.6900355e-01   3.7974267e-01   1.2697492e-01   2.5518823e-01   2.2716302e-01   1.4500888e-02   1.5523900e-01  -1.3604974e-01   1.4719752e-01   6.5652474e-02   4.0562809e-02   4.1477646e-01   2.0347995e-01  -1.2787984e-01   2.3553070e-02   4.2593421e-01   9.1157035e-02  -2.1824835e-01  -3.3761633e-02   2.5510431e-01   5.4471979e-01   6.6438851e-02   2.0712871e-01   4.2446158e-01  -2.9432166e-01   2.7845302e-01  -3.3107599e-01   2.0924755e-01   3.5531244e-01   3.0270372e-01  -1.7248768e-02  -2.2529508e-01  -3.4526446e-02  -1.2240332e-01   2.1376608e-01  -2.1008831e-01   2.3503482e-02  -2.6099856e-01   1.6548759e-01   9.0450382e-02   5.7712444e-01  -1.5063077e-01  -8.6370156e-02  -3.7524398e-01   4.8426440e-01   2.9800083e-01  -3.4508792e-01  -3.0455406e-01  -3.8871431e-01  -1.0414874e-01   5.7687892e-01   1.5986231e-01   5.9174957e-01   4.1145103e-01   1.8664755e-01   2.6043286e-01  -2.3545259e-01  -6.3509823e-02   2.0652027e-01   6.3118200e-01   8.6139935e-01   1.4882352e-01   6.4173857e-01   3.1688338e-01  -3.4160003e-01   4.2051187e-01  -3.0889240e-01  -1.0589026e-01   6.6103792e-02   2.3770073e-02   2.0824560e-01  -1.6365265e-02  -2.4582109e-01   1.3418053e-01  -9.5517124e-02  -1.3039885e-01  -5.9737797e-01   1.2459066e-01  -1.5057594e-01  -1.1724373e-01   2.4303684e-02  -2.6216494e-01  -1.4420886e-01  -2.7552311e-01  -3.6505407e-01   2.2907633e-02  -3.3775748e-01   1.6435484e-01  -1.8067942e-01  -2.5515941e-01   2.3649823e-01   9.4656290e-02   3.0557437e-01   3.6893799e-01  -4.5871218e-01   2.1329342e-01   1.2897861e-01   5.1967264e-01   4.2221068e-01   7.7413381e-02  -1.2063109e-01   5.2515212e-01   4.8983721e-02   3.2719898e-01  -4.6493349e-01   4.9937358e-01   1.0816383e-01  -2.7283461e-01  -3.2410891e-01  -1.8102786e-01  -8.6711108e-02  -5.7638846e-02  -1.4273172e-01   8.6391230e-02   1.3813532e-01  -3.7312250e-01  -7.0128852e-02   4.7740745e-02  -1.0355550e-01   1.2573527e-01   1.2297457e-01  -2.3598715e-01   4.4460218e-01   5.5768805e-03   3.5715491e-02  -1.8673656e-01  -8.8601745e-02  -8.9108752e-02   1.6655163e-01   5.2532935e-01  -1.3261342e-01  -1.1367970e-01   3.2048177e-01  -3.2970303e-01  -1.2216202e-01  -3.0792400e-03   2.0517496e-01   1.6771495e-01  -1.2931003e-01  -7.7416661e-02  -2.7299416e-01   5.1028473e-01   5.7476530e-01  -9.6638412e-02   4.2098821e-02  -8.3900390e-02   3.0288951e-01  -1.1610373e-01  -1.9562404e-01  -3.4442833e-01   7.9604923e-02   4.8853907e-01   1.6429656e-01   3.7735181e-01   9.3878162e-02   1.3429371e-01  -7.8201160e-02   5.2010173e-01   4.5080621e-01  -1.7033561e-01  -4.0716253e-02   2.9070375e-01   1.2056117e-01  -6.1210273e-01   2.5566856e-01  -2.4338549e-01   3.6360327e-01   6.7106622e-01  -1.3183522e-01  -1.2312627e-01   2.2937960e-01
  -2.9494163e-01   2.7379575e-01  -8.0234128e-02   3.3175137e-01  -1.3516948e-01   4.6900355e-01   0.0000000e+00  -9.5485509e-02   3.0894893e-01   2.6439990e-01   4.3736392e-01   9.3336628e-02  -2.5618611e-03  -3.9876307e-01   3.3999767e-01  -8.8778496e-02  -2.8357921e-01   4.8317700e-01  -1.1451110e-01  -1.6641977e-01   3.3495780e-01   3.4044761e-01   3.1290960e-01  -5.7851241e-01  -7.3823672e-02   9.3408191e-03   5.5163442e-01  -2.2757738e-01   1.3542143e-01   6.7467230e-01  -1.4856257e-01   9.9159096e-03  -3.5955672e-01   2.4588339e-01   5.6072589e-01   2.8176847e-01   2.9485563e-01  -1.5224836e-01  -6.9343977e-02  -2.1129677e-01   1.6172400e-01  -3.6791856e-01   8.8426992e-02  -1.7961855e-01   4.4289882e-01  -8.6725592e-02   4.4754344e-01   4.3612020e-01  -5.2514400e-02  -4.0283754e-01   3.2318040e-01  -5.7128477e-02   1.0500194e-02  -3.8152351e-01  -4.7782481e-01  -1.1468839e-01   2.9398901e-01   9.7358517e-02   4.5229961e-01   2.5157586e-01   8.9403990e-02   3.2343645e-01  -1.5240375e-01   7.3061881e-02   2.8588260e-01   6.2409581e-01   4.7734456e-01   1.9681554e-02   3.8081365e-01  -1.5364641e-02  -1.0187482e-01   5.8953677e-01   2.9831071e-03  -1.1533098e-01  -1.6234211e-01  -5.0206388e-02  -6.2612084e-02   6.3384260e-02  -2.0420998e-01   1.6177759e-01  -1.9958197e-01   1.2543852e-01  -1.3564433e-01  -9.5562404e-02  -1.9503447e-01  -3.1897129e-02   3.9384605e-01  -5.0704901e-01  -4.3945169e-01  -4.2656797e-01  -3.4765367e-01  -1.3928894e-01  -9.1045541e-02   2.6424406e-01  -2.4121557e-01  -2.6519667e-01   1.0815607e-01   5.0890307e-02   3.9313066e-01   4.7072201e-01  -4.8803814e-01   4.0911139e-01   1.7433766e-01   5.5817043e-01   3.9341366e-01  -5.9354469e-02  -3.0443516e-01   2.4769526e-01   4.8172266e-02   5.4556597e-01  -4.9839486e-02   4.5704305e-01   2.3536014e-01  -3.3541935e-01  -5.0024061e-01  -3.3347162e-02  -8.4644348e-02   6.7979519e-02  -2.8545289e-01   2.4047200e-01  -8.3762775e-02  -2.3183959e-01  -2.0946737e-01   2.6420708e-01  -3.1234582e-01  -1.4079185e-01   1.1758743e-01  -1.7692627e-01   2.4381213e-01  -5.6263960e-02   2.2986092e-02   2.2485546e-01  -6.8702187e-02   2.2848431e-01   2.1357632e-01   1.1382228e-01  -8.7096061e-02  -1.4641573e-01   7.6956753e-03  -2.1599464e-01  -3.2446712e-01  -6.7869341e-02   2.9937591e-01   7.7811102e-02   1.7760591e-01   1.9947384e-01  -2.6461557e-03   4.3008653e-01   4.6036138e-01   1.6449383e-02  -3.0519532e-01  -2.1109531e-01  -2.4698781e-02   2.2107370e-01  -1.0110161e-01  -2.5615009e-01  -1.6236930e-01   3.6700859e-01  -5.9159331e-02   1.3295641e-01   6.0011972e-02   3.2299391e-01   1.4114774e-01   6.0555964e-01   1.8482313e-01   1.1094721e-01   2.1157244e-01  -1.5019493e-01  -1.4676301e-01  -2.8488544e-01   4.3110888e-01  -1.6285536e-01   5.6254871e-01   4.1258664e-01   6.7927456e-02  -1.9215146e-01   9.1462939e-02
   6.3589064e-02   1.3120910e-01   6.1791692e-02   4.9229692e-02   1.6423991e-03   3.7974267e-01  -9.5485509e-02   0.0000000e+00   1.9252541e-01   4.4807415e-02   5.4713975e-02   6.9435713e-02   1.0774855e-01   1.4638801e-01   1.5888401e-01  -9.4266598e-02  -3.7601419e-02   1.6359282e-01   4.7405285e-01   5.9531046e-02   8.8247428e-02   3.5201182e-01   1.5679231e-02   1.5017669e-02   9.4119445e-02   6.7730900e-01   3.8104662e-02   2.5782278e-01   1.9945327e-01   1.3345056e-01   4.9364713e-02   3.7027168e-01  -2.8175765e-02   1.7014793e-01   3.1799334e-02   7.4218918e-02  -1.2370225e-01  -5.1895578e-01  -1.7573802e-01   2.9499070e-02   8.9621409e-02  -5.4589012e-02   3.9482696e-02   1.7787078e-01   1.7365092e-01  -1.8885579e-01   1.4563768e-01  -1.1366204e-01   1.1816443e-01  -1.1485359e-01   2.7850114e-01   7.9040902e-01  -3.5325896e-02   4.7878741e-02   1.1355728e-01   4.2852160e-02   3.8017905e-01   4.8370390e-01   2.3469727e-01   3.0522210e-01  -1.3360389e-01   4.2959212e-02   1.2034664e-02   2.7207855e-01   2.5641337e-01   4.0436544e-02   3.0097917e-01   1.3025329e-01   2.2477227e-01   6.2594367e-03  -1.0072877e-01   7.4007799e-02  -1.7337619e-01   8.6014818e-02   3.1347189e-01   5.5212876e-01  -1.1521966e-01   4.3102907e-02   1.0475935e-01   1.8592209e-01   2.0800464e-01  -8.1236960e-02  -1.9696578e-01   7.8655507e-01  -6.6630910e-02   3.2127743e-01  -1.1953174e-01   6.5651468e-02   2.0385050e-01  -1.0563188e-01   2.3683854e-02  -5.9387900e-02  -1.4128242e-01   1.0453437e-01  -3.9871683e-01   3.5199367e-02   2.0364822e-01   4.1643634e-01   5.5467035e-02   1.9684329e-01  -5.2523016e-02   3.7168967e-01   1.7758249e-01   2.5984424e-01   2.8514836e-01   4.8906443e-01  -8.5345033e-02   4.2205949e-01   2.2873625e-01  -2.0302713e-02  -2.3786445e-01   1.7670999e-01   3.8104443e-02  -2.9700187e-01   7.4393302e-03   1.5998692e-02   6.0675696e-02   6.0579505e-02  -2.6583742e-02   1.4501649e-01  -1.4533171e-01  -1.0480071e-01   2.2106835e-01   1.7854326e-01  -1.4011618e-01   2.4663543e-01   2.4818179e-01   2.9742833e-02   5.4213868e-01  -1.9223536e-01  -4.7073041e-02   1.3280950e-01   7.6858425e-02   1.6171965e-01   2.5812173e-01   7.3520601e-01  -5.0134065e-02   6.2477481e-02   6.8572521e-01  -4.8661153e-01  -9.8380279e-02   6.7375733e-02   1.3121221e-01  -1.1546944e-01   7.9207449e-02   1.3681110e-01  -9.2192718e-02   2.0039277e-01   9.9037737e-02   1.4492354e-01   7.0441022e-02   2.6163704e-01   2.0684562e-02  -5.9612378e-02  -1.8586271e-01  -4.7231813e-01  -1.5134738e-01   1.8890701e-01  -7.5272481e-02   2.9361940e-01   1.9439391e-01   5.8745219e-02  -1.8646922e-01   1.5894682e-01   3.8496390e-01   1.4336741e-03  -2.5901759e-02   3.3236855e-01  -3.2941051e-02  -1.9561031e-01   6.5113781e-02  -5.1898131e-01   6.7112956e-02   8.4328005e-02  -7.3322022e-02   1.2290021e-01   3.3895767e-01
  -5.2712724e-01   7.4950375e-01  -1.0901782e-01   5.2103592e-01   2.1285193e-01   1.2697492e-01   3.0894893e-01   1.9252541e-01   0.0000000e+00   3.1767095e-01   1.1203727e-01   5.5704582e-01   2.7846533e-01  -3.5360863e-01   3.5400817e-01   1.5187309e-02   6.4570739e-02  -9.4195700e-02   5.9877441e-02   3.9873479e-01   1.2646272e-01   3.8715999e-01   1.4580153e-01  -4.3945675e-01  -7.4570058e-02   3.6631292e-01   3.8068702e-01  -3.2576937e-01   1.2597759e-01   3.1956061e-01   4.9224119e-02   1.3709808e-01  -3.1852869e-02   2.9801253e-01   5.0569980e-01   3.4517560e-01   1.9866550e-01  -6.9512831e-01   2.0794585e-01   4.3643903e-01   2.7902605e-01  -2.2032519e-02   6.6166077e-01  -9.5816611e-02   1.4725531e-01  -6.4263802e-01  -2.5585399e-02   1.8579420e-01   2.5205116e-01   1.4053585e-01  -5.5511810e-02   3.3986308e-01   2.5440880e-01   4.9563337e-02  -2.0031307e-01  -4.0400989e-01   9.3489020e-02   2.7638362e-01   4.7981347e-02   4.2248143e-01  -4.5319602e-01   4.6020288e-01   5.4204143e-01   2.4198070e-01   4.3516566e-01   2.1731053e-01   1.3458127e-01   2.6661508e-01  -4.1217831e-02  -4.4579163e-01   5.3702181e-01   2.7648563e-01   1.9258612e-01   5.8072957e-02   3.0313459e-01   3.3024744e-01  -6.0758362e-01   4.7861613e-02   2.8281631e-01   4.1638657e-01  -1.5678885e-01   2.2261920e-01   1.0726715e-01   4.4506165e-01  -3.4018607e-01  -1.3974287e-02   2.2402648e-01  -4.2954932e-01   8.9895322e-02  -5.5146441e-01   2.9306125e-01  -4.9882609e-01   1.1307907e-03   6.9922140e-01  -6.9737267e-01   2.5765427e-01   4.6046877e-01   2.9894419e-01   3.9293255e-01  -9.0069009e-03  -2.8674698e-01   2.6453445e-01  -8.8877558e-02   5.5814464e-01  -5.9323165e-02   2.9556439e-01  -5.3584112e-02   2.3386075e-01   3.3830141e-01   1.0623839e-02   1.6731090e-01   1.9681443e-01   6.0913665e-01  -7.0993238e-01  -3.3268451e-01   3.9536149e-01   1.3859908e-01   2.8855840e-01  -5.2408808e-01   1.9933177e-01  -6.6887892e-01   3.2001721e-01   3.4573768e-01   5.5799718e-01  -5.8156420e-01   2.6131989e-02   3.3604499e-01   3.1454678e-01   4.7490838e-01  -2.8365408e-01   2.8907197e-01   5.1861041e-01   3.2352491e-01   3.7924814e-01   6.5149655e-01   1.6411592e-01   4.2684175e-01  -2.2593719e-01   1.3501953e-01  -5.7879185e-01  -3.7560591e-01   3.6889801e-02   1.1138958e-01  -4.6425022e-01   2.4906838e-01   1.3384483e-01   4.4009116e-01   8.7301384e-02   7.4386701e-03   2.5157373e-01  -4.2243272e-01  -1.3529914e-01  -5.1850772e-01   3.2142279e-01   3.0365052e-02  -5.6338615e-01  -5.1353768e-01   1.4225425e-01  -5.4520247e-01  -2.9937157e-01   4.5479669e-01   4.8732673e-02   1.0336890e-01   1.0054679e-01   4.2083468e-01   5.1355859e-01   2.3619395e-01   1.6514289e-01  -3.5751441e-01   3.9304812e-02   3.9726393e-01  -6.2505003e-01   3.3600512e-01  -4.6258620e-02  -2.4891922e-02  -1.8140935e-01   4.3850096e-01
  -3.7687336e-01   2.2795152e-01   2.0557096e-01   1.5472408e-01   4.0383097e-01   2.5518823e-01   2.6439990e-01   4.4807415e-02   3.1767095e-01   0.0000000e+00   3.5111197e-01   3.5835468e-01   3.2314759e-01  -4.1957990e-01  -3.0028231e-02   3.1015900e-01   7.4355813e-02   1.7659272e-01   1.2081521e-01   4.2202584e-01  -1.6429691e-01   1.8430034e-01   1.0026253e-01  -3.1954773e-01   7.9721739e-02   6.7033758e-02   3.0312291e-01  -2.6907722e-01  -2.3016091e-01   7.2922703e-02  -2.5513554e-01   1.3853329e-01  -5.6147712e-02   4.4742653e-01   1.1059689e-01   6.7181575e-01   2.1441524e-01  -1.6081933e-01   1.1727730e-01   1.8507190e-01   3.1079723e-01  -2.0058189e-02   3.2416942e-01  -2.6613915e-01  -1.5475496e-02  -2.0198715e-01   4.8199329e-01  -5.7242089e-02  -1.1933222e-01   7.8048315e-02   3.2008254e-01   1.0061972e-01   1.2366921e-01  -6.3607604e-02  -3.7922356e-01  -3.1349438e-01   1.3301600e-01   1.1317118e-01   2.5909927e-01  -2.5503316e-02   1.1041187e-02   2.2608888e-01   2.1115699e-01  -1.7564578e-01   1.0135184e-01   5.6352077e-01   2.2652990e-01   4.1050552e-02   2.3819804e-01  -1.4784341e-01   1.1860054e-01   3.2075556e-01   3.0358921e-01  -3.3488644e-01   5.8820767e-02  -5.2852357e-02  -1.5329826e-02   2.6456877e-02   4.0281712e-01   1.7206283e-01  -1.3540502e-01   8.8365908e-02  -1.3053222e-01   4.5571870e-02  -5.0691268e-01  -1.0720886e-01  -1.8602178e-01  -4.3807626e-01   3.0016729e-02  -4.7361260e-01   1.5030035e-01  -1.6295770e-01   1.6531641e-01   1.2238171e-01  -2.1595215e-01   2.9956995e-01   2.3478026e-01   1.6996250e-01   2.8414090e-01   3.1792439e-01  -4.0314082e-01   2.2607816e-02  -2.2795354e-01   1.7399272e-01   1.6822873e-01   3.0497253e-01  -1.2616192e-01   3.3724833e-01   7.5186067e-02   1.2255328e-01   9.0423386e-03   2.5914298e-01   1.6407434e-01  -3.7652506e-01  -3.3982582e-01   2.7082254e-01  -9.2935563e-02   3.4433133e-01  -3.2812499e-01   1.8826027e-02  -9.0100801e-02   1.4166878e-01   1.1273878e-01   3.4046078e-01  -2.4666744e-01  -1.1374271e-01   2.8177644e-01   2.8838660e-01   3.3366500e-01  -2.5273155e-01   2.4028442e-01   1.4659639e-01  -2.4231959e-01  -1.4294226e-01   2.8518618e-01   6.0245191e-02   2.3289565e-01  -3.3044149e-01  -5.5577192e-02  -1.7101189e-01  -2.4736694e-01  -1.8989560e-01   1.1638145e-01  -2.7295583e-01  -1.2536969e-01  -1.8818886e-01   1.7605220e-01   3.6757107e-01   4.3181999e-01   1.3175798e-01  -3.3954633e-01  -2.5561295e-01  -1.9341660e-01   1.8591913e-01  -1.7773912e-01  -2.2143840e-01  -2.1341157e-01   2.7526137e-01  -8.4402250e-02  -7.2030558e-02   1.1075752e-01   3.0914287e-02   4.5074557e-01   2.1551858e-01   2.2245283e-01   1.7929553e-01   4.4792340e-01  -1.0529069e-01  -9.3943853e-02  -9.2572749e-02   5.2890864e-01  -1.6518720e-01   3.8692407e-01  -3.5418830e-02   1.4347829e-03   1.6100056e-01   3.7586168e-01
  -1.9773670e-01   8.9200200e-02  -1.3744533e-02   4.4251074e-01   1.9191325e-01   2.2716302e-01   4.3736392e-01   5.4713975e-02   1.1203727e-01   3.5111197e-01   0.0000000e+00  -1.7594160e-01   1.9556652e-01  -2.5892735e-01   9.8742769e-02   3.8065151e-02  -2.4905427e-01   7.0410453e-01  -3.2753534e-02  -4.5237853e-02   4.3448280e-01   3.2468154e-01   3.3315617e-01  -4.3447855e-01   1.2441812e-01   7.6698070e-02   2.9669807e-01  -2.3678330e-01   3.7807561e-02   5.7808756e-01   1.8247705e-02  -1.1214706e-03  -1.8777502e-01   2.1722631e-01   3.6949222e-01   3.6812969e-01   3.3151323e-01  -1.3130518e-01   8.4897618e-02  -3.2084503e-01   3.9127242e-01  -2.9309804e-01  -1.8278938e-01   1.0717985e-01   5.1816117e-01   3.7205338e-02   7.3433381e-01   3.3329255e-01  -1.8282795e-02  -4.8051595e-01   4.9519767e-01  -2.1669477e-02   4.1306995e-02  -2.3513661e-01  -2.5450557e-01   5.9899018e-02   3.2400650e-01  -4.5879178e-02   4.5426350e-01   2.2599386e-01   2.3252999e-01   3.0589288e-01  -2.0452766e-01   2.5670641e-01   1.9046097e-01   5.7180433e-01   1.7198568e-01   8.9717766e-02   5.6370345e-01   8.3335060e-02  -2.9552645e-01   6.1300638e-01   3.2942357e-01  -1.6467344e-01  -1.1834991e-01  -1.1190605e-01   9.1718866e-02   2.3251355e-01  -1.1206327e-01   8.8029075e-02  -2.1577033e-01   1.3540586e-01   2.7721069e-02   1.6349568e-02  -1.8686512e-01   3.6369516e-02   2.5601413e-01  -5.0038621e-01  -3.8869383e-01  -3.7428831e-01  -2.8900282e-01   3.8162091e-03  -1.0218346e-01   1.6644430e-01  -1.3951970e-01  -2.1020774e-01   1.9660321e-01   1.1055200e-01   5.4456500e-01   3.9462463e-01  -3.6654099e-01   4.6571692e-01   4.2602021e-02   3.2191137e-01   4.9555687e-01  -2.4085598e-02  -3.7868007e-01   2.6470205e-01   2.4119948e-02   6.2907714e-01  -7.8505466e-03   4.3578722e-01   1.6388096e-01  -2.6185553e-01  -4.4105536e-01   5.0057689e-02   3.3838529e-02   2.6433958e-01  -1.6142873e-01   3.9697391e-01  -2.0198648e-02  -3.8360429e-01  -2.0482510e-01   2.1036475e-01  -2.4214748e-01  -1.6814430e-01   2.1508283e-01  -2.3501242e-01   2.1128651e-01   5.5365845e-02   6.8495306e-02   2.7413942e-01  -1.6490753e-01   1.2098651e-01   1.8949844e-01   2.0018328e-01  -1.2674605e-01  -1.1227226e-01  -1.3583473e-01  -2.0917476e-01  -3.2340300e-01  -2.2321425e-01   5.5985127e-01  -9.6226247e-04   7.8362832e-02   3.5265677e-01  -3.6494245e-01   5.5796728e-01   5.8895229e-01   1.3953866e-01  -2.0132445e-01  -1.7381157e-01  -2.0302484e-02   2.4917767e-01  -1.2099064e-01  -1.9401465e-01  -3.6757257e-02   4.0256172e-01   1.1804966e-01  -6.2378671e-03   1.9781765e-01   5.7971344e-01   4.7914238e-01   6.0059103e-01   1.3824623e-01   7.8793154e-02   3.6986633e-01  -2.6798399e-01  -6.2191471e-02  -9.9264037e-02   3.3980074e-01  -1.3746404e-01   6.3564496e-01   2.8609620e-01  -1.1169069e-01  -2.0691642e-01   2.0996310e-01
  -4.2457991e-01   5.1611118e-01  -6.7300283e-02   1.3304736e-01   3.6104443e-01   1.4500888e-02   9.3336628e-02   6.9435713e-02   5.5704582e-01   3.5835468e-01  -1.7594160e-01   0.0000000e+00   1.6125595e-01  -2.4240557e-01   3.9452104e-01   2.2445984e-01   1.3228464e-01  -2.6662931e-01  -6.9109443e-02   5.9259693e-01  -2.4255969e-01   4.6130481e-03  -1.9076049e-01  -2.3690653e-01   1.0362032e-03   2.1129371e-01   2.1954080e-01  -2.3357117e-01  -4.7195019e-03  -1.2584513e-01  -5.7582857e-02   2.1804318e-01   1.7798292e-02   3.9217959e-01   1.4042044e-01   4.4936643e-01   1.2700521e-01  -4.2349957e-01   2.2006549e-01   4.6218464e-01   9.2249811e-02   5.4428499e-02   6.0692457e-01  -2.4998734e-01  -1.2158573e-01  -5.8111391e-01  -9.3962902e-02   8.9782893e-03   2.2466895e-01   4.8707331e-01  -1.8613101e-01   2.7418954e-01   4.0148086e-01   9.3821347e-02  -1.3271803e-01  -4.6400163e-01  -1.1888726e-01   1.7051132e-01  -9.2065916e-02   1.3878291e-01  -4.1599629e-01   2.1330098e-01   5.3157637e-01  -1.0132256e-01   3.1696002e-01   5.2257926e-03   1.2419044e-01   3.5849919e-02  -2.4772035e-01  -5.9445301e-01   5.4569955e-01  -1.0966002e-01   1.4028526e-01   5.7037410e-02   1.9450607e-01   2.5605446e-01  -4.5942397e-01  -1.0196076e-01   5.9154932e-01   2.5135798e-01  -2.2439834e-02   1.3643109e-01   1.5786380e-01   2.8881596e-01  -3.6968053e-01  -9.4257318e-03  -5.9612254e-02  -2.4850659e-01   2.3083211e-01  -3.5212094e-01   5.8927877e-01  -4.2096028e-01   5.1806658e-01   3.6139082e-01  -4.6591924e-01   6.1014051e-01   1.4932654e-01   6.5113693e-02   8.2177443e-02  -3.4219162e-02  -2.1361630e-01   3.9096432e-02  -7.1808329e-02   1.4143801e-01  -1.5562667e-01   3.8856858e-01   5.4239623e-02   5.0201378e-02   3.4838910e-01  -1.7506735e-01   3.9684257e-01  -1.3218919e-01   2.3119635e-01  -4.8424246e-01  -1.6277925e-01   5.4925634e-01   1.2782126e-01   2.8697212e-01  -4.2082485e-01  -6.3563032e-02  -4.2350437e-01   7.0789970e-01   3.5913611e-01   4.0612897e-01  -3.9121591e-01   5.6967758e-02   3.6441498e-01   4.3079633e-01   2.2291693e-01  -4.7252099e-01   3.6294549e-01   3.5554877e-01   1.9568599e-01   4.0065505e-03   5.0499387e-01   8.7102184e-02   5.4412243e-01  -2.8989959e-01   1.8263122e-01  -2.8524043e-01  -1.7600329e-01   5.9748124e-02  -1.0448355e-01  -4.6378217e-01   1.1164560e-01  -1.5466700e-01   6.9956249e-01  -1.5380085e-02  -2.9171439e-03   7.6539380e-02  -3.9859278e-01   2.5182890e-02  -4.3490071e-01   3.1319355e-01   5.9619645e-02  -3.2387920e-01  -4.3958792e-01  -1.1731310e-01  -4.9969382e-01  -6.2965494e-02   1.1979606e-01  -2.6849989e-01  -4.7573112e-02  -1.5421985e-01   1.6352950e-01   6.2175340e-01   3.9575776e-01   2.2272099e-01  -2.9145186e-01   2.9437907e-01   5.1596703e-01  -3.8932924e-01   8.7406149e-02  -2.9130089e-01   4.9556892e-02  -5.8157589e-02   2.5223167e-01
  -3.5038779e-01   3.6831831e-01  -2.5844503e-03   2.0894642e-01   4.7614409e-01   1.5523900e-01  -2.5618611e-03   1.0774855e-01   2.7846533e-01   3.2314759e-01   1.9556652e-01   1.6125595e-01   0.0000000e+00  -1.7864525e-02  -2.8188772e-01   1.0048662e-01   5.0529387e-02   1.1986988e-01   3.4966053e-01   4.0601241e-01  -4.6581231e-02   3.0242164e-01  -2.7885545e-01  -2.6567430e-01   2.6217517e-01   1.7653570e-01   2.9462378e-01  -3.4902947e-01  -1.4745338e-01   8.5034656e-02  -2.0025217e-01   1.3923381e-01  -2.9663654e-02   1.6098961e-01  -4.3007755e-02   4.6850312e-01   1.5352009e-01  -4.2496610e-01   4.7942347e-01   2.4342101e-01   7.1084709e-01   2.1615990e-01   3.0872204e-01  -1.2559307e-01  -1.1938727e-01  -3.7561257e-01   3.3138263e-01  -2.0259076e-01  -3.8094162e-02   2.1791844e-01   7.3150153e-02   1.7683026e-01  -1.0848058e-02   5.4297623e-02  -3.9836855e-01  -3.1612580e-01   2.2809565e-01   2.3134579e-01   2.8885516e-01   1.4587546e-01  -2.0278251e-01   1.8786644e-01   3.5885710e-01  -8.6198114e-02   4.1046076e-02   2.0867749e-01   1.1783535e-01   1.8788031e-01   2.2580924e-01  -2.9140834e-01   3.4404766e-02   2.0251112e-01   4.2716335e-01  -8.7699954e-02   2.2765071e-01   1.8036953e-01  -3.1300826e-01   1.7968621e-01   3.6107995e-01   5.8432373e-01  -3.4380303e-01   2.6270124e-01  -1.4811793e-01   2.1226426e-01  -3.1886590e-01  -1.1161026e-02  -2.4009057e-01  -4.5863381e-01   1.0131176e-01  -4.7091716e-01   2.5671608e-01  -1.9450208e-01   4.7167424e-02   2.0713444e-01  -4.5076982e-01   3.1633000e-01   3.7553212e-01   4.6494507e-01   4.0861820e-01   5.0388903e-02  -3.8701115e-01  -1.7042475e-01  -1.4731471e-02   1.3333229e-01  -2.1489374e-02   2.7706803e-01  -2.5127196e-02   3.7834323e-01   1.0693629e-01   1.8972264e-02  -3.6634862e-02   2.9325858e-01   1.9012629e-01  -4.9912698e-01  -4.2604380e-01   3.1675871e-01   2.0314050e-01   5.9540200e-01  -3.4671330e-01   1.8748605e-01  -3.4654733e-01   9.0601283e-02   1.2322448e-01   1.8054072e-01  -4.1717463e-01   9.5968949e-02   1.0397167e-01   4.1531578e-01   3.4726161e-01  -2.0892318e-01   3.9499188e-01  -8.3268984e-02  -5.7668076e-02  -1.3897790e-01   5.2305174e-01   6.8739452e-02   2.2069560e-01  -4.5738128e-01  -9.0349121e-02  -4.6625227e-01  -2.4487877e-01   1.7088457e-01   2.5220488e-01  -2.8850009e-01  -2.6978011e-01   2.8510639e-02   6.0811519e-03   3.2456905e-01   1.9936071e-01  -1.4707187e-01  -3.6209995e-01  -5.7917027e-03  -3.5590200e-01   2.6638048e-01   3.6488069e-02  -3.9089384e-01  -3.4347170e-01   3.6356523e-01  -2.2852284e-01  -1.5017582e-01   1.7343838e-01   1.6523967e-01   2.1273515e-01   1.5821477e-01   2.4950150e-01   1.9208824e-01   3.6123151e-01  -6.6724338e-03  -3.8517256e-01  -1.0932987e-02   2.9045798e-01  -4.3380693e-01   2.8812345e-01  -4.1312915e-03  -4.3949656e-02   9.8186980e-02   3.3743393e-01
   5.1247340e-01  -4.0706398e-01   1.6752043e-01  -2.1793775e-02  -1.5312756e-01  -1.3604974e-01  -3.9876307e-01   1.4638801e-01  -3.5360863e-01  -4.1957990e-01  -2.5892735e-01  -2.4240557e-01  -1.7864525e-02   0.0000000e+00  -2.4639963e-01  -3.4933777e-02   1.2855475e-01  -1.3890658e-01   1.2891546e-01  -1.7899283e-01   4.5288357e-02  -2.2448129e-01  -1.9533082e-01   6.3248035e-01  -8.9731268e-02  -5.8868363e-02  -3.6259368e-01   6.0600825e-01  -1.5949665e-01  -3.4639783e-01   1.1001823e-01   6.8592956e-02   6.7449913e-02  -2.2737496e-01  -3.5544854e-01  -4.1526854e-01  -1.4379217e-01   1.2816387e-01  -6.8350448e-02  -1.8477988e-01  -1.2714614e-01   9.2707420e-02  -3.4183698e-01   3.8920304e-01  -8.1615279e-02   1.9918017e-01  -2.7916513e-01  -1.9662889e-01  -1.0437459e-01  -2.9550750e-03  -2.0268440e-01   8.5708749e-02  -3.5926547e-01   1.5054923e-01   4.0552138e-01   5.2168860e-01   6.5976347e-02  -6.2423282e-02  -1.1313704e-01  -1.1711706e-01   2.1543114e-01  -2.0895961e-01  -1.6950470e-02   8.0537927e-03  -1.7657058e-01  -5.2069836e-01  -1.7149931e-01   4.8795070e-02  -9.0100130e-02   3.6346602e-01  -2.9402535e-01  -3.1152772e-01  -3.5527001e-01   3.1231752e-01  -1.9476850e-01   1.6430759e-01   2.7397811e-01  -1.1019711e-01  -1.9975987e-01  -2.5730705e-02   4.6120264e-01  -2.6992571e-01  -1.3070653e-01   1.9629578e-02   5.4332989e-01   3.6582836e-01  -2.6850542e-02   5.6707181e-01   1.5424225e-01   5.5433235e-01  -1.6718920e-01   4.4026332e-01  -1.2103407e-02  -3.3350334e-01   1.7908330e-01  -2.4279010e-01  -8.3778046e-02  -9.6512606e-03  -1.1326646e-01  -1.5711957e-01   4.7839788e-01  -1.5125845e-01   4.4824461e-01  -4.1424309e-01  -9.7024685e-02  -1.2610352e-01   2.8516984e-01  -1.4152311e-01  -6.2023936e-02  -2.1198283e-01  -1.0814784e-01  -1.7467939e-01  -1.9086199e-01   4.1375988e-01   5.8493570e-01  -1.8079932e-01   1.1185375e-01  -9.6643053e-02   6.0150207e-01   1.0691523e-01   3.3396644e-01  -1.5674553e-01  -5.3707723e-02  -2.7980771e-01   2.8307492e-01   6.1985933e-01  -1.7596364e-02  -1.5417550e-01  -2.3978889e-01   2.3925997e-01  -2.4865202e-01  -2.6033899e-01   1.7017402e-01  -1.7842934e-01  -2.7464561e-01   6.9412803e-02  -3.1747283e-01   3.8860961e-01   1.3228828e-01   9.1002881e-02   5.1880060e-01  -1.2394281e-01  -1.5217560e-01   4.5136570e-01   9.2258303e-02   2.0935037e-01  -2.8080701e-01  -2.3346643e-01  -2.7489420e-01  -2.7021080e-02   5.6206921e-01   6.7708380e-01   3.3025971e-01  -7.4343344e-02   2.1392784e-01   8.3597816e-02   3.5412676e-01  -1.3890440e-01   3.8230267e-01   3.4464094e-01  -8.5535425e-02  -4.9674797e-02  -2.2774372e-01  -2.9768637e-01  -1.8056160e-01  -3.2981789e-01  -2.3448460e-01   2.4688929e-01   1.6383062e-01  -3.4492919e-02  -5.4913768e-01   8.3334837e-02  -3.7714851e-01   1.3574424e-01  -2.5624456e-01  -1.9337447e-01  -1.7066744e-01
