   0.0000000e+00  -2.0891324e-01  -7.0190338e-02  -2.4279225e-01   2.0904581e-02  -2.5427255e-01  -1.3945192e-01   2.9952648e-01  -6.5038102e-02   5.5987604e-02   2.1085387e-01  -2.2543209e-01   2.5706603e-01   5.1634268e-02  -8.2762295e-02   9.8215798e-02   1.1701044e-01   3.2632999e-01  -3.0012193e-02   5.7080369e-02  -3.1868903e-01   4.2269064e-02  -1.4738055e-01   4.9739365e-01   9.1627423e-02   2.2773665e-02  -1.7795892e-01   2.9309513e-01   1.9302196e-01   5.6655080e-02  -2.9265776e-01   1.0996429e-01   1.6835560e-01  -1.1687917e-01  -2.8046940e-01   2.0214827e-01  -3.0030511e-01   5.2286314e-01   1.8218868e-02  -2.4673723e-01   2.5577112e-01   1.2520686e-01  -2.8194539e-01  -3.0232794e-02   1.7172954e-01   3.7783372e-01   2.2140333e-01  -3.7038477e-01  -3.3536721e-01  -1.3032337e-01   2.2420092e-01   1.8553286e-01  -3.6968823e-01   1.1213905e-01  -1.3717660e-01  -4.3722155e-02  -1.5920060e-01   2.3698815e-01   2.5101895e-01   3.2371251e-01   3.6533136e-01   3.7602193e-02   9.3825966e-02   1.7122500e-01   1.1009821e-01  -1.4390653e-01  -3.6389611e-01   1.5592017e-01   7.2007760e-02   3.3523599e-01  -2.9833517e-01   2.9929818e-01   3.4874932e-01  -8.6098692e-02   1.5962751e-01   7.0023552e-02   4.5526162e-01   3.6929589e-02   1.1973624e-01   1.7423331e-01  -6.2854676e-02  -2.8867848e-02  -3.5614149e-01   2.8907338e-01  -2.6380337e-02   2.8666035e-01   1.4867794e-01   2.8462003e-02   1.4161013e-01   6.4496005e-01   2.2484466e-04   1.1224973e-01   6.0462626e-02   9.7286736e-02   3.1216621e-01  -9.5785927e-02   2.9972597e-01  -1.9945917e-01   3.2962132e-01  -1.3123179e-01  -1.3655169e-01   1.7230436e-01  -1.2675164e-01   3.6708364e-01   1.2897590e-01  -1.7931820e-04  -5.1929914e-02  -1.1126248e-01  -9.1271799e-02  -2.2990884e-01  -1.9975933e-01   1.2391180e-01   2.1219203e-01   7.8264017e-01   1.3570793e-01   7.9491385e-02  -1.1648532e-01   5.0073609e-01   4.9134019e-01   2.0545057e-01   6.4750351e-01   8.5681530e-03   7.8096743e-02  -3.5939983e-01   5.4832070e-01   3.8418091e-01  -1.8614871e-01   2.1273943e-01   3.2831790e-02  -9.9261572e-02   1.2413537e-01  -2.2932945e-01   3.9620091e-01  -4.2161506e-01   1.9633120e-01   1.1921730e-01   1.4771279e-01  -2.7819030e-01   2.0747661e-01   4.3108604e-01   6.1575595e-01  -1.6033645e-01   1.1915687e-01  -1.3657902e-01  -5.9825256e-02   1.9475868e-01  -1.8242747e-01   2.1346508e-01   9.7663940e-02  -3.7288219e-01  -2.5385011e-01  -1.6030494e-01   4.3204055e-01   8.0658328e-02  -3.4310676e-01   6.5480903e-01   5.1228913e-01   3.8253890e-01   2.9776341e-01   1.2450458e-02  -8.1143982e-02   1.5609087e-01  -4.1206378e-01  -4.6545006e-03   1.6045357e-01  -2.2895521e-02   5.0168420e-02   4.8531864e-02   4.3068793e-01  -1.3929106e-01   1.6302838e-01   3.5334798e-01   2.6073823e-01  -2.2116963e-01   7.3614611e-02  -1.6579632e-02   1.0882937e-01
  -2.0891324e-01   0.0000000e+00   1.5627893e-01   3.3903784e-02   5.5190419e-01  -5.3843170e-02  -3.2847053e-01  -2.2361190e-01   4.0859856e-01  -3.4300889e-01  -1.0030931e-01   6.0407002e-01  -4.3326003e-02   4.5486484e-02  -3.7530719e-01  -2.4997516e-01   5.0619470e-01  -1.3818883e-01   2.4138760e-01   3.1632826e-01  -2.3891743e-01  -1.2785996e-01  -5.4028804e-01  -9.1634143e-02  -2.6088958e-02  -8.8770319e-02   6.2658499e-02  -1.5334303e-01  -1.8321503e-01   1.9415460e-01  -1.6579411e-01  -2.3128897e-01   2.0205023e-01  -2.7472109e-01   2.4968496e-01   2.2165905e-01   1.6976769e-01  -2.8094385e-01  -3.2178723e-02   1.6192232e-01   2.9120252e-02  -4.5563440e-02   3.8220919e-01  -5.7735019e-02   1.9547204e-02  -3.3184817e-01  -1.1993750e-01   3.7918803e-01  -1.2327855e-01   3.3219346e-01  -4.6120810e-01  -2.0599888e-01   2.7133030e-01   1.9059196e-01   2.8366305e-02  -1.9321524e-01   4.6353771e-02  -1.1011991e-01  -2.4242090e-01   5.9358406e-03  -1.8069913e-01  -1.2132075e-01   2.1626573e-01   1.7685240e-01   5.2898768e-01  -1.7022431e-02   3.8043646e-01  -1.2470423e-01  -1.0737057e-01  -4.3638817e-01   3.1806394e-01  -2.6567825e-01   1.8826494e-02   6.0612799e-01  -1.2318420e-01  -5.9629889e-02  -9.4346934e-02   1.9985643e-01   6.1761898e-01  -5.8768193e-02  -5.9851422e-01   9.0309526e-03   5.2826644e-01   4.1296760e-02   3.7248128e-01  -4.7382419e-01   4.7812563e-01  -2.1404472e-01   3.9189577e-01  -2.2951167e-01   4.9872752e-01   2.3057244e-01   5.3730675e-01   2.8709769e-01  -1.5126504e-01   1.1935366e-01  -3.7374215e-01   1.5443830e-01  -2.0563215e-01  -3.0698280e-01  -2.1108130e-01  -3.2588761e-01  -4.0437060e-02   1.3035039e-01  -4.2450262e-01   6.9854323e-02   7.7298285e-02  -5.5675077e-02  -2.4975537e-01   3.3832963e-02   3.1726058e-01  -4.5574339e-01  -2.4835122e-01  -1.4067230e-01  -5.8881790e-01   4.2597289e-01   1.5847696e-01   4.0860492e-02  -2.0336790e-01  -4.3620980e-01  -2.7807729e-01   5.7676635e-01   3.2477310e-01   2.5458668e-01  -2.3455720e-01  -3.1379147e-01  -2.3484257e-01   1.9054902e-01  -1.3807544e-01  -1.6638610e-01  -1.1708912e-02   3.1140773e-01   3.7303135e-01  -2.2288210e-01  -3.2980077e-02   2.5414432e-02  -6.7702545e-02  -2.8002316e-01  -2.2772946e-01  -1.1460297e-01  -9.7486691e-02   1.8355386e-01  -2.5185617e-01  -6.4233712e-02  -3.9546728e-01   2.7914534e-01  -1.8788897e-01   2.1269088e-01  -3.9908592e-01   2.1894484e-01   8.2767849e-02  -1.6141014e-01  -9.4665920e-02   5.2178711e-01   3.5014490e-01  -1.7889416e-01  -1.9285812e-01  -2.9265606e-01   5.0907700e-02  -3.2184963e-01  -5.7006867e-03   1.3571698e-01   8.2753533e-02  -2.6688312e-01  -2.0920489e-01   4.1846558e-01   1.8638261e-01   2.0690226e-01  -7.4283157e-02   7.2061980e-01   1.4991008e-01  -1.9033065e-01  -1.7347265e-01   2.8857313e-01   8.2883261e-02   2.2383684e-02   5.0466469e-02
  -7.0190338e-02   1.5627893e-01   0.0000000e+00  -9.5472842e-02  -2.0599217e-01   6.1405423e-01   3.8694770e-01  -1.6968422e-01  -3.3430622e-02   4.4712025e-01   1.2827107e-01   4.7005793e-01  -2.1259821e-03   1.1895808e-01   4.7455219e-01   5.7158609e-02   5.9320038e-01   8.9881231e-02  -4.1091715e-02   1.3581522e-01  -1.0736756e-02  -1.2057843e-01   2.0875075e-01  -2.6479499e-01  -1.0600077e-02   1.2076688e-01   5.8092926e-01   8.9122292e-03  -8.1890227e-02  -9.8883017e-02  -1.3612070e-01   1.9223164e-01   2.3200215e-02   4.5350064e-01   7.8984312e-02  -5.1442097e-02  -2.0561177e-01  -2.7712330e-01  -1.2126507e-01   1.4758289e-01  -1.1207157e-01   4.9577578e-02   2.4358618e-01   2.4965346e-01   2.5034355e-01   1.3722098e-01   2.7701076e-01   1.2285234e-01  -3.1497256e-01   1.1082332e-01   2.0496557e-01  -1.1671826e-01  -3.4319202e-01   1.3728228e-01   6.4805889e-02   4.4915853e-01   4.7469529e-02  -1.2702672e-01  -1.8083618e-01  -1.8355495e-01  -1.5534174e-01   2.6033113e-01  -3.5279707e-01  -2.9302749e-01  -2.5546761e-01   6.3704962e-01   4.2418742e-01  -3.3576280e-01   2.2886143e-01   3.5871761e-01  -9.1595646e-02   1.0185712e-01  -9.4101027e-02   2.5739726e-01  -1.4727221e-02  -3.1506927e-01   9.7131093e-02   1.5171918e-01  -2.7500134e-01  -1.1921798e-01   2.2570602e-01  -3.1217936e-01  -2.1562620e-01   8.6893910e-02   5.5290332e-01  -1.8817874e-01  -3.6143716e-01   2.7403607e-01  -1.8189196e-01   1.2503004e-02  -3.0022188e-01   2.6368326e-01   3.0893847e-01  -1.1049781e-01  -2.0498318e-01  -1.2209831e-01  -1.1620953e-01  -2.4338850e-01  -5.6098400e-02   1.9039727e-01   1.7368994e-01   2.4729117e-01  -1.2602809e-01  -4.1596285e-01   1.5435216e-01   4.7914114e-02  -1.1769993e-01   1.4723814e-02  -1.1585898e-01   2.4628871e-01   2.2762727e-01  -6.8289189e-03  -1.4632954e-01  -8.4252899e-02   1.9520302e-01  -3.9678012e-01   3.7705859e-02   7.4665894e-02   2.3314491e-01  -1.0231760e-02  -1.9032523e-01  -1.2702445e-01  -1.4281250e-01  -3.0430734e-01   1.2092439e-01  -4.7894998e-02   2.0603963e-01   5.7347892e-02   8.1675809e-02   7.6164148e-01  -5.8206891e-02   6.2911638e-02  -2.8327489e-01  -4.3737922e-02  -8.9077826e-02  -2.5388603e-01   6.9031661e-02   1.4557045e-01  -2.0224822e-01  -1.5098804e-01  -9.1988376e-02  -6.7415995e-02   1.1493393e-01   7.1716055e-01   2.3250404e-01  -3.7804514e-01   1.3542519e-01  -5.9191788e-02   2.5377259e-01  -1.4028419e-01   5.7762358e-01   1.5429476e-01  -3.4272132e-02  -2.7447649e-01   5.7794057e-01  -3.3646727e-01  -1.9337705e-01   4.7058304e-02   1.5794108e-02  -9.2842336e-02  -4.2195455e-02  -6.7151563e-02   2.5519474e-01   6.4548013e-02   1.2601318e-01  -1.6746475e-01   1.9143398e-01   2.1287915e-01   9.5331889e-02   1.6083420e-01  -1.7624186e-01  -2.3049397e-01  -1.2777201e-01   4.8932017e-01  -1.5507983e-01   1.2356577e-02  -1.6141917e-01
  -2.4279225e-01   3.3903784e-02  -9.5472842e-02   0.0000000e+00  -2.6323439e-01   1.3333827e-01   9.4902918e-02  -2.6953433e-02   1.5655924e-01  -9.6351583e-02  -1.4772231e-01  -1.5303341e-01  -2.8085708e-01   2.3720417e-01   5.6757006e-02   2.9713396e-02  -2.0843554e-01  -1.6647083e-01   1.6278837e-01  -2.5899517e-01   3.3833794e-01   2.9224391e-01   8.5452695e-02  -5.8381983e-02  -2.2474574e-01   1.2299528e-01   1.8452322e-01   9.8951284e-02  -1.2856876e-02  -9.9285283e-02   4.2626873e-01   6.9690254e-02  -7.2976622e-02   2.5808966e-02   3.0696404e-01  -3.2462376e-01   2.5653777e-01  -4.6507588e-02   2.2639945e-01   2.5383940e-01  -1.9918987e-01  -2.9288728e-01   2.5676392e-01   5.1387220e-02  -1.7189403e-01  -1.2230341e-01  -1.7612067e-01   2.0866399e-01   1.9133892e-01   1.3184219e-01  -8.4766233e-02  -3.1795336e-02   3.7856246e-01  -1.7160125e-01   2.7407609e-01  -5.4637475e-02   1.2319695e-02   1.4528542e-01   1.1308556e-01  -1.6718560e-01   5.2540422e-02  -1.2005359e-01   1.0234199e-01   9.1084798e-02  -1.5550778e-01  -1.0341839e-01   3.1326989e-01  -1.1564820e-01   3.2039092e-03   6.0223334e-02   2.2618492e-01   9.6081884e-02  -5.3797152e-02  -4.2122052e-02  -2.4188612e-02   1.5270596e-01  -2.8137405e-02  -1.8289784e-02  -2.3871124e-01  -3.5737155e-03   1.4238498e-01   5.6571661e-02   1.7243692e-01  -5.2514186e-02   8.7284915e-03  -7.5752045e-02  -6.2515727e-02   8.6348423e-02  -7.9611795e-02  -1.6786941e-01  -2.4920591e-01  -1.6615624e-01  -1.9698566e-01  -1.3660013e-01  -8.6708657e-02  -2.1186997e-01  -1.4916469e-01   1.3880155e-03  -1.0654519e-01   2.3682814e-02   2.5771088e-01  -6.8190890e-02   4.5257400e-01   7.0252774e-02  -7.4788686e-02   2.4297022e-01  -4.3992850e-02  -3.7732028e-02  -1.1360125e-01   1.7312473e-01   9.9922761e-02   9.8325551e-02   1.5350034e-01  -1.6163934e-01   1.3180526e-01   3.1966889e-02  -2.2546025e-02  -5.9822298e-02  -9.8557336e-02   5.1988173e-01  -6.2899771e-03  -1.7726705e-01  -1.5540784e-01   1.6813333e-01  -2.7618168e-01  -1.6872424e-02   1.2877580e-02  -2.8630814e-01   1.9426730e-01   9.1385602e-02   1.7289661e-01   1.1483138e-01   3.3789776e-03   3.4902631e-01   2.1962036e-01   1.1016044e-01  -6.1623263e-02   3.4185709e-01  -1.1955412e-02  -6.5697901e-02  -1.5240424e-01  -6.4514090e-02  -1.1681303e-01  -2.9287016e-02   3.0564807e-02  -1.3303558e-01   1.0966648e-01  -3.2466294e-01  -7.3885263e-02   2.8346493e-01   1.6754624e-01   3.8521763e-01  -3.1242402e-01  -8.9725786e-02   1.6805562e-01   9.4110902e-03  -2.1469003e-01   5.0506154e-02  -1.8385385e-01   2.5613097e-01   9.6417654e-02  -2.8982046e-01   3.1232868e-01  -1.0375891e-01   1.7870971e-02  -2.4889504e-02  -1.0427223e-01  -1.0203398e-01  -4.2437767e-01  -6.7255950e-02  -1.9372658e-01   1.7464613e-01   1.9080895e-02   1.6746492e-02   1.0421025e-01   1.7101812e-01   1.0102227e-02
   2.0904581e-02   5.5190419e-01  -2.0599217e-01  -2.6323439e-01   0.0000000e+00  -3.8805015e-01  -5.7048569e-01  -4.7423094e-02   3.4485456e-01  -4.2412789e-01  -6.3747357e-02   4.1078821e-01   1.5211210e-01  -4.3669299e-01  -3.7430974e-01  -2.6678795e-01   3.5251882e-01  -1.5144228e-01   1.5121007e-01   7.0926913e-01  -5.2509209e-01  -3.4157768e-01  -5.2348145e-01   1.6684646e-01   1.3088515e-01  -9.0794514e-02  -7.9252620e-02  -2.7416973e-01   1.3683425e-03   5.7319723e-02  -2.4548892e-01  -3.9022360e-01   1.2417169e-01  -6.4587218e-01   1.0161728e-01   7.1372422e-01   2.5009540e-02   4.0261884e-04  -2.1269218e-01   1.9869388e-01   2.9690890e-01   2.0655456e-01   3.3243846e-01  -3.8908596e-01   1.4065632e-01  -1.6797932e-01   1.2168204e-02   4.8336284e-02  -1.8715295e-01   3.6430177e-01  -3.5706854e-01  -7.3679129e-02   1.8693796e-01   2.4028630e-01  -3.9975907e-01  -4.8155834e-01  -1.7628936e-01  -4.7751739e-03  -3.0225685e-01   1.7884223e-01  -9.2819935e-02  -2.9904068e-02   4.0783906e-01   2.7803547e-01   5.7986545e-01  -6.6059828e-02  -1.9077888e-02   7.6835059e-02  -3.3932550e-01  -4.2852675e-01   2.1931134e-01  -1.9403013e-01   1.2965046e-01   4.0436149e-01  -1.9057773e-01  -1.0359574e-01  -1.1291436e-01  -3.2628599e-02   8.5521179e-01   1.5998847e-01  -7.6423937e-01   2.0349376e-01   5.0016481e-01   1.3912257e-02  -1.5801520e-01  -2.6521753e-01   5.1139046e-01  -4.9471665e-01   3.7736465e-01  -3.1537235e-02   7.3759780e-01   1.9778223e-01   5.5576292e-01   4.4719381e-01  -7.9293867e-02   3.6549138e-01  -1.8078344e-02   1.3984267e-01   1.7165288e-01  -2.7012512e-01  -3.4532067e-01  -2.1865860e-01  -4.0123473e-01   2.3508958e-01  -4.7017737e-01  -2.1476460e-01   2.4099931e-01  -1.2188646e-01   2.4134008e-02  -4.7115313e-01   4.1137990e-01  -4.6111135e-01  -1.2420860e-01   6.1919793e-02  -4.6297828e-01   5.0652438e-01  -3.3626736e-02   8.6858565e-02  -2.4366014e-01  -5.1824364e-01  -8.5890015e-02   8.2965819e-01   5.3227031e-01   1.1792457e-01   6.7486885e-02  -3.0550317e-01  -3.8729823e-01   2.9593859e-01  -3.6201560e-01  -5.1222360e-01  -1.3045943e-02   2.6791758e-01   4.4084259e-01  -4.9601816e-01   4.5515428e-02   1.1622436e-01   1.1479922e-01  -6.0330301e-01   6.0754840e-02  -7.8842683e-02   6.3565746e-02   2.2567016e-01  -2.1549416e-01  -4.7954732e-01  -4.5055803e-01   3.4772657e-01  -1.2759103e-01   3.6544228e-01  -4.6569853e-01   5.7457084e-02  -1.9098336e-01  -6.2729511e-01   1.4332325e-01   4.4844428e-01   7.5398329e-02  -9.6038154e-03  -5.7847593e-02  -1.4470831e-01   2.0852964e-01  -5.0123712e-01   8.1103523e-02   1.5553275e-01  -2.5717819e-01  -4.4007302e-01  -2.8416319e-01   6.2858669e-01   2.3482423e-01   2.4644115e-02   6.6428021e-02   5.1684668e-01   6.0836779e-01  -1.6847566e-01  -1.0813978e-01  -2.3972560e-01   2.1506427e-01   2.5928997e-02   2.1963985e-01
  -2.5427255e-01  -5.3843170e-02   6.1405423e-01   1.3333827e-01  -3.8805015e-01   0.0000000e+00   6.6054682e-01   5.3687660e-03  -4.2707614e-02   5.4083380e-01   3.0244230e-01   1.7590826e-01  -1.5376144e-01   4.1928679e-01   6.3207728e-01   2.3857782e-01  -4.6137909e-02   2.4677484e-01  -3.5474194e-02  -5.5317255e-02   3.7540816e-01   3.9205980e-02   3.8169767e-01  -3.9697395e-01  -1.0472516e-01   1.8900807e-01   3.6532408e-01   2.0041398e-01  -5.9828482e-02  -1.7862297e-01   1.7435074e-01   3.1914348e-01  -5.1254241e-02   6.7189867e-01   3.8175185e-03  -2.4495758e-01  -1.3418920e-03  -2.6308210e-01  -7.1980475e-02  -1.9379386e-01  -1.3537825e-01  -3.4099285e-01   8.7866542e-02   5.9229289e-01   2.4467285e-01   2.8754608e-02   3.3011341e-01   1.9083735e-01   4.1755942e-02  -3.0909971e-01   3.6071891e-01   1.3185746e-01  -3.2102329e-01  -2.9069554e-02   3.8362475e-01   6.4210226e-01   2.6393290e-01  -1.0222886e-01   1.1250556e-01  -2.2572121e-01  -1.7883459e-01   1.8437599e-01  -4.4259953e-01  -2.9545041e-01  -4.2800039e-01   5.4005648e-01   6.1154289e-01  -2.6005033e-01   5.3773029e-01   3.9519903e-01  -3.8237802e-01   1.8235109e-01  -2.0120427e-01  -6.4708639e-02   2.4336944e-01  -3.3572222e-02   7.0954723e-02   3.1543021e-02  -4.9370915e-01  -8.1492840e-02   5.5757237e-01  -2.9928357e-01  -3.0777841e-01   7.3431786e-02   5.7672706e-01   1.1292349e-01  -5.7043805e-01   4.9727438e-01  -2.3840281e-01  -5.9464862e-02  -5.8592013e-01  -4.1378122e-02   6.1736234e-02  -3.1955447e-01  -2.7600301e-01  -2.9838163e-01   5.6281723e-03  -5.2488050e-02  -8.8694904e-02   1.1514801e-01   2.0193466e-01   2.7591927e-01   2.1338623e-01  -4.9153785e-01   4.1201589e-01  -4.1342388e-02  -2.6414618e-01   2.4740380e-01   1.7534220e-02   5.9026310e-01  -3.5413640e-02   2.5198821e-01   2.1559335e-02  -2.5936491e-01   2.4750075e-01  -5.7295973e-01   9.3142463e-02  -1.1517560e-01   2.8962386e-01   1.9956303e-01  -1.8203776e-01  -4.1880207e-01  -3.5776952e-01  -1.5048601e-01  -5.6963480e-03   1.1530219e-01   5.6719163e-01   3.3953945e-04   1.7866283e-01   6.7281488e-01  -5.0942557e-02   7.9631011e-02  -5.5344699e-01   2.6716180e-01  -2.7776788e-01  -1.2268435e-01   2.0019606e-02   3.8566213e-01   1.1354212e-02  -3.0243975e-01  -1.0535716e-01  -7.7206094e-02   3.3135211e-01   8.0470541e-01   5.1836107e-01  -4.0072189e-01  -8.9120120e-02  -1.3191234e-01   5.0046885e-01  -2.2807964e-01   6.0951110e-01   5.3300633e-01  -1.3625619e-01  -3.7652818e-01   8.3057604e-02  -4.3193291e-01  -2.7394777e-01   1.1432552e-01  -2.8426716e-01   3.3680458e-01  -6.0257998e-02  -1.4576236e-01   5.0697540e-01   3.9799495e-01   2.2699551e-01  -4.4190217e-01  -9.8248452e-03   9.3338249e-02   2.2055672e-02   1.3003958e-01  -5.6386751e-01  -2.6156352e-01   1.4314901e-01   6.9942636e-01  -1.7379629e-01  -9.3239413e-02  -4.5059317e-01
  -1.3945192e-01  -3.2847053e-01   3.8694770e-01   9.4902918e-02  -5.7048569e-01   6.6054682e-01   0.0000000e+00   4.4904932e-02  -1.2778439e-01   7.5098006e-01   4.3339074e-01   3.4311081e-02  -3.2941855e-01   2.9276355e-01   6.8340951e-01   4.3525172e-01  -3.1946943e-01   4.4161139e-01  -8.3586120e-02  -1.9286833e-01   5.7875821e-01   1.2348278e-02   7.3518719e-01  -5.3031169e-01  -1.1858617e-01   8.6675054e-02   3.8360505e-01  -2.0055628e-02  -1.3317127e-01  -9.6373768e-02   1.7162782e-01   4.0018617e-01  -1.9910232e-01   8.6210438e-01   9.3069428e-02  -1.9557372e-01   1.5954616e-01  -1.2100708e-02   1.3576733e-01  -2.4692719e-01  -2.5143004e-01  -3.1641930e-01  -5.5539727e-02   5.2846270e-01   3.9538560e-01   1.5194017e-01   4.2152655e-01   4.0229027e-01   4.8592999e-02  -4.6040198e-01   6.3164084e-01   1.7856455e-01  -2.5694307e-01  -2.9642137e-01   1.9928103e-01   6.5125821e-01   1.9717359e-02   4.8085239e-02   2.2103604e-01  -3.0928627e-03   1.5233197e-02   2.7298700e-01  -4.9123739e-01  -3.0770463e-01  -5.8858390e-01   5.4557743e-01   2.4224804e-01  -2.0091523e-01   5.0972349e-01   3.0249333e-01  -2.6503493e-01   2.8969949e-01  -1.2735324e-01  -3.3576621e-01   1.1116505e-01   1.1386306e-01   1.3509380e-01  -2.7068732e-03  -7.1058673e-01  -1.9055176e-01   7.1960570e-01  -3.3468641e-01  -4.5291099e-01  -9.1711033e-02   2.5799092e-01   2.9429622e-01  -6.9389404e-01   4.3288695e-01  -4.1496162e-01  -1.1306196e-01  -6.5789624e-01  -3.2862288e-01  -9.7656574e-02  -2.8265119e-01  -1.1239396e-01  -4.7972862e-01   8.7272766e-02  -1.1266308e-01   1.1742083e-01   4.6985357e-01   2.8734297e-01   6.4778516e-01   3.2993713e-01  -4.1383978e-01   6.8627147e-01  -5.2953164e-02  -4.0928839e-01   1.8300081e-01   1.8394227e-01   6.2817874e-01  -1.1525562e-01   4.0055419e-01   6.6378266e-02  -1.8092420e-01   3.8786874e-01  -6.4340165e-01   7.2106773e-02  -1.1954379e-01   2.6589019e-01   2.8020009e-01  -9.4295930e-02  -6.6987682e-01  -6.1142448e-01  -5.4427560e-02  -5.2901171e-02   5.2230713e-02   7.3199332e-01  -1.9858181e-01   2.0827338e-01   5.9560115e-01  -4.9235959e-02   2.0733152e-01  -6.6107716e-01   4.0558377e-01  -2.3419300e-01  -1.7117493e-01  -8.3414760e-02   5.0622809e-01   4.2040109e-02  -1.7141782e-01  -2.3838512e-01  -3.0548141e-01   4.9765305e-01   6.3081660e-01   7.5963500e-01  -3.8851690e-01   2.9578752e-01  -2.3172840e-02   7.7671937e-01  -1.8954429e-01   3.3487660e-01   5.9777546e-01  -1.5613482e-01  -3.5939344e-01  -3.6969448e-03  -3.4123253e-01  -9.8469399e-02   8.6751613e-02  -2.6114649e-01   2.6288820e-01  -6.3254315e-02  -3.1541659e-02   5.0645166e-01   5.5284980e-01   2.8265313e-01  -4.8973743e-01   1.9695228e-01  -9.7507090e-02  -1.0161177e-01  -2.4944052e-02  -4.4509650e-01  -4.4123349e-02   4.3003025e-01   4.3965832e-01  -2.8582087e-01  -1.7224198e-01  -4.3101498e-01
   2.9952648e-01  -2.2361190e-01  -1.6968422e-01  -2.6953433e-02  -4.7423094e-02   5.3687660e-03   4.4904932e-02   0.0000000e+00   1.2810319e-01  -3.6234190e-02   2.6900485e-01  -3.4115064e-01   4.0307864e-03  -3.3291637e-02   1.4839047e-01  -8.7945060e-03  -2.0753894e-01   1.6108136e-01   2.7265767e-01  -9.9076004e-02   2.2224337e-02   1.0234792e-01   2.2200554e-02   1.9983677e-04  -9.7389107e-02   4.6126365e-01  -1.5210918e-01   3.5718914e-01   2.3375827e-01  -6.3759159e-02   2.6205623e-01   1.9251637e-01   3.7658091e-03  -2.4889535e-02  -1.3045927e-01  -6.2331779e-02   1.8929572e-02   1.0468219e-01  -1.1789507e-01  -1.8146926e-01   2.2071435e-01  -2.1502973e-01  -2.7599157e-01   2.3535297e-01   1.2332481e-01   1.7987700e-01   2.8320966e-02  -2.8517304e-02   7.8847784e-02  -1.7712984e-01   1.9449004e-01   6.0529506e-01  -8.3924931e-05  -6.3255467e-02  -5.4872787e-02   4.0410339e-02   2.0958095e-01   2.3735062e-01   3.5925833e-01   1.2000010e-01   1.9574843e-01   1.5752591e-01   5.1101632e-02   3.1542006e-01   1.0418619e-01  -1.6433227e-01  -9.0191280e-02  -5.3945612e-02   1.3699298e-01   8.0732203e-02  -8.8906768e-02   2.3108788e-01   4.0799350e-02  -2.6862837e-01   1.9655551e-01   4.0286807e-01   1.3957767e-01   4.9948528e-02  -1.3649164e-01   1.9386347e-01   1.6561027e-01  -1.2370057e-01  -7.2582207e-03   4.9409224e-01  -9.9327208e-02   4.4590616e-01   1.3773649e-02  -1.7428614e-02  -1.2958704e-02   1.2775862e-01  -4.6768148e-02  -1.2291901e-01  -3.2397291e-01   1.5676098e-01  -1.2228723e-01   1.1176625e-01   2.6078457e-01   1.9453691e-01   2.8549726e-01   6.7753546e-02  -5.7248018e-02   2.0841851e-01  -7.4144667e-02   2.7665361e-01   1.7574698e-01   3.7884123e-02  -2.1605543e-01   4.1340254e-01   2.7311338e-01  -2.2288591e-01  -1.4124222e-01   2.3903094e-01   1.6978955e-01   2.3972972e-01   1.3396135e-01  -5.9474980e-03  -1.2620556e-02   2.0478724e-01   2.5018148e-01   1.0317057e-01   2.7981369e-01  -3.8522359e-02  -1.6240679e-01   6.6004016e-03   1.0598715e-01   2.5395941e-01   9.0099769e-02   1.4958830e-03   2.1739579e-01  -1.0257675e-01  -8.4537617e-03   1.4359685e-01   2.4749235e-01  -5.4047384e-02   1.9711060e-01   5.6024126e-01   1.1776032e-01  -1.0760802e-02   4.9520579e-01  -7.0134804e-02   9.7892928e-02  -7.9449409e-02   1.7792122e-01  -1.2705114e-01   1.4101607e-02   1.6459692e-01  -1.3250224e-02  -4.7381774e-03  -3.9693646e-03   7.2621299e-03  -2.7813343e-01   1.9102467e-01   2.3441266e-02   2.2333554e-02  -2.7089756e-01   6.4251887e-02  -5.8383073e-02   3.1086739e-01   2.3500586e-01   2.0485756e-01  -3.2388429e-02   9.8799510e-02  -2.2982327e-02   2.4558788e-01   2.5280014e-01  -1.5593517e-01   4.0827600e-02   1.4972194e-01  -5.9223721e-02  -1.2739834e-01  -7.4414248e-02  -1.3304132e-01   2.6070338e-01  -1.0726830e-01   4.2273159e-02   2.9820944e-02  -9.7487006e-02
  -6.5038102e-02   4.0859856e-01  -3.3430622e-02   1.5655924e-01   3.4485456e-01  -4.2707614e-02  -1.2778439e-01   1.2810319e-01   0.0000000e+00  -6.0131401e-02   1.4294585e-01   2.8037248e-01   2.6849460e-02  -2.1072759e-01  -6.2337444e-02  -1.2887127e-01   3.9859719e-02   1.3048152e-01   2.9783565e-01   2.2571359e-01   3.8190450e-02   2.3868185e-02  -8.1446064e-03  -1.8002373e-02  -1.6209301e-02   5.1282566e-02   2.0377788e-01  -2.2750273e-01  -3.6058723e-02   2.3216413e-01   2.3256791e-03   5.0464544e-02   1.0805674e-01  -1.6528807e-01   4.4431606e-01   3.3828097e-01   1.4883798e-01  -7.0664354e-03  -1.4413293e-01   6.1322957e-02   1.6155156e-01  -1.4143762e-01   2.5275387e-01  -1.1574711e-01   3.7055662e-01   2.1352608e-02   1.0431200e-01   2.0108403e-01  -1.8816723e-01  -2.9671790e-02  -5.1571337e-02   7.1704272e-02   1.5742816e-01  -1.8731031e-02  -1.5334466e-01  -1.3282351e-01   1.3505298e-01   3.1025147e-01  -3.4543821e-02   2.3932491e-01   3.4427443e-02   6.6079521e-02   3.1222052e-01   3.9963800e-01   4.9656883e-01   1.0520665e-01   1.5625198e-01  -1.4283642e-01  -5.3228447e-02  -2.7899290e-01   1.3771323e-01   9.3841419e-02   3.0212287e-01   1.8006008e-01  -2.1191518e-02   1.1007317e-02   6.3163020e-02  -7.4121918e-02   3.9700851e-01   8.3900811e-02  -3.1606136e-01   1.0942762e-01   1.9934619e-01  -3.0797576e-02  -9.9737105e-02  -1.4160509e-01   4.0214638e-01  -2.9848717e-01   1.6884373e-01  -2.0224588e-01   2.4611523e-01  -6.4890718e-02   1.6206319e-01   6.2935191e-01  -1.0383707e-01  -1.0644917e-02  -2.9153000e-02   3.1463690e-01   1.5059806e-01   1.8600397e-01  -3.0033217e-01   8.0044726e-02  -1.9548059e-01   4.0949608e-01  -1.3838733e-01   4.8547549e-02  -9.9581961e-02   1.3175394e-01   1.0042519e-01  -5.0440022e-02   2.3027080e-01  -1.3798999e-01   6.6425074e-02  -5.7812463e-02  -3.1598112e-01   2.6903727e-01   1.4221554e-02   2.6626939e-01  -2.6955318e-01  -4.3641669e-02  -1.1136873e-01   3.5638536e-01   1.3496461e-01   1.0522415e-01  -1.0412609e-01  -2.6454715e-01   6.4998198e-02   1.5064252e-01  -1.6696611e-02  -1.3455416e-01   2.0102291e-01   5.7466633e-01   1.9493309e-01  -1.6893570e-01   1.4041865e-01   2.0074710e-01   2.6409121e-02  -3.3907520e-01  -8.0530883e-02  -1.6690403e-01  -8.9381131e-03  -9.8098979e-02  -1.3001990e-01  -1.9445506e-01  -1.2523772e-02   3.9825510e-01  -6.4529820e-02   2.8764054e-01  -7.0755619e-02   3.2359352e-01  -7.6280091e-02  -2.4833129e-01  -1.9723567e-01   4.0797459e-01   1.4087125e-01   8.7748381e-03  -1.3314810e-01  -7.1752761e-02   1.5002332e-02  -4.1756149e-01   4.9097687e-03   1.6037305e-01   1.8643591e-01  -5.3261671e-02   1.6968028e-02   3.0805567e-01   4.2930164e-01   7.2112905e-02  -2.2158975e-01   3.9552157e-01   3.0913572e-01  -6.9589565e-02   8.4061148e-02   1.2854860e-02   2.6654185e-01   1.4181659e-01   9.3514013e-02
   5.5987604e-02  -3.4300889e-01   4.4712025e-01  -9.6351583e-02  -4.2412789e-01   5.4083380e-01   7.5098006e-01  -3.6234190e-02  -6.0131401e-02   0.0000000e+00   4.0073584e-01   1.3846142e-01  -5.8920501e-02   1.4694166e-02   5.9901688e-01   4.1144249e-01  -1.8178286e-01   5.2572982e-01  -1.9618420e-01   1.4584439e-01   3.3756849e-01   1.6051750e-02   5.8415093e-01  -2.8617372e-01   8.1135276e-02  -1.3886354e-01   4.7427488e-01  -1.0647877e-01  -4.3156811e-02  -1.2957291e-01  -1.2565797e-01   4.6260043e-01  -8.6875218e-02   7.5283490e-01   1.4397162e-02   6.5329056e-02  -5.7379161e-02   1.2342743e-01  -1.0689909e-02  -2.9723782e-01  -3.4052064e-02  -4.7969300e-02  -4.4182289e-02   3.0740340e-01   5.6739548e-01   1.7373365e-01   6.3643684e-01   7.1131179e-02  -5.5784215e-02  -4.2251830e-01   7.6349804e-01  -2.2343681e-02  -4.2274958e-01  -1.8076170e-01   4.1109772e-02   4.9090414e-01  -7.5920106e-02   1.7216406e-01   1.5741854e-01  -2.7240026e-02  -6.2858416e-02   4.3536140e-01  -4.5841817e-01  -4.0026803e-01  -4.5979554e-01   5.9180354e-01   7.7272344e-02  -2.1642563e-01   5.7056075e-01   3.1448109e-01  -3.6685737e-01   4.1128973e-01   8.0761992e-02  -2.7250146e-01   1.4685247e-01  -8.5813491e-02   9.8022866e-02  -6.8892827e-02  -5.8802260e-01   4.7082602e-02   4.3455943e-01  -2.5774779e-01  -6.0719055e-01  -1.4825381e-01   1.5129956e-01   2.0124348e-01  -5.7508719e-01   1.7592003e-01  -3.0136686e-01   6.1057662e-02  -5.0095100e-01  -2.1672669e-01   5.0731166e-02  -2.3653820e-01  -1.0743755e-01  -3.8247861e-01   2.5278565e-01  -2.1534784e-01   2.8135496e-01   4.9952545e-01   5.7960856e-03   6.5951443e-01   2.0740333e-02  -5.1247182e-01   7.2457483e-01   2.8274370e-02  -3.8210900e-01   1.5156874e-01   2.2017151e-01   4.7826754e-01  -2.7334840e-02   3.2637974e-01   1.1599685e-01  -9.5284296e-02   1.9344985e-01  -7.0515692e-01  -1.3654439e-01   4.9013873e-02   2.1125626e-01   2.3698350e-01   4.1373389e-02  -5.4328850e-01  -4.1539518e-01  -2.9275332e-01   5.8998733e-02  -1.1432084e-02   6.3202830e-01   6.1231561e-02   3.1409499e-01   5.1447750e-01  -4.0141635e-02   4.7239083e-02  -6.2494682e-01   8.1243464e-02  -2.1448566e-01  -3.0066402e-01   3.1212779e-01   9.8321094e-02   3.0537916e-02  -7.4976870e-02   2.2833433e-02  -3.1456495e-01   4.4225291e-01   5.8246547e-01   5.6695397e-01  -4.0650353e-01   1.3776863e-01   1.2497594e-01   8.2898147e-01  -3.3752577e-01   2.4493596e-01   1.9648313e-01  -7.6411464e-02  -3.9848611e-01   9.1132600e-03  -1.4317681e-01  -1.0201677e-02   9.6785859e-02  -2.4582472e-01   2.3023843e-02  -2.2742614e-01  -1.1463063e-01   3.0620658e-01   5.1398486e-01   3.0324915e-01  -4.1668779e-01   2.8139901e-01   1.7595321e-02   9.7683636e-02  -6.4457377e-02  -2.1656323e-01   4.1262280e-02   2.9758384e-01   3.2753682e-01  -1.8905815e-02  -2.9766854e-01  -2.6726555e-01
   2.1085387e-01  -1.0030931e-01   1.2827107e-01  -1.4772231e-01  -6.3747357e-02   3.0244230e-01   4.3339074e-01   2.6900485e-01   1.4294585e-01   4.0073584e-01   0.0000000e+00   1.8346223e-02  -2.4312025e-01   5.8546600e-02   4.2324338e-01   3.5170469e-01  -1.3028552e-01   7.6322363e-01   1.9715093e-01  -4.6422326e-02   3.0953068e-01  -1.1679349e-01   2.4175525e-01  -1.8686290e-01  -3.5203779e-02   2.4222152e-01   4.0180391e-02   1.7056375e-02  -9.9535549e-02  -2.5568936e-02   1.3758054e-01   1.8665003e-01  -1.9497097e-02   4.3876622e-01   2.6511976e-02   2.1058880e-01  -1.0391308e-01   1.7666784e-01   1.7031442e-01  -5.1662141e-01   1.5325947e-01  -2.8061621e-01  -3.2291288e-01   5.8422906e-01   5.7805726e-01   3.4862098e-01   5.9063472e-01   8.9890484e-02  -1.5329527e-01  -5.5908285e-01   5.4023037e-01   3.6332391e-01  -1.2825371e-01  -2.5452888e-01  -6.7677923e-02   5.4799489e-01   6.8481230e-02   1.5232047e-01   3.2563890e-01   3.6378963e-01   2.1756972e-01   7.9638643e-02  -1.4050758e-01   2.8184453e-01   1.9177338e-02   2.6922254e-01  -5.4632142e-02  -1.1982770e-01   5.2222185e-01   1.6367479e-01  -3.1431759e-01   5.0002211e-01   3.3239255e-01  -2.0015610e-01  -9.2141332e-02   9.2632033e-02   4.2678069e-01   3.5011217e-02  -1.8018695e-01  -1.1058778e-02   2.5404980e-01  -8.2978558e-02  -1.4063552e-01   7.8490579e-02   1.9422619e-01   4.2057193e-01  -1.8314059e-01   1.7932103e-01  -1.6582797e-01   1.7334472e-01  -1.8885113e-01   1.0283134e-02   1.5026974e-01   3.1096603e-02  -2.8201159e-02  -4.9112492e-01   9.9610939e-02   4.4578898e-02   4.1855171e-01   5.3507363e-02   6.8694563e-02   6.4909299e-01   7.2262412e-03  -3.3549041e-02   5.5439697e-01  -8.7391303e-02  -3.9617914e-01   2.1740958e-01  -4.2016570e-02   4.1032545e-01  -1.0177519e-01   3.3010275e-01   1.3501419e-01   1.4626955e-01   8.0979403e-02  -1.3208956e-01   1.2904524e-01   2.6149069e-01   2.5939973e-01   9.4191537e-02   1.4325853e-01  -2.5528958e-01  -3.5688478e-01   9.6562521e-02   2.1418529e-01   2.1657378e-01   4.7552292e-01   1.0227146e-01   7.2680227e-02   2.4838286e-01   1.0239833e-01   3.5634750e-01  -1.7363257e-01   1.3965185e-01  -2.4900696e-02  -9.6904061e-02   7.0674369e-02   2.1843599e-02   8.0967622e-02  -1.3269007e-01   7.4757321e-02  -3.2880447e-01   6.4077687e-01   3.1009489e-01   5.7597950e-01   2.1361681e-01  -1.1116725e-01   5.9361920e-01   5.9185455e-01  -2.5355458e-01   3.4669500e-02   1.2481202e-01   6.8786903e-02   1.6433094e-01  -2.5740198e-01  -4.6690188e-02   8.4423832e-02   1.9383362e-01   1.1020337e-01   1.0072340e-01  -4.5085229e-03   4.1929722e-01   3.4084481e-01   5.3536926e-01   2.4782673e-01  -1.8940362e-01   4.6126363e-01  -7.9918826e-02   2.0099164e-01   2.3267042e-01  -8.4160725e-02  -1.2910060e-01   5.9762598e-01   2.8113007e-01   7.0291387e-02  -2.3563628e-01  -3.2928073e-01
  -2.2543209e-01   6.0407002e-01   4.7005793e-01  -1.5303341e-01   4.1078821e-01   1.7590826e-01   3.4311081e-02  -3.4115064e-01   2.8037248e-01   1.3846142e-01   1.8346223e-02   0.0000000e+00   1.7752748e-02  -1.3199435e-01   7.0917273e-02   3.3193499e-02   4.8102454e-01  -2.2557030e-02   8.1935602e-02   5.3402040e-01  -2.9694425e-01  -2.2554502e-01  -1.7666114e-01  -2.2811197e-01   1.7885437e-01  -1.7074492e-01   3.1654977e-01  -4.8286731e-01  -1.0641973e-01   1.3672411e-01  -5.0101040e-01  -5.5836909e-02   2.0946429e-01   2.6485493e-02   3.5274716e-01   4.1931417e-01  -2.0464020e-02  -2.4588648e-01  -1.3543678e-01  -4.7649609e-02   7.9966902e-02   1.2482291e-01   5.2664704e-01  -7.5697791e-02   3.1297398e-01  -6.2814925e-02   2.0732922e-01   2.4600101e-01  -4.4563570e-01   1.2562667e-01  -1.0355606e-01  -2.7539067e-01  -1.7075482e-01   7.8541869e-02  -2.4910524e-01   5.0423605e-02  -1.7185074e-01  -1.0564690e-01  -3.6881722e-01   1.1143238e-01  -3.3595532e-01   6.2099444e-02  -5.7265064e-02  -1.8719679e-01   1.2765301e-01   5.1979048e-01   2.6485091e-01  -2.2669861e-01  -3.5581435e-02  -2.1108777e-01  -3.1692351e-02  -1.9392635e-01   9.6227365e-02   6.1602697e-01  -1.8834398e-01  -2.8573465e-01  -1.8228483e-01   1.7332613e-01   3.5733367e-01  -8.3635264e-02  -4.3439166e-01  -1.1066853e-01   8.4808059e-02  -4.9176481e-02   3.2767977e-01  -4.7731764e-01   7.8498329e-02  -1.2003795e-01   3.6030651e-02  -2.0086464e-01   1.4615106e-01   2.0065868e-01   7.1666059e-01   2.2668874e-01  -3.1314160e-01   2.9181945e-02  -2.0941080e-01  -4.4106182e-02  -9.7903878e-02   2.4341830e-02  -3.8394153e-01   1.6020691e-01  -2.4315622e-01  -2.1838876e-01  -1.2365672e-01  -5.0169358e-02   4.4294912e-02  -6.0788993e-02  -8.8842947e-02   1.3231413e-01   5.5008577e-01  -3.5569165e-01  -2.4201951e-01  -2.3741562e-01  -4.4274572e-01  -9.1811180e-02   7.6192661e-02   6.0941357e-02  -1.7477296e-01  -4.5417977e-01  -2.3017713e-01   4.0062370e-01   1.6016637e-01  -1.1419971e-01   3.7604209e-03  -3.9123313e-01  -3.8233442e-02   1.2887991e-01  -1.7154350e-01   7.8842676e-02   2.8178676e-02   3.0495304e-01  -8.7051646e-02  -3.7400030e-01  -1.5396152e-01  -2.9602819e-01  -2.0533922e-02  -4.3262483e-01  -3.2084836e-01  -2.4759512e-01  -1.7278721e-01   1.2064358e-01  -6.7137057e-02   2.5271619e-01  -8.6818143e-02  -5.7616612e-02  -4.8800288e-03   3.3996517e-01   7.8305930e-02  -6.0586946e-02   3.6767035e-01  -2.9066109e-01  -9.9008512e-02   1.8312529e-01   3.5018716e-01  -3.2895559e-01  -2.7008282e-01  -2.3216117e-01  -1.9466110e-02  -5.0127583e-01  -8.5190099e-02   2.9301493e-02   8.6080086e-02  -1.6107890e-01  -1.8534858e-01   2.5876562e-01   5.2783393e-01   1.9736067e-02   5.4068751e-02   6.5655533e-01   2.3042205e-01  -2.3993734e-01  -1.4965850e-01   3.0103993e-01   4.6913850e-02  -9.7499523e-02   9.0153754e-02
   2.5706603e-01  -4.3326003e-02  -2.1259821e-03  -2.8085708e-01   1.5211210e-01  -1.5376144e-01  -3.2941855e-01   4.0307864e-03   2.6849460e-02  -5.8920501e-02  -2.4312025e-01   1.7752748e-02   0.0000000e+00  -2.3011926e-01  -1.8167459e-01  -3.6142029e-02   2.9458210e-01  -1.1398665e-01  -7.9828723e-02   2.3827627e-01  -4.3253167e-01  -8.7716148e-02  -2.0035579e-01   3.4519540e-01   1.7478842e-01  -2.6748212e-01  -1.1552571e-01   7.8795098e-02   1.0001388e-01   5.0199928e-02  -4.2812033e-01  -1.2778867e-01   2.3688806e-01  -1.9722276e-01  -2.4986241e-01   2.8885937e-01  -2.1462572e-02   1.7806339e-01  -1.5947559e-01  -8.4613163e-02   5.8859145e-01   2.0272171e-01  -6.3448313e-02  -3.0789048e-01  -1.3006926e-01   5.1844549e-02  -2.1764562e-02  -3.2072659e-01  -1.8706814e-01   1.6825280e-02  -9.5601889e-02  -2.7812826e-01  -5.4852214e-02   4.2617934e-01  -1.0213888e-01  -2.4499835e-01  -2.8486237e-02  -1.5326155e-01  -1.2917861e-01  -2.0499899e-01  -2.9339534e-02   6.0893453e-05  -5.7611840e-02   6.8453927e-02   7.9597140e-02   9.7555112e-02  -1.8958389e-01  -4.2250679e-02  -1.3810170e-01   1.2387952e-01  -2.0805155e-01  -1.5289769e-01   3.2426410e-01   2.0427548e-01   1.1372552e-01  -2.8950328e-01  -3.7855859e-03  -9.2336629e-02   2.5924620e-01   8.1654057e-02  -2.9601870e-01   3.1647434e-01  -1.0116150e-01  -4.4265419e-02   8.2338977e-02  -1.6378814e-01   9.2382728e-02  -2.5940584e-01   1.8570488e-01   4.0642838e-01   1.9746962e-01   2.2615947e-01   1.3637596e-01   8.5769619e-02   1.1976783e-01   3.6027620e-01   8.2992279e-02  -3.7819098e-01  -4.3387537e-02  -1.0641571e-01  -3.8755108e-01  -1.9553481e-01  -4.5862565e-01   1.6648146e-01  -1.9181886e-01  -1.9067337e-03   2.3057941e-01  -2.4035420e-01  -2.5873141e-02  -3.0191491e-01   3.2124301e-02  -3.7505423e-01  -1.9612895e-01   3.2528980e-01  -1.3300556e-01   5.1267153e-02  -2.9174464e-01   3.7669876e-01   9.7680351e-02  -1.7572609e-01   2.8054765e-01   2.5638877e-01   2.9259771e-01  -3.0365003e-01   3.6153134e-01  -1.4533475e-01  -3.6072145e-01   2.7369867e-01  -3.0094111e-01  -1.9052236e-01   2.5763679e-01  -3.7880017e-01   1.9893394e-01  -3.5540121e-01  -1.5695564e-01   5.2313088e-02   5.2756110e-02  -3.4525495e-01   1.4654289e-01   2.2527911e-01   4.8497733e-01   5.8259772e-01  -3.9961152e-01  -5.0790778e-02  -3.1207665e-01   9.8551644e-03  -1.7846995e-01   5.2666485e-02  -9.3920246e-02  -8.1058324e-02   1.2674371e-02  -3.6897980e-01   6.0817769e-02  -2.4893342e-02  -1.5700077e-01   4.0893245e-01   1.9425824e-01   1.9481878e-01   8.9384717e-02  -2.3787729e-01  -1.0518300e-01  -1.4824021e-01  -2.0399150e-01  -2.0859465e-01  -1.7011081e-01   1.8357649e-02  -1.9402214e-01   1.6743314e-01   2.4444474e-01  -1.3154819e-02   3.1475163e-01   1.3262328e-01  -2.7223442e-01  -8.2784295e-03   1.9454491e-01   1.1663064e-02   7.6940918e-02
   5.1634268e-02   4.5486484e-02   1.1895808e-01   2.3720417e-01  -4.3669299e-01   4.1928679e-01   2.9276355e-01  -3.3291637e-02  -2.1072759e-01   1.4694166e-02   5.8546600e-02  -1.3199435e-01  -2.3011926e-01   0.0000000e+00   6.1809210e-02   1.2048149e-01  -2.2146504e-01   9.3174782e-02  -1.1012433e-01  -4.0465578e-01   3.7747063e-01   2.6670464e-01   1.1818566e-02  -7.7520602e-02  -1.5268643e-01   1.5029106e-01  -5.7025544e-02   3.0671308e-01  -3.9366858e-02  -6.7670986e-02   1.4682453e-01   2.7635248e-01   1.0945791e-01   3.5577574e-01  -2.7242595e-01  -5.5251568e-01   1.6293213e-01  -3.6065503e-02   1.7501589e-01  -3.1358123e-01  -1.8482222e-01  -3.1572264e-01  -1.8967571e-02   6.2806641e-01  -2.0742592e-01  -8.6382844e-02  -1.1661821e-01   3.0295348e-02   1.2911647e-01  -3.1845623e-01   1.0323978e-01   2.9518187e-01  -1.7554007e-01  -5.7223689e-02   6.9250134e-01   4.1909257e-01   3.4955242e-02  -3.0437643e-02   3.2987483e-01  -2.1895140e-01  -9.6028933e-02  -2.0775081e-01  -9.1280976e-02  -1.6134236e-01  -3.3369851e-01  -4.4358253e-02   2.5243710e-01  -4.3565782e-03   2.9275383e-01   3.0431567e-01  -3.4556743e-01   2.1068571e-02  -3.8609924e-02  -9.3525875e-02   3.1779194e-01   2.8468729e-01   1.4037042e-01   9.0949039e-02  -3.6015086e-01   3.6196108e-02   4.4682827e-01  -1.5157372e-01  -1.2553447e-01   4.2863013e-02   5.5587999e-01   2.2638876e-01  -2.0898491e-01   6.0906768e-01  -6.7131792e-02   1.0899245e-01  -5.3493897e-01  -9.4750659e-02  -4.8137005e-02  -4.3211216e-01  -5.0862323e-02  -3.0581862e-01  -3.9508151e-02   6.2449269e-02  -1.9588726e-01  -3.2306337e-01   2.7444030e-01  -1.2030622e-01   5.5610485e-01  -1.2637329e-01   2.1460698e-01   5.5343463e-02  -1.8661377e-01   1.2181932e-01  -3.0840342e-01   6.1881006e-01  -3.2363038e-01   3.6276245e-01   1.3732502e-01  -7.0173364e-02   6.0201433e-02  -2.5720956e-01   1.8861512e-01  -2.2413984e-02   3.3459423e-01   2.4858957e-01   5.6687843e-02  -4.2562971e-01  -1.3505418e-01   1.2155527e-01  -5.0284333e-02   4.4154078e-01   2.7378153e-01  -6.5936223e-02   2.0885008e-01   3.0029032e-01   3.6064526e-02  -6.9204812e-02  -1.2142670e-01   3.1435121e-01  -4.8091781e-02  -1.5446967e-02  -2.2618724e-01   4.2636903e-01   2.6774440e-03  -3.3718539e-02   1.0382023e-01  -1.8347485e-01   1.9912952e-01   3.5752222e-01   2.0884691e-01  -1.1052346e-01  -3.4665270e-01  -2.7345757e-01   1.1848464e-01  -1.2775733e-01   4.0280790e-01   6.8338567e-01  -5.7802402e-02  -1.7907486e-01  -2.3114653e-01  -1.1175840e-01  -9.4807494e-02   1.2854175e-01  -2.2863536e-01   5.9298211e-01   5.1500995e-02  -4.6509398e-02   2.3666677e-01   3.5709457e-01   1.6587558e-01  -4.0492540e-01  -2.9742798e-01  -3.8698622e-02   7.3965207e-02   1.0511617e-01  -6.6337301e-01  -2.7711260e-02   1.9003601e-01   4.4006022e-01  -1.6224072e-01   3.0608601e-02  -3.1741183e-01
