   0.0000000e+00  -5.9103730e-02   2.2880965e-02   6.2678020e-02  -2.5802558e-01  -5.4178872e-01  -4.1682448e-01   3.6332106e-01   2.1257026e-01  -3.7315961e-01  -3.7828884e-02  -1.0963383e-01   5.5037137e-02   7.9875002e-01   1.7569560e-01  -3.8545415e-01  -2.9738417e-02  -6.5959994e-02   8.9821962e-02  -1.8776832e-01  -2.1583617e-01   2.6992582e-01  -2.2196142e-01   7.9858786e-01   2.6030659e-01   5.2035514e-01  -6.2705983e-01  -5.7506554e-01   1.0739119e-01  -4.8519523e-02   2.7665630e-01   1.6932118e-01  -9.6455512e-02  -3.6913216e-01  -4.5125655e-01  -4.5345811e-01  -2.7854406e-02   4.5314497e-01  -3.9769822e-01  -4.0447509e-01  -1.6133305e-01  -2.1706768e-02   9.2461902e-02   3.9005407e-01  -1.8556150e-01   3.8286883e-01  -3.9719803e-01  -4.9298288e-01   4.5725360e-02   4.6901743e-02  -1.2320422e-01   2.0228014e-01  -2.8387586e-01   6.4516516e-02   3.8801601e-01   2.1775957e-01   1.6817398e-01   8.7173915e-02  -3.8078786e-02   1.8334761e-01  -1.4945384e-02  -2.1425940e-01   1.9083449e-01   4.2894985e-01   6.1192662e-02  -4.2104491e-01  -3.4427601e-01   1.1715335e-01  -3.2370584e-02   2.3425852e-01  -1.8584023e-01   5.3659448e-02  -2.7228583e-01   7.3225190e-01   1.0080116e-01   1.5697747e-01   8.7234216e-02   2.7229577e-01  -1.8120549e-01  -8.6896845e-02  -5.3120605e-01  -2.3035427e-01   1.7910670e-01   5.2659267e-01   7.6554437e-01   2.9996381e-01  -9.0198329e-02   6.8473292e-01   2.9007912e-01   8.6698619e-01   3.0035967e-02   1.2514031e-01  -4.5974876e-01   3.0317305e-01   8.6391202e-02  -2.2728850e-01   1.7247989e-01   5.5978741e-02  -1.0525381e-01  -3.2678463e-01   5.0874800e-01   3.3019019e-01  -2.4600356e-01   4.0244435e-01   2.0927628e-01   3.1691343e-01   8.9789009e-02  -3.1107984e-02  -1.5061920e-01  -4.8382292e-01  -4.6160231e-01  -2.4983567e-02   1.7772853e-01   8.8369277e-01   3.2398743e-01  -4.5950720e-02   2.1312113e-01  -3.6750106e-03  -2.4423841e-01  -1.6194088e-02   5.8833424e-01   1.8597895e-02   1.8867468e-01   7.3062617e-02   4.9205509e-01   6.8898807e-01   2.4920773e-01  -2.5192146e-01   2.7798239e-01   1.2943050e-01  -4.4284200e-01  -2.6574640e-01   7.2596199e-01  -1.1729927e-01   2.1387018e-01   3.3504228e-01  -6.8362471e-02  -5.5303610e-01   3.0023397e-01   7.6471650e-01   8.4290939e-01   3.1459067e-02   1.6459944e-01  -3.5403731e-01  -2.2730184e-01  -8.3639087e-02  -1.6151653e-01  -2.9437694e-01  -2.4176616e-01  -9.2466985e-02   7.0965466e-01  -4.1462001e-01   6.5001383e-01   5.5714456e-03  -5.9798162e-02   8.0341776e-01   6.4953314e-01  -7.2614755e-02   8.1764155e-02  -4.0076311e-01   9.6887863e-02   8.8431392e-02  -4.9294521e-01  -1.8030466e-01   3.8663031e-02  -1.5741492e-01  -5.0880460e-02   3.9231215e-02   6.2175173e-01  -4.2805092e-01   9.7625901e-02  -7.0565779e-02  -1.0614979e-01  -1.9560228e-01   8.2334270e-03   9.6029070e-02   3.4789968e-01
  -5.9103730e-02   0.0000000e+00   9.7160686e-02   5.1534087e-02   2.0194198e-01   7.1332639e-02   4.6520488e-01   2.2947246e-01   4.4746005e-01   2.5199844e-01  -9.7334115e-02   2.8703109e-01  -7.0701274e-02  -1.1497806e-01  -2.9975264e-02  -2.5539287e-01   2.4672378e-01   7.9506144e-02   2.8756880e-01   1.2242132e-01  -8.9771729e-02   2.4695174e-01   4.5997561e-02  -2.1338472e-01  -8.7860455e-02   8.3460498e-02   7.3389153e-02   2.0132253e-01   4.6108941e-02   6.4334007e-01   1.6378735e-01   2.4940569e-01  -1.6223874e-01   2.5322348e-01  -6.5838402e-02  -9.9235687e-02  -5.3028910e-03  -3.5047453e-01  -3.4392201e-01   4.1385898e-01  -7.7999689e-02  -3.2445867e-01   4.5453303e-01   2.7076047e-01   1.7745586e-01  -3.5843479e-01  -2.2473718e-01   4.3942794e-01  -2.7930906e-02   2.3072715e-01  -1.0257778e-01   3.3578138e-01   6.2503481e-01  -2.8569438e-01  -1.4137281e-01   2.0250135e-01   1.4326995e-01  -1.6692813e-02   1.5358114e-03   2.0464889e-01  -2.4114003e-01  -1.3175699e-01   5.9827438e-01   2.0332857e-01   3.0499523e-01  -2.0980533e-02   4.2208860e-01   8.9621636e-02   2.7283227e-01  -2.3446600e-01   7.0695737e-01  -1.4923897e-01  -1.1995429e-01  -2.1482243e-01  -2.0501659e-01   2.8979619e-01  -4.6682816e-01   1.4425646e-01   3.4917812e-01  -3.0303826e-01   1.7526990e-01  -2.0777808e-01   5.6584651e-01   1.5758173e-01  -1.1606172e-01   2.4072893e-01   2.9850303e-01  -2.7083957e-01   4.8302385e-01  -1.0797732e-01   3.8825044e-01  -1.9071408e-01   3.3232057e-01   3.6658139e-01  -4.6978804e-01   2.7108072e-01  -1.0873492e-01   3.6590611e-01  -1.1514410e-01  -2.6699679e-01   2.5094968e-01   4.7557115e-02   2.5919652e-02   1.6721328e-01   3.3525129e-02   2.9871660e-01  -2.8563474e-01   3.8812840e-01  -1.5174940e-01   6.1870711e-03   3.0071472e-01   1.6743386e-01   4.0853390e-02  -9.7155938e-02   2.0986532e-01   5.9721974e-01   2.1042122e-01   1.6543538e-02   3.0398552e-01   8.3700033e-02  -3.5772208e-01   1.8405716e-01   2.7847018e-01   5.3402557e-01  -3.6112070e-01  -1.6050328e-01   8.0571752e-02  -4.8115390e-01   2.3316895e-01  -2.2468514e-01  -3.2225947e-01   1.9793633e-01  -1.7912961e-01   4.8377662e-01   2.7315965e-01   1.7996994e-01  -3.5623742e-01   8.6551283e-02   1.6179316e-01  -1.6136924e-01   3.0653744e-02   5.1560037e-02  -1.1137388e-01   9.8966869e-02  -6.7505469e-03   2.9962839e-01   4.4923048e-01   3.4950866e-01   6.5550860e-02  -8.0201905e-02  -2.3804828e-01   7.2973284e-02  -1.7758212e-01   4.8920804e-01   5.6671798e-01  -1.8878636e-01  -3.2051154e-01  -1.0076849e-01  -8.3620786e-02  -1.6144306e-01   1.6124262e-01   7.3800033e-02   1.6350184e-01  -9.6799355e-03   1.9775262e-01   4.7243713e-01   8.5062889e-02  -5.1855788e-02  -1.8666722e-01   3.2810827e-01   3.5033806e-01  -4.3941625e-01  -2.3737031e-02   3.1080504e-01  -9.6115273e-02  -7.4834150e-02   1.3776837e-01
   2.2880965e-02   9.7160686e-02   0.0000000e+00  -1.2002577e-01   2.3386570e-01  -6.5736082e-02   1.2701008e-01   4.1600716e-02   1.5618472e-01   1.0507066e-01  -3.3224456e-01  -1.1376359e-01   3.7878964e-02  -2.8792198e-02  -3.9399347e-01  -3.0780971e-02   8.5292503e-01  -2.9569543e-01  -2.7667384e-02   3.4233270e-01  -3.7234743e-01   2.4456536e-01  -3.9715534e-01   3.3962353e-02  -9.9945583e-03  -5.5385918e-02   1.9999885e-01   3.8169647e-02  -5.8874528e-02   3.1784934e-02  -2.0492152e-01   1.5665203e-01  -9.6794599e-02  -1.8097294e-01  -2.9454887e-01  -7.2861610e-02  -2.2889347e-01   5.0100048e-02  -1.4023009e-01   3.9654909e-01  -1.6540655e-01   3.9232878e-02   4.5188271e-01   4.4522061e-02  -4.0590934e-01   2.4593744e-01  -1.1553581e-01  -5.2155743e-02  -3.3055372e-01   4.5594307e-01  -2.4201031e-01  -4.0498529e-02   7.7132470e-02   1.6729291e-01   7.7476236e-02  -6.8195286e-02   3.6316654e-01   1.6129532e-01  -7.0840033e-02   2.2317854e-01   5.8885958e-01  -3.7250172e-01   2.6990246e-01   3.5532942e-04  -2.7232723e-01  -1.3446421e-02   7.5325311e-02  -2.6196166e-02  -1.5757763e-03   2.9230026e-01   1.5805179e-01  -1.4803587e-01  -1.8125400e-01  -4.8344841e-02   1.1164196e-01   6.7853709e-02   2.6370174e-01   1.0996510e-01   1.6665546e-01  -1.1165239e-01  -7.1082886e-02  -1.7397060e-01  -5.3327786e-02  -2.7381383e-02  -6.7913876e-02   4.8948551e-02   1.0402514e-01   1.2030193e-01   2.7111423e-01  -1.7948766e-02   2.4122096e-01   5.2527680e-01   4.9431404e-02   2.9698807e-01   1.7737263e-03   3.3948842e-01  -1.1799727e-01   9.5495985e-02  -1.5135231e-01  -2.2680090e-01   5.6221998e-02  -1.9187992e-01  -1.2453324e-01   2.1498303e-01   1.7794917e-01   3.3867992e-01   2.4477201e-01   3.3167317e-02  -2.1224155e-01  -2.0031704e-01  -1.3260565e-01   5.3681359e-02   9.4520251e-02   1.6732114e-01  -1.9208505e-01   4.4216220e-02  -1.2691787e-01  -6.3207305e-02   1.6041704e-01   1.1669179e-02   1.9961804e-01   2.7595583e-01   2.5400996e-01  -1.3747460e-01   1.8192726e-01  -2.4889129e-02  -3.6146300e-01  -2.0069926e-01   2.0481923e-01   5.4322356e-01  -2.0424694e-01  -4.3612354e-01   1.3589663e-01  -2.9709659e-01   3.1381203e-01   8.9167212e-02  -7.5794173e-03   7.5505646e-02  -5.6583494e-02  -8.1843848e-02  -5.0469043e-02  -1.4813684e-01  -2.2028561e-01   3.0381917e-01  -3.2130091e-01  -7.8797360e-02  -2.1094301e-02  -5.9518296e-03  -2.0136447e-02  -2.3979802e-01  -2.3380067e-01  -7.7865880e-02   2.4564686e-01  -1.9346679e-01   4.8267290e-01  -3.1303092e-02   1.0626338e-01  -1.8064789e-01   4.9715972e-01  -2.0499235e-01  -2.1050610e-01  -2.3716626e-01   1.6729414e-02   1.7296746e-01   2.7553419e-01  -8.9214132e-02  -2.2635837e-01  -4.2355926e-02   2.1090494e-01  -1.5709022e-01   2.8940520e-01  -1.5636224e-01   6.9341035e-02   5.6807106e-02  -8.5412958e-02   6.1669918e-02   1.4417231e-01
   6.2678020e-02   5.1534087e-02  -1.2002577e-01   0.0000000e+00   8.8736676e-02   1.1570422e-01  -6.6323167e-03   8.5621749e-02   1.9683555e-01   9.4835584e-02   2.5295832e-01   8.6921398e-02   5.2627613e-03   5.4521571e-02   2.2114137e-01   5.7977319e-02  -1.6134973e-01   3.4364845e-01   1.1401187e-01  -2.7647314e-02   1.7612645e-01   2.6878801e-01   2.0858877e-01  -6.7028484e-02   2.3396612e-01   5.9355993e-02  -4.7662942e-03  -7.3017028e-02   2.4536794e-01   2.5233801e-01   1.0727743e-01   2.9402240e-01   4.0247159e-02   1.0175347e-01   1.8721934e-01   1.6532907e-01  -1.6504787e-01  -1.9921121e-01  -1.0687385e-01   1.9366357e-02   1.5762815e-01  -5.3299435e-02  -1.7143978e-02   1.6684813e-01   1.7228126e-01  -1.1906226e-01   3.2712201e-02   7.1065721e-02   1.3275822e-01  -1.0137293e-01   1.8595194e-01   1.9563505e-01   8.9713358e-02  -1.3924473e-01   1.2257895e-02   2.0848065e-01   1.1921483e-01   2.3157512e-01   3.3717511e-01   1.2783590e-01  -1.4846631e-01   2.7797418e-01   1.6006542e-01   1.7881255e-01   2.5143611e-01   9.8477312e-02   2.3505527e-01   3.6527873e-01   2.8854199e-01  -1.5441480e-02  -2.5721428e-02   4.4435948e-01  -7.3868529e-02   3.9981960e-02  -1.1711146e-01   2.0647856e-01  -2.4225083e-01   1.7417649e-01   9.2928708e-02   5.6406018e-02   9.0728216e-02  -3.0574820e-01   1.4412569e-01  -3.1685912e-02   1.9244987e-02   1.5335531e-01   2.2232239e-01   8.5074200e-02   1.7059539e-01   1.2677872e-03   8.5855764e-02  -1.6873128e-01   5.3202268e-02   1.5371846e-01  -2.8553320e-01   3.4029386e-02   2.8198694e-01   1.6421553e-01   2.5654153e-01   3.0687340e-02  -4.0787946e-02   2.0152458e-01   2.6675918e-01   2.7342993e-01   1.4173302e-01   2.0956893e-01  -1.1026312e-01   3.4303337e-01  -2.7693131e-02   4.1664483e-02   5.9763013e-02   2.1166384e-01   4.2296003e-01  -1.6817134e-02   1.3497016e-01   5.1701473e-02   2.7368354e-01   1.5284921e-01   8.5599131e-02   6.3198009e-01  -8.4666791e-02   2.2565874e-02   6.3103544e-02   1.8166744e-01  -1.5595877e-01   1.5720360e-01   2.3124667e-01  -1.7968915e-01   2.0777585e-01  -1.0440410e-01  -1.5026133e-01   2.4193704e-01  -2.1072369e-02   3.3642054e-01   2.8723750e-01   2.3601246e-01  -2.0288277e-01  -7.1447226e-03   2.3944213e-01  -1.1106331e-01   3.8934762e-02  -3.4468973e-02   2.0343109e-01  -2.3727953e-02   3.0753999e-01   2.6430480e-01   1.2425081e-01   1.1812435e-01   1.5166402e-01  -8.6383410e-02   3.5260168e-02  -1.8845204e-02   1.5294873e-02   3.3834222e-01   6.1631813e-02  -7.0311985e-02  -3.9904979e-02   2.1147908e-01  -1.6452369e-01   1.5952908e-01   1.3960528e-01   3.5402999e-01   1.4296696e-01   7.2741624e-02   3.4324716e-01   1.0723272e-01   8.9946160e-02   5.0313739e-02  -5.1572559e-02  -1.1341188e-01   8.2883640e-03  -3.7749401e-01   3.5612821e-01   1.1049192e-01   2.2896373e-01   1.4387770e-01   3.2633762e-01
  -2.5802558e-01   2.0194198e-01   2.3386570e-01   8.8736676e-02   0.0000000e+00   2.7859941e-01   4.3552874e-01   2.4749830e-02   2.4483328e-01   6.3681766e-01   5.1212332e-03   1.3555884e-01   8.3037301e-02  -2.3996768e-01  -5.6904147e-02   6.2598207e-02   2.7971807e-01  -1.9177268e-01   1.1393408e-01   8.6251169e-01  -2.0483789e-01   6.4392852e-02  -1.3164875e-01  -4.1818883e-01  -2.2042720e-01  -2.1541545e-01   3.7982272e-01   1.9342804e-01  -3.2021808e-01   3.2410700e-01  -2.8586589e-02   1.5734057e-01   3.1707862e-02   3.8938929e-01   1.1990457e-02   4.9011121e-01  -4.7259371e-01   2.1144675e-02  -3.8977968e-02   5.0687075e-01   1.0925121e-01  -8.3215875e-02   2.0884435e-01   1.4471614e-02   1.8723115e-02   7.9437840e-02   3.0479634e-01   3.1718404e-01  -4.3118895e-01   3.9301403e-01  -5.5632258e-02  -3.3576268e-02   4.7428056e-01  -2.1736565e-01   1.4553019e-02   7.6336519e-02   3.4754834e-01  -2.7521727e-02  -8.3603092e-03  -1.0833200e-01   3.0502675e-01   6.7936444e-02   2.4995380e-01   4.7007439e-02  -1.4954946e-01   3.9078144e-01   3.3627699e-01  -3.2012460e-01   5.9001963e-02  -6.0380153e-02   3.7248609e-01  -2.5342494e-01  -1.8587099e-01  -3.1598430e-01  -4.2636795e-01   2.0250589e-01   1.3318899e-01   9.3074966e-02   7.2151307e-01  -1.3917181e-02   7.8444257e-02  -3.5127811e-01   2.4586762e-01  -4.5574034e-02  -2.4279631e-01   2.1346924e-01   1.9013549e-01  -3.1891156e-01  -2.0226389e-01  -2.0411398e-01   6.8604716e-01   2.6306146e-01   4.9531234e-01   5.2302021e-02   8.3045915e-02   8.1636915e-01  -2.6540735e-01   2.9551057e-01  -7.8404104e-02  -2.7496915e-01  -3.1547765e-02  -1.0449209e-02   1.8929946e-01  -3.1065074e-02   7.5668000e-02   2.0070243e-01   1.9569876e-01   2.6943766e-01  -1.9902779e-01   2.6734125e-01   4.5524974e-01   2.0656925e-01  -3.4849801e-01  -4.8384826e-02  -1.1262813e-01   3.9670197e-01  -7.9183380e-03   7.9065534e-02   1.9955703e-01   1.8866553e-02  -4.4597432e-02   6.2478274e-01  -1.4327007e-01   8.8268128e-02  -6.1632470e-03  -2.6186784e-01  -8.3049089e-02  -3.4999863e-01   2.0790137e-02   1.7220023e-01   3.1641120e-02   3.2328723e-02  -2.0846741e-01   2.5353053e-01   5.0279148e-03   1.7751033e-01  -3.3724061e-01   2.2533546e-01   9.9957665e-02  -2.5586796e-01  -2.6665410e-01  -7.4298033e-02  -2.0644654e-01   2.5353600e-01   2.4596231e-01   1.7043863e-01   2.3123672e-01   6.4435318e-01   4.7826460e-01  -4.6312499e-01  -4.0515885e-01   9.0451197e-02  -1.5360954e-01   3.3082213e-01   4.6110434e-01  -2.5792402e-01  -4.3288390e-02  -1.5436153e-01   2.8651322e-01   2.4051135e-02  -4.8432386e-01  -8.6162123e-02   5.4637412e-01  -3.5255709e-02   1.6081904e-01   3.1485980e-01   3.4855062e-01   1.6440328e-01   6.0290876e-02   2.1429662e-01   5.7439445e-01  -2.5267819e-01   7.7962937e-02   2.0919964e-01  -4.7317743e-02   1.3865805e-01   1.0629972e-01
  -5.4178872e-01   7.1332639e-02  -6.5736082e-02   1.1570422e-01   2.7859941e-01   0.0000000e+00   4.8766929e-01  -4.4216524e-01  -3.5974074e-01   3.6604731e-01   3.3853590e-01   4.2862201e-01   6.1632111e-02  -6.2198484e-01  -1.2616442e-01   3.3452128e-01   1.1663432e-02   2.8859439e-01   2.0096502e-01   3.0458906e-01   3.4117404e-01  -3.0651933e-01   3.5537528e-01  -6.0073202e-01  -8.8440235e-02  -3.3762362e-01   6.4799008e-01   3.7114328e-01  -2.0168956e-01   7.4816965e-02  -4.1691567e-01  -1.0879796e-01  -7.1785930e-02   4.3881039e-01   4.8049366e-01   7.4053032e-01   1.3215147e-01  -2.6454954e-01   1.5576450e-01   4.4290666e-01   3.2018948e-01  -2.5759414e-01  -2.4635175e-01  -5.1032812e-01   1.3144820e-01  -1.5076816e-01   5.7311459e-01   6.6334213e-01   1.8659589e-01  -2.5618184e-01   5.0120995e-01  -3.2522214e-01   2.8020015e-01  -1.6702470e-01  -5.1814412e-01  -2.5476039e-01   4.5074311e-02   3.7221150e-02   2.9860791e-01  -1.2120180e-01   2.1054215e-02   4.8502095e-01  -2.0447566e-01  -5.2637718e-01  -3.2756066e-01   6.2103529e-01   7.3632905e-01  -9.3738198e-02  -7.9419455e-02  -1.5780698e-01   2.5467962e-01   7.7670792e-02   2.2073073e-01  -4.3562117e-01  -2.6275015e-01  -2.9315551e-01   8.2371938e-03  -4.6395254e-01   9.3774265e-02   2.0554151e-01   6.0703484e-01  -4.8941389e-02  -1.8253672e-01  -4.8469639e-01  -4.6040206e-01  -2.9637804e-01  -1.9166069e-01  -5.9837863e-01  -2.7926389e-01  -5.3097102e-01  -1.6477201e-01  -9.7631406e-02   6.6410153e-01  -3.5359958e-01  -3.2955559e-02   2.0737174e-01   3.7173900e-02  -2.3074590e-02   3.4038061e-01   5.4573233e-01  -4.2612875e-01  -1.9649847e-01   3.4375939e-01  -4.7485231e-01  -1.2305432e-01  -1.5228595e-01  -1.3850834e-01   5.5060292e-02   3.0324152e-01   8.2074070e-01   4.2989486e-01   2.7558903e-01  -6.2221303e-02  -4.3542250e-01  -3.3241118e-01  -1.2833682e-01  -3.1392056e-01   1.8044469e-01   3.6892751e-01   1.6176034e-01  -4.4998346e-01  -9.5184511e-02  -2.5193804e-01  -3.0201000e-01  -3.3690119e-01  -4.1246740e-01   1.9254801e-02  -2.0955558e-02  -2.1774868e-01  -5.8781454e-02   1.1036315e-01   3.3403543e-01  -5.5939723e-01   2.0735158e-01  -3.0405255e-01  -3.4054894e-01   1.2159248e-01   4.4271087e-01  -2.1811706e-01  -4.0427496e-01  -4.6989598e-01  -3.4894170e-01  -1.3363242e-01   6.2870438e-01   2.7518199e-01  -1.2860360e-01   3.4187518e-01   4.3356793e-01   6.1893789e-01   2.4234934e-01  -4.6271133e-01   3.4774763e-01  -4.7545478e-01   7.9928077e-02   5.6511935e-02  -5.2284826e-01  -2.7802813e-01   2.5056007e-01   5.0618354e-02   6.9551206e-01  -2.9721295e-01  -9.0550843e-02   5.8584115e-01   2.3569289e-01  -3.6541103e-02   2.0728611e-02   2.6322192e-01   4.4157018e-02  -3.6371847e-01   4.5742593e-01  -2.1472849e-01  -1.6609328e-01   2.0512059e-02   5.6272246e-01   8.3203048e-04  -2.9185166e-01  -2.8781079e-01
  -4.1682448e-01   4.6520488e-01   1.2701008e-01  -6.6323167e-03   4.3552874e-01   4.8766929e-01   0.0000000e+00  -5.9836604e-02   2.5293053e-01   4.5508913e-01  -1.5160377e-01   5.4059523e-01   1.3125758e-02  -5.0224519e-01  -1.9690283e-01   6.0651697e-03   1.6663430e-01  -9.2703018e-02   1.4159039e-02   4.2673133e-01  -3.9123888e-02  -9.8542195e-02   2.4343990e-01  -5.0247236e-01  -1.9125932e-01  -2.7656216e-01   4.1002382e-01   6.0292152e-01  -1.7394857e-01   4.5224462e-01  -2.7840930e-01  -6.5078779e-02  -1.2200314e-01   6.7978703e-01   2.2493542e-01   3.3059518e-01   1.6511359e-02  -3.5511354e-01  -1.3214922e-01   5.5303721e-01   8.9933862e-02  -3.8826955e-01   3.7988213e-01  -6.2777712e-02   2.8269900e-01  -4.0661875e-01   1.2930032e-01   6.4754874e-01  -9.3165325e-02   2.8882801e-01  -2.0593286e-02   7.9666487e-02   6.2372571e-01  -2.8336187e-01  -3.1234295e-01   4.3568629e-02   1.7338606e-01  -1.5731549e-01   1.2704293e-01   1.7930417e-01  -1.2136602e-01   1.0212589e-01   4.4679699e-01  -3.0981886e-01  -2.3785230e-02   3.7252956e-01   4.4428487e-01  -1.1074528e-01   6.5219922e-02  -2.8019246e-01   5.1869244e-01  -1.4873679e-01  -5.2334598e-02  -5.0836774e-01  -2.1076144e-01   9.4450923e-02  -2.8299144e-01  -1.3061655e-01   6.1514245e-01  -1.4226381e-01   5.0487497e-01  -1.7327227e-01   7.7684058e-02  -1.6089578e-01  -4.8851020e-01   4.2988032e-02   4.9513113e-02  -4.2755454e-01   1.2961398e-01  -3.3957756e-01   4.1520605e-01  -1.0534360e-01   7.4928264e-01   1.8213815e-01  -3.1626114e-01   4.6319186e-01  -2.3838451e-01   1.8449519e-01   3.0598165e-03   1.3429890e-01  -2.8357630e-01  -1.4271486e-01   3.0689363e-01  -1.1389640e-01  -2.3463070e-01  -3.9473768e-02  -7.7999857e-02   2.5341801e-01   1.1030348e-01   3.7086025e-01   7.1362310e-01   4.0223544e-01  -8.3047482e-02  -2.9509356e-01  -5.1853561e-02   4.6281499e-01  -4.5354236e-02   8.4061369e-02   3.0876716e-01  -6.5904748e-02  -5.1133604e-01   4.5302835e-01   1.0959563e-01   1.4376637e-01  -4.1374569e-01  -4.0599530e-01   2.2939038e-02  -2.8603319e-01  -1.2064648e-01  -1.7903940e-01  -1.2392186e-01   7.9228504e-02  -4.2738658e-01   2.5304694e-01  -3.9198424e-02  -2.1490880e-02  -1.7853612e-01   2.3639663e-01  -2.0661955e-02  -4.1408587e-01  -3.5316544e-01  -5.7372632e-02  -3.7076942e-01   5.0256176e-01   2.5090568e-01  -6.5642284e-03   5.6803489e-01   5.8309133e-01   4.3411492e-01  -1.6203922e-01  -5.4319512e-01   8.4403872e-02  -3.9344771e-01   3.0253689e-01   5.6787847e-01  -3.7517895e-01  -4.5172528e-01   3.6969182e-02  -5.7769690e-02   2.7662339e-01  -8.7482110e-02  -1.5611503e-01   3.7112081e-01  -9.0381136e-02  -1.2950269e-01   6.9350348e-01   2.8675353e-01  -2.1053989e-01  -2.5877482e-01   3.2618251e-01   4.6159167e-01  -3.4608776e-01  -8.5763725e-02   4.0215624e-01  -2.4192333e-01   2.7006342e-02  -2.1345988e-01
   3.6332106e-01   2.2947246e-01   4.1600716e-02   8.5621749e-02   2.4749830e-02  -4.4216524e-01  -5.9836604e-02   0.0000000e+00   5.6253562e-01   1.1345829e-01  -1.0552040e-01  -1.9282079e-02   2.8385803e-01   4.6295165e-01   3.8100889e-01  -4.0938043e-01   1.0121976e-02  -1.2444169e-01   1.8924858e-01  -8.1223706e-02  -1.2999662e-01   3.9403666e-01  -9.3728743e-02   1.3147562e-01   6.9287650e-02   5.9543969e-01  -4.3224048e-01  -5.4355677e-02  -1.1815224e-01   2.9144185e-01   5.9639233e-01   4.7282122e-01  -8.2408428e-02  -1.7126104e-02  -1.5299020e-01  -3.1539061e-01  -4.9981026e-02  -8.7122412e-02  -5.2470882e-01  -3.0571048e-02   1.0320671e-02  -3.1384305e-01   2.1959445e-01   8.5745545e-01  -1.3756117e-01   9.5727378e-02  -4.6388294e-01  -2.0534139e-01  -1.0220137e-01   1.9480437e-01  -3.5294256e-01   8.0254863e-01   1.5485610e-01  -3.0773671e-01   3.1558815e-01   6.0194101e-01   3.7827193e-01   1.0695229e-01  -3.1378203e-02   2.8659178e-01   4.2681549e-02  -2.0348090e-01   3.9889332e-01   8.0475507e-01   3.2537596e-01  -2.5771816e-01  -8.4672433e-02  -3.0399549e-01   3.7130225e-01   8.8270449e-02   1.1988122e-01  -1.4684658e-01  -3.3408027e-01   2.2688856e-01   7.9925090e-03   6.9683634e-01  -6.3222017e-02   6.7835947e-01   2.3977757e-01  -6.9546680e-02  -7.7669185e-02  -4.4981922e-01   5.8585735e-01   8.2431008e-01   3.1751255e-01   7.5318786e-01   2.8522303e-01   2.7988990e-01   3.1456650e-01   3.1750043e-01   3.9296340e-01   5.5116458e-02  -1.1794547e-01   5.1124018e-01  -2.8065540e-01   4.5302437e-02  -1.4063154e-01   6.3005565e-01  -1.6638082e-01  -3.2628511e-01   5.6166180e-01   5.9771890e-01   1.2177224e-01   4.4032743e-01   4.6907766e-01   6.4926659e-01  -2.0507989e-01   5.0994823e-01  -1.9986622e-01  -4.9351815e-01   6.2790967e-02   1.1278116e-01  -4.0665755e-02   3.4780160e-01   5.2381144e-01   3.9464753e-01   6.3610575e-01   1.1236734e-01  -3.7131498e-02   5.7161017e-02   1.5171866e-01   2.2672700e-01   1.6063169e-02   5.2439075e-01   8.6761137e-02   4.7512004e-01   1.8462347e-01  -4.0460342e-01   6.3302113e-01   3.0680226e-02  -4.3383000e-01   1.1201231e-02   3.9636537e-01   1.9568960e-01   3.7577336e-01   8.2726619e-01  -2.5965490e-01  -2.2335701e-01   7.1321344e-01   6.5838069e-02   2.2251840e-01   2.2226647e-01   3.4511181e-01  -2.5333922e-01   1.5009285e-01   5.1244652e-01   5.7173875e-02  -8.4761067e-02  -1.6521835e-01  -1.0029630e-01   3.4508279e-01  -6.5753585e-02   2.5203436e-01   4.1886098e-01   1.9080339e-01   1.2710149e-01   1.7728768e-01  -2.1171706e-01  -1.9173580e-02  -3.1080836e-01  -4.3959937e-02   3.8156768e-01  -1.6232324e-01   7.2877712e-02   3.4039846e-01   2.9601475e-01   9.7937051e-02   9.1131816e-02   2.6531401e-01  -1.1804789e-01   4.4577493e-01  -4.4740890e-01  -1.2124182e-01  -6.4605749e-02   7.1286904e-02  -8.1498334e-03   4.5556373e-01
   2.1257026e-01   4.4746005e-01   1.5618472e-01   1.9683555e-01   2.4483328e-01  -3.5974074e-01   2.5293053e-01   5.6253562e-01   0.0000000e+00   2.5835973e-01  -2.6512031e-01   1.4733701e-02  -1.2624694e-01   3.7251195e-01   6.7899585e-02  -5.0860255e-01   2.2206814e-01  -1.3482125e-01   8.8030974e-02   2.1196775e-01  -2.2089558e-01   5.7691313e-01  -1.8765377e-01   2.4513231e-02  -1.2698875e-01   1.6825822e-01  -2.7166851e-01   1.8794279e-02   7.4581994e-02   5.6583615e-01   4.6737485e-01   3.6149463e-01  -6.3400883e-02   1.3309729e-01  -2.5228568e-01  -3.0924228e-01  -1.2900902e-01  -9.0250553e-02  -5.1254158e-01   1.9265015e-01  -2.3044385e-01  -2.7796324e-01   6.8876464e-01   5.9997362e-01  -8.3734107e-02  -1.3029237e-01  -4.6151719e-01  -3.9934224e-02  -2.6716846e-01   4.7075889e-01  -5.3469960e-01   5.9156605e-01   3.3476834e-01  -2.0908143e-01   4.3661150e-01   4.7653068e-01   4.5462113e-01   3.7408330e-02  -1.6826870e-01   2.5736685e-01  -3.1777029e-02  -3.3006943e-01   7.5675779e-01   5.6678800e-01   4.4794716e-01  -2.2448462e-01   9.4687855e-03  -2.6855509e-02   3.1386648e-01  -1.3889524e-01   4.2252534e-01  -2.3068033e-01  -4.4193530e-01  -1.0987244e-01  -1.2445597e-01   7.4597755e-01  -3.1427475e-01   5.1878781e-01   4.8593669e-01  -3.8724982e-01  -1.4654716e-01  -4.4574163e-01   6.6489883e-01   5.1023140e-01   1.2706861e-01   6.7440252e-01   6.5915529e-01   9.1423094e-02   5.2128804e-01   2.2042745e-01   6.5150698e-01   1.1231948e-01   5.1068231e-02   7.8052975e-01  -3.4874868e-01   3.5388617e-01  -3.0093293e-01   4.4991360e-01  -4.1732740e-01  -5.6382435e-01   4.8740228e-01   2.3539707e-01   1.7055729e-01   5.0367856e-01   2.0152553e-01   4.9490156e-01  -1.7501936e-01   5.0375115e-01  -3.2278313e-01  -4.0576661e-01   2.3525098e-01   2.0852860e-01   4.5430522e-02   2.4299194e-01   4.6613687e-01   6.1479155e-01   4.6493406e-01  -1.5975077e-01   2.6801175e-01   6.2103305e-02  -6.1377051e-02   4.8850904e-01   2.6169032e-01   7.4730574e-01  -7.2323346e-02   9.2301841e-02   1.0062732e-01  -5.5468476e-01   5.0007675e-01  -6.6075595e-02  -5.7261783e-01  -4.4693435e-02   7.1455775e-02   3.2575670e-01   5.0390225e-01   6.4805428e-01  -4.3202540e-01  -1.1441700e-01   5.0891169e-01   7.5124824e-02   2.3890216e-01   1.8741733e-01  -9.3068437e-02  -2.8829438e-02   8.8965895e-02   5.5923813e-01   3.4510843e-01   2.0254422e-01  -1.0001342e-01  -3.2271951e-01   4.3326231e-05  -7.7586473e-02   1.8515815e-01   5.9777038e-01   6.0293373e-01   1.8370396e-01  -2.5288481e-02  -3.3016928e-01   6.7719204e-02  -4.1648660e-01  -5.4914345e-02   1.3560425e-01   1.1458823e-02  -7.9747130e-02   2.0126146e-01   5.1849027e-01   9.6344027e-02   1.5554000e-01   1.9498078e-01  -2.0984635e-02   6.6650667e-01  -4.8392753e-01   4.7356167e-02   1.7283042e-01  -1.2045573e-01   1.7816110e-01   4.1760924e-01
  -3.7315961e-01   2.5199844e-01   1.0507066e-01   9.4835584e-02   6.3681766e-01   3.6604731e-01   4.5508913e-01   1.1345829e-01   2.5835973e-01   0.0000000e+00  -7.2097003e-02   8.8691679e-02   5.2221523e-02  -2.9542408e-01   1.6910267e-01  -1.0398831e-01   1.6869285e-01  -2.4201203e-02   3.9339452e-02   4.6220634e-01   3.9380573e-02   2.1694847e-01   2.6398389e-01  -6.3330945e-01  -2.1444176e-01  -1.3248827e-01   2.5911582e-01   5.2837561e-01  -3.5427820e-01   2.7397703e-01   1.2026361e-01   1.8587485e-01  -1.7478142e-01   5.6408027e-01   3.2888477e-01   3.8511950e-01  -2.5495258e-01  -3.2317685e-01  -2.0554632e-01   4.2084418e-01   1.9045231e-01  -3.2028547e-01   5.7723762e-02  -2.2129155e-02  -3.8353167e-02  -2.5128523e-02   6.2474174e-02   4.8202183e-01  -4.0258480e-01   9.4310839e-02   3.0100960e-02   1.6013717e-01   5.5236292e-01  -4.0685314e-01   6.9794891e-02   1.1281598e-01   1.0841853e-01   2.0878910e-01  -3.7750897e-02  -2.8021499e-03   6.3105309e-02  -7.4176912e-02   6.0270701e-02   1.4509923e-01  -3.3591636e-02   6.8449433e-01   2.6832240e-01  -2.8969346e-01  -1.4304750e-02   1.0829206e-02   4.9777201e-01  -1.3622023e-01  -2.1565959e-02  -4.0441781e-01  -4.6915894e-01   2.9960343e-01  -1.4956971e-01   4.0653670e-02   4.6684090e-01  -1.0468119e-02   4.3238056e-01  -2.5692940e-01   3.0707280e-01  -9.0399266e-02  -2.7609115e-01   2.9861581e-01   3.8761825e-01  -5.7650689e-01  -2.4469804e-01  -4.1628691e-01   5.8959743e-01  -2.1208619e-02   7.0480835e-01   1.5940749e-01  -2.4256684e-01   6.7534783e-01  -3.5277412e-01   3.1192413e-01  -1.8971306e-01  -4.8870194e-02   1.4846196e-01   1.3800402e-01   2.7057915e-01  -9.1934064e-02   1.8106311e-01   2.1721966e-01  -1.3088964e-01   2.5783766e-01  -1.9887154e-01   3.8819436e-01   6.9338367e-01   1.5881556e-01  -8.9341251e-02  -2.4091974e-01   2.5689010e-01   3.0116234e-01   1.0361470e-01   1.5443678e-01   4.5042119e-01   5.4112228e-02  -2.3597773e-01   3.9889917e-01  -3.8296202e-01   1.8036243e-01  -2.6047394e-01  -3.5667523e-01  -8.6669649e-02  -2.8613191e-01   2.9308970e-01   1.4281437e-01   9.6853159e-03   2.7592898e-01  -3.5593017e-01   3.5905253e-01   8.6531263e-02   1.6646416e-01  -3.3488234e-01   4.0713187e-01   1.9475329e-01  -4.7883262e-01  -3.4684834e-01  -6.2761830e-02  -1.3265106e-01   4.4993299e-01   4.1449875e-01   4.3158335e-01   3.6494789e-01   5.6923537e-01   6.2600103e-01  -1.2816147e-01  -4.0653003e-01   3.7401734e-01  -3.1776827e-01   3.6630921e-01   2.9787365e-01  -4.8983112e-01  -1.8110073e-01  -7.6380645e-02   5.6299112e-03   2.6603979e-01  -4.9161721e-01  -4.3183774e-02   8.3676065e-01   1.3831182e-01   1.7237006e-01   3.7430851e-01   2.6701574e-01   2.0597201e-01  -1.4132792e-01   5.1490747e-01   4.5441723e-01  -4.5852917e-01   5.4933979e-02   4.3185103e-01  -7.2129850e-02  -2.4752403e-02   1.4482397e-01
  -3.7828884e-02  -9.7334115e-02  -3.3224456e-01   2.5295832e-01   5.1212332e-03   3.3853590e-01  -1.5160377e-01  -1.0552040e-01  -2.6512031e-01  -7.2097003e-02   0.0000000e+00   2.2318212e-01   2.2822561e-01   1.3394017e-02   1.8586449e-01   1.0803681e-01  -2.9999519e-01   5.6072073e-01   2.4124249e-01  -4.1666394e-02   4.1519723e-01  -8.2859432e-02   3.6329976e-02  -1.7391042e-02  -3.5022347e-02   1.9399917e-01   5.0297593e-02  -2.4107181e-01  -4.7368736e-02   1.2000191e-01  -2.9186990e-02   1.5053120e-01   7.9236380e-02   5.0004715e-02   2.0716239e-01   5.1520568e-01  -4.8422319e-02  -1.7994957e-01   5.8084159e-02  -2.2970845e-01   2.8454094e-01  -1.1290443e-01  -4.5044247e-01  -1.4455760e-01   1.1057480e-01   8.4292287e-02   5.5678385e-01   2.3258899e-01   2.8058946e-01  -4.5260370e-01   6.6030469e-01  -8.8961584e-02  -1.4521836e-01  -2.6157904e-01  -1.5624063e-01   1.3955491e-01  -7.8035628e-02   3.8691452e-01   3.4641999e-01  -7.8586733e-02  -2.2410616e-01   6.3218325e-01  -2.1831027e-01  -1.9431534e-02  -2.9651472e-02   3.4909224e-01   3.0918849e-01   3.2938028e-02   2.4947056e-01   1.6459077e-01  -1.9219877e-01   4.7731200e-01   3.0843235e-02   1.6792996e-01  -2.3636081e-01  -3.8438061e-02  -4.6448537e-02  -2.5356354e-01  -1.7764327e-01   1.0675370e-01   9.4049630e-02  -1.3814701e-01   7.4492585e-02   6.6557429e-02   1.4272599e-01  -3.8520040e-02  -1.8956416e-01  -1.1674393e-01  -1.6816914e-01   6.8787737e-03  -2.5102055e-01  -2.3121026e-01  -5.7919304e-02  -3.2294527e-01  -1.8047363e-01  -1.9171865e-01   1.1599562e-01  -5.0437736e-02   3.5737470e-01   2.5900056e-01  -7.1566378e-02   3.5308209e-01   4.2896511e-01  -2.0381311e-01   3.4383841e-01   5.2890291e-02  -2.5659918e-01   9.3382285e-02  -4.9933698e-02   5.1044413e-01  -7.9887257e-02   3.4989473e-01  -5.1865316e-02  -6.0843108e-02  -2.3255644e-01  -2.1476389e-01  -6.4014026e-02   1.6745675e-01  -7.6053538e-03   3.2891170e-01  -2.0297104e-02  -3.3210015e-01  -3.0733983e-01  -8.4262722e-02  -6.7939749e-02   1.8755916e-01   3.2205961e-01  -1.0670309e-01  -9.0706284e-02  -3.3097181e-02  -6.1524640e-02   2.2270572e-01  -3.6579414e-02   2.5221405e-01  -1.9790789e-01   7.9333148e-03   8.7053578e-02  -1.3387010e-02   1.4993606e-01  -1.2373412e-01   8.4636650e-02  -1.3119249e-01   5.0970545e-01  -1.2728011e-02   3.1756378e-01   4.5124111e-02  -1.6731413e-01   2.3613138e-01   4.9831340e-01   1.3354516e-01   1.9975957e-01   2.0230896e-01  -5.1429388e-02   2.1786356e-01  -3.6696853e-01  -1.0534650e-01   6.2148480e-02   2.2881879e-01  -1.5103031e-01   4.6274121e-01  -2.9445955e-02   5.1214744e-01   2.6697128e-01   2.8167511e-01   1.8728393e-01  -1.9205990e-01   2.5030473e-01   4.6302246e-01   6.1318323e-02   5.3228572e-02  -2.4134821e-01  -8.4699643e-02   3.4372497e-01   6.2426712e-03   4.4764665e-03  -3.6793692e-01  -4.2334987e-02
  -1.0963383e-01   2.8703109e-01  -1.1376359e-01   8.6921398e-02   1.3555884e-01   4.2862201e-01   5.4059523e-01  -1.9282079e-02   1.4733701e-02   8.8691679e-02   2.2318212e-01   0.0000000e+00  -4.4263927e-02  -2.4005945e-01   1.1650939e-01   4.2770517e-02  -1.7096729e-01   2.9461146e-01   1.3068544e-01   1.9156244e-01  -1.4808803e-02   6.5700503e-02   1.5919424e-01  -2.1149367e-01   5.7278777e-02   4.3955554e-02   2.8897156e-02   5.4583590e-02   8.5347227e-02   5.5591106e-01  -2.4404741e-01   1.6554815e-01  -1.6632416e-01   4.8426055e-01   2.8793526e-01   1.6798491e-01  -2.6983512e-01  -2.2520924e-01  -2.0218741e-01   2.4767176e-02   3.9003996e-02  -2.9343123e-01   1.2188578e-01   5.2363707e-02   4.6038141e-01  -3.0362813e-01   1.5401585e-01   1.8364379e-01   5.0690659e-03   5.8383287e-02   3.4533265e-01   1.5332365e-01   7.5961796e-02  -1.6332001e-01  -3.5253956e-01   1.8722875e-01   2.6448435e-01  -4.3974922e-02   2.2686000e-01   3.6636605e-01  -2.3329544e-01   2.8709182e-01   2.3518890e-01  -1.2294396e-01  -6.7560099e-02   2.5669110e-01   3.1824836e-01  -7.4454445e-02   2.4993426e-01  -2.0582911e-01   9.2777233e-02   3.3745117e-02  -3.3333635e-02  -2.2901611e-02  -1.8651371e-02   1.7250932e-01  -2.4377389e-01  -5.1288340e-02   2.8617376e-01  -8.4873669e-03   2.2972366e-01  -1.3975410e-01   1.0970169e-01  -5.4768897e-02   7.5310186e-03   1.6865491e-01  -3.0207128e-01  -6.3576640e-02   1.2228574e-01  -5.5228120e-02   1.6723418e-01  -7.3998931e-02   4.0743843e-01   1.1735991e-02  -2.5058438e-01   1.2413269e-01  -6.4208128e-02   2.6597673e-01   7.3734303e-02   1.7269097e-01  -2.8981942e-01   2.4092992e-01   3.8692451e-01   5.4051544e-02   6.5894225e-02   1.2283530e-01  -2.1805460e-01   3.4777344e-01  -2.9477720e-02   2.9767791e-01   4.3458608e-01   5.9878770e-01  -1.1401729e-01  -8.8559664e-02  -2.8347331e-02   8.1373953e-02   1.2335974e-01   2.0843135e-02  -7.1083870e-02   3.8108694e-02  -2.5766392e-01   2.5597156e-01   2.1614100e-01   8.3718801e-02  -3.1032360e-01  -2.5171387e-02   5.9043988e-01  -2.6401863e-01   2.8633086e-02  -4.5973425e-01  -2.4120710e-01   1.4999721e-02  -2.1557122e-01   1.5116743e-01  -2.2773100e-01   1.0571856e-01  -1.4290767e-02  -3.6052976e-01   2.2653276e-01  -9.3333026e-02  -2.9585885e-02  -8.1729879e-02   8.6958369e-02   3.5673560e-01   4.8065399e-01  -3.8454656e-03   6.2421919e-01   3.7654489e-01   3.9072648e-01  -2.2737899e-01  -4.2074516e-02  -2.8626943e-01  -2.3750345e-01   1.8980396e-01   2.0162558e-01  -1.4813724e-01  -2.3929493e-01   6.2945482e-02  -9.1021881e-02   3.3766380e-01  -4.6089400e-02   1.4273624e-01   3.7152727e-02   1.5782004e-01  -1.2399343e-03   4.3394299e-01   4.9729206e-01  -1.6640190e-01  -1.5101350e-01  -1.2041271e-01   2.0426400e-01  -1.9848916e-01   3.9058804e-02   2.9541262e-01  -1.9103803e-02  -2.4300766e-01   2.8931076e-02
   5.5037137e-02  -7.0701274e-02   3.7878964e-02   5.2627613e-03   8.3037301e-02   6.1632111e-02   1.3125758e-02   2.8385803e-01  -1.2624694e-01   5.2221523e-02   2.2822561e-01  -4.4263927e-02   0.0000000e+00   1.6340174e-01   2.3693358e-01   2.0343534e-02   5.1599304e-02   1.4499687e-01   5.2193017e-02   1.0953205e-01   2.5072766e-01  -1.6179630e-01   1.6617275e-01   4.6536824e-02   9.1129241e-02   2.8678302e-01  -1.6033830e-02   9.0576249e-02  -2.8509392e-01  -6.9154772e-02   2.5021783e-01   9.1064156e-02  -8.6222718e-02   2.6878637e-02  -2.8591400e-02   3.3388007e-01   1.6175309e-01  -6.0215627e-02  -1.1156759e-01   1.5737907e-02   7.0972582e-01  -3.2678634e-01  -2.9601659e-01   1.1944441e-01  -4.4668279e-02   1.8990433e-01   9.8432228e-02   1.6060142e-01   3.0690775e-01  -1.6092649e-01   1.9526758e-01   1.2106410e-01   1.0860859e-01  -7.9258172e-03  -5.9105833e-02   8.9625561e-02   2.6081344e-04  -4.2026605e-02   3.8460037e-01  -4.7710655e-02   7.9649903e-02   4.1487603e-01  -1.2055772e-01   1.3017910e-01  -2.8347941e-02   9.5019980e-02   1.1255575e-01  -2.6774780e-01   2.9036420e-02   2.3240040e-01  -2.1534536e-02  -1.5760098e-02   3.1785183e-01   2.9815617e-01  -2.7875501e-02  -4.0598396e-02   1.8443977e-01  -5.5826585e-03  -5.3249101e-03   3.8494748e-01   9.9410322e-02  -1.3346228e-01   4.3772281e-02   2.5993263e-01   1.9876142e-01   9.1708264e-02  -1.6020985e-01   5.7116335e-02  -1.1525918e-01   7.8712041e-02  -9.7530228e-02   1.1982025e-01   2.6651866e-02  -2.2335437e-01  -9.6613137e-02  -1.7379017e-02   2.0627091e-01   8.2586794e-02   4.2388348e-01   2.2275634e-01   2.8298041e-01   2.1722928e-01   1.1870418e-01  -8.2511946e-03   1.4140176e-01   1.8703134e-01   2.5394120e-04   6.4327453e-02   2.3374480e-01   1.2999632e-01  -4.9465343e-02   6.7341413e-02  -1.3964921e-01   1.2281853e-01   5.7771587e-02  -2.6430495e-02  -4.2776799e-03   6.0040436e-01   8.3004233e-02   9.5325188e-02   1.3635994e-01  -8.1759239e-02  -2.4032985e-01   1.2125621e-03   1.8325638e-01   3.1408679e-01   1.9694850e-02  -1.0936245e-02  -5.3427286e-02   2.5283671e-01   7.7503347e-02   3.9322182e-02   2.6552168e-01   1.1186346e-01  -2.6692328e-01   1.6131747e-01   1.8657699e-01   1.8946538e-01   1.1410912e-01  -1.5104232e-01   1.6079256e-02  -1.5735757e-01   1.3814889e-01  -1.1440237e-02  -1.5243768e-02   6.0771933e-02  -1.6554965e-01   1.1342475e-01   1.3569072e-01   2.6511454e-01   2.6826920e-01   2.0641487e-01   2.2869927e-01   2.4406570e-02  -1.8249210e-02  -6.6681296e-02   3.3390837e-02   3.8878508e-01   1.8818252e-02   6.1076605e-02  -7.7493793e-02   1.4510663e-01   1.2817486e-01   9.2701464e-02   9.6008627e-02  -1.2130275e-01  -1.6322105e-01   1.5155325e-01   2.3072103e-01   9.9179879e-02  -3.5224244e-02  -3.0458229e-01  -2.2827748e-01  -2.1661068e-02  -4.7875811e-02   3.5873362e-02  -5.0466850e-02
   7.9875002e-01  -1.1497806e-01  -2.8792198e-02   5.4521571e-02  -2.3996768e-01  -6.2198484e-01  -5.0224519e-01   4.6295165e-01   3.7251195e-01  -2.9542408e-01   1.3394017e-02  -2.4005945e-01   1.6340174e-01   0.0000000e+00   3.2753141e-01  -4.2975095e-01  -2.2271799e-02  -6.6763823e-03   4.2377696e-02  -2.0558356e-01  -3.8676781e-02   3.1132219e-01  -2.7131010e-01   6.8779934e-01   1.2883454e-01   5.0588306e-01  -6.1841257e-01  -4.8167915e-01   9.3180518e-02  -4.0589104e-02   5.9063947e-01   1.5774284e-01  -4.7276316e-02  -3.6882507e-01  -4.0860411e-01  -4.4143810e-01  -1.0094707e-02   3.4602641e-01  -4.0021914e-01  -4.0785740e-01  -8.5347245e-02  -7.3823677e-02   1.6624830e-02   4.2964880e-01  -2.0214927e-01   3.2637757e-01  -4.0525732e-01  -5.1489380e-01   4.8236997e-02   5.5036364e-02  -2.5560711e-01   2.5243481e-01  -2.9956552e-01   7.6680998e-02   6.7730372e-01   2.4048080e-01   1.7947543e-01   4.6086670e-02  -9.5101110e-02   7.2221497e-02  -5.1854331e-02  -1.4892929e-01   1.3737165e-01   5.6600376e-01   2.8877147e-01  -4.6817313e-01  -4.0558762e-01  -1.1694696e-03   2.4337850e-02   2.4299120e-01  -1.7290801e-01  -3.9441033e-02  -2.4953557e-01   6.7429678e-01   4.0656933e-02   3.2601335e-01   4.6747076e-02   3.3263478e-01  -1.3890800e-01  -2.1623182e-02  -5.3126858e-01  -2.0707292e-01   2.8789034e-01   6.2790029e-01   7.7084613e-01   3.7408502e-01   2.2464169e-01   6.4495553e-01   2.1357901e-01   7.7892050e-01   5.3401077e-02   1.1521703e-01  -5.4033084e-01   2.7971936e-01   1.2770741e-02  -1.9080980e-01   1.0729833e-01   1.0731734e-01  -1.4264431e-01  -3.7856022e-01   7.1412314e-01   3.2703635e-01  -1.1362293e-01   4.5197090e-01   2.6532650e-01   3.0977811e-01  -1.7146564e-02   2.3670124e-02  -2.4825318e-01  -5.2258708e-01  -4.1757754e-01  -1.1026774e-01   8.9616977e-02   6.8874181e-01   4.8173210e-01   2.9236659e-02   2.4706749e-01  -1.1056600e-03  -8.1761502e-02  -3.9690082e-02   4.6414133e-01  -1.0750379e-02   3.5595858e-02   3.3196913e-01   4.3278682e-01   6.4570363e-01   2.4721925e-01  -2.5258590e-01   2.7119917e-01   1.5762517e-01  -4.2283218e-01  -1.5821696e-01   6.4303514e-01  -1.1704640e-02   1.2501652e-01   4.5985383e-01  -8.1728600e-02  -3.9939100e-01   3.5083695e-01   5.6306770e-01   7.0146772e-01   5.6582948e-02   1.9026437e-01  -3.6707496e-01  -1.8796003e-01   2.1704093e-01  -1.8091846e-01  -3.0068224e-01  -3.0295623e-01  -3.9042683e-03   7.5228649e-01  -1.6769152e-01   6.0361936e-01   9.5870810e-02  -5.8433840e-02   6.8893272e-01   4.6401193e-01  -7.9621407e-02   3.5592817e-02  -4.8903016e-01   5.2575337e-02   1.8314474e-01  -4.3099228e-01  -1.1219047e-01   3.5978589e-02  -1.2076718e-01  -1.1334724e-01   2.4519248e-01   5.5505534e-01  -3.1558232e-01   1.2310201e-01  -1.1702177e-01  -4.8893231e-02  -2.1428055e-01   4.3984263e-03   1.5932956e-01   2.9676529e-01
