   0.0000000e+00  -4.2155316e-01  -1.2590726e-01   1.0424803e-01  -2.9617561e-01   1.5323112e-01  -1.3545645e-01  -2.5890908e-02  -1.9072341e-01  -3.1390319e-01   7.1764047e-02  -2.9529612e-01   1.4743855e-01   7.4752637e-01   2.9918452e-01   9.0317318e-02   9.1221364e-03  -9.6911844e-02   2.0244965e-02  -1.6258458e-01  -3.5534033e-01   1.2409161e-01   7.1568750e-02   7.5762424e-01  -1.8298720e-01   3.4049242e-02  -2.6303822e-01   4.2027142e-01  -7.8176138e-02  -3.6772587e-01   5.1801840e-02   2.6145099e-01   2.2441689e-01  -1.7346000e-01  -2.5419662e-01  -1.8123685e-01  -3.2644239e-01   4.3046040e-01  -4.4673042e-02  -4.3154303e-01  -6.2546848e-02   3.8828814e-01  -2.4073041e-01   1.2482122e-01  -5.5694587e-02   6.8846246e-01   1.2222764e-01  -5.0644616e-01  -9.7176849e-02  -2.8085175e-01   2.1884517e-01  -8.9855112e-02  -4.6406862e-01   1.0511424e-01   2.8421728e-01   4.3646084e-01   2.8410612e-01   3.3618713e-01   8.4005425e-02  -1.9994753e-01   5.2591681e-01  -2.0270737e-02  -2.4540465e-02  -7.6621905e-02  -3.1737116e-01  -2.1435929e-01  -2.1414480e-01  -9.6875166e-02   1.1162459e-01   3.7898772e-01  -5.6596802e-01   7.1574831e-02  -1.3394144e-01   5.3012625e-01  -4.9645466e-02   1.7283077e-01   5.6274542e-01   7.9129147e-03  -2.8039565e-01  -4.3811228e-02   3.7206437e-01   5.0719575e-02  -3.7100158e-01   1.9273150e-01   6.9756838e-01   3.4481305e-01  -3.5200438e-01   5.4850076e-01  -1.4497848e-02   7.4967108e-01  -2.2651176e-01   5.3822484e-01  -2.3230898e-01  -4.2090245e-02   4.0399662e-01  -2.2349220e-01   1.2369731e-01  -6.5884094e-02  -9.4013570e-02  -1.8177306e-01   4.2554257e-01   3.5499768e-01   1.5316251e-01  -2.2641167e-01   2.3234816e-01  -8.5865484e-03   1.7312597e-01   1.1509858e-01  -1.7807787e-01  -3.1631222e-01  -3.2531904e-01   4.5573796e-01   5.7774871e-02   8.2626786e-01   9.6227199e-02  -4.0630555e-01   1.4796032e-01   1.3105552e-01   5.0496465e-01   2.8353719e-01   6.1638333e-01  -9.3427355e-02  -1.9178935e-01  -3.5500759e-01   6.3277727e-01   5.9752504e-01   1.3565155e-01  -2.9859593e-02   9.2682846e-02  -5.2464621e-02   1.1598537e-01  -4.6813123e-01   5.1660366e-01  -3.7783829e-01  -1.7932251e-01   2.7050596e-01   2.4184142e-03   5.8949953e-02   1.7958962e-01   4.7119523e-01   6.7950154e-01  -1.1627599e-02   2.7657778e-01   1.8250058e-01  -1.1282740e-02  -7.0235185e-02  -3.7161025e-01  -1.9883457e-01  -8.9005262e-04  -4.3750354e-01   5.2742981e-01  -1.9101446e-01   6.0436381e-01  -2.0291214e-01  -2.1545415e-01   5.7206637e-01   5.8022683e-01   1.1736227e-01   5.6524280e-01   3.4943049e-01  -1.4227327e-03   6.1002223e-02  -4.4939793e-01  -4.9243710e-02   1.2068807e-01  -3.6729288e-01  -2.3060639e-01   5.8218606e-01   6.4856655e-01  -4.0463768e-01  -1.7106335e-01   2.7769061e-01  -9.3893412e-02   1.4749300e-01  -9.7835702e-02  -2.0256017e-02  -1.3801023e-02
  -4.2155316e-01   0.0000000e+00   4.0420861e-01  -1.2036389e-01   1.0651403e-01  -2.2738301e-01  -5.5326039e-02  -2.1473154e-01   1.3271432e-01  -3.5161889e-03  -3.1300028e-01   3.0562992e-01  -2.7567148e-01  -3.3689265e-01  -1.8861406e-01   7.0024801e-02   3.5796474e-01  -1.6301725e-01   1.1754352e-01   2.2695743e-02   3.9325301e-01  -4.8972027e-02  -2.0395535e-01  -4.7339567e-01   2.1181199e-01  -2.4945144e-02   6.9012634e-02  -2.5759599e-01   7.5649602e-02   2.9204866e-01   1.1229329e-01  -3.0839733e-01  -4.8164767e-02   3.1350101e-02   2.1871414e-03  -2.1147394e-01   1.3383987e-01  -3.6134603e-01  -9.4455749e-02   5.2689661e-01  -3.8151611e-02  -2.5269939e-01   1.6277640e-01  -4.6014578e-02  -3.0969110e-01  -3.8009636e-01  -2.5856240e-01   4.4538852e-01   1.2349545e-01   4.9283653e-01  -4.8649984e-01  -8.2405525e-02   4.4365281e-01   4.2416562e-02   4.6617612e-02  -1.1025611e-01  -1.1879745e-01  -2.7518941e-01  -7.0472113e-02  -5.3973275e-02  -2.7594585e-01  -1.6281245e-01  -1.8784594e-02  -7.9109126e-02   1.8231559e-01  -2.4402883e-01   1.9067404e-01  -6.0009100e-02   1.0475017e-02  -2.4104207e-01   7.7557078e-01  -3.2625901e-01  -6.9331431e-02  -1.8615115e-01  -1.9905548e-02  -1.7128801e-01  -3.8894575e-01   1.3821676e-01   3.4602564e-01   4.2891974e-02  -1.9534125e-01  -8.8131582e-02   5.6224803e-01  -3.8061983e-03  -2.5127563e-01  -2.5977497e-01   3.6148436e-01  -3.0853371e-01   3.9479839e-01  -3.3742278e-01   3.1487820e-01  -1.9721085e-01   2.4729813e-01  -1.4644102e-01  -2.2417703e-01   7.4081622e-02  -1.4660915e-01  -5.4094620e-02  -1.7559222e-01  -8.6036385e-02  -1.2372136e-01  -3.7895751e-01   8.3124338e-02   2.6183824e-01  -4.3380581e-01  -5.7082212e-02  -2.1368924e-01  -2.9089174e-02  -2.2298959e-02   1.5870569e-01   4.0747210e-01  -2.8325954e-01  -9.0280697e-03  -3.0989188e-01   1.5337016e-01   3.7419247e-01  -1.1072967e-01  -5.6638240e-02  -1.3210767e-01  -1.9272508e-01  -4.4112405e-01  -1.0452283e-01  -8.5702860e-02   1.5965749e-01  -4.1126243e-01  -2.3862628e-01  -1.1838386e-01  -6.1423177e-02  -2.1762238e-01   4.3618876e-01  -2.6467378e-01   8.5583795e-03  -7.2179184e-02   3.3865585e-01  -1.3812372e-01  -9.0119454e-02  -2.6951560e-01   4.7261948e-02  -1.9033285e-01  -2.2425461e-01  -3.4497945e-01  -1.0195447e-01  -3.0477375e-01   1.4365671e-01  -4.7467534e-02   7.3952399e-02   3.8086318e-01  -5.4107674e-02  -4.2398243e-01   3.2811169e-01  -1.8476883e-01   3.6376362e-01  -3.6192872e-01   7.2722408e-02   5.9294008e-01  -3.7786511e-01  -3.4368557e-01  -2.4358018e-01  -3.4440484e-01  -4.1091157e-01  -2.0005080e-02  -1.5033965e-01   1.4998973e-01  -3.0614587e-02  -4.4647145e-02   3.5290105e-01  -1.0497174e-02  -2.4373906e-01  -4.2025077e-01   7.0730531e-01   4.5138042e-02  -5.1649642e-01  -8.8513626e-02   1.5665065e-01  -6.7027256e-02  -8.4690124e-02  -8.4350457e-02
  -1.2590726e-01   4.0420861e-01   0.0000000e+00  -3.6150880e-02   2.5662736e-01   6.2642829e-02  -7.3703770e-03  -1.4235934e-01  -7.4255509e-02   2.1870205e-01  -4.0368528e-01   4.0919183e-01  -2.0585656e-01  -1.4490088e-01  -2.8583514e-01   1.6518608e-01   7.6838390e-01  -2.6844340e-01   1.4007460e-01   3.8329054e-01  -1.6042789e-01   2.6385471e-02  -3.0308653e-01   6.1268967e-02   1.1617341e-01   4.3408583e-02   3.6641598e-01  -1.9219106e-01   1.3864330e-01  -1.0091745e-02  -2.3075718e-01  -1.0647871e-01  -1.5380138e-01   6.8088748e-02  -2.0000437e-01  -1.1138488e-02  -2.3692870e-01   5.8677163e-03  -1.7030993e-01   7.2464936e-01  -1.7148733e-01   9.2661757e-02   4.1089393e-01  -2.3724744e-01  -4.6048550e-01  -2.1381603e-01  -2.9098171e-01  -1.1776374e-01  -1.9904431e-01   7.4498594e-01  -4.1209958e-01   1.2034718e-01  -7.3231260e-03   3.2231837e-01  -2.0613322e-01  -2.9074963e-01  -1.7512799e-01   3.1143705e-02  -1.1882900e-01  -4.0940736e-02  -1.0181113e-01  -1.7250923e-01  -1.0985844e-01  -3.8738118e-01  -2.4473890e-01   1.1574305e-01   2.1840079e-01  -1.5456441e-01  -2.0322484e-01   1.9358178e-01   4.4863977e-01  -3.5924953e-01  -2.6007065e-01  -1.0388131e-01  -1.8247716e-01  -2.5217150e-02  -1.9730098e-01   1.4767073e-02   4.2287996e-01  -2.4004284e-02  -6.1680768e-02  -3.4790163e-01   8.4939697e-02  -9.8058565e-03  -1.4461184e-01   1.2809427e-02  -1.4047854e-01   3.0960963e-02   3.4883011e-01  -4.9982593e-03   2.1639380e-01   1.9159162e-01   5.3658474e-01   3.9571585e-02  -1.1933308e-04   2.0243464e-01  -1.1043213e-01  -1.5075556e-02  -3.1487442e-01  -1.4275379e-01  -2.5158040e-01  -3.9130942e-01  -1.5940212e-02   1.5756985e-01  -3.5079976e-01   1.3298051e-01   4.6446445e-03  -4.1590601e-02  -2.6523304e-01  -7.1644407e-02   5.0426237e-01  -2.4390971e-01  -2.9294276e-02  -8.6794369e-02   2.6424345e-01   9.2106146e-02  -1.1202356e-01  -1.9545638e-01  -1.8282791e-01  -3.4314960e-02  -2.5868175e-01   3.3351881e-01  -2.2563170e-02  -2.4594804e-01  -2.8293614e-01  -1.2561937e-01  -2.5154106e-01  -7.4709010e-02   5.1768573e-02   6.6423389e-01  -3.3961917e-01  -2.0530718e-01  -3.8493006e-02  -1.7132302e-01   5.6265281e-02  -2.8041688e-02  -2.5368395e-01  -3.2327034e-01  -1.4156632e-02   9.0841965e-02   4.5930312e-03  -1.6741278e-01  -4.1649930e-01   3.4284054e-01  -1.4865195e-01  -1.1661961e-01   5.1485077e-01  -1.6904407e-01  -2.4625395e-01  -1.9758004e-01   5.0641404e-02  -7.8670227e-02  -2.5598514e-01  -1.5467487e-01   7.7410481e-01   9.0408210e-04  -2.1659875e-01  -4.4557209e-01  -6.7665614e-03  -8.3047879e-02  -3.9602592e-02  -3.3756732e-01  -2.2932870e-02  -7.9258065e-02  -2.1776952e-02   1.5421782e-01  -2.1094903e-01  -2.8974705e-01  -1.5761977e-01   2.5199368e-01   1.3943678e-01  -2.2246642e-01  -2.3010145e-01   1.9809668e-01   1.2405271e-01   4.3037362e-02  -1.0919633e-01
   1.0424803e-01  -1.2036389e-01  -3.6150880e-02   0.0000000e+00   1.2469865e-02   2.2793361e-01  -1.6185931e-01   1.6752780e-01  -2.6032960e-01  -2.8175973e-01   2.6729801e-02  -1.0152819e-01   2.2731124e-01   2.0831939e-01  -1.8252063e-01  -1.6367977e-01  -1.7367370e-01   1.5567013e-01   6.2027846e-02   2.3388670e-02   5.6212839e-02   3.1685361e-01  -9.7028927e-02   8.7928339e-02   8.6202402e-03  -1.9597752e-01   4.7393959e-02  -5.4430249e-02   1.9517541e-01  -3.8387355e-01   1.0076817e-01   2.6496364e-01   9.0644814e-02  -3.6260379e-01  -5.0284529e-02   1.5211128e-01   7.2871889e-02   4.7437412e-02  -2.6002527e-01   8.2950310e-02   1.3584259e-01   1.3691023e-01   9.9369309e-02   2.4446287e-01  -9.1065981e-02   7.7000076e-02   2.0873695e-01  -2.4927890e-01   1.2055504e-02  -7.7500126e-02   2.2111210e-01   5.3981187e-02  -4.6193288e-01   2.0857095e-01   9.9347662e-02   1.5034393e-02   7.8080998e-02   3.3549722e-01   2.5616042e-01  -9.9900931e-02  -2.0921767e-02   6.8984091e-02  -1.4557689e-01  -1.7385099e-01  -1.9875977e-01  -5.0111889e-02   2.5578926e-01   1.5438907e-01   2.8864841e-01   1.9507520e-01  -2.5547976e-01   4.5774797e-01   1.7623144e-02   2.1535164e-01   6.7212602e-02   4.9013402e-01   3.6497464e-02   2.0001578e-01  -1.6431451e-01   2.9760494e-01  -1.2609650e-01  -8.3181763e-02  -1.1143347e-01   4.8564858e-02   7.2384004e-02   2.9514052e-01   4.3857334e-02   1.2182140e-01  -1.1706282e-01   1.4243300e-01  -2.1850962e-01   8.9273256e-02   8.0539349e-02   1.7361238e-01  -1.4469165e-01   8.1369400e-02   4.3717935e-01  -1.1911637e-02   2.8557146e-01  -2.2052237e-01   1.1712142e-01  -1.0822422e-01   3.7591742e-01  -2.2943926e-02   2.7541773e-01   3.4456111e-01   1.7880789e-01   7.9587780e-02  -7.3953229e-02   1.5876902e-01  -2.7406070e-01   2.8036521e-01   6.1932926e-01   6.9506360e-02  -3.0075371e-01  -2.4582059e-01   1.3456110e-01   8.6004834e-02   1.7681396e-01   5.5399217e-01   2.8355408e-01   1.5692267e-01   4.6927100e-02  -1.9464044e-01   2.0441783e-01   8.1990907e-02  -2.0233319e-02   1.8750952e-01   3.7328988e-01  -1.9150581e-01   1.7894654e-01  -1.7440012e-01   2.4537917e-01  -2.7735255e-01   2.4182667e-01   1.4746119e-01   2.3325915e-01  -1.0013045e-01   7.2003050e-02  -7.0906830e-02   2.6309588e-02   5.8167081e-02   1.8889506e-01   8.0857895e-02  -1.5761741e-01   6.5865811e-02  -2.2779370e-01  -1.4413692e-01   1.0221716e-01  -2.6809289e-01   1.8667338e-01   1.5778117e-01   2.2755595e-01  -7.3208799e-02  -1.6498844e-01   1.0807480e-01   1.1326665e-01   8.7179412e-02  -5.1619837e-02   1.3167482e-01   3.2183494e-01   2.0221779e-01  -1.6082428e-01   3.6332374e-01   3.6361008e-01  -1.9835672e-01  -2.1988630e-01   1.6484628e-01   2.9268823e-01  -1.6151315e-01  -2.3950037e-01  -1.6907504e-02   3.1388615e-01   1.5806330e-01  -1.9778696e-01   2.3913458e-01   2.2195602e-01
  -2.9617561e-01   1.0651403e-01   2.5662736e-01   1.2469865e-02   0.0000000e+00   7.1642331e-02  -1.8818540e-01   1.1868177e-01   1.6811690e-01   6.2726193e-02   5.2912720e-02  -8.2900224e-02   1.4688950e-01  -4.8376424e-01  -2.9571605e-01   3.6206297e-02   2.2780331e-01   1.7435250e-01   2.0122737e-01   6.3120504e-01  -1.6819916e-01  -1.5224859e-01  -3.3439559e-01  -1.5207622e-01   2.1379886e-02   1.3599651e-01   2.9629251e-01  -4.9938531e-01   1.4008754e-01   2.0449447e-01  -2.3250436e-01  -1.5334373e-01  -8.9668810e-02  -4.2495509e-02  -4.7963767e-02   6.6021864e-01   1.3475732e-01  -1.7033657e-01   2.2567621e-01   2.9330780e-01   4.5266408e-01  -1.7956520e-01   3.6432095e-01  -1.6885297e-02   2.2984187e-01  -2.5174301e-01  -1.3695566e-02   2.2329087e-02   2.3624268e-01   2.9492985e-01  -1.0818342e-01   1.2307575e-01   1.6859791e-01   6.2976730e-02  -3.6577247e-01  -4.2470797e-01  -2.2747790e-01  -2.1471811e-01  -3.3105919e-02   3.3010816e-01  -2.0553610e-01   7.9186262e-02  -5.8613865e-02   9.5824858e-02   2.1590966e-01   3.9858593e-01   3.2177648e-01   2.2374455e-01  -1.0372161e-01  -2.0658085e-01   1.3966415e-01  -5.9857470e-02   2.4518017e-01  -5.3802359e-01  -1.3101768e-01  -7.9964688e-02  -3.2090888e-01   1.1960546e-01   4.0669886e-01   7.0650419e-02  -5.0137870e-01  -1.3781950e-01   1.9299398e-01  -3.1191212e-03  -4.4066143e-01  -1.9262845e-01  -1.8246472e-01  -3.9235326e-01   2.0451582e-01  -3.1287454e-01   6.4250809e-01  -4.2877409e-02   3.7449842e-01   4.2195586e-01  -9.5889014e-02   5.5100055e-01  -1.5427422e-01   9.4343236e-02   2.1817871e-01  -1.0575022e-01  -3.9972728e-01  -3.8609614e-01  -4.0931190e-01   1.9865373e-01  -2.2602614e-01   2.5427750e-01  -2.6100527e-02   1.0368379e-01   4.6206069e-02   3.8101243e-01   1.1125984e-01  -4.3447755e-01  -8.5006200e-02  -3.0560856e-01  -3.4385285e-01   5.9530357e-01  -9.7675863e-02   1.8983906e-01  -4.0932919e-01  -2.6347340e-01  -3.7298779e-01   7.0007547e-01   2.1024925e-01   6.5912386e-02  -3.6540850e-01  -3.0182561e-01  -3.3905148e-01   4.7979116e-02  -5.1466752e-03   5.9995965e-02   5.9803810e-02   2.3451529e-01  -2.7311001e-01   2.9389474e-02   2.7491933e-01   7.5679834e-02  -6.1203087e-02  -4.1424827e-01   2.2321413e-01  -7.8200500e-02  -2.3268635e-01   1.0534838e-01  -2.0257004e-01  -2.7823227e-01  -3.3791716e-01   2.2809963e-02   1.8553673e-01   4.6161579e-01   1.7550646e-01   2.4918140e-02  -3.9504782e-01  -1.6982905e-01  -3.6277896e-01   3.8656907e-01   2.6468335e-01  -2.2718050e-01  -3.1863245e-01  -7.0186193e-02  -7.2643077e-02  -3.0780230e-01   2.3986298e-02  -5.6440248e-02   5.3065876e-01  -1.7276687e-02  -2.3596391e-02   1.5840226e-01   2.6998242e-01  -3.0074619e-01  -3.4207635e-01   4.3962094e-01   3.9639712e-01  -9.3495100e-02   1.9967617e-01   7.3087937e-02   1.6387308e-01   6.2318737e-02   2.1554319e-01
   1.5323112e-01  -2.2738301e-01   6.2642829e-02   2.2793361e-01   7.1642331e-02   0.0000000e+00   8.2161534e-02   8.9995192e-03  -2.1918344e-01  -3.7686107e-01   4.9794202e-01   5.7323323e-02  -6.7257526e-02   1.2997644e-01   6.8807524e-02   2.0858610e-01   8.6029037e-02   5.8237858e-01   6.6079348e-01   2.0436806e-02   1.2156904e-01   3.5190135e-01   2.6569337e-01   5.5552857e-02   5.0707812e-02   1.8006568e-02   2.7587855e-01   2.2921896e-01  -1.8106024e-01  -4.2170325e-02   1.7710264e-01   3.2023752e-01   2.6563717e-01  -1.4865835e-01   3.9761140e-02   3.5157280e-01  -3.4806779e-01   2.5243911e-01   1.3115074e-01   7.5491796e-02   2.2491924e-01   1.8550121e-01   2.1341634e-01   3.7115758e-02   2.4798081e-01   2.6627698e-01   6.8371677e-01  -3.5390652e-01   2.5130715e-02  -1.0914299e-01   5.9674363e-01  -8.3155804e-02  -4.5894162e-01   4.4024039e-02  -1.0471827e-01   1.1020405e-01   5.2935810e-01   1.9407742e-01   3.5072807e-01   7.0193270e-03   3.5506388e-01  -2.5053636e-01   1.2909910e-02   3.6876043e-02   6.7771883e-03   1.8581123e-01   7.2168749e-01  -1.0344409e-02   4.3652774e-01   5.7530134e-01  -3.2691018e-01   4.7921141e-01  -1.1678735e-01   2.8838032e-01  -2.3291668e-01   2.4394008e-01   3.0418191e-01   9.4890456e-02  -4.4448634e-01   1.4332737e-01   1.2649451e-02  -6.8132517e-02  -7.6507557e-02   3.1986361e-02   2.0862284e-01   1.1112486e-01   1.8003933e-01  -9.1597710e-02  -1.1758269e-01   3.4620328e-03  -3.3216711e-01   2.6799683e-01   5.0874485e-02   3.2551035e-01   2.2890137e-01  -6.6610956e-02   4.6185623e-02   6.3146475e-02   5.7604133e-02  -2.3135626e-01   3.1136234e-01   1.1924307e-01   4.0999658e-01   3.6220473e-03   5.7140963e-01   1.4379142e-01   3.5513316e-02   3.3193524e-01  -3.9286346e-01   4.6237062e-01   1.9488729e-02   5.7474692e-01   1.5962465e-01   1.9347905e-01  -2.6781776e-01  -5.1136920e-01   3.1240645e-02   1.3536483e-01   1.5940853e-01   3.9728114e-01   2.7596579e-01   2.5209831e-01   1.2882031e-01  -8.4423984e-02   2.2871119e-01   3.4080235e-02   8.4791811e-02   1.2026382e-02   1.4929526e-01   2.3925552e-02  -6.8159734e-02   1.4643216e-01   4.1691087e-01  -1.6156075e-01   2.4544425e-01  -1.7653441e-01  -5.4205463e-02   5.3005668e-02   5.1196860e-02   2.1552620e-01   2.4163680e-01  -2.5115879e-01   4.9605541e-01   3.8047470e-01   1.0100545e-02   6.9285414e-02  -2.7954543e-01   2.6297798e-01   6.4722268e-01  -4.0519087e-01   3.4539495e-01  -1.2550142e-01   2.2333619e-01   6.4195437e-02  -2.0550848e-01   1.3970794e-01   3.1999917e-01   1.7216809e-01   2.8132263e-01   1.4709771e-01  -1.3999291e-01   5.8109074e-01  -3.2308050e-02   4.5754819e-01   3.6917965e-02  -5.6136292e-01  -1.5962489e-02   2.1004395e-01   2.8170601e-01  -4.3239135e-01  -2.8107434e-01   7.6262149e-02   5.0790914e-01   6.6701084e-01   9.9579935e-02  -1.0714086e-01   4.5575083e-02
  -1.3545645e-01  -5.5326039e-02  -7.3703770e-03  -1.6185931e-01  -1.8818540e-01   8.2161534e-02   0.0000000e+00  -2.4645815e-01  -2.6262220e-01   5.5404590e-01  -1.7256032e-01   5.8858509e-01  -3.5613209e-01  -1.8872307e-01   2.9579877e-01  -1.4282402e-01  -2.6832929e-01  -4.5920456e-02  -2.2019001e-01   2.2742509e-01   2.2202292e-01  -1.9234144e-01   6.6282809e-01  -1.8736486e-01  -2.7674905e-01  -2.1598255e-01   5.2221016e-01   3.4827005e-01  -2.1360876e-01  -1.2298944e-01  -1.5692457e-01  -1.2387569e-01  -2.8468776e-01   7.1429634e-01   1.8031891e-01   8.4649401e-02  -7.1107971e-03   4.2013608e-02  -1.6875103e-01   2.3314190e-01  -3.8291777e-01  -1.5335026e-01   1.2358643e-01  -4.2330854e-01   6.7434639e-02  -1.6202572e-01  -1.2465643e-01   3.9722570e-01  -3.1697115e-01  -3.8575016e-02   5.3244209e-02  -1.8527348e-01   9.7808850e-04  -3.8043208e-01  -1.2946589e-01  -2.0298340e-01  -1.8945260e-01  -1.5622256e-01  -3.7269105e-01  -2.6999859e-01  -1.8228420e-01   2.3399321e-01  -3.0142255e-01  -2.5107343e-01  -3.5004792e-01   5.1316044e-01   3.0495570e-02  -5.9373568e-02  -1.6609276e-01   1.9329957e-01   1.5163777e-01   7.9305025e-02  -3.8307864e-01  -9.6847069e-02  -2.2845605e-01  -2.3291814e-01  -1.3193337e-01  -1.0865771e-01  -1.1360252e-01  -3.6677618e-01   4.6049833e-01  -8.2106843e-02  -8.7924656e-02  -3.9848206e-01  -2.2689282e-01   8.6887075e-02  -1.1483634e-01  -1.9078740e-01  -2.0848138e-01  -2.5242149e-01  -4.5715144e-01  -3.8837024e-01   3.4800116e-01  -3.0656442e-01  -4.4410766e-02   1.6504651e-01  -1.8472101e-01   1.1973974e-01  -1.4430679e-01   8.1070076e-01  -8.1423196e-02   2.1498787e-01  -1.8925515e-02  -4.6786927e-01   6.8257491e-02  -1.7311263e-01  -2.2638373e-01  -1.2411384e-01   1.3759702e-01  -1.1647445e-01   4.9054953e-01  -9.3409027e-03  -1.5166332e-01  -1.8390772e-01   3.4679111e-01  -1.4224826e-01  -3.1644917e-01  -8.6573883e-02  -3.4380170e-01  -1.4202307e-01  -1.5609343e-01   3.7415240e-02  -2.0501362e-01   6.5841753e-02  -1.7017327e-01  -2.4401804e-01   3.4138647e-01  -3.4066576e-01  -1.3247061e-01   6.3352367e-02  -2.0836403e-01   4.5193520e-01  -2.9681917e-01  -1.3561690e-04  -1.8612117e-01  -3.5943628e-01  -1.3646766e-01   1.9445831e-01  -1.6168101e-01  -1.7301961e-01  -1.1075640e-01  -2.3770614e-01  -1.5614303e-01  -7.3039650e-02   6.3826799e-01  -2.1191444e-01   5.4613772e-01  -2.7931866e-01   3.2912122e-01   1.7909019e-01  -2.5059967e-01   1.0115193e-01  -2.7257003e-01  -2.8002938e-01  -7.3729359e-02  -6.9518952e-02  -9.5478769e-02  -3.6410001e-01  -1.8515738e-01   2.1005917e-01  -2.3161317e-01  -1.4429200e-01   3.0711592e-02  -1.6172105e-01  -4.1254025e-01   3.3710089e-01   2.0186853e-01  -1.8568315e-01  -7.8641083e-02  -1.3722144e-01   1.3779171e-01  -1.4923861e-01  -1.5984403e-01  -3.7156191e-01  -2.4313414e-01  -3.0375255e-01  -3.2300569e-01
  -2.5890908e-02  -2.1473154e-01  -1.4235934e-01   1.6752780e-01   1.1868177e-01   8.9995192e-03  -2.4645815e-01   0.0000000e+00   2.1598861e-01  -1.0188820e-01   3.2585622e-01  -3.0362231e-01   2.9866679e-01   6.5276223e-02  -8.9364216e-02  -6.0713258e-02  -2.0403021e-02   1.2717317e-01  -6.1446876e-02  -5.2171225e-02  -2.2333665e-01   3.4658492e-02  -1.3331758e-01   9.5496437e-02   5.4698454e-02   5.3209596e-01  -3.1959200e-02  -1.4942350e-01   3.8825681e-02   5.3535342e-02   1.9020125e-02   4.2073045e-01  -3.4759930e-02  -1.3358365e-01   4.8692216e-02   1.6442938e-01  -8.9744039e-02   1.0020874e-01   1.0622526e-01  -1.6650382e-01   2.4832426e-01  -7.3808210e-02  -3.8132512e-02   3.8674258e-01   1.5174282e-01   2.6135997e-01   1.8872797e-01  -1.6546533e-01  -5.0357391e-02  -7.4756670e-03   1.6208928e-01   8.0106602e-01  -2.2660149e-02  -1.6765583e-01   4.9926408e-02   2.1749484e-03  -2.8286241e-02   2.1104723e-01   3.3694504e-01   1.1926219e-01   1.8740370e-01   3.4793770e-02   2.6666371e-01   2.8639964e-01   2.0710393e-01   2.2181433e-01  -7.9404227e-02   2.7886283e-01   2.0612348e-01  -1.6862897e-02  -3.1319691e-01   9.4236986e-02   1.4371315e-01  -1.0334656e-01  -9.0624551e-03   3.9734549e-01   2.5092737e-01  -3.7185067e-02  -4.5761658e-02   1.7428497e-01  -1.7801074e-01   6.5641964e-02  -1.4423577e-01   5.4598843e-01   7.6015279e-03   1.5042104e-01  -4.1278215e-02  -8.3281560e-02   2.3457031e-01   7.7788978e-03   2.4485523e-01   1.8317266e-01  -4.9293851e-02   3.2889477e-02   3.0025486e-02   2.7648770e-02   2.3481290e-01   3.0239155e-01   1.4258049e-01  -1.2634378e-01  -8.1459264e-02   1.7965087e-01  -9.0552393e-02   6.2864500e-02   2.1424617e-01   6.5815836e-01  -6.8852082e-02   2.4601861e-01   5.5660441e-02   1.8698557e-01  -3.2878113e-01  -1.1684068e-01   8.1729746e-02   7.9591788e-02  -2.7776997e-01   9.3461538e-02   4.1947225e-01   1.9355992e-01  -1.8004349e-01  -7.5584478e-02   2.3286348e-01  -6.2033624e-02   1.6293695e-01  -5.6900492e-03   2.5934899e-01  -6.2497275e-02  -2.2812226e-01  -5.3748121e-02   4.0912662e-01  -2.2287219e-01   3.0755922e-01  -4.2486179e-02   3.8244748e-02  -3.5740589e-02   9.2620482e-02   6.8223883e-01   1.8335273e-01  -1.4254309e-01   7.8805102e-01  -4.2918593e-02   4.5894106e-02   8.7696941e-02   2.1191035e-01  -3.5220683e-01  -2.6839208e-01   2.1119709e-01  -1.9137870e-01   2.8483288e-01   1.9941559e-01  -1.0032489e-01  -8.8688452e-02   1.7743927e-02   8.7784314e-02   1.4779729e-01  -8.8647151e-02   1.4201394e-02   2.1301141e-01   5.3017152e-01   1.0297022e-01   2.0693574e-01   3.2548260e-01   2.2655153e-01  -2.5122727e-02   3.8761262e-01   4.6820382e-01  -1.2444093e-01   1.3195358e-01   4.9988680e-02   1.0704910e-01  -6.9921257e-02   2.4431752e-02   1.5374639e-01   2.6997909e-01  -7.1697746e-02   1.5126362e-01   2.6664636e-01   1.9325129e-01
  -1.9072341e-01   1.3271432e-01  -7.4255509e-02  -2.6032960e-01   1.6811690e-01  -2.1918344e-01  -2.6262220e-01   2.1598861e-01   0.0000000e+00  -6.7919092e-02   9.5557364e-02  -4.9138189e-02   2.3185024e-01  -2.1251333e-01  -3.1817379e-02   9.0581622e-02   1.3874713e-02  -5.4849815e-02  -4.2680874e-02  -2.2374329e-01  -1.6254333e-01  -3.2592980e-01  -2.4450347e-01  -1.8638205e-01   1.9993634e-01   2.1808444e-01  -1.6538255e-02  -1.8068173e-01   1.9146439e-01   5.4579934e-01   9.9894859e-02  -2.1946681e-01   1.4159266e-01  -5.3031038e-02   3.1884071e-01  -7.0260578e-02   2.2579151e-01  -3.0743864e-01   8.1519934e-02  -8.5119630e-02   3.2615073e-01  -7.1479979e-02  -6.3532138e-02  -3.8632223e-02   1.1489419e-01  -1.4367931e-01  -3.5958702e-02   2.3184782e-01   2.3124391e-01   1.2634176e-02  -2.1618782e-01   1.7813914e-01   4.8105207e-01  -1.3418645e-01  -1.0573827e-02  -1.8354673e-01  -3.9678857e-02  -3.2158815e-01   2.1677129e-01   4.9384513e-01   3.8231557e-02   1.1321833e-01   3.1629225e-01   4.5280807e-01   5.8805484e-01  -7.2867386e-02  -2.0492844e-01   5.0585818e-02  -4.2122446e-02  -2.6808970e-01   1.2621847e-01  -8.4533441e-02   7.1725007e-02  -2.6822164e-01   3.0036980e-01  -1.5705673e-01  -1.1130642e-01   1.4234196e-02   2.1372107e-01   3.1212097e-02  -2.7585759e-01   2.6547049e-02   1.2539104e-01   2.0906986e-01  -2.2133782e-01  -4.1834031e-01   1.2029239e-01  -1.3510467e-01   2.2202685e-01  -1.8139928e-01   4.4398524e-01   1.0916466e-01  -1.1491368e-01   2.9908295e-01  -1.1043507e-01  -1.3325858e-01   5.3078275e-02   2.5006479e-01   2.3794646e-01  -9.4276038e-02  -1.4879534e-01  -8.9111264e-02  -4.2005282e-01   4.6918011e-01  -3.3861782e-01   8.4429460e-02  -2.0767678e-01   1.1093005e-01   2.1046681e-01   1.4953458e-02  -1.1499941e-01  -3.9760641e-01  -2.1025121e-01  -1.3037624e-01  -5.7811428e-02   4.0792157e-01   8.8548567e-03   6.7770741e-02  -2.3678882e-01  -3.4247356e-01  -1.6292983e-01  -6.9934628e-02   2.8064306e-01   1.9595907e-01  -8.2704597e-02  -1.3279424e-01  -2.9043925e-01  -6.9517677e-02  -1.3967453e-01  -1.0034140e-01   1.9544115e-01   6.3460623e-02  -1.0720127e-01   3.4689108e-01   5.4620641e-02   2.0604199e-01   1.2928264e-01  -1.4534769e-03   1.9180776e-01   5.9139610e-02  -1.2676221e-01   6.3531789e-02  -4.0379829e-02  -3.2283355e-01  -2.0927408e-01   1.3592570e-01   8.3754574e-03   3.3464886e-01  -1.9313200e-01   3.4197867e-01  -1.8858746e-01  -1.2823715e-01  -1.6028177e-01   3.8646683e-01   1.1570268e-01  -2.5699684e-01  -2.1088754e-01   2.3032707e-01   1.5858227e-02  -3.0493616e-01   1.0643282e-01   1.3275536e-03   1.5605931e-01  -1.6111354e-01   3.8774373e-02   2.1244332e-01   2.4250223e-01  -1.3718188e-01  -2.6983093e-01   2.3610292e-01   2.2496420e-01  -1.6316244e-01   8.9753389e-02  -1.1447116e-01  -9.4449643e-02   8.3250142e-02   2.1453016e-01
  -3.1390319e-01  -3.5161889e-03   2.1870205e-01  -2.8175973e-01   6.2726193e-02  -3.7686107e-01   5.5404590e-01  -1.0188820e-01  -6.7919092e-02   0.0000000e+00  -4.1077754e-01   3.1317968e-01  -1.4655214e-01  -3.2146023e-01  -2.4144624e-02  -1.5839034e-01   3.4889329e-02  -2.9400493e-01  -4.4206686e-01   4.6068383e-01   6.3120479e-02  -2.4033567e-01   2.1571929e-01  -1.1244266e-01  -9.6075949e-02  -1.0711400e-02   4.1099443e-01  -6.6768546e-02   2.8513901e-02  -8.2279644e-03  -2.6721053e-01  -1.7164379e-01  -4.7488022e-01   6.2722985e-01   1.4224880e-02   4.0010007e-02   1.2897317e-01   1.6155243e-02  -1.2442873e-01   3.4342106e-01  -3.1322347e-01  -1.8295451e-01   1.4749076e-01  -4.9429920e-01  -1.6650157e-01  -4.1374821e-01  -5.1248412e-01   3.5644394e-01  -2.7640717e-01   3.1387947e-01  -2.9253454e-01   2.6732590e-02   3.0586518e-01  -1.6637349e-01  -9.7907874e-02  -4.2030330e-01  -4.9127995e-01  -1.0518245e-01  -4.3355010e-01  -1.4106399e-01  -3.9960669e-01   3.8803542e-01  -1.2892886e-01  -2.1920350e-01  -3.0761615e-01   4.9008360e-01  -2.8382473e-01  -1.0922621e-01  -4.1230479e-01  -2.2812151e-01   3.5850463e-01  -3.5259630e-01  -1.2743131e-01  -4.0042069e-01  -9.6721129e-02  -1.8199535e-01  -3.0350302e-01  -2.2746404e-01   2.2302700e-01  -2.7120366e-01   1.2661013e-01  -6.2273267e-02  -7.6832940e-02  -2.1851179e-01  -4.7349248e-01  -4.0841808e-02  -2.6432525e-01   1.4314936e-03  -1.1135893e-02  -2.1775438e-01  -8.6822744e-02  -3.7487004e-01   3.2268433e-01  -1.7308106e-01  -4.4697141e-02   3.1419252e-01  -1.8752426e-01   1.3451428e-01  -1.2981799e-01   6.6419172e-01  -4.6647367e-01  -9.9717788e-02  -3.1739348e-01  -2.4083223e-01  -3.1228836e-01  -1.4676059e-01  -8.0830239e-02  -1.9483874e-01   3.5120750e-01  -2.7926162e-01   3.4784975e-01  -4.3910990e-01  -2.0847138e-01  -3.7545289e-01   2.8696321e-01   2.2285275e-01  -2.8856507e-01  -2.8819609e-02  -5.8131929e-01  -3.5584500e-01  -3.9486468e-01   1.8743099e-02  -9.9435011e-02   8.2420742e-02  -3.9462875e-01  -2.5801850e-01   1.6728902e-01  -1.6370100e-01  -1.2118729e-01   1.2124609e-01  -5.4195207e-02   3.4792819e-01  -6.0943316e-01   1.1957492e-01  -3.6427567e-02  -2.1231255e-01   2.3074300e-02  -5.4157681e-02  -1.3749585e-01  -2.4975928e-01  -3.0190194e-01  -7.4728962e-02  -4.9179263e-01  -3.4542913e-01   3.7123632e-01  -1.9358076e-01   6.0723835e-01  -2.7744051e-01  -9.8667051e-02   3.2813918e-01  -4.7150860e-01  -8.5570341e-02  -5.0012854e-01  -2.4223076e-01   2.0077415e-01  -1.9173397e-01  -3.7196771e-01  -2.8659050e-01  -2.2023008e-01  -1.1706088e-02  -1.2082941e-01  -5.3640349e-01   2.6438814e-01  -3.8689157e-01  -1.7341473e-01   4.9794727e-01   4.2479039e-02  -4.7607687e-01  -3.2576363e-01   1.4985072e-01   2.9256198e-01  -1.0605439e-01  -4.5047035e-01  -5.7473814e-01   1.0837935e-02  -1.2681683e-01  -1.3412109e-01
   7.1764047e-02  -3.1300028e-01  -4.0368528e-01   2.6729801e-02   5.2912720e-02   4.9794202e-01  -1.7256032e-01   3.2585622e-01   9.5557364e-02  -4.1077754e-01   0.0000000e+00  -1.8282316e-01   2.3530968e-02   6.8854582e-02   1.3529726e-01   1.5992240e-01  -2.1532315e-01   6.6425268e-01   3.8574416e-01  -3.5809194e-01   1.2398046e-01   3.3324318e-02   1.4341491e-01  -1.0367965e-01   2.0515373e-02   2.3931794e-01  -8.5187578e-02   1.2776214e-01  -2.2156722e-01   2.8964129e-01   2.7761678e-01   2.9159674e-01   2.5188085e-01  -1.8707017e-01   2.2848515e-01   2.6334479e-01  -4.0442173e-02   1.7617735e-01   4.0189801e-01  -4.5884609e-01   3.2819726e-01   1.3048795e-01  -5.7221538e-02   3.9253867e-01   4.8531559e-01   4.3407113e-01   8.0148329e-01  -8.5582289e-02   2.8081389e-01  -4.5529330e-01   6.1008806e-01   1.9692408e-01  -2.0648617e-02  -1.7575477e-01   2.0590228e-02   2.8138968e-01   4.2189345e-01  -4.9892280e-02   4.0865863e-01   3.0240309e-01   3.7149711e-01  -3.3192636e-01   3.9502596e-01   5.0522985e-01   4.6476910e-01   1.9824491e-02   3.6063310e-01   6.8612745e-02   4.9870634e-01   2.7886117e-01  -3.7558036e-01   4.5557565e-01   2.4544820e-01   1.6509168e-01  -1.1036936e-01   2.2125295e-01   3.5481111e-01   1.4280930e-01  -4.4500139e-01   2.0675694e-01  -1.6564726e-01   4.9990597e-02   5.8620876e-02   1.7073937e-01   2.4626881e-01  -1.5205251e-02   2.7799388e-01  -1.4724443e-01  -4.1233320e-03  -1.3128488e-01  -6.1127231e-02   2.5723787e-01  -3.7361680e-01   1.9256224e-01   2.4030377e-01  -3.5552195e-01   7.3639538e-02   1.1280692e-01   2.1629021e-01  -3.1096176e-01   3.6552024e-01   2.9525190e-01   2.1342713e-01   1.0970471e-01   5.4903303e-01   8.7014850e-02  -4.7081549e-02   3.1060533e-01  -1.3162114e-01   5.8816071e-01  -3.0646618e-01   3.3430652e-01  -2.8701491e-02   2.0991770e-01  -4.0479397e-01  -1.4030000e-01   3.1839827e-01   9.2162864e-02   1.7722523e-01   1.0428017e-01   3.7023301e-01  -6.2227342e-02   1.7228332e-01   3.1336247e-01   3.7597541e-01   4.6659116e-02   3.3412917e-02  -4.4685511e-02   4.0263090e-02  -2.0367115e-01   1.5061546e-01   2.9683450e-01   3.1410659e-01   2.2427678e-01   2.1201734e-01   7.4858664e-02   1.4059687e-01   2.4627838e-01   2.1523478e-01   4.6261032e-02   1.7310763e-01   9.3130619e-02   7.1905102e-01   1.7148298e-03  -3.9597554e-02   3.1593751e-01  -5.6799915e-01   6.9844533e-01   5.7947419e-01  -7.7216679e-02   2.3774386e-01  -3.1949893e-02   2.9157334e-01   5.5909075e-01  -5.1555636e-01   8.3416042e-02   4.3426282e-01   4.1379623e-01   3.1076840e-01   7.1026206e-02  -1.2486678e-02   8.0517818e-01   1.4788649e-01   4.7366784e-01   8.4789363e-02  -4.6271903e-01   3.6441502e-01   2.9004596e-01   2.8886721e-01  -3.7670782e-01  -1.6133232e-01   2.4101196e-01   6.6852461e-01   3.3675555e-01   1.8552672e-01   3.4692757e-02  -7.4393288e-02
  -2.9529612e-01   3.0562992e-01   4.0919183e-01  -1.0152819e-01  -8.2900224e-02   5.7323323e-02   5.8858509e-01  -3.0362231e-01  -4.9138189e-02   3.1317968e-01  -1.8282316e-01   0.0000000e+00  -4.9210900e-01  -2.1650827e-01  -4.5557652e-02  -4.7510841e-02   5.1211953e-02  -2.3197675e-01  -8.8171693e-02   1.8345057e-01   1.5274144e-01  -1.5925779e-01   1.4653982e-01  -1.9528316e-01   4.8751731e-03  -1.3621243e-01   4.4144130e-01   9.8411628e-02   2.6053524e-02   1.4675067e-01  -2.5590779e-01  -1.7245298e-01  -8.9539173e-02   4.1339638e-01   3.3258232e-01  -6.6035191e-02  -3.3796121e-02  -3.4175893e-02  -2.8080347e-01   4.6504745e-01  -4.2700582e-01  -4.2117373e-02   4.4409292e-01  -3.0696550e-01  -1.4974857e-01  -2.6314625e-01  -8.3396329e-02   3.4166777e-01  -2.7530679e-01   1.6160676e-01  -2.5390253e-01  -6.1586645e-02   3.9910614e-02  -3.9366687e-02  -6.3804663e-02  -2.0646355e-01  -1.3836241e-01  -2.1851393e-01  -2.8074435e-01   1.7366482e-02  -2.0018847e-01  -6.7305966e-02  -1.0616670e-01  -3.1462202e-01  -1.4727673e-01   2.6380415e-01   1.7170775e-01  -4.1942110e-02  -3.8874858e-02   1.1370493e-01   3.3933226e-01   1.6736025e-02  -5.4062302e-01  -7.6317746e-02  -1.9779772e-01  -5.7647966e-02  -2.2421237e-01   8.4362666e-02   2.8406022e-01  -1.7903739e-01   1.1283284e-01  -2.3402207e-01   1.0634077e-01  -3.6763812e-01  -2.4640002e-01   2.5839639e-02   1.6488178e-01  -1.1296560e-01   5.8990492e-02  -2.7274168e-01  -1.5197058e-01  -2.1930064e-01   4.8427979e-01  -1.6745944e-01  -1.4646832e-01   1.2151979e-01  -3.9373824e-02   8.1065306e-02  -1.9280352e-01   3.0577617e-01  -1.6028707e-01  -5.7194288e-02   6.8639627e-02  -3.2553891e-02  -1.2581874e-01  -9.9644928e-02  -8.9753364e-02  -3.6066809e-02   6.0677298e-03   5.0338199e-02   5.1710113e-01  -1.2452895e-01   1.5908304e-02  -2.7458831e-01   2.3372902e-01   5.1871001e-02  -1.0159396e-01  -3.4677782e-01  -2.1286218e-01  -4.4716249e-02  -2.2450061e-01   2.1156145e-01   3.2587706e-02   4.6812971e-02  -2.9831172e-01  -1.8184195e-01   9.6843748e-02  -3.2753565e-01  -1.5151448e-01   2.1756775e-01  -5.3317512e-01   1.4560991e-01  -1.4279622e-01  -5.7916576e-02  -2.7294311e-02  -3.2178959e-01  -1.4855340e-01  -8.3143858e-02  -2.2900588e-01  -1.3897289e-01  -1.8188237e-01  -3.2247058e-01  -1.7821249e-01   1.1981269e-01   2.9102596e-01  -1.0501477e-01   5.3609224e-01  -1.8955437e-01   1.0313818e-01   7.7800870e-02  -1.3414450e-01   2.9645374e-02  -2.2732321e-01  -1.6089747e-01   2.6931972e-01  -1.0435173e-01  -2.1702340e-01  -5.0814850e-01  -2.6098658e-01  -1.1597189e-01  -5.3353836e-02  -1.1931007e-01  -4.8197140e-02  -1.1698353e-01  -3.3707246e-01   5.1356728e-01   1.4493643e-01  -3.4832422e-01  -1.8761571e-01   9.3181798e-02   3.2233181e-01  -3.6485344e-01  -9.1432702e-02  -1.2636104e-01  -1.8605369e-01  -1.0976137e-01  -3.8394153e-01
   1.4743855e-01  -2.7567148e-01  -2.0585656e-01   2.2731124e-01   1.4688950e-01  -6.7257526e-02  -3.5613209e-01   2.9866679e-01   2.3185024e-01  -1.4655214e-01   2.3530968e-02  -4.9210900e-01   0.0000000e+00   1.1797749e-01  -1.8258870e-01   5.2812606e-02  -8.9079181e-02  -1.0647929e-02  -2.4373667e-01   4.6650336e-02  -3.6087670e-01  -6.2387078e-02  -2.4287919e-01   1.9206209e-01   2.7512936e-02   1.2840268e-01  -7.0465455e-02  -1.7312295e-01   3.8011926e-01  -2.1732955e-01  -1.4077862e-01   8.3152521e-02   9.2343054e-02  -2.8500356e-01  -9.7846249e-02   1.4504758e-01   4.7745601e-04  -1.2832095e-02   9.5344601e-03  -1.3239681e-01   4.9091001e-01   1.2595129e-01  -1.4586219e-01  -7.0569914e-04   6.9874960e-02   6.3466748e-03  -9.1404047e-02  -3.3100548e-01   5.5557092e-02   5.2484813e-02   1.8001064e-01   7.1253723e-02  -1.4111788e-01   1.4942572e-01   1.0212421e-01  -7.3206308e-02  -8.0057615e-02   8.9536377e-02   2.9093894e-01   5.8048383e-03   3.7136418e-02   2.4815855e-01   4.3128331e-02   3.5999676e-02  -5.6162958e-02   4.9742688e-02  -2.5068526e-01   2.8842997e-01  -1.1105476e-01  -9.4190695e-02  -3.4081783e-01   1.0692821e-01   2.6295289e-01  -9.0228632e-02   4.0731034e-01  -2.3294167e-02  -7.3446840e-02  -1.7567517e-01   5.0714249e-03   2.1485986e-01  -2.0990387e-01   2.2470083e-01  -3.1267443e-01   2.5524457e-01   3.4709387e-02  -1.4352873e-02  -2.5317121e-01   1.0045463e-01   5.0661021e-02   2.0452226e-01   1.3393623e-01   1.1403023e-01  -4.3527240e-02   2.5595554e-01  -1.9995530e-01   1.9951442e-01   3.0642378e-01   3.7544965e-03   3.3629266e-01  -1.2481079e-01  -7.0059920e-02  -1.2125254e-01  -2.9387007e-01  -6.1850328e-02   4.6491240e-02   2.3124425e-01   2.7196393e-01  -1.5910155e-01   4.8466435e-02  -2.3578936e-01  -5.0255413e-01  -1.6486334e-01   1.8803626e-01   4.7858129e-02  -2.4327232e-01   1.1324951e-02  -1.1619190e-01   3.3878943e-01  -5.3601626e-02   2.5238146e-02   2.2783994e-02   1.0495470e-01   1.6548674e-01  -2.8672115e-01   1.1059565e-01  -8.0715122e-02  -2.4351887e-01   4.1074075e-01   2.6218374e-01  -3.5390228e-01   7.3622247e-01  -1.8064630e-01  -1.1926573e-01  -3.1155128e-01   1.2362539e-01   3.4833377e-01   4.8939821e-01  -2.0001900e-01   2.0638768e-01   9.1656055e-02   6.8163178e-02   4.5865243e-01   9.1885302e-02  -3.8611948e-01  -4.6348789e-01  -1.7692293e-01  -1.9719462e-01  -7.2788823e-02   2.2767135e-02  -1.2906603e-01  -7.7211192e-02  -2.8731179e-01   7.9432006e-02  -7.8531808e-02  -2.3803525e-01   8.9777782e-02  -2.0984655e-02   4.2616555e-01   1.0439890e-01   2.0346781e-02   3.4202297e-01  -7.4062507e-02  -2.1883374e-01  -1.6525577e-05   3.4437478e-01  -8.8076925e-02  -1.8945471e-01   1.8351257e-01   1.3821739e-01  -1.5584783e-01   5.4206065e-03   1.0414124e-01  -7.9136636e-02  -1.2257932e-01  -4.2137350e-02   3.3108542e-01   4.2980650e-01
   7.4752637e-01  -3.3689265e-01  -1.4490088e-01   2.0831939e-01  -4.8376424e-01   1.2997644e-01  -1.8872307e-01   6.5276223e-02  -2.1251333e-01  -3.2146023e-01   6.8854582e-02  -2.1650827e-01   1.1797749e-01   0.0000000e+00   3.9472140e-01  -8.7539185e-03   6.8618440e-03  -1.8291794e-01  -7.7817800e-02  -2.6661870e-01  -2.6686364e-01   2.5619120e-01   9.0148799e-02   6.3834255e-01  -1.2376161e-01   7.5769181e-02  -2.9152612e-01   5.4909176e-01  -3.4376567e-02  -3.9731354e-01   2.6205685e-01   3.0253587e-01   1.5010157e-01  -1.0174439e-01  -1.6898466e-01  -3.7551472e-01  -3.3105452e-01   4.0737827e-01  -2.3371534e-01  -3.4323084e-01  -1.6483098e-01   4.3425885e-01  -1.4383467e-01   3.0375645e-01  -2.0135466e-01   5.7130508e-01   1.1973854e-01  -5.1573884e-01  -1.2467779e-01  -2.2780165e-01   1.1819934e-01  -4.4993972e-02  -4.3421627e-01   1.2145043e-01   4.4803934e-01   6.1963448e-01   3.5855558e-01   4.2501122e-01   3.4430155e-02  -2.4563226e-01   4.6363931e-01   1.6118673e-02   1.3396701e-01  -9.4531561e-02  -3.4570298e-01  -2.4754707e-01  -1.6775868e-01   3.4691385e-04   2.2047257e-01   3.1758342e-01  -5.3246081e-01   6.1471305e-02  -1.9870647e-01   7.0042601e-01   6.1480961e-02   2.6538153e-01   5.4065995e-01  -3.4754413e-03  -3.2158606e-01  -6.4438136e-02   4.8145092e-01  -2.9173303e-02  -3.0307936e-01   2.8749971e-01   7.3925244e-01   3.4795300e-01  -6.7497562e-02   6.7052760e-01  -5.2096321e-03   7.4847684e-01  -2.7272120e-01   4.8137308e-01  -2.4313546e-01  -6.8857845e-02   2.2068017e-01  -2.0162221e-01   2.7344551e-01  -3.9545711e-02  -1.1046646e-01  -2.0410404e-01   4.8457579e-01   3.7049158e-01   4.0084087e-01  -1.2921278e-01   2.6991360e-01   4.2997089e-02   1.2761519e-01   5.6999475e-02  -7.2636868e-02  -2.6659299e-01  -3.3856291e-01   5.4491756e-01   2.6733526e-01   6.8559977e-01   1.8461380e-01  -5.0051814e-01   2.1033518e-01   1.4165633e-02   6.7183986e-01   3.4485404e-01   6.8940094e-01  -2.5178217e-01  -1.8143991e-01  -3.6269453e-01   6.4692824e-01   7.6141685e-01   2.1702725e-01  -5.1200683e-02   2.3467953e-01  -1.5572805e-01   1.3742598e-01  -6.1538735e-01   5.8863396e-01  -3.2332300e-01  -7.9799034e-02   3.3244907e-01   1.4116854e-01   1.0660882e-01   1.6878192e-01   2.4159621e-01   5.5072746e-01  -9.0144369e-02   2.8938068e-01   3.1607890e-01   1.0550298e-01  -2.5452413e-02  -3.9780561e-01  -2.6022114e-01  -5.3057238e-02  -4.3288410e-01   6.4682258e-01  -8.5466348e-02   6.3315746e-01  -3.5299681e-01  -2.0816204e-01   4.7251509e-01   6.1688597e-01   7.5910992e-02   4.7265721e-01   4.3060233e-01   1.5439635e-01   6.2643142e-02  -4.8608276e-01   4.4946882e-02   2.9184065e-01  -3.1894847e-01  -3.4266763e-01   6.9520647e-01   6.2603965e-01  -4.1640994e-01  -2.2304771e-01   1.9926871e-01  -1.1069527e-01   2.2211139e-01  -1.7024484e-01   9.4373032e-02  -7.4271644e-02
