   0.0000000e+00  -6.3864672e-01  -4.1284658e-01   2.8800867e-01  -6.7494676e-01   8.4041770e-02  -5.4434926e-01   2.1301963e-01  -5.7273342e-01  -4.9149983e-01   3.3679295e-01  -5.6349888e-01  -2.8218197e-01   6.4184067e-01   4.6527952e-01  -2.1713840e-01  -4.1240788e-01  -4.7939913e-02  -2.1967920e-02  -7.1889559e-01   1.5141463e-01   2.7332531e-01   2.4876219e-01   8.5066906e-01  -1.1053822e-03   2.2740210e-01  -5.6927454e-01   5.8048758e-01  -2.4946968e-01   1.4282136e-01   1.0307630e-01   3.3016051e-01   2.2391749e-02  -3.7584233e-01   1.2640644e-01  -5.5152413e-01   5.2258778e-02   6.4798827e-01  -1.5188522e-01  -6.4785768e-01  -2.6712538e-01   1.3934756e-01  -5.8530557e-01   4.4885463e-01  -4.8834435e-01   3.2596037e-01   1.6353258e-02  -1.1949165e-01   3.0358115e-01  -6.4720772e-01   1.2584548e-01   8.9979530e-02  -3.8395981e-01  -5.3988268e-02   2.5957926e-01   4.0488288e-01   2.4753211e-01   2.8529218e-01   1.5590283e-02   1.7452379e-01  -2.3112733e-01  -1.9570747e-01  -6.0386911e-01  -2.0754134e-01  -3.8042863e-01  -4.3952227e-01  -9.2178552e-02  -4.8269743e-01   2.6203938e-01   3.3912282e-01  -5.1728237e-01   1.3567318e-01  -2.3681931e-01   2.7123202e-02  -4.1203339e-01   2.5194358e-01   3.3168030e-01   1.4602549e-01  -7.2625736e-01  -3.0584852e-01   4.3981941e-01  -2.2324586e-01  -2.2212880e-01   2.7743674e-02  -4.0586012e-02   2.9322028e-01  -4.4531429e-01   6.9079128e-01  -1.9387600e-01   8.9952192e-01  -4.7716384e-01  -1.7119487e-01  -5.7157728e-01  -4.8352960e-01   6.1023068e-01  -6.7884192e-01  -4.6010053e-01  -5.6174322e-02  -5.2910792e-01  -4.6038900e-01  -6.0909076e-02   1.5692668e-01   4.4040465e-01   2.1488434e-01   5.0267894e-01   2.6658031e-01  -5.6278417e-02  -3.3839011e-02   2.8283568e-01   7.1140076e-02  -2.0723322e-01   5.5667742e-01   3.2079636e-02   8.5578431e-01   6.5846395e-01  -5.4076240e-01   7.6749205e-02  -2.5410398e-01   6.7385284e-01   2.0268727e-01   8.7008495e-01  -7.1431752e-01  -4.9413242e-01  -2.2381065e-01   5.8811339e-01   7.3228273e-01   3.2013297e-01  -3.1296414e-01   1.6759795e-01   3.1049104e-01  -3.5994200e-01  -1.6270888e-01  -2.3692671e-02   2.0934354e-01  -3.1579821e-01   3.6126286e-01  -4.9235880e-01   4.2531813e-01   1.4301796e-01   6.3812757e-01   6.4818089e-01  -7.8295196e-05   3.5934404e-01   4.7055823e-01  -2.0017947e-01   3.7611314e-01  -6.4191008e-01  -4.4167944e-01  -3.7412566e-01  -2.9833244e-01   8.2466610e-01   4.1031098e-01   7.4230397e-01  -1.5091206e-01  -6.8558401e-01   7.3578031e-01   6.4759061e-01  -1.1747877e-01  -2.0079466e-01   5.4104995e-01  -5.4110753e-01   1.7373645e-01  -4.6628999e-01   2.3879929e-01   3.3999599e-02  -4.7961369e-01  -6.5269166e-02   4.6148326e-01   5.6791289e-01  -4.2374840e-01  -6.3708752e-01   6.2651667e-01   2.9709834e-02  -1.6249612e-01  -4.2420240e-01  -2.0152757e-01   6.5655791e-02
  -6.3864672e-01   0.0000000e+00   3.6398505e-01  -2.9374638e-01   4.4876622e-01  -8.5597294e-02   6.4770028e-01  -2.0603470e-01   8.1107839e-01   2.0747161e-01  -4.3766497e-01   6.8435653e-01  -4.7249800e-02  -5.9481270e-01  -3.6842664e-01   2.3987881e-01   4.0732622e-01  -4.1492049e-03  -3.7775321e-02   4.3907955e-01  -5.7479972e-01  -3.9158699e-01  -5.6554083e-01  -6.4518563e-01  -5.3509200e-02  -1.0198896e-01   6.0433420e-01  -5.9137971e-01   2.1286766e-01  -4.6381022e-03  -2.1406917e-01  -4.4379499e-01  -2.2292393e-02   2.4888959e-01   1.1389281e-01   2.3852597e-01   3.5183349e-02  -4.7169442e-01   9.8962318e-02   5.4891222e-01   9.4802106e-02  -1.7709997e-01   7.0419292e-01  -6.9267814e-01   7.0225211e-01  -1.5900275e-01  -1.0773186e-01   3.2503835e-01  -4.3745807e-01   6.3880234e-01  -2.5036584e-01  -1.7127770e-01   4.8638591e-01  -1.3422517e-01  -3.1311180e-01  -5.4774573e-01  -1.4420618e-01  -4.2581563e-01   1.9989038e-02   5.6921738e-04   2.4828661e-01  -1.0844476e-01   7.9464520e-01   6.9522971e-01   5.9219059e-01   3.0625512e-01   1.3187502e-01   3.9062286e-01  -3.0262959e-01  -3.0529310e-01   6.5115623e-01  -2.3111011e-01   2.1501378e-01   2.9810920e-02   5.1912100e-01  -4.0731161e-01  -2.2846660e-01  -2.8269821e-01   6.4839506e-01   1.4811541e-01  -5.4172174e-01   2.3952182e-01   1.6017072e-01  -3.6890668e-02   1.6106022e-01  -3.9952314e-01   7.7600487e-01  -5.7970135e-01   4.3477278e-01  -6.7173124e-01   3.8295191e-01   1.8878128e-01   3.0487550e-01   6.8620868e-01  -4.4562546e-01   6.0616742e-01   1.6508475e-01  -1.3241571e-01   4.3489166e-01   4.8460388e-01  -9.8575226e-02   1.9501102e-01  -6.3689763e-01   1.8910814e-02  -4.8032490e-01  -4.4739457e-01  -1.7191243e-01  -1.5413297e-01  -6.0708113e-01  -3.0201450e-01   3.1523757e-02  -5.0235600e-01  -1.3371742e-01  -5.3269908e-01  -6.1823015e-01   7.6813970e-01  -1.9879189e-01   1.1893301e-01  -5.6363517e-01  -2.7589522e-01  -5.5601229e-01   5.9748617e-01   6.8726738e-01   4.8902480e-01  -4.4387736e-01  -6.7236379e-01  -2.9368992e-01   1.8288525e-01  -1.7373006e-01  -3.5613355e-01   2.2325774e-01   8.4742397e-02   4.2345840e-01  -4.4711033e-01   4.3458700e-01  -3.3076714e-01   3.6854973e-01  -4.8264933e-01  -1.7353187e-01  -4.8842518e-01  -3.8663971e-01  -1.5985103e-01  -3.9858926e-01  -5.0609406e-01   2.1055386e-01  -4.1374693e-01   5.8174391e-01   4.7373898e-01   2.3484513e-01   2.7738586e-01  -6.6130562e-01  -5.6016543e-01  -5.4105490e-01   2.9941279e-01   5.9682181e-01  -5.7112346e-01  -3.9083518e-01  -1.3850400e-02   2.2097961e-01  -6.1779139e-01   5.2980191e-01  -2.6206629e-01   2.8458579e-01  -1.0192633e-01  -7.5003116e-02   5.7437696e-01  -3.1466544e-03  -3.3013592e-01  -4.5825026e-01   3.4189816e-01   7.1410362e-01  -3.6472067e-01  -1.2583591e-01   1.7038294e-01   3.2911933e-01  -8.9335962e-03  -1.8480745e-01
  -4.1284658e-01   3.6398505e-01   0.0000000e+00  -7.3585133e-02   1.2583612e-01   3.8444925e-01   5.2983514e-01  -1.7735709e-01   2.5765744e-01   3.1219932e-01  -1.3665936e-01   6.1147977e-01   2.0210213e-01  -3.1671939e-01  -2.2670788e-01   4.3550801e-01   8.8278480e-01   1.0057379e-01   4.3223703e-02   4.0398130e-01  -2.1720229e-01  -2.7060704e-01  -3.1301264e-01  -4.7902591e-01  -7.1321602e-02  -1.6962776e-01   3.1727568e-01  -2.2289363e-01   3.7314259e-02  -1.8111772e-01  -1.4038998e-01  -1.4300733e-01   1.7585057e-01   4.6454046e-01   1.8393740e-01   2.9530839e-01  -1.8569499e-01  -1.8755848e-01   2.4380614e-01   6.0938671e-01   3.3033955e-01   3.6262799e-01   4.6629711e-01  -1.9423537e-01   1.9314640e-01   3.1892012e-01   1.7494188e-01  -1.5265843e-01  -2.7705712e-01   5.6268978e-01   1.7744011e-01  -1.0686190e-01  -1.1775884e-01   2.0420487e-01   1.8661342e-03  -5.4111718e-02   5.1291869e-02  -2.4834089e-01   2.2352033e-01   6.2205017e-02   5.6096601e-01  -1.2338269e-02   3.0219267e-01   5.1608261e-03  -1.2653564e-01   5.7260572e-01   2.5857746e-01   1.0376294e-01   1.8228289e-02   4.9357031e-01   2.8609689e-02   4.3059423e-02   5.9962180e-02   2.9860663e-01   2.4308593e-01  -2.2759134e-01   2.7014935e-01  -1.5878587e-01   2.1353515e-01   7.8428522e-04  -2.3316595e-01   1.4750137e-01   1.9697139e-02  -7.8816931e-02   1.8765934e-01  -2.9384236e-01   8.2501106e-02  -2.0488221e-01   2.7159764e-01  -3.6806984e-01  -9.5582956e-02   6.4276551e-01   4.5812666e-01   4.4426264e-01  -1.0988778e-01   1.7702803e-01   1.6493941e-01  -1.0078956e-01   6.6946634e-02   1.2865574e-01   1.7661553e-01  -5.1764936e-02  -3.1867471e-01  -1.5320522e-01  -2.2021663e-01  -9.4758690e-02   8.6161988e-02  -1.5624000e-01  -2.6390832e-01   1.7209881e-01   9.6561585e-02  -2.1805884e-01  -1.0380489e-01  -2.9581956e-01  -1.8546520e-01   7.4261762e-03  -1.5384683e-02   8.7679617e-03   1.6848211e-03  -2.0059382e-02  -2.5978545e-01   2.6895633e-01   2.1730610e-01  -1.1184261e-01  -4.4917894e-02  -3.1246305e-01  -1.1087346e-01  -1.3410429e-02  -1.5803635e-01   3.7056416e-01   2.0004968e-01  -3.1399735e-01   1.9976002e-01  -2.8404891e-01   1.0643613e-01  -2.6731756e-01   1.5269555e-01  -1.7093961e-01  -1.6962585e-01  -2.5749439e-01  -2.8147677e-01   8.4815745e-02  -4.2894716e-02   1.3275648e-01  -9.7395001e-02  -2.4826624e-01   4.4082377e-01   1.7036001e-01   4.3484238e-01  -2.3218060e-01  -2.4100513e-01  -2.9057573e-01  -1.2612742e-01  -1.0274825e-01   7.4824555e-01  -3.7904713e-01  -1.1778492e-01   2.2030267e-01   4.3756633e-01  -3.0985659e-01   2.0665893e-01   4.0103685e-02   1.1731749e-01   1.4389567e-01  -2.2111438e-02   1.6151641e-01   4.2027780e-02  -3.6756092e-02   2.0570405e-02   8.2527288e-02   3.0786184e-01  -2.8502753e-01  -2.3050145e-01   5.2508344e-01   2.8684387e-01  -1.4390141e-01  -1.6002602e-01
   2.8800867e-01  -2.9374638e-01  -7.3585133e-02   0.0000000e+00  -3.5884467e-01   4.7843232e-01  -1.6799911e-01   1.7191537e-01  -9.0208714e-02  -3.0578190e-01  -3.7922331e-02  -2.6447359e-01  -1.3702728e-01   2.8514403e-01   3.3829712e-02  -8.8064456e-02  -1.1116372e-01   1.4726116e-01  -4.0801291e-02  -2.3655261e-01   8.5462955e-02   6.1087183e-01   5.9518315e-02   1.2642867e-01  -1.2705303e-01   1.1487011e-01  -1.7368683e-01   9.7262850e-02  -3.9209886e-02   6.2185859e-01   3.7745184e-03   4.7364137e-01   3.2784616e-02  -2.8563282e-01   8.9809402e-02  -2.8073397e-01   2.2423864e-01   1.7609854e-01   2.4510834e-02  -1.5266387e-01  -8.8026993e-02   3.2569933e-01  -1.7473552e-01   7.7912244e-02  -1.7981355e-01   9.1095993e-02   1.4867895e-01  -1.3401738e-02   3.1208101e-01  -3.0025128e-01   4.4136458e-01   3.5008479e-02  -3.0844977e-01  -5.0313334e-02  -1.4384389e-01   1.1039795e-01   2.0672964e-01   5.2269890e-01   3.3183988e-01   2.2836623e-01  -8.6026146e-02  -8.7730072e-04  -1.7607785e-01  -2.6791760e-01  -2.2753033e-01   1.7161323e-02   4.0998669e-01  -7.6043084e-02   4.9927724e-01   2.0632674e-01  -4.0839458e-01   5.6190759e-01  -3.2960969e-01   3.6262303e-02  -1.9843781e-01   1.1441152e-01  -3.1305812e-02   1.3541355e-01  -3.1714629e-01   1.5018979e-03   1.0062522e-01  -2.3091918e-01  -4.2314099e-01   5.3015539e-02  -2.5046411e-01   1.7406026e-01  -1.5839777e-01   6.5219720e-02   9.2128505e-02   2.4006877e-01  -2.9639296e-01  -1.4882401e-03  -2.9762815e-01   5.9528792e-02   1.3598753e-01  -4.3305467e-01   1.0291508e-01   4.9213117e-03  -1.8748606e-02  -2.6508208e-01  -1.9381583e-01  -6.7809367e-02   3.0237232e-01   5.0870221e-01   5.1960856e-01   4.9734053e-01  -2.8883321e-02   3.1189546e-01   2.5227533e-01   2.8523348e-01  -3.1574491e-01   6.4204203e-01   5.5082463e-01   3.1504891e-01   9.0918240e-02  -4.1542154e-01   6.4638747e-02  -4.0189676e-01   2.4914817e-01   8.2315892e-01   2.1104464e-01  -4.0965682e-01  -2.5543966e-01  -3.0500540e-01   1.4043872e-01   3.2756179e-01   2.0195412e-01  -2.2751047e-01   4.7989038e-01   7.1710606e-02  -2.0856041e-01  -3.0022875e-01   3.5599097e-01   1.9166490e-02   2.8632756e-01   1.5872575e-01  -3.7483545e-01   6.2106429e-02   2.6438520e-01   2.7351440e-01   1.8206004e-01   5.3163876e-02   4.3286391e-01   1.1475182e-01  -1.6137426e-01   2.5655854e-01  -3.9689791e-01  -1.4151913e-01  -8.2610378e-02  -1.8342379e-01   1.1116759e-01   1.8247386e-01   2.5244237e-01  -2.4904362e-01  -2.2421342e-01   7.2399966e-02   1.8505382e-01   2.2955564e-01  -9.9058924e-02   2.9298308e-01  -1.6771939e-01   1.0713376e-01  -2.8639074e-01   3.7059672e-01   5.9975944e-01  -3.8317345e-01  -2.8399702e-01   3.7733808e-01   1.3287712e-01  -4.0113896e-01  -3.9885822e-01   1.6714457e-01   4.2323091e-01   1.5021096e-01  -2.6439432e-01  -1.3617223e-01   5.4756636e-01
  -6.7494676e-01   4.4876622e-01   1.2583612e-01  -3.5884467e-01   0.0000000e+00  -2.1426649e-01   1.8867780e-01  -1.4058511e-01   3.7030625e-01   3.5048048e-01  -2.1599247e-01   2.1940511e-01   4.3752950e-01  -5.9085916e-01  -3.9488615e-01   1.9631187e-01   2.1841973e-01   1.3322631e-01   7.6722021e-02   7.9350957e-01  -7.3456144e-02  -2.3581549e-01  -2.9573651e-01  -5.0356000e-01   1.7356254e-02  -1.1424769e-01   5.8328004e-01  -5.3773650e-01   9.3424711e-02  -2.5707376e-01  -1.4083097e-01  -2.4826960e-01   3.4392225e-02   1.0390484e-01  -3.9880074e-01   7.4462955e-01   6.5318868e-02  -6.0653939e-01   1.8634620e-01   5.4758351e-01   4.3766847e-01  -2.8257627e-01   4.0383729e-01  -3.9168734e-01   3.6454885e-01  -3.2182821e-01   4.6352101e-02  -1.2983590e-01  -6.1356375e-02   6.5292194e-01  -2.1401141e-01   6.0613107e-02   3.5950225e-01   5.8351990e-02  -2.2432429e-01  -4.1172605e-01  -2.5593113e-01  -2.2565367e-01  -2.3191646e-02  -1.8952585e-01  -1.3754475e-02   4.7305732e-01   4.9590212e-01   1.8451379e-01   4.4999304e-01   1.9593662e-01   2.6508052e-02   4.6636608e-01  -3.3186916e-01  -4.6588423e-01   5.3605322e-01  -1.8293495e-01   3.2891793e-01   5.7052091e-02   3.9178597e-01  -2.5685757e-01  -3.3928497e-01  -2.0684134e-01   8.1484855e-01   3.3389245e-01  -4.5001434e-01   7.1950856e-02   4.0643212e-01  -5.7506451e-02   2.9175153e-01  -2.6555371e-01   2.5255205e-01  -5.5692563e-01  -1.9671015e-02  -6.2253363e-01   7.8525824e-01   3.4790638e-02   5.6386146e-01   2.1643528e-01  -5.2848654e-01   8.3297389e-01   4.3106934e-01   1.6832673e-01   4.9132750e-01   2.4804369e-01  -3.3971296e-02  -2.8274038e-01  -3.6803761e-01  -2.4377136e-01  -4.5490745e-01  -1.9238930e-01   8.8599271e-02   2.1848577e-02  -1.6328243e-01  -1.8452647e-01   1.4490255e-01  -4.9867394e-01  -5.3099071e-02  -6.1999852e-01  -5.5738337e-01   6.6258364e-01  -2.6216245e-02   4.1838707e-01  -5.9642714e-01  -2.2083466e-01  -5.8833142e-01   8.2424369e-01   3.6601883e-01   3.4212968e-01  -3.6748841e-01  -6.5490679e-01  -3.2981998e-01   4.1103497e-01  -1.8916322e-01  -3.9704838e-01   5.0602468e-01   2.9063991e-01  -1.1451348e-01  -2.8790317e-01   3.0094926e-01  -2.1966468e-01   5.2696820e-01  -4.1663946e-01  -4.0868592e-02  -5.0320625e-01  -3.9323410e-01   1.3834025e-01  -3.7104297e-01  -5.0272152e-01  -6.8950725e-02  -4.5363917e-01   3.9948148e-01   2.6439676e-01   2.2021245e-01   4.0676863e-01  -5.7466954e-01  -3.7622249e-01  -5.1456950e-01   2.6976200e-01   4.4014738e-01  -4.8659645e-01  -4.1537395e-01   1.3308069e-01   2.5080280e-01  -4.4707392e-01   4.5933853e-01  -1.4669492e-01   5.2832383e-01  -2.3921462e-01  -1.0853328e-01   4.1981797e-01   1.1771478e-01  -5.3777843e-01  -4.5541669e-01   6.8871205e-01   5.9755786e-01  -5.1517624e-01   3.9997405e-02  -2.3808906e-02   3.3828182e-01   2.6431256e-01  -9.9688468e-03
   8.4041770e-02  -8.5597294e-02   3.8444925e-01   4.7843232e-01  -2.1426649e-01   0.0000000e+00   1.3786079e-01   3.5336368e-01  -8.4112861e-02  -1.9211401e-01  -9.8634230e-04   1.4422802e-01   3.5359345e-02   1.3107502e-01  -6.5490121e-02   3.1987361e-01   3.5351145e-01   4.0003768e-02   2.2020727e-01   7.9849401e-02   9.5639740e-02   3.8986899e-01  -5.4614246e-02  -5.1027727e-02  -1.4440334e-01   3.0681315e-01   7.9922528e-02   1.0377747e-01  -2.0049842e-02   4.5448519e-01  -1.2216565e-01   4.9208156e-01   1.1916244e-01   1.4873558e-01   2.1759429e-01   5.6126505e-03   1.2376921e-02   6.6616967e-02   1.9489806e-01   2.4373483e-01   1.0724134e-01   3.6391183e-01   1.6751127e-01   1.4733109e-01  -3.4616325e-01   2.6505086e-01   5.1380883e-01   5.3266217e-02   7.2183362e-02  -2.2745515e-02   3.4841698e-01   2.9023993e-01  -3.3270993e-01   9.0107405e-02  -1.1875317e-02   2.6981944e-01   5.5858903e-01   3.5892204e-01   4.0400258e-01   3.4698676e-01   1.9565670e-01  -1.7387861e-01  -1.5444872e-01  -1.9155875e-01  -4.3977116e-01   3.1731276e-01   8.2226369e-01  -1.4550498e-01   7.3939421e-01   4.9434517e-01  -4.3619446e-01   3.3856545e-01  -3.1001542e-01   2.4545966e-01  -1.8691721e-01   1.6774865e-01   8.8697610e-02   2.2281148e-01  -2.2276582e-01   2.0538756e-02   1.0390388e-01  -3.3839099e-01  -2.3762755e-01   3.3174399e-01  -3.6182198e-03   1.4324529e-01  -2.2485560e-01   9.7154660e-02   3.1667710e-02   7.7553503e-02  -3.5652931e-01   4.0120333e-01   7.3671536e-02   1.3933627e-01   1.1153826e-01  -3.5079175e-01  -3.2119311e-03   1.8776620e-01  -1.1108184e-01  -3.6188757e-01  -9.2472232e-02   6.6426252e-02   2.6978613e-01   3.6671001e-01   3.8026468e-01   4.4039688e-01   5.9764160e-02   4.4281226e-01   9.2502350e-02   5.1936192e-01  -1.5059323e-01   5.0391973e-01   1.7884244e-01   1.5396946e-01   1.1815584e-01  -4.1596818e-01   2.0147773e-01  -3.2449422e-01   3.8196844e-01   4.9700791e-01   1.5299655e-01  -1.5849567e-01  -2.3730977e-01  -3.0353263e-01   1.5098230e-01   2.8134043e-01  -1.6898030e-02  -3.0962230e-01   3.6598559e-01   4.7209279e-01  -1.1660867e-01  -4.4475348e-01   4.3578086e-01  -6.5816548e-02   1.3445300e-01   3.2024049e-01  -2.4216922e-01   6.1285046e-02   3.9811786e-01   8.4498699e-02   1.7353282e-01   2.6970737e-01   5.3667716e-01   3.9084200e-01  -3.3110017e-01   1.6508628e-01  -1.7390806e-01  -5.3998561e-02   3.5096787e-01  -3.3898987e-01   1.0138520e-01   2.1672504e-01   2.3295796e-01  -1.7287849e-01   2.0946876e-01  -2.5052269e-02   1.2497921e-01   3.5828958e-01   1.9192157e-01   2.7176780e-01  -6.9652145e-02   3.4895309e-01  -2.8914661e-01   4.4604713e-01   4.4321551e-01  -3.0085197e-01  -1.6451066e-01   4.7420095e-01   1.6489767e-01  -2.1124269e-01  -2.0334550e-01  -1.1440346e-02  -4.3557445e-02   7.1954550e-01  -6.9190996e-02  -1.3910188e-01   3.8893210e-01
  -5.4434926e-01   6.4770028e-01   5.2983514e-01  -1.6799911e-01   1.8867780e-01   1.3786079e-01   0.0000000e+00  -2.5936614e-01   6.0073745e-01   4.5223066e-01  -3.0111821e-01   8.5194328e-01  -1.3082438e-01  -3.3528634e-01   2.5476452e-02   2.7445554e-01   4.5438084e-01  -1.1353934e-01  -7.0076868e-02   4.2468184e-01  -2.8908253e-01  -3.6423144e-01  -5.4399749e-02  -5.9377616e-01   4.2141280e-02  -2.5411822e-01   5.1277513e-01  -1.8595240e-01   3.2463863e-01  -9.0952630e-02  -9.5708850e-03  -3.6958315e-01  -1.3596638e-01   7.3402979e-01   4.4394059e-01   2.3176832e-01  -9.7727340e-02  -4.0909711e-01  -6.0597634e-02   6.2689856e-01  -9.6819034e-02  -4.6543972e-02   6.0604612e-01  -3.7646185e-01   5.3205221e-01  -2.1730432e-01  -1.1896472e-01   3.2211530e-01  -5.3081332e-01   5.4428784e-01   1.7491132e-02  -1.9665526e-01   2.5757549e-01  -1.8471390e-01  -1.6276848e-01  -9.6943112e-02   8.4271909e-02  -3.8185041e-01  -8.5918330e-02   6.8547797e-02   5.8358378e-02  -5.0423829e-02   5.0558075e-01   2.2012379e-01   1.1209388e-01   5.5195756e-01   1.5714274e-01   2.8207848e-01  -1.6981233e-01  -1.5941997e-03   4.2786083e-01  -1.4325885e-01  -6.8770387e-02   1.5541783e-01   3.5040829e-01  -2.5975512e-01  -3.3167462e-01  -1.3943605e-01   4.6412491e-01   5.7853301e-02  -2.0673686e-02   1.5791047e-01   1.6153047e-01  -5.9012283e-02   5.8422507e-02  -2.8904225e-01   4.3710710e-01  -2.6577538e-01   3.3212569e-01  -5.3379906e-01   9.9057390e-02   1.1597721e-01   4.3219602e-01   6.4253403e-01  -3.9281864e-01   3.5822224e-01   1.9791200e-01  -1.2296289e-01   2.7351171e-01   6.1662013e-01   1.2318477e-01   4.0765650e-01  -3.2500587e-01  -1.4608215e-02  -4.0809873e-01  -3.5657960e-01  -1.5034159e-01  -2.2316022e-01  -3.9275569e-01  -1.9194076e-01   4.4342109e-01  -3.2243497e-01  -1.7587061e-01  -4.9062309e-01  -2.1122485e-01   2.8391619e-01  -4.4637076e-02  -2.4036601e-03  -3.4648147e-01  -2.4452647e-01  -5.3734843e-01   4.5896783e-01   4.5338146e-01   1.0576590e-01  -4.7121072e-01  -2.9256157e-01  -1.1272651e-01  -7.4513816e-02  -3.7031701e-01   3.4430739e-02   5.0704761e-03   1.3758986e-01   4.0280975e-01  -1.5220143e-01   3.1026653e-01  -3.2611212e-01   2.0185598e-01  -1.2247123e-01  -1.1062489e-01  -4.5060529e-01  -4.4685138e-01  -1.7696605e-01  -2.4928389e-01  -1.0847949e-01   5.4249517e-01  -2.5333361e-01   7.5230407e-01   3.4689427e-01   4.5754871e-01   1.0225374e-01  -4.5125216e-01  -2.0212497e-01  -5.3307265e-01   2.5979899e-02   7.5587208e-01  -5.7161271e-01  -4.8619356e-01  -2.5809001e-03   2.6899609e-02  -2.0747532e-01   5.1061596e-01  -2.7693491e-01   1.6407947e-01  -2.1609627e-01  -1.0095088e-01   6.0895882e-01   2.4091304e-01  -1.8322234e-01  -4.3149392e-01   1.1743515e-01   6.1650367e-01  -4.6600875e-01  -3.5149685e-01   3.6209683e-01   4.1360875e-01  -1.6918410e-01  -9.2670805e-02
   2.1301963e-01  -2.0603470e-01  -1.7735709e-01   1.7191537e-01  -1.4058511e-01   3.5336368e-01  -2.5936614e-01   0.0000000e+00  -1.5169489e-01  -2.3107674e-01   3.0356080e-01  -2.2147421e-01  -6.4213113e-02   9.4010589e-02   1.4186099e-01  -5.0542863e-02  -2.3231908e-01   1.4469899e-01   1.8919645e-01  -1.5415805e-01   2.2995290e-01   4.8800814e-01   3.6565530e-02   1.7271563e-01  -1.5680845e-01   5.5249745e-01  -2.7697962e-01   9.7750473e-03   8.2403501e-03   4.2750810e-01   1.5466948e-02   5.3442111e-01  -1.0010745e-01  -2.3829418e-01  -7.0902283e-02  -1.9755338e-01   1.2672039e-01   2.8466791e-01   1.3780036e-01  -1.8391292e-01   1.0000604e-03  -1.2503599e-01  -2.8041129e-01   3.2216476e-01  -3.1258473e-01   1.9613041e-01   2.6629009e-01   2.5315065e-02   8.8404827e-02  -3.1800458e-01   2.3332788e-01   5.9970757e-01  -1.4332701e-01  -9.6550083e-02   6.3446430e-02   3.4220965e-01   4.0057511e-01   5.2502590e-01   2.5223938e-01   4.4965897e-01  -7.9617834e-02  -1.9424851e-01  -2.5724946e-01   1.2866201e-01  -1.5208830e-01  -9.8178017e-02   2.8426265e-01  -1.0948512e-01   5.7290138e-01   5.9267046e-02  -3.2781157e-01   9.7576545e-02   7.5629671e-02  -2.0913820e-01  -2.5567491e-01   4.6514398e-01   1.9110913e-01   3.7593109e-01  -2.9246297e-01  -2.8278604e-02   3.6423521e-02  -2.0741886e-01   1.2133151e-02   4.8374090e-01  -1.3144181e-01   5.5431446e-01  -1.7537882e-01   1.5248445e-02  -1.9324826e-01   2.0210776e-01  -9.3413730e-02  -6.2715260e-02  -2.2343530e-01  -9.8607542e-02   2.9536585e-01  -2.7518218e-01  -1.9638778e-01   4.1652110e-01  -1.8407435e-01  -1.9118953e-01  -2.4690426e-01   2.5066695e-01   1.6158261e-01   2.8017796e-01   4.1434205e-01   5.1938692e-01  -1.8912966e-01   6.2237945e-01   3.7114664e-02   2.0329513e-01  -9.9157250e-02   4.3686666e-01  -9.2335972e-02   3.4088292e-01   3.2352907e-02  -1.3841435e-01   3.5899875e-01  -2.3415967e-02   1.3852328e-01   1.9391013e-01   3.0631086e-01  -2.4288589e-01  -3.7889562e-01   1.7209148e-02   2.7463907e-01   1.6085887e-01   1.7434912e-01  -2.1123336e-01   5.8446788e-01  -1.9279303e-02  -1.9167190e-01   1.0446302e-01   9.1324313e-02   1.2163826e-01   6.2687511e-03   6.9733273e-01  -1.3361744e-01  -1.3466222e-02   6.3386982e-01   3.5857442e-01   1.9594168e-01   1.7073376e-01   5.6403275e-01   2.2348229e-03  -1.4355799e-01   4.5062637e-01  -4.9075090e-01  -1.4158049e-01  -4.8368040e-02   1.0575684e-01   1.2315877e-01   2.4139338e-01   1.1458026e-01   2.5310544e-01  -2.9423452e-01   2.8290234e-01   4.1113901e-01   2.6000820e-01  -5.8570140e-02   1.9490374e-01  -9.0060574e-02   5.8628103e-01  -1.7392393e-01   4.2691806e-01   4.2320778e-01  -1.3139335e-01   1.1570579e-01   2.7065803e-01   1.9102247e-01  -6.7839959e-02  -3.0591505e-01   2.7527448e-01   1.6968169e-02   1.8899141e-01  -4.6128686e-02  -8.5747229e-02   4.6117584e-01
  -5.7273342e-01   8.1107839e-01   2.5765744e-01  -9.0208714e-02   3.7030625e-01  -8.4112861e-02   6.0073745e-01  -1.5169489e-01   0.0000000e+00   1.5942638e-01  -3.5131572e-01   5.7416068e-01  -1.1480968e-01  -5.2100179e-01  -2.1368555e-01   2.3246026e-01   2.1685825e-01   1.2664512e-01  -4.7659677e-02   3.9068907e-01  -5.9717411e-01  -2.0945693e-01  -4.2636136e-01  -6.2689175e-01   6.4735640e-02  -3.5827497e-02   5.3394430e-01  -5.0404525e-01   3.4425648e-01   1.9798688e-01  -8.5551271e-02  -3.0855520e-01  -1.3763069e-01   1.4345465e-01   1.4864189e-01   2.2432665e-01   5.8232148e-02  -3.9421676e-01   1.1863313e-01   4.2567846e-01   2.9933932e-02  -2.6569891e-01   6.1295287e-01  -6.1495511e-01   8.0633761e-01  -1.8917834e-01  -6.9499526e-02   2.9996489e-01  -4.2884632e-01   5.0493587e-01  -4.1907178e-02  -2.5214739e-02   2.0121482e-01  -3.3067238e-01  -2.8254619e-01  -4.9008926e-01  -1.1140395e-01  -3.0126346e-01   1.4880096e-01   1.9009965e-01   9.6401334e-02  -1.1002492e-01   7.8119096e-01   5.3452730e-01   5.6087351e-01   3.7726556e-01   1.5929643e-01   4.2348894e-01  -2.7772022e-01  -2.3863457e-01   4.5116124e-01  -4.3471661e-02   1.2356040e-01  -1.2266568e-01   4.7127504e-01  -4.0697116e-01  -2.8715054e-01  -3.3760830e-01   5.5868029e-01   1.9440796e-01  -4.0692151e-01   9.4976592e-02  -1.5308081e-02  -9.2306151e-03  -1.5033903e-01  -2.9242175e-01   8.4075446e-01  -5.4579697e-01   4.9588969e-01  -6.2201232e-01   2.7295363e-01   1.9695013e-02   1.0435652e-01   7.8482528e-01  -3.6703994e-01   5.3525730e-01   1.3733988e-01   2.6325631e-02   4.9705149e-01   4.1351416e-01  -1.3926366e-01   2.4856785e-01  -4.8468566e-01   2.7347181e-01  -3.0100662e-01  -3.0304429e-01  -2.8846717e-01  -7.8721830e-02  -5.0242750e-01  -3.9468639e-01  -1.8592977e-02  -2.7273907e-01   1.0910214e-01  -4.6969773e-01  -5.7698437e-01   6.3045293e-01  -6.6908926e-02   2.7326281e-02  -6.3392270e-01  -1.4084906e-01  -5.3489606e-01   4.9409636e-01   5.7930751e-01   3.4774775e-01  -4.3271121e-01  -5.6989859e-01  -1.2674044e-01   6.1650165e-02  -9.1773833e-02  -4.0642272e-01   2.3755236e-01   6.6222581e-02   3.6749935e-01  -3.8599012e-01   5.0469299e-01  -2.9109243e-01   2.9134560e-01  -4.2655892e-01  -9.4373532e-02  -3.9007308e-01  -4.3616105e-01  -2.3276891e-01  -1.7119012e-01  -5.2494969e-01   3.0116289e-01  -3.1720698e-01   4.6593995e-01   4.2990923e-01   2.7621475e-01   1.3898496e-01  -6.5831428e-01  -4.2660271e-01  -6.3281421e-01   2.2035811e-01   4.5725341e-01  -5.3473372e-01  -3.4862890e-01   1.1543003e-01   1.0980635e-02  -4.4984217e-01   5.9643014e-01  -1.4947102e-01   1.1925200e-01  -2.4595616e-03  -4.0890388e-02   5.7662019e-01   1.1965455e-01  -3.4856165e-01  -5.2813083e-01   9.5362686e-02   6.6903267e-01  -3.0990365e-01   1.0182416e-01   6.0803539e-02   3.2610756e-01  -7.6922767e-02  -7.9017675e-02
  -4.9149983e-01   2.0747161e-01   3.1219932e-01  -3.0578190e-01   3.5048048e-01  -1.9211401e-01   4.5223066e-01  -2.3107674e-01   1.5942638e-01   0.0000000e+00  -1.1184173e-01   3.8171031e-01   2.1004006e-01  -3.5256760e-01  -1.8406034e-01  -1.9761590e-02   1.6949568e-01  -3.5473419e-01  -1.7330232e-01   5.7263937e-01  -3.1217219e-02  -2.4714913e-01   2.7458986e-01  -4.1123336e-01   7.2860510e-02  -2.8191137e-01   1.9839824e-01  -1.0852302e-01   2.4014435e-01  -3.3904038e-01  -2.5981097e-01  -3.0362689e-01  -5.9642332e-02   6.1787235e-01   6.8948691e-03   4.6923949e-01   2.2776251e-02  -2.4360817e-01  -1.4970846e-01   2.7524036e-01   9.8809525e-02   1.5516567e-02   2.4145084e-01  -1.5375993e-01   2.0154263e-01  -9.1758251e-02  -1.4117500e-01  -5.6771191e-02  -3.3130836e-01   3.1678342e-01  -1.1981097e-01  -1.9586522e-01   5.5011495e-02   4.2491991e-02  -9.4971695e-02   6.1734463e-02  -2.1810454e-01  -1.7632309e-01  -1.8072206e-01  -2.6482649e-01   1.5504215e-01   7.3115805e-02   1.8519785e-01  -1.3590720e-01  -1.4563193e-01   4.6703336e-01  -1.7048428e-01   1.7318953e-01  -2.9903522e-01   3.8183299e-02   2.8909378e-01  -2.5554053e-01   1.9336725e-01  -1.2052397e-01   1.7342552e-01  -8.9310709e-02  -2.6659052e-02  -6.6398563e-02   3.4486253e-01  -5.1193307e-02   2.2551214e-02   3.7996356e-01   1.4276547e-01  -6.0091688e-02  -8.3392464e-02  -1.3806821e-01   4.7415923e-02  -3.6990107e-01   1.0392229e-01  -4.1817606e-01   1.6051337e-01   4.8564698e-02   4.7027892e-01   1.3777069e-01  -1.6974428e-01   4.4177379e-01   3.0948717e-01  -3.5035915e-02   1.0909088e-01   5.6657211e-01  -4.3406599e-02   1.2690163e-01  -3.5039138e-01  -4.8311675e-01  -3.4344238e-01  -1.9637972e-01   1.4445264e-02  -1.0895889e-01   1.4744807e-02  -8.4258565e-02   5.6011026e-01  -4.6997297e-01  -2.3187524e-01  -3.9816106e-01  -1.6789034e-01   1.7142493e-01   3.3315256e-02   4.1406251e-01  -3.1305771e-01  -3.8823504e-01  -5.1632731e-01   4.9422327e-01   2.5159263e-01  -1.5165691e-01  -2.3040098e-01  -3.6197672e-01  -1.9755629e-01   1.3421539e-01  -2.8996048e-01  -6.6082215e-02   1.8348057e-01   2.6047324e-01  -2.8085287e-01  -1.4226491e-01   1.7384951e-02  -2.9847744e-01   1.8444829e-01  -2.0431395e-01  -1.4574991e-01  -4.6833165e-01  -4.7634688e-01   8.0615629e-02  -2.3069363e-01  -1.0661347e-01   2.4267561e-01  -3.5647606e-01   5.6177402e-01   2.5588194e-01   3.6851126e-01   5.9722075e-02  -3.1647039e-01  -2.2609446e-01  -4.3938041e-01   1.0346148e-01   4.0214813e-01  -4.0247404e-01  -4.1182878e-01   3.6160032e-02   3.0810423e-02  -2.6463640e-01   2.1721458e-01  -1.5098506e-01   3.7080564e-01  -4.0561889e-01  -1.4976937e-01   4.2468237e-01   4.7298011e-01  -3.7426137e-01  -1.9436308e-01   1.9930329e-01   4.3475036e-01  -4.4034144e-01  -3.4094374e-01   1.6824429e-02   3.7453472e-01  -1.8567252e-02  -9.6996751e-02
   3.3679295e-01  -4.3766497e-01  -1.3665936e-01  -3.7922331e-02  -2.1599247e-01  -9.8634230e-04  -3.0111821e-01   3.0356080e-01  -3.5131572e-01  -1.1184173e-01   0.0000000e+00  -3.6111270e-01   1.1843936e-01   2.6557672e-01   4.4106095e-01  -1.3012746e-01  -1.9780243e-01   4.2554092e-01   2.0451153e-01  -3.2692719e-01   3.9788874e-01  -7.0817151e-02   3.1607150e-01   3.5677352e-01  -2.2989357e-02   2.3570132e-01  -4.5765734e-01   4.2516816e-01  -6.8172719e-03  -7.2568934e-02   4.1017076e-01   1.1140002e-01   5.4618498e-02   2.0904208e-02   9.6905481e-03  -5.7326201e-02   3.3916970e-02   4.8369306e-01  -1.4097268e-01  -3.0378546e-01   7.6114567e-02   1.0059616e-01  -4.7457952e-01   6.6722864e-01  -2.9981614e-01   2.4140401e-01   3.5974026e-01  -4.8916548e-02  -6.8145786e-03  -4.1844243e-01   2.9552361e-01   4.6208672e-01  -9.7734578e-02  -7.7508756e-02   3.8318904e-01   5.5891531e-01   1.5710832e-01  -7.7580595e-03   4.0129193e-02   5.7299648e-02  -1.7481428e-01  -2.0789524e-01  -3.8986664e-01   5.5537031e-02  -2.5564294e-01   1.3002072e-01  -7.2789037e-02  -2.8560976e-01   1.6489851e-01   2.7109247e-01  -4.5582927e-01   2.4727104e-01   1.6803348e-01  -2.7564844e-01  -4.2034464e-01   1.7512649e-01   2.9460726e-01   9.1331834e-02  -4.5355859e-01  -1.7539063e-01   3.9961876e-01  -2.8197439e-03   9.0790340e-02   2.1049366e-02  -1.7053272e-01   2.4212275e-01  -2.2398099e-01   3.1134739e-01  -3.0943893e-01   4.6147837e-01  -3.1059512e-01  -2.4592848e-01  -1.9856102e-01  -3.4040749e-01   4.6471330e-01  -3.2476938e-01  -2.4325040e-01   2.7280712e-01  -3.8450649e-01  -2.7742670e-01   2.1420875e-01   2.6365614e-01   1.6936450e-01   8.7854712e-03   2.8916325e-01   1.2363466e-01  -1.4902889e-02  -8.3981876e-02   2.0866092e-01   4.5787325e-01   1.4804508e-01   1.3744007e-01  -8.5273235e-02   3.8415857e-01   4.2741543e-01  -3.3552071e-01   3.7594835e-01   2.8827561e-01   3.0037570e-01  -1.3100440e-01   3.5116340e-01  -4.4604566e-01  -5.7382597e-01  -1.1532440e-01   3.6357783e-01   2.8051707e-01   1.7842298e-01  -2.8942393e-01  -3.7370883e-02   3.1984783e-01  -3.0080310e-01   2.2713640e-01  -3.1366174e-01   6.1035171e-01  -2.9430610e-01   3.2774502e-01  -2.8839732e-01   3.9959615e-01   2.0870605e-01   4.5932574e-01   2.1907361e-01   1.0368072e-01   3.1586965e-01   3.2821407e-01  -4.4449648e-02   3.4376766e-01  -4.5377288e-01   1.1863445e-01   2.0064455e-01  -1.0315463e-01   4.5563434e-01   3.4642091e-01   2.4707834e-01   3.0400494e-01  -1.9717437e-01   5.6866687e-01   2.7013680e-01   7.0917705e-02  -2.2047566e-01   4.1694741e-01  -1.1774611e-01   5.4626030e-01   1.2177975e-01   2.2827537e-01  -2.3465119e-01  -3.1439914e-01   2.6629532e-01   2.2316563e-01   1.9375169e-01  -1.9654272e-01  -3.8752867e-01   3.7912108e-01   9.1376092e-02  -7.7424706e-03   5.7662417e-02   2.7629351e-02  -2.0757134e-01
  -5.6349888e-01   6.8435653e-01   6.1147977e-01  -2.6447359e-01   2.1940511e-01   1.4422802e-01   8.5194328e-01  -2.2147421e-01   5.7416068e-01   3.8171031e-01  -3.6111270e-01   0.0000000e+00  -9.2733510e-02  -3.3130261e-01  -8.8757830e-02   3.3135860e-01   4.9811189e-01  -1.0098877e-01  -1.0422937e-01   4.4903657e-01  -3.1648398e-01  -3.8539382e-01  -2.9639063e-01  -6.0700302e-01   4.7225337e-02  -1.4110401e-01   4.6060875e-01  -2.5428496e-01   1.5082122e-01  -1.3659953e-01  -8.5104013e-02  -3.9146110e-01  -7.4623791e-02   6.2686627e-01   4.5460159e-01   2.0243144e-01  -2.1839260e-01  -4.4236264e-01   8.7371436e-02   5.8170072e-01  -3.9223711e-02   1.1416320e-02   7.1344114e-01  -4.1483579e-01   5.9128093e-01  -1.6075767e-01  -9.6454824e-02   1.9009211e-01  -5.0440217e-01   5.6683441e-01  -1.1266939e-01  -1.9186640e-01   1.9876601e-01  -5.2151207e-02   5.8356125e-03  -1.8170052e-01   6.1661186e-02  -4.2314665e-01  -9.7798952e-02   1.6535207e-01   1.8220195e-01  -1.4427554e-01   5.6416421e-01   2.4064740e-01   2.2452182e-01   4.8007482e-01   1.0569264e-01   3.1812771e-01  -1.3730879e-01  -8.7402054e-03   3.7406992e-01  -2.2832923e-01  -1.8938218e-02   2.8528367e-01   4.1417948e-01  -3.8124374e-01  -2.5447492e-01  -1.6632400e-01   4.4803750e-01   4.9544976e-02  -1.5591176e-01   1.9518791e-01   1.7705915e-01  -3.9501701e-02   7.1206675e-02  -4.0722678e-01   4.6514236e-01  -2.3531655e-01   3.8717976e-01  -5.8153396e-01   9.7923936e-02   2.2246415e-01   4.7484437e-01   7.1062641e-01  -4.1209357e-01   3.9213920e-01   1.7974312e-01  -1.3985759e-01   2.8728902e-01   5.5278922e-01   2.6544033e-02   3.4731392e-01  -3.7559944e-01  -6.2373258e-02  -4.2329587e-01  -3.4082663e-01  -9.2064238e-02  -2.0085195e-01  -5.3748122e-01  -1.7292786e-01   3.1948379e-01  -3.8123015e-01  -2.1047738e-01  -5.4892971e-01  -2.9855362e-01   3.4901856e-01  -3.8361765e-02   1.8817335e-02  -3.1517675e-01  -3.2688877e-01  -5.3618712e-01   5.1366396e-01   5.7783691e-01   1.8641898e-01  -4.2144616e-01  -2.9853486e-01  -2.2099117e-02  -6.1805007e-02  -3.3579831e-01   4.1721366e-02   8.5813130e-02  -4.8154328e-02   4.0682215e-01  -2.9280764e-01   2.9191492e-01  -4.2493234e-01   2.5061454e-01  -2.0396368e-01  -2.0962671e-01  -4.3555448e-01  -2.9749177e-01  -1.5125293e-01  -2.4749364e-01  -1.0013642e-01   3.2304937e-01  -1.8873164e-01   7.1273657e-01   2.3072084e-01   4.3876085e-01   5.7393966e-02  -4.7659544e-01  -2.1448241e-01  -4.6205852e-01   1.6585969e-02   7.7337462e-01  -6.0375658e-01  -4.1361918e-01  -5.3169582e-02   1.0092916e-01  -2.9811712e-01   5.1344377e-01  -2.0811570e-01   7.1439107e-02  -1.3165671e-01  -1.2870821e-01   6.4283608e-01   2.3574639e-01  -2.2154607e-01  -2.9296901e-01   9.8271205e-02   6.8872335e-01  -4.9885690e-01  -3.9832696e-01   4.2838648e-01   3.5129518e-01  -9.0431906e-02  -1.9646808e-01
  -2.8218197e-01  -4.7249800e-02   2.0210213e-01  -1.3702728e-01   4.3752950e-01   3.5359345e-02  -1.3082438e-01  -6.4213113e-02  -1.1480968e-01   2.1004006e-01   1.1843936e-01  -9.2733510e-02   0.0000000e+00  -2.1020537e-01  -3.7987378e-01   4.7400847e-02   2.2481697e-01   2.3734677e-02   1.8124784e-01   4.2035633e-01   1.2533218e-01  -5.0624138e-03  -4.7371245e-02  -1.2302972e-01  -3.2402729e-02  -1.5825973e-02   1.3649808e-01  -1.9171337e-01  -8.3370032e-02  -2.2013761e-01  -1.8115069e-01  -1.8050812e-02   2.8856733e-01   1.9208346e-02  -3.9834035e-01   5.4588139e-01  -7.2745138e-02  -1.6535953e-01   1.7400744e-01   2.7718565e-01   7.3237963e-01   1.1556980e-01   1.4865620e-01   9.8510586e-03  -1.8366131e-01   2.3001113e-02   3.1089069e-01  -3.5593579e-01   6.8313352e-02   1.8910485e-01  -4.4663898e-02   1.2701528e-01   1.0477409e-02   3.6861701e-01  -9.2228875e-02  -1.1443816e-01  -2.1059360e-01   5.8164737e-02   7.0389132e-02  -1.0853107e-01   2.2799785e-01   4.4827409e-01   8.5654464e-03  -1.9298995e-01  -1.7069376e-01   1.7860324e-01   5.4516632e-02   2.2739512e-01  -7.7241821e-02  -5.3420785e-02   1.8276322e-02   7.6574706e-02   2.2662774e-01   8.6800277e-02   2.3450587e-01  -8.1271087e-02   1.5703472e-01  -6.3326637e-02   1.7980716e-01   2.9486237e-01  -1.6928028e-01   4.5770684e-02   7.3503770e-02  -1.0422576e-01   2.1162438e-01  -1.3571208e-01  -1.3982957e-01  -2.4345467e-01  -1.4044000e-02  -2.2985239e-01   2.2697790e-01   1.8720644e-01   3.0880321e-01  -1.2338965e-01  -9.9679323e-02   2.8642212e-01   4.6661663e-01   1.1916449e-01   2.7888571e-01  -2.2424650e-01   3.4867577e-02  -3.5589735e-01  -1.2990654e-01  -3.4323507e-01  -7.0043084e-02  -3.3878002e-02   3.4680434e-01   1.2971652e-01   2.3214530e-01   1.9692825e-01   7.9301724e-02  -2.0610105e-01   1.7072530e-01  -1.9038095e-01  -1.9236676e-01  -2.4295316e-02  -3.2679273e-02   4.6248266e-01  -1.6738478e-01   3.0195270e-02  -2.1462307e-01   2.1452496e-01   2.7970040e-02  -2.1542399e-01   3.1447889e-02  -2.5368510e-01  -2.3100686e-01   3.2768042e-01   1.6993144e-02  -6.1357707e-02   3.9858374e-01  -1.2125511e-01  -2.8185314e-01  -7.1456460e-02   9.1378294e-02  -9.1374358e-02   3.2127191e-01  -1.8369016e-01   5.1503479e-02  -1.7730105e-01  -1.5922189e-01   4.4275009e-01  -6.6979924e-02  -1.0017053e-01  -3.2448907e-01  -3.6058380e-01   7.9318914e-02  -7.7035228e-02   8.2542262e-02  -7.9230653e-02  -1.6539440e-01  -1.7345797e-01  -1.2285287e-01  -7.4315977e-02   2.2595967e-01  -1.4171260e-01  -2.2428167e-01   2.5269957e-01   3.5548659e-01  -1.3695520e-01   3.3293740e-02   1.2279033e-02   3.2671898e-01  -1.1643413e-01   3.5876293e-03  -2.1630542e-01  -5.1173872e-02  -2.6348221e-01  -1.2995070e-01   2.6699384e-01  -1.0611048e-02  -1.8556190e-01   8.3515687e-02   3.8381341e-02   1.7343449e-01   2.0592155e-01  -2.3210241e-02
   6.4184067e-01  -5.9481270e-01  -3.1671939e-01   2.8514403e-01  -5.9085916e-01   1.3107502e-01  -3.3528634e-01   9.4010589e-02  -5.2100179e-01  -3.5256760e-01   2.6557672e-01  -3.3130261e-01  -2.1020537e-01   0.0000000e+00   5.4722566e-01  -2.3116136e-01  -2.7739660e-01  -1.4255632e-02  -3.1008723e-02  -5.1184592e-01   3.8869071e-01   2.9639521e-01   4.5524199e-01   6.0370470e-01   3.2213498e-02   1.0135081e-01  -4.5019708e-01   7.9343391e-01  -2.6132219e-01   7.5985960e-02   3.9778465e-01   3.8898238e-01  -1.3056024e-01  -2.0195890e-01   3.7355986e-01  -3.1063113e-01  -1.3462812e-01   2.7638852e-01  -1.0041177e-01  -5.1260934e-01  -3.5079982e-01   4.7659906e-03  -4.3192269e-01   6.0718938e-01  -3.7928640e-01  -3.8480265e-02   1.4137758e-01   7.9627954e-02   2.7892478e-01  -6.1296425e-01   2.7984991e-01   4.3128661e-02  -3.0800423e-01   5.8331885e-02   5.2287984e-01   4.5077032e-01   1.3468075e-01   2.4529817e-01  -1.8531268e-01   1.7398316e-01  -3.1334265e-01  -1.4197189e-01  -5.9899766e-01  -4.4650530e-01  -4.2735299e-01  -2.6002854e-01  -1.1352416e-01  -3.2640105e-01   3.4652500e-01   2.5911767e-01  -5.1403990e-01   2.9364942e-01  -4.4133304e-01   7.8028877e-02  -5.7109512e-01   3.3305196e-01   9.5512728e-03   1.8522584e-01  -6.0527978e-01  -3.4079413e-01   7.1036473e-01  -3.1965827e-01  -2.4474936e-01   6.4831169e-03  -1.3985810e-01   3.6606262e-01  -4.6250428e-01   8.0522815e-01  -9.8867662e-02   5.5512918e-01  -5.1170847e-01  -3.4613580e-01  -4.4485960e-01  -3.5736954e-01   2.5125961e-01  -6.1527747e-01  -2.9432778e-01  -6.8875682e-02  -3.1896178e-01  -2.9810204e-01   2.7121959e-01   7.1860583e-02   7.5995987e-01   1.6201757e-01   5.4452544e-01   3.6053121e-01   1.2215254e-01   5.5342692e-03   3.3130847e-01   1.8858828e-01  -1.5170169e-01   5.8687432e-01   4.0423543e-02   3.6004831e-01   6.7593558e-01  -5.7424641e-01   9.6504775e-02  -3.9414231e-01   6.7456514e-01   1.2908148e-01   4.1046931e-01  -6.2482370e-01  -4.2283234e-01  -1.9512496e-01   1.6917197e-01   8.3987146e-01   4.9260536e-01  -3.0084493e-01   1.0509689e-01   5.0998557e-01  -3.8840712e-01  -7.4566469e-02   7.4943963e-02   3.8465078e-01  -3.9515904e-01   1.8950747e-01  -5.3166062e-01   7.4121259e-01   1.3309013e-01   2.6713160e-01   5.0362094e-01  -4.7750976e-02   3.5191049e-01   6.3889091e-01  -4.2470539e-02   5.9544832e-01  -4.5243142e-01  -3.1763778e-01  -1.2427200e-01  -1.8826917e-01   6.6770498e-01   7.5522904e-01   5.5502557e-01  -2.3700827e-01  -4.7799011e-01   3.4244138e-01   3.1033286e-01  -2.6356191e-01  -4.0594746e-01   8.0578948e-01  -4.0218663e-01   1.0945031e-01  -3.9826134e-01   1.4685558e-01   3.6393343e-02  -3.0285381e-01   1.3363797e-02   5.3564704e-01   4.3778742e-01  -4.4899789e-01  -4.9372898e-01   1.6573557e-01  -2.1211806e-02  -1.0828996e-01  -4.5663890e-01  -2.1895595e-01   1.0865353e-01
