   0.0000000e+00  -2.5478487e-01   1.1886220e-01  -1.1656576e-01  -4.8098048e-01   8.4065371e-02  -2.7641540e-02   2.9553340e-02  -3.9361367e-01  -2.5651121e-01  -7.5428039e-02  -3.2763229e-01  -5.7471208e-02   1.7266088e-01   1.9328346e-02  -2.5778323e-01   1.1476288e-01  -3.6925870e-02  -2.8452755e-03  -5.5931260e-01  -1.2382530e-01  -1.6222539e-01   7.6474718e-02   7.2647401e-01  -3.2809073e-01  -1.8971210e-01  -4.7274592e-01   2.1910826e-01   1.8868877e-01  -1.3453052e-01  -1.2029114e-01   4.8959925e-03  -4.0781981e-02  -2.4066894e-01  -1.2466404e-01  -3.2085018e-01  -5.5034608e-02   6.9267199e-01  -2.9737017e-01  -1.5938891e-01  -3.1286086e-03   1.4607931e-01  -1.0829533e-01   9.2668600e-02  -3.8814573e-01   6.7620066e-01  -1.5668136e-01  -1.3061039e-01  -2.3345654e-01  -2.2331882e-01   9.8228529e-02  -1.0954474e-01  -2.1140214e-01   2.1523916e-02  -5.8480352e-02   7.5863968e-02   7.5672320e-02  -9.5120202e-02  -2.5417813e-01   1.4111406e-02   6.5347670e-01  -3.2493038e-01  -3.9092174e-01   1.1692929e-01  -4.8705408e-01  -3.8152162e-01   1.6423434e-02  -3.0969303e-01  -1.9804966e-01   6.3941546e-01  -1.8187506e-01  -1.3243548e-01  -3.1401023e-01   1.9661437e-01   1.2487428e-03  -1.0812622e-01   6.5028688e-01  -1.7044086e-01  -6.0883155e-01  -3.5447071e-01   6.9528783e-02  -2.2543204e-01  -1.6939772e-01  -6.6209246e-02   2.7901326e-01   1.0297016e-01  -3.0676269e-01   5.2359566e-01  -3.9944134e-01   8.6676632e-01  -2.7098182e-01   5.4662699e-01  -5.7589120e-01  -2.2062396e-01   7.1391803e-01  -2.6698706e-01  -3.4647501e-01  -9.8158615e-03  -3.4877203e-01  -1.8785101e-01   5.3593080e-01   1.9495620e-01  -1.3573306e-01   1.1117055e-01   3.2325172e-02  -1.8804124e-01   1.6849733e-01  -2.0005775e-01   6.7484058e-02  -1.6110792e-01  -3.7177077e-01  -5.5750354e-02  -2.4770745e-01   8.8537721e-01   6.0387576e-01  -4.4902772e-01  -1.1964918e-01  -3.8889271e-02   5.5200294e-01  -1.0094688e-01   7.1167858e-01  -5.2183423e-01  -2.9162923e-01  -1.8865805e-01   7.6046674e-01  -3.6414908e-02  -3.6110442e-01  -1.9095860e-01  -2.0367947e-01   2.1864641e-01  -2.7132702e-01  -3.2436581e-01  -1.6246055e-01  -5.6101222e-02  -1.5012360e-01   5.0700082e-02  -2.0359089e-01   2.3924447e-01  -2.9884298e-02   3.9672346e-01   7.4584766e-01   1.9776712e-01   1.2336552e-02   2.1331319e-01   4.2464968e-03  -2.8826892e-01  -2.6660337e-01  -1.8733062e-01   3.7149189e-02  -1.4184829e-03   4.0381382e-01  -1.8150197e-01   4.9246162e-01  -2.4311409e-01  -2.6092599e-01   5.1910414e-01   6.6391875e-01  -1.9883809e-01   3.8197505e-01  -7.9810647e-02  -2.4801175e-01  -2.3497253e-01  -1.5656154e-01  -1.3934441e-01  -1.7875510e-01  -4.6070719e-01   4.1770221e-02   2.3670444e-02   4.2011261e-01  -4.0199558e-01  -4.4029908e-01   6.2820942e-01  -4.6101624e-01   9.4357113e-02  -3.0955687e-01  -8.0785738e-02  -1.4550975e-01
  -2.5478487e-01   0.0000000e+00   1.1635116e-01  -1.7160778e-01   6.3921945e-01  -3.1656405e-01  -5.6140904e-02   9.5239094e-03   4.4051426e-01   2.8106068e-01  -3.0515608e-01   6.7553622e-01  -8.7636345e-02  -7.4104937e-02   9.4152205e-02   5.7750450e-02   3.7361057e-01  -3.0950792e-01  -5.3877578e-02   6.3611439e-01  -2.0939654e-01  -2.6242056e-01  -3.4205840e-01  -2.0039912e-01   4.5760328e-02   3.5824147e-02   3.3068343e-01  -3.2710846e-01  -4.2321075e-01  -2.3052339e-01   1.1772221e-01  -1.5632069e-01  -1.3798972e-01   6.1291665e-03  -9.2653288e-02   2.3331027e-01   1.4013083e-01  -1.9516584e-01   7.3758543e-02   3.3556517e-01  -5.6680809e-02   8.6650985e-02   2.6879143e-01  -1.7657407e-01   4.4145606e-01  -3.1639758e-01  -3.1776958e-01   4.0455154e-01  -1.4318003e-01   5.7571137e-01  -4.4480068e-01  -1.9929756e-01   5.2213946e-01   1.2710250e-01  -1.7384195e-01  -2.9646150e-01  -2.3194438e-01  -1.6880376e-01  -2.5434869e-01  -7.1328510e-02  -2.7685392e-01   7.5175733e-02   5.8572326e-01  -2.4076000e-02   4.4089925e-01   3.9827146e-01  -1.7569229e-01   2.6529630e-01  -4.1289926e-01  -4.5556631e-01   8.2372201e-01  -2.4284342e-01   2.1480893e-01   8.9036522e-02   2.1147989e-01   5.1505538e-02  -2.7236308e-01  -1.4458971e-02   6.7370452e-01  -1.6174249e-01  -2.9582562e-01   9.0794308e-02   3.6994591e-01   9.1593475e-02   3.7454705e-02   1.2494835e-01   6.2984270e-01  -8.1771946e-02   4.4359892e-01  -2.2155221e-01   3.9416334e-01  -3.0217484e-01   4.3448830e-01   5.7679319e-03  -2.1470528e-01   4.6201662e-01  -8.5949546e-02  -9.2447471e-02   1.3880617e-01   1.6619534e-01  -1.4874307e-01  -1.5876078e-01  -4.5020032e-02  -1.5123009e-01  -3.5294943e-01  -1.5133985e-01   1.6371953e-01  -1.7886219e-01  -6.9516861e-02  -1.0410920e-01   4.2430003e-01  -4.2866072e-01  -5.7038915e-02  -1.9766934e-01  -2.7253394e-01   6.5163588e-01  -1.0605258e-01   1.9476029e-01  -2.7786537e-01  -2.2863525e-01  -2.3329209e-01   4.0162410e-01   4.0766570e-01   4.9067580e-01  -2.7375857e-01   2.5039487e-01   2.5424172e-01   1.0060561e-01  -3.2270348e-01  -4.7353620e-02   1.2869815e-01   2.9147661e-01   4.0989269e-01   2.4883703e-03  -3.1937793e-01  -6.3628487e-02  -1.0535822e-01  -2.5666135e-01  -5.5368941e-02  -8.5392706e-02  -2.3262133e-01  -7.4622355e-02  -3.3870537e-01  -2.6296427e-01  -1.8587325e-01   3.8067119e-01   3.5214193e-01   5.2081070e-01  -3.4318830e-01   9.0650660e-02  -3.0830185e-01  -1.6736241e-04  -1.5850283e-01   5.6269230e-01   6.0473554e-01  -1.3028545e-01  -2.0177855e-01  -1.2382836e-01  -2.0277833e-01  -3.4069439e-01   2.1786455e-01  -5.4395234e-02   6.2786355e-01  -3.2356033e-01  -5.5852243e-02   5.3143576e-01  -6.8182651e-03  -4.8333606e-02  -9.7584132e-02   6.6616735e-01   4.0541979e-01  -2.7509597e-01   1.2902228e-01  -3.4081690e-01   3.0007091e-01  -1.5832279e-01  -1.4018802e-01
   1.1886220e-01   1.1635116e-01   0.0000000e+00  -9.5097860e-02   1.5649103e-02   4.8919302e-01   1.4684633e-02   9.1359599e-02  -1.3767599e-01  -8.2841070e-02  -1.4588317e-01   1.7752885e-01   1.4198577e-01   2.0114483e-01   4.7868633e-02  -4.8587138e-02   7.9535766e-01   1.0533588e-01   1.0256758e-01   1.7114661e-01  -3.6954796e-02   3.8423362e-02  -1.5612123e-01  -1.8233169e-01  -9.4334802e-02  -9.0708404e-02   1.5100009e-01  -1.5972916e-01  -9.2711450e-03   2.2832279e-02  -6.1473785e-02   1.6460832e-01  -2.0939658e-01   1.2737164e-01  -2.1106349e-02   1.2068361e-01  -7.3083049e-02   1.3440570e-01  -5.5470368e-02   2.7686526e-01   1.0423229e-01  -8.4465871e-02   3.5046607e-03   1.2375237e-01   5.3174845e-02   2.6836756e-01  -1.6511601e-02   5.1502094e-02  -1.1191579e-01   2.8273245e-01   5.9979706e-02  -4.7439523e-02   3.2049917e-02   1.8548507e-01  -1.8115632e-01  -5.2304322e-03   1.1801616e-01   1.9142973e-02  -1.4706718e-01   2.0046449e-01   3.4800064e-01  -1.1745461e-01  -5.7039735e-02  -4.6742268e-02  -3.2620019e-02  -3.3780607e-02   4.3714405e-01  -1.1198234e-01  -1.3393871e-01   3.8006382e-01   1.2069382e-02  -9.5775339e-02   1.6107601e-01   2.5452828e-01  -2.5473899e-01   7.2431829e-02   3.0773431e-01  -6.7550629e-02  -9.0951255e-02  -1.8604619e-02  -2.8842000e-01   8.9936327e-02  -5.7964661e-02   9.8113666e-02   2.7489785e-01   1.6814501e-01  -2.8512987e-01  -1.1341565e-01   5.1711945e-02   3.6388765e-02  -2.9094703e-02   3.7052136e-01   1.2051162e-01  -1.3370109e-01   1.8907607e-01   1.4176948e-01  -2.8206586e-02   4.6408611e-02   1.1973856e-01  -2.6306489e-01   2.2656101e-01   6.7820757e-02  -3.4968354e-02   1.1228996e-01   2.0944622e-02   7.3605102e-02   2.8190291e-01  -6.6857144e-02  -1.8753143e-02   1.3888658e-01   3.8728600e-02  -4.1003938e-02  -1.6906002e-01   1.0561598e-01   1.0805048e-02  -2.7713627e-01  -1.0339406e-01   2.3698213e-01   1.2991715e-01  -5.5346838e-02   1.0926108e-01  -3.2717032e-02   2.0649646e-01   1.5805035e-02   6.2722888e-02   2.4614379e-01   1.4787162e-01  -1.3066168e-01  -1.3253631e-01   7.1852572e-01   3.9079550e-02  -2.9047787e-02   3.6487794e-01   1.7551654e-02  -3.7526680e-02   1.1511165e-01  -3.4514112e-02  -6.1157468e-02   6.2364016e-02   2.2813954e-01   2.3012176e-02   1.7300628e-01   1.4333681e-02   5.4638672e-01   8.6566467e-02  -7.0818422e-02   1.6462962e-02  -8.9853440e-02   1.3949643e-01  -1.5090090e-01   8.5654541e-02  -5.6253213e-02   1.0507060e-01  -2.2238460e-01   5.9984238e-01   6.4193004e-02   2.3858713e-01  -8.2849369e-02   3.1301107e-01  -2.1671319e-01  -9.1341544e-02  -5.3145477e-02  -7.3141364e-03   1.0300430e-01   1.4203906e-01  -3.5389475e-01  -1.4538237e-01  -8.3035618e-02   2.7122318e-02  -3.0672095e-03  -5.3606614e-02   6.5442781e-02  -1.0453171e-01   3.5554215e-01   2.9978161e-02  -4.5682559e-02   8.1653975e-02
  -1.1656576e-01  -1.7160778e-01  -9.5097860e-02   0.0000000e+00   3.4807320e-02   2.5278645e-01   2.4780212e-01   9.1356750e-02   8.4066901e-02  -7.7611260e-02   1.8913036e-01  -2.0408113e-01  -1.8394604e-01   1.5345668e-01   1.0641203e-01   3.1554664e-01  -1.1720415e-01   4.7318710e-01   5.7935217e-02   7.9850904e-02   3.7743829e-01   4.5380921e-01   2.3177465e-01   2.8906272e-02   3.6814761e-01   2.0125975e-01   1.8844172e-01   3.2738210e-01  -6.2938007e-02   4.3372750e-01   1.7331289e-01   4.5920840e-01   3.0039106e-01  -3.7779082e-02  -5.2358889e-02   2.5629138e-01   7.9069925e-02  -1.3098934e-01   3.7206401e-01  -2.9067000e-02   7.7685989e-02  -2.9955181e-02   6.7768486e-02   1.5433031e-01   8.7879456e-02  -1.2272183e-01   3.2863002e-01   1.3101431e-01   2.8010722e-01  -1.7079071e-01   4.8925522e-01   2.4422919e-01   5.4939617e-03  -8.5450422e-02  -2.3585530e-01   1.6735121e-01   4.9215394e-02   3.5417520e-01   5.6924221e-01   2.2194849e-01   3.5369710e-02   3.1412815e-01   6.4894618e-02   3.5304033e-02   1.6579529e-01   7.7686904e-02   3.6939849e-01   4.5086213e-01   6.1557573e-01  -1.7280812e-01  -2.7917780e-01   5.8840249e-01   2.6247049e-01  -3.1011528e-01   1.6363753e-01   8.1620763e-02  -4.3400026e-02   2.5085808e-01   5.1584175e-02   4.4135507e-01   1.5924853e-01   2.5172118e-01  -5.6114829e-02   2.7469307e-01  -9.7344395e-02  -1.8631877e-02  -3.7186540e-01  -2.8382827e-01   7.5468741e-02  -1.7991848e-01  -2.0558774e-01  -3.4124113e-03  -8.5368113e-02   2.2518711e-01  -7.6161188e-02  -1.4807552e-01   1.7894691e-01   3.4156281e-01   4.9056951e-01   2.6871582e-02  -2.5449722e-01  -6.2566989e-03   4.7949392e-01   2.9016879e-01   3.7161349e-01   6.6607147e-01  -1.4630377e-01   4.4126301e-01   1.4734992e-01   1.0944021e-01  -6.4572272e-02   4.7756315e-01   6.4636017e-01  -1.0285870e-01  -2.9178303e-01  -5.9875188e-02   1.9121877e-01   1.8398083e-02  -4.9835392e-02   6.1771330e-01  -8.3184848e-02  -1.2047932e-01   1.0768002e-01   1.6610292e-02  -1.7146800e-01  -6.4390533e-02   2.4163602e-01   4.0324195e-01   6.8897075e-01  -9.0419935e-02   3.5752420e-01   1.6011023e-01  -1.7975863e-02   1.8455474e-01   5.1816764e-01   3.1612830e-02   3.6643630e-01   1.0730423e-01   3.0994819e-01   3.5762579e-02   9.2955567e-02  -2.5710182e-01   1.6008771e-01   2.0975629e-02   2.7852587e-01   3.4120723e-01  -1.7487290e-01  -1.6636678e-02   2.2645976e-01  -7.5590962e-03  -7.8920579e-02   4.1703523e-01   3.7525258e-02   9.6220671e-03  -2.0118685e-01   1.5319857e-01  -5.8148412e-02   4.6860658e-01   5.4938983e-02   3.6407975e-01   3.6131418e-01   1.3315872e-01  -9.7245974e-02   6.3310015e-01   5.5177984e-01  -6.2418095e-02   3.3509218e-02   1.8652932e-01   2.2863274e-01  -1.7498447e-02  -4.2569509e-02   2.5770226e-02   2.8375744e-01   2.3551566e-01  -2.1915361e-01   3.8532390e-01   5.5373149e-01
  -4.8098048e-01   6.3921945e-01   1.5649103e-02   3.4807320e-02   0.0000000e+00  -1.9984584e-01  -9.3034637e-02  -1.0830906e-01   3.9399303e-01   3.7523034e-01  -9.0728908e-02   5.5705008e-01   7.3303779e-02  -3.6479305e-01  -7.3022713e-02   2.2919028e-01   2.2284058e-01   5.0147678e-03   5.0243880e-02   8.4813233e-01  -4.4501231e-02  -5.0930177e-03  -2.3597243e-01  -3.7287558e-01   2.4279203e-01   1.3002572e-01   4.5478300e-01  -3.6956214e-01  -3.2261932e-01  -1.0719954e-01  -7.5793396e-02  -1.2901678e-02   3.0307918e-02   1.1706427e-01  -7.2569125e-02   5.7411997e-01  -9.9247145e-02  -2.5413003e-01   2.1584692e-01   2.6091518e-01   2.1411581e-01   4.6734985e-02   1.1422092e-01  -1.6303484e-01   5.2157033e-01  -3.7466533e-01   9.9938412e-02   1.1671271e-01   1.2020917e-02   4.4160134e-01  -1.7430893e-01  -1.2363411e-01   3.8872096e-01   9.3047434e-02  -1.9375473e-01  -2.8948722e-01  -7.0011116e-02  -3.4205178e-02   1.1064426e-01  -5.2589336e-02  -2.8426741e-01   2.4645207e-01   4.7125694e-01  -2.5763412e-01   4.8986442e-01   4.7050925e-01  -8.4846683e-02   3.3495401e-01  -1.4391661e-02  -6.1344777e-01   4.2720264e-01   3.0417380e-03   4.5581027e-01  -2.0902309e-01   1.0568813e-01  -1.6123619e-02  -2.8992569e-01   9.9116452e-03   8.2147646e-01   1.1687407e-01  -3.2122592e-01   1.8699799e-01   2.7725155e-01   1.2790712e-01  -3.3857858e-01  -1.1265437e-01   3.5519131e-01  -2.8372416e-01   3.4630219e-01  -3.8976384e-01   4.2022226e-01  -3.0112429e-01   6.9632751e-01   6.0105186e-02  -3.5777676e-01   5.8463088e-01   2.6741510e-01  -4.9793183e-02   4.5605153e-01   2.7831573e-01  -4.6828466e-01  -2.5770514e-01  -4.7212463e-03  -2.6458551e-01  -2.0162607e-01   6.9922424e-02   7.7227863e-02   2.4114492e-02  -2.6749988e-01   2.2056192e-01   3.9707616e-01  -2.4614745e-01   9.6501800e-02  -4.1884327e-01  -5.3002332e-01   5.6051363e-01  -1.7584260e-01   3.5483386e-01  -4.5403033e-01  -3.8109877e-02  -2.6584101e-01   5.3085305e-01   2.4212668e-01   1.9893615e-01  -3.9191172e-01   2.8116705e-02   3.5328094e-01   1.3352565e-01   6.5209508e-02  -2.5791267e-01   4.2589328e-01   3.3491835e-01   1.0441614e-01  -7.6619842e-02  -1.6405446e-01  -1.8443119e-01   8.8737713e-02  -5.0366068e-01  -7.1519850e-02  -1.2443674e-01  -3.8434849e-01  -2.2163000e-01  -2.2382057e-01  -3.9458115e-01  -2.9944014e-01   3.3762206e-01   1.6209600e-01   6.4489339e-01  -2.9739405e-02  -3.0538364e-02  -5.6360421e-01   1.3215918e-03  -1.5885834e-01   5.5109008e-01   2.7866622e-01  -1.2958284e-01  -2.7210249e-01   2.6195837e-01  -2.1817186e-01  -2.2398365e-01   3.5386359e-01   1.8969139e-01   3.9572178e-01  -3.4608871e-02   1.8330222e-01   5.0154043e-01   2.2480351e-02  -8.6094000e-02  -1.5872275e-01   7.7299697e-01   4.6772292e-01  -2.7632763e-01   3.9400952e-01  -2.9777275e-01   4.5086028e-01  -2.4417672e-02   1.0180480e-01
   8.4065371e-02  -3.1656405e-01   4.8919302e-01   2.5278645e-01  -1.9984584e-01   0.0000000e+00   1.6539419e-01   3.0760729e-01  -2.8225785e-01  -2.4498716e-01   1.1936876e-01  -2.4088890e-01  -7.9208052e-03   1.5572012e-01  -5.0753459e-02   1.2632696e-01   3.2951849e-01   3.1376530e-01   4.1305641e-01  -1.3220508e-01   5.1827523e-02   2.5523368e-01  -5.2697382e-02  -6.9757840e-02  -3.2775851e-02   1.7335591e-01   2.0568263e-01   2.4425964e-01  -4.5494111e-03   3.1519386e-01  -1.1781366e-01   3.3857978e-01   4.7959833e-02  -2.7458728e-02   1.9794384e-01   4.2047520e-02  -1.8504797e-01  -4.4450717e-02   6.1592208e-02   1.3460860e-01   1.2896277e-01  -9.9756018e-02  -4.0229823e-02   2.5596677e-01  -1.9867287e-01   2.4020370e-01   2.4008337e-01   7.8208390e-03  -2.7863314e-03  -1.5822926e-01   3.6866923e-01   3.7955074e-01  -2.2207529e-01   6.0097874e-02  -2.3614028e-01   1.0426597e-01   4.8773804e-01   3.1277478e-01   2.0927848e-01   3.5719461e-01   2.6790866e-01  -1.3178512e-01  -3.1375987e-01   4.2461064e-02  -1.6118605e-01  -2.8334697e-01   8.0263193e-01  -1.5906994e-01   3.0879517e-01   4.5474747e-01  -3.5038201e-01   2.5090480e-01   9.6621971e-02   7.9204072e-02  -1.5481219e-01   8.4748242e-02   1.8502324e-01   6.1241982e-02  -2.4014027e-01   2.5235731e-01   3.0867820e-02   1.4931774e-01  -3.4504781e-01   2.4750917e-01   1.6649834e-01   2.2886006e-01  -4.8236278e-01  -1.4268026e-01  -8.6659643e-02  -3.9856378e-02  -2.3142175e-01   2.1649896e-01  -1.0592552e-01   6.0653473e-02   5.0217666e-02  -6.2322598e-02   1.0202906e-01   5.4121532e-01   4.2313353e-02  -2.5636851e-01   1.0734321e-01   1.7660677e-01   1.1983536e-01   1.9947721e-01   3.6440894e-01   3.9254339e-01   5.9391400e-03   4.4525946e-01  -7.1688929e-02   2.3382020e-01  -3.1039522e-01   4.6016453e-01   5.1875148e-04  -8.1995864e-03  -7.3572362e-02  -3.9152837e-01   2.2328286e-01   5.1720069e-02   3.7277809e-01   2.8366500e-01   2.6558265e-02  -2.2594935e-01   1.9624164e-02  -2.2051236e-01  -1.5691964e-02   1.1523704e-01   1.2925054e-02   6.5066689e-02   2.9164139e-01   5.1478008e-01   1.4078829e-02  -2.1235611e-01   5.8940759e-02  -1.2065890e-01   2.7536043e-01   2.4199017e-01   2.3596545e-01   8.5296172e-02   3.7448881e-01   1.8011713e-01   7.1329504e-02   1.3698963e-02   3.0652162e-01   5.6174109e-01   1.5206346e-01  -5.3944521e-02  -2.1217486e-01  -2.3911738e-01   3.0884293e-01  -2.1823618e-01   9.2404523e-02   8.7730342e-02   5.0875025e-02  -3.3077866e-01   1.2842252e-01   1.3000301e-01   1.2490917e-01   1.5891912e-01   1.1013318e-01   2.1184279e-01  -1.1593924e-01   1.1010746e-01  -3.3774066e-01   4.0993268e-01   4.1362238e-01  -5.3308109e-01  -1.0352164e-01   1.1017492e-01   1.6773561e-01  -2.2522202e-01  -2.9319793e-01   1.0679694e-01   3.3602042e-02   7.1718343e-01  -1.6426269e-01   2.0112327e-02   3.4898680e-01
  -2.7641540e-02  -5.6140904e-02   1.4684633e-02   2.4780212e-01  -9.3034637e-02   1.6539419e-01   0.0000000e+00   9.0320925e-02   6.2614289e-02   3.8959159e-01   2.6530142e-01   7.1252469e-02  -7.2196312e-02  -1.0736128e-02   3.7716604e-01   1.7602832e-01  -8.1921364e-02   2.2519052e-01  -2.3243691e-01   6.0544338e-02   1.2562240e-01  -5.4667551e-02   4.4697986e-01  -3.8701155e-02  -3.0989947e-02   9.8787311e-03   1.1452666e-01   2.5801653e-01  -2.1555494e-01   4.2393369e-02   1.7262053e-01   9.0892110e-02   1.9447787e-01   5.7330283e-01  -6.0221450e-02   3.5519875e-01   2.0674407e-01  -8.6454561e-02   1.8632591e-01   1.9446420e-01  -1.0524429e-02   7.6193043e-02   2.3326955e-02  -5.6636416e-02   1.9753776e-01   1.0418667e-03   1.6587186e-01   4.6041340e-01  -7.0851123e-02  -1.9482155e-01   2.7871517e-01   1.0180043e-01   2.8566365e-01  -1.9115100e-01  -1.7286679e-01   1.9863790e-01  -2.1557940e-01  -1.1083031e-01   1.8048862e-01   7.0383605e-02   3.2801069e-02   9.3815805e-02  -2.1238070e-01   2.3806464e-01  -8.7443079e-02   4.4197041e-01   7.7058367e-02   7.9555883e-02   1.4490281e-02   6.7776916e-02   1.6155178e-02   2.2056701e-01   5.1423463e-02  -2.1406450e-01  -4.0843652e-03  -8.3510969e-03  -8.6343504e-02   6.0012949e-02  -1.6977971e-01   2.1990198e-02   3.1616394e-01   3.9983397e-02   1.5866250e-01  -1.3054086e-02   7.8558917e-03   9.9241900e-02  -2.1733824e-01  -1.6233395e-01  -1.2110854e-01  -6.4546388e-02  -2.3280568e-01   6.9586809e-03  -1.9274892e-03   5.5441884e-04  -2.9037237e-02  -2.0883374e-01  -2.3878341e-02   5.1788441e-02   1.8515170e-01   4.0985277e-01  -2.4049635e-02   3.1523373e-01   1.0457921e-01   1.8897764e-01   3.0101714e-02   1.3626625e-01  -1.9184970e-01  -1.3015280e-01   1.7341286e-01   1.2886181e-01   2.5465778e-01  -3.0104711e-02   1.7092346e-01   6.1975302e-02   1.0246492e-01  -1.0561150e-01   7.8840637e-02   5.3026699e-02   1.0702547e-01   1.5618970e-01  -3.8134113e-02  -1.5951176e-01  -4.1379272e-03   3.0713020e-02  -2.7255884e-02  -2.1510398e-01   1.0586592e-01   7.8460905e-02  -3.1581571e-02   2.0496840e-01   2.3153464e-01   5.4346619e-01  -2.9507697e-01   3.8560421e-01   1.5288552e-01  -3.9238556e-02   1.2186716e-01   3.0030120e-01   1.9359452e-01  -8.4908737e-02   1.1010107e-01  -2.4051867e-01  -7.2545801e-02   1.3640452e-01   3.0161866e-01   1.0661585e-01   3.6293943e-01   1.2234006e-01   3.9649381e-01   1.7540727e-01   6.3097387e-02   2.4281457e-01  -3.3467081e-02   1.9082174e-01   1.2520930e-01  -1.5897016e-02  -3.7758251e-04   1.1673336e-01  -3.5758898e-02   2.0845289e-01   1.4608367e-01  -1.1643911e-01   2.3201046e-01   2.3272279e-01   8.8604137e-02   1.2687243e-01   4.2640339e-01   1.3856885e-01   3.6903243e-02  -6.3136643e-02   1.7599778e-01  -1.1930234e-02   3.0328930e-01  -4.5078974e-02  -3.5110827e-01   2.8955516e-02  -8.3973114e-02
   2.9553340e-02   9.5239094e-03   9.1359599e-02   9.1356750e-02  -1.0830906e-01   3.0760729e-01   9.0320925e-02   0.0000000e+00   7.1837348e-02  -2.3966323e-01   3.6171095e-01  -1.8291150e-01  -3.3117841e-01   5.2150794e-02   2.7912341e-01   4.2016897e-01   1.3411985e-01   2.3402900e-01   1.0305357e-01  -7.5746338e-02   3.0224208e-01   9.8991949e-02   9.2259476e-02  -7.7137744e-02  -8.6172748e-02   3.8845851e-01   1.6087579e-01   2.3287272e-01  -1.5218162e-01   1.6533085e-01   3.9838812e-01   3.9140637e-01   7.8268111e-02   4.7407479e-02   1.0610798e-01   8.2860407e-02   1.6304535e-01  -3.3512534e-02   2.6358959e-01   1.5043749e-02  -1.6406070e-01  -1.3486561e-01  -7.3926949e-02   5.7824278e-01  -1.8181222e-01   7.8723620e-02   2.3793860e-01   1.4099250e-01   1.5729791e-01  -9.2673752e-02   2.5965087e-01   6.5187297e-01   1.6109976e-01  -3.3333566e-01  -4.2246266e-02   3.3277510e-01   2.0606721e-01   2.9670203e-01   3.5038556e-01   2.3004762e-01   1.1760177e-01  -5.3339412e-02  -4.4751853e-02   4.8384860e-01   6.6787286e-03  -9.4865182e-02   1.8913706e-01  -1.0495319e-01   1.5382510e-01   5.2107144e-02  -1.3884968e-04   2.4613204e-02   5.8549536e-02  -1.5369605e-01  -1.9741357e-01   5.6806769e-01   1.1142296e-01   3.5438992e-01   1.4379438e-02   3.8874710e-01   2.5111742e-01   4.1255012e-01   9.4011714e-02   5.3848527e-01  -6.4484586e-03   6.3921262e-01  -1.1086697e-01  -1.1149829e-01   1.2208623e-01  -8.1966729e-02  -4.8305022e-02   1.2668138e-01  -2.1990385e-01   4.0048608e-02   1.0923161e-01  -1.1822737e-01   8.2359529e-02   3.2366270e-01  -1.5102470e-01  -8.1966189e-02   1.9495666e-01   4.4617184e-01   3.9788288e-01   4.1469003e-01   3.6817883e-01   3.9632806e-01  -1.7553841e-01   4.2625495e-01   9.6834303e-02  -2.1036626e-02  -9.7872757e-02   1.2941800e-01  -6.1024460e-02   6.7257676e-03   1.0163926e-01  -5.7584201e-02   3.6660970e-01  -5.4229004e-03   4.3222913e-01  -7.5590483e-02   1.2054965e-01  -1.2644845e-01   7.9182601e-02   1.9646107e-01  -6.5344173e-03  -4.0913312e-02   9.2509226e-02  -3.0980818e-03   1.7527154e-01   1.9532725e-01   1.2154207e-01   9.6485637e-02   5.9427730e-02   1.7334658e-01  -1.2462186e-02   7.3075295e-01   3.2558868e-01   3.4050953e-01   6.7843303e-01   5.2331971e-02   1.8221757e-02  -4.3472163e-01   3.7400373e-01   2.8809480e-01   2.8383276e-01   3.6182363e-01  -1.0895397e-01  -6.3951067e-02   8.7082980e-02   1.5007112e-01  -4.6881043e-02   4.4853091e-01   1.1825802e-01   9.9307405e-02   5.5904645e-02   5.3313980e-03   1.0262799e-01   3.2986641e-01   7.0818568e-02   4.0327074e-01  -1.4403695e-01   4.3594824e-01  -5.6144305e-03   1.9670178e-01  -3.4267380e-02  -1.5815520e-01   1.7020301e-01   2.4949164e-01   1.9702763e-01   5.8404813e-02  -2.6435934e-01   1.5744600e-01  -2.1766824e-02   9.3458501e-02  -1.4159395e-01   6.0398527e-02   7.5667282e-02
  -3.9361367e-01   4.4051426e-01  -1.3767599e-01   8.4066901e-02   3.9399303e-01  -2.8225785e-01   6.2614289e-02   7.1837348e-02   0.0000000e+00   1.3994043e-01   7.6694060e-02   1.9052677e-01  -2.2787090e-01   6.1610946e-02   3.8449030e-01   2.4807212e-01  -3.1220127e-02   1.4107003e-01  -3.7748219e-02   4.3286848e-01   9.8373021e-02   5.4971072e-02  -2.7568733e-02  -3.2423757e-01   3.1086236e-01   2.4747322e-02   2.5860599e-01  -6.5292797e-02  -1.0360400e-01   1.8567522e-01   3.9991004e-01   7.7128151e-02  -1.2527923e-01   4.0044024e-02   3.4018787e-01   3.4047781e-01   2.8190900e-01  -3.3454332e-01   2.8428547e-01   8.5341123e-02  -1.4722464e-01  -1.4606056e-01   4.4770215e-01  -1.7539986e-02   5.3211700e-01  -3.7994984e-01   6.5004262e-02   3.3948850e-01   1.5085256e-01   1.1535304e-01   7.1519967e-02  -7.0976722e-02   2.4914131e-01  -5.4663631e-02  -8.0508923e-02  -1.1779788e-01  -1.6996404e-01   2.0713586e-02   1.5197347e-01   2.0984009e-01  -3.6077215e-01   3.3078268e-01   4.9796483e-01   2.5593960e-01   7.4481055e-01   5.0463317e-01  -1.2181118e-01   5.4034767e-01   6.0952431e-02  -4.4507403e-01   2.5348091e-01   1.8362073e-01   3.5095495e-01  -2.5194127e-01   6.3450130e-03   2.2654333e-01  -3.2340727e-01   2.1666138e-01   4.0480454e-01   2.7100916e-01  -5.2754268e-03   3.9588945e-01   1.0740008e-01   2.6135008e-01  -2.1603073e-01   8.2905418e-02   3.5095128e-01  -2.2814394e-01   6.0653948e-01  -3.9765319e-01   2.3164567e-02  -3.6033519e-01   1.5027899e-01   4.0383993e-01  -3.6154943e-01   2.6686713e-02   2.3975371e-01  -1.3181832e-01   3.0797186e-01   9.7013722e-02  -3.3328253e-01  -2.6569960e-02   3.1789460e-01   3.3675539e-01   1.0942787e-01   2.0018738e-01  -6.6166140e-02   1.3064443e-01   1.3319942e-01   1.0438771e-02   1.0466083e-01  -5.8497042e-02   3.3653923e-01  -3.0651827e-01  -3.5446528e-01   4.0092182e-01   1.8417873e-01   2.1782957e-02  -2.6669941e-01   1.2615350e-01  -2.8598604e-01   1.4521944e-01   5.5554365e-01   3.3258586e-01  -3.0816818e-01  -4.3728325e-03   3.7323743e-01   9.0874594e-02   1.1229591e-01  -2.0397686e-01   2.3879646e-01   4.3572018e-01   3.0086363e-01   1.9915955e-01   1.5654000e-01   9.3390214e-02   1.4472856e-01   1.1399240e-02   2.5205264e-01  -9.7422001e-02  -2.7182670e-01  -2.2700625e-01   6.2258087e-04  -3.1308321e-01   1.8840048e-01   5.8593400e-01   1.2432297e-01   3.0295095e-01   4.6181482e-02   2.4320261e-01  -3.4545324e-01   3.4965456e-01  -1.0399866e-01   4.4678664e-01   1.5745626e-01  -2.6306622e-01  -3.2764710e-01   1.9001440e-01  -2.0564847e-01   7.9998642e-02   4.5367080e-01   2.1421562e-01   4.0511145e-01   1.2767178e-01   8.4225753e-02   4.4296404e-01   6.6819858e-02   2.4004589e-01  -4.6977359e-03   2.5727487e-01   2.3285922e-01  -3.5360954e-01   4.7108804e-01  -3.0297098e-01   1.5439413e-01  -6.6417733e-02   1.4193356e-01
  -2.5651121e-01   2.8106068e-01  -8.2841070e-02  -7.7611260e-02   3.7523034e-01  -2.4498716e-01   3.8959159e-01  -2.3966323e-01   1.3994043e-01   0.0000000e+00  -1.0712487e-01   5.0330287e-01   1.8391250e-01  -4.2554376e-01  -1.2281694e-01   6.6305694e-02   4.1233333e-03  -2.2312365e-01  -2.5121277e-01   5.2890347e-01  -2.0481953e-01  -1.0773350e-02   9.2742602e-02  -1.9653750e-01   1.2011153e-01   6.6739450e-02   2.1865125e-01  -1.1684398e-01  -4.1812044e-02  -1.8950107e-01  -1.5150144e-01  -1.7753426e-01   1.0867189e-01   6.0537481e-01  -1.8390525e-01   2.8062206e-01  -5.5900876e-02  -2.4127161e-01   1.0418123e-01   3.4938266e-01   1.3723808e-01   3.0662178e-01  -1.5599507e-02  -3.8201655e-01   2.7970849e-01  -3.7652217e-01  -7.3178679e-02   1.0971459e-02  -2.4055930e-02   4.0143272e-01  -2.3449501e-01  -1.6838311e-01   3.4679825e-01   7.0229457e-02   5.9328508e-03  -1.4321516e-01  -2.5319433e-01  -1.6816672e-01  -7.4262374e-02  -1.1322384e-01  -3.5392510e-01   1.9761190e-01   2.6047020e-01  -1.6727476e-01   1.0088574e-01   6.0095473e-01  -2.7847005e-01   1.2783318e-01  -9.4379912e-02  -2.8508245e-01   3.3290213e-01  -1.7178999e-01   1.3218768e-01  -8.6490252e-04   2.2202272e-01  -2.4969964e-01  -4.3159765e-01  -4.6300570e-02   2.6416145e-01  -1.5151862e-01  -1.2083802e-01  -1.1866343e-01   1.9189724e-01  -1.5047933e-01  -2.5610589e-01  -1.8631332e-01   3.2044938e-01  -1.6240523e-01   7.8964195e-03  -2.5408663e-01   3.0463423e-01  -3.5951687e-01   4.9921071e-01   1.6017125e-01  -3.5894421e-01   4.6300944e-01   9.7776998e-02  -2.1220657e-01   1.6691827e-01   6.8537060e-01  -2.9342599e-01  -1.4517206e-01  -2.7119739e-01  -2.1471127e-01  -3.9735407e-01  -1.3710658e-01   4.1271413e-02  -2.4062061e-01  -1.6081321e-01   7.3519169e-02   5.7285238e-01  -2.7202924e-01  -3.6567043e-02  -2.2134837e-01  -9.3979830e-02   1.1608630e-01  -1.5909481e-01   2.6958449e-01  -3.8165198e-01   3.6346185e-02  -2.2779859e-01   4.9708912e-01  -8.7827659e-03   3.0018535e-02  -2.8890765e-01  -9.0099392e-02   1.6922917e-01   1.5856640e-01  -1.7144404e-01  -5.7217504e-02   2.3062421e-01   4.1748691e-01  -1.7789442e-01   9.1076925e-02  -1.3464493e-01  -3.1655700e-01   2.6942074e-04  -2.8938306e-01  -2.0679544e-01  -3.0659482e-01  -2.4518098e-01   2.4834498e-02  -3.7315401e-01  -1.5892540e-01  -2.1383798e-01   2.8272104e-02   6.1653866e-01   1.6236522e-01   4.7719077e-02   1.6663316e-01  -2.5288764e-01  -9.8452286e-02  -3.4921704e-01   2.5598690e-01   2.8766500e-01  -2.6816850e-01  -2.6230364e-01   3.2407944e-02  -2.8807203e-01  -2.1091011e-01   1.8394226e-01  -3.8909630e-02   2.1171502e-01  -1.8918938e-01   1.4857655e-01   3.9542387e-01  -6.8378217e-03  -1.6810773e-01  -3.4505589e-01   3.3827057e-01   3.8195771e-01  -2.8072485e-01   1.0692665e-01  -1.9151776e-01   3.7113039e-03  -3.3777257e-02  -3.7649169e-02
  -7.5428039e-02  -3.0515608e-01  -1.4588317e-01   1.8913036e-01  -9.0728908e-02   1.1936876e-01   2.6530142e-01   3.6171095e-01   7.6694060e-02  -1.0712487e-01   0.0000000e+00  -4.9078356e-01  -4.1097454e-01   7.0467211e-02   2.9652500e-01   3.4326535e-01  -1.2007590e-01   6.1450312e-01  -9.5383184e-02  -1.0837884e-01   5.7275420e-01   2.5832582e-01   4.8397214e-01  -1.4225629e-01   6.0260390e-02  -3.5050657e-02   1.2919075e-02   1.6528609e-01  -7.4168582e-02   3.7779035e-01   3.3732232e-01   3.8391090e-01   2.1785573e-01   1.0456627e-01   1.1042046e-01   4.4340458e-01   5.8816716e-02   7.3082319e-02   3.1376148e-01  -1.6901806e-01  -5.2969949e-02  -9.6182652e-02  -2.5754588e-02   4.7064887e-01  -1.2278821e-01   1.8679840e-01   7.7104721e-01   1.8696937e-01   1.2210429e-01  -5.1758020e-01   6.9034681e-01   3.0924412e-01   1.4624018e-01  -5.1914475e-01  -1.6049410e-01   4.6338367e-01  -1.6357304e-02   3.0216062e-01   5.8406007e-01   2.0485371e-01   1.5841954e-01   8.4852340e-02  -2.5615169e-01   5.0447945e-01  -4.9790988e-02   7.6134642e-02   1.6088250e-01  -5.1030095e-02   5.0618358e-01   1.0808417e-02  -2.9874314e-01   4.6668230e-01   2.0451598e-01  -5.7716635e-01  -1.2819010e-01   5.1380748e-01   1.4074948e-01   3.8490223e-01  -1.5459718e-01   3.2389116e-01   2.2618657e-01   3.3579030e-01   1.9086969e-01   4.4936837e-02  -2.1717340e-01   4.3486564e-01  -2.6327462e-01  -2.5985390e-01  -5.5851997e-02  -5.9244516e-02  -2.1238800e-01   1.3132112e-02  -1.7713803e-01   2.7531356e-02   1.3212502e-01  -3.2867765e-01   1.7532881e-01   1.6100711e-01   9.0512438e-02   7.8019546e-02   1.8833298e-03   3.6213924e-01   4.4776524e-01   3.1278386e-01   5.4704051e-01   3.7605406e-01  -2.5386958e-01   2.5383090e-01   1.0772106e-01   4.3105134e-01  -1.2212552e-01   3.6612837e-01   2.3349976e-01   7.3984881e-02  -1.2305019e-01  -8.8333106e-02   3.6536013e-01   1.6588935e-02   3.1352562e-01   1.7202079e-01   4.5108675e-02  -3.6587788e-01  -1.4782733e-01   4.8863942e-02   7.3276750e-02  -4.2781538e-01   7.4111861e-02  -9.5731329e-02   2.7358211e-01   9.6844965e-02   3.0708224e-01   3.4341775e-01  -2.6908647e-01   3.6189862e-01   3.1565116e-01   4.5056284e-01   2.7343912e-01   2.7481566e-01   5.5372329e-01  -9.9427907e-02   1.0404435e-01  -6.0487571e-01   6.4200988e-01   1.3295512e-01   3.9168797e-01   3.6365668e-01  -2.7613923e-01   1.4315207e-01   5.9089350e-01   1.6332782e-01  -1.4649872e-01   2.7431777e-01   1.5050005e-01   2.3545858e-01  -3.1325372e-01   6.8065535e-02   1.1920491e-01   5.2112929e-01   2.4061887e-02   4.4314157e-01  -6.9632081e-03   5.7211910e-01   7.0395742e-02   5.5269256e-01   1.8265707e-02  -1.0823502e-01   4.6745887e-01   2.5014697e-01   2.3368504e-01   2.6228769e-03  -1.9758635e-01   9.8848795e-02   3.3393704e-01   8.5081828e-02  -2.3251386e-01   7.5727003e-03   1.2070487e-01
  -3.2763229e-01   6.7553622e-01   1.7752885e-01  -2.0408113e-01   5.5705008e-01  -2.4088890e-01   7.1252469e-02  -1.8291150e-01   1.9052677e-01   5.0330287e-01  -4.9078356e-01   0.0000000e+00   1.5974245e-01  -3.1737179e-01  -1.4137861e-01  -9.5235453e-02   2.4259266e-01  -3.3667491e-01  -5.5400252e-02   6.1827864e-01  -4.3483740e-01  -1.3845343e-01  -4.1237250e-01  -2.7109744e-01   5.4616335e-02   1.1351893e-01   3.9086402e-01  -3.3150823e-01  -2.0957625e-01  -2.8769083e-01  -3.0328434e-01  -2.8332516e-01  -2.3988566e-01   2.5004968e-01  -3.9418307e-02   1.5977893e-01  -3.8493366e-03  -1.7505877e-01  -7.9198984e-02   4.0229319e-01   7.0137875e-02   8.9249986e-02   2.1906740e-01  -4.6953308e-01   5.2484778e-01  -3.1358919e-01  -4.0449454e-01   1.1006307e-01  -1.7328123e-01   5.5145773e-01  -4.8842395e-01  -1.9809729e-01   3.1450430e-01   2.2680962e-01  -9.0416413e-02  -3.3369723e-01  -9.3746982e-02  -1.4571310e-01  -3.1768305e-01  -5.3220328e-02  -3.6024783e-01   1.1637837e-01   4.1623281e-01  -4.2765411e-01   2.3899178e-01   4.4581762e-01  -2.9051676e-01   2.1079051e-01  -4.1750664e-01  -3.5528365e-01   6.9797351e-01  -3.2879562e-01   1.0836492e-01   1.2754953e-01  -6.9384747e-03  -1.8281068e-01  -3.2845047e-01  -6.8961264e-02   5.4831879e-01  -2.3073103e-01  -4.2368201e-01  -9.8019866e-02   9.4873906e-02  -5.5699688e-02  -1.7378401e-01  -1.4207355e-01   5.0580951e-01  -1.4789630e-01   3.1138740e-01  -2.4775425e-01   3.7643521e-01  -3.8308713e-01   6.8938760e-01   9.5486780e-02  -2.5383049e-01   5.4544405e-01   1.8236510e-02  -1.8630996e-01   1.2872989e-01   3.2319828e-01  -3.2300137e-01  -1.4947761e-01  -3.8483227e-01  -2.7353104e-01  -4.2678047e-01  -1.7922717e-01   3.3265127e-02  -2.3055372e-01  -2.4791711e-01  -7.1229088e-02   5.1709341e-01  -4.9037744e-01  -1.5353511e-01  -3.0707862e-01  -2.0518797e-01   3.8364223e-01  -1.8831135e-01   1.7538090e-01  -5.3809373e-01  -2.1823946e-01  -2.8565423e-01   5.7107022e-01   2.6733320e-01   1.5825292e-01  -2.5743570e-01   2.4392655e-01   1.6196863e-01  -1.8410509e-02  -2.1382400e-01  -4.6530187e-02   9.2082258e-03   1.3459801e-01   1.5790655e-01  -2.1114381e-01  -2.4245071e-01  -3.3448616e-01  -1.8877570e-01  -5.1063758e-01  -3.4582703e-01  -4.2540661e-02  -3.8725510e-01   1.6469046e-01  -4.5043189e-01  -2.2071231e-01  -3.6857061e-01   6.1927376e-03   6.2440376e-01   3.2649557e-01  -2.0377186e-01  -1.1414562e-01  -3.1889428e-01  -2.6747042e-01  -2.6625035e-01   2.3890273e-01   5.5325325e-01  -1.3792128e-01  -2.4323422e-01  -1.7548881e-01  -3.5642867e-01  -5.3993955e-01   1.8557897e-01  -2.0010190e-01   3.1265655e-01  -3.7917205e-01   7.9311853e-02   5.0826685e-01  -2.8292384e-02  -3.6483785e-01  -2.9024949e-01   4.4296268e-01   6.9673772e-01  -2.4183163e-01   6.0186922e-02  -2.8541971e-01   2.9609413e-01  -2.2281999e-01  -1.8022529e-02
  -5.7471208e-02  -8.7636345e-02   1.4198577e-01  -1.8394604e-01   7.3303779e-02  -7.9208052e-03  -7.2196312e-02  -3.3117841e-01  -2.2787090e-01   1.8391250e-01  -4.1097454e-01   1.5974245e-01   0.0000000e+00  -1.6305859e-01  -1.9693254e-01  -4.2879975e-02  -1.7158372e-02  -2.2797095e-01  -6.3922079e-02   3.4063725e-02  -2.3010345e-01  -4.1220890e-02  -1.1008108e-01  -4.2802158e-02  -1.3560005e-01  -4.4371399e-02  -3.0221154e-02  -1.0603805e-01   1.8104042e-01  -2.4776750e-01  -2.9372494e-01  -3.9213395e-01  -8.6741197e-02   5.3180872e-02  -3.6302156e-02  -1.4005796e-01  -1.9749882e-01  -1.5163472e-01   4.3247624e-02   4.6220202e-02   5.6656742e-01   1.3982558e-01  -9.7417138e-02  -4.0358318e-01   6.8949148e-02  -1.7934268e-01  -2.5517375e-01  -3.9345166e-01   4.3053278e-02   2.1281411e-01  -3.5128791e-01  -3.5762607e-01  -2.4614232e-01   3.3833637e-01   2.2236644e-01  -3.7830715e-01  -1.9151500e-01  -2.7029381e-01  -3.4077739e-01  -1.7787559e-01  -1.1914790e-01   5.9506175e-02   6.7736074e-02  -4.8890728e-01  -6.2852591e-02  -1.0185498e-01  -5.8288461e-02  -1.5781628e-01  -2.5029113e-01  -7.0998577e-02  -8.9209762e-02  -3.0145136e-01  -1.5439109e-03   3.1498533e-01  -4.6509864e-02  -3.7009565e-01  -1.2328304e-01  -4.0902154e-01  -1.1397704e-01  -8.4609088e-02  -7.0539777e-02  -2.0293054e-01  -1.4596050e-01  -3.6708062e-01   4.9323758e-02  -3.8180607e-01  -9.6332926e-02   1.9632538e-01  -2.2192805e-01  -1.3531086e-01   1.0124502e-01  -3.4776249e-02   6.3217591e-02  -4.2525364e-02  -1.8982748e-01   2.6868941e-01   2.2443170e-01  -2.1526532e-01   2.3904210e-01   2.3417115e-02  -1.1512219e-01  -3.4762145e-01  -3.7015851e-01  -3.3807022e-01  -3.6651161e-01  -3.0584173e-01   2.1462121e-01  -1.7626417e-01  -2.3465138e-01  -9.1962617e-02   1.4602511e-01  -2.9035079e-01  -9.2835747e-02  -2.1511103e-01   4.7166814e-02  -1.7655199e-01  -3.0711265e-01   3.4808802e-01  -3.1362078e-01  -1.3936697e-02  -2.4487812e-01   1.5929247e-01  -2.3481206e-01  -2.1915377e-01  -2.0031266e-01   3.2361839e-01  -8.5557719e-02   7.6614312e-02  -1.4540395e-01  -5.2440815e-02   6.8339519e-02  -2.5123993e-01   3.0481469e-02  -1.8625329e-01  -1.4303422e-01  -4.1110550e-01  -2.2647986e-01  -2.6422178e-01  -4.0731855e-01   9.3122836e-02  -9.3466076e-02   5.8431137e-01  -2.6107796e-01  -1.7895405e-03  -1.9091774e-01  -3.1082844e-01   1.2349788e-01  -1.5035153e-01  -2.8705546e-01  -1.7479570e-01   8.3807464e-02  -1.9171731e-01  -3.0808078e-01  -1.7876059e-01   1.3504225e-01  -1.7910883e-01  -2.5559281e-01  -2.7004973e-01  -7.6286913e-02  -2.6907977e-01  -8.8632865e-02  -7.3590017e-02  -2.2754342e-01  -3.2194952e-01  -2.8447349e-02  -1.2491979e-01  -1.0986854e-01  -3.0263479e-01  -4.5025543e-01  -1.1671520e-01  -5.7759007e-02  -2.1364722e-01  -7.0799843e-02  -1.9227742e-02   2.0379968e-01  -2.2977991e-01  -8.9382889e-02
   1.7266088e-01  -7.4104937e-02   2.0114483e-01   1.5345668e-01  -3.6479305e-01   1.5572012e-01  -1.0736128e-02   5.2150794e-02   6.1610946e-02  -4.2554376e-01   7.0467211e-02  -3.1737179e-01  -1.6305859e-01   0.0000000e+00   1.4985088e-01  -3.9227045e-02   6.1561861e-02   8.8003620e-02  -5.3265319e-02  -3.6189662e-01   1.9307861e-01   1.3551950e-01   7.0692349e-02   4.0453018e-02   7.3509093e-02  -3.5388683e-01  -1.8787815e-01   2.8005851e-01  -8.3035020e-02   4.2182657e-01   3.4358947e-01   1.0915523e-01  -9.7340363e-02  -2.7847482e-01   2.0133551e-01  -2.4226333e-01   9.9906302e-02  -7.6400850e-02  -3.2003782e-02  -2.1899205e-01  -1.9415430e-01  -1.0907907e-01   4.5203140e-02   2.8471927e-01  -1.0187484e-01   1.1873982e-01  -7.4487751e-02   3.3013486e-01   5.5165025e-02  -2.7123203e-01   1.6907920e-01  -1.8399384e-01  -1.9384371e-01   5.2546556e-02  -6.8190391e-02   1.2166368e-01  -1.4753943e-01   1.3494655e-01  -1.1834102e-01   1.4064698e-01   1.5411120e-01   4.2750978e-02  -1.3340364e-01   2.5765543e-01   5.4457094e-02  -2.3767445e-01   1.1776806e-01   9.5965505e-02   1.0120895e-01   3.0977874e-01  -1.5141773e-01   2.5186706e-01   4.4612948e-02   2.1039924e-01  -3.9517587e-02   1.1079466e-01   9.3028285e-02   6.4123066e-02  -3.6311129e-01   1.3246439e-01   2.5666817e-01   1.1673426e-01  -4.3864567e-02   2.4423758e-02   4.7578751e-01   5.1763461e-02  -1.4368998e-01   1.8813566e-01   2.9880203e-02   8.1771220e-03  -4.6442769e-01   1.8969770e-01  -4.7947746e-01  -1.2226922e-01   3.3050284e-02  -4.9168042e-01   7.3496319e-02   5.2581250e-02   4.3683703e-02  -3.1749633e-01   3.9194460e-01   2.0518038e-02   3.5521598e-01   2.2006151e-01   2.1701020e-01   2.0005445e-01   2.1523943e-01  -8.5504930e-02   2.2739334e-01  -8.7094625e-02  -3.5524361e-01   3.8941741e-01   2.2645053e-01   9.3408471e-02   1.3071462e-01  -1.4905762e-01   1.1676161e-01  -1.3445738e-01   2.7762798e-01   1.1266452e-01  -5.7441154e-02  -5.0954508e-01   1.4905569e-01   1.4842997e-01  -2.0587642e-02   2.6877014e-01   7.8853374e-03  -1.1567265e-01  -2.9104314e-02   2.8743859e-01  -1.2539519e-01  -8.8335836e-03   5.4310094e-01   1.0659903e-01   2.0048453e-01   8.8051781e-02   2.3404094e-02   5.5728835e-01   4.0506280e-02  -1.0721755e-01   2.6001763e-01  -1.9077865e-02   7.7965229e-02   3.1976568e-01   3.0958289e-01   2.3928885e-01  -2.5491330e-01  -1.8508385e-01  -2.4188464e-03   1.2193797e-01   4.1528958e-01   2.8712870e-01   7.8430710e-02  -2.3943158e-01   2.6709174e-02  -6.6077622e-02  -6.5405301e-02  -1.4008203e-01   2.1083474e-01   3.0704480e-01   1.1619667e-01  -8.0643688e-02  -1.2050624e-02   2.0819864e-01   3.1280109e-03  -3.1481267e-01  -9.4153213e-02   1.6615933e-01   1.4120152e-01  -3.1612928e-01  -3.4365080e-01  -6.2147222e-02  -1.0037536e-01   2.2612536e-01  -3.5926950e-02   1.0312381e-01   7.6790541e-02
