   0.0000000e+00  -4.9288793e-01  -3.1863774e-01  -1.8568985e-01  -3.3246621e-01  -1.5448884e-02  -5.5696193e-02   2.0763405e-01  -4.4505427e-01  -3.3055425e-01   6.4857999e-02  -3.7992568e-01  -2.3398675e-01   4.7084562e-01   3.9333870e-01  -8.5617608e-02  -3.4558022e-01   8.1230106e-03   2.1253968e-01  -3.2330369e-01   1.9859119e-01  -1.7409473e-01  -9.6234894e-02   6.7279522e-01   7.3872984e-02  -6.6602632e-02  -3.7901496e-01   5.7864635e-01  -3.4413038e-01  -7.8450714e-02   5.1283364e-02   3.3351548e-02  -1.3825273e-02  -1.1772537e-01  -4.0586806e-01  -3.2231183e-01  -1.9626729e-01   6.9689984e-01  -2.4347157e-01  -4.5721962e-01  -8.9192301e-02   6.0492483e-02  -3.8413244e-01   3.8569765e-01  -7.0170686e-02   5.6778078e-01  -3.3166739e-02  -3.2132265e-01  -6.3616925e-02  -3.9343285e-01   9.1735862e-02   2.6201757e-01  -3.7287489e-01   2.1922119e-01   4.5262153e-01   3.1150480e-01   1.8202652e-01   3.4883923e-02  -1.0772739e-01  -1.7426247e-01   8.5122267e-02   1.3488336e-01  -3.7333556e-01   8.3064645e-02  -2.9369671e-01  -1.7080826e-01  -1.6743522e-02   8.4860774e-02  -1.5071152e-01  -8.1644069e-02  -3.5619947e-01  -3.4612125e-02  -1.3318962e-01   5.9131672e-01  -1.9705903e-01   1.9649904e-01   2.7730142e-01  -5.2248786e-02  -3.5267670e-01  -1.0899206e-01   1.7756678e-01  -1.5994418e-01   1.1585911e-01  -3.0085129e-02   6.1386250e-01   4.1026712e-01  -1.1854536e-01   4.7069112e-01  -3.4170489e-01   7.5754358e-01  -3.7063226e-01   2.0679955e-01  -3.3360208e-01  -4.9309862e-01   5.4053653e-01  -2.6383997e-01  -1.3327419e-01  -9.3328182e-02  -1.5444614e-01  -5.3659547e-02   5.7857059e-01   1.1986162e-01   1.4662552e-01  -3.3093227e-01  -2.0603720e-02  -9.3141778e-03   2.3756258e-01  -1.7386575e-01   1.8814790e-01   2.5756172e-02   1.3306118e-02  -8.9507184e-02  -1.4260852e-01   7.7852615e-01   4.8436545e-01  -3.0318828e-01  -5.3121526e-02  -9.6780391e-02   4.4613522e-01  -1.4072770e-01   5.8736405e-01  -3.9459467e-01  -3.7544006e-01  -1.3963068e-01   6.6347026e-01  -8.5610495e-02   5.1232666e-02   1.6992852e-01  -1.9417890e-01  -3.7035019e-01  -3.8158498e-01  -1.0934747e-01   3.5332601e-02  -2.9382010e-01  -3.8080929e-01   1.2949959e-01  -1.8265999e-01   4.2609006e-01   2.7102768e-01   5.3413123e-01   6.4191454e-01  -6.7905153e-02   2.2506841e-02   1.0042404e-01  -1.2374928e-01   2.9239907e-01  -3.1339719e-01   2.6885738e-03  -1.7270768e-01   6.2246213e-02   6.4052776e-01   2.8829414e-01   6.4993418e-01  -1.4280929e-03  -4.9412617e-01   6.0072420e-01   3.1728550e-01  -9.5389912e-03   8.7328360e-02   2.6420393e-01  -1.8829241e-01   9.5390346e-03  -2.6295956e-01   1.2225560e-02  -2.1016219e-01  -2.5840043e-01  -1.1020905e-01   8.8394765e-02   7.6433624e-01  -1.6741166e-01  -2.4449573e-01   2.5545479e-01  -4.5979958e-02  -5.0809058e-03  -1.3353617e-01  -1.7954327e-01  -3.2304495e-01
  -4.9288793e-01   0.0000000e+00   3.9404768e-01  -2.7869477e-01   4.7788704e-01  -2.8126321e-01  -1.7240598e-01  -8.6277180e-02   8.0213557e-01   6.0136791e-01  -4.4158243e-01   6.8782436e-01   5.8386901e-02  -4.5574709e-01  -3.9274295e-01  -1.8882095e-01   5.2746952e-01  -5.0065649e-01  -2.3862196e-01   2.4465766e-01  -3.9260096e-01  -3.1514346e-01  -1.9696215e-01  -5.3042462e-01   1.0021302e-01  -1.9409314e-01   3.5239192e-01  -3.2574806e-01   3.6347122e-01  -2.2837539e-01  -7.7967171e-02  -2.4047092e-01  -4.7975721e-02   2.6792075e-01   5.1790215e-01   3.3515334e-01   2.9638888e-01  -5.9620743e-01  -1.5601568e-01   6.4796304e-01  -3.8677400e-02  -1.4470445e-01   6.5234662e-01  -6.7250194e-01  -8.4078523e-02  -6.5503012e-01  -4.5459676e-01   7.1819682e-01  -4.6278711e-02   5.5402602e-01  -5.6636206e-01  -9.9261255e-02   8.1085831e-01  -2.2524585e-01  -3.8539161e-01  -5.3475461e-01  -3.5998669e-01  -3.2207670e-01  -2.7407602e-01   4.1178268e-01  -4.1565952e-01  -1.9795490e-01   7.5150393e-01   1.7126775e-01   5.9367089e-01  -1.2132749e-01  -2.1651593e-01  -6.5730966e-02  -3.3151742e-01  -1.4961711e-01   8.3754786e-01  -5.2547257e-01   1.2604695e-01  -4.2007180e-01   1.3689942e-01  -1.8095846e-01  -5.9331371e-01  -2.7681132e-01   7.9018452e-01  -6.8687580e-02  -4.2581806e-01  -6.2031351e-02   2.9908993e-01  -4.3355454e-01  -3.6855947e-01  -4.0571400e-01   5.3029613e-01  -6.0610272e-01   6.1132060e-01  -5.8394397e-01   6.0699532e-01  -3.7596695e-01   5.2340575e-01   6.1400480e-01  -6.3698151e-01   2.4780171e-01  -1.3765302e-01  -4.8402076e-02  -1.0065857e-01   2.7132899e-02  -4.9817999e-01  -1.9462308e-03  -3.7059595e-01   3.2172087e-01  -4.4915822e-01  -2.2887623e-01  -1.5572331e-01  -1.1994981e-01   8.8219571e-02   9.8339420e-02   2.8792334e-01  -4.6216170e-01  -4.5657921e-02  -5.5098388e-01  -3.9696528e-01   8.2325968e-01  -3.4771492e-01  -3.1115828e-03  -3.4950040e-01  -4.6166664e-01  -6.2840718e-01   5.6942517e-01   5.3558890e-01   4.1922591e-01  -5.7678021e-01   1.0007699e-01   8.7607300e-02  -2.0773211e-01  -1.2675560e-02   5.8578078e-01   1.0969249e-01   4.1687637e-01  -5.0546327e-02   6.1505551e-01   4.1086797e-01  -8.1120624e-02   8.9512980e-04  -2.9225055e-01  -6.8690268e-02  -4.1583561e-01  -5.2343940e-01  -1.7090494e-01  -4.1227270e-01  -6.6500099e-02   1.2508798e-01  -4.0482165e-01   6.0835775e-01  -2.2673262e-01   8.7739714e-02   1.1258973e-03  -6.6590267e-01  -3.5838130e-01  -5.3965482e-01   2.2893878e-01   7.8528918e-01  -5.0544896e-01  -5.8167726e-01  -2.3827249e-01  -3.2456760e-01  -4.8723246e-01   1.9796933e-01  -3.2888261e-01   6.5144365e-02  -3.9766928e-01  -1.8301537e-01   5.9795157e-01   1.7486204e-01  -4.4680957e-01  -6.3240123e-01   5.9926785e-01   6.0975901e-01  -5.3682499e-01  -3.1992951e-01   3.0786453e-01  -2.4102552e-02   1.0860396e-01  -1.4698902e-01
  -3.1863774e-01   3.9404768e-01   0.0000000e+00  -1.6462039e-01   5.0601200e-01   2.0491384e-01   1.3905470e-02  -1.8752884e-01   2.4605488e-01   4.1086076e-01  -4.5539775e-01   7.1457250e-01   2.5943196e-01  -4.2650577e-01  -2.0696277e-01   1.6632939e-01   9.0204085e-01  -2.5383969e-01  -2.2649586e-01   4.6317021e-01  -3.8595287e-01  -2.7638537e-01  -2.6423396e-01  -4.0105188e-01  -8.6837394e-02  -2.9833524e-01   2.4229427e-01  -4.3784030e-01   2.2446539e-01  -4.4606159e-01  -2.8769209e-01  -3.2744877e-01   3.0785071e-01   2.3629682e-01   2.6185567e-01   2.6694092e-01   2.1726378e-01  -2.4547920e-01   1.2214860e-01   5.5332399e-01   9.2725006e-02   1.5818841e-01   5.3685003e-01  -5.2990813e-01  -1.3075261e-01  -3.7440336e-01  -1.4761519e-01   3.0744004e-01   4.2349838e-02   7.6541895e-01  -3.6701230e-01  -2.8578313e-01   3.2934608e-01   3.9539347e-01  -3.1862355e-01  -3.4013123e-01   3.0479656e-02  -3.2407683e-01  -7.5985781e-02   7.2088381e-02   1.2840949e-01   1.0805081e-01   5.6113212e-01  -3.5150359e-01   3.3530993e-02   4.4774739e-02   1.7562990e-01  -1.1026318e-01  -1.7797736e-01   4.0628698e-01   4.2332213e-01  -2.1820520e-01   1.0370809e-01  -3.1323010e-01   6.8037819e-02  -4.8350679e-01  -1.3916752e-01  -2.7117127e-01   4.0906865e-01   6.6515610e-02  -4.3385580e-01   1.0150582e-01   1.0194935e-01  -2.6034397e-01  -1.6887894e-02  -5.3828846e-01  -9.2264289e-03  -4.2673787e-01   1.9064708e-01  -3.7144455e-01   5.1412156e-01   3.7850432e-01   6.6263913e-01   2.5414194e-01  -1.9633265e-01   5.6929674e-01   5.2425254e-02  -1.0483504e-01   9.1672757e-02  -2.1261439e-01  -2.9465352e-01  -2.0862444e-01  -4.2088992e-01  -9.7215283e-02  -4.0958138e-01  -1.9535996e-01   3.5691694e-01  -1.5846165e-01  -1.8222955e-01   1.7599236e-01   1.5271503e-01  -3.8565360e-01  -7.3008427e-02  -3.4037852e-01  -2.4729579e-01   3.5978591e-01  -2.7968878e-01   7.9725920e-02  -2.7430518e-01  -1.5320792e-01  -3.6361040e-01   5.8290552e-01   4.5385431e-01   1.3833735e-02  -4.6923295e-01  -1.7777492e-01  -8.9314218e-03   4.3042578e-02  -6.8650174e-02   7.4744338e-01   2.3128233e-01  -3.8919037e-02   2.3421867e-02   7.0310691e-02   4.9766687e-01  -2.7827964e-01   2.1982271e-01  -4.7805533e-01  -3.1540480e-01  -1.7268621e-01  -2.6578370e-01   1.9348608e-01  -3.6847023e-01   3.0587435e-01  -1.0158269e-02  -6.2085976e-01   6.0859832e-01  -1.0451124e-01   2.3380147e-01  -1.0979443e-01  -3.6131037e-01  -4.9794099e-01  -3.2531561e-01  -1.1374424e-02   6.7911150e-01  -2.6635639e-01  -2.2551544e-01   1.4487082e-02   3.4012595e-01  -4.9307250e-01   1.1593673e-02  -3.6542985e-01   1.1721571e-01  -2.7786502e-01  -8.9159082e-02   3.5888765e-01   1.6740681e-02  -2.0495771e-01  -3.5898410e-01   4.1546708e-01   3.5809697e-01  -1.4689250e-01  -2.3458323e-01   4.8309314e-01   1.0529747e-01   1.8275549e-01   1.3096852e-02
  -1.8568985e-01  -2.7869477e-01  -1.6462039e-01   0.0000000e+00  -6.9403653e-02   5.0322926e-01   2.7823859e-01  -1.7035476e-01   9.4612460e-03  -3.0019779e-01   2.5205656e-01  -2.9559694e-01   1.6896028e-01  -2.0062736e-01  -1.2328961e-01   1.4285230e-01  -2.1128415e-01   5.1865203e-01  -6.6179664e-02   7.8269871e-02   2.7013447e-01   5.3336092e-01   2.2277277e-01  -3.1714715e-01   1.8371911e-01   3.7166730e-01   2.5235931e-01  -2.9144863e-01  -1.1175231e-01   2.8099785e-01  -1.4332943e-01   3.5333735e-01   1.2999629e-01   1.7330127e-01  -1.0950559e-01   1.7482239e-01   7.2020326e-02  -1.6308849e-01   3.1347665e-01  -4.7308193e-02   1.1749978e-01  -1.1437929e-01  -1.1847220e-01   1.1693280e-01   2.8553827e-01   2.0941937e-03   5.2042294e-01  -3.2815933e-01   3.9987073e-01  -9.4291832e-02   5.2809597e-01   1.5295172e-02  -2.2857520e-01  -1.0742325e-01  -2.4631574e-01  -9.7857025e-03   1.1473667e-01   4.0481976e-01   5.9642199e-01  -5.6123897e-02   1.1307212e-01   8.9816597e-02  -9.0258382e-02  -1.3783225e-01  -1.6144478e-01   3.7086117e-01   5.1245381e-01   4.6925590e-02   5.4507613e-01   4.7286664e-02  -2.6692598e-01   6.8551273e-01   7.1163504e-02  -1.4468554e-01   1.5115281e-01   5.5366917e-02   1.1109477e-01   1.5659337e-01  -2.1765073e-01   3.2022470e-01   5.6015605e-02  -5.2499094e-02  -2.7649065e-01   3.7423188e-01  -2.4967918e-01   4.2178724e-02  -3.6210661e-01   4.5685738e-02  -1.4401686e-01  -1.0667480e-01  -1.3269724e-01   6.6430124e-02  -9.2550152e-02   1.0119931e-01  -8.2072282e-02   4.7597272e-02   4.2861715e-01   2.0945639e-01   3.8806955e-01  -7.3786028e-03  -1.9167279e-01  -8.0792411e-02   8.8604163e-02   2.8831857e-01   5.3548477e-01   3.8875233e-01  -2.3398287e-01   5.5526233e-01  -9.3992524e-02   1.3750570e-01  -2.3695920e-01   4.6458787e-01   4.9697922e-01  -1.1811393e-01  -2.4774486e-01  -2.8384027e-01   2.7683749e-01   1.5095772e-01  -2.6328043e-01   7.2823362e-01  -3.3525409e-02  -7.9532843e-02   4.1275741e-02  -1.8844437e-01  -2.5082796e-02  -9.9035139e-03  -3.1132971e-01   1.3287340e-01   5.5042999e-01  -1.3083369e-01   3.0235780e-02  -3.5189306e-01   1.0434386e-01  -1.3897710e-01   1.5299743e-01   9.7635334e-02   1.9174171e-01  -1.9176030e-01   5.4387232e-02  -1.1711586e-01  -2.6358590e-01   9.5310932e-02   4.5288710e-01  -3.0484446e-01  -1.6651433e-01   1.1349366e-01  -3.3328968e-01   2.0584236e-01   1.9657847e-01  -1.0309986e-01  -1.0248234e-01  -6.0059258e-02  -1.0206858e-01  -1.8964076e-01  -1.2682668e-01  -1.4040601e-01   1.2299353e-01   5.0347656e-01  -7.1031337e-03   1.1318788e-01   2.3210156e-01   3.8053003e-01   4.0601956e-02   6.5514279e-01   5.2303786e-01  -1.5333604e-01   5.7192860e-02   1.5944757e-01  -1.3097259e-01  -1.9582248e-01  -2.0929842e-01   2.3118145e-01   5.2880067e-01  -1.9729607e-01   2.1153727e-01   1.6937039e-02   5.7056188e-01
  -3.3246621e-01   4.7788704e-01   5.0601200e-01  -6.9403653e-02   0.0000000e+00   2.2044540e-01   2.1719306e-01   9.8168990e-02   5.1783971e-01   2.7289317e-01  -2.6424832e-01   5.8886185e-01   4.3395801e-01  -5.6336326e-01  -4.8701260e-01  -1.0543729e-01   4.7631759e-01  -1.2844314e-01  -2.4333855e-01   7.8159390e-01  -2.6699209e-01  -1.8575177e-01  -3.1380159e-01  -4.3320987e-01   2.2260057e-01  -9.4817471e-02   5.9210015e-01  -5.6180408e-01   4.5760728e-01  -2.0418913e-01  -4.2615739e-01  -1.4035470e-01   1.0896225e-01   2.5145642e-01   3.4615582e-01   7.1203882e-01   2.2660130e-01  -3.4306608e-01  -4.6839414e-02   5.9050898e-01   1.5600568e-01  -1.2360187e-02   6.4862153e-01  -5.5158360e-01   2.0737226e-01  -4.7507751e-01   1.2759723e-01   5.0115442e-01   1.8162273e-01   5.9092781e-01  -3.2266714e-01   7.5320747e-02   5.3212288e-01   1.3895441e-01  -3.1762137e-01  -6.0920494e-01  -2.7218393e-01  -2.6392159e-01  -1.6176439e-01   2.5413010e-01  -1.0439195e-01  -4.9038170e-02   6.5569500e-01  -9.3447967e-02   1.9501998e-01   3.2846358e-01   2.0856769e-01   1.0700159e-01  -1.6619638e-01   1.4023073e-01   2.9033239e-01  -1.0847282e-01  -1.5636725e-02  -4.4364356e-01   2.2078341e-01  -4.0235042e-01  -3.9045499e-01  -5.1741354e-01   7.1849197e-01   2.3255423e-02  -6.0741712e-01  -7.9311907e-02  -1.5243036e-01  -3.5781845e-01  -3.9569803e-01  -5.2697515e-01  -2.5497102e-02  -4.4037579e-01   5.8236281e-01  -4.4434680e-01   8.1471151e-01  -5.8251049e-02   6.7009293e-01   4.4071997e-01  -3.1140282e-01   7.2160005e-01   2.4316660e-01  -1.3947091e-01   3.3819554e-01  -1.0894448e-01  -6.4385939e-01   1.7513346e-01  -4.1720891e-01  -3.3557181e-02  -2.4427709e-01   5.0142669e-02   1.9009023e-01   6.4997736e-02  -4.9213545e-02   4.7629854e-01  -1.0800095e-01  -3.3324685e-01   1.2124165e-01  -3.7174370e-01  -6.1252556e-01   6.2485600e-01  -2.5247128e-01   2.6740672e-01  -6.0260575e-01  -1.4882625e-01  -5.1066507e-01   8.5145003e-01   7.5635679e-01   2.5296626e-01  -4.7749287e-01  -2.2894786e-01  -9.6889457e-02   1.6631609e-01  -3.2773575e-02   4.6756027e-01   2.5439428e-01   2.0178004e-01  -2.0564879e-01   6.1462108e-02   4.2439054e-01  -1.7803064e-01   1.6004531e-01  -6.5875529e-01  -1.0223198e-01  -1.1608410e-01  -2.6573432e-01   1.2096085e-01  -3.1211204e-01  -2.0056858e-01  -2.3488767e-01  -5.1395258e-01   3.0393908e-01   3.2877215e-01   6.7848226e-01  -3.1345341e-01  -5.4965005e-01  -5.4596652e-01  -3.8554426e-01   1.9641766e-01   6.5692812e-01  -2.7546283e-01  -2.6315967e-01  -1.1762873e-01   2.5066826e-02  -4.9768706e-01   4.4339802e-01  -3.6490981e-01   4.5964737e-01  -2.5269983e-01  -8.5604696e-02   6.2941770e-01   4.6441563e-01  -3.9421355e-01  -3.4822230e-01   3.0576367e-01   6.1282688e-01  -2.1224355e-01   5.3772232e-02   2.0619680e-01   2.0097260e-01   1.9790958e-01  -5.9664369e-02
  -1.5448884e-02  -2.8126321e-01   2.0491384e-01   5.0322926e-01   2.2044540e-01   0.0000000e+00   4.9742324e-01   9.6885053e-02  -4.6051093e-02  -1.7956438e-01   1.1724303e-01  -5.5719311e-02   2.8500113e-01  -2.7406568e-01  -1.0253214e-01   2.4768075e-01   1.1337809e-01   4.3119052e-01  -7.3940960e-03   4.0741410e-01   2.8373124e-01   3.4784173e-01   2.2216061e-01  -2.7924693e-01  -6.3734992e-02   3.0745262e-01   4.8716729e-01  -3.2887124e-01  -1.5423857e-01   5.7108791e-02  -2.2624956e-01   1.7166782e-01   9.5460545e-02   3.3551586e-01  -3.1532612e-02   3.5447640e-01   1.4354403e-01  -1.1730719e-01   1.7343339e-01   2.5373486e-01   1.9372326e-01  -2.7289833e-01   3.7622502e-02  -2.2112387e-02  -3.9976856e-02   5.3337167e-03   5.7955167e-01  -7.6874211e-02   3.1357486e-01   2.3104052e-01   3.8437176e-01   1.3537197e-01  -1.4681415e-01   1.1555338e-01  -2.0221554e-01  -6.4709660e-02   3.9962559e-01   2.3326843e-01   2.5523868e-01  -1.0964878e-01   1.6335085e-01   2.7596918e-01   3.9911222e-02  -3.8031779e-01  -3.1355580e-01   6.1236145e-01   7.5694117e-01  -5.3442905e-02   4.6525157e-01   4.3205145e-01  -2.3541385e-01   5.5950510e-01   9.2920537e-02  -8.5890925e-02   1.1952637e-01  -1.9998877e-01   6.0785601e-02  -5.7873097e-02  -5.1706397e-02   5.2498778e-02  -4.1990458e-02   9.6500728e-02  -3.0905436e-01   2.2804690e-01  -1.5963897e-01  -1.7186308e-01  -4.8303297e-01  -8.4250689e-02   1.5608817e-02  -1.1821730e-01   1.5534362e-01   2.7688759e-01   1.3995593e-01   2.1063487e-02  -2.7429132e-02   3.8845505e-01   3.5407672e-01   9.6267476e-02   4.6194873e-01   7.7238731e-02  -1.0840166e-01  -8.0089570e-02   1.5076292e-02  -4.7031036e-02   3.4410518e-01   2.9084651e-01   8.3581979e-02   4.1501140e-01  -9.2798505e-02   4.5994592e-01  -3.0176830e-01   2.2351435e-01   1.9187099e-01  -1.1035134e-01  -1.9025295e-01  -2.1427516e-01   8.7524823e-02   2.0542739e-01  -1.6659359e-01   4.7944538e-01  -1.2665568e-01   1.8215257e-01   1.5206844e-01  -1.3241026e-01  -3.4447971e-02  -1.4181121e-01  -1.8164803e-01   1.4818679e-01   2.9379055e-01   1.4029841e-01  -3.7657477e-04  -3.1492169e-01   6.1139017e-02  -3.1213289e-01   1.9577442e-01   2.4593087e-02   4.7860785e-02  -2.7742710e-01   3.8312086e-03  -8.4188105e-02  -1.2099466e-01   2.5427604e-01   2.8699440e-01  -1.5783597e-02  -1.3823539e-01  -9.1438444e-02  -1.2706589e-01   4.3472048e-01   5.4604930e-01  -1.0483003e-01  -4.3603867e-02  -6.7551341e-02  -1.5482468e-01  -2.7143677e-01   7.6358407e-02  -1.4378546e-01   1.0722305e-01   4.2100319e-01   1.4454219e-01  -4.6967122e-03  -2.1094116e-03   1.2875700e-01   2.8976748e-01   3.5706574e-01   4.3283928e-01  -1.3019539e-01   9.4001244e-02   9.7651655e-02  -8.4034601e-02  -1.5112587e-01  -6.6032648e-02   2.1047018e-01   4.2609851e-01   1.1507559e-01   6.1628217e-02  -5.7401085e-02   4.0906631e-01
  -5.5696193e-02  -1.7240598e-01   1.3905470e-02   2.7823859e-01   2.1719306e-01   4.9742324e-01   0.0000000e+00   4.4815277e-02  -6.9470900e-02   6.2423951e-03   1.0448942e-01   1.1274511e-01   2.0215687e-01  -5.1377758e-02   1.4801069e-01   3.6808850e-01  -1.4376351e-01   1.1943068e-01   1.2149774e-01   3.9449693e-01   2.8363483e-01  -5.2860498e-02   2.7262859e-01  -1.7015677e-01  -5.4496822e-02   1.1123705e-01   3.7223293e-01  -6.2933822e-02   9.1373668e-02   9.9940897e-02  -2.9648860e-02  -1.0725420e-01   2.5446925e-01   3.1585671e-01   2.2331117e-01   3.0303942e-01   3.6709442e-02  -1.7303032e-01   1.6478571e-01   1.5717377e-01   1.7129527e-01  -7.2825576e-02   2.3490727e-01  -6.2663331e-02   1.8725446e-01   4.0038560e-02   2.6614239e-01   2.4136413e-01   2.8046122e-01   9.2562249e-02   1.0938038e-01   1.0132107e-01  -7.2317413e-02   1.8336885e-01  -5.7047284e-02  -1.8045355e-02   2.3845207e-01  -2.6451755e-02   1.5331068e-01   5.0260129e-03  -3.9800146e-02   3.5616763e-01  -6.3162000e-02  -3.1432250e-01  -1.2357559e-01   4.4189416e-01   3.9268709e-01  -4.3670859e-02   2.3196228e-02   2.8236736e-01  -1.2330221e-01   3.3220980e-01   3.2313850e-03  -8.1578435e-02   1.5735432e-01  -2.0154905e-01  -1.2853683e-02  -1.2969337e-01   1.4158199e-01  -1.3224590e-03   5.0202880e-02   1.3162428e-01  -1.6734765e-01  -6.6945366e-02  -1.0044459e-01  -1.7261150e-01  -5.0000538e-02  -1.8689582e-02  -2.5421162e-02  -1.3735158e-01   6.4444397e-02  -1.6717446e-03   1.7953305e-01   6.3135316e-02  -8.4820378e-02   2.6531114e-01   2.9946518e-01   5.7896746e-02   3.8706596e-01   2.3264904e-01  -1.0134796e-04   1.9814452e-01   4.7110642e-02  -1.1540724e-01   6.6805083e-02  -4.3443314e-02   1.2421839e-01   4.1491573e-02   8.4750168e-02   3.7159988e-01  -8.9183602e-02  -1.8370230e-02   6.1099187e-02  -1.0662187e-01  -9.3970129e-02  -7.0295875e-02   7.8497920e-02   1.6374043e-01  -1.4898794e-01   2.2597752e-01  -6.9911836e-02   2.0318983e-01   1.4935158e-01  -3.4075687e-02  -3.7203207e-02  -8.1744267e-02   1.6067230e-01   1.6234764e-01   5.8478354e-03   4.6089874e-03  -1.1047766e-01   5.4241809e-02  -1.2523427e-01  -1.6382646e-01   1.3817053e-02  -1.1730620e-01   7.4170007e-02  -1.4858386e-01  -1.2186708e-01  -1.5747889e-01  -8.9538852e-02  -8.4172272e-02   1.5443425e-01  -5.6143190e-02   2.9572873e-01   1.1339374e-03   1.2797559e-01   1.3175788e-01   3.9426528e-01  -2.1752218e-02  -1.1346053e-02   1.0231278e-01  -1.0194609e-01  -1.0239137e-02   4.9692450e-02  -1.7974251e-01  -7.1356321e-02   2.1316655e-01  -6.1781320e-02   1.3206618e-02   1.8347215e-01  -6.0544590e-02   6.4322428e-02   1.7917554e-03  -6.0585276e-02   1.3691295e-01   2.4493782e-01  -5.2676173e-03  -5.3025556e-02  -4.4969581e-02   1.6978047e-01   3.3470513e-02   2.8789434e-01   1.5404099e-02   1.5320639e-01  -1.7448584e-01  -1.5725981e-02
   2.0763405e-01  -8.6277180e-02  -1.8752884e-01  -1.7035476e-01   9.8168990e-02   9.6885053e-02   4.4815277e-02   0.0000000e+00   2.1449210e-02  -1.1428455e-01   2.3289300e-01  -8.2925897e-02  -2.0009198e-02  -7.2316341e-02   6.6229280e-02  -1.1251362e-01  -2.2628691e-01   1.8479373e-01   3.5451202e-01   5.2088205e-02   1.8326693e-02   1.2077013e-01  -2.0186848e-01   1.9983103e-01  -1.8676255e-02   2.9800592e-01  -7.5006598e-02   4.4595393e-02  -9.8783620e-02   2.5063976e-01  -8.5223848e-02   3.4354190e-01  -1.6616757e-01  -1.0937052e-02  -4.2560013e-02  -1.1032633e-01  -1.5367143e-01   2.7246779e-02  -1.7844690e-01  -1.0385767e-01   1.9797212e-01  -1.9046438e-01   1.5719820e-02   2.0459333e-01  -1.9089599e-01   4.7113873e-02   1.0878952e-01  -1.0462209e-01   3.6215763e-02  -1.3571693e-01   9.4009892e-02   8.2404761e-01  -1.0874092e-01  -1.2933501e-01   2.0399258e-01   4.9707802e-02   4.0373729e-01   1.5169289e-01  -5.2672640e-03   1.6324798e-01  -4.4175097e-03   1.1115196e-01  -9.3773444e-02   1.2884879e-01  -9.9108022e-02   9.1764230e-02   1.5087342e-01  -4.6933970e-02  -5.8998807e-02  -1.6449514e-01  -2.2036955e-01  -2.1373031e-02  -1.5647704e-01   2.8532074e-01  -1.7279861e-01   4.0918351e-01  -8.0219015e-02   4.4987878e-02  -3.5409250e-02   9.9569108e-02  -1.4343211e-01  -1.3768382e-01  -7.7488691e-02   1.3456469e-02  -8.2379800e-02   3.2963518e-01  -1.8511261e-01   5.1134561e-02   1.6387955e-01   9.4649498e-02   4.4089827e-02  -5.4245680e-03   5.1494135e-02   8.8703878e-02   1.9689444e-02   1.3341430e-01   9.6209994e-02   3.3914918e-01   1.0845920e-01  -1.8958004e-01  -4.7730198e-02   4.4132390e-01   1.4467265e-01   3.1039115e-02  -2.2644583e-02   3.3378302e-01  -3.9686990e-02   2.5410205e-01  -2.6657721e-02   9.4950739e-02  -1.6083664e-01   2.6468174e-02   3.8993103e-02   5.6345620e-03  -1.4279746e-01  -2.8428070e-02   1.1994752e-01   6.2614966e-02  -1.2324452e-01  -4.6447411e-02  -4.6121651e-02   2.6724066e-02   5.4393714e-02   4.8020823e-03   1.1391699e-01   5.6638316e-02  -1.6240013e-01   1.0084674e-01   3.1998149e-01  -2.4457465e-01  -1.8515571e-01  -1.0268467e-01   7.4439429e-02  -1.2059721e-01   7.1295645e-03   5.3452603e-01   1.1428477e-01  -4.4240160e-02   6.2559871e-01   1.2042674e-02   1.3979459e-01   1.4335007e-01   3.3153009e-01  -1.6890546e-01  -5.9988163e-02   2.0815333e-01  -1.6511520e-01   1.5984285e-01   1.6977056e-01  -2.6023275e-01  -1.7663385e-02   2.7519724e-01   8.9562773e-02  -9.4285105e-03  -1.6901503e-01   2.0347937e-02   3.4990965e-02   1.0083320e-01  -4.8022421e-02   1.1313206e-01  -1.5863267e-02   2.6237935e-01   1.6104127e-01  -1.1903128e-01   1.1790134e-01   1.0912387e-01   1.7689842e-01  -1.0718671e-02   1.2610567e-01  -3.8539526e-02   1.2237895e-01  -1.2964046e-01   8.0839141e-02  -6.2017212e-02   1.1396893e-01  -2.6773182e-02   2.1358349e-02
  -4.4505427e-01   8.0213557e-01   2.4605488e-01   9.4612460e-03   5.1783971e-01  -4.6051093e-02  -6.9470900e-02   2.1449210e-02   0.0000000e+00   4.5830324e-01  -2.7129513e-01   4.5451865e-01   1.7380251e-01  -4.8887164e-01  -4.4890501e-01  -2.3990504e-01   2.9575728e-01  -1.8762465e-01  -2.1924166e-01   2.8047395e-01  -2.7782332e-01  -1.1666298e-01  -1.1546904e-01  -4.7830364e-01   2.3929862e-01   3.9203990e-02   4.8856086e-01  -4.2123306e-01   2.8034887e-01  -3.6617713e-02  -1.2651868e-01  -9.1724042e-02  -5.5640019e-02   2.4524501e-01   4.5121459e-01   3.6617755e-01   3.9464802e-01  -5.2338036e-01  -1.5806273e-01   5.5777237e-01   1.0645573e-01  -1.2939631e-01   5.7638701e-01  -5.1642144e-01   7.7496941e-02  -5.3823657e-01  -2.0177643e-01   5.4508575e-01  -3.4080959e-03   4.3840797e-01  -3.2776018e-01   6.2051244e-02   6.1144096e-01  -2.9042590e-01  -4.0169581e-01  -5.6097196e-01  -2.2808026e-01  -1.6607337e-01  -6.2630195e-02   3.6523511e-01  -2.2837009e-01  -1.2429312e-01   6.9820745e-01   2.7696532e-01   5.9150222e-01   9.0302250e-02  -6.8497223e-02   2.7239845e-02  -8.2771022e-02  -6.5786771e-02   5.3853207e-01  -1.9703036e-01   1.0318828e-01  -3.4615912e-01   2.5952970e-01  -7.7939242e-02  -4.2816897e-01  -2.1353762e-01   6.8721579e-01   8.1620174e-02  -4.4124216e-01  -1.7830367e-01   8.8206723e-02  -2.7756975e-01  -4.8332696e-01  -3.4825500e-01   3.6499154e-01  -4.9620933e-01   6.4988158e-01  -4.9823120e-01   5.0000804e-01  -2.5868676e-01   4.0763755e-01   7.2732428e-01  -5.3102055e-01   2.0289164e-01   9.6625301e-02   4.0528214e-02   1.2968903e-01   7.2267471e-02  -5.3888113e-01   6.0502320e-02  -3.2537085e-01   4.9980070e-01  -1.9833999e-01  -5.4732403e-02  -2.5548765e-01   1.9208895e-01   6.6895610e-02   1.0271002e-01   8.1839256e-02  -2.8162905e-01   2.0900759e-01  -4.9253991e-01  -5.0814041e-01   6.6510802e-01  -2.4148435e-01   9.9074086e-02  -4.2354703e-01  -1.3183156e-01  -5.2433438e-01   5.1733082e-01   5.6540508e-01   3.3290931e-01  -4.5890651e-01   3.9716058e-02  -7.9097110e-02  -1.0999785e-01   2.2298075e-01   4.1939179e-01   9.3332405e-02   2.7608006e-01  -4.2936280e-02   4.5541020e-01   4.8106219e-01  -3.1247801e-02   6.8831877e-02  -3.4033129e-01   7.2274496e-02  -3.4444499e-01  -4.1866582e-01  -2.2995545e-02  -1.9024067e-01  -2.2773984e-01  -5.2470747e-03  -3.9263820e-01   2.7136029e-01   7.1185106e-03   1.9749791e-01  -1.0997482e-01  -6.5892984e-01  -3.5490347e-01  -4.3918870e-01   1.2901255e-01   6.4547048e-01  -4.3780346e-01  -3.4221264e-01  -6.0922467e-02  -2.0679690e-01  -3.8660790e-01   3.3052857e-01  -7.7933200e-02   1.8655205e-01  -1.3138819e-01   5.5235889e-03   4.6194997e-01   2.0805222e-01  -3.5893532e-01  -5.5233200e-01   2.8421480e-01   4.8416546e-01  -3.7114471e-01   1.9761247e-02   2.0180661e-01   9.4420849e-02   6.9369546e-02   7.1723203e-03
  -3.3055425e-01   6.0136791e-01   4.1086076e-01  -3.0019779e-01   2.7289317e-01  -1.7956438e-01   6.2423951e-03  -1.1428455e-01   4.5830324e-01   0.0000000e+00  -1.2270964e-01   5.7364227e-01   1.6717465e-01  -4.2953443e-01  -9.8271183e-02   5.9298088e-03   4.4254713e-01  -4.5591608e-01  -2.9455259e-01   2.5654114e-01  -2.6553262e-01  -3.6940934e-01   1.6610673e-01  -4.5117388e-01   5.5421519e-02  -3.2072440e-01   2.1829213e-01  -8.6143644e-02   2.0198901e-01  -2.4817586e-01   1.1296524e-01  -3.6610960e-01  -3.7995098e-02   3.7844237e-01   3.9661592e-01   2.8119215e-01   4.4444659e-01  -4.8263683e-01   3.0272938e-02   4.6650957e-01   5.4233123e-02  -1.0234761e-01   5.5066185e-01  -4.8712549e-01   2.9576929e-02  -4.7450856e-01  -3.2525429e-01   4.4521409e-01  -5.8890850e-02   4.4104893e-01  -4.4964988e-01  -2.4827856e-01   4.4344880e-01  -3.0524863e-02  -1.8171497e-01  -1.7330610e-01  -1.9756425e-01  -2.5888197e-01  -1.3676412e-01   1.4380617e-01  -1.6540087e-01   8.5536863e-03   5.3174099e-01   1.6088423e-01   4.6357447e-01   1.0746885e-01  -2.8276554e-01  -9.8102822e-02  -2.7377192e-01  -6.4238820e-04   6.1833087e-01  -2.5134453e-01   2.7334843e-01  -2.8130801e-01   2.0424857e-01  -2.0735412e-01  -3.9582841e-01  -2.8622908e-01   5.1649322e-01   1.4693841e-02  -3.0770051e-01   2.1460757e-01   2.4875260e-01  -5.5716707e-01  -2.3597944e-01  -3.6421984e-01   3.4979084e-01  -5.6858675e-01   2.7237084e-01  -4.3199022e-01   4.2816715e-01  -9.9997314e-02   4.6045700e-01   3.5704304e-01  -4.8032110e-01   3.3329324e-01  -1.4667173e-01  -2.2837435e-01  -3.5720262e-02   3.3934778e-01  -2.6082617e-01  -5.4000194e-02  -4.9804203e-01   2.0240619e-01  -3.6790496e-01  -3.4381133e-01  -6.5651762e-02  -3.3014459e-01   1.8555463e-01  -5.9478469e-02   4.9821190e-01  -4.6990973e-01  -1.8155607e-01  -4.6124461e-01  -8.9822325e-02   5.0420202e-01  -4.5206380e-01   9.3349191e-02  -2.3335091e-01  -3.0021339e-01  -5.1387288e-01   4.5913008e-01   3.6219351e-01   3.3247869e-01  -4.6742332e-01   4.9473900e-02   3.6762509e-01  -1.4898170e-01  -1.7766361e-01   3.7912535e-01   2.1735280e-01   4.4216951e-01  -2.2072952e-02   5.7986876e-01   3.4666583e-01  -8.6329353e-02   8.2137567e-02  -9.0867940e-02  -2.1308222e-01  -4.4516910e-01  -3.8466480e-01   8.1458228e-02  -4.9107122e-01   1.0606138e-01   3.3810702e-01  -2.7274035e-01   5.7815697e-01  -2.4875962e-01  -1.9343077e-02   2.8340174e-01  -4.9984796e-01  -2.7109185e-01  -4.0842250e-01   1.2622027e-01   5.6121479e-01  -4.3411071e-01  -3.9401884e-01  -1.4979050e-01  -1.8005884e-01  -5.0193314e-01   3.5591532e-02  -3.3643880e-01   1.3709825e-01  -3.6377938e-01  -2.3893473e-01   3.7013960e-01   2.9435758e-02  -4.0848211e-01  -5.1175853e-01   4.6461749e-01   4.5174068e-01  -5.0525456e-01  -2.7330837e-01   1.8015525e-01  -7.9257431e-02   3.3571307e-02  -1.3140871e-01
   6.4857999e-02  -4.4158243e-01  -4.5539775e-01   2.5205656e-01  -2.6424832e-01   1.1724303e-01   1.0448942e-01   2.3289300e-01  -2.7129513e-01  -1.2270964e-01   0.0000000e+00  -5.2297703e-01  -1.7270255e-01   1.8015526e-01   3.2415231e-01   2.2779136e-01  -4.8313601e-01   3.9298289e-01   1.8981585e-01  -1.8216331e-01   4.4934358e-01   3.2176855e-01   4.6690777e-01   1.8220178e-01   1.1273641e-01   3.7258819e-01   1.0847492e-02   2.6794407e-01  -2.6198426e-01   5.2713846e-01   4.5141788e-01   2.7688412e-01  -1.2189875e-01  -1.8623018e-01  -2.5834679e-01  -3.8813582e-02   1.3993760e-02   1.1742001e-01   2.7038114e-01  -3.6941902e-01   1.0614588e-01  -9.9608299e-02  -3.5955351e-01   5.4198095e-01  -1.1030173e-02   3.1591089e-01   4.8723679e-01  -3.1966770e-01  -5.3502164e-02  -4.3760125e-01   4.6821166e-01   2.4097049e-01  -3.6396558e-01   1.0047173e-02   2.1547923e-01   5.1321967e-01   1.9449674e-01   3.9360976e-01   3.0792897e-01  -1.0995767e-01   2.7885696e-01   1.3026467e-01  -5.0140299e-01   4.5691303e-01  -1.6612856e-02   1.7537356e-01   2.3146210e-02   2.5707461e-02   4.1228777e-01   3.4322995e-02  -4.9761070e-01   4.3552528e-01   2.2321767e-01   1.0515724e-01   4.8408219e-02   3.2862069e-01   2.9591728e-01   2.4976335e-01  -4.3638448e-01   1.5667678e-01   3.7064653e-01   1.8545228e-01  -6.7847388e-02   3.0545212e-01  -1.2782435e-01   4.1250228e-01  -1.3585181e-01   2.5008406e-01  -2.7728079e-01   1.1451647e-01  -4.0293860e-01   1.4795608e-01  -4.3086242e-01  -2.6112076e-01   2.3577307e-01  -2.3781222e-01   2.0955354e-01   1.6217278e-01   2.6671122e-01   1.4074716e-01   2.2445688e-01   1.8773126e-01   3.7564688e-01   1.3339146e-03   3.8486426e-01   3.0128497e-01  -2.5070588e-01   3.4852223e-01  -2.0912203e-02  -1.9075851e-01  -2.7645176e-02   4.2659687e-01   6.1496591e-02   2.5818054e-02   2.4209484e-01  -3.7665402e-01   3.4901700e-01   1.6825544e-01   1.2148980e-01   3.6975141e-01   1.5587047e-01  -4.4908761e-01  -3.4679922e-01   1.5642452e-01   2.6916822e-01   3.9098780e-02   1.3753899e-01   8.4161722e-02   1.0238266e-01  -5.1899876e-01  -1.4782631e-02   1.4362974e-01  -9.9992694e-02   1.0698773e-02  -3.8414957e-01   2.7665635e-01   1.5972011e-01   3.9808547e-01   1.9800710e-01  -2.6500451e-02   4.9270363e-02  -4.3486778e-02   4.2830922e-01  -9.3078543e-02   1.0262435e-01   5.9668587e-01  -3.9813677e-01   3.1139829e-01  -1.1076047e-01   2.0810913e-01   2.4480718e-01   4.8440929e-01   3.0863540e-01   3.1873032e-01  -5.3425389e-01   5.9440216e-03   3.8342962e-01   1.6945804e-01   1.2076092e-01   4.1832625e-01   1.0968580e-01   5.6352897e-01   2.4458663e-01   2.8616010e-01   2.1312233e-01  -4.5558674e-01   1.1764770e-01   4.9037026e-02   2.2959414e-01  -4.3186064e-01  -4.6376234e-01  -2.4725604e-02   4.9071807e-01  -3.6221966e-01   1.7999851e-01  -1.2431166e-02   2.1507270e-01
  -3.7992568e-01   6.8782436e-01   7.1457250e-01  -2.9559694e-01   5.8886185e-01  -5.5719311e-02   1.1274511e-01  -8.2925897e-02   4.5451865e-01   5.7364227e-01  -5.2297703e-01   0.0000000e+00   2.2248554e-01  -4.6216502e-01  -1.9173018e-01   1.2447722e-01   7.1643886e-01  -5.5401409e-01  -1.5589127e-01   5.2999257e-01  -3.8914466e-01  -3.4820288e-01  -2.3895794e-01  -4.1455053e-01   5.2200608e-02  -2.3152959e-01   2.8681425e-01  -3.3320835e-01   4.6075198e-01  -3.6746882e-01  -3.3511426e-01  -3.0826113e-01   3.4624227e-02   3.3274882e-01   5.6104982e-01   3.1403167e-01   1.5229400e-01  -4.7362354e-01   2.2241902e-03   6.8238609e-01  -4.2484358e-03   5.2962014e-03   7.0528328e-01  -7.1164084e-01  -3.6317794e-02  -6.1198172e-01  -3.2098124e-01   5.5525651e-01   2.9823818e-02   7.5627460e-01  -6.0255495e-01  -1.6709271e-01   5.9371248e-01   1.5807546e-01  -2.5580824e-01  -4.6339782e-01  -1.8150814e-01  -3.9849770e-01  -1.7884364e-01   4.6183906e-01  -3.3964100e-01  -6.1487918e-02   7.0236610e-01  -1.8712454e-01   1.5820111e-01   3.3472015e-02   7.5170047e-03  -7.1727760e-02  -3.3854150e-01   5.5673283e-02   6.7276088e-01  -4.7459365e-01   2.7767354e-02  -3.0224975e-01   1.0235870e-01  -3.2005377e-01  -5.3990041e-01  -3.4327275e-01   6.9820695e-01  -1.3932136e-02  -5.0367634e-01   1.2315576e-01   1.5541662e-01  -4.8493655e-01  -9.9416069e-02  -5.0327892e-01   2.6075029e-01  -5.1591326e-01   3.8607901e-01  -4.5898836e-01   6.6647060e-01  -1.6690015e-01   7.5330303e-01   4.1137691e-01  -5.3070994e-01   5.3552059e-01  -3.0084602e-02  -1.1574126e-01  -8.8432559e-02  -1.6322540e-01  -4.5601655e-01   6.7763837e-02  -5.1281774e-01   7.5605890e-02  -5.3633219e-01  -3.5365556e-01   2.1051706e-01  -1.9922651e-01   5.1852368e-03   2.2963413e-01   2.8178161e-01  -4.4051771e-01  -1.4022804e-01  -4.1381066e-01  -3.2767141e-01   5.7914120e-01  -3.7724459e-01   9.4016592e-02  -3.7170213e-01  -3.6246918e-01  -5.4094724e-01   7.5767005e-01   6.3520513e-01   2.0847544e-01  -5.9973343e-01   1.3507700e-01   2.2613399e-01   1.5448955e-02  -1.3503862e-01   6.5289758e-01   2.5705319e-01   2.2348245e-01   6.0519106e-02   3.0068819e-01   4.5490733e-01  -2.0518889e-01   1.2250525e-01  -4.8289710e-01  -2.4936230e-01  -2.7764879e-01  -3.6175826e-01   2.3137303e-02  -4.5956057e-01   2.2956965e-01   1.5763900e-01  -5.4226218e-01   7.9070885e-01  -2.1380618e-01   3.2151182e-01  -1.5524102e-01  -5.0714360e-01  -4.9626490e-01  -4.7183418e-01   1.1990516e-01   8.2149976e-01  -3.6365256e-01  -5.6841804e-01  -1.1382959e-01  -1.5532812e-01  -5.9436360e-01   1.5790569e-01  -4.3686454e-01   1.0368430e-01  -5.8138334e-01  -1.6339203e-01   6.9072753e-01   1.7083761e-01  -4.0435883e-01  -4.9669628e-01   6.0934495e-01   7.0522645e-01  -4.0064427e-01  -4.6681771e-01   5.2500547e-01   1.1238066e-02   5.0718606e-02  -1.2474554e-01
  -2.3398675e-01   5.8386901e-02   2.5943196e-01   1.6896028e-01   4.3395801e-01   2.8500113e-01   2.0215687e-01  -2.0009198e-02   1.7380251e-01   1.6717465e-01  -1.7270255e-01   2.2248554e-01   0.0000000e+00  -4.4768543e-01  -4.7107448e-01   1.4522470e-01   1.7819382e-01   2.1184773e-01  -2.1950847e-02   6.1117454e-01  -1.4805543e-02   1.2492746e-01   4.7321312e-02  -3.1463666e-01   3.7143902e-03  -4.2285075e-02   3.3777061e-01  -5.7392455e-01   1.6552476e-01   2.1897560e-02  -4.6205856e-01   3.1303974e-02   1.7589265e-01   2.4893364e-01   1.9012975e-01   4.8727922e-01   1.5888657e-01  -1.2807659e-01   1.9069772e-01   2.4979715e-01   6.6669942e-01  -4.6462450e-02   3.5273720e-01  -3.4156232e-01   3.9323123e-01  -2.1804792e-01   3.4192844e-01  -6.5934394e-03   2.8638877e-01   2.8775206e-01   8.7604528e-02  -1.1564897e-01  -1.1530971e-01  -1.5875363e-01  -1.6529724e-01  -4.4573745e-01  -9.2342482e-02   4.7874948e-02   2.6391733e-01   4.9755369e-02   1.8080329e-01   3.9540993e-02   2.8284166e-01  -3.7553947e-01  -7.6298801e-02   5.5486604e-01   2.5660437e-01  -5.6012993e-02   1.9903549e-01   2.0791770e-01  -3.3605364e-02   3.3140549e-01   8.5734763e-02  -2.5714088e-01   5.3871727e-02  -8.8116740e-02  -3.7942199e-02  -1.3590549e-01   1.6503138e-01   1.9989184e-01  -4.9606503e-01   2.1892319e-01  -4.1019174e-01  -1.6329839e-01  -4.4638068e-01  -3.7859679e-01  -2.5630884e-01  -2.8661926e-01   7.2398566e-02  -3.0729906e-01   3.2767493e-01   2.3005681e-01   3.7197004e-01   2.0125002e-01  -1.3266754e-01   5.8711169e-01   3.5841078e-01   8.8621205e-02   4.2244673e-01   2.7407031e-02  -4.8601195e-01  -5.4358826e-02  -4.0610320e-01   2.3138003e-01   2.0421743e-01   6.7262069e-02  -1.6355790e-01   1.6392260e-01  -1.3891890e-01   2.3242258e-01  -2.0634330e-01  -5.7765460e-02   1.3506895e-01  -2.3686869e-01  -5.0681386e-01  -2.7212934e-02  -2.2948671e-01   6.2776200e-01  -5.5177044e-01   1.7104421e-01  -3.3208428e-01   5.4251872e-01   4.4024291e-01  -1.2696982e-01  -3.2343887e-01  -1.3790882e-01  -2.8725726e-01   7.5357370e-03   1.6305211e-01   2.8074131e-01   4.7374313e-01  -2.7662914e-01  -5.3944722e-02  -1.4914854e-01   3.6075375e-01  -7.4422182e-02   1.6447478e-01  -5.4746658e-01  -4.5267866e-02  -1.0659247e-01  -1.3464332e-01   5.2448130e-01  -4.0768728e-02  -3.2033910e-01  -3.1459828e-01  -2.2900598e-01  -2.7245049e-02   2.3466932e-01   4.8929916e-01  -1.3649647e-01  -4.6185903e-01  -4.4086683e-01  -4.8078694e-01  -3.4562933e-01   3.0647819e-01  -1.8487829e-01  -3.6171275e-02   2.9994699e-01   1.7285971e-01  -4.3820845e-01   2.3437794e-02  -3.0224487e-02   2.9454134e-01   1.0280602e-01   2.0973998e-01   2.0149459e-01   1.8120391e-01   3.5146340e-02  -3.7723175e-01   7.7792931e-03   1.9690392e-01   3.9384355e-02   1.6156172e-01  -6.1262920e-03  -9.8711376e-02  -2.9349133e-03   2.7207120e-01
   4.7084562e-01  -4.5574709e-01  -4.2650577e-01  -2.0062736e-01  -5.6336326e-01  -2.7406568e-01  -5.1377758e-02  -7.2316341e-02  -4.8887164e-01  -4.2953443e-01   1.8015526e-01  -4.6216502e-01  -4.4768543e-01   0.0000000e+00   5.3418521e-01   1.6020640e-02  -4.1825177e-01   4.0156825e-02   2.3133963e-01  -6.8242955e-01   2.7830151e-01  -1.4963849e-01   5.0644125e-02   6.6650344e-01  -1.7478509e-01   8.6300813e-02  -6.1273587e-01   6.9593483e-01  -2.9033358e-01   6.7037631e-02   4.4384999e-01  -3.2604987e-03   1.0932102e-02  -4.0903717e-01  -1.9747886e-01  -5.2883141e-01  -1.3542734e-01   4.3001678e-01  -6.7234234e-02  -7.0104359e-01  -1.6684435e-01   2.0891079e-01  -6.5006005e-01   6.1251358e-01  -8.7533837e-02   5.6653350e-01  -1.2113159e-01  -2.4361452e-01  -3.1217442e-01  -6.2293778e-01   1.2894731e-01  -9.5086267e-04  -2.9451975e-01   2.4219750e-01   5.4866702e-01   6.2154942e-01   1.6188966e-01   2.9149531e-03   7.2459258e-03  -2.5420908e-01   1.2258378e-01   8.1739888e-02  -6.5144037e-01   2.5627869e-01  -1.5106012e-01  -5.0582304e-01  -2.3806239e-01   8.2131291e-02  -5.6159708e-02  -8.4799081e-02  -3.7510650e-01  -8.4566643e-02  -2.5813648e-02   4.8929487e-01  -7.6147970e-02   1.8708701e-01   4.0824331e-01   2.2481537e-01  -4.9812336e-01  -1.0107805e-01   6.7406306e-01  -4.3495409e-02   2.8238942e-01   3.2560338e-01   5.9848966e-01   4.8645325e-01   2.4832057e-01   7.3486314e-01  -3.1066153e-01   4.7751231e-01  -5.9781253e-01   7.2614088e-02  -6.7548239e-01  -5.6728445e-01   4.9774354e-01  -7.1555872e-01  -2.8723404e-01  -9.7222355e-02  -3.2118279e-01  -3.8853330e-04   7.5397715e-01   6.6934032e-02   6.3587228e-01  -3.2087545e-01   1.1219069e-01  -8.2960043e-02   2.3674527e-01  -2.3889675e-01   1.0026857e-01  -2.7168455e-01  -2.6670165e-02   2.2359673e-01  -2.1279596e-01   4.7165402e-01   6.7411848e-01  -3.6580631e-01   3.0072937e-01  -2.9854122e-01   7.4309038e-01  -7.3030510e-02   5.9099897e-01  -6.7362687e-01  -6.5628840e-01  -6.1133253e-02   6.0643681e-01   1.6241024e-01   2.0663961e-01   2.3658712e-01  -3.5205325e-01  -5.1426140e-01  -3.6859586e-01   8.3739362e-02   1.7498705e-01  -2.3762087e-01  -6.8811062e-01  -3.7993118e-02  -2.1148697e-01   6.4998176e-01  -8.7228720e-03   2.5406592e-01   5.4237525e-01  -2.2206964e-01   1.5598784e-01   3.5922082e-01   1.1149942e-01   4.4563064e-01  -3.0928085e-01  -1.3084997e-01  -4.4019097e-01   2.3233585e-01   8.0517592e-01   6.2542093e-01   6.1903118e-01   5.5229048e-02  -6.9204788e-01   3.6657409e-01   3.1687035e-01  -1.7129285e-02   1.0444924e-01   6.4868256e-01  -2.9634417e-01   7.6487145e-02  -3.6487901e-01   4.8047803e-02  -2.2151318e-01  -5.2257359e-01  -1.6958589e-01   4.5848925e-01   6.4097689e-01  -3.3951270e-01  -5.4691796e-01   1.5203680e-01  -1.0172347e-01   7.3891971e-03  -1.7651844e-01  -8.5097708e-02  -3.3147233e-01
