   0.0000000e+00  -3.7604637e-01  -3.7758467e-01  -3.0329870e-01  -3.0728528e-01  -3.1611274e-01  -3.8265105e-01   9.3963061e-02  -2.6617650e-01  -3.5701179e-01  -8.3755893e-02  -4.5711716e-01  -1.6039943e-01   4.2286866e-01   1.0888597e-02   1.1555374e-01  -3.0453821e-01  -1.9986610e-01  -7.6587485e-02  -3.6777790e-01  -1.7203177e-01  -3.1548961e-01  -5.5236005e-02   8.3472255e-01  -1.6679386e-01  -1.0233967e-02  -3.1989041e-01   6.1955328e-02   4.7157152e-02  -4.1270737e-01   1.1598209e-01   8.0264241e-02   2.8067585e-01  -2.7496693e-01  -2.1667674e-01  -4.3800306e-01   3.5154138e-02   8.0482581e-01  -5.3984432e-02  -3.7443541e-01  -3.0137083e-01   1.7288097e-01  -1.7622372e-01   9.5576915e-02  -3.8335918e-01   3.0807250e-01  -3.6043504e-01  -4.7415629e-01  -1.6626770e-01  -1.6903113e-01  -1.3140651e-01   2.7529377e-01  -2.5578001e-01   3.5902019e-01  -4.0206979e-02   2.6947512e-01  -6.7366122e-04  -1.0193845e-01  -7.5452948e-02  -1.3832503e-01   1.7038053e-01  -3.4933061e-01  -2.8169328e-01   1.1184125e-01  -4.7002529e-01  -2.8754633e-01  -3.9017832e-01  -7.7732695e-02  -1.0361283e-01   1.4100697e-01  -2.1925010e-01  -1.3047243e-01  -2.7830311e-01  -1.8303735e-01   6.0531325e-03   1.7696789e-01   3.7229456e-01  -2.2369476e-02  -2.5001129e-01  -2.5137500e-01   1.9123752e-01  -1.8101923e-01   9.3980014e-02   1.8878043e-01   2.4472850e-01   2.7516764e-01  -1.9628114e-01   5.4053419e-01  -1.0728558e-01   8.2259199e-01  -1.5250086e-01   2.2100060e-01  -3.3334905e-01  -1.6426743e-01   7.3914156e-01  -1.8068503e-01  -1.6099373e-01  -4.2828175e-02  -4.5737647e-01  -2.9136126e-01   1.7385859e-01   8.7741839e-02  -3.2272544e-01  -3.6078367e-01  -1.2981895e-01  -9.0133288e-02   1.6609415e-01  -1.2235480e-01  -1.2259470e-01  -1.2008088e-01  -2.1428636e-01  -2.9059901e-02  -2.7275999e-01   8.4216170e-01   2.0517724e-01  -3.2526662e-01  -1.1046231e-01  -3.0942408e-01   4.6433652e-01  -1.7843060e-01   6.4046652e-01  -3.5039969e-01  -1.4401047e-01  -2.1963376e-01   5.5440503e-01   3.6311837e-02  -1.9356402e-01  -1.4633734e-01  -2.1696349e-01  -1.9969366e-01  -1.6803076e-02  -4.7392819e-01  -1.5273966e-01  -5.0449838e-02  -1.8649884e-01   1.4397570e-01  -5.8399156e-02  -5.2542147e-02   9.0675230e-02   8.2560807e-01   7.9082416e-01   9.6332553e-02  -7.5291570e-02   1.0327436e-01   8.2327602e-02  -2.1430632e-01  -4.9393447e-01   4.6687219e-02  -1.5083017e-01  -1.8967007e-01   1.1509518e-01   3.9395087e-02   5.8529563e-01  -3.1878530e-01  -4.4788711e-01   8.6841748e-01   6.2782543e-01   4.4513726e-02   2.9272867e-01   7.6785607e-02  -1.2942675e-01  -8.6354837e-02  -1.0646278e-01  -2.6314843e-01  -1.8529946e-01  -2.8809204e-01  -3.7397082e-01   3.2951340e-02   4.7905448e-01  -2.5630518e-01  -2.3346666e-01   7.4874803e-01  -4.6120160e-01  -3.5289784e-01   1.6651341e-02   3.9122517e-02  -2.4806674e-01
  -3.7604637e-01   0.0000000e+00   5.7571900e-01  -1.7556729e-01   6.8581068e-01  -1.6638909e-01   4.5480200e-01  -4.4573598e-01   4.6529632e-01   4.9350622e-01  -4.1811547e-01   8.3853205e-01  -8.5114766e-02  -4.2786770e-01  -2.4251799e-01  -3.0653529e-01   5.7678758e-01  -1.8140164e-01  -9.2600382e-02   5.9860466e-01   2.2825932e-01  -3.3240102e-01  -2.8376151e-01  -5.0604028e-01   7.6000585e-02  -1.2825190e-03   5.7664680e-01  -6.0073439e-01   3.2895457e-02   3.9332793e-01  -2.0061236e-01  -3.7748382e-01   4.8597985e-02   1.3530727e-01   1.9517057e-01   6.7009683e-01   3.6577495e-01  -3.7366835e-01  -4.5097044e-03   5.9556622e-01   1.5169428e-01  -7.7084671e-02   5.4796218e-01  -3.3234436e-01   2.5927698e-01   3.0719793e-02  -1.0407256e-01   8.1437430e-01   3.1729127e-01   5.3221000e-01  -2.9646678e-01  -4.1434618e-01   6.9757674e-01   1.2652077e-01   1.7232124e-01  -6.9378570e-01  -2.9284627e-01  -2.8026208e-01  -2.7447251e-01  -2.6669363e-01  -1.2743177e-02   3.9346648e-01   7.2419179e-01  -5.9749538e-02   7.5096189e-01   2.7426952e-01   3.2307714e-01   1.2532878e-02  -4.2032121e-01  -3.0015426e-01   7.8527587e-01  -2.8805291e-01   1.6846462e-01   2.3963272e-01   9.7246051e-02  -1.0910180e-01  -1.1407459e-01  -1.8623763e-02   7.8459851e-01   1.6404805e-01  -6.5958024e-01   9.1770761e-02  -2.0735803e-01  -3.6865298e-01   2.8290265e-01  -5.9641777e-01   5.5204543e-01  -6.2121269e-01   3.7445793e-01  -3.8826744e-01   7.9192238e-01   2.2157574e-03   5.2409336e-01  -1.3519197e-01  -2.9989109e-01   5.8847983e-01   2.2599263e-01  -5.9239324e-02   5.1278575e-01   1.4828370e-01   2.0766063e-02  -5.4037076e-01   1.9016651e-02  -2.9471591e-02  -4.4071866e-01   6.9459831e-02   3.4538549e-01  -1.8954195e-01   2.9311078e-01  -1.8636479e-01   1.0177794e-01  -5.5659848e-01   2.9187058e-02  -3.5019111e-01  -5.1969737e-01   8.4162268e-01  -3.3335010e-01   2.1052142e-01  -6.9385076e-01  -1.9508382e-01  -2.2483161e-01   7.2503019e-01   6.3806065e-01   8.1757905e-01  -3.2962951e-01  -5.4933047e-01   4.3182547e-02   2.9051084e-01   4.0886441e-02   4.3306506e-02   8.7840081e-03   7.7831038e-01   5.8793182e-02   2.6704065e-01  -8.0524010e-02  -6.4888424e-02   3.7511930e-03   1.7572972e-01  -1.5893090e-01  -2.8228288e-01  -4.3431330e-01   9.5578678e-02  -5.5746302e-01  -5.0046192e-01  -5.3254269e-01   9.9957323e-02   5.7059156e-01   7.5448347e-02  -1.2589450e-01   3.6380099e-01  -7.0530497e-02  -1.4806432e-01  -1.7513479e-01   2.9989292e-01   7.1808376e-01  -3.5676610e-01  -1.4154345e-01  -2.7686615e-01   5.2176225e-02  -5.8690376e-01   3.4550116e-01  -5.2473239e-01   6.8080005e-01  -1.1908890e-01  -6.6388814e-02   7.1557412e-01   1.6175694e-01  -3.5213221e-01  -7.2058844e-02   6.6697042e-01   7.3235421e-01  -3.0064147e-01   4.4604499e-02  -5.0978507e-02   8.5935673e-02   1.5989562e-01  -1.9106397e-01
  -3.7758467e-01   5.7571900e-01   0.0000000e+00  -1.3181553e-01   6.3926808e-01   2.5308284e-01   3.0859790e-01  -5.4243394e-01   1.9838529e-01   5.9573154e-01  -1.2294257e-01   5.7588460e-01  -5.1362687e-02  -4.8765095e-01  -2.3116845e-01  -1.2972618e-01   8.6942360e-01   9.4560088e-02   6.5001826e-02   6.2058950e-01   2.3485546e-01  -2.7315709e-01  -2.1782170e-02  -4.9905204e-01   3.0508791e-02  -1.6221290e-01   5.4051308e-01  -3.2825443e-01   9.6629184e-02   1.6159537e-01  -2.4784579e-01  -3.7511673e-01   1.7494300e-01   1.9500408e-01  -1.3152350e-01   6.1997856e-01   2.1442391e-01  -3.6571182e-01   4.9528499e-02   7.4467221e-01   8.2952496e-02   5.0744599e-02   1.6734324e-01  -2.8100007e-01  -2.4291266e-02   2.1290072e-01   1.4355630e-01   5.5694935e-01   1.9811161e-01   6.9513758e-01  -1.1720285e-01  -5.5263264e-01   4.1571820e-01   2.5182690e-01   1.1290948e-01  -4.6572583e-01  -1.5503832e-01  -2.8177228e-01  -2.8486371e-01  -3.0356540e-01   1.3344953e-01   1.9245832e-01   3.9380591e-01  -2.3472892e-01   3.3630187e-01   2.7389217e-01   5.4990106e-01   1.5593289e-01  -9.0557878e-02   2.6260934e-01   4.6433942e-01  -1.8137746e-01   2.1621222e-01   4.1775815e-01  -6.3917685e-02  -2.0147832e-01  -2.0836786e-02   1.7184041e-01   5.2538527e-01   6.1916813e-02  -4.7711248e-01   9.7042521e-02  -9.6177268e-02  -4.6655474e-01   2.3598506e-01  -5.0157865e-01   1.1886745e-01  -4.9030116e-01   1.9245433e-01  -2.7312154e-01   5.2955090e-01   2.0573198e-01   5.8935346e-01  -1.5783434e-01  -2.5761780e-01   5.1302755e-01   5.9105139e-03  -1.2327185e-01   4.5906509e-01   1.6407495e-01  -2.2153379e-02  -3.6789893e-01  -6.8500770e-02  -1.1637405e-01  -3.6303257e-01   3.4232174e-02   3.0074378e-01  -1.9273035e-01   1.3271043e-01   1.3909930e-01   1.8825868e-01  -3.2860815e-01  -7.1734420e-03  -2.7761063e-01  -2.4473907e-01   5.6815846e-01  -2.3471543e-01   1.3601090e-01  -4.6618387e-01  -2.6657221e-01  -1.3025877e-01   6.1284635e-01   3.1319989e-01   4.7228733e-01  -1.6231823e-01  -4.3126074e-01  -5.2256908e-02   2.3584546e-01  -1.6437061e-02   4.9164004e-01  -7.8713836e-02   5.0899163e-01  -3.2091127e-02   8.7859480e-02  -2.1238952e-01  -1.6786303e-01  -1.5180779e-01   1.6153597e-01  -2.2774164e-01  -3.5466661e-01  -4.3691338e-01  -7.2537879e-03  -4.0405465e-01  -1.1182896e-01  -3.6692460e-01  -1.1464667e-01   4.7575751e-01   2.2738196e-01   7.0747740e-02   1.0182148e-01   1.9910438e-01  -1.7050701e-01  -5.3948691e-02   1.8422500e-01   7.5299812e-01  -3.3020503e-01  -1.6274438e-01  -4.4015426e-01   9.3484959e-02  -4.0970243e-01   1.9227682e-01  -3.0482723e-01   5.5687336e-01  -8.2292875e-02   2.7729490e-04   4.3692829e-01   1.2093925e-01  -1.4334131e-01   8.1540910e-02   4.0780426e-01   4.1715206e-01  -2.9826876e-01   2.3472177e-01   3.0974675e-01  -3.1614702e-02   1.6664239e-01  -6.8814441e-02
  -3.0329870e-01  -1.7556729e-01  -1.3181553e-01   0.0000000e+00  -1.1828922e-02   2.8503492e-01  -1.4588611e-02   3.8657596e-01   3.0510424e-01   1.3817050e-01   2.9964521e-01  -1.1248680e-01   1.7257654e-01  -2.3167270e-01  -1.0058958e-01   6.6460219e-04  -1.0370751e-01   2.9498998e-01   1.3779589e-01   8.0559869e-02  -3.0712478e-01   5.5182650e-01   1.2854779e-01  -1.1031922e-01   2.2624600e-01   1.2867722e-01   7.8910550e-02   1.9848528e-01  -3.1761328e-02   2.1409917e-01  -2.6655814e-01   3.3349279e-01  -1.7595581e-01  -5.1648109e-02   8.6814878e-02  -2.4813477e-02  -2.7519705e-01  -2.1958722e-01  -1.0688618e-01  -1.2016964e-01   1.1168798e-01   2.4750766e-02  -3.1762907e-02   2.1344735e-01   5.6154073e-02  -1.9309497e-01   4.6298024e-01  -5.3816250e-02  -1.0429047e-01  -3.6286333e-01   2.8724984e-01   2.3722155e-01  -3.0795626e-01  -1.8160130e-01  -2.0394970e-01   1.1382800e-01   2.2847960e-01   6.7166252e-01   3.1040074e-01   3.1784630e-01  -9.8655419e-02  -8.6589541e-02   1.7096370e-01  -2.1103919e-01  -7.5022479e-02   1.8919613e-01   1.7183449e-01  -6.7424308e-02   5.4522447e-01  -7.2784909e-02  -1.8050545e-01   2.8499489e-01   4.4018547e-02  -6.5598784e-02   1.0684034e-01   4.2696256e-01  -1.7943370e-01   5.6687810e-02  -1.5719637e-01   3.0448583e-01   6.5256408e-02   1.3385567e-01  -9.6238207e-02   1.1900562e-01  -5.5400117e-01   2.4885686e-01  -1.1698872e-01  -8.2171666e-02  -1.3746413e-01  -2.5034463e-01  -2.5649257e-01  -1.5230159e-01   6.5010370e-03   5.7337924e-01  -2.7212942e-01  -9.2796428e-02   2.1419434e-01   2.8326376e-01   3.2651109e-01   1.5966796e-01  -4.1929479e-01   9.3545826e-02   5.9999216e-02   5.2519709e-01   2.6602483e-01   4.3616612e-01  -2.4898344e-01   4.5054760e-01  -1.1466866e-01   1.1553265e-01  -7.7874591e-02   3.4076301e-01   4.3481913e-01  -2.4706735e-01  -1.0101869e-01  -1.0518927e-01   2.7633830e-01   1.1531414e-01  -1.2433051e-01   5.8506687e-01  -1.4806366e-01  -7.7902522e-02  -1.2768728e-02  -3.9263734e-01  -1.1706356e-01   2.7030154e-01  -1.6471124e-01   1.2585377e-01   6.6107126e-01  -3.4371992e-02  -1.1078812e-01  -1.0628173e-01   1.3400214e-01  -4.0770505e-01   6.3660605e-01   3.2360023e-01   1.4667383e-01  -3.0394949e-01   2.9610239e-01  -2.5992824e-01  -2.6934408e-01  -1.7195313e-01   4.7366849e-01  -3.7108181e-02   3.8005369e-02   8.9948080e-02   1.1037931e-02   1.1126506e-01   3.1757024e-01  -3.0842692e-01  -3.4139994e-01  -1.9090527e-01  -1.5759810e-01   8.4702226e-02  -1.2578483e-01  -2.4641252e-01  -2.4176427e-01   2.0282799e-01  -2.9042533e-01   2.1881156e-01   8.0381193e-02   4.7487145e-01  -2.2535532e-01   4.7265547e-01   5.6189464e-01  -2.9594478e-02   2.4457430e-01  -7.9251235e-02  -3.0165052e-01  -1.8958195e-01  -5.3040749e-02  -1.8927736e-01   4.1748171e-01   1.0037484e-01   8.3724803e-02  -3.8931870e-02   6.6168890e-01
  -3.0728528e-01   6.8581068e-01   6.3926808e-01  -1.1828922e-02   0.0000000e+00  -2.2299765e-02   2.0808345e-01  -4.6609395e-01   4.9292782e-01   5.0514473e-01  -2.5844792e-01   6.0553410e-01   1.0009315e-01  -5.3831225e-01  -4.1303712e-01  -2.2034513e-01   6.6355981e-01   2.7678650e-02  -1.2916617e-01   8.7373331e-01   4.4401364e-02  -3.6465374e-01  -2.1376300e-01  -4.6217225e-01   1.0482395e-01  -7.8584316e-02   6.8840651e-01  -6.0136941e-01  -1.3936158e-02   4.2503660e-01  -4.6504618e-01  -3.8441688e-01   1.0762147e-01  -7.1978595e-02  -3.1279784e-02   7.5765791e-01   1.7663571e-01  -3.6616976e-01   1.6569934e-01   6.8304098e-01   1.9841167e-01   2.7697661e-02   5.4511456e-01  -2.4160039e-01   2.3062814e-01   3.2265239e-02   1.6707417e-01   6.2146224e-01   3.1689403e-01   6.1937718e-01  -2.1975219e-01  -4.2992975e-01   3.0065159e-01   2.4260965e-01   8.1095861e-02  -6.1103180e-01  -3.5586329e-01  -2.6878616e-01  -3.1262306e-01  -2.3814059e-01  -4.0025005e-02   3.1178239e-01   5.7379430e-01  -3.8611128e-01   5.5132947e-01   1.9349428e-01   5.5301717e-01   1.0159956e-01  -1.7198410e-01  -2.4877984e-01   5.8828220e-01  -1.7009804e-01   2.7939143e-01   2.6913561e-01   1.9700998e-01  -1.2485902e-01  -1.8260258e-01   2.5911593e-02   8.0769012e-01   2.2809992e-01  -7.0302601e-01   2.3211844e-01  -3.2393380e-01  -4.0990021e-01   3.4108116e-02  -5.6478211e-01   2.2802651e-01  -5.0072945e-01   4.2256370e-01  -4.4147544e-01   7.5740039e-01  -1.1915101e-02   3.1901876e-01  -6.6211423e-02  -3.2592852e-01   7.4044240e-01   3.5453741e-01  -8.6682188e-02   7.0340550e-01   4.0679618e-05  -2.1172886e-01  -6.1291875e-01  -1.4806628e-01  -3.0573112e-02  -3.0216983e-01   6.7997646e-02   3.2432857e-01  -1.3050569e-01   1.0567232e-01  -1.1337622e-01  -1.4034220e-01  -3.6215040e-01   8.7895093e-02  -3.2512355e-01  -6.3744440e-01   7.8333904e-01  -2.9405358e-01   2.2296928e-01  -6.6411380e-01  -1.0441625e-01  -2.2023324e-01   7.9970580e-01   6.9627132e-01   5.8126187e-01  -3.6632269e-01  -5.1754391e-01  -4.7965084e-02   3.7260803e-01   5.7299873e-02   1.0025837e-01   2.3690443e-02   6.0673781e-01   1.0057098e-01  -1.1209389e-01   4.9535153e-02  -1.2666700e-01   1.9427704e-01  -1.7298443e-01  -2.6142335e-01  -2.7208077e-01  -3.3646194e-01   1.7935062e-01  -4.2035321e-01  -5.0613454e-01  -4.7671921e-01  -3.2650393e-02   3.2808584e-01   2.3226849e-01  -1.2182086e-02   5.9762102e-02  -2.7678991e-01  -4.7329601e-01  -1.3997117e-01   2.5956130e-01   7.2675605e-01  -3.2065184e-01  -2.0064504e-01  -2.7567881e-01  -2.3680470e-02  -5.8743924e-01   4.3482812e-01  -3.8393455e-01   5.4311750e-01  -3.8096639e-02   6.4073482e-02   6.3728716e-01   6.2070203e-02  -4.8971910e-01  -1.0933989e-01   5.0352343e-01   6.7864006e-01  -3.1336441e-01   3.0586836e-01   6.8850745e-02  -8.1690829e-03   1.6644168e-01  -1.1706577e-01
  -3.1611274e-01  -1.6638909e-01   2.5308284e-01   2.8503492e-01  -2.2299765e-02   0.0000000e+00   2.8706808e-01   7.0021791e-02  -1.1419049e-02   2.3915093e-01   4.5546764e-01  -1.1471278e-01  -1.3588367e-01  -1.4395283e-01   3.0384482e-01   1.4798133e-01   1.3246513e-01   3.9300759e-01   3.8189669e-01  -6.1388487e-02   1.7817858e-01   3.1489247e-01   5.0429014e-01  -3.9131179e-01  -1.9074771e-01  -1.4062675e-01   2.0459483e-01   2.9181451e-01  -1.1046950e-01   1.2181656e-01   1.5877192e-02  -1.3710878e-01  -1.8728205e-01   4.3831045e-01  -2.5796976e-01   3.0091046e-02  -2.6429340e-01  -1.7812470e-01  -4.5520923e-02  -8.8712250e-03  -1.4689965e-01   6.0037950e-02  -1.7576075e-01   1.0416585e-02  -5.6888685e-02   9.9396530e-03   6.4158591e-01   1.1386630e-01  -3.0951647e-01  -1.1236153e-01   2.4089686e-01  -1.5876564e-01  -1.6876389e-01  -1.0921083e-01   1.0810715e-01   1.3450399e-01   2.3019944e-01   5.1465824e-02   1.0167904e-01   1.0152468e-01   1.0598855e-02   6.7544929e-02  -1.1558539e-01   8.2170756e-02  -1.6652559e-01   3.7257708e-01   6.3496873e-01   1.0683357e-01   4.4022627e-01   4.7216570e-01  -4.1200519e-01   4.7564485e-01  -7.5985800e-02   1.3236602e-01  -3.3168981e-01  -1.2361174e-01   6.0833407e-03  -7.5461554e-02  -3.4898793e-01  -1.3918297e-01   2.3861549e-01  -9.8214238e-02   1.6845722e-01  -2.1979380e-01  -4.4827183e-02   3.5585472e-03  -2.4702385e-01  -1.9962574e-02  -4.2844606e-01  -2.2425086e-01  -3.3661334e-01   9.1360133e-02   1.2502808e-01  -1.2405966e-02  -1.3123023e-01  -3.6863094e-01  -1.0093817e-01   8.8590441e-02   1.6913648e-01   1.5018127e-01  -1.8798183e-01   3.2239320e-01   5.0596081e-01   4.1283078e-02   1.6120713e-01  -1.7199250e-01  -2.3295410e-01   1.2361916e-01   2.1646126e-01   5.3287899e-01   4.2109836e-01   4.8990175e-01   2.7020715e-02  -1.5356405e-01   1.6922903e-01  -1.4331187e-01   1.8905143e-02  -2.5698667e-02   8.4243904e-02   2.3823256e-01  -2.0429551e-01  -1.8229502e-01  -2.8442426e-01  -3.9757525e-01  -1.1125646e-01   1.7485790e-01   1.7186147e-02  -1.4564347e-01   7.9316893e-02   3.1882398e-01  -2.7886432e-01   5.9916077e-02   9.3362608e-02  -2.3896714e-01   1.8224136e-02   3.3749781e-02  -2.7796732e-01  -4.0220402e-02   1.8655933e-02  -2.6077267e-01  -3.0364179e-01  -2.8162689e-01   2.4997451e-01   5.9341208e-01   1.2756522e-01  -1.3910171e-01   5.0633517e-04   2.8421787e-01   6.1654353e-01  -2.0607868e-01  -5.2290620e-02   1.6600354e-01  -2.0830165e-01   6.9283492e-02   1.7768205e-01  -3.7428681e-01  -2.0117220e-01  -1.9313758e-01  -7.9420851e-02   5.1573993e-01  -8.6006900e-02   2.2874570e-01  -8.0884421e-02   2.0693232e-01   1.2260235e-02  -9.5761253e-02   3.0748685e-01   3.0247704e-01  -4.5335802e-02  -3.5454958e-01  -5.0671641e-02  -2.6091895e-01   6.2605421e-01   7.7249114e-01  -2.3228185e-01  -9.1551950e-02   1.9240057e-01
  -3.8265105e-01   4.5480200e-01   3.0859790e-01  -1.4588611e-02   2.0808345e-01   2.8706808e-01   0.0000000e+00  -2.3885008e-01   3.1124118e-01   4.6798130e-01   1.1424582e-01   6.8055549e-01  -2.9702540e-01  -5.1814519e-01   4.0489327e-01   3.2803129e-02   3.3999602e-02   1.9214384e-01   1.6982732e-01   1.9982012e-01   8.2520859e-02  -6.6958860e-02   1.9645426e-01  -5.4210543e-01  -8.6258189e-02  -2.5811761e-03   4.7165562e-01  -5.5820258e-02  -9.1462411e-02   3.4582185e-01  -7.8793008e-02  -2.4722641e-01  -1.7308829e-01   7.0595851e-01   3.8728958e-01   5.5508510e-01   2.0123170e-01  -2.0159652e-01  -1.1000022e-01   2.0803006e-01  -5.0005800e-02   2.4531242e-04   1.1239083e-01  -4.1822067e-01   3.0153636e-01  -5.0053557e-02   1.9675994e-01   7.0895786e-01  -1.9403168e-01  -4.9880559e-02   1.0879521e-01  -2.3433326e-01   5.0458142e-01  -3.4285469e-01   5.1312597e-02  -4.2476259e-01  -1.6950121e-01  -2.1331751e-01  -3.3664373e-02  -3.4149738e-02  -5.1623561e-04   5.0357525e-01   2.0907824e-01  -2.5793151e-04   4.7374255e-01   5.8838822e-01   4.0449750e-01   1.5311676e-02  -1.9463458e-01  -2.9738755e-02   1.6895901e-01   1.7345561e-01  -1.1747839e-03  -2.8103834e-02  -3.1242370e-01  -1.5417415e-01  -5.4745445e-02  -3.1887025e-02   1.9004146e-01  -8.1910623e-02  -1.8963050e-02  -4.7042384e-02  -1.4176479e-01  -2.7562024e-01  -2.0138928e-02  -2.2863530e-01   3.5443261e-01  -3.7316477e-01  -2.4789830e-01  -2.1185813e-01   1.5551025e-01   1.8457411e-02   5.5800591e-01  -4.5462443e-02  -1.4825036e-01  -9.7107828e-02  -4.0218892e-02  -6.9636467e-02   3.3488820e-01   4.3178840e-01  -1.9404437e-01   1.4457997e-02   2.3838205e-01  -1.5211452e-01  -1.3356678e-01  -9.7050189e-02  -2.1480777e-01  -2.2349931e-01   3.6915750e-01   2.0626931e-01   5.2437049e-01   1.8692025e-04  -1.1449778e-01  -2.0118213e-01   4.2352599e-02   4.4398992e-01  -2.8918560e-01   1.2999663e-01  -4.0055296e-01  -1.1252598e-01  -2.2858966e-01   1.9282064e-01  -9.9372279e-03   3.0795810e-01  -1.8998564e-01  -2.3433168e-01   6.5437496e-02  -8.9150252e-02  -4.7081765e-02  -6.9975385e-02  -2.1981501e-01   7.3768083e-01  -2.5969983e-01   2.1607797e-01  -2.1835529e-01  -4.9575591e-03  -2.7475517e-01   2.5177313e-01   1.6079922e-02  -3.0037944e-01  -3.8696584e-01  -3.5180772e-01  -6.8447882e-02  -1.0794042e-01  -4.2114098e-02   8.4171991e-02   6.9716616e-01   9.2930575e-02   4.1187989e-01   3.5179613e-01  -3.6637926e-02   2.5337082e-01  -2.1300753e-01   3.5394757e-01   4.6972236e-01  -3.2179299e-01  -9.7517706e-02  -1.5107366e-01  -5.0055508e-02   7.8039587e-02   9.4674201e-02  -1.6349896e-01   3.7517964e-01   1.2694533e-02  -2.7782092e-01   5.9302268e-01   6.1245604e-01  -1.2292583e-01  -5.8306890e-02   2.0040421e-01   5.1211814e-01  -2.4795920e-01   3.7439613e-01   9.2050625e-02  -1.3123269e-01  -2.1946473e-01  -2.4730977e-01
   9.3963061e-02  -4.4573598e-01  -5.4243394e-01   3.8657596e-01  -4.6609395e-01   7.0021791e-02  -2.3885008e-01   0.0000000e+00  -2.9842373e-02  -3.7170289e-01   7.7746215e-02  -4.5201497e-01  -8.5419682e-02   3.0777004e-01  -6.8838086e-04  -1.8028632e-01  -4.2148063e-01  -1.5364524e-01   2.1737086e-01  -4.1724815e-01  -2.9165696e-01   4.7974480e-01  -4.7493301e-03   2.3758853e-01   6.2415668e-02   4.0392932e-01  -2.8098067e-01   4.0759837e-01  -4.0429867e-02  -1.1236564e-01   1.0140880e-01   3.1773846e-01  -2.8882275e-01  -8.4128731e-02   6.0687530e-02  -5.3513279e-01  -3.4541660e-01   6.3862576e-02  -3.8606330e-01  -4.9698505e-01  -1.7681364e-01  -1.3555499e-01  -1.8130202e-01   4.4518062e-01  -1.6306602e-01  -1.8299182e-01   2.1877311e-02  -3.8897135e-01  -3.2354374e-01  -5.0934599e-01   5.3371473e-02   7.9505103e-01  -3.9290625e-01  -2.2226275e-01  -1.1294606e-01   4.2959135e-01   5.5256538e-01   5.7773933e-01   2.4058458e-01   3.5699725e-01  -1.5473120e-01  -3.4067570e-01  -1.9689300e-01   8.4770310e-02  -3.8152959e-01  -1.9515770e-01  -1.4944659e-01  -9.2698323e-02   5.2019904e-01  -8.9108087e-02  -4.0913239e-01   7.2171487e-02  -2.8822141e-01  -1.1067462e-01   3.8247317e-02   5.9009863e-01  -4.5673077e-03  -1.2086132e-01  -4.4448178e-01   8.0927085e-02   3.8879449e-01  -3.3374493e-01   2.6652595e-02   6.8852280e-01  -2.0243318e-01   5.3073592e-01  -1.2676478e-01   2.2699922e-01  -2.8667698e-01   6.5875640e-02  -4.2649168e-01  -7.6188027e-02  -3.2624049e-01   4.3081627e-01   3.8996219e-02  -3.6928573e-01   5.3868710e-02   4.9536735e-01  -1.0701060e-01  -1.5942459e-01  -8.7083267e-02   2.9175041e-01   1.7286571e-01   3.9038361e-01   2.3784335e-01   3.2675472e-01  -3.1659274e-01   6.8457209e-01  -2.1110423e-01  -6.7967222e-02  -1.6097844e-01   2.6801215e-01   3.3444024e-01   5.9106013e-02   1.3330258e-01  -4.2867948e-01   4.2924749e-01  -2.1315273e-01   3.8569005e-01   1.7459839e-01  -3.2824762e-03  -3.9842119e-01  -2.8443137e-01  -5.5500535e-01   9.3672790e-02   3.8041407e-01  -1.5953573e-01  -2.6651418e-01   3.9725329e-01  -1.3485518e-01  -1.7093005e-01  -4.1790110e-01   3.2443129e-01  -2.8031678e-01   4.4964679e-01   6.1512978e-01  -3.2062970e-02  -1.5172372e-01   5.9697096e-01   1.2585041e-01   1.6070710e-01  -3.6190490e-02   4.3399946e-01   2.4386592e-01   1.5926622e-01   1.7948817e-01  -2.9494180e-01  -2.3823380e-01  -4.1020223e-03  -3.0040823e-01  -1.7470747e-01   1.2191278e-01  -7.1402511e-02  -3.1483682e-01  -3.9224838e-01   9.0899350e-02   4.9402282e-03   1.9083012e-01  -1.2897535e-01   4.1131145e-01  -3.6964698e-02   4.7846695e-01  -4.5294002e-01   2.0600724e-01   3.4012140e-01  -3.4947284e-01  -8.3834095e-02   2.6273209e-01  -1.8542363e-01  -4.0066487e-01  -2.9142031e-01   1.5328358e-01  -3.8387755e-02   1.5355454e-01   3.1232901e-02  -1.6817988e-01   5.0524254e-01
  -2.6617650e-01   4.6529632e-01   1.9838529e-01   3.0510424e-01   4.9292782e-01  -1.1419049e-02   3.1124118e-01  -2.9842373e-02   0.0000000e+00   3.6865055e-01  -1.6716938e-01   3.8953206e-01  -9.3504395e-02  -3.7133445e-01  -2.7493617e-01  -3.1075227e-01   1.3196624e-01  -1.3937864e-01   3.3677314e-02   4.4710936e-01  -1.5313418e-01  -7.7059015e-02  -2.0153331e-01  -3.5987113e-01   1.0999316e-01   2.5605105e-01   5.5366261e-01  -3.3874101e-01  -6.6302421e-02   4.0858101e-01  -2.6597886e-01  -1.9831384e-01   7.5392190e-03   5.3989435e-02   2.2268787e-01   3.7292857e-01  -1.1124162e-01  -1.2923459e-01  -6.6892045e-02   3.2269322e-01   1.3368033e-01   1.0650968e-01   6.0880834e-01  -5.7996845e-02   1.3573462e-01  -2.0292627e-01   1.0259570e-01   4.7423350e-01   1.2075070e-01   8.9043075e-02  -2.4660684e-01   6.2716753e-02   2.1288579e-01  -6.6581828e-02  -2.8460657e-02  -4.1336835e-01  -1.8937443e-01   9.2652396e-02  -1.8313766e-01  -2.4927368e-02  -1.9658156e-01   2.3376330e-01   6.1788459e-01  -2.3661247e-01   4.3141584e-01   2.4733292e-01   3.4277329e-01  -2.0808435e-02  -4.8042784e-02  -4.3709222e-01   3.5723965e-01  -4.6778651e-02   2.5129655e-01  -8.4898488e-02  -8.7996799e-02   2.2547800e-01  -1.6466943e-01  -4.5186969e-02   4.6990017e-01   2.8655582e-01  -3.8717188e-01   1.1229727e-01  -2.5982437e-01  -4.4226016e-02  -2.4362648e-01  -1.8954915e-01   3.2884328e-01  -3.9094451e-01   2.3285775e-01  -3.8375387e-01   4.0836770e-01  -1.6257173e-01   2.2378063e-01   4.1977293e-01  -1.9064981e-01   4.0455618e-01   2.7017880e-01   1.3132275e-01   5.7702284e-01   6.0771439e-03  -2.4782681e-01  -4.1014645e-01  -4.6884263e-02   1.8608520e-01  -2.3450388e-01   9.3152651e-02   8.3010748e-02   1.8256807e-01  -1.9776628e-02  -1.2681084e-01  -7.5881615e-02  -2.3898851e-01   2.1810880e-01  -2.5664832e-01  -4.3533914e-01   5.3238792e-01  -1.1900092e-02   3.1017577e-01  -5.2527339e-01   1.2937893e-01  -2.1068215e-01   4.6338785e-01   5.0271027e-01   3.1397801e-01  -3.8590485e-01  -2.6177281e-01  -3.1788614e-01   1.9495775e-01   3.9517373e-01  -1.1729180e-01  -1.4226561e-01   4.0917186e-01  -4.3385392e-02  -1.1574622e-01   4.3660314e-01   2.0651291e-01   1.8319505e-01  -1.1104789e-01   1.4786414e-01  -9.5079631e-02  -2.1934798e-01  -1.9869806e-02  -8.0757704e-02  -4.5083335e-01  -2.9280936e-01   1.7501798e-01   3.3871283e-01   1.5981594e-01   1.0346423e-01  -7.5620455e-02  -3.9202154e-01  -3.2093236e-01  -2.0909704e-01   2.4939079e-01   4.2810145e-01  -1.5437510e-01  -1.1548476e-01  -6.0462225e-02  -1.9953255e-01  -2.5843101e-01   3.4650768e-01  -1.0360704e-01   3.6086962e-01   1.7060961e-02   2.0147296e-01   5.0334598e-01   2.3102308e-01  -4.0215322e-01  -2.4717825e-01   2.4114357e-01   5.3778845e-01  -1.1384402e-01   2.3814644e-01  -7.8297815e-02  -7.4208695e-02   8.3282286e-02   1.1400946e-01
  -3.5701179e-01   4.9350622e-01   5.9573154e-01   1.3817050e-01   5.0514473e-01   2.3915093e-01   4.6798130e-01  -3.7170289e-01   3.6865055e-01   0.0000000e+00   3.8828375e-02   4.6900621e-01  -1.2393938e-02  -3.9999664e-01  -1.0605389e-01   3.4686847e-02   4.5599479e-01   1.7488723e-01   1.5891182e-01   5.3396440e-01   2.3893442e-01  -5.5725963e-02   3.9349315e-01  -4.3490446e-01  -7.4378662e-03   3.3739418e-02   4.3197990e-01  -1.6531696e-01  -6.7675114e-02   2.0301714e-01  -1.9275551e-01  -2.1097628e-01   7.9910617e-02   4.1904993e-01   7.8392417e-02   6.4620124e-01   3.0833080e-01  -2.4319947e-01   5.9232859e-02   5.1795536e-01   8.4561461e-02   1.2387383e-01   8.8636778e-02  -1.3009513e-01   8.2588290e-02  -7.1104272e-02   2.2454995e-01   5.3381966e-01   2.0699718e-01   2.3449479e-01   8.7760308e-02  -3.4127920e-01   3.8634973e-01  -6.5638328e-02   1.5500138e-01  -3.4089134e-01  -2.4946746e-01  -3.7883361e-02  -2.0356056e-01  -1.5147149e-01  -1.7816803e-01   3.3412665e-01   3.0701521e-01  -8.3567879e-02   2.6110499e-01   8.2074793e-01   4.6732713e-01  -8.0128840e-02  -8.5502587e-02   1.5623776e-01   3.8132309e-01   1.2354947e-01   2.2617081e-01   2.2552670e-02  -9.8853000e-02  -4.6613636e-02  -2.2672064e-01   3.6725394e-01   3.3413766e-01   8.1603453e-02  -2.5535118e-01   1.4971141e-01  -9.6264924e-02  -2.7967871e-01   2.3458073e-02  -2.6509787e-01   1.4260413e-01  -3.3031620e-01   8.2078978e-03  -2.8040451e-01   4.1611570e-01  -1.1893289e-01   6.4983883e-01   3.1566834e-02  -2.1967430e-01   3.2103565e-01   1.4651638e-01   8.4954888e-02   5.1473372e-01   6.3117860e-01   4.5035108e-02  -1.9600160e-01  -2.4025609e-02  -1.7918144e-02  -2.3538744e-01   4.9437442e-02   3.7612792e-02  -5.1137318e-02   3.7688684e-01   2.0252342e-01   3.2674743e-01  -1.6965748e-01  -1.4900863e-02  -2.2409901e-01  -6.2141265e-02   5.0366434e-01  -1.1878767e-01   2.7143333e-01  -4.6404686e-01   7.2548150e-02  -2.8277903e-01   4.8710730e-01   1.8055430e-01   3.1541035e-01  -3.0366461e-01  -2.7332275e-01   1.1244307e-01   1.8936840e-01   1.9432160e-01   2.5688409e-01   7.0001681e-03   5.2361603e-01  -8.5253369e-02   1.6002955e-01  -1.7263396e-02  -3.9841605e-02  -4.9784122e-02   2.1940392e-01  -1.0066986e-01  -2.3055463e-01  -3.6626272e-01  -2.0992991e-02  -1.5767631e-01  -2.7908010e-01  -2.0499812e-01  -7.7263189e-02   4.7710235e-01   3.5569807e-01   4.4173934e-01   2.4704003e-01   1.1117413e-01  -1.0312283e-01  -2.6387109e-01   3.3901563e-01   5.0115573e-01  -2.9502062e-01  -2.7277196e-01  -2.1935669e-01  -1.8413835e-01  -2.0107139e-01   1.2298706e-01  -1.5667455e-01   7.0036914e-01   6.7367523e-02   1.3192472e-01   4.5842754e-01   3.7629993e-01  -1.6208820e-01  -1.2053922e-01   3.7172639e-01   4.5908241e-01  -2.5615193e-01   2.1941805e-01  -1.3860317e-02  -6.7711712e-03  -3.9465909e-02  -1.9451651e-02
  -8.3755893e-02  -4.1811547e-01  -1.2294257e-01   2.9964521e-01  -2.5844792e-01   4.5546764e-01   1.1424582e-01   7.7746215e-02  -1.6716938e-01   3.8828375e-02   0.0000000e+00  -1.4914670e-01   4.8592760e-02  -6.6799259e-02   4.4078119e-01   5.3845120e-01  -2.5814645e-01   7.8495141e-01   2.7548360e-01  -3.1094636e-01  -8.2737393e-02   3.8636061e-01   4.6279499e-01  -5.0449093e-02  -1.1113391e-03  -1.1309934e-01  -2.1949512e-01   2.5779074e-01  -5.4160106e-02   1.3290310e-01   3.5382581e-02   3.9248101e-01  -1.0884422e-01   2.0733405e-01   9.7001428e-03  -6.1612472e-02  -1.7374061e-01   1.9706365e-02   2.8636271e-01  -4.3258868e-01   8.8511307e-02   1.4921034e-01  -4.5878063e-01   2.6906751e-01   1.0013562e-01  -1.2368851e-01   7.1062283e-01  -2.1825009e-01  -2.3798594e-01  -4.8417513e-01   7.1605306e-01  -4.0598631e-03  -2.9789551e-01  -2.8752982e-01  -1.5337296e-01   3.8417035e-01   1.4609831e-01   2.4197292e-01   5.2086312e-01   4.1066181e-01   4.4618679e-03  -1.0184807e-01  -3.7430937e-01   2.5417860e-01  -1.5403354e-01   3.6639786e-01   1.1777256e-01   6.9172710e-02   4.7199264e-01   2.5241094e-01  -6.0899969e-01   6.6045671e-01   6.6495609e-02  -2.4712673e-01  -1.8763004e-01  -1.4458149e-01   1.9569781e-02   4.3507204e-02  -5.5554027e-01  -8.4361856e-03   3.6109168e-01   1.5316705e-01   3.2865807e-01  -1.0530758e-01  -1.4538151e-01   2.8013654e-01  -2.8283936e-01   2.0882632e-01  -3.7964740e-01   5.7719912e-02  -5.8499777e-01  -1.1039993e-01  -1.7754586e-01   4.2590612e-02   3.2866908e-02  -5.9770664e-01   3.9745075e-02   1.4294484e-01  -8.8578449e-02   2.5864356e-01  -1.5584940e-01   5.9492645e-01   1.1698333e-01   8.9039060e-02   5.7016634e-01   5.8696043e-02  -2.1709974e-01   1.3105293e-01  -1.0456995e-01   6.1985695e-01   3.8238285e-01   6.7270103e-01   1.9916683e-01   5.9352540e-02   2.1763051e-01  -3.6654192e-01   1.2329676e-01   1.9039181e-02   1.3808487e-01   2.9873423e-01  -3.5076334e-02  -5.5680321e-01  -5.0352805e-01  -3.9884740e-01  -5.0797507e-03   3.6104378e-01   2.5747014e-01  -1.6894966e-01   6.2268302e-02   6.6633660e-03  -2.7445053e-02  -1.2376601e-02  -1.7514582e-01  -6.6794935e-02  -2.5248165e-02  -4.3855996e-02  -1.3597526e-01  -6.3465230e-02  -2.0082762e-02   2.6426373e-03   3.3505086e-02  -2.5629941e-01   6.8236558e-01   2.8355986e-01   4.3004105e-01   7.2100948e-02  -3.0855723e-01   3.0925331e-01   6.6641873e-01  -7.1957965e-02  -1.3261396e-01   1.3008606e-01  -7.4306941e-02   3.3270726e-01  -2.6804850e-01  -3.6513256e-02  -5.5807569e-02   3.7621049e-01  -1.6930249e-01   4.9248901e-01  -1.1676992e-01   5.5705696e-01  -1.9276124e-01   5.1761469e-01   1.0789407e-01  -2.5040938e-01   5.5509451e-01   2.3444760e-01   2.3510941e-02  -4.4073020e-01  -2.5185662e-01  -6.2097338e-03   5.3286859e-01   1.7845326e-01  -4.2801167e-02  -8.0348089e-02   1.3478447e-01
  -4.5711716e-01   8.3853205e-01   5.7588460e-01  -1.1248680e-01   6.0553410e-01  -1.1471278e-01   6.8055549e-01  -4.5201497e-01   3.8953206e-01   4.6900621e-01  -1.4914670e-01   0.0000000e+00  -1.0312362e-01  -6.4250573e-01  -1.3714516e-02  -1.6056827e-01   4.6134737e-01   6.4476203e-02  -3.5797837e-02   5.6928704e-01   7.9008633e-02  -2.9592356e-01  -2.8125846e-01  -5.7617004e-01   7.8129162e-02  -1.9336325e-02   5.6549138e-01  -5.6748819e-01   1.1146700e-01   4.8119401e-01  -2.8158192e-01  -2.7517042e-01  -4.6984134e-02   2.5400956e-01   3.9257324e-01   7.2941147e-01   3.5349220e-01  -3.6682690e-01  -7.0372271e-03   4.9656983e-01   1.5273512e-01  -5.8170631e-02   3.9622068e-01  -4.0870375e-01   3.5630893e-01   7.6300644e-02   3.9475971e-02   8.0884511e-01   1.6154131e-01   3.7339516e-01  -8.7245563e-02  -4.1630627e-01   6.3345139e-01  -6.7566673e-02   3.6545509e-02  -6.9087647e-01  -2.9055744e-01  -2.8045388e-01  -1.2992449e-01  -7.4977837e-02   1.5107179e-01   3.9127780e-01   5.7571491e-01  -1.3632927e-01   7.7879675e-01   3.4933343e-01   3.5392893e-01   1.0339732e-01  -3.5402740e-01  -2.8456531e-01   5.7094909e-01  -1.7090651e-01   1.5768548e-01   1.9580296e-01   9.3190951e-04  -1.8654868e-01   5.5993155e-04   8.7357167e-03   6.6197662e-01   1.4162589e-01  -5.7292443e-01   1.5127043e-01  -2.3180010e-01  -4.2394896e-01   1.3104286e-01  -5.1186891e-01   5.7119335e-01  -6.3344686e-01   1.9791307e-01  -3.1688355e-01   6.0563214e-01   8.3024323e-02   5.2081432e-01  -1.0970953e-01  -2.5550527e-01   3.9997179e-01   2.2149194e-01  -6.2783145e-02   5.1054583e-01   2.3217375e-01  -1.8189349e-01  -3.3912561e-01  -4.3376422e-02  -1.9786006e-02  -2.6829693e-01   1.3245614e-01   2.2574630e-01  -2.1569025e-01   1.8681059e-01  -1.4473674e-02   2.3098841e-01  -4.0290793e-01   2.9324407e-02  -3.0022465e-01  -4.6804379e-01   7.7878457e-01  -3.4970771e-01   1.7951491e-01  -6.9207527e-01  -2.0502633e-01  -1.6964289e-01   5.8674168e-01   4.6413181e-01   7.2990561e-01  -2.2462212e-01  -4.9279882e-01   7.9813400e-02   1.9690958e-01  -2.5955519e-02  -2.3312251e-02  -6.5101590e-02   8.4490978e-01  -1.2449612e-01   2.1540820e-01  -1.8655273e-01  -8.2237186e-02  -5.9631105e-02   8.3490495e-02  -1.1431150e-01  -3.5810958e-01  -4.6501033e-01  -6.6554843e-02  -3.4843104e-01  -4.9958658e-01  -3.7672461e-01   1.5978121e-01   6.5222306e-01   9.0746510e-02   4.6364895e-02   3.5312337e-01  -1.0934142e-01  -1.1106307e-01  -1.1779176e-01   4.6017621e-01   7.1544615e-01  -3.9600739e-01  -9.0671035e-02  -1.8471540e-01   7.2345872e-02  -5.0162921e-01   3.6137697e-01  -3.4283471e-01   5.6231733e-01   5.4586310e-02  -8.9057122e-02   7.6094266e-01   4.4861372e-01  -3.5997369e-01  -1.4777214e-02   5.6716730e-01   7.4695923e-01  -3.0520042e-01   2.5016315e-01  -3.8468959e-02   3.3175260e-02   9.0295376e-02  -1.8664990e-01
  -1.6039943e-01  -8.5114766e-02  -5.1362687e-02   1.7257654e-01   1.0009315e-01  -1.3588367e-01  -2.9702540e-01  -8.5419682e-02  -9.3504395e-02  -1.2393938e-02   4.8592760e-02  -1.0312362e-01   0.0000000e+00  -8.7481783e-02  -2.3675391e-01   9.5158308e-02   9.2752247e-02   1.5420608e-01  -1.7844627e-01   9.3669129e-02  -6.2534821e-02   9.5515663e-02   2.6184442e-03   5.0319740e-02   1.7829219e-01  -3.1700836e-02  -1.2221022e-01  -1.2806364e-01   1.0936023e-01   5.4256365e-02  -2.6569510e-01   5.1225757e-02  -1.7774293e-01  -3.6121215e-01   8.2360208e-02  -1.3076223e-02  -9.8679353e-02  -1.6469763e-01   3.4158282e-01  -2.8967134e-02   6.9154422e-01  -8.3533206e-02  -4.6948208e-04   1.2510297e-01   2.3670594e-01  -4.3916746e-02   1.1638907e-01  -3.0658151e-01   1.4811488e-01   1.4566788e-01   1.0158147e-01  -8.9714847e-02  -3.6434529e-01  -4.5599222e-02  -1.2735283e-01  -6.6164747e-02  -1.8553271e-01   7.1105709e-02   3.2047959e-01   1.3478107e-01  -1.7141828e-02  -9.5580895e-02   2.1137603e-02  -2.0290910e-01   8.7827391e-02  -8.9170475e-02  -1.3742400e-01  -1.7932118e-01  -6.5626133e-02  -1.3764937e-01  -1.2512547e-01   4.1299435e-02   5.5305321e-01  -7.1546781e-02   3.8587400e-01  -1.6886425e-02  -7.4539614e-02   1.2219184e-01   8.9026638e-03   4.9192384e-01  -1.4104301e-01   5.7809964e-01  -8.6846771e-02  -6.8514359e-02  -2.1239340e-01  -5.9261107e-02  -3.0045208e-01  -3.3246392e-02   1.5012861e-01  -1.6712733e-01  -9.5323932e-02  -1.1223590e-01  -1.6053270e-01   1.9302812e-01  -1.6380317e-01   1.1800422e-01   1.7264790e-01  -7.1504448e-02   4.6047753e-02   4.9273144e-02  -1.6310088e-01  -1.9276273e-01  -2.1508147e-01   2.3304806e-01   2.4536310e-01  -2.5497134e-03   3.9028306e-02   2.0279925e-03  -4.5636082e-02  -1.1622701e-01  -2.3736310e-01   2.5283361e-02   6.5799353e-02  -1.5409641e-01  -1.4616031e-01  -8.5951480e-02   1.3822360e-01   5.5674723e-01  -1.5074839e-01   8.0505517e-02  -3.4205595e-02   5.1232883e-02   1.4907318e-01  -1.2582736e-01  -9.0537251e-02   2.8516465e-02   1.3870550e-01   2.6837028e-01  -3.2327242e-02  -1.0842441e-01   6.7979664e-01  -1.9680755e-01   2.0511748e-02  -2.8171663e-01   4.6916853e-02  -1.3617553e-01   4.3202433e-01  -3.3939103e-01  -1.8157422e-01  -1.0327645e-01  -1.2086424e-01   5.4114262e-01   7.9025688e-02  -1.4739366e-01  -4.6602501e-03   2.4063724e-02  -1.8339322e-01   1.3554361e-01   1.5922964e-02  -1.0755760e-01  -6.4618150e-02  -3.7293640e-01  -1.2501794e-01  -4.8252453e-02  -1.7646541e-01  -5.3917419e-02  -1.9374779e-01   3.3031339e-01  -8.1849064e-02  -1.9341456e-01  -5.8152937e-02   6.6842658e-02  -1.5411124e-01   2.3044603e-01   1.1852930e-01  -1.4268967e-01   5.6455979e-02  -2.5953433e-01  -2.6136716e-01  -7.6152431e-02  -9.7719123e-02  -6.4353708e-02   1.2129454e-01  -1.1987153e-01   1.4565843e-01   5.6133535e-02   1.3655266e-01
   4.2286866e-01  -4.2786770e-01  -4.8765095e-01  -2.3167270e-01  -5.3831225e-01  -1.4395283e-01  -5.1814519e-01   3.0777004e-01  -3.7133445e-01  -3.9999664e-01  -6.6799259e-02  -6.4250573e-01  -8.7481783e-02   0.0000000e+00   8.1255053e-02   1.3590912e-03  -3.3680856e-01  -2.9479084e-01   6.8705829e-02  -6.0356695e-01   2.6578827e-01   2.1854132e-01   1.9999429e-01   4.8102213e-01  -6.0581122e-02   1.5201444e-01  -5.6346042e-01   4.5725529e-01  -3.7908687e-02  -4.0788140e-01   5.8633195e-01   1.4221664e-01   1.9783710e-01  -9.2675514e-02  -2.5269350e-01  -6.7249330e-01  -1.1504054e-01   2.0906930e-01  -3.2730107e-02  -3.8402649e-01  -2.1975739e-01   1.8562682e-02  -2.8243081e-01   4.6623620e-01  -2.6471145e-01  -1.6487023e-01  -3.4105203e-01  -5.8582237e-01   8.1681345e-02  -2.0320489e-01  -1.3091837e-01   3.1851626e-01  -2.1654099e-01   5.5501825e-02   2.1527044e-01   6.0175122e-01   2.6014410e-01   2.7581299e-02   3.9139521e-02  -1.4213874e-02  -1.8829892e-01  -3.0546892e-01  -3.9472136e-01   3.8367974e-01  -5.1918499e-01  -2.2713719e-01  -4.3356084e-01  -1.3513556e-01   3.2282449e-02   1.6332839e-01  -2.3482370e-01  -6.1782357e-02  -1.7129438e-01  -8.0533532e-02   1.4355949e-02   1.0929384e-01  -7.2303812e-02   4.9242108e-02  -4.1778506e-01  -1.8471493e-01   4.9305727e-01  -2.4879735e-01   3.9953017e-01   4.4648025e-01   2.2026768e-01   3.2045301e-01  -2.1707319e-01   6.4740765e-01  -3.9832998e-04   2.7325832e-01  -2.8653032e-01  -2.0569790e-01  -4.1354893e-01  -1.4358094e-01   1.6787830e-01  -2.4088402e-01  -2.3848548e-01   2.0808585e-01  -4.6003800e-01  -1.1238170e-01   5.8705849e-01   3.2611126e-01   2.5312079e-01  -2.0948191e-02   3.7984701e-02  -2.3630266e-01   1.8043095e-02   1.5161708e-01  -1.1644311e-01   3.7752676e-02  -7.9338206e-03   1.0427994e-01  -1.9124543e-01   2.1100251e-01   4.7091069e-01  -5.2871741e-01   2.7885218e-01  -2.7105289e-01   6.5969619e-01  -3.2013236e-02   4.0238910e-02  -4.0613329e-01  -3.2160366e-01  -2.9726511e-01   6.4226932e-02   4.6271198e-01   1.6142192e-01  -1.6466366e-01  -2.3972757e-01   7.4689020e-02   1.0202666e-01  -5.8515006e-01   3.2396729e-01   1.9997827e-01  -1.9462851e-01  -9.8562976e-03   3.1717262e-03   2.4863162e-01   5.1368686e-02   3.7767963e-01   5.4204100e-01   8.2425436e-02   3.8491364e-02   3.3175247e-01   2.5443666e-01   1.3175909e-02  -4.7355935e-01  -2.2873795e-01  -2.3153185e-01  -4.0716272e-02   3.3738895e-01   3.8110138e-01   4.3231480e-02  -2.0460465e-01  -5.1878140e-01   3.1107520e-01   5.8370113e-02   5.4677206e-02  -2.9484002e-02   3.8106635e-01  -2.9366462e-01   6.7064184e-02  -1.7992063e-01  -2.4153367e-01  -1.1313488e-01  -5.0797488e-01  -3.9308317e-01   5.5304035e-01   3.6601116e-02  -2.3237523e-01  -4.5845947e-01   1.8338152e-01  -4.9179572e-01  -7.4263909e-02   4.7598393e-02   1.7482283e-02  -5.5789352e-02
