   0.0000000e+00   9.9375177e-02   4.8639164e-02   3.4158445e-01  -3.0954174e-01   2.8391802e-01   1.9692354e-01   1.9493777e-01  -6.1397146e-02  -4.1640975e-01  -1.0251631e-01   4.4010456e-01   1.9006506e-01  -2.4388078e-01   1.7411575e-01   1.0524081e-01   1.2507524e-01   1.3075326e-01   7.3314858e-02  -4.4673901e-01  -8.4239562e-02   2.4374683e-01   2.0931768e-01   4.5511357e-01  -2.1422703e-01   2.5934260e-01  -1.7243172e-01   1.4669693e-01   2.1939414e-01   2.2089181e-01  -1.3016454e-01   3.6270382e-01   5.3761378e-02  -1.7373900e-01  -3.3657530e-01  -4.2974059e-01  -1.4186693e-01  -1.5939541e-02   4.9092979e-02  -4.5339581e-01   1.9317509e-01   1.0208488e-01  -1.6831508e-01   8.1246242e-02  -4.2856151e-02   6.7243522e-01  -8.6344975e-02   6.2536971e-02  -8.9507452e-02  -2.5792069e-01   1.8697146e-01   2.0147971e-01  -4.1422600e-01   1.9326581e-01  -1.9572567e-01   3.2985471e-01   4.1686900e-01   1.7246192e-01   1.9190540e-01   2.1350823e-01   4.5421072e-01  -1.8102889e-01   9.6672356e-02  -8.9452379e-02  -8.4977970e-02  -4.9372599e-01   2.7358943e-01   2.5116603e-01   3.7927325e-01   5.1532959e-01  -4.4703278e-01   3.7412620e-01  -2.9216148e-01   6.9987167e-01  -2.0794693e-01   1.0849551e-01   5.0861817e-01   2.5543303e-01  -3.6382115e-01   2.1526468e-01   1.3921447e-01  -2.2378495e-01  -3.9325541e-01   1.7240907e-01   1.9419579e-01   1.0562193e-02  -4.1198729e-01   8.7924471e-02   1.5101905e-01   7.3776406e-01  -4.1525110e-01   2.9569594e-01   1.1555297e-01   1.8617094e-01   1.8011670e-01  -3.1770597e-01   2.4125090e-01   7.5086149e-02   5.5290901e-02  -3.7416508e-02  -2.1336596e-01   2.2907470e-01   3.2800612e-01   2.9769796e-02   4.0857385e-01   1.9083685e-01  -1.5906801e-02   3.3204728e-01  -2.1111878e-01  -9.6981947e-02  -3.5832170e-01   3.9813714e-01   1.9975458e-01   6.6567713e-01  -1.6653639e-01  -4.0060724e-01   2.7944283e-01  -1.8491304e-02   2.1799512e-01   1.4819533e-01   5.8064134e-01  -6.1660993e-01   5.9957720e-02  -2.8494757e-01   7.0305914e-01   4.1475286e-01  -1.8032702e-01  -2.7909757e-01   4.1052555e-01   4.9712487e-01   1.6131192e-02  -1.9666238e-01   5.8692198e-01  -3.4956637e-01   2.8432505e-01   8.1200067e-02   4.2387887e-02  -1.8874825e-01   2.3637197e-01   1.2297300e-05   4.8112810e-01   2.0017366e-01   3.2613705e-01   3.9946921e-01   1.3465176e-01   2.8776909e-02  -4.4765111e-01  -2.2496363e-01  -1.3127226e-01  -3.4020478e-01   1.7888645e-01   2.4865125e-02   6.7607189e-01  -2.1822320e-01  -3.0562217e-02   7.7831964e-02   5.1400718e-01   2.1718640e-01   2.4780822e-01   3.2435914e-01   1.6323211e-01   1.3421217e-01  -3.6977800e-01   2.4492351e-01   1.7867524e-01  -2.0356574e-01  -2.4340058e-01   5.5269904e-01   6.7408339e-01  -2.3462548e-01  -3.3814537e-01  -6.2714045e-02   8.5126540e-02   4.9622820e-01  -2.0479462e-01  -3.1265705e-01   1.9266217e-01
   9.9375177e-02   0.0000000e+00   9.9268713e-02   1.4088143e-01   3.4924564e-01   1.7917108e-01  -2.8142363e-01   4.6460041e-01   6.1780888e-01  -2.1819087e-01  -3.7818799e-01   2.9192333e-01  -1.4817824e-01  -4.0092281e-01  -5.2193702e-01   1.4879364e-01   1.7492111e-01   5.4219505e-02   1.6751776e-01   2.2375163e-01  -3.1530922e-01   3.8863889e-01  -2.8808256e-01   1.6104370e-01   1.0816810e-01   4.0695043e-01   6.4288348e-02  -3.8971623e-01  -4.2756440e-02   2.5606715e-01  -5.0711467e-01   3.4307668e-01  -1.1018281e-02  -4.7038834e-01   3.4157027e-01   1.5971157e-01  -1.5415389e-01  -1.0467589e-01   2.2001180e-01  -2.8719414e-03  -1.1373217e-01   1.8909103e-01   3.9556004e-01   6.1120791e-02   1.3960766e-01   1.5092046e-02  -1.7232926e-03  -2.7085491e-02   2.2422619e-01   4.2287879e-01  -6.7796514e-02   5.1911842e-01  -3.3084288e-01   2.2143882e-01  -1.9961476e-01  -3.0034276e-01   2.4160640e-01   4.1769614e-01   1.8355039e-01   4.0603264e-01  -1.4154884e-01  -4.1520619e-02   1.7566438e-01  -2.7204593e-01   1.6951819e-01  -3.3704132e-01   1.4740095e-01  -2.1352875e-01   2.0726377e-01  -6.3868739e-02   1.8587580e-01   1.1754389e-01  -1.7699425e-01   1.5262772e-01   1.3092985e-01   3.1622518e-01  -8.4290676e-02   2.2764270e-01   4.7249853e-01   1.0299599e-01  -5.6222298e-01  -2.9304786e-01   1.3983837e-01   4.6502444e-01   1.4625087e-01   2.9375462e-01   6.1964347e-02  -2.9622205e-01   2.9102913e-01   1.4590343e-01   2.0722357e-01   6.9166419e-02  -1.5154871e-01   3.4960635e-01  -1.1985705e-01   4.1246346e-01   1.5843145e-01   3.5215970e-01  -1.5378649e-02  -2.4484909e-01  -2.1253391e-01  -4.2591481e-01   8.5719327e-02   3.1005407e-01   1.9893923e-01   4.5163341e-01   9.4870990e-02   2.8978682e-01  -2.9682825e-01  -2.9670464e-01  -1.7079541e-01   2.4446911e-01  -9.2184006e-02  -1.5270940e-01  -4.8137528e-01   3.7744497e-01   2.3158731e-01  -2.2954387e-01  -4.0717437e-01   6.0685877e-02  -3.8533607e-02  -8.3504162e-03   3.3837868e-01   2.2423050e-01   3.3097179e-02  -1.7500339e-01  -9.3284898e-02   1.3508368e-01   1.1587524e-01  -1.0539581e-01   6.4791481e-02   7.6820551e-02   2.0734542e-01  -2.2324796e-01   2.2780519e-01   3.3491226e-01   1.6817622e-01  -4.0029750e-01   3.7873739e-01   1.1372020e-01   1.4102565e-01   8.0731825e-02   3.4429591e-02  -3.5589427e-01  -4.0301117e-01   9.3974291e-02   2.0514161e-02   9.3363725e-02  -4.1243854e-01  -3.3248233e-01  -3.4167834e-02  -3.4923694e-01   1.6276538e-01   2.6162770e-01   1.1392318e-02   1.1970075e-01  -1.1981318e-01   1.7131998e-01   1.2661160e-01  -4.0205600e-01  -2.8033627e-02   1.2816211e-01  -2.8145111e-02   1.6827634e-01   4.9089836e-01   3.0413095e-01  -1.3109001e-01   3.3142543e-02   1.8664522e-02   3.2715033e-02   2.3248236e-01  -1.3450998e-01  -1.2162635e-01  -4.3824062e-02   2.5275276e-01  -1.3623854e-02   4.6531306e-01
   4.8639164e-02   9.9268713e-02   0.0000000e+00  -1.0694341e-01   2.0684592e-01   1.2959655e-01  -2.1938190e-01   6.7822293e-02  -5.6273265e-02   2.4111973e-01   2.8619807e-02   1.9756858e-01  -1.9674093e-02  -1.4502947e-01  -1.8733517e-01   1.4035044e-01   8.6268333e-01   2.3539340e-01   2.0311166e-02   1.4307294e-01  -3.0189725e-01   3.5370877e-02  -3.2532741e-01  -2.0437017e-01  -1.2617432e-01   6.8024358e-02  -6.7831797e-02   2.4916838e-01  -1.1880354e-01  -1.8078550e-02  -1.6016785e-01   9.7221875e-02   3.8859539e-01   4.8463465e-02   1.8373187e-02   1.1515139e-01  -3.3512283e-01  -3.3286417e-01  -4.3538777e-02   4.9837480e-01   9.8816036e-02   1.9721655e-01  -4.4078964e-04   1.5102771e-01  -2.5622038e-01   2.3278992e-01   1.5221805e-01  -2.2365243e-01  -2.5507307e-01   4.7076712e-01   9.8747422e-02   1.0738054e-01   4.5389623e-02   6.6758538e-02  -2.5576379e-05  -3.5796501e-03   9.1947098e-02   1.3118851e-02  -1.2113833e-01  -1.4880888e-03   3.0122167e-01  -1.7798405e-01   1.1716280e-01  -5.1718744e-02  -1.8250444e-01   9.2668925e-02  -4.6075852e-04   3.5522273e-02   3.4716707e-02   6.4129039e-01   2.0879449e-01  -1.9226548e-01  -6.9957691e-02   1.4054552e-01   2.9970195e-02   1.9884854e-02   2.0548026e-01   1.5857295e-01  -1.1487581e-01  -3.1864081e-01   5.1702652e-02  -1.7247190e-01  -6.0986226e-04   7.4048384e-02   2.2150343e-01  -8.3324355e-02   3.0246525e-02  -3.2846822e-01  -2.7610200e-01   1.3950238e-02   3.5457434e-02   5.2703913e-01   1.8757338e-01   1.7982223e-02  -3.1269066e-01   5.4510688e-02  -7.6559568e-02   7.9292513e-02   2.0507226e-01  -4.2675163e-01   2.8507878e-01   1.3836844e-01  -3.3482698e-01   7.3763325e-02  -5.5163464e-02   9.3569353e-04   1.6298075e-01   1.6881514e-01  -6.3103977e-02  -1.4836810e-01   2.9421707e-01  -1.2645416e-01  -1.2321484e-01  -1.3597934e-01   8.2880824e-02  -2.6823882e-03   1.1694360e-01   4.5968580e-02   6.5016156e-02  -5.2527436e-02  -7.2042047e-03  -4.1830670e-03  -2.7037719e-01  -1.8935285e-01   1.5607351e-01  -1.2593885e-01  -1.0613317e-01   7.9456504e-03  -2.3585061e-02   6.2657952e-01   4.3903982e-02  -1.0715236e-01   4.8168361e-02  -2.8522396e-01   1.0070142e-01  -8.8810830e-02  -3.5493408e-01   2.2943384e-01  -1.5710676e-02  -4.1146593e-01  -1.9078049e-01   1.2566659e-01   1.6230854e-01   7.7408709e-02  -3.4299438e-01  -3.5832948e-01   1.0939059e-01   5.7223380e-02  -7.9220546e-02  -1.8544098e-01   4.9116846e-01  -2.9975468e-01  -2.1643355e-02  -1.4598399e-01   6.5773071e-01  -3.0261178e-01  -2.3276198e-02  -3.0612991e-02   4.6943729e-01  -1.2790685e-01  -1.4160058e-01   1.0962322e-01   3.3539702e-01  -7.0310423e-02   1.4810311e-01  -1.3510568e-01  -1.7838000e-01   8.3490954e-02   6.6821569e-02   1.8268909e-01  -3.2562909e-02  -2.9457664e-01  -3.9006810e-02   1.5626331e-01  -1.3813369e-01   2.8100394e-01   8.6600588e-02
   3.4158445e-01   1.4088143e-01  -1.0694341e-01   0.0000000e+00  -2.1164052e-01   3.2752866e-01   2.2098627e-01  -4.2614755e-02  -8.1078354e-02  -9.7123636e-02  -4.5306896e-02   3.0106414e-01  -4.5134571e-02  -2.2327539e-01  -8.6027800e-02   1.5200736e-01   4.7454488e-02   2.1009809e-01   8.0438065e-02  -3.2883144e-01   1.2298662e-01   4.6669755e-01   1.9410599e-01  -2.3153033e-02   6.3135595e-03  -7.0292159e-02  -7.7598129e-02  -2.3426612e-01   2.0055865e-03   6.4192573e-01  -1.5559949e-01   3.6981417e-01   8.8384189e-02  -2.1228942e-01  -4.1315402e-02  -3.6037941e-01   2.1132830e-01  -2.2411973e-01   1.5354448e-01  -3.6374888e-01  -5.5658093e-02   7.2109876e-03  -2.1234852e-01  -6.2389593e-02   2.6203768e-01   1.6782236e-01   2.8874721e-02   2.3748822e-01   2.3154297e-01  -1.6795885e-01   1.9824015e-01  -8.5353818e-02  -3.4391388e-01   4.8701210e-02   4.6851655e-02   7.6400079e-02   2.3379218e-01   3.3305043e-01   3.1918030e-01   2.1653064e-01   1.0490575e-01   4.6379058e-02   2.6107451e-02  -1.8561718e-01   1.3316781e-01  -3.7250005e-01   3.5386241e-01   1.2175699e-01   4.6874720e-01  -3.6872329e-02  -3.4026360e-01   5.0928089e-01  -2.7479868e-01   4.3405732e-01   5.7819572e-03   9.3081954e-02   3.2963783e-02   6.0344355e-02  -1.1651163e-01   3.2388121e-01  -7.8593870e-02  -1.7530758e-01  -3.0667755e-01  -1.1902587e-02   3.5037804e-02  -9.1477063e-02  -2.4661475e-01  -7.1096950e-02   9.8600078e-02   1.2636668e-01  -1.8800474e-01  -1.0668166e-02   1.5302614e-01   3.0713764e-01  -1.1426301e-01  -9.6332629e-02   4.2571025e-01  -8.9450816e-02   2.6120491e-01   1.7011020e-01  -2.9883237e-01   1.9842651e-02   4.9370193e-01   8.9290050e-02   4.7448983e-01   3.3569488e-01  -5.1841433e-02   1.1102734e-01   6.2565458e-02   1.5874288e-01  -2.1717433e-01   5.4002944e-01   4.1691527e-01   1.2634783e-01  -3.1012779e-01  -1.6927272e-01  -2.6872847e-02  -1.7535297e-01   5.2185895e-02   7.4391542e-01  -1.5525029e-01  -2.9581622e-01  -5.9021649e-02  -2.2018970e-01   2.0469444e-01   2.8844965e-01  -8.5476287e-02  -1.0234466e-01   6.9231642e-01  -2.8619490e-02  -1.0922085e-01  -1.7566056e-02   5.7915833e-01  -1.6193734e-01   5.6713732e-01   1.9151390e-02  -6.1212388e-02  -2.0048909e-01   8.2092710e-02  -1.4275957e-01  -3.6594131e-02   1.2972681e-01   1.8940413e-01   1.6372390e-02   2.1986175e-02   1.7285450e-01  -3.6559539e-01  -1.2889175e-01  -1.5898928e-02  -2.1217968e-01  -2.7828274e-01  -8.4179051e-03   8.3371184e-02  -4.5410774e-02  -5.5069822e-02  -2.1863900e-01  -1.7396923e-01   2.3055555e-01  -1.1130979e-01   1.9936640e-01   1.3664436e-02   1.5556744e-01  -2.5419470e-01   5.2872323e-01   2.2831807e-01   1.8904131e-01  -2.4956450e-02   2.3615313e-01   1.4323251e-01  -7.8192555e-02  -1.1689468e-01  -3.1704260e-01   2.9722148e-01   3.1811374e-01  -5.9758909e-02  -1.1922809e-01   2.8439927e-01
  -3.0954174e-01   3.4924564e-01   2.0684592e-01  -2.1164052e-01   0.0000000e+00  -6.3239431e-02  -4.7948296e-01   2.5000887e-01   4.0460005e-01   2.0978993e-01  -3.8987051e-01  -3.1219814e-01  -7.2344001e-02  -2.6670141e-01  -6.2170212e-01   7.3913615e-02   2.7836172e-01  -7.0051557e-02   3.4803871e-02   8.6476671e-01  -3.9245777e-01   5.8812605e-02  -5.8858467e-01   1.1023751e-01   2.4315150e-01   1.7070530e-01   3.5909530e-01  -2.8610760e-01  -8.6345704e-02  -2.4606975e-01  -4.7146535e-01  -2.0720066e-02   1.2992501e-01  -2.2644304e-01   3.4111959e-01   6.9995146e-01   4.2194887e-03  -1.1544737e-01   1.2994291e-01   5.2019325e-01  -6.5808962e-02   3.8175809e-01   4.3761656e-01  -2.0899712e-01   4.3201729e-02  -2.9455606e-01   2.9855180e-01  -5.3067684e-01   3.4497475e-01   6.2628832e-01  -2.4098440e-01   4.0234124e-01  -6.1796681e-02   1.9652376e-01  -1.3962429e-01  -5.7318032e-01   7.7253262e-02   1.2398315e-01  -1.6029475e-01  -1.7311022e-02  -2.8776426e-01   3.6663508e-01   8.7851876e-03  -2.2518469e-01   1.9846750e-01   1.5320273e-01  -2.3366912e-01  -2.0782496e-01  -2.5255401e-01  -1.4625891e-01   5.0784443e-01  -3.3089437e-01   1.8408350e-01  -3.5442507e-01   3.3812294e-01   1.0472920e-01  -1.7014718e-01   6.5424241e-02   6.8489214e-01  -7.6104551e-02  -4.5523758e-01  -3.4112534e-03   3.2978040e-01   3.2722478e-01  -1.0639238e-01   1.7080973e-01   3.7679775e-01  -4.4393990e-01   4.5536361e-02  -1.2156556e-01   5.6179497e-01   2.3825574e-02  -3.3280154e-01  -1.2932587e-01  -2.1803090e-01   7.1182079e-01  -1.4091527e-01   2.1423830e-01   7.8571524e-02  -4.3275468e-01   1.7483120e-02  -5.2546871e-01  -3.7510980e-01   1.7366575e-01  -3.7697679e-01   1.1775551e-01   3.0659665e-01  -1.2039789e-03  -1.9668730e-01  -3.9842037e-01   8.1268489e-02  -3.1816259e-01  -2.5677897e-01  -3.7529250e-01  -2.4176637e-01   5.9407997e-01   1.4677451e-01   9.7456427e-02  -5.1628507e-01  -1.1632741e-01  -1.3007476e-01   6.0176072e-01   1.4411009e-01   4.0874677e-01  -2.1317674e-01  -5.5539060e-01  -5.7152702e-02   5.0143819e-01  -2.5875159e-01  -1.4784404e-01   2.6984234e-01  -3.8207902e-02  -4.5103834e-01  -5.5760593e-02  -1.7089464e-01   1.7632770e-01   2.3821966e-01  -9.7156221e-02   1.7727352e-01   3.8294017e-02   7.4085336e-02   4.6166845e-02  -3.0894055e-01  -4.6081727e-01  -5.7914818e-01  -3.3281757e-01   3.1220753e-01   1.5883895e-01  -3.1176758e-01  -1.2988800e-01  -1.4342070e-01  -3.2974316e-01  -2.1216933e-02   2.0627998e-01  -5.5788934e-04   1.5998072e-01  -6.4971554e-02  -1.1671242e-01   2.2762041e-01  -4.9158274e-01  -1.5805628e-01  -2.1665888e-01   4.9204947e-01  -2.9691694e-01   2.6470084e-01   1.4223534e-01   2.0140111e-02  -4.5545877e-01  -1.2187038e-01   1.4085186e-01   3.0949691e-01   3.0794991e-02  -1.4640992e-01  -3.9920237e-01   1.8502968e-01   4.5693415e-01   3.1114717e-01
   2.8391802e-01   1.7917108e-01   1.2959655e-01   3.2752866e-01  -6.3239431e-02   0.0000000e+00   4.6798796e-01   9.2510527e-02   3.9625162e-03  -1.8733219e-01  -2.2723737e-01   5.4624899e-01  -1.8695264e-01  -4.6038321e-01  -1.2587702e-01   2.0248472e-01   1.7132590e-02   3.0769869e-01   1.7718022e-01  -1.4477739e-01   1.3579538e-01   1.6420898e-01   2.9875072e-01  -1.5872968e-01   4.0228711e-02  -6.2649467e-02   3.8066675e-01  -2.5752156e-01   1.8021376e-01   6.1987687e-01  -3.2005669e-01   1.3830261e-01  -8.4186362e-02  -2.7422998e-01  -3.0188028e-01  -2.5804681e-01   2.8187152e-01  -2.9158158e-01   1.1669054e-01  -7.9439856e-02  -1.4404184e-01  -1.3105577e-01   1.9175807e-05  -1.4790857e-01   2.2840476e-01   1.0362144e-01   2.7312346e-01   5.2595380e-01  -1.8525781e-01  -1.8889557e-01   2.8193884e-01   9.3789651e-04  -4.1593147e-01   1.0421258e-01  -4.0549012e-01   1.7501091e-01   3.2033731e-01   7.3677002e-02   4.4581360e-01   3.4860646e-01  -2.7104994e-02  -1.4139663e-01   1.4264203e-01  -4.2805306e-01   1.4688412e-02  -2.3393727e-01   8.7964950e-01   2.3355191e-01   5.6003150e-01   2.6226446e-01  -4.1004014e-01   4.0551256e-01  -3.6224556e-01   4.3959172e-01  -1.9279296e-01   1.4541849e-01  -4.8427428e-02   1.7242276e-01  -9.6333308e-02   4.9305643e-02  -5.3320237e-02  -1.9975328e-01  -5.2010791e-01   1.4029869e-01   2.2170458e-01   1.1498494e-01  -4.7482485e-01  -2.7802071e-01  -4.3387565e-02   2.0843321e-01  -3.2658247e-01  -8.1004477e-02   3.9429092e-01   2.9320193e-01  -2.0098647e-01  -2.2399723e-01   2.0127368e-01   1.7910971e-02   1.9019858e-01   1.2041164e-01  -4.5292879e-01   4.3119928e-02   3.4895126e-01  -1.5352812e-01   4.4599177e-01   1.5391521e-01   1.2903291e-01   2.3409507e-01  -4.9278042e-01   4.6357071e-01  -1.1477798e-01   4.5097141e-01   2.7913668e-01   1.4576507e-01  -3.2158353e-01  -2.0675329e-01   4.2743981e-02  -1.5261429e-01   1.4765882e-01   2.6984340e-01   4.0459717e-02  -4.4264283e-01   1.2848790e-01  -2.8833277e-01   8.9345736e-02   4.1277436e-01  -5.3416616e-02  -2.4471174e-01   1.8350038e-01   2.1207247e-01  -1.3674016e-01  -1.2568012e-01   5.1201049e-01  -3.5427536e-01   3.1487584e-01   6.9047444e-02  -5.8593500e-02  -2.6755903e-01   1.6993644e-01  -2.5514664e-01   6.7824868e-02   2.3510437e-02   3.3232313e-01   2.5669651e-01   2.6595067e-01   3.0121610e-01  -2.3033114e-01   3.9985457e-01   3.0625670e-01  -5.3323132e-01   1.0186043e-02  -1.1244060e-01   2.3083194e-01  -1.4562869e-01   3.0705256e-01  -2.0433106e-01  -1.2446051e-01   2.5007152e-01  -2.1414971e-01   9.8301524e-02   2.3119504e-01   2.0690592e-01  -2.3774742e-01   4.2451304e-01   8.7345910e-02   3.4143326e-01  -2.5592707e-01   4.5439199e-01   1.8996042e-01   3.4308382e-01   6.9133017e-02  -1.8627438e-01   4.5764612e-01   6.7694760e-01  -8.5241226e-02  -1.7148095e-01   2.4967319e-01
   1.9692354e-01  -2.8142363e-01  -2.1938190e-01   2.2098627e-01  -4.7948296e-01   4.6798796e-01   0.0000000e+00  -3.5188429e-01  -2.6245675e-01   6.3982696e-02   2.0474404e-01   4.5219299e-01  -1.2780123e-02   6.5611719e-02   4.8718281e-01  -5.2411303e-02  -2.7899224e-01   2.9664697e-01  -2.8757862e-01  -4.1260221e-01   5.1048780e-01  -1.8756000e-01   7.5621439e-01  -1.6779511e-01  -1.7629047e-01  -3.8442421e-01   1.3237886e-01   7.4498317e-02   7.7557340e-02   2.8687182e-01   1.3769062e-01  -1.9747026e-01  -2.5448472e-01   2.2199415e-01  -4.1152928e-01  -3.1816511e-01   4.0210715e-01  -8.9549039e-02  -1.3032951e-01  -3.1707452e-01  -2.9019909e-02  -4.2660725e-01  -3.7548668e-01  -2.4759131e-01   4.3681852e-01   1.7511721e-01   3.4057012e-02   7.1606116e-01  -2.5586740e-01  -6.4865388e-01   3.9399112e-01  -3.8442814e-01  -5.1718034e-02  -2.9360150e-01  -1.7493074e-01   4.2702109e-01  -1.9255162e-01  -3.2013110e-01   3.7944638e-01   2.0331716e-01   1.0508881e-01   8.8590488e-03  -4.1548577e-03  -2.2998061e-01   1.3327321e-01   1.0463354e-01   5.3684070e-01   3.1739858e-01   1.6288326e-01   1.4353506e-01  -5.5291823e-01   4.0181137e-01  -2.4504726e-01   2.7608116e-01  -3.9638871e-01  -2.2925077e-01   3.3456706e-02  -1.2465956e-01  -4.5328431e-01   4.1865672e-02   4.7742250e-01   8.5547373e-02  -5.0756753e-01  -3.2122589e-01   1.4754744e-03  -2.6054663e-01  -5.2739386e-01   1.4758972e-01  -2.8784920e-01   4.6473313e-02  -5.6949634e-01  -1.7259716e-01   4.4307932e-01   2.7318930e-01  -6.3471255e-02  -5.9428528e-01   3.1273157e-02  -4.0100029e-01   1.5130336e-01   7.2546464e-01  -3.2988122e-01   4.5859714e-01   2.5651778e-01  -2.4514701e-01   3.5010632e-01  -2.8376330e-01  -2.2442333e-01  -2.2929913e-01   3.5808703e-02   5.8900793e-01   1.3399845e-01   1.7875853e-01   1.9359228e-01   2.9895326e-01   1.9601329e-01  -5.1816119e-01  -2.5756225e-01  -5.6381693e-02   4.1350972e-01   9.8100429e-02   9.3958505e-02  -4.5714919e-01  -2.1892841e-01  -3.0747197e-01   1.1155186e-01   5.8416352e-01   4.2992736e-01  -5.4086557e-01   1.2665137e-01   1.2267799e-01  -1.1419847e-01   7.7220951e-02   3.9697566e-01  -1.2413356e-01   1.2939624e-01  -3.4241039e-01  -2.1526221e-01  -1.4436751e-02  -3.2399838e-01  -8.4631170e-03   6.8469990e-02  -7.3192190e-02   2.6344179e-01   4.9089351e-01   8.0057789e-01   4.4107375e-01  -3.0874833e-02   3.5034320e-01   7.6627322e-01  -9.4010582e-02   5.9955465e-02   3.2499814e-01   1.1069806e-02  -1.7655937e-01   1.8518193e-01  -1.4432089e-01  -2.6101595e-02   2.3022349e-01  -3.1561186e-01   5.2626543e-01   1.6754386e-01  -1.6269010e-02  -3.8453255e-01   3.8724449e-01  -3.9865125e-01   3.3080581e-01   1.6166789e-01   4.0171344e-01   8.4237705e-02   1.3563635e-01   2.8224332e-02  -1.2076682e-01   5.8440716e-01   5.1816323e-01  -1.5088594e-01  -4.8400779e-01  -3.2611781e-01
   1.9493777e-01   4.6460041e-01   6.7822293e-02  -4.2614755e-02   2.5000887e-01   9.2510527e-02  -3.5188429e-01   0.0000000e+00   3.1043000e-01  -2.3670392e-01  -2.8925230e-01   1.6435191e-01  -1.5611943e-01  -2.5635627e-01  -3.8247328e-01   1.1681647e-01   6.8486965e-02  -1.2900615e-01   3.2619613e-01   8.1657407e-02  -3.0077505e-01   5.0085999e-01  -3.2227096e-01   3.4603566e-01   2.8794811e-01   7.4797574e-01   1.0275884e-01  -1.4895440e-01  -1.6807286e-01  -1.3717040e-02  -3.7957236e-01   3.9562353e-01   6.7031625e-02  -2.6643315e-01   2.2673183e-01  -1.4031396e-02  -2.3610143e-01  -1.0305536e-01   7.6593410e-02  -4.4230145e-02  -2.6313273e-02   2.0534525e-01   2.2302301e-01   6.7029610e-02  -2.6769861e-01   6.4290898e-02  -5.6605751e-02  -2.3550264e-01  -6.6811328e-03   3.2768783e-01  -1.5990666e-01   8.8412008e-01  -2.5932443e-01   2.3219253e-01  -5.8680928e-02  -1.7815940e-01   3.8524097e-01   4.6487195e-01   3.4239667e-02   3.5491916e-01  -1.1853055e-01  -2.0592552e-01  -4.3371339e-02  -1.2195112e-01  -2.4198335e-01  -2.2344546e-01  -2.0935700e-02  -1.4585853e-01   1.5703188e-01   3.4967948e-02   1.3670828e-01  -4.5587132e-02  -2.5218434e-01   6.6800326e-02   7.2756636e-02   6.2679805e-01   3.6000701e-02   1.6365507e-01   2.5934551e-01  -7.8942479e-03  -3.6161851e-01  -3.7368357e-01   9.2450109e-02   7.8697491e-01  -1.7805748e-01   6.1781503e-01   1.4465097e-01  -1.0965019e-01   1.2330570e-01   1.9628224e-01   2.4043563e-01   3.5195841e-02  -1.2732367e-01   3.6054945e-02  -7.8522883e-02   2.1156609e-01   1.4508668e-01   6.7797517e-01  -9.8575699e-02  -3.9076835e-01   1.6696770e-02  -2.2028512e-01  -1.2345352e-02   1.4933118e-01   1.9690843e-02   5.0675355e-01   1.1556881e-01   6.2427198e-01  -3.0624231e-01  -2.6922636e-01  -1.7125000e-01  -7.5941661e-03  -1.1698180e-01  -8.8761794e-02  -3.4692540e-01   1.8764470e-01   1.9553371e-01  -8.5702624e-02  -4.1306827e-01  -1.0131698e-01   1.9985464e-01   5.1124259e-02   3.9371774e-01   1.3065250e-01   7.3590315e-02  -1.9706070e-01  -2.6896215e-01   1.6194340e-01   1.9311178e-01  -1.9797890e-02   3.6218758e-02  -1.0988834e-01  -8.3463121e-02  -2.0517098e-01   1.0048448e-01   7.2784433e-01   1.9391611e-01  -1.5877349e-01   7.3109989e-01   5.8988237e-02   3.5516601e-01   1.1896202e-01  -4.7569439e-02  -4.2125897e-01  -3.5402368e-01  -1.9396348e-01  -5.3810413e-02  -1.2072686e-01  -3.2443216e-01  -3.3287076e-01  -1.1209479e-01   1.0709461e-02   3.5760219e-01   1.2186729e-01  -1.9416013e-01   1.5625618e-01   7.2332945e-02   6.8408139e-02   2.0657721e-01  -1.7251621e-01  -5.0178169e-02   5.6245022e-02   5.3150013e-02  -2.5460685e-02   5.4514313e-01   2.8636108e-02  -1.2994238e-01  -5.8946044e-02   1.1224113e-01  -2.5808932e-02   1.3413323e-01  -6.5113435e-02  -3.9522239e-01  -2.2024242e-01   2.2146065e-01  -3.3653697e-02   5.6601819e-01
  -6.1397146e-02   6.1780888e-01  -5.6273265e-02  -8.1078354e-02   4.0460005e-01   3.9625162e-03  -2.6245675e-01   3.1043000e-01   0.0000000e+00   7.1654896e-02  -1.7931637e-01  -3.3573928e-02   1.2952858e-02  -1.2840572e-01  -3.5567179e-01   6.7333808e-02  -6.5857149e-02  -6.8442157e-02   1.0905752e-01   3.9334617e-01  -2.2479215e-01   1.5013534e-01  -2.6157434e-01   4.5157503e-02   3.8580031e-02   3.9669213e-01   2.0284566e-01  -1.8554636e-01   9.6582754e-03  -8.9027700e-02  -3.9561343e-01   4.3190425e-02  -1.2225021e-01  -1.4964017e-01   4.8240753e-01   5.1091876e-01  -2.1079851e-01   3.1922899e-02   8.6409750e-02   1.5838243e-01  -1.4247006e-01   1.6332871e-01   5.1435209e-01  -5.0812343e-02   3.4713029e-01  -2.1783424e-01  -7.1054682e-03  -1.4343886e-01   1.1757663e-01   2.8082904e-01  -9.3203371e-02   4.5834827e-01  -9.4956644e-02   2.3695935e-01  -1.5363894e-01  -3.8000837e-01   1.4889437e-01   2.9992653e-01  -7.0762210e-02   3.4287480e-01  -2.3783010e-01   3.5556717e-01   3.2063454e-01  -2.6054059e-01   5.5576355e-01   8.8380197e-02  -8.3403156e-02  -6.5313628e-02  -1.6336922e-02  -2.7779848e-01   3.4635286e-01  -7.5206102e-02   2.7206765e-02  -2.5984552e-01   8.2928570e-02   1.6438789e-02  -1.2152879e-01   1.1316245e-01   4.4595437e-01   1.0977011e-01  -2.9871584e-01  -9.3597429e-02   3.2871253e-01   4.2459907e-01  -1.7624777e-01   9.5866095e-02   2.8608930e-01  -2.3002929e-01   2.8694051e-01  -7.8480340e-02   3.3504050e-01   2.8558621e-02  -1.5791416e-01   2.9446647e-01   6.1233475e-03   5.1304397e-01  -9.6115283e-02   3.2248437e-01  -1.2867430e-01  -2.1752721e-02  -9.2618596e-02  -3.8200692e-01  -2.2761515e-01   5.5487738e-01  -1.6913406e-01   2.4032407e-01  -4.0000754e-02   1.7321942e-01  -5.4032331e-02  -3.8596305e-01   5.6019756e-02  -1.6671487e-01  -5.1961574e-02  -2.0372246e-01  -1.9421646e-01   4.7447872e-01   2.5513250e-01  -1.1329326e-02  -3.9974863e-01  -1.3370338e-01  -1.1357782e-01   2.2502201e-01   3.2867443e-01   5.4146831e-01  -2.0102197e-01  -4.0813614e-01   2.5737395e-01   2.5556386e-01  -1.7951085e-01  -3.3263293e-01   1.7538630e-01   4.2766713e-01  -2.5826954e-01  -6.1818381e-02  -8.6587254e-02   1.2556591e-01   2.3148052e-01  -9.4451725e-02   7.3168622e-02   1.5291690e-01   1.7475445e-01  -1.9227412e-02  -1.9054239e-01  -3.9779115e-01  -2.8519255e-01   1.3301799e-01   2.8007689e-01   2.1309695e-01  -1.6760322e-01  -3.9136253e-02  -1.1486091e-01  -2.2738219e-01  -6.7020605e-02   4.7967728e-01  -1.2809737e-01   1.9086832e-01   1.8061278e-03  -4.8954535e-02   4.6214378e-02  -3.7788514e-01   1.9633646e-01  -5.8902313e-02   1.3567726e-01  -1.1466911e-01   4.5174146e-01   3.5941606e-01   1.0494093e-01  -9.0743564e-02  -6.1942184e-02  -1.1407730e-01   4.4065714e-01  -2.6927329e-02  -7.2811698e-02  -2.8213661e-01   3.1269898e-01  -1.5149012e-03   3.4035324e-01
  -4.1640975e-01  -2.1819087e-01   2.4111973e-01  -9.7123636e-02   2.0978993e-01  -1.8733219e-01   6.3982696e-02  -2.3670392e-01   7.1654896e-02   0.0000000e+00   3.5303101e-01  -2.2038240e-01   6.8694458e-02   2.7576478e-01   7.9463822e-02   8.6065513e-03   2.7518334e-01   1.9379545e-01  -2.5411044e-01   3.1453404e-01   9.5091841e-02  -2.3807518e-01  -6.4621606e-02  -2.9207895e-01  -2.7037973e-01  -2.0242420e-01   9.0698952e-02   2.9892664e-01  -2.3554257e-01  -2.7997313e-01   7.9445080e-02  -1.4718962e-01   1.7085570e-01   5.7802320e-01  -2.2417940e-02   4.6656791e-01  -1.3901856e-01  -1.6128911e-01  -5.8132672e-02   4.2334832e-01   2.4332533e-01  -5.3711094e-02  -1.8885943e-01   1.0595863e-02   2.8063956e-02  -2.4960201e-01   2.8500492e-01  -1.2021237e-01  -3.0011668e-01   5.9565917e-02   1.3381121e-01  -1.3357339e-01   5.0026235e-01  -2.7114499e-01   2.7184726e-01  -8.7157349e-02  -2.3086344e-01  -3.4794647e-02  -1.7539121e-01  -1.1731838e-01  -8.4262428e-02   1.6597989e-01  -1.0255216e-01   5.1085219e-03   2.5932848e-01   7.3229602e-01  -1.9860709e-01   5.5368955e-02  -3.5313954e-01  -1.0093158e-01   3.7623012e-01  -2.2814282e-01   2.8604620e-01  -2.6959034e-01  -1.0618285e-01  -2.0917525e-01  -9.9795913e-02  -1.6043191e-01  -1.3810865e-01  -2.7285540e-01   3.1854212e-01   2.3849729e-01   3.1671183e-01  -2.2612367e-01  -2.9140252e-01  -2.4310829e-01   2.3699504e-01   2.6460575e-03  -3.3590920e-01  -4.4137616e-01   2.0987792e-01  -4.8448643e-02   2.7037219e-01  -1.4677590e-01  -1.3885105e-01   5.5980345e-02  -2.0800587e-01  -2.0708233e-01   2.9096004e-01   1.6407850e-01   2.8968040e-01   2.2226566e-01  -4.5593129e-01   5.5344438e-02  -2.9995388e-01  -2.4135789e-01  -1.6013178e-01  -2.5008301e-01   2.8265473e-01   1.1933699e-01   5.9769095e-01  -4.2532701e-01  -5.4236085e-02  -3.9809772e-01   4.6650468e-01   1.7566365e-01  -2.4667069e-01   2.8732952e-01  -3.2215801e-03  -4.6058386e-02  -3.4208979e-01   4.3669188e-01  -5.0355407e-01   1.9686252e-01  -2.3571701e-01  -1.9184356e-01   4.2468291e-01  -3.0064794e-02  -9.2268512e-02  -6.8294527e-02   1.3099835e-01   1.5667340e-01  -3.2123264e-01   1.6726231e-01  -2.0669957e-01  -2.7209486e-01  -4.1450904e-01   4.7802903e-01  -3.6332175e-01  -1.9312589e-01  -3.0353878e-01   5.5768033e-03  -1.6650394e-01  -1.0422757e-01  -1.0050781e-01  -2.9127430e-01   3.8378370e-01   3.9676715e-01   4.4885865e-01   3.4850593e-01   1.1346911e-01   4.9866403e-02  -4.5645357e-01   7.8805400e-02   2.0937603e-01  -2.0271703e-01  -1.8742611e-01  -1.3476299e-01  -5.6787456e-02   1.3529980e-01  -5.9629114e-02  -1.8034739e-01   6.1102378e-01  -1.1621333e-01  -8.8546652e-02   1.3917755e-01   3.2973110e-01  -1.6864525e-01  -2.6969518e-01   2.4096205e-01   2.1450964e-01  -1.2567272e-01   1.4297154e-01  -2.7609341e-01   2.3577564e-02   1.3440155e-01  -2.3505326e-01
  -1.0251631e-01  -3.7818799e-01   2.8619807e-02  -4.5306896e-02  -3.8987051e-01  -2.2723737e-01   2.0474404e-01  -2.8925230e-01  -1.7931637e-01   3.5303101e-01   0.0000000e+00  -1.1569768e-01   1.3597671e-01   4.9580655e-01   5.9688774e-01  -1.3774323e-01   3.4722512e-02   5.0644855e-01   9.7297258e-04  -2.9880671e-01   3.5163641e-01  -2.0903913e-01   2.8376266e-01  -4.0283343e-01  -3.6883047e-01  -1.5294690e-02  -1.0298568e-01   5.1407129e-01  -4.8296011e-02  -1.3287388e-01   6.2208452e-01   4.9189838e-04  -1.0810136e-01   6.7792229e-01  -2.7925213e-01  -6.3620373e-02  -2.6366381e-01   4.8367829e-02  -1.9255990e-01   3.0052724e-02   2.9336525e-01  -3.1985678e-01  -3.1716552e-01   4.9807235e-01  -4.2021042e-02  -6.1773495e-02   3.0021728e-01   1.2054314e-01  -3.4005233e-01  -3.6852106e-01   4.7883843e-01  -2.2773163e-01   5.4411974e-01  -3.5854765e-01   5.4385993e-01   4.7124489e-01  -1.5149372e-01  -5.7489019e-02  -6.7258708e-02  -1.0622581e-01   2.0943480e-01   3.9104254e-02   5.3473834e-02   5.2105385e-01   1.6808762e-01   4.0278589e-01  -4.5134951e-02   6.3290287e-02   1.2704311e-01  -2.4778932e-02   4.5500680e-02   1.2190453e-01   3.5446376e-01  -1.0092023e-01  -2.6879109e-01  -1.3436532e-01   8.3287130e-02   6.8170047e-03  -5.6601250e-01  -1.0835098e-01   6.5453179e-01   3.1045786e-01   1.9994662e-01  -2.9325226e-01  -2.5812236e-01  -2.7807010e-01   1.0830379e-01   2.9448187e-01  -1.5403919e-01  -2.8078614e-01  -1.3832447e-01   9.6096973e-02   5.2214476e-01  -8.1229309e-02  -3.1679636e-02  -4.1626245e-01  -1.9418539e-01  -3.8887039e-02   1.2432222e-01   2.8105143e-01   3.6884795e-01   5.8922562e-01  -3.8623056e-01   1.6284956e-01   3.0541657e-02  -1.8821649e-01  -3.7630099e-01   8.0968459e-02   4.0855401e-01   3.5818565e-01   3.7795593e-01  -1.3453315e-01   1.5022413e-01  -2.1397002e-01   6.3525294e-01  -1.3637410e-01  -2.4736192e-01   2.6463720e-01   2.5723253e-01   8.2238629e-02  -2.3692239e-01  -2.0247321e-02  -4.7358707e-01   3.4408540e-02  -8.8680543e-02   3.5223478e-02   4.2490141e-01  -3.3208003e-01  -3.2850013e-02   1.9080633e-03   2.9572612e-02   2.7300826e-01  -1.7066255e-01   2.7531357e-01  -4.9087013e-02  -1.9722076e-01  -4.8215741e-01   5.7166977e-01  -3.0615373e-01  -3.0016658e-01  -3.9408091e-01  -9.1578314e-02   3.1448781e-01   1.4220900e-01   3.0357692e-01   1.6079433e-01  -3.1183495e-02   1.6316946e-01   3.5963349e-01   5.9178031e-01   1.2525002e-01   2.5518722e-01  -4.0962293e-01   1.7128639e-01   2.2802453e-03  -2.9381875e-01  -2.1330650e-01  -4.0272006e-02  -9.5189211e-02   4.4621770e-01   2.4632023e-01   4.2128049e-01   2.7874768e-01   2.4106882e-01  -1.1803063e-01  -1.3680815e-01   3.4394750e-01   4.5097799e-02  -2.5225928e-01   1.2042517e-01  -1.9589913e-01  -2.1282963e-01   3.3408221e-01  -6.6825757e-02  -7.6903893e-03  -1.3627141e-01  -3.6726250e-01
   4.4010456e-01   2.9192333e-01   1.9756858e-01   3.0106414e-01  -3.1219814e-01   5.4624899e-01   4.5219299e-01   1.6435191e-01  -3.3573928e-02  -2.2038240e-01  -1.1569768e-01   0.0000000e+00  -6.4188197e-02  -4.0864145e-01   7.2200190e-02   2.0711764e-01   1.9758538e-01   3.3308914e-01   3.5972807e-02  -3.8808087e-01  -6.8285931e-02   3.7732049e-01   3.0168945e-01   4.3334112e-02  -1.2899965e-01  -5.3477039e-02  -1.0182193e-01   4.5069474e-03   1.0979093e-03   5.5085092e-01  -3.0297502e-01   1.9597647e-01  -9.2780010e-02  -2.5340237e-01  -1.9710676e-01  -4.4918254e-01  -6.6918238e-03  -2.0677950e-01  -3.4329838e-02  -2.3372578e-01   2.5972458e-02  -1.1448660e-01  -3.5939819e-02  -1.0971844e-01   1.6770008e-01   4.6863432e-01  -2.3581480e-02   4.0724097e-01  -2.3048634e-01  -1.4972617e-01   3.6922624e-01  -1.0747595e-02  -4.7505003e-01  -7.8832410e-02  -2.6104744e-01   3.1796847e-01   2.3720356e-01   2.2928715e-01   4.8953423e-01   6.5941172e-01   2.1242790e-01  -3.0228555e-01   6.5194109e-02  -3.1416406e-01  -1.5822050e-01  -2.8996486e-01   5.3170440e-01  -5.7669775e-02   4.2366643e-01   4.5865987e-01  -5.1649934e-01   5.1893143e-01  -4.9525377e-01   6.0726200e-01  -2.2098171e-01   1.3082350e-01   1.8408566e-01   9.4419747e-02  -2.9126223e-01   3.6628696e-02  -2.2017566e-02  -1.4703512e-01  -6.3115430e-01   1.6220233e-01   1.9798812e-01   3.3950000e-02  -5.1504748e-01   2.6892016e-02  -9.4475364e-02   3.4532794e-01  -5.1647856e-01   2.0455370e-01   3.4524801e-01   6.0909154e-01  -1.1257614e-01  -4.1692412e-01   2.3738142e-01  -3.9269746e-02  -1.0613601e-02   2.2216552e-01  -3.1819399e-01   3.0426784e-01   3.2825452e-01  -2.0336137e-02   6.0391737e-01   1.5411223e-01  -1.3661297e-01   2.1314202e-01  -2.2492037e-01   1.9559292e-01  -8.1202785e-02   4.9062309e-01   1.4496067e-02   2.5109329e-01  -1.9844727e-01  -4.4016588e-01  -1.5862571e-02  -1.9250541e-01   2.8262461e-02   1.6337008e-01   2.4670353e-01  -5.8887218e-01   4.4122925e-02  -4.7687998e-01   3.6934997e-01   4.6700747e-01   5.3013089e-02  -3.5662515e-01   4.3005697e-01   4.6081832e-01  -2.1364745e-01  -1.7372959e-01   6.1626621e-01  -5.5325886e-01   5.9494687e-01   6.5575568e-02  -6.7731559e-02  -3.2167064e-01   7.5664970e-02  -4.6798383e-02   1.9363304e-01   7.7782412e-02   3.8436767e-01   2.5211013e-01   2.8611937e-01   1.4710996e-01  -2.6988691e-01   7.9417243e-02   2.0780891e-01  -6.1147939e-01   2.6797178e-01  -1.1786229e-01   3.4022466e-01  -2.7462149e-01   2.7508517e-01  -1.1643895e-01   1.8040687e-02   3.6174008e-01   4.7996966e-02   1.0398677e-01   6.2429002e-02   2.2319607e-01  -4.0529297e-01   5.3411922e-01   1.3451818e-01   1.5886005e-01  -1.4399516e-01   4.6816302e-01   1.9298396e-01   2.3825089e-02  -3.5803672e-02  -1.6106849e-01   1.8285843e-01   5.6271961e-01   9.1164284e-02  -4.1604247e-01   1.7081183e-01
   1.9006506e-01  -1.4817824e-01  -1.9674093e-02  -4.5134571e-02  -7.2344001e-02  -1.8695264e-01  -1.2780123e-02  -1.5611943e-01   1.2952858e-02   6.8694458e-02   1.3597671e-01  -6.4188197e-02   0.0000000e+00   7.2378621e-02   2.2180657e-01  -2.5891461e-01   4.3521103e-02   1.0314128e-02  -1.2902150e-01   3.7300947e-02  -8.5702330e-02  -9.6528296e-02  -5.0602562e-02   1.3140428e-03  -2.7435840e-01  -1.2411332e-02  -2.8142572e-01   2.5073723e-01   4.0211019e-01  -1.5908606e-01   1.3955518e-01  -1.7519806e-01  -7.7847305e-02   7.1656194e-02  -1.7893933e-01   5.5628155e-02  -2.2182061e-01   2.8806370e-01  -3.2985925e-01  -8.5257565e-02   3.2530006e-01   9.3780859e-02   8.7790535e-02  -4.1363880e-02   9.6982123e-02   1.4293696e-01  -4.6204143e-02  -1.3442342e-01  -6.6359024e-03  -2.4175608e-01  -8.3195096e-03  -1.1170757e-01  -1.3653096e-02   8.2476030e-02  -7.3068586e-02   1.6502641e-01   8.4306044e-02  -1.1492604e-02  -2.7880656e-01   1.0577601e-01   1.1107097e-01   1.6289956e-01   1.7605511e-01   9.5801302e-02   1.3555447e-01  -2.1515564e-02  -2.9354804e-01   1.9718410e-01  -1.9364294e-01   2.2508350e-01  -1.8558601e-01   8.5702672e-02  -4.9295247e-02   1.0596282e-02   8.0855392e-02  -3.5886664e-01   1.8973030e-02  -3.8710449e-02  -2.1702363e-01   4.4533317e-02   2.6095408e-01  -5.0487408e-03  -1.7677060e-01  -1.8070432e-01  -8.5390244e-02  -3.9031447e-01  -9.7206717e-02   2.7933050e-02   1.3276972e-01   1.6048429e-01  -1.9920294e-01  -3.2965091e-02  -1.4682088e-01   2.1703494e-01   1.2026691e-01  -1.7306523e-01  -1.0992747e-01  -1.3608913e-01   1.3880906e-01   1.4023675e-01  -4.7646808e-02   4.1983536e-02  -1.0186547e-01   9.5222455e-02  -1.7957058e-01  -1.1587648e-01  -7.8904076e-02  -1.5400200e-01   2.8238459e-01  -1.6706555e-01  -3.6817153e-02  -2.2094185e-01   1.5352002e-01   2.8515863e-01   2.2139591e-01  -2.7263334e-01  -6.7414744e-02   2.5233744e-01   2.4245666e-01  -5.2207181e-02   4.7578470e-02  -7.0778221e-02  -6.9623117e-02  -1.1519701e-01   2.6326453e-01  -3.5587519e-02   8.7600190e-02   7.5688853e-02  -7.2808968e-03   1.6223339e-01   8.5113873e-02   2.7376048e-02  -3.5550113e-02  -3.2835852e-02  -5.7433741e-03  -2.7971267e-01  -8.7054990e-02   1.3016132e-01  -3.6266337e-01   1.0165456e-01  -3.7452916e-02   4.1502232e-01  -1.9583042e-01   1.9398672e-01   2.9572816e-02  -1.7386359e-02  -1.9472225e-01  -2.4703399e-01  -4.5797457e-02   1.3726410e-01   3.4754270e-02   1.1143066e-01  -8.2298105e-02  -1.7350803e-01  -1.1134353e-01   7.2857788e-02   2.5436443e-01  -3.2362678e-01  -1.6304386e-01   1.5242432e-01   1.0402820e-01  -3.1313093e-02  -1.2234196e-01  -8.8607221e-02  -1.5109020e-01  -2.7646016e-01  -1.3835266e-01   2.6634377e-01  -3.3412656e-02  -3.3475923e-01  -2.0181403e-01  -3.2300346e-02   2.6354700e-02  -1.3746412e-02  -1.3888179e-01  -6.1742354e-02  -4.4812578e-02
  -2.4388078e-01  -4.0092281e-01  -1.4502947e-01  -2.2327539e-01  -2.6670141e-01  -4.6038321e-01   6.5611719e-02  -2.5635627e-01  -1.2840572e-01   2.7576478e-01   4.9580655e-01  -4.0864145e-01   7.2378621e-02   0.0000000e+00   6.0435272e-01  -1.5294564e-01  -2.3917310e-01  -1.3618472e-01  -1.4462248e-01  -3.1867239e-02   5.2365385e-01  -3.4955762e-01   1.7398597e-01  -2.9278007e-01  -1.8438890e-02  -1.4316416e-01  -9.7899457e-02   5.1674706e-01  -1.9026928e-01  -3.8319436e-01   7.9554334e-01  -2.0118065e-01   6.4696607e-02   6.4178799e-01   1.1644748e-01   7.6745728e-02   1.8981509e-02  -1.6154670e-01  -1.3532882e-01   2.2684987e-01   5.2289815e-02  -1.1223518e-01  -1.4122914e-01   8.2425490e-02  -1.4744990e-01  -3.2587471e-01  -2.1841160e-01  -5.7845355e-03  -4.1173212e-02  -1.7694146e-01  -4.4250284e-02  -2.1923473e-01   6.2245261e-01  -8.8255319e-02   6.0259534e-01   4.0450270e-02  -4.4641964e-01  -3.1634435e-01  -2.3726656e-01  -4.1412549e-01  -4.4989643e-02   2.2049131e-01  -1.1786306e-01   4.9815469e-01   3.9512320e-02   5.4603063e-01  -3.5545052e-01   7.6364876e-02  -3.8559789e-01  -2.2927344e-01   3.3230938e-01  -2.3462018e-01   3.1123919e-01  -3.8916001e-01  -1.1666725e-01  -1.5094443e-01  -1.1674898e-01  -2.1212426e-01  -1.9799828e-01  -5.3473221e-02   4.7879261e-01   3.6350911e-01   3.7450544e-01  -2.5485925e-01  -5.6514294e-02  -1.3514569e-01   5.1625626e-01   4.8366433e-01  -1.6929120e-01  -3.6587569e-01   2.3885037e-01  -1.3447037e-01  -1.2893664e-01  -2.7809209e-01  -7.4317850e-02  -4.2694644e-02  -2.3289667e-01  -1.9446599e-01  -1.1451945e-01   2.4162019e-01   6.9086499e-01   3.5716326e-01  -2.0464015e-01  -3.0473116e-02  -3.6322711e-01  -2.1037112e-01   7.3048985e-02  -2.1996556e-01   6.7088514e-01  -4.9911187e-02   2.9941880e-01  -3.6122474e-01  -3.7980907e-02  -2.3128660e-01   6.9248613e-01  -6.2532323e-02  -1.8840230e-01   3.3800304e-01   3.5836409e-01  -1.4527220e-01  -2.8192149e-01   3.8876045e-01  -2.0593787e-01   1.5885097e-01  -2.2008466e-01   8.2612844e-03   3.2828032e-01   2.4519297e-02  -3.1127394e-01  -1.8640751e-01   4.2050103e-02   1.6061174e-01  -2.9896796e-01   6.9898611e-01  -3.1490239e-01  -1.2949125e-01  -8.3098574e-02   6.3604573e-01  -2.1145849e-01  -1.5933605e-01  -1.2852451e-02  -2.3469722e-01  -2.4995472e-01  -7.8431493e-02   2.7070462e-01  -5.4008962e-02   3.6544599e-01  -1.0862289e-01   2.6046999e-01   7.1614493e-01   1.6708522e-01   6.4157303e-01  -4.5321959e-01  -5.5031598e-02  -1.2391052e-01  -2.1347083e-01  -1.3810449e-01  -8.7088184e-02  -1.5681168e-01   3.2149907e-01   1.1450542e-01  -2.5001934e-01   1.2850834e-01  -3.3861120e-01  -2.4296415e-01  -2.5893949e-01   3.6651340e-01  -1.8489513e-01  -3.1809992e-01  -3.5703000e-01   1.7173068e-02  -2.0102796e-01  -1.7991052e-01  -4.7046294e-01  -2.1107684e-02   7.9616264e-02  -4.0407367e-01
