   0.0000000e+00   1.5546479e-01  -8.7408057e-02  -3.6821408e-01  -1.0064004e-01  -1.9522179e-01  -2.8121035e-01  -2.0418519e-01  -1.5340318e-02  -2.3116818e-01   6.4529895e-02  -1.2371871e-02   4.5534617e-02   5.4676238e-01  -1.1469011e-01  -2.1782261e-02  -1.2457321e-01  -1.1118318e-01  -1.9416429e-01  -2.4339588e-01   3.2059682e-02  -1.3145490e-01  -2.8849089e-01   6.4359777e-01  -1.0056757e-01  -2.1966773e-01  -7.8418814e-02   1.2262689e-01   8.4448980e-02  -4.9568401e-02  -6.5047813e-02  -2.6007025e-01  -4.8881487e-02  -3.2019557e-01   8.6383266e-04  -1.1181855e-01  -4.2417944e-02   1.3553093e-01  -2.2255055e-04  -1.7486005e-01   2.9324476e-02  -1.3220063e-01   7.9448766e-02  -1.3907234e-01  -1.7163883e-01   1.2587203e-01  -3.0268081e-02  -6.9363458e-02  -1.1394739e-01  -5.6289807e-02  -2.1823015e-01  -1.8028643e-01   3.9131818e-02   2.5729736e-02   3.7993093e-01  -2.6730391e-01  -4.4937275e-02  -2.2500704e-01  -4.6074052e-02   4.8404055e-02  -4.8719261e-02  -9.2613382e-02   1.7160093e-01   1.3339696e-01   2.6827515e-02  -1.7208822e-02  -3.5139255e-02  -1.9396725e-01  -2.1588496e-01  -3.3237928e-02  -3.1152716e-02  -1.8495978e-01   1.7732390e-01   1.6354387e-01   1.8551802e-02  -1.3214978e-01   4.0881663e-02  -2.2739401e-01   6.7842998e-03   2.2919190e-01  -2.0674755e-01   1.3717887e-01  -3.9318300e-02  -2.5614300e-01   5.6614864e-01  -1.7957781e-01   1.2573785e-01   4.8234443e-01  -1.0838107e-03   7.1414125e-01  -4.4473920e-02  -4.2994894e-02  -2.4538143e-01  -1.2432022e-01   9.0958198e-02  -8.4804115e-02   6.9266876e-02  -2.3678595e-01   4.9696478e-02  -2.6311967e-01   4.3919272e-01   5.8387463e-02  -1.8928308e-01   9.4680281e-02  -2.2260025e-01  -2.6925172e-01  -2.4164280e-02  -3.0909412e-01  -2.5002192e-01   1.1474022e-01  -3.0621694e-01  -1.5136235e-01  -1.9972340e-01   6.4000913e-01   2.3904423e-02   1.3049535e-02  -1.4971838e-01   4.4577719e-04   2.5333152e-01  -3.2375176e-01   2.8031599e-01  -2.5848233e-02   8.5954946e-02   1.1120929e-01   2.9837707e-01   2.7965046e-01  -1.8860539e-01   1.0996076e-02  -1.7155940e-01  -7.7883768e-02  -1.1300746e-01  -1.5708666e-01   3.0466807e-01   2.0619791e-02  -1.1202525e-02  -1.4630233e-01  -2.0668024e-02   4.9303523e-02  -6.1310086e-02   3.7792919e-01   5.4604678e-01  -5.3909335e-02   1.0791260e-01  -1.2241470e-01  -2.3900425e-01  -1.2664252e-01  -2.9634275e-01   1.0237069e-01  -5.7421572e-02  -1.1438668e-02   5.1563853e-01  -5.3082827e-02   2.6319028e-01   1.7701386e-01   3.8591670e-02   3.9804709e-01   7.3665321e-02   2.5526327e-02  -1.0314941e-01  -3.0929843e-01   6.7726387e-02  -1.6377964e-01   1.5991761e-01  -1.8077866e-01  -1.6875295e-01  -5.9890153e-02   6.2593998e-02  -2.8873509e-01   2.9723120e-01   3.8868912e-02  -1.2891393e-01   1.1875617e-01  -3.0914966e-02   1.0947829e-01   1.9826374e-02   1.2626811e-01  -2.9561071e-01
   1.5546479e-01   0.0000000e+00   1.2402721e-01  -2.2046756e-01   3.2034834e-02  -4.3989175e-01  -1.2769697e-01   2.0634385e-01   3.9858135e-01  -1.8506571e-01  -2.8707698e-01   4.7738015e-01  -2.3497521e-01   8.6773196e-02  -1.3058737e-01  -1.5028975e-01   2.5436915e-01  -2.0465535e-01   3.3718654e-02  -3.0053721e-01  -2.9042730e-01  -1.6964113e-01  -4.5509541e-01   3.2518954e-01  -2.2205373e-01   2.1636590e-01  -2.8853421e-01  -1.7096437e-01  -5.3688884e-02   1.7953639e-02  -1.6976629e-01   1.0783304e-01  -1.4875310e-01  -1.6858650e-01   2.4700125e-01  -3.8973771e-01  -1.4728672e-01  -1.2474467e-01  -1.4575318e-01   1.4475958e-01  -3.7161089e-01   8.1187921e-05   5.6169357e-01  -2.1497219e-01   1.4780772e-01   3.4560313e-02  -3.7119816e-01   3.2289363e-01  -1.1501155e-01   4.1573475e-01  -3.1675837e-01   1.8132186e-01   4.5974534e-01   1.7270706e-01   7.5180937e-02  -3.8011171e-01  -4.3539425e-01   7.2633611e-02  -2.0798230e-01   1.1143128e-02  -1.9656203e-01  -2.9127953e-01   4.4593422e-01  -1.1163320e-01   2.0852823e-01  -4.3829948e-01  -4.6927789e-01  -4.8197999e-02  -1.1644832e-01  -2.7825993e-01   4.9010032e-01  -3.4193871e-01  -6.0450121e-02  -2.8107456e-02   1.6072437e-01   1.4352865e-01  -2.1871217e-01  -1.2512126e-01   4.7088376e-01  -5.6676074e-02  -2.0516006e-01  -2.1692409e-01   1.2618219e-01   1.9997091e-01  -4.1467549e-02   1.7012038e-01   6.3531931e-02   3.2393558e-01   3.3104485e-01   2.9713272e-02   2.6832370e-01  -2.0237304e-01   2.0304756e-01   1.8511084e-01  -1.5754896e-01   2.3832775e-01  -5.7831372e-02   1.4371512e-01  -3.1680308e-01  -4.9616490e-01  -1.7101150e-01  -5.0235544e-02  -1.8627578e-01   2.9147516e-01  -1.9357645e-01   4.7506693e-02   5.0742022e-02   1.3667387e-01  -2.4911446e-01  -2.3919225e-01  -2.3509307e-01  -3.0228260e-01  -8.3106475e-02   1.1864594e-02  -3.4217596e-01   5.4692353e-01  -1.4073721e-02   8.4394816e-03  -2.9045305e-01  -1.9757196e-01   5.4053952e-02   2.3635728e-01   3.2131774e-01   4.2120032e-01  -4.4062860e-02   3.6344736e-01   1.4145211e-01   7.7633386e-02   7.7042992e-03   5.0302933e-02  -2.8504326e-01   1.3403679e-03   1.1944769e-01  -1.1862407e-01   2.5075803e-01   1.8078411e-01   4.0923983e-02  -9.7547509e-02   1.0749519e-01  -8.0721316e-02  -1.4617015e-01  -1.1336012e-01  -2.2103891e-01  -4.0707259e-01  -2.0546157e-01   8.0416985e-03   1.9807393e-01  -7.5129941e-02  -4.7685465e-01   1.0365090e-01  -2.2566798e-02   9.1805258e-02  -3.4051395e-02   1.8618079e-01   3.9201364e-01  -2.3647085e-02  -1.5756673e-02  -2.3667796e-01  -1.3035026e-01   3.2955812e-03   2.9537975e-01  -1.9142974e-01   1.8973340e-01  -3.3813409e-01  -2.3680279e-02   4.4458623e-01  -1.0343066e-01  -1.3795778e-01  -5.8615789e-02   2.2490883e-01   2.2884507e-01  -3.0703909e-01  -1.0851719e-01  -2.3615151e-01   1.3751504e-01   3.5334167e-02   6.0969760e-03
  -8.7408057e-02   1.2402721e-01   0.0000000e+00  -1.5019637e-02   8.7750044e-02   1.1133490e-01  -1.6170504e-01   2.1853773e-01  -2.5300476e-01   3.5248704e-01   2.7444148e-02   4.2423915e-01   3.5425865e-02  -1.0081037e-01   2.6503105e-01   4.1193913e-02   8.3736364e-01  -3.4020766e-01  -1.6445298e-01   2.1477218e-01  -4.4947039e-01  -9.7998667e-02  -1.3263134e-01   3.5117450e-02   2.1437054e-01   1.2113287e-01  -1.5467469e-01  -1.1150031e-01   5.2030851e-02  -5.4323285e-01  -2.6637469e-01   5.6902990e-02  -1.6928196e-02   3.0880929e-01  -3.2489902e-02   8.1641840e-02  -6.1346829e-01  -1.5062842e-01  -2.7105361e-01   2.6230517e-01  -9.8354451e-02   3.1753981e-01   2.0992365e-03   6.5777107e-02  -3.0899607e-01   3.6962654e-01  -7.5743982e-02  -5.0067298e-01  -1.0198348e-01   5.2537232e-01  -1.2451387e-01   6.5622376e-02  -5.4168694e-01   3.6543933e-01  -6.7230878e-02   9.8016217e-02   1.1287365e-01   1.7517373e-01  -2.1291419e-01   1.7113072e-01   5.6324421e-01   4.8934697e-02   1.0930079e-01  -4.2117698e-01  -4.3899809e-01  -4.9595656e-03   1.1078650e-01   2.6585614e-01  -2.9887601e-02   2.9958898e-01   3.6620703e-02  -1.3517490e-01  -1.7242142e-01   2.3266180e-01   2.2101164e-01   1.7435614e-01   1.9548880e-01   4.6667182e-03   5.6748981e-02  -7.1031698e-02  -1.7958792e-01  -3.2279885e-01  -3.5604558e-02   1.9235817e-01   1.5507346e-01   1.7765070e-01  -3.4713318e-01   7.6766037e-02   3.0781842e-01  -2.7601597e-01  -1.4373849e-01   5.4054340e-01   4.7302149e-01   1.7534804e-01  -4.1436284e-02   3.3746253e-01   2.9564223e-02   1.3017724e-01  -2.4489526e-01  -1.2107508e-01   8.4455647e-02  -7.5455343e-02  -2.5012198e-01  -1.1705128e-01  -2.6876130e-01   2.3498440e-01   4.3114428e-01   1.1053964e-01  -2.5357220e-01  -8.2293200e-02   3.2283737e-01  -2.8974732e-01   2.5556943e-01  -9.9749961e-02   2.6727735e-02  -4.0575002e-01   9.7726910e-02   7.8588195e-02   1.7940486e-01   3.5637227e-02   3.6667558e-01   1.5436715e-01   5.0189285e-01  -5.2478401e-01   1.3803258e-01   2.4974285e-01  -9.6156746e-02   2.5187968e-01   2.0390605e-01   5.8395843e-01  -1.1229895e-01  -1.5718354e-01   3.6424027e-01  -1.2053172e-01   2.3665495e-01   1.8510307e-01   1.8494190e-01  -2.8979448e-01   2.2296251e-02  -9.5939230e-02   2.2350922e-02   3.2934391e-02  -1.8516866e-01   2.4298026e-01  -1.5065874e-02  -3.2281603e-01   3.0531810e-01  -7.9258473e-02  -7.2032464e-03  -9.0550610e-02   1.8724917e-01  -1.2129204e-01   1.5798386e-01  -2.8566426e-01   4.8330895e-01  -1.9265811e-01   4.8998044e-01  -1.6643504e-01   5.9401424e-01   9.9110406e-02   1.0545789e-01  -1.2117791e-01   7.1114186e-02  -2.2401340e-01   1.7165393e-01  -1.9497681e-02   3.1271890e-02  -3.7607979e-02   2.5661210e-01   1.7377205e-01   5.7045457e-02   5.4866365e-02  -3.8119706e-01   1.9981253e-01  -2.9379795e-01   3.1045831e-01   1.4510313e-01
  -3.6821408e-01  -2.2046756e-01  -1.5019637e-02   0.0000000e+00   1.0046302e-01   2.8970306e-01   5.2897033e-02   2.4921149e-01   7.7073274e-02  -4.0393040e-02   3.7486323e-01  -3.9048225e-03  -4.9447492e-02  -2.1254276e-01   1.0180905e-01  -1.9286593e-01   6.2578979e-02   3.0405745e-01   6.9038670e-03   2.6064021e-01  -6.1770973e-02   6.1727611e-01   1.5359316e-01  -2.3478735e-01   1.1220017e-01   2.2056784e-01   2.5220482e-01  -1.9013093e-01   2.2096955e-01   2.3550155e-01  -4.2408947e-02   4.7888365e-01   9.5376477e-02   9.0646487e-02   1.5052033e-01   2.9816015e-01   7.2950787e-02  -2.7237922e-01  -1.8414327e-01  -2.5235301e-03  -1.1903475e-01   1.8387614e-01  -2.0913706e-01   2.8873259e-01  -1.0322149e-02  -1.8205832e-01   5.6171799e-01  -5.8350431e-02   6.9315433e-02  -2.8950368e-02   3.9979562e-01   2.5658991e-01  -1.2155440e-01  -1.1887023e-01  -3.8999373e-01   2.4356492e-01   2.0760321e-01   6.5505522e-01   2.0992705e-01   4.6257708e-01  -1.2210931e-02   1.8648626e-01  -1.8609175e-01   2.1112524e-01  -6.7322956e-02   9.9631005e-02   3.0632053e-01   1.9222854e-01   6.3309573e-01  -1.5136817e-01  -2.1656085e-01   6.6103221e-01  -3.0396869e-01  -1.3043370e-01  -1.1971808e-01   2.9146303e-01  -1.7683057e-01   2.0819105e-01   8.4340966e-02  -1.2296000e-01   1.7939541e-02  -1.5015191e-01  -3.4376276e-01   1.3588930e-01  -4.1478338e-01   2.6385885e-01  -1.5984438e-01  -2.1896282e-01  -8.4773606e-02  -2.8998295e-01   1.2497382e-02   3.7780019e-02   1.0248526e-01   5.3497593e-01  -3.2574034e-01   4.0930324e-02   1.2883230e-01   2.5848687e-01   1.0633109e-01   8.0434690e-02  -3.4769486e-01   7.7959400e-02   2.7945412e-01   1.8254793e-01   6.0742885e-01   6.4743411e-01  -1.6115885e-01   4.7929570e-01  -1.0524264e-01   2.2607686e-02  -1.2438268e-03   5.9316123e-01   5.1501636e-01  -3.7578523e-01  -1.4181413e-01  -6.5891631e-02   2.8353643e-01  -1.1738035e-01  -2.5721498e-01   7.6804647e-01   1.7693573e-02   4.7586703e-02  -1.3551521e-01  -1.8805538e-01  -9.9293474e-02  -2.6182222e-02  -4.1414407e-03  -1.7246058e-01   6.0085013e-01  -1.6165326e-01   3.8319620e-02   9.2341364e-02  -2.9082227e-02  -2.6485859e-01   3.4738879e-01   2.9917846e-01   1.7520248e-01  -2.3914284e-01   3.0810487e-01  -1.3021255e-01   1.4326455e-02   7.7463877e-02   3.4911426e-01  -3.8145946e-02   8.3562257e-02   2.2114034e-01   4.9111704e-03  -9.7172885e-02   3.0260004e-01  -1.9463791e-01  -3.2136095e-01  -1.5856601e-01   4.5107039e-02  -2.5939681e-01  -6.9737637e-02  -2.8300664e-03  -6.7820695e-02  -3.7827638e-02  -5.7485905e-02   1.9549615e-01   8.0945963e-02   3.1188884e-01  -2.4575141e-01   5.0549187e-01   6.4704979e-01   2.3962848e-02   3.3188620e-01   1.7500830e-01  -4.7083500e-02  -1.7788117e-01   5.2075031e-02  -1.1706422e-01   4.6318542e-01  -1.4809100e-01  -2.0227684e-01  -1.3108103e-01   6.4534423e-01
  -1.0064004e-01   3.2034834e-02   8.7750044e-02   1.0046302e-01   0.0000000e+00  -4.6104578e-02  -1.4348742e-01  -2.1429175e-01  -2.2853594e-01   8.3539463e-02  -2.4241797e-02   2.1276038e-01   1.3032688e-01   1.8828506e-01  -3.4433489e-02   9.3405921e-02   2.7168183e-01   8.1586853e-02  -5.7546806e-02   6.3443705e-01   1.8541526e-01  -2.0209436e-01   7.9509213e-02  -6.2153660e-02  -4.7544573e-03  -1.4601976e-01   2.7659752e-01  -9.2730576e-02  -1.9741194e-02  -7.8519970e-02  -1.5913801e-01  -2.2105548e-01   5.6719620e-02   2.8510928e-01   1.6222753e-02   5.0715966e-01   7.9476856e-03   3.1368062e-01  -9.0092363e-03   1.7827075e-02   1.6829326e-01   1.6320262e-01   2.0757434e-01   2.3917593e-02  -4.8126491e-03  -2.1417128e-01   1.4137102e-01  -1.5419314e-01   5.3024213e-01   2.3806632e-01  -1.0017121e-02  -1.9837416e-01   5.4254805e-02   9.5243743e-02   1.3488602e-01  -3.8321065e-02  -3.3725629e-01  -1.7069487e-01  -7.5378407e-02  -2.3261260e-02   2.3824693e-01   4.3982026e-01   5.1591158e-02  -1.7095491e-01  -1.2569159e-01   2.5094606e-01   1.2178759e-01  -5.1067400e-02  -2.0796196e-01  -2.6158989e-01  -1.9577203e-01   1.3241046e-01   2.8605280e-02  -1.1147116e-01   1.2568924e-01  -2.0494723e-01   1.2477882e-01  -2.6234030e-01   5.4308699e-01   5.8086215e-02   5.5981165e-02  -9.9955028e-02   1.7922104e-01  -1.3655190e-01   5.1624704e-02  -2.3755979e-01   3.2846516e-02  -2.3449948e-02   2.3699162e-01  -2.8590859e-02   5.8254969e-01   1.4642774e-01   3.3559260e-01  -2.9607436e-02   2.1011459e-01   5.7293663e-01   2.1339307e-01   1.1875422e-02   3.0187376e-01   1.5663900e-02  -3.4834317e-03   1.1510084e-01   2.1046103e-01  -1.7720701e-01  -2.5433335e-01  -1.5002016e-01   2.7369306e-01  -2.2529354e-01  -1.4716731e-02   4.0565722e-01   3.4593528e-02   1.4833536e-03   3.6023077e-03   1.8108710e-01  -2.4134416e-01   1.2832624e-01  -2.8556296e-01   2.2313867e-01   4.3628446e-02   2.8601766e-02   1.2998158e-02   6.6305155e-01   2.6087504e-01  -1.2768538e-01   2.4175630e-01  -9.3911978e-02   1.7545464e-01  -1.1982356e-02  -2.7907630e-01   1.3199519e-02   2.0145413e-01   1.1751535e-01  -3.4074093e-01   1.0495157e-01  -1.5138086e-01  -2.4306070e-01   2.7883562e-01  -2.2920488e-01  -2.8161161e-01   2.0117846e-01   1.4561414e-01   2.9417615e-02  -1.7715090e-01   9.0728850e-02  -5.5878544e-02  -3.1827249e-01  -9.6191389e-02   5.1912164e-01   1.3032406e-01  -3.1960276e-01   5.1905063e-02   7.2805118e-02  -1.0889969e-01   1.4227834e-01   3.1138234e-01   6.9644690e-02  -5.9427891e-03   1.0266877e-01   3.0886098e-01   1.0766160e-02   1.8871365e-01  -3.5686704e-01   3.3407247e-01  -1.7600775e-01  -1.6795358e-01   1.2587785e-01   1.2388126e-01  -6.5837830e-02  -2.0328381e-03   3.2079008e-01   5.3753058e-01   1.8425427e-01   1.1450381e-02   1.7834268e-01  -3.6752290e-02   2.2405978e-01  -2.1735190e-01
  -1.9522179e-01  -4.3989175e-01   1.1133490e-01   2.8970306e-01  -4.6104578e-02   0.0000000e+00   8.8023495e-02   2.6895041e-02  -1.8301014e-01   3.0162171e-01   2.4811192e-01  -9.2672502e-02   1.1032261e-01  -7.4801562e-02   1.1035871e-01  -2.8124817e-02   8.8558043e-02   9.4225263e-02   1.2067233e-01   3.4364617e-01  -1.0435755e-01   3.7284889e-01   1.9404217e-01  -3.7504081e-01  -1.2315734e-02   1.2071434e-01   2.4821285e-01   4.3176368e-02  -1.4344552e-01   1.4272983e-01  -2.4876816e-02   1.9489531e-01  -4.8027422e-03   1.7579123e-01  -4.2438085e-02   2.7536616e-01  -3.7298934e-02  -1.3824318e-01  -2.3396365e-01   3.0757949e-02   1.8613471e-01   1.0719972e-01  -3.4556539e-01   4.1037845e-01  -2.3363955e-01  -8.7762802e-02   3.7113618e-01  -3.1356300e-01   6.0945685e-03  -9.8601188e-02   4.3840969e-01  -1.4704637e-02  -5.1198210e-01   1.0495409e-03  -1.0441823e-01   4.1801508e-01   6.6283261e-01   2.1960069e-01   8.1489354e-02   4.8174474e-01   1.6694589e-01   1.2751871e-01  -2.3770471e-01  -1.3245417e-03  -2.9429224e-01   4.5939470e-01   6.6242078e-01   2.2923742e-01   3.8642420e-01   1.3298038e-01  -3.4984042e-01   4.1040840e-01  -1.1070965e-01   2.7179612e-01  -5.5424571e-02  -5.0024578e-02  -1.2622540e-01   2.4056967e-01  -2.8439124e-01  -1.8308354e-02   6.4728348e-02   2.8895675e-02  -9.9459497e-02   8.1169191e-02  -2.3380336e-02  -2.6584294e-02  -4.4341949e-02  -3.2688969e-01  -1.0043841e-01  -1.3442163e-01  -3.4923101e-01   1.2076379e-01   1.2759532e-01   2.3690637e-01  -1.6189852e-01  -1.9710449e-02   2.2936095e-01   5.0894028e-02  -2.9604218e-03   3.4045298e-01  -1.4620710e-02   6.3088104e-02  -8.1990078e-03   1.5597483e-02   2.9114025e-01   2.4655276e-01  -9.7679508e-02   2.1887236e-01  -1.2032394e-01   2.6149340e-01   2.8899504e-01   3.7588584e-01   3.3725169e-01  -2.0934055e-01   2.8245535e-01  -5.3720827e-01   2.5255722e-01   6.7466660e-02   2.4439959e-01   3.3179538e-01  -1.3960003e-01  -1.0185923e-01  -4.3415153e-02  -4.0358502e-01  -5.1813283e-02   1.9547953e-02  -1.8642096e-01   2.7233535e-02   3.1467910e-01   1.0540896e-01  -1.0749182e-01  -3.1572967e-02   1.4284941e-01  -1.3657479e-01   4.5712500e-02  -3.1720886e-02  -3.3820637e-03  -3.3868770e-02  -1.7634458e-02   2.8234454e-02  -1.3061331e-02  -1.2804633e-01   2.5365965e-01   6.0353482e-01   1.4687451e-01  -8.2894396e-02  -6.0882749e-02  -3.1551033e-02   5.5059751e-01  -1.5307762e-01   3.0936239e-02  -1.9773296e-01  -2.2967354e-02  -3.9914292e-01   1.7148010e-02  -1.1160032e-02  -1.5420918e-02   8.0778259e-02   1.1203264e-01  -4.1928829e-02  -2.4215337e-01   2.1782899e-01  -1.9742070e-01   3.5058270e-01   4.0292072e-01  -3.1671596e-01   1.2999589e-01   3.4339705e-01  -3.7225704e-02  -6.4568265e-02  -1.8675889e-01   4.2234677e-02  -3.3787023e-02   5.1385012e-01  -1.7055333e-01   1.2355284e-01   4.0073222e-01
  -2.8121035e-01  -1.2769697e-01  -1.6170504e-01   5.2897033e-02  -1.4348742e-01   8.8023495e-02   0.0000000e+00  -2.3803802e-01   3.9360906e-02   1.8283589e-01  -4.8128591e-02   5.5715083e-02   7.2366304e-02  -4.0026443e-01   2.3625268e-01   1.7780036e-02  -2.0370616e-01   8.8294984e-02  -3.3465024e-02   5.5550543e-02   1.3224457e-01  -9.4842748e-02   4.6937960e-01  -3.2642132e-01  -8.2587104e-02  -2.1198057e-01   2.7621101e-01   8.5120697e-02   6.0836052e-02   1.5374023e-01   1.9811071e-01  -1.5964701e-01  -2.0336749e-01   4.6860874e-01   7.8652282e-02   1.6115048e-01   1.4553608e-01   1.0993742e-02   2.2856915e-03   3.5730055e-01  -4.2690238e-02   4.0808246e-02  -6.9491451e-02  -2.5072007e-01   5.1231243e-01  -1.8670847e-01  -4.4007244e-02   5.8044260e-01  -3.6111249e-02  -2.8050079e-01   2.8698985e-01  -1.3619104e-01   7.9414788e-02  -2.1770225e-01  -2.3674768e-01   3.0821302e-03  -1.3575976e-03  -1.4748304e-01   4.5058272e-02  -1.4561187e-01  -1.1107054e-01   1.4618170e-01  -1.0930249e-01   7.2688781e-02   1.4273019e-01   2.3469378e-01   1.9568824e-02  -1.6388908e-01  -6.3972622e-02   1.5390623e-01   2.4774194e-01   1.5009743e-01   2.1234180e-02  -2.2099894e-01  -3.2292172e-01  -1.3759542e-01   8.2663995e-02   9.1432255e-02  -1.3239074e-01  -1.2439175e-01   3.7996042e-01   6.8895664e-02   5.6737583e-02  -1.6098984e-01  -3.7805696e-01  -9.2651546e-02   7.2157668e-02  -4.0798242e-01  -2.7168946e-01  -3.1284366e-01  -1.1977949e-01  -1.1639551e-01   2.2942679e-02  -5.8857937e-02   6.6501010e-02  -3.6215377e-01  -6.2743810e-02  -1.2425875e-01   5.8255734e-02   3.1807737e-01  -1.5007718e-01   3.3587199e-01  -2.4777330e-02  -1.9374474e-01   9.8987622e-02  -1.3137892e-01  -3.6349841e-01  -9.7078077e-02   2.4649408e-01  -1.4999716e-01   4.4774978e-01   1.9789152e-01  -1.3646032e-01  -2.5392463e-01   2.5782540e-01   7.6721137e-02  -7.9631393e-02  -7.9856048e-02  -1.3450225e-01   5.3119549e-02  -2.3680519e-01  -2.6694146e-01  -2.4627917e-01   1.1930131e-01  -3.6306606e-01  -4.2942833e-01   3.8300481e-01  -1.7947459e-01  -1.3765265e-01   1.6773197e-01   1.2677132e-01   4.8508392e-01  -3.2221263e-01   4.6121042e-03  -1.6386275e-01  -1.0647061e-01  -1.8495050e-01   3.9978951e-01  -4.5227881e-02  -2.6260276e-01  -2.9144111e-01  -1.1962314e-01  -1.5639163e-01   1.8672990e-01   5.3020546e-01   1.1584312e-01   4.8706866e-01  -1.2474216e-01   1.5876401e-01   2.7186247e-01  -2.9199125e-01  -9.1860359e-02  -2.2713570e-01   1.2465366e-01   5.3937826e-02  -2.2516970e-01  -2.0062776e-01   5.1891987e-02  -1.1868513e-01   2.4337903e-01   3.2542261e-02  -5.4660674e-02  -1.6160465e-02   9.6091041e-02  -7.2440664e-02   2.9715270e-01   1.6655567e-01  -1.8130130e-01  -2.3471727e-01  -1.9054921e-01   1.1738946e-01  -7.8815701e-03   1.0608072e-01  -1.5696647e-01  -2.6317379e-02  -3.5099482e-01  -6.5361737e-02
  -2.0418519e-01   2.0634385e-01   2.1853773e-01   2.4921149e-01  -2.1429175e-01   2.6895041e-02  -2.3803802e-01   0.0000000e+00   3.8548478e-01  -6.2487676e-02   2.3521143e-02   1.0147523e-01  -3.6465181e-01  -1.7155568e-02  -6.0539918e-02  -1.8974389e-01   2.1226757e-01  -1.8304385e-01   3.9088052e-01  -1.1786423e-01  -3.5918986e-01   2.6088400e-01  -1.8318828e-01   1.7084865e-01   1.5913497e-01   6.8565825e-01  -1.9394646e-01  -7.7703191e-02   1.5686346e-02  -1.2271278e-01  -2.2710222e-01   6.0926780e-01  -2.6519330e-02  -1.5295402e-01   2.7430421e-02  -3.1709342e-01  -2.1825750e-01  -6.2944924e-01  -3.2060588e-01   7.4834751e-02  -3.9620621e-01   2.0029809e-02   2.5335500e-01   2.9240988e-01  -2.1994074e-01   1.8197814e-01  -8.8274351e-02  -1.6210493e-01  -1.6513399e-01   2.0930132e-01  -2.0843167e-01   7.8595822e-01  -1.0075214e-01   2.9769416e-01  -5.9431754e-02   2.2316874e-02   8.6282741e-02   6.3320991e-01  -3.1259341e-01   2.3190471e-01  -1.1707504e-01  -7.1619874e-02   3.9293510e-01   1.5412134e-01  -1.6569045e-01  -3.0845619e-01  -9.3900868e-02   1.8870549e-01   3.7840811e-01  -2.1894481e-02   1.0318326e-01   5.9590574e-02  -3.8038711e-01  -2.9906159e-02   5.0457991e-01   7.0911629e-01  -4.5941761e-01   4.0212780e-01   4.8893418e-02  -1.1551366e-01  -1.3311791e-01  -2.1680107e-01  -2.5585080e-01   8.2863934e-01  -2.1675928e-01   6.8841801e-01  -3.8508348e-01   2.4967368e-01   6.8516481e-02  -2.4083222e-01  -4.6012130e-02  -1.8904247e-01   9.9319444e-02   4.5252902e-01  -5.8986160e-01   2.1554996e-01  -2.3575495e-02   5.8791522e-01  -1.5558198e-01  -1.4615429e-01  -2.7247689e-01  -2.5385314e-01  -4.1458822e-02   2.0096740e-01   1.9306690e-01   6.6969985e-01   1.1689620e-01   6.8694335e-01  -6.5529976e-02  -3.3399719e-01  -1.4382644e-01   3.0579318e-02   3.7354830e-01  -3.9529348e-01  -2.1055853e-01   5.7813359e-02   6.2484118e-01  -1.8941976e-01  -3.3853488e-01   7.8566201e-02   5.3026843e-02  -4.5734725e-02   2.1731763e-01  -1.4259812e-01  -2.9530362e-01   5.1074874e-01  -2.0448168e-01   3.4961142e-01   6.2118787e-01  -6.5605987e-02  -2.8099357e-01  -2.7448740e-01   4.1735967e-01  -2.5638323e-01   6.7527597e-01   8.7050191e-01   2.1730429e-01  -3.7827664e-01   7.2006189e-01  -3.4897496e-01  -9.0460480e-02   1.5140872e-01   9.8097405e-02  -4.0077340e-01  -1.7005244e-01   1.4661623e-01   7.3221714e-02  -2.8888583e-01  -2.1625788e-01  -1.6507244e-01  -6.0947704e-02   1.5906572e-01   6.0860994e-02  -9.9138578e-02  -9.8399907e-02  -1.8504781e-01   1.5232393e-01  -4.8539048e-01  -1.4739490e-01   3.2923889e-01   3.9190581e-02   4.2536219e-01  -1.5737628e-01  -2.9458181e-02   4.8922928e-01   1.9640796e-01  -7.7501069e-02   1.6139310e-01   8.6375162e-02  -4.0405652e-02   3.3616179e-02  -5.2180600e-01  -4.8300161e-02  -3.3201427e-01  -2.0682973e-02  -1.1679180e-01   6.0478836e-01
  -1.5340318e-02   3.9858135e-01  -2.5300476e-01   7.7073274e-02  -2.2853594e-01  -1.8301014e-01   3.9360906e-02   3.8548478e-01   0.0000000e+00  -1.5630947e-01  -1.9824294e-01   7.0306803e-02  -3.4756305e-01  -6.7043534e-02  -2.2671019e-01  -3.3061373e-01  -1.5147328e-01  -1.4247649e-01   2.1540850e-01  -2.9537952e-01  -2.6949307e-01   1.3241760e-01  -1.8054299e-01   1.0971113e-01  -4.3228093e-02   2.4749259e-01  -2.8495395e-03   2.3527911e-02   1.7558788e-01   3.1125515e-01  -1.5987560e-01   3.5475532e-01  -2.4123933e-01  -3.0187835e-01   2.1656450e-01  -4.1822552e-01  -9.9448705e-02  -3.9396909e-01  -2.7490902e-01   1.7643301e-01  -4.8186574e-01  -1.0131785e-01   5.2118471e-01  -2.2321332e-01   1.8222352e-01  -2.7402391e-02  -1.4860283e-01   3.4629298e-01  -2.6132581e-01  -4.4305508e-02  -2.2486874e-01   3.6832666e-01   3.3444783e-01   6.8012589e-02  -1.6820731e-01  -2.8977848e-01  -2.2841909e-01   3.5765055e-01  -2.0849560e-01   1.7080527e-01  -5.3649908e-01  -1.8163337e-01   5.1841900e-01   4.2057478e-01   2.2358391e-01  -2.1808712e-01  -3.9464317e-01   1.1252161e-02   1.2471603e-01  -1.3676023e-01   2.3985461e-01   4.8495059e-02  -2.6472306e-01  -2.1861031e-01   1.0231472e-01   3.8434088e-01  -5.3262723e-01   4.0279137e-03   9.1513532e-02  -1.5453399e-01  -1.4737096e-01  -1.4466064e-01  -1.8401010e-01   3.2387975e-01  -3.4534097e-01   4.2238830e-01  -7.7703009e-02   1.4811794e-01   1.2568264e-01   2.4451865e-03   1.1293466e-01  -6.0551483e-01  -1.2792392e-01   3.2024169e-01  -4.5811748e-01  -1.1777752e-01  -5.8511684e-02   2.8270053e-01  -1.2957377e-01  -2.0434297e-01  -4.1636066e-01   5.1702816e-02  -2.2689431e-01   3.4629220e-01   1.7379575e-01   2.2287996e-01  -1.9707264e-01   3.1278227e-01  -1.7886818e-01  -3.8756219e-01  -3.2565570e-01   1.1138497e-02   2.4652843e-01  -9.1263514e-02  -2.3332779e-01   3.5568142e-01   1.7840718e-01  -2.2055946e-01  -4.4438310e-01  -5.8419604e-02  -1.8290225e-01  -7.1279924e-02   9.3341642e-02   3.1017443e-01  -3.1921467e-01   2.0825424e-01   2.8031376e-02  -3.7642722e-05   3.0056556e-01  -2.8936032e-01  -3.3983153e-01  -8.7609109e-02   8.5708552e-02  -3.4808212e-01   4.8608354e-01   4.2583262e-01   5.1471604e-02  -6.7609515e-02   3.9146420e-01  -1.2979740e-01  -1.0585474e-01  -1.6763221e-03  -2.0335359e-02  -4.1284503e-01  -1.5301571e-01   1.2250168e-01   1.2517742e-02  -2.3123161e-01  -2.8315905e-01  -1.2385854e-01  -1.6550656e-01  -7.5431222e-02  -1.5937698e-01   1.5747070e-01   5.6282077e-03  -6.8355650e-02  -4.1594345e-02  -3.9523788e-01  -5.0945364e-01   2.7621189e-02   9.5437073e-02   1.3852745e-01  -1.8433190e-02  -7.7485389e-02   2.8476582e-01   3.9087659e-01  -2.4049322e-01   1.2605961e-01  -1.0469785e-01  -2.6686482e-01   8.4744473e-02  -4.8806221e-01   3.0884094e-01  -4.1432583e-01   2.4839033e-01  -3.0777604e-01   2.4422325e-01
  -2.3116818e-01  -1.8506571e-01   3.5248704e-01  -4.0393040e-02   8.3539463e-02   3.0162171e-01   1.8283589e-01  -6.2487676e-02  -1.5630947e-01   0.0000000e+00  -1.9278052e-01   9.7995020e-02   3.7288291e-01  -1.3308581e-01   1.0443595e-01   6.5675695e-02   4.2310786e-01  -3.1178788e-01  -9.1133455e-02   5.0290100e-01  -8.3215074e-02  -2.0826856e-01   4.0955937e-01  -4.3406871e-01   8.5149710e-02  -1.6019647e-01   1.1979162e-01  -9.1257590e-02  -1.2545437e-01  -4.0322030e-01  -1.1773971e-01  -5.4489706e-02   4.7002299e-02   4.6812603e-01  -1.4735670e-01   2.2488176e-01  -2.5388853e-01   1.7628269e-01  -6.1542020e-02   5.7394783e-01   2.4107190e-01  -5.1082791e-02  -1.9297643e-01  -1.2817712e-01  -2.3099445e-01   5.4084779e-02  -7.0303836e-02  -1.9845027e-01  -3.1303180e-02   1.9361714e-01   2.8201058e-02  -2.1889219e-01  -3.8024579e-01   1.9388245e-01   8.0926184e-03  -7.5806012e-02  -9.4056695e-02  -1.1670384e-01   3.6974474e-02  -1.2434099e-01   2.3249294e-01   1.2243790e-01  -1.8986504e-01  -2.9470546e-01  -4.5714063e-01   5.4604824e-01  -1.4916898e-02   1.4047709e-01  -1.8312596e-01   2.8413689e-01   5.7458614e-02  -9.3751485e-02   1.2855465e-01  -2.2049172e-01  -6.0379736e-02  -1.2819562e-01   1.4069454e-01  -1.0919848e-01  -1.2387007e-01   1.4801774e-01  -4.9897383e-02  -5.1927147e-02   1.7281077e-01  -9.9205340e-02  -2.6521184e-03  -1.0042132e-01  -3.5324873e-02  -3.8300045e-01   1.5489119e-01  -2.7118309e-01  -1.5315001e-01   7.1032336e-02   2.9044353e-01  -1.3694081e-01   2.9094507e-01   2.0741719e-01   2.0208498e-01  -2.3639229e-01   9.4773949e-02   5.5076941e-01   1.1355998e-02  -1.3137267e-01  -2.0978881e-01  -3.7465152e-01  -1.7732818e-01   7.3635832e-03   1.9135429e-01  -2.4095007e-01   1.2947952e-01   6.8189268e-02   4.2215002e-01  -2.8714349e-01   1.3812901e-01   5.6456101e-02   1.3720109e-01  -3.9166406e-01  -2.2543701e-01   2.5733132e-01   4.5460930e-02  -7.9238060e-02  -1.0834704e-01   3.7968281e-02   1.8882025e-01  -3.8627550e-01   1.2653018e-01  -2.9130425e-01  -1.4921452e-01   2.2170589e-01  -7.5950296e-02   4.4986793e-01  -1.2883209e-02   1.6181688e-02  -1.1399640e-01   1.1618395e-01  -8.6911188e-02  -1.4050204e-01   3.4288445e-02  -2.9725340e-02  -1.9241240e-01   2.0101917e-01  -1.9182024e-01  -2.0392839e-03  -1.9989486e-01   4.5309258e-01   1.8703560e-01  -1.5293141e-01   2.3607432e-01   1.6344581e-01   3.7619553e-01   1.5837962e-01  -6.3699856e-02   4.3719904e-02  -2.2490647e-01  -1.9469640e-01   4.0239719e-01  -2.2772537e-01   6.3869076e-02   1.8880763e-01   2.2523444e-01   8.7541150e-02  -3.9265525e-01  -1.1003574e-01   2.8709621e-01  -1.3542610e-01  -1.4642166e-01  -1.7930855e-01  -1.4306813e-01   6.6581782e-02  -3.2215753e-02   1.7804130e-01   9.8496598e-02   1.7233074e-01  -3.8804516e-01   1.0607338e-01  -1.5379781e-01   1.3344540e-01  -1.3496497e-01
   6.4529895e-02  -2.8707698e-01   2.7444148e-02   3.7486323e-01  -2.4241797e-02   2.4811192e-01  -4.8128591e-02   2.3521143e-02  -1.9824294e-01  -1.9278052e-01   0.0000000e+00  -2.5917197e-01   9.5831210e-02   6.9098210e-02   1.6885397e-03  -3.9855671e-02  -6.6266322e-02   6.2408359e-01  -7.2916421e-02   4.1179116e-02   1.8384964e-01   4.2816078e-01   6.8557680e-02   1.8408922e-02  -2.4510201e-02   6.3229868e-03   1.2869793e-01   1.9150711e-01  -2.4473912e-02   1.8998123e-01   2.4038395e-01   2.7181717e-01  -3.7616340e-02   1.5775047e-02  -2.4798872e-01   4.7270553e-01   9.7886926e-02  -1.0565399e-01  -5.0365110e-02  -3.7260545e-01   2.0523485e-01  -1.0308103e-01  -4.3374307e-01   6.0136679e-01  -1.9293161e-01   1.5679020e-01   6.9000134e-01  -1.6642548e-01   9.3630999e-02  -3.7893425e-01   5.6797674e-01   1.3152769e-01  -2.5843678e-01  -2.2639389e-01  -1.0509480e-01   3.3288128e-01   4.5273149e-01   3.0313132e-01   4.1876724e-01   3.0938590e-01   2.1547552e-01   2.1829759e-01  -2.1091121e-01   3.8785604e-01   6.2248162e-02   2.3547321e-01   3.9401241e-01  -4.1732878e-02   4.7974832e-01   1.6513184e-01  -3.3554406e-01   5.9125308e-01   8.6215909e-02   2.3292592e-01  -2.4953217e-01   1.6061173e-01   1.5286583e-01  -2.2437479e-02  -3.6662242e-01   8.0044730e-02  -1.5423019e-03   1.5795725e-01  -6.3505164e-02  -9.4525235e-02   2.3400459e-01   7.7275038e-02   3.5976248e-02  -5.4988472e-02  -1.9487124e-01  -1.7794529e-02  -2.3943602e-01   1.7442821e-01  -2.7061458e-01   2.0320181e-01  -1.3136025e-02  -4.0783276e-01  -1.8638650e-02  -1.0519434e-01   2.9981669e-01   1.3967253e-03   2.5973018e-01   1.5838516e-01   2.1607689e-01   1.1449247e-01   5.4221466e-01   3.6164002e-01  -2.7478321e-01   1.1698522e-01  -9.5964064e-02   3.4194710e-01  -7.2602297e-02   5.2643886e-01   8.2650810e-02  -8.1572681e-02   1.5588740e-01  -2.4246721e-01   3.7560441e-02   6.8639196e-02   3.6894758e-01   4.4101462e-01   2.6306390e-01  -3.0965126e-01  -2.1717780e-01  -5.3174141e-02   4.0960705e-02  -2.0921366e-02  -1.7391846e-01  -3.2976234e-01   3.4495015e-01  -1.0696560e-02   5.0722524e-03   2.2038175e-01   1.7592853e-01   8.0681875e-02   2.3703372e-02   6.5795192e-02  -6.3709618e-02   9.3212553e-02   2.5097616e-01  -7.7897157e-02   2.0328769e-01  -2.2839182e-02   7.0236073e-01   1.4821300e-01  -5.0509062e-02   3.2517366e-01  -3.3274389e-01   8.8117568e-02   4.7212173e-01   2.8486433e-02   8.0860082e-02  -1.1562749e-01   2.5631912e-01   9.2510613e-03  -3.2425346e-01   3.2599896e-02   1.4944680e-01   2.8805393e-01   2.1959874e-02  -4.4814812e-02   6.7691963e-02   4.5331070e-01  -6.5894960e-03   6.5048841e-01   3.6674727e-01  -2.0199946e-01   3.5758201e-01   3.5263511e-02   1.7247821e-01  -1.9910964e-01  -2.8760497e-01   1.1325629e-01   4.7147493e-01   2.0682018e-01  -1.6324291e-01  -1.3528633e-01   3.5321306e-01
  -1.2371871e-02   4.7738015e-01   4.2423915e-01  -3.9048225e-03   2.1276038e-01  -9.2672502e-02   5.5715083e-02   1.0147523e-01   7.0306803e-02   9.7995020e-02  -2.5917197e-01   0.0000000e+00  -1.4552438e-01  -4.9293209e-02   3.0013433e-01  -2.1421128e-01   4.9204766e-01  -3.6722783e-01  -1.5949973e-01   1.0175444e-01  -3.0263547e-01  -1.0696253e-01  -2.9113308e-01   2.2009058e-02   1.8750949e-01   1.9572466e-01  -1.6931632e-01  -2.6037921e-01   5.4613017e-03  -1.5615500e-01  -3.0806849e-01   3.4199166e-02  -1.8409358e-01   2.7797172e-01   4.7889766e-01  -9.7224718e-02  -4.3350237e-01  -8.1391608e-02  -3.9906973e-01   2.2969275e-01  -3.4674915e-01   2.7058428e-01   4.2287677e-01  -1.8905995e-01   6.9018263e-02  -1.6121515e-01  -2.9676381e-01  -9.1626170e-02   5.5478161e-02   6.6329564e-01  -2.9398061e-01   1.1499769e-01  -3.3875695e-02   4.3163950e-01   6.7403880e-02  -6.6584102e-02  -2.3281639e-01   2.3478981e-01  -3.0407251e-01   3.4032312e-01   9.8759778e-03  -1.8637675e-01   2.4782216e-01  -3.9508815e-01  -1.6100627e-01  -2.0617515e-01  -9.9687894e-02   6.3315047e-02  -1.2421305e-01  -4.0994684e-01   3.1319592e-01  -2.1618450e-01  -3.2655798e-01   1.0925492e-01   3.1369030e-01   1.9613054e-01  -2.1545051e-01  -4.4864158e-02   5.3698501e-01  -3.8124181e-02  -1.7823830e-01  -2.8353641e-01   1.4212646e-01   1.5296875e-01  -5.9783986e-02   2.4292441e-01  -1.7850991e-01   1.9381782e-01   4.1559000e-01  -1.3280839e-01   1.7983101e-01   1.3855262e-01   7.2361009e-01   2.9699862e-01  -1.7974911e-01   5.6379990e-01   1.3071920e-01   2.4809733e-01  -2.3586049e-01  -3.6762017e-01  -2.0654705e-01   3.5556340e-01  -1.1337808e-01   1.4975424e-01  -3.0988282e-01   8.7823634e-02   3.7794364e-01   1.5903003e-01  -4.7693411e-01  -1.8090167e-02   3.0200865e-01  -1.6684672e-01   2.9968139e-01  -4.0108762e-02  -2.8084195e-01   8.9978929e-02   5.5801315e-02  -4.2597724e-02  -7.8955234e-02  -2.1152110e-02  -1.2379118e-01   4.7735776e-01   7.1363876e-01  -1.4193496e-01  -7.8336218e-02   2.2048325e-01   2.7369872e-01   1.9154297e-01   1.6701130e-01   1.0918573e-01  -1.9465037e-01  -1.3760249e-01  -7.0772217e-02  -1.1288050e-01   3.9902834e-01   1.8055748e-01   2.3401344e-01  -2.2936589e-01   7.3999310e-02   3.1038242e-04  -1.2865314e-01  -8.9536619e-02  -4.0913075e-01   3.1919121e-02   1.5908522e-01  -2.3116797e-01   5.3473761e-01   2.3241925e-03  -1.5043034e-01  -7.3639174e-02   6.2808705e-03  -3.0376125e-02  -1.1324993e-01  -1.8384442e-01   6.2871958e-01  -2.8371305e-02  -1.2585264e-01  -2.4237003e-01   2.8257929e-01   9.5197406e-02   1.7381895e-01  -3.9439676e-01   1.2678286e-01  -3.9637599e-01   1.1314881e-01   3.9913725e-01  -9.4500782e-03  -2.0699261e-01  -1.5025170e-01   4.2990753e-01   4.0706807e-01  -1.0850736e-01  -3.1012068e-01   1.1529751e-01   6.7748633e-02   2.0039391e-01   1.0055087e-01
   4.5534617e-02  -2.3497521e-01   3.5425865e-02  -4.9447492e-02   1.3032688e-01   1.1032261e-01   7.2366304e-02  -3.6465181e-01  -3.4756305e-01   3.7288291e-01   9.5831210e-02  -1.4552438e-01   0.0000000e+00   8.4876963e-02   8.2909276e-02   8.6566604e-02   6.9758920e-02   1.2529461e-01  -8.6168340e-02   3.8620223e-01   1.3879429e-01  -1.8429701e-01   2.3440235e-01  -2.1617600e-01  -6.6348251e-02  -2.2649773e-01   2.8685693e-01   1.1347601e-01  -1.2332293e-01  -1.8212785e-01   7.2470006e-02  -2.2082522e-01   2.5656606e-02   3.5949344e-01  -1.8583222e-01   3.8614239e-01   2.3505075e-01   4.4549729e-01   2.1055456e-01   1.0272227e-01   7.3074739e-01  -5.5399330e-02  -2.8981221e-01   5.3822057e-02   9.5281960e-02  -1.1870190e-02   1.6952054e-01  -1.4043514e-01   3.1521447e-01  -6.8836892e-02   1.8779360e-01  -3.1940315e-01  -2.0213378e-02  -8.9349805e-02   1.9678858e-01  -5.2692963e-02   7.6040864e-02  -3.3365812e-01   2.5113180e-01  -1.5518594e-01   3.1825113e-01   4.2639072e-01  -4.2708658e-01   1.0820426e-01  -1.1137903e-01   4.4875977e-01   1.1893726e-01   3.6474435e-02  -1.5991910e-01   1.2199660e-01  -2.4778806e-01   5.0297331e-02   4.9539134e-01  -2.0338172e-02  -2.5940204e-01  -3.3565733e-01   3.0995805e-01  -1.6158568e-01  -2.9871798e-02   2.2174221e-01   9.4617325e-02   2.2882886e-01   1.8331353e-01  -2.5656578e-01   1.1016638e-01  -2.3515144e-01   2.4612926e-01  -2.2974016e-01  -1.3540810e-01   7.8221298e-02   9.4996573e-02   1.2031616e-01  -1.2369780e-02  -2.6627338e-01   3.6723241e-01   5.8141437e-03   2.3536399e-01  -2.6455831e-01   4.5720140e-01   3.4073536e-01   1.3137789e-01   1.1112483e-01   1.9402817e-02  -1.5766093e-01  -9.5961964e-02  -2.4662348e-01   2.5568327e-02  -3.4610004e-01   2.0211035e-01   3.0882742e-01   1.6041004e-01  -2.9846103e-02  -2.2299499e-01   2.5053697e-01   5.6058486e-02  -9.4344707e-02  -3.6023142e-01   6.1156947e-01   2.1889161e-01   1.0434240e-01  -1.1295585e-01   1.2340138e-01  -1.1701974e-01  -7.6046742e-02   2.5357517e-01  -1.6993498e-01   1.4312901e-01   6.1915671e-02  -2.7050751e-01   5.2205884e-02   4.3732811e-01   9.5372050e-02  -1.2363551e-01   1.9027775e-01  -4.0553888e-01  -3.2663590e-01  -5.2593980e-02   3.5252994e-02  -2.7615747e-01   2.9408063e-01   8.0055968e-02   9.5057945e-02   5.2802378e-02   3.1770850e-01   1.1238621e-01   3.6865723e-02  -1.7122707e-01   3.6024748e-01   2.9571431e-01   7.6379985e-02   1.9761737e-02   1.2862277e-02  -1.1566215e-01   1.0226022e-01   9.3719716e-02   2.4573313e-02  -3.1616548e-02   5.2406212e-01   1.9593575e-01  -3.8569839e-02  -1.8827910e-01  -2.4617534e-02   1.8104630e-01   1.0217197e-01  -2.6787303e-01  -1.0010043e-01   5.7881832e-02   1.1788918e-01   2.6172740e-02   1.2874425e-01   6.6939526e-02   3.1372163e-01  -1.0691885e-01   2.1211031e-01  -1.5121048e-01   1.1854447e-01  -2.5035026e-01
   5.4676238e-01   8.6773196e-02  -1.0081037e-01  -2.1254276e-01   1.8828506e-01  -7.4801562e-02  -4.0026443e-01  -1.7155568e-02  -6.7043534e-02  -1.3308581e-01   6.9098210e-02  -4.9293209e-02   8.4876963e-02   0.0000000e+00  -1.6816796e-01  -1.6731658e-01  -3.7239368e-02   2.8515322e-02  -1.2476468e-01   4.5214367e-02   1.7737102e-01  -6.1942398e-02  -2.6767304e-01   6.6178452e-01  -1.3745107e-01   2.5943261e-02  -1.2831150e-02   4.6115663e-01  -7.4618899e-02   8.0610977e-02   1.4632424e-02  -2.2842180e-01  -5.7068073e-02  -2.1336695e-01  -1.5734364e-01   1.1707063e-01  -1.0513076e-01  -4.3978910e-02  -1.7384979e-01  -3.0665703e-01   1.4783939e-01  -2.9645121e-01  -1.0714810e-03   6.8652096e-02  -1.5549776e-01   1.2412964e-01   1.4442856e-01  -2.1146922e-01   4.3644306e-02  -1.2068825e-01  -6.0962500e-02  -7.2586330e-03   2.5800942e-02  -1.6262958e-01   4.7927854e-01  -8.7297119e-02   7.0758278e-03  -1.0167371e-01  -1.2127018e-01   1.4101274e-01   9.9681581e-02   1.1266753e-01   1.6469414e-01   3.3368446e-02  -2.6961192e-02   9.3189550e-02   1.0254878e-01  -1.8043122e-01  -1.3427792e-01  -7.3637686e-02  -2.1862307e-01  -5.8616092e-02   1.1292810e-01   2.2941334e-01   5.7615814e-02  -1.6220805e-01  -2.6473454e-03  -9.4604904e-02   7.2096918e-02  -1.5515954e-02   1.6794529e-01   9.8535946e-02   6.6003404e-02   5.6722190e-03   6.0386705e-01  -2.1895828e-01   1.6284267e-01   6.1510037e-01  -4.4094681e-02   4.1122432e-01   7.1463707e-02  -2.5516700e-02  -1.0953221e-01  -1.3995781e-01  -1.1581677e-01   3.3471204e-02   7.5575850e-02  -1.1243888e-01   2.9433633e-01  -1.6951439e-01   5.1490159e-01   2.9232109e-02   2.3456591e-01   2.7767447e-02  -1.2913156e-01  -5.8207472e-02   4.8928167e-02  -2.5110616e-01  -2.0176168e-01   3.3035815e-01  -2.5590705e-01   7.9140326e-02  -2.1868217e-02   2.1741428e-01   1.9028612e-01   3.1393809e-02  -4.7567459e-02   1.8734389e-01   4.5486354e-01  -8.9294162e-02   2.6610501e-01   1.3423575e-01   5.3782535e-02   7.0362996e-02   2.4706516e-01   4.8428422e-01  -5.1883620e-02  -1.2218201e-01  -1.6368934e-01  -8.3806558e-02  -1.2417022e-01  -3.3884551e-02   3.0402424e-01   1.6079973e-01  -1.9895101e-02  -1.1061092e-01  -8.3982737e-02   1.8208607e-01  -6.1777102e-02   5.8830958e-02   5.0184404e-01  -4.2791316e-02   6.8989204e-02   5.1530489e-02  -2.7146937e-01  -2.1757326e-01  -3.8751207e-01   3.3512002e-01   6.5445627e-02  -9.4103265e-02   6.6084768e-01   1.9300319e-01   2.5495537e-01   2.8998750e-01  -8.1040090e-02   1.2260720e-01   3.8943203e-02   7.1713417e-04   9.2795897e-03  -3.3940253e-02   2.7035100e-02  -1.4046048e-01   2.4814908e-01  -8.3554296e-02  -6.8451890e-02  -1.1900607e-01   1.2208055e-01   1.4708175e-01   3.0143749e-01   7.7716318e-02  -4.7803810e-02  -6.5345219e-02   3.1563565e-02   2.7158205e-01   1.0114658e-02  -1.0043250e-01  -1.9465942e-01
