   0.0000000e+00  -7.4502527e-02   2.0258588e-01  -1.8841866e-01   3.1114625e-01   8.4534364e-02  -1.6905848e-01   2.3217580e-01  -1.1039832e-02  -1.3791783e-01   1.6157648e-01  -3.7527262e-02   2.4234641e-01  -1.6067095e-01  -3.3420092e-02   2.9037342e-01   1.7981977e-01  -1.2177895e-01   1.2584718e-02   3.8943306e-01  -4.2243270e-01  -1.6800187e-01  -1.2924478e-01   6.7939059e-01   1.6401906e-01  -1.1184077e-01   1.8717904e-01   2.1483854e-01   7.4622443e-02  -2.2982876e-02  -3.5323859e-01  -2.6554811e-02   2.1633883e-01  -1.7413350e-01  -2.6857064e-01   7.1843955e-02  -4.0091780e-01   8.1564228e-02   1.8594973e-01   4.3933238e-01   8.7097219e-02   2.5493355e-01  -1.1331126e-01  -4.0347348e-02  -1.8686314e-01   6.1014425e-01   1.0371659e-01  -3.4432144e-01  -1.8271344e-01   2.1268446e-01   8.5116066e-02   1.9862816e-02  -4.6440370e-01   5.6312470e-02   1.1113834e-01  -3.4332968e-02  -1.3003196e-01   6.0467953e-02  -4.8614949e-02  -1.4022991e-01   3.2325164e-01  -1.0004213e-02   1.6079195e-01  -2.8936810e-01  -2.9733668e-01   1.0106861e-01  -5.2457024e-02   3.1279949e-01  -1.7122698e-01   5.1405576e-01  -4.5203824e-03  -8.4609208e-02  -1.0351761e-02   5.7614286e-01   9.2187971e-02  -3.1345263e-02   3.0635799e-01  -1.1059930e-02   1.9164448e-01   1.2212538e-01  -1.9259300e-01  -5.4208574e-03  -2.2319511e-01  -8.7027605e-02   2.0752544e-01  -5.8385440e-03  -3.5259334e-01   1.2046283e-01   1.6227089e-01   8.1799620e-01   1.1956252e-01   2.2963007e-01   3.1597135e-02  -4.5300230e-02   3.3438763e-01   2.7018608e-01   1.5301285e-01  -2.1013729e-01  -1.2825656e-01  -2.4414799e-01  -1.1459055e-01   1.8039272e-01  -1.5153756e-01  -1.4326717e-01   1.0676054e-01  -1.1949172e-03   2.1373030e-01  -2.1375321e-01  -2.8422421e-01  -3.6246983e-02   3.2604091e-02   2.7079122e-01   2.1972239e-02   7.8567304e-01   6.8414257e-03   9.7823081e-02  -4.3719240e-02   2.1648963e-01   2.8458941e-01   1.2684852e-01   4.8752214e-01   1.2932525e-01   9.5142478e-02  -2.1029190e-01   6.3349109e-01   3.6740851e-01  -2.6177836e-02   1.5729816e-01  -1.7640943e-02   2.1816935e-01   1.5092217e-01  -3.9418497e-01   4.3508273e-01  -4.7603879e-01  -2.2343877e-02  -1.5407113e-01   2.0332429e-01  -3.5089529e-01  -1.6325448e-01   2.1471956e-01   6.0931602e-01   3.5237166e-01   9.3410504e-02   1.0357485e-01  -4.0100553e-01  -6.9257002e-02   7.1774794e-02   7.5141721e-02   1.7778131e-01  -4.0472101e-01   6.8615633e-01  -2.9905096e-01   2.9918501e-01   3.4277849e-02   9.8400943e-02   3.3668392e-01   3.9908684e-01  -1.0137410e-01   2.9446664e-01  -2.0796795e-01   2.2718290e-01   1.4132387e-01  -1.6371447e-02  -3.6406839e-03  -1.0774480e-01   1.4701479e-02   6.2295541e-03   5.3269611e-01   6.6719193e-01  -3.3679533e-02   9.4794143e-02  -1.3925216e-02  -4.7171724e-02  -6.2688889e-03   3.7395578e-01  -1.6591010e-01  -1.9817562e-02
  -7.4502527e-02   0.0000000e+00   1.4607977e-01  -2.6772613e-01   3.5587691e-01  -9.7575825e-02   2.2233070e-01  -2.3996092e-01   7.8712656e-01   3.2434157e-01  -2.8752630e-01   5.1438457e-01  -3.0783237e-01  -3.4271552e-01  -1.7531191e-02  -2.4826052e-01   1.1404840e-01  -4.0974633e-01   6.0033471e-02   1.2160755e-01  -4.5152398e-01   2.0209028e-01  -6.8419980e-01  -1.1260865e-01   2.1513223e-01  -2.0103706e-01   2.9156155e-02  -2.6299666e-01  -1.0760960e-01   1.6994916e-01  -3.9800360e-01  -3.1728318e-01  -2.3452137e-01   2.2530123e-01   5.8429005e-01  -3.3032221e-01  -1.7286997e-01  -9.3675757e-02  -2.4676183e-01   2.9360141e-02  -2.5887291e-01  -1.8917644e-01   4.4568847e-01   1.0440773e-02   3.1762623e-03  -2.0784186e-01  -4.2004015e-01   1.5055078e-01  -4.4928875e-01   2.4136014e-01  -4.3227923e-01  -1.2406793e-01   2.3531256e-02   1.3653311e-01  -1.1024714e-01  -1.8252627e-01  -1.9779474e-01  -2.3734096e-01  -1.6954763e-01   3.5406037e-01  -2.5247310e-01  -2.2507861e-01   5.2120972e-01   1.1507796e-01   5.1760733e-01  -4.1532051e-01  -1.9400677e-01  -1.7509799e-01  -2.8233098e-02  -2.1195537e-01   7.1345276e-01  -4.3072394e-01  -3.0906195e-02   7.1116500e-02   2.3778883e-01  -3.5490337e-01  -1.8740300e-01   2.0191208e-01   6.6248381e-01  -2.5221349e-01  -5.1086458e-01  -2.1145002e-01   5.0982990e-02  -1.4571102e-01   2.4252602e-01  -4.1561682e-01   1.6030189e-01  -9.0378788e-03   7.3599224e-01   1.7942167e-01   7.4839351e-01  -2.1268815e-01  -3.3819594e-01   4.7234921e-01  -2.2096958e-01   2.4605903e-01  -2.5429335e-01   5.3697147e-02   1.4194985e-01  -2.9243505e-02  -3.1834374e-02   1.0419471e-01  -5.3560598e-01   6.8061394e-01  -2.2453172e-01  -3.0116711e-01  -7.6394812e-02   1.1917295e-01  -1.6186418e-01  -4.7755927e-01   2.8950122e-01  -3.5973596e-01  -2.4545134e-01   7.9324046e-02  -1.8652425e-01   6.8072026e-01  -1.2057960e-01  -2.6704240e-01  -4.1817424e-01  -4.5363041e-01  -3.4560853e-01   7.5958764e-01   5.6815212e-01   9.5192843e-02  -1.6605899e-02  -1.4080139e-01   2.3576809e-02   1.2843732e-01  -1.8468510e-01  -2.8658534e-01  -3.1182730e-01  -1.9718431e-01   1.3491890e-01  -3.2112696e-01   6.5308728e-02  -3.8432703e-01  -6.1374684e-02  -3.2085262e-01  -4.3719622e-01   4.6568283e-02  -2.7168646e-02  -2.9018268e-02  -9.1152824e-02  -3.1277806e-01   1.7674776e-01  -1.0431325e-01   6.0618080e-01  -2.9480108e-01  -5.1348248e-01  -5.5818928e-02  -3.2964978e-02  -5.6107100e-01  -2.3116669e-01   3.3464474e-01   6.4691392e-01  -1.0412877e-01  -2.7420689e-01  -7.7470795e-02  -2.9088642e-01  -5.3687294e-01  -3.6550311e-01   7.2056377e-02   1.3170853e-01  -3.2127174e-01   8.8110691e-02   3.7711921e-01   4.1633314e-01   9.6963037e-03  -1.7810695e-01   1.0283298e-01   3.3417128e-01  -2.1678542e-01  -5.3475033e-01  -1.1802287e-01  -4.4974509e-03   1.7820123e-01   9.0514892e-03
   2.0258588e-01   1.4607977e-01   0.0000000e+00   2.1808292e-02   2.8127686e-01   4.8929950e-01  -3.0449827e-01   9.3230713e-02   8.9946904e-02   3.1488232e-01  -1.9909545e-01   1.3867381e-01  -4.8509094e-02  -4.8509670e-01  -2.1667755e-01   4.0019635e-02   8.9541044e-01  -2.8495499e-01   1.0881121e-01   3.0956209e-01  -3.9972793e-01   2.2256929e-01  -2.6444016e-01  -5.0002017e-02   3.2604812e-01  -1.6174026e-01   3.4609441e-01  -1.6748631e-01  -2.5943219e-01  -1.0438342e-01  -4.5234364e-01  -1.9114932e-02  -1.0483054e-01  -7.8849638e-02  -1.6531277e-01  -1.1798355e-01  -2.2375126e-01   2.1880472e-01  -4.0177367e-03   5.8965207e-01   1.0451823e-02  -8.7952172e-02   2.7853989e-01   1.5006657e-02  -3.3174294e-01   2.6789823e-01   1.6368995e-02  -5.9820986e-01  -3.5655442e-02   6.1194586e-01  -1.8847041e-01   6.1481671e-02  -2.5464799e-01   5.3592503e-01  -2.4290573e-02   1.3714577e-01   4.7446451e-02   1.2549649e-01   5.4832541e-02   6.7390341e-04   4.8001152e-01  -3.2880495e-02   3.6929351e-01  -5.3975596e-01  -4.0483577e-01   1.5728996e-01   3.6897393e-01  -5.6429386e-03   2.2988263e-01   6.1254327e-01   1.6225803e-01  -2.0785863e-02   1.3382399e-02   3.4829558e-01   1.1726669e-01   1.0551309e-01   3.5711893e-01   3.5926382e-01   6.2151511e-02  -9.1583753e-02  -4.3419038e-01  -1.7348583e-01  -6.7628753e-02  -7.4731149e-02   6.0639466e-01  -1.5658794e-01  -4.7471444e-01  -2.5620400e-02   2.1645879e-01   2.6941268e-01   2.0828188e-01   3.5571890e-01   3.5142203e-02   1.4427235e-01   1.1177334e-01   4.7145523e-01  -6.8602157e-02   1.0123338e-01   3.1513005e-01  -2.1087213e-01   8.3310981e-02   6.2547820e-02  -3.0286861e-01  -9.2720944e-02  -5.7798341e-02   2.1036583e-01   2.0665966e-01   3.8413657e-01  -7.0912579e-02  -2.0414694e-01   4.4920746e-01  -5.2488121e-02   1.5679430e-01   1.8512473e-01   2.1553966e-01  -1.5457625e-01   7.5828996e-02   9.4600598e-02  -2.5079738e-02  -1.5421132e-01   3.0052615e-01   2.6186651e-01   4.1670422e-01  -4.6670043e-01   1.4657989e-01  -3.9492474e-02  -8.7636107e-04   1.0637968e-01   2.2006248e-01   6.5853835e-01  -1.3625788e-01  -7.1346463e-01   2.1138756e-01  -3.8116016e-01   6.4557361e-02  -1.1972772e-01   4.3072962e-02  -4.6700943e-01  -1.5252568e-01   3.7539596e-02   1.8243394e-01   3.3927483e-01   2.0339856e-01   5.1805201e-01  -4.2515955e-01  -3.7493165e-01   3.8510814e-01  -2.0717689e-01  -5.1887025e-02  -4.6554244e-01   2.9483195e-01  -5.3836383e-01  -1.6585873e-02  -1.7541175e-01   5.9732013e-01  -1.0226196e-01   1.7375857e-01   1.0087147e-02   3.3017124e-01  -4.6983383e-01  -1.7647189e-01   1.8311689e-01  -1.8197026e-02  -8.8271974e-02   2.6924122e-01  -1.9463902e-01   1.0092956e-01   2.1084498e-01   2.5926093e-01   3.0128528e-02  -1.1145517e-01  -5.1481093e-02  -4.2700942e-02   3.5045561e-01   1.1666941e-01   2.7847851e-01   2.4393935e-01
  -1.8841866e-01  -2.6772613e-01   2.1808292e-02   0.0000000e+00  -3.5065180e-01   3.8826283e-01   8.1718760e-02   3.4864786e-01  -1.8537533e-01  -1.1381188e-01   1.3349352e-01  -1.8365111e-01  -1.0026927e-01   2.2272170e-01   2.3668753e-01   3.6605186e-01   1.9655500e-02   2.5718855e-01   1.7884951e-01  -1.9181777e-01   1.6172315e-01   1.9877905e-01   3.4347334e-01  -1.8896061e-01  -3.3522567e-01   2.5173445e-01   1.5330834e-01   1.1907949e-01  -1.9553208e-01  -1.1749378e-01   1.1679108e-01   1.0671935e-01   8.0978954e-02   1.8963994e-01  -3.7039111e-02   1.3197784e-01   1.0614722e-01   1.4654109e-01   2.7742536e-01  -8.4035427e-03   4.0342598e-02   3.1761320e-01   2.6778923e-01   1.7799179e-01   1.7725090e-01   7.3529652e-03   4.1980909e-01   1.0281151e-01   3.1601599e-01  -2.3482050e-01   1.0595765e-01   2.3105555e-01   1.0292996e-01   1.3120991e-01   1.2750682e-02   2.1392344e-01   4.0790235e-01   4.1810018e-01   2.1063585e-01   3.2496360e-01   3.0562497e-01   2.5360273e-01  -1.8043480e-01   2.4580606e-02  -4.7728246e-02   3.1712409e-01   4.2149870e-01   1.2804341e-01   4.8780868e-01   9.9908718e-02  -4.6067500e-01   5.2051969e-01   2.2454302e-01  -1.0122622e-03  -2.4367228e-01   5.1103903e-02   3.5178881e-01   6.3049443e-02  -3.3653770e-01   8.2705980e-02   4.0805734e-01   2.7412518e-01  -2.7499091e-02   3.9750675e-01  -5.3440211e-02  -8.0175893e-02  -4.3468468e-02  -1.5665907e-02  -2.7788085e-01  -2.1514628e-01  -3.4856249e-01   1.9428542e-01   1.6217726e-01   2.4716025e-01   2.1494766e-01  -3.7107304e-01   1.8497646e-01  -7.5455768e-02   2.9692533e-01   1.5666472e-01  -1.7415124e-01   2.6756522e-01   3.1013860e-01  -1.0333604e-01   1.7581544e-01   2.4929041e-01   9.3240761e-02   1.2909401e-01  -2.1157325e-02   1.0207280e-01  -9.3716634e-02   3.2514267e-01   4.2411394e-01  -1.6102292e-01   1.0416928e-01  -3.8804031e-01   1.8837568e-01   2.9644857e-01   1.4281658e-01   5.2743736e-01  -2.2554011e-02  -3.8936107e-01  -2.8095614e-01  -5.4013682e-02  -9.3218173e-03   1.9093583e-01  -2.2860394e-02  -6.4606468e-02   5.1056752e-01   1.6127457e-01  -1.8730115e-01   1.0588417e-01   2.3910996e-01   1.9869349e-01   4.2405649e-01   8.6988816e-02   5.6726075e-02   3.4642260e-02   1.8133257e-01  -1.0580562e-01  -1.1633566e-01  -1.3666302e-01   1.8059519e-01   2.6098548e-01   5.2862780e-02  -8.0145619e-02  -2.3048030e-01   1.4429605e-01   1.6005316e-01   6.2466177e-02  -1.0449998e-01   3.1403604e-01   5.1636771e-03  -8.7079283e-02  -2.1123415e-01  -7.2727585e-02   1.4529388e-01   7.3692771e-02   9.9378978e-02   4.4436879e-01  -7.7393155e-02   4.2650271e-03  -1.2202194e-01   3.2808054e-01   3.5096961e-01  -1.6757984e-01  -3.7831775e-02   1.3966004e-01   7.2503714e-02  -2.2026317e-01  -9.4374038e-02  -1.5183500e-01   5.7621951e-01   3.5118141e-01  -1.4256877e-01  -2.5710601e-01   3.1397020e-01
   3.1114625e-01   3.5587691e-01   2.8127686e-01  -3.5065180e-01   0.0000000e+00  -1.2377431e-01  -2.5492393e-01  -2.8168735e-01   6.0233138e-01   1.0277498e-01  -3.1634831e-01   4.6029057e-02   2.4002784e-01  -6.4646315e-01  -4.1562452e-01  -1.9941523e-01   3.5549023e-01  -5.7717128e-01  -1.0209690e-02   8.5958705e-01  -5.7526687e-01  -6.9842002e-02  -5.3588056e-01   2.7885549e-02   3.0532800e-01  -1.9022139e-01   2.4159483e-01  -4.4683561e-01  -4.0009308e-02  -2.2880289e-01  -6.1767518e-01  -1.9825973e-01  -8.4918810e-02  -3.5567033e-01  -1.5091648e-01   3.2051303e-01  -3.1519876e-01   1.9129735e-02  -1.8322513e-01   4.2046276e-01   2.2928807e-01  -8.7605762e-02   5.7764141e-02  -4.2976375e-01  -5.6056438e-02   4.0788109e-02  -2.4117215e-01  -4.1640534e-01  -2.9713822e-02   5.3923678e-01  -3.6944160e-01  -1.8498628e-01  -5.6311477e-01   7.0318815e-02  -3.1006419e-01  -3.9516990e-01  -2.0432114e-01  -1.2569899e-01  -3.2949697e-01   3.8908603e-02  -3.6324967e-02   3.1239820e-01   3.5598026e-01  -5.2684806e-01   1.3408915e-01  -2.0512895e-01  -2.2329039e-01  -2.5606558e-02  -1.8617983e-01   4.3908378e-02   5.0258386e-01  -2.8217570e-01   2.2399380e-02   1.6950046e-01   1.8468037e-01  -8.3303227e-02  -3.6687437e-02   8.8441859e-02   7.6008265e-01   1.0385785e-01  -7.1239834e-01  -7.3738256e-03  -2.4530287e-01  -2.4618899e-01   1.2155576e-01  -2.0145439e-01  -4.6003762e-01  -1.0321107e-01   4.9757058e-01   3.4262876e-01   7.7508090e-01  -2.8069245e-02  -1.0655946e-01   3.5846743e-01  -8.5154822e-02   8.1038128e-01   3.0283946e-02  -2.8125820e-03   2.0525271e-01  -2.6575929e-01  -2.2753222e-01  -1.8406141e-01  -5.7095527e-01   5.4270388e-02  -3.2562089e-01  -1.6399863e-01   1.3470966e-02  -1.0399459e-02   3.1497264e-02  -2.9958054e-01   1.1695339e-01  -2.7726459e-01   9.7983177e-02   3.1269653e-01  -3.3769600e-01   5.9775729e-01  -3.0170227e-01   6.2744037e-02  -4.6877228e-01  -3.2345451e-01   3.7758327e-02   7.1149162e-01   3.5913934e-01  -2.7002626e-01   5.1886008e-02  -5.3840756e-02  -1.5180244e-01   4.0565266e-01  -2.3665037e-01  -1.0532766e-01   7.0988869e-02  -4.7794438e-01  -5.8893405e-02  -5.9946985e-01   6.2065703e-02  -2.9273255e-01   2.1150818e-01  -6.1370578e-01  -3.2898949e-01   5.1426872e-02   4.9845551e-02   5.1695032e-01  -1.7768159e-01  -2.9567993e-01  -5.2523157e-01  -2.9420526e-01   3.5411692e-01  -1.3259673e-01  -3.1131420e-01  -2.8397772e-01   1.8717292e-02  -6.8180243e-01  -8.3724929e-02   8.5898242e-02   5.0737053e-01   7.4060539e-02  -2.1910795e-01  -2.2741459e-01   1.2216150e-01  -6.8714711e-01  -1.1876453e-02  -1.8513085e-01   1.5288662e-01  -4.6984245e-01   8.3569728e-02   2.9292055e-01   2.1047557e-01  -6.9189276e-02  -7.6213353e-02   2.7586498e-01   4.9113318e-01   9.7574448e-02  -2.3050696e-01  -1.1889290e-01   1.5642669e-01   1.4069820e-01  -8.7189252e-02
   8.4534364e-02  -9.7575825e-02   4.8929950e-01   3.8826283e-01  -1.2377431e-01   0.0000000e+00  -3.5863725e-02   3.3785920e-01  -1.8338070e-01   1.6662189e-01   9.0572870e-02  -2.9267828e-02  -1.3426368e-01   7.0241051e-02   2.7019700e-01   4.4075098e-01   4.7614439e-01   1.1931907e-01   3.0172464e-01   2.1473083e-02  -2.3520567e-02   1.5225641e-01   1.7172224e-01  -7.5379199e-02  -2.0442322e-01   1.5934170e-01   2.9622866e-01  -1.4504894e-01  -1.1453629e-01  -2.6572598e-02  -9.0238097e-02   1.1245071e-01   1.0327750e-01   1.2255263e-01  -2.3335619e-01   1.4113567e-01  -5.9976455e-02   1.3545046e-01   7.1269856e-02   3.6050108e-01  -1.5760121e-02   3.0998669e-01   2.1511525e-01   3.3354221e-01   3.9720216e-02   9.5472663e-02   5.0688514e-01  -1.8046363e-01   1.6564827e-01   1.5609791e-01   3.6012497e-02   3.3752529e-01  -7.1136330e-02   4.7047683e-01   1.6617773e-01   3.2966471e-01   5.7936089e-01   3.0553064e-01   1.4688702e-01   2.7950640e-01   4.0303558e-01   9.9682044e-02   1.9538435e-01  -2.0847152e-01  -3.0035020e-01   4.6536902e-01   8.2294545e-01   1.4004163e-01   4.7130755e-01   4.1594760e-01  -3.9173289e-01   1.3672387e-01   1.0048601e-01   3.1565245e-01  -9.6583136e-02  -1.1973074e-01   3.7728529e-01   1.7384612e-01  -2.2059194e-01  -8.2311059e-02   8.3264399e-02   1.7526740e-01   8.9457866e-02   3.9621226e-01   5.1810955e-01  -1.5279165e-01  -1.1505669e-01  -4.4549871e-02  -8.1851437e-02  -1.0687272e-02  -1.9417195e-01   2.6734627e-01   3.1942995e-01   1.8258230e-01   2.1807473e-01  -4.8823979e-02   1.9373322e-01   1.3481433e-01   2.6613612e-01  -1.1566307e-01   6.4287363e-02   4.0244527e-01   1.3408515e-01  -7.5445212e-02   4.0110239e-02   2.3035636e-01   3.2387054e-01   4.1844850e-01  -6.9147129e-02   1.7845037e-01   3.3372446e-01   2.0816277e-01   2.5040946e-01  -2.5125488e-02   2.1061677e-01  -3.1866483e-01   9.0115308e-02   2.8454912e-01   1.6756666e-01   2.5096605e-01  -5.1294690e-02  -1.9829829e-01   1.3490305e-01  -2.1291241e-01  -1.4558444e-03   1.3372946e-01   4.4375606e-02  -1.2981410e-01   2.4565615e-01   5.9542957e-01  -2.5370238e-01  -2.7190373e-01   3.5966737e-01   3.9589848e-02   3.4469464e-01  -1.1342394e-01   1.4675841e-01  -2.5057584e-01   2.8950752e-02  -1.8555256e-01   1.3661800e-01   2.2385505e-01   8.7362326e-02   6.7711098e-01  -1.6766310e-01  -3.2888755e-01   7.5383655e-03   1.3191192e-01   3.2878809e-01  -2.3662911e-01   1.9576126e-01   1.3681679e-02  -7.8052659e-02  -1.7465519e-01   1.3309849e-01  -2.6975846e-01   1.4021809e-01   4.3551102e-02   7.9826502e-02   8.7807195e-02  -1.2554657e-01   7.4903211e-02  -1.6947433e-01   7.8981848e-02   3.2785933e-01  -3.7121221e-01   7.0239026e-02   1.4645456e-01   3.3457396e-01  -9.5709606e-02  -6.1554603e-02  -2.7266541e-01   2.2263596e-01   7.2824914e-01   2.8445788e-02  -1.4232941e-01   1.9579318e-01
  -1.6905848e-01   2.2233070e-01  -3.0449827e-01   8.1718760e-02  -2.5492393e-01  -3.5863725e-02   0.0000000e+00  -9.3891831e-02   1.0478550e-01   4.2945792e-02   2.7564584e-01   5.3933652e-01  -2.2050178e-01   1.1879486e-01   1.4279565e-01  -6.5847632e-02  -3.9898954e-01   2.7941189e-01  -1.1535311e-01  -1.4035757e-01   2.6728074e-02   1.3167162e-01   2.2847803e-01  -1.3003006e-01  -2.5380890e-01  -8.6174442e-02   1.0115873e-02   9.6964168e-02  -5.6516308e-02   4.8570813e-01  -5.7696937e-02  -1.7428261e-01  -2.4288717e-01   1.2601148e-01   3.3286190e-01   1.5855797e-01   1.2395788e-01  -5.3449804e-01  -1.4228429e-01  -3.4490018e-01  -2.6187217e-01  -2.2549840e-01   2.9625839e-01   1.3382541e-01   4.7299410e-01  -2.7656740e-01   1.5987518e-01   7.3655120e-01  -2.8826705e-01  -4.6039512e-01   2.4289155e-01  -2.5738907e-01  -9.0358914e-02  -2.6770210e-01  -2.6193844e-01   1.2011061e-01   4.8868237e-02  -2.0075429e-01  -3.1619833e-02   2.5656385e-01  -5.0016186e-01   4.1279272e-02  -2.5261684e-01   8.8249151e-02   4.5782155e-01   3.5858032e-01  -1.2144240e-01  -1.9191215e-01   1.7311537e-03  -1.1808714e-01  -9.8759369e-02   2.5395201e-01  -1.0445806e-01   1.6110795e-01  -9.1964118e-02  -2.7713908e-01  -5.4063535e-01  -5.1821030e-02   3.6654446e-02  -2.9672555e-01   2.3871326e-01  -1.4401649e-01  -2.0809497e-01  -2.3264325e-01  -2.5599162e-01  -2.2394187e-01   2.7839691e-01  -9.3685868e-02  -1.2426971e-01  -5.0052053e-02  -9.7333305e-02  -4.8076460e-01   1.3072169e-01   9.1373266e-02  -4.8516850e-01  -5.6300692e-01  -2.9384631e-01  -3.0108278e-01   1.1789892e-01   4.4200757e-01  -3.3881504e-01   3.7445713e-01  -2.2368799e-03   1.9402970e-01   3.6968071e-01  -1.9468058e-01  -4.2278894e-01  -9.5763336e-02  -2.9925746e-01   4.0370071e-01  -4.3125020e-02   1.6271275e-01  -1.0061869e-01  -2.8836795e-01  -4.1668454e-02   1.1443511e-01  -5.7924887e-02  -3.1652376e-01  -1.3097039e-01  -6.8273428e-02  -3.6463187e-01  -6.6773955e-02  -1.8161458e-01   3.0792739e-01  -2.1519216e-01   6.8841497e-02   5.7095980e-01  -3.9760077e-01  -1.8028936e-01  -2.6267353e-01  -1.4180672e-01   3.8285100e-01   2.6223169e-01  -1.8435191e-02  -5.0714881e-02  -2.1682914e-01  -3.8405695e-01   9.5863962e-02  -3.1568708e-01  -3.8013903e-01  -2.4161908e-01  -3.1111852e-01   1.4196153e-01   2.4990194e-02   3.9730221e-01   2.3424475e-01   3.1153613e-01   4.5261918e-01   3.9114333e-01   3.9102963e-01  -1.2942500e-01   7.2369858e-02  -1.1814816e-01   1.8931936e-01  -2.0975073e-01  -2.5199808e-01  -3.5311247e-01  -4.0972941e-02  -5.5779824e-01   3.5364937e-01  -1.1405071e-01   2.1583760e-01  -5.8779838e-02   3.5072788e-01  -1.7374335e-01   1.3283936e-01   3.6528823e-01  -4.6773774e-02  -3.1528173e-01  -2.8175252e-01   4.8275720e-01  -4.3104631e-01   2.1615623e-01   8.4086413e-02  -2.2514600e-01   1.1962741e-03  -7.8915043e-02
   2.3217580e-01  -2.3996092e-01   9.3230713e-02   3.4864786e-01  -2.8168735e-01   3.3785920e-01  -9.3891831e-02   0.0000000e+00  -2.9036985e-01  -2.6917724e-01   3.3815783e-01  -2.1571476e-01  -3.6257528e-02   1.2565373e-01   3.3118592e-01   5.5714352e-01   1.8674440e-02   4.3944857e-01   4.2078805e-01  -1.5007208e-01   2.0790194e-02   3.5946397e-02   2.5669042e-01   2.9430546e-01  -2.6302997e-01   5.0693266e-01   1.9559509e-01   2.3493757e-01   2.1754545e-02   4.4024522e-03   1.1183822e-01   4.1818025e-01   3.4479689e-01   1.3694799e-01  -1.0942954e-01   2.5116463e-02  -7.1393715e-03   1.9330058e-01   3.5642251e-01   2.0076880e-01   9.6199849e-02   4.6591547e-01  -3.7079064e-02   2.7709831e-01  -3.7162762e-02   4.2744685e-01   4.0097233e-01  -1.0384817e-01  -6.3149509e-02  -1.3446930e-01   3.9362614e-01   6.2586326e-01  -1.4256752e-02   8.6614833e-02   1.8153036e-01   8.3680306e-02   2.8566695e-01   3.6834266e-01   3.0485962e-01   3.6875794e-04   3.8466692e-01   3.4544501e-02  -3.6767684e-02   1.8237265e-01  -3.1047734e-01   2.1733685e-01   3.8025413e-01   3.2224251e-01   1.6456684e-01   3.4896094e-01  -3.7685492e-01   2.4557067e-01   1.5266117e-01   9.7937789e-02  -2.6307986e-01  -2.4713052e-02   4.8082566e-01  -2.0532003e-02  -3.2357945e-01   1.8247069e-01   3.0378256e-01   2.2202979e-01   1.4358941e-01   5.2302862e-01  -5.9072664e-02  -4.4228903e-02   7.6253654e-02  -1.3307025e-01  -1.1084031e-01   1.7063000e-01  -3.3135225e-01   4.2771183e-01   7.6279600e-02  -8.6362353e-02   4.6321724e-01  -2.4402353e-01   2.8282719e-01   1.1722186e-01  -1.5927180e-01  -3.9212051e-02  -1.8864595e-02   3.6644167e-01   4.1431433e-02  -3.8244327e-02   3.7605572e-01   4.1655519e-01   3.5294413e-01   1.6586133e-01  -2.2496190e-01  -5.3509289e-02   3.6476583e-02   3.2113808e-01   1.7929016e-01   2.2468586e-01   1.6496205e-01  -2.9255041e-01   1.2758199e-01   2.6180280e-01   3.0893576e-01   4.9399336e-01   3.6603754e-01  -3.6896993e-01  -1.7053115e-01   1.2265931e-02   3.9497553e-01   4.9920216e-02   1.9706514e-02   1.9336876e-02   6.3506921e-01   2.5050685e-01   4.3203837e-02   4.0646262e-02   2.3494190e-01  -1.7248658e-02   2.4089691e-01   2.4667975e-01   1.8828820e-01   2.7856788e-02   2.9027368e-01   1.9775844e-01   3.8495660e-01  -3.0026128e-02   3.1638749e-01   2.9324820e-01  -1.3411175e-01   1.4770255e-01  -1.7351560e-01   1.0585958e-01   2.7323842e-01  -1.4107146e-01   2.4746785e-01   1.8190686e-01   2.6382085e-01   1.4070891e-01  -2.6245628e-01   1.8855959e-01   5.8952980e-01   1.9443346e-01   2.5883004e-01   2.5379578e-01   2.1699610e-01   3.3324938e-01  -2.5298610e-01   4.5467598e-01   1.8925574e-01  -7.4470258e-02  -3.0707374e-02   4.4624245e-01   4.9365887e-01  -7.3525685e-02  -2.0788057e-01   2.4111549e-03   3.1684878e-01   1.5871173e-01  -4.0933638e-02  -3.1673429e-01   4.6676003e-01
  -1.1039832e-02   7.8712656e-01   8.9946904e-02  -1.8537533e-01   6.0233138e-01  -1.8338070e-01   1.0478550e-01  -2.9036985e-01   0.0000000e+00   3.0434904e-01  -2.3960134e-01   3.8733463e-01  -2.1283652e-01  -5.3632086e-01  -1.9279028e-01  -2.6496989e-01   7.5909089e-02  -4.9583090e-01   1.5145339e-01   3.6640578e-01  -5.4369182e-01   1.4431710e-01  -7.3694559e-01  -9.4531889e-02   2.1377060e-01  -2.4055362e-01   2.3590954e-02  -3.5710295e-01  -1.2302995e-01   2.7891968e-03  -4.6780313e-01  -3.0629817e-01  -1.9005504e-01   3.3786106e-02   3.7174562e-01  -6.5362951e-02  -1.7524924e-01  -6.7439400e-02  -2.4906418e-01   5.4033635e-02  -1.3821231e-01  -9.1638498e-02   4.8853261e-01  -1.3793024e-01   6.5694046e-02  -1.5260360e-01  -3.6055785e-01   2.1069216e-03  -3.4498521e-01   2.5540529e-01  -4.4535618e-01  -1.1186388e-01  -1.7490418e-01   7.2615436e-02  -2.7807907e-01  -3.0579834e-01  -3.0520390e-01  -1.6451626e-01  -2.0615777e-01   3.9599795e-01  -1.8361822e-01   1.9662329e-02   4.9238352e-01  -6.3416268e-02   5.6035149e-01  -3.6062798e-01  -3.1152702e-01  -8.9845846e-02  -1.0448106e-01  -2.6948755e-01   6.0600045e-01  -3.3731193e-01   4.7093717e-02  -1.9017261e-02   2.2498791e-01  -2.7683630e-01  -6.9107343e-02   1.9099583e-01   7.9815487e-01  -1.3273050e-01  -6.1114192e-01  -1.5822949e-01  -9.2587982e-02  -1.5891409e-01   3.5479363e-02  -3.6805871e-01  -1.0708998e-01  -1.8890832e-01   7.3029519e-01   2.0312363e-01   8.3071076e-01  -1.3821415e-01  -3.0401160e-01   7.0266746e-01  -1.6907556e-01   3.8937582e-01  -1.5380784e-01   5.6463410e-02   2.0753456e-01  -7.4322661e-02  -2.6854436e-01   9.7222630e-02  -6.2253186e-01   6.0390740e-01  -3.3163481e-01  -3.0078371e-01  -9.9773300e-02   5.3354190e-02  -4.6542648e-02  -4.5890106e-01   2.5351851e-01  -4.8539358e-01  -8.2870602e-02   1.7512288e-01  -3.7964309e-01   7.5540525e-01  -2.0845271e-01  -1.6613370e-01  -5.6051988e-01  -3.1737967e-01  -1.9935980e-01   7.7292092e-01   5.4035325e-01  -1.8687350e-02   9.1521692e-03  -1.9055918e-01  -7.4944580e-02   2.6613586e-01  -2.0470042e-01  -4.2012043e-01  -2.3956143e-01  -2.4159298e-01   5.6066384e-02  -4.5569842e-01   2.5966431e-01  -4.1325055e-01   1.1023171e-01  -5.1404928e-01  -4.0317547e-01   5.2515902e-02   1.7079239e-02  -2.0466995e-02  -8.2157056e-02  -4.9855855e-01  -1.1576242e-01  -1.3430952e-01   5.1843269e-01  -1.5820411e-01  -4.8085326e-01  -3.8591129e-02  -1.9435899e-01  -6.0942746e-01  -2.0769452e-01   2.7808545e-01   5.3414117e-01   2.1067051e-03  -2.9286672e-01  -1.1475456e-01  -1.5627354e-01  -6.2624578e-01  -2.4190941e-01   2.1345420e-02   1.7439843e-01  -3.3910183e-01   1.2136146e-01   4.3495167e-01   4.4091766e-01  -3.9358846e-02  -1.9640196e-01   1.0341473e-01   5.4091005e-01  -1.6032706e-01  -3.5960112e-01  -2.2274944e-01   3.7829468e-02   9.5206019e-02  -7.2577025e-02
  -1.3791783e-01   3.2434157e-01   3.1488232e-01  -1.1381188e-01   1.0277498e-01   1.6662189e-01   4.2945792e-02  -2.6917724e-01   3.0434904e-01   0.0000000e+00  -2.5590432e-01   3.2877187e-01  -2.2123702e-02  -2.7702100e-01  -3.1272307e-02  -6.7114029e-02   2.5802830e-01  -3.1197453e-01  -5.5300834e-02   1.7021959e-01  -1.7109097e-01   4.3342803e-02  -3.6205940e-01  -2.8615704e-01   2.4077975e-01  -2.8043643e-01  -5.6248807e-02  -1.1784440e-01  -1.1949671e-01  -1.3697334e-01  -2.6060172e-01  -2.4789575e-01  -3.8408933e-02   3.7043109e-01   1.9151431e-01  -9.5861245e-02  -1.4007720e-01   1.0293337e-01  -7.3946121e-02   1.3834288e-01  -3.7796935e-02  -3.5024526e-02   4.3741049e-01   3.6122882e-03   1.5264293e-01  -2.3964722e-01  -2.8222157e-01  -1.7671670e-01  -1.3508525e-01   3.1256093e-01  -2.8710002e-01  -7.9331364e-02   7.2997486e-02   3.5639770e-01  -2.3872979e-02   1.3107703e-01  -2.6489508e-02  -1.8063323e-01   2.1359951e-02   9.9375168e-02   6.7568700e-03   3.2472701e-02   2.3780730e-01  -1.4585773e-01   2.8061472e-02   2.8338915e-02   7.1395153e-02   1.0731689e-03  -1.2196117e-02  -7.4427432e-02   3.1591084e-01  -1.3866728e-01   1.2391752e-01  -6.7343215e-02   2.4816607e-01  -1.2530609e-01  -3.5392511e-02   1.9517195e-01   1.8966135e-01   3.8267726e-02  -2.2804805e-01  -5.2464171e-02   2.3367887e-02  -1.6370486e-01   1.4876612e-01  -1.2033206e-01  -1.6280690e-01   4.0155972e-02   2.9508241e-01   4.9882470e-04   2.3256336e-01   3.5233200e-02   1.3897950e-01   3.3316392e-01  -1.6686079e-01   2.1431216e-01   7.3087700e-02   9.1032191e-02   2.7032805e-01  -8.7768522e-03   1.1310319e-01   9.2801650e-02  -1.9412864e-01   1.9379938e-01  -3.0046033e-01  -1.1858431e-01   9.5815773e-03   1.1824810e-01   1.9919464e-01  -1.6456942e-01   5.9958356e-01  -2.9097378e-01   4.5857568e-02  -7.2728822e-02   2.1802623e-01   1.2660986e-01   1.3400989e-01   1.6058999e-02  -3.3906953e-01  -3.0975295e-01  -1.5890148e-01   3.4463402e-01   4.0613648e-01  -3.1961695e-01  -2.2862274e-01  -4.9372229e-02  -9.2745705e-02   1.2417402e-01  -1.2115860e-01   2.2019969e-02  -5.7105700e-02  -1.2322514e-01   4.2708876e-02  -1.8618173e-01   2.8840721e-02  -2.0191564e-01   1.4993576e-01  -2.9498589e-01  -2.1284805e-01  -8.8775938e-02  -1.5312876e-01   8.7074775e-03  -9.1028845e-02   8.3977782e-02   1.0702855e-01  -3.0417957e-01   5.0661414e-01  -2.3875949e-01  -1.8042743e-01  -8.8630578e-02  -1.2190366e-01  -2.7308293e-01  -1.5102755e-01  -6.9430488e-02   5.0024105e-01  -2.4232712e-01  -3.0871797e-01   7.3750080e-02  -6.0255040e-02  -2.9958566e-01  -2.3202331e-01  -2.1916223e-02   1.7512742e-01  -2.7550803e-01  -9.9837983e-03   4.9886686e-02   2.1628406e-01  -2.1758723e-01  -9.0935017e-02   1.0307490e-01   8.8719592e-02  -1.1739872e-01  -1.7767916e-01   8.2073621e-02   1.3592273e-01   2.3033510e-01  -1.5351126e-01
   1.6157648e-01  -2.8752630e-01  -1.9909545e-01   1.3349352e-01  -3.1634831e-01   9.0572870e-02   2.7564584e-01   3.3815783e-01  -2.3960134e-01  -2.5590432e-01   0.0000000e+00   1.8864031e-01   7.3981925e-02   1.3202157e-01   3.8273245e-01   2.7289915e-01  -2.9545907e-01   6.9240197e-01   5.6939276e-02  -2.7374946e-01   1.9327719e-01   9.1339114e-02   2.0740206e-01   2.6261898e-01  -2.4085373e-01   1.0694799e-01   2.8851926e-02   1.0241238e-01   1.1860877e-01   3.3532920e-01   3.6209724e-01   3.6692210e-01   7.2123281e-02  -1.5523087e-02  -2.7341796e-01   2.4689890e-01   3.5841302e-01  -1.9874112e-01   2.8431046e-01  -2.6843357e-01   1.3425281e-01   1.8411898e-02  -3.5998069e-01   2.1250519e-01   4.8766097e-01   3.5202633e-01   6.5362902e-01   3.3696206e-01  -6.7248732e-02  -4.6984811e-01   6.7514758e-01   4.4402741e-02   4.8042365e-02  -2.3567174e-01  -5.7402187e-02   9.5542100e-02   1.4567096e-01   1.6011263e-01   5.2557628e-01   2.5154380e-01   1.0043559e-01   1.5631408e-01  -2.9254320e-01   2.3453060e-01   1.5657964e-01   4.1270065e-01   3.8463142e-03  -1.2034307e-02   1.0679110e-01   2.6332658e-01  -5.2547927e-01   5.3947168e-01   1.9710482e-01   9.8252455e-02  -1.1707467e-01   5.2715289e-02   5.5688537e-02  -1.7586780e-03  -2.3304742e-01   8.4846106e-02   2.8737544e-01  -4.0534792e-02  -2.4325393e-01   6.8598678e-02  -1.8058233e-01  -1.4567016e-02   2.7392768e-02  -1.7352788e-01  -3.2557657e-01   6.2256888e-02  -4.0050255e-01   1.0913947e-01  -1.0512995e-01  -1.4247487e-01   3.4124137e-02  -4.6972160e-01   2.6573554e-01  -1.6585724e-01  -8.4067151e-02   4.6519411e-02  -2.3063798e-01   4.0926472e-01   8.3449418e-02  -1.7013939e-02   5.9307484e-01   1.7659688e-01  -1.6932833e-01  -1.3318363e-01  -1.4658786e-01   4.6433478e-01  -3.3972323e-01   4.1417920e-01  -9.1274251e-02  -5.5729073e-03  -1.3045271e-01  -2.9629027e-01   9.7583626e-02   1.8455719e-02   3.0604932e-01   3.4692059e-01   1.8039248e-01  -4.7372305e-01  -3.5304954e-01   4.2689724e-01   1.3473276e-01  -4.6233708e-02   3.5915135e-01  -4.1770709e-01   2.5752700e-01   6.5544395e-02   1.7642981e-01   2.5846388e-01   1.2933792e-01   1.6932550e-01  -6.9674673e-02   1.2728022e-01  -1.2620340e-01   1.1242931e-01   1.4683781e-01  -1.4856897e-01   1.0019810e-01  -2.6915555e-01   4.6224858e-01   1.3160977e-01   9.7955264e-02   4.1327840e-01  -3.5153420e-01   7.5702026e-01   6.8963417e-01   2.5448612e-01   1.5736056e-01   2.7043699e-01   1.4828493e-01   1.8544440e-01  -4.6549749e-01   4.7359000e-02   3.6456031e-01   4.7584775e-01   6.6777186e-02   3.3242647e-01   1.7102872e-01   5.2153509e-01   8.7610805e-02   7.4560871e-01  -5.5930202e-02  -3.3339062e-01   9.1317058e-02   3.1458753e-01   1.5330209e-01  -2.5796639e-01   1.8959203e-01  -1.3377995e-01   5.4365948e-01   1.7551556e-01  -1.3917710e-01   1.4110065e-03   1.1033846e-01
  -3.7527262e-02   5.1438457e-01   1.3867381e-01  -1.8365111e-01   4.6029057e-02  -2.9267828e-02   5.3933652e-01  -2.1571476e-01   3.8733463e-01   3.2877187e-01   1.8864031e-01   0.0000000e+00  -1.4946715e-01  -2.0248972e-01   1.5063505e-01  -2.0843892e-01  -4.4237534e-02   1.6593118e-02  -8.7937187e-02   3.9041676e-02  -1.5941167e-01   3.2910498e-01  -3.3359056e-01  -7.1046110e-02   2.2097495e-01  -1.6450265e-01  -8.3880188e-02  -1.6555393e-01  -8.5676217e-02   5.2115940e-01  -1.1620497e-01  -8.8262557e-02  -2.5700161e-01   7.3714981e-02   2.5886808e-01  -8.3609544e-02   2.1868899e-02  -2.1545359e-01  -1.1947506e-01  -2.9341648e-01  -1.0783783e-01  -3.8272507e-01   3.1969066e-01   1.1074701e-01   2.6604192e-01  -1.7263517e-01  -1.5320195e-01   3.1917640e-01  -3.3875993e-01  -6.5990746e-02   5.4261054e-02  -1.6241715e-01   1.5564121e-02   1.0956796e-01  -1.2131368e-01   1.0130553e-01  -4.8519373e-02  -3.0317221e-01   8.3295521e-02   4.9649326e-01  -1.7794057e-01   5.0384035e-03   1.8249400e-01  -4.1648346e-03   4.0041170e-01  -4.5334202e-02  -9.5991244e-02  -1.6319333e-01   7.1703235e-02  -8.0427084e-02   2.4771220e-01  -3.8399354e-02   1.1694981e-01   1.7672885e-01   2.6151974e-01  -2.1727892e-01  -3.1545852e-01   1.6169698e-01   3.4383848e-01  -2.2846540e-01  -2.4504978e-01  -2.9116401e-01  -1.5399936e-01  -3.3750145e-01   1.6790214e-01  -3.0452113e-01  -4.5144191e-02   1.6139795e-01   2.6036620e-01   1.2440855e-01   2.9711746e-01  -1.5109830e-01  -2.1001295e-01   2.4848089e-01  -3.2351467e-01  -6.0151296e-02  -1.8300017e-01   1.8562545e-03   2.0509574e-01   1.9802774e-01  -1.2461717e-01   3.7142659e-01  -3.0064618e-01   4.5407713e-01   1.5667157e-01  -1.1499565e-01  -2.6367294e-01   1.5064074e-01  -8.9046359e-02   3.6267905e-02   1.4544025e-01  -9.7370205e-02  -1.1295541e-01  -6.0999948e-02  -1.4178371e-01   2.6972217e-01   1.2492503e-02  -2.4276127e-01  -2.4646488e-01  -4.4650848e-01  -2.1575310e-01   3.5611675e-01   2.4528661e-01   2.3553361e-01  -3.8109420e-02   3.6161942e-02   5.5931145e-01  -2.2291059e-01  -1.6286760e-01  -1.8528395e-01  -8.5983222e-02  -4.0618543e-02   1.6735023e-01  -1.1524877e-01  -2.0450489e-01  -2.9651268e-01  -2.3677178e-01  -2.2038966e-01  -3.6517382e-01  -1.0928760e-01  -9.4760257e-02  -1.5117884e-01   1.1989896e-01  -7.6430300e-02   3.6365722e-01   4.4440373e-02   4.8006203e-01   1.8734103e-01  -3.8509235e-02   1.7557382e-01   1.7588552e-01  -3.1889962e-01  -9.9150624e-02   2.4058229e-01   2.4166581e-01  -1.6809422e-01  -1.8838183e-01   1.2892648e-01  -2.0594352e-01  -2.1247803e-01  -2.6468440e-01   2.9729157e-01   1.1468941e-01   1.2222982e-01  -2.9622481e-02   4.6023519e-02   4.4392513e-01   9.6211252e-02  -8.1899068e-02  -1.0759863e-01   4.2747689e-01  -2.7871286e-01  -9.9310492e-02   6.4841452e-02  -2.1102799e-01   4.7166650e-01   9.4304572e-02
   2.4234641e-01  -3.0783237e-01  -4.8509094e-02  -1.0026927e-01   2.4002784e-01  -1.3426368e-01  -2.2050178e-01  -3.6257528e-02  -2.1283652e-01  -2.2123702e-02   7.3981925e-02  -1.4946715e-01   0.0000000e+00  -3.7497809e-02  -1.2302661e-01   8.8253586e-02  -1.4754534e-02   6.4808343e-02   2.6016772e-02   3.4922895e-01  -4.6406649e-02  -2.7312785e-01  -4.4943600e-02   1.7368407e-01  -7.0940460e-02   5.6747184e-02  -1.3238456e-01  -1.7763994e-01   3.1271632e-02  -1.2210323e-01   6.8067443e-02   1.8552583e-02   3.3189066e-01  -2.3326397e-01  -4.9456578e-01   3.0767984e-01  -1.6101959e-01   2.0023128e-01   1.5279699e-01   4.8926629e-02   6.7188341e-01   1.1651846e-01  -2.9140981e-01  -3.3804082e-01   1.6807135e-01   8.4110137e-02   1.8501505e-04  -2.5944982e-01   2.6317551e-01   2.1216274e-01   1.2404249e-01  -6.2659585e-02  -1.8217866e-01  -1.3348811e-03   9.9963409e-02  -2.7633078e-01   1.1878492e-01  -1.6354711e-01   2.0611957e-02  -2.5400439e-01   1.6371242e-01   3.5542416e-01  -7.1011144e-02  -1.5267798e-01  -2.0858199e-01  -9.7270534e-03  -6.3739501e-02   1.0180119e-01  -2.5632879e-01   6.6281578e-02  -1.2510713e-01   1.3058069e-01   1.9648742e-01   1.4250038e-01   2.4077338e-01   1.0629095e-01   5.1896658e-02  -1.6323183e-01   1.0691449e-02   4.0566340e-01  -1.3084680e-01   2.9331292e-01  -1.3309233e-01  -9.1845074e-02  -5.6304615e-02   2.0756010e-01  -2.1748044e-01   2.7387245e-02  -5.9745403e-02   1.7620093e-01  -1.4677922e-01   2.8185495e-01   9.7741641e-02  -2.0796412e-01   2.3537476e-01   2.3212763e-01   3.2555833e-01   3.6057553e-02  -1.2196284e-01  -2.5667239e-01   8.0425312e-02  -3.3136140e-01   8.0259058e-02  -1.2601747e-01  -1.4685344e-01   4.0284092e-02   1.5452006e-01  -2.6637198e-01   2.2172222e-01   1.3871026e-01  -1.9641674e-01   1.5235606e-01   1.2244878e-01   1.6528349e-01  -4.6108842e-02  -1.0997204e-01  -1.1829779e-01   5.3537447e-01  -5.5533669e-02   8.2673273e-02   3.2535212e-01  -8.3815460e-02  -8.5614904e-02  -1.0339620e-01   6.6945061e-02   1.0339009e-01  -2.1018094e-01   3.3434743e-01  -5.5014251e-02   4.7098035e-02   5.9172135e-01  -7.2312709e-02  -6.8437790e-03  -3.0446636e-02  -2.5658590e-02   1.5345411e-01   2.5402575e-01  -1.8604470e-01   2.0723621e-02   1.0384017e-01  -1.2836231e-02   6.0285250e-01  -2.5511770e-01  -1.2084901e-02  -2.1226279e-01  -6.7251792e-02  -2.2319928e-01   1.6955834e-02   9.9294942e-02  -2.1607891e-01   1.5294193e-01   5.5648648e-02   2.6679869e-01  -1.4118481e-01  -9.1914518e-02   2.5322428e-01   1.2028627e-01   1.5268122e-01   3.7740164e-01  -1.0882164e-01   3.3057502e-01  -2.7698469e-01  -1.0089210e-01  -1.0896015e-01  -2.5161168e-01  -1.1269381e-01  -2.4846228e-01  -1.4654398e-01   1.7665878e-01   9.4341357e-02  -1.1797361e-02   4.2500477e-01   1.2155754e-01   1.0561914e-01   9.8331036e-02   7.0174061e-02  -2.0512925e-01
  -1.6067095e-01  -3.4271552e-01  -4.8509670e-01   2.2272170e-01  -6.4646315e-01   7.0241051e-02   1.1879486e-01   1.2565373e-01  -5.3632086e-01  -2.7702100e-01   1.3202157e-01  -2.0248972e-01  -3.7497809e-02   0.0000000e+00   4.1179702e-01   3.0374782e-01  -3.8854077e-01   3.9806360e-01   2.4866098e-02  -5.0311517e-01   6.5862115e-01  -8.0708740e-02   6.2179574e-01   1.6047019e-01  -4.4175157e-01   4.2131411e-01  -1.4365257e-01   3.8628192e-01   9.8371934e-02   8.9128121e-02   6.4890243e-01   1.2571314e-01   1.5351017e-01   2.0384528e-01   1.5359427e-01  -1.2441778e-02   1.4984372e-01   1.0363229e-01   8.0563402e-02  -3.1411781e-01  -2.0725509e-02   2.1911151e-01  -2.0814389e-01   4.5061533e-01   3.0075238e-02  -1.6904172e-01   2.6362394e-01   3.9758129e-01   2.1271494e-01  -4.5905899e-01   2.6072643e-01   2.4109437e-01   5.1657121e-01  -4.4372244e-02   5.3308052e-01   3.8914282e-01   1.4827673e-01   4.1714076e-03   1.1344867e-01  -1.0268706e-01  -7.1281339e-02  -7.8324713e-02  -2.6942662e-01   5.4676824e-01  -9.9732737e-02   6.6547495e-02   2.8056347e-01   1.5271826e-01   2.0137340e-01  -1.7349395e-01  -3.7182445e-01   7.6718877e-02  -1.2180987e-02  -1.1994845e-01  -1.2343892e-01  -1.0508739e-01  -4.5198921e-02  -1.2787771e-01  -5.4566431e-01  -6.4704347e-02   7.3446255e-01   2.6262722e-01   4.2315046e-01   3.2630971e-01   2.1784111e-02   1.2899986e-01   4.7652618e-01   3.7543209e-01  -3.9107543e-01  -2.3706138e-01  -5.6074067e-01  -1.6165907e-01   7.2872990e-02  -4.1726895e-01   1.6857073e-01  -6.0519109e-01   4.5915182e-02   8.3308065e-02  -1.5696591e-01   2.8719383e-01   3.6538527e-01   1.7477925e-01   6.4337418e-01  -1.4743960e-01   1.5785345e-01   3.3340241e-03   1.8474222e-01   5.6309636e-04   1.7981821e-01   3.2215958e-01  -2.0600490e-01   2.4532336e-01   2.5495727e-02  -1.4934011e-01   3.1184210e-01  -3.1751613e-01   9.6832561e-02   8.0850788e-02   4.5711806e-01   3.2739594e-01  -2.1134659e-01  -5.5649951e-01  -4.8364175e-01   3.4584686e-01   2.8265078e-02   3.3974252e-01   1.1469367e-01  -2.1644069e-01   3.5234570e-02   2.3571164e-02   2.5214701e-02   5.5809074e-01   8.0432160e-02   7.7572467e-01  -8.5233634e-02   8.5187694e-02  -2.3690052e-02   7.1422319e-01   2.2387436e-01  -5.1898156e-03   3.5865809e-02  -2.0362721e-01  -1.0905762e-01   9.7756330e-02   5.2341826e-01   2.0312491e-01  -5.1212719e-01   7.5684942e-02   1.0217216e-01   2.5422451e-01   2.0197006e-01   7.8428981e-01  -5.9407963e-02  -9.5486688e-02  -5.1516698e-01  -1.3536661e-02   8.2774035e-02   1.0079903e-01  -1.9079434e-01   7.0004995e-01  -2.0100154e-02  -1.0106326e-01  -1.1080867e-02   1.2595289e-01  -8.9966073e-02  -2.4387206e-01  -2.4576723e-01   8.3615916e-03   6.7840810e-02  -9.9471707e-02  -4.1659054e-01  -5.3251334e-02   9.2513544e-02   3.2961500e-02  -6.6358815e-02  -3.5882287e-01  -1.2313325e-02
