   0.0000000e+00  -3.2856834e-01  -4.4229301e-02   2.4442839e-01  -8.9139054e-02   7.9859569e-02  -1.2748748e-01   3.2353117e-01  -2.4783608e-02  -2.0488155e-01   1.2202797e-01  -3.3085337e-01  -1.7324228e-02   2.1675161e-01   2.8683759e-01   5.7814902e-02  -5.8135918e-02  -4.8448962e-02   3.1462958e-02  -2.3080706e-01   1.5156872e-01   9.2899988e-02   4.7124089e-02   6.9399812e-01  -1.6488799e-01   9.5707304e-02  -2.3211485e-01   4.7301552e-01  -2.0963098e-01   6.3966473e-02  -2.1002308e-01   2.8006553e-01   2.5038459e-01  -1.3214485e-01  -9.0872771e-02  -2.2718411e-01   2.1683836e-01   3.3520987e-01  -6.5120818e-02  -1.1816918e-01  -3.0458301e-02   2.3677084e-01  -2.4501197e-01   3.5558992e-01  -3.8079953e-01   3.6539834e-01   2.0130060e-01   2.0257684e-01   3.2505442e-01  -8.7987287e-02   1.2661888e-01   2.6686748e-01   1.1349788e-01   7.4078383e-02   3.3693546e-01   2.7861063e-01  -6.6366494e-02   8.1319517e-02   2.6514701e-01   4.2428818e-02  -1.8710405e-02  -1.3276322e-01  -1.9587591e-01  -2.7973852e-01  -2.9423763e-01   1.8331516e-01   1.9193715e-01  -2.0032177e-01   5.2164811e-02  -3.8853328e-03  -3.1566700e-01   2.1829801e-01  -2.1038472e-01   2.6202053e-01  -5.1857846e-02   1.5948544e-01   3.4500620e-01   4.4487490e-02  -1.8424243e-01  -1.0382744e-02   4.1769994e-01  -5.8409936e-02  -1.7991530e-02   3.2020597e-02   4.6017800e-01   1.5024130e-01  -1.6898502e-01   5.2746818e-01  -9.8488054e-02   6.5372272e-01   4.4369389e-05   9.4450228e-02  -1.3560103e-01  -3.1483947e-02   3.9672832e-01   1.9191747e-03  -1.6463310e-01  -1.6297435e-01  -1.8930214e-01  -2.3018410e-01   3.8914465e-01   1.9020335e-01   3.8894593e-01  -2.1584768e-01   1.3468126e-01   3.5971699e-01   1.9720126e-02  -8.1123561e-02  -1.3862393e-01   1.6915644e-01  -9.7589606e-02   2.4048381e-01   6.2531680e-02   7.3529467e-01   3.5158020e-01  -3.2986643e-01  -1.0146608e-02  -1.1179207e-01   3.9026238e-01   2.0454263e-01   2.3275752e-01  -1.5714245e-01  -1.5691689e-03  -1.5916262e-01   3.1627266e-01   4.0930208e-01   2.5685122e-03  -1.1544274e-01   1.4453270e-01   4.0044358e-02  -1.4663953e-01  -4.1685145e-01  -3.1526878e-01  -5.9634125e-02  -8.1365823e-03   5.4884853e-02   7.2054995e-02   4.4702229e-01   1.3283735e-01   4.7418962e-01   4.5178569e-01   8.9788805e-02   7.0666686e-02   1.5930959e-01  -1.5216592e-01   4.4104286e-02  -3.1665303e-01   1.5973594e-01   1.5029176e-01  -2.2672531e-01   6.4699086e-01   3.6199878e-01   3.2101335e-01  -9.8891010e-02  -2.7852320e-01   3.8717659e-01   5.8284109e-02   5.7291708e-02   2.9037198e-01   3.0177214e-01  -1.9411192e-02  -1.1472192e-02   7.0563805e-02   1.6797696e-01   7.6760020e-02  -4.4838865e-01  -1.6713442e-01  -4.0523723e-02   4.5687738e-02  -9.5156710e-02  -3.7626080e-01   1.0640936e-01   6.0096858e-02  -8.0240162e-02  -2.2964948e-01   8.6277994e-02   8.1074124e-02
  -3.2856834e-01   0.0000000e+00   2.1179368e-01  -5.5510508e-01   6.1311295e-01  -5.9802663e-01   5.2396701e-02  -2.8982002e-01  -4.1913778e-02   2.1084277e-01  -4.4022200e-01   8.1040709e-01  -5.8373523e-02  -5.7621987e-01  -4.3764266e-01  -1.9127019e-01   4.2449411e-01  -2.3778478e-01   3.2760287e-02   4.9317653e-01  -5.4202348e-01  -5.6468098e-01  -5.5306773e-01  -3.7895249e-01  -5.5945782e-03  -2.6187766e-01   1.2833337e-01  -6.9538513e-01   1.9918513e-01  -6.5169343e-01   2.3290582e-01  -4.6127173e-01  -1.4538039e-01   2.6232127e-01  -8.5739704e-02   3.4733763e-01   6.8924842e-02  -4.6838605e-01   2.2698970e-01   3.0896366e-01  -1.8871962e-02  -3.2300275e-01   3.7960090e-01  -5.2410985e-01  -1.9640618e-02  -4.7604898e-01  -6.2487592e-01  -2.4743277e-01  -1.5556229e-01   2.6678550e-01  -7.0077717e-01  -3.5174701e-01   3.6529075e-01  -8.9126408e-02  -3.5075824e-01  -6.1245037e-01  -3.6611143e-01  -4.5740035e-01  -2.2467348e-01  -2.5908864e-01   2.8357504e-01   1.0704207e-01   3.3862067e-01   5.4272607e-01   5.6865998e-01  -5.6477484e-01  -4.6089740e-01   5.5879317e-02  -5.8147787e-01   7.7627211e-02   7.1790539e-01  -7.0199911e-01   5.8983729e-01  -5.8699945e-01   2.4568191e-01  -2.3823750e-01  -4.7375441e-01  -2.4654628e-01   6.5485744e-01   6.7667665e-02  -6.9889340e-01   3.5721213e-01   3.5203175e-01  -1.7055530e-01  -3.6951427e-01  -3.4300946e-01   4.1415020e-01  -3.6588468e-01   2.0322541e-01  -2.2279687e-01   6.4284278e-01  -1.1133631e-01   2.6348464e-01  -3.3009316e-01  -5.8115450e-01   5.2690873e-01   1.6560213e-01   1.6734589e-01   4.2469846e-01  -2.9586619e-02  -5.1817170e-01  -5.1512080e-01  -5.7046015e-01   8.7097249e-02  -5.9275223e-01  -3.4290132e-01   2.4557855e-01  -1.3111184e-01   1.3948347e-01  -4.5203150e-01   1.9828910e-01  -7.1967812e-01  -2.8566339e-01  -3.5937431e-01  -7.4264727e-01   7.4291729e-01  -1.3218805e-01   4.4771293e-01  -5.1122964e-01  -5.1353559e-01  -4.9519498e-01   7.3309796e-01   1.0753367e-01   1.5910618e-01  -6.0501944e-01  -3.9343255e-01  -3.0102481e-01   3.2276265e-01  -4.6334264e-01   2.4469226e-01   2.7601240e-01   5.2120261e-01   8.0707513e-01  -1.3750114e-01  -4.5516551e-01  -1.7174332e-01  -8.3778928e-02  -4.8728690e-01  -2.5887296e-01  -2.5980012e-01  -2.2978966e-01  -9.8805059e-02  -5.4297170e-01  -2.6245138e-01  -1.7061704e-01  -3.9767525e-01   5.5405263e-01  -3.6758687e-01  -6.2995939e-01   1.6634440e-01  -5.5366043e-01  -3.8696171e-01  -4.1311303e-01   3.6864445e-01   8.4378458e-01  -2.8715214e-01  -3.6419699e-01  -2.2545163e-01   1.1640747e-01  -7.0988791e-01  -1.2723857e-01  -2.3494105e-01   3.0267350e-01  -5.9072022e-01  -4.8211691e-01   5.7842756e-01   4.0857838e-01  -2.5926536e-01  -7.2006833e-02   6.1403048e-01   5.5232389e-01  -2.9325617e-01  -3.2931058e-01  -3.3678466e-01   2.7779109e-01   2.3482916e-02  -2.6954389e-01
  -4.4229301e-02   2.1179368e-01   0.0000000e+00  -2.5111848e-01   3.7478006e-01   2.4626237e-01  -2.8971514e-02  -1.8796390e-01  -1.4846057e-01   1.7819001e-01  -4.4832796e-01   3.7494905e-01  -5.7810996e-03  -1.4108487e-01  -2.6495581e-01   9.7121091e-02   8.3738914e-01  -3.9821603e-01  -7.5477842e-02   4.0378250e-01  -3.2469103e-01  -2.9777373e-01  -3.1287157e-01  -3.0146783e-01   1.7663535e-01  -2.5751315e-01   2.0025532e-01  -1.9242763e-01   1.4442689e-01  -2.2555230e-01  -2.1277822e-01  -3.7823887e-01   1.6073866e-01   2.1885472e-02  -1.7611192e-01   2.4509594e-01   1.5456189e-03  -2.0146156e-01   1.2339031e-01   6.1590148e-01  -1.8584772e-02   5.5925985e-02   8.8024879e-02  -2.6249255e-01  -4.6594104e-01  -3.2818510e-03  -2.2483320e-01  -4.3486882e-01  -3.1041521e-02   7.0355710e-01  -4.4059041e-01  -3.1463390e-01   1.3819305e-01   4.7892567e-01   1.0875802e-02  -2.4585401e-01  -4.5847073e-02  -3.4690752e-01  -2.1801574e-01   2.0808590e-01   5.3784638e-01  -1.4733063e-01   1.5078434e-01  -6.7789391e-02  -5.0157431e-02  -4.5855123e-02   2.3131510e-01  -7.6417833e-02  -1.1838448e-01   7.0720655e-01   1.6622354e-01  -3.6236545e-01  -6.4900325e-02   2.0443380e-01   3.2927043e-01  -2.4425744e-01   2.0830525e-02  -2.8103974e-01   1.2925569e-01   1.1208015e-02  -3.6802150e-01   5.9028737e-03   3.8513660e-02  -6.5669901e-02   1.2319335e-01  -2.3977502e-01  -1.0283075e-01  -1.8946387e-01   3.6192650e-02  -1.9585891e-01   2.3458735e-01   6.0711260e-01   5.3925795e-01  -4.1441407e-01  -6.6923645e-02   5.2742442e-01   1.0808913e-02  -2.8421027e-01   8.5705871e-02  -1.4116152e-01  -1.1241703e-01  -3.1475183e-01  -4.2496105e-01  -2.3491325e-01  -3.6015781e-01  -2.4873181e-01   5.6780987e-01  -2.1300651e-01   6.0654430e-02   8.7726012e-02   2.9600560e-01  -2.8735632e-01  -2.5527362e-01  -1.7820200e-01   4.6173309e-02   1.7803609e-01  -1.7454058e-01   5.2381894e-02   1.2516432e-01  -2.7946830e-01  -2.3869768e-01   3.8719303e-01   2.2020827e-01  -4.1053023e-01  -1.3952894e-01  -1.4016636e-01  -3.3508769e-01   1.9685272e-01  -3.0074519e-01   7.5144225e-01   1.1648889e-01  -2.0740844e-01   3.3798292e-01  -1.7258404e-01  -2.3148825e-01  -1.3091258e-01   2.1865522e-02  -4.1238969e-01  -1.9934106e-01  -3.5855550e-01  -4.9644229e-02   6.7843093e-02  -2.4570610e-01   5.3961034e-01  -3.3634795e-01  -4.6549397e-01   3.0071472e-01  -1.8468410e-01  -5.3733980e-02  -2.1121668e-01  -1.2894781e-01  -2.9009543e-01   1.5921490e-01  -2.9258011e-01   5.4089085e-01  -3.1666814e-01  -2.5440452e-03  -2.1980930e-01   4.8039129e-01  -3.5794903e-01  -1.0726879e-01  -2.7856887e-01   1.8676900e-01  -2.4308820e-01  -1.8516971e-01   9.5840441e-02  -2.4884584e-03   2.5773785e-02   4.4678624e-01   4.2292755e-01   2.9682623e-01  -1.7870837e-01  -3.2508499e-01   2.3030873e-01   1.1267933e-01   2.3983942e-01   1.2465320e-03
   2.4442839e-01  -5.5510508e-01  -2.5111848e-01   0.0000000e+00  -1.4436918e-01   5.0902415e-01   8.2773638e-02   2.7766289e-01  -4.1446093e-02  -1.1313386e-01   2.1989283e-01  -4.6427943e-01   6.8189166e-02   3.4060278e-01   5.2279821e-01   3.3123561e-01  -3.6704402e-01  -2.5229610e-02  -7.1288996e-02  -3.4601672e-02   3.0697964e-01   3.8629322e-01   2.6027784e-01   1.6875591e-01   2.3463548e-01   1.0123911e-01   2.6575477e-01   4.4135169e-01  -2.9552736e-01   5.8370070e-01  -1.8818967e-01   4.9708070e-01   1.3023113e-01  -1.1878932e-01   1.3068464e-01  -1.2990824e-01   9.1560249e-03   8.9681012e-02   3.8615423e-02  -1.2605104e-01   4.7829686e-02   3.5513181e-01  -3.3499797e-01   2.1214012e-01   1.0967860e-01   1.1204334e-01   4.3886175e-01   1.6987906e-01   3.2636206e-01  -1.2516477e-01   4.5995298e-01   3.9448235e-01  -2.1905343e-01   1.2812861e-01   6.6270093e-02   4.7785289e-01   2.5545684e-01   3.5841734e-01   4.7993412e-01   3.7807338e-01  -2.6758532e-01   7.2587411e-02  -1.9376697e-01  -3.6886461e-01  -3.6535980e-01   4.7170570e-01   4.3788361e-01  -4.2510452e-02   5.7070846e-01  -2.0920289e-02  -5.0947943e-01   6.7490633e-01  -3.8363928e-01   2.7776409e-01  -1.7104657e-02   2.5407690e-01   1.5195947e-01   1.5366213e-01  -1.8775449e-01   2.4646078e-01   4.7312177e-01  -1.2728468e-01  -2.4493719e-01   1.5852424e-01  -1.0795877e-02   2.2640513e-01  -3.7818814e-01   2.1670884e-01   6.4641224e-02   9.2410167e-02  -2.5851221e-01   4.9464853e-03  -1.0007137e-01   3.5308839e-01   1.9428784e-01  -2.7030903e-01   2.7923892e-01   6.5281352e-02  -2.5814878e-02   7.0273476e-02   3.7869088e-02   4.9176378e-01   3.9744533e-01   1.2176334e-01   4.2379815e-01   2.3688979e-01  -1.0309756e-01   3.7406963e-01   1.2748161e-01   4.7251523e-01  -3.3101351e-02   6.1592972e-01   4.8614718e-01   1.2888718e-01   3.4737507e-01  -3.5186125e-01   1.2211277e-01  -3.3239742e-01   2.6096778e-01   7.4118007e-01   1.8744874e-01  -3.0559591e-01   8.2451999e-02  -6.6628205e-02   2.6341337e-01   3.4266173e-01   4.0470278e-01  -1.5765805e-01   4.6933178e-01  -1.3936513e-01  -9.1164863e-02  -2.5432673e-01  -4.4126939e-01  -9.6254795e-03   5.4962809e-01   1.8091287e-01   2.2764884e-01   2.0420999e-01   2.4928449e-01   2.3576658e-01   9.6717045e-03   1.4725028e-01   4.4787520e-01   2.0720150e-01   1.0376083e-01   1.8463848e-01  -4.6738055e-01   1.2799204e-01   4.9253744e-01  -1.6133268e-01   2.3404647e-01   2.6569920e-01   1.6065459e-01  -3.0734089e-01  -4.7792835e-01   2.7968760e-01  -3.2003257e-02   4.7541257e-01  -2.0935358e-02   5.8404866e-01   2.5814084e-01   1.1352310e-01  -7.8485113e-02   4.3894765e-01   5.2493031e-01  -2.9837342e-01  -4.6646036e-01   3.2345125e-01   2.6344071e-02  -1.9960729e-01  -3.2213303e-01  -4.8548937e-02   2.4496790e-01   2.5488574e-01  -7.8983555e-02   1.1864982e-01   3.2487046e-01
  -8.9139054e-02   6.1311295e-01   3.7478006e-01  -1.4436918e-01   0.0000000e+00  -2.2289066e-01  -3.4901023e-01  -2.6778742e-01   8.7129816e-02  -1.8427015e-01  -2.0170823e-01   4.4490750e-01   1.4631822e-01  -4.8500921e-01  -1.7568269e-01  -4.5614008e-02   5.4339674e-01  -1.2942067e-01  -6.0759894e-02   8.0882817e-01  -6.1086345e-01  -4.3583693e-01  -6.4071594e-01  -1.6734575e-01   2.8330151e-01  -1.6563644e-01   2.3277505e-01  -4.3235071e-01   4.8805527e-02  -4.9286267e-01   1.8462667e-01  -2.6509925e-01  -1.4982750e-01  -1.7905217e-02  -2.2339596e-01   5.9183604e-01  -9.9126057e-02  -3.1787585e-01   1.2150036e-01   3.3826317e-01   1.8244711e-01  -8.9011766e-02   3.6855518e-01  -4.5743496e-01  -2.6223195e-01  -2.3886399e-01  -2.4617103e-01  -5.2000734e-01   3.0313130e-01   4.8603093e-01  -5.1725158e-01  -1.6836634e-01   2.0117773e-01   1.9358278e-01  -3.0960719e-01  -3.6433160e-01  -2.1224158e-01  -3.9417247e-01  -8.5888341e-02  -5.8017799e-02   3.7246371e-01   2.7269255e-01   3.4442331e-01   3.2071487e-01   4.0739437e-01  -4.9679467e-01  -2.3134100e-01  -5.7531805e-02  -2.0729674e-01   1.2295799e-01   2.2332201e-01  -3.8240910e-01   3.5609193e-01  -1.8423707e-01   2.9784570e-01  -2.2998369e-01  -1.2539746e-01  -7.7856177e-02   8.3366520e-01   1.5531892e-01  -5.7018536e-01   1.5608617e-01   1.4210986e-01  -6.6471129e-02  -2.7501455e-01  -2.8976590e-01   1.4476223e-01  -9.3122237e-02   2.5924525e-01  -2.4224956e-02   8.3018595e-01   2.4931479e-01   3.2934810e-01  -2.9888467e-02  -3.6377813e-01   8.1380082e-01   2.3710378e-01   1.2078136e-01   6.6042954e-01  -4.3220895e-01  -5.3906750e-01  -4.1285230e-01  -4.8103120e-01   2.0632845e-02  -5.7374298e-01  -2.6960432e-01   4.6188469e-01   1.1032377e-01   4.9924582e-02  -1.6016865e-01   1.2414841e-02  -5.5286936e-01  -2.1792851e-01  -1.7898217e-01  -5.7579826e-01   7.1049004e-01  -6.9008898e-02   3.1006422e-01  -3.2902726e-01  -2.0261235e-01  -3.5784175e-01   8.2299572e-01   1.9686920e-01  -3.2581363e-03  -3.2132210e-01  -2.4742994e-01  -1.3070858e-01   3.9033776e-01  -4.2214410e-01   3.3313270e-01   1.7272764e-01   9.3846152e-02   7.1197338e-01  -3.0182220e-01  -8.5246630e-02  -7.3998042e-02   2.1295346e-02  -4.4268957e-01  -1.5229862e-01  -1.7441299e-01  -9.7281780e-02  -3.5482690e-02  -3.6473482e-01  -1.2523472e-01  -4.2398886e-01  -5.5205065e-01   1.1535179e-01  -1.7959232e-01  -5.4906703e-01  -3.1796651e-01  -2.3950847e-01  -3.4663354e-01  -1.0647813e-02   2.8950603e-01   7.2884543e-01  -2.7056316e-01  -2.5785595e-01  -2.1732888e-02   5.5944820e-01  -5.5403003e-01  -1.0553426e-01  -2.1132593e-02   2.0645698e-01  -4.6414142e-01  -2.1467944e-01   2.3184940e-01   1.4877749e-01  -8.5975581e-02   2.1315557e-01   7.7156503e-01   3.4814097e-01  -3.4849901e-01  -8.0382623e-02  -8.6938149e-02   3.2068469e-01   3.6921057e-01  -5.9621839e-02
   7.9859569e-02  -5.9802663e-01   2.4626237e-01   5.0902415e-01  -2.2289066e-01   0.0000000e+00   1.2926451e-01  -3.6134209e-02  -1.3473665e-01   1.3362555e-01  -3.6549212e-02  -3.8876341e-01   1.6627763e-01   5.0057069e-01   3.4845898e-01   3.4536903e-01  -7.9486198e-03  -1.7967996e-01  -5.7727804e-02  -7.3456789e-03   1.9272444e-01   2.6853614e-01   1.5851691e-01   5.3153407e-04   5.3128545e-02   2.7090067e-04   4.1306109e-01   3.3133678e-01  -8.3167507e-02   6.3765261e-01  -3.2874391e-01   1.3218711e-01   2.2789230e-01  -1.2165856e-01   1.4260553e-01  -8.3269677e-02  -8.7339976e-02   2.2335440e-01   6.2917359e-02   2.0158213e-01   4.5148843e-02   3.3968276e-01  -2.5068355e-01   7.3102351e-02  -1.2279415e-01   1.8745938e-01   3.1346261e-01  -6.8323634e-03   1.0330754e-01   1.4932266e-01   3.4851229e-01   1.7408307e-01  -2.8904092e-01   3.6489553e-01   9.7885381e-02   3.3315333e-01   4.4974887e-01   1.9024731e-01   1.4642961e-01   5.3143704e-01   7.4367184e-02  -1.1982384e-01  -3.0251893e-01  -4.3392754e-01  -5.2284290e-01   6.2513580e-01   8.0502321e-01  -1.5861539e-01   4.8615580e-01   3.4641635e-01  -5.1987864e-01   4.5036836e-01  -4.4103358e-01   5.9480403e-01   2.0020519e-02  -7.5196021e-02   3.3353775e-01   1.3538248e-01  -2.7899202e-01   1.0161506e-01   3.1461339e-01  -2.0395700e-02  -3.3305468e-01   3.1376501e-02   2.2603749e-01  -9.0970130e-03  -5.0119905e-01   4.2732819e-02  -2.5985284e-02  -3.0951831e-02  -3.7424176e-01   4.0334359e-01   1.0113984e-01   1.2101388e-01   3.4298833e-01  -1.6713478e-01   5.0763526e-02  -2.3357756e-01  -2.9087652e-01   7.9453234e-02   1.0032277e-01   3.5630087e-01   1.9096528e-01  -1.3607316e-01   2.4166923e-01  -1.1859735e-01   3.8173087e-02   1.9621752e-01   1.0768456e-01   6.0352368e-01   5.2165108e-03   5.7251314e-01   1.6181421e-01   2.7816737e-02   4.9560681e-01  -4.3487103e-01   7.0329749e-02  -2.1928037e-01   4.3722133e-01   3.9923061e-01   3.1655213e-01  -3.9416397e-01   5.5887012e-02  -2.9643452e-01   3.9025175e-01   2.8723125e-01   1.8025394e-01  -2.0659091e-01   2.0937699e-01   1.9539435e-01  -6.9525969e-02  -4.0066679e-01  -5.7225443e-01  -6.9767477e-02   4.3760266e-01   1.0230034e-01   3.3956191e-02  -6.0318242e-03  -1.9683381e-02   6.7929598e-03  -6.8506229e-02   1.3243755e-01   3.0466582e-01   5.2982948e-01  -4.1647948e-02  -2.4912127e-02  -2.9944332e-01   8.7898237e-02   5.9561602e-01  -3.2433947e-01   2.3756935e-01   5.6866502e-02   4.1992908e-01  -4.6552212e-01  -3.6879182e-01   2.8210039e-01   2.5956153e-01   2.4818466e-01   1.5346573e-02   4.6385698e-01   1.5847552e-01   7.2996256e-02   2.0764310e-03   2.8956056e-01   4.2007260e-01  -2.6801495e-01  -2.3850640e-01   3.1224894e-01   3.2185534e-01  -1.5316880e-01  -1.1190628e-01   1.7373017e-01  -3.3026042e-02   5.4090605e-01  -5.5110319e-02   7.0359150e-02   2.4992815e-01
  -1.2748748e-01   5.2396701e-02  -2.8971514e-02   8.2773638e-02  -3.4901023e-01   1.2926451e-01   0.0000000e+00  -1.0444398e-01  -4.7552665e-01   7.6689515e-01  -3.3445380e-01   3.3952940e-01  -1.1089556e-01   5.3245560e-02  -8.3352450e-02   5.1271095e-02  -2.5173040e-01  -4.7445812e-01  -1.5391999e-01  -1.6090677e-02   1.4996449e-01  -1.7186239e-01   4.4068364e-01  -9.2051646e-02  -3.3011657e-01  -3.0272861e-01   3.0532864e-01   9.4680587e-02  -9.4515353e-02   7.5906838e-02  -4.2587799e-01  -8.9858102e-02  -1.0005836e-01   4.9462370e-01   2.3447492e-01  -9.5285058e-02   3.1239438e-01  -1.6767723e-01  -7.9020467e-02   4.1641819e-01  -1.8691829e-01   3.8715214e-03  -1.5236403e-01  -2.8859828e-02   1.1659389e-01  -1.9338597e-01  -2.3303094e-01   4.4335942e-01  -1.6796744e-01  -3.5759581e-02   2.9123810e-02  -6.1730889e-02   1.8651884e-01  -2.0467237e-01  -8.0465875e-02   3.8205524e-02   6.8766477e-02   2.9330024e-02  -4.4754146e-03  -4.5366740e-02  -2.9991663e-01  -6.6775184e-02  -3.3616330e-01  -2.8060660e-01  -3.1456527e-01   4.7171780e-01   1.3278856e-01  -3.9821092e-02  -1.0061953e-01   3.1612579e-01   3.2350854e-01  -5.1175911e-02  -1.3867567e-01  -1.9908043e-01  -1.2386032e-01  -3.9563657e-02  -2.3484173e-01  -7.7688778e-02  -4.1630812e-01  -9.8937877e-02   2.1891177e-01   2.9384434e-01   1.3427607e-01  -1.3717456e-01  -6.5497115e-02  -6.0399030e-02  -2.4026304e-01  -1.6845822e-01  -2.9899644e-01  -1.3503853e-01  -2.4419243e-01  -2.6018379e-01   2.3672935e-01  -3.5643091e-01  -1.2905729e-01  -2.2949727e-01   1.0356167e-01  -1.2436884e-02  -1.6930850e-01   8.3222325e-01   6.8007967e-02   9.3246678e-02   1.2632234e-01  -2.4677620e-01   1.7172950e-01  -1.7317426e-01  -2.1830063e-01  -8.3813081e-02   3.8532645e-01   1.2649261e-01   5.1933019e-01   1.4870797e-01   1.2514142e-01  -8.9039193e-02   2.8329812e-01  -2.4085099e-01  -9.3515936e-02   1.9136347e-01   1.0887456e-01   1.2251959e-01  -1.5517936e-01  -1.7688534e-01  -2.5035250e-01  -2.2707312e-01  -5.4721989e-02   1.0220975e-02  -2.2518350e-01  -2.7853043e-01   4.6088150e-03   1.1772710e-01   8.1695674e-02   4.4663574e-01  -2.7681663e-01   1.8260893e-01  -8.5634519e-02  -2.5841340e-01  -1.2394181e-01   6.5636576e-02  -1.0849208e-01  -2.0574960e-01  -1.5089219e-01   2.1464454e-02  -8.9328123e-02   1.0248151e-01   3.8241510e-01   4.0117245e-02   5.8461965e-01  -3.3747309e-01   3.5752382e-01   2.7626171e-01  -6.9455504e-02   7.0443278e-02  -1.7065822e-01  -3.3189509e-01  -7.2212613e-02  -3.5948438e-02  -2.4823993e-01   1.0933403e-01  -3.1906269e-01   1.9516447e-01   1.9582997e-01  -4.9736671e-01   2.5965673e-01  -2.0704678e-01  -1.0494979e-02   4.0242290e-01  -1.4314739e-02  -5.7389441e-02  -1.7711590e-01  -6.3634507e-02   1.7546042e-01  -1.6491230e-01  -4.4250199e-01  -1.7331534e-01  -1.5080707e-01  -3.1681801e-01  -1.0660027e-01
   3.2353117e-01  -2.8982002e-01  -1.8796390e-01   2.7766289e-01  -2.6778742e-01  -3.6134209e-02  -1.0444398e-01   0.0000000e+00  -6.0557162e-02  -2.0711207e-01   2.9836138e-01  -1.5797782e-01  -8.4690623e-02   7.9921316e-02   3.4746550e-01   3.3305618e-01  -2.0544475e-01   8.3020916e-02   1.1762768e-01  -3.2045578e-01   1.7333102e-01   2.9914401e-01   1.8594159e-01   2.5519159e-01   1.3009236e-02   3.3863937e-01  -9.3729788e-02   4.4952086e-01  -1.6688439e-01   4.7788110e-02  -1.0321446e-01   6.5248991e-01   2.4506600e-01   5.2663670e-02  -2.3198077e-01  -2.0909546e-01  -6.3428064e-02   1.3593573e-01   1.6318704e-01  -3.3670353e-01  -6.9901657e-02   1.7084629e-01  -3.6825425e-01   4.4061953e-01   3.7251859e-03   2.2029170e-01   2.6255736e-01   1.0590918e-01  -2.1285257e-02  -1.8940624e-01   3.2378018e-01   5.9916273e-01   1.8929058e-02  -1.2069421e-01   2.6359847e-01   4.1336181e-01  -5.6058301e-02   2.8907521e-01   3.7439695e-01  -4.7950204e-02  -1.0227199e-01   4.5115069e-03   7.7031956e-02  -1.7899245e-01  -2.3217348e-01   1.7108945e-01   2.1680265e-02  -1.2202692e-02   4.0192277e-01  -1.9048001e-01  -3.5356128e-01   2.9576093e-01  -1.0097080e-01  -1.0076165e-01  -1.7418811e-02   4.0039865e-01   1.6715819e-01   1.5122268e-01  -2.5790590e-01   6.1958601e-02   4.5886045e-01  -1.1701699e-01  -1.7633206e-01   3.7481675e-01   3.7838714e-02   4.0570725e-01  -1.0106954e-01   1.7796735e-01   1.1486817e-01   1.6125478e-01  -2.8968992e-01  -3.0985109e-02  -1.3698171e-01  -6.6424638e-02   2.9671407e-01  -3.0760577e-01   4.4710024e-02   1.0195666e-01  -1.5355359e-01   2.1127259e-03   2.5049008e-01   4.6303455e-01   4.7516532e-01   7.5467091e-02   4.8485520e-01   6.4288269e-01  -6.7452422e-02   3.0334974e-01  -4.5179476e-02  -3.0739829e-02  -9.8020685e-02   2.1936198e-01   1.7146902e-01   2.0670531e-01   1.4282740e-01  -3.2315648e-01   8.5610907e-02  -1.4742950e-01   1.3350863e-01   3.0193336e-01   2.5179757e-01  -1.5755022e-01  -8.1596031e-02  -3.8846124e-02   2.0536276e-01   2.5355848e-01   3.0169008e-02  -3.3611989e-02   3.4608100e-01  -3.2673004e-01  -5.2627288e-03  -1.6192470e-01  -2.6313579e-01   1.4268835e-02  -3.5008904e-02   3.9532975e-01   1.6209873e-01   4.6272884e-01   4.2420889e-01   2.4809123e-01   7.4453357e-02   9.8727565e-02   5.0351519e-01   6.7445777e-02   1.2481593e-01   3.2598635e-01  -2.4304330e-01   4.4209485e-02   2.6293139e-01   5.1186443e-02   1.9398056e-01   7.4247562e-01  -1.5891478e-01  -1.2191150e-01  -2.8428616e-01   1.1557749e-01   1.9441594e-01   1.6746956e-01   1.5197103e-02   3.5172912e-01   9.7162876e-02   5.7424309e-02  -3.6280005e-01   4.1102185e-01   1.8016047e-01  -2.1133679e-01  -3.1638247e-01   3.2308905e-01  -5.2467585e-02  -3.2731132e-01  -1.7930607e-01  -2.2408050e-02   1.1092122e-01   1.8227165e-01  -1.6562565e-01   6.1710834e-02   1.8209902e-01
  -2.4783608e-02  -4.1913778e-02  -1.4846057e-01  -4.1446093e-02   8.7129816e-02  -1.3473665e-01  -4.7552665e-01  -6.0557162e-02   0.0000000e+00  -3.1693079e-01   4.3361422e-01  -2.8951951e-01   1.4303087e-01  -2.0975323e-01  -1.7389535e-01  -1.5763892e-01  -2.9856079e-02   4.6232002e-01  -3.7989750e-02  -5.9399682e-02  -5.2940436e-03   2.3377268e-01  -1.2567482e-01  -1.2402903e-01   2.2617391e-01   1.7141275e-01  -2.3063907e-01  -2.1330280e-01   1.2399406e-02   5.1276568e-02   3.5370085e-01   2.5042773e-02   3.8363550e-02  -1.5847959e-01   5.0273454e-02   2.3330165e-01  -3.2386544e-02   7.1016579e-02  -4.1367785e-02  -2.0813558e-01   1.1813891e-01  -5.4195354e-02   1.1300216e-01  -9.5854378e-02   6.8068571e-02   1.9092777e-01   2.9519525e-01  -3.1465195e-01  -9.1278281e-02  -2.1580101e-01   8.8775143e-03  -7.3825046e-03  -1.3346527e-01   4.7849994e-02  -1.7137583e-01  -1.3819757e-01  -6.6678334e-02  -4.2300311e-02   7.1226142e-03  -1.4862082e-01   9.4424340e-02  -2.9220410e-02   3.6197339e-01   3.0212018e-01   1.6543157e-01  -2.1477730e-01  -1.7312572e-01   2.3300976e-01   5.7148533e-02  -3.0145967e-01  -1.3757940e-01   7.1434897e-03   1.4921389e-01  -8.2986879e-02   1.4776776e-02   1.2145227e-02   1.0743705e-01   2.0184991e-01   1.9283791e-01   9.2012785e-02  -2.2029301e-01  -1.5231550e-02  -1.3073292e-01   1.3144740e-01  -2.2332417e-01  -6.0367521e-02   3.6217870e-01  -1.2121628e-01   1.5677795e-01  -5.3074954e-02   9.4083709e-02  -3.0477363e-02  -3.1433348e-01   4.0819194e-01   7.3623990e-02   5.0730785e-02  -7.1795313e-02   2.8756964e-02   1.1990997e-01  -4.4200087e-01  -1.8136285e-01  -1.9624283e-01  -2.3002763e-01   3.3932516e-01  -1.4042012e-01  -1.0859062e-02  -4.5964260e-02   1.0389860e-01  -3.5047926e-01  -4.5364978e-02  -2.0682231e-01  -1.3834740e-01   1.4834418e-01  -1.5763445e-02  -2.3730433e-01   2.3394624e-01   2.1591466e-01   8.9254334e-03  -1.8809045e-01   2.5553358e-02   5.5976243e-03  -6.1525044e-02   1.5698678e-01   2.0687617e-01   2.0609599e-02  -2.2488797e-01   7.4429273e-02  -9.2020976e-03   2.4544572e-01  -2.4889810e-01  -1.0511011e-01  -1.3097544e-01   1.0246002e-01  -1.0020381e-01   1.6090382e-01   9.5625640e-02   8.9914307e-02  -1.6640421e-01   4.0055758e-02   8.0311386e-02   2.4230018e-02  -1.2781007e-01   3.5439520e-02  -2.7105644e-01  -2.4560150e-01  -8.7039885e-03  -2.5436296e-01   4.4244350e-01  -2.2922645e-01  -4.2141177e-02  -1.4168163e-01  -2.2343586e-01   1.4707850e-02   4.1535849e-01  -7.4099726e-02  -6.1530351e-02   8.2112128e-02   5.7318782e-02   3.5462992e-02  -2.2129176e-01  -1.8341466e-01   4.6979148e-01   5.8386606e-02   1.4873850e-01   2.1044296e-01  -3.2656394e-01   3.4091628e-01   3.6944911e-02   4.5389826e-02  -1.6520285e-01  -9.4104696e-02   4.1386562e-02   5.4085578e-01  -8.2963421e-02   1.6301899e-01   1.1438375e-01   2.5432168e-01
  -2.0488155e-01   2.1084277e-01   1.7819001e-01  -1.1313386e-01  -1.8427015e-01   1.3362555e-01   7.6689515e-01  -2.0711207e-01  -3.1693079e-01   0.0000000e+00  -4.7010576e-01   4.4822519e-01   6.0614432e-02  -1.3405048e-01  -2.8718097e-01   1.0350370e-01   1.4303591e-02  -5.6617942e-01  -1.7447374e-01   1.9444968e-01  -1.0210309e-01  -2.6006722e-01   1.7412765e-01  -2.5282918e-01  -2.8664449e-01  -3.4061845e-01   2.3750286e-01  -1.1378495e-01  -5.6997929e-02  -7.6350063e-02  -4.4704004e-01  -3.6656429e-01  -1.3461566e-01   4.5321082e-01   2.8564588e-01   5.0692243e-02   3.0993754e-01  -2.8327375e-01   4.5429489e-02   5.4176554e-01  -7.3294109e-02  -3.7681970e-02   9.2662550e-02  -2.2963646e-01   1.0075333e-01  -2.1917580e-01  -3.8346764e-01   1.2353389e-01  -2.7091220e-01   8.4500292e-02  -2.0697686e-01  -2.0687644e-01   2.1900114e-01  -8.9836369e-02  -2.1844283e-01  -1.6237765e-01   1.6617128e-02  -1.3056854e-01  -7.8880386e-02  -7.2648634e-02  -1.0871413e-01   8.9133638e-03  -1.8905742e-01  -1.4476245e-01  -2.6344472e-01   3.4624837e-01   7.9460601e-02   1.6217012e-03  -2.8521615e-01   3.6287583e-01   4.4042331e-01  -2.5650436e-01   1.4192682e-02  -2.3230417e-01  -3.2881652e-02  -1.4334266e-01  -2.7248723e-01  -1.0578016e-01  -2.1681855e-01  -7.1284217e-02  -1.3578315e-01   4.0300208e-01   1.5372339e-01  -1.4173189e-01  -8.9018623e-02  -2.2944869e-01  -2.1816224e-01  -2.8068693e-01  -2.0767031e-01  -1.9088174e-01  -3.7675251e-02  -3.6158989e-02   3.2735490e-01  -3.5585047e-01  -2.1576954e-01   5.0035378e-02   1.1663291e-01  -7.7527573e-02  -1.4499878e-01   7.0862370e-01  -8.8652658e-02  -1.1554721e-01  -1.5197758e-01  -2.4626771e-01  -1.0965889e-01  -2.5233110e-01  -9.3302944e-02  -1.1078209e-01   4.8253439e-01   2.7640174e-02   5.0673065e-01  -1.2252068e-01   3.2479228e-02  -1.8297686e-01   9.0772395e-02  -6.2352324e-02  -1.8208235e-01   3.5558849e-01   5.5105853e-03  -3.0516890e-02  -2.5453478e-01   2.8311554e-02  -7.8765112e-02  -2.7970953e-01  -1.5651670e-01  -1.1864548e-01  -2.5252481e-01  -1.5204974e-01  -1.5688433e-01   2.1121178e-01   1.8196406e-01   4.1209376e-01  -1.2737026e-01   2.9178568e-02   3.9650381e-03  -3.1731324e-01  -5.1575997e-02  -1.9073798e-01  -2.2734388e-01  -3.1337673e-01  -2.3544144e-01   8.9514005e-02  -2.7249530e-01   1.3270523e-01   2.3946282e-01  -1.8430121e-01   6.4341512e-01  -3.8305338e-01   2.2551962e-01   2.3866681e-01  -2.2301954e-01  -1.3100681e-01  -9.4198946e-02  -2.0180008e-01   1.4869965e-01  -1.5026374e-01  -1.9752029e-01   8.0679393e-02  -1.8120806e-01  -1.4706520e-01   2.1539621e-01  -4.5729808e-01   4.3799974e-01  -3.6839727e-01  -7.7946329e-02   4.6524368e-01   2.0110531e-01  -1.1662849e-01  -3.9623362e-04   7.1215491e-02   4.1757904e-01  -2.3552609e-01  -5.5335050e-01  -1.3084789e-01  -1.0191566e-02  -3.1463019e-01  -6.3104479e-02
   1.2202797e-01  -4.4022200e-01  -4.4832796e-01   2.1989283e-01  -2.0170823e-01  -3.6549212e-02  -3.3445380e-01   2.9836138e-01   4.3361422e-01  -4.7010576e-01   0.0000000e+00  -5.7829112e-01   1.2715167e-01   9.5620647e-02   2.7547594e-01  -7.2233707e-02  -4.3034123e-01   7.0823316e-01   2.4392057e-01  -3.4750331e-01   3.2965228e-01   4.6337727e-01   2.8546192e-01   2.8657279e-01   1.8944655e-01   4.2696781e-01  -2.6519765e-01   3.3924535e-01   5.6461020e-02   2.9098650e-01   2.3274117e-01   4.3381219e-01  -1.2019091e-01   8.5734997e-02  -1.5623989e-01   1.2215814e-01  -6.2828306e-02   3.5062400e-01  -1.7889316e-01  -5.7758010e-01   1.6018407e-01  -8.2474968e-02  -1.7916654e-01   4.4106844e-01   1.6383759e-01   3.8598774e-01   7.5823259e-01   1.0520696e-01   1.1879291e-01  -3.7486926e-01   5.3213956e-01   3.7251428e-01  -7.0012438e-02  -6.2688776e-02   1.4162990e-01   3.8566802e-01   2.5353646e-01   2.8600127e-01   2.1278030e-01  -1.6447384e-01  -1.7157323e-01   8.5730653e-02   1.6711240e-01   9.1577328e-02  -9.5511398e-02   7.1617554e-02  -1.0645017e-01   7.8716452e-02   5.6254381e-01  -5.0272900e-01  -5.4454359e-01   4.2463727e-01  -5.7916079e-02   1.1631121e-01  -2.3234650e-02   1.4877952e-01   3.8482929e-01   4.2795975e-01  -8.1198049e-02   1.4835472e-01   3.2868832e-01  -8.4700333e-02  -1.8320667e-01   4.8877223e-01  -8.6470796e-02   2.1861432e-01   7.6989014e-03   2.6175054e-01   5.3910592e-02   1.6628028e-01  -2.6159934e-01  -9.7646476e-02  -3.2373206e-01   4.6918588e-01   4.0979549e-01  -3.2203104e-01  -3.4478712e-02   2.2274339e-01   4.3812126e-03  -2.3635638e-01   1.5072999e-01   3.9203629e-01   3.0117523e-01   2.0496304e-01   3.7983748e-01   2.5637163e-01  -3.5409543e-01   2.9360843e-01  -1.4714522e-01   1.3136606e-01  -2.6322649e-01   2.7863924e-01   3.8372323e-02   2.4663037e-01   9.9320547e-02  -2.0935983e-01   1.8369937e-01  -6.0883274e-02   2.9954029e-02   2.1025222e-01   4.0416704e-01  -4.0037135e-01  -2.7360982e-02   3.8493361e-01   3.8133890e-01   9.2438753e-02   3.1473334e-01  -4.2587865e-02   3.2214116e-01  -5.7080370e-01  -1.3247482e-01  -3.1604929e-02  -3.4897772e-01   1.5934553e-01   2.5843989e-01   2.3290628e-01   1.8717270e-01   3.6755664e-01   2.8878213e-01   3.1077158e-01   3.2224884e-01  -1.4986581e-01   4.4066407e-01  -3.0736599e-01   7.6651304e-03   4.4730160e-01  -5.1545826e-01   5.3671442e-01   1.8327683e-01  -1.6375355e-01   3.2127214e-01   3.1926323e-01   1.5540422e-01   3.6021972e-01  -5.7066954e-01   2.5152354e-01   3.4491219e-01   1.5524433e-01  -1.7612319e-01   3.0099041e-01  -1.5493566e-01   5.3353407e-01  -1.7957023e-01   4.9620755e-01   3.3832839e-01  -4.6516350e-01  -7.3863759e-02   1.3457267e-01  -1.9651131e-01  -3.7450382e-01  -4.1686210e-01   2.6024486e-01   6.0216103e-01   1.1025315e-01  -9.0051259e-02   7.7645964e-02   3.0824232e-01
  -3.3085337e-01   8.1040709e-01   3.7494905e-01  -4.6427943e-01   4.4490750e-01  -3.8876341e-01   3.3952940e-01  -1.5797782e-01  -2.8951951e-01   4.4822519e-01  -5.7829112e-01   0.0000000e+00  -1.9221302e-01  -4.4635222e-01  -3.3833208e-01  -1.0151636e-01   3.7132526e-01  -5.0466792e-01  -5.3840690e-02   5.3545764e-01  -6.0143149e-01  -6.3538494e-01  -4.0785209e-01  -3.2816325e-01  -1.1131252e-01  -2.4200217e-01   2.1672963e-01  -4.8104453e-01   2.3138230e-02  -5.8366467e-01  -1.3733350e-01  -4.3471489e-01  -1.3668265e-01   4.6403110e-01   2.0966374e-02   2.6853750e-01   1.8560857e-01  -4.4387142e-01   9.4491267e-02   4.5876098e-01  -2.0874812e-01  -2.6850902e-01   2.9466531e-01  -4.9898879e-01  -7.2674360e-03  -4.4310806e-01  -6.6781078e-01  -2.4949436e-01  -2.6870675e-01   3.3013739e-01  -6.7973343e-01  -3.1269078e-01   2.8543269e-01  -7.6743149e-02  -3.2925673e-01  -5.3540369e-01  -2.8778923e-01  -4.5990078e-01  -2.2914475e-01  -7.2484422e-02   1.8034768e-01   8.6620811e-02   2.0485383e-01   2.6947216e-01   2.5611561e-01  -3.4737135e-01  -3.5240820e-01   1.0870907e-02  -5.2412204e-01   3.6193183e-01   6.3554107e-01  -7.1551218e-01   2.1781801e-01  -4.8513123e-01   2.0289026e-01  -2.8778374e-01  -4.6955767e-01  -2.5621422e-01   4.2741183e-01  -9.3745136e-02  -5.3457391e-01   2.4503240e-01   2.8559522e-01  -1.4654700e-01  -2.8406446e-01  -3.5614124e-01   2.2053480e-01  -2.8551217e-01  -2.1356414e-02  -1.9479598e-01   4.8209074e-01  -9.5434064e-02   5.8128530e-01  -5.3027787e-01  -5.1927101e-01   4.6650430e-01   1.7018340e-01   1.8087241e-01   2.6515069e-01   1.9976313e-01  -4.7815428e-01  -3.6398002e-01  -4.4552628e-01  -7.9520190e-02  -4.9353678e-01  -2.5203897e-01   2.4713555e-01  -1.0165229e-01   1.4699972e-01  -3.0592395e-01   4.3640756e-01  -6.2127779e-01  -3.1431413e-01  -3.0626870e-01  -4.6417036e-01   5.6353092e-01  -1.8919763e-01   3.7486893e-01  -3.6184880e-01  -4.7403859e-01  -4.8959430e-01   7.2698805e-01  -1.9524589e-02  -1.5783233e-01  -5.5266182e-01  -2.6530781e-01  -3.2755166e-01   1.4054663e-01  -4.4414862e-01   3.3920370e-01   1.8842880e-01   4.8185738e-01   5.9171662e-01  -2.5272711e-01  -5.0148284e-01  -3.1493320e-01  -7.7073312e-02  -4.5814021e-01  -2.9660280e-01  -3.2127380e-01  -1.4730563e-01  -5.6967768e-02  -5.3678653e-01   1.6780394e-02  -4.6768252e-02  -5.3053026e-01   7.2310876e-01  -4.9825071e-01  -3.8735644e-01   8.9167404e-02  -4.3706962e-01  -2.3622958e-01  -3.5633288e-01   6.4157277e-02   7.8341672e-01  -3.2372696e-01  -3.8425536e-01  -2.4956009e-01   1.1796109e-01  -5.9256859e-01  -6.3803717e-02  -4.6750858e-01   1.4118037e-01  -6.2285322e-01  -5.1209452e-01   7.6518238e-01   3.3163981e-01  -2.2485072e-01  -2.2688343e-02   5.3308452e-01   7.1315275e-01  -3.5365878e-01  -5.6589176e-01  -2.1848880e-01   2.1407034e-01  -6.8204026e-02  -3.0561713e-01
  -1.7324228e-02  -5.8373523e-02  -5.7810996e-03   6.8189166e-02   1.4631822e-01   1.6627763e-01  -1.1089556e-01  -8.4690623e-02   1.4303087e-01   6.0614432e-02   1.2715167e-01  -1.9221302e-01   0.0000000e+00   3.6089898e-02   1.9867064e-01   6.7753765e-02   1.8339119e-02   6.3856798e-02  -1.7715248e-02   9.3476500e-02   2.3641029e-02   2.8042764e-02   5.7420840e-02  -3.0166731e-02   2.6722939e-01  -2.3327312e-01   1.0695013e-01   4.6989456e-02   1.3872073e-01   8.6280816e-02   1.1852193e-01  -2.3917850e-03  -2.1341945e-01  -9.6216556e-02   2.1131226e-01   2.1921344e-01  -2.9737241e-01  -1.8494366e-01  -6.8242610e-02   1.7978139e-01   5.7772796e-01   7.8276071e-02   2.0117217e-01  -1.4096474e-02   6.5084798e-02   3.0254498e-02   1.7420416e-01  -7.0499449e-02   2.3779880e-01   6.3740437e-02   1.1448559e-01  -3.6945098e-02   6.6117604e-02   1.8864292e-01   3.9888867e-05  -3.3743176e-02   2.7990502e-02   1.0832943e-01   1.3045485e-01   9.6883264e-02  -8.8026322e-02   3.4270746e-01   1.0426785e-01  -7.1589729e-02  -2.5011122e-02  -5.4846916e-02   5.2310711e-02   4.1056568e-02   1.3251148e-01  -3.3325235e-02  -6.4021312e-02   1.7088594e-01   1.3048894e-01   9.4694632e-02   4.6168392e-02  -3.2526801e-02   7.6963110e-02  -1.0166363e-01   9.0874035e-02   2.9350324e-01   1.0775192e-01   2.9963051e-01   1.0340730e-03  -9.7936958e-02  -9.0300292e-02   1.9358124e-02  -7.1629034e-02   1.5882002e-01   9.6206106e-02  -9.9437068e-02   6.4633687e-02   6.6183492e-02  -1.7108992e-01   2.9070124e-01  -6.7889678e-02   1.1611046e-01   3.5863363e-01  -2.0043518e-01   1.2504806e-01  -2.1999646e-02  -2.3131977e-04   1.4599915e-01  -5.3888572e-02  -1.0104357e-01  -5.5545172e-02  -1.1550550e-01   6.2384014e-02   5.5860485e-02   2.3113086e-01   4.3265270e-02  -1.5175432e-01   3.7826340e-02   4.8101908e-02  -6.4513546e-02   3.7678146e-02  -4.6968032e-02  -2.7082900e-01   4.6100560e-01  -4.6543055e-02   2.7146433e-02  -1.4387382e-01  -6.1902380e-02   4.6780611e-01   2.8263523e-02   9.8873268e-03   1.4653803e-01   1.0193737e-01   1.8731226e-01  -6.0053353e-02   5.6480101e-02   2.0004989e-01  -5.3965163e-03  -4.8258784e-02   9.0486549e-02   1.8747255e-01   4.5895144e-02   1.3891305e-01   7.7210352e-02   6.1941155e-02  -1.3274790e-01  -1.0710780e-01   2.8137914e-01   1.0798760e-01  -1.4814893e-01   7.5846322e-02   3.3372063e-02  -8.6611552e-02   3.1110305e-02  -3.9356475e-02  -6.1789825e-02   3.7173021e-02  -4.3590886e-02   2.4202922e-01   5.9203942e-02  -1.4898539e-02  -1.0668285e-01  -2.0493676e-02   2.5072596e-01   4.0236985e-03   8.4380846e-02   1.5632887e-01  -2.4669278e-02   1.5197244e-01  -1.2119650e-01   1.4399925e-01  -9.0986593e-02  -1.0697555e-02   1.3976158e-01  -4.9812781e-03   2.3714199e-02  -7.1882610e-02  -4.1347143e-01   1.3795253e-02   4.9093631e-02   6.5872715e-02  -2.9941418e-02   7.4547756e-02
   2.1675161e-01  -5.7621987e-01  -1.4108487e-01   3.4060278e-01  -4.8500921e-01   5.0057069e-01   5.3245560e-02   7.9921316e-02  -2.0975323e-01  -1.3405048e-01   9.5620647e-02  -4.4635222e-01   3.6089898e-02   0.0000000e+00   5.5205995e-01   6.4458686e-02  -3.0898508e-01   9.3181395e-03   2.8128689e-01  -4.0795008e-01   3.4263964e-01   2.8842562e-01   3.7354160e-01   3.4492695e-01   9.7650855e-03   6.1469419e-02   7.6763612e-02   5.2086206e-01  -4.7372686e-02   5.7618118e-01  -9.5431869e-02   1.9246003e-01   2.0347740e-01  -9.5736847e-02   1.9221362e-01  -4.0800042e-01  -8.6333285e-02   2.0305757e-01  -8.9007012e-02  -2.5211941e-01  -7.7009765e-02   1.4692939e-01  -2.8476161e-01   4.0618686e-01   1.6655728e-01   5.0579569e-02   2.4206963e-01   3.0229680e-01   3.9185659e-02  -1.0562814e-01   4.3953152e-01   1.2562782e-01  -2.9135706e-01   1.3148428e-01   4.5032088e-01   3.7763673e-01   4.0112118e-01   2.7932492e-01   6.6244455e-02   4.4007831e-01  -2.2163345e-01  -9.8856013e-03  -3.1109301e-01  -3.1727369e-01  -2.5302354e-01   3.6848819e-01   4.5788195e-01  -2.2847085e-01   3.2816168e-01  -2.6866533e-02  -4.6623132e-01   4.3840415e-01  -3.6240945e-01   5.8187141e-01  -1.4228276e-01   3.7482242e-02   1.3664809e-01   4.3754881e-02  -4.0128247e-01   3.6071574e-02   5.9664432e-01  -2.2779684e-01  -7.5201650e-02   3.5891294e-02   4.8110276e-01   1.7253490e-01  -1.5362981e-01   4.1430002e-01  -1.0144496e-01   2.1078498e-01  -5.7581903e-01  -3.0102083e-02  -9.2136913e-02   1.1342863e-01   2.0005325e-01  -4.7092104e-01  -5.2863697e-02  -1.1393297e-01  -3.8729755e-01   6.1545744e-02   4.1352714e-01   4.8941732e-01   5.3075057e-01   2.7842515e-02   3.9631492e-01   2.4541841e-03  -2.7849741e-01   8.8791060e-02  -4.2188242e-02   3.0619939e-01  -8.4258458e-02   6.3371737e-01  -7.6822115e-03   2.9952641e-01   5.9945213e-01  -5.1137998e-01   4.9756609e-02  -2.6806840e-01   4.2465855e-01   2.4578137e-01   3.7357529e-01  -5.2587363e-01  -2.6320010e-02   3.0104917e-03   2.8114247e-01   6.1576818e-01   3.6858639e-01  -1.2207491e-01   2.0655987e-01  -1.1023220e-01  -1.7100521e-01  -3.0497524e-01  -5.3425784e-01   1.3310027e-01   1.7595982e-01   4.2410700e-02   7.2109891e-02   3.4836803e-01   6.1646883e-02   2.8991837e-01   3.2451457e-01   5.2379320e-02   3.0691513e-01   2.4259507e-01   3.1426326e-01   2.8228483e-01  -3.9246681e-01   8.5660998e-02   4.0211442e-01  -1.2663749e-01   5.2125189e-01   2.4441292e-01   2.8123167e-01  -3.5024861e-01  -5.3695486e-01   4.2418719e-01   2.1448795e-01   1.8746836e-02  -3.7406976e-01   6.2814042e-01  -8.1376024e-03   4.6663194e-02  -4.1670975e-01   3.5189410e-01   1.5399019e-01  -2.5850641e-01  -3.4294208e-01   2.3680797e-01  -1.3604688e-01  -3.6356224e-01  -3.1352721e-01   1.9931906e-01   1.3383840e-01   1.7213310e-01  -2.6836969e-01  -1.8093346e-01  -1.5305404e-02
