   0.0000000e+00   2.2847564e-01  -1.6434233e-01   2.8825575e-02   1.7339299e-01  -9.9844496e-04  -1.7165405e-01  -1.6111960e-02   3.7428080e-01  -2.2610752e-01  -8.0771625e-02   1.2328328e-01  -1.4534518e-01   1.8997045e-01   1.4582945e-01  -1.9853792e-01  -2.8741706e-02  -2.2250545e-01   3.8484477e-02   2.9157994e-02  -3.5012117e-01   1.6184735e-02  -2.1213412e-01   7.3140693e-01   5.8202694e-02   2.8181692e-02   1.5549742e-01   1.1753036e-01   8.4189013e-02   2.2812190e-01   9.4364108e-02  -9.4175707e-02  -8.0654816e-03  -9.4464914e-02   1.7717474e-01  -2.8747088e-01  -4.0716333e-01   1.8890480e-01  -1.6274555e-01   1.0257083e-01  -4.1632690e-02  -1.0157105e-01   2.8802210e-01  -2.0603588e-01  -1.5643167e-01  -1.8286683e-01  -1.5069485e-01   1.8879960e-02  -5.0027996e-02  -8.1589966e-02  -8.0065261e-02   4.4185754e-02   2.1908987e-01  -1.7341646e-02   2.2841862e-01  -3.3171610e-01  -3.3343057e-02   2.0587573e-02   7.9287121e-02   1.4918259e-01  -4.8381894e-02   1.1248533e-02   4.0064966e-01   1.0246420e-01   1.5027269e-01   7.0616316e-02   1.3985211e-01   2.6697505e-01  -2.1998382e-01  -1.9380370e-01   1.0937731e-01   3.2068751e-02  -2.0958017e-02   1.1027482e-01   1.2460161e-01  -2.1100752e-01  -9.4906633e-02  -2.9168152e-02   1.8392717e-01   1.2002328e-01  -2.1575859e-01   8.7075347e-02  -7.1351176e-02   1.6739498e-01   2.7412640e-01  -3.0683922e-02  -5.9625372e-02   2.9005468e-01   1.8916253e-01   7.2267822e-01   1.7839911e-01  -1.2470375e-01   7.3421219e-03   2.8909346e-01  -1.2518364e-01  -5.3822260e-02   1.1110681e-01   4.0602593e-02   7.9393183e-02  -3.6332582e-01   1.2682944e-01  -1.8872439e-01  -3.8412739e-01   1.8637261e-01  -1.2093279e-01  -1.9497462e-02  -1.7909845e-01   4.3662842e-02  -2.9569418e-01  -3.3141276e-01  -2.7782258e-01  -1.1968653e-01  -1.3732713e-02   7.0057689e-01   3.0739771e-01   2.5961146e-01  -8.1996630e-02   1.7083378e-02  -2.9689817e-01   1.6105162e-02   2.0837680e-01   1.3925414e-01   9.0061967e-02   4.4309334e-02   3.4797550e-01   2.0033267e-01  -2.3565863e-01   2.4546588e-02  -1.0745979e-01  -1.7517725e-01  -1.6620595e-01  -1.5291733e-01   1.4700771e-01  -8.1452058e-02   2.5564499e-01   7.5820819e-02   1.0606875e-01  -2.5631589e-01   7.0499749e-02   4.9751246e-01   4.5548517e-01  -1.0747340e-01   1.2200532e-01  -2.0116199e-01  -2.5834680e-01  -2.0747002e-01  -1.2775160e-01   1.1878071e-01  -8.9520417e-02  -3.0998945e-01   1.8179356e-01  -2.9099294e-01  -1.6178811e-02  -2.4726862e-01   1.6311775e-01   6.7765294e-01   2.2027848e-01  -5.1684886e-03   6.0945029e-02  -2.5030095e-01   1.0758701e-01   1.8423451e-02  -1.9676933e-01  -1.0077259e-01   1.2906681e-01   1.0082163e-01  -3.0123800e-02  -1.0874510e-01   1.6694289e-01  -1.2924732e-01   2.5233370e-01  -1.7699616e-02   6.1471254e-02  -2.6796581e-01   1.8568456e-02  -1.9076585e-01   1.2455829e-01
   2.2847564e-01   0.0000000e+00   3.1416580e-01  -3.6645596e-01   6.2680771e-01   5.7131444e-01  -1.4959058e-01  -1.9207489e-01   6.7490292e-01   1.7303997e-01  -4.2629481e-01   7.4763823e-01  -6.9987611e-02  -3.3416097e-01   2.6718330e-01  -1.8111078e-01   4.2391314e-01  -5.0213095e-01   2.3919984e-01   4.5009642e-01  -7.5418022e-01  -2.6642895e-01  -5.6207727e-01   2.4007083e-01   3.5279208e-02  -1.9182963e-01   6.6032206e-01  -1.6618098e-01   2.4876739e-02   7.2084254e-01  -1.2417253e-01  -1.9983353e-01  -4.0372787e-01   2.6409672e-01   5.6798482e-01  -2.6685939e-01  -4.3314680e-01  -1.0342760e-02  -2.2554660e-01   7.0365392e-01  -4.9561793e-02  -1.6106114e-01   6.1440683e-01  -4.6828476e-01  -4.6011138e-01   2.2753641e-02  -4.0514945e-01   5.5800105e-01  -2.3282434e-01   3.1790372e-01  -3.5126036e-01  -3.7667724e-01   6.3549951e-01   7.3164672e-02  -3.3330327e-02  -5.8873840e-01  -9.1958885e-02  -3.7551025e-01  -6.0460105e-02   2.9574724e-01  -3.5992528e-02  -1.4873889e-01   5.8808062e-01  -1.7356246e-03   3.3748482e-01   4.3064589e-01   6.1610439e-01   2.6072688e-01  -3.2219909e-01   3.4631568e-01   7.8807422e-01  -3.6629163e-01   1.9480887e-01   7.5339313e-02  -1.2387938e-02  -3.9932803e-01  -4.9945135e-02   2.2442908e-02   6.7462664e-01   8.5608804e-02  -5.1764844e-01   1.2857894e-01   3.9954311e-02  -2.3576505e-01   5.7668739e-02  -2.8251842e-01   1.7761183e-02   6.0548210e-02   5.6655534e-01   2.0851998e-01   7.1161025e-01   2.7098156e-02   5.1201721e-01  -3.3199373e-02  -1.9114865e-01   3.4479244e-01  -1.4649795e-01  -5.2149878e-02   2.1656973e-01  -2.6799562e-01  -2.9388401e-01  -1.1109091e-01  -6.7373259e-01   1.8336221e-01  -4.5384325e-01  -2.8505638e-01  -1.6626477e-01  -1.1185900e-01  -4.9419356e-01  -3.9686451e-01  -1.4969752e-01  -2.4914324e-01  -4.1384303e-01   9.7624998e-02   1.1702963e-01   6.3640094e-01  -4.3482915e-01   2.1741334e-01  -3.1605961e-01  -3.1717568e-01  -3.3387058e-02   6.3543983e-01   5.8038820e-01   2.4494178e-01  -3.0583854e-02   4.1267111e-01  -1.8056069e-01   3.7575379e-02  -5.9118010e-01   4.2737871e-01   2.3984713e-02  -2.3262891e-01  -2.2329925e-01  -2.4083661e-01  -2.9346336e-02  -2.7018274e-01   1.5958811e-01  -5.0268326e-01  -2.0546212e-01   1.0284609e-01   1.8628548e-01   1.3124882e-01  -9.3810680e-02   6.8632326e-02  -5.1019425e-01  -6.0725522e-01   4.4839256e-01   4.8132696e-01   1.3872703e-01  -5.8598883e-01   9.7214146e-02  -7.0382805e-01  -8.8664644e-02   7.3992999e-02   7.2340499e-01   2.1174783e-01   1.8842801e-02  -1.0290802e-01   5.3535523e-02  -5.8501974e-01   1.3730198e-01  -8.0624197e-02  -2.3868103e-02  -4.9918999e-01  -1.3465356e-01   5.1692802e-01   3.1902429e-01  -3.9222365e-01   4.6376604e-02   8.6222605e-02   5.4711239e-01  -2.8600144e-01  -2.8048649e-01   2.3339462e-01   3.0018300e-02  -1.3117173e-01  -1.4394399e-01
  -1.6434233e-01   3.1416580e-01   0.0000000e+00  -3.1780713e-01   2.0485189e-01   4.9549789e-01   9.3522953e-02  -1.3568590e-01  -4.2129699e-02   1.9293253e-01  -4.1729498e-01   3.3599771e-01   8.3884921e-02  -2.5093544e-01  -1.8744584e-01   2.0753065e-01   8.4476781e-01  -2.7786407e-01   4.2958192e-02   3.6621159e-01  -3.4056314e-01  -4.3094591e-01  -4.0568532e-01  -1.0126429e-01  -5.1131905e-02  -1.6318870e-01   2.0017285e-01  -1.8452381e-01   4.7508956e-02  -6.4911300e-02  -4.8409463e-01  -6.5827121e-02  -1.7045659e-01   1.8854033e-01   6.4266088e-02  -5.0646317e-02  -1.8317312e-01  -1.1113975e-01   2.3915271e-03   6.1375088e-01  -5.9960690e-02   3.3180279e-01   6.9625667e-02  -1.6229690e-01  -2.3044633e-01   3.2607871e-01  -3.6756226e-01   2.1338139e-01  -3.7896866e-01   4.8090187e-01  -3.1069612e-01  -1.7221030e-01   9.6194193e-02   4.0436179e-01   3.6449085e-02  -1.4623246e-01  -2.5786276e-01  -2.7043918e-01  -1.3070402e-01  -8.2506134e-02   1.7307766e-01  -1.8885354e-01  -1.1688382e-02  -1.9858821e-01  -3.1339034e-01  -6.1549584e-03   3.4180349e-01  -1.5986920e-01  -1.6908005e-01   7.7208541e-01   3.5937646e-01  -4.3936922e-01   5.9909199e-02  -2.1864871e-02   1.3577648e-01  -3.1565779e-01   9.7816407e-02  -2.2152877e-01   2.8447534e-04  -1.5230774e-01  -2.8999374e-01   3.7246290e-02   2.2126099e-01  -2.8192623e-01   1.0047536e-01  -3.3012507e-01  -3.8003267e-01  -1.2261423e-01   1.2686795e-01  -1.3103481e-01   4.0515536e-02   5.9265921e-01   4.9370706e-01  -2.6652892e-01   3.9319032e-02   5.8970326e-01  -3.1197905e-01  -7.5977998e-02  -2.3853084e-01  -1.2780761e-02  -2.2132121e-02   9.0217623e-02  -2.6031317e-01  -3.2069893e-01  -3.5098779e-01  -2.3045570e-01   3.8162013e-01  -1.3353838e-01  -1.6047390e-01   1.3210773e-01   3.3525533e-01  -3.3451007e-01  -2.7031030e-01  -1.7356948e-01  -7.6362130e-02  -7.3056530e-02  -3.7908236e-01  -1.5230732e-04   2.0610347e-01  -3.0053467e-01  -8.0869724e-02   2.5259448e-01   3.6116046e-01  -2.8443340e-01  -1.4575984e-01   3.0422284e-02  -1.5492540e-01   3.1322967e-01  -3.4217002e-01   7.7317144e-01   6.4590930e-02  -2.1842237e-01  -2.8256004e-01  -3.7155461e-02  -1.1704184e-01  -3.1505098e-01   1.6544073e-01  -1.9534899e-02  -2.5517159e-01  -1.1612514e-01  -1.4945835e-01   1.2210496e-01  -2.7292961e-01   5.4294751e-01  -1.0649549e-01  -3.5360753e-01   6.5099153e-01  -1.1433084e-01   2.2476743e-01  -2.8899907e-01   1.8288716e-01  -2.4334616e-01   3.0632862e-02  -1.1550091e-01   4.9170914e-01  -1.5584939e-01  -9.3474387e-02  -1.5462100e-01   4.1422368e-01  -3.3869297e-01  -9.0722495e-02  -2.9100469e-01   1.7409840e-01  -3.0950612e-01  -2.4283283e-01  -8.4525858e-02  -2.5204297e-01  -2.5641395e-01  -5.8790633e-02   2.6432062e-01  -8.9118021e-02  -1.1573345e-02  -4.4427521e-01   5.1030888e-01  -1.6268689e-01   1.9844166e-01  -2.8789625e-01
   2.8825575e-02  -3.6645596e-01  -3.1780713e-01   0.0000000e+00  -3.0614251e-01  -3.0322570e-01  -1.6131601e-01   4.1613915e-01  -1.1613768e-01  -2.5429019e-01   3.1110102e-01  -3.8545258e-01   2.4253778e-01   2.3633876e-01  -1.7142480e-01  -2.3410148e-01  -2.4305854e-01   2.5972773e-01  -2.8083352e-02  -3.5697852e-01   4.0917696e-01   6.5730545e-01   3.4512472e-01  -1.1917419e-01   2.9059411e-01   4.4754079e-01  -2.3069529e-01  -4.8235080e-02   7.1138161e-02  -1.9071136e-01   4.0281045e-01   3.7107283e-01   2.3348313e-01  -3.8001893e-01  -3.7554412e-01  -1.2051459e-02   1.7242386e-01   1.3953964e-01  -4.4071307e-02  -3.6860931e-01   1.8612053e-01  -1.6399581e-01  -2.2375026e-01   4.6011040e-02   1.3748127e-01  -6.1262436e-02   3.6924028e-01  -3.4191753e-01   4.4124961e-01  -3.2927911e-01   4.3063476e-01   4.6618108e-01  -2.5076670e-01   1.1939996e-01  -1.0133195e-01   1.2270537e-01   1.0133219e-01   6.6872238e-01   4.8351704e-01  -1.0796018e-01   8.7031003e-02   1.1822313e-03  -9.2711136e-02   6.2681578e-02  -1.0674786e-01  -3.4528470e-01  -2.0343939e-01   2.4539139e-01   5.1812080e-01  -3.1942003e-01  -3.0517826e-01   6.3693769e-01   5.1207907e-02  -5.4705031e-02   2.3469712e-01   4.9956718e-01   9.4149331e-02   6.4208534e-02  -2.4115730e-01   5.6455518e-01   2.5688980e-01  -9.8909567e-02  -2.3395738e-01   3.4544400e-01  -1.2940030e-01   4.0714237e-01   5.6056743e-02  -1.6647415e-01   7.6673428e-02   5.1250300e-02  -1.6138092e-01   3.7878018e-02  -3.7450634e-01   4.0275417e-01   1.0863213e-01  -3.0514066e-01   5.9657874e-01   4.2140000e-01   2.7117245e-01   1.0017748e-01   1.7041886e-01  -1.0384067e-01   3.4607500e-01   1.0317602e-01   6.0641322e-01   6.4368273e-01   9.0491399e-02   5.4171690e-01   2.0924850e-01  -4.5296225e-02  -2.9472497e-01   4.6183993e-01   7.4755563e-01   2.1246531e-01   2.2468733e-02  -1.3686274e-01   2.9949248e-01   1.0089672e-01  -2.1557303e-01   8.0183623e-01   7.9503278e-02  -2.5033994e-01  -2.1866331e-01   4.0129715e-02   1.5719063e-01  -1.0469132e-01   1.8807922e-01   1.2387598e-01   7.0195060e-01  -3.9198632e-01   5.6541792e-02   5.7444883e-03   2.3877848e-01   4.6907647e-02   5.8766807e-01   4.4162909e-01   1.3535919e-01   1.0534887e-01   4.2683658e-01   1.3649895e-02   1.1333439e-01  -1.3144205e-01   3.7568669e-01  -4.3061198e-01   1.8137276e-01   4.3342063e-01  -4.4935368e-01  -2.2574064e-01  -4.6563266e-01   3.0105883e-01  -8.8128189e-02   2.9433671e-01   8.0615448e-03  -1.4744696e-01  -3.4461966e-01   7.2641598e-02   4.6407194e-02   4.8071386e-01   2.7622170e-02   3.3253914e-01   2.8403898e-01   2.8606907e-01  -1.9392702e-01   5.5027959e-01   6.0575749e-01  -1.3324193e-01  -1.4190560e-01  -9.5357784e-02   5.4206241e-02  -2.3117737e-01  -1.3592357e-01  -1.2570148e-01   5.6747423e-01  -4.1508416e-01   3.0464488e-01   1.8421515e-01   6.6896312e-01
   1.7339299e-01   6.2680771e-01   2.0485189e-01  -3.0614251e-01   0.0000000e+00   2.2614097e-01  -2.7974810e-01  -5.4627704e-02   5.2592016e-01   2.3838271e-01  -3.9042591e-01   6.1387155e-01   5.4605016e-02  -2.5574270e-01   1.5649562e-01   4.6078577e-02   3.0493846e-01  -4.1813882e-01   8.4731821e-02   7.8964709e-01  -6.3005139e-01  -3.2148512e-01  -5.6030492e-01   1.5173491e-01  -7.5167293e-02  -1.6083030e-01   5.2249530e-01  -2.8452594e-01   9.6585751e-02   4.8984843e-01  -1.0561392e-01  -1.7996079e-01  -2.7803969e-01   2.6030982e-01   3.9140659e-01   8.6131420e-02  -4.3561643e-01  -1.1062828e-01   3.5275128e-02   6.0232021e-01   8.0210509e-02  -1.1381447e-01   5.7159744e-01  -2.4469518e-01  -4.1601676e-01  -8.9363463e-02  -4.4516655e-01   4.3493447e-01  -3.3315926e-02   2.4157242e-01  -2.8247219e-01  -2.7169474e-01   6.4167441e-01   6.1465587e-02  -1.7349584e-01  -3.6409839e-01  -2.5342389e-01  -3.1673021e-01  -2.0232101e-02   8.7453871e-02  -2.4018508e-01   6.3412753e-02   6.0772299e-01   2.0728148e-02   1.8406531e-01   4.7963042e-01   3.5259314e-01   2.2178374e-01  -1.5474813e-01   1.0386119e-01   5.7174897e-01  -4.3212746e-01   2.2795338e-01  -2.6548255e-01  -2.6118081e-02  -3.0877339e-01  -2.3303783e-01   1.7294719e-01   7.9186860e-01   2.6535996e-02  -4.9295819e-01   2.3265069e-01   1.6618402e-01  -1.6483115e-01  -1.9767994e-01  -3.2405875e-01  -2.2910263e-01   3.2080890e-02   4.6739280e-01   2.2237692e-02   7.5332670e-01  -1.4349183e-01   5.7031757e-01  -5.6268152e-02  -2.4712113e-01   5.9282484e-01  -3.1683972e-03   7.7443910e-02   2.6751744e-01  -2.8326250e-01  -3.8544110e-01  -2.0847891e-01  -4.7828274e-01  -1.4600643e-01  -5.1411516e-01  -1.1751183e-02  -2.0956196e-01  -1.7379377e-02  -3.9139164e-01  -2.0762079e-01  -9.6863594e-02  -3.7995391e-01  -4.1646182e-01   4.6183754e-02  -1.3254626e-01   6.1135343e-01  -2.5641788e-01   1.8933416e-01  -2.2869029e-01  -4.7612826e-01  -2.4666828e-01   7.9992805e-01   5.9359593e-01   2.3687676e-01  -1.2385247e-01   8.2531034e-02  -2.9400674e-01   2.3363544e-01  -3.9924502e-01   2.0571063e-01   1.1087207e-01  -7.6692490e-02  -3.4706882e-01  -1.8509281e-01  -7.9523605e-02  -2.5477516e-01   3.8294149e-01  -4.8334318e-01  -3.0041322e-01   1.1075923e-01  -3.4196459e-02   3.7785841e-01  -1.1778850e-01  -2.6123419e-02  -6.0215699e-01  -5.2349151e-01   2.4738293e-01   6.2783928e-01   2.5286846e-01  -4.7875086e-01  -1.9462693e-01  -5.0753256e-01  -3.1539783e-01   8.8249892e-02   6.8485724e-01   8.7983667e-02  -1.8353412e-01  -9.0924193e-02  -1.0285146e-01  -4.5673730e-01  -1.0645878e-01  -7.5545290e-02   2.7696192e-01  -5.2165913e-01  -7.0433655e-02   4.8392909e-01   2.3592451e-01  -2.0969520e-01  -1.6471670e-01   1.8875108e-01   5.6964818e-01  -2.9550996e-01  -3.4369393e-01   2.0873688e-01   1.1735530e-01   7.1598645e-02  -1.6505627e-01
  -9.9844496e-04   5.7131444e-01   4.9549789e-01  -3.0322570e-01   2.2614097e-01   0.0000000e+00   2.2807332e-01  -2.6586893e-01   2.0688689e-01   2.9467468e-01  -1.4683487e-01   5.1560420e-01   1.3993519e-01  -4.6386963e-01   3.1075521e-01   1.5154639e-01   3.7312769e-01  -2.1851223e-03   3.8235284e-01   3.4131770e-01  -3.6539752e-01  -1.6926304e-01  -1.6994632e-01   1.5828214e-02   1.3912025e-01  -1.0332887e-01   5.6098880e-01  -1.4698046e-01   5.3371042e-02   4.1514776e-01  -3.3136547e-01  -4.0253365e-02  -3.3237918e-01   3.7070450e-01   5.0267171e-01   8.2128317e-02  -3.3387377e-02  -5.3205414e-02  -2.6517892e-02   5.4106780e-01  -5.7771586e-02  -2.5729117e-02   2.9610965e-01  -4.2060927e-01   1.9110130e-02   1.5615542e-01  -3.5207600e-03   3.5407950e-01  -2.7965905e-01   2.7213377e-01   5.4809629e-02  -3.5801775e-01   1.5993423e-01   1.3446167e-01  -1.7384511e-01  -3.7212925e-01   1.5333614e-01  -1.6419727e-01  -5.4648185e-02   5.4550995e-01   1.9287608e-01   5.7457115e-02   6.1692637e-02  -2.0779210e-01   1.9059279e-01   3.6631525e-01   7.3010356e-01   2.9795410e-03  -9.0719388e-02   6.3700237e-01   4.3380201e-01  -1.5471655e-01   5.5930144e-02   1.8366464e-01  -1.1351370e-01  -2.7569229e-01   8.2184698e-02  -1.7348279e-01   3.4831515e-01  -1.9605066e-03  -2.7885144e-01  -1.1370257e-01   4.1504167e-02  -3.7716597e-01   1.6426384e-01  -1.7014650e-01   3.3754486e-02  -1.6473735e-01   2.8045033e-01  -1.3977575e-02   2.3435504e-01   2.8267272e-01   2.8616219e-01   3.2693731e-02  -1.0841445e-01   3.6938389e-01  -1.2572197e-01  -7.0961064e-02   5.6417194e-02   7.3306071e-02  -2.4810548e-01   2.2351359e-01  -3.6268737e-01   2.0374469e-01  -1.1425055e-01  -1.9300564e-01   1.4332727e-01  -4.9807428e-02  -2.0802954e-01  -9.1381762e-02   1.6473060e-01   7.1521436e-02  -2.1933156e-01  -1.4358366e-01   8.3583005e-02   2.7757253e-01  -4.9627151e-01   3.6391655e-01  -1.6624480e-01  -1.5817904e-01   4.7196095e-02   2.8780466e-01   3.9482463e-01   1.7301144e-01  -5.9846056e-02   4.8950708e-01   2.5620290e-01   1.1143593e-01  -4.8037475e-01   6.0920093e-01   1.5833042e-01  -1.3470728e-01  -1.7337739e-01  -1.1776760e-01  -1.5632879e-01  -2.7490243e-01   3.7115660e-02  -2.8694109e-01  -2.7226828e-02   2.3627451e-02   1.4870312e-01   1.2201440e-01   1.5077463e-01   2.2277430e-01  -1.3154260e-01  -4.2949734e-01   4.3167865e-01   1.9934586e-01   3.8288386e-01  -2.1649450e-01   2.2421132e-01  -5.0241577e-01   1.3065207e-01   3.0090240e-02   3.6708170e-01   2.3554093e-02   1.1197254e-01  -3.0692904e-02   2.3268238e-01  -4.2326813e-01   3.2503559e-02   1.7783005e-01  -4.1129449e-02  -1.5748449e-01  -3.5414785e-02   2.8464056e-01   2.8659031e-01  -4.1473819e-01   2.4497093e-01   8.9506669e-03   2.8917580e-01  -2.8358065e-01  -1.8355368e-01   2.5621885e-01  -2.4983952e-01  -6.3149737e-02  -3.8910177e-01
  -1.7165405e-01  -1.4959058e-01   9.3522953e-02  -1.6131601e-01  -2.7974810e-01   2.2807332e-01   0.0000000e+00  -2.2109526e-01  -2.6100257e-01   4.6779394e-01   2.1185674e-02   2.3724547e-01   6.1044169e-02  -1.6573786e-01  -9.4377571e-02   1.6517372e-01  -1.0954437e-01   2.5083483e-01  -4.2932884e-02   8.5153261e-02   1.0132427e-01  -1.0359083e-01   1.2186776e-01  -1.9320568e-01  -1.2754996e-01  -1.1886333e-01  -1.5983758e-01   6.4645481e-02  -5.6128645e-02  -5.8295939e-02  -1.4550747e-01   2.2388617e-02  -1.0661175e-01   6.1950686e-01  -5.1916082e-02   1.5422686e-01   2.1556331e-01  -2.3140893e-01   1.6469704e-02  -4.3595285e-02  -6.2881431e-02   2.6057159e-02  -2.0491590e-01   8.2805191e-02   4.0567189e-01  -1.7541008e-01  -9.1644582e-02   3.5218023e-01  -3.0471904e-01  -1.1555915e-02   3.4644030e-02  -1.7272054e-01  -4.9276254e-02  -1.7585883e-01   1.9801432e-02   2.4648546e-01  -9.3504120e-02  -2.1184970e-01  -9.6708921e-02   7.1644330e-02  -1.7792508e-01   1.7172489e-01  -3.8811011e-01  -2.1779169e-01  -3.1672726e-02   2.6214382e-01  -1.6436565e-01  -2.5582959e-01  -2.1902147e-01   1.6833928e-01  -8.0050907e-02  -1.5662441e-01  -1.1520929e-01  -1.6875116e-01  -2.3526973e-01   1.2400291e-02  -1.5876932e-01  -2.2406429e-01  -1.0519089e-01  -2.3635368e-01   3.7745570e-01  -2.5162183e-01   3.4979676e-01  -3.4341494e-01  -2.1745618e-01  -5.8239804e-03   4.4013155e-02  -6.4184850e-02  -2.2274793e-01  -3.1008007e-01  -3.3277395e-01  -2.0859293e-01   8.0727930e-02   2.3136473e-02  -1.8314525e-01   7.1354425e-02  -2.3834339e-01  -1.9153157e-01  -2.4470575e-01   5.6081605e-01  -2.1341028e-02   5.0931907e-01   2.5566081e-01  -1.6992091e-01   1.8663766e-01  -5.9812108e-02  -4.6783705e-02  -1.9253883e-01   4.2469330e-01   2.4906982e-01   7.4171853e-01   4.2575995e-02  -1.0005013e-01  -1.0748712e-01  -1.9126473e-01  -1.5809167e-01  -2.0476548e-01   1.7049175e-02   2.9154410e-01  -1.6474631e-01  -2.4238411e-01  -1.5721184e-01  -2.5141066e-01  -2.0100092e-01  -2.2982298e-01  -2.5729004e-01   2.7124767e-01  -1.2162638e-01  -1.1290678e-01  -2.4318667e-02  -2.1060318e-02   4.4661679e-01  -3.0138023e-01   2.3539780e-01  -3.3323739e-01  -9.9023722e-02  -3.2132593e-01   4.4892690e-01  -1.7640139e-01  -1.4862235e-01  -2.6109404e-01  -1.8972525e-01  -7.6144734e-02   5.2287730e-01   5.4934141e-01   2.0177757e-01   4.2838161e-01  -2.6117419e-01   4.2298957e-01   2.7500826e-01  -1.3738640e-01   2.5285441e-01  -1.9004793e-01  -1.9413489e-01  -1.4767405e-01  -3.0538581e-01  -1.5737216e-01  -1.1446388e-01  -1.9265930e-01   3.0026218e-01  -2.0405915e-01  -1.9777965e-02   1.5191475e-01   6.4807142e-02  -1.2551671e-01   1.1995427e-01  -1.4737103e-01  -4.2177173e-02  -2.0119806e-01   1.3889356e-01  -1.5341178e-01  -1.1186257e-01  -1.9299167e-01   1.2826080e-01  -1.7810428e-01  -1.0939462e-01  -2.6262753e-01
  -1.6111960e-02  -1.9207489e-01  -1.3568590e-01   4.1613915e-01  -5.4627704e-02  -2.6586893e-01  -2.2109526e-01   0.0000000e+00   2.9952634e-02  -6.6849623e-02   9.9261125e-02  -1.4199707e-01  -5.6886252e-02   8.3108206e-02  -2.0626350e-01  -1.9925744e-01  -9.3439342e-02  -7.5566973e-02   5.4174992e-02  -1.5673528e-01  -2.4643592e-02   2.9311385e-01   7.7587351e-02  -1.2230731e-01   3.9257833e-02   5.2738223e-01  -4.2123991e-02  -8.5835482e-02  -2.6607576e-01  -9.8235531e-02   1.3605433e-01   1.6221486e-01   1.1318566e-01  -2.9057610e-01  -2.6730683e-01  -2.0445085e-01  -7.4184146e-02   1.8129295e-01  -9.3693273e-02  -2.1418583e-01  -1.0805862e-01  -5.1282279e-02  -5.9020173e-02  -1.0073494e-02  -1.8604140e-01   1.0233039e-01   1.7774274e-01  -2.4228466e-01   1.7151388e-01  -3.4273715e-01   6.8857393e-02   7.5485912e-01  -9.9491227e-02   1.1196473e-02  -1.8902377e-01  -1.3771774e-01   7.5214791e-02   4.5494459e-01   2.2681223e-03  -1.3342203e-01   3.2186797e-02  -2.9202884e-01   9.2681247e-02   9.3494049e-02  -9.9652223e-02  -1.3109539e-01  -7.1215446e-02   9.8320912e-02   2.2805072e-01  -9.3437587e-02  -1.4321731e-01   3.1532635e-01  -9.2549510e-02  -2.1967259e-02   1.7339158e-01   2.1587424e-01   5.3704901e-02  -2.3474249e-02  -1.1714228e-01   1.6786439e-01   4.9619376e-02   6.6181483e-02  -3.1809029e-01   3.1602271e-01  -2.1318599e-01   3.1637525e-01  -2.3798307e-01  -1.3074795e-01   7.2472258e-02   4.0213282e-02   4.8157124e-02  -8.8962000e-03  -1.0169473e-01   7.5297165e-02   1.6730301e-01  -1.8921817e-01   1.8331811e-01   6.0009696e-01   7.8591544e-02  -4.6006547e-02   9.7653271e-02  -2.0277185e-01  -4.8321120e-03  -4.2244309e-02   3.1222520e-01   4.6214252e-01  -1.2666637e-01   5.9300219e-01   1.1683861e-03  -2.8043550e-01  -2.6669583e-01   1.7469580e-01   3.9801065e-01   9.5282070e-02   2.1637661e-02   9.6783601e-03   1.8434168e-01  -1.2550383e-01  -3.5121131e-01   3.3594132e-01   1.1033725e-01  -1.1516240e-01  -2.0709173e-01  -3.5493473e-02   1.0273611e-01  -9.9981468e-02  -1.8949390e-01  -6.3575188e-02   4.5976891e-01  -2.0570919e-01  -1.2315373e-01  -1.7421353e-01   6.6017629e-02  -1.3653538e-01   1.8656233e-01   5.7627000e-01   9.7816274e-02  -1.0542380e-01   5.4013764e-01   1.7072399e-01  -1.8555287e-02  -1.7161528e-01   3.2541040e-01  -3.0681355e-01  -2.1645859e-02   3.5575379e-02  -1.6310401e-01  -4.2843685e-02  -3.5570231e-01  -1.5082179e-01  -2.1604190e-02   3.1320823e-02  -1.3223742e-02  -3.2813288e-01  -9.3656604e-02   8.7121520e-02   1.2325431e-01   1.1186458e-02  -6.4017523e-02   1.9910855e-01   5.8448076e-02   7.0413344e-02  -2.1633036e-01   3.3651148e-01   3.3340629e-01  -2.5600864e-02  -1.6589544e-01  -2.0939739e-01  -4.6827036e-02  -2.2857522e-01   8.1942669e-03   1.0250279e-01   3.7990906e-01  -3.2082322e-01   6.1839139e-02   9.5715386e-02   3.1739471e-01
   3.7428080e-01   6.7490292e-01  -4.2129699e-02  -1.1613768e-01   5.2592016e-01   2.0688689e-01  -2.6100257e-01   2.9952634e-02   0.0000000e+00   2.3393931e-02  -5.0910021e-02   6.2145379e-01   1.6468076e-02  -3.2420238e-01   4.3530680e-01  -2.3349778e-01   5.5344168e-02  -3.1251234e-01   9.1811432e-02   3.6389092e-01  -6.7061578e-01  -7.5612543e-02  -4.1099095e-01   2.3635352e-01   7.9891232e-02  -7.5692661e-02   5.7501785e-01  -1.8801253e-01  -4.2373089e-02   8.5896666e-01   2.8629642e-01  -1.5676320e-01  -3.0761333e-01   7.5291327e-02   5.7391176e-01  -1.6091966e-01  -5.0129476e-01   1.3309309e-01  -2.0010952e-01   3.5023029e-01   1.5306915e-01  -3.0033046e-01   7.2582311e-01  -3.5325009e-01  -2.7453374e-01  -5.9432145e-02  -2.7442374e-01   4.1335227e-01  -7.1895194e-02  -3.9402796e-02  -1.5147252e-01  -1.2402899e-01   6.3728990e-01  -1.9434367e-01  -5.2956595e-02  -5.9777530e-01  -1.0745007e-01  -2.0940479e-01   1.7668418e-01   3.1591858e-01  -1.0005361e-01   2.0488657e-02   8.6695832e-01   4.3214621e-01   6.4064900e-01   5.4749877e-01   3.5183797e-01   4.2770620e-01  -1.7979136e-01   4.0325454e-02   5.3181361e-01  -2.0181424e-01   3.3523683e-01   1.4714250e-02   1.4038710e-02  -1.9500735e-01  -2.0708535e-02   1.2164118e-01   6.8372883e-01   2.3775030e-01  -5.1892760e-01   1.1543455e-01  -1.7045189e-02  -1.2633343e-01  -5.0122412e-02  -1.0997856e-01   9.7959745e-02  -9.8171963e-02   5.7791714e-01   3.6408700e-01   7.3082552e-01  -1.3958238e-01   2.6908696e-01   3.7001949e-01  -1.0700277e-01   1.6846391e-02   6.5456456e-02   1.3136123e-01   4.6893684e-01  -2.1434327e-01  -2.4827768e-01  -8.3112269e-02  -7.0953427e-01   2.9974067e-01  -3.2044468e-01  -2.2202920e-02  -3.4230914e-01   1.3198656e-01  -3.7427963e-01  -6.5939241e-01  -3.8189363e-01  -2.0278022e-01  -2.5903057e-01   2.7785423e-01   1.3666403e-01   7.3613702e-01  -2.8641460e-01   3.2540716e-01  -6.2899046e-01  -2.0949709e-01   8.1633918e-03   5.6041421e-01   4.9288106e-01   6.0932021e-01   1.3414597e-01   2.3458087e-01  -1.4157256e-01   1.2688360e-02  -2.8025510e-01  -5.0393072e-03   1.7676159e-01   1.1713426e-01  -2.5054293e-01  -2.7451559e-02   2.0769072e-01   3.6501054e-02   2.5779582e-01  -5.3225353e-01  -5.5047982e-02   2.2843448e-01   2.9405983e-01   1.2236145e-01   1.6204367e-01  -2.5785318e-01  -4.4624738e-01  -4.8172490e-01   1.3892059e-01   6.6413131e-01  -6.9057329e-02  -5.3091148e-01  -2.6109977e-03  -7.0316150e-01  -2.3574189e-01   1.0278677e-01   4.8370268e-01   3.6542959e-01   2.0563696e-02  -1.9172620e-02  -9.7616579e-02  -4.8790578e-01   1.7436192e-01   6.8411747e-02  -1.5418089e-02  -2.8131727e-01   1.1896556e-01   6.1089385e-01   3.9902373e-01  -4.0609873e-01   8.3270202e-03  -2.0177675e-01   6.7876388e-01  -3.1567123e-01   8.7064609e-02  -1.3429654e-01   1.1362868e-01  -2.2117410e-01   1.4804317e-01
  -2.2610752e-01   1.7303997e-01   1.9293253e-01  -2.5429019e-01   2.3838271e-01   2.9467468e-01   4.6779394e-01  -6.6849623e-02   2.3393931e-02   0.0000000e+00  -3.3706434e-01   4.8922391e-01   5.5351169e-02  -4.5098912e-01  -9.5279160e-02   2.1517800e-02   6.8526764e-02  -1.5626728e-01  -1.2812288e-01   3.8528215e-01  -2.2745332e-01  -3.0069670e-01  -2.2088382e-01  -2.0633388e-01  -6.2297600e-02  -2.0552342e-01   8.5018810e-02  -3.1928238e-01   3.9633207e-02   8.0005226e-02  -4.3078555e-01  -9.0953738e-02  -2.9935191e-01   6.8346573e-01   1.3802664e-01   1.3348197e-01   6.0697529e-02  -8.7459701e-02  -8.8440049e-02   2.2084956e-01  -5.2208064e-02  -7.8680438e-02   2.5718973e-01  -1.0885723e-01   5.2410995e-02  -2.5131373e-02  -3.3117273e-01   4.0413185e-01  -1.5161077e-01  -2.8611488e-02  -2.3912101e-01  -1.9617586e-01   1.9830757e-01  -9.9911335e-03  -2.5559500e-01  -2.4474971e-02  -1.7753064e-01  -2.6072261e-01  -1.4402266e-01   5.5700250e-02  -1.4896112e-01   1.8785929e-01  -3.1801726e-02  -3.6892261e-01  -4.8935328e-02   5.8397437e-01   6.3968187e-02  -2.3890154e-01  -2.7166526e-01   2.3961946e-01   2.3914552e-01  -2.4729594e-01   2.7804184e-02  -3.3062410e-01   3.3602876e-03  -2.4552969e-01  -2.0400973e-01  -5.6577455e-02   2.5869793e-01  -2.5578788e-01  -1.4899863e-01  -2.2006339e-02   1.8040840e-01  -3.8961961e-01  -3.1198532e-01  -2.7615740e-01  -2.9271599e-01  -2.3002334e-01   7.1906742e-02  -3.9637954e-01   9.8716977e-02  -1.0119065e-01   4.0036121e-01  -1.3903862e-01  -4.6321824e-02   3.2588900e-01  -1.5075236e-01  -2.7646187e-02  -1.2248619e-01   4.4180165e-01  -2.1421190e-01   2.4323681e-01  -1.6472529e-01  -3.4654840e-01  -2.2982553e-01  -7.5366918e-02   8.9480235e-02  -1.4160752e-01   2.6658686e-01   8.5843884e-02   5.2834956e-01  -2.7152149e-01  -1.8992464e-01  -2.0978067e-01  -3.4709075e-01   8.5390518e-02  -3.0164058e-01   5.0797207e-02   7.1236895e-02  -3.8951611e-01  -3.0444487e-01   2.1990942e-01   1.9004234e-01  -1.4241373e-01  -2.0742853e-01  -1.8212684e-01  -2.8142325e-02   2.2261819e-01  -1.7573969e-01   1.8682489e-01  -2.2649338e-02   4.8142618e-02  -4.2464071e-01  -1.6013650e-01  -1.5998880e-01  -2.4604192e-01  -1.1908193e-01  -6.5228482e-02  -2.6796109e-01  -7.5693497e-02  -2.7302019e-01   2.3106586e-01  -1.8840952e-01   3.2102947e-01   6.1917196e-03  -2.5527006e-01   4.4959807e-01   1.0403494e-01   4.7272365e-01  -4.9590762e-02  -2.6254027e-01  -1.8529448e-01  -2.0715186e-01  -2.1917543e-01   2.4487899e-01  -2.1431921e-01  -2.0551699e-01  -1.7706383e-01  -1.4695412e-01  -1.7979571e-01   3.9944719e-02  -5.2105356e-02   3.0417781e-01  -3.3618733e-01  -2.3379101e-01   3.2871918e-01  -7.1815328e-02  -2.6637262e-01  -1.9422655e-01   1.7762057e-01   1.1639240e-01  -2.7035645e-02  -3.4737755e-01   2.6701476e-01  -2.5462672e-01   4.5729547e-02  -3.0475829e-01
  -8.0771625e-02  -4.2629481e-01  -4.1729498e-01   3.1110102e-01  -3.9042591e-01  -1.4683487e-01   2.1185674e-02   9.9261125e-02  -5.0910021e-02  -3.3706434e-01   0.0000000e+00  -4.0780031e-01   2.8149499e-01   2.2840608e-01   3.4001565e-01   6.7348696e-02  -4.9582989e-01   6.7184270e-01   3.0937716e-01  -2.8504977e-01   4.3791254e-01   5.1290651e-01   6.0885074e-01  -1.0308667e-02   3.1326248e-01   3.4520895e-01  -1.6628984e-01   3.5096233e-01  -1.5214214e-01   3.1381161e-02   4.9036450e-01   2.6884359e-01   1.3558796e-01  -4.0384889e-01  -3.7458160e-02   4.1446003e-01   1.4209219e-01   1.3691099e-01   4.9634070e-02  -5.4455725e-01   2.0629137e-01  -1.8514918e-01  -3.1300002e-01   3.8937254e-01   6.1965513e-01   8.8571665e-02   6.5929499e-01  -4.3944528e-01   2.1606809e-01  -3.1912811e-01   6.1681883e-01   2.6273696e-01  -4.4958391e-01  -2.0032745e-01  -4.6830007e-02   2.6865824e-01   4.1452807e-01   4.1008274e-01   2.8765046e-01   3.1864791e-01   1.8714590e-01   3.9496610e-01  -1.1421681e-01   6.2711423e-01   2.4097563e-01  -1.1462418e-01  -1.2322062e-01   1.1962653e-01   5.1994337e-01  -1.8576037e-01  -5.8659498e-01   5.2520254e-01  -7.9525859e-02   2.8700895e-01  -2.5972572e-02   5.1867363e-01   3.0946754e-01   1.0834904e-01  -2.5401115e-01   2.5849041e-01   4.3979590e-01  -3.9499360e-01  -2.0986619e-01   3.8754901e-01   1.6935779e-01   5.3598060e-01   1.6633517e-01  -9.3422868e-02  -2.8319378e-03   1.3909902e-01  -2.8272035e-01  -6.2335285e-02  -5.9021735e-01   4.9801929e-01   1.8018938e-01  -4.9097063e-01   2.3857515e-01   1.8088322e-01   2.7990168e-01   1.2313352e-01   2.1354798e-01   4.0550485e-01   3.0860824e-01   4.8656596e-01   6.8736659e-01   3.2062220e-01  -2.0173131e-01   3.5302954e-01   1.3957347e-01  -1.6685540e-01  -2.6856155e-01   5.1185429e-01   3.1594228e-01  -3.0774310e-02   3.2736244e-01  -1.7701650e-01   3.4901808e-01   3.3384233e-01  -2.3782018e-01   3.8756362e-01   3.6142465e-01  -2.9004876e-01  -3.0556873e-01   4.4595459e-01   3.0188591e-01   4.3166021e-02   4.8120812e-01  -2.0111381e-01   4.1299147e-01  -3.7610053e-01   1.7702809e-01   3.8722152e-01   4.0001302e-01   2.1597875e-01   1.2372407e-01   5.1646871e-01  -3.5650493e-02   1.5186985e-01   5.2505270e-01  -1.8498771e-03   2.7988463e-01  -1.6671771e-01   6.0077459e-01  -3.6781742e-01   4.7622416e-01   4.1454567e-01  -5.3301197e-01  -1.4414174e-02  -2.4493089e-01   2.2850111e-01   1.8688819e-01   2.2216996e-01   1.2715864e-01   2.7900715e-01  -5.6484499e-01   1.2323552e-01   2.7045787e-01   3.9366036e-01   4.7922529e-02   4.6651151e-01  -1.0652923e-01   6.0207723e-01  -2.2460233e-01   7.5404729e-01   3.5187696e-01  -1.5531568e-01   3.8320277e-01   2.8721899e-01   3.1124591e-01  -4.7102299e-01  -6.5262828e-03  -1.6201550e-01   7.0165793e-01  -4.3954738e-01   2.0904832e-01  -2.2387998e-01   3.1625269e-01
   1.2328328e-01   7.4763823e-01   3.3599771e-01  -3.8545258e-01   6.1387155e-01   5.1560420e-01   2.3724547e-01  -1.4199707e-01   6.2145379e-01   4.8922391e-01  -4.0780031e-01   0.0000000e+00   3.9611446e-02  -5.6858789e-01   1.8941135e-01  -1.1655851e-02   3.2972322e-01  -4.6211026e-01   7.1740932e-02   6.5053523e-01  -7.8904902e-01  -3.8771280e-01  -5.9647308e-01  -5.5336063e-04  -9.5840585e-02  -2.7109801e-01   5.9830402e-01  -3.6685138e-01  -3.9445394e-02   6.5125588e-01  -2.2975637e-01  -2.0381994e-01  -3.7205485e-01   5.8488573e-01   5.7767870e-01  -1.0244550e-01  -4.1007881e-01  -1.6608763e-01  -1.2252400e-01   6.8753326e-01   7.2056180e-02  -6.9105147e-02   6.9061563e-01  -4.4430175e-01  -3.0193372e-01  -1.8502667e-01  -5.0745712e-01   6.8088272e-01  -3.7800780e-01   2.2000793e-01  -3.3662449e-01  -3.8961138e-01   6.8979285e-01  -1.6023976e-02  -1.9245645e-01  -5.3508756e-01  -2.6454834e-01  -4.6799368e-01  -1.8794278e-02   2.5681980e-01  -3.1572335e-01   7.1603118e-02   5.5752947e-01  -7.3388340e-02   3.0942747e-01   6.8943849e-01   3.7944272e-01   1.0454735e-01  -3.0604238e-01   3.0584012e-01   7.2892506e-01  -5.0670210e-01   2.9880788e-01  -2.6048516e-01  -1.2283936e-01  -3.1918135e-01  -2.9929172e-01   3.3729328e-02   7.4645370e-01   5.9356194e-02  -4.8553739e-01   7.8310696e-02   1.8599156e-01  -4.5865611e-01  -3.3381989e-01  -2.2504530e-01  -1.5178509e-01  -1.8168048e-01   3.9493584e-01  -7.7201042e-02   6.7034116e-01  -1.6605752e-01   7.1560100e-01   9.7829247e-02  -3.7932970e-01   3.8212782e-01  -1.3703849e-01   1.3616489e-02   2.2817225e-01   6.4313612e-03  -5.1571963e-01   2.0717075e-02  -6.5648337e-01  -4.9174325e-02  -4.8478123e-01  -1.9074899e-01  -1.4518550e-01  -3.0083098e-02  -1.9424239e-01  -3.6766239e-01   1.9114979e-01  -3.5412753e-01  -5.1161190e-01   2.3944070e-03  -2.2659645e-01   6.6911978e-01  -4.8787177e-01   2.6591813e-01  -3.1647015e-01  -4.8054273e-01  -3.6465610e-01   6.9662380e-01   5.5243512e-01   1.9852422e-01  -2.1423324e-01   7.5995188e-02  -1.8558178e-01   1.4971745e-01  -5.5733178e-01   2.8528881e-01   1.4631296e-01   7.1953231e-02  -5.7600498e-01  -1.4023677e-01  -1.4082885e-01  -1.7683562e-01   2.7106203e-01  -4.4763271e-01  -3.2255877e-01  -1.5840250e-02  -1.0866593e-01   1.0545477e-01  -6.6254877e-02   2.3132568e-01  -3.3612117e-01  -5.6870214e-01   6.7521431e-01   4.5274921e-01   3.2845325e-01  -5.5163298e-01  -2.7717183e-01  -6.4461609e-01  -3.9368218e-01  -1.1834616e-01   7.1743068e-01   3.4836457e-03  -2.6616191e-01  -1.1352352e-01  -2.0356413e-01  -5.1345252e-01  -8.8815495e-02  -3.9936273e-02   1.2040035e-01  -4.8115988e-01  -8.0999653e-02   7.4945915e-01   2.2501693e-01  -4.9728219e-01  -2.9699351e-01   1.2887901e-01   6.3068546e-01  -4.0125478e-01  -3.4681840e-01   2.3498892e-01  -1.0149452e-01  -1.1374570e-01  -2.3913605e-01
  -1.4534518e-01  -6.9987611e-02   8.3884921e-02   2.4253778e-01   5.4605016e-02   1.3993519e-01   6.1044169e-02  -5.6886252e-02   1.6468076e-02   5.5351169e-02   2.8149499e-01   3.9611446e-02   0.0000000e+00   2.7176458e-02   9.2180177e-02  -3.5697577e-02   2.3934390e-02   2.4548563e-01  -4.8889111e-02   2.7440766e-01   1.6989477e-01   8.6691522e-02   5.7606881e-02  -1.8203935e-01   2.0497830e-01   1.2696229e-01  -3.2409714e-03  -1.1504753e-01  -7.6091369e-02   1.1188751e-02   7.0123668e-02   2.3547494e-01  -1.6942996e-01   5.0278843e-02  -3.3848065e-02   4.1943494e-01  -6.7832103e-02  -8.7348322e-02   5.0166331e-02  -1.1810315e-01   6.4101537e-01  -2.9606077e-01  -1.7329637e-02   1.4901570e-01   2.3121404e-01  -5.3283184e-02   6.5756670e-02   1.1773485e-02   2.3405459e-01  -2.3623559e-01   3.0115450e-01  -1.0841484e-02  -4.4590157e-02   2.4695204e-01  -2.5071687e-02   1.2647315e-01   1.4184165e-01   2.8784076e-02   5.0750990e-01   1.5636294e-01  -3.5181830e-02   3.6225645e-01   1.0478148e-01   1.7369572e-01  -4.4676006e-02   2.0719763e-02   7.2333620e-02   2.4151704e-01   2.4371379e-01   4.7172018e-02  -6.0275112e-02   1.2505281e-01   4.2800853e-01  -2.0923071e-01   2.6005855e-01   3.3502327e-01   6.5874796e-03   1.3196040e-01   4.9977410e-02   4.5675097e-01   5.4599810e-02  -9.4417463e-02   1.5693988e-01   5.5964949e-03  -1.7483219e-01   2.3685125e-01  -2.1305798e-02  -2.0180246e-01   2.0036900e-01  -1.4989541e-01   2.4746107e-02   1.0125481e-02   5.8161847e-02   4.0724437e-01  -5.8278196e-02   3.1907929e-01   4.5406364e-01   1.4238207e-01   3.9162357e-01   1.6509265e-01   1.1688131e-02   1.6290131e-01   1.6533548e-01  -2.5251300e-02   2.1398596e-01   4.0180569e-01   1.0871051e-01   1.5690640e-01   4.6289878e-02   1.4661945e-01   9.7578753e-02  -4.1895269e-02   1.5350240e-01  -8.0877034e-02  -1.0812440e-01   7.1732139e-02   1.5724972e-02   6.2335626e-01   5.3524641e-02   2.1422161e-01  -1.3481475e-01   8.7215941e-02   2.6005857e-01   1.2800896e-01  -5.5596361e-02  -1.7551720e-01   1.9181696e-01   2.7467570e-01   2.2522086e-01  -4.9574110e-02   6.2802772e-01   2.9654139e-01  -3.3312347e-02   1.1543533e-01   5.9691614e-02   2.0494398e-01   1.3920784e-01   1.0128204e-01   6.9096519e-02  -2.4805104e-01  -4.3263573e-02   4.7191579e-01   1.7709559e-01   4.3233530e-02   1.0415270e-01   2.2575591e-01   1.9601111e-02   6.5303288e-03   1.2633326e-01   1.2057974e-01  -9.5236342e-02   7.5339629e-02  -2.0318712e-01   1.8542725e-01  -4.4800932e-02  -2.0913540e-01  -1.5412827e-01   4.7701936e-01  -1.1739037e-02   6.0422973e-02   1.1775279e-01   2.5545607e-01   2.6843047e-01   2.5267250e-01   3.3905844e-01   4.4655752e-02   8.7564535e-02  -2.4372085e-02  -7.6498618e-02   5.7780886e-02   7.9028367e-02  -4.0562045e-01   1.9125965e-01   9.9513250e-02   1.4214939e-01   1.6998796e-01   2.8205219e-01
   1.8997045e-01  -3.3416097e-01  -2.5093544e-01   2.3633876e-01  -2.5574270e-01  -4.6386963e-01  -1.6573786e-01   8.3108206e-02  -3.2420238e-01  -4.5098912e-01   2.2840608e-01  -5.6858789e-01   2.7176458e-02   0.0000000e+00  -1.5238001e-01   2.0144515e-02  -1.5223432e-01   2.2445830e-01  -9.2042070e-02  -3.4303364e-01   4.3623425e-01   2.1547697e-01   2.2926722e-01   3.5713505e-01  -1.8009834e-02   2.1787607e-01  -4.5634501e-01   6.1098092e-01   2.2402847e-02  -4.0865748e-01   3.7262073e-01   3.5630502e-01   1.9819607e-01  -3.8833674e-01  -4.5538988e-01  -9.2472605e-02  -8.9453316e-03   1.1480806e-01   1.2277421e-01  -3.5603576e-01   8.1024432e-02  -3.0466029e-02  -5.5985039e-01   5.0623491e-01   9.2199278e-02   4.9312473e-02   6.9213649e-02  -4.2816280e-01   3.0377664e-01  -4.0191081e-02   5.6321890e-02   2.4477915e-01  -2.8747554e-01   3.4737342e-02   4.2117691e-01   4.6358309e-01   9.7323304e-02   2.3276567e-01   1.8257521e-01  -2.9238039e-01   1.3983041e-01  -1.0726161e-01  -1.7061833e-01   2.4177450e-01  -2.0213059e-01  -5.0942381e-01  -3.2059736e-01   1.6341831e-01   1.3731600e-01  -3.4835937e-01  -3.9375164e-01   2.4383393e-01  -2.0676219e-01   3.0652550e-01   1.3119759e-01   2.4674957e-01   2.2557385e-01  -1.0625187e-02  -3.9958796e-01   4.2283047e-02   6.1449327e-01  -1.8272170e-01  -1.6174343e-02   6.3980188e-01   3.9160504e-01   1.2998718e-01   2.4154525e-01   4.8738053e-01  -1.0094040e-01   3.1308796e-01  -2.5357926e-01  -1.8816123e-02  -3.5689548e-01  -2.5215340e-02   1.8008075e-01  -1.9302184e-01   1.4664978e-01   4.3009950e-02  -9.6995236e-02  -1.0797713e-01   5.7453890e-01   2.4184793e-02   5.4470577e-01   6.6882911e-02   3.1015361e-01   1.9614968e-01  -4.1819489e-02  -3.1625885e-02   7.5188944e-02   1.0935932e-01  -1.6293358e-01   1.0334413e-01   3.1329220e-01   1.5525277e-01   3.7752883e-01  -3.0546675e-01   3.5288243e-01  -9.8858077e-02   2.9900586e-01   2.5779961e-01   3.2973781e-01  -2.2374809e-01  -1.8555777e-01  -1.1119361e-01   2.6037920e-01   2.8470111e-02  -6.7508185e-02  -6.2021765e-02   3.7331618e-01  -3.3597716e-01  -8.7244648e-02   2.5756528e-02   6.5293304e-01   1.6787546e-01   2.2291472e-02   1.2988578e-01  -1.9555194e-01   3.8862141e-01   1.4226523e-01   1.5561092e-01   2.6616793e-01  -2.3666900e-02  -1.3560746e-01  -1.0132104e-01   3.1537190e-01   4.7791699e-01  -3.9233675e-01  -3.2642532e-01  -2.9136700e-01   2.7317234e-01   3.3881085e-01   6.4598275e-01   2.0642898e-01   4.8164078e-02  -3.3131765e-01   1.8001201e-01   1.8710423e-01   1.8827776e-01   1.5610504e-01   5.7129482e-01  -4.3626781e-02  -8.1292044e-02  -1.4091420e-01   3.0604482e-01   9.1375908e-02  -4.4948946e-01  -2.2682154e-01   6.3132030e-01   2.1059423e-01  -4.2867089e-02  -3.1122582e-01   1.1049513e-01   1.2029126e-01  -1.9022748e-01   2.2780368e-02   9.6131486e-02   2.0166672e-01
