   0.0000000e+00  -3.7067671e-01  -1.3310685e-01   2.7391241e-01  -8.3258805e-02   1.0444590e-01  -1.8440685e-01   2.7154045e-01  -1.7476256e-01  -2.4110596e-01  -2.2766001e-01  -3.8773225e-01   1.6978064e-03   3.6083810e-01   3.6601063e-01   1.6620797e-01  -3.0628319e-01   1.3193931e-01   1.2690937e-01  -1.2746057e-01  -2.8560352e-01   1.4167671e-01   9.4200589e-02   5.2570132e-01   1.1601113e-01   1.0238119e-01  -2.6702704e-01   2.0120107e-01  -1.8324645e-01   2.3996675e-01  -2.2572071e-01   5.9520049e-02   3.9860274e-02  -3.4277035e-01  -1.4084986e-01  -2.3359854e-01  -1.5677023e-01   1.6389122e-01   9.6974786e-02  -4.5627350e-01   7.0724951e-03   1.7963037e-01  -1.6708366e-01   4.4646639e-02  -7.3670199e-02   5.4692984e-01   4.6493167e-02  -1.2406331e-01   1.1820818e-01  -2.9076709e-01   5.5088768e-02   2.1556021e-01  -2.1092089e-01  -7.9731513e-02   2.9005847e-01   1.4468046e-01   1.4439865e-01   2.0021412e-02   1.9574790e-01  -1.2358347e-02   2.9713765e-01   8.8107787e-02  -2.6630343e-01  -2.8556397e-02  -2.1588105e-01  -1.6923149e-01  -1.1975786e-01  -1.1872048e-01   1.7395713e-01   1.4887321e-01  -5.7405020e-01   1.6929414e-01   3.6937769e-02   4.7095310e-01  -7.5226720e-02   2.1721095e-02   2.8920735e-01  -1.8021379e-03  -1.5864352e-01   1.2037156e-01   5.8945505e-02   1.1418188e-01  -2.9031975e-01   3.9216881e-01   4.8978125e-02   7.5781069e-02  -2.9183125e-01   4.6700660e-01  -2.5222747e-01   7.1226409e-01  -3.9167166e-01   2.9969000e-01  -1.8575876e-01  -8.9169216e-02   2.5068543e-01  -2.7008552e-01   2.4436147e-01  -1.7579392e-02   3.1937440e-02  -7.8786005e-02  -3.3747816e-01   2.1470868e-01   2.2984783e-01  -2.4075336e-01   1.8203182e-01   9.1371538e-02   8.1969628e-02   2.8138661e-02   3.0033606e-02   1.7204916e-01  -3.8353912e-01   1.3899776e-01   2.1985570e-01   6.0326389e-01  -1.3922573e-01  -2.0669526e-01   1.7021275e-01   1.2312269e-01   3.5930148e-01   2.4524994e-01   3.2268037e-01  -1.9785064e-01  -2.1212339e-01  -1.3100939e-01   6.4459936e-01   3.3050673e-01   1.6353455e-01  -1.9491701e-01   3.9259730e-02   2.4919355e-01  -3.2241196e-02  -3.1375330e-01   5.8895789e-02  -1.1220734e-01   9.1073732e-03  -8.3517263e-02   9.7669774e-02  -3.0965667e-01   7.1297497e-02   1.9619094e-01   4.5299984e-01  -1.9281371e-01   9.3044440e-02   1.8095960e-01  -1.2012396e-01   2.5241526e-01  -5.7297849e-01  -6.1353074e-02  -6.4924536e-02  -2.3343443e-01   3.0207820e-01   4.1991027e-02   5.2097320e-01  -4.2444707e-01  -3.6198794e-01   1.6221755e-01   3.9561503e-01   2.2672198e-01   2.0754781e-01   2.8113634e-01  -1.1799571e-01   1.1570876e-03  -2.0175473e-01   2.4342244e-01   1.1624873e-01  -2.7340511e-01  -1.3395259e-01   1.8285385e-01   5.7916914e-01  -2.6552436e-01  -1.8824650e-01   4.5706164e-02  -2.8600866e-02   1.5508671e-01   1.7541591e-01  -2.1384365e-01   4.6232720e-02
  -3.7067671e-01   0.0000000e+00   4.6184634e-01  -5.1810315e-01   4.2027785e-01  -3.1323001e-01   7.4352623e-02  -2.7904451e-01  -4.3719022e-02  -6.4848765e-02  -5.2642149e-01   8.0018092e-01   8.8142001e-02  -3.8165035e-01  -4.6575109e-01   7.2573208e-02   6.1174506e-01  -4.6270523e-01  -2.2844448e-01   4.3988928e-01  -3.8923378e-01  -3.9944194e-01  -4.9181135e-01  -3.4641206e-01  -2.8977749e-02  -1.6371123e-01   3.7932982e-01  -3.5910370e-01   1.1244078e-01  -4.7808012e-01  -2.9926503e-01  -3.0397961e-01   2.2779125e-01   2.5477595e-01  -1.4611429e-01   4.2046084e-01   1.1007038e-01   1.3520557e-02   1.1457513e-01   7.0785921e-01  -1.6538368e-01  -1.8514005e-01   2.1499349e-01  -3.6855888e-01  -1.2159518e-01  -2.3340732e-01  -5.8349462e-01   8.3198586e-02   4.9089150e-02   6.2069740e-01  -4.6488060e-01  -2.9720154e-01   6.6960079e-01  -1.3794794e-01  -3.3856685e-01  -4.6126576e-01  -3.6367978e-01  -2.2996069e-01  -4.5566654e-01  -4.9592878e-01  -1.1297907e-01  -1.0959164e-01   2.2642964e-01  -4.5724865e-01   4.7841959e-02   7.0972759e-01  -9.3605159e-02   6.2488130e-02  -5.9926982e-01  -2.4521237e-01   7.5642879e-01  -6.3980110e-01   6.3653408e-03  -5.8255507e-01  -6.4590365e-02   1.3260332e-02  -1.7692459e-01  -1.4316751e-03   6.3546784e-01  -2.7687829e-01  -4.2268965e-01   1.0148148e-01   2.8353036e-01  -3.1779930e-01  -3.9682635e-02  -1.4687879e-01   1.6381397e-01  -4.4450565e-01   1.2449463e-01  -3.0517038e-01   6.5136407e-01  -1.3809257e-01   1.8736009e-01  -2.7136928e-01  -1.1735121e-01   6.8949236e-01  -2.7267365e-01  -1.5514973e-01  -6.4275036e-02  -2.1886973e-01   1.2382851e-01  -5.9408353e-01  -3.3680014e-01   1.2807499e-02  -5.4345065e-01  -1.9713611e-01  -1.6757508e-01  -3.0135064e-01  -7.3595710e-02  -3.7858157e-01   5.1197351e-01  -3.2508979e-01  -7.1605753e-01  -2.9424477e-01  -3.8920379e-02   7.4265601e-01  -2.0652320e-01  -7.1979915e-02  -4.0526242e-01  -5.3305672e-01  -1.5352914e-01   6.6453906e-01   4.3369913e-01  -1.8835716e-01  -1.8540306e-01  -5.6405146e-01  -6.6050681e-01   2.3528822e-02  -2.9748081e-01  -2.3311667e-01   1.3665441e-01   5.2718277e-01   2.3119563e-01  -3.9302684e-01  -3.4950457e-01  -3.2003810e-02  -1.1882459e-01  -4.9872914e-02  -1.3840070e-01  -2.5003781e-01  -1.2026587e-01  -5.8614322e-02  -4.0079201e-01  -2.8320992e-01  -1.0790800e-01  -5.5149027e-01   6.8067047e-01   1.3483301e-01   5.3891786e-02   1.7469215e-01  -3.8415766e-01  -4.5522042e-01  -3.6156954e-01   1.8656559e-01   7.1421770e-01  -1.9964799e-01  -2.4320283e-01  -3.8516986e-01   1.2147646e-01  -4.9456616e-01  -5.7905219e-02  -3.9129407e-01  -1.2928581e-01  -7.0076932e-01  -3.5672506e-01   7.2691476e-01  -1.0341284e-01  -1.8020782e-01  -2.9010649e-01   2.3845496e-01   4.8942954e-01   4.6235237e-04  -3.4675129e-01  -2.5132978e-01  -5.7347655e-03   1.0670755e-01  -3.0692505e-01
  -1.3310685e-01   4.6184634e-01   0.0000000e+00  -3.0505424e-01   1.2351168e-01  -5.5234126e-02  -1.5489488e-01  -2.8305209e-02  -1.3644730e-01  -1.0622606e-01  -4.2488384e-01   4.6664914e-01   1.2830142e-01  -3.6178852e-01  -4.3638210e-01   8.9426119e-02   8.4525927e-01  -4.4171354e-01  -1.4079606e-01   2.9363975e-01  -5.5261661e-01  -1.6437171e-01  -5.4720996e-01   7.3570619e-02  -3.7527812e-03   4.6474449e-02   3.3757250e-01  -1.6052034e-01   1.7031992e-01  -4.4993080e-01  -2.6862044e-01  -1.8413203e-01   3.8162239e-01  -2.8508357e-02  -1.8167614e-01   1.4238664e-02  -2.3394490e-01  -5.6246558e-03  -3.9720341e-02   7.5590574e-01  -2.7885067e-01   4.2032264e-01   2.0034190e-01  -2.6054447e-01  -2.9552848e-01   1.8150616e-01  -3.6926572e-01  -4.0675306e-01  -1.7564832e-01   6.9497072e-01  -2.2621612e-01  -6.7604481e-02  -6.1384014e-02   4.5397592e-01  -2.3077655e-01  -8.8904879e-02  -2.1054144e-01  -6.0671995e-02  -3.7558098e-01  -2.5226069e-01   3.6091999e-01  -1.4304634e-01   1.3914409e-01  -4.3344496e-01  -3.0478657e-01   1.9564923e-01   2.6332745e-02   3.1794455e-02  -2.4552802e-01   4.4179380e-01   2.4398031e-01  -4.4514756e-01  -1.8928774e-01   1.4127716e-01   1.7563154e-01   5.8891583e-03  -1.0086947e-02   1.9215498e-01   3.4357839e-01  -3.6195709e-01  -2.1051203e-01  -1.0625972e-01   3.1458310e-02  -9.5338941e-02   4.2718994e-01  -5.0403134e-02  -3.2628929e-01  -3.7364578e-03   1.8299839e-02   2.1234435e-02   3.0510825e-01   5.4812149e-01   7.4918141e-02  -1.6727667e-01  -9.7374219e-02   4.8663542e-01  -2.0312825e-01  -1.1298386e-01  -2.0595118e-01  -4.1632567e-01   1.5272842e-01  -5.4448333e-01  -2.8906108e-01  -2.8885290e-01  -4.5012853e-01  -4.7293829e-02   4.5470034e-01  -1.2006647e-01  -1.8844971e-02  -3.5880918e-01   3.5850397e-01  -2.3813469e-01  -3.1197853e-01  -1.8390998e-01   2.8751790e-01   1.1194891e-01   6.5351873e-02  -9.2683690e-02  -2.1430529e-01  -4.1317269e-01  -2.5680756e-02   3.2086841e-01   5.4996207e-01  -4.1705750e-01   1.3507546e-02  -1.0941150e-01  -5.0578086e-01   1.1370076e-01  -1.1042125e-01   1.3975997e-01  -5.9721869e-02   2.7939494e-02   3.4582675e-02  -4.7048148e-01  -1.8630669e-01   8.6340417e-02   1.9019932e-01  -8.6384560e-02   3.8315852e-02  -1.5493978e-01  -3.3499958e-02   1.4199753e-01  -2.9451119e-01   1.8383586e-01  -2.9043765e-02  -5.3035381e-01   4.6196341e-01  -4.0933026e-01  -2.1757368e-01  -4.5871295e-01   2.9525892e-01  -4.3469660e-01   1.6349230e-01  -1.9191635e-01   7.0099883e-01  -1.8051840e-02  -1.2726992e-02  -3.3911090e-01   6.4978103e-01  -3.5173090e-01  -1.6064401e-03  -1.6216683e-01  -2.7537665e-01  -6.5781164e-01  -1.0167754e-01   3.3032006e-01  -1.5693245e-01   1.2809378e-02   2.7254660e-02   9.1321413e-02  -5.4245912e-02  -1.9597845e-02  -5.4441701e-01  -4.3819494e-02  -4.8357685e-02   3.5072161e-01  -1.1417818e-01
   2.7391241e-01  -5.1810315e-01  -3.0505424e-01   0.0000000e+00  -3.4154711e-01   8.1633764e-02  -2.9679914e-02   1.4268321e-01  -4.9418950e-02   6.5341095e-02   2.9842097e-01  -4.6869334e-01   3.2159603e-02   3.0966878e-01   1.6833543e-01   1.7647411e-01  -3.7587894e-01   3.9705738e-01  -4.2152162e-03  -2.9808871e-01   7.5552610e-02   4.8398211e-01   3.5021665e-01   1.3889148e-01   1.1935969e-01  -3.1049467e-02  -3.0300745e-01   9.1940098e-02  -1.1299133e-01   5.0364920e-01   3.6607118e-02   4.5673104e-01   3.0003448e-02  -2.8646928e-01   4.3704243e-02  -3.6042424e-01   6.8473264e-03  -2.7630996e-01   2.7672689e-01  -4.8036590e-01   3.0617710e-01   8.8317679e-02  -2.3926240e-02   2.6358122e-01   2.7547321e-01  -2.4648483e-02   4.9432324e-01   5.1161847e-02   9.4991897e-02  -3.7539642e-01   3.0325625e-01   1.5039145e-01  -3.6854108e-01  -1.0513141e-03  -7.5954380e-02   3.0084349e-01   2.3262832e-01   2.7547441e-01   4.8840502e-01   2.8314849e-01  -3.0805286e-02   2.2513106e-01  -1.1869900e-01   2.9858585e-01  -5.5283143e-03  -4.1157121e-01  -1.0592963e-01  -1.2178071e-01   5.7071032e-01   8.8379649e-02  -5.2216975e-01   7.3168171e-01   2.4049641e-01   2.3580336e-01  -8.4204614e-02   1.4364585e-01  -1.0492354e-01   3.4395832e-02  -4.0271432e-01   2.8909266e-01   2.4036626e-01   2.2518584e-01  -2.0524484e-01   1.8993559e-01  -1.0638024e-02   2.0300494e-01  -1.7066102e-01   2.2338656e-01  -1.7946786e-01   1.0196754e-01  -3.8841880e-01  -3.5570984e-02  -1.6048171e-01   1.7098743e-01  -2.1000642e-01  -4.7490438e-01   2.4432486e-01   7.1111757e-02   1.2858381e-01   2.8989735e-02  -2.7447737e-01   4.1337295e-01   4.0720604e-01  -1.9204127e-02   6.1075939e-01   4.6631429e-01  -6.7382877e-02   2.4569461e-01   4.2877244e-02   3.9369727e-01  -3.4170844e-01   5.1061005e-01   5.8538462e-01   6.3968986e-02  -1.0571744e-01  -4.7745309e-01   3.9141026e-01   9.6866514e-02   2.1497498e-01   7.8908784e-01  -1.5497537e-01  -4.2337149e-01  -2.2035033e-01   1.5021443e-01  -3.6763845e-02   3.6981613e-01   3.4526428e-01  -9.4134395e-02   3.9128624e-01   8.7807607e-02   9.8538009e-02  -3.6539236e-01   2.3046798e-02   3.3617141e-01   3.9034833e-01   1.9661416e-02  -5.6745491e-02  -1.8064084e-01   1.0891652e-01   1.2852685e-02  -6.4506169e-02  -1.1564112e-01   4.8053738e-01   1.5002226e-01   2.1295075e-02   5.1618420e-01  -4.3819047e-01  -1.2248126e-01  -6.0218121e-02  -1.6382544e-01   1.4397555e-01   3.2803645e-01   1.6790935e-02  -2.6146541e-01  -3.9486874e-01  -1.5581198e-01  -1.0428819e-01   4.7929649e-01  -2.0660701e-01   4.1838694e-01  -4.5452009e-02   2.8907739e-01   1.4050948e-01   6.2893209e-01   3.9772294e-01  -5.2356067e-01  -3.3854208e-02   1.2514738e-01   1.1957678e-01  -2.7482125e-01  -4.0558558e-01  -1.8206967e-01   2.7825717e-01   1.3921504e-01  -9.4479643e-02  -7.7252989e-02   4.4244494e-01
  -8.3258805e-02   4.2027785e-01   1.2351168e-01  -3.4154711e-01   0.0000000e+00   1.0710761e-01   2.2551659e-02  -2.4283239e-01   1.8667733e-01  -6.9493723e-02  -2.2076558e-02   2.7995645e-01   3.3510198e-01  -2.1664748e-01  -2.4109452e-01   9.2953783e-02   2.1332528e-01   1.8588540e-02  -1.2661162e-01   8.4384984e-01  -2.8690436e-01  -4.0371667e-01  -1.2257143e-01  -2.5794743e-01   2.3858720e-01  -1.8970793e-01   6.4946692e-01  -3.6932866e-01   1.8916450e-01  -2.3684310e-01  -4.1870238e-01  -3.7179399e-01   1.3261845e-01   1.9493013e-01  -1.5874499e-01   7.3309437e-01   1.9964202e-01   2.3028375e-01   1.2070070e-01   3.4964695e-01   2.1689526e-01  -2.0299038e-01   2.1418938e-01  -3.1542248e-01   7.3462225e-02   8.6648071e-02   1.3920637e-01   1.5424414e-01   2.5253998e-01   1.2541065e-01  -4.3759760e-02  -3.3349436e-01   3.6530378e-01  -2.8099432e-01  -1.6072766e-01  -3.4672083e-01  -1.0886181e-01  -4.3697648e-01  -1.1032135e-01  -3.4086077e-01  -9.4897429e-02   1.0576333e-01   1.1498057e-01  -2.7666812e-01   1.3713654e-01   5.8362203e-01   2.7307420e-01   5.4110706e-01  -2.3875470e-01  -1.7390152e-01   1.8030270e-01  -2.5021344e-01   1.2780508e-01  -4.5848167e-01  -1.8459353e-01  -2.4252018e-01   8.7027373e-02  -1.5406772e-01   6.8087335e-01   2.6273561e-02  -4.9572447e-01   7.0329152e-02  -7.4404416e-02  -2.9484824e-01  -1.9279526e-01  -2.9740492e-01  -1.5667532e-01  -3.8540724e-01   2.6219122e-01  -7.2631900e-02   5.5417945e-01  -1.6027410e-01   1.0771612e-01  -2.1645287e-01   1.4763711e-01   5.9025579e-01   6.1982174e-02  -2.8940105e-01   5.1429789e-01  -1.5216837e-01  -3.0903199e-01  -3.3679705e-01  -2.4063405e-01  -6.2879499e-03  -5.1514757e-01  -3.1371534e-01  -7.0909940e-02  -3.3306207e-01   1.0690518e-01   1.2578918e-01  -4.0740901e-02  -2.8638560e-01  -3.4671896e-01   4.3923633e-02  -4.0013269e-01   5.7953745e-01  -3.8087478e-01   2.3506473e-01  -1.0790240e-01  -3.8929901e-01   1.1404345e-01   7.0531695e-01   1.5335117e-02   6.3317507e-02  -3.7445575e-02  -4.8484758e-01  -4.2703942e-01   5.1526741e-03  -3.8712303e-01  -7.8852891e-02   2.7052206e-01   4.4443113e-01  -8.9557660e-02  -4.8900061e-01  -3.9010144e-01  -2.1307261e-01  -5.5271529e-02  -1.7225232e-01  -1.5513912e-01  -5.6230548e-03  -1.3773252e-02   3.3448268e-01  -2.7284640e-01  -2.1653686e-01  -4.0865495e-01  -5.5134626e-01   8.1128912e-02   5.2290452e-01   5.6690592e-01   2.7343075e-02  -4.4849801e-01  -5.0790953e-01  -1.7007313e-02   1.7930224e-01   3.9465449e-01  -1.7190356e-02  -5.8054637e-02  -7.3590032e-02  -3.8320928e-03  -3.9552869e-01   3.0087182e-01  -2.7334963e-01  -8.3184801e-02  -3.4221814e-01  -3.0128308e-01   5.7405237e-01   2.6521556e-01  -1.6299682e-01   1.0764272e-01   1.1892110e-01   5.1827823e-01   1.7653423e-01   3.1390718e-01   1.2691499e-01  -8.5097021e-02   1.9203210e-01  -2.9588371e-01
   1.0444590e-01  -3.1323001e-01  -5.5234126e-02   8.1633764e-02   1.0710761e-01   0.0000000e+00   4.3941549e-01   2.6017108e-02  -4.0065422e-01   4.6914385e-01   2.0534271e-01  -4.3004375e-01   2.2278243e-01  -2.6125894e-01   1.2016463e-01   3.4066982e-01   5.3934422e-02   4.0495264e-01   1.8087654e-01   9.7389473e-02   2.6958000e-01  -7.4835920e-02   5.6917581e-01  -1.8896268e-01   6.6977734e-02  -5.8206156e-02   2.9797096e-01   3.4899104e-02  -1.8754400e-01   1.5528355e-01  -8.5881925e-03   5.7084285e-02   9.9336588e-02   2.9864839e-01  -2.3787335e-01   2.0948901e-01  -7.7458022e-02   8.9800234e-02   2.0150046e-01  -5.0912853e-02   3.3464104e-01  -2.2831288e-02  -1.1591787e-01  -2.4356170e-01   6.5671894e-02   3.6693288e-01   5.3474332e-01   2.4717193e-01  -1.3525687e-01  -3.1164288e-01   6.2636825e-01  -1.1164695e-01  -2.9205570e-01  -6.0406620e-02  -9.6588849e-02   6.8298003e-02   4.8042354e-01  -1.6122942e-01   3.3970092e-01  -3.2048943e-02   1.0322460e-01  -9.0738029e-02  -4.9307022e-01  -8.5732443e-02  -2.9978453e-01  -2.6159082e-01   8.4500252e-01  -1.7654404e-01   3.2360624e-01   3.6324588e-01  -8.6629871e-02   2.3647524e-01   1.8702180e-01   1.0397895e-01  -1.4521403e-01  -1.2956293e-01   2.0911573e-01   7.0051646e-02  -4.2491370e-01   1.8755916e-01   3.3699422e-01   1.5996497e-01  -5.1631911e-03   8.0843911e-02   2.4535073e-03  -2.2194776e-01  -2.5174787e-01  -1.7675950e-01  -1.4400991e-01   3.4467901e-02  -4.1782087e-01  -7.4928988e-02   3.7600264e-01  -2.3909843e-01   1.6365081e-01  -2.3295732e-01   7.9810465e-02   2.3146033e-02   2.2331451e-02   4.8618472e-01  -1.9300030e-01   4.1196267e-01   6.2463640e-02  -3.6680897e-01   1.7371119e-01   7.1267591e-02   8.0431115e-02   1.2157344e-01   3.8483800e-01   3.9553895e-01  -2.8898023e-02   1.7457464e-01  -3.8612095e-02   2.1901017e-01  -1.4360030e-01  -3.1010614e-01   1.3403174e-01   1.9400294e-01   1.0456181e-01   2.4896861e-01   1.3680399e-01  -4.1692591e-01  -4.3835210e-01  -3.2588372e-01   6.3393346e-02  -9.5083814e-02   2.4991385e-01  -2.0823365e-01  -2.0979685e-01   2.6835846e-01   2.1843512e-01   1.9418628e-01  -3.3681706e-01  -1.2903588e-01  -2.1348345e-01  -1.8832111e-01   5.9486184e-02   2.6503429e-01  -7.3483712e-02   3.5597482e-02  -4.6939628e-02   1.4387754e-01   2.9177545e-01  -2.2141066e-02  -7.6067489e-02  -1.4652427e-01  -5.3655186e-02   6.1323538e-02   3.6351049e-01   4.5245319e-02  -1.8111821e-01  -6.1703917e-02   1.5337379e-01  -9.8190120e-02  -1.5756871e-01  -8.0114954e-02   9.0329966e-02   3.6404394e-01   2.5028208e-02   2.0817687e-01  -3.2591395e-02  -7.5837002e-02   3.0525349e-01   1.4609291e-01   1.7275572e-01  -3.3638870e-01   1.7102982e-01  -1.9804273e-02   1.4286901e-01   2.7342417e-01  -1.9493910e-01   9.2227148e-02   1.6625177e-02   5.9607120e-01  -1.4743754e-01   1.0117947e-03   6.4428404e-02
  -1.8440685e-01   7.4352623e-02  -1.5489488e-01  -2.9679914e-02   2.2551659e-02   4.3941549e-01   0.0000000e+00  -2.7809039e-01  -3.3844991e-01   7.0977239e-01   4.2744128e-02   7.7549017e-02  -9.2849607e-02  -3.5190350e-01   2.1797512e-01   3.0404741e-01  -1.2200511e-02   3.7002834e-01  -1.3266517e-01   1.1041338e-01   4.4268202e-01  -2.1485653e-01   5.4474773e-01  -4.5856074e-01  -4.8441059e-02  -4.1152379e-01   1.3920814e-01  -5.8154560e-02  -2.6761184e-01   1.4855210e-01  -3.4860990e-02  -7.7069598e-02   7.1572100e-02   7.7600940e-01  -4.3699183e-02   3.5322902e-01   2.1648522e-01   2.2530329e-02   2.7573469e-01   3.6830084e-03   1.2209553e-01  -1.2804294e-01   2.2337632e-01  -4.2875718e-01   3.3649269e-01   9.2019173e-02   1.8439537e-01   7.2786113e-01  -1.3394218e-01  -3.0569655e-01   4.7913123e-01  -3.4307753e-01   1.9541747e-01  -3.0990607e-01  -4.0846019e-01  -2.0136152e-01  -3.0825894e-03  -2.4892200e-01   1.0663520e-01  -1.7476486e-01  -9.3767879e-02  -2.6280911e-03  -4.3231176e-01  -1.6228721e-01  -2.0172558e-01   1.5243980e-01   4.4287842e-01  -3.1963420e-01  -1.1995424e-01   3.2157769e-02   2.5014736e-01   5.8401531e-02   1.8813853e-01  -2.6113261e-01  -3.1132651e-01  -6.7567601e-02   4.3658695e-02  -3.1680665e-01  -3.8586423e-01  -1.5139876e-01   3.9141542e-01   2.6311240e-01   2.8060003e-01  -3.2397626e-01  -1.6401985e-01  -1.8063527e-01   6.9231355e-02  -5.0445559e-01  -1.9643017e-01  -2.1887609e-01  -3.6660932e-01  -3.0081252e-01   6.8400602e-01  -2.8877579e-01   1.1127053e-01  -2.4425423e-01  -1.5686907e-01  -2.3755113e-01  -5.4503951e-02   7.1587658e-01  -1.1642247e-01   3.7460420e-01  -1.6899655e-01  -2.2486273e-01   2.1636708e-01  -1.4475493e-01  -2.6831115e-01  -1.7097559e-01   4.5256902e-01   2.7608635e-01   3.8596333e-01   6.0723115e-02  -2.5829712e-01   1.0942174e-01  -1.0859158e-01  -8.0459079e-02  -2.1624091e-01   9.8556641e-02  -1.5202933e-01   1.0376463e-01  -2.8581303e-02  -3.1502892e-01  -4.5142572e-01  -3.2918832e-01  -7.3338140e-02  -2.4712421e-01   2.8473050e-01  -3.6295818e-01  -2.1237078e-01   1.9338272e-02   1.4322813e-01   6.2292637e-01  -1.9381211e-01   5.3372810e-02  -2.0571283e-01  -2.3747798e-01  -3.2309204e-01   3.6604227e-01  -2.4749995e-01  -1.0404610e-01  -1.6488999e-01  -1.3565795e-01   7.3201860e-02  -2.3164605e-01   2.7919026e-01  -4.8318373e-02   4.3727826e-01   1.9881739e-01   4.7328918e-01   4.7696489e-01  -3.9282019e-01   2.5066870e-02  -3.2252357e-01   1.3613154e-01  -3.2139651e-02  -2.4464967e-01  -6.1586471e-02   2.0282954e-01  -1.6088179e-01  -1.2297135e-02  -2.6757817e-01  -3.6238609e-01   5.3814013e-01   5.0897862e-02  -1.8274059e-01  -1.7568969e-02   1.7622844e-01  -3.4901306e-01  -8.2947482e-02   4.4224401e-01   1.7746131e-01   4.7008915e-02  -3.7349128e-02   1.2244085e-01  -6.9071669e-02  -8.6175311e-02  -1.3595968e-01
   2.7154045e-01  -2.7904451e-01  -2.8305209e-02   1.4268321e-01  -2.4283239e-01   2.6017108e-02  -2.7809039e-01   0.0000000e+00   1.8886619e-01  -3.9053358e-01   5.7895642e-02  -6.1453122e-02  -8.0183664e-02   1.4970753e-01   3.9524609e-01  -1.7282742e-01  -2.2842246e-01  -8.2333060e-02   6.3260515e-01  -2.9911071e-01  -2.0909257e-01   4.0302959e-01  -1.6065755e-01   2.1515635e-01  -1.3231170e-01   7.6226269e-01  -9.3691139e-02   3.4874761e-01   3.1108152e-02   2.4320536e-01   1.5752127e-01   3.1037367e-01  -1.3131978e-01  -2.2129804e-01   1.3776750e-01  -3.5589114e-01  -2.2678480e-01  -2.6125591e-01  -2.5459729e-01  -3.2454575e-01  -7.5938875e-02  -3.3481995e-02  -1.1959457e-01   5.4767602e-01  -2.2859481e-01   1.6839482e-01  -6.4572756e-02  -1.7780235e-01  -2.7739746e-01  -6.4048832e-02  -1.3943921e-02   8.8153841e-01  -1.7791210e-01   1.0894683e-01   9.6414079e-02   4.0121147e-01   2.4182321e-01   5.2292574e-01   9.7850387e-02   3.5097185e-01   1.9336944e-01  -1.3189997e-02   1.6465769e-01   3.5560741e-01  -1.6178078e-01  -8.6339464e-02  -8.5304030e-02  -8.1437720e-03   4.9658089e-01   5.4643771e-02  -3.6991940e-01  -3.0977807e-02  -1.7984778e-01   2.5725683e-01   1.2018403e-01   4.5904485e-01  -2.6183803e-02   3.6424596e-01   3.1345376e-03   1.6138382e-01   1.2365194e-01  -3.8389471e-01  -9.3216763e-02   8.1011633e-01   5.0776809e-02   5.4847240e-01  -1.3724001e-01   1.9683219e-01  -1.4724531e-02   2.3857736e-01  -1.9020858e-01   2.7164517e-01  -2.4742522e-01   3.6969599e-01  -8.1017961e-02  -2.7382940e-01   5.3243780e-02   6.3485603e-01  -1.1575973e-01  -2.0043910e-01  -1.2203681e-01   2.7442595e-01   2.9000325e-01   1.7279743e-01   2.6875133e-01   3.9259905e-01   4.4492280e-02   7.3960717e-01  -2.7577652e-01  -2.9674480e-02  -2.6693228e-02   3.7020415e-01   3.1769511e-01   1.4477661e-01   9.3732579e-02  -1.3544392e-01   4.5517879e-01   2.5666549e-01   2.1775408e-01   1.4123704e-01  -9.7440628e-02  -9.9362405e-02   1.9038131e-01   9.3201778e-02   1.4660565e-01   4.3703459e-01   1.8408004e-01  -2.0139975e-02   3.0737845e-01   1.1867249e-02  -1.7082260e-01  -3.0076493e-01  -7.1107876e-02   7.6414606e-02   3.2690742e-01   5.4623727e-01   2.1035700e-01  -1.6124561e-01   6.8188415e-01  -8.9180493e-03   1.7833129e-01  -1.5212060e-01   4.0194516e-01   2.8579346e-01   1.7673734e-01   3.5608903e-01  -2.8388213e-01  -1.8407012e-01  -1.7951120e-01  -2.5948270e-01   2.9032116e-01   1.7902857e-01   2.1400278e-01  -1.5082653e-01  -1.7932300e-01   9.7285992e-02   1.4145540e-01   8.2604837e-02   1.5964216e-01   2.8000565e-01  -6.9868113e-03   4.5532364e-01  -4.3169260e-01   1.9375665e-01   4.1858981e-01  -9.7259328e-02   1.1350219e-01   2.6042747e-01   2.1991488e-01  -2.8376048e-01  -8.2611764e-02  -2.4816573e-01  -8.0534028e-02   1.0373703e-01   1.6692406e-02  -2.2479597e-01   3.6637738e-01
  -1.7476256e-01  -4.3719022e-02  -1.3644730e-01  -4.9418950e-02   1.8667733e-01  -4.0065422e-01  -3.3844991e-01   1.8886619e-01   0.0000000e+00  -3.8110030e-01   4.7247501e-01   2.5597876e-01  -5.1583264e-02   2.1774140e-01   2.4185278e-01  -5.3461822e-01  -2.8983766e-01   8.2741442e-02   1.8640488e-01   5.8804304e-02  -7.8970564e-02   3.0424715e-01  -1.7911693e-01   8.4857840e-02  -3.8911700e-02   3.0597807e-01   7.0470902e-02   9.9028569e-02   1.4599726e-01   2.5133677e-01   8.1337144e-02   4.8374168e-02  -4.8616679e-01  -1.5342117e-01   6.8283130e-01  -9.2256538e-02   1.1431736e-01  -1.4250294e-01  -4.4860034e-01  -8.7174798e-02  -6.9111475e-02  -2.7781536e-01   4.3721018e-01   5.4110076e-01   1.6219839e-01  -2.1976601e-01   7.8964518e-02  -9.4661046e-03  -5.7855524e-02  -1.2277472e-01  -6.7354756e-02   2.2233887e-01  -2.4988437e-03  -4.7381037e-02  -3.3412028e-02   1.5672057e-01   1.2323474e-01   2.7588468e-01  -6.3635921e-02   5.3360582e-01  -3.0872116e-01   1.0285164e-01   7.2610768e-01   5.6384374e-01   3.5811910e-01   1.3157841e-01  -3.5008943e-01   4.9315961e-01   1.6924461e-01  -2.2875378e-01  -2.2941640e-01   2.2209761e-02  -2.1654517e-01  -2.2483913e-01  -2.1269931e-02   1.9274768e-01  -2.2830671e-01   5.6215612e-02   3.1385094e-01   5.0029242e-02  -2.2275230e-01  -3.5958275e-01  -2.5976613e-01   8.5535596e-02  -3.2770998e-01   2.2814284e-01   1.9312049e-01  -3.6325033e-02   3.9037107e-01  -6.9222899e-02   2.8601085e-01  -1.6155398e-01  -4.2454712e-01   7.4502211e-01  -2.0894461e-01  -5.1337412e-03   6.8072738e-02   2.5149155e-01   3.7194432e-01  -3.1484097e-01  -3.7963528e-02   5.8157822e-02  -9.9258238e-02   7.3895792e-01  -4.0696260e-02   7.2319511e-02  -1.6673409e-01   2.0315714e-01  -2.6350357e-01   2.5335111e-02  -2.1196431e-01   1.8112079e-01   2.9157282e-01  -1.6959051e-01  -3.4380719e-02   1.2477598e-01   1.8259836e-02   1.5616539e-03  -2.7761375e-02  -2.0154614e-01  -1.3189211e-01   3.4573911e-01   2.5173534e-01   5.6197086e-01  -1.9523770e-01   2.5640854e-01   3.1288554e-02   1.5875709e-01   4.6060220e-01  -2.6614903e-01  -2.5800606e-01  -2.5391587e-01  -9.0116407e-02   1.6704678e-01   4.8035549e-01   3.7079346e-01   1.7625546e-02   2.6900995e-02   3.1755307e-01   1.2469677e-01   8.2804656e-02   2.0047791e-01   1.0989034e-01  -7.9989594e-05   1.3153435e-01   1.5878552e-01  -2.2345081e-01   2.9058528e-01  -1.0960820e-02  -1.0981466e-01  -2.7219610e-02   5.7737231e-03  -3.0768845e-02   2.2737680e-01  -2.2050745e-02   1.6638367e-01  -3.2779152e-02  -1.4319238e-01  -3.3779569e-01  -2.1682681e-01   3.8465323e-01   5.5652024e-01  -1.9654778e-01   1.2134601e-01   1.5256284e-01   1.5043156e-01   2.6927157e-01   1.8853568e-01  -9.1282637e-02  -4.7789456e-01   2.5464564e-01  -1.2963935e-01   5.1353959e-01  -1.9097068e-01   1.6366282e-01  -1.8325936e-01   3.2925603e-01
  -2.4110596e-01  -6.4848765e-02  -1.0622606e-01   6.5341095e-02  -6.9493723e-02   4.6914385e-01   7.0977239e-01  -3.9053358e-01  -3.8110030e-01   0.0000000e+00   8.2085014e-02  -1.5840422e-01   4.1504609e-02  -3.0388073e-01  -4.6111915e-02   1.7077991e-01   9.3456510e-02   3.9433141e-01  -2.5769221e-01   1.2813231e-01   5.5168425e-01  -2.1938396e-01   5.2818394e-01  -3.4589809e-01  -8.2688948e-02  -4.2441017e-01   2.2538383e-01   2.8467389e-03  -1.6248156e-01   1.0078676e-03   2.5231815e-01  -2.0984093e-02  -1.0350155e-01   6.0928032e-01  -1.8073621e-01   2.9203920e-01   4.4748999e-01  -1.0382130e-01   1.8047099e-01   4.6261882e-02   3.0474951e-01  -1.0530533e-01   7.8036060e-02  -3.8145155e-01   2.3160733e-01  -7.5054761e-03   2.5831190e-01   3.6304302e-01   7.7609767e-03  -2.6231886e-01   5.1723488e-01  -3.7696193e-01  -1.0270148e-01  -8.2713718e-02  -2.2287090e-01  -1.2930553e-01   8.1169458e-02  -2.2113859e-01   2.3484788e-01  -1.8526052e-01  -1.5957511e-01   3.9898462e-02  -4.6757079e-01  -9.5744674e-02  -1.8183716e-01  -1.4580872e-01   5.0557516e-01  -2.4983546e-01  -4.7843298e-02   1.2178267e-01   2.3082822e-01   9.6592802e-02   3.1031283e-01  -6.6415266e-02  -1.6687253e-01  -7.8463072e-02  -4.9321112e-02  -1.6292463e-01  -4.7347656e-01  -2.8883398e-02   4.6292783e-01   2.6260006e-01   2.5850541e-01  -3.4247683e-01  -8.4031324e-02  -1.1227297e-01  -1.6919469e-02  -2.7546272e-01  -1.7298084e-01  -2.7303969e-01  -3.1131611e-01  -2.8306099e-01   6.2800544e-01  -2.2196436e-01  -3.0586446e-02  -1.1454148e-01   3.3133740e-02  -1.9840677e-01  -7.3217200e-02   6.8075989e-01   7.6065082e-02   2.1985260e-01  -4.2281914e-02  -2.9313741e-01   1.8846183e-01  -1.3686765e-01  -9.2531326e-02  -1.2106933e-01   4.5328822e-01   2.8174212e-01   2.9234222e-01  -5.1529551e-02  -1.6302034e-01  -3.9145754e-02   1.3492732e-01  -2.6441184e-01  -1.9165863e-01   1.8846984e-01  -6.7966504e-02   1.2673245e-01  -1.3318058e-01  -4.3018570e-01  -4.2299242e-01  -2.5582867e-01  -1.8045475e-01  -3.0179309e-01   2.8429154e-01  -1.0111182e-01  -1.7850423e-01   6.9503068e-02   1.7095116e-01   3.9641892e-01  -2.7580788e-01   1.4010290e-01  -2.0423800e-01  -1.3604893e-01  -1.8815703e-01   4.4472465e-01  -1.4524728e-01  -9.8315796e-02  -1.7331485e-01  -9.6545683e-02  -3.8566906e-03  -1.8057265e-01   2.0365659e-01  -3.4349689e-02   3.7472470e-01   1.1212557e-01   3.5286941e-01   2.8233768e-01  -2.1226244e-01   8.7195495e-02  -2.9124519e-01   1.1364054e-01  -1.0179917e-01  -2.7597304e-01  -1.6396775e-01   2.8336807e-01  -2.1268357e-01   9.0421970e-02  -2.1938836e-01  -2.1029908e-01   7.2640860e-01   9.9434074e-02  -8.9272963e-02  -1.9925606e-01   4.5954236e-02  -1.1199220e-01  -1.7850056e-01   4.6023276e-01  -6.8622502e-02  -5.2756583e-02  -6.2792008e-03   1.7236471e-01  -1.2587079e-01   6.0887479e-02  -1.1666860e-01
  -2.2766001e-01  -5.2642149e-01  -4.2488384e-01   2.9842097e-01  -2.2076558e-02   2.0534271e-01   4.2744128e-02   5.7895642e-02   4.7247501e-01   8.2085014e-02   0.0000000e+00  -3.0050865e-01  -3.6696971e-02   1.4891722e-01   3.5186218e-01  -7.4040243e-02  -4.4918852e-01   5.4837146e-01   1.5238989e-01  -1.3788650e-01   4.3058415e-01   2.5783464e-01   4.0798952e-01  -1.6461990e-01   9.3109467e-04   1.0794700e-01   9.1049402e-02   1.7002336e-01   2.8829602e-02   4.2626398e-01   2.9270677e-01   1.9364474e-01  -3.6609499e-01   1.0787628e-01   3.7802751e-01   3.5519709e-02   1.8782696e-01  -2.4571889e-01   3.4697289e-02  -3.6805979e-01   1.8842172e-01  -2.0882543e-01   5.8084380e-02   4.9916064e-01   3.3214372e-01  -1.9024326e-01   7.0856211e-01   1.8050891e-01  -8.6480911e-02  -4.9582174e-01   5.1655691e-01   5.3831482e-02  -2.3753463e-01  -6.3171505e-02   4.0574210e-02   3.4619623e-01   4.5627236e-01   1.3758652e-01   3.6954511e-01   4.5465401e-01  -2.3727495e-01   4.8387278e-02   1.6694856e-01   6.4544366e-01   2.5701807e-01  -2.9868236e-01   1.4766613e-01   2.2589795e-01   5.5162433e-01  -1.9930555e-02  -3.7386877e-01   4.2648120e-01   2.0938309e-01  -8.2145036e-02  -3.6268649e-02   6.8011227e-02  -1.6481532e-01   5.7240508e-02  -2.4134114e-01   2.7326448e-01   1.8336037e-01  -4.2556605e-02  -6.5996934e-02   1.4139705e-01  -2.7031813e-01   7.9275165e-02   9.5438966e-02  -1.2016203e-01   1.7121893e-01  -2.7056427e-01  -2.1070553e-01  -3.1259431e-01  -1.0712264e-01   3.9536909e-01  -1.9558332e-01  -4.1013489e-01   1.0424652e-01   1.3305027e-01   3.7397518e-01   2.1444216e-01  -7.0482100e-02   5.0143714e-01   8.4173674e-02   4.2737670e-01   2.6581295e-01   1.3729736e-01  -7.2419670e-02   2.9630797e-01   3.9512740e-02   4.4535884e-01  -2.5890140e-01   2.5048821e-01   3.9098692e-01  -1.8478921e-01  -6.6114483e-02  -2.8473849e-01   1.0348653e-01   1.0015264e-01   1.8796330e-01   2.1709943e-01  -2.0449476e-01  -2.5264227e-01  -2.8084950e-01   4.1632429e-01  -3.8785229e-01   2.2665614e-01   4.0922635e-01   4.2344408e-02   2.2896843e-01   9.9822613e-03   1.8168627e-02  -1.0909853e-01  -1.6979792e-01   3.8283206e-01   2.8025463e-01   1.2101673e-01   2.0418803e-02   2.8328926e-01   3.5339406e-02  -3.2077498e-03  -1.8027833e-01   1.9922428e-01   3.4411713e-01   1.4281209e-01   1.6830420e-01   3.5820015e-01  -3.2821074e-01   3.2980737e-01   2.1782521e-01   5.0914705e-02  -8.3266137e-02   2.2650149e-01  -8.0715853e-02   3.5982899e-01  -2.5335978e-01  -4.5724630e-02  -1.2368206e-01   2.8295990e-01  -4.0926768e-01   6.1410071e-02   2.6538047e-01   5.3654517e-01   2.7071028e-01   4.4569338e-01   2.8600709e-01  -3.0443067e-01   5.1245655e-01   1.7941539e-01  -1.1191175e-01  -1.6162724e-01  -3.0129621e-02  -1.4253860e-01   6.5679159e-01   2.3983815e-01  -1.2728450e-01  -1.1856978e-01   3.3025916e-01
  -3.8773225e-01   8.0018092e-01   4.6664914e-01  -4.6869334e-01   2.7995645e-01  -4.3004375e-01   7.7549017e-02  -6.1453122e-02   2.5597876e-01  -1.5840422e-01  -3.0050865e-01   0.0000000e+00  -9.2779738e-02  -3.0987601e-01  -1.3494547e-01  -9.0230366e-02   4.1248006e-01  -4.8346242e-01  -4.1233670e-02   3.2491549e-01  -4.2554258e-01  -1.1998351e-01  -5.4154041e-01  -3.3176550e-01  -1.8363191e-01   5.2860224e-02   3.1948542e-01  -1.2601921e-01   1.1807028e-01  -2.6869385e-01  -1.5551633e-01  -2.4039783e-01   5.3094533e-02   3.2243937e-01   2.1534897e-01   2.3357481e-01   6.5099681e-02  -1.6790636e-01  -1.1473804e-01   5.8568987e-01  -2.4860001e-01  -2.1241344e-01   4.0308057e-01  -2.6137715e-02  -6.3810163e-02  -3.1026710e-01  -5.4201648e-01   3.1840178e-02  -1.4638947e-01   5.3825521e-01  -4.1507508e-01  -3.5303193e-02   5.6177240e-01  -1.1868648e-01  -4.2614223e-01  -2.0685321e-01  -3.0431867e-01  -7.4231909e-02  -4.6870128e-01  -1.5600591e-01  -1.4361706e-01  -1.1473866e-01   4.2607760e-01  -2.0819215e-01   1.7731914e-02   7.4410954e-01  -2.8591690e-01   4.4915893e-02  -4.0838437e-01  -2.4208462e-01   4.6745989e-01  -6.2172048e-01  -1.2030102e-01  -4.8857795e-01  -8.8298555e-02   1.3980988e-01  -3.0891800e-01   1.0670201e-01   6.4369922e-01  -3.3925349e-01  -2.6671072e-01  -4.8467979e-02   2.4176775e-01  -1.2485954e-01  -8.4276208e-02   3.4085757e-04   7.7141780e-02  -3.8056737e-01   6.1851583e-02  -3.6645876e-01   5.6436198e-01  -8.8790790e-02   2.1250668e-01   9.0949149e-02  -2.3796509e-01   5.6756661e-01  -3.2743540e-01   5.3162455e-02  -3.9169200e-02  -3.0473302e-01   8.8112067e-02  -4.2903621e-01  -3.4864113e-01   2.6957420e-01  -4.2039367e-01  -1.7527689e-01  -2.3081880e-01  -3.8187118e-02  -1.4059027e-01  -3.9938381e-01   6.2706205e-01  -1.0859252e-01  -4.6921802e-01  -3.2424620e-01   1.2236849e-01   6.4444135e-01  -1.3298844e-01  -8.2394522e-02  -3.7016329e-01  -5.6067248e-01  -2.8461959e-01   6.5553704e-01   5.3266363e-01  -1.0926106e-01  -2.8133561e-01  -2.5119488e-01  -4.8202996e-01  -6.1789335e-02  -5.8108960e-02  -3.0143441e-01  -1.0883332e-01   3.4342910e-01   2.1567721e-01  -2.5541861e-01  -1.1494720e-01   1.3465503e-01  -1.7550083e-01  -4.3617552e-03   4.2919157e-02  -2.7435303e-01  -3.3288400e-02  -5.3987907e-02  -2.3713614e-01  -1.2151409e-01   2.3213896e-01  -3.6006668e-01   6.8824111e-01   5.3404060e-02   4.7652322e-03  -3.9511168e-02  -1.9769079e-01  -3.2468055e-01  -4.3836204e-01   1.7852574e-01   6.9955076e-01  -2.1086415e-01  -2.5132741e-01  -3.8654155e-01   8.2141773e-02  -4.6305132e-01  -4.6449113e-02  -1.6171941e-01  -2.6584413e-01  -6.2060587e-01  -2.2464868e-01   7.7263566e-01   7.1750673e-02  -7.8146950e-03  -3.1005696e-01   4.5027011e-04   5.8139212e-01  -1.6716146e-01  -2.7069151e-01  -3.0292387e-01   5.2548915e-02  -6.0869561e-02  -7.5783869e-02
   1.6978064e-03   8.8142001e-02   1.2830142e-01   3.2159603e-02   3.3510198e-01   2.2278243e-01  -9.2849607e-02  -8.0183664e-02  -5.1583264e-02   4.1504609e-02  -3.6696971e-02  -9.2779738e-02   0.0000000e+00  -1.3431037e-01  -3.5889191e-01   8.0308870e-02   1.9653514e-01   8.4291538e-02  -1.0444381e-01   3.9893136e-01  -1.4182289e-01  -1.9692903e-01   4.5612275e-02  -5.3385337e-02   2.6015752e-01  -7.0005151e-02   2.7814033e-01  -2.7444726e-01   1.5047231e-01  -1.2893383e-01  -2.5280383e-01   7.6102572e-02   9.8172361e-02  -6.4723029e-02  -3.8324089e-01   3.3294317e-01  -1.0542506e-01   1.7981523e-01   2.9091523e-02   2.1056262e-01   6.9177707e-01  -8.4788773e-02  -1.4795579e-01  -1.7381681e-01  -1.5349269e-01   1.5524929e-01   2.2834959e-01  -1.4089299e-01   1.4140263e-01   7.5149665e-02   2.1397292e-01  -7.1497647e-02  -1.3586092e-01   2.5560440e-01   1.5813054e-01  -1.4428167e-01   8.6341755e-02  -6.8013280e-02   2.2310259e-01  -2.1247724e-01   9.4486023e-02   1.7672585e-01   9.7129224e-02  -2.9576728e-01  -1.5272905e-01  -6.5056044e-02   3.1453403e-01   2.6013467e-01  -4.8794919e-02   1.1941503e-01   3.8916591e-02   1.5149027e-02   4.3093019e-01  -1.4883384e-01   1.3949470e-01  -1.4777561e-02   1.1249546e-01   1.1315685e-01   1.7927250e-01   4.4584439e-01  -2.0812004e-01   5.6281281e-02  -1.7657361e-01  -6.7592276e-02   3.8766242e-02  -1.1929059e-01  -1.7882266e-01  -1.5311318e-01   6.4193458e-02   6.7484456e-03   6.8923299e-02  -3.6411085e-02   1.9211004e-02  -9.4186529e-02   3.7933501e-02   3.1605646e-01   2.8923013e-01  -1.8605605e-01   3.3153178e-01  -1.3395534e-01  -4.8853936e-02  -3.0643248e-01   2.2486561e-02  -1.4732463e-01  -1.5111493e-01   8.3164262e-02   2.2647284e-01  -1.3529142e-01   7.9261165e-04   1.2999697e-01  -9.7187044e-02  -2.0091315e-01  -5.0584781e-03  -5.4900478e-02  -6.5780958e-02   2.7011562e-02  -1.9894496e-01   4.6956076e-01   3.9289666e-02  -5.6741345e-02   8.7079296e-02   1.3399698e-01   2.3107653e-01  -5.4594380e-02  -1.5563061e-02  -3.6500951e-01  -1.5635214e-01   3.1684162e-01  -6.9139301e-02   1.2425880e-01   4.2102776e-01   5.1909224e-02  -1.9752997e-01  -3.0951978e-01  -2.9997028e-03  -2.0610630e-01   1.7386098e-01  -1.2524692e-01  -8.4977173e-02   9.0696021e-02  -7.8336436e-02   3.4674522e-01  -2.4228231e-01  -2.4393293e-02  -3.0967104e-01  -2.6219907e-01  -2.2080504e-03   3.6366783e-02   1.4331477e-01  -2.4291089e-01  -1.0419638e-01  -3.2053860e-01   1.6732414e-01   2.9650561e-03   2.0555474e-01   1.7564743e-01   1.3415329e-02   2.5247335e-01   8.2848560e-02  -8.4601971e-02   1.9724586e-01  -2.1277052e-01  -3.9329233e-02  -1.2924651e-01  -1.0273810e-01   5.1860866e-02  -1.4376345e-02  -3.0990065e-02   2.3368210e-01   5.1774638e-02  -8.5132890e-02   1.7326174e-01   4.8462124e-02   2.5540177e-01  -1.7374952e-01   2.2082741e-01  -5.9274078e-02
   3.6083810e-01  -3.8165035e-01  -3.6178852e-01   3.0966878e-01  -2.1664748e-01  -2.6125894e-01  -3.5190350e-01   1.4970753e-01   2.1774140e-01  -3.0388073e-01   1.4891722e-01  -3.0987601e-01  -1.3431037e-01   0.0000000e+00   9.6695552e-02  -1.7575264e-01  -5.5616637e-01   1.2738914e-01   1.6848703e-02  -2.7750964e-01   7.5010506e-02   3.7701180e-01   3.8699342e-02   2.8932472e-01   1.0558084e-01   2.3403989e-02  -3.9649540e-01   4.2405815e-01  -1.9216981e-01   4.1502639e-01   2.8370688e-01   4.3177685e-01  -2.8934880e-01  -4.0353803e-01   2.6453211e-01  -3.0213051e-01  -2.1981069e-03  -2.3681563e-01  -1.1556199e-01  -5.7258375e-01   4.2489085e-02  -7.8172943e-02  -1.2068056e-01   4.5196468e-01  -7.1032069e-02  -2.3163250e-01   1.6698521e-01  -1.1940748e-01   5.7964435e-02  -3.9630599e-01  -1.7660887e-02   2.4263359e-01  -1.4280884e-01   6.0015538e-02   3.7046795e-01   3.3833116e-01   1.4426735e-01   1.9473788e-01   3.3202579e-01   3.0636125e-01  -2.2702875e-01   2.1846451e-01   2.5852452e-02   4.3418961e-01  -1.1934872e-02  -2.8652119e-01  -3.4690987e-01   1.9604299e-01   3.1879865e-01  -7.0424989e-04  -5.0705322e-01   2.9877474e-01   1.2450524e-02   4.0997081e-01  -2.4019748e-02   1.6552016e-01  -2.0562064e-01   1.0483338e-02  -1.0024444e-01   1.8982642e-01   2.3062463e-01  -4.2792897e-02  -2.5199419e-01   2.9239654e-01   1.1341788e-01   1.9466772e-01   3.5840624e-02   5.9047384e-01   7.1091286e-02   7.4967681e-02  -1.5869530e-01  -1.2765232e-01  -4.5836386e-01   1.8272350e-01  -2.6396454e-01  -2.9612951e-01   4.0250810e-01  -1.5289880e-02   2.3246243e-01  -1.8684941e-01  -8.8251813e-02   1.1900757e-01   6.6847601e-01   1.4347863e-01   3.6801176e-01   2.1649747e-01  -2.0549233e-02   1.4839505e-01  -3.1864550e-01   2.2178623e-01  -4.8342244e-01   3.0005354e-01   4.0937561e-01  -4.6854308e-02   7.5574883e-03  -2.5297709e-01   1.4250964e-01   2.0669400e-03   5.6717508e-01   2.3073115e-01  -2.4185503e-01  -1.7541974e-01  -1.8123951e-01   3.3547070e-01  -2.9992357e-02   6.2361255e-01   3.0407449e-01  -7.7667563e-02   2.7036825e-01   1.6350734e-01  -1.2289066e-01  -4.8697690e-01   2.2605209e-01   4.8412756e-01   1.4291257e-01   9.2434940e-02  -1.1318091e-01  -3.3144248e-02   4.7081182e-02  -6.7836679e-02   8.1416181e-02  -5.2229775e-02   9.2414448e-02   5.0211479e-01  -1.1034576e-01   5.2064382e-01  -5.3187208e-01   1.4692840e-01  -1.3168177e-01  -1.6072937e-01   3.5366917e-01   6.7240709e-01  -4.3642189e-02  -1.5401035e-01  -3.4051196e-01  -7.2588609e-03  -5.5309125e-02   1.8587243e-01  -2.9304923e-01   5.5272305e-01   2.1783325e-02   2.7012226e-01  -1.1407435e-01   5.3282431e-01   2.4258594e-01  -2.6800336e-01  -7.2218101e-02   5.1220462e-01  -4.8625583e-02  -4.9844986e-01  -8.3965925e-02  -2.3003261e-01   2.1604019e-01   1.2601545e-01   3.2715562e-02  -1.2342953e-01   1.2165670e-01
