   0.0000000e+00   9.6101072e-02   2.4154352e-01   1.6089209e-02  -1.9798755e-01  -3.0282506e-01  -3.1815090e-01  -2.8413781e-01  -3.7134498e-02  -2.0924886e-01  -2.4628640e-01   1.3029242e-01  -2.4372852e-01   5.6453824e-01   1.1682263e-03   2.7672002e-01   2.9204085e-01  -2.2925882e-01  -4.8858661e-02  -2.0875472e-01  -2.1720866e-01  -6.4560021e-02  -1.9393815e-01   5.4952114e-01   1.0169248e-01  -4.9131895e-02  -2.6443352e-01   4.2433285e-01  -5.4153651e-02   1.4478315e-02   1.4004727e-01  -3.7060275e-02   4.3150535e-01  -3.1927499e-01   1.5741284e-01  -2.1557331e-01  -1.2685153e-02   4.2152244e-01   3.5552275e-01  -1.8602824e-01  -2.7672717e-01   2.0258576e-01  -1.2065511e-02  -1.0893075e-01  -3.9605287e-02   5.8094966e-01  -1.3871786e-01  -3.5073180e-01   2.0141505e-02   3.3435970e-01  -1.5273791e-01  -8.2781199e-02  -3.0258997e-01   2.6039312e-01   1.6535571e-01   4.3807345e-02  -1.2374875e-01  -1.1986848e-02  -3.0188733e-01  -8.0106288e-02   5.2952725e-01  -1.7357155e-01   5.1909442e-02   1.8117357e-02  -7.8906344e-02  -4.0157996e-01  -3.3418360e-01   1.6742752e-01  -1.2914730e-01   3.2676745e-01  -1.7955089e-01  -1.6983961e-01  -2.8732054e-01   7.1307566e-01   1.4609301e-01  -8.2739243e-02   4.3269333e-01  -1.9559255e-01  -5.1917276e-02  -8.1023106e-02  -7.8670940e-02  -1.0472122e-01  -2.7309774e-01  -6.0312111e-02   3.9140189e-01  -1.0544238e-01   6.0832650e-02   5.4863974e-01   1.2448854e-01   7.5813477e-01  -5.0882170e-02   4.6868054e-01  -3.2262654e-01  -8.9102943e-02   5.0295144e-01  -5.5027041e-02  -2.0576977e-01  -2.7438485e-01  -1.7745636e-01  -2.8608660e-01   2.3539212e-01  -1.0962434e-01  -4.6865202e-02   3.7596676e-02  -3.0991821e-01  -3.4088363e-02   1.9112845e-01  -2.4686900e-01  -1.1787370e-01  -4.1390990e-01  -4.1832897e-01   2.9376359e-02  -6.2905824e-02   7.4860468e-01   7.1196749e-02  -3.4667654e-02  -1.7689074e-01  -3.2764172e-01   2.7433066e-01   1.1968228e-01   3.2762565e-01  -1.4299365e-01  -8.7403438e-02  -1.4321766e-01   5.5603265e-01   7.0945666e-01  -3.2574723e-01   8.7070441e-02  -1.5359885e-01   4.0275576e-01  -1.5315569e-01  -2.7028498e-01   7.3448615e-01  -1.6219307e-01  -4.6346932e-03  -5.6833186e-02  -2.0846198e-02  -1.4035326e-01  -7.0470941e-02   5.6208332e-01   7.0583035e-01  -9.7938097e-02  -1.7786707e-01   2.4859878e-01  -2.1815042e-01  -2.8542101e-01  -1.5134889e-01  -2.2562697e-01  -2.9647082e-01  -2.0804511e-01   5.0512719e-01  -4.1727743e-02   6.3118194e-01  -2.1160079e-02  -1.1265521e-01   1.9824211e-02   4.9706547e-01  -1.8305527e-01   4.9612659e-01   6.3467125e-02  -7.0029829e-02  -1.8722180e-01  -3.2250628e-01  -3.4901998e-01  -1.1364978e-01  -3.0202077e-01  -3.1268743e-01   3.1805497e-01  -1.2306691e-02  -2.7763511e-01  -4.0931004e-01   7.9343697e-02  -2.2546163e-01  -1.8067501e-01  -3.8434727e-02   2.3060334e-01  -1.9602784e-02
   9.6101072e-02   0.0000000e+00   2.9736308e-01   2.1102750e-01  -8.6728659e-02  -2.2861282e-01   1.1538353e-01  -2.4190310e-01   5.0893115e-01  -3.7815158e-01  -1.5916803e-01   6.5230710e-01  -1.2617520e-01   2.6473438e-01   3.9547200e-01   2.9974580e-02   1.9181756e-01  -1.6234074e-02  -4.1606522e-02  -1.6306824e-01  -7.9276833e-02   1.0976301e-01   5.1300503e-02  -1.3627722e-01   2.4615535e-02  -2.0855857e-01  -3.7342007e-01  -5.6630051e-02  -3.5792234e-02   3.2549960e-01   5.2187605e-01   2.8982101e-02   8.9217597e-02  -1.2869610e-01   4.3325138e-01  -1.5960123e-01  -2.5420340e-03   2.2171233e-01   1.4646977e-01  -3.9437571e-01  -1.5655967e-01  -2.8468898e-01   4.7330478e-01  -8.4138754e-02   4.0987043e-01   1.1330291e-01  -1.7042029e-01   5.0162829e-02   1.5825974e-02   1.2692825e-01   6.7456957e-02  -2.2396535e-01  -1.3146314e-02   3.2482514e-01   1.6457779e-01  -2.0321865e-01   1.6101586e-02   2.1127746e-01  -8.1777822e-02   3.3861395e-01   2.3182428e-01   2.3668260e-01   4.4196497e-01   1.0539571e-01   3.8573796e-01  -2.5044280e-01  -2.7103922e-01   2.4655801e-01  -1.3643054e-01   5.7959163e-03   1.2942850e-01   9.8723598e-02   5.0349821e-02   4.5479874e-02   6.5126827e-02  -1.9608200e-01   1.1351606e-01  -9.4754373e-02   2.8807722e-01   2.3171500e-01  -1.6756898e-01  -1.5494950e-02  -2.0380584e-01  -4.9872611e-02   1.6585286e-01  -2.1359492e-01   1.5801769e-01   2.8520042e-01   4.8810087e-01   1.8563601e-01   3.4886355e-02   1.6099792e-01  -4.9647760e-02   3.7331767e-01   1.8535557e-01  -1.1040829e-01   2.1637242e-01  -2.1651277e-01   2.2576229e-01  -1.1051434e-01   1.2297611e-02  -1.8935040e-01   2.1873829e-01   3.3103732e-01   7.1030632e-02   5.4503942e-02   2.3123433e-01  -1.4208938e-01  -1.1016286e-01  -2.6666529e-01  -3.0064710e-01   1.7286037e-01   2.1683983e-01   3.8714993e-02  -8.4111198e-02   2.4964795e-02  -9.1331291e-02  -1.0080064e-02  -1.8081556e-02   6.0548128e-02  -1.8437715e-01   9.8840954e-02   1.3825090e-01   2.0452702e-01   2.2141827e-01   1.7814295e-01   2.2094114e-01  -6.1774417e-03   8.6857524e-02   1.0198509e-01  -1.9088639e-01  -7.2271024e-02   2.5469069e-01   2.8006243e-01   3.2081874e-01  -1.9723171e-01   1.4371710e-01  -2.2985722e-01  -1.5214269e-01  -4.2669286e-02  -9.8063391e-03  -1.0238498e-01  -1.6591349e-01   5.8733816e-03   1.5934690e-01   9.8190701e-02   2.5599883e-01   1.2855174e-01  -2.0335880e-01   4.5851715e-02   1.6975366e-01   6.8259965e-02   1.1204677e-01   8.4011167e-02   1.5411972e-01  -6.3878341e-02  -2.5548150e-01  -1.3686497e-01   1.8251100e-01   1.3134975e-01   2.9699033e-01  -2.2172035e-01  -3.9944816e-01   3.9273540e-02  -1.2812449e-02   7.4113530e-02  -4.5178523e-02  -2.4229811e-01  -2.6453815e-01  -2.0059636e-01  -1.1038723e-02   5.2530884e-02   1.6974075e-01   2.7895953e-01  -2.8266215e-02  -5.4765114e-02   1.2732257e-01
   2.4154352e-01   2.9736308e-01   0.0000000e+00   1.1515190e-02   1.7897403e-01   3.7414225e-02   1.1172505e-01  -3.8905595e-01   9.8549306e-02   8.7943682e-02  -3.6925939e-01   3.1053993e-01   1.0758064e-01   1.5345260e-01   1.4321916e-01   2.6384864e-01   8.5144602e-01  -1.3548685e-01  -1.5443905e-01   2.0439720e-01  -4.2859689e-01  -2.4709846e-01  -9.0802868e-02   1.3689244e-01  -9.5218667e-02  -2.4793830e-01  -8.8478671e-04   4.1482584e-01   9.3527234e-02   1.6179909e-02   1.8298855e-01  -2.7532546e-01   2.4866721e-01   2.3747190e-02   1.4488442e-01   1.0361846e-01  -1.3493319e-02   1.1555904e-01   2.2134721e-01   1.4293108e-02   5.5585668e-02   1.3161381e-01   9.9226566e-02  -2.1688936e-01   8.0788835e-02   3.6083054e-01  -1.0191600e-01  -6.1249740e-02  -1.1998841e-01   3.6301936e-01  -1.9599025e-01  -3.4926709e-01  -2.2684181e-01   2.5403978e-01  -1.1731468e-01  -2.5414729e-01   2.7976265e-02  -1.7748168e-01  -8.9471284e-02  -1.6487820e-02   4.5652148e-01   4.1516196e-02   1.6639897e-01  -2.0960707e-01  -5.1452822e-02   8.9828997e-02  -8.7968226e-02   1.2864022e-01  -4.5269944e-01   5.3139433e-01   1.8481553e-01  -1.8454170e-01   7.6247644e-02   3.3853686e-01  -9.9554989e-02  -2.6721089e-01   2.9094295e-01  -4.6781102e-01   1.2261655e-01  -1.1704179e-01  -3.7956680e-02   8.6389274e-02  -2.5357678e-01  -2.4393063e-01   3.0582225e-01  -2.9622578e-01   2.7181799e-03   2.9923136e-01   2.4875088e-01   2.9301825e-01   1.4961618e-02   4.5029591e-01   1.2949987e-01  -3.2004746e-02   1.9000032e-01   1.2233799e-01   1.3646630e-01  -3.0143602e-01   2.0432697e-01  -1.2649553e-01   2.0454046e-01  -1.5302017e-01  -1.9743241e-01   1.8965537e-02  -2.9752942e-01  -1.8987886e-01   3.4505729e-01  -2.9527457e-01  -1.3909555e-01  -2.5257914e-01  -2.0250768e-01  -2.0805725e-01  -4.8406066e-03   1.9598426e-01   3.4083834e-01  -3.7170568e-02  -4.0898221e-01   1.6253991e-01   2.9673255e-01   1.1446497e-02  -1.0293626e-01   2.8908071e-01   1.4988715e-01  -2.9397489e-02   3.0613406e-01   3.4416784e-01   1.4504002e-01   3.8262336e-03  -1.1711446e-01   5.4696819e-01  -1.4218097e-01  -5.1995622e-02   3.1832610e-01  -4.9085213e-02   1.7059148e-02  -3.3355456e-01  -4.9283263e-02   5.0427070e-02  -3.3246098e-01   4.3086948e-02   2.1059553e-01   1.1305961e-01  -4.3103222e-01   2.5290134e-01   1.6251696e-01  -2.7919745e-01   3.0681485e-01   7.7281894e-02  -7.3677627e-02  -3.6365508e-01   4.5234337e-01  -2.2240139e-01   2.2832891e-01  -2.3608819e-01   6.1618533e-01   7.0547832e-02  -4.8171574e-02   8.5457942e-02   4.1895408e-01  -1.0268046e-01   4.9035705e-02  -4.9804018e-01  -8.3560110e-02  -3.0172964e-01  -1.6205325e-01  -8.0915802e-02   3.5154618e-02   3.2817501e-02  -2.6127248e-01  -1.3423632e-01  -5.2245245e-02   9.5583461e-02  -1.3879580e-01   2.4857790e-01  -7.7093311e-02   1.8085265e-01  -8.8989886e-02
   1.6089209e-02   2.1102750e-01   1.1515190e-02   0.0000000e+00  -4.9211260e-02  -4.3272512e-02   5.4014576e-02  -2.9772518e-02   1.1979466e-01  -7.5651222e-02   7.4761251e-02   4.1131115e-02   1.9702110e-01  -5.9594340e-02  -1.3794299e-01   2.1154343e-01  -4.2132780e-02   3.1857718e-01   6.5461231e-02   5.7843923e-02   7.4639116e-02   3.3629483e-01   5.8645103e-02  -2.6203729e-01   3.3447987e-01  -1.9293980e-01  -1.2714188e-01  -2.4811527e-01   1.2117792e-01   3.0544286e-01  -1.6656572e-02   4.1235173e-01  -1.3224531e-01  -1.5721014e-01  -5.1222432e-02  -2.1295837e-02  -1.3246558e-01   5.6743213e-02   2.7050004e-01  -1.7458360e-03  -5.9615414e-02  -3.9944946e-01   2.9274918e-01  -2.2821056e-01   2.8213625e-01  -2.5766077e-01   8.1461958e-02  -4.2302522e-02   5.4806554e-01  -9.4491435e-02   3.9931383e-01  -1.2290423e-01  -1.5429579e-01   5.6949077e-01   1.5744354e-02  -1.7597388e-01  -1.9302802e-02   3.6298454e-01   3.4447942e-01   2.8688793e-01  -9.7082138e-02   4.0381927e-01   2.8192566e-01  -1.8845738e-01   3.5340118e-01  -3.5277164e-02   4.1702951e-02   5.0936301e-01   2.9912214e-01  -2.6816830e-01  -5.1996878e-02   4.3486014e-01   1.7849802e-01  -1.8382301e-01   5.2448479e-01   7.4175836e-02  -3.8945300e-01   3.7148964e-02   2.5296888e-02   3.9324703e-01  -2.6375704e-01   1.6175254e-01  -1.0294556e-01   2.2959914e-02  -7.2135075e-02   1.3924927e-01   2.0783639e-01  -1.3325301e-01   5.8331090e-02   4.9581812e-02  -2.1954451e-01  -3.1064140e-01  -9.8216008e-02   2.3934048e-01  -6.7933008e-02   1.5703904e-01   5.9678304e-01  -2.0882612e-02   4.1301973e-01   1.6495092e-02  -3.8971067e-01  -3.9796380e-01  -3.9721963e-02   1.9210622e-01   3.0569453e-01   4.3015714e-01   3.2162192e-01   1.3395082e-01   3.2677908e-01  -1.3379360e-01  -9.2947580e-02   2.9357756e-01   7.4685988e-01  -3.9554318e-03  -5.1396882e-02  -8.0281674e-02  -1.2460630e-01   1.1756808e-01  -3.1254204e-01   6.3305165e-01  -4.5989825e-01  -5.8248156e-02   3.8738115e-01   9.8179292e-02  -1.0719806e-01  -8.3980426e-02   1.7606333e-02   2.9759558e-01   5.7592748e-01  -3.4023674e-01  -2.7930872e-01  -1.1857844e-01  -1.6015201e-03   1.2335104e-01   5.0577386e-01   3.5790814e-02   2.5743665e-01  -1.3070982e-01  -1.8302994e-02  -8.7636617e-02  -1.8733248e-01  -4.6146076e-02  -1.6453540e-02  -2.1348543e-01   1.3890987e-02   1.7250570e-01   1.7456521e-01  -6.6352164e-02  -3.5785073e-02   1.1615094e-01  -2.2242836e-01  -1.7999802e-01  -2.4066438e-01  -6.9323840e-02   1.1196401e-01  -7.1956199e-02  -4.3457220e-01   1.0748305e-01  -3.1335920e-01  -3.5436541e-02   5.4749783e-01   6.6027205e-02   8.7619992e-02   4.1358492e-01   4.2041751e-01  -3.9774562e-02  -2.7437504e-01  -2.3948538e-01   9.2738825e-02  -2.8821918e-01  -7.3668424e-02   2.5637671e-03   4.6354175e-01   9.4888526e-02   3.9182658e-01  -5.5704674e-01   4.9696025e-01
  -1.9798755e-01  -8.6728659e-02   1.7897403e-01  -4.9211260e-02   0.0000000e+00   2.1653239e-01   3.3753439e-01  -5.1838805e-01  -2.0381928e-01   5.8564636e-01  -1.6567780e-01  -1.7079039e-01   4.2426077e-01  -4.2897503e-01  -1.7280386e-01   4.6954782e-01   2.5781527e-01   1.2362220e-01  -4.0980749e-01   8.9758127e-01  -1.6124776e-01  -5.2730244e-01  -1.6171508e-02  -3.4832584e-01   3.7937470e-02  -6.2247712e-01   5.6645280e-01  -1.1680034e-01   2.4221715e-01  -1.7381079e-01  -1.3591802e-01  -5.3512644e-01  -1.0874390e-01   1.7325623e-01  -3.6638493e-01   8.9998425e-01   3.6894560e-01  -6.4636923e-02   4.1730010e-01   5.4604560e-01   5.1299787e-01   1.4761844e-01  -1.5348201e-01  -4.4538793e-01   1.1199608e-01  -3.3339971e-01   4.7716180e-01   4.3934769e-01   2.1752948e-01   2.4361624e-01   3.4448247e-02  -5.6087214e-01   4.9322427e-01  -1.3794567e-01  -4.7217871e-01  -5.0359891e-01  -3.5903071e-01  -5.8361460e-01   2.2290380e-01  -4.2655008e-01  -4.4037848e-01   2.2312545e-01  -1.7710881e-01  -4.0182314e-01   2.8925788e-01   5.5676196e-01   1.8675547e-01   7.8774687e-02  -4.6086185e-01  -1.6461090e-01   5.7063391e-01  -2.1858558e-01   3.8190209e-01  -9.7701661e-02  -2.5354686e-01  -6.1354676e-01  -2.7071861e-01  -5.7765047e-01   4.7968066e-01   1.7267422e-01  -1.0632684e-01   5.0680831e-01  -3.6362259e-02  -6.5211124e-01   3.8866620e-02  -5.7197701e-01  -2.4341884e-01  -3.0114515e-01  -2.3650929e-02   3.2168491e-02   6.3292850e-01  -4.1760130e-01   6.0611039e-01  -4.7480888e-01   1.2181221e-01   7.1933824e-01   2.5510010e-01  -4.1365632e-01   6.0483647e-01   5.3286307e-01  -4.7704641e-02  -2.4882173e-01  -2.0065391e-01  -4.4644229e-01  -3.8150328e-01  -4.7443886e-01   2.1017821e-01  -5.4147230e-01   3.8721888e-01   3.1201280e-01   1.4944487e-01  -4.8239264e-01  -1.1535897e-01   8.7443938e-04   9.6463936e-02   5.0262669e-01  -5.2756917e-01   4.7317507e-01   3.4523400e-02  -4.2620207e-02  -4.5795488e-01   8.5037738e-01   3.9256897e-02   1.9899485e-01  -3.7214526e-01  -3.5647776e-01   3.4811507e-01   3.0256398e-01  -4.1773390e-01  -2.5683753e-02   3.0895719e-01   6.2302583e-01  -2.4575605e-01  -2.8260991e-01  -4.1053752e-01  -6.5216516e-01  -9.5618000e-03   5.0842598e-02  -6.7183466e-01  -1.0418937e-02  -1.5051067e-01   1.1514049e-01  -3.9019443e-01  -1.4565690e-01   1.9890937e-01  -1.1568902e-01   4.5245757e-01   6.6091297e-01   4.0060279e-01   1.2048654e-01  -1.6194620e-01  -5.3483020e-01  -3.3462457e-01  -1.1010765e-01   4.9890693e-01   1.6063011e-01  -2.1520863e-01   4.3240839e-01  -3.0506278e-01  -3.6618687e-01  -6.0043291e-02  -4.6550235e-01   4.8658033e-01  -2.5186151e-01  -3.4657987e-01   4.6395155e-01   2.9213034e-01  -4.5059756e-01  -4.5725559e-02   4.9659728e-01   5.7723995e-01   3.3525811e-01   1.0872866e-01   6.2239369e-03  -4.7691516e-02   5.6752717e-05  -3.9050925e-01
  -3.0282506e-01  -2.2861282e-01   3.7414225e-02  -4.3272512e-02   2.1653239e-01   0.0000000e+00   6.4489421e-01  -9.7006548e-02  -3.6841170e-01   5.4173449e-01   3.6109824e-01  -3.3405016e-02   8.5626921e-03  -4.1486897e-01  -1.4549510e-01   1.5667593e-02   1.2463609e-01   5.5364699e-01   2.1491294e-01   2.7785794e-01   1.1569821e-01  -1.6162988e-01   2.4643509e-01   2.7697674e-02  -1.3444505e-01  -1.9131858e-01   5.3050715e-01   2.5872789e-02  -1.1185917e-03   2.0042758e-01  -3.2540490e-01  -1.2867965e-01  -1.9484499e-01   3.8373899e-01  -4.1987241e-01   3.3293425e-01  -1.7223707e-01  -1.4586944e-01  -1.0277116e-01   3.5712356e-01   5.8403218e-02   1.1744932e-01  -2.3846055e-01   1.5192062e-01  -5.3228378e-01  -2.2980651e-01   5.6533213e-01   5.7766163e-01  -1.8672840e-01  -3.7640343e-01   4.0387779e-01  -2.0792221e-01   2.4290753e-01  -3.9965262e-01  -2.7758876e-01   2.5041262e-01   4.2744420e-01  -3.8874343e-01   1.2986236e-02  -4.3792705e-01  -2.3586521e-01  -3.7593842e-01  -5.6614860e-01  -3.0276342e-01  -4.9650513e-01   5.4557511e-01   7.7240806e-01  -2.9200666e-01   1.2089051e-01   2.8670920e-01  -9.7608424e-02   5.3091879e-02  -5.5882438e-02  -1.7631803e-01  -4.1494005e-01  -1.3349723e-01  -1.4364165e-01  -2.1841020e-03  -5.0355996e-01  -3.6811395e-01   5.2500493e-01  -8.7724864e-02   3.5170753e-01  -9.2804683e-02  -5.3296956e-02  -1.3329331e-01  -3.8170409e-01  -3.9540842e-01  -5.6972541e-01  -1.7102550e-01  -3.0738911e-01  -2.3742797e-01   2.3100484e-01  -4.0285786e-01  -1.6611468e-01  -2.0748881e-01  -1.6933071e-02  -1.4266200e-01  -1.3106943e-01   4.3671495e-01   1.3303960e-01   1.4392997e-01   4.4007003e-01  -6.3320069e-01   6.2220230e-02  -1.7420218e-01  -1.2644046e-01  -9.4312577e-02  -8.1938587e-02   7.3506066e-01   3.9145456e-01   4.2195481e-02   2.8342830e-02  -2.7831347e-01   7.2060088e-02  -3.0285133e-01  -2.1857731e-01  -2.8412946e-02   3.3307409e-01   1.0375130e-01  -1.7422834e-02  -5.0606734e-02  -2.5311177e-01  -2.2872648e-01  -2.6397163e-01  -1.5297802e-01   1.2214878e-01  -2.3763906e-01  -1.4129540e-01   2.6457424e-01  -2.1025885e-01   2.1165297e-01  -3.0269917e-01  -3.7117735e-02  -3.8234568e-01  -1.8226064e-01  -4.9647575e-01   4.9753740e-01  -1.2199990e-01  -1.2043582e-01   5.2307467e-03  -6.3251032e-02   2.1421912e-01   2.9173765e-01   3.7058713e-01   5.2214522e-01  -1.7365050e-01   1.5247402e-01   7.5725339e-01   7.5782246e-02  -1.5227340e-01   1.5236855e-01  -3.6298311e-01  -4.2107748e-01   2.9602484e-01   1.8791932e-01   1.9014612e-03   6.2689401e-02  -3.4465532e-01   2.4029342e-01  -3.4925212e-01  -9.3996972e-02   4.8467619e-01   2.4587529e-01  -2.9810669e-01  -2.9685359e-01   7.1400193e-02  -8.3637432e-02   6.8518494e-02   1.9531148e-01   8.8550977e-02  -9.6439338e-02  -5.3158848e-02   4.2738473e-01  -9.5407387e-02   3.0440113e-02  -3.3754283e-01
  -3.1815090e-01   1.1538353e-01   1.1172505e-01   5.4014576e-02   3.3753439e-01   6.4489421e-01   0.0000000e+00  -2.1721159e-01   4.3092911e-02   4.1451216e-01   2.5349453e-01   2.4497208e-01  -1.6133788e-02  -5.0892322e-01   8.7390606e-02   3.0639365e-02   9.0241993e-02   4.6420197e-01  -9.9876925e-02   3.8359982e-01  -1.5262121e-02  -9.2454670e-02   1.4190506e-01  -1.0765480e-01  -2.4270532e-01  -2.7957115e-01   5.8249091e-01  -2.3754599e-01   1.6620512e-01   2.9417167e-01  -9.7958435e-02  -1.0424275e-01  -1.4951389e-01   5.8267219e-01  -1.3388211e-01   3.9642388e-01  -4.2606203e-02  -6.2738961e-02  -2.8860878e-02   2.9168489e-01   2.4446614e-02  -9.7040785e-02   1.8422115e-01  -7.4114095e-02  -9.0809002e-03  -3.0481100e-01   4.6757811e-01   8.3502802e-01  -2.6628010e-01  -2.3842340e-01   4.3549906e-01  -2.8604626e-01   4.4521274e-01  -3.1353283e-01  -2.5207522e-01   3.4928234e-03   8.6965627e-02  -2.2349879e-01  -1.1351690e-01  -2.8970494e-01  -2.1593014e-01  -7.6434761e-02  -1.7765812e-01  -1.7532370e-01  -1.0967857e-01   6.4495341e-01   5.4103153e-01  -2.2801371e-01   9.6050874e-02   7.2447439e-02   1.5451369e-01   2.1398474e-01   4.1303315e-02  -3.6290927e-01  -3.5784415e-01  -2.3681344e-01  -1.2648972e-01  -1.3069832e-01  -1.9652772e-01  -2.4476547e-01   4.1803607e-01   2.5570204e-03   2.6348177e-01  -1.8988979e-01  -2.7027729e-01  -2.1765809e-01  -2.4369139e-01  -3.9536127e-01  -2.2763631e-01  -1.8193390e-01  -1.1619609e-01  -2.4342991e-01   4.3709485e-01  -9.8344452e-02  -1.6643182e-01  -6.3693705e-02   1.6366106e-01  -2.1988089e-01   2.3950777e-01   5.7660051e-01  -2.3272949e-01   1.6323405e-01   4.5883553e-01  -4.5762855e-01   1.2590988e-01  -1.9749604e-01  -1.0935683e-01  -1.2795134e-01  -5.3800144e-02   5.9215618e-01   4.2435406e-01   1.0498331e-01   1.3405339e-01  -3.0782897e-01  -1.0652107e-01  -1.1231402e-01  -1.4633274e-01  -3.1943507e-02  -5.7847584e-03   9.3900897e-02  -1.5930609e-01   1.8123981e-01  -8.7280861e-02   2.2708495e-02  -3.3243557e-01  -2.0573303e-01   4.6545825e-01  -2.2491340e-01  -1.1655157e-01   4.7873119e-02  -8.0077348e-02   4.2876173e-01  -2.7329139e-01  -5.9075960e-03  -1.2494133e-01  -2.9593988e-01  -3.4584452e-01   2.2772836e-01  -2.2338917e-01  -1.4879624e-01  -6.3716221e-02  -1.2305924e-01   1.6257541e-01  -3.5227224e-02   6.0971784e-01   5.5231737e-01   1.4040930e-01   4.7308706e-01   7.3582212e-01   1.5178165e-01  -3.4061321e-01   1.0545352e-01  -3.2449134e-01  -2.1005183e-01   3.3717118e-01   1.9232344e-01  -1.4014707e-01  -1.0150807e-01  -2.8413967e-01   2.1496641e-01  -1.3196891e-01  -1.5077744e-01   2.5511876e-01   2.5730273e-01  -2.3681567e-01   3.0143697e-02   3.7068415e-01  -2.5952132e-01   5.6068187e-02   2.8567588e-01   4.7177954e-01  -1.2152062e-01   2.0477663e-01   2.9688900e-01  -1.4209898e-01  -5.4637281e-02  -2.4052127e-01
  -2.8413781e-01  -2.4190310e-01  -3.8905595e-01  -2.9772518e-02  -5.1838805e-01  -9.7006548e-02  -2.1721159e-01   0.0000000e+00   1.0526656e-01  -2.1465586e-01   2.6949556e-01  -8.2517860e-02  -1.5112295e-01  -2.1688741e-02   9.3688791e-02  -5.8192526e-01  -3.9273536e-01  -4.7334327e-02   4.3978384e-01  -5.1294966e-01   1.5050816e-01   5.3622711e-01   7.3227991e-02  -1.1562919e-01  -1.4619108e-01   8.3791044e-01  -3.2056022e-01  -1.1071211e-01  -1.2862935e-01  -9.6131000e-02   5.0248715e-04   6.0922600e-01  -3.0416654e-01  -3.1402767e-02   1.4065959e-01  -5.8011069e-01  -2.0364385e-01  -4.2381281e-01  -5.7592053e-01  -2.7495197e-01  -1.5948789e-01  -2.4111135e-01   8.9142442e-02   5.3112556e-01  -9.9430892e-02  -3.6518838e-02  -3.6557498e-01  -2.6430004e-01  -1.4925319e-01  -3.2871723e-01  -1.6545737e-02   8.7803604e-01  -2.6207903e-01  -5.0479857e-02   1.6032209e-01   4.9506318e-01   2.4227196e-01   5.6227897e-01  -6.6715322e-03   3.9674617e-01   3.6112446e-02  -7.5766465e-02   1.0935715e-01   2.7821532e-01  -1.5443873e-01  -2.4441740e-01   4.3548393e-02  -9.5270697e-02   4.5169593e-01  -1.2977260e-01  -3.8565025e-01   2.1740228e-01  -1.3117256e-01  -3.4787357e-01   1.3937303e-01   8.3398559e-01  -1.1877003e-01   6.0376432e-01  -3.2570981e-01  -1.8680906e-01   5.8256154e-02  -2.9865048e-01   2.2434398e-01   7.5008361e-01  -3.7344153e-01   8.2407502e-01   5.5690977e-02  -1.1581381e-01  -8.3595569e-02  -5.8560468e-01  -3.6195032e-01   4.7769874e-02  -2.5641058e-01   3.2964253e-01  -5.3249320e-01  -3.6060771e-01  -1.4464295e-01   8.6102469e-01  -3.3688341e-01  -2.3512770e-01  -1.8130079e-01   3.2162305e-01   1.8996661e-03   3.3687182e-01   4.9997282e-01   5.0409819e-01  -3.7352929e-01   8.8095900e-01  -1.6806437e-01  -3.5593890e-02   2.9093760e-01   4.5123963e-01   5.0971548e-02  -4.2828719e-01  -2.0222991e-01  -2.4753940e-01   7.4392680e-01  -1.7721622e-01  -2.8345071e-01   3.0271667e-02   1.1813313e-01  -5.1190872e-01   8.9391264e-02  -1.4142555e-01  -1.0584065e-01  -1.9344341e-01  -1.5119842e-01  -2.0556931e-01   5.3513426e-01  -3.3850217e-01   6.3782522e-02  -3.3964541e-01  -9.7205376e-02   1.1156225e-01   3.1018622e-01   8.7349338e-01  -4.5818795e-02  -1.0565076e-01   8.3183842e-01  -3.7655586e-01  -3.2133313e-01   4.2389270e-02   5.8597144e-01  -1.6749398e-01  -1.1548868e-01   4.6933415e-02  -3.6899479e-01  -3.9927704e-01  -1.8705613e-01  -6.7261146e-02  -2.3416830e-01   4.4148993e-01  -4.8056822e-02   1.2620630e-01  -4.3987943e-01  -2.8955288e-01  -8.0610284e-02  -2.6047234e-01  -5.2008915e-02   2.7013460e-01   1.5980788e-01   7.3493340e-01  -4.4048673e-02   3.4317986e-01   5.4804890e-01  -8.2351893e-02  -1.0831451e-01   3.6559282e-01   1.7007031e-01   1.3972542e-02  -2.3598911e-01  -4.2891932e-01   3.7686798e-02  -1.6182855e-01   1.0100863e-01  -1.5251877e-01   4.5252728e-01
  -3.7134498e-02   5.0893115e-01   9.8549306e-02   1.1979466e-01  -2.0381928e-01  -3.6841170e-01   4.3092911e-02   1.0526656e-01   0.0000000e+00  -3.8392227e-01   1.1718898e-02   5.2676688e-01  -2.2521667e-01   9.5011310e-02   4.3240411e-01  -1.3624139e-01  -3.8275136e-02  -9.3606999e-02  -1.0965440e-01  -1.8828052e-01  -1.6017706e-01   4.0443282e-01  -7.7245278e-02  -9.2755504e-02  -2.9043820e-02   2.9421491e-02  -2.1483024e-01  -1.9331104e-01   1.5506594e-02   2.7138596e-01   4.8259831e-01   3.0682915e-01  -2.9651851e-02  -1.4098618e-01   6.5044022e-01  -2.4242940e-01   8.3494647e-03   1.4590079e-01  -1.1268637e-01  -3.3645950e-01  -1.5246467e-01  -3.6116864e-01   7.7844872e-01   3.6090067e-02   5.8448861e-01   1.4279527e-01  -1.7920130e-01  -7.9273816e-02  -1.5695874e-01   1.1132174e-02   9.7422618e-02   4.8346545e-02  -1.2983998e-01   2.1538995e-01   2.8203019e-01  -1.6420478e-01  -1.4111528e-01   4.6633603e-01  -1.6892475e-01   6.2962260e-01   2.5393683e-01   2.1749881e-01   7.8867014e-01   3.9658221e-01   4.1127664e-01  -3.1329389e-01  -4.1640156e-01   2.4902116e-01   6.5930406e-02  -7.9308288e-02  -1.9206026e-02   2.1418567e-01  -2.4307854e-02  -1.9335202e-01   1.2344956e-01   1.3884141e-01   1.6377562e-01  -1.5446651e-02   3.2975286e-01   8.4200719e-02  -1.7900271e-01  -9.6236974e-02  -3.3501694e-01   1.5301648e-01  -1.6625894e-01   9.9075677e-02   8.7975452e-02   1.4762629e-01   5.9031689e-01  -9.1373825e-02  -3.1104851e-03   2.1425245e-01  -1.1778709e-01   7.7505242e-01   1.1361070e-03  -1.4601277e-01   5.6603181e-02   1.2275495e-01   1.9938842e-01  -2.5935908e-01  -2.9351057e-01   1.1849093e-01  -5.2607273e-02   6.6735745e-01   2.1879003e-01   2.5487083e-01  -3.3043524e-02   1.5638232e-01  -2.4577176e-01  -2.2888768e-01  -2.4179937e-01   2.2379370e-01   2.5362655e-01  -8.6710891e-02  -2.1694964e-01   3.3991407e-02   2.0518627e-01  -5.9228077e-02  -2.6374496e-01   6.1323859e-02  -6.6907626e-03  -4.6455543e-02   4.2099013e-01   3.3476329e-01   1.2700542e-01   8.9180171e-03   2.6356728e-01  -1.4315137e-01   2.7710813e-01  -1.0429416e-01   4.7261807e-03  -1.2047077e-01  -2.0965689e-02   2.6418669e-01   5.2423127e-01   1.5848512e-01   1.1481665e-01  -3.4109826e-01   1.4587408e-01  -4.9178838e-02  -5.3709150e-02  -1.1491016e-01   5.9656321e-02  -1.4573759e-01   8.6490079e-02  -1.1867386e-01   3.6983076e-02   1.6954314e-01  -1.1997962e-01  -1.2418146e-01   1.2198271e-02   9.9654721e-02   2.1063467e-01   2.3142266e-01  -8.0270280e-02  -3.9052998e-02  -1.3530092e-01  -2.5460377e-01   1.7012183e-01   2.2903801e-02   4.5011657e-01   7.3375936e-02  -3.4968168e-01   1.1983420e-01   3.3778423e-01   1.3203297e-01   2.7116162e-02  -9.1447979e-02  -1.5278921e-01  -1.4911620e-01   8.5729226e-02  -1.7386287e-01   3.3914371e-01  -4.1971459e-03  -9.3603232e-02  -1.3461769e-01   3.4311000e-01
  -2.0924886e-01  -3.7815158e-01   8.7943682e-02  -7.5651222e-02   5.8564636e-01   5.4173449e-01   4.1451216e-01  -2.1465586e-01  -3.8392227e-01   0.0000000e+00   1.9968123e-01  -2.7665453e-01   3.7638783e-01  -4.5651772e-01  -1.2793758e-01   2.4062900e-01   2.2038432e-01   3.1759356e-01  -7.3032176e-02   6.6945669e-01  -5.0949508e-02  -3.8033042e-01   2.4251614e-01  -2.4838194e-01  -1.1747224e-01  -3.7612122e-01   5.6315390e-01   3.9501120e-02   1.3577131e-01  -6.3963550e-02  -2.5735950e-01  -2.8167039e-01  -8.0282054e-02   3.6181906e-01  -4.0199026e-01   6.7153181e-01   2.2051137e-01  -6.0373303e-02   1.6209883e-01   6.1354001e-01   4.0947536e-01   1.6065979e-01  -2.4213049e-01  -4.5218035e-02  -2.9068926e-01  -3.3738875e-01   5.3399013e-01   4.2802573e-01  -3.2919468e-02   1.2768012e-01   2.6240752e-01  -2.5736527e-01   3.1009925e-01  -3.2328282e-01  -4.2843194e-01  -3.8876376e-02  -4.5218907e-02  -4.7677480e-01   9.4590843e-02  -4.6816019e-01  -3.9032471e-01  -2.0954553e-01  -3.5660868e-01  -2.8931392e-01  -2.1604037e-01   7.4363810e-01   4.9243618e-01  -9.9838446e-02  -1.8273714e-01  -1.8406662e-02   3.0292733e-01  -1.2332786e-01   2.2831730e-01  -1.6373312e-01  -3.3343587e-01  -2.8981464e-01  -1.8867764e-01  -2.7814419e-01  -1.1224580e-01  -2.3672445e-01   2.1312070e-01   2.3160915e-01   4.1526227e-01  -3.1072237e-01  -4.7887038e-02  -2.6337931e-01  -1.8236035e-01  -3.8259804e-01  -3.3861869e-01  -9.4896975e-02   9.2920233e-02  -3.6386133e-01   4.1860664e-01  -4.3334772e-01  -8.9725607e-03   3.9750332e-01  -1.1775731e-02  -1.7400611e-01   1.3537625e-01   5.0893167e-01   7.8661080e-02   3.1038028e-02  -2.4955760e-02  -5.4953151e-01  -7.5264701e-02  -3.5852016e-01   4.8551435e-02  -2.4018670e-01   2.4173209e-01   4.6441990e-01   4.2692341e-01  -2.8743407e-01  -1.7276982e-01  -8.6536841e-02   1.6789539e-01   8.0555276e-02  -3.3767483e-01   3.1948526e-01   1.5633224e-01   2.3757441e-02  -2.9929805e-01   3.8274041e-01  -4.8565251e-03  -2.6382789e-02  -3.9755622e-01  -3.2990217e-01   2.5457647e-01  -3.1910799e-03  -2.2239950e-01   5.9105033e-02   1.5529235e-01   4.1738681e-01  -3.1914084e-01  -1.3882114e-01  -3.7033983e-01  -3.0238550e-01  -3.6488703e-01   3.7719003e-01  -3.3377048e-01  -4.0829412e-02  -1.0746501e-01   1.4546443e-01  -5.8532466e-02   3.6030424e-02   2.8032923e-01   2.0252527e-01   1.7649116e-01   3.7161615e-01   6.3084314e-01   1.6325484e-01  -2.6747680e-01  -2.4325167e-01  -3.0292075e-01  -2.9638436e-01   4.6104399e-01   6.1762310e-02  -7.3935545e-02   2.8611395e-01  -3.3972811e-01  -1.5689428e-01  -3.2281578e-01  -9.6051350e-02   7.1446615e-01  -2.4290692e-02  -2.6681751e-01   9.0517121e-02   1.5139105e-01  -1.7808731e-01   1.0643846e-02   4.5916688e-01   3.1304390e-01   1.7402324e-01  -7.7446918e-02   1.5217795e-01  -7.3540479e-02  -6.3127779e-02  -3.1489567e-01
  -2.4628640e-01  -1.5916803e-01  -3.6925939e-01   7.4761251e-02  -1.6567780e-01   3.6109824e-01   2.5349453e-01   2.6949556e-01   1.1718898e-02   1.9968123e-01   0.0000000e+00   1.7974268e-02  -1.1524440e-01  -2.8158356e-01   2.0735003e-01  -1.4884299e-01  -3.2203691e-01   5.7911876e-01   3.8048100e-01  -5.4452375e-02   3.9255720e-01   3.8362484e-01   2.8339962e-01   6.3566433e-02  -3.8916057e-02   1.0762876e-01   6.3913117e-02  -1.4724499e-01  -1.9139670e-01   3.4724728e-01  -3.1186796e-02   4.3403519e-01  -1.0350526e-01   1.0013425e-01  -2.4303592e-01   8.3910784e-03  -9.5709835e-02  -1.1497318e-02  -1.7468290e-01  -1.8174678e-01   5.8517405e-02   4.3451895e-02   2.4073700e-02   5.5481003e-01  -9.8100175e-02  -1.4111346e-01   5.0219711e-01   1.7190442e-01  -5.7978690e-02  -4.0081486e-01   6.2538084e-01   1.1758808e-01   7.2706326e-02  -2.4894647e-01   2.1245458e-02   5.2671872e-01   4.0669809e-01   2.6441947e-01   1.8698702e-01   4.5722273e-02  -3.7075912e-02  -3.4385760e-01  -2.0495734e-01   3.1644321e-01  -8.8267269e-02   8.1034433e-02   1.3512093e-01  -1.2490860e-01   6.1700826e-01   9.1554486e-03  -4.6949019e-01   4.1736712e-01  -2.9230297e-02  -2.1639102e-01  -2.0040853e-01   2.4196611e-01   6.2182927e-02   3.0837704e-01  -3.4653286e-01  -2.3323655e-01   2.5223896e-01  -3.0149748e-02   3.3414578e-01   1.7248208e-01  -1.3155927e-01   2.1451075e-01  -2.3859886e-01  -2.8508912e-01  -2.7515362e-01  -3.0221871e-01  -4.4089413e-01  -7.8093891e-02  -9.0751321e-02   1.0919523e-01  -2.1993538e-01  -3.3467210e-01  -1.7122927e-01   1.7009945e-01  -5.9965158e-02   2.0858398e-01  -9.3459436e-02   3.9637767e-01   3.9233674e-01  -9.2245742e-02   6.2253703e-01   2.6530704e-01  -1.3470736e-01   2.7165506e-01  -1.3263826e-01   4.9103035e-01   2.5697291e-01   4.1742579e-01   9.4396862e-02  -2.7158396e-01  -3.0638698e-01  -1.7082168e-01   2.6378822e-01  -1.5786604e-02   8.5623661e-04   1.5830218e-01   1.9316315e-01  -3.4993115e-01  -1.4454205e-01   3.7901686e-02  -8.1390497e-02  -3.6813681e-02   2.2861597e-01  -4.1382455e-01   3.2548659e-01  -5.7704507e-02   2.0524092e-02   3.4023110e-02  -1.6666760e-01   2.5766726e-01   8.8288406e-02   2.1075236e-01  -3.9679374e-01   8.8797108e-02   2.8511376e-01  -1.5475130e-01  -1.3324752e-01   5.9475991e-02   5.7567088e-01   1.0075024e-01   2.1913103e-01   5.7378822e-01  -4.0332485e-01   1.4579599e-01   4.9580508e-01   3.1140120e-01  -1.8636801e-01   3.0210217e-01  -1.1358090e-01   1.2079218e-01  -3.2620398e-01  -4.3019463e-03   2.0244711e-02   3.7854485e-02  -1.0345949e-01   2.5355459e-01  -1.2036104e-01   5.4594279e-01   2.2560013e-01   6.7145986e-01   1.2569356e-01  -2.6062792e-01   1.6230636e-01   1.1871204e-01   1.5707985e-01  -2.2288635e-02  -7.6970383e-02  -4.5051286e-02   3.1199079e-01   1.5031971e-01  -3.2340777e-02  -2.2176904e-01   2.0956013e-01
   1.3029242e-01   6.5230710e-01   3.1053993e-01   4.1131115e-02  -1.7079039e-01  -3.3405016e-02   2.4497208e-01  -8.2517860e-02   5.2676688e-01  -2.7665453e-01   1.7974268e-02   0.0000000e+00  -1.9166646e-01   1.6022482e-01   6.2499702e-01  -4.7653683e-02   1.6754903e-01   8.8861268e-02   4.4042095e-03  -1.9820251e-01  -1.5332514e-01   2.1323054e-01   1.1665106e-01   1.1925082e-02  -7.6061569e-02  -5.4385447e-02  -3.3729560e-01  -6.2269899e-02  -7.1349073e-02   4.2487334e-01   4.3374589e-01   1.3622768e-01  -2.8498120e-02  -8.1076948e-02   5.1012636e-01  -2.4573994e-01  -7.2711765e-02   1.8805321e-01  -6.5048240e-02  -4.1338864e-01  -1.7146581e-01  -1.4666104e-01   6.1325598e-01   5.1379853e-02   3.5659082e-01   2.5172694e-01  -4.8257505e-02   8.3062267e-02  -2.1287378e-01   6.6383827e-02   2.3651142e-01  -4.8156281e-02  -1.7141515e-01   2.5352606e-01   1.9920833e-01   6.5361422e-02   1.9050675e-01   3.1628378e-01  -2.5574506e-01   4.6418736e-01   3.7248890e-01   2.9654065e-02   3.3366466e-01   2.0416158e-01   1.4402211e-01  -2.2692668e-01  -1.5898102e-01   1.8846729e-01   2.5482384e-02   1.5474033e-01  -1.4656848e-01   1.3877323e-01  -1.2672186e-01  -3.7468309e-02  -3.8265622e-03   9.7150753e-02   2.7419274e-01  -1.0154290e-01   1.0939680e-01  -1.2157328e-01  -5.9053338e-02  -1.6811047e-01  -1.7306418e-01   5.4323285e-03  -6.0937238e-02  -6.2477248e-03  -6.1615635e-02   2.9086835e-01   3.2880671e-01   7.9520580e-02  -1.7209761e-01   3.5482338e-01   1.0929728e-02   5.1790146e-01   7.7064916e-02  -2.3679616e-01   1.1247300e-01  -2.6393009e-02   1.3997347e-01  -7.6693323e-02  -2.8146271e-02   1.1292503e-01   2.6489669e-01   2.7332402e-01   2.5655475e-01   1.0538247e-01   7.9787959e-02   7.6531598e-03  -3.0161516e-01  -1.1818877e-01  -1.6423048e-01   3.0585355e-01   1.5863706e-01  -4.2723479e-02  -1.7469821e-01  -1.4864458e-01   4.2233807e-02  -1.5267620e-01   4.4268723e-02   1.2940596e-01  -2.4081185e-02  -1.6921286e-02   2.2682378e-01  -8.7162768e-03   2.6591170e-01   3.3035700e-01   3.5964146e-01  -1.5943732e-01   1.4592183e-01   1.6679021e-01  -1.3115199e-01  -1.6856565e-01   2.8376638e-01   1.8361322e-01   4.4225065e-01   6.7674492e-03  -2.0181624e-03  -2.8722696e-01   8.3530662e-02  -8.0484761e-02   3.2020043e-02  -1.1988914e-01  -3.6495878e-02   3.9710317e-02   3.7228332e-01   1.4229795e-01   1.0565293e-01   4.2142006e-02   6.3636561e-02  -8.0075233e-02   1.6541680e-01   9.1460355e-02   1.5834539e-01  -3.8065096e-02   6.2397709e-02  -1.5612331e-02  -1.3151922e-01  -2.8850235e-01   3.0178550e-01   1.8744012e-01   2.5469118e-01  -1.2131276e-01  -4.2433574e-01   1.3977579e-01   1.1459343e-01  -9.7517794e-03   8.2328629e-02  -7.2962654e-02  -2.9886230e-01  -1.4874560e-01  -7.5498703e-02  -1.4444545e-01   2.3259290e-01   2.3460641e-01  -9.2662978e-02  -6.0678035e-02   2.3718941e-01
  -2.4372852e-01  -1.2617520e-01   1.0758064e-01   1.9702110e-01   4.2426077e-01   8.5626921e-03  -1.6133788e-02  -1.5112295e-01  -2.2521667e-01   3.7638783e-01  -1.1524440e-01  -1.9166646e-01   0.0000000e+00  -3.3531682e-01  -3.3800001e-02   1.5073103e-01   1.6262717e-01   7.9135744e-02  -9.5107134e-02   4.6361000e-01   3.9247727e-02  -3.1101124e-01   1.5988784e-01  -5.9117524e-01   8.7139687e-02  -2.4719135e-01   3.7612863e-02   3.8707682e-02  -9.3511701e-03  -1.0030833e-02  -8.5962147e-03  -3.0740600e-01  -1.8766029e-01   2.0313354e-02  -3.6087527e-01   4.6877483e-01   2.1144176e-01  -1.8662430e-01   2.1420619e-01   1.7960709e-01   7.1187719e-01   4.6153422e-02  -1.3715797e-01  -1.7501229e-01   3.9147057e-02  -3.6477997e-01   1.5996444e-01   3.0202574e-02   4.4548881e-01   6.2249407e-02   6.0020779e-02  -2.3475132e-01   1.7447992e-01   4.4946754e-02  -2.7539489e-01  -1.6094417e-01  -8.9833698e-02  -2.3693152e-01   5.3524156e-01  -1.3904663e-01  -2.9656516e-01   3.1155158e-01  -1.4697380e-02  -1.6252579e-01   1.9337211e-01   3.6241830e-01  -2.3363834e-02   2.6657004e-01  -2.2596189e-01  -1.8125119e-01   2.4954267e-01  -1.2390584e-01   6.7258913e-01  -2.0834922e-01   5.4122398e-02  -2.4912210e-01  -3.4057545e-01  -1.6064480e-01   2.4224638e-01   4.8148799e-01  -2.4863708e-01   6.5418094e-01   1.9642647e-02  -3.5055937e-01  -8.6702243e-02  -1.8792103e-01   7.0289805e-02  -2.5895932e-01   5.2013307e-02  -2.4383971e-01   2.2338879e-01  -3.0200063e-01   2.6596059e-01  -1.5402916e-01  -1.6349829e-01   5.7331913e-01   4.4160596e-01  -7.4827665e-02   4.0830881e-01   2.1669258e-01  -1.0152354e-01  -1.3169942e-01  -2.6976510e-01  -1.3276124e-01  -9.7246772e-02  -2.2792534e-01   9.1954417e-02  -1.4695274e-01   4.7906999e-01   4.9446797e-03   2.1979548e-02  -3.5903222e-01   6.5470176e-02  -1.8449051e-01   9.1233682e-02   1.9689648e-01  -2.9853009e-01   7.8168565e-01  -1.0672049e-01  -3.9040539e-02  -4.4239829e-01   4.2734995e-01   1.0216577e-01   2.1936921e-01  -3.9291147e-01  -3.4818873e-01   2.0332389e-01   3.7275569e-01  -1.0961354e-02  -1.6722502e-01   4.0027254e-01   3.1395584e-01  -1.8132093e-01  -2.7072358e-02   4.9848933e-02  -2.7398224e-01   3.0943640e-01   6.0030718e-02  -3.0226521e-01  -3.5687304e-01  -4.8705690e-01   6.3804105e-01  -1.8542508e-01  -1.9914764e-01   1.7840472e-01  -4.0013753e-03   2.3649706e-01   1.5658472e-01   1.2543793e-01   1.3556370e-01  -2.4879060e-01  -4.6823227e-01  -3.0639104e-01  -1.4074927e-01   3.0413012e-01  -3.4060946e-01  -3.1284844e-01   6.0933383e-01  -3.0624075e-01  -2.9814131e-01   1.0183356e-01  -1.3969522e-01   3.8103922e-01   8.8933167e-03  -1.8729594e-01   2.6211955e-01  -1.1355548e-02  -2.0094524e-01  -1.2946183e-02   1.4650811e-01   2.1395100e-01   2.9503941e-01   9.1068009e-02  -7.4455555e-02   1.0640762e-01  -1.6697849e-01  -9.9221759e-02
   5.6453824e-01   2.6473438e-01   1.5345260e-01  -5.9594340e-02  -4.2897503e-01  -4.1486897e-01  -5.0892322e-01  -2.1688741e-02   9.5011310e-02  -4.5651772e-01  -2.8158356e-01   1.6022482e-01  -3.3531682e-01   0.0000000e+00   7.3589718e-02  -1.4782092e-01   1.2839823e-01  -4.0934512e-01   2.2836516e-02  -4.7328638e-01  -8.7817651e-02   4.2119487e-02  -1.8411221e-02   3.7862372e-01   9.9388568e-02   9.8875602e-02  -5.0452683e-01   4.3350100e-01  -2.6447851e-02  -1.0854705e-01   2.4187517e-01   7.2599173e-02   4.0265708e-01  -3.0955110e-01   4.4006160e-01  -5.1321053e-01  -4.5853335e-02   2.7849525e-01  -2.5946677e-02  -2.6843408e-01  -3.8191753e-01   1.6210573e-01   5.0871131e-03   1.5282055e-01  -7.0066419e-02   4.5093282e-01  -4.7318888e-01  -5.2587336e-01   1.7476031e-02   3.5790905e-01  -3.5977494e-01   1.2071435e-01  -4.5077186e-01   4.0986819e-01   3.7195571e-01   1.2014594e-01   2.5711814e-02   1.1691123e-01  -1.9661340e-01   1.8853993e-01   4.3805304e-01  -9.5164595e-02   1.6113007e-01   1.4184160e-01  -9.4376232e-02  -5.4297951e-01  -3.9112965e-01   3.8930866e-02  -7.5411041e-02   1.1834122e-01  -1.6689855e-01  -2.8301809e-01  -2.3092157e-01   5.2581613e-01   2.5717442e-01   2.1016214e-02   3.7592653e-01   3.4876956e-02  -6.6575671e-03  -2.1508424e-02   3.3944049e-02  -2.2352548e-01  -5.9087953e-02   2.0813643e-01   4.0997792e-01   1.2766443e-04   4.1682189e-01   6.1075946e-01   2.2108533e-01   3.9498726e-01  -9.8030865e-02   4.7404322e-01  -4.3624706e-01   7.3853394e-02   3.5555498e-01  -2.4027448e-01  -2.4036114e-01  -6.4307921e-02  -4.1310799e-01  -5.4502906e-01   5.1334753e-01  -1.7448769e-01  -1.2612945e-01   3.3281880e-01  -2.5461072e-01   7.2448319e-02   2.1869184e-01  -4.0666183e-02  -1.4356786e-01  -5.4136866e-01  -3.5760271e-01   3.4693569e-02  -1.0256195e-01   3.8206614e-01   3.0088072e-01  -1.0015199e-01   8.5615921e-03  -2.8207242e-01   2.7870822e-01  -8.5975768e-02   2.4247914e-01  -2.4996917e-01   2.8880997e-02  -4.1036086e-02   4.6366013e-01   5.9020760e-01  -4.8036615e-01  -4.5068889e-02  -4.8873003e-02   1.9201697e-01  -1.5685564e-01  -3.4517439e-01   6.1190076e-01   1.1311667e-01   2.7471390e-02   8.1908327e-02   2.1432453e-01  -1.7803663e-03   6.6395463e-02   2.7279569e-01   4.0929051e-01  -8.9798541e-02  -1.3975528e-01   2.9933107e-01  -3.1330977e-01  -3.2347200e-01  -6.7922920e-02  -5.0279147e-01  -5.9285046e-01  -1.5752806e-01   5.2026311e-01   1.5089085e-01   4.9442513e-01   9.9047556e-02  -1.2102521e-01   6.1526810e-02   2.2347218e-01  -1.9899835e-01   4.6843951e-01   7.2171041e-02  -2.9860119e-02  -2.0292175e-02  -4.3043528e-01  -3.6316194e-01   3.1918279e-02  -2.1554698e-01  -3.6013239e-01   1.9224816e-01  -1.4025053e-01  -2.7611133e-01  -5.2636217e-01   1.0664841e-01  -3.7147844e-01   2.7263558e-02  -9.9513515e-04   2.0302833e-01   7.2797139e-02
