   0.0000000e+00  -1.0635324e-01  -2.6784989e-01  -1.2033038e-01  -2.4910746e-01   3.2485150e-02  -1.2277722e-01   3.7543133e-01   1.8976034e-01   1.6186546e-01   3.0289191e-01  -1.6833996e-01   6.1193434e-02   1.3485454e-01  -2.6839700e-01   4.6674665e-02  -1.7849023e-01   1.1876300e-01   3.4887403e-01  -3.0141666e-02   1.8196441e-02   2.0736389e-02   1.1028108e-01   5.2170889e-01  -1.0496353e-01   4.2568519e-01  -1.6115290e-01   1.7812460e-01   2.1686500e-01  -4.7353360e-02  -1.9566119e-01   7.4477107e-02   1.1561413e-02   3.4452859e-02  -3.6307174e-02  -2.6846366e-01   1.3890023e-01   3.8468145e-02  -4.7254026e-02   1.3393841e-01   7.8605251e-02  -1.4057066e-01   1.0681089e-01   3.3333634e-02  -2.4601740e-01  -1.5266643e-02   1.4516893e-01  -1.6629818e-01   1.6179785e-01  -1.3216861e-01   2.7323089e-01   3.7825782e-01   8.3286856e-02  -2.5806223e-01  -7.2756642e-02   2.1379670e-02   4.2433780e-01   1.2020256e-01   2.3681713e-01   2.1751685e-01   1.0714330e-02   1.3506281e-01   6.3054840e-02   1.1984929e-01  -2.3879392e-01  -2.1698973e-01  -1.3162295e-02  -3.0675027e-01   1.1842537e-01   2.8821880e-01  -9.0635733e-02   1.4060852e-01  -9.5170816e-02  -2.2790666e-01  -1.8377038e-01   1.7924866e-01   1.4135741e-01  -6.5097535e-02  -1.7885216e-01   1.4353116e-01   3.8974826e-02  -1.2398692e-02  -8.0678300e-02   3.7153974e-01  -1.3800620e-01   2.3869913e-01  -5.4755866e-03  -7.2880726e-02  -9.8025949e-02   6.2333684e-01  -2.3142015e-01   1.3912198e-01  -6.1797265e-02   2.3769161e-01   3.1622071e-01  -1.0315645e-01   1.7778987e-02   4.6414907e-01  -1.8739709e-01  -1.7536453e-02   2.3466646e-01   1.3906240e-01  -2.2373246e-01  -1.2226371e-01   1.3777107e-01   1.6632546e-01  -9.8419968e-02   1.1749070e-01   1.8111948e-01  -3.5116681e-03  -4.5170440e-02  -8.0364927e-02  -1.5490875e-01   8.2200082e-01   7.1691907e-02  -1.1785498e-01   2.0471701e-02   1.1917552e-01  -2.8941088e-01  -7.5978620e-02   5.7974690e-01  -2.7038186e-01   2.3453028e-02  -1.4766544e-01   5.7480701e-01   1.4150782e-01  -2.4487831e-01   8.2811391e-02   1.8663857e-01  -3.4082383e-02  -1.3539995e-01  -7.3890983e-02  -1.6223249e-01   7.8322051e-02   3.0107006e-01   3.2404429e-01  -9.4149037e-02   1.0888113e-01   3.8655806e-01   2.3031095e-01   5.5104235e-01  -1.0247184e-01   3.3180316e-01  -3.4396334e-01  -7.1475487e-02   4.4359207e-03  -1.2873619e-01   6.8516434e-02   1.0568911e-01   6.0395087e-03  -1.7769374e-01  -7.0644640e-03   5.7020142e-01   3.1419030e-01  -2.1111060e-01   1.7583331e-01   5.5395453e-01   3.2980663e-01  -1.1597789e-01   9.4316022e-02   1.5471077e-02   2.8251612e-01   8.3690438e-02   1.7282030e-01   1.7947112e-01  -1.7484207e-01  -8.5701364e-02   1.1449354e-01   4.5059252e-01  -1.5812029e-01  -1.5421595e-01   1.1917287e-01  -2.1016993e-01  -2.9067043e-01  -6.8313325e-02  -2.7672640e-01   8.1046064e-02
  -1.0635324e-01   0.0000000e+00   1.2735864e-01  -9.2027116e-02   2.2027327e-01  -3.3789949e-01  -3.7772842e-02   1.4874741e-01   4.4179573e-01  -3.5669261e-01  -1.7723812e-01   6.6957424e-01  -1.7857943e-01  -1.1940259e-01  -1.8645836e-02   1.4978465e-01   1.7794253e-01  -6.1643863e-02  -7.2529144e-02  -1.4451195e-03  -8.0564565e-03   1.4884632e-01  -5.0646777e-01  -1.6364000e-02   4.3447361e-01   7.3519066e-02  -2.3067036e-01  -2.5432833e-01   1.5895915e-01   2.4014460e-01   2.2940444e-01   3.6797657e-01   1.7482082e-01  -5.3318835e-01   3.0649041e-01   1.6506373e-01  -1.7463667e-01  -2.6200986e-01   7.8203297e-02  -1.7908011e-01  -6.3937931e-02  -3.4319728e-02   2.8757183e-01  -8.8576150e-02   3.5143824e-02  -2.4510232e-02  -3.4438855e-01   3.8580563e-01   3.0059177e-02   3.4668515e-02  -7.5976316e-02   3.8777215e-02  -2.8878083e-01   4.7227266e-04  -1.2082923e-01  -1.5125110e-01   1.1040887e-01   2.4682318e-01  -3.8277285e-02   3.5738913e-01   6.4081316e-02  -1.4235184e-01   4.2688349e-01   2.0761557e-01   4.0019266e-01  -1.7113314e-01  -2.5355813e-01   3.1347131e-01  -1.3924680e-01  -3.5393389e-01   5.3700005e-01  -1.2493309e-01   2.0828858e-01   1.8449038e-01   5.5912068e-02  -8.3226949e-03   6.3856358e-02   2.4839785e-02   1.4934070e-01   4.0883942e-02  -4.4969798e-01  -1.8888206e-01  -1.3209225e-01   5.5787413e-03   1.8072577e-01   1.3087204e-01   5.7594197e-01   5.0857587e-02   2.3449868e-01  -5.7086046e-02   3.9227774e-01  -2.3565744e-02  -3.4886892e-01   3.6135600e-01  -8.6427199e-02   7.3473294e-02   1.0194074e-02   1.2993502e-01   8.7184986e-02  -2.4662794e-01  -3.8432557e-01   2.5617888e-01  -2.3181446e-01   4.6474752e-01   7.0514566e-03   1.3934264e-01  -1.0428119e-01   8.3226132e-02  -1.0443573e-01  -2.8352491e-01  -2.3982760e-01  -1.0166959e-01   1.3047809e-01  -1.5428970e-01  -3.9977715e-01   4.2060479e-01   4.0328720e-02   1.4587496e-01  -4.4998297e-01   2.6900343e-02  -6.7444811e-02   3.0892995e-01   4.5104679e-01   6.9872848e-01   4.5356140e-02   4.5812438e-02   3.7561529e-01   1.3188685e-01   8.0438878e-02  -5.2522626e-02  -2.3050369e-02   1.7084372e-02   6.2874678e-01  -9.9828157e-02   9.7665922e-02   6.4486638e-02   2.5273995e-01  -3.4901962e-01   1.6196907e-02  -1.0711284e-01   1.0976470e-01  -5.3988031e-02   4.5163940e-02  -5.5279166e-02   8.3310109e-02   3.3678467e-01   4.8083546e-02  -4.4146546e-01  -3.7309158e-01   2.7844642e-01  -2.5045184e-02  -3.3097124e-01  -2.7467126e-02   2.5758730e-01   2.3720397e-01  -1.1153967e-01   3.9838124e-04  -5.8939669e-02   5.7483300e-02  -4.5864225e-01   8.8426936e-02   1.0654831e-01  -1.6528728e-01   7.3832496e-02   3.8426274e-01   3.3621170e-01   2.6283840e-02   3.7756107e-02   3.3723163e-02  -5.0195000e-02   8.4992336e-02  -1.6044567e-01  -6.7108827e-02   5.4296055e-02   1.7911975e-01  -3.1989564e-01   2.1305826e-01
  -2.6784989e-01   1.2735864e-01   0.0000000e+00  -3.0707008e-01   6.1055047e-01   3.1965987e-01   1.3542597e-01  -4.4198870e-03  -1.4914646e-01   4.9517918e-01  -3.8275275e-02   3.6906991e-01   3.2363467e-01   2.8529268e-02   1.7953412e-01   1.8148562e-01   8.9840836e-01   1.0243337e-01   1.6196751e-01   6.8515412e-01  -3.0111300e-01  -1.3223059e-03  -2.0386144e-01  -4.0164268e-01   1.4804769e-01  -2.0358457e-02   2.0655643e-01  -2.1058898e-01  -4.8299301e-02  -3.0016279e-01  -3.3119497e-01  -4.5253811e-02   1.8869268e-01   2.7584677e-01   6.1249291e-02   2.7199034e-01   1.6629901e-01   1.7929191e-01   9.1695962e-02   3.9990205e-01   2.9021560e-01   3.5001322e-01   2.1100407e-02   4.5153556e-02  -2.5644200e-01   5.7138363e-01  -1.0659302e-01  -4.8572674e-02   3.5280457e-01   6.5889059e-01   5.4145764e-02  -1.3041405e-01   2.6114553e-01   5.1706876e-02  -7.0952886e-02  -1.4589154e-01  -3.3234473e-01  -1.5319013e-01  -9.5052645e-02  -3.3809091e-01   5.0321076e-01  -3.7918553e-02  -7.1620436e-02  -1.2965422e-01  -2.2005726e-01   5.4701565e-01   3.9512296e-01   2.3079572e-01  -2.6728784e-01   2.8630505e-01   2.2412125e-01  -2.0944014e-01   5.8823032e-01   2.5628301e-01   2.5138757e-01  -1.2113259e-01   5.5728452e-01   7.2464982e-02  -7.7015282e-02  -1.2702753e-01  -2.1264278e-01   2.3048872e-01   4.4565860e-01  -2.9729797e-02   5.2243437e-01  -8.0229133e-02   2.7505034e-02  -1.0202978e-01   4.0598620e-02  -2.7338313e-01  -3.9367233e-02   3.1428747e-01   5.1670786e-01   2.0065402e-02  -1.4350683e-01   5.4480342e-01   2.5545080e-01  -1.7482166e-01   2.7542936e-01   1.8033203e-01   4.4351993e-02  -1.4579722e-01  -1.7944058e-02  -1.4400008e-01  -2.8642552e-01   2.6722390e-02   3.1801093e-01  -1.2033775e-01   1.9926632e-01   3.7737336e-02   4.6743166e-01  -2.7998646e-01   1.2507880e-01  -2.5622760e-01   2.5431520e-01   1.4166709e-01  -4.7532639e-02   4.3667695e-01   3.0786058e-01   1.6709184e-02  -2.0442904e-01   4.4392411e-01   1.1052191e-01  -8.5128947e-02  -3.3138711e-01  -4.1608048e-01   3.1432917e-02   1.6303105e-01  -1.9388027e-01   6.5941820e-01   3.8117055e-02  -9.2355769e-02   2.7193983e-01  -2.7056602e-01  -2.3216348e-01  -7.2580648e-02   2.3631823e-01   2.8645340e-02  -1.5313948e-01   1.4644117e-01  -1.3527099e-01   2.4651947e-01  -2.0513992e-01   3.6662903e-01  -2.6142331e-01  -1.9547409e-01   5.0468598e-01   2.4931781e-01   2.0403040e-02   5.1134958e-02   4.2228518e-01  -3.9883326e-02  -2.4507953e-01  -2.8845670e-01   7.1248980e-01   6.7794801e-02  -3.4698071e-01  -1.2041189e-01   1.2038310e-01  -1.0769804e-01  -2.3040954e-01  -2.1658047e-01   4.7131112e-01  -3.0991349e-01   4.3324986e-02   2.5513944e-01   1.7222087e-01   4.5038904e-02  -3.4183510e-01   4.3476094e-01   2.0189645e-01   9.1763859e-02  -2.8266829e-02   5.3578874e-01  -1.5152171e-02  -8.3004263e-02  -1.9439717e-01
  -1.2033038e-01  -9.2027116e-02  -3.0707008e-01   0.0000000e+00  -2.0116078e-01  -1.4989948e-01  -1.3744656e-02   6.1262351e-03   8.3355202e-02  -1.8220311e-01   7.3883910e-02  -3.2074221e-01   3.9260713e-03  -5.5946134e-03  -1.2059517e-01  -1.6104798e-01  -3.2730201e-01   2.7467858e-01  -3.4615104e-01  -2.6108142e-01   1.6673341e-01   3.7382869e-01   2.5625864e-01  -1.0016003e-01  -6.0873443e-02  -9.0829598e-02   1.0949230e-01   1.5794054e-01  -1.4243022e-01   3.4218328e-01   1.7862360e-01   3.6596940e-01  -5.6221174e-02  -1.4950223e-01  -3.7039128e-02  -6.5599888e-02   7.9423769e-02   2.4497316e-02   1.1222486e-01  -2.2213771e-02  -1.9524272e-02  -7.6454098e-02  -1.0664154e-01   6.9109814e-03   1.4313918e-01  -3.3919747e-01   1.5741968e-01   7.4147198e-02   8.5603761e-02  -9.2787338e-02   2.6449115e-01   1.4553209e-01  -1.5674710e-01  -1.0280662e-01  -3.2585647e-01   1.5190846e-01   5.1348530e-02   4.4209220e-01   2.2118223e-01   1.7894856e-01  -3.2955285e-01   1.1749291e-01  -3.9815233e-02  -7.6322871e-02   7.8731714e-02  -2.6622352e-01  -1.5080246e-01   2.4427402e-01   3.0895619e-01  -1.3053211e-01  -1.8041666e-01   5.6590496e-01  -3.2586350e-01  -3.6089220e-01  -2.7447943e-01   4.0886557e-01  -3.5177137e-01  -5.5412729e-04  -7.3337364e-02   1.6302488e-01   3.8333308e-01  -1.9267691e-01  -2.1049296e-01  -1.9307471e-01  -3.1486992e-01   3.7854678e-01  -6.8502651e-04  -2.5725011e-01  -6.7512269e-03  -3.1585193e-02  -1.5084703e-01  -2.1827595e-01  -1.3855018e-01   2.2391140e-03   6.2517218e-03  -2.8734306e-01   5.9118518e-02   4.0755313e-02  -2.3916155e-01   1.2989509e-01  -5.7836278e-02  -3.0659177e-01   4.3020711e-01   1.9826531e-01   4.6098857e-01   2.9348528e-01  -2.4296704e-01   1.2469886e-01  -1.3213304e-01   1.7198051e-02  -2.9679380e-01   4.9024363e-01   5.0993135e-01  -6.7022679e-02  -2.9921220e-02  -3.0544517e-01   7.2884599e-02  -1.8390783e-01  -5.5292925e-02   4.7508226e-01  -5.7581386e-02  -2.9058311e-01  -2.0461384e-01  -1.7234816e-02   4.0375630e-02   3.0224261e-02   8.2685820e-02  -1.1226278e-01   3.9783373e-01  -3.1753099e-01   1.0066609e-01  -1.6698365e-02  -2.3631422e-01   5.2449840e-02   3.5467443e-01   2.3021459e-01  -9.7261652e-02   4.0027490e-02   2.9690098e-01   1.4900397e-04  -2.4160612e-01  -2.0979781e-02   3.1338450e-01  -2.7691296e-01  -6.8183276e-02   2.9802863e-01  -1.9085788e-01  -1.9723240e-01  -2.5252940e-03   1.9876684e-02  -4.0103329e-01   2.5186531e-01  -1.1606124e-01   6.9526921e-02  -3.1398300e-01  -3.0425672e-02   6.0047900e-02   1.2451050e-01  -1.1645198e-01   3.5261477e-01   1.3855732e-01   2.1220543e-01  -2.7479655e-01   3.8562718e-01   1.2905892e-01  -3.0499678e-01   7.4640037e-02  -2.0304963e-01  -5.1679148e-02  -1.6844793e-01  -1.6327206e-01   1.6879157e-02   3.8801788e-01  -3.7149370e-01   2.1164702e-01   2.7027769e-01   4.1442643e-01
  -2.4910746e-01   2.2027327e-01   6.1055047e-01  -2.0116078e-01   0.0000000e+00   1.0202163e-01   1.2074390e-01  -1.6328338e-01  -5.4745406e-02   2.1860370e-01  -7.4275444e-02   3.6131002e-01   2.1223284e-01  -1.4336766e-01   1.2609345e-01   1.9932409e-01   6.8701773e-01   6.9641247e-02   1.6646531e-01   7.9067420e-01  -7.1719410e-02   9.3058340e-03  -2.9774989e-01  -3.3361396e-01   8.8911329e-02  -1.8620595e-01   2.7310280e-01  -1.4840550e-01   4.4919255e-02  -1.6933294e-01  -1.0351893e-01  -2.4791758e-02   1.6609209e-01   3.1031416e-02   1.5575141e-01   6.6188383e-01   1.1211090e-01   3.4999742e-01   1.7573674e-01   2.3627934e-01   3.0114646e-01   1.4235178e-01   3.5790240e-02  -6.0208550e-02   7.9944695e-02   1.8622993e-01  -7.8816941e-02   2.6157710e-01   5.3012862e-01   3.3818140e-01  -7.8475939e-02  -2.7325135e-01   2.2107269e-01  -1.5570138e-01  -5.1836432e-02  -2.5026915e-01  -2.3471459e-01  -2.3147902e-01  -7.2126218e-02  -2.9207224e-01   2.4131268e-01   1.2916145e-01   8.1773956e-02  -2.7851243e-02   2.5317753e-01   4.9591654e-01   2.7656596e-01   2.9771889e-01  -2.4629811e-01   1.5335511e-02   4.0498171e-01  -1.3797947e-01   4.6799749e-01   6.4476333e-02   6.4144326e-02  -1.7171321e-01   2.7215925e-01  -6.6480327e-02   3.5192496e-01  -9.3288138e-02  -3.9122695e-01   2.0109056e-01   3.4253140e-01  -1.7463221e-01   2.3019216e-01  -1.2107152e-01   1.8385400e-01  -2.7766906e-01   5.3985622e-02  -1.7974643e-01   2.9728219e-01  -2.9328534e-02   3.3575778e-01  -2.6812824e-02  -1.0187236e-01   5.7387328e-01   3.6127718e-01  -2.0069926e-01   4.3332619e-01   2.1046635e-01  -1.4253359e-01  -1.1782389e-01  -7.6189351e-03  -8.0298443e-02  -2.5662731e-01  -4.5342658e-02   1.6195993e-01  -1.3788868e-01   1.0504959e-02   8.3217453e-02   8.6229791e-02  -2.3722299e-01   7.1733289e-03  -2.7585241e-01  -7.5761356e-02   5.2862390e-01  -7.2026717e-02   4.6529780e-01   4.7350506e-02  -7.2958165e-03  -2.2775519e-01   5.4888672e-01   1.1646748e-01   2.0590737e-01  -4.9066776e-01  -4.0230976e-01   1.3225908e-01   4.5886921e-02  -3.9562168e-01   4.7188683e-01   1.2457560e-01   1.9337223e-01   1.1779852e-01  -6.0526862e-02  -3.2619427e-01  -1.8584031e-01   8.1406892e-02  -2.0049441e-02  -2.9728972e-01   3.4622806e-01  -1.8294689e-01   1.2096115e-01  -3.5959791e-01   1.6353931e-01   6.5639273e-03  -9.8009331e-02   2.3036972e-01   2.8905321e-01   9.5188781e-02   2.5881515e-01   1.3175042e-02  -7.9162637e-02  -4.4514490e-01  -1.4955570e-01   5.4438246e-01   2.5555126e-01  -3.1704535e-01  -7.1196581e-02  -1.1797529e-01  -2.1916588e-01   4.9777968e-02  -3.3062923e-01   4.0646091e-01  -2.1779669e-01  -6.4093696e-02   4.5084510e-01   1.5140615e-01  -8.5982560e-03  -5.1453874e-01   4.5295452e-01   4.0359218e-01   2.9431454e-01   2.1443804e-01   4.3307758e-01  -1.2274957e-01  -2.4611490e-02  -1.2939223e-01
   3.2485150e-02  -3.3789949e-01   3.1965987e-01  -1.4989948e-01   1.0202163e-01   0.0000000e+00   5.0571658e-01   1.4345120e-01  -2.3275060e-01   4.4570972e-01   3.3771774e-01  -5.1724366e-05   4.3282544e-02   6.1769550e-02   4.0203328e-01  -1.7133926e-01   2.0746356e-01   2.5165665e-01   4.1980620e-01   2.6741335e-01   7.9875580e-02  -8.7557656e-02   3.5873263e-01  -2.6697022e-01  -1.6335229e-01   8.5994539e-02   5.6969261e-01  -1.5278523e-02  -8.6330385e-02   9.3979817e-05  -3.6955477e-01  -2.3905800e-01  -2.4208906e-01   5.4360271e-01  -1.0127797e-01   2.9428618e-01  -8.6649851e-02   1.1119882e-01  -1.8835640e-01   4.8371311e-01   4.2238749e-02  -3.5323657e-02   5.3241716e-02   2.1881711e-01   2.1321570e-02   5.2205700e-01   5.4907321e-01   2.3611775e-01  -4.1179550e-03   3.5198502e-01   2.4073128e-01   5.8801561e-02   2.4416660e-01  -4.2542759e-02   4.7439151e-02   2.0467435e-01   6.8604053e-02  -1.7837854e-01  -2.2662109e-02  -1.7122001e-01  -5.4348008e-03  -1.3783319e-01  -1.0928769e-01  -1.3739367e-02  -2.8382789e-01   3.0684100e-01   8.4152926e-01  -1.2382245e-01   2.4680027e-01   6.1248048e-01  -2.6440116e-01   2.0823342e-01  -1.8981518e-03  -2.2883246e-02  -4.6565593e-02  -2.3287227e-01   2.2352280e-01   2.8363842e-01  -3.6795723e-01  -2.7288318e-01   2.2060789e-01  -3.3345956e-02   3.8280350e-01   2.8921215e-01   3.7823744e-01  -1.6434055e-01  -4.4434993e-01  -6.6810044e-02  -1.8157853e-01  -1.5749499e-02  -1.4779750e-01   2.8712209e-01   7.1722587e-01  -1.8578223e-01  -7.6406640e-02  -5.3625158e-02  -1.5863755e-02   3.8934829e-02  -2.4422002e-02   1.5695162e-01   7.0891913e-02  -1.2623832e-01  -1.4581662e-01  -1.0073024e-01   1.1342776e-01  -2.2626564e-01  -7.3195604e-02   3.7433119e-01  -2.3145578e-01   5.5899279e-01   5.3492794e-01   5.2674132e-02  -1.6076154e-01   5.3350204e-02   2.1374559e-01  -1.3711971e-01   3.2525727e-02  -2.7685119e-02   3.8493417e-01  -1.6368809e-01  -1.3829072e-01  -8.3182109e-02   2.6247690e-02  -4.2251905e-01  -9.0462405e-03  -1.1904429e-01   4.0646260e-02  -2.9706369e-01   9.4909601e-03   3.3301611e-01  -7.2477364e-02   7.7280432e-02  -5.3133072e-02  -2.4292747e-01  -1.9637528e-01  -1.1249099e-01  -2.3927548e-01   4.0663425e-01  -2.0807482e-02   6.7614925e-03  -1.6566202e-01  -2.0183626e-01   1.4052789e-01   3.8126441e-01  -7.4933484e-02  -1.2306903e-01   1.0940869e-01   5.4931539e-01   6.2369795e-01  -1.3807657e-01   4.6006904e-01   1.4857317e-01   1.1550011e-03  -1.5966581e-01   8.0476740e-02  -1.6788798e-01  -9.7914182e-02  -1.6853527e-01   2.4898725e-02   4.5955967e-01   1.2617795e-01   1.2735348e-01   3.6612722e-01   1.7544836e-02  -6.6256918e-02  -1.4453716e-01   2.6032911e-01   8.9605707e-02   4.4438254e-02   5.7660311e-01   6.5708883e-02   9.7315089e-02   3.1365287e-01   5.5796977e-01  -2.3773398e-01  -1.8952357e-01   3.9959439e-02
  -1.2277722e-01  -3.7772842e-02   1.3542597e-01  -1.3744656e-02   1.2074390e-01   5.0571658e-01   0.0000000e+00  -1.7235331e-01  -4.1412084e-01   3.7637825e-01   2.2190577e-02   3.7688897e-01  -2.1349475e-01  -2.1367653e-02   5.6606445e-01  -8.4882491e-02  -4.1665007e-03   2.2186369e-01   1.5503305e-01   1.2319651e-01   2.1466665e-01  -3.1702219e-01   2.6867468e-01  -3.4126125e-01  -2.0602439e-01  -1.3885539e-01   3.8688367e-01  -1.0704871e-01   9.3547110e-02  -4.0535812e-02  -6.3914849e-04  -1.3748531e-01  -1.3535190e-01   4.9880872e-01  -2.5682509e-02   2.6425018e-01  -1.3170002e-02  -2.7224108e-02  -1.1785379e-01   1.5864351e-01  -1.4855123e-01  -9.6095166e-02   2.0846511e-01  -5.7423526e-02   2.3329785e-01   1.1015320e-01   2.1804533e-01   6.9786472e-01  -2.1485899e-02  -7.5764370e-02   6.3054738e-02  -7.3864624e-02   2.8085692e-01  -1.6189016e-01  -1.4681047e-01   8.2803024e-02  -6.7168002e-02  -1.8266123e-01  -3.3646836e-01  -3.2279792e-01  -3.3956472e-01  -1.2726715e-01   5.5399871e-02   3.2385157e-02  -6.7975827e-02   4.8991701e-01   4.4132228e-01   1.2004491e-01  -6.0565638e-02   3.1548322e-01   1.8335721e-01   3.1465034e-03  -1.3784559e-01  -1.2138627e-01  -2.4644108e-01  -2.6399815e-01  -2.1183813e-01   5.0169351e-02  -7.6959060e-02  -3.3790459e-01   2.3046486e-01  -7.7705490e-02   3.5103281e-01   3.1451895e-02   3.9791767e-01  -1.6403897e-01  -6.1306913e-02  -3.1734057e-01  -1.7789706e-01  -6.0017282e-02  -6.4580039e-02  -4.1207628e-02   2.5846837e-01  -2.7741073e-01  -2.6336092e-01  -1.8558575e-01  -1.5465384e-01  -1.1794250e-01  -2.3116411e-01   3.7475004e-01   9.3131494e-02  -1.2501266e-01  -7.5267779e-02  -2.1168195e-01   1.3222648e-01  -1.9890830e-01  -2.5292552e-01  -2.7465455e-02  -1.8227769e-01   2.8906063e-01   3.8446833e-01   5.8360665e-02  -9.6581580e-02  -7.2886374e-02   2.6500083e-01   7.4887138e-02  -2.4014710e-01   4.3041287e-03   2.7269442e-01  -1.1048301e-01  -2.3783219e-01  -1.4814712e-01  -9.5964115e-03  -8.4074554e-02  -1.8806116e-01  -1.5647215e-01   2.2121749e-01  -4.3644606e-01  -3.4336792e-01   3.5959823e-01  -2.6581289e-02   4.3863521e-01   7.3524293e-03  -5.5184274e-03  -3.5486342e-01  -3.3356463e-01  -2.0040967e-01   4.5596618e-01  -2.1124057e-01   1.0586157e-01  -3.8290180e-01  -2.6723563e-01  -3.5811761e-02   3.1106741e-01   2.3458120e-01   6.0814641e-02   3.8148784e-01   1.6025739e-01   4.0051415e-01   2.3746888e-01   2.4990180e-01   3.0345735e-01  -2.6951908e-01  -1.3618363e-01   1.3479726e-01  -7.9175429e-02  -3.4601363e-01  -4.2641805e-01  -3.1979538e-01   4.0813298e-01   3.8975463e-01  -5.1906031e-02   5.8824429e-02  -6.9062217e-02  -2.5954487e-01   2.1990227e-01   4.2305323e-01   1.4800092e-01  -2.1255919e-01   3.7291638e-01   3.0688912e-01  -7.6060873e-02   1.2451371e-01   3.5453137e-01  -2.0929331e-01  -4.9392276e-02  -2.0111829e-01
   3.7543133e-01   1.4874741e-01  -4.4198870e-03   6.1262351e-03  -1.6328338e-01   1.4345120e-01  -1.7235331e-01   0.0000000e+00   4.8218796e-01  -8.1747279e-02   1.9550192e-01   9.6194795e-02   6.0837753e-02   7.6786131e-02  -1.4596321e-01   2.4989173e-01   4.6598079e-02   8.3978093e-02   3.0133594e-01  -1.4752655e-01  -1.9319937e-01   2.2145878e-01  -2.2328233e-01   2.0593228e-01   1.4107976e-01   7.4092481e-01  -2.0498657e-01   5.1553364e-02   2.0092635e-01   5.4645514e-02  -8.0144354e-02   3.3195992e-01   2.4161242e-01  -7.6096070e-02   2.9483543e-01  -1.5766800e-01   1.2322057e-02  -2.3706966e-01  -1.0698334e-02  -2.9397742e-02   3.9934670e-02   1.3134837e-01   2.8190401e-01   1.4035087e-01  -1.5317452e-01   1.6406433e-01   7.2434113e-02  -1.2792505e-01   1.3872707e-02   2.5030269e-01   2.3297165e-01   8.6406689e-01  -2.8007537e-02  -1.7263326e-01  -1.5739432e-01   2.7113209e-02   5.5007867e-01   3.0695204e-01   2.9373917e-01   4.1155920e-01   1.4530285e-01  -2.5914117e-02   1.6917107e-01   3.0028134e-01  -5.3160511e-02  -2.5980370e-01   7.3789760e-02  -1.6337702e-01   3.8244939e-01   8.6290008e-02  -1.5235951e-01   1.0385120e-01  -1.3383492e-01   3.2469229e-02  -6.5149752e-02   3.4396892e-01   3.2583151e-01   1.1412422e-01  -1.2071662e-01   7.0898243e-02   1.0092417e-01  -3.2938698e-01  -4.7297190e-02   5.8641606e-01  -6.9146530e-02   3.5305995e-01   2.2490631e-01   2.7068004e-01  -1.4482632e-01   1.3179458e-01  -1.4946429e-01   4.4107600e-01   5.4102935e-02   5.2043826e-01   1.5635338e-01  -5.0492591e-02  -1.1497918e-01   6.2367150e-01  -4.7405387e-02  -2.6313273e-01  -2.7415611e-02   2.2095354e-01  -2.9284519e-02   2.6495765e-01   2.1474793e-01   2.7967079e-01  -1.3009485e-01   6.7112559e-01   4.4878933e-02  -1.3912346e-01  -1.1824574e-04  -9.6377634e-02  -4.0757663e-02   3.3991589e-01  -1.1913744e-02   7.7854211e-03   2.5668733e-01  -1.4128915e-02  -3.5357022e-01   7.3818525e-02   2.4708226e-01  -1.4636547e-01   2.1370906e-01   1.4677304e-02   5.5122057e-01   3.1607037e-01  -7.7392971e-02   1.0987378e-01   4.9751552e-01  -1.5067043e-01  -1.7554705e-01  -1.0681239e-01   2.6975392e-01  -1.2440852e-01   5.0749732e-01   6.4176900e-01   2.8590366e-02  -1.5875985e-01   7.3907591e-01  -8.0643732e-02   2.9664918e-01  -2.1052315e-01   3.5302131e-01  -9.3385556e-02  -2.9035656e-01   7.4243463e-02  -1.0234679e-01  -2.4624506e-01  -1.6196102e-01  -2.1706373e-02  -2.8056042e-03   6.7867412e-02   4.0824930e-01   2.3515222e-01  -1.3623394e-01  -9.6522102e-02   4.3632107e-01   1.9357863e-01   1.6574992e-01   2.6842052e-01  -1.6757016e-01   3.7131202e-01  -1.9709026e-01   1.3097824e-01   4.8750939e-01  -6.2697207e-02  -1.3074850e-01   8.8689836e-02   1.9231930e-01  -8.8138054e-02  -7.5635747e-02  -1.2865210e-01  -2.1888684e-01   5.0296922e-02   9.3562071e-02  -2.5084681e-01   4.0823976e-01
   1.8976034e-01   4.4179573e-01  -1.4914646e-01   8.3355202e-02  -5.4745406e-02  -2.3275060e-01  -4.1412084e-01   4.8218796e-01   0.0000000e+00  -2.6543006e-01  -5.4501529e-02   1.7695170e-01  -2.8959151e-03  -4.6601568e-02  -4.4196490e-01  -5.1484503e-02  -2.5370125e-03  -9.6316543e-02  -2.7396752e-02  -8.2016897e-02  -1.3281297e-01   3.3897091e-01  -3.7503426e-01   2.5024751e-01   2.8067766e-01   4.6649143e-01  -2.0189661e-01  -3.1277004e-02   1.8238193e-02   1.0039081e-01   7.6427123e-02   3.3379417e-01   1.6204366e-01  -3.4909012e-01   6.0945057e-01  -1.1708303e-02  -7.8295115e-02  -1.4835611e-01  -2.0005844e-01   9.7191614e-03   8.8129904e-03   4.5278064e-03   3.8652467e-01  -1.3920315e-01   1.4180411e-02  -1.1036461e-01  -8.6262813e-02  -1.2123886e-01   3.7346451e-02   1.0605454e-01   7.9097802e-02   4.2069335e-01  -2.8780156e-01  -1.5055450e-02  -3.4900499e-02  -2.7496225e-01   3.5080065e-01   3.6192856e-01   1.7817249e-01   7.0298096e-01   7.5509558e-02   1.9686867e-02   4.2267005e-01   2.0732733e-01   1.3217457e-01  -4.4605662e-01  -1.9099296e-01  -6.4925638e-03   1.8070921e-01  -2.4092029e-01   6.0703101e-02   8.7185900e-02  -1.2327378e-01   7.9212067e-02   4.6457960e-02   2.3841619e-01   1.6832614e-01   8.4355161e-02   1.2342671e-01   1.4935619e-01  -2.3088973e-01  -3.8065129e-01  -3.4025646e-01   2.4366345e-01  -2.3551087e-01   2.2553641e-01   3.9559933e-01   1.1696249e-01   5.1713575e-02   1.0442328e-01   2.0255716e-01   4.1621297e-02  -1.9665268e-01   7.7565776e-01   7.2122369e-02   7.9367313e-02  -3.2399547e-02   3.7559868e-01   1.5997592e-01  -2.8653208e-01  -2.7399657e-01   2.3955408e-01  -1.2662557e-01   7.0229930e-01   4.4088970e-03   2.0490400e-01  -4.0973261e-02   3.4963436e-01   6.8015019e-04  -3.4450649e-01  -2.9456417e-01  -1.2004332e-01   7.6184536e-02   6.2429073e-02  -2.8308584e-01   1.9538245e-01   7.6338034e-02  -1.1791282e-01  -6.0538770e-01   4.5396551e-02   1.8168986e-01   1.1269413e-01   2.2579491e-01   2.1723441e-01   3.1760474e-01   3.7446764e-01  -2.6039161e-02   2.9174770e-01   5.6010070e-01  -3.7208895e-01  -1.4788336e-01  -2.4919366e-01   3.4427913e-01  -1.0750871e-01   5.9774960e-01   4.6211514e-01   1.9898892e-01  -4.0950171e-01   4.4756692e-01  -1.9050510e-01   3.0252393e-01   4.1103166e-02   8.3867580e-02  -3.1599769e-01  -2.2031838e-01   3.4080080e-02  -1.8976592e-01  -2.6616086e-01  -3.1405194e-01  -1.4434993e-01  -2.4592324e-01  -1.8752907e-01   2.4256857e-01   1.9081036e-01  -6.4684784e-02  -2.4627137e-02   2.2046833e-01   1.5820586e-01   1.3268501e-01  -1.6289150e-01  -6.2785610e-02   2.7182054e-02  -1.8243591e-01   1.0936468e-01   4.6492492e-01  -1.0916927e-02  -2.6074413e-01  -7.3218748e-02   3.6620014e-02  -1.0774503e-01  -5.3695925e-02  -1.3030925e-01   3.4411780e-04  -1.9965777e-01   1.1524489e-01  -2.6614356e-01   4.4981526e-01
   1.6186546e-01  -3.5669261e-01   4.9517918e-01  -1.8220311e-01   2.1860370e-01   4.4570972e-01   3.7637825e-01  -8.1747279e-02  -2.6543006e-01   0.0000000e+00   2.2853754e-01   3.7433911e-02   2.6189204e-01  -1.3685216e-02   1.0684836e-01  -3.6877756e-02   4.1091072e-01   2.6825466e-01   1.9855147e-01   5.6958949e-01  -2.7241513e-02  -1.2846102e-01   3.0863795e-01  -2.1241989e-01  -1.7446892e-01   6.2152650e-02   2.7544348e-01  -8.7743160e-02  -6.2230050e-02  -3.8248630e-01  -4.4916666e-01  -1.6522302e-01  -1.5382438e-01   7.7514967e-01  -5.4760560e-02   6.5697839e-02   3.2418519e-01   2.2020538e-01  -1.2518297e-01   4.7637178e-01   1.3866083e-01   3.9463937e-02   1.3709675e-01  -2.8949528e-02  -2.1441667e-01   2.5744913e-01   1.4090643e-01  -9.8649266e-02   2.9662512e-01   2.4856641e-01   2.2119924e-01  -9.2491575e-02   6.2478308e-01  -1.3411727e-01  -1.6609844e-01  -7.1248267e-02  -1.7455929e-01  -1.5676734e-01  -1.5035571e-01  -2.8097183e-01   3.5916821e-02   1.3709725e-01  -9.0201196e-02  -9.9014808e-02  -4.8810702e-01   6.1554583e-01   3.9171775e-01   1.1839510e-01  -1.3940439e-01   5.0394443e-01  -3.2392391e-02  -4.6991354e-02   2.4005718e-01  -1.1328953e-01   1.3644395e-03  -5.6214302e-02   1.5631820e-01   8.7127889e-02  -2.6031260e-01  -1.5844714e-01   1.2539384e-01   2.0499357e-01   4.6730624e-01   1.0367461e-01   2.4770283e-01  -8.4393964e-02  -2.1934096e-01  -3.0368910e-01  -1.4028131e-01  -3.7312350e-03  -3.6708547e-01   1.0768604e-01   5.1126500e-01   2.4453832e-02  -1.3917467e-01   3.5467680e-01   1.5343160e-01  -6.0079797e-03  -7.2458469e-02   6.1765013e-01   2.3891443e-01  -2.3364024e-01  -1.0542648e-01  -2.6742082e-01  -1.0019143e-01  -2.0657175e-02   6.0357601e-02  -1.4454414e-01   2.9999775e-01   1.0609480e-01   6.3503289e-01  -2.2033885e-01  -6.8449229e-02   7.8060155e-02   5.7314492e-01  -8.7360967e-02  -1.6475581e-01   2.9379730e-01   1.5640687e-01  -7.2412889e-02  -2.6226867e-02   5.0117071e-03  -3.3048495e-02  -3.9678332e-01  -1.9446593e-01  -3.2822911e-01  -1.7115675e-01  -1.1113775e-01  -4.5813022e-02   4.3798490e-01   3.1114956e-02   2.2532193e-01  -1.9651564e-01  -9.9953812e-02  -1.2954335e-01  -1.1960823e-01  -6.8639229e-02   3.9021259e-01  -1.1175604e-01   2.9441792e-01  -1.5296766e-02   9.4312249e-02  -3.4209338e-02  -3.8175102e-02  -1.0723764e-01  -3.2562173e-01   5.0637703e-01   4.9346429e-01   2.4422417e-01   5.1462721e-02   2.4727628e-01   1.5567233e-01  -9.9167422e-02  -1.8933016e-01   2.9431565e-01   1.6958121e-01  -2.1236619e-01  -7.9749605e-02  -2.0964652e-01   2.0608614e-01   6.5090494e-02  -1.6117864e-01   5.7979543e-01  -1.5189546e-01  -1.3684294e-01   1.1689168e-01   3.2457063e-01   1.3075340e-01  -2.7013546e-01   3.4017236e-01   1.6762157e-01   1.1873987e-01  -5.1156257e-03   2.0857618e-01  -2.3855172e-01  -1.4265300e-01  -2.0624090e-01
   3.0289191e-01  -1.7723812e-01  -3.8275275e-02   7.3883910e-02  -7.4275444e-02   3.3771774e-01   2.2190577e-02   1.9550192e-01  -5.4501529e-02   2.2853754e-01   0.0000000e+00  -2.8393856e-01   1.4388378e-01  -2.9797823e-02   1.4485074e-01   1.1663669e-01  -7.2794343e-02   5.7283770e-01   2.7238826e-02   6.2185902e-02   1.9779407e-01   3.1251540e-01   3.6679694e-01  -8.1655511e-02  -6.6056877e-02   2.3203953e-01   2.1493497e-01   2.6417769e-01   1.1744344e-01   2.3527097e-01  -2.8159837e-02   2.1988783e-01  -2.0101611e-01   1.5027052e-01  -2.6661919e-01   9.7754899e-02   1.0995429e-01   1.8195012e-01   2.4511899e-01   9.4301829e-02   2.4922826e-01  -1.9581395e-01  -1.8598167e-01   5.2948337e-01  -9.9438120e-02   1.7767945e-01   6.6287478e-01   2.6220537e-02   2.7520583e-01  -6.2245294e-02   6.1590410e-01   1.9602813e-01   2.3640602e-01  -4.2038419e-01  -1.6399488e-01   5.2675428e-01   1.3271216e-01   2.8415354e-01   3.5298321e-01   2.2776139e-02   4.7078925e-02  -5.5982642e-02  -1.8115899e-01   3.2796637e-01   6.3323895e-02  -9.9264019e-02   3.5083497e-01  -1.5414600e-02   5.5446406e-01   3.2282662e-01  -2.2240668e-01   3.5138252e-01   2.3616105e-01  -3.8485340e-01  -4.3074163e-01   1.8030136e-01   8.8838413e-02   3.5169340e-01  -3.0689221e-01  -5.1667839e-02   3.0406835e-01   1.7501318e-01   2.2025992e-01   2.6449415e-01   5.5873630e-02   2.5664309e-01  -2.0878565e-01  -2.0277684e-01  -2.4663414e-01   1.9624243e-01  -1.4156816e-01   1.4323205e-01   3.9993831e-01  -1.0873260e-02   2.2055636e-01  -2.3375509e-01   1.2970001e-03   5.2189261e-02  -5.5675516e-02   1.8999663e-01   4.6552865e-03   3.7113678e-02   3.1250575e-02  -1.2886157e-01   4.6335869e-01   2.9482275e-01  -3.6577409e-01   4.4955151e-01  -6.9637043e-02   4.9374898e-01   1.6220715e-01   3.5907659e-01  -1.1959927e-01   2.5375199e-01  -1.2697076e-01  -1.1500195e-01   4.4262037e-01   2.1103676e-01   6.0918647e-02   1.8511006e-02   1.0687327e-01  -2.5577663e-01  -2.7175408e-01   3.3911923e-02   2.2383196e-01  -3.6297172e-02   8.8086786e-02  -2.3634851e-01   2.5007277e-01  -6.9372456e-03   9.6469702e-02   2.6718136e-01  -2.3610725e-01   1.5994694e-01   1.4425295e-01   1.4135237e-01  -2.9503339e-01   2.9371514e-01   2.0689642e-01   1.0501281e-02   7.8720294e-03  -2.1393445e-01   4.8018150e-01   6.0983005e-02  -8.7154126e-02   4.0211252e-01  -2.8132377e-01   3.2778069e-01   4.6917441e-01   3.2309950e-01  -3.5222866e-02   1.4033410e-01   1.0272639e-01   5.1629266e-01  -2.4574520e-01  -7.6990758e-02   2.2485312e-01   3.4323280e-01   1.6982411e-02   3.1925204e-01   1.4286340e-01   5.4160927e-01   3.0834962e-01   4.9614115e-01   1.1751169e-01  -1.0986797e-01   2.3172424e-01   2.5590068e-01   1.6704600e-01   1.4883319e-01  -1.7848461e-01   1.9143568e-01   3.0137042e-01   7.4074440e-02  -9.4867878e-02  -2.5903590e-01   1.9470486e-01
  -1.6833996e-01   6.6957424e-01   3.6906991e-01  -3.2074221e-01   3.6131002e-01  -5.1724366e-05   3.7688897e-01   9.6194795e-02   1.7695170e-01   3.7433911e-02  -2.8393856e-01   0.0000000e+00  -2.8477142e-03  -2.0565139e-01   2.0716716e-01   2.1061216e-01   3.7026738e-01  -9.8813966e-02   7.7580182e-02   2.3702431e-01  -2.1385912e-01  -1.1233182e-01  -4.5463416e-01  -9.4759293e-02   3.2413587e-01   7.8213447e-02  -7.3330699e-02  -2.9306051e-01   2.3166013e-01  -1.9409589e-01  -8.2777012e-02   1.3356767e-01   2.9731583e-01  -8.1047586e-02   2.9611112e-01   3.3847461e-01  -2.2604741e-01  -2.2904918e-01  -5.9794653e-02  -6.6347190e-02  -2.7934091e-02   1.5355933e-01   3.9225456e-01  -2.7998545e-01   7.8298025e-02   2.2624409e-01  -2.7737352e-01   4.3337337e-01  -1.0520500e-02   9.9743640e-02  -8.4361492e-02   5.1640779e-02  -1.1131799e-01   5.2077908e-02  -1.0999608e-01  -2.8810904e-01   4.9721901e-02  -3.6820307e-02  -2.0221289e-01   4.8662050e-02   1.8305135e-01  -1.1001352e-01   3.1502546e-01   8.0971063e-02   1.2991940e-01   3.1282117e-01  -1.4812749e-02   1.9614188e-01  -2.6365361e-01  -4.3979394e-02   5.2925663e-01  -1.9970476e-01   1.6985553e-01   2.6850606e-01   8.7985425e-02  -2.2191689e-01   1.6766691e-01  -6.7198254e-02   1.1389586e-01  -1.0659310e-01  -4.2236019e-01  -1.1837003e-01   1.6028340e-02   2.1513176e-02   2.1949017e-01  -2.2414254e-02   3.8584243e-01  -2.3713095e-02   1.3299219e-01  -1.2660742e-01   1.6850645e-01   7.5167063e-02  -7.9682608e-02   2.4751105e-01  -1.9471487e-01   1.7471367e-01   7.4247035e-02   4.6895953e-02   1.4426784e-01  -4.4268988e-02  -4.2084159e-01   2.6397725e-01  -3.6448849e-01   2.0351702e-01  -9.6019241e-02  -5.7538483e-03  -4.2932074e-02   2.4513618e-02   6.8319874e-02  -2.7212126e-01   1.2441336e-01  -3.3857505e-01  -3.3999045e-02  -2.1204327e-01  -8.0461092e-02   4.3627368e-01  -1.9580602e-01   1.9925949e-01  -2.7507942e-01  -2.1649101e-02  -1.3187467e-01   3.5468729e-01   4.6398172e-01   3.4236799e-01  -2.0169580e-02  -4.2837861e-02   2.5414835e-01   2.0043502e-02  -1.9880242e-01   2.7316069e-01  -2.4968973e-02   8.2175091e-02   4.9143834e-01  -3.0701530e-01  -1.4242649e-01  -2.0026037e-02   2.8866747e-01  -1.5050753e-01  -2.5859914e-02  -2.8940268e-02   9.3581460e-03   3.2852453e-02  -7.7142924e-02   2.6961884e-01   7.1186904e-02   5.2803915e-02   4.6597873e-01  -2.4888352e-01  -1.8309862e-01   2.1611316e-01   1.4813987e-01  -3.1505310e-01  -9.7950703e-02   1.8385853e-02   4.5611758e-01  -4.1151287e-02  -1.8716767e-01  -1.8853386e-01   8.3107754e-02  -2.6646717e-01   3.1471140e-03  -6.5150290e-02  -1.0062668e-01  -1.9050362e-01   2.0135769e-01   5.0182943e-01   1.1963346e-01  -2.3563486e-02  -1.3527692e-01   6.5527088e-02   3.3588993e-01  -2.1005755e-01  -1.7197075e-01   3.9288867e-01   5.0046715e-02  -2.3515422e-01  -3.2544529e-02
   6.1193434e-02  -1.7857943e-01   3.2363467e-01   3.9260713e-03   2.1223284e-01   4.3282544e-02  -2.1349475e-01   6.0837753e-02  -2.8959151e-03   2.6189204e-01   1.4388378e-01  -2.8477142e-03   0.0000000e+00  -2.8933113e-02  -3.8940812e-02   4.7732008e-01   3.9560915e-01   3.6912262e-01   6.9406739e-02   3.2494869e-01  -1.7071671e-01   2.8272579e-01  -5.9801371e-02  -4.3482713e-02   5.1338618e-02   5.4585145e-02  -2.2177538e-02   1.7683935e-01   6.0146547e-02  -1.1519117e-01  -1.9340222e-01   3.3261856e-01   3.5714828e-01   5.1372408e-02  -1.8295076e-01   3.8644682e-02   2.4757243e-01   2.3393299e-01   2.9904816e-01   6.0904120e-02   7.2017594e-01   2.8510064e-01  -2.0507829e-01   3.5019043e-02  -2.2507125e-01   2.7970605e-01   1.5210343e-01  -3.3180325e-01   3.5737148e-01   2.1587463e-01   4.2546349e-01   1.2226143e-01   1.2400295e-01  -1.1734354e-01  -1.4420682e-01  -7.8397108e-03  -7.6361241e-02   1.4778478e-01   5.1721703e-01   7.8248506e-03   2.5620480e-01   9.4749967e-02  -3.4351440e-01   5.0182168e-03  -1.4043779e-03   8.7121234e-02   9.3098873e-03  -1.1445282e-01   1.1207631e-01   2.4054971e-01  -5.5391623e-02   2.6809449e-01   3.7938473e-01  -3.9309822e-02  -4.9948611e-02   6.8258023e-03   3.7783368e-01  -1.4562444e-01  -1.2023177e-01   2.1700570e-01   1.0689559e-02   3.4614240e-01   1.5974236e-02   7.3821971e-02  -5.0350557e-02   1.1523015e-01  -8.5091841e-02  -1.9580806e-01  -1.1734340e-01   2.0393076e-01  -3.5665563e-01   4.3043135e-02   1.6487134e-01   1.2000375e-01  -4.7239063e-02   1.9997402e-01   3.4156357e-01  -1.3528035e-01   1.2201823e-01   2.2502628e-01  -1.8707643e-02  -1.2899284e-02   2.0768474e-02  -1.2279703e-02   2.9865907e-01   1.9152438e-01  -5.6541331e-03  -3.8494746e-03   3.1749165e-01   1.3856446e-01  -1.2516365e-02   7.9334174e-02  -3.3716719e-03   9.6407053e-02   4.3816320e-03  -8.4102856e-03   1.2720924e-01   5.9698110e-01   1.1698091e-01   3.1433718e-01   1.3497344e-02  -4.4811969e-02  -1.7069212e-01  -3.4432528e-02   5.0898035e-02  -7.0028452e-02   4.2467492e-02   2.1824832e-02   9.0163385e-02   3.9759492e-01   4.6641751e-01  -2.7248816e-01  -3.4191647e-02  -1.8929757e-01   1.1002170e-01   1.8530063e-01   1.8154566e-01  -1.1380106e-03   1.1644699e-01   1.5887937e-01   1.5949401e-01   4.5614931e-01   9.0057162e-02   1.3930944e-01  -2.9954077e-01   6.2632250e-02  -1.6218682e-02   2.5412103e-01   1.7560414e-01   2.5240223e-01  -6.4896271e-02  -8.2732459e-02  -1.2809205e-02   5.9622885e-02   1.9684719e-01   1.5090368e-01  -1.1378480e-01   5.5616178e-01   1.1449484e-02   5.9364877e-02  -3.1483513e-01   4.5581367e-02   2.9405869e-01   2.4069771e-01   2.4818987e-01  -9.4145333e-03  -2.3359371e-01   2.5948494e-01  -1.8370457e-01   1.4075384e-02   6.0460194e-03   1.3658795e-01  -5.8764495e-02   1.2176912e-01  -1.5407846e-01  -3.6997074e-02   5.8400452e-02
   1.3485454e-01  -1.1940259e-01   2.8529268e-02  -5.5946134e-03  -1.4336766e-01   6.1769550e-02  -2.1367653e-02   7.6786131e-02  -4.6601568e-02  -1.3685216e-02  -2.9797823e-02  -2.0565139e-01  -2.8933113e-02   0.0000000e+00  -2.6830317e-02  -9.8540888e-02  -2.7717025e-02   1.8955700e-01   1.6148357e-01  -1.6308497e-01   1.6949080e-01  -1.3275043e-01   1.2464738e-01   7.0781666e-02   1.7012737e-01   2.4310278e-01  -1.0107815e-01   1.6331203e-02   6.1665708e-02   1.7887065e-01   2.2298695e-01  -2.4360128e-02  -3.4165518e-03  -8.7333848e-02   4.8734321e-02  -3.5960662e-01   2.7605330e-01  -8.1807240e-02  -8.4505183e-02   1.1999021e-02   5.8706036e-02  -1.6444747e-01   4.5254387e-02   3.8322155e-01  -2.4017275e-01   3.8290936e-02   5.4738632e-02  -9.5310980e-03  -6.7887097e-04  -5.8400541e-02  -1.5388997e-04   2.1015976e-01  -8.7668569e-02   2.2923469e-01   2.1716090e-01   2.8194430e-01   9.9790439e-02  -3.0454008e-02  -1.1365139e-02  -4.7140110e-03  -1.1422380e-01  -2.0725321e-01  -3.2696033e-03  -2.2295989e-01  -1.4030563e-01  -2.1520922e-01   3.6731345e-02  -1.9646493e-01  -1.0116774e-01   1.3836546e-01  -3.1120262e-01   2.7063707e-02   4.4686184e-02   1.2397783e-01   1.9320796e-01  -1.3107903e-01   8.4630208e-02   1.5902834e-01  -3.9510240e-01  -3.6271359e-03   2.7572995e-01   1.8974462e-01   2.6518508e-01   3.1699256e-01   3.6053910e-01  -2.6095206e-01  -1.1023909e-03   1.5831681e-01  -7.4562375e-02   7.5684615e-02  -1.3505542e-01   1.5119385e-01  -1.1917570e-02   3.1095475e-02  -4.3212246e-02  -2.4603916e-01  -8.0173474e-02   3.1103995e-01  -3.0581156e-01  -1.8328036e-01   5.2814757e-01  -2.7734944e-01   2.7118792e-01   1.8584922e-02  -9.3112273e-04  -3.4723289e-03   6.8443102e-02  -7.1085005e-02  -1.1264902e-01   7.1634004e-02   1.0250859e-01   2.2328597e-01  -3.4400642e-02   1.6395271e-01   5.2389276e-02  -4.2211592e-01   1.3747982e-01   1.8820110e-01   3.6561015e-01  -4.1581101e-03   9.6088841e-03  -3.5168186e-01   6.5669983e-02  -9.3032041e-02   1.3582564e-01   2.6279295e-01  -1.3424354e-01   2.0284913e-01  -7.3982081e-02   1.0709690e-01  -3.8321432e-03  -3.6956106e-01   1.3631934e-01   2.3089050e-01  -3.2857418e-02  -1.8101306e-01  -6.9623104e-02   3.0605485e-02  -4.2334710e-02   9.2197997e-02   1.9663280e-01   7.1463764e-02  -6.7242705e-02   4.9172886e-02   1.1683062e-02   1.2550182e-03  -3.3045218e-01   5.3073817e-02   4.5363908e-02  -9.9528466e-02   1.5544589e-01   5.4678510e-01   1.2998642e-01  -7.5591498e-02  -2.3770696e-01   1.5062566e-02  -4.2788161e-03   1.6659074e-02  -1.2956801e-01   1.3015997e-01   6.1839957e-03  -1.3850697e-01   6.2126586e-02   5.2129990e-03  -4.7101915e-02  -5.5114617e-01  -2.5811493e-03   1.5355469e-01  -4.3561519e-02   8.9701266e-02  -4.3538122e-01  -6.5529595e-03  -1.0960032e-01  -4.0001832e-02   5.3155509e-03  -1.2174255e-01  -9.2829471e-02
