   0.0000000e+00  -5.1965052e-01  -1.6310514e-01  -3.1978230e-01  -3.2399365e-01  -8.8349223e-02  -2.5011240e-01   4.3458522e-02  -5.2818146e-01  -4.9929740e-01   1.2628766e-01  -5.0184722e-01  -3.2784527e-01   5.2314043e-01   5.4315060e-03  -8.9186495e-02  -3.5063921e-01   6.0812824e-02   6.8073542e-02  -2.7269198e-01  -2.4398796e-01  -3.8282443e-02  -3.5049057e-02   8.1877161e-01  -1.4461041e-01  -7.1317978e-02  -4.4567852e-01   9.1004875e-01  -1.1854853e-01   6.4968669e-04  -3.9331001e-01  -7.8597623e-02  -4.1630392e-02  -3.3893846e-01  -3.3923314e-01  -4.2289844e-01  -2.4814366e-01   2.1859157e-01  -2.9349868e-01  -5.2712649e-01  -3.9316112e-01   3.7142193e-01  -2.7119657e-01   3.6995733e-01   6.3129815e-02   5.9400572e-01  -1.1733393e-01  -4.2009755e-01  -5.0221328e-01  -3.9315665e-01   1.0436186e-01   6.6875456e-02  -3.5037617e-01  -1.0510978e-01   4.1830326e-01   4.8680792e-01   3.5964983e-01  -1.4917002e-03  -1.3301546e-01  -2.1889294e-01   1.0472614e-01  -3.2651067e-01  -3.9514414e-01   7.5591044e-02  -2.7252888e-01  -4.1822622e-01   6.6527691e-03  -2.2863110e-01  -1.1162909e-01   2.3666654e-01  -6.0279962e-01   8.5028515e-02  -3.0560013e-01   6.5814872e-01  -1.4643836e-01   1.9168854e-02   3.7458575e-01   1.5592047e-01  -3.2513010e-01  -2.6287365e-01   6.9077713e-01   1.8482687e-02  -4.5289339e-01  -4.1788074e-02   7.3289935e-01   4.1756115e-01  -1.6512016e-01   4.4707782e-01  -3.0761737e-01   9.1875647e-01  -4.6233184e-01   1.1300369e-01  -4.2339745e-01  -3.1086903e-01   4.1247495e-01  -3.3464777e-01  -3.0243565e-01   7.1595056e-02  -3.0943272e-01  -2.9540655e-01   5.0904394e-02   6.6825102e-01   1.3187827e-01  -1.2021497e-01   2.5394814e-01  -2.3839941e-01  -8.6817589e-03  -1.6767182e-02  -1.6732814e-01  -1.8748499e-01  -4.2496120e-01   3.9287183e-01  -2.6204935e-01   8.8784225e-01   6.5573762e-01  -5.9254934e-01   4.3127551e-01  -1.0274009e-02   4.0485262e-01  -1.0219716e-01   8.4755065e-01  -1.5831028e-01  -1.8262449e-01  -1.6998212e-01   5.2288364e-01   5.1846416e-01   1.6127950e-01  -3.4087187e-01  -2.3453860e-01  -7.1453287e-02  -4.4653327e-01  -4.8287847e-01   3.3395190e-01  -2.2027367e-01  -3.1091900e-01  -1.0647273e-03  -1.2971744e-01   2.7046677e-01   6.0032496e-02   7.0908551e-01   8.8279800e-01  -3.7077917e-01   3.6958933e-01  -1.4064163e-02   2.2149514e-01  -1.0514404e-01  -3.6514524e-01  -3.8903793e-01  -1.0862183e-01  -4.2350163e-01   8.2204114e-01   2.4942826e-01   5.8634838e-01  -6.2627193e-02  -3.3460766e-01   7.7912729e-01   8.6963035e-01  -1.0774448e-01  -1.3618396e-01   6.0568265e-01  -3.8733884e-01   1.2222030e-01  -4.9207219e-01   4.5137211e-02  -1.6974585e-02  -6.2397520e-01   2.2811996e-01   6.8290499e-01   8.4101389e-01  -5.4278635e-01  -4.4928990e-01   5.9600956e-01  -9.4224465e-02  -5.6469740e-02   2.9187113e-02  -1.3740413e-01  -1.3210304e-01
  -5.1965052e-01   0.0000000e+00   2.4610778e-01  -1.0337116e-01   5.4029985e-01  -3.4822823e-01  -4.5964495e-02  -8.2654874e-02   7.6698416e-01   4.2559425e-01  -5.6145168e-01   7.6596474e-01   2.0166587e-01  -5.6508643e-01   1.3594387e-01  -1.4611550e-01   4.6426932e-01  -5.2306818e-01   3.5997548e-02   3.3626733e-01  -1.2084650e-01  -4.2736997e-01  -3.0672678e-01  -4.0100479e-01   3.1553554e-01  -2.6687845e-02   4.4173391e-01  -5.4630324e-01   3.6823281e-01  -3.3997945e-01   5.4825924e-01  -3.7374289e-01   1.0553465e-01   3.6963575e-01   3.4174191e-01   3.2839309e-01   3.5750628e-02  -2.0355042e-01   5.9074066e-02   5.5609266e-01   1.1739471e-01  -7.0919136e-02   4.7589898e-01  -5.5994488e-01  -2.5353198e-01  -6.4363044e-01  -3.5847842e-01   4.2131842e-01   4.1781478e-01   5.9631907e-01  -6.5573013e-01  -1.5474034e-01   4.3958360e-01   4.5865352e-01  -2.2011287e-01  -6.6761865e-01  -6.9055643e-01  -2.9702253e-01  -3.0239673e-01   4.6099943e-01  -2.2297289e-01   3.0570510e-01   7.5651353e-01   8.1712676e-02   5.2847774e-01   5.1966014e-01  -3.4372551e-01   6.7349043e-01  -3.7351366e-01  -3.7916266e-01   8.6583545e-01  -6.0429625e-01   1.7578989e-01  -5.1774775e-01   3.1428870e-01  -9.1323336e-02  -5.1337675e-01  -5.3222728e-02   6.2127826e-01   3.0080467e-01  -6.5361499e-01  -7.6479013e-02   3.5223069e-01   1.8702441e-01  -3.0248835e-01  -4.4164919e-01   3.8964266e-02  -1.2670920e-01   7.3359060e-01  -4.4426721e-01   7.2996039e-01  -1.6051445e-01   4.8365746e-01   3.7094068e-01  -3.3787543e-01   5.9109627e-01   2.2906787e-01  -9.1033202e-02   4.4493428e-01   5.7319128e-02  -1.4805408e-01  -6.1222982e-01  -5.7244205e-01   2.2098340e-01  -7.5259781e-01  -2.2498270e-01   3.0890370e-01  -3.5625959e-01   1.4696041e-01  -3.4603388e-01   3.6850944e-01  -7.2897812e-01   9.0226003e-02  -4.2852953e-01  -5.4357817e-01   7.2134518e-01  -3.7132876e-01  -7.8061083e-02  -5.2655149e-01  -2.3128584e-01  -6.0110071e-01   2.5944597e-01   5.4350381e-01   6.3648097e-02  -6.1534468e-01  -4.9497166e-01  -4.8865413e-01   5.4436994e-01  -1.7373388e-01  -4.2379985e-02   3.0851349e-01   5.9103676e-01  -4.3951071e-01  -2.1739260e-01   5.3509340e-01   7.4886757e-02   2.8453000e-01  -4.4212946e-01  -3.2141493e-02  -4.2025311e-01  -4.4602035e-01   3.8048575e-01  -5.5063108e-01  -2.1099041e-01  -3.6043222e-01  -2.2889454e-01   3.6498375e-01   7.5349461e-01  -2.9350058e-01   3.8604328e-01  -4.8744093e-01  -4.1021403e-01  -3.8052312e-01   3.5971948e-02   6.2928836e-01  -4.3648563e-01  -5.7013696e-01  -1.4148767e-01   1.7098857e-01  -5.9111000e-01   5.7553846e-01  -3.5139761e-01   5.6408306e-01  -4.4023625e-01  -2.7935794e-01   3.2350159e-01  -2.9423691e-01  -5.1176255e-01  -6.0712574e-01   7.8851492e-01   6.2291930e-01  -3.6927335e-01   2.3007864e-01  -2.7730101e-01  -1.9682462e-01   4.0348836e-01  -1.8374563e-01
  -1.6310514e-01   2.4610778e-01   0.0000000e+00  -7.0563521e-02   3.6219128e-01  -4.0440959e-02  -2.6096056e-01  -2.6775777e-01   8.4403407e-02   4.0078794e-01  -2.4446214e-01   4.8358005e-01   3.6176637e-01  -2.8990459e-01  -1.0470224e-01  -8.4566334e-02   8.3830223e-01  -3.7247590e-01   1.0183649e-02   4.2663311e-01  -3.9212085e-01  -3.3770364e-02  -3.8949172e-01  -1.6263290e-01   1.6133556e-01  -1.7923321e-01   3.0713196e-01  -2.1135842e-01   1.3089617e-01  -1.5483373e-02  -1.0908843e-01  -2.1320508e-01   9.2767688e-02  -4.9576215e-02  -3.2598224e-01   2.8420538e-01  -3.1460442e-01  -3.1653826e-02  -2.2682973e-02   5.6438358e-01   3.3002837e-03   3.6569561e-01   2.1832646e-01  -2.5527016e-01  -2.2629125e-01   3.2948481e-02  -1.2004103e-01  -3.8164479e-01   2.9837306e-02   7.0006402e-01  -2.8671245e-01  -2.1844603e-01  -2.1638273e-01   4.9777037e-01  -1.2440935e-02  -1.8070598e-01  -1.3125452e-01  -2.3565364e-01  -2.8790754e-01   2.8356703e-01   5.9458573e-01   2.8104490e-01   3.6516038e-01  -3.0343145e-01  -1.2051989e-01   4.4567418e-01  -4.5308386e-02   6.9899633e-02  -3.3558091e-02   5.1336715e-01   3.5401422e-01  -1.9435987e-01   9.0720372e-02   2.8886436e-02   2.1320173e-01  -3.7638216e-01   4.7913093e-02   4.7324177e-02   3.4204489e-01   7.8337612e-02  -3.0985725e-01   2.1746811e-01  -1.3914156e-01  -5.3897691e-02  -1.4797187e-01  -4.4529211e-01  -4.5844669e-01   8.5316145e-02   3.7577002e-01  -2.0326776e-01   3.0132569e-01   6.1611199e-01   5.0655900e-01  -8.9649773e-02   9.2004245e-03   4.3786929e-01   2.1307052e-01  -3.3942664e-01   9.8661489e-02  -2.1037706e-01  -1.9742696e-01  -2.9488156e-01  -2.7671125e-01  -2.8461082e-01  -2.8522045e-01  -1.6489197e-01   5.2298841e-01  -1.9746481e-01  -8.5632743e-02  -1.7432119e-01   2.6041964e-01  -1.9297254e-01  -5.2058391e-02  -2.3797147e-01  -1.7974911e-01  -8.0129586e-02  -2.2793794e-01   1.5052953e-01  -5.2867364e-02  -1.0377417e-01  -1.9682197e-01   2.7990876e-01   4.5558823e-01  -4.2802509e-01  -1.0583913e-01  -1.4361546e-01  -2.1006416e-01   2.1651191e-01  -7.3289316e-02   4.8655806e-01   9.7759727e-02   1.5393690e-01  -9.0734430e-02  -4.5654343e-01   1.8615414e-01  -3.5553628e-01   2.9345171e-01  -5.0097390e-01  -3.6129871e-01  -1.5122882e-01  -1.8495558e-01   2.4929512e-01  -4.0605760e-01   4.4506021e-01  -3.3351509e-01  -4.8680179e-01   2.9026715e-01   3.1273901e-01  -1.0845487e-01  -9.5851772e-02   4.9127629e-02  -3.9704859e-01   2.4937882e-01  -3.3744647e-01   6.3560047e-01  -2.4924106e-01  -1.9242811e-01  -2.0677450e-01   7.4910265e-01  -2.5266462e-01   1.5075901e-01  -3.4351685e-01   2.0444809e-01  -3.8964024e-01  -1.5627879e-01  -8.5491455e-02  -2.0555789e-01  -1.4173620e-01   2.1683855e-02   2.8816691e-01   4.6494851e-01  -6.2640103e-02  -3.3127795e-01   1.9911392e-01   4.9746798e-02   4.0144948e-01   4.5397997e-02
  -3.1978230e-01  -1.0337116e-01  -7.0563521e-02   0.0000000e+00   8.7432891e-02   3.7590873e-01  -5.1864140e-02   1.3781506e-01   1.1918804e-01   3.6841590e-02   3.8344281e-01  -1.2756960e-01   5.3810987e-02  -6.5452923e-02  -9.6999007e-02   2.4721388e-01  -8.6456580e-02   4.9318472e-01   1.0485625e-01   9.1050525e-02   6.3156778e-02   6.5383807e-01   1.4900374e-02  -3.5983722e-01   2.7348294e-01   2.0011823e-01   1.9202811e-01  -3.8040877e-01  -1.8894091e-02   4.2294634e-01  -6.8339794e-02   6.5524541e-01   2.7572255e-01  -6.7285845e-02  -1.4966218e-02   1.7034927e-01   2.1938717e-01  -1.2001469e-01   2.3950193e-01  -5.2231632e-02   2.1259161e-01  -1.0957109e-01  -2.3668631e-02   1.3992047e-01   2.0483559e-02  -6.1473899e-02   5.1906865e-01  -2.7780865e-02   3.6173507e-01  -1.8195632e-01   4.4625389e-01   2.3842153e-01  -9.9675917e-03  -7.2933156e-02  -1.9948397e-01   1.1925795e-01   2.3003295e-01   5.3267323e-01   5.6127017e-01  -2.8338051e-02   6.2924441e-02   1.7175402e-01  -3.0361306e-02  -9.9106114e-02  -5.4472014e-02  -8.4297579e-02   3.6267652e-01  -8.0708669e-03   5.5239351e-01  -6.5011425e-02  -1.0146280e-01   5.2326375e-01   1.6213067e-01  -2.6432371e-01   8.4735778e-02   1.9445819e-01   7.0212792e-02   1.5945334e-01   4.6544336e-02   3.2513674e-01  -1.4194397e-01   1.4827664e-03   2.0887838e-02   5.1216903e-02  -3.8232248e-01   5.6032644e-02   5.2129497e-02  -2.7376498e-01  -2.4144195e-01  -4.2026330e-01   1.0219411e-01   5.8297194e-02  -6.6796971e-02   2.9326933e-01  -9.3581025e-02  -1.1071519e-02   4.2704112e-01   6.7856974e-02   1.8934032e-01   7.1727005e-02  -2.0550026e-01  -1.7725853e-01   3.9469908e-01  -3.2521636e-02   4.1497541e-01   7.8622658e-01  -2.9216014e-02   4.3759677e-01   1.4708766e-01   4.0471571e-01  -3.2284201e-02   3.6634484e-01   5.6507434e-01  -3.6301506e-01  -2.8742491e-01   1.1721195e-01   1.4446672e-01   7.1171881e-02  -4.4995164e-02   7.9391775e-01  -2.3041856e-01   1.5059152e-02  -6.7400583e-02   2.5738890e-01  -3.9811773e-03  -1.1955731e-01   4.3275742e-01   3.4825433e-02   6.1497014e-01  -1.3951638e-01   1.5799303e-01   5.1862377e-02   5.5931461e-02   1.5060041e-01   2.9562092e-01   9.8298833e-02   9.7854471e-02  -1.1379704e-01   1.4040102e-01  -2.8731755e-01  -3.5379444e-01  -6.4981828e-02   1.4503619e-01   1.0999295e-01  -5.2589995e-03   1.7712260e-01  -1.4275897e-01  -4.7118029e-02   2.5184493e-01   4.8328487e-02  -3.4345539e-01  -1.9319330e-02  -1.2057160e-01   8.3924081e-02  -1.6138765e-01  -2.0001855e-01  -2.8433692e-01   4.1087437e-01  -1.1608886e-01  -1.4436677e-02   1.0314295e-01   2.0247606e-01  -7.0538634e-02   4.3259606e-01   6.2074669e-01   2.4533339e-01   1.0442904e-01  -2.3916980e-02  -2.0096403e-01  -3.8242125e-02   3.4117136e-02  -2.5709612e-01   1.6938161e-01   2.9706406e-01   1.6011427e-01   4.4356559e-02   6.9939087e-01
  -3.2399365e-01   5.4029985e-01   3.6219128e-01   8.7432891e-02   0.0000000e+00   1.8078775e-02  -4.4850225e-01  -2.2676330e-01   4.5014158e-01   5.0153534e-01  -2.6196147e-01   5.5009389e-01   4.2085589e-01  -4.5928356e-01   2.5532268e-02  -1.0771545e-01   4.3922761e-01  -1.1465328e-01  -5.7080632e-03   8.6709488e-01  -3.0222722e-01  -1.7819685e-01  -6.3673141e-01  -1.9261311e-01   4.1935814e-01  -7.1667348e-02   5.1899290e-01  -3.9515837e-01   3.1689061e-01   8.0346075e-02   1.9567732e-01  -1.3617500e-01   1.9843011e-01   2.6093406e-02  -2.8768324e-02   7.4510272e-01  -1.0693005e-02  -3.3223128e-01   9.1887453e-02   4.6445634e-01   2.7190912e-01   9.0740328e-02   6.2579556e-01  -3.2038986e-01  -1.1275223e-01  -5.2922794e-01   5.3762294e-02  -1.0621791e-01   5.0496043e-01   4.7915506e-01  -3.6003716e-01  -2.0308604e-01   7.2012851e-02   4.2323013e-01  -1.6176759e-01  -3.9983344e-01  -2.7621947e-01  -3.2017140e-01  -6.8312862e-02   4.3213500e-01  -1.2850069e-01   5.6275389e-01   6.3473826e-01  -1.2816760e-01   2.0973309e-01   6.8040129e-01   1.0283271e-01   4.4178525e-01  -1.0629367e-01  -2.3706697e-01   4.2275496e-01  -2.0523877e-01   1.9568971e-01  -2.4510023e-01   4.1244784e-01  -2.2031165e-01  -4.4964432e-01   1.9411680e-01   8.5902180e-01   5.0473751e-01  -5.6491022e-01   1.3100865e-01   1.9795223e-02   9.5366039e-02  -2.9319922e-01  -4.1106909e-01  -3.7152939e-01  -1.4179459e-01   5.4400403e-01  -3.2279186e-01   8.3598612e-01  -7.4219308e-02   5.7977347e-01   2.4406221e-01  -3.8530915e-01   8.5607211e-01   5.8051720e-01  -1.7029704e-01   7.9851665e-01  -3.2119864e-01  -5.5242448e-01  -5.7992156e-01  -3.1036074e-01  -1.0393428e-01  -4.7396945e-01  -4.4287100e-02   4.7160848e-01  -1.8194450e-01   5.1222695e-01  -2.2442265e-02   1.6815113e-01  -3.0138452e-01   2.8110634e-01  -3.0167904e-01  -5.7149129e-01   6.2950384e-01  -1.1965277e-01   8.2154001e-02  -3.1800196e-01   4.4493879e-02  -4.0450054e-01   8.7999062e-01   5.2301180e-01   2.4502828e-02  -5.6276975e-01  -3.7186197e-01  -2.3789875e-01   5.0717693e-01  -1.9719663e-03  -3.1773323e-02   3.1764530e-01   5.8752087e-01  -2.2586514e-01  -4.8627629e-01   5.7375932e-01  -1.1272938e-01   3.6035822e-01  -6.8292103e-01  -1.6997021e-01  -2.2931614e-01  -2.4934468e-01   4.2808573e-01  -3.8273873e-01   1.3006706e-01  -5.3568343e-01  -3.4306929e-01  -1.3880497e-01   8.0796212e-01   1.6419647e-01  -3.2094854e-02  -3.2692287e-01  -4.7162119e-01  -1.6003071e-03   2.4959893e-02   6.6446951e-01  -3.0501693e-01  -3.8892863e-01  -7.1187461e-02   1.7162852e-01  -3.0661248e-01   6.0298555e-01  -2.1859300e-01   3.5849246e-01  -2.7066696e-01  -1.5347786e-01   2.1613839e-01  -3.4629225e-01  -1.6982711e-01  -2.9516356e-01   6.1227313e-01   7.3105004e-01  -3.2873972e-01   3.5655428e-01   2.0858838e-01   2.0753778e-03   4.2383792e-01  -6.4740988e-02
  -8.8349223e-02  -3.4822823e-01  -4.0440959e-02   3.7590873e-01   1.8078775e-02   0.0000000e+00   2.1823807e-01  -2.0691495e-01  -3.5462564e-01   2.9311101e-01   4.3578443e-01  -3.3130912e-01   1.1332568e-01   5.1613666e-02  -4.2574158e-01   4.9929190e-02  -1.0585516e-01   4.6582185e-01  -1.3782403e-01   2.4551099e-01   3.5229193e-01   3.4601218e-01   7.6402810e-02  -2.8593683e-01  -1.2203066e-01  -8.4891199e-02   2.0024586e-01  -1.4291098e-01  -8.4072828e-02   4.3136427e-01  -5.0581713e-01   2.9972698e-01  -1.7978944e-01  -2.8595923e-01  -1.3801701e-01   2.2062924e-01   4.3792557e-01  -3.5636541e-02  -3.7465048e-02   5.2942153e-02   8.9498376e-02  -1.3036380e-01  -1.4452076e-01   3.0163774e-01  -2.5809729e-01  -1.8484631e-02   6.5961295e-01  -1.3624085e-01  -1.3891485e-01  -2.9930620e-01   4.8518182e-01  -5.2703933e-02  -7.6237865e-02  -3.2986125e-01  -2.7138652e-01   3.7552563e-01   6.9263801e-01   1.1318552e-01   2.6301301e-01  -2.7477628e-01   2.9785623e-02  -3.1006963e-01  -3.4961046e-01  -3.5647551e-01  -5.2559278e-01  -1.1039419e-01   8.5275637e-01  -4.2980619e-01   4.6298980e-01   2.9045557e-01  -3.9600529e-01   4.5981311e-01  -1.2193470e-01   1.6145070e-01  -2.3476600e-01  -2.2378654e-01   5.2960425e-02  -8.4830307e-02  -3.0842337e-01  -1.6638227e-01   6.7246817e-03  -1.7834653e-02   1.6400246e-01  -2.5289234e-01  -1.6795772e-01  -1.8144330e-01  -6.2785677e-02  -4.6219565e-01  -2.6711011e-01  -1.6470257e-01  -2.3906359e-01   6.8872986e-04   2.0610081e-01  -1.9476074e-01  -1.0213272e-01  -1.1596431e-01   3.3642101e-02  -1.0142548e-01  -7.5096096e-03  -7.6431739e-02  -1.0706164e-01  -1.2037357e-01   3.0293499e-01  -1.4257746e-01   3.8580010e-01   3.1636787e-01  -3.7755765e-02   3.9690889e-01   9.2036053e-03   7.3137469e-01   9.0883615e-02   4.2175066e-01   1.7377630e-01  -1.0554174e-01  -2.3501455e-02  -1.8564912e-01   2.7074815e-02   1.3008878e-02   4.7428700e-01   3.8377322e-01  -7.2071044e-02   8.2632737e-02  -3.1076210e-01  -1.1969367e-01  -2.2644905e-02  -1.9576661e-02   2.3805714e-01  -3.5163817e-01   2.3128285e-01   1.8650186e-01   5.1871217e-03  -2.5832447e-01   3.8870887e-01   2.1353296e-01  -2.8098795e-02  -3.2450570e-01  -2.9492985e-01   9.7794432e-02  -2.9200466e-01   5.0336119e-02  -1.1393819e-01  -2.3279280e-02   7.2983478e-02   5.0480439e-01  -2.9541039e-01  -3.0370264e-02  -3.4867450e-01  -2.1164148e-01   5.4730174e-01  -2.4605128e-01  -1.7561370e-02   3.2822102e-02  -3.2296585e-03  -1.4020264e-02  -2.5186774e-01   8.8520173e-02  -8.3043859e-02  -1.7652004e-02  -1.1574404e-01  -3.2216745e-04  -1.2325586e-01   1.4372232e-01   6.9933422e-02   2.7662157e-01   3.5837674e-01   3.1671204e-02   5.8082776e-02  -1.5159257e-01   1.2078952e-02  -2.2813817e-01  -1.5660643e-01   2.7011714e-03  -1.5641100e-01   6.1573354e-01   1.8402607e-03  -2.1208571e-01   2.5653748e-01
  -2.5011240e-01  -4.5964495e-02  -2.6096056e-01  -5.1864140e-02  -4.4850225e-01   2.1823807e-01   0.0000000e+00  -8.1821257e-02  -1.1381026e-01   2.0121007e-01  -1.4347105e-03   3.0023622e-02  -1.6756548e-01   3.4158842e-02   1.1629201e-01  -3.5912992e-02  -1.9782756e-01  -3.5805733e-02   1.3913090e-02  -2.6089400e-01   5.1255125e-01  -1.5286011e-01   6.6840449e-01  -3.4136813e-01  -4.0772428e-01  -5.9687810e-02  -4.0441170e-02  -1.9099398e-01  -3.8063053e-01  -1.9807741e-01  -7.9601782e-02  -1.4984070e-01  -1.8378015e-01   5.7312046e-01   4.5175185e-01  -1.0722111e-02   4.0391273e-01   1.1336887e-01  -1.1793906e-01   4.6235279e-02  -7.3744679e-02  -2.8443567e-01  -3.5834603e-01  -9.8648948e-02   2.7930250e-01  -4.3708358e-02   3.1976963e-02   5.8999450e-01  -3.1768886e-01  -3.4231560e-01   1.1584720e-01  -7.3183083e-02   4.6908324e-01  -3.5304230e-01  -2.7472614e-01  -3.8566812e-02  -5.3097547e-02  -5.8635494e-03  -1.2869097e-01  -1.7882139e-01  -1.1429422e-01  -3.5166172e-01  -4.2196594e-01  -5.1848025e-02  -1.2352641e-01  -9.3631578e-02   3.5439679e-03  -2.6454683e-01  -1.1733367e-01   3.0289116e-02  -5.9132873e-02  -3.2110337e-02  -4.7796089e-03  -1.7023686e-01  -4.4085501e-01  -8.0852863e-02   5.5013652e-02  -4.2210054e-01  -4.8176510e-01  -5.4627098e-01   1.1063388e-02  -1.9050613e-02   4.4573947e-01  -1.7986646e-01  -1.0776067e-01  -1.1761172e-01   4.6170329e-01  -3.2850820e-01  -3.0634743e-01  -2.2340377e-01  -3.1719804e-01  -2.3012256e-01   1.1059061e-01  -1.5557828e-01   1.1152676e-02  -3.9791700e-01  -4.3201237e-01  -1.1059103e-01  -2.6845024e-01   6.7905273e-01   3.0802526e-01   7.0412155e-02   1.9994580e-03   8.3511703e-02   6.8613176e-02  -1.3509300e-01  -3.0943031e-01  -7.9037577e-02  -1.3534197e-01   1.4176729e-01   4.9506627e-01  -1.7289493e-01  -2.9019038e-01  -1.2726022e-01   5.3311644e-02  -4.3494048e-02  -2.7923365e-01   4.4497152e-02   1.1213057e-01  -1.2185776e-01  -1.7589748e-01  -4.8718866e-01  -4.6567480e-01  -1.9321235e-02  -2.4564388e-02  -4.9401645e-02   1.2193506e-02  -3.5685413e-01  -1.7535323e-01   4.7110693e-02   3.7327342e-02  -3.2754746e-02   2.4345341e-02   5.1630345e-01  -3.7655367e-01  -8.6301922e-02  -4.2214636e-01   4.7225581e-01  -1.1973200e-01  -5.0487592e-02  -2.0357900e-01   1.4885090e-02  -1.0196556e-01  -6.8398481e-02   1.9391692e-01   1.8694092e-01   3.9621808e-01  -2.7301792e-01   9.4095576e-02   3.1634616e-01  -1.5024006e-01   2.3814488e-01  -3.9939036e-01   9.3115339e-02  -3.8189693e-01   3.5532025e-02  -1.0754002e-01  -1.2254205e-01  -1.3722235e-01  -1.9516211e-01  -3.3487337e-01  -1.7077933e-01   2.1503898e-01   4.0952270e-02  -2.3969126e-02   3.6975215e-01   1.9532517e-01  -3.5296628e-01  -2.5125074e-01  -5.5710355e-02  -1.7138884e-01   4.8784236e-02  -1.9086297e-01  -1.7625962e-01  -2.7471028e-01  -2.7753826e-01  -8.4335530e-02
   4.3458522e-02  -8.2654874e-02  -2.6775777e-01   1.3781506e-01  -2.2676330e-01  -2.0691495e-01  -8.1821257e-02   0.0000000e+00   4.9777829e-02  -3.5531939e-01   3.1455822e-01  -2.1475158e-01  -2.4528959e-01   1.5699537e-01   6.0777231e-02   2.6634698e-01  -3.8932367e-01   2.1036463e-01   2.6446691e-01  -3.5725018e-01   6.1841601e-02   2.1281582e-01   1.6498703e-01   2.6306452e-02   1.2980629e-01   6.5409946e-01  -2.2357871e-01   1.1822673e-01  -2.7541103e-02   3.2143172e-02   1.7039771e-01   4.2988966e-01   1.8039512e-01   5.5410297e-02   6.6450499e-02  -2.9323445e-01  -6.1136184e-02   1.0003013e-01   2.5969421e-01  -4.3011918e-01  -7.6035634e-02  -1.4395285e-01  -1.7219431e-01   9.8393086e-02   1.2059682e-01   1.1365167e-01   3.5470051e-02   5.2377294e-02   4.7883794e-02  -1.9602306e-01   1.5877732e-01   8.4385839e-01   5.2843017e-02  -9.1972811e-02   6.1231735e-02   1.6702734e-02  -6.3234943e-02   5.1374532e-01   3.3095618e-01  -8.4001909e-02  -5.0689166e-02   1.0448165e-02  -5.6978229e-02   3.0114155e-01   1.1794829e-01  -3.1430736e-01  -7.8053848e-02   2.5971190e-02   2.3986622e-01  -3.8477460e-01  -1.4750430e-01   1.1281253e-03   1.3035965e-01  -1.5480107e-01   2.5169227e-02   7.2111571e-01   2.3994795e-01   1.4562968e-01  -1.3361671e-02   1.2121679e-01   1.7408147e-01  -1.1004312e-02  -1.5858248e-01   6.5767205e-01   3.3335630e-02   5.3269778e-01   1.8471575e-01   1.3041234e-01  -1.8587845e-01   2.2515607e-02  -1.2904803e-01   1.1315902e-02  -3.5840261e-01   1.5396189e-01   1.7484658e-01  -1.9156226e-01  -8.3647271e-02   5.0310094e-01  -9.4770355e-02   1.7132166e-01  -1.2840810e-03   2.7668394e-01   3.1864442e-01  -1.2681050e-02   2.6193712e-01   3.6612704e-01  -1.4430184e-01   3.8637938e-01   6.6967831e-02  -6.0571544e-02  -1.7398409e-01   2.1714068e-01   4.6073489e-02   9.4280992e-02   1.8303431e-02   4.5462866e-02   9.2607386e-02   1.7364250e-02  -2.6013594e-01   1.4000866e-01   8.4603436e-02  -2.6849838e-01   1.4837916e-02   3.9650785e-01   2.6954184e-01   2.9416354e-02   2.2632056e-01   7.4674175e-02   3.4759276e-01  -4.6206764e-01  -6.5955680e-02  -5.5478870e-02  -1.3546582e-01   1.5663084e-01  -4.5256198e-02   7.8013710e-01  -4.5640625e-02   1.2294857e-01   7.7676507e-01  -4.1724129e-02   4.4618800e-02  -2.1536386e-01   4.7296524e-01  -3.9944781e-01   2.9013376e-01   3.4684020e-01  -1.7264246e-01  -1.4583680e-01  -7.7603037e-02   1.8694339e-01  -9.1494018e-02   2.0511839e-01  -2.3279101e-02   5.3635674e-02  -3.1299254e-01  -4.9702728e-02   1.3141434e-01   3.8185752e-01  -2.2634705e-01   2.0673065e-01  -8.2041825e-02   4.4451091e-01  -2.1070319e-01   3.2239198e-01   2.9976741e-01   2.6977187e-02   9.8624610e-02   2.3353965e-01   4.8779010e-02  -1.8369890e-01  -1.9275407e-01   3.2044100e-04   1.9232605e-01  -1.7694516e-01   1.3074495e-01  -8.6677224e-02   2.0504272e-01
  -5.2818146e-01   7.6698416e-01   8.4403407e-02   1.1918804e-01   4.5014158e-01  -3.5462564e-01  -1.1381026e-01   4.9777829e-02   0.0000000e+00   2.7377827e-01  -3.9515806e-01   5.9044689e-01   1.5479258e-01  -6.3060879e-01   2.1769659e-01  -8.9236917e-02   2.7640604e-01  -2.9754180e-01   1.0087453e-01   2.8002421e-01  -1.1746378e-01  -2.3278857e-01  -3.2566297e-01  -4.3206918e-01   5.0722961e-01   1.4159515e-01   4.0149272e-01  -5.7560373e-01   4.6713154e-01  -6.2192208e-02   6.7430720e-01  -1.7920102e-01   1.0047054e-01   3.1732503e-01   4.0852098e-01   2.4653281e-01   4.6934819e-02  -2.7174726e-01   8.7304960e-02   4.0548681e-01   6.0419721e-02  -2.7942420e-01   6.3885977e-01  -5.6859258e-01  -1.5588677e-01  -5.2363406e-01  -2.1251547e-01   3.6270824e-01   3.9538281e-01   4.1940725e-01  -4.7793912e-01  -7.4619801e-02   2.9812155e-01   3.3120812e-01  -3.5743851e-01  -6.7465742e-01  -5.9985251e-01  -9.1227005e-02  -7.6216284e-02   5.4187496e-01  -2.8891482e-01   2.9166294e-01   7.8873407e-01   2.2414848e-01   6.8209314e-01   4.9172181e-01  -3.5914447e-01   7.2068019e-01  -2.0554725e-01  -4.0553818e-01   6.7456811e-01  -3.9267457e-01   5.6788119e-02  -6.9816623e-01   3.2190585e-01   2.7314458e-03  -4.5387695e-01  -6.8321121e-02   6.2621173e-01   3.9647688e-01  -6.5501377e-01  -4.8455610e-02   5.4681060e-02   1.9854301e-01  -4.8722386e-01  -3.2257396e-01   2.5645837e-03  -2.6006855e-01   6.4428220e-01  -4.7759788e-01   6.0517502e-01  -2.2958099e-01   2.7390007e-01   7.1443566e-01  -3.8356210e-01   4.7087484e-01   3.8676363e-01   7.6984627e-02   4.6818109e-01  -5.2657005e-02  -2.5032208e-01  -5.2837408e-01  -4.3682436e-01   3.3315866e-01  -5.4195167e-01  -6.6719891e-02   7.6149875e-02  -1.6575900e-01   2.2183894e-01  -2.4621316e-01   1.6653425e-01  -5.5488387e-01   3.3166606e-01  -4.2790235e-01  -6.3894803e-01   6.8964113e-01  -3.0903253e-01  -1.7556000e-01  -6.4114705e-01  -8.3046813e-02  -5.6476088e-01   2.4343720e-01   5.4446684e-01   1.9415949e-01  -5.7774245e-01  -6.0936452e-01  -4.1063083e-01   4.5880231e-01   1.2398185e-01  -1.3081505e-01   2.6897135e-01   6.2143063e-01  -6.0653924e-01  -2.4355162e-01   6.9837307e-01   2.3439367e-01   2.9312742e-01  -5.1560964e-01   9.0484548e-02  -3.5704584e-01  -4.2471825e-01   2.5316262e-01  -3.4822014e-01  -2.5807347e-01  -3.3804981e-01  -1.6938147e-01   1.8685351e-01   6.1170469e-01  -1.5764861e-01   3.3623270e-01  -6.0248238e-01  -4.8099368e-01  -4.5408931e-01   8.1005444e-03   5.4071138e-01  -4.1177566e-01  -5.1504973e-01   3.6862329e-02   1.9402549e-02  -5.4621262e-01   6.6674206e-01  -1.3456360e-01   2.9805334e-01  -1.8580524e-01  -1.4699732e-01   3.6805969e-01  -2.7211021e-01  -3.4653239e-01  -5.8060183e-01   5.2531405e-01   5.0937690e-01  -3.6171885e-01   4.5922564e-01  -1.8531441e-01  -4.7564968e-02   2.6056850e-01   3.0184514e-02
  -4.9929740e-01   4.2559425e-01   4.0078794e-01   3.6841590e-02   5.0153534e-01   2.9311101e-01   2.0121007e-01  -3.5531939e-01   2.7377827e-01   0.0000000e+00  -1.5412234e-01   5.3563832e-01   3.4332846e-01  -4.4787208e-01  -2.3214953e-01  -4.6545450e-02   5.0317700e-01  -1.8880949e-01  -4.0542742e-02   6.5049556e-01   8.8574056e-02  -1.6240276e-01  -1.6448940e-01  -4.5909877e-01  -3.1213676e-02  -1.8455880e-01   5.5973431e-01  -5.3674774e-01   9.9447356e-02  -5.4085134e-03  -1.9827438e-02  -1.7412852e-01  -1.5703313e-01   2.9838061e-01   8.2564915e-02   6.6246340e-01   2.3078203e-01  -3.7230378e-01  -4.9505839e-02   6.4803481e-01   1.3002762e-01  -1.8299401e-01   2.7244386e-01  -3.4322498e-01  -2.1971184e-01  -5.0081130e-01   1.8742028e-01   1.8272120e-01   8.0556691e-02   3.9177141e-01  -1.9920709e-01  -2.7530145e-01   3.5545590e-01   3.7326042e-02  -4.1533517e-01  -2.6611624e-01  -2.2833320e-01  -2.1288027e-01  -1.3299293e-01   2.0290661e-01  -6.0689035e-02   2.1830824e-02   3.0426025e-01  -2.8459551e-01  -4.5403100e-02   6.8844934e-01   1.4586044e-01   1.1135521e-01  -3.8407765e-02   1.5797126e-01   4.0478587e-01  -2.2924313e-01   8.5947753e-02  -4.0463454e-01  -5.6962693e-02  -3.4358944e-01  -4.3393174e-01  -1.8536423e-01   3.5024330e-01   1.4364824e-02  -5.2039825e-01   1.9110936e-01   2.9425214e-01  -1.9291242e-01  -4.9871442e-01  -5.6286234e-01  -1.2691584e-01  -4.1177155e-01   4.0997196e-01  -4.9421213e-01   4.0954482e-01  -1.0622093e-01   8.3603044e-01   8.5663198e-02  -4.1661390e-01   5.7053464e-01   2.6513833e-01  -3.0237605e-01   3.8963399e-01   7.0109763e-02  -3.0629300e-01  -5.4429738e-01  -2.9048499e-01  -1.6866267e-01  -3.1896642e-01  -9.5557409e-02   8.5665441e-02  -1.5168976e-01   1.8239733e-01   1.6833499e-01   6.3970059e-01  -2.9100700e-01   2.9712789e-02  -4.7766425e-01  -4.5529411e-01   3.8402211e-01  -2.6814732e-01   5.4565655e-02  -1.5691975e-01  -7.3749197e-03  -5.8523999e-01   3.5333216e-01   2.2565651e-01  -2.1800186e-01  -5.5069545e-01  -5.7151932e-01  -3.2584587e-01   9.4689860e-02  -5.1436908e-02   3.1545765e-01   3.3739852e-01   4.0197460e-01  -3.0311272e-01  -1.4246711e-01   3.1186903e-01  -2.4880817e-01   6.6505191e-03  -3.5301109e-01  -2.8540130e-01  -3.8785617e-01  -4.3922737e-01   4.3304699e-01  -3.9996090e-01   3.6325957e-01  -6.3231048e-01  -3.6195446e-01   1.6180375e-01   5.1535431e-01   3.5753165e-01   1.8864983e-01  -3.4844306e-01  -3.7681329e-01  -3.3789571e-01  -4.0492218e-02   5.1253251e-01  -3.4814529e-01  -5.1574801e-01  -1.6701916e-01   1.3130998e-01  -4.8333867e-01   3.9303190e-01  -2.5225766e-01   6.2357302e-01  -2.2444473e-01  -1.2255442e-02   3.5415023e-01  -2.1998876e-01  -4.8168168e-01  -4.4489500e-01   4.9925981e-01   5.3571759e-01  -4.1879368e-01  -1.2099664e-02   1.7043062e-01  -3.5149524e-01   1.0045872e-01   2.0293101e-02
   1.2628766e-01  -5.6145168e-01  -2.4446214e-01   3.8344281e-01  -2.6196147e-01   4.3578443e-01  -1.4347105e-03   3.1455822e-01  -3.9515806e-01  -1.5412234e-01   0.0000000e+00  -6.4638870e-01  -9.2459305e-02   3.2807711e-01  -2.4051416e-01   3.7919341e-01  -3.8831157e-01   7.9091256e-01   3.2244885e-02  -2.1424350e-01   3.9745831e-01   4.1213459e-01   3.6189165e-01   3.2869221e-02  -1.4888709e-01   2.6046775e-01  -1.5526558e-01   1.5848567e-01  -3.6421977e-01   3.5095087e-01  -1.5982438e-01   7.0004531e-01   8.4359564e-03  -2.0162190e-01  -1.0291390e-01  -1.0005341e-01   9.8376892e-02  -7.0692855e-04   2.3993707e-01  -4.2745250e-01   9.6848569e-02  -4.4257783e-02  -3.2999743e-01   6.0199504e-01   1.6243921e-01   2.6077480e-01   7.9140426e-01  -8.6319298e-02  -1.4473771e-01  -4.2497063e-01   8.5763119e-01   4.2769339e-01  -1.4092266e-01  -4.5374933e-01   1.3850008e-01   5.6689366e-01   6.0925633e-01   4.2179724e-01   7.3489828e-01  -4.5389902e-01   1.8527412e-01  -2.0831505e-01  -4.2128402e-01   1.7454641e-01  -2.0050442e-01  -3.4542018e-01   5.1132762e-01  -3.4282418e-01   7.7406320e-01   8.6423438e-02  -5.4415468e-01   6.1727866e-01   1.2143895e-01   2.0137233e-01  -1.7674000e-01   2.4936582e-01   3.5534157e-01   3.7670754e-01  -3.3472152e-01   1.0975067e-01   3.4009792e-01   7.9699465e-02   1.8646100e-03   1.8973511e-01   6.0729377e-02   3.5724653e-01   1.3944806e-01  -9.7393879e-02  -5.8659900e-01   6.9306364e-02  -3.6878429e-01   1.2783221e-01  -3.4633289e-01  -6.6883073e-02   2.1287258e-01  -4.2090131e-01   1.4421863e-02   2.3626414e-01  -6.0779762e-02   1.1685079e-01   9.4386770e-02   3.8310683e-01   6.1000534e-01  -6.8667479e-02   7.8091944e-01   5.5755910e-01  -2.0968492e-01   7.4771382e-01  -8.8277636e-02   5.7839474e-01  -2.1645579e-01   6.5960771e-01   2.4319271e-01   9.1336366e-02   2.0927241e-01  -2.5794109e-01   4.0625172e-01   3.0661504e-01   3.3279091e-01   5.4752172e-01   1.7882866e-01  -1.8406437e-01  -3.9906876e-01   2.9841228e-01   3.8181364e-01   1.9225200e-01   5.4045368e-01  -2.8626677e-01   4.7622698e-01  -9.8733599e-02  -8.9695457e-02  -2.0932004e-01   2.2725234e-01   3.4853031e-01  -2.6764777e-01   1.2175122e-01  -7.4599071e-02   2.9897775e-01   2.3480423e-01   7.1427559e-02   1.4772087e-01  -3.7987442e-01   6.5794419e-01   1.7499072e-01   2.9220367e-01   5.0230959e-01  -3.2778598e-01  -4.3324178e-01   5.2249788e-01   1.1229518e-02   1.9161223e-01   3.7585059e-01   1.9347747e-01   3.9993092e-01  -5.1345074e-01   2.0208909e-02   2.6389257e-01   5.4891278e-01  -2.1227840e-01   3.3253587e-01  -3.2643316e-01   7.0634421e-01  -2.1795303e-01   7.5810987e-01   6.1160344e-01  -3.2263187e-02   3.7278618e-01   2.7883846e-01   2.9362521e-01  -4.5240137e-01  -3.7332312e-01  -4.3384864e-02   1.3712225e-01   3.8977490e-01   1.8203864e-02  -3.3026060e-01   3.5683290e-01
  -5.0184722e-01   7.6596474e-01   4.8358005e-01  -1.2756960e-01   5.5009389e-01  -3.3130912e-01   3.0023622e-02  -2.1475158e-01   5.9044689e-01   5.3563832e-01  -6.4638870e-01   0.0000000e+00   3.4379838e-01  -6.3112563e-01   2.2600102e-01  -1.1434319e-01   6.2190692e-01  -6.2588562e-01   1.0158397e-01   5.1375583e-01  -3.0727046e-01  -4.0521765e-01  -4.1372859e-01  -3.4019109e-01   2.6324531e-01  -1.0292900e-01   4.1827606e-01  -5.7216891e-01   2.9936822e-01  -3.1612876e-01   3.1518347e-01  -4.1741323e-01   8.4333010e-02   4.4546009e-01   1.9162306e-01   5.1707232e-01  -1.1023390e-01  -2.8289161e-01  -2.7426430e-02   6.9611911e-01   2.2938431e-01  -9.6136904e-03   4.1265043e-01  -7.4621822e-01  -4.7860022e-02  -5.4747591e-01  -4.1390592e-01   1.6370913e-01   3.6928739e-01   6.7944164e-01  -6.4486832e-01  -3.0709763e-01   2.3109427e-01   5.5487022e-01  -2.4192054e-01  -7.5516151e-01  -6.9594397e-01  -3.8300027e-01  -3.7227050e-01   5.6799763e-01  -8.1029341e-02   4.7014384e-01   6.8394285e-01  -2.1331035e-01   3.0851656e-01   6.8216957e-01  -3.8083008e-01   4.2906391e-01  -4.3590798e-01  -1.9261175e-01   8.1158507e-01  -6.0682434e-01   2.5565668e-01  -4.9534789e-01   3.2613182e-01  -2.3258705e-01  -4.6424097e-01  -1.6219692e-01   6.1173901e-01   1.5859578e-01  -7.1754381e-01   1.7797974e-01   1.2939491e-01   5.9115740e-02  -3.8402942e-01  -5.6494678e-01  -2.5728616e-01  -3.6515502e-02   6.9189768e-01  -4.6470319e-01   6.6459532e-01  -4.3102839e-02   6.3752195e-01   1.4450757e-01  -3.5419623e-01   7.1985175e-01   3.4483005e-01  -2.2002844e-01   3.9060834e-01   6.8966250e-02  -2.9718362e-01  -5.7942518e-01  -6.2801376e-01  -8.2659804e-02  -7.3384643e-01  -2.6574507e-01   3.9332770e-01  -4.6190961e-01   2.2742036e-01  -4.3264283e-01   5.4003586e-01  -6.8746735e-01  -5.7797424e-02  -4.5866762e-01  -6.0194667e-01   4.7567301e-01  -5.0755730e-01   7.6845760e-02  -5.7568851e-01  -2.1226384e-01  -5.6951668e-01   3.2297927e-01   5.8117873e-01  -2.2950394e-01  -5.9306324e-01  -4.2386987e-01  -4.7430313e-01   4.9334210e-01  -2.2029148e-01   5.6372120e-02   3.4366493e-01   6.0882977e-01  -4.8633471e-01  -4.1131369e-01   3.7264044e-01  -8.2175456e-02   3.3243423e-01  -6.3471330e-01  -1.8593612e-01  -3.8214435e-01  -4.1403459e-01   3.7353482e-01  -6.9015087e-01  -7.7887605e-02  -3.5298914e-01  -4.5501059e-01   5.3655796e-01   7.2118171e-01  -3.1229753e-01   2.8922863e-01  -4.4698329e-01  -6.2139739e-01  -2.2744957e-01  -1.8840025e-01   7.4056381e-01  -4.1973071e-01  -5.4805356e-01  -1.3391371e-01   3.3633039e-01  -6.2783057e-01   5.0907544e-01  -6.0911346e-01   5.1580543e-01  -5.7891017e-01  -2.9635182e-01   3.8198685e-01  -2.1682788e-01  -4.4892677e-01  -5.2293919e-01   7.5568194e-01   7.6418200e-01  -3.3058980e-01   3.8187164e-03  -2.2453715e-01  -1.4414817e-01   4.6623826e-01  -1.1897288e-01
  -3.2784527e-01   2.0166587e-01   3.6176637e-01   5.3810987e-02   4.2085589e-01   1.1332568e-01  -1.6756548e-01  -2.4528959e-01   1.5479258e-01   3.4332846e-01  -9.2459305e-02   3.4379838e-01   0.0000000e+00  -3.1639876e-01  -1.2678629e-01   1.2114623e-01   3.4326482e-01  -5.3507837e-02   1.6112862e-01   5.0581568e-01  -6.0738690e-02   6.5781467e-02  -2.9888365e-01  -1.8134276e-01   1.3281784e-01  -4.3977706e-02   2.4022720e-01  -3.8178012e-01   1.0619749e-01   4.2849977e-02   6.5123477e-02  -5.2060095e-02   5.3656001e-02  -4.6319284e-02  -1.1211599e-01   5.1839225e-01  -7.6427399e-02  -1.8836303e-01   1.7551422e-01   3.6651361e-01   6.7948662e-01   1.5147701e-01   2.0788054e-01  -2.7309294e-01  -9.8854488e-02  -2.3393484e-01   6.3317057e-02  -1.0893759e-01   1.9270199e-01   3.4441883e-01  -8.7174861e-02  -2.1353861e-01  -5.5491764e-02   3.1132284e-01  -1.3385018e-01  -2.8282916e-01  -1.3285694e-01  -1.3888098e-01   6.4900288e-03   1.7533612e-01   9.2233711e-02   2.7146432e-01   2.7252016e-01  -1.6538880e-01   3.1990541e-02   3.2886755e-01  -2.5587893e-02   9.6402703e-03  -5.5207144e-02   3.3673291e-04   2.5806509e-01  -6.4918354e-02   2.9992045e-01  -2.0961697e-01   3.9982039e-01  -2.7367292e-01  -2.0530666e-01  -7.6645238e-02   3.1458108e-01   2.5806738e-01  -4.0626903e-01   7.0935842e-02   4.5412486e-02  -4.9339804e-02  -3.3806034e-01  -3.3089713e-01  -3.1101882e-01   7.5475078e-03   2.2731282e-01  -3.0905211e-01   3.1021354e-01   1.2832226e-01   4.1991150e-01   4.9853495e-02  -1.4957809e-01   4.6866350e-01   4.3931441e-01   2.4621230e-02   2.4750438e-01  -1.1302372e-01  -2.4638224e-01  -3.5161304e-01  -2.0697232e-01  -1.2897272e-01  -1.7532461e-01   6.1737911e-02   1.7200628e-01  -8.6542023e-02   1.5794309e-01  -1.1645540e-01   2.1602639e-01  -1.8017011e-01   7.2802173e-02  -3.2259131e-01  -3.2693084e-01   1.0252146e-01  -2.1271150e-01   2.9882343e-01  -2.3601984e-01   9.0083462e-02  -2.9908397e-01   3.4931552e-01   2.9953861e-01  -1.0131330e-01  -2.3345471e-01  -2.6590934e-01  -1.6548127e-01   3.6131009e-01   3.3507521e-02   4.9073157e-02   4.3201681e-01   2.3020980e-01  -2.3653618e-01  -2.0004928e-01   2.0644678e-01  -3.2792585e-01   3.6243284e-01  -4.0797921e-01  -3.0781886e-01  -2.6554045e-01  -1.7038840e-01   4.8767240e-01  -2.6169073e-01   1.1387993e-01  -2.5381937e-01  -1.6123139e-01   1.0248091e-01   2.5623878e-01   3.9885242e-02   3.5514634e-02  -2.5156732e-01  -3.3194351e-01   6.8026659e-02  -3.3040902e-02   4.0276435e-01  -3.0265807e-01  -3.3857155e-01   5.3233758e-02   2.9205967e-01  -2.7699733e-01   2.3111987e-01  -1.3333550e-01   2.0721078e-01  -1.0718678e-01  -2.1381901e-03   8.6805099e-02  -8.0555768e-02  -3.4244731e-01  -2.0927187e-01   2.6368297e-01   3.8036779e-01  -3.1206375e-01  -9.9763350e-03   4.8343257e-02  -3.4481442e-03   3.3421009e-01   1.6972211e-01
   5.2314043e-01  -5.6508643e-01  -2.8990459e-01  -6.5452923e-02  -4.5928356e-01   5.1613666e-02   3.4158842e-02   1.5699537e-01  -6.3060879e-01  -4.4787208e-01   3.2807711e-01  -6.3112563e-01  -3.1639876e-01   0.0000000e+00   9.3108328e-02   1.8600709e-01  -3.9213519e-01   3.3300536e-01  -3.4675531e-03  -3.8898900e-01   1.5630156e-01   2.7203981e-01   3.5369002e-01   4.9115324e-01  -3.0720840e-01  -3.2972366e-02  -2.5928775e-01   5.8893222e-01  -3.6965764e-01   1.4457519e-01  -3.0276260e-01   1.8100206e-01   2.3153847e-01  -1.9131647e-01  -1.2790635e-01  -3.5518218e-01  -4.4854367e-02   2.7939957e-01   1.2174423e-01  -5.0414261e-01  -1.9659561e-01   2.3347824e-01  -4.0202524e-01   6.1681454e-01   1.9315389e-01   4.9378025e-01   8.0426486e-02  -1.3255348e-01  -3.0877532e-01  -4.9211031e-01   3.3617881e-01   2.3874784e-01  -1.0771828e-01  -3.5365268e-01   6.0123382e-01   6.2207518e-01   3.5744818e-01   1.4781164e-01   8.7681854e-02  -3.3039172e-01   9.1655018e-02  -1.8265869e-01  -5.8851696e-01   2.5830128e-01  -2.6261635e-01  -4.6567983e-01   1.4269162e-01  -4.5419941e-01   6.0864766e-02   1.8872332e-01  -6.2305915e-01   2.6972080e-01  -1.0156716e-01   5.1263639e-01  -1.4979451e-01   2.4553647e-01   4.5286449e-01  -1.2744894e-02  -4.6262116e-01  -2.3520060e-01   7.5403029e-01  -1.2475418e-02  -7.0704692e-02  -4.1652745e-02   5.6988530e-01   5.3317136e-01   3.4935659e-01   3.3669041e-01  -5.6541053e-01   4.5765830e-01  -5.1490892e-01   1.5965497e-02  -4.7448719e-01  -3.8356347e-01   3.4737335e-01  -5.2839260e-01  -3.9965695e-01   1.9930736e-02  -3.4078816e-01   5.8680397e-02   4.5272598e-01   5.7556991e-01   6.1760432e-01  -3.1495148e-02   4.7312461e-01   4.8817748e-02  -1.6437211e-01   9.5208411e-02  -1.9100714e-01   1.7174794e-01  -2.5382897e-01   5.2075853e-01  -1.1939182e-01   3.6932012e-01   6.5994460e-01  -4.4061051e-01   3.6841284e-01   7.7999821e-02   5.9915428e-01   2.6761175e-02   5.1517679e-01  -3.0455225e-01  -4.1648502e-01   1.4534003e-01   5.4310018e-01   5.4400725e-01   4.9004651e-01  -3.0713806e-01  -1.1679089e-01   2.9091945e-02  -3.7739373e-01  -3.8505614e-01   5.5591438e-01   3.8240524e-01  -5.0373529e-01   1.0119392e-01  -2.6739905e-01   6.7271360e-01   1.7393459e-01   2.1288701e-01   4.0050638e-01  -2.7749061e-01   3.6762690e-01  -3.5237779e-03   4.0459261e-01   4.2614959e-01  -2.6413766e-01  -5.1995434e-01   6.3566157e-02  -2.0417338e-01   5.2264067e-01   8.0178627e-01   2.8480601e-01   3.0135795e-02  -5.0054522e-01   3.4766386e-01   4.1421614e-01   4.0403300e-02  -2.6749554e-01   7.4042893e-01  -6.2595600e-01   2.6928613e-01  -3.9600113e-01   3.2741045e-01   5.3900632e-02  -2.6089819e-01   2.7140849e-01   3.6771966e-01   4.3988783e-01  -5.6691045e-01  -4.6635866e-01   2.8508980e-01  -1.3790858e-01  -6.4617167e-02   1.7638662e-03  -3.9036810e-01  -8.8302233e-02
