   0.0000000e+00  -3.2860873e-01  -1.0298423e-01  -1.6175165e-01  -2.6123600e-01  -8.5989242e-04  -4.7556948e-01   1.8448896e-01  -2.0808478e-01  -4.3847568e-01   5.7628648e-02  -4.0715222e-01  -1.2167178e-01   3.4417269e-01   5.2863887e-01  -1.8274333e-01  -9.9659638e-02  -8.6359814e-02   1.4528782e-01  -2.1330706e-01  -6.9867617e-02  -2.1863431e-01  -1.2754944e-01   4.4813334e-01  -5.4112149e-02   2.4342465e-01  -3.4387726e-01   4.0092049e-01  -1.8318903e-02  -2.7452875e-01   2.6316113e-01  -1.6536450e-01   3.0221068e-02  -3.6576891e-01   1.1658968e-01  -4.4401394e-01  -3.5099710e-01   3.1658041e-01  -2.3601571e-02  -3.0464169e-01  -1.2526413e-01   2.7979622e-02  -4.5616448e-01   3.1350058e-01  -3.1268346e-01   4.4022873e-01  -3.7359753e-01  -3.9736993e-01  -2.2766190e-01  -1.3821238e-01  -1.5111423e-02   1.2119825e-02  -3.0387156e-01   6.6234955e-02   2.3630004e-01   6.5216947e-01   4.5625043e-01  -1.5076811e-01  -1.3879724e-01   1.0713558e-01   4.2486849e-01  -3.1814509e-01  -2.3064888e-01   1.1643919e-01  -2.6116910e-01  -4.5663015e-01   1.5062030e-01  -1.9289271e-01  -6.4109679e-02   4.6314374e-01  -4.2840036e-01  -1.2828990e-01  -1.1065948e-01   5.8775673e-01  -1.4885191e-01   5.4157465e-02   5.0583150e-01   5.7553527e-01  -3.4116947e-01  -8.0573020e-02   1.5604033e-02  -1.8533988e-01  -1.5474644e-02   1.0100540e-01   3.7647698e-01   1.2724173e-01  -3.7006339e-03   5.6886939e-01  -1.3378275e-01   6.4695107e-01  -1.3893201e-01   2.5860458e-01  -2.8820064e-01  -2.3817772e-03   4.8858059e-01  -1.4199877e-01  -3.2953387e-01  -1.1431465e-01  -3.0718181e-01  -3.1061806e-01   1.7922447e-01   5.9295444e-02   1.8849218e-01   4.1100056e-01  -1.8958088e-01  -2.8520962e-01   8.0877958e-02   7.4463033e-02  -4.9664705e-01  -1.3695005e-01  -2.6261184e-01   1.9172457e-01  -3.0700569e-01   7.7791071e-01   5.4157088e-01  -1.6705148e-01   3.5435236e-01  -1.4733831e-01   7.9007137e-01   1.7661158e-02   6.4874810e-01  -2.4243362e-01  -2.9220256e-01   7.4321516e-02   5.8079259e-01   7.2331037e-01  -8.3877192e-02  -8.4305124e-02  -3.1621951e-01   2.4495251e-01  -3.2854034e-01  -2.9255804e-01   6.1996953e-01   2.1454895e-02  -1.1253798e-01   1.6909790e-01  -1.0039414e-01   6.4803385e-02   1.7447388e-01   5.7818207e-01   6.4646964e-01  -1.0211813e-01   2.8315944e-01   2.6937806e-01   2.6700769e-01   1.1082305e-01  -3.1636230e-01  -1.9212947e-01  -1.0848063e-01  -2.4789530e-01   7.4272390e-01   1.7275135e-01   5.4759035e-01  -2.0953145e-01  -9.1158670e-02   4.0958968e-01   4.7641246e-01  -6.7581545e-02   3.4304335e-01   1.4837452e-01  -2.0964494e-01   2.1265653e-01  -3.9891038e-01  -2.0840493e-01   9.6152227e-02  -2.6985463e-01  -4.1154565e-01   6.7139789e-01   6.8221344e-01  -1.8435129e-01  -2.2573241e-01   2.5682422e-01  -1.4828764e-01   1.6539458e-01   1.7625420e-01  -7.9027415e-02  -1.4040518e-01
  -3.2860873e-01   0.0000000e+00   3.8560094e-01  -3.7239218e-01   5.5773167e-01  -1.4755633e-01   3.8564797e-01  -2.2068526e-01   3.2751095e-01   1.4366897e-01  -4.9666077e-01   7.2297935e-01   6.6797676e-02  -4.2951826e-01  -4.1407512e-01   1.3786129e-02   5.8781101e-01  -3.1344646e-01  -2.9949383e-01   4.6970198e-01  -4.1143942e-01  -3.1646509e-01  -3.3430140e-01  -3.8879159e-01   3.4937539e-02  -2.0593212e-01   1.7948196e-01  -2.6524798e-01  -1.3357754e-01   2.4721604e-01  -1.7882872e-01  -3.1064183e-01   2.7607593e-01   1.3475278e-01  -2.0624623e-01   2.4351835e-01   2.5018560e-01  -2.9007324e-01   1.9786128e-01   5.5707855e-01  -6.0101093e-02   1.2859403e-01   4.0983457e-01  -2.2771936e-01   3.5284060e-01  -8.7241506e-02  -1.6454900e-01   3.3386200e-01   2.4982356e-01   5.7337355e-01  -5.3971712e-01  -3.6694693e-01   4.8629859e-01   2.5160177e-01  -2.1257307e-01  -3.4270442e-01  -1.0936624e-01  -4.1814392e-01  -1.8974809e-01  -6.2724708e-02   9.9290187e-02   1.5641334e-01   6.4193318e-01  -7.6807285e-02   3.8500888e-01  -8.6006543e-02   4.8758121e-02   4.0723094e-02  -2.0875718e-01   3.3052379e-02   7.7280946e-01  -2.8752722e-01   2.4121634e-03  -3.2653856e-01   2.9274868e-01  -3.4875549e-01  -9.3218280e-02  -2.2770840e-01   6.5647491e-01   1.7769299e-01  -3.4497180e-01   9.6898454e-02   2.4372165e-01  -2.2095390e-01   4.0682126e-01  -3.4082703e-01   2.3002904e-01  -4.2491138e-01   2.6443469e-01  -3.7331851e-01   2.9199016e-01   3.1303728e-01   3.8569029e-01  -9.9243454e-02  -8.1374401e-02   4.2123948e-01   1.6032912e-02  -2.8230889e-01   1.2001878e-01  -2.8299377e-02   1.3839052e-01  -4.5021730e-01  -3.6960517e-01   2.3808875e-02  -3.7487066e-01  -2.6936957e-01   4.3923588e-01  -1.1382593e-01   2.7576014e-01  -3.0270818e-01   2.3859355e-01  -3.8930531e-01  -2.7032805e-01  -2.2395413e-01  -1.7592652e-01   7.2252068e-01  -2.3623700e-01   1.2404470e-01  -2.4406218e-01  -4.1326861e-01  -3.4185781e-01   2.5778503e-01   4.7467065e-01  -1.4620305e-01  -3.1668333e-01  -3.1825473e-01  -1.5495646e-01   3.2625155e-01  -2.4154056e-01   2.7968774e-01   1.8911757e-01   2.3299825e-01   5.6080349e-02  -2.6582510e-01   5.2934825e-01  -3.7194109e-01   2.3998650e-01  -3.4386555e-02  -4.3710126e-01  -1.0754429e-01  -2.3062822e-01   1.7694841e-01  -3.1552542e-01  -9.3499885e-02  -3.2277678e-01  -3.7958668e-01   3.7040629e-01  -1.5561841e-01  -4.0183224e-01   2.7392778e-01  -2.3972130e-01  -4.6310110e-01  -3.9154652e-02   2.7035639e-01   6.4929085e-01  -3.7427763e-01  -2.4872075e-01  -1.1295465e-01   1.9675912e-01  -3.7882651e-01   2.9503601e-01  -2.7190234e-01   2.3817627e-01  -1.5195200e-01  -1.3438667e-01   5.1447701e-01   2.9242108e-01  -2.3346594e-01  -1.8045052e-01   7.3427122e-01   3.2107865e-01  -1.7171074e-01   1.0655783e-01   8.0911489e-02  -8.5397819e-02   2.3350879e-01  -9.4646039e-02
  -1.0298423e-01   3.8560094e-01   0.0000000e+00  -5.0576884e-01   3.3440871e-01   7.2116914e-03   3.7331796e-01  -3.0968608e-01  -1.1010297e-01   4.1868290e-01  -4.4060777e-01   6.7317687e-01   3.2318223e-01  -5.8847550e-01  -4.3507380e-01   9.9498971e-02   8.9076521e-01  -6.3276000e-01  -1.4897392e-01   6.2604840e-01  -4.8016804e-01  -5.5729039e-01  -9.1273745e-02  -1.8825164e-01  -8.0755307e-02  -2.8544461e-01   5.4759183e-01  -2.8749729e-01   9.2414497e-03  -4.8989462e-01  -6.4708276e-01  -4.2706073e-01   1.6515437e-01   4.2193269e-01  -4.8985005e-01   4.3967257e-01  -3.1512198e-01  -1.8492329e-01  -1.4547071e-01   7.4958789e-01   4.7371410e-02   4.6272713e-01   5.6341626e-01  -5.3683031e-01  -8.9793804e-02   1.7711170e-01   1.4140631e-01  -2.9790805e-02  -2.1013603e-01   8.6071773e-01  -5.7055786e-01  -4.2925115e-01   3.2512087e-01   4.6132070e-01  -3.3207242e-01  -3.2754639e-01  -2.2530501e-01  -4.0275936e-01  -4.5723367e-01  -1.9646966e-01   4.6381930e-01  -1.1103870e-01   4.0241247e-01  -4.4283425e-01  -2.8856514e-01   2.3012270e-01  -1.3649617e-01  -7.6013202e-02  -1.7085545e-01   4.6800385e-01   5.2651270e-01  -4.8814046e-01  -6.9890296e-02  -2.0844165e-01   2.5331147e-01  -3.8030288e-01   1.5345482e-01  -3.3846119e-01   1.2990965e-01  -1.7313300e-01  -1.4696882e-01   1.5168329e-01   2.6446022e-02  -3.5068180e-01   3.9590355e-01  -3.7263494e-01  -4.4095319e-01  -3.7355185e-01   3.8841280e-01  -3.1642413e-01   5.6252432e-02   6.8281864e-01   7.9285840e-01  -1.0998647e-01  -1.0782883e-03   5.2421222e-01  -1.3574793e-01  -2.2711541e-01  -3.9614593e-01  -1.8612583e-01   2.2870797e-01  -5.1761123e-01  -6.8435510e-01  -3.8664374e-01  -5.5057354e-01  -2.7204774e-01   4.2843638e-01  -3.1829662e-01   1.6487701e-01  -3.1828348e-01   3.7235444e-01  -5.8510930e-01  -4.3314250e-01  -6.7898823e-02   1.4858814e-01   2.6987252e-01  -3.3784440e-01   2.3430733e-02  -2.3171271e-01  -5.5200647e-01  -9.6839093e-02   3.7348585e-01   5.9405028e-01  -6.6122428e-01  -7.6592921e-02  -3.4789598e-01  -4.7710854e-01   3.6026205e-01  -4.6223615e-01   6.4676631e-01   3.6949935e-01  -1.7586142e-01  -2.0678926e-01  -2.6540589e-01   5.6450652e-01  -3.5906328e-01   2.6679954e-01  -3.3215966e-01  -4.2812634e-01  -3.1072313e-02  -9.6102015e-03   4.1107018e-01  -4.5000473e-01   3.7928511e-01  -3.1498041e-01  -6.8601157e-01   6.2266698e-01  -4.7060241e-01  -1.1608154e-01  -2.9008689e-01  -3.6293346e-02  -6.3036993e-01   1.5466174e-01  -2.5130005e-01   8.0841577e-01  -1.8859670e-01   5.9906447e-02  -9.5952805e-02   5.2589503e-01  -5.9217293e-01   2.1514256e-01  -5.7553676e-01   2.3495568e-03  -6.3250035e-01  -1.2478360e-01   4.2627501e-01   1.8561906e-01  -2.3104956e-01  -2.4682499e-02   4.8237557e-01   2.3357963e-01   2.6232985e-02  -3.8625170e-01   5.9272098e-02   1.9335848e-02   3.0574819e-01  -2.1237592e-01
  -1.6175165e-01  -3.7239218e-01  -5.0576884e-01   0.0000000e+00  -2.2034056e-01   1.9440151e-01  -1.9312009e-01   2.4464445e-01  -3.2493125e-03  -1.9296036e-01   4.7691764e-01  -5.3726687e-01  -1.5466002e-01   4.4033522e-01   1.5002104e-01   7.8635895e-02  -5.1396044e-01   4.2514474e-01   2.0483808e-01  -2.8349256e-01   4.6020279e-01   5.6352353e-01   2.2078049e-01  -1.7764007e-01   1.8865561e-01   2.4849137e-01  -1.8737111e-01  -1.6353520e-02   1.8293396e-02   3.9556935e-01   1.8656516e-01   6.4414521e-01  -1.9001056e-01  -1.3381668e-01   2.7289593e-01  -5.1296640e-04   1.2917707e-01  -1.6202388e-01   5.8849404e-02  -5.8562313e-01   5.1779025e-02  -2.0623519e-01  -2.6902966e-01   4.1532857e-01   1.0885338e-01  -3.5144536e-01   2.7111505e-01   1.2044271e-01   2.5995870e-01  -5.0994474e-01   5.6806971e-01   4.3958011e-01  -2.4046020e-01  -2.2015767e-01   1.1932073e-01   1.2016134e-01   5.5076932e-02   6.1499433e-01   4.0730020e-01   1.7445419e-01  -4.4347298e-01   4.3315623e-01  -2.3649367e-01   6.0203005e-02   1.8097322e-01   1.2154476e-01   1.8892424e-01   2.3675592e-01   2.8185116e-01  -5.6189473e-01  -3.8006906e-01   7.4375424e-01   3.3775733e-02  -4.0648386e-02  -3.8034853e-02   2.8337743e-01  -4.4104476e-01   1.1373247e-01  -6.8372348e-02   1.5798910e-01   1.5163961e-01  -1.0968781e-01   1.5921809e-02   2.6838447e-01  -5.1065405e-01   3.8535750e-01   8.2374880e-02   1.1459148e-01  -4.3373146e-02  -1.7297618e-01  -1.7282068e-02  -4.7860001e-01  -3.6651801e-01   2.9849890e-01  -3.4255318e-01  -3.9676419e-01   3.8209503e-01   4.4471060e-01   6.2004799e-01   9.6417051e-02  -3.5819880e-01   4.6616022e-01   5.7131864e-01   1.0381650e-01   6.6347607e-01   6.9959813e-01  -2.9925992e-01   3.1647785e-01   1.0920953e-01   4.9208779e-01  -1.7166580e-01   5.4274531e-01   7.2314894e-01  -3.3149354e-01  -3.9892477e-01  -2.6043905e-01   2.1771029e-01  -1.3980975e-01  -1.3224498e-01   8.1489260e-01  -1.3207261e-01  -1.4079683e-01  -3.7757938e-01   3.1129381e-01  -2.8765770e-01   7.4434558e-02   4.0486549e-01  -8.9487249e-02   5.6700328e-01  -6.0036694e-01  -1.3728934e-01   6.4047454e-02   3.7286065e-02   2.1100684e-01  -1.9211369e-01   2.9833685e-01  -1.8740243e-01   6.4006304e-02   3.7461935e-01  -2.5203045e-01  -7.2237301e-02  -2.6903602e-01   3.0234343e-01  -2.7446083e-01   6.5830637e-02   4.8066693e-01  -4.9129692e-01   3.5190427e-01   3.4268522e-01   1.0025960e-01  -3.0237514e-01   4.5846137e-01  -2.9741041e-01  -1.3439644e-02  -6.3664996e-01  -1.6878810e-01  -1.0863365e-01   2.0242622e-01  -3.9602409e-01   4.1021103e-01   4.9851798e-02   2.6212237e-01   7.3898249e-02   5.2273101e-01   3.7467611e-01  -3.2884402e-01   2.3021974e-02  -3.7817549e-02  -1.3797482e-01  -3.0070359e-01  -1.3759576e-01  -3.3130860e-01   3.7997662e-01  -1.5304826e-01   5.1809873e-03  -9.8888825e-02   3.5886542e-01
  -2.6123600e-01   5.5773167e-01   3.3440871e-01  -2.2034056e-01   0.0000000e+00   5.7447967e-02   6.5270165e-02  -2.3614655e-01   3.3166069e-01  -7.8466892e-02  -3.8554792e-01   3.9507268e-01   2.8208813e-01  -3.3138939e-01  -3.2201209e-01   7.7471234e-02   4.5452882e-01  -7.6597470e-02  -1.5201504e-01   8.0159218e-01  -4.7150191e-01  -1.8404779e-01  -2.5763234e-01  -1.5691899e-01  -1.4730593e-01  -2.5026584e-01   3.7979693e-01  -2.9878272e-01  -2.6798210e-01   4.0967423e-02  -2.6648287e-01  -1.3117714e-01   2.9100610e-01  -3.6606860e-02  -2.4122535e-01   5.1202076e-01   1.8250959e-01  -2.5717083e-01   2.5125630e-01   3.6030825e-01  -4.3819288e-02   2.2173204e-01   2.6664040e-01  -4.1837517e-01   1.0019950e-01   6.1567014e-02   2.9116068e-01  -7.4702712e-02   4.2610865e-01   4.2199780e-01  -2.9916630e-01  -2.4626097e-01   1.0733129e-01   2.4330767e-01  -1.1367914e-01  -3.1641156e-01   1.0225723e-01  -2.5890860e-01  -1.0948267e-01  -6.6887193e-02   1.3646814e-01   3.5852446e-01   5.8490144e-01  -1.9972936e-01  -5.3485403e-02   1.4499863e-04   1.6436876e-01  -5.2478045e-02   1.2360609e-01   9.4489046e-02   3.9763909e-01  -2.1601342e-02  -5.1901042e-02  -3.5520833e-01   1.6868430e-01  -1.3360659e-01  -4.9650639e-03  -1.4596140e-01   6.4011709e-01   3.2234660e-01  -4.3606900e-01   1.0425619e-01  -1.8863014e-01  -2.5284970e-01   8.8289354e-02  -2.0360016e-01   1.7816536e-02  -1.5917907e-01   3.0136964e-02  -3.1288430e-01   4.1162777e-02   3.4556575e-01   3.1603207e-01   3.9376492e-02  -7.3073849e-02   3.8931930e-01   3.7391150e-01  -2.1828484e-02   2.8463036e-01  -3.4842313e-01  -4.5312909e-02  -3.5453387e-01  -3.2650208e-01   3.1706310e-02  -1.7261997e-01  -1.1008342e-01   3.3846924e-01   3.2783056e-02   2.0337291e-01   4.7533324e-02  -2.4263434e-02  -3.0950984e-01  -1.1270325e-01  -1.1793962e-01  -1.7484177e-01   5.8967152e-01  -1.7681358e-01   1.3586357e-01  -2.3219286e-01  -1.8316531e-01  -1.6154479e-01  -1.5906388e-02   3.2717739e-01  -3.2545706e-01  -1.9683228e-01  -2.6950400e-01  -1.1042994e-02   3.9935610e-01  -6.9803990e-03   1.4890170e-01   2.2541657e-01   2.4154431e-02  -7.4995538e-02  -3.8299533e-01   3.7104884e-01  -1.7676517e-01   3.2367407e-01  -4.2411476e-01  -2.6450554e-01  -8.7960460e-02  -1.3001336e-02   4.6392555e-01  -1.9740310e-01  -1.8699866e-01  -3.0133488e-01  -3.4291574e-01   9.6540748e-02   1.6941972e-01  -1.1403926e-01  -1.5796415e-01  -9.4429421e-02  -4.8436875e-01   6.9044677e-02   1.9066208e-01   4.7425664e-01  -1.9742732e-01  -1.3868907e-01  -9.1104992e-02   3.0466970e-01  -3.9585681e-01   3.4846625e-01  -1.0929154e-01  -1.6045741e-02   6.7539904e-02  -1.5038406e-01   4.3748376e-01   1.6048763e-01  -7.6290772e-02  -2.3779456e-01   4.7051608e-01   1.1764640e-01   8.9450404e-03   1.7141231e-01   1.4151490e-01  -1.1423547e-01   2.2039159e-01   1.3618795e-02
  -8.5989242e-04  -1.4755633e-01   7.2116914e-03   1.9440151e-01   5.7447967e-02   0.0000000e+00   1.1088628e-01   3.5381296e-02  -8.5503481e-02  -1.3450696e-02   9.3586448e-03  -1.5877118e-01  -5.4885340e-02   1.0157596e-01   9.4767272e-02   8.4071792e-02  -9.5984992e-02   1.5999446e-01   6.9554541e-02   3.4502274e-02  -1.0667190e-02   2.0869423e-01   3.0858627e-01  -1.1572319e-01   3.7697225e-02   3.2701536e-01   2.5353544e-01   7.2251175e-02  -1.6602211e-01   2.1609399e-01  -2.1702804e-03   1.5576088e-01  -2.0262083e-01  -2.8480666e-02   2.3991274e-01   2.1187729e-01  -1.8285003e-01  -3.2361246e-02   2.2230694e-03  -1.9942760e-01  -2.9015115e-01  -8.8656052e-02  -7.7226490e-02  -1.9813465e-02  -1.6081561e-01  -1.5332985e-01   3.7883611e-01  -5.7625707e-02   2.9639795e-02  -1.1622708e-01   2.4502076e-01   8.4865380e-02  -3.4996116e-01   1.6465320e-01  -1.1861225e-01   7.3070460e-02   3.9291247e-01   1.2658035e-01  -3.6827401e-02   3.5537682e-01  -6.1096901e-02   8.4035673e-02  -5.8982690e-02  -3.0467790e-01  -2.2272506e-01   4.0182995e-01   7.3033679e-01  -3.0571724e-03   4.4494026e-01  -1.0415018e-01  -3.8369740e-01   2.0678487e-01  -2.4723455e-01   1.1815330e-01  -4.0639496e-02   7.4561640e-02  -2.3898976e-01  -7.6067578e-03  -1.6639263e-01  -1.9194215e-01   2.0674870e-01  -2.9021774e-01  -1.3105929e-01   1.8904334e-01  -5.3555578e-02  -3.3148648e-03  -2.2697205e-01  -2.3899733e-02  -1.0277669e-01  -1.7514737e-01  -8.0644108e-02  -3.0563751e-02   1.0809955e-01   2.2336935e-01  -1.6319370e-01  -2.7115963e-01   2.0364676e-01   1.7829846e-01   6.4674301e-02  -2.0722655e-01  -4.1827671e-01   1.7230573e-01   2.9115988e-01   8.8778188e-02   2.3998648e-01   2.3964582e-01   7.1794606e-02   2.8302547e-01  -4.4572766e-02   4.5259461e-01   3.8118939e-02   3.3593376e-01   1.5662498e-01  -1.8210526e-01  -1.3001594e-01  -3.7304913e-01  -3.0566314e-02  -3.2773805e-01   4.6749858e-02   2.9565780e-01  -1.5547796e-01  -1.3469823e-02  -1.4421194e-01   7.2770672e-02  -2.0651051e-01  -2.6216340e-02   3.5534003e-01  -8.3856073e-02   9.7377503e-02  -2.4223525e-02  -3.2814517e-01  -2.0331125e-01   1.2786984e-01  -7.2468038e-02   5.4209333e-02  -2.1821458e-02  -1.6031991e-02  -1.7278149e-01   3.9520146e-02  -2.6998852e-01  -4.9801195e-02   8.3729351e-02  -3.9963795e-02   4.4036425e-01   1.9355683e-02   9.1803009e-02  -1.3562318e-01   2.5096829e-01   6.3729700e-01  -3.2021575e-01  -1.1400912e-01   1.0819826e-01   6.0007517e-02  -1.3976603e-01   1.6504182e-02  -5.6099069e-02  -1.7756417e-01  -1.0257768e-01  -5.1989677e-02   2.5087867e-01   1.0305601e-01   8.4081427e-02  -3.4967617e-02   1.0196854e-01   2.4140729e-01  -2.1722433e-01  -1.8142636e-01  -4.7637777e-02   1.9650574e-02  -2.2776556e-01  -2.6075360e-01   2.1113650e-02  -9.3511609e-03   6.0621186e-01   9.3848509e-02  -7.7359575e-02   1.6357483e-01
  -4.7556948e-01   3.8564797e-01   3.7331796e-01  -1.9312009e-01   6.5270165e-02   1.1088628e-01   0.0000000e+00  -2.4044677e-01  -7.6649365e-03   7.5689382e-01  -4.9979238e-02   6.2217153e-01   6.8451393e-02  -4.7009939e-01  -1.4373415e-01   1.3667370e-01   2.7356296e-01  -1.7912073e-01  -2.3823744e-01   2.2695777e-01   4.2853758e-02  -9.0216732e-02   3.9596676e-01  -5.8203590e-01  -3.2432206e-03  -9.7597012e-02   3.0248984e-01   1.7166345e-02   5.4423734e-02   9.4787256e-02  -1.8227397e-01  -1.4035162e-01  -6.4968109e-02   7.9907756e-01  -2.4766286e-01   5.3972211e-01   1.8952028e-01  -3.4348604e-01  -6.5309547e-02   5.3437384e-01   5.3120059e-02   9.5403785e-02   6.9254617e-01  -2.8378246e-01   2.9952958e-01  -3.9109462e-01   8.8267101e-02   6.1223868e-01  -1.7741810e-01   3.5930285e-01  -1.5478181e-01  -2.5775150e-01   5.5904900e-01   6.3782003e-02  -4.6301994e-01  -3.2732964e-01  -4.4220164e-01  -1.4690334e-01  -9.2415531e-02  -1.5644154e-01  -1.7300687e-01   1.1119181e-02   1.3118878e-01  -9.4878365e-02   2.3541969e-01   5.9093732e-01  -7.9281937e-02  -4.0323067e-03  -1.2159302e-01  -1.8756441e-01   5.2353345e-01  -2.4193738e-01   5.5085962e-02  -4.2051610e-01  -7.3919343e-02  -5.5312072e-02  -3.9006769e-01  -4.4528791e-01   1.0259446e-01  -1.8039662e-01   4.7297973e-01   2.4998381e-01   3.2111005e-01   3.0795234e-03   7.8192442e-02  -1.4637187e-01  -1.9706913e-01  -5.4173733e-01   2.7107240e-01  -5.8999127e-01   1.1927901e-01  -7.3984939e-02   6.5144610e-01  -1.8314264e-01  -3.2383850e-01   1.7126442e-01  -1.4862347e-01  -1.5575759e-01  -5.2156472e-02   5.3036208e-01   5.9146711e-02  -5.9644311e-02  -3.0640065e-01  -3.4701271e-01  -1.3942447e-01   1.3922995e-03   5.8333738e-02  -2.4993063e-01   5.4922300e-01  -1.4727992e-01   8.0042756e-01  -3.2280165e-01  -5.8032779e-02  -4.1352824e-01  -5.0915413e-02   2.5900044e-02  -3.3649146e-01   5.0529793e-02  -4.6492588e-01  -2.6521794e-01  -5.8017163e-01   3.8477023e-01   2.9702691e-01  -1.9871411e-01  -5.4201842e-01  -6.2865647e-01  -2.0006709e-01  -1.2109106e-01   8.2080733e-04   8.5902809e-02   1.6161717e-01   4.1938167e-01  -4.1355122e-01   5.4219989e-02   3.0910708e-01  -2.1898414e-01  -2.0355241e-02   1.7606744e-01  -2.1263257e-01  -3.7443189e-01  -4.9330189e-01   4.3097378e-02  -3.0402533e-01   1.4300643e-01   1.2670979e-01  -1.3295073e-01   6.8653883e-01  -2.1563299e-01   5.9611266e-02   3.7090370e-01  -4.9548138e-01  -2.0289354e-01  -2.7918568e-01   1.2440446e-01   3.4842530e-01  -4.5036609e-01  -4.4108804e-01   1.7659094e-02  -1.8651045e-01  -3.2165636e-02   8.4127924e-02  -3.2117447e-01   4.9594063e-01  -2.0178959e-01  -1.9865687e-01   4.7456219e-01   4.3766580e-01  -3.8330450e-01  -3.0327396e-01   3.7062776e-01   1.5201489e-01  -3.7702614e-01  -2.0359912e-01  -9.1235304e-02  -1.4804207e-01  -7.8445354e-03  -9.1359774e-03
   1.8448896e-01  -2.2068526e-01  -3.0968608e-01   2.4464445e-01  -2.3614655e-01   3.5381296e-02  -2.4044677e-01   0.0000000e+00   9.0471893e-02  -4.1205332e-01   2.1237682e-01  -2.9643775e-01  -3.1278491e-01   3.5300669e-01   2.3108475e-01  -5.3077407e-02  -3.3231093e-01   2.3755671e-01   2.4841233e-01  -2.8686532e-01   1.8843560e-01   4.0883299e-01   1.5966040e-01  -5.5422975e-02   3.5943662e-01   2.7193234e-01  -3.9422702e-01   8.3963506e-02  -8.7245764e-02   1.5477710e-01   2.5061806e-01   2.8216812e-01  -5.3883431e-02  -2.3865502e-01   3.4579108e-01  -3.1854840e-01  -1.5937434e-01  -4.7221400e-02   3.7803815e-02  -4.8724660e-01  -6.1770915e-02  -5.5833834e-02  -4.4085191e-01   3.8043445e-01   1.1686798e-01   2.1642904e-01  -5.0226229e-02  -2.5672720e-02  -6.3568427e-02  -3.8353558e-01   2.0010672e-01   5.3908139e-01  -2.3646591e-01  -1.9293243e-01   1.6058998e-01   2.8906062e-01   8.4719255e-03   3.1466780e-01   3.0658532e-01   3.2767476e-01  -5.5141244e-02   4.1027400e-02  -1.2332348e-01   2.9883430e-01  -5.4031493e-02  -2.0520378e-01   7.2535387e-02   1.9295757e-02   8.5761187e-02  -1.0136904e-01  -3.0717050e-01   1.8537724e-01   6.1657039e-02   1.5759949e-01   3.2611998e-02   2.3512724e-01  -5.1980220e-02   4.0324283e-01  -1.9795224e-01   9.3296082e-02   1.4195683e-01   2.3761935e-02  -9.5873916e-02   6.4538856e-01  -1.3409261e-01   1.5862326e-01   1.0448734e-01   1.5386931e-01  -1.1183241e-02   1.5730990e-01  -5.7138664e-02  -6.0202558e-02  -3.9431324e-01   2.5190476e-01   9.7742414e-02  -2.6216005e-01  -1.2458327e-01   7.9878321e-02  -3.9699500e-02  -8.8251111e-02  -1.5693350e-01   4.8351078e-01   4.2670631e-01   1.9257461e-01   3.2332919e-01   2.8405590e-01  -1.7628785e-01   1.9162653e-01  -1.9242234e-01   2.9932307e-01  -2.3048918e-01   3.8830942e-01   2.5773102e-01   9.1661409e-02  -3.8575867e-02  -2.2062063e-01   2.8409144e-01  -1.8569351e-01   2.3924108e-01   2.2664682e-01   1.2169451e-01  -1.9213574e-01  -2.2182067e-01   2.3241045e-01   9.6885258e-02   3.1215495e-01   3.7517316e-01  -1.0207090e-01   1.9310258e-01  -2.9588052e-01  -1.9510960e-01  -1.6230006e-01   3.4636558e-01   1.3877959e-01  -5.2222401e-02   5.6995984e-01  -9.1625379e-03   9.6333989e-02   3.9033346e-01   3.5028390e-02  -3.1095342e-02  -3.3952490e-01   3.6523153e-01  -1.1088479e-01   8.8743392e-02   3.7653778e-01  -3.6821647e-01   2.2242765e-01   1.8267623e-01  -1.3172648e-01   1.2967169e-01   5.5648769e-01   1.0675233e-01   9.4733650e-02  -3.3020502e-01   3.7074063e-02   2.4052369e-01   1.3511552e-01  -1.8440467e-02   3.5637472e-01   1.2053551e-01   2.7240296e-01  -2.1323777e-01   2.0754416e-01   2.2072150e-01  -2.4845701e-01  -1.7292288e-01   3.0227380e-01   1.9727818e-01  -2.2281187e-01  -1.0532561e-02  -2.3501486e-01   1.7914398e-01   9.2136408e-02   2.3113927e-01  -1.8149531e-01   2.1758548e-01
  -2.0808478e-01   3.2751095e-01  -1.1010297e-01  -3.2493125e-03   3.3166069e-01  -8.5503481e-02  -7.6649365e-03   9.0471893e-02   0.0000000e+00  -2.0948470e-01  -6.4550325e-02   1.3984959e-01  -2.0243213e-01   2.7417928e-02   1.0703407e-01   3.9591183e-01  -5.2112030e-03   3.8644590e-01  -1.7279016e-02   2.1206586e-01  -1.4372060e-01   3.1433260e-01  -1.3338717e-01  -7.6533098e-02  -2.3006075e-02   3.8166714e-02  -3.3970933e-02  -5.2369984e-02   6.8033085e-03   3.5798892e-01   7.2634009e-02   1.0118701e-01   2.0815498e-01  -4.1178192e-02   2.2160826e-01  -4.9194078e-02   3.6697544e-01  -3.1126979e-01   4.0456126e-01  -8.7807942e-03  -1.4912255e-02  -4.7993725e-02   1.6897546e-01  -4.7575748e-02   4.2063661e-01  -1.1466505e-01  -1.3182257e-01  -6.7122129e-02   3.3463873e-01  -1.3514622e-01   1.3591269e-01   1.0496315e-01   3.6075703e-02  -3.4668982e-02   5.6597232e-03   3.0609306e-03   2.9382194e-01   9.0156306e-02   2.1977040e-01   3.2660224e-01  -1.9934720e-01   2.9034755e-01   5.6993986e-01   3.0364063e-01   2.1009791e-01  -5.9705723e-02   1.8082441e-01   2.0197681e-03  -5.5406664e-02  -1.1403479e-01   1.3265253e-01   1.3054823e-01   1.8131477e-01  -3.0379535e-01   2.2663114e-02  -7.2015544e-02  -1.8528412e-01   1.0079169e-01   3.2202864e-01   4.0739139e-01  -8.4147124e-02   5.3047971e-02  -2.8864592e-01   4.2592727e-02  -1.8632731e-01  -3.6681702e-02   3.0960982e-01   3.4919809e-02  -1.0928631e-01  -1.8843897e-01   1.5106074e-02  -7.8605309e-02  -1.7339492e-01   4.9534923e-01  -1.0411598e-01  -4.7751789e-02   3.6231841e-01   2.4212388e-01   2.1306838e-01   3.0733923e-02  -1.6351598e-01   1.2948745e-01  -2.1773401e-02   5.8484308e-01   1.5160824e-01   1.6292587e-02   1.1298185e-01   2.6317642e-01   1.6981462e-01   1.0318375e-02  -1.7461967e-01   7.5097257e-02   2.3789044e-01  -1.1577708e-01  -1.1972271e-01   1.8847517e-01   8.3935799e-02   4.4387323e-03  -1.4733782e-01   2.6559501e-02  -1.4095467e-01  -9.1505219e-02   1.2367880e-01   1.3043491e-01  -1.8340939e-01   1.6906042e-02   3.3183593e-01   2.3832374e-01   3.6174801e-01  -2.2292516e-01   4.6668953e-02   1.6570747e-01   1.4093140e-01  -2.7231999e-01   3.6805018e-01  -1.6065761e-02   1.8838323e-01  -3.2004722e-02  -6.5039507e-02   1.0734357e-02   2.7618682e-02  -5.2376580e-02   1.0749304e-01  -2.7101330e-01   1.8869206e-02   1.3017653e-02  -1.5054511e-01   3.5813666e-01  -8.5762196e-02   8.5500433e-02  -6.4374310e-02  -5.1370387e-02   2.6622846e-02   3.8238351e-01   5.7708097e-03  -1.7193288e-01  -7.4445989e-02   8.8385065e-02  -1.3256424e-01   2.9220350e-02   3.4681371e-01   2.3736320e-01   3.7704029e-02   4.6613647e-01   3.6367242e-02   1.6428650e-01   2.3994742e-01   6.2463536e-02  -8.7390332e-02  -2.8135556e-02   1.8976684e-01  -3.2246304e-01   4.8979614e-01  -1.3900746e-01  -1.3766912e-02  -1.3652058e-01   5.1271599e-01
  -4.3847568e-01   1.4366897e-01   4.1868290e-01  -1.9296036e-01  -7.8466892e-02  -1.3450696e-02   7.5689382e-01  -4.1205332e-01  -2.0948470e-01   0.0000000e+00  -9.4153478e-02   5.2709837e-01   1.5938942e-01  -5.1265443e-01  -2.6585293e-01  -2.5229612e-03   2.9812438e-01  -2.4396228e-01  -2.1354890e-01   1.3053306e-01   9.6471683e-02  -2.0119026e-01   3.2310195e-01  -3.9314196e-01  -1.2775018e-01  -2.6654983e-01   3.5480844e-01  -5.2834015e-02   2.6015541e-01  -1.6630330e-01  -2.5379706e-01  -1.6151025e-01  -1.0897182e-01   7.4280015e-01  -3.2346119e-01   5.1431725e-01   1.3519430e-01  -2.0647982e-01  -2.1881257e-01   5.5821007e-01   8.0319223e-02   1.0326762e-01   7.2259918e-01  -4.4666907e-01   1.2747733e-01  -4.3583589e-01   1.3831501e-01   4.5217016e-01  -2.2359421e-01   3.8429313e-01  -2.2201518e-01  -3.6038580e-01   5.1715273e-01   8.2405815e-02  -3.5073589e-01  -4.6401782e-01  -5.3046676e-01  -1.2642188e-01  -1.9979010e-01  -3.3743121e-01  -1.0782507e-01  -1.4305958e-01  -1.3506868e-02  -1.6370406e-01   1.0844067e-01   5.6722271e-01  -2.9943652e-01  -1.3943102e-02  -2.1078571e-01  -1.3436658e-01   4.6893344e-01  -3.0506067e-01   6.4628465e-02  -3.6271298e-01  -2.4781800e-02  -1.0669158e-01  -3.2352672e-01  -5.9876712e-01  -3.7220490e-03  -1.6623394e-01   3.0375245e-01   2.8164809e-01   2.6792907e-01  -2.3333264e-01   5.7057859e-02  -1.6291922e-01  -3.5499872e-01  -4.9675203e-01   2.5840265e-01  -4.7382597e-01   1.7308295e-01  -1.0489120e-01   6.4841924e-01  -2.3358251e-01  -3.7634069e-01   2.4840884e-01  -1.3842563e-01  -2.2173421e-01  -1.3281041e-01   6.0422370e-01   1.6439273e-01  -2.3734028e-01  -4.3321187e-01  -5.3691344e-01  -2.1002200e-01  -4.4389737e-03   2.5728303e-02  -4.0399479e-01   4.5873412e-01  -2.5659201e-01   7.1581533e-01  -4.4903010e-01  -7.7241769e-02  -3.9994065e-01  -4.0128802e-02  -1.5770380e-02  -5.4345508e-01   1.6463684e-01  -5.1901299e-01  -3.0072662e-01  -5.2922058e-01   4.4763495e-01   4.1361009e-01  -2.7436443e-01  -4.4209533e-01  -6.3120733e-01  -3.3922414e-01  -1.5979490e-02  -5.3645227e-02   1.6109720e-01   2.8735804e-01   3.3564466e-01  -5.6203524e-01   1.0494694e-01   1.1951935e-01  -3.2128462e-01   4.2227600e-02   1.1792356e-01  -3.2775246e-01  -3.3275430e-01  -3.9967731e-01   1.2334969e-01  -4.3490234e-01   1.2964839e-01   1.6726549e-02  -2.3142376e-01   7.3854257e-01  -3.0915878e-01  -3.4879409e-02   3.4735093e-01  -4.9206128e-01  -3.2089760e-01  -3.3567016e-01  -5.7195883e-02   2.8632636e-01  -2.8578718e-01  -3.6297846e-01   6.7055998e-03  -1.9488299e-01  -1.7944109e-01  -9.2614004e-02  -4.9306589e-01   5.6867712e-01  -3.2468616e-01  -1.5191563e-01   3.6481482e-01   2.8428701e-01  -5.1997526e-01  -3.1551707e-01   2.8790472e-01   1.7983447e-01  -1.4035853e-01  -3.7849739e-01  -1.9982947e-01  -1.8591280e-01   1.0423891e-01  -8.4201053e-02
   5.7628648e-02  -4.9666077e-01  -4.4060777e-01   4.7691764e-01  -3.8554792e-01   9.3586448e-03  -4.9979238e-02   2.1237682e-01  -6.4550325e-02  -9.4153478e-02   0.0000000e+00  -6.0599258e-01   3.9568533e-02   3.5284006e-01   5.1918770e-01   1.6811347e-01  -5.6343711e-01   5.7390790e-01   3.2452139e-03  -2.9570670e-01   6.5827521e-01   5.7751031e-01   4.1034435e-01  -1.6726222e-01  -1.5087117e-01   2.3294550e-01  -3.4934772e-01   1.9695301e-01   8.9691397e-02   2.4541642e-01   4.9719705e-01   5.3303675e-01  -1.7458604e-01   2.2644551e-01   9.7556783e-02   1.2411126e-01   5.6527973e-02  -1.4289906e-01   2.7901882e-01  -5.5115923e-01   3.3411604e-01   7.8335990e-02  -1.6532443e-01   6.5038726e-01  -9.6997697e-02  -1.3756867e-01   3.0981390e-01   1.3017906e-01  -2.1797173e-01  -6.0438382e-01   7.3259789e-01   4.8376465e-01  -6.1735898e-02  -1.9462258e-01  -2.9040176e-02   4.1280548e-01  -5.9314568e-02   5.9868169e-01   4.4799506e-01   4.4014832e-02  -1.3758619e-01   2.8923362e-02  -5.2218584e-01   4.5139334e-01   1.4809721e-01   3.2921405e-01  -1.8359094e-01  -3.2892292e-02   2.2844026e-01  -2.0774239e-01  -4.0922116e-01   4.5574210e-01   4.0382833e-01  -3.4085619e-02  -4.6151960e-01   5.5422058e-01  -6.5226746e-02   2.2463632e-01  -3.1551838e-01  -9.5278255e-03   5.3468452e-01   1.6941053e-01   1.7431069e-01   2.9602639e-01  -4.8561199e-01   6.3134349e-01  -1.0843014e-01  -4.2616436e-02  -1.2977801e-01  -6.4277915e-02  -2.9154335e-01  -4.0528495e-01  -2.4971199e-01   2.0657170e-02  -1.7557601e-01  -5.1745486e-01  -1.9773694e-02   2.8870476e-01   2.7463376e-01   1.8233430e-01  -2.1878422e-01   7.0105330e-01   5.0730607e-01  -1.1829957e-02   6.4754661e-01   4.2260277e-01  -3.3359312e-01   1.6000080e-01  -1.2706377e-02   3.7758870e-01   9.5805319e-02   4.7233560e-01   4.1934985e-01  -1.4483917e-01  -1.1855424e-01  -5.3820944e-01   2.8221257e-01   1.4989144e-01   6.1674514e-02   5.7439128e-01  -4.3165011e-02  -2.6600437e-01  -5.2744045e-01   3.3225636e-01  -9.6992312e-02  -5.6005255e-02   1.6016492e-01  -4.8551886e-01   5.1960572e-01  -2.7519239e-01   3.8260467e-02   3.7446717e-01  -1.6995959e-01   4.1923799e-01  -3.2017901e-01   4.9333873e-01  -2.6561970e-01   4.0361682e-01   5.9049667e-01  -1.8680712e-01  -2.6062944e-01  -4.4609893e-01   5.9277346e-01  -4.4848356e-02   5.1566391e-01   7.4558315e-01  -4.1892170e-01   2.6362460e-01   4.7714048e-01   1.8990251e-01  -1.0828024e-01   5.1758593e-01  -8.9327948e-02   1.8478797e-01  -5.9905756e-01  -1.7884287e-01  -1.3055891e-01   2.0335981e-01  -2.4528174e-01   5.7330600e-01  -1.4465346e-01   5.7148993e-01   9.2145095e-02   4.3090033e-01   1.3114718e-01  -3.8375559e-01   2.1741428e-01   1.2866312e-02   7.3810168e-02  -3.6055814e-01  -3.2461405e-01  -3.1573857e-01   1.3107223e-01  -2.4114786e-01   7.7001759e-02  -6.4224120e-02   2.5339533e-01
  -4.0715222e-01   7.2297935e-01   6.7317687e-01  -5.3726687e-01   3.9507268e-01  -1.5877118e-01   6.2217153e-01  -2.9643775e-01   1.3984959e-01   5.2709837e-01  -6.0599258e-01   0.0000000e+00   9.4917316e-02  -6.7352961e-01  -5.2384092e-01  -7.2765801e-05   7.1716321e-01  -5.5805880e-01  -2.3321022e-01   5.0169013e-01  -4.8255817e-01  -4.9031108e-01  -1.5328997e-01  -3.6490424e-01   5.7075989e-02  -2.6971358e-01   4.2651141e-01  -2.7500455e-01   5.3677943e-02  -2.1410950e-01  -5.4155143e-01  -4.1075543e-01   1.3840864e-01   4.4218017e-01  -3.8842497e-01   3.5712150e-01   1.0438515e-01  -1.7948954e-01  -1.4384208e-01   8.4115777e-01  -5.3532839e-02   9.3909561e-02   6.5161419e-01  -5.8905086e-01   3.1577988e-01  -1.0442396e-01  -1.1238171e-01   2.3317799e-01  -2.7867537e-02   7.7464746e-01  -6.7986406e-01  -4.7588346e-01   5.6452873e-01   2.8427990e-01  -3.5817440e-01  -5.3195769e-01  -3.5769109e-01  -4.7010862e-01  -2.9875827e-01  -1.8180766e-01   7.9888880e-02  -5.4281412e-02   5.6707286e-01  -3.0063877e-01   8.8491843e-02   1.1287639e-01  -1.3821663e-01  -2.6742185e-02  -2.9589542e-01   1.2056823e-01   8.1584917e-01  -5.2654713e-01  -8.9037877e-02  -3.4812750e-01   3.2389726e-01  -3.9239721e-01  -1.3096418e-01  -3.8403529e-01   4.5332750e-01  -3.1094611e-02  -1.8584504e-01   1.6741407e-01   1.2817150e-01  -3.2506559e-01   4.0845681e-01  -4.9938872e-01  -1.3189593e-01  -4.6646713e-01   4.3620482e-01  -3.9201320e-01   2.8898556e-01   3.5357136e-01   6.6986150e-01  -1.3254519e-01  -4.7366679e-02   6.1454970e-01  -1.2468640e-01  -2.4959838e-01  -2.1745844e-01   1.7867665e-01   2.6010804e-01  -5.7145454e-01  -6.9401836e-01  -2.9010163e-01  -5.7097753e-01  -2.7374483e-01   3.9311644e-01  -2.7443643e-01   3.5843398e-01  -4.4629786e-01   4.9226436e-01  -6.6212193e-01  -4.2120444e-01  -1.9989095e-01   1.3416433e-02   5.5963840e-01  -3.3740352e-01   4.3203438e-02  -4.0585226e-01  -6.4999527e-01  -3.2865193e-01   4.6455081e-01   7.0076955e-01  -5.1658702e-01  -2.6799996e-01  -4.6801689e-01  -3.8346445e-01   3.6853352e-01  -3.1950212e-01   3.3806185e-01   2.5042019e-01   5.9500007e-02  -2.1018003e-01  -2.8012428e-01   5.3922378e-01  -4.3974059e-01   2.5076152e-01  -2.1516973e-01  -5.2705715e-01  -9.3145212e-02  -1.9512207e-01   3.0716666e-01  -4.6428704e-01   1.6958498e-02  -3.0956413e-01  -6.3405812e-01   8.0239473e-01  -3.4960078e-01  -3.9897888e-01   1.1448479e-01  -2.4851348e-01  -6.3349289e-01  -1.3737077e-01   5.1631913e-02   7.8395710e-01  -2.6972437e-01  -1.8658187e-01  -3.6973133e-02   1.5697312e-01  -5.6117648e-01   2.4447750e-01  -5.0551288e-01   2.3000472e-01  -4.4553579e-01  -2.3411824e-01   6.7661735e-01   3.5750910e-01  -3.2960289e-01  -2.6283719e-01   6.2948827e-01   4.6147609e-01  -9.4145541e-02  -2.4885220e-01   5.6249808e-03  -8.2675850e-02   1.7457995e-01  -1.0375320e-01
  -1.2167178e-01   6.6797676e-02   3.2318223e-01  -1.5466002e-01   2.8208813e-01  -5.4885340e-02   6.8451393e-02  -3.1278491e-01  -2.0243213e-01   1.5938942e-01   3.9568533e-02   9.4917316e-02   0.0000000e+00  -2.7243001e-01  -8.4944375e-02  -9.2555638e-02   2.3990588e-01  -1.7516171e-01  -1.5189933e-01   3.6426998e-01  -1.5423537e-01  -2.5986559e-01  -1.0972135e-01  -3.8437228e-02  -1.9656047e-01  -2.5314004e-01   3.2710098e-01  -1.7921365e-01  -1.1175597e-01  -2.3962039e-01  -1.2979413e-01  -1.1400559e-01   1.4675624e-01   1.6266285e-01  -2.4829708e-01   3.9412373e-01  -1.0290048e-02  -2.4264260e-01   8.3768801e-02   2.5488395e-01   5.9500381e-01   4.9086577e-01   2.5506826e-01  -6.1715651e-02  -2.0776842e-01   1.2226397e-01   3.7155586e-01   1.2722411e-02  -6.2191884e-02   2.5366366e-01  -1.1127092e-01  -6.4765057e-02   1.2367482e-01   1.8874442e-01  -1.6896340e-01  -3.6139562e-02  -1.4471862e-01  -1.1142455e-01   8.0885193e-03  -1.4940737e-01   3.6677182e-01  -1.9122062e-02   3.1063892e-02  -1.1150022e-01  -1.7262845e-01   1.7440384e-01  -1.4645268e-01  -9.6804321e-02   7.6219446e-02   3.1156349e-01   2.0253591e-01  -1.5132726e-02   3.1668077e-01  -8.5081295e-02  -1.1572007e-02   9.3343842e-02   1.9499425e-01  -1.1869797e-01   3.8074399e-02   2.7079845e-02  -9.0936980e-02   4.4258636e-01   6.2785778e-02  -2.0852056e-01   2.2332471e-02   7.5395081e-02  -2.4000754e-01  -2.6780846e-01  -4.4884008e-02  -2.2465701e-01  -5.2536216e-02   3.2871975e-01   3.4170893e-01  -2.1707577e-01  -5.5845856e-02   1.8849315e-01   3.0964993e-02  -1.0751075e-01  -3.7292736e-02  -2.3417150e-01  -2.1572069e-02  -1.1167982e-01  -2.3899612e-01  -2.7296353e-01  -1.4952601e-01  -1.1830188e-01   3.6714042e-02  -2.0172285e-01   1.1681978e-02   5.6915058e-03   1.1354494e-01  -2.1346892e-01  -1.3684102e-01  -8.3003189e-02  -4.9800872e-03   7.3721896e-02  -5.1237766e-02   6.2580730e-01  -2.0087872e-01  -1.4496854e-01  -6.3784598e-02   8.0955915e-02   9.0679877e-02  -3.0879624e-01  -1.1040783e-01  -2.6391928e-01  -2.7556619e-01  -4.4675152e-02  -1.2184580e-01   3.1143332e-01   4.6556299e-01   1.4569494e-02  -2.9437116e-01  -7.2461000e-02   1.4776042e-01  -4.3145767e-02   2.2072078e-01  -1.5584011e-01   4.5225675e-02  -1.8562258e-01  -7.5231958e-02   2.8341661e-01  -1.4651998e-02   4.9209162e-02   4.5402867e-04  -1.4664323e-01   1.7672919e-01  -1.8089238e-01   4.0429064e-02  -1.4961797e-01   5.9260406e-02  -3.1656992e-01   2.5309796e-01  -1.3132684e-01   2.6727648e-01  -1.7117962e-01  -8.1419573e-02   1.1387447e-01   4.4019185e-01  -2.2771001e-01   2.4334111e-02  -7.8965492e-02   3.3018025e-02  -1.3486885e-01  -2.4928972e-01   8.9900491e-02   1.4120932e-01  -2.0177899e-01  -6.4446741e-02   2.2952971e-01  -1.0837774e-02   5.9810208e-02  -2.5949247e-01   8.0305845e-03  -2.1212166e-02   2.0768419e-01  -2.6609508e-01
   3.4417269e-01  -4.2951826e-01  -5.8847550e-01   4.4033522e-01  -3.3138939e-01   1.0157596e-01  -4.7009939e-01   3.5300669e-01   2.7417928e-02  -5.1265443e-01   3.5284006e-01  -6.7352961e-01  -2.7243001e-01   0.0000000e+00   4.8002606e-01   5.8175458e-02  -5.4855774e-01   3.8705070e-01   1.4618192e-01  -4.1951506e-01   4.1512023e-01   4.4674335e-01   2.3428520e-01   2.0883264e-01  -9.7733157e-02   2.7006875e-01  -4.9764635e-01   4.1588004e-01   3.4024582e-02   3.1542224e-01   5.6616625e-01   2.4680688e-01  -1.3510863e-01  -3.4572275e-01   5.3706425e-01  -4.2117467e-01  -1.1817751e-01   5.2572544e-02   8.4066996e-02  -6.0959262e-01  -1.1479435e-01  -2.3784972e-01  -6.7154937e-01   5.5419446e-01  -2.5491499e-01   3.8531151e-02  -1.8918175e-01  -1.8764645e-02   1.2010628e-01  -6.3111024e-01   3.5070704e-01   5.0285084e-01  -4.4998994e-01  -2.9621555e-01   6.3095453e-01   4.4588892e-01   2.2625744e-01   3.9620571e-01   1.3435817e-01   6.2665135e-02  -1.3913255e-01  -3.5933917e-02  -3.5340525e-01   2.7866182e-01  -6.2694567e-02  -2.4750874e-01   2.4434092e-01  -1.7745197e-01  -4.4784173e-03  -1.3927962e-01  -5.8920600e-01   3.0434887e-01  -1.4617964e-02   5.6852622e-01  -2.2307497e-01   3.4651684e-01   6.6317864e-02   3.1100898e-01  -3.8917687e-01  -2.2907097e-03   2.4634414e-01  -2.0496995e-01   1.1681259e-01   2.4343353e-01  -2.5508217e-02   2.8435278e-01   5.0847894e-01   5.6625111e-01  -3.1216293e-01   2.5150200e-01  -2.1771705e-01  -2.4061634e-01  -5.9814680e-01   7.2895861e-02   4.4479927e-02  -5.3026414e-01   1.7354518e-01   2.5198508e-01   8.0175181e-02  -7.1000400e-02   2.5610471e-02   3.6315383e-01   7.4022932e-01   3.1488509e-01   3.0263607e-01   1.8691252e-01  -2.1125117e-01   1.8158701e-01  -3.3762578e-01   2.5835529e-01  -2.6047942e-01   5.6431389e-01   2.4939559e-01   7.6305329e-02   1.6305510e-01  -3.4062337e-01   2.8379087e-01  -1.2736935e-01   5.3430029e-01   4.6424771e-01   1.3143657e-01  -4.6648946e-01  -5.8220228e-01   6.3059902e-01   1.5380796e-01   5.6736326e-01   2.4081068e-01  -2.6446833e-01   2.6426737e-01  -2.6342657e-01  -2.9038063e-01  -1.0459381e-01   5.0679304e-01   3.8367934e-01  -3.3355151e-01   3.6015829e-01  -2.6283536e-01   3.4774479e-01   4.0725336e-01   6.8091109e-03   2.6665121e-01  -1.4609606e-01   2.6901746e-01   9.2246956e-02   3.2177073e-01   5.3770127e-01  -4.9505079e-01   2.3452977e-01   1.3374037e-01   2.8701280e-02   2.4954378e-01   7.7916931e-01   1.0685604e-02  -5.3898588e-02  -5.3953636e-01   1.6346462e-01   8.3504043e-02  -3.3966797e-02  -1.8991720e-01   6.5156436e-01  -4.0335838e-01   3.5831456e-01  -2.4437038e-01   3.4687213e-01   2.5140781e-01  -4.6700005e-01  -3.9037055e-01   3.1662620e-01   1.2625749e-01  -4.6551035e-01  -3.8913465e-01  -3.7414093e-02   1.7437649e-01  -1.3952306e-02   1.2944362e-01  -2.8768783e-01   1.7516110e-01
