   0.0000000e+00  -5.6610813e-01  -6.2852469e-02   7.1107196e-02  -6.3680221e-01  -4.3508613e-01  -4.6804738e-01  -3.0334781e-01  -1.4332979e-01  -2.0986739e-01   2.5038170e-01  -6.7121799e-01  -3.5772336e-01   3.5281108e-01  -2.2364186e-02  -1.8578250e-02  -1.6162502e-01   3.7512010e-01  -4.1843957e-01  -6.9046583e-01  -1.5662588e-01   3.0125066e-01   8.6487791e-02   7.1237188e-01   1.1897310e-01  -1.6766358e-01  -5.9799299e-01   7.7924400e-01   1.3153901e-01   6.9561984e-02  -4.2453971e-01   4.0065959e-01   1.9368422e-01  -5.6494710e-01  -4.4910180e-01  -4.6196462e-01  -4.7199026e-01   1.9369304e-01  -2.1183493e-01  -7.5208756e-01  -2.8025513e-01   1.9099748e-01  -1.9494732e-01   5.1961816e-01   1.0085187e-01   7.7210367e-01   2.2061500e-01  -3.8995704e-01  -5.3988970e-01  -5.8683844e-01   4.2818506e-01  -8.9677524e-02  -5.0345359e-01  -9.8266215e-02   4.6850657e-01   5.3232652e-01  -4.6774854e-02   3.0098560e-01   6.0136314e-02  -8.5547184e-02   4.6128043e-01  -4.1391340e-01   1.3234431e-01  -8.2490153e-02  -1.9763099e-01   2.3492987e-02  -6.5750435e-01   1.2368490e-01   4.7224351e-03   7.3800650e-01  -6.3596700e-01   1.5434273e-01  -2.6984609e-01   7.6542991e-01   1.6713389e-02  -2.7724058e-01   5.0657759e-01  -2.0857775e-01  -5.1765212e-01  -1.9134813e-01   6.5614991e-01  -3.5391359e-01  -3.3864037e-01   1.9485701e-01   7.2301480e-01   2.6332475e-01  -2.4112810e-01   6.9359310e-01  -7.5019001e-02   8.0510116e-01  -5.5992876e-01   3.8123181e-01  -5.1796874e-01  -1.6689958e-01   1.9055158e-01  -6.3035049e-01  -2.3407977e-01  -3.9506514e-01  -3.3533367e-01  -1.1153931e-02   7.6755904e-01   1.0272558e-01   3.3929004e-01  -2.2284966e-01   2.3847651e-01  -7.1085341e-02   1.6996799e-01  -3.4295246e-01  -5.4392116e-01   1.7483173e-01  -5.1760065e-01   3.9866723e-01   1.9603147e-01   7.3975103e-01   5.8530914e-01  -5.2893311e-01  -3.7823429e-03  -3.9732592e-01   6.7616839e-01   9.8685324e-02   6.8764217e-01  -6.5167210e-01  -6.9046942e-02  -3.5356256e-01   6.8637426e-01   4.6358166e-01  -3.6911667e-01  -2.4784217e-01   1.3034530e-01   3.9032852e-01  -2.8484405e-01  -5.4934961e-01   4.8150495e-02   4.6271706e-01  -4.8585519e-02   8.8397784e-03  -5.8421180e-02   5.6768553e-01   1.5368217e-01   3.0007229e-01   7.3363539e-01  -8.8942046e-02   2.9179407e-01   4.2581230e-01   2.0255960e-01   1.8901333e-01  -6.0507006e-01  -2.6318011e-01   2.8981371e-01  -3.1047621e-01   8.9565886e-01  -1.1867951e-01   6.6956849e-01  -3.8540134e-01  -6.4291390e-01   5.4138477e-01   4.6529927e-01  -2.3739295e-02   3.9543184e-01   3.4219498e-01  -4.7229421e-02   1.9813630e-01  -5.4588927e-01   3.2245067e-01  -2.3934509e-02  -6.2956435e-01  -3.9948786e-01   2.8143470e-01   4.3980464e-01  -5.7123278e-01  -6.1560277e-01   2.4834431e-01   3.0997401e-02   1.3361145e-01   3.0015228e-02   2.1263220e-01  -3.8289218e-02
  -5.6610813e-01   0.0000000e+00  -2.1871496e-01  -3.6259090e-01   7.3043885e-01  -4.8061500e-02   4.1111276e-01   4.2946545e-02   3.1267144e-01   3.6066249e-01  -4.2780817e-01   7.5265423e-01   1.3270177e-01  -2.0135524e-01  -1.4626190e-01  -2.2049081e-01  -1.2601323e-01  -6.7668855e-01   4.5073989e-01   5.5301793e-01  -1.5811786e-01  -5.2936798e-01  -2.7849297e-01  -3.6686538e-01   1.5052396e-01   2.7202273e-01   2.4418895e-01  -6.8943232e-01  -6.1757929e-03  -5.5336728e-03   7.8111831e-01  -5.8241945e-01  -2.0560213e-01   6.3224630e-01   5.8666749e-01   2.2037331e-01   2.5870182e-01  -6.3610365e-02  -1.0073638e-01   6.0975335e-01   7.7482228e-02  -2.8926155e-01   2.4135832e-01  -5.9865536e-01  -4.2703762e-01  -5.5817106e-01  -6.6407924e-01   5.2843744e-01   4.1111725e-01   4.0350640e-01  -7.1456626e-01   2.2700007e-01   8.5012769e-01   1.1081720e-01  -2.7269488e-01  -6.6857943e-01  -2.0312357e-01  -5.2878596e-01  -4.2651952e-01  -1.0918884e-01  -3.9138880e-01   3.6170384e-01  -8.6063650e-02   4.8350815e-01   3.8185935e-01  -3.6182723e-01   4.1411090e-01   1.7096058e-01  -5.6957169e-01  -6.4021059e-01   9.0574364e-01  -5.8955821e-01   2.8596235e-01  -6.6193623e-01  -1.1729261e-01   9.1944105e-02  -4.0114136e-01   7.2008306e-02   7.7100165e-01   3.0851362e-01  -6.4312066e-01   2.1461476e-01   6.0319080e-01  -3.5850165e-01  -5.9779896e-01  -2.9186176e-01   3.8881095e-01  -5.6463931e-01   1.0114249e-03  -4.5484656e-01   8.0281327e-01  -4.5763638e-01   4.8800970e-01  -7.6077186e-02  -2.9814284e-02   6.3007974e-01   1.1756780e-01   4.1822905e-01   3.4076590e-01  -4.5109446e-01  -4.6272722e-01  -1.9659586e-01  -6.3142350e-01   2.5939869e-01  -5.4227130e-01  -2.9028566e-01  -5.1203218e-02   3.4473733e-01   4.0159413e-01  -6.1895820e-01   5.9207452e-01  -6.4913391e-01  -3.7766442e-01  -3.8224088e-01  -4.1140359e-01   8.7862794e-01  -9.5821495e-02   3.5373162e-01  -6.5181469e-01  -4.4642496e-01  -5.2897185e-01   7.1324395e-01   2.6412833e-01   7.1072704e-01  -5.1955102e-01  -5.1995606e-01   5.2339906e-01   9.2889303e-02  -4.4042988e-01  -5.6069947e-01   9.3249206e-02   7.7110101e-01  -4.6477273e-02  -5.9638396e-01  -1.3036313e-01  -2.5508850e-01   5.8621866e-02  -6.2586283e-01  -3.4453616e-01  -1.5470954e-02  -3.5225725e-01   1.8439200e-01  -5.7166650e-01  -6.9884567e-01  -1.1299345e-01  -2.1613316e-02   5.2923817e-01   3.3313345e-01  -7.8184598e-01   4.3425789e-01  -7.0100661e-01  -2.4162735e-01  -5.8231134e-01   7.3186247e-01   7.1915175e-01  -2.5740708e-01  -3.0390685e-01  -3.7850286e-01  -3.5245176e-01  -6.4747677e-01   2.4619346e-01  -5.4413709e-01   8.3253527e-01  -3.9652742e-01  -1.0676208e-01   5.8268078e-01   2.8515542e-01  -3.7265783e-01  -3.2512272e-01   7.8284352e-01   7.7559415e-01  -5.6707425e-02  -5.6701637e-02  -3.7435889e-01   3.0006735e-01  -1.3080752e-01  -1.2904343e-01
  -6.2852469e-02  -2.1871496e-01   0.0000000e+00   2.7868717e-01  -2.1548143e-02   2.2939073e-01  -2.9830490e-01   1.7062692e-01  -3.5426599e-01  -1.9884869e-01  -1.1250379e-01   1.4710440e-01   1.8094820e-01  -1.3024505e-01  -7.8119130e-02   1.8141378e-01   7.9429645e-01   2.0604743e-02  -9.3676264e-02   1.1364793e-01   1.2056774e-01   5.1123802e-02  -7.8349925e-02  -2.1577993e-01  -1.5316699e-01   1.4010099e-01   1.1277347e-01  -2.0385987e-02  -1.3150134e-01  -2.4575808e-01  -2.8157683e-01   1.3195124e-01   2.0592207e-02  -2.7439097e-01  -2.5163032e-01  -7.5078011e-02   7.5420916e-03  -1.9772809e-01   2.2837852e-01   1.6473957e-01   4.0553954e-02  -1.4283650e-02  -7.9076077e-02   2.6291708e-01  -6.1424499e-03  -3.3827535e-02   7.9538902e-02  -3.1587873e-01   1.9088068e-01   5.3113152e-01  -5.3554771e-02   7.4149544e-02  -2.8351320e-01   3.7928219e-01   1.0359231e-01   2.2563658e-01   1.2611702e-01  -3.5307188e-02   1.5736793e-01   4.5395727e-02   1.5735330e-01   3.1229351e-02  -1.8712309e-01  -1.9159778e-01  -1.6403631e-01  -1.9629838e-01   1.4848871e-01  -1.4362919e-01   2.8963664e-01   2.1072688e-01  -7.3784353e-02  -1.2447760e-04  -7.4783654e-02   2.5365988e-01   5.6043327e-02   2.7104514e-01   1.1808800e-01   8.5049784e-02   5.5040512e-02  -1.7522979e-01   4.2512156e-03  -1.1067458e-01   7.5829302e-02   2.0384912e-01   3.6247046e-01   1.6044283e-01   1.0102247e-01  -5.0099867e-02  -1.3120925e-02  -1.6932300e-01   9.9922710e-02   4.3603727e-01   1.1394140e-01  -3.2070083e-02  -1.6176434e-01   1.5129272e-01  -1.9809711e-01   1.5681164e-01  -3.6625714e-01  -8.3224373e-02   8.3983968e-02   9.1736920e-02   1.7481068e-01  -9.9288906e-02  -1.1306290e-01   1.3536486e-01   2.6633332e-01   1.6090378e-01   1.2367961e-01   1.3550466e-02  -1.0295600e-01  -5.8071116e-02  -1.8913130e-01  -1.7850483e-01   4.3738185e-02  -3.0821096e-01   2.8296451e-01  -1.1216779e-01   3.2185926e-01   1.6799987e-01  -8.8876828e-02   1.1704443e-01   8.8324164e-02  -1.1001592e-01  -5.1851953e-03   5.7833691e-02  -1.1820278e-01  -7.1742003e-02   5.9792188e-02   4.5209010e-01   3.6645291e-03  -2.3189741e-01   5.2448886e-01  -1.5308676e-01   1.9491891e-02   2.9786995e-01   1.4087561e-01   1.1852247e-01   2.2455355e-01  -1.7361643e-01  -1.8113974e-01   6.8525759e-02   1.2265574e-01   4.4821660e-01   5.8758225e-02  -2.4710915e-01   1.7927667e-01  -4.0226601e-01   8.5677955e-02  -1.8692969e-01   3.5077571e-02  -3.8877879e-02   1.5600497e-01  -3.0523303e-01   3.6572773e-01  -2.7453711e-01  -5.5666239e-02   1.8239900e-01   2.7981525e-01  -7.5452801e-02  -2.2860116e-02   6.5916815e-02  -2.3890085e-01  -1.5430478e-01   1.5054050e-01  -1.2737080e-01  -1.1443692e-01   9.5584230e-02   5.0410105e-02   1.6103536e-01  -9.2533502e-02  -2.3580560e-01  -2.9497675e-01   3.4305468e-01  -1.3856231e-01  -2.1802951e-02   1.0303978e-01
   7.1107196e-02  -3.6259090e-01   2.7868717e-01   0.0000000e+00  -6.1193017e-02   2.9206346e-01  -2.0769992e-01   2.1318800e-01   2.2103259e-02  -5.9283822e-02   2.4366916e-01  -1.7607124e-01   1.3650716e-01   5.2711357e-02   1.1489875e-03   8.7572891e-02   2.8712520e-01   4.3819473e-01  -2.9212594e-01   9.8045266e-02   2.8180673e-01   4.2457457e-01  -5.9364527e-02   6.7973642e-02  -2.2516049e-01   5.4796819e-02   3.0789753e-01  -4.4128913e-02  -8.5859117e-02   5.2344612e-02  -3.0505115e-01   5.3595199e-01  -1.4919191e-01  -1.8662260e-01  -1.7374392e-01   1.2861331e-01   1.4307657e-01  -1.9400245e-01   2.5067487e-01  -1.2537013e-01   1.7518305e-01  -2.2606418e-01   7.2114741e-02   1.4629717e-01   3.6099922e-01  -3.7364986e-03   4.0177717e-01  -1.5262053e-01   1.0831671e-01  -6.4087307e-03   3.6864424e-01  -2.5477910e-02  -2.7191856e-01   6.1921848e-02  -7.0029019e-02   1.3462819e-01   2.8055232e-01   6.8898677e-01   4.2992566e-01   3.9756603e-01  -3.5766958e-02   6.1525010e-02   7.2540877e-02  -4.4557397e-01  -4.4461318e-02   3.4467489e-01   8.9990889e-02   1.7370263e-01   4.2882526e-01   7.6148121e-02  -3.3665144e-01   3.9232333e-01  -1.8774978e-01   2.5202628e-01  -1.9082828e-01   1.4765692e-01  -3.9014622e-02   7.9962811e-02  -1.7872139e-01   5.1332246e-02  -4.0234784e-03  -9.0423534e-04  -2.5018645e-01   2.5408538e-01   1.6138523e-01   2.3540301e-01  -1.1343205e-01   1.1346060e-01  -2.4253289e-01   3.7575875e-02  -1.8800401e-01   2.0850981e-01  -1.3437323e-01   5.6422712e-01  -2.6018685e-01   4.1356606e-02  -1.7649645e-01  -1.0664583e-01  -4.9208774e-02   3.3982445e-01  -3.1959654e-02   3.2878971e-02   3.7103918e-01   2.0801313e-01   3.1826709e-01   3.6417543e-01  -1.0850409e-01  -6.0860671e-02   3.9092456e-03   3.6864120e-01  -2.5386117e-01   4.4440569e-01   6.6007965e-02  -7.4829827e-02  -2.4923414e-01  -2.9940066e-01   1.8840606e-01  -6.7079060e-02  -4.8356885e-02   7.3259644e-01   8.3149807e-02  -1.3146596e-01   1.6279253e-02  -2.2916513e-01  -5.4596472e-03   2.4412661e-01  -1.9602555e-01  -2.4411359e-01   6.0555767e-01   2.1401596e-01  -5.9946946e-02  -2.1842986e-01   2.5050960e-01   1.9863274e-01   4.8801830e-01   1.9362797e-01   2.6615444e-01   9.4793951e-02   3.4050844e-01  -4.0423813e-02  -4.4775057e-02  -8.4773275e-02   3.2065912e-01   1.6193898e-01  -1.3307538e-01  -7.0679058e-02  -2.2947063e-01  -1.9188007e-01   3.6828847e-01  -1.3582852e-01   7.4388344e-02   2.2680588e-01   1.5094636e-01  -2.9897846e-01  -1.3862810e-01  -7.9012244e-02  -1.3298917e-01   4.2438282e-01  -1.1138520e-02   2.7471189e-01  -7.6171312e-02   1.5053118e-01  -1.9983961e-01   2.8495126e-01   4.7286821e-01  -2.5994531e-01  -2.0829567e-02   1.3382639e-01   1.3462948e-01  -1.7813853e-01  -2.8258802e-01  -2.0349177e-01   2.0627218e-01  -1.1459767e-02  -8.0760475e-02  -4.0943546e-01   4.0010578e-01
  -6.3680221e-01   7.3043885e-01  -2.1548143e-02  -6.1193017e-02   0.0000000e+00   2.3593851e-01   3.2921751e-01   3.7996310e-02   8.1095007e-02   2.9445399e-01  -2.6653519e-01   7.2882752e-01   2.6315650e-01  -1.8425742e-01  -8.2532816e-02  -2.8111395e-01   2.9749024e-02  -4.3457311e-01   3.3180999e-01   8.7239147e-01  -1.0294487e-01  -5.0286492e-01  -3.7323736e-01  -4.6913821e-01   9.7482865e-03   9.3764414e-02   5.6809484e-01  -7.2457110e-01  -5.7385304e-02  -8.3603158e-02   5.1347835e-01  -4.4815784e-01  -4.0914579e-01   6.8375178e-01   5.5468517e-01   6.4915956e-01   3.7738261e-01  -1.7462785e-01  -4.8761451e-02   6.6389535e-01   1.2722821e-01  -3.2377499e-01   1.4256252e-01  -5.3912925e-01  -6.6487826e-02  -6.7446886e-01  -3.0290866e-01   2.6490108e-01   6.3942205e-01   5.1599083e-01  -5.4129081e-01  -6.4872033e-03   7.0298242e-01   9.7772348e-02  -2.6802532e-01  -5.7009618e-01  -7.0932881e-02  -3.9148792e-01  -2.7628696e-01   5.2866774e-02  -4.2687476e-01   6.0549730e-01  -2.0122914e-01   1.3523817e-01   1.8336017e-01  -9.9010042e-02   6.1831270e-01   1.0709123e-01  -2.0293849e-01  -6.6647854e-01   6.7427747e-01  -3.5177537e-01   2.7029891e-01  -5.6129235e-01  -1.3306139e-01   1.0666971e-01  -5.1406091e-01   4.9806292e-02   7.8563473e-01   3.6396665e-01  -7.1359849e-01   2.8854133e-01   4.1857244e-01  -2.9403993e-01  -5.2329706e-01  -2.7489083e-01   2.1189331e-01  -5.5138331e-01  -5.0545729e-03  -5.8933074e-01   7.1888427e-01  -4.0636817e-01   4.9730851e-01   2.7626656e-02  -1.3173168e-01   7.7170266e-01   1.7700523e-01   3.7252581e-01   5.1862749e-01  -2.4694507e-01  -5.6974106e-01  -2.1628016e-01  -5.6993548e-01   1.7747691e-01  -4.1740046e-01  -1.3787829e-01  -1.0271937e-01   2.9979863e-01   5.5392191e-01  -3.3660683e-01   4.7487914e-01  -4.3852918e-01  -3.2294240e-01  -5.2588254e-01  -4.8622530e-01   7.4153861e-01   6.3573090e-04   4.1738700e-01  -6.3835583e-01  -2.1659904e-01  -6.0383533e-01   7.9297142e-01   1.4856545e-01   4.6597602e-01  -6.2576071e-01  -3.6152740e-01   4.1238873e-01   1.7153241e-01  -4.1556098e-01  -4.2958681e-01   2.0828568e-01   6.7787813e-01   4.5820712e-02  -4.8630023e-01  -1.7149743e-01  -2.5908035e-01   1.3727550e-01  -6.4079451e-01  -2.9430965e-01  -8.5125887e-02  -4.2812775e-01   1.8181117e-01  -5.4615223e-01  -5.8514945e-01  -1.7544000e-01  -1.5564177e-01   4.6403177e-01   4.0522218e-01  -4.3262065e-01   1.8640518e-01  -7.3080914e-01  -2.8492269e-01  -6.0018935e-01   6.6779586e-01   7.3037951e-01  -3.7403892e-01  -4.1310937e-01  -2.2006236e-01  -4.2865211e-01  -5.8427803e-01   1.6417002e-01  -4.1382956e-01   6.9585225e-01  -3.3155552e-01  -6.4386179e-02   5.8009582e-01   5.7899367e-01  -2.6764269e-01  -3.2678530e-01   7.0723618e-01   8.4521781e-01  -1.8522802e-01   3.9316503e-02  -1.9754924e-01   8.7316395e-02  -2.6118110e-01  -4.0697183e-02
  -4.3508613e-01  -4.8061500e-02   2.2939073e-01   2.9206346e-01   2.3593851e-01   0.0000000e+00   4.2416280e-01   7.9185528e-02  -9.6487629e-02   1.5478124e-01   1.9812845e-01   2.1484800e-01   2.7114576e-01  -2.8415483e-01   2.3808216e-01   2.6894123e-02   3.2786026e-01   2.2702550e-01  -8.3257394e-02   3.9032848e-01   5.5677281e-02   2.9855998e-02   6.0449559e-02  -3.2389493e-01  -4.1444254e-01   7.8769341e-02   6.4020949e-01  -2.8239971e-01  -1.5918462e-01   5.0819419e-02  -1.2002278e-01   9.1372595e-02  -3.2797005e-01   4.1130177e-01   5.2369801e-02   5.9793025e-01   4.2426394e-01  -2.1686987e-01   1.1406338e-01   3.4527027e-01   2.6340882e-01  -1.9678368e-01  -7.4866640e-02  -1.2220447e-01   3.1739111e-01  -3.0110206e-01   4.0714490e-01   1.0873271e-01   1.1318210e-01   2.6287585e-01   2.0699963e-01  -7.5890371e-02   1.3045934e-01  -1.7356906e-01  -5.1848398e-01  -1.8308008e-02   2.7816523e-01   1.3976522e-01   2.2507287e-01   2.9269725e-01  -1.3708419e-01   2.6525359e-01  -1.3565434e-01  -3.6640740e-01  -1.6397393e-01   5.2376164e-01   7.0754033e-01  -4.0497307e-01   4.2482380e-01  -1.6361747e-01  -1.6312540e-02   3.1833650e-01   1.0534469e-01  -1.8829245e-01  -8.7616596e-02   1.1537613e-01  -2.1299571e-01   1.6986869e-01  -1.3013871e-02  -5.6439271e-02  -2.5961155e-01   3.0063300e-01  -1.9379630e-01   6.6706261e-02  -3.5081588e-01  -6.0107574e-03  -2.5817669e-01  -2.6487013e-01  -1.9920216e-01  -3.9406759e-01  -1.3204551e-01  -5.0490114e-02   3.0374194e-01   3.2841388e-01  -2.8789215e-01   1.6367524e-01   6.9636470e-02   5.3780345e-02   2.4192504e-01   3.5733784e-01  -4.9169455e-01   2.1479715e-01  -1.4105396e-01   2.0855994e-02   1.9834937e-01   7.5793577e-02  -4.1493067e-01   1.8629841e-01   1.1708252e-01   3.7775871e-01   1.7381105e-01   1.9194872e-01   8.5226142e-02  -3.9038917e-01  -4.0197865e-01  -4.4358056e-02   9.0536075e-02   1.4336559e-01  -2.6716962e-01   3.5082902e-01  -2.4260712e-01   1.0357373e-01  -2.0182576e-01  -3.0659072e-01  -2.6509742e-01   8.1294594e-02  -1.0769561e-01  -6.9713021e-02   1.6054165e-01   1.6242163e-01   1.0639871e-01   2.1136646e-01  -2.1770122e-01   8.5552834e-02   1.1226104e-01   1.6233740e-01  -1.6379484e-01  -1.6529800e-01   6.7430680e-02  -2.8488363e-01  -4.2298437e-01  -1.1750900e-01   1.7957541e-01   1.3292991e-01  -2.6307245e-01  -4.3386640e-01   1.9357145e-01   2.2002830e-01   3.8724984e-01  -1.2041227e-01  -3.2183389e-01   8.0630190e-02  -2.0623612e-01   2.3263168e-02   1.1518808e-01  -3.1167327e-01  -2.3286629e-01   2.0828454e-01  -2.5138608e-01   9.4438061e-02  -1.3315286e-01   2.7316658e-01   1.0412645e-01  -3.9923645e-02   1.5080671e-01   2.0057552e-01   4.3511672e-01   7.9087212e-02  -1.4052104e-01  -7.9647417e-02   1.2326733e-01  -2.5052131e-01   7.6896284e-02   3.2146584e-01  -2.4875491e-01  -2.0258982e-01   1.5996154e-01
  -4.6804738e-01   4.1111276e-01  -2.9830490e-01  -2.0769992e-01   3.2921751e-01   4.2416280e-01   0.0000000e+00   6.5961424e-02   5.7823003e-02   3.3797111e-01   6.2074361e-02   3.9707073e-01  -6.1720986e-02  -1.8715478e-01   5.9474367e-01  -1.2727110e-01  -2.7482523e-01  -2.2277266e-01   2.3595624e-01   3.6507973e-01   2.2264071e-01  -3.3612885e-01   5.0881182e-01  -4.6628094e-01  -1.8735684e-01  -3.2290584e-02   3.0172149e-01  -2.4669037e-01  -6.4292656e-02   5.9988019e-02   5.1834761e-01  -4.0684733e-01  -3.4632925e-01   6.8361202e-01   2.8418771e-01   4.5176991e-01   4.2018716e-01  -2.4686967e-01  -1.1988897e-01   3.0965986e-01   5.2121142e-02  -2.9134427e-01   3.0335259e-02  -3.5286892e-01   2.6539830e-02  -5.0879845e-01  -1.6232342e-01   7.0360506e-01   2.6357776e-02  -6.6597600e-02  -2.1143105e-01  -9.0611049e-02   5.2865947e-01  -1.2516118e-01  -4.4413996e-01  -7.4884280e-02  -1.8721751e-02  -3.2264398e-01  -1.2592903e-01  -7.4836169e-02  -3.1199122e-01   2.3035060e-01  -1.3910318e-01   2.8979348e-01   1.6581577e-01   1.5631664e-01   3.6739893e-01  -7.6593213e-02  -1.7158545e-01  -5.5981957e-01   4.7220896e-01  -7.7825499e-02   2.3496974e-01  -3.9342364e-01  -2.2344053e-01   5.6193257e-02  -4.0005572e-01   2.0043380e-01   1.5493758e-01   5.5877609e-04  -1.5447457e-01   3.3091506e-01   3.9243438e-01  -1.5058707e-01  -4.8515579e-01  -3.1438606e-01   6.6152994e-02  -3.4413128e-01  -1.6054782e-01  -5.7065230e-01   1.0334651e-01  -4.0021564e-01   6.4384194e-01  -3.6284173e-02  -2.5358562e-01   2.4384265e-01   1.8093700e-01   1.3212280e-01   3.1905082e-01   3.3744020e-01  -6.0544756e-01   1.8191077e-01  -3.0034812e-01  -4.1239698e-02   9.8916157e-02  -2.2529500e-01  -2.4726692e-01   1.4907394e-01   2.1666975e-01   5.5842747e-02   7.4291274e-01  -1.6262287e-01  -1.4190897e-01  -5.8804776e-01  -1.8388060e-01   3.1101132e-01  -1.2178973e-01   1.3325883e-01  -4.2190341e-01  -1.5328084e-01  -4.8404400e-01   2.7072768e-01   2.2253399e-02   5.6854187e-02  -4.9965146e-01  -2.1342142e-01   4.3792568e-01  -2.4166339e-01  -2.7658487e-01  -3.1181213e-01   6.9280290e-02   7.0539971e-01  -1.6908809e-01   6.6927729e-03  -1.5584391e-01  -2.3586677e-01  -1.5102965e-01  -1.9223404e-01  -2.7777596e-01  -4.6077807e-01  -5.2911811e-01  -7.3037095e-02  -3.2174200e-01  -2.1973547e-01   9.7128845e-02   1.2903610e-01   6.3203455e-01   2.0440386e-01  -4.4554877e-02   4.4404848e-01  -4.8931146e-01   1.4379416e-01  -5.1452619e-01   3.9024141e-01   1.7703524e-01  -5.2043018e-01  -4.2712710e-01  -6.4255316e-02  -4.6708610e-01   6.7254659e-02   1.1060689e-01  -7.5480187e-02   4.2404773e-01  -1.1537527e-02  -2.0603581e-01   5.7041143e-01   4.3204269e-01  -2.1289119e-01  -3.1927220e-01   2.1976571e-01   3.1362712e-01  -3.0370634e-01   1.4772586e-01  -1.2118094e-01   4.4546151e-02  -6.6561779e-02  -1.7677785e-01
  -3.0334781e-01   4.2946545e-02   1.7062692e-01   2.1318800e-01   3.7996310e-02   7.9185528e-02   6.5961424e-02   0.0000000e+00   2.2868331e-01   4.3097357e-02  -8.0083504e-02   1.0060180e-01   1.8855027e-01  -6.8574067e-02   5.9035277e-02   1.0982876e-02   7.2168918e-02  -1.3423442e-01   3.3429016e-01   1.9135192e-01   1.0055785e-01   1.4167314e-01   2.1890655e-01  -3.4297900e-01  -1.0119104e-01   4.7629633e-01   9.1606476e-02  -1.2190163e-01  -4.9989998e-02  -7.3435161e-02   3.3168125e-02   1.4221361e-01  -3.4543203e-02   3.2858419e-02   8.0744211e-02  -2.4690661e-02   6.2505851e-02  -3.4410116e-01   1.2141492e-01   2.4284926e-01   4.0490988e-02  -7.7746702e-02   2.3472640e-01   2.2261597e-01  -1.1311270e-01  -3.0346292e-01  -6.3306343e-02  -3.1794695e-03   2.1385284e-01   1.7101373e-01  -1.4623946e-01   5.3745351e-01  -1.5609233e-01   1.7991123e-01  -2.5504835e-01   9.6208090e-02   2.6751162e-01   7.0899804e-02  -5.1042647e-03   1.3720032e-01  -2.7330432e-01   2.8409335e-02   8.3029674e-02   1.1468442e-01  -1.1833405e-01  -1.6591174e-01   1.8014206e-01   4.5466275e-02   9.9233237e-02  -2.7491020e-01   1.6106565e-01  -6.2027475e-02  -8.0127410e-02  -2.3790882e-01   2.9429759e-02   5.2693044e-01  -2.9116842e-01   1.2373089e-01   6.1374819e-02   6.1048756e-02   1.5844772e-02  -3.8541595e-02   2.0746536e-01   4.1178207e-01  -2.5098265e-01   2.3254563e-01  -3.5832602e-02  -1.7924456e-01   4.2520992e-02  -3.1292582e-01   1.4304814e-01  -1.4959319e-01   1.8211763e-01   2.0376104e-01  -3.3419302e-01   2.7569531e-01  -1.1652795e-01   3.8488082e-01  -1.7530378e-01   1.5411224e-01  -1.7794350e-01  -1.4593554e-02   4.1412610e-01   2.2205362e-01  -1.0129814e-01   3.8206347e-01  -1.0198518e-01   4.2021009e-01   3.3726320e-01  -2.9722455e-03   2.2770920e-01  -1.9040583e-01  -6.3192912e-02  -3.8326422e-01   1.1783582e-02  -1.1815813e-02   2.8835503e-01   2.0446049e-02  -9.8636807e-02   1.1126844e-01  -2.7995370e-01   1.8863579e-01   2.6937775e-01  -8.3181037e-02  -2.8592708e-01  -1.7682312e-01   1.1385363e-01   9.1226207e-02   1.7127967e-01  -2.1524402e-01  -2.2601785e-02  -4.0513473e-02   7.8816441e-03  -1.3796530e-01   2.9379694e-01   4.0866477e-01   1.6381623e-01  -4.0480599e-02   3.7605099e-01  -3.6300553e-01  -3.2836122e-01  -1.2306580e-02  -7.3164987e-02   1.2312182e-02  -6.5269044e-02   8.0784175e-02   3.5518852e-01  -1.5225872e-01  -5.5408359e-02   1.0050926e-01  -2.8729248e-01   6.7198825e-01  -2.7096723e-01  -7.4032848e-02   1.0649571e-01  -4.1044828e-01  -3.3582164e-01   1.1059280e-01  -1.5794567e-01   9.7893778e-02  -1.4914486e-02   4.8888515e-02   7.3058535e-02  -2.3555745e-01   2.5245471e-01   3.0403059e-01  -8.7478653e-03  -2.8377404e-02  -2.2195393e-01   1.2267076e-01   4.4890763e-02  -3.9434742e-01  -2.7189654e-01  -1.5080984e-01   5.3890640e-02  -1.8796951e-01   3.7008430e-01
  -1.4332979e-01   3.1267144e-01  -3.5426599e-01   2.2103259e-02   8.1095007e-02  -9.6487629e-02   5.7823003e-02   2.2868331e-01   0.0000000e+00   3.4484837e-01  -1.4530053e-01   2.1300143e-02   1.6723578e-01   1.4329971e-01  -2.0099136e-01  -1.5468722e-01  -1.3372047e-01  -1.2815176e-01   2.3443442e-01   7.3723539e-02  -1.9814977e-01   1.6417472e-01  -5.4401668e-02   5.9625419e-02   6.1562844e-02   4.2556076e-01   1.2436597e-01  -2.7882461e-01   5.2999056e-02   3.5816573e-01   2.2116872e-01   1.0255939e-01  -4.2253545e-02   1.3722421e-01   2.7905773e-01  -7.1864159e-02   8.3665593e-02  -8.8954812e-02  -2.6634638e-01   1.5161059e-01   1.3660486e-01  -4.2467984e-02   6.1776912e-01  -7.5930141e-02  -1.3067764e-01  -9.4638863e-02  -1.9420481e-01   1.2239357e-01   1.8985609e-01   2.1786984e-02  -6.8429732e-02   4.4899883e-01   1.8649276e-01  -4.8560359e-02  -1.7024200e-01  -3.3957242e-01   3.2806996e-03   2.0682154e-01   5.1344208e-02   2.4722577e-01  -1.8919266e-01   9.3069147e-02   6.6802518e-01   2.0919444e-01   1.9417804e-01  -7.0578439e-02   2.0718834e-01   2.7696387e-01  -1.6735363e-01  -1.8442716e-01   1.9179550e-01   6.4147073e-02   8.2686440e-02  -2.8107359e-01  -3.5329642e-02   1.8130782e-01  -1.2139307e-01   7.0990469e-02   3.0050771e-02   3.4217956e-01  -2.5624583e-01  -6.8398020e-03  -8.5801251e-03   5.0912889e-02  -4.4535892e-01   3.4579601e-02   1.4816742e-01  -1.9907790e-01   2.2931114e-01   1.3853885e-02   1.2428509e-01  -1.7822583e-01  -1.1228358e-01   5.0246344e-01  -9.6608606e-02   2.0515343e-01   2.7602026e-01   1.9820027e-01   2.0549597e-01   2.0664845e-02  -1.3184894e-01  -2.7956078e-01   8.5321218e-02   6.3827221e-01  -6.4170197e-02   3.6191334e-01  -2.0079001e-02   2.8538884e-01   1.7029613e-01  -1.9188876e-01   3.6835850e-02  -1.0882765e-01   2.7763303e-01   1.1874275e-02  -2.6092832e-01   2.9310865e-01   8.8993782e-02   1.4256580e-01  -3.8440927e-01   8.6850431e-02   5.0327087e-02   2.4254872e-02   2.0375516e-01   3.6952958e-01  -6.4800033e-02  -1.1997468e-01   1.2944618e-01  -2.8304484e-02   2.7656274e-01  -3.7466808e-01  -5.8522179e-02   1.4949344e-01  -3.3803709e-01  -1.4425891e-01   5.5531281e-01   1.8771493e-01   2.8976910e-01  -3.7236072e-01   3.0285208e-02   5.7471881e-02   7.4919049e-03   1.5801120e-01   1.1820673e-02  -3.5522154e-01  -1.0544755e-01   8.3855079e-02  -5.9590691e-02   2.6359316e-01  -3.1581220e-01   1.8005881e-01  -2.5315821e-01   2.8677177e-01  -8.8492753e-02   2.8612352e-01  -5.0877273e-02   6.5416921e-02  -2.2319188e-02   7.9831900e-02  -6.3304104e-03  -1.2260186e-01   4.4079583e-01  -6.3196910e-02   3.0642874e-01   9.4631943e-02   4.6938685e-01   2.3333272e-01   6.2348775e-02  -2.6112447e-01  -1.7900054e-01   3.7780997e-02   8.0892283e-02  -3.2440107e-02   3.1024288e-01  -4.1738901e-01   3.2507227e-01  -1.7749508e-01   4.9759609e-01
  -2.0986739e-01   3.6066249e-01  -1.9884869e-01  -5.9283822e-02   2.9445399e-01   1.5478124e-01   3.3797111e-01   4.3097357e-02   3.4484837e-01   0.0000000e+00  -7.6472711e-02   2.5097715e-01  -2.4346417e-01  -2.4141457e-01   1.6588207e-01  -4.1439140e-01  -1.0961925e-01  -2.5276044e-01   3.5428730e-01   2.2171243e-01  -5.5155343e-02  -1.7399558e-01   6.7921305e-02  -1.9089106e-01  -2.2423330e-02   1.4718497e-01   4.0314863e-02  -2.4601612e-01   1.5560414e-01   2.2406482e-02   3.0364388e-01  -1.8915614e-01  -3.5729626e-01   5.7060468e-01   2.1620926e-01   2.1165758e-01  -9.5804396e-02   4.5723345e-02  -3.0254816e-01   7.7109292e-02  -1.2208964e-01  -4.2071141e-01   2.1613825e-01  -8.8091843e-02  -4.0136647e-01  -1.1610878e-01  -1.8670935e-01   2.0846626e-01  -1.6543205e-01  -6.0467147e-02  -2.6339656e-01   1.4935221e-01   4.6381157e-01  -2.9364147e-01  -3.8380602e-01  -1.6702699e-01   2.7662849e-01  -1.4424541e-01  -9.6212113e-02  -9.8126734e-02   4.8608702e-02  -1.3893027e-01   1.3049604e-02   3.7059844e-01  -1.2814103e-01   3.0587029e-01   2.2997619e-01   1.0403750e-02  -2.1488731e-01  -1.8716735e-01   2.6459733e-01  -1.4762125e-01  -2.7301866e-02  -2.2457050e-01  -4.0546443e-01   1.5054841e-01   3.9570468e-02   2.1832608e-01   2.6758536e-01  -5.5208384e-02  -2.5324223e-01  -7.5896552e-02   2.1811867e-01   9.7023171e-03  -2.8576157e-01   7.2820001e-02   3.7727663e-02  -3.0902964e-01   9.2930672e-04  -1.7518387e-01   2.2638898e-01  -7.0227351e-02   3.3660623e-01   2.0630036e-01   5.0370731e-02   2.2555285e-01  -7.0507857e-02   2.9148657e-01   1.1914949e-01   6.6485726e-03  -1.7814113e-01   1.7630470e-01  -1.8162468e-01   2.5102660e-01  -2.1343016e-01   4.1437706e-02  -2.0831462e-01   3.3712045e-01   8.4570206e-02   1.0401462e-02   3.1969928e-01  -2.0199836e-01  -1.3656866e-01  -7.9882157e-02  -1.4169185e-01   2.8684875e-01  -2.9376071e-02  -1.4906858e-02  -2.7617493e-01  -1.3684863e-01  -1.4556158e-01   2.6259709e-01   6.5915701e-02   1.0358496e-01  -4.3369609e-02  -2.3869454e-01   1.0266408e-01  -1.1806484e-01  -9.8685183e-02  -2.4382630e-01  -1.4859794e-01   3.7398388e-01  -1.2963506e-01  -7.4712776e-02   1.9788872e-02   1.8093213e-01  -1.2762500e-01  -2.3335048e-01  -6.5859251e-02  -7.6781275e-02  -1.1985819e-01  -8.7347613e-02  -7.8341488e-02  -3.2635174e-01   1.2745502e-01  -3.5115612e-02   2.1593988e-01   2.6462143e-01  -2.3465835e-01   1.4518326e-01  -2.6488079e-01  -4.1565283e-02  -1.9553907e-01   2.6524443e-01   1.4088779e-01  -1.4672789e-01   3.8489603e-02  -4.7925420e-02  -2.2284393e-02  -2.4164676e-01   1.0961216e-01   5.9637008e-02   6.2809290e-01  -1.2876872e-01   2.9938790e-02   2.2759388e-01   3.3255190e-01  -2.9189831e-01  -3.1899229e-01   2.2083355e-01   2.6047330e-01   1.0881545e-01   7.0101140e-02  -2.3524913e-02   6.4141211e-02  -8.0569175e-02   6.9814688e-02
   2.5038170e-01  -4.2780817e-01  -1.1250379e-01   2.4366916e-01  -2.6653519e-01   1.9812845e-01   6.2074361e-02  -8.0083504e-02  -1.4530053e-01  -7.6472711e-02   0.0000000e+00  -4.0120558e-01  -1.1295527e-02   4.7634612e-02   4.3420662e-01   2.8264724e-01   1.4515967e-02   7.2042362e-01  -4.7997344e-01  -2.0261353e-01   2.0467279e-01   3.3039184e-01   2.5722281e-01   1.5359357e-01   2.7186244e-02  -1.7712308e-01   1.1402116e-02   2.9366165e-01   4.6568846e-02   1.5090440e-01  -1.8589918e-01   2.4376861e-01  -4.5654839e-02  -8.2995265e-02  -2.7979916e-01   2.6003086e-01  -7.0206208e-02   7.5319217e-02  -9.1694349e-02  -2.6923180e-01   1.2214044e-01   1.2380768e-02  -2.2759254e-01   2.2489202e-01   4.1685208e-01   2.1351950e-01   7.2326931e-01   6.2725169e-02  -3.2702274e-01  -3.2902408e-01   7.1878312e-01  -1.8875834e-01  -2.0697956e-01  -3.8549923e-01   5.8702908e-03   4.2551461e-01  -9.2087078e-02   3.0392973e-01   3.4564832e-01   8.8160328e-02   2.8834443e-01  -1.3561523e-01  -7.8475774e-03  -2.7722629e-01  -1.3086345e-01   5.3289085e-01  -1.8059340e-01  -2.0336733e-01   5.7240843e-01   3.0269782e-01  -4.6956238e-01   5.2849724e-01  -5.5353833e-02   2.9192614e-01  -7.1421038e-02  -3.7921959e-01   2.6404858e-01   1.2083952e-01  -5.0124244e-01  -2.6377020e-01   2.9161390e-01   1.0683916e-01  -2.9224071e-01   2.2366292e-01   1.5829301e-01  -7.3511826e-02  -1.7552787e-01   3.6354609e-01  -6.5714918e-02   1.1161270e-01  -5.7879232e-01   2.3474472e-01  -8.9235515e-02   1.2165766e-01  -1.1030780e-02  -4.2502435e-01   1.8419732e-03  -4.6581689e-01   2.1856732e-01   4.6717436e-01   7.1136394e-02   3.7855640e-01   1.5522109e-01  -2.3774586e-01   7.0196129e-01   1.4312216e-01  -2.4919421e-01  -3.0946343e-01  -4.5266624e-01   5.7903955e-01  -2.5381557e-01   5.7122339e-01   3.6035248e-01   8.1157351e-02  -6.7348638e-02  -3.8508637e-01   3.1562659e-02  -2.3146844e-02   2.0743255e-01   2.9988067e-01   3.4977526e-01  -4.9717181e-01  -3.7087188e-01  -4.9692835e-01   3.0373411e-01   3.6158549e-01  -1.9191374e-01  -1.3570683e-01   2.7216313e-01   4.0014314e-01   2.5671400e-02  -3.2190749e-02  -9.2714910e-02   5.8438860e-01  -3.2533640e-02  -2.0855422e-01  -3.3307166e-01   4.2558004e-01  -1.2543161e-01  -1.3639531e-01  -1.1091354e-02  -3.1802968e-01   4.9251906e-01   4.0076225e-01  -3.8451399e-02   1.9099389e-01  -3.8947695e-01   1.4324022e-01   5.8385057e-01  -9.6165372e-02   2.7719884e-01   2.5148125e-01   2.7193036e-01  -3.2854758e-02  -5.0562545e-01   6.9785857e-02   2.0334373e-01   2.7498655e-01   1.9817797e-01   4.3404442e-01  -1.5439819e-01   6.5734272e-01  -2.8062861e-01   5.1815242e-01   1.7821545e-01  -1.1168454e-01   2.2511541e-01   8.9402188e-02   1.9145319e-01  -4.3225025e-01  -3.6021297e-01   8.7426161e-02   3.4175253e-01   1.5527471e-01  -2.0773348e-01  -9.2392679e-03   1.3404216e-01
  -6.7121799e-01   7.5265423e-01   1.4710440e-01  -1.7607124e-01   7.2882752e-01   2.1484800e-01   3.9707073e-01   1.0060180e-01   2.1300143e-02   2.5097715e-01  -4.0120558e-01   0.0000000e+00   2.2624465e-01  -2.4935795e-01   2.0839708e-02  -9.1635329e-02   7.0186222e-02  -5.8494873e-01   4.1710600e-01   6.8175399e-01  -2.0266879e-01  -3.9701344e-01  -2.9564265e-01  -5.2449711e-01   1.4961589e-02   2.3642414e-01   3.1831241e-01  -7.4092236e-01  -6.1311388e-02  -2.2060277e-02   4.3415013e-01  -4.8809711e-01  -2.2032653e-01   7.2436649e-01   5.7659887e-01   3.8658421e-01   3.0906777e-01  -1.1009074e-01   1.0415011e-02   5.4548337e-01   1.1555545e-01  -2.6899245e-01   2.2762775e-01  -5.1070446e-01  -1.7208181e-01  -6.6128597e-01  -4.8848038e-01   2.2372039e-01   4.6730390e-01   5.2916736e-01  -6.2795874e-01   9.5497194e-02   6.9866191e-01   1.8571232e-01  -2.7361325e-01  -4.7903606e-01  -1.3123439e-01  -5.3629401e-01  -2.9686452e-01   4.2853916e-02  -4.2790170e-01   5.1572227e-01  -1.8913596e-01   2.2661906e-01   8.1659874e-02  -2.5705760e-01   4.9579248e-01  -3.0099309e-02  -3.0784979e-01  -6.6306751e-01   7.2098469e-01  -4.2895614e-01   2.9012457e-01  -5.4239228e-01  -4.3825023e-02   2.2922694e-01  -4.9116258e-01   1.2816979e-01   7.8944809e-01   2.1509008e-01  -6.4380959e-01   3.3043412e-01   4.6966255e-01  -2.4164812e-01  -4.2743217e-01  -1.1962148e-01   3.2596745e-01  -5.7457177e-01  -5.4940637e-02  -5.8126895e-01   6.5647540e-01  -3.7156744e-01   6.6040423e-01  -9.7894142e-02  -6.4200552e-02   5.6330724e-01   1.4002932e-01   4.1386867e-01   2.3546702e-01  -4.5705177e-01  -6.1375100e-01   9.6289666e-02  -5.4573941e-01   2.0441649e-01  -4.7746767e-01  -1.9430009e-01  -8.0253619e-02   3.8539286e-01   4.5814286e-01  -5.0579877e-01   6.5210452e-01  -4.7851107e-01  -3.4555868e-01  -4.8130213e-01  -4.1002736e-01   6.2049451e-01  -4.3236130e-02   3.2567079e-01  -5.4728244e-01  -3.1304524e-01  -6.9204918e-01   7.4058808e-01   3.3453159e-01   4.3452080e-01  -6.4789377e-01  -2.9481717e-01   5.3401842e-01   1.0902736e-01  -3.7857740e-01  -4.7384997e-01   2.4980012e-01   7.1449920e-01   1.3206884e-01  -7.0323888e-01  -1.6058288e-01  -1.2992405e-01   2.1733321e-02  -6.0853767e-01  -1.7545293e-01  -1.3965744e-02  -5.2128602e-01   2.0899282e-01  -4.8332433e-01  -5.6319027e-01  -6.2640829e-02  -3.5533866e-01   6.5838461e-01   1.0014873e-01  -5.4027288e-01   1.2835202e-01  -7.2525100e-01  -2.8660922e-01  -6.3774833e-01   4.9335792e-01   8.7685792e-01  -3.4251283e-01  -4.5521646e-01  -1.5529491e-01  -4.3987833e-01  -6.0953800e-01   1.5307158e-01  -4.5560399e-01   5.6087996e-01  -4.5131723e-01  -8.1515311e-02   5.9545896e-01   4.0973096e-01  -3.7026016e-01  -3.8540648e-01   7.0291174e-01   8.1898988e-01  -1.5811125e-01  -1.5342675e-01  -5.5620947e-02   1.2079918e-01  -6.2873583e-02  -5.9322473e-02
  -3.5772336e-01   1.3270177e-01   1.8094820e-01   1.3650716e-01   2.6315650e-01   2.7114576e-01  -6.1720986e-02   1.8855027e-01   1.6723578e-01  -2.4346417e-01  -1.1295527e-02   2.2624465e-01   0.0000000e+00  -1.5466206e-02  -2.2317924e-01   1.4526211e-01   2.1641059e-01   4.8423092e-02   1.7896785e-02   3.8918530e-01  -1.1863224e-01  -5.8667502e-02  -2.3664042e-01  -1.9006530e-01  -6.5327872e-02   5.3146805e-02   4.1000080e-01  -3.9578136e-01  -7.4042960e-02   1.6480108e-01  -4.0445602e-02   3.2720217e-02  -6.4321299e-02   2.7480368e-02   2.9403212e-01   2.8985992e-01   3.9234909e-01  -4.0750514e-01   2.4111933e-01   3.8125209e-01   6.8472855e-01   4.5703905e-02   2.3364207e-01  -1.3180573e-01   2.4068327e-01  -3.8660896e-01   3.4805268e-02  -5.4779247e-02   4.9828871e-01   3.8361278e-01   4.1382730e-02   7.1796580e-03  -1.2252741e-03   2.2259572e-01  -1.7653097e-01  -2.3942053e-01  -2.2758008e-02   1.0171326e-01   1.1090018e-01   3.6369670e-01  -3.1835459e-01   4.2560013e-01   1.3536058e-01  -1.7974816e-01   2.0567426e-01  -7.8189825e-02   3.9933328e-01  -5.5638720e-02   2.8078444e-01  -3.3480500e-01   1.2342795e-01   1.4746721e-01   3.9899445e-01  -2.8014906e-01   3.5578458e-01   1.0184077e-01  -3.5974701e-01  -3.5452694e-02   1.4344000e-01   3.9441908e-01  -4.0578310e-01   3.6847061e-01  -1.0211562e-01  -7.9470507e-02  -3.3303880e-01  -1.6105388e-01  -8.8706482e-02  -1.8194179e-01  -3.6704874e-03  -3.3886880e-01   1.9612237e-01  -1.7345940e-01   9.5751743e-02   2.9778837e-01  -3.8521537e-01   3.3633634e-01   2.5291325e-01   1.5744876e-02   2.5252850e-01   7.2521951e-02  -3.8092956e-01  -2.5438073e-01  -1.5330076e-01   1.9192755e-01   4.6971252e-02   2.6346385e-01  -3.9320842e-02   2.6527449e-01   4.2367311e-01  -8.7520211e-02  -3.1004472e-02  -7.9757589e-02   1.1911739e-01  -3.5014558e-01  -4.0067170e-01   1.2475263e-01   1.2118726e-01   6.9649739e-01  -3.3329267e-01   1.0151203e-01  -2.5969488e-01   2.4982378e-01   2.1139015e-01   1.3943718e-01  -3.8252833e-01  -2.3847439e-02  -9.1221291e-03   3.1314869e-01   1.0919357e-01  -1.5209407e-01   5.5087854e-01   5.8746179e-02  -7.2542273e-02  -2.0664726e-01   1.8488139e-01  -4.5135498e-02   3.6843649e-01  -3.8852515e-01   1.1131836e-02  -1.8570586e-01  -3.3755955e-01   4.9003312e-01  -5.1106399e-02  -1.5093826e-01  -3.7368224e-01  -3.0962472e-01   7.6128395e-02   2.4871739e-01  -2.1605996e-02  -3.3211747e-02  -3.5741703e-01   6.8628615e-02  -2.2617722e-01   1.4039413e-01   2.2621950e-01  -1.7941112e-01  -3.1647644e-01   1.3127223e-01  -1.7226092e-01  -1.1419487e-01   7.8816204e-02  -1.0218761e-02   8.7596197e-02  -3.2339088e-02   2.9524551e-01   2.3991701e-01   1.2527103e-01  -1.4091426e-01  -1.6738718e-01   1.4253190e-01   2.6626107e-01  -3.7711559e-01   1.6818210e-01  -1.5466980e-01   9.1584323e-02   3.7790558e-03   2.6855354e-01
   3.5281108e-01  -2.0135524e-01  -1.3024505e-01   5.2711357e-02  -1.8425742e-01  -2.8415483e-01  -1.8715478e-01  -6.8574067e-02   1.4329971e-01  -2.4141457e-01   4.7634612e-02  -2.4935795e-01  -1.5466206e-02   0.0000000e+00   5.1273046e-02   6.9325879e-03  -1.5558543e-01   1.9019768e-01  -1.0194623e-01  -2.0538121e-01  -1.8356426e-01   1.8150333e-01   1.0738793e-01   5.1642785e-01   1.4259667e-01   4.8340924e-02  -2.2058462e-01   3.2302612e-01   3.6742467e-02   3.6364287e-01  -1.9158623e-01   3.3900616e-01   2.9080829e-01  -2.5279121e-01   4.6077926e-02  -2.6879728e-01  -1.4852806e-01  -2.5723113e-02  -3.6299187e-02  -3.4198140e-01  -4.8318551e-02   3.9383930e-01   2.1361619e-01   1.8165005e-01   1.6452359e-01   1.3312264e-02  -4.5969559e-02  -2.3821954e-01  -2.6873546e-02  -2.3783650e-01   2.5528160e-01  -8.1482603e-02  -3.0373808e-01   2.2688641e-01   4.2370727e-01   1.1976602e-01  -1.2754831e-01   2.7950534e-01  -4.1291953e-03   3.7553215e-01  -2.0230479e-01  -1.0859389e-01   4.4241192e-01  -1.1805878e-01   4.1854737e-02  -1.8327916e-01  -1.6501004e-01   3.8648596e-01  -1.2133237e-01   7.7530803e-02  -2.5476985e-01   6.2368647e-02  -3.7225976e-02   4.3605451e-01   2.1927187e-01   2.4390276e-02  -1.9779498e-01   5.1292224e-02  -1.7566590e-01   9.2499782e-02   3.0790816e-01  -9.2524094e-02  -1.9876651e-01   1.3959874e-01   2.5108931e-01   2.4652956e-01  -7.1636556e-03   5.1994322e-01   1.4456099e-01   2.6082532e-01  -1.6406078e-01  -7.9288935e-02  -2.7271997e-01   1.2345628e-02  -7.6170545e-02  -7.2160900e-02   1.1965359e-01  -1.4524846e-01  -1.0212175e-01   9.0451876e-02   1.5090830e-01  -1.5647790e-01   3.4295520e-01   1.9293796e-01   1.6933226e-01   1.0121755e-01   3.5741349e-01  -4.6654397e-03  -1.5895274e-01  -8.6670640e-03  -2.1022147e-01   2.7878210e-01   2.4023705e-01   1.6122495e-01   2.0272465e-01  -2.2432454e-01  -5.2656001e-02  -2.8229731e-02   6.8014163e-02   1.9714015e-02   1.4534079e-01  -1.5367805e-01   1.9268279e-01   5.5067265e-02  -1.9601359e-02   6.6665943e-01  -1.9269942e-02  -9.7408586e-02   7.4863001e-02  -1.3527111e-01  -9.1477672e-02  -2.1118275e-01   8.8070098e-02   9.0697707e-02   1.0487271e-01  -4.5288538e-02   2.8669952e-01   5.4397696e-02   2.5273401e-01   1.7460763e-01   2.9191651e-01   1.8491427e-01   2.8432702e-02  -2.2706170e-02   2.6743347e-01   8.1720676e-02  -2.4425415e-01  -1.3431062e-01   1.3169332e-01  -1.2938500e-01   3.1265595e-01   4.8634815e-02   3.3480436e-02  -8.3137846e-02  -2.9905690e-01   1.5636741e-01   9.7335860e-03  -1.5222685e-01  -3.2331916e-02   3.2414621e-01   2.5765434e-01  -1.9575396e-01  -2.6036092e-01   2.3783266e-01   1.3320222e-01  -1.3466020e-01  -1.0618792e-01   1.0591146e-01   2.3221464e-01  -2.7745963e-01  -1.2995947e-01  -1.4540341e-02   1.1883733e-01  -2.1640592e-01   2.0326017e-01   7.9599781e-02   3.2791068e-01
