   0.0000000e+00   1.4281074e-02  -9.7024297e-02  -1.8748469e-01   2.2445849e-02  -1.4319933e-01  -4.5911832e-01   6.0500318e-02   1.2252265e-01  -1.8228942e-01   8.9873563e-02  -4.8452203e-02  -2.4894803e-01   2.0654606e-01  -8.4453439e-02  -1.1552186e-01  -8.5009577e-02  -1.9897583e-01   9.6876670e-02  -1.1319873e-01  -1.6234606e-01  -1.0370407e-01  -2.8297614e-01   7.8971134e-01  -5.4414557e-02   8.9248685e-02  -1.9166196e-01   5.9522846e-01   5.5459234e-02  -1.2651390e-01  -1.7152131e-01  -4.6943873e-02  -9.4596503e-02  -1.1980019e-01  -1.0784311e-01   3.9022429e-02  -2.9759728e-01   1.3829058e-01  -3.0648560e-02  -1.3792158e-01  -4.6622109e-03  -8.8618527e-02   1.0173193e-01  -2.3485116e-02  -1.5908906e-01   4.9018834e-02  -1.7839376e-01  -2.8942947e-01   1.2178752e-01   3.9999529e-02  -2.2211567e-01   1.9635475e-01  -1.3915699e-02   1.6340337e-01   1.9293750e-01   1.4386778e-01   1.9292006e-01  -1.1275499e-01  -1.2511548e-01   5.3584855e-02   1.2543568e-01   1.0878143e-01   1.0698163e-02   4.8398379e-03   4.2799175e-02  -9.0748539e-02  -3.4797168e-01  -2.0459865e-02  -2.8509211e-01   3.6671393e-01   2.7524933e-02  -1.7060396e-01   2.8432842e-02   2.5326912e-01   7.6068723e-02   1.5001999e-01   2.3924636e-02   1.9102540e-01  -7.9481372e-02   1.9851749e-02   9.3611215e-02  -5.6241069e-02  -5.3936830e-02   9.9249839e-02   2.9348301e-01  -8.3691747e-02  -1.3387299e-01   5.0037486e-01  -2.2984019e-01   6.7965234e-01   1.6572770e-01  -4.3264819e-02   9.3095437e-02   1.4776694e-01   1.8625495e-01   1.0331519e-02  -4.4725219e-02   1.0337904e-01  -8.5254418e-02  -3.6875919e-01  -2.4815437e-02  -9.7209248e-02   3.5199353e-02   2.4134377e-01  -2.6594215e-01   2.4509497e-02   3.3156227e-03  -1.2378194e-01  -1.6809504e-01  -2.3128548e-02  -1.9804004e-01  -1.0123530e-01  -1.2980722e-01   5.5984279e-01   8.0658877e-02  -5.2960402e-02  -4.4493245e-02  -1.8490926e-01   2.2555157e-01  -9.2598229e-02   8.4662637e-02   1.8322501e-01  -7.6005808e-02  -5.2820332e-02   4.9160452e-01   2.1609408e-01   2.6529713e-02   4.4561740e-02  -3.0911944e-02   1.3718705e-01  -1.5888847e-01  -2.6371899e-01   1.4535329e-01   3.5435442e-02  -4.1373631e-02   1.1696703e-01  -2.6344418e-02  -8.5858732e-02   1.9988307e-01   5.0872360e-01   5.8664508e-01  -3.3786593e-02  -1.2074607e-02  -6.0138189e-02  -3.8459693e-02  -2.3532674e-01  -1.9696177e-01  -9.2968548e-02  -1.6044804e-01  -4.5354678e-01   3.7062412e-01   2.3285683e-01   2.7181524e-01   8.9159202e-02  -1.5217968e-01   4.1646839e-01   2.1058124e-01   9.7712713e-02   3.5474790e-02   3.9674525e-02  -3.3160677e-02  -1.3393942e-01  -1.0860575e-01  -1.7999698e-01   7.3472776e-03  -1.1103051e-01  -4.0123099e-02   5.5528086e-01   2.3537299e-01   5.1147324e-02   2.2258324e-01  -1.3328773e-02  -9.3315078e-02  -3.8634046e-02  -1.4515067e-01   5.5710244e-02   2.9762766e-02
   1.4281074e-02   0.0000000e+00   2.8218905e-01   1.7727460e-01  -7.6271528e-02   2.6019175e-01   5.3400767e-02   1.7932262e-02   3.2069532e-02   8.4514029e-02   1.5012663e-02   5.0344949e-01  -1.2799375e-01   1.6062611e-01   3.1212240e-02   6.0102776e-02   2.6943565e-01   1.2712935e-01   1.7363228e-01  -2.0154262e-01  -1.3066107e-01   2.5139485e-02  -1.0922942e-01  -6.8979436e-02  -1.3949106e-01   7.3631980e-02   2.2997490e-01  -9.0036414e-02   5.7782308e-02   1.7466998e-01   2.2207434e-01   4.6335397e-02   2.0927489e-01  -2.0024401e-02   2.4619578e-01  -1.0278054e-01   8.5299014e-02  -7.4273465e-02  -1.6637532e-01  -7.5244698e-02   6.3003817e-03   2.1753210e-01   3.2471573e-01  -8.6756043e-02   1.1468213e-01   2.9523423e-01  -9.2190415e-02   2.0239551e-01  -1.6209714e-01   2.1110081e-01   1.3590808e-01  -8.0762446e-02  -5.1828779e-02  -3.5935241e-02  -7.5083371e-03  -1.3984230e-01   2.4853026e-01   6.4999184e-02   1.2297645e-01   2.3621796e-01   1.6438628e-01   2.2684309e-01   7.3408039e-02   2.8583293e-01   8.5673449e-02   2.6053407e-02   3.8422387e-01  -1.4494028e-01   1.0026370e-01   1.6981383e-01   5.0537271e-02   1.0250229e-01   6.8368925e-02   1.5499894e-01  -6.5276865e-02  -2.3323680e-02   1.5441360e-02   1.2522428e-01   1.3897460e-01   1.5560069e-01  -8.2845284e-02  -3.3606286e-02  -1.2074305e-01   1.8556665e-02   2.7540567e-01  -6.8485302e-02   3.2575609e-01  -4.5832361e-02  -1.9663474e-01  -2.9941695e-02   1.4606400e-01   1.5703461e-02   5.4674893e-02  -1.8564994e-01  -3.3519038e-02  -1.7077478e-01   4.3315908e-02   1.2300505e-01   1.6027988e-01  -7.2780084e-02  -9.2345488e-02  -8.0611189e-03  -9.6967657e-02   3.5621569e-01   6.7456701e-02   1.4556306e-01  -4.9547400e-02   1.1779129e-01  -2.9470896e-01  -6.9729741e-02  -1.2621738e-01   2.5993179e-02  -3.0492138e-02  -1.3667635e-01  -5.2269040e-02   1.0223117e-02  -8.8024306e-02  -2.0037653e-01  -1.0458034e-01   1.2888876e-01  -8.2748408e-02   1.6886324e-01   3.4596082e-02   1.7092425e-01   5.6034937e-02   4.0099254e-01   3.6853092e-01   8.9028352e-02   2.1232998e-01   1.2742263e-01  -7.8767990e-02   9.2781696e-02   5.4218030e-01   4.4116598e-01  -2.6819115e-02   1.0843512e-01  -1.2094331e-01   1.4710075e-02  -5.7082449e-02   2.9402313e-03  -3.9925177e-02   1.6359398e-01  -5.4297371e-02   7.0654850e-02   2.1823483e-01  -6.5192900e-02   3.0407748e-02  -1.2452901e-01  -1.4058079e-02   7.1900206e-02  -3.1514636e-02  -1.3620597e-01  -1.0068707e-01   8.6363074e-02   2.1588447e-01  -9.5261175e-02  -1.0939169e-01  -3.8418040e-02   1.3667226e-01  -5.5553565e-02  -5.5759971e-02   1.7101734e-02  -3.9262505e-03   1.4232336e-01  -1.7030060e-02   2.4677345e-01   1.3483101e-01  -1.8939230e-02  -1.6311910e-01  -1.3130668e-01   2.2084802e-01  -3.4828401e-02   1.6351096e-01   3.2069501e-01   8.4598393e-02  -2.1261101e-01   3.4778704e-02
  -9.7024297e-02   2.8218905e-01   0.0000000e+00  -1.1367417e-01   2.3926313e-01   1.3293563e-01  -2.0914001e-01  -1.3929983e-01  -8.7390583e-02  -3.4793938e-01  -4.4608080e-01   6.3316314e-01   1.9879765e-01  -3.0451680e-01   9.5013020e-02  -6.6842553e-02   9.3162755e-01  -3.4559501e-01  -9.5619008e-02   3.5055902e-01  -3.1162989e-01  -2.6664623e-01  -1.1994669e-01  -6.0572404e-02   9.4768426e-02   4.9894856e-02   6.2297916e-02   7.6127499e-03   9.8889731e-02  -4.1486394e-01  -2.4498247e-01  -2.9233887e-01   3.8755453e-01   3.7372314e-01  -2.4887609e-02   3.0695097e-03  -1.4680181e-01  -1.8618242e-01  -1.7933882e-01   6.2269706e-01   1.1952140e-01   2.5833261e-01   5.6651104e-01  -1.9119613e-01  -4.2372333e-01   4.5261163e-01  -1.7378461e-01  -4.3267561e-01  -1.5725773e-02   8.2182119e-01  -4.5280404e-01  -9.6269046e-02   5.1627960e-02   4.8532596e-01   2.8637403e-01  -1.9799232e-01   8.1840761e-02  -3.0058343e-01  -2.0921158e-01  -3.5671508e-02   3.5098141e-01  -5.6522230e-02  -3.5487171e-02  -3.4125839e-01  -4.2836678e-01  -4.1768269e-01   2.3665898e-01  -1.4676404e-01  -2.6289973e-01   4.8894478e-01   3.0579828e-01  -4.6602051e-01  -3.0308853e-02   6.6966267e-01   4.0349831e-01  -1.2908930e-01   2.5535678e-01  -2.3315250e-01   8.3184267e-02   7.1438584e-02  -2.3993855e-02  -6.5615957e-02   7.8212940e-02  -8.5695935e-02   3.7154692e-01  -1.8227721e-01  -1.7130921e-03   5.5748173e-03  -1.0164627e-01  -3.5383105e-01   2.1418761e-01   7.4951821e-01   5.9713456e-01  -2.0953423e-01  -2.1081274e-01   3.9563074e-01  -1.1999056e-01   8.1269597e-02  -2.3147853e-01  -4.0541742e-01   3.9876654e-01  -1.8417975e-01  -4.5061849e-01  -6.4964240e-02  -4.6556198e-01  -6.1165198e-02   6.0024562e-01  -6.1278163e-02   3.4970233e-01  -1.1341654e-01   2.8740118e-01  -3.4408920e-01  -3.8253420e-01  -3.1724184e-01   1.5116131e-01  -1.0990195e-01   4.4712204e-02   2.0318670e-01   9.0125158e-05  -3.0217345e-01  -8.3886478e-02   4.4840922e-01   2.8570350e-01  -3.1265181e-01  -2.0354150e-01   1.9021292e-01  -1.5649178e-01   2.0351682e-01   3.0161183e-02   5.8828890e-01   1.2588919e-01  -1.5213450e-01   2.4302664e-01  -7.9462196e-02  -4.4043771e-01  -3.8207048e-01   1.7845113e-01  -1.7243899e-01  -5.4843333e-01  -1.2532359e-01  -8.4687612e-03   7.2546965e-02  -4.6381578e-01   5.3084362e-01  -1.2025230e-01  -2.9355735e-01   4.0365147e-01  -2.0876962e-01  -2.1909743e-02  -2.4850165e-01   4.5182294e-01  -3.2717177e-01  -6.0240955e-02  -2.4886580e-01   6.6566536e-01  -1.7765956e-01  -1.3319478e-01  -3.1045920e-01   5.1643640e-01  -4.1143887e-01   9.1867592e-02  -3.0608271e-01  -3.6275259e-01  -2.6526112e-01  -1.9655833e-01   3.8908414e-01  -2.6966013e-01  -8.4737052e-02  -2.8591201e-02   1.9164182e-01   2.6208013e-01  -3.8521240e-02  -5.0443025e-01   1.6501632e-01   1.3594367e-01   3.6321495e-01  -1.8058395e-02
  -1.8748469e-01   1.7727460e-01  -1.1367417e-01   0.0000000e+00  -3.0871038e-01   3.0837810e-01   1.3006966e-01   2.5362354e-01   1.8262534e-03   5.2288674e-03   1.8514987e-01  -1.8420646e-01  -2.4151963e-02   3.8339496e-01  -1.3522929e-01   2.4618765e-01  -1.5791856e-01   5.4082769e-01   3.8437370e-01  -2.7656776e-01   1.1300538e-01   6.7370705e-01  -9.5714025e-02  -1.2947424e-01   1.8999511e-01   1.0851857e-01  -5.6335364e-03  -3.1749363e-01   7.6956541e-02   5.9077816e-01   2.2492983e-01   5.3398572e-01   8.5057179e-02  -4.4434783e-01  -7.5171072e-02  -9.8029761e-02  -1.0228461e-01  -8.4572203e-02   1.3537959e-01  -3.5389923e-01   1.4177304e-01   1.1906540e-01  -2.9735401e-01   2.5244850e-01   2.1724898e-01   1.1602752e-01   2.0108603e-01   3.3873542e-01   6.5545816e-02  -2.3719652e-01   5.4751629e-01   1.1578270e-01  -2.9784697e-01  -2.2868873e-01  -1.0103912e-01   1.7003786e-02  -1.4325508e-02   5.5445182e-01   5.9702690e-01   3.6976144e-01  -2.7555872e-02   2.3802811e-01   2.1617030e-01  -1.4349749e-01   3.2577457e-01   2.1399331e-01   2.3072018e-01  -1.3987878e-03   3.1716114e-01  -1.0239940e-01  -3.3246657e-01   6.1176735e-01   1.5113682e-02  -4.6348704e-02   1.0407737e-02   1.4173104e-01  -1.7074103e-02   2.4603935e-01  -2.8980729e-01   3.9217555e-01  -3.0737883e-02  -2.0138202e-01  -7.2960618e-02   2.1947196e-01   1.5878357e-01   6.0697684e-02  -5.7790654e-02  -3.2599846e-02   1.9025291e-01   3.3507419e-02  -3.8065336e-01  -1.4764911e-01  -4.1203161e-01   2.3083276e-01  -7.5012491e-02  -3.9933310e-01   3.5267448e-01   1.6323843e-01   4.8556699e-01   6.4354798e-02  -2.4226163e-01  -4.8135179e-02   4.8599736e-01   3.1346909e-01   4.9386512e-01   3.9310855e-01  -2.3005790e-01   1.3580900e-01  -2.0543422e-01  -1.8396367e-01  -2.5703969e-01   4.9333286e-01   6.4451611e-01  -7.1492228e-02  -1.9975795e-01  -1.6704752e-01   1.2974711e-01  -5.8134236e-02  -1.4672889e-01   7.7734568e-01   8.8796412e-04  -4.7182925e-01   1.4093874e-01  -7.9849566e-02   2.7054638e-02   1.2295367e-01  -6.4406589e-02   1.6593342e-01   6.2545304e-01  -5.6222869e-02  -1.6534410e-01  -5.9454556e-02   2.5815644e-01  -1.4643940e-01   5.7295550e-01   2.0350195e-01  -3.2055505e-02  -1.7893248e-02   3.4380121e-02  -4.6868625e-02  -2.3332586e-01   1.1461788e-01   1.8546654e-01  -1.9469538e-01  -1.6501143e-01   1.6642333e-01  -3.3926788e-01   2.3162413e-01  -2.7211632e-01   1.4397753e-01  -2.2610381e-01   3.4273470e-01   4.8702103e-02   3.2503590e-02  -2.2400181e-01  -3.5676386e-02  -1.1470886e-01   5.3330009e-01   1.6156702e-02   4.7550336e-01   4.0124995e-02   2.2709822e-01   7.3207197e-03   6.2221037e-01   4.3213582e-01  -3.6891191e-01   2.9669847e-01  -7.3606191e-02  -1.1547244e-02  -2.6618379e-01  -4.6861297e-01  -3.4592790e-02   5.3359764e-01   2.3052027e-01   1.2403680e-01  -2.1061596e-01   2.9094125e-01
   2.2445849e-02  -7.6271528e-02   2.3926313e-01  -3.0871038e-01   0.0000000e+00  -4.7854707e-01  -3.3862133e-01  -1.8390875e-01  -2.0796308e-01  -1.5568775e-01  -1.2562176e-01  -6.4505679e-02   4.6210074e-01  -4.7431241e-01  -1.9394041e-01  -1.2943238e-01   3.7871663e-01  -2.2845115e-01  -1.4117976e-01   7.2525140e-01   1.3284148e-01  -4.9807753e-01   1.6326389e-02   1.3500220e-02   7.4251323e-02  -2.9469696e-01   1.2307208e-01  -8.7383397e-02   2.6422842e-01  -5.5467167e-01  -4.2597699e-02  -4.8550829e-01   2.9928359e-01   3.7477697e-01  -8.5840389e-02   5.7825174e-01   1.7775937e-01  -1.0080269e-01   1.5009878e-02   4.8962845e-01   3.2997491e-01   3.1695499e-01   2.8228671e-01  -2.0520131e-01  -2.1471647e-01  -1.0940887e-01   1.1302710e-01  -3.4629854e-01   3.8436565e-01   3.4916964e-01  -6.0681752e-01  -7.5740665e-02   6.0194392e-01   3.6340579e-01  -1.1798842e-01  -2.6812216e-01   3.5954411e-02  -4.2368659e-01  -2.3978766e-01  -5.6218755e-01   1.0807524e-01   1.1271017e-01   4.2298335e-02   6.1527325e-02  -1.6538815e-02  -3.1311962e-01  -1.1391087e-01   3.2594983e-02  -1.8767599e-01  -2.3454376e-01   5.0382118e-01  -3.4272427e-01   2.6720041e-01   2.8030161e-02   2.6925660e-01  -7.8761783e-02  -1.1955516e-01  -1.4920363e-01   5.6221076e-01   1.3531462e-01  -2.0030532e-01   2.4420978e-01   2.3809668e-02  -3.2974929e-01  -2.8069921e-02   1.9054562e-01   1.1941918e-03  -1.0125426e-01  -6.0536641e-02  -2.4657184e-01   7.6848655e-01   4.2576065e-01   3.6821539e-01  -2.1712115e-01  -1.2654566e-01   7.5469846e-01   1.4227276e-01   5.0414053e-02  -7.1521127e-02  -1.3789071e-01   3.1797406e-01  -4.8668963e-01  -4.2417379e-01  -4.2325077e-01  -5.7696141e-01  -2.0099073e-01   3.3458710e-01  -2.9997018e-01   1.8851902e-01   4.9899440e-01   5.1024354e-02  -4.9882305e-01  -5.5480820e-01  -2.0341492e-01  -2.0527095e-01   6.1740647e-01   1.3888910e-01   3.2853319e-01  -1.0122030e-01  -3.6635404e-01  -1.4353910e-01   6.8817709e-01  -7.0822189e-02   2.8403392e-01  -2.8487220e-01  -2.6159924e-01   4.9682777e-02   2.6478060e-02  -4.7991150e-01  -1.8334028e-02   5.0714408e-01   1.4606418e-01  -2.3703379e-01   4.6185415e-01  -3.8313238e-01  -3.6770055e-01   2.2635682e-01  -2.4305650e-01  -1.6287824e-01  -5.3892141e-02  -2.0717083e-01   2.2576587e-04  -4.1192466e-01   7.3955849e-02   3.2015418e-02  -1.6398465e-01   9.4411167e-02   1.1448428e-01   1.9491184e-01  -1.8796687e-01  -2.1936989e-02  -2.5413676e-01  -4.5352473e-02   1.8686887e-01   3.8392067e-01  -1.5948079e-01  -1.8855644e-01  -1.0816439e-01   4.0468768e-01  -3.6188054e-01  -5.7181338e-02  -3.7929616e-01   1.1468698e-01  -5.3864090e-01  -2.7303950e-01   3.1347726e-01  -9.3132193e-02  -1.1230526e-01  -2.4373661e-01   5.4895911e-01   5.6724835e-01  -1.4329340e-01  -3.7917908e-01  -5.2605172e-03   2.3847430e-01   6.4057544e-01  -2.2061681e-01
  -1.4319933e-01   2.6019175e-01   1.3293563e-01   3.0837810e-01  -4.7854707e-01   0.0000000e+00   2.1001465e-01   1.4167483e-01  -5.1311181e-02   1.1507416e-01   1.5994014e-01   2.5635587e-01  -2.2610364e-01   3.6365647e-01  -6.4910909e-02   2.3507959e-01   5.2047175e-02   2.6226777e-01   3.8110304e-01  -2.7059379e-01  -9.3779848e-02   4.0780369e-01   7.1750712e-02  -9.2116915e-02   9.3895685e-02   3.9671534e-01   4.3847863e-01  -1.2386563e-01  -2.6484979e-01   5.2402079e-01   8.0449269e-02   2.9837746e-01  -5.3279423e-02  -2.5089555e-01   2.2945023e-01  -1.2709690e-01  -1.5502128e-01   6.4182228e-03   2.3420162e-03  -1.8831416e-01  -2.0707163e-01   2.6926157e-03   1.3621785e-02   1.7658914e-01   3.8389702e-04   2.3956441e-01   2.5861895e-01   8.3095881e-02  -2.9084866e-01  -2.1041668e-02   5.2792666e-01   1.5368192e-01  -4.0698035e-01  -2.8898622e-01   1.0501672e-01   2.2755195e-01   2.5519926e-01   2.1891249e-01   2.3575743e-01   5.8704204e-01   9.5232760e-02   7.9476572e-02  -1.1669882e-01  -6.0068921e-02   1.3057344e-02   5.2433333e-01   6.0476768e-01  -5.1693310e-02   4.6659554e-01   1.9638508e-01  -4.3397822e-01   3.5288817e-01  -1.9351293e-01   2.0261852e-01  -1.2497733e-01   1.6301506e-01   3.2372323e-01   4.5238572e-02  -2.2767955e-01   9.9306869e-02  -8.8527492e-02  -2.8847756e-01  -5.1567183e-02   3.9037662e-01   9.2974694e-02  -4.0135424e-02   1.1084158e-01  -1.3515846e-01  -1.6839935e-01  -1.1436537e-02  -2.7004202e-01  -1.0877199e-01   1.8894113e-02   1.2474285e-01   3.7754614e-02  -2.2260034e-01  -6.1261316e-03   5.0627225e-02   2.2296649e-01   4.7498496e-02  -5.1682021e-01   3.7957008e-01   2.7335768e-01   2.6115854e-01   3.7030421e-01   7.6727403e-02  -1.4479391e-01   5.1853508e-01  -2.8899088e-01  -1.9453656e-01   1.4186416e-03   5.3277160e-01   3.9502290e-01  -8.7230058e-02  -1.6091972e-01  -2.2848562e-01  -2.0286123e-02  -2.5866312e-01  -1.9338905e-01   3.7068509e-01   1.7715024e-01  -1.0089249e-01   6.5316534e-02  -3.1324198e-01   1.6308808e-01   5.0487277e-01   4.6430612e-02   2.9336885e-01   5.1929576e-01   1.7190059e-01  -3.9637031e-01  -1.1894684e-01   4.7989880e-01  -1.3278485e-01   2.6356544e-01   3.9862984e-01  -3.1301681e-01  -1.7930065e-01   1.7349153e-01  -1.7240822e-01  -9.4730342e-02   1.7925804e-01   3.9763552e-01   5.6520240e-02   3.3549371e-03  -1.3520478e-01  -2.0499263e-01   3.0573179e-01  -1.2227131e-01   1.9226078e-02  -1.0351830e-01   3.0076748e-02  -3.7748194e-02   1.5302193e-02  -8.6722969e-03  -2.0531995e-01   1.5482246e-01   1.4581928e-01  -1.4362914e-01   2.9194691e-01  -3.3609895e-02   3.9038847e-01   1.8004387e-01   4.7928448e-01   2.4268463e-01  -1.3381565e-02   2.8693641e-01   4.2394290e-02   7.4995845e-02  -2.8416813e-01  -2.5674156e-02   1.7548847e-01   4.4003467e-01   4.2167684e-01   4.4267558e-02  -4.2287535e-01   1.3369762e-01
  -4.5911832e-01   5.3400767e-02  -2.0914001e-01   1.3006966e-01  -3.3862133e-01   2.1001465e-01   0.0000000e+00  -5.3395515e-02  -8.3254644e-02   5.1008049e-01   1.8603618e-02   1.4427514e-01  -1.0902290e-02   6.0754242e-02   2.9419041e-01   2.7094752e-01  -2.6990653e-01   2.1328090e-01   8.2251334e-03  -1.0887971e-01   3.1399015e-01   1.8766063e-01   5.1517065e-01  -5.4480371e-01  -1.1576006e-01   4.9689637e-02   4.9153522e-02  -3.8325799e-01  -4.8600470e-02   2.7638319e-01   2.3059021e-01   2.5982206e-01  -1.0866938e-01   1.7561231e-01   1.8358376e-01  -6.1838317e-02   3.2263472e-01  -1.2553932e-01  -3.7603541e-03  -5.2244468e-03  -1.7402646e-02  -9.7491840e-02  -3.4552144e-01   3.6199493e-02   1.6338904e-01  -1.9281781e-01   5.8518665e-02   6.8495755e-01  -4.7607087e-01  -2.3009496e-01   4.1206377e-01  -6.9488873e-03  -1.8767797e-02  -3.0929937e-01  -2.7738131e-01   1.5502890e-02   8.9117123e-02   2.3678296e-01   8.7819005e-02   1.7068180e-02  -4.2276080e-01  -3.3247525e-01  -1.1994860e-01   1.9284263e-01  -2.2321345e-01   3.8377136e-01   1.3490339e-01   5.1082780e-02   1.9896803e-01  -2.1530882e-01  -8.6769375e-02   1.7287878e-01   8.6581850e-02  -3.6413240e-01  -3.5992832e-01   1.3347059e-01  -2.3886483e-01   6.7829478e-02   4.2293052e-02  -2.0932625e-01   4.4420434e-01   9.0154882e-02   1.8289309e-01   4.6083753e-02  -3.7349885e-01   1.7567982e-01   2.5146723e-01  -3.2701195e-01  -2.0664517e-03  -3.2859229e-01  -3.6842221e-01  -3.6414032e-01  -2.0346218e-01  -9.8099139e-02  -1.0174224e-01  -2.6631843e-01  -1.1553194e-01  -1.5749691e-01  -1.5617508e-01   5.6529178e-01  -6.7380692e-02   4.2325785e-01   1.8463514e-01   4.8831235e-02   5.4810417e-01   4.4878138e-03  -4.0691604e-01   8.5988466e-02   3.5677297e-02   9.8306959e-02   3.4032716e-01   2.3307956e-01   1.5599095e-01  -3.2672607e-01   3.5597230e-01  -2.4750262e-02   5.1427831e-02   5.1123579e-02   8.4928800e-02   7.8020864e-02  -1.2735666e-01  -3.8902335e-01  -1.9791227e-01   1.7056577e-02  -2.3260642e-01  -4.9506852e-02  -9.0963250e-02  -1.4893648e-01   1.0927871e-01  -1.1608921e-01  -1.1316312e-01   3.4114660e-01  -2.4819554e-02  -6.1155688e-03   1.4048258e-01   1.0181175e-01  -3.7645948e-01   5.0895314e-01   1.4192688e-01  -2.3470314e-01  -2.8267955e-01   3.4873424e-02   1.9228302e-01   2.3677758e-01   2.1886198e-01   5.1420408e-01   3.5077671e-01   1.3733280e-01   4.3189270e-01   6.6154652e-01  -1.4306820e-01   1.0418903e-01  -3.3002230e-01   1.4993895e-02   4.0097300e-02  -3.1266550e-01  -1.1012535e-01   9.7094747e-02  -2.6372294e-01   2.2812693e-01  -1.4121396e-01   1.9618804e-01   3.6802210e-01   2.3237021e-01   1.3200756e-01   5.1411708e-02   1.2323825e-01  -3.1700849e-01  -2.1548939e-01  -1.7346288e-01  -2.3494976e-01  -4.5334393e-02   1.0407602e-01   3.4458006e-02  -1.0309318e-01  -3.7810157e-01   4.2384861e-02
   6.0500318e-02   1.7932262e-02  -1.3929983e-01   2.5362354e-01  -1.8390875e-01   1.4167483e-01  -5.3395515e-02   0.0000000e+00   2.2747403e-01   7.5965739e-02   3.4344136e-01  -1.8098251e-01  -1.7440679e-02   1.2185371e-01   1.3834562e-01  -1.1622082e-02  -1.6855988e-01   3.4761485e-01   7.9340559e-02  -2.1374479e-01   2.2286208e-01   2.2069488e-01   4.2295725e-02   6.6730131e-02   2.0765863e-01   3.9004792e-01  -1.6429164e-01   6.6651521e-02   2.1208986e-01   1.7525628e-01   3.2876752e-01   2.0524307e-01  -2.4030707e-01  -1.6341524e-01  -1.3590587e-01  -1.2316826e-01   7.3912427e-02   2.9225552e-01  -7.3009482e-02  -2.5046542e-01   8.0160515e-02  -1.5025840e-01  -1.8586161e-01   2.8057496e-01   1.6383336e-01   3.0480003e-01   8.0222677e-02   1.5500799e-01   3.2625438e-01  -1.7814943e-01   2.5930943e-01   5.4669680e-01  -3.3373696e-02  -6.8392504e-02  -1.2050453e-01   8.2996694e-02   1.2027679e-01   2.3093614e-01   1.0984429e-01   3.2973725e-01   1.6807690e-01   1.0745323e-01   1.6813344e-01   7.1398227e-02   3.2094026e-01   1.7701403e-01   1.5345487e-01   7.6295795e-02   9.0107452e-02   4.1099226e-02  -8.9270760e-02   2.5249718e-01   2.8923400e-02  -9.9355168e-02  -1.2478189e-01   2.5554968e-01   2.3917200e-01   4.4582947e-01   3.3293310e-02  -6.5693006e-02   1.1326711e-01  -2.7284001e-01   1.1487186e-02   5.4823686e-01   9.6108288e-02   9.7517255e-03  -1.3231343e-01   5.3389532e-02   2.6097923e-01   2.5122508e-01  -3.7317540e-02  -7.6264927e-02  -2.5330798e-01   3.5152171e-01   1.8595691e-01  -1.4935066e-01   1.1941187e-01   2.7995138e-01   2.4459865e-01  -7.3963450e-02   8.7981390e-02   6.8690143e-02   3.3175134e-01   1.2956891e-01   1.7253957e-01   3.0152185e-01  -1.4745934e-01   1.5045317e-01   1.1295021e-01  -1.2268459e-01  -2.4964505e-01   4.4124424e-02   3.1949812e-01   2.8193374e-01   5.8687986e-02   7.0293379e-02   1.3510950e-01  -9.7035082e-02   1.0050605e-01   2.2441222e-01   2.5948662e-01  -1.5627966e-01   2.1857462e-01   7.7830570e-02   3.3316415e-01  -2.9813920e-02   3.8903225e-02  -1.8992183e-01   2.0525333e-01   6.2540604e-02  -2.9205614e-01   1.9051610e-01   3.4783039e-02   1.7937806e-02   3.4539815e-01   5.0492090e-01   2.0655296e-01   1.0740772e-01   3.6872061e-01   1.0444886e-01  -3.2308855e-02  -7.4805538e-02   2.7370407e-01  -2.3817068e-01  -5.5341222e-02   1.1158316e-01  -2.2874985e-01   1.3958328e-01  -8.5114631e-02   4.6463625e-02   9.1571236e-03   4.2165439e-01   2.8548131e-01   2.5358110e-01  -2.6832336e-01   2.1521137e-01   1.0454083e-01   5.7236900e-02  -4.3539037e-02   3.0218669e-01   2.7713791e-01   1.9066742e-01   2.6355505e-02   2.0241985e-01   2.0064050e-01  -2.1809353e-01   2.1621214e-01   6.8078752e-02   1.6859499e-01  -9.3618086e-02  -1.7596952e-01   1.3041125e-01   3.0924875e-01  -1.0751832e-03  -3.1290346e-01  -1.6491524e-01   3.8594949e-03
   1.2252265e-01   3.2069532e-02  -8.7390583e-02   1.8262534e-03  -2.0796308e-01  -5.1311181e-02  -8.3254644e-02   2.2747403e-01   0.0000000e+00  -1.2493361e-01   7.5472853e-03   1.4341218e-01  -1.4745657e-01   2.6567572e-01  -5.0242058e-02  -2.3629364e-01  -8.8297029e-02  -5.9620836e-02   1.6938304e-01  -9.3465272e-02   1.0087401e-04   1.6395182e-01  -7.0026138e-02   1.7126948e-01  -7.0625700e-02   1.1626912e-01  -1.8634854e-01   9.7088990e-02  -8.6576290e-02   1.6674511e-01  -1.3635580e-01   6.3101883e-02  -6.4021218e-01  -6.6643642e-02   1.4877965e-01  -1.9848136e-01  -4.9158183e-02  -3.9936871e-02  -1.1434360e-01  -9.9499954e-02  -1.1090847e-02  -5.3983604e-01   3.5045876e-02  -3.8828464e-02   2.2575738e-01  -1.3993116e-01  -1.9431109e-01   1.1374450e-01   1.3295390e-01  -6.0426947e-02   1.0023735e-01   6.9173543e-02  -1.1210321e-01  -2.2653311e-01   3.3889401e-03  -1.1138664e-01  -6.4044639e-02   1.7147869e-01   8.3432692e-02   2.3550088e-01  -1.5310975e-01  -1.1544309e-01  -1.4457147e-01   1.0632038e-01   2.4559660e-01  -4.5154156e-02  -2.1632564e-01  -2.0095239e-01  -1.2346547e-01  -3.8802157e-02   1.0774421e-01  -1.3728999e-01  -3.5676810e-03  -4.0775040e-02  -1.6790938e-01  -6.7446504e-02  -2.3702630e-02   6.9263741e-02  -1.4342416e-01  -2.4660972e-01  -8.4540427e-02   1.0250078e-01  -1.4713750e-01   2.0260776e-01  -5.5219175e-02  -1.5120941e-01   1.4228989e-01   1.1367858e-01  -6.2731689e-02   9.7215347e-02  -2.6703778e-01  -3.1430217e-01  -9.0394565e-02   4.7525497e-01  -1.0716378e-01  -2.2209673e-01  -1.3544420e-01   6.1007910e-02  -2.4388803e-01  -1.0711782e-02   4.6248481e-02  -7.1171797e-03   1.4514122e-01   2.9348287e-01   4.6531731e-02   1.6335221e-01  -3.6031977e-01   1.2442773e-01   9.9094027e-02  -2.3634021e-01  -7.7383741e-02   1.9350825e-01   5.1769601e-02  -1.0931347e-02  -4.1823764e-02  -8.4434190e-02   8.5592341e-02   3.5570621e-02  -1.5822102e-01  -3.7972767e-02  -9.6097814e-02  -3.4755928e-02   5.9757728e-02   3.0928875e-02  -4.8948932e-03   7.0430645e-02   3.1953192e-02  -2.4847979e-01   6.8764901e-04  -1.3950993e-01  -8.8815266e-02  -7.0728212e-02  -3.3752506e-02  -2.4035080e-01   1.0971195e-01   9.7313112e-02  -2.8517324e-02  -6.9262155e-03   5.7996126e-02   2.4113317e-01   2.4036358e-01  -2.0009030e-01   6.6041736e-02  -1.7764879e-01   6.8193998e-02   2.3583346e-02   7.0347912e-02  -3.2340079e-01  -1.9674581e-01   2.4711067e-02   6.4358307e-03   2.0925031e-01  -1.1296631e-01  -7.1354718e-02  -8.1986735e-02   2.3286859e-01   7.1300565e-02   8.2012254e-02  -4.8289101e-01   1.0367688e-01   1.2388516e-01   6.5921419e-02  -3.7115432e-01  -3.4434369e-03   2.7661371e-01   4.3326049e-02  -2.1905937e-02  -9.6983423e-02   1.0352445e-01  -1.5778008e-01  -1.4440831e-01  -4.5507915e-04  -9.8489022e-02  -2.7275675e-01  -3.3416151e-01  -2.1724574e-01   3.4588714e-01
  -1.8228942e-01   8.4514029e-02  -3.4793938e-01   5.2288674e-03  -1.5568775e-01   1.1507416e-01   5.1008049e-01   7.5965739e-02  -1.2493361e-01   0.0000000e+00   1.9965534e-01  -5.6025543e-02   6.7454522e-02  -9.2297077e-02   2.4998406e-01   3.4924005e-01  -3.3457907e-01   2.6746732e-01  -1.1558897e-01  -9.5191204e-03   1.7705559e-01   1.2154155e-01   3.3892242e-01  -2.4522465e-01  -1.8152130e-01   1.9093558e-01   7.0006171e-02  -8.1225211e-02   7.1689330e-02   1.6688574e-01   2.8845591e-01   1.2219537e-01   1.4096609e-02   1.1628443e-01   3.9367853e-02   1.5871481e-01   6.0760795e-01   1.4866528e-01   1.8160236e-01  -1.4347274e-01  -3.1042810e-02   3.1962700e-02  -3.4173709e-01  -5.0051101e-02   1.4829151e-01  -2.2280196e-02   2.1656977e-01   3.4769177e-01  -3.9045859e-01  -3.0194514e-01   2.7616826e-01   1.8512073e-01  -4.7951115e-02  -1.9751355e-01  -2.6932749e-01  -2.7105815e-04  -2.9602811e-02   1.4533567e-01   4.0754152e-02  -9.7581968e-02  -3.3717746e-01  -1.6406017e-01  -7.9987935e-02   2.8595538e-01  -1.0537655e-01   4.9457553e-01   1.1840864e-01   1.5164476e-01   3.1103388e-01  -1.6836952e-01  -1.5973171e-01   1.5924658e-01  -1.7299695e-02  -5.3802546e-01  -4.5311225e-01   2.1340396e-01  -1.6122259e-01   1.1737474e-01   3.3710596e-01  -2.5620622e-01   1.9530662e-01   1.0421891e-01   4.3265690e-02   8.5756001e-02  -2.3015685e-01   1.0433005e-01   1.0782409e-01  -1.0859912e-01  -1.7821746e-03   3.8103637e-03   8.7490340e-03  -3.6539494e-01  -9.9891137e-02  -2.8403183e-02   1.7078790e-01  -1.7219348e-02  -3.3032190e-02  -5.6061557e-02   1.5089309e-01   5.7474571e-01  -2.1301214e-01   3.8314674e-01   1.7927451e-01  -1.2463406e-01   2.8107626e-01   7.0648807e-02  -3.3552920e-01   7.1595997e-02   3.0751357e-02   1.8222726e-01   1.6300464e-01   1.3957750e-01   1.8857428e-01  -4.3017856e-03   1.0563176e-01   8.0482459e-02  -2.3186381e-02   2.8273908e-02   2.5074871e-02   5.4338702e-02   1.0532903e-01  -2.0454976e-01  -2.0822544e-01   1.1052719e-01  -1.7328796e-02  -2.8216677e-01  -9.5457917e-02  -2.9650512e-01  -4.6315759e-02  -1.3607200e-01   6.8018734e-03   4.1207447e-01  -2.5658204e-02   2.7679512e-01   1.8935030e-01   2.5088808e-01  -2.1685077e-01   3.1785764e-01   3.1342574e-01  -5.8358549e-02  -1.9733827e-01   6.9537188e-02   2.1743588e-01   7.2074943e-02   1.3982547e-01   3.2829631e-01   1.2492356e-01   2.4951524e-01   4.3635660e-01   4.9609212e-01  -1.0097898e-01   1.2566434e-01   1.4116657e-01   1.9726817e-01  -1.1536963e-01  -1.6116206e-01   3.6600896e-02   1.3088382e-01  -1.2937395e-01   1.4536717e-01  -4.1364667e-02   1.4234399e-01   5.4529235e-01   6.3849869e-02   1.3918189e-01   1.8558150e-02   2.2085749e-01  -1.2350927e-01   7.3043838e-02  -4.2990153e-02  -7.4245610e-02   4.7591264e-02   2.3835169e-01   5.3903541e-02  -2.0137899e-01  -4.1351048e-01  -1.0084705e-01
   8.9873563e-02   1.5012663e-02  -4.4608080e-01   1.8514987e-01  -1.2562176e-01   1.5994014e-01   1.8603618e-02   3.4344136e-01   7.5472853e-03   1.9965534e-01   0.0000000e+00  -3.3990515e-01  -2.0861673e-01   2.7344435e-01   2.7652063e-02   2.5231317e-01  -3.9225105e-01   5.1991960e-01   2.4927149e-01  -2.5952547e-01   3.2334499e-01   1.0592554e-01   9.8025400e-02   1.1043492e-01  -2.2119614e-02   2.1024360e-01  -7.8381587e-02   8.4737723e-02  -1.6390308e-01   2.2029960e-01   2.5248507e-01   4.8530366e-01  -1.8860182e-01  -3.3220906e-01   6.7461158e-03   1.6756455e-01  -1.9925208e-01   1.0096998e-03   3.0666481e-01  -4.7945965e-01   1.3335602e-01  -1.9962718e-01  -3.6115190e-01   7.1767096e-01   1.0719693e-01  -8.4522370e-02   5.7002261e-01   2.8267077e-01   2.0201696e-01  -5.3541679e-01   4.8030875e-01   2.8960452e-01  -1.0456995e-01  -4.3546629e-01  -1.8193258e-02   6.2043653e-01   1.1645190e-01   3.1220525e-01   3.2023942e-01   1.5011116e-01  -1.5641082e-01   1.6608532e-01  -2.7199729e-01   3.9866557e-01   3.0848635e-01   3.3654554e-01  -1.4744930e-02  -2.1962403e-01   5.4452603e-01  -5.2088703e-02  -3.9256004e-01   3.3791975e-01   1.5697427e-01  -1.6599418e-01  -3.6232259e-01   2.5947885e-01  -3.3535262e-02   4.7079104e-01   8.9971667e-02   2.1465641e-02   1.7924342e-01  -1.9253908e-03   4.7042778e-01   4.1131212e-01   5.7222486e-02   1.3928183e-01  -1.4722609e-01   2.0313667e-01  -1.2638091e-01   1.8842293e-01   2.8641720e-02  -3.0945461e-01  -2.7658079e-01   1.7840186e-01  -1.4924390e-01  -2.3799553e-01  -1.5013690e-01   4.1845991e-01   2.6956466e-01  -5.9267070e-02  -9.9698580e-02   3.9178932e-01   2.5468970e-01   3.9956642e-02   4.4008542e-01   3.0135862e-01  -4.3058535e-01   3.7200076e-01  -2.3117991e-01   1.5428731e-01   4.2047927e-02   1.5680827e-01   4.9692220e-02   1.4628700e-01   2.5035009e-02   3.2189392e-01   3.2091655e-01  -4.8512960e-03   2.5374859e-01   3.3365265e-01  -3.4485118e-02  -1.2767273e-01  -2.0720754e-01   1.4218745e-01   1.1966075e-01   3.7145499e-02   3.4812979e-02  -5.0792588e-02   1.2158200e-01  -1.5971329e-01   3.8694883e-03   4.5909729e-01   6.0625550e-02   2.7454676e-02   1.0407646e-01   3.8257380e-01  -1.8073403e-01   2.1025292e-01   3.6354421e-01  -5.5598262e-02  -4.3474270e-02   2.3931014e-01   6.2712492e-01  -2.2410444e-01  -1.6196055e-02   3.2568114e-01  -5.5148349e-01   4.0869181e-01   2.2004198e-01   1.3401525e-02  -1.2408202e-01   2.7637079e-01   8.2319305e-02   7.7252793e-01  -4.7934098e-01   7.4523393e-03  -1.5195416e-01   3.7046608e-01  -3.2999068e-01   3.6806585e-01  -3.1295233e-01   5.1186840e-01   4.3549763e-01   5.2263668e-01   2.3020423e-01  -1.3810380e-01   7.4647815e-01   1.9258446e-01  -4.9811975e-02   1.8366096e-01   5.4579048e-03  -1.1638318e-01   4.9606805e-01   6.7890690e-02  -1.0392318e-01  -3.6601893e-01  -6.6278144e-02
  -4.8452203e-02   5.0344949e-01   6.3316314e-01  -1.8420646e-01  -6.4505679e-02   2.5635587e-01   1.4427514e-01  -1.8098251e-01   1.4341218e-01  -5.6025543e-02  -3.3990515e-01   0.0000000e+00  -4.1275913e-02  -1.4088545e-01   2.0506483e-01  -1.6115067e-02   5.5924536e-01  -2.4525117e-01  -9.6228868e-02   2.0188059e-01  -3.8205995e-01  -2.9457232e-01  -7.9719960e-02  -9.9880920e-02  -1.7055394e-01   9.8062899e-02   2.9516677e-02   1.9464533e-02  -6.6681067e-02  -1.7064168e-01  -2.9312701e-01  -1.3142477e-01   7.9974379e-02   3.4149613e-01   2.4173842e-01  -8.0419316e-02  -6.3620759e-02  -1.8111964e-01  -2.6507463e-01   4.0008159e-01  -6.3225907e-02  -2.6044847e-02   5.0153185e-01  -1.8725038e-01  -1.2673403e-01   1.6873064e-01  -1.8169089e-01  -1.7387582e-01  -3.4503714e-01   5.8133408e-01  -1.5498609e-01  -1.7344802e-01  -1.2791218e-01   1.5366267e-01   1.4365609e-01  -2.8018951e-02   5.9282392e-02  -1.5188084e-01  -1.8208250e-01   3.7630236e-02  -1.8126936e-02  -2.0891985e-01  -2.1428883e-01  -1.0888077e-01  -3.5168357e-01  -1.5515218e-01   1.4942879e-01  -1.6373895e-01  -1.9934677e-01   3.6324961e-01   2.0976331e-01  -4.0132003e-01  -4.8788294e-03   4.6248826e-01   2.6468497e-02  -8.7215644e-02   1.0543765e-01  -1.4853949e-01   5.6304821e-02  -1.1805845e-01   1.0247688e-01   8.2865464e-02   5.4118042e-03   2.6231805e-02   1.3432146e-01  -1.0013484e-01   2.9869982e-01  -1.0671464e-01  -3.4382053e-01  -2.9269313e-01   1.9843663e-02   2.6072083e-01   5.1616879e-01  -2.3893810e-01  -1.4471414e-01   4.7410518e-02  -2.4562826e-01   9.1221119e-03  -3.4424201e-01  -1.3587389e-01   9.6203437e-02   1.4698242e-01  -3.5711764e-01   1.1948677e-01  -1.6977259e-01   2.6243791e-02   2.8481066e-01   8.6208504e-03   1.4178765e-01  -2.1283712e-01   3.7250421e-01  -1.8268550e-01  -3.6024173e-01  -3.0265389e-01   1.5021967e-01  -2.4279811e-01   4.3584937e-02   4.7397221e-02  -6.2805133e-02  -3.3140088e-01  -1.1089798e-01   3.5889021e-01   9.4745800e-02  -1.9276709e-01  -1.3594518e-01   3.8751035e-01   1.0072895e-01   5.0695107e-02  -1.6172426e-02   3.5957382e-01   1.2179672e-01  -7.4862627e-02   2.2303909e-01  -2.8187282e-02  -4.7256333e-01  -1.6732983e-01  -1.8448811e-01  -2.8496856e-02  -3.8787565e-01  -6.0207210e-02   1.3818909e-01   1.1934607e-01  -2.2356358e-01   5.7790702e-01   2.5082937e-01  -1.7701535e-01   5.6429102e-01  -2.8791789e-01   1.4186688e-01  -4.7612648e-02   4.0409112e-01  -2.9380668e-01  -2.6952066e-01  -1.7073564e-01   5.4830458e-01  -2.0531402e-01   2.0084134e-02  -2.1997523e-01   6.8770525e-02  -3.6481445e-01  -2.9532778e-02  -1.5584254e-01  -2.1043543e-01  -5.3473586e-02   2.0540139e-02   5.1143983e-01  -8.9965870e-02  -8.0784904e-02  -8.0698749e-02  -4.1469751e-02   2.7003527e-01  -3.7773392e-02  -3.4110377e-01   1.6517557e-01  -2.1739690e-02  -7.6320050e-02   1.5422077e-01
  -2.4894803e-01  -1.2799375e-01   1.9879765e-01  -2.4151963e-02   4.6210074e-01  -2.2610364e-01  -1.0902290e-02  -1.7440679e-02  -1.4745657e-01   6.7454522e-02  -2.0861673e-01  -4.1275913e-02   0.0000000e+00  -3.6649001e-01  -1.7024978e-01   5.5674547e-02   1.8179932e-01   4.2810114e-02  -2.1549852e-01   5.7670973e-01  -1.3365883e-02  -1.7430323e-01  -2.1820844e-02  -2.5486164e-01   1.0957711e-02  -2.2451825e-01   6.0346060e-02  -2.2407694e-01   2.0416961e-01  -1.9094656e-01  -2.2164848e-01  -1.1615918e-01   2.2911406e-01   1.1176240e-01  -1.0509251e-01   3.9204391e-01   2.4145356e-01   7.0584276e-02   5.5775545e-02   3.6715045e-01   6.8130570e-01   1.3358464e-01  -2.7934096e-02  -2.7586198e-01   3.8085725e-02   1.0587369e-01   1.3392714e-01  -1.9684747e-01   7.2551828e-02   2.0696454e-01  -1.3337771e-01  -1.5388193e-01   3.2699817e-02   1.9248031e-01  -2.7573162e-01  -3.5624205e-01  -1.7024541e-01   7.3210542e-02  -3.5328644e-02  -2.5055774e-01   6.4823830e-02   4.4171364e-02   2.6706237e-01  -3.1409926e-01  -1.0062317e-01  -7.8700988e-02  -9.4354094e-02   1.0981000e-01  -1.7439197e-01  -1.6441070e-01   2.0369168e-01  -3.3181761e-02   1.9740074e-01  -1.0036575e-01   1.8300938e-01   5.7883928e-02  -2.6210684e-02  -2.4102824e-01   4.5159164e-02   1.1492345e-01  -2.5275441e-02   3.2829334e-01  -8.8771152e-02  -1.7802457e-01  -1.9083996e-01   2.2320900e-01  -2.1757240e-01  -2.2709812e-01   1.8965791e-01  -3.7544848e-01   2.0841364e-01   2.4866210e-01   2.1255892e-02   2.7253645e-02   3.5535917e-02   4.4341514e-01   2.4586053e-01  -1.2103463e-01   1.3321935e-01   4.2287703e-02   2.0169452e-01  -3.5518497e-01  -1.7252680e-01  -1.3661182e-01  -1.9735473e-01   6.6380021e-02   1.0717164e-01  -3.3389201e-01   2.4252421e-01   1.1151670e-01   7.4203497e-02  -1.4545375e-01  -1.3057678e-01  -2.6707228e-01   1.0860191e-02   2.3422660e-02   1.9468508e-02   6.4160524e-01  -1.8722101e-01  -1.1573725e-01  -3.1787495e-04   1.7065767e-01  -6.5957058e-02   5.3742830e-02  -2.8993666e-01  -2.7133922e-01  -7.0824231e-02  -1.0501290e-01  -1.4332097e-01   1.2896603e-01   5.4289381e-01  -2.4506806e-02  -2.3359552e-01  -3.8856627e-02  -4.7629490e-02  -2.3506114e-01   1.9282935e-01  -9.6501613e-02  -2.3743555e-01  -1.4181506e-01  -2.3152481e-01   4.0209765e-02  -2.6666820e-01   2.1516973e-01  -1.8811368e-01  -9.0806681e-02   1.9865541e-01   7.4575670e-03   1.3638851e-01  -5.4283179e-02  -9.5766636e-02  -1.0768263e-01  -1.0249171e-01  -7.6124733e-02   3.5865924e-01  -2.1408394e-01   4.9398241e-03   3.3439872e-02   3.3540355e-01  -1.8555011e-01  -3.1847549e-02  -2.2517219e-01   9.7308986e-02  -1.1662228e-01   3.1566312e-02  -3.2761249e-02  -1.8301177e-01  -2.2964435e-01  -2.7394771e-01   4.9219824e-02  -3.6720153e-02   4.2261225e-02  -2.1919321e-01  -7.7052326e-03   2.1441775e-01   4.3455902e-01   1.5730945e-01
   2.0654606e-01   1.6062611e-01  -3.0451680e-01   3.8339496e-01  -4.7431241e-01   3.6365647e-01   6.0754242e-02   1.2185371e-01   2.6567572e-01  -9.2297077e-02   2.7344435e-01  -1.4088545e-01  -3.6649001e-01   0.0000000e+00  -6.5988838e-02  -3.2239648e-02  -3.3343927e-01   2.6378373e-01   4.1422741e-01  -4.8102697e-01   1.1352386e-01   4.8474857e-01   2.6495035e-02   2.2122986e-01   3.2833524e-02   1.8479751e-02  -5.3366784e-02   3.5811124e-02  -2.1045009e-01   6.4292308e-01   2.4415374e-01   3.6110160e-01  -3.2194040e-01  -5.2833397e-01   1.3325682e-01  -2.3860409e-01  -2.8467383e-01  -2.5128012e-02  -1.4454175e-01  -5.1228964e-01  -1.3849211e-01  -2.0835779e-01  -2.1161389e-01   2.4068938e-01   1.8976915e-01  -1.1890883e-01   7.3477028e-02   4.0239158e-01  -3.4998444e-02  -4.0198898e-01   4.7589010e-01   4.3630634e-02  -4.0846850e-01  -3.9782292e-01   1.7822794e-01   1.3312269e-01   1.1444773e-01   3.5216829e-01   2.6855561e-01   5.3725081e-01   8.1681104e-02   2.7590038e-01   1.1185213e-01   1.6476279e-01   3.2797622e-01   3.2612644e-01   2.4338219e-01   2.3770874e-02   1.4812843e-01   3.4932552e-02  -3.9698604e-01   4.3070133e-01  -1.2497863e-01   4.4683220e-02  -1.5901173e-01   4.9857589e-02   1.3492821e-01   1.3878506e-02  -3.5963262e-01   1.8490995e-01  -4.3775321e-03  -6.6994386e-02  -1.1973828e-01   2.3758297e-01   1.8318918e-01   6.1547445e-02   1.7011772e-01   2.4721448e-01  -1.5598617e-01   2.8579795e-01  -3.7971999e-01  -3.9261574e-01  -4.1303789e-01   3.5219785e-01   2.9634438e-02  -5.2942596e-01   1.5896587e-01  -5.1769363e-02   2.6295734e-01  -6.7398923e-02  -3.1139453e-01   1.5887566e-01   5.5039355e-01   5.7640319e-01   4.0242235e-01   1.9617116e-01  -4.6476916e-01   1.9322884e-01  -5.0417692e-01  -3.0842368e-01  -3.6232458e-01   5.4944343e-01   4.2732016e-01   9.6026042e-02  -4.6350465e-02  -2.1405375e-01  -7.0446346e-02  -2.9446748e-01   1.1165126e-01   4.3920601e-01   1.2384155e-01  -3.5700212e-01   6.6721905e-03  -7.0845508e-02   1.8926622e-01   5.3309853e-01   5.0935939e-02   1.6094622e-01   3.6964707e-01  -5.1328906e-02  -3.2727038e-01  -1.0052661e-01   4.7376226e-01  -1.8051823e-01   3.6534739e-01   3.5211603e-01  -2.3193344e-01   8.0080956e-02   3.2103840e-01   9.2870262e-02   1.5564141e-01  -9.2792276e-02   2.8546893e-01  -3.8073418e-01   7.2080092e-02   2.1374110e-01  -4.9639337e-01   5.6282772e-02  -4.1232887e-01   1.1513906e-02  -2.1394284e-01   3.8796552e-01  -3.9637604e-02  -2.7186278e-03  -4.1776579e-01   1.7953227e-01   1.7081338e-01   2.7966099e-01  -2.8355342e-01   4.4888834e-01  -1.3110154e-01   3.2338665e-01  -1.1229885e-01   4.0324609e-01   2.2684317e-01  -3.8785479e-01   2.0529666e-01   1.5246683e-01   1.2808428e-01  -3.8305286e-01  -2.2447350e-01   4.2572332e-02   3.6265121e-01   8.9744911e-02  -3.7939414e-02  -3.3079468e-01   2.6867232e-01
