   0.0000000e+00  -2.0635292e-01   1.3349027e-01  -6.6315376e-02  -3.1656208e-01   2.2292612e-01  -2.2624643e-01  -2.6483320e-01  -1.8610009e-01   3.1609986e-01  -5.4780287e-02   1.2598003e-01  -3.3383467e-01   7.7713920e-01   5.5324770e-01  -1.1041974e-01  -2.4177967e-01  -4.6867733e-02   3.7287880e-03  -9.3421634e-02  -6.5133671e-02   3.1462486e-02   1.7635782e-01   7.1890418e-01  -7.0408448e-02  -1.3679732e-01  -5.1061994e-01   5.3836937e-01   7.5983856e-02  -2.5389318e-01   3.7590819e-01  -2.5670315e-01  -2.8781351e-01  -2.8780013e-01  -2.4440638e-01  -2.9949153e-01  -3.1078205e-01   4.6540814e-01  -1.1193582e-01  -4.7323996e-01  -2.1265872e-01  -2.2310437e-01  -2.1557108e-01  -1.4910492e-01  -9.7346471e-02   3.6297547e-01  -1.4565943e-01  -3.3652462e-01  -3.8637479e-01  -3.1351212e-01  -3.2516656e-02  -4.3390444e-01  -4.5470451e-01   1.4393721e-01   4.4471267e-01   3.8652881e-01   1.6677107e-01  -1.1161958e-01  -2.3313112e-02   3.5097208e-01   3.5510439e-01   7.2369412e-02  -5.2426511e-01  -1.5001578e-01  -4.0890532e-01  -6.7527942e-03  -4.4953808e-02  -3.6362583e-01  -3.2033898e-01   8.1506200e-02  -6.0603984e-01  -8.6405025e-02  -2.3241097e-01   6.4227073e-01  -9.2690960e-02   8.9304887e-02   2.7793021e-01  -1.8946028e-01  -4.7697272e-01  -1.3342279e-01   5.6857760e-01  -3.2612205e-01  -2.6395020e-01  -1.3242608e-03   7.6191711e-01  -2.5522479e-01  -1.3405319e-01   5.8808821e-01  -2.2408719e-01   8.5547964e-01  -4.2357417e-01   2.8512793e-01   4.3592920e-02  -4.5172878e-01   1.7005544e-01  -2.8518053e-01   6.7259574e-02  -2.4166118e-01  -3.1600633e-01  -5.5508214e-02   3.3631028e-01   5.0056077e-01   3.0731423e-01   4.1725806e-01  -2.5512694e-01  -3.8952278e-01  -7.5280023e-02  -3.9263898e-01  -2.3016057e-01  -3.0898720e-01   6.9054299e-02   1.3120047e-01  -9.4339360e-02   6.4015381e-01   5.5863785e-01  -5.2083517e-01  -3.3881713e-01  -2.1753620e-01   6.1773560e-01   2.5779392e-02   6.9102957e-01  -2.7830430e-01  -3.4628332e-01  -4.7616073e-01   5.5475588e-01   7.0119198e-01   1.9984305e-02  -3.3457841e-01  -4.7396417e-02  -1.7844541e-01  -1.8978719e-01  -1.3073222e-01   6.1087443e-01  -3.0051674e-01  -1.7027182e-02  -2.6621664e-02  -1.3215635e-01   1.3212275e-01   1.0534230e-01   6.5158294e-02   6.0698898e-01  -3.4482349e-01  -3.3626102e-01   5.3287077e-01   2.8343846e-01  -9.2214920e-02  -1.8495060e-01  -3.8581411e-01  -3.7336290e-02  -2.5427067e-01   7.4810168e-01   2.9415976e-01   6.8960925e-01  -3.3081840e-01  -4.7120564e-01   2.3202749e-01   3.0037873e-01  -8.4838141e-02   1.9035011e-01   5.4723404e-01  -2.2234705e-01  -2.4922878e-01  -1.1674136e-01  -2.1009561e-01  -1.9051777e-01  -2.4161365e-01   3.9906849e-01   7.9462332e-01   6.3772966e-01  -3.2580772e-01  -4.2944562e-01   2.3244732e-01  -4.6680083e-01   2.8134195e-01  -2.1811528e-01  -1.8614488e-01  -4.4254795e-02
  -2.0635292e-01   0.0000000e+00   1.4490325e-01  -1.2143582e-02   3.3392369e-01   8.4131697e-02   5.1668790e-01  -5.1626795e-02   3.5003884e-01  -2.2429033e-01  -4.4690127e-01   3.6624700e-01  -1.6508408e-01  -2.6087243e-01  -3.5196829e-01  -9.3892189e-02   1.9976168e-01  -1.9172239e-01   1.6208695e-01   3.7925320e-02   5.5025461e-02  -4.0169073e-01  -2.1276811e-01  -3.5051312e-01   2.1084305e-01  -1.7249613e-01   3.4104761e-01  -2.2718869e-01   1.9335571e-01   3.1708809e-01  -1.8219722e-01   6.1690290e-02   6.7218244e-02   2.0002404e-01   3.9138426e-01  -8.7759482e-02   1.7205154e-01  -2.8260189e-02  -1.1058236e-01   5.6094326e-01   2.8904707e-02  -5.5391323e-02   2.5113316e-01  -7.4394772e-02  -7.3992635e-02  -3.5783953e-01  -2.7456374e-01   6.4935335e-01   7.2286451e-02   2.1308767e-01  -3.1422236e-01   7.9272251e-02   3.4737024e-01  -2.0368112e-01   8.9838879e-02  -2.7201200e-01   6.4842898e-02  -1.8567357e-01   5.0003155e-03  -4.6270595e-01  -1.3373113e-01   3.6831422e-02   3.3396387e-01   1.5739543e-01   4.2100848e-01   1.5761062e-01   3.8217171e-01   3.7744729e-01  -4.7545701e-02   4.8344288e-02   6.9944211e-01  -1.2528148e-01   8.1220523e-02  -4.3623483e-01   2.8260983e-01  -5.7865960e-02  -1.7877887e-01   5.3832238e-02   5.2839917e-01   1.2015234e-01  -1.5670914e-01   2.7622061e-02   5.6766997e-01  -2.6322491e-01  -2.9147760e-01   1.9156510e-01   7.7092563e-02  -3.8555679e-01   5.7494572e-01  -3.9043589e-01   5.3803122e-01  -1.4217079e-01   2.8770743e-01   2.9018495e-01  -6.6706089e-02   3.6382765e-01   1.7225453e-01   1.2104885e-01   2.0069907e-01  -3.8724026e-01  -2.9855643e-01  -3.8509206e-01  -2.2710398e-01  -1.9770479e-01  -5.7504864e-02   1.6365358e-02  -1.9866354e-02   1.6618964e-01   6.6977398e-02  -1.7284062e-01   2.2072106e-01  -4.4211558e-01   1.0457454e-01  -9.0824371e-02  -2.5194210e-01   3.6097584e-01   7.3767394e-02   2.1929667e-02  -1.4552025e-01  -1.4251536e-01  -4.7633709e-01   2.8720028e-01   3.2306240e-01   5.8814789e-01  -4.4433256e-01  -4.3323640e-01   9.9350999e-03   1.5782127e-01  -1.9638072e-01   3.1616133e-01   6.7575927e-02  -1.1864970e-01  -2.2677575e-01   1.4494659e-01  -1.3247611e-01   6.3888725e-03   1.2098091e-01   2.3795074e-01  -1.0911278e-01   2.6470475e-01  -1.5246782e-01  -1.7048759e-01  -3.6791792e-01  -2.8467169e-02  -1.3903482e-01   7.3459140e-02   3.8602639e-01  -5.3641999e-02  -3.1763402e-01  -7.9776173e-03  -4.0932529e-01   2.8342413e-02  -4.3671969e-01   6.2103834e-02   7.2639446e-01   2.5729252e-02  -2.4610184e-01  -3.0452905e-02  -1.2814558e-01  -3.1420937e-01   2.4485993e-01  -2.4472419e-01   2.8313055e-01  -5.3414298e-02  -6.7343480e-02   3.5761704e-01   4.1066665e-03  -3.8672371e-01  -3.8310487e-01   7.1079137e-01   2.8893187e-01  -2.5487689e-01   6.5834472e-02   1.6483665e-01   2.5569204e-01   4.6916485e-03  -2.9047689e-01
   1.3349027e-01   1.4490325e-01   0.0000000e+00   4.5283090e-02  -4.2808047e-02   5.7075777e-01   3.2475480e-03  -1.8432744e-01  -8.9800454e-02   8.3779755e-02  -6.8802859e-02   2.1177173e-01   1.9057074e-02  -1.2231992e-01  -1.7902079e-01   1.3974431e-01   8.2125101e-01  -9.7160603e-02   2.1524505e-03   2.7732224e-01  -2.8923298e-01  -1.0404233e-01  -1.8186846e-01  -2.4537966e-01  -2.8328799e-02  -1.3188481e-01   1.2147914e-01   2.8120608e-01   3.4582170e-01  -3.4669339e-01  -2.2796873e-01  -1.3408883e-03   1.9394972e-01  -8.6281850e-02  -2.5702680e-02   3.0624687e-02   6.5525940e-03   3.3637546e-01  -1.1090833e-02   2.9782985e-01   3.9391334e-03   1.6981615e-01  -6.5309141e-02   1.6467905e-01  -1.9601273e-01   5.3666221e-01   9.5797464e-02   3.6867687e-02  -2.5018012e-01   4.2609347e-01  -4.6906085e-02  -4.2349440e-02  -1.9623972e-01  -9.9397145e-02   1.7261700e-01   2.2558480e-01   1.5485077e-01  -1.8224749e-02  -8.4065798e-02  -1.4135856e-01   7.2880810e-01   6.2835169e-02  -9.4843983e-02  -3.4518106e-01  -3.7554646e-01   1.2579800e-01   3.4807123e-01  -1.2805519e-01   4.2867031e-02   7.9271843e-01   9.6066424e-02  -1.5177407e-01  -5.0717472e-02   2.1672821e-01  -5.2426899e-03  -8.9846631e-02   6.6613814e-01   3.9732793e-02  -3.2146843e-01  -1.3375225e-01  -2.7571815e-02  -8.9775837e-02   7.5117267e-02   2.1046914e-02   1.9147815e-01  -2.5035628e-02  -3.7951978e-01  -2.1499921e-01  -1.5537974e-01  -1.0302747e-01  -1.2832386e-01   8.2407922e-01   3.2327566e-01  -1.3115671e-01   6.3135442e-01   1.5859674e-01  -1.0867807e-01  -1.2287499e-01  -1.5100205e-01  -1.7957616e-01   1.7777342e-01   1.1245307e-01  -1.4446703e-01  -1.6613365e-01  -9.9774371e-02   4.2904022e-02   2.2166002e-01   1.8830581e-02  -1.8833739e-01  -1.0058730e-01   3.5738951e-01  -1.7351361e-01  -3.8158229e-02  -1.3302102e-01  -4.4569965e-03  -3.1817918e-01  -6.5177549e-02   4.8720167e-02   3.4339135e-01  -2.0383181e-01   1.2745149e-01   4.0437297e-02  -1.5003451e-01  -2.8592177e-01   3.9838666e-01  -1.2242759e-01  -3.0329077e-01   3.6006633e-02   1.3322597e-03   6.1102442e-01  -2.2326903e-02  -1.1653587e-01   1.5432214e-01  -2.0895062e-01  -5.8928141e-02  -1.3016350e-01   1.0864599e-01  -6.3762877e-02  -9.4741931e-02  -1.0839317e-01  -1.0280820e-01   3.4946144e-02  -2.5570747e-03   4.8923752e-01  -8.6964403e-02  -3.1788426e-01   3.9262881e-01   9.0705347e-02   2.1787003e-01  -1.5589676e-01   1.1640465e-01  -2.1832210e-01   2.7639303e-01  -2.5783809e-01   3.5258408e-01  -4.3193234e-01   5.1816010e-01  -1.2628816e-01   7.9631893e-01  -1.8346942e-01  -2.1113373e-02   5.5534021e-03  -9.9210321e-02  -7.9771452e-02  -1.1312874e-02  -9.8991443e-02   6.4816111e-02   1.6839215e-01   3.5053800e-01   2.6855365e-02  -2.4503640e-01  -1.5920670e-01  -1.5172296e-01   6.0455189e-01   1.8565610e-01   1.2262108e-01  -4.6020227e-02
  -6.6315376e-02  -1.2143582e-02   4.5283090e-02   0.0000000e+00  -1.2549101e-01   4.7399301e-02  -1.7480810e-01   3.3805933e-01   4.3943495e-01  -4.1211239e-01   3.8524203e-01  -6.6862992e-02   1.4098681e-01   1.7923598e-02  -4.7267278e-02   2.4682942e-01   1.6003018e-02   3.2785021e-01  -5.6013848e-02   2.1820697e-02   3.4975558e-01   5.6143585e-01  -1.7456834e-01  -1.3353127e-01   5.9631560e-02   2.1594261e-01   1.9026888e-01  -3.3544491e-01   4.4896110e-02   2.8323795e-01   2.4292939e-01   6.7115874e-01   2.7610957e-02  -3.3915357e-01  -2.1680863e-01   1.5149243e-01   2.3898496e-02  -4.6367929e-02   4.6273581e-01  -9.0989897e-02   3.3894234e-01  -1.1410729e-01  -6.6892436e-02   2.3023469e-01   6.2604672e-02  -1.6832265e-01   4.1882907e-01  -1.1822545e-01   1.7811728e-01   2.4770253e-02   2.6435815e-01   3.7612087e-01  -9.9939648e-02   6.5274815e-02   1.5888700e-01   5.3334138e-02  -1.2723640e-01   6.4959335e-01   6.0724953e-01   3.3031937e-01  -9.6466165e-02   1.1259602e-02   4.1582286e-01   3.8592730e-01   1.7975724e-01  -2.1636517e-01   7.8448489e-02   2.7998325e-01   5.7789140e-01  -6.6618781e-02  -1.0530002e-01   4.8715957e-01   2.9265206e-01  -5.4204184e-02   1.5796757e-01   5.4097859e-01  -9.7450392e-02   2.9980677e-01  -6.5607862e-02   5.3726261e-01  -1.7365072e-01   2.2124753e-01  -9.6137357e-02   1.5822838e-01  -7.1167984e-02   5.0736580e-01   3.9486913e-01  -1.1912603e-01   4.4688493e-03  -1.1283367e-01  -7.4957801e-02  -4.2007062e-02  -3.2633481e-01   3.7781469e-01   2.7259480e-03  -1.5123358e-01   4.7790137e-01   2.9341533e-01   3.3496575e-01  -1.3339904e-01  -8.6862403e-02  -7.0509420e-02   3.9725420e-01   3.5223632e-01   6.5302136e-01   6.5861991e-01  -1.3360513e-01   4.2883388e-01   1.9453867e-01   2.9749373e-01  -1.8405046e-01   4.4805689e-01   7.0065030e-01   7.7626438e-02  -3.0155094e-01   2.8595868e-02   3.9050741e-01   1.2017292e-01  -2.2871132e-01   6.8108495e-01  -1.7839949e-01  -5.8248037e-02   1.1629152e-02   8.8507530e-02  -1.1811695e-01  -6.0397387e-02   5.2665367e-02   2.4324324e-01   7.7642533e-01  -7.3605074e-02   1.8047909e-01   8.9312056e-03   9.9178873e-02  -1.4996161e-02   5.8507492e-01   4.1411231e-01   2.2022483e-01  -2.6535217e-03   4.6890681e-01   1.3146853e-01   7.3753966e-03  -4.1700006e-02   4.5314866e-01  -1.8571791e-01   5.0246528e-02   5.1201117e-01  -2.5053568e-01  -1.5593814e-01  -1.7835723e-01   1.2416896e-01  -2.0406890e-01   1.5395195e-01  -2.1295566e-01   6.0283633e-02  -6.0574427e-02   7.9428022e-02  -6.3430566e-02   4.3678794e-01  -1.3755055e-01   8.7083944e-02   2.0225701e-01   5.0412487e-01  -2.5921995e-01   6.5544681e-01   6.6991320e-01  -3.7743935e-02   2.0135042e-01  -1.7241167e-01  -1.7724390e-01  -1.1594305e-01  -3.1732498e-01  -1.5475961e-01   4.6362079e-01   7.4255330e-02   1.6433908e-01   2.1483479e-01   6.4203863e-01
  -3.1656208e-01   3.3392369e-01  -4.2808047e-02  -1.2549101e-01   0.0000000e+00  -4.8670891e-03   2.0046934e-01   1.2663650e-01   2.0113481e-02   3.5975526e-02  -1.7821374e-02   2.0269969e-01   9.6440263e-02  -2.2327592e-01  -3.0622447e-01   9.6865316e-02   5.6788439e-02   1.8851518e-01   1.0602364e-01   6.4093235e-01  -6.8200967e-02  -1.0155349e-01  -1.8798884e-01  -1.3598049e-01  -1.6907901e-01   1.7344587e-01   4.3908867e-01  -4.7965267e-01   1.2398409e-02   3.0964253e-01  -2.3482495e-01   7.2751231e-02  -5.5449829e-03   2.3722548e-01   2.0561991e-01   6.3842597e-01   4.0524398e-01  -5.5511050e-02  -1.7030544e-02   3.9438626e-01   1.8134110e-01  -8.6962419e-02   2.7851725e-01   1.0624217e-02   3.5025565e-01  -2.7045346e-01   2.5697475e-01   2.3286785e-01   1.9430326e-01   1.4412439e-01   1.5801008e-01   2.8243866e-01   2.2855851e-01   1.5805174e-01  -3.0650829e-02  -1.3863345e-01  -1.4358360e-01  -5.5189345e-02   1.0860255e-01  -1.4415709e-01  -1.7227747e-01   1.4202147e-01   1.9432199e-01   4.4917783e-02   4.0307894e-01   1.2522071e-01   3.6496725e-01   1.3104618e-01   2.5937969e-01  -9.0862411e-02   3.6354054e-01   7.8317999e-02   1.2140951e-01  -3.2767775e-01  -4.1970134e-02  -1.8417259e-01  -1.6143674e-01   3.1881817e-01   5.7769645e-01   1.3252724e-01  -3.2836525e-01   2.3431186e-02   1.6937058e-01   2.8576604e-02  -2.9614236e-01  -1.4476029e-01   1.3035095e-01  -1.4360848e-01   2.6108549e-01  -2.6908340e-01   6.1729919e-01  -1.5913211e-01   2.8315859e-01   3.4588397e-01  -2.2015612e-01   7.2368517e-01  -9.4222846e-02   1.9931032e-01   3.0248912e-01   4.7425920e-02  -3.5976579e-01  -2.4854777e-01  -1.6710567e-01  -7.0111869e-02   5.1083826e-02   6.1541561e-02   1.6599361e-01   3.7541783e-01   1.5606812e-01   4.0010679e-02   1.8471799e-03  -9.8821619e-02  -1.2524239e-01  -2.0300123e-01  -2.8059869e-01   5.5701338e-01   2.4295084e-01   1.1958904e-01  -4.0809956e-01  -2.5707397e-02  -2.0717072e-01   7.1771671e-01   4.0859940e-01   3.3722836e-01  -2.7097143e-01  -2.5380482e-01   2.0947601e-01   1.1844739e-01  -2.2406155e-01  -3.8794505e-02   2.1383372e-02   8.8844847e-02  -2.4725187e-01   6.2018083e-03   2.1035476e-03   4.3187949e-02   2.4118511e-01  -2.3215820e-01  -1.1856575e-01  -4.8391795e-02  -7.6236594e-02  -2.2381873e-02   1.2094258e-01  -3.0165527e-01  -2.7842026e-01   8.8739994e-02   1.7424205e-01   2.5868772e-01   1.6257661e-01  -1.0162024e-01  -3.0173143e-01  -1.0433949e-01  -2.3646531e-01   2.2600174e-01   3.5270020e-01  -2.3513604e-02  -2.6883579e-01   5.4216797e-02  -1.4556464e-01  -1.9609557e-01   5.3179135e-03   1.7125417e-01   1.7873384e-01   1.2003109e-01   1.2369307e-01   3.3592853e-01   5.8496480e-02  -3.0847423e-01  -1.2332672e-01   5.0437969e-01   5.6107070e-01  -3.0268306e-01   3.1877025e-01  -1.8100345e-01  -2.6807609e-02  -1.0409681e-02  -1.7368673e-02
   2.2292612e-01   8.4131697e-02   5.7075777e-01   4.7399301e-02  -4.8670891e-03   0.0000000e+00   3.4728960e-03  -1.2004561e-01  -5.2176755e-02   1.4202748e-01  -1.3095992e-02   5.0393106e-01  -1.0049624e-01   7.8503087e-02  -2.1122078e-02   1.4934340e-01   4.4343472e-01   8.4629048e-02   2.7391798e-01   3.0477295e-01  -1.5224377e-01   1.2095977e-02  -2.6983065e-01  -1.8105615e-01  -5.7113143e-02   1.8419269e-02   1.4022462e-01   2.6502135e-01   1.8695978e-01  -1.1991357e-01  -9.5041636e-02  -1.2177710e-01   1.5299327e-02  -2.6625756e-02   5.5516241e-02   9.1748008e-02   2.7211189e-02   2.1744133e-01  -1.2285543e-01   2.5783207e-01  -1.2040607e-01   7.2289980e-02   1.0828635e-01   8.2895473e-02   2.3230088e-02   3.7700381e-01   2.7613927e-01   1.2610078e-01  -4.3282635e-01   9.8718239e-02   1.6781811e-01  -1.6125410e-01  -4.1790540e-01  -1.4982908e-01   7.9398745e-02   2.3322483e-01   5.2576640e-01  -5.4257458e-03   8.4186744e-04   5.2267852e-02   4.6256571e-01  -1.2343831e-01  -8.1204930e-02  -4.3838839e-01  -3.3991568e-01   3.5973692e-01   7.3327916e-01  -6.2426494e-02   5.9632309e-02   6.7777956e-01  -1.0339326e-01   1.0260498e-01  -1.0767970e-01   4.0444681e-01  -3.7570347e-02   6.1130099e-02   3.9340962e-01  -3.4073788e-02  -4.0983842e-01  -1.9519977e-01   2.0609492e-01  -2.0710115e-01  -1.5747367e-01   1.1400537e-01   1.1892360e-01  -1.7591878e-03  -2.7495100e-01  -1.3740879e-01   2.8354361e-02   8.5615932e-02  -3.0274392e-01   4.5989382e-01   4.1546638e-01  -1.2420821e-01   3.8618797e-01   1.5247323e-01   4.3548704e-02  -1.0031399e-01  -1.7198824e-01   6.3665644e-02   1.0252564e-01   2.7859100e-01   2.5732913e-01   2.0694887e-01  -5.1243841e-03  -3.5514304e-02   1.0176591e-01  -2.3596357e-03  -7.9024561e-02  -8.9059679e-02   1.3446874e-01   9.2033112e-02   4.9814478e-02  -6.7057821e-02  -4.2445344e-02  -3.7104828e-01  -8.4937000e-02  -1.1552644e-01   4.0455360e-01   2.6582688e-02   1.9929923e-01   9.6378790e-02  -7.9832514e-03  -3.7856524e-01   2.4630518e-01   8.2808628e-02  -2.3314231e-01  -1.6923208e-01   1.8273900e-02   5.4081677e-01  -1.0761977e-01  -3.4628750e-01   4.2797142e-01  -4.4281292e-01  -8.8439014e-02  -1.3124352e-01  -5.8223484e-02   4.6974383e-02  -8.3809627e-02  -7.2568871e-02   1.7284610e-02  -1.2636008e-01  -4.9466046e-02   5.9512979e-01  -4.9725824e-03  -2.3496615e-01   2.3447428e-01   1.7037263e-01   4.2690206e-01  -4.1689494e-01   2.0098231e-01  -1.9721158e-01   3.4212892e-01  -4.6431729e-01   1.5235674e-01  -3.8321048e-01   4.2227065e-01   4.4136633e-02   4.3623936e-01   3.1252166e-02  -3.9536458e-02   9.6039941e-03  -1.4920407e-01   4.2358508e-02   1.7057789e-02  -3.0202015e-01   7.3650021e-02   2.8720047e-01   3.4999562e-01   2.9558231e-02  -2.3754393e-01   4.7669517e-02  -5.7716908e-02   6.5734446e-01   9.8904977e-02   2.3397028e-02  -2.3506624e-02
  -2.2624643e-01   5.1668790e-01   3.2475480e-03  -1.7480810e-01   2.0046934e-01   3.4728960e-03   0.0000000e+00  -2.5974351e-01   3.7288811e-01   9.6483290e-03  -4.7139541e-01   2.0024137e-01  -3.9272223e-01  -1.8584469e-01   1.4522869e-01  -1.0476579e-01   1.1634944e-02  -4.2449374e-02  -2.6558044e-02   8.4293096e-02   1.8816129e-01  -3.6879939e-01   2.8791328e-01  -2.6262443e-01   6.9042849e-02  -2.8325655e-01   2.4835935e-01   2.0820003e-01   2.0299394e-01   2.4999872e-01   8.8780918e-03  -1.6634602e-01  -7.1924615e-02   6.4560308e-01   3.6205761e-01  -3.1630664e-02  -1.2565887e-02  -1.1878066e-01  -4.1301074e-01   3.9426437e-01  -3.1085114e-01  -8.1819788e-02   1.3673185e-01  -2.2871829e-01   1.3021725e-01  -3.0190781e-02  -3.6641565e-01   7.2693830e-01   5.8409566e-02  -1.4778935e-01  -2.1565868e-01  -8.9917823e-03   4.4242863e-01  -3.1396762e-01  -2.4136974e-02  -4.0106447e-01   1.6415411e-01  -2.6981121e-01  -3.0778403e-01  -3.9098221e-01  -2.0075562e-02   1.2078200e-01   5.4785194e-02  -2.3667421e-02   4.2585789e-01   5.9007341e-01   1.3908263e-01   2.8130257e-01  -2.6399461e-01   1.2980994e-01   4.9377120e-01  -2.6818185e-02  -1.3704259e-01  -2.4173212e-01  -1.3024142e-01  -1.0518621e-01  -1.1211110e-01  -1.6218483e-01   3.9208101e-01  -4.2204264e-01   2.3960660e-01   2.0122372e-01   5.1914147e-01  -3.6154635e-01  -2.0168297e-01  -1.2582962e-02  -1.0008869e-02  -2.4856339e-01   4.1032822e-01  -2.8682831e-01   2.7903123e-01  -1.4746798e-01   4.1624338e-01   2.2259298e-01   1.0021563e-01   9.0992809e-02  -2.3634922e-01   5.9150250e-02   7.4942612e-02  -3.6505373e-02  -3.6875045e-02  -2.0889172e-01  -2.0614697e-01  -1.7839501e-01  -2.7580489e-01  -1.1732708e-01  -6.0583636e-02  -1.6517563e-02   1.5343966e-01  -2.9445980e-01   4.9933050e-01  -3.4920125e-01  -6.6964869e-03  -9.0296071e-02   1.0121113e-01   2.6085389e-01  -1.6088285e-02   1.3027175e-02  -3.9227776e-02  -1.7009569e-01  -3.3209153e-01   9.5538712e-02   8.6281061e-02   4.8686168e-01  -2.7829261e-01  -3.1153091e-01   2.7348696e-01  -2.8257396e-01  -2.0556358e-01   2.5098054e-01  -1.5731226e-01   2.7255275e-01  -2.4193837e-01   3.2894674e-01  -1.8742060e-01  -1.2829060e-01  -1.6596760e-01   3.9712492e-01  -2.6582330e-01   2.6414975e-01  -1.0333515e-01  -2.8503100e-01  -3.8157184e-01  -4.7897941e-02   2.5469463e-01  -7.5841207e-02   6.1678335e-01  -4.5383459e-02  -1.4605405e-01   1.5960255e-01  -1.8826042e-01   8.1871976e-02  -2.9367199e-01  -7.5485891e-02   4.0663324e-01  -1.1985907e-01   3.4996812e-02  -2.1159869e-01  -1.3265048e-01  -1.0161944e-01   2.5977195e-01  -3.7750017e-01   4.3721529e-01  -2.3612713e-01  -2.0654438e-01   6.8085017e-01   1.1540952e-01  -3.1721275e-01  -2.1755709e-01   5.1724479e-01   4.2323548e-01  -1.5443927e-01  -4.4527684e-02   9.0538133e-03   1.2974139e-01  -4.3182321e-01  -3.4898948e-01
  -2.6483320e-01  -5.1626795e-02  -1.8432744e-01   3.3805933e-01   1.2663650e-01  -1.2004561e-01  -2.5974351e-01   0.0000000e+00   1.3602372e-01  -2.5901006e-01   3.5279577e-01  -7.8385570e-02   2.3203291e-01  -1.1630638e-01  -2.4948303e-01   1.3697290e-01  -2.4154279e-02   9.4451717e-02  -8.6047362e-02  -3.8944301e-02  -5.0760998e-02   4.8394733e-01  -2.5481042e-01  -9.7612895e-02   3.3337656e-02   5.3629113e-01   3.1513963e-01  -3.6801845e-01  -3.0022266e-01   2.4259108e-01  -6.9164489e-02   4.9686590e-01   6.4691227e-02  -1.4451953e-01  -5.8001438e-02   1.0970658e-01   2.2647634e-01  -2.8947865e-01   3.3768697e-01   5.3580636e-02   3.6485307e-01   4.8112704e-03   7.7666895e-02   5.1631524e-01   9.1077096e-02  -2.4347064e-01   1.7011599e-01  -1.5618524e-01   1.5320420e-01   1.3601307e-02   2.1474968e-01   7.2287557e-01   5.9942917e-03   1.8052783e-01  -5.5643114e-02   1.5079751e-01  -2.1826848e-01   5.2968219e-01   4.7956966e-01   2.9301143e-01  -3.3545488e-01  -1.7237275e-02   4.4149708e-01   3.6240393e-01   1.5980954e-01  -3.6126826e-01  -6.5102162e-02   1.0356528e-01   5.3975827e-01  -2.5565414e-01   3.6536444e-02   2.6088359e-01   1.7487467e-01  -1.7326018e-01   4.1478028e-02   2.7478451e-01  -2.4430983e-01   5.0888448e-01   1.6848956e-01   2.7889687e-01  -3.3024900e-01   6.3622963e-02  -2.6050972e-02   4.1424594e-01  -2.3024576e-01   3.5717102e-01   1.2582027e-01  -8.8341774e-02   2.4631305e-02  -1.2606611e-01   1.2828086e-01  -2.6233039e-01  -2.2930177e-01   3.9562168e-01  -1.9207915e-01   2.0522547e-01   2.2102905e-01   3.9423315e-01   1.9579273e-01   1.1344966e-02  -2.2522545e-01  -2.8738423e-02   7.2179816e-02   7.3718037e-02   5.1373328e-01   6.1923122e-01  -4.5541356e-02   4.8448014e-01   1.4969547e-01   3.0169898e-01  -2.9139594e-01   2.8446287e-01   2.2003861e-01  -3.0885058e-02  -2.8061045e-01   2.1068636e-01   4.6038623e-01   1.6838565e-01  -4.3442918e-01   2.7526344e-01  -1.6517021e-01   2.6125751e-01   2.2391108e-01   1.1086194e-01  -1.3800742e-01  -1.2666929e-01   8.0904916e-02   1.6670383e-01   4.3192770e-01  -2.3000180e-01  -3.7236644e-03  -1.3948677e-01  -5.3511467e-02  -6.3567769e-02   5.0659917e-01   5.3851217e-01   8.1395550e-02  -2.6674857e-01   3.9679015e-01   8.6921619e-02  -5.7150741e-03   1.7244146e-01   3.8736300e-01  -4.1630807e-01  -2.6503810e-01   3.9015549e-01  -3.1867193e-01   7.4444497e-02  -3.8776782e-02   5.4147009e-03  -2.2519015e-01  -6.6620008e-02  -2.1790466e-01   2.6452681e-01  -5.7201269e-03   9.4137717e-02  -2.0854275e-01   3.7706244e-01  -2.2180994e-01  -2.3895802e-02  -1.4539838e-02   5.8087832e-01  -1.8506785e-01   4.4256824e-01   5.4768739e-01  -1.0295721e-01  -3.3242056e-02  -1.1393188e-01  -1.7009627e-01   3.3569157e-02   1.8910715e-03  -2.1889915e-01   3.0195936e-01  -3.3236150e-01   1.1368739e-01   1.2412634e-01   5.2632930e-01
  -1.8610009e-01   3.5003884e-01  -8.9800454e-02   4.3943495e-01   2.0113481e-02  -5.2176755e-02   3.7288811e-01   1.3602372e-01   0.0000000e+00  -1.3994038e-01   2.0713491e-02   6.3731791e-02  -2.3813606e-01  -2.2763407e-01  -1.1418851e-01   4.7499047e-02  -2.9430204e-02   2.6956317e-01   4.6959875e-02   2.3273479e-02   2.2037546e-01   2.2824438e-01   4.6063657e-02  -2.4995816e-01   3.3002876e-01  -8.0299964e-02   3.5027443e-01  -1.0318946e-01   1.9531568e-01   4.6695656e-01   9.4064039e-02   2.8209525e-01  -2.1716539e-02   1.7106584e-01   2.4255738e-01   2.9444300e-02   7.0681031e-02  -1.7379309e-01   1.5825345e-02   2.5212962e-01  -2.7541259e-02   8.8047049e-03   3.4220646e-01   4.6532993e-02   1.3722965e-01  -2.1266562e-01   1.4157389e-02   3.9227724e-01   1.6715170e-01  -1.6969383e-01   1.2375942e-02   2.8419791e-01   3.3580657e-01  -1.7060808e-01   1.4176731e-01  -2.5960102e-01  -6.7348067e-02   1.9687686e-01   2.1690625e-01  -7.0355600e-02  -2.7955582e-01  -1.2214906e-01   6.1101872e-01   3.5671891e-01   4.3637683e-01   1.7504854e-01   1.0884654e-01   4.5791635e-01   2.3820738e-01  -5.1810700e-02   2.3636372e-01   1.8160790e-01  -4.9379637e-02  -2.6192166e-01   1.3214856e-01   3.4248974e-01  -2.8814950e-01   1.8220530e-01   2.1309469e-01   1.0501658e-01  -1.3114854e-01   8.4855990e-02   3.0998319e-01  -2.1006940e-01  -1.5333777e-01   3.4771355e-01   2.6068316e-01  -2.8549112e-01   3.3998646e-01  -2.3502800e-01   1.3803730e-01  -2.8107571e-01  -6.3414275e-04   5.8066503e-01  -5.3121599e-02  -5.8621239e-02   2.8719457e-01   3.8400318e-01   2.9064805e-01  -1.1961326e-01  -1.5922522e-01  -3.4352072e-01  -1.6125033e-04   1.2043223e-01   2.3203049e-01   3.9306888e-01  -1.1505744e-01   3.8555321e-01   3.6516956e-01   1.5471841e-01   1.2586340e-01  -8.7165594e-03   5.3399875e-01   6.5769562e-02  -1.6903575e-01   3.0110683e-01   3.7060128e-01  -1.4029641e-02  -2.5224106e-01   2.9019083e-01  -4.2200272e-01  -3.3941752e-03   2.4581096e-01   4.3361738e-01  -2.4792522e-01  -3.2121455e-01   1.2570012e-01   4.4053827e-02   4.5430688e-01   1.2517295e-01  -4.6140713e-03   7.0967420e-02  -9.3943509e-02   2.9436091e-01   4.3561986e-01   2.9534125e-01   5.6556745e-02   2.5883039e-01   9.4712001e-02   2.9490758e-01  -1.3485236e-01  -2.8963991e-01  -1.7009301e-02  -3.1440918e-01   1.5744860e-01   4.4576605e-01   1.3737618e-01   8.8440299e-02  -1.9582988e-01   2.3569275e-01  -3.7973346e-01   1.1438540e-01  -5.1719012e-01   3.1855656e-01   2.1064627e-01   2.4763469e-02  -1.6337410e-01   1.1399769e-01  -3.3080430e-01  -1.8103867e-01   4.0269238e-01   1.6224908e-02   1.5569735e-01   2.4353581e-01   3.3417359e-01   2.8812192e-01   1.9521877e-01  -3.9629677e-01  -4.0908769e-01   1.9721782e-01   1.1163907e-01  -1.6591493e-01   4.3320534e-01  -5.9148735e-03   2.8535859e-01  -2.0473295e-01   2.7802256e-01
   3.1609986e-01  -2.2429033e-01   8.3779755e-02  -4.1211239e-01   3.5975526e-02   1.4202748e-01   9.6483290e-03  -2.5901006e-01  -1.3994038e-01   0.0000000e+00  -1.7840348e-02   1.5982964e-01  -2.5014711e-01   2.8901989e-01   3.5382512e-01  -1.7217181e-01  -6.5507700e-02   1.0291081e-01   1.3084243e-01   1.6243792e-01  -1.8045275e-01  -8.8487258e-02   4.5013559e-01   2.8045229e-01  -2.0167377e-01  -4.0684236e-02  -2.8682756e-01   4.8689957e-01  -8.6980977e-02  -1.9858406e-01   9.1615234e-02  -3.7145503e-01  -1.3689084e-01   2.5564017e-01  -9.3857760e-02   1.0850200e-01  -1.4636961e-01   1.7253522e-01  -3.5199572e-01  -1.8239770e-01  -1.6284228e-01   2.9374368e-03  -8.5382531e-02  -6.3554841e-02  -9.8115430e-02   2.4739371e-01  -7.1275416e-02  -1.3224414e-01  -4.0496628e-01  -1.8430164e-01   3.3535387e-02  -2.3800517e-01  -2.9192913e-02   5.1697514e-02   1.5824606e-01   1.8578826e-01   9.2247787e-02  -2.0677833e-01  -2.4438157e-01   5.2538483e-02   1.5137035e-01  -2.0006247e-01  -4.1029382e-01  -2.6370895e-01  -3.2128665e-01   4.2863668e-01  -4.7503351e-02  -4.4479448e-01  -4.1257525e-01   8.5461927e-02  -2.8241907e-01  -2.5685458e-01  -2.8372573e-01   3.6812431e-01  -2.1940327e-01  -2.0350948e-01   1.5258072e-01  -2.7170898e-01  -2.7628937e-01  -4.3692361e-01   3.8394870e-01  -2.5655452e-01  -7.6446402e-02  -1.3268119e-01   3.0643463e-01  -1.8839102e-01  -1.6167039e-01   2.6915668e-01  -1.8762802e-01   3.6098632e-01  -2.2499095e-01   1.0767677e-01   3.1416396e-01  -3.0444551e-01   4.9385520e-02   4.9981800e-02  -3.1928637e-01  -1.5119308e-01  -4.2750163e-01   5.0244627e-01   2.7298361e-01   2.9728947e-01  -1.3019010e-01   1.6513983e-02  -2.8841120e-01  -4.1729679e-01  -4.6136403e-02  -3.4083658e-01  -6.4586511e-02  -9.1760346e-02   3.3228027e-01   4.7176021e-02  -4.3592394e-01  -1.2714925e-02   4.4025729e-01  -2.0271160e-01  -2.7150146e-01  -1.1750161e-01   4.6880461e-01  -2.8814577e-01   3.1006336e-01  -2.3807523e-02  -1.3652819e-01  -2.5506553e-01   2.8396803e-01   2.0360619e-01   6.6770245e-02  -4.3988975e-01  -2.3263917e-01   2.3682370e-02  -1.3130327e-01   2.7205580e-01   2.0056411e-01   7.5660601e-02  -1.3309308e-01  -2.8058682e-01  -2.0501602e-01   8.3119043e-02  -1.5768081e-01  -2.0213049e-01   1.3205991e-01  -3.0536708e-01  -2.0356849e-01   3.7766765e-01   4.0215886e-01  -1.1559575e-01   1.0195554e-01   2.2180194e-01   3.8490822e-01   1.4076599e-01   3.9470196e-01   6.1328886e-02   2.9470798e-01  -4.0380223e-02  -7.9393306e-02  -7.4393976e-02   1.6446621e-01  -9.3637773e-02   1.3909050e-01   1.9433193e-01  -2.6933885e-01  -2.8144132e-01   3.9586227e-01  -3.7971451e-01  -3.1209680e-01  -6.4875779e-02   2.2361937e-01   2.8895680e-01   3.2244746e-01  -1.0084638e-01   1.3630100e-01   2.3270043e-01  -2.9263670e-01   2.2715470e-01  -2.1307028e-01  -4.1384345e-01  -1.9773668e-01
  -5.4780287e-02  -4.4690127e-01  -6.8802859e-02   3.8524203e-01  -1.7821374e-02  -1.3095992e-02  -4.7139541e-01   3.5279577e-01   2.0713491e-02  -1.7840348e-02   0.0000000e+00  -1.0695039e-01   2.5559845e-01   6.3574117e-02   7.0730239e-02   3.5766672e-01  -9.7680568e-02   6.1665229e-01  -1.1920906e-02   6.2683004e-03   2.0710095e-01   4.0927706e-01   9.4912447e-03   2.1854125e-02  -1.8090352e-01   3.9209999e-01   1.3842236e-02  -2.5593546e-01  -1.7664355e-01   1.1219498e-01   2.7004223e-01   2.7494312e-01  -1.0491110e-01  -1.5523916e-01  -2.4555177e-01   4.4051632e-01   3.9550563e-02  -1.5510046e-01   4.7131557e-01  -2.9916594e-01   4.4068086e-01  -6.0361076e-02   1.0889654e-01   3.1292112e-01   2.7057870e-01   5.1584466e-02   7.2717590e-01  -4.3436043e-01  -6.0228237e-02  -1.9877576e-01   6.5697922e-01   2.0334529e-01  -6.7251836e-02   1.9653078e-01  -3.7243045e-02   3.4221212e-01  -8.8660456e-02   3.5914292e-01   5.7132776e-01   4.7329703e-01  -7.1179465e-02  -1.3562968e-01   1.3557012e-01   2.1822870e-01  -3.9790544e-02  -1.9349308e-01  -9.2358034e-02   1.2498014e-02   5.1696364e-01  -5.8642621e-02  -4.6780391e-01   5.1719010e-01   3.2367559e-01   1.3301928e-01  -2.7134183e-01   3.3727386e-01  -6.8428373e-02   1.9425294e-01  -2.9118007e-01   4.1699496e-01  -1.1853623e-01   7.4109094e-02  -3.3584858e-01   3.8143670e-01   1.0464522e-02   9.2753979e-02   2.2909649e-01   1.2785525e-01  -3.7835515e-01   3.4379196e-03  -3.3328038e-01  -2.5632078e-02  -3.3569013e-01   8.1034693e-02  -1.2014886e-01  -5.2066818e-02   2.9609132e-01  -2.8616151e-05   2.3405381e-01   2.5427372e-01   2.1242140e-03   3.3645983e-01   3.9762356e-01   3.2754076e-01   6.0184987e-01   3.2338046e-01  -5.2350199e-02   2.6878050e-01   9.5243752e-02   7.1778440e-01  -3.8764720e-01   5.8622689e-01   2.2772537e-01  -1.5284750e-01  -2.4706562e-01   1.3882661e-03   3.1928112e-01   6.4683692e-02  -9.5259292e-02   4.1548950e-01   5.1834702e-02  -1.0838034e-01   2.0053525e-01  -1.4641656e-01   1.2237623e-02   1.4968285e-01   1.6932164e-02   1.7118912e-01   4.0965518e-01  -1.3384144e-01   2.2756130e-01   1.1917386e-01   1.5740617e-01   5.1489907e-02   2.7234355e-01   1.9711202e-01   2.8263321e-01  -1.4006251e-01   2.8428317e-01  -3.7824553e-01   4.6634087e-03   8.6241721e-02   7.2128294e-01  -1.4668877e-01   2.1169166e-02   3.3374137e-01  -4.9952301e-01   1.5378850e-01   3.3402041e-01   1.9738432e-03  -1.0063606e-01   7.4081638e-02   8.1181861e-02   2.9043113e-01  -3.7067359e-01  -1.3707568e-01  -5.7395622e-02   5.6926695e-01  -6.1413324e-02   1.7232304e-01  -1.1836890e-01   7.4201757e-01  -2.1484035e-01   6.3337087e-01   3.5921354e-01  -3.7420059e-01   2.9012085e-01   2.9108124e-02   9.0919745e-02  -4.2608042e-01  -2.0240717e-01  -1.4641186e-01   5.3763660e-01   3.8985795e-02   1.2534880e-01   1.2643316e-01   4.6172128e-01
   1.2598003e-01   3.6624700e-01   2.1177173e-01  -6.6862992e-02   2.0269969e-01   5.0393106e-01   2.0024137e-01  -7.8385570e-02   6.3731791e-02   1.5982964e-01  -1.0695039e-01   0.0000000e+00  -3.7774996e-01   7.7513405e-02   1.6032394e-02  -3.5408546e-02   1.0573548e-01   1.9462352e-01   4.7296389e-01   3.4278014e-01  -1.1152799e-01   2.4254088e-02  -2.5391090e-01  -1.7328438e-01  -2.2102089e-01   5.8297134e-02   1.0005185e-01   4.1766220e-02   2.7352461e-01   2.3860703e-01  -2.4632940e-01  -9.2171353e-02  -2.1037270e-01   1.6811767e-01   2.9272253e-01   1.3508577e-01   2.0348178e-02   7.8836204e-02  -3.1792795e-01   2.2971529e-01  -2.1009732e-01  -4.1144154e-02   2.9894659e-01  -2.8662771e-01   2.1903386e-01   1.6123083e-01   1.5265397e-01   1.7620250e-01  -4.4745816e-01  -1.0133929e-01   1.4445929e-01  -1.8629732e-01  -3.3935683e-01  -1.4874288e-01   2.6277122e-01   1.2101935e-01   3.6545474e-01  -5.2549034e-02   2.7839997e-02  -3.5667403e-02   9.2892291e-02  -2.3970307e-01  -3.5212503e-02  -3.7359215e-01  -4.2272722e-02   4.0318322e-01   4.5792770e-01   9.7877074e-02  -1.2269929e-01   3.0861135e-01  -7.5354787e-03   7.0797449e-02  -1.4176809e-01   2.3003090e-01   4.6202775e-02  -4.5661911e-02   6.4868044e-02  -5.1824102e-02  -4.5082061e-02  -9.8156747e-02   1.4791127e-01  -3.0648216e-01  -8.1488058e-02   7.3421748e-02  -6.8590619e-02  -1.3115508e-01  -5.4482869e-02  -1.2206180e-01   2.0587869e-01   2.2309538e-02  -9.4219335e-02   6.0690110e-02   4.1026802e-01  -5.7029400e-02   4.3099067e-02   4.0611996e-01  -1.3627962e-02  -2.2822458e-01  -7.0100637e-02   2.5006968e-01  -3.4221352e-01   2.0798029e-01   1.4812946e-01   2.6878537e-01   9.2737605e-02  -8.8933389e-02  -4.9851580e-03  -5.8413743e-02  -2.9101465e-02  -4.5225319e-02   1.0173644e-01   8.8345503e-02  -5.0166313e-02  -1.4156982e-01  -1.6973633e-01  -2.5916880e-02   9.6346401e-03  -2.4300118e-01   7.3944548e-02  -6.0707051e-03   4.2484347e-03   2.3923188e-01   1.8299701e-01  -4.4644676e-02  -1.1580514e-02  -3.0347678e-02   1.3717096e-01  -2.1990018e-01  -1.0284563e-01   3.5773592e-01  -1.8770311e-01  -3.7501112e-01   3.0340965e-01  -5.0007008e-01  -6.8883572e-02  -2.2497941e-01  -7.4390352e-02   1.7419591e-02  -2.0370713e-01   1.0473701e-02   7.4629549e-03  -1.7992934e-01  -1.0444959e-01   2.6725110e-01  -5.2510042e-02  -1.4900892e-01   2.1015749e-01   1.3801276e-01   2.7742798e-01  -3.8805637e-01   9.9471142e-03  -2.6477046e-01   1.0424630e-01  -4.8870598e-01   1.9448154e-01  -2.3941893e-01   5.6789398e-02   1.6119539e-01   5.4956396e-02  -9.5319274e-04   7.6815906e-03  -4.4661176e-02   7.2896832e-03   1.4424313e-01  -1.0087328e-01  -2.9471162e-02   6.1394108e-02   1.1737494e-01   1.1068012e-01   3.4695279e-02   1.6341279e-01   1.0757680e-01  -7.5741673e-03   3.7223569e-01   3.0276160e-01  -1.0590546e-01  -5.3155979e-02
  -3.3383467e-01  -1.6508408e-01   1.9057074e-02   1.4098681e-01   9.6440263e-02  -1.0049624e-01  -3.9272223e-01   2.3203291e-01  -2.3813606e-01  -2.5014711e-01   2.5559845e-01  -3.7774996e-01   0.0000000e+00  -3.0808774e-01  -3.3339604e-01   2.1902449e-01   2.1016881e-01   5.1383354e-02  -5.3262538e-02  -4.8913830e-03  -9.3368322e-02   1.9709649e-01  -1.8115147e-01  -2.7578783e-01   3.4737450e-02   1.6285741e-01   3.7521686e-02  -3.7513811e-01  -2.5893118e-01  -1.6149150e-01  -1.3419061e-01   2.4419564e-01   2.6861229e-01  -5.8804543e-02  -3.1577384e-01   2.9997274e-01   3.2681416e-01  -1.5183721e-01   5.8949415e-01  -5.1766313e-02   6.8892210e-01   1.2997806e-01  -1.9615879e-01   2.3850317e-01  -2.0854957e-02  -1.8650461e-01   2.6666038e-01  -1.9984107e-01   1.5305663e-01   2.5283152e-01   2.5938779e-01   1.7492843e-01   1.1185886e-01  -4.7706654e-02  -3.3765265e-01   5.9212546e-03  -1.8272717e-01   2.0364533e-01   1.5465031e-01  -1.1341867e-02  -1.2058538e-01  -6.9623716e-04   1.6852123e-01  -3.4587591e-02  -1.2540794e-01  -2.6800447e-01   3.3017850e-02  -1.7051608e-01   2.9136411e-01  -1.4721263e-01   3.3531538e-02   6.3265300e-02   4.7521300e-01  -2.9935213e-01   1.1462173e-01   6.1950203e-02  -9.5219690e-02   1.9734168e-01  -4.4007273e-02   3.6149083e-01  -3.2581136e-01   3.5532165e-01  -1.8033386e-01   2.0855639e-01  -3.0333781e-01   1.1581403e-01   5.7022326e-02  -2.0032914e-01  -2.4025037e-01  -2.9469993e-01   2.7357010e-02  -6.4983092e-02  -2.3746570e-01   4.7930288e-02  -9.4843617e-02   1.7316256e-01   1.1125224e-01  -6.3777060e-02   1.8959276e-01   6.0209522e-02  -1.3122569e-01  -2.0022753e-01  -4.8866327e-03  -1.3192390e-01   3.6852762e-01   3.0666989e-01  -5.4497410e-02   1.2253641e-01   5.4009552e-02   3.5542145e-01  -1.9201217e-01   6.5392174e-02  -1.2959892e-02  -2.2206000e-01  -3.9055084e-01   4.2697707e-02   1.0613105e-01   3.9427862e-01  -2.7899864e-01   7.5424554e-02  -1.5189862e-01   6.5844840e-02  -4.7057063e-02  -1.2512750e-01  -1.5243099e-01  -1.5397774e-01  -1.8718557e-01   4.5105510e-01   1.5082157e-01  -1.4444228e-01   5.9312992e-01  -2.3681710e-03  -2.1821896e-01   6.2013223e-02  -4.4592890e-02   1.5637494e-01   2.9648456e-01  -2.5028529e-01   1.3031353e-01  -2.1433003e-01  -3.2498074e-01   6.6719994e-01   3.9000599e-01  -2.2784346e-01  -3.4430344e-01  -6.2991688e-02  -1.4811335e-01   3.0349486e-01   1.6957521e-01   1.4219109e-01  -2.7934215e-01  -1.3498385e-01  -2.0787595e-01   1.2762319e-01  -1.3847571e-02  -4.1267440e-02  -1.3815043e-01   1.1448077e-01   6.0160524e-02  -2.0538628e-01  -6.0799838e-02   3.1916209e-01  -2.0986875e-01   2.6926233e-01   1.2211147e-01  -3.0719414e-01  -1.7777036e-01  -2.3346628e-01  -2.3856802e-01  -4.6057710e-02  -8.1354808e-02  -2.3287261e-02   1.9449478e-01  -1.4770483e-01   3.2457893e-02   3.6174175e-01   1.9733430e-01
   7.7713920e-01  -2.6087243e-01  -1.2231992e-01   1.7923598e-02  -2.2327592e-01   7.8503087e-02  -1.8584469e-01  -1.1630638e-01  -2.2763407e-01   2.8901989e-01   6.3574117e-02   7.7513405e-02  -3.0808774e-01   0.0000000e+00   6.7761673e-01  -1.8727959e-01  -4.6967951e-01   1.6657938e-01   5.0662150e-02  -2.0762390e-01   1.6975246e-01   1.9178418e-01   2.7951868e-01   7.0344465e-01  -8.6156488e-02   5.4664124e-02  -5.7903608e-01   3.8597076e-01  -4.8048388e-02  -1.1883348e-01   6.2103764e-01  -1.8536090e-01  -3.3599839e-01  -3.7165678e-01  -3.3703564e-01  -2.0018347e-01  -3.2235991e-01   2.1701330e-01  -1.5058864e-01  -6.2399673e-01  -1.4866370e-01  -2.4909259e-01  -2.5197184e-01  -8.6141555e-02   6.1538126e-02   1.3880170e-01  -1.2273903e-01  -4.0043077e-01  -1.9804253e-01  -3.7398598e-01   9.2099294e-02  -2.1401194e-01  -3.7532748e-01   2.9869453e-01   4.6721146e-01   4.6898369e-01   2.0092201e-01   5.9709396e-02   1.1042419e-01   6.5846615e-01   1.3272238e-01   1.4232222e-01  -5.4265024e-01   3.9366921e-02  -2.6559322e-01  -1.0522863e-01  -1.5314790e-01  -4.4078487e-01  -2.7721598e-01  -1.3507024e-01  -6.6239620e-01   1.0197933e-01  -1.7437159e-01   6.7442164e-01  -1.0769205e-01   2.6227508e-01   5.6974472e-02  -2.1928186e-01  -3.8677751e-01  -1.2137138e-01   6.4149834e-01  -3.0391126e-01  -1.3865182e-01   1.7418013e-02   6.7782320e-01  -1.5533580e-01   1.0139767e-01   7.6909404e-01  -2.7868797e-01   7.7599752e-01  -4.4412591e-01   7.5956040e-02  -2.0917174e-01  -3.8453930e-01  -8.6678988e-02  -3.1188512e-01   2.7158063e-02  -2.0441151e-01  -2.2044753e-01   9.7575520e-02   4.1133500e-01   6.1044865e-01   5.0786950e-01   5.8273077e-01  -1.0243087e-01  -2.9938345e-01  -9.5245001e-02  -4.0370815e-01  -1.8001244e-01  -2.4109005e-01  -3.9632521e-02   3.9748833e-01  -1.3990599e-01   4.6544646e-01   5.7805882e-01  -3.3848282e-01  -2.4659758e-01  -2.3784456e-01   5.6158887e-01   1.8238936e-01   5.0116805e-01  -3.4534175e-01  -3.3977523e-01  -3.1771604e-01   3.2553340e-01   8.3456413e-01   2.4978952e-01  -4.4297230e-01  -7.0628327e-03  -3.2210204e-01  -2.9841587e-01   2.4644585e-02   6.7330123e-01  -1.3980577e-01   2.9620094e-02   1.4086085e-01  -1.8502997e-01   2.5789291e-01   2.6512023e-01   1.1746177e-02   4.8626780e-01  -4.1885502e-01  -1.9448485e-01   4.5776998e-01   4.5156375e-01   1.3654549e-01  -4.2208162e-01  -4.9365505e-01  -1.6655380e-01  -9.5274675e-02   7.5507659e-01   5.3792559e-01   5.5460977e-01  -2.9266476e-01  -5.6982005e-01   2.2909987e-01   8.4449171e-02   4.9483743e-02  -5.2991284e-02   7.5711560e-01  -3.9656601e-01  -6.1700128e-02   8.6889015e-04  -6.1926928e-02  -4.4992201e-02  -2.1482166e-01   3.5453898e-01   6.3924199e-01   5.0230343e-01  -3.0964213e-01  -5.1307031e-01   1.6982008e-01  -4.0523967e-01   2.2352102e-01  -2.3519657e-01  -2.1369750e-01   1.0171878e-01
