   0.0000000e+00  -3.4431397e-01   3.4507101e-02  -2.2404321e-01  -2.3397243e-01  -1.5571297e-01   2.0030669e-01  -1.4976892e-01  -4.4831009e-01  -1.1411459e-01   6.3343062e-02  -2.0813067e-01  -1.9496619e-02   5.2362843e-01   2.0187182e-01   6.7987054e-02   2.1291319e-02   7.6135797e-03  -1.0468728e-01  -4.7086961e-02  -2.8557691e-02  -3.0741798e-01  -8.1579709e-02   7.0728939e-01  -1.7529617e-02  -1.3218764e-01  -1.5682432e-01   5.4177562e-01  -1.9790598e-01  -4.3872860e-01   1.9902733e-01  -8.5456369e-02   1.8632554e-01  -9.9394482e-03  -1.5759699e-01  -3.0529446e-02   3.1727872e-02   2.1915536e-01   4.8526873e-02  -2.2750028e-01   2.3867883e-02   1.9544642e-01  -2.2187492e-01   6.0767644e-03   1.3318118e-02   3.3985517e-01   1.2562378e-02  -6.0151120e-02   5.9428528e-02  -1.6197918e-01  -7.8159499e-03  -2.0927764e-01  -1.0961663e-01  -9.8756165e-02   2.1752788e-01  -3.7459324e-02   1.2876868e-01  -1.6059537e-01  -1.4126207e-01  -2.3681056e-01   2.3397347e-01  -2.1050769e-01  -2.1191079e-01   2.6744379e-03  -2.5943688e-01  -1.4713853e-01  -1.8338616e-01  -1.3649799e-01  -2.3583346e-01   2.1290287e-01  -9.3049788e-02  -1.3451437e-01  -1.8402248e-01   2.6484185e-01   9.0381686e-02  -4.7818381e-02   3.9642657e-01  -2.0709734e-01  -3.2424737e-01  -2.5527617e-01   1.8906637e-01  -1.4926175e-01   2.2932904e-01  -1.2989997e-01   6.8967817e-01   5.2853157e-03  -2.0284610e-01   3.8933757e-01   7.7705046e-02   8.0012234e-01  -2.9431401e-01   1.7427042e-01  -1.3014392e-01  -3.1264007e-01   1.7730498e-01  -1.8434426e-01  -7.8615691e-02  -4.2014755e-01  -1.7936059e-01   1.2726301e-01   3.1905720e-01   1.0805072e-01  -1.2532842e-01  -4.1187745e-01   2.0551382e-02  -2.2427250e-01   2.8591567e-01  -2.6941102e-01   1.8068705e-01   1.2068265e-02   7.6942069e-03   1.6103911e-03  -2.0429615e-01   6.2331546e-01   4.5860121e-01  -2.5227664e-01  -2.6310352e-01   1.0366517e-02   4.0412096e-01  -1.5579150e-01   4.6045188e-01  -3.5326029e-01  -1.4559838e-03  -1.7749853e-02   4.8460675e-01   7.9141850e-02  -1.1840304e-01  -1.3608671e-01  -2.2003715e-01   2.1826072e-01  -2.3983915e-02  -3.1007963e-02   2.3194408e-01  -1.6733853e-01  -2.9777853e-01  -2.1392949e-01  -5.1216774e-02  -2.9567054e-02  -1.8862392e-01   3.4504209e-01   7.3238964e-01  -8.0918221e-04  -7.6640679e-02   1.1145227e-01  -1.1866323e-01   1.2589860e-01  -3.8313478e-02  -2.3405657e-01   1.9597172e-02   1.3857076e-01   5.8511475e-01  -1.8034827e-01   2.6381399e-01  -1.4356107e-01  -3.7235230e-01   4.6976690e-01   4.9404997e-01  -3.3271574e-02   9.7410002e-02  -8.4722434e-02  -4.0177641e-03  -2.7758210e-02  -1.2123648e-01  -7.4599659e-02  -1.9092445e-01  -1.4876548e-01  -4.2374533e-02   3.1498648e-01   4.4178921e-01  -1.8235217e-01  -2.2744331e-01   1.1915999e-01  -3.1473348e-01   3.7016553e-01   2.1253074e-01   3.3325211e-02  -2.9322867e-01
  -3.4431397e-01   0.0000000e+00   7.8578594e-02  -4.8944805e-02   2.1178064e-01  -2.1019352e-01  -3.9862169e-01   3.2873231e-01   3.2191751e-01  -1.5818392e-02  -2.8150109e-01   7.1175882e-01  -2.5968450e-01  -1.6520824e-01  -1.0799742e-01  -3.2981876e-01   3.9405461e-02  -1.8275657e-01  -2.3419252e-01  -1.8917469e-01  -2.7190189e-01   1.0088737e-01  -2.9650073e-01  -2.8042361e-01  -2.3203203e-01   2.5832883e-01   2.0894400e-01  -3.6565250e-01   7.5329270e-02   4.5464381e-01  -3.0193056e-01   1.0391927e-01  -6.4558787e-02   1.6483237e-01  -1.8508418e-01  -3.9715561e-01  -1.6017701e-01  -1.8709362e-01  -3.0008406e-01   6.1876850e-01  -2.5692803e-01  -2.6486708e-01   2.2667937e-01  -1.0727794e-01  -2.8944004e-01  -3.6801907e-01  -4.8271115e-01   2.0983470e-01  -9.0962694e-03   6.5337357e-01  -2.4435873e-01   2.8359138e-01   4.0817049e-01   2.7320574e-01   5.9195596e-02  -9.2169385e-02   8.1808682e-02   1.6582635e-01  -8.9929462e-03   2.6845453e-01  -5.3436478e-01   1.1854844e-02   4.5577985e-01  -1.9582207e-01   3.2191100e-01  -4.0852621e-02  -2.2439288e-01  -1.2714694e-01   2.1787065e-01  -4.2297571e-01   6.6955969e-01  -4.2489225e-03   1.9398732e-02  -1.3639735e-01   2.7344527e-01   2.9099586e-01  -5.8974988e-01   7.9327505e-02   7.5249303e-01   1.9546538e-01  -2.9824692e-01   9.6189673e-02  -5.5013995e-01   2.6032373e-01  -4.6072994e-01   5.8305024e-02  -9.5976690e-02  -6.6846695e-02  -2.7416556e-02  -1.6722415e-01   5.6379719e-01  -5.2776822e-01   7.0251614e-01   1.9464079e-01  -2.6340448e-01   6.5934983e-01  -1.9429593e-01   2.3791805e-01   4.3095275e-02  -4.2869073e-01  -7.6000664e-02  -2.8287468e-01  -2.5038449e-01   2.9773209e-01  -2.5757559e-01   4.0188850e-01  -1.8292354e-02   2.6650885e-01   1.8312932e-02   4.5035696e-02  -3.8598163e-01  -3.3123575e-01   8.2318994e-03  -1.2708859e-01  -3.1206419e-01   6.7992364e-01   1.4850393e-01  -1.1324206e-01  -5.2251740e-01  -8.6764133e-02  -4.8829622e-01   5.7908540e-01   1.4937874e-01  -3.6224308e-02  -1.6997564e-01   2.2755746e-01   1.0693938e-01   2.3045253e-01   2.2618840e-01  -5.0827358e-01  -1.9387063e-01  -2.2826785e-01   8.5008033e-02   4.1233262e-01   1.5232707e-01   3.7775574e-01   4.3557119e-02  -2.0995627e-01   3.1788119e-01  -3.1761170e-01  -3.7793171e-01   2.3748334e-01  -2.6503935e-01  -5.4758655e-01   7.0501576e-02  -2.7809261e-01   2.7063970e-01   1.7640743e-01   2.2431842e-01  -4.4362938e-01  -3.2579727e-01   6.0619448e-02  -3.8618645e-01   5.5617161e-02   6.0176072e-01  -2.3044700e-01  -4.3526585e-01  -2.1854857e-01  -4.6761096e-01  -6.8582637e-02  -1.1550944e-01  -3.2768041e-01  -5.1884055e-02  -8.2770931e-02   1.1017049e-01   2.0283085e-01  -4.8622300e-01  -2.9986854e-01  -4.4216321e-01   7.8506672e-01   5.7639875e-01  -3.4939612e-01   2.2937576e-01  -6.2322094e-01  -5.8157510e-02  -6.2255294e-02   2.3961387e-01
   3.4507101e-02   7.8578594e-02   0.0000000e+00  -5.9057518e-02   3.2237926e-02   2.9549759e-01   1.1020429e-01   2.1078620e-01   2.0886670e-01   1.4346038e-01  -3.1931476e-02   2.6511182e-01  -4.9315499e-02   2.4604163e-01   1.3014662e-01  -3.0372843e-01   7.4061749e-01   1.3173992e-01   2.8335452e-01   1.2962273e-01  -3.3615140e-03   2.7650359e-01   2.2337478e-01   9.6632509e-02  -2.6065651e-02   2.9108897e-01   2.9869093e-01   1.6169325e-01   4.2260367e-02  -5.1208714e-03  -1.7836493e-01   2.9515068e-01  -6.3686781e-02  -5.7713848e-02   3.3989195e-01  -6.7413596e-02  -6.0840013e-02  -3.0001011e-01  -3.8704276e-01   2.3748073e-01  -2.7805671e-01  -3.5019384e-02   3.4920345e-01   2.5511115e-01   5.8296506e-02   2.4782194e-01  -6.3534159e-03  -1.9744158e-01  -2.9240174e-01   2.5355356e-01   1.0665704e-01   3.0071360e-01  -4.2039817e-01  -1.4505913e-01   1.9074222e-01   2.4993616e-01   3.4408157e-01   3.1853424e-01  -2.4363578e-01   4.2733335e-01  -1.9392564e-02   1.9002444e-01   1.2698243e-01  -4.4395432e-02  -1.8300620e-01   7.4407911e-02   2.0291881e-01  -1.5434453e-01   2.2500713e-01   6.2434025e-01   1.3974412e-01   2.6346463e-01  -3.9818028e-01   4.0003904e-01   7.1259427e-03   1.6314422e-01  -3.8006879e-02   1.2542015e-01  -9.6805061e-02  -2.1635823e-01   3.3533698e-01  -1.9768556e-01   1.6253700e-02   3.3220604e-01   1.9311692e-01   2.2698809e-01   1.4412805e-01   1.3210113e-01  -1.9226907e-02   4.1214862e-02   3.6906378e-02   2.5006978e-01   1.3739104e-01   2.8596415e-01  -3.8957367e-01  -5.5484967e-02  -4.1336216e-01   2.1914661e-01   4.0625496e-02   8.6939619e-02   2.8932925e-01   2.2388936e-01   2.3506521e-01   3.1844091e-01   3.4096725e-01   3.7836699e-01  -3.1078409e-02   1.9103004e-01  -2.0781651e-04  -3.1296406e-01   1.8624872e-01   2.0665325e-01   1.0043606e-01  -1.6040986e-01   3.6308062e-01  -1.4322949e-01   2.6016832e-01  -2.3162897e-01   3.0749011e-01   1.5102282e-01   2.4451305e-01   1.0734299e-01   1.3265514e-01  -1.4401410e-01   2.6700750e-01   2.8911378e-01   1.9926596e-01  -1.9323045e-01   2.6635772e-01   4.4898674e-01  -3.8596247e-01  -2.3460277e-01   2.5508343e-01  -3.9490343e-01   2.9412706e-01   2.4359310e-01  -2.0627125e-01  -2.1575880e-03   2.0737072e-01  -3.5250609e-01  -7.3939235e-02   3.4746897e-02   7.3283535e-02   3.2263492e-01   1.2647136e-01   9.8093182e-03   3.2929811e-01  -9.0133550e-02   1.7330245e-01  -8.7517765e-02   2.6250767e-01   2.4959663e-01   1.1604853e-01  -9.9425702e-02   3.3754615e-01  -1.2150806e-01   7.3080207e-02  -3.5803209e-01   5.6784506e-02   2.9399699e-01  -9.5474365e-02  -2.1656275e-04   5.1846272e-02   2.8075496e-01   2.9335094e-01   1.9138356e-01   1.2459806e-01   2.3850779e-01   1.6853793e-01  -1.3145939e-01   9.7680004e-02  -2.8630380e-01   3.6818569e-02   1.7560355e-01   1.0779343e-01  -3.0072739e-01   1.8973138e-01
  -2.2404321e-01  -4.8944805e-02  -5.9057518e-02   0.0000000e+00  -7.2825551e-02   3.4419493e-01  -2.0226523e-02   3.1952314e-01   2.0218615e-01  -7.6498058e-02   3.9286395e-01   3.7624120e-02  -9.6808552e-02  -1.1264281e-02   3.6620867e-01   4.8058252e-02  -1.0462896e-01   2.5654235e-01   3.6070408e-01  -2.6318384e-01  -1.7424728e-02   3.8600374e-01   1.1073097e-01  -7.9389388e-02   3.0761383e-01   3.4633096e-01  -3.0417875e-02  -1.3737420e-02  -1.0135403e-01  -2.5319308e-02   6.1374226e-02   6.0145927e-01   4.2215892e-01  -1.5789479e-01   2.9073651e-01  -4.6106831e-02  -2.0454568e-01  -5.2650188e-01  -1.0651733e-01  -3.4921397e-01   2.5728179e-02   4.7224807e-01   3.2858153e-01   4.8437622e-01  -6.3203026e-04  -2.7469355e-01   3.4857750e-01  -2.7569507e-01   2.9201564e-01  -1.9831404e-01   2.9556377e-01   3.2933902e-01  -3.4035224e-01   3.1097638e-01   1.4290065e-01   4.2703462e-01   1.4047713e-01   3.8416408e-01   2.9365265e-01   3.9591135e-01  -1.6701968e-01  -1.6590617e-01   8.2864248e-02   3.2062703e-01   8.7431360e-02   6.0416300e-02   2.2589904e-01   1.7117091e-01   4.8044748e-01  -1.0528816e-01  -1.8987167e-01   1.2807343e-01  -3.4840356e-01   1.9470893e-01  -2.8968310e-02   2.7707848e-01   5.5516927e-02   3.8333798e-01   1.0769780e-02   2.0508102e-01   2.7857360e-01  -2.3135416e-01   1.4536898e-01   3.5538903e-01  -1.2550655e-01   4.1494335e-01   2.2181569e-01  -7.1400764e-03   1.3453817e-01  -1.5166536e-01  -2.1911336e-03   1.7937903e-01  -4.0376167e-02   3.5800143e-01  -3.9395636e-01  -1.0366040e-01   1.9026870e-01   3.3897969e-01   8.8242101e-02  -5.8079447e-02  -2.0218663e-01   2.9388259e-01   4.4290778e-01   2.5664296e-01   2.2898169e-01   4.3805497e-01   2.8048237e-01   4.4657379e-01   4.7601657e-02  -1.0386738e-01   2.1228146e-02   1.5399028e-01   2.3246585e-01  -1.4454616e-01  -2.4629293e-01   3.4479388e-02   3.0778414e-01  -2.9827517e-01  -1.1180487e-01   6.0237178e-01   2.4024583e-01  -7.5710878e-02   3.5629527e-01  -4.1362220e-02  -1.9099700e-01   1.4346089e-01   1.2504834e-01   2.5682366e-01   3.9815963e-01  -2.7076183e-01  -2.6833947e-02   4.2241295e-02   7.8713143e-02  -2.1393270e-01   3.6237883e-01   2.8125566e-01   2.6642464e-01  -6.9917725e-02   3.7436355e-01  -9.6230389e-02  -2.4632756e-01  -2.4420812e-01   5.3733151e-01  -5.8464219e-02   1.4001953e-01   3.6416460e-01  -6.1166506e-02   1.1362506e-01   9.3032205e-02   3.8885884e-02   1.3795984e-02   3.9352154e-01   2.1251661e-01   5.9927705e-02  -1.2196710e-01  -4.5689455e-02   1.9392670e-01   1.5636416e-01   1.7193469e-01   5.6756114e-01  -5.7816049e-02   5.2443237e-01   6.0910791e-02   1.5336392e-01   5.2279800e-01  -6.9352110e-03   1.9312074e-01   1.4004199e-01   1.7781092e-01  -1.5450361e-02   1.4650230e-01   8.5998214e-02   2.2741198e-01  -8.7147863e-02  -1.6235418e-01   4.4390544e-01   3.4739548e-01
  -2.3397243e-01   2.1178064e-01   3.2237926e-02  -7.2825551e-02   0.0000000e+00   6.9997706e-02   6.0427750e-02   1.9947518e-01  -1.3111179e-03   6.6007431e-01   4.2907949e-02   2.7102509e-01   2.2517027e-01  -2.6781913e-01   3.3969514e-02   2.7712210e-02   5.7883085e-02   9.2906430e-02  -5.3743863e-02   6.2088098e-01   2.5003246e-01   2.0664823e-02   2.8579182e-01  -2.2079284e-01  -1.2866712e-01   3.0607245e-02   4.2964788e-01  -3.7889167e-01   2.9420451e-02   3.0943965e-01   3.7257482e-02  -7.5388889e-02  -1.7443689e-01   1.3547008e-01   2.0670535e-02   5.6161921e-01   2.7119124e-01   6.2152436e-02  -2.1517627e-02   2.1945574e-01   1.0987554e-01  -2.4025659e-01   1.0711801e-02  -6.8216832e-02   1.6155909e-01  -5.9056771e-02   2.6901223e-01   2.9724125e-01  -5.9036180e-02   1.3888316e-01   3.8098727e-02   1.4977536e-01   1.2438331e-01  -2.3377000e-02   7.7399866e-03  -2.8197792e-02  -5.4956948e-02   3.0640617e-02   8.0593374e-03   8.0368700e-02  -5.6306862e-02   1.4267702e-01   4.4027483e-02   5.3560686e-02   2.5727559e-02   5.8634770e-01   1.9764994e-01  -4.6795351e-02   1.8585179e-01   7.9189025e-02   1.3028389e-01   1.0242159e-01   2.0777548e-01  -2.6131405e-01  -1.7095325e-01   6.9572196e-02  -1.8043482e-01   2.1179545e-01   5.3175072e-01   1.4577376e-01  -2.0073233e-01   2.7805591e-01  -7.1027013e-02   7.8049581e-02  -2.1220031e-01   1.7968461e-02   1.4166377e-01  -3.0250447e-01  -2.2578344e-01  -2.2408888e-01   6.4525149e-01  -3.6026543e-02   1.4348366e-01   6.7274128e-02  -1.5396790e-03   4.1023269e-01  -1.0358383e-01   1.2024666e-01   2.4710165e-01   3.7453005e-01  -1.6998696e-02   4.6762056e-02   5.9064668e-02   7.3036798e-02  -5.9477192e-02   1.2222399e-01  -1.3253432e-01   9.3594145e-02  -1.9450359e-01   2.8174529e-01   9.5260571e-02   1.2630068e-01  -8.9196021e-02  -1.4208770e-01  -2.6147343e-01   3.5206726e-01   9.9903517e-02   3.5244625e-01  -4.5254540e-02  -5.9105446e-02  -1.0684213e-01   6.1597411e-01  -1.2970767e-01   1.6621544e-01  -5.1547209e-02  -2.8149614e-01   3.2970258e-01  -2.6906478e-02  -1.7206734e-04   1.6145092e-01   1.0787618e-01   3.8010272e-01  -1.4868568e-01   2.5490442e-01  -3.1461951e-02   2.0990083e-01  -2.1369894e-01   7.4804517e-02   1.0073034e-01  -1.4453727e-01  -2.1296631e-01   1.3768518e-01  -6.3930164e-02  -1.9712483e-01   5.4937706e-02  -1.0227003e-01   1.4026856e-01   4.4102623e-01   1.7827341e-01   2.0258700e-01  -2.2915660e-01   9.0863062e-02  -1.2655368e-01   1.8294987e-01   1.4480473e-01   4.8134296e-03  -1.9977422e-01   2.3908837e-03  -5.6721170e-02  -4.7521836e-02   6.9935177e-02  -7.4076837e-02   6.6829466e-01   1.2384183e-01  -2.8545734e-02   4.7129982e-01   2.2620421e-01  -2.4177914e-01  -1.5143471e-01   2.5542145e-01   2.9932548e-01  -1.7742734e-01   2.4964928e-01  -1.9159633e-02  -1.7390226e-01  -2.8590954e-01   1.5093414e-01
  -1.5571297e-01  -2.1019352e-01   2.9549759e-01   3.4419493e-01   6.9997706e-02   0.0000000e+00  -1.3410877e-01   4.0968177e-01   3.7480029e-01   1.8805798e-01   4.6766887e-01  -4.6745038e-02  -7.5907047e-02   2.4309589e-01   2.9089420e-01  -2.0936401e-02   2.5462067e-01   3.7527249e-01   5.6877487e-01  -1.3794416e-01   1.1191487e-01   5.4927804e-01   2.5120252e-01   1.9199425e-02   8.1107200e-02   5.2514373e-01   8.5908193e-02   2.4285014e-01  -5.6161676e-02  -6.3861958e-02  -2.0469957e-02   5.9216199e-01   3.3110625e-01  -2.6593759e-01   3.9320604e-01   1.1101101e-01  -7.5717904e-02  -4.8883805e-01  -2.3757894e-01  -1.6933018e-01  -2.0821351e-01   2.5732655e-01   4.9637631e-01   5.5357422e-01  -7.8005084e-02  -8.9332066e-02   5.6573563e-01  -5.0546034e-01  -4.0333637e-01  -7.8839579e-02   2.3465581e-01   3.8506283e-01  -5.7550724e-01   2.3401826e-01   3.2314467e-01   6.3497906e-01   4.7870088e-01   5.1621777e-01  -8.8494208e-02   4.3191965e-01  -8.9041614e-02  -6.5983717e-03   3.3706472e-01   3.0329308e-01  -2.9631421e-01   1.9365788e-01   8.0480060e-01  -1.6896769e-01   7.1972151e-01   2.8898521e-01  -4.5678546e-01   2.3026214e-01  -2.9917350e-01   5.1233983e-01   1.8999280e-02   3.2007389e-01  -1.6549750e-01   5.0162094e-01  -1.4552910e-01  -2.6882878e-02   4.6468567e-01  -2.0880855e-01   2.0522584e-01   5.0290246e-01   1.4216821e-01   4.4726260e-01   1.4813417e-01   1.3970237e-01  -9.6113142e-02  -1.8658623e-02   9.1109853e-02   3.6982032e-01  -1.4287548e-01   5.0527532e-01  -4.6429880e-01  -1.8988134e-01  -3.2172580e-01   6.3802953e-01   8.6064053e-05   1.3763359e-01  -3.5439430e-02   5.0139400e-01   6.1346980e-01   5.2266219e-01   5.0865146e-01   5.2345719e-01   2.3485929e-01   6.3879895e-01  -1.1486385e-01  -3.2327896e-01   3.7273368e-02   3.5450385e-01   2.2000443e-01  -2.4292899e-01   3.7278311e-02  -2.6685853e-01   5.1597578e-01  -3.4016736e-01   3.3871548e-01   4.0553427e-01   3.3261102e-01   3.1067113e-02  -1.4159768e-01  -1.9390489e-01   1.4766742e-01   3.1734959e-01   9.6026007e-02   6.7321390e-02   5.3525810e-01   6.8301411e-02  -2.6425410e-01  -2.4315841e-01   2.7450307e-01  -5.0083170e-01   5.0967771e-01   4.8760075e-01   3.2446958e-02  -2.3482682e-01   4.5788972e-01  -2.2270221e-01  -1.9507854e-01   5.4581315e-03   6.3169265e-01   4.2927144e-01   7.7752555e-03   2.8269808e-01   1.1346694e-02   2.4360211e-01   1.7308117e-01   5.7549989e-02   2.5737701e-01   5.3381253e-01   4.9247678e-01   8.3624266e-02  -2.3650287e-02   2.4580006e-02   2.1657049e-01  -1.7107047e-01   2.8927368e-01   6.1135118e-01  -3.8552283e-01   5.0477939e-01   2.6825779e-01   3.6112843e-01   5.8480727e-01  -2.3148742e-01   2.3623680e-01   5.0707728e-01   4.2172638e-01  -3.0024662e-01   1.0311836e-01  -1.2009369e-01   1.2328547e-01   2.3850477e-01  -1.3676739e-01   2.6666879e-02   5.3893428e-01
   2.0030669e-01  -3.9862169e-01   1.1020429e-01  -2.0226523e-02   6.0427750e-02  -1.3410877e-01   0.0000000e+00  -3.1163577e-01  -3.0370682e-01   1.5829329e-01  -3.3695350e-02  -1.4020981e-01   5.6003023e-02  -2.0337387e-01   2.3929453e-01   1.6472525e-01  -1.4507755e-02   1.6158907e-01  -7.4239234e-02   4.5219183e-01   3.5359270e-01  -2.8549723e-01   5.2113670e-01  -1.1805199e-01   4.7372097e-02  -2.6429985e-01   2.5488024e-01   1.6541807e-01   7.6801669e-02  -4.6254422e-02   3.3579457e-01  -2.1124586e-01  -8.9697359e-02   4.6310383e-01   2.9761060e-01   4.3194665e-01  -1.4807854e-02   1.7998989e-01   9.7113692e-02  -2.1485966e-01   1.7757278e-01   6.4743621e-02  -1.0844209e-01  -1.3937648e-01   4.9305925e-01   2.7267339e-01   1.6862719e-01   4.5225888e-01   5.2305436e-02  -5.0597268e-01   2.0672027e-01  -2.4473030e-01   2.3490549e-02  -4.7639470e-01  -1.3733870e-01  -9.3205612e-02  -2.7665114e-01  -1.4651125e-01   6.0381587e-02  -2.3344175e-02   2.1394774e-01   2.9565545e-01  -4.8390159e-01   1.5327192e-01  -3.9263800e-02   3.7652126e-01  -1.7071377e-02   1.9635267e-01  -3.4103376e-01   3.9850458e-01   4.3797997e-02   1.4646213e-01   2.0726849e-03  -2.1693512e-01  -4.2064680e-01  -1.6232048e-01   3.0331055e-01  -2.1754658e-01  -2.7617582e-01  -2.8877289e-01   3.6293333e-01   8.7418320e-02   3.3070097e-01  -2.1336173e-01   1.5941076e-01   5.1177188e-03   3.3787762e-01  -3.6205053e-01  -6.1982169e-02  -3.8961165e-02  -1.7959232e-01   4.2017382e-02  -2.7813638e-01  -1.8049196e-01   1.8872262e-01  -4.4076989e-01   1.3545784e-01  -3.9514621e-01   2.1209905e-01   6.6209704e-01   1.1638588e-01   1.1569478e-01  -4.6322790e-03  -2.1441553e-01   1.5255347e-01  -4.1990790e-01  -1.3389146e-01  -3.7660588e-01   1.6813706e-01   1.4972291e-01   6.4649157e-01   2.0319809e-01  -1.2611790e-01  -2.0389203e-02   3.2260471e-01  -1.7556706e-01  -2.4180208e-01   1.8859299e-01   2.4491103e-01   2.3041476e-02   1.1780449e-01  -1.9548368e-01   6.9702446e-02   2.8885164e-01  -6.1688468e-02  -4.4358287e-01   2.3088253e-01  -4.1017401e-01  -3.3852095e-01   5.0797796e-01   2.5522585e-01   6.3608184e-01  -2.7109445e-01   1.6481710e-02  -2.8123428e-01  -3.0034543e-01  -2.5955452e-01   6.6187157e-01  -2.4513503e-01   2.3510021e-01   1.9172463e-01  -2.0598866e-01  -9.3031096e-02   2.1588264e-01   4.6648157e-01   2.2490724e-01   4.1857058e-01  -7.5337459e-02   9.4465295e-02   4.4310792e-01   3.2714696e-02  -1.4526568e-01  -1.2307396e-01  -7.5917106e-02  -4.1166531e-01   9.6656984e-02   1.1863068e-01   1.1619689e-01   2.7071112e-02  -2.1728848e-02   4.6766630e-01  -5.0108786e-02   8.3762875e-02   1.7396934e-02  -3.2831016e-01   3.8106611e-01   3.7449319e-01  -1.2134180e-01   1.1163040e-01  -4.2732042e-01  -1.2705597e-01   1.6616915e-01   2.6967810e-02   3.6352152e-01   7.9004025e-02  -1.4850627e-01  -2.9217548e-01
  -1.4976892e-01   3.2873231e-01   2.1078620e-01   3.1952314e-01   1.9947518e-01   4.0968177e-01  -3.1163577e-01   0.0000000e+00   2.9458614e-01   1.7859385e-01   4.6232251e-01   3.1887481e-01  -1.4189164e-01   1.7219295e-01   1.8653799e-01  -1.4288389e-01   5.4182873e-02   5.8967425e-02   4.3719333e-01  -1.7929170e-01  -3.9386782e-02   4.7402432e-01   6.4768840e-02  -9.7363029e-02   8.5217043e-03   7.7408931e-01   7.8501161e-02  -7.5916230e-03  -6.5754211e-02   5.9198477e-02   5.0771529e-03   5.8946382e-01   4.1469151e-01  -1.4142345e-01   2.3824726e-01  -2.0341713e-01  -9.4772698e-02  -6.3902041e-01  -2.3420797e-01  -5.8351170e-02  -1.1495784e-01   1.6182967e-01   5.9118382e-01   6.7288164e-01  -2.7493092e-01  -3.0215192e-01   8.9008088e-02  -2.4081957e-01  -5.1707805e-02   1.5440292e-01  -3.3264215e-02   8.9227190e-01  -2.4802944e-01   2.0973284e-01   2.8045664e-01   5.7884649e-01   4.5318330e-01   6.3528181e-01   7.7504365e-02   5.4139215e-01  -6.2433515e-01  -9.4290307e-02   3.4149370e-01   4.2390907e-01  -6.6783409e-02   9.2493072e-02   1.9887683e-01  -2.9353335e-01   6.9905436e-01  -1.3625048e-01   9.8133624e-02   8.4901874e-02  -2.6130284e-01   2.6611037e-01   1.2616626e-01   7.1591188e-01  -4.6271161e-01   7.0481298e-01   2.8377771e-01   1.5000031e-01   3.4351187e-01  -1.9060242e-01  -1.2786784e-02   8.1693391e-01  -6.1399109e-02   6.1082750e-01   7.3366396e-02   1.2627301e-01  -1.2245469e-02  -4.0958181e-02   4.0052533e-01  -2.7291481e-01   3.9197207e-01   5.8799312e-01  -6.9757626e-01   3.6346184e-01  -3.1857802e-01   7.7265018e-01  -1.2784776e-01  -1.5833756e-01   8.5592288e-02   5.0278980e-01   2.7316696e-01   4.7172654e-01   9.6018367e-02   6.8261789e-01   3.3889270e-01   8.4741307e-01  -1.9348907e-01  -6.1292467e-02   2.7947331e-02   3.7467913e-02   4.5661636e-02  -1.1546624e-01  -9.8688982e-02   2.3472915e-01   6.8659977e-01  -2.0814819e-01  -1.2106997e-01   1.6893198e-01   6.7064656e-02   3.7210789e-01   1.5347413e-01  -2.0654647e-01   5.1810082e-02   3.0892346e-01   1.3009630e-01   2.2528917e-01   6.1840339e-01  -3.1078324e-01  -2.7055411e-01  -1.9988628e-01   2.3751925e-01  -1.7348763e-01   3.9340252e-01   7.9531402e-01   1.4359058e-01  -2.7737707e-01   8.2824811e-01  -4.2490685e-01  -4.2966638e-01   4.3355778e-02   5.5024446e-01  -2.6822800e-01  -9.0229790e-02   2.4929172e-01   1.9559960e-01   3.0492263e-01   3.8204557e-01  -1.1798345e-01   9.0844492e-02   5.6243246e-01   8.6935210e-03   2.5215270e-01   2.2980503e-01  -1.4469360e-01  -6.5414028e-02  -2.2184352e-01  -2.9155800e-01   5.6238170e-01  -3.2281768e-01   4.6144000e-01   2.4797411e-01   1.5014369e-01   6.0694011e-01   4.6422462e-02   7.6155691e-02   1.2074082e-01   7.2233052e-03   4.0591029e-01   4.6405301e-01  -3.5002031e-01   1.7653630e-01  -3.2337739e-01  -1.2560957e-01   1.2464276e-02   6.8328202e-01
  -4.4831009e-01   3.2191751e-01   2.0886670e-01   2.0218615e-01  -1.3111179e-03   3.7480029e-01  -3.0370682e-01   2.9458614e-01   0.0000000e+00   5.1579562e-02   1.6497965e-01   1.4154882e-01  -1.4404703e-01   1.0615030e-01   4.9186034e-02  -4.7833584e-01   2.5823403e-01  -1.4343692e-01   2.1099936e-01  -1.8195600e-01  -6.7150751e-02   7.5478655e-01  -7.1891057e-02  -2.7279141e-01   5.8921322e-02   3.8223212e-01  -1.3550185e-01  -3.9453950e-01   2.0006506e-01   3.6187661e-01  -1.7581219e-01   3.4250824e-01  -8.5036171e-03  -9.2424350e-02   5.0239712e-01  -1.8476637e-01  -1.8823218e-01  -5.3024732e-01  -5.5493086e-01   2.3641846e-01  -3.5228125e-01  -7.1547833e-02   5.3414089e-01   1.7337453e-01   4.3864018e-02  -3.5090586e-01   4.1391868e-02  -3.4706564e-01  -9.4576148e-02   3.2259424e-01  -3.3121290e-01   3.0801048e-01  -1.2200321e-01   1.6232141e-01   1.4386485e-01   2.1403590e-01   8.8413121e-02   5.7497492e-01  -2.3468208e-01   6.3960026e-01  -2.8531506e-01  -1.3959574e-01   5.2642424e-01   2.3837835e-02   1.2868686e-01  -1.5016148e-01   2.1643664e-01   2.3426776e-02   4.4267095e-01  -1.2907749e-01  -4.1845591e-02   2.0197741e-01  -2.6151884e-01   2.6000836e-01   9.9012852e-03   3.0612039e-01  -4.3806355e-01   1.9589683e-01   5.4658475e-02   1.8218683e-04   1.3335723e-01  -2.7686047e-01  -2.3999368e-01   2.4310616e-01  -3.1513623e-01   9.4837966e-02   2.3463730e-01   1.6449017e-01  -3.9663781e-02  -3.1676129e-01   1.8839365e-01  -2.7359048e-02   1.3538577e-01   7.2388432e-01  -5.5254328e-01   2.3077522e-01  -2.0334604e-01   4.8583875e-01   5.6089650e-02  -2.1272708e-01  -1.1957617e-01  -1.6626319e-03   4.2777385e-01   8.0681902e-01   1.6718878e-01   4.9849143e-01  -1.4710073e-01   5.1545403e-01  -3.3727189e-01  -4.2333090e-01  -1.6018193e-01   2.6029233e-01   2.7336788e-01  -4.9491271e-01  -3.0105181e-01  -6.9735339e-02   3.3113700e-01  -3.5484375e-01  -3.9171608e-01   3.1453101e-01  -1.1073505e-01   1.5612602e-01   1.1312667e-01  -1.2653148e-01  -1.6594439e-01   5.1505597e-01   1.6732749e-02   2.9664795e-01   5.3523983e-01  -3.4109676e-01  -4.0184804e-01  -2.7384912e-01   3.5165402e-01  -1.1480679e-01   6.8953116e-01   3.8570934e-01   1.7070774e-01  -2.2240715e-01   3.7035150e-01  -3.8421863e-01  -4.2833692e-01  -1.1779954e-01   1.0820968e-01  -9.6474386e-02   2.2410579e-01  -1.1161566e-01   2.7621680e-02  -1.0178156e-01  -2.4262838e-02  -2.5953782e-01  -2.8126943e-01   4.1367021e-01   1.0002962e-01   1.3723755e-01   4.5835901e-01  -2.9112202e-01  -2.7308265e-01  -3.1965455e-01  -1.8217816e-02   3.6891178e-01  -1.8032938e-01   1.2272151e-01  -5.7368932e-02   5.5077973e-02   5.7489881e-01  -2.4424053e-01  -8.0163789e-02  -7.4481084e-02  -7.6040924e-02   8.5507075e-02   1.3127155e-01  -3.3734673e-01   2.7449876e-01  -2.9936659e-01   1.5615600e-02  -5.2354805e-02   6.2281685e-01
  -1.1411459e-01  -1.5818392e-02   1.4346038e-01  -7.6498058e-02   6.6007431e-01   1.8805798e-01   1.5829329e-01   1.7859385e-01   5.1579562e-02   0.0000000e+00   2.5272455e-01   1.1482048e-01   1.1691939e-01   2.9177842e-02   7.1729375e-02  -1.1065543e-01   2.3028805e-01   1.6986266e-01   2.1155549e-01   4.6182143e-01   4.4332734e-01   8.8027969e-02   5.2108776e-01  -1.2056300e-01  -7.2247276e-02   6.6421179e-02   1.3323226e-01  -1.2951535e-01  -1.1581053e-03   1.6727315e-01   1.4637286e-01   2.2899232e-02  -1.9413798e-01  -3.0505216e-04   1.8290811e-01   4.2818756e-01   4.7527812e-01  -1.4424781e-01  -1.6389754e-01   1.2056343e-01   3.5777924e-02  -1.9009490e-01   2.3138253e-01   1.5903667e-01  -5.4262129e-02   4.1163462e-02   3.4624561e-01   1.5765329e-01  -3.6691534e-01   1.0684677e-03   1.5011615e-01   1.6176299e-01  -8.0675057e-02   1.6273644e-02   1.3583506e-01   2.3071146e-01   8.8250525e-02   9.6671011e-02  -3.6775504e-02   1.7273740e-01   7.3040480e-02  -5.4403216e-02  -9.9367349e-02   2.5008067e-01  -2.5473699e-01   6.5561894e-01   3.2432207e-01  -2.8613421e-01   1.9583913e-01   2.6633357e-01   1.7191731e-03   5.6158131e-02  -2.5121527e-02   7.2424633e-02  -2.1634194e-01   8.5212776e-02  -2.0985003e-01   2.3655788e-01   2.0525430e-01  -1.0781251e-02   1.4164602e-01  -7.0132240e-02   2.0835321e-01   1.1512196e-01   1.1818426e-01   1.6795097e-01   1.7873394e-01  -4.6927742e-02  -2.6575280e-01  -1.1003044e-01   5.6854348e-01   7.3540223e-02   7.5579858e-02   1.8837787e-01  -1.0405911e-01   1.0372576e-01  -1.0535172e-01   1.3611941e-01   9.7639005e-02   5.7879676e-01   2.8205895e-01   2.6550105e-01   2.2688518e-01   1.6275731e-01   1.1021968e-01   1.0220833e-01  -6.8862316e-02   1.6377463e-01  -2.4912856e-01   2.3560781e-01   2.3362361e-01   2.8287722e-01  -1.8741093e-01  -3.0206252e-01   6.5383961e-02   6.7852423e-02   3.1176496e-01   4.7782281e-02   1.9942328e-01   6.7802994e-03   5.9895811e-02   3.7514880e-01  -1.4471218e-01   9.2922209e-02   6.8897738e-02  -2.3711535e-02   2.5733990e-01  -1.2653635e-01   4.9711630e-02   2.8955650e-01  -1.6603738e-01   2.2049781e-01   1.5057109e-01   4.7896557e-02   2.6711312e-02   1.5285574e-01  -1.9499153e-01   8.9570978e-02   1.5421719e-01  -1.9960575e-01  -1.6881577e-02  -8.9526058e-03   1.3879556e-01   1.5190836e-01  -1.5646031e-02   1.0392608e-01   2.8016602e-01   4.3294120e-01   3.2231751e-01   3.3228882e-01   8.7110581e-02   2.5172083e-01   6.6166313e-02   2.1251198e-01   1.2952275e-02  -3.0110739e-02   4.8870521e-03  -4.0713333e-02   1.0622195e-01   1.2586188e-01  -5.3944332e-02   6.0634344e-02   8.5036292e-01   1.4123276e-01   1.3235099e-02   2.4369764e-01   2.2878215e-01  -8.9717035e-02   1.1239026e-01   8.2479383e-02   2.6386403e-01  -1.8774324e-01   3.8162880e-02   3.0588198e-01  -3.6576273e-02  -2.4677529e-01   1.3874230e-01
   6.3343062e-02  -2.8150109e-01  -3.1931476e-02   3.9286395e-01   4.2907949e-02   4.6766887e-01  -3.3695350e-02   4.6232251e-01   1.6497965e-01   2.5272455e-01   0.0000000e+00  -3.0788545e-01  -1.0347219e-01   2.9994059e-01   4.5079466e-01  -2.4332287e-02   9.6063743e-03   2.6471450e-01   4.6137609e-01  -1.2800952e-01   4.2026077e-01   4.2652174e-01   3.4170729e-01   3.9092815e-02   1.1580247e-01   4.8116253e-01  -3.4716915e-01   1.9356119e-01  -1.2138023e-01   6.7900378e-02   4.4079660e-01   4.5209656e-01   1.6803767e-01  -3.5487921e-01   4.2235011e-01   1.7511795e-01  -3.3594418e-03  -5.6004459e-01  -1.7485473e-01  -4.1286269e-01   9.7857251e-02   1.2273859e-01   4.2863448e-01   6.6967691e-01  -1.2993734e-02  -2.0947980e-01   5.9812786e-01  -1.3121583e-01   2.1771289e-02  -3.4808181e-01   3.0747129e-01   4.5803568e-01  -3.5620007e-01   1.0398862e-01   1.8930252e-01   7.4959133e-01   2.9333257e-01   4.4279667e-01   3.1095839e-01   4.5793390e-01  -1.7460985e-01  -3.3393977e-01   1.0435264e-01   7.5686819e-01  -1.1672835e-01   2.3605618e-01   2.8240290e-01  -1.1298840e-01   4.4950380e-01   1.2276886e-01  -2.8970332e-01   1.8815225e-01  -1.5663507e-01   3.4938817e-01  -1.8577717e-01   2.7482028e-01  -1.3605485e-01   5.7287814e-01  -2.4318670e-01   1.1092375e-01   4.5596643e-01  -1.9163948e-01   5.9588153e-01   4.7156643e-01   3.0833302e-01   5.1669583e-01   2.0985235e-01   7.7145690e-02  -1.5037710e-02   1.7562279e-01   3.6072189e-02   1.3277099e-01  -1.5810805e-01   4.6732209e-01  -5.4222420e-01  -1.8466601e-01  -8.5703374e-02   3.8356834e-01   3.5752588e-02   2.0840529e-01   2.5431816e-01   7.0406919e-01   5.1895235e-01   3.6385710e-01   5.1139839e-01   3.0205636e-01   2.9094155e-01   4.7336086e-01  -2.5858499e-01   5.2432910e-03   2.7385065e-01   5.3368035e-01   1.4628332e-01  -2.1682049e-01   1.3770183e-01  -1.5337868e-01   5.8141216e-01  -4.5567691e-02   2.4164705e-01   2.9622496e-01   3.6950805e-01  -1.8970311e-01  -5.8313670e-02   1.0179853e-01   1.2422004e-01   1.6111567e-01   7.6020774e-02   1.9626793e-01   3.6034156e-01   9.6344602e-03  -1.6465606e-01   1.3332127e-01   3.1767142e-01  -2.7012663e-01   3.0973151e-01   2.8599292e-01   9.3391447e-02  -7.3433837e-03   4.1901277e-01  -3.4844385e-01  -1.0266649e-01  -2.0399635e-01   6.8625946e-01   2.1874180e-01  -1.0339737e-01   6.1991967e-01  -8.5499317e-02   1.7837481e-01   1.6677793e-01   4.0374531e-01   4.1814511e-01   5.1320856e-01   3.6592903e-01   3.9033910e-01  -1.4439475e-01  -1.4233485e-01   2.1581768e-01   2.6364490e-01   1.6751117e-01   5.9595030e-01  -2.6320979e-01   7.6590088e-01   3.9503626e-01   2.3458157e-01   5.1791746e-01  -2.3270931e-01   4.7442851e-01   2.8696719e-01   4.1532093e-01  -9.3912290e-02  -1.0212228e-01  -1.7069490e-01   1.9459447e-01   1.7668506e-01   9.5026814e-03   1.4093763e-01   4.3984232e-01
  -2.0813067e-01   7.1175882e-01   2.6511182e-01   3.7624120e-02   2.7102509e-01  -4.6745038e-02  -1.4020981e-01   3.1887481e-01   1.4154882e-01   1.1482048e-01  -3.0788545e-01   0.0000000e+00  -8.5979294e-02  -1.6864248e-01  -2.2317230e-02  -4.7925516e-02   4.0252041e-02  -2.2210640e-01  -9.7713963e-02  -1.6399164e-02  -3.4671007e-01   5.7386102e-02  -1.0869260e-01  -2.0883411e-01  -5.5576434e-02   3.2764273e-01   4.2060556e-01  -1.5958942e-01  -9.5789790e-03   7.1125838e-02  -3.0314345e-01   1.9690213e-01   2.0895631e-01   4.0668803e-01  -1.6031200e-01  -3.4233060e-01  -1.4832314e-01  -1.3368185e-01  -1.5766339e-01   6.4444078e-01  -1.9317734e-01   5.3996693e-02   2.9912413e-01  -1.3551169e-03  -3.0151850e-01  -3.0426409e-01  -3.9872285e-01   2.9653327e-02  -1.8322743e-01   6.2528369e-01  -2.2797250e-01   2.8663566e-01   1.8652665e-01   2.4069575e-01   8.6620760e-02  -5.3731383e-02   8.3516850e-02   1.0245870e-01  -9.1752065e-02   3.0786091e-01  -4.3461796e-01   1.0776664e-01   2.5728236e-01  -2.2111699e-01   4.4699655e-02   7.3843146e-02  -3.2100675e-03  -7.8408180e-02   2.5139154e-01  -3.6326622e-01   6.1268792e-01  -8.5204491e-02  -1.9824007e-01  -3.4460360e-03   3.4458935e-01   2.5024462e-01  -4.0965624e-01   1.9154662e-01   7.1017665e-01   1.5923611e-01  -1.0533976e-01  -3.7365546e-02  -4.6087682e-01   3.0791680e-01  -3.5739045e-01   1.2438220e-01  -2.2294533e-01  -6.3647367e-02   3.4582637e-02  -1.6847970e-01   5.8380179e-01  -4.0394924e-01   8.0085807e-01   1.4166524e-01  -1.6551093e-01   6.5176079e-01  -1.7730457e-01   2.5512407e-01  -1.0637267e-01  -3.3271141e-01  -1.0336685e-01  -1.9784128e-01  -2.5241070e-01   1.4459606e-01  -3.1925241e-01   4.8064703e-01   1.8717909e-01   2.9005941e-01   1.5962864e-01   7.4158018e-02  -1.3833553e-01  -4.6309259e-01  -7.5731417e-02   5.0466157e-02  -1.3050992e-01   5.2210058e-01   1.5269085e-01  -1.0277753e-01  -3.3165139e-01   3.4973417e-02  -4.2597707e-01   7.1621933e-01   2.8822221e-01  -2.5541329e-01  -2.0884065e-01   2.3740118e-01   1.4589279e-01   1.4934991e-01   2.2810774e-01  -4.2493883e-01  -1.0472575e-01  -1.7757291e-01   4.4409553e-02   1.5824152e-01   1.0351173e-01   3.8290555e-01   1.4725971e-01  -2.1826566e-01   3.5765173e-01  -1.2478102e-01  -3.5692264e-01   1.1468285e-01  -1.0604082e-01  -3.8516842e-01   2.0246160e-01  -2.9682382e-01   5.8288487e-01   2.0286129e-01   4.6933771e-01  -5.1971166e-01  -2.1678924e-01   1.3145570e-01  -3.2995912e-01  -1.8753632e-03   5.9696764e-01  -7.3988260e-02  -3.4600523e-01  -3.5599518e-01  -3.9530759e-01  -1.2904900e-02  -3.3044704e-02  -1.8274047e-01  -1.6375461e-03  -1.2195454e-01   1.1366869e-01   3.9062981e-01  -3.3523672e-01  -4.2607834e-03  -3.4735923e-01   6.4829886e-01   7.0709702e-01  -1.9077094e-01   2.8958601e-02  -5.1707090e-01  -1.9586839e-01   6.1116010e-02   1.3749798e-01
  -1.9496619e-02  -2.5968450e-01  -4.9315499e-02  -9.6808552e-02   2.2517027e-01  -7.5907047e-02   5.6003023e-02  -1.4189164e-01  -1.4404703e-01   1.1691939e-01  -1.0347219e-01  -8.5979294e-02   0.0000000e+00  -2.5250464e-01  -1.9935325e-01   1.6336961e-01  -2.4304689e-02  -1.0427643e-01  -1.1522972e-01   3.6310813e-01  -1.1976791e-01  -2.3103834e-01   6.5847265e-02  -1.3682092e-01  -3.2773605e-04  -2.2915096e-01   1.7610645e-01  -1.7672867e-01   7.8728443e-02  -1.9503046e-01  -1.5676782e-01  -2.6136693e-01  -1.6425386e-01  -8.0817635e-03  -1.3387407e-01   4.0301316e-01   9.0030979e-02   1.3301182e-01   2.2562163e-01  -9.5934556e-03   3.9441316e-01  -7.0618594e-02  -2.5390707e-01  -2.0208356e-01   1.2019450e-01   1.9783183e-02   1.9262378e-01  -3.5459702e-02   1.1596082e-01  -4.2850666e-02   1.3258565e-01  -1.1922345e-01  -8.4886576e-02   6.2083642e-02  -1.9522368e-01  -2.8493654e-01  -2.6505611e-01  -2.9230725e-01   1.0665477e-02  -1.6042540e-01   7.5895890e-02   1.3348706e-01  -3.2680515e-01  -1.6740215e-01  -8.6291144e-02   2.2278120e-01   1.1786299e-01  -5.1928876e-02  -1.7992739e-01   3.0668150e-02  -1.5148353e-01  -1.9159373e-01   4.1996548e-01  -2.9350853e-01   2.0523359e-02  -2.2912141e-01   7.1740020e-03   3.2791324e-02  -9.6802583e-02   9.9979108e-02  -2.7593144e-01   3.3719340e-01  -5.8090320e-02  -2.9717763e-01  -1.5562202e-01  -3.6323989e-01  -7.7410671e-02  -1.5603413e-01  -2.2484076e-03  -1.2263648e-01  -9.5645881e-02  -3.6707940e-02  -1.6802951e-01  -1.0478262e-01   2.4393022e-01   1.8263296e-02   1.9842846e-01  -5.1239793e-02   1.2170710e-01   9.2829608e-03  -3.2298342e-01  -2.0787812e-01  -1.8705881e-01  -1.8699633e-01  -2.3486564e-01  -2.8722674e-01  -9.8300006e-02  -1.1745188e-01  -1.1698371e-01   2.3454941e-01   5.6148583e-02  -1.6165246e-01  -2.7573043e-01  -3.8774897e-02  -2.1448631e-01  -2.4428384e-01  -1.6082646e-01   3.8446162e-01  -3.4417632e-02  -1.5088841e-01  -1.4899400e-01   1.5526384e-02  -1.1282168e-01  -8.3010953e-02  -6.6060285e-02  -2.7091022e-01  -2.3215484e-01   1.1545742e-01  -1.8624344e-01   1.4345143e-01   4.9297573e-01   1.4415426e-01  -3.4325275e-01  -4.0059799e-02  -1.1156899e-01  -1.2199186e-01   6.0911393e-02  -2.4208403e-02  -1.5596976e-01   1.4053335e-03  -4.8205787e-02   3.2157204e-01  -1.1898847e-02   3.1465455e-03  -2.6205816e-01  -3.3375265e-01  -1.8349290e-01   5.4581029e-02  -5.8048826e-03  -3.4270296e-02  -2.6157703e-01  -2.6569704e-01  -9.8416853e-02  -1.8011601e-02  -3.0471912e-02  -1.0965786e-01  -1.5281984e-01   1.4172368e-01  -4.7392083e-02  -3.0801917e-01  -1.5455220e-01  -3.3155092e-02   1.7321914e-01  -6.7570492e-02  -3.0507580e-01   6.6708837e-03   2.0146341e-01  -7.6419055e-02  -2.0934905e-01  -6.8362716e-02  -2.3227953e-01   1.3863532e-01  -1.6588496e-01  -2.8218296e-02  -1.1785352e-01   3.5758628e-02  -2.5865424e-01
   5.2362843e-01  -1.6520824e-01   2.4604163e-01  -1.1264281e-02  -2.6781913e-01   2.4309589e-01  -2.0337387e-01   1.7219295e-01   1.0615030e-01   2.9177842e-02   2.9994059e-01  -1.6864248e-01  -2.5250464e-01   0.0000000e+00   1.6827006e-01  -3.9977283e-01   1.6832526e-01   4.1800957e-02   2.0325101e-01  -3.1593725e-01  -4.8184739e-02   2.8172600e-01  -1.9327453e-01   6.2883986e-01   6.1971946e-02   1.5173311e-01  -3.1047149e-01   4.3267923e-01  -1.6415939e-01  -2.7331994e-01   1.6253919e-01   3.6358819e-01   2.4578222e-01  -4.0101784e-01   1.4306121e-01  -2.7257718e-01   6.9132846e-02  -3.4532023e-01  -4.5359976e-01  -1.6245984e-01  -3.4084628e-01   2.6736347e-01   2.4548302e-01   4.1031959e-01  -2.3459343e-01   4.2342238e-02   1.0425374e-01  -3.4776018e-01  -1.6173536e-01   2.5405410e-02  -1.5917226e-01   1.0940748e-01  -3.8818711e-01   8.3188953e-02   6.1386779e-01   3.2289411e-01   3.4259545e-01   3.2937404e-01  -2.3937938e-01   1.8429174e-01   1.1476443e-02  -3.4860982e-01   1.9314976e-01   1.0525822e-01  -3.2938124e-01  -2.1583333e-01   3.9959580e-02  -2.5313711e-01   2.5835611e-01   2.0395759e-01  -1.3263788e-01  -4.9662306e-02  -5.6397474e-01   6.7416334e-01   2.0353812e-01   1.3956869e-01   1.7819273e-01   1.0682143e-01  -3.0773743e-01  -2.0539519e-01   4.9559711e-01  -5.5052950e-01   1.8210210e-01   2.0430825e-01   6.2981900e-01   2.5688099e-01   4.9809467e-02   7.8028555e-01  -5.3364722e-02   6.2249766e-01  -2.5428730e-02   2.8945355e-01  -9.5450320e-02   1.9907124e-01  -3.5959057e-01  -1.1789215e-01  -2.0620557e-01   5.6262003e-02  -2.3858316e-01  -4.0169229e-02   3.9990189e-01   2.7465688e-01   4.0209925e-01   2.0108623e-01   3.0143753e-01   2.3299535e-01   3.9248372e-01   2.2459414e-01  -1.5874305e-01  -2.6183290e-01  -1.9016049e-01   3.6340703e-01  -1.1853597e-02   1.1796445e-01   3.3680378e-01  -2.0103972e-01   2.5124648e-01  -4.4931710e-01   3.1052483e-01   2.2116773e-01   5.0854154e-01  -2.1698421e-01  -6.9100809e-02  -9.7305751e-02   3.8994923e-01   6.8642479e-01  -1.9842876e-01  -4.4013322e-02   2.5228778e-01   5.6205280e-02  -5.5235154e-01  -3.8560764e-01   6.0792668e-01  -3.2418997e-01   2.1398329e-01   1.5159984e-01   7.6484134e-02  -1.4930427e-01   1.2912972e-01  -1.4749584e-01   4.1990395e-01  -1.6588237e-01   1.4984423e-01   2.5689908e-01  -1.8735685e-01   3.5462142e-01  -5.0532233e-03  -1.3945326e-01  -2.1084608e-02   6.1622079e-02   6.3538545e-01   4.8980190e-01   4.5909778e-01  -6.2459642e-02  -7.7670980e-03   1.1604248e-01   5.2581658e-01  -2.1953226e-01   1.4177007e-01   3.9619891e-01  -2.9685577e-01   2.3013626e-01  -1.0747394e-02   8.8381141e-02   3.2847719e-01  -3.0610991e-01  -8.2569593e-02   4.6123237e-01   5.3227686e-01  -1.3423748e-01  -9.4983811e-02  -1.2067085e-01  -1.7980646e-01   2.9114028e-01   2.5710712e-01  -1.0112641e-01   1.8249650e-01
