   0.0000000e+00  -6.5618223e-02   1.4791059e-01  -1.1078524e-01   3.5759477e-01  -5.9542341e-02  -3.7513565e-01  -1.0082934e-02   2.7302763e-02   1.0576875e-01  -2.9859753e-01   3.5109768e-01  -6.7396974e-02   4.5070447e-01   5.6954522e-02  -2.6711142e-02  -9.2799654e-03  -4.2343195e-01   9.3051886e-02   3.4074284e-01  -6.3355470e-01  -6.3731121e-02  -5.2290453e-01   7.3147036e-01  -1.8832585e-01  -1.8515215e-02   3.3472526e-01   5.6567905e-01   6.5122451e-02  -2.1255681e-01  -5.7854533e-01  -3.1910379e-01  -1.7675936e-02   1.7140877e-01   9.3463744e-02   1.2529328e-01  -1.7348724e-01   3.1172530e-01  -3.4797250e-01   4.8976529e-02  -1.4858150e-01   2.0084505e-01   1.7210941e-01  -4.2796684e-01  -2.2055749e-02   4.8259952e-01  -6.9176803e-02  -5.5663508e-01  -4.2563827e-01  -4.2166866e-02  -3.0915152e-01  -2.6588924e-02   9.7153871e-02  -8.6961503e-02  -3.0899057e-01  -3.5186146e-01   3.6787789e-02   1.6112226e-01  -2.4478220e-01   1.4519308e-01   2.1913430e-02  -5.0145309e-02   2.3431564e-01  -2.3902556e-01   1.4883424e-01  -1.7157238e-01  -1.6856142e-01  -1.1321303e-02  -2.2040237e-01   1.7085441e-01  -3.5428673e-01  -8.6755524e-02  -4.2030991e-03   1.2750761e-01  -3.8756548e-03   1.4319233e-02   1.7494093e-01  -9.0528199e-04   5.1640482e-01  -4.6713701e-01  -3.3363282e-01  -1.8510023e-01  -4.9305157e-01  -4.0581423e-03  -1.2793981e-01   1.1878934e-01   1.9673985e-01   2.5875558e-01   1.6119634e-01   7.8598766e-01   3.8127676e-01   9.0828190e-02   5.4054054e-02   1.0810779e-01   4.6398489e-01   2.9594223e-01  -2.4829460e-01   7.4932449e-02  -5.7153711e-02  -1.3268224e-01  -3.2513936e-02   9.0226031e-02  -4.8633986e-01   1.4974151e-01  -3.0094638e-01  -2.7962247e-02  -4.4190518e-02  -2.4584800e-01  -7.8694444e-02  -4.6969607e-02  -1.8552773e-01  -3.2139910e-02  -5.6155365e-02   8.0040986e-01  -7.3501336e-02   2.1598060e-01  -1.1337254e-01  -7.4954518e-02  -2.0857801e-01  -8.3424145e-02   3.0901476e-01   4.4820384e-01   2.0765392e-01  -2.1930036e-01   6.3223917e-01   1.9872048e-01  -3.4035249e-01  -1.0548859e-01  -2.5572788e-03  -1.6730189e-01   7.4982334e-02  -5.1824820e-01  -4.1744069e-02  -6.6961321e-01   4.8091692e-02   1.8144950e-02  -1.7678571e-01  -1.4654117e-01   3.2917912e-02   6.3050837e-01   7.0413589e-01   1.1521122e-01   3.7786346e-02  -3.6945466e-02  -5.3690712e-01  -4.3939905e-01  -8.0005845e-02   1.4676557e-01   1.8259277e-02  -3.8836856e-01   4.9165548e-01  -1.9646356e-01   3.3166170e-01   6.2290321e-02   2.6166530e-01   6.3784850e-01   3.6288957e-01  -2.4475291e-01   4.0749867e-02  -4.8996184e-01  -2.2468485e-02  -1.8408254e-01  -5.6446849e-01  -4.1297392e-02   3.1235903e-02   3.5736884e-01   3.8051636e-03  -3.3316798e-02   3.0715086e-01   1.0313300e-01   3.9489202e-01   3.0404891e-01  -2.2381389e-01  -1.7823000e-01   3.1946441e-02  -5.0693263e-03   1.0876479e-01
  -6.5618223e-02   0.0000000e+00   3.9477634e-02  -4.5835121e-01   2.2120837e-01  -3.9498985e-01   3.6337419e-01  -4.1174507e-01  -3.5700710e-01   1.4592306e-01  -2.1503530e-01   3.2093163e-01   3.7106522e-02   1.7206220e-01   2.2147474e-01   6.8155919e-03   4.9514970e-02   2.2249010e-01  -7.9257070e-02  -8.0707642e-02  -8.6094888e-02  -3.4261748e-01  -2.1481266e-02  -2.4136756e-01  -6.9792761e-02  -1.7872677e-01  -5.6246015e-02  -1.5590891e-01  -2.1737083e-02   2.3028847e-01  -4.3802574e-02  -3.3741740e-01  -1.6770310e-01   2.4306702e-01  -3.1171146e-02   5.1780757e-02   9.6500562e-02  -1.3049669e-01   1.0146545e-01   7.6823022e-02  -3.1665355e-03  -2.6094043e-01   1.2816723e-01  -1.0058503e-01   5.1161912e-02   1.1029291e-02  -3.8690513e-01   1.6268618e-01  -2.2421912e-02   1.7142008e-01  -1.8598368e-01  -3.3637291e-01   3.9642594e-01  -1.8569240e-01  -2.2788266e-01  -9.5385425e-03  -1.4270442e-01  -3.8190739e-01  -1.1743117e-01  -1.7624258e-01  -1.3385534e-01   4.9533009e-02  -5.2957187e-02   3.0078035e-01   3.7418797e-01  -7.7247918e-03  -4.1052010e-01  -1.7637637e-01  -5.5451307e-01   3.4105124e-02   4.3381345e-01  -5.1232709e-01   1.8977526e-01  -6.7358346e-02   8.4712331e-02  -8.8786005e-02  -4.2511088e-02  -1.7771791e-01   1.7426004e-01   2.7963456e-02  -1.2585992e-01   7.1852158e-03   2.5564985e-01  -2.0766329e-01   2.0631769e-01  -2.3784479e-01   5.3732974e-01  -8.5592062e-02   6.0510196e-02  -1.5453623e-01   2.5867424e-01  -1.5184456e-01   2.1398023e-01  -3.2930138e-01  -1.2566433e-01  -6.1814491e-02  -9.6309838e-03  -2.2142628e-01   1.9609493e-01   2.1962959e-01   2.0422213e-01  -9.7864705e-02  -2.2871256e-01   7.4614560e-02  -2.2858717e-01  -2.7087643e-01  -2.5086516e-01  -3.7423173e-01  -2.4125015e-01   1.5452768e-01   4.0020311e-01  -2.1946989e-01  -5.5106076e-01  -1.6326196e-01   9.0007450e-02   3.4027708e-01  -1.5475547e-01   1.7639004e-01   3.4569450e-02  -4.9623641e-01  -1.6389764e-01   2.0026819e-01  -1.2274654e-01   6.1602935e-01  -2.8830328e-01  -9.3874170e-02   3.1839518e-01  -7.2451953e-02  -4.7523283e-01   2.5294006e-01  -4.3018167e-02   2.0645807e-01   3.4285325e-01   1.3418843e-01  -5.4463826e-01  -3.0786874e-01  -3.2044773e-01  -1.2017880e-01  -5.0744690e-01  -1.2939212e-01   5.1732041e-02  -1.0756988e-01  -2.1992386e-01  -6.6035794e-02   2.3638930e-02   1.2317410e-01   3.1306519e-01   2.6635249e-01  -2.9970564e-02   1.6824182e-01  -7.8938470e-02  -3.6343822e-01  -1.7602424e-01   2.7706040e-01   3.6820436e-01  -1.0157492e-01   5.4854056e-02  -2.0204804e-01  -1.3222987e-01  -8.2750459e-02  -3.1720949e-01  -6.2484566e-02   5.8039794e-02  -1.5221386e-01  -2.1165439e-01   3.1242331e-01   4.3165806e-01  -3.6752226e-01  -5.9298713e-02   2.1599572e-01   2.5666109e-01  -3.7213233e-02  -3.8735527e-01  -1.6634539e-01  -1.7347521e-01   8.1761813e-02  -9.0047213e-02
   1.4791059e-01   3.9477634e-02   0.0000000e+00  -3.4337447e-01   1.0494829e-01  -2.5719320e-01  -1.0788700e-01  -3.1227218e-02   3.4289253e-02   9.3218450e-02  -7.3496496e-02   4.9929795e-01   2.3031613e-01  -9.6763027e-02   4.9590975e-02   1.8211588e-01   8.1328589e-01  -2.5373683e-01   1.3938208e-02   3.9941325e-01  -4.1475563e-01  -4.7707312e-01  -5.2800163e-01   1.0792505e-02  -1.3571576e-01   1.2447905e-03   5.5531055e-02   5.1944454e-02  -3.5544462e-02  -4.4738899e-01  -1.9597561e-02  -2.8452350e-02   2.2122858e-01  -2.0813607e-03  -2.2611497e-02  -1.6352981e-04  -2.4739861e-01   3.5461909e-02   6.4539168e-02   2.6436443e-01   1.1551084e-01   2.8230183e-01   4.0187686e-01   1.1705299e-01  -3.4852918e-01   4.0661760e-01  -1.4793434e-01  -1.1082356e-01  -1.8821254e-01   5.0982552e-01  -2.0623561e-01   3.0199547e-02  -1.4763798e-01   2.0927479e-01   3.0153818e-02  -1.1186293e-01  -5.7803342e-02  -4.8712187e-02  -2.2729190e-01   1.6657535e-01   3.7493667e-01  -2.2755271e-01   2.1898800e-01  -2.7798235e-01  -3.7373477e-01  -4.1564943e-01  -2.3426052e-01   1.6149366e-01  -2.2036406e-01   6.5256792e-01   1.3240749e-01  -3.6413965e-01  -2.8470344e-02   5.5951240e-01   1.3268964e-01   2.6969474e-02   7.0962962e-02  -1.7364649e-01   2.2198355e-02   3.7446709e-02  -3.6129661e-01  -9.2170584e-02   1.2892641e-01   4.0579199e-03   4.9557488e-01   3.0393938e-02  -9.6633228e-02  -8.4477636e-02   4.4651287e-01   1.1440861e-01  -4.2886861e-03   6.0967422e-01   5.1932108e-01  -1.0075682e-01  -2.2925523e-02   5.4254953e-01  -4.6239101e-02  -2.2362333e-02  -1.1101240e-01  -3.5997161e-01   3.0522217e-01  -1.4061095e-01  -3.7522590e-01  -5.1319618e-02  -5.2512740e-01   9.6436640e-02   3.1767690e-01  -2.3528618e-01   8.8603137e-03  -2.1778121e-01   1.7049409e-01  -4.8996416e-01  -1.6657027e-01   5.0229658e-02   2.8430220e-01  -2.3234634e-01  -2.1547612e-01   1.9459666e-01   9.5466079e-02  -4.2927139e-01   7.8081581e-02   1.4932168e-01   2.9354682e-01   7.9163868e-02   3.2760022e-02  -5.4206177e-02   1.4190516e-02   1.0887490e-01  -8.8978568e-02   5.9726661e-01   2.7533947e-01  -1.2946655e-01   1.4853422e-01  -1.9047264e-01  -1.9183496e-01  -1.1497390e-02  -7.3160350e-02  -2.3577456e-01  -1.2559737e-01   4.2490166e-02   8.5113138e-02   1.8239227e-02  -1.4679053e-01   4.8303633e-01  -1.2004868e-01  -2.1933043e-01   4.3250773e-01  -3.1905516e-01  -5.8584813e-02  -4.4343273e-01   3.6000222e-01  -1.3862085e-01   2.6862105e-01  -1.7925624e-01   5.6093043e-01  -2.1661150e-02   5.6578573e-02  -3.0815084e-01   5.9846844e-01  -4.5189663e-01   8.9102137e-02   5.0754087e-02  -2.7521719e-01  -3.7444775e-01   3.0202919e-03  -4.8673591e-02  -1.2667816e-01  -2.9524158e-01   1.9797955e-01   1.5289873e-01  -3.8774497e-02   1.3337687e-01  -2.3649661e-01  -6.9138096e-03  -1.8860381e-01  -1.9879576e-03  -1.7935597e-01
  -1.1078524e-01  -4.5835121e-01  -3.4337447e-01   0.0000000e+00  -1.5788301e-01   2.2077659e-01  -1.2548264e-01   9.7581738e-02   3.9152522e-01  -2.2736818e-01   1.4538054e-01  -4.2164240e-01  -6.3039193e-02  -5.2304144e-02  -8.3875782e-02  -1.6198488e-01  -3.0995248e-01  -6.0775051e-02  -2.4330683e-02  -1.3873749e-01   2.0191495e-01   4.6074520e-01   2.3326961e-01  -4.8306576e-03   1.4379717e-01   6.2599235e-02  -3.7389320e-02  -9.9984999e-02   3.4600180e-02  -1.3630129e-02   2.2688539e-01   2.8433623e-01   2.5529578e-01  -3.7671674e-01  -1.3678376e-02  -6.8043262e-02   9.1315754e-02  -1.5505833e-01  -1.5989079e-01  -2.7032832e-01  -8.2146274e-02   2.4941154e-01  -1.8222176e-01   5.8375284e-02   1.0223428e-01  -2.1507967e-01   2.5429366e-01   1.4665814e-01   9.6319255e-02  -2.5055280e-01   4.9837675e-02   1.0499374e-01  -3.3480076e-01  -5.3803544e-03   3.3128414e-02   1.2596018e-01  -1.4706561e-01   3.5621396e-01   3.6171417e-01   1.5672837e-01  -1.5742591e-02   7.8293087e-02  -2.8805716e-02  -1.0314700e-01  -2.0818313e-02   1.7215194e-01   4.4802789e-01  -1.1079899e-01   2.9293262e-01  -1.5926641e-01  -2.3796209e-01   6.7832361e-01  -1.9621952e-01  -1.1696375e-01  -2.6821836e-02   3.5803882e-01  -4.9827642e-02   2.3084364e-01  -2.3818633e-01   2.6487507e-01   1.7469483e-01  -1.2941052e-02  -1.9060993e-01  -6.2846881e-02  -3.4593912e-01   3.9628698e-01  -2.7854933e-01  -1.2291266e-01  -2.2297580e-01  -6.9588005e-02  -2.2129669e-01  -4.7952291e-02  -4.6147062e-01   4.8682693e-01  -1.7367861e-01  -2.5532333e-01   2.6435057e-01   3.5741708e-01   5.4376584e-02  -1.4926870e-01  -3.7251136e-01  -6.2480451e-02   4.8255625e-01   1.7638616e-01   3.2934356e-01   2.4768271e-01  -1.2761427e-01   2.7247299e-01   3.3933514e-01  -1.9356419e-01  -3.6535175e-01   3.0591727e-01   5.2499551e-01  -1.0664911e-01  -2.4111399e-02  -2.5638382e-01   3.9307313e-01  -1.1763279e-01  -1.7563366e-01   8.3973074e-01  -1.1243460e-01  -2.4590383e-01  -1.0686505e-02  -3.6866832e-01  -1.5219046e-02   2.9146306e-01  -2.2151656e-01  -1.5097357e-01   5.6293392e-01  -3.0219541e-01  -2.8617100e-01  -1.3669367e-01   5.2644119e-02   1.5252602e-01   6.5098780e-01   2.1213161e-01   4.5482296e-01   1.9298274e-01   3.7508751e-01  -5.5032388e-02  -1.7282559e-01   1.1662903e-01   1.9133418e-01  -1.6321539e-01   1.9680370e-01   2.5545448e-02  -3.1739706e-01  -6.4066538e-02  -8.7606748e-02   1.3361512e-01  -2.8428235e-01   3.9840719e-01   2.7625862e-02   6.5332232e-03  -3.8199427e-01  -1.0822687e-01  -2.6504168e-01   4.1449234e-01   2.5559734e-03   2.4574445e-01   3.4968530e-02   1.7780450e-01   3.3027802e-02   4.0690244e-01   3.4055010e-01  -3.0364240e-01  -2.2627539e-01   1.8662127e-01  -1.9034022e-01  -3.2128773e-01  -2.4260890e-01  -1.8515676e-01   4.4280036e-01  -2.1868422e-02   1.5405589e-01  -1.3965329e-01   1.8913427e-01
   3.5759477e-01   2.2120837e-01   1.0494829e-01  -1.5788301e-01   0.0000000e+00  -9.4904935e-02  -3.5797847e-01  -9.8984488e-02  -2.1981805e-02   2.7683616e-01  -5.2789928e-01   4.8377067e-01   1.7939936e-01   2.2648929e-01   2.8786107e-01  -1.1591267e-01   5.5517102e-02  -1.6314401e-01  -7.5269122e-02   7.1094808e-01  -3.1143392e-01  -2.1924324e-01  -9.3376316e-02   2.5900701e-01  -7.9388938e-02  -1.8595590e-01   4.9787946e-01   1.5131357e-01  -2.4892504e-02  -2.1424968e-01  -4.5810147e-01  -2.3599088e-01  -9.4316916e-02   3.1820262e-01   2.7461327e-01   6.5684803e-01   7.8281864e-03  -9.2106189e-03  -4.5070454e-02   2.3768727e-01   2.5134007e-01   3.1607756e-02   3.0534853e-01  -5.1856129e-01   3.1952677e-01  -7.1197384e-03   1.4179174e-01  -4.9133837e-01   2.9845083e-02   4.9293297e-02  -2.6853570e-01  -1.4412756e-01   3.4384376e-01  -1.2198984e-01  -2.5782964e-01  -6.5018976e-01  -2.5474466e-01  -2.9419506e-01  -1.9608464e-01  -6.4036053e-02  -2.8524042e-01   1.5075962e-01   1.6002908e-01  -1.9446704e-01   5.6250922e-01  -1.4123506e-02  -6.0306635e-02   1.1791491e-01  -3.0935962e-01  -2.2650663e-01  -2.5223174e-01  -3.0406141e-01   1.2727694e-01  -2.5613290e-01   1.6970534e-02  -8.6907654e-02  -1.3913940e-01  -3.4220275e-01   7.2222546e-01  -2.6431879e-01  -6.0083717e-01   1.1190419e-02  -3.9289910e-01  -2.1460532e-01  -2.7486761e-01  -1.7675389e-01   2.9817742e-01   1.6616469e-01   2.3029763e-01   3.8012517e-01   8.4810540e-01  -2.4629789e-01   3.7083517e-01  -1.3811170e-01   7.4610078e-02   5.6073994e-01  -6.1961993e-03   2.4423744e-02   4.1790196e-01  -8.6895684e-02  -2.0589379e-01  -2.5020701e-01  -5.0814712e-01  -4.4669895e-02  -4.7711613e-01  -4.6637581e-02  -6.0423437e-02  -2.5815417e-01  -8.4416047e-02   3.4569936e-01   6.0745798e-02  -2.5536400e-01  -3.3705153e-01   4.1898521e-01  -3.8232138e-01   3.7864417e-01  -2.3760577e-01   2.3914758e-01  -3.9968750e-01  -2.6735637e-01  -1.2147715e-01   8.5631678e-01  -2.0465929e-02  -6.6419174e-02   1.2643178e-01   1.4300764e-01  -5.8431190e-02  -1.7562441e-01  -3.3490759e-01  -1.7344677e-01   1.1713307e-01  -3.3553603e-01   1.2403218e-01  -4.6035608e-01  -2.6999000e-01  -2.3494254e-03  -1.8909949e-01  -4.1197518e-01  -1.9252725e-01   2.8195349e-01   3.8884908e-01  -6.0790727e-02  -2.9704489e-01  -2.4529486e-01  -3.9295465e-01  -3.7210916e-01   1.7748616e-02   4.7138470e-01   3.0101197e-01  -3.1152400e-01   1.4434388e-01  -2.6292587e-01  -2.0578764e-01   3.0181475e-01   5.4397704e-01   2.3834155e-01  -2.3330946e-02  -1.8499974e-01  -1.2975330e-01  -2.8006248e-01   1.7708182e-02  -3.2869014e-01  -2.7228984e-01  -9.5715081e-02  -8.0037310e-02   7.3726440e-01   4.7005380e-01  -2.0775147e-01  -8.2202941e-02   7.1845689e-01   7.1057377e-01   1.1955952e-01  -2.4039462e-01  -5.1596886e-02   1.1974690e-01   4.7321353e-04   3.2381124e-02
  -5.9542341e-02  -3.9498985e-01  -2.5719320e-01   2.2077659e-01  -9.4904935e-02   0.0000000e+00  -1.6082002e-01   2.8495200e-01   1.8993140e-01  -6.3805234e-03   3.3210308e-01  -3.6396566e-01  -2.7697298e-02   1.5456787e-01  -4.2223654e-01   2.8512408e-01  -3.4717615e-01   8.6429225e-02   4.2897166e-02  -5.0573206e-02   4.9959924e-01   6.2916333e-01   3.5947627e-01   6.0724788e-02   2.2174086e-01   2.8043229e-01   2.4013465e-01  -3.3742996e-02  -6.8077153e-02   4.5989190e-01  -1.1616571e-01   2.8385895e-01   2.3052587e-01  -1.3309201e-01  -4.6815615e-02   4.8405829e-02  -1.2660695e-01  -1.5679191e-01   2.7792385e-01  -1.2570432e-01  -7.2555255e-02   7.3646822e-02  -2.1939931e-01   9.1565849e-02   1.2957681e-01  -5.8427809e-02   4.5299541e-01  -1.4538305e-01   2.5637507e-01  -3.3557955e-01   3.4241718e-01   1.8268831e-01  -9.0085115e-02   4.6434893e-02  -2.5110115e-02   1.7156780e-01   4.4760397e-01   5.2565273e-01   1.6464829e-01   9.4355373e-02  -1.2796708e-01   1.7896594e-01   1.0976805e-01  -1.7076779e-01  -4.3240247e-02   4.0046306e-01   7.4482531e-01   6.7782257e-02   6.7164783e-01  -1.2146297e-01  -4.2337941e-01   4.9917914e-01   3.5552871e-02  -2.7562531e-01  -2.2649631e-01  -2.3035230e-01  -5.7072966e-02   4.0351731e-01  -2.2067387e-01  -4.2586320e-02   3.2124073e-01   6.8080386e-02  -1.4438318e-01   2.7906853e-01  -3.0110548e-01  -7.0684366e-02  -1.4479784e-01  -8.6174455e-02  -1.9271452e-01   1.0278393e-01  -8.4993073e-02  -2.3417641e-01  -1.8318964e-01   3.2753692e-01  -1.8975646e-02  -4.0264871e-01   1.2301129e-02   3.1370975e-01   4.7657570e-02  -2.9613062e-02  -4.7194988e-01   1.5421838e-01   2.5088563e-01   2.3403407e-01   5.5489519e-01   1.7792644e-01   6.3556328e-02   6.9495561e-01  -1.7387020e-01   4.4164942e-01  -3.2130240e-01   6.2821279e-01   3.2526047e-01   5.7515165e-02  -4.6936098e-01  -1.5202459e-01   2.6125751e-01  -9.8050251e-02   1.5146847e-01   3.0554617e-01   8.2739908e-02  -1.7569983e-01   1.9418405e-01  -4.6193730e-01   5.3500590e-02  -6.8921971e-02  -8.9256807e-02   2.7466841e-01   3.7967188e-01  -3.1837169e-01   9.3901877e-02  -1.1614653e-01  -3.1642583e-01  -1.0522265e-01   4.7170927e-01   8.3883598e-02   2.4859954e-01  -7.7505235e-02   2.5488916e-01   9.5718507e-02   3.6224902e-02   6.6297135e-02   3.0098199e-01   4.4374561e-02  -1.2083925e-01   9.7427814e-02  -5.1972754e-01   4.1931139e-02   4.8476949e-01   7.4478265e-02  -2.5762924e-01   7.3339764e-02  -5.5616946e-02  -2.0360873e-01  -3.6540090e-01   1.3303730e-01   1.4644842e-01   9.2538370e-02  -2.8970214e-01   3.6992753e-01   3.1762552e-01   3.2711253e-02   2.1366868e-01   3.0512460e-01   2.3966647e-01  -1.7610930e-01  -2.4429342e-01   4.5854105e-01   1.0137401e-01  -2.1845830e-01  -1.5017546e-01  -7.1639418e-02   3.8382145e-01   5.1734184e-01   2.7545157e-01  -1.2139240e-01   3.5958695e-01
  -3.7513565e-01   3.6337419e-01  -1.0788700e-01  -1.2548264e-01  -3.5797847e-01  -1.6082002e-01   0.0000000e+00  -2.3934039e-01  -2.5425512e-01   1.2051196e-01   6.8087801e-02  -1.3477242e-01   1.0156198e-02  -2.9113978e-01   6.2197601e-02   1.5776076e-01  -5.9477898e-02   2.9393639e-01   7.9802229e-03  -3.3896286e-01   3.0411664e-01  -1.6616441e-01   2.9554667e-01  -4.5662899e-01  -8.1958657e-02  -1.5833259e-01  -1.4531101e-01  -3.5275555e-01   2.0425927e-02   2.5269695e-01   4.7312375e-01  -2.6040359e-01   6.4385232e-02   3.0434751e-01  -2.7583956e-01  -5.3302818e-02   3.2717265e-01  -1.4990606e-01   1.9450776e-01   1.0552384e-01  -1.1549626e-01  -2.9611694e-02  -2.9559611e-01   1.4221631e-01   2.5801579e-01  -2.5592298e-01  -2.5233287e-01   7.0245764e-01   1.6250852e-01   7.1752639e-02   1.0245966e-01  -2.3508930e-01   1.9809859e-01   1.1213930e-01   1.2159839e-01   3.5863735e-01  -1.0395541e-01  -2.1756992e-01   6.1560021e-02  -4.5722824e-01  -3.4045357e-03   4.5461707e-02  -2.6295819e-01   4.0535256e-01  -1.1769459e-01   5.9894882e-02  -2.4510806e-02  -1.6122708e-01  -1.8865763e-01   5.5960084e-02   6.2736883e-01  -2.1413455e-01   8.7537531e-02  -8.0008776e-02   2.3258252e-02  -8.0624344e-02  -6.0771516e-02  -2.2627117e-02  -3.3635643e-01   2.5681273e-01   4.5436153e-01   9.5996291e-03   4.8146170e-01  -8.6290728e-02   1.7291892e-01  -1.1527085e-01  -4.4593845e-02  -2.4435005e-01  -2.7630691e-01  -4.9651443e-01  -2.4305653e-01  -3.5464419e-02   2.7558650e-02  -1.9296279e-01  -2.7356544e-01  -4.0254958e-01   9.5493129e-02  -1.8262358e-01   9.9990785e-02   5.3012328e-01   1.4696990e-01   7.1093691e-02   3.1867826e-01  -2.1157683e-01   1.6445311e-01  -2.3595519e-01  -1.2918313e-02  -1.8659577e-01   7.2637812e-02  -1.1971312e-01   5.3707998e-01  -9.9760144e-02  -1.9756959e-01  -4.4211214e-01   4.0009411e-01  -7.2069531e-02  -1.1819219e-01   1.1381448e-01   1.8150509e-01  -1.8640978e-01  -2.4622132e-01  -3.5519952e-01  -2.2384376e-01   3.7613356e-01  -4.9650758e-01  -3.9183821e-01   3.1045848e-01  -3.4185612e-02  -1.9256510e-01   2.7906470e-01  -5.3350420e-02   6.1713389e-01  -1.4788136e-01   5.5695075e-01  -2.6726775e-01  -1.6332116e-01  -5.8819374e-02   2.3995619e-01  -1.7948234e-01  -3.3202979e-01  -2.6021894e-01  -6.3193595e-02  -1.3417448e-01   9.9512675e-02   4.9020981e-01   1.9733579e-01   5.2760686e-01  -2.1788512e-01  -9.4212072e-02   4.5936990e-01  -2.7653204e-01   1.5211402e-02  -1.1025447e-01  -3.9471278e-03  -1.5943502e-02  -4.0280984e-01  -1.5345117e-01  -6.7682562e-02   2.1780420e-02   5.1297685e-01  -2.0119225e-01  -2.2569973e-02   3.7981724e-01  -1.6698519e-01  -1.9838197e-01  -3.0081499e-01   1.1057840e-01  -9.4083163e-02  -9.9583210e-02  -2.6559855e-01  -2.9726257e-01  -1.4378958e-01   1.4991621e-02  -1.0249557e-01  -3.2854547e-01   4.9476746e-02  -1.6472918e-01
  -1.0082934e-02  -4.1174507e-01  -3.1227218e-02   9.7581738e-02  -9.8984488e-02   2.8495200e-01  -2.3934039e-01   0.0000000e+00   1.2894807e-01  -2.5678503e-01   1.9713884e-01  -2.1244012e-01  -2.7400279e-01  -3.2875281e-02  -3.2643788e-01  -6.8073305e-03   1.8928176e-02   9.5024622e-02   3.8850853e-01   6.6874220e-02   1.6612499e-01   3.1672868e-01  -2.8520196e-02   2.0975802e-01   3.3941464e-01   6.3073993e-01  -5.9919527e-02   1.1469577e-01  -1.6827490e-01  -1.2119690e-01  -9.4684798e-02   4.6048344e-01  -1.3539805e-01  -4.5929428e-02   1.0497804e-01  -1.8968525e-01  -1.2856590e-01   1.5379764e-01  -4.1799906e-02  -9.5910309e-02  -1.3911471e-01  -1.8803641e-01  -2.6622059e-01   1.5647403e-01  -2.3924967e-01   2.2068841e-01  -3.1022711e-02  -2.3230987e-01   1.0084881e-01  -7.4072687e-02   1.0285661e-01   7.2094199e-01  -3.6966686e-02   1.5403993e-01   3.1125853e-01   8.1692143e-03   4.8668291e-01   4.0185952e-01   2.9483113e-02   3.2158245e-01   1.4528142e-01  -2.5291359e-01  -4.6005419e-02   1.5487779e-01  -2.7404819e-01  -1.8583168e-01   2.2450431e-01   1.6987102e-01   4.1965198e-01   1.8160561e-02  -2.7959265e-01   1.3332644e-01  -1.6937225e-01  -1.1064344e-02   1.8003705e-01   1.6591689e-01   2.4605128e-01   5.4583154e-02  -5.8125926e-02  -1.0092564e-01   2.1968974e-01  -2.1314353e-01   9.8117749e-02   7.2386542e-01  -1.6527699e-01   9.1259836e-02  -1.4527211e-01   6.9875263e-02   2.7771676e-01   6.1103841e-02  -1.6535008e-01   7.5021560e-02  -3.1804195e-02   2.5861237e-01   3.2871060e-01   8.6666392e-02   3.3104998e-02   3.3956243e-01  -2.0169103e-01  -1.8481633e-01  -6.6580802e-02   2.2402998e-01   1.5710146e-02   7.0149442e-03   9.5873922e-02   4.2747872e-01   2.7366832e-01   4.2019464e-01   8.8100579e-04   1.5925303e-02  -5.6754991e-02   4.8218656e-02   2.2160323e-01   1.4154988e-02  -3.5443943e-01  -1.6172154e-01  -5.0051897e-02   1.6547635e-01  -1.3638248e-01   1.2426604e-01   3.4209080e-01  -1.6005503e-01  -1.8120781e-01  -1.5940643e-01   3.0893554e-01  -2.7371553e-02  -1.0707972e-01   1.5156981e-01   3.5474699e-01  -2.3298702e-01   6.3766469e-02  -1.4063525e-01  -4.6579996e-02  -1.1090721e-01   2.4944361e-01   2.1227628e-01   2.6356677e-01  -3.6901262e-03   4.4609623e-01   1.8335672e-01  -2.2029780e-02   2.2809820e-01   5.3973642e-02  -1.0082230e-02  -1.3519727e-01   9.8173247e-02  -1.2891078e-01  -1.2515488e-01  -1.1375160e-01  -2.7684748e-02   1.7375896e-01   4.0230895e-01   1.6036376e-01  -1.7830220e-01  -2.6324957e-01   4.9623060e-02   3.2991162e-01  -9.9792480e-02   1.1342001e-01   1.2555516e-01   1.5530994e-01  -1.9567985e-02   6.9313752e-02   7.6405370e-02   3.7961043e-01  -1.4435227e-01  -2.4649873e-01   5.0694917e-01   4.2267955e-01   3.6827207e-02  -2.0135561e-01   1.4205459e-01   2.1261949e-01   5.3470493e-01   3.5260979e-01  -1.4399896e-01   3.4221653e-01
   2.7302763e-02  -3.5700710e-01   3.4289253e-02   3.9152522e-01  -2.1981805e-02   1.8993140e-01  -2.5425512e-01   1.2894807e-01   0.0000000e+00  -1.2819056e-01   1.0354929e-02  -1.8672659e-01  -2.8964061e-01   4.5651579e-02  -1.2150044e-01  -1.5957513e-01  -4.4189907e-02  -1.6196749e-01   9.1775127e-02  -1.5368456e-02   9.1588338e-02   1.1266424e-01  -4.2043553e-02   2.0254188e-01   9.2321282e-02   1.4980011e-01  -6.4092646e-02  -4.3785730e-02   1.2743696e-01  -9.8079923e-02   8.4098419e-04  -1.7041847e-02   3.5840786e-02  -2.5815683e-01   3.5095021e-01  -7.2419527e-02   6.1057060e-02  -7.0837381e-02  -1.3462599e-01  -1.8081897e-01  -5.0738574e-02   7.1810305e-02   1.6368945e-01   2.0896343e-01   2.3301618e-02  -1.4777423e-01   7.2177970e-02  -2.5223105e-02   2.4188024e-01  -8.3675672e-02  -6.0834633e-02   2.4109859e-01  -1.7179719e-01  -7.6972055e-02   3.5157635e-02   6.1571578e-02   2.3607745e-02   2.5725139e-01   9.5432236e-02   2.2361671e-01   3.2951790e-02   1.1950679e-01   1.1726907e-01  -4.2212747e-02   5.1935507e-02   9.4004440e-02   2.6533483e-01  -4.6828251e-03   1.4062859e-01  -1.2893758e-01  -1.9068860e-01   2.7952643e-01   1.6139921e-01   5.2384265e-02  -1.5757503e-02   2.8068913e-01  -1.1162531e-01   1.1099127e-01  -1.5757770e-01  -8.2597940e-02  -1.0053305e-01   3.7112487e-02   5.8364462e-03   1.2428365e-01   4.6093598e-02   2.3420041e-01  -9.6882754e-03   6.9285535e-02  -8.4605202e-02   1.8320594e-01  -1.4964570e-01   2.7502468e-02  -1.8315188e-01   5.4504360e-01  -1.3182523e-01  -9.8853969e-02   1.4066445e-01   3.1089593e-01  -7.1639067e-02  -9.1432388e-02  -1.3269661e-01   4.3841268e-02   5.9712177e-02   4.8234129e-01  -2.9473815e-02   3.2565862e-01  -1.1643652e-01   1.5755506e-01  -6.0686470e-02   9.5835869e-02  -1.9283730e-01   1.5729787e-01   2.3242540e-01   2.5436845e-02  -1.6369934e-01  -4.0988280e-02   2.9198035e-01  -1.3344893e-01  -4.6443243e-02   2.9455751e-01   1.6193857e-01  -1.2717311e-01   4.8221311e-02  -1.6333544e-01   1.0323736e-01   2.1514826e-01  -8.9484259e-02  -1.4898728e-01   4.0405560e-01  -2.0265905e-01  -1.6934624e-01  -9.4230020e-02   9.4648707e-02  -4.0090013e-02   5.0984096e-01   1.6617253e-01   2.2363392e-01   2.3405912e-02   1.1742932e-01  -1.4770396e-02   7.0105829e-02  -1.5303091e-01   2.0008391e-01  -1.0809337e-01   6.0805484e-02  -5.7785897e-03  -1.6951398e-01  -9.0189390e-02  -9.7047495e-02   1.2601246e-01   5.3596659e-02   1.6902112e-01   1.9380948e-01  -3.0802454e-02  -1.8127394e-01   9.9864291e-03  -1.1835163e-01   1.1877302e-01   6.8163433e-02  -1.6090566e-01   5.6341794e-02   7.6076003e-02   1.9253164e-01   1.4929815e-01   2.4120548e-01  -6.8604483e-02  -1.7874652e-01   1.6421272e-01   8.7160440e-03   3.7112674e-02  -1.4462695e-01   3.4516968e-02   1.6570304e-01   1.5259067e-01   8.8467655e-02  -3.4736448e-01   2.5077356e-01
   1.0576875e-01   1.4592306e-01   9.3218450e-02  -2.2736818e-01   2.7683616e-01  -6.3805234e-03   1.2051196e-01  -2.5678503e-01  -1.2819056e-01   0.0000000e+00  -3.1621230e-01   2.3323602e-01   2.3252398e-01   5.0438771e-02  -9.3159893e-02   2.8909370e-01  -3.6337084e-02  -9.7332939e-02  -1.9383126e-01   4.7189649e-01  -1.7652622e-01  -1.4057535e-01   1.3649794e-01   1.6973426e-01  -2.8556458e-01  -3.5418917e-01   3.1305236e-01   2.6514759e-02   1.0660968e-01   7.0551637e-02  -3.3568163e-01  -2.0031755e-01   2.8086352e-02   5.1349309e-01   2.7194661e-02   6.0369246e-01  -2.1557283e-01   7.5140039e-02   2.8232576e-01   5.0034482e-01   2.4786934e-01   1.2339113e-02   2.5202506e-01  -4.3345591e-01   4.1506501e-01   5.8768287e-02   1.1675442e-01  -1.4255029e-01  -2.3813377e-01   2.3955556e-02   2.1152065e-01  -3.4903058e-01   3.5604954e-01  -1.2670103e-01  -1.0583923e-01  -2.5980035e-01  -3.6397704e-01  -1.1231582e-01   1.4603035e-02  -7.4339341e-02  -3.3098610e-01   3.1891087e-01   1.9003784e-02  -1.0750554e-01   1.8598192e-01   4.2472951e-01  -5.8259706e-02   1.0787620e-01  -1.0961467e-01   3.5007564e-02  -5.6138346e-02  -1.9281832e-01   2.0129796e-01  -3.8279950e-01  -8.8559695e-02  -2.9299267e-01  -1.8548291e-01  -2.3724549e-01   1.4796876e-01  -1.5712184e-01  -1.2619312e-01   5.7614767e-02  -2.5516687e-01  -3.6075616e-01  -2.5292493e-01  -2.9932068e-01   9.9882494e-02   9.8806721e-02  -1.4440654e-01   2.1817523e-02   4.7465396e-01  -3.2151771e-01   2.5900104e-01  -1.1066988e-02  -4.1555180e-02   5.5655460e-02   8.0547071e-03  -3.3864515e-01   3.2489032e-01   2.4119007e-01  -1.6758309e-01  -9.9514203e-02  -3.8365455e-01  -1.5380802e-02  -8.6229190e-02  -2.5306866e-01  -2.5590704e-02  -2.9928592e-01  -1.4938119e-01   3.1986765e-01   2.3324295e-01  -1.1190133e-01  -3.4529513e-01   2.6824912e-01   9.8816027e-02  -1.5642139e-02  -2.9333586e-01   1.1608237e-01  -2.6855367e-01  -2.6407502e-01  -1.3205019e-01   3.3071215e-01  -3.0781959e-02  -1.6769375e-02  -1.3490242e-01  -2.0655057e-01   2.2311420e-01   1.8707204e-02  -2.3032181e-01   7.9964509e-02   6.4448002e-02  -1.6381394e-02  -3.7139623e-01  -1.7349491e-01  -2.7591974e-01  -2.3598118e-01  -2.9729986e-01  -3.7340591e-01  -1.9012024e-01   1.4792524e-01   2.8585897e-01  -9.9417265e-02  -2.1999184e-01   4.2717419e-02  -2.1347306e-01  -2.5471277e-01   5.6813330e-02   4.1903294e-01   5.3767508e-01  -2.8697071e-01   6.9357607e-02  -3.9205943e-01  -2.4438996e-01  -7.6619890e-02   2.3691237e-01   6.8161325e-02  -5.5530119e-02  -9.2868859e-03  -2.8122990e-01   1.4289461e-01   1.4834204e-01  -2.5598871e-01   2.2565574e-01  -1.8767555e-02  -2.4882664e-01   1.7894954e-01   1.4567238e-01  -1.2233636e-01  -1.2463904e-01   1.0746975e-01   3.3410598e-01   7.4192262e-02  -3.0617258e-01  -1.4768650e-01   7.8222207e-03  -1.7248183e-02  -1.7071839e-02
  -2.9859753e-01  -2.1503530e-01  -7.3496496e-02   1.4538054e-01  -5.2789928e-01   3.3210308e-01   6.8087801e-02   1.9713884e-01   1.0354929e-02  -3.1621230e-01   0.0000000e+00  -4.9369053e-01  -8.2390528e-02  -9.4838498e-02  -2.8285390e-01   6.5387470e-02  -3.8141551e-02   2.7743753e-01   1.5471135e-01  -4.4899899e-01   2.8383649e-01   2.2508167e-01   2.7162693e-02  -3.0663498e-01   2.1515427e-01   4.1029978e-01  -9.7843986e-02  -1.5589151e-01  -1.1681032e-01   3.3836540e-01   3.8031564e-01   3.1107088e-01   4.2554955e-02  -4.0144027e-01  -2.4945796e-01  -4.1622083e-01  -1.4505102e-01  -5.4985511e-02   1.2529490e-01  -1.5465958e-01  -2.2674048e-01  -1.4704120e-01  -2.1648064e-01   4.9233573e-01  -3.1373475e-01   8.2447822e-02   2.3632333e-01   2.6003742e-01   1.8105939e-01  -1.0261821e-01   9.9537670e-02   2.9134975e-01  -3.6659799e-01   1.9250102e-01   2.0445238e-01   5.1510354e-01   3.3932475e-01   4.0031470e-01   3.4262111e-02   1.4811211e-01   3.3505754e-01  -1.1566465e-01   2.5611863e-02   2.2439240e-01  -3.2411162e-01   1.8005738e-01   2.2500282e-01   1.3714602e-01   6.1047354e-01   2.4016176e-01   1.2512079e-01   4.6950997e-01  -1.2872388e-01   1.2335441e-01   1.4447895e-02   1.9791562e-03   2.4537720e-01   3.4518942e-01  -5.7175974e-01   2.3576903e-01   3.1679275e-01   3.2811759e-02   2.7533872e-01   3.1165254e-01   6.2724473e-02   6.8820017e-02  -1.9967850e-01  -1.7727440e-01  -1.3207541e-01  -1.5866303e-01  -5.9257390e-01   2.4139960e-01  -4.0305412e-01   8.7259150e-02  -4.2169435e-02  -3.8895995e-01   2.4180012e-01   1.2764854e-01  -1.6107455e-01  -2.3506858e-01  -6.8920504e-03   4.3627947e-01   2.9575838e-01   1.1873311e-01   4.3053788e-01   9.1341165e-02   1.4490755e-01   4.7526670e-01   1.2086018e-01  -1.4522825e-01  -2.1288477e-01   3.6051456e-01   4.1621834e-01  -3.2889947e-01   5.6770746e-02  -2.2707320e-01   2.2800454e-01  -1.0479350e-01   2.3750468e-01   2.8141552e-01  -2.7743912e-03  -5.9904614e-01   1.9336488e-01   4.7606534e-02  -8.9861143e-02  -2.0603252e-01  -8.1844362e-03   3.0443445e-01   2.8723904e-01   1.0577160e-01   6.2056248e-02   3.0506250e-01  -9.5400127e-02   2.7075252e-01   3.9414626e-01   7.9855601e-03   3.3080331e-01   1.5208673e-01   1.5970281e-01  -1.9853184e-01  -3.4636511e-01   2.8212477e-01   4.2902824e-01   6.6501140e-02   3.1623967e-01   3.9004226e-01  -1.4608774e-01  -2.1111606e-01  -1.3166860e-01   1.8446999e-01  -1.0425151e-01   7.7708120e-02   2.1451743e-01   1.2180848e-01  -2.8645559e-01  -1.5793858e-01   1.1529250e-01   1.6097437e-01   6.8274067e-02   9.0130646e-02   2.9193942e-01   5.6760846e-01   1.0842840e-01   9.7304165e-02   1.7086770e-01  -5.2149176e-01  -1.3958226e-01   2.2623370e-01   2.1278382e-01  -5.0000751e-01  -4.8180363e-01  -1.4695817e-01   4.7470977e-01   2.3827063e-01  -1.6806590e-03   4.6810634e-02   1.2832102e-01
   3.5109768e-01   3.2093163e-01   4.9929795e-01  -4.2164240e-01   4.8377067e-01  -3.6396566e-01  -1.3477242e-01  -2.1244012e-01  -1.8672659e-01   2.3323602e-01  -4.9369053e-01   0.0000000e+00   2.4338043e-01   2.1423593e-01   3.5271989e-01   2.8980189e-02   3.6970815e-01  -2.8020409e-01  -6.7304820e-02   5.8943983e-01  -5.9035277e-01  -4.3569780e-01  -3.9868521e-01   2.2258458e-01  -2.8398084e-01  -1.1511346e-01   2.6197184e-01   2.5665583e-01   1.7137253e-01  -3.4625645e-01  -4.6475167e-01  -1.8577464e-01  -2.5895836e-02   4.4777083e-01   2.9899214e-01   2.7501164e-01  -1.5213925e-01   9.6825463e-02  -3.7902799e-02   2.4120265e-01   1.8463528e-01   1.3563067e-01   5.2476345e-01  -3.6754168e-01  -1.0090916e-01   2.5821883e-01  -1.4528367e-01  -3.9184706e-01  -4.2711567e-01   2.1179584e-01  -4.0731932e-01  -1.8097455e-01   3.0615852e-01  -1.6382405e-01  -2.7195273e-01  -3.6303002e-01  -1.6498212e-01  -2.8575060e-01  -2.3004390e-01   1.3755271e-02   6.8442156e-02   2.8128083e-03   2.7976241e-01  -2.7626890e-01   9.3078820e-02  -3.5578298e-01  -4.1796689e-01  -7.7622261e-02  -3.7980191e-01   2.9653848e-01  -9.8808148e-02  -4.9028852e-01   1.5000503e-01   8.4725774e-02   7.6272442e-02  -1.6109219e-01   6.4937334e-02  -1.9870658e-01   6.0550473e-01  -9.6778408e-02  -4.4818471e-01   4.3237758e-02  -1.8628564e-01  -1.5977827e-01   1.2235392e-01  -2.5203844e-01   1.9244313e-01   1.1643848e-01   3.0632223e-01   2.8362159e-01   5.5499226e-01   1.2253494e-01   7.3142129e-01  -2.3318543e-01   1.3924472e-01   6.1183457e-01  -1.0006289e-01  -1.3356076e-01   2.1252436e-01  -2.1479508e-01   1.1311640e-01  -1.2736176e-01  -6.4096163e-01  -1.3858199e-01  -5.8628543e-01  -9.4871109e-02  -1.2659334e-02  -3.6571124e-01  -1.6679083e-01  -4.2950648e-02   3.8599465e-01  -3.7127722e-01  -3.5127019e-01   3.2280877e-01   8.5881866e-02   2.2751061e-01  -1.1774068e-01   3.3335996e-01  -2.6040095e-01  -4.7431001e-01   1.4153630e-01   6.6975961e-01   2.4630332e-01   1.7169810e-01   1.3735546e-01   2.9782098e-01  -8.2113792e-02  -2.3204996e-01  -4.2648067e-01   2.3365368e-01   1.0145238e-01  -3.5141983e-01   2.2871776e-01  -4.4918631e-01  -3.7930895e-01  -2.5009616e-01  -2.8374405e-01  -3.0822184e-01  -3.1977592e-01   1.3298704e-01   3.5136382e-01   1.2877814e-02  -1.1764100e-01   2.0920167e-01  -3.9977094e-01  -3.8203193e-01   4.0342734e-01   1.1748745e-01   1.6962491e-01  -5.8345677e-01   3.4477816e-01  -3.5833654e-01  -9.9171710e-03   5.1226648e-02   6.6424476e-01   1.1283019e-01   1.7569470e-01  -2.1260491e-01   2.0401078e-01  -4.0052411e-01  -1.4274971e-01  -2.7400740e-01  -5.4172130e-01  -3.1346775e-01  -4.0688376e-02   5.9888166e-01   3.2474616e-01  -3.7099472e-01   4.0615128e-02   5.0574006e-01   5.2883176e-01   1.0850533e-01  -5.7414548e-01  -3.6718574e-01  -2.0521558e-01  -1.3404582e-01  -1.2102215e-01
  -6.7396974e-02   3.7106522e-02   2.3031613e-01  -6.3039193e-02   1.7939936e-01  -2.7697298e-02   1.0156198e-02  -2.7400279e-01  -2.8964061e-01   2.3252398e-01  -8.2390528e-02   2.4338043e-01   0.0000000e+00  -1.2184305e-01   2.7289975e-01   3.0473919e-01   1.6026191e-01  -3.0049146e-03  -2.6718163e-01   3.0521224e-01  -1.5720094e-01  -2.8146103e-01  -3.7240111e-02  -1.0755662e-01  -2.5628400e-01  -3.3526636e-01   3.3777089e-01   3.7307581e-02  -1.5028999e-02  -1.6071237e-01   1.8305032e-02   3.2592659e-02   3.1765970e-01   2.7228995e-01  -7.8629549e-02   3.8309617e-01   4.8934170e-02  -4.1265984e-02   4.1162938e-01   2.0629937e-01   5.2896051e-01   2.7709538e-01   1.0797343e-01  -2.5287655e-01   1.3381592e-01  -1.8614661e-02   3.6431600e-01   1.5316277e-02  -9.1542940e-02   1.9409460e-02   1.1078689e-01  -2.4952950e-01   1.8791828e-01   9.4383545e-02  -3.1879012e-02  -2.9716115e-01  -1.2318482e-01  -1.9053180e-01   7.1320429e-02  -1.1429263e-01  -1.8498224e-01   2.2240618e-02   1.6695740e-01  -6.1354728e-02   1.8568417e-02   3.9260189e-02  -1.0000015e-01   2.2453528e-01   4.0824429e-02   7.0750570e-02   5.1605564e-02  -7.7283060e-02   2.0466966e-02  -4.8834297e-02  -3.8629755e-02  -3.7145832e-01  -2.2444086e-01  -1.1252763e-01   1.1342829e-01   1.7362598e-01  -3.2157194e-02   4.0267829e-02  -2.4622401e-01  -3.3582968e-01  -6.6684758e-02  -1.5584433e-01  -1.1677265e-01   1.3800225e-01   1.0457836e-02  -1.0997821e-03   2.5361641e-01  -9.7943846e-02   2.0770448e-01  -1.7141286e-01  -1.5695664e-01   1.5607606e-01   2.2616711e-02  -1.8730444e-01   2.2826861e-01   4.7767929e-03  -7.9136145e-03   1.6716979e-02  -9.5549124e-02  -2.3242919e-01  -5.8885691e-02  -2.8476227e-01   2.1117130e-01  -7.8205641e-02  -1.3483349e-01  -3.6213848e-02   5.2030734e-03  -2.4226556e-01  -1.5641640e-01   6.8836542e-02   2.0652748e-01  -1.5648243e-01  -3.0009653e-01   1.9366499e-01   1.1768918e-01  -1.0152001e-01  -2.2963563e-01   2.4540877e-01   1.0399507e-01  -2.7886776e-02  -2.0424124e-01  -2.2551419e-01   1.9487322e-01   2.1007318e-01  -2.2978740e-01   2.7122195e-01   3.8953521e-01   8.2845747e-03  -2.4149036e-01  -4.5147706e-02  -1.7218240e-01  -1.8262818e-02  -1.7133030e-01   2.8860743e-02   4.4341733e-02   8.8372796e-02   5.8441668e-02   4.1754549e-01  -1.7532452e-01   2.5360041e-01  -6.2045108e-02  -3.2722701e-01   3.2750299e-02   9.8224217e-02   3.4712314e-01  -1.6465897e-01  -1.1992815e-01  -2.7310664e-02  -1.9662306e-01   1.0905833e-01   2.4956742e-01   6.3287738e-02  -1.5507826e-01   1.6857258e-01   1.9765435e-02   2.0127677e-01   2.7151697e-01  -9.8973883e-02  -1.7535662e-01  -1.6418084e-01  -2.6380223e-01   1.0629626e-01   2.4413430e-01  -1.2348215e-01  -1.6986022e-01   3.4859453e-02   2.6052917e-01   5.9908179e-03  -9.9758950e-02  -1.3348687e-01  -7.3738079e-02   2.3571752e-01  -3.3097531e-01
   4.5070447e-01   1.7206220e-01  -9.6763027e-02  -5.2304144e-02   2.2648929e-01   1.5456787e-01  -2.9113978e-01  -3.2875281e-02   4.5651579e-02   5.0438771e-02  -9.4838498e-02   2.1423593e-01  -1.2184305e-01   0.0000000e+00   4.4187919e-02   2.2505481e-02  -3.3564362e-01  -1.1150069e-01  -1.2476593e-02   3.3230094e-02  -1.4848179e-01   2.3238714e-01  -1.3272558e-01   5.2104208e-01   2.7322133e-01   2.0038496e-01   2.4166879e-01   4.7442888e-01  -1.7674613e-01   1.9405702e-01  -5.4332456e-01  -9.6028194e-02  -1.3161935e-01  -7.8178035e-02   4.1005029e-01  -3.2209015e-03  -2.7578841e-01  -1.2133830e-01  -1.4080684e-01  -2.4012974e-01  -1.5466650e-01  -1.6350159e-01   1.9961518e-01  -1.7587197e-01   6.1547224e-02   3.4551021e-01   4.2034115e-02  -3.4771293e-01  -3.9848678e-01  -2.7008364e-01  -1.1778930e-01   3.5309705e-02   1.5772421e-01  -2.2602006e-01  -2.3737743e-01  -1.5818202e-01   1.8650946e-01   2.2211339e-01  -2.1251915e-02   3.9619206e-01  -7.9005323e-02   8.8239443e-02   3.2659867e-01  -6.4744647e-02   3.1959001e-01   1.2209319e-01  -2.1536635e-02   1.3557432e-02   4.5439734e-02   1.2758320e-01  -3.7375256e-01   1.1429124e-01   1.2023112e-01  -2.8316875e-01   4.4539338e-02   3.9393120e-02   1.0721604e-01   1.4532124e-01   3.3452189e-01  -1.3547533e-01  -6.4357786e-02  -1.9966044e-01  -3.6090929e-01   1.1640014e-02  -2.6851661e-01   9.8876692e-02   5.7292645e-01   2.5597368e-01  -1.1837121e-02   4.0911577e-01   2.6379568e-01  -1.9292931e-01  -1.0366570e-01   1.5276268e-01   2.3499610e-01  -4.8449633e-02   2.8958346e-02   2.0609407e-01   1.5252720e-01  -1.9267439e-01  -1.4072711e-01   2.0443263e-01  -2.5409216e-01   5.2009961e-01   6.5782441e-02   3.5085249e-03  -2.1856692e-01   9.9169510e-02  -3.5496138e-01   2.9335259e-01  -3.5407376e-01   3.2774613e-01   2.3625006e-02   3.3685506e-01  -1.2801370e-01   3.2073259e-01   1.3094991e-01  -7.2128484e-02  -5.2792162e-02  -3.1319203e-02   3.7738919e-01   2.7551853e-01   2.8484416e-01   1.7301057e-02   3.5307989e-01   4.7747645e-01  -6.8052044e-02  -8.5296233e-02   7.3306684e-02  -2.3861128e-01   1.1181006e-01  -4.0254609e-01   2.1191782e-01  -4.1078783e-01   1.1265643e-01  -4.8419535e-02   2.3151720e-02  -1.4128340e-01  -4.9017650e-02   1.8656812e-01   4.0597016e-01   1.2686870e-01   2.4146854e-01  -1.9167401e-01  -3.3638696e-01   8.4988902e-02  -3.7168820e-01   4.2904619e-01   1.9113438e-01  -2.7514015e-01   2.8295058e-01  -1.3834184e-01   2.3206558e-01   2.6959031e-01   1.4727490e-02   3.2041597e-01   4.9575055e-01  -1.2080336e-01  -2.8605388e-01  -2.1568614e-01   9.8235824e-02  -3.8453368e-03  -3.2769454e-01   1.8068341e-01   2.4533716e-01   4.2634770e-01   1.3666122e-01   1.4508799e-01   3.5040126e-01   3.0662179e-02   4.5361074e-01  -7.9710818e-02   3.1029153e-02  -7.7947678e-02   2.0986489e-01   7.5955201e-03   3.3305872e-01
