   0.0000000e+00  -4.1878602e-01  -3.0073240e-01  -1.3339971e-02  -3.8060961e-01   9.1353973e-02  -4.8863167e-01   1.9577108e-01  -2.6880769e-02  -4.1010918e-01  -1.0508801e-01  -5.0582379e-01   3.3192608e-01   3.1152227e-01  -5.5906270e-01  -7.5865101e-02  -2.5811869e-01   7.1037767e-02   6.2791400e-02  -4.3453508e-01   2.1827431e-01   3.0463895e-01  -4.3594746e-02   3.4390887e-01   9.1999602e-02   2.9246209e-02  -3.2117795e-01   1.8949831e-01  -2.9666760e-02   3.7730255e-01  -5.2356847e-01   2.6943372e-01   6.9258127e-02  -6.1646615e-01  -5.7185508e-01  -4.1657431e-01  -3.3376716e-01   2.7437561e-01   2.6963840e-01  -4.9426029e-01   2.2766945e-01   4.1631969e-02  -2.2010120e-01   2.3010705e-01  -3.9424310e-01   3.5975861e-01   2.0395747e-01  -2.7221051e-01  -2.0583049e-01  -2.9865243e-01   3.9083567e-04   8.9811323e-02  -3.3702292e-01   1.0801179e-01   3.1250066e-01   8.9388863e-02   3.9134042e-01   6.9758438e-02   1.9976483e-01  -4.5211224e-01   2.5796121e-01  -3.4521507e-01  -2.8325613e-01  -5.0029234e-01  -3.6064759e-01  -3.9056152e-01   1.0312292e-01   1.1434478e-01   3.4756387e-01   3.2576606e-01  -4.2671651e-01   1.8398823e-02   1.8796562e-01  -4.9753775e-02   2.6844039e-02  -1.7360005e-01   2.8527608e-01  -9.0215082e-02  -3.8928889e-01   1.1550374e-01  -1.7387516e-01   3.1626905e-01  -7.1091903e-02  -7.9194645e-02   2.4644001e-02   2.3629975e-02  -6.0101878e-01   1.8840156e-01   4.1000743e-02   5.5466787e-01  -3.5433961e-01   8.4499068e-02  -5.1898859e-01  -1.0753768e-01   2.0774506e-01  -4.9981977e-01   1.4912136e-01  -1.5149316e-01  -1.1253114e-01  -4.8074037e-01   2.9299542e-01  -1.9155461e-01   2.6841504e-01  -4.5084857e-02   4.2682447e-02   1.6929610e-01   5.2358658e-02  -9.1535862e-02  -2.4678742e-01   8.8496641e-02  -3.4166731e-01   2.2565722e-01   2.4005619e-01   5.1820807e-01  -1.5569578e-01  -2.9375004e-01  -1.1772830e-02   1.7200472e-01   2.6449943e-01  -6.0271565e-02   3.6488184e-01  -4.0721354e-01  -7.8665969e-02   1.4753313e-01   4.7716126e-01  -3.4947029e-01  -1.8320357e-01   2.7319943e-01   2.3066977e-01   1.5809872e-01   2.0915800e-01  -4.2989560e-01  -4.1418784e-01   6.8506112e-02   3.0843133e-01  -1.4831081e-01   2.2565585e-01   3.0149131e-01   9.5061397e-02   4.3683745e-01   6.4266270e-01   6.6066715e-02  -2.5157810e-02   3.5853355e-01  -2.8490326e-01  -2.7645352e-02  -6.6448847e-01   1.8061374e-01   3.8011574e-01  -4.0791072e-01   1.2998285e-01  -1.5788632e-02   3.3909970e-01  -2.1901575e-01  -7.6128047e-02   3.2827947e-01   4.0505810e-01  -3.1709171e-02  -4.4792106e-02  -7.4950522e-03  -1.4011646e-01   3.4219589e-02  -2.3637432e-01   3.4540996e-01   2.0716587e-01  -4.7802671e-01  -4.2500667e-01   6.3917224e-02   4.5466545e-01  -4.0061392e-01  -2.8689235e-01   2.2455826e-01  -4.8253344e-02   3.6661361e-01   9.0822937e-03   2.3101969e-01   2.4729003e-01
  -4.1878602e-01   0.0000000e+00   6.5212218e-01  -1.1918363e-01   5.5033982e-01  -1.9781322e-02   5.3962524e-01  -1.6266333e-01  -3.1117913e-01   4.0539531e-01  -2.2830114e-01   5.3621419e-01  -2.1444087e-01   1.2841473e-01   9.1455283e-02  -8.2084353e-02   7.0810286e-01   1.0235987e-01   1.5693551e-01   4.0806245e-01  -8.9362168e-02  -4.2464711e-01  -2.0654836e-01  -5.1283378e-01   3.6804940e-02  -4.4940705e-02   2.6249216e-01  -2.7767423e-01   2.5210396e-01  -7.9931646e-02   8.3585479e-01  -3.8974469e-01   1.0846943e-02   4.2492824e-01   3.0702101e-01   3.4286654e-01   5.7214188e-01  -1.0279471e-01  -3.4017563e-01   7.3827105e-01  -9.9258254e-02  -1.6231345e-01   1.2041651e-01  -3.3260578e-02   1.7730922e-01  -3.3002542e-01  -3.7500873e-01   2.7413652e-01   5.3922123e-01   4.6578265e-01  -4.4889466e-02  -2.6313666e-01   6.2678038e-01  -2.8050637e-01  -5.1938930e-01  -2.0627721e-01  -2.3483339e-01  -1.6270378e-01  -2.2309562e-01   1.7607207e-01  -2.8573713e-02   4.0344451e-01   3.8771283e-01   7.3058660e-01   5.9466682e-01   2.6117434e-01   2.0755757e-02  -1.0297060e-01  -5.4828209e-01  -1.7421512e-01   7.5365292e-01  -3.5690234e-01  -1.8950961e-01  -9.8262938e-02  -6.6224715e-02   1.2695526e-01  -1.6746223e-01   1.5369048e-01   4.6938099e-01   5.7412853e-02  -2.4444698e-02  -2.4826379e-01   3.5701591e-01   1.6736307e-01   2.6662369e-01  -2.1651935e-01   6.7225406e-01  -2.5316806e-01  -1.5237332e-01  -4.1270041e-01   5.1351908e-01  -9.6010272e-02   2.4532497e-01  -1.3172573e-01  -6.7888890e-02   4.3897914e-01   2.0310606e-02   1.1064481e-01   3.9018366e-01   4.2872318e-01  -2.3259396e-01  -1.9058462e-01  -3.4612218e-01   7.1750354e-01  -4.3459391e-01  -1.6865141e-01   1.3947168e-01  -2.1453405e-01   5.4438621e-02   3.0684757e-01   3.2379300e-01  -4.7832807e-01  -4.6331356e-01  -3.8282014e-01  -1.8871974e-02   6.7889822e-01  -1.0748267e-01  -1.8690638e-01  -1.5291683e-01  -1.7239393e-01  -4.9977500e-01   3.7842839e-01  -1.3556381e-01   2.9150310e-03  -3.7918891e-01   5.9614510e-02  -1.0401212e-01  -1.2077477e-01  -3.6401173e-01   1.2735357e-01  -2.4695525e-01   6.5761023e-01   7.4964351e-01  -1.1695941e-02  -4.1020105e-01  -6.3294773e-02  -2.5923653e-01  -1.1839951e-01  -4.2681416e-01  -1.3559828e-01  -3.9501032e-01  -1.9215968e-01  -1.3482329e-01  -3.8135018e-01  -2.8161520e-01   2.8240143e-02   5.6766440e-01   2.9538425e-01  -4.3822758e-01   4.4682950e-01  -3.1152730e-01  -1.0777505e-01  -3.8214770e-01   4.7044860e-01   5.2354571e-01  -1.4280419e-01  -2.9797990e-01  -2.8488602e-02   2.2749208e-01  -2.3770743e-01  -2.0721347e-01  -3.2876997e-01   6.6912747e-01  -3.0397817e-01  -2.8379697e-01   4.0818263e-01   2.6353593e-01  -4.3244008e-02  -3.9282936e-01   5.9464712e-01   2.5487717e-01  -5.2193301e-02   2.1654353e-01  -2.0543379e-01   3.3533996e-02  -7.2693177e-02  -4.1099318e-01
  -3.0073240e-01   6.5212218e-01   0.0000000e+00  -8.5935958e-02   3.9428257e-01  -1.5101464e-01   2.5710685e-01  -2.0649647e-01  -1.4696855e-01   1.3240303e-01  -2.1406265e-01   4.2397746e-01  -3.0830703e-01  -1.3764163e-01  -6.5911284e-02  -8.8007132e-02   8.8611578e-01  -1.5020813e-01  -1.0392396e-02   1.6986608e-01  -3.1938552e-01  -2.3139828e-01  -3.7024947e-01  -2.4829126e-01  -4.7988040e-03   6.7668040e-02  -2.2092471e-02  -2.4308793e-01   8.7922917e-02  -3.0769599e-01   4.8398018e-01  -2.4612105e-01  -9.7964675e-02   2.1205983e-01   1.4903805e-01   3.6900918e-02   1.8509289e-01   1.6186635e-01  -2.8876096e-01   5.9705474e-01  -1.6602490e-01   3.1659902e-03   1.2697566e-01  -8.9722847e-02   1.9829727e-02   7.7851570e-02  -3.8457481e-01  -6.0249431e-02   3.6622560e-01   5.6869829e-01  -1.4625956e-01  -1.3417604e-01   2.3547643e-01  -2.4177546e-01  -3.8219995e-01  -2.4610608e-01  -1.7259081e-01  -2.7954172e-02  -1.4595981e-01   7.1648754e-02   3.3820119e-01   3.5063622e-01   3.1619988e-01   3.6677874e-01   1.7395503e-01  -3.3792696e-02  -1.5564140e-01  -3.6488658e-03  -4.2488101e-01   2.4670252e-01   4.5305799e-01  -3.6113725e-01  -2.5787650e-01  -2.3980578e-01  -5.8569446e-02   5.0188271e-02   1.4996265e-01   1.4435264e-01   2.8592898e-01  -2.9095940e-02  -1.6241783e-01  -2.8225971e-01   1.4272366e-02  -7.7278813e-02   1.7564762e-01  -2.0223297e-01   3.6663029e-01  -2.3832695e-01  -1.2557739e-01  -2.2258384e-01   2.4992921e-01   3.5140156e-01   1.0754681e-01  -1.2458655e-01   2.6121874e-01   3.7752175e-01   6.5351657e-02  -4.3550141e-03   1.7134264e-01   1.3096043e-01  -6.7674916e-02  -2.2893679e-01  -2.9709219e-01   2.9564014e-01  -4.3373352e-01  -1.7622685e-02   7.4633429e-02  -1.3890261e-01  -1.1174716e-01   8.2901797e-02   1.0294628e-01  -4.5134064e-01  -3.4780542e-01  -6.4863055e-02  -5.7963883e-03   4.0731463e-01  -7.1854466e-02  -3.2472480e-01  -1.1845236e-01  -1.0804552e-01  -1.3925093e-01   2.1140316e-01  -5.2776081e-02  -2.2063688e-01  -1.0790405e-01  -1.9874118e-01  -8.4456538e-02  -1.3786964e-01  -9.8736611e-02   4.8296004e-01  -2.4857503e-01   3.8819187e-01   4.7238915e-01  -1.6263536e-01  -1.9284581e-01  -1.9311725e-02  -2.9452395e-01  -2.5195192e-01  -2.5958221e-01   1.0574152e-01  -3.3370562e-01  -1.3530564e-01  -3.4821754e-02  -1.8744124e-01  -3.5958134e-01  -1.9924443e-01   5.0541279e-01   1.0478453e-01  -3.6777556e-01   1.8414366e-01  -2.5194171e-01  -2.2402119e-01  -1.2006463e-01   1.6874267e-01   4.6780207e-01   1.6021592e-01  -1.7869454e-02  -2.4230540e-02   4.5098209e-01  -2.1636021e-01  -3.4412746e-03  -2.3735092e-01   3.7498062e-01  -4.0756636e-01  -1.0021246e-01   3.0733945e-01   1.1466494e-01  -1.1921054e-01  -3.7583068e-02   3.3902008e-01   1.0193730e-01   2.1813517e-01  -9.2955553e-03  -1.1094508e-01   1.2420341e-01   2.3951272e-02  -2.7958900e-01
  -1.3339971e-02  -1.1918363e-01  -8.5935958e-02   0.0000000e+00   9.6249291e-02   2.5968315e-01  -6.1811246e-02   3.7197714e-01   4.1676984e-01  -1.8933055e-01   9.0086579e-03  -7.6556770e-02  -8.7456819e-02   1.0866037e-01  -1.0502655e-02   3.0047708e-01  -3.6243021e-02   2.9210925e-01  -4.7357182e-02   1.4923458e-01   3.7950282e-01   4.9437962e-01   6.8828962e-02   1.6082962e-01   2.9890785e-01   1.2859145e-01   1.3246395e-01  -2.8837759e-02  -1.4477146e-01   3.7950485e-01  -1.0400985e-01   5.8036059e-01  -1.7784434e-01  -8.0993160e-02   7.6860027e-02   5.4361821e-02  -1.3021328e-02  -2.4697735e-01  -5.4110183e-02   6.3529630e-03   9.9564991e-02   1.2067189e-01  -9.0926535e-02   6.2666543e-02   3.7915899e-02  -2.0476035e-01   2.0337831e-01   2.2494838e-01   2.2141097e-01  -1.7509516e-01   2.7647379e-01   3.5672781e-01  -1.6083707e-01   1.3980776e-02   1.5610617e-01   7.0359672e-02   1.0526798e-01   4.0309323e-01   4.5023395e-01   1.7431975e-01  -1.2709995e-01   2.8513440e-01   4.5977801e-02  -1.0866495e-02  -9.3922319e-03  -3.2103212e-02   2.6072360e-01   9.3045412e-02   2.2897483e-01  -8.4418349e-02  -1.6877856e-02   3.0810500e-01  -9.7327356e-02   1.7911247e-01  -1.6325883e-02   4.0074896e-01  -2.3236651e-01   1.6517692e-01  -9.7037111e-02   4.7623722e-01   9.0536406e-02  -1.9839232e-01  -2.1249970e-02   1.8358858e-01  -1.4447399e-01   3.1427744e-01  -1.6649492e-01   2.8563247e-01  -7.5868292e-02  -7.8183821e-02  -1.0298575e-01  -1.3481716e-01  -8.1159348e-02   1.8421093e-01  -3.0741016e-01  -1.1885229e-01   4.4710659e-01   1.0534456e-01   2.6830624e-01   4.8103660e-02  -9.0662419e-02   9.8290434e-02   4.3229848e-01  -1.0263583e-01   2.3486309e-01   5.2366859e-01  -1.3327937e-01   3.5016827e-01   1.9864520e-02   2.6270883e-01  -1.5340980e-01   2.4820592e-01   5.4530584e-01  -1.6963045e-01   3.1414318e-02  -1.5412520e-01   1.9245104e-01  -1.0947484e-01   2.6334986e-02   7.8111168e-01  -7.7064193e-02  -5.1102018e-02   4.4402293e-02   4.5610554e-01  -1.4023666e-01   2.7979166e-01   1.4944955e-01   2.4210313e-01   5.8131664e-01  -3.0977860e-01  -1.0778033e-01  -2.1946376e-02  -2.0447348e-01   2.4999169e-01   4.8976388e-01   3.3560646e-01   1.7239387e-01   1.6465866e-01   4.3600982e-01  -1.6726920e-01   1.6134958e-01  -2.8425990e-01  -2.1684308e-01  -6.5496686e-02   1.5677455e-01   3.6731214e-01  -1.1137504e-01   9.5736408e-02   3.2919128e-01   1.2674058e-01   4.9285708e-02   1.5739437e-01   1.6731014e-01  -1.7629342e-01  -2.5053963e-01  -7.9699826e-02  -2.3274388e-01   2.0952458e-01  -1.3426629e-01   2.8202003e-01   3.8536179e-01  -8.7771494e-02   2.9064854e-03   3.5061873e-01   5.6916952e-01  -1.2999623e-02  -1.2179487e-01   2.2055639e-01   1.0515427e-01   2.1570165e-02  -5.7772395e-02  -2.3401396e-01   1.1027760e-01  -1.0745840e-01   9.8311113e-02   1.6788320e-01   6.2489198e-01
  -3.8060961e-01   5.5033982e-01   3.9428257e-01   9.6249291e-02   0.0000000e+00  -6.5317466e-02   2.0665086e-02   1.9166520e-01   1.0322229e-01   1.6186099e-01  -1.5344139e-01   4.4222855e-01  -9.1300174e-02  -1.8406367e-01   2.9662469e-02   1.1724548e-01   4.6611694e-01  -4.7716039e-02   2.2950987e-01   7.7284517e-01  -2.1265698e-01  -3.4039071e-01  -4.8359475e-01  -2.0129752e-01   2.3752549e-01   1.7126606e-01   1.1476325e-01  -2.6760665e-01   1.1180016e-01  -4.1759309e-01   4.2003321e-01  -9.7775503e-02   2.4043788e-03   3.0992796e-01   2.9353964e-01   3.4379532e-01   2.8305158e-01  -5.7726953e-02  -2.0952836e-01   6.0940509e-01   1.4334883e-01   1.3125480e-01   4.2279119e-01  -1.6045149e-01   2.5235308e-01  -2.4712471e-01  -2.0577457e-01  -1.0296076e-01   5.9705056e-01   6.5488850e-01  -1.9487582e-01  -3.7897432e-02   5.2858410e-01  -1.6141305e-01  -3.2746448e-01  -4.6277001e-01  -1.8857075e-01  -9.0838286e-02   3.0622005e-02   2.4240631e-01  -6.8508702e-02   4.3801020e-01   5.9313368e-01   5.8113426e-01   4.1255292e-01   2.3682591e-02   5.8376518e-02   4.6327056e-02  -3.7792950e-01  -3.8108701e-01   2.1055685e-01  -1.3788677e-01  -1.1841916e-01   2.3205842e-01   1.1668954e-01   1.5602637e-01  -1.5843181e-01   2.7540145e-03   6.3922316e-01   4.3226997e-01  -2.8524247e-01  -3.1334507e-01   1.4430850e-02   3.6412089e-01  -7.7686809e-02  -1.4282523e-01   4.6087909e-01   6.6035040e-02   1.8554397e-01  -7.8081271e-02   7.1821820e-01   4.4109578e-02   4.9999297e-01   1.5797096e-01  -8.9282791e-03   8.0198540e-01   3.0497095e-01   1.2786651e-01   4.8602547e-01   1.7134661e-01  -4.6703435e-01  -5.8208404e-02  -2.8934952e-01   3.7306709e-01  -3.9010074e-01   3.1682965e-02   1.6571908e-01   3.1812391e-02   4.0310045e-02   1.6027897e-01   1.6927064e-01  -3.8617886e-01  -2.8537292e-01  -1.4427925e-01  -2.3581110e-01   6.4303003e-01  -2.2957944e-01   4.6601579e-02  -3.7983638e-01   1.0764159e-01  -3.0618083e-01   8.2274351e-01   3.1965171e-01  -2.2699585e-01  -1.7148237e-01   5.1252098e-02   9.8633265e-02   1.0496529e-01  -2.5627792e-01  -2.6596546e-01  -2.0198145e-01   1.8510745e-01   6.2363954e-01  -3.1931417e-01  -9.6760092e-02   2.7758356e-01  -1.5853158e-01  -4.2227896e-01  -1.6838149e-01  -6.3340184e-04  -3.3179386e-01  -1.5499894e-01  -1.7481985e-02  -5.9495633e-01  -2.0443501e-01  -2.3553075e-01   4.4231930e-01   1.9774684e-01  -3.0736291e-01   1.8646011e-01  -3.7920830e-01  -1.4762972e-01  -7.9513069e-02   2.5015262e-01   3.1000055e-01   3.6267687e-02  -1.6914741e-01   1.2007549e-01   2.5430554e-01  -3.1891674e-01  -2.5635621e-02  -5.9654195e-02   3.9751794e-01  -2.7873095e-01   6.3462994e-02   5.7508472e-01   1.8839079e-01   1.7016469e-01  -7.9799705e-02   6.9643588e-01   5.4924869e-01   7.8140571e-03   2.4192306e-01  -3.7620843e-01   1.4280218e-01   1.3016713e-01  -1.0122109e-01
   9.1353973e-02  -1.9781322e-02  -1.5101464e-01   2.5968315e-01  -6.5317466e-02   0.0000000e+00   5.6937194e-03   3.8132883e-01   1.0972225e-01  -6.0275989e-03   6.7296579e-02  -2.5313871e-01   8.2132439e-02   3.8992713e-01  -1.8726455e-01  -1.5110765e-02  -6.1657330e-02   1.8204886e-01   1.2370624e-01  -2.9524573e-02   4.2668895e-01   3.3693069e-01   2.3729974e-01   1.0196836e-01   1.4021707e-01   3.5782988e-01   3.9788254e-01   3.0571960e-01  -1.6777086e-01   4.9496824e-01   4.0099946e-02   2.9753515e-01  -1.2307577e-01  -2.7380966e-01  -3.0071380e-01   8.9252871e-02   8.7393268e-03  -3.0062537e-01  -2.1171442e-01  -2.2388142e-02   2.0822945e-01  -1.4741793e-01  -2.8520360e-01   4.5991188e-01  -2.5988307e-01  -1.9592161e-01   2.4105632e-01   3.6828187e-01   8.0100772e-02  -2.3695631e-01   1.2009084e-01   3.8610722e-01  -9.6442932e-02  -1.4356676e-01  -4.0482045e-02   3.4319226e-01   5.1005403e-01   3.0777802e-01   2.7980826e-01  -5.6314913e-02  -4.5516481e-03  -1.1033153e-01  -6.6861918e-02  -4.3239013e-02  -9.5378619e-02  -5.3691624e-02   7.1239327e-01   4.6422630e-02   3.5083383e-01  -1.2796783e-01   8.2451448e-02  -7.5226231e-02  -1.2036439e-01   1.8895672e-01  -3.1227808e-01   3.5527158e-01  -9.7174113e-02   4.2528435e-01  -2.3103747e-01   1.8342787e-01   4.0498108e-01  -2.6292008e-01   3.5292348e-01   2.0194736e-01   4.5477854e-02   2.8326199e-01  -2.2592172e-01   1.1513784e-01  -2.0889040e-01  -2.1431991e-01  -1.4175847e-01  -1.0867218e-01  -1.1370451e-01  -1.5036544e-01  -2.4928336e-01  -1.7550508e-01   1.6640728e-01   5.2578812e-01   1.1309358e-01   4.7817717e-02   8.9332589e-02  -6.7049309e-02   5.6307078e-01   7.0108916e-02   1.3870162e-01   3.5560827e-01   5.7457141e-02   4.9706709e-01  -2.6376251e-02   4.0955380e-01   5.5076445e-02   3.0905343e-01   1.7482789e-01  -2.8960724e-01   1.9172793e-01  -1.5745895e-01   4.3141267e-01  -3.6597983e-02   3.8909126e-01   2.5941561e-01  -1.7516347e-01  -2.5140257e-01  -1.3778147e-01   3.6454352e-01  -1.9127262e-01   2.0876507e-01  -1.4673004e-01   8.5180617e-02   3.5474611e-01  -1.2695940e-01  -1.4881739e-01   1.6921508e-02   6.6445663e-02   3.6708881e-01   3.1521132e-01   2.3207406e-01  -2.5425676e-02   5.3369416e-01   3.2974502e-01  -1.3637781e-01   2.6259763e-01  -2.1042317e-01  -7.9168859e-02   1.0241215e-01   9.7699610e-03   4.1406705e-01  -1.3282970e-01   1.9612134e-01   2.3700623e-01   1.1425436e-01  -2.7973410e-02   6.1468734e-01   4.8737286e-02   1.0897828e-01  -8.6613679e-02  -2.7243653e-01  -7.4539294e-02   1.9570149e-01  -2.8420755e-02   4.6807618e-01  -1.2028366e-01  -8.2608555e-02   1.9986565e-01   2.9044031e-01   3.2577923e-01  -2.7715868e-01  -7.2814990e-02   3.6733879e-01  -1.7078052e-02   6.8432510e-02  -2.8507152e-01  -2.1271396e-01   5.2349906e-03   4.9806041e-01   1.2118424e-01   1.4207075e-02   3.9374069e-01
  -4.8863167e-01   5.3962524e-01   2.5710685e-01  -6.1811246e-02   2.0665086e-02   5.6937194e-03   0.0000000e+00  -2.0975081e-01  -1.6991548e-01   6.5128868e-01   1.0070441e-01   4.7965213e-01  -1.4102918e-01   5.4754664e-02   5.1442505e-01  -1.1574256e-01   1.4036659e-01   1.4826101e-01  -1.1340655e-01   1.9386427e-01   1.7760552e-01  -2.5415807e-01   3.7188112e-01  -4.8688844e-01  -1.4720445e-01  -1.2197967e-01   3.6501723e-01  -2.1374310e-01   9.7631492e-02   1.0892725e-01   6.8977625e-01  -3.2815527e-01  -1.6070803e-01   5.8887326e-01   5.3200791e-01   4.3103573e-01   4.2527590e-01  -2.5886741e-01  -2.3420140e-01   4.7910045e-01  -1.9261851e-01  -5.4905439e-01   3.4367738e-02  -1.5155756e-01   3.5884750e-01  -4.7983391e-01  -1.1857604e-01   5.5667207e-01   2.5445119e-01  -4.5497638e-02   3.0714764e-01  -2.7193764e-01   3.9677683e-01  -3.2991466e-01  -2.1084499e-01   7.7197038e-02  -2.7730003e-01  -1.7497079e-01  -1.9526338e-01   3.2792833e-01  -4.2670213e-01   4.6598475e-01   5.9124151e-02   4.8792850e-01   4.0657273e-01   5.7372588e-01  -3.9687902e-02  -3.3018229e-01  -3.6725521e-01  -1.5221472e-01   7.2630216e-01  -1.8632683e-02  -3.7491568e-02  -1.0998073e-01  -2.4223834e-01   1.0765795e-01  -4.2806756e-01   9.9595453e-02   1.9695524e-01  -2.2945997e-01   3.7611910e-01  -5.2035595e-02   3.9040928e-01   2.1894463e-02   2.0168927e-01  -9.4234746e-02   6.1588476e-01  -4.4698946e-01  -1.8402987e-01  -5.4068396e-01   9.6257666e-02  -4.5325289e-01   2.6194525e-01  -9.7061128e-02  -2.9672857e-01   7.6027766e-02  -2.7673916e-01   1.7497032e-01   9.6083055e-02   6.6229969e-01  -1.7868114e-01   8.7225630e-02  -2.7032109e-01   3.5149774e-01   3.9314126e-02  -2.8882565e-01  -7.5886498e-02  -1.0529467e-01   3.5175362e-01   1.1865888e-01   4.1495244e-01  -1.4047115e-01  -1.9948410e-01  -5.1235929e-01   1.9791489e-01   2.2788627e-01  -9.0349978e-03  -5.8697821e-02  -2.1790549e-01  -2.3803711e-01  -5.7069542e-01  -4.1546265e-03  -3.1036061e-01   2.2713204e-01  -5.5715799e-01   2.6689815e-01   3.0361769e-02  -1.8885772e-01  -2.5908725e-01  -4.5472470e-03  -8.7746426e-02   7.4577398e-01   2.7951942e-01   2.6175950e-01  -3.7769223e-01  -9.0168252e-02  -3.1947827e-01   1.2478369e-01  -3.3006250e-01  -3.0189481e-01  -4.2831924e-01  -2.0290927e-02  -3.5284502e-02  -1.3174292e-01   1.5978807e-01   3.3248837e-01   6.0944425e-01   4.9634732e-02  -2.8044246e-01   4.8227132e-01   6.8189651e-03   5.3090755e-02  -6.2558726e-01   3.7036873e-01   1.8469538e-01  -4.3020110e-01  -5.3363929e-01  -3.7741029e-02  -3.0110568e-01   6.7649008e-02   5.0905296e-03  -8.7612414e-02   4.4834101e-01  -3.0253098e-02  -4.6144585e-01   2.4128215e-01   4.7772011e-01  -2.1845328e-01  -7.0362858e-01   1.8792081e-01   4.1458426e-02  -2.8717536e-01   2.3022688e-01  -2.3252445e-01   5.7848626e-03  -4.0446492e-01  -4.0485834e-01
   1.9577108e-01  -1.6266333e-01  -2.0649647e-01   3.7197714e-01   1.9166520e-01   3.8132883e-01  -2.0975081e-01   0.0000000e+00   1.2762212e-01  -1.8107820e-01  -4.2285846e-03  -5.5644629e-02   3.7414728e-02  -1.0018790e-01  -7.3337040e-02   2.2280139e-01  -9.9157320e-02   1.0318414e-01   3.1883840e-01   1.3130073e-01   1.8819874e-01   2.9338354e-01  -1.8635618e-01   3.2589835e-01   2.9964524e-01   4.4207339e-01   1.3738584e-01   1.5132825e-01  -2.4054362e-02   1.0730317e-01  -1.5553861e-01   3.6834797e-01   3.0256614e-02  -1.1638290e-02  -8.7855508e-02  -9.0147737e-03  -2.3178298e-01  -5.5594591e-02  -3.2699810e-02  -7.8841757e-02   1.3465321e-01   1.8070642e-01   1.4870883e-01   4.5667526e-02  -7.6648105e-02   2.3914169e-02   2.2199742e-01  -5.5600520e-02   1.3392078e-01  -4.6271300e-02  -5.7915743e-02   4.8803598e-01  -4.3670458e-02  -1.5940145e-01   4.7530572e-02  -1.9178973e-01   2.6437105e-01   2.6653717e-01   3.6464844e-01   4.5699954e-02  -5.7499611e-02  -9.8124677e-03   4.4926624e-02  -5.1239729e-03  -1.2775533e-01  -1.2032135e-01   4.1069167e-01  -4.7718883e-02   3.7141174e-01  -1.1524538e-01  -2.6101878e-01   1.4029876e-01  -1.3840845e-02   2.8731866e-01   5.2891126e-02   3.0888430e-01   1.7367830e-02   3.5613402e-02   4.0757207e-02   3.4001585e-01  -1.6009580e-01  -3.3738742e-02  -1.1832176e-01   4.9440903e-01  -4.2648898e-01   1.8203982e-01  -2.5365840e-01   2.1888863e-01  -9.8895838e-03   3.0573428e-01   1.6927904e-02  -9.7830219e-02   9.6551027e-03   1.3217232e-01  -3.8421725e-02   4.2256239e-02   2.8571935e-01   4.6169516e-01   1.3917342e-01  -8.8298987e-02  -2.5687886e-01   1.6208012e-01   2.2072293e-01  -1.4550128e-01   4.8476245e-02   3.0552531e-01  -1.9909759e-02   4.9858686e-01  -1.0514142e-01   2.5038028e-01  -8.1026726e-02   1.1679804e-01   2.6740362e-01   1.2666092e-01  -2.9115479e-01   2.8294627e-02  -7.3963048e-02   1.0200558e-01  -1.0596858e-01   3.2815450e-01   1.1932063e-01   1.2774244e-01   2.1985715e-01   3.4269782e-02   1.8590084e-01  -7.1112362e-02   3.1501331e-02   1.8973230e-01   3.2832402e-01  -4.3609380e-01  -5.2648069e-02  -1.5901633e-01  -1.5932760e-01  -1.1963756e-01   4.1402844e-01   5.5329235e-01   1.1972967e-01   1.6228572e-01   4.7412634e-01   2.8460497e-01   3.0943885e-01  -1.0388436e-01  -9.5010014e-03  -2.1310822e-01  -1.6496602e-01  -1.8689320e-02  -1.8854310e-01  -6.9713402e-02   2.9783332e-01  -1.4162880e-01  -3.0339675e-01   1.7186054e-01   2.0565181e-01  -9.2420621e-02  -2.0811045e-01   7.6350684e-02   9.0814467e-02   1.1376029e-01  -1.4453141e-01  -6.3172625e-02   1.5210320e-01   1.7000057e-01  -4.8208583e-02   1.3348016e-01   3.8617326e-01   4.1618444e-02  -1.1285278e-01   4.5523124e-01   1.0959373e-01   2.1636303e-02   1.2127144e-01  -3.4091362e-02   6.3671016e-02   1.3414713e-01   1.4265305e-01   1.8652199e-02   4.7315125e-01
  -2.6880769e-02  -3.1117913e-01  -1.4696855e-01   4.1676984e-01   1.0322229e-01   1.0972225e-01  -1.6991548e-01   1.2762212e-01   0.0000000e+00  -1.7123705e-01   2.3517091e-01   1.0270818e-01   1.0626783e-01  -1.1046008e-01   1.3277334e-02   1.0328782e-01  -1.1895307e-01   1.1308418e-01  -2.5861114e-02   1.6483380e-01   1.2510848e-01   4.3357084e-01  -8.5588828e-02   9.3038809e-02   2.2940238e-01   9.3979580e-02   1.0520315e-01  -3.1622588e-02  -1.6732473e-01  -2.4545813e-02  -3.7245516e-01   3.9276730e-01  -1.9917171e-01  -1.4890297e-01   2.3110788e-01   5.0406833e-02  -1.9284759e-01  -2.5123427e-01  -5.1962935e-02  -9.8441364e-02   2.0500219e-01  -9.3259727e-02   1.2604430e-01  -1.5464075e-01   1.8829921e-01  -2.1580340e-01   3.5558493e-01   1.8533168e-02   1.8936727e-01  -1.1126911e-01   1.5618800e-01   1.6449856e-01  -1.5316847e-01   6.4762006e-02   7.6172095e-02  -7.7519216e-03  -3.4434969e-02   3.2754649e-01   3.1200740e-01   4.8415061e-01  -2.4046993e-01   2.0172351e-01   1.9672760e-01  -2.5769431e-01  -3.4081475e-02  -2.2111285e-01   3.6712341e-02   1.6395857e-01   2.4736858e-01  -1.3467484e-01  -2.1971523e-01   4.5506272e-01  -4.1579130e-02   4.5050267e-01   6.5580136e-02   1.9356677e-01  -3.3067480e-01  -1.3095641e-01  -7.9852239e-02   2.5936917e-01  -2.2090524e-02  -2.6776332e-02  -1.8254035e-01   9.4129996e-02  -1.7013449e-01   2.3124564e-01  -4.6188520e-03   2.7228865e-01   8.7065888e-02   2.5181534e-02  -2.7571149e-02  -1.7864232e-01  -6.4733434e-02   5.8513916e-01  -3.4136219e-01   2.3285899e-02   2.5996404e-01  -5.2091372e-02   1.3926405e-01  -2.7954123e-01  -2.2258627e-01   2.2343445e-01   1.5568488e-01  -1.2675788e-01   4.2099054e-01   2.4896638e-01   1.2996175e-01   3.1435142e-01  -6.1133694e-02  -5.7363818e-02  -1.3160049e-01   4.1334209e-01   2.9881802e-01  -9.8920998e-02  -4.1890993e-02  -1.9021806e-01   1.7245896e-01   1.3084288e-01  -1.0697271e-01   4.9499561e-01  -1.4222984e-01   4.7484286e-02   2.6690170e-01   2.8058309e-02  -1.8320623e-01   3.9846386e-01   2.6752756e-01   1.7236873e-01   3.5624149e-01  -2.5406646e-01  -4.0101703e-02  -2.9620100e-01  -1.1853503e-01  -8.7288053e-03   4.6582671e-01   4.1942187e-01   1.4134920e-01  -7.9004115e-02   2.9920585e-01  -3.8300810e-02   9.4686455e-02  -7.2364910e-02   2.7684794e-01  -7.7467498e-02   1.7967408e-01  -8.2250937e-03  -1.7494185e-01   4.8251036e-03   1.5286840e-01  -1.0496276e-01   1.3016141e-01   1.5657680e-02   1.0168929e-01  -8.7550067e-02  -7.4665954e-02  -1.0605542e-01  -2.6715754e-01   2.7022203e-01  -1.9302282e-01   1.0268341e-01   2.3276592e-01   3.2560792e-01  -1.6647014e-01   3.4212409e-01   4.6268948e-01   1.1014979e-02  -3.3301862e-02   1.2255274e-01   5.9648251e-02  -1.3508975e-01   8.4134724e-02  -2.9124649e-01   2.1973094e-01  -8.5847222e-02  -2.4527128e-07   2.4090580e-01   4.7372911e-01
  -4.1010918e-01   4.0539531e-01   1.3240303e-01  -1.8933055e-01   1.6186099e-01  -6.0275989e-03   6.5128868e-01  -1.8107820e-01  -1.7123705e-01   0.0000000e+00   2.2952811e-01   1.8574194e-01  -1.7022061e-02   4.5915999e-02   3.5247166e-01  -2.8868263e-01   1.4427752e-02   1.6486496e-01  -3.9695270e-02   5.1814266e-01   2.9583935e-01  -3.8182700e-01   3.7174723e-01  -4.9447780e-01  -2.2321385e-02  -1.5165077e-02   4.6827483e-01  -3.0404954e-01   5.4009519e-02   6.9685899e-02   5.5521399e-01  -3.8564374e-01  -5.0967161e-02   3.9876828e-01   2.7665300e-01   6.8430573e-01   4.9273982e-01  -3.0636780e-01  -1.4022514e-01   5.8154812e-01   1.0035919e-02  -3.1794700e-01  -9.3819006e-02  -6.9892516e-02   2.0020748e-01  -4.4768051e-01   1.7289346e-01   5.8145817e-01   3.3948150e-01  -1.0775922e-01   1.9972159e-01  -1.9526191e-01   4.9263813e-01  -2.5553905e-01  -2.5008659e-01   6.6792181e-02  -2.0671827e-01  -3.0232759e-01  -1.9171859e-01   3.9050543e-02  -3.8912452e-01   2.8326395e-01  -5.6492086e-02   4.6597460e-01   2.8700178e-01   5.9147685e-01   5.2106573e-02  -1.4860232e-01  -2.2999976e-01  -2.0285020e-01   6.3645753e-01  -3.6587735e-02   6.2801916e-02  -2.0071839e-01  -2.1721528e-01  -5.8486434e-02  -3.6053486e-01   5.0893211e-02   9.4013251e-02  -2.0064562e-01   1.6785649e-01  -1.5380021e-01   5.3906926e-01   1.0152259e-01   1.4097300e-01  -2.7247127e-01   4.8625053e-01  -4.5882598e-01  -2.0704125e-01  -3.5902804e-01   1.6714903e-01  -3.7225644e-01   5.4637315e-01  -1.5795352e-01  -1.8636380e-01   2.9434315e-01  -1.8959201e-01   1.6687186e-01   1.5022960e-01   6.3748510e-01  -2.8168510e-01  -5.5061908e-02  -3.0957686e-01   2.3903047e-01  -2.1952780e-01  -3.6651259e-01   2.0496102e-02  -1.3594896e-01   4.5806334e-01   3.1963752e-01   3.8434883e-01  -2.7037920e-01  -1.8349544e-01  -3.9932848e-01   1.1485059e-01   2.5961828e-01  -4.2899911e-02   9.7878403e-02  -2.9881429e-01  -3.0720470e-01  -4.7116058e-01   1.1455651e-01  -2.6048124e-01   2.0539997e-01  -4.6124755e-01   3.7724754e-02  -1.0324327e-01  -2.1838745e-01  -3.1784882e-01  -1.8405632e-01  -8.1272467e-02   5.5096079e-01   2.7374910e-01   2.8913399e-01  -3.6113196e-01  -1.9490704e-01  -2.9656764e-01   6.3795972e-02  -3.8463142e-01  -2.1386941e-01  -3.6832471e-01   6.5608179e-02   1.4916718e-02  -2.8194821e-01   6.4233480e-02   2.8284651e-01   4.7166332e-01   2.3561682e-01   1.2416634e-02   5.4789758e-01  -5.1839149e-02   9.3812899e-02  -5.4703959e-01   3.7862863e-01  -9.3745851e-02  -4.1115737e-01  -3.0918289e-01  -1.9466618e-01  -2.2706198e-01  -8.7598118e-02  -8.8733704e-02   2.1568660e-02   5.5790400e-01   1.2397025e-02  -4.9599056e-01   1.8716651e-01   5.3360419e-01  -2.4007368e-01  -5.7880060e-01   4.2363559e-01  -1.0252687e-02  -2.3276799e-01   2.2190620e-01  -3.0428741e-01  -1.2653398e-01  -3.3211795e-01  -4.7104637e-01
  -1.0508801e-01  -2.2830114e-01  -2.1406265e-01   9.0086579e-03  -1.5344139e-01   6.7296579e-02   1.0070441e-01  -4.2285846e-03   2.3517091e-01   2.2952811e-01   0.0000000e+00   3.5522808e-05  -4.2401560e-02  -1.5255808e-01   4.9169810e-01   4.1144217e-02  -3.2653776e-01   2.4629850e-01   1.3968089e-01   5.8515031e-02   5.3666504e-02  -1.0411941e-01   5.0058472e-01   7.1200389e-03   9.6324247e-02   1.8578760e-01   2.5102124e-01  -1.1263078e-01   1.4828099e-01  -1.0759768e-01  -3.6440984e-02  -6.0744777e-02  -1.7714715e-01   2.9926648e-01   2.1115719e-01   3.7783899e-01   6.8786024e-02  -9.5268062e-02  -1.1913416e-01  -9.0788190e-02   2.1769000e-01  -4.2650766e-02  -1.2335692e-01   1.2240881e-01   2.8300578e-01  -7.8739775e-02   4.0380835e-01   1.1551467e-01  -1.3296777e-01  -1.6850712e-01   3.5657823e-01   9.8237837e-02   1.7723135e-01  -7.2299360e-02  -8.2241967e-02   4.3729022e-01  -1.9682430e-01  -8.4992478e-02  -2.0775294e-02   1.3140349e-01  -2.3821765e-01   9.1435394e-02  -1.0831248e-01   5.7126669e-02   1.0867963e-01   2.2879041e-01  -9.5970794e-02  -1.0886760e-01   3.9988819e-01  -1.2399490e-01  -6.8210384e-02   3.9357446e-01   3.6519815e-01   1.0360075e-01  -1.2164910e-01   3.7238395e-03  -1.1406793e-01  -2.9196952e-02  -1.1290294e-01  -1.1767291e-02   2.0503410e-01  -5.0114107e-02   1.9274029e-01   1.3893718e-01  -7.5277536e-03   8.3880080e-02   9.4855928e-02   1.2422347e-02   3.7606123e-02  -1.4353935e-01  -2.5713877e-02  -1.0017832e-01   3.7403710e-01   1.2501594e-01  -5.9373277e-02  -1.1606234e-01  -3.0723615e-02   1.5628165e-01  -7.4281637e-02   1.1246274e-01  -4.8339581e-02   4.4474684e-01  -1.5628350e-01  -1.7780459e-01   3.5241519e-01  -1.8860447e-01   3.7231854e-02   3.4221703e-01   3.2267791e-01  -1.1799276e-01   4.1414420e-01   1.9284515e-01   4.0772457e-02  -9.2726162e-02   1.1922668e-01  -6.3909837e-02   1.7652551e-02   1.8038710e-01  -1.2518882e-01  -6.4375102e-02  -7.5682005e-02  -7.2916944e-02   1.0866944e-01   6.3282518e-02  -1.9252972e-01   2.4096759e-01   4.3060116e-01  -3.3101261e-02  -1.2043741e-01  -2.0632192e-01  -3.8458367e-02   1.6035536e-01  -1.5619815e-01   2.5133465e-01  -2.0806136e-01   1.0383565e-01  -5.2186114e-02  -6.3179524e-02  -1.0949546e-01  -2.0818189e-03   5.9153611e-02  -1.0681144e-01   3.9910329e-01  -1.4902875e-01   6.2864410e-01   2.2573510e-01   1.0649196e-01   4.5308001e-02   2.7574259e-01   1.7422258e-01   1.6886076e-01   1.1722568e-01  -1.2813766e-01   3.8468244e-01  -2.7448687e-01  -1.7443145e-02  -3.5046873e-02  -6.6677390e-02  -1.3626963e-01   1.3168624e-01   6.6047178e-02   4.5803600e-01  -1.0473658e-01   9.7516628e-02  -1.9027670e-01   1.1284227e-01   5.9125321e-01  -6.4816661e-02  -1.9820645e-01   6.5822476e-02   1.0308665e-01  -9.0031271e-02   2.5015130e-01  -7.0843024e-02  -1.0501765e-01  -1.8390264e-02  -3.0986088e-03
  -5.0582379e-01   5.3621419e-01   4.2397746e-01  -7.6556770e-02   4.4222855e-01  -2.5313871e-01   4.7965213e-01  -5.5644629e-02   1.0270818e-01   1.8574194e-01   3.5522808e-05   0.0000000e+00  -1.6276703e-01  -4.1808694e-01   4.5596198e-01   1.9908508e-01   4.0032485e-01   4.1862948e-02   1.0710972e-01   3.3514559e-01  -2.2180375e-01  -2.8704467e-01  -3.8721080e-01  -3.1970969e-01  -5.9223170e-02   6.6719619e-02   1.2859865e-01  -4.8663241e-01   1.0505660e-01  -4.2854460e-01   4.8099142e-01  -2.8563738e-01  -7.4902145e-02   7.4877367e-01   7.1133891e-01   1.7949375e-01  -1.4850814e-03   1.1067281e-01  -1.2384844e-01   3.5344131e-01  -1.7111686e-01  -1.5004044e-01   6.4669379e-01  -6.2045017e-01   6.2711036e-01  -2.0664499e-01  -1.8277744e-01  -4.3720490e-02   3.7590130e-01   4.1163098e-01  -4.7532447e-02  -2.3400627e-01   5.1896582e-01  -2.5567236e-01  -4.2594539e-01  -4.8264060e-01  -3.8493334e-01  -1.1119105e-01  -1.8233152e-01   7.8732799e-01  -2.4170340e-01   4.1841119e-01   5.0992382e-01   3.5577669e-01   4.5201996e-01   3.0037626e-01  -2.7589289e-01  -1.3919488e-01  -5.1261830e-01  -2.2523592e-01   2.2705105e-01   1.4957865e-01   3.3344357e-02   2.5494957e-01   1.4577506e-01   9.9231687e-02  -2.0076932e-01  -3.1765023e-01   7.4720366e-01   3.3058447e-02  -3.3442148e-01   6.6014215e-02  -2.7693298e-01   1.7135382e-01  -3.2559813e-01  -1.0773010e-01   5.8457949e-01  -3.0356671e-01   3.9598290e-02  -1.4178836e-01   5.8572397e-01  -1.8026426e-01   2.9937188e-01   5.1765111e-01  -1.8920419e-03   4.7176997e-01  -4.2382823e-02   6.4590723e-02   2.6321319e-01   1.6821235e-01  -5.7117540e-01   3.7219661e-01  -4.7769988e-01   3.5765210e-01   4.4651431e-02  -1.3934113e-01   9.2384269e-02  -8.8692774e-02  -2.0719501e-01  -2.4598704e-01   3.2973466e-01  -1.1685190e-01  -4.1345718e-01  -1.8304979e-01  -4.3058820e-01   5.9816715e-01  -3.7442080e-01   7.0555562e-02  -5.9246853e-01  -5.7388710e-02  -3.1258517e-01   5.5546281e-01   3.3463573e-01  -3.5142883e-01  -2.1223226e-01   2.1993776e-01   4.4924827e-01  -1.9918386e-02  -3.6665506e-01  -1.8432750e-01  -4.7252322e-03   4.3705254e-01   3.1939253e-01  -4.4597506e-01  -2.9096465e-01   3.7011595e-01  -1.5708489e-01  -4.5510768e-01  -1.7527138e-01   1.0546981e-01  -5.5043092e-01  -4.7304689e-02   3.2890404e-01  -5.8327028e-01  -2.5887439e-02  -3.0878645e-01   4.8407451e-01  -6.6400074e-03  -4.4716776e-01  -4.6911822e-02  -4.3950749e-01  -3.7466808e-01  -3.5875040e-01   2.4202087e-01   4.7298874e-01   7.1609647e-02  -3.1135020e-01   2.2716011e-01  -3.7646489e-02  -4.4301765e-01   9.9390688e-02   1.7377834e-01   1.0222031e-01  -2.9341319e-01  -8.0364129e-02   7.3859466e-01   3.7364429e-01  -1.8360272e-01  -3.0830759e-01   1.6402412e-01   7.2993840e-01   5.2357222e-02   3.6425380e-01  -3.4305786e-01   2.1510904e-01  -1.6310976e-01  -2.2540966e-01
   3.3192608e-01  -2.1444087e-01  -3.0830703e-01  -8.7456819e-02  -9.1300174e-02   8.2132439e-02  -1.4102918e-01   3.7414728e-02   1.0626783e-01  -1.7022061e-02  -4.2401560e-02  -1.6276703e-01   0.0000000e+00  -9.8890463e-03  -8.1306246e-02   1.7241875e-01  -2.3564425e-01   1.8196378e-01  -1.5660909e-02   4.8365495e-02   2.2794164e-01   2.7457879e-01   6.3745130e-03   1.7533859e-02   3.3461310e-02   8.5441001e-02   5.1111244e-03   5.0869634e-02  -9.0434911e-02   1.5469453e-01  -2.1532918e-01   1.3503371e-01   4.1667773e-02  -2.7755898e-01  -2.0665168e-01   1.2278220e-01  -1.1735725e-01   1.8178322e-01   4.9047471e-01  -2.0079288e-01   6.1130067e-01  -8.8744585e-02   1.3439796e-02  -1.6319412e-01   8.1775130e-02  -9.2689381e-02   3.2174284e-01  -9.0798894e-02   6.8244660e-02  -9.2777918e-02   1.9582353e-01  -8.8172920e-03  -1.6860665e-01   1.4671446e-01   9.9227073e-02  -1.3695478e-01   1.5522333e-01   1.4362483e-01   2.5204872e-01  -4.0758903e-02  -5.7395429e-02   2.2565581e-02  -5.2247053e-02  -2.9341158e-01  -4.9890813e-02   5.5516245e-02   1.2187323e-01  -1.0363933e-01   6.2989687e-02  -2.9256669e-01  -1.5739310e-01   1.7147846e-01   4.4691845e-01   8.7085657e-02   7.5800811e-02  -1.1898203e-01  -1.2632459e-02  -2.5231815e-01  -6.2852615e-02   1.7450017e-01  -4.7204380e-02   4.6679170e-01  -8.5362602e-02   8.2155427e-02  -1.2535395e-01  -7.7449470e-02  -1.9552236e-01  -3.3091144e-02  -1.7781257e-03   2.0132101e-01  -5.8221560e-02  -9.4052668e-02  -1.9493874e-01   2.0141102e-02   9.9150997e-02  -7.9105762e-02   2.1829466e-01  -8.8791663e-02  -8.5367451e-02  -1.4133894e-01  -2.2524168e-01   8.2605568e-02   1.3502108e-01  -3.8206663e-02   2.6876885e-01   1.2047263e-01   1.5323995e-01  -1.1179402e-01  -9.5645794e-02  -4.4769411e-02  -2.3142293e-01   2.1580024e-01   6.0388199e-02   6.4172897e-02  -2.4356144e-01  -2.1259128e-01  -9.2984069e-02   5.5510295e-01  -1.6374088e-01  -1.3809917e-02   6.0714941e-02  -4.5242394e-02  -9.7470173e-02   1.3073601e-01  -1.3418615e-02  -2.2021031e-01   7.8754946e-03   2.8203795e-01   1.6689901e-01  -3.0688287e-01   7.0097017e-01  -1.6108941e-01  -2.4544456e-01   4.2438556e-02   2.0415930e-01  -8.3793832e-02   2.8853055e-01   2.1594183e-02   1.1029293e-01   2.4293543e-01   2.0946061e-02   3.9656389e-01  -4.1997256e-02  -6.6717419e-02  -1.0675089e-01   3.2583675e-02  -2.8033930e-01   1.5829902e-01   1.1669089e-01  -1.4501179e-01  -8.8795076e-02  -7.1747137e-02   4.1568584e-02  -1.6859486e-01  -1.2388316e-01   1.8113735e-01   1.7484336e-01   1.7457959e-01  -1.2354988e-01  -5.6233351e-02  -1.0787101e-01   8.4717851e-02  -1.8201075e-02   3.0080895e-01   2.0427089e-01  -2.1662473e-01  -1.3996642e-01  -2.4062687e-01   1.2576426e-01  -2.4113717e-01  -4.7362117e-02   2.0116613e-01   4.7078063e-02   1.9506032e-02  -2.1049737e-01   1.9321892e-01   2.3492595e-01
   3.1152227e-01   1.2841473e-01  -1.3764163e-01   1.0866037e-01  -1.8406367e-01   3.8992713e-01   5.4754664e-02  -1.0018790e-01  -1.1046008e-01   4.5915999e-02  -1.5255808e-01  -4.1808694e-01  -9.8890463e-03   0.0000000e+00  -4.1348692e-01  -2.8129030e-01  -7.1094667e-02   1.2274923e-01  -6.5507199e-02  -1.7067700e-01   4.1531844e-01   1.2208269e-01   3.0807224e-01   2.1513176e-02  -7.6664379e-02  -1.9926704e-01   8.0899951e-02   2.6401430e-01  -5.5767951e-02   7.0601412e-01   9.7713554e-02   9.5724617e-02  -1.6259059e-02  -4.2000920e-01  -3.6438075e-01  -8.0960027e-02   1.7772589e-01  -3.4855326e-01  -1.6665163e-01  -8.5310677e-02   1.1683652e-01  -3.1262942e-01  -4.4609834e-01   5.8832229e-01  -3.6187985e-01  -2.1482901e-01  -4.5081603e-02   3.9153864e-01   1.7696560e-02  -2.5776791e-01  -1.6519986e-02  -6.6401885e-02   6.3303917e-02   8.0215138e-03   1.8242144e-01   4.6267478e-01   3.4317295e-01  -3.4283085e-02   9.6997781e-02  -4.2590971e-01  -3.8508480e-03  -1.1373580e-01  -1.5226214e-01   7.2409765e-02   1.7351216e-01  -2.6068051e-02   4.4276757e-01   1.0988807e-01   1.0851970e-01   1.7171097e-02   1.7619871e-01  -1.9840052e-01  -7.5261638e-02   3.0823559e-02  -2.9559368e-01   8.6431400e-02  -1.8761527e-01   4.3034891e-01  -3.3891763e-01   1.1725658e-02   4.1182369e-01  -1.3421316e-01   5.0013376e-01  -6.0057468e-03   4.3124004e-01   9.5007677e-02  -1.6691818e-01   2.8591047e-01  -6.6100763e-02  -2.3808675e-01  -1.4475880e-01  -1.7171471e-01  -2.5352067e-01  -3.5560079e-01  -3.8044704e-01  -3.9341688e-01   4.0372883e-02  -3.6613540e-02   9.3829939e-02   1.7051902e-02   4.1302402e-01  -3.1330098e-01   5.0718016e-01   4.5767091e-01  -1.1692016e-01   4.9500152e-02   1.1109440e-02  -2.7152163e-02   7.7817692e-02   4.2599909e-01   2.8195644e-02   2.0411415e-01   1.3664140e-01  -2.8216769e-01   3.8666778e-01  -6.7751396e-02   4.4771424e-01  -6.4776745e-02   6.3619771e-01   3.2915814e-02  -1.8669367e-01  -3.6298022e-01  -5.1121312e-01   5.7604579e-01  -1.8578299e-01   3.2565430e-01  -3.2925157e-01  -2.0712121e-02   9.8461247e-02   2.5767986e-01  -1.8921785e-01  -4.5753831e-02   2.2881769e-01   5.2449558e-01   8.9165708e-02  -3.6686115e-01   8.8779542e-03   5.7937520e-01  -1.1541393e-01  -3.8622067e-01   4.7389093e-01  -2.3809202e-01  -1.7697307e-01   4.3757149e-01  -1.2729741e-01   5.0487550e-01  -2.6347860e-01   3.8315159e-01   1.7567491e-01   1.4734255e-01   3.5823437e-01   5.2856215e-01   2.6539494e-02   9.7082605e-02   1.7716499e-01  -3.6642963e-01  -1.2969702e-01  -1.4833505e-02  -3.2742066e-02   4.1213346e-01  -2.4787570e-01  -2.7942296e-01   3.1474791e-01   3.6711607e-01  -2.8602498e-02  -4.0068527e-01  -2.6978810e-01   3.2002021e-01  -1.8524755e-02   4.8597963e-02  -4.4961442e-01  -4.2210887e-01   1.7736167e-01   4.1324263e-01  -2.5522457e-01  -1.3383109e-01   5.2107558e-02
