   0.0000000e+00  -1.5529807e-01  -7.2056242e-02   9.7707189e-02  -2.9836461e-01  -1.3727458e-01  -3.8267986e-01   7.3172449e-02   1.8709487e-01  -2.2263253e-01  -3.1300747e-01  -1.3581621e-01  -1.9192458e-01   3.1795947e-01  -1.2709978e-01  -1.7400163e-01  -3.3083628e-01  -3.9219706e-01  -2.4457383e-01  -8.0394314e-02  -4.1178198e-01  -1.0447117e-01  -3.1036623e-01   5.1096597e-01  -6.7350467e-02   2.6440070e-02  -3.0507792e-01   4.4835764e-01  -1.1943771e-01  -3.5443470e-01  -3.4697412e-01  -7.6557302e-02  -1.9432577e-01  -2.8686903e-01  -5.1453479e-02  -3.9039185e-01  -3.3422154e-01   1.0620043e-01  -3.5319684e-01  -1.4500100e-01  -5.5685781e-02  -9.5629464e-02  -1.6438890e-01  -1.1260847e-01  -1.4090201e-01   4.7712353e-01  -3.3219252e-01  -3.5101372e-01  -4.7026216e-01  -2.1967052e-01  -3.5251058e-01   8.3116491e-02  -4.6691541e-01   7.7753765e-02   7.3575094e-02   5.1587217e-02  -8.5804199e-02   9.5479516e-02  -1.3068667e-02  -2.5109781e-01   9.0852623e-02  -3.5885190e-01   2.6607850e-01  -3.5667236e-01  -8.8003411e-02  -4.1587777e-01  -8.5300403e-03  -1.0283308e-01  -2.6604433e-01   1.3714571e-01  -2.3023022e-01  -2.3487694e-01  -7.8805877e-02   2.9531079e-01  -1.4725324e-01   2.5992533e-02   2.9923048e-01  -1.3112447e-01  -7.7146839e-02  -8.3038713e-02   1.6257125e-01  -3.2812139e-01  -2.9349143e-01  -1.0683445e-01   4.7605230e-01   1.6408433e-01  -6.3078834e-02   4.2199793e-01  -3.6950396e-01   8.3665743e-01   9.3158706e-02   6.4868104e-02  -2.0319240e-01  -7.0177522e-02   2.1884944e-01  -2.2776921e-01  -1.5660020e-01  -8.5822248e-02  -2.5999276e-02  -3.5292349e-01   1.7314018e-03  -3.2328937e-02   1.3533225e-01   3.3045091e-02  -2.0273642e-01  -6.7891014e-03  -8.3082274e-02  -2.6362678e-01  -1.0633182e-03  -4.4310764e-01  -5.6955990e-03  -1.6982410e-01  -5.7799346e-02   6.6416499e-01   3.3155256e-01  -9.4291942e-02  -3.3760582e-01  -1.0625206e-01   3.0137854e-01  -1.2436937e-01   5.2143306e-01  -1.5033237e-01   1.4462689e-01  -3.0092917e-01   5.1379927e-01   1.9168065e-01   4.1042141e-03  -1.6923466e-01   3.0988802e-02  -1.7074589e-01  -4.6627372e-01  -4.4195844e-01   1.1914384e-01  -4.2616433e-01   3.2068207e-01   1.2543140e-01  -1.9424759e-01   2.1701266e-01   1.6454916e-01   3.0288891e-01   3.7518660e-01  -3.3919272e-01  -6.0740384e-02   3.2975163e-01  -1.2868913e-01  -1.9507566e-01  -4.0496001e-02  -4.7147065e-01  -3.8063223e-01  -4.1834623e-01   6.5157849e-01  -1.0995852e-01   5.5397435e-01  -1.8084304e-01  -2.4160226e-01   5.6283929e-01   3.8518246e-01   4.2657716e-02  -1.2623100e-01   1.6858754e-01  -3.5080504e-01  -3.7479189e-01  -3.8056338e-01  -2.5743189e-01  -9.6505818e-02  -1.1421053e-01  -1.6160401e-01  -7.5513538e-02   6.2239117e-01  -1.4024585e-01  -8.9334688e-02   2.5507457e-02  -2.1866254e-01  -1.1523351e-01  -1.7202386e-01  -1.6700336e-01  -3.5640881e-03
  -1.5529807e-01   0.0000000e+00   4.0667599e-01   1.5203177e-02   6.1215788e-01  -1.1573416e-01  -2.3620726e-02  -3.8561564e-02   1.7832812e-01  -3.4711564e-02  -2.2524355e-01   3.6079545e-01  -2.0819299e-01  -1.4161972e-01  -2.1873240e-01  -2.9742187e-01   5.5037098e-01   2.1373473e-02   2.4140222e-01   3.8208212e-01  -8.1135936e-02  -2.1701154e-01  -2.2725842e-01  -2.4952398e-01   3.9845104e-02  -5.1754810e-02   3.5919291e-01  -2.1816587e-01   3.2406257e-02  -8.6307873e-02   1.5320491e-01  -2.3958185e-01  -1.3532915e-01   3.7096755e-01  -1.7750825e-01   1.4209550e-01   1.1845207e-01  -2.2243082e-01  -1.4192203e-01   3.7232019e-01  -3.0511972e-01  -3.2217431e-01   4.9523733e-01  -2.3575749e-01   3.2488897e-01  -1.3072588e-01  -3.4617309e-01   2.8344378e-01   1.4909541e-01   4.2248096e-01  -2.7139025e-01  -1.7075082e-01   6.0401208e-01  -2.6906591e-01  -1.5665174e-01  -2.6846077e-01   1.0183417e-01  -2.7370982e-01  -1.6163344e-01  -1.7784502e-01  -6.9513944e-02   7.4433774e-02  -1.9446421e-01   5.3153386e-01   3.5623985e-01   1.8086137e-03  -6.1929283e-02   1.4812803e-01  -1.5429610e-01  -1.6351073e-01   6.6156925e-01  -3.1065885e-01  -1.4040343e-01  -5.2211305e-02  -1.3745860e-01   1.0560316e-01  -3.0336276e-01  -2.6885032e-01   5.5616123e-01  -1.8199752e-01  -4.0141597e-01  -1.2824858e-01   2.4050005e-01   1.8655607e-01  -8.4272372e-02  -3.2531871e-01   1.3323298e-01  -5.3622624e-02   4.3392286e-01  -1.9550998e-01   6.7355405e-01   1.9504096e-02   1.4516967e-01   1.6827105e-03  -3.0456634e-01   3.7222488e-01  -1.0777917e-01  -2.5399843e-02   8.4310920e-02  -4.5551457e-01  -1.2354582e-01  -8.1767580e-02  -2.0608151e-01   1.8254845e-01  -2.9471957e-01  -1.3831022e-01  -1.0547935e-01  -3.8003908e-02  -2.8352171e-01   1.5660206e-01  -1.8776392e-02  -2.2237058e-01  -2.1521847e-01  -2.8254628e-01  -2.5294968e-01   6.2922145e-01  -2.7653681e-01  -2.4591758e-01  -1.9400076e-01  -1.5596644e-01  -3.7701868e-01   3.5132427e-01   2.6842656e-01   4.7958555e-01  -4.4981885e-01  -1.7968671e-02   9.7407725e-02   9.7741390e-02  -2.2377606e-01   3.0618682e-01  -5.7267657e-02   1.6312241e-01   1.5814174e-01   2.0825961e-02   9.9097342e-02  -8.8672823e-02   2.5723437e-02  -1.8902397e-02  -1.9440480e-01  -3.1548832e-01  -1.7031298e-01  -6.8473035e-02  -3.1049604e-01  -1.3641975e-01  -3.2051817e-01  -1.1376012e-01   4.7202883e-02   3.3037688e-01   1.3891851e-02   1.2022890e-01  -1.6594399e-01  -9.3226846e-02  -3.6206568e-01   3.1286250e-01   5.9073787e-01  -1.7633815e-01  -4.8320161e-01  -3.2263964e-01   2.9590463e-02  -2.9791824e-01   1.7034300e-01  -2.7940047e-01   3.6037004e-01  -4.6136042e-02  -7.0409425e-02   4.5082556e-01   4.6479200e-02   1.4345573e-02  -2.9544664e-01   6.0532345e-01   2.0358196e-01  -3.6365342e-01   3.1897704e-01   7.0058566e-02  -9.9713345e-02  -2.4445630e-01  -1.8093857e-01
  -7.2056242e-02   4.0667599e-01   0.0000000e+00  -1.5551636e-02   3.9437686e-01  -2.1680854e-01  -2.4064442e-01  -2.6863513e-01   2.1476037e-01   2.8238723e-01  -3.6308369e-01   6.5518241e-01  -3.5773398e-01  -2.6214544e-01  -3.3028654e-01  -3.5190643e-01   7.7573703e-01  -3.7171006e-01   1.2588466e-01   4.0185299e-01  -3.6617000e-01  -7.7288666e-02  -4.6533534e-01   2.7481584e-02   1.3694425e-02  -1.2819638e-01   4.9778214e-02  -3.1562830e-01   1.2353983e-01  -2.7805018e-01  -4.4133043e-01  -2.0370392e-01  -7.0144760e-02   4.1531813e-01  -1.7689469e-01   2.0414571e-02  -1.1950757e-01  -1.8531008e-01  -3.0743205e-01   2.3384150e-01  -2.1937823e-01  -8.9068447e-02   4.5384877e-01  -5.4588949e-01   5.2737189e-01  -1.3117831e-01  -2.4526286e-01  -4.0671824e-01  -2.8793679e-01   6.4180328e-01  -2.7381433e-01  -1.8340159e-01   3.6200922e-01   1.6324082e-01  -3.2402158e-01  -2.9166273e-01   4.4048837e-02  -1.0619321e-01  -3.2821803e-01   1.2005208e-01   2.4759820e-01  -1.2934795e-01  -3.4398041e-02  -1.1922908e-01  -6.3305789e-02  -3.7491176e-02  -3.4075759e-01   2.2755554e-01  -2.8074929e-01   1.2894157e-01   1.1399060e-01  -3.1103774e-01  -1.9360731e-01  -1.6771766e-01   6.4988983e-02  -1.8154436e-01   1.7801196e-02  -9.8059225e-02   4.6749672e-01  -2.0335812e-01  -5.0068675e-01  -2.4548680e-01  -7.8755337e-02  -9.7163606e-02  -2.2999432e-01  -4.7697448e-01  -3.4909082e-01  -1.2927544e-01   3.3888641e-01  -8.5016191e-02   3.2775032e-01   2.4838476e-01   3.4387119e-01   1.9812417e-01  -2.0650856e-01   5.5981227e-01  -9.6269930e-02  -1.0978387e-01   1.0018687e-01  -3.9241330e-01  -2.9982914e-01   6.2178889e-02  -4.1840404e-01   1.9605902e-01  -2.1223539e-01  -5.9035941e-02   2.7530791e-02  -1.7797697e-01  -1.5811146e-01  -1.6884944e-02   1.2048395e-01  -4.2939447e-01  -2.9231739e-01  -2.6171582e-01  -3.0700577e-01   1.6227872e-01  -7.5606023e-02  -5.1287883e-01  -3.2813307e-01  -2.8704954e-01  -1.1041165e-01   3.2720720e-01   4.8046195e-01  -7.5436728e-02  -1.9894461e-01   3.7313175e-02   2.2442378e-01  -1.9028845e-01  -8.2190788e-02   3.0907816e-01  -3.3542805e-01  -3.5393638e-02  -8.8848592e-02  -4.4537159e-01   1.9386511e-01  -2.0024566e-01   1.0333209e-01  -3.8583933e-01  -3.4676583e-01  -2.9863744e-01   1.1080732e-01  -2.0835740e-01  -1.5587889e-01   3.4166399e-02  -2.7198439e-01  -6.1579702e-01   2.3028854e-01  -7.4382589e-02  -1.9203011e-02  -2.0461579e-01  -3.2711871e-02  -4.5630065e-01  -1.6693616e-01   1.0178300e-01   7.1915257e-01  -1.9266026e-01  -1.7385637e-01  -4.4968834e-01   3.4231814e-02  -4.5147840e-01   4.5429475e-02  -1.5307068e-01  -4.3034513e-02  -2.4236334e-01   1.3733024e-01   3.7164617e-01   2.0894871e-01  -1.5431807e-01  -2.0492727e-01   3.0145647e-01   3.4587205e-01  -1.0742981e-01   6.7569021e-02   4.8735153e-02  -1.7647006e-01  -5.2747982e-02   1.2305753e-01
   9.7707189e-02   1.5203177e-02  -1.5551636e-02   0.0000000e+00   7.4450694e-02   9.2368278e-02  -1.9700817e-01   5.9605137e-02   3.9719091e-01  -1.8620486e-01   3.1780031e-02  -7.3025121e-03   2.6760221e-01   4.9232571e-02  -2.7987455e-01   3.8721288e-02  -1.3747611e-01   1.6009211e-01  -6.5593199e-02   1.2871737e-01  -3.4224179e-02   6.2130454e-01  -1.6554099e-01  -2.1406813e-01   4.6846570e-01   5.6930346e-01  -9.6818160e-02  -1.6049240e-01  -1.4375570e-01   2.1091314e-01  -6.4789786e-02   5.8977668e-01  -1.4015827e-01  -2.0539875e-01  -9.3292846e-02   3.9667212e-02   1.5137545e-01  -2.5975114e-03   5.7885317e-02  -2.4608669e-01   3.6922243e-01  -1.6258735e-01   2.2942225e-01  -1.3444606e-01   9.2863877e-02   9.6837907e-03   1.6787278e-01  -9.7025656e-02   1.2149352e-01  -2.2319194e-01   3.6147045e-02   5.2568714e-02  -2.5250786e-01   1.4557724e-02  -2.3054011e-02  -5.5245809e-02  -2.6771926e-01   6.4985894e-01   5.0574842e-01   4.0302069e-01   2.3978326e-01   6.6078432e-02   3.4636520e-01  -1.6198266e-01   4.9366292e-01   2.0952336e-02   1.5760921e-01   5.2461997e-02   2.6605891e-01  -2.2091036e-01  -1.9442133e-01   3.0218227e-01   1.9098928e-01  -4.2133890e-02   1.6770375e-02   2.2956349e-01   3.3707283e-01   6.2048320e-02   5.5936670e-03   4.1443948e-01  -1.9460237e-01  -1.3451484e-01  -8.4778939e-02   1.7151297e-01  -2.5125427e-01   1.3851098e-01   1.9110525e-01  -2.1968906e-01  -1.0902488e-01  -6.4265678e-02   1.1705634e-01  -3.1519724e-02  -2.7388814e-01   3.6360232e-01   2.6095143e-01   3.3900285e-02   4.6173884e-01   1.3023487e-01   4.4127520e-01   3.0978247e-02  -2.4009497e-01  -1.3871797e-01   1.7263590e-01   3.3230402e-01   4.2694751e-01   7.2912240e-01  -5.0673221e-02   2.7716350e-01   8.7791237e-02  -2.0171428e-01  -2.6961840e-01   3.8544731e-01   6.5917721e-01  -7.4267709e-02  -2.1800744e-01  -8.2743786e-02  -1.0347018e-01   2.1731782e-01  -2.3910761e-01   5.8605124e-01  -6.0139528e-02   1.1472569e-01   1.3733071e-01   1.2629890e-01   9.2747888e-04   4.8005526e-01   1.3216683e-01  -6.0437167e-02   6.7186725e-01  -3.6336342e-01  -2.1449810e-01  -6.9866589e-02   1.8604745e-01  -2.2502389e-01   6.4501113e-01   1.5629804e-01   1.9437818e-01  -3.3015677e-01   2.0567020e-01  -3.7903551e-01  -1.7055150e-01  -3.7196284e-02   7.1122577e-02  -3.1731434e-01  -6.1571005e-02   1.5054346e-01  -3.6952484e-01  -1.2231165e-01  -3.1364073e-02   3.8661058e-02  -2.5135953e-01  -7.3878061e-02   7.9174547e-02  -1.5244726e-01  -2.6710824e-01  -2.7746922e-01  -1.4311120e-02   3.7123272e-01  -2.0946882e-02   3.8271732e-02   2.4768688e-01   1.9136319e-01  -9.4906303e-02   5.7840949e-01   7.4892217e-01  -1.8019932e-01  -5.7770308e-02   2.5213356e-03   1.1203451e-01  -1.4850308e-01  -3.0178449e-01  -3.7302332e-01   3.3973435e-01  -1.4940886e-01   1.2230013e-02  -3.8414371e-01   7.0180495e-01
  -2.9836461e-01   6.1215788e-01   3.9437686e-01   7.4450694e-02   0.0000000e+00   5.5892218e-04   1.3394885e-01   1.7747598e-01   9.0396307e-02   2.0389874e-01   6.4287159e-02   5.4060155e-01  -6.6088249e-03  -5.7055229e-01  -1.8923670e-01  -1.7134792e-01   4.6036098e-01   2.5681404e-01   3.7228596e-01   7.0828343e-01   2.9660117e-02  -1.5405383e-01  -6.8422191e-02  -4.3646523e-01   1.7652973e-01   5.5362819e-02   4.2548846e-01  -3.8629715e-01  -2.9902914e-02  -2.3128738e-02   1.1347761e-01  -5.5741701e-02  -2.3522051e-01   6.2258669e-01  -1.3779826e-01   5.7236015e-01   3.3757089e-01  -2.5825706e-01   6.1051415e-02   2.1413879e-01  -3.1637605e-02  -3.2063979e-01   5.7303619e-01  -2.2691658e-01   3.5864993e-01  -1.6851220e-01   8.5366373e-02   2.1139533e-01   8.6492368e-02   4.2946656e-01  -7.6926234e-02  -2.2500788e-02   6.9935010e-01  -2.7566958e-01  -3.2412530e-01  -1.9974246e-01   1.4235541e-01  -6.3881187e-02   1.2548554e-02   4.8754234e-02  -9.6385588e-02   2.2619873e-01  -3.1603617e-02   3.2389130e-01   2.1007019e-01   3.4287764e-01  -3.9250541e-02   1.0859840e-01  -5.7830387e-02  -2.3042994e-01   2.7883530e-01  -8.2137535e-02   8.3070483e-02  -4.1231924e-01  -1.0917927e-01   1.4834790e-01  -2.4024821e-01  -7.7605238e-02   7.2784164e-01  -3.5181570e-02  -4.4823389e-01   1.0927185e-01   1.9739861e-01   2.9711545e-01  -4.0646887e-01  -2.0336696e-01  -2.2146915e-01  -4.2840611e-01   2.1719483e-01  -4.5853743e-01   6.0492355e-01  -4.1279462e-02   3.9582619e-01   2.4711998e-01  -2.5816398e-01   7.4145324e-01  -3.6027958e-02   6.6223994e-02   2.5436891e-01  -2.1324129e-01  -4.3889315e-01   1.2789757e-01  -3.3943899e-01   2.7137324e-01   5.3608450e-03   1.8220250e-02  -3.2664124e-01   1.3755395e-01  -8.2916339e-02   4.9255582e-01   8.7524544e-02  -2.2151032e-01  -9.6146749e-02  -3.6457468e-01  -5.2686837e-01   5.3084778e-01  -5.1840424e-02  -3.9948080e-02  -4.7205717e-01  -9.0521539e-02  -3.6266913e-01   6.8495272e-01   1.3058169e-01   2.7116562e-01  -3.7380539e-01  -3.0516527e-01   2.8254443e-01  -1.0320381e-01   7.2477637e-02   3.3592314e-03   9.4652663e-02   3.5132666e-01  -2.3778182e-01   1.2126288e-01   1.4004645e-01   4.4082184e-02  -2.5132487e-02  -2.2663562e-01  -1.2255808e-02  -3.7303961e-01  -2.5722671e-01   1.1094452e-01  -2.0920365e-02  -4.1797256e-01  -2.3122093e-01  -6.6604112e-02   7.5739522e-02   6.1954431e-01   4.0829686e-01   3.8021015e-02  -4.4215125e-01  -1.7032801e-01  -5.0084052e-01   4.4488899e-01   4.5604232e-01  -3.9687801e-01  -4.7758733e-01  -1.9450696e-01  -7.4855722e-02  -3.5638882e-01   3.0129078e-01   7.2681994e-02   4.6969923e-01   6.5096460e-02   9.1815608e-02   5.6963782e-01   2.3536982e-01  -3.3020008e-02  -4.2960009e-01   5.2888123e-01   3.8932248e-01  -2.9716351e-01   4.6831287e-01  -1.0385023e-01   3.8427986e-02  -1.6348254e-01   6.6049048e-02
  -1.3727458e-01  -1.1573416e-01  -2.1680854e-01   9.2368278e-02   5.5892218e-04   0.0000000e+00   3.9460291e-01   5.1989400e-01  -2.8793047e-02  -7.4623648e-02   4.0778872e-01  -1.2392236e-01   1.6366610e-01  -2.1069897e-02   3.5476662e-01   3.4072001e-01  -2.2071230e-01   4.1843237e-01   4.2674746e-01  -1.6184096e-01   2.1612900e-01  -3.3347619e-03   2.0109103e-01  -2.4195141e-01   1.9308254e-01   2.5040630e-01   4.1831907e-01   3.5823469e-01   1.4433875e-01   2.0190208e-01   2.5242950e-01   2.9581370e-01   1.7176284e-01   1.2693506e-01   1.5717167e-01   8.5458398e-02  -1.2471100e-01  -2.3660111e-01   2.5953168e-01  -2.7446857e-02   1.0345905e-01   2.9206314e-01   1.6385512e-02   4.0562211e-01  -1.5014164e-01   1.1395484e-01   3.8232122e-01   2.8386522e-01   1.5374979e-01  -1.6273557e-01   2.4662819e-01   3.5985653e-01  -1.0796741e-01   6.9763975e-02   1.3755830e-01   4.9253234e-01   3.9753456e-01   1.1742300e-01   1.6922342e-01   1.8278786e-01   8.8066390e-02   4.1300166e-01   9.6637440e-02   1.3851621e-01  -1.0006254e-01   6.0132740e-02   8.2148810e-01   5.3232901e-02   5.7976974e-01   9.4905017e-02  -1.7678766e-01   4.1641354e-01  -8.9338931e-02   2.4986862e-01   6.0733875e-02   3.0828813e-01   1.4875261e-01   4.2754018e-01  -1.8749784e-02   2.3504720e-01   3.8255253e-01   2.2128266e-02   1.7883002e-01   2.9482365e-01   1.2967591e-02   3.8228134e-01   2.0683628e-01   1.0557139e-01   4.5332218e-02  -1.3694848e-01  -1.9149300e-01   1.6373477e-01   1.9907674e-01   1.6224759e-01   2.2121156e-02  -8.1678737e-02   6.8646546e-02   4.8009273e-01  -1.5330586e-01   1.5992023e-01   8.2236672e-02   3.9820776e-01   2.3732063e-01  -9.9473295e-02   1.9055134e-01   3.0858042e-01  -2.8758322e-02   6.4607641e-01  -5.1785174e-02   3.4539557e-01   3.0943446e-02   2.4458664e-01   3.2468602e-01   8.4648582e-02   1.7802029e-01  -4.1139741e-02   3.5256038e-01   1.4926037e-01   2.1373232e-01   1.1972091e-01  -4.2259151e-02  -3.6497792e-03  -2.4815858e-01   8.3677173e-02  -2.5333529e-02  -1.7917307e-02   1.3374505e-02   1.7188633e-01   1.1752160e-01  -6.2720383e-02  -2.0012931e-02   1.9428889e-01   1.2035796e-01   2.4018254e-01  -8.7812807e-02   3.2498083e-01   1.8890302e-01   2.6234249e-01   4.9227080e-01  -9.3086623e-02  -1.8892788e-01   2.5052283e-01   2.5371824e-01   1.8767042e-01   1.3630108e-01   2.3171474e-01  -8.8417276e-02   3.7766954e-02   3.2411501e-01  -8.8123350e-02  -1.7472768e-02   2.6310570e-01   1.9233633e-01  -1.6193380e-01  -1.1541502e-01  -2.8428861e-01  -1.0409705e-01   9.7901404e-02   2.7613804e-01   3.7546615e-01   3.2751117e-01   4.3078565e-01  -5.3271193e-02   1.0572415e-01   2.7438336e-02   2.3323390e-02  -8.9068792e-02   4.7836062e-01   1.4829487e-01  -3.9559351e-02  -6.8188302e-02  -1.5247335e-01  -4.2540307e-02   5.7411268e-01   1.1338124e-01   2.0802813e-01  -4.2734560e-02
  -3.8267986e-01  -2.3620726e-02  -2.4064442e-01  -1.9700817e-01   1.3394885e-01   3.9460291e-01   0.0000000e+00   3.6284149e-02  -4.2716807e-01   5.1244889e-01   5.3091776e-01   1.8538928e-01  -2.2263838e-02  -1.3658411e-01   7.1242812e-01   2.6194749e-01  -1.4020327e-01   5.5531857e-01   2.5643649e-02   1.1051823e-02   4.6601669e-01  -1.4364402e-01   8.0804038e-01  -4.3227962e-01  -4.2436243e-02  -2.3705628e-01   3.8779654e-01  -8.6221512e-02  -9.2247590e-02   4.8528356e-01   4.0610159e-01   1.3938247e-01  -8.8702855e-02   4.8184570e-01   6.4031038e-01   5.7574110e-01   1.1826017e-01  -6.1832431e-02   1.4514860e-01  -1.3642596e-01   1.5033961e-02  -4.6480808e-02   1.0154268e-01   1.8934862e-01   1.3012722e-01  -1.7497285e-01   5.0315895e-01   6.5614359e-01  -1.5887429e-02  -3.6321792e-01   6.8884875e-01  -9.9300751e-02   1.1689926e-01  -2.2763864e-01  -1.3885770e-01   3.6582128e-01   6.2611282e-02   6.1928641e-02   1.3069225e-01   2.6889314e-01  -4.2088640e-01   5.7772142e-01  -2.4168329e-01   5.4776016e-02  -1.5063554e-01   7.7851063e-01   1.6389450e-01  -2.6294922e-01   2.2603872e-01   3.7923921e-01   1.2129398e-02   5.6133760e-01   1.0892757e-01   1.0590288e-01  -3.8142883e-01   3.6795353e-03  -2.5474136e-01   4.7463929e-02  -5.6576566e-02  -6.8711036e-02   4.9128342e-01   3.7776313e-01  -1.1037450e-01  -2.1004061e-01  -1.7534014e-01   3.7069183e-01   1.8648676e-01  -1.2040944e-01  -2.0621159e-01  -4.3172121e-01  -4.3711477e-01  -4.2523801e-01   2.4098876e-01  -2.7390303e-02  -2.8932954e-01   1.3709874e-01   8.2669150e-02  -1.8863083e-01   1.2872635e-01   6.1873054e-01   1.7800165e-01   4.5898448e-01  -1.6641532e-02  -2.2219139e-01   4.7470297e-01  -1.4650867e-01  -3.1857466e-01   8.5571004e-02   6.5273640e-02   4.4545297e-01   1.4559642e-01   2.8315607e-01   8.1570222e-02  -1.9742590e-01   3.1553466e-01  -2.6262175e-01   1.1862461e-01   2.8217743e-01  -5.1443743e-02   1.9668830e-01  -1.5687928e-01   2.5983022e-01  -1.7627334e-01   7.3688154e-02  -2.8218770e-01  -2.7100168e-01   1.8585004e-01  -1.4628006e-01  -7.2877466e-02   7.3191913e-02   1.9068493e-01   5.4723907e-01  -1.9647607e-01   5.5067814e-01  -3.3795145e-01  -6.8975778e-02  -3.0162929e-01   3.7473491e-01   1.8911136e-01   6.6598281e-02  -2.8470050e-01   1.2603787e-01   2.7945184e-01   2.0442649e-01   6.6549761e-01   3.2957054e-01   4.6445290e-01   2.5240911e-01   7.2990968e-01   1.6205236e-01  -1.0424814e-01   1.7338377e-01  -3.6598470e-01   1.7273405e-01  -5.7938983e-02  -1.8910323e-01  -2.4516184e-01   1.3945421e-01  -2.7717605e-01   2.1565723e-01   2.8905754e-01   2.4479827e-01   4.4253328e-01   2.4605618e-01  -1.8783390e-01  -5.8111284e-02   2.6207082e-01  -7.6902562e-02  -2.4812545e-01  -3.3496144e-01   5.7621929e-02  -2.3841189e-01   1.3382285e-01   1.5878730e-01  -8.2303908e-02   1.1258643e-01  -2.0914674e-01
   7.3172449e-02  -3.8561564e-02  -2.6863513e-01   5.9605137e-02   1.7747598e-01   5.1989400e-01   3.6284149e-02   0.0000000e+00   3.1263768e-01  -1.7853889e-01   1.6308481e-01  -1.7014043e-01   3.3405933e-01  -8.7759564e-02   1.1970439e-01   3.1041575e-01  -2.4147089e-01   1.7880484e-01   5.6503804e-01   3.9102834e-02  -1.1033028e-01  -2.6316034e-02  -1.0129103e-01   8.2255715e-02   7.4434921e-02   2.7078135e-01   4.0451681e-01   1.7569197e-01   1.2428710e-01  -1.9824439e-01   1.2282825e-01   1.4534635e-01   1.0566052e-01   4.4455602e-02  -1.0349427e-01   4.3081543e-02   4.7436680e-02  -7.7952370e-03   3.0873952e-01   1.9497330e-01   1.9049552e-01   2.0000571e-01  -4.4126508e-02   2.7573167e-01  -1.4656680e-01   4.9559056e-02   7.6254536e-02   7.5625010e-02   7.0078153e-02   1.2668670e-01  -7.6513089e-02   7.0156969e-01   2.2873937e-02  -5.1582186e-02   8.1459928e-02   1.7464754e-01   4.1036685e-01   1.1946867e-01   2.0894292e-01  -9.4274169e-02   6.4003635e-02   1.9163677e-01   3.6322275e-01   2.8205422e-01  -1.3767690e-01  -1.1701044e-01   4.9424501e-01   2.6256033e-01   4.3574990e-01  -3.0127887e-01  -9.3468604e-02   1.1794239e-01   1.4071557e-01  -2.1778751e-01   1.9623553e-01   4.1656075e-01   1.0892167e-01   2.3587299e-01   2.4976056e-01   2.3236154e-01   1.9655636e-01   1.1733925e-01   2.6689675e-01   6.6847777e-01  -1.3669006e-01   3.4645253e-01  -5.3727162e-02   6.0944503e-02   1.0977689e-01  -1.6131683e-02   2.3488067e-01   2.2146662e-01   1.6059576e-01   3.3924125e-01   1.1064030e-01  -4.2876491e-02  -1.6242225e-02   5.4613088e-01  -1.5626057e-01  -1.9676150e-01  -2.9358064e-01   1.7822645e-01   2.9560672e-01   1.5513168e-01  -9.0588116e-02   2.3097643e-01  -1.6134993e-01   4.4229969e-01  -8.9850635e-02   1.4854253e-01   1.7624540e-01   5.9365972e-02   2.3437186e-01   6.1341802e-02  -2.1676330e-01   3.7949747e-01   8.9244844e-02   1.8792648e-01  -9.5383837e-02  -5.3643537e-02   4.7023241e-02  -8.1001066e-02  -3.0787381e-01  -7.1647298e-02   2.1385148e-02  -1.0448022e-01  -1.5278966e-01   2.8524238e-01   2.5924697e-01  -4.1180211e-01   2.1687335e-01   3.6148691e-02  -1.1892926e-01   5.7295833e-02   3.5269180e-02   6.2114790e-01   3.1933765e-01   7.3722312e-02   5.7053092e-01  -2.2211898e-04  -3.4230298e-02   3.1260751e-01   1.5194135e-01  -2.9533590e-01  -1.7153582e-01   6.7866756e-02  -1.1691628e-01   1.6459335e-01   2.5474115e-02  -2.7224472e-02  -2.1081173e-01   3.6984801e-01   1.3460069e-01   6.7036776e-02  -9.6140533e-02  -4.2737899e-02  -1.1584375e-01   1.4211036e-01   1.9728540e-01   3.7779868e-01   1.9452267e-01   2.5536683e-01  -2.1391521e-01  -8.1199924e-02  -5.5085704e-02   3.3578681e-01  -8.6858594e-03   4.4083594e-01   3.3245820e-02   2.3956550e-01   1.6295077e-01  -5.2140429e-02   8.6867478e-02   7.0488786e-02   3.7648229e-01   1.4244697e-01  -2.0851334e-02
   1.8709487e-01   1.7832812e-01   2.1476037e-01   3.9719091e-01   9.0396307e-02  -2.8793047e-02  -4.2716807e-01   3.1263768e-01   0.0000000e+00  -2.2335344e-01  -3.3732137e-01   1.6808690e-01   6.2618629e-02   1.8047096e-02  -3.9969144e-01  -8.1694652e-02   4.5390546e-02  -2.5840686e-01   1.8161621e-01   1.2528669e-01  -4.5840510e-01   1.9059101e-01  -5.2039223e-01   2.1890500e-01   9.9210093e-02   2.7133109e-01   6.5071551e-02  -1.3991011e-01  -2.0274332e-02  -3.5041255e-01  -3.3506843e-01  -2.2332147e-02   7.2881006e-02   2.3826178e-02  -2.6264876e-01  -1.5302502e-01  -3.2907689e-02   1.5627693e-01  -1.7565816e-01   1.6371362e-01   8.5710932e-02  -1.7331221e-02   2.4455500e-01  -2.2698746e-01   1.8926263e-01  -2.1389705e-01  -3.4327440e-01  -3.1529586e-01  -1.0353884e-01   3.0319783e-01  -4.5248995e-01   3.1729477e-01   2.5510023e-02   1.3520120e-01  -9.6799236e-02  -1.5148795e-01   1.3187854e-01   3.4087074e-01   6.2229404e-02   6.1007141e-02   3.4743723e-01  -1.3535310e-01   5.7841935e-01   4.3998164e-02   2.0898188e-01  -3.9932826e-01   2.9091051e-02   3.0739038e-01  -3.7549557e-02  -4.5797738e-01   2.3755760e-03  -1.7547455e-01  -3.4239909e-02  -1.8298990e-01   3.0539613e-01   1.4094420e-01   1.2215657e-01  -4.8606837e-02   3.4146833e-01   1.7507887e-01  -3.8096121e-01  -2.6627216e-01   1.0558965e-01   3.9103996e-01  -2.4932763e-01  -1.4401792e-01  -1.1409673e-01  -7.9593608e-02   2.6943971e-01   1.1094224e-01   3.6942879e-01   2.5945128e-01  -2.8962996e-02   4.8981713e-01   1.2932888e-01   2.6791167e-02   1.3928317e-01   1.8778184e-01   1.0869921e-01  -5.2151181e-01  -4.5464692e-01  -1.1531609e-01   5.2075068e-02   3.9232283e-01  -1.8350383e-01   2.7889108e-01   2.4000176e-02   3.5712166e-02   6.1953504e-02  -3.9330051e-01   1.4345285e-01  -1.6389892e-01   2.4795936e-01   1.0112893e-02  -4.3009183e-01   2.7463227e-01  -2.4138830e-01  -1.9671470e-01  -2.5215108e-01  -3.5017463e-02  -1.7145030e-01  -3.5553465e-02   1.9938775e-01  -1.8782620e-01  -7.4690287e-02   3.6849014e-01  -5.7099006e-02   1.2578637e-01   4.2088339e-01  -3.3769419e-01  -2.4344481e-01  -1.0948673e-01   4.2940329e-02  -3.8675341e-01   6.5348551e-01   3.2999745e-01   3.8167172e-01  -4.3605944e-01   1.8747691e-01  -8.0947260e-02  -1.0365679e-01  -7.8788756e-02  -1.8410354e-01  -2.8498536e-01  -4.5947779e-01  -3.4206310e-01  -1.3813160e-01  -9.5363284e-02  -3.2492127e-01  -1.3288097e-01  -2.0525018e-01  -5.9857161e-02   3.0851739e-02   2.4727290e-02   6.7112184e-02   8.5831537e-02  -1.9111468e-01   1.5978190e-03   1.7027475e-01  -1.3046594e-01   1.4712767e-01  -3.3037751e-02  -3.9472819e-01  -4.4184243e-02   3.2153887e-01   2.5185678e-01   1.4956304e-01   4.7264334e-02  -1.1500211e-01   2.1327086e-01   1.6607651e-01  -1.6738753e-01   1.7686908e-01  -1.8814181e-01   1.4145659e-01  -2.2151536e-01   2.5040558e-01
  -2.2263253e-01  -3.4711564e-02   2.8238723e-01  -1.8620486e-01   2.0389874e-01  -7.4623648e-02   5.1244889e-01  -1.7853889e-01  -2.2335344e-01   0.0000000e+00   1.2638029e-01   5.7103551e-01  -1.7497517e-04  -4.0405566e-01   3.7657441e-01   1.1923131e-01   1.8593432e-01   5.5241678e-02  -7.0941627e-02   3.9318759e-01  -3.0165380e-02  -2.1337983e-01   3.3803645e-01  -1.9207176e-01  -1.5895843e-01  -3.4391207e-01   1.9578260e-01  -3.9399277e-01  -2.0306408e-02  -5.8791622e-03  -1.2289576e-01  -8.3777430e-02  -2.7321233e-01   6.1995215e-01   5.3000100e-01   5.0169761e-01   1.0430197e-01   9.3215090e-02  -2.9519518e-02   1.7392998e-01   1.2657665e-01  -1.1614530e-01   2.5919317e-01  -2.8787865e-01   4.2955974e-01  -2.8829340e-01   2.2756784e-01   1.0516016e-01  -2.7686538e-01   9.2483849e-02   4.0013794e-01  -2.0789861e-01   2.1411331e-01  -1.5179397e-02  -4.8201652e-01   5.1941824e-02  -3.3791430e-03   8.6778644e-02   1.5229779e-02   2.2186509e-01  -1.7891268e-01   2.8275962e-01  -1.2858515e-02  -2.2703883e-01  -3.2073849e-01   6.3556416e-01  -2.9403548e-01  -2.4431586e-01  -1.4265974e-01   2.3632820e-01  -1.6683973e-02   2.1927566e-01   3.4674650e-01  -1.5760536e-01  -1.0699323e-01  -2.4402433e-01  -1.8096601e-01  -9.1284008e-02   1.8381072e-01  -2.4693809e-02  -1.5623584e-02   4.2167489e-01  -2.3972486e-01  -2.6877869e-01  -2.2662547e-01   6.9310833e-02  -2.4117599e-01  -2.8020479e-01  -9.2455406e-02  -2.7762175e-01  -2.3984946e-01  -2.1011691e-01   3.9564444e-01   1.3175383e-01  -3.8756531e-01   4.2833751e-01   1.0238958e-01  -3.0056981e-01   2.5783514e-01   3.2888736e-01  -2.3055819e-01   3.9449259e-01  -4.4163041e-01  -1.7312583e-01   3.1002750e-01  -1.6478924e-01  -2.8368614e-01  -1.6541409e-01   2.2822775e-01   1.0772105e-01   3.2949337e-01  -1.2010351e-01  -1.6663677e-01  -2.5868747e-01  -6.6647372e-02  -1.3915553e-01  -6.8552566e-02   1.5536820e-01  -3.3847079e-01  -8.6431755e-02  -1.3872044e-01   2.5859551e-01   2.7335408e-01  -1.6297244e-01  -1.9841723e-01  -4.5898778e-01   3.4552732e-01  -3.0629116e-01  -4.0475819e-02   4.3239218e-02   1.0100464e-01   3.9392111e-01  -4.0847300e-01   1.6371160e-01  -9.3089048e-02  -2.1278820e-01  -1.8151247e-01  -5.4891755e-02  -6.5217316e-02   1.0893290e-01  -2.1814185e-01   2.6717376e-02   2.8192319e-01   7.7481224e-02   4.5704450e-01  -2.2541030e-01   7.1987832e-01   1.2357260e-01   4.4568741e-01   1.1048616e-02  -5.9628032e-02  -3.2927116e-01  -4.6738319e-01   1.7387139e-01   3.1541073e-01  -5.6214679e-02  -1.7681756e-01   7.0358268e-02  -3.0611194e-01  -2.2747286e-01   2.1027988e-01   5.6661648e-02   2.1923524e-01  -9.1646190e-02  -3.8941751e-02   2.3190240e-01   1.7904272e-01  -3.7274007e-01  -3.8419236e-01  -8.9655694e-02   4.5870635e-01  -1.4863002e-01   2.0218926e-02  -1.9512062e-01  -9.5953424e-02   6.9464539e-02  -2.1193738e-03
  -3.1300747e-01  -2.2524355e-01  -3.6308369e-01   3.1780031e-02   6.4287159e-02   4.0778872e-01   5.3091776e-01   1.6308481e-01  -3.3732137e-01   1.2638029e-01   0.0000000e+00  -8.7390392e-02   7.0517787e-02  -1.9377623e-01   4.0096082e-01   3.0867999e-01  -2.6901283e-01   6.4667563e-01   1.5661214e-01  -4.8701488e-02   4.5684839e-01   7.0143197e-02   5.1462126e-01  -3.5562739e-01   2.6233840e-01  -1.0336490e-01   2.3549373e-01   1.2260809e-01  -1.5178730e-01   6.3376603e-01   4.1959172e-01   4.0882098e-01  -6.3597326e-02   1.7392850e-01   4.2144155e-01   4.1497611e-01   4.8407439e-02  -1.3477630e-01   2.9512969e-01  -3.9434589e-01   4.8922913e-02   8.7949561e-02  -2.4827614e-03   4.7257313e-01   4.8726709e-02   8.1298512e-02   8.0863606e-01   4.1910485e-01   1.5596991e-01  -4.2363323e-01   7.2338367e-01   1.5828290e-01  -9.3638592e-02  -2.3077139e-01   2.7116290e-02   4.6927061e-01  -1.9117732e-02   2.8442053e-01   2.9615486e-01   3.1248357e-01  -2.0927781e-01   4.3252043e-01  -2.1573630e-01   1.2263081e-01   9.3023648e-02   4.6767625e-01   3.3721914e-01  -6.9540570e-02   4.5621203e-01   2.5573065e-01  -1.4608375e-01   7.2357585e-01   3.7530130e-02  -2.4128732e-02  -2.5311333e-01   5.5243918e-02  -1.1725072e-04   4.1980011e-01  -1.0819749e-01   6.3931813e-02   4.7421918e-01   3.1019584e-01   1.3141953e-02  -9.9269037e-02   8.5834305e-05   5.8522987e-01   1.0614725e-01  -1.4451420e-01  -1.2180188e-01  -2.7732473e-01  -3.2491852e-01  -2.6823023e-01   6.5801500e-02   8.7128372e-02  -6.2412224e-02   4.4708509e-03   2.6362180e-01   2.2362531e-02   1.7406152e-01   5.5145168e-01   1.6489264e-01   4.4600500e-01   6.6533710e-02  -1.6792965e-01   5.8898596e-01   1.8998925e-01  -1.8257011e-01   2.2718643e-01   3.6008817e-02   4.6096518e-01  -2.3242284e-01   4.8967378e-01   3.1795540e-01   5.4945587e-02   1.5674161e-01  -2.1359468e-01   4.2673764e-01   2.6035267e-01   5.6710378e-02   3.1457367e-01   6.3340890e-02   1.6652498e-01  -2.5235286e-01   2.8316288e-01  -6.9314714e-02  -2.1397639e-01   1.5702948e-01  -1.1047510e-01   1.2517759e-01  -7.2655821e-02   2.1674823e-01   5.2826109e-01  -1.2147610e-01   4.2204572e-01  -1.8658569e-01  -6.8663490e-02  -1.6330881e-01   3.5923019e-01   2.0162074e-01   1.2395000e-02  -2.2011247e-01   1.2954409e-01   5.0608937e-01  -6.2660094e-02   4.3073247e-01   4.7134902e-01  -9.7850656e-02   1.8529419e-01   5.6689656e-01   1.0383128e-01  -1.2420954e-01   1.0769076e-01  -6.1871245e-02   1.7377388e-01  -3.7635817e-01  -2.5983413e-01   4.5083613e-02   2.6347396e-01  -1.4076504e-01   3.5555399e-01   4.3606762e-01   6.0310144e-01   2.1654702e-01   4.1980416e-01   5.6959375e-02  -1.0878380e-01   1.6192258e-01   7.6488093e-02   5.2434340e-02  -2.8323842e-01  -2.4105804e-01  -1.8516964e-01   2.1313176e-01   1.0352961e-01  -2.8076456e-02   1.2677714e-03   5.7516320e-02
  -1.3581621e-01   3.6079545e-01   6.5518241e-01  -7.3025121e-03   5.4060155e-01  -1.2392236e-01   1.8538928e-01  -1.7014043e-01   1.6808690e-01   5.7103551e-01  -8.7390392e-02   0.0000000e+00  -2.1674726e-01  -4.9314667e-01  -1.3186990e-01  -2.4139229e-01   4.5621873e-01  -8.3383648e-02   5.5385875e-02   5.0884076e-01  -2.1540545e-01  -1.5540458e-01  -1.1089921e-01  -2.0155592e-01  -2.2329445e-02  -9.9909911e-02   1.8413864e-01  -4.5806552e-01  -1.6335324e-01  -8.9501938e-02  -3.6476110e-01  -1.5720434e-01  -2.5600534e-01   7.5356214e-01   2.6182432e-01   4.4994653e-01  -5.4219358e-02  -1.8601010e-02  -2.3173253e-01   1.5245640e-01  -1.3441265e-01  -2.4371282e-01   6.7221785e-01  -5.8401660e-01   6.4528389e-01  -2.9448684e-01   7.9640012e-02  -1.4903298e-01  -3.9593897e-01   3.2745012e-01   6.1055524e-02  -1.1033232e-01   4.0540796e-01  -1.9272223e-02  -5.2725986e-01  -1.7988979e-01  -1.6038021e-02   9.0361815e-02  -2.1085250e-01   3.6861770e-01   3.1008217e-02   1.5922950e-01   9.1813218e-02  -1.4107255e-01  -2.5281505e-02   3.7114427e-01  -3.0840228e-01   1.0991407e-01  -2.9131444e-01   9.5554161e-02  -3.9688862e-03  -4.0517521e-02   3.3287798e-02  -2.5087733e-01  -1.5754012e-01  -2.4413415e-01  -1.0620764e-01  -2.1445991e-01   5.8659816e-01  -3.7261189e-02  -3.9826310e-01  -6.9300209e-02  -2.2866633e-01  -9.9052192e-02  -4.2937074e-01  -2.8212358e-01  -3.4732801e-01  -3.4229154e-01   1.8029135e-01  -2.5381717e-01   1.9597802e-01  -7.6137699e-02   3.6512018e-01   3.0527634e-01  -2.3724704e-01   6.9152596e-01   7.4295803e-02  -3.0972464e-01   3.8266615e-01  -1.1317483e-01  -4.8661279e-01   3.8212809e-01  -6.6260440e-01   1.1889327e-01   1.9386235e-01  -8.6581073e-02  -2.5192746e-01  -2.3453244e-01   2.3360489e-02   7.6217234e-02   1.8422712e-01  -3.4849406e-01  -1.2420042e-01  -2.5155937e-01  -3.4367596e-01   8.0713541e-02  -2.7577247e-01  -1.9212292e-01  -5.4398089e-01  -2.9348695e-01  -2.6238408e-01   6.0144187e-01   4.5458382e-01  -1.3089322e-01  -2.6277511e-01  -1.3347492e-01   4.6451579e-01  -3.4646069e-01   5.8160788e-02   3.5684272e-02  -2.4062582e-01   2.5492664e-01  -3.5240431e-01  -1.9566828e-01   2.0588295e-01  -1.9112772e-01  -5.2959654e-02  -3.4852124e-01  -1.6435738e-01  -1.1832394e-01  -2.3483264e-01  -1.6883436e-01   3.6915915e-03  -9.4914261e-02  -4.9635881e-02  -5.3034004e-01   4.6882672e-01   1.4019048e-01   4.1808834e-01  -1.7675615e-01  -1.5063759e-01  -5.5698632e-01  -4.5560002e-01   2.3787174e-01   5.5839035e-01  -2.0439007e-01  -2.3821830e-01  -3.2140871e-01  -2.4547972e-01  -4.4075325e-01   2.0960410e-01  -2.1908304e-02   2.1027511e-01  -6.9665941e-02   1.6279273e-01   4.4919521e-01   3.9723556e-01  -3.7234466e-01  -4.2778524e-01   1.2362289e-01   5.0731220e-01  -3.5046894e-01   2.6855960e-01  -1.9077701e-01  -1.1872472e-01  -2.5229645e-01   1.6033395e-01
  -1.9192458e-01  -2.0819299e-01  -3.5773398e-01   2.6760221e-01  -6.6088249e-03   1.6366610e-01  -2.2263838e-02   3.3405933e-01   6.2618629e-02  -1.7497517e-04   7.0517787e-02  -2.1674726e-01   0.0000000e+00   4.6772616e-02   3.8373674e-02   3.3173105e-01  -3.0262581e-01   1.9811534e-01   1.1603603e-01   6.3458427e-02   1.3699697e-01   1.9890217e-02   1.8966364e-02  -2.4005452e-01   2.4923948e-01   1.8154442e-01   2.1081404e-01  -2.8356323e-02   1.5654611e-01   6.4109347e-02   1.8313882e-01   1.3175341e-01   1.5457952e-01  -1.3327427e-01  -8.2343987e-02   2.8273872e-02   3.1711611e-01  -3.7813293e-02   4.5764845e-01   8.1217603e-02   6.1733716e-01   1.3788947e-01  -1.9678411e-01   2.3497931e-01  -1.0542264e-01  -6.1418580e-02   1.4465166e-01   1.4395840e-01   3.8454469e-01  -6.4585101e-02   6.9186170e-02   2.3956031e-01  -7.3072808e-02   8.8108175e-02   1.3168552e-01   1.8867090e-02  -1.9218235e-02   8.1433724e-02   3.3983303e-01   2.2689522e-02   5.6838239e-02   9.9654074e-02   1.8938948e-01   1.0792204e-01   1.2768888e-01   4.8843669e-02   2.1308543e-01  -7.7352987e-03   1.8622125e-01  -3.9218079e-01  -1.4819536e-01   1.8686357e-01   4.6650475e-01  -2.8399297e-02   2.4600622e-01   1.2769695e-01   1.0222329e-01   1.0416230e-01  -8.5395873e-02   4.4507191e-01   5.4605221e-03   3.0553851e-01   2.7467037e-01   3.0480433e-01  -1.7592061e-01   1.8010447e-01   1.0412195e-01  -7.5510653e-02   3.9197200e-02  -2.3610285e-01   7.4667675e-02   6.9906629e-02  -8.2841145e-03   1.4675411e-01   7.1434765e-02  -1.0203721e-01   2.3946502e-01   2.1041560e-01   8.3703337e-03   1.2916425e-01  -2.0914716e-01  -2.7996725e-02   1.5250409e-01   1.7451526e-02   1.4961794e-01   2.2543209e-01   9.5466682e-02   2.4801434e-01   2.9935244e-01   1.5225866e-02   1.1710263e-01   1.5424955e-01   2.6991507e-01  -2.0468430e-01  -2.6126778e-01   1.1720643e-01   6.1588209e-02   5.7162716e-01  -1.0381056e-01   2.2162555e-01  -1.5045538e-01  -6.4601775e-02  -6.7744927e-02   8.5143033e-02  -4.8994161e-02  -4.5410640e-02   4.3736910e-02   2.7172817e-01   2.3610526e-01  -3.9735178e-01   4.3270620e-01   1.3988744e-01   1.1971856e-01   2.5125191e-01  -1.5693573e-03   1.8603922e-01   2.4432948e-01  -1.3158340e-01   2.2757872e-01  -8.7554635e-02  -3.7596972e-01   5.5180085e-01   9.1566696e-02  -3.1031393e-01   3.2426878e-02   3.0408209e-01  -1.6754544e-01   1.8859063e-01  -7.1725237e-02   1.7489062e-01  -3.5285526e-01   1.9053104e-01   6.9049337e-02  -6.2280361e-02  -2.7682152e-01  -2.5963808e-01  -1.4425566e-01   3.6483995e-01   1.6228452e-01   7.3204263e-02   1.6088045e-01   2.1241839e-01  -1.1877084e-02   7.6386233e-02   9.0941856e-02   1.3984692e-03  -2.3998549e-01   2.8268007e-02  -2.3140443e-02   1.0353796e-01   2.3048937e-02  -1.0755250e-01  -2.0057261e-02  -1.4928816e-01   4.1567463e-01   3.7509220e-02   1.8824943e-01
   3.1795947e-01  -1.4161972e-01  -2.6214544e-01   4.9232571e-02  -5.7055229e-01  -2.1069897e-02  -1.3658411e-01  -8.7759564e-02   1.8047096e-02  -4.0405566e-01  -1.9377623e-01  -4.9314667e-01   4.6772616e-02   0.0000000e+00   1.8133320e-01  -1.8054314e-02  -2.8952654e-01  -1.7747939e-01  -3.4320628e-01  -4.5432993e-01   1.6830285e-01   1.2797891e-01  -1.4397026e-02   1.5564552e-01  -1.0865553e-02  -1.0794034e-01  -3.8177385e-01   4.5213654e-01   7.0023025e-02   9.5433033e-02   2.0847670e-01  -4.0377176e-02   2.3849649e-01  -5.0440681e-01   2.8932707e-02  -5.7218819e-01  -3.5803220e-01  -3.6893622e-02  -7.2465448e-02  -7.9049393e-02   7.1928875e-02   1.8894604e-01  -3.5563158e-01   3.1598784e-01  -2.0009482e-01   3.3728240e-01  -3.0574136e-01   1.4401960e-01   2.4483783e-02  -3.4654550e-01  -1.7538294e-01  -1.8209976e-01  -4.8887444e-01   2.5227722e-01   5.3210394e-01   5.8413243e-02  -8.4965841e-02  -1.2088708e-01  -8.4716334e-02  -1.4711658e-01   1.4789726e-01  -1.9620648e-01  -1.0503551e-01  -4.5382954e-02   8.2822044e-02  -3.9164136e-01   1.1399367e-01  -2.6452195e-01  -1.3768343e-01   1.0563343e-01  -4.4149491e-02  -1.1846119e-01  -1.5913518e-01   6.6204043e-01  -7.4913557e-02   1.5606369e-01   2.2712124e-01  -1.2137432e-01  -5.3492311e-01  -9.8986190e-02   3.9196831e-01  -1.4475763e-01   1.5036582e-01  -1.9516950e-01   5.4767000e-01   1.8074185e-01   5.6839343e-01   5.5862941e-01  -2.3365452e-01   4.5514758e-01  -2.1671131e-01   9.7208828e-02  -1.2393871e-01  -2.5782467e-01   1.4100489e-01  -5.8748627e-01  -2.6268393e-01  -1.3971890e-01  -3.0504756e-01  -9.1163040e-02   6.1155572e-01  -6.2893754e-02   6.1676607e-01  -7.4841621e-02  -1.6448962e-01  -1.6873243e-01   3.2458731e-01  -1.6872309e-01   1.4503688e-03  -2.6566799e-01   8.4586799e-02   1.4182117e-01  -2.3433704e-02   2.2640476e-01   5.1140827e-01  -3.4384912e-01  -9.9023451e-02   5.8935950e-03   6.6129333e-01   1.9129271e-01   2.7906644e-01  -3.5497922e-01   5.4079867e-02  -1.0250064e-02   1.7151691e-01   4.4208993e-01  -5.9648993e-02   5.6967187e-02  -2.3526279e-01   2.5837213e-01  -1.6900402e-01  -2.7421831e-01   7.0832765e-01   4.8252532e-02  -1.7815330e-02   6.7070022e-02  -2.1068866e-01   4.6301197e-01   4.1063009e-02   1.4354470e-01   1.8410431e-01  -4.2424344e-04  -2.1861178e-01   4.9194491e-01   1.9678420e-01   3.3242124e-01  -1.0172075e-01  -3.7849593e-01  -3.9768176e-01   6.4333929e-02   5.0266360e-01   4.5889446e-01   4.3709179e-01  -1.5770355e-01  -2.4795888e-01   1.9789493e-01   1.6226597e-01   9.9501701e-02   2.4277913e-01   3.9723801e-01  -3.6636206e-01  -3.1794238e-01  -1.1191191e-01  -3.5884129e-02  -2.3560226e-01  -3.9335196e-01  -2.2116812e-01   2.6030718e-02   4.3709989e-01  -2.0314995e-01  -3.1024339e-01  -5.6410983e-03  -4.3252827e-01   2.1729576e-01  -1.3863692e-01   4.9572080e-02  -1.5184485e-01
