   0.0000000e+00  -1.5614472e-01  -6.5620601e-02   1.3906932e-02  -1.7390755e-01  -1.9076404e-01  -2.1064315e-01   2.1521212e-01  -1.0900845e-01  -5.4966839e-02  -6.2581631e-03  -1.2921779e-01   3.7145809e-02  -3.0600623e-02   8.4293650e-02   1.9040261e-02  -1.6346328e-01  -1.6615005e-01   4.3506909e-03  -1.3184265e-01  -1.8523611e-01   2.0285166e-01  -8.4126879e-02   4.9338425e-01  -1.9770729e-01   2.1727968e-01  -7.3628126e-02   1.5641664e-01  -5.5237390e-02  -2.0851422e-01  -6.3759345e-02   1.9636941e-01  -8.8735455e-02  -2.9474421e-02  -1.5901138e-01  -3.2216470e-01  -1.7806354e-01   3.3048421e-01  -1.3184358e-01  -8.2938241e-02   1.0412886e-01  -9.2215738e-02  -1.1247585e-02   1.1724244e-01  -1.2173107e-01   4.5808968e-01  -9.2686362e-02  -2.1415946e-01  -1.3615833e-01  -7.1302387e-02   2.3005803e-02   4.2060743e-01  -1.1863901e-01  -1.1680453e-01   3.5037438e-02   1.6988785e-01   3.8157004e-02   2.1073590e-01   1.7337316e-01  -3.4700799e-02   1.1149733e-01  -3.1839905e-01   2.4618680e-02   1.3476140e-01  -1.9385785e-01  -1.0891146e-01  -2.6154575e-01  -1.7384630e-01   7.5325324e-02   1.6676833e-01  -2.9749745e-02  -2.2268606e-02   1.0460479e-01   2.0736140e-01  -5.2105476e-02   2.9788951e-01   2.2433614e-01   2.2470937e-01  -2.6517275e-02   1.3071966e-01   3.0538775e-02  -1.0557072e-01  -8.7230973e-02   1.8166339e-01   5.4526917e-01   3.3525752e-01  -1.4946482e-01   3.2566921e-02  -9.6880653e-02   6.3020859e-01   2.2742173e-02  -3.2898180e-02  -7.9370984e-02   2.1271046e-01   7.3359219e-01  -7.1816421e-02   1.9617243e-01   1.6675112e-01  -2.2837100e-01  -1.9378686e-02   9.7243039e-02   3.5527846e-01  -2.2056699e-01  -7.7607075e-02   9.6904537e-02  -2.0743533e-02  -1.6000939e-01   1.8953973e-01   1.1209858e-02  -2.1500587e-01  -3.6144746e-02  -1.1865942e-01  -2.5960222e-02   8.4117305e-01   6.2004457e-02   1.1499885e-01   1.3852312e-01   1.9796037e-03   7.8002723e-02   1.9487652e-01   3.3007866e-01   9.0533337e-05  -2.1437060e-01  -9.9069291e-02   3.9114667e-01   2.2130860e-02  -1.5369985e-01   1.4067009e-01   1.8101036e-01  -1.1570266e-01  -1.2015487e-01  -2.5210909e-01   1.8370744e-01  -2.1120367e-01   1.8647039e-01   2.2513410e-01   1.1057552e-01  -2.8250330e-01   3.1197175e-01   6.5892387e-01   3.9311613e-01   5.3568752e-02   1.6355592e-01  -1.9889186e-01   4.0644480e-02   5.7771646e-02  -8.4109739e-02  -3.2397397e-01  -1.7397235e-01  -2.0072355e-01   3.7616970e-01  -1.1036567e-01   2.9801009e-01  -1.6783026e-01  -1.3596695e-01   6.0658674e-01   3.3059452e-01   2.2631480e-01  -2.1461198e-02  -6.8000085e-02  -1.1838491e-01   3.0159364e-02  -2.2569166e-01   2.6973029e-02   2.2873111e-01  -6.6392618e-02  -1.7831103e-01   2.3305951e-01   3.3063758e-01  -1.7373573e-01  -8.1017975e-02   4.0953975e-01  -2.3189688e-01  -2.9514977e-01   5.4154528e-02  -1.8577579e-01   2.9784137e-01
  -1.5614472e-01   0.0000000e+00   3.3358778e-01  -2.8397969e-01   6.1396361e-01   5.5699672e-02   3.5486406e-01   1.0222599e-01   6.1405371e-01  -3.0443033e-01  -2.5321598e-01   7.4087018e-01  -2.8386740e-01  -2.3248422e-01  -6.6943124e-02  -6.4381437e-02   4.3364911e-01  -3.5784737e-01   1.2823395e-01   3.6368936e-01  -3.8689879e-01  -4.0092108e-01  -6.1546179e-01  -3.8334784e-01   5.7524080e-02   1.1220433e-01   1.2770637e-01  -2.9286978e-01   3.4894329e-01   5.2507221e-01  -2.2967249e-01  -2.4476258e-01   1.7698802e-01  -7.9289508e-02   7.3530600e-01   1.5797711e-01   2.4590325e-02  -3.4524620e-01  -3.7425489e-02   5.5067939e-01  -3.5732745e-01   8.4341973e-02   4.3726985e-01  -1.6739018e-01  -2.0548579e-01  -3.4696750e-01  -3.5252583e-01   4.5702424e-01  -1.9545149e-01   6.0664071e-01  -5.7235075e-01   1.1852973e-01   3.5874049e-01   3.7124710e-01   1.7792360e-01  -2.2400271e-01  -2.9297433e-01  -5.3194633e-01  -3.9960507e-01   2.2703991e-01  -2.8416690e-01  -1.7478899e-01   7.8948343e-01  -8.7242010e-02   2.7733101e-01  -3.6746988e-01   4.0338415e-01   9.9288607e-02  -3.1777463e-01  -3.4928718e-01   5.8095121e-01  -3.1651439e-01  -3.4786779e-01   3.7750156e-02   2.3917939e-01  -1.0299012e-01  -3.8782384e-01   8.6278647e-02   6.9815772e-01   2.6049147e-02  -4.3033771e-01  -1.4345769e-01   4.5707242e-01   5.1336582e-02   8.0894686e-02   1.5228708e-01   6.7339204e-01  -4.3481210e-01   5.3577806e-01  -3.9114968e-01   6.4613542e-01   2.5590618e-02   3.7104958e-01   4.3267719e-01  -2.6052094e-01   1.5168434e-01  -4.4816665e-02   2.2561610e-01  -1.4447143e-01  -2.9407973e-01   3.2499336e-01  -1.2438784e-01  -2.3246634e-01   3.0394588e-01  -6.0191907e-01   9.7759841e-03   2.5405021e-01   9.3494222e-02  -2.3437994e-01  -2.6871931e-01  -1.1423861e-01  -2.3257156e-01   3.3737626e-01  -1.0024318e-01  -1.1614567e-01   5.5712035e-01   1.8023143e-01  -2.5640441e-01  -3.2320044e-01  -3.7490743e-01  -2.5746298e-01   7.1241639e-01   7.1761694e-01   4.2868966e-01  -3.2958482e-01  -4.8413265e-01  -1.8659496e-01   2.7246477e-01  -2.9824541e-01   1.2551370e-01  -1.4656591e-01  -1.5543128e-01   2.3876656e-01  -1.4702863e-01   3.9371481e-01  -1.2097319e-01   7.2060604e-02  -1.0545645e-01  -2.4134982e-01  -1.0514901e-03   1.4868656e-01  -1.6743320e-01  -2.2047644e-01  -3.1443916e-01  -1.1306976e-01  -3.2132557e-02   3.1307471e-01   2.8784205e-01  -4.3183236e-01  -2.0050348e-01  -2.8410905e-01  -3.7135101e-01  -2.5950454e-01   2.6758764e-01   7.5586084e-01   1.2015901e-03  -2.1189503e-01  -3.8317953e-01  -3.0542348e-03  -3.8939102e-01   1.9193454e-01  -3.1204940e-01  -2.4175541e-01  -4.6440084e-01  -2.5313377e-02   3.1963763e-01   1.8339142e-01  -3.2806491e-01  -3.2498622e-01   3.7126466e-01   2.2413874e-01  -3.2788913e-01   3.8948585e-02   2.3844436e-01  -7.6975147e-02   1.5215767e-01  -3.0009212e-04
  -6.5620601e-02   3.3358778e-01   0.0000000e+00  -2.2156194e-01   3.0543326e-01   3.2360374e-01   1.7664279e-01  -2.5497345e-01  -1.1163297e-01   5.8079754e-03  -1.2440594e-01   6.2853631e-01   1.0464055e-01  -3.5350162e-01  -2.5452845e-01   3.3635553e-01   8.6522552e-01  -1.1427713e-01   1.2358280e-01   5.4107276e-01  -3.4439767e-01  -3.5103780e-01  -2.5211182e-01  -1.2179595e-01   8.6892538e-02   9.2913356e-04   2.0155115e-01   1.0405786e-01   5.4013251e-02  -2.6863116e-02  -3.5620149e-01   1.7398177e-01   2.2833797e-01  -9.1700157e-02   2.3282992e-01   3.6001004e-01  -4.7470231e-01  -2.7076687e-01   9.3772227e-02   5.0761687e-01  -1.0474146e-01   1.5750443e-01   2.9769232e-01  -1.9937846e-01  -1.7484581e-01  -5.5825442e-02   1.3584181e-01  -1.6574818e-01  -2.5668800e-01   5.0053007e-01  -8.1245500e-02  -7.5972387e-02  -2.6315840e-01   3.5950664e-01  -9.0106017e-02   7.0671815e-02  -1.3550582e-02  -3.9069490e-01  -1.7787930e-01   2.4807154e-01   2.5373722e-02  -1.1005728e-01   1.5978348e-01  -3.6417994e-01  -3.9916580e-01  -5.0716109e-02   3.4110701e-01   1.6531327e-02  -9.0424486e-02   4.9949438e-01   2.8275748e-02  -2.7631525e-01  -2.7913339e-01   2.5358285e-01   2.5077399e-01  -1.4632112e-01  -3.1790237e-02   1.0050367e-01   1.7827129e-01   1.4713416e-01  -2.6337660e-01  -1.0831077e-01   2.9089735e-02   3.1945009e-02   5.2781767e-02  -3.1283758e-02  -1.9538393e-01  -2.3513023e-01   3.1978745e-01  -2.8878412e-01   1.2844776e-01   2.4356963e-01   5.7955027e-01   1.1016761e-01  -1.5458574e-01   4.2039008e-01  -2.3372009e-01   7.5276976e-03   2.3953964e-02  -4.3775580e-01   7.4373478e-02  -8.2669456e-02  -3.8681225e-01   3.4366835e-02  -2.5467861e-01   5.6894550e-02   4.3697263e-01   1.1133916e-01  -5.0603761e-01   7.7951698e-02   1.2242002e-01  -3.2884643e-02   1.7538295e-01  -3.2542646e-02   6.1782061e-02  -1.3036870e-02   6.2696323e-02  -2.2646118e-01  -1.3470253e-01  -1.3342327e-01   1.3907400e-01   4.0250513e-01   3.0229301e-01  -3.0652338e-01  -1.4591460e-01  -2.2128538e-01  -7.1530673e-02   3.8303618e-02  -2.5531376e-01   5.7974895e-01   4.5671496e-02  -4.1681675e-01   1.1121332e-01  -3.5607474e-01   2.6152093e-01  -3.0702684e-01   3.0369514e-01  -3.6475128e-01  -3.0063243e-01  -1.1477522e-02   6.3517667e-02  -3.3955745e-02   3.5845446e-02   2.6530679e-01  -1.9919577e-01  -1.2064938e-01   2.4702398e-01   2.0211186e-01   4.7546031e-02  -5.6849804e-01  -7.6510184e-02  -5.2708482e-01   7.1858253e-03   1.3217916e-01   5.0197714e-01   5.4398487e-02   1.5589387e-01  -1.9789211e-01   2.4604662e-01  -3.5681071e-01   1.3765145e-01  -8.5507400e-02   7.2646251e-02  -1.0657318e-01   1.1064541e-01   1.1831955e-01   2.4278360e-01  -2.1802166e-01  -1.7211376e-01   1.0818425e-01   2.8991070e-02  -1.6676702e-02  -2.7332659e-01   3.8572444e-01  -8.0569300e-02   7.8934163e-04  -1.1294937e-01
   1.3906932e-02  -2.8397969e-01  -2.2156194e-01   0.0000000e+00  -3.7028629e-01   1.7820039e-01  -5.1984930e-01   2.7657380e-01  -2.6172878e-01  -1.2674827e-01   2.2824431e-01  -3.3129407e-01   2.0886802e-01   5.1527346e-01  -5.4753976e-02   8.6667766e-02  -2.2809497e-01   3.5743546e-01   4.7065064e-01  -2.1843033e-01   4.7079685e-01   5.1452561e-01   2.9704600e-01   8.9207641e-02  -1.3120805e-01   4.6161744e-02  -2.0159812e-01  -1.0147409e-01   3.2766872e-02  -6.9589997e-02   2.6214688e-01   6.4668242e-02   2.6901910e-01  -4.6296848e-01  -4.6850101e-01  -1.9241108e-01  -1.4073285e-01   5.4010887e-02   9.1976037e-02  -3.3504862e-01   2.6745343e-01   2.2301138e-01  -2.7454968e-01   5.4649348e-01   5.8367741e-02  -1.3564412e-01   3.1499587e-01  -4.1410461e-01   4.5569510e-01  -2.3877049e-01   2.5141548e-01  -7.0577629e-02  -3.2004680e-01  -4.3766475e-02   8.8197410e-02   1.9770198e-01   4.4248825e-01   4.8595672e-01   3.0496999e-01   6.4604422e-02   1.6064215e-01   1.4697471e-01  -1.7719795e-01   2.4230318e-01  -2.3692678e-01   2.2965257e-02   7.1714523e-02  -8.9600351e-02   4.8450096e-01  -1.1756763e-01  -4.4132569e-01   3.7214614e-01  -8.0957058e-02  -3.6222788e-02  -8.7740681e-02   5.9455741e-02   1.4925588e-01   2.9284846e-01  -4.2888306e-01   3.2177613e-01  -2.6910964e-01  -1.1001281e-01   9.6668922e-02   1.8039849e-01   1.6010046e-01  -6.8766258e-02  -2.8907601e-01   2.8193802e-01  -4.4300383e-01   2.4335204e-02  -3.1406312e-01   2.0997103e-01  -3.9791411e-01   5.3720764e-02  -5.1570803e-02  -3.2849099e-01   2.8916123e-01   3.0846770e-01   2.5594852e-01  -1.7013071e-02  -1.2387059e-01  -1.5424950e-01   4.2884812e-01   2.7744048e-01   2.9169750e-01   3.7728455e-01  -9.6745820e-02   3.9690571e-01   4.5792796e-02   2.8007582e-01  -2.6881064e-01   3.8334722e-01   1.9656507e-01  -8.3038668e-02  -2.3051758e-01  -3.3923615e-01   6.1698229e-02   6.7340910e-02   4.5928068e-01   7.1070551e-01  -1.9581642e-02  -4.0942588e-01  -3.8867322e-01  -3.1668953e-01   1.4524940e-02   4.2443388e-01  -1.1477676e-01  -2.1485938e-01   4.3404855e-01  -6.0363225e-02  -7.7413118e-02  -8.9906834e-02   1.5865980e-01   1.6885195e-01   1.5442208e-01   6.4434966e-02  -5.8139810e-02  -9.9374862e-02   1.9210196e-01   3.4497699e-02   1.3161813e-01  -1.6116667e-01   1.9508034e-01   1.8565741e-01  -7.8397557e-02  -8.4696464e-02  -4.9637954e-01   4.0834820e-02   1.3361242e-01  -1.2200687e-01   2.0504420e-01   2.3130016e-01   1.3855937e-01  -2.4770578e-01  -3.6959993e-01  -1.7126041e-02  -6.7369791e-02   2.7239554e-01   5.0110745e-02   5.2695796e-02   1.2990405e-01   2.5524757e-01  -5.7552797e-02   3.5044138e-01   2.8211706e-01  -3.5631796e-01  -2.4644274e-01   4.2003401e-01   6.4431784e-02  -9.7011180e-02  -3.6155624e-01   7.5795332e-04   3.3262333e-01   8.4093212e-02   8.3728574e-02   1.6725851e-01   3.5961333e-01
  -1.7390755e-01   6.1396361e-01   3.0543326e-01  -3.7028629e-01   0.0000000e+00   3.5044699e-03   3.1806194e-01  -9.5051347e-02   5.1030783e-01  -6.0818140e-02  -2.8075516e-01   4.2301262e-01  -1.1708483e-01  -5.1793732e-01  -2.7493207e-01  -8.2595866e-02   4.6811217e-01  -3.3498974e-01  -1.1925210e-01   7.1994762e-01  -5.4294869e-01  -4.2353952e-01  -5.0000632e-01  -3.2088131e-01   1.1062284e-01   1.5753466e-01   3.6677649e-01  -2.5251589e-01   2.0479696e-01   2.8322885e-01  -3.9308570e-01  -1.4371965e-01   1.1342453e-01   4.7321019e-02   4.0317533e-01   5.5314099e-01   4.7609670e-02  -1.9680051e-01  -8.1094065e-02   6.0391329e-01  -2.6335492e-01   8.0776653e-02   3.1765653e-01  -4.1884973e-01  -5.7703868e-02  -1.8648185e-01  -1.5187361e-01   4.1684741e-01  -1.5461029e-01   6.3484246e-01  -4.0905082e-01   6.7162962e-02   3.2368648e-01   1.9257388e-01  -8.1320620e-02  -3.1055677e-01  -3.3413549e-01  -4.2321999e-01  -3.4637308e-01   1.3043636e-01  -1.6249729e-01   1.2661230e-01   5.9585342e-01  -2.3486235e-01   8.7586336e-02  -1.5775261e-01   3.5732519e-01   1.7163056e-01  -2.9938482e-01  -2.8469895e-01   6.0145203e-01  -2.0573335e-01  -1.5916614e-01  -3.5390006e-02   2.6933780e-01  -1.9008169e-01  -3.6418344e-01   6.2242128e-02   8.3336744e-01   4.4238208e-02  -2.6374097e-01   1.6251194e-02   3.7419088e-01  -6.5836263e-02  -1.0082509e-01   3.3901423e-02   3.3500249e-01  -3.7133719e-01   6.1733770e-01  -2.4963871e-01   7.1586612e-01   1.6651183e-01   5.4762105e-01   3.3684309e-01  -1.3166781e-01   5.7365032e-01  -3.5741501e-02   8.6213120e-02   3.2574277e-02  -2.5205603e-01   2.3624106e-01  -1.5383558e-01  -4.7049544e-01  -7.9922176e-02  -4.6009541e-01   6.4627403e-02   2.0398336e-01   7.0680677e-02  -5.7465605e-02  -3.1522643e-01   6.7337528e-03  -3.0926261e-01   2.7521686e-01  -6.4583981e-02   6.5556981e-02   6.2761382e-01   6.2636723e-02  -1.9239201e-01  -4.9073214e-01  -3.5616986e-01  -2.2911763e-01   7.1388355e-01   5.3794417e-01   3.1427358e-01  -2.0765021e-01  -5.7425907e-01  -2.0732575e-01   2.6584812e-01  -3.5204263e-01  -5.8083495e-02  -8.4981745e-03  -9.8804505e-02  -4.8527748e-02  -3.8468991e-01   2.1966888e-01  -7.2880798e-02   3.6137184e-01  -2.7192083e-01  -2.0502157e-01  -2.0848886e-01   6.9650794e-02   8.1293590e-02  -2.5195529e-01  -3.5101157e-01  -2.2672886e-01  -1.5995000e-01   4.3695911e-01   2.4826841e-01  -3.0772546e-01  -2.6383701e-01  -3.1864618e-01  -4.9070900e-01  -1.4891311e-01   2.7010031e-01   6.8430755e-01  -2.4832825e-01  -1.0809656e-01  -3.5262890e-01   2.9468882e-01  -3.7978800e-01   8.7253283e-02  -3.3245134e-01  -8.2004682e-02  -4.6893357e-01   1.4653919e-01   3.5700425e-01   2.7005169e-01  -2.5610935e-01  -2.2548388e-01   4.6170118e-01   4.8191774e-01  -3.0189974e-01   5.0574851e-02   1.9101096e-01   2.9312713e-02  -1.3629693e-02   6.0687178e-02
  -1.9076404e-01   5.5699672e-02   3.2360374e-01   1.7820039e-01   3.5044699e-03   0.0000000e+00   1.3664466e-01  -5.7773288e-02  -2.2094441e-01  -8.2423910e-02   2.2679376e-01   2.9472144e-01   1.7407177e-01   3.0625443e-01   7.4967529e-02   8.6214099e-02   2.4780914e-01   2.4948720e-01   5.4640765e-01   1.9205327e-01   1.5973373e-01  -3.1166096e-02  -3.6239446e-02  -6.1662973e-02  -1.8847206e-01   2.0677150e-02   6.3137460e-02   3.0555244e-02   3.5408583e-02   1.6752683e-01   3.9502895e-03   1.1118063e-01   3.0892146e-01  -1.7129927e-01   6.0839641e-02   3.6355057e-01  -3.1782371e-01  -3.2955383e-01   1.4706538e-01  -2.1271498e-02   2.4608919e-01   1.9675160e-01   1.9768092e-01   1.2063200e-01   1.6873235e-02  -1.8393644e-01   4.5857970e-01  -1.3217631e-01   6.0815779e-02  -1.6136227e-01   1.0631567e-01  -8.1712205e-02  -3.1896691e-01   1.6188935e-01  -2.0211293e-02   2.2320817e-01   4.5120394e-01   1.0653611e-01  -9.5148145e-02   1.8696233e-02   1.1938640e-01   5.5056335e-02  -1.3016733e-01   1.2221403e-01  -3.7798187e-01   1.3925887e-01   7.5639726e-01  -2.1512338e-02   3.4482178e-01   2.0783624e-01  -4.1297353e-01   1.7954821e-02   7.5165741e-02  -6.8957890e-02  -1.8669227e-01  -9.3615843e-02  -1.8348858e-02   1.8798553e-03  -6.1541240e-02   9.1633779e-03  -1.2772074e-01   8.1870778e-02   7.9515973e-02   1.4580077e-01   8.0404095e-02  -1.7134876e-01  -2.3510853e-01  -2.0478434e-01  -1.4837779e-02  -1.6134499e-01  -3.0095312e-01   1.2155704e-01   2.1357501e-01  -1.4454180e-02  -2.7738328e-01  -1.0253429e-02  -1.2082864e-02  -2.9443271e-02   8.5431001e-02  -4.3408327e-01  -2.1714990e-01  -5.7917382e-02   3.1336090e-01  -6.5044350e-02  -5.6784257e-02   8.3239851e-02   2.7749249e-01   1.6465053e-01  -5.5115785e-01   4.6999570e-01  -5.9369607e-02   2.5681918e-01   1.2561945e-01  -2.0732848e-01  -3.4194724e-01  -3.1483307e-01   5.7974392e-02   1.3697443e-01   5.0868035e-01   6.7814303e-02  -1.2957553e-02  -7.5498061e-02  -1.0690979e-02  -3.1849297e-01  -1.8992952e-01   2.2269310e-01  -1.5398805e-01  -1.0042618e-01   1.1811014e-02   3.1586028e-01   6.9296220e-02  -6.7573842e-02   6.7147351e-02  -1.8192256e-01   6.2241196e-02  -5.9924999e-02  -1.4553151e-01  -1.0019870e-01   4.2222590e-02  -9.7774098e-02  -2.6619258e-02  -1.6847908e-02  -4.8222155e-02   5.5985394e-01  -2.9654668e-01  -3.3753664e-01  -1.7048277e-01   3.4315184e-01   3.7632157e-01  -4.0088220e-01   3.1195081e-02   7.3630677e-02   8.1884883e-03   2.9305629e-01   2.6403019e-02  -1.2172461e-01   1.5451276e-01  -9.2289569e-02  -1.6870911e-02   4.2263749e-02   1.7685446e-01   8.4452769e-02   2.4571111e-01   3.7118662e-02  -5.2553804e-02  -1.0629556e-01   1.4662836e-01   2.9638406e-01   1.1301103e-01   7.2953736e-02  -1.0751508e-01  -2.1820252e-01   7.4788652e-02   6.9740988e-01  -2.9486861e-01   2.0269514e-02  -6.0060886e-03
  -2.1064315e-01   3.5486406e-01   1.7664279e-01  -5.1984930e-01   3.1806194e-01   1.3664466e-01   0.0000000e+00  -3.2604650e-01   5.0113552e-01   4.1999939e-01  -2.4340466e-01   4.9853715e-01  -3.2673627e-01  -3.6093816e-01  -1.2350005e-01  -8.7321415e-02   2.1231632e-01  -3.7173718e-01  -1.0498410e-01   4.1673844e-01  -3.4260043e-01  -5.4355217e-01  -2.5343835e-01  -5.1872602e-01  -5.2363982e-02  -2.5681947e-01   5.7788089e-01  -1.6339885e-01   3.0491616e-02   5.6682918e-01  -5.1069428e-01  -2.7393944e-01  -1.0457604e-01   6.7961088e-01   7.0892054e-01   4.0651384e-01   3.8129816e-01  -3.2563514e-01  -7.0754664e-02   4.5401734e-01  -2.9550400e-01  -1.2528729e-01   6.4515590e-01  -5.7864513e-01   8.8096688e-02  -2.8592658e-01  -2.8073987e-01   7.3945110e-01  -5.5547833e-01   2.2305105e-01  -4.3416512e-01  -2.1161184e-01   2.3774557e-01  -1.2354584e-01  -2.1103719e-01  -3.1469405e-01  -4.2815610e-01  -5.6737832e-01  -4.3816995e-01  -1.7727556e-01  -3.1289797e-01   4.9838466e-02   8.4740717e-02  -4.2727964e-01   2.6278919e-01   3.7513798e-01   2.6635295e-01   6.0437205e-02  -4.8465937e-01  -5.3780764e-02   3.2188587e-01  -4.3747322e-01  -7.5686164e-02  -4.0077969e-01  -1.5454407e-01  -3.2778044e-01  -3.6955311e-01   5.4874662e-03   3.9980962e-01  -4.9990849e-01   2.9370536e-01   1.1863273e-01  -8.3265931e-02  -3.7046615e-01  -5.2212340e-01  -1.1414741e-01   4.4028479e-01  -4.3926152e-01   3.2338331e-01  -3.4299604e-01   1.6428227e-01  -3.5584747e-01   5.2424108e-01   2.2280808e-01  -3.1173095e-01   3.7925570e-01  -2.7884642e-01  -1.8107443e-01  -2.3025686e-01   8.8818296e-02  -9.6323759e-02  -8.9301090e-02  -1.3653763e-01  -2.3137523e-01  -5.2270219e-01  -2.0676581e-01  -8.3243543e-02  -1.5859333e-01  -1.2167814e-01  -1.9735611e-01   5.3320850e-01  -3.2196062e-01  -9.0835253e-02  -1.5529871e-01   9.7199376e-02   1.7811198e-01  -2.7439419e-02  -1.1868868e-01  -4.2200419e-01  -4.9992841e-01  -2.7871161e-01   3.8449133e-01   4.1872753e-01   3.6864566e-01  -3.4155276e-01  -4.4319495e-01  -1.2399826e-01  -5.7816592e-02  -5.7830213e-01   1.2182664e-01  -1.0808383e-01   4.4228398e-01  -3.3078869e-01  -1.9897864e-01  -4.0031683e-03  -2.8979264e-01  -1.1524053e-01   3.2634328e-01  -4.9311107e-01  -2.5363499e-01  -9.8382029e-02  -2.3338257e-01  -2.1891573e-01  -1.7986173e-01  -1.2999042e-01  -1.3915623e-01   6.0588497e-01   2.8878854e-01   2.7080241e-02   2.8051805e-01  -4.7184405e-01  -1.9799873e-01  -5.0116912e-01   4.7458977e-01   3.7757543e-01  -2.3790777e-01  -2.0857956e-01  -3.8133839e-01  -2.2958805e-01  -7.0249916e-02   2.0008174e-02  -1.3082410e-01   1.5603370e-01  -3.6272206e-01  -3.1642274e-01   5.8779741e-01   4.6941860e-01  -4.6531348e-01  -3.2194451e-01   1.8186372e-01   5.1632115e-01  -4.7916413e-01  -1.5892902e-01   3.0390988e-02   7.1684435e-03  -3.0747635e-01  -1.6587336e-01
   2.1521212e-01   1.0222599e-01  -2.5497345e-01   2.7657380e-01  -9.5051347e-02  -5.7773288e-02  -3.2604650e-01   0.0000000e+00   6.5849062e-03  -2.4032416e-01   5.5713995e-03  -1.3702084e-01  -1.6149956e-01   3.0225547e-01   2.2752287e-01  -1.7468229e-01  -1.6900921e-01   4.9475973e-02   2.3813617e-01  -2.3078859e-01   1.3274414e-01   2.4005520e-01   2.2402085e-02   2.5392401e-01  -2.5068225e-01   5.5663724e-01  -3.8699331e-01   2.7276965e-01   9.0616228e-02  -1.6960676e-01   3.1417663e-01   2.7021355e-01   8.7081426e-02  -1.9788374e-01  -1.4502635e-01  -3.1038127e-01  -5.2994377e-03   4.2184124e-03  -1.8117184e-01  -1.9839895e-01   4.6414186e-02  -9.0931410e-02  -2.5051746e-01   6.4086305e-01  -3.6236157e-04   8.0887349e-02  -1.7860485e-01  -1.2170536e-01   3.8420602e-01  -5.0100642e-02   6.3005426e-02   6.4645686e-01   6.4467445e-02  -1.7345001e-01   3.5160664e-01   2.3509977e-01   3.3690668e-01   4.0011145e-01   2.5842483e-01   5.0504419e-02   4.4322716e-02  -7.8181269e-02   1.5916699e-01   5.5589444e-01   1.1954133e-02  -2.0921851e-01   4.0974772e-02  -2.1333604e-01   1.9616843e-01  -2.4359613e-01  -4.5227296e-02   3.1620612e-01  -1.5478994e-02   1.3650510e-01  -2.3787732e-01   3.6034894e-01   1.0133071e-01   1.0826957e-01  -2.4737733e-02   9.9225677e-02   2.9855298e-02  -2.6617776e-01   2.7121188e-01   7.2105295e-01   3.4484107e-01   3.9027449e-01  -1.0076161e-02   1.7191355e-01  -2.1913957e-01   2.6024687e-01   4.1929538e-02   8.2987161e-02  -2.9023027e-01   9.0247909e-02   1.1117891e-01  -3.3803591e-01   2.5747535e-01   5.4847602e-01  -1.7667389e-02   7.3488330e-02   1.5193130e-01   2.9537359e-01   1.7014125e-01   7.9687402e-02   2.3325305e-01   3.3814294e-01  -6.2028912e-02   3.6129127e-01   1.4151496e-01  -1.5813030e-01  -2.3249873e-01   8.2436636e-02  -3.3904000e-02   1.9536337e-01  -7.4033811e-02   8.9373697e-02   1.8209270e-01  -2.0555924e-02   3.0347891e-01   3.2488595e-01   2.2523868e-01  -9.2083047e-02  -2.0771106e-01  -5.8464029e-02   2.6755835e-01   1.7427183e-01  -1.4817117e-03   8.0168424e-02   4.8683274e-01  -1.9270258e-01  -3.2954011e-01  -4.1851148e-02   3.1255371e-01   1.2844754e-01   1.4902979e-01   6.2311238e-01  -2.8941457e-01  -1.6816705e-02   5.9127149e-01   2.1481460e-01   7.8840429e-02  -1.6006392e-02  -4.8682664e-02  -1.8162558e-02   2.7116294e-01   1.3243283e-01  -3.3895905e-01  -2.8166785e-01  -1.9914294e-01  -3.4380448e-02   1.6758774e-01   3.0505837e-01   2.4055982e-01  -3.2926419e-01  -2.5950046e-02   2.8173869e-01  -1.7617990e-01   2.6307603e-01  -6.5171507e-02   1.8870758e-01  -5.5569875e-02   5.2351594e-02  -3.4851625e-01   7.6741372e-02   3.2484734e-01  -1.8599057e-01  -2.9074066e-01   5.1018412e-01   7.6312670e-02  -3.8357931e-02  -3.1287665e-01   7.3274442e-02   4.8523379e-02   9.7787477e-03  -6.4585364e-02   1.2760760e-01   2.4454956e-01
  -1.0900845e-01   6.1405371e-01  -1.1163297e-01  -2.6172878e-01   5.1030783e-01  -2.2094441e-01   5.0113552e-01   6.5849062e-03   0.0000000e+00   8.8301334e-02  -1.8297259e-01   2.9845327e-01  -3.8211051e-01  -2.9938596e-01  -1.2318353e-01  -2.7129690e-01   8.2547946e-02  -3.5148765e-01  -2.0187157e-01   2.5662673e-01  -3.3529588e-01  -3.4323577e-01  -3.8640359e-01  -5.3288004e-01   5.8888189e-02   2.3139732e-02   3.2996788e-01  -4.0095917e-01   2.3311358e-01   6.0227407e-01  -2.2169165e-01  -4.4112720e-01   1.1037509e-02   2.6638772e-01   6.8457823e-01   2.1359063e-01   4.7550531e-01  -1.9534364e-01  -1.3782502e-01   4.0098948e-01  -3.0671557e-01  -4.3045998e-02   4.0554815e-01  -3.5607253e-01  -1.4502622e-03  -1.7903696e-01  -4.1123346e-01   7.1719290e-01  -2.3185402e-01   4.2113007e-01  -5.9501759e-01   1.0087529e-01   5.2409109e-01   7.8853435e-03   3.7564800e-04  -4.0528746e-01  -4.7181613e-01  -4.3152463e-01  -3.6197762e-01  -5.9673016e-02  -2.3742387e-01   1.8810806e-02   5.8406335e-01  -5.7171251e-02   5.6561962e-01  -6.5283941e-02   1.8101339e-01   1.7446192e-01  -3.8884719e-01  -4.6297265e-01   6.1415499e-01  -2.4546654e-01  -2.5752988e-01  -3.0491300e-01   5.9090361e-02  -2.1511597e-01  -3.8723843e-01  -6.3272614e-02   5.7705639e-01  -2.3539060e-01  -6.1409960e-02  -1.3939133e-01   2.3333997e-01  -1.5068549e-01  -2.4925492e-01   9.4413820e-02   7.5219664e-01  -3.7177557e-01   4.6270878e-01  -1.9481401e-01   5.5849670e-01  -1.0204486e-01   2.3185113e-01   4.4926674e-01  -1.2878928e-01   2.1703653e-01  -3.9982246e-04   1.0627283e-01  -1.9818353e-02  -7.5940431e-03   2.6024206e-01  -1.1251687e-01  -1.6648473e-01   2.1183810e-01  -5.8807258e-01  -7.6872562e-02  -1.0392977e-02  -6.0587740e-02   1.3690853e-01  -3.3168553e-01   1.0472007e-01  -3.3528313e-01   2.5932668e-01  -1.3775630e-01   3.4272326e-02   5.6745946e-01   6.0258330e-02  -1.7298683e-01  -4.4966714e-01  -4.1759932e-01  -3.5106297e-01   4.7611181e-01   4.8843303e-01   6.2225931e-01  -1.9896204e-01  -5.5248697e-01  -2.2725017e-01   2.0090476e-01  -3.2762105e-01  -1.9013400e-01  -2.7361034e-01   2.5481447e-01  -2.1755165e-01  -1.2018042e-02   2.4350465e-01  -2.7763717e-02  -3.2923153e-02   2.1537427e-01  -2.2270089e-01  -2.3157967e-01   1.6863767e-02  -2.4546767e-01  -2.8155365e-01  -5.5365164e-01  -8.7799712e-02   1.0158467e-01   4.0888493e-01   2.9367555e-01  -3.5027803e-01   2.6810195e-01  -3.5648299e-01  -1.5520806e-01  -4.1263509e-01   3.9118929e-01   4.7155259e-01  -2.1238450e-01  -2.9217766e-01  -3.0733989e-01  -3.6958040e-02  -1.6480566e-01   4.1424220e-02  -2.3276705e-01  -2.7095125e-02  -4.0386368e-01  -1.7994018e-01   4.1816890e-01   2.3417970e-01  -4.3140857e-01  -2.1348053e-01   3.6105163e-01   4.0239120e-01  -4.3197037e-01   1.9754517e-01  -7.2180010e-02   1.0066773e-01  -8.8552327e-03   1.1352410e-01
  -5.4966839e-02  -3.0443033e-01   5.8079754e-03  -1.2674827e-01  -6.0818140e-02  -8.2423910e-02   4.1999939e-01  -2.4032416e-01   8.8301334e-02   0.0000000e+00  -1.5523515e-02  -2.0880849e-01   8.3925265e-02  -3.3713442e-01  -2.9854126e-01   9.1539135e-02   4.9016619e-02  -4.8461999e-02  -2.2056431e-01   3.6084629e-01  -2.3083708e-01  -2.7633371e-01   1.9732064e-01  -1.9634090e-01  -5.2530676e-02  -1.8639302e-01   4.4227904e-01   4.8199903e-02  -1.6463942e-01  -7.7227389e-02  -3.1644941e-01  -8.5340692e-02  -1.7865621e-01   6.7287972e-01   4.0969098e-02   3.7109662e-01   3.4651103e-01   4.0352557e-02  -8.6633124e-03   1.3737263e-01   7.7131278e-02  -1.6437926e-01   1.6693668e-01  -2.8166442e-01   1.9601044e-01  -2.9145528e-03   1.3614890e-01   2.2630394e-01  -4.7746304e-01   1.5234575e-02   4.0284776e-02  -3.0836480e-01   1.3501909e-02  -4.0328665e-01  -3.3781178e-01  -8.5693215e-02  -1.4708594e-01  -1.3471652e-01   5.9624043e-03  -4.3824264e-01   5.9029536e-02   2.1837441e-01  -3.4267564e-01  -3.3169037e-01  -5.2377538e-02   6.7258304e-01  -1.5761724e-01  -2.6080265e-02  -8.2956986e-02   1.9243402e-01   3.8344450e-02  -1.9649376e-01   3.8781630e-02  -3.6937559e-01  -1.9886292e-01  -3.7128258e-01  -5.9159648e-03  -8.3860603e-02  -9.3642353e-02  -3.4748387e-01   2.9455091e-01   8.2037530e-02  -2.7935735e-01  -2.4062367e-01  -5.2607666e-01  -3.0375940e-01  -7.0956960e-02  -1.1039463e-01  -1.2879787e-01  -3.2191763e-02  -1.2331931e-01  -1.9677340e-01   2.6230986e-01  -1.1212692e-01  -7.9526685e-02   4.5778297e-01  -1.5207463e-01  -2.7303610e-01   2.0078391e-02   1.7254745e-01  -2.0145483e-01  -4.7328722e-02  -2.3954147e-01  -3.4989167e-01  -4.6245205e-02   2.5025406e-02  -2.3360909e-01  -1.3273243e-01   1.2943274e-01   3.8087670e-02   6.8159049e-01  -2.9953137e-01  -2.4312108e-01  -1.3144719e-01   3.5534901e-01  -8.0686172e-02  -1.1845156e-01   1.9216981e-01  -2.6527370e-01  -1.3675096e-01  -9.1617721e-02  -1.0428654e-01  -6.1723817e-02  -8.4167549e-02   1.6385099e-02  -2.8021526e-01  -2.1647289e-01  -2.0454618e-01  -1.9799190e-01   3.9175119e-02   4.2562242e-02   4.4222874e-01  -4.4670620e-01  -1.8266804e-01  -2.3227773e-01  -2.6814719e-01  -6.8445711e-02   2.6400137e-01  -3.2341309e-01  -2.2052315e-01  -1.1189670e-01  -1.4172524e-01   3.2365102e-02  -3.3759501e-02  -9.6077601e-02   7.2757544e-03   4.1641262e-01   1.3871337e-02   3.7804394e-01   2.5930429e-01  -2.3496745e-01  -1.0616002e-01  -3.5369006e-01   9.6374747e-02  -8.7431148e-02  -1.0895760e-01  -1.0067242e-01  -9.1148359e-04  -6.3113309e-02  -4.9046174e-02   5.4411506e-02   1.5223570e-01   2.0516611e-01   5.1659748e-02  -5.6899255e-02   4.5882308e-01   9.9891761e-02  -1.9398368e-01  -6.0036639e-02  -3.3707124e-02   4.1535327e-01  -7.1240212e-02  -1.9239146e-01  -8.2209545e-02   1.6282748e-01  -3.4355956e-01  -5.9106378e-02
  -6.2581631e-03  -2.5321598e-01  -1.2440594e-01   2.2824431e-01  -2.8075516e-01   2.2679376e-01  -2.4340466e-01   5.5713995e-03  -1.8297259e-01  -1.5523515e-02   0.0000000e+00  -3.1035099e-01   2.3381142e-01   1.7352655e-01   3.6736721e-01   3.0249435e-04  -1.2535122e-01   8.0191576e-01   1.6939666e-01  -1.9031772e-01   4.2736421e-01   4.0588734e-01   3.0557783e-01   7.2033232e-02   1.3605792e-03  -5.1483885e-02  -2.4305265e-01  -2.1605545e-02  -1.9754317e-01   8.7337503e-02   3.8166988e-01   1.4786761e-01  -9.1947521e-02  -3.3015966e-01  -2.3932976e-01   1.8832130e-01  -6.5095276e-02  -1.2585526e-02  -1.4725111e-02  -5.2914573e-01   5.2153435e-01  -7.3411009e-02  -1.1092092e-01   3.7696745e-01   5.3547146e-01   3.6635505e-01   6.8911286e-01  -3.1816745e-01   1.1053599e-01  -4.9609981e-01   6.2769814e-01  -1.5574308e-01  -2.0297910e-01  -1.8718208e-01  -4.6630704e-02   3.5105576e-01   4.3368154e-01   4.2047506e-01   2.4859499e-01   1.0821893e-01   5.6648884e-01   2.4662696e-01  -2.7485092e-01   5.5315405e-01   1.0730475e-01   2.2990138e-01  -9.8285272e-02   1.8849001e-01   4.8049120e-01   2.8961523e-01  -4.9179259e-01   4.5134463e-01   2.4205287e-01   1.6490727e-01  -2.3437174e-01  -4.5112746e-02   5.4859998e-01  -1.0928353e-01  -4.3560619e-01   6.9812236e-02  -8.8735913e-02  -9.6406077e-02  -7.4021654e-02   8.2780530e-02   2.2530946e-01  -2.4172939e-01  -3.5478062e-01   1.4877092e-02  -3.0317530e-01   2.1538799e-01  -3.9394193e-01   3.0995045e-01  -4.0544730e-01  -9.3843488e-02   5.9842152e-02  -3.8113855e-01   3.6595959e-02  -1.8540962e-01   5.3956979e-01   6.3636762e-02  -2.5789858e-01   4.2855139e-01   3.0223626e-01   2.2886112e-01   4.9221269e-01  -3.4806313e-02  -1.0005032e-01  -9.2305013e-02  -2.7950804e-01   4.6318117e-01  -3.7191827e-01   5.4964219e-01  -5.5373369e-02  -1.7349067e-01  -3.4608331e-01  -4.1747322e-01  -1.3307059e-01   5.1502901e-01   3.0650224e-01   1.5699779e-01   4.8100541e-02  -4.8277304e-01  -4.0834802e-01  -4.9209105e-02   3.5589978e-01   3.3079737e-01   3.9835290e-01  -1.5702912e-01   2.8597317e-01  -1.4929163e-02   7.9430158e-02   2.1999075e-01   1.2084612e-01   1.6373866e-01  -1.6539625e-01  -2.2214185e-02  -1.8257456e-01  -1.5257195e-01   1.9248274e-01  -8.2952323e-02  -2.2418781e-01   1.4639560e-02   4.4973164e-01   1.1037896e-01   2.1271091e-01   2.4976257e-01  -5.7492839e-01   4.7318151e-01   5.8193635e-01   2.6915262e-02   2.2315859e-01   1.3298752e-01   9.6992903e-02   2.9579300e-01  -5.3475037e-01  -1.0915712e-01   1.3478640e-01   2.5376490e-01   1.7912861e-01   1.9533550e-01   1.2989239e-01   6.9034536e-01   3.4114491e-01   6.3365827e-01  -1.6415339e-01  -5.1128316e-01   1.7226276e-01   3.9437967e-01   7.4314457e-02  -2.4691168e-01  -3.3446815e-01   2.5520897e-01   4.3416906e-01   1.8920295e-01  -7.7957128e-02   2.4975450e-01  -4.6226427e-02
  -1.2921779e-01   7.4087018e-01   6.2853631e-01  -3.3129407e-01   4.2301262e-01   2.9472144e-01   4.9853715e-01  -1.3702084e-01   2.9845327e-01  -2.0880849e-01  -3.1035099e-01   0.0000000e+00  -2.0120113e-01  -2.6041520e-01  -9.0597833e-02  -1.5999338e-02   6.1355679e-01  -4.1186743e-01   1.7749399e-01   3.9268648e-01  -4.5638775e-01  -5.1480871e-01  -6.2946007e-01  -3.3505441e-01  -2.6715341e-02  -7.2815006e-03   1.3071808e-01  -6.6437018e-02   3.5772101e-01   3.2020515e-01  -4.5773853e-01  -2.1935248e-01   2.6184033e-01   3.2125379e-02   7.3056104e-01   1.2543518e-01  -2.3618933e-01  -3.7735447e-01  -4.8050807e-02   6.6359239e-01  -3.3947896e-01   1.8200089e-01   6.2315899e-01  -2.8702747e-01  -2.7279172e-01  -3.7872174e-01  -3.2794711e-01   2.6707978e-01  -2.8068562e-01   5.6331225e-01  -5.5858107e-01   4.3379394e-02   1.2710830e-01   4.5448565e-01   5.0417967e-02  -9.3293088e-02  -2.1269285e-01  -5.9916804e-01  -4.3330971e-01   3.1262231e-01  -3.3077508e-01  -2.3320207e-01   5.2883299e-01  -3.5686615e-01  -5.1874821e-02  -3.0769566e-01   4.2809884e-01  -5.7502976e-02  -4.1289944e-01   6.8161582e-03   3.3997198e-01  -3.6885231e-01  -2.0069792e-01   1.0329546e-01   2.2045282e-01  -2.4449682e-01  -3.9064010e-01   6.5057608e-02   4.6369992e-01  -4.0477352e-02  -2.9015092e-01  -6.6037083e-03   2.5278776e-01  -5.4705132e-02   8.5208603e-02   3.0759408e-02   3.7937951e-01  -3.6692275e-01   4.0154289e-01  -3.7095325e-01   4.0779165e-01   9.1622713e-03   5.6660091e-01   3.7226915e-01  -2.8154700e-01   2.9729313e-01  -1.3570192e-01   1.2516217e-01  -2.4385756e-01  -3.7875463e-01   2.5734095e-01  -4.3346800e-02  -3.2329991e-01   1.3055961e-01  -6.7831186e-01  -8.9982104e-02   4.1139712e-01   8.4388254e-03  -4.2224788e-01  -1.8672728e-01   1.4032912e-01  -2.1448751e-01   2.3987252e-01   4.7209974e-03   2.3112651e-02   2.3808243e-01   1.3065954e-01  -3.3357754e-01  -2.3238116e-01  -3.2396566e-01  -1.1632626e-01   7.1451692e-01   6.6826495e-01   1.4809917e-01  -3.7577397e-01  -3.3293588e-01  -1.7088735e-01   2.3190933e-01  -4.4223531e-01   4.0726773e-01  -1.4031179e-01  -2.6837090e-01   2.9954865e-02  -2.6000855e-01   5.1406648e-01  -2.9290622e-01   1.0409807e-01  -1.3458986e-01  -4.6528256e-01   2.0726275e-02   1.2344840e-01  -6.5580741e-02  -3.0989471e-01   3.4664636e-02  -1.3389718e-01  -2.8944166e-01   4.3160609e-01   1.8836084e-01  -3.3140926e-01  -3.5253036e-01  -9.3486712e-02  -4.6146333e-01  -1.4763160e-01   2.0128306e-01   7.1889822e-01  -2.6127616e-02  -7.8914923e-02  -3.9157329e-01  -1.6547505e-02  -4.2349121e-01   1.4254407e-01  -3.6691432e-01  -6.1109916e-02  -5.0835627e-01  -6.9054588e-02   2.9046694e-01   2.2652269e-01  -4.0948358e-01  -2.9875561e-01   2.7685629e-01   1.2839886e-01  -3.2819995e-01  -2.3752005e-01   3.1760846e-01  -8.8031719e-02   1.0248839e-01  -1.4638921e-02
   3.7145809e-02  -2.8386740e-01   1.0464055e-01   2.0886802e-01  -1.1708483e-01   1.7407177e-01  -3.2673627e-01  -1.6149956e-01  -3.8211051e-01   8.3925265e-02   2.3381142e-01  -2.0120113e-01   0.0000000e+00  -5.0024579e-02  -1.1080155e-01   4.1706956e-01  -2.1995249e-02   2.7913623e-01   4.9095930e-02   3.4933720e-02   1.0294462e-01   8.0333505e-02   1.8298668e-01   1.4298570e-01   3.5683002e-01  -1.4871438e-01  -1.2498098e-01  -1.0179735e-01  -9.8961303e-02  -3.8271323e-01   4.3333576e-02   1.0441027e-01  -1.2289962e-02  -3.4700498e-01  -3.5073668e-01   8.9716212e-02  -1.7831120e-01   2.3772200e-01   4.3560741e-01  -1.2140797e-01   7.0604958e-01  -5.6366950e-03  -1.1729863e-01   1.5219965e-01  -1.0264154e-01   1.4701894e-01   4.7377730e-01  -3.5794952e-01   8.1421223e-02  -1.4633011e-01   4.2307232e-01  -1.6050426e-01  -3.8679835e-01   1.3298495e-01  -3.0835776e-01   1.0380583e-01   2.1644723e-01   1.7782701e-01   3.9125559e-01  -2.2414235e-02   2.4070734e-01   1.9975739e-01  -2.6475054e-01  -1.2008908e-01  -5.3045677e-01  -5.1390613e-03  -5.8088949e-02   9.3888981e-02   2.6842397e-01   1.9452190e-01  -1.7122960e-01  -5.6139620e-02   4.2669771e-01   1.1682411e-01   2.6097281e-01  -5.5365822e-02   2.5527205e-01  -1.1128205e-01  -1.8308667e-01   2.6122276e-01  -4.1504736e-01   1.6923543e-01  -5.8611650e-02  -1.2718127e-01   8.0914746e-02  -1.5848551e-01  -4.8278434e-01  -8.4680098e-02  -1.2352847e-01   4.0131736e-02  -1.3959797e-01   2.7528522e-01  -4.8214251e-02  -3.0844758e-02   1.4001085e-01   1.0531876e-01   1.1405084e-01  -2.8401632e-01   2.9163979e-01  -2.8685557e-01  -2.0908857e-01  -8.0926282e-02  -7.4056877e-02  -8.4200524e-02   2.7210909e-01   4.7113745e-03   1.4865400e-01  -1.2612862e-01  -2.3030782e-01   4.3558074e-01  -1.0651628e-01   3.5320781e-02  -8.3403884e-02  -8.2968241e-02  -1.4725722e-01  -2.7027998e-01   3.8874389e-02   6.2243150e-01   1.1874086e-01   4.7348133e-02   9.2718000e-02  -2.4678486e-01   4.6839360e-03  -4.6237386e-01   2.6533737e-01   4.7346210e-03  -9.3177196e-03   1.2254345e-01   2.0947050e-01  -2.5023619e-02   5.6034371e-01  -2.7758872e-01   1.2113723e-02  -1.3952767e-01  -4.7797356e-02  -6.0874424e-02   1.9261917e-01  -3.4577597e-01   2.4057719e-02   1.5829975e-01   3.5445276e-02   4.7194816e-01   1.7827472e-01   1.4686833e-01  -1.3805002e-01  -8.1263911e-02  -1.0341655e-01   3.1753582e-02   2.9334417e-01  -3.8543511e-01   4.4756158e-02  -2.2625145e-01   8.9577012e-02  -1.3004377e-01  -2.0608996e-01  -4.8938097e-02   1.7390434e-01   3.4493360e-01   1.7057463e-01  -1.7623023e-01   9.9675615e-02   1.4043446e-01   1.9001788e-02   1.9918720e-01   5.2971019e-02  -2.0432358e-01  -7.7620105e-02   2.0904216e-01   1.4200287e-01   2.9941566e-02  -1.3684192e-01   3.1074178e-01  -2.6995169e-02   1.8795218e-01   6.9358780e-02  -1.8002123e-02  -7.1251930e-02
  -3.0600623e-02  -2.3248422e-01  -3.5350162e-01   5.1527346e-01  -5.1793732e-01   3.0625443e-01  -3.6093816e-01   3.0225547e-01  -2.9938596e-01  -3.3713442e-01   1.7352655e-01  -2.6041520e-01  -5.0024579e-02   0.0000000e+00   3.6836406e-01  -4.6127240e-03  -4.0508628e-01   3.1567703e-01   3.0648139e-01  -5.4586960e-01   6.6677000e-01   3.9539722e-01   3.4456593e-01   2.2454695e-01  -1.0350669e-01  -5.5883956e-02  -4.2762100e-01   4.3732025e-03  -3.0454520e-02   2.3508585e-02   5.8015386e-01   1.1960492e-01   2.2757306e-01  -3.1104494e-01  -3.3845503e-01  -3.6806022e-01  -1.3403859e-01  -7.9343548e-02   7.3308721e-02  -5.4252326e-01   1.5156988e-01   9.3937768e-02  -3.4742090e-01   4.9354474e-01  -4.6431759e-03  -6.0667792e-02   1.2553055e-01  -2.7906932e-01   4.9472883e-01  -4.5790175e-01   1.7804742e-01   4.3389562e-02  -1.7961491e-01   1.3511315e-02   3.6967302e-01   2.5916304e-01   4.1827633e-01   3.7300590e-01   2.1142142e-01  -7.8187225e-02   6.4487147e-02  -4.7526499e-02  -2.0321967e-01   4.1604555e-01  -6.2138653e-02   2.6781791e-02   1.3500484e-01  -9.9436617e-02   2.8887989e-01  -1.6859735e-01  -5.5723871e-01   3.5304209e-01  -2.5339532e-02  -7.4805155e-03  -2.0125496e-01   3.1463294e-01   7.1630184e-02  -7.2683575e-02  -4.5021219e-01   1.3205765e-01   1.1080589e-01  -8.3251992e-02   6.7631811e-03   1.9415519e-01   2.7359890e-01   1.3511083e-01  -9.6409124e-02   5.0783094e-01  -4.6347324e-01   8.7590174e-03  -4.9064946e-01  -1.6209660e-02  -4.5148557e-01  -2.2710514e-01  -5.8160009e-02  -6.9973151e-01   1.9218143e-01   8.2609165e-02  -2.2745200e-02   8.0340493e-03  -1.0292200e-02  -5.9507951e-02   7.9792535e-01   1.6654737e-01   2.3356299e-01   1.4448637e-01  -2.9418588e-02   8.3474628e-02   4.8128303e-02   3.8543229e-01  -3.3676724e-01   4.1456516e-01   5.5912390e-02  -1.2060166e-02  -2.4271995e-01  -4.7368971e-01   2.6187286e-02   1.2992097e-03   7.1936331e-01   3.9874423e-01  -5.3206858e-02  -4.6633984e-01  -3.3404889e-01  -1.3817995e-01  -8.1882869e-02   6.2355411e-01   9.7127489e-02  -1.3849763e-01   3.5674902e-01  -9.3672266e-02  -1.2098903e-01   8.0770986e-03   1.8129271e-01   4.5726790e-01  -6.8542313e-02   3.3771691e-01  -3.5223317e-01   1.4919816e-01   3.8103369e-01   1.1933575e-01   1.0649144e-01  -1.5823987e-01  -9.8718286e-02   3.8224235e-01   1.4498906e-01   3.8977286e-02  -6.1113588e-01  -3.4979160e-02   2.1061244e-01   7.7592746e-02   2.6491690e-01   6.8492133e-01   2.1000914e-01  -9.5392714e-02  -4.0845950e-01   5.6202964e-02   1.0238704e-01   1.4406340e-01  -1.7477825e-01   4.8124349e-01  -2.3420277e-02   6.2688677e-02   8.5927269e-02   2.1721010e-01  -8.6395120e-02  -4.5270032e-01  -2.4220966e-01   4.0182072e-01   2.1885320e-01  -1.4945327e-01  -4.3823687e-01  -1.1409572e-01   2.1762016e-01   1.3225572e-01  -1.7165763e-01   1.5183388e-01   6.5989792e-02
