   0.0000000e+00  -4.0474994e-01  -1.3077687e-01  -2.9905298e-01  -3.9337769e-01  -1.5890049e-01  -3.1154933e-01   1.7231737e-02  -1.3571752e-02  -1.5579634e-01  -2.7604171e-01  -2.7035093e-01   1.4323528e-01   3.9892910e-01  -1.9695363e-01   3.7048624e-02  -2.2158810e-01  -4.1025173e-01   3.1564932e-01  -4.5633010e-01  -2.1677708e-01  -1.6109548e-01  -2.4689173e-01   6.1058152e-01  -2.6350419e-01   2.3382269e-02  -4.8213526e-01   5.2220391e-01  -5.9022731e-02  -3.6528898e-01  -3.2119355e-01  -3.3592297e-01   1.8065643e-01  -2.9001499e-01  -5.5587208e-01  -4.1526938e-01  -1.8616570e-01   3.5281144e-01  -1.2088956e-02  -2.7915832e-01   7.4697503e-02   3.8743629e-02  -2.8410851e-01  -2.2263568e-01  -4.1517446e-01   5.3734503e-01  -1.9473966e-01  -4.4458033e-01  -4.2981500e-01  -2.1119546e-01  -2.6510314e-01  -1.7549403e-01  -4.1500253e-01   1.9457409e-01   2.3754314e-01  -1.4069139e-01   2.9718537e-01  -2.2011046e-01  -8.8727832e-02  -4.9291102e-01   2.9265084e-01  -4.9008232e-01  -1.6759396e-01  -2.4472346e-01  -4.4194748e-01  -1.3528529e-01  -1.0527970e-01  -2.7826269e-01  -3.4435197e-01   5.6203670e-01  -2.8011667e-01  -2.2503488e-01  -6.4652880e-02   4.4711224e-01  -7.6565016e-02  -2.8414921e-01   5.4163598e-01  -3.8087354e-01  -3.1267157e-01   1.4820490e-02  -1.1970998e-01  -1.2397377e-01  -3.0454930e-01   4.6275311e-02   5.8034595e-01  -2.1599895e-01  -2.3318413e-01   4.7658708e-01  -6.7949952e-02   7.8404067e-01  -1.6047952e-01   3.6474530e-01  -1.3684655e-01  -1.7499960e-01   4.1293150e-01  -4.2984168e-01  -1.0388822e-01  -1.7480195e-01  -2.9019466e-01  -3.0101200e-01   4.1930998e-01  -2.1037756e-01  -1.3454633e-01  -3.4963767e-01  -3.3132725e-01  -3.0463229e-01   2.3288856e-01  -3.9524502e-01  -1.8549700e-01  -2.5201716e-01  -2.5029707e-01  -1.9898921e-01  -3.1426310e-01   7.5836246e-01   3.2347458e-01  -3.6547661e-01  -3.1356427e-01   7.6507941e-02   3.2231280e-01  -2.3500710e-01   6.8888246e-01  -2.3166066e-01  -2.0237510e-01  -2.3235374e-01   7.2685772e-01  -1.9451422e-02  -3.5678026e-01   4.8193050e-02  -3.2171067e-01   3.8951697e-01  -8.7879895e-02  -3.1129219e-01   2.3034598e-01  -5.5325116e-02  -2.1754309e-01  -1.1337448e-01  -1.4578115e-01  -1.0158617e-01  -1.5753788e-01   6.2591565e-01   5.5254820e-01  -2.6156267e-02  -5.1955719e-02   3.1188875e-01  -1.9990595e-01  -3.9941013e-01  -3.0544352e-01  -2.7261827e-01  -1.7325733e-01  -1.4090345e-01   6.0898708e-01  -1.0425586e-01   5.4410494e-01  -3.3004878e-01  -3.4371321e-01   7.1572944e-01   5.6362096e-01   8.9234594e-02   2.1995110e-01  -2.3474760e-01  -1.5412755e-01  -1.6061660e-01  -9.1531560e-02  -3.1052053e-01  -2.2911556e-01  -2.0429462e-01  -1.8845824e-01   2.1731851e-01   5.9372563e-01  -1.7803916e-01  -3.7478316e-01   5.7406376e-01  -3.5790661e-01   1.6424079e-01  -6.6179408e-02   1.4247398e-01  -2.2013981e-01
  -4.0474994e-01   0.0000000e+00   1.9995869e-01  -2.9253930e-01   5.1799990e-01  -2.4685799e-01   3.5183281e-01   3.0075572e-01   3.0856997e-01   2.4102811e-01   1.9432950e-02   7.1116653e-01  -2.4807486e-01   4.0018457e-02   3.6366314e-01  -4.1387180e-01   5.4290128e-01   1.6109206e-01  -3.3066239e-01   2.1428131e-01   8.6455261e-02   1.2101547e-01   2.7069964e-01  -1.1738977e-01   7.0752844e-02   4.7153176e-02   2.3812898e-01  -1.5114633e-01   1.1185754e-02   1.5223479e-01   4.7274534e-01   1.3460953e-01  -4.0964284e-01   3.3273620e-01   6.0499681e-01   2.4567388e-01   1.2291905e-01  -6.1690350e-01  -4.2231624e-01   3.3444773e-01  -3.3058560e-01  -3.3587628e-01   6.2875069e-01   1.4080606e-01   2.7068760e-01  -3.1704536e-01  -1.5839537e-01   6.6444556e-01   6.0517167e-01   3.0772380e-01   1.2862298e-02   2.0094536e-01   5.9954700e-01  -1.4518448e-01  -3.1984463e-01  -6.4903407e-03  -3.9142420e-01   1.0815917e-01  -3.0391820e-01   4.6656229e-01   2.3678409e-02   3.6956744e-01   4.9765555e-01   5.1172787e-01   6.2532523e-01  -7.0834841e-02  -1.1246605e-01  -3.7533718e-02  -4.8657198e-02  -3.7348456e-01   7.4981174e-01  -2.0833043e-01  -3.6340908e-01  -1.4221585e-01  -9.7601037e-02   3.3869762e-01  -3.4563760e-01   1.1116515e-01   5.5121240e-01  -2.8115852e-01   1.1779193e-01  -2.5333018e-01   3.8200221e-01   1.9593643e-01  -1.4100183e-01   3.2898678e-01   4.4138405e-01  -2.1027935e-01   3.5302651e-01  -5.0919478e-01   5.0123553e-01  -1.1012440e-01   3.6059079e-01   5.1274734e-01  -5.6693030e-01   3.6639727e-01  -3.0896561e-01   2.4332984e-01   1.0085609e-01   5.1176276e-02  -3.3941179e-02   6.6265945e-02   2.0544461e-01   4.6167790e-01   7.7334736e-02   2.1940642e-01  -3.8096224e-01   1.3589263e-01   1.6643557e-01   3.7469602e-01   4.5581659e-01  -1.4619683e-01   3.8509316e-02  -4.1873726e-01   7.3133988e-02   7.2852094e-01  -5.7375454e-02  -2.6841669e-01  -9.1532928e-02  -3.5546375e-01  -3.2904253e-01   5.8529264e-01   1.3656648e-01   5.9548262e-01  -3.2504953e-01   2.7997512e-01   5.6506569e-01  -1.3709394e-01   2.2931040e-01  -1.0681684e-01  -2.7774592e-01   4.0310611e-01   1.6541971e-01   3.2315943e-01   2.4937730e-01   3.0145377e-01  -1.7475157e-01   4.1017497e-01   3.8603724e-01  -4.1258945e-01   3.4940999e-03  -4.0181010e-02  -1.9441790e-01  -2.4836084e-01   1.8303765e-01   2.2332039e-01   3.9631175e-01   5.3721614e-01   1.6398706e-01  -4.7207613e-02  -1.8374010e-01   2.9683931e-01  -2.4902763e-01   4.0263171e-01   7.4922431e-01  -2.2581876e-01  -1.5986004e-01  -4.0631027e-01   1.1243710e-01   2.5940393e-01   2.4078599e-02  -2.6908620e-02   4.8684548e-02   7.8228200e-02  -2.2177707e-02   5.9521041e-01   1.4903705e-01  -1.1592015e-01  -2.6841178e-01   6.4727983e-01   5.6125786e-01  -4.4067268e-01   2.7042248e-01  -1.8747166e-01  -1.2809161e-01  -3.2075784e-01   3.9990252e-04
  -1.3077687e-01   1.9995869e-01   0.0000000e+00   1.5806712e-01   6.3582299e-02   2.0611546e-01   2.4249820e-01   5.5465039e-02   3.7643599e-02   2.0004766e-01   2.9658878e-02   2.1372030e-01   4.8671218e-03  -4.2170299e-01  -7.8325590e-02   4.1661941e-02   5.8561500e-01  -1.6573941e-01   3.9930107e-02   1.8682846e-01  -3.0312298e-01  -2.7181763e-01  -5.5969659e-02  -1.6712885e-01  -1.1150734e-01  -3.5981595e-03   4.1522874e-01  -2.5892189e-01   1.7377997e-01  -1.3058767e-01  -3.5228121e-01  -1.1448468e-01   1.0589359e-01   1.1463146e-01   3.2261183e-01   1.7254143e-01  -4.7661994e-02   1.1675099e-01   8.3023240e-03   3.1335772e-01  -6.4239009e-02   2.0345098e-01   2.9248225e-01  -3.4212399e-01   8.1190164e-02   3.0554299e-01  -1.3903765e-03   7.7407087e-02   1.3702451e-01   2.5372627e-01   6.2031221e-02  -5.2832750e-02   7.1045880e-02  -2.6770276e-02  -1.1237174e-01  -1.7251416e-01  -1.8438263e-01  -1.2138099e-02  -1.1289825e-01   3.2016225e-01   1.6857504e-01   1.6142645e-01   1.2699380e-01  -2.3029943e-01   1.2272633e-02   1.2974126e-01   4.9460816e-02   1.7271854e-01  -1.8023436e-03   4.3772492e-01  -1.1686234e-02   2.1160552e-01   4.6013359e-02  -1.1541619e-01  -6.4413059e-02  -1.9861972e-01   2.2409351e-01  -1.2680448e-01   5.0788465e-02   1.3898069e-01  -1.4825317e-02   5.5905363e-02  -1.6740808e-01  -1.5520141e-01  -3.2061874e-01  -2.0425454e-01  -8.4044806e-02  -1.9720639e-01  -8.4293255e-02  -5.9532602e-02  -9.5649702e-02   9.2635020e-02   8.3868146e-02   8.7837271e-02   1.4912769e-01   2.7521981e-01   8.9867963e-02  -1.0489563e-01   1.9058651e-01   3.2331858e-02  -3.4876323e-01  -1.8377333e-02  -3.3125882e-01  -1.1025139e-01  -1.1517964e-01  -2.4025927e-01  -5.6073940e-02  -1.4700703e-02   2.1539992e-01  -1.0037172e-01   1.2161551e-01  -2.8334426e-02   2.5345851e-01   1.0172357e-02  -1.8470068e-01   6.4853617e-02  -1.5036502e-01  -6.4982224e-02  -3.1048075e-01   1.9278042e-01   5.8179306e-02   1.2028619e-01  -1.3960183e-01  -1.7944977e-01   1.9414423e-02  -5.2795235e-02   2.3596274e-02   1.0390009e-01   4.0129730e-02   4.5087488e-01   8.3527543e-03   5.4866470e-02  -2.5088302e-01  -3.8210392e-01   2.2387647e-01  -2.3118540e-01   6.0280679e-02  -1.5188471e-01  -1.7631392e-01  -1.1833916e-01  -3.2630864e-01   1.0903375e-01  -3.8786246e-02   1.6749183e-01  -1.7564854e-01  -4.2642669e-01   5.5595437e-02   1.3617443e-02   8.5894583e-02  -2.9041940e-01  -1.8519286e-01  -2.8352244e-01   1.0538842e-01  -2.8825856e-02   4.8969887e-01  -1.9415333e-01   1.4030074e-01  -5.6205212e-02  -4.6893448e-02  -1.8731620e-01   2.0761183e-01  -2.5887854e-02  -3.0213534e-01  -1.6457959e-01  -5.3972670e-02   1.5156548e-01   3.6357181e-03  -3.8691971e-01   2.0870308e-02  -2.8743602e-02   1.8225789e-01   1.3018305e-01   2.1054194e-02   1.0732165e-01  -1.1878579e-01   2.2532095e-02  -1.1324107e-01
  -2.9905298e-01  -2.9253930e-01   1.5806712e-01   0.0000000e+00   3.6239489e-02   3.4545360e-01  -1.3019185e-01  -1.6277435e-01  -1.1941317e-01  -2.5746733e-01   2.9187494e-01  -3.1972314e-01   1.2199241e-01  -4.5014420e-01  -1.0809791e-01   4.3663955e-01  -1.1685980e-01   1.6195116e-01   1.6075660e-02   2.5251570e-01   5.8397902e-02  -5.2954006e-02  -1.8755207e-01  -4.0605689e-01   2.2513200e-01  -9.7120032e-02   1.8764653e-01  -3.7459692e-01   1.8354039e-01   1.3203684e-01  -2.8066474e-01   1.6090797e-02   2.6397637e-01   2.7092212e-02  -1.9473025e-02   1.5236120e-01   1.9378385e-02   2.8564225e-01   4.3474360e-01  -1.0326882e-01   1.9494688e-01   2.5038950e-01  -2.4804684e-01  -2.4029521e-02   7.0055834e-02   2.3230917e-02   3.1664529e-01  -1.6528155e-01  -6.3894489e-02   5.4304050e-04   8.1829312e-02  -1.3429015e-01   1.8147508e-02  -1.2250700e-01  -4.2078358e-02   9.1368557e-02   4.1258540e-02  -1.0388234e-02   4.9163735e-01   4.7259767e-03  -1.9820767e-01   5.7256375e-02  -2.5418362e-01  -2.8042446e-01  -8.5531536e-02   1.6579674e-01   1.8277172e-01   2.5836900e-01   2.7665484e-01  -9.4489320e-02  -3.5554997e-01   3.7751436e-01   2.7434920e-01  -3.9173614e-01   6.7610780e-02  -2.3917648e-01  -8.8321622e-02   5.7307552e-02  -1.5060768e-01   3.4266264e-01  -2.8313250e-01   3.3221874e-01  -9.9182140e-03  -1.4042708e-01  -3.0176835e-01  -2.4310585e-01  -2.2775570e-01  -4.8684066e-01  -2.6989860e-01  -1.1014539e-01  -2.7967620e-01  -2.6147271e-01  -1.4033869e-01  -3.6494985e-01   2.1828963e-01   1.5635162e-01   4.2214354e-01  -1.8642988e-01   6.6784352e-02   5.2168022e-02  -4.2898975e-01   2.6671131e-01  -2.2774677e-01  -1.4742508e-01   2.6072198e-02  -1.2406278e-01   1.6700627e-01   2.1881090e-02  -2.1359041e-02  -1.0523030e-02  -1.4083536e-01   1.0630133e-01   2.8189549e-01   1.0427305e-02  -6.3367554e-01  -1.6077528e-01   2.2843088e-01   1.1510571e-01  -3.0015498e-01   7.5411098e-01  -1.8200523e-01  -2.1777109e-01  -5.9212770e-02  -3.0310329e-01  -1.5014853e-01  -2.0976827e-01  -1.8079256e-01  -2.2490132e-02   3.2670716e-02  -1.4508638e-01   4.2947888e-01  -3.1621436e-02  -2.0301151e-01  -2.0137715e-01   3.2168178e-02  -2.8167211e-01   5.2266546e-01  -3.7576407e-01  -2.7321157e-01  -1.2001945e-01  -5.3686834e-01   9.3727565e-02   2.7790724e-01  -2.1405578e-01  -9.8831162e-02  -7.9929681e-02  -3.1630230e-01  -1.1454621e-01   1.2398450e-02   8.8229465e-02  -4.5203458e-01  -3.0176253e-01  -2.5950751e-01  -1.0029270e-01  -1.3088306e-01  -3.0703575e-01  -2.0991305e-01   4.3607320e-01  -3.5168821e-01  -3.1643298e-01   1.7546949e-01   2.2149885e-01  -3.6724145e-02   1.6707964e-01   7.4032403e-02  -1.8402539e-01  -3.0183780e-02  -1.6555707e-01  -3.3750252e-01  -2.2735317e-01  -3.5163133e-02   1.7332667e-01   7.1766849e-02   1.4430375e-01   1.9444398e-01  -4.3800158e-02  -9.3543305e-03
  -3.9337769e-01   5.1799990e-01   6.3582299e-02   3.6239489e-02   0.0000000e+00  -1.7695284e-02   1.4008801e-01  -1.0320365e-01  -2.0324940e-02   3.4466200e-01   9.1961543e-02   3.3975972e-01  -2.3118343e-02  -8.7810362e-03   4.3103322e-01  -4.3057704e-02   3.2874161e-01   2.1160618e-01  -3.1495971e-01   5.5575212e-01   1.0289304e-01   4.0917484e-02   3.7882789e-01  -1.6108140e-01   1.3756135e-01  -1.3173073e-01   2.7581876e-01  -2.4230809e-01  -9.1928025e-02   2.3633553e-01   3.7741109e-01   7.1404360e-02  -1.8559022e-01   3.9184345e-01   2.5821524e-01   4.8916140e-01   3.1030990e-01  -3.0739090e-01  -5.5293529e-02   2.9486555e-01  -5.6232321e-02  -2.1927279e-01   2.4713477e-01   3.5301204e-02   3.5185836e-01  -4.8077996e-01   1.1565680e-01   2.6069955e-01   6.0592067e-01   3.1043685e-01   1.4842404e-01  -1.4368620e-01   6.3814870e-01  -1.5850914e-01  -1.7964106e-01  -7.6509097e-02  -2.5966171e-01   1.2469439e-02   6.3709881e-02   3.1708658e-01  -1.1086663e-01   4.0577016e-01   2.9057563e-01   3.0016290e-01   4.7852740e-01   1.5243500e-01   1.5917691e-01   1.1818015e-01  -5.3409560e-02  -4.7625664e-01   2.4373915e-01  -4.0163085e-02   4.8949331e-02  -2.5047628e-02  -2.8333101e-01  -1.0407329e-02  -4.6491545e-01   1.1407750e-01   6.4207633e-01  -5.9888256e-02  -3.3688058e-02   6.7840098e-02   2.4741163e-01  -9.2695166e-03  -3.0540414e-01  -6.7695598e-03   1.9120322e-01  -3.9673872e-01   2.2157172e-01  -3.5822368e-01   4.8157984e-01  -1.4120753e-01   2.7895609e-01   4.6827712e-02  -2.7671179e-01   6.3741011e-01   1.8348637e-01  -5.3849186e-02   2.4565188e-01   1.0849162e-01  -1.8395904e-01   3.0460661e-03  -4.1427221e-02   2.6825241e-01  -1.5117711e-01   2.0232996e-01   9.6208779e-02  -7.1747938e-02   3.6846749e-01   2.4330884e-01   4.5154985e-01  -8.3372534e-02   8.3142135e-02  -3.7461706e-01  -1.6452615e-02   6.1208855e-01  -3.9557654e-02   7.8462087e-02  -1.7308736e-01  -8.1521649e-03  -4.4898129e-01   6.3908790e-01   5.8077684e-02   3.5837963e-01  -5.3441717e-01   1.3355694e-01   4.3694331e-01  -9.1598247e-02  -1.3577421e-02  -2.5656000e-01   5.4365967e-04   4.6087049e-01  -3.7530852e-02   2.8859356e-01  -4.5396191e-02  -1.2639911e-01  -2.3607785e-02   1.1724886e-03   6.9457466e-02  -3.5181117e-01  -1.5238175e-01   7.4431376e-02  -2.0262553e-01  -2.1593589e-01   4.1591723e-01   6.2092602e-02   2.1957361e-01   5.2497874e-01   2.3103874e-01  -1.1499709e-01  -1.9215635e-01   5.1359407e-02  -2.0306423e-01   3.6569900e-01   4.5971417e-01  -1.6752981e-01  -2.7923360e-01  -8.8182036e-02  -2.4068330e-03   6.5316298e-02  -8.1341708e-02  -1.2078045e-01   3.9881078e-02  -5.1845710e-02   5.7952451e-02   4.8893271e-01   2.8226678e-01  -1.0135678e-01  -2.8884593e-01   4.3373700e-01   5.9363587e-01  -3.1721711e-01   2.5882927e-01   2.5188126e-02   9.1088357e-03  -3.4720875e-01   6.6885879e-02
  -1.5890049e-01  -2.4685799e-01   2.0611546e-01   3.4545360e-01  -1.7695284e-02   0.0000000e+00   2.2093111e-01  -2.5771718e-01  -4.1914965e-01   4.5066426e-02   5.5096164e-01  -2.2702557e-01   5.6824928e-02  -4.1286532e-01   1.4407628e-01   4.6936079e-01  -3.6078490e-02   2.9971356e-01  -1.3223424e-02   3.6204789e-01   2.7722153e-02  -1.0633436e-01  -2.5649199e-02  -3.8927212e-01  -3.4817489e-02  -2.7485999e-02   5.9466149e-01  -1.4420799e-01   7.9542982e-04   3.2444302e-01  -1.7117576e-01   5.0186812e-02   2.0498469e-01   2.9249095e-01  -4.1772089e-02   3.4381460e-01   8.5497980e-02   2.4351984e-01   4.5384467e-01   8.6716862e-02   2.1652044e-01   2.0540900e-01  -3.7231461e-01  -2.7946053e-02   2.9803534e-01  -6.1581974e-02   5.3531586e-01   6.3905625e-02  -7.3698683e-02  -5.6475213e-02   5.0654956e-01  -9.3966633e-02   1.3667673e-01  -7.3585042e-02   1.9968919e-01   3.3862931e-01   3.1876260e-02  -3.6645619e-02   4.5221989e-01   1.8572728e-01  -3.6257922e-01   1.8162938e-01  -3.6415039e-01  -2.6793709e-01  -1.8520559e-01   4.5930272e-01   5.9653087e-01   1.9183466e-02   6.3765998e-01   2.2779871e-02  -2.3748155e-01   3.1440766e-01   3.4036396e-01   3.1568640e-02  -5.9807921e-02  -3.5283454e-01  -1.9573077e-01  -4.5193898e-02   4.5331121e-02   1.5069936e-01   2.2254056e-01   3.4571635e-01  -4.5284295e-02  -2.5421303e-01  -1.2784017e-01  -4.0073204e-01  -4.9637293e-01  -3.1977842e-01  -2.6471457e-01  -4.0207787e-03  -2.7335171e-01  -4.1044262e-01   1.7897813e-01  -3.9365218e-01   3.7402062e-01   2.1775996e-01   3.0356516e-01  -2.1899903e-01   2.2359177e-01   4.2500497e-02  -3.1618652e-01   3.7725102e-01  -1.1922561e-01  -3.0067651e-01   2.0449921e-01  -2.0086850e-01   1.2882554e-01   3.5543404e-01   2.8207032e-01   1.9242247e-01  -1.9490571e-02   4.6763640e-01  -2.2884449e-01  -4.8665536e-02  -2.8145127e-01  -2.0609549e-01   1.6475306e-01   2.6517745e-01  -5.2436799e-02   4.6936175e-01  -4.2627029e-01  -2.1905323e-01  -1.4898826e-01  -3.5117868e-01  -2.7295503e-01  -4.0480589e-01  -4.7171733e-02  -9.0284287e-02  -2.1505504e-01   1.6192459e-01   2.9153995e-01   1.3648757e-01  -2.8209500e-01  -1.4020978e-01  -2.9910630e-01  -2.7005224e-01   1.5201566e-01  -1.1502935e-01  -3.0901634e-01  -4.7664154e-02  -2.7669101e-01  -4.7535437e-03   4.9541706e-01   1.2477551e-01   1.1110334e-01  -4.6775420e-02  -1.5425728e-02   9.4578544e-03   4.3713414e-01  -5.0664474e-02  -1.9266486e-01  -2.6724240e-01  -2.8970534e-01   9.4881961e-02   2.7779298e-02  -3.9792439e-01  -3.3421980e-01   4.0764633e-01  -4.3670210e-01   3.2928409e-02  -9.1639186e-04   4.1877029e-01   1.4432911e-01   3.2963248e-01   1.3784867e-01  -1.5986845e-01   1.1026786e-01  -1.1588577e-01  -3.0158722e-01  -3.4948371e-01   1.0599643e-01   5.7074834e-02  -5.5202060e-02   3.5412272e-01  -3.3922441e-02  -2.9186027e-02  -7.9587117e-02
  -3.1154933e-01   3.5183281e-01   2.4249820e-01  -1.3019185e-01   1.4008801e-01   2.2093111e-01   0.0000000e+00   6.1494916e-02  -1.5567679e-01   4.4473811e-01   4.1102124e-01   5.7943610e-01  -1.3783418e-01  -2.6253496e-01   2.3988501e-01   5.5359966e-03   8.2879135e-02   3.1991447e-01  -6.2960932e-01   4.6163975e-01  -1.0496067e-02  -4.0855281e-02   2.5170588e-01  -3.9789708e-01  -6.3418518e-02  -3.4072295e-01   4.0228367e-01  -1.4397683e-01  -8.6652916e-02   1.6496556e-01   1.1804936e-01  -1.2925608e-01  -2.1107004e-01   6.6268042e-01   4.3652986e-01   6.0305466e-01   1.3485888e-01  -2.4864759e-01  -4.4902942e-02   2.4822839e-01  -1.9887834e-01  -1.1229521e-01   2.1394236e-01  -1.0256402e-01   5.1818476e-01  -2.1162699e-01   3.1616456e-01   7.1088724e-01   2.8797141e-01  -8.5293227e-02   3.5246806e-01   3.4878413e-03   4.3414787e-01  -2.3119918e-01  -4.1757125e-02   1.6214232e-01  -5.1461503e-01  -1.9445383e-01  -1.1780333e-01   4.8503720e-01  -2.9969534e-01   3.6384263e-01  -1.4255846e-02   9.1412858e-02   1.5474297e-01   3.3244078e-01  -2.1725702e-01  -1.8295204e-02   2.4949856e-01  -1.1523242e-01   4.2239984e-01   3.6504831e-02  -5.8390688e-02   1.1478121e-02  -1.1478387e-01  -1.0680110e-02  -2.2341122e-01  -1.5270418e-01   3.7127857e-01  -2.6326909e-01   5.0706842e-01   2.0643388e-01   2.2671726e-01  -3.5416769e-01  -2.7553600e-01  -8.6857099e-02  -1.1247263e-01  -4.1154597e-01  -1.5547995e-01  -3.6474109e-01  -1.8527441e-02  -4.4654772e-01   5.3397073e-01   1.2207966e-01  -9.9145080e-02   2.2113420e-01  -3.3646349e-01  -1.9566411e-01  -3.4417300e-02   2.3535109e-01  -1.1284800e-01   2.9671904e-01   1.8318826e-01  -6.5778346e-02   2.0933374e-01  -1.2517819e-01  -1.9950284e-01   9.1838869e-02   4.3500291e-01   3.5159699e-01   4.7528617e-01   1.7182518e-01  -9.2897883e-02  -3.7296539e-01   1.3390803e-01   2.8572227e-01  -6.7930216e-02  -4.7097390e-02  -5.5706243e-02  -1.5720670e-01  -4.8358648e-01   1.2361350e-01   2.6040017e-02  -6.6481853e-02  -3.5335616e-01  -3.0994378e-01   2.9934343e-01  -1.8507294e-01  -3.6630466e-02  -3.6769858e-02   5.9791122e-02   4.0685084e-01  -3.2064460e-01  -1.8512032e-02   1.7625120e-02   5.5447385e-02  -1.3839670e-02   3.3354642e-01   7.8978089e-02  -4.1505570e-01  -1.5498820e-01  -4.5830976e-02   1.5909345e-01  -6.0504272e-02   2.5397020e-02   2.2945888e-01   6.9645494e-01   2.3031445e-01   5.4341291e-01  -7.8121540e-03  -2.4193398e-01   5.3400864e-02  -4.4889763e-01   2.4946062e-01   3.8525942e-01  -4.2126900e-01  -3.2196140e-01  -2.2441638e-01  -4.3272563e-01   4.7882715e-01  -1.9089512e-01   7.7150355e-02  -6.3726790e-02   3.1381829e-01  -1.7311320e-01   2.7000788e-01   2.2534804e-01  -3.3701201e-01  -4.6805625e-01   1.3835670e-01   4.5544593e-01  -3.0369771e-01  -4.2866162e-03  -2.8145467e-01  -9.3936220e-02  -2.9470421e-01  -2.6218936e-01
   1.7231737e-02   3.0075572e-01   5.5465039e-02  -1.6277435e-01  -1.0320365e-01  -2.5771718e-01   6.1494916e-02   0.0000000e+00   6.0627829e-01   2.0337179e-02  -1.4120817e-01   3.4742029e-01  -2.5156816e-01   9.2341868e-02   2.4257731e-01  -6.3656934e-01   1.1026313e-01   9.1949499e-02   2.0310215e-01  -3.0834732e-01   2.3515302e-01   3.1529176e-01   1.5641075e-01   5.4547188e-02  -1.2815429e-02   5.3918132e-01  -1.8970017e-01   2.5714452e-01  -1.1399767e-01  -2.1523562e-01   3.7771241e-01   2.3409470e-01  -4.5125672e-01   2.1195375e-01   2.7011605e-01  -2.6787625e-01  -6.2540959e-02  -5.2665515e-01  -6.3076174e-01  -2.9913621e-02  -3.5469137e-01  -3.0369890e-01   2.2371589e-01   4.1017661e-01   1.1470065e-01   1.4853483e-01  -2.6706757e-01   7.5104035e-02   2.9805199e-01  -1.4468155e-01  -8.5955476e-03   6.9375060e-01   1.0212876e-01  -2.7066298e-01  -3.5181471e-01   1.2628996e-01   9.0008432e-02   3.6063512e-01  -3.9003809e-01   6.2462544e-02   3.1487522e-01   1.9102735e-01   1.9781855e-01   5.7638612e-01   3.0458711e-01  -1.1906822e-01   5.2421703e-03  -6.4231120e-02   4.9855800e-02   1.6722245e-02   4.1082749e-01   5.9849775e-02  -5.3289887e-01  -5.3901535e-02  -5.8291628e-02   4.7412264e-01  -1.7634936e-02   3.3417068e-01   3.2321182e-01  -3.7387158e-01   4.2041867e-01  -4.8621476e-01   2.9366056e-01   7.2985298e-01   2.0326341e-01   5.1635323e-01   3.7840307e-01  -2.4314018e-02   2.2813196e-01  -1.1941208e-01   4.3197648e-01   2.3185178e-01   3.6817020e-01   5.1966646e-01  -4.0106628e-01  -8.3306182e-02  -4.2008372e-01   6.0481515e-01   1.7120672e-01   5.8177929e-02   3.5627199e-01   2.5242539e-01   4.3898169e-01   3.8002163e-01   3.7762887e-01   3.6472597e-01  -4.3019860e-01   3.8548372e-01   2.5475857e-02   3.3343895e-01   2.7024448e-01  -9.5800709e-02  -3.8023341e-02   1.4600394e-02   2.1650183e-01   3.5648224e-01   1.7804794e-01  -3.4704740e-01   2.2025576e-01  -2.8383835e-01   5.0396782e-02   2.2328161e-01  -1.4851622e-01   4.3840916e-01   2.5505804e-01   2.6402776e-01   2.9619681e-01  -2.1613058e-01   4.4523302e-01  -3.1136602e-02  -4.0905942e-01   1.0409296e-01   2.9487482e-01   4.6667348e-01   3.5529884e-01   7.2059706e-01  -2.9322134e-01   3.6216733e-01   6.4386404e-01  -5.7637834e-02   4.9890974e-02   1.2235377e-02  -1.4181075e-02  -1.2394596e-01   2.0144003e-01   2.9677266e-01   2.2208844e-01   2.9623046e-01   1.4627575e-01   1.7677972e-01   1.9118447e-01   5.7918410e-01  -1.4411132e-01  -5.9286081e-02   4.1665035e-02  -2.7629079e-02   2.3124377e-01  -4.2537140e-01   2.3127258e-01   3.9368418e-01   7.1345619e-03   7.9587024e-02   2.7530147e-01   2.3580763e-01   3.0072177e-01   3.3859590e-01  -2.4467831e-01   3.5416929e-01  -1.0637273e-01   4.1269638e-01   1.3019737e-01  -2.3804896e-01   3.2328700e-01  -1.1123881e-01  -1.1291219e-01  -2.7495358e-01   2.1060314e-01
  -1.3571752e-02   3.0856997e-01   3.7643599e-02  -1.1941317e-01  -2.0324940e-02  -4.1914965e-01  -1.5567679e-01   6.0627829e-01   0.0000000e+00   5.4258883e-02  -4.0144905e-01   3.3845626e-01  -1.6206590e-01   1.9475013e-01  -4.7943138e-02  -6.2752282e-01   1.5933420e-01  -2.3012200e-01   1.9542250e-01  -2.4800717e-01   1.0756441e-01   3.1476854e-01   1.1372276e-01   1.5335023e-01   7.8845794e-02   3.7996003e-01  -2.4653025e-01   5.1229765e-02   2.2228661e-01  -2.6344637e-01   2.4755791e-01   2.1985479e-01  -3.9612611e-01  -2.0683964e-01   1.7368985e-01  -3.9142525e-01  -2.1712904e-01  -4.0355193e-01  -6.3460425e-01   2.0959122e-01  -3.5530566e-01  -1.6110628e-01   5.0170607e-01   1.7696279e-01  -7.0451625e-02   1.8178520e-03  -5.6367521e-01  -4.4960938e-02   1.4626685e-01   9.8406744e-02  -2.8964965e-01   4.6214746e-01  -9.7196200e-02   2.9747604e-02  -3.7981114e-01  -1.8886696e-01   7.3358210e-02   3.3041824e-01  -3.7069317e-01  -2.1333496e-02   3.0125982e-01   1.2526845e-01   4.4553661e-01   3.5398313e-01   3.6834071e-01  -2.7495768e-01  -7.7907271e-02   8.5342368e-02  -2.4518429e-01  -5.5353016e-02   3.6524921e-01  -9.5054226e-02  -5.6757064e-01  -8.0171241e-02   9.8881832e-02   5.2934925e-01  -2.0965739e-02   2.7719085e-01   1.3298232e-01  -1.2744911e-01   3.7393514e-02  -5.1784155e-01   4.5452853e-02   4.8088188e-01   9.3010842e-02   5.1899641e-01   7.2085588e-01   8.5973720e-02   3.5084733e-01  -1.5175667e-01   4.4867862e-01   3.4163895e-01   6.8615292e-03   5.0629630e-01  -4.1367055e-01  -4.6900792e-02  -2.2252771e-01   5.9422031e-01   1.5531975e-01   1.0395657e-01   2.5812172e-01  -1.6202562e-01   3.0290306e-01   6.1217303e-01   2.1355674e-01   3.0125542e-01  -3.3968111e-01   1.8899251e-01  -8.3821661e-02  -5.4328333e-02   3.3414624e-02  -2.9139476e-01   2.7028406e-01  -1.1931925e-02   1.4675830e-01   1.9828592e-01   1.0893657e-01  -3.4417417e-01   8.3115076e-02  -2.6522646e-01   1.8019501e-01   3.4563879e-01   1.0150969e-01   4.9481325e-01   1.6979518e-01   4.9900489e-01   2.3043145e-01   5.1969351e-02   6.5674680e-01  -1.2006185e-01  -3.7338106e-01  -1.2472817e-01   4.6280427e-01   2.6896095e-01   5.4326691e-01   5.7796392e-01  -1.6937326e-01   2.3989954e-01   4.9488872e-01  -3.5330454e-02   6.1771970e-02  -4.2457852e-02  -2.4973552e-01  -1.6596315e-01   1.0382707e-01   1.2507282e-01   1.3390397e-01   2.9212741e-02  -2.0893379e-01   1.7949619e-01   1.7075732e-01   4.0981986e-01   2.6387939e-02  -1.0728054e-01   8.0688114e-03  -2.8654705e-03   2.3092632e-01  -3.8371620e-01   3.7743918e-01   8.3624188e-02   1.7126624e-01  -7.1554649e-02  -3.2511381e-03  -6.3501202e-02   2.4305623e-01   2.3367798e-01  -2.1463260e-01   2.0819131e-01   2.9642263e-02   2.8377522e-01   3.1594390e-02  -1.3820822e-01   3.0422711e-01  -2.5450629e-01   4.6987267e-02  -1.0466903e-01   2.5631088e-01
  -1.5579634e-01   2.4102811e-01   2.0004766e-01  -2.5746733e-01   3.4466200e-01   4.5066426e-02   4.4473811e-01   2.0337179e-02   5.4258883e-02   0.0000000e+00   8.9491185e-02   2.9001626e-01   2.4780159e-01  -4.6886010e-02   1.7748040e-01  -1.0457705e-01   4.1298434e-02  -3.7645824e-03  -2.2568880e-01   4.4634359e-01   1.1539332e-02   3.1004793e-02   4.7950888e-01  -1.4933024e-01   1.2610740e-01   9.1398902e-02   2.0432740e-01  -6.8728212e-02   2.8919141e-02  -8.1362109e-02   1.8504087e-01  -3.5766107e-02  -9.6355294e-02   4.6812981e-01   1.9511625e-01   4.1889409e-01   6.8664835e-02  -2.1274720e-01  -5.5863885e-02   1.8151657e-01   1.2716732e-01  -3.1285679e-02   2.1020504e-01  -1.4555176e-01   1.3388111e-01  -1.8760923e-01   1.3043188e-01   1.1517993e-01   2.8063413e-01  -3.9547468e-04   2.3027519e-01  -1.1115684e-02   1.7535320e-01  -9.6445360e-02  -1.1668100e-01  -1.4073693e-02  -2.8526850e-01   8.6033487e-02  -1.0948817e-01   1.8287030e-01  -8.7619668e-02   2.1313406e-01   1.6066632e-01   1.9387042e-01   7.0742829e-02   2.9888940e-01  -8.9567612e-02  -7.0205306e-02  -1.9455100e-02  -4.1838269e-02   1.8841405e-01  -8.1510699e-02   1.3960439e-01   5.5549487e-02  -4.1846988e-02   2.7023751e-02  -2.1996693e-01  -1.5013800e-01   3.3717178e-01  -1.5326611e-01   2.4631869e-01   1.8930060e-01  -2.4229201e-02  -9.3418476e-02  -2.2899363e-01  -5.2128543e-02   1.5746907e-01  -1.1445287e-01   7.5413981e-02  -2.4100157e-01   2.4733675e-01  -1.3466516e-02   3.5192985e-01   1.6822704e-01  -1.4522782e-01   3.9715672e-01  -3.8491358e-02  -2.9971001e-02   2.6081483e-01   4.2738037e-01  -9.2155822e-03   2.0175849e-02   1.0627426e-01   9.6483946e-02   1.1404145e-01  -2.9039323e-02  -6.4875673e-03   6.0080633e-03   4.0760281e-01   1.7435344e-01   3.8033079e-01   1.3108359e-02  -9.1926934e-02  -7.1363554e-02   2.5521988e-01   2.2335318e-01  -4.4713095e-02   3.4325048e-01  -1.3821082e-01  -1.2676207e-01  -2.5266200e-01   3.6858266e-01  -5.2322611e-02  -1.7179984e-02  -2.0072294e-01  -7.0864100e-02   2.5036019e-01  -7.8835036e-02  -4.1125331e-02  -9.8441696e-02   1.3822594e-01   1.6184095e-01  -1.8572133e-01   9.8330467e-02   6.4971018e-02  -6.6844561e-03  -1.4584437e-01   2.7992003e-02   9.3609819e-02  -7.1466560e-02  -4.9111857e-02   2.9834631e-01  -5.5592387e-02  -2.3944181e-02   1.9435865e-01   1.3031480e-01   3.9830173e-01   2.5875321e-01   3.8026333e-01  -4.5784171e-02  -3.3432216e-02   6.4304946e-03  -1.4355945e-01   5.7103077e-02   1.5761493e-01  -1.7510526e-01  -1.8997905e-01  -9.7055720e-02  -7.5479805e-02   2.7385304e-01  -2.1825335e-01  -9.7508969e-02   1.7212382e-01   1.4575166e-02   5.3071472e-02   2.4400796e-01  -1.4898209e-02  -9.2724334e-02  -2.4008802e-01   1.2556387e-01   2.8528806e-01  -1.7946792e-01  -3.7470467e-02  -2.6953370e-01  -5.5554253e-02  -3.4651424e-01  -8.5258475e-02
  -2.7604171e-01   1.9432950e-02   2.9658878e-02   2.9187494e-01   9.1961543e-02   5.5096164e-01   4.1102124e-01  -1.4120817e-01  -4.0144905e-01   8.9491185e-02   0.0000000e+00  -9.3805362e-02  -5.1154264e-02  -4.4684660e-01   4.2069883e-01   4.3854484e-01   9.8919081e-03   6.1023189e-01  -3.7627252e-01   4.5172306e-01   2.6309895e-01   2.8435012e-02   1.0526471e-01  -5.8618276e-01   1.1338567e-02  -3.2486388e-01   5.3482680e-01  -2.6788743e-01  -1.3260757e-01   6.2977285e-01   5.2513271e-02  -4.7844166e-02   1.1865191e-02   4.9879691e-01   3.1802175e-01   6.5268704e-01   3.8157361e-01   7.3274903e-02   4.3581821e-01  -6.7675537e-02   4.9095308e-02   1.0292364e-01  -2.9688878e-01   2.3376389e-01   4.7017000e-01  -8.4741983e-02   7.9695409e-01   3.4335910e-01   6.6218014e-02  -8.4661409e-02   6.7239323e-01  -9.9817291e-02   4.6379557e-01  -3.2656739e-01   1.0110704e-01   5.6971802e-01  -1.5826944e-01  -2.3588918e-02   3.9876071e-01   4.0816758e-01  -4.0854507e-01   1.6176950e-01  -3.8733755e-01   5.4001521e-02  -7.5549064e-02   7.2902434e-01   1.3820188e-01  -7.3828613e-02   7.0727098e-01  -1.4529608e-01  -3.0410764e-02   2.8791605e-01   2.0060206e-01  -1.8430050e-01  -1.9291851e-01  -2.8831257e-01  -2.6275397e-01   6.7626683e-04   2.4754115e-01   1.3070592e-02   1.2548331e-01   3.5284919e-01   2.8427226e-01  -3.2501912e-01  -2.4616366e-01  -3.0318832e-01  -3.4250216e-01  -5.4945342e-01  -3.1792109e-01  -2.3291485e-01  -1.9755716e-01  -5.8406430e-01   3.5174330e-01  -2.8926686e-01   1.8404141e-01   1.5827162e-01  -1.9492606e-02  -3.1832711e-01  -1.0206067e-01   2.1193360e-01  -4.2280046e-01   7.4278171e-01  -2.5843073e-02  -1.2429070e-01   3.4228176e-01  -1.4506579e-01  -6.5054026e-02   2.4755247e-01   3.6744769e-01   4.3120271e-01   1.8767580e-01   6.7171985e-01  -2.0668762e-01  -2.7762770e-01  -4.2476780e-01   1.9843973e-01   1.7555050e-01   1.0436911e-01  -1.0534043e-01   2.5900670e-01  -5.6087803e-01  -1.5145731e-01  -2.8613093e-01  -6.1246095e-02  -4.3533506e-01  -5.1121953e-01   1.7561570e-01  -2.3785339e-01  -2.4215013e-01   3.6467936e-02   3.7399899e-01   5.8882146e-01  -3.6989720e-01   3.5402224e-02  -3.7756232e-01  -2.3326921e-01   1.8408404e-01   8.5321894e-02  -3.1497326e-01  -2.7630121e-01  -3.1432401e-01  -1.9183951e-01   7.4691999e-01  -1.4053097e-01   2.1044924e-01   2.9287607e-01   4.9930609e-02   2.6334824e-01   5.9912923e-01   1.7839392e-01  -5.2591185e-01  -2.2804021e-01  -4.7953111e-01   6.2917286e-01  -1.8487932e-02  -4.2920287e-01  -3.6554746e-01   2.4779707e-01  -6.2214341e-01   7.7974002e-02  -2.0617068e-01   6.8886768e-01   3.0844111e-01   6.9227904e-01  -1.0211878e-01   2.1258360e-01   4.7341913e-01  -2.4369391e-01  -4.1182758e-01  -5.8341137e-03   4.1524283e-01  -5.5825646e-02   1.2911438e-01   1.7915562e-01  -2.9865795e-02  -2.2860640e-01  -1.4803993e-02
  -2.7035093e-01   7.1116653e-01   2.1372030e-01  -3.1972314e-01   3.3975972e-01  -2.2702557e-01   5.7943610e-01   3.4742029e-01   3.3845626e-01   2.9001626e-01  -9.3805362e-02   0.0000000e+00  -3.2531065e-01   6.9733306e-02   2.5027413e-01  -5.4102526e-01   3.3611230e-01   4.9484715e-02  -3.8068460e-01   2.1406754e-01  -1.7493601e-02   1.4939325e-01   3.1066421e-01  -3.2775402e-02  -5.3733382e-02  -3.5888661e-02   5.2833823e-02  -1.0528095e-01  -4.3130258e-02   5.0056774e-04   3.3465657e-01   8.7535495e-03  -5.7055230e-01   4.4316349e-01   5.2878325e-01   2.4379714e-01  -7.4976842e-02  -5.2203387e-01  -5.7773923e-01   4.0749538e-01  -4.3929698e-01  -3.7973140e-01   5.7206873e-01   3.9405582e-02   3.7969842e-01  -2.9298970e-01  -2.0092734e-01   5.9836216e-01   5.8680309e-01   2.2631284e-01  -7.9636395e-02   2.6464794e-01   4.1141563e-01  -7.1307720e-02  -2.5777309e-01  -7.4508650e-02  -3.5693217e-01   4.5882367e-02  -4.5131407e-01   4.9564362e-01   1.3232968e-01   4.3369102e-01   4.2576771e-01   3.5867995e-01   5.4761919e-01  -8.7072842e-02  -2.3333611e-01   4.3916339e-02  -8.0462265e-02  -2.9455353e-01   7.0086873e-01   9.4805715e-07  -4.1754226e-01   1.9658689e-01  -1.4427533e-01   2.7570306e-01  -2.2850406e-01   4.8960106e-02   5.4311938e-01  -3.7164879e-01   3.6784723e-01  -2.3496313e-01   2.8366500e-01   8.9012927e-02  -7.5009745e-02   2.7659253e-01   3.4179867e-01  -9.4338453e-02   2.5805246e-01  -4.2881734e-01   4.6663923e-01   3.0586141e-02   4.8446789e-01   4.7990229e-01  -4.3648957e-01   3.0158077e-01  -2.9198728e-01   2.4188017e-01   1.7590422e-01   1.3037796e-01   1.4747119e-01  -7.5807958e-03   3.3604460e-01   2.6884519e-01   5.1069714e-02   2.0812524e-01  -2.6493043e-01   5.3058145e-02   2.6509068e-01   2.8912673e-01   6.0761045e-01  -1.9711939e-01   1.5832765e-01  -3.5150908e-01   3.2201251e-01   4.7911745e-01  -5.9466708e-02  -3.2460041e-01   5.3251278e-02  -3.4611510e-01  -2.2962984e-01   5.5198310e-01   2.1498373e-01   3.5876915e-01  -2.1696356e-01   3.2641405e-01   4.8323836e-01  -1.0610240e-01   2.6505593e-01  -1.5582505e-01  -3.0777252e-01   2.6135809e-01   1.9806944e-01   2.2537486e-01   3.4662034e-01   3.1174103e-01  -1.9911256e-01   2.9424581e-01   5.0850548e-01  -3.7403732e-01   3.1869507e-02  -1.0209564e-01  -2.9187448e-01  -5.8863002e-02   1.7975098e-01   1.6825429e-01   6.3602762e-01   3.5656315e-01   2.2019239e-01  -6.5421150e-02  -2.1390615e-02   3.3584249e-01  -2.3365788e-01   1.9945199e-01   6.3051086e-01  -1.6869242e-01  -1.0791530e-01  -5.2551863e-01   1.6015708e-01   5.0344438e-01   9.1262949e-02  -1.8903780e-01  -1.8646199e-01   8.2851275e-03   3.2163869e-02   4.8485225e-01   9.9678602e-02  -1.4754153e-01  -1.8575331e-01   4.6966268e-01   4.8553303e-01  -4.3811835e-01   2.6634573e-01  -3.1547596e-01  -1.0281116e-01  -2.9813883e-01   3.5191967e-03
   1.4323528e-01  -2.4807486e-01   4.8671218e-03   1.2199241e-01  -2.3118343e-02   5.6824928e-02  -1.3783418e-01  -2.5156816e-01  -1.6206590e-01   2.4780159e-01  -5.1154264e-02  -3.2531065e-01   0.0000000e+00  -2.2848408e-01  -3.0780218e-01   3.9311042e-01  -1.3116807e-01  -2.0274100e-01   1.0815846e-01   1.4981097e-01  -2.6456511e-01  -4.2677639e-01  -2.5145912e-01   1.1200304e-01   2.2111840e-01  -1.3603907e-02   6.5576999e-02  -1.1471415e-01   3.5968099e-03  -3.2368650e-01  -2.8282970e-01  -1.7098213e-01   5.2096499e-01  -7.2222093e-02  -3.2169064e-01   1.0377483e-01  -1.0431653e-02   3.8081455e-01   4.7811902e-01  -1.0584505e-01   7.6809398e-01   4.4923058e-01  -2.8296068e-01  -2.9915034e-01  -3.3807568e-01   1.1327336e-01   1.9263424e-01  -2.0694314e-01  -3.8324886e-01  -9.6014188e-03   4.0524470e-02  -3.6971054e-01  -2.9301772e-01   3.3528365e-01   1.7978696e-01  -1.8721586e-01  -1.8763636e-01  -1.6655729e-01   3.4923997e-01  -3.4676863e-01  -1.4150494e-01  -5.7410302e-02  -1.5232698e-01  -2.5167589e-01  -3.6987941e-01   1.2301932e-02   3.6980809e-03  -1.3411270e-01  -6.0869547e-02   1.2458682e-01  -1.9397101e-01  -1.8267827e-01   5.3309674e-01   3.2035700e-02   2.6099195e-01  -2.2279960e-01   1.9703081e-01  -2.8118236e-01  -2.3953648e-01   4.5421093e-01  -3.7795145e-01   3.7109871e-01  -2.7717247e-01  -1.8290073e-01  -4.8528944e-03  -3.0914943e-01  -2.3412844e-01   1.5069410e-01  -1.2583444e-01   2.1059605e-01  -1.9976410e-01   1.6681096e-02  -1.2005941e-01  -2.5385126e-01   3.1933342e-01   3.5193432e-02   3.3635962e-01  -2.7923252e-01   5.0429948e-02   8.5482503e-03  -2.5943504e-01  -2.3622483e-01  -3.6604392e-01  -2.3394169e-01  -1.5228666e-01  -2.5258361e-01   3.0854734e-01  -1.4335711e-01  -1.6905484e-01  -2.0204186e-01  -2.9797031e-01  -1.7303577e-01  -7.3583364e-02   2.9333143e-01  -1.9672169e-01  -3.5924465e-01  -2.5783451e-02   7.5602045e-01  -3.5127457e-01   1.4988613e-01   1.1765382e-01  -8.8083043e-02   7.3374301e-02  -3.5822914e-01   1.1790469e-01  -3.5616995e-01  -3.2635598e-01   2.2506124e-01  -3.2508587e-01  -2.7381398e-02   4.5427251e-01  -2.5084731e-01  -5.4557102e-02  -2.8211215e-01  -1.6909492e-01  -2.2992895e-01   3.0683162e-01  -2.9912531e-01  -2.7167586e-01   2.6804629e-01  -4.5252732e-03   6.5210657e-01  -2.9733198e-02  -9.8954283e-02  -3.3895436e-01  -3.7046928e-01  -2.8626527e-01  -3.1822435e-01  -3.2580251e-02  -5.7844122e-02  -8.8586197e-02  -4.3417315e-01   2.3554242e-01  -1.9204131e-01  -2.1211687e-01   1.3851496e-01  -1.1108113e-01   5.8591265e-01  -1.1856275e-01  -3.8752544e-01  -1.3030043e-01  -1.0251078e-01  -3.1248360e-02  -1.7238211e-01  -1.6506812e-01  -2.9844474e-01  -3.3089618e-01  -1.6216071e-01   8.3388979e-04  -1.8291659e-01  -2.5582926e-01   3.6639579e-01  -3.3727451e-01  -1.2759519e-01   3.5278229e-02   1.8842739e-01  -2.0116025e-01
   3.9892910e-01   4.0018457e-02  -4.2170299e-01  -4.5014420e-01  -8.7810362e-03  -4.1286532e-01  -2.6253496e-01   9.2341868e-02   1.9475013e-01  -4.6886010e-02  -4.4684660e-01   6.9733306e-02  -2.2848408e-01   0.0000000e+00  -6.7025492e-02  -3.7389371e-01  -2.4138630e-01  -2.1278349e-01   1.9414068e-01  -4.3640071e-01   5.6446180e-02   4.3488334e-01   4.0746538e-02   5.0078783e-01  -2.0196510e-01   2.4056968e-01  -5.7848972e-01   5.3921784e-01  -1.7903923e-01  -1.4554658e-01   3.2818299e-01  -1.4419816e-02  -2.2172905e-01  -2.2352443e-01  -3.3307394e-01  -4.1435553e-01   6.1808728e-02  -2.2117155e-01  -3.7406049e-01  -1.6740434e-01  -2.3034179e-01  -3.9364191e-01   7.8617707e-02   2.4540046e-01  -3.1268191e-01  -1.0284324e-01  -4.5443951e-01  -1.8558888e-01   6.9454570e-02  -4.2318254e-02  -4.9762854e-01   1.3831066e-01  -1.1792368e-01  -1.6759784e-02   7.8488545e-02   4.6162775e-02   2.5869007e-01  -6.8026794e-03  -2.2573895e-01  -3.2128886e-01   3.2056755e-01  -2.6835843e-01   2.5629203e-01   2.5021732e-01   1.1023476e-01  -4.1608389e-01  -1.7773015e-01  -3.5387126e-01  -3.5482102e-01  -9.0876188e-02   1.2311769e-01  -4.3696787e-01  -2.4589218e-01   3.6209545e-01  -1.4821442e-01   2.2391714e-01   9.5404900e-02   1.3727610e-02   1.8614146e-02  -3.3196039e-01   2.0500667e-01  -3.1984613e-01   8.3714506e-02   3.0321817e-01   4.7716240e-01   2.9023095e-01   2.9982079e-01   4.5707011e-01   1.6659432e-01   1.7425220e-01   2.9127625e-01   3.7840138e-01  -9.1564017e-02   1.6595438e-01  -3.0776839e-01  -2.8886670e-01  -3.7680347e-01   1.6686885e-01  -2.3073848e-01  -3.0490551e-01   7.2434372e-01  -1.9487394e-01   4.5209996e-01   1.8156573e-01  -2.2473256e-01   2.6819163e-01  -1.4187022e-02  -1.7441228e-01   2.1161540e-03  -2.5886872e-02   7.6166989e-02  -2.8232646e-01  -2.5824818e-01   1.4815067e-01   5.9958710e-01   1.1963637e-01   6.4235941e-02  -2.2637029e-01   5.5896789e-01  -3.9817043e-01   2.8004508e-01   2.0389062e-02  -3.3526982e-03   1.8037183e-01   1.9504888e-01   4.7329795e-01  -6.0374892e-02  -1.9844913e-01   7.1139887e-03  -8.6295341e-02  -3.2622913e-01  -1.5941290e-01   3.5302234e-01   3.6387710e-01  -9.6487748e-02   2.5739633e-01  -4.1447687e-01   1.7399088e-01   2.9885923e-01   2.2053047e-01   6.7980537e-01  -4.2080105e-02  -2.8184725e-01   2.6211353e-01   4.8959765e-02   2.0043654e-01   1.0308658e-01   3.6069335e-02  -2.3691970e-01  -2.6183778e-02   5.8661936e-01   5.4786605e-01   2.0471622e-01  -2.5264218e-01  -1.3416189e-01   3.5199629e-01   2.6196989e-01  -2.7689249e-01   4.6040427e-01   2.7106145e-01  -3.4080047e-01  -2.7080036e-01   8.9037125e-02  -2.3912540e-01   4.0525291e-02   1.0776473e-02  -7.9107276e-02   5.4708081e-01   3.4825239e-01   1.3561109e-01  -2.2356604e-01  -1.1516566e-01  -1.4259634e-01  -6.3847170e-02  -1.7715402e-02  -1.6693802e-02   1.0491048e-01
