   0.0000000e+00  -1.1411039e-01  -1.3208697e-01   1.6959195e-01  -2.9541717e-01  -8.1507615e-02  -3.3787686e-01   2.0846810e-01   9.6794991e-02  -3.6556547e-01   4.8322269e-01  -3.0534823e-01  -3.0562572e-01   2.0004920e-01   2.4031776e-01  -1.3673780e-01  -1.4667319e-01  -1.7622405e-01   4.8834443e-02  -3.8334639e-01   8.2500163e-02   1.6703072e-01   5.9963686e-02   6.5487275e-01  -1.4941468e-01   1.2267332e-01  -1.2683518e-01   5.0558803e-01   2.4316098e-01   9.5658744e-02   3.7437856e-02  -1.1659558e-02  -1.3526498e-01  -3.7474499e-01  -1.4878566e-01  -3.7865565e-01  -3.5454734e-01   5.4285399e-01  -2.2698267e-01  -2.7623482e-01  -1.7288719e-01   3.1464292e-02   2.4093843e-02   4.0035274e-01  -2.5997641e-01   2.9860900e-01   1.8925884e-01  -3.3335163e-01  -1.6736113e-01  -8.8986328e-02  -4.4988890e-02   2.3424436e-01  -3.6506321e-01   7.9490153e-02  -4.8980536e-02   3.1515275e-01   7.6674792e-02   8.9785668e-02   8.0003436e-02  -1.4189943e-01   3.0865287e-01  -1.5029743e-01   2.8701809e-01   3.3102868e-01  -1.4100293e-02  -4.6957386e-01  -1.7355531e-01   1.9926139e-01   2.1491074e-01   1.5850015e-01  -3.7769697e-01   1.7096883e-01  -1.0035946e-01   4.9159802e-01  -1.6462935e-01   2.3613389e-01   4.4004991e-01   1.1928164e-01  -4.5255171e-01   1.2652245e-01   1.0055805e-01  -1.7357642e-01  -2.3439629e-01   9.8788821e-02   4.7739789e-01   1.6869230e-01  -2.4675900e-02   3.0859333e-01   2.2401770e-02   7.6309482e-01  -3.2056994e-01   3.6572756e-01  -4.8483241e-01   8.5775253e-02   5.1688309e-01  -2.2342737e-01   1.9155241e-01   7.3988426e-02  -1.1005232e-02  -3.2485772e-01   3.5169900e-01   4.2678455e-01   9.5909415e-02   2.2702857e-01   1.1300881e-01  -6.6469542e-02   7.2991885e-02   1.5012966e-01  -3.4740743e-01  -2.4086151e-01  -3.3748652e-01   1.9466043e-01   1.9434458e-01   6.6090393e-01   4.0300058e-01  -2.4240980e-01   2.3487729e-01  -2.0311490e-01   9.3324764e-03   1.0091026e-01   6.0245712e-01  -2.5079888e-01  -2.9516680e-01   1.4047432e-01   6.9691593e-01   5.4463727e-01  -1.1081710e-01  -9.9096351e-02  -1.0453058e-01  -1.0895511e-01  -3.0067365e-01  -7.4439376e-02   5.2988086e-01  -9.8487054e-02   1.2931548e-01   1.4155707e-01  -2.2707960e-01  -3.4442082e-01   2.3498270e-01   1.7131133e-01   4.8231749e-01  -3.9563386e-01   4.8422203e-01  -9.3359859e-02   3.3554198e-01   1.0026304e-01  -3.5456265e-01  -1.2613153e-01  -2.1963856e-01  -3.5951217e-01   6.7856356e-01  -7.2257164e-02   5.7002660e-01   1.6064413e-01  -3.6083288e-01   5.5541895e-01   5.6954350e-01   2.7344741e-02   2.9100160e-01   9.6842255e-02  -3.6467975e-02   2.9026132e-01  -4.0711054e-01   2.6376289e-01  -7.5504990e-02  -2.8076391e-01  -1.6528828e-01  -7.2239243e-02   3.5785756e-01  -1.2495745e-01  -4.0659598e-01   5.1526118e-01   4.3474671e-02  -3.0149850e-01  -1.2569558e-01  -6.8293800e-02  -4.1485217e-02
  -1.1411039e-01   0.0000000e+00   2.1835605e-01  -2.2769134e-01   5.4278433e-01  -1.6696687e-01  -6.1643811e-02   8.6477635e-03   4.2181258e-01   6.5065214e-01  -3.9255164e-01   8.0723067e-01   1.9961381e-01  -4.8432592e-01  -2.9261318e-01  -5.5751012e-02   3.3449108e-01  -2.2678426e-01  -1.4617606e-02   3.9224881e-01  -5.0202289e-01  -3.3448874e-02  -6.7141142e-01  -3.4063579e-01  -9.6635656e-02   1.6587998e-01   8.3951272e-02  -4.2092953e-01  -9.3498168e-02  -1.7074595e-01   1.0341231e-01  -6.4416701e-02   1.5539836e-01   5.4387469e-02   1.2102105e-01   7.9979317e-02   2.2510277e-01  -1.6895681e-01   1.0656895e-01   6.3378334e-01   1.8348050e-01  -2.7568904e-02   4.2400554e-01  -1.5196916e-01   2.3789088e-01  -4.5477032e-01  -3.8901009e-01   1.7609533e-01   3.7144836e-01   5.5687675e-01  -4.1805529e-01   1.0717106e-01   3.3191805e-01  -1.0300306e-01  -3.4414368e-01  -3.1883505e-01  -3.3470915e-01  -1.3378444e-01  -5.4156436e-02   2.1731938e-01  -3.6424399e-01   4.1581276e-01   2.5175981e-01   4.4423840e-01   4.7936321e-01   6.5213549e-02  -5.1286071e-02   3.6161377e-02  -1.4910819e-01  -3.9873704e-01   5.8158275e-01  -3.3872453e-01   1.4818458e-01  -3.2700108e-01   1.1823886e-02  -7.3600967e-02  -3.9945069e-01  -1.2655651e-03   6.4107779e-01   1.3436762e-01  -6.0373679e-01   1.4789887e-01   5.3683892e-02  -6.2268218e-02  -2.1346200e-01  -7.8961814e-03   4.7649897e-01  -4.9783445e-01   4.5741665e-01  -8.5893823e-02   6.3312485e-01  -3.4900347e-01   6.4613433e-01   3.4311526e-01  -4.2163114e-01   6.8523553e-01  -5.3380051e-02   1.9976598e-01   1.5424576e-01  -9.4303871e-02   8.4664845e-02   6.6459763e-02  -5.8961616e-01   4.4306244e-01  -4.3576401e-01  -4.3032227e-02   4.2771323e-02   1.6612052e-01  -1.8611963e-01  -6.2080982e-02   1.9019116e-01  -5.6410857e-01   3.3630775e-02  -1.2036135e-03  -3.2845577e-01   8.1546026e-01  -2.9743748e-01   2.8135811e-01  -3.0107210e-01  -1.9071801e-01  -2.8099622e-01   6.0305215e-01   6.3380285e-01   2.3721353e-01  -2.2500135e-01  -3.7899847e-01  -4.0449392e-02   1.0493053e-01  -3.0250909e-01   1.3740266e-02   2.8177667e-01  -2.2499099e-01  -2.1354790e-01   5.9137221e-02   2.5448573e-01   9.8176197e-02   8.7081077e-02  -6.0393309e-02   1.2791738e-02   9.9024278e-03  -3.8025616e-02   3.5915805e-01  -3.7705474e-01  -3.0864573e-01  -3.2265344e-01  -5.1614927e-01   5.2197143e-01   1.1573301e-01  -1.1933669e-01   1.6610869e-01  -3.7402931e-01  -3.6833775e-01  -2.0141567e-01   1.0228837e-01   7.4959473e-01  -2.0954323e-01  -3.4193182e-01  -1.4110830e-02  -1.6399238e-01  -6.7221002e-01   1.9225182e-02  -2.6275811e-01   3.3270637e-01  -4.8842054e-01   7.0313102e-02   4.1743059e-01   1.3482632e-02  -1.4751180e-01  -1.4346291e-01   7.1804539e-01   5.5903096e-01  -3.1156092e-01  -1.8306854e-01   1.5351771e-01  -2.3768991e-02   1.7915683e-01   4.9339887e-02
  -1.3208697e-01   2.1835605e-01   0.0000000e+00  -6.7248774e-03   1.7139729e-01   3.0630301e-01  -9.3945094e-02   4.8774055e-02  -5.6852231e-02   1.8710738e-01   1.4299363e-01   3.6423176e-01   2.0104230e-01  -3.8118071e-01  -1.5594755e-01   4.7665038e-02   8.2536577e-01   3.1429285e-01  -2.0222829e-01   3.2389018e-01  -1.6521651e-01   1.2456865e-01  -2.5992482e-01  -3.3065475e-01   2.9723913e-01   6.9969938e-02   3.1957520e-01  -1.5038008e-01  -7.3307514e-02   2.5583072e-01  -7.5687171e-02   1.0586338e-01   4.9191050e-02  -4.6677259e-02   7.7651273e-03   3.4867625e-01   1.2990510e-01  -1.1699769e-02   4.9863394e-02   3.4288056e-01   1.8227085e-01   5.7093030e-02  -1.7393512e-01  -6.3995499e-03   1.1811064e-01   1.7888123e-01   2.3698512e-01  -1.6622153e-01   1.5004361e-01   5.6653064e-01   1.7095368e-01  -1.2918956e-01  -1.3208617e-01   1.6719722e-01  -2.0363461e-02  -1.0765341e-01   8.0793342e-02   2.3217881e-01   2.1374528e-01   4.8799825e-01   2.5273680e-01   1.2002168e-01  -3.3153518e-02  -3.5176358e-02   3.5974826e-02   6.3820037e-02   2.9343913e-01   1.7465661e-01   2.2611678e-02   3.9933253e-01   1.7911467e-01   4.3280961e-02   3.4376808e-02  -6.7138866e-02   3.2894985e-02  -2.4705461e-01   2.5362769e-01  -7.0270858e-02   2.6218694e-01  -8.3347893e-02  -3.0534389e-01   9.7354574e-02  -4.0983116e-02   2.2503351e-01   9.3861318e-02  -2.4184208e-01  -1.6518766e-01  -3.8017774e-01  -3.3154155e-03  -1.6892730e-01   6.9080831e-02   3.1729294e-01   1.9643077e-01   1.0646482e-01   2.1206877e-01   2.8289632e-01  -1.3204421e-01  -1.7342945e-01   1.4228759e-01   4.9748366e-02  -1.9817442e-01   1.8991705e-01  -2.7108707e-01  -6.3170749e-02   2.7708455e-01   1.2102539e-01   2.2238963e-01  -1.3444239e-03  -2.1925881e-01  -8.1609612e-03   1.1397040e-01   1.2305472e-01   1.3254201e-01  -2.4575735e-01  -1.8864304e-01   4.0706834e-02  -1.8280962e-01   1.8364850e-01  -7.8431155e-02   1.7005330e-02  -1.0746104e-02   7.8252755e-02   2.0096229e-01   7.0641655e-02   5.5476482e-02  -2.4004027e-01   3.5027859e-01   5.4358352e-02   3.2130381e-01   5.6230441e-01   2.2996059e-01  -2.5659840e-01  -7.7983104e-02  -1.4021744e-01   3.0686799e-02  -1.7515075e-01  -1.5764634e-02  -8.8619699e-02  -1.6195798e-01  -1.4745633e-01  -6.7355161e-03   3.5414632e-01  -2.2773827e-02  -6.4532156e-02  -2.4999349e-01  -2.2243545e-01   2.5169487e-01   2.0225434e-01   3.4790597e-01  -9.5116613e-02  -7.3700856e-02  -3.6499827e-01   1.4721621e-02  -1.8743881e-01   4.3616085e-01  -2.1943939e-01   1.1840940e-02   7.0313208e-02   4.5857880e-01  -3.0935288e-01   2.5049227e-01   4.1656658e-02   7.1839959e-02   2.1487057e-01   3.0364192e-01  -1.2708035e-01   2.5875605e-01   9.3767970e-02   2.0198663e-01   7.8559096e-02   1.2903229e-01  -1.3034456e-02   8.9311014e-02   3.5174861e-01   2.6526376e-01   3.1456885e-01   3.2804165e-01
   1.6959195e-01  -2.2769134e-01  -6.7248774e-03   0.0000000e+00  -1.1434390e-01  -7.8613144e-02  -1.1940237e-01   3.5120957e-01   3.0129468e-01  -2.7821241e-01   4.2963677e-01  -1.8638725e-01   2.3939324e-01   1.1691238e-02   2.9093574e-01   2.5130184e-01  -1.2274441e-01   3.4234795e-01  -1.0550436e-01  -8.4684666e-02   2.7099781e-01   2.4123831e-01   2.2153719e-01   1.1800990e-01  -1.7770618e-01   2.5712384e-01  -2.0823609e-02   3.9838406e-02   2.2584041e-01   1.4708959e-01   4.1329870e-01   5.7358152e-01   1.4131946e-01  -2.6419246e-01   5.4834016e-02   1.2671342e-02   1.0823757e-02   2.0041805e-01   1.7044309e-01  -1.2090797e-01   2.4854719e-01   9.3197267e-02  -2.8388510e-02   1.5946856e-01   2.6828502e-01   2.4884622e-01   5.1559578e-01  -9.2729155e-02   1.5070964e-01  -1.2760120e-02   2.6769956e-01   3.3738835e-01  -2.8711250e-01   7.0355867e-02   4.1609476e-02  -4.1534011e-02  -5.3485702e-02   5.1893723e-01   6.0848285e-01   1.1526529e-01   3.6889179e-01   2.6117452e-01   2.4211102e-01   1.4120731e-01   2.1828714e-01  -2.1463065e-01   2.8435855e-02   1.1918813e-01   5.3267509e-01  -1.8271054e-02  -2.6829437e-01   6.3645776e-01   1.6070164e-01   2.3418652e-01  -1.1148907e-01   4.5870074e-01   3.9969877e-01   1.4425571e-01  -2.2214765e-01   1.6330259e-01   1.6347729e-01   1.7725911e-01  -1.6443528e-01   1.5334006e-01  -4.6360204e-02   5.0814174e-01  -1.0119305e-01   1.8954597e-02   2.8087573e-02   2.2983272e-01  -2.5475982e-02   3.7632461e-01  -3.0506761e-01   3.8044193e-01   2.9539103e-01  -1.7085275e-01   4.3732506e-01   2.6106934e-01   3.8977657e-01  -6.4035722e-02   3.5906761e-02   3.8951940e-01   3.5667182e-01   1.8559869e-01   4.9154948e-01   3.1311301e-01   9.5878808e-02   4.3191571e-01  -3.9116034e-02  -1.0928945e-01  -3.0677369e-01   2.8102270e-01   2.4452362e-01   1.7830569e-01  -6.0850375e-02  -1.3835662e-01   2.2191293e-01   2.7774520e-02  -4.2702193e-01   6.8503025e-01   3.1592895e-01  -8.0173381e-02  -1.2764485e-01   2.0249827e-01   3.1100774e-01   4.0914917e-01   1.3726030e-01  -7.1766081e-02   3.2623908e-01  -1.2672663e-01   2.0775202e-02   6.3097280e-02   2.6058244e-01   2.2589371e-01   4.2902668e-01   3.8258903e-01  -1.3518180e-01  -2.9517529e-01   5.9500325e-01  -1.7293090e-01   5.4851659e-02  -1.4911343e-01   4.3965614e-01  -4.9995872e-01   3.4533154e-01   3.1297710e-01  -3.0289998e-01   3.5355867e-02  -5.1393067e-02  -7.5402173e-02   1.5035480e-01   1.0393056e-01   2.7395602e-01   3.2909453e-01  -2.9169837e-01   3.0901598e-02   3.4517194e-01   5.3649556e-01   2.4396444e-01   4.0362437e-01   1.8078808e-01   5.1647975e-01  -2.2678814e-01   6.8059440e-01   5.2320783e-01  -1.5326717e-01   1.3694690e-01  -1.8424714e-01  -1.5829726e-02  -1.4649979e-01  -4.5471078e-02   2.2371008e-01   4.6096144e-01  -4.4807912e-01   5.0014631e-02  -7.2253734e-02   3.4089899e-01
  -2.9541717e-01   5.4278433e-01   1.7139729e-01  -1.1434390e-01   0.0000000e+00   1.2727214e-01  -1.6536346e-01  -2.9270058e-01   3.1764553e-01   3.3268121e-01  -3.6386404e-01   5.1555338e-01   2.8797802e-01  -5.0756662e-01  -2.6315141e-01   1.4177801e-01   3.8640867e-01   1.0911343e-01   7.6419611e-02   8.2550078e-01  -2.4031360e-01  -1.1156680e-01  -4.7827450e-01  -4.0052068e-01  -7.5977714e-02  -1.5641992e-01   4.3432490e-01  -5.1805323e-01  -1.7692323e-01   8.7313018e-02  -1.4582915e-01  -1.0386784e-02   1.8860576e-01  -2.3620747e-01  -9.6101986e-02   6.2967194e-01   3.1850990e-01  -4.0566841e-02   3.4474800e-01   3.3954677e-01   2.3334847e-01   6.2710739e-02   3.5575743e-01  -1.6337684e-01   3.4009260e-01  -3.1204071e-01  -1.6674050e-01  -1.2817460e-02   6.9664789e-01   3.6797616e-01  -1.9002299e-01  -1.4290050e-01   1.2725499e-01  -1.7536131e-01  -2.4948579e-01  -4.4657434e-02  -1.0187154e-01  -6.0378005e-02  -3.9104568e-02   1.5089951e-01  -1.5205716e-01   5.0054979e-01   1.0526276e-01   1.4085168e-01   4.7003798e-01   3.6387858e-01   2.5354490e-01   2.0167101e-01  -1.8822788e-01  -1.6890342e-01   2.8595668e-01   2.6635154e-02   1.8366429e-01  -2.1755769e-01  -1.1416202e-01  -2.1550963e-01  -2.8518526e-01  -2.8822970e-02   7.8344244e-01  -5.5699944e-03  -4.8716830e-01   2.4745055e-01   3.9003635e-02  -2.7054940e-01  -4.5064319e-02  -2.2677822e-01   1.2164326e-01  -4.5066634e-01   2.1396913e-01  -6.0981667e-02   8.1743597e-01  -2.0619495e-01   6.1036520e-01   3.1527111e-01  -2.9245509e-01   7.4750817e-01  -1.3585338e-01  -4.6555300e-02   4.6476260e-01  -1.0563379e-01  -7.9166765e-02  -1.8106494e-02  -4.6739733e-01   1.7255814e-01  -1.0144235e-01   1.9262064e-05  -1.2726328e-01   7.0413222e-03  -2.5252540e-01   5.1144896e-02  -1.0592658e-01  -2.6138015e-01   1.5269560e-01   5.8876414e-02  -3.8043802e-01   5.6972686e-01  -6.3107437e-02   3.0647431e-01  -1.4257770e-01  -1.0112634e-01  -1.1926988e-01   8.2962607e-01   3.8886589e-01   1.4954904e-01  -1.5861061e-01  -3.7486350e-01   3.1162384e-01  -1.5160368e-01   1.8937715e-02   1.5161198e-01   3.8840306e-01  -1.2488154e-01  -2.6304821e-01  -3.0489507e-01   2.3283927e-01  -2.7564405e-01   1.2294764e-01  -3.8084176e-01  -2.5781277e-01   2.4280610e-01  -4.4080769e-02   4.5525556e-01  -3.2955865e-01  -8.8574505e-02  -4.3166521e-01  -4.7726749e-01   1.0245015e-01   5.7442965e-01   3.0234022e-01   1.2351353e-01  -2.2080156e-01  -4.6741610e-01  -1.9190227e-02   2.1487355e-01   4.9120212e-01  -1.2151798e-01  -2.1980968e-01   3.6947314e-02  -9.5204709e-02  -5.9394394e-01   2.9494117e-01  -2.3389241e-01   5.7509039e-01  -2.8801376e-01   8.9777845e-02   9.2055235e-02   3.7796759e-01  -2.4795130e-02  -4.4482180e-02   5.4797736e-01   4.8057437e-01  -9.2849547e-02   2.7165482e-01   3.0631575e-01   7.4568622e-02   2.9521586e-01  -2.8354273e-02
  -8.1507615e-02  -1.6696687e-01   3.0630301e-01  -7.8613144e-02   1.2727214e-01   0.0000000e+00   2.5771115e-01  -2.2162000e-01  -3.0189413e-01  -2.0471181e-01  -1.7166963e-02  -2.9133330e-01  -2.2836958e-01   6.8849214e-02  -2.8303572e-01  -1.7978382e-01   4.4025315e-01   1.4062105e-01   4.1863067e-01   3.4145550e-01   4.2843036e-01   6.5215498e-02   2.2747123e-01  -1.4192309e-01  -1.4627856e-02  -2.6261558e-01   7.2791545e-01  -1.7795453e-01  -3.4255603e-01   6.3709506e-01  -5.3019143e-01  -2.0131618e-01  -1.0468203e-01   1.0106499e-02   8.6253648e-02   5.0256601e-01  -8.0749355e-02  -3.8637239e-03  -2.0953975e-01   3.3960114e-02  -2.8981355e-01  -2.8734844e-01  -1.2369219e-01  -1.8747135e-01  -1.6903023e-01   3.8133475e-01   4.1195367e-01   1.0765813e-01   7.8889933e-02   3.9206282e-02   1.7206465e-01  -3.5110211e-01   3.1441592e-02  -2.6305203e-01  -3.6124382e-02   1.9317701e-02   3.6386131e-01   5.4648914e-03  -1.5808109e-01   2.3328266e-01   2.3444823e-01  -2.4546113e-01  -4.4551276e-01  -5.0269457e-01  -3.6287937e-01   4.9354781e-01   8.9286037e-01   1.0217708e-01   5.5071188e-02   5.9216425e-01   1.2284556e-01   2.7782684e-01  -4.2351619e-01   8.7804392e-02  -2.2135580e-01  -4.6538388e-01   2.3978548e-01  -2.2819059e-01  -1.2740844e-02  -2.2931043e-01  -3.5627677e-02  -3.8609958e-01   3.5993168e-02   1.3173192e-01   1.7580520e-01  -4.3523345e-01  -2.1055345e-01  -1.6257727e-01  -2.2282261e-01  -1.8685348e-01  -1.2453012e-01   1.5810658e-01   6.6034641e-02  -2.6065923e-01   2.7165781e-01  -2.0693660e-01  -1.7459560e-01  -7.0796400e-02   1.1210333e-01   1.1006918e-01  -4.8299141e-01  -5.5223964e-02   9.8955966e-02  -4.8175687e-01   2.0415795e-01  -3.9296021e-02  -6.7902660e-02   8.6128250e-02  -2.3738173e-01   5.7820413e-01   6.7296378e-02   6.0950883e-01   1.5293251e-01  -2.0419615e-01  -2.7366509e-01  -2.0532285e-01   2.3477839e-02  -2.3947010e-01   3.0277344e-02   6.0046653e-02   4.1524474e-02  -9.1029716e-02  -3.3742747e-01  -4.5098684e-01   2.9348634e-02   5.2096122e-02   8.9773178e-02  -2.5427434e-01   2.2708383e-01   6.8264916e-01  -2.8717057e-01  -1.9862115e-01   9.8647475e-02  -4.5844748e-01  -3.1989346e-01  -3.7928663e-01   1.6738314e-02  -9.8652364e-03  -3.5135780e-01  -4.6017803e-02  -2.2276079e-01  -4.4821823e-02   6.2687562e-02   2.1822413e-01  -3.5256854e-01  -2.7771677e-01  -1.3090403e-01   5.4478116e-01   7.5276661e-01  -5.7854723e-03  -7.5385364e-02  -9.3459693e-02  -2.2726639e-02  -4.5225316e-01   3.8948952e-02  -7.7284303e-02   1.9892828e-01  -2.5505328e-01   6.2734863e-02   6.1957478e-02   1.1274362e-01  -3.6711764e-02   3.5021138e-01   3.6298182e-02  -1.8545173e-01  -3.9124281e-01   4.1063655e-01   1.7958210e-01   8.8816679e-02   4.9147664e-02  -1.0267974e-01   1.2854794e-01   6.2404023e-02   7.0174316e-01  -2.4333414e-02   1.7195701e-01  -1.8399162e-01
  -3.3787686e-01  -6.1643811e-02  -9.3945094e-02  -1.1940237e-01  -1.6536346e-01   2.5771115e-01   0.0000000e+00  -2.9872908e-01   1.1583490e-01   2.3996740e-01  -4.2791261e-01  -1.3977088e-01  -1.2955739e-01  -9.9969502e-02  -3.8341459e-01   1.1071847e-01  -1.8730607e-01   1.1887598e-01  -4.0816225e-02  -7.8250847e-02   1.6373820e-01  -3.6073132e-01   3.2214597e-01  -2.3829337e-01  -5.6596932e-03  -2.8037520e-01   1.8431777e-01  -3.1863926e-01  -2.7240570e-01  -1.3187539e-02  -1.7206869e-01  -9.3035371e-02   5.7484283e-02   7.1877620e-01   4.5785915e-01   7.7576064e-02   2.6829087e-01  -2.7248607e-01   1.4040222e-02   2.6910819e-01  -1.2012239e-01  -1.6607119e-01   7.8807308e-02  -6.6917343e-01   7.4511447e-02  -1.3168671e-01  -2.3963233e-01   8.2933882e-01  -1.5257099e-01  -1.4372896e-01   1.3148258e-01  -4.2605420e-01   6.6542927e-01  -2.8588898e-01  -1.6350623e-01  -4.8963280e-01  -2.9017272e-01  -1.7288291e-01  -1.4663158e-01   8.5001020e-03  -1.3862744e-01  -2.1783933e-01  -3.6339298e-01  -4.6615874e-01  -1.1252744e-01   5.8951931e-01   3.3129038e-01  -2.9499147e-01  -1.2333211e-01  -1.0068030e-03   4.9515947e-01   9.3320429e-04  -2.5499042e-01  -3.3916014e-01  -1.5586420e-02  -2.4178710e-01  -2.1665579e-01  -3.4565229e-01  -2.7384354e-02  -1.7799102e-01  -5.1251701e-02  -1.6315584e-01   3.8519665e-01  -3.5472376e-01  -5.3119773e-01  -4.3435728e-02   3.0135746e-01   1.1556878e-02  -3.8230343e-02  -3.8819298e-01  -1.4611966e-01  -1.8141338e-01   1.5657874e-01  -1.1200492e-01  -1.8550542e-01  -3.0126324e-01  -1.6485125e-01  -1.1683738e-01  -1.5200743e-01   5.5061696e-01  -3.3658337e-01  -6.0429767e-01  -1.0035796e-01  -1.3767909e-01  -1.1393546e-01   4.9435776e-02  -2.1189357e-01  -8.8673946e-02   5.2572073e-01   5.6216185e-01   7.1572732e-01  -1.5108454e-02  -4.2148005e-02  -4.0113734e-01   4.3763509e-02   6.7709735e-02  -4.7978863e-01  -2.0342134e-01  -3.0799910e-01  -4.5493671e-02  -3.4816397e-01  -2.0221679e-01  -1.0012262e-01  -2.8157119e-01  -3.4322524e-01  -3.3094164e-01  -2.3003466e-01  -1.4399906e-01   8.9255113e-02   1.0932591e-01  -5.9799995e-02   2.2926355e-01  -2.6314001e-01   2.5287854e-01  -2.6033896e-01  -1.5222793e-01  -1.4296804e-02   4.6959606e-01  -2.5491957e-01  -2.9523239e-01  -1.7997400e-01  -5.7735597e-02  -3.5217375e-01  -3.4038420e-02  -1.8672995e-01  -1.3729474e-01   3.9889277e-01  -9.0719563e-02   8.4166064e-02   5.3919891e-01  -4.8214101e-01  -5.5872648e-02  -3.0353948e-01  -2.7760452e-01   7.3260096e-02  -3.5683643e-01  -3.1205441e-01  -1.1976314e-01  -2.1624481e-01   2.3849862e-01  -1.1270164e-01  -4.0119037e-01   4.5614472e-01  -2.1485694e-01  -1.8010168e-01   3.6218404e-01   1.0525737e-01  -3.4043298e-01  -2.3635495e-01   4.8206315e-03   8.9875803e-02  -3.6850658e-01  -1.8973201e-01   1.2671848e-01   1.2524927e-01  -1.1444380e-01  -2.0953601e-01
   2.0846810e-01   8.6477635e-03   4.8774055e-02   3.5120957e-01  -2.9270058e-01  -2.2162000e-01  -2.9872908e-01   0.0000000e+00   7.3794366e-02  -6.6033137e-02   2.7660831e-01   5.3064129e-02  -1.0954874e-01   2.0255240e-01   1.9596120e-01  -2.9943196e-02  -8.3404143e-02  -1.3134438e-01   2.0633689e-02  -3.0693715e-01   4.7473830e-02   4.3466299e-01  -8.2455360e-02   1.7256921e-01   2.6397032e-02   7.2130803e-01  -2.1553261e-01   1.1568810e-01   2.2034371e-01  -7.7940875e-02   4.0564940e-01   4.5695053e-01   1.2283337e-01  -1.7243565e-01   4.6445301e-02  -3.9238475e-01  -1.0453521e-01  -1.0736359e-01  -1.0546914e-01  -6.0396118e-02  -8.5774046e-03   9.7627841e-02   9.0719855e-02   4.3898444e-01  -1.6278339e-01   8.9562916e-02   2.7932776e-01  -1.9695116e-01  -1.5592365e-01  -4.7910111e-02  -1.3455248e-01   7.6017978e-01  -2.5400521e-01   2.1122724e-01   2.7928633e-01   1.0563233e-01   6.5178549e-03   4.2066408e-01   3.2944148e-01   1.2223073e-01  -8.6929295e-02   1.0632609e-01   2.5929506e-01   2.9185342e-01  -3.6373341e-02  -4.7360475e-01  -2.2694463e-01   2.7169048e-02   5.3370206e-01  -5.4869749e-02  -1.3699533e-01  -5.9905899e-03  -2.5625669e-02  -2.6103305e-03   2.5052793e-01   5.6134612e-01   3.7754293e-02   3.4916184e-01  -2.2838460e-01   1.6267702e-01   1.9759386e-01  -1.5869494e-01  -8.4988425e-03   6.0665361e-01   6.5581357e-03   5.3822900e-01   1.8189619e-02  -1.9225301e-03   2.1260584e-01   3.2923088e-02  -5.9751676e-02  -4.0328537e-02  -1.8803063e-01   2.1780315e-01  -5.4157664e-02  -1.2003081e-01   2.4119829e-01   4.5446929e-01  -1.8223352e-02  -1.8473390e-01   2.8255088e-01   4.5550092e-01   3.2326735e-01   2.0699284e-01   2.3526252e-02   3.6162155e-01   3.1500344e-01   5.6817754e-01  -5.8597016e-02  -1.8689389e-01  -2.1004712e-01  -3.1399111e-02  -1.4878936e-01  -1.0650058e-01  -8.3568095e-02  -8.1687962e-02   2.4303922e-01  -1.9217201e-02  -6.4619561e-03   2.5924798e-01  -5.9919387e-02  -1.5339711e-01   1.4940389e-01   1.5377967e-01   6.1859185e-02   3.0092870e-01  -1.3259546e-01   2.9817053e-01   8.1186072e-03  -9.9457354e-02  -2.6932997e-01  -2.2572769e-01   2.5460732e-01   2.2288679e-01   2.2257418e-01   7.9185643e-01  -7.1102301e-02   2.5565593e-02   7.2681550e-01  -2.4082357e-01  -9.8932218e-02  -1.2526205e-01   3.2168656e-01  -1.3376081e-01   2.2913760e-01   3.3580138e-01  -3.4348103e-02  -3.1788414e-01  -3.5408367e-01  -1.2113724e-01   2.6144686e-02   5.2603440e-01  -5.1643585e-02  -2.4848356e-02  -2.4929427e-02  -6.9282652e-02   6.2431859e-02   1.3969239e-01  -4.4530730e-02   2.1806336e-01   5.6977633e-02   6.2431306e-01  -3.8193939e-01   2.2170043e-01   4.2234916e-01  -4.3985633e-02  -2.9969712e-01   1.3568574e-01  -1.9150591e-01  -6.5032714e-02  -1.4034683e-02  -1.3280537e-01  -2.1339598e-01  -1.8868076e-01  -6.7391386e-03   3.0192158e-02   4.7494028e-01
   9.6794991e-02   4.2181258e-01  -5.6852231e-02   3.0129468e-01   3.1764553e-01  -3.0189413e-01   1.1583490e-01   7.3794366e-02   0.0000000e+00   2.9528562e-01  -1.4752337e-02   3.7378922e-01   1.7844173e-01  -4.4643720e-01   9.3050076e-02   1.2054008e-01  -1.6568575e-01   1.6084681e-01  -1.8051181e-01   1.3149386e-01  -2.9493477e-01   2.7608832e-02  -3.2680007e-01  -8.8647966e-02  -3.0243842e-01   6.2661001e-02  -1.6475334e-02  -1.3054769e-01   1.4956458e-01  -2.9129010e-02   3.2595325e-01   2.9229721e-01   2.1063112e-01  -2.7581059e-02   2.6086753e-01   1.9959510e-02   1.6436264e-01   2.9292702e-02   9.4328681e-02   2.2980724e-01   2.8337866e-01   1.0271049e-01   4.4496225e-01   3.9479099e-03   4.7285895e-01  -2.9857212e-01  -9.1168730e-02   1.5886249e-01   2.6874568e-01   1.0694888e-01  -7.6658854e-02   1.9359722e-01   8.3353790e-02  -2.2935232e-01  -4.0790223e-01  -2.0382160e-01  -3.4100106e-01   2.0357778e-01   3.4279666e-01   2.7584975e-01  -1.7363260e-01   5.1775329e-01   2.8583816e-01   4.6010766e-01   7.3469109e-01  -4.7105639e-02  -1.1970152e-01   3.0912431e-02   1.3142946e-01  -2.7591615e-01   1.5840725e-01   7.2147819e-02   1.1519766e-01  -8.1670308e-02  -8.7346947e-02   2.1496819e-01  -1.1896518e-01   1.9653319e-02   3.1930505e-01  -7.3829832e-02  -1.8417487e-01   2.2384189e-01  -1.8723686e-02  -1.2401233e-01  -2.0175078e-01   4.2903629e-01   4.7171657e-01  -2.7734762e-01   3.0315717e-01   2.1219367e-01   3.7249667e-01  -1.0651297e-01   6.0562606e-02   7.5962621e-01  -1.6273259e-01   3.4931084e-01   1.4398868e-01   1.7966737e-01   2.6677505e-01   3.5461134e-02   2.2135789e-01   1.7682622e-01  -3.0756801e-01   7.4154168e-01  -3.6325548e-03  -6.4713798e-02  -8.5814979e-02   2.7159820e-01   9.8881160e-02  -1.0223201e-01  -4.0747427e-02  -3.0469010e-01   1.4654698e-03   1.7387433e-01  -9.0036277e-03   4.2608756e-01  -1.9679093e-01   1.7413056e-01  -3.9761483e-01   1.1506264e-01   9.0273003e-02   4.0333463e-01   1.8189069e-01   4.4744233e-01   1.2684790e-01  -2.7240350e-02   9.8278339e-02  -2.1510144e-01  -4.4100334e-04  -1.6788458e-01   1.3522309e-01   6.9003392e-02   2.5812847e-02   2.0038352e-01   3.3924226e-01   2.0753943e-01  -2.4894682e-01  -1.9522038e-01   2.9442405e-01  -1.5056955e-01   2.3282003e-01   2.3303946e-02  -7.5370301e-02  -4.0650434e-01   1.0680422e-01  -1.1967039e-01   1.9150799e-01   6.7360115e-02  -2.5269966e-01   3.0531171e-01  -4.4035459e-02  -2.5013131e-01   6.9817215e-02   4.4440112e-01   1.5295915e-01  -1.1595554e-02  -5.8885392e-02   3.8207552e-01  -9.2878150e-02  -1.1887239e-01   7.8211085e-02   7.4817630e-02   2.0588783e-01   3.2288611e-02   2.5472323e-01   3.2167631e-01  -4.1270513e-02  -2.9502322e-01  -1.2915316e-01   1.2287309e-01   3.8561724e-01  -5.7147037e-02   1.9630150e-01  -2.8893074e-01   9.3041853e-02  -1.5368668e-01   7.6345468e-02
  -3.6556547e-01   6.5065214e-01   1.8710738e-01  -2.7821241e-01   3.3268121e-01  -2.0471181e-01   2.3996740e-01  -6.6033137e-02   2.9528562e-01   0.0000000e+00  -3.9935815e-01   7.0220058e-01   2.8903985e-01  -4.6411035e-01  -1.8868107e-01   2.3155303e-01   1.5003506e-01   5.5628158e-02  -2.2973801e-01   3.1496347e-01  -3.2782559e-01  -1.0732283e-02  -3.8702495e-01  -4.1669955e-01  -1.6233828e-02   5.5254902e-02  -3.9530789e-02  -3.5193015e-01  -9.7037435e-02  -2.0769359e-01   1.5329724e-01   9.0727328e-02   1.4257903e-01   5.1910651e-01   2.2720236e-01   1.1890236e-01   4.2732106e-01  -4.2097058e-01   2.7447945e-01   5.2873239e-01   2.4952130e-01  -4.5083023e-02   3.8481965e-01  -2.9518175e-01   3.5391802e-01  -4.4484358e-01  -3.8580990e-01   3.2437474e-01   2.3505270e-01   3.1644567e-01  -6.7936910e-02  -1.7983360e-02   4.4331153e-01  -1.5728385e-01  -2.4655449e-01  -3.7364144e-01  -3.5518022e-01  -2.7495444e-02  -2.6248411e-03   2.5465127e-01  -5.2224039e-01   3.6073799e-01   1.5195417e-01   1.7634775e-01   3.2873936e-01   2.9312709e-01  -1.2757348e-01  -6.1290539e-02  -1.8010180e-01  -3.3313869e-01   5.5665347e-01  -2.4923697e-01   1.8353391e-01  -4.2624357e-01   1.4639764e-01  -9.3459563e-02  -5.6265752e-01  -2.1145492e-01   5.0587030e-01   3.0432597e-02  -3.8712224e-01   2.6479838e-01   2.0937794e-01  -1.6158139e-01  -3.6131487e-01   5.7805854e-02   2.3083050e-01  -4.2010269e-01   4.2063679e-01  -2.6857085e-01   4.1971997e-01  -4.4652918e-01   5.7220960e-01   3.2595733e-01  -5.5434252e-01   5.3158370e-01  -1.6714137e-01   2.4070833e-02  -3.9133579e-03   2.5676189e-01   6.4996265e-02  -9.6151769e-02  -4.1104910e-01   2.2288272e-01  -2.5502818e-01  -8.8267031e-03   1.3400969e-02  -5.0894971e-02   2.2850642e-01   3.9335137e-02   4.6118497e-01  -4.5020764e-01  -1.6206965e-01  -2.3379325e-01  -2.0256717e-01   5.3858293e-01  -4.1461046e-01   3.9914749e-01  -2.2872559e-01  -1.3430919e-01  -4.6310735e-01   3.8965517e-01   5.6075302e-01   1.6809570e-01  -3.7453693e-01  -4.4058323e-01   8.1430856e-02   3.1059934e-02  -9.6990369e-02  -1.6108359e-02   2.7674172e-01   2.8794881e-02  -3.2057427e-01   2.6533172e-01   1.8736223e-01   1.8639624e-02   6.8625882e-02   2.1150695e-01  -1.0502521e-02  -1.9491001e-01  -1.8600964e-01   3.8558154e-01  -5.2282173e-01  -1.6809886e-01  -1.6888904e-01  -1.8018861e-01   6.7180610e-01  -2.5602604e-02  -8.7134684e-02   3.7261330e-01  -4.3151324e-01  -2.0440579e-01  -3.4979755e-01  -7.8306719e-02   6.2671142e-01  -3.6617505e-01  -5.7415235e-01   1.1222355e-01  -3.3344428e-01  -4.2200200e-01  -7.2178415e-02  -3.3687559e-01   4.1399920e-01  -3.2098955e-01   1.8750111e-01   3.9764663e-01  -2.7845512e-02  -2.0589336e-01  -3.1439800e-01   4.2830709e-01   5.1861989e-01  -5.2593095e-01  -1.5932567e-01   7.4594307e-02  -8.6955405e-03   7.2720470e-02   1.2532538e-01
   4.8322269e-01  -3.9255164e-01   1.4299363e-01   4.2963677e-01  -3.6386404e-01  -1.7166963e-02  -4.2791261e-01   2.7660831e-01  -1.4752337e-02  -3.9935815e-01   0.0000000e+00  -3.0388708e-01   4.6503429e-02   1.2492855e-01   6.2505803e-01   3.1820097e-02  -1.5169906e-03   2.6159517e-01   4.3175400e-02  -3.6763599e-01   1.3343727e-01   4.6362537e-01   2.2798566e-01   3.3208314e-01  -6.0649986e-02   6.8516353e-02  -1.1933748e-01   6.3708755e-01   4.2466031e-01   3.3329246e-01   3.4734256e-01   2.1872807e-01  -2.7177341e-01  -2.2507846e-01  -1.9814732e-01  -1.1327890e-01  -2.8420267e-01   3.6984817e-01  -1.4217545e-01  -4.0986813e-01   1.3711038e-01  -4.2287652e-02  -2.1587542e-01   7.0484123e-01   7.8097736e-02   4.4871507e-01   6.6509185e-01  -5.2408124e-01  -2.0660205e-01  -1.6350634e-01   3.8785236e-01   1.7645096e-01  -5.9082860e-01   9.3208454e-02   1.2140358e-01   6.0811902e-01   4.0012860e-01   3.4646038e-01   4.6597836e-01   4.6515821e-02   5.0161569e-01   6.3411850e-02   2.7510285e-01   1.5022890e-01  -5.8423807e-02  -3.8665832e-01  -1.4785766e-01   3.8370189e-01   4.8406031e-01   3.2427473e-01  -6.6217335e-01   4.1561906e-01   2.1488101e-01   3.9729428e-01  -5.0338450e-02   2.4229089e-01   5.9276909e-01   2.1395080e-01  -3.9122048e-01   8.0904370e-02   4.7005358e-01   8.7725382e-02  -3.0080458e-01   3.4258625e-01   4.4617291e-01   1.8780935e-01  -3.4294865e-01   1.1831702e-01  -9.3646622e-02   4.1705142e-01  -4.8804067e-01   5.5678620e-01  -5.4132878e-01   1.1589543e-01   5.7753243e-01  -2.9399770e-01   2.1054846e-01   1.6443915e-01   2.0450801e-01  -2.7249764e-01   1.0700671e-01   6.4626903e-01   3.6376436e-01   1.0470625e-01   5.1505851e-01   3.8922054e-02   1.8793287e-01   2.0005902e-01  -1.8367777e-01  -2.3490963e-01  -4.0597971e-01   4.6648951e-01   8.2779214e-02   3.3314756e-01   2.1318251e-01  -3.9889064e-01   5.1066833e-01   6.5547610e-02   1.2947657e-01   3.5059764e-01   5.6635520e-01  -3.5540582e-01  -4.0515395e-01   7.0997494e-02   5.4862707e-01   5.4744574e-01   2.0093886e-01  -7.1417725e-02   2.1398673e-01   3.0545334e-02  -9.9264085e-02   2.5490350e-01   3.8289405e-01   3.2385179e-02   1.5759226e-01   6.4649514e-02  -2.2594192e-01  -2.3684604e-01   2.8009745e-01  -2.6132651e-02   1.9305170e-01  -2.6842863e-01   7.5196561e-01  -1.3808462e-02   5.5172599e-01   4.1561584e-01  -4.4969210e-01   4.8619824e-02   7.3355764e-02  -4.1532666e-01   5.7910160e-01   1.6726135e-01   5.4574084e-01   1.7248229e-01  -4.0168462e-01   3.7194769e-01   5.6310138e-01   3.7737386e-01   3.8008813e-01   3.3658480e-01   4.1352679e-02   6.5740145e-01  -5.0269384e-01   7.1819681e-01   2.3227028e-01  -3.5765906e-01   5.5933056e-02   1.3667248e-01   3.3008191e-01  -4.7069952e-01  -3.1020214e-01   5.3267735e-01   3.7453260e-01  -2.6402622e-01  -3.3916576e-02  -1.4471819e-03   2.7998511e-01
  -3.0534823e-01   8.0723067e-01   3.6423176e-01  -1.8638725e-01   5.1555338e-01  -2.9133330e-01  -1.3977088e-01   5.3064129e-02   3.7378922e-01   7.0220058e-01  -3.0388708e-01   0.0000000e+00   3.5423009e-01  -4.5462465e-01  -9.4488118e-02   1.5958361e-01   2.8852441e-01  -4.3440622e-02  -2.0716599e-01   4.2030313e-01  -5.3302629e-01   1.1105554e-01  -6.4701854e-01  -4.0624559e-01   1.5270971e-01   1.4275296e-01  -5.9315736e-02  -3.6443046e-01  -1.9241387e-02  -1.7371480e-01   1.8931396e-01   1.2879270e-01   2.0427383e-01   1.1607053e-01   1.8517629e-01   1.1346190e-01   3.5235177e-01  -2.8519106e-01   2.4938219e-01   5.5562355e-01   3.7960482e-01   4.6877952e-02   3.9407092e-01  -8.3271714e-02   3.7951629e-01  -5.8966999e-01  -2.8639406e-01   1.4243899e-02   3.4338626e-01   5.5753587e-01  -2.5707924e-01   8.7545784e-02   1.9621697e-01   1.2042064e-01  -2.0968487e-01  -2.6940675e-01  -2.2417628e-01   1.6819893e-02   7.0999858e-02   4.1970436e-01  -3.9987955e-01   5.3900291e-01   2.5150728e-01   4.2792409e-01   4.8296720e-01   1.0517204e-02  -1.6231713e-01   4.0992980e-02  -7.0679019e-02  -4.0880344e-01   4.1695401e-01  -3.5446879e-01   2.9621889e-01  -2.9724975e-01   1.7726505e-01  -1.0710643e-02  -5.0128416e-01   2.6966767e-02   7.1488055e-01   1.8214998e-01  -4.8756917e-01   3.8365421e-01   1.7572832e-02   4.0584519e-02  -2.4800107e-01   2.8212749e-02   2.7977576e-01  -4.3894825e-01   4.0749542e-01  -2.2661337e-01   6.4320462e-01  -3.6177592e-01   6.6142379e-01   4.3076825e-01  -5.4130158e-01   7.2346602e-01  -2.3703529e-02   7.9996873e-02   1.1409364e-01  -4.4364659e-02   4.8206065e-02   1.6002333e-01  -4.7413444e-01   3.6481684e-01  -2.8303741e-01  -1.1304211e-03   8.4422837e-02   4.8952805e-02  -4.4977429e-02  -1.9561496e-01   1.6064714e-01  -5.3485293e-01  -7.0003685e-02  -1.5229191e-01  -3.1962276e-01   6.6589495e-01  -2.5907866e-01   4.5964506e-01  -2.0117157e-01  -1.3021779e-01  -3.6158020e-01   6.7180862e-01   8.0572715e-01   3.7041428e-01  -3.7643048e-01  -4.2898863e-01   2.1220900e-01   1.6265911e-01  -1.3148251e-01  -6.8993532e-02   4.4638069e-01  -1.8932728e-01  -2.6646600e-01   1.4786602e-01   3.4120482e-01   1.1242185e-01   1.7096483e-01  -1.3137120e-02   2.5742043e-02  -3.3443301e-02  -3.0629963e-02   4.6438599e-01  -4.5438749e-01  -2.3069112e-01  -1.5317911e-01  -3.1989165e-01   5.8481587e-01   2.4977566e-02  -1.1197753e-01   1.5297021e-01  -3.8289297e-01  -2.7397411e-01  -2.4748448e-01   5.1093094e-02   7.3649045e-01  -3.5430514e-01  -4.8393052e-01   1.7286582e-01  -1.6796210e-01  -6.3485115e-01   4.9076912e-02  -2.0420121e-01   1.9027282e-01  -3.3778656e-01   3.1567835e-01   4.5708701e-01  -5.1214425e-02  -5.0244071e-02  -1.4104380e-01   4.5556338e-01   6.9684018e-01  -4.1734402e-01  -1.1724996e-01   1.0127104e-01   5.9373518e-02   1.3797238e-01   2.9710088e-01
  -3.0562572e-01   1.9961381e-01   2.0104230e-01   2.3939324e-01   2.8797802e-01  -2.2836958e-01  -1.2955739e-01  -1.0954874e-01   1.7844173e-01   2.8903985e-01   4.6503429e-02   3.5423009e-01   0.0000000e+00  -4.5907646e-01   1.2556456e-01   4.2887909e-01   6.3215432e-02   4.5280790e-01  -2.4480940e-01   3.7399793e-01  -1.5640762e-01   1.2979869e-01  -1.4716839e-01  -4.0385063e-01   7.3829511e-02   1.0776098e-01  -1.7968475e-02  -2.5722427e-01   6.0285158e-02  -6.8546488e-02   2.5389756e-01   2.9594210e-01   7.2649597e-02   1.3134319e-03  -1.0100514e-01   2.9374595e-01   2.9262699e-01  -3.3047939e-02   4.0052351e-01   1.7796111e-01   7.8072049e-01   1.0372444e-02  -5.8843337e-02  -2.0283714e-02   5.5892853e-01  -1.1150199e-01   1.0533566e-01  -4.6528365e-03   2.2599732e-01   1.4581231e-01   3.5388421e-01   1.9975166e-02  -6.7879902e-02  -4.0413103e-02  -2.2888780e-01  -1.6575767e-01  -1.7468352e-01   2.9892363e-01   4.0985522e-01   2.6603333e-01   1.1980892e-02   3.6056477e-01   1.0605884e-01   1.5781833e-01   4.0046191e-01   9.2366192e-02  -1.3419268e-01   1.7251358e-01   4.0269103e-03  -1.9919612e-01   8.6357559e-02   1.1757438e-01   6.5155711e-01  -1.6087748e-01   2.1731664e-02   5.1906799e-02  -4.4614569e-02   1.6430701e-02   4.2296240e-01   4.7033105e-02  -2.2514938e-01   7.5951855e-01  -1.3553516e-01  -1.2830636e-01  -1.3826342e-01   7.1561057e-02  -1.1287308e-02  -3.7806486e-01   1.5341993e-01  -1.4347090e-01   3.6744611e-01   1.7283453e-03   1.6584779e-01   2.8728978e-01  -1.3523262e-01   3.1257446e-01   4.9373179e-02  -3.7022866e-02   1.3496948e-01   1.4411798e-01   5.3098111e-02   1.5308008e-01  -1.9754282e-01   1.7242786e-01   2.3045849e-01   1.5552574e-01  -9.4616569e-02  -3.3502296e-02   9.4235138e-03  -1.3183784e-01  -1.4143799e-01  -1.3879560e-01   2.6502162e-02  -2.3391793e-02  -2.0775886e-01   2.5630817e-01  -7.2672324e-02   8.0390079e-01  -2.3737382e-01   1.6393942e-01  -2.8388537e-02   3.1216412e-01   2.8073615e-01   3.3637994e-01  -1.2125581e-01  -2.7349312e-01   3.4713424e-01  -1.0148435e-01   2.4135779e-01  -1.0098102e-01   7.1362280e-01   2.0593391e-01  -3.1846204e-01   1.6319648e-01   2.7455721e-01  -2.6529211e-02   1.1961179e-01  -1.5307397e-01   1.2769576e-01  -6.4546698e-02  -7.0810792e-02   5.8435136e-01  -2.0535290e-01  -3.0315236e-01   7.4843478e-02   1.1445023e-01   1.8423603e-02   7.9476442e-02   3.0726363e-02   1.8305437e-01  -1.3235801e-01  -2.2176921e-01  -9.9693214e-02   6.4651233e-02   1.5890764e-01  -1.5133580e-01  -1.3232590e-01   5.6916547e-01   1.8516219e-03  -2.1247825e-01   2.6103914e-01  -8.9178233e-02   1.0742103e-01   2.4663310e-01   4.0810882e-01   1.2579307e-01   1.3949918e-01  -1.5178323e-01  -2.0215858e-01   4.5889385e-02   3.6557756e-01  -7.2829674e-02   2.6632475e-01  -1.7569811e-01  -3.2102670e-02  -3.5886586e-02   3.4004037e-01
   2.0004920e-01  -4.8432592e-01  -3.8118071e-01   1.1691238e-02  -5.0756662e-01   6.8849214e-02  -9.9969502e-02   2.0255240e-01  -4.4643720e-01  -4.6411035e-01   1.2492855e-01  -4.5462465e-01  -4.5907646e-01   0.0000000e+00   1.7391483e-01  -2.3131419e-01  -3.4048518e-01  -2.3704469e-01   2.8391874e-01  -4.2396505e-01   5.1983203e-01   1.2927819e-01   4.6317049e-01   4.0828847e-01   1.1322810e-02  -4.0441632e-02  -2.3419396e-01   3.0149460e-01   1.5162061e-02   9.4386281e-02  -3.6299689e-02  -1.1094506e-01  -6.3003558e-02  -1.4001313e-01   5.8243706e-02  -3.7791762e-01  -1.6502275e-01  -1.6150366e-02  -2.0456260e-01  -4.3519522e-01  -3.3816966e-01   6.7067021e-03  -1.8794672e-01   3.0690500e-01  -3.9318435e-01   4.2951181e-02   1.3967756e-01  -1.5680670e-01  -3.0593593e-01  -3.8996494e-01  -6.4878026e-03   6.3492887e-02  -1.7315261e-01   3.1139871e-01   5.9302214e-01   3.1118541e-01   2.7936207e-01  -7.4476439e-02  -1.5751387e-01  -2.3713288e-01  -1.7383538e-02  -4.0203338e-01  -1.4547933e-01  -2.9275790e-01  -5.9462010e-01  -2.7002374e-01  -3.3197599e-02  -1.0894312e-01   1.2492261e-01   6.7316011e-02  -3.2135399e-01   4.8803563e-03  -1.6694292e-01   3.5716511e-01   1.4437750e-01   5.8677868e-02   3.7879771e-02   2.0092768e-01  -5.8730621e-01   9.6622931e-02   4.3436753e-01  -3.3440870e-01   1.5409422e-01   3.2253214e-01   2.5660526e-01  -3.5847473e-02  -1.4296289e-01   5.6568781e-01  -2.1135951e-01  -2.2307529e-02  -4.8575871e-01  -7.3484273e-02  -3.6107236e-01  -4.2343944e-01   9.8671872e-02  -4.6885559e-01   1.6578662e-01  -1.2729776e-02  -1.5537676e-01  -6.8619642e-02   1.2905421e-02  -1.0848898e-02   6.3741051e-01  -4.4067308e-01  -4.2284455e-02  -7.1533778e-03   2.4603621e-01  -1.1243437e-02   6.1682756e-02   2.0365399e-02  -2.1768376e-01   3.5354567e-01  -8.4200218e-02  -5.4447486e-02   1.1338537e-01  -4.4737524e-01   3.8046339e-01  -3.8798789e-01   4.3507058e-01  -8.4665185e-04   1.6125859e-02  -4.8973514e-01  -3.2119045e-01  -3.4151077e-01  -9.8703091e-02   4.6548239e-01  -1.0080744e-01   1.8395927e-01  -1.4437022e-01  -1.7715126e-01  -4.3431780e-01  -4.9008975e-02   3.2572369e-01   6.1206401e-02  -3.0670521e-01   9.5886031e-02  -1.0300845e-01   3.0679973e-01   5.3160492e-02   5.4852203e-02  -7.8451549e-02  -2.9669500e-01   2.4878597e-01   3.6688645e-01   2.6766186e-01   3.2970612e-01  -2.3355641e-01  -2.6649730e-01  -7.1676795e-02  -1.3676600e-01   1.6939030e-01   5.6268705e-01   7.0687238e-02  -2.9800090e-01  -4.4452411e-01   3.0178175e-02   6.2569823e-02  -2.3162620e-01  -1.1724894e-01   3.9748020e-01  -8.7138583e-02   2.3330291e-01  -3.7948914e-01   5.3020427e-03  -2.8337737e-01  -3.4399841e-01  -2.6201127e-01   2.4757094e-01   3.0262317e-03  -2.5446854e-01  -4.1475760e-01   4.1225958e-03  -1.6797831e-01   3.3559489e-02  -1.3326614e-01  -5.7926474e-02  -1.3040735e-01
