   0.0000000e+00  -4.0442154e-01  -8.0710234e-02  -3.2797211e-01  -4.1042225e-01   4.0421889e-01  -6.7976511e-02  -3.7920031e-02  -4.2431261e-01  -1.8896227e-01   1.8265423e-01  -4.3841718e-01  -1.7499652e-01   3.3002062e-01   4.8288295e-01  -3.5641996e-01  -3.2867037e-01   9.2117789e-02   1.3320434e-01  -3.4398289e-01   9.1404234e-02  -1.2326620e-01   2.8250259e-01   3.7643570e-01   2.5078052e-02  -1.2433971e-01  -2.2786499e-01   4.8064300e-01  -2.4694290e-01   4.5107585e-02   3.2655445e-01  -2.1062760e-01  -2.8920428e-02  -2.0525565e-02  -9.1898383e-02  -2.5582004e-01  -5.0051718e-03   1.8166900e-01  -2.9880700e-01  -1.0598510e-01  -3.2024556e-01   1.2767090e-01  -3.2061778e-01  -1.2741242e-01  -2.2717607e-01   5.7725756e-01  -2.6206088e-01  -1.1412236e-01  -3.1031848e-02  -3.9012804e-01   5.6444871e-02  -2.2425806e-02  -1.5297716e-02   1.2950894e-01  -2.2860182e-01   1.0232119e-01   2.4205686e-01   4.6983537e-02  -3.0228644e-01   1.0366414e-01   2.6197745e-02  -3.0438779e-01  -3.3238792e-01   3.9689658e-01  -1.2639382e-01   2.1752237e-01  -1.1055224e-01  -3.0903718e-01  -4.7580461e-01   6.2366809e-01  -2.8737303e-01   1.6374742e-01  -3.1279797e-01   6.8113400e-01  -2.7063267e-01  -5.7185606e-02   2.2662830e-01  -4.1320425e-01  -3.3679458e-01  -3.8919886e-01   1.7743064e-01  -3.1275336e-02  -1.1330981e-01  -2.6714915e-01   5.6132486e-01  -2.4391218e-03  -2.8542933e-01   2.2021382e-01  -1.8261431e-01   6.0869381e-01  -3.0480484e-01   2.1379407e-01  -2.5966644e-01  -2.6369560e-01   3.9723063e-01  -4.2965134e-01  -1.2128611e-01  -1.7490908e-01  -2.9204968e-01   2.1811873e-01   5.9485927e-01   2.7508752e-01   7.9209049e-02   1.5125821e-01  -3.4936599e-02  -3.8656581e-01  -1.4539541e-01  -3.4967513e-01  -8.5439421e-02  -1.1725477e-01   1.1314543e-01   1.5904892e-01  -1.0348505e-01   7.6830775e-01   5.8758203e-01  -5.9330570e-02  -4.8230303e-03  -1.7471248e-01   6.1830571e-01  -3.7182505e-01   4.7485608e-01  -3.4719102e-01  -4.7383203e-01  -2.1663012e-01   4.4090270e-01   3.4000039e-01   6.1052807e-02  -2.1546234e-01  -1.8856606e-01   9.2410530e-02  -2.6539065e-01  -1.9175594e-01   6.8441743e-02   8.7228884e-02  -7.0442786e-03  -1.2382874e-01  -4.7035318e-01   2.3574492e-01   6.9913405e-02   5.2955751e-01   3.1033511e-01  -2.3471121e-01   2.4935707e-02   2.4262219e-01   3.4097080e-01   1.9470206e-01  -3.9962689e-02  -1.1696207e-01   5.6211322e-02   3.3338554e-01   6.9385562e-01   1.1953799e-01   5.7593916e-01  -7.5448852e-02  -2.4397236e-01   3.8266008e-01   4.9890392e-01  -1.2240990e-01   7.0751518e-02   1.4527106e-01  -1.4300222e-01  -1.2700293e-01  -2.7917412e-01  -4.3626150e-03  -2.9976992e-01  -1.9602525e-01  -1.2719788e-02   1.2083926e-01   3.9371258e-01  -2.9588090e-01  -2.3777030e-01   2.1230990e-01   1.2488020e-01   1.9452775e-01  -3.0766553e-01  -8.6232853e-03  -3.5192340e-01
  -4.0442154e-01   0.0000000e+00   1.5416085e-01   8.6438473e-02   5.1814160e-01  -8.2227523e-02   2.9947303e-01  -2.7037839e-02   2.8358159e-01   2.5223416e-01  -4.4458863e-01   6.6377502e-01   7.9822140e-02   1.2684524e-01  -5.6046206e-01   3.0468092e-01   4.3171861e-01  -2.7925812e-01   2.9734631e-04   3.8495608e-01  -3.5204923e-01  -1.9482347e-01  -2.0389646e-01  -4.4561393e-01   1.6149514e-01   4.4781757e-02   4.3799699e-01  -5.7209905e-01   1.7545698e-01  -6.5203028e-02  -3.9297692e-01  -7.3858585e-02  -4.7175841e-02   2.0624184e-01   2.5434552e-01   2.1770020e-01   1.1183015e-02   7.2448034e-02   2.7934879e-01   3.7084587e-01   2.0627421e-01  -2.6500859e-01   1.7442919e-01   1.7312221e-01   1.3229350e-01  -4.8415920e-01   4.4513509e-02   3.2087189e-01   7.8198410e-02   3.8544959e-01  -2.7462293e-01  -1.8999235e-03   9.8095458e-02   7.0449007e-02  -1.1410049e-01   1.4922515e-01   9.6781555e-02  -4.5410671e-01   9.3127113e-02  -3.2943182e-01  -1.8302504e-01   3.5701813e-01   1.1998817e-01  -5.6757592e-01   3.0204102e-01  -6.9283846e-02   4.3616520e-01   2.8239907e-01   3.6667794e-01  -3.3951356e-01   3.7071270e-01  -3.7169451e-01   3.4000062e-01  -1.2339601e-01   4.7000229e-02   3.6128718e-02  -2.3934979e-01   2.5637245e-01   3.8398988e-01   4.8302734e-02  -1.9867457e-01   1.3324809e-02   2.5398666e-01   2.2866918e-01  -2.5309330e-01   6.5380398e-02   8.4405401e-02  -5.6013480e-02   2.3728268e-01  -4.8433134e-01   4.4027609e-01  -2.2344416e-01   6.3158396e-01   1.0795509e-01  -2.3618934e-01   4.8283588e-01   6.6812199e-02   5.4090959e-02   3.3512284e-01  -2.9372449e-01  -4.1478569e-01  -4.0449117e-01  -1.8062938e-02  -1.0289124e-01  -2.8366895e-01   8.3927274e-02   1.4480838e-01   1.9018187e-01   4.9008542e-02   5.4975095e-01   2.0340696e-01  -3.8015782e-01  -7.2997078e-02  -6.3866320e-01  -4.8152714e-01   9.1934305e-02  -4.5077957e-02   1.0199951e-01  -4.0529562e-01   2.2511375e-02  -7.2712442e-01   4.3454222e-01   2.7916703e-01   2.3398711e-01  -5.5423496e-01  -2.6550160e-01   3.8710220e-02   6.5310741e-03  -1.7693575e-01   3.7712091e-01   2.8975070e-01   2.7069137e-01   4.1153824e-01   4.5680292e-02  -3.2432589e-01   4.1564977e-02   1.0252998e-01  -1.0934725e-01  -3.0260886e-01  -4.4803704e-01  -3.8581942e-01   3.0156419e-01  -3.7402964e-01   1.5725912e-01  -2.6194846e-01  -1.5583716e-01   4.3655720e-01   2.1765801e-01   1.7309563e-01  -3.5486908e-01  -6.2761787e-01  -3.8457865e-02  -5.7547364e-01   6.6768867e-02   5.1134990e-01  -3.9118771e-01  -6.7953754e-01  -2.0099524e-01  -6.1405702e-02  -1.9065714e-01   7.5920469e-02  -2.2434708e-01   4.3827845e-01  -3.1922097e-01  -7.9904035e-02   2.2075941e-01   8.8267207e-02  -2.4194043e-01  -4.6848940e-01   6.0851337e-01   3.2709117e-01  -3.0665588e-01  -5.9277591e-02   2.0473803e-01   1.8151028e-01  -1.4701209e-02  -1.8347433e-02
  -8.0710234e-02   1.5416085e-01   0.0000000e+00  -1.2415848e-02   2.2309156e-01   2.4766696e-02  -7.9082533e-03   5.2238071e-02   5.8284885e-02   9.9470181e-02  -2.6363379e-02   4.1039789e-01   4.7749656e-01  -2.3859145e-01  -6.3343495e-02   5.0354229e-01   6.5783726e-01  -2.4780496e-02   7.7179821e-02   3.8616131e-01  -2.6818214e-01  -5.3210631e-02  -7.9447919e-02  -1.8604068e-01   1.3551401e-01   4.9775768e-02   1.7893610e-01  -2.3128732e-01   3.7847562e-01  -2.1470888e-01  -8.1115989e-02   4.5869963e-02   3.7936964e-01   1.1332195e-01  -1.7537912e-01   3.0235062e-01  -6.8950398e-02   1.3570234e-01   4.0874964e-01   2.2142932e-01   4.9516237e-01   5.5057370e-01  -1.0813572e-01   3.0136962e-02   1.4047725e-01   4.0496736e-01   2.2001019e-01  -1.9178968e-01  -2.8271217e-01   4.1863152e-01   2.6286711e-02  -3.6152891e-02  -2.1251908e-01   3.8713758e-01  -1.3792970e-01   1.0764888e-02  -1.5147495e-01  -6.9595993e-02   2.0039791e-02  -1.5084706e-01   7.1128588e-01   2.1905614e-01   5.1253819e-02  -9.4255021e-02  -1.1783652e-01   7.4992542e-02   1.3255570e-01   2.4300195e-01   1.8919363e-01   3.3659158e-01  -6.2821362e-02  -4.2244415e-02   2.6572869e-01  -2.3113333e-02   3.7850016e-01  -5.1778182e-02   5.2350660e-01  -1.5376493e-01   2.1726506e-02   1.3215402e-01  -1.8604302e-01   2.4086614e-01   2.3791643e-01  -5.8497890e-02   1.6658673e-01   4.0509786e-02  -1.6698905e-01  -1.2797960e-01  -1.5404348e-01  -1.9404268e-01  -1.9005100e-02   6.8093721e-01   4.2185289e-01  -6.9978320e-02   2.1336256e-01   2.0073200e-01   2.1140817e-01  -2.9680617e-02   2.4288137e-01   2.4691971e-02  -1.1310723e-01  -6.9009628e-02   1.5307086e-02  -3.7417768e-01  -1.0110985e-01   2.3055812e-02   5.2601062e-01  -7.1980678e-02  -3.4181575e-02   1.3168998e-01   3.2443362e-01  -2.9570556e-01  -1.4821819e-02  -3.4663934e-02  -1.8182796e-01  -1.7723430e-01  -6.5781227e-02   2.9897409e-01  -3.2240550e-02   3.0112800e-02   1.7828717e-02   1.9843875e-01   4.1499654e-01  -1.3912664e-01  -1.0243178e-01  -3.7073951e-01   9.1523366e-02   3.9660844e-01  -1.4569128e-01   2.4646258e-01   3.6149878e-01   1.1981832e-02  -7.2063145e-02  -3.3380737e-01  -3.7398482e-01  -8.7048615e-02   3.0778483e-01  -1.5803530e-01  -9.3736120e-02  -7.6938027e-02  -1.2914872e-02   3.9367651e-01  -2.0123851e-01   7.8457975e-02  -7.7792950e-02  -1.9190322e-01   1.1066810e-01  -5.2687545e-02   1.4434822e-01   6.9759984e-04  -2.2725174e-02  -6.7366121e-02   1.6916543e-01  -1.0013267e-01   4.2262018e-01  -2.0532722e-01   6.3447087e-02   4.4669258e-02   7.0283990e-01  -1.9555938e-01   1.0641356e-01  -2.0242731e-01   2.7815464e-01  -2.1077228e-01   3.8840099e-02   9.8067709e-03   1.2142572e-01  -2.4555196e-02   3.2758622e-01   4.9799652e-02   1.4368819e-01  -4.3170117e-02  -9.0209555e-02   1.6540241e-02   2.9996274e-02   4.1750390e-01  -9.5971590e-02
  -3.2797211e-01   8.6438473e-02  -1.2415848e-02   0.0000000e+00   1.3663285e-01  -3.8295584e-02  -1.0594411e-01   1.0995850e-01   1.7793849e-01  -9.6789727e-02   1.4421678e-01  -3.0835801e-02   3.2503414e-01  -1.4505195e-01  -2.0450417e-01   2.0404520e-01   9.7512199e-02   3.5693657e-01   2.0347188e-01   8.6910245e-02   6.1499482e-02   4.0069196e-01  -6.5756272e-02  -5.0105206e-01   2.7369236e-01   1.9333404e-01   4.2418727e-02  -3.0660117e-01   3.7885759e-02   1.9189146e-01  -6.1909353e-02   5.4893566e-01   1.3269623e-01  -2.3164766e-02   5.2300032e-02   1.7062654e-01   1.4121862e-01  -1.3943877e-01   3.0875337e-01  -1.8595965e-01   3.5277929e-01   2.3547090e-01   1.4946915e-01   6.1331140e-02   2.7010700e-01  -2.0997542e-01   4.3606156e-01   8.5693283e-02   1.1466800e-01   2.9529343e-02   3.9757245e-01   1.3813990e-02  -1.2441055e-02   3.6991964e-02   2.9480709e-01  -9.3839268e-02   1.1522605e-01   2.9156647e-01   5.7784232e-01   1.0785164e-01   9.1613552e-03   3.7644986e-01   9.0579720e-02   4.9075315e-02   1.2473071e-01  -2.6474685e-01   1.2209214e-01   3.5041004e-01   5.9068335e-01  -2.7563599e-01  -5.7525352e-02   5.6219319e-01   3.3015434e-01  -2.9314362e-01   1.0446463e-01   2.8638357e-01  -1.3785033e-01   4.0228844e-01   6.8123135e-02   4.1160622e-01  -1.7288222e-01   1.9572028e-01  -5.3405372e-02   3.8154012e-01  -3.2324294e-01   3.1452800e-01   4.8353727e-02  -2.1474634e-01   7.8525720e-02  -5.0756218e-01   9.4840182e-02  -4.9341625e-02  -1.1101540e-01   3.5523276e-01  -9.4825127e-02   1.7579221e-01   3.1730754e-01   1.7615094e-01   2.7772539e-01  -2.9157501e-02  -4.4317738e-01   1.0226208e-01   3.0758005e-02  -9.9313914e-02   5.2372814e-01   7.1154184e-01   2.0560962e-01   4.2742998e-01   1.0706761e-01   8.1493101e-02  -1.4713592e-01   1.2857576e-01   3.8192595e-01  -4.4668455e-01  -4.6517406e-01  -7.6659878e-02   5.2803554e-02   3.4418625e-01  -3.5418835e-01   7.0937872e-01  -2.2060737e-01   5.5574677e-02   2.3773169e-01   2.7077451e-02  -2.7695315e-01  -1.9316795e-01   4.3704661e-02   2.5448132e-02   6.0482235e-01  -1.8203026e-01   2.1624846e-01   1.4315745e-01   2.0078291e-01   1.9250496e-01   3.7846067e-01   4.6035800e-01   3.0599674e-01   5.0083284e-02   2.0923981e-01  -3.3393073e-01  -3.5353122e-01   3.8798960e-02   1.8254255e-01  -2.2234394e-01   6.9200355e-03   9.3805488e-02  -1.6902643e-01   2.4412725e-02   5.6909876e-02  -4.4933235e-02  -3.6122184e-01   1.3638318e-01  -2.8154460e-01   2.4595628e-02  -9.1561200e-02  -4.2352527e-01  -2.4034494e-01   4.4092591e-01   4.9284280e-02   5.0358849e-02   2.7306542e-01   2.7267523e-01   1.3247605e-01   4.7682605e-01   4.0859027e-01  -8.9396369e-02  -4.5324670e-03   8.7856739e-03  -1.0763705e-01   5.6505562e-03  -3.6189823e-02  -2.4817242e-01   4.2404501e-01  -1.6467568e-01   1.3069112e-01   3.5840133e-01   6.4049910e-01
  -4.1042225e-01   5.1814160e-01   2.2309156e-01   1.3663285e-01   0.0000000e+00  -4.2903846e-01   5.5849655e-02  -1.3327748e-02   4.8467318e-01   4.2300288e-01  -2.8979352e-01   7.0602494e-01   1.8586151e-01  -3.1281539e-01  -2.1111192e-01   3.2840375e-01   6.4667885e-01  -2.5600142e-01  -3.6256518e-01   8.9620286e-01  -1.8214706e-01  -2.1144235e-02  -2.3916295e-01  -7.0225006e-02   4.3736599e-02   6.7422081e-02   5.2707011e-01  -2.3686001e-01   5.3806552e-01  -4.1205985e-01  -2.5283672e-01   9.6241915e-03   2.3499702e-01   4.9521003e-01   3.1943197e-01   5.5621105e-01   2.2902053e-01   7.9067159e-03   1.9845769e-01   2.8660467e-01   3.5266710e-01   5.9154814e-02   3.1731826e-01   1.8581795e-01   3.0055198e-01  -4.1160518e-01  -5.8392453e-02   1.8758827e-01  -1.0770316e-01   5.7984243e-01  -1.5073810e-01   9.6337879e-02   3.0240535e-01   2.5591358e-02  -1.4221616e-01   2.3077676e-01  -2.6904274e-01  -9.8720104e-02   1.1473852e-01  -3.0782922e-01   2.8680337e-05   5.1871301e-01   4.3526646e-01  -3.1601024e-01   1.6736032e-01   3.1574589e-02  -1.1424174e-02   2.7199709e-01   4.2903350e-01  -3.4933036e-01   4.9138617e-01  -2.2697903e-01   4.4929342e-01  -4.6833387e-01   2.5273089e-01   8.5931567e-02  -1.2517620e-01   2.3020089e-01   7.3533339e-01   2.8063396e-01  -1.6762145e-01   1.2345892e-01   3.4455367e-01   1.3892761e-01  -4.4125369e-01   1.4574927e-01   3.5802060e-01   6.0712222e-02   3.4024641e-01  -1.5089883e-01   6.3313443e-01  -1.5004463e-01   5.5496852e-01   9.7730897e-02  -2.3276275e-01   7.0568115e-01   2.3962281e-01   1.6395806e-01   4.9623280e-01  -2.3605767e-01  -3.3378223e-01  -2.5098136e-01  -5.2522816e-02  -3.1217342e-01  -1.5797409e-01   2.3666530e-01   1.7001482e-01   1.8146851e-01   1.7567070e-01   9.2716733e-02   1.9699433e-01  -2.7167556e-01   9.0157617e-02  -3.7179207e-01  -2.2130411e-01   4.4891292e-01   2.8806343e-02   2.5843754e-01  -3.8779722e-01   1.6831104e-01  -4.3811607e-01   7.8984927e-01   3.6240711e-01   2.4431020e-01  -3.5602447e-01  -1.9136155e-01   5.9421533e-02   2.7675631e-01   4.3669895e-02   1.9139501e-01   3.5526983e-01   3.4368910e-01  -6.9316574e-02  -1.2674173e-01  -4.5721825e-02   6.3823251e-02   2.4863138e-01  -4.6172483e-01  -1.4603089e-01  -2.4269944e-01   5.4497697e-02   4.8324510e-01  -2.0887455e-02  -3.8791230e-01  -2.5867015e-01  -3.8019901e-01   1.7838707e-01  -3.7605130e-02  -3.8229991e-02  -3.1041559e-01  -4.6535924e-01  -1.6861817e-01  -3.2810714e-01   2.3922480e-01   2.3065133e-01  -1.3770154e-01  -2.6543985e-01  -2.0875039e-01   1.2875036e-01  -2.5908694e-01   2.9129825e-01  -1.6462764e-02   3.5903888e-01  -1.6073345e-01   2.3343989e-01   6.1920715e-01   3.5637445e-01  -1.1741303e-01  -2.6819103e-01   6.5508575e-01   7.8685239e-01  -9.7247686e-02  -5.3180847e-02  -3.0590646e-01  -8.4249676e-03   1.0144289e-01   1.6980339e-01
   4.0421889e-01  -8.2227523e-02   2.4766696e-02  -3.8295584e-02  -4.2903846e-01   0.0000000e+00   4.4150954e-01  -1.8337071e-01  -6.7762663e-01  -1.4271163e-01   4.4362391e-01  -2.7560548e-01  -1.2537745e-01   5.2094511e-01   3.0786838e-01  -8.0220911e-02  -4.9452706e-01   5.2606566e-01   4.4784519e-01  -4.2274106e-01   1.3317317e-01   6.1201361e-02   3.7509386e-01  -2.4232385e-01   3.2573491e-03   1.1418636e-01  -1.9959164e-01  -1.2008047e-01  -4.0986358e-01   5.1024995e-01   3.2040965e-01   2.2759251e-01  -3.4257302e-01   1.6505473e-02  -8.4865660e-02   1.0928573e-01  -7.4582005e-02  -9.3555887e-03  -1.5880997e-01  -9.3008152e-02  -1.1853242e-01   1.3431772e-02  -2.3616653e-01  -9.2911859e-02   9.9102911e-02   2.7024362e-01   3.6090911e-01   8.4752135e-02   4.6775497e-02  -4.1831683e-01   4.7756281e-01  -3.3948052e-01  -2.2298056e-01   3.1191793e-01   9.8279671e-02  -5.3414249e-02   6.8714350e-01   7.6070989e-02   2.2499171e-01   4.7947736e-01   1.9769189e-02  -2.3488110e-01  -7.1460362e-01   2.9833343e-01  -3.1267255e-01   2.4151225e-01   5.7958361e-01  -3.9269045e-01  -2.2406620e-01   4.9124933e-01  -5.1546809e-01   3.4754455e-01  -2.2654571e-01   6.7150056e-01  -3.4615562e-01  -7.5746145e-02   2.4540661e-01  -2.4162083e-01  -5.5198013e-01  -2.2352101e-01   1.6525995e-01   6.8987221e-02   4.7664391e-02  -5.3659234e-03   3.6038538e-01  -1.2841882e-01  -7.4014798e-01   9.7807424e-02  -1.8516846e-01  -1.2649557e-01  -5.6651823e-01   3.3293042e-01  -1.0198923e-01   1.6120243e-02   2.6344521e-01  -3.5838560e-01  -3.3601330e-02  -1.8838279e-01  -1.7318810e-01   2.6835398e-01   2.0146995e-01   3.0961600e-01   3.7334870e-01   1.8588070e-01   3.7484610e-01   5.9242126e-02   1.4231354e-02  -1.5379475e-01  -2.1892679e-01   4.6272546e-01   3.4463670e-01   4.7564786e-01  -4.5459640e-02   1.1526131e-01   4.2074994e-02  -5.6268400e-01  -2.3071645e-01  -1.5450701e-02   3.2484057e-01   1.8472150e-01   2.1520080e-01  -4.4102113e-01  -5.1774848e-01  -3.3150537e-01   5.5990271e-02   2.6096965e-01   2.4303379e-01  -3.2724783e-01   9.8379444e-02   2.5708650e-01  -1.1476749e-02   2.7558897e-02   3.9768538e-01   2.7570919e-01  -2.9190249e-02   5.6224438e-02  -3.0073368e-01   5.5256511e-01   1.8094542e-01   2.1886138e-01  -1.5687473e-01  -2.9862013e-01   5.3583007e-02   6.4280321e-01   3.0945071e-01   4.9805252e-01   3.4262232e-01   2.9337539e-01   6.3157439e-01   3.8225350e-01   2.9562200e-01   4.0730550e-01   2.9365744e-01  -2.6797486e-01  -2.9969159e-02  -2.1826110e-01   2.0746236e-01   2.5854293e-01   6.3140915e-02   5.2668712e-01  -1.2608155e-01   7.7473748e-02   5.4032444e-02   3.4506602e-01  -1.5198940e-01  -4.9367261e-01  -1.1003705e-01  -1.0609589e-01   3.3766139e-01  -2.3644541e-01  -5.8682200e-01  -2.3848770e-01   3.5349897e-01   6.8982030e-01   5.4700213e-02   4.4530061e-02  -9.2877139e-02
  -6.7976511e-02   2.9947303e-01  -7.9082533e-03  -1.0594411e-01   5.5849655e-02   4.4150954e-01   0.0000000e+00  -6.1492964e-02  -1.5712959e-01   4.8170290e-01  -9.7701187e-02   2.5322374e-01  -2.3358540e-01   1.5819963e-01  -1.3837616e-01  -6.5101810e-02  -1.7820407e-01   2.6935967e-01   1.0811751e-01  -1.3897633e-03   2.3470108e-01  -7.2261424e-02   4.8271425e-01  -3.1326507e-01  -1.1521780e-01  -4.5502561e-02   1.9305631e-01  -3.5320836e-01  -2.0573394e-01   2.7877034e-01  -3.2911995e-02  -1.5365196e-03  -3.3372446e-01   4.8540150e-01   4.0585477e-01   3.5108339e-01   1.7716681e-01  -1.8614795e-01  -2.7615808e-01   3.9759206e-01  -1.9744606e-01  -2.3318708e-01   8.0654598e-02  -1.6773341e-01   2.5844195e-01  -3.4196267e-02   7.3479496e-03   5.7426511e-01  -1.9147512e-01  -5.3467244e-02   2.1111888e-01  -1.7809665e-01   3.3855263e-01  -2.0362602e-01  -1.3573397e-02  -2.3306406e-01   1.9504979e-01  -1.5407186e-01  -2.5584771e-02   2.4710392e-01  -2.6427655e-01  -1.1726855e-01  -3.5185102e-01  -1.2575204e-01  -2.2264757e-01   4.1958288e-01   4.8387450e-01  -2.4648305e-01  -1.5156295e-01   2.1943268e-01   3.1322242e-01  -8.9527098e-04  -1.1438738e-01   3.0085933e-02  -3.5256378e-01  -1.8017254e-01  -1.0538695e-01  -4.5468361e-02  -4.4053621e-02  -1.8763900e-01   1.0286910e-01  -3.4842396e-02   4.6149941e-02   5.1326335e-03  -9.9702706e-02  -1.8702704e-01  -1.8924043e-01  -3.4425011e-01   2.9823511e-02  -3.5621097e-01  -3.4853272e-01  -4.0202974e-02   3.0269961e-01   1.0625891e-01  -1.5700652e-01  -2.3108189e-02  -3.2547991e-02  -1.4527373e-01  -1.4034733e-01   4.0920737e-01  -7.4577357e-02   5.2291156e-02  -7.6933919e-02   2.6688649e-01   2.3270816e-02  -3.1408456e-02  -2.6804699e-01  -1.3791938e-01   7.2692657e-02   5.1877869e-01   3.3903691e-01   1.5241104e-01  -1.2640772e-01  -2.4200661e-01  -1.5694989e-01  -1.4497424e-01  -1.6432118e-01  -7.3337903e-02  -3.1402450e-01   2.4881177e-02  -2.6744065e-01  -1.1420875e-01  -2.7480778e-01  -7.1962597e-02  -2.2834564e-01  -5.7156637e-03   3.4304037e-01  -3.3301662e-01  -2.4819520e-02   3.0396051e-01  -1.9391343e-02   4.6781296e-01   2.1388671e-01   4.5925274e-01  -7.4166751e-02  -1.0488913e-02  -2.0362361e-01   3.4305486e-01  -9.5097334e-02  -1.7137704e-01  -2.8082504e-01  -2.7988802e-01  -1.2666269e-01   3.2124674e-01   1.8393178e-01  -1.7097786e-02   8.2908385e-01   2.6529772e-01   5.4351233e-01   4.5126463e-01  -2.1834055e-01   8.1670347e-02  -2.6451616e-01  -1.8613590e-01   2.9629804e-01  -3.2787842e-01  -2.0621974e-01  -1.4174546e-01  -2.5663560e-01   1.4898044e-01  -6.1838726e-03  -1.5549294e-01   2.5746233e-01   6.6761350e-02  -2.6648200e-01   8.3554919e-02   1.5293119e-01  -3.3304816e-01  -1.7775131e-01   1.8046656e-01  -1.7844563e-01  -4.5597660e-01   1.8324855e-01   2.1658998e-01  -4.5686343e-02  -1.1183400e-01  -2.2617912e-01
  -3.7920031e-02  -2.7037839e-02   5.2238071e-02   1.0995850e-01  -1.3327748e-02  -1.8337071e-01  -6.1492964e-02   0.0000000e+00   2.2023920e-01   1.9048637e-01   9.4768843e-02  -1.1292903e-01   1.2704338e-01  -1.8455588e-01   1.0167648e-01   7.6594428e-02   1.1977759e-01  -8.6972404e-02   4.0550345e-02   5.7508668e-03   2.1451791e-01   3.3548197e-01   2.8888007e-01   3.1788135e-02   1.5386500e-01   3.0884256e-01   6.9015911e-02   1.0638547e-01   1.1986030e-01  -2.6448334e-02   1.1952881e-01   2.3055439e-01   1.1617823e-01   1.3518651e-01   1.1736992e-01  -5.2521529e-02   6.9580505e-03  -2.7916632e-01  -1.9518398e-02   2.4071820e-02   5.4123027e-02   7.7148935e-02   2.0251064e-02   4.8576340e-01   5.4541084e-02   1.3772239e-01   4.2676465e-02  -1.7444926e-02   4.5525023e-02  -1.7453879e-01   4.4401042e-02   8.3061462e-01   2.1995834e-01  -1.1107696e-01  -7.9265858e-02   1.1757291e-01  -2.8495374e-01   2.8726040e-01  -9.1798977e-02  -7.6391056e-02   4.5543542e-02  -7.1980183e-03   1.1483441e-01   4.1014306e-01   5.9011667e-02   1.0384708e-01  -6.7697244e-02   7.3362833e-03   2.8194759e-01   4.7271001e-02   1.7812835e-01   1.0314152e-01  -1.5892188e-02  -1.4210627e-01   2.0247784e-01   4.4924689e-01  -5.1823746e-03   3.4738445e-01   1.6190949e-01  -1.1508383e-01  -6.3128933e-02  -1.6436750e-01   6.4966159e-02   3.4450440e-01   2.6272316e-03   3.8708306e-01   2.2045361e-01  -1.4565337e-01   1.1497471e-02  -2.7428973e-02   5.1563249e-02   6.8646226e-03   4.9298422e-02   1.0705127e-01  -1.1977556e-01  -1.4239772e-01   1.0290438e-01   5.6313331e-01  -1.4694920e-01   2.9135462e-01   9.7286620e-03   4.5561903e-01  -7.4213178e-02   6.2837527e-02   8.5439370e-02   1.5689980e-01  -7.4315107e-02   5.5139872e-01  -1.2028226e-01  -1.7788794e-01  -1.6692197e-01  -8.8877260e-02   8.5772768e-03   1.2936663e-01  -5.0171195e-02   1.7838906e-01   4.6366678e-01   6.4837363e-02  -1.6149787e-01  -1.0148275e-01  -2.0390901e-02  -3.1408615e-03   1.5013260e-01   1.8959160e-01   3.6546708e-01  -1.3057202e-02   2.9322255e-01   1.5965914e-01   1.1486137e-01  -2.2594071e-01   8.5219214e-02   1.0277076e-01  -1.9816001e-01   2.0123683e-01   5.9544240e-02   3.9249646e-01   5.2107490e-02   2.9959143e-02   3.2198029e-01  -3.8239425e-02   2.3563171e-01  -1.7415555e-02   3.0836558e-01  -3.6311364e-01   1.9663991e-01   1.3713430e-03  -2.3058806e-01  -7.9872575e-02  -2.4736932e-02   5.1792368e-02   6.9740003e-02  -1.7572346e-02   5.3238932e-02  -5.8070722e-02  -9.2785627e-02   2.8291730e-02   7.1057344e-02  -7.9580238e-02  -7.7882281e-02   2.5776264e-02  -3.9067530e-02   2.9949598e-01  -2.6785838e-02   1.0946363e-01   3.7186443e-01   1.8315833e-01  -4.7332487e-02   1.3424480e-01  -7.8173224e-02   5.8290607e-03   1.6507060e-01  -1.9786685e-01  -2.3926124e-02  -4.1827507e-01   8.3825419e-02   1.7101966e-01   3.0119911e-01
  -4.2431261e-01   2.8358159e-01   5.8284885e-02   1.7793849e-01   4.8467318e-01  -6.7762663e-01  -1.5712959e-01   2.2023920e-01   0.0000000e+00   1.0993815e-01  -3.5893549e-01   4.1456759e-01   2.4229453e-01  -4.4866359e-01  -2.9693035e-01   2.5035870e-01   5.3439297e-01  -2.7084180e-01  -3.4906506e-01   4.8083138e-01  -6.6691382e-02   5.4707783e-02  -2.0567018e-01  -6.5822594e-02   1.8990653e-01  -6.3002880e-02   4.0792908e-01  -1.8990286e-01   5.4810936e-01  -2.5875893e-01  -3.7733656e-01  -2.7876398e-02   2.9581623e-01   2.4326218e-01   3.5012844e-01   1.6981874e-01   1.3465913e-01  -3.3672471e-02   2.0925919e-01   1.2057394e-01   3.2406945e-01  -4.9279451e-03   4.6317070e-01   5.2729024e-02   3.2820323e-01  -2.5422085e-01  -3.0849410e-02   2.4333261e-01  -1.1565735e-01   4.0208197e-01  -1.5904179e-01   2.6775559e-01   3.0482497e-01  -3.2723837e-01  -2.8338219e-01  -2.4199815e-03  -5.1138033e-01  -3.7380485e-02   1.5178213e-02  -1.9027387e-01  -1.3105800e-01   4.7309603e-01   6.0482150e-01  -2.0240980e-01   5.4414123e-01  -1.2662160e-01  -2.1614196e-01   2.8373949e-01   4.2569323e-01  -3.2022898e-01   5.5280786e-01  -1.9504225e-01   3.1867320e-01  -5.8465792e-01   1.2399045e-01   9.9654907e-02  -3.3283044e-01   3.2295629e-01   6.3578405e-01   1.9350469e-01  -2.5503158e-01   2.1210755e-02  -6.5475805e-02   1.9702015e-01  -4.6173755e-01   8.3872846e-02   6.1406610e-01  -3.4974401e-01   2.5416404e-01  -1.7744820e-01   6.1423070e-01  -3.6486792e-01   3.4012287e-02   2.7511801e-01  -2.8536191e-01   4.0836216e-01   5.7101966e-02   2.3107198e-01   3.7997038e-01  -8.0619405e-03  -3.1440478e-01  -2.1542886e-01  -3.5640461e-01   7.0166852e-02  -1.3218473e-01   1.3965481e-01  -1.2234659e-01   3.2391401e-01   2.0695488e-01  -2.4014858e-01  -3.6182943e-01  -2.9258379e-01   1.0114276e-01  -2.9759534e-01  -3.0767006e-01   4.3835417e-01   1.9772339e-01   1.8828368e-01  -5.0313063e-01  -1.0823689e-02  -3.6628673e-01   5.8735248e-01   4.7310606e-01   4.2568376e-01  -2.3952832e-01  -2.9771215e-01  -4.3141822e-02   1.8558562e-01   9.0022814e-02  -4.2441462e-02   1.6239671e-01   1.9868946e-01  -1.0885047e-01   1.4941201e-02   7.9147351e-02  -1.8888381e-02   2.2636392e-01  -4.1460513e-01  -1.1441243e-02  -3.3618517e-01  -9.6517135e-02   2.4842189e-01  -3.0703171e-02  -5.9011340e-01  -2.6487396e-01  -4.4560353e-01  -7.9639395e-02  -1.8984099e-01  -2.8065875e-01  -3.5502612e-01  -4.5857082e-01  -3.1392082e-01  -3.8649961e-01   2.0589444e-01   1.9054051e-01  -3.4108855e-02  -3.4826713e-01  -1.2157801e-01  -8.1213727e-02  -3.4701567e-01   1.9414711e-01  -1.1225310e-02   3.0417156e-02  -1.2970148e-01   2.1153991e-01   4.4247434e-01   1.2761801e-01  -1.1101196e-01  -3.7854555e-01   2.2444467e-01   5.1008716e-01  -7.0272933e-02  -1.7662743e-02  -5.3014511e-01  -8.7790507e-02   3.8239975e-02   2.1116002e-01
  -1.8896227e-01   2.5223416e-01   9.9470181e-02  -9.6789727e-02   4.2300288e-01  -1.4271163e-01   4.8170290e-01   1.9048637e-01   1.0993815e-01   0.0000000e+00  -1.7354693e-01   3.8327700e-01  -8.4040329e-02  -1.5415383e-01  -1.0879355e-01  -1.6544275e-02   1.7431362e-01  -7.4247166e-02  -1.6330839e-01   3.8946228e-01   3.0112013e-01  -9.6066515e-02   2.7420912e-01   2.6974486e-03  -1.7895582e-01  -3.2238861e-02   2.9685782e-01  -8.1657452e-02   1.5439526e-01  -1.4817246e-01  -7.9127728e-02  -9.7200568e-02  -8.6286365e-02   4.8308441e-01   4.3045552e-01   2.2629447e-01   2.0794918e-01  -1.2466603e-01  -1.5073240e-01   5.9300258e-01  -5.1458736e-02  -1.7799213e-01   1.1138967e-01   1.5101427e-01   3.9107719e-02  -1.2396069e-01  -2.9473178e-01   1.9409355e-01  -7.7413751e-02   2.2468030e-01  -7.4583031e-02   1.5837136e-01   3.9094972e-01  -1.3415193e-01  -1.2770696e-01   4.4855198e-02  -2.7048206e-01  -9.2398181e-02  -3.1555319e-01  -2.8783001e-02  -1.0687398e-01  -4.6890953e-02   1.2120272e-01  -8.5321145e-02  -1.2572685e-01   5.0276713e-01   5.5946626e-02   1.0843991e-01  -6.8376938e-02  -4.3744724e-02   5.1521958e-01  -1.9657478e-01   1.6514814e-01  -2.9601189e-01   1.4834854e-01  -6.7634285e-03  -4.2478392e-02   1.4126123e-01   3.4477015e-01  -3.1320665e-02  -9.6099171e-02   1.6261960e-02   4.4717173e-01  -1.5328386e-01  -3.9527836e-02   6.5670968e-02   2.2228283e-01  -2.1458551e-01   2.4214506e-01  -9.7685232e-02   3.1940894e-02  -9.2516849e-02   5.7614861e-01   1.5643435e-02  -2.9304607e-01   1.3449951e-01   1.3533696e-01   1.0704559e-02  -6.6169997e-02   2.0894516e-01  -5.2499481e-02   9.5961101e-02  -2.5950009e-01  -5.9267437e-03  -2.4408136e-01  -8.6926455e-02  -8.1779043e-02  -4.2627686e-02   1.7861051e-01   1.8302567e-01   3.5303651e-01  -1.2099963e-01  -2.6112170e-02  -6.9402644e-02   1.6560635e-02   3.6551948e-01   5.9789337e-02   3.9366494e-02  -2.4696415e-01  -1.9996083e-01  -2.4519679e-01   1.7680577e-01   1.9332023e-01   5.9477247e-02  -7.6591819e-02  -9.8310431e-02   2.8843443e-01   8.5371592e-02  -7.3240489e-02   1.8156347e-01   1.8937843e-01   4.8792490e-01  -1.2075471e-01   1.9133377e-01  -8.3350547e-02  -6.7836202e-02   6.3755094e-02  -1.4393791e-01  -1.9082423e-01  -2.0225362e-01   5.9795573e-03   1.6078821e-01  -7.9109896e-02  -5.8037445e-02   9.3488544e-02  -1.3429036e-01   4.2221446e-01   1.7674634e-01   1.8596277e-01   2.1527002e-01  -1.7994677e-01  -3.2136730e-01  -1.8297969e-01   1.2686211e-01   3.5470183e-01  -5.5837165e-02  -1.5250709e-01  -3.7456563e-01  -9.9688725e-02  -3.2770551e-01   1.1341749e-01  -1.3884537e-01   4.6848058e-01  -2.1962161e-01  -8.1503280e-02   5.6168904e-01   3.1376803e-01  -2.0584372e-01  -2.5361973e-01   4.6267959e-01   3.4600757e-01  -1.4285484e-01  -9.1243907e-02  -2.0501300e-01  -3.6162130e-02  -2.5618151e-03  -1.5584046e-01
   1.8265423e-01  -4.4458863e-01  -2.6363379e-02   1.4421678e-01  -2.8979352e-01   4.4362391e-01  -9.7701187e-02   9.4768843e-02  -3.5893549e-01  -1.7354693e-01   0.0000000e+00  -2.5838708e-01   1.4131064e-01  -4.0019034e-02   4.6043320e-01  -3.6722508e-02  -3.8924996e-01   6.1047828e-01   2.1081406e-01  -2.0220155e-01   3.9644450e-01   3.8090668e-01   1.5540650e-01   1.6492500e-02  -1.9371851e-01   4.2377894e-01  -2.9443939e-01   1.5025693e-01  -1.1103882e-01   3.3383653e-01   2.9048818e-01   6.1943374e-01  -2.2541092e-03  -3.7512071e-02  -3.9550960e-02   1.5934373e-01  -3.2758028e-02  -3.0461913e-01  -8.3899506e-02  -3.1246164e-01   1.4344008e-01   1.3771575e-01   1.8210720e-01   2.2244353e-01   2.1032381e-01   2.3292562e-01   4.9736836e-01  -1.5358863e-02  -8.1721373e-02  -3.9670638e-01   6.1409756e-01   2.6731838e-02  -1.9651363e-01   1.9074783e-01   8.2210191e-02   7.8048528e-02   2.7049535e-01   5.6476236e-01   3.6204076e-01   4.7705824e-01   4.5195205e-02  -1.2440216e-01  -2.2480891e-01   5.6993682e-01  -1.7158883e-01  -2.3344223e-02   8.9928073e-02  -3.0620383e-01   2.6841546e-02   3.2752328e-01  -3.7523472e-01   5.2687669e-01  -1.1219134e-03   1.9419595e-01   9.7461171e-03   2.9780445e-01   6.8290564e-02   9.7957203e-02  -3.1102546e-01   1.3976158e-01  -1.9016930e-02   9.5335999e-02   1.6702632e-01   1.0656196e-01   7.1016659e-02   1.5900847e-01  -3.2673837e-01   3.5330573e-02  -1.1855045e-01   1.5811971e-02  -3.8808232e-01   1.6125610e-01  -3.1399648e-01   3.0695207e-01  -1.9191547e-02  -3.1538484e-01   3.1667802e-01   1.3491238e-01   3.7836908e-02   1.9589673e-01   6.6813390e-02   6.0242052e-01   2.8811294e-01   4.5378235e-02   6.1074116e-01   4.1896420e-01   1.1724577e-01   1.9557929e-01  -3.8425245e-01   7.2654218e-02   1.4717692e-01   4.5983566e-01   2.2187364e-01   1.9945619e-01   5.3981959e-02  -2.9350747e-01   4.1943967e-02   2.1082131e-01   2.7774813e-01   3.8519733e-01   3.2899881e-01  -2.9389501e-01  -2.4702015e-01  -6.9129877e-02   1.7262571e-01   1.5309061e-01   2.9906998e-01  -5.0301703e-02   4.2992927e-01   1.6822512e-02   9.4599491e-02   1.3684394e-01  -1.0445988e-01   7.7500915e-02   2.5753956e-01   2.9142628e-01  -3.9187693e-02   2.2382947e-01   3.4242842e-01   1.5879642e-01   1.9759612e-01  -1.6949279e-01   6.0122308e-01   7.9198698e-02   1.4619876e-01   5.5044464e-01  -2.3622317e-01   1.5593556e-01   2.2291133e-01   2.1939002e-01   3.6460864e-01   2.7001215e-01   3.8804207e-01   7.4229506e-02  -3.4164810e-01  -5.3557134e-02   2.7591138e-01   4.3248593e-01  -4.2399684e-02   3.1744441e-01   1.6650930e-01   6.2126095e-01  -4.4252543e-02   6.5789780e-01   4.2735660e-01  -3.1220608e-01   1.8276797e-01   1.7503166e-01   2.9552503e-01  -3.2530712e-01  -3.3905694e-01  -2.5131382e-01   4.9337124e-01   1.1800018e-01   1.2726455e-01   4.1869841e-02   2.8768193e-01
  -4.3841718e-01   6.6377502e-01   4.1039789e-01  -3.0835801e-02   7.0602494e-01  -2.7560548e-01   2.5322374e-01  -1.1292903e-01   4.1456759e-01   3.8327700e-01  -2.5838708e-01   0.0000000e+00   1.5396607e-01  -3.1774463e-01  -3.0498096e-01   3.8886978e-01   6.3448722e-01  -1.7202342e-01  -2.4646420e-01   6.9590814e-01  -2.7130303e-01  -1.3154637e-01  -2.2420232e-01  -2.8030534e-01   1.2845809e-02   5.3163914e-02   5.3034711e-01  -3.9665519e-01   4.1309043e-01  -2.7867864e-01  -4.1202892e-01  -6.5754047e-02   1.9790637e-01   4.4930184e-01   4.0000689e-01   4.6784506e-01   5.3525694e-02   2.6797169e-02   2.2913364e-01   4.7762050e-01   3.1821459e-01  -1.1352445e-01   4.7257454e-01   5.9064711e-02   4.0590157e-01  -4.0605458e-01   2.1424504e-02   2.8172742e-01  -2.2986508e-01   5.7968887e-01  -1.4010278e-01   1.6164730e-02   1.0552960e-01  -5.4814119e-02  -3.1054584e-01   1.0798975e-01  -2.3436182e-01  -2.3232095e-01   4.7351395e-02  -1.3164296e-01  -8.3153168e-03   4.4825706e-01   2.8645228e-01  -4.8032423e-01   2.1435363e-01   8.8210945e-04   2.2168914e-01   2.3526500e-01   2.8186714e-01  -2.4213127e-01   4.6865709e-01  -3.0950364e-01   4.3310380e-01  -4.3853143e-01   1.9955392e-01   6.7198681e-02  -2.1542588e-01   1.0690294e-01   5.2049985e-01   1.6959495e-01  -1.8957931e-01   2.3033484e-01   3.0391770e-01   1.0611003e-01  -3.9140979e-01   9.9169356e-02   1.2653959e-01  -1.9550397e-01   1.5422513e-01  -3.3622367e-01   4.0956907e-01  -1.5833732e-01   6.7016486e-01   2.1673031e-01  -2.5959736e-01   5.9491712e-01   2.2535044e-01   7.3999695e-02   4.9552713e-01  -1.5500304e-01  -4.1121651e-01  -3.1391437e-01  -6.7799671e-02  -2.0046106e-01  -2.4290371e-01   7.8793064e-02   1.8206911e-01   5.3167348e-02  -3.6366034e-02   3.4522963e-01   2.2372807e-01  -3.2149137e-01   2.3189466e-02  -5.0532651e-01  -3.7623509e-01   2.0766342e-01  -9.4094325e-02   2.2589140e-01  -4.3781217e-01   6.5161989e-02  -5.7827427e-01   6.2151828e-01   4.2877393e-01   2.5521381e-01  -5.2779742e-01  -3.4334475e-01   1.2794291e-01   1.4592379e-01  -1.1129905e-01   3.9564912e-01   3.1631352e-01   3.9873574e-01   9.2308953e-02  -1.2472268e-01  -2.3857939e-01  -1.1224166e-03   1.6418644e-01  -3.9197661e-01  -1.9486712e-01  -3.4830384e-01  -1.4325403e-01   3.2741222e-01  -1.2432516e-01  -6.5060167e-02  -2.6442051e-01  -2.6023892e-01   3.8908427e-01   1.3411458e-01   3.0492822e-02  -3.4075072e-01  -6.1463452e-01  -1.6201253e-01  -4.6619176e-01   1.6582450e-01   6.1878598e-01  -2.4941133e-01  -4.8650099e-01  -1.9285413e-01   1.2352209e-02  -2.9553802e-01   3.6508954e-01  -8.6130440e-02   3.8242081e-01  -2.3760850e-01   1.9919208e-02   4.8428814e-01   3.1154009e-01  -1.1852012e-01  -3.0772298e-01   5.9519565e-01   5.6420713e-01  -2.4056972e-01  -2.1823900e-02  -6.5059649e-02   9.2191523e-02  -4.2851050e-02  -1.1584267e-01
  -1.7499652e-01   7.9822140e-02   4.7749656e-01   3.2503414e-01   1.8586151e-01  -1.2537745e-01  -2.3358540e-01   1.2704338e-01   2.4229453e-01  -8.4040329e-02   1.4131064e-01   1.5396607e-01   0.0000000e+00  -1.8338758e-01  -1.4981353e-01   5.4038425e-01   4.4712314e-01   1.3043868e-01   1.1464196e-01   3.1461425e-01  -3.5972763e-02   2.9119858e-01  -1.0521329e-01  -1.7362936e-01   2.7329724e-01   9.7127807e-02   1.6691095e-01  -2.7105121e-01   1.4987391e-01   2.1624921e-02  -2.7973826e-02   3.6038669e-01   2.9480318e-01  -6.0870522e-02  -2.1497128e-01   3.2227375e-01   4.5499263e-02  -8.9177473e-02   5.9277488e-01  -8.4038122e-02   8.5156112e-01   3.3274404e-01   5.3922564e-02   1.5864471e-01   2.3837837e-01   9.3464022e-02   4.1132895e-01  -3.8488345e-02  -4.3671107e-02   1.6002100e-01   2.1330989e-01   1.1402088e-01  -1.0615543e-01   7.8485483e-02   1.1904397e-01   5.8212995e-02  -1.4935311e-01   2.3062100e-01   3.3076220e-01  -2.9058685e-02   3.2840509e-01   3.0530594e-01   1.6611220e-01   3.5785825e-02   3.6415933e-02  -1.2396680e-01   7.9360674e-02   1.6761210e-01   4.0916127e-01  -6.5083299e-02   1.3950882e-02   1.1710558e-01   4.9548752e-01  -1.4569404e-01   2.7754055e-01   3.1509604e-01   2.0430672e-01   1.7595716e-01   8.2441471e-02   3.6316274e-01  -2.7490074e-01   4.5811456e-01   2.1252173e-01   1.1080732e-01  -8.1754770e-02   3.2701811e-01   6.8068963e-02  -2.8784292e-02  -1.5822583e-01  -3.4601237e-01   5.6820198e-02   2.2643151e-01   1.4926747e-01   1.9824846e-01   8.2313958e-02   3.1682075e-01   3.2179282e-01   1.1662160e-01   2.7568556e-01   6.9399705e-02  -2.9530509e-01  -4.4059307e-02   1.1002905e-01  -1.6215000e-01   2.4442228e-01   3.5072089e-01   3.2281256e-01   2.3785979e-01   1.6134338e-01   1.1410545e-02   1.7563538e-01  -1.0720982e-02  -3.7631213e-02  -1.9690214e-01  -3.9259186e-01  -1.0215758e-01   1.5600822e-01   7.0971970e-01  -1.6072706e-01   3.4125020e-01  -6.0276255e-02   2.3609201e-01   3.6470432e-01   1.1021866e-01  -1.9723902e-01  -1.1392850e-01   2.0578285e-02   2.5874214e-01   2.6847170e-01   3.2284362e-02   6.2524948e-01   1.5390300e-01   7.7445017e-02  -1.6000063e-01   1.8573016e-02   2.4308061e-01   2.8227150e-01  -5.0169252e-02   1.4733782e-01  -2.4431936e-01   6.0616360e-03   3.7550148e-01   1.9091065e-01  -2.3006564e-01  -1.7612640e-01   1.0658102e-01  -1.5034264e-01   2.5268735e-02   6.7096172e-02  -1.7754374e-01  -1.7307591e-01   8.2191936e-03  -9.5821215e-03   1.4054139e-01   8.8742318e-02  -2.7391499e-01  -7.6184767e-02   3.2083806e-01   3.4554238e-01  -4.0027765e-02   7.9740064e-02   2.1352758e-01   2.0033761e-01   1.4457285e-01   3.8828483e-01  -1.9320241e-02   1.4657600e-01   8.9710423e-03   3.4489697e-02   8.7429237e-03   1.0243989e-01  -4.9293383e-03   9.7094222e-02  -2.0091973e-01   2.4022487e-01   3.2164077e-01   2.9699313e-01
   3.3002062e-01   1.2684524e-01  -2.3859145e-01  -1.4505195e-01  -3.1281539e-01   5.2094511e-01   1.5819963e-01  -1.8455588e-01  -4.4866359e-01  -1.5415383e-01  -4.0019034e-02  -3.1774463e-01  -1.8338758e-01   0.0000000e+00   1.2699237e-01  -2.6116403e-01  -4.1040198e-01  -5.4824353e-02   3.7734783e-01  -4.1420374e-01  -4.5705974e-03  -2.1612742e-01   3.0938274e-01   3.2259926e-02   8.1355429e-02  -1.2711694e-01  -3.2569588e-01   7.7999815e-02  -3.5734263e-01   2.3385366e-01   3.4869540e-01  -1.6278975e-01  -3.3053864e-01  -1.3359718e-01  -4.0604482e-03  -3.3793140e-01  -9.8449297e-02  -1.7684035e-02  -2.1020051e-01  -1.2698920e-01  -2.7922339e-01  -1.9510122e-01  -3.9269477e-01   5.4434069e-02  -2.1114114e-01  -9.1615423e-03  -1.5110475e-01  -9.8119504e-02   2.8200174e-01  -4.3518824e-01  -5.2412297e-02  -1.7620692e-01  -8.0702040e-02   2.1777414e-01   3.8019403e-01   9.4434795e-02   4.8400144e-01  -2.6435463e-01  -7.1068481e-02   4.5490434e-02  -1.5702984e-01  -1.3767496e-01  -3.9306188e-01   2.1926682e-02  -2.1674723e-01   3.8515613e-02   3.1245328e-01  -2.8614380e-01  -3.5026666e-01   1.0353146e-02  -3.1369475e-01  -3.2656805e-02  -2.8303735e-01   6.4463256e-01  -2.2856246e-01  -5.5024559e-02   1.4886041e-02  -2.6430015e-01  -3.6722689e-01  -1.5342420e-01   3.9047159e-01  -1.3125846e-01   8.4920428e-02  -7.3063120e-02   4.7108931e-01  -6.9851595e-02  -2.9234811e-01   3.8391222e-01   2.2117906e-02   1.2193034e-01  -1.9802856e-01   5.9891662e-02   3.7557449e-02  -1.5017181e-01   2.0140916e-01  -3.1767212e-01  -2.3646494e-01  -1.7420922e-01  -1.6194850e-01   5.5077980e-02   3.6758659e-01   6.2434592e-02   3.5749471e-01   1.5485785e-01  -1.2108226e-01  -2.2800842e-01  -8.0500038e-02  -2.2247848e-01   1.6240917e-01   2.0502557e-01   2.7745834e-01   9.5822975e-02  -1.5578664e-01   1.5693217e-01   2.2724497e-01  -2.6973653e-01  -7.5619410e-02  -1.6955675e-01   3.6344126e-01  -8.7344887e-02   3.1750182e-03  -3.0483477e-01  -4.1871369e-01  -2.0233549e-01   1.1008651e-01   4.9800684e-01   3.4127636e-02  -2.2566128e-01  -2.7341231e-01   4.6549568e-02  -2.0254595e-01  -1.3662984e-01   5.8259257e-01   3.6241603e-01  -2.0427899e-01  -6.0688545e-02  -2.6910737e-01   6.1021469e-01  -1.2819244e-03   2.5313342e-01   4.9600823e-02  -2.2801340e-01  -2.4205886e-01   5.2037486e-01   3.3959066e-01   4.0603725e-01   1.5661890e-01  -2.7885992e-02   2.2714166e-01   1.2711065e-01   2.4143973e-01   3.8142607e-01   1.4577934e-01  -7.9758655e-02  -5.6703798e-02  -7.3822336e-02   9.0402106e-02  -4.4986559e-03  -9.8772119e-02   3.8224680e-01  -3.3982222e-01  -1.7781256e-01  -5.1201085e-03  -1.0992748e-01  -3.4214038e-01  -2.2008876e-01  -2.6897157e-01   2.9318752e-03   1.7776623e-02  -7.2604063e-02  -3.3936647e-01  -7.4970241e-02  -6.1328244e-02   4.8461143e-01   1.4521047e-01   1.8849713e-03  -2.8547373e-01
