   0.0000000e+00  -1.5938034e-01  -2.5555568e-01   1.8303291e-01  -2.0975046e-01   2.2045114e-02  -2.4481380e-01   2.8693408e-01   1.5431779e-01  -3.8478588e-01   2.5670495e-02  -2.4064667e-01  -8.9870319e-02  -9.7321043e-02   2.5790263e-01   1.2680550e-01  -2.9296608e-01  -4.2261496e-02   1.9590535e-01  -1.7158491e-01  -2.7774044e-01   2.1162798e-01  -1.8832726e-01   2.0775531e-01   2.2878734e-01   2.1717878e-01  -1.1116305e-01   4.4129603e-03  -5.6493626e-02   2.3824043e-01  -2.3337644e-01   3.6158122e-02   2.2405207e-01  -3.7463251e-01  -2.2610721e-01  -1.0427839e-01  -4.2900491e-01   4.1335929e-01  -6.3042537e-02  -1.3005874e-01  -1.9727702e-01   1.8661733e-01  -9.4402321e-02   5.3054605e-02  -1.5313912e-02   1.4171116e-01   7.1374740e-02  -1.6530564e-01  -2.3229796e-01  -1.8369816e-01  -4.4926973e-02   2.5626621e-01  -3.5906577e-01   2.4733089e-01   2.9826555e-03   1.5782777e-01   1.6775616e-01   9.5208974e-02   1.3743618e-02   2.7128417e-01   7.1741825e-02  -1.5208684e-01  -1.0387620e-02   3.3907790e-03  -3.4337113e-01   1.5285957e-01  -2.7747419e-02  -7.2162028e-02   1.6546608e-01  -2.6677021e-01  -3.7150296e-01   1.5018143e-01  -2.4545333e-01   6.5840881e-01   1.7623054e-01   1.9983978e-01   1.4372489e-01   9.0621750e-02  -1.3177992e-01   1.0890622e-01  -2.3645938e-02  -3.4550040e-01  -3.9980933e-01   2.4651851e-01   3.3608855e-01   1.1008617e-01  -2.5653284e-01   3.2580939e-01   1.8540650e-01   5.9592701e-01  -1.2874396e-01   6.3246931e-02  -4.2191407e-01   3.3092652e-01   2.9007384e-01  -2.9799358e-01   1.5089778e-01   1.7162611e-01  -2.3002562e-01   5.0843359e-02  -1.1190283e-01   1.8637965e-01   2.7651517e-01  -2.7416728e-02   1.3414252e-01   2.8585515e-02  -2.9935692e-02   1.8540526e-01  -3.1881454e-01  -4.3121074e-01  -3.2471272e-01   3.3916042e-01   6.1927804e-02   6.8039215e-01   5.0348838e-03  -1.7921606e-01  -7.0112048e-02  -4.9569011e-02  -2.1808718e-01   2.8466267e-01   2.5538884e-01   1.6788946e-02   1.1464721e-02  -6.5392002e-02   3.7793558e-01   8.5739548e-02   1.0974147e-01   2.4041214e-01   1.4796369e-01  -3.6255642e-01  -1.4125989e-02  -3.4625977e-01   2.3310016e-01  -3.8572401e-01   6.2249977e-02   3.3522498e-01   1.3010460e-01  -2.8287341e-01   2.0957883e-01   2.1845074e-01   6.3038244e-01  -2.6387040e-01   1.3656221e-01  -4.0497844e-01  -1.6962667e-02  -1.2082543e-01  -4.8112328e-01   7.9281632e-02  -2.5495119e-01  -4.9180235e-01   6.7310850e-01   2.0327940e-02   2.4190791e-01  -2.1910855e-01  -2.9698442e-01   2.0526042e-01   5.1969038e-01   1.0034730e-01   1.7123400e-02   2.1215533e-01   1.0814479e-01   1.1657847e-01  -3.3668517e-01   7.5154851e-02   1.7381028e-01  -4.4428280e-02  -2.0046166e-02   8.5126310e-02   2.5629721e-01  -3.8908352e-01   4.3382875e-02   1.5609003e-01  -4.9649740e-03  -1.4509822e-01   1.7448377e-01   2.4063523e-01   1.9492141e-01
  -1.5938034e-01   0.0000000e+00   2.3780596e-01  -4.8466885e-01   3.4445518e-01  -1.5003918e-01   2.8596216e-01  -1.5271187e-01   4.5173670e-01   4.8860372e-02  -3.9660382e-01   5.8265074e-01  -3.6799094e-01   4.2193688e-01  -3.5794510e-01  -9.4280068e-02   3.6053143e-01  -4.8664905e-01  -1.9347966e-01  -1.7682369e-02   1.1210510e-01  -1.2830911e-01  -1.4458819e-01  -3.4619661e-02  -9.4830319e-02  -3.5660130e-01   3.4821202e-01  -1.3071390e-01   1.4366017e-02   3.4006924e-01   4.9400386e-01  -4.4104534e-01   6.5747105e-02   2.5445037e-01   4.2967939e-01  -8.1949913e-02   5.9589791e-02  -1.7301119e-02   7.4107189e-02   5.1796674e-01  -6.5008913e-02  -3.8541630e-02   3.5152662e-01  -1.3714712e-01  -5.0240146e-01   2.1118278e-02  -5.6416282e-01   7.6557120e-01  -3.7073708e-01   4.5684951e-01  -4.4485425e-01  -4.6758019e-01   7.6961392e-01  -1.6615680e-01   2.1209695e-02  -4.6431878e-01  -2.1444843e-01  -3.8030536e-01  -3.1283262e-01   4.3369692e-01   1.0784721e-01  -2.6358431e-01   4.9779401e-01   2.6249009e-01  -7.6251419e-03  -5.7217880e-01  -1.7492320e-02   2.4473703e-02  -3.7029847e-01   1.3664904e-01   6.9151332e-01  -6.2232365e-01   2.0595431e-01  -2.5915547e-01  -9.3443368e-02  -1.7071181e-01   1.4228078e-01   4.8206143e-02   3.2660585e-01  -2.1099326e-01  -2.2140824e-01   7.9339632e-02   2.4902679e-01  -1.0314406e-01  -4.0431889e-02  -2.4634548e-01   5.7034105e-01  -2.6783908e-01   2.4737569e-01  -1.9268820e-01   4.0176153e-01   1.1242558e-01   2.3391784e-01   1.8533163e-01  -2.5631500e-04   2.6799197e-02  -3.2510060e-01   1.7918518e-02  -1.7719654e-01  -5.4851205e-01   1.0779758e-01  -3.1473888e-01  -3.6931758e-01   6.7944426e-01  -5.7910428e-01  -3.3669291e-01   1.5913775e-01  -3.5297832e-02  -1.5188156e-01   3.0818022e-01  -8.0726460e-02  -4.4632499e-01  -3.9207784e-01  -6.0906034e-02  -3.6221748e-01   5.0838007e-01  -2.5225664e-01  -2.0814873e-01   8.7997938e-02  -5.3981218e-01   6.0042804e-02   2.0904657e-01   1.2093404e-01   4.0095368e-01  -9.2468056e-02  -2.9920765e-01  -2.6436990e-01  -3.7295059e-02  -5.9144216e-01   5.9396680e-01   1.3322494e-01  -1.3067206e-02  -3.6346124e-05   4.2224706e-01  -2.4142657e-01  -3.4834728e-01  -9.7826285e-02   5.5312253e-01  -5.0030966e-01  -5.5789342e-02  -6.5984240e-02  -1.1081055e-01  -3.1781779e-01   2.3314895e-01  -3.4011756e-01  -9.8191716e-02   2.5886183e-01  -3.3272841e-01  -2.7546420e-01  -8.4478735e-02  -8.8766068e-02   1.1436106e-01  -3.7750877e-02   1.8380360e-01   6.7848780e-01   1.0463748e-01  -5.4872938e-02  -4.8007022e-01   1.4561371e-01  -4.2990579e-01  -3.1273568e-01  -2.9820846e-01   1.9831241e-01  -4.8532552e-01  -2.5518120e-01   3.8654235e-01  -1.5704878e-01  -1.7341163e-01  -1.5436749e-01   4.5475881e-01   1.4890793e-01   1.9158196e-01  -3.7390638e-01   2.9630712e-01  -1.5756487e-02   1.5018122e-02  -6.1460301e-02
  -2.5555568e-01   2.3780596e-01   0.0000000e+00  -3.9641425e-01  -2.5011424e-01   1.5237882e-01   3.6384790e-01  -2.4808549e-01  -2.6280939e-01   1.2549501e-01  -3.2214364e-01   4.3518148e-01  -3.2363552e-01   7.2912130e-02  -4.0805491e-01   6.0057352e-02   9.3961092e-01  -3.4574245e-01   7.3412202e-03  -1.6809861e-01  -6.9767687e-02  -5.2305520e-03   8.7146838e-02  -5.9053574e-02  -2.0672082e-01  -1.7632954e-01   3.3031360e-01   9.5572922e-02  -2.1845368e-01  -1.1024137e-01   2.1094694e-01  -5.5475167e-02   2.7777507e-01   2.1060965e-01   3.7917120e-01  -2.2900334e-01  -3.4550986e-02   4.1216621e-02   6.6755048e-02   4.0177630e-01  -1.1040408e-01   3.3706522e-01  -7.5113207e-02  -4.1392900e-01  -3.4397466e-01   5.8729531e-01  -3.5957189e-01   3.9817549e-01  -2.1492070e-01   7.0134188e-01  -2.2933291e-01  -4.8010200e-01   1.8546169e-01   3.8892376e-01  -2.0137405e-01  -5.4188464e-01   2.8158112e-02  -1.4358214e-01  -7.9292069e-02  -2.3241759e-01   6.3256983e-01  -2.1356057e-01  -1.6943355e-01   8.2893488e-02  -1.1678022e-01  -4.7264636e-01   2.1206890e-01  -3.4312937e-01  -3.2974369e-01   8.0494921e-01   5.7195578e-01  -4.6150768e-01   1.3550985e-01  -3.3490094e-02   1.9533539e-02  -1.6281008e-01   5.8156764e-01   5.8756345e-03  -2.6220549e-01  -1.5672950e-01   1.8508244e-01  -6.4691843e-02   4.5239842e-01  -2.7500911e-01   2.4748128e-01  -1.7675773e-01   2.9759972e-01  -5.3252524e-01  -3.0057778e-01  -1.9257106e-01  -2.5289052e-01   7.3048834e-01   4.2267089e-01  -4.5868893e-01   2.5477724e-01   5.1569021e-02  -3.9719307e-01  -1.9745632e-01  -1.7985076e-01  -4.5337472e-01   3.5748437e-01  -3.3250899e-01  -3.7267778e-01   1.2299621e-01  -3.4416770e-01  -1.2484264e-01   6.5319307e-01  -1.0019743e-01   8.3616908e-02   2.8225029e-01   2.9923914e-01  -4.0827134e-01  -5.5853034e-01  -9.6553671e-02   2.1998258e-01  -1.7715173e-01  -2.5931620e-01  -2.3421639e-01   4.3990670e-01  -3.5355477e-01   3.2753716e-01  -3.8427346e-01   1.1817693e-01  -1.1122031e-01   2.8051388e-01  -8.8821048e-02  -3.2119902e-01   9.8372171e-02  -2.5920838e-01   6.9856322e-01   9.6519307e-02   1.9830657e-02  -8.2754064e-02   5.0017092e-01  -4.7038693e-01  -3.9559586e-01  -5.4856428e-02   5.1609955e-01  -3.6436483e-01  -1.9136475e-01  -1.3559385e-01  -3.2355414e-01  -2.3290308e-01   6.3758441e-01  -1.1809495e-01  -2.1679898e-01   7.8420167e-01  -5.7755243e-01   1.7508969e-02   6.8286643e-03  -1.6317304e-02   4.4269565e-02   4.1922203e-01   1.7130054e-01   5.6722317e-01  -1.5162692e-01   7.6716097e-02  -1.5476238e-01   7.0450763e-01  -2.8288368e-01  -4.1647273e-01  -3.5702246e-01   3.8458694e-01  -4.7672177e-01  -8.6828096e-02  -1.1113762e-01  -1.8533034e-01  -6.4295733e-03   3.4812423e-01   3.3898396e-01  -2.7891952e-01   2.2838704e-01  -4.1353188e-01   4.9847004e-01  -4.1451305e-01   2.2898620e-01   7.6757864e-04
   1.8303291e-01  -4.8466885e-01  -3.9641425e-01   0.0000000e+00  -2.8291816e-01   3.0610077e-01  -5.6142725e-01   4.6561404e-01  -2.9079616e-01  -4.1775684e-01   5.2677065e-01  -6.5099247e-01   6.1452210e-02  -3.2095070e-02   3.3935717e-01  -8.9729680e-02  -4.9620962e-01   4.5922847e-01   3.9362686e-01  -1.7821161e-01  -3.2334795e-02   5.1959109e-01  -2.3022752e-01  -4.4423899e-02   1.1390850e-01   6.5730182e-01  -2.2911268e-01  -2.3291726e-02  -1.4729766e-01   2.4188553e-01  -3.2709996e-01   5.2134414e-01  -1.0637048e-01  -5.2129722e-01  -5.5776797e-01  -9.3382611e-02  -3.6277819e-01  -2.8618625e-02  -6.6845253e-02  -3.8774443e-01  -1.6643562e-01  -2.2460585e-02  -1.4921175e-01   3.8882996e-01   3.0263614e-01  -8.2029940e-02   6.2260655e-01  -5.3959659e-01   1.7798919e-01  -5.4968665e-01   2.8065735e-01   6.2995583e-01  -5.9420230e-01  -2.8504900e-02   3.5556535e-01   5.2381432e-01   4.2320571e-01   5.6061824e-01   4.4975382e-01  -4.8031563e-02  -1.6697796e-01   2.7903654e-02  -1.5484156e-01  -2.2063003e-01   1.3238493e-01   3.4786840e-01   2.7970143e-01   8.3886356e-02   6.1823917e-01  -3.2438417e-01  -5.7008172e-01   7.0334843e-01  -3.7510420e-01   2.6476077e-01  -3.4917346e-02   4.5980744e-01  -1.4065921e-01   1.2135115e-01  -2.3003588e-01   4.9640585e-01  -3.8081712e-02  -1.8024289e-01  -3.2510485e-01   3.9029217e-01   9.5636072e-02   3.7640859e-01  -1.7923388e-01   2.6225027e-01  -4.7739007e-02   4.2639962e-02  -2.2985278e-01  -3.7593576e-01  -6.1960156e-01   9.5808035e-02  -1.4025321e-01  -3.6900524e-01   4.9330639e-01   4.8805434e-01   5.7061546e-02   1.7125754e-01  -1.1493614e-01   3.3677179e-01   6.9828745e-01  -2.6943791e-01   5.8900199e-01   6.9647960e-01  -4.0090522e-01   4.5716123e-01  -3.4310185e-01  -4.6441452e-01  -2.9773345e-01   6.1634160e-01   6.5413758e-01  -7.1036090e-02   9.3030217e-02  -3.8006299e-01   3.4068453e-01  -2.7930378e-01  -9.8951051e-02   7.2188360e-01  -4.2476194e-02  -1.8009247e-01  -2.6272764e-01  -1.8082385e-01   1.5545265e-03   2.7875897e-01   1.8568023e-01  -1.6672964e-01   7.1481495e-01  -6.0257831e-01  -2.7210731e-01  -5.2957393e-02   3.6590955e-01  -5.3063956e-01   3.9981488e-01   5.2796724e-01  -1.0564305e-01  -4.8288970e-01   6.7340877e-01  -1.0840759e-01   8.9122805e-02  -4.2629235e-02   4.9342585e-01  -4.3273719e-01   7.8585326e-02   4.0138807e-01  -5.7242749e-01   1.9732975e-01  -1.6622639e-01  -6.5428524e-02   1.7413529e-01   1.0922462e-01  -1.0077940e-01  -1.7007750e-01  -6.5761455e-01  -1.5332297e-02   6.0384590e-02   3.7043889e-01  -2.9836688e-01   3.4672836e-01   2.5000410e-01   4.8467310e-01  -4.6345112e-01   6.9439871e-01   6.6332709e-01  -3.9568091e-01   1.4224836e-01   2.9764717e-01   2.0001812e-01  -4.1937810e-01  -3.3924335e-01  -2.1284015e-01   5.4609991e-01  -5.7865764e-02   2.4752504e-01  -1.5005847e-01   4.4916767e-01
  -2.0975046e-01   3.4445518e-01  -2.5011424e-01  -2.8291816e-01   0.0000000e+00  -2.8395209e-01   1.3470686e-01  -3.5420556e-01   3.8074252e-01   4.3071865e-01  -1.6978885e-01   3.3714175e-01   2.3349376e-01  -1.1939295e-01  -6.6051866e-02  -3.6940816e-02  -6.4859833e-02  -3.8915421e-03  -3.8255353e-01   8.0343765e-01   1.1542994e-01  -3.4212181e-01   1.5269947e-01  -3.3966521e-01   2.0652561e-01  -4.7041192e-01   2.9506873e-01  -3.8455785e-01   3.8671886e-01  -1.6894377e-01   7.0271116e-02  -2.9991643e-01  -8.5727939e-02   5.0719084e-01   3.0191913e-01   6.1678091e-01   3.4896066e-01  -1.7011094e-01   8.9558216e-02   2.7430858e-01   2.8803445e-01  -1.3193722e-02   4.2582597e-01   2.0614045e-02   1.1290257e-01  -4.2066767e-01  -6.1371003e-02   2.9128528e-01   1.4020409e-01   1.1161018e-01   1.2909633e-01  -3.4232015e-01   5.6681407e-01  -1.2723615e-01  -1.6122252e-01  -9.6595497e-02  -3.7387791e-01  -4.1343353e-01  -7.8358030e-02   1.8632085e-01  -3.3396643e-01   3.6687782e-01   5.0145040e-01  -1.8118841e-01   1.0894998e-01  -8.5022179e-02  -8.8770058e-02   5.4602044e-01  -1.7264640e-01  -1.3158562e-01   1.8650160e-01  -3.4359030e-02   3.4225227e-01  -3.3963615e-01   2.1570079e-01  -2.5964963e-01  -3.1323982e-01  -6.9131856e-02   7.8142904e-01   6.3324483e-02  -4.1447713e-01   5.5064262e-01  -1.4683592e-01  -3.6558614e-01  -3.1893657e-01  -2.0297920e-01   5.0532213e-02  -3.0203796e-01   3.6986652e-01  -2.8733214e-02   8.2807716e-01  -1.6975721e-01   3.1835498e-01   2.4254298e-01  -1.2821060e-01   6.7168498e-01   1.6785331e-01  -2.3590812e-01   3.6593896e-01   1.1252835e-01  -3.7008828e-01  -8.8537775e-02  -3.4454289e-01   2.5018514e-01  -1.9161587e-01  -4.0445893e-01   3.7211712e-02  -1.7347175e-01   2.5544278e-01   3.5605882e-01  -1.4159650e-02  -3.0514506e-01   1.7668144e-01   3.3366985e-03  -5.6272734e-01   7.4721744e-01  -1.1676313e-02   3.0947023e-01  -4.1244780e-01  -2.1378500e-01  -3.7075703e-01   8.5595982e-01   3.6318833e-01   3.6005369e-01  -2.7629838e-01  -4.7850721e-01   1.4605095e-01   2.3666319e-01  -5.0055079e-01   1.9098973e-01   2.5407697e-02   1.3057966e-01  -3.0897526e-01   1.8606414e-01   2.4208219e-01  -2.5669897e-01   2.7345339e-01   3.7890883e-02  -2.9435479e-01  -1.4425027e-01  -2.6672124e-01   1.7723638e-01  -1.2549472e-01  -1.6234946e-01  -3.1028238e-02  -2.4938949e-01  -2.5231813e-02   2.6845334e-01   7.6819428e-02   5.8857344e-02  -3.4521284e-01  -2.7879609e-01  -2.9988066e-01   2.7013130e-03   3.5023892e-01   6.6987946e-03  -3.0591785e-01  -1.9696120e-01  -1.6945961e-01  -3.6350482e-01   2.9690540e-01  -1.2184385e-01   2.2739898e-01  -1.3023106e-01  -3.5947922e-01   6.7286905e-01   1.7494374e-01  -3.1502762e-01  -2.5586158e-01   4.4172652e-01   7.3875606e-01  -2.3218659e-01  -2.2277961e-02  -2.1020388e-01   2.8501142e-01  -1.6879361e-02  -3.0737681e-01
   2.2045114e-02  -1.5003918e-01   1.5237882e-01   3.0610077e-01  -2.8395209e-01   0.0000000e+00   1.7180780e-01   3.3417006e-01  -2.8699200e-01   9.2785589e-03   1.5365506e-01   8.2449022e-03  -4.0200504e-01  -1.1430657e-01   3.7794462e-01   2.2854154e-01  -2.3168210e-02   1.2753273e-01   6.7283429e-01  -2.4163568e-01   1.6063221e-01   1.8713862e-01   7.8513410e-02  -2.7165615e-01  -1.7382401e-01   4.8894810e-01   2.0014013e-01   9.8976385e-04  -2.6752135e-01   1.5966166e-01  -1.9688129e-01   1.8037517e-01   7.4378431e-02   3.6838611e-03  -4.3473538e-02  -1.4202530e-01  -1.9797782e-01  -1.4219942e-01   1.4021351e-01   6.1674025e-02  -3.7497091e-01   6.4495317e-02  -1.2795969e-01  -2.0656660e-01   5.5247297e-02  -8.2375889e-02   4.0024234e-01  -1.5923242e-02   1.7429893e-02  -8.8912068e-04   9.6730558e-02   2.9895111e-01  -3.8335101e-01   1.5074312e-01   5.0372278e-02   2.6783599e-02   5.7009426e-01   1.0485914e-01   6.1821340e-02  -7.4335612e-02  -9.1972458e-02  -2.0068471e-01  -3.7502552e-01  -3.4363197e-01  -1.5980172e-01   4.0785107e-01   7.5065326e-01  -2.1612939e-01   5.3507319e-01   2.6322689e-01  -2.0938551e-01   1.9777785e-01  -4.9205582e-01   3.0676186e-02  -2.5761624e-01   1.4127759e-01  -2.2768949e-01   3.2161502e-03  -8.8970383e-02  -1.3120770e-01   4.1911574e-01  -2.8931779e-01  -5.8459360e-02   2.4958120e-01   1.0848764e-01   1.5259310e-01  -7.0301700e-02   4.3030476e-02   1.1906444e-02  -1.5533798e-01  -2.1101161e-01   3.3939567e-02  -8.3121440e-04  -2.1634865e-01  -3.0474837e-01  -2.2593127e-01  -9.0392848e-02   3.1956710e-01  -3.2359370e-01   1.9750843e-02   1.1411801e-01   3.4977602e-01   4.8524955e-01  -3.0284649e-01   2.4930851e-01   3.4074623e-01  -7.2334908e-03   4.8859734e-01  -3.1588403e-01   1.1687715e-02   3.1007885e-01   4.7064778e-01  -1.1065402e-02  -2.2340732e-01   3.9441079e-01  -3.8138547e-01   4.6859603e-02  -4.5136301e-01   3.9476460e-01   3.7697866e-01  -1.9904345e-01  -1.3658176e-01  -1.4337545e-01  -1.7882901e-01  -1.9372360e-01   5.0329953e-01   1.0225425e-01  -3.2984256e-01   2.6367709e-01  -1.1988209e-01  -1.6816406e-01   6.5368341e-02   3.9738382e-01  -1.5497117e-01  -1.8686637e-01   3.1415980e-01  -2.7675476e-01  -7.5959575e-02   4.7224271e-01  -1.7077364e-01  -1.2472400e-01  -4.6668138e-01   3.7222184e-01   2.8043616e-01   2.9210995e-01   5.0808987e-02   1.6483232e-01   2.5984294e-02   2.8286536e-01  -7.1020592e-02   5.7433677e-02   2.6155603e-01   3.0031052e-01  -2.4815003e-01  -1.1365517e-01  -3.5559789e-01  -1.6285996e-01   4.6324726e-02   1.3715841e-02   4.5921931e-01  -1.6215564e-01   1.8952986e-01  -8.4203769e-02   2.3927156e-01   4.0063814e-01  -2.0105542e-01   2.1827573e-01   5.9146555e-01   3.6406648e-01  -2.4416913e-01  -2.2089135e-01  -2.5080237e-01  -6.8572209e-02   6.7853569e-01  -1.1174142e-01  -1.3096138e-01   1.8609857e-01
  -2.4481380e-01   2.8596216e-01   3.6384790e-01  -5.6142725e-01   1.3470686e-01   1.7180780e-01   0.0000000e+00  -2.1742584e-01   8.4603495e-02   5.9778190e-01  -4.3497753e-01   5.1803307e-01  -2.5135991e-01  -1.5900627e-01  -1.6422561e-01   1.5487947e-01   3.5640967e-01  -3.4709458e-01  -1.7549259e-01   1.6904052e-01   2.4816951e-01  -2.3141069e-01   5.7048732e-01  -2.5623289e-01  -1.9696174e-01  -3.3384618e-01   5.0271408e-01   1.4131653e-01   3.3792687e-02  -1.6641883e-01   2.9901754e-01  -2.2354397e-01   8.8351730e-02   7.6382139e-01   7.1121090e-01   4.2778767e-02   1.8974239e-01  -2.4620035e-02  -1.6682536e-02   4.6316448e-01  -7.9194965e-03   1.3170388e-01   1.7994249e-01  -3.9405008e-01  -1.2167575e-01  -3.0311718e-02  -4.3107030e-01   5.4619790e-01  -2.2240149e-01   3.9177137e-01  -2.4853516e-01  -4.4784063e-01   3.8550864e-01  -1.2003048e-01  -3.8933664e-01  -4.2591835e-01  -1.9953645e-01  -2.9754412e-01  -4.0784109e-01   4.9951733e-02   9.3158008e-02  -8.2322836e-02  -1.3313860e-01  -8.7109833e-02  -2.7113864e-01  -1.1241956e-01   7.6617422e-02  -7.2340698e-02  -3.9486752e-01   3.9759666e-01   4.1743669e-01  -4.7056771e-01   9.6827834e-02  -3.6517088e-01  -1.3442572e-01  -2.1403381e-01  -3.9309021e-02  -1.7320348e-01   2.5072700e-01  -4.7147424e-01   4.5040996e-01   1.4369719e-01   3.0125258e-01  -2.3686163e-01  -1.8970931e-01  -1.0274400e-01   2.3523284e-01  -1.6304468e-01   3.0202807e-02  -8.2975340e-02  -4.9162662e-02   2.2621365e-01   7.1017281e-01  -1.5777760e-01   3.9579759e-02   1.9911903e-01  -4.0261997e-01  -3.7872355e-01  -1.9673826e-01   1.8367745e-02   1.0449333e-01  -8.1583353e-02  -4.7465252e-01   1.1417581e-01  -3.9789003e-01  -2.4520119e-01   1.9325552e-01  -2.3671863e-01   1.5719182e-01   5.0209725e-01   6.3054009e-01  -4.2408209e-01  -3.9803398e-01  -1.0522706e-01   1.0524870e-01   2.7888717e-01  -1.5539985e-01  -3.2988559e-02   1.2542533e-01  -3.8966719e-01  -1.8165787e-01   3.0509651e-02   2.3502155e-02   1.6158242e-02  -1.5039733e-01  -6.9574177e-02  -1.0418783e-01  -8.6427168e-02  -3.4481315e-01   4.2696961e-01   6.7887273e-02   4.2390896e-01  -2.6287424e-01   4.7845054e-01  -4.0823629e-01  -1.9853553e-01  -1.7388999e-01   5.1712485e-01  -3.3412084e-01  -6.7834839e-03  -2.7798025e-01  -2.1662571e-01  -1.9744495e-01   5.3265634e-01   2.9740425e-01  -2.5733180e-01   5.9788532e-01  -3.4099347e-01   2.9458851e-01   1.1229614e-01  -2.8198310e-01   2.0869653e-01  -1.6487143e-02   8.9770879e-02   4.7515944e-01  -2.6361680e-01  -1.8249843e-01  -3.1371710e-01   1.6129810e-01   8.4405577e-02  -2.3196488e-01  -3.3815219e-01   3.6920221e-01  -5.3278181e-01  -3.1612896e-01   3.4934072e-01   7.2368579e-02  -1.7853297e-01  -1.3352183e-01   3.1920750e-01   3.7433718e-01   8.0178705e-02  -4.4313171e-01   1.9896593e-01  -3.0863191e-01  -3.6293832e-02  -2.3975915e-01
   2.8693408e-01  -1.5271187e-01  -2.4808549e-01   4.6561404e-01  -3.5420556e-01   3.3417006e-01  -2.1742584e-01   0.0000000e+00  -2.0764245e-01  -3.6617185e-01   4.4839537e-01  -3.3674981e-01  -1.7414225e-01   1.7504624e-01   4.2116936e-01   1.7202068e-02  -3.1439666e-01   1.3790041e-01   4.1640695e-01  -4.2102805e-01   1.8234291e-01   4.9692309e-01   2.9101776e-02  -1.2767523e-01  -2.2682484e-02   6.4007725e-01  -1.8034025e-01   1.8786745e-01  -1.6913973e-01   2.6651054e-01  -6.3364839e-02   3.4856903e-01  -9.9029710e-02  -2.1548434e-01  -2.7210301e-01  -3.2276020e-01  -3.7898677e-01   1.2598311e-02  -5.3178190e-02  -2.9991590e-01  -3.0753658e-01  -1.0468708e-01  -2.2354304e-01   4.9417479e-01   2.1539290e-01  -2.6933247e-04   3.5332093e-01  -1.6687697e-01  -8.7465880e-02  -4.5336078e-01  -1.0236493e-01   6.6946616e-01  -3.6368802e-01  -8.7116335e-02   2.7019163e-01   5.2562791e-01   3.2709060e-01   4.0291345e-01   2.3390874e-01   1.0255399e-01  -1.4397441e-01  -2.5558532e-01  -2.6301491e-01  -4.5012923e-03   8.1245109e-03   2.1222566e-01   2.4844329e-01  -1.8022491e-01   5.2342389e-01  -2.8402390e-01  -3.2966594e-01   2.9609745e-01  -4.6325075e-01   3.2228794e-01  -2.7718942e-01   4.2997757e-01  -1.2881792e-01   2.8298273e-01  -2.6242930e-01   7.8412990e-02   2.2107942e-01  -2.7964875e-01  -1.8138421e-01   7.2615081e-01   1.5544717e-01   2.9612478e-01  -9.9749289e-03   3.2293677e-01  -3.9507634e-02   3.9185347e-02  -3.6102073e-01  -1.7649850e-01  -4.3200479e-01  -2.3977749e-02  -5.8162317e-02  -5.1494702e-01   1.5005075e-01   5.1083129e-01  -2.9829395e-01   9.9587029e-02   1.3093978e-01   5.3426350e-01   6.6836380e-01  -2.7825421e-01   4.5606345e-01   5.1710382e-01  -3.5086436e-01   5.1909567e-01  -4.2635568e-01  -2.7890347e-01  -6.6488996e-02   4.9810916e-01   1.4576557e-01   3.9538708e-02   2.9753362e-01  -3.5460937e-01   3.3233765e-01  -4.0306827e-01   1.1084760e-01   4.0905422e-01  -9.9292044e-03  -2.2278505e-01  -3.4059040e-01  -2.2564739e-01   7.0257459e-02   5.3595011e-01   2.1859099e-01  -4.0578527e-01   4.4608639e-01  -3.5529774e-01  -8.4455850e-02   4.9454669e-02   4.3397997e-01  -3.2811253e-01   5.0128168e-02   6.2682191e-01  -4.0306402e-01  -2.1626978e-01   5.7432634e-01   2.4113349e-03   1.8675479e-01  -1.2459219e-01   5.1359010e-01  -2.6233747e-01   2.4073630e-01   4.8894834e-01  -3.4913660e-01  -4.5633695e-02  -2.5531514e-01  -1.3386234e-01   2.2174025e-01   4.9317433e-01  -3.1451548e-02  -2.5157855e-01  -3.5163628e-01  -7.4479148e-02   1.7286149e-01   2.0854330e-01  -2.1443123e-01   4.1342242e-01  -4.2965259e-02   5.1893547e-01  -5.2368291e-01   4.1255514e-01   5.1132653e-01  -1.7392209e-01   1.9678071e-01   3.1161305e-01   2.0835615e-01  -3.1876839e-01  -2.7082636e-01  -1.6264313e-01   2.6470014e-01   9.9622825e-02   5.7728633e-02  -8.6316071e-02   4.1531382e-01
   1.5431779e-01   4.5173670e-01  -2.6280939e-01  -2.9079616e-01   3.8074252e-01  -2.8699200e-01   8.4603495e-02  -2.0764245e-01   0.0000000e+00  -6.5876178e-02  -1.6507720e-01   5.7620167e-02  -5.0563729e-02   1.8390052e-01   6.1241422e-03   1.4870608e-02  -1.4971867e-01  -2.9526225e-01  -1.2005946e-01   6.8049076e-02  -9.2998429e-02  -1.4514035e-01  -9.0850653e-02   4.4531169e-02   8.3332311e-02  -3.3431039e-01   9.7122516e-02   5.5494824e-02   7.2467879e-02   2.0061978e-01   2.7318790e-01  -3.3886269e-01   2.4909777e-01   8.2149496e-02   2.3245236e-01   1.0889716e-01   5.8768039e-03  -2.4483219e-01   7.9856384e-02   2.2872038e-01   5.0689814e-02   5.1208601e-03   2.3308653e-02  -8.0545381e-02  -2.3775438e-01  -2.6088668e-01  -2.7495776e-01   2.8154686e-01  -2.6926242e-01   1.0186255e-01  -1.9511843e-01  -1.3418670e-01   4.5862879e-01  -2.8981019e-01   2.2848688e-02  -2.7264247e-01  -1.5840600e-01  -1.8152754e-01  -2.6902369e-02   2.0716722e-01  -2.0547272e-01  -4.0453433e-02   4.3876016e-01   2.7589279e-01  -3.0576106e-02  -1.1240522e-01  -3.1686814e-01   1.0804604e-02  -7.7826821e-02  -3.3651722e-01   1.6496680e-01  -2.8062279e-01   3.0569709e-02  -2.1145476e-02  -4.8682238e-02  -1.3996282e-02  -2.4326789e-01  -5.8004678e-02   3.4648384e-01  -2.5345413e-01  -7.6259441e-02  -5.9999109e-02  -1.1083865e-01  -1.6059859e-01  -2.1472441e-01   5.9491448e-02   1.3625377e-01   4.6359703e-02   4.6471626e-01   3.9910651e-02   4.1742961e-01  -3.8486132e-02  -2.3896030e-02   3.7754385e-01  -1.8564860e-01  -6.9900989e-02  -2.6166162e-01   7.2265927e-02  -1.0863653e-01  -1.4703527e-01  -1.5744535e-01  -1.1296588e-01  -2.3509338e-01   6.4703486e-01  -2.9588653e-01  -2.4504557e-01  -4.5978420e-02  -7.6979367e-02   8.5338914e-03   4.5069930e-03  -1.2201067e-01  -1.8033770e-01  -2.3463812e-01   1.1230085e-01  -2.6279991e-01   5.8647632e-01  -2.4640481e-01   4.5941098e-02  -2.4092510e-01  -8.5485010e-02  -1.6893835e-01   3.3732353e-01  -9.0583639e-02   3.9802132e-01  -1.4967447e-01  -3.3603475e-01  -1.9590749e-01   2.3909038e-02  -2.6215592e-01   1.9349515e-02   1.1545252e-01  -3.6553707e-02  -2.4886405e-01   7.6775356e-02  -4.2523653e-02  -6.4217279e-02   5.8668084e-02   1.2437266e-01  -2.0110474e-01   1.4284550e-01   2.0841202e-02   6.3876685e-02  -1.5425486e-01  -1.2875654e-01  -1.0059742e-01  -2.0476055e-01  -1.1931343e-01   1.9561924e-01  -1.2309114e-01  -1.7155116e-01  -2.6965022e-04  -1.1144608e-01  -3.4051905e-03   1.6804507e-01   2.1438058e-01  -4.8431749e-02  -1.9314544e-01  -7.7081241e-02  -2.1532769e-01  -1.3360615e-01  -3.0405305e-02  -7.9216720e-02  -1.2076937e-03  -2.2625686e-01  -2.4960996e-01   3.9907276e-01  -2.2486848e-01  -2.4042066e-01  -2.8520365e-01   1.2317510e-01   3.3057114e-01  -1.9273657e-01  -1.9577365e-01  -2.5516986e-01   1.8236194e-01   7.9806264e-02   9.7761869e-02
  -3.8478588e-01   4.8860372e-02   1.2549501e-01  -4.1775684e-01   4.3071865e-01   9.2785589e-03   5.9778190e-01  -3.6617185e-01  -6.5876178e-02   0.0000000e+00  -2.8393153e-01   3.4983086e-01   1.2644315e-01  -3.0364419e-01  -6.1004778e-02   1.3422961e-01   1.8277600e-01  -1.5207433e-02  -2.4604499e-01   5.5931759e-01   2.6769513e-01  -3.9071595e-01   6.5525964e-01  -2.0324159e-01  -1.1946385e-01  -3.2908940e-01   1.4644440e-01  -4.1029310e-02   2.9967419e-01  -3.7342942e-01   1.4475444e-01  -1.6114585e-01  -1.1504994e-01   6.9029504e-01   4.9501778e-01   3.3165416e-01   5.2004789e-01  -1.2386076e-01   1.9207932e-02   4.5483711e-02   2.7077910e-01   1.1345996e-02   2.0550966e-01  -2.3740156e-01   2.8319062e-01  -2.2595605e-01  -1.3875177e-01   1.5710493e-01   1.3434760e-01   9.1760889e-02   1.6298817e-01  -3.9108549e-01   2.7493780e-01  -1.2384974e-02  -4.1811422e-01  -1.6950970e-01  -3.2122601e-01  -2.5387474e-01  -6.4919089e-02  -1.9512860e-01  -1.3150700e-01   3.2883198e-01  -6.4848843e-02  -2.0893319e-01   2.2782552e-02   1.3358525e-01  -8.8757137e-02   2.3398202e-01  -2.7975112e-01   2.2136368e-01   1.6858498e-01  -1.4047580e-01   2.5560920e-01  -4.5582823e-01  -1.0277700e-02  -3.5108013e-01  -1.9810780e-01  -8.9053617e-02   4.0591337e-01  -2.7717006e-01   1.7484275e-01   4.2099323e-01   2.1962172e-01  -3.9775043e-01  -2.5626328e-01  -2.1241958e-01   1.0070293e-02  -2.5587962e-01   3.7315222e-02  -1.8308616e-01   1.5197177e-01   5.9015194e-02   6.4623652e-01  -1.4344225e-01   2.3077384e-02   5.9108068e-01  -1.7200594e-02  -4.0227841e-01   2.5299128e-01   3.4905930e-01  -5.5712951e-02  -2.1795980e-02  -4.1346131e-01  -1.0285271e-01  -1.2601723e-01  -3.1143004e-01   9.6422512e-02  -3.4365792e-01   4.7906912e-01   5.1774365e-01   6.6183715e-01  -3.5573908e-01  -8.8337323e-02  -2.2662214e-01   7.7052796e-02   2.4689696e-01   4.1869854e-02   3.6953723e-01   5.0617482e-02  -2.2882472e-01  -3.3992065e-01   3.0617776e-01   2.0271639e-01   4.4732379e-02  -3.3743366e-01  -4.5937839e-02   2.0090671e-01  -1.5400689e-01  -3.4284456e-01   1.9492820e-01   1.0120393e-02   4.1493889e-01  -3.7770463e-01   3.4647062e-01  -2.8614611e-02  -2.9788318e-01   3.5475456e-02   1.6023428e-01  -2.1427630e-01  -1.0376427e-01  -3.3863647e-01  -1.2791136e-02  -8.7091623e-02   3.4341672e-01   3.8387262e-01  -1.8611917e-01   4.7616578e-01  -8.7795864e-04   5.6378632e-01   4.1872653e-01  -4.7769571e-01  -1.6584985e-01  -3.1586586e-02   1.0803548e-01   2.1182535e-01  -1.9814615e-01  -2.8147095e-01  -4.1140787e-03   2.9356110e-03  -8.0357011e-03   1.4692233e-01  -1.8662721e-01   4.3367912e-01  -2.9632253e-01  -3.3170905e-01   3.1342394e-01   3.3673649e-01  -2.1533433e-01  -1.4292543e-01   2.9462635e-01   4.5869389e-01  -4.8447446e-03  -1.6785345e-01   4.4618457e-02  -9.8626349e-02  -1.7403693e-01  -4.5803021e-01
   2.5670495e-02  -3.9660382e-01  -3.2214364e-01   5.2677065e-01  -1.6978885e-01   1.5365506e-01  -4.3497753e-01   4.4839537e-01  -1.6507720e-01  -2.8393153e-01   0.0000000e+00  -5.5258147e-01   1.7616556e-01  -1.0012276e-01   5.2898378e-01  -8.0494707e-02  -4.2397406e-01   5.2919057e-01   1.6803037e-01  -1.1729228e-01  -1.0877298e-01   4.7498043e-01  -9.5578026e-02  -1.9311581e-01   1.5440340e-01   5.2097280e-01  -1.8318857e-01  -2.2017769e-02  -4.4339074e-02   2.5591693e-01  -1.9751332e-01   5.2200199e-01  -1.3839668e-01  -3.0115583e-01  -4.6435927e-01   1.1396286e-01  -1.9434490e-01  -2.5329359e-01  -6.3032990e-02  -3.1677850e-01  -1.0501225e-01   2.0181609e-02  -2.0695730e-01   5.2087152e-01   3.3867887e-01   3.5426924e-02   6.8590899e-01  -4.6077047e-01   1.2922415e-01  -4.9851491e-01   3.8926183e-01   6.4274689e-01  -3.7593607e-01  -8.5080893e-02   3.2191271e-01   6.1909577e-01   3.1023473e-01   5.1276512e-01   3.9278635e-01  -1.3097975e-02  -9.6749063e-02   9.0401951e-02  -1.8036976e-01   6.7161860e-02   2.0487202e-01   4.3980587e-01   4.8484678e-02   1.0012672e-01   5.1113194e-01  -2.7989086e-01  -5.3478773e-01   5.9308402e-01  -2.9181620e-01   2.8704089e-01  -1.8053341e-01   4.1436935e-01  -1.4367340e-01   2.7633805e-01  -1.5388275e-01   2.8194688e-01  -9.3570883e-03  -1.2173563e-01  -2.1579621e-01   3.0245055e-01  -7.8352225e-02   3.7395204e-01  -2.0858145e-01   2.5978545e-01  -3.8526687e-03   5.0423265e-02  -1.7421266e-01  -2.1387497e-01  -3.8784332e-01   1.7544425e-01  -1.5367413e-01  -1.5004548e-01   3.6674852e-01   4.6054415e-01   2.4792752e-02   3.0552237e-01  -2.0093684e-01   6.3714378e-01   5.3418053e-01  -2.5647494e-01   6.0241003e-01   5.5810746e-01  -3.7272063e-01   5.4894179e-01  -2.4159688e-01  -3.3466592e-01  -1.8808698e-01   5.5445179e-01   4.4373312e-01  -1.5097131e-01   5.5378956e-02  -1.8759052e-01   5.3628262e-01  -1.0271349e-01  -1.7298076e-01   5.6550839e-01  -1.1776467e-01  -9.2078692e-02  -3.3277211e-01   5.9337440e-02   1.6223047e-01   2.1741737e-01   3.7594832e-01  -2.5872190e-01   5.7354118e-01  -4.4198334e-01  -2.1834002e-02   2.1994890e-01   1.2725052e-01  -4.2120231e-01   2.5918522e-01   2.9084759e-01  -1.7280045e-01  -4.2252939e-01   5.8167981e-01  -1.9027306e-01  -6.3180875e-02   3.4413063e-03   6.8673832e-01  -3.8085522e-01   1.2257089e-01   4.1881431e-01  -4.9626592e-01   3.7001499e-01   1.7716449e-02  -6.1126245e-02   9.7944384e-02  -2.4498042e-02  -6.0610132e-02   1.8254698e-01  -4.4161651e-01  -6.8863770e-02   1.3956975e-02   4.1567101e-01  -2.5982592e-01   3.1115044e-01   2.0126405e-01   6.6753587e-01  -3.8647404e-01   6.9476444e-01   5.8158280e-01  -1.5704678e-01   3.6452787e-01   1.7144485e-01   9.9937457e-02  -3.2795937e-01  -1.3078452e-01  -3.6674757e-01   6.5233534e-01  -1.9738873e-01   2.7015877e-01  -1.4196843e-01   3.9584087e-01
  -2.4064667e-01   5.8265074e-01   4.3518148e-01  -6.5099247e-01   3.3714175e-01   8.2449022e-03   5.1803307e-01  -3.3674981e-01   5.7620167e-02   3.4983086e-01  -5.5258147e-01   0.0000000e+00  -2.5773610e-01  -4.8359391e-02  -4.0175003e-01  -1.1526487e-01   5.1146283e-01  -5.2531508e-01  -2.3330441e-01   1.8822320e-01  -1.7132565e-01  -3.8370906e-01   1.5529277e-02  -4.4685360e-02  -1.6148899e-01  -4.6476278e-01   3.7449659e-01  -1.5099146e-01   5.9001612e-02  -1.7594304e-01   8.1768591e-02  -4.8453140e-01  -7.1426106e-02   5.0237126e-01   5.1241211e-01  -3.6317210e-02   1.7078286e-01   9.9964798e-02   7.6472113e-03   5.7641570e-01  -1.6071396e-01  -1.7101123e-02   5.1163689e-01  -2.1898254e-01  -4.3018675e-01  -7.0446897e-02  -6.0136515e-01   5.3115272e-01  -2.3575196e-01   5.4046598e-01  -3.7942308e-01  -5.4739828e-01   4.8413260e-01   7.6428899e-02  -2.5929551e-01  -4.3753075e-01  -1.1292486e-01  -5.9818189e-01  -4.9871519e-01   3.3070669e-01   7.7451190e-02  -1.7496055e-01   2.4127409e-01  -6.9930526e-02  -3.6945139e-01  -5.4441112e-01   5.0379293e-02  -2.0991036e-02  -5.0774579e-01   5.0756661e-01   5.5847336e-01  -6.0951355e-01   2.1635275e-01  -3.2020952e-01   1.1071074e-01  -4.2756089e-01   1.2730314e-01  -1.5853130e-01   3.0923937e-01  -2.4535278e-01  -1.6984066e-01   2.9515774e-01   8.9206337e-02  -3.1089266e-01  -8.4720473e-02  -4.4789270e-01   1.5296879e-01  -3.2246308e-01   5.2629015e-02  -1.5920832e-02   2.7702418e-01   2.1013175e-01   5.9024015e-01   1.6131061e-02  -6.0047838e-03   3.0340471e-01  -2.8781855e-01  -3.3159669e-01  -1.9428876e-01  -3.7846560e-01  -1.7627917e-02  -3.6933304e-01  -4.8906115e-01   1.8110104e-01  -5.8656036e-01  -5.4567166e-01   3.1630061e-01  -2.8719024e-01   5.8173699e-02   3.7125753e-01   1.3783650e-01  -5.3887091e-01  -4.4623593e-01  -9.7649291e-03  -2.5007383e-01   2.5880851e-01  -1.7688945e-01  -7.9510219e-02   1.4411444e-01  -6.6141738e-01   6.7424296e-02   2.1042892e-01   2.5854074e-01  -1.4955704e-02  -1.3767689e-01  -2.7963595e-01  -2.6945578e-01   1.7184193e-01  -6.9605700e-01   7.1353620e-01   5.1550304e-02  -1.1112074e-01  -2.1803219e-01   3.6031944e-01  -2.6492636e-01  -4.5392133e-01   1.1327684e-01   4.2771208e-01  -6.0969083e-01   1.3017640e-01  -4.0255190e-02  -2.0029362e-01  -4.8963211e-01   5.4489172e-01  -2.3184117e-01  -4.6154044e-01   5.9623696e-01  -4.4511980e-01  -2.4881518e-02  -1.4707104e-01  -1.6331756e-01  -1.3688559e-01   4.2296543e-02  -2.5131406e-02   7.9871304e-01   1.2918550e-01   2.9851182e-02  -4.8807111e-01   3.1397938e-01  -4.6928070e-01  -3.4203909e-01  -3.9043840e-01   3.0298135e-01  -6.1349534e-01  -4.8839846e-01   5.3697862e-01  -1.1242366e-01  -1.3299851e-01  -8.5210485e-02   3.5461400e-01   2.9705834e-01   2.1414116e-01  -5.9076844e-01   4.4545636e-01  -1.8639912e-01  -1.6849586e-03  -4.6241213e-01
  -8.9870319e-02  -3.6799094e-01  -3.2363552e-01   6.1452210e-02   2.3349376e-01  -4.0200504e-01  -2.5135991e-01  -1.7414225e-01  -5.0563729e-02   1.2644315e-01   1.7616556e-01  -2.5773610e-01   0.0000000e+00  -3.1327557e-01  -3.7560769e-02   1.6530281e-02  -2.6904686e-01   4.3328241e-01  -2.6298815e-01   4.1766156e-01  -1.0740309e-01  -9.2966068e-02   2.5723983e-02  -1.1576354e-01   2.7339502e-01  -2.3225547e-01  -1.6086244e-01  -1.3278753e-01   4.8488550e-01  -3.0832126e-01  -1.4107940e-01   2.3190562e-01  -1.4968297e-01   6.0335374e-03  -2.2026999e-01   3.9367540e-01   4.7195296e-01  -2.2421860e-02   1.5214489e-01  -2.7692552e-01   6.6212254e-01  -8.1315612e-02  -1.9822629e-02   1.3578069e-01   5.2805768e-01  -1.3208230e-01   2.3043431e-01  -4.4094380e-01   5.7030732e-01  -3.8585137e-01   5.2679070e-01   4.3594164e-02  -8.2596858e-02  -1.1397944e-01  -2.0679530e-01   2.1504506e-01  -2.0761579e-01   1.5322736e-01   2.2136134e-01  -1.5624717e-01  -1.8289733e-01   7.2167772e-01   1.7707901e-01  -6.7003812e-02   4.0701787e-01   1.9382583e-01  -4.0499474e-01   3.6190394e-01  -5.1041643e-02  -3.3398696e-01  -3.2076552e-01   4.1808709e-01   3.2981784e-01  -1.5320231e-01   2.6835206e-01  -3.9362177e-02  -1.3069453e-01  -1.4721646e-01   1.3791248e-01   3.4929352e-01  -2.1701725e-01   2.7102401e-01  -1.9930420e-01  -7.2454360e-02  -1.9774018e-01   2.3265254e-02  -3.0816230e-01  -2.1873704e-02   1.5986014e-01   1.5551638e-01   1.4839796e-01  -9.7180842e-02  -3.8238828e-02   6.1318501e-02   1.8251531e-01   3.9269930e-01   5.2000310e-01  -1.6945904e-01   7.1138043e-01   5.6347179e-01  -4.8866030e-01   2.4913842e-02  -1.1758026e-01  -1.8772458e-01   3.6088692e-01  -4.2035197e-02  -1.4540225e-01  -2.2438291e-01   6.0356326e-01  -1.4946994e-01  -9.7206388e-02  -1.6986028e-02   3.5744173e-01   1.5865503e-01  -2.5889679e-01   7.5665565e-02   2.6836319e-02   6.4203545e-01  -5.4067277e-01   1.6824181e-01  -2.6124524e-01   1.8039126e-01   3.2502094e-01   6.3013729e-02   6.1155610e-02  -2.0060493e-01   4.0406104e-01   2.3359999e-01   1.0562231e-01  -3.0223909e-01   2.4263353e-01   1.1012355e-01  -3.7486936e-01  -1.3194542e-01   3.3810649e-01   2.7090421e-02   3.3806405e-01  -3.7496696e-01   5.2509859e-02  -6.5668243e-02  -2.1581934e-01   6.5947506e-01   4.3590913e-02  -3.7343909e-01   5.3055329e-02   2.5287515e-02  -2.9805260e-01   2.7943161e-01   1.5140744e-01   2.8409004e-01  -2.0750781e-01  -2.8984229e-01  -2.6841258e-01  -2.6600442e-02  -2.7851509e-01   6.9568034e-02  -9.3943126e-02   3.2957467e-01  -2.6397586e-01   4.0348719e-02   4.6041951e-01   6.6057938e-02  -1.3978871e-01   3.1068526e-01  -3.7053789e-02  -5.6257264e-02   7.4006683e-02  -3.5050406e-01  -3.1920938e-01   3.1715430e-02   1.7454590e-01  -1.4502151e-01   3.6250099e-01  -5.6509524e-01   2.5953361e-01  -1.2088901e-01  -9.4238964e-02
  -9.7321043e-02   4.2193688e-01   7.2912130e-02  -3.2095070e-02  -1.1939295e-01  -1.1430657e-01  -1.5900627e-01   1.7504624e-01   1.8390052e-01  -3.0364419e-01  -1.0012276e-01  -4.8359391e-02  -3.1327557e-01   0.0000000e+00  -2.7446793e-01  -7.7447168e-02   1.3945549e-01  -2.9328125e-01   7.6083824e-02  -4.3896548e-01   3.3792925e-01   3.6763950e-02  -1.2488963e-01   2.5696438e-01  -1.3501632e-01   5.5095995e-02   1.7915015e-03   2.9413223e-01  -2.2905195e-01   1.1624132e-01   5.0295031e-01  -2.3773414e-01   1.5993167e-01  -1.6317772e-01   3.7687717e-02  -2.9592752e-01  -1.1813022e-01  -1.1938929e-01   1.1182330e-01   1.8032581e-02   7.1294479e-04  -4.6173028e-04  -1.3790718e-01   2.5175610e-02  -3.5834786e-01   2.6980634e-02  -1.9311188e-01   3.4908994e-01  -3.0218571e-01   2.1661082e-01  -3.5079912e-01  -1.3374919e-01   2.7763864e-01  -1.1495808e-01   4.9745725e-01  -1.7955172e-01  -1.4061896e-01  -9.9136425e-02   1.1520988e-01  -5.5040956e-02   1.1049375e-01  -4.0273973e-01   9.8017917e-02   3.3026112e-01   2.4356594e-01  -3.4382531e-01   7.4497035e-02  -2.7982590e-01   9.2623433e-02  -1.1780531e-01   5.1689922e-01  -4.0166862e-01   1.7171671e-01  -1.1717897e-01  -2.8228804e-01  -2.3515093e-02   1.1533556e-01   1.1543549e-02  -1.2268431e-01   3.1433675e-04  -9.0414577e-03  -1.4593004e-01   4.3155430e-01   2.4626255e-01   1.1676707e-01  -1.6377375e-01   7.1633336e-01   3.2735110e-02  -2.0338932e-01  -2.4725057e-01   3.1003254e-02  -3.7179205e-02  -1.7667778e-01  -1.9508276e-01  -1.3540116e-01  -4.3672012e-01  -2.2041501e-01   2.4384429e-01  -1.8285351e-01  -4.5101028e-01   6.5517002e-01  -2.7918688e-01   6.0694230e-04   4.1386162e-01  -2.9398514e-01  -6.8815176e-02   1.5314131e-02   4.7440866e-03  -2.3967099e-01   1.6063293e-01  -1.9055544e-01  -2.0713426e-01  -2.4402284e-01  -2.0444012e-01   7.7853512e-02   1.6397738e-01  -2.5544964e-01  -1.6184448e-01   4.7755627e-01  -1.7246706e-01   2.6471252e-01  -2.0122235e-01  -2.5826467e-01   7.2250600e-03  -3.9604658e-02   5.4548573e-02  -3.5817120e-01  -1.8858942e-01  -2.3126669e-01   2.0003934e-01   1.3219058e-01   3.7081004e-02   3.1295510e-01   3.0271936e-01  -2.3520522e-01  -7.2389376e-02  -1.9161363e-01   4.2437072e-01  -1.4615853e-01  -8.5377061e-02  -3.4773454e-02  -3.9241619e-02  -1.0209698e-01   1.3192276e-01  -1.8856139e-01   4.1506707e-01   5.2653237e-02  -2.0974915e-01  -3.7677074e-01   1.7472045e-01   3.4280895e-02   4.9789298e-01  -2.4383231e-04   1.7384449e-01   1.2322245e-01   7.9337287e-02  -8.0183424e-02  -1.3408151e-01   4.1054306e-02  -2.0781567e-01  -2.5332933e-01  -3.9779573e-02   5.2723401e-02  -2.0398669e-01  -7.3990412e-02  -1.5241654e-01  -3.5056702e-01   2.0096848e-01   2.9885789e-02   2.8574609e-01  -3.1437197e-01   1.9283038e-01  -1.8892112e-01   1.6762528e-01  -1.6716240e-02   1.0203108e-01   9.4672332e-02
