   0.0000000e+00  -2.3788117e-01  -4.3808231e-01   1.1196316e-01  -2.2690628e-01   4.2597177e-02  -1.7864449e-01   6.1360630e-03  -3.7459358e-01  -3.6543392e-01  -8.0045967e-02  -4.9478788e-01  -2.0579280e-01   3.7269075e-01  -1.3526387e-01  -1.4676036e-01  -4.1960749e-01  -8.2993622e-02  -9.9193069e-02  -3.2913860e-01   4.8451835e-03  -4.5634979e-02  -4.0381707e-02   7.1224807e-01   1.3684526e-01   1.2070510e-01  -1.0493426e-01   5.9290809e-01   1.8868037e-02  -1.5628594e-01  -9.0155852e-02  -1.6763191e-02  -3.0513361e-02  -2.3590877e-01  -3.7691836e-01  -2.3464826e-01  -3.0379331e-01   4.2051978e-01  -2.2123038e-01  -1.9135362e-01  -2.1900320e-01  -9.0786474e-02  -6.7102482e-02   2.8901111e-01   2.2256057e-02   3.7965084e-01  -3.7576494e-03  -1.3971267e-01  -2.7554247e-01  -3.2270855e-01   2.1652154e-02   4.9102150e-02  -1.9394991e-01  -5.0021882e-02   3.9549785e-01   2.5918354e-01   1.0477860e-01   1.0974839e-02  -1.1872484e-01  -4.1083991e-01   1.5395681e-01  -2.2052958e-01  -3.0239944e-01  -2.5684725e-01  -4.8775489e-02   7.3979119e-02  -5.0217065e-02   1.9108127e-01   7.7003858e-02   2.6492417e-01  -3.2871129e-02   3.8005667e-02  -2.5826623e-01   5.4983225e-01   3.2181999e-02  -2.1598883e-01   1.7700409e-01   6.4254689e-02  -3.3303123e-01  -2.0121678e-01   4.1821216e-01  -2.1862888e-01  -3.1025538e-01  -6.9896108e-02  -1.9508628e-01  -6.3941635e-02  -4.3435106e-01   5.6743373e-01  -1.3739174e-01   7.1342157e-01  -1.5926558e-01  -1.1348511e-01  -4.4510107e-01  -1.6081845e-01   4.8490952e-01  -3.1137512e-01   1.6547572e-01   3.4678516e-02  -1.4008506e-01  -2.9892274e-02  -1.3587841e-01   2.4953060e-01   2.3150768e-01  -1.8930284e-01   6.5440472e-02  -8.0095527e-02  -1.8020364e-01   3.8597395e-03  -3.5975715e-01  -1.9616932e-01  -4.1894439e-01   3.8655634e-02   5.0897776e-02   7.7166605e-01  -2.2395723e-01  -1.8519544e-01   9.9824646e-03  -1.5787978e-01   7.6927893e-01   2.7441306e-02   5.9760352e-01  -2.2037975e-01  -3.0813611e-01  -2.8195700e-01   4.9637281e-01   2.1139866e-01  -2.2335985e-01  -2.9743883e-01  -1.2670361e-01  -1.4371683e-01  -2.5404172e-01  -4.9714487e-01   3.7133427e-02  -3.1761132e-01  -4.0779893e-01   1.1498280e-01  -2.7612302e-01   3.2159686e-01   1.1926870e-01   6.2320585e-01   7.4734958e-01  -4.8978064e-02   1.3247997e-01  -6.0078833e-02  -2.2275648e-01  -3.3697004e-02  -4.0211871e-01  -1.0786623e-01  -5.3568432e-02  -2.8962975e-01  -1.4061901e-02   9.4517102e-02   2.7240847e-01  -4.5878049e-02  -3.9657165e-01   6.2547124e-01   6.0051830e-01  -1.4069452e-01   2.5828265e-02   2.5116215e-01   7.4075849e-03   1.0263171e-01  -3.1039382e-01  -1.0630768e-01  -8.3064545e-02  -2.3412038e-01  -1.0682139e-01   7.5660683e-01   6.0880333e-01  -2.4037984e-01  -2.6628980e-01   3.7329571e-01  -2.2444883e-01  -2.9245834e-01   1.1578509e-01  -7.6386595e-02  -8.1055003e-02
  -2.3788117e-01   0.0000000e+00   3.9158101e-01  -9.9755320e-03   5.7252672e-01  -7.5897520e-02   1.7775897e-01  -1.0173464e-01   5.7241044e-01  -2.9828838e-02  -1.1757481e-01   6.5548777e-01   1.3926718e-01  -3.9604548e-01   9.9210481e-02  -4.8683339e-02   4.4235291e-01  -3.2195117e-01   8.0495942e-02   3.7198578e-01  -3.1366307e-01   1.8870836e-02  -4.4550739e-01  -2.9111150e-01  -1.7439068e-01   4.0907648e-02   4.1434832e-02  -3.0566189e-01   2.2473807e-01  -1.2578985e-01   1.2984153e-02  -8.8420747e-02  -2.0073634e-01   4.8045371e-01   4.0278841e-01  -8.4353423e-03   4.6510279e-01  -2.8310813e-01   6.5625578e-02   4.1588701e-01   1.7956869e-01  -1.5702323e-01   5.0257783e-01  -3.7303145e-01   9.5093518e-03  -7.9379906e-02  -2.5897622e-01   1.0689111e-01   2.5462436e-02   2.4604793e-01  -3.6110931e-01  -1.2045376e-01   7.0787237e-01   6.4909361e-02   1.0717952e-02  -2.3564195e-01  -4.2008836e-02  -1.3373235e-01  -2.7435309e-02   5.9341115e-01   5.3124528e-02  -7.1713086e-02   5.3801196e-01   6.0622374e-01  -1.7434994e-01  -5.7748229e-02  -1.6573568e-02   6.2054076e-02  -5.7603816e-02  -2.5565199e-01   6.8932731e-01  -2.2894193e-01   4.6396809e-01  -7.3144468e-02  -2.4230145e-02  -2.0169781e-02  -8.6736251e-02   4.0922758e-02   7.0077120e-01  -6.2121907e-02  -3.9758948e-01   3.5219223e-01   3.3094272e-01   9.3279714e-02   4.2723854e-01  -1.9044102e-01   2.8823611e-01  -3.3723687e-01   5.3822008e-01  -1.8241709e-01   5.9689238e-01   3.6061553e-02   5.7457450e-01   4.0513327e-01  -3.1447178e-01   2.7224984e-01  -1.6231218e-01  -1.1278443e-02   1.3637218e-01  -4.0386866e-01   9.5440450e-02  -2.8485666e-01  -3.4059936e-01   4.9300983e-01  -3.0204262e-01   1.2170033e-01   2.4209987e-01   6.7880337e-02   2.8446619e-01   3.8385119e-01   2.4832318e-01  -3.4432435e-01  -1.5422720e-01  -1.2772000e-01  -4.1045610e-02   7.1718561e-01  -2.8461495e-01   1.8872812e-01  -3.3219567e-01  -3.1685882e-01  -3.2442057e-01   5.8249668e-01   4.4274456e-01  -9.7978156e-02  -3.6701668e-01  -2.5481150e-01   5.9424802e-02  -2.8323104e-02  -3.7479376e-02   1.9876109e-01   3.5071529e-02   2.2390105e-01   5.0619031e-01   1.2210659e-01   4.2270541e-01  -1.4489711e-01   1.3858469e-01  -2.7440893e-01  -1.8540201e-01  -1.6205934e-01  -1.9357603e-01   1.4002045e-02  -9.0084554e-02   3.8909145e-02  -1.5222969e-01  -2.1829816e-01   4.4911384e-01   2.7861344e-01   5.7218166e-02   1.3574841e-01   5.8436704e-02  -2.7145440e-01  -4.5455311e-02   3.5824824e-01   7.2203526e-01  -2.9191868e-01  -1.2597835e-01   3.5407280e-02   1.4686195e-02  -3.4561432e-01   1.0770439e-01  -3.7521095e-02   2.3522414e-01  -8.7315147e-03   3.5887827e-02   5.2246748e-01   3.2395507e-01  -5.4606473e-02   5.9146540e-02   5.3829637e-01   6.9583559e-01  -4.1374789e-01   3.3480223e-02   3.0342033e-01  -3.4458109e-02  -3.4215513e-03   5.8507847e-02
  -4.3808231e-01   3.9158101e-01   0.0000000e+00  -1.5281669e-01   1.4916424e-01  -7.4883180e-02  -9.9927305e-02  -3.4500073e-02   2.1643866e-01   1.7391687e-01   9.1235793e-02   8.1232425e-01   6.8756349e-02  -2.3390522e-01   3.9802324e-01  -1.1120794e-01   9.2532644e-01   4.3051600e-02   2.7757416e-01   1.9199066e-01  -4.8495109e-01  -1.6628770e-01  -1.6944285e-01  -1.9329572e-01  -1.9656486e-01  -6.0969643e-02  -3.6595664e-01  -2.2109758e-01  -3.0423363e-01  -3.5802426e-01   9.3214982e-02  -2.6725094e-01  -6.9960419e-02   6.3214647e-02   2.9568492e-01  -1.8669849e-01   4.4507733e-01  -2.0378359e-02  -9.0069837e-02   3.3188110e-01   3.8785393e-03   2.0464074e-01  -8.6842873e-02  -8.2551629e-02  -3.6167288e-01  -1.8376473e-02  -3.3966004e-01  -1.9245661e-01   5.4559999e-02   7.3612070e-01  -2.8947882e-01  -1.2522789e-01   2.2618475e-01   5.1593660e-01   1.3760612e-01   1.2920195e-01  -3.0684798e-02  -2.3913176e-01  -1.2299573e-01   5.0654027e-01   3.3136252e-01   2.1103427e-01   3.6980054e-01   1.7727283e-01  -4.0253233e-01  -4.3586126e-01   1.5968032e-01  -1.9746730e-01  -2.2569580e-01   4.0944772e-01   1.3939219e-01  -2.9087483e-01   1.1923911e-01   5.1851511e-02  -4.5936657e-02  -1.1112284e-01   3.1470062e-01  -6.2770201e-02   1.4138319e-01   5.6805721e-02  -3.6892833e-01   1.4645074e-01   4.9550958e-01   1.5457380e-01   7.2195799e-01  -2.4088290e-01   9.9775165e-02  -1.4651250e-01   5.0748645e-02  -1.5191654e-01   6.7270056e-02   6.4524655e-01   7.1523365e-01  -1.9484865e-01   2.6499325e-02   1.9821549e-01  -2.9000241e-01   5.9659786e-02   2.8199120e-02  -3.9482533e-01   5.3301285e-01  -1.0929599e-01  -2.7784155e-01   2.1384586e-02  -4.1387478e-01   5.0813442e-02   7.3611046e-01  -1.0415470e-01   5.1662175e-01   1.3985931e-01   5.7712444e-01  -3.7690611e-01  -2.7929823e-01  -8.3477484e-02   4.5964823e-01  -2.4102782e-02  -9.0741453e-02  -1.5260120e-01  -2.7651220e-01  -2.9114566e-01  -1.2582887e-01   2.0590289e-01   4.8356234e-01   5.1181819e-02  -1.9295597e-01  -3.1927558e-01   2.5592708e-02   3.7522583e-01  -1.0934541e-01   6.8730997e-01  -1.5528161e-01   2.5254954e-01   1.8385342e-01   2.0416324e-01   3.9607059e-01  -2.5017927e-01   4.8602507e-01  -1.3127191e-01  -1.3978848e-01  -8.3739896e-02  -1.8412426e-01   1.8887959e-02  -1.7323471e-01   4.6859292e-01   3.8979288e-01  -2.1478933e-01   5.9877148e-01  -1.7797484e-01  -8.1736834e-02   2.7985794e-01   6.8663591e-01  -3.4838131e-02   3.8715663e-01   9.9180861e-02   6.5223397e-01  -1.8174614e-01  -6.8845251e-02  -9.3710041e-02   4.4673784e-01  -4.0385989e-01  -1.5535769e-01   5.1158442e-02   9.0232880e-02  -8.1128015e-02  -8.5034528e-02   1.0966211e-01   9.3597826e-02  -3.2283667e-01   6.9443365e-02   2.6308779e-01   1.5460324e-01   5.5190557e-02  -2.1392605e-01   4.1017615e-01  -8.9078668e-02   3.7507586e-01   2.7107850e-02
   1.1196316e-01  -9.9755320e-03  -1.5281669e-01   0.0000000e+00  -3.0957518e-02   4.8752484e-01  -2.1805698e-01   4.0423156e-01   1.5735961e-01  -1.6222062e-01   4.5266828e-01  -1.2234509e-01   1.4812151e-01   1.0981460e-01   1.4053652e-01   4.0147795e-02  -1.1683157e-01   2.9085906e-01   4.1103565e-01  -1.1937134e-01   2.6254554e-01   5.9305185e-01   1.9767128e-01  -8.4635244e-02   3.1998534e-01   2.8629688e-01  -8.6021003e-02  -3.5903694e-02   1.3478438e-01   2.8965677e-01   9.1999915e-03   5.2505309e-01  -2.1183315e-01   1.4418578e-01   7.3103191e-03   1.0870957e-01  -3.2450892e-01  -9.7071794e-02   7.5324764e-02   1.0252466e-01   1.7375169e-01  -1.9863206e-01  -6.6300693e-02   3.1445200e-01   4.3964649e-01   4.9277838e-02   3.5665159e-01  -8.5967161e-02  -9.6910282e-02  -1.7137529e-01   5.5957651e-01   4.2269802e-01   2.5682951e-02  -9.3919334e-03  -6.2824030e-02   7.3607369e-02   2.5541620e-01   5.9224189e-01   4.2806219e-01   7.9059075e-02   1.0048391e-01   1.0745274e-01   2.6494715e-01   1.8820865e-01   2.8708962e-01   4.5350134e-02   4.8387583e-01   2.8673738e-01   6.0955587e-01  -1.1925757e-01  -2.4849235e-01   6.0174869e-01  -1.1687610e-01   7.2079352e-02   2.3014034e-01   1.6138027e-01   2.8911946e-03   5.1989500e-01  -2.9160350e-02   2.8566914e-01  -6.1434525e-02   6.9043002e-02  -1.9806388e-01   2.3738767e-01  -2.0939014e-01   1.4780338e-01   3.4428678e-02  -2.1390103e-01   6.0642581e-02  -9.6908001e-02  -5.2837311e-02   2.6029968e-02  -5.4199713e-02   2.9286228e-01  -2.8011360e-02  -2.8520631e-02   5.8260028e-01   3.4054626e-01   5.6712511e-01  -1.0843626e-02  -4.2151374e-01   1.2817072e-01   1.3463630e-01   4.1174018e-01   4.9427503e-01   4.7874147e-01  -1.1554896e-01   5.5057842e-01  -1.8715345e-01  -2.2978884e-01  -1.2483208e-01   4.5174120e-01   7.1176650e-01  -1.0177288e-01  -1.6845899e-01  -1.4048450e-01  -1.9609951e-02  -1.9642688e-01  -1.8031832e-01   5.5324565e-01  -8.7469501e-02   1.6338383e-02  -9.5605639e-02  -1.6025223e-01  -3.4013864e-02   6.9186456e-02   8.2650629e-02  -1.1034181e-01   5.7600941e-01  -3.1234885e-01  -1.3750074e-01  -6.8087034e-02   2.2635859e-01  -2.6026679e-01   2.1382113e-01   3.5597630e-01   6.8597231e-02  -3.6007566e-01   4.0707725e-01   5.0229431e-02  -5.4886612e-03   3.5309419e-02   4.3046466e-01  -2.8361208e-02  -1.9356954e-02  -3.7304609e-02  -2.4440229e-01   2.0944057e-01   1.0303071e-01  -2.2791705e-01  -7.2420115e-02   1.2484734e-01   6.9216603e-03   8.0533337e-02  -2.1470600e-01  -1.2226376e-01  -2.5584139e-02   4.4653911e-01  -1.2858902e-02   2.5934158e-01   2.7315998e-01   3.6955465e-01   2.4553521e-02   5.8752842e-01   6.2526763e-01  -8.0414471e-02  -1.1461324e-02   9.0602261e-02  -7.8535597e-02  -2.4213324e-01  -8.6005697e-03  -1.5784245e-01   5.8688412e-01   1.9655374e-02   2.8864150e-01  -2.4026651e-01   6.0847810e-01
  -2.2690628e-01   5.7252672e-01   1.4916424e-01  -3.0957518e-02   0.0000000e+00  -2.1766118e-01   2.3838901e-01  -1.8371346e-01   3.0601795e-01   9.7630386e-02  -2.8680023e-01   3.9814330e-01   2.5703105e-01  -3.0362395e-01  -1.1257538e-01   8.4000879e-03   2.6937486e-01  -5.1219782e-01  -7.1410880e-02   8.4014553e-01  -2.1818251e-01  -1.7839838e-01  -3.0176518e-01  -2.7333889e-01   5.3842619e-02  -1.9272134e-01   2.6141903e-01  -3.9509324e-01   3.4577552e-01  -2.3649471e-01  -2.1906711e-01  -2.3018984e-01  -2.6159599e-01   2.9377373e-01   3.3219163e-01   2.3518099e-01   3.0828294e-01  -3.6662909e-01   8.1870729e-02   4.9795304e-01   2.4715783e-01  -1.3797675e-01   5.1595731e-01  -3.1229315e-01   7.8316690e-02  -2.9416164e-01  -1.1815087e-01   1.5982138e-01   5.5137839e-02   1.1748795e-01  -5.2544187e-01  -7.3747645e-02   5.3401691e-01   1.2028885e-01  -7.1349120e-02  -9.3257893e-02  -2.4368770e-01  -1.7728246e-01  -1.7218391e-01   1.9584823e-01  -8.3826366e-02  -3.3456600e-02   4.5591949e-01   2.8502972e-01  -4.1745319e-02  -1.0488352e-02  -4.2630897e-02   1.9025314e-01  -1.3951281e-01  -3.8948210e-01   5.6822064e-01  -3.4650962e-01   5.0576912e-01  -2.0317028e-01   1.1474247e-01  -2.8770339e-02  -1.2346061e-01  -2.0030253e-01   6.6276353e-01  -5.7319788e-03  -2.4166061e-01   4.4234240e-01   1.6400594e-01  -3.1234583e-01   3.2057082e-01  -1.9311401e-01   4.3409752e-02  -2.8978030e-01   4.3974071e-01  -2.4259704e-01   7.6505835e-01  -1.7145314e-01   4.9461018e-01   4.5690909e-01  -4.0908407e-01   8.3920895e-01  -1.1022001e-01  -2.3919887e-01   2.5322428e-01  -8.4209176e-02   5.0169763e-02  -3.0015984e-01  -8.1737121e-02   3.5960298e-01  -4.1795272e-01  -9.5295842e-02   1.1049789e-01  -1.3392067e-01   3.0764436e-01   5.1165419e-01   2.8272565e-01  -3.4474799e-01  -1.0562584e-01  -2.4599485e-01  -4.8431566e-02   6.4322629e-01  -8.2772743e-02   3.3722490e-01  -4.3387893e-01  -3.7275305e-01  -4.0621309e-01   8.9028993e-01   3.5754523e-01  -1.6942048e-01  -4.2683339e-01   1.1410760e-02  -3.8417136e-02   1.7454794e-01  -1.8704559e-01  -1.2284883e-01   8.5633355e-02   1.1401893e-01   2.1391993e-01   3.6697715e-03   2.6057815e-01  -1.5164716e-01   7.2135331e-02  -1.5263252e-01  -2.6180917e-01  -3.1294842e-01  -2.9316046e-01   9.4342263e-02  -2.3631853e-01  -2.1485005e-01  -1.9921514e-01  -1.5769286e-01   5.4488253e-01   2.8371944e-01   1.6572732e-01   1.4131484e-01  -6.2408919e-02  -2.3678493e-01  -1.9448590e-01   2.8465140e-01   5.4066924e-01  -3.8624918e-01  -3.1203936e-01  -4.7667359e-02  -1.1938808e-01  -2.0331411e-01   1.7122367e-01  -2.0126449e-01   3.6889300e-01  -2.9308535e-01  -1.0657353e-01   6.5007795e-01   2.4801942e-01  -2.3170364e-01  -1.0816999e-01   5.0695159e-01   6.1663574e-01  -5.5194060e-01  -5.7739196e-02  -5.1236936e-02  -6.1355972e-03   2.8355863e-02  -1.3519349e-01
   4.2597177e-02  -7.5897520e-02  -7.4883180e-02   4.8752484e-01  -2.1766118e-01   0.0000000e+00  -1.9255871e-01   4.6415418e-01  -3.4498594e-02  -2.5927121e-01   5.9366732e-01  -1.4879948e-01  -1.8927656e-02   1.7030465e-01  -6.4485532e-02  -1.1621103e-01  -2.9203599e-02   3.5821851e-01   5.6238703e-01  -3.7035819e-01   5.7988031e-01   5.1873592e-01   2.3526867e-01  -2.2224195e-01   1.9805880e-01   5.3178173e-01   1.5321675e-01   2.6109928e-02   5.0929512e-02   5.6773523e-01  -1.0696873e-01   2.9506003e-01  -1.5872163e-01   1.2854126e-01  -2.9826318e-01   2.2336861e-01  -3.1174392e-01  -2.3800727e-02  -1.6380787e-02   1.9447683e-02   9.3104532e-03  -1.3385277e-01  -2.5511624e-01   3.9474719e-01   2.2862134e-01   2.6606504e-01   6.1845437e-01   1.2903852e-01  -1.2516327e-01   1.0117735e-02   5.7153067e-01   4.1934036e-01  -1.0790271e-01  -1.6434490e-01  -2.9970717e-01   9.6629751e-02   7.2142276e-01   4.3298791e-01   2.6806524e-01  -9.0297306e-02   2.8786038e-01   2.9584100e-02  -1.1801662e-01   2.2850977e-01   2.6533817e-01   7.3176709e-02   8.3466413e-01   1.7432661e-01   7.2728717e-01   7.5684046e-02  -3.9252066e-01   6.2410549e-01  -2.4074739e-01   2.2276991e-01  -1.2049389e-01   5.4638202e-02   1.5622475e-01   5.5365995e-01  -5.6413774e-02   2.2443657e-01  -2.9016978e-02  -1.7955842e-01  -7.0051029e-02   5.7689872e-01  -1.5245952e-01   2.3458973e-02  -2.0618632e-02  -3.0073979e-01  -2.4396584e-01  -2.2099701e-01  -1.2764538e-01   2.4454940e-01  -1.2098355e-01  -1.0284527e-01   8.2052237e-02  -2.0645829e-01   3.4569833e-01   6.7163027e-01   2.6592853e-01  -2.7221379e-02  -3.9571318e-01   1.2175669e-01   8.1653171e-02   1.4934312e-01   4.9164731e-01   3.9686408e-01  -2.0725432e-01   7.4723102e-01  -2.9920314e-01   2.5908642e-02  -2.1695447e-01   6.4232127e-01   4.5728714e-01  -1.9526130e-01  -2.7474512e-01  -1.9682389e-01   2.2719360e-02  -3.6939626e-01  -5.4701372e-02   3.4154625e-01   7.6647586e-02  -1.3156415e-01  -2.8645161e-01  -1.6479720e-01   1.1205555e-01   3.5585625e-02  -1.7414950e-01  -3.8905762e-01   3.6152687e-01   2.3018983e-02  -2.2010179e-01   1.0654449e-02   3.4120683e-01   4.9054239e-02  -8.1779281e-02   1.8597963e-01   9.5951158e-02  -1.8230575e-01   3.4365787e-01  -1.1005312e-01  -1.2464274e-01  -1.9136858e-01   4.4463978e-01   4.8726147e-01  -5.4718167e-02  -1.5277467e-01  -3.5557079e-01   2.9671215e-01   1.4275940e-01  -1.8429742e-01  -6.4799659e-02   2.6997581e-01   9.0670297e-02  -5.0281616e-04  -9.6435503e-02  -1.7802497e-01   5.0322721e-02   2.5886727e-01   2.1137326e-01   3.6309030e-01   1.7246831e-01   2.9901163e-01  -2.4054097e-02   5.0625596e-01   5.6774725e-01  -3.1977001e-01   3.2686363e-02   1.7750206e-01  -6.4325545e-02  -1.7924324e-01  -1.7976743e-01   4.3580745e-02   5.8726881e-01   6.1054950e-01   1.1947530e-01  -1.4953378e-01   5.4266847e-01
  -1.7864449e-01   1.7775897e-01  -9.9927305e-02  -2.1805698e-01   2.3838901e-01  -1.9255871e-01   0.0000000e+00  -2.2462445e-01   6.5799620e-02   5.4134567e-01  -3.1603214e-01   1.0577541e-01   1.1353585e-01  -1.6168390e-01   2.2587167e-01   2.5857000e-01  -2.3322530e-01  -3.1495582e-01  -2.1306197e-01   3.1570938e-01   2.3527714e-02  -2.7983989e-01   2.9330373e-01  -1.6474991e-01  -7.5384245e-02  -3.7080795e-01   5.3247301e-01   4.0193277e-02   3.3144605e-01   5.5395550e-03  -1.3236004e-02   1.4603758e-01   3.1493637e-01   6.7260768e-01   2.7766176e-01   4.3173114e-01   9.2569136e-02  -3.0544991e-01   1.3129276e-01   2.3031658e-01   1.5707217e-01   3.9593886e-01   3.9987245e-01  -3.9251457e-01   3.8811575e-01  -2.6078268e-01   2.3948710e-02   6.8837509e-01   2.4052499e-01   4.6606359e-02  -4.0159472e-02  -3.1465546e-01   3.2725059e-01   4.0031022e-02   8.1595508e-02  -2.0112374e-01  -3.1190462e-01  -3.2694012e-01  -5.2952187e-02  -1.9540968e-02  -2.4395453e-01   2.4503636e-01  -5.6142446e-02   5.0856767e-02  -1.1723984e-01   6.4439226e-01  -4.8027941e-02   6.7463154e-02  -3.1441955e-01  -3.0367663e-01   4.5186255e-01  -1.9628771e-02   1.8643853e-01  -4.0709293e-01  -6.5228011e-02   7.9834001e-02  -2.5718401e-01  -1.5020899e-01   2.5693228e-01  -2.1065743e-02   3.8249725e-01   2.0839499e-01   1.5958937e-01  -1.5396524e-01  -6.7206939e-02   2.5074873e-02   2.2482557e-01  -5.1723152e-02   5.3461447e-02  -1.5016763e-01   1.1762149e-01  -1.6358209e-01   7.5606611e-02   4.3372060e-01  -3.5246128e-01   2.5076456e-01  -1.4159519e-02  -3.8657474e-01   4.9661925e-03   5.1893282e-01  -4.0016645e-02   1.2013892e-01   1.6070519e-01  -1.6146391e-03  -3.6321225e-02  -2.0740778e-01  -1.5870717e-02  -2.2871300e-01   4.1225418e-03   4.3304716e-01   3.4318893e-01  -1.2570450e-01  -1.0752812e-01  -1.9552067e-01   1.7302692e-01   2.8727096e-01  -2.0281078e-01   1.6693503e-01  -1.9224892e-01   5.9546437e-02  -2.0843178e-01   1.6274714e-01   1.0387358e-01  -1.3613694e-01  -2.3326325e-01  -2.1420913e-01   1.7138269e-01  -2.8113437e-02  -2.0979469e-01  -1.3913741e-01   2.5928953e-01   3.3867650e-01  -1.0447198e-01   2.6879149e-01   1.1377062e-01   2.0600031e-02   2.1308658e-01   2.3808266e-01  -2.7040494e-02  -1.0761165e-01  -1.4359896e-01  -1.9223916e-01  -3.0902770e-01  -1.1151878e-01   2.1202794e-01   1.3101347e-01   3.9118943e-01   1.7371275e-01   6.6538505e-01   3.9058476e-02  -2.0090780e-01   1.1845523e-01  -8.9632326e-02  -1.2747458e-01   3.6701056e-01  -1.7370232e-01  -1.6201122e-01   8.8905619e-02  -1.6074616e-01   6.5583114e-02   3.2200761e-01  -3.4458384e-01   1.9086437e-01  -1.9863382e-01  -4.2066544e-01   4.2734735e-01   2.7050038e-02  -1.8299829e-01  -1.5003288e-01   3.9754052e-01   3.2569374e-01  -2.9063524e-01  -4.6648208e-02  -3.1648927e-02  -2.2197676e-01   1.6090598e-01  -2.3831594e-01
   6.1360630e-03  -1.0173464e-01  -3.4500073e-02   4.0423156e-01  -1.8371346e-01   4.6415418e-01  -2.2462445e-01   0.0000000e+00   3.6582478e-02  -3.7487337e-01   3.9239194e-01  -1.7278157e-01  -2.1014112e-01   1.4251534e-01   5.9314810e-02  -2.3817245e-01  -1.9884243e-02   5.6208882e-01   5.7087773e-01  -1.8916739e-01   2.4344175e-01   4.3898619e-01   4.8041768e-02  -2.6788167e-02   1.4152468e-01   6.6795739e-01  -9.0075958e-02   2.3702054e-01  -1.5464409e-01   4.3900590e-01   1.5510356e-01   5.0443705e-01  -3.0323209e-02  -1.2878117e-03  -2.9700222e-01  -8.2314451e-02  -2.4881436e-01   4.2946364e-02  -2.8829485e-01  -1.2707644e-01   1.1034020e-01   3.6545007e-02  -3.1858004e-01   4.5214536e-01   1.3591793e-01   4.6116139e-03   2.7289781e-01   4.6212429e-02   6.4390176e-02   4.5663451e-02   3.9352278e-01   8.0690206e-01  -9.3180669e-02  -9.7869405e-02  -2.1887760e-02   6.0658668e-02   4.1312078e-01   6.0790127e-01   5.3231484e-01  -4.1464434e-02   1.6240014e-01   1.0089576e-02   2.4314237e-02   1.4407359e-01   1.8396891e-01  -8.6214943e-02   4.4256822e-01  -5.6977191e-02   5.4554584e-01   2.2203456e-02  -2.9761963e-01   5.3324691e-01  -3.6199579e-01   1.3528271e-01  -4.0377541e-02   3.8093154e-01   1.3977942e-01   3.7561783e-01  -2.2628377e-02   4.3593411e-01   1.9062851e-01  -2.0098810e-01  -1.8569760e-01   6.5508840e-01  -1.6690145e-01   4.4188398e-01  -1.6327358e-01  -9.7667413e-02  -3.9732684e-01  -5.3809063e-02  -2.0000458e-02   1.6363887e-01  -1.1465781e-02  -2.3414605e-02   7.0529192e-02  -1.2642087e-01   3.0602240e-01   3.6999077e-01   2.8732337e-01  -7.1242682e-02  -2.4086887e-01   9.2194731e-02   3.6524568e-01   1.7045483e-01   4.9256573e-01   5.4456892e-01  -8.0808008e-02   5.6042569e-01  -1.8227007e-01  -2.0287543e-01  -1.9010558e-01   4.3627074e-01   2.9953533e-01  -1.0686018e-01  -1.3998039e-01  -1.4999216e-01   4.6445291e-02  -2.3843601e-01   2.1740082e-02   5.0492167e-01   1.1125330e-02  -9.2962486e-02   2.0883335e-02  -6.4363515e-02  -4.8571145e-02   1.5919060e-01  -6.9538929e-02  -2.0053878e-01   5.7897266e-01  -1.9357020e-01  -3.4577213e-01   4.6251748e-02   1.6748484e-01  -1.2165381e-01   7.6114132e-02   7.3139933e-01   2.3952985e-01   5.6122005e-02   7.3426019e-01  -7.8228426e-03   5.8777142e-02  -3.2391623e-01   3.9308244e-01   1.5058156e-01  -4.5502905e-02   3.8419391e-02  -2.5483770e-01   8.6182884e-02  -3.3441095e-02  -1.8616867e-01  -2.8761145e-02   5.5682571e-01   3.0891166e-02   1.8637495e-02  -1.5671496e-01  -7.7128533e-02  -3.3408309e-02   3.6999859e-01   1.3604210e-01   4.6633059e-01  -1.9416373e-02   3.7931136e-01  -1.4237000e-01   4.4880362e-01   4.3617952e-01  -1.2948079e-01   8.3989135e-03   1.0433097e-01  -5.5765268e-02  -1.7713231e-01  -1.6986732e-01   3.2364020e-03   4.0073111e-01   2.5677447e-01   1.0556856e-01  -8.0081721e-03   5.0436876e-01
  -3.7459358e-01   5.7241044e-01   2.1643866e-01   1.5735961e-01   3.0601795e-01  -3.4498594e-02   6.5799620e-02   3.6582478e-02   0.0000000e+00  -5.9936398e-03   9.7414831e-02   3.7615207e-01   2.2897504e-01  -1.9357017e-01   2.9607155e-01   1.4019680e-01   2.0351660e-01   5.2388643e-02   4.9319551e-02   2.8083322e-01  -5.9999935e-02   1.5222864e-01  -1.4887858e-01  -4.6999301e-01  -1.9485385e-01  -3.0711060e-02   7.4490272e-02  -2.7714313e-01   1.8745573e-01   1.3547636e-01   3.9954728e-01   1.4651815e-01  -9.1164675e-02   3.9626025e-01   4.5763043e-01   7.4916259e-02   4.1519675e-01  -4.2364397e-01   2.8258307e-01   2.5583259e-01   1.1451665e-01  -8.3613968e-02   3.8968263e-01  -4.7151311e-02   1.7928923e-01  -1.8888966e-01  -8.5018365e-02   1.7189482e-01   2.7403596e-01   4.3742035e-02  -7.3009581e-03   3.1397195e-02   5.9629724e-01  -2.6327076e-02  -2.0200841e-01  -1.2415969e-01  -2.2481643e-02   1.1856880e-01   1.3095499e-01   5.7606596e-01  -1.6119514e-01   1.1140906e-01   4.1603488e-01   5.6615620e-01   2.1999601e-01  -1.3129580e-01  -4.8975312e-02   7.6655300e-02   1.1229062e-01  -1.6057044e-01   2.7252882e-01  -2.2462290e-02   3.2280596e-01  -2.1054731e-01   6.2246855e-02   2.2287215e-01  -3.3442722e-01   1.4071198e-01   5.2227161e-01   1.0290630e-01  -2.9363166e-01   3.3139987e-01   2.5034656e-01  -4.3854729e-02   1.0950922e-01   1.9208937e-01   6.0656349e-01  -4.7210414e-01   4.2299842e-01  -3.7235298e-01   2.0097778e-01  -1.5695553e-01   2.9706562e-01   4.4430660e-01  -4.9456626e-01   5.0234318e-02   1.3076271e-02  -9.8061239e-02   2.9985568e-01  -1.8322414e-01   1.5109966e-01  -4.9738303e-02  -6.6742928e-02   3.7284496e-01   5.3582736e-02   1.4085900e-02   1.2764571e-02   4.1672765e-02   1.6107211e-01  -1.4797858e-02   2.3641796e-01   3.9338616e-02   1.2619420e-01  -3.4142106e-01  -5.9157313e-02   5.1909233e-01  -8.1302495e-02   7.3501598e-02  -4.0062877e-01   5.5905907e-02  -5.1260220e-01   1.9115939e-01   1.4388697e-01   2.6210338e-01  -4.0923929e-01  -6.2423302e-02   3.9089704e-01  -1.9729476e-02   1.8086692e-01   1.8682316e-01   1.3534602e-01   4.8782281e-01   3.2065825e-01   3.4804440e-01   4.6223292e-01  -3.8737390e-02  -4.1642172e-02  -7.3124948e-02  -5.3509763e-02  -3.4267743e-01  -4.2975854e-01   1.6712314e-01   2.1741434e-02  -3.4889321e-02   2.1321296e-01   2.7409511e-01   1.8081428e-01   1.0201937e-01  -1.2455644e-01   3.0387741e-01  -1.3222304e-01  -8.2260160e-02  -2.2167565e-01   2.5609601e-01   3.9728964e-01  -4.2686195e-01  -3.5291648e-01   2.5301983e-01  -1.8937592e-01  -1.6400403e-01   1.2986851e-01   5.5349976e-02   1.1123169e-01   2.3806403e-01   8.2863341e-02   2.9577035e-01   3.2233583e-01  -2.9194696e-01  -2.6938372e-01   2.1734606e-01   4.3842303e-01  -5.2255137e-01   2.4704919e-01   2.6102141e-01   1.9376867e-01  -1.7054794e-01   9.0987240e-02
  -3.6543392e-01  -2.9828838e-02   1.7391687e-01  -1.6222062e-01   9.7630386e-02  -2.5927121e-01   5.4134567e-01  -3.7487337e-01  -5.9936398e-03   0.0000000e+00  -4.2482381e-02   1.8925352e-01   1.6033956e-01  -2.1489478e-01   2.9079556e-01   1.2151270e-01   2.0590831e-02  -1.9156501e-01  -1.1755457e-01   3.5464581e-01  -9.5246480e-02  -3.0123836e-01   4.4820419e-01  -2.7504669e-01  -1.5100395e-01  -5.0226323e-01   1.7556810e-01  -1.8471550e-01  -5.4257612e-02  -1.8287036e-01  -1.5378780e-01  -4.7048777e-02   4.9472053e-02   3.9342697e-01   4.5340779e-01   3.5483136e-01   1.5135500e-01  -1.8861717e-01   3.4385182e-02   5.7546221e-02  -4.1003018e-02   2.2676056e-01   2.4793508e-01  -2.0699488e-01   2.1155635e-01  -9.5936720e-02  -9.9344074e-02   3.2625820e-01   1.8512029e-01  -5.1108932e-02  -4.6763550e-02  -3.5179395e-01   1.5058626e-01   1.0679598e-01   3.9391749e-02   1.1917927e-01  -4.6171015e-01  -2.9802409e-01  -2.8427936e-01   1.6155366e-01  -1.8984849e-01   4.3890919e-01  -1.4714410e-02  -9.1987081e-03  -1.6940229e-01   4.0369594e-01  -1.2376254e-01  -1.3893383e-01  -3.1650778e-01   1.0799860e-01   1.4444980e-01  -1.9853008e-01   1.1731404e-01  -3.4459891e-01   1.1601422e-01  -1.7074958e-02  -2.3941520e-02  -2.0797425e-01  -4.6953957e-02  -3.7415056e-02   1.6891890e-02   4.9473389e-02   4.4052642e-01  -3.2256500e-01   1.4140358e-01  -1.3185687e-01   2.8856831e-01  -2.5978695e-01  -4.6365805e-02  -2.1577941e-01  -2.5836329e-01  -1.1962610e-02   1.4069420e-01   2.6201933e-01  -1.7720926e-01   2.7443161e-01  -1.7196466e-01  -3.4491285e-01  -1.0900679e-02   4.8966495e-01   2.0991155e-01   2.4438549e-01  -1.2218452e-01  -1.2224982e-01  -1.7495956e-01  -9.4728214e-02   1.4621999e-01  -2.7246352e-01   1.3898089e-01   3.6470479e-01   5.9205652e-01  -2.0602225e-01  -2.7815340e-01  -2.7312473e-01   4.9625225e-01  -7.9601461e-02  -1.0226399e-01   5.2411302e-02  -3.1563914e-01  -1.0849504e-01  -2.0737856e-01  -5.8104911e-02  -4.9138035e-02   7.3314273e-02  -4.2155588e-02  -2.2360259e-01   2.6510944e-01   2.7787302e-01  -2.2864590e-01   2.2967617e-01   8.3341927e-02   3.5664333e-01  -2.9115608e-01   2.8898885e-01   1.8653967e-01  -2.8751160e-01   1.0001024e-01   5.1017845e-02  -2.4370892e-01  -2.0280387e-01  -2.9082750e-01   3.6711019e-02  -2.9335967e-01   1.3445517e-01   3.5683250e-01   1.1636180e-01   3.8191048e-01   5.2182462e-02   6.0308490e-01   3.7225794e-01   1.4831023e-01  -7.2264103e-02  -3.7587899e-02  -2.3724348e-02   1.6492975e-01  -2.2165728e-01  -2.7814814e-01  -9.2418532e-02  -1.4136097e-01  -3.0329436e-01   1.8099112e-02  -2.1492081e-01   4.0164353e-01  -1.8651937e-01  -2.3854465e-01   1.5852700e-01   2.2758954e-02  -4.4200796e-01  -3.3492994e-01   3.1934118e-01   5.2278159e-02  -1.8014644e-01  -1.4250536e-01  -9.4871000e-02  -8.9212514e-02   1.7543484e-02  -2.8257537e-01
  -8.0045967e-02  -1.1757481e-01   9.1235793e-02   4.5266828e-01  -2.8680023e-01   5.9366732e-01  -3.1603214e-01   3.9239194e-01   9.7414831e-02  -4.2482381e-02   0.0000000e+00  -3.7497893e-02   7.7907781e-02  -1.0504956e-02   1.5352984e-01  -1.0619914e-01   9.5638191e-02   5.8525332e-01   6.0252639e-01  -2.5187467e-01   3.5122584e-01   4.7425055e-01   3.0962339e-01  -1.7020603e-01   8.8416916e-04   3.6194764e-01  -1.1482775e-02  -1.5189794e-02  -3.2062536e-01   4.5837917e-01   1.4180401e-01   2.0784011e-01  -3.1153313e-01   3.6628515e-02  -1.7147017e-01   3.1162329e-01  -2.6929547e-01   1.6893724e-02   2.0413083e-02  -1.9856247e-01  -7.3647877e-02  -1.8285218e-01  -3.3092061e-01   5.7310893e-01   1.7934736e-01   2.2247230e-01   5.3094477e-01   2.1989291e-02   9.3958743e-03  -1.0944923e-01   5.5183392e-01   3.6691471e-01  -1.8490218e-01  -1.6862536e-01  -1.6830807e-01   3.1937599e-01   4.9880326e-01   4.2504931e-01   1.6807100e-01   9.3554596e-02   2.0509448e-01   2.7277302e-01   5.1562634e-02   2.3157236e-01   1.5043612e-01   1.2010078e-02   5.5528896e-01  -2.4452731e-02   7.2671038e-01   2.7765506e-01  -4.7214539e-01   4.4935407e-01  -2.3699445e-01   2.9790263e-02  -1.1285530e-01   2.0908248e-01   2.1269001e-01   6.6973499e-01  -8.7455313e-02   1.2397315e-01  -1.1580614e-01  -2.0070640e-01   2.4276875e-01   4.3462856e-01  -6.0184827e-02   1.5234727e-01   2.0030138e-02  -3.7200683e-01  -2.3335006e-01  -1.6021606e-01  -2.5868363e-01   1.9237067e-01  -4.1584962e-02  -1.6268980e-01   1.1552823e-01  -2.0583357e-01   2.4127645e-01   6.1357525e-01   3.2948521e-01  -7.3062459e-02  -1.3130865e-01   3.7293146e-01   4.2968057e-03   9.7307966e-02   4.4820078e-01   4.5360677e-01  -1.7088574e-01   6.7766586e-01  -2.3964931e-01  -3.8549365e-02   4.3197507e-02   5.5705860e-01   3.1553732e-01  -1.7801201e-01  -4.4241994e-02  -2.5970204e-01   3.1976659e-01  -2.0785491e-01  -7.5784665e-02   2.3365477e-01  -9.0977740e-03  -2.7330659e-01  -3.7857203e-01   2.5306462e-01   1.0878955e-01  -7.9295278e-02   3.9148756e-02  -2.2225943e-01   4.6532839e-01   2.2082507e-01  -2.6621029e-01   3.1273778e-01   1.3091970e-01   1.9333892e-01  -3.7511909e-02   1.2102752e-01   7.4087107e-02  -1.7285484e-01   3.0337648e-01   7.6736504e-03  -3.8873461e-02  -1.6949758e-01   6.3800030e-01   4.0809702e-01   2.1514107e-01   1.1243017e-01  -3.5905574e-01   2.3720678e-01   7.0974808e-02  -1.1680613e-01   5.4385659e-02   1.9776603e-01   2.4201249e-02   4.0730077e-01  -1.6009531e-01  -7.4625487e-02   6.4525273e-03   1.5977723e-01   2.3482832e-02   1.0728830e-01  -1.0639139e-01   6.3042515e-01   1.2265139e-01   5.2733737e-01   5.0704226e-01  -3.5007807e-01   3.8896399e-01  -2.9483399e-02  -2.1469897e-01  -1.5845351e-01  -3.4460186e-01   7.0174966e-02   5.6432563e-01   4.0688506e-01   1.8049793e-01  -3.0170627e-01   4.5882267e-01
  -4.9478788e-01   6.5548777e-01   8.1232425e-01  -1.2234509e-01   3.9814330e-01  -1.4879948e-01   1.0577541e-01  -1.7278157e-01   3.7615207e-01   1.8925352e-01  -3.7497893e-02   0.0000000e+00   1.3808183e-01  -4.1018705e-01   4.3905262e-01  -1.3231288e-03   7.7265262e-01  -2.2257800e-01   1.6167607e-01   3.7468716e-01  -4.7830329e-01  -1.2120483e-01  -2.7997262e-01  -3.7881430e-01  -1.4751894e-01  -1.1423241e-01  -2.4116350e-01  -3.5845870e-01  -5.5518421e-02  -3.4015079e-01   1.5178225e-02  -2.2394094e-01  -1.1179708e-01   3.1704692e-01   4.7452875e-01  -6.9619747e-02   4.8680674e-01  -3.1105766e-01   4.2400464e-02   4.1797793e-01   4.2688004e-03   6.2470108e-02   2.4863033e-01  -3.0687755e-01  -2.0672901e-01  -1.7030499e-01  -3.8968755e-01  -1.4109513e-01  -7.4452262e-02   5.8142211e-01  -3.5460064e-01  -2.1301302e-01   4.3903942e-01   4.0813735e-01  -4.5198309e-02  -2.4038673e-02  -7.9610228e-02  -2.1863103e-01  -1.7918102e-01   7.1888423e-01   1.4987007e-01   1.0963259e-01   5.5104107e-01   2.8383077e-01  -4.1908654e-01  -3.2015487e-01   5.5644681e-02  -1.0680568e-01  -2.1121321e-01   7.1945966e-02   3.0674781e-01  -3.1781205e-01   2.6502129e-01  -1.5427424e-02   2.2014820e-02  -9.8938913e-02   7.1910856e-02  -6.8313132e-02   4.5034091e-01  -3.5369224e-02  -4.8475256e-01   3.2368418e-01   4.6794254e-01   6.0614074e-02   6.4357031e-01  -2.2212130e-01   2.2019700e-01  -2.8173629e-01   3.2464846e-01  -3.4330552e-01   2.9047868e-01   3.7115055e-01   8.3304959e-01   4.0504539e-02  -2.7203262e-01   3.4551211e-01  -3.1112259e-01  -9.9526003e-03   8.1085390e-03  -3.5389802e-01   3.2225957e-01  -1.6385352e-01  -3.6597191e-01   1.8888222e-01  -3.6467123e-01   1.6870748e-02   5.5619014e-01  -9.6453522e-02   4.9823900e-01   2.5588876e-01   5.9775324e-01  -3.6904261e-01  -1.8805851e-01  -2.6891599e-01   3.1629012e-01   2.6367861e-01  -1.7863218e-01   4.0029097e-02  -5.0452196e-01  -3.3355543e-01  -3.2887514e-01   5.0140090e-01   5.8292986e-01  -6.7680295e-02  -4.3093059e-01  -2.4350834e-01   1.5241142e-01   2.4206186e-01  -1.0709891e-01   4.4843858e-01   1.9121352e-02   2.5339814e-01   3.5697316e-01   1.9289902e-01   5.3755778e-01  -2.6824776e-01   3.7710842e-01  -3.6988434e-01  -2.2953358e-01  -3.2380374e-01  -3.5892174e-01   5.5922806e-02  -1.6663959e-01   3.0016500e-01   3.4626827e-01  -2.9577965e-01   6.8060752e-01  -1.0819134e-01   2.5883226e-02   1.6019569e-01   4.6702947e-01  -2.3649124e-01   1.9173409e-01   1.2963753e-01   7.7999272e-01  -4.0641509e-01  -2.2239171e-01  -5.7455396e-02   2.4006125e-01  -4.3626202e-01  -1.0046295e-02  -1.3412485e-02   1.5272859e-01  -1.0106107e-01  -6.0109572e-02   3.9969161e-01   2.2016676e-01  -3.5453496e-01  -8.0232292e-02   3.5655657e-01   4.8112509e-01  -2.7094333e-01  -1.4862872e-01   4.0987858e-01  -7.4220501e-02   2.1011003e-01   5.0338435e-02
  -2.0579280e-01   1.3926718e-01   6.8756349e-02   1.4812151e-01   2.5703105e-01  -1.8927656e-02   1.1353585e-01  -2.1014112e-01   2.2897504e-01   1.6033956e-01   7.7907781e-02   1.3808183e-01   0.0000000e+00  -2.7102208e-01   1.0602436e-01   5.0380039e-01   6.5088260e-02   1.9777254e-03   1.8592283e-01   2.8427852e-01  -3.8980660e-02   7.1094592e-03   5.9643165e-02  -5.9001051e-02  -1.1665082e-01  -1.0833513e-01   1.2651994e-01  -1.7595891e-01   2.1812807e-01  -5.5561778e-02  -9.4256234e-02   8.9366503e-02   8.5706213e-02   1.6987390e-01   1.8427874e-01   3.7151066e-01   2.9850484e-02  -1.6393521e-01   5.2054148e-01   2.3004776e-01   5.9435931e-01   1.3069328e-01   1.4215291e-01  -1.2374781e-01   3.5126357e-01  -1.1249609e-01   1.6771382e-01  -1.0797774e-01   1.3948585e-01   3.3489685e-02   1.8131277e-01  -4.1208210e-02   2.1268983e-01   3.8579865e-04  -7.9706915e-02   1.0185513e-02   5.4434988e-02  -6.9812138e-02   1.9338880e-01   1.3301939e-01  -1.2042808e-01   3.5070237e-01   1.6764256e-01   2.4890864e-01   1.2228766e-01   9.4583290e-02   1.0895401e-01   2.6443446e-01   4.6535862e-02  -1.4868908e-01   1.6872215e-01   1.5733130e-02   5.4858627e-01  -1.6860090e-01   1.4447775e-01  -1.1121824e-01  -2.1276143e-01  -7.9399794e-02   2.5051026e-01  -9.4030391e-02  -1.3079723e-01   6.6034447e-01   9.4545769e-02  -1.0076239e-01   2.9878330e-02  -9.4244455e-02   6.3446485e-02  -9.6376873e-02   2.2472530e-01  -1.0036417e-01   1.1075371e-01  -5.0086329e-02   1.6545950e-01   2.4153083e-01  -2.5775631e-01   2.5056025e-01   2.2134792e-01   4.3216148e-02   3.7346296e-01   3.1029567e-02  -1.3558087e-02   4.4631888e-02  -1.7886911e-01   3.2133806e-01  -7.2133858e-02   1.6985072e-02   8.4110543e-04  -2.2100735e-02   2.0102700e-01   5.8974977e-02   2.0131527e-01  -2.7772630e-02   1.3259184e-01  -1.5006279e-01   7.9659741e-02   2.3814114e-01  -4.8291012e-02   5.7083060e-01  -2.9552252e-01   8.6236758e-02  -3.0384644e-01   2.3903745e-01  -9.9949774e-02   1.2290853e-01  -1.5623791e-01  -6.7705809e-02   2.8141703e-01   4.8884809e-02  -3.4334163e-02  -1.5930452e-01   6.0618499e-01   3.0604490e-01  -3.8237477e-02  -4.2750350e-02   1.3964149e-01  -2.7511799e-01   3.5553060e-02  -2.5747368e-01  -2.4254136e-01  -6.4305231e-02  -1.3109694e-01   5.6470975e-01  -7.8898499e-02  -7.7620991e-02   1.3090563e-01   9.0186487e-02   1.5798822e-01   1.8781878e-01   1.4019941e-01   9.9900045e-03  -1.6302113e-02  -2.3270641e-01  -1.6133686e-01   1.6355681e-01   1.9184283e-01  -8.7225040e-02  -2.2902641e-01   3.8212288e-01  -1.2694668e-01  -1.8452490e-01   2.4022141e-01  -6.5061864e-02   1.2210428e-01   7.8455390e-02   1.2924268e-01   2.0263423e-01  -1.3026680e-02  -2.1936253e-01  -1.3604216e-01   1.1271981e-01   2.2635500e-01  -2.3114858e-01   1.6943878e-01   5.7512411e-02  -4.3034168e-02  -5.7556019e-02   1.1268819e-01
   3.7269075e-01  -3.9604548e-01  -2.3390522e-01   1.0981460e-01  -3.0362395e-01   1.7030465e-01  -1.6168390e-01   1.4251534e-01  -1.9357017e-01  -2.1489478e-01  -1.0504956e-02  -4.1018705e-01  -2.7102208e-01   0.0000000e+00  -2.7060667e-02   6.3560103e-03  -2.2904006e-01   4.8004456e-02  -7.1675939e-02  -2.9673872e-01   2.3247668e-01   1.0231682e-02   1.5737839e-01   2.7945595e-01   1.1725672e-01   8.7120843e-02   1.0906516e-01   3.0671970e-01  -5.1595112e-02   1.4911098e-01   1.2247940e-01   1.3992246e-01   5.1211450e-02  -1.2094447e-01  -1.2468754e-01  -1.3891950e-01  -1.7459776e-01  -5.5802114e-02  -5.4948256e-02  -1.3760149e-03  -2.9206586e-01  -1.0054829e-01  -1.6996014e-01   5.0767696e-01  -2.5043828e-02  -1.7298776e-01   1.8221606e-01  -2.1778732e-02  -6.1588652e-02  -1.3055234e-01   9.6623119e-02   1.2657445e-01  -2.1987235e-01  -1.0382544e-01   1.6610344e-01   3.1048975e-01   4.5523706e-02   6.2704601e-02  -5.5172043e-02  -3.3149537e-01  -1.8028111e-01  -2.0032004e-01  -2.2855250e-01  -2.3872955e-01   2.3868394e-01  -1.5736877e-02   6.4192502e-02   9.0017015e-02   1.1270554e-01   1.8962016e-01  -2.7790278e-01   1.9480445e-02  -3.7283818e-01   8.9138718e-02   5.2840507e-02  -8.1216347e-02  -1.8794625e-01   7.4084320e-02  -3.9713661e-01  -9.3814738e-02   3.9852587e-01  -1.8320602e-01  -1.9181756e-01   1.1447064e-01  -1.7255693e-01   7.5340487e-02  -1.7639359e-02   1.9920990e-01  -1.3858721e-01   1.5050428e-01  -3.2052508e-01  -1.8305765e-01  -3.3965787e-01  -1.0775397e-01   3.1382678e-03  -2.9306810e-01   1.6893178e-01   2.3031812e-02   2.7219830e-02   1.3940200e-01   1.1750772e-01   1.5846068e-01   4.6242444e-01  -1.8137734e-01   1.7086862e-01  -2.9499275e-02  -9.1145738e-02   2.2340904e-02  -1.9962972e-01  -2.0654344e-01  -2.3948061e-01   1.8086668e-01   2.5188523e-01   1.8921501e-01  -4.4410887e-02  -2.7770490e-01   1.5777534e-01  -2.9073970e-01   3.9315510e-01   1.0557677e-01   3.8567208e-03  -4.0911412e-01  -3.4075803e-01  -8.7702852e-02  -1.0211342e-01   4.2776038e-01  -2.8562329e-02  -2.7519334e-01   9.1393023e-03  -7.7707928e-02  -1.7584697e-01  -2.0256497e-01  -1.4322891e-01  -3.9902581e-02  -2.4432279e-01   8.8322891e-02  -2.0028207e-01   4.5334165e-01   5.4424101e-02   6.0836908e-02   2.6181400e-01  -7.3387355e-02   2.9178418e-02   6.3671519e-02  -4.0560888e-02   2.3273015e-01  -2.9164052e-01  -8.1822787e-02  -7.2674441e-02   2.7175599e-02   6.2474214e-02   4.1799478e-01  -8.1951178e-02  -1.9180194e-01  -3.4418155e-01   5.2676773e-02  -3.2424276e-03  -1.3035963e-01  -1.4553300e-01   3.8843391e-01  -4.6098226e-02   1.1173935e-01  -2.2044375e-01  -7.8393617e-03   1.4828602e-02  -2.8146986e-01  -8.8339471e-02   3.2465910e-01   7.8610862e-02  -3.0730455e-01  -3.4375666e-01   9.0974081e-02  -1.7238858e-02  -8.3090703e-02   1.4422729e-01  -2.1176669e-01  -3.2821530e-02
