   0.0000000e+00  -4.5615308e-01  -4.3257469e-02   1.1896118e-01  -1.3197511e-01  -8.9443692e-02  -4.4521460e-01   6.2709581e-02  -3.0907066e-01  -4.1494609e-01   2.2862291e-01  -2.6472530e-01   1.4731029e-01   3.2361462e-01   5.8828625e-02  -3.3502031e-02  -7.6561414e-02   1.2355773e-01  -3.4929794e-02  -1.6278076e-01   2.3894955e-01   2.9688972e-02  -1.6205518e-01   7.4989803e-01   1.3580626e-01   1.3787174e-01  -1.6175939e-01   2.3780803e-01   1.3254097e-01  -2.8561897e-01   2.2768883e-01   1.8499866e-01   2.3048871e-02  -3.7936646e-01  -5.3181867e-01  -3.9226300e-02  -2.8262267e-01   5.9016251e-01   1.9945632e-01  -3.1992704e-01   1.6519729e-01   1.0740557e-01  -2.9385005e-01   1.8978482e-02  -4.8384272e-02   4.3023349e-01   1.9279638e-01  -3.9630255e-01   9.2445240e-02  -2.1537442e-01   2.8403370e-01   4.7460701e-02  -3.8231346e-01   4.8827032e-01   5.8200805e-01   1.6343108e-01   3.3768320e-01  -1.4184429e-01   1.3374435e-01  -3.7748784e-01   2.5359431e-01  -1.9274931e-01  -5.6038773e-03   1.2397171e-01  -4.5609579e-02  -3.4862177e-01  -2.0390609e-01   7.8364278e-02   1.6001582e-01   4.5837683e-01  -3.4471867e-01   7.8794647e-02   9.9461693e-02   5.3374406e-01   2.7890942e-01  -2.2924807e-01   2.6328639e-01   9.6995336e-02  -3.4831970e-01   4.7051157e-02  -3.0254448e-01   7.4652223e-02   1.4358886e-02   1.6499235e-02   5.1275767e-01  -1.4653287e-01   7.4675517e-02   5.1937372e-01   1.2167453e-02   7.9712365e-01  -2.5285552e-02   3.5836715e-01  -4.2012503e-01  -1.9312235e-01   5.9200778e-01  -2.2503029e-01   2.2723693e-01  -3.9542553e-02  -1.8428563e-01  -3.2919243e-01   2.8229075e-01   3.8077721e-02  -1.2422731e-01  -1.9432979e-01  -1.2970717e-01   8.0466640e-03   1.7814754e-01  -8.6257390e-02   6.0239637e-02  -1.8012926e-01  -2.7039904e-01  -3.1629014e-02   8.8463228e-02   6.2529493e-01  -1.1054466e-02  -1.9530768e-01   2.6515559e-02   4.6958884e-02   4.5883453e-01   1.4605995e-01   4.7455274e-01  -1.7225296e-01   1.6453699e-02  -2.2069694e-02   6.1664560e-01  -1.2465632e-02  -4.6273079e-02   3.1777436e-01   6.7394826e-02   1.0599941e-01   2.3945301e-02  -1.7508976e-01   1.3322510e-01   1.7357547e-02  -5.7020266e-02  -7.6679755e-02  -5.1976608e-02  -3.0289364e-01  -2.4818732e-01   5.7588125e-01   6.3730206e-01  -2.5415524e-02   2.3682094e-01  -1.0597248e-01  -1.8511226e-01   8.9643802e-02  -2.9442536e-01  -1.0807192e-01  -1.1639934e-01  -4.1865404e-02   5.8123695e-01  -3.1875502e-02   6.4980857e-01   2.4488144e-02  -4.6651247e-01   6.7520914e-01   5.4028007e-01   1.8330155e-01   1.9159874e-01  -1.7684917e-01   1.2699552e-01   1.9339862e-01  -3.8762053e-02  -5.1121412e-02   1.5690859e-01  -3.5286367e-01  -1.0165566e-01   6.3968992e-01   6.2675265e-01  -6.9763735e-03  -5.1156447e-01   3.2758929e-01   7.9349021e-02  -5.8054303e-02   1.0037433e-01   5.7923321e-03  -2.2674016e-02
  -4.5615308e-01   0.0000000e+00   2.0355846e-01  -3.6237841e-01   5.6826774e-01   3.0957324e-01   5.5633515e-01  -1.4258982e-01   8.7559653e-02   4.3725045e-01  -4.6856279e-01   6.9061669e-01   2.8833851e-02   2.0677019e-02   5.2188242e-03   3.2236254e-02   1.7954245e-01  -4.2797594e-01   1.3531464e-01   6.2919523e-01  -6.0160418e-01  -5.2391360e-01  -3.5300953e-01  -3.2044747e-01  -1.0439311e-01  -1.1551093e-01   4.6420320e-01   8.7550236e-02   5.3963399e-02   3.3002228e-01  -6.2758128e-01  -2.1075841e-01  -1.2903051e-02   3.6190473e-01   4.5258907e-01   1.1038637e-01   1.9537531e-01  -4.4786170e-01  -3.0421054e-01   6.8074088e-01   1.4287098e-02  -4.2007588e-02   2.9188424e-01  -2.5129444e-01  -1.3929125e-01  -4.3635697e-01  -3.4732009e-01   5.3038648e-01  -1.7141188e-01   4.0465873e-01  -4.8736563e-01  -1.1379297e-01   6.7324447e-01  -1.6284442e-01  -4.7529416e-01  -2.6417868e-01  -2.4136573e-01  -1.0451949e-01  -3.0457308e-01   3.8659769e-01  -2.6450407e-01   7.2889799e-02   3.1337538e-02  -5.1829546e-01  -1.1944578e-01   4.1855668e-01   4.4944698e-01   2.2125645e-01  -1.6739094e-01  -3.1225648e-01   7.8113939e-01  -7.1977561e-02  -6.6506588e-02  -2.8559974e-01  -3.1472955e-01   3.4121134e-03  -3.6240880e-01  -1.7993247e-01   7.8565257e-01  -2.3387137e-01   2.8254896e-01  -3.5459338e-02  -2.5175468e-01  -3.5787721e-02   8.5674556e-02   7.4098565e-02  -4.1096541e-02  -2.5690669e-01   1.5182985e-01  -4.1915292e-01   4.5173880e-01  -3.5364625e-01   5.8468395e-01  -4.9757005e-03  -3.1342106e-01   6.5331425e-01  -2.0585234e-01   1.3154859e-03   3.5718290e-01  -1.0286847e-01  -3.9942306e-02  -1.8538798e-01   9.0052626e-02   6.9815196e-02  -1.3726381e-02  -2.4176841e-01   3.6337893e-02   2.2883973e-02  -1.9641913e-01   2.7683543e-01   1.6109472e-02   1.2832535e-01  -1.5478915e-01  -2.3228570e-01   4.3189318e-02   3.8884621e-01  -6.7379132e-02   1.4216564e-01  -4.8464483e-01  -2.0441257e-01  -5.4568373e-01   6.7425930e-01   2.1670540e-01   2.3677653e-01  -4.1521845e-01   4.5881585e-01   5.4340169e-02  -2.3633705e-01  -4.7833312e-01  -7.8309365e-02  -4.5744347e-02  -1.8976911e-01   3.2461491e-01  -4.5624524e-01  -1.5675963e-01  -1.7250395e-01  -5.7718695e-02   1.4535970e-01   1.2114732e-01  -9.7108811e-02  -3.3170158e-01   3.9042690e-02  -3.3068611e-01   1.6326802e-01  -8.8822252e-02  -4.7264720e-01   6.9253315e-01   1.0986602e-01   8.1127099e-02  -3.7564839e-01  -7.7333133e-02   1.6317157e-02  -3.9019174e-01  -3.7605511e-02   7.8053305e-01  -3.4482742e-01  -5.2540688e-01  -2.6320618e-01  -2.0292733e-01   3.0356930e-01   1.1027614e-01  -4.3993704e-01   4.9041592e-02  -1.7007974e-01  -2.3285348e-01   3.1135535e-01   9.2972256e-02  -2.3812969e-01  -2.8890241e-01   1.2079252e-01   7.9384035e-01  -1.6345938e-01  -2.8599657e-01   2.3532383e-01  -1.0006900e-01   2.0259546e-01  -1.9208378e-01
  -4.3257469e-02   2.0355846e-01   0.0000000e+00   4.2774534e-02   2.7026052e-01   5.4330615e-01   3.3783168e-01  -1.5497741e-01  -1.5548265e-01   4.5137237e-01  -2.5100930e-02   4.6226080e-01   5.7188528e-03  -9.1914107e-02   2.8138356e-02  -2.2226796e-02   7.7866636e-01  -1.0828530e-01   4.5234509e-01   4.2795367e-01  -3.4747252e-01  -1.7180742e-02  -1.2616652e-01  -1.2797704e-02   6.3232874e-02  -1.9935998e-01   5.7258710e-01   3.3829601e-01   1.0423021e-01   3.7991514e-01  -4.6577000e-01  -8.7866367e-02  -8.7340758e-02   1.7209909e-01  -1.0757489e-01   3.6816501e-01   1.1121334e-02  -3.9296279e-02  -2.2096507e-01   4.1262473e-01  -7.0702510e-02   1.4942683e-01   1.6565374e-01  -3.0866196e-02   7.9257476e-02   9.0543103e-02   1.4393458e-01  -5.0100626e-02  -1.9854632e-01   1.5922134e-01   1.7713046e-01  -1.8175010e-01  -7.5795258e-02   1.8077189e-01  -2.8611005e-01   1.7039221e-01   5.4763411e-02  -4.8121739e-02   1.4610598e-01   2.3915251e-01   3.2221110e-01   5.7865318e-02  -2.3670692e-01  -3.7072160e-01  -4.1022049e-01   4.1104905e-01   6.3028225e-01   2.7134242e-01  -2.6779312e-02   5.0003346e-01   6.6391854e-02   3.3252535e-01  -1.5920375e-01   1.4798495e-01   1.1354953e-02  -1.3772563e-01   1.1657223e-01   1.6243803e-01   2.0924678e-01  -1.1197980e-01   1.5362385e-01  -1.1521512e-01  -3.5402160e-01  -1.7654651e-01   9.0373940e-02  -6.0978768e-02  -3.4062813e-01  -2.3878269e-01   2.7744459e-01  -7.2383783e-02  -1.9589717e-01   3.8364076e-01   2.2855489e-01  -1.2910665e-01  -7.5679204e-02   3.5611512e-01   1.3345806e-02  -1.2678742e-01   3.1431310e-01  -1.9275528e-01  -1.9130954e-01   4.1030605e-02   1.2812378e-01  -2.0106740e-01   1.6453780e-01  -7.7005890e-02   1.4129642e-01  -1.6029795e-01  -1.5625889e-01   9.0405614e-02  -1.1324769e-03   4.0438496e-01   1.2173255e-01  -2.0356363e-01   2.5251013e-01  -1.3844127e-01   7.7046424e-02  -9.9870411e-02   1.3036745e-01   2.5903351e-01   1.4374746e-01   1.1687993e-01   3.9953751e-01  -2.1897217e-01   6.2760017e-02   2.7212419e-01  -2.4388628e-02   7.2277604e-02  -1.4248443e-03   6.5031885e-01  -1.7236355e-01  -2.9952463e-01   3.1375690e-02  -5.3010373e-01  -7.6594769e-02  -1.1108005e-01  -1.8972005e-01   7.9682592e-02  -1.5907684e-01  -3.3107269e-02  -3.5003913e-03  -2.8703765e-01   2.1376305e-01   4.4468467e-01  -8.4919524e-02  -2.9767928e-01   3.9394714e-01   2.9725055e-01   3.7413453e-01  -3.2687184e-01   1.7628199e-01  -2.5332956e-01   1.7316059e-01   1.6220513e-01   4.5129709e-01  -1.3345360e-01   8.2403769e-02   1.0612469e-01   1.8275331e-01   7.5336992e-02   3.3146181e-01   4.3782172e-02   2.7721789e-01   1.2656232e-01   1.4194186e-02  -1.0718972e-01   2.4791769e-01   4.4613753e-02   2.8558545e-01  -2.2721137e-01   6.5613339e-02  -7.6627585e-02  -1.6673771e-01   4.0745404e-01   1.2013229e-01  -3.9848808e-02   8.4328962e-02
   1.1896118e-01  -3.6237841e-01   4.2774534e-02   0.0000000e+00  -2.0618692e-01   5.1531834e-02  -8.3660658e-02   2.2075620e-01  -1.5737674e-03  -1.7547034e-01   1.9423209e-01  -2.0719321e-01  -5.3297686e-03  -2.6629236e-02  -2.3842840e-02  -2.9691868e-01   1.0633504e-01   2.5049309e-01  -2.6389640e-02  -1.6910825e-01   2.1210190e-01   4.9507201e-01   1.8525087e-01   1.2157449e-02   4.9970643e-03   1.7195976e-01  -2.8811357e-01  -7.2940024e-02   1.1214977e-01   2.5224204e-01   2.0156423e-01   6.3742322e-01  -1.1699716e-01  -2.0441818e-01  -3.0684271e-01   1.5053272e-01  -2.0260027e-01   9.2576612e-02   4.2850728e-02  -4.7642765e-01  -1.1621000e-01  -3.0728736e-02  -5.3764402e-02   8.7300444e-02   3.1982435e-01   1.0268619e-01   4.2812289e-01  -2.9412448e-01   1.4150324e-01  -1.2318181e-01   3.9573740e-01   1.9063968e-01  -3.9675251e-01   6.1672014e-02   8.4999370e-02   2.4731048e-01   1.7960781e-02   6.2038090e-01   4.4692465e-01   1.5944339e-01   6.8775951e-03  -1.6434509e-02   7.3285075e-02   8.1745948e-02   1.3870827e-01  -5.9227070e-02  -8.2915907e-02   1.6162486e-01   4.6349761e-01  -4.8549608e-03  -3.6064906e-01   6.6631728e-01  -2.7690492e-01   1.0979054e-01   2.1171316e-01   1.8338827e-01   6.4421957e-02   7.9111564e-02  -1.9277520e-01   1.2549601e-01   4.7916141e-02  -1.2077473e-01  -2.0076204e-02   2.2703582e-01  -6.5807584e-02   2.1572773e-01  -3.1418000e-02   1.1029974e-01   2.8472225e-01   5.6592291e-02  -2.2738973e-01   2.2058706e-01  -4.3035444e-01   2.8446423e-01   1.3352896e-01  -2.9863636e-01   2.9320430e-01   2.0142116e-01   2.6689703e-02   9.1154291e-02  -1.7885661e-01   1.4769596e-01   2.4728301e-01   9.9573016e-02   4.8455827e-01   6.2945915e-01   1.4796617e-02   2.7391350e-01   1.1037767e-01  -1.9745553e-01  -1.5725712e-01   2.6599104e-01   5.1492645e-01   2.2784811e-03  -2.2275977e-01  -2.1036526e-01   6.9954206e-02  -1.6737562e-01  -5.1835922e-02   7.5242177e-01   2.3678694e-01  -1.9506699e-01  -1.0259398e-01  -2.4886558e-02   5.5874471e-02  -1.2279940e-01   1.3555509e-01   8.5228623e-02   6.0164686e-01  -1.8243142e-01  -1.8079522e-01  -3.5501000e-02  -1.1962517e-01  -5.4120825e-03   4.3605464e-01   3.1024767e-01  -3.4781875e-02  -6.2719623e-02   1.7405511e-01   1.4154202e-01   9.7244609e-02  -1.6809729e-01   2.7249512e-01  -9.8884988e-02   2.0923276e-01   3.3010304e-01  -2.9873446e-01   2.6256144e-02   4.3464207e-03   1.1848034e-01  -6.0235042e-02   1.1096497e-01   1.8533770e-01   7.5208445e-02  -2.8831465e-01  -5.9071506e-03   1.5560937e-01   3.6795108e-01   1.5291655e-01   1.4558988e-01   2.1397818e-01   2.9053401e-01  -2.0783810e-01   4.7784378e-01   6.6997758e-01  -2.2243505e-01   5.2529463e-02   1.6609777e-01   1.0434553e-01  -3.1199508e-01  -4.1842146e-01  -5.5965572e-02   3.4996141e-01  -4.5998762e-02   2.7945132e-01  -2.1928022e-01   6.4304432e-01
  -1.3197511e-01   5.6826774e-01   2.7026052e-01  -2.0618692e-01   0.0000000e+00   1.9257651e-01   2.4877488e-01  -4.5559947e-01  -2.3615461e-01   3.2287912e-01  -1.8368919e-01   3.0838497e-01   4.1526139e-01  -2.0760483e-01  -1.2839896e-01   3.8875990e-01   2.7074489e-01  -4.5405052e-02   5.6268806e-02   8.7427007e-01  -4.2375411e-01  -3.8331549e-01  -3.0248404e-01  -1.1560862e-01   9.1708042e-02  -3.8310839e-01   6.5270593e-01   5.6651257e-02   2.0543598e-01   2.1669921e-01  -6.1608424e-01  -3.0536634e-01   1.9305461e-01   6.1863743e-02  -4.7660362e-02   6.0263577e-01   2.6137272e-01  -1.1323178e-01   2.3484096e-01   6.5954220e-01   3.6115122e-01   9.2683726e-02  -1.0789935e-01  -3.4749413e-01   1.6027567e-01  -2.2805583e-01  -1.1853493e-01   1.7955611e-01   3.4108471e-01   4.4038831e-01  -7.4884762e-02  -3.7375375e-01   4.2975412e-01   4.4712075e-03  -4.2946454e-01  -2.5521964e-01  -3.5016088e-01  -2.7955909e-01  -7.1986765e-02  -1.7646842e-01  -5.0121696e-02   1.5297028e-01  -1.0401063e-01  -4.5420750e-01  -8.5593302e-02   5.1359408e-01   3.5845341e-01   9.5376855e-02  -3.4350242e-01   4.6348844e-02   4.2081861e-01   1.1351914e-01   2.7887559e-01  -3.4785741e-01  -3.7973590e-01  -3.3976673e-01  -1.2101003e-01  -1.0185480e-01   6.4043255e-01   2.3311464e-01  -1.2063288e-01   3.4392964e-01  -3.5683875e-01  -4.1603233e-01   5.1110029e-02  -2.5892324e-01  -1.3796213e-01  -3.6124837e-01   1.0650114e-01  -4.1902674e-02   4.0607701e-01  -1.1540076e-01   2.9464006e-01  -3.2837998e-01  -9.7312597e-02   7.7220051e-01   2.1631054e-01  -2.6738905e-01   4.2585915e-01  -3.8982853e-03  -1.8328220e-01  -2.6079047e-01  -2.3228155e-01  -2.5673023e-01   4.7748260e-02  -4.5903311e-01   1.6753620e-01  -3.6847126e-01  -1.2852319e-01   1.4355948e-01  -2.4371419e-01   1.3840005e-01  -5.4707079e-02   1.8227321e-01  -1.3525132e-01   2.1616251e-01   7.3361652e-04   3.8063090e-01  -3.2495827e-01  -1.1412547e-03  -2.4984516e-01   6.1758170e-01   4.5274125e-02   1.1822002e-01  -2.3063746e-01   1.2745333e-01   1.7592040e-01  -7.8719017e-02  -4.2501010e-01   2.3926487e-01   3.1115604e-01  -8.0657219e-02   4.8000744e-02  -4.7533635e-01  -4.7332167e-01  -4.2644810e-01   3.1789609e-01  -5.4476129e-02  -2.7190233e-01   1.6228230e-01  -3.1955134e-01   1.1135412e-01  -2.1513996e-01  -1.0074692e-01  -2.4770552e-01  -4.6207702e-01   2.5243483e-01   3.6603602e-01   2.2082015e-01  -2.7739867e-01  -5.1576524e-03  -4.1804638e-01  -5.0504668e-02   1.0783558e-01   4.7862190e-01  -7.6398853e-02  -2.6320589e-01   1.2271751e-02   8.6232130e-02  -9.5560582e-02   1.2790492e-01  -3.1583592e-01   4.2757635e-01   5.9150306e-02  -2.5325329e-01   1.5985655e-01   2.5146603e-01  -1.9562048e-01  -2.2016223e-02   1.0374786e-01   3.6703546e-01   3.0529822e-02   1.0489866e-01   2.4866257e-02  -2.0193808e-01   2.4239156e-01  -3.6894194e-01
  -8.9443692e-02   3.0957324e-01   5.4330615e-01   5.1531834e-02   1.9257651e-01   0.0000000e+00   6.2680119e-01  -1.8373757e-01  -3.6874587e-01   4.6580407e-01  -1.1405053e-01   5.4021968e-01  -1.4491528e-01   2.0085920e-01   4.4138507e-01   1.1583896e-01   2.7954743e-01  -2.0913737e-01   6.3881986e-01   3.8363464e-01  -3.4776436e-01  -3.4402599e-02  -1.9465202e-02  -1.8261762e-01   5.6560585e-02  -2.1438773e-01   4.6414350e-01   2.9185871e-01  -4.7132011e-02   5.7894501e-01  -3.6173629e-01  -4.7021245e-02  -1.5789230e-01   3.5697172e-01  -1.7924096e-01   3.8263358e-01  -1.1457655e-01  -1.5472048e-01  -2.1595338e-01   2.1760903e-01  -2.4945785e-01  -8.5128403e-03   1.8961950e-01   1.3856575e-01   1.1905969e-01  -8.9641907e-02   3.0622417e-01   7.1950813e-02  -3.1704675e-01  -1.2622531e-01   1.7067724e-01  -2.7345428e-01   1.2022672e-01   4.4417080e-02  -3.7247100e-01   2.4685308e-01   1.8101411e-01  -6.3836746e-02   5.0699051e-02   2.8778114e-01  -1.1031729e-02  -2.0649815e-02  -4.1248504e-01  -4.4183460e-01  -5.4609448e-01   6.3642532e-01   8.3725454e-01   2.0526242e-01   5.1818067e-02   2.1036924e-01  -4.4629666e-02   3.5572595e-01  -3.2237444e-01   7.5987389e-02  -1.5683559e-01  -2.8231067e-01  -2.2309618e-01  -1.0530215e-01   3.1396866e-01  -1.9379043e-01   4.3317461e-01  -2.3188145e-01  -1.0801834e-01  -1.4172896e-01   2.2505287e-01  -2.5122425e-01  -4.9034961e-01  -3.8640037e-01   1.4890593e-01  -1.3523917e-01  -1.6849604e-01   4.6833138e-02   4.4383162e-01  -3.1377994e-01  -1.0212686e-01   2.7151293e-01   1.7966704e-02  -2.0338689e-01   2.0377570e-01  -1.7113056e-01  -2.2000909e-01   3.6236310e-01   3.8583892e-01  -4.2698145e-01   3.8637326e-01  -8.1887116e-02   5.6878705e-02  -1.1246091e-01  -1.7694779e-01   6.2316443e-01   6.9650094e-02   6.7862829e-01   5.3019734e-02  -1.8284330e-01   9.4524944e-02  -1.2409250e-01  -6.5738793e-02  -1.1871293e-01  -1.4703727e-01   2.1644942e-01  -1.2034675e-01   2.2620364e-01   2.2274019e-01  -4.1021331e-01  -1.3001025e-01   5.3371818e-01   1.6843576e-01  -1.6309288e-01  -1.6407216e-01   1.3311177e-01  -3.2058007e-01  -2.2154021e-01  -3.0283511e-02  -5.7076187e-01  -2.1754385e-01  -2.6223190e-01  -1.9004682e-01   6.2544186e-02  -9.5452129e-02  -8.0300264e-02  -1.6483293e-01  -2.9346191e-01   1.5236326e-01   6.7460729e-01   9.3377909e-02  -4.4569881e-01   3.5385561e-01   6.2346390e-01   6.9693931e-01  -5.0236434e-01   2.5806696e-01  -4.9229943e-03   6.8398494e-02  -7.6000680e-02   2.8005381e-01  -1.8254190e-01  -1.7073566e-01   5.5458977e-02  -2.0022184e-02   4.6004493e-01   1.8916368e-01  -5.5755841e-02   1.0431605e-01   3.1008586e-01  -8.8911730e-02  -2.5998554e-02   1.6132063e-01   5.3435309e-02   2.0483310e-01  -3.3351212e-01   2.5987259e-01  -1.4303099e-01  -2.0830827e-01   8.0996733e-01   1.1057810e-01  -2.2042334e-02  -4.1545847e-02
  -4.4521460e-01   5.5633515e-01   3.3783168e-01  -8.3660658e-02   2.4877488e-01   6.2680119e-01   0.0000000e+00  -3.3055885e-01  -2.9274544e-01   5.9805756e-01  -4.5618009e-01   7.1011482e-01  -9.1103456e-02   2.0260897e-01   4.8584357e-01   2.5107696e-01   7.4100538e-02  -3.4519760e-01   1.9162246e-01   4.3519933e-01  -3.6219319e-01  -2.5706104e-01   1.2851413e-01  -4.6663716e-01  -1.7136817e-01  -2.9971181e-01   4.1585063e-01   3.8301471e-01   8.1598298e-02   5.3555240e-01  -4.2490309e-01  -2.1309935e-01  -1.5462563e-01   6.5151919e-01   2.3978726e-01   2.3497858e-01   1.6578942e-01  -4.1951993e-01  -1.1737543e-01   3.7527707e-01  -2.3337437e-01  -6.4076465e-02   2.3588789e-01  -1.9617992e-01   7.0698248e-02  -4.4316471e-01  -1.1093398e-01   5.4435499e-01  -2.5831964e-01  -1.0513863e-02  -2.1260461e-01  -3.1226027e-01   3.5042345e-01  -1.9685323e-01  -5.0608541e-01  -1.7567642e-01  -2.7567348e-01  -1.3271576e-01  -2.8778330e-01   3.1356050e-01  -2.1576380e-01   2.0640736e-02  -3.7862421e-01  -5.7182220e-01  -4.6884911e-01   5.8286827e-01   5.5770209e-01  -3.1487220e-02  -2.4659431e-01  -1.9778095e-01   3.1053805e-01   1.4457841e-01  -2.0971030e-01  -2.7778716e-01  -4.8728966e-01  -1.3603946e-01  -3.9387924e-01  -3.4553847e-01   4.2992002e-01  -1.5218975e-01   7.4409162e-01  -4.9720599e-02  -1.7284091e-01  -2.8819084e-01  -1.4191069e-01  -6.9334298e-02  -5.3376423e-01  -4.7170309e-01   2.4665937e-02  -4.7919386e-01  -1.1987507e-01  -2.7803984e-01   6.4142621e-01  -1.7744697e-01  -3.4321161e-01   3.4440667e-01  -7.5056624e-02  -2.4120081e-01   2.0678767e-01   1.3660250e-01  -1.7290883e-01   1.3758012e-01   4.0319838e-01  -2.7839740e-01   3.7698880e-01  -1.6099747e-01  -5.7417275e-02  -1.3692939e-01  -2.4733380e-01   5.2558947e-01   2.4705122e-01   5.3419420e-01  -1.3063526e-03  -2.2418160e-01   3.4491239e-01  -8.2071510e-02  -1.4247219e-01  -6.4333799e-03  -2.8920769e-01  -2.3261822e-02  -4.8233777e-01   2.6136689e-01   6.6049519e-03  -3.1055750e-01  -5.0433654e-01   5.0323800e-01   3.2730261e-01  -4.4783772e-01  -4.2785197e-01  -6.2048495e-02  -1.7536461e-01  -2.7350469e-02  -1.1493003e-01  -4.7349215e-01  -2.8864581e-01  -2.5213504e-01  -1.1045602e-02   4.9091550e-01   1.0296693e-01  -1.6751623e-01  -3.3693140e-01  -1.4040597e-01  -2.6319657e-01   5.9382519e-01   2.6540588e-01  -5.0611578e-01   6.0941350e-01   3.4894759e-01   4.9926948e-01  -3.0243866e-01  -9.7465455e-02   1.7681115e-01  -3.2069337e-01  -1.5471006e-01   5.6883648e-01  -4.0313212e-01  -5.0310798e-01  -1.3334491e-01  -1.4561357e-01   6.9135801e-01  -5.3337060e-02  -4.0497127e-01   1.9819440e-01   1.8909509e-02  -2.9010002e-01   1.3672315e-01   9.7501428e-02  -3.3014043e-01  -1.8594269e-01  -3.1690870e-01   4.8732982e-01  -1.5498844e-01  -2.6508300e-01   4.4841469e-01  -6.5802091e-02  -7.0473964e-02  -1.9666550e-01
   6.2709581e-02  -1.4258982e-01  -1.5497741e-01   2.2075620e-01  -4.5559947e-01  -1.8373757e-01  -3.3055885e-01   0.0000000e+00   5.9733440e-01  -2.6112964e-01   4.6101616e-01  -5.3383294e-02   9.0135601e-03  -1.0761503e-01  -3.9946848e-02  -6.4174909e-01   3.5115413e-02   2.6845696e-01  -8.6901442e-02  -3.7054355e-01   1.9212232e-01   2.8188982e-02   1.7862566e-01   1.3754790e-01  -2.5117271e-01   8.5492753e-01  -4.4930750e-01  -1.3772991e-01  -3.7349291e-01  -2.4338097e-01   4.4658897e-01   6.1085591e-01  -2.5703524e-01   1.1601647e-01   1.0505422e-01  -3.0456124e-01   1.4179371e-02  -2.8040724e-02  -4.6406143e-01  -3.5958249e-01  -9.6165021e-02  -1.3017430e-01  -2.2169939e-02   5.5039804e-01  -6.8731420e-02   4.1236688e-01   2.0506233e-01   5.8555637e-03  -1.3368318e-01  -5.1108193e-02   2.7392371e-02   8.8811594e-01   1.6924977e-01  -1.0052349e-01   4.4202701e-01   6.1480853e-01   3.4536166e-01   4.0328488e-01   3.7150536e-01   3.2253450e-01  -1.7349933e-01  -2.5055031e-02   2.4834915e-01   6.0113289e-01   5.1427697e-01  -2.5704559e-01  -1.3836505e-01   1.3898550e-01   7.0735913e-01   9.2200636e-03   1.2532074e-01   7.0607031e-02  -2.3336986e-01   3.7915541e-01   2.7955043e-01   7.4105920e-01   1.0565268e-01   4.7966961e-01  -8.6212482e-02  -4.6933399e-01   4.9320155e-02  -1.8419037e-01   4.1575182e-01   8.8617588e-01   8.6626936e-02   6.7005125e-01   4.5873463e-01   2.9158806e-01   9.5032905e-02  -7.3518903e-03   8.5380086e-02  -3.3579744e-02  -2.0021944e-01   4.7918186e-01   7.7130144e-02  -3.2206531e-01  -4.5782320e-01   8.2396620e-01   3.1706060e-02   7.9801158e-02   2.9262172e-01   4.8993504e-01   3.1642426e-02   4.2399390e-01  -5.6409045e-02   4.3136559e-01  -1.8437555e-01   8.1957993e-01   2.3512628e-01  -2.2154594e-01   3.5296648e-01  -2.7772367e-01  -2.3214751e-01  -3.4111626e-01  -8.9596691e-03   4.7587732e-01   4.8445542e-01  -1.0092793e-01   1.4256362e-01   1.0067988e-01   1.6777638e-01  -1.1671163e-01   1.9648021e-02   4.7677644e-01   2.7890315e-01  -1.8600389e-01  -2.4672651e-01   1.3846187e-01   4.4736251e-01  -1.4245908e-01  -2.3046021e-01   2.6236269e-01   1.5165753e-01   3.5184788e-01   5.4478130e-01   7.8089225e-01  -5.4275499e-01   5.9502674e-02   6.1276531e-01  -1.1348445e-01   2.4510381e-01   5.5826019e-03   4.5071370e-01  -1.1976983e-01   2.9484121e-01   4.4431444e-01   7.8721746e-03  -1.3696018e-01  -2.9531199e-01   2.9465945e-01  -1.4264052e-02   4.8816145e-01   1.8618261e-01   3.0981202e-01  -4.7546526e-02  -3.2331651e-02   2.1145230e-01   1.3133480e-01  -1.9112308e-01   8.3003116e-02  -9.6496970e-02   5.0886059e-01  -3.1692968e-01   1.0853350e-01   5.2977009e-01   2.1485422e-01   2.4835871e-01   3.6551687e-01   1.5966754e-01   4.0782735e-01   2.6963487e-02  -3.3521352e-01   1.4414873e-01  -1.4834619e-01   3.2499166e-01  -2.1280282e-02   5.7888524e-01
  -3.0907066e-01   8.7559653e-02  -1.5548265e-01  -1.5737674e-03  -2.3615461e-01  -3.6874587e-01  -2.9274544e-01   5.9733440e-01   0.0000000e+00  -4.5559975e-02   3.5351049e-01  -1.3182047e-01  -2.2985813e-02  -4.3728820e-01  -3.1327786e-01  -4.3079157e-01   7.4938302e-02   2.3177251e-01  -1.8794409e-01  -2.4481026e-01   1.4671199e-01   1.8293875e-02   1.7704473e-01  -1.7755810e-01  -1.3074220e-01   4.5156554e-01  -3.0293792e-01  -3.4188775e-01  -3.1928266e-01  -2.0956738e-01   2.5455812e-01   2.5881899e-01   4.5830590e-03   1.6924480e-03   5.1560663e-01  -1.2675013e-01   1.0366841e-01  -2.4137243e-01  -3.0895859e-01  -1.2896535e-01  -7.2766421e-03   2.8218897e-02   2.3762805e-01   2.2830314e-01  -1.0045168e-02   1.9897333e-01   1.5529200e-01   1.1800734e-01  -3.8800200e-02   1.9117316e-01  -1.7347375e-01   5.7520191e-01   2.4512026e-01  -2.7584542e-01   1.6200206e-01   1.2419505e-01   5.4337754e-03   3.4302343e-01   1.7945697e-01   3.5277121e-01  -1.6380253e-03   1.4091379e-01   4.9688945e-01   5.2049692e-01   6.4448239e-01  -2.2150502e-01  -1.8389636e-01   1.3567933e-01   4.3453581e-01  -1.8756582e-01   2.4620541e-01  -3.8954120e-02  -4.2417760e-02  -2.1708668e-02   2.9392331e-01   5.5201764e-01   1.9930155e-01   2.8543164e-01  -3.8781338e-02  -3.0121225e-01  -8.4275673e-02  -1.5514430e-01   2.2796618e-01   5.4416931e-01  -2.5580156e-01   3.9926786e-01   5.2504351e-01   1.6831762e-01   3.6329905e-02  -2.6229403e-01   1.7987575e-01  -1.7358698e-02  -1.9681764e-01   6.8005986e-01  -1.8673141e-01  -1.8110290e-01  -4.2523236e-01   5.3210214e-01   1.4090184e-01   2.3059256e-01   8.0707019e-02   5.8870020e-02  -2.7944693e-01   7.6145074e-01  -1.5349187e-01   2.7968385e-01  -1.1630113e-01   5.3217492e-01   1.5984229e-01  -2.8336297e-01   2.9173357e-01  -5.4349905e-01  -2.0822381e-01  -4.4638052e-01  -2.9365514e-02   4.2691352e-01   1.5586738e-01   4.5013081e-02  -6.3356083e-02  -1.9484355e-02   3.0809790e-03  -5.0154192e-02   2.0295655e-01   5.6779723e-01   2.2669534e-02  -3.7829482e-01  -2.4587087e-01   2.0641642e-01   4.4239013e-01  -1.3039043e-01  -7.0912497e-02   2.5502468e-01   1.6283500e-01   4.4686331e-01   5.5678540e-01   5.2032212e-01  -3.0190878e-01   7.8177877e-03   3.7567056e-01  -3.0195141e-01  -2.3079726e-02   7.9964884e-02   1.3056151e-01  -3.0354125e-01   1.7540022e-01   4.4560747e-01  -2.1174404e-02  -1.7049856e-01  -4.1390114e-01   3.4161895e-01  -4.2202529e-01   2.5455714e-01  -2.2498563e-01   3.4488056e-01   3.3707291e-02  -2.5718122e-01  -8.7725969e-02   2.8382735e-03  -5.7370830e-02  -1.5001864e-01  -5.0260418e-02   3.7003245e-01  -3.1750515e-01   3.0532010e-02   3.0259025e-01   2.1304613e-01   9.9987059e-02   1.8759995e-03  -3.0598502e-01   4.1302114e-01   1.2315488e-01  -3.8964794e-01   1.9738614e-01  -2.9278252e-01   1.8854209e-01   1.4165549e-01   4.1538548e-01
  -4.1494609e-01   4.3725045e-01   4.5137237e-01  -1.7547034e-01   3.2287912e-01   4.6580407e-01   5.9805756e-01  -2.6112964e-01  -4.5559975e-02   0.0000000e+00  -1.4140879e-01   4.4625229e-01  -1.6164193e-02  -1.8105079e-02   5.2138071e-02   2.3832700e-01   3.0893481e-01  -7.5263603e-02   2.6601315e-01   4.6863769e-01  -1.5625938e-01  -3.5998923e-01   1.8366019e-01  -3.4642716e-01  -6.4546126e-02  -3.1688627e-01   4.5930753e-01   1.0098018e-01  -1.2714532e-01   3.1793228e-01  -4.2649212e-01  -2.7571672e-01   1.0857933e-01   5.6198209e-01   1.1168613e-01   3.9329277e-01   1.4066251e-01  -3.7327198e-01  -8.4555748e-02   4.5467420e-01  -1.6297701e-02   1.4606630e-01   1.6329618e-01  -1.3779130e-01   1.3130508e-01  -3.9258542e-01   7.3666074e-02   4.3259850e-01  -2.1564633e-01   1.4881724e-01  -4.4936249e-02  -2.6458497e-01   3.4074352e-01  -1.7161723e-01  -5.7730583e-01  -6.1049186e-02  -2.5770599e-01  -2.1452183e-01   1.6516156e-02   1.2938659e-01  -1.0214870e-01   3.2442322e-01  -1.2569816e-01  -4.1573394e-01  -2.5219626e-01   6.7472593e-01   6.0741047e-01   1.8291761e-01  -1.7246406e-01  -7.3605492e-02   2.3467393e-01   8.9381735e-02  -3.7511012e-02  -4.1171165e-01  -2.7427406e-01  -7.1434659e-02  -2.1467006e-01  -7.9396707e-02   4.6611715e-01  -1.6244267e-01   3.6566413e-01  -8.4318266e-02  -1.3136809e-01  -3.2955421e-01  -3.2531094e-01  -1.0541843e-01  -2.6980467e-01  -4.8887264e-01   8.4510304e-03  -4.2857929e-01   5.1557246e-02  -2.6190915e-01   6.5474654e-01  -2.5167784e-01  -3.8091188e-01   4.1601364e-01  -1.0987035e-01  -1.1029226e-01   3.4620745e-01   4.2158480e-01  -3.2033160e-01   8.2475378e-02   4.1788660e-02  -2.1168190e-01   2.3805239e-01  -2.4730945e-01   8.2872402e-02  -1.3707043e-01  -1.0989115e-01   4.8604811e-01   3.0387583e-01   1.9203060e-01   1.4285000e-02  -2.0576214e-01   1.4630551e-01   1.1974479e-01  -1.0689324e-01   5.3747373e-02  -2.8734738e-01  -2.5568070e-02  -3.1369685e-01   3.3134419e-01   1.3322318e-01  -2.6819777e-02  -3.8485849e-01   2.0165113e-01   2.3085931e-01  -1.9508825e-01  -2.7102724e-01   1.9374995e-01  -1.9236961e-02   1.0480225e-01  -2.3579916e-01  -3.2777207e-01  -2.0602724e-01  -2.2171354e-01  -9.6357484e-02   3.0097126e-01  -4.3620797e-02  -1.3813260e-01  -2.4237212e-01  -2.3398092e-01  -1.2716936e-01   4.3480746e-01   9.9503420e-02  -4.2112199e-01   4.3379443e-01   4.0257152e-01   5.0924579e-01  -5.1391927e-02  -2.0481882e-01  -1.2040172e-01  -3.3047587e-01   1.2767092e-01   5.0520508e-01  -4.0601385e-01  -3.8342768e-01   7.9412188e-02  -1.8533536e-01   2.5942958e-01   1.5237107e-01  -2.3426040e-01   3.4925243e-01   1.0342627e-01  -2.2508406e-01   4.1081132e-01   2.5114416e-01  -2.8432213e-01  -2.5023646e-01  -6.2116950e-03   5.3138587e-01  -2.7437509e-01  -1.7962471e-01   3.4714180e-01  -1.2154908e-01   1.3313020e-01  -1.6096163e-01
   2.2862291e-01  -4.6856279e-01  -2.5100930e-02   1.9423209e-01  -1.8368919e-01  -1.1405053e-01  -4.5618009e-01   4.6101616e-01   3.5351049e-01  -1.4140879e-01   0.0000000e+00  -2.7698487e-01   7.2906563e-02  -3.7481829e-01  -5.7182939e-02  -1.6137642e-01   7.4750047e-02   6.6148198e-01  -8.4842372e-04  -2.4465184e-01   4.2173020e-01   2.1178751e-01   3.4332631e-01   1.7819463e-01  -1.1116418e-02   2.8754594e-01  -2.4907780e-01  -3.0831936e-01  -4.3175448e-01  -1.2688871e-01   4.4793930e-01   3.5119551e-01   5.9218024e-02  -1.4674311e-01  -2.8313061e-01   2.8328878e-01  -1.8478626e-01   1.4573253e-01   4.1317537e-02  -4.8123717e-01   8.5575799e-02   1.1176845e-01  -1.4501461e-01   5.2887376e-01   3.5213958e-01   4.5533706e-01   6.8802537e-01  -2.7854602e-01   2.5521263e-01  -9.8518464e-02   4.8183333e-01   3.1418871e-01  -1.0242903e-01   6.6808577e-02   3.0423475e-01   5.3791901e-01   1.8824402e-01   1.0523605e-01   5.5865075e-01  -1.3169230e-01   2.0880345e-01   1.9125382e-01   1.7866022e-01   6.4562259e-01   4.6156748e-01  -1.6779541e-02  -8.8442076e-02   4.3680669e-02   5.0480125e-01   2.7436646e-01  -3.4013039e-01   1.7407064e-01   1.2672087e-02   1.8576925e-01   2.3637914e-01   2.3845716e-01   3.5148984e-01   3.8728755e-01  -3.5050185e-01  -8.2415082e-02  -3.1259082e-01  -2.5306561e-02   3.7100351e-01   2.8761965e-01  -5.1331278e-02   5.9050183e-02   3.6574152e-01   1.2684006e-01  -8.1077727e-02   1.7594666e-01  -5.8564813e-02   2.4932341e-01  -3.4193535e-01   1.8570991e-01   1.4718021e-01  -3.2617897e-01  -1.2318501e-01   3.6169749e-01   6.1611302e-03   1.8607590e-01   8.1870226e-02   5.1905510e-01  -3.5310162e-01   2.1407797e-01   5.7417190e-02   2.4504922e-01  -4.4276873e-03   3.0894803e-01   2.7635693e-01  -5.0594237e-02   1.8649847e-01  -2.6185183e-01  -1.9352253e-01  -1.1587539e-02  -1.5932506e-01   2.5655114e-01   3.6177158e-01   1.2243698e-01   2.2665220e-01   1.4120277e-01   4.1227046e-01  -2.7877422e-01  -7.2651993e-02   2.8299834e-01   3.0580296e-01  -4.4846983e-01  -9.0615875e-02   2.6336345e-01   5.2825066e-01   3.1912966e-02  -7.5111543e-04   4.0029753e-01  -1.7457675e-01   3.8036034e-01   2.5384652e-01   3.3452382e-01  -2.6646618e-01  -1.8272636e-01  -3.2225952e-03   2.6427063e-03   2.2182629e-01  -7.9568601e-02   6.6816416e-01  -2.1619808e-01   3.1203649e-01   5.1573094e-01  -4.1356248e-01   3.0208114e-01   1.8552526e-02   3.0685061e-01  -5.3702574e-02  -3.0771070e-02   3.1197624e-01   5.5595527e-01  -4.1149464e-01   8.1175670e-02   4.5112948e-01   4.3722768e-01   1.2589107e-01  -3.5025892e-01  -2.7514279e-02   7.6411230e-01   1.0435761e-02   3.9816353e-01   3.6079091e-01   5.9266922e-02   3.8930848e-01   2.8151362e-01   2.4927662e-01   2.5991611e-01  -3.5827403e-01  -1.6584685e-01   4.4922998e-01  -8.7340469e-02   7.7028390e-02   5.2712595e-02   3.0930299e-01
  -2.6472530e-01   6.9061669e-01   4.6226080e-01  -2.0719321e-01   3.0838497e-01   5.4021968e-01   7.1011482e-01  -5.3383294e-02  -1.3182047e-01   4.4625229e-01  -2.7698487e-01   0.0000000e+00  -3.0259570e-02   1.6319157e-01   2.9458861e-01  -8.1012010e-02   3.1543198e-01  -3.2681690e-01   1.5845339e-01   4.7665307e-01  -5.1419333e-01  -3.4679284e-01  -1.5999468e-01  -1.6838923e-01  -2.6663077e-01   5.2514123e-03   4.0466757e-01   3.2831032e-01   4.4977409e-02   3.8632125e-01  -5.0965594e-01  -5.9857463e-02  -3.2587934e-01   4.8298135e-01   2.9277224e-01   1.3388526e-01   6.3800989e-02  -3.3280774e-01  -4.0570045e-01   4.9579293e-01  -1.5937718e-01  -1.6404544e-01   4.4734026e-01  -1.0843647e-01   1.9360830e-02  -2.9934591e-01  -1.7626908e-01   3.6283090e-01  -2.5199520e-01   2.2861693e-01  -1.9793110e-01  -2.8662727e-02   3.9701574e-01   2.8980068e-03  -3.2940431e-01   7.4689531e-03  -1.5095822e-01  -6.6259895e-02  -1.7840512e-01   5.8308725e-01  -1.6693930e-01   2.0168834e-02  -1.6933506e-01  -4.6718562e-01  -3.3411679e-01   4.8170857e-01   5.4111348e-01   5.4141482e-02  -7.4845425e-02  -1.0311855e-01   5.1625113e-01   3.7458380e-02  -2.4556489e-01   6.8294812e-02  -2.7918447e-01   1.0313502e-01  -2.7334440e-01  -1.0961256e-01   5.4365690e-01  -3.2940939e-01   4.6218791e-01  -1.8283556e-01  -2.1730500e-01  -2.6382414e-02   9.4123058e-02   1.8616253e-01  -3.2295624e-01  -1.6574612e-01   2.5246078e-01  -3.2190684e-01   7.6736674e-02  -1.7449846e-01   6.2982756e-01   3.4040477e-02  -2.0013141e-01   4.5991054e-01  -1.9403283e-01   4.8079543e-02   2.0070476e-01  -1.0478381e-01  -3.0692803e-02   1.5333536e-01   2.6091203e-01  -5.4386381e-02   1.3891451e-01  -1.5327913e-01  -6.0915045e-04   5.7287103e-02  -1.6513283e-01   3.1697910e-01   1.5563752e-01   3.4848596e-01  -1.7515216e-01  -2.1234290e-01   2.9642435e-01   1.8273187e-01   1.2329332e-01  -1.4852737e-02  -2.7617545e-01  -6.2835424e-02  -3.5744578e-01   4.2109824e-01   2.3548001e-01  -3.6894481e-02  -3.1168010e-01   6.1926243e-01   7.7717882e-02  -3.8629867e-01  -3.5308005e-01   3.3864745e-03  -3.0334201e-01  -1.9316981e-01   2.7676510e-01  -5.1647937e-01  -8.6149137e-02  -1.4907916e-02  -2.1496709e-01   2.4430041e-01   2.1572395e-01  -4.1538828e-03  -1.1539831e-01  -1.1646687e-01  -7.4451420e-03   4.2103417e-01   1.7798906e-01  -3.9977657e-01   7.7389026e-01   2.1399963e-01   3.1667292e-01  -3.9922673e-01   1.1467488e-01   7.0249304e-02  -1.6792078e-01  -5.6642637e-02   7.0688680e-01  -2.3641502e-01  -2.5554195e-01  -1.0739187e-01  -1.3551798e-01   4.4330941e-01  -7.5250034e-03  -1.6197169e-01   1.4240493e-01  -1.0946413e-01  -1.4414310e-01   1.9703308e-01   2.3197469e-01  -1.1646721e-01   1.4347367e-02  -5.6369884e-02   5.8283463e-01  -1.2652005e-01  -3.4847574e-01   4.0167018e-01  -6.1111841e-02  -1.9607111e-03  -6.8518766e-02
   1.4731029e-01   2.8833851e-02   5.7188528e-03  -5.3297686e-03   4.1526139e-01  -1.4491528e-01  -9.1103456e-02   9.0135601e-03  -2.2985813e-02  -1.6164193e-02   7.2906563e-02  -3.0259570e-02   0.0000000e+00  -2.3316056e-01  -2.1609787e-01   3.4728489e-01   1.1818876e-01   1.8925842e-01  -1.8728018e-01   3.0112987e-01  -4.5251310e-03  -1.5647576e-01  -3.1460552e-02  -1.3185021e-02   3.3605390e-02   5.9349501e-02   1.5218060e-01   3.3957421e-03   2.5956510e-01  -1.1430579e-01  -4.6036650e-02  -6.3482491e-02   1.3911111e-01  -1.0433158e-01  -8.3447098e-02   2.9662502e-01   1.6987442e-01   1.5256088e-02   4.2356147e-01   1.8658362e-01   7.4430091e-01   8.7535891e-02  -2.9044935e-01  -9.5706721e-02   4.3173685e-02   2.2973391e-01   4.6095488e-02   1.7639408e-02   4.3555662e-01   2.1241188e-01   9.3557848e-02   5.8612815e-02   9.8419155e-02   7.2568202e-03   5.7972822e-02  -2.4913313e-02  -1.0080102e-01  -1.6318514e-01   1.9797083e-01  -1.6593593e-01   2.0212658e-03  -1.3892723e-01  -3.8296110e-02   1.1385525e-01   9.8439412e-02   5.3198031e-02  -1.2094162e-01  -5.5828003e-02  -1.3882940e-01   8.6209594e-02   9.1567992e-02   6.6059273e-02   6.2073714e-01  -5.4769938e-02  -5.9479110e-02  -5.8130765e-02   1.2046794e-01   2.3871214e-01   1.1174955e-01   2.7939968e-01  -1.3502280e-01   6.0283203e-01   3.1948557e-02  -3.1173819e-02  -1.2531324e-01  -7.5844893e-02   5.7246531e-02  -8.0971782e-02   1.8958725e-01   1.0341385e-01   1.1585058e-01   6.5752168e-02  -7.8977277e-02  -1.2457481e-01   1.0128575e-01   2.6172639e-01   2.5385585e-01   8.3864017e-02   2.0665840e-01   1.4082428e-01  -4.0683111e-02  -7.7453678e-02  -3.8260123e-01  -2.7512966e-02  -5.4147945e-02  -2.4723196e-01  -3.6865578e-02  -4.6832053e-02   1.0059726e-01  -6.9031170e-02  -2.7881885e-02  -1.6530810e-01  -1.4729740e-01   9.9913244e-02  -3.1805186e-02   1.5763457e-01   1.2110293e-01   5.9798409e-01   1.7421089e-02   1.3041750e-01   2.3303794e-02   1.0858033e-01   3.9050517e-02   1.7199825e-01  -9.1504219e-03  -1.0975554e-01  -1.1166502e-02   1.5346524e-01  -3.6027153e-03   9.9074418e-02   6.9465901e-01   8.8413282e-02  -1.9101326e-01  -3.7673529e-02  -3.1984008e-01  -6.1402458e-03   2.4097623e-01   2.7067222e-02  -1.0095356e-01   2.1102975e-01  -4.5430731e-02   5.5787896e-01   4.0379681e-02  -2.4477342e-01  -1.6626157e-01   4.1597878e-02  -1.1498615e-01   1.8638180e-01   1.1815236e-02   8.5519115e-02  -9.7630509e-02  -1.0021802e-01   1.0177251e-01   3.0450904e-01   3.1660569e-02  -7.9942387e-02   3.5050689e-02   1.5426084e-01   2.6355871e-01  -1.8369770e-01  -5.8990050e-02   7.0327541e-02   2.9989527e-01   1.3663311e-02  -1.0663790e-02   9.9694621e-03   1.4146537e-01   1.2931080e-01   4.9067029e-02   1.3065718e-01  -1.5200604e-04  -4.1696392e-02   1.8993636e-01  -2.5179972e-01  -2.7983447e-02   2.9458640e-01  -1.6981280e-01
   3.2361462e-01   2.0677019e-02  -9.1914107e-02  -2.6629236e-02  -2.0760483e-01   2.0085920e-01   2.0260897e-01  -1.0761503e-01  -4.3728820e-01  -1.8105079e-02  -3.7481829e-01   1.6319157e-01  -2.3316056e-01   0.0000000e+00   4.0817550e-01  -1.1077099e-01  -2.5836741e-01  -4.4177383e-01   3.6813349e-02  -1.0806831e-01   2.0100921e-02  -2.6704086e-02  -1.2224845e-01   3.3447658e-01  -8.1625130e-02   1.2740289e-02   1.6019665e-02   3.1930093e-01   1.5667357e-01   6.7525050e-02   6.7750268e-02   1.5556350e-02  -1.2244536e-01  -2.5574912e-02  -2.1771224e-01  -3.6501514e-01  -3.0278480e-01   1.8063092e-01  -1.5515250e-01  -5.6633376e-02  -1.9824516e-01  -1.2307566e-01  -4.1928612e-02  -3.5008160e-02  -2.7928000e-01  -1.7085347e-01  -2.5739130e-01   1.0866643e-01  -2.8982941e-01  -1.8986536e-01  -1.6923689e-01  -7.1969152e-02  -1.3427634e-01   3.3961061e-01   2.4078716e-01   7.9072644e-02   1.0960160e-01  -9.9024118e-02  -2.7496986e-01  -3.9590652e-02  -1.2084314e-01  -2.6796976e-01  -1.7628511e-01  -2.9890286e-01  -4.2446510e-01  -1.4908743e-01   2.1139850e-02  -5.2858701e-03  -1.6619325e-02  -7.9731745e-02  -1.2375569e-02  -2.0236451e-01  -2.0538166e-01   2.0151051e-01  -3.8830314e-02  -2.0211364e-01  -2.2833458e-01  -1.7102452e-01  -4.0381727e-02  -1.4113528e-01   3.8615895e-01  -2.0630387e-01   6.3007229e-02  -1.9636607e-02   5.5738151e-01  -1.6420184e-02  -2.3968871e-01   3.1034029e-01  -7.9612893e-02   1.8981299e-01   1.3194102e-01  -1.6729989e-01   7.6805416e-02  -3.4568998e-01   2.4502296e-01  -4.8667368e-02   6.1954632e-02  -7.4957624e-02  -1.9060886e-01  -3.1596841e-01   3.2465830e-01   3.0567786e-02   5.4824207e-01  -2.9964775e-01  -6.7175983e-02   1.8214086e-02   3.1811489e-01  -4.8229063e-02  -1.5956457e-01   2.3596977e-01  -3.6428031e-02   3.2595749e-01   2.9626086e-02   2.9750603e-01   2.5932788e-01  -1.5517129e-01  -1.9448958e-01  -1.1886967e-01   1.9197327e-01  -1.3210161e-01  -8.5607610e-02   1.1471894e-01  -1.3368605e-01  -1.8926826e-01   7.6277522e-02   5.8947279e-01   1.7585601e-01  -2.7877273e-02  -3.0786940e-01  -2.4768853e-01  -2.5861212e-01  -3.4414544e-01   2.5708783e-01  -2.2462334e-01  -1.6915666e-01  -1.9033996e-01  -9.7042813e-02   6.0501890e-03  -1.2291342e-02   2.4262597e-01   3.2811207e-01  -2.7571004e-01  -1.4606889e-01   3.4675148e-01   5.7327103e-02  -1.0441569e-01   2.2127727e-01  -2.2097619e-01  -2.6873478e-02  -3.3867387e-01   5.4338775e-01   3.5201558e-01   1.2337529e-01  -2.4594126e-01   3.8072294e-02   2.7140306e-01  -4.3885969e-02  -1.0309992e-01  -2.1474083e-01   5.0933769e-01  -5.3515616e-02  -2.8502376e-01  -1.7922827e-01  -2.8367728e-01  -8.3035870e-02  -8.3424217e-02  -1.2621233e-01   1.9541068e-01   2.8937621e-01  -1.2211969e-01   4.4336504e-02   6.2993132e-02  -4.6699420e-01   2.6417085e-01   1.8101197e-02  -1.8623875e-01  -1.2336040e-01
