   0.0000000e+00  -1.6428787e-01   8.8153914e-02  -2.6211523e-01  -4.5922823e-01   2.5114054e-03  -6.9886307e-02   9.9159603e-02  -2.2616725e-01  -3.0730145e-02  -3.0048715e-01   2.5095387e-02   7.7560498e-02   3.2451041e-01   8.2272472e-02  -5.1412835e-02   8.6228777e-02  -2.0167585e-01  -4.2083642e-02  -3.6741326e-01  -2.8261555e-01   7.3421913e-03  -8.3423593e-02   6.0360489e-01  -4.5105453e-02  -1.5254217e-01  -1.8402649e-01   1.2598947e-01  -9.5569096e-02   1.3252352e-02  -1.7194468e-01  -6.7920368e-02  -9.5009886e-02  -2.2891812e-01  -1.3814278e-01  -3.6842201e-01  -1.3654259e-01   6.5128705e-02  -2.3135857e-01  -1.2037669e-01  -2.9455421e-01  -5.7438033e-02  -1.3696005e-01   6.2767717e-02  -8.0105677e-02   5.2677275e-01  -2.5773879e-01  -3.3480843e-01  -1.7307875e-01  -1.4338170e-01  -2.2920219e-02  -8.6502777e-02  -5.1468824e-01   3.0642102e-01   2.7673512e-01   7.0570836e-03   2.0895700e-01  -9.8189355e-02  -1.4046192e-01  -1.1981906e-01   2.5265927e-01  -3.1853855e-01  -1.6253782e-01  -2.1005513e-01  -4.4076012e-01   2.0556726e-01   3.2072557e-02  -1.8008625e-01  -2.8979499e-01   4.9339397e-01  -2.1576311e-01  -1.9175366e-01  -2.4186567e-01   9.2907106e-02   4.4297122e-02   1.0603818e-02   2.4632873e-01   2.0482742e-01  -4.7325295e-01  -1.8222099e-01  -3.7735161e-02  -2.2753332e-02  -3.4887084e-01   8.7384042e-02   5.9986499e-01   1.1972192e-01  -2.9559787e-01   3.3500908e-01  -2.5191363e-03   7.1782520e-01  -4.3356585e-01   1.8427722e-01  -2.1152160e-01  -1.8114962e-02   8.9421443e-02  -3.2311234e-01  -3.2293870e-02   3.0281085e-02  -3.4447042e-01   2.5912615e-02   4.2589929e-01   4.3763186e-02  -9.7848672e-03  -3.6996512e-01   5.5220969e-02  -9.7702938e-02   3.9480361e-01  -2.3192833e-01  -2.1500999e-01  -3.4062997e-01  -1.7311858e-01  -3.8417313e-02   7.9678272e-02   5.9619033e-01   1.3665445e-01  -3.1308044e-01  -1.9234685e-01  -1.8970259e-01   3.6980648e-01  -2.8853113e-01   4.0962585e-01  -2.9875330e-01   2.6763195e-01  -4.1020086e-01   5.9802519e-01  -5.0434626e-02  -1.7411057e-01  -1.0600095e-01   4.0802922e-02   4.5840124e-01  -1.3879987e-01  -3.8086145e-01   2.2616245e-01  -4.1936128e-01  -8.6221025e-02   1.1029071e-01  -2.7923885e-01  -2.3534887e-01   1.2817948e-02   2.0393770e-02   3.1551844e-01  -7.0519706e-02  -2.2963329e-01   5.3356894e-01  -3.7282960e-02   2.6961487e-02  -1.8098703e-01  -1.3403818e-01  -1.1666324e-02  -6.0981437e-02   5.4694155e-01  -1.1469304e-01   5.4399340e-01  -3.4889417e-01  -7.9926804e-02   3.8346937e-01   3.7999013e-01  -2.0155703e-01   2.2425182e-01   5.4375377e-02  -3.2187744e-01  -1.7189256e-01  -1.4751457e-01  -2.0517209e-01  -3.0708648e-01  -2.4489585e-01  -2.8030052e-01   4.9358660e-02   5.1894478e-01  -3.7251354e-01  -3.1247580e-01   1.3095593e-01  -3.8738945e-01   1.4207499e-02   1.0859546e-01  -1.9075488e-01  -7.1014031e-02
  -1.6428787e-01   0.0000000e+00   1.2693329e-01   3.8824254e-01   2.4204989e-01   2.3594298e-01   7.7660749e-02   2.7696936e-01   4.1351585e-01  -2.1740585e-01  -8.4301953e-02   5.0696489e-01  -2.7907913e-01  -8.0545610e-02  -3.0116571e-01  -7.9841322e-02   2.9964656e-01  -1.4057369e-01   1.0442997e-01   1.6334324e-02  -3.1896400e-01   1.2399871e-01  -2.4278754e-01   2.3667249e-02   1.5326936e-01   5.9027549e-02   1.5496672e-01  -3.2025647e-02   1.1695813e-01   3.0531111e-01   6.3640897e-02   1.7034314e-01  -4.5215888e-02   2.4391356e-02   2.9040626e-01  -2.4080592e-01  -1.3941249e-01  -6.4173285e-02  -1.7424180e-01   2.7916300e-01  -1.1979214e-02   3.8140786e-02   3.3527366e-01  -3.7331013e-03  -9.2987843e-02   1.7734234e-02  -1.3402436e-01   4.0650345e-01  -1.8732832e-02   3.6068566e-01  -2.1532640e-01   1.6229299e-01   2.7870821e-01  -1.3716880e-01  -1.5697787e-01  -2.6695462e-01  -1.2660087e-01   1.2935741e-01   2.5115302e-01   4.2509056e-01   2.6074467e-02  -2.8572728e-02   2.9359285e-01   1.7803772e-01   2.5867886e-01  -2.1866117e-01   2.2353302e-01   2.0872412e-01   7.4929326e-03  -2.3114428e-01   2.1878693e-01  -2.1239518e-02   6.7187550e-02   2.2832880e-01  -1.7317314e-02   1.6290073e-01   4.2356798e-02  -1.0163445e-01   2.9554042e-01   2.1955300e-01  -2.6283917e-01  -1.6947484e-01   1.5675406e-01  -1.2845070e-01  -1.9016661e-02   1.7465330e-01   2.4422204e-01   1.2295609e-01   1.8802440e-01  -9.8208407e-02   1.8193207e-01   1.6830766e-01   2.0225292e-01   3.2077525e-01  -1.1389969e-01   1.8447022e-01   4.2905047e-03   2.0846064e-01  -1.6172611e-01  -6.7589677e-02  -1.2940556e-01  -1.3129274e-01  -2.1536904e-01   4.4009441e-01  -7.6801365e-02   1.8892906e-01  -9.1516891e-02  -1.6035833e-03  -2.8797161e-02  -1.4519610e-01  -1.3474220e-01  -3.4578102e-03   1.3832504e-01  -2.6458189e-01  -2.5479024e-01   2.7802272e-01   9.4082975e-02  -2.5335724e-01  -2.9827847e-01   2.2230733e-01   2.7488844e-01   2.9168030e-01  -3.4583043e-03   3.2591899e-01   3.6056331e-02   2.4340617e-02   1.7731493e-01   4.0901904e-02   3.1701631e-01  -2.9441880e-01  -1.4531043e-03  -6.2307698e-02   2.1478224e-01  -2.9984399e-02   6.5609302e-02   1.3405497e-01   1.2182732e-01   1.5037032e-01   2.6515999e-01  -2.3523708e-01  -5.7378831e-02  -1.3380729e-02  -2.4555000e-02  -3.1893919e-01  -1.5411913e-01  -3.9110950e-02   1.3936206e-01  -1.0221855e-01  -9.1484337e-02  -1.7808993e-01  -6.9638777e-02  -1.1796828e-01   1.5105924e-02  -8.7699894e-02   7.0564396e-02  -3.1401751e-02   1.9244924e-01   6.4900029e-02   1.3381406e-01  -5.8243018e-02  -3.4766738e-02  -1.0233476e-02  -2.9948844e-01   1.3806938e-01   2.6614943e-01   2.6052744e-01  -1.1491074e-01   1.5653827e-01   6.9762193e-02   2.5834588e-01   2.5948184e-01  -2.8744833e-02  -1.2356117e-02  -8.8246000e-04   1.2735116e-01  -3.7892629e-02   2.5999543e-01
   8.8153914e-02   1.2693329e-01   0.0000000e+00  -1.0467607e-01  -2.1142472e-01   3.2468643e-01  -2.5649410e-01   1.3633795e-01  -6.3273763e-02  -2.4832875e-01  -3.7916567e-02  -3.3988885e-02  -6.8671962e-02  -1.1170897e-01  -1.5055545e-01  -7.9514136e-03   7.2046842e-01  -2.1228970e-01   2.2864804e-01  -2.9209385e-01  -3.1574440e-01   2.2399592e-01  -3.1476666e-02  -1.0567233e-02  -2.0989339e-01   3.0053878e-02   1.5678833e-01   3.7560931e-01  -6.3948203e-02  -9.7595558e-02  -4.0974306e-02   1.4806969e-01  -4.7654923e-02  -1.2506006e-01  -3.7763314e-02  -3.3577442e-01  -2.2683187e-01  -2.7378624e-01  -1.1568666e-01   1.0980513e-01  -2.9615186e-01   1.2125584e-01  -1.6894784e-01  -4.2987846e-02  -2.4506596e-01   2.4314295e-01  -7.3055377e-02  -1.8596016e-01  -1.0979335e-03   2.1544502e-01  -2.4590750e-01   1.3243977e-01  -8.2094528e-02   9.2876632e-02   9.3300648e-02   4.1113725e-02   1.2642992e-01   2.4314237e-01  -9.2601724e-02  -8.3530340e-03   2.2255358e-01  -2.4177488e-01   1.1495993e-01  -2.9617145e-01  -3.0984142e-01  -2.0052066e-01   1.6804459e-01  -1.2497498e-01   4.7614853e-02   6.0342609e-01   5.7190585e-02  -2.0410978e-01  -3.4793213e-01   4.1192870e-01  -7.3215727e-02   7.9274536e-02   1.2412742e-01   3.2659430e-02  -1.5738373e-01  -2.1286439e-01   1.1727089e-01  -2.1538916e-01  -1.4512677e-01  -5.1440254e-02   2.8495624e-01  -3.8640429e-02   8.3422419e-02   8.3940124e-02   6.9620554e-02   4.9788451e-02  -1.6190811e-01   5.6981099e-01  -6.2004987e-02  -9.4713561e-02  -2.8705467e-01  -2.4391933e-01  -2.7927385e-01  -1.4502333e-01  -3.1897539e-01  -3.0671237e-01   2.8200926e-01   1.4242051e-02  -5.1819019e-02   8.0460625e-02  -7.3582761e-02   1.4185312e-01   2.5290221e-01  -2.6319459e-02  -1.0886340e-01  -4.6362539e-01  -1.7503654e-01   2.1826555e-02   1.4159347e-02   5.4294578e-02   1.9211834e-01  -1.0791321e-01   1.3813824e-02  -1.6025050e-01   3.2665649e-01  -7.6249509e-02   4.1956087e-01  -2.5544829e-01   9.9083541e-02   3.0527607e-02   2.6753962e-01   8.2213502e-02   4.3444512e-02  -1.5008319e-01   1.7478594e-01   5.9314349e-01  -2.2075126e-01  -2.3859490e-01   1.8551621e-01  -5.7732053e-02  -7.5280331e-02   1.0136968e-01  -1.3978426e-01   2.0194913e-01   8.5957697e-02  -3.2695545e-01   1.1654214e-01  -1.0112671e-02  -1.0123551e-01   2.1731187e-01   1.0234874e-01  -7.6257107e-02   1.6017807e-01  -3.3020197e-01  -2.0096582e-01  -3.1736484e-01   1.6939730e-01  -7.4215984e-03   3.0702785e-01  -2.9487766e-01   3.5679655e-01  -1.2498606e-01   1.7367530e-01  -2.3142076e-01   3.8391162e-01   6.2759687e-03  -1.9264974e-01  -2.3089802e-01  -1.7526458e-01  -5.4486914e-02   2.1182755e-01  -2.8863764e-01  -2.4336009e-01   9.3927203e-02   3.7874799e-01  -2.6209769e-01  -1.6664826e-01  -2.4139651e-01  -3.3121747e-01   7.4393261e-02  -1.8929126e-01  -1.8784949e-01   2.5967380e-01
  -2.6211523e-01   3.8824254e-01  -1.0467607e-01   0.0000000e+00   1.6237809e-01   3.6937121e-01   2.9508284e-01   3.3642169e-01   2.0157501e-02   1.2688406e-01   4.0642934e-01   2.8118135e-01  -3.4515014e-01  -1.3643382e-01   1.3213046e-01  -2.9859460e-02  -2.0366474e-01   3.6965532e-01   2.3788000e-01   2.8670590e-01   1.2124606e-01   5.6535671e-01   2.1379400e-01  -1.3097239e-01   4.8035293e-01   1.8204962e-01   1.6690612e-01   8.9183575e-02   1.4711058e-01   5.5381891e-01   4.0526610e-01   4.6494504e-01   1.3638977e-01   1.4395678e-01   2.3803552e-01   1.7569970e-01   3.1342678e-02   6.0953366e-04  -2.2792246e-01  -2.4317041e-03   4.4791809e-02   1.5276321e-01   1.1048868e-01   2.2596321e-01   2.5405277e-01  -4.0188131e-01   3.0001534e-01   1.3969304e-01   1.4554375e-01  -1.3521919e-01   2.8448793e-01   3.2349463e-01   1.3408150e-01  -2.4171340e-01  -5.4416907e-02  -8.1760329e-02  -5.6078246e-02   4.8031631e-01   4.8426210e-01   5.3828499e-01  -2.1863436e-01   3.8537182e-01  -1.7459264e-01   2.9370809e-01   1.7678217e-01   1.6653089e-01   4.5342214e-01  -9.8852291e-02   2.7286256e-01  -3.5609270e-01  -1.1962421e-01   5.7537072e-01  -1.9588621e-02  -4.8170432e-02  -1.9142536e-01   4.0269784e-01  -2.8641279e-01   8.4768086e-02   7.5957533e-02   4.4005450e-01   1.6160627e-01  -1.0190934e-01   2.4861678e-01  -9.2619790e-03  -2.2527995e-01   2.9988885e-01   3.2119397e-01  -1.6563834e-01  -1.8337092e-01  -3.5222466e-01   7.2986401e-02  -1.3289197e-01   1.7970134e-01   3.9397805e-01  -4.4765413e-02   2.1069965e-01   3.2396907e-01   3.8948911e-01   3.2134627e-01   2.2680654e-01  -2.1612718e-01   9.6951131e-02   1.4852441e-01   5.2760980e-01   2.4721422e-01   5.1482472e-01  -2.3231134e-01   2.9212799e-01   2.1265443e-01  -9.5661361e-03   2.6522203e-01   3.2527604e-01   5.8047387e-01  -1.2817755e-01  -1.9112499e-01  -1.0741144e-01   2.2068466e-01  -1.7552580e-01  -3.5321269e-01   7.8509865e-01   7.2047581e-02   3.4834431e-03  -3.2009298e-01   8.3366628e-02  -1.6934556e-01   1.2460847e-01   1.3593420e-01  -1.1617011e-01   6.5021809e-01  -4.4202353e-01  -3.2723113e-01   1.7627355e-01   3.5903278e-01   1.0093991e-01   4.6913114e-01   2.9923432e-01   2.2398050e-01   1.2632385e-01   3.1348484e-01   9.2503987e-02   9.1822186e-03  -1.9044980e-01   3.2081885e-01  -4.7452100e-01   2.9767930e-01   7.6999177e-02   4.3225404e-02   2.5041795e-01   2.2399543e-01   1.4581221e-01  -2.8051518e-01   1.1503866e-01  -3.5678107e-02   2.5477334e-02  -1.1957822e-01   7.4164874e-02   1.8443191e-01   3.7438097e-01  -1.3130403e-01   1.4721507e-01  -3.1093199e-03   2.9946427e-01   6.5503017e-02   5.0082034e-01   5.6646844e-01   3.7918448e-02   4.9913531e-01   2.1095009e-01  -1.2166130e-01   1.1367431e-01  -8.1744424e-03   1.1922260e-01   3.9459569e-01   6.0352358e-02   3.0065040e-01   1.0014774e-01   5.7257343e-01
  -4.5922823e-01   2.4204989e-01  -2.1142472e-01   1.6237809e-01   0.0000000e+00  -2.6509117e-01   2.4799360e-01  -1.7570492e-01   6.2875366e-01   1.9797719e-02  -1.6005384e-01   1.1083927e-02  -1.3969798e-01  -2.8467223e-01  -2.0420588e-01  -1.4974334e-01  -1.7245808e-01  -1.0311927e-01  -3.2841777e-01   7.6774975e-01   8.1951628e-02  -3.0228433e-01  -1.2927801e-01  -3.4019458e-01   2.4224441e-01   2.8818436e-02   5.4619138e-01  -4.1587510e-01   2.8071679e-01  -1.3717134e-01  -2.4122134e-01  -2.0178225e-01   1.6506029e-02   4.0024021e-01   2.4581995e-01   4.6090073e-01   9.8767949e-02  -9.1284144e-02   2.8477644e-02   6.7941697e-01   3.0351576e-01  -5.2861501e-03   5.9922589e-01  -3.9470589e-01  -2.4033311e-02  -3.3718207e-01  -9.9142768e-02   7.0368238e-01   1.3410390e-01   4.8143198e-01  -2.8564909e-01   1.8642771e-02   6.6508367e-01  -1.1527558e-01  -3.4875105e-01  -2.4674791e-01  -4.5831500e-01  -2.4974681e-01   4.2115030e-02  -2.6442890e-03  -3.4255341e-01   2.9712292e-01   4.2656795e-01  -1.4625185e-01   4.8853883e-01  -3.5414659e-01  -1.0169084e-01   3.4650931e-01  -8.5807611e-02  -4.9601651e-01   5.8730547e-01  -5.4407231e-02   3.8569423e-01  -1.0120903e-01   9.9653007e-02  -2.8913115e-02  -2.5968608e-01  -1.3201478e-01   8.6170842e-01   1.3831101e-01  -2.9735516e-01  -2.1183149e-02   2.2976233e-01  -3.8382413e-01  -4.9278270e-01   1.6873447e-02   2.5816829e-01  -1.5114304e-01   3.6656245e-01  -3.5416686e-01   8.2625068e-01  -3.7202569e-01   3.4788322e-01   2.5451769e-01  -1.2834400e-01   7.4228386e-01   1.8876815e-01   9.6092749e-02   4.8943599e-01  -1.6177793e-01  -2.5556151e-01  -4.9032387e-01  -2.1946112e-01   1.5610117e-01  -3.5935514e-01  -1.3300518e-01  -2.2827260e-01   9.8394749e-02   2.2649632e-01   3.3469340e-01   1.3515082e-02  -2.8802811e-01  -9.9355690e-02  -5.9047908e-01  -4.4808996e-02   6.8549930e-01   1.9263163e-01   2.2828317e-01  -5.0529615e-01   8.8473693e-02  -3.9084121e-01   8.0040028e-01  -1.8270898e-02   1.5397974e-01  -4.0026036e-01  -1.9394708e-01  -1.0516505e-01   2.4581116e-01  -4.4715851e-02  -4.0558508e-01   3.0648118e-03   4.7751272e-01  -2.9665522e-01   3.0021197e-01   1.4613720e-02  -1.4459178e-01   1.6342789e-01   3.9715365e-01   1.3998893e-02  -9.4856738e-02  -2.1153929e-01   2.3079166e-01  -1.4299751e-01  -5.5120915e-01  -2.0528613e-01  -2.6029756e-01   5.0932225e-01   1.5349021e-01  -2.5558515e-01  -1.2119624e-01  -4.2775997e-01  -4.4362120e-02  -3.7943223e-01   2.3915982e-01   3.7991715e-01  -2.6658184e-01  -4.2584410e-01   1.4706706e-01  -3.6445839e-01  -2.8034355e-01   3.1742524e-01  -1.4025571e-01   1.7014203e-01  -1.2807950e-01   9.6626464e-02   7.0051650e-01   6.4707544e-02  -2.6814666e-01  -3.9137148e-01   6.7118622e-01   7.1823579e-01  -1.7420155e-01   3.7276125e-01  -3.0653307e-01   6.0507123e-03  -8.4802685e-02  -6.8942972e-02
   2.5114054e-03   2.3594298e-01   3.2468643e-01   3.6937121e-01  -2.6509117e-01   0.0000000e+00   3.7092959e-01   3.3977995e-01  -3.4400820e-01   1.3492836e-01   3.0911011e-01   3.6836321e-01  -9.1274017e-02   4.5589301e-02   2.9738178e-01   1.5511420e-01   1.5703305e-01   3.5515487e-01   4.7062986e-01  -1.0624590e-01  -7.2526179e-02   5.7656739e-01   2.7158423e-01  -5.1734190e-03   1.9314323e-01   8.4635736e-02  -2.3778906e-01   5.4528174e-01  -2.7807405e-01   3.6318642e-01   4.4632890e-01   4.1607548e-01  -1.2777840e-01   3.6260051e-02   1.6427878e-01  -6.1884920e-02  -9.4154979e-02  -1.1547376e-01  -6.0075020e-02  -3.2928750e-01   1.6121519e-02  -1.4771700e-01  -2.9086464e-01   2.2420985e-01   9.6282174e-02  -1.4404936e-01   3.7424969e-01  -1.6540071e-01  -2.0631317e-01  -3.4220655e-01   2.1992840e-01   2.1646059e-01  -2.1329368e-01  -2.9982447e-01   2.9809425e-01   2.1585813e-01   6.2979464e-01   4.2435822e-01   4.0435460e-01   3.5283656e-01  -6.7027944e-02  -1.9982492e-03  -4.5876633e-01   6.9713888e-02  -2.6220872e-01   3.7640123e-01   6.9879152e-01  -2.2530959e-01   3.1482595e-01   3.0710909e-01  -4.8390979e-01   3.5578911e-01  -2.9229996e-01   2.4268679e-01  -5.3110384e-01   3.3762319e-01  -1.8800546e-01   1.4101231e-01  -2.6707067e-01   1.4206058e-01   5.3050878e-01  -1.9415502e-01  -4.7868535e-02   3.1228642e-01   1.8715217e-01   1.2839088e-01   3.7567852e-03   7.7348523e-02  -3.4504057e-01  -3.8460730e-02  -3.4121972e-01   1.4983714e-01   1.2487699e-01   2.1541993e-01  -1.0628470e-01  -1.4135312e-01  -3.6891746e-02   1.9046742e-01  -1.0971452e-01   3.0300311e-01   6.2702681e-02   4.0195569e-01   3.2331697e-01   2.6187941e-01   4.4464779e-01   4.6364649e-01  -9.9808458e-02   1.3560636e-01  -3.2581197e-02  -1.9306211e-01   4.0702197e-01   4.6216173e-01   3.4117681e-01   1.5343804e-01   1.5179942e-01  -5.3635921e-01   1.1086245e-01  -2.5424117e-01   1.5443964e-01   3.0459053e-01   3.1626549e-01  -3.7543763e-01  -2.1921897e-01  -1.4746134e-01   1.3178338e-01   3.1141238e-01   3.7054052e-01  -4.6224915e-01   3.7376364e-01   1.7491624e-01  -1.4648518e-01  -1.2761450e-01   2.2991518e-01  -2.0701426e-01   1.6011679e-01   2.2262569e-01  -1.5469106e-01  -1.5109613e-02   2.9422417e-01   6.5150441e-02   2.7264062e-01  -1.7085985e-01   2.3697532e-01   2.7270902e-01   4.2078436e-01   4.5736904e-02  -1.6237064e-01   1.9999948e-01   5.2300375e-01   1.8460952e-01   2.4878987e-01   1.9322768e-01   1.7864201e-01  -2.4756109e-01   7.0322241e-02   1.4283282e-01   3.3217940e-01   1.8622567e-01   5.0436398e-02   4.9628133e-01  -2.8550675e-01   1.7763958e-01   1.4469503e-01   4.2486425e-01   3.1390012e-01  -3.6386127e-01   2.9912755e-01   4.6839843e-01   1.5394988e-01  -1.4618124e-01  -2.9126087e-01   5.8473422e-02   9.4290020e-03   6.7580606e-01   2.4913524e-02  -1.5568000e-01   4.7017223e-01
  -6.9886307e-02   7.7660749e-02  -2.5649410e-01   2.9508284e-01   2.4799360e-01   3.7092959e-01   0.0000000e+00  -2.5309612e-02   3.6105416e-02   4.6103030e-01  -3.1717637e-02   2.5261279e-01  -2.4093736e-01  -1.9348552e-01   3.1870684e-01  -4.4119129e-03  -2.4894247e-01   2.6868985e-01  -5.2307202e-02   4.1582876e-01   3.0572067e-01   1.2125031e-01   5.3869604e-01  -3.0477737e-01   2.7798954e-01  -1.3443490e-01   2.0723406e-01   2.4187603e-01  -1.3166750e-01   2.1059073e-01   1.5869833e-01  -2.7283504e-02  -7.6804178e-02   6.3876654e-01   4.5628583e-01   4.4112979e-01   3.6397538e-01   1.4346946e-01   2.3468058e-02   1.0147628e-01   7.0250107e-02  -2.8669817e-01   1.3760761e-01  -2.7447773e-01   3.9235514e-01  -3.3110464e-01   7.0779195e-02   4.7397409e-01  -1.0941336e-02  -1.8574737e-01   1.4890900e-01   2.1277879e-02   2.3335698e-01  -3.9092361e-01  -5.5967736e-02  -1.9440841e-01   5.5650787e-02   2.1353880e-02   1.5795526e-01   3.3434744e-01  -3.2763112e-01   1.3391770e-01  -3.4380262e-01  -4.4325805e-02   3.0148219e-01   3.0307160e-01   3.9502536e-01  -3.4067444e-02   1.6791788e-02  -1.7257854e-01  -7.2179747e-02   2.6098826e-01   1.1759751e-01  -1.4492379e-01  -4.0682988e-01   1.7750105e-01  -2.5372700e-01  -6.5568061e-02   1.3650112e-01   3.3624712e-02   5.4272901e-01  -1.2755747e-01   2.2313668e-01  -3.5906861e-02  -2.7706399e-01   1.4714807e-01   1.8260660e-01  -1.9964703e-01  -1.2937591e-01  -1.4827185e-01  -5.0368731e-02  -4.5953615e-01   3.9700600e-01   1.2310728e-01   1.6203918e-01   1.4756391e-01   8.1604480e-02   1.9944921e-01   2.8603799e-01   4.6901492e-01  -1.1698322e-01  -1.5718196e-01   1.2811076e-01   2.0303385e-01   2.0621262e-01   1.6673650e-01  -3.5500490e-01  -1.8143242e-03   2.3430793e-01   2.6701617e-01   5.6404644e-01  -7.8277933e-03   1.5253608e-01  -4.1152786e-02   3.2418271e-01  -1.1018950e-01  -8.9882964e-03  -4.6277469e-02  -1.5360293e-01   1.9322560e-01  -2.8536728e-01   2.2180244e-02  -2.9845403e-01  -1.2822909e-01  -8.4857288e-02   3.9732924e-02   2.7622143e-01  -2.2492687e-01   2.0507405e-01  -1.4279881e-01  -1.0917377e-01   4.1137449e-01  -1.3242285e-01   2.0976503e-01   1.9707102e-02   2.2098552e-02  -2.1189729e-01   3.8603115e-01   1.4859227e-01   3.0781279e-01   3.2381703e-03  -2.3925441e-03  -3.0202452e-02   3.5670447e-02   3.2282551e-01  -1.6638264e-01   2.7750725e-01   4.6956011e-01   4.4320543e-01   4.5164068e-01  -5.1778554e-02   4.3459778e-01  -3.6381453e-01  -7.4202113e-03   1.6957959e-01   8.4288134e-02  -5.9178691e-02   8.7028536e-02  -4.2630046e-01   2.8162140e-01  -8.6191011e-02  -7.9464258e-02   3.2664396e-01   3.6860956e-01   1.7403675e-02   1.5804513e-01   2.9467957e-01   1.8880058e-01  -3.4209372e-01   2.6059164e-01   1.6030361e-02   1.9155184e-01   3.5276678e-01   2.9368326e-01   3.5865170e-02  -9.4079887e-02   1.3791023e-01
   9.9159603e-02   2.7696936e-01   1.3633795e-01   3.3642169e-01  -1.7570492e-01   3.3977995e-01  -2.5309612e-02   0.0000000e+00   1.8410329e-01  -3.0899436e-01   2.3141095e-01   3.7313654e-01  -1.7843912e-01   2.3574108e-01   8.3911569e-02  -6.8050144e-02   2.1593924e-02  -5.2453748e-03   3.0929214e-01  -1.6662693e-01  -3.5677675e-01   4.3671018e-01  -4.0628979e-02   2.4373490e-01   2.9742954e-01   4.4923953e-01  -8.7263268e-02   7.5913174e-02   1.7361648e-01   3.5831926e-01   2.9085925e-01   5.2700582e-01   5.5187093e-02  -6.3940794e-02   9.6859316e-02  -4.4280474e-01  -1.8960421e-01  -3.4841604e-01  -3.4502727e-01  -1.2438841e-01  -1.3616044e-01   2.5294398e-02   2.2016730e-02   4.1333598e-01  -7.2723538e-02  -3.7456099e-02   4.0471049e-02  -3.1158073e-02  -7.0193518e-02  -1.3908880e-01  -3.4028344e-02   5.8405105e-01  -1.4266008e-02   6.7090285e-02   2.3228812e-01   2.7181382e-01   1.5307104e-01   4.7428448e-01   2.6410034e-01   3.9061552e-01   4.7286806e-02  -1.3506178e-02   1.2476860e-01   2.7581540e-01  -1.0502891e-01  -1.2207257e-01   1.7192113e-01  -1.8006976e-01   2.4088813e-01  -1.2697457e-02  -2.2221888e-01   1.8789178e-01  -3.1210379e-01   2.2239466e-01   1.4751860e-01   4.0593751e-01  -1.0988353e-01   2.3243609e-01  -1.7658570e-01   2.4525773e-01   9.1706081e-02  -1.5305577e-01  -3.4444340e-02   3.5256604e-01   1.8248212e-01   3.9557233e-01   1.7307971e-01   3.7173004e-01  -2.2730329e-02   6.6610056e-02  -1.2361884e-01   3.5318487e-01  -1.6425603e-01   4.2679419e-01  -4.0363505e-01  -1.0114071e-01   1.9393684e-01   4.0855901e-01  -1.3451541e-01   4.5472663e-02  -2.7444001e-03   1.4587366e-01   1.9638209e-01   3.8567362e-01   2.8306820e-01   4.4879628e-01   1.3335716e-01   3.2065529e-01  -9.7285555e-02  -4.6308636e-01  -5.3403209e-02   2.4758524e-01   4.7097225e-01   3.0691568e-03  -2.2174171e-01  -1.9698905e-01   3.1482021e-01  -8.2252515e-02  -2.0341903e-01   3.0551800e-01   5.1293488e-01  -1.9836995e-01   6.6319141e-03  -4.9687534e-02   8.4546708e-02   3.1068875e-01   9.2809856e-03   2.1015507e-02   4.9724586e-01  -9.1146013e-02  -2.0788781e-01  -2.3736387e-01   4.7070394e-01  -1.0997406e-01   4.7586611e-01   5.2771814e-01   2.3293628e-01   2.0939332e-03   4.4610523e-01  -2.1423298e-01   3.4310472e-01  -1.4120503e-01   3.1168030e-01  -1.9493922e-01   1.0928280e-01   2.8071435e-01  -2.1814415e-01  -3.6518179e-01  -1.3286864e-01  -1.3527854e-01  -2.1711453e-02   2.8204778e-02   4.4500576e-01   1.4461843e-01  -1.8146058e-01   2.2256468e-02   2.7289199e-01   2.3312531e-01   2.7592727e-01   2.6404614e-01  -4.3988780e-02   3.7706300e-01  -3.2941036e-01   2.2305699e-01   2.8590757e-01  -1.3906609e-01   1.1786250e-01   2.0230690e-01   4.5801576e-01  -3.1260038e-01  -1.1899662e-01  -1.9187523e-01  -5.4288005e-02  -2.4882150e-02   3.9323487e-01  -2.8382306e-02   4.2182049e-01
  -2.2616725e-01   4.1351585e-01  -6.3273763e-02   2.0157501e-02   6.2875366e-01  -3.4400820e-01   3.6105416e-02   1.8410329e-01   0.0000000e+00  -2.7043168e-01  -2.6845863e-01   2.5756052e-01  -2.5615987e-01  -2.6358734e-01  -4.4637597e-01  -3.8032099e-01   2.3907676e-02  -4.3047702e-01  -2.5971758e-01   2.9528259e-01  -1.4621184e-01  -3.0301357e-01  -2.1267375e-01  -1.0772219e-01   1.2974146e-01   2.5164728e-01   5.1237358e-01  -5.2266162e-01   3.5794394e-01  -1.5431349e-01  -2.9613799e-01  -1.7468360e-01  -7.7067231e-02   2.6611464e-01   3.3812677e-01  -2.6445672e-02  -3.6663736e-02  -1.5169690e-01  -2.0520555e-01   6.8006643e-01  -5.2685686e-02  -9.6142695e-02   6.0331461e-01  -1.3156323e-01  -2.6240196e-01  -1.2427783e-01  -3.6327543e-01   7.2757742e-01   9.5853131e-02   5.5237360e-01  -5.6151840e-01   1.2784833e-01   6.2022951e-01  -7.2174267e-02  -2.7001793e-01  -1.9218278e-01  -5.0890513e-01  -1.2458436e-01  -2.0010208e-01   1.2980583e-01  -1.6724949e-01  -6.3604335e-02   7.5728377e-01   6.6154586e-03   4.0641097e-01  -5.0930356e-01  -2.5791077e-01   3.5411058e-01  -8.6526290e-02  -4.3056159e-01   5.8312323e-01  -3.1746907e-01   1.0878575e-01  -3.5365327e-02   2.8760576e-01   6.3416960e-02  -1.4280503e-01   4.8532874e-03   6.8977132e-01  -1.4109393e-01  -4.6439496e-01  -2.4199535e-01   1.6813549e-01  -2.4245122e-01  -4.2690105e-01   2.4130429e-01   2.5472386e-01   9.8193446e-02   5.5163080e-01  -1.8470266e-01   6.1948666e-01   6.7391125e-03   2.1566374e-01   4.0306435e-01  -2.9288644e-01   4.0445512e-01   5.6592612e-02   1.8798216e-01   1.9735664e-01  -3.5073812e-01  -2.9475923e-01  -6.0805813e-01  -3.4018640e-01   2.8399858e-01  -4.7076182e-01  -4.6831444e-02  -1.3671509e-01   2.2880142e-01  -9.3737838e-02   4.5989896e-02  -2.4026985e-01  -3.8858852e-01  -1.3430595e-02  -4.6409637e-01  -2.4908936e-01   6.2352768e-01   2.6838097e-01   5.6007821e-02  -5.2310387e-01  -9.5972905e-02  -5.0500890e-02   6.4901168e-01   1.6145011e-01   2.9218523e-01  -1.5677501e-01  -8.3822219e-02  -3.7359710e-01   2.3910140e-01   9.4799122e-02  -2.8649617e-01  -6.9840807e-02   1.9645570e-01  -8.9452023e-02   2.6719399e-01   1.3551113e-01   9.8965154e-02  -1.0907740e-02   4.4223321e-01   1.1141088e-01  -2.3324643e-01  -5.1503040e-03   1.7301212e-01  -1.6050960e-01  -5.4789750e-01  -4.6057522e-01  -1.3925944e-01   3.9968450e-01  -2.9642178e-01  -4.7486924e-01  -3.8789931e-01  -4.6434877e-01  -1.3681331e-01  -1.3059301e-01   3.4615204e-01   2.7805258e-01  -1.9132217e-01  -2.8800425e-01  -1.7624989e-01  -1.8237579e-02  -4.3030371e-01   3.4601748e-01  -6.4476656e-02  -2.0029381e-01  -1.9828850e-01  -3.7038149e-02   6.0969177e-01  -1.8644389e-01  -3.5832744e-01  -1.1162513e-01   3.7466710e-01   6.0532139e-01  -2.6401442e-01   2.1457796e-01  -5.0034989e-01   1.6953299e-01  -9.7561256e-02  -1.5256824e-01
  -3.0730145e-02  -2.1740585e-01  -2.4832875e-01   1.2688406e-01   1.9797719e-02   1.3492836e-01   4.6103030e-01  -3.0899436e-01  -2.7043168e-01   0.0000000e+00   1.0473975e-01  -4.6511589e-02   1.3110552e-01  -1.5842209e-01   3.4908212e-01   2.4057710e-02  -3.9827354e-01   2.6103420e-01   6.2764936e-03   2.9862523e-01   5.3796282e-01   1.3588758e-01   5.2097396e-01  -2.2572625e-01   8.8861971e-02   6.7589777e-02  -4.7284418e-02   2.3015263e-01  -3.5702540e-01   3.8662737e-02   6.0489202e-02   1.9383078e-02  -1.8627949e-01   4.0115267e-01   3.7503077e-02   4.7432377e-01   4.5095973e-01   6.0544592e-02   5.3730659e-03  -3.8435632e-02   5.5969144e-02  -1.8669752e-01  -7.4016455e-02  -9.9343614e-02   3.3236074e-01  -2.7913187e-01   9.7939183e-02   1.7970513e-03   7.1262357e-02  -2.8857603e-01   3.8255445e-01  -1.7057334e-02  -2.7753612e-02  -3.2577472e-01  -1.6454137e-01  -6.6707253e-02   2.5319138e-02   1.9331288e-02   7.0101785e-02   1.9642608e-02  -3.5637070e-01   1.8920224e-01  -4.8606054e-01   4.6041071e-02   1.2278872e-02   5.1992375e-01   6.6713216e-02  -2.2061226e-01   7.3807986e-02   4.8498457e-02  -6.5691314e-02   1.2652067e-01   8.8865691e-02   9.5003559e-02  -4.4298081e-01   1.2781859e-01  -2.3494544e-01  -8.5862752e-03  -1.3399388e-02  -1.0078062e-01   4.2906572e-01  -7.7698279e-03   1.4240672e-01  -4.4009908e-02  -1.3593111e-01  -7.8360099e-03  -2.6986319e-02  -9.5911119e-02  -4.1423249e-01  -9.3646322e-02   4.2358526e-02  -5.3268521e-01   3.8403571e-01  -2.6413337e-01   1.7333917e-01   6.3732463e-02  -4.0038455e-02   1.3098926e-01   8.0134416e-02   3.7632975e-01   8.0366231e-02   2.1997927e-01   4.0570422e-02   9.6405268e-02   1.3757106e-01   1.0751180e-01  -3.1288246e-01   9.7508580e-02   3.3621564e-01   4.2878844e-01   5.5594371e-01   1.0869880e-01  -1.0312011e-01   4.9993440e-02   3.5413730e-01  -1.2248529e-01  -4.1619618e-02   6.9609365e-02   1.3437141e-01   8.0904664e-02  -4.2884215e-01   3.3770512e-02  -2.4272723e-01  -1.0286168e-01  -1.1577231e-01   1.4971219e-01   1.9933826e-01  -3.4914419e-01   6.2810291e-02  -8.9887425e-03  -8.2453969e-02   3.8686943e-01  -1.7630824e-02   1.9990898e-01  -5.6003694e-02  -4.9274691e-02  -2.2079247e-01   1.2930544e-01  -2.9491908e-02   2.7508032e-01  -2.0447282e-01   8.6831178e-02   1.6845173e-01   1.4603862e-01   3.7326379e-01  -1.7088915e-01   1.4882765e-01   6.7456626e-01   5.8031754e-01   4.6390958e-01   1.8739057e-02   1.6290641e-01  -3.2717597e-01   7.4093809e-02   2.6735725e-01  -5.7751011e-02  -1.3787554e-01  -1.3046721e-03  -5.6309373e-01   1.2014888e-01  -2.2721819e-01   8.0143466e-02   7.5933070e-01   1.8107649e-01   3.3023651e-02   8.8714554e-02   3.0802895e-01  -1.7746896e-03  -4.3453732e-01   1.9436964e-01   5.2674131e-02   7.9481040e-02   8.4983312e-02   1.3796949e-01  -2.0366075e-01  -1.1785165e-01  -4.6269655e-03
  -3.0048715e-01  -8.4301953e-02  -3.7916567e-02   4.0642934e-01  -1.6005384e-01   3.0911011e-01  -3.1717637e-02   2.3141095e-01  -2.6845863e-01   1.0473975e-01   0.0000000e+00   1.3639972e-01  -7.1368220e-02   1.4526408e-01   3.8443573e-01   2.3027452e-01  -2.3898044e-01   5.4334805e-01   5.4248979e-01   1.0330530e-01   2.5415893e-01   6.5229428e-01   2.1993902e-01  -2.4342291e-01   2.7408209e-01   3.2597448e-01  -2.6732950e-01   7.6591026e-02  -1.4043567e-01   4.7114053e-01   5.5335888e-01   6.4535884e-01  -5.1179760e-02  -1.4015931e-01  -1.7598862e-01   2.3001172e-01  -8.7932648e-02  -1.1786799e-01   1.5934896e-01  -4.6752031e-01   2.9227645e-01  -1.2534522e-01  -3.1306201e-01   4.9832991e-01   2.4643213e-01  -3.9504329e-01   7.7145588e-01  -2.9043933e-01  -2.1037317e-01  -4.8028268e-01   5.6967163e-01   2.3075873e-01  -1.0014531e-01  -2.8011591e-01   3.1250424e-02   5.6378199e-01   4.3009783e-01   5.9364447e-01   5.7214839e-01   2.5833606e-01  -5.0746656e-02   2.1338957e-01  -3.4860796e-01   4.0424684e-01   8.4221659e-02   2.9780393e-01   2.2192330e-01   1.2274452e-02   7.9007439e-01  -2.4150403e-01  -4.7736282e-01   5.9444912e-01   1.1246989e-01  -7.2243488e-02  -2.3273010e-01   4.3193160e-01  -1.8462505e-01   1.0230099e-01  -9.2503750e-02   3.4179623e-01   3.5780913e-01   8.9612438e-02  -4.9754353e-02   4.5249146e-01  -2.4290918e-01   1.1128440e-01  -1.9783841e-02  -1.7333396e-01  -3.0103281e-01  -4.5974702e-01  -1.2314419e-01  -5.5280250e-03  -2.1147015e-01   5.7987231e-02  -1.3049832e-01   4.2516617e-02   3.2257448e-01  -5.2358250e-02   3.3524035e-01   2.9806805e-01  -4.1940707e-01   5.3159758e-01   6.2634300e-01   3.1951756e-01   6.3219939e-01   5.2145155e-01  -2.6842325e-01   3.9771120e-01  -7.8293162e-02   5.6224129e-02   2.5180383e-01   7.4348224e-01   3.4038601e-01  -2.1748772e-01  -4.0794206e-01  -3.7656818e-01   3.0288207e-01   7.9548322e-02  -2.3277432e-01   5.2511256e-01   8.9954294e-02  -3.5137398e-01  -1.5328114e-01   1.2419599e-01  -3.5691597e-01   3.2122890e-01   2.1133942e-01  -2.6536684e-01   2.9314991e-01  -2.8221186e-01   9.7585146e-02   1.3836742e-01   2.7717336e-01  -2.2016457e-03   3.7177063e-01   3.3365167e-01   1.9015683e-01  -1.8208601e-01   2.8770108e-01   5.4821969e-02   5.5470993e-02  -1.7150219e-01   7.5899237e-01  -2.7539283e-01   2.0205468e-01   5.9083453e-01  -4.7607672e-01   2.0254773e-01   3.1760441e-01   3.3131776e-01  -3.0048104e-01   2.1616655e-01   3.2805571e-02   3.9813217e-01  -3.2294487e-01  -7.5727637e-02   1.6539439e-01   5.3514441e-01   1.0247326e-01   4.6422513e-01   1.2019531e-01   7.0114619e-01   2.1382363e-01   7.1543175e-01   5.6331306e-01  -2.5054698e-01   6.4146460e-01   2.5859054e-01   6.1680889e-02  -1.9134805e-01  -1.7612282e-01   1.8945481e-02   4.6774265e-01   3.0727984e-01   3.5311641e-02   2.0244449e-02   4.1143486e-01
   2.5095387e-02   5.0696489e-01  -3.3988885e-02   2.8118135e-01   1.1083927e-02   3.6836321e-01   2.5261279e-01   3.7313654e-01   2.5756052e-01  -4.6511589e-02   1.3639972e-01   0.0000000e+00  -2.2300507e-01  -4.3629574e-02  -8.8043504e-02   2.4751790e-02   9.7326935e-02  -1.1479934e-02   2.3019375e-01   6.2487394e-02  -1.3393466e-01   1.5778201e-01   1.7263735e-03   1.7403852e-01   2.8340983e-01   1.4088428e-01  -1.0357075e-01  -3.5476919e-02   4.4852925e-02   3.5116164e-01   4.4367691e-02   2.5748923e-01  -6.7538934e-02   4.1156566e-02   2.3339409e-01  -6.4327728e-02  -1.7513163e-01  -8.1476623e-03  -1.7193938e-01  -2.7724294e-02   1.6094609e-01  -2.9380384e-03   1.7706684e-01   6.7068085e-02   3.1942947e-02   3.6342821e-02   1.5436963e-01   1.3243275e-01  -2.9389988e-01   6.6508913e-02  -7.5953101e-02   1.3580387e-01  -2.9942032e-02  -6.3979715e-02   5.6001669e-02   6.1698938e-02   1.3761286e-01   2.2055950e-01   3.7344203e-01   5.8959919e-01   4.0208460e-02  -1.7091097e-01   9.1369953e-03   1.4094546e-01   1.4661641e-01   8.4238922e-02   1.7614726e-01   2.0621854e-01   1.4568507e-01  -2.0120459e-01  -1.3749140e-01   1.0741480e-01   4.1582458e-02   1.2356393e-01  -2.2103480e-01   2.2689957e-01   6.9698755e-02  -1.8926107e-01   8.9237134e-02   2.2230641e-01  -7.4572890e-02  -1.4497261e-01  -4.4356383e-02   1.0485159e-01  -4.5074669e-02   2.8166339e-01  -5.8830378e-02   2.0631901e-01   3.8517372e-02   8.1058385e-03  -2.1844577e-02   1.7633131e-01   8.5440278e-02   4.0984956e-01  -9.5357124e-02   9.2152792e-02   1.4036296e-01   2.1795454e-01  -8.4353268e-04   1.2886622e-01  -2.1945200e-01   4.3186516e-02  -3.7652065e-02   3.0554579e-01   1.8252667e-01   3.0658476e-01  -1.9259584e-01   5.7433320e-02  -1.4844108e-01  -1.3703905e-02   1.2925038e-02   1.9203300e-01   2.1559433e-01  -1.0034050e-01  -3.0013418e-01  -6.8995378e-02   4.9594147e-02  -1.2381981e-01  -2.7758602e-01   2.3546912e-01   2.7611634e-01   1.6944813e-02   2.3457507e-02  -8.0299146e-03   1.1720870e-01   7.6729589e-02   1.1478209e-02  -1.4894968e-01   3.1742566e-01  -2.4936611e-01   2.8835578e-02  -6.6920732e-02   2.7942770e-01  -2.1525894e-01   1.6992779e-01   2.1311340e-01   6.5467850e-02  -3.6452789e-02   3.1077206e-01  -5.0277415e-02   1.6453211e-01   4.1291278e-02   2.5058937e-01  -1.3253769e-01  -1.8454163e-01   5.2689968e-02  -1.5671448e-01   1.8246743e-02   2.0942072e-01   7.4413895e-03   1.6499076e-02  -8.0304718e-02   1.1249867e-01   1.9527501e-01  -3.1473171e-02   3.7095560e-02   1.8331814e-01   2.1272774e-01   1.6373644e-01   4.3467913e-02   4.6668054e-02   2.0611729e-01  -6.5659706e-02   3.1583896e-01   1.6073439e-01   8.4049658e-02   1.7738210e-01   2.2533543e-02   9.1572888e-02   5.7213588e-02   1.7511945e-01   1.7107012e-02   9.0170102e-02   1.3390239e-01   2.5608454e-01   7.6941780e-03   2.0439527e-01
   7.7560498e-02  -2.7907913e-01  -6.8671962e-02  -3.4515014e-01  -1.3969798e-01  -9.1274017e-02  -2.4093736e-01  -1.7843912e-01  -2.5615987e-01   1.3110552e-01  -7.1368220e-02  -2.2300507e-01   0.0000000e+00  -1.0728195e-03   1.3317023e-01   6.4844396e-02  -1.0408674e-01  -1.1080625e-01  -8.1757943e-02  -1.8035454e-02   1.8894814e-02  -1.9424701e-01  -9.6504512e-02   2.0787900e-02  -2.0290687e-01  -8.8060492e-02  -2.2157438e-01   7.9772875e-03  -1.4172065e-01  -2.1197630e-01  -1.9199969e-01  -1.7669452e-01  -1.9227846e-02  -1.8863910e-01  -2.5665004e-01   7.9213279e-02   4.1590397e-02  -1.4668015e-01   5.9550191e-02  -1.1585025e-01   3.4685655e-01   1.3226567e-02  -6.7203347e-02   2.1728002e-02  -1.0917693e-01   8.6057627e-02   7.4548651e-02  -2.3353362e-01  -6.2989823e-02  -5.4269806e-02   1.5715179e-01  -3.2853282e-01  -2.1761134e-01  -3.1294059e-02  -4.1252494e-02   8.2165752e-02   1.7918945e-01  -2.4780920e-01  -1.5830102e-01  -7.9877068e-02  -8.3607796e-02   6.1228648e-02  -1.5510633e-01  -6.1026502e-02  -2.3129144e-01   1.9163930e-01  -1.7259425e-01  -1.5945390e-01  -1.3467994e-01   1.6952113e-01  -8.4233369e-02  -1.3992079e-01   4.1591732e-02   1.2408707e-01   3.7238983e-03  -1.9926560e-01   6.0005032e-03   9.4325863e-02  -1.2303408e-01  -2.4721792e-01  -1.9488489e-02   2.4598484e-01  -2.0454288e-01   4.5362990e-02   1.2983125e-01  -2.6023860e-01  -2.7852308e-01   7.8702592e-02  -1.3671753e-01   1.3681137e-01   4.1909919e-02  -1.0708278e-01  -7.5062164e-02  -9.9623736e-02  -9.2259529e-02  -6.3510760e-02  -2.1106794e-02  -1.5153514e-01  -1.9164935e-01   1.2864282e-02   6.7330832e-03   2.1259966e-01  -3.0876891e-02  -2.3474479e-01  -1.5993976e-02  -2.3883667e-01   1.7169467e-02  -7.9146074e-02  -2.2631834e-01   2.5229433e-01  -1.4119957e-01  -4.3715752e-02  -3.2278834e-01   8.1754125e-02   6.3065263e-02  -4.2306807e-02  -1.1361148e-01   3.6694274e-01   1.1581294e-01  -2.6445731e-01  -2.1754988e-01   3.2881881e-02   1.6666794e-01  -1.3780719e-01   9.0387549e-02   2.8305927e-02   7.1613135e-02  -1.3076997e-01  -3.8763135e-01   1.1367366e-01   1.9448325e-01  -2.1083160e-01  -1.1194188e-01  -1.7041978e-01  -1.5683324e-05  -2.2843675e-01  -9.2823430e-02  -2.9720993e-01  -2.7560878e-01  -1.0598915e-01  -1.0146560e-01   4.2595404e-01  -1.0549145e-01   2.1812387e-01   7.7315570e-03  -8.0403168e-02  -1.6402533e-01   7.9715789e-02   1.5735478e-01  -1.9143739e-02   1.5205092e-01  -1.7677239e-01   1.4998630e-02  -5.5708812e-02   5.7386217e-02  -1.4687507e-01  -2.4334397e-01   3.6802941e-02  -1.7735359e-01  -6.9808678e-02   7.5437903e-02  -4.3377610e-02   1.4985936e-01  -2.9183657e-01  -3.0545470e-01  -6.0799214e-02  -5.1374725e-02  -1.2473933e-01  -4.7193777e-02  -1.6705171e-01   2.9153630e-02  -1.9576713e-01  -2.7440943e-01   8.1695858e-02  -1.8249434e-01   3.2142210e-02  -2.1050988e-01
   3.2451041e-01  -8.0545610e-02  -1.1170897e-01  -1.3643382e-01  -2.8467223e-01   4.5589301e-02  -1.9348552e-01   2.3574108e-01  -2.6358734e-01  -1.5842209e-01   1.4526408e-01  -4.3629574e-02  -1.0728195e-03   0.0000000e+00   3.6897129e-01   2.3369436e-01  -7.2510058e-02   5.1974014e-03   2.1847595e-01  -3.7691642e-01  -1.6758125e-01   1.2253834e-01  -8.4543477e-02   4.3185623e-01   2.9376645e-02  -6.7604933e-02  -5.2464705e-01  -7.6582856e-03   3.2242401e-02   4.0153517e-02   2.4780860e-01   2.4499761e-01   6.8255959e-02  -2.3822862e-01  -1.6615210e-01  -2.6314035e-01  -3.3759034e-02  -2.0791978e-01   4.8187255e-02  -3.7684658e-01   4.4130302e-02   1.2230907e-02  -1.8463472e-01   3.1504408e-01  -2.2230231e-02   1.2298871e-01   8.0873708e-02  -2.7058427e-01  -1.7090146e-01  -2.4665460e-01   2.1109082e-01  -2.5377995e-02  -3.4217011e-01   2.1326246e-01   2.8565019e-01   4.7150190e-01   4.2826908e-01   6.8395749e-02   1.5921577e-01  -1.9461987e-01   1.2352426e-01  -2.3674494e-01  -1.6745510e-01   1.4298320e-01  -2.5379256e-01   7.4238992e-02  -1.9781017e-02  -2.3683068e-01   1.8738367e-01   5.5941608e-02  -3.0877878e-01   5.7948091e-02  -5.1624761e-02   2.3003604e-01   6.0231332e-02   2.4959492e-01   7.0239565e-02   1.5568116e-01  -2.8240636e-01   2.2144074e-01   1.5802276e-01   1.8625546e-02  -1.0008395e-01   5.9508867e-01   4.7961251e-01   1.5700656e-01  -5.4054292e-02   5.1769615e-01  -7.1111306e-02   2.9317386e-01  -2.0063004e-01   1.4823632e-01  -3.6238219e-01  -1.7271385e-01  -1.5872010e-01  -1.8297633e-01   1.1640720e-01  -2.0194302e-01  -1.5273446e-01   2.6921635e-01   1.8404451e-01   2.2967526e-01   6.0075015e-01  -1.2730796e-01   3.1501228e-01   7.7365892e-02   2.7288074e-01  -2.0349253e-01  -5.8237564e-02  -1.7325291e-01   5.4410629e-02   4.0604616e-01   1.0750899e-01   8.1102985e-02  -5.8180587e-02  -2.9556127e-01   2.1005485e-01   4.3489495e-03   1.0112498e-01  -1.6801614e-01   2.3048292e-01  -2.3898028e-01   2.3202789e-02  -1.4029964e-01  -8.7401148e-02   4.9183822e-01   8.2246169e-02   1.1294162e-02   1.8094930e-02  -2.2342214e-02  -3.4108243e-03  -2.7394123e-01   4.0577173e-01  -2.5375173e-01  -6.5321848e-02   3.5856215e-01   1.2872186e-01  -3.6222772e-01   3.4543187e-01  -1.4397175e-01   1.1386398e-01  -1.9060868e-01   1.6911107e-01   2.1225509e-01   1.3861363e-01   5.0947993e-01  -3.3628061e-01  -8.0750663e-02  -5.7894459e-02   3.2455977e-02   3.3350081e-01   1.1097214e-01   3.4147909e-01   2.7352520e-02  -3.4702483e-01   5.3525637e-02   2.6516363e-01   9.2887841e-02   1.7816217e-01   5.8188170e-01  -2.4672479e-01   1.5267626e-01  -1.2106601e-01   8.7451909e-02  -1.6284945e-01  -2.3968481e-01   4.9295363e-02   3.2151832e-01   4.1811330e-01  -2.4148679e-01  -2.0261541e-01  -7.7258304e-02  -1.1851955e-01   1.7080442e-01   1.4681931e-01  -6.1368234e-02  -7.6938406e-02
