   0.0000000e+00   3.5846405e-02   3.6562101e-01   1.3190282e-01   4.5547869e-02   1.2935826e-01  -1.2922296e-01   1.4810981e-01   3.6612731e-01  -1.9172466e-01  -2.8002115e-01  -2.6298496e-01  -1.6712206e-01   2.5458976e-01  -1.1234946e-01  -1.1665793e-01   2.9607634e-01  -1.0149776e-01   1.6616064e-01   1.9106245e-02  -3.6416997e-01  -9.8995577e-03  -2.1864626e-01   6.5223579e-01   1.7362833e-01   2.1947901e-01   3.1132515e-01   2.9738458e-01  -9.2087267e-03  -7.0473976e-02   2.3153093e-02  -1.9896104e-01   1.5653256e-01  -2.5916851e-01  -1.2737657e-03  -1.1873993e-01   1.0317959e-01   2.9144008e-01  -2.3405252e-01   1.5534122e-01  -2.0087363e-01  -1.4603573e-01   3.2519386e-01  -3.2292710e-01   5.6307451e-03   4.9059756e-01   1.4464006e-01  -1.2986375e-01   1.1843966e-01   2.9905168e-01  -4.7114668e-02   3.5438930e-01  -2.3571379e-01   4.7325347e-01   2.7420431e-01  -2.4440714e-01   2.7368240e-01   2.0898668e-01   5.4010574e-02  -4.4377450e-02   2.2968268e-01   1.8146629e-01   3.7815634e-01  -6.4716034e-02   2.8862272e-01  -1.9892310e-01   2.5801297e-01   1.7726036e-01   1.0176810e-02   1.7220921e-01  -1.6687889e-01   2.0858163e-01  -3.3247603e-01   2.2841967e-01   3.9141264e-02   2.8462992e-01   4.3077499e-01  -2.4989432e-01   1.4614094e-02  -1.3343031e-01  -3.5910476e-01  -5.2586147e-01  -2.1551573e-01   2.7843059e-01   3.9721387e-01   1.0849546e-01  -6.8346836e-02   7.7132995e-02   2.7415581e-01   7.7332814e-01  -1.1562724e-01   2.4259848e-01  -1.0507745e-01   3.2716457e-01   2.0225969e-01   3.8941244e-02   3.8759231e-01   9.3249261e-02   2.6364190e-01  -3.0622071e-01  -2.6089821e-01  -2.6307614e-01  -1.6233797e-01   5.8269839e-02  -1.4869656e-02   1.9658443e-01   2.7478141e-01   1.0050105e-01   2.0735241e-02  -3.4408982e-02  -2.2944086e-01  -7.0138668e-02   2.8518310e-01   6.9164738e-01  -2.4712964e-01  -5.5731492e-02  -3.2437471e-01  -2.5530044e-01   2.6825578e-03   1.5964420e-01   5.0101854e-01   5.2835457e-02   3.2377134e-01   1.4059963e-01   6.3941034e-01  -1.1055199e-01  -8.2137030e-02   5.2871695e-01   4.5524891e-01   2.2074588e-01  -5.5994103e-02  -4.8348702e-01   3.9984889e-01  -5.5127354e-01   5.2035692e-01   2.9233543e-01  -1.6783413e-01   5.5588329e-03   1.1147960e-01   2.8046312e-01   6.8933990e-01  -2.6615983e-01  -9.9233124e-03  -2.9139734e-02  -3.1908334e-01  -4.7602333e-01  -1.2296644e-01  -3.0862631e-02  -2.7094477e-02  -3.5101793e-01   9.9084300e-02   1.8009436e-02   3.9599640e-01  -2.1081784e-01   1.3186724e-01   6.0810499e-01   7.3441319e-01  -1.3088681e-01   2.8190985e-02  -1.5316118e-01   5.1441317e-02  -6.1166214e-02  -2.3134070e-01   2.4721964e-01  -7.3248333e-02  -1.8069372e-01  -3.7900825e-01  -1.2647128e-01   4.7595830e-01  -1.7998934e-01   2.5224731e-02   5.3500052e-01   2.7049242e-01   9.6481177e-02   2.4962218e-01   9.3004192e-02   1.4889610e-01
   3.5846405e-02   0.0000000e+00   2.6282785e-01  -4.2960220e-02   2.5084884e-01   2.2891927e-01   4.8915484e-01  -6.7334016e-02   9.2071866e-02   3.0856442e-01  -1.3882624e-01   4.8347377e-01   3.0664617e-02  -1.5370170e-01  -6.9553634e-02   3.0108687e-01   2.2742572e-01   2.3912786e-01   2.9299792e-01   2.9506154e-01  -1.8762712e-01   1.1218408e-01  -8.7978468e-02  -1.6622762e-01   6.5588066e-02  -4.7841862e-02   3.3845817e-01  -2.3515249e-01   2.1790239e-01   4.7652212e-01   2.1914528e-01   1.4195244e-01   3.0652656e-01   3.3907934e-01  -1.0470079e-01   1.5847898e-01   2.0230403e-01   7.4078183e-02   3.2424636e-01   3.7859922e-01   1.7792842e-01   2.0026493e-01  -1.0603565e-01   1.1817799e-01   2.5770187e-02  -1.8051755e-01  -4.4853358e-03   7.1376281e-01  -1.1976217e-01   3.4165636e-01   1.1586793e-01  -2.3896965e-01   4.1046879e-01   1.9737321e-01   2.0915404e-01  -2.7349031e-01   9.0205449e-02   1.9445461e-02   2.4818012e-01   1.0604009e-01  -3.3763043e-01   1.0604552e-01   2.8874262e-01   2.9329446e-01   5.0601536e-01   3.6959945e-02   1.9044408e-01  -3.0614963e-01  -2.1598958e-02  -1.0427370e-01   6.2576068e-01  -3.7558058e-01   2.6514473e-01   6.0160377e-02   2.2213772e-01  -4.8739284e-02  -3.9952893e-02  -2.3095560e-01   4.8107360e-01  -9.6957880e-02  -1.1174926e-01   5.2468350e-02   3.5217097e-01   4.5268730e-02   1.0138309e-02  -6.0903515e-02   5.3454237e-01  -9.0141245e-02   2.8085326e-01   9.4677817e-02   3.5033825e-01  -2.2739958e-01   8.7039439e-02   3.4901180e-01   3.1056692e-02   1.4813258e-01  -7.1215124e-02   1.5626670e-01  -1.0940058e-01   1.7978966e-01  -6.3401935e-03  -4.9813769e-02   8.7155416e-02   1.3731590e-02   1.3941842e-01   2.9297724e-01   6.9275169e-02   1.3290484e-01   2.2230695e-01   1.8771265e-01  -1.1285198e-01  -4.6303884e-02  -1.6887521e-01   1.2521453e-01   3.2403879e-02   3.6472117e-01  -2.4953882e-01   2.6227611e-01   6.3651197e-02   7.7359005e-03  -2.2059718e-01   3.3877199e-01   6.2624999e-02   1.1214588e-01  -1.6891288e-01  -4.5197225e-02   1.2772355e-01   7.4468435e-02   1.1016773e-01   2.3892504e-01   2.2494087e-01   3.8500744e-02  -9.6945880e-02   1.2084875e-01  -1.3431261e-01  -5.1532420e-03  -9.3369400e-02   4.3422830e-01  -1.1653742e-01   2.4222077e-01  -4.3273285e-02   1.4870649e-01  -1.9276388e-01   8.7982121e-02  -1.3929952e-01   1.9190086e-01   5.0446458e-01   1.8339928e-01   3.4752129e-02   3.4639318e-01  -5.7074653e-02   1.1686158e-01  -1.8017002e-01   1.5706775e-01   5.4822404e-01   2.3730705e-01  -1.8735409e-01   1.0181693e-01  -2.5532838e-01  -1.0817072e-01  -2.1611185e-01  -2.1793647e-01   2.9926870e-01   1.1254087e-01   2.4532279e-01   1.3648404e-01  -2.1212842e-02   3.7629859e-02  -2.7047427e-01   2.6322234e-01   4.2361615e-01  -4.3018469e-02  -1.1642386e-01   3.3905348e-01   2.4861561e-01   1.2619933e-02   1.1807036e-01
   3.6562101e-01   2.6282785e-01   0.0000000e+00   1.5311380e-01  -3.0308291e-02   3.8970744e-01   1.3869172e-01   9.7052228e-02   3.3004049e-01   2.7329872e-02  -3.1471672e-01   3.4427121e-01   4.6860674e-02   7.7981469e-02   1.0272640e-01   2.8656240e-01   8.0403307e-01  -6.7924676e-02   2.2981688e-01   2.0171791e-01  -2.9351596e-01   1.3363150e-01  -6.3472226e-02   2.7337948e-01   1.3155822e-01   9.1208407e-02   1.5743014e-01   3.3929144e-01   1.7845079e-01   2.6455471e-02  -1.2160472e-01   2.6489668e-01   2.5465531e-01  -1.4237504e-02   3.5238981e-01   5.9765997e-02  -1.0144605e-01   5.3492144e-02   7.5219267e-02   3.5715624e-01   8.9422056e-02   2.9000980e-01   3.2195632e-01  -2.0363159e-01   7.8883922e-02   5.1743007e-01   8.6391290e-02   2.1728366e-02  -1.6172026e-01   5.6874452e-01   5.3400591e-02   1.9362186e-01  -2.9160468e-01   2.6932178e-01   2.2592705e-01  -1.3450713e-01   8.9489881e-02   2.2470372e-01   1.8788884e-01   2.3313819e-01   1.6974254e-01   3.7407377e-02   2.3833154e-01  -2.6345729e-01   8.4989912e-03  -7.8374457e-02   4.3737268e-01  -2.2678173e-01   3.4754423e-02   6.0020941e-01  -4.2668646e-02   2.3800274e-02  -7.5503101e-02   2.3088786e-01  -9.2698432e-02   1.1910278e-01   3.5074107e-01  -2.4275012e-01   2.7982135e-02   1.7110736e-01   7.0930459e-02  -8.0541404e-02  -1.6935302e-01   3.1705379e-01   4.9026788e-01   1.8255259e-01   2.4420658e-03   1.8681180e-01   1.8232685e-01   3.3097958e-01  -1.2665129e-01   4.5286643e-01   2.6327218e-01   5.2831318e-01   3.8300298e-02   2.9962132e-01   4.9667657e-02   9.9743593e-02  -7.8767487e-03  -1.3680230e-01   4.9294924e-02  -6.8934100e-02   5.9870154e-02   2.6275119e-02   2.9270048e-02   4.0448443e-01   2.4425036e-01   3.3107525e-02   7.0408295e-02  -1.4844163e-02   1.3300185e-01  -1.6679612e-01   1.7760807e-02   2.9717036e-01   3.1709308e-01  -1.9108836e-01  -2.0455938e-01  -3.6077219e-02   1.4312368e-01   1.0360121e-01   4.1032413e-01   4.2513257e-02   5.3370988e-01   4.2423174e-02   5.2855667e-01   8.7694856e-02   4.4030434e-02   1.4262976e-01   2.5161704e-01   4.0388989e-01   6.5729846e-02  -3.5757093e-01   3.0510912e-01  -4.3344676e-01   3.6098247e-01   1.6724018e-01   2.6620543e-02   2.7913741e-01   2.4732465e-01   4.6220665e-02   2.4832739e-01   2.0977985e-01  -2.5436783e-02   2.7763321e-01  -3.4619623e-02  -3.0006923e-01   3.1072867e-01  -1.1942733e-01   1.1712103e-02  -2.0514792e-01   3.4480149e-01   1.9253472e-01   4.0697644e-01  -2.7382982e-01   3.8796402e-01   1.5010547e-01   4.3776180e-01   6.7947170e-02   3.0121074e-01   1.9453352e-02  -2.4743008e-02  -1.6106548e-01  -1.2953329e-01   1.6791733e-01   3.0484469e-01  -1.7154484e-01  -1.3313677e-01   1.0020638e-01   4.5353741e-01  -1.5838071e-01   2.6117974e-02   9.5351068e-02  -1.4333199e-01   1.9776571e-01   5.9819871e-03   9.7121562e-02   3.8116721e-01
   1.3190282e-01  -4.2960220e-02   1.5311380e-01   0.0000000e+00   1.9301614e-01   4.1621139e-01   1.9436850e-01   6.2427078e-02   1.5679146e-01  -6.7449319e-02  -8.7350709e-02  -2.1962580e-01   1.3985884e-02   2.8170124e-01   1.3684551e-01  -1.4457612e-01   7.8458361e-02   2.9440813e-01   1.0966048e-01   1.7471904e-01   2.6377637e-01   1.9882264e-01   1.5792352e-01   1.0086709e-01   1.3230272e-01   1.6619711e-01   1.6921829e-01  -1.4693095e-01   3.0551191e-01   2.5310180e-01   2.3832001e-01   2.4096862e-01   4.3488789e-01   6.2192860e-02  -3.4122364e-03   2.8141809e-01   4.9353229e-01  -4.2277382e-02  -2.1466351e-01   5.8754031e-02   2.5948000e-01   1.6434052e-01   2.1579369e-02  -4.5236108e-02   5.0989710e-01   1.9436505e-02   3.3075022e-01  -5.9998312e-03   5.8226174e-01   8.3392166e-02   4.0107739e-01   1.8160027e-02  -1.2826765e-02   3.0902175e-01   3.3406626e-01   1.0430441e-01   3.0371342e-01   1.1882267e-01   3.8163571e-01  -3.5500334e-02   2.2518307e-01   5.0553265e-01   1.5938979e-01  -2.0685234e-01   1.1297768e-01   2.6472319e-02   3.3228585e-01   3.0164971e-01   1.8531025e-01   1.2223015e-01  -9.1464789e-02   5.8091128e-01   3.7959933e-01   1.6316447e-01   1.6171491e-01   1.7267394e-02   2.3255288e-01   3.3148883e-02  -2.1261797e-02  -7.0296007e-02   1.0485368e-01  -1.0983456e-01   5.0916368e-02   2.9600559e-01   1.5030879e-01  -9.1788291e-03  -1.6107772e-01   6.2612551e-03  -1.3634598e-01   8.6197955e-02   1.1113266e-01   3.1899492e-01   8.0077507e-02   7.8807799e-02   1.5363965e-02   1.2379726e-01   5.7135410e-01   5.9397474e-02   5.7341526e-01   2.9797153e-01   3.0165981e-01  -9.1494546e-02   3.9123336e-01  -2.3419842e-01   4.9157513e-01   2.3489729e-01   3.7543864e-01   2.5374674e-01   3.4454626e-01   1.4477119e-01   1.4131282e-01   6.9930078e-02   4.6879542e-01   1.4652285e-02   1.5593352e-01  -1.0826083e-01  -9.3912627e-02   2.8272746e-01   2.0517642e-01   6.5354329e-01   6.4990180e-02   1.6589226e-01  -7.4789675e-02   1.3252719e-01   2.6618837e-02   2.4600044e-01   9.2641478e-02   2.8355472e-01   4.3876844e-01   1.8412597e-01   1.6567376e-02   3.1249041e-02   1.9333163e-01   1.0941031e-01   4.2071901e-01   3.7367445e-02   2.6741878e-02   1.1121458e-01  -1.9525722e-02  -1.1105096e-01   1.9376003e-02  -3.4809326e-02  -7.6713361e-02   2.9978164e-01   1.5891324e-01   8.6529624e-02   3.1090600e-02  -3.0184922e-02   1.0433464e-01  -1.1104449e-01   1.6345532e-01   2.1476102e-01   1.9488026e-01  -1.5283939e-01   1.0614378e-01   2.7872209e-02   1.7337551e-01   1.7223733e-01   1.6827771e-01   3.5671556e-01   2.8941497e-01  -1.0295551e-01   1.7697044e-01   5.7181199e-01   2.7694187e-01   2.1024529e-01   5.4588873e-03   3.0260469e-01   1.0598541e-01   8.1342579e-02   1.9388424e-01   4.1499113e-02   6.2658925e-01   3.7549581e-01  -1.8827235e-02   2.1792424e-01   3.2758135e-01
   4.5547869e-02   2.5084884e-01  -3.0308291e-02   1.9301614e-01   0.0000000e+00   2.4010311e-01   3.2312819e-01  -6.7631293e-02   1.7218218e-01   1.7560269e-01   2.5997321e-02   7.2712991e-02   5.5459515e-02  -1.5640984e-01  -2.7477619e-01  -1.0339437e-02   1.5579246e-02   1.9312224e-01   1.0220779e-01   6.5933689e-01   2.7202340e-02  -4.1579564e-02  -1.5158279e-01  -3.6409547e-02   1.9312403e-01   1.1573310e-01   2.9893719e-01  -1.9969099e-01  -5.9055690e-03   1.7241600e-01   1.8902857e-01   1.6547618e-01   2.4480780e-01   5.1055981e-02  -5.1418927e-02   3.7024333e-01   1.5978368e-01  -9.4100288e-02   1.0072576e-01   2.3933497e-01   1.2011103e-01   1.2998517e-01  -2.0482053e-02   2.4823671e-02   2.6979320e-02  -2.4124611e-02   1.2540078e-01   2.1149175e-01   2.1538301e-01   1.9889521e-03   7.1699096e-02  -7.5102252e-02   3.8380761e-01   1.4936777e-02  -1.1210066e-01  -4.3092790e-02  -3.1808689e-02   2.1205001e-02   3.6804904e-02  -2.9352275e-01  -1.4885655e-01   2.6500204e-01   8.1731407e-02   2.9756303e-01   4.3222408e-01   2.3801195e-01   8.1581203e-02  -9.1561116e-02   3.8755017e-02   2.3989977e-02   3.7143955e-01  -1.0919831e-01   2.2665362e-01  -7.6825581e-02   2.6060067e-01   1.0112564e-01  -1.9002917e-01  -4.0451301e-02   4.7531849e-01  -1.1052552e-01  -3.2352203e-01   1.4898156e-01   3.5242936e-01   1.6981553e-01   7.1602543e-02   7.1670866e-02   1.4147139e-01  -4.3015992e-01   8.5236512e-02   4.7665197e-02   6.7244879e-01  -1.4702145e-01   2.1754505e-01   1.8740459e-01  -1.5049673e-01   5.4824432e-01  -3.8435559e-03   1.5750052e-01   1.3991225e-01   4.7775345e-02  -1.2230658e-01  -1.4893003e-01  -6.0095734e-02  -1.7009916e-01   5.2583175e-02   7.2348611e-02  -8.2224757e-03   1.7851491e-01  -6.6300682e-02   3.2258970e-01   8.2180857e-02   1.4806003e-01  -3.2901241e-02   1.3284514e-01  -3.5593783e-01   4.0649344e-01   5.2430624e-02   2.7257251e-01  -4.5791632e-02  -1.0011797e-01  -1.2605194e-01   6.5950091e-01  -9.2916884e-02   1.5003106e-01  -1.7905180e-02  -2.3387894e-01  -1.1739484e-01   9.8138305e-02   1.3220442e-01   2.5849397e-01  -6.5179886e-02   2.8187009e-01  -1.0337623e-01   6.4655307e-02  -4.2174066e-02   1.3824169e-01   2.6576444e-02  -7.3083080e-02   7.1881678e-02   1.0932646e-01  -1.1060499e-02   1.9018102e-01  -1.1840065e-01  -8.6982885e-02  -2.2740666e-01  -8.8672295e-02   1.2802157e-01   4.0585058e-01   2.8726547e-01   9.7666507e-03  -5.3052038e-02  -1.8662334e-01  -2.6233150e-01   2.2695497e-01   4.2182601e-01   4.0959935e-02  -8.7640455e-02  -1.1943854e-01  -1.1468548e-01  -1.5754331e-01   9.9021482e-02   2.5333000e-02   5.3742710e-01   2.8449929e-02   2.0422541e-01   3.2357504e-01   3.2053889e-01   4.9627289e-02  -1.8510831e-01   5.3100553e-01   4.0311110e-01  -1.0800622e-01   1.1786058e-01   2.3388628e-01   5.9946281e-02   2.0676820e-02   1.5390982e-01
   1.2935826e-01   2.2891927e-01   3.8970744e-01   4.1621139e-01   2.4010311e-01   0.0000000e+00   5.4563831e-01   1.0170786e-01   2.0825581e-02   2.2380869e-01  -1.0499566e-01   1.0954447e-01   1.5610551e-02  -4.4491141e-02   1.4217506e-01   6.4920461e-02   2.3880831e-01   3.4896604e-01   3.7782097e-01   3.9777485e-01   8.7954825e-03  -9.4417141e-02   8.7568476e-02   8.9427696e-02   2.2857658e-01   1.1395282e-01   3.1270758e-01   5.8906962e-02   1.0976361e-01   9.8034380e-02   2.3967218e-01   1.8760393e-01   2.2927383e-01   4.7918945e-01   9.6217513e-02   4.9607305e-01   3.6977618e-01   2.4956533e-01  -1.5205369e-02   3.6156247e-01   1.6236014e-01   1.5589363e-01   5.0652359e-02   1.4403997e-02   3.8999666e-01  -4.3837505e-02   3.3385294e-01   1.7643230e-01   1.6433617e-01   2.2305157e-01   3.2075497e-01   9.7093570e-02   2.6329478e-01   4.2607520e-01   1.8978530e-01  -3.9636093e-02   3.0633539e-01  -2.7721423e-02   1.8211757e-01  -2.0191026e-02   1.1247081e-01   2.8627847e-01   2.0953208e-03  -3.7064213e-02   1.0092415e-01   3.4478848e-01   7.6882222e-01   2.1890883e-01   2.4027923e-01   3.9501815e-01   1.2081962e-01   1.8180408e-01   1.7124278e-01  -2.4108749e-01   1.5575193e-01  -1.1215955e-01   1.8131057e-01  -3.1094332e-01   1.7014645e-01  -1.8235309e-01   2.0247397e-01  -8.0047433e-02   2.4702467e-01   3.2199438e-01   2.2998573e-01  -9.3148421e-02   8.1971778e-02  -1.9259608e-01   1.1532375e-02   1.0874171e-03   2.5491938e-01   1.9932877e-01   4.3399787e-01   2.1425533e-01   2.6914446e-01   3.8444501e-01   4.2477573e-02   1.9452740e-01   8.2497633e-02   3.4962074e-01   1.3632490e-01  -9.5693918e-03   2.1415047e-01  -3.9012800e-01   2.8633598e-01   2.1884348e-01   3.7596970e-01   3.2966399e-01   3.6425726e-01   4.3489610e-01   3.8587595e-01  -1.8421631e-01   2.5440938e-01   1.8619917e-01   1.9565720e-01  -2.5954702e-02  -1.8803187e-01   1.3084987e-01   3.7168231e-01   3.6223383e-01  -5.3108566e-02   2.1165443e-01   1.5090966e-01  -1.2539759e-01   4.8289063e-02   6.2171096e-03   9.6092792e-02   2.9032037e-01   1.0705986e-01   5.1262278e-01  -6.9757458e-03   1.5759528e-01  -1.8875168e-01   1.4485476e-01   9.0693683e-02   3.8651674e-02  -2.8782440e-02   4.2421813e-01   1.0554507e-01   2.9617601e-01   6.2039913e-02   1.4452254e-01  -1.8967889e-01   5.9575434e-01  -7.9833730e-02  -9.2059174e-02   3.3986390e-01   3.4607302e-01   4.2796477e-01  -6.9183842e-02   5.9409247e-02   3.4638111e-01   1.4344820e-01  -1.1914654e-01   4.1076513e-01   3.2495305e-01   9.4758936e-02  -1.3868708e-01   8.1407125e-02   2.7876079e-01   1.9819459e-01  -2.6123200e-01   2.5765216e-01   2.6702122e-01   3.1357317e-01   9.4857665e-02   1.2209549e-01   3.5834642e-01   1.2669306e-01   3.2519167e-01   3.1443566e-01   2.0468365e-01   2.7759337e-01   7.7896108e-01   1.6729929e-01   1.2620358e-01   2.4457340e-01
  -1.2922296e-01   4.8915484e-01   1.3869172e-01   1.9436850e-01   3.2312819e-01   5.4563831e-01   0.0000000e+00  -1.1032124e-01  -1.0097500e-01   4.5089233e-01  -1.9000522e-01   3.3080993e-01   1.7365082e-02  -3.4836342e-01  -9.7571719e-02   2.4170680e-01   2.2201956e-02   1.5228016e-01   6.0296553e-02   5.7072229e-01  -1.5425897e-01  -6.2098446e-02   1.1153520e-01  -3.3904657e-01  -8.7205860e-02  -1.0974939e-01   5.9238718e-01  -2.2231405e-01   1.3527003e-01   2.9466223e-01   1.0563522e-01  -8.4953432e-03   2.6035343e-01   6.8960428e-01   4.1787584e-02   3.4400145e-01   3.6445553e-01   1.7013846e-01   2.5469047e-01   4.9341002e-01   1.4402922e-01   2.4378732e-01  -1.9816981e-01   4.9614539e-02   3.7724804e-01  -4.0909947e-01  -7.0763918e-02   6.6614869e-01   9.4821676e-03   1.8707963e-01   1.2903313e-01  -1.9746858e-01   5.1423834e-01   2.0994260e-01  -9.8051578e-02  -2.1230897e-01   1.4147574e-01  -6.8376144e-02   2.6786960e-01  -5.0327039e-02  -1.7492640e-01   3.6096240e-01   1.6515158e-03   2.8250158e-01   3.5251627e-01   3.8497882e-01   3.8765400e-01  -1.3811479e-01  -1.2631804e-01   1.7312776e-02   5.9640014e-01  -1.3183871e-01   1.7685294e-01  -3.1898168e-01  -1.3352137e-02  -1.8984664e-01  -2.7935019e-02  -2.7994120e-01   4.2100850e-01  -1.5500543e-01   2.2766539e-02  -3.5464006e-02   3.9560825e-01  -9.0015774e-03  -2.5128642e-01  -1.7739719e-01   4.8134387e-01  -3.5252812e-01   4.4769649e-02  -9.8937436e-02   5.6290717e-01  -2.8508392e-01   4.8557593e-01   3.4564258e-01   1.8601963e-01   2.9270111e-01  -4.4887825e-03   3.4171122e-02  -2.6974915e-02   4.3295676e-01  -1.2196561e-01   1.3790520e-01   2.5447609e-01  -2.0893064e-01   1.9689882e-01   1.0689418e-01  -1.6802902e-02   6.4769984e-02   3.8035999e-01   1.6637733e-01   3.5044707e-01  -4.8827268e-02  -1.1623877e-02   3.1184100e-02   1.2232380e-02   2.2958189e-01  -1.9203680e-01   2.1572639e-01   1.0714957e-02   9.9071449e-02  -4.4538683e-01   5.5846878e-01  -6.1058715e-02  -2.2884218e-03  -3.1484453e-01  -5.7546989e-02   8.4201248e-02  -5.0885560e-02   4.1247942e-02   3.0303741e-01   1.3666782e-01   3.2911490e-01  -3.6347803e-01   1.6933532e-01  -1.6032541e-01  -1.9810847e-02  -7.8023182e-02   4.2466895e-01  -2.0883502e-01   2.9947203e-01  -1.4083450e-01  -3.4862173e-02  -2.7000480e-01   2.3925915e-01  -1.2987608e-01   1.9178072e-01   7.3074784e-01   2.6436664e-01   2.5658779e-01   1.7015020e-01  -2.7901542e-01   1.2003604e-01  -2.8679694e-01   3.4054594e-02   6.1534775e-01   2.1756195e-01  -2.1049072e-01   3.4123408e-02  -2.8568895e-01  -3.4787079e-02   1.0309368e-01  -2.7282071e-01   2.1992324e-01   8.9221736e-02   2.5326283e-01   2.9548955e-01   1.9565535e-01  -1.3759042e-01  -3.9319681e-01   4.2828518e-01   6.1673398e-01  -3.9995000e-02   1.6622225e-01   4.3868156e-01   2.5204882e-01  -9.1112137e-02   1.3396206e-01
   1.4810981e-01  -6.7334016e-02   9.7052228e-02   6.2427078e-02  -6.7631293e-02   1.0170786e-01  -1.1032124e-01   0.0000000e+00   1.7508164e-01  -2.7278989e-01   3.5739158e-01   2.6851781e-01   1.1588327e-02  -5.8514338e-02   2.2006775e-01  -3.4357759e-01  -6.9530906e-03   9.0837148e-02   4.6848831e-01  -2.3737822e-01  -1.4683894e-01  -3.1063091e-02  -3.8917316e-01   2.8034879e-01  -6.2674252e-02   6.7199106e-01  -2.2051559e-02   1.8859027e-01  -8.6248514e-03   8.4789553e-02  -5.3757457e-03   2.0883504e-01  -1.8635470e-01   1.1228102e-01   8.4608442e-02   1.5348036e-01  -5.7531948e-02  -3.4477722e-01  -3.9132932e-01  -1.2005527e-01  -8.4223501e-03  -2.3585932e-01   3.9887091e-01   3.4703181e-01   1.7071351e-01   1.9194616e-01   3.5828728e-01  -1.1645240e-01  -6.9158508e-02  -4.9600399e-02   2.7325190e-02   7.3431383e-01   2.7219590e-02  -8.2327506e-02   2.9239324e-01   2.1758946e-01   3.6963678e-01   2.7953485e-01   5.0497919e-02   4.1560724e-01  -9.1484120e-02  -8.6458466e-02  -3.3162419e-02   3.7747696e-01   1.0116648e-01  -8.0159861e-02   2.8779939e-01   1.1772504e-01   3.9149352e-01  -1.5930636e-01  -2.7193658e-01   2.5360936e-01   1.4509641e-02   3.1846538e-01   1.1492302e-01   5.3480790e-01  -8.3136289e-02   2.6748631e-01   1.7559607e-01  -9.2992776e-02   1.7292205e-01  -4.2832684e-02   1.4011991e-01   6.7737869e-01  -2.4307856e-02   3.8996374e-01  -2.6085882e-01   1.3080146e-01   1.0716544e-02   6.5225170e-02  -6.6009326e-02   3.5047797e-02   9.9300287e-02   2.1519554e-01  -3.6623865e-01  -5.4774568e-02   8.5287371e-02   6.2652700e-01  -1.3973539e-02  -2.4409567e-01  -1.7627000e-01   5.0102527e-01  -3.5925664e-02   1.9252621e-01   1.7550916e-01   3.3200052e-01   5.6509945e-03   5.7619325e-01   6.2043519e-02   9.1360475e-02   6.1875769e-02   3.1861501e-02   1.6808477e-01  -2.6598350e-01  -1.3533243e-01   3.2938741e-01   1.7022458e-01   1.1979178e-01  -5.1952163e-02   7.7497209e-02   1.3770153e-01  -3.1247596e-02   1.9045722e-01   1.2013857e-01   1.7027960e-01   1.0299027e-01   2.3513928e-01   2.3064411e-01   3.2285506e-01  -3.3910655e-01   1.3031794e-01   1.5285313e-01   3.0892964e-01  -1.7940145e-01   3.8701382e-01   5.4858798e-01  -1.0264610e-01  -1.0698786e-01   5.5185983e-01  -3.9241644e-01   1.4325183e-02   8.9282336e-03   3.9205012e-01  -6.4933362e-02   8.6642444e-02  -8.6229398e-02  -3.1419598e-02   2.6366737e-02   5.7103734e-02  -1.0612017e-01  -2.2321887e-02   3.1832294e-01   2.1125665e-02   2.0362895e-01  -1.1633550e-01  -1.4808827e-01   7.7755967e-02  -1.5192326e-02  -2.4361432e-02   1.0417620e-01  -8.0764820e-02   4.7437522e-01   2.8788380e-02   2.5134248e-01   2.8058652e-01   3.1372980e-01   1.2061858e-01   2.2012880e-01   7.9403671e-02   1.5643666e-01   3.4909556e-01  -2.1032864e-01   1.1795929e-01   6.0611587e-02   7.4633514e-02  -6.5796624e-02   1.8235605e-01
   3.6612731e-01   9.2071866e-02   3.3004049e-01   1.5679146e-01   1.7218218e-01   2.0825581e-02  -1.0097500e-01   1.7508164e-01   0.0000000e+00   2.9772980e-02  -1.6693937e-01   1.6858073e-01   2.4644899e-01   6.6633382e-02  -1.2520765e-01   7.7216826e-02   3.1702528e-01  -1.7148757e-01   1.6735189e-01   1.4728218e-01  -2.3369855e-01   1.7474954e-01  -2.5913134e-01   3.0179019e-01   2.5588431e-01   2.3734206e-01   2.3196716e-01   1.2614125e-01   1.1644975e-01  -2.0271499e-02  -8.2476080e-02   6.5292628e-02   1.2700240e-01  -2.1614978e-01   4.9553974e-01  -1.6037179e-01  -1.0145273e-01  -2.3637451e-01   2.6148137e-03   1.7928627e-01   1.8375065e-02   2.3619362e-01   4.1311771e-01  -2.2729380e-01   2.0189192e-01   4.6219797e-01  -1.5951711e-01  -1.0844701e-01   1.8905598e-01   2.0360319e-01   3.4744399e-02   1.9955767e-01  -3.3086220e-01   1.1681905e-01   1.8339724e-01  -1.5969579e-01  -2.4364931e-02   2.2472105e-01  -1.0891961e-01   1.7508816e-01   4.9250604e-02   1.9167683e-01   4.8327405e-01   1.7572692e-01   3.3193179e-01  -1.4274981e-01   1.5903946e-01  -2.0215494e-01  -6.1285585e-02   2.1562398e-01   7.9745640e-02   7.5233360e-02  -2.4510293e-01   5.1740106e-01   1.7220808e-01   3.6978188e-01   8.4043371e-02  -4.4995296e-02   1.2689369e-01   3.8587654e-02  -1.4513338e-01  -4.8601334e-02  -2.5581934e-01   3.2723761e-01   1.8945720e-01   2.2899371e-01   1.5561689e-01   2.1644969e-01   2.8055710e-01   4.6366412e-01  -4.1581351e-02   2.1345006e-01  -5.0554528e-02   4.6303261e-01  -2.6817712e-01   1.5699972e-01   2.2518157e-01   2.3454258e-01   1.5442278e-01  -1.9603557e-01  -1.9757193e-01  -1.7246832e-01  -2.9286959e-01   4.8253431e-01  -8.1523006e-03   1.8784859e-01   3.6401383e-02   1.0022327e-01   1.1191957e-01  -3.7223783e-01  -2.0500739e-01   1.1215310e-01  -4.1271478e-02   1.8391097e-01  -3.4212140e-02   5.4334221e-02  -1.0172739e-01   1.7715381e-01  -2.8467780e-01  -1.2748770e-01   4.2495357e-01  -8.3655442e-03   4.1873643e-01   3.8272591e-01   4.7388156e-01   9.6666424e-02   1.3304964e-02   2.4040491e-01   3.6720815e-01   4.5574229e-03  -1.2314669e-01  -3.0963685e-01   5.0710738e-01  -4.0211456e-01   4.6179086e-01   3.5421098e-01   1.9715307e-01  -1.8885311e-01   3.1118639e-01  -2.1488757e-01   2.8190141e-01   2.1191884e-02  -3.2304697e-02  -2.7008914e-01   2.5625602e-02  -3.7257214e-01   1.7643287e-01  -2.1840736e-01  -2.6874427e-01   6.1786682e-02   2.1975304e-01   3.8888276e-02   1.5585611e-01   1.3327804e-01   1.4470796e-01  -1.6091375e-02   2.8418236e-01  -2.1876832e-02   1.6501852e-01  -3.0770834e-01   7.8723718e-02   2.9157744e-02  -9.1342603e-03  -3.1444358e-02   2.5847197e-01  -1.5375946e-01  -2.3029752e-02   9.6758022e-02   2.6339724e-01  -3.9836674e-02   4.9029850e-02   3.3933675e-02  -7.8680072e-04  -1.9309891e-01   1.9360645e-01  -1.9927677e-01   3.4653503e-01
  -1.9172466e-01   3.0856442e-01   2.7329872e-02  -6.7449319e-02   1.7560269e-01   2.2380869e-01   4.5089233e-01  -2.7278989e-01   2.9772980e-02   0.0000000e+00   7.6849950e-02   3.4284392e-01   1.9786432e-01  -1.7882902e-01   1.4046977e-01   3.1488393e-01  -4.6737223e-02   1.2663542e-01  -6.4378939e-02   3.7567445e-01   1.4624493e-01   2.2763259e-01   3.7711554e-01  -3.1152592e-01  -5.6882372e-02  -1.7073490e-01   1.9063128e-01  -1.0860398e-01  -6.3778488e-02   3.3125682e-01   2.3325673e-01   6.8353954e-02   1.8525979e-01   4.3091671e-01   2.4530503e-01   1.3285352e-01   1.4631435e-01   1.8084459e-02   3.0476898e-01   2.7167871e-01   2.4445463e-01   2.8556059e-01  -2.6251285e-01   1.3615407e-01   4.1340110e-02  -3.5374790e-01  -1.3721198e-01   2.8679981e-01  -4.4625314e-02  -4.3128865e-03   2.0658202e-01  -3.1352373e-01   1.9508868e-01   2.1469547e-02  -6.2130051e-02   3.2749263e-02  -4.4710135e-02  -2.8302284e-02   5.6226710e-02   9.8249613e-02  -2.9320119e-01  -2.5140976e-02  -2.1829777e-01   1.1189310e-01  -2.4205257e-03   5.2484214e-01   2.1264892e-01  -1.8287798e-01   2.0305229e-02   1.0983577e-01   3.0856047e-01  -3.7716449e-01   2.6781567e-01  -7.6535378e-02  -1.1849326e-01  -8.1813043e-02  -2.2376304e-01   6.1059026e-02   2.1037006e-01  -5.7023190e-02   1.3425896e-01   3.1253580e-01   1.8266867e-01  -3.2058157e-01  -1.0187174e-01   2.0003139e-02   2.8760672e-01  -1.4739622e-01   7.1726182e-02  -1.8474623e-01   2.3310138e-01  -3.6913465e-01   3.5118132e-01   7.9105428e-02   8.1285229e-03   1.8717208e-01  -1.6572713e-01   4.3145145e-02  -1.7265245e-01   3.7845324e-01   8.1837179e-02   2.1495765e-01   1.7904664e-01  -2.5816429e-02   1.3153764e-01   8.0235509e-02  -9.3156407e-02   1.9419207e-02   1.9866592e-01   1.2262274e-01   3.9816794e-01   2.6433395e-01  -3.3375634e-01  -2.5267576e-02   1.7174154e-01   9.3002308e-03   1.6842886e-02   4.0209821e-01   1.2397396e-01  -2.1467724e-01  -3.4487925e-01   2.3728106e-01  -9.8534604e-02   1.8487062e-01  -3.2632525e-01   1.0015841e-02   2.0011775e-01  -2.3406291e-01   2.4430821e-02   1.8216196e-01   6.4172781e-02   3.4642661e-01  -3.0456880e-01   3.0439196e-01  -2.1725807e-01  -1.3835047e-01   8.1255976e-02   3.2544663e-01  -1.2998080e-01   2.0137582e-01  -1.9502084e-01   4.6970717e-02  -1.3027882e-01   2.2972752e-01   3.1337109e-01   2.9240835e-01   3.7042253e-01   2.7199805e-01   2.2726014e-01   3.2075247e-01   6.8719235e-02  -2.4975311e-02  -4.0436239e-01   2.5673020e-03   2.3446973e-01   1.6521760e-02  -3.8636727e-01   6.1575136e-02  -2.0128822e-01  -3.9426733e-02  -5.8127054e-02  -1.3060059e-01   3.5372326e-01  -2.1865795e-02   1.0582100e-01   6.8959243e-02   2.3859622e-01   1.5601412e-02  -4.4431903e-01   1.1659596e-01   1.5279129e-01  -1.3168932e-01  -1.1618976e-01   1.5124970e-01  -1.3154235e-02  -2.3853903e-01   1.0597837e-01
  -2.8002115e-01  -1.3882624e-01  -3.1471672e-01  -8.7350709e-02   2.5997321e-02  -1.0499566e-01  -1.9000522e-01   3.5739158e-01  -1.6693937e-01   7.6849950e-02   0.0000000e+00   8.1464458e-02  -1.6577385e-01  -1.3197035e-01   4.6523064e-01  -2.3758522e-01  -3.9571546e-01   3.4225610e-01   2.0571675e-01  -1.9090468e-01   3.5537732e-01  -2.8188595e-02   2.5855406e-01  -1.0383186e-01  -1.0297672e-01   3.5356467e-01  -2.3695712e-01   7.7448772e-02   5.0306564e-02   2.0653391e-01   1.5204874e-01   3.1262893e-01  -1.2986521e-01   1.1847420e-02  -2.1422124e-01   2.7986396e-01  -1.2510834e-01  -3.7470508e-01  -2.6734655e-01  -4.8429682e-01   1.3100926e-01  -1.8056152e-01  -1.4345558e-01   8.1820183e-01  -7.3341623e-03  -9.3448244e-02   4.9253259e-01  -7.3931512e-02  -2.4453974e-01  -3.2892599e-01   3.5010899e-01   2.6078944e-01   1.6960092e-01  -3.0975866e-01   5.5936490e-02   6.9449026e-01   3.2674723e-01  -9.0433849e-02   1.6960283e-01   2.9030349e-01  -7.1354965e-02  -8.8543077e-02  -4.7859705e-01   3.8146455e-01  -1.2017945e-01   3.1657693e-01  -1.8017972e-02  -8.2926856e-02   5.7233104e-01  -3.0849222e-01  -3.2610303e-01   4.4149534e-02   2.8878562e-01   1.8259993e-01   2.9591230e-02   1.9402643e-01  -1.8948763e-01   6.2029218e-01  -4.9938927e-03  -1.0113084e-01   4.5670602e-01   2.5182060e-01   3.3836186e-01   5.9767952e-02  -7.5721291e-02   2.7082436e-01  -2.9988812e-01   1.2894064e-01  -3.2202895e-01  -3.0747557e-01  -8.9073201e-02  -8.2591444e-02   1.7231532e-02  -2.0175804e-01  -3.0649211e-01  -2.5288031e-01  -1.8526213e-01   5.6124806e-01  -1.9840934e-02  -5.5537495e-02   1.8312374e-01   6.3336056e-01   2.2718028e-01   1.7480724e-01   3.5417597e-01   1.1304478e-01  -1.6915996e-01   5.9980039e-01  -4.4701391e-02   2.9963710e-01   2.3417227e-01   3.0543345e-01  -1.2408418e-01  -4.2603143e-01  -2.7795280e-02   3.9111246e-01   6.1744997e-01   1.4960959e-01   1.2789987e-01   2.2783748e-02  -2.1808053e-01  -5.3749841e-02  -3.7248570e-01  -4.3596861e-02  -2.5794341e-01   1.5665330e-01   1.8666031e-01  -1.4535280e-01   9.1869039e-02  -4.1871986e-01  -2.7113272e-02   5.8801824e-01   7.2546204e-02   3.0582054e-01  -7.4445743e-02   1.1550913e-01  -7.7493667e-02  -1.9072320e-01   2.1573208e-01  -5.0095844e-01  -3.5701249e-01  -1.2627627e-01   6.2652579e-01   2.7785840e-02   4.0891351e-01   2.1808453e-01  -2.9061152e-01   4.3746820e-01   2.5732128e-01  -6.5313488e-03   1.1955074e-01   1.2786037e-01  -2.4614435e-01   5.9105110e-01  -4.3370795e-01  -5.2494181e-01  -3.2626994e-01   2.9148014e-01  -7.0836167e-02   3.4505287e-01  -2.6151072e-01   7.8306566e-01   4.2431886e-01   2.8263574e-01   8.9419391e-03   4.3480577e-01   4.7192032e-01   3.0609916e-01  -2.2243704e-01   2.4283515e-01   1.0831291e-01  -3.7410444e-01   1.1399491e-01  -2.2151101e-02  -1.0802188e-01  -1.0244847e-01  -1.8806037e-01
  -2.6298496e-01   4.8347377e-01   3.4427121e-01  -2.1962580e-01   7.2712991e-02   1.0954447e-01   3.3080993e-01   2.6851781e-01   1.6858073e-01   3.4284392e-01   8.1464458e-02   0.0000000e+00   2.3255434e-01  -2.8880426e-01   1.5660508e-01   2.9850734e-01   2.3612487e-01  -6.4467126e-03   1.7720577e-01   2.3883118e-01  -1.3390059e-01   7.2256926e-02  -1.4515911e-01  -1.2687455e-01   2.2520887e-02   5.8858890e-02   8.6040354e-02   5.1020194e-02   2.8467791e-02   3.2555212e-01  -4.6946961e-02   2.4577490e-01  -6.4369389e-02   2.9177829e-01   3.3298728e-01   1.7402419e-01  -1.2374960e-01  -2.5773218e-01   2.6389572e-01   1.9931271e-01   3.0803709e-01   1.6252579e-01   2.2967959e-01   2.5485093e-01   7.3261331e-02  -1.8946911e-02   4.1259996e-02   2.8462028e-01  -2.8452090e-01   1.8309490e-01   5.2403791e-02   5.8125578e-02   1.1334480e-02  -1.1819895e-01   8.2249431e-02  -4.0138218e-02  -1.6121836e-01   4.1773047e-02   2.0140718e-02   5.3048720e-01  -3.3272982e-01  -1.3533735e-01   6.1820468e-02   2.2337080e-01   7.6370603e-02   1.6663980e-01   1.5027204e-01  -3.4844491e-01   8.7623926e-02   1.6827191e-01   2.2491050e-01  -3.1153893e-01   1.2917656e-01   1.7812029e-01   6.9560234e-02   2.3032099e-01  -2.4076472e-01  -3.7627824e-02   4.1774800e-01   7.1628625e-02   2.5697523e-01   3.3165439e-01   3.4643139e-02   1.2644469e-01  -2.8986710e-02   1.9873292e-01   1.8778170e-01   9.8936001e-02   2.6955906e-01  -1.9914240e-01   9.3469320e-02  -1.3353270e-01   2.0199116e-01   4.7414290e-01  -2.5885507e-01   1.8259692e-01  -1.8304617e-01   2.6026567e-01  -3.6103901e-01   2.7068381e-02  -5.0300688e-03   3.7729455e-01   3.5181621e-03   1.9364631e-01   1.0941490e-01   1.8461301e-01  -1.2999472e-01   6.1807186e-02   2.2848031e-02   5.4084858e-02   1.2191246e-01   8.8733158e-02  -3.1074680e-01  -1.7273131e-01   2.5808195e-01   1.7148555e-01  -6.1033482e-02   3.2349121e-01   5.2025997e-02  -3.1286665e-01  -7.6695471e-02   6.4409573e-02   4.0807325e-01   1.9787852e-01  -5.9959778e-02   2.1700145e-01   3.0652465e-01  -1.7401585e-01  -2.1296126e-04  -2.9908161e-02   1.7574592e-01   9.4164989e-02   2.8904602e-02  -1.3240288e-02  -6.0425106e-02   2.2647495e-01   2.0919606e-01   1.6594434e-01   2.5733644e-01  -9.8314596e-02  -2.1981772e-01   3.0518026e-01  -8.2249952e-03   1.3460035e-01   2.1848212e-01   6.1747895e-02   4.9277312e-01   1.2165107e-01   1.3955303e-02   2.1379457e-01   1.3720125e-01   1.4191155e-01  -1.8464229e-01   1.7737021e-01   3.4776385e-01  -1.9660909e-01  -2.7637407e-01   1.6765527e-01  -6.9620724e-03  -9.5921422e-02  -1.0723872e-01   3.6070377e-02   1.9086004e-01  -1.4097817e-01   2.9728998e-01   4.2834342e-02   2.3967866e-01   1.0884148e-01  -2.2258280e-01   7.9874684e-02   2.6760303e-01  -4.1444542e-01  -4.1062869e-01   5.3017337e-02   1.4236080e-01  -2.6314125e-01   1.6352081e-01
  -1.6712206e-01   3.0664617e-02   4.6860674e-02   1.3985884e-02   5.5459515e-02   1.5610551e-02   1.7365082e-02   1.1588327e-02   2.4644899e-01   1.9786432e-01  -1.6577385e-01   2.3255434e-01   0.0000000e+00  -3.1548476e-02  -5.0333371e-02   2.0726277e-01   8.8470819e-02  -6.7280318e-02  -2.9464421e-01   2.6998113e-01   1.5382573e-01   2.8087249e-01   2.1975421e-02  -1.1486107e-01   1.4512086e-01  -2.5685404e-02  -1.2196139e-01  -1.1954909e-01  -1.7554029e-01   5.9004866e-02  -5.3077679e-02   1.5216661e-01  -1.2692334e-01   1.6201572e-01   3.2478186e-01   3.2291985e-01   1.5242882e-02  -2.9805661e-01   2.3569084e-01  -4.8999796e-03   4.0409823e-01   2.2256116e-01   1.7404480e-02  -1.9718595e-01   2.6278133e-01  -1.0096233e-01   1.3884240e-02  -8.3975588e-02   9.4749030e-02  -1.0674144e-01   4.4917202e-02  -1.0721186e-01  -2.0868627e-01  -1.4425608e-01  -1.5857242e-01  -1.2972778e-01  -4.2659008e-01  -3.7610633e-02  -9.9951263e-02   1.4728996e-01  -3.0300679e-01   1.8122396e-01   1.4638978e-01  -1.3883465e-01  -1.5476360e-01   3.1149424e-01  -6.2725534e-02  -1.3482065e-01   2.3333807e-02   6.1179992e-02  -3.4040302e-02   1.2270368e-01   8.6228378e-02   1.2069217e-01  -2.6669515e-04  -6.5021759e-02  -2.9351444e-01  -3.6938863e-02   2.3422670e-01   3.2215219e-01   2.3648928e-02   2.4019759e-01  -1.4693143e-01   1.2488857e-02  -1.3845402e-01  -1.7369391e-01   3.6018342e-02  -9.3015922e-03  -1.0081212e-02  -4.8855078e-02  -8.7490711e-03  -2.0064051e-01  -4.2490897e-02   1.7026491e-01  -3.5684067e-01   1.3321305e-01  -6.3720491e-02  -2.0879455e-01  -1.4028800e-01   1.9051865e-01  -6.2366964e-02  -2.1239731e-02  -6.1668416e-02   2.3805887e-01   1.4441387e-01   2.8398867e-01  -2.8787758e-01  -1.6697111e-01   1.9584486e-01  -6.3923791e-02   3.7590774e-02   7.1047481e-02  -1.0834540e-01  -7.6147959e-02   1.7661703e-01  -3.4188385e-01  -9.5822313e-02   3.9282481e-01   5.6201130e-03   7.1896462e-02   1.2537923e-02  -2.8987636e-02   1.6144567e-01   8.9966200e-02   4.5702471e-02   2.0537852e-01   1.2732824e-01  -2.2796592e-01   1.4963357e-01  -7.0849670e-02   4.1641262e-01   1.9240164e-02   1.4314580e-01   1.3115595e-01   7.6529200e-02  -7.3594513e-02   2.3545643e-01  -5.4323124e-02  -7.6804688e-02  -3.5256141e-02  -1.5678692e-01   5.4360325e-01  -2.3172646e-01   3.1290004e-02   2.0016132e-01  -2.9250485e-02   8.7362339e-02  -2.1754700e-03   1.2757802e-01   2.0697431e-01  -1.2385994e-02   9.9163404e-02  -9.6586793e-02  -1.7079278e-01  -6.5311635e-02   2.8235396e-02  -2.6130780e-01   4.1548518e-02  -1.9514439e-01  -1.1199734e-01   5.5031305e-02  -1.3492681e-01   1.3102924e-02   4.1842340e-02   2.2534792e-01  -2.1276420e-01  -1.2252602e-02  -4.2942478e-03  -1.4916913e-01  -1.7999683e-01  -4.9620388e-02  -1.7429551e-01  -1.5816620e-01  -1.0354340e-01  -1.3087852e-01  -2.0911801e-01   4.4327768e-01
   2.5458976e-01  -1.5370170e-01   7.7981469e-02   2.8170124e-01  -1.5640984e-01  -4.4491141e-02  -3.4836342e-01  -5.8514338e-02   6.6633382e-02  -1.7882902e-01  -1.3197035e-01  -2.8880426e-01  -3.1548476e-02   0.0000000e+00   2.2830105e-01  -1.1089822e-01   4.3381364e-02   3.0731237e-02   1.0741823e-02  -1.4767232e-01   3.1300845e-01   1.9736012e-01   2.2376317e-01   5.1306255e-01   1.6628279e-01   5.3353047e-02  -9.2468330e-02   3.0841994e-01   1.6922698e-02   1.1625125e-01   1.9464707e-01   6.3024732e-02   1.1241734e-01  -4.4587867e-01  -2.2745165e-01  -1.8136229e-01   1.8429266e-01  -2.6181549e-02  -1.3632375e-01  -2.4789167e-01   5.7172997e-02   4.0088969e-03   1.4290370e-02  -1.2085386e-02   7.5155260e-02   3.1610785e-01   1.1052654e-01  -3.6358284e-01   4.1959604e-01  -2.4098179e-02   1.5099573e-01  -1.2428669e-02  -4.4971439e-01   2.8871597e-01   4.2694806e-01   2.8250689e-01   7.9236535e-02   1.5093280e-02   1.3134553e-02  -4.9995106e-02   2.1650206e-01   6.5219520e-02   1.6907919e-01  -4.7107980e-01  -2.1720541e-01  -3.3844153e-01   2.3088947e-02   1.4313651e-01   1.5425426e-02   9.9803551e-02  -3.7901493e-01   3.6741535e-01  -2.5304916e-02   3.5335406e-01   1.1882607e-01   1.6325526e-01   2.5574297e-01   9.3492704e-02  -2.8918551e-01  -1.1267346e-01   2.0694218e-01  -1.0592038e-01  -1.9254834e-01   1.0702897e-01   5.7675383e-01   2.5035951e-01  -1.9153555e-01   5.2693116e-01   4.6598395e-02   1.9497694e-01  -2.4676003e-01   3.5021464e-01  -3.0398436e-01  -2.2288218e-01   2.6929377e-03  -1.6646197e-01   3.7398885e-01  -1.5487289e-01   3.4192587e-01  -7.9379977e-02   5.6126139e-01  -1.1199609e-01   2.1356053e-01   6.6612110e-02   2.2692530e-01   7.2526096e-04   4.4503020e-01  -7.1311797e-02  -6.1545368e-02  -4.0216782e-02  -1.2674716e-01   1.8636339e-01   1.1744878e-01   9.7012393e-02   2.2349740e-01  -3.9003764e-01   4.7781523e-02   1.9051008e-02   4.3049335e-01   2.1896615e-01   3.6663245e-01  -2.0397383e-01  -6.8847290e-02   1.4915757e-01   2.3208760e-01   5.2775957e-01   2.3859347e-01   2.0756373e-01   2.2460729e-01  -1.0446512e-01  -3.6994213e-02  -3.8724939e-01   4.1275994e-01  -3.8692411e-02   2.4442909e-01  -1.9738151e-03   1.2842106e-02  -5.7879796e-02   4.7213124e-02  -5.9771207e-02   3.7703852e-01  -3.2166311e-02   7.6584252e-03   8.4697572e-02   1.2218836e-01   1.1048199e-01  -3.7446248e-01  -2.8280575e-01  -1.5073867e-01  -1.8853275e-01   6.0400910e-01   1.5367385e-01   4.7922420e-01  -2.7368303e-01  -3.2977932e-01   8.5998233e-02   3.4401907e-01  -3.5273327e-02   3.2395955e-01   3.6193413e-01   4.9316391e-02  -6.4347176e-02  -2.3272914e-01   2.2210027e-01  -1.8804894e-01  -2.1967591e-01  -3.4221485e-01   2.2767563e-01   5.4284299e-01  -3.2740042e-01  -3.2280605e-01   1.9601003e-01   2.4467177e-01   6.2285263e-02  -1.1466563e-01   2.7726725e-01   1.4449628e-01
