   0.0000000e+00  -2.0453621e-01   2.4410618e-02  -5.9261357e-02  -2.3417779e-01  -1.9689409e-02  -4.2411811e-02  -3.9219384e-02  -2.2773117e-01   4.1259401e-02  -1.6229379e-01  -9.8966013e-02  -2.2952921e-01   4.4750312e-01   2.3526819e-01  -1.7146154e-01  -8.6861517e-03  -7.2069345e-02  -1.2621361e-02  -1.9938505e-01  -5.0635406e-02  -2.6732016e-02   9.5091177e-02   4.4377145e-01  -5.9507286e-02  -3.0917046e-03  -3.0682246e-01   4.2820197e-01  -1.4324680e-03  -1.4904879e-01   8.0905373e-02   8.0445671e-03  -7.2448536e-02   1.8371391e-01  -1.3819015e-01  -2.7160863e-01   2.3812277e-01   5.1016539e-01  -5.1319672e-02  -1.7748638e-01  -4.7187331e-01   4.5469876e-02   7.0076952e-02   2.6542548e-01  -5.3601283e-02   5.8196148e-01  -2.3799433e-01  -1.3602238e-01  -1.3329010e-01   1.8732670e-02   1.2958148e-01  -3.7208879e-02  -1.1460147e-01  -1.0412433e-02   1.7634029e-01   3.0243749e-01   1.1705962e-01  -4.6285860e-02  -7.2487634e-02   2.8954167e-02   3.7098008e-01   1.2991459e-01  -2.3953971e-01  -1.3346094e-01  -6.1301695e-02  -1.6127233e-01  -1.8618309e-01   1.0417433e-01  -1.2989962e-01   2.8221390e-01  -2.2769746e-01  -6.9773811e-03  -8.9189630e-02   3.4853857e-01  -2.7566601e-01  -1.1202448e-01   4.5170691e-01  -1.8945980e-01  -1.7036224e-01  -2.0207377e-01   2.3990358e-01   1.3906755e-02  -2.0640586e-01  -9.1000027e-02   5.2742734e-01  -1.9282615e-02   3.2937007e-02   4.6814784e-01  -9.1053029e-02   6.1631031e-01  -4.4579593e-01   1.6627003e-01  -8.6863851e-02  -1.0866772e-01   4.8312949e-01  -2.8643440e-01  -1.8806332e-01  -5.2427208e-02  -4.3122317e-02   1.9259700e-01  -1.7100374e-01  -1.3307775e-01   5.3450612e-02   9.4275409e-02  -1.1624612e-01   1.5541758e-01   6.1973762e-02  -1.9869465e-01   3.5787991e-01  -2.4387522e-01  -8.4240813e-03   1.5825272e-01   2.3597203e-02   8.0613417e-01   3.1376973e-01   4.8023804e-02  -2.3053208e-01  -2.2738107e-01   2.6186947e-01  -1.2228195e-02   4.7531856e-01  -3.8584676e-01  -2.4015136e-01  -1.9249286e-01   6.4818443e-01   4.1674953e-01   2.9125264e-02  -9.9968125e-02  -7.0001561e-02   1.4834440e-01  -1.9285942e-01   1.9782578e-02   4.7867751e-01   3.9763303e-02  -5.6032364e-02  -1.8214766e-01  -1.9043253e-01  -2.3958389e-02  -9.2999148e-02   6.4638528e-01   7.4936787e-01  -1.1661535e-01  -2.8006066e-01   3.2814796e-01   1.6440982e-01  -2.7493282e-02   8.1208220e-03  -2.5756846e-01  -2.7730713e-02   9.1522986e-02   6.4701782e-01   5.4406500e-02   4.5269449e-01  -1.1384353e-01  -1.3714023e-01   5.0502782e-01   3.7487415e-01  -1.3689070e-01   1.4370023e-01   1.0898159e-01   7.0484697e-02  -2.9437560e-01  -2.0673679e-01  -3.3751562e-02  -1.7591962e-02   1.4960914e-01  -1.3878454e-01   4.1199512e-01   5.1335767e-01  -2.5699080e-01  -3.6073750e-01   3.9915378e-01  -4.0718227e-02   2.5575539e-01  -2.6051020e-01  -1.9656911e-01   1.9851556e-02
  -2.0453621e-01   0.0000000e+00   1.9980475e-01  -1.8267216e-02   4.1702944e-01  -7.5150380e-02   2.0175533e-01   4.1914936e-02   4.9608867e-01   3.5746782e-01  -1.7337327e-01   5.2270360e-01   1.6580473e-01   3.4879313e-02  -4.1828070e-01   2.6284168e-02   2.0648554e-01  -4.4167217e-02   1.1120616e-01   3.5303945e-01  -3.4391366e-01  -2.2227873e-02  -3.8046018e-01  -2.4352972e-01   1.1567636e-01   2.6339977e-02   3.4756447e-02  -3.6002804e-02   3.1910479e-01   2.6600649e-01  -3.5364380e-01   5.0675747e-03  -5.1356853e-02   1.3320940e-01   2.6540926e-01  -2.6322383e-02   2.3151098e-01  -3.4357401e-01   3.8003016e-02  -4.0957335e-02   1.6336305e-01  -1.5668721e-01   4.0878601e-01  -1.0595271e-01  -5.8159831e-02  -2.3365221e-01  -2.6191262e-01   1.2362946e-01   9.8646778e-02   1.3819139e-01  -1.8153245e-01  -7.8871700e-02   3.3288618e-01   1.0786839e-01  -2.4487670e-01   2.2249931e-02   7.4823855e-02   5.6896711e-02   7.7580468e-02   1.0207903e-01  -2.6780872e-01   1.6266500e-01   5.2009736e-01   4.3839981e-02   1.9093275e-01  -1.0551062e-01  -8.4493000e-02   1.3234125e-01   3.0948912e-03  -4.1386570e-02   4.1807503e-01  -2.1990549e-01   6.0287978e-02  -7.5396895e-02   1.1039364e-01  -1.0416995e-01  -3.1174576e-01  -9.9248802e-03   5.8078451e-01   1.4140180e-01  -1.3583659e-01   2.6745265e-01   2.9681346e-02   1.0278130e-01   1.9609658e-02  -1.2051214e-01  -2.7018556e-01  -1.3988672e-01   5.5253383e-01  -1.6173267e-01   4.5531744e-01  -1.1414335e-01   1.1435410e-01   2.9202706e-02  -3.2274994e-01   3.7190083e-01   5.8791261e-02   7.5021363e-02   2.0226876e-01  -1.4816222e-01  -4.2624765e-02  -1.0028137e-01   9.8816280e-02   7.7065508e-02  -1.1303345e-01  -1.3112018e-01  -3.5919201e-02   9.8081806e-03  -4.4616132e-02   2.6099589e-02   6.2528640e-02  -2.1894834e-01  -6.3805090e-02  -2.4521783e-01  -1.2409249e-01   1.5599113e-01   1.2646968e-01   2.7023848e-01  -1.2931726e-01  -5.8105939e-02  -1.2992737e-01   4.9933290e-01   3.0576202e-01   4.6911723e-02  -2.9937263e-01  -8.0631949e-02  -1.6451131e-02  -2.2791528e-02   6.2120939e-02   6.8932958e-02   1.4529174e-01   2.0132877e-02  -8.8056035e-02  -9.6031526e-02   2.1979384e-01  -2.0375311e-02  -3.5174435e-02  -1.1092367e-01  -2.5038800e-02  -3.6502377e-01  -1.5233369e-01   9.3002980e-02   4.0957178e-02   8.1014373e-02  -2.2008755e-01  -2.0991184e-01   2.7575870e-01  -9.8810999e-02  -2.3779684e-01  -2.2959864e-01  -5.1532202e-04  -1.0314866e-01  -1.4435714e-01   1.0413091e-01   6.0743717e-01  -3.2037285e-01  -2.5251120e-01   1.4734350e-01  -1.0939963e-01  -1.3394409e-01  -1.9470709e-01   1.7208012e-02   1.7979744e-01  -1.7035469e-01   1.2367035e-01   1.6273933e-01  -2.3822031e-02  -6.8461019e-02  -2.0287016e-01   9.8979153e-02   3.0194278e-01  -2.7996094e-01  -1.3594220e-02   4.6329197e-02   1.2784477e-01  -1.4427287e-01   1.6530056e-01
   2.4410618e-02   1.9980475e-01   0.0000000e+00   7.9539026e-02   1.3955907e-01   5.1832430e-01   2.5688944e-01  -1.5589146e-01  -4.0480573e-02   2.3213567e-01  -1.1328037e-01   4.7902154e-01   2.3445402e-02  -1.2714164e-01  -4.3807144e-01   2.3360241e-01   8.6483633e-01  -7.1854333e-02   3.8920312e-01   3.9630765e-01  -4.2920227e-01   6.8637475e-03  -1.3223391e-01  -6.2436936e-02  -1.3852785e-01  -9.9422613e-03  -9.6467683e-02   4.6027486e-02   2.3569065e-01   6.2908304e-02  -4.3605221e-01  -1.2901933e-02  -1.7643242e-02  -2.0898361e-01   1.1570093e-01   2.6785338e-01  -1.6478396e-01   2.1192576e-01  -6.8564076e-02   1.5388618e-01  -2.0569765e-01   4.6509078e-01   2.9302978e-01  -9.1449790e-02  -3.1170296e-02   2.9709072e-01  -5.2263779e-02  -1.6989641e-02  -5.1967937e-02   3.1022876e-01  -1.0958892e-01  -1.3840141e-01  -3.2213730e-01   2.6864722e-01  -3.9397577e-01   6.3747530e-02   2.9103417e-01   6.1476353e-02  -2.1689215e-01  -1.1467182e-02   4.7641899e-01   1.5586429e-01   2.3325316e-01  -5.3306398e-01  -2.7253970e-01   2.7438459e-01   2.6621893e-01   9.4211967e-02  -1.4435604e-01   6.2930318e-01  -4.7172501e-02   8.7178539e-02  -3.5110151e-01   2.0404599e-01  -5.4704466e-02  -4.1988985e-02   4.3186310e-01  -2.7062487e-01   1.2867083e-01  -2.7070525e-01  -9.0820045e-02  -9.5245308e-02  -2.2397270e-01  -1.3053853e-01   3.3341118e-01  -1.6460751e-01  -6.1397009e-01  -2.7920963e-01   3.0010429e-01   1.8006055e-01  -7.0016783e-02   7.3730624e-01   3.4401947e-01   8.0033135e-02   2.5668813e-01   3.8085581e-01   1.6265875e-01  -1.4454981e-01   1.5689881e-01  -6.1164809e-02  -1.8345296e-01   2.0995587e-02  -8.9398581e-02  -2.3747947e-01  -1.9348024e-01  -1.2742184e-01   3.2565478e-01  -1.4107723e-01  -2.8599019e-01   3.2066788e-01   1.6177388e-01  -1.1330158e-01  -8.1467069e-03  -1.1138900e-01   2.1900660e-01  -2.5822921e-01  -4.3033766e-01   4.9549837e-03   2.1505971e-01  -4.4311767e-02   1.9212279e-01   2.8970400e-01   1.1439262e-01  -2.1660069e-01   3.0003349e-01   4.1149676e-02  -1.1248561e-01   3.5871796e-02  -1.6006048e-01   6.6054536e-01  -6.8626558e-02  -4.8160483e-01   4.6104053e-02  -3.1260214e-01   2.0331694e-01  -1.3222862e-01  -1.4853765e-01  -4.3884055e-01  -1.0246145e-02  -1.4359273e-01  -6.9211883e-02  -1.3381686e-01  -1.5791300e-01   6.1964971e-01  -3.4127439e-01  -4.4454892e-01   3.6298770e-01  -1.6219095e-01   3.3749845e-01  -4.2200024e-01   3.8762450e-01  -2.0811318e-01   9.0939913e-02  -3.6243052e-02   6.1183314e-01   1.0562440e-01   2.7526881e-01  -1.3883682e-01   5.1850742e-01  -8.8879015e-02  -2.6194092e-01  -1.7797340e-01  -7.1901927e-02  -3.5815290e-01   4.1344587e-02  -1.3120764e-01   9.0009620e-02   4.1323866e-03   1.9816053e-01  -1.7725518e-01   1.7553091e-01   1.0893803e-01  -9.8954076e-02   5.2950525e-01   2.6610187e-02  -3.0940069e-01   1.6474416e-01
  -5.9261357e-02  -1.8267216e-02   7.9539026e-02   0.0000000e+00  -2.5295216e-01   2.2238066e-01  -6.9543788e-02  -7.8364879e-02   5.6179831e-02  -7.6997209e-02   1.9802384e-01  -2.5546520e-02  -8.5111063e-02   1.6318437e-01   9.6130142e-02  -9.8675347e-02   1.0838622e-01   3.1305927e-01  -1.3846704e-01  -2.3708832e-01   2.4806410e-01   2.8107086e-01   9.5268960e-02  -4.0809333e-02   1.6334683e-01   1.8914411e-02   7.9496486e-02   1.2017345e-01  -6.3696415e-02   2.3206179e-01   6.4957192e-02   2.3860190e-01  -9.4971453e-02  -3.9575693e-02  -1.4818515e-01  -8.2257222e-02  -5.6378432e-02   5.3313151e-02   1.5937586e-01   1.7179814e-01  -2.1236152e-01   1.6232177e-01  -1.8375721e-01  -1.1014656e-01   3.1543821e-01   4.6973280e-02   1.5124207e-01   2.8863257e-02   2.9714546e-01  -2.7227558e-01   2.2881482e-01  -1.5182775e-01  -3.0810541e-01  -7.1680909e-02   2.3508087e-02  -1.2645635e-01  -1.0460507e-01   3.9822193e-01   2.4442311e-01   3.5800973e-01   2.8636690e-01   1.4607596e-01   1.9678412e-01  -6.6466117e-03  -5.7471877e-02  -3.0252994e-02   1.9503887e-01  -6.2244265e-02   4.7762722e-01   9.5924222e-02  -8.5273066e-02   6.0167188e-01  -1.9417458e-01   2.3776393e-01   1.2824852e-01   1.1306352e-01   1.6583010e-01  -2.5048097e-01  -1.9804100e-01   3.3847132e-01   1.2778121e-01  -2.4718951e-01  -7.0790445e-03  -6.9653805e-02  -9.0741828e-02  -4.3110152e-02   1.0409282e-01   9.8768768e-03  -2.1448039e-01   8.8969127e-02  -2.0673498e-01   2.3184279e-01  -3.7882158e-01   1.0599888e-01   1.6061415e-01  -1.7730565e-01   3.1965558e-01  -1.6136490e-01   3.2669434e-01   3.0599494e-01   1.1994237e-01  -1.3369496e-01   1.3050289e-01   3.4779856e-01   2.8788443e-01   4.2181902e-01   6.8193473e-02  -5.1342014e-02  -7.6007041e-02  -2.3043178e-01  -2.7889899e-01   4.4120915e-01   5.6725012e-01  -4.4066811e-02   1.3106133e-01  -1.5111307e-01  -3.3452566e-01  -3.0043578e-01   2.7774577e-01   6.5067159e-01   9.1513696e-02  -1.8803328e-01  -1.7393922e-01   1.8683508e-01  -5.4242250e-02   3.0455611e-01   1.5446324e-01   3.8173416e-01   4.5056151e-01   1.2566013e-01   1.0923307e-02  -3.1200513e-01   2.9162094e-01   2.2302856e-02   2.4482604e-01   2.2525270e-02   8.1014345e-02   1.4390302e-01   2.9753545e-02  -8.8260636e-02  -2.7159941e-01  -2.2353560e-01  -3.1968152e-02   5.0052488e-02   1.8831556e-01   5.7659189e-03  -1.1304693e-01  -2.8024941e-02   1.3780684e-02   2.2914861e-01  -7.3177935e-02   8.5768151e-02  -2.9439111e-01  -1.8222293e-03  -6.8242785e-02   6.9476709e-02   1.0724927e-01   1.3677647e-01   2.8009373e-01   2.4238353e-01  -3.0829547e-01   1.2371951e-01  -1.1695710e-01   4.0204174e-01   4.3165293e-01  -9.2106545e-02  -2.2913019e-01   1.0554605e-01   7.5082445e-02  -2.8582208e-01  -1.9400974e-01   1.4678371e-02   2.6927534e-01   1.8675713e-01  -2.2765586e-02  -1.9432246e-01   2.0162811e-01
  -2.3417779e-01   4.1702944e-01   1.3955907e-01  -2.5295216e-01   0.0000000e+00  -7.3427196e-02   3.1226600e-01  -4.4011631e-02   2.4758392e-01   4.1726107e-01  -3.2251474e-01   2.2501228e-01   1.1855898e-01  -1.4077153e-01  -4.5934979e-01   2.5436639e-01   1.0416019e-01  -2.9672494e-01   1.7950296e-01   7.6233205e-01  -2.9397152e-01  -3.6388442e-01  -2.9084884e-01  -2.1036957e-01  -1.2011125e-01   2.7186335e-03   3.5181374e-01  -2.9323067e-01   2.0380766e-01  -1.2205294e-01  -2.3281018e-01  -2.5460080e-01  -7.1079569e-02  -9.5669491e-02   4.7756958e-01   5.1566532e-01   1.1995871e-02  -1.9640279e-01   7.3481072e-02   2.3400784e-01   3.2773875e-01  -2.2399208e-01   3.8586637e-01  -3.3937727e-01  -1.8209492e-01  -3.3033640e-01  -2.1657899e-01   2.5735870e-01   1.0928686e-01   3.9332857e-01  -4.4376177e-01   9.5987750e-03   4.0809426e-01   7.8560056e-02  -1.7496218e-01  -8.7310018e-02   1.0981331e-01  -3.4353979e-01  -7.6772004e-02  -1.9120836e-01  -3.0405206e-01  -7.7530340e-02   2.7955619e-01  -1.6010141e-01  -2.3214371e-02  -3.3205580e-02   1.8003047e-01   3.9989049e-02  -1.7789301e-01  -1.3009232e-01   3.6692330e-01  -4.3549009e-01   2.2651597e-01  -4.1126017e-01   3.9749564e-02  -1.9867181e-01  -3.3553772e-01  -1.6835204e-01   7.8724269e-01  -1.9515950e-02  -6.5523774e-02   2.7979673e-01  -1.2986111e-01   5.8253800e-02  -1.1234594e-01  -8.4159415e-02  -1.9638599e-01  -1.7389953e-01   4.1464803e-01  -2.3891272e-01   6.3941278e-01  -1.1458301e-01   3.9790497e-01   6.2686614e-02  -2.9484227e-01   6.2963628e-01  -1.0115013e-01   1.6720653e-04   2.3932297e-01  -1.3379278e-01  -8.9960762e-02  -3.0930126e-01   1.7256976e-01  -4.2246167e-01  -4.0781102e-01  -2.9848740e-01   4.6470367e-02   8.9412216e-02  -1.2017237e-01   2.9703220e-01   1.2668840e-01  -4.1981930e-01  -2.6590008e-01  -2.1813850e-01  -2.0392349e-01   2.5647405e-01   2.2207745e-01   5.0235686e-01  -2.5185476e-01  -4.1226172e-01  -1.2874746e-01   7.6984860e-01   2.5410189e-01  -1.6911930e-01  -3.0705854e-01  -4.2371613e-01  -2.0850335e-01  -5.6235626e-02  -3.1012303e-01  -3.4385080e-02   2.3445636e-01   1.8040010e-01  -3.6206530e-01  -3.3842879e-01  -6.6261209e-02  -5.3073794e-03  -1.6300672e-01  -3.1177350e-01  -4.1834654e-02  -1.4067435e-01  -6.1832726e-02   2.3832361e-01  -9.2627662e-02  -3.4639602e-02  -3.0500921e-01  -2.7192875e-01   3.2574290e-01   1.3252324e-01   6.4398970e-02  -3.3221553e-01  -2.2050070e-01   1.1323039e-01   4.2807276e-02  -1.2804942e-03   5.4054743e-01  -1.4441926e-01  -2.8921794e-01   9.1596497e-02  -1.4939698e-01  -2.0731823e-01  -1.0007811e-01  -7.4039395e-02   1.9448165e-01  -3.4982939e-01  -1.9638060e-01   4.2159706e-01   1.6267852e-01  -4.0265382e-01  -1.1377076e-01   2.0320868e-01   6.8311796e-01  -2.1388915e-01   9.7071815e-02  -3.7456271e-02  -1.3750716e-01   1.3603383e-01  -2.3094713e-01
  -1.9689409e-02  -7.5150380e-02   5.1832430e-01   2.2238066e-01  -7.3427196e-02   0.0000000e+00   2.8246131e-01   1.4074874e-01  -7.6530657e-02  -1.8569551e-03   8.8716972e-02   2.4814368e-02  -2.4248535e-01   2.6858063e-02  -8.0937506e-02   2.4003284e-02   5.6786916e-01   3.0571827e-01   6.1701148e-01   2.6453924e-02  -1.2131171e-01   1.6084101e-01   9.9213800e-02  -1.2285448e-01  -5.5153700e-03   2.4864659e-01   2.8824832e-01   4.1689295e-01   1.7086809e-01   1.0840689e-01  -2.0824580e-01   1.6342424e-01  -7.8767494e-02  -3.0782672e-01   8.3713507e-02   3.9035424e-01  -2.9856389e-01   5.3251613e-02  -1.8518150e-01   2.8553006e-01  -3.1294046e-01   3.1868820e-01  -8.2520917e-02   5.5097258e-02   1.1057359e-01   3.3414841e-01   3.2655014e-01   1.5306043e-01   6.0743511e-02   3.1332955e-01   2.4703160e-01   1.6365445e-01  -3.3407828e-01  -7.7260910e-02  -2.3513875e-01   1.2314467e-01   3.9762550e-01   1.9482056e-01  -1.4007596e-01   2.8261498e-01   4.3459224e-01   5.7279412e-02  -6.4151545e-02  -1.3881253e-01  -1.8239544e-01   4.5191929e-01   6.5900167e-01   1.7499673e-02   2.8467506e-02   6.1326549e-01  -2.6641517e-01   3.0313423e-01  -5.0221297e-01   2.0190403e-01  -1.3182602e-01   1.9540109e-01   4.0485903e-01  -1.6366978e-01  -7.0928915e-02  -3.0359633e-01   4.3352957e-01  -2.3979794e-01  -1.2103490e-01   3.5257708e-02   2.8816138e-02   7.5968003e-02  -2.1234781e-01  -9.9962002e-02   4.6472430e-03   2.5592456e-01  -1.8196961e-01   3.9341736e-01   4.8725454e-02   1.9007138e-01   2.4106063e-01   3.6446014e-02  -5.7908853e-03  -3.9057819e-02  -6.2307897e-02  -2.3374930e-03  -2.7446114e-01   3.0548047e-01  -1.2375335e-01   3.4042459e-02   1.5546214e-01   1.2403068e-01   5.1107807e-02   4.4149651e-03  -3.3281037e-01   3.7898206e-01  -7.5206841e-02   1.6923931e-01   1.2727724e-01  -1.6246574e-01   1.2303716e-01  -5.3811785e-01  -3.5931252e-01  -3.4890323e-01   2.2713720e-01   2.8493087e-01   1.7593086e-01  -8.0221488e-02  -1.1236731e-01  -2.0116404e-01   2.6970264e-01   3.1892324e-01   1.0150577e-01  -1.1558926e-01   1.6727746e-02   5.8695561e-01  -3.1894834e-01  -3.5362827e-01   1.9404182e-01  -2.2382008e-01  -1.7520910e-02   9.8114458e-02  -2.8413580e-01  -2.2700172e-01   3.6588717e-01  -1.1619318e-01  -1.7896551e-01  -4.6178997e-01   7.6683643e-02   4.6820426e-01   2.0234757e-02  -3.2347336e-01  -1.0099396e-01   1.7114119e-01   6.5911504e-01  -3.5233051e-01   1.4195877e-01   8.5748890e-02  -3.5082890e-03  -1.5764647e-01   2.8739654e-01   4.0378953e-02   2.0782973e-01  -9.7117150e-02   3.1955641e-01   4.4600812e-01  -1.8595055e-01  -7.8836405e-02  -3.9779554e-02   5.1154623e-02   1.8679208e-01  -2.2198142e-01  -8.8075690e-02   2.5518248e-01   7.4111351e-02  -4.2331598e-01  -1.3669002e-02   4.2042762e-02   9.6716470e-02   6.5103001e-01  -8.2016960e-02  -2.5613587e-01   1.4654994e-01
  -4.2411811e-02   2.0175533e-01   2.5688944e-01  -6.9543788e-02   3.1226600e-01   2.8246131e-01   0.0000000e+00  -2.3583019e-01  -1.0052263e-01   5.0058970e-01  -1.6829471e-01   4.2137556e-01   7.1701682e-02  -1.5280640e-01  -3.0136394e-01   8.8253204e-02   1.6294731e-01   6.0107482e-02   3.0141662e-01   3.1537976e-01  -1.0729389e-01  -3.1589568e-01   1.7361355e-01  -5.2891269e-02  -1.9512484e-01  -7.7071173e-02   1.5994281e-01  -2.4635930e-02   2.3947493e-01  -1.9782018e-02  -1.2093032e-01  -1.5274769e-01  -1.6596440e-01   6.5328013e-02   5.2061365e-01   2.6704747e-01   3.3695527e-02  -1.5575404e-01  -3.5298084e-03   1.2066508e-01   1.9119639e-01  -9.7773098e-03   4.0290347e-01  -1.5277903e-01   3.1801409e-02  -1.2204166e-01  -9.4739729e-02   5.6862240e-01  -3.7601427e-02   1.8685309e-01   2.9281575e-02  -1.5699109e-01   1.7016357e-01   1.8488461e-01  -2.8532734e-01  -3.8859939e-02   1.5772878e-01  -2.8212589e-01   1.2573639e-01   7.2798988e-02  -1.0050946e-01   1.0722612e-01   2.2989701e-01  -2.9804446e-01  -1.5589377e-01   2.6889530e-01   2.8861961e-01   2.5289700e-01  -1.5332549e-01   3.9423790e-02   2.0832788e-01  -1.7557133e-01   1.0130353e-01  -1.4614790e-01  -7.2311740e-02  -1.9020519e-01  -8.9559196e-02   7.4377122e-03   3.1303057e-01   3.8132754e-02   1.9385500e-01   3.2523303e-01  -9.3877741e-02  -1.4697828e-01   5.3394615e-02  -2.8558443e-01  -1.2465524e-01  -2.0012058e-02   2.8811954e-01  -2.7619121e-02  -4.3838355e-04   7.6934998e-02   3.6602030e-01   1.6497835e-01  -1.7932873e-01   2.6783465e-01   1.1472737e-01  -1.2841342e-01   8.0370854e-02   2.3380368e-02  -9.6580060e-02  -1.1750423e-01  -5.3534562e-02  -1.9811075e-01  -2.8059991e-01  -3.1632270e-01   2.3442159e-01  -1.1301426e-01   3.6064600e-02   3.3912380e-01   3.4335447e-01  -1.6573261e-01   5.7938490e-02  -7.7486673e-02   5.3938695e-02  -3.4805156e-02  -1.6486337e-01   2.0175448e-01  -1.0588673e-01  -5.8339769e-02   1.5437486e-01   3.3507937e-01   1.9988290e-01  -1.5397912e-01  -1.7952266e-02  -1.3196285e-01   1.9991480e-01  -4.6342373e-02  -1.8195017e-01   1.5752570e-02   2.5392791e-01  -1.0120620e-01  -1.3062714e-01  -7.9411170e-02   1.3859379e-01  -2.0222784e-01  -1.0589891e-01  -1.0300052e-01  -1.2006390e-01  -1.2578256e-01   3.7209845e-02  -1.2522094e-01  -1.5947948e-01   2.3703106e-01   1.8218051e-01  -1.4843503e-01   3.5247982e-01   4.8592630e-02   3.7529828e-01  -2.1715816e-01  -4.6201769e-02  -9.2689713e-02  -1.4601542e-01  -2.8338377e-02   3.2269851e-01  -1.6565009e-01  -1.8609438e-01   3.7627324e-01   4.5597342e-02  -1.4259484e-01  -1.3137772e-01  -2.0989421e-01   2.1782840e-01  -2.0139421e-01  -1.1008504e-01   2.7389345e-01   3.1724669e-01  -1.0733815e-01  -1.1005251e-01   1.0054754e-01   2.8032536e-01  -2.1436835e-01   1.0527801e-03   3.5830218e-01  -1.3309312e-01   3.9793040e-02  -2.6411919e-01
  -3.9219384e-02   4.1914936e-02  -1.5589146e-01  -7.8364879e-02  -4.4011631e-02   1.4074874e-01  -2.3583019e-01   0.0000000e+00   2.4826278e-01  -1.9153847e-01  -2.0665237e-01  -2.0306197e-02  -2.0971940e-01  -1.3682398e-01   4.9149162e-02  -1.3990523e-01  -7.3262987e-02   6.7626030e-02   3.4723380e-01  -1.0379011e-01  -9.3236415e-02   5.0669995e-01  -2.2477536e-02  -1.4178324e-01   9.1351218e-02   7.8398744e-01   1.8643628e-01   4.9417001e-02   7.5396480e-02   1.7036532e-01   3.8373285e-02   4.4978374e-01   5.4454227e-02  -9.4737439e-02  -2.1605610e-01  -1.8986008e-01  -1.0147659e-01  -2.0163582e-01  -2.5294697e-01  -1.2297834e-01  -1.1660279e-01  -3.5573401e-03  -9.6574010e-03   1.8227347e-01  -2.8130293e-01   7.9266781e-02   6.0932721e-02  -4.2575418e-01  -2.3746807e-01  -3.2091053e-02   3.0305745e-02   8.5190730e-01  -8.0888382e-03   2.6334880e-02   8.3561524e-02   9.8097223e-02   3.1903787e-01   5.1174755e-01  -8.1019080e-02   2.8031446e-01   4.6808103e-03  -1.2450916e-02  -9.0812307e-02   2.1844344e-01   1.9436576e-02  -1.1327730e-01   1.0271550e-01  -1.3828788e-01   1.5628336e-01  -1.2882686e-01  -1.1090254e-01  -2.8020493e-02  -2.2962032e-01  -1.6681813e-01  -1.7225305e-01   6.9818179e-01  -7.7091901e-02   3.1282209e-01  -5.2819795e-02  -2.9052398e-01   2.1627111e-01  -1.5053602e-01  -9.4122044e-02   7.6501413e-01  -1.8294157e-01   6.6262968e-01   1.7426342e-03   9.4706245e-02   5.6000937e-02  -8.2174544e-02  -1.5045360e-02  -1.3635341e-01  -2.1238796e-02   2.0760970e-01  -1.5407245e-01  -6.3349921e-02  -5.0414874e-01   7.9235337e-01  -3.1667127e-01  -1.2367010e-01  -7.0511722e-02   2.7533674e-01  -5.0290140e-02   1.7806000e-01   3.7629346e-01   5.4688258e-01  -3.1951880e-01   7.3241593e-01   8.8925320e-02  -2.4438350e-01  -9.5296117e-02   7.7212994e-02  -1.9836652e-01   6.0367206e-02  -2.7305894e-01  -2.5418630e-01   3.3855736e-01  -8.5282270e-02  -2.8951521e-01   1.4791944e-01  -2.0586830e-01  -1.5943145e-01  -2.4741555e-01   3.6961135e-02   2.1242243e-02  -1.1014967e-02  -1.4887972e-01  -3.2495575e-01   3.6907889e-01  -1.5208466e-01  -3.7697547e-01  -1.9324911e-01   1.1050611e-01  -3.1649174e-02   1.6571722e-01   7.5225727e-01  -3.1368322e-01  -2.5877566e-01   7.9058856e-01  -1.8347122e-02   8.1408887e-02  -2.1566773e-01   1.1791091e-01  -1.9262261e-01  -2.6952304e-03   1.9245861e-01  -1.6458964e-01  -6.2668239e-02  -9.7715215e-02  -1.4062786e-01  -1.8199338e-01   2.7930025e-01   8.6138460e-02  -2.4419638e-02  -7.1192355e-02   5.2015440e-02  -6.3506496e-02  -2.3546258e-01  -7.9323379e-02   3.2126319e-01   4.3144765e-04   2.5778033e-01  -6.8156423e-02   1.1154853e-01   4.4796473e-01  -1.1324044e-01  -1.6818240e-01   1.3522130e-02  -8.7941434e-02  -1.1908414e-01  -1.7000373e-01   9.2990122e-03  -7.9477292e-02  -1.4293106e-01  -3.7974837e-01   4.8850614e-02   5.9784052e-01
  -2.2773117e-01   4.9608867e-01  -4.0480573e-02   5.6179831e-02   2.4758392e-01  -7.6530657e-02  -1.0052263e-01   2.4826278e-01   0.0000000e+00  -8.3792560e-02  -1.3710867e-01  -4.7767053e-02   2.0878005e-01  -1.5951163e-01  -3.8781222e-01  -1.9504049e-01   5.8999552e-02  -1.2376585e-02  -5.8978423e-02   1.4565487e-01  -3.3213688e-01   2.9490165e-01  -2.4786280e-01  -2.1458068e-01  -9.4585475e-03   1.7105205e-01   2.2049772e-01  -1.3463629e-01  -1.6649912e-01   3.5672576e-01  -2.8908787e-01   4.4179442e-02  -2.0577041e-01  -1.5823363e-01   1.4929997e-01   9.0054679e-02  -1.3771657e-01  -3.8698618e-01  -2.7577222e-02  -4.3375158e-02   2.1809193e-01  -2.5056322e-01  -2.3513717e-02  -1.1605568e-01  -6.8176463e-02  -3.0192024e-01  -2.2788725e-01   2.4760912e-02   3.0637319e-02  -6.8956355e-02  -2.8249785e-01   1.8395198e-01   7.1360259e-02  -4.2870758e-01  -2.8311070e-01  -1.9933686e-01   5.5763001e-02   2.0353375e-01  -9.9112613e-02   9.4901291e-02  -1.5621265e-01   2.4372625e-01   2.3693983e-01   3.3411869e-01   3.2537285e-01   4.4025134e-03   8.1018960e-02  -4.2533516e-02   2.2787566e-01  -1.5961863e-01   1.3159611e-02   7.2696165e-02   1.3720370e-01  -3.9769250e-01  -5.6190100e-02   2.7077795e-01  -2.7455853e-01   2.3660391e-01   3.2968803e-01   2.2384847e-02  -8.7361289e-02   1.2240536e-01   2.0239805e-03   2.1093846e-01  -4.9641021e-01   1.8763535e-01  -2.0281029e-01  -2.6825572e-01   1.8567525e-01  -7.5014412e-02   3.4872187e-01  -2.0364087e-01   3.6547681e-02   3.2988871e-01  -2.9881723e-01   1.7870465e-01  -8.0441137e-02   2.6534532e-01   1.5615946e-01  -3.4073238e-01  -2.3257521e-01  -1.3942325e-01   9.0100774e-02   2.4571621e-01  -7.8317038e-02   8.9017568e-02  -3.9940510e-01   3.0913054e-01  -1.0587004e-01   8.7693514e-02  -1.8503981e-01  -1.1732434e-01   1.2284157e-01  -3.0527769e-02  -3.0579231e-01  -5.5301585e-03   2.6409645e-01   1.7944639e-01  -2.7472745e-01   8.1010380e-02  -1.2247780e-01   2.8471728e-01   2.3371529e-02   2.6492129e-01  -2.1293022e-01  -1.2960543e-01  -3.6187478e-01  -8.0584342e-02   4.2179888e-01  -8.9305533e-02   2.3136309e-02  -1.5892939e-01  -1.2717185e-01  -1.5957813e-01   1.8180794e-01   3.4586167e-01  -2.5638994e-01  -1.3305303e-01   3.0486382e-01  -3.6561327e-02  -1.1008599e-01   3.1507997e-02   1.6925826e-01  -1.3952126e-01  -2.6682597e-01  -9.3504073e-02  -3.1164960e-03   1.9526524e-01  -1.5621504e-01  -3.3432300e-01  -4.0991212e-01   6.3289717e-02  -4.1263782e-01   5.4127591e-02   2.9117172e-01  -1.8551482e-01  -2.8197273e-01  -1.6236325e-01  -1.4625016e-01  -2.6448677e-02  -2.1562320e-01   1.0099516e-01   9.3761900e-02   7.9771466e-02   3.8089060e-01  -1.4302419e-02  -7.2822637e-02  -1.8756845e-01  -3.0357115e-01  -1.4224491e-02   2.0463644e-01  -2.8292335e-01   3.7365116e-01  -2.4342888e-01  -1.8040261e-02  -5.9432546e-02   4.4670540e-01
   4.1259401e-02   3.5746782e-01   2.3213567e-01  -7.6997209e-02   4.1726107e-01  -1.8569551e-03   5.0058970e-01  -1.9153847e-01  -8.3792560e-02   0.0000000e+00  -2.7584387e-01   3.6177286e-01  -1.8381500e-02   5.9394188e-02  -2.6446177e-01   2.0606094e-01   1.3851458e-01  -1.7322575e-01   1.2716816e-01   4.4498761e-01  -6.9506597e-02  -2.6560260e-01   1.0639064e-02   2.4642404e-02  -4.9536610e-02  -6.0931208e-02  -3.9705402e-02  -9.7887485e-02   1.5818448e-01  -8.4270580e-02  -4.4011759e-02  -8.6598455e-02  -5.6417843e-02   3.3566486e-01   3.6900068e-01   1.8327385e-01   2.0818364e-01  -1.0431711e-01   3.4884632e-02   1.9461395e-01   8.6318523e-02  -1.5072979e-01   5.5422390e-01  -1.5479623e-01  -3.6025947e-02  -1.2781342e-01  -2.1699316e-01   2.8457818e-01   4.6425738e-02   2.3088713e-01  -2.7272517e-01  -8.1112231e-02   3.8639729e-01   2.6812189e-01  -6.9069875e-02  -3.2354101e-02   9.9972326e-02  -1.9904589e-01   1.3594722e-01  -2.0988841e-01  -1.8245766e-01  -1.7412050e-01   1.1724611e-01  -2.2743171e-01  -1.9714987e-01   3.7473175e-02   1.3771058e-01   1.9229756e-01  -8.0696893e-02  -1.1410309e-01   3.9461257e-01  -4.1561515e-01   2.1147004e-01  -1.7725943e-01   1.8486807e-03  -1.4654142e-01  -1.6875169e-01  -9.7846042e-02   4.4872443e-01  -1.4031258e-01  -1.3361791e-02   3.6280639e-01   8.4186888e-02  -8.6152122e-02   1.8398608e-01  -1.1386059e-01  -7.5034852e-02   3.0353846e-02   4.1279797e-01  -1.3988428e-01   1.9996214e-01  -1.4995049e-03   4.0444002e-01   1.0274331e-01  -1.7141555e-01   2.1506996e-01  -3.1151735e-02  -6.3023392e-02   1.4176430e-01   3.1446807e-01   6.3437955e-03  -2.1076436e-01   1.4146603e-01  -2.5139991e-01  -2.7005874e-01  -1.3187369e-01   2.8542521e-01  -1.0339469e-01   6.5137617e-02   1.2979393e-01   4.6963276e-01  -2.1838013e-01  -1.4511960e-01  -9.1988249e-02   6.3822251e-02   6.9904949e-02  -3.8511000e-02   2.5314029e-01  -2.9955009e-02  -2.8380457e-01  -1.7819687e-02   3.2852372e-01   4.5678992e-01  -1.8460493e-01  -1.1272863e-01  -2.5900281e-01   4.8385889e-02   9.1755727e-02  -1.9792405e-01  -2.7593450e-02   3.3231287e-01   2.9338317e-01  -1.0098889e-01  -1.1368452e-01   1.0826486e-01  -1.3287592e-01   2.4625924e-02  -4.2591340e-02  -1.1908830e-01  -1.4983225e-01   7.1559868e-02   2.9019116e-01  -1.5734808e-01   1.0775007e-01  -1.1541813e-01  -2.0065153e-02   5.0197171e-01  -2.4331569e-01  -2.2963394e-02  -8.9653762e-02   9.3308860e-02   1.2167479e-01   2.4394585e-01   8.6442528e-02   3.7359562e-01  -7.8698248e-02  -5.3072615e-02   2.7640101e-01  -1.3856395e-02  -2.3789149e-01  -4.8613119e-02  -1.9187340e-01   3.4671942e-01  -3.7450015e-01  -8.8236396e-02   4.0357264e-01   3.1643085e-01  -2.0383429e-01   8.5965438e-02   2.3151307e-01   3.2503646e-01  -1.3590149e-01  -1.6719545e-01   1.0890011e-01   4.0746865e-02  -1.1611139e-01  -1.6318329e-01
  -1.6229379e-01  -1.7337327e-01  -1.1328037e-01   1.9802384e-01  -3.2251474e-01   8.8716972e-02  -1.6829471e-01  -2.0665237e-01  -1.3710867e-01  -2.7584387e-01   0.0000000e+00  -2.7813169e-01  -1.5054753e-01   3.4489874e-01   3.8378810e-01   2.2586422e-01  -9.9590480e-02   4.7239647e-01  -8.5164781e-02  -3.3475643e-01   4.7452708e-01  -5.5735163e-02  -9.4777168e-02  -4.9317304e-03   1.8239789e-01  -1.2121249e-01  -1.1396069e-01   1.9287308e-01  -1.8654101e-01   1.5653580e-01   2.0269286e-01   3.4105489e-01   8.9651632e-02  -2.7247581e-01  -2.4249089e-01  -6.5772818e-02  -5.7138518e-02   3.5585986e-02   2.3088055e-01  -1.5984451e-01  -1.0219057e-01   1.3539755e-01  -5.2077311e-01   5.4030190e-01   3.2920188e-01   1.6821321e-01   6.9996280e-01   1.1900025e-01   4.2798487e-01  -3.7833173e-01   5.3618767e-01  -1.8196927e-01  -2.2719869e-01  -2.2253015e-01   1.4421924e-01   3.1648338e-01  -1.7056453e-01   3.6013235e-02   2.3832427e-01   8.8813188e-02   1.9589298e-01  -2.1983006e-01  -3.8862396e-02   3.7547644e-01   1.3557393e-02  -2.1683772e-02  -2.2710471e-02   1.0777453e-01   4.3755810e-01   1.2386582e-01  -2.0344908e-01   4.2587194e-01  -8.4870990e-02   4.0809085e-01   2.8075086e-01  -1.2228919e-01   2.3774518e-01  -8.6304631e-02  -2.5473008e-01   2.7305698e-01  -3.7716562e-02  -2.7983940e-01   2.8763999e-01  -2.5459940e-01  -3.3445523e-02  -9.1797477e-02   1.2486459e-01   3.6702517e-02  -3.0378588e-01   8.1528196e-02   1.5916972e-03   1.7872426e-02  -5.4827017e-01  -3.0165965e-01   2.0277244e-01  -2.7042375e-01   4.3488757e-01  -2.2748080e-01   1.0634157e-01   3.2512082e-02   8.5001543e-02   5.0556790e-01   2.7041256e-01   1.6800628e-01   5.1659836e-01   3.8580180e-02  -3.8623394e-02  -1.2399555e-01  -3.9064620e-01   7.7999818e-03  -3.6970592e-01   5.8238198e-01   3.0155789e-01  -1.6910528e-01  -4.7986903e-02  -8.7898557e-02  -1.5935329e-01  -2.0852245e-01   3.1389181e-01   3.7919509e-01   5.3970704e-02  -3.2106515e-01  -3.7633154e-02   4.5511334e-01   1.0626411e-01   3.9027384e-01   4.4201689e-01   3.5318535e-01   1.9214166e-02   1.1465360e-01   1.6938464e-02  -4.4255264e-02   2.6308526e-01   2.5186620e-01  -2.3948098e-01  -1.6317321e-01   2.6230207e-01   3.0147986e-01  -1.5382179e-01  -1.6098396e-01  -3.1537292e-01  -2.4091904e-01   5.0008940e-01   5.2860336e-03   2.1897171e-01   2.1849917e-01  -5.1615139e-01   2.5698904e-01   1.0454932e-02   2.5084053e-01   8.8625722e-02   2.3779616e-02  -2.3849380e-01   2.0154454e-01  -3.5575007e-01  -7.4918984e-02   2.4379327e-01   2.0521777e-01   9.3129374e-02   4.1831890e-01  -1.1258093e-02   4.6805623e-01  -1.0843648e-01   5.4011442e-01   1.6452377e-01  -3.4650051e-01  -3.3975935e-01   4.0612218e-01   1.3342031e-01  -7.0657424e-02  -1.8121323e-01   5.0118017e-02   4.1360215e-02   3.5581588e-02   3.3542490e-01  -4.1898740e-03  -1.8083387e-01
  -9.8966013e-02   5.2270360e-01   4.7902154e-01  -2.5546520e-02   2.2501228e-01   2.4814368e-02   4.2137556e-01  -2.0306197e-02  -4.7767053e-02   3.6177286e-01  -2.7813169e-01   0.0000000e+00   9.8303064e-02  -1.0206849e-01  -3.7396381e-01   1.6506675e-01   2.8422140e-01  -2.3152783e-01   2.1269421e-01   3.9908824e-01  -2.2704910e-01  -3.8822157e-02  -1.6535855e-01  -6.2392535e-03  -6.7357611e-02   1.1720927e-01  -1.2234664e-01  -1.2395238e-01   5.1157496e-01   8.6265316e-02  -1.9850243e-01   3.4913808e-02  -3.1252488e-03   1.6965519e-01   1.9797704e-01  -8.3171377e-02   1.7209893e-01  -1.7717400e-01   5.5885120e-02   4.0585977e-02   1.8950199e-01   2.6227747e-01   6.6235283e-01  -1.5548246e-01  -1.5045133e-01  -2.6439113e-01  -3.6170931e-01  -1.5796260e-01  -4.0644888e-02   1.1065086e-01  -2.3104974e-01  -7.1139758e-02   6.7617461e-02   5.6287617e-01  -1.0351401e-01   3.7549461e-02   1.6958187e-01   7.6784772e-02   1.4039925e-01   1.8372154e-01  -1.3877467e-01   2.1663775e-01   5.8503242e-01  -3.8699916e-01  -2.7082820e-01  -1.3804855e-01  -8.7945229e-02   6.2106205e-02  -2.5750015e-03  -4.2264456e-02   3.1196348e-01  -2.6943085e-01   1.3788226e-02   1.4331286e-01   2.1080670e-01   3.1732883e-03  -2.3125967e-01  -2.8077817e-02   3.0555278e-01   8.5386823e-02  -1.2712271e-01   2.7126736e-01  -1.2509207e-01   1.2162379e-01   3.6653596e-01  -4.4718063e-02  -4.0538244e-01  -7.4216817e-02   4.7140848e-01  -1.2388938e-01   1.9617850e-02   2.3081906e-01   3.9606053e-01   1.0591112e-01  -3.1338437e-01   4.2412275e-01   2.4535635e-01   9.2132028e-02   1.5022557e-01   3.3653272e-02   1.0272270e-01  -1.2035917e-01   9.1433741e-02  -7.8339495e-02  -2.3181144e-01  -1.4713050e-02   3.6898309e-01   8.7376779e-02  -6.0148799e-03  -1.1914127e-01   4.0825282e-01  -2.0265641e-01  -3.1493900e-02  -2.0662041e-01   1.0947199e-01   5.9327989e-02   2.0582688e-02   2.5107355e-01  -6.0860789e-02  -4.6170209e-02  -8.5925298e-02   4.4641446e-01   3.7185585e-01  -1.2590560e-01  -2.3407656e-01  -5.6581968e-02   2.9220619e-02   9.9457027e-02  -1.6339682e-02   1.2189781e-02   2.3517020e-01  -2.4568395e-01   3.4848691e-02  -9.1737768e-03   5.4954602e-01   4.1860565e-02   2.0836381e-01  -2.9199186e-01   3.2694471e-02  -3.4267148e-01  -4.2287196e-02   7.6973701e-02  -1.7110217e-01   2.4666158e-01  -4.5568114e-02  -6.8347325e-02   5.6770805e-01  -5.2346796e-01  -1.7997696e-01  -9.5433507e-02   2.3369939e-01  -8.8432536e-02   7.1359933e-02   3.8892739e-02   5.5375738e-01  -1.0909089e-01  -1.4212091e-01   1.8436755e-01   8.3244240e-02  -1.6300754e-01  -9.1354480e-02   4.4546641e-03  -1.5823340e-03  -3.2658545e-01   4.3548831e-02   1.7833193e-01   1.7808492e-01  -1.9880363e-01  -5.7708336e-02   7.4062583e-02   7.9881419e-02  -2.3562531e-01  -2.7157817e-01   2.2327169e-01  -2.7395357e-02  -7.7996185e-02   1.6986940e-01
  -2.2952921e-01   1.6580473e-01   2.3445402e-02  -8.5111063e-02   1.1855898e-01  -2.4248535e-01   7.1701682e-02  -2.0971940e-01   2.0878005e-01  -1.8381500e-02  -1.5054753e-01   9.8303064e-02   0.0000000e+00  -3.4832770e-01  -1.2672904e-01  -4.7486003e-03   2.0902389e-02  -2.0686720e-01  -2.7408843e-01   3.1166918e-01  -3.5668647e-01  -7.4386531e-02   9.0471560e-02  -1.9252285e-01  -1.6579163e-01  -2.4898180e-01   1.4560408e-02  -1.3706096e-01  -1.6749573e-01  -1.6671464e-01  -1.9982208e-01  -2.9654834e-01  -1.3532271e-01   1.5401707e-01   2.1835392e-01   1.7005699e-01  -2.3792334e-01  -1.4562709e-01  -8.5018273e-02  -7.6173999e-02   5.9817074e-01  -1.2935590e-01   4.9057201e-02  -3.4196296e-01  -2.2877342e-02  -2.4160171e-01  -3.3388429e-01  -1.1695283e-01  -7.0636970e-02  -7.4250465e-02  -2.3279562e-01  -2.0481458e-01  -5.8686663e-02   9.2160384e-03  -3.1585266e-01  -2.0484073e-01  -1.2226000e-01  -1.5460056e-01  -1.6730834e-01  -1.0198496e-01  -3.1229635e-01   4.5452145e-01  -7.8137156e-03  -1.1186958e-01  -8.5741921e-02   3.0665212e-01  -1.6493723e-01  -6.0351551e-02  -3.2521921e-01  -6.8718010e-02   7.1528229e-02  -1.7058352e-01   2.4941433e-01  -2.5694613e-01  -6.7746290e-02  -1.3580999e-01  -2.5963679e-01   2.2929043e-01   1.0372170e-01   1.4658788e-02  -1.3557651e-01   2.8754719e-01  -1.1073876e-01  -1.1090863e-01  -1.9318769e-01  -2.0143695e-01  -2.2238232e-01  -1.0005083e-01  -8.4328171e-02  -2.1350787e-01   1.0612046e-01  -1.1136467e-01   2.2370002e-01   6.3157897e-02  -2.3050852e-01   3.3646957e-01   5.2089131e-02  -1.2248464e-01   1.5014914e-02   2.6667071e-02  -7.5064506e-02  -1.5215624e-01  -1.7913726e-01  -3.0075893e-01  -2.5560326e-01  -4.3334599e-01  -1.2992458e-01  -1.4536503e-01   1.4765727e-01   4.1739144e-02   8.1504555e-02  -2.9838611e-01  -2.3519001e-01  -1.4556645e-01   4.3881758e-02  -4.4964440e-02   1.5291800e-01   5.9152876e-01  -1.1522293e-01  -3.0363102e-01  -2.0251159e-01   3.5119984e-01   7.3549197e-02  -1.1460449e-01  -2.0153553e-01  -2.5837089e-01  -1.1466597e-01  -1.4770090e-01  -1.1100366e-01  -3.7525207e-02   2.8456649e-01  -1.0470872e-01  -2.7534745e-01  -5.3190428e-02  -7.9791771e-02  -6.1522231e-02  -7.3344745e-02  -1.2753960e-01  -2.0258710e-01  -1.1846573e-01  -1.3170351e-01   4.5733937e-01  -3.4253612e-01   2.9627638e-02  -7.6140448e-02  -1.9275801e-01   2.3047939e-01   4.3302142e-02   6.5781826e-02  -2.2641905e-01  -1.9882523e-01  -2.1000859e-01  -3.5108752e-01  -2.1683115e-01   9.6166867e-02  -3.2802004e-01  -3.1280682e-01  -4.1522084e-02  -2.9863912e-01  -3.7565538e-01  -2.1704642e-01  -2.3370178e-01   5.6959069e-02  -2.5914081e-01  -2.3529812e-01   1.2435093e-01   1.0284809e-01  -3.1353171e-01  -4.6992575e-01  -1.0939750e-02   3.0780933e-01  -1.8755022e-01  -1.9146017e-02  -1.4597159e-01   9.0714528e-02  -1.1073388e-01   3.6292980e-02
   4.4750312e-01   3.4879313e-02  -1.2714164e-01   1.6318437e-01  -1.4077153e-01   2.6858063e-02  -1.5280640e-01  -1.3682398e-01  -1.5951163e-01   5.9394188e-02   3.4489874e-01  -1.0206849e-01  -3.4832770e-01   0.0000000e+00   3.1109174e-01  -6.9131894e-02  -1.2679157e-01   1.8069875e-01   2.6150021e-03  -2.1696537e-01   4.2626194e-01  -5.3030117e-02  -2.5136418e-01   3.6328033e-01   2.5691959e-01   1.7970745e-02  -2.6535128e-01   4.2187297e-01   5.0269875e-02   1.0727706e-01   3.4318466e-01   2.5706481e-01  -7.2473760e-02   5.0024085e-02  -1.8833742e-01  -2.7167824e-01   2.0456563e-01   2.7775723e-01   9.3227826e-02  -2.5431258e-01  -3.1454393e-01  -4.8905426e-02  -1.7741150e-01   3.8472187e-01   1.3204331e-01   3.8280530e-01   2.1142198e-01   6.4592094e-02   2.4670431e-01  -8.8828779e-02   2.7119586e-01  -1.3283613e-01  -9.1476895e-02  -1.2733819e-01   5.0483778e-01   5.0015731e-01  -5.2534702e-02  -2.1478551e-02   1.2882244e-01   8.6527780e-02   2.7791226e-01  -1.2532834e-01  -7.5384870e-02   2.1016878e-01   2.2275133e-02  -3.7445471e-01  -1.3822827e-01   1.6663516e-01   2.8499092e-01   1.4429211e-01  -2.2051618e-01   1.9504628e-01  -1.5145179e-01   5.3928650e-01   1.3193957e-01  -2.6711739e-01   2.8676761e-01  -2.5286268e-01  -1.9999156e-02   1.3861619e-01   2.7218481e-01  -2.4532474e-01   1.1254665e-01  -3.6033542e-02   4.5006613e-01  -3.4981045e-02   1.9499390e-01   5.1960210e-01  -8.9095799e-02   4.2720928e-01  -1.1700430e-01   1.1257820e-03  -5.1059604e-01  -3.2305538e-01   4.0551354e-01  -3.3746783e-01   1.5014035e-01  -2.1966871e-01   9.7712771e-02   1.7490189e-01  -2.7946639e-02   6.1247747e-02   5.3685552e-01   3.4835832e-01   2.6691125e-01   2.2418461e-01   5.3243287e-02  -2.2815639e-01  -1.1407758e-01  -2.5970544e-01  -3.0864147e-01   4.4334857e-01   2.8775057e-01   2.9507785e-01   4.3433773e-02   3.8901506e-02  -1.1422517e-01  -3.0395775e-01   4.6701572e-01   2.2864089e-01   4.4556810e-01  -3.0846303e-01  -1.6430793e-01   2.5918649e-01   2.3705797e-01   6.7939013e-01   3.2154711e-01   1.5346640e-01  -1.4024883e-02   1.1146727e-01  -1.3722072e-01   5.8637361e-02   6.4065894e-01   2.4643624e-01  -2.3789020e-01  -1.7752080e-01   6.4116287e-02   2.4728567e-01  -1.3447700e-01   1.2311176e-01   2.7338911e-01  -1.9613521e-01   2.5480875e-01   1.6560335e-01   2.7991703e-01   2.4615834e-01  -3.1504894e-01  -4.5004563e-02  -2.4743841e-01   2.4718361e-01   4.1912193e-01   4.5711827e-01   2.8443640e-01   5.9153951e-02  -1.4442455e-01   3.7611553e-01   4.6368328e-01   9.0040810e-02   1.3429760e-01   5.4501917e-01   5.4896685e-02   1.3790852e-01  -1.7930426e-01   4.2091518e-01   8.2536708e-02   2.4231496e-02  -4.5033592e-01   4.3627978e-01   5.6908674e-01  -2.8156958e-01  -2.6762580e-01   3.0792431e-01   6.2121171e-02   1.4675952e-01   6.4558574e-02  -1.1153187e-01  -1.4775639e-01
