   0.0000000e+00  -2.4001998e-01  -1.1333165e-01   8.7932136e-02  -3.8046896e-01   2.1280219e-01  -1.4476419e-01   3.1590378e-01  -1.6017091e-01  -1.8548102e-01   2.7192696e-01  -3.7676401e-01  -4.0383653e-02   6.8850766e-01   5.4037743e-01   1.0190927e-01  -1.7768248e-01   5.8248775e-02  -1.6968978e-01  -4.8962906e-01   4.4553721e-03  -1.1700851e-02   1.1070968e-01   7.4447519e-01   1.2256278e-01   1.1057209e-01  -4.5744766e-01   6.8915614e-01  -2.2208608e-01  -1.4607512e-01   3.6358013e-01  -1.8478066e-03  -1.4026345e-02  -7.3731497e-02   7.1289695e-02  -4.7532429e-01   4.8595079e-02   3.8771540e-01   3.8781943e-02  -4.4747293e-01  -2.5724273e-02  -1.3248764e-02  -3.4623849e-01   3.9777837e-01  -1.5078905e-01   3.7942517e-01  -1.0782307e-01  -1.7320241e-01   1.2127103e-01  -3.3414699e-01   1.9281892e-01   3.0035457e-01  -1.7923638e-01   5.1134494e-02   4.4538983e-01   5.0782638e-01   2.4237757e-01   1.7404358e-01   9.6617997e-02  -2.7284384e-02   2.0972851e-01  -5.5047085e-02  -1.7406429e-01   7.4708974e-02   6.2380406e-02  -1.4755952e-01   1.1304145e-01  -1.8319182e-01  -1.0721695e-01   9.1194138e-02  -4.3010675e-01  -2.5024547e-02  -7.6832850e-02  -4.7813314e-02  -2.8013811e-01   5.3182471e-02   2.8352989e-01   1.9965222e-01  -3.0542629e-01  -3.9857255e-02   6.0858680e-01   2.0367330e-02   5.9411319e-02   5.6784105e-01   4.8947432e-01   1.0543495e-01   6.0477958e-02   5.2629161e-01  -1.8107058e-01   7.2182954e-01  -2.9084066e-01   1.7567401e-01  -2.5753093e-01  -2.7295428e-01   3.3543619e-01  -4.8086808e-01  -4.3703340e-02  -2.5163126e-01  -1.8157847e-01   1.4177242e-01   5.3396685e-01   3.6839560e-01   3.9187243e-01  -9.1503839e-02   1.9383682e-01  -5.7754221e-02  -2.3191237e-01  -1.1215044e-01   2.4422058e-02  -7.4764671e-02  -1.8980194e-02   3.1466710e-01  -9.1756562e-02   7.3326119e-01   5.8124761e-01  -1.2298202e-01   2.5485997e-01   3.9559550e-03   1.4482706e-01   2.0607850e-01   4.5999012e-01  -3.3275533e-01  -2.3934016e-01   1.0565541e-01   3.5327465e-01   5.4935903e-01   2.7711071e-01  -2.0042498e-02  -1.4795812e-01  -1.0571668e-01  -1.1594639e-01   1.1652386e-02  -1.6156720e-02  -6.9510721e-02  -3.3610221e-01   1.6491476e-01  -1.7556771e-01   1.3732966e-01   4.3551623e-01   7.0218964e-01   5.7878785e-01   7.9619693e-02   1.9460960e-01  -2.6362112e-01   4.1654011e-01   2.0842883e-01   4.8185208e-02  -1.1476356e-01   4.0877969e-02  -1.5807207e-01   7.9446191e-01   2.9860459e-01   6.7437156e-01  -2.5277951e-02  -5.0475375e-01   5.9939682e-01   2.2078982e-01   1.3862502e-01   2.3601604e-01   4.2803543e-01  -2.3807214e-01   8.8702096e-02  -1.0012241e-01   7.9668082e-02   1.8367301e-02  -2.7966450e-01  -5.0526692e-02   4.9075524e-01   6.3932561e-01  -1.9722050e-01  -1.9405039e-01   1.1027310e-01   5.2711467e-02   1.4585246e-01   2.2318176e-02  -1.5586177e-01  -1.0706700e-01
  -2.4001998e-01   0.0000000e+00  -4.4195632e-02   1.2878985e-02   5.2781224e-01  -1.0622720e-01   2.6021346e-01  -2.2292478e-01   5.2684756e-01   2.5594377e-01  -2.5345545e-01   6.5893756e-01  -8.4383423e-02  -2.5878776e-01  -5.5178038e-01  -3.2103443e-02   6.8859769e-02  -3.0027553e-01   9.0128537e-02   4.4004528e-01  -4.2852730e-01  -4.4733674e-02  -3.2300334e-01  -3.1538930e-01   9.1860300e-02   2.0010938e-01   4.2707971e-01  -3.7180211e-01   1.3903175e-01   2.9798627e-01  -6.4917963e-01  -1.0458840e-01  -1.6310572e-01   3.0588333e-01   3.1943501e-01   4.2266752e-01   1.9700153e-01  -4.1814345e-01  -7.4389056e-02   4.6319394e-01  -8.8038734e-02  -2.9121589e-01   5.6389721e-01  -3.5546253e-01   3.0330207e-01  -4.2820038e-01  -1.6017950e-01   4.4025445e-01  -5.4462484e-03   2.9492926e-01  -2.2406657e-01  -1.0151278e-01   7.0132665e-01   3.4837860e-02  -1.4658715e-01  -2.4623162e-01  -6.0905289e-02  -1.3138878e-02  -2.7419774e-01   1.2133209e-01  -2.5141830e-01   3.8020734e-01   6.2651671e-01   5.4177523e-02   3.5112310e-01   7.6880096e-03   1.7809268e-01   4.1697887e-01   7.7618776e-02  -1.7396885e-01   6.1884603e-01   7.3481095e-02   1.0629876e-01   3.2171853e-01   2.5387280e-01  -2.5292286e-01  -3.5359749e-01  -4.2701594e-02   5.9637209e-01  -2.2933813e-01  -4.4698200e-01  -5.5663047e-02  -1.9325229e-01  -1.6163005e-02  -6.4089363e-02  -2.3733202e-01   8.1645784e-02  -3.1894448e-01   5.1237643e-01  -2.6900389e-01   5.8938225e-01  -2.9311222e-01   2.1291762e-01   2.4602803e-01  -3.6713215e-01   4.1039391e-01   2.6331025e-01   2.3757109e-01   2.5248572e-01  -1.1200617e-01  -4.7753621e-01  -1.1912675e-01  -2.4022542e-01   2.3077324e-01  -1.2657605e-01  -4.9778296e-02   3.2724629e-01   3.6954468e-01   1.7622702e-01   5.5341345e-02  -2.0857694e-01   5.4626158e-02   1.6259118e-01  -3.8900304e-01  -4.6393330e-01   5.5972418e-01  -3.5957719e-02  -1.6348884e-03  -3.6356213e-01  -1.5181589e-01  -5.0947896e-01   4.3786555e-01   1.4565815e-01  -1.8282291e-02  -3.3821551e-01  -2.7130213e-02  -4.3923764e-02  -7.3114571e-02  -9.2005489e-02  -4.1419858e-02  -1.7852244e-02   2.4565804e-01   4.8194356e-01  -1.9916751e-01   2.8009595e-01  -2.3988436e-01  -3.7310758e-02  -3.3850378e-01  -2.3687110e-01  -3.6865945e-01  -3.3195050e-01  -1.8198605e-02   1.2263376e-01  -2.9094086e-02  -3.8238024e-01  -3.8331763e-01  -1.6989884e-01  -2.0617184e-02  -2.0106190e-01  -9.0692465e-03  -3.5610068e-01  -4.1449300e-01  -4.0969872e-01   1.1086323e-01   5.5194890e-01  -4.6007109e-01  -3.9108846e-01  -2.3083967e-01  -2.6061617e-01  -3.5389317e-01   1.3532797e-01   9.6848740e-02  -1.2352396e-01  -1.2283797e-01   1.0116703e-01   5.5671551e-01   3.0469392e-01  -2.1634446e-01  -2.9002531e-01   3.3869796e-01   4.8783210e-01  -3.6745159e-01  -7.8560976e-02  -1.5675663e-01  -1.2144101e-02  -1.1742859e-01  -3.7016959e-02
  -1.1333165e-01  -4.4195632e-02   0.0000000e+00  -2.7518510e-02   1.8110933e-02   2.9371795e-01  -3.5427223e-01   6.5320817e-02  -2.3571762e-01  -2.2913955e-01   9.6303583e-02   1.7625260e-01   2.2593151e-01  -1.3119712e-01  -9.6963897e-02   1.3641690e-01   8.8946761e-01   1.5986230e-01   2.4142374e-01   2.4726876e-02  -8.4872964e-02   7.3128239e-02  -1.7166297e-03  -3.3576871e-01   1.3631708e-01   5.7814005e-02   2.2066364e-02  -1.9698102e-01  -4.0445868e-02  -8.4076419e-02   1.3810939e-01   2.0700546e-01   3.3389289e-01  -3.9002007e-01  -4.6536929e-01   2.8260364e-02   2.4412701e-01   2.5692041e-01   1.0915543e-01   2.4759798e-01   3.1581731e-01   2.8046956e-01  -2.7861043e-01   1.2257897e-01  -1.4474192e-01   4.6004691e-01   2.0842159e-01  -5.1557947e-01   1.9987468e-01   4.1493306e-01   7.1574527e-02   3.2462016e-02  -2.2433155e-01   3.9595423e-01   1.1898172e-01   1.5591232e-02   2.3117411e-01   5.5411995e-03   1.9012085e-01  -4.1570946e-02   6.8580103e-01   7.0757333e-02   1.1645954e-01  -1.2675153e-01  -8.6788911e-02   7.0045774e-02   3.5786312e-01   3.9466711e-03   8.8078973e-02   7.2214517e-01  -2.3152726e-01   8.6322407e-02  -9.0836072e-02   1.3697543e-01   5.0660145e-02   1.9577969e-01   6.0283820e-01   2.6386356e-02   1.1367020e-02  -3.7564358e-03  -1.1814435e-01  -1.4720807e-01   1.5799130e-01   2.6042672e-01   3.0418055e-01   7.4615150e-02  -3.7101086e-01  -3.6226806e-02  -4.2684883e-03  -1.1612878e-01  -1.4613903e-01   7.6959054e-01   7.7125921e-02   9.2192530e-03   4.8237490e-01   1.8192924e-01  -1.0403184e-01   9.9600546e-02   1.4623876e-01  -2.5484180e-01   1.4509270e-01  -6.6809784e-02  -8.7720337e-02  -1.2889340e-01  -9.8737040e-02   3.0113338e-01   4.6357525e-01  -8.5389828e-02  -4.1200678e-02   2.0223503e-01   8.0951307e-02  -3.2244525e-01  -3.5942463e-02  -2.2652929e-02   5.4875430e-02  -2.3517032e-01   3.1592175e-02  -4.0030288e-02   4.7448771e-01  -1.2467208e-01   3.3116969e-01  -5.7307464e-02   1.9808866e-01  -9.2255299e-02   3.7804613e-01  -3.2519780e-01  -1.5320727e-01   2.7110076e-01   6.2313159e-02   6.9200988e-01   3.7415941e-02  -3.8508499e-01  -3.9252248e-02  -5.0583825e-02  -1.3297867e-01   5.0627206e-02   3.3303633e-02   1.7957810e-01  -7.3310670e-03   1.4039452e-01   2.1519927e-01   7.2943408e-02  -3.5233018e-02   3.8105849e-01  -2.1122620e-01   1.0088073e-01   1.3594907e-01   1.9751366e-01   5.9953212e-02   3.4038656e-02   4.2063543e-02  -2.3013490e-02   2.3631334e-01  -7.0993024e-02   4.3003808e-01   1.9402485e-01   5.5251177e-01   1.0498598e-01   7.1843398e-01  -3.2463677e-01   4.7295133e-02  -3.1912255e-02  -5.3413044e-02   6.0377855e-02   2.5075108e-01  -2.7557877e-01  -1.3653531e-01   1.0085800e-02   3.1820786e-01  -1.4052180e-01  -2.1965373e-01   2.5421895e-01   2.8873703e-03   3.2809093e-01   3.5225192e-02   4.5324260e-01   2.6541100e-01
   8.7932136e-02   1.2878985e-02  -2.7518510e-02   0.0000000e+00   6.6366491e-02   5.0984510e-01  -3.1604046e-01   4.3066243e-01   6.1431918e-02  -3.1338700e-01   4.1486678e-01   1.6692133e-02   1.2468984e-03   2.7347253e-01   1.2197664e-01   2.5983292e-01  -4.5698377e-02   3.6462273e-01   3.6143726e-01  -1.3826529e-01   7.0838613e-02   6.2608530e-01  -3.0819935e-01   6.5181244e-02   2.1580055e-01   3.1355450e-01  -7.6006175e-02   3.7015188e-02  -7.6828587e-02   3.7067034e-01   2.6528555e-01   5.6077179e-01   1.9668266e-01  -1.1941197e-01   1.1397955e-02  -1.0599629e-01  -5.1726516e-02  -1.7047651e-01   2.1500504e-01  -1.7120625e-01   1.4564022e-01   2.1622685e-01  -1.4026371e-01   2.1681117e-01   4.0693753e-01   6.0169088e-02   4.8856686e-01  -1.6203261e-02   3.8379002e-01  -1.3069851e-01   3.8306016e-01   3.7880350e-01  -9.1161999e-02  -2.0167222e-01   3.4774453e-01   3.9429068e-01   3.2929830e-01   6.0205467e-01   5.4053638e-01   5.4919853e-01   1.0354778e-01   4.2315349e-01   1.2989045e-01   2.0291135e-01   2.4528389e-01  -6.3854631e-02   3.8107654e-01   1.5566297e-02   6.4026144e-01  -5.7168764e-02  -2.2090821e-01   6.9106029e-01   2.1620732e-01   1.8276786e-01   1.4337677e-01   2.7246073e-01   3.1708996e-02   1.1785940e-01   1.7454203e-01   2.5694832e-01   1.4404457e-01   4.6897768e-02  -8.4327715e-02   3.7577925e-01   1.8927770e-01   3.1461793e-01   5.0042874e-02   8.8579358e-02   6.8139733e-02   2.7425847e-02   2.0768689e-01   7.8810733e-03  -3.5240886e-01   1.7266068e-01  -4.8305925e-03  -8.0746228e-02   2.6142070e-01   2.3741609e-01   2.9186499e-01  -6.6567961e-02   9.1487542e-02   4.2385706e-01   5.6713888e-01   3.4108747e-01   4.9975618e-01   5.8030496e-01  -1.9239635e-01   4.3632309e-01  -2.5819331e-02  -1.0306079e-01  -3.6096238e-01   5.2434244e-01   4.3035777e-01   1.1397068e-01   1.4616767e-01   8.7070920e-02   3.1448250e-01   1.1343043e-01  -9.8889104e-02   7.7846157e-01  -1.1712375e-01   1.3985195e-01  -1.2404456e-01   2.1031647e-01  -3.0675801e-02   2.9969873e-01   1.6297183e-01  -6.3210466e-02   3.1705246e-01  -1.9504976e-02  -2.2948183e-02  -3.5965835e-02   2.9255058e-01  -1.6273386e-01   1.6768207e-01   4.9867036e-01  -1.2669064e-01  -1.1320503e-01   4.6492413e-01   3.9423225e-02   1.5326941e-01  -1.6449328e-01   2.1618825e-01  -3.8666556e-01   3.2985928e-01   5.0376419e-01  -3.5049265e-01   3.3674181e-01  -1.7810798e-01  -3.1234668e-01   1.6700964e-01   1.8666596e-01   1.4480672e-01   1.2054394e-01   4.3647466e-02  -8.6720669e-02  -1.5646169e-02   5.2745606e-01   2.2663723e-02   3.2940930e-01   2.6725690e-01   2.6188891e-01  -2.5038061e-01   5.6721018e-01   4.4007263e-01   8.8313745e-04   1.5306858e-02   1.6990967e-01   2.8890590e-01  -2.2952145e-01   1.7299358e-01  -2.3047175e-01   3.1677447e-01   4.5943335e-01   1.2964034e-01   4.4243762e-02   6.0120425e-01
  -3.8046896e-01   5.2781224e-01   1.8110933e-02   6.6366491e-02   0.0000000e+00  -7.9759209e-02  -1.0830476e-01   1.0022237e-01   3.0163064e-01   4.3386386e-04  -2.4337945e-01   3.8955903e-01  -4.5169653e-03  -4.7767923e-01  -6.2896028e-01  -5.7298185e-02   1.0642756e-01  -2.9044065e-01   3.0947594e-01   8.3275730e-01  -2.9951290e-01   1.2613800e-01  -5.7305935e-01  -3.4669543e-01  -4.8815776e-02   3.5501717e-01   6.9034526e-01  -4.4352909e-01   3.4424459e-01   1.4908118e-01  -5.4206863e-01   1.6541642e-01  -1.7980412e-01  -7.4294065e-02  -1.9611345e-01   7.2036222e-01  -1.2250200e-01  -4.9725985e-01  -6.6514530e-02   5.0861462e-01   4.9559201e-02  -2.9726015e-01   4.5886091e-01  -3.7855018e-01   4.1866721e-01  -3.1954195e-01   5.9264418e-02   2.5895267e-01  -9.9428461e-03   4.9794429e-01  -1.8453588e-01   6.8130374e-02   3.8832019e-01  -4.7347285e-02  -4.3465593e-01  -1.8188108e-01  -8.1554662e-02   1.3638046e-01   6.5681025e-02   3.3142584e-02  -3.4050256e-01   3.9264353e-01   4.9648193e-01  -1.5207161e-01   1.9733862e-01   9.7998675e-02   2.4242870e-01   3.3162291e-01   3.4435709e-01  -4.0304507e-02   5.7850130e-01   1.6535433e-01   1.9512282e-01   2.5606770e-01   2.9354468e-01   9.4409704e-02  -3.1968755e-01  -8.8916531e-02   8.2279867e-01  -1.3083359e-01  -6.2884563e-01   8.9521103e-02  -4.1698539e-01  -3.5487438e-02  -2.6264506e-01   1.0958863e-01  -3.1293611e-01  -4.1806671e-01   3.2357613e-01  -2.7486369e-01   7.3404554e-01  -3.2508410e-01   2.3655047e-01   3.0908961e-01  -3.8285966e-01   8.0851821e-01   2.4113917e-01   3.6798110e-01   3.4586250e-01  -4.0129928e-01  -6.3345257e-01  -2.3937408e-01  -1.2014895e-01   9.7077992e-02  -2.3729488e-02   2.5475977e-01   2.1922244e-01   4.8040528e-01  -1.1720673e-01   1.8458525e-01  -4.1235594e-01   3.6849188e-02  -8.1794679e-03  -4.3681039e-01  -5.6532201e-01   6.7267746e-01  -2.8014039e-02  -3.7116584e-02  -5.2589043e-01   3.6580760e-03  -3.4353418e-01   8.8023321e-01   1.9035111e-01  -2.7971059e-01  -1.4537674e-01  -9.9628583e-02  -3.7338004e-01  -1.4157242e-01   1.2798462e-01  -5.2988904e-02   1.3931935e-01  -1.5891511e-02   4.0290494e-01  -3.6680217e-01   4.4632756e-01   1.0846974e-01   1.7089521e-02  -5.8872704e-01   7.1489034e-02  -3.7908237e-01  -2.9861081e-01  -1.7978258e-01   1.1864432e-01  -2.2692382e-01  -5.2826291e-01  -2.0170341e-01  -4.3789718e-01   1.9691955e-01  -2.5231604e-01  -1.1948609e-01  -3.8324200e-01  -4.8074222e-01  -4.9365132e-01   1.5029630e-01   6.0822993e-01  -4.4955885e-01  -3.4527657e-01   1.1065127e-01  -2.8839682e-01  -2.3327408e-01   1.5552661e-01   8.3262471e-02   1.0526139e-01  -1.4503051e-02   3.0027744e-01   5.4021535e-01   2.9198614e-01  -8.6151542e-02  -3.9311674e-01   4.2306460e-01   6.4541173e-01  -3.7490902e-01  -2.8570615e-01  -2.2960051e-01   9.9726652e-02   2.1238832e-02   1.8405362e-01
   2.1280219e-01  -1.0622720e-01   2.9371795e-01   5.0984510e-01  -7.9759209e-02   0.0000000e+00  -2.6205145e-01   2.8911322e-01  -3.3505989e-01  -3.0811413e-01   4.3569514e-01  -3.1583198e-02  -1.3627873e-01   4.3793653e-01   2.5721994e-01   2.2337139e-01   1.6346141e-01   2.9648212e-01   4.2152280e-01  -2.1051435e-01   1.1808363e-01   4.2229306e-01  -2.2741973e-01   5.7243141e-02   1.5025112e-01   1.9458905e-01  -4.0963772e-02   1.1297495e-01   1.8287230e-02   1.6411378e-01   3.7940549e-01   4.4498116e-01   3.3308006e-01  -2.4090672e-01  -2.3959272e-01  -1.2917267e-01  -1.5114096e-01   6.3038345e-03   1.2756195e-01  -2.1958260e-01  -6.0042091e-02   2.5239326e-01  -2.2672829e-01   4.0539949e-01   8.4137452e-02   2.9297577e-01   6.0063313e-01  -8.1124834e-02   2.2627964e-01  -2.3585718e-01   4.7151080e-01   1.2160570e-01  -3.1390078e-01   6.4403080e-02   3.7012271e-01   5.9392013e-01   7.4651562e-01   3.9066986e-01   3.4297522e-01   4.0827317e-01   3.1466290e-01   1.1063142e-01  -1.1896724e-01  -1.3819684e-02  -9.7981339e-02   2.5176846e-01   7.8717088e-01  -1.4351450e-02   5.2265995e-01   3.7873644e-01  -4.0810314e-01   5.5101869e-01  -8.6192980e-02   1.4936701e-01   4.2258357e-03   4.6162806e-01   2.6015760e-01   2.0150351e-01   9.1358222e-03   3.1270672e-02   3.1297340e-01  -1.3154325e-01   7.0431426e-02   4.9927420e-01   5.0676201e-01   3.6012900e-01   8.9424031e-03   1.8661452e-01  -1.9842920e-01   9.9899988e-02   4.5391194e-02   2.9050581e-01  -2.6253704e-01  -2.4168099e-01   2.0151588e-01  -2.1050178e-01   1.0222090e-03   1.6180882e-01   1.8764063e-01   6.8969063e-03   4.3311647e-01   4.3693126e-01   6.3835034e-01   1.0110612e-02   5.8424186e-01   4.4387321e-01  -1.6596211e-02   2.1949727e-01  -1.1363958e-01   8.7217057e-02  -4.0371482e-02   5.7375209e-01   1.8706274e-01   3.0290546e-01   4.2780204e-01  -1.9774427e-01   2.2505486e-01  -1.6517853e-01   2.1475614e-01   5.1421640e-01   3.4867819e-02   1.2327995e-02  -2.3652493e-01  -1.2108426e-01   9.5391840e-02   2.8903159e-01   2.7953907e-01  -1.1992255e-01   7.8027845e-02   3.2159756e-01  -1.1039401e-01  -2.9513536e-01   1.7302850e-02  -3.3333945e-01  -2.1233352e-01   4.9394421e-01  -2.1883011e-01  -7.2552593e-04   4.1283323e-01   2.2074168e-01   3.1234591e-01  -1.2697067e-01   2.8019098e-01   3.9546042e-02   2.9231685e-01   4.9909317e-01  -1.9580873e-01   4.0299037e-01   1.5977480e-01  -4.0389582e-01   4.9032528e-01   4.1434545e-01   5.3636858e-01  -7.2365535e-02  -8.4416980e-02   1.0308492e-01   2.0053861e-01   2.5848291e-01   2.6423060e-01   4.3492691e-01   1.5052712e-01   4.8788509e-01  -2.0978286e-01   6.1038225e-01   3.4425930e-01  -1.4124872e-01   1.0031839e-01   2.3581875e-01   5.7544044e-01  -3.5909998e-01   1.3070393e-02  -5.7190755e-02   1.3407589e-01   8.0359096e-01   7.5306428e-02  -3.8338721e-02   4.4382128e-01
  -1.4476419e-01   2.6021346e-01  -3.5427223e-01  -3.1604046e-01  -1.0830476e-01  -2.6205145e-01   0.0000000e+00  -5.2603743e-01   8.8649143e-02   6.9991177e-01  -4.4963342e-01   2.3655737e-01   2.7161412e-02  -5.3391976e-02   8.8968545e-02  -3.2509196e-02  -2.1111138e-01  -3.0289965e-01  -1.6513462e-01   5.4399258e-02   1.5871675e-01  -4.7931496e-01   5.4665960e-01  -3.3512378e-02  -1.8035437e-01  -4.5565768e-01   2.4565825e-01   3.1062500e-02  -2.2219794e-01  -1.5886493e-01  -1.8843299e-01  -5.3509052e-01  -6.8891313e-02   8.5101833e-01   4.6935045e-01   1.8857080e-01   7.8283935e-02  -1.9231631e-01   6.2689315e-03   2.7686691e-01  -1.2478780e-01  -4.2322505e-02   3.6406703e-01  -2.6443807e-01  -3.1010017e-01  -4.0882140e-01  -4.3499089e-01   5.8638652e-01  -1.1967042e-01   8.1836893e-02  -2.7645847e-01  -4.6245340e-01   3.7014908e-01   5.4971751e-02  -1.7977637e-03  -1.9801129e-01  -1.9369133e-01  -4.9939275e-01  -4.7906138e-01  -2.1998117e-01  -3.2654039e-01  -5.5227745e-02  -8.4371466e-02  -7.0539144e-02  -2.3272849e-01   2.5683846e-01  -1.9954414e-01  -1.2777573e-01  -4.3424231e-01  -3.3039427e-01   5.4297393e-01  -3.3551596e-01  -6.2864558e-02  -1.4393765e-01  -1.4267657e-01  -3.1810730e-01  -3.5183109e-01  -3.4440130e-01  -1.8896779e-01  -2.8588980e-02   1.1471273e-01   1.0367729e-02   1.5177687e-01  -4.3537094e-01  -2.5027495e-01  -4.8793556e-01   3.9680812e-01  -1.7544355e-01   3.9250973e-02  -1.0987097e-01  -9.3820730e-02  -3.5100572e-01   4.5732212e-01  -1.7191401e-01  -3.2153667e-01  -1.0058287e-01  -2.0405966e-01  -2.2787210e-01  -2.5492007e-01   5.4869935e-01  -7.3487831e-02  -2.5063523e-01  -1.9040409e-01  -7.2953119e-02  -3.9724189e-01  -5.1953304e-01  -2.4825979e-02  -3.1353138e-01   3.4737898e-01  -5.9241214e-02   5.1839495e-01  -9.3107241e-02  -1.8295767e-01  -2.0986025e-01  -2.0179782e-01  -7.1524575e-03  -2.0818551e-01   5.5240271e-02  -8.7002795e-02  -3.1973684e-01  -3.9764119e-01  -1.8062460e-01   3.9296200e-02  -8.1354880e-02  -3.4509525e-01  -1.5676726e-01   3.2137518e-01   1.0372572e-01  -4.1222145e-01  -1.7302980e-01   1.7250193e-01   5.2955902e-01  -2.5615082e-01   2.6379046e-01   2.2239912e-02  -3.7242436e-01   2.0617026e-01   2.4036458e-01  -4.3595226e-01  -2.4519244e-01  -2.7668307e-01   1.4290286e-01  -3.8990335e-01   3.5963865e-01   3.8115795e-03  -4.8102908e-01   5.4564880e-01  -4.5703718e-01   2.4371835e-01   3.8219107e-01  -2.7110863e-01   1.6524670e-01  -3.0195430e-01  -1.5982204e-01  -7.0257284e-02  -2.9767765e-01  -3.6768123e-01  -4.5232140e-01  -2.9296557e-01   1.2504630e-01  -2.5203000e-01  -2.6067087e-01   1.7949306e-01  -3.5003861e-01  -4.9035170e-01   4.2160727e-01   2.5505015e-02  -3.3436371e-01  -2.3868293e-01   2.9762149e-01  -2.0582269e-02  -1.9194583e-01  -8.9855464e-02  -2.6910629e-01  -3.3948173e-01  -1.4472360e-01  -5.2689066e-01
   3.1590378e-01  -2.2292478e-01   6.5320817e-02   4.3066243e-01   1.0022237e-01   2.8911322e-01  -5.2603743e-01   0.0000000e+00  -8.0768764e-02  -3.9899303e-01   4.1261595e-01  -3.2672430e-01   1.4329837e-01   2.6120676e-01   2.4993627e-01   3.4263167e-01  -1.7074453e-02   1.6124598e-01   7.0662373e-02  -8.6470533e-02   3.8991146e-02   4.5770489e-01  -3.1906804e-01   3.6360934e-01   1.7950492e-01   6.5379839e-01  -1.1399461e-02   3.2351409e-01   4.8611202e-02   4.5566478e-02   3.1134172e-01   5.2668796e-01   2.1192728e-02  -3.7232135e-01  -2.0646987e-01  -1.6157194e-01  -1.3085773e-01  -5.9807830e-02   2.2359508e-01  -1.5214760e-01   1.7730231e-01   5.6732876e-02  -2.9613032e-01   3.9298406e-01   1.8769227e-01   2.0687413e-01   3.0446172e-01  -2.4164837e-01   1.7285703e-01  -2.5365309e-02   2.1392319e-01   7.9676153e-01  -1.8883654e-01   3.4193406e-03   1.2121632e-01   5.8460642e-01   2.4119226e-01   5.9774235e-01   5.0415545e-01   1.4025364e-01   3.1103823e-02   1.6905312e-01   2.3165456e-03   1.4991024e-01   1.3472881e-01  -1.7038595e-01   2.1016497e-01  -6.2565999e-02   4.5100341e-01   1.0722209e-01  -3.1457307e-01   3.4394154e-01   8.8533767e-02   1.3913864e-01   8.3183353e-02   4.2324012e-01   1.3443519e-01   3.3941698e-01   9.6110512e-02   8.2380058e-02   2.6370816e-01   1.7607866e-01  -7.5678710e-02   4.8409282e-01   2.0358351e-01   5.1482225e-01  -1.4289057e-01   2.3838320e-01  -8.6084584e-02   2.6202936e-01   1.1327077e-01  -8.6949743e-03  -2.7546978e-01   2.4307019e-02   1.9361837e-01   7.3250936e-02   1.3501342e-01   2.3452434e-01   1.7544613e-01  -1.6562525e-01   1.7314361e-01   3.4908967e-01   5.1302802e-01   5.1657062e-02   4.4658634e-01   4.9074509e-01  -1.5126845e-01   3.8771889e-01  -7.7042906e-02   5.0213612e-02  -2.1925226e-01   3.6632477e-01   5.2766793e-02   2.7614140e-01   2.7151385e-01   1.8907119e-01   5.5791043e-01  -7.5938615e-03  -7.9266976e-02   5.1101672e-01   2.6480430e-01   8.6168263e-02  -1.7931483e-01   2.7153144e-02   2.7298742e-01   4.3876064e-01  -1.4817061e-01  -2.4777088e-02   3.5244814e-01  -1.3586360e-01   2.7515727e-02  -2.0211079e-01   2.3935987e-01  -2.1718727e-01  -6.6895946e-04   7.0950874e-01  -1.4543749e-01  -4.9903332e-02   7.2310288e-01   2.6608046e-01   4.0834305e-01  -2.1692128e-02   3.5729958e-01  -4.1332448e-01   2.2830221e-01   3.6163022e-01  -3.1346218e-01   3.0240301e-01  -1.6295056e-01  -2.3478424e-01   4.4126802e-01   1.8944809e-01   2.7170932e-01   1.2514757e-01  -1.5104692e-01   2.1973609e-01   1.0328134e-01   5.3375142e-01   5.6380001e-02   3.6182402e-01  -2.3191145e-02   2.7356189e-01  -4.0031903e-02   3.9034481e-01   5.4251732e-01  -1.5556538e-01   1.9481974e-01   3.6469933e-01   3.3213135e-01  -5.7848296e-02   1.1132860e-01  -5.8674478e-02  -1.3832901e-02   1.7423761e-01   1.3951210e-01   5.6009555e-02   4.3043495e-01
  -1.6017091e-01   5.2684756e-01  -2.3571762e-01   6.1431918e-02   3.0163064e-01  -3.3505989e-01   8.8649143e-02  -8.0768764e-02   0.0000000e+00   1.0293361e-01   5.3015986e-02   1.1146546e-01   1.2361523e-01  -2.1331504e-01  -3.1440408e-01   3.0308010e-02  -2.4379395e-01  -3.3153815e-02  -1.1627341e-01   1.6333997e-01  -1.7702956e-01   2.6978882e-02  -4.9859526e-02  -2.5263670e-01   1.3210767e-01   1.2505866e-01   8.9843750e-02  -2.3387127e-01   1.6204590e-01   5.7043495e-01  -3.4375043e-01  -5.5822680e-02  -4.2838980e-01   1.9068929e-01   4.8077251e-01   1.7168068e-01   3.9712485e-02  -4.2912118e-01  -9.1836082e-05   1.8892909e-01   1.6138378e-01  -3.2907932e-01   2.9436996e-01  -2.4405644e-01   4.3689520e-01  -4.7703057e-01  -8.1616919e-02   2.9301706e-01   2.7335030e-02   1.3710685e-01  -2.1895225e-01   1.2502385e-01   5.6406804e-01  -2.4972174e-01  -2.7958618e-02  -2.3439491e-01  -2.7089897e-01   3.5183920e-02  -2.7637238e-02   1.1990212e-01  -3.3305650e-01   2.2318952e-01   4.9424737e-01   6.0676968e-01   7.0179496e-01  -2.8940917e-01  -2.1320035e-01   3.0187074e-01   1.1663914e-01  -3.4806607e-01   4.0889031e-01  -7.0323663e-02   3.1855420e-01   2.3021974e-01   1.5170564e-01  -1.5666430e-01  -4.0927056e-01  -4.5463474e-02   4.1639257e-01   1.5313853e-02  -2.4610155e-01   1.9225385e-01  -1.1189349e-02  -1.0111925e-01  -3.2982733e-01  -1.3704145e-01   9.5508705e-02  -2.3027660e-01   5.8872492e-01  -3.2316320e-01   5.1045461e-01  -3.5283300e-01  -1.0671564e-01   5.5301988e-01  -4.0094584e-01   1.9522813e-01   3.3804088e-01   5.6523596e-02   1.8197840e-01  -9.7438203e-02  -5.0780477e-01  -4.2086498e-02  -3.1620478e-01   7.1485349e-01  -1.0922453e-01  -4.4944659e-02  -9.8172639e-02   3.4216486e-01   3.7183021e-02  -2.6688310e-01  -2.1273041e-01  -1.4230504e-02   1.8369801e-01  -3.4688119e-01  -2.7631632e-01   5.6125156e-01  -8.6220941e-02   2.5604395e-01  -3.9124802e-01  -1.0831537e-01  -4.2921518e-01   3.0079144e-01  -4.6170117e-03   5.8364081e-01  -3.3160378e-01  -3.5864093e-02   8.1776054e-03  -7.6516532e-02   8.3896108e-02  -3.2796949e-01   1.3538609e-01   4.0746418e-01   4.6787586e-01   2.3294041e-01   4.0278412e-01  -2.0184945e-01   2.6695045e-02  -1.4440642e-01  -2.2037048e-01  -3.3895244e-01  -3.4811773e-01   4.9358582e-02   8.9737685e-02  -2.4344834e-01  -4.9084371e-02  -1.7764737e-01  -1.6545078e-02  -9.5109523e-02  -2.2957595e-01   1.1549340e-01  -4.1064307e-01  -2.7703242e-01  -4.5958031e-01   4.5190143e-01   3.1300422e-01  -4.6467485e-01  -4.2054515e-01  -5.4290635e-02  -4.4823168e-01  -2.3331594e-01   1.1256527e-01   9.1442962e-02  -1.6423902e-01  -1.5359682e-01  -2.8427922e-02   2.9919979e-01   2.3356632e-01  -2.7271730e-01  -4.4792552e-01   2.3558884e-01   3.3591131e-01  -3.1249094e-01   1.7406718e-01  -3.5277939e-01   1.0444968e-01  -1.8258502e-01  -6.9458303e-02
  -1.8548102e-01   2.5594377e-01  -2.2913955e-01  -3.1338700e-01   4.3386386e-04  -3.0811413e-01   6.9991177e-01  -3.9899303e-01   1.0293361e-01   0.0000000e+00  -3.8951957e-01   2.1166146e-01   6.0363243e-02  -2.6680866e-01  -1.7770972e-03  -1.0672421e-01  -9.9679876e-02  -3.3677572e-01  -1.0010078e-01   1.4351230e-01   2.4950260e-02  -2.8176721e-01   3.3978579e-01  -1.1592692e-01  -1.5666993e-01  -3.6289212e-01   2.5893329e-01   4.5448787e-04  -1.1729290e-01  -1.4180951e-01  -2.0152010e-01  -4.5456276e-01   6.6992649e-02   6.0484762e-01   2.4077397e-01   2.3169701e-01   3.4335782e-01  -2.5637371e-01  -1.4622852e-01   2.8045431e-01   1.1936130e-02  -4.0052354e-02   2.4795185e-01  -2.8126589e-01  -1.7724304e-01  -3.2021969e-01  -3.2269429e-01   4.4235541e-01  -1.4157313e-01   1.3011775e-01  -3.1372946e-01  -2.7339318e-01   3.2111772e-01   1.0691219e-01  -1.3902580e-01  -2.7979394e-01  -1.7264174e-01  -3.9592781e-01  -4.4304275e-01  -2.3810742e-01  -3.5094383e-01  -1.9496850e-01  -7.4607718e-02  -8.9018191e-02  -6.6360834e-02   2.0693572e-01  -2.3556394e-01  -2.2454035e-01  -3.1406575e-01  -2.6393527e-01   4.9526029e-01  -3.6697119e-01  -1.1567372e-01  -1.0373972e-01   7.5185605e-02  -3.3321534e-01  -2.8443057e-01  -4.4065519e-01  -7.1904718e-02   1.3074143e-01  -2.9470353e-02  -1.1198316e-01   8.5339187e-02  -3.7896708e-01  -2.1607237e-01  -3.3666708e-01   2.5499901e-01  -3.5599574e-01   7.5383969e-02  -4.0072829e-02  -1.8088251e-02  -2.7535694e-01   4.5071603e-01  -1.3577722e-01  -3.2286562e-01  -2.2979574e-02  -3.0883304e-01  -1.1170594e-01  -3.0311902e-01   3.9101578e-01  -5.3388916e-02  -1.8650494e-01  -3.0736431e-01  -6.0304337e-02  -3.6575284e-01  -3.8319193e-01   4.1718304e-02  -2.2788140e-01   5.7624203e-01   4.5818517e-02   3.6350995e-01  -1.6643304e-01  -2.6660203e-01  -2.9740058e-01  -2.3784778e-01  -1.8194616e-02  -2.9129137e-01  -7.7358539e-03  -1.3924945e-01  -3.2528796e-01  -2.5990282e-01  -1.5604135e-02   1.2993943e-01  -1.0580449e-01  -1.8991396e-01  -2.3491365e-01   1.6668359e-01   1.8522536e-01  -1.5168406e-01  -1.6770154e-01   1.1589903e-01   3.2024931e-01  -2.4331050e-01   3.2857504e-01   1.0372867e-01  -2.6885632e-01   3.6415391e-01   2.2380393e-01  -2.9122068e-01  -2.8649427e-01  -2.8552255e-01   8.1092722e-02  -3.3301375e-01   3.0827898e-01  -7.6962846e-02  -5.3481999e-01   3.9842419e-01  -4.4462114e-01   6.3901204e-02   4.8323394e-01  -2.1288101e-01  -2.2478487e-02  -3.0267863e-01  -1.1980228e-01  -3.3765606e-02  -3.9133306e-01  -3.4350087e-01  -4.3769399e-01  -2.4554889e-01  -6.0464962e-02  -1.9936499e-01  -3.5020204e-01   3.0897672e-01  -2.6406822e-01  -3.1420228e-01   2.1575656e-01  -7.2892453e-03  -3.1199825e-01  -2.0401655e-01   3.6459230e-01   1.2468883e-01  -2.2515369e-01  -2.8643948e-02  -2.9956675e-01  -1.4180278e-01   1.1501439e-01  -2.5377005e-01
   2.7192696e-01  -2.5345545e-01   9.6303583e-02   4.1486678e-01  -2.4337945e-01   4.3569514e-01  -4.4963342e-01   4.1261595e-01   5.3015986e-02  -3.8951957e-01   0.0000000e+00  -3.0401097e-01   1.2374694e-01   3.3258284e-01   3.1582064e-01   4.6089724e-01  -7.7676525e-02   6.1250828e-01  -5.8228295e-02  -3.6255787e-01   8.3966510e-02   3.6036638e-01  -8.5523029e-02   6.0298090e-02   2.4142813e-01   3.0794373e-01  -3.8355729e-01   3.3745754e-02  -9.9813749e-02   3.3282065e-01   4.7971198e-01   4.2979051e-01   1.8860374e-02  -2.9839018e-01  -1.3514784e-01  -2.0779272e-01   2.7625572e-02   2.2673576e-01   2.9643623e-01  -5.3489749e-01   2.7467986e-01   9.1490408e-02  -4.4574582e-01   6.7288483e-01   2.3227048e-01   4.3492190e-01   6.4142986e-01  -2.4868082e-01   3.4527345e-01  -4.7104492e-01   6.1390325e-01   4.1903395e-01  -1.4028779e-01  -9.5354725e-02   2.7533932e-01   5.8231367e-01   3.1811114e-01   3.1892270e-01   5.3413594e-01   2.1531795e-01   3.6671210e-01  -6.9481150e-02  -6.6208905e-02   5.2878105e-01   3.2243924e-01  -1.2470007e-01   2.6640064e-01   1.7254145e-02   5.0643765e-01   2.4901943e-01  -5.5147013e-01   2.8235237e-01   3.1196701e-01  -1.9292395e-01  -2.7069711e-01   7.3982915e-02   4.1379915e-01   3.7937832e-01  -1.0737822e-01   6.2978068e-02   2.5874553e-01   1.5032563e-01   2.6659148e-01   4.9216863e-01   1.1055510e-01   2.8346049e-01   2.9963043e-02   1.6893856e-01   9.1318545e-02   1.6955506e-01  -8.1425072e-02   2.5515750e-01  -4.2654486e-01   5.5443266e-02   3.8746765e-01  -3.0124543e-01   5.6420474e-02   8.7585384e-02   1.2864749e-01   1.8969047e-02   2.0834111e-01   6.3469947e-01   3.7657704e-01   2.0455182e-01   5.0977901e-01   3.8239631e-01  -4.3232642e-01   3.8678581e-01  -8.9619861e-02  -6.5311420e-03  -3.0871578e-02   3.6352809e-01   1.1514325e-01   2.8574472e-01   2.2445999e-01  -5.2676532e-02   4.6611526e-01   2.0722331e-01  -3.5968568e-02   3.6937337e-01   2.4877556e-01  -1.7605555e-01  -2.4783064e-01   3.4277752e-01   3.0612693e-01   1.4865346e-01   2.4320893e-01  -1.3414744e-01   2.0507078e-01   6.8668122e-02   2.0423380e-02   8.8136618e-02   1.0174005e-02   7.7376801e-02  -1.8940486e-01   3.7905275e-01  -2.9724908e-01   8.1362680e-02   3.4171879e-01   3.3739619e-01   3.5191821e-01  -4.9529087e-02   4.7020880e-01  -3.8641048e-01   3.8191184e-01   6.3225421e-01  -3.0019880e-01   3.0864921e-01   1.0028596e-01  -2.9441873e-01   3.3751133e-01   3.1393796e-01   3.8476021e-01   4.2126234e-01  -3.8348712e-01   2.2670651e-01   3.5629347e-01   5.0871512e-01   2.1222096e-01   2.4702994e-01   9.9837214e-02   5.1081072e-01  -1.6445517e-01   5.8355201e-01   2.6083888e-01  -2.8758262e-01   2.7803451e-01   2.5812591e-01   4.3449493e-01  -3.8353054e-01  -9.0888804e-02   1.5754973e-01   4.8864881e-01   3.2745957e-01   1.2730468e-01  -1.2683606e-01   3.1925945e-01
  -3.7676401e-01   6.5893756e-01   1.7625260e-01   1.6692133e-02   3.8955903e-01  -3.1583198e-02   2.3655737e-01  -3.2672430e-01   1.1146546e-01   2.1166146e-01  -3.0401097e-01   0.0000000e+00  -5.6768620e-02  -2.9872364e-01  -5.7089106e-01  -7.0978374e-04   2.5503568e-01  -1.6839651e-01   2.2692834e-01   4.7154958e-01  -3.5419374e-01   1.3771209e-01  -2.8972208e-01  -3.9602108e-01   1.3722226e-01   3.1358866e-02   3.4824444e-01  -3.9837852e-01   3.7109165e-02   1.2912264e-01  -5.2538623e-01   4.5645183e-02   8.4684920e-02   2.8032545e-01   4.4717930e-02   4.0342011e-01   1.4395194e-01  -2.8404134e-01  -6.4599957e-02   3.6525179e-01  -7.1063511e-02   1.0493578e-01   6.1888416e-01  -2.3395112e-01   3.4624154e-01  -3.2140596e-01  -8.6182624e-02   1.9292988e-01  -1.4541308e-01   2.9861330e-01  -7.2918537e-02  -3.0495350e-01   3.5998922e-01   2.7801575e-01  -1.4816966e-01  -3.6240591e-01  -3.0190082e-02  -8.0475171e-02  -1.2587920e-01   2.0975887e-01  -6.1755845e-02   3.9800426e-01   3.5912800e-01  -2.6681895e-01   4.0745109e-02   5.0149796e-02   1.7698187e-01   4.3735855e-01   5.5543602e-02  -1.6798328e-01   4.3199768e-01   1.5297472e-01   9.7086140e-02   2.9513208e-01   3.1982501e-01  -1.6690272e-01  -2.6068509e-01  -1.0241945e-01   4.6033295e-01  -1.7234741e-01  -4.9788782e-01  -8.5459432e-02  -1.4335221e-01  -6.8868689e-02   2.1903655e-02  -3.1126748e-01  -1.4440573e-01  -2.3712229e-01   2.9241929e-01  -3.5405807e-01   2.7239034e-01  -2.8591466e-02   2.9957741e-01   3.6072030e-01  -2.9380888e-01   4.3228198e-01   2.2228829e-01   1.5252522e-01   2.6835340e-01  -1.8006003e-01  -4.1016116e-01  -1.5340658e-01  -2.9853219e-01   6.6823003e-03  -1.1635744e-01   1.1300870e-01   5.6779933e-01   2.0669707e-01   7.7787950e-02   1.4728122e-01  -1.1177148e-01  -1.1763341e-01   2.7891512e-01  -3.6530273e-01  -4.3023110e-01   2.1083657e-01  -9.5216341e-02  -3.8192571e-03  -1.2543787e-01  -2.4977932e-01  -3.8842896e-01   4.0785370e-01   3.3016466e-01  -3.5052141e-01  -3.2263735e-01  -2.5707916e-01  -4.8616415e-02   1.0050403e-02   3.9010765e-02   2.1458160e-02   1.0496650e-02  -1.0354992e-02   2.8607788e-01  -1.7304285e-01   3.2762889e-01  -2.7632564e-01  -4.1765969e-02  -3.2565147e-01  -3.3740427e-01  -3.4385431e-01  -1.6544910e-01  -9.2989761e-02  -1.3185641e-02   1.3739308e-01  -4.3363489e-01  -2.8259742e-01  -8.1272295e-02   6.8341177e-02  -1.8433350e-01  -7.6555481e-02  -4.1868169e-01  -4.7170776e-01  -3.2146074e-01  -1.1379532e-01   5.6875148e-01  -2.9948866e-01  -2.9105490e-01  -8.9151521e-02  -4.1023131e-02  -4.4375091e-01   2.1121156e-01   4.1084535e-02  -3.8480479e-02  -9.5102846e-02   3.2328425e-02   5.1352750e-01   1.2010303e-01  -1.1486845e-01  -2.3562066e-01   1.6212076e-01   3.9809371e-01  -3.0556634e-01  -5.1077595e-02   8.9596513e-02   3.9655333e-02   3.4687769e-02   1.1295743e-01
  -4.0383653e-02  -8.4383423e-02   2.2593151e-01   1.2468984e-03  -4.5169653e-03  -1.3627873e-01   2.7161412e-02   1.4329837e-01   1.2361523e-01   6.0363243e-02   1.2374694e-01  -5.6768620e-02   0.0000000e+00  -1.3862319e-01   1.8691034e-01   3.1795302e-01   1.3136783e-01   1.8361623e-01  -1.6237212e-01   4.4112121e-02   1.0093480e-01   1.7930651e-02   3.2176255e-01  -1.7590384e-01   1.7091733e-01  -1.0200869e-03  -1.0643056e-01  -9.0085871e-02  -2.5328507e-01   1.4539269e-01   1.5684265e-01   6.3314298e-02   1.9062761e-01   3.9346453e-03  -3.1492970e-02   1.4765640e-01   2.5105399e-01  -4.6167304e-02   3.9000163e-01   4.9534587e-02   7.0143130e-01   7.2979246e-02  -1.9338685e-01   1.6118166e-01  -1.5522158e-02   1.4228496e-01   1.2565678e-01  -1.7677519e-01   2.0862886e-01   2.8071212e-02   1.2491239e-01   2.2550790e-01  -8.9357671e-02   1.4850033e-01   1.2734834e-01   5.4411476e-02  -2.7029289e-01  -1.1884520e-01   2.2503057e-01  -1.0304761e-01   2.0558026e-01   1.5635230e-01  -2.7831643e-02   1.8564964e-01   1.6066439e-01   2.4021074e-02  -7.2388982e-02  -1.4013539e-01  -6.5410457e-03   1.5090331e-01  -1.4517994e-01   1.9186455e-02   2.8624080e-01   1.9961606e-02   9.5303263e-03   9.6559206e-02   2.2119706e-01  -1.3244979e-01  -6.4185672e-02   4.0537143e-01   1.7324801e-02   2.8288150e-01   8.2636674e-02   2.3739321e-02  -3.3330243e-01  -2.7012321e-02  -1.0272608e-01  -1.1069619e-01   2.5628864e-01  -1.5284352e-01  -1.7195921e-01   1.9120926e-01  -1.2754513e-01   1.1294304e-01   6.5110703e-02   6.9295057e-02   5.2513139e-03  -1.9346018e-01   1.1846676e-01   9.7961015e-02  -1.2577239e-01  -1.0267929e-01  -2.5201033e-02   1.2557151e-01  -1.4594144e-01   8.5315074e-02  -1.4417800e-01  -1.2055537e-01   1.6182487e-01   9.6027553e-02   1.4981888e-01  -1.7009724e-01  -1.5372229e-01  -5.1533345e-02  -2.0612680e-01  -1.5746271e-01   9.8642668e-03   6.2157295e-01  -2.3263163e-02   2.5436280e-02   1.2532788e-01  -8.2259728e-02   1.7972927e-01   1.4008342e-01   9.7630449e-02  -2.5459043e-01   4.4065341e-02   2.2635035e-01   7.5166440e-02   2.1319006e-02   6.5952295e-01  -6.1892350e-02  -6.4218168e-02   2.5093380e-01   8.8771138e-02   1.2052878e-01   2.6168257e-01   2.4742901e-01   2.8711021e-02   1.6120114e-02   1.5514735e-01   5.0973256e-01  -2.3926388e-01  -5.4835226e-02   1.3054850e-01  -4.6074155e-02   2.1651289e-01   9.0418077e-03   1.4236096e-01   2.5717416e-01  -1.4901292e-01   1.2773835e-01  -6.3310481e-02   1.2492540e-01   7.6890939e-02  -5.3757306e-02   1.4968027e-01   2.5361622e-01   1.7183298e-01   2.7213699e-02  -7.7917498e-02  -1.3142671e-01   1.9589218e-01   5.2205818e-02  -8.2894280e-02  -1.9770760e-01  -2.5414702e-02  -1.0833928e-01  -2.2307841e-02  -1.5501939e-01  -2.3322268e-01  -6.4139638e-02   2.0334490e-01  -1.9309959e-01   1.2988134e-01   2.2642138e-01   1.4148285e-01
   6.8850766e-01  -2.5878776e-01  -1.3119712e-01   2.7347253e-01  -4.7767923e-01   4.3793653e-01  -5.3391976e-02   2.6120676e-01  -2.1331504e-01  -2.6680866e-01   3.3258284e-01  -2.9872364e-01  -1.3862319e-01   0.0000000e+00   5.6481109e-01   1.2013548e-01  -2.8377716e-01   7.9835056e-02  -1.6506837e-02  -6.7504010e-01   2.3142439e-01   5.8234507e-02   1.2057035e-01   6.7744196e-01   1.1266746e-01   4.6045284e-02  -5.3817477e-01   5.7157041e-01  -3.4584632e-02  -1.7681515e-02   4.9453024e-01   2.9835898e-02  -2.6219972e-04  -3.7387621e-03   1.2713625e-01  -5.9324176e-01  -1.5948810e-01   3.3020874e-01   3.0696556e-02  -6.0431192e-01  -1.9121552e-01   1.2899159e-01  -2.4913835e-01   5.0693479e-01  -1.8721335e-01   2.4181723e-01  -3.0063586e-02  -6.6862088e-02   8.1414614e-02  -4.6876879e-01   2.4468304e-01   2.0591728e-01  -1.1750166e-01   3.2599769e-02   6.4359500e-01   6.0438870e-01   3.7086247e-01   1.9653379e-01   1.3161514e-01   1.3118726e-01   2.2651366e-01   4.2680601e-02  -3.0328954e-01   1.3667560e-01  -4.0033347e-02  -1.3100660e-01   1.9113205e-01  -1.4834345e-01  -2.6654490e-02  -2.7547413e-02  -4.2495654e-01   1.1512991e-01   4.3597879e-02   3.0755709e-02  -2.8257959e-01   1.1496940e-01   2.1511010e-01   1.4558260e-01  -3.2273004e-01  -5.8447793e-02   6.9029735e-01   1.4198191e-01   2.8951284e-01   4.0397659e-01   5.2201855e-01   1.7573900e-02   2.1438350e-01   6.7602165e-01  -2.7720050e-01   5.3910361e-01  -1.9076971e-01   1.5022472e-01  -3.1634034e-01  -2.9588146e-01   3.1524511e-01  -6.4224671e-01   1.0277278e-01  -1.7358972e-01  -2.0023100e-02   2.2619405e-01   6.1163841e-01   4.1638333e-01   6.0134237e-01  -1.8791100e-02   3.1071625e-01  -6.1021857e-02  -1.7683376e-01  -9.6883223e-02  -1.8023409e-01  -1.4941726e-01   9.7875412e-02   4.7290158e-01   7.5165228e-02   6.7080876e-01   6.6754056e-01  -2.0102084e-01   2.2545584e-01   7.3559838e-02   3.3112863e-01   2.6204157e-01   3.1306908e-01  -4.1869034e-01  -4.3558867e-01   1.4069003e-01   1.7992561e-01   6.9304051e-01   3.6884643e-01  -1.8932016e-01  -3.3808664e-01  -2.1484865e-01  -1.6921497e-01   5.1114005e-02   3.5392821e-02  -4.2671509e-02  -3.5840362e-01   2.1321070e-01  -3.2978014e-01   1.8368778e-01   4.3226516e-01   5.7525398e-01   6.1482098e-01  -1.8411966e-01   2.3631556e-01  -1.8742514e-01   4.9009483e-01   4.1175167e-01   5.1828767e-02  -4.4319825e-02   6.5458956e-02  -2.7679003e-01   6.7403926e-01   4.6798224e-01   6.9917706e-01  -1.9765427e-02  -5.1330207e-01   5.3574584e-01   1.9294087e-01   2.4560373e-01   1.8211408e-01   5.5379228e-01  -1.4018869e-01   2.5707870e-01  -3.2909784e-01   1.5385479e-01  -7.0778589e-02  -1.7705176e-01   2.5564771e-02   4.9039970e-01   6.4887669e-01  -2.7205839e-01  -2.0768989e-01   1.4668486e-01   1.5468491e-02   4.2086325e-01  -5.2012426e-02  -3.5350747e-01  -1.6022328e-01
