   0.0000000e+00  -3.0545869e-01  -1.9037464e-01   8.3508773e-02  -2.2450173e-01   1.0598814e-01  -4.9662109e-01  -3.1286476e-02   1.0420029e-01  -2.5077609e-01   4.2745646e-01  -4.8950002e-01   1.8994687e-03   1.4060752e-01   2.5899333e-01  -1.1678089e-03  -1.2091701e-01   6.1249029e-02  -3.5913095e-02  -1.7835038e-01  -3.2473539e-01   5.7493057e-02   4.2623747e-02   8.6043367e-01  -1.4969935e-01  -3.2698640e-02  -1.1646430e-02   7.2544610e-01   3.2132951e-01  -1.0494336e-01  -1.3831637e-01   5.8450486e-02   4.1655953e-02  -4.7764866e-01  -3.9202790e-01  -1.1286279e-01  -2.6174457e-01   7.2610748e-01  -5.6468181e-02  -5.7258910e-01   1.4442667e-01   1.9668914e-01  -3.3110473e-01   2.2472981e-01  -1.1892007e-01   7.5357647e-01   2.3535744e-01  -6.5963251e-01  -1.8671378e-01  -4.1056589e-01   3.5933617e-01  -2.3669594e-01  -5.1085891e-01   2.2088419e-02  -1.4679444e-01   4.1230973e-01  -4.9456651e-02   1.2700053e-02   3.4519404e-01   2.5087545e-01   5.2349774e-01   6.7596263e-02  -1.4306857e-01  -1.8354282e-02  -3.8458749e-01   5.8845435e-03  -5.1912878e-01   1.2168364e-01   8.6707275e-02   4.5998588e-01  -5.4212832e-01   2.8150069e-01   1.8536285e-02   3.6114993e-01  -3.0448168e-01   4.5803682e-02   6.2381428e-01  -1.7780294e-01  -3.2879887e-01   1.4012739e-02   6.8010302e-02   9.8924513e-02  -5.8306309e-01  -2.2148675e-01   2.9893865e-01   1.6710149e-01  -4.8197569e-01   5.2515163e-01  -2.4293323e-01   8.5188174e-01  -2.3030812e-01   2.0055728e-01  -4.1529319e-01  -2.1466756e-01   7.4300669e-01  -2.7293338e-01  -1.5221684e-02  -1.5702059e-01   9.7833328e-02  -3.4261278e-01  -6.5917297e-02   4.3343903e-01  -5.2774103e-02   1.8550403e-01   2.8565489e-01  -2.1245722e-01  -2.6801686e-01  -2.1629673e-01   2.2933208e-01  -1.5386155e-01  -4.7309745e-01   1.2724866e-01   2.6003652e-01   8.6010423e-01   2.9122103e-01  -3.0441929e-02   2.5032768e-01  -4.2242944e-02   1.1653111e-01   1.5521070e-01   6.9659701e-01  -3.2791337e-01  -5.0665132e-01  -2.4715782e-01   7.8695848e-01   3.7551006e-01   8.8004691e-02  -1.8887346e-01   2.1902211e-01   3.8318850e-01  -1.7753792e-01  -5.0484038e-01  -1.4273311e-01  -5.4636919e-01  -2.1413073e-01   1.2764893e-01  -1.6808660e-01  -4.1623633e-01  -1.8910194e-01   6.6610904e-01   7.1920028e-01  -2.1657582e-01   3.2918257e-01   1.2184390e-01   1.3727363e-01  -1.6586877e-01  -4.8903871e-01   1.7987404e-01   1.2516211e-01  -5.0971740e-01   7.2808116e-01  -5.6582347e-01   6.7914628e-01   2.6550522e-01  -4.9329040e-01   8.5769583e-01   7.4748279e-01   4.1513297e-01  -1.6615655e-01   2.3985560e-01  -1.5265227e-01   3.6842852e-01  -2.2849354e-01  -2.9971318e-02   2.8184852e-01  -2.4617503e-01  -8.1428942e-02   3.4596535e-01   5.4269278e-01  -4.8798696e-01  -7.2835315e-03   7.4168859e-01   1.0929740e-01  -3.4916527e-01  -7.6011722e-02  -9.4599970e-02   2.6835067e-01
  -3.0545869e-01   0.0000000e+00   4.3411722e-01  -5.3492271e-01   2.3139699e-01  -5.2387550e-01   1.9409332e-01  -1.5013577e-01   2.2368145e-01   3.6981761e-02  -4.5050325e-01   4.6546951e-01  -2.6826322e-01  -4.3475171e-01  -6.0595708e-01  -2.5050310e-01   2.7870445e-01  -4.4642270e-01  -8.4655218e-03  -2.9826146e-02   7.2788758e-02  -5.5992172e-01  -3.9521642e-01  -1.9015845e-01  -5.1767314e-02   3.6634560e-02   6.1640524e-03  -4.2206879e-01  -4.4628812e-01   2.7038659e-01   5.1099003e-01  -4.0316552e-01  -1.7608298e-01   4.0039999e-01  -1.0479909e-03  -1.5024080e-01   2.8360788e-01  -4.5603612e-01  -2.1602736e-01   3.9299775e-01  -1.1872924e-01  -3.2692540e-02   4.1241391e-01  -2.8640297e-01  -3.4902358e-01  -5.1017201e-01  -5.0921676e-01   5.5285174e-01  -1.6312872e-01   4.5351936e-01  -6.1997222e-01  -6.6349736e-02   5.8235332e-01  -1.0891397e-01  -9.8986613e-03  -6.6810084e-01  -5.9968810e-02  -3.7440943e-01  -3.8197007e-01  -3.0945745e-01  -5.2535436e-01  -2.9497344e-01   2.0219555e-01   6.6844910e-01   3.4904644e-01  -3.1558550e-01  -2.1824036e-02   5.0960032e-02  -3.6511675e-01  -1.8728439e-01   7.7964078e-01  -6.0134637e-01  -1.6442579e-02  -2.4582879e-01  -3.2163957e-02  -3.9037398e-01  -5.5862523e-01  -1.2578318e-01   4.3616794e-01  -7.9149034e-02  -3.6029275e-01  -1.6571856e-01   4.0038393e-01  -1.1597633e-01  -1.8396370e-01  -4.3547896e-01   7.1082334e-01  -5.8748234e-01   6.8551430e-01  -1.7995901e-01   6.6137425e-01  -2.2992455e-01   3.6985414e-01   1.2580993e-01  -4.9800887e-01   3.5296924e-01  -2.5444858e-01   1.2473804e-01   2.2176249e-02   1.9190470e-01   2.0047540e-01  -5.7809484e-01  -6.2272163e-01  -7.7352929e-02  -6.2678009e-01  -1.0473573e-01   9.7054388e-02   1.3192946e-01  -6.8537422e-01  -1.3161238e-01   3.3864321e-01  -6.5307251e-01  -3.3890865e-01  -3.2945068e-01  -3.9520980e-01   7.4111695e-01  -4.1874812e-01   4.3019478e-02  -2.6456934e-01  -5.8657144e-01  -4.2086480e-01   3.5297430e-01   3.5384934e-01   4.3420523e-01  -3.6008387e-01  -6.2074331e-01  -5.6958386e-01  -3.4883973e-02  -4.3893745e-01  -8.2152183e-02  -8.4700571e-02   4.1209005e-01  -2.2360791e-01   5.9062594e-01   1.4156010e-03  -2.6578818e-01  -7.4218503e-02   4.6354148e-01  -1.0934077e-01  -6.8106847e-02  -1.3469622e-01   5.4480521e-02  -3.7512800e-01  -4.4526521e-01  -3.2812577e-01   2.7454849e-01   5.8358457e-01  -2.1352065e-01  -3.4512509e-01   3.6838224e-01  -4.4450901e-01  -7.2568874e-02  -4.3554722e-01   2.0563688e-01   5.1846418e-01  -1.8676503e-01  -3.5275892e-01  -1.6210812e-01  -1.7675514e-02  -7.7299339e-01   2.0349545e-01  -2.4650976e-01   2.9190064e-01  -5.3301737e-01  -1.2110457e-01   6.2923647e-01   6.7565593e-02  -6.6000483e-01  -4.4191315e-01   5.1481630e-01   1.3726114e-03  -2.9477642e-01  -4.4318509e-01  -1.5852474e-01   6.5324252e-02   1.7578865e-01  -1.1355993e-01
  -1.9037464e-01   4.3411722e-01   0.0000000e+00  -1.8557444e-01   3.6764471e-02  -5.5743424e-02   1.8778782e-01   7.9303009e-04   2.1482612e-01   2.2969762e-01  -1.9796862e-01   9.1903092e-02  -1.4465442e-01  -3.0148154e-01  -2.5343015e-01   6.9528670e-02   8.7076003e-01  -1.9795041e-01   1.6181418e-01   8.0383366e-02  -8.4060511e-02  -1.8570579e-01  -4.9281116e-02  -2.1380917e-01  -1.1366879e-01  -3.1645966e-03  -3.9114450e-02  -1.0112165e-01  -3.2302116e-01  -2.0168022e-01  -1.1504614e-02   1.0177473e-01  -1.0043859e-01   2.2988914e-01   4.5828765e-02   2.5006313e-03   3.2867000e-02  -1.5670773e-01  -4.6354242e-02   4.5891369e-01   1.6185308e-03   1.0109661e-01  -9.8616323e-03  -4.7901570e-01   3.2233276e-02  -1.3212460e-01  -2.9455052e-01   1.5112829e-01  -3.1990125e-01   6.0383576e-01  -1.9349768e-01   6.5534532e-02   2.3849038e-01  -9.3902964e-02   3.1745603e-02  -4.0194954e-01  -1.7369389e-01   3.6995425e-02  -9.7642541e-02  -1.1366502e-01   4.0839724e-02  -3.9732742e-01   1.3751350e-01   6.3452938e-02   5.8565551e-02   2.1153821e-01   1.3350043e-01   1.0717398e-02  -1.0847605e-01   4.8539665e-01   4.9652107e-01  -9.6442670e-02  -2.7113759e-02  -2.0968739e-01  -2.8928370e-01  -2.5794717e-01  -1.3910160e-01  -5.9625187e-02   1.1779997e-01   1.1989123e-02   4.6854790e-02  -1.0547348e-01   1.4769197e-01  -5.6796399e-02   1.7623945e-01  -1.8354346e-01   3.2375447e-01  -4.6093505e-01   5.3060797e-01  -2.3417697e-02   1.4154170e-01   3.7797153e-01   3.3488398e-01   1.5309591e-01  -2.8315896e-01   1.7753610e-01  -1.9341640e-01  -4.8476567e-02   1.5325944e-02   1.8488603e-01   3.6862059e-01  -2.0013571e-01  -4.0679845e-01  -1.6741467e-02  -3.6900203e-01   1.0764048e-01   1.1247955e-01   6.5678040e-02  -4.1282231e-01  -9.7258703e-02   2.7655864e-01  -4.7257368e-01  -1.2447103e-01  -1.1144547e-01   6.1040526e-02   1.4025159e-01  -2.1985754e-01  -1.5684697e-02   1.3112388e-01  -2.2738885e-01  -1.4945484e-01   1.7419151e-01   1.3934808e-01   6.1489978e-02  -1.0661225e-01  -4.6132842e-01  -4.6550698e-01  -1.1703615e-01  -6.2694675e-02   5.5180191e-01   1.3336581e-01   9.5584743e-02  -2.4324414e-01   2.7746900e-01   1.6488670e-01   3.8701636e-02  -1.2233039e-01   3.4250593e-01   3.4478702e-03  -1.0065252e-01  -8.8318850e-02  -1.5101330e-01  -2.7047675e-01   1.3646480e-01  -1.9673869e-01  -1.8683765e-01   5.0802665e-01  -3.3361598e-01   9.8837703e-02   2.3235632e-01  -8.7969297e-02  -2.3414354e-01  -8.5013794e-02  -1.1816841e-01   6.1710946e-01  -3.4095404e-02  -1.0386586e-01   2.5813241e-02   4.7036834e-01  -4.6545745e-01   1.2284557e-01  -2.0246063e-01   3.6976692e-02  -2.8935749e-01   9.9034104e-02   1.1750472e-01  -3.4816811e-02  -2.8625593e-01  -1.0389027e-01   2.1636602e-01  -7.0764963e-02  -2.9680510e-01  -3.0911461e-01   8.4332273e-02  -1.1075073e-01  -1.1701889e-01   9.5697184e-02
   8.3508773e-02  -5.3492271e-01  -1.8557444e-01   0.0000000e+00  -2.9618845e-02   3.0297504e-01  -1.7400104e-01   1.4436632e-01  -1.1695980e-02  -8.7921565e-02   1.7389117e-01  -3.4586121e-01   1.7980625e-01   3.7719890e-01   2.7586132e-01   1.8430720e-01  -3.8713102e-02   2.6288003e-01   6.3446168e-02  -6.1692364e-02  -2.3037989e-01   5.6789452e-01   1.6556748e-01   3.7214094e-02   1.1613694e-01   1.2322548e-01  -1.2289679e-01   1.3459717e-01   1.9907485e-01  -1.7071804e-01  -2.3517559e-01   6.1623724e-01   2.9102452e-01  -3.8661107e-01   3.4992573e-03   3.3585795e-03  -2.7016141e-01   8.0223299e-02   1.9686526e-01  -1.6427360e-01   9.2472776e-02   2.5455439e-01  -2.7347178e-01   8.2213649e-02   1.4663066e-01   1.7876589e-01   1.6918764e-01  -3.1059648e-01   1.4102952e-01  -7.4566267e-02   4.6336352e-01   9.9792191e-02  -4.3770335e-01  -5.4444813e-03   4.4385192e-02   3.5701351e-01   1.1000954e-01   5.0321657e-01   4.5182350e-01   2.0675043e-01   3.4231172e-01  -1.7480847e-02  -1.3308540e-01  -5.4334161e-01  -1.4142552e-01   2.0608782e-01   1.0445258e-03   1.4205430e-02   3.1006935e-01   3.9927484e-02  -3.7405188e-01   5.2415518e-01   1.9357832e-02   4.6101155e-02  -9.5104672e-02   4.6602581e-01   2.7620418e-01   2.1140239e-01  -2.1894284e-01   4.3724050e-02   2.2668398e-01   1.0401629e-01  -2.8306786e-01   1.1537129e-01   1.1329179e-01   4.4702280e-01  -4.5729829e-01   3.1992572e-01  -4.6834849e-01   2.3011566e-03  -3.2342033e-01   1.2878231e-01  -2.8897136e-01  -7.3013921e-02   1.6793364e-01  -2.1233344e-01   1.0239689e-01  -3.4749962e-02  -5.8141866e-02  -1.2472927e-01   2.2469452e-02   1.8457995e-01   5.2053019e-01   2.2187833e-01   4.6081657e-01   3.6342031e-01  -7.1764165e-05   2.6522640e-02   2.8479950e-01  -9.0998457e-02  -2.7947253e-01   5.2232883e-01   4.3750113e-01   7.5833344e-02   2.3731828e-01  -5.0689420e-01   2.7122587e-01  -8.0076057e-02   2.7788622e-02   7.4525874e-01   1.1837952e-01  -1.3312289e-01  -3.1966435e-01  -2.6922403e-01   8.7229135e-02   4.3737601e-01   3.0364110e-01  -1.4385437e-01   4.0878400e-01  -5.2019819e-02   1.3315692e-01  -3.2579689e-01   1.5283080e-01  -3.8962650e-01   2.5427530e-01   2.7177714e-01   5.7413452e-03  -2.7735368e-01   1.5296392e-01  -1.3840313e-02   5.0214814e-02  -2.2549524e-02   3.2162161e-01   2.1404434e-01   1.6469898e-01  -1.8995674e-01  -3.2495644e-01  -8.6244079e-03   1.5024778e-01  -9.7599172e-02   1.8486385e-01   9.0343093e-02   2.2371750e-01  -9.5686313e-02  -1.6733270e-01   2.1091578e-02   9.9685659e-02   2.7802104e-01   9.1703478e-02   5.6593081e-01  -2.3494191e-01   2.2999533e-01  -3.8501353e-01   3.8072783e-01   4.8079606e-01  -3.9598921e-01  -4.6121341e-02   2.9025862e-01   8.7723524e-02  -3.2810629e-01  -5.0321965e-02   7.2875125e-02   2.1288711e-01   1.7861207e-02   1.0664645e-01  -8.6787173e-02   3.6352448e-01
  -2.2450173e-01   2.3139699e-01   3.6764471e-02  -2.9618845e-02   0.0000000e+00  -1.1598624e-01  -1.0843835e-01  -1.4419635e-01   5.8839405e-02   2.5691489e-01  -3.3011393e-01   2.1562043e-01  -5.5086728e-02  -4.8812034e-01  -5.4095673e-01  -2.7742357e-01   2.2708931e-02  -1.7200183e-01   5.6761112e-02   7.5274711e-01  -3.8271862e-01  -1.2956731e-01  -6.5523174e-01  -1.3556142e-01  -2.8018317e-02   1.0039107e-02   5.4227563e-01  -4.5518236e-01   5.3104010e-02  -1.4187141e-01  -1.2793778e-01  -2.3330409e-01  -3.9780918e-02  -3.1419057e-02  -1.8626572e-02   4.6237346e-01   9.4810049e-02  -1.9003752e-01  -2.6829693e-01   3.5758746e-01   6.5975671e-02   2.0019660e-01   2.7298147e-01  -2.3639988e-01  -1.2445756e-01  -3.3632892e-01   1.0742349e-02   1.1407354e-01  -1.0472207e-01   3.0053312e-01  -2.9635622e-01  -8.0293103e-02  -2.6058919e-02   3.2260932e-01  -2.6780138e-01  -3.7713118e-01   2.8064340e-02  -7.5970070e-02  -2.0008199e-01  -1.5759119e-01  -2.4445465e-01   9.2716275e-02   2.6326401e-01  -1.4475563e-01  -2.1515445e-01  -6.4257281e-03   3.4993448e-01   3.5855434e-01   1.2056086e-01  -3.2459637e-01   2.5315011e-01  -1.5406459e-01  -7.2130596e-02   3.3898119e-02   1.4564040e-01  -2.2252141e-01  -2.5667859e-01   1.2383507e-01   6.7312625e-01   2.8383636e-02  -6.5606933e-01  -7.8250612e-02   1.3035521e-01   5.0053990e-02  -3.7576852e-02  -1.8268029e-01  -4.3849292e-02  -3.6421055e-01   1.6759243e-01  -1.3164682e-01   3.8321041e-01   8.6012953e-02   4.8525765e-01   2.0809082e-01  -3.5121077e-01   7.2739755e-01  -2.8670495e-02   7.5324954e-02   4.2436464e-01  -2.4691385e-01  -2.5251114e-01  -3.8580069e-01  -3.3402484e-01  -1.7893595e-01  -3.2316098e-01   2.0082369e-02   3.4284747e-01   2.7394272e-01  -2.4924506e-01   3.1019687e-01  -1.2220787e-01  -2.1676281e-01  -1.0897802e-01  -2.7224958e-01  -5.4613732e-01   5.1570694e-01  -3.4596598e-02  -5.3710423e-02  -4.8047209e-01  -9.4571185e-02  -1.8685108e-01   6.5811167e-01   3.1933915e-01  -2.1177866e-01  -2.3426869e-01  -2.8204970e-01  -1.2357330e-01   1.8002645e-01  -1.2673053e-01  -2.8883257e-01  -1.2140290e-02  -1.8817523e-02   3.4701787e-02   3.9878585e-02   6.6867445e-02  -2.5763070e-01  -9.5858073e-03  -3.6196433e-01  -1.4313121e-01  -3.0154943e-01  -1.5499652e-01   1.5873827e-01   2.2680870e-02  -2.5991623e-01  -6.4536373e-01  -4.6486455e-01   2.6385386e-02   2.4220353e-01   1.8583617e-02  -1.1997923e-01  -3.3151923e-01  -2.3816871e-01  -1.3382398e-01   4.2787598e-01   4.5566922e-01  -1.1516505e-01  -1.5771359e-01  -1.0307092e-01   1.6221288e-01  -4.8757373e-01   2.2690473e-01  -3.1704517e-02   3.7380423e-01  -4.2188730e-01   1.3713500e-01   4.3916118e-01   3.1350541e-01  -3.3300098e-01  -1.8594226e-01   5.7162486e-01   5.3269527e-01  -1.5458249e-01   8.2913129e-02   1.4939067e-01  -8.4330028e-02   1.9038054e-01  -3.5416304e-02
   1.0598814e-01  -5.2387550e-01  -5.5743424e-02   3.0297504e-01  -1.1598624e-01   0.0000000e+00  -6.0768307e-02  -1.0664226e-01  -2.9072649e-01   4.8068579e-02   1.7592908e-01  -2.8574841e-01   5.1813872e-02   3.0289683e-01   5.0036256e-01   5.1906321e-01   4.2849329e-02   3.3653050e-01   2.8008459e-01   6.1478726e-02  -2.5113518e-01   5.4839377e-01   2.1335435e-01  -3.2334403e-02   5.7302749e-02  -1.1039300e-01   1.7817994e-01   3.7748963e-01   2.3651048e-01  -5.5801637e-02  -2.0280034e-01   3.2238314e-01   8.0396212e-02  -1.7847285e-01  -5.0473572e-02   1.6121552e-01  -9.3079714e-02   2.3025552e-01   2.3116136e-01  -1.6273072e-01  -2.5303261e-02  -1.6155925e-01  -2.2706815e-01   1.3954004e-01   3.9090021e-01   2.0470355e-01   2.9720228e-01  -2.6822380e-01   3.1653398e-02  -2.6478091e-01   4.8198009e-01  -1.0750787e-01  -3.7754764e-01   5.3553224e-02   5.9833116e-02   6.0200714e-01   1.8944762e-01   3.1827892e-01   1.8709961e-01   2.3495562e-01   3.1498525e-01   1.4574811e-01  -2.3411169e-01  -5.7779504e-01  -1.4663733e-01   4.3957115e-01   4.6165612e-01  -1.0115123e-01   4.6297200e-01   3.1235828e-01  -4.6558346e-01   5.1697565e-01   7.1560788e-02   3.2739688e-01  -1.1470147e-02   1.8707682e-01   2.1434047e-01   1.2550570e-01  -2.3236459e-01  -4.9695113e-02   4.1769465e-01   1.5260827e-01  -3.0482393e-01   7.0036662e-02   4.3203577e-01   3.1409245e-01  -4.7965556e-01   4.1354551e-01  -4.5608170e-01   4.6969373e-02  -4.5453985e-01   1.4440781e-01  -2.0489377e-01  -3.3172334e-02   5.4860745e-02  -3.2307684e-01   1.6745342e-01   2.1287870e-02  -9.5784608e-03  -1.3304433e-01  -6.0938897e-02   3.0514889e-01   4.2700498e-01   6.3609159e-02   3.1635564e-01   1.6660595e-01   3.5379555e-02   2.1716854e-01   3.8591658e-01   1.0867544e-01  -2.0791133e-01   5.3477107e-01   2.8311615e-01   1.1772184e-01   4.4908345e-01  -5.0285040e-01   3.4636867e-01  -1.6263213e-01   4.3397212e-01   4.1700409e-01   1.9019658e-01  -3.5160449e-01  -1.6987849e-01  -2.4917554e-01   1.9048872e-01   5.8200370e-01   3.6538485e-01  -4.7297154e-02   2.3527886e-01   1.4486831e-01   1.0874066e-01  -2.3795693e-01   4.8523371e-01  -2.5590668e-01  -8.3990720e-03   4.6698975e-02   3.7737147e-02  -2.6345629e-01   1.9786702e-03  -1.3916909e-01   8.3496405e-02   1.3691075e-02   4.2915189e-01   7.1239707e-01   2.2331921e-01  -2.9370517e-01  -4.3044952e-01   7.3001986e-02   4.2300740e-01  -1.7395946e-01   4.6782973e-01  -4.8766094e-02   3.5873126e-01  -2.1210724e-01  -1.6422495e-01  -8.6039566e-04   9.9206802e-02   2.0822738e-01   4.8244773e-02   5.7252009e-01  -1.5508547e-01   1.7921314e-01  -2.5810152e-01   3.7068082e-01   2.2974398e-01  -4.2970372e-01  -4.8569161e-02   6.7500375e-01   2.6409758e-01  -3.6513822e-01  -2.9994077e-02   7.4769540e-02   1.8442982e-01   5.0366517e-01  -1.6642000e-01  -2.1984155e-01   2.8330293e-01
  -4.9662109e-01   1.9409332e-01   1.8778782e-01  -1.7400104e-01  -1.0843835e-01  -6.0768307e-02   0.0000000e+00  -1.5419561e-01   3.4099052e-02   5.9051015e-01  -3.2024244e-01   5.3955349e-01  -3.0315423e-02  -2.6947029e-02  -5.2571866e-03  -1.1442924e-01  -5.6767401e-02  -1.8261731e-02  -4.6637738e-02   2.2825569e-02   4.2970391e-01  -1.7149865e-01   4.6379804e-01  -4.3845254e-01  -5.0833505e-03  -1.6315828e-01  -2.7396364e-01  -2.9295248e-01  -2.6894238e-01   1.6452706e-01   3.4783356e-02  -2.7411029e-01  -2.0886751e-01   8.0679140e-01   2.3607683e-01   2.1177314e-01   3.2565354e-01  -4.1032180e-01  -1.8224103e-01   3.3327928e-01  -3.2637749e-01  -3.3312861e-01   3.5310141e-01  -2.6044028e-01   3.7130335e-01  -4.5696241e-01  -3.8115457e-01   7.0825261e-01  -1.1488165e-02  -5.3684951e-02  -1.8766859e-01  -1.9030094e-02   6.0387903e-01  -1.7903041e-01   2.1553060e-02  -1.8690595e-01   1.7073466e-02  -3.0294399e-01  -4.4695257e-01  -2.4029344e-01  -4.2020873e-01   1.7854454e-01   4.3374849e-02   3.4174708e-02   2.7042263e-01   2.7770187e-01   1.9508934e-01  -2.2680966e-02  -3.9658666e-01  -1.3797283e-02   3.9702816e-01  -1.2160682e-01   6.4133009e-02  -3.6340610e-01   1.8592943e-01  -2.6050054e-01  -3.9756853e-01   2.0931501e-03   7.4856269e-02  -2.0456654e-01   3.8750229e-01  -1.4473158e-02   5.4274477e-01  -1.7246026e-02  -2.8906475e-01  -3.1361052e-01   4.0460470e-01  -3.6958476e-01   8.1378967e-02  -4.1906493e-01  -1.5541964e-01  -2.9500777e-01   5.2188621e-01  -4.8839097e-02  -3.9183726e-01  -2.0843266e-01   3.6694802e-03   7.9557143e-04  -3.0805894e-02   5.3275794e-01  -1.0000652e-02  -1.9612614e-01  -4.9452645e-02  -1.6726229e-01  -2.2954018e-01  -1.9616434e-01  -9.3706693e-02  -1.2369147e-01  -4.7189383e-02   6.6796936e-02   7.9996186e-01  -1.9024830e-01  -2.6487043e-01  -4.1467355e-01   4.1090650e-02  -1.2302812e-02  -3.5818351e-01   1.6197135e-01   6.7492123e-02  -1.6839349e-01  -4.2507822e-01  -7.2994270e-02   2.6022537e-01  -1.0535729e-02  -4.7674660e-01  -2.0999318e-01  -1.2955154e-01   3.3378209e-02  -3.1026819e-01  -8.9405049e-02  -6.5585431e-02   6.4807088e-01   3.0982147e-02   4.5925291e-01   3.3676300e-02  -3.8492154e-01  -1.2742257e-01   5.1677368e-01  -2.4324519e-01  -2.1952647e-01  -4.3323876e-01   1.2232841e-02  -4.3252946e-01   1.7080109e-01   1.6350279e-01   1.8609150e-01   5.4350624e-01  -4.0691693e-01  -3.7437774e-02   3.0904868e-01  -3.7148081e-01   3.9202134e-01  -3.6169596e-01  -2.0141238e-01   1.0568760e-01  -4.5885425e-01  -5.4145602e-01  -4.9550601e-01  -7.2984839e-02  -1.2354277e-01   2.5537077e-01  -4.6835011e-01   1.6147145e-01   6.0886963e-02  -4.2084304e-01   2.1734244e-01   3.3013247e-01  -1.4232408e-01  -3.3677970e-01   1.3928136e-01  -3.2293183e-01  -4.7686970e-01  -1.3210532e-01   1.2389609e-01  -7.8061288e-02  -2.5099164e-01  -3.7755298e-01
  -3.1286476e-02  -1.5013577e-01   7.9303009e-04   1.4436632e-01  -1.4419635e-01  -1.0664226e-01  -1.5419561e-01   0.0000000e+00   1.6064638e-01  -1.3944839e-01   2.8601993e-02  -1.1732009e-02  -1.0395154e-01   1.6100939e-02   5.6174026e-02   7.9936432e-02   5.0246557e-02  -2.3804945e-01   2.4791255e-01  -1.5876337e-01  -2.2167867e-01  -2.0015555e-02  -8.9136329e-02  -4.7697261e-02   3.1257942e-01   7.1303442e-01  -3.1016084e-01   3.6552053e-02  -1.3862598e-01  -4.3913913e-01  -1.8195845e-01   5.3439969e-01  -3.0447878e-02  -4.6870074e-02   1.0114341e-01  -2.6771569e-01  -2.2602680e-01  -1.9684478e-01   2.8003009e-01   4.0680921e-02   2.1255034e-01   6.6976250e-02  -2.1104688e-01   2.8415993e-02  -3.3036784e-03  -2.5922786e-02  -1.3504187e-01  -2.5502014e-01  -3.4000317e-02   1.7884969e-01  -6.7386184e-02   8.0713874e-01  -1.3118005e-01   1.8053133e-01   1.0256067e-01  -8.0306115e-02   1.6065939e-01   3.7605331e-01   4.0482352e-01  -1.7800332e-02   1.8659472e-01  -3.9110046e-01   2.5619713e-01  -6.4199940e-02   2.0975196e-02   1.6125910e-02  -2.0593461e-02  -2.0193055e-01   1.4334093e-01  -1.7155179e-01  -3.2411545e-02   1.0583503e-02   2.8523249e-03   1.8999604e-02   8.2377903e-02   4.1311993e-01  -6.7996581e-02   3.0819235e-01   1.7361102e-01   3.7323291e-01  -5.3659913e-02   2.6929948e-01  -2.2188107e-01   6.3236452e-01   8.2013882e-02   3.1999371e-01  -1.2793676e-01   1.1138089e-01   1.5197475e-01  -4.1881064e-02  -5.1351528e-02   2.0275418e-01  -8.3466583e-02   2.5563451e-01   2.5892830e-02   3.0368411e-02   3.3853251e-01   3.4091604e-01  -2.7460745e-01   1.5291988e-01   5.9463031e-02   3.9795572e-01   2.3694540e-01   1.7937804e-01   7.5578586e-02   4.4760155e-01   2.9866438e-01   2.1478050e-01  -9.8400075e-02  -2.5565541e-01  -4.0437909e-02  -6.8282022e-02  -6.4684466e-02  -5.1834425e-03  -1.1925193e-01  -1.3365325e-01   1.7583334e-01   1.4628268e-01  -1.3588247e-01   2.6209934e-01   6.1257853e-02   1.0483484e-01   1.3016985e-01   3.8484777e-02  -5.6297628e-02  -2.0997030e-02  -4.6839733e-02  -7.9482980e-02   3.1279316e-01  -1.5528570e-01   2.9629417e-01  -9.3388466e-02  -1.7061049e-01  -1.4034591e-01   2.9211879e-01   6.4931247e-01   2.9333332e-01  -9.9211480e-02   6.4633513e-01  -2.9553370e-02   1.4278880e-01  -2.7081817e-01   9.2551314e-02  -2.4770367e-01  -5.2308695e-02  -1.6562028e-01   5.2227704e-02  -2.9343934e-01  -3.3605694e-02   1.3643331e-01  -5.6617933e-02   1.2123907e-01  -2.7537291e-02  -3.7435378e-01   1.1376962e-01  -5.5428889e-02   8.1589038e-02   3.1604236e-01   3.1994341e-01   1.2484254e-01  -1.2853841e-01   1.1144221e-01  -2.9887948e-01  -3.4038920e-02   1.3318504e-01  -8.4667710e-02  -3.3560324e-01  -2.8244763e-02  -4.3638532e-02  -2.7304404e-02   5.1289280e-02  -9.8355503e-02  -1.8942798e-01  -1.3828022e-01   1.7263001e-01   8.9004411e-02   1.0002639e-01
   1.0420029e-01   2.2368145e-01   2.1482612e-01  -1.1695980e-02   5.8839405e-02  -2.9072649e-01   3.4099052e-02   1.6064638e-01   0.0000000e+00   7.7115965e-02   1.5448182e-02   7.7335596e-02  -4.0572441e-02  -3.9114083e-01  -1.0313310e-01   2.5121803e-03   1.9829983e-01   2.6286364e-02  -5.3197453e-02   6.7655059e-02  -1.1349290e-01  -1.5496703e-01  -2.9219752e-02   5.3729088e-02  -1.7103386e-01   4.4989989e-03  -4.4492086e-02   2.6620057e-03  -2.1786285e-01  -1.2360192e-01  -6.2705019e-02   1.0497263e-01  -5.2364714e-02  -2.0726538e-02   1.0290940e-01   7.9665440e-02   5.4734062e-02  -6.0570204e-03  -7.5617159e-02  -5.8250828e-02   2.4679070e-01   3.1428318e-01   1.7943757e-01  -2.5289275e-01   1.4061224e-02   9.3692405e-02  -1.2725905e-01  -5.5445513e-02  -2.3223725e-01   7.0068412e-02   2.5378126e-02   1.1545379e-01  -7.5185241e-02  -1.5902283e-01  -4.1431653e-01  -2.1872970e-01  -5.1825302e-03   2.4687831e-02   2.5303035e-01   1.6816314e-01   2.1238906e-02  -1.6715196e-01   2.2363230e-01   1.9447015e-01   1.7570951e-01   9.3123577e-02  -2.4636262e-01   2.1803279e-01  -2.5201669e-01   1.8070139e-01   1.1932612e-01  -7.4864147e-02  -1.7236560e-02  -2.1657905e-01  -2.0386279e-01   3.5416722e-02  -9.9284947e-03  -1.0246052e-01  -7.8899875e-03   2.7891836e-01  -8.4487839e-02   9.9532180e-02  -9.1371190e-02  -1.5851424e-01  -2.9592405e-02   4.7411935e-02   2.3761954e-01  -1.9106223e-01   3.3477379e-01   1.6499442e-01   7.0945087e-02   4.7748535e-02   8.9131147e-02   4.0311024e-01  -2.5475222e-02   6.0929582e-02  -2.7272213e-01  -3.9126232e-02   2.9209315e-01   6.1402840e-02   1.8059782e-02   1.9168284e-01  -3.1660180e-01   3.8263719e-01   2.7480081e-02  -2.9048399e-02  -1.5682669e-01  -9.0194670e-02  -5.2069609e-02  -1.3523793e-01   2.6899044e-02  -3.0256702e-01   1.9315502e-01   2.0058497e-01  -4.5043295e-02   1.4279609e-01  -2.3258698e-01   1.2125629e-01  -1.4048933e-01  -1.8535756e-01   5.6319816e-02   9.6735809e-02   1.8709146e-01   4.9816253e-02   1.4502696e-01  -3.0220679e-01  -1.2664648e-01  -4.0564905e-02   1.4117931e-01   1.5033135e-01   1.4400442e-03  -6.7006471e-02  -4.3261629e-01  -6.7564322e-02   4.1062284e-01   1.8258986e-01  -1.5836558e-01   6.4058621e-02   1.4628081e-01   9.1432477e-02   3.5885008e-02  -2.3130977e-01   6.0869352e-03  -2.0993322e-01  -1.9162941e-02   1.6016270e-02   1.4204496e-01  -3.9007338e-02   6.4091612e-02   1.7259760e-02  -5.3606128e-02  -3.1049387e-01  -1.8712451e-02   1.1031331e-01   9.0989178e-02   1.3868054e-01   7.8255585e-02   2.8848728e-01  -3.8045595e-02  -2.4041679e-01   2.7213905e-01  -5.1314006e-03   1.1368794e-01  -1.4311132e-01   4.1317035e-02   1.7073889e-02   9.6466419e-03  -1.8410803e-01  -1.2288372e-01  -9.9155187e-02   2.3714130e-01  -1.9275698e-02   5.7487763e-03  -4.9648493e-01  -1.4214409e-01   3.3588413e-02   1.9702694e-01
  -2.5077609e-01   3.6981761e-02   2.2969762e-01  -8.7921565e-02   2.5691489e-01   4.8068579e-02   5.9051015e-01  -1.3944839e-01   7.7115965e-02   0.0000000e+00  -3.1699915e-02   3.4064157e-01  -7.1360078e-03  -3.9313597e-01  -1.5240911e-01  -2.1937012e-01   7.9343876e-02   3.3947053e-02   1.6335440e-01   4.4556777e-01   3.4520600e-02  -2.5916489e-02   1.9991441e-01  -2.4593393e-01  -7.4907247e-02  -7.1944635e-02   9.5061504e-02  -2.6260371e-01  -1.0603230e-01   5.0808268e-02  -1.7598604e-01  -1.6987113e-01  -2.7574492e-01   5.3914478e-01  -6.6171073e-02   5.4145543e-01   3.8236795e-01  -2.0931209e-01  -2.8386651e-01   1.7561114e-01  -1.0778163e-01  -1.7271025e-01   2.6295169e-01  -1.0551199e-01   4.2889443e-01  -2.6278013e-01  -6.1882798e-02   3.7617812e-01  -2.5494931e-01  -5.6914985e-02   2.9740607e-02  -6.6782355e-02   1.9453666e-01  -1.4792517e-01  -3.1541984e-01  -8.0267955e-02  -1.1481229e-02  -1.5678889e-01  -3.4237345e-01  -1.5769627e-01  -1.6897804e-01   2.0897697e-01   2.2581168e-01  -1.5834492e-01  -5.4405697e-04   6.3035664e-01   2.7491225e-01   2.6744233e-01  -9.0099269e-02   9.6679225e-02   1.7544617e-01   1.1213134e-01   1.3414104e-02  -1.5238397e-01   1.2800016e-01  -1.5623415e-01  -2.2110832e-01   2.4352869e-01   1.9337237e-01  -9.9311345e-02   4.2158216e-02   2.2096343e-02   2.9423821e-01   5.3426875e-02  -2.0894290e-01  -1.6877188e-01   6.6663440e-02  -4.1425003e-01  -3.5286636e-02  -9.5120731e-02  -1.8917988e-01  -7.3823540e-02   6.0388168e-01  -1.8868987e-02  -3.4757014e-01   2.9247408e-02   8.7898611e-03  -6.1651784e-03   3.4188379e-01   1.6286955e-01  -3.1401978e-01  -9.2629168e-02  -1.8058954e-01  -1.7924595e-01  -1.4097253e-01  -1.3980210e-01  -3.7424306e-02  -8.3919287e-03  -2.7188580e-03   3.5693260e-01   4.2384850e-01  -1.6359493e-01  -1.5584494e-01  -2.2230488e-01  -1.9759550e-01   1.4641065e-01   2.1150059e-02   2.5165040e-01  -3.5291946e-02  -1.0828659e-01  -1.7763949e-01   8.5801772e-02   9.3053224e-02  -3.3175625e-01  -2.5031476e-01  -3.0882737e-01  -1.9693379e-01   6.1202915e-02  -4.9928089e-02   6.2519379e-02  -5.8493769e-02   3.9736018e-01  -7.9159823e-03   2.1155651e-01   1.0144147e-01  -2.6015467e-01  -2.0886641e-01   6.2961418e-02  -2.2936424e-01  -3.1530455e-01  -3.0824666e-01  -1.1751382e-03  -6.2416360e-02   1.6142743e-01  -1.4584578e-01  -1.7454432e-01   1.6610170e-01  -1.2110210e-02   3.0424991e-01  -7.5468560e-02  -2.6717328e-01   9.0913991e-03  -1.5643344e-01   2.1075011e-01   1.6770940e-01  -2.4528521e-01  -2.8228793e-01  -3.2674103e-01  -3.8050891e-02  -2.1650371e-01   3.2340108e-01  -5.2254550e-02   4.1930011e-01  -8.6955325e-02  -1.3036239e-01   2.5879770e-01   5.8705731e-01  -6.6673679e-02  -2.5236810e-01   1.5819508e-01   1.6898702e-01  -3.5946492e-01   1.9227212e-01   2.6497921e-01  -2.3958612e-01  -2.0490955e-01  -2.5661538e-01
   4.2745646e-01  -4.5050325e-01  -1.9796862e-01   1.7389117e-01  -3.3011393e-01   1.7592908e-01  -3.2024244e-01   2.8601993e-02   1.5448182e-02  -3.1699915e-02   0.0000000e+00  -4.0470101e-01   2.7308421e-01  -5.0388765e-02   3.4235936e-01   3.5759025e-02  -3.0490410e-02   5.4779114e-01   3.2817043e-02  -5.0966644e-02  -8.1395719e-02   2.7988482e-01   3.6042347e-01   3.5327944e-01  -3.5547385e-01  -2.5352420e-04   1.5472649e-01   4.0670395e-01   3.5716528e-01   1.1775830e-01  -2.4934493e-01   3.1755546e-01  -3.5895376e-02  -3.8404109e-01  -2.1696922e-01   2.5257842e-01  -1.0571180e-03   5.8960453e-01   6.0282949e-02  -6.9338529e-01   3.7251976e-01  -4.7208159e-02  -2.2376008e-01   4.7170561e-01   1.8993035e-01   6.5639023e-01   7.6273145e-01  -5.1073984e-01  -3.3102197e-01  -5.1974928e-01   7.3028204e-01  -1.5791051e-01  -5.7824188e-01  -3.4510776e-01  -4.4389705e-01   5.8257733e-01   1.6906590e-02   2.0870923e-01   3.7352411e-01   4.7199100e-01   5.0556113e-01   5.9988640e-02  -4.4593822e-02  -4.3818913e-02  -2.2597735e-01   3.8325211e-01  -3.9336903e-01   1.4645610e-01   5.1511660e-01   4.0881214e-01  -6.5820162e-01   5.7430015e-01   1.4980578e-01   1.0020090e-01  -1.5437077e-01   3.3844056e-01   6.3599534e-01   1.8107703e-01  -6.5681173e-01   9.8832294e-02   2.7462557e-01   1.1823100e-01  -3.7255605e-01  -4.8853112e-02  -1.0256441e-01   3.2651607e-01  -3.8398467e-01   3.0711752e-01  -3.6765392e-01   4.5841321e-01  -4.4539672e-01   8.1944337e-02  -4.4898536e-01  -3.0826356e-02   4.7151440e-01  -4.6665545e-01  -9.1530270e-02  -2.3418349e-01   2.2369540e-01  -5.0118156e-01  -4.0952367e-01   5.4398017e-01   8.0012132e-02   3.5584567e-01   6.8584690e-01  -1.3412662e-01  -4.4890842e-01  -6.1649586e-02   4.6769745e-01   1.9872624e-01  -4.6255791e-01   4.1237694e-01   3.0630521e-01   3.9196203e-01   1.9390671e-01  -3.8009005e-01   2.5575477e-01   2.4957798e-01   2.4289596e-01   1.9981981e-01   6.1077630e-01  -5.9222858e-01  -4.8651713e-01  -2.9430375e-01   5.6199048e-01   1.5826309e-01   1.9770339e-01  -1.9549510e-01   4.2897774e-01   4.3087325e-01  -1.5450718e-03  -3.5476028e-01  -2.0651834e-01  -4.1567848e-01   3.1579322e-03   3.0270077e-01  -9.9334548e-02  -2.7262591e-01   9.9187565e-02   1.9134916e-01   2.0022877e-01  -1.3239251e-01   5.3386708e-01   2.3700539e-01   1.2769673e-01   4.5992508e-02  -6.3101121e-01   5.4117150e-01   5.6987548e-01  -5.2734161e-01   3.1244859e-01  -2.0466332e-01   3.7446461e-01   2.6660587e-01  -5.7340443e-01   4.1395950e-01   5.3690657e-01   3.6592883e-01  -1.2766324e-01   3.9057404e-01  -8.9351682e-02   5.8086981e-01   1.0988918e-01   4.1707538e-01   1.9985902e-01  -5.9919370e-01   1.4111314e-01   3.2440590e-01   2.5640280e-01  -6.3255473e-01   2.7742031e-01   4.1713577e-01   5.9789592e-01  -9.5031116e-02  -2.4068690e-01  -1.9138593e-01   1.4154177e-01
  -4.8950002e-01   4.6546951e-01   9.1903092e-02  -3.4586121e-01   2.1562043e-01  -2.8574841e-01   5.3955349e-01  -1.1732009e-02   7.7335596e-02   3.4064157e-01  -4.0470101e-01   0.0000000e+00   2.9482110e-02  -2.8264694e-01  -2.3260604e-01  -1.2030539e-01  -1.8484971e-01  -1.9672509e-01  -1.5345722e-02   2.2760055e-01   2.4079618e-01  -2.8806370e-01  -1.4541567e-01  -3.1494990e-01   1.6014538e-01   5.6115007e-02  -2.5149142e-02  -5.7191400e-01  -1.9489831e-01   1.8235608e-01   2.0369005e-01  -3.2861360e-01  -1.6192383e-01   6.7802116e-01   5.4203552e-01   6.4334013e-02   2.8363047e-01  -5.4498193e-01  -1.3987636e-01   2.6153002e-01  -9.5687033e-02  -2.9306361e-01   5.7851788e-01  -3.2327739e-01   1.8668756e-01  -5.5099469e-01  -3.3885307e-01   5.7962885e-01   3.8098968e-02   1.2306456e-02  -4.7846601e-01   8.8059168e-02   4.5963742e-01   8.9508961e-02  -6.4842494e-02  -4.5544225e-01   1.2771785e-01  -3.4597422e-01  -3.7097410e-01   9.3319930e-02  -4.3197617e-01   2.6094064e-01   1.7716803e-01   1.3896659e-01   3.4698022e-01  -1.2341402e-01   2.9261379e-01  -9.3790427e-02  -2.8208974e-01  -4.1187414e-01   3.6104499e-01  -5.1816627e-01  -4.3808888e-02   1.3481056e-02   1.5822694e-01  -2.6212320e-01  -5.7465650e-01   9.3896154e-02   4.3892337e-01   1.7427538e-02  -1.9333471e-01   8.8695265e-03   5.0479801e-01   1.8143011e-01  -2.4570792e-01  -4.1468640e-01   4.0167620e-01  -3.0282330e-01   1.9414713e-01  -5.3615039e-01   1.4649441e-01  -2.3475889e-01   5.1024823e-01   3.3137008e-01  -4.7033028e-01   2.0901922e-01   2.0567844e-01   1.9186578e-01   6.3689379e-02   3.7531146e-01  -2.8278105e-01  -2.5167786e-01  -1.8871505e-01  -1.2284041e-02  -2.7558059e-01  -2.4319207e-02   1.4289624e-01   1.4594689e-01  -3.3768992e-01   1.8037164e-01   4.8123888e-01  -2.9393743e-01  -4.7082598e-01  -5.6081069e-01  -4.0386119e-01   3.0308489e-01  -3.8210873e-01   4.4569112e-02  -3.4984128e-01  -3.9929087e-01  -4.2618139e-01   3.9177403e-01   5.6384695e-01   1.8665807e-01  -5.7371667e-01  -2.6847098e-01  -6.3405659e-03   5.3607977e-02  -3.0654359e-01  -4.0751868e-01   9.2661892e-03   5.4857012e-01   1.9149019e-01   5.2919110e-01  -7.4277156e-02  -3.2801336e-01   1.0538652e-01   1.9418106e-01  -1.3948547e-01  -1.8292567e-01  -2.4648875e-01   1.8806571e-01  -3.6951570e-01  -2.2856917e-01  -5.6922813e-02   1.8291038e-01   4.6096311e-01  -1.6016509e-01  -2.9488797e-01   2.1310762e-01  -5.1567421e-01   3.5972805e-01  -4.3455625e-01  -1.1367038e-02   3.4105173e-01  -4.9131141e-01  -5.1587584e-01  -3.3078122e-01  -4.7714238e-02  -4.1687745e-01   1.9578288e-01  -3.2568237e-01   2.4259187e-01  -9.3454020e-02  -2.4823455e-01   5.9242821e-01   4.1085569e-01  -4.5575977e-01  -2.8677411e-01   3.2970926e-01   1.6494971e-01  -5.4643375e-01  -2.1411878e-01   1.4260972e-01   1.7234201e-01  -2.9064294e-02  -2.2677507e-01
   1.8994687e-03  -2.6826322e-01  -1.4465442e-01   1.7980625e-01  -5.5086728e-02   5.1813872e-02  -3.0315423e-02  -1.0395154e-01  -4.0572441e-02  -7.1360078e-03   2.7308421e-01   2.9482110e-02   0.0000000e+00   4.2438600e-02   9.7850260e-02   1.9374554e-02  -1.9507959e-01   3.5244263e-01   1.0723594e-01   2.6386073e-01   8.0071531e-03   2.4904776e-01   1.0244238e-01  -2.6847904e-03   9.3226742e-02  -1.2631357e-03   9.6020345e-02  -1.0324251e-01  -5.0288295e-02   5.1434481e-02  -2.3428417e-01   1.8017468e-01   5.4605618e-02  -2.3783750e-01   2.2548106e-01   1.6418453e-01  -2.3703044e-01   4.9456355e-02   1.9799894e-01  -3.0159265e-01   4.3591513e-01  -1.7318413e-01   9.2665382e-02   8.7080654e-03   6.9415857e-02   2.0271624e-01   3.5874399e-01  -1.2074171e-01  -2.4058485e-02  -3.4836629e-01   3.1316759e-01  -1.8034204e-01  -3.3201329e-01   8.3894681e-02  -1.5604548e-01   1.8972530e-01   1.4619871e-01   2.2346044e-01   1.0651148e-01   3.1337088e-01   2.4676029e-01   4.3677580e-01   1.3985873e-01  -2.7391478e-01  -2.7653605e-01   1.0942466e-01   5.0338405e-02  -1.0842128e-01   2.7248841e-01   4.7830720e-02  -3.6792126e-01   2.4258066e-02   2.0945649e-01   8.0903866e-02   1.0657131e-01   1.6340405e-01   2.8019325e-01   1.5601422e-01  -2.6735127e-01   1.9372147e-01   1.1339194e-02   6.0794702e-02  -1.0900445e-02  -2.3276554e-04  -2.8993253e-01   9.8458569e-02  -2.0263508e-01   1.9964121e-01  -2.1757960e-01  -1.3914454e-01  -4.1327019e-01   2.8521338e-02  -6.9984186e-02   3.3020408e-02   8.0995157e-02  -2.3282869e-01   2.8144206e-01   1.0007311e-01   1.1135802e-01  -3.7948539e-01  -4.0505433e-01   1.8951371e-01   1.2334803e-01   3.1324979e-01   3.7173059e-01   1.2027851e-01  -2.2748537e-01  -6.7521158e-03   2.8582704e-01   2.5630387e-01  -1.7511882e-01   3.2014102e-01  -7.7675071e-02  -1.5218047e-01   1.6201618e-02  -2.8482520e-01  -1.1383724e-01   2.1696973e-01  -1.7518841e-02   2.0833179e-02   1.5905676e-01  -1.2836569e-01  -6.5372296e-02  -3.2578955e-01  -7.9546500e-02   1.2401888e-01   2.9375926e-01  -7.8708607e-02   2.4993055e-01  -4.8155964e-02   3.0759105e-01  -1.8162766e-01   8.5990394e-02  -1.9271630e-01  -1.6450801e-02   6.2079346e-02   2.1536941e-01  -3.0142585e-01  -4.6785741e-02   8.6290072e-02   1.9613728e-02   4.3457344e-01   2.6128709e-01   1.4202773e-01   1.5687308e-02  -4.9221489e-02  -2.4872651e-01   3.0405986e-01   2.2029873e-01  -4.6534743e-01   1.2514516e-02   1.0210692e-01   2.3271223e-02   9.7478469e-02  -1.8473325e-01  -1.0025375e-01  -1.4763436e-01   1.0341029e-01  -8.4622009e-02   1.4729951e-01  -8.6186642e-02   2.6457810e-01   6.4596761e-02   2.7922504e-01   3.2040731e-03  -2.4294381e-01   5.1039706e-02  -3.8735736e-02   1.5780683e-01  -2.3223559e-01   2.0600770e-01  -8.0529639e-02   2.1883235e-01   6.5552896e-02   2.7173224e-01  -7.6031376e-03   1.6380026e-02
   1.4060752e-01  -4.3475171e-01  -3.0148154e-01   3.7719890e-01  -4.8812034e-01   3.0289683e-01  -2.6947029e-02   1.6100939e-02  -3.9114083e-01  -3.9313597e-01  -5.0388765e-02  -2.8264694e-01   4.2438600e-02   0.0000000e+00   5.4454833e-01   3.0657203e-01  -2.4643118e-01   1.4133636e-01  -7.0216697e-02  -5.2276239e-01   2.1154228e-01   4.1425365e-01   3.9788772e-01   1.2210785e-01   2.1723200e-01  -1.1429548e-01  -4.2344956e-01   4.1690293e-01   1.2710523e-01  -4.7666631e-03   1.9801510e-02   2.3576918e-01   1.5624114e-01  -1.6329602e-01   8.6198600e-02  -4.0190231e-01  -2.7615671e-01   1.1667797e-01   2.1082731e-01  -1.2982434e-01  -2.1789653e-01  -1.0149285e-01  -2.7954581e-01   1.4169487e-01   5.7431860e-03   1.3350168e-01  -9.1607031e-02  -1.2540199e-01   4.1755087e-01  -2.5179467e-01   1.5886943e-01   1.3269583e-03  -5.7821035e-02   9.1969460e-02   6.5681957e-01   4.2002163e-01   2.6107520e-03   2.0374800e-01   2.0122756e-01   1.2174656e-01   1.2429176e-01   1.4236167e-01  -2.8670600e-01  -2.5595626e-01  -1.4557681e-02  -2.1842632e-01  -6.1443612e-02  -2.5220164e-01  -4.6488152e-02  -1.3538690e-02  -3.0874918e-01   2.0435030e-01  -1.6860138e-01   1.6279622e-01  -3.4470266e-03   2.5094663e-01   1.4260689e-01  -1.2905990e-01  -3.4292245e-01  -2.4318335e-03   4.9678165e-01  -1.4661873e-01  -1.2005573e-01  -7.0982081e-02   3.0380191e-01   2.4982988e-01  -2.3644109e-01   6.2782709e-01  -4.3666638e-01   3.1104089e-02  -3.2113030e-01  -4.2788551e-02  -4.5156677e-01  -2.8663241e-01   2.9558064e-01  -4.2585465e-01   1.7108954e-01  -6.0458410e-02  -3.4954682e-01   2.3971020e-01   4.0490760e-01   1.3839754e-01   6.9234309e-01   1.0381573e-01   3.1386848e-01   1.1090413e-01  -5.8831533e-02  -1.9394991e-01   3.5824782e-01  -3.1795450e-01  -3.3302702e-03   4.9410822e-01   2.4036721e-01   1.6395350e-01   6.3915388e-01  -5.3442182e-01   1.5288243e-01  -3.5032367e-01   4.3517125e-01   3.6225633e-01   5.9699616e-02  -3.6151004e-01  -1.9882922e-01   8.1679550e-02   1.0023574e-01   7.0802287e-01   3.9983480e-01   9.9322264e-02   1.7378643e-01  -1.0020746e-01  -1.7226963e-01  -1.5876738e-01   3.6963708e-01  -1.7436549e-01  -4.3580124e-02   9.8823365e-02  -2.2511723e-03   1.1068723e-01   3.7006920e-02   2.0153182e-01   1.1816242e-01  -1.5828979e-01   3.1925832e-02   3.5843290e-01   5.0085793e-01   1.5183057e-01  -1.6958621e-01  -3.0450101e-01  -2.2539482e-01   1.4314725e-01   4.1967482e-01   3.6505455e-01   2.3239327e-01  -4.1885155e-01  -3.4903010e-01   2.5625466e-02   5.1382220e-02   2.7705269e-03   8.5460725e-03   6.4473880e-01  -2.9595799e-01  -1.2759744e-01  -5.8251313e-01   4.5093231e-01   5.5392077e-02  -4.0897464e-01  -2.9763936e-01   4.8356651e-01   3.1058807e-01  -3.2100291e-01  -6.3301282e-01   1.0047378e-01  -1.2015917e-01   5.6746801e-02   1.9646091e-01  -1.2871620e-01   1.0466350e-01
