   0.0000000e+00  -1.8486911e-01   2.2176225e-01  -4.9407821e-02  -6.7339374e-02   2.1451552e-01  -1.3794644e-01   1.5094243e-01  -5.1483721e-02   1.5844838e-01  -3.3399854e-01  -2.2562853e-01  -6.0380886e-02   1.5115343e-01   1.0479808e-01  -8.2989266e-02   6.9685266e-02  -1.9121778e-01  -1.6477258e-01  -8.5004839e-02  -2.5969991e-01  -7.2222458e-02  -4.8379433e-02   6.7051223e-01   1.6940807e-01   4.7287579e-02   8.5889836e-02  -2.1394070e-01  -1.0656471e-01   1.8450812e-01  -2.2487499e-01  -6.3537971e-02  -1.1472276e-01  -1.0593562e-01   2.4312711e-01  -1.1007777e-01  -4.0752928e-02   2.2688998e-01  -2.2068558e-01  -1.8074598e-01  -2.9088309e-01   1.9671795e-01   5.3207112e-02  -1.5705216e-01  -1.1661965e-01   4.3066193e-01  -6.9192676e-02  -8.9245454e-02   1.1572004e-01  -1.8038990e-02   1.6973197e-02  -1.9903614e-02  -2.9032254e-01   1.0666822e-01  -2.0070210e-01  -3.7906914e-01  -1.4734541e-01  -8.4341662e-02  -2.2276074e-01   2.9468251e-01   2.3077693e-01   2.4403248e-01   2.1075145e-02  -2.0837696e-01  -2.9839473e-01   9.9437018e-02   1.7275434e-01   4.4353002e-02  -1.7494896e-01   3.8654277e-01  -4.3238415e-01   6.2286055e-02  -2.9677155e-01   5.4691768e-01   1.0822119e-01  -8.7738432e-02   1.5304780e-01   4.3624327e-02  -2.7291383e-01  -6.5819076e-02  -1.5561005e-01  -2.9209262e-01  -4.2398514e-01   1.2645119e-02  -7.3289483e-02  -1.6074247e-01  -2.7597079e-01   4.4879548e-01  -8.0483253e-03   7.3085101e-01  -2.2872804e-01   3.8500521e-01  -1.8143937e-01   5.1198143e-02   3.3446868e-01  -1.4363784e-01  -3.7695489e-02  -9.5642725e-02   3.9676298e-03  -1.2401060e-01  -4.5810538e-01   2.0805230e-01   5.5271606e-02   1.4849690e-01  -2.9167261e-02   7.4627580e-03   1.4780682e-01  -7.0507049e-02   1.2428211e-01  -7.3984802e-02  -2.9308312e-01   1.4553995e-01  -7.5878281e-03   4.9734920e-01  -1.6934912e-01  -1.7027403e-01  -1.6253428e-01  -2.4374676e-01  -3.3576887e-01  -3.1321221e-02   4.4708205e-01  -1.8703291e-01   2.4952809e-02  -2.3783197e-01   5.0688156e-01   5.8023701e-01   2.7990402e-01  -8.3844057e-02  -1.0121074e-01   1.9450541e-01  -2.4699495e-01  -1.3305969e-01   3.1173998e-01  -3.5966896e-01  -7.4147860e-02   2.3810872e-02  -1.3482084e-02  -4.6630917e-01   4.3714741e-02   3.7533423e-01   2.1781228e-01  -6.5803647e-02  -8.7185733e-02   9.6989178e-03  -1.9668434e-01  -1.7561028e-01  -5.0018192e-01  -1.2746644e-01  -2.3139308e-02  -2.9091574e-01   2.8957909e-01  -5.0994126e-03   6.2902790e-01  -3.5585117e-01  -8.9098122e-03   3.9147936e-01   5.7531195e-01  -1.5276280e-01   4.0826340e-01  -6.6053396e-02   3.6500963e-02  -1.8345765e-01  -7.1424233e-02  -3.0587713e-02  -1.0801697e-01  -2.8918888e-01   2.2292311e-02   1.5077800e-01   4.4901947e-01  -2.9732590e-01  -2.0331338e-01   1.9219782e-01  -1.2520618e-01   3.6032998e-01  -4.5486545e-02   2.0945982e-01  -8.7614605e-02
  -1.8486911e-01   0.0000000e+00   2.2602525e-01  -1.1638318e-01   4.5797329e-01  -6.2637640e-01  -1.2966388e-03  -8.1881305e-02   3.4895574e-01  -1.8898210e-01  -1.3255719e-01   6.9043314e-01  -3.0755154e-01  -2.3568892e-01   2.6691200e-02  -4.3768656e-01   3.5606575e-01   2.5057372e-02  -1.6616014e-01   3.1314912e-01  -3.3562207e-01  -1.5210293e-01  -5.1483315e-01  -3.3690324e-01  -8.8561821e-02   2.3064209e-01   1.8431585e-01  -4.0275149e-02   8.7963134e-02  -3.1737184e-01   2.8460620e-01  -9.3682206e-03   1.1097910e-01  -1.4908526e-01  -3.3684242e-01   1.3228647e-01   3.2713255e-01   3.2476875e-02  -2.4200248e-01   5.3412349e-01  -8.9956838e-02  -2.0608119e-01  -1.1836642e-02  -6.0641830e-02  -8.7633279e-02  -7.7003535e-02  -2.6145226e-02  -1.7319448e-02  -1.6445058e-01   5.3926617e-01  -5.7372142e-01   4.7731645e-02   5.5291892e-01   6.0136031e-02   8.3551842e-02  -4.8617146e-02  -1.0761226e-01  -6.0209333e-02  -1.8375922e-01   6.5241046e-02  -1.8910516e-02  -3.2907794e-01   5.1225569e-01   2.5510253e-01   3.0240362e-01  -4.7168561e-01  -5.0720022e-01  -8.0357823e-02  -3.4726717e-02  -2.9736124e-01   7.0445324e-01  -5.7046135e-01   5.0094031e-03   4.0025556e-02   2.0520333e-01   7.2153371e-02   8.3382798e-02   8.4723723e-02   7.0526769e-01  -6.2789948e-02  -4.0307899e-01  -4.6015961e-02   1.8925078e-01   9.8506266e-02   1.9399424e-01   1.1968799e-01  -2.5012611e-01  -1.1611223e-01   4.5963615e-01  -1.4573869e-01   7.0165758e-01  -1.1528535e-01   4.9472735e-01   7.8729858e-02   1.0380196e-01   5.4016396e-01  -2.8032720e-01   2.3834733e-02   2.3036022e-02   4.3762234e-02   1.7252939e-01  -5.5596829e-02  -2.8216584e-01   5.2172459e-02  -4.7585491e-01   3.2741428e-02   1.2097595e-01   2.6475542e-03  -2.6296164e-01  -2.0346168e-01  -6.8228059e-02  -5.1320734e-01  -4.0641831e-01  -9.9963665e-02  -1.7063546e-01   6.5615473e-01   1.1211364e-01  -1.1991654e-01   7.1184796e-02  -2.4294587e-01  -1.3866085e-02   6.3606550e-01   1.1630136e-01   1.4737789e-01   1.0263255e-02   4.5396721e-02  -2.8658521e-01   1.7653990e-03  -3.7227058e-02  -1.4795385e-01   1.5194683e-03  -7.3701352e-02   3.3414866e-01   1.2460329e-01  -1.4670767e-01   1.0740453e-01  -1.6287060e-01   3.4809590e-01   6.3417673e-02  -1.2468835e-01   1.0234532e-02  -1.9265846e-02  -1.6517182e-01  -2.3418384e-01   6.9771313e-02   3.8082603e-02   1.3194588e-01   2.7299963e-01  -3.2617021e-01   3.3559442e-01  -1.3329939e-01  -2.9858433e-02  -8.9616779e-02   3.1125556e-01   7.1181241e-01  -6.4860635e-02   1.2233946e-02  -1.9868224e-01  -2.2356969e-01  -4.7610228e-01  -1.0485614e-01   3.9246124e-03   8.4709657e-02  -4.1674339e-01  -3.5738719e-03   6.2134022e-01  -1.8589547e-01  -1.8676823e-01  -3.7285756e-02   4.3313144e-01   6.1829696e-01  -1.4673306e-02  -1.9515910e-01  -3.7111749e-01   9.3065362e-02  -2.1671042e-01   5.5353837e-02
   2.2176225e-01   2.2602525e-01   0.0000000e+00   1.0462523e-01   1.0236861e-01  -9.8205296e-02  -2.8270691e-01   3.6024222e-01   4.3657506e-01  -1.3035385e-01  -1.6351084e-01   1.8628135e-01  -5.8940712e-01   1.0639856e-01  -1.0207442e-01  -4.9700752e-01   8.1168688e-01   7.3731106e-02   1.1475603e-01  -9.0713800e-04  -1.5230346e-01   2.2572661e-01  -3.3463993e-01   1.1787218e-02   1.4519107e-01   3.4190147e-01   1.3253774e-01   1.2265705e-01  -2.1520860e-01  -9.6644948e-02  -3.2822491e-02   1.0945847e-01  -1.9071759e-01  -2.1683190e-01  -1.5367464e-01  -1.5440905e-01  -9.8292720e-02   2.1378360e-01  -4.5689158e-01   2.2613848e-01  -5.1158212e-01   1.2140513e-01   1.8278336e-01   2.1060032e-01  -3.3673864e-02   5.1806330e-01   2.0687652e-02  -3.0259702e-01  -1.8307529e-01   4.1231268e-01  -1.8334244e-01   2.6553120e-01  -1.0555048e-01   1.1219686e-01   1.0606335e-01  -4.1653092e-02   1.8399972e-01   2.3121847e-01  -2.5361045e-01   2.4464186e-02   6.1739981e-01  -3.2655747e-01   2.6027448e-01   1.1988296e-01   2.2243585e-02  -5.1487534e-01  -7.0492516e-02  -3.4480941e-02   6.5989313e-02   4.1439970e-01   4.3303095e-02  -1.9105965e-01  -3.1518444e-01   1.7947454e-01   2.0009920e-01   1.5647746e-01   5.7365109e-01   3.7771673e-01  -2.3365091e-02  -3.9125506e-01  -2.1173736e-01  -2.9551312e-01  -1.8628502e-01   3.5123199e-01   1.9318959e-01   1.5657781e-01  -1.0868153e-01  -1.3874034e-01   9.7876792e-02   2.2243878e-01   1.5411052e-03   7.1090200e-01   4.5538621e-02   3.4213085e-01   4.4760537e-01   2.4128862e-01  -2.7835611e-01   3.6309764e-01  -1.2740083e-01  -5.5241855e-02   1.3056554e-01  -2.2180727e-01  -5.7311029e-04   3.6341793e-01  -2.5199552e-01   2.7925083e-01  -8.6922842e-02   2.7072691e-01  -2.5771545e-01  -4.1154951e-01  -1.0225401e-01  -1.6477987e-01   5.5051722e-02   2.8632158e-01   2.1754926e-01   9.9391903e-03   1.5634474e-01  -3.6422528e-01   7.0449801e-02  -3.9768401e-03   5.7727260e-01  -1.9941984e-02  -8.2136031e-02   2.5681038e-01   4.6420413e-01   3.5129902e-01  -1.5917663e-01  -4.7569177e-01   3.8688767e-01   3.4864518e-01  -3.9187210e-01  -3.4865693e-01   3.7409974e-01  -1.5163129e-02   1.1248689e-01   2.4607701e-01  -1.7036225e-01  -6.3912751e-02   2.6119434e-01   1.7324097e-01   9.0268021e-02  -4.7557123e-01   5.7563865e-02   2.6043033e-01   7.9964244e-02   1.1900307e-01   2.5610573e-02  -1.7831628e-01  -3.4868279e-01   8.0458403e-02   1.4655280e-01   1.4789821e-01   5.1565929e-01   4.4446645e-02   3.8858834e-01   2.2587258e-01   6.5031242e-01  -2.3650348e-01   4.7474247e-01  -2.1743632e-01  -1.8137180e-02   8.0203477e-02  -1.4756538e-01   2.7337532e-02   3.4519993e-01   6.8914125e-02  -4.4962814e-02   1.5342685e-01   9.4185874e-02  -1.3947004e-01  -1.1634694e-01   2.7865184e-01   8.5588118e-02   3.0597559e-01   3.2066331e-01  -2.1453265e-01   3.5980861e-01
  -4.9407821e-02  -1.1638318e-01   1.0462523e-01   0.0000000e+00   1.5246146e-01   2.2140526e-01  -1.7289284e-01   3.5576787e-01   4.0569110e-01   1.9726810e-02   2.1495901e-01  -9.8159062e-02  -1.2730042e-01   9.8804507e-02  -1.9278618e-02  -1.5028223e-01   1.2432047e-01   2.2165029e-01   2.5880830e-01   1.6722007e-01  -1.3631147e-01   6.3075295e-01  -1.8531236e-01  -1.7609159e-01   1.3259454e-01   3.3108861e-01   8.6410369e-02  -5.8570585e-02  -4.2086118e-02   2.2390397e-01  -1.1162758e-01   5.1401035e-01  -7.3797814e-02  -5.0710367e-02  -1.1329875e-02   1.0952271e-01  -1.7946161e-01  -2.1334839e-01  -1.6111079e-01   2.3853051e-02   2.1605513e-01  -3.0727143e-03  -5.7235529e-03   2.3308583e-01   1.0420061e-01  -1.4510859e-01   3.2637080e-01  -2.8569198e-01   6.5614233e-02  -1.8230113e-02   9.4155681e-02   3.3682468e-01  -2.5011868e-01   6.8450341e-02  -1.9470659e-02   2.2992027e-01   3.1609207e-01   5.8199411e-01   4.3869054e-01  -2.6443453e-02   1.0561604e-01  -1.9497718e-01   2.5101512e-01   1.8332143e-01  -1.0100257e-01  -1.7959161e-01   2.8990049e-01   2.1796483e-01   5.8269592e-01  -1.1984258e-01  -1.2539248e-01   2.8759272e-01   3.5609926e-02   8.4432568e-02  -1.0106861e-01   3.5487602e-01  -2.3904614e-02   2.8843725e-01  -4.2240081e-02   1.9620859e-01   1.9218977e-01  -1.1408350e-01  -2.0664816e-01   3.0368439e-01  -1.2400666e-01   2.7945226e-01  -9.6997065e-02   5.3322044e-02  -5.1365846e-02  -9.9300086e-02   1.3063547e-02   1.4647186e-01   3.1458089e-03   5.0741245e-01  -1.9665473e-01   9.7832638e-02   4.4589637e-02   2.8585274e-01   2.3052259e-01  -1.3968752e-01  -1.4919131e-01  -7.5856512e-02   3.8815095e-01   4.1381235e-01   3.2643995e-01   6.0400361e-01  -3.9652755e-02   4.2201868e-01  -1.0078076e-01  -1.2305931e-01  -1.1862833e-01   2.2988378e-01   5.6355200e-01  -3.1012916e-01  -1.0028707e-01  -8.4215675e-02   3.1555092e-01  -3.0823862e-02  -2.2875191e-01   6.9560606e-01  -1.0841035e-01  -1.5176134e-01   9.5964577e-02   1.0223716e-01  -1.3050731e-01   2.8906942e-01  -1.5929764e-02  -1.0458979e-01   5.3008873e-01  -1.3067276e-01  -2.3479887e-01  -1.5008105e-01   1.9053348e-01  -6.3289973e-02   5.6350263e-01   3.5076643e-01   1.2681181e-01  -2.5856326e-01   4.0568324e-01  -1.5854644e-01  -1.6475194e-01  -1.1862888e-01   3.7014719e-01  -1.2408544e-01   4.3453448e-02   2.4468103e-01  -4.2875925e-02  -1.1981288e-01  -2.9841160e-02  -2.2906170e-01  -2.1713730e-01   2.0019914e-01   3.3763495e-02  -6.9293261e-03  -8.0030720e-03  -9.8682374e-03  -7.2857369e-02   1.9247862e-01   5.0973245e-02   3.7331248e-01   8.9147588e-02   3.4182421e-01  -5.6736892e-02   4.8344695e-01   6.5069459e-01  -4.6667395e-02  -3.7439931e-02  -1.4963748e-01  -2.6547910e-01  -1.9290329e-01  -1.3830837e-01  -2.5853649e-01   3.5944917e-01   2.5880447e-02   7.2348124e-02  -3.7681550e-02   6.4037620e-01
  -6.7339374e-02   4.5797329e-01   1.0236861e-01   1.5246146e-01   0.0000000e+00  -2.9272991e-01   1.4815262e-01  -7.0883206e-02   3.9565021e-01   1.1178120e-01   1.7880635e-02   5.1729231e-01  -1.4360888e-02  -4.2498704e-01  -1.7516042e-01  -3.3991514e-01   3.5628456e-01   2.3323428e-01   1.2372890e-03   8.4438603e-01  -1.1341453e-01   1.2899553e-01  -3.4256958e-01  -3.2550555e-01   1.6480201e-02   9.7494839e-02   5.3477845e-01  -2.5083774e-01  -1.3124605e-01  -3.4942406e-01   1.5293276e-01   2.2833672e-01   2.0930458e-01   1.4169976e-01  -4.4658177e-01   6.9355570e-01   4.7277939e-01   5.7178996e-03  -2.5218018e-01   6.1914306e-01   1.8077730e-01   3.7014230e-03  -8.6745445e-02   1.3952570e-01  -1.4168150e-01  -2.1312273e-01   4.0732719e-01  -6.8360542e-02  -1.4406214e-01   4.8610591e-01  -4.0308214e-01   3.7337029e-02   4.6076602e-01   3.1733652e-01  -1.0738924e-01   2.5584713e-02   3.3474693e-02   2.3671865e-01   4.4958079e-02  -2.2324319e-01   1.6810528e-01  -1.2190927e-01   3.8931396e-01   4.3510174e-01   1.6342881e-01  -3.6316922e-01  -2.3683925e-01   2.2024134e-02   2.7292944e-01  -3.4845952e-01   5.9662962e-01  -4.3062018e-01   1.9574742e-01   8.2819497e-02   6.3112087e-02   3.4510265e-01   7.5090322e-02   8.7138775e-02   5.1037827e-01  -8.5520766e-02  -1.5890940e-01   8.7030434e-03   2.8182438e-01   5.0111020e-02  -1.9808142e-02   2.8934975e-01  -3.3593958e-01  -2.8918562e-01   3.8459329e-01  -6.6881498e-02   5.5949829e-01  -9.2712299e-03   5.2490230e-01   2.8160513e-01   5.3013008e-02   6.9591375e-01  -2.3039206e-01   2.9095034e-01   2.3267339e-01   2.9357445e-01   1.5353391e-01  -2.0684270e-01  -1.1721845e-02   3.7021567e-02  -2.0822279e-01   2.6779377e-01   1.3796987e-01   1.9961707e-01   6.2614840e-02   5.4619533e-02   8.4817231e-02  -3.7894313e-01  -3.0395374e-02  -2.1475795e-01  -3.4878825e-01   5.0844344e-01  -1.0528831e-02   2.6807955e-01  -3.4157907e-02  -1.0397374e-01  -1.0673843e-01   4.3812193e-01   1.0981539e-01  -1.8179607e-02  -1.7849089e-01   5.9681495e-02  -2.1611306e-01   9.2025138e-02   1.7341229e-01  -9.4910665e-02   7.7024932e-02   1.4811828e-02   1.8599733e-01   1.3073463e-01   1.0722594e-01   3.6494693e-01  -1.2592522e-01   2.3121749e-01   2.6357475e-01   3.6080255e-02  -1.7108455e-01  -2.4824554e-02   1.0335622e-01  -4.8071080e-01   1.0041386e-02   2.6490516e-01  -1.3414364e-03   2.9372368e-01  -1.1638942e-01   3.2044382e-01  -3.0404593e-01   1.5991748e-02  -1.7664027e-01   2.2856486e-01   4.7663428e-01  -1.3903219e-02  -8.2995971e-02  -1.7644304e-01  -1.6802631e-02  -2.0810888e-01  -1.3568260e-01   2.4535367e-01   5.0622186e-01  -1.9683562e-01   1.5271889e-01   4.5921327e-01  -1.6882173e-01  -2.9486364e-01  -1.8344689e-01   5.2303252e-01   2.0063871e-01  -1.7712152e-01   1.3918518e-03  -3.0921893e-01  -8.5095510e-02   6.2302541e-02   3.0364273e-01
   2.1451552e-01  -6.2637640e-01  -9.8205296e-02   2.2140526e-01  -2.9272991e-01   0.0000000e+00   5.4142552e-02   5.8748668e-02  -3.2620372e-01   2.7017812e-01   2.3934789e-01  -5.5304332e-01   2.4618719e-01   3.9587072e-01   8.5665927e-02   3.9295606e-01  -3.0426235e-01   1.5170525e-01   2.0239429e-01  -1.5157191e-01   1.8008832e-01   2.8043028e-01   3.4459280e-01   1.3359903e-01   4.7044512e-03   1.0133170e-02  -3.0747637e-02   4.3189675e-02  -2.8470434e-01   6.2555331e-01  -3.1669808e-01   1.6352446e-01  -6.9709448e-02   2.0185732e-01   4.4969790e-01   6.8790138e-02  -2.3157275e-01  -1.1574191e-01   2.5317634e-01  -4.3189900e-01   1.5606397e-01   5.0319803e-02   2.2525705e-02   3.4196581e-02   9.0928706e-02  -4.7901847e-02   3.0344266e-01   2.2481952e-01   1.5916168e-01  -5.1081544e-01   6.8262616e-01  -5.5791648e-02  -6.0569814e-01  -2.9080906e-01  -3.0080163e-01   6.4828578e-02   1.6969180e-01   1.7200364e-01   3.3761457e-01   1.4813045e-01  -3.1848198e-03   3.2773348e-01  -4.0888057e-01  -2.8293673e-01  -3.0671450e-01   5.2671961e-01   7.9729278e-01   2.0628884e-01   2.7566825e-01   2.6692997e-01  -6.4236610e-01   6.4916943e-01   9.0707867e-02   3.4282497e-02  -4.4139199e-01  -6.8147350e-02  -1.9298006e-01  -4.9835589e-02  -5.0852077e-01   1.8868545e-01   3.8835862e-01   9.1920533e-02  -1.7943619e-01  -9.7400218e-02  -1.1662340e-01  -1.2048931e-01   2.5666858e-01   6.0783618e-02  -3.8674704e-01   9.2478294e-02  -4.6430122e-01   2.7517519e-02  -2.6796697e-01  -1.8535808e-01  -1.6875048e-01  -4.4938262e-01   2.5615162e-01  -9.2731292e-02   9.5959966e-02  -2.2067012e-01  -3.4283777e-01   2.6676788e-01   3.1869258e-01  -9.0605314e-03   5.2806588e-01   1.6036732e-01   7.5958431e-02   6.0538548e-02   3.8430461e-01   2.0250748e-01   4.6602621e-02   7.3259668e-01   2.6837834e-01   6.6455854e-02   1.3038451e-01  -5.0328473e-01  -8.2690342e-02   1.5763339e-01  -7.5961326e-02   3.9759831e-01   3.3524881e-02  -5.6631878e-01  -1.5498624e-01  -1.9501604e-01  -1.0489992e-01   6.0630362e-02   3.8652188e-01  -1.1762131e-01   7.6328571e-02   1.9067296e-01   5.1935540e-02   1.2136460e-01  -1.2106688e-01  -2.7465455e-01   1.5882899e-01  -1.0341179e-01  -4.7681043e-03  -2.9772820e-01  -8.1287587e-03  -1.6681853e-02  -6.0225324e-02  -1.0511477e-01   2.4660273e-01   3.0214470e-01  -9.9563594e-02  -9.3503883e-02  -2.2959860e-01  -6.6476229e-02   6.3174363e-01  -4.4421682e-01   4.1319481e-02  -1.5372526e-02   1.2394857e-01  -1.8216722e-01  -3.2753035e-01  -3.3216035e-02  -5.7543438e-02   3.2928080e-01   1.7555091e-01   5.1540400e-01   8.8177225e-02  -1.6959613e-02  -1.4743425e-01   5.1139111e-01   2.2627532e-01  -5.5516715e-01   2.9643795e-01   2.1084535e-01   1.0641750e-01  -4.1923238e-01  -4.9884735e-01  -1.5475584e-01   2.2854877e-01   5.4234072e-01  -2.0352467e-01   1.0599719e-01   1.5137118e-01
  -1.3794644e-01  -1.2966388e-03  -2.8270691e-01  -1.7289284e-01   1.4815262e-01   5.4142552e-02   0.0000000e+00  -3.5074377e-01  -2.2363084e-01   3.4272179e-01  -1.1114127e-03   2.6678406e-01   2.9891202e-01  -3.8043481e-01   4.7380110e-03   2.8685088e-01  -1.9972793e-01  -6.3517713e-02  -2.3003000e-01   2.0054834e-01   4.2569701e-01  -1.8102718e-01   5.5218473e-01  -1.9362358e-01  -1.0743239e-01  -4.3041600e-01   1.6183284e-01  -2.8090946e-01  -2.3498834e-01   9.3215628e-03  -3.9733885e-03  -3.4351823e-02   1.1066909e-01   7.7007909e-01   1.7729905e-01   3.7553529e-01  -4.7633758e-02   8.2924446e-02   2.6518737e-01   1.7844744e-01   3.3073557e-01   5.3731015e-02  -2.2488130e-01  -2.2999435e-01  -9.6976677e-02  -3.1200360e-01   3.7994738e-02   5.8280642e-01  -1.8295752e-01  -1.8664404e-01   2.2308916e-01  -3.9118336e-01   8.8602376e-02  -1.1847267e-01  -9.9163130e-02  -2.0286244e-01  -4.7147250e-01  -1.8256719e-01   1.4506795e-01   9.9769984e-02  -1.5634088e-01   3.4175889e-01  -1.8515895e-01   6.5032792e-02  -5.6189671e-02   4.6247414e-01  -2.0315060e-01  -2.9814348e-02  -2.3015922e-01  -7.9574731e-02   1.4040739e-01   1.4998834e-01   2.3319675e-01  -1.4117338e-01  -3.6689182e-01  -1.2386346e-01  -1.0981887e-01  -3.6469614e-01  -3.1914748e-02   8.0698024e-02   3.6722704e-01   3.7841432e-01   3.5634478e-01  -4.0095054e-01  -1.6869119e-01  -9.5316228e-03   2.1280603e-01  -3.2244940e-01  -6.4987901e-02  -1.5187174e-01  -1.6614839e-01  -3.5026969e-01   2.6772645e-01  -1.2796314e-01  -5.9062627e-02  -4.7702245e-02  -6.7954661e-02  -3.1396954e-01  -5.2549567e-02   6.2544851e-01   2.6739047e-02   1.1250028e-01  -1.9976813e-01  -1.8473825e-01   1.3550730e-01  -3.0950312e-01  -9.0345140e-02  -2.9576036e-01   6.8506310e-01   2.6350725e-01   6.7982485e-01   5.3281435e-02   1.7983872e-02  -1.7369574e-01  -2.2901512e-01  -1.8101655e-01  -2.6156780e-01   4.5531771e-01   8.5099689e-02  -3.0238385e-01  -2.7376575e-01   1.0475331e-01  -1.2192209e-01  -3.5415227e-01  -2.1280394e-01  -3.2771956e-01   1.1623541e-01   6.4035760e-02  -2.0332483e-01   3.3730510e-02   4.7326397e-01   5.8748733e-01  -2.2907818e-01   1.0453262e-01  -2.4798935e-01  -9.9666924e-02  -3.8908423e-02   4.5696435e-01  -2.4215240e-01   7.8631279e-02  -1.1535037e-01  -4.9722327e-02  -7.9727167e-02  -8.6219946e-02   1.1754521e-01  -1.1663352e-01   4.1006904e-01   5.1787138e-02   4.9343690e-01   1.6882450e-01  -3.4211362e-01  -8.3435876e-02  -3.8301742e-01   9.0111773e-02   8.2243072e-03  -2.4971724e-02  -2.1114377e-01   2.6901261e-01  -3.3612133e-01  -1.3732651e-01  -1.7246756e-01  -1.7648191e-01   3.4809356e-01   4.8177188e-02  -2.9739867e-01   3.6836343e-02   1.5773134e-01  -1.9823603e-01  -2.5585553e-01   1.7106053e-01   1.7331453e-01  -8.6825198e-02  -1.4317078e-01  -2.7721088e-01  -2.9553062e-01   1.6973614e-01  -2.7123254e-01
   1.5094243e-01  -8.1881305e-02   3.6024222e-01   3.5576787e-01  -7.0883206e-02   5.8748668e-02  -3.5074377e-01   0.0000000e+00   4.4049791e-01  -1.1610907e-01  -3.2922144e-02  -1.3720470e-01  -2.5446440e-01   1.6394648e-01  -2.9250459e-02  -3.4948952e-01   3.4756123e-01   7.8136826e-02   2.7402173e-01  -2.2550253e-01  -8.0832086e-02   2.5317579e-01  -3.1199264e-01  -1.2005184e-01   2.6896195e-01   5.8591813e-01  -1.8494960e-01   6.0873426e-02  -1.1803004e-01  -1.1207699e-04  -1.3970907e-01   1.2522599e-01  -5.2493376e-02  -2.4069626e-01   2.6399933e-02  -3.3249836e-01  -6.4821092e-02  -8.0051230e-02  -3.8016043e-01   3.0908800e-02  -1.5522454e-01  -5.3585840e-02   8.4657774e-02   6.0617118e-01   1.9754371e-01   1.2617709e-01  -2.1943432e-01  -2.7638673e-01   1.3647497e-01   7.4771429e-02  -1.9886638e-01   6.9242512e-01  -9.0048864e-02   8.6560288e-02  -1.4873506e-01   4.1886940e-01   2.7958184e-01   3.3572640e-01  -4.4671092e-02  -1.4735043e-02   1.5455135e-01   2.7264428e-02   1.6927100e-01   2.0468594e-01   6.9581849e-02  -4.3492322e-01   3.0249928e-01   1.5940871e-01   1.1355104e-01   1.2596495e-01  -1.0516239e-01   8.3455323e-02  -3.7385690e-01   1.7277866e-01   1.8179799e-01   4.1802600e-01  -1.3218305e-02   6.6714028e-01  -6.8471266e-02  -1.3347371e-01   1.8194231e-01  -2.7565025e-01  -2.1853750e-01   8.0706208e-01  -2.5100674e-01   4.0945459e-01  -1.4153273e-01  -1.0732505e-01   4.7448897e-02   8.5558867e-02  -3.0469050e-02   3.1565570e-01  -2.0457034e-01   3.3016503e-01  -3.3632826e-02   5.0467247e-02   7.5343405e-02   4.5770206e-01   1.7157723e-01  -1.7367812e-01  -2.2542652e-01  -3.8651956e-02   2.5592497e-01   2.9650525e-01   8.9147786e-03   4.6306899e-01  -1.5832067e-01   5.7994292e-01  -2.4233465e-01  -2.2733421e-01  -2.4822505e-01  -7.3375300e-02   4.2132470e-01  -6.3733658e-02   9.1163265e-02   4.9746239e-02   5.9991848e-01  -2.3500877e-01  -1.9122272e-01   4.4303253e-01   2.6077726e-01  -9.0528256e-02  -1.1109800e-01   2.4776986e-01   1.6853567e-01   3.8056227e-01   3.5386005e-02  -2.6944281e-01   5.4737230e-01  -5.6233829e-02  -5.0958825e-01  -2.9452796e-01   5.8099317e-02   9.2608765e-03   4.0505660e-01   5.5821506e-01  -2.3085831e-03  -2.4225544e-01   6.1160949e-01  -4.7507350e-02  -1.8580637e-01  -1.8231782e-01   3.3826177e-01  -5.9219541e-02   5.2524268e-02   3.2641602e-01  -1.1683789e-01  -2.4736565e-01  -2.8132856e-01  -6.4037956e-02   6.8831442e-02   6.4146092e-01   4.2328614e-01   1.1610109e-02   3.5448266e-02   8.6077913e-02   2.5840446e-01  -1.1543073e-01   2.3428632e-01   2.8309635e-01   8.1025278e-02   3.5915035e-01  -8.3561654e-02   2.2940234e-01   3.7833107e-01   7.0687175e-02  -4.2582118e-02   4.3661360e-02   3.5602866e-02  -1.8374506e-01  -5.4690141e-02  -3.0383625e-02   4.2464570e-01   2.0179132e-01   2.4812460e-01  -3.5853633e-01   5.2978494e-01
  -5.1483721e-02   3.4895574e-01   4.3657506e-01   4.0569110e-01   3.9565021e-01  -3.2620372e-01  -2.2363084e-01   4.4049791e-01   0.0000000e+00  -1.7724708e-01   5.9635692e-02   2.6536282e-01  -5.2091067e-01  -2.8873148e-01  -7.1449717e-02  -6.0678174e-01   6.0927928e-01   2.3082596e-01   2.5382196e-01   2.9059728e-01  -1.1280232e-01   2.4553662e-01  -4.3897430e-01  -2.9606107e-01   2.6641394e-01   3.8720379e-01   1.7120097e-01  -1.0368783e-01   2.1679408e-02  -2.9662700e-01   3.1603897e-01   3.6235971e-01   8.9138032e-02  -2.0557042e-01  -1.8565131e-01   7.7421277e-02   1.8869361e-01  -1.5411412e-01  -5.4737152e-01   4.4603232e-01  -2.1453175e-01   1.7621243e-01   2.8759533e-01   3.3185821e-01   1.7455535e-01   2.9390561e-02   6.1721057e-02  -3.0276051e-01  -2.1723047e-01   4.4345688e-01  -4.7846143e-01   4.1990026e-01   2.0351338e-01   2.1412507e-01   7.0972336e-02   1.2845372e-01   3.5082167e-01   4.8090246e-01  -1.3668339e-01  -8.5579347e-02   2.5909194e-01  -4.6880452e-01   6.7377972e-01   5.5893691e-01   3.7327382e-01  -6.3670138e-01  -8.6594114e-02   1.4892477e-01   2.4125710e-01  -1.8330003e-01   3.5915954e-01  -3.0493122e-01  -2.1280338e-01   1.8403989e-01   3.1957711e-01   4.9200178e-01   1.2107832e-01   5.5664090e-01   2.5552038e-01  -2.5443644e-01  -2.1411484e-01  -3.0442556e-01   2.9169677e-02   4.6636932e-01  -4.9872874e-02   4.8833725e-01  -1.3942092e-01  -7.2972511e-02   4.5244208e-01  -3.6467162e-02   2.9027481e-01   2.6315376e-01   1.2537185e-01   7.7542175e-01  -3.4292804e-02   4.4720291e-01  -2.3408878e-01   6.3837456e-01   1.1435251e-01   1.3722246e-01   9.9295162e-02  -2.7775398e-01   6.1977702e-03   6.9609253e-01  -1.5102144e-01   4.7562075e-01  -1.1926074e-01   5.5574910e-01  -3.2820915e-01  -3.7721043e-01  -1.1469431e-01  -4.1558084e-01   3.3926019e-01  -2.3929555e-01  -5.3979978e-02   3.6791677e-01   2.3050276e-01  -2.6618166e-01  -5.3834216e-02   2.7798350e-01  -1.0435444e-03   1.4444941e-01   9.3312681e-02   4.2921060e-01  -3.2437575e-02   2.4617656e-01  -2.4156567e-01  -6.8612293e-02   6.5376653e-01  -6.8578630e-02  -3.9406060e-01  -1.0671271e-01   4.0769578e-01   1.9888314e-01   5.4112775e-01   5.7864620e-01  -1.7670988e-02   1.1244235e-01   5.3293433e-01  -8.9267067e-02  -6.9365329e-02  -2.7138663e-01   1.4243059e-01  -2.4540948e-01   1.8265014e-01   4.0885221e-01   7.4123749e-02  -8.4463730e-02  -5.2686067e-01   2.8164357e-01  -1.4089059e-01   2.1987707e-01   9.0556267e-02   3.1026208e-01   3.5740881e-01  -1.0413626e-03   1.6338546e-01  -2.9591763e-01   1.3097914e-01  -1.8508937e-01   1.1073453e-01   3.3259660e-01   1.0916448e-01   4.8777711e-02   3.9375177e-01   3.1659544e-01  -2.2200940e-01  -2.5120176e-01  -2.5263899e-01   1.5142211e-01   1.7627792e-01  -1.1953828e-01   3.9006872e-01  -1.1398183e-01   2.9818119e-01  -1.9476130e-01   5.2012523e-01
   1.5844838e-01  -1.8898210e-01  -1.3035385e-01   1.9726810e-02   1.1178120e-01   2.7017812e-01   3.4272179e-01  -1.1610907e-01  -1.7724708e-01   0.0000000e+00  -8.8205722e-02  -1.0614649e-01   3.7890392e-01   3.8675858e-02   3.1704308e-01   3.2097721e-01  -1.0030331e-01  -2.7298379e-01  -1.2546970e-01   6.8847321e-02   8.5385494e-02   5.3110546e-02   4.1665045e-01  -1.5551310e-01   7.4554600e-02  -2.4264092e-01  -9.6916951e-02  -8.0070933e-03  -3.7278706e-01   2.4387039e-01   5.9427772e-02   1.0442139e-01   2.5589289e-01   5.0759274e-01   2.2702121e-01   5.3544100e-02   1.1414566e-01  -2.0146702e-01   2.2674342e-01  -5.3658753e-02   2.0556723e-01   2.3846403e-01   6.8621059e-02  -9.0158656e-02  -4.0711983e-01  -7.1584894e-02  -1.7118711e-02   2.5628119e-01   8.9494343e-02  -2.1602584e-01   2.4986709e-01  -1.8793038e-01   1.2481338e-01  -5.7731578e-02  -2.1680110e-01  -2.1993320e-01  -1.2024667e-01  -8.8127499e-02   8.0772857e-02   5.4052874e-02  -6.6841305e-03   3.8740900e-01  -1.6499860e-01  -6.6763940e-02  -1.9647377e-01   4.4495309e-01   1.1153959e-01  -1.2201295e-01  -1.2059866e-01   4.2529890e-02  -1.4409608e-01   1.3949646e-01  -4.1055040e-02  -1.0260548e-01  -2.6262556e-01   7.9340042e-02  -1.6758596e-01  -3.3560885e-01  -1.8118197e-01   1.5173432e-01   2.8493090e-01   2.0438599e-01   8.0735774e-02  -2.3449855e-01  -1.0953971e-01  -3.1551146e-02   2.2881230e-01  -1.0899481e-01  -1.2173560e-01  -5.3020756e-03  -1.6454158e-01   3.0433019e-02   1.3905050e-01  -1.4675981e-01  -1.7657363e-01  -1.5756313e-01  -9.4911083e-02  -1.6404012e-01  -1.4327477e-01   5.3706339e-01  -1.4798615e-02   1.8989359e-01   1.9968730e-01  -1.0962717e-01   1.0457535e-01  -6.2751866e-04   7.5349799e-02  -1.8078360e-01   4.0313148e-01   1.4598874e-01   3.5244152e-01   2.3518457e-01   7.6592439e-02   2.3192922e-02   4.2198070e-02  -2.7220224e-01  -2.4975950e-01   2.7464070e-01   5.9124615e-02   8.4101423e-03   2.2483827e-03  -8.6185560e-02  -2.3804744e-01  -2.6409907e-01  -2.3971212e-01  -4.8391596e-02   6.8675074e-01   1.8155677e-03  -1.0223023e-01   8.9888976e-02   1.2769744e-01   2.7088069e-01  -1.6419201e-01   1.9611171e-01  -2.3966747e-02  -1.2380425e-01   1.6211433e-01   1.4699777e-01  -9.1216641e-02  -4.3226672e-02  -1.6902014e-01   1.0814731e-01  -5.3479167e-02  -4.8483413e-03   2.5197924e-01   9.6671372e-02   1.4486781e-01   5.5784291e-03   2.5921180e-01   1.4627864e-01  -4.5026623e-02   9.2594503e-02  -2.8804336e-02  -2.9966113e-01  -1.0777405e-01  -1.3720789e-01   9.3252146e-03   1.4786854e-01   1.4125020e-01   1.1145054e-01  -1.3765853e-01  -2.3855527e-01   2.6102747e-01   1.2174124e-01  -1.0212185e-01  -1.9127788e-01  -1.4763091e-01   1.6691683e-01  -1.3245689e-01  -1.1366150e-01  -1.6880543e-01  -2.6318215e-01  -1.7580046e-01   1.4407404e-01  -7.8896990e-02   7.5926920e-02  -1.8864889e-01
  -3.3399854e-01  -1.3255719e-01  -1.6351084e-01   2.1495901e-01   1.7880635e-02   2.3934789e-01  -1.1114127e-03  -3.2922144e-02   5.9635692e-02  -8.8205722e-02   0.0000000e+00  -2.2720466e-01  -1.9846435e-02  -9.1169342e-03   1.1235108e-01   4.0691968e-02  -1.3627006e-01   5.1798720e-01   3.9891227e-01   2.2333864e-02   2.1259726e-01   2.0318613e-01   1.6002191e-01  -1.6861378e-01   6.0998273e-02   5.2987464e-02  -1.8767132e-01   4.4884108e-03  -6.1226539e-02   1.0562114e-01   3.0382074e-01   2.7918346e-01  -1.1702275e-01  -2.1927862e-02   2.0119296e-01   2.6453715e-01  -3.3389744e-02  -2.2030457e-01   1.0483421e-01  -2.3025407e-01   3.2404465e-01  -1.7558674e-01   6.5423726e-02   4.2465698e-01   2.7144312e-01  -3.3938753e-01   4.4172275e-01   2.0006963e-01  -7.4032339e-02  -2.1040861e-01   4.8755473e-01   1.3596763e-01   6.5687396e-04   1.6302571e-01   2.8747678e-01   4.1028876e-01   1.8034257e-01   3.1249531e-01   5.8115232e-01  -4.1712005e-02  -1.8530597e-01  -4.8575483e-02   1.1332100e-02   4.4731434e-01   2.5987420e-01   1.1062954e-01   2.8565052e-01   2.1378911e-01   4.6326453e-01  -1.5077120e-01  -2.5773087e-02   3.6073358e-01   3.1369489e-01  -1.6421027e-02  -1.9477821e-01   2.7844685e-01  -3.1691240e-01   1.2701342e-01  -5.6892918e-04   1.0357179e-01  -1.3720993e-02   2.5066133e-01   2.7056443e-01  -6.8827195e-02   1.8458843e-01   2.4560844e-01   3.8699395e-01  -2.0631162e-01   8.6564179e-02  -1.4145642e-01   1.1667960e-01  -1.9197403e-01  -4.7994863e-02   2.5045332e-02  -3.0885315e-01  -1.4106378e-01   2.9993826e-01   2.1860383e-01   1.7455391e-01  -1.2894412e-01   2.9912913e-02   3.6899253e-01   4.5912041e-02   1.9203136e-01   4.7813954e-01   1.9781070e-01   1.2279444e-01   3.4280006e-01  -3.4899418e-02   2.9731334e-01   9.1559502e-02   2.5363258e-01   1.9432705e-01  -8.6333559e-02   1.6335297e-01  -3.7740981e-02   1.6911939e-01   2.8615669e-01   1.5525443e-03   3.2728621e-01  -2.4910403e-01  -2.0852226e-01   4.8431745e-02   3.6466685e-01  -4.3149738e-01  -3.0729672e-01   7.5764840e-02   6.2284637e-02   1.4762724e-01   4.8805352e-02   1.4380879e-01   3.3710013e-01   4.5909898e-03   3.3882815e-01   3.6055653e-01   2.0971114e-01  -1.0938428e-02   4.8197380e-02   2.4745254e-01   3.6549339e-02   1.9821688e-01  -1.1595738e-01   5.0553907e-01  -1.1033423e-01   3.1458609e-01   2.7054190e-01   7.2646035e-02   1.4120380e-01   2.9290030e-01   6.1623231e-02  -1.0213569e-01  -1.9959354e-01  -2.2616307e-01   4.0711510e-01  -9.6832448e-02  -3.8327756e-02  -2.7767172e-01   3.9246251e-01  -1.4216172e-01   2.3317676e-01   1.4631341e-01   5.3686403e-01   7.1615533e-02   4.6206902e-01   2.8749572e-01  -9.9927971e-02   2.8459270e-01  -1.7492350e-01  -9.9205229e-02   4.2632988e-02  -1.5683019e-01  -3.5054041e-01   5.1993475e-01   4.8376409e-02  -1.4454063e-02  -1.7089428e-01   2.3284693e-01
  -2.2562853e-01   6.9043314e-01   1.8628135e-01  -9.8159062e-02   5.1729231e-01  -5.5304332e-01   2.6678406e-01  -1.3720470e-01   2.6536282e-01  -1.0614649e-01  -2.2720466e-01   0.0000000e+00  -2.7790861e-01  -3.8295805e-01   4.2079424e-02  -3.3809458e-01   3.4342433e-01  -5.3033888e-02  -2.3574700e-01   4.4775161e-01  -2.2744143e-01  -6.6917939e-02  -3.3567663e-01  -3.2080011e-01  -4.7101649e-02   1.0766786e-01   2.9779926e-01  -2.3318830e-01   1.7317227e-02  -4.3014939e-01   1.2554702e-01   1.1200990e-01  -6.3298624e-02   1.9461841e-01  -3.4844257e-01   2.2790733e-01   8.8536682e-02   9.5848266e-02  -2.5863771e-01   6.7203172e-01  -1.4323699e-01  -9.6216823e-02  -5.8329148e-03  -8.0283630e-02  -5.8617014e-02  -1.7704987e-01  -3.1745132e-02  -1.6424468e-01  -3.7507579e-01   5.8888924e-01  -5.3518201e-01   8.5677749e-03   4.1340268e-01   6.6439020e-02   9.9381547e-02  -5.4821822e-02  -7.5847174e-02   2.4701324e-02  -1.0688658e-01   1.2489841e-01  -2.8107728e-02  -3.0396418e-01   3.4275552e-01   2.6623400e-01   1.5506940e-01  -4.3236561e-01  -5.7285049e-01   1.9806798e-02  -8.3412831e-02  -3.9749853e-01   7.2079644e-01  -5.0187811e-01  -7.6723578e-02   1.1395322e-01   1.5565711e-01   8.6533525e-02   6.7093543e-02   5.3136880e-02   6.5939192e-01  -1.5065574e-01  -2.2089269e-01  -2.4540677e-02   2.8401101e-01  -5.4975767e-04   1.5675323e-01   2.2833390e-01  -1.9257548e-01  -1.7707524e-01   4.2168576e-01  -1.6905508e-01   5.5327740e-01  -1.2289432e-01   8.0698968e-01   1.5370164e-01   9.4584170e-02   5.9475525e-01  -2.9750617e-01   1.2778683e-01  -1.0237205e-01   3.3047838e-01   2.0946588e-01  -9.0174369e-02  -2.5565401e-01   2.1918129e-03  -3.7322939e-01   1.8074906e-02   4.9125446e-02   4.5668152e-02  -1.4030491e-01  -2.8169384e-01   3.4599838e-01  -4.7527542e-01  -2.0551169e-01  -2.3383930e-01  -2.1263909e-01   5.0493145e-01   3.1661857e-02  -2.5645389e-02  -2.8932639e-02  -2.7300750e-01  -1.0224462e-01   6.3909830e-01   1.6368109e-01   1.2740850e-03  -1.1179717e-01   9.1474649e-02  -2.7006070e-01   1.6456100e-02   6.3689768e-02  -3.0330031e-01   1.0869552e-01  -8.1465327e-02   2.9454167e-01   1.0066971e-01  -1.3961273e-01   1.6345493e-01  -9.8882726e-02   3.0681202e-01   7.3781979e-02  -2.1511538e-02  -3.2474448e-02  -1.2795883e-01  -9.5514341e-02  -3.4275950e-01   1.0156565e-01   7.1538645e-03   3.5391258e-01   5.5846477e-02  -2.3454890e-01   3.1994773e-01  -3.1334495e-01  -6.6405394e-02  -1.9255005e-01   2.0983867e-01   6.2502969e-01   1.9194848e-02  -8.4219272e-02  -9.7200680e-02  -2.7514102e-01  -3.8601058e-01  -8.1955827e-02   5.0951139e-02   9.8508170e-02  -3.1095853e-01   5.2609082e-02   7.0179872e-01  -9.6122376e-02  -4.0989485e-01  -1.6059497e-01   4.0869993e-01   5.6811902e-01   5.3494354e-02  -2.5377800e-01  -5.8132286e-01   8.8029569e-02  -8.5356060e-02   1.4496838e-01
  -6.0380886e-02  -3.0755154e-01  -5.8940712e-01  -1.2730042e-01  -1.4360888e-02   2.4618719e-01   2.9891202e-01  -2.5446440e-01  -5.2091067e-01   3.7890392e-01  -1.9846435e-02  -2.7790861e-01   0.0000000e+00  -2.4776358e-02  -7.5133386e-02   4.7597110e-01  -5.4087735e-01  -2.7403141e-01  -1.8319600e-01   4.0065064e-02   6.3985107e-02  -1.4014797e-01   3.5881699e-01  -4.6016691e-02  -1.2425976e-01  -2.7626643e-01   2.9227800e-02  -1.0621211e-01   7.4475021e-02   1.1941683e-01  -2.8329990e-01  -1.9680069e-01   1.7355813e-01   2.7581851e-01   1.1501255e-02   1.8160527e-01   3.4125276e-02  -1.6241795e-01   3.6933413e-01  -1.6170383e-01   6.4283885e-01  -1.6204048e-03  -2.2242957e-01  -1.9709831e-01  -1.9377466e-01  -2.3131793e-01   6.7403718e-02   2.6044035e-01   3.0760811e-01  -3.6827914e-01   2.3572061e-01  -2.3732638e-01  -5.8061212e-02  -2.1585373e-01  -3.2428494e-01  -3.1357073e-02  -3.3736090e-01  -3.0077021e-01   1.9515294e-01  -2.0634552e-01  -2.4479462e-01   6.0714602e-01  -3.8403242e-01  -3.3826022e-01  -3.9598961e-01   5.2929475e-01   4.2184570e-02  -1.0562141e-01   3.4810464e-02  -4.3315022e-02  -7.6755307e-02   2.4038648e-01   3.1352025e-01  -3.5926683e-01  -2.0159663e-01  -3.0262846e-01  -3.0245134e-01  -4.6268331e-01  -1.8175921e-01   4.8980645e-01   3.2671155e-01   3.4118338e-01  -7.7001586e-02  -2.6347925e-01  -2.5264664e-01  -2.9016800e-01   6.7753444e-02  -1.1256270e-01  -2.2569364e-01  -1.7035589e-01  -1.9564373e-01  -3.3499734e-01  -1.1944509e-01  -4.2651784e-01  -2.6695795e-01  -1.0965023e-01   2.6465495e-01  -4.9321525e-01   1.9069256e-01   2.2615409e-01  -1.2711122e-01   4.1733142e-02   7.9372720e-03  -5.0508029e-01   1.7995176e-02  -2.0050160e-01  -1.1094037e-02  -4.0942486e-01   3.3234219e-01   3.7718319e-01   1.1746145e-01   1.7363131e-01  -5.7263008e-02  -2.0718038e-01  -2.0997144e-01  -2.3872662e-01  -1.0767460e-01   5.0500531e-01  -1.6931730e-02   2.1901684e-03  -3.1111702e-01  -4.0871671e-02  -1.2343374e-01  -5.3945170e-01  -2.5728342e-01  -3.1660263e-01   1.6604804e-01   2.0019146e-01  -3.8565122e-01  -9.4411811e-02   3.2149222e-01   2.3675451e-01  -4.0136913e-01  -1.5422600e-01  -1.6760906e-01  -3.6138626e-01   2.6923719e-01   1.7476348e-02  -3.1679229e-01  -1.6949020e-01  -3.5594579e-01   6.2503211e-01  -1.4100937e-01  -4.8724421e-03  -2.5367775e-01  -3.0192766e-01  -3.8215452e-02   1.5090513e-01   4.4432231e-01  -7.8914431e-02  -1.3061780e-01   2.3350388e-02  -3.4300278e-01  -2.5914785e-01  -3.6715849e-01  -2.7258944e-01  -3.5581409e-01   2.3351650e-01  -1.1025398e-01   1.4377842e-01  -1.7274882e-02  -2.1641409e-01   2.4519796e-01  -1.4922035e-01  -2.6275416e-01  -2.7754361e-01  -8.5479316e-02   1.0423826e-01  -2.0823713e-01  -5.5390003e-02  -1.3531829e-01  -2.6903678e-01  -1.5166812e-01  -5.5266903e-02  -3.2256060e-01   2.6945289e-01  -3.0327646e-01
   1.5115343e-01  -2.3568892e-01   1.0639856e-01   9.8804507e-02  -4.2498704e-01   3.9587072e-01  -3.8043481e-01   1.6394648e-01  -2.8873148e-01   3.8675858e-02  -9.1169342e-03  -3.8295805e-01  -2.4776358e-02   0.0000000e+00  -1.0961502e-02   6.5005375e-02  -1.4065193e-01  -1.8719234e-01   1.8844426e-01  -4.3052940e-01  -7.8613628e-02   1.4762701e-01  -4.9646835e-02   1.1306500e-01  -1.1541598e-01   3.1852481e-01  -2.8580865e-01   4.0361610e-01   4.0203818e-03   4.6346075e-01  -2.6609044e-01   9.8686826e-03  -2.3784130e-01  -3.0988250e-01   1.9038349e-01  -3.6564121e-01  -2.2951671e-01  -3.3740602e-02   1.0394499e-01  -4.5955776e-01  -6.3521117e-02  -1.2525164e-01   7.3658139e-02   1.4294380e-03  -8.2392223e-03   1.9478352e-01  -5.9173544e-02  -1.5764646e-01   3.5626684e-01  -3.4318426e-01   2.3040779e-01   5.6867787e-02  -2.8832802e-01  -1.6915150e-01  -6.4423165e-02   2.8649184e-01   2.5344607e-01  -9.9378090e-02   1.3325207e-01   9.1792156e-02   7.3556204e-02   1.0381464e-01  -1.6967224e-01  -3.9888842e-01  -2.2823583e-01   1.0227370e-01   4.4345745e-01   1.4910475e-01   9.7694492e-02   2.8577967e-01  -4.2017443e-01   2.9683862e-01   9.7797218e-03   2.1852823e-02  -3.1207115e-02  -1.2673077e-01   5.9610026e-02   1.2643034e-02  -2.1726095e-01   1.4660472e-01   1.7575503e-01   1.3613998e-02  -2.6990810e-01   1.9574905e-01   6.5596192e-02  -1.8204544e-01   4.2187747e-02   2.6279131e-01  -3.5528013e-01   9.8233985e-02  -2.4053814e-01   2.4472903e-01  -2.9816694e-01  -2.4681534e-01   6.2125694e-02  -3.3506689e-01   3.1826190e-01  -3.1206324e-02  -5.1093375e-02  -3.7132813e-01  -1.9201219e-01   1.1578800e-01   4.1507383e-01  -3.2343497e-02   1.3004893e-01   5.4913647e-03   5.4545224e-02   7.4189678e-02  -1.9244376e-01  -1.9696506e-02  -2.6811774e-01   4.7092953e-01   9.0758355e-03   2.1843601e-01   3.6799457e-01  -1.7708163e-01   2.0004712e-01  -1.8550281e-01   1.0933807e-02   3.4840322e-01   2.7172968e-01  -3.1316443e-01  -1.1366518e-01  -9.3706184e-02   2.0343463e-01   2.8384354e-01   2.0594052e-01  -9.1604659e-02  -2.2430580e-02   1.8018999e-01  -2.1115603e-01  -1.8336619e-01   1.5054086e-03  -2.7183714e-01  -2.0666207e-02  -1.9822127e-01  -1.0802613e-01  -3.7738879e-01  -8.4929491e-02  -2.3257739e-01   1.1960251e-01  -5.4444707e-02   4.4231559e-02   4.1492855e-01  -2.7809767e-01  -1.3363050e-01  -2.4868506e-01  -1.8725134e-01   9.8612601e-02  -3.8006374e-01   2.9826092e-01   1.0891017e-01   3.9049620e-01  -3.8320485e-01  -2.3089482e-01  -8.1987942e-02   1.7509050e-01   1.7882786e-01   2.3747363e-01   3.8721920e-01   1.4730364e-01  -1.7280859e-01  -3.1865495e-01   1.1704843e-01   1.5023579e-01  -2.6257810e-01   1.0505041e-01   3.3733578e-01   2.8666345e-01  -3.9306614e-01  -1.2027609e-01   8.6750157e-02   3.2736130e-03   5.0303009e-01   1.2111548e-01  -1.5272337e-01  -2.6826653e-03
