   0.0000000e+00  -4.0014200e-03   1.5150003e-01   1.7653281e-01  -3.4853696e-01  -1.9672634e-01  -4.1228120e-01   2.8628651e-01   8.4107846e-02  -4.6181442e-01  -2.4033354e-01  -1.5701258e-01  -1.3475979e-01   5.7058130e-01  -3.3270929e-01  -3.6164959e-01  -9.0499277e-02  -1.4282095e-01   6.5005073e-02  -3.4745004e-01  -7.6668541e-02   3.1303175e-01  -3.2111432e-01   6.9224530e-01   5.1141402e-02   4.2531936e-01  -4.4008539e-01   5.4520737e-01  -2.2188169e-01   1.3670019e-01   8.0639158e-02   2.3001567e-01   2.6615846e-02  -5.1688383e-01  -3.1422179e-01  -5.0962839e-01  -1.4446113e-01   2.6589217e-01  -4.5305156e-01  -2.9200545e-01  -2.6942861e-01   2.5346484e-01  -1.7022115e-01  -1.1371336e-01  -3.3377859e-01   6.3913416e-01  -4.0018822e-01  -3.1042690e-01   6.6339762e-02  -1.2364432e-01  -1.6869824e-01   1.9634182e-01  -4.6240080e-01   2.3780548e-01   5.3328600e-01  -2.1554786e-01   6.1078862e-02   3.0136651e-01  -8.6160915e-02  -1.2955537e-01   4.4813144e-01  -3.8834394e-01   1.7493711e-01  -1.8118948e-01   1.9137738e-01  -4.3641250e-01  -3.0234265e-02   1.6521747e-01  -1.4992072e-01   4.0540720e-01  -3.2051638e-01   1.5142502e-01  -4.2018007e-01   6.5975152e-01   1.5908289e-01   1.0264576e-01   5.4794939e-01   5.8450086e-02  -1.5404823e-01  -1.3800260e-01  -2.4561780e-01  -5.7410671e-01  -4.9703524e-01   3.3490791e-01   3.1292091e-01   1.1119884e-01  -1.0713137e-01   4.6014794e-01   5.8554811e-02   8.8200365e-01  -8.6932141e-02   4.6670662e-01  -3.8586478e-01  -7.6629345e-02   5.1384209e-01  -3.0332621e-01  -2.1102650e-02   1.9959350e-01  -2.5074055e-01  -3.4387870e-01   2.2204938e-01  -1.7766310e-01   1.7752597e-01   2.1630894e-01   1.1973170e-01   3.3139594e-01  -7.8610076e-02   2.0591775e-01  -8.6900316e-02  -3.3260498e-01  -4.3451217e-01   2.0164833e-01   2.4077482e-01   7.9907496e-01   4.3451850e-01  -2.4565281e-01  -9.8834244e-02  -2.9696310e-01   1.5928098e-01   2.0235510e-01   6.5801452e-01  -1.9919136e-01   3.7853913e-03  -5.1943840e-02   7.0424156e-01   7.2577260e-01  -3.1594622e-01  -3.2754129e-02   4.1305217e-01  -2.9945553e-01  -5.6317543e-01  -5.1717168e-01   5.3996160e-01  -1.8879965e-01   3.2773838e-01   9.6246952e-02  -2.7465501e-01  -1.9976354e-01   1.5687195e-01   3.0703211e-01   6.8522546e-01  -7.8908283e-02   7.5978016e-02   1.2897874e-01  -1.3471592e-01   1.1498936e-01  -3.0200378e-01  -2.3782010e-01  -4.4418957e-01  -9.5756830e-02   6.5048706e-01   2.7719369e-01   7.1264610e-01  -9.4758080e-02  -2.1233836e-01   5.1073276e-01   6.2764442e-01  -3.9935646e-01   4.3216937e-01   1.6358943e-01   2.8020840e-01   1.2528763e-01  -4.7239675e-01   2.1343439e-01   3.0002296e-01  -3.2108738e-01  -4.5346050e-01   3.3058199e-01   6.5641758e-01  -3.1797725e-01  -2.6740666e-01   4.1775128e-01  -2.4299117e-02  -5.2709295e-02   9.9189611e-02   1.0643598e-01   2.4909165e-01
  -4.0014200e-03   0.0000000e+00   2.9784332e-01   1.6864987e-01  -7.9864672e-02   2.3047001e-01   2.7280724e-01  -1.5295052e-01   2.2777148e-01   2.3720361e-02  -1.1786609e-01   6.1880674e-01  -2.7109401e-01  -6.8785594e-02  -2.3607347e-01  -2.3415746e-01   2.1448758e-01   1.6034793e-01  -1.8149385e-01  -1.9695654e-01  -1.1454055e-01   5.8231138e-02  -1.9982618e-01  -2.5949884e-01   1.1481163e-01  -2.3606467e-01   2.7527219e-01  -3.1738662e-01  -1.3114701e-01   2.3325087e-01  -2.7049014e-01  -6.7733291e-02  -2.4246483e-01   5.1722671e-02  -2.0501621e-01  -1.0695704e-01  -1.2459510e-01  -2.9149102e-01  -2.9633474e-01   3.5994599e-02  -2.6631539e-01  -2.4153519e-01   1.5985716e-01   1.8116313e-01   1.8745449e-01   1.2007002e-01  -3.5564823e-02   4.5762414e-01   8.1275401e-02   6.8650860e-04   4.5651015e-02  -2.8138663e-01   1.9934295e-01   5.5141154e-02  -5.0887858e-02   1.8601789e-02  -2.3979728e-02  -1.7095298e-01   3.9120281e-02   3.9317530e-01   2.2840337e-01   3.5250518e-02   1.7819220e-01  -3.7811255e-01   7.8978253e-02   8.8048510e-02   2.9394619e-01   2.7193411e-01   8.4303199e-03   1.8865391e-01   2.5812129e-01  -7.8316203e-02  -2.2253968e-01   2.6089412e-01  -1.8307947e-01   5.8172461e-02   6.9805648e-02  -1.3321654e-01   1.0316558e-01  -2.8771611e-01  -3.2308275e-01  -2.6413598e-01   1.0275683e-01  -5.6168230e-02   2.0729123e-01  -3.7271481e-02   2.3880274e-01  -2.0278373e-01   7.3573854e-02  -1.0641833e-01   9.1233889e-02  -6.7752931e-03  -1.9735358e-01   4.4989081e-01  -1.0912358e-01  -2.2600581e-01   9.6222430e-02  -3.2073668e-01   2.7303069e-01   5.7555910e-02  -1.4449655e-01  -2.8627998e-01  -5.2446281e-02   2.0709436e-01   4.5812377e-02   4.9828597e-02   4.7989981e-02  -7.2998046e-02  -3.4122382e-01   1.3486505e-01  -2.3856819e-01   5.5363664e-02   2.0695167e-01  -2.0210986e-01  -3.5406502e-01  -8.2896739e-02  -1.1400670e-01  -4.2025740e-01   1.9644657e-01   1.2587828e-01  -3.5292909e-02   1.2082844e-01   1.4810850e-01   3.8149208e-01  -1.1263753e-01  -8.3860094e-02   3.3900924e-01  -3.4348324e-01  -2.4009370e-02   3.9026657e-01  -2.6013180e-01   1.1204677e-01   3.3067191e-01   5.2276064e-02   8.5539878e-02   1.4672627e-01  -2.5248141e-01   2.0674346e-01  -9.5083712e-02  -2.6516135e-01  -1.7284011e-01  -2.8080689e-01  -3.8170802e-02   2.7372312e-02   8.5087247e-02  -6.8942374e-02  -4.9272865e-02   2.9055884e-01   5.1165439e-02  -1.3470919e-01  -3.0995176e-02  -3.1908287e-02  -4.5963973e-02   2.0649895e-02   5.3545327e-01  -2.5475076e-01   3.7738655e-02   7.3672627e-02   1.3030419e-01  -3.2161100e-01   3.1172671e-01  -1.4741191e-01   7.9930827e-02  -3.5023896e-03  -9.3499086e-02  -1.6914050e-02  -4.7039920e-02  -4.0163658e-02   2.2524102e-01   1.3685549e-01  -3.9918568e-02  -1.0714066e-01  -1.9967052e-01   4.4887903e-01   2.0777223e-01  -6.4425283e-02   4.3913506e-03
   1.5150003e-01   2.9784332e-01   0.0000000e+00   2.8011353e-02  -2.5573180e-01   5.2693766e-01  -4.0354628e-02   1.2948125e-01  -2.2913942e-01   1.5332110e-02  -1.2905421e-01   2.9040700e-01   3.1298578e-02   2.5983817e-02  -3.3896473e-01   2.2060307e-03   7.9894324e-01  -1.3826481e-02   3.8758019e-01  -1.5315155e-02  -6.7176123e-02   7.7450231e-02  -2.1454907e-01  -5.9556521e-02   5.4637157e-02   1.3857231e-01   1.7175081e-01  -6.3380014e-02   3.0495530e-02   3.6744866e-02  -3.4965642e-01   5.5718439e-02   2.5816944e-01  -1.5815227e-01  -2.1058407e-01  -1.7047054e-01  -1.6744533e-01  -1.1155036e-01  -1.5545875e-01   3.5789432e-01  -1.5109071e-01   2.7044861e-01   1.1538562e-01   2.0045684e-01  -2.8611963e-01   5.3256829e-01  -3.1525808e-02  -2.7325864e-01   9.8513698e-02   4.5000562e-01  -9.0163776e-02   1.9693522e-01  -1.7353489e-01   4.5570914e-01   1.3772172e-02   1.3977703e-01   2.5820148e-01   1.0350778e-01  -2.0513696e-01  -7.2567561e-02   5.7757973e-01  -5.8218265e-02   2.1913473e-01  -3.5177483e-01  -3.2979681e-01  -8.1790748e-02   4.2974455e-01   1.6521725e-01   1.3834560e-01   5.2680071e-01   3.0705112e-02  -8.6290389e-02  -3.2510518e-01   3.1980155e-01   9.6051905e-02   1.5345311e-01   3.7135431e-01   1.8707284e-01  -2.5273297e-01  -1.8352602e-02  -1.7886860e-01  -2.4128527e-01   1.3030244e-01   1.6413457e-01   4.0637744e-01  -9.2559118e-03  -1.8106992e-02  -7.5524472e-02  -1.6718148e-04   7.0228657e-02  -3.8352344e-01   6.6396644e-01  -4.2282937e-02  -1.4361749e-01   1.3747323e-01   5.8406474e-02   1.4338149e-01   1.0479223e-01   2.3974262e-01  -2.8836798e-01   9.4512683e-02  -1.7905372e-01   2.0348718e-02  -2.5984511e-01  -4.0200233e-02   1.2275392e-01   3.7592537e-01   1.9063496e-01  -1.9011016e-01   2.6477168e-01  -7.9695110e-02   7.1943126e-02   1.4486856e-01  -5.4565040e-02   9.1606096e-02  -2.5372443e-01   4.8595275e-02  -2.5092411e-01   3.5949594e-01   6.9878713e-02   2.4159876e-01  -1.8497434e-01   3.2204073e-01  -2.5643555e-01   9.4831512e-02   1.3468907e-01  -1.8219913e-01   8.8504767e-03   1.3921163e-01   5.0692525e-01  -1.3152324e-01  -2.2466239e-01   3.2242343e-01  -2.2790428e-01   1.6168019e-01   2.2162788e-01   3.5415832e-02  -3.5583250e-02   1.7456029e-01  -1.2760923e-01  -1.0273867e-01   6.3399552e-02   1.2542733e-01   3.7192946e-01  -2.8423594e-01  -3.8686448e-01   1.7833052e-01  -3.0927454e-01   4.0592388e-02  -2.5988487e-01   3.3366139e-01  -3.5566108e-02   4.1030056e-01  -3.5236504e-01   6.5433876e-01  -3.3889990e-02   3.1823499e-01  -2.4207333e-01   6.6673651e-01  -2.2327842e-01   1.9667740e-01  -1.7589765e-01   1.0358440e-01  -2.2770481e-01   1.5211666e-01  -4.0021357e-01  -1.8042578e-01   1.8645331e-01   4.9839108e-01   3.4023785e-02  -4.7231282e-01   1.1658385e-01  -3.9724908e-01   5.1374342e-01  -3.9850006e-02   3.5452900e-01   1.1262320e-02
   1.7653281e-01   1.6864987e-01   2.8011353e-02   0.0000000e+00  -4.3959618e-01   6.2063683e-02  -3.7301438e-01   2.0948957e-01  -4.4610045e-02  -5.0583608e-01  -2.3078685e-01  -7.5611350e-02  -3.1542189e-01   2.3079680e-01  -1.0054002e-01  -5.2541843e-02  -1.8628803e-01   3.0277160e-01  -1.3667961e-01  -5.0064104e-01   2.0964234e-01   8.2123894e-01  -8.8942959e-02  -9.5582068e-02   2.9093444e-01   1.4311523e-01  -2.9103554e-01  -1.8051630e-01  -9.2243833e-02   7.8495256e-01   3.1139732e-01   5.8997426e-01   2.0706869e-03  -4.4816569e-01  -1.8599161e-01  -4.4990857e-01  -7.0934111e-02  -3.4929508e-01  -1.4967506e-01  -3.4101931e-01  -3.4213671e-01   7.0418141e-02  -3.6391436e-01   5.3254587e-02   4.1399694e-03   1.9187383e-01   2.4800135e-02  -3.0659948e-01   4.0258001e-01  -2.2084162e-01   2.4965465e-01   1.4171620e-01  -5.2807980e-01   3.5874208e-02   2.5470119e-01   1.5354243e-01   3.9427393e-01   6.5044656e-01   4.4363568e-01   4.0309081e-01   3.8282816e-01  -1.2160589e-01   8.3781918e-02  -1.6277462e-01   1.0518159e-02  -3.7072108e-01   1.7284477e-01   1.8957537e-01   5.0358834e-01   1.4867391e-01  -4.2447092e-01   6.7029705e-01  -4.1646436e-01   3.8124680e-01   9.7050695e-02   2.2415704e-01   1.6258010e-01   1.3816360e-01  -3.5804611e-01   2.5374713e-01  -1.7498062e-01  -4.1621318e-01  -4.7448982e-01   1.0194789e-01   3.7830487e-03   3.1683937e-01   1.7452728e-02   7.2275062e-02  -1.3290970e-01   6.7995800e-02  -2.0857489e-01   2.8403864e-01  -5.2432490e-01  -5.0255553e-02   4.7450044e-02  -5.0250018e-01   2.1247871e-01   7.8390989e-02  -1.0869566e-01   8.2054322e-02  -1.1152511e-01  -3.6466562e-01   5.1469002e-01   3.9430181e-01   6.1556506e-01   6.0826823e-01  -1.0257715e-01   4.1704421e-01  -9.5306404e-02  -1.0102110e-01  -5.0764256e-01   7.7144004e-01   6.8307721e-01  -3.9398978e-02  -1.6837607e-01  -3.0755371e-01   3.1792839e-01  -3.7614451e-01   7.1682746e-02   8.4126886e-01   1.0333601e-01  -3.9675198e-01  -5.7336693e-02  -9.7748246e-02   6.2000507e-02   2.7482685e-01   2.2483720e-02  -8.5708423e-03   7.5604595e-01  -1.5150728e-01  -4.4407500e-01  -4.3585347e-01   6.1795907e-01   1.4636826e-01   6.7754735e-01   1.6636987e-01   1.6665312e-01  -2.5951338e-01   2.8121303e-01  -1.5446237e-01  -2.3896037e-01  -3.6999304e-01   3.8506862e-01   6.8510124e-02   5.5493190e-02   3.4983927e-01  -4.2889455e-01  -2.3187596e-01  -2.0160953e-01   1.5626016e-02   9.6918555e-02   2.5846901e-01   1.5506760e-01  -2.9465965e-01  -1.2626946e-01  -7.9776700e-02   2.7411644e-01   1.0485794e-01   2.0411039e-01   2.8205024e-01   1.2426095e-01   2.3238824e-01  -4.6087819e-01   5.5781178e-01   6.7339574e-01  -3.2592745e-01  -4.9567736e-01   1.9995742e-01   2.0139333e-01  -4.2129153e-01  -1.9593425e-01  -1.0965203e-01   2.3653729e-01   3.0636334e-01   2.7544746e-01   6.7488478e-02   7.0181067e-01
  -3.4853696e-01  -7.9864672e-02  -2.5573180e-01  -4.3959618e-01   0.0000000e+00  -2.7255136e-01   3.3849761e-01  -3.6982739e-01   3.3136438e-01   5.0842982e-01  -9.5772813e-02   2.2277888e-02   2.9856644e-01  -5.2758276e-01  -1.0727263e-01   2.4843752e-02   7.2923835e-02  -1.5913102e-01  -2.2338562e-01   8.3871459e-01  -3.7122158e-01  -6.0612681e-01  -1.1573557e-01  -1.7652856e-01  -2.6362641e-01  -3.2593137e-01   5.0238925e-01  -3.1490788e-01   1.1844589e-01  -6.4418587e-01  -4.0229074e-01  -4.9070430e-01  -1.6523861e-01   2.4560826e-01   3.9952345e-02   7.0373444e-01   1.7497372e-01   1.0594215e-01   1.6525481e-01   4.9913931e-01   3.5237870e-01  -2.7513532e-01   4.7261523e-01  -3.8440973e-01   3.7489780e-01  -3.8787535e-01   8.2655946e-02   3.4166117e-01  -3.0556384e-01   3.4182756e-01  -2.5892398e-01  -3.0528482e-01   4.1518252e-01  -1.9410870e-01  -4.9358999e-01  -4.6067689e-01  -4.9793211e-01  -5.3225304e-01  -2.9472020e-01   5.5766251e-02  -3.7746362e-01   3.2519423e-01   8.3460265e-02  -6.2531760e-02   1.4122477e-01   3.8844681e-01  -3.0734345e-01  -2.1216519e-02  -3.5992321e-01  -2.9406758e-01   6.6673351e-01  -3.7516344e-01   4.6931246e-01  -6.3474839e-01  -3.7977214e-02  -2.6238200e-01  -3.0459808e-01  -3.4987604e-01   7.2349848e-01  -1.9660487e-02  -2.4978220e-01   3.9100789e-01   2.6576949e-01  -3.6692733e-01  -3.5017126e-01  -5.1977876e-01   1.5233354e-01  -3.0597572e-01   3.2281754e-01  -4.0788839e-01   6.4376018e-01  -3.8630920e-01   5.6210599e-01   3.7047731e-01  -1.6770273e-01   7.7256991e-01  -3.4573176e-02  -3.0704343e-01   4.3663693e-01  -3.6500905e-02  -1.8127123e-01  -3.4847580e-02  -5.5311003e-01  -3.1166599e-01  -5.8208577e-01  -5.5016506e-01   1.1108883e-02  -4.5705202e-01   1.7896975e-02  -4.6774639e-02   2.3491691e-01  -5.8627813e-01  -3.1867553e-01  -3.1291105e-01  -3.8224727e-01   7.4902378e-01  -3.4611673e-01   4.6520534e-01  -5.0560276e-01  -4.9245955e-01  -4.1646527e-01   7.9425538e-01   1.6044162e-01   2.4496798e-01  -3.4355317e-01  -4.6032601e-01   2.3661728e-01   1.9075153e-01  -5.4980025e-01   4.2544190e-02   3.9565866e-01   4.5882183e-01  -5.0966576e-01  -2.9080776e-01  -2.8909364e-01  -3.7003093e-01   2.1378802e-01  -1.3616673e-02  -4.1138874e-01  -1.1754757e-01  -1.0257525e-01   2.2667689e-01  -5.5459970e-01  -5.3830375e-01  -1.4971758e-01  -3.6686033e-01   3.3523572e-01   4.2007795e-01   9.5266702e-02   2.5172305e-02  -5.1428998e-01  -3.3262158e-01  -3.7505009e-01   3.4468572e-01   9.4826901e-02  -1.7011225e-01  -3.3822525e-01   4.8216547e-03  -3.8529990e-01  -3.8031915e-01   2.1687233e-01  -4.1733300e-01   4.1018803e-01  -5.2837526e-01  -3.9455881e-01   6.2009901e-01   2.7025199e-01  -3.8772379e-01  -3.8817690e-01   5.3635240e-01   5.8131209e-01  -9.3696331e-02   8.5864116e-02  -5.0921355e-01  -1.8325598e-01  -6.1634324e-02  -3.6820581e-01
  -1.9672634e-01   2.3047001e-01   5.2693766e-01   6.2063683e-02  -2.7255136e-01   0.0000000e+00   3.3695155e-01  -6.7437617e-02  -5.7022046e-01   2.1766538e-01   1.1978773e-01   3.9965182e-01  -1.0662098e-02  -2.0918310e-01   1.1707942e-01   3.7970991e-01   3.7300562e-01   2.6466141e-01   5.3141194e-01   1.2735743e-02   1.9065742e-01   8.1540094e-02   3.5292850e-01  -3.0103246e-01   4.8400323e-02  -1.7143694e-01   4.3748497e-01  -2.6908072e-01  -1.3145080e-01   2.2685727e-01  -2.8973485e-01   5.2197873e-02   1.6019570e-01   2.3679955e-01   1.3490805e-01   2.1274855e-01  -1.9985415e-01  -4.0330707e-01   9.8496382e-02   8.6935834e-02  -2.2189435e-02   3.0572070e-01   1.1477106e-03   4.8527562e-01   9.1942860e-02   1.3362754e-01   5.2974802e-01  -6.3438017e-02   1.0349190e-01  -3.5994148e-02   4.6435023e-01  -2.6093914e-02  -1.0735335e-01   1.3352525e-01  -3.0114145e-01   5.1243968e-01   4.6503989e-01   9.8334732e-03   5.2449565e-02   1.8644228e-01   4.4368520e-03   2.0872383e-01  -4.6831599e-01  -2.9828151e-01  -6.0021425e-01   4.3269452e-01   7.7564527e-01  -1.3066152e-01   3.9529337e-01   4.2188002e-01  -2.1068472e-01   2.2361743e-01  -2.3089010e-01   1.9394280e-01  -1.0827259e-01   9.7934026e-02  -9.1216973e-02  -3.0708424e-02  -4.9447233e-01  -2.9659990e-02   2.8563805e-01   5.6850981e-02   1.5899693e-01  -2.6157379e-02   3.8736284e-01   1.0876875e-01  -2.2898317e-01  -1.2187043e-01  -4.8636097e-01  -2.0418522e-01  -5.0517551e-01   9.7700661e-02   2.8703234e-02  -1.5620442e-01  -2.2270349e-01  -1.1078914e-02   9.3088229e-02  -3.8791696e-02   1.8239643e-01   2.9266256e-01  -1.7567681e-01   1.1107268e-01   6.0327704e-02  -3.6629220e-01   3.2966700e-01  -3.7133133e-02   3.4030741e-01   1.0489578e-01  -2.0112443e-01   7.6615714e-01   1.8127266e-01   2.5431205e-01   7.3892762e-02  -2.2790330e-01  -8.9160453e-02  -5.4136559e-01   9.0912473e-02  -1.5923439e-01   5.0807028e-01   5.2841568e-02  -1.7974238e-01  -2.2387720e-01  -2.8243124e-02  -2.4760211e-01  -1.7161743e-01  -1.1350780e-01   2.3719169e-01  -6.4365837e-02  -3.8637126e-02   6.6868211e-01  -3.2598123e-02   9.5334767e-02   9.2889353e-03   1.1607350e-02  -8.5030505e-02   1.0318970e-02  -7.6053740e-02   1.7143241e-01   1.3061423e-03  -3.3377861e-01  -3.1884532e-01  -9.5009280e-02   1.9088999e-01   5.1672113e-01   8.5822461e-03  -3.6301364e-01  -7.8002157e-02   1.6632968e-02   6.6673162e-01  -4.6056912e-01   2.1673509e-01  -2.8368594e-01  -4.4456404e-03  -4.4234370e-01   2.9451853e-01  -3.3209066e-01  -1.3834808e-01   1.9769927e-01   1.2936215e-01  -4.0140558e-03  -6.8327290e-02  -2.4849981e-01   4.1750655e-01  -8.0804192e-02   7.5099388e-02  -3.5173018e-01   1.6787542e-01   1.4399745e-01   1.9229324e-01  -1.3119912e-01  -2.5440585e-01  -3.0726874e-01  -2.2625993e-01   7.5958187e-01   7.3862617e-02   7.5860092e-02  -2.4864007e-02
  -4.1228120e-01   2.7280724e-01  -4.0354628e-02  -3.7301438e-01   3.3849761e-01   3.3695155e-01   0.0000000e+00  -4.8322083e-01   7.1722419e-03   7.8829301e-01   1.4585110e-01   7.0066762e-01   1.8915875e-01  -6.0522471e-01   3.5429200e-01   1.9939646e-01   8.0478326e-02   8.8821780e-02   5.5538985e-02   4.6517064e-01  -2.5406497e-01  -4.9081036e-01   2.9495552e-01  -4.2534751e-01  -2.0706624e-01  -6.3774779e-01   6.0088598e-01  -3.0721155e-01  -8.8445216e-02  -4.2650132e-01  -6.0225164e-01  -4.2357284e-01  -1.8072760e-01   8.3799364e-01   4.8149322e-01   6.6372770e-01   6.1720300e-02  -4.5642516e-02   8.2609228e-02   3.0848570e-01   1.7857287e-01  -3.1868852e-02   5.8054592e-01  -1.0247887e-01   6.2210528e-01  -3.0933071e-01   2.7317268e-01   6.5731911e-01  -3.0200238e-01  -1.3112684e-01   1.1737053e-01  -5.9359565e-01   5.5487204e-01  -2.2494246e-01  -5.6229812e-01  -4.5223665e-02  -4.0681476e-01  -6.5745141e-01  -1.9610009e-01   2.5342367e-01  -3.5044455e-01   6.1288533e-01  -3.6160799e-01  -2.5141752e-01  -1.4508118e-01   7.7302284e-01   1.0723579e-01   2.2069959e-02  -3.8759109e-01  -1.0023803e-02   3.2944024e-01  -3.0206268e-01   2.6505872e-01  -4.6433440e-01  -4.8981415e-01  -1.1136802e-01  -3.3887459e-01  -4.2510873e-01   1.7498886e-01  -2.5161063e-01   3.1402271e-01   5.1085923e-01   3.3922925e-01  -5.0043924e-01  -2.8053019e-01  -2.6711716e-01  -2.5085816e-02  -3.6821744e-01  -2.1459739e-01  -4.5567683e-01   3.8397008e-02  -5.5690801e-01   5.5034971e-01   5.0288368e-01  -2.9603716e-01   2.4146233e-01   6.4065073e-02  -4.6332277e-01   5.3084723e-01   4.6719577e-01  -4.4231325e-01   3.6043678e-01  -5.8218211e-01  -4.1131292e-01  -2.2888516e-01  -4.5313406e-01   6.2582476e-02  -6.2060119e-01   4.4286047e-02   3.1906072e-01   6.3155724e-01  -5.0379504e-01  -1.3642610e-01  -2.7132017e-01  -3.0254338e-01  -3.7634785e-02  -4.8305442e-01   1.8313657e-01  -1.4344415e-01  -4.2299970e-01  -4.2964352e-01   4.0054322e-01  -4.3673071e-02   2.3520574e-01  -4.4369268e-01  -6.3199073e-01   6.3783798e-01  -2.9513087e-01  -4.8087671e-01   5.4011974e-01   2.4734512e-01   7.4546127e-01  -5.7627652e-01  -2.1320914e-01  -4.1904103e-01  -2.0455827e-01  -2.3837456e-01   4.2782029e-01  -3.7926826e-01  -9.3191219e-02  -1.2465231e-01  -2.0670779e-02  -3.3175028e-01  -1.2117090e-01   2.9588903e-01  -5.2291465e-01   3.5118971e-01   5.2872973e-01   6.0153693e-01  -2.3079675e-01  -4.5781154e-01  -5.2426730e-01  -5.3471396e-01   9.3794713e-02   2.3647142e-01  -2.3499854e-01  -3.7970256e-01   2.8208710e-01  -4.4089757e-01  -2.3291459e-01   1.5903098e-01  -3.9868137e-01   5.5963164e-01  -4.0158015e-01  -5.3748143e-01   5.1599674e-01   7.4999569e-01  -4.4625722e-01  -2.4715354e-01   1.4027163e-01   4.0593577e-01  -3.2748158e-01  -1.3941907e-01  -4.0006017e-03  -8.3405214e-02  -2.6949465e-01  -3.5831072e-01
   2.8628651e-01  -1.5295052e-01   1.2948125e-01   2.0948957e-01  -3.6982739e-01  -6.7437617e-02  -4.8322083e-01   0.0000000e+00   5.8504017e-02  -4.0497867e-01   2.5011147e-02  -3.8163557e-01  -5.5247113e-02   2.3937346e-01  -1.5385197e-01  -1.0534652e-01  -4.5494579e-02  -3.5371686e-02   3.1991301e-01  -3.8543177e-01   1.8373210e-02   4.5412154e-01  -1.8848109e-01   2.2393659e-01   1.9347702e-01   6.5898126e-01  -2.6303352e-01   2.4647286e-01  -3.7993839e-02   2.2999636e-01   2.3101290e-01   3.7768070e-01   2.8041486e-01  -4.8352588e-01  -5.4787861e-01  -4.1743978e-01  -3.5708478e-01  -7.7092728e-02  -2.5149599e-01  -2.4877610e-01  -2.7777758e-01   1.1221417e-01  -3.6771019e-01   1.3885869e-01  -3.4142777e-01   4.2509272e-01  -1.4645174e-01  -3.4704160e-01   7.6033098e-02  -6.4971038e-02  -2.0707866e-02   7.8335755e-01  -3.8259555e-01   1.7973667e-01   2.0260422e-01   8.8060963e-02   2.8008060e-01   5.5537071e-01   1.8587468e-02  -1.3724100e-01   3.7495989e-01  -3.3137696e-01   2.1304164e-01   1.1553097e-01   2.3519194e-03  -3.9387029e-01   5.3132331e-02   1.0184194e-01   2.4356941e-01   2.4796031e-01  -2.8580676e-01   1.2654823e-01  -2.8233013e-01   3.1681975e-01   1.3896414e-01   3.4959073e-01   3.6308609e-01   4.6077435e-01  -7.1409440e-02   8.9466692e-02  -1.2572462e-01  -1.9257604e-01  -3.1201086e-01   6.8888936e-01   4.7743872e-02   3.0625633e-01  -1.4479271e-01   1.7242291e-01   2.3382174e-02   3.6175553e-01  -2.6283517e-03   4.6156866e-01  -4.4447083e-01  -1.7992232e-01   1.7002767e-01  -2.5000486e-01   1.8433673e-01   6.1898189e-01  -2.5750155e-01  -1.6186294e-01   8.0570392e-02  -8.2826822e-03   4.3642390e-01   2.2127561e-01   2.3705542e-01   4.3675366e-01  -9.2053576e-02   5.6300533e-01  -1.5568936e-02  -2.1300325e-01  -4.7809164e-01   3.4465276e-01  -2.1535479e-02   2.8812620e-01   1.8113558e-01  -6.0765870e-02   3.1469123e-01  -2.6132858e-01   1.2581198e-01   1.8060782e-01   3.8084723e-01  -2.2180409e-01   3.5344590e-02  -1.6546360e-01   4.6117636e-01   2.9577721e-01  -2.5786227e-01  -7.6472871e-02   4.5454462e-01  -2.8755550e-01  -1.7515769e-01  -3.7744322e-01   2.6771635e-01  -1.2644646e-01   2.5238274e-01   5.9235817e-01  -7.0538574e-02  -2.6392960e-01   6.4530598e-01   1.3829716e-01   2.0978967e-01  -1.5364079e-01   4.4672803e-01  -9.1197894e-03  -1.2418209e-01   2.5715488e-01  -3.1851834e-01  -2.9045535e-01  -3.2445337e-01  -1.1380544e-01   2.0224420e-01   5.9338023e-01   3.7010376e-01  -8.2875303e-03  -2.5804894e-01   2.0028646e-01   4.1706024e-01  -1.9425158e-01   3.7228890e-01   4.2572030e-01  -5.1889329e-02   3.5127988e-01  -3.8382906e-01   2.1188806e-01   4.7194205e-01  -3.4836137e-01  -2.7332057e-01   4.0422540e-01   2.2583878e-01  -2.8354846e-01  -3.0660027e-01   4.5207238e-02  -3.2448355e-02   7.4114861e-02   2.2391397e-01   1.5820560e-02   3.1942105e-01
   8.4107846e-02   2.2777148e-01  -2.2913942e-01  -4.4610045e-02   3.3136438e-01  -5.7022046e-01   7.1722419e-03   5.8504017e-02   0.0000000e+00  -9.2203531e-02  -7.2203260e-02   7.3868050e-02  -1.5261916e-01  -2.7508623e-01  -2.4760277e-01  -3.9689641e-01  -2.1098801e-01  -1.7694633e-01  -3.6708015e-01   8.8408792e-02  -4.9771405e-01  -1.4632483e-01  -3.9644672e-01   1.0841046e-02   4.7693020e-02   6.3628422e-02  -4.2739163e-02  -1.4789198e-01   9.3523851e-02  -2.2645997e-01  -8.6176029e-02  -1.3635484e-01  -1.2034723e-01  -8.9247119e-02  -1.9568184e-01   7.5549815e-02  -1.5142663e-01   2.0495714e-01  -9.8334157e-02  -8.5742401e-02  -1.1534428e-01  -3.5359838e-01   3.9139622e-01  -3.5274681e-01   2.0893631e-01  -1.0623316e-02  -2.5527734e-01   3.1049916e-01  -3.7804044e-01  -5.1251975e-02  -3.6239396e-01  -8.6662443e-02   1.6574010e-01  -1.2490370e-01  -8.9689584e-02  -4.6706263e-01  -4.0883581e-01  -1.2001468e-01  -2.4802581e-02   2.7433649e-01   1.3994587e-01  -9.7201330e-02   5.1768085e-01  -1.2795236e-01   7.5995414e-01  -7.1417358e-02  -4.0955897e-01   3.4924111e-01  -3.4529418e-01  -2.3628781e-01   3.9440338e-01  -2.5572960e-01   2.5672426e-01  -1.9041862e-01  -5.0527981e-02   1.1853789e-01   1.9230692e-01  -2.4630863e-02   7.0535787e-01  -7.6347236e-02  -4.6431809e-01   2.1999596e-02  -1.0263739e-01  -3.4997805e-02  -4.9914613e-01  -1.2956405e-01   7.9733102e-02  -9.6428172e-02   5.2707419e-01  -2.4837825e-02   7.9811839e-01  -1.0615582e-02   1.5763493e-02   7.0826831e-01   1.7614445e-01   3.1507821e-02  -4.3225404e-02  -5.4119650e-02   2.0210600e-01  -2.5101937e-01  -3.5050608e-01  -3.0788120e-01  -3.3818391e-01   4.6829785e-01  -3.7016266e-01  -1.4336457e-02  -3.1714401e-01  -4.3286604e-02  -1.6868322e-01  -5.4851245e-01  -1.8891914e-01  -3.5029179e-01   1.3258458e-02  -2.7867765e-02  -3.2721226e-01   5.1806243e-01  -1.6528064e-01   4.9368434e-02  -5.3299341e-01  -9.8628684e-02   1.1358961e-01   5.1330305e-01   2.0136289e-01   3.7042017e-01   4.4899411e-02  -1.5693756e-01   1.9918332e-01  -8.1620879e-02  -3.6073134e-03  -4.0512790e-01   3.9102919e-02   1.2734962e-01  -3.2966055e-02  -2.1513814e-01   2.2374544e-01   1.7717044e-01  -1.2161819e-02  -3.4218371e-01   1.3092105e-02   5.6613934e-02   1.8416552e-01  -2.0761334e-01  -2.2239935e-01  -5.7568818e-01  -1.0092968e-02   2.3257728e-01   1.4167423e-01   4.4962704e-01  -4.2550287e-01  -2.5995346e-02  -4.0557410e-01   4.0274063e-02  -1.0017877e-01   5.9227636e-01  -3.0202043e-03   4.9592545e-02   2.1444638e-01  -1.5337292e-01  -1.4676697e-03  -2.0334849e-01   4.0843297e-01   2.5327416e-01  -2.4464418e-01  -2.7548913e-02  -2.1470138e-02   3.8428762e-01   3.1318078e-02  -2.0005789e-01  -3.8476836e-02   1.1003050e-01   4.4016934e-01   2.1706064e-01   3.4638274e-01  -4.5949049e-01   8.6753806e-04  -2.1289685e-01   1.5651682e-01
  -4.6181442e-01   2.3720361e-02   1.5332110e-02  -5.0583608e-01   5.0842982e-01   2.1766538e-01   7.8829301e-01  -4.0497867e-01  -9.2203531e-02   0.0000000e+00   2.0879145e-01   4.1972978e-01   3.8930144e-01  -5.3786865e-01   4.1424539e-01   2.0922955e-01   1.4648413e-01   7.3526266e-02   9.9507744e-03   7.2081618e-01  -1.2799949e-01  -5.8929891e-01   3.9234671e-01  -3.8922787e-01  -3.2361132e-01  -5.3402439e-01   6.0387510e-01  -1.3089763e-01  -7.9148719e-02  -5.3801295e-01  -4.9027926e-01  -4.8927876e-01  -1.5453458e-01   8.1209682e-01   3.9693522e-01   7.4491061e-01   1.5218179e-02   1.3307863e-02   9.9911034e-02   3.8776240e-01   3.7606123e-01  -5.6100369e-02   5.1318296e-01  -9.7292311e-02   4.3900424e-01  -2.8801566e-01   3.3228424e-01   4.2650592e-01  -3.0883083e-01   4.2668008e-02   9.2587474e-02  -3.8936839e-01   5.6615833e-01  -1.8677876e-01  -5.8415946e-01   1.2520951e-02  -4.3390148e-01  -6.3400589e-01  -2.8422199e-01   7.9862545e-02  -4.1414708e-01   5.6430520e-01  -2.2742121e-01  -8.4767897e-02  -2.1260190e-01   8.0273099e-01  -4.5055569e-02  -1.1871207e-01  -3.3912980e-01  -1.3565479e-02   2.8225668e-01  -3.4272307e-01   3.6463369e-01  -5.6367138e-01  -4.9543367e-01  -2.4920827e-01  -2.9969839e-01  -2.9860684e-01   2.5110133e-01  -2.4866106e-01   3.5398984e-01   6.1756780e-01   4.3569270e-01  -4.2669701e-01  -2.7441885e-01  -3.8070440e-01   2.0521284e-02  -4.0260434e-01  -1.2511207e-01  -4.9497734e-01   1.0695021e-01  -4.7657174e-01   6.1406334e-01   3.2256571e-01  -2.6231459e-01   4.9752068e-01   9.5837694e-02  -4.4509903e-01   5.2409185e-01   4.3185260e-01  -2.5314418e-01   4.8083608e-01  -5.4277229e-01  -5.2638423e-01  -3.0990013e-01  -4.9709298e-01   3.9308921e-02  -6.0237747e-01   2.2223307e-01   3.6468505e-01   6.9334149e-01  -5.4788251e-01  -2.6883948e-01  -2.9472796e-01  -1.4550034e-01   1.1046064e-01  -3.7683086e-01   3.2524626e-01  -1.1965664e-01  -4.9667579e-01  -4.0700990e-01   5.1682139e-01  -7.7347313e-02   2.1009005e-01  -3.6160457e-01  -5.5963363e-01   4.6816930e-01  -2.8376305e-01  -4.9823281e-01   4.9163856e-01   4.2330039e-01   7.6013381e-01  -6.4472279e-01  -1.5930698e-01  -4.6955301e-01  -3.2517012e-01  -1.6710770e-01   3.2257671e-01  -4.4451103e-01  -1.2519383e-01  -1.6194262e-01   2.5203612e-01  -3.2490515e-01  -6.6209532e-02   2.7100400e-01  -5.7348759e-01   3.1277060e-01   4.2661920e-01   6.4788784e-01  -6.3345708e-02  -3.9319967e-01  -4.4480803e-01  -5.0196731e-01   8.8006996e-02   1.6993115e-01  -2.4712991e-01  -3.8515014e-01   1.7627598e-01  -3.7651452e-01  -1.8814192e-01  -5.4151753e-03  -4.3867840e-01   7.1538455e-01  -5.0223253e-01  -5.9635687e-01   4.5586537e-01   6.8884248e-01  -3.2477046e-01  -3.1432373e-01   3.2252463e-01   2.7888753e-01  -1.9600459e-01  -3.1025193e-01  -9.5118328e-02  -1.0143934e-01  -2.6526609e-01  -4.9021232e-01
  -2.4033354e-01  -1.1786609e-01  -1.2905421e-01  -2.3078685e-01  -9.5772813e-02   1.1978773e-01   1.4585110e-01   2.5011147e-02  -7.2203260e-02   2.0879145e-01   0.0000000e+00   3.7712949e-02   1.7412326e-01  -1.5479447e-01   5.6039803e-01   1.6238296e-01  -9.2269431e-02   5.6177471e-01   1.5477753e-01   4.5619551e-02   4.3317127e-01  -1.1007309e-01   6.9668656e-01  -2.6348574e-01  -2.1745141e-01  -3.7774687e-02   9.3713273e-02   1.6231238e-01  -1.9262557e-01   1.9197795e-02   3.4309144e-01   9.3429236e-04   5.5450823e-02   3.5871650e-01   1.7871385e-01   2.6496737e-01  -2.1401711e-01   4.0848603e-02   1.7375500e-01  -3.7783657e-02   3.1403517e-01  -3.5377419e-02  -1.0999162e-01   4.0231317e-01   1.8516420e-01  -2.2263971e-01   4.8666499e-01   1.6017760e-01  -8.2073479e-02  -1.5850116e-01   4.0093646e-01   1.3864380e-02   2.4486043e-01  -1.1592134e-01  -7.9307402e-02   3.7762328e-01  -9.9611321e-02  -8.8224244e-02   3.3174560e-01   6.4818968e-02  -3.6534041e-01   1.0695301e-01  -1.1073824e-01   4.5720444e-01   1.2860021e-01   3.5486214e-01   1.5930739e-01  -1.6069498e-01   1.3616492e-01  -2.0293595e-01  -2.7288187e-01   1.7101833e-01   3.2664403e-01  -1.6094528e-01  -1.9997111e-01  -3.9097565e-02  -1.4447405e-01   1.6081964e-01  -1.1965819e-01  -1.9215677e-01   4.3760966e-01   4.2827349e-01   3.2417791e-01   5.7147560e-02  -1.0761501e-01   1.2282531e-01  -1.1223092e-01  -1.8598532e-01  -1.2956183e-01  -2.5006584e-01  -7.2807076e-02  -2.7658609e-01   6.9851932e-02   1.0236179e-01  -1.3309829e-01  -1.3994732e-01  -4.4288755e-02   1.0811932e-01  -5.7313133e-02   3.2314142e-01   5.3753080e-02   5.4597853e-01  -6.8611160e-02   9.5585069e-02   2.3602868e-01  -4.2184742e-02   9.6075463e-04   1.2185589e-01   2.6385773e-01   2.1746770e-01   4.0778580e-01  -9.8159706e-02  -3.1108865e-01  -1.4376012e-01   1.0279111e-01  -4.0311306e-02   1.6920189e-01   1.4150651e-01   1.5673455e-01  -1.5607440e-01  -1.4024301e-01   1.1308048e-02  -2.2766584e-01   2.2197483e-01  -3.8772947e-02  -3.1232610e-01   3.7180639e-01  -3.1036720e-01  -2.9163907e-02   1.9883744e-02   4.0014510e-01   5.0922158e-01  -2.9279170e-01   3.9710215e-01  -2.3272558e-01   3.7341836e-02  -1.0874709e-01   1.1021138e-01   2.4673778e-02  -9.1713746e-02  -8.9487156e-02  -2.2765955e-02   3.2467543e-01   1.4605262e-01   5.1215611e-01   2.6917768e-01  -1.7575212e-02   2.7026365e-01   4.0348848e-01   2.3083836e-01  -1.7184362e-01  -3.2237064e-02  -2.9326473e-01   3.9685859e-01  -8.0576712e-02  -1.6428822e-01  -2.9760500e-01   3.8330346e-01  -1.4824138e-01   2.7387647e-01  -1.8793599e-01   4.7479649e-01   2.3271819e-01   3.3804347e-01  -2.1075462e-01   1.1087843e-02   5.0562548e-01  -3.0223746e-02  -3.2491172e-01   1.0202214e-01  -2.1414044e-02  -2.8559700e-02   5.0743118e-02   4.0153627e-02   8.5834259e-02  -1.2998537e-01  -1.1162533e-01
  -1.5701258e-01   6.1880674e-01   2.9040700e-01  -7.5611350e-02   2.2277888e-02   3.9965182e-01   7.0066762e-01  -3.8163557e-01   7.3868050e-02   4.1972978e-01   3.7712949e-02   0.0000000e+00  -1.1381500e-03  -3.7572357e-01   1.2696717e-01  -9.1858452e-02   2.6128261e-01   1.6030386e-01  -2.7057487e-02   1.1102041e-01  -2.0989287e-01  -1.8031521e-01   4.0769941e-02  -4.7598044e-01  -6.7502857e-03  -5.0865485e-01   3.9496432e-01  -2.8924984e-01  -1.7694649e-01  -9.5304905e-02  -4.7488422e-01  -1.7649554e-01  -2.1115803e-01   5.3361429e-01   3.3483634e-01   2.2824421e-01  -1.3273893e-02  -2.3961937e-01  -1.7273352e-01   1.4500030e-01  -9.2722329e-02  -5.2014871e-02   5.2142685e-01   4.2821504e-02   4.4522890e-01  -4.1383376e-02   8.2171861e-02   4.6208956e-01  -1.3952925e-01  -9.9427432e-02   1.0321452e-01  -5.6092775e-01   3.1165000e-01   6.3955577e-02  -3.4236246e-01   1.0871469e-01  -1.5461051e-01  -3.8404298e-01   1.0677150e-02   4.2776923e-01   2.9660509e-02   3.1386326e-01  -6.9135482e-02  -4.1965268e-01  -6.2874383e-02   4.3071585e-01   2.1611421e-01   2.3366556e-01  -1.7454857e-01   1.3497443e-01   2.1163466e-01  -1.5449439e-01  -6.7510120e-02  -1.6359421e-03  -3.0939398e-01   2.9359335e-02  -9.5610813e-02  -2.9899261e-01   5.2722254e-02  -2.7713581e-01   5.3273655e-03   1.1876938e-01   2.1346718e-01  -2.7747086e-01  -2.1183233e-02  -1.2158853e-01  -1.8517549e-02  -2.8562937e-01  -1.6368767e-01  -2.9413693e-01  -7.5077314e-02  -2.2007939e-01   2.8311298e-01   5.6132731e-01  -2.4255738e-01  -3.1358974e-02   9.5269602e-02  -3.9209252e-01   5.1076356e-01   2.5879573e-01  -3.6113082e-01   5.3899881e-02  -3.8893524e-01  -1.6775016e-01  -5.0389827e-02  -1.2198138e-01   8.9411194e-02  -3.0678841e-01  -9.9538517e-02   2.1111846e-01   3.3564661e-01  -2.2037361e-01   1.1085599e-01  -2.5293232e-01  -2.3932915e-01  -1.8636609e-01  -3.0086967e-01  -1.0796737e-01   6.8544501e-02  -5.0727120e-02  -2.3738673e-01   2.0247237e-01   1.8553295e-01   2.2758952e-01  -3.4147649e-01  -3.6384797e-01   5.0953386e-01  -3.7680328e-01  -1.5512804e-01   4.9984434e-01  -7.9476247e-02   3.6776949e-01  -9.2853734e-03  -1.4773829e-01  -7.7215932e-02  -5.5215131e-02  -2.8167517e-01   2.3340529e-01  -2.6252198e-01  -2.5578281e-01  -2.1725503e-01  -1.6033258e-01  -9.1678757e-02   1.0325420e-01   2.5450560e-01  -3.8881255e-01   3.1843884e-01   2.8925613e-01   3.4349645e-01  -2.1546941e-01  -1.7512263e-01  -3.8749550e-01  -2.7452694e-01  -7.1293241e-02   5.3449934e-01  -3.4920127e-01  -1.6483636e-01   2.2623216e-01  -8.2632137e-02  -3.8614529e-01   4.1487242e-01  -2.5895246e-01   2.7484772e-01  -1.8249365e-01  -2.2281782e-01   2.9204292e-01   3.6126185e-01  -1.8908624e-01   9.1616614e-02   4.5550596e-02   1.7865476e-01  -3.0743026e-01  -1.6685153e-01   2.9051303e-01   5.8463205e-02  -1.1457396e-01  -3.6260929e-02
  -1.3475979e-01  -2.7109401e-01   3.1298578e-02  -3.1542189e-01   2.9856644e-01  -1.0662098e-02   1.8915875e-01  -5.5247113e-02  -1.5261916e-01   3.8930144e-01   1.7412326e-01  -1.1381500e-03   0.0000000e+00  -1.5608479e-01   4.4411263e-02   2.2199756e-01   8.9320061e-02  -2.3285369e-02  -4.6003333e-03   4.5220579e-01  -4.1234847e-02  -2.3919641e-01   1.0204771e-01  -2.1410926e-02  -2.0518352e-01  -2.1156745e-01   2.2237598e-01   2.4847728e-02   1.2982674e-01  -3.5646448e-01  -1.3504386e-01  -2.1752877e-01  -8.8135732e-02   1.2607752e-01   6.3635725e-02   3.8755355e-01   1.6625117e-01  -2.8759992e-03   1.8586901e-01   1.5134932e-01   7.0677925e-01   1.0114668e-01   2.9756702e-01  -3.5912665e-03   1.8414555e-01  -3.8466433e-02   2.1406927e-01  -1.4988435e-01  -1.8482687e-01   9.8842368e-02   9.0369778e-02  -6.4905937e-02   1.2878896e-02  -2.3447672e-03  -2.2356257e-01  -2.7324480e-02  -2.4805261e-01  -8.6941525e-02  -2.1693989e-01  -9.6059393e-02  -2.1337940e-01   2.5078322e-01  -8.5834240e-02   9.5868989e-02  -2.4097068e-01   3.0824204e-01  -1.7199274e-01  -1.2493835e-01  -1.1386865e-01   1.1022354e-01  -8.6955549e-03  -6.2048243e-02   3.2487259e-01  -1.9422228e-01  -3.7453703e-02  -7.9065800e-02  -9.3683645e-02   3.9866499e-02   3.4778901e-03   1.2598749e-01   8.0377413e-02   3.9416486e-01   6.5610755e-02  -1.6426821e-01  -8.2789782e-02  -1.8342918e-01  -1.8103663e-01   4.8819970e-02  -7.6706056e-02  -1.2845632e-01  -8.2742712e-02  -1.0961212e-01   2.3017602e-01  -5.1191940e-02  -8.3638094e-02   4.8351434e-01   9.2406046e-02  -1.0359472e-01   2.6191890e-01   8.8151490e-02  -7.7486697e-03   1.7083790e-01  -2.1457813e-01  -2.8532770e-01  -2.0979045e-01  -2.0259693e-01  -2.3229529e-02  -2.7186448e-01   9.4745618e-02   1.4490740e-01   2.1095726e-01  -2.7241182e-01  -1.4045727e-01  -9.5839155e-02   1.4963288e-02   6.3737023e-02  -1.5359973e-01   5.9232604e-01  -3.7416319e-02  -2.0549177e-01  -1.2676076e-01   1.9098968e-01   1.2925540e-01  -1.5916143e-01  -8.9241690e-02  -1.2171641e-01  -2.3483940e-02   1.4485111e-02  -2.4226092e-01   1.9030452e-01   4.4173030e-01   1.6343114e-01  -3.0437613e-01  -8.1576574e-02  -1.3120877e-01  -2.0530387e-01   9.9147436e-02   1.9431200e-02  -7.3218627e-02  -8.5669596e-02  -7.1711399e-02   5.9912057e-01  -2.2894668e-01  -7.3517539e-02  -9.0800146e-02  -2.8969912e-01   4.3291821e-02   5.2882603e-02   1.7345671e-01  -4.8863327e-02  -1.0719706e-01  -1.9934258e-01  -8.4984111e-02  -1.4209189e-01   3.2491423e-02  -1.0949171e-01  -2.0058302e-01  -2.3801187e-02  -1.3814447e-01  -5.3410059e-02   6.4833460e-02  -1.7877643e-01   4.2821561e-01  -3.2143786e-01  -2.4156344e-01   1.9714695e-02   2.3386477e-01  -1.1483060e-01  -1.9414335e-01  -3.9733349e-02   4.6688042e-02  -1.1353782e-01  -1.2848406e-02  -2.3072524e-01  -3.1751783e-01  -2.0347512e-02  -1.4864630e-01
   5.7058130e-01  -6.8785594e-02   2.5983817e-02   2.3079680e-01  -5.2758276e-01  -2.0918310e-01  -6.0522471e-01   2.3937346e-01  -2.7508623e-01  -5.3786865e-01  -1.5479447e-01  -3.7572357e-01  -1.5608479e-01   0.0000000e+00  -1.0472590e-01  -2.0733527e-01  -1.2254189e-01  -7.0708637e-02  -2.6909484e-02  -5.8113254e-01   3.8562898e-01   3.5636097e-01  -1.5006385e-01   4.2885402e-01   2.2706267e-01   3.9477856e-01  -6.0106545e-01   6.1763093e-01  -9.6405550e-02   3.7070807e-01   5.2807034e-01   3.0112034e-01   1.5559157e-01  -4.8984891e-01  -2.3884951e-01  -7.2615933e-01  -4.3998381e-02   1.5857906e-01  -3.2102968e-01  -3.3212171e-01  -2.2852078e-01   1.3376507e-01  -5.0149977e-01   2.3356494e-01  -5.8847574e-01   2.5127799e-01  -3.4092205e-01  -3.5336806e-01   4.9637795e-01  -5.4443358e-02  -1.4099899e-01   3.2647896e-01  -3.5803681e-01   3.9428632e-01   7.2566615e-01   1.8024542e-01   2.8236038e-01   3.4694020e-01   2.5641656e-02  -4.7254499e-01   2.0696588e-01  -4.0675035e-01   1.9475803e-01   2.4868117e-01  -6.2181900e-02  -6.4636262e-01  -4.7810461e-02   5.3104468e-02   1.7654119e-01   6.2916390e-02  -3.8588852e-01   1.7455833e-01  -3.8990641e-01   5.8028884e-01   2.5055799e-01  -1.4221214e-02   2.0961150e-01   3.3065765e-01  -4.0449212e-01  -6.0300059e-02   9.6233431e-02  -5.3484225e-01  -1.4423811e-01   3.9058012e-01   6.0781762e-01   2.9787057e-01   1.6920098e-01   3.9284484e-01   9.7727794e-02   6.7670518e-01  -3.9298759e-01   3.3009306e-01  -5.1943209e-01  -5.7056025e-01   2.3982752e-01  -3.9576081e-01   3.2864311e-02   2.1855244e-01  -3.8625931e-01  -2.1843315e-01   6.8557206e-01  -9.7544634e-02   6.2100092e-01   2.3528215e-01   2.8881822e-01   3.4877208e-01   6.8921470e-02   3.1158770e-01   4.9514782e-02  -1.6574943e-01  -4.0276612e-01   4.1825669e-01   2.0239964e-01   5.6254794e-01   6.0211890e-01  -3.3573898e-01   2.7852970e-01  -3.8974537e-01   4.9512519e-01   3.5923464e-01   4.5329847e-01  -5.8232667e-01  -1.3420947e-01  -1.0324806e-01   4.6008183e-01   8.4468846e-01  -6.2365626e-01   3.2193505e-02   3.4586380e-01  -3.1104015e-01  -4.4074411e-01  -5.4285519e-01   5.5946956e-01   3.3790367e-01   1.2720254e-01   1.4219428e-01  -2.0831493e-01   9.8170306e-02   2.5403679e-01   3.4530135e-01   3.8623341e-01   5.7801460e-02   2.5331005e-01   5.0094931e-01  -2.9689304e-02   3.1776766e-01  -3.0056938e-01  -6.0806013e-01  -4.2855888e-01   2.5780302e-01   7.4497917e-01   5.3831206e-01   5.1844801e-01  -2.0216000e-01  -1.6155626e-01   4.1147447e-01   2.4407769e-01  -2.9148992e-01   3.4063812e-01   2.9510739e-01  -1.5660202e-01   2.5518382e-01  -4.4279574e-01   3.4703998e-01   1.7272554e-01  -5.2327335e-01  -5.3437502e-01   4.3162473e-01   3.6027708e-01  -1.3593847e-01  -5.6710883e-01   2.9790756e-01  -1.5849787e-01   1.8560886e-01   2.0843770e-01   1.9249828e-01   5.8462945e-02
