   0.0000000e+00  -3.7360929e-01   3.6325635e-01  -4.0495336e-01  -2.6768694e-01  -4.9359341e-02  -1.5725840e-01   2.0469431e-02  -2.3531986e-01  -3.9898846e-02   4.1544155e-02  -3.7975448e-01  -2.8495386e-02   7.3007383e-01   4.3279001e-01  -1.3549964e-01   4.7297327e-02   2.0302502e-03   2.8501350e-02  -1.4476214e-01   4.5179004e-02  -5.1521795e-01   1.8371792e-02   7.3981579e-01   2.4899746e-01   7.8468344e-02  -4.7215086e-01   7.3068873e-01   1.8965304e-01  -2.5552681e-01   4.5158009e-01   8.6951074e-02   3.3008618e-02   1.0778851e-03  -7.7245452e-02  -1.3645990e-01  -2.0769489e-01   4.0005758e-01  -1.7471512e-01  -2.4665342e-01  -3.8154718e-02   2.1552688e-01  -2.0685015e-01   1.0220249e-01  -1.5144664e-01   6.1043860e-01   1.7320284e-02  -1.9427815e-01   1.5111635e-01  -3.1393076e-01   1.0806304e-01   9.8728429e-02  -9.9891681e-02   4.5345556e-01   3.7454571e-01   3.4603146e-01   1.0012111e-01  -1.4631527e-01  -1.0529336e-01  -4.1425211e-01   5.3130154e-01   6.7638019e-02   3.9458015e-02   3.9657093e-01  -2.4847992e-01  -2.2147322e-01  -3.0450267e-01  -2.9998638e-01  -1.5265430e-01   6.4777904e-01   8.9437780e-02  -9.4331359e-02  -1.9630702e-01   7.0279377e-01   2.6931827e-01  -3.3719846e-02   5.4127970e-01  -2.8636900e-01  -1.9790497e-01   1.8573947e-02   6.0118712e-01  -3.6066888e-01   1.7634473e-01  -6.5944800e-02   8.1365851e-01   6.5464818e-02  -5.9657514e-02   6.0095163e-01  -6.4097532e-02   8.9766458e-01  -1.6535818e-01   5.3776440e-01  -1.6051164e-01  -3.8463099e-01   6.0045098e-01  -4.4340997e-01  -1.7918659e-01  -7.4221698e-02  -2.1801679e-01   4.6884237e-02   6.9879350e-01   1.1918558e-01   1.0586365e-01  -4.6794486e-01  -1.5254606e-01  -9.8459170e-02   4.3323584e-01  -3.4913319e-01  -9.2817816e-02  -1.5763293e-01   1.5500836e-01  -3.4530745e-01  -1.6307524e-01   8.0760231e-01   7.5059361e-01  -1.7102115e-01  -2.6262409e-01   5.8796161e-02   4.0071235e-01  -1.9746850e-01   7.3388250e-01  -2.4346420e-01  -1.2487058e-02  -2.5603730e-02   6.4085915e-01   1.5214258e-01   2.1157134e-02   8.0465155e-02  -3.4157595e-01   4.8131465e-01  -1.5678771e-01  -2.2307586e-02   3.5779517e-01   2.0426117e-01   3.9909981e-03  -1.4626809e-02  -9.6407820e-02   6.8844899e-01  -1.4350065e-02   5.2776379e-01   6.3492926e-01   3.5997102e-02  -8.7193879e-02   4.5882639e-01   3.2878205e-01   1.1367462e-01   2.1442462e-01  -4.6629894e-01  -2.0580578e-01   3.4680673e-02   7.6126896e-01   3.2345136e-01   7.7382647e-01  -2.0396063e-01  -2.5829881e-01   7.3190991e-01   5.8078118e-01  -4.7242904e-02   4.8301734e-01   2.2716493e-01  -2.4481693e-02  -2.1901724e-01  -1.5613791e-01  -1.5580044e-01  -1.2004868e-01  -2.4653867e-01  -1.9064953e-01   5.4674053e-02   8.0191447e-01  -9.9241577e-02  -1.0516208e-01   5.4135593e-01  -2.8758833e-01   1.7438173e-01  -4.5796314e-02   2.1990057e-01  -3.2288192e-01
  -3.7360929e-01   0.0000000e+00  -4.6643114e-03   5.2952861e-02   4.4649166e-01   2.2882048e-01   1.6379986e-01  -2.1547642e-02   2.5058804e-01   4.2709588e-01  -1.6361947e-01   6.2458716e-01   1.0674089e-01  -3.1102319e-01  -1.5389591e-01   2.1171468e-01   3.0335809e-01  -2.1565466e-01  -1.2607496e-01   2.9652952e-01  -9.2428890e-02   6.5614062e-03   9.3357556e-02  -1.7867008e-01  -2.6646006e-01   3.9707790e-02   4.2705980e-01  -3.0683585e-01  -1.0076163e-01   1.8246196e-01  -1.3692447e-01  -3.8816695e-01   2.6402380e-01   3.3792330e-01   2.5544546e-01   1.6495874e-01   3.5220037e-01  -5.0816985e-01   2.5645945e-01   5.6910904e-01   3.0179626e-01   1.4705667e-01   3.4282825e-01  -3.0447501e-02  -6.0380856e-02  -3.9327363e-01  -5.3109852e-02   3.8828637e-01   1.6397863e-02   6.8756856e-01  -2.4095052e-01   2.0635388e-02   5.1666693e-01  -8.6759108e-02   5.1118485e-02  -1.1983219e-01  -1.2437131e-01  -2.4973298e-01   8.6599807e-02   2.8955642e-01  -3.6093631e-01  -3.1271523e-02   3.7768285e-01   4.5989290e-02   2.8055912e-01   2.3856062e-01   3.4243094e-01   4.1349876e-01   1.2365179e-02  -4.3842471e-01   4.7622297e-01  -3.3917983e-02   3.6739392e-01   3.1436618e-02  -5.5509788e-02  -2.7007601e-01  -2.8515717e-01   1.3658446e-01   4.1496841e-01   9.8283493e-02  -2.9512297e-01   2.0404952e-01   2.7554809e-01   2.8827988e-02  -2.2162962e-01  -4.5941855e-01   1.2358471e-01  -1.8478349e-01   1.6773748e-01  -3.8046689e-01   4.1898211e-01  -2.9014307e-01   4.8023804e-01   1.3131141e-01  -4.7209155e-01   4.5976201e-01   2.5289358e-01   2.2137681e-01   3.3369078e-01  -1.1876894e-01  -1.8375766e-01  -3.2979042e-02  -2.5128987e-01   4.0079036e-01  -3.9262916e-01  -2.2888409e-01  -9.8726707e-02   1.2744869e-01   1.8990631e-01   4.7604763e-01   1.9228009e-01   8.3936041e-03   1.8612177e-01  -5.2306011e-01  -1.9779888e-01   5.1377723e-01   1.9434903e-03   2.7616515e-01   3.5760125e-02  -4.4618977e-03  -3.3398224e-01   3.3084543e-01  -3.8944090e-02   3.7100517e-01  -5.8813061e-01   2.7280688e-01   1.9261881e-02   2.4472114e-01  -1.1307807e-01  -3.9955644e-02   2.6878465e-01   2.2328102e-01   2.4775011e-01   2.2445524e-01  -7.0378204e-02  -2.7241030e-01   1.2626768e-01  -3.2903112e-01  -1.8974342e-01  -3.8584243e-01  -1.6691229e-01   6.3868769e-02  -1.4023233e-01  -4.5037943e-02  -2.3300881e-01  -1.4952720e-01   1.5444285e-01   1.8678946e-01   2.6494733e-01   9.8514077e-02  -4.5678829e-01  -5.6186465e-02  -1.9340873e-01   2.7440640e-01   7.3669074e-01  -3.1299933e-01  -3.1277936e-01   2.1333861e-01  -4.1089425e-01  -2.4171278e-01   1.5237288e-01  -1.8569694e-01   3.7522837e-01  -1.3599211e-01   3.2245213e-02   5.2484566e-01   2.7299545e-01  -2.1498495e-01  -2.5526136e-01   5.0727357e-01   4.1810778e-01  -2.4705480e-01   5.1981331e-03   1.7324640e-01   7.2228175e-02   8.7430417e-03   1.0914573e-01
   3.6325635e-01  -4.6643114e-03   0.0000000e+00  -1.5950502e-01  -1.6341565e-01   4.6460256e-01   6.9874466e-02   3.5160595e-01  -9.8286337e-02  -1.3083489e-01   2.7802567e-01   6.9627260e-02  -8.8416610e-02   2.0512635e-01   1.0045605e-01  -3.0333449e-01   7.4107491e-01   2.5063268e-01   3.4491103e-01  -1.7039101e-01  -1.3570704e-01  -1.0121890e-02  -1.7803371e-01   2.3086352e-01  -1.1168921e-01   2.7582481e-01  -2.8588423e-02   2.2487692e-01   1.7646131e-01  -5.3459379e-02   1.4793250e-01   1.8481844e-01  -5.3706344e-02  -3.8649140e-02  -1.6281005e-01  -8.7007795e-02  -2.8522948e-01   2.8441473e-01  -2.5001925e-01  -7.0304054e-03  -9.3220057e-03   1.5503005e-01  -9.4022888e-02   2.3867777e-01  -1.5255206e-01   6.1365304e-01   1.9150336e-01  -1.9033422e-01  -7.4494992e-02   1.6600481e-01   1.6643339e-01   3.4028909e-01  -1.2679009e-01   5.2140788e-02  -9.9814050e-02   2.3037861e-01   1.7833469e-01   1.1066508e-01   1.3926346e-01   5.6514984e-02   6.8405972e-01  -3.4181432e-02   2.2900758e-02   3.2377853e-01  -1.4859339e-01  -9.5859724e-02   2.7398674e-01  -3.3320397e-01   2.6916338e-01   6.6216825e-01   1.6954257e-02  -9.7722914e-02  -1.3231576e-01   3.5869953e-01  -7.9638830e-02   2.3764090e-01   6.5421649e-01  -4.9586933e-02  -9.2810680e-02  -2.6119653e-01   3.5814612e-01  -4.5091798e-01   1.1101938e-01   3.5469940e-01   3.7866887e-01   1.1662030e-01  -1.0987837e-01   9.5804606e-04  -1.7220819e-01   3.5539259e-01  -1.7222829e-01   6.6532453e-01  -7.3020679e-02  -2.0368196e-01   5.3507895e-01  -1.9671881e-01  -2.5232505e-01   1.4480919e-01  -1.9123165e-01  -1.9868560e-01   4.0745731e-01   1.5860043e-01   1.9383965e-01  -1.4585089e-02   6.6109001e-02   2.6793815e-01   3.0299918e-01   1.4975486e-01  -7.6883406e-02  -1.3040873e-01   8.2791314e-02   2.3516671e-01  -2.6260698e-01   3.8425337e-01   3.3603734e-01  -1.1248637e-01   2.8283654e-02   1.8340664e-01   1.6611515e-01  -1.7011502e-01   5.6113963e-01  -1.5045109e-01  -1.5144322e-01  -6.7296043e-02   5.0611928e-01   3.5166799e-01  -1.6275984e-01  -1.5204382e-02   5.0265460e-02   7.3904372e-01  -1.3846608e-01  -4.4819909e-02   1.8146030e-01  -2.0110373e-02  -1.5027768e-01   3.5650579e-01  -2.5629073e-01   3.7238909e-01   2.7311671e-01   2.5206937e-01   3.4954068e-01  -2.5495945e-02   1.7339710e-01   2.1572197e-01  -2.7978788e-02  -7.1380991e-02   1.3068270e-01  -8.9103230e-02   4.6210905e-02  -1.9355900e-01   5.2357865e-01   3.0783373e-01   5.5082384e-01  -6.8600280e-02   1.6501156e-01   4.1124148e-01   5.6515617e-01   1.0098539e-01   4.9296829e-01   3.8841581e-01  -1.1582386e-01   1.7350494e-01  -9.0845720e-02   9.9023951e-02   9.4661047e-02  -1.5004997e-01   6.2902776e-02   2.2110220e-01   4.2166128e-01  -2.1696168e-02  -1.1719635e-01   4.0957722e-01  -4.7870244e-02   5.4047289e-01  -8.9570908e-02   2.8753043e-01   9.6685125e-02
  -4.0495336e-01   5.2952861e-02  -1.5950502e-01   0.0000000e+00   3.7898682e-01   8.0507563e-02  -3.1160103e-03   1.7127123e-01   2.2317670e-01   2.6416600e-01   2.2711043e-01  -2.7716017e-02   4.3116691e-01  -2.5632408e-01  -6.5355538e-03  -3.5889890e-02  -5.6205609e-02   2.8841521e-01  -2.4945249e-01   3.8079562e-01   2.8734677e-01   2.9362846e-01   1.8004474e-01  -2.8844046e-01  -2.4658444e-01   1.6332076e-01   3.1264507e-01  -1.0013890e-01  -7.6840012e-02   2.1597655e-02   6.7278742e-02   2.0423697e-01   1.1340566e-01  -7.3244705e-03  -8.0972361e-02   2.9786824e-01   3.7883036e-01  -1.9726950e-01   1.5720582e-02   7.0309581e-02   5.1845045e-01   1.8825169e-01   2.0992735e-01   9.4528716e-02   2.9036104e-01  -2.9010183e-01   3.0194675e-01   4.7243329e-02   2.9798997e-01   1.5060687e-01   1.2975723e-01   2.0894375e-01   1.3809940e-01  -6.7977183e-02  -1.1594048e-02   3.8244619e-02  -1.5947042e-01   2.3572160e-01   5.5149134e-01  -1.6398775e-01  -2.6232372e-01   4.9040593e-01   3.2173106e-01   2.1547810e-03   3.2919082e-01   2.5889156e-01   2.5674847e-01   2.6712601e-01   3.9648211e-01  -4.1468760e-01  -4.5461365e-02   5.5813915e-01   4.2519457e-01  -2.0001150e-01  -6.0567140e-02   7.6315703e-02  -2.5388307e-01   1.6265822e-01   2.2087869e-01   4.6583149e-01   2.0576431e-02   1.2468384e-01  -1.9640199e-02   8.4905536e-02  -3.3181896e-01   5.4282722e-02   9.0700681e-02  -7.4487816e-02   3.9354820e-02  -2.8634691e-01   3.0537718e-01  -2.2437942e-01   6.1875189e-02   3.4569507e-01  -2.0687537e-01   4.3409518e-01   4.9230757e-01  -3.0500671e-02   5.3411528e-01   2.1046130e-01  -2.8431273e-01   2.9562332e-02   2.0561104e-01   3.3444312e-02   1.2780453e-01   3.2328162e-01  -2.1201410e-01   4.3800017e-01   3.3825569e-01   1.0582396e-01   6.8309552e-02   2.9760971e-01   3.4802001e-01  -3.6774357e-01  -3.0702945e-01   1.7445647e-01   2.9046684e-01   4.1378215e-01  -1.0855315e-01   7.5006505e-01  -4.5524483e-01   3.3309603e-01   6.7015009e-02   1.2665290e-01  -2.7455131e-01   1.0134821e-01   1.7602866e-01   1.4045237e-01   3.9271750e-01  -3.7153878e-01   1.1844162e-01   2.2412108e-01  -1.2357586e-01   8.0795273e-02   2.7811554e-01   1.3950632e-01   2.8581489e-01  -1.6846519e-01   1.4835411e-01  -4.5063242e-01  -3.7091983e-01   6.4616164e-02   8.9136087e-02  -3.6834653e-01   3.0947228e-02   2.6825646e-01  -2.0369967e-01   2.7922074e-01   1.0644844e-01   2.2585698e-01  -2.2040900e-01   1.1673284e-02  -3.0152143e-01   1.0526210e-01  -6.1523977e-04  -4.4439368e-01  -4.2369534e-01   5.1225312e-01  -2.0520012e-01   1.3039284e-01   9.3696095e-02   2.5698859e-01   2.3131209e-01   4.2657144e-01   4.0927398e-01   1.4806601e-01   8.2928873e-02   1.5164752e-01  -3.4472659e-01   4.6803927e-02   1.1238796e-01  -3.5116598e-01   4.5478481e-01  -1.6420012e-01   1.4521720e-01   2.1527940e-02   4.6231442e-01
  -2.6768694e-01   4.4649166e-01  -1.6341565e-01   3.7898682e-01   0.0000000e+00   9.3026102e-02   4.3206502e-02  -8.5812542e-02   3.4417446e-01   7.1184776e-01   3.5491677e-02   3.6521502e-01   3.8826693e-01  -3.8091994e-01   2.6159061e-01   2.2607399e-01   4.3921508e-02   2.8225713e-01  -3.3381249e-01   9.0007868e-01   4.5166691e-01  -3.5031845e-02   6.0001242e-01  -1.4619697e-01  -2.8048093e-03   2.5696050e-02   4.9763678e-01  -2.2739905e-01   1.0516313e-01  -1.3365966e-02   1.5487100e-01  -3.7025740e-02   2.2170594e-01   5.4885467e-01  -4.2333310e-02   7.6220831e-01   6.2082183e-01  -3.9371672e-01   3.8568112e-02   3.2113007e-01   5.8931453e-01   2.0469104e-01   6.3556441e-01   8.5916098e-02   6.8927232e-01  -4.1804231e-01   3.4001493e-01   2.4982232e-01   5.8643596e-01   4.5082095e-01   2.8755989e-01   9.3809443e-02   5.3216365e-01   2.0608662e-01  -6.3438516e-03  -6.0837937e-02  -3.2276262e-01  -2.2540316e-01   3.0436120e-01   1.0154135e-01  -4.2836039e-01   6.6368482e-01   5.0826666e-01   2.8075591e-01   7.0965074e-01   7.2839875e-01   1.9453912e-01   6.5547954e-01   1.1528526e-01  -4.3970821e-01   2.1043576e-01   6.4074979e-01   5.1124590e-01  -5.1446538e-02   3.7075306e-01  -4.1686438e-01  -3.9528155e-01   5.5831424e-02   8.4469406e-01   2.4406498e-01  -2.5569432e-01   2.2189075e-01   1.4974277e-01  -3.1750876e-01  -2.5240608e-01  -4.3207765e-01  -1.6964981e-01  -1.3467961e-01   3.1413930e-01  -1.9687365e-01   9.0536066e-01  -3.3475854e-01   5.8581058e-01   3.8023846e-01  -5.0875219e-01   8.3792113e-01   6.3583910e-01   1.3431629e-01   8.3831804e-01   5.7705588e-01  -3.4092677e-01   2.2128094e-01  -2.6714070e-01   2.4032832e-02  -3.9406327e-02  -1.6052166e-01  -1.5158406e-01   9.0263289e-02   5.4852619e-01   5.7821016e-01   3.4259077e-01  -6.1334668e-02   5.8519922e-01  -4.0534463e-01  -2.3900890e-01   7.8907439e-01  -2.6074515e-02   5.1351268e-01  -2.6411235e-01   4.2209881e-01  -3.5172174e-01   8.5788743e-01   5.2816836e-01   7.6833911e-01  -4.6440291e-01  -1.5992511e-01   6.0185560e-01   4.4656645e-01   2.6275711e-02  -3.0210958e-01   1.7704410e-01   5.4949277e-01  -4.2485008e-02   4.9235680e-01   3.9034214e-01  -4.5062859e-01   2.0055162e-01  -4.1179370e-01  -3.0512060e-01  -2.8258239e-01  -2.1449758e-01   1.1897354e-02  -1.9636436e-01  -3.7946959e-01   3.1412317e-01   2.8044375e-01  -9.4408589e-02   5.3978387e-01   5.5882282e-01   3.9425510e-01  -3.4883533e-01  -2.7975425e-01  -3.3682183e-02   4.8300282e-01   4.0112039e-01  -2.0942618e-01  -4.4052832e-01   3.8663966e-01  -3.0287066e-01  -2.4161742e-01   3.3375448e-01  -2.5756897e-01   7.3245615e-01   3.3420524e-01   4.8951043e-02   7.7266408e-01   5.6309648e-01  -4.3853904e-01  -1.7353827e-01   5.3571368e-01   7.3019676e-01  -2.7545583e-01   5.4724796e-01  -3.1388245e-01  -2.6099663e-02  -1.2504152e-01   5.7773764e-02
  -4.9359341e-02   2.2882048e-01   4.6460256e-01   8.0507563e-02   9.3026102e-02   0.0000000e+00   3.6404415e-01   5.2566509e-01   3.1398451e-02   1.8203417e-01   2.9940245e-01   2.7651547e-01   1.3653744e-02   2.7976411e-03   1.8386143e-01   2.7876048e-01   5.5565633e-01   3.7458286e-01   2.1965753e-01   1.8156588e-01   1.2655863e-01   2.9118312e-01   2.2030309e-01  -1.0692520e-01  -1.8126174e-01   3.5574526e-01   5.3106301e-01   1.4134211e-01   2.8148284e-02   8.5275085e-02   7.8540902e-02   9.6519902e-02   5.7134640e-02   2.0311636e-01   7.9424457e-02   2.7988187e-01  -1.9706314e-01  -2.7366464e-01   5.6064516e-02   3.1875840e-01   2.4793780e-01   5.4048706e-02   2.2047967e-01   3.6280671e-01   1.6402221e-01  -8.9389718e-02   3.6074894e-01   1.0241478e-01  -1.5647024e-01   2.8068055e-01   3.4606146e-01   5.1172966e-01  -1.2571595e-02  -1.8512261e-01  -1.6866812e-02   4.1010526e-01   4.7215173e-01   1.7590210e-01   2.8495709e-01   4.6913932e-01   5.9970478e-04   1.3447687e-01   1.2194158e-04   3.0152029e-01   8.3382097e-03   3.7608733e-01   7.7055195e-01  -1.0911095e-01   4.0877877e-01   9.8281848e-02  -9.5854029e-02   7.2821582e-02   3.8248195e-02   2.0974918e-01  -5.7722346e-02  -2.3825144e-03  -6.4651213e-02   1.5195681e-01   2.2482468e-01  -1.1408025e-01   2.9593347e-01  -9.2138501e-02   1.9521888e-01   4.4869031e-01   7.9409540e-02  -2.1752853e-03   1.3866507e-01  -1.6610586e-01  -3.7381635e-01  -7.1323777e-02   1.8395531e-01  -2.5532833e-02   3.2367140e-01   1.4729616e-02  -1.6260251e-01   1.5882409e-01  -1.2044645e-01   5.7616305e-01   5.4513730e-02   1.1597349e-01   2.4048900e-01   5.0739079e-01   3.2966698e-01   2.5156770e-01   1.8061870e-01   1.4370467e-01   1.2188680e-01   4.6763113e-01  -6.6865608e-02   1.2271035e-01   2.8656908e-01   4.6542135e-01  -1.6760929e-01  -1.6892241e-01   2.1360437e-01   1.8431992e-01   3.1423144e-01   1.9719286e-01   1.4458241e-01   3.6087487e-02  -1.1062244e-01   2.4842843e-01  -1.4317128e-01   7.4465534e-02  -2.1203382e-01   3.0491247e-01   9.3553465e-02  -3.9683833e-02   6.5884895e-02   3.8236993e-01   1.7453644e-01   2.2244018e-01   2.6263044e-01   1.0599095e-01  -1.4820582e-01   2.5953024e-01  -5.3033655e-02   4.6289494e-02   1.4884344e-01  -2.1868893e-01   7.4879441e-02  -8.5436839e-02   2.5383556e-01   1.9858909e-01   1.3733599e-01  -5.0587842e-02   2.6966397e-01   1.6024849e-01   4.0714142e-01  -2.9013028e-01  -3.3224596e-02   3.1016344e-01   3.8042492e-02   1.0060355e-01   3.7116488e-01  -1.1029080e-01  -6.1028597e-02   2.0389335e-01  -1.8618529e-01   4.2519129e-01  -2.4327321e-01   7.2638903e-02   1.8737209e-01   1.5020317e-01   2.3176882e-01   2.3796386e-01   4.4080547e-01   1.8046224e-01   1.5094217e-01   1.1605853e-01   2.2188906e-01  -1.3922175e-01   1.3810924e-01   4.8313124e-01  -6.9516067e-02   6.2944391e-02   3.2753352e-01
  -1.5725840e-01   1.6379986e-01   6.9874466e-02  -3.1160103e-03   4.3206502e-02   3.6404415e-01   0.0000000e+00   1.4810800e-01   1.2100874e-01   3.8278879e-02  -1.0197870e-01   5.6281250e-01   2.7948868e-02  -1.6371128e-01   4.4444534e-01   2.9870709e-01  -3.1664226e-02   2.2842650e-03   2.1495220e-01   7.7879665e-02   2.3048981e-01  -4.5971923e-02   4.3137013e-01  -3.0113688e-01  -7.3538831e-02   1.6317740e-02   2.2645176e-01  -2.6602351e-02   2.8263165e-02   3.8640146e-01   2.6613960e-01  -8.4746330e-02  -1.1252778e-01   4.7712722e-01   2.9086284e-01   1.7150165e-01   2.5645291e-02  -2.3754241e-01   1.9696132e-01   3.9716387e-01   2.0531805e-01  -3.1768680e-02   1.7178417e-01  -1.1213006e-01   2.7693134e-02  -6.5025874e-02  -1.0499779e-01   6.9485453e-01  -1.7188591e-01   2.4926167e-02   8.5608857e-02   1.5388414e-01   3.4839277e-01  -2.4676687e-01   7.7145730e-02   6.7967319e-02  -5.2440224e-02   3.4201486e-02   1.7278963e-01   4.3310049e-01  -5.3120724e-02   8.1559616e-02  -1.0339693e-01   1.5926647e-01  -1.0874861e-01   3.2170585e-01   2.7020777e-01  -6.5691439e-02  -1.8068459e-01  -3.1529778e-02   1.7628006e-01  -2.0537602e-02  -2.3952205e-02   1.3292812e-02  -1.7507823e-01   6.3676731e-02  -2.5513180e-02   8.7489932e-02   2.3206251e-01  -5.9695436e-02   1.5224191e-01  -6.8443219e-02   1.0696764e-01  -1.0214617e-01  -1.1698496e-01   1.4647711e-01  -2.1890276e-02  -2.4277587e-01  -1.2724768e-01  -1.8335866e-01   2.5996902e-02  -2.1776034e-01   4.7246832e-01   1.0942318e-01  -1.3416295e-01   3.0259418e-02   2.0259773e-02   2.3401335e-01   7.6421473e-02   1.0170510e-01  -1.1782831e-01   4.5274791e-01   1.3198829e-01   5.0370956e-02  -1.3528454e-01   1.1518085e-01  -1.4255288e-01  -3.5125552e-02  -8.3390234e-02   2.8699374e-01   4.2281222e-01   8.3251553e-02  -3.9575291e-02  -2.1889842e-01   6.6323173e-02   1.1184621e-01   6.8872391e-02   1.3601481e-01  -7.0447440e-02   3.5795136e-02   3.0919111e-03   5.2919982e-02   9.1303172e-02   4.8661802e-02  -1.4618853e-01   9.7269391e-02   2.3628926e-01  -6.5500127e-02  -3.5178176e-02   1.2508081e-02   1.5742237e-01   3.4943352e-01  -7.5352865e-02   2.6396427e-01  -1.7445611e-01   2.7553748e-02  -1.0217723e-01   4.5157729e-02   6.4341372e-02  -2.1567198e-01  -5.4793916e-02  -1.6736484e-01   1.7996843e-01   8.9189889e-02   3.1391984e-01   2.4937088e-02   6.1778895e-01  -9.9904325e-03   2.7368949e-01   2.7165907e-01  -5.6304968e-02   1.2623787e-01  -1.2319308e-01   1.0163613e-01   2.0917544e-01  -1.4819448e-01   5.6499141e-02   1.8920537e-01  -2.7792762e-01   2.1833286e-01   8.0563268e-02  -1.6839289e-01   2.1226507e-01  -1.4616003e-01   7.2128794e-02   2.5824074e-01   2.7281707e-01  -2.0793264e-01   7.1641473e-02   9.2277419e-02   2.3016351e-01  -1.7466734e-02  -5.9546288e-02   1.7638530e-02   4.8483660e-02  -1.4295498e-01  -3.6244400e-02
   2.0469431e-02  -2.1547642e-02   3.5160595e-01   1.7127123e-01  -8.5812542e-02   5.2566509e-01   1.4810800e-01   0.0000000e+00   2.7571312e-01  -1.4641240e-01   5.3010882e-01   3.1851767e-02   1.2262500e-01   9.0979426e-02   1.3757047e-02  -6.2977995e-02   4.1034298e-01   2.9775838e-01   2.6398981e-01   8.6163318e-03   7.8951739e-02   3.4011220e-01   4.0468048e-02   1.2244540e-01  -3.4052113e-01   6.9110603e-01   3.8139754e-01   7.3504276e-02   1.8596058e-02   2.0300081e-01   1.6436696e-02   2.4838246e-01  -7.2975339e-02   6.0479664e-02  -2.9173500e-01   1.5114804e-01  -1.5070416e-01  -6.5515993e-02  -9.0561058e-02   2.4843157e-01   2.7275042e-01   1.0255749e-01   2.1284225e-01   5.7973208e-01   5.6810754e-02   1.4505901e-01   4.3689701e-01   7.2023818e-02  -1.2455066e-01   1.8750530e-01   3.1385664e-01   8.0660185e-01   6.0758638e-02  -3.4822337e-01  -9.2763551e-03   3.6159179e-01   2.0714586e-01   4.5352408e-01   3.4861440e-01   1.7637601e-01   1.7307207e-01   7.9812947e-03  -5.1083570e-02   4.1498840e-01  -1.6170476e-02   6.4273110e-02   4.6383775e-01  -2.4172650e-01   5.1564382e-01   1.5180961e-01  -1.3727486e-01   2.0816145e-02   9.2721363e-02  -4.3474323e-02  -1.8382156e-01   1.8313042e-01   1.2474447e-01   1.4467449e-01   1.1731088e-01  -2.0364179e-02   3.0642872e-01   5.1675286e-02  -1.1472952e-01   6.8507969e-01  -8.7630523e-02   1.3331100e-01   2.7988894e-02  -2.8045014e-01  -2.9544838e-01   1.5458438e-02   7.3042209e-02   1.3103481e-01  -6.8133602e-02   1.2294943e-01   1.0276639e-01  -1.1239066e-02  -1.7180591e-01   4.8826080e-01  -5.6994323e-02  -7.0686076e-03  -2.7649273e-02   5.1787650e-01   3.2650893e-01   2.4015062e-01   3.2628531e-01   4.9033617e-01  -4.0145546e-02   6.1404298e-01  -2.5641291e-01   4.4186448e-03   1.3746441e-02   4.4659117e-01  -8.5510980e-02  -7.9484681e-02  -3.1522530e-02   1.1522089e-01   2.6108023e-01   1.7180586e-01  -1.6556305e-01   8.5771633e-02  -4.5804886e-03   9.1762064e-02  -1.8325991e-01   9.1611008e-02   8.1022212e-03   2.4075276e-01   2.1000991e-02  -2.2942633e-01   3.6448568e-01   2.0719120e-01   2.6343604e-01   2.3596613e-01   5.3638265e-02   9.8384310e-02  -1.1780280e-01   5.3129746e-01   1.1925571e-02   1.8316309e-01   3.9264588e-01  -1.0103404e-01   8.1630814e-02  -2.1564190e-02   3.5482093e-01  -1.8127503e-01  -5.7990111e-02   7.4870682e-02  -1.1498193e-01   1.5274674e-01   2.0561651e-02  -1.7101775e-02   1.7201994e-01   3.1374118e-01   7.0373375e-02   5.6147381e-02   4.2250556e-02  -1.6368475e-01   7.3860744e-02   2.7629763e-01  -1.6257832e-02   4.5242204e-01  -3.5586931e-01   3.2488134e-01  -8.5905958e-02   3.2003560e-01   5.4392959e-01   5.6567286e-02   1.2391832e-01   2.9436146e-01   1.6359042e-01  -9.2507640e-02   9.5910670e-02   2.3777486e-02   1.4011266e-01   2.4192234e-01  -2.1086603e-01   1.6010887e-01   5.6404541e-01
  -2.3531986e-01   2.5058804e-01  -9.8286337e-02   2.2317670e-01   3.4417446e-01   3.1398451e-02   1.2100874e-01   2.7571312e-01   0.0000000e+00  -1.5564296e-02   1.3892278e-01   1.9319519e-01   1.5973829e-01  -1.7394033e-02   2.1159370e-01   8.7167082e-02   1.1262736e-01   2.5180911e-01  -1.1506052e-02   4.3394347e-01   1.4285830e-01   3.8238719e-01   2.0311675e-01  -1.5417990e-01   3.5152091e-02   3.1227652e-01   3.7462050e-01  -1.8092987e-01   3.0666181e-01   1.9215797e-02   4.8255850e-02   1.4704976e-01   1.4468362e-01   3.4341488e-01  -6.1976397e-02   3.2064956e-01   1.5969917e-01  -2.4208994e-01   4.0116211e-02   5.2614672e-01   3.2603647e-01   1.8076928e-01   5.4891477e-01   1.5641641e-01   3.3207730e-01  -2.9471692e-01   1.6965835e-01   3.4023215e-01   2.7009442e-01   3.9234375e-01   2.5477869e-01   3.9875995e-01   4.3315994e-01  -4.0612514e-03   3.0488270e-02   9.9952652e-02  -2.3624654e-01   2.2921809e-01   1.9905506e-01   1.8791242e-01  -2.6175307e-01   1.9972100e-01   4.1721791e-01   3.3701089e-01   5.4204099e-01   1.0910543e-01   1.0428377e-01   1.8622185e-01   1.5404805e-01  -3.3099959e-01   1.2735037e-01   2.8430085e-01   2.5801470e-01  -2.1987486e-01   2.4433170e-01  -1.9869447e-01  -2.3587143e-01   9.8491236e-02   4.5828298e-01   1.7818344e-01  -1.1653052e-01   2.2895530e-01  -1.8781321e-01   4.4770237e-02  -3.4194170e-01  -1.7243627e-01   1.5820551e-01  -1.3194496e-01   2.2216534e-01  -1.5432092e-01   4.4145652e-01  -3.2150311e-01   2.7153154e-01   6.8025859e-01  -3.2076339e-01   2.7285918e-01   2.4543280e-01   2.4978389e-01   3.4987071e-01   2.1425739e-01  -2.8833959e-01   3.4799264e-01  -3.7790382e-02   4.5319056e-01   2.3461669e-01   2.6699887e-01   9.7846073e-02   1.9835811e-01   8.5765667e-03   1.7954792e-01   1.0467217e-01   3.6057454e-02   4.2283148e-01  -2.9104541e-01  -2.5369841e-01   4.2861458e-01   1.3202075e-01   2.4539666e-01  -4.1816737e-01   3.3515672e-01  -2.7477947e-01   4.0960398e-01   4.1813065e-01   5.3883752e-01  -3.0914609e-01   2.7483894e-01   3.8524499e-01   3.1652952e-01   3.8805704e-01  -2.2097134e-01   1.7751060e-01   3.5330981e-01   1.4343270e-01   3.1953235e-01   4.4591048e-01   1.9476592e-02   1.9883251e-01  -1.7493038e-01  -3.0395805e-02  -2.3526011e-01  -1.7552397e-01  -7.4855695e-02  -2.6512096e-02  -4.7748153e-01   1.3281506e-01   4.3496596e-01  -1.6753013e-01   1.0995648e-01  -1.4672491e-02   3.8990266e-01  -2.1236359e-01  -8.8007461e-02  -1.1572191e-01   4.6507763e-01   2.0802397e-01  -3.3728270e-01  -2.7772721e-01   1.9771185e-01  -3.1099847e-01  -1.2496557e-02  -3.5257441e-02  -9.1673217e-02   8.8447680e-02   4.2740267e-01   4.2583915e-01   4.4778420e-01   1.7528280e-01  -3.4577096e-01  -6.7223960e-02   8.9548395e-02   5.1903654e-01  -1.9070928e-01   3.6380537e-01  -2.9625877e-01  -3.0730739e-01   6.4038025e-02   4.5619243e-01
  -3.9898846e-02   4.2709588e-01  -1.3083489e-01   2.6416600e-01   7.1184776e-01   1.8203417e-01   3.8278879e-02  -1.4641240e-01  -1.5564296e-02   0.0000000e+00  -1.9746209e-01   3.7064904e-01   3.2535108e-01  -1.1263056e-01   3.1559668e-01   2.6200661e-01  -1.0783054e-01   8.9056210e-03  -3.9565045e-01   6.7939994e-01   2.6970070e-01  -2.1647850e-01   5.7695746e-01  -2.6008960e-02  -5.4099931e-02  -9.5314650e-02   2.9854956e-01   3.8179348e-02  -1.8421846e-01  -4.4675667e-02   2.2730817e-01  -3.4621240e-01   1.5666331e-01   4.7578025e-01   1.3575798e-01   5.2068158e-01   5.1247136e-01  -3.0616523e-01   1.1128548e-01   2.5481539e-01   4.3688649e-01   1.3354775e-01   4.0353928e-01   9.4276529e-03   4.2351799e-01  -4.0918648e-01   1.5200722e-01   1.8326639e-01   4.0567828e-01   3.1299169e-01  -2.1962570e-03  -8.1191999e-02   4.9340521e-01   2.7377624e-01   2.7090469e-01   1.7039459e-02  -1.0770901e-01  -4.8366834e-01   1.5675460e-01   7.2864599e-02  -4.1970236e-01   5.2032577e-01   3.7267830e-01   1.9604803e-01   3.9879360e-01   6.2731871e-01   1.0090637e-01   5.8084908e-01  -1.3770457e-02  -3.7712247e-01   3.6012226e-01   4.0022069e-01   3.8077580e-01   3.0565951e-01   2.6250802e-01  -5.4175017e-01  -3.3487104e-01  -7.4866095e-02   6.3446540e-01   1.7226003e-01  -5.1115629e-02   6.0904290e-02   3.9733222e-01  -3.2978586e-01   4.7015450e-02  -5.2075614e-01  -6.2020380e-02   1.3967897e-01   2.0311043e-01  -7.4597810e-02   7.0555377e-01  -2.9516989e-01   5.8934959e-01   1.2238140e-03  -3.9085814e-01   6.7453606e-01   4.8555210e-01   4.6617222e-03   6.4620836e-01   4.1282892e-01  -5.0079039e-02   9.5943466e-02  -2.6457618e-01  -1.4930922e-01  -3.6099960e-01  -4.4802637e-01  -1.2366992e-01  -8.8388491e-02   3.8543574e-01   5.1678320e-01   4.7735739e-01  -2.9108159e-01   3.1498690e-01  -2.4696636e-01   6.7871993e-02   6.2825120e-01  -1.3363861e-01   3.4605564e-01   2.0058260e-01   2.1762304e-01  -2.3900013e-01   6.5810322e-01   2.4094267e-01   4.8697830e-01  -4.3123164e-01   4.0007475e-02   4.4468533e-01   3.1449491e-01  -2.8652918e-01  -1.6701534e-01   1.4339450e-01   4.0739675e-01   2.3599082e-01   5.3528033e-01   1.2751671e-01  -6.1733068e-01   7.4630352e-02  -1.6014327e-01  -5.0614284e-01  -1.2836143e-01   5.6251885e-02   2.0444099e-01  -4.0941628e-01   1.0721238e-01   3.3712970e-01   2.1979777e-02   2.6524792e-01   2.5564730e-01   6.1648906e-01   2.8914654e-01  -2.8958987e-01   2.3193960e-02   7.3893637e-02   1.9692965e-01   4.6879222e-01  -4.0553057e-02  -2.9057043e-01   2.3583089e-01  -2.7961649e-01  -1.8169943e-01   2.3816448e-01  -4.7844952e-01   6.6366771e-01  -9.7167922e-02  -1.9454338e-01   6.0713643e-01   4.1039272e-01  -3.0743272e-01  -2.9802752e-02   5.1218750e-01   5.6724931e-01  -1.3504178e-01   1.4782077e-01  -4.0814678e-02   2.2080477e-01  -9.8099482e-02  -1.2522246e-01
   4.1544155e-02  -1.6361947e-01   2.7802567e-01   2.2711043e-01   3.5491677e-02   2.9940245e-01  -1.0197870e-01   5.3010882e-01   1.3892278e-01  -1.9746209e-01   0.0000000e+00  -1.6475833e-01   4.3504139e-02   3.1283763e-02   3.5820517e-02  -1.5299026e-01   2.5763640e-01   5.4834466e-01   1.7152515e-01   4.0066873e-02   4.2048975e-01   3.3607745e-01   6.8403749e-02   1.9843265e-01  -1.3038936e-01   4.0032961e-01   2.9197614e-01   4.4227036e-02   1.6386167e-01   1.5695021e-01   1.5895134e-01   5.5628465e-01  -1.0076447e-01   2.3990375e-02  -2.9586827e-01   3.5588496e-01  -1.5897855e-01   6.6272851e-02  -3.1538280e-02  -1.5908916e-01   3.2558882e-01  -1.0879717e-02   1.5385719e-01   7.1368303e-01   1.9009419e-01   2.3541588e-01   7.9364535e-01  -1.1532159e-01   4.6924100e-02   1.5850990e-02   5.3260198e-01   6.0611763e-01  -8.8274452e-03  -1.7417733e-01  -1.3129080e-01   5.5575994e-01   5.1114412e-02   5.6879947e-01   4.5619519e-01  -4.7757021e-02   1.8846789e-01   1.5859942e-01  -4.1082362e-02   3.9841964e-01   1.1180862e-01   1.7118457e-01   4.0959819e-01  -1.7409973e-01   7.5188650e-01   1.5613077e-01  -2.0195391e-01   1.0966829e-01   2.1198783e-01  -1.1092406e-01   5.8542278e-03   4.2226933e-01   1.2024963e-01   1.9723091e-01   1.6053043e-01   1.6609490e-01   2.5106450e-01   5.3833802e-02   1.2037711e-01   3.9253133e-01   3.2819235e-02   4.2365497e-01   6.6903790e-02  -1.6796325e-01  -2.4884498e-01   1.4419299e-01   7.1194077e-02   1.7134805e-01  -6.0435419e-02   1.1365586e-01   1.5501402e-01  -2.1107332e-02  -6.0170794e-02   4.0985999e-01   7.2808658e-02   1.6344720e-01   1.0065930e-01   4.7432510e-01   3.6467244e-01   3.1471004e-02   5.2310671e-01   5.0732598e-01   1.5941873e-01   6.1506569e-01   2.2635296e-02   1.8888971e-01   9.3187361e-02   6.1654300e-01   8.3170245e-02   5.1747803e-02  -4.9194356e-02   1.4165248e-01   2.2294140e-01   3.3600205e-01  -4.7310483e-02   8.8110548e-02   8.5226777e-03   7.7983928e-02  -1.3159932e-02   1.2825294e-01   2.0061937e-01   4.0574332e-02   6.2505654e-02  -6.0071338e-02   3.6358546e-01   1.3965025e-01   1.8028223e-01   3.8485175e-01  -2.0590449e-01   1.2097002e-01  -1.8201943e-03   5.8125897e-01   1.1229690e-01   1.6136810e-01   6.0910426e-01  -1.8965608e-01  -1.7832574e-01  -2.1518077e-01   5.6415001e-01  -2.9805069e-01   1.3500351e-01   3.5308105e-01  -3.6193403e-01   3.9948308e-01   1.1552439e-01  -1.9335295e-02   2.6758600e-01   6.8967592e-02   1.1526029e-01   3.4445455e-01  -2.6863045e-01  -7.5737350e-02  -4.2334672e-02   3.9644242e-01   9.6832950e-02   3.9353025e-01  -2.5429387e-01   6.3989118e-01   1.4158448e-01   5.3529085e-01   4.5070515e-01  -2.8096219e-02   2.2453332e-01   2.9518622e-01   5.0950812e-02   1.8984634e-01   9.3886855e-02   7.0809988e-03   2.5291504e-01   1.7890915e-01  -3.7627733e-01   1.1904584e-01   3.7266687e-01
  -3.7975448e-01   6.2458716e-01   6.9627260e-02  -2.7716017e-02   3.6521502e-01   2.7651547e-01   5.6281250e-01   3.1851767e-02   1.9319519e-01   3.7064904e-01  -1.6475833e-01   0.0000000e+00   9.1027387e-02  -4.6225419e-01   3.8308759e-02   2.0993415e-01   1.7126723e-01  -1.6719404e-01   7.9485183e-02   2.9725607e-01  -9.0887815e-02  -1.0034076e-01   2.3469806e-01  -2.5213933e-01  -2.2666677e-01  -3.3979176e-02   4.2890306e-01  -3.7797383e-01  -6.3145999e-02   2.6855144e-01  -1.9806412e-01  -2.7540873e-01   5.9024263e-02   5.3698579e-01   1.5371007e-01   2.5446774e-01   1.2604193e-01  -3.3153843e-01   1.1660749e-01   5.7437983e-01   1.8195066e-01  -4.1156040e-02   4.1409366e-01  -9.7073361e-02   5.8615344e-02  -3.2394526e-01  -5.5509185e-02   4.6956080e-01  -7.3693208e-02   4.8263982e-01  -1.2730757e-01   4.7107562e-02   3.9952236e-01  -1.7552515e-01  -1.4025595e-01  -2.1199300e-01  -1.7926099e-01  -1.3238877e-01   1.0254993e-01   6.0506123e-01  -2.8611053e-01  -1.9677674e-02   2.5631537e-01  -5.5583337e-02   1.1825028e-01   3.7499455e-01   3.0701738e-01   2.0394108e-01  -3.1718502e-02  -2.9362799e-01   3.2459613e-01  -9.0299144e-02   1.1162834e-01  -1.2514152e-01  -1.2893592e-01  -1.0588760e-01  -2.1644298e-01   1.6964394e-01   4.4490720e-01  -1.0241135e-01  -3.4678148e-01   3.3043432e-02   9.1228461e-02  -1.1605000e-01  -3.1456426e-01  -2.5489065e-01  -2.7007115e-01  -3.5201385e-01   1.1737958e-01  -3.5881609e-01   2.8693911e-01  -2.9487799e-01   5.6770841e-01   2.1977469e-01  -4.0470588e-01   4.5940000e-01   1.0543444e-01   1.1538415e-01   2.2651799e-01  -7.8634316e-02  -3.6714626e-01   1.3810192e-01  -4.0573350e-01   1.3231936e-01  -2.3727557e-01  -8.4302596e-02  -1.2665015e-01   6.8708054e-02   8.6474198e-02   3.8857974e-01   2.6486054e-01  -8.1983047e-03   2.2773523e-02  -4.2156886e-01  -2.2382664e-01   3.5212766e-01   4.6419511e-02   1.7767906e-01  -2.2070358e-01  -3.5625577e-02  -1.9633972e-01   3.4305706e-01   2.0636120e-01   2.3750970e-01  -4.1999880e-01   1.2286036e-01   1.9696963e-01   4.6892179e-02  -9.4058429e-02  -6.4759095e-02   1.8068313e-01   1.9486221e-01  -9.9244820e-02   1.4949187e-01  -6.1040305e-02  -2.3257495e-01  -1.0142685e-01  -3.6457800e-01  -1.0669390e-01  -2.0466454e-01  -5.4917133e-02  -4.2664101e-02  -4.8348960e-02  -9.8136018e-02  -4.8363850e-02  -2.5707642e-01   3.5988925e-01   2.3284377e-01   4.7031259e-01   9.9659472e-02  -3.5753215e-01  -2.5177400e-01  -1.3975502e-01   2.3060065e-01   6.5345410e-01  -2.1609715e-01  -1.3196893e-01   1.6422394e-01  -3.3663364e-01  -2.1989634e-01   7.8408182e-02  -1.5221158e-01   3.3956377e-01  -2.2153701e-01  -8.2901751e-03   4.7043416e-01   3.3402139e-01  -2.8642434e-01  -1.6179804e-01   3.6232904e-01   3.9248733e-01  -2.1563415e-01  -1.5049938e-01   1.2745063e-01   8.1588473e-02  -9.6746151e-02   7.7674309e-04
  -2.8495386e-02   1.0674089e-01  -8.8416610e-02   4.3116691e-01   3.8826693e-01   1.3653744e-02   2.7948868e-02   1.2262500e-01   1.5973829e-01   3.2535108e-01   4.3504139e-02   9.1027387e-02   0.0000000e+00  -8.5853338e-02   6.4351019e-02   7.8150373e-02   2.2241059e-02   1.5903584e-01  -1.0771835e-01   4.1083378e-01   2.3537239e-01  -7.7397718e-02   1.1225352e-01  -8.9242671e-03  -9.3750996e-02   4.9733755e-03   3.1485654e-01  -5.6103838e-02  -1.3662689e-01   3.0953099e-02   8.7672684e-02   7.6767306e-02   1.3922742e-01   1.0541824e-01  -1.9866892e-01   2.5775041e-01   4.4259702e-01  -2.0556145e-01   1.2004471e-01   2.1700636e-01   6.2742752e-01   2.0552643e-01   2.5548869e-01  -5.3329074e-03   3.2864013e-01  -1.6034478e-01   1.1522977e-01   1.8727199e-01   2.4246746e-01   1.8952792e-01   7.5959563e-02   1.3901416e-01   2.9488684e-01   1.6547758e-01   7.4777388e-02  -1.2531400e-01  -1.3701885e-01   1.3264542e-01   4.2548971e-01  -8.8713874e-03  -1.5921645e-01   4.7784982e-01   2.3652296e-01   1.0479030e-01   2.9296686e-01   2.4307546e-01   1.4327111e-01   2.2971088e-01   1.8053195e-02  -2.0087871e-01   1.1104913e-01   3.4181800e-01   5.5996332e-01  -3.7760309e-02  -2.4010398e-02   9.9965700e-02  -1.9868752e-01  -9.0236190e-03   2.5189451e-01   3.4402796e-01  -1.1947762e-01   1.7704109e-01  -5.2219521e-03  -1.5622886e-01  -1.5480462e-01  -3.9004220e-03  -5.5146711e-02  -9.1387300e-02   6.4183495e-02  -4.2494091e-02   3.3059879e-01  -1.5668051e-01   1.4599967e-01   2.3920098e-01  -1.4414564e-01   4.1891246e-01   4.6623042e-01   2.8359579e-02   4.2304686e-01   2.8050604e-01  -1.6939934e-01   2.1330424e-03  -1.0832580e-01  -1.4121001e-01  -4.7800531e-02   9.3681615e-02  -2.0315674e-01   2.2052361e-01   4.2176007e-01   7.9531376e-02  -3.4170179e-03  -2.3071179e-02   2.1646742e-01  -1.4914382e-01  -7.3205269e-02   2.2132956e-01   4.0812864e-02   4.8536736e-01  -1.5843985e-01   4.6008840e-01  -1.5132294e-01   3.7161593e-01   1.5505211e-01   2.1236903e-01  -2.0133719e-01   6.8664551e-02   2.0573606e-01   2.4508632e-01   3.0111693e-01  -1.6734544e-01   3.9599756e-01   2.7809028e-01  -1.7822132e-02   1.9582887e-01   1.6307453e-01   8.0106811e-03   3.2754702e-01  -1.5437794e-01   8.7260669e-02  -2.2802479e-01  -1.1689947e-01   5.1941593e-01   5.9715097e-02  -2.8355200e-01   8.1751853e-02   2.3164117e-01  -8.3548959e-02   9.8244919e-02   3.7196139e-02   3.3745510e-01  -1.0832394e-01  -1.9480205e-01   2.1922402e-02   1.5088911e-01   1.5422927e-01  -8.9985914e-02  -1.5958478e-01   4.4962361e-01  -8.2882605e-02  -1.6519627e-01   5.3615446e-02   1.2176849e-01   2.2393398e-01   2.0699333e-01   2.4184235e-01   2.3075994e-01   5.2720058e-02  -5.2352887e-02  -1.0489997e-01   1.1342954e-01   1.6623604e-01  -1.6922302e-01   2.3405879e-01  -1.5402488e-01   3.2882987e-02  -4.5179057e-02   1.9414063e-01
   7.3007383e-01  -3.1102319e-01   2.0512635e-01  -2.5632408e-01  -3.8091994e-01   2.7976411e-03  -1.6371128e-01   9.0979426e-02  -1.7394033e-02  -1.1263056e-01   3.1283763e-02  -4.6225419e-01  -8.5853338e-02   0.0000000e+00   4.0203530e-01  -6.6523502e-02  -1.1718151e-02  -2.4290206e-02   5.7624154e-02  -2.5514296e-01  -4.1318446e-04  -1.3594810e-01  -6.8084305e-02   4.5602242e-01   1.4936025e-01   2.2226012e-01  -3.9289311e-01   6.9419488e-01   6.9235691e-02  -2.3890055e-01   4.3530249e-01   1.6834583e-01   7.9820283e-03  -7.3018241e-02   5.6555975e-02  -2.6337807e-01  -1.8589803e-01   3.6548767e-01  -1.0898046e-01  -1.0111018e-01  -5.8939294e-02   1.5194790e-01  -2.0286989e-01   1.8216384e-01  -2.3108904e-01   3.8785508e-01  -7.1358843e-02  -1.2769413e-01   1.3550244e-01  -2.2547434e-01  -1.9042528e-02   1.9677375e-01  -3.3620901e-02   4.0108084e-01   4.9201689e-01   4.4594617e-01   1.9639569e-01   6.2182967e-02  -4.2115176e-02  -3.5329990e-01   3.6026145e-01  -3.2318708e-02   2.5816354e-02   3.1375429e-01  -1.7977403e-01  -4.0947313e-01  -1.8099496e-01  -2.5808989e-01   2.9464181e-02   4.0927278e-01   1.7930633e-01  -2.1844089e-01  -2.1070416e-01   5.7700806e-01   2.2895361e-01  -1.6912388e-02   3.8635461e-01  -1.5771340e-01  -3.0274902e-01   4.4019746e-02   6.4591019e-01  -2.9907997e-01   1.7053137e-01   1.6300892e-01   5.9913313e-01   1.1237767e-01   2.5527283e-01   5.8514321e-01  -1.3893014e-01   6.0472456e-01  -2.5227857e-01   3.4070084e-01  -2.3286078e-01  -2.3416580e-01   4.7993262e-01  -5.1982125e-01  -2.4613496e-01   2.2376308e-02  -2.3812828e-01  -5.9846333e-02   6.3964457e-01   1.2932367e-01   2.2740729e-01  -1.3571164e-01  -5.8099672e-02   1.6780193e-02   5.0356561e-01  -1.1160920e-01  -2.3420733e-01  -2.0929113e-01   1.6709315e-01  -2.5723480e-01  -1.1947530e-01   6.0196098e-01   6.2245041e-01  -1.6301184e-01  -3.7241997e-02  -2.7034191e-03   4.5649368e-01  -1.4526648e-01   4.1124761e-01  -3.1712228e-01  -1.5557201e-01  -1.1648630e-01   3.9600733e-01   4.1520621e-01  -3.4627826e-02   7.2378982e-02  -8.0934282e-02   3.3222222e-01  -1.9960481e-01  -5.8160500e-03   5.5484231e-01   2.3929153e-01   3.0955315e-02   1.2492293e-01  -1.4772784e-01   7.1121831e-01   4.8852275e-02   3.4006528e-01   4.4767110e-01  -5.2311707e-02  -2.4792104e-02   4.4110451e-01   2.4174859e-01   2.3429313e-01   2.6900377e-01  -5.4495228e-01  -3.8640119e-01   9.0529936e-02   5.3706833e-01   5.3051656e-01   4.6799316e-01  -1.5708116e-01  -2.5084702e-01   4.2627269e-01   3.6517153e-01  -9.7223923e-03   2.9931537e-01   3.6656961e-01  -1.6876082e-01  -1.5794259e-01  -2.9965639e-01  -8.0084013e-02   8.0894104e-02  -2.6811471e-01  -2.8878527e-01   1.6420228e-01   5.3052371e-01  -2.0472417e-01  -1.1043177e-01   3.6501696e-01  -3.3510569e-01   1.7497077e-01  -1.3114289e-01   2.3985980e-01  -2.4887602e-02
