   0.0000000e+00  -3.5017331e-01  -1.4406106e-01   1.5327391e-01  -1.7640096e-01  -6.1906433e-02  -1.8515828e-01   1.6874729e-01  -9.7332873e-02  -3.0021237e-01   8.5840640e-02  -2.3665083e-01   1.6255229e-01  -8.2576371e-02  -1.2899005e-01  -2.8067420e-02  -7.5707473e-02   1.7610791e-01   1.8613907e-01   8.6182933e-02  -2.8301291e-01   1.0052361e-01  -1.2887835e-01   4.7454615e-01   1.5141181e-01   7.6633829e-02  -2.2730395e-01  -7.9273479e-02   1.1267897e-01   5.9511708e-03  -2.9812230e-01   4.3350905e-01  -2.3805470e-02  -2.7089088e-01  -2.4024541e-01  -2.3406201e-02  -3.0263047e-01   3.6428149e-01  -8.9083346e-02  -2.9842929e-01   6.2379613e-02   6.1340134e-02  -2.1042287e-01  -3.9143458e-02   2.5156167e-03   5.1258867e-01   2.7118577e-01  -3.7409219e-01  -5.2385806e-03  -1.6783109e-01   8.7623762e-02   3.4630395e-01  -3.5905265e-01  -1.3656022e-01  -2.0543753e-01  -2.0406802e-02   8.0499321e-02   3.5369842e-01  -1.3822134e-02  -9.9226921e-02   3.8318588e-01  -1.5474896e-01  -2.4433337e-01   2.5803549e-02  -4.9425570e-02  -4.2705887e-02  -1.4705470e-01  -1.4255909e-01   2.7421596e-01   3.0759166e-01  -4.2458114e-01   2.5098360e-01  -1.3675755e-01   2.8908477e-01   7.2341994e-02   2.5849030e-02   3.5943555e-01  -9.9715127e-03  -1.8751918e-01  -6.0310949e-02  -5.3892430e-02  -3.1702406e-01  -4.2932099e-01  -8.7466484e-02   6.5742057e-02   2.7651444e-01  -4.7629380e-01   3.6134271e-01  -2.1236327e-01   3.1675341e-01  -6.9948248e-02   1.7507927e-01  -2.4006766e-01   1.3189879e-02   5.7888348e-01   5.5737539e-02  -1.5664052e-01   3.0318051e-01  -5.6728177e-02  -2.5323137e-01   3.0096785e-01   2.6951744e-01   8.1583764e-02  -7.4849391e-02   2.9924814e-01   2.5131874e-01  -1.1872910e-01   2.6943887e-01  -2.7996094e-01  -1.2192029e-01  -3.3874212e-01   3.6359244e-01   1.4131769e-01   6.9025026e-01  -6.5483978e-02  -2.6350242e-01   8.7731127e-02  -1.2165440e-02  -2.8136126e-01   2.5791407e-01   5.8000923e-01   8.9545964e-02  -5.4600696e-02  -1.0522049e-01   4.4650031e-01   2.2588750e-01   1.1766960e-01  -7.3804869e-02   2.2881538e-01   1.2654158e-01   3.5164428e-02  -2.4542069e-01   9.2360697e-02  -3.0091669e-01   1.6121084e-01   1.2696319e-01   3.5429806e-02  -3.6036427e-01   3.0435456e-01   5.2654952e-01   5.5307472e-01   5.3944691e-02   1.5040707e-01  -2.0150215e-01   1.6147424e-01   1.8492219e-01  -3.3954155e-01   2.4362575e-01   3.4020598e-02  -3.3097839e-01   3.0591178e-01  -1.6046961e-01   2.5309436e-01   6.0716926e-02  -2.7709910e-01   2.9207070e-01   4.6373768e-01  -1.1671177e-01   1.9298504e-01   7.1581615e-03  -1.7240025e-02   2.7836736e-01  -7.6441544e-02   1.3572104e-01   4.0153190e-01  -1.5915364e-01   4.2667277e-02  -4.3047446e-02   4.3737390e-01  -4.3899289e-01  -1.5667309e-01   3.0273235e-01  -3.0267741e-02  -1.4118596e-02   6.1351024e-03   6.6417985e-02   4.1276124e-01
  -3.5017331e-01   0.0000000e+00   1.8633115e-01  -3.6322650e-01   3.6197956e-01  -5.7932390e-01   1.2062469e-01  -2.5866476e-01   6.3596107e-01   6.5790488e-02  -2.2009381e-01   6.0194838e-01  -3.8614821e-02  -4.3685221e-01  -3.9608517e-02  -3.9815430e-01   1.7599896e-01  -4.7325517e-01  -2.3613300e-01  -4.2227300e-02   3.8847238e-02  -5.4482513e-01  -8.6753793e-02  -1.1790977e-01  -2.2126540e-01  -8.0641124e-02   1.6159153e-03  -5.1531817e-01   1.7555830e-01   1.7327943e-01   2.1147673e-01  -3.2851124e-01  -2.2121089e-01   2.9416722e-01   5.1069648e-01  -2.5207262e-02   3.6946466e-01  -1.7156158e-01  -3.4625947e-01   4.2232195e-01  -9.2167302e-02  -1.4829217e-01   6.2062764e-01  -7.3776372e-02   2.1401426e-01  -3.3383552e-01  -5.6775804e-01   6.8200607e-01   1.0496686e-01   2.2598795e-01  -5.4260043e-01  -1.2965978e-01   5.6050497e-01  -6.8970529e-03  -9.4730819e-02  -6.3689342e-01  -2.2083345e-01  -5.6399820e-01  -1.4741177e-01   6.5726368e-01  -3.6769543e-01   5.1553974e-02   6.5951062e-01  -7.2823089e-02   3.2808919e-01  -2.1790885e-01  -1.7532318e-02   3.3980281e-01  -4.9002286e-01  -2.8590499e-01   3.7235543e-01  -4.2872125e-01   2.2808192e-01  -3.4988680e-01  -6.5685959e-02  -3.3107081e-01  -2.7263590e-01  -2.0281106e-02   4.1845583e-01   1.0109436e-01  -3.8975231e-01   2.6330066e-01   3.0247182e-01  -3.3151366e-01  -3.1018301e-01  -2.8140443e-01   4.2582758e-01  -3.9938374e-01   6.4724085e-01  -5.0511498e-02   3.4397794e-01  -2.5197352e-01   2.4290296e-01   3.1132860e-01  -3.3743739e-01   2.8682460e-01   1.1486750e-01  -1.9388046e-01   1.3398507e-02  -2.9320522e-02  -3.9805213e-01  -1.9501690e-01  -6.4328969e-01   6.0848016e-01  -2.7686277e-01  -1.3748622e-01  -2.0420981e-01  -5.8359285e-01   2.3177814e-01   1.3427392e-01   5.0149313e-01  -5.9750547e-01  -3.7068818e-01  -2.4392800e-01  -3.7111892e-01   7.1524553e-01  -4.7507430e-01   8.0615991e-02  -3.0993012e-01  -4.6058963e-01  -4.2457190e-01   8.8458975e-02   3.7170087e-01   1.7626932e-01  -3.5033152e-01  -4.9720896e-01  -1.5430124e-01   4.8964351e-02  -2.3569321e-01   1.4723993e-02  -1.5225428e-01   1.8608437e-01   3.0201422e-01   5.1961429e-01   1.1914733e-01  -4.4626510e-01  -1.6861159e-01   2.6624895e-01  -3.7312655e-01  -1.0034592e-01  -5.5757743e-02   5.9706050e-02  -2.7778320e-01  -3.8014696e-01  -2.3362467e-01   9.6722936e-02   2.2789549e-01  -3.2930562e-01  -5.1875947e-01   1.4663865e-01  -3.6361206e-01  -1.9234453e-01  -2.9402291e-01   4.4825240e-01   5.6758363e-01  -8.2845455e-02  -2.3953267e-01  -4.9669199e-02  -2.7023358e-01  -5.4539126e-01  -1.4991903e-01  -4.2501489e-01  -1.1058307e-01  -3.3108544e-01  -1.8159216e-01   3.2946316e-01   3.9612421e-01  -5.4827115e-01  -3.8220182e-01   4.0194461e-01   4.7882669e-01  -3.7150638e-01   4.1355694e-02  -3.8928217e-01  -8.7183618e-02  -5.7842893e-02  -1.1207650e-01
  -1.4406106e-01   1.8633115e-01   0.0000000e+00  -2.0388899e-01   3.9237576e-01   1.2122466e-01   2.2066261e-01   1.3790720e-02  -2.2083325e-02   2.9344810e-01  -2.5600530e-01   6.0837606e-01  -3.2993683e-02  -4.1309208e-01  -7.8839466e-03   2.1010855e-02   8.9379854e-01  -2.7254121e-01   1.1840705e-01   3.5136111e-01  -4.7706173e-02  -3.2906306e-01   2.8399228e-02  -2.6555601e-01  -2.4119375e-01   2.0801091e-03   3.0861053e-01  -1.6259380e-01   2.3605244e-01   1.6619297e-01  -4.1288253e-01  -7.5828268e-02   2.3831171e-01   6.6930431e-02   5.6354859e-02  -2.4406984e-02   1.0580902e-01  -1.5142945e-01  -3.5932141e-02   4.8266537e-01  -1.4291025e-01   2.0853955e-01   2.4682124e-01  -4.1727337e-01  -3.9868763e-02  -4.0101902e-02  -2.0757104e-01   1.4184051e-01   1.8014750e-01   6.9981948e-01  -2.1904047e-01   1.6749003e-01   5.5200189e-02   4.2687884e-01  -2.4052897e-02  -2.8696179e-01  -9.2747278e-02  -2.3671097e-01  -9.9766792e-02   9.9938838e-02   1.2173810e-01   6.6063122e-02   2.5258082e-01  -1.6625100e-01  -4.4652235e-01   5.4166716e-02   3.2956643e-01   7.5628490e-02  -3.5207735e-01   3.3371594e-01   5.2649943e-01  -3.4122294e-01  -2.6543416e-01  -5.0611976e-02   1.4825291e-01   6.4403522e-02   7.4483521e-02  -5.9160565e-02   1.4050883e-01   1.4307027e-01  -1.5767097e-01   1.0673261e-03   1.7650806e-01  -2.0627001e-01   9.7999164e-02   9.7462815e-02   4.5227131e-02  -2.0240709e-01   1.8871579e-01  -2.0909988e-01   1.6268589e-01   5.5249473e-01   3.1884900e-01   2.6012146e-02  -3.4275967e-02   2.4525932e-01  -5.5936083e-02   3.5789157e-02   1.0827787e-01  -1.9519386e-02   1.5894192e-02  -5.1946375e-03  -2.7291953e-01  -3.2459904e-01  -2.5827483e-01   5.2699113e-02   2.6615944e-01   4.7908326e-02   1.1112035e-01  -1.1878647e-01   3.2795649e-01  -2.4819477e-01   8.5872677e-02  -7.2001413e-02   1.0718954e-01   2.1610971e-01  -1.6151904e-01  -1.2878346e-01   1.3836947e-01  -3.4102230e-01  -1.4797967e-01   2.0073190e-01   4.7702715e-01  -2.9243963e-01   2.2298301e-02  -4.1082052e-01  -7.1841949e-02   9.1474383e-02   1.4413181e-01   6.7558286e-01  -9.0135081e-02  -3.8472431e-02   3.0775974e-01  -7.2519083e-02   7.7305297e-02  -8.4137106e-02  -1.1333273e-01   8.5805325e-02  -2.4917828e-01  -1.2009483e-01   2.1619929e-02  -1.4133139e-01  -1.4000690e-01   1.5398706e-01  -1.3210702e-01  -3.5911632e-01   3.7357897e-01  -2.5342274e-01  -2.6696166e-01  -1.6037858e-01  -1.0351054e-01  -2.4861672e-01   1.4647396e-01  -2.0269160e-01   6.4724720e-01  -3.3401453e-01   9.2574352e-02  -8.3702265e-02   4.5326348e-01  -2.1080084e-01   7.9437778e-02  -3.4816295e-01   1.2434062e-01  -4.0096407e-01  -2.0108214e-01   1.8655785e-01   2.0624778e-02  -4.0390641e-01   1.6431568e-03   2.3159439e-01   1.3753091e-01  -2.7745660e-01  -1.4820924e-01   2.8082809e-01  -1.4480152e-02  -1.1415766e-01  -3.2211304e-02
   1.5327391e-01  -3.6322650e-01  -2.0388899e-01   0.0000000e+00  -2.5019503e-01   1.5027278e-01  -3.4756119e-01   5.5402722e-02  -3.8580871e-01  -1.5186352e-01   1.2364868e-01  -3.3251358e-01   7.3925185e-02   4.3909281e-01  -1.7825259e-01  -2.5784657e-01  -1.2340646e-01   2.9955406e-01  -5.8149043e-02  -9.5476134e-02   3.3958241e-01   5.6335920e-01   8.5629129e-02   1.5636641e-01   2.0309119e-01   2.9522975e-02  -1.7604373e-01  -5.6586639e-02  -5.7834976e-03  -1.4366958e-01  -4.6604460e-02   2.8542972e-01  -6.9723874e-02  -2.5900550e-01  -2.0734889e-01  -1.5272771e-02  -3.3536007e-02   2.3475407e-01  -2.3141436e-01  -4.2768155e-01   8.6087521e-02  -6.0215806e-02  -2.1122446e-01  -5.6172077e-02  -1.4578461e-01   1.7071380e-01   2.9553434e-01  -5.1293794e-01   2.6996198e-01  -3.5512718e-01   2.4914480e-01  -4.2036445e-02  -3.5663917e-01  -1.0136561e-01   1.2145990e-01   1.7102514e-01   1.8778666e-01   5.5269691e-01   3.8762359e-01  -3.1217999e-01   3.0342774e-01   6.2313434e-02  -1.2361919e-01   2.3128575e-01   1.1869902e-02  -1.8293391e-01  -1.8847447e-01  -3.2282682e-02   4.1106716e-01  -2.4084587e-01  -2.2290233e-01   4.8015181e-01   1.0521095e-02   2.4520259e-01   1.1436969e-01   1.9994661e-01   2.8833547e-01   3.1757617e-02  -2.1122772e-01   2.3028191e-01  -2.3082066e-01  -1.1997150e-01  -1.0782679e-01   1.0256379e-01   4.4427668e-01   1.4693833e-01   1.9170075e-01   1.2989525e-01  -1.5567682e-01   3.0315318e-01  -2.6989976e-01  -7.4762289e-03  -2.1964978e-01  -2.9314899e-01   1.7607063e-01  -2.7267470e-01   2.4341111e-01   2.1806263e-01   2.6605874e-01  -3.5616718e-03   3.2667246e-01   3.5901048e-02   3.2105558e-01  -2.7603934e-01   4.6154328e-01   4.0196948e-01   9.2688658e-02   1.3087189e-01   7.3348416e-03  -1.6818842e-01  -2.2674146e-01   4.2307185e-01   3.9526475e-01   2.3383056e-01  -5.6960256e-02  -3.0604880e-01   2.7299586e-01  -3.6432970e-02   2.1901562e-01   4.4081534e-01   2.0049513e-01  -7.5327494e-02  -2.0907106e-01   4.6529597e-03   2.3986940e-01   2.6356861e-01  -1.2445424e-01   2.7835025e-01   5.5694601e-01  -2.8625399e-01  -1.7371397e-02  -1.8861310e-01   8.7633424e-02  -1.7941744e-01   2.4014233e-01   1.1798142e-01   1.9837797e-01  -2.9008624e-01   1.7404347e-01   1.8469558e-01   1.7964021e-01   1.1959281e-01   1.1205472e-01   3.0264321e-03  -1.4494341e-01  -1.3559888e-01  -2.9562117e-01   4.3001255e-02  -7.4478839e-02   9.6081839e-02   2.0307401e-01  -6.3345724e-02   3.3679625e-02  -2.5622386e-01  -4.0864581e-01   1.7274326e-01   2.8275158e-01   1.7026186e-01  -1.0980271e-01   3.2049759e-02  -6.4757045e-02   1.9843850e-01  -1.2437643e-01   5.1086175e-01   4.8789451e-01  -2.1202509e-01  -3.0210017e-01   3.5763322e-01   6.3224580e-02  -2.3724162e-01  -4.3907266e-01   1.8195728e-01   5.1051087e-01   1.5582060e-01   6.3764715e-02   2.5814146e-01   2.8810566e-01
  -1.7640096e-01   3.6197956e-01   3.9237576e-01  -2.5019503e-01   0.0000000e+00  -6.4875006e-02   2.1342397e-01  -1.4822691e-01   3.9847836e-01   2.6036780e-01  -6.4910717e-02   3.5667988e-01   1.2485245e-01  -4.7295267e-01  -1.1746105e-01  -3.2475420e-02   3.0054677e-01  -1.0859438e-01  -1.3915824e-01   5.4960989e-01  -1.8461990e-01  -5.1660808e-01  -2.4780726e-01  -8.0128893e-02  -3.2245172e-02  -1.9831447e-02   4.3447034e-01  -2.0035356e-01   7.4656837e-02   2.1556274e-01  -2.3349753e-01  -8.0294338e-02   1.0877505e-01   1.2907541e-01   1.8863878e-01   5.0022384e-01  -2.5223818e-02  -1.4425444e-01  -6.8038042e-02   4.3374775e-01   1.2072706e-01   1.2879918e-01   3.1856293e-01  -4.3081402e-01   3.1247379e-01  -2.2764621e-01   6.5759475e-02   3.9817483e-01   4.3725870e-01   4.4119449e-01  -1.4975121e-01  -1.2461695e-02   2.2036503e-01   4.4859710e-02  -3.0419568e-01  -4.2895853e-01  -4.7112608e-02  -3.8164510e-01   4.2472431e-02   2.9111213e-01  -7.5149931e-02   3.8366750e-01   4.5517889e-01  -3.0228927e-01  -3.7357063e-03   3.1201668e-01   3.4827544e-01  -4.4161969e-02  -1.9959825e-01   5.7674237e-02   2.7530574e-01  -1.5535376e-01   7.0559138e-02  -2.6347000e-01   2.4472189e-01  -1.3021819e-01  -1.7290959e-01  -1.1829879e-01   6.1234857e-01   2.4376029e-01  -1.5743051e-01   1.1677700e-01  -1.6563110e-02  -3.2866435e-01  -3.4410253e-01  -1.4405542e-01  -6.1592830e-02  -3.0518563e-01   3.8170296e-01  -2.6572009e-01   6.4002397e-01   3.4831076e-02   3.3243789e-01   1.7652914e-01  -2.9253299e-01   6.7906626e-01   2.0404711e-01  -1.0082403e-01   3.9027467e-01  -2.3907566e-01  -1.0679061e-01  -2.2141934e-01  -2.3096366e-01   1.1148080e-01  -3.8738131e-01  -1.3363660e-01   2.7002323e-02  -2.8027268e-02   1.3971573e-01   2.0488681e-01   1.5502798e-01  -3.4257760e-01   6.8290115e-02  -3.9784782e-01  -1.3878208e-01   6.3431242e-01  -2.9629477e-01   3.2556596e-02  -2.0348785e-01  -1.5126032e-01  -1.8746961e-01   5.5580934e-01   3.8430879e-01   1.8338475e-01  -2.1587109e-01  -5.6161376e-01   1.1088133e-01  -1.0998483e-02  -1.0511117e-01   2.8115378e-01   1.7362744e-01   1.9118041e-02   5.2294664e-02   1.1586099e-02   3.8537614e-02  -2.6720843e-01   1.2185889e-01   1.2675539e-02  -1.7307620e-01   4.5813929e-02   3.6600313e-02   9.7374929e-02   4.8448257e-02  -1.2294534e-01  -3.4989657e-03  -1.8304829e-01   1.0284512e-01   1.7650015e-01  -1.2953501e-01  -3.0062974e-01  -2.4781370e-01  -1.9745905e-01  -4.0040633e-02   1.8835262e-01   5.4637795e-01  -1.3134293e-02  -1.7392263e-01   1.6406659e-01   1.0785233e-02  -2.0397847e-01   7.6236532e-03  -1.7518833e-01   2.5304087e-01  -2.8855897e-01  -2.9329658e-01   2.4707337e-01   2.9347306e-01  -3.5236138e-01  -1.5747675e-01   2.2715507e-01   4.2707431e-01  -2.9376406e-01  -4.7115432e-03  -1.0197647e-03   6.3502721e-02  -1.4036621e-01  -2.4222848e-01
  -6.1906433e-02  -5.7932390e-01   1.2122466e-01   1.5027278e-01  -6.4875006e-02   0.0000000e+00   2.4125864e-01   9.3758200e-02  -6.1416075e-01   8.6747455e-03  -8.4314136e-02  -1.1966450e-01  -1.3818759e-01   2.5936261e-01   1.4522403e-01   4.1537266e-01   9.0948350e-02   2.0546112e-01   1.9289718e-01   1.1682783e-01   1.4783719e-01   2.6351684e-01   3.8247732e-02  -1.7848725e-01   1.1831935e-02   1.8896774e-01   3.0995821e-01   4.4925044e-01  -1.4098419e-01  -6.2594000e-02  -2.7708652e-01   3.1136388e-02   3.8743090e-01  -8.2188375e-02  -2.3521496e-01   1.0359022e-01  -2.5030334e-01  -8.7217450e-03   3.2490849e-01  -4.3785426e-02  -5.3226634e-02   1.3682214e-01  -4.5053146e-01  -1.1245511e-01  -2.5172433e-01   3.5081797e-02   3.2306390e-01  -2.3984319e-01  -7.2005039e-02   1.7552865e-01   2.8402090e-01   1.3752819e-02  -3.0049122e-01   1.9650506e-01   1.0103518e-01   5.9637154e-01   2.5864179e-01   2.7279121e-01   5.8404499e-02  -5.2766248e-01   1.4662879e-01  -1.4621229e-02  -3.8483364e-01  -1.0087171e-01  -4.8398510e-01   3.3876022e-01   4.9521263e-01  -4.0885052e-01   2.3678358e-01   1.1878923e-01   1.4888152e-01   1.1201530e-01  -4.0512944e-01   2.7352399e-01   2.2508140e-02   2.8529398e-01   1.6615600e-01   1.5004024e-02  -6.7727176e-02  -1.3959441e-01   3.8829305e-01  -2.0785300e-01   5.6376297e-02   2.6607680e-01   3.9638649e-01   1.1268135e-01  -1.2522798e-01   1.8317152e-01  -3.4021301e-01  -8.8154166e-02  -1.1840879e-01   3.6212312e-01   1.6033271e-01  -4.3022298e-01  -1.0120503e-01  -1.9664558e-01  -2.0852287e-01   6.2004819e-02  -9.6271576e-02   9.6534294e-02   2.1190132e-01   7.6644280e-02   5.5251406e-01  -5.9556133e-01   1.5683747e-02  -6.6453778e-02   2.7280399e-01   5.4150126e-01   5.1759964e-02  -5.4417460e-02  -9.5888770e-03   3.1463877e-01   2.5478300e-01  -1.1114013e-01   3.7317964e-01  -4.0149498e-01   3.9105894e-01  -2.0265604e-01   5.8532012e-01   2.2203172e-01   5.3365936e-02   1.2994764e-02  -1.9507842e-01  -1.4847862e-01   2.0836443e-01   4.1270224e-01   9.3990133e-03  -5.0256019e-03   1.1933915e-01   6.1643403e-03  -5.1135501e-02  -2.7881381e-02  -7.0325913e-02  -4.1628961e-01  -2.7827460e-01   2.2596646e-01  -4.2764147e-02  -4.7194872e-02   6.1590541e-02  -1.9295337e-01  -2.8685515e-01  -2.3239919e-01   6.9258410e-02   6.5150670e-01   1.2140110e-02  -4.3806020e-01   1.5510916e-01   4.8725659e-02   5.6497541e-01   9.0288908e-03   2.5140477e-01   3.7801632e-01   2.4515180e-01  -4.8916005e-01  -1.1647813e-01  -1.2098950e-01  -5.5825611e-02  -7.4295479e-02   3.0524735e-01   5.8410533e-01   4.1462781e-02   2.7090398e-02   2.5062443e-01   1.3311540e-03  -9.6935631e-02  -1.1497874e-01  -3.2084213e-01   4.8123171e-01   9.7515547e-02   8.2860333e-02  -1.8517885e-01   1.2959457e-01  -1.6963297e-01   6.6684626e-01   1.1681506e-01   2.6443678e-02  -1.9638640e-01
  -1.8515828e-01   1.2062469e-01   2.2066261e-01  -3.4756119e-01   2.1342397e-01   2.4125864e-01   0.0000000e+00  -9.8051846e-02   4.0375263e-02   3.9877706e-01  -2.5364682e-01   5.3242478e-01  -4.1700335e-01  -3.3407773e-01   4.4430984e-01   2.7520225e-01   1.8641611e-01  -3.0801328e-01   7.2403062e-02   1.3647804e-01   2.0141860e-03  -3.5291408e-01   3.0837079e-01  -4.2929999e-01  -2.7494154e-01  -1.5594137e-01   3.3858579e-01   2.1027424e-01   3.1059706e-02   3.6969479e-01  -9.9551860e-02  -2.8989218e-01   9.9356866e-02   6.4994287e-01   5.6657211e-01   8.0153406e-02   1.0269491e-01  -3.0080405e-01   2.1577448e-01   4.0183590e-01  -1.3600013e-01  -5.4826845e-02   3.1281711e-01  -2.2928479e-01   7.1198158e-02  -2.6822048e-01  -2.4514259e-01   4.7576895e-01  -1.3646715e-01   3.9628535e-01  -1.9629148e-01  -4.2870788e-02   3.5839271e-01   6.3890103e-03  -1.1166448e-01   5.5682866e-03  -9.8317636e-02  -2.6156797e-01  -2.4064611e-01   1.7972934e-01  -3.6486038e-01   1.4100563e-01  -1.1424872e-01  -2.9528410e-01  -4.0554643e-01   3.9559572e-01   4.5341011e-01  -1.1197184e-02  -3.3457678e-01   3.5980142e-02   5.1546405e-01  -4.2611639e-01  -1.2198384e-01  -4.6833402e-01  -1.1104858e-01   3.2737641e-02  -2.3153700e-01  -1.0558347e-02   3.1740126e-01  -1.8958465e-01   4.8356198e-01   9.6541760e-02   2.3727754e-01  -1.9185710e-01  -1.5996553e-01  -5.9684607e-02  -6.6241719e-02  -2.2978821e-01   1.8945430e-01  -4.2899345e-01   1.2043238e-01   8.7495104e-03   4.7293228e-01   2.9714607e-01  -2.2440395e-01  -7.2469261e-02  -1.4638268e-01  -2.6195971e-01  -2.1673081e-01   4.0568804e-01  -3.4978599e-01   2.7773161e-02   5.8305681e-02  -1.1604028e-01  -4.4440037e-01  -2.7059253e-01  -5.9813151e-03  -1.1971636e-01   5.2197318e-02   1.3933684e-01   5.6293998e-01  -1.6988418e-01   1.0107788e-02  -3.3623165e-01   1.1029353e-01   5.2450963e-02  -1.1922639e-01  -2.6574905e-01   1.9053034e-01  -3.3765573e-01  -3.7281571e-01   5.1190627e-03   3.4735558e-01   5.1671807e-03  -2.5089133e-01  -1.5261156e-01   2.9556648e-01  -9.8789305e-02  -2.2403615e-01   1.1027762e-01  -1.7286678e-01   4.1772212e-01  -6.2753963e-02   2.1476985e-01  -1.4404465e-01  -1.5333295e-01  -2.6981575e-01   3.3111419e-01  -2.3615847e-01  -2.4892517e-01  -2.9291518e-01  -2.9640853e-01  -8.7997367e-02   3.5330589e-01   3.5988012e-01  -2.7239078e-01   5.8569149e-01  -2.5201524e-01   4.0449076e-01   2.5451100e-01  -3.4478488e-01   2.8462214e-01  -1.0800171e-01  -5.7992719e-02   3.7675333e-01  -2.4400689e-01  -2.6785536e-01  -1.7284915e-01   6.9662108e-02   3.3349795e-01   8.7780487e-02  -3.4124772e-01   2.7744312e-01  -5.1668540e-01  -3.4893638e-01   5.3334390e-01   2.6150887e-01  -1.9670786e-01  -2.0754014e-01   3.7849490e-01   4.3577874e-01  -2.4533319e-01  -3.9150600e-01   1.6913905e-01   8.1954288e-02  -2.1680480e-01  -3.8761804e-01
   1.6874729e-01  -2.5866476e-01   1.3790720e-02   5.5402722e-02  -1.4822691e-01   9.3758200e-02  -9.8051846e-02   0.0000000e+00  -1.3008278e-01  -1.1017622e-01  -3.2112843e-02  -1.6776843e-01  -6.9077874e-02   1.2075585e-01  -3.9562819e-02   1.5867808e-01   5.0535068e-02   3.5391828e-03   1.3280023e-01  -7.9705831e-02   9.3932259e-02   2.1591872e-01  -3.9242916e-02   1.5836455e-01  -8.9535069e-02   3.5177151e-01  -1.0113973e-01   1.0845975e-01  -1.4622005e-02  -1.9342767e-01  -5.1968382e-02   3.3136179e-01   1.8040937e-01  -1.1412522e-01  -2.4172504e-01  -2.5590563e-01  -3.6260618e-01   3.3772112e-01  -2.1226391e-02  -2.7000090e-01  -1.0477332e-01   1.8394624e-01  -1.4729345e-01   1.0256812e-01  -7.6068245e-02   2.5310400e-01  -3.5669430e-02  -2.1859777e-01  -1.8646177e-01  -4.5909461e-02  -3.5131650e-02   7.1851243e-01  -1.7747911e-01   2.2776659e-01   1.4141049e-01   7.1122300e-02   1.2435696e-01   1.3571506e-01   2.0894772e-01  -1.2854835e-01   2.2001029e-01  -1.4242718e-01  -1.3970894e-01   2.3344511e-01  -1.0138620e-01  -1.2653114e-01  -8.5696262e-02  -3.2565142e-01   2.4026096e-01   2.4384082e-01  -1.2934369e-01   1.0667184e-01  -3.3519854e-01  -7.9662898e-02   8.6577719e-02   3.1458887e-01   2.1475239e-01  -8.5552915e-02  -2.4955421e-01  -3.6365299e-01   1.5988329e-01  -3.0411430e-01  -4.6039995e-02   2.4642701e-01  -8.0905472e-02   1.9651946e-01  -1.1945750e-01   3.4047253e-01  -2.1286002e-01  -5.2864560e-02  -8.0716852e-02   2.5229429e-01  -2.8071057e-01  -4.8122132e-02   4.9023932e-01  -3.0633380e-02  -1.9547830e-01   4.8503845e-01  -2.8823962e-01  -6.8709750e-02  -3.5863893e-03   9.5336857e-02   7.0340050e-02  -6.0523613e-02   1.2764835e-01   3.8364558e-01   1.9337282e-01   5.0614023e-01  -1.8264916e-01  -1.6767699e-01  -1.5829815e-01   8.8553170e-02   1.5613782e-01   2.5241728e-01   6.8368234e-02  -2.0437951e-01   2.0016014e-01  -3.0437206e-01  -7.9634459e-03   3.0951908e-01   2.3127884e-01   3.7670952e-03  -9.0762389e-02   5.3692298e-03   2.8294087e-01   8.3726200e-02  -5.1690080e-02  -2.5453798e-01   4.7934693e-02   4.6216093e-02  -2.2002695e-01  -1.5089631e-01   6.6905719e-02  -1.7314406e-01   9.1450895e-02   7.1840771e-01  -2.7329904e-01  -8.3407403e-02   6.1958886e-01   3.4362119e-01   1.0966479e-01  -2.1495973e-01   4.7124944e-02  -4.0112039e-02   1.3595900e-02   2.5195127e-01  -6.7575228e-02  -5.8801541e-02  -8.8878349e-02  -1.7577854e-01   1.9346663e-01   1.5867413e-01   2.4974249e-01   1.9883751e-03  -1.7085474e-01   1.5112162e-01   2.9348401e-01   6.7291413e-02   3.9657762e-01   2.2404242e-01  -1.8539370e-01   2.4483444e-01  -1.8021955e-01   7.7281228e-02   1.9632525e-01  -2.4392703e-01  -1.7990279e-01   4.2523168e-02   2.4304166e-01  -1.5726251e-01  -2.1696503e-01   3.3054420e-01  -2.7901431e-01   1.6207111e-02  -1.7437386e-02  -2.0472607e-01   2.7009154e-01
  -9.7332873e-02   6.3596107e-01  -2.2083325e-02  -3.8580871e-01   3.9847836e-01  -6.1416075e-01   4.0375263e-02  -1.3008278e-01   0.0000000e+00  -8.8387087e-02  -5.0706157e-02   2.0472832e-01   1.3227026e-01  -4.6189708e-01   8.0183416e-02  -1.6916893e-01  -1.4741061e-01  -2.7388387e-01  -1.8110266e-01  -3.5210285e-02  -3.1035391e-01  -5.0456846e-01  -5.1053218e-02  -3.0036329e-02  -1.8827105e-02  -1.2405335e-01   1.1937530e-01  -3.3366512e-01   2.3016568e-01   3.0508587e-01   2.6026710e-01  -1.8408918e-01  -2.4407867e-01   3.4212343e-01   3.5247812e-01   7.0923185e-02   2.4469133e-01  -6.3734314e-02  -1.5528223e-01   2.4221455e-01   1.4373735e-01  -5.8024430e-02   6.0758578e-01  -3.1937941e-02   5.6788490e-01  -1.7984405e-01  -2.0725784e-01   5.2234454e-01   1.0328699e-01  -8.8012343e-03  -3.1649955e-01  -8.8384347e-02   5.5022338e-01  -1.7752006e-01  -1.9065242e-01  -5.6400870e-01  -2.7445927e-01  -4.5960496e-01  -6.2988703e-02   6.6604506e-01  -2.8094001e-01   1.3439798e-01   4.2175495e-01  -2.3037780e-03   5.7127947e-01  -9.7269615e-02  -1.7498378e-01   3.1641358e-01  -1.8347087e-01  -5.9551923e-02  -4.6499642e-02  -8.2731002e-02   3.0237597e-01  -2.4756528e-01   9.2466396e-03  -4.2457707e-01  -3.0048345e-01  -1.6306465e-01   5.4256419e-01   6.7019327e-02  -2.1044261e-01   3.1033068e-01  -1.5280701e-01  -2.2067850e-01  -4.9916921e-01  -2.7381742e-01   6.3792701e-04  -1.7946045e-01   3.6877299e-01  -1.1203251e-01   4.3611342e-01  -3.0294191e-01  -1.7184719e-01   6.0666686e-01  -1.1935616e-01   2.8341802e-01   2.0263722e-01  -1.8411839e-01   2.0538771e-01  -1.1429862e-01  -3.0402994e-01  -9.0988239e-03  -4.3057815e-01   8.2154805e-01  -2.4666781e-01  -2.8114668e-01  -3.5520954e-01  -4.6988518e-01  -2.5827021e-02   5.5466545e-02   2.5748929e-02  -3.3277015e-01  -2.8960791e-01  -1.4232074e-01  -3.2773062e-01   6.1000668e-01  -2.9284846e-01   2.4046572e-01  -5.8025962e-01  -1.4040211e-01  -2.1439514e-01   2.9924686e-01   1.4066808e-01   3.9754981e-01  -2.1552675e-01  -4.4959224e-01   2.3883411e-01  -2.1809526e-01  -4.1681872e-01  -4.7042134e-03   7.0971284e-02   7.3187292e-02  -9.0062142e-02   4.8293019e-01   9.4458554e-02  -2.8234039e-01  -1.0239464e-01   9.7178322e-02  -2.9649501e-02   1.1057003e-01   5.5533737e-02   2.4841846e-01   1.0515554e-02  -5.1169963e-01   1.5305703e-01   2.8000463e-01  -5.7747551e-02  -3.5946621e-02  -3.8220538e-01  -6.5159288e-02  -2.8749968e-01  -2.2483914e-01  -1.6501270e-01   5.6767842e-01   2.5296833e-01   2.7240939e-02  -3.5191047e-02   1.2664054e-01  -2.1634706e-01  -3.5166956e-01  -1.6530738e-01  -1.7286864e-01  -1.7357579e-01  -1.4001266e-01  -1.4150520e-01   3.1245053e-01   4.6928583e-01  -5.1007950e-01  -1.1310669e-01  -2.3127862e-02   4.9039530e-01  -2.6066610e-01   1.0508195e-01  -3.9472247e-01  -6.7839798e-02  -1.8189843e-01   5.7505897e-03
  -3.0021237e-01   6.5790488e-02   2.9344810e-01  -1.5186352e-01   2.6036780e-01   8.6747455e-03   3.9877706e-01  -1.1017622e-01  -8.8387087e-02   0.0000000e+00   9.0974872e-02   1.5318579e-01   1.1100417e-02  -1.1900159e-01   3.2362602e-01   1.8376683e-01   3.3567339e-01  -1.0309368e-01  -1.5500460e-01   2.6996402e-01   7.4144410e-02  -2.5967577e-01   2.9457749e-01  -3.3040213e-01  -1.6820910e-01  -7.7706975e-02   3.8113182e-01   2.8936729e-01  -8.1607427e-02  -8.0879433e-02  -3.5536537e-03  -3.4982674e-01   2.1542343e-01   4.8568691e-01   3.6222030e-01   3.5422313e-01   2.8668417e-01  -1.9435946e-01   3.1382926e-01   5.4666865e-01   1.3381099e-01   1.0214509e-01   3.8114353e-02  -4.8656043e-02  -4.8118108e-03  -3.3807512e-01  -2.0512570e-01   3.8781835e-01   1.1248036e-01   2.6291574e-01  -1.6792406e-02  -1.6510220e-01   3.9574061e-01   1.6723522e-01  -9.9077503e-02   9.9034192e-02  -4.8858219e-02  -3.7548217e-01  -2.6139542e-02  -9.6078954e-02  -1.7853622e-01   4.5340570e-01  -1.9672053e-01  -5.0268988e-02  -3.5104769e-01   4.5044142e-01   3.6585066e-01   6.7196814e-02  -2.8567683e-01   2.3284604e-02   5.5884971e-01  -3.9216329e-01   5.1490661e-02  -3.5813878e-01   1.2006488e-01  -6.4133450e-02  -1.2354104e-01   1.5056550e-01   6.3269631e-02   1.4683638e-01   3.2350451e-01   8.9359458e-02   4.7262602e-01  -1.0664417e-01  -1.8774348e-01  -2.2136519e-01   1.0178193e-02  -3.8593578e-01   1.1136208e-01  -4.4372344e-01  -4.2134915e-02   9.3431849e-02   3.7879059e-01  -5.7753257e-02  -1.8370801e-01  -3.1815343e-03   1.2502294e-01  -2.6093145e-01   1.3720862e-01   4.1928367e-01  -7.8943646e-02  -6.2893233e-02  -2.0598544e-01  -2.4263144e-01  -5.2809472e-01  -1.8704899e-01   1.5869850e-01  -5.6182235e-02   3.3872076e-01   4.7977223e-01   4.4288945e-01  -4.4398893e-01  -5.2789624e-02  -3.2881884e-01   3.9750083e-01   1.4078446e-01  -4.1671138e-02   6.0631175e-02   4.0541302e-01  -2.5246068e-01  -3.7485953e-01  -2.9392323e-01   1.7907908e-01  -1.4239886e-01  -4.0200196e-01  -3.2762975e-01  -6.0707369e-02   8.4580157e-02  -2.3007321e-01   2.9404758e-01   1.8119408e-01   5.8556155e-01  -1.9988151e-01   3.4527900e-01  -1.5872937e-01  -4.3503861e-02   1.1879519e-01   5.7914650e-01  -3.0841565e-01  -1.7715807e-01  -1.1267487e-02   1.2738373e-01  -6.5758663e-02   4.5069690e-01   8.2888466e-02  -2.5299025e-01   5.6049028e-01  -8.2869898e-02   1.7660991e-01   2.0631238e-01  -3.0631881e-01   1.7617135e-01  -1.4664642e-01   2.6561548e-02   2.8442907e-01  -1.4325017e-01  -2.4236447e-01   1.2522617e-01   4.1359464e-02   6.6445577e-02   1.5673606e-01  -1.6658321e-01   4.9169624e-01  -3.6782485e-01  -2.6850508e-01   2.1364046e-01  -6.8971099e-02   3.6249140e-02  -1.4387775e-01   3.7067287e-01   1.8252825e-01  -3.4552512e-01  -2.0821851e-01   4.4955112e-02   7.5267745e-02  -1.0255297e-01  -3.3005543e-01
   8.5840640e-02  -2.2009381e-01  -2.5600530e-01   1.2364868e-01  -6.4910717e-02  -8.4314136e-02  -2.5364682e-01  -3.2112843e-02  -5.0706157e-02   9.0974872e-02   0.0000000e+00  -4.0276569e-01   2.1461769e-01   1.6524688e-02  -8.9092963e-02   4.6239420e-02  -1.3497081e-01   6.8624653e-01  -1.9719075e-02  -7.2237315e-02   4.7000211e-02   9.1730595e-02  -7.8811200e-02   1.3782093e-01   1.6335864e-01   1.1000430e-01   1.2934179e-03  -3.5993821e-02  -3.0451936e-01  -5.0620290e-02   3.1880642e-01   1.9348189e-01  -4.2436332e-02  -1.1522139e-01  -2.5866124e-01   5.9035981e-01  -1.6872005e-01   8.7246239e-02   1.6677224e-01  -3.1374801e-01   4.5091294e-01  -1.8203816e-02  -3.3888885e-01   3.4870984e-01   2.4147205e-01  -1.9924807e-02   5.7744080e-01  -1.7114810e-01   2.2510987e-01  -3.4957355e-01   6.4166697e-01  -1.7147448e-01  -1.3156307e-01  -2.0286817e-01  -6.1938949e-02   2.4856394e-01   9.8121928e-02   1.4302239e-01   3.3091193e-01  -2.0875718e-01   1.5492239e-01   3.8430017e-01  -1.9979674e-01   4.9030496e-01   3.0501336e-01   3.5060490e-01  -8.4763683e-02   1.1841061e-02   5.5873231e-01  -1.3318448e-01  -2.7855735e-01   4.2548522e-01   4.3818711e-01  -8.7238563e-02   1.7132518e-01   1.0690164e-01   3.5690278e-02  -1.7656236e-01  -1.9348818e-02   5.2404981e-02  -1.1027671e-01   2.3047812e-01   9.3232413e-02   3.0223951e-01  -9.9269712e-02   9.6463328e-02  -1.0737137e-01  -3.6904911e-02  -2.1589076e-01   5.5442494e-02  -2.1332943e-01  -8.4765862e-02   1.1400127e-02  -2.6470847e-03   1.4172207e-01  -7.9658184e-02   2.6508583e-01  -3.9263366e-02   2.8721646e-01  -1.6577558e-01  -3.9196428e-02   2.4507146e-01   2.8769772e-01   2.5968336e-02   2.3812029e-01   8.6405822e-02   1.6353398e-01   1.4362475e-01  -1.6282468e-01   3.9922249e-01  -3.0697670e-01   1.8825392e-01   1.6800852e-01   1.0463053e-01  -1.9183888e-01  -1.3570366e-01   3.7690552e-01   3.8604326e-01   2.0460407e-02   3.0080739e-01   1.1784802e-01  -2.0617487e-01  -1.7426083e-01   3.8276512e-01  -9.9379027e-02  -7.0456630e-03   2.4087822e-01   8.4136903e-02   1.0045984e-01  -1.9232579e-01   4.8464100e-01   2.6653357e-01  -2.4982852e-01   7.3313060e-02  -1.0763059e-01   1.0013053e-02   2.2791268e-01  -3.3218003e-03   5.5257584e-02   1.5261858e-01   8.8543643e-02   5.7430085e-02   4.6744737e-01  -1.3840731e-01   1.8913474e-01   3.4656329e-01  -3.9616853e-01   4.8600689e-01   1.4956886e-01  -1.1296977e-02  -1.0912422e-01   1.3191612e-01  -2.0371943e-01   3.2231678e-01  -3.9627605e-01   3.8298583e-02  -1.0793275e-02   3.6662525e-01  -7.1601619e-02   4.3497916e-02   1.1047444e-01   6.4584233e-01   8.3318055e-02   3.7223432e-01   1.9544970e-01  -3.8120888e-01  -4.8288375e-02   2.1073714e-01  -1.6843768e-02  -8.4441434e-02  -2.6436191e-01  -3.8301000e-02   2.3107637e-01  -1.4200288e-01  -1.4001770e-02  -6.3357649e-02   2.2369699e-01
  -2.3665083e-01   6.0194838e-01   6.0837606e-01  -3.3251358e-01   3.5667988e-01  -1.1966450e-01   5.3242478e-01  -1.6776843e-01   2.0472832e-01   1.5318579e-01  -4.0276569e-01   0.0000000e+00  -1.8500432e-01  -5.3327774e-01  -5.9492316e-02  -1.9333243e-01   5.2060394e-01  -4.8664480e-01  -6.0559832e-02   2.0811472e-01  -9.8789631e-03  -5.0296093e-01  -1.0596516e-02  -2.9714771e-01  -2.8988828e-01  -1.6048016e-01   1.2865544e-01  -3.5229918e-01   2.1656518e-01   3.6578093e-01  -2.3919255e-01  -1.8924230e-01  -7.6977801e-02   2.5780472e-01   3.8829826e-01  -1.2832714e-01   2.4822989e-01  -3.1035434e-01  -2.0236914e-01   4.5645233e-01  -1.9117823e-01  -9.4118168e-02   6.0253829e-01  -3.5765657e-01   3.3679944e-02  -1.9668849e-01  -4.6749793e-01   4.2787839e-01   8.2588340e-03   5.7614304e-01  -4.7486822e-01  -7.0709614e-02   3.0985316e-01   1.1646220e-01  -1.1360276e-01  -5.4829947e-01  -1.5055434e-01  -3.9700892e-01  -1.4682416e-01   5.7716489e-01  -2.1392696e-01  -4.6989696e-02   4.7381510e-01  -3.1141833e-01  -2.0975017e-01  -7.4182049e-03   3.3239743e-01   2.2290486e-01  -5.0694402e-01   1.3284563e-02   5.4910390e-01  -4.9626218e-01  -5.8879719e-02  -2.7220029e-01  -1.8012690e-01  -1.1611682e-01  -1.7128291e-01  -1.3349842e-01   3.9454329e-01  -7.1871725e-04  -2.3608282e-01   1.2278442e-01   2.1326394e-01  -4.0255742e-01   3.5741399e-02  -4.1165086e-02   1.7430119e-01  -2.8610216e-01   5.2673738e-01  -2.0217744e-01   2.6194196e-01   4.4348815e-02   4.7033736e-01   3.6506820e-01  -3.1272476e-01   2.3012704e-01  -5.6069574e-02  -9.8157238e-02  -3.0262437e-02   8.9111536e-02  -2.5721224e-01  -3.7605591e-02  -4.4724085e-01   1.6868873e-02  -2.3514649e-01  -6.2547003e-02  -6.7096830e-02  -2.8098788e-01   2.1619862e-01  -9.7337863e-02   6.2250501e-01  -3.5624565e-01  -1.6399904e-01  -2.0026092e-01  -2.1637696e-01   3.7310693e-01  -4.4580552e-01  -9.3881733e-02  -1.1207655e-01  -5.8104800e-01  -3.6454165e-01   2.6915767e-01   6.2746540e-01  -9.8679252e-02  -1.7328028e-01  -4.2223559e-01   6.2746834e-02  -3.6137049e-03   6.0055907e-03   3.1907553e-01  -2.1178389e-01   1.3463742e-02   4.0715908e-01   1.6336315e-01   1.1421071e-01  -3.9174645e-01  -2.7820189e-01   1.0944925e-01  -4.3198283e-01  -1.6726636e-01  -1.2817815e-01  -1.8264328e-01  -2.4307661e-01  -6.8621222e-02  -9.8391869e-02  -2.6298679e-01   4.3595452e-01  -3.7136607e-01  -2.7723105e-01   4.7206844e-02  -2.3478945e-01  -2.0371765e-01  -1.3139987e-01   1.0358456e-02   7.4921440e-01  -2.7861791e-01  -1.7148253e-01  -1.3929926e-01   4.2253821e-02  -3.5302927e-01   3.0982504e-02  -5.3074791e-01   1.2005242e-01  -4.6446916e-01  -2.5519185e-01   4.6911576e-01   4.0119790e-01  -5.8377273e-01  -3.0301644e-01   4.1902899e-01   4.3125359e-01  -3.8894989e-01  -1.8192266e-01   1.4145862e-02   1.4768917e-02  -2.3693669e-01  -1.3713363e-01
   1.6255229e-01  -3.8614821e-02  -3.2993683e-02   7.3925185e-02   1.2485245e-01  -1.3818759e-01  -4.1700335e-01  -6.9077874e-02   1.3227026e-01   1.1100417e-02   2.1461769e-01  -1.8500432e-01   0.0000000e+00  -1.3528082e-01  -2.6403539e-01   2.3448679e-02  -1.7352840e-02   3.8200706e-01   3.5385442e-02   3.1819223e-01  -2.7809370e-01   2.2132428e-02  -2.6715535e-01   1.9054087e-01   3.4488641e-01   2.0760056e-01   1.6553793e-01  -1.3054125e-01   1.8730370e-02  -8.8479110e-02  -8.4548286e-02   1.5833123e-01   5.9879998e-02  -3.0281390e-01  -2.8986075e-01   3.0816730e-01  -4.7704136e-02   1.9029617e-01   8.1941063e-02  -5.1235480e-03   6.3914733e-01   2.2348042e-02  -1.1254041e-01   7.9897223e-02   2.3779332e-01   1.8174564e-01   3.8250306e-01  -2.1704980e-01   1.7235392e-01   2.9530681e-02   3.0061677e-01  -2.8636562e-02  -2.1988914e-01  -2.0280120e-01  -1.6536472e-01  -1.2197079e-01   1.6311557e-01   8.6245115e-02   3.1199223e-01   8.6283871e-02   1.9510430e-01   2.1840230e-01   1.5905755e-01   1.0091877e-01   3.9546348e-01   6.8444753e-02  -1.1097906e-01  -6.8649942e-02   2.9388196e-01   6.5668564e-02  -2.5509954e-01   2.8181575e-01   3.4838727e-01   1.7741065e-01   7.0590287e-02  -1.7100822e-01  -7.6162654e-02  -9.2781105e-02   1.2009249e-01   4.0754924e-01  -2.1415688e-01   1.1466643e-01  -3.9807661e-01   7.9194003e-02  -3.3124985e-02  -1.4489442e-01  -2.5769401e-01   1.5291103e-02  -8.6195172e-02   9.0467329e-02   1.4182400e-01   6.1312300e-02  -2.6470527e-01   1.7353430e-01   1.4448619e-01   2.9605759e-01   1.9532476e-01   1.9904493e-02   4.8585352e-01  -2.8033813e-01   1.5874052e-01   1.2263258e-01  -8.0705988e-02   1.9726015e-01   1.5683571e-01  -1.4812128e-01  -1.6467034e-01   1.9275227e-01   3.4229607e-02  -6.3994713e-02  -3.3350401e-01   1.1056954e-01   1.5909960e-01   8.8948406e-02  -7.7098068e-02  -2.9302494e-02   8.0484612e-02   6.3899394e-01  -2.3249125e-01   2.0793849e-01   1.1021768e-01   2.6144028e-01  -1.5085930e-01   1.3362646e-01   1.3346736e-02  -8.8565104e-02   1.0676306e-01  -8.0981493e-02  -3.4604919e-02   1.3619520e-01   6.2916134e-01  -2.0880982e-01   3.3799715e-02  -1.5859278e-01   1.1029292e-01   4.9615824e-03   3.5814461e-01  -1.9037624e-01   6.2815577e-02   2.7585159e-01   3.8251351e-01   5.2923176e-01   1.9640561e-01  -1.6639401e-01  -6.4391183e-02   1.9067290e-01  -2.7481719e-01   2.2344729e-01  -2.8513043e-01  -3.6122876e-01  -3.8880646e-02  -1.7945951e-01   8.1587168e-02   5.4170747e-02   8.2591817e-03   1.6776406e-01   2.0049909e-02   5.0215063e-01  -5.3151755e-02  -2.7200581e-01   1.1640389e-01   2.1739338e-01  -9.3515719e-02   2.9270794e-01   1.4866553e-01  -1.2918220e-01  -1.5482536e-01  -2.3233621e-03   1.7376629e-01  -4.2987531e-01   4.8632369e-03   9.2870454e-02   9.5960917e-02   1.7361057e-02   1.6797453e-01  -9.9989837e-02   2.9785255e-01
  -8.2576371e-02  -4.3685221e-01  -4.1309208e-01   4.3909281e-01  -4.7295267e-01   2.5936261e-01  -3.3407773e-01   1.2075585e-01  -4.6189708e-01  -1.1900159e-01   1.6524688e-02  -5.3327774e-01  -1.3528082e-01   0.0000000e+00  -2.5120950e-02  -4.5881418e-04  -3.4870533e-01   1.1345108e-01  -4.7018463e-02  -2.8893093e-01   2.6087924e-01   6.2280470e-01   9.3426640e-02   1.2045485e-01   8.6600049e-02  -5.7182745e-02  -3.1052652e-01   3.8066804e-01  -2.0906969e-01  -4.2028608e-01   1.3685006e-01  -8.2475992e-02   9.0567460e-02  -2.3971046e-01  -2.1950994e-01  -1.6008685e-01  -3.0641526e-02   1.9182099e-01   9.3990456e-02  -4.0632695e-01  -1.0981140e-01   6.5356690e-02  -3.5792568e-01   2.3467102e-01  -4.2170123e-01   9.2312429e-03   3.0221533e-02  -3.7586896e-01  -2.6549683e-02  -4.0185160e-01   2.1824372e-01  -1.4352618e-01  -3.3747487e-01   1.3086510e-01   4.6893805e-01   4.8118932e-01   2.7969515e-01   3.5505221e-01   8.4423151e-02  -5.7820267e-01   9.2524324e-02  -7.2007117e-02  -3.0334117e-01   1.0508074e-01  -1.2898587e-01  -2.1697626e-01  -3.4319228e-01   2.6504614e-02   1.8205229e-01  -2.0533091e-01  -1.5291186e-01   2.3409904e-01  -1.9229607e-01   2.6314276e-01   5.7876311e-02   2.5786619e-01   7.2795492e-02   9.1560177e-02  -5.0586156e-01  -2.7757852e-02   1.5133790e-01  -2.7559404e-01   5.8150750e-02   3.2629861e-01   2.5208471e-01   6.5106242e-02   2.4627991e-01   2.8214426e-01  -3.1291602e-01   1.8125176e-01  -4.2176886e-01  -8.0347559e-02  -3.2764550e-01  -5.0233054e-01   3.9176425e-02  -4.1930460e-01   7.4753469e-02  -8.6229808e-02  -7.2687221e-02   1.7984575e-01   3.2077329e-01  -9.1289629e-02   3.8232725e-01  -2.4838713e-01   2.1553719e-01   1.6371227e-01   1.8931276e-01   7.1521933e-02  -6.8750011e-03  -1.3459799e-01  -1.9136383e-01   2.0439757e-01   1.1314961e-01   4.9894404e-02   3.0185887e-01  -4.3432141e-01   2.5570955e-01  -1.6004265e-01   4.0414806e-01   2.4544447e-01   1.8315224e-01  -3.6234139e-01  -3.3596512e-01  -1.9854980e-01   1.2330405e-01   4.8522024e-01  -3.1535396e-01   1.7441206e-01   1.1527581e-01  -3.5712299e-01  -1.1817696e-01  -9.0054013e-02  -1.1151309e-01  -2.2502041e-01  -7.1043442e-02   3.4945179e-01   2.8084358e-01   1.7793713e-03   1.7956778e-01  -6.8819828e-02  -9.9778468e-02   1.7160240e-02  -1.2002293e-01   3.0248785e-01  -1.2147475e-01   1.0362442e-02  -1.1008578e-01  -9.3770407e-02   1.1866305e-01   2.2467060e-01   3.4146495e-01   2.9319833e-01  -6.5070525e-03  -2.9437110e-01  -5.1044639e-01   1.0249396e-01   1.0406514e-01  -8.9386188e-02  -5.2197556e-02   2.4918788e-01   8.4290560e-02   1.4754160e-01  -1.5623717e-01   3.1214150e-01   1.0668157e-01  -3.8705907e-01  -4.8465139e-01   7.3194466e-01   1.4331578e-01  -9.3897512e-02  -5.5099515e-01   1.8374284e-01   1.1415422e-01   6.2208351e-02   3.9318362e-02   4.1551606e-01  -1.2600038e-02
