   0.0000000e+00  -1.9263635e-01  -8.7106520e-02  -1.4437515e-01  -1.3680899e-01   4.3139305e-02  -2.8623288e-01  -7.8456910e-03  -9.3462904e-02   6.5216864e-02  -2.4454744e-01  -2.6491092e-01  -1.2122382e-01   3.7830452e-01  -2.0826918e-01  -7.5679158e-03   1.3382735e-01  -2.0923235e-01   1.6148624e-01  -1.5839930e-01  -1.7775763e-01  -2.0854562e-01   5.4742594e-02   6.3688382e-01  -3.7989788e-02   1.1569201e-01  -3.9505545e-02  -8.0305898e-02   1.2079579e-01  -1.5469752e-01  -3.0994167e-01  -1.6463849e-01   9.5207654e-02  -1.0387573e-01  -1.5421364e-01  -2.4766763e-01  -1.9850140e-01   6.0797992e-01  -7.4999602e-02  -2.0391288e-01  -1.6332045e-01   2.5929891e-01  -9.1317436e-02  -1.8766961e-01  -1.7345743e-01   5.1168320e-01  -2.1614082e-01  -3.8504656e-01   7.4407718e-03  -1.5319392e-01  -1.3347365e-01  -9.5932313e-02  -2.2392302e-01   2.9209080e-01   9.0895174e-02  -9.4756649e-02   6.2450517e-02  -2.6856134e-01  -2.2670548e-01  -1.0107371e-01   3.0286355e-01   1.6298494e-02  -9.3187688e-02  -9.1441877e-02  -5.4377788e-02  -1.9040155e-01  -6.5607340e-02  -1.1833008e-01  -1.3114777e-01   5.2128259e-01  -2.7547086e-01  -2.2228847e-02  -1.1576188e-01   3.4192252e-01   1.4934914e-01  -2.1819718e-01   4.0085998e-01   4.2345359e-02  -2.0859685e-01  -8.1486520e-03  -1.2062561e-01  -1.5323547e-01  -2.3709827e-01   6.2199377e-02   5.4953202e-01  -2.7475282e-01  -1.5639956e-01   5.4803755e-01  -1.1532947e-01   7.9275064e-01  -2.1468046e-01   2.7368262e-01  -2.5385784e-01  -2.0143961e-01   4.3309916e-01  -2.2467375e-01  -7.2062711e-02  -6.2416245e-02  -1.0544103e-01  -1.4158653e-01   3.8993132e-01  -3.0513242e-01  -2.2442465e-01  -3.3221903e-02  -1.6982410e-01  -2.8183871e-01   2.1529901e-01  -8.9269672e-02  -1.5063220e-02  -2.8356652e-01  -3.7563134e-02  -1.0289032e-01  -1.5213409e-01   7.3608361e-01   8.5017205e-03  -2.5584886e-01  -8.0514617e-02  -1.4587821e-01   9.6061176e-03  -8.8969932e-02   5.6241231e-01  -2.0740534e-01  -2.2528341e-01  -2.0067669e-01   6.6828918e-01  -4.8548546e-02  -2.7625942e-01   4.9878519e-02  -2.3393822e-01   4.4096610e-01  -1.5847476e-01  -2.7090851e-01   2.6150568e-01  -5.2297086e-02  -1.4369610e-01  -2.0880177e-01  -6.8897639e-02  -1.6757447e-01  -2.2087706e-01   5.5239106e-01   4.0568597e-01  -9.7498045e-02  -2.9848189e-01   2.2710021e-01  -1.3883569e-01  -3.3326572e-01  -2.7495844e-01  -1.5203234e-01  -1.1727625e-01  -1.1915764e-01   2.6421912e-01  -2.0379116e-01   5.8227227e-01  -1.7327942e-01  -1.9111702e-01   5.3516701e-01   4.9456430e-01  -5.3499533e-02   2.0857477e-01   2.4869154e-02  -1.2985778e-01  -1.8980605e-01  -1.2574826e-01  -2.5969885e-01  -1.3277192e-01  -1.9821386e-01  -2.6028474e-01   1.5580492e-01   4.8293132e-01  -2.2643758e-01  -2.8781539e-01   4.6957421e-01  -1.7038716e-01   8.4534479e-03   3.6887600e-02   4.0209884e-02  -1.4444276e-01
  -1.9263635e-01   0.0000000e+00   2.4075610e-01  -1.4396897e-01   3.3473742e-01  -1.6088491e-02   2.7516514e-01  -5.1179245e-01   6.5324331e-01   1.7310886e-01  -5.0396157e-01   7.3915341e-01  -1.6799653e-01   2.0938995e-01   3.7401411e-01  -3.0740591e-02  -5.2919364e-02  -1.5865854e-01  -3.3624257e-01   1.7226101e-02  -2.7882435e-01   1.5537028e-01  -2.2350277e-01   6.8500715e-02   2.6039999e-01  -2.2158953e-01   2.2267426e-01  -3.8297203e-02   3.8464222e-02   7.9633825e-01   2.9272337e-01  -4.5903742e-01   8.2154889e-02   2.6327784e-02   5.2152119e-01  -2.2088282e-01   1.0023390e-01  -5.0993116e-01  -1.2231200e-02   5.0695161e-02  -1.6646508e-01  -7.8596143e-02   6.7699360e-01  -3.0161250e-01   2.1246475e-01  -5.0856655e-01  -4.6817225e-01   4.1794721e-01   5.3417152e-01   2.1034163e-01  -3.6863282e-01  -6.3665846e-02   6.9742177e-01  -8.7910309e-02  -1.7467323e-01  -2.4219631e-01  -3.3768338e-01  -1.1652228e-01  -2.4894223e-01   7.0062049e-01  -4.9581670e-01   1.0433640e-01   7.5722566e-01   4.3514271e-01   5.5910170e-01   2.8164535e-01   1.0555913e-01   1.6351299e-02  -3.7224778e-01  -4.5654383e-01   7.2067063e-01  -1.9097073e-01   8.7040811e-02   3.6783445e-01   2.0987278e-01  -3.7262713e-01  -5.2485360e-01  -2.2083875e-01   7.2211987e-01   3.8983039e-03   6.7913425e-02   9.1284870e-02   1.5760290e-02  -1.7721123e-01  -2.4044455e-01  -3.9841590e-01   6.1903328e-02  -4.5764720e-02   3.3985344e-01  -2.7684456e-01   7.6144203e-01  -3.7868090e-01   3.2553350e-01   4.9436849e-01  -3.5046807e-01   3.2239227e-01  -2.5624574e-03  -2.7631485e-01   1.5926821e-01  -1.7838991e-02  -3.3620311e-01   2.0865963e-01  -1.6119167e-01   5.9767293e-01  -3.1949088e-01  -3.4134985e-01  -1.2022258e-02  -3.2791185e-01  -3.4207636e-01   3.0826835e-03   1.2575998e-01   2.3003823e-01   1.1290456e-01  -2.1521023e-01  -6.2081519e-02   5.6995910e-01  -2.7680026e-01   1.4958617e-02   7.8888779e-02  -2.1152731e-01  -5.1791328e-01   6.9351561e-01   4.0721618e-01   6.6348184e-01  -4.5535063e-01   5.3226569e-01   3.3716405e-01   1.0911566e-01   9.3063994e-02  -2.9821878e-01   2.5660250e-02   1.9783439e-02   5.6410962e-01   6.3429999e-04   2.8794783e-01  -1.6058840e-01   4.9681929e-02  -3.8360413e-02  -2.0781130e-01  -1.0650132e-01   2.0307353e-01   1.3980966e-01  -2.9218046e-01  -6.0554293e-02   1.5879076e-01   3.7449421e-03   3.8121773e-01   1.5782057e-01  -1.9829321e-01  -2.5868085e-01  -9.6599753e-02  -5.6831470e-02  -4.2241198e-01   2.2179491e-01   7.5529647e-01  -1.8002310e-01  -5.4808411e-01  -2.5686610e-01  -2.7584136e-01  -2.0721155e-01   1.0758033e-01  -1.0265908e-01   1.4357201e-01  -1.4418884e-01  -2.6048664e-01   3.8010945e-01   2.3776803e-01  -1.6064142e-01  -5.4444210e-01   4.5490788e-01   5.8721830e-01  -5.5308337e-01   8.2133594e-02   2.3361423e-01   3.0229097e-01   1.6773412e-01   8.5404984e-02
  -8.7106520e-02   2.4075610e-01   0.0000000e+00  -1.6684805e-02   2.5746810e-01   2.0705223e-01  -4.3105058e-02  -1.3978080e-01   1.2440892e-01   9.4871736e-02  -2.3862987e-01   3.8590924e-01   9.1520695e-02  -1.1205319e-01   3.3185031e-01  -1.6342450e-02   6.5755563e-01  -1.6330611e-01  -9.9874105e-02   2.8479669e-01  -1.0756244e-01  -1.5426444e-01   1.0113863e-01   2.7664326e-01   1.0395781e-02   1.7200184e-01   3.0421364e-01  -1.3292745e-01   1.0213838e-01   4.9805062e-02  -5.2903734e-02  -4.9575384e-02   2.2593447e-01   1.7164491e-01   1.4401436e-01   2.7820264e-02   4.6046472e-02  -6.5225537e-03  -6.8898053e-02   2.4499371e-01   1.3474824e-01   2.7488653e-01   2.5541618e-01  -3.9642423e-01   2.3757429e-01  -1.3784873e-03  -1.0253214e-01   1.0223102e-01   2.4889416e-02   4.4477283e-01  -2.3558491e-02   2.6833955e-01   2.1176590e-01   3.1935695e-01   6.1661952e-02  -1.6158193e-01   4.1242459e-02  -8.0425111e-03   5.8647465e-02   3.8872448e-01   2.6338671e-01   1.9326329e-01   1.0899778e-01   1.0314412e-01   7.1217513e-03   2.2191834e-01   2.8546240e-01  -3.0346684e-01  -1.5163100e-01   2.2380234e-01   3.8017853e-01   4.2852563e-02  -8.6015578e-02   4.1222652e-01   1.6652576e-01  -7.0666272e-02   1.3216560e-01  -5.2547670e-02   8.3059542e-02  -1.7511576e-01  -9.8291052e-02  -1.3340504e-01  -4.2692073e-02  -6.9235243e-02  -8.9161786e-03  -6.3373924e-02  -1.0331552e-01   1.7987485e-01  -7.7301464e-02  -1.4434281e-02   3.1364787e-01   3.4309454e-01   4.7308106e-01   1.9555486e-01  -9.0598560e-02   2.4455162e-01   4.6898273e-03   1.0331822e-01  -7.4638936e-03   6.2937779e-02   9.1144258e-02   3.2425049e-01  -2.8840680e-01   4.0596798e-02  -1.6429715e-01  -1.4395856e-01   2.6338628e-01  -8.7746034e-02   1.7006016e-01  -6.9054447e-03   1.9814142e-01  -1.6139230e-01  -2.1057838e-01  -2.2244275e-01   2.7025778e-01   2.8512741e-01  -1.0118571e-01  -7.6500923e-02  -6.6788053e-02   3.0634210e-02   9.4256931e-02   4.1585256e-01   3.0498706e-01   8.7376477e-02  -4.7943819e-03   1.1708381e-01   1.5183330e-01   1.6449548e-01  -7.1028093e-02   3.8265357e-01  -4.1019909e-02  -9.1043974e-02   2.7643468e-01   1.1141540e-01   1.4917889e-01   9.7701392e-02   1.9689542e-01  -1.2893774e-01   1.5399552e-01   1.1402878e-01   1.3125192e-01   4.8460904e-02   3.1566178e-02   1.0790087e-02   1.4779636e-01  -2.0698644e-01   4.5404092e-01  -1.1701759e-01   2.4591306e-01   6.3578760e-02   1.6896160e-01  -2.1971016e-01   1.8268436e-02  -6.6341582e-02   4.2920613e-01   1.8474701e-01   1.2262482e-01   1.5357770e-01   3.5456282e-01  -9.2690800e-02  -1.2617892e-01   2.4373671e-02  -7.6512287e-02  -4.9229691e-02   1.0974080e-01   2.1180532e-01  -5.2085458e-02  -2.1448744e-01   9.1700799e-02   2.3693926e-01   3.1799111e-01  -1.1443724e-01  -2.0983810e-02   6.7212375e-02   1.2181889e-01   2.7789145e-01   8.7707439e-02
  -1.4437515e-01  -1.4396897e-01  -1.6684805e-02   0.0000000e+00   5.4783973e-01   2.9458160e-01  -2.3995339e-01   3.2985069e-01   1.6185384e-01   4.1242933e-02   4.6050362e-01  -3.8389855e-01   4.7166957e-01  -2.6320238e-01  -2.2464107e-01   2.0552063e-01   7.2261340e-02   5.6552227e-01   6.0993698e-02   5.9687288e-01   4.1866770e-01   6.5623886e-01  -6.4571324e-02  -1.1518526e-01  -3.6859827e-02   3.0895789e-01   1.9339255e-01  -5.8956274e-01  -1.6217468e-02   1.4286847e-01  -2.3394362e-02   5.8435958e-01   9.2748838e-02  -6.2482466e-02  -2.6138508e-01   6.6438342e-01   2.9003688e-01   1.0046654e-01   1.6186749e-01  -3.7387785e-02   4.3279424e-01   2.3157668e-01  -1.2021882e-01  -7.6773502e-02   1.9216202e-01   2.3472980e-02   5.9429984e-01  -8.6314519e-02   2.2251527e-01   3.9560708e-03   4.8626567e-01   3.4988990e-01  -1.4646193e-01  -5.4206439e-02   5.7947213e-02  -2.5546588e-01   3.8395180e-01   6.8023243e-01   5.0627748e-01  -2.7903144e-03   2.8252137e-01   3.9956860e-01  -3.0455865e-02   2.4815275e-01   2.5151823e-01  -4.7433461e-02   2.4186580e-01   5.8153613e-02   5.9504245e-01  -1.6248335e-01  -1.0433408e-01   6.8014739e-01   1.8463460e-01   1.7827304e-02  -1.5875151e-01   2.1124736e-01   2.6416848e-01   2.1621869e-03   2.2604811e-01   2.5672046e-01  -4.7842984e-01   1.8267649e-01  -1.2607847e-01  -1.3720157e-01  -1.7722445e-01   8.7885321e-02  -2.2844486e-01  -1.8930624e-01  -1.1464732e-01  -2.4701308e-01  -7.7848337e-02   2.1470222e-01   1.0475130e-02   3.1368991e-01   1.5534935e-01   4.5772937e-01   6.5160223e-01   3.4576914e-01   6.3924198e-01   1.5145581e-01  -3.2568214e-01  -2.2979778e-01  -5.3300934e-02   2.5409067e-01   3.0126552e-01   7.5815818e-01  -1.9867621e-01   5.3485679e-01   2.4472312e-01   4.6449173e-02  -2.4180491e-01   1.0629634e-01   6.6151029e-01  -2.2357662e-01  -4.4611659e-01  -6.4375777e-02   5.5514321e-02   4.9053675e-01  -3.8228374e-01   8.7635961e-01   2.0478814e-01   2.3962532e-01  -7.8608772e-02   1.4248798e-01  -1.3196441e-01  -3.5207035e-01   5.5682700e-02  -1.4505400e-02   6.9273072e-01  -1.2790018e-01   2.1609910e-01   1.7604756e-01  -6.7508125e-03   1.3526571e-01   4.9785161e-01   3.1282356e-01  -1.2480646e-02  -4.0412974e-01   1.5431401e-01   1.7764782e-02  -2.3929962e-01  -2.7781848e-03   1.9800038e-01  -3.0513497e-01  -1.0311123e-01   3.1665409e-01  -3.7194229e-01  -1.7861875e-01   1.0803415e-01   3.7208202e-01  -3.1194373e-01  -3.2379797e-01   2.2437920e-02  -3.4993601e-02  -1.4370588e-01  -5.9417254e-02   1.0535545e-01   4.2842047e-01   1.7158551e-01  -1.9343269e-01   1.0168295e-01   2.0761335e-01   6.0482430e-02   7.4403705e-01   8.1052653e-01  -1.2298219e-01  -1.9805147e-01  -4.4668245e-01   2.8623708e-01  -1.1993349e-01  -2.4964449e-02   1.6892262e-01   7.4734853e-01   1.9310718e-02  -4.4001664e-01   2.8894716e-03   7.9840816e-01
  -1.3680899e-01   3.3473742e-01   2.5746810e-01   5.4783973e-01   0.0000000e+00   2.6963254e-01  -2.0472090e-01  -7.0995622e-02   2.8756017e-01   1.1890477e-01   7.2574885e-02  -1.2935398e-02   4.4184421e-01  -9.0015829e-02  -1.8265143e-01   2.8729399e-01   1.9294770e-01   4.2621926e-01  -4.5391635e-02   7.1040793e-01   3.2344810e-02   3.9638445e-01  -2.5675068e-01   2.1047199e-02   1.3709873e-01   1.6824324e-01   3.4147036e-01  -5.3128173e-01  -9.4050167e-02   4.6310421e-01  -6.1626787e-02   2.4849424e-01   2.6205711e-01   2.5501194e-02   2.0448977e-02   5.1075803e-01   9.0879464e-02  -1.5344011e-01   2.4185511e-01  -1.5741754e-01   4.2109043e-01   3.2066647e-01   1.7318369e-01  -3.4701255e-01   3.1630169e-01  -1.6228236e-01   2.2523043e-01   4.4658262e-02   4.5302290e-01  -6.8485321e-02   3.1857551e-01   2.7231880e-01   3.2273500e-01  -1.5863911e-03   6.7124687e-03  -3.5499478e-01   2.7369524e-01   3.2101379e-01   2.4951371e-01   4.2551611e-01  -3.0335396e-02   6.0409874e-01   3.0205550e-01   4.5435418e-01   3.7830548e-01   1.9832466e-01   2.4025062e-01  -2.4506630e-01   1.3991844e-01  -1.8565688e-01   3.4985768e-01   3.8884755e-01   2.8509623e-01   4.3670877e-01  -8.0027737e-02  -1.2918588e-02  -6.3098949e-02  -2.0743789e-01   5.2196524e-01   2.7114025e-01  -4.7901285e-01   1.6782773e-01  -1.4717283e-01  -2.1288079e-01  -1.5742901e-01  -1.5020837e-01  -1.5554989e-01  -1.2827095e-01  -1.7459738e-01  -1.7641280e-01   2.7121266e-01   6.8768411e-02   2.2616337e-01   4.0876570e-01  -1.7194184e-01   6.3316631e-01   4.5276338e-01   1.9343812e-01   6.2298454e-01  -8.8974852e-02  -3.3881344e-01  -1.7731549e-01  -2.5027037e-01   4.3367008e-01   8.4015689e-03   2.7025954e-01  -3.7508164e-02   1.7117101e-01   1.1888320e-01   2.4648379e-01  -6.6054299e-02  -3.0407217e-02   3.1596196e-01  -2.4610327e-01  -4.1674097e-01   2.3278111e-01  -8.4084240e-02   3.8850236e-01  -2.1037411e-01   5.3420852e-01  -5.6917694e-02   5.6202621e-01   8.3223127e-02   3.3090504e-01  -2.1419880e-01  -3.8867278e-02   1.6936535e-01   5.9714357e-02   4.1508820e-01   3.1229748e-02   1.0339009e-01   6.3639999e-02   3.3625702e-01   4.1616700e-02   3.6851488e-01   6.8325090e-02   5.3324877e-02  -3.7296930e-01  -6.7954230e-03  -8.7596339e-02  -1.1620599e-01   2.3332176e-01  -1.1720683e-01  -2.3365099e-01  -1.6167128e-01   7.8823521e-02  -1.9945618e-01   1.6959569e-01   1.7000218e-01   9.8173227e-02  -2.4596640e-01  -4.0408609e-01  -2.2901862e-01   1.1607947e-01   2.8638966e-01  -1.1180317e-01  -1.5084899e-01   3.3836126e-01   3.4784367e-02  -4.1041906e-01  -5.8453631e-03  -2.8774192e-02   3.0843273e-01   3.9962032e-01   4.8050992e-01  -2.7534652e-02  -1.2193915e-01  -4.1828991e-01  -2.1794620e-02   2.9120843e-01   1.6110355e-01  -2.4128769e-01   4.7788179e-01   2.6393526e-01  -1.4125785e-01   8.6479208e-02   5.0790375e-01
   4.3139305e-02  -1.6088491e-02   2.0705223e-01   2.9458160e-01   2.6963254e-01   0.0000000e+00  -1.1061485e-01   2.2276316e-01  -7.3180420e-02   6.2295872e-02   1.2998024e-01  -1.7859854e-01   2.0887591e-01  -1.0316501e-01  -1.8036904e-01  -5.5629299e-02   2.0840056e-01   3.0298403e-01   1.9772721e-01   3.1656792e-01   3.7353014e-01   1.6961265e-01   1.4133923e-01   4.2085179e-02  -1.9960951e-01   4.4824431e-01   2.5982338e-01  -1.7779741e-01  -8.6621016e-02   9.5238668e-02  -6.3964263e-02   1.4508689e-01  -4.6418415e-02   2.9034923e-01  -3.4385559e-01   3.5012447e-01   2.4637824e-02   1.4190493e-01  -1.2808528e-01   8.8983090e-02   2.3510532e-01   2.3751439e-01  -3.0394759e-01   5.8722316e-02  -1.9132132e-01   1.3099275e-01   3.8745918e-01   1.2539295e-01  -4.2476321e-02   7.6351080e-02   1.0093854e-01   2.6351243e-01   1.4566548e-01   2.0669364e-01   1.2916484e-01   3.4186509e-02   6.1750817e-01   9.0847276e-02   2.5514563e-01  -1.4186684e-01   1.6770952e-01   1.0558986e-01  -1.9755683e-01   3.0837707e-01   4.5993159e-02   2.2390154e-01   7.7804522e-01  -1.3970083e-01   2.8971686e-01   7.5772524e-02   2.4979096e-01   1.3174930e-01  -4.0600954e-03   2.8710585e-01   1.1961350e-01   6.2047340e-02   2.0557439e-01   1.6917909e-02  -9.6371569e-02  -9.7460281e-02  -1.6132998e-01  -1.1659071e-01   1.0318211e-01   2.2456337e-01   1.1379937e-01   4.5994273e-03  -3.9496590e-02  -7.8859094e-02   2.3216603e-02   1.7503866e-01   4.8086674e-02   2.0262140e-01   3.2670701e-01  -1.0693714e-01  -8.1477691e-03   1.5157878e-01   1.3802965e-01   4.1005229e-01   2.0426080e-01   7.7752462e-02   7.5268805e-02  -1.0124330e-01  -1.2992885e-01   1.6889522e-01   3.2399899e-02   1.4257374e-01   1.7792987e-01   4.0802759e-01   1.9238547e-01   3.9889322e-01   2.4682230e-01   1.2897734e-01   3.7048302e-02  -1.4147229e-02  -1.3513047e-01   1.3122069e-01   3.7646225e-01   2.1284496e-01  -6.7303869e-02   2.7838057e-01   1.9503603e-01   1.0226356e-01  -1.2090619e-01   2.3401951e-01   1.5706898e-01  -9.8250091e-02  -1.2922448e-01  -4.1663191e-02  -5.2375465e-02   2.1419483e-01  -7.4870028e-03   7.5167310e-02   2.4621119e-02   3.1438015e-01  -7.6009675e-02   1.1449027e-01   8.1111725e-04  -2.1075245e-02   5.8763535e-02  -5.5704259e-02  -7.4178310e-02  -2.9276500e-01   1.6116789e-01   1.5479536e-01  -1.4074367e-01   7.5103737e-02   4.4783648e-02   7.7102224e-02   4.7127619e-01   3.0840724e-01   2.3378222e-02  -2.0754464e-01   1.5944671e-01   1.7088166e-01   1.5849579e-01   6.6042052e-02   4.8996034e-02   1.4522814e-01   1.9664880e-01  -1.4078823e-01  -1.9118453e-01   2.5632843e-01   1.4930121e-01   3.2267805e-01   4.0012400e-01  -1.3514773e-02  -1.1587756e-01  -1.4108942e-01   1.9691937e-01   2.0984238e-01   3.3714530e-02   7.4840162e-02   1.9900846e-01   4.2071855e-01  -5.3859484e-02   1.0128167e-01   3.6955044e-01
  -2.8623288e-01   2.7516514e-01  -4.3105058e-02  -2.3995339e-01  -2.0472090e-01  -1.1061485e-01   0.0000000e+00  -2.8796980e-01   2.4258197e-01   2.5358532e-01  -2.0936538e-02   4.1993631e-01  -1.5377613e-01  -3.5383333e-02   5.6979336e-01  -1.6769804e-01  -2.3129255e-01  -5.4178347e-02   8.0487605e-03  -1.1832780e-01   1.2311907e-01  -1.5460135e-01   3.7658754e-01  -1.4064741e-01   6.3247501e-02  -3.6054352e-01   2.5781239e-04   5.6135357e-01  -6.8854283e-02   2.7245168e-01   6.4619608e-01  -3.8711150e-01  -2.6160898e-01   5.5177881e-01   5.7438305e-01   1.3219878e-02   1.8425030e-01  -4.8564597e-01  -1.6062089e-01   1.8982979e-01  -1.0020186e-01  -3.7069418e-01   1.5183221e-01   3.2151453e-01   1.6067016e-01  -3.7218320e-01  -5.8364394e-02   6.5531750e-01  -3.1906948e-02  -5.1438795e-02  -4.8515324e-02  -4.0952833e-01   4.7203622e-01   1.2915245e-01   5.3990324e-02   3.1349515e-01  -3.5671925e-01  -3.8293305e-01  -1.5049463e-02   2.1959983e-01  -4.0255733e-01  -3.9532885e-02   1.5984153e-01   2.0420403e-01   1.8579376e-01   4.7481153e-01  -3.4562794e-02  -6.7393777e-02  -1.6178648e-01  -2.5662542e-01   1.5227556e-01  -1.6372460e-01  -2.0385092e-02  -6.2480535e-02  -1.5040400e-01  -2.0460866e-01  -4.2563439e-01  -3.9146869e-02   2.1476907e-01  -2.3203742e-01   6.6112576e-01  -2.9831465e-03   4.4859097e-01   4.0032468e-02  -4.6240487e-02  -3.0127225e-02   3.0685352e-01  -1.3248201e-01   1.5360690e-01  -2.9276465e-01   1.1409723e-01  -2.7620939e-01   1.1239422e-01   1.7571132e-01  -4.3615227e-01  -3.3456151e-01  -2.4131211e-01  -2.5978991e-01  -7.1033415e-02   3.9516503e-01  -3.5319765e-02   7.2096397e-01   1.5620313e-01   2.4539560e-01   6.8224290e-02  -2.4244755e-01   2.3443949e-01  -2.2387491e-01   1.3888672e-02   1.5346793e-01   2.9620371e-01   1.6753522e-01  -2.1649436e-01  -3.4124047e-01   4.2633104e-01   3.7979109e-01  -6.1185933e-04   3.0445353e-02   3.1085117e-01  -2.4084176e-01  -3.2837753e-01  -6.2955289e-02  -4.5743356e-03   3.6581003e-01  -3.0758447e-01   3.6859139e-01   3.9410462e-01   5.2036964e-02  -1.9518990e-01  -2.2697379e-01  -5.1645186e-02   4.9432113e-01   7.6998384e-02   2.7836326e-01  -8.5583119e-02  -7.5833310e-02   4.0151081e-03   5.4573305e-01  -1.1899989e-01  -6.1620193e-02   1.2760545e-01  -1.0390992e-01  -4.0585340e-02   2.1565853e-01   7.6288799e-01   1.6870262e-01   6.4510765e-01   4.7892870e-02   6.6864013e-03   2.6738873e-01   1.1600849e-01   4.5441790e-01  -1.8970493e-01   3.5027193e-01   1.8895071e-01  -1.5563272e-01  -3.5980364e-01  -2.1966316e-01  -1.2884224e-01   2.9144445e-01   6.1712495e-02  -1.4040089e-01   2.1245570e-01   1.7579390e-02  -3.2281331e-01   5.0795391e-01   6.1718449e-01   7.4004380e-02  -2.7014747e-01   1.4266304e-01   3.0789287e-01  -3.0529603e-01  -1.2914116e-01   1.6886326e-01   2.7684901e-01  -1.0251690e-01  -1.6796248e-01
  -7.8456910e-03  -5.1179245e-01  -1.3978080e-01   3.2985069e-01  -7.0995622e-02   2.2276316e-01  -2.8796980e-01   0.0000000e+00  -4.7678843e-01  -1.7209909e-01   4.5114754e-01  -5.0184256e-01   1.0546085e-01  -1.8110549e-01  -3.5249420e-01   6.9082417e-02   9.7447278e-02   1.3226260e-01   1.6050910e-01   3.0206443e-02   2.5845192e-01   1.1592187e-01  -2.6903447e-05  -8.7978913e-02  -1.2019771e-01   5.3766424e-01   1.1213203e-01  -2.2359687e-01  -8.1466766e-02  -4.4739844e-01  -1.9570840e-01   6.3822054e-01  -2.4534200e-01  -9.3195861e-02  -6.1038671e-01   2.9892748e-01   9.9836028e-02   2.3045641e-01   7.1897939e-02   2.7161669e-01   1.1736945e-01  -5.8039444e-02  -5.1233311e-01   3.6937020e-01  -2.1134804e-01   2.3608719e-01   4.3450352e-01  -2.1576072e-01  -1.3394493e-01   6.5587629e-03   1.9717869e-01   4.9722031e-01  -3.7807805e-01  -9.3507354e-02  -2.1103222e-01   1.0020301e-01   4.7062043e-01   3.8145482e-01   2.5856657e-01  -5.2350148e-01   2.7399580e-01  -1.5546567e-02  -4.2868070e-01  -1.8231391e-01  -2.8767012e-01  -1.2448318e-01   1.7126437e-01   5.2613997e-02   6.1727571e-01   6.2864644e-02  -3.0555649e-01   2.1692598e-01  -9.2140845e-02  -2.9895171e-01  -1.6065470e-01   6.3812642e-01   2.6855178e-01   4.2943805e-01  -3.1711410e-01  -1.4161234e-01  -8.7338787e-02  -1.9242731e-01  -3.4317851e-02   4.8050006e-01  -1.0916706e-01   5.5565523e-01  -2.2330852e-01  -1.1294596e-01  -1.7431690e-01   4.2978255e-02  -3.2379136e-01   1.3488045e-01  -7.2184575e-03  -3.6376509e-01   1.7660334e-01   3.0249162e-02   1.4852108e-01   6.1378863e-01   1.6564052e-01  -1.0740611e-01  -5.2429495e-02  -2.7945146e-01   2.7675661e-01  -3.7600989e-01   1.6330232e-01   6.5861140e-01  -2.3537318e-01   7.4638580e-01   5.6130389e-02   5.4828270e-02  -1.4815094e-01  -1.0020581e-01   1.6257393e-01  -8.2306769e-03  -1.5873694e-01  -1.6693652e-01   4.0672262e-01   3.7533732e-03  -1.3789352e-01   3.3284361e-01   2.2057428e-01  -1.9696867e-01  -2.2398343e-01  -2.1873538e-01   1.2386785e-01  -5.7708195e-01  -3.4428479e-01  -1.1331944e-01   2.8512771e-01  -2.7864389e-04   8.9494901e-02   3.8481520e-02  -3.0491541e-01  -3.6011371e-02  -7.0589656e-02   6.2493591e-01  -8.3081181e-03  -1.5726978e-01   5.7164383e-01  -1.5519337e-01  -8.2158813e-02  -9.8828978e-02   4.3161766e-01   4.4082857e-02  -1.9509531e-01   9.3343453e-02  -3.5548580e-01   1.1033848e-01   3.7345462e-01   8.5437119e-02  -1.4441170e-01   1.5697256e-01   1.9001688e-01   8.7832072e-02  -1.8374920e-01   1.2643475e-01   2.3671936e-01   1.7411566e-01   8.3002332e-02   2.9633985e-01  -1.1172329e-01   3.3676914e-01  -1.3056415e-01   2.8248794e-01   3.5565321e-01  -2.4835378e-01  -1.3959314e-01   1.8720099e-01   3.3112641e-01  -6.9859079e-02  -3.2419881e-01   2.3267474e-01   1.9002162e-01   1.1910814e-02  -2.5274888e-01  -2.7773612e-02   9.1322502e-02
  -9.3462904e-02   6.5324331e-01   1.2440892e-01   1.6185384e-01   2.8756017e-01  -7.3180420e-02   2.4258197e-01  -4.7678843e-01   0.0000000e+00   2.8955379e-01  -3.6330639e-01   4.8129730e-01  -8.3043964e-02   4.6230668e-02   4.1726543e-01  -1.6654932e-01  -1.7193834e-01  -1.8731795e-02  -1.9903758e-01   4.7410145e-02  -9.1276558e-02   3.4794252e-01  -1.2494453e-01   3.0867999e-02   1.3855506e-01  -2.2962088e-01   7.7730669e-02  -5.3820393e-02   9.2728940e-02   7.2003570e-01   3.8221501e-01  -3.5575072e-01  -4.4132117e-02   5.3563062e-02   5.1906727e-01  -1.7871813e-01   2.9437481e-02  -1.9374405e-01  -1.9546333e-01  -9.3681604e-02  -2.7497591e-01  -1.2734697e-01   6.4620409e-01  -2.8157472e-01   4.4493073e-01  -3.4416926e-01  -3.4717707e-01   2.1084169e-01   5.1294744e-01  -5.1832947e-02  -1.4880768e-01  -6.9585570e-02   4.8024037e-01  -4.4210955e-02   1.2853793e-02  -1.7846799e-01  -3.6728458e-01   1.3563575e-01  -1.8759351e-01   6.4965921e-01  -2.5971943e-01   2.1380688e-01   6.8673521e-01   4.2428437e-01   6.6447069e-01   1.3112333e-01  -1.2921623e-02   5.6624270e-02  -3.0115112e-01  -2.4800766e-01   3.7491424e-01   7.0461132e-02  -2.3896372e-01   2.1063910e-01   1.2859557e-01  -4.0658815e-01  -2.5232612e-01  -1.8300944e-01   5.4770929e-01  -1.1188067e-01  -4.3235504e-02  -9.8562378e-02   3.9656777e-03  -2.1969299e-01  -4.1026189e-02  -3.9450606e-01   8.1933326e-02  -4.4401401e-03   2.7347325e-01  -2.0717303e-01   4.0230806e-01  -1.9601182e-01   1.3919053e-01   7.6611803e-01  -7.7896567e-02   1.6303913e-01   1.3967284e-01  -3.4595746e-01   2.2620137e-01   9.0072669e-02  -1.1427514e-01   2.3745381e-01  -2.7183326e-01   6.0519050e-01  -1.7660304e-03  -1.7489179e-01  -3.9322366e-02  -2.8513054e-01  -1.3925785e-01  -2.3085480e-01   7.7627073e-02   1.5543279e-01   3.4420574e-01  -5.1360179e-02   3.3093965e-02   2.4795892e-01  -2.1445768e-01   2.0303106e-02   8.8602419e-02   3.2936103e-02  -2.8196579e-01   4.9645306e-01   3.2828061e-01   4.3605323e-01  -3.4532131e-01   4.3011674e-01   4.4506034e-01  -6.9390577e-02   3.5651180e-01  -2.7678775e-01  -1.3943271e-01  -2.2919557e-02   2.9865416e-01   1.5669125e-01   6.0684694e-01  -6.4115606e-02  -2.1290998e-01  -1.0054200e-01  -2.1056252e-01   1.0715408e-01   6.9014695e-02   5.0649942e-02  -2.9665511e-01  -5.1592061e-02   2.0176037e-01   1.4691287e-01   2.7013071e-01  -2.6328695e-01  -3.8259828e-01   6.9963406e-02   9.9467237e-02  -1.5123742e-01  -2.0531058e-01   1.1318392e-01   3.3337871e-01  -4.7179281e-04  -3.8905849e-01  -2.0408608e-01  -2.0426395e-01  -2.6319957e-01   2.5160169e-01  -1.0185141e-01   7.1427553e-02   1.6523044e-01  -7.3222419e-02   2.5545426e-01   2.7773230e-01  -3.1053910e-01  -3.0187342e-01   8.1194281e-02   4.8826074e-01  -2.2668199e-01   4.0532028e-01  -4.4940396e-02   1.1807968e-01   1.1876232e-01   3.9099911e-01
   6.5216864e-02   1.7310886e-01   9.4871736e-02   4.1242933e-02   1.1890477e-01   6.2295872e-02   2.5358532e-01  -1.7209909e-01   2.8955379e-01   0.0000000e+00  -1.0991385e-01   2.6097497e-01   2.9071403e-01  -1.3538798e-01   2.3950443e-01   6.0088378e-02  -5.2815616e-02  -7.1350956e-02   4.2968265e-02  -2.7091326e-02  -9.5554698e-02   7.4415226e-03   5.9681763e-02  -4.5291216e-02  -2.0573149e-01   2.8655422e-02   1.5605587e-01   1.4415653e-01  -2.1920743e-01   1.6586662e-01   4.7084298e-02  -8.7062324e-02  -4.9292705e-02   2.4124416e-02   3.5133862e-01  -4.2826280e-02  -7.9202656e-02  -6.3061299e-02   4.1663047e-02   9.3976461e-02   2.0224803e-02   2.8257390e-02   1.7106658e-01  -3.9710230e-02   1.1592342e-01  -1.4513210e-01  -2.4113680e-01   1.6737156e-01  -6.1832195e-02  -9.3253701e-02  -4.0136077e-02   1.9630817e-01   2.6773941e-01  -1.3752410e-02   1.7144994e-01   7.1371616e-02   5.6097795e-02  -1.1693799e-01  -6.9963725e-02   2.3983349e-01   7.3095999e-03   2.5593298e-02   3.7913675e-02   2.5068141e-01   1.1295130e-01   5.8874324e-01   1.3875707e-01  -2.7668900e-01  -1.2256460e-01  -4.1123579e-02   1.8748985e-01  -9.3695527e-02   1.2291980e-01   2.6283596e-01  -2.2640729e-01  -1.9808446e-01  -1.4770748e-02  -1.0286952e-01   2.4191155e-01  -3.1231544e-01   4.8638626e-02  -3.2539279e-02   2.7874907e-01  -2.4192364e-01   1.7732454e-01  -1.9475262e-01   8.8590344e-02  -6.8601895e-03   2.3133684e-02  -6.3503571e-02   2.8265580e-02  -9.4752035e-02   3.9225123e-01   2.5246333e-01   4.2616653e-02   3.3226788e-02  -1.3918850e-01  -3.9291986e-02  -4.4917612e-02   7.1025004e-02   4.5159092e-02   2.5912875e-01  -2.6378654e-01   1.0157897e-01  -4.4288387e-02  -1.3359716e-01  -2.4477867e-02  -1.9138764e-02  -4.4233307e-02  -8.6680851e-02   2.8167415e-01  -1.4634397e-01  -1.7842080e-02  -1.8019206e-01   1.8801234e-01   1.0278892e-01   6.9148821e-02   2.9796323e-01   2.0292404e-01   2.8961331e-02   1.0297914e-02   1.0575450e-01   9.9862157e-02   1.4245391e-01  -8.0424654e-02   1.2149207e-01   2.6171254e-01  -3.2765549e-01   1.0483518e-01   1.3387029e-02   2.7273927e-01   2.2221838e-02   1.8276282e-01   2.1688099e-01   1.2774431e-01  -5.9970052e-02  -1.8451549e-01   9.4061219e-02  -1.8002891e-01   3.1713394e-01   1.0885423e-01   1.6280100e-01  -7.4867174e-02   1.7265499e-01   2.4471008e-01  -1.8528183e-02   2.3073966e-01   1.2459466e-01   1.5308783e-02   4.1792192e-01   1.7486145e-01  -1.1644899e-01  -1.8168342e-01  -2.1134201e-03   2.3269583e-01   3.5097198e-02  -9.0936023e-03   1.3734293e-01  -1.9189214e-02  -2.0769686e-01  -1.3769792e-01  -7.0299058e-02   2.4791387e-01   2.0304368e-02   1.0300532e-01   1.9856374e-01   3.7426746e-01   3.4220276e-03  -1.3351625e-01   8.4792960e-02   2.3228532e-01   6.6462132e-02  -1.1507175e-02   2.1350027e-01  -2.7051479e-01   1.6313603e-01   1.9711622e-01
  -2.4454744e-01  -5.0396157e-01  -2.3862987e-01   4.6050362e-01   7.2574885e-02   1.2998024e-01  -2.0936538e-02   4.5114754e-01  -3.6330639e-01  -1.0991385e-01   0.0000000e+00  -5.6464591e-01   3.7396455e-01  -2.1717576e-01  -3.3265041e-01   1.9769575e-01  -3.2153263e-03   6.2699536e-01   1.1382536e-01   3.8672273e-01   4.4330205e-01   2.7912773e-01   1.4389874e-01  -3.4953647e-01  -2.0819492e-01   6.3428123e-02   2.0724592e-02  -1.5772739e-01  -2.8133182e-01  -2.3736657e-01  -2.1571785e-02   6.0725750e-01   4.3859229e-02   1.8112435e-01  -4.2841377e-01   7.3010978e-01   1.6284531e-01  -7.4853077e-02   2.5755433e-01  -1.3091259e-02   4.6735166e-01   1.2719653e-01  -5.4169871e-01   4.1485254e-01  -1.0456994e-01   4.4078663e-02   7.9680528e-01  -2.2556612e-02  -1.7233831e-01  -1.7697182e-01   5.7522229e-01   2.3310504e-01  -2.0268383e-01   2.2856416e-02   1.2212155e-01   1.9441908e-01   3.2589132e-01   2.9795921e-01   5.3213886e-01  -4.2824289e-01   2.2097445e-01   4.7942957e-02  -3.8733386e-01   5.4996816e-02  -2.0917577e-01   9.9798285e-02   1.6787654e-01  -8.3593469e-02   6.7803166e-01  -4.5961748e-02  -3.0199737e-01   3.3173210e-01   3.1961575e-01  -2.9578491e-01  -4.0191037e-01   5.0554079e-01   1.3275193e-01   1.3809931e-01  -5.6041328e-02   2.3673586e-01  -7.0163890e-02   3.0637566e-01   1.4893926e-01   6.2280409e-02  -1.4502452e-01   4.7678928e-01   3.4079707e-02  -3.2317812e-01  -3.2166489e-01  -2.0366675e-01  -4.1084278e-01   1.6684298e-01  -2.7236953e-02  -2.4474711e-01  -8.7979436e-02   1.4601696e-01   2.4785342e-01   3.4779121e-01   3.7153451e-01   1.6052494e-01  -1.2478740e-01  -6.6841476e-02   2.5547661e-01  -8.6281934e-02   3.9549446e-01   6.2254555e-01  -7.0844206e-02   5.0539147e-01   1.9030103e-01   3.5958443e-01  -5.0372975e-02   4.0939703e-02   2.1624666e-01  -2.4656465e-01  -1.5138987e-01  -6.6698991e-02   2.7772714e-01   3.9426886e-01  -9.4757998e-02   4.0871421e-01   1.8308789e-01  -3.3243228e-01  -4.5532954e-01  -1.3548025e-02  -9.5659306e-02  -4.5893152e-01  -2.2018857e-01  -4.7934566e-02   2.9473869e-01  -3.3928839e-02   3.1982800e-01   5.6664760e-01  -3.0615739e-01   1.1841871e-01  -1.1053965e-01   3.4325939e-01   9.9089629e-02   5.2866474e-02   3.0998018e-01  -2.5477564e-01  -4.4736649e-01   4.8411763e-02   6.4010815e-01  -2.0699407e-02   5.0320967e-02   3.9389263e-01  -3.0429255e-01   9.4062389e-02   3.1698766e-01   4.0828525e-01  -2.5278267e-01   1.2359930e-01   5.6798046e-02   1.3771434e-01  -3.6150628e-01  -2.8171053e-01   2.4570601e-01   3.7086188e-01   1.0485376e-01   1.7302656e-01  -1.6647455e-01   3.7876349e-01   2.3586474e-01   5.3432670e-01   4.2012211e-01  -3.3812768e-02   5.1912811e-02  -8.8511600e-02   3.1039045e-01  -3.1704330e-02  -2.9104533e-01   1.6279985e-01   2.1270654e-01   6.6533977e-02  -3.4895530e-01  -1.8417568e-01   1.9122652e-01
  -2.6491092e-01   7.3915341e-01   3.8590924e-01  -3.8389855e-01  -1.2935398e-02  -1.7859854e-01   4.1993631e-01  -5.0184256e-01   4.8129730e-01   2.6097497e-01  -5.6464591e-01   0.0000000e+00  -1.9446198e-01   1.3026223e-01   6.3070226e-01  -5.5415735e-02   4.8435293e-03  -3.9208836e-01  -2.4808404e-01  -1.8620293e-01  -3.1952798e-01  -1.2475813e-01  -9.1286804e-02   5.6322953e-02   1.8182166e-01  -1.8138354e-01   7.8158709e-02   1.8722222e-01   1.6721830e-01   3.5761639e-01   2.3435526e-01  -4.3009686e-01  -1.5997565e-03   5.6224642e-02   7.1437092e-01  -4.3933651e-01  -5.0530386e-02  -5.3811338e-01  -4.4208057e-02   1.8064430e-01  -2.3023346e-01  -2.4245688e-01   7.2073784e-01  -2.4006797e-01   1.8600381e-01  -4.2422433e-01  -5.8118045e-01   4.4451504e-01   6.4900019e-02   3.9009973e-01  -4.5912923e-01  -6.0607734e-02   4.7569289e-01  -3.3128875e-02  -7.2548919e-02  -6.8637725e-02  -4.1183345e-01  -2.7119192e-01  -2.3651238e-01   6.1882915e-01  -4.4688410e-01  -1.7590998e-01   5.0736634e-01   1.6290983e-01   1.4605302e-01   3.0050190e-01  -7.3514904e-02  -6.5569038e-02  -4.8771038e-01  -3.2183491e-01   5.7050814e-01  -3.5288182e-01  -1.0539028e-01   1.8609831e-01   1.6938981e-01  -3.2417460e-01  -5.0852620e-01  -1.1857682e-01   4.4074819e-01  -1.7277147e-01   3.0959117e-01   6.6461487e-02   1.6404406e-01  -1.2559982e-01  -2.1056490e-01  -2.8074146e-01   1.3618193e-01   3.9129376e-02   2.5398238e-01  -2.9605879e-01   6.7710960e-01  -3.6064229e-01   4.8330056e-01   4.0086772e-01  -3.8118411e-01   5.9409079e-02  -2.6842361e-01  -3.0412571e-01  -2.7416488e-01  -5.9998574e-03  -2.0423549e-01   4.8385783e-01  -5.9945708e-02   1.9472084e-01  -2.7835316e-01  -4.3248638e-01   3.8741211e-05  -4.4822057e-01  -3.7072803e-01  -1.1663446e-01   2.4239374e-01   3.4005049e-02  -1.1689839e-01  -2.6598427e-01   2.4499763e-01   4.8042233e-01  -2.5087158e-01  -1.1549551e-01   1.2017753e-01  -4.3197686e-01  -5.3025755e-01   4.8088155e-01   5.5668286e-01   2.8957928e-01  -3.9552309e-01   6.0356669e-01   4.6285622e-01   2.4008469e-02  -9.0336450e-02  -2.1638913e-01   4.8058066e-02  -1.4788769e-01   3.6477162e-01   5.7098188e-02   1.9354524e-01  -1.2784601e-01   1.0482565e-01   1.5168200e-01  -7.7103648e-02  -7.7657880e-02   2.7942586e-01   1.7875287e-01  -2.1445707e-01  -2.3967887e-02   3.2050269e-01  -6.1604776e-02   6.8392177e-01  -1.5183039e-02  -1.2855312e-01  -1.5128480e-01   4.4491791e-02   1.3254064e-01  -4.2440970e-01  -2.2298897e-02   6.6411803e-01  -7.2933438e-02  -4.5325994e-01  -2.4143368e-01  -1.7229754e-01   4.4062930e-03   1.3527787e-01  -1.4636727e-01  -4.2930400e-02  -3.2364391e-01  -3.7746261e-01   5.6600080e-01   4.1059746e-01  -6.1953884e-02  -5.3406926e-01   3.5223175e-01   7.3095048e-01  -5.7410727e-01  -2.3092902e-01   1.7445453e-02   3.6453977e-01   1.0134563e-01  -1.0615026e-01
  -1.2122382e-01  -1.6799653e-01   9.1520695e-02   4.7166957e-01   4.4184421e-01   2.0887591e-01  -1.5377613e-01   1.0546085e-01  -8.3043964e-02   2.9071403e-01   3.7396455e-01  -1.9446198e-01   0.0000000e+00  -1.2346053e-01  -2.6373101e-01   3.5390510e-01   1.9120721e-01   4.8533989e-01  -1.3751503e-02   5.7046820e-01   2.2877312e-01   2.4449083e-01   8.5604400e-02  -1.2724591e-01  -7.5234840e-02   1.4499991e-01   1.8881581e-01  -3.2445716e-01  -3.3734966e-01  -7.9344490e-02  -1.4506012e-01   5.0261793e-01   3.6416644e-01   1.5117151e-02  -1.3154003e-01   5.7656898e-01   1.4501040e-01  -3.0446624e-02   3.8687425e-01   3.3127555e-02   6.4149340e-01   4.0080613e-01  -2.1174488e-01  -3.9182621e-02   9.9703025e-02   3.2123459e-02   3.7537943e-01  -5.4645450e-02  -1.0209463e-01   8.6175402e-02   5.9372699e-01   3.0636091e-01  -5.8305905e-02   1.3667053e-01   3.4269853e-01  -8.2718519e-02   3.1768731e-01   1.4976852e-01   3.3836838e-01   1.5638041e-03   2.2991189e-01   3.5029657e-01  -2.3083158e-01   2.4595516e-01  -7.1220508e-02   1.9110919e-01   2.6562507e-01  -2.9306953e-01   2.4514436e-01   2.3384457e-03   3.4186174e-02   3.8184377e-01   3.2541875e-01   1.7783020e-01  -2.0127948e-01   7.0162212e-02   2.1083977e-01  -1.4633646e-01   8.9563082e-02   3.5656423e-01  -2.6021603e-01   4.0214863e-01  -1.1416928e-02  -2.6485343e-01  -8.8574838e-02   3.3994244e-02  -3.3112128e-02  -5.7181387e-02  -3.2930843e-01  -9.4089633e-02  -1.2305503e-01   1.8552894e-01   2.5344420e-01   1.8714240e-02  -1.2358601e-01   3.4843566e-01   4.1934876e-01   1.9223956e-01   3.4349495e-01   1.8336859e-01  -1.5984059e-01  -1.6583054e-01  -2.0795564e-01   6.9760586e-02   2.3620662e-01   3.6986946e-01   6.7969335e-02   1.7804613e-01   2.0284987e-01   2.3337014e-01  -7.8310178e-03  -8.7375069e-02   1.9925706e-01  -2.9000998e-01  -1.6798803e-01  -7.8617624e-02   9.3063223e-04   6.5638385e-01  -2.0900642e-01   5.5798298e-01   1.8432504e-01  -1.6251680e-02  -2.5535613e-02   3.5851436e-02  -4.0122907e-02  -1.7508525e-01  -2.3961514e-02   3.2054899e-02   2.1162878e-01   9.8314553e-02   6.4092541e-01   1.2610166e-01   8.1278295e-02   1.5449256e-01   1.8329206e-02   9.1840325e-02   3.1953943e-01  -1.2061984e-01   4.2629228e-02  -8.2294095e-02  -3.1635961e-01   5.3090401e-01   1.1941484e-01  -1.3951994e-01  -1.0361903e-01   1.0853583e-01  -1.0948464e-01   1.8697810e-02   2.2875003e-01   3.5569088e-01  -9.9356142e-02  -2.8775519e-01  -9.9973741e-02  -2.4946261e-01  -1.9997121e-02  -2.1079281e-01   1.1207713e-01   4.7377351e-01   2.5985956e-01  -1.2196673e-01  -1.4386593e-01  -3.7116741e-02   1.2233643e-01   4.6792070e-01   5.2084967e-01  -8.2864364e-02  -1.5876521e-01  -2.9898104e-01   1.9558724e-01   9.1447532e-02  -5.5103769e-02   4.6838624e-02   2.4271679e-01   1.0844127e-01  -3.5654685e-01   8.4039389e-02   3.9686587e-01
   3.7830452e-01   2.0938995e-01  -1.1205319e-01  -2.6320238e-01  -9.0015829e-02  -1.0316501e-01  -3.5383333e-02  -1.8110549e-01   4.6230668e-02  -1.3538798e-01  -2.1717576e-01   1.3026223e-01  -1.2346053e-01   0.0000000e+00  -5.6215359e-02  -1.9791534e-03  -1.7431321e-01  -6.8122031e-02  -2.3500897e-01  -1.4976690e-01   2.6001021e-02   2.1088666e-01   1.2611886e-01   5.2333160e-01   2.7958269e-01  -8.9346681e-02  -1.0508909e-01   2.5920884e-01   1.1392540e-01   1.7371245e-01   1.3449776e-02  -2.1592012e-01   1.1052907e-01  -4.6809732e-03   1.2277611e-01  -2.5416113e-01  -1.2760753e-01  -3.8076511e-02   6.3865601e-03   3.9625160e-02  -2.0277643e-01   8.5929530e-02   2.6199315e-01   2.1343243e-02  -1.0628595e-01  -9.5464259e-02  -2.9139917e-01  -2.3535972e-01   1.4222191e-01  -2.4202280e-02  -1.4321973e-01  -2.7148351e-01   2.0767754e-02   2.0893003e-01   5.7046931e-02   7.0890680e-02  -1.5316030e-01  -2.2982928e-01  -2.5476897e-01   2.8812690e-01  -3.5762610e-01  -5.0784729e-02   1.5943813e-01   2.4945388e-02   1.2709867e-01  -1.4176493e-01  -1.6503467e-01   1.9389354e-02  -1.8930325e-01   3.2227591e-02  -5.7726327e-02  -2.1102190e-01  -1.5300255e-01   3.5915189e-01   2.9374510e-01  -5.9121691e-02  -2.3987107e-01  -8.0151414e-03   2.0189864e-01   7.1940344e-02   3.5144043e-01   8.2091995e-02  -2.2514960e-01   3.0667673e-01   1.9517519e-01  -9.1298744e-02   1.2672347e-01   5.9830821e-01   1.0996241e-01   3.6105559e-01   1.9104054e-01  -2.2890453e-01   5.4112221e-02  -8.9478801e-02  -2.5237135e-01   4.1436454e-02  -4.5481800e-02  -2.8757632e-01  -3.5834618e-02   7.4597557e-02   2.4088882e-01  -2.1497831e-01   3.2643052e-01   3.7012126e-01  -1.2813629e-01  -3.2132489e-01   1.8503506e-01  -2.9020106e-01  -3.3299692e-01  -1.6513357e-04  -1.9029260e-02   5.0504106e-01  -1.7461490e-02   4.1728971e-01   1.3705398e-01   5.7153675e-02  -2.0705700e-01  -1.2770339e-01   2.5204639e-01  -2.6627478e-01  -6.7537238e-02   4.8859310e-02   1.7181967e-01   8.2638525e-02   9.7848816e-02   4.5239144e-01  -6.5788817e-02   3.6723672e-01  -2.2878703e-01  -1.0718056e-01  -2.3177349e-02  -9.7125920e-02   4.3936707e-01   1.0156614e-01  -2.2237522e-01  -2.6417035e-01   2.9100708e-02   1.2695206e-01  -1.2495829e-01  -2.1872909e-02   1.3521614e-01   1.2263949e-01  -1.7982820e-01   2.9489925e-01  -2.1889863e-02   1.4392560e-01  -7.0426126e-02  -1.0044562e-01  -2.9003422e-01  -1.7036855e-01   1.3105055e-01   1.6432462e-01   7.0649397e-02  -2.0658895e-01   7.9745287e-02   1.6202208e-01  -1.8668038e-01  -3.6410983e-01  -2.6068814e-01   2.9257770e-01  -6.1493117e-02  -1.3652822e-01  -1.4641642e-01  -1.3155260e-01  -2.6017782e-01   1.1810865e-01  -9.5364056e-02   4.8950042e-01  -2.5049380e-02   8.8094807e-02   1.2747819e-01  -1.1869268e-01  -2.2880057e-01   1.7831262e-01   3.1693785e-01   1.2985420e-01  -1.3744579e-01
