   0.0000000e+00  -4.0503101e-02   1.8665901e-01  -1.9331581e-01  -1.9937676e-01   4.3195874e-01  -4.5815831e-02  -1.8705262e-01  -2.5259767e-01  -9.0964693e-02  -2.4366344e-01   1.7952624e-01  -1.9825564e-01   3.9924590e-01   1.6332225e-01   1.4764334e-01   1.9180492e-01  -2.8802919e-01   1.0724911e-01  -1.6473929e-01  -9.7330732e-02   5.7369752e-02   5.1669434e-02   4.7582561e-01   1.3620574e-01   1.6422544e-01  -5.8725576e-02   3.8663949e-01   1.6883818e-01   1.7115351e-02  -2.8315625e-02  -2.1254774e-01   1.3989103e-02   1.4543486e-01   3.3523727e-01  -2.4851699e-01  -2.3918704e-01   1.0127796e-01   1.2393671e-01   8.3582183e-02  -2.0824069e-01   1.5006137e-01  -3.5668364e-02  -1.0091938e-02  -1.9611462e-01   4.3723090e-01  -8.8891880e-02  -4.0162264e-02  -1.4513486e-01  -3.8323434e-02  -9.2582754e-02  -9.3364547e-02  -8.5393809e-02   3.2046907e-01   7.1845330e-02   4.3660284e-02   2.1536504e-01   6.7447129e-03  -3.3750837e-01   1.8702669e-01   4.1619192e-01  -2.4002012e-01  -4.1607540e-02  -1.4425247e-01  -1.8272845e-01   1.9434988e-01   3.1180656e-01  -2.0164418e-01   4.6593164e-02   2.2451360e-01  -6.5598985e-02  -2.5274518e-01  -7.1410009e-02   6.6905877e-01  -8.1673916e-02  -9.5515029e-02   2.1975246e-01  -6.5028557e-02  -4.2361560e-03   5.3893097e-02   4.8984226e-02   3.4088298e-02  -9.5379010e-02   5.7506633e-02   4.3739666e-01  -1.1591156e-01  -1.6055147e-01   1.0860690e-01  -9.5404862e-03   4.2047170e-01  -1.6665011e-01   2.7981624e-01   2.2809836e-01  -3.7327009e-02   2.8588800e-01  -5.9368182e-02   4.3445783e-03  -1.3208682e-01  -4.0259883e-01   3.0592846e-02   1.1380624e-01   1.4336178e-01  -3.5828738e-02   1.2063329e-01  -1.8034668e-01  -2.0395533e-01   3.1960545e-01  -1.3510747e-01  -4.6508836e-02   9.3662527e-02   1.3033234e-01   1.1231529e-01   1.5422315e-01   6.2915726e-01   1.4430679e-01  -1.5456783e-01  -8.5415171e-02   7.5935247e-03   3.2596077e-01  -1.6161111e-02   3.9659071e-01  -1.5284124e-01   1.4975596e-03  -3.6354129e-01   4.0900982e-01   4.9794712e-01  -1.9464933e-02   7.7013712e-02  -1.1581982e-01   2.5164115e-02  -1.0740845e-01  -6.6061863e-02   6.0176513e-01  -2.6475788e-01   1.1616789e-01  -1.4807093e-01  -1.3282422e-01  -7.4219958e-02  -4.8647881e-02  -1.9156033e-01   1.4438759e-01   2.9005183e-01   9.4879707e-02   1.6878241e-01   1.3085087e-01  -2.0232532e-01   1.3548455e-01  -1.9107006e-01   1.5837321e-02  -1.9025057e-01   5.4774197e-01   4.0103744e-02   5.8353833e-01  -2.6402797e-01   1.2525224e-01   3.9350814e-02  -1.4754638e-02  -1.5479293e-01   2.6559558e-01   5.3856809e-02  -1.2671570e-01  -2.7914628e-01  -3.0062276e-01  -2.8862677e-01   9.9655263e-02   8.4760512e-02  -4.8087847e-02   2.7526159e-01   4.6846751e-01  -3.3201073e-02  -9.2890698e-02  -8.7746035e-02  -3.7484047e-01   3.8570923e-01  -3.4188815e-02  -1.7885834e-01  -4.4645065e-03
  -4.0503101e-02   0.0000000e+00   6.3132040e-02  -1.3601843e-01   7.1881029e-01  -1.8034637e-01  -1.1980764e-01   4.7970127e-02   6.9080887e-01  -9.7318442e-03   2.7223827e-02   5.9629399e-01  -7.6348724e-03  -1.7323607e-01  -5.6962809e-02  -2.1063968e-03   2.7403592e-01  -2.7017516e-01  -1.7927004e-01   4.2155175e-01  -2.2633440e-01  -3.0619700e-01  -4.9245581e-01  -8.0161534e-02   1.2876437e-02   7.3301653e-02   2.8309669e-01  -2.5351101e-01  -5.8563468e-02   3.2887872e-01  -2.6211533e-01  -2.6499085e-01  -1.7906392e-02   2.0133274e-02  -1.2575389e-01   4.0942266e-01   1.3659705e-01   9.9489079e-02   1.3896259e-01   3.9630094e-01   9.6079305e-02  -2.9106081e-02   6.3485705e-01  -2.6052879e-01   8.5608267e-02   4.4089082e-02   1.8485426e-02   1.2292565e-01   3.6960687e-01   4.8878160e-01  -4.0074074e-01  -1.4145710e-01   6.4294194e-01  -1.1914009e-01   9.7525963e-03  -2.8418195e-01  -3.0907300e-01  -4.0054921e-01   4.9900258e-02  -4.3997889e-02   3.7346302e-02  -6.0996911e-02   6.2880567e-01   2.0287096e-01   3.7165230e-01  -1.4268844e-01   1.8901197e-01   2.1998504e-01  -3.3132777e-01  -1.1450555e-01   6.2584435e-01  -3.6030982e-01   2.8026613e-01  -1.7352355e-01  -7.0606137e-02   2.0948264e-02   1.8361487e-01  -1.9584497e-01   7.8219380e-01   3.2230317e-01  -4.9711381e-01  -2.2528328e-02   2.6798633e-01  -1.1319672e-01  -1.5511994e-01   1.0822246e-01   3.5006117e-01  -3.2987174e-02   4.1787569e-01   2.0167059e-01   7.6112742e-01   6.8795652e-03   1.2692778e-01   4.3017526e-01   1.4726168e-01   5.4036309e-01  -7.4758222e-02  -4.8226303e-02   9.0409923e-02  -3.8647674e-01  -7.6014869e-02  -3.8097581e-01  -3.2843646e-01  -1.6473797e-01  -4.5277980e-01  -2.0835368e-02  -3.8704470e-02  -6.6404808e-02  -7.5229049e-02  -8.2311028e-02  -1.5263430e-01  -2.2225346e-01   1.0066529e-01  -1.1092923e-01  -4.4224347e-01   8.1143943e-01   7.6703188e-02  -2.8057168e-04  -1.8000271e-01  -3.5438262e-01  -7.5672310e-02   7.0238096e-01   4.8854070e-01   6.2798293e-01   1.7073918e-01  -3.0999315e-01   2.5363519e-02   2.9251117e-01  -1.1026750e-01   3.4043063e-02  -9.4424135e-02   8.6001287e-03  -4.6841962e-02   2.3069849e-01   2.3589776e-01   4.4472438e-02  -1.0629376e-01   1.4161146e-01   8.9663324e-03  -2.4598111e-02   5.1928164e-02  -8.8648570e-02  -3.5453844e-01  -3.9183203e-01  -3.3068615e-01  -1.0258203e-01   6.7752983e-02   7.0418226e-02  -6.8237677e-02   1.2086897e-01  -2.0251808e-01  -3.1665223e-01  -1.5007489e-01   3.9491380e-01   4.6911795e-01   1.3320098e-02  -1.0858400e-02  -2.4836122e-02   1.2266540e-01  -3.4967264e-01   1.9404656e-01  -1.4777026e-01   7.8797044e-02  -3.6684636e-01  -1.5299203e-01   5.4505731e-01   2.6857154e-01  -8.0448695e-02  -1.3471476e-01   5.3503852e-01   5.9635776e-01   1.2377090e-01   7.2644031e-02  -3.3060649e-01   9.3227194e-02  -1.2723488e-01  -1.3414188e-01
   1.8665901e-01   6.3132040e-02   0.0000000e+00  -3.6396106e-02   1.8729393e-02   2.7838662e-01   3.4441016e-02   3.0532289e-02  -1.2478053e-01   2.8581661e-01   2.9451208e-01   4.3518461e-01  -2.4295660e-01   1.1329145e-02  -2.0656783e-02   4.1851796e-02   8.6721037e-01  -8.2088527e-02   1.7008640e-02   1.3326283e-01  -3.4454104e-01  -2.1784840e-01   1.2812103e-01   5.2231200e-02  -6.5239342e-02   1.3817791e-01   3.0559739e-01   3.4183596e-01  -2.0200550e-02  -5.6016508e-02  -1.8366070e-01  -7.4844380e-02   1.5058339e-01   1.2382277e-01   6.6412296e-02  -7.2175115e-02  -2.7358539e-01   1.3482376e-01   5.9296855e-02   4.6173193e-01   1.6086440e-02   3.3434355e-01   1.1391059e-02   2.3071382e-01  -1.4838017e-01   6.0369446e-01   6.9445012e-02  -3.7660561e-01  -1.2299407e-01   5.3296038e-01   7.2568177e-02   7.5140809e-02  -2.2921677e-01   2.4689498e-01   1.5928468e-01   2.3960680e-01   1.2104451e-01  -1.5302333e-01  -1.5838935e-01   4.1642345e-02   6.5936013e-01  -7.4844626e-02   1.3954140e-01  -5.5743174e-02  -4.7346742e-01   4.9168606e-02   4.2774021e-01  -1.1393732e-01   1.5453614e-01   5.3487204e-01   5.0217372e-02  -5.5134849e-02  -4.6228801e-02   2.6815167e-01  -1.4689722e-01  -2.4676588e-01   5.8553424e-01  -4.7405578e-02  -4.8480822e-02   3.1566212e-02   1.2246905e-01  -1.9115445e-01  -9.9110649e-02  -3.4202573e-02   1.8331854e-01  -8.5842873e-02  -3.3772280e-01   3.7826796e-01  -2.9823764e-02   7.7436212e-02   2.7334727e-02   7.1114422e-01   5.1669535e-01   3.1611546e-02   4.6726664e-01   3.2222593e-01  -4.0664438e-02  -4.8478327e-02   7.2743162e-02  -2.0453414e-02   3.1850436e-01   1.2251308e-01  -2.6631577e-01  -2.0212506e-01  -4.6720425e-02  -2.9480815e-02   3.7530305e-01   8.9775146e-02  -2.3722620e-01   5.7216709e-02   3.4677568e-01   6.5735313e-02   1.1114922e-01   2.4716053e-01   4.6027270e-01  -1.4533420e-02   1.7310764e-01   3.1348980e-03   1.9263516e-01   5.5769378e-02   3.6141757e-01   9.5754768e-02   2.4439121e-03  -2.1293763e-01   2.5746744e-01   1.5024179e-01   3.2707775e-02   2.0346720e-02  -2.4767386e-01   6.3919715e-01  -1.6128320e-01  -2.4523563e-01   4.8323558e-02  -1.6889790e-02   1.3537775e-01  -1.9543656e-01   5.7614367e-02   1.0358317e-02   7.9091146e-02  -2.0485929e-01   1.3802792e-01   5.3005880e-02   6.9982476e-02   4.9075464e-01   7.1054857e-02  -2.7614628e-01   5.5168691e-01   7.5217018e-02   8.8889954e-02  -3.1590079e-01   4.3176508e-01  -1.1690291e-01   3.2092509e-01  -2.3801490e-02   6.3833944e-01   9.4630159e-02   2.9647790e-01  -7.6355724e-02   6.5534042e-01   1.4223006e-01   5.9912855e-02   6.3891643e-03  -2.2754093e-01  -3.0647992e-02   1.7187645e-01   1.3844575e-01   1.4398331e-01   3.3578941e-01   3.3345879e-01   1.1064046e-01   1.4828029e-01   1.6507861e-02  -1.1457132e-01   2.3509697e-01  -1.2728358e-01   7.6905423e-02  -2.0535367e-02
  -1.9331581e-01  -1.3601843e-01  -3.6396106e-02   0.0000000e+00  -1.7609418e-02   9.5125753e-02  -3.3096282e-01   3.5276958e-02   1.2719776e-01  -2.5463407e-01   1.8083947e-01  -1.8933312e-01   1.5993818e-01   1.2902923e-01   1.3150205e-01  -1.0446271e-01   2.5397323e-02   4.7583162e-01  -3.1266094e-02   2.9187939e-02   2.1426553e-01   4.0977770e-01  -1.4526686e-02  -4.4925542e-03   5.0388437e-02   3.3775393e-02  -9.9861963e-02  -1.9221532e-01  -1.8286052e-01   2.5238186e-01   2.6139485e-01   3.9178396e-01   1.9820866e-01  -1.4904086e-01   1.5731691e-01   6.1833636e-02  -1.1347116e-01  -1.7633340e-01  -1.0175682e-01  -3.3189050e-01   4.2192545e-01   1.9093994e-01  -1.3388682e-01   3.6648786e-02   2.5905876e-01  -9.5484286e-02   2.6641318e-01  -2.8634193e-02   1.6938553e-01   6.5569966e-02   4.4899296e-01   1.6131132e-01  -3.9962830e-02   1.2283376e-01  -4.1135986e-03  -3.6633300e-02   1.0569855e-01   4.2102811e-01   6.6135526e-01   3.0843678e-01  -1.4994391e-02   1.6030338e-01   2.5682077e-02   3.1240207e-01   2.0552233e-01   1.0137412e-01  -1.2282715e-02  -7.4390724e-02   2.5089234e-01  -1.7944219e-01  -2.0597498e-01   2.7192356e-01   2.0521856e-01   4.1517567e-02  -1.3698791e-01   1.8087080e-01   5.6080230e-02  -8.3344310e-02   2.1574242e-02   1.7274007e-01  -8.4151851e-02  -1.0578500e-01  -1.0873372e-01   1.9084295e-02   7.2250699e-02   9.0289985e-02   2.7547650e-01  -1.1013274e-01  -7.3255285e-02   2.0998687e-01  -9.5778250e-02   2.5880180e-01  -2.0493361e-01   1.9851488e-01  -5.7918450e-02  -3.4820303e-02   3.6312674e-01   9.9006889e-02   3.3689607e-01   1.4701975e-01  -1.2163765e-01  -7.9553502e-02   3.3389604e-01   3.2687921e-01   4.1057502e-01   5.5521638e-01   9.3819524e-02   4.9441282e-02   1.4307685e-01   2.1271989e-01  -2.7828463e-01   2.6666862e-01   8.8137244e-02   4.1074349e-02  -1.4966349e-01   5.2784532e-02   1.3220226e-01   4.9297352e-02  -3.8056660e-02   5.6843459e-01  -7.3271275e-04  -1.0217221e-01  -1.2783390e-01   9.3529978e-02   2.7868945e-02   5.6090130e-02   1.6499149e-01   5.0030914e-02   3.5323463e-01  -1.1873900e-01  -1.7486292e-02  -3.1339100e-02  -2.1971877e-02   1.6985340e-01   1.6423569e-01   2.7210955e-01   2.9777541e-01  -1.8256315e-02   1.9569956e-01   2.5743141e-01   1.5761008e-01  -2.2955694e-01   1.0972961e-01  -1.0057453e-01   6.3811379e-02   3.2798721e-01  -3.4111950e-01   8.6762263e-02   8.1358628e-02   8.3186000e-02  -7.7830800e-02   1.5025847e-01   1.6487158e-01   2.2048318e-01  -6.6762054e-02   2.5055813e-01   3.0939058e-01   4.9272439e-01   5.1408612e-02   2.6509772e-02   1.6341505e-01   2.7621997e-01  -5.9100408e-02   4.4214346e-01   3.0733888e-01  -5.1885482e-02  -1.2728519e-01   1.1826629e-01   2.0601730e-01   8.4788854e-02  -7.1793909e-02   3.1390166e-01   1.8722017e-01   9.8861481e-02   1.5259368e-01   9.1491054e-02   4.2548150e-01
  -1.9937676e-01   7.1881029e-01   1.8729393e-02  -1.7609418e-02   0.0000000e+00  -6.6398048e-02   6.6776795e-02   1.0081456e-02   6.5954899e-01   1.6000882e-01   1.4847019e-01   4.6869873e-01   1.9809492e-01  -3.2810775e-01  -6.4001965e-02  -3.6688813e-02   1.8500567e-01  -9.4214591e-02  -1.5768050e-01   7.4747363e-01  -3.6720552e-01  -1.5505271e-01  -5.9631503e-01  -2.0283074e-01  -1.3815778e-01   6.6251294e-02   5.0469178e-01  -4.6418367e-01  -1.4874429e-01   3.9585831e-01  -3.0867503e-01  -1.2656691e-01  -3.7056429e-02   4.3556916e-02  -2.2909881e-01   7.3835522e-01   9.5515198e-02   2.3333084e-02   8.3899177e-02   2.9636645e-01   3.0073500e-01  -4.6695328e-02   6.9383030e-01  -2.9752051e-01   3.2066627e-01  -4.9284527e-02   3.1975973e-01  -2.0049487e-02   5.2647340e-01   4.8684293e-01  -1.5919956e-01  -1.3397992e-01   5.4415108e-01  -1.1806228e-01  -1.9245339e-01  -4.1602013e-01  -1.9798747e-01  -2.9696279e-01   2.2230263e-01  -1.1969222e-01  -5.6328880e-02   2.9253301e-01   5.7185549e-01   6.9651316e-02   3.3698614e-01   4.9328052e-02   2.2211686e-01   2.2130088e-01  -1.3545136e-01  -3.8521519e-02   4.3976968e-01  -2.6859625e-01   3.0412685e-01  -2.4623609e-01   5.8646148e-02   3.4857195e-02   1.5901857e-01  -1.6080462e-01   7.9709518e-01   2.1270827e-01  -4.9053750e-01   4.0247010e-03  -4.9634763e-02  -7.5335805e-02  -3.1434450e-01   1.1622521e-01   1.5447296e-01  -2.7549701e-02   4.3960370e-01   1.7026698e-01   8.1097878e-01   6.2103598e-02   2.5538812e-02   4.2754434e-01   5.5266479e-02   7.4196778e-01   7.2192157e-03  -5.7841852e-03   4.4328558e-01  -1.5066190e-01  -3.2038798e-01  -4.7483402e-01  -2.1276924e-01  -9.2546346e-02  -2.1366743e-01   3.0074710e-02  -2.2971184e-02   6.1504201e-02  -4.8556155e-02   5.1192518e-03  -3.3227931e-01  -1.0876662e-01   1.0828845e-01  -3.2395859e-01  -5.3720513e-01   7.9800846e-01   4.4644369e-02   8.6229441e-02  -3.4024003e-01  -3.3628917e-01  -2.9003310e-01   9.2771306e-01   4.0909652e-01   5.9027609e-01   4.8685595e-02  -3.1050278e-01   1.8654008e-01   1.4068534e-01  -3.9569518e-02  -3.0453684e-03  -1.1944155e-01   6.8566314e-02  -2.1021314e-01   1.0050503e-01   1.9428970e-01   1.2688134e-01  -1.7806116e-02  -1.5293740e-01   3.7235330e-02  -6.1492172e-02  -9.2039642e-02  -1.1576355e-01  -2.4688244e-01  -4.5672708e-01  -4.6080670e-01  -1.3766338e-01  -4.7406723e-02   2.6219183e-01   1.5639419e-01  -7.7091411e-02  -3.0512574e-01  -3.4021560e-01  -2.5942887e-01   3.1697354e-01   2.0759781e-01  -3.4418023e-02  -1.4306381e-01   1.1767779e-01   7.7198548e-02  -1.9451117e-01   1.4160672e-01  -5.7763199e-02  -7.4605020e-03  -2.4061303e-01  -4.9070286e-02   4.3973792e-01   3.8821400e-01  -1.5526612e-01  -2.0075905e-01   3.2866161e-01   7.3575586e-01  -4.5914874e-02   2.2001401e-01  -3.8283566e-01   1.3132525e-01  -9.7761669e-02   2.3081296e-02
   4.3195874e-01  -1.8034637e-01   2.7838662e-01   9.5125753e-02  -6.6398048e-02   0.0000000e+00   2.0480247e-01   5.4559541e-02  -1.9539300e-01   6.2443855e-02   1.8788505e-01   1.3786070e-01   1.0427384e-01   2.1369550e-01   4.0619496e-01   6.3691171e-02   1.7744534e-01   8.9630912e-02   1.5875599e-01   1.5277216e-01  -1.5649095e-01   1.7793196e-01  -6.7244009e-02   2.2217152e-01   7.2193912e-02   3.1079955e-01   3.6024854e-01   3.1270830e-01  -6.3301952e-03   3.4265229e-01   2.4720599e-02   8.2977848e-02  -2.7503292e-02   4.0162948e-01   3.1405788e-01   8.9097956e-02  -4.9661889e-01  -8.4239154e-02  -8.4865426e-02  -3.3358255e-02   1.7829092e-01  -1.8285567e-02   6.5378741e-02   2.8145313e-01   6.2715839e-02   4.5962478e-01   4.3490751e-01   2.9704367e-03  -9.0996610e-02   9.6328867e-02   3.6142866e-01   2.0080130e-01  -5.6677119e-03   1.1472645e-01  -3.1310488e-01   3.1199221e-01   6.4313381e-01   2.6867073e-02   5.6990630e-02   3.1499232e-01   3.2428511e-01  -2.4216792e-02  -1.7906217e-01   6.3803379e-02  -2.4502327e-01   4.6927610e-01   7.9736083e-01  -2.5354169e-01   5.5808633e-01   5.0165276e-01  -4.2270813e-01  -1.1685174e-01  -1.0092748e-01   5.2868673e-01  -1.9218758e-01  -8.3025408e-02   1.7251534e-01   8.2849955e-02   2.9049406e-02  -1.2448554e-01   2.8198103e-01  -7.1316379e-02  -3.7828308e-01   2.3716487e-01   4.0492038e-01   2.8901513e-02  -2.2576371e-01  -9.5297562e-02  -1.8021792e-01   3.1038941e-01  -1.7432337e-01   4.0259556e-01   3.9029980e-01  -1.1180893e-01   1.4525469e-01   5.2723682e-02   3.9165888e-02   4.2058312e-02   5.5469911e-02   4.0173830e-01  -1.6314683e-01   3.2616296e-01   2.6429079e-01   1.0894772e-01   1.6453062e-01  -5.8832987e-02   2.8504857e-01   3.6274170e-01  -1.5570290e-01   6.0551361e-01   1.0519272e-02   5.5544944e-01  -2.3186580e-02   3.0311221e-01   3.2139050e-01  -7.5074428e-02   1.0263964e-01   3.0948807e-03   1.3342922e-01   8.6717607e-02   2.3512235e-01  -2.3994637e-02  -1.0017424e-01  -2.9219108e-01   1.9815571e-01   4.1972258e-01   2.4576737e-01  -1.7201736e-01  -1.2973558e-01   2.0592154e-01  -1.5797876e-01  -2.2415642e-02   3.8077858e-01  -2.7432092e-01  -4.9735523e-02  -4.5960144e-02  -7.8134134e-02  -3.2313205e-01   2.2846045e-01  -9.9655875e-02   1.0378362e-01   1.1107505e-01   1.8230116e-01   3.3620784e-01   1.0071947e-01  -1.8576333e-01   3.8157543e-03   2.7423843e-01   5.8109955e-01  -5.3235472e-01   4.5843587e-01   1.1354850e-01   3.4380819e-01  -2.4405122e-01   5.1182888e-02  -4.0204190e-02   7.8771814e-02   2.8024969e-01   2.2425766e-01   4.3119374e-01  -1.6993153e-01   3.0325343e-02  -4.5701741e-01  -6.5795892e-02   2.8767995e-01   1.5854475e-02   3.1854363e-01   3.5807554e-01   3.9204764e-01  -1.9697857e-01   8.4550192e-02  -1.1142651e-01  -2.8981636e-01   6.7721253e-01   1.4542614e-01  -2.9651108e-01   1.5156036e-01
  -4.5815831e-02  -1.1980764e-01   3.4441016e-02  -3.3096282e-01   6.6776795e-02   2.0480247e-01   0.0000000e+00   9.1849231e-02   6.5058532e-02   4.9507686e-01  -9.4112298e-02   1.3478856e-01  -5.0290414e-02  -1.2515692e-01  -3.0618615e-02  -1.8268411e-01  -1.2627273e-01  -1.0541096e-01   3.1439267e-01   3.4632485e-01  -1.8396786e-01   4.3627779e-02   1.9988663e-01   8.2992233e-02  -3.0771123e-01   2.7060571e-02   5.2675279e-01   1.3148319e-01  -2.6436970e-01  -4.4420891e-03  -1.6181268e-01   3.8935845e-02  -2.7279603e-01   6.5024077e-01  -6.2063498e-02   2.5490867e-01   1.8868783e-02  -1.2808008e-01  -3.6529894e-01   3.2280133e-01  -1.2236377e-01  -1.8375326e-01   1.8780910e-01   4.4306915e-02   1.0677137e-01  -3.7640053e-02  -5.4419615e-03   9.8903266e-02  -1.2239394e-01   7.3302270e-02   5.2328647e-02   1.9098163e-01   8.5814200e-02  -3.7452355e-01  -2.5239094e-01  -9.5161832e-03   9.9751470e-02  -9.1412194e-02  -1.1877906e-01  -2.2212294e-01  -9.7144483e-02   2.0519517e-01  -2.8276083e-01  -2.8154475e-01  -3.3921536e-01   3.5219642e-01   1.8755141e-01  -1.2394906e-01  -1.6829936e-02   4.6391056e-01  -7.6868427e-02   4.6431371e-02  -9.6567708e-02  -1.1431866e-01  -1.0462375e-01   4.2052355e-02  -6.2578231e-02   2.6265500e-01  -9.6044820e-02  -4.1676591e-01   4.1469912e-01  -2.5359607e-01  -1.4428824e-01   2.1660397e-01  -2.2900289e-01  -2.1312667e-02  -3.0855756e-01   2.4496918e-01  -3.5208995e-01  -5.9945994e-02  -5.7183655e-02  -8.9278635e-02   4.7498852e-01  -2.2581026e-01  -1.3603059e-01   1.1418954e-02  -5.3962700e-02   3.0948155e-01   2.3768344e-01   3.6954334e-01  -9.1472036e-02   2.5562660e-01   1.2876944e-01  -2.0222565e-01  -1.6434974e-02  -7.0329864e-02  -3.3438389e-01   3.4373744e-01  -7.1715458e-02  -5.3115432e-02   4.1020600e-01   1.1453815e-01  -3.1162788e-01  -4.3338193e-02   2.7667177e-01  -1.0171676e-01   3.7458352e-02  -4.7145358e-02  -2.2882328e-01  -1.4356271e-01  -8.7698636e-02   1.0358279e-01  -2.3298169e-01  -1.9989444e-01  -6.6484240e-02  -6.5538841e-02   1.3783850e-01  -2.8186613e-01  -1.1600439e-01   1.4298116e-01  -3.7727402e-01   3.6122368e-01  -1.4245242e-01  -2.9583240e-01  -2.0623385e-01  -3.1982291e-02  -1.7093053e-01  -8.7474468e-02   8.9628471e-02  -1.0649822e-01   2.7226188e-02  -1.8306095e-01   1.6170337e-01   1.1795600e-01   2.2733221e-02  -2.7407090e-01   4.1610087e-01   3.4340478e-02   2.6412197e-01  -3.9843677e-01   1.2066284e-01   4.4640985e-02  -1.6161372e-01  -1.7802204e-01  -1.3544582e-01  -6.7942245e-02  -7.9811282e-02   7.8202719e-02  -1.7156274e-01   4.1694135e-01  -3.2102536e-01   4.0085574e-03  -1.0107427e-01  -1.0178942e-01   1.8894147e-02   1.3886025e-01   3.6817420e-01   1.5099821e-01  -1.4569909e-01  -1.5050091e-01   2.6725704e-01  -1.9436820e-01  -5.0758641e-02  -9.6541169e-02  -1.8971159e-01  -1.1851898e-01  -1.7558407e-01
  -1.8705262e-01   4.7970127e-02   3.0532289e-02   3.5276958e-02   1.0081456e-02   5.4559541e-02   9.1849231e-02   0.0000000e+00   6.8039207e-02   6.7071471e-02   3.4073735e-01   4.4184276e-03   3.9807568e-02   1.4513960e-02   2.5492675e-01  -5.4622359e-02  -7.7265677e-02   2.7376951e-01   9.9885550e-02   3.0430572e-02   1.9605911e-01   1.2272481e-01   1.2709584e-01  -8.6246083e-02   4.0455454e-02   6.0413361e-01  -3.6894927e-02   1.0964557e-01   5.5611503e-02   1.1413901e-01   3.4538249e-01   3.3939295e-01  -3.4775683e-02   3.3718764e-01  -9.2883072e-02   1.9019153e-01   9.4491572e-02  -2.1552899e-02  -7.1205936e-02   7.6645648e-02   1.5523244e-01  -1.2519429e-01  -2.5812666e-02   5.2435684e-01   7.2499058e-03  -1.1675985e-03   2.0153276e-01   2.3477779e-01  -4.5976256e-02  -6.7585569e-03   1.8424186e-01   7.7115367e-01   3.6524334e-01  -2.1056923e-01   1.8265498e-01   2.5132121e-01   1.3108773e-01   1.4892825e-01   3.5527280e-01   1.3950037e-01  -7.0548162e-02   3.8319560e-02  -1.4481492e-01   5.1708228e-01  -4.1342822e-02  -1.8909716e-01   2.6490486e-01  -9.9446876e-02   3.3846123e-01  -1.1755576e-01   4.1879487e-02   8.3007904e-02   1.5067723e-01  -9.7772398e-02  -1.2820368e-01   1.6389782e-01   6.7500305e-02   8.8571502e-02  -1.1903593e-02   1.4097216e-01   3.6834999e-01  -1.1064615e-01   2.2998912e-01   6.9236687e-01  -4.9895128e-02   3.2631326e-01   1.7580787e-01   5.1626495e-02  -1.1675497e-01  -1.0484457e-01   4.1519425e-03  -5.0746070e-02   1.2863119e-01   2.2974478e-01  -3.2843798e-02  -2.2845391e-02  -1.2438957e-01   4.8285896e-01   7.4047479e-02  -1.2161440e-01   1.5313379e-01   4.1898605e-01   2.2454930e-01   1.2995384e-01   2.0915723e-01   2.9263722e-01  -1.2905729e-01   4.6880270e-01   2.0272382e-01   3.0654462e-01   2.7486358e-01   1.1246848e-01  -2.8423812e-01  -2.2024079e-02   5.3074308e-02   1.6621384e-01   2.0123643e-01   1.1373108e-01   7.1901260e-02   7.4171987e-03   8.2607614e-02   3.9920197e-02  -4.5129270e-02   2.0698620e-01   1.0514681e-01  -2.1402170e-01   2.0974083e-01  -8.7347333e-03  -4.5823494e-02  -3.4579782e-02  -1.7859684e-01   2.2032443e-01  -2.4404332e-01   2.3433849e-01  -1.5735123e-01   4.5508231e-01   8.8387383e-02   2.5615994e-01   5.5971186e-01   9.0441986e-02  -1.1810130e-01  -2.8602451e-01   1.8036812e-01  -3.6930751e-02   1.5450355e-01   3.0921627e-01   9.3296247e-02   3.1537977e-01  -2.1063994e-02   5.7330626e-02   4.8077050e-02   4.4730918e-01  -1.2856026e-01   5.7989144e-02   1.3162048e-02  -1.5591871e-02   8.7771314e-02   3.3041990e-01  -2.3958689e-02   3.2997738e-01  -7.1935405e-02   2.5584972e-01  -7.3705064e-02   7.8682461e-02   2.0023505e-01   9.7183193e-02   8.0933418e-02   2.8775985e-01  -3.3971838e-02   2.7790568e-01   1.8152481e-01   9.8610366e-02  -4.3294615e-02  -1.2094808e-01   1.9855238e-01   3.3840374e-02   2.1062351e-02
  -2.5259767e-01   6.9080887e-01  -1.2478053e-01   1.2719776e-01   6.5954899e-01  -1.9539300e-01   6.5058532e-02   6.8039207e-02   0.0000000e+00   2.8583321e-02   1.7709177e-01   1.9914966e-01   1.1347945e-01  -2.3878717e-01  -1.4677992e-01  -2.9613915e-02   4.5196380e-02   4.0897149e-02  -1.1736491e-01   4.2451209e-01  -5.3315584e-02  -3.6281394e-02  -4.3259013e-01  -2.7202725e-01  -1.6993020e-01   1.0796502e-02   3.3946989e-01  -4.8629188e-01  -7.7890423e-02   5.1734336e-01  -1.2693139e-01  -2.0103437e-02   1.3135085e-01   9.1151713e-02  -2.1218984e-01   5.5177030e-01   1.2876706e-01   4.2351992e-02   2.4869130e-02   1.7959462e-01   2.9012388e-01   1.1886576e-03   5.1735515e-01  -2.6238367e-01   2.4764567e-01  -1.5570358e-01   2.6665624e-01   1.3175652e-01   4.8220486e-01   3.7109679e-01  -1.2419186e-01  -2.5693289e-02   6.0911361e-01  -2.7346418e-01  -1.5219216e-01  -3.7398728e-01  -1.7745621e-01  -1.4098432e-01   2.6245855e-01  -6.0682597e-02  -1.2497790e-01   1.8190820e-01   4.7929673e-01   2.7076661e-01   4.8659350e-01  -3.7983214e-02   6.7570879e-02   2.4283555e-01  -1.0075851e-01  -1.4070709e-01   4.0380179e-01  -1.3257474e-02   3.5608529e-01  -3.6276197e-01  -2.6055054e-02   1.6628500e-01   8.3409186e-02  -8.5048341e-02   6.3374029e-01   1.2578987e-01  -4.2053106e-01  -6.9689674e-02   1.2092976e-01   1.2320745e-02  -3.1760047e-01   1.2552377e-01   4.1842091e-01  -1.8039555e-01   2.6869111e-01   1.3330605e-01   5.9652972e-01  -1.3634119e-02  -3.2514945e-02   4.9013345e-01   4.4115568e-02   3.4149005e-01   9.5233174e-03   1.0321047e-01   3.3230596e-01  -1.4160627e-01  -2.2526098e-01  -3.5634693e-01  -6.9094658e-02   5.5907039e-02  -1.3708125e-01   1.6860329e-01  -1.7939695e-01   1.4692797e-01  -9.6745429e-03  -1.0162042e-02  -2.2994402e-01  -5.8147724e-02   1.8159912e-02  -1.6191540e-01  -4.7361267e-01   7.7780587e-01   1.8234544e-02   1.2432532e-02  -2.9697860e-01  -1.5861722e-01  -2.9251992e-01   5.8136969e-01   1.5226047e-01   6.0658720e-01  -7.0168669e-03  -3.7599687e-01   2.3801291e-02   9.2451496e-02   1.3721018e-01  -4.7464185e-02  -8.7574523e-02   1.6738586e-01  -1.6972081e-01   3.2112587e-01   2.0469454e-01   1.6401461e-01  -1.0411204e-01   3.9965705e-02   2.0653674e-02   6.3715891e-02  -5.1212439e-02  -2.3009207e-01  -2.7988946e-01  -4.2741392e-01  -3.8628152e-01   2.6316303e-02  -1.1592487e-01   2.8141226e-01   8.0757821e-02   1.0070909e-01  -3.9360639e-01  -1.9736568e-01  -2.5927763e-01   5.0757586e-01   1.3264022e-01   9.0601893e-02   3.3103600e-02   1.1197398e-01  -8.6144958e-02  -2.3013039e-01   1.5776911e-01   5.1702804e-02   2.2459395e-01  -6.0680171e-02  -8.2493116e-02   3.1972952e-01   2.9513866e-01  -1.5135276e-01  -2.2581584e-01   3.4066850e-01   5.0225807e-01   1.1020155e-01   4.3705082e-01  -3.6093595e-01   6.2185384e-02  -9.1795594e-02   6.7085503e-02
  -9.0964693e-02  -9.7318442e-03   2.8581661e-01  -2.5463407e-01   1.6000882e-01   6.2443855e-02   4.9507686e-01   6.7071471e-02   2.8583321e-02   0.0000000e+00  -5.0866315e-02   2.1662781e-01   6.2059002e-03  -3.2252338e-02  -5.1931920e-02  -2.6987221e-02   2.0422974e-01  -3.4691785e-02   1.2358399e-01   2.0479520e-01  -1.3006154e-01  -7.5286403e-02   1.7735089e-01  -5.8876583e-02  -1.6053868e-01   9.7428822e-02   1.5021734e-01   6.6042248e-02  -2.2282460e-01  -8.3296695e-02  -4.8481194e-02   5.0222354e-03  -1.5883529e-01   3.7002799e-01  -5.0033569e-02   7.9159103e-02   1.3790416e-01  -8.0652405e-02  -1.6220024e-01   1.7821666e-01  -4.3957097e-02  -2.1083840e-01   1.1267614e-01   1.3591329e-02  -8.0597746e-02   9.7427384e-02  -1.2197913e-01  -4.7992222e-03  -2.4328889e-01   8.6701806e-02   9.3332119e-02   1.3212062e-01   9.5421468e-02  -6.4472372e-02   1.0998366e-01   3.4337134e-02   8.9210622e-02  -3.8144120e-02  -2.3354901e-02  -1.0654465e-01   1.2497523e-01   5.9443161e-02  -1.3007228e-02  -1.8885367e-01  -2.9415110e-01   1.6910000e-01   1.2957686e-01  -7.8479557e-02  -1.0334568e-01   2.7346758e-01   3.8753671e-02  -1.7035083e-01  -1.3584516e-02   3.7993404e-02  -1.5138275e-02  -2.7068356e-02   1.0940289e-01  -1.4539371e-02  -2.2307023e-02  -2.0188370e-01   3.2435915e-01  -9.8429305e-02   2.0619731e-02   1.2872129e-01  -2.3516437e-02   3.1378883e-02  -1.1899734e-01   2.9775034e-01   9.6172876e-02   1.1452581e-02   1.5775769e-01  -1.0262549e-02   2.8779383e-01  -8.2772707e-04   4.5473462e-02   1.0794065e-01  -1.2817227e-01   2.2050848e-01   1.3380121e-01   1.6990398e-01   1.7387049e-01   2.1306770e-01  -8.8875329e-02  -1.6832913e-01  -3.7970701e-02  -2.8884688e-02   1.3997940e-02   1.6741565e-01   1.7419109e-01   4.9826184e-03   3.0332295e-01  -1.1803712e-02  -1.1282051e-01  -1.9662276e-01   2.4668656e-01  -5.4937094e-02  -7.3712938e-02   3.5090105e-02   5.8315497e-03  -1.8763599e-01  -3.9558328e-02   9.8215423e-02   7.5353059e-02  -4.5482488e-02  -2.1789322e-02   1.5306566e-02   2.0190315e-01  -1.5074111e-01  -3.3392028e-02   2.8490879e-01  -3.2801683e-01   1.4483434e-01  -1.1946517e-02   6.0625563e-03  -7.4967172e-03  -1.5016566e-02  -1.3357536e-01   5.9743680e-02   1.0693457e-01  -2.1671642e-01  -4.9570702e-02  -2.3167070e-02  -1.1749001e-03   2.0122328e-01   6.9512746e-02  -1.5728082e-02   4.1898069e-01   3.4117771e-02   1.0996676e-01  -1.4501880e-01   1.6181009e-01   6.7574875e-03  -8.3163837e-02  -2.4812123e-01   1.3573191e-01  -2.0411423e-01  -1.6039155e-01   1.4367465e-02   7.0950075e-02   2.3878994e-01  -2.5102149e-01  -1.5987697e-01   1.2995582e-01  -9.7992508e-02   1.2549339e-01   4.7238309e-02   3.4459904e-02   7.8932858e-02  -8.3892112e-02  -2.4812267e-02   1.3389442e-01  -2.2564489e-01  -1.7597692e-01  -1.9840112e-02  -2.0097051e-01  -2.1186931e-01  -1.0306584e-02
  -2.4366344e-01   2.7223827e-02   2.9451208e-01   1.8083947e-01   1.4847019e-01   1.8788505e-01  -9.4112298e-02   3.4073735e-01   1.7709177e-01  -5.0866315e-02   0.0000000e+00  -6.2741247e-02   5.8466199e-02  -2.8972623e-01   2.9402864e-01  -3.6780991e-02   2.7900553e-01   3.7756110e-01  -2.0882123e-01   1.9856576e-01   3.2357189e-02   9.3667474e-03  -3.3078727e-02  -3.8732797e-01  -5.8520668e-02   1.5911689e-01   2.7575335e-01   2.4662652e-02  -7.1349833e-02   3.8148849e-01   1.1255691e-01   1.7152724e-01   6.2869750e-02   3.2818520e-02  -3.0935180e-02   3.8483431e-01  -2.8070755e-01   1.9777652e-01  -2.3167580e-02  -3.4240905e-03   2.1847527e-01   1.2800922e-01   2.4144501e-02   4.5635768e-01   1.7336469e-01   3.8147373e-01   6.5830712e-01  -1.2367915e-01   2.0312541e-01   2.0566555e-01   4.0488493e-01   2.5207601e-01   8.6950260e-02  -2.3857351e-01  -1.8976378e-01   4.4751322e-01   1.3158775e-01   1.0110011e-01   2.4738348e-01   1.9017840e-01   3.7400847e-01   2.5869201e-01   8.6319055e-02   4.4861311e-01   3.5279062e-02   9.6260922e-02   2.9224148e-01   1.4992622e-01   4.4991909e-01   2.6321242e-01  -2.0090075e-01   2.3197552e-01   8.2063644e-02  -1.1498327e-01  -5.2041669e-02  -4.6296324e-02   3.8238576e-01   5.4007305e-02   4.3233667e-02   3.6419597e-02   7.7751874e-02  -1.1398118e-01  -1.3443800e-02   7.2062544e-02  -1.5171535e-01   2.1509774e-01   2.7208448e-02  -1.8916847e-01   3.5464589e-03  -2.0641145e-01   7.1632088e-02   3.2554078e-01   1.0654428e-01   2.8599841e-01   4.0848832e-01   1.5723683e-01   5.1933264e-02   2.0127644e-01   2.8711143e-01   1.3778890e-01  -4.4684267e-02   2.5290969e-01   4.7121538e-02   1.2092368e-01   3.0782711e-01   5.5099390e-03   4.7573350e-02   2.4027863e-01  -1.7197271e-01   3.6016537e-01   6.7433202e-02   3.7606404e-01  -4.3629256e-02  -1.0937615e-01   1.6871160e-01   2.5249693e-01   3.6632153e-01   9.9935468e-02   1.5931215e-02   1.9703709e-01   1.3442885e-03   1.5866314e-01  -3.8173836e-02   2.3060882e-01   5.8707519e-02  -1.3112354e-01   1.8413817e-01  -8.1655557e-02  -1.4421208e-01   2.9415069e-01  -8.1160295e-02   1.5798661e-01  -2.4639537e-01   3.8612613e-01  -8.5185461e-02   4.8663612e-02   4.9540941e-03  -1.0727104e-01   7.0834765e-02  -1.3121645e-02  -1.8541474e-01  -1.9141224e-01   1.2824343e-01   2.5039520e-01   9.7979774e-02   1.9823342e-01  -1.7564564e-01   6.0759749e-01   3.3981863e-01  -1.8516153e-01  -2.6129182e-02  -3.4287978e-02  -2.1058544e-01   4.2000610e-01   6.3328804e-02  -1.2849584e-01   2.8682804e-01   2.0957506e-01   3.6915841e-01   1.7794330e-01   1.4389907e-01   5.3094670e-01  -8.3173544e-02   1.3214744e-01   3.3480986e-01  -2.7374031e-02   4.3058131e-01   1.3807682e-01   1.2080346e-01  -2.6950073e-02   2.3394770e-01  -1.1915224e-01   3.0405405e-01   1.3383894e-01   1.9822802e-01  -1.0563338e-01   2.5274072e-01
   1.7952624e-01   5.9629399e-01   4.3518461e-01  -1.8933312e-01   4.6869873e-01   1.3786070e-01   1.3478856e-01   4.4184276e-03   1.9914966e-01   2.1662781e-01  -6.2741247e-02   0.0000000e+00   6.6528429e-02  -6.6051491e-02   2.2961055e-01   3.3388758e-03   4.7449869e-01  -1.7331831e-01  -5.9785418e-02   5.6046530e-01  -3.2291536e-01  -1.9881901e-01  -1.7832773e-01   5.6912820e-03  -3.0516824e-03   9.7724076e-02   4.0158650e-01   3.8447127e-02  -1.4061486e-01   1.4653947e-01  -2.6485387e-01   3.5500132e-03  -7.5375157e-02   4.2463912e-01   2.5219829e-01   3.1693919e-01   5.2716956e-03  -9.9549619e-02   1.3551510e-01   4.7381535e-01   4.7818268e-02   1.1461325e-02   6.2828341e-01  -1.1689342e-01   2.6586388e-01   3.4444218e-01   1.7688981e-02  -1.3587481e-01   1.8141126e-01   5.0359884e-01  -1.4835609e-01  -1.6788093e-01   3.0445428e-01   8.9161460e-02   1.9659159e-01  -1.3717783e-01  -9.0989921e-02  -3.2471678e-01  -8.1466084e-02   2.8400229e-01   2.9910239e-01   8.5428632e-02   3.8611464e-01  -4.4072024e-02  -6.0895251e-02   1.4318508e-01   3.7164522e-01  -3.6332349e-02  -1.3944695e-01   1.9568629e-01   3.7965899e-01  -2.4483048e-01   1.2920562e-01   8.2209665e-02  -8.6013336e-02  -1.4660052e-01   3.0622128e-01  -1.1894677e-01   5.7932374e-01   1.3716049e-01  -2.0277155e-01   8.9945502e-02  -2.5517735e-03  -4.5874276e-02   2.3279379e-02   6.9717529e-02   1.1025467e-02   1.8937611e-01   3.2408070e-01   1.6700611e-01   3.8584456e-01   2.2476324e-01   4.5604381e-01   3.8523948e-01   2.4903284e-01   5.7778447e-01   9.8858067e-03  -1.4093396e-01   6.0034331e-02  -5.5459510e-02   1.3275142e-02  -1.3267488e-01  -3.3215388e-01  -8.9926317e-02  -2.2661674e-01   5.9444627e-02   1.7373987e-01  -2.7129300e-02  -5.5159280e-02   5.7282518e-03   6.4203528e-02   4.0093675e-02   9.1714752e-02   5.5020234e-02  -1.2143964e-01   3.4124404e-01   1.3139775e-01   2.3072725e-01  -2.2237638e-03  -2.1244551e-01   4.9525582e-02   5.3245291e-01   4.6210536e-01   1.7596102e-01   2.6232684e-01   1.0155645e-02   3.1028116e-01   2.2577480e-01  -1.6698189e-01   1.6050431e-01  -1.3378161e-01  -1.0518143e-01   1.2854909e-01  -5.0109825e-02   2.8291627e-01  -7.9127956e-02  -1.1355544e-02  -1.6754062e-02   3.9581992e-02  -1.9639381e-01   1.2176985e-01   4.0110118e-02  -1.7214016e-01  -1.0333168e-01  -2.4863043e-02  -2.3541679e-01   4.5790574e-01  -1.5470996e-02   4.5200856e-02  -1.9684525e-01   5.8748679e-02  -2.3291392e-01   4.5379474e-02  -8.8866530e-02   5.7153854e-01  -1.3788191e-01   3.1823883e-03  -1.6512130e-04   3.5989226e-01  -7.3033505e-02   2.6806340e-02  -2.6261689e-01  -2.0130972e-01  -1.3319916e-01  -1.9477273e-02   5.7760315e-01   2.9202020e-01   1.7441834e-01   5.1092043e-02   3.8149978e-01   6.0085606e-01  -6.0696575e-02  -9.6251532e-02  -5.0648818e-02  -5.6087472e-02  -7.6628264e-02  -9.2879450e-02
  -1.9825564e-01  -7.6348724e-03  -2.4295660e-01   1.5993818e-01   1.9809492e-01   1.0427384e-01  -5.0290414e-02   3.9807568e-02   1.1347945e-01   6.2059002e-03   5.8466199e-02   6.6528429e-02   0.0000000e+00  -9.2238100e-02   1.5672614e-01   1.5821577e-01  -2.2610874e-01   3.2937991e-01  -1.0374231e-01   2.6587777e-01  -7.9178535e-03   2.7464923e-01  -9.7149036e-02  -1.4878517e-01   7.4027417e-02  -1.4119006e-01   1.1961005e-01  -3.2591893e-01  -4.9921919e-02   1.5947189e-01   5.8335745e-02   2.5890185e-01  -5.1745348e-04   4.8674970e-02   5.8470190e-03   3.2564521e-01  -3.4232507e-02  -2.1761099e-01   2.0578214e-01  -2.0257076e-01   5.1464716e-01  -9.9472410e-02   1.3185143e-01  -1.7921118e-01   4.2180318e-01  -1.0514896e-01   2.9310466e-01  -1.0981748e-01   3.1903473e-01  -8.3746730e-02   3.5680248e-01  -9.7024285e-02   8.9818045e-03  -3.4694155e-02  -3.7227587e-02  -1.8019732e-01   1.3271567e-01   1.6875457e-01   2.4171411e-01   1.8510912e-01  -1.4824379e-01   4.4036879e-01   5.2472800e-02   8.8709044e-02   1.9329865e-01   1.2316606e-01   2.2263958e-02   1.8609214e-01   1.1403394e-01  -1.1435697e-01  -1.0251373e-01   1.3925935e-01   3.5530560e-01  -1.4801601e-01   1.9587064e-01   1.8481817e-02  -1.4737916e-01  -1.0011280e-01   1.6530637e-01   2.0866545e-01  -6.5037958e-02   2.4253950e-01  -3.1512228e-01  -3.5186190e-02  -1.2410317e-01   4.2855009e-02   9.5228839e-02  -1.5690388e-01   1.3213734e-01   3.5464432e-03   6.4177481e-02  -1.8476906e-01  -2.6287090e-01   2.0268273e-01  -7.8505547e-02   2.5156949e-01   2.0755474e-01  -1.3816106e-01   2.5866847e-01   2.5069343e-01  -3.0715700e-01  -6.2239415e-02   1.0388591e-01   3.1237975e-01   3.0519927e-01   2.2633084e-01   1.2886089e-01   4.3887942e-02   2.4627434e-01   1.9934130e-01  -3.5358855e-01   8.5330122e-02   1.2129730e-01  -3.3955017e-01  -2.9366869e-01   4.1671955e-02  -4.9442840e-02   4.8526133e-01  -2.2019465e-01   2.8011831e-02  -1.7243524e-01   1.4334142e-01   1.2434067e-01   1.2185065e-01  -1.3961574e-02  -1.8588957e-02   4.6026371e-01   1.3637589e-01   2.3660626e-01  -2.6433163e-01   3.1785419e-01  -2.1315673e-02   2.8964118e-02   7.1506154e-02  -3.2030900e-02   4.4102046e-02   1.8534273e-01  -2.5280733e-01  -3.5942011e-02   7.5055464e-02  -4.0560960e-02   3.0282602e-01  -1.6171039e-01  -2.4480771e-01  -4.8838306e-02   1.3468062e-01  -3.1725083e-01   1.0877087e-01   1.9966007e-01   1.6465018e-02  -2.6729237e-01  -5.0673161e-02  -1.6776583e-01  -1.3106964e-01  -2.3878050e-01  -2.1018408e-01  -1.4990571e-01   2.5636176e-01  -6.3562032e-02   3.6648798e-02  -8.2767268e-02  -2.4375786e-03  -1.5904958e-01   2.4358920e-01   6.1206148e-02  -2.1668514e-02  -4.3660745e-02  -1.2196628e-01   3.8190911e-02  -1.6484458e-01   9.1279959e-02  -3.1415493e-02   2.6067533e-01  -2.2154804e-02   2.8844494e-01  -3.3426440e-02   3.7188666e-01
   3.9924590e-01  -1.7323607e-01   1.1329145e-02   1.2902923e-01  -3.2810775e-01   2.1369550e-01  -1.2515692e-01   1.4513960e-02  -2.3878717e-01  -3.2252338e-02  -2.8972623e-01  -6.6051491e-02  -9.2238100e-02   0.0000000e+00   2.9441929e-01  -1.6368904e-01  -9.6307198e-02   1.0750982e-01   1.6588154e-01  -2.2653914e-01   2.6249018e-01   4.8963462e-01   1.5387342e-01   4.9349590e-01   2.3445833e-01   2.5256055e-01  -2.7586245e-01   4.0727124e-01   5.7414493e-02   1.2557432e-01   5.2711866e-01   1.0837681e-01  -2.1711328e-01   4.3754776e-02   4.5663096e-01  -2.5828084e-01  -1.7424468e-01  -3.9066836e-01  -1.4774591e-01  -4.5151532e-01  -6.7674253e-02  -2.4242499e-01  -2.2758023e-01   2.7620543e-01  -4.9323296e-03  -8.2080616e-02  -9.3919772e-02   3.1980906e-01  -3.0491438e-01  -3.9935085e-01   1.6454926e-01   1.5312583e-01   5.1514576e-02   4.8386140e-01   4.8837724e-01   1.1605372e-01   4.0383412e-01   3.8873923e-01   1.5482793e-02   2.5069633e-01  -6.8726093e-02  -1.0887079e-01  -2.8195795e-01   2.1533729e-01   7.8969625e-02   1.9891250e-01   1.1925249e-02  -2.0020858e-01   1.6494795e-01  -8.5176645e-02  -3.0770400e-01  -4.8042359e-02   9.8913438e-02   6.0082308e-01  -4.4921839e-02   3.0834918e-02  -2.1880455e-01   3.8758376e-02  -1.2044693e-01   4.9392709e-02   4.5999452e-01   4.0070279e-03  -4.4782533e-03   2.6964898e-01   7.2780703e-01  -9.2199352e-02   2.4401008e-01   3.4587444e-01  -1.2555659e-01   1.6407762e-01  -3.1272053e-01  -1.2442235e-01  -9.7759657e-02  -7.6861129e-02  -2.7431292e-01  -3.4887458e-01   4.2740555e-02  -5.2670247e-02  -1.7198592e-01   1.6176309e-01   4.1038520e-01   3.1249937e-01   4.6820956e-01   2.3953381e-01   4.7738686e-02   1.8748445e-01   2.4514125e-01   6.0795796e-02   1.5166899e-01   2.4197560e-01   6.1358350e-02   2.7604032e-01  -5.5346363e-02   3.5848515e-01   3.3516306e-01  -1.8618670e-01  -1.9143502e-01   1.2664556e-01   6.7158522e-01   1.3088089e-01   3.6771817e-02  -4.0264120e-01  -1.1646299e-01  -2.2314897e-01  -3.6641500e-02   7.3951047e-01   5.6650843e-02   1.5669817e-02   1.3409315e-01  -2.8494648e-02  -1.5725826e-01   1.0301141e-03   5.7548356e-01  -1.4952633e-01  -9.8383623e-02   8.7858707e-02  -1.4864937e-02   2.6206371e-01   2.5266539e-01   5.6444249e-03   1.5452324e-01   3.3057013e-02   2.1462424e-01   3.0388446e-01   2.5500053e-01   2.5648038e-01  -4.7824300e-02  -2.1710440e-01   1.0975360e-02   6.8723290e-02   5.0286048e-01   6.6555610e-01   3.2866241e-01  -1.8526502e-01  -1.2054591e-01   2.7375339e-01  -4.4678642e-02   5.2538529e-02  -1.6972821e-01   4.4334885e-01  -1.6654640e-01  -1.4651200e-01  -9.2065823e-02   1.4623745e-01   1.3488476e-01   3.2933670e-02  -1.8334121e-01   3.5805024e-01   1.3814921e-01  -7.0608284e-02  -2.7420649e-01   2.2143327e-02  -3.0135899e-01   4.9265020e-01   1.6799443e-01   2.2430700e-02   2.1052872e-02
