   0.0000000e+00  -3.6468080e-01  -7.5517369e-02   3.5219782e-02  -1.4198827e-01   2.0960152e-01  -2.7625567e-01   2.0474995e-01  -3.1609226e-01  -4.7541506e-01   6.8683186e-02  -2.9768125e-01  -1.4883507e-01   4.4708567e-03  -7.3834289e-02  -1.3275022e-01  -1.4514419e-02  -2.3879970e-01  -1.4736205e-01  -1.7179466e-01  -4.2002433e-01   9.7487120e-02  -2.6941766e-01   7.1451296e-01   1.7848967e-01   7.3480624e-02  -5.9706722e-02   3.5558068e-01   6.5458984e-02  -5.2361338e-02  -5.7862305e-01   1.0328674e-01   1.2241478e-01  -2.3462211e-01  -2.1500314e-01  -3.5929804e-02  -2.2239287e-01   1.9529140e-01  -2.2762782e-01  -2.6973112e-01  -2.2931766e-01   2.8595514e-01  -2.6555506e-01  -9.8491167e-02  -5.0262229e-02   6.5353401e-01   2.7345979e-01  -5.7456706e-01   4.7252354e-02  -3.1262801e-01  -2.0497068e-01   2.8304545e-01  -3.9397357e-01   1.7239464e-01  -1.6084642e-01   2.6531648e-01  -3.7052125e-02   2.0278201e-01  -3.6550423e-02   2.9315189e-02   5.6045982e-01   2.1519627e-01  -1.0462423e-01  -3.3736635e-01  -1.6261533e-01  -3.7658818e-01   2.7008642e-01  -4.0030521e-02   2.1533811e-01   4.8615164e-01  -5.2932929e-01   1.8432091e-01  -3.4279175e-01   5.6434902e-01  -2.6028238e-02   3.9720222e-02   4.9871649e-01   2.0002435e-01  -1.7235833e-01  -3.7599903e-02   2.4508013e-01  -2.2902726e-01  -4.6046201e-01   1.0829978e-01   2.7500869e-01   2.4241193e-01  -2.2182293e-01   2.8960667e-01   4.8902287e-03   7.4254202e-01  -6.3061243e-02   5.2384743e-01  -2.5778702e-01  -9.9652244e-02   6.0440230e-01  -2.0381792e-01   1.1193816e-01  -8.9767189e-02   1.1705949e-01  -3.7640982e-01  -7.1800551e-02  -1.6299823e-01   5.7124484e-02  -3.4375981e-01   3.8829493e-03  -1.2526829e-01   2.2051097e-01   8.7301672e-02  -9.9349596e-03  -1.8484629e-01  -4.3363798e-01   3.4887439e-01   1.8396246e-01   8.1937399e-01   7.3440648e-02  -3.0118674e-01   1.5319765e-01  -1.8737276e-01   3.9107786e-01   3.2221606e-01   6.8528070e-01  -2.0339780e-01  -1.2536855e-01  -1.8726892e-01   6.1298341e-01   1.7936704e-01   1.6206153e-01   1.3345835e-01  -8.8126302e-02  -1.2116824e-02  -1.9799128e-01  -4.4077448e-01  -1.4896502e-01  -4.9702583e-01   8.2733868e-02   6.4175540e-02   1.0192625e-01  -6.7641221e-02   3.6465449e-01   6.2428046e-01   6.9090706e-01  -9.4954702e-02   2.2243629e-01   3.1681754e-01  -1.0360776e-01  -3.4341060e-01  -3.5680696e-01  -1.8094625e-01  -1.9210418e-01  -4.3849118e-01   5.7534868e-01  -1.1647404e-01   6.0822720e-01  -3.5826615e-01  -3.9917848e-01   4.9077652e-01   5.4293083e-01   4.1583610e-02   2.8519134e-01   2.7333353e-01  -2.2165106e-02   1.1119240e-01  -4.4178677e-01  -1.1839133e-01  -1.5532045e-01  -2.0231308e-01  -7.5606464e-02   8.3296978e-02   4.0461363e-01  -1.5213775e-01  -5.5827776e-02   3.8987738e-01   4.7765267e-02   2.9748752e-01   1.7212833e-01  -1.6649601e-01  -1.5888302e-01
  -3.6468080e-01   0.0000000e+00   3.8915190e-01  -4.1165469e-01   5.8637257e-01  -4.6366305e-01   1.6437331e-01  -1.7944553e-01   6.6470371e-01   3.8112415e-01  -5.8495680e-01   8.5690551e-01   1.8021787e-01  -2.0574574e-01  -2.9537900e-01  -3.5748912e-02   5.2058334e-01  -3.1950286e-01   4.8114369e-02   4.4715561e-01   2.7631873e-01  -4.6476300e-01  -1.5562537e-01  -4.7798153e-01  -1.3497934e-01  -8.2525159e-02   2.4776569e-01  -6.2775684e-01   6.9615081e-02  -1.8225091e-01   3.3784762e-01  -3.4974569e-01  -3.7534928e-01   2.2596920e-01   5.8515945e-01   1.3381937e-01   3.4498999e-01  -3.8741498e-01  -1.0531940e-02   5.8379764e-01   2.3177579e-01  -4.2967483e-01   7.1096361e-01  -1.6551761e-01  -2.5966797e-01  -2.2490849e-01  -6.3468158e-01   3.6318602e-01   4.1797953e-02   7.3429180e-01  -3.5725216e-01  -2.7904707e-01   7.9449111e-01  -6.3568487e-03  -1.0894668e-01  -6.7826325e-01   7.0767712e-02  -4.3218412e-01  -1.5401062e-01   1.6490900e-01  -2.2692572e-01   1.2835105e-01   5.9815833e-01   6.6571130e-01   3.9038858e-01   3.0810330e-01  -3.3864107e-01   3.9412680e-01  -6.0524569e-01  -2.6561893e-01   7.8222783e-01  -6.1585612e-01   5.2136888e-01  -2.0784991e-01   2.3663675e-03  -1.5964062e-01  -4.2795005e-01  -2.0851627e-01   6.7091348e-01  -1.8148250e-01  -6.3008929e-01   1.4681863e-01   6.4106918e-01  -7.6316419e-02   4.4130121e-03  -3.7179143e-01   6.3333699e-01  -4.6714418e-01   4.1460164e-01  -3.2796821e-01   5.7735731e-01  -1.3398854e-01   2.3000192e-01   1.8800376e-01  -4.8663991e-01   5.9043129e-01  -1.4893914e-01  -2.4714964e-01   1.6425261e-01   4.2988969e-01  -3.6970422e-02   8.5226673e-02  -2.5122883e-01   5.2054897e-01  -5.4830294e-01  -1.0482008e-01  -6.3081274e-02  -3.4648862e-01  -2.5751035e-01   1.4651854e-01   4.9089137e-01  -6.4551002e-01  -2.2945026e-01  -3.7060587e-01  -3.7710136e-01   7.5380622e-01  -4.8060904e-01   4.6000428e-01  -3.1659888e-01  -5.7671896e-01  -3.9095949e-01   5.6160012e-01   4.9618226e-01   5.9785478e-01  -2.9742138e-01   6.1991471e-02  -3.8101899e-01   5.5508804e-02  -2.9307273e-01   1.3062381e-01   4.4665562e-01   2.9351425e-01   7.5304581e-01   1.0171649e-01   1.2953197e-01  -1.8050888e-01  -8.4444222e-02  -3.0977625e-01  -2.3542817e-01  -3.9284608e-01  -2.3301618e-01   8.1091720e-02  -5.3822606e-01  -2.9766052e-01  -3.1129791e-01  -1.1030595e-01   5.7054213e-01   4.4230259e-01  -9.6467444e-02   4.5304398e-01  -3.9872197e-01  -2.9997355e-01  -3.7424111e-01   4.9958660e-01   8.3474834e-01  -4.2068226e-01  -3.4792928e-01  -9.0211125e-02   1.7531345e-01  -6.7965875e-01   3.0311118e-01  -4.7670166e-01   4.9692214e-01  -3.6542513e-01  -1.7036174e-01   6.4072536e-01   2.1116304e-01  -2.3349846e-01  -2.8591874e-01   6.5134045e-01   5.1663791e-01  -4.6505526e-01  -2.6629258e-02  -1.6012567e-01  -1.2749881e-01  -1.0242980e-02  -1.7115390e-01
  -7.5517369e-02   3.8915190e-01   0.0000000e+00  -1.4222101e-01   3.0898724e-01   1.0908541e-01   1.0448826e-01  -1.9467597e-01   7.5239859e-02   1.1480312e-01  -3.2745071e-01   5.4388086e-01   1.7893729e-01  -1.1860796e-01  -2.0900744e-02   1.7347226e-01   8.4301385e-01  -1.4229364e-01   1.0593267e-01   3.3751152e-01  -2.5802783e-01  -2.0716939e-02  -1.0953601e-01  -1.6925645e-01   1.6444135e-01  -1.7854919e-01   3.8003443e-01  -2.7400591e-01   3.6195391e-02  -1.6092667e-01  -1.4979287e-01  -2.8474765e-02  -9.8949307e-02  -7.1334970e-02   1.7662494e-01   8.2158555e-03  -1.3269400e-01  -1.9934693e-01  -6.5448765e-02   5.4602067e-01   2.4347349e-02   6.6239915e-02   2.8794390e-01  -1.7549567e-01  -2.3325293e-01   1.1541677e-01  -2.6419200e-01  -1.4522668e-01  -4.1779094e-02   6.1416669e-01  -1.6437641e-01  -1.8240035e-01   1.0904544e-01   2.1741583e-01  -1.3340712e-01  -2.3374941e-01   7.3681542e-02  -7.6689623e-02  -2.4185742e-01   3.1589347e-01   1.1518004e-01   1.1835355e-01   2.6653904e-01  -6.6178192e-02  -2.7195789e-01   4.5133408e-02   1.0479198e-01  -4.7674444e-02  -2.1726963e-01   4.3517089e-01   3.5124310e-01  -1.3810006e-01   4.6880745e-03   3.9370220e-02   2.6223210e-01  -4.4490830e-02  -6.9374636e-02   4.0627029e-02   1.9634218e-01  -8.1535722e-02  -2.5671054e-01  -4.8194145e-02   1.0950051e-01  -3.0222731e-02   2.7715702e-01  -9.4535075e-02  -2.7773762e-02  -1.4783077e-01   1.1426363e-01  -1.7535419e-01   1.9430546e-01   3.7223600e-01   2.1519773e-01   2.6344255e-02  -2.4404327e-01   3.7558113e-01  -8.6347199e-04  -4.6990731e-02   1.2202911e-01  -3.9093059e-04  -2.4222623e-02   8.1000517e-02  -1.5465134e-01   9.9308953e-02  -2.8044519e-01  -3.2666984e-02   1.3508543e-01  -1.2346857e-01  -1.7123814e-01  -1.2576514e-01   1.3187845e-01  -1.2642635e-01  -1.1171470e-01  -1.0203478e-01   1.1166398e-01   6.7917914e-02  -2.7499977e-01   1.2944046e-01   7.6547640e-03  -2.1928473e-01  -9.7041547e-02   4.5558684e-01   3.9996211e-01   1.6360629e-03  -1.1760327e-01   1.8710604e-01   1.2536308e-01   5.7612778e-02  -1.7389363e-01   6.3706897e-01   2.1515174e-01  -1.4619882e-01   4.0083226e-01  -2.1472711e-01   1.9327384e-01  -8.4760343e-02  -4.5846577e-02  -9.2931179e-02  -7.3708650e-02  -3.0915234e-01  -1.1338762e-02   1.1743068e-01  -1.0927131e-01   2.9423066e-01  -1.2312254e-01  -1.9001276e-01   4.9942640e-01   8.5033915e-02  -9.6605445e-02  -2.0887330e-01   5.1357805e-02  -3.0096867e-01   1.1337646e-01  -1.2545724e-01   5.8849705e-01  -2.3928395e-01  -1.0309706e-01  -1.2675148e-01   3.4292392e-01  -2.6189994e-01   9.5264254e-02  -2.3853679e-01   9.1655724e-02  -2.9815897e-01  -1.4898848e-01   1.8616290e-01   6.0692488e-03  -1.5160312e-01   3.9624499e-02   2.0327981e-01   2.3860919e-01  -1.5250944e-01  -2.8581415e-01   2.3928729e-01   8.7930443e-02   2.3304031e-01  -1.2613680e-01
   3.5219782e-02  -4.1165469e-01  -1.4222101e-01   0.0000000e+00  -4.6989447e-01   4.9653274e-01   1.0656231e-01   1.7399505e-01  -2.3960657e-01  -4.7030373e-01   2.8227402e-01  -4.7229798e-01   2.3665806e-02   4.0020775e-01   1.2320542e-01   7.6594662e-02  -2.1563637e-01   2.7638623e-01   2.7005723e-02  -3.4518708e-01  -2.3349102e-01   5.4324912e-01   7.4079409e-02   1.9483456e-01  -3.8450111e-03   1.6168315e-01  -6.6837955e-02   3.9924521e-01   3.3366605e-02   4.6804097e-01  -1.6486797e-01   5.4518189e-01   1.6941375e-01  -2.4554631e-01  -3.1041885e-01  -2.1971151e-01  -1.4205319e-01   2.3128359e-01   1.1501134e-02  -3.2511945e-01   4.2335842e-02   1.1954683e-01  -4.3557136e-01   2.4394533e-01  -2.4669515e-03  -4.6109939e-02   3.5587224e-01   9.7659082e-03  -1.0122416e-01  -3.9192212e-01   3.4998260e-01   2.1491221e-01  -4.4423904e-01  -1.4517116e-01   2.2445317e-01   3.7330929e-01   1.5480490e-01   4.3708608e-01   5.9531767e-01   6.4181874e-02  -8.3532546e-02  -1.7651916e-01  -2.8548044e-01  -3.7535196e-01  -3.0005482e-01  -4.1476769e-01   3.3435928e-01  -1.4218889e-01   4.6583861e-01   8.4279556e-02  -3.5882721e-01   6.1617837e-01  -2.7934616e-01   7.8442611e-02  -4.7736834e-02   1.8137257e-01   1.3357403e-01   1.8974633e-01  -5.9577846e-01   2.8482649e-01   4.8371915e-01  -2.5195493e-01  -4.0005226e-01   1.3519947e-01   1.0198657e-01   1.9908421e-01  -3.7619092e-01   3.4136164e-01  -2.0937142e-01   1.7093701e-01  -4.0851319e-01  -8.8554773e-02  -1.7587307e-01   2.6104546e-02   1.7504420e-01  -4.5530992e-01   9.2327349e-02   2.4216958e-01  -7.3903852e-03  -4.9784060e-01   2.5838887e-02  -1.1026661e-01   3.9492638e-01  -2.0972764e-01   5.6902520e-01   5.5537258e-01  -1.2352663e-01   5.3915742e-01   2.1311674e-01  -9.0542600e-02  -4.2912640e-01   5.7082681e-01   4.8850781e-01   2.0520996e-01   3.2572309e-01  -5.2793666e-01   4.1125337e-01  -3.2964810e-01   3.5212815e-01   5.7624009e-01   1.0693487e-01  -3.6385600e-01  -4.5725981e-01  -4.2369749e-01   4.6652259e-02   2.9823305e-02   2.1320564e-01  -1.5701485e-01   5.8931968e-01   1.0468468e-01  -3.1036107e-01  -2.5375359e-01  -2.1908342e-01  -1.6985818e-02   7.8650060e-02   1.2479477e-01  -4.9450949e-02   4.6582014e-01   5.4475516e-02   3.8356219e-01   6.2950570e-02   5.9595425e-02   5.3611907e-01   2.8981430e-01  -5.1476911e-02   3.0696390e-01  -3.7353827e-01  -2.3068509e-01   2.0546600e-01  -3.2531237e-01   9.5057630e-02   4.2066342e-01   1.7439587e-01  -5.4035321e-01  -3.1718546e-01   3.4382734e-01   7.6381046e-04   3.0716874e-01  -2.3698421e-01   5.2691412e-01  -2.7676678e-01   4.6823694e-01  -4.5166103e-01   5.4877831e-01   3.8837917e-01  -4.9803506e-01  -3.5264525e-01   3.3306059e-01   1.3335894e-01  -4.8207498e-01  -4.1871865e-01   1.9432133e-01   5.3780124e-02   2.2349313e-01   1.0117273e-01   5.8022696e-02   4.7608097e-01
  -1.4198827e-01   5.8637257e-01   3.0898724e-01  -4.6989447e-01   0.0000000e+00  -2.7402062e-01  -1.4707027e-01  -1.7859840e-02   4.3520124e-01  -1.2914238e-04  -5.0462297e-01   5.9505326e-01   3.0507648e-01  -4.3295567e-01  -3.6909388e-01  -1.3720111e-01   4.8245593e-01  -2.4893922e-01   1.0810600e-01   8.0507718e-01   1.4873461e-02  -1.6310006e-01  -3.9734844e-01  -2.3133261e-01   1.9163072e-02   8.7044907e-02   4.2378975e-01  -6.8520871e-01  -2.0241109e-01  -4.5397436e-01  -1.6409344e-01  -2.0887302e-01  -2.9601588e-01   1.3056715e-01   4.6792738e-01   5.3353627e-01   2.4647417e-01  -3.3525020e-01  -2.4278188e-01   5.6058186e-01   2.1497060e-01  -1.3554299e-01   6.0804728e-01  -4.5465701e-01  -1.0004513e-01   4.8704137e-02  -2.1450326e-01  -1.2168286e-01   4.7855639e-01   6.5247008e-01  -3.9205159e-01  -1.5787901e-02   5.7787656e-01   2.5832460e-01  -1.4973556e-01  -6.1825957e-01   1.5047958e-01  -2.4774562e-01  -2.7386312e-01   4.2709469e-02  -2.7116252e-02   3.4524781e-01   5.6672697e-01   4.0779144e-01   1.4941920e-01   1.7923801e-01   2.0924558e-04   1.6805997e-01  -1.7678159e-01  -3.8000093e-02   4.2670680e-01  -4.5237602e-01   3.5113666e-01  -1.2465217e-01   1.2842740e-01  -1.8880839e-01  -2.0027829e-01  -1.2773093e-01   7.7713855e-01  -5.7778820e-02  -6.5866604e-01   4.0124443e-02   4.3641956e-01   8.0386588e-02  -1.9904292e-01  -2.5844901e-01   3.4123419e-01  -4.7937243e-01   1.1929234e-01  -8.0649695e-02   8.5828169e-01   2.0510732e-01   1.8688704e-01   4.4729375e-03  -1.9737488e-01   8.1180719e-01   1.5347036e-02  -8.8349764e-02   3.4491992e-01   2.3946848e-01  -3.5612884e-01   1.5020557e-01  -2.0882156e-01   3.2496406e-01  -5.1031519e-01  -3.5645113e-01   2.4569122e-01  -2.6494214e-01  -2.8891431e-01   2.7000769e-01   3.2167563e-01  -5.0511534e-01  -2.5513165e-01  -1.0671917e-01  -6.8818148e-01   7.6573697e-01  -3.1148971e-01   4.5237922e-01  -5.1322379e-01  -4.8225611e-01  -8.4485295e-02   8.2702296e-01   4.7057180e-01   5.4509644e-01   5.9317146e-02   1.5660900e-01  -1.9072351e-01   3.1930977e-01  -4.4871636e-01   4.2686688e-02   4.4973471e-01   5.2741522e-02   3.3369993e-01  -2.8847165e-01   1.4273917e-01  -1.8312960e-01   3.5198274e-02  -5.8096385e-01  -1.2100370e-01  -2.1717446e-01  -5.6248891e-02   1.5737904e-01  -4.7216408e-01  -5.0697144e-01  -4.3012238e-01  -4.6437702e-01   2.2637296e-01   5.8535471e-01  -2.2742416e-01   1.8560165e-01  -3.4303665e-01  -3.1879181e-01   7.6643222e-03   2.6789958e-01   4.4720952e-01  -2.1224583e-01  -6.8772917e-02  -1.9533358e-01   4.2742535e-01  -6.4653784e-01   1.7514209e-01  -4.9693641e-01   3.5821339e-01  -5.1035877e-01  -2.9840953e-01   7.0366131e-01   3.3298366e-01  -2.5988668e-01  -3.7586754e-02   8.1640127e-01   7.6573221e-01  -3.0142720e-01  -2.9925324e-02  -1.7915297e-01  -9.7657721e-02   1.6473931e-01  -1.4516648e-01
   2.0960152e-01  -4.6366305e-01   1.0908541e-01   4.9653274e-01  -2.7402062e-01   0.0000000e+00   3.1849298e-01  -3.7470279e-02  -4.3919433e-01  -3.9344117e-01   4.1261251e-01  -3.0393989e-01   1.4825016e-01   1.4481657e-01   3.5268278e-01   2.3246539e-01  -6.7797487e-02   3.3924537e-01   1.1846640e-01  -1.5319693e-01  -4.0583619e-01   4.6252590e-01   1.7052156e-01   3.1557274e-01  -1.9826921e-02  -2.1837543e-02   2.8811055e-01   4.4251082e-01  -6.9051152e-03   3.7635601e-01  -3.3204861e-01   4.0192392e-01   1.7085772e-01  -3.5729946e-02  -2.1583050e-01   6.8565320e-02  -2.0343052e-01   2.1398365e-01  -3.1082830e-02  -1.0099211e-01   4.4194904e-02   2.5596286e-01  -5.1809959e-01   1.8396325e-01   1.8711213e-01   2.0583766e-01   5.9613632e-01  -1.6194060e-01  -9.3062333e-02  -3.1559405e-01   4.2075268e-01   6.0540104e-03  -5.4300177e-01  -1.0687406e-02  -8.5519722e-02   4.9998582e-01   1.1119114e-01   3.5583780e-01   3.1589850e-01   1.5971564e-01   5.7305703e-03   9.5593926e-02  -4.5740089e-01  -5.6178949e-01  -4.1640152e-01  -2.4308598e-01   8.1060802e-01  -2.0035953e-01   5.2148073e-01   5.3249710e-01  -4.4093615e-01   6.1669372e-01  -2.4434027e-01   1.7281286e-01  -3.5549810e-02   6.8614430e-02   2.1762768e-01   1.4199551e-01  -5.5704008e-01  -5.2312887e-02   5.0015446e-01  -2.7637728e-01  -5.0797545e-01   6.8183641e-02   1.4813262e-01   1.6246831e-01  -7.1944494e-01   3.4808444e-01  -3.5806238e-01   1.9521042e-01  -3.8169299e-01   1.1501264e-01   1.8259720e-01  -2.0845252e-02   1.9595051e-01  -4.7487075e-01   1.3912706e-01   3.0673197e-01   2.8025321e-02  -3.3842377e-01  -1.2676816e-01   2.1892941e-01   2.0817688e-01  -5.2510033e-01   4.7985627e-01   1.8773343e-01   5.0927077e-02   5.1762165e-01   3.1792603e-01   3.9630665e-02  -2.6600100e-01   6.8344441e-01   3.4052358e-01   2.2337061e-01   4.1694203e-01  -5.6091912e-01   2.0357822e-01  -1.5631224e-01   4.9102411e-01   4.5562061e-01   2.1770956e-01  -6.4118993e-02  -3.2987858e-01  -4.5749154e-01   1.1018675e-01   1.9042980e-01   5.6734349e-01  -2.0122552e-01   1.8830757e-01   3.7202384e-01  -1.8814196e-01  -1.8642840e-01  -4.8078338e-01  -2.8010701e-01   1.7544220e-02  -3.5106586e-02  -1.4666537e-01   3.8954737e-01   9.6199331e-02   3.2237539e-01   3.4726843e-01  -5.1233983e-02   3.6307508e-01   5.8400713e-01   2.4311152e-01   1.0102737e-01  -1.6499200e-01  -1.6242039e-01   4.1513461e-01  -5.4230232e-01   3.4984172e-01   1.7613547e-01   3.9445952e-01  -5.0643287e-01  -3.5467969e-01   3.5778289e-01   6.4589614e-02   2.9534171e-01  -7.5876388e-02   6.0696794e-01  -2.3394595e-01   2.4004232e-01  -4.7979900e-01   3.5570133e-01   1.2282343e-01  -3.5751786e-01  -4.8709969e-03   2.6250455e-01   2.3016297e-01  -4.5344725e-01  -1.9613252e-01   2.7503057e-01   1.6085903e-02   5.3055531e-01   1.5903241e-01  -5.2206270e-02   1.7383173e-01
  -2.7625567e-01   1.6437331e-01   1.0448826e-01   1.0656231e-01  -1.4707027e-01   3.1849298e-01   0.0000000e+00  -5.7225277e-02   9.0075967e-02   3.4203716e-01   2.7130744e-01   2.5807057e-01   2.0956682e-01  -7.2568381e-02   4.5825160e-01   2.4278185e-01  -1.0239422e-01   3.8926147e-01  -1.8123885e-02  -5.8002440e-02   3.5062262e-01  -3.0403893e-01   6.0411044e-01  -3.4805203e-01  -4.1786813e-01  -1.4315070e-01   2.9647238e-01   7.6718291e-02   3.1679288e-01   2.9512111e-01   3.8736737e-01  -1.4103849e-01  -2.5276471e-01   7.0354522e-01   2.4894652e-01   2.8259819e-01   1.9844756e-01   3.1605153e-02   2.1279287e-01   2.0626937e-01   2.3199832e-01  -3.6375106e-01   1.4031599e-01   3.4537206e-01   4.7683432e-01  -1.8722447e-01   2.6523773e-02   6.0145179e-01  -2.4864130e-01  -5.5745545e-02   4.6947832e-01  -1.8271353e-01   1.1087937e-01  -4.8497944e-01  -3.2912863e-01   3.8011265e-02  -1.7163533e-01  -1.9195168e-01   1.7488873e-01   1.3640475e-01  -2.4552250e-01   8.6705288e-02  -2.5094472e-01   8.8079131e-02   4.3853729e-02   5.2963209e-01   1.5215420e-01   3.0237729e-01  -2.5101495e-01  -2.4101204e-02   3.0090394e-01   1.6147753e-01   3.5497511e-01  -4.3582833e-01  -2.8203377e-01   3.3129969e-02  -1.7253504e-01  -1.4805452e-01  -1.4204250e-01  -3.6599959e-01   2.3056249e-01   1.3275537e-01  -1.1970853e-02  -3.0517602e-03  -2.1909011e-01  -5.1804274e-02  -7.6021914e-02  -1.5497923e-01  -6.0992429e-02  -3.1085036e-01  -3.0200350e-01  -3.4306567e-01   5.5491610e-01   2.4100668e-01  -2.0774890e-01  -2.2999900e-01  -1.9287123e-01  -9.9716795e-03   1.5984289e-01   3.7463467e-01  -1.4215674e-01   5.7900613e-01  -6.7536551e-03  -1.7686207e-01   1.3207036e-01   5.3610114e-02  -4.4360931e-01   1.7414804e-01   4.6443531e-01   2.6325594e-01   4.7973502e-01   3.9273492e-02  -1.7063746e-02  -3.4415997e-01   1.9011407e-01  -2.6728390e-02  -2.8033156e-01   1.9262534e-01   1.1166908e-01  -9.0871974e-03  -3.2514083e-01   2.4487164e-01  -1.0511516e-01  -1.6270259e-01  -3.6835744e-01   1.0428347e-01   7.9290653e-02  -5.1416973e-01   7.8050013e-03   2.2931859e-01   8.9759068e-02   6.4920201e-01  -1.9904537e-01   2.0064300e-01  -1.4440576e-02  -1.7614664e-02  -4.3731312e-01   3.4937546e-01   1.3592828e-02  -3.1874917e-02  -1.4657632e-01  -7.6720400e-02  -9.8825338e-02   3.6657946e-01   4.6994425e-01   1.6014288e-01   4.5993101e-01   2.0670358e-01   8.3706462e-01  -3.1623111e-02  -2.2799301e-01   1.6492216e-01  -3.5398564e-01   1.0381680e-01   1.4106100e-01  -8.8735984e-03  -3.8062553e-01   2.1114960e-01  -2.9651696e-01   2.4244474e-01  -1.6683758e-01   1.0209097e-02   1.5384713e-01   1.3034555e-01  -5.0322956e-02   1.8051681e-01   2.3463418e-01  -1.7487146e-01  -3.6666151e-01  -1.9629465e-01   9.4935261e-02  -1.1551379e-01   2.9928800e-01  -8.2800855e-02  -1.5960296e-01  -2.2719261e-01  -6.1972900e-02
   2.0474995e-01  -1.7944553e-01  -1.9467597e-01   1.7399505e-01  -1.7859840e-02  -3.7470279e-02  -5.7225277e-02   0.0000000e+00   6.0374041e-03  -1.4421294e-01   2.5652259e-01  -1.8187295e-01   1.9140164e-01  -2.5866066e-01   2.5019812e-02  -1.8331183e-01  -2.1198976e-01  -5.1025570e-02   1.2096264e-01  -1.3500026e-01  -3.1640576e-02   2.3261710e-01   6.3207031e-02  -2.0981260e-02  -1.5056198e-01   7.1636460e-01  -1.4053311e-01   2.0271828e-01  -1.2003622e-01  -1.1196500e-02  -8.8264175e-02   2.2432674e-01  -1.9462306e-01   1.1101947e-01  -1.0525827e-01   1.3473468e-01   4.9229733e-02  -1.6146569e-02  -1.0055240e-01  -2.4432257e-01   7.5606007e-02  -4.1793556e-02   4.4726648e-02   1.5762982e-01   1.4430704e-01   1.4075738e-01   2.5356591e-01  -4.1282848e-02   1.4285713e-01  -2.4008790e-01   1.3429918e-01   8.6352521e-01  -1.5552030e-02  -2.3576145e-02  -8.9561550e-02   1.5498058e-01   2.9895482e-01   1.9100453e-01   2.3946073e-01  -1.2103609e-01   1.7542845e-01   1.4574965e-01   1.4126655e-01   2.2273320e-02   7.1698794e-03  -5.6113689e-02   2.4421072e-01   2.3547520e-02   2.5387639e-01  -2.2787314e-01  -1.3427280e-01   2.5501260e-01  -9.4725457e-03   1.2705011e-02   3.3586225e-01   3.5175378e-01   1.7839824e-01   3.5764410e-01   5.8134574e-02   1.5934009e-01   2.3857934e-01  -9.3849937e-02  -5.1858143e-02   7.0313981e-01  -3.1640550e-01   4.2039117e-01   5.3050197e-04  -8.5543688e-02  -3.8237709e-02   5.3225536e-02  -2.9663022e-02   1.6019510e-01  -8.5639388e-02   1.2750222e-01   2.5648893e-01  -7.0515389e-02   1.3729588e-01   3.8413377e-01   1.9944200e-01  -2.5244843e-02  -2.0611557e-01  -1.0738343e-01   4.2248468e-01  -1.6043096e-01   1.3761762e-01   2.5700670e-01  -1.0043797e-01   5.3313461e-01   1.4944368e-01   6.3586452e-02  -7.3452478e-02   1.2012278e-01   1.2306862e-01   6.9030491e-02  -2.1696446e-01  -6.9394518e-04   2.8401688e-01   1.6326906e-01   4.1425063e-02   1.8977355e-01   1.3497015e-01  -1.1548563e-01  -1.5314764e-01  -1.8168297e-02   1.4382731e-01  -7.1463759e-02  -2.1959283e-01   9.2621562e-02   3.1890847e-01  -3.8586687e-01  -7.3277982e-02   2.9120460e-02  -2.0276173e-01  -6.0217667e-02   2.3940044e-01   6.4880339e-01   1.6349011e-01   8.1509277e-02   6.0885718e-01   2.9378230e-01   1.4079856e-01  -1.4732359e-01   3.5400338e-01  -1.0051634e-01   1.0702786e-03  -9.6730990e-02  -2.4871740e-01  -5.6009931e-02   4.8873234e-02  -8.0550691e-02  -1.6226400e-01   5.6896743e-01   3.7945190e-02  -1.1951612e-01  -2.0900536e-01   1.7261532e-01   2.3181397e-01   1.1655179e-01   7.0413010e-02   2.2179878e-01   1.0410695e-01   3.4761177e-01  -1.2737251e-01   6.9150107e-02   3.4778025e-01  -1.3610640e-01  -5.1310281e-02   2.5279330e-01  -1.1727333e-01   4.7476102e-02  -3.4296490e-02  -2.1972089e-02   1.7344345e-01  -1.1400954e-01  -1.3360276e-01   3.9862100e-03   3.3136869e-01
  -3.1609226e-01   6.6470371e-01   7.5239859e-02  -2.3960657e-01   4.3520124e-01  -4.3919433e-01   9.0075967e-02   6.0374041e-03   0.0000000e+00   2.3421236e-01  -2.6479713e-01   4.3545868e-01   2.0397687e-01  -2.1130199e-01  -2.8047572e-01  -2.4886681e-01   2.0708772e-01  -9.4342012e-02   1.9324952e-01   3.7121180e-01   3.4487990e-01  -2.2662833e-01  -9.1329137e-02  -4.7106336e-01  -1.4863147e-01   1.0164990e-01   8.9172470e-02  -4.8026538e-01   2.6924180e-02  -3.5032384e-03   3.5891062e-01  -1.3810141e-01  -4.6142380e-01   1.8139194e-01   6.4617102e-01   1.5152260e-01   3.0874781e-01  -4.3085957e-01  -2.6831887e-01   2.2341432e-01   2.0976530e-01  -4.8534369e-01   6.0425542e-01  -1.3849664e-01  -6.1968630e-02  -1.6518975e-01  -3.1489684e-01   3.5822246e-01   4.3076172e-02   3.9061833e-01  -9.4799429e-02  -6.1617103e-02   5.9095987e-01  -2.1687776e-01  -1.5233047e-01  -5.1683815e-01   1.4317945e-01  -1.7001804e-01  -1.5611446e-02   2.9694586e-01  -2.9380085e-01  -8.1349418e-02   5.2829085e-01   6.4687690e-01   4.7689182e-01   2.1323068e-01  -3.6190531e-01   3.7009346e-01  -3.0101617e-01  -3.9297666e-01   4.6604066e-01  -3.5909679e-01   3.3357859e-01  -2.5218552e-01  -3.4549845e-02  -2.1938155e-03  -3.7427398e-01  -1.8751925e-02   4.7645871e-01  -1.7014842e-01  -3.7860405e-01   6.5639695e-02   4.2753163e-01   1.3298595e-01  -3.8383877e-01  -1.8693716e-01   6.9380675e-01  -3.6626321e-01   3.3162076e-01  -2.7034171e-01   5.0423411e-01  -1.6747112e-01   2.9112039e-02   5.3846594e-01  -3.9164404e-01   4.2344530e-01  -1.9974946e-01  -1.1991920e-01   6.2403183e-02   3.7119201e-01  -1.9363021e-01   1.9181521e-01  -2.0258419e-01   7.3387836e-01  -1.7749580e-01   7.4258010e-02  -2.7224241e-01  -1.3451922e-01  -3.2834836e-01   1.4423584e-01   2.4390918e-01  -4.5360049e-01  -1.5419653e-01  -3.3916350e-01  -4.6425707e-01   5.9942826e-01  -2.1096654e-01   3.4038755e-01  -4.3839598e-01  -5.1451830e-01  -3.1991462e-01   4.2238175e-01   3.5652744e-01   6.7080263e-01  -1.7530937e-01   4.7007346e-02  -2.5367431e-01  -7.2934992e-02  -2.0642528e-02  -1.4005701e-01   3.1239807e-01   2.7578102e-01   4.6947298e-01   5.1094027e-02   2.0283717e-01   4.3489142e-02  -7.4992899e-02  -2.0210564e-01  -1.3925680e-01  -3.1430130e-01  -2.5101336e-01   4.4750963e-02  -3.2256019e-01  -5.0285942e-01  -2.2103065e-01   4.4140642e-02   1.4943073e-01   2.7702651e-01  -4.4425544e-02   4.3682023e-01  -5.3383225e-01  -6.6009433e-02  -3.9594069e-01   3.9132783e-01   3.5574685e-01  -2.6869594e-01  -1.1522172e-01  -1.4041758e-02  -3.8417433e-02  -4.6183050e-01   2.5312941e-01  -1.4513492e-01   3.4586167e-01  -6.8942813e-02   9.3123317e-02   4.7446148e-01   1.9542049e-01  -1.3085754e-01  -2.9542836e-01   3.6827715e-01   3.7014571e-01  -4.0801362e-01   1.2051894e-01  -4.8588877e-01  -1.2454993e-01  -1.6464157e-02   8.9252073e-02
  -4.7541506e-01   3.8112415e-01   1.1480312e-01  -4.7030373e-01  -1.2914238e-04  -3.9344117e-01   3.4203716e-01  -1.4421294e-01   2.3421236e-01   0.0000000e+00  -6.3658860e-02   4.1511054e-01   1.0761539e-01  -1.5108614e-01   2.8568088e-01   2.1634703e-01   1.4142550e-02   5.5094084e-02   1.1148665e-01   4.3762340e-02   6.2692136e-01  -5.6732380e-01   4.3888236e-01  -5.9825689e-01  -1.6988360e-01  -1.1018665e-01  -6.4669948e-02  -1.9045288e-01   1.3635757e-01  -9.5233947e-02   6.5550087e-01  -4.5844101e-01  -1.3291206e-01   5.0222866e-01   7.0337126e-02   6.6841715e-02   3.4111242e-01  -1.4056582e-01   4.2399771e-01   2.7142767e-01   8.9274605e-02  -3.3838690e-01   2.9306427e-01   2.4531952e-01   2.3294869e-01  -3.6780949e-01  -4.0116170e-01   4.4634595e-01  -1.5322076e-01   2.2543103e-01   1.2971285e-01  -2.5588312e-01   4.4040595e-01  -1.3953682e-01  -1.0858846e-01  -1.3481857e-01  -1.7442414e-01  -4.5840404e-01  -1.6093124e-01  -6.6337642e-02  -2.4564317e-01  -1.1148968e-01   6.0893830e-02   3.0788203e-01   3.1999757e-01   7.8470781e-01  -4.0486568e-01   1.7243065e-01  -6.6401808e-01  -3.4785097e-01   5.1203418e-01  -4.3838927e-01   4.3118674e-01  -4.7726232e-01  -8.5915216e-03  -1.0898356e-01  -3.0235269e-01  -2.1646808e-01   2.1203805e-01  -3.0911190e-01  -1.9194857e-01   3.8439102e-01   5.2814229e-01  -6.2737838e-02  -1.4261354e-01  -3.3523016e-01   3.2922024e-01  -2.7206467e-01  -8.4779344e-02  -5.7042117e-01  -9.3569164e-03  -3.8560219e-01   3.9388165e-01   5.0210876e-02  -4.2419079e-01   1.4284901e-01  -2.8701439e-01  -1.2901688e-01  -1.7638963e-01   7.2375066e-01   2.5110471e-01   1.8955267e-01  -2.8259882e-01   2.0465018e-01  -3.2600021e-01  -1.0018757e-01  -2.3654199e-01  -3.0026742e-01   1.7747809e-01   1.1306224e-01   6.6940343e-01  -5.5417480e-01  -4.0828937e-01  -6.1951992e-01   1.4674045e-01   2.5761713e-01  -3.5860990e-01   3.4953012e-01  -2.7531433e-01  -4.4078231e-01  -5.7258905e-01   1.4512024e-01   1.0009894e-01   2.3828421e-01  -4.9523258e-01  -2.7668580e-01  -1.7802708e-01  -1.6526020e-01  -2.1299161e-01   5.7651536e-02   1.9744098e-01   6.9369123e-01   1.2242775e-01   5.7248779e-01  -1.7298729e-01  -1.1469885e-01  -1.1582722e-01   8.1747189e-03  -3.3962166e-01  -5.2092402e-01  -4.5166789e-01   1.0888566e-01  -4.6403762e-01   1.0566688e-02   4.6640449e-01   1.6375479e-01   6.4457579e-01   1.8062078e-01   2.5412815e-01   5.0311845e-01  -2.6418789e-01  -1.3207792e-02  -5.7143881e-01   5.4983677e-01   4.3267758e-01  -4.8224159e-01  -3.8546879e-01  -5.1516706e-02  -1.9223720e-01  -2.9811843e-01   1.5030062e-01  -3.0102041e-01   6.4496182e-01  -1.5816324e-01  -5.7904214e-02   2.1785732e-01   2.2525330e-01  -2.6137714e-01  -4.6871592e-01   1.5074549e-01   8.3813790e-02  -2.7623979e-01  -6.7405970e-03  -3.2028995e-01  -1.4245877e-01  -8.0823920e-02  -1.8198853e-01
   6.8683186e-02  -5.8495680e-01  -3.2745071e-01   2.8227402e-01  -5.0462297e-01   4.1261251e-01   2.7130744e-01   2.5652259e-01  -2.6479713e-01  -6.3658860e-02   0.0000000e+00  -5.5357164e-01   1.4461737e-01  -1.8141340e-02   3.7229369e-01  -8.3071136e-02  -4.6986010e-01   5.5328664e-01  -7.5405380e-03  -4.1690046e-01   1.6644193e-02   1.6470098e-01   3.1807761e-01   3.7876540e-03  -3.3564842e-01   6.8104176e-02  -2.5178794e-01   5.6953522e-01  -1.5182606e-01   3.6346800e-01   1.1198240e-01   1.5112908e-01   1.3243493e-01   2.1600238e-01  -2.5678573e-01   1.0844954e-01  -8.4885859e-02   3.4166266e-01   1.3211350e-01  -5.0978688e-01  -3.4216658e-02   1.9881677e-01  -5.2224007e-01   5.0622938e-01   5.6107254e-01   5.6902692e-02   7.0949628e-01   9.2451886e-02  -2.0831539e-01  -6.9098007e-01   5.8349585e-01   2.4517538e-01  -3.8150781e-01  -3.5773526e-01   2.5432972e-03   5.4971667e-01  -1.0341409e-01   3.5051660e-01   2.3518959e-01  -6.3735735e-02   2.4649558e-01  -3.7200976e-02  -5.4516635e-01  -2.3087306e-01  -2.8782805e-02   2.7845935e-02   2.2207972e-01  -1.6753744e-01   4.1958273e-01  -1.4494484e-02  -4.5634762e-01   6.0506115e-01  -1.2623121e-01  -1.0309314e-01  -1.2530765e-01   8.9088378e-02   3.7298695e-01   1.8830523e-01  -5.3994391e-01  -4.1660617e-02   5.5209243e-01  -4.4692140e-02  -2.9846060e-01   1.7804134e-01  -2.5739597e-01   1.2068313e-01  -3.5359499e-01   1.8911379e-01  -4.0186966e-01   3.2442414e-02  -5.8785879e-01  -4.4339450e-03   9.4940677e-02   8.5797095e-02   3.3233396e-01  -5.6366758e-01  -1.3506251e-01   2.3034383e-01   4.0696402e-02  -1.4575938e-01   4.1098366e-02   1.9218152e-01   1.1754867e-01  -2.7687319e-01   5.5289469e-01   2.6332828e-01  -3.4095500e-01   4.1995580e-01   3.2604533e-01   1.5606296e-01  -1.8657411e-01   4.4383798e-01   1.9186220e-01   3.3122577e-02   2.9354252e-01  -4.8980617e-01   2.6073963e-01  -2.1870159e-01   3.4929163e-01   4.4841130e-01   1.7746277e-01  -3.0910019e-01  -5.1140102e-01  -3.3332502e-01   6.8003635e-02  -1.5082957e-01   2.6336108e-01  -2.5461508e-01   3.5798250e-01  -2.1913752e-01  -2.8574263e-01   2.2360816e-01  -5.4455222e-01   1.0744109e-01  -9.5714819e-02   1.9085235e-01  -9.9757605e-02   4.1189202e-01   1.6197557e-01   1.9449723e-01  -2.9005651e-02  -4.0025918e-02   4.3544779e-01   2.5871272e-01   4.2639054e-01   2.4302332e-01  -3.5456668e-01  -3.0505654e-01   4.8602354e-01  -2.0458928e-01   1.7926992e-02   3.9652368e-01   9.4299732e-02  -6.9536345e-02  -5.6070653e-01   3.0284863e-01   7.8978937e-02   2.1783555e-01  -1.8536267e-01   6.0768878e-01  -3.9913937e-01   6.4481158e-01  -3.3641130e-01   6.1707115e-01   1.5371025e-01  -4.4752928e-01   1.2068569e-01   2.5672836e-01  -2.3737973e-02  -5.8313972e-01  -4.2889262e-01   3.3555028e-01   4.0285399e-01  -1.4612156e-04  -2.5805905e-01   7.1777461e-02   1.8416061e-01
  -2.9768125e-01   8.5690551e-01   5.4388086e-01  -4.7229798e-01   5.9505326e-01  -3.0393989e-01   2.5807057e-01  -1.8187295e-01   4.3545868e-01   4.1511054e-01  -5.5357164e-01   0.0000000e+00   2.0821577e-01  -2.8870227e-01  -8.8780975e-02   9.5797747e-02   5.7199701e-01  -3.3325641e-01   1.6108224e-02   5.1342909e-01   8.7978065e-02  -4.1067085e-01  -1.1251203e-01  -4.3460741e-01  -6.3093666e-02  -1.2706918e-01   3.2976836e-01  -5.8281900e-01   1.3354225e-01  -2.9942613e-01   1.7829691e-01  -3.9688218e-01  -3.4743131e-01   2.8066346e-01   5.0767525e-01   2.4338827e-01   2.4444012e-01  -3.4867069e-01   2.7550133e-02   6.4966264e-01   2.2558953e-01  -3.6409880e-01   7.1028677e-01  -2.3900278e-01  -1.4085499e-01  -1.4688264e-01  -5.3824732e-01   1.7328239e-01   7.1938420e-02   7.5344083e-01  -3.2093353e-01  -3.0239283e-01   6.3548465e-01   1.1228249e-01  -2.7113114e-01  -5.7078352e-01   1.1833345e-02  -4.0179653e-01  -2.8556215e-01   2.7594079e-01  -1.5500851e-01   2.0770698e-01   5.1979575e-01   4.1300899e-01   1.5613664e-01   3.2912904e-01  -1.8717964e-01   3.8771324e-01  -6.2197719e-01  -8.0525195e-02   6.7340901e-01  -5.2615429e-01   4.8430465e-01  -1.1542872e-01   1.3102234e-01  -2.1237043e-01  -3.5984343e-01  -1.8663455e-01   6.5380054e-01  -2.1845036e-01  -5.2340660e-01   1.7223490e-01   5.1085626e-01  -4.1795636e-03   1.2839476e-02  -3.2040840e-01   4.0410726e-01  -4.3970031e-01   3.2718697e-01  -3.6551341e-01   5.2020482e-01  -1.3233450e-03   4.2607824e-01   1.1279505e-01  -4.6095302e-01   6.4992655e-01  -1.0439872e-01  -2.4476426e-01   1.9897589e-01   4.5517033e-01  -1.2230261e-01   2.5286587e-01  -2.9261056e-01   3.1962675e-01  -5.6662957e-01  -2.5177162e-01   2.9014613e-02  -3.3163554e-01  -1.2708634e-01   1.0071381e-01   5.9455251e-01  -5.4260702e-01  -2.5320771e-01  -3.7243760e-01  -3.0190383e-01   6.2640709e-01  -4.9945050e-01   5.1803464e-01  -3.5570315e-01  -5.3747505e-01  -4.1294284e-01   6.8273108e-01   6.0567004e-01   3.9831245e-01  -2.8698775e-01   2.6701013e-01  -2.6817898e-01   9.4229700e-02  -4.4462543e-01   2.2547948e-01   4.4278074e-01   2.5170562e-01   6.3572615e-01  -4.2703557e-02   1.2863295e-01  -2.0897880e-01  -7.9174719e-03  -3.4327244e-01  -1.9452633e-01  -3.9837642e-01  -2.5502730e-01   1.0633655e-01  -5.5881748e-01  -1.8169991e-01  -1.5318747e-01  -2.8731385e-01   6.9126625e-01   3.8677089e-01  -4.5613644e-02   2.1345286e-01  -2.9090092e-01  -3.5962314e-01  -3.0835774e-01   3.8136339e-01   8.3217420e-01  -4.3142619e-01  -3.4403158e-01  -1.1986504e-01   2.2784203e-01  -5.7248803e-01   3.8178467e-01  -5.5540592e-01   3.9647292e-01  -5.2948035e-01  -2.1514300e-01   6.7130499e-01   2.4931310e-01  -3.1751183e-01  -2.8250780e-01   6.3430310e-01   6.0611218e-01  -4.5447018e-01  -1.2049534e-01  -3.1585684e-02  -7.6895977e-02   1.8086517e-02  -2.2304242e-01
  -1.4883507e-01   1.8021787e-01   1.7893729e-01   2.3665806e-02   3.0507648e-01   1.4825016e-01   2.0956682e-01   1.9140164e-01   2.0397687e-01   1.0761539e-01   1.4461737e-01   2.0821577e-01   0.0000000e+00  -1.9832508e-01   1.1946428e-01  -1.4470438e-01   1.8329819e-01   1.9432758e-01   2.0222019e-01   3.3250146e-01   5.0895246e-02   1.1374779e-02   1.6270334e-01  -2.7342366e-01  -1.9817650e-01   1.4382555e-01   2.4512038e-01  -1.3010412e-01  -2.8189848e-02   1.4617952e-01   3.6634651e-02   4.5823355e-02  -1.9274716e-01   2.8547418e-01   1.1263645e-01   3.4741129e-01   1.4587717e-01  -2.4791425e-01   3.5548256e-02   2.0299349e-01   6.0333726e-01  -1.1773015e-01   1.2904457e-01   1.8170468e-01   3.1003404e-01  -1.5309115e-02   3.0543118e-01   4.3038581e-02   9.5009109e-02   1.3629123e-01   2.5442158e-01   2.0316910e-01   1.7413375e-01  -6.7376523e-02  -1.7582441e-02  -3.2815515e-02   1.3873069e-01  -1.7163977e-02   2.4186151e-01   1.0739357e-01  -7.3408211e-03   1.7137739e-01   1.6219907e-01   1.4770438e-01   5.2154232e-02   1.6544137e-01   3.0710484e-01  -7.0169839e-02   1.0042594e-01  -8.2392437e-02   9.9388740e-02  -2.6020119e-02   2.7381626e-01  -2.8780787e-01  -9.7697129e-03   4.9890101e-02  -3.6053637e-02  -2.6084319e-02   2.3945173e-01  -1.3770427e-01   5.0661609e-02   2.5905130e-02   1.4521582e-01   1.5837291e-01  -2.1525388e-01  -5.1937196e-03   4.7627681e-02  -4.6768239e-02  -1.6657209e-01  -2.1219010e-01   2.5449516e-01   4.9467072e-03   3.3588334e-01   2.8249627e-01  -1.8577396e-01   2.4319621e-01  -1.9372020e-01   1.5654169e-01   1.1804489e-01   2.6290158e-01  -1.3356391e-01   2.6749725e-01   1.4184404e-02   1.0605468e-01   3.4870378e-02   1.3604214e-01  -7.7952175e-02   2.4784212e-01   6.4936259e-02   2.3500597e-01   1.8992907e-01  -4.5619303e-02  -1.3236525e-01  -2.5037442e-01  -1.1975122e-01   1.6190957e-01   2.4201837e-02   4.3693535e-01  -7.6113365e-03  -1.0465147e-01  -1.2125740e-01   3.7639084e-01  -9.3464864e-02   1.7301570e-01  -1.0294518e-01  -4.8725274e-02   1.9563837e-01  -3.5212632e-02   3.6101728e-02   4.8847529e-02   1.6237793e-01   1.9711592e-01   1.3255635e-02  -3.9503509e-02  -2.6895438e-02   7.5024746e-02  -1.7357385e-01  -6.0594405e-02   1.1701598e-01  -1.6783919e-01  -1.1349141e-01   4.0060182e-01   4.1218168e-02  -7.7602553e-02   1.2408742e-01   3.9935633e-02   1.1086422e-01   1.9183693e-01   2.1266493e-01   1.1782249e-01  -2.6418740e-01   6.5773978e-02  -1.1784020e-01  -2.0309806e-02   1.3626779e-01  -1.5254752e-01  -1.0480202e-01   3.1055102e-01  -3.3581099e-02  -4.1141968e-03   5.2288883e-02   1.2986269e-01   4.6328816e-02   1.4498505e-01   9.5258052e-02   2.7273680e-01   2.6968718e-01  -5.6310017e-02  -1.2812723e-01   2.3627937e-01   2.8237961e-01  -2.3246055e-01   8.8789264e-02  -1.2490819e-01  -1.5747465e-01   2.4357500e-01   1.7760629e-01
   4.4708567e-03  -2.0574574e-01  -1.1860796e-01   4.0020775e-01  -4.3295567e-01   1.4481657e-01  -7.2568381e-02  -2.5866066e-01  -2.1130199e-01  -1.5108614e-01  -1.8141340e-02  -2.8870227e-01  -1.9832508e-01   0.0000000e+00   5.3909254e-02   4.2934294e-02  -1.4377313e-01   3.9790282e-03  -1.9854782e-01  -3.4258263e-01  -9.5221268e-02   2.3140220e-01  -3.7791170e-02   3.0298366e-01   3.4348777e-01  -1.6831862e-01  -2.6543023e-01   3.6265368e-01   1.3348216e-01   4.0721062e-01   5.8490361e-02   1.8179964e-01   3.3677831e-01  -3.8000606e-01  -2.8142757e-01  -4.0448294e-01  -1.1031369e-01   6.1715460e-02   7.1284823e-02  -1.6653328e-01  -5.2902578e-02   1.8815749e-01  -2.7644699e-01   2.4944285e-01  -1.8233433e-01  -1.9651586e-01  -6.2788321e-02   1.9643968e-01  -4.2979455e-02  -1.3614662e-01   6.5630927e-02  -2.1376832e-01  -3.1860556e-01   1.0373279e-01   4.9581223e-01   1.9330792e-01  -1.5378037e-01   1.1946316e-01   1.3320530e-01  -1.7001728e-02  -1.7511969e-01  -2.0508808e-01  -1.1064983e-01  -2.8741132e-01  -8.0664262e-02  -3.6625231e-01   3.2056773e-03  -2.4051446e-01   1.2062831e-01  -3.8358734e-02  -2.2472274e-01   1.1533451e-01  -3.3515974e-01   1.6134658e-01  -4.6093648e-02  -1.2753876e-02  -1.4906937e-01  -1.2644270e-01  -4.1238611e-01   1.4407751e-01   3.5092313e-01  -1.6320483e-01  -9.0593947e-02  -3.5500784e-01   5.4581405e-01  -3.8210575e-03  -1.3132997e-01   5.9202001e-01   1.4020221e-01   6.7953518e-02  -2.9590237e-01  -2.2752704e-01  -2.2756728e-01  -4.7317563e-02  -7.9958717e-02  -3.5072941e-01   2.0399353e-02   4.9489120e-02  -3.3915626e-01  -1.4624064e-01   3.8449691e-01  -3.3328016e-01   2.9851287e-01  -3.4884345e-02   1.2041932e-01   2.1203105e-01   1.9346291e-01   8.1892977e-03   1.2196834e-01  -3.9530160e-01  -2.7692089e-01   2.1975803e-01   2.2295257e-01   1.1699543e-01   3.8042354e-01  -3.3774107e-01   4.6181305e-02  -2.8005413e-01   3.0706084e-01   2.9909478e-01  -6.1266738e-02  -4.5950562e-01  -1.6308407e-01  -2.2608278e-01  -1.2256707e-01   9.2046323e-02   1.6627123e-01  -5.9580378e-02   1.1402044e-01   4.7455872e-03  -3.3137185e-01  -1.8304264e-01   1.1137100e-01   1.8831233e-01   1.8763631e-02  -1.8116038e-01   1.1368413e-01   4.5825869e-01  -2.5335806e-01   4.1570864e-02   4.2785760e-02   4.5530293e-02   1.3516954e-01   1.3680627e-01  -2.6584236e-02   5.1352683e-01  -1.5947979e-01  -3.5965911e-01  -1.4242984e-01   3.4757497e-02   2.8910155e-01   2.4961665e-01   8.5080798e-02  -2.3895836e-01  -1.3500983e-01   2.1518633e-02  -1.5596568e-01  -2.6423142e-02  -2.7824303e-01   3.6614083e-01  -1.2138941e-01  -1.5198525e-02  -2.1777257e-01   2.3827767e-01   2.0315904e-01  -3.7444223e-01  -2.7166887e-01   2.2405946e-01   2.9433303e-01  -3.7089156e-01  -3.9088752e-01  -1.6950036e-02  -2.7865150e-01   2.1995172e-01   3.8374036e-01  -1.7908752e-01   9.1744576e-02
