   0.0000000e+00  -6.8848997e-01  -7.2838579e-02   2.4761286e-01  -3.6821173e-01   1.7916138e-02   4.8794229e-02   6.8093481e-02  -3.5462514e-01  -2.1658487e-01   9.8821147e-02  -5.5875369e-01  -1.2427886e-01   1.9972255e-01   1.7066978e-01  -6.9085629e-02  -2.8595746e-02   7.0046921e-02  -1.3013481e-01  -5.6880239e-02   1.7637698e-01   1.8062383e-01   1.2645488e-01   1.4964395e-01   1.2777044e-01   1.0964131e-01  -1.9032960e-01   3.6843370e-01   4.9534875e-02  -6.0689962e-02  -2.6711939e-01  -3.3853891e-02   8.9985766e-02  -3.1585981e-01  -2.3242099e-01  -1.8320719e-01  -1.1375023e-01   5.1966771e-01  -3.9972164e-01  -4.3474718e-01  -1.8051409e-01   4.1352006e-02  -1.8879051e-01   3.0508918e-03  -1.7714472e-01   7.9163541e-01   1.5912194e-02  -2.2153312e-01  -5.1593297e-02  -3.4697297e-01   4.2360658e-01   8.3015790e-02  -4.0919079e-01  -2.2961551e-01  -7.2299275e-02   2.0196369e-01  -1.5850593e-01   2.6679669e-01  -2.6737106e-02  -3.3379086e-01   5.3167952e-01  -3.5180954e-02  -4.5453008e-01  -3.9476412e-02  -2.1975501e-01  -6.2009757e-02  -2.8075168e-01   1.0516000e-01  -2.1158894e-01   7.2767809e-01  -4.4480661e-01   2.3488844e-01  -4.2830285e-01   1.7949016e-01  -1.2643696e-01  -6.3066450e-02   6.6124864e-01  -2.5319239e-01  -4.6861395e-01  -1.0250184e-01   1.8463337e-01  -2.3030393e-01   1.9501090e-02   1.1873125e-01   7.6265704e-01   1.9131978e-01  -2.5372895e-01  -3.5088219e-01  -3.3450801e-01   8.0540084e-01  -4.3227347e-01   9.4092435e-02  -4.2852207e-01  -4.3757352e-02   4.6860242e-01  -2.7004965e-01   4.0337674e-02  -2.2940807e-01  -6.2170477e-02   1.5485284e-01   6.2443412e-01  -1.2619745e-03  -7.3627297e-02  -3.5978667e-01   2.1656694e-01   9.3992353e-02  -2.7586520e-01  -1.3384331e-01  -1.8568748e-01  -3.6658097e-01  -1.1595978e-01   2.9957843e-01   3.1869409e-01   9.0961309e-01  -4.0449421e-02  -4.0370156e-01   7.4489872e-04  -2.1959858e-01   8.5845445e-02   1.3138515e-01   3.8902437e-01  -3.5039931e-01  -6.9756075e-02  -2.2593739e-01   8.0455044e-01   7.4828928e-02   7.5480305e-02  -1.9276978e-01   1.2753535e-01   2.9350371e-01  -1.8478173e-01  -2.4073356e-01  -9.7474547e-02  -3.4935050e-01  -1.1986492e-01  -1.0973621e-01  -1.7327599e-01  -6.7912889e-02   2.1625173e-01   4.3743506e-01   5.5715555e-01  -5.7095397e-02   5.8349960e-02   1.6809522e-01   1.1771146e-01   2.4593977e-02  -4.3909130e-01  -4.1151134e-01  -2.5102229e-01  -1.0315260e-01   7.2306838e-01  -1.7362370e-01  -9.3056915e-03  -1.1300942e-01  -5.4397880e-01   3.5525054e-01   8.0297533e-01  -7.9081534e-02   2.8950276e-01  -3.1028189e-02   7.7024838e-02   2.5578365e-02  -3.2437804e-01   7.9735345e-02   1.3549883e-01  -3.3210088e-01   9.5086022e-02   4.3069139e-01   4.1368373e-01  -4.9560210e-01  -3.5010323e-01   1.0857953e-01   1.7199626e-01  -8.6712025e-02   1.5598468e-01  -7.3361005e-02   2.3453884e-01
  -6.8848997e-01   0.0000000e+00   2.0299244e-03  -3.2286213e-01   2.4033661e-01  -1.2376752e-01  -1.6077162e-01  -4.1577175e-02   5.1802164e-01   7.2312243e-02  -3.0507458e-01   5.9237822e-01   3.7710326e-02  -1.7265415e-01  -3.4231722e-01  -6.9733002e-02   4.0188257e-02  -3.1173208e-01   2.5557263e-02  -1.2479461e-01  -1.5165956e-01  -3.6290262e-01  -2.9979382e-01  -3.4071691e-01   3.5594040e-02  -2.1096317e-01   1.4358816e-01  -5.5609887e-01  -3.4300668e-02   9.8274610e-02   1.1919501e-01   2.8592993e-02  -1.6088221e-01   2.3250644e-01   3.7715904e-01  -4.6688189e-02   1.3829784e-01  -3.9629150e-01   2.7748133e-01   3.9404186e-01   1.5133002e-01  -1.8055100e-01   2.8621276e-01  -1.5575140e-01   1.3026107e-01  -5.9150840e-01  -2.7111836e-01   4.8624428e-01   1.1576678e-01   3.6987690e-01  -5.8669922e-01  -1.5462034e-01   6.8948568e-01   1.7584140e-01   5.2806208e-02  -4.7598595e-01   1.0276074e-01  -2.7417134e-01  -4.8104166e-02   2.6541267e-01  -4.3844690e-01   8.0546442e-03   6.2389948e-01   1.5886942e-01   2.8121523e-01  -1.6499692e-01   2.5630000e-01   1.5308861e-01   3.0429648e-02  -7.6911057e-01   6.9945090e-01  -3.4069957e-01   3.2508152e-01  -2.4330932e-01   9.3199162e-02   7.4757689e-02  -5.9252306e-01   1.0180463e-01   3.6391437e-01   2.0985330e-01  -4.8984419e-01   1.6227148e-01  -3.9405621e-02  -1.9422546e-01  -6.7418403e-01  -1.3103027e-01   3.4592422e-01   9.3123255e-02   5.1265708e-01  -6.7085282e-01   4.6844631e-01  -1.0624974e-01   4.5147541e-01   1.2137356e-01  -3.3442008e-01   1.4910977e-01  -7.6361202e-02   2.4948515e-01   2.0619757e-01  -2.8281623e-01  -5.2085667e-01  -3.5301171e-01   8.9011206e-02   6.5819263e-01  -3.2729486e-01  -3.6131779e-02   2.0091127e-01   1.4629792e-01   7.3829876e-02   6.6877270e-01  -4.3116365e-02  -4.3878211e-01  -2.9414891e-01  -6.9480505e-01  -1.5005560e-01   5.6989679e-01  -1.0356307e-01   2.0888791e-01  -2.0885440e-01  -2.6478685e-01  -3.5803905e-01   2.7630464e-01  -1.4341071e-02   4.5116084e-01  -6.8172348e-01  -2.1035534e-01  -2.6735828e-01   2.5700330e-01  -1.8144039e-01  -2.7704428e-01   1.3626465e-01   1.7423915e-01   2.8952483e-01   5.7120405e-01   2.7796186e-01   2.2433652e-01   1.5347160e-01   1.7810618e-01  -1.8692503e-01  -3.7363053e-01  -3.5730728e-01   1.1408401e-01  -1.7719508e-01  -2.3018660e-01  -3.2506312e-01  -3.1833721e-02   5.4754598e-01   4.0742487e-01   1.3633362e-01   1.9935847e-01  -7.3824740e-01   1.7927449e-01  -2.7414276e-02   1.5331232e-01   6.6745099e-01  -2.0020982e-01  -5.8125090e-01  -7.6880288e-02  -2.2829746e-01  -1.7279850e-01  -3.3165079e-03  -1.2916901e-01   3.0950669e-01  -2.0248442e-01  -2.2437064e-01   3.8721737e-01  -2.8553768e-01  -4.7938045e-01  -3.4399222e-01   7.6406890e-01   3.3007439e-01  -1.0849972e-01  -1.5854364e-01   9.2594429e-02  -2.6611109e-01   9.1263583e-02  -3.1616825e-01
  -7.2838579e-02   2.0299244e-03   0.0000000e+00   1.2286361e-01   1.7752041e-01   7.0864639e-01   1.0469106e-04   2.8470760e-01  -3.5248943e-01   6.0901676e-01   1.5334900e-01   4.5668622e-01   1.7799458e-01  -2.7382894e-01   2.2530838e-02   2.0130382e-01   9.0848123e-01  -8.7845490e-02   4.4238380e-01   2.8389725e-01  -1.3871952e-01   1.9875651e-01   2.1623067e-01  -6.1915910e-02   1.9991827e-01  -2.7973570e-02   1.3150581e-01  -6.0698603e-02   9.1690856e-02  -2.1735145e-01  -3.1916706e-01   1.2874310e-01  -1.6971710e-02  -7.1606546e-03  -2.8834879e-01   2.2176588e-01  -1.9702803e-02   5.3483391e-02   2.2310380e-01   3.7472283e-01   3.0814468e-02   1.5183690e-01  -4.0844527e-02  -2.2410210e-02  -3.8267930e-01  -1.4627820e-01   2.0595423e-01  -3.5359416e-01  -2.9742596e-01   7.2501428e-01   1.1553683e-02   1.8021217e-01  -3.2029017e-01   3.4620785e-01  -2.0913263e-01  -1.7156064e-01   6.9229122e-01   2.1819243e-01  -5.4933641e-02  -1.2597140e-02  -1.5391166e-03  -8.7223106e-02   1.6236266e-02  -4.4029779e-01  -4.7918656e-01   1.7852547e-01   4.9961083e-01  -2.7684919e-01   3.8395541e-01   1.5246640e-01   2.6429823e-01   8.0938682e-02  -1.1521467e-01   3.3610719e-01  -1.6319952e-01   2.8120564e-01   3.2083541e-02  -1.3934251e-01   5.1476731e-02   2.1723435e-01   1.3486840e-01   2.2733765e-01   9.8173101e-02   8.3376859e-02  -3.7093345e-02   2.2221821e-01  -4.3104190e-01  -1.3894710e-01  -3.1116345e-02  -1.7067153e-01  -2.4739613e-01   5.3391607e-01   6.1882608e-01  -9.7279478e-02  -2.5371954e-01   4.8463372e-01   4.2391402e-02   5.2673817e-01  -7.7967118e-02  -2.2343227e-01  -2.5040483e-01  -2.2824640e-02  -9.0741823e-02  -4.1876882e-01   1.9081478e-01   2.5966999e-01   4.0091446e-01  -2.4465881e-02  -7.7175168e-02  -4.3486916e-02   4.1446469e-01   1.8984872e-02   1.0611153e-01  -1.4152242e-01   2.6546462e-01  -4.2495467e-01  -3.4918425e-02  -1.0929432e-01   3.1619672e-01   1.3499452e-01   2.8641512e-02  -8.5530772e-02   4.9347042e-01  -5.0415975e-01  -1.1775940e-01   2.7132111e-01  -2.0551143e-01  -3.6846797e-02   3.1862294e-01   7.3136776e-01   1.2531302e-01  -3.0770590e-01   1.5717295e-01  -2.7736986e-01  -7.3165416e-02   2.3002217e-01   1.4119692e-01  -1.5832950e-01   2.3930225e-01  -2.6095524e-01  -6.2332557e-02   1.2596932e-01   8.7942578e-02   8.0364894e-01  -6.8279883e-02  -2.3106609e-01   3.9073812e-01   2.3339218e-01   1.7547550e-01  -2.1583606e-01  -8.3338754e-02  -1.0759008e-01   1.4062012e-01  -3.4820645e-01   5.1399673e-01  -1.4552429e-01  -1.9294260e-01  -9.1004708e-03   1.6687968e-01   1.3650080e-01   8.2844807e-02   1.1896846e-01   2.7148734e-01   1.1239283e-01   1.3955599e-01  -1.1273708e-01  -1.1809387e-01  -3.6787363e-02   9.8953640e-02   1.8148424e-02  -1.7159471e-01  -2.5675952e-01  -4.5878682e-02   8.1162258e-01  -1.5379766e-01   9.9808383e-02   2.7308077e-01
   2.4761286e-01  -3.2286213e-01   1.2286361e-01   0.0000000e+00   9.1981083e-02   8.3780749e-02   2.2915910e-02   9.8959141e-02  -2.1059739e-01  -5.2064762e-02   4.3670214e-01  -6.3532709e-02  -6.1868546e-02  -8.6589232e-02  -4.9723612e-02   8.2063569e-03   1.1345599e-01   2.9214721e-01  -9.6173764e-02   2.6756137e-01   2.7038999e-02   4.8894504e-01   8.7042437e-02  -1.7666113e-01  -9.3093267e-02   2.1065456e-01   1.4371573e-01   1.4181747e-02   2.6712907e-01   3.3935303e-02  -9.3279928e-02   8.6082296e-02   2.6231900e-01  -2.3279574e-01  -2.3004083e-01   2.1094349e-01  -1.4401706e-01   9.0924677e-02  -1.2602679e-01  -1.5237106e-01   2.1242393e-01   3.4281805e-01   1.2481225e-01   2.5488473e-01   1.3152272e-01   7.5791944e-02   3.6264496e-01  -2.6695278e-01  -4.2734701e-02  -3.2705291e-02   4.2381446e-01   1.6731508e-01  -4.3469791e-01  -1.0980930e-01  -1.3307182e-01   2.7567594e-01   7.1893420e-02   3.4921834e-01   4.7036428e-01   3.1083071e-02   1.2836478e-01   1.3664561e-01  -2.1063285e-01   5.3630612e-02   1.3235431e-01   2.7945196e-01   5.3845724e-02  -1.1046417e-01   1.5905277e-01   2.8273831e-01  -2.8772452e-01   6.4741551e-01   3.7735876e-02   4.5089405e-01  -5.8524251e-02   7.3378663e-02   2.0451036e-01   1.3786698e-01  -6.6961855e-02   1.2002786e-01   1.6338405e-02   3.0446573e-02  -1.4231675e-01   9.4254246e-02   3.0802919e-01   2.3227502e-01  -3.5545536e-01  -2.0964662e-01  -2.1309568e-01   2.2753008e-01  -1.7544364e-01   1.8559528e-01  -5.7228422e-02   1.5495843e-01  -1.6126889e-01   1.4358021e-01   2.8129294e-01  -8.3947502e-02   2.0432882e-01   1.2944162e-01  -3.9346838e-02   3.3110447e-01   2.7135387e-02  -1.3858768e-01   3.6759950e-01   4.0289077e-01  -7.3073668e-02   1.3553743e-01  -1.9323875e-01  -3.3117668e-01   4.8705026e-02   4.1264751e-01   4.9076639e-01   2.0472028e-01  -2.5095543e-01  -1.9665731e-01   2.3526270e-01   7.7568022e-02  -1.7444295e-01   6.3763612e-01   2.1457944e-01   5.5925129e-02   9.6109049e-02  -2.9248397e-01   2.5159132e-01   2.9672055e-01   1.0302798e-01  -2.0983409e-01   4.5879306e-01   2.9938923e-02  -1.0206952e-01   3.2497197e-02   1.3980407e-01  -4.2539199e-01   1.7999087e-01  -4.9013358e-02   1.7307030e-01  -4.0022470e-01   8.8032355e-02  -4.0844529e-02  -1.4380146e-01  -1.7005748e-01   3.7898106e-01  -3.0039208e-02   5.4931055e-02   7.4033826e-02  -1.9071074e-01  -2.9998954e-02   4.4847623e-02  -2.8504779e-01   2.8497698e-01  -2.1436753e-01   2.4171882e-01   1.3466902e-01  -2.0110620e-01  -6.1939925e-02   1.6197208e-01   2.7682207e-01   2.0780648e-01   1.9903411e-01   1.3469057e-01   4.1872146e-01  -1.0147841e-01   5.4743290e-01   3.9626030e-01  -5.6740260e-02   4.6327466e-01   2.0926193e-01   1.6000806e-01  -2.5187016e-01  -5.1998568e-02  -1.3727662e-01   5.6648378e-01  -9.8751360e-02   1.3067350e-01   1.8222669e-01   4.8372634e-01
  -3.6821173e-01   2.4033661e-01   1.7752041e-01   9.1981083e-02   0.0000000e+00   2.0197470e-01  -3.7253605e-03  -7.1209879e-02   5.5362776e-02   1.9945214e-01   1.6772735e-01   3.7707262e-01   4.5386716e-01  -5.4298363e-01  -1.9259600e-01  -5.5614667e-02   1.0419631e-01   1.6302985e-01  -2.0654613e-01   7.8057444e-01  -4.0545570e-01   1.2699578e-01  -6.8565317e-02  -1.2723555e-01  -1.2558870e-01  -4.3377701e-02   5.7647382e-01  -4.0055629e-01   7.4059686e-03  -2.1827624e-01  -3.4435885e-01   3.4270809e-02  -2.0756179e-01   1.2076744e-01  -3.3117262e-02   7.9398144e-01  -2.6400088e-01  -7.9029627e-02   1.6222610e-02   4.4902296e-01   4.9809000e-01   1.8924220e-02   4.1063619e-01  -8.0804264e-02   5.4444473e-01  -3.5277371e-01   4.6886986e-01  -7.4851863e-03   8.5641134e-02   3.1689884e-01   1.3383174e-01   1.6782422e-01   3.3135067e-02   2.2344292e-02  -3.3394897e-01  -8.4889353e-02   6.7853866e-02  -1.3599102e-01   1.3258037e-01   2.6250809e-01  -3.0990063e-01   5.5615895e-01   3.9913368e-01  -5.3143178e-02   1.0005944e-01   4.7949379e-01   4.6444988e-01   3.4412966e-02   4.4066138e-01  -3.5325471e-01   1.3180856e-01   2.1406767e-01   3.8356650e-01   5.4819283e-02  -1.2644443e-01   2.2826129e-03  -3.2408656e-01  -1.7223275e-01   7.6101135e-01   9.8460827e-02  -2.0747188e-01   1.8277852e-01  -2.4114029e-01  -2.0901964e-01  -4.3336024e-01   2.0434135e-02  -3.5161181e-01   1.9194734e-02   1.5195282e-01  -2.6380793e-01   6.1473061e-01   1.7374871e-02   3.4039505e-01   3.0743471e-01  -3.5850243e-01   7.9673875e-01   4.1287761e-01   1.0262809e-01   5.5472686e-01  -5.1447751e-02  -6.0117870e-01   2.2262165e-01  -2.2499567e-01  -2.4286911e-02   1.2640608e-02   2.0861595e-01   8.3228192e-02   4.7430905e-01   1.3004981e-01   1.7213455e-01   1.9899873e-02  -1.3763874e-02   4.3109105e-02  -3.8571695e-01  -1.9097113e-01   3.1407541e-01  -8.9005711e-02   4.5277901e-01  -4.9424308e-01   1.0134362e-01  -1.6546447e-01   7.9599596e-01   5.3423566e-02  -4.7599445e-02  -3.8548405e-01   1.3119632e-01   9.8849917e-02  -1.0738777e-01   2.5917471e-01  -5.3772691e-02   3.5020489e-01   1.5491691e-01   3.3605468e-02  -1.6597434e-01   3.6872064e-01  -7.1898025e-03   7.0881728e-02  -4.5342687e-01   5.8386197e-02  -2.5410441e-01  -3.5025538e-01   2.5767379e-01   2.4901922e-01  -1.7103633e-01  -6.0466541e-02  -1.1430830e-01   2.4910847e-01   5.8224106e-01   5.3766389e-01  -2.7260444e-01  -4.2299775e-01  -4.3524509e-01  -2.1973613e-02   6.7803110e-02   4.9709025e-01  -2.4796102e-01  -3.5657954e-01   3.8418853e-01  -1.2549921e-02   5.0232492e-02  -6.5279731e-02   2.7529652e-01   3.9132416e-01   1.6874477e-01   3.9341245e-02   3.8571725e-01   3.1175324e-01  -5.2190969e-01  -2.0602235e-01   1.8998976e-01   6.0066731e-01  -2.6454184e-01   3.3046612e-01  -6.8424238e-03  -3.1159189e-02  -5.3587925e-02   1.8574890e-01
   1.7916138e-02  -1.2376752e-01   7.0864639e-01   8.3780749e-02   2.0197470e-01   0.0000000e+00   2.3886045e-01  -1.4796577e-02  -4.0140017e-01   4.3093849e-01   8.3376574e-02   4.5875406e-01   1.2078983e-01  -2.5999888e-01   6.1869129e-02   1.2044505e-01   5.0789140e-01  -9.2498576e-02   4.1634420e-01   2.5222211e-01   9.9927307e-02   1.4586710e-01   3.4594100e-01  -5.0614070e-02   2.2728204e-01  -1.4012926e-01   2.6284362e-01   6.6340000e-03   8.5505434e-02  -1.7306905e-01  -3.7386380e-01  -1.7054095e-01  -1.6570904e-01  -6.2874345e-02  -5.8806377e-02   2.5238093e-01  -7.3764413e-02   1.1846277e-02   2.9484106e-02   3.4732613e-01  -5.4623525e-02   5.3457280e-02   4.8237839e-02  -1.0603525e-01  -2.0965436e-01  -1.5529059e-01   3.8775573e-01  -1.5143903e-01  -3.4772096e-01   3.6095073e-01   4.3458081e-02  -1.4691303e-01  -3.3033111e-01   2.5815994e-01  -2.2749778e-01  -2.1477696e-01   6.2747039e-01  -1.3541168e-02  -2.0432492e-01   2.4160476e-01  -1.8747935e-02   3.2881320e-02  -1.6131690e-02  -4.6550293e-01  -4.3720841e-01   3.3646421e-01   7.3714425e-01  -1.6149691e-01   4.8351979e-01   1.4939515e-01  -1.5415108e-02   9.1019161e-02  -2.0713054e-01   3.0645872e-01  -8.5885211e-02  -7.1149197e-02   5.1947917e-02  -2.5873371e-01   1.9840441e-01   5.6240315e-02   1.8937848e-01   4.8425404e-02   8.2878380e-02   1.2540816e-02   2.9542812e-02  -1.5964326e-04  -3.6863661e-01  -2.6932780e-01  -9.8871164e-02  -1.3062889e-01  -1.4883460e-01   2.9113879e-01   3.8583332e-01   1.0788760e-01  -1.4087645e-01   4.1774388e-01   6.1600271e-02   4.6357270e-01  -7.2919994e-02  -1.4166710e-01  -2.4425480e-01   5.3202178e-03   8.7861433e-02  -3.3566760e-01   7.0741985e-02   1.8723875e-02   1.9076398e-01  -8.8630889e-02  -1.8973170e-01   1.5763437e-01   3.2627098e-01   1.1567426e-01   1.3492503e-01   3.2881154e-03   1.4668530e-01  -4.7892516e-01  -2.7317425e-01  -9.8795463e-02   2.5502684e-01   7.5523047e-02  -1.1535225e-01  -2.3750073e-02   5.5058832e-01  -5.1392275e-01  -1.1732266e-01   3.0076740e-01  -1.0694930e-01  -4.2721514e-02   5.9310529e-02   4.7790206e-01  -6.1174536e-03  -4.5935943e-01   3.1178756e-02  -2.7698740e-01  -1.8937059e-01  -1.3218554e-02   5.7428924e-02  -1.5299933e-01   7.2351283e-02  -1.3282677e-01   9.7783405e-03   1.3998650e-01  -6.5079945e-02   6.4525467e-01   9.3501378e-02  -3.4344442e-01   1.6223193e-01   1.9428501e-01   4.3355063e-01  -3.0108193e-01  -1.6297861e-02  -9.8591393e-03   5.2064514e-02  -5.0092716e-01   3.3457776e-01  -2.3719148e-01  -1.3601134e-01  -6.4507631e-02  -7.8776517e-02   2.4309854e-01   2.0053984e-01  -9.7268312e-02   3.1823496e-01   5.7448422e-02  -7.9919205e-02  -1.5590793e-01  -1.2783988e-01   6.1831600e-02   7.9844549e-02  -1.5903954e-01  -9.4000250e-02  -2.2140934e-01   3.4688055e-02   6.5897646e-01  -1.6426287e-01  -1.1618549e-02   9.3318036e-02
   4.8794229e-02  -1.6077162e-01   1.0469106e-04   2.2915910e-02  -3.7253605e-03   2.3886045e-01   0.0000000e+00  -2.1272739e-01  -5.5115517e-02   3.4932317e-01   7.9209836e-02   2.2152222e-01  -2.2000154e-01  -1.2032060e-01   3.7048699e-01  -6.1292433e-02  -6.7703425e-02   6.0509655e-02  -1.7954878e-01   1.2212601e-01  -2.5417521e-02  -6.8133265e-02   5.2991852e-01  -5.2088730e-02   3.8976428e-02  -6.4939778e-02   2.9365302e-01   2.5894000e-01   1.0352069e-01  -1.1781967e-01   1.6699450e-03  -1.6901178e-01  -1.1035607e-01   5.8190170e-01   4.7608024e-01   7.3800275e-02  -2.0225361e-01   3.2892446e-02  -1.9013351e-01   1.9283735e-01  -1.3073059e-01   1.6304118e-01   4.5365079e-01  -2.0083732e-01   2.3188303e-01   3.2978420e-02   1.3148669e-01   3.4350696e-01  -3.6928710e-01  -3.0158775e-02   1.1654881e-01  -2.0054176e-01   7.1767689e-02   8.2483067e-03  -3.0739744e-01   4.7587880e-02  -1.6471967e-01  -8.8159618e-02  -1.7261668e-02   8.4220138e-02   1.1863820e-01   7.0644013e-03  -1.6180412e-01  -1.3669262e-01  -5.4631600e-02   4.1386747e-01   6.9702773e-03   3.4878949e-03   1.3835339e-01  -3.8731219e-02  -7.2957580e-02   6.9338449e-02  -9.7785712e-02  -6.5614222e-02  -1.0647893e-01  -3.9379155e-01   1.4048327e-01  -4.5665767e-02   3.0027817e-01  -2.2107460e-01   4.4679707e-01   2.9230616e-02   1.1832896e-01  -1.2738703e-01  -1.0080419e-01  -1.9766804e-01   7.1871419e-02   3.3303385e-02  -1.0349309e-01  -2.0998845e-02  -5.1415749e-02   4.0877902e-02   1.5702598e-01   2.6028359e-01   3.1522245e-02  -5.1998484e-02  -1.8399902e-01  -1.2992863e-01  -2.3526229e-03   2.9318676e-01  -6.3462866e-02   1.2298681e-01  -2.0076097e-01  -1.1703025e-01   8.3407964e-04   8.0054383e-03  -1.1636928e-01  -1.0638328e-01   1.8906588e-01   4.2465022e-02   3.9236723e-01  -2.2719233e-02   4.6694701e-02   1.1414065e-01   3.7726081e-01  -1.0073214e-01   3.3508074e-02  -4.2561441e-02   7.9693832e-02   9.0782067e-03  -1.3176052e-01   3.7660625e-02   1.3979610e-01   3.3583470e-03  -1.7046931e-02   7.5912847e-02   2.4340667e-01  -3.0796985e-01  -3.8595155e-02  -5.9364407e-02  -2.3717660e-01   1.5891693e-01  -2.4280310e-01  -9.5441433e-02  -7.5020236e-02  -4.4201048e-01  -1.3859706e-01   9.2007281e-02  -3.1613219e-01  -2.6551280e-02  -1.2031489e-01  -4.4192316e-01  -2.7702885e-02   8.7404879e-02   3.7933995e-01  -1.3295674e-01   3.3944734e-01  -1.0815785e-01   4.9925336e-01  -1.0004532e-01  -5.6700981e-02   7.7895263e-02  -1.1137603e-01   5.8581009e-02   9.7131054e-03  -6.5977113e-02   5.3180839e-02   1.3124080e-01  -5.2394111e-02   1.9611166e-02  -5.4251598e-02   2.5335690e-02   7.9400042e-02   8.0925084e-02  -1.8485080e-01   3.0371011e-01   1.5658122e-01   1.6385878e-01  -1.0057708e-01  -1.4250515e-01   2.1800996e-01   1.2754712e-01   1.9334678e-02  -1.2947314e-02   1.2145354e-01  -1.4528298e-01  -1.6242108e-01
   6.8093481e-02  -4.1577175e-02   2.8470760e-01   9.8959141e-02  -7.1209879e-02  -1.4796577e-02  -2.1272739e-01   0.0000000e+00  -1.8917391e-01   8.7262105e-02   2.6641016e-01   2.7694295e-02  -9.2657827e-02  -4.2424979e-02  -1.2577557e-01  -2.7993469e-01   4.1118092e-01   7.1440323e-02   1.6211624e-01  -5.3166021e-02   5.7480586e-02   1.8033316e-01  -1.2256733e-01   1.2698075e-01   6.3704324e-02   3.8499045e-01  -2.1165128e-01  -9.7571155e-02  -6.7226890e-02   1.3098154e-03  -3.2145098e-02   3.5900615e-01   1.8700914e-02  -1.5711190e-01  -2.6358146e-01  -2.9787288e-03   1.2829250e-01   1.7955901e-01  -2.4505071e-01  -1.1414756e-01   1.2329736e-01   7.5123125e-02  -2.0300369e-01   3.7104655e-01  -2.7217514e-01   1.0672893e-01  -9.0290139e-03  -2.6718019e-01   6.6587734e-02   2.1881244e-01   1.4123839e-01   5.0821024e-01  -3.7985823e-02   1.3575866e-01   5.6096913e-02   2.1141315e-01   1.9968829e-01   2.7350815e-01   1.8531332e-01  -2.8994156e-01   1.6800799e-01  -1.4374129e-01  -9.9856359e-02   1.3186506e-01  -1.4136924e-01  -1.0408160e-01  -3.8745480e-02   1.2117278e-02   1.9059427e-01   1.0569664e-01   1.3559037e-01   4.6108578e-02  -1.8327763e-02   2.7357988e-01  -2.5121304e-01   5.0337188e-01   1.3463190e-01   2.1662743e-01  -2.9856164e-01   1.2746834e-01  -5.3868051e-02   6.5788699e-03   3.7427752e-01   5.0167519e-01   8.6800696e-02   3.8567254e-01  -1.5879368e-01   7.7852911e-02  -9.4442058e-02   9.0777718e-02  -1.8264393e-01   2.7018771e-01   2.6565243e-01  -2.2736052e-01  -1.7374961e-01   9.4574247e-02   1.4372714e-01   1.8928138e-01   9.4084580e-02  -1.7185615e-02  -2.1520168e-02   4.3364286e-02  -2.0384240e-02  -1.8988971e-01   2.7053121e-01   3.4164730e-01   8.8935384e-02   2.3506301e-01  -1.6676004e-01  -6.5263205e-02  -6.4767545e-02   2.6081159e-01   6.7887751e-02  -1.7659452e-02  -1.4908913e-01   1.7200760e-02   3.3828506e-01  -7.7931608e-02   1.4294389e-02   1.3038262e-01   2.5547051e-01  -2.4073608e-01   1.0509186e-02  -2.6285881e-02   1.5618668e-01   1.7715499e-01  -1.4136638e-01  -1.5923729e-02   4.1132827e-01   2.4039351e-01   1.1934572e-02   5.6675916e-03   2.8568323e-01  -9.6104401e-02  -1.6903552e-01   5.7122946e-01  -6.9844466e-02  -8.9253442e-02   4.8008298e-01  -9.0076607e-02   6.5383002e-02  -4.1476111e-04   2.8550093e-01   1.8058278e-01  -2.3240597e-01   2.0648284e-01  -4.3359560e-02   1.0701216e-01  -1.0307795e-01   1.4588911e-01   9.1180767e-02  -6.8989845e-02   1.6098901e-02   2.4490451e-01   1.2733959e-01   2.0520228e-03   6.2696452e-02   8.9816632e-02   2.6527129e-01   1.6460251e-01  -7.1308134e-02   3.6880646e-01  -4.0195981e-02   2.1540090e-01   4.0606190e-01   5.6594339e-02   1.0045275e-01   1.7560911e-02  -4.1334356e-03   1.6923603e-01  -2.2821017e-01  -2.4795611e-01   1.1907321e-01   2.7281490e-01   9.8040924e-02   8.8238872e-02   3.6213832e-01
  -3.5462514e-01   5.1802164e-01  -3.5248943e-01  -2.1059739e-01   5.5362776e-02  -4.0140017e-01  -5.5115517e-02  -1.8917391e-01   0.0000000e+00  -1.6707490e-01  -7.9158536e-02   9.9351433e-02  -3.8761637e-03  -2.4607538e-02  -2.2473784e-01  -1.0410794e-02  -2.9507841e-01   1.1884218e-01  -3.3545088e-01  -1.2145014e-01  -3.3255820e-02  -2.7295865e-01  -3.0096645e-01  -2.5278159e-01   1.8243155e-02   1.0638936e-01   2.0182832e-01  -1.1173290e-01   3.0107911e-02   2.2946718e-01   3.8645648e-01  -3.0074029e-02  -9.6672230e-02   1.3073423e-01   4.0009029e-01  -6.0887713e-03   1.5955683e-02  -2.2306507e-01   1.7231932e-01   2.7770360e-02   1.0769181e-01  -1.6285831e-01   1.3147777e-01  -1.1586250e-01   2.8208444e-01  -1.3200676e-01  -1.0003803e-01   5.3775605e-01   1.8411411e-01  -1.8747677e-01  -2.8857457e-01  -7.1348417e-02   5.5007952e-01  -1.0315909e-01   2.2956681e-01  -1.6841851e-01  -2.8926696e-01  -2.1201766e-01   5.2784182e-02   2.4564467e-01   7.7760143e-02   6.8881331e-02   5.5764190e-01   4.5657246e-01   6.9483707e-01   2.3154876e-02  -1.2142526e-01   2.0266028e-01  -2.3618794e-02  -4.1088335e-01   1.4291100e-01  -9.9974328e-02   2.4388244e-01  -4.3175130e-01   2.1694792e-01  -8.5664601e-02  -1.0946383e-01   2.5190324e-02   1.8676907e-01  -6.3020471e-02  -2.9386998e-01  -7.5361586e-02  -1.9919100e-01  -1.4873096e-01  -4.5137842e-01  -2.8539608e-01   3.6990775e-01   1.2051847e-02   4.3177602e-01  -3.6891617e-01   3.9711249e-01  -1.8987078e-02  -1.2707676e-01   4.5428585e-01  -1.6463288e-01  -1.4583999e-01   6.9584292e-02  -1.7830404e-01   2.8160721e-01  -1.4514491e-01  -2.8865298e-01  -1.5521679e-01  -3.5074909e-02   7.6307289e-01  -2.6975339e-01  -1.2472167e-01  -1.8000906e-01   2.4982813e-01   1.0994100e-01   2.4655599e-01  -2.8390254e-01  -3.0094088e-01   4.5531258e-02  -3.5517171e-01  -1.4199187e-01   5.4115687e-01   1.7899855e-02   2.2347518e-01  -2.9523244e-01  -1.2624074e-01  -8.1747975e-02   2.3002958e-01  -1.6393691e-01   5.4112208e-01  -2.1511452e-01  -3.6352149e-01  -4.5934078e-02   1.2198898e-01  -1.1133878e-01  -3.1925703e-01  -1.0112342e-01   3.4413145e-01   2.7893820e-03   3.8130460e-01   4.3442372e-01  -8.3451109e-02   7.7214772e-02   2.3631931e-01  -1.9556653e-01  -1.3379613e-01  -3.7145268e-01  -1.0021398e-01  -5.3235913e-02  -4.8573237e-01  -2.0624011e-01   4.7705171e-02   7.4740722e-02   9.5102261e-02  -4.0744644e-02   1.6133634e-01  -4.3950850e-01   1.1368500e-01  -3.0638070e-03   3.3025248e-01   4.2008007e-02  -1.1462056e-01  -1.1785402e-01  -2.1188198e-02   6.2623911e-02  -1.6069484e-01   8.0028790e-02  -1.1840310e-01   3.6814131e-02  -3.9607849e-04  -1.1966445e-01   2.6581146e-01   1.0269349e-02  -1.2211087e-01  -1.8105181e-01   2.2935404e-01   3.0936202e-01  -2.1337100e-02   1.7559944e-01  -3.7683734e-01  -1.0165316e-01   5.6240090e-02  -2.7460638e-01
  -2.1658487e-01   7.2312243e-02   6.0901676e-01  -5.2064762e-02   1.9945214e-01   4.3093849e-01   3.4932317e-01   8.7262105e-02  -1.6707490e-01   0.0000000e+00  -8.9722615e-02   3.7132857e-01   1.5292318e-01  -3.1956458e-02   3.9506478e-01   1.9842444e-01   5.4578072e-01  -2.8848640e-01   2.4027554e-01   2.2891757e-01  -3.8832425e-01   3.1379095e-02   3.2584548e-01   1.7025530e-01   4.6812043e-02  -9.8596631e-02   1.3518061e-01   2.0494214e-01   3.6408334e-02  -4.1708406e-01  -1.7903365e-01  -5.6577180e-02  -9.0205881e-02   4.1595771e-01   5.8253204e-02   9.7880581e-02   9.1089402e-02  -1.1353440e-01   1.8548874e-01   4.2490421e-01  -9.2765022e-02   2.3806296e-01   1.8478714e-01  -1.0830654e-01  -2.0061729e-01  -3.0673524e-01  -2.2873953e-02  -1.9774567e-01  -2.9599403e-01   5.7062738e-01  -2.4647892e-01  -6.8391227e-03  -1.0743380e-01   3.3753678e-01  -1.0138289e-01  -1.1652676e-01   3.8153256e-01   1.2332913e-01  -2.9432106e-01   4.6696760e-02   4.2006127e-02   3.5513936e-03   5.5476984e-02  -4.4100309e-01  -5.0636894e-01   2.2796196e-01   3.0008768e-01  -2.8676092e-01   2.6119198e-01  -3.3626150e-02   2.8418990e-01  -2.3631651e-02  -6.0675316e-02   2.7159625e-01   1.1500339e-02   6.4580763e-03   1.7470407e-02   5.2249143e-03   2.0135778e-01   3.3883022e-01   4.5529850e-01   1.1135150e-01   6.5829465e-02   3.4776763e-02  -2.0075500e-01  -1.5891132e-02  -1.2957858e-01   2.9883446e-01   2.9948396e-02  -1.6905370e-01  -2.3214614e-01   4.1160788e-01   4.9581446e-01  -1.0245441e-01  -3.3114126e-01   3.2388272e-01  -6.8610822e-02   2.5715731e-01  -1.3085677e-01  -1.9120995e-02  -1.5462262e-01  -8.7554355e-02  -2.1737849e-01  -2.5614480e-01  -1.4151065e-01   1.0483308e-01   3.8927394e-01  -1.1718528e-01   3.9142922e-01  -8.2956293e-02   5.4761289e-01  -2.5840790e-01  -2.0220473e-02  -3.0101039e-01   6.1796440e-01  -3.1753852e-01  -1.2005496e-01  -7.7824972e-02   3.3532467e-01  -1.9081259e-04  -8.0574747e-02  -1.6986815e-01   3.8663149e-01  -4.2968461e-01  -2.9775248e-01   4.1310659e-01  -2.1993941e-01   7.2539494e-02   9.8390378e-02   3.6154333e-01   8.3984130e-02  -1.4431382e-01   2.3813084e-01  -1.5738253e-02  -8.5103634e-02   4.3079271e-02   2.0894554e-01   1.3329442e-01  -2.8886506e-02  -3.0190381e-01   4.2454774e-03   6.3749443e-02  -1.4771593e-01   5.6644459e-01   1.3067145e-01  -4.5400855e-01   5.9211654e-01   9.9085524e-02   2.2612105e-01  -1.4639687e-01  -1.7363248e-01   1.1544372e-01   1.7872756e-01  -2.5985686e-01   4.1131847e-01  -1.2262676e-01  -3.1301790e-01   2.4444439e-02  -3.3952061e-02   8.8827682e-02   7.0067869e-02  -1.7154615e-02   1.3437517e-01  -1.6287378e-01  -2.0677206e-01   3.0360485e-02  -2.3223862e-01   2.6215518e-02   2.1936082e-02   1.5571934e-02  -8.5362729e-02  -7.1898453e-02  -2.6457385e-01   5.7692019e-01  -4.1667802e-02   6.5755279e-02   1.6515002e-03
   9.8821147e-02  -3.0507458e-01   1.5334900e-01   4.3670214e-01   1.6772735e-01   8.3376574e-02   7.9209836e-02   2.6641016e-01  -7.9158536e-02  -8.9722615e-02   0.0000000e+00  -5.0671611e-02   2.0901331e-03  -4.6954222e-01  -2.4723682e-01   1.4190363e-02   1.3254093e-01   5.5332878e-01  -8.8510774e-02   3.9105889e-01  -1.1347005e-02   5.3263713e-01  -5.0859331e-02  -1.1593908e-01  -2.5407736e-01   5.2978999e-01   1.7003567e-01  -6.6671805e-02  -1.7140527e-01   1.5197591e-01  -5.7662017e-02   4.2177511e-01   1.3082501e-01  -1.5110253e-01  -3.8583978e-01   4.1759543e-01  -4.3868133e-01  -5.1060028e-02  -8.2322728e-02  -8.2565265e-02   2.7939564e-01   6.4041563e-02   1.7376351e-02   2.3577149e-01   1.5925075e-01   1.1297704e-01   6.5911600e-01  -1.9186062e-01  -2.1826400e-01  -4.5161562e-02   6.2154319e-01   5.9989354e-01  -2.7018471e-01  -2.8436283e-01  -1.6631111e-01   4.8974389e-01   4.5378981e-02   4.4049974e-01   6.4270015e-01  -8.8041492e-02   1.5206633e-01  -5.0673434e-02  -1.2494450e-01   3.9767643e-01   1.6932390e-01   5.7359442e-01  -7.2862459e-02  -2.2789175e-01   5.1147504e-01   2.5651028e-01  -3.4958955e-01   5.0629107e-01   1.1651273e-01   2.0241321e-01  -3.0743061e-01   3.0229614e-01   2.0261169e-01   2.9323106e-01   2.6332429e-02  -1.8812709e-01  -1.1791354e-01   3.6507509e-02   3.6694186e-02   8.1671126e-02   1.6469483e-01   3.8822604e-01  -4.0758114e-01  -2.1358192e-01  -2.8150854e-01   1.2123771e-01   5.2715708e-02   2.2201234e-01   1.1666305e-01   1.6159246e-01  -1.4231110e-01   3.0620157e-01   2.4811749e-01   6.5311876e-02   1.3792724e-01  -2.2692435e-03  -1.9225828e-01   5.8620321e-01  -2.6166120e-01  -3.0290198e-01   7.6489638e-01   5.7630485e-01  -2.7758232e-01   4.3511425e-01  -2.2556277e-01  -2.3508624e-01  -1.4542189e-02   5.3590721e-01   3.5439539e-01   1.1918298e-01  -3.3177391e-01  -4.7018583e-02   6.0904209e-01   1.2974782e-01  -3.5729865e-01   5.8540357e-01   2.5323785e-01   2.1377740e-01   1.8352640e-02  -1.1322007e-01   2.6524422e-01   2.5622879e-02   3.2195080e-01  -3.3222728e-01   6.3641701e-01   1.4696067e-01   1.2931285e-01   2.0409998e-01  -1.1510608e-01  -5.3579132e-01   1.4731409e-01   4.5903584e-02  -1.7355216e-01  -5.6324115e-01   4.2115183e-01  -1.3409149e-01  -2.9023255e-01  -1.1558782e-01   8.2457449e-01  -5.2338466e-02  -1.2476120e-01   3.5762534e-01  -2.4562376e-01   2.5576315e-01   2.3502694e-01  -2.5615426e-01   1.6348279e-01  -4.9108043e-01   8.8479762e-02   4.4441347e-01  -1.1657397e-01  -1.8713090e-01   1.5021527e-01   4.9012730e-01   3.9730977e-01   1.4972178e-01  -7.0353730e-02   6.8897419e-01   1.0039344e-01   7.3180667e-01   6.6777476e-01   1.5113367e-01   7.6359916e-01  -9.0341432e-02   3.3244886e-02  -1.7203170e-01   1.0850331e-01  -2.0928057e-01   5.9968515e-01  -8.9415387e-02   7.0442982e-02   3.1842586e-02   5.1342839e-01
  -5.5875369e-01   5.9237822e-01   4.5668622e-01  -6.3532709e-02   3.7707262e-01   4.5875406e-01   2.2152222e-01   2.7694295e-02   9.9351433e-02   3.7132857e-01  -5.0671611e-02   0.0000000e+00   1.8494014e-01  -3.5923814e-01  -1.9275514e-01   1.3092165e-01   3.6129112e-01  -2.0062747e-01   8.7489875e-02   2.4189149e-01  -1.5330616e-01  -2.8767757e-04   7.1932503e-02  -2.9381182e-01   2.0148129e-01  -8.1004075e-02   3.1376154e-01  -4.4805308e-01   1.8863580e-01  -1.6011598e-02  -2.4400595e-01   1.3679192e-02  -1.8720769e-01   2.8096831e-01   3.7292202e-01   1.8359066e-01  -1.1980531e-01  -2.9075770e-01   2.3670021e-01   5.6921041e-01   1.5734560e-01   8.1591280e-02   4.3078203e-01  -1.3488145e-01   1.8070091e-01  -6.1096355e-01   7.2021203e-02   1.0261383e-01  -1.1654070e-01   5.2913647e-01  -2.3882693e-01  -7.6566375e-02   1.5232470e-01   3.6468957e-01  -1.2348481e-01  -2.3247197e-01   3.6672546e-01  -6.2055456e-02  -3.1519811e-02   6.0075928e-01  -3.5364318e-01   2.1600975e-01   4.0376994e-01  -2.5937662e-01  -2.5422954e-02   1.7862606e-01   4.7091588e-01  -5.4978437e-02   3.5760587e-01  -4.8453460e-01   3.6427221e-01  -4.4076699e-02   1.8011250e-01   1.5689696e-01  -4.4249226e-02  -5.8011939e-02  -4.7868674e-01   6.7030379e-02   4.7110793e-01   2.0700583e-01  -2.3005609e-01   2.7848026e-01   2.1693501e-03  -1.5200095e-01  -5.2504531e-01  -1.0701411e-01  -9.2399703e-02   3.4555564e-02   3.4168599e-01  -5.4132999e-01   2.3443001e-01   7.3429052e-02   7.1030237e-01   3.5705876e-01  -4.8320623e-01   4.9239567e-01   1.0241569e-01   3.1164070e-01   1.4808940e-01   1.5581902e-02  -6.7505416e-01   3.3971830e-02  -2.4093426e-02   2.1254944e-01  -4.8949228e-02   1.5489800e-02   2.8216732e-01   1.1734884e-01   1.0101859e-02   3.9873470e-01   3.0361756e-01  -3.9637955e-02  -2.0488165e-02  -5.7560500e-01  -9.9725766e-02   1.3143055e-01  -3.4790697e-02   2.5674894e-01  -2.0066959e-01  -7.1549574e-03  -3.0270868e-01   2.9945019e-01   5.2980979e-01   7.4470386e-03  -6.0842006e-01   2.0146485e-01  -6.5098416e-03   6.5652311e-02   6.6988160e-02   1.9298016e-02   1.6298247e-01  -1.2530439e-01   1.8613833e-01  -1.8606642e-02   2.7732472e-01  -1.4148670e-03   2.8606969e-01  -2.3494774e-01  -1.4943435e-01  -4.5771540e-01  -4.5693946e-01   1.2650408e-01   1.3489999e-02   1.6787367e-01   5.7505090e-02  -1.6788089e-01   5.5553044e-01   3.4585086e-01   4.9899575e-01  -1.0607609e-01  -5.2784751e-01  -7.8796244e-02   1.1152624e-02  -6.6504299e-02   6.9691949e-01  -2.3004663e-01  -5.7885442e-01   7.9664177e-02  -1.6533265e-01   6.7916106e-02   9.7723635e-02  -2.2456008e-02   2.9161050e-01   2.6059456e-02  -8.9623938e-02   5.0973481e-01  -7.3183911e-02  -3.7208603e-01  -1.9230353e-01   4.0187907e-01   4.1947892e-01  -2.1521256e-01  -1.2639855e-01   3.5672583e-01  -2.4131984e-01   3.9555349e-02  -1.9934267e-02
  -1.2427886e-01   3.7710326e-02   1.7799458e-01  -6.1868546e-02   4.5386716e-01   1.2078983e-01  -2.2000154e-01  -9.2657827e-02  -3.8761637e-03   1.5292318e-01   2.0901331e-03   1.8494014e-01   0.0000000e+00  -2.5366543e-01  -6.2673062e-02   1.6756480e-01   1.2565499e-01  -1.5851368e-01  -1.7112822e-01   4.3655694e-01  -4.2972810e-01   1.8043566e-01  -1.0340914e-01   1.2228203e-01  -1.1358060e-01  -1.1854591e-02   1.4752712e-01  -1.8067250e-01   2.9718640e-01  -2.1757052e-01  -3.4446993e-01   6.1019958e-02  -1.5363348e-01  -6.3552850e-02  -1.3986317e-01   3.3741538e-01  -1.3867494e-01   2.5372250e-03   8.4641780e-02   9.1038366e-02   4.4762663e-01   1.0885236e-02   1.3643113e-01  -4.1797537e-02   1.1830421e-01  -8.1966109e-02   9.0469154e-02  -3.2686673e-01  -9.6132089e-03   1.4473009e-01  -8.8833546e-02   1.6526088e-01  -2.6609933e-01   1.0959703e-01  -1.1439318e-01  -4.3847964e-02   6.8081856e-02   2.8328646e-02  -7.1329168e-02   3.6274682e-01  -1.7535002e-01   3.4339120e-01   2.5617841e-01  -1.5140766e-01  -1.0654825e-01   2.2312323e-01   1.2095892e-01  -9.7128144e-02   1.5404950e-01   2.0026871e-02  -1.5062685e-01   8.6521320e-02   1.7407042e-01   2.4419754e-01  -8.7250464e-02  -3.1202099e-02  -1.0188020e-01   4.8369357e-03   2.7482205e-01   1.0563531e-01   6.5850917e-03   2.1501182e-01  -4.0768574e-01  -1.0472350e-01  -1.6540215e-01   7.6701874e-02  -4.2524975e-01   1.7258111e-01   1.5005816e-01   2.6442205e-02   2.6626619e-01   1.0269538e-01   1.9084544e-01   2.6289677e-01  -2.8100405e-01   4.7348848e-01   2.2149926e-01  -2.0265248e-03   1.0680092e-01  -2.3640577e-02  -2.8394809e-01   1.5324313e-01  -3.0741957e-01  -5.1395442e-02   1.9199060e-02   1.3648588e-01   3.0040685e-02   1.0347898e-01   2.2340943e-01  -1.3244827e-01   4.3856638e-02   3.7787192e-02  -2.7477212e-02  -1.5126084e-01  -4.5488428e-02  -2.1308377e-02  -4.2656617e-02   5.0206764e-01  -2.9337224e-01   5.3415088e-02   1.1587736e-01   3.1596937e-01   7.9120659e-02  -2.5022302e-01  -1.0583590e-01   2.7474105e-01  -6.7441245e-02   2.2755849e-02   1.8138924e-01   9.2329891e-02   3.8720121e-01  -2.1997416e-01   9.1039825e-02  -3.2361609e-01   3.2134359e-01  -3.8267690e-02   1.1007999e-01  -4.4955195e-01   1.8225224e-01  -2.4223899e-01  -7.9612468e-02   6.5485724e-01   1.5570542e-01   5.8124106e-02  -8.9728422e-02  -1.1279187e-01   3.3597614e-02   2.5996700e-01   1.6330991e-01  -2.4887623e-01  -6.7733861e-02  -4.0142652e-01   1.3984895e-01  -5.5100027e-02   1.4187995e-01  -4.7975660e-02  -1.3093595e-01   2.1924268e-01   7.0025850e-02   1.1992012e-01   6.2837567e-02   1.2759543e-01   1.3288258e-01   2.6143459e-02   2.7801776e-02   1.0683094e-01   1.6330407e-01  -3.6295680e-01   1.3040785e-01  -1.3037794e-01   2.7957587e-01  -2.6201354e-01   4.1633785e-02  -3.6083070e-04  -5.9724616e-02   9.1193555e-02   2.6331673e-01
   1.9972255e-01  -1.7265415e-01  -2.7382894e-01  -8.6589232e-02  -5.4298363e-01  -2.5999888e-01  -1.2032060e-01  -4.2424979e-02  -2.4607538e-02  -3.1956458e-02  -4.6954222e-01  -3.5923814e-01  -2.5366543e-01   0.0000000e+00   4.8436217e-01   9.4634914e-02  -2.0223071e-01  -2.4182378e-01   1.5739190e-01  -4.9690731e-01   2.2059891e-01   3.1428367e-02  -1.2763826e-03   2.3316799e-01   2.1417354e-01   3.2478705e-02  -5.8184391e-01   5.2354425e-01   3.5819552e-02   7.0127159e-02   3.7273756e-01  -8.8595651e-02   6.1084971e-02  -4.6314965e-02   1.4086257e-01  -5.5738219e-01   3.1122023e-01   8.8366165e-02   5.5993529e-02  -4.8854189e-01  -3.9509992e-01   1.7855089e-02  -3.5834150e-01   3.1859223e-01  -3.1643247e-01   8.0477179e-02  -4.0544748e-01  -1.7449778e-01   2.1952720e-01  -2.8123807e-01  -1.8856561e-01  -2.0960654e-01  -1.2732980e-01   1.0371480e-01   6.5846912e-01   5.8384992e-02  -2.0712938e-01   1.5658676e-01  -3.3020125e-01  -1.6188160e-01   1.9733743e-01  -1.4130636e-01  -1.4690043e-01  -1.9429226e-01  -1.4064760e-01  -5.1095940e-01  -3.0731850e-01  -1.1050685e-01  -3.7462497e-01   1.8804643e-01  -1.2319124e-01  -2.3527896e-01  -3.6532744e-01   4.0877899e-02   4.1941129e-01  -1.0288217e-01   1.7609968e-01   1.5143692e-01  -4.3496975e-01   2.8696255e-01   3.8555817e-01  -2.5652693e-01   2.2201121e-01   3.4405952e-01   3.0761019e-01  -2.4105886e-01   5.5495237e-01   3.7226666e-01   7.8860994e-04   2.1966312e-01  -4.7778974e-01  -1.0003651e-02  -3.9353535e-01  -2.5955152e-01   1.1645572e-01  -5.6935937e-01  -2.7301011e-01  -1.4043953e-01  -3.9763248e-01   2.0434762e-01   6.2793422e-01  -1.8336220e-01   4.0704344e-01   1.1066211e-01  -3.2391386e-01  -3.0199900e-01   1.9643699e-01  -2.9109599e-01   1.5882571e-01  -2.7681915e-01   6.8747671e-02  -9.3216641e-02  -1.0009062e-03   1.1865514e-01   3.4273004e-01  -2.5596385e-01  -9.4646587e-02  -2.6039502e-01   5.2834099e-01  -1.7654704e-01   1.9150812e-01  -6.1381084e-01   2.9113069e-02  -7.5839007e-02   1.2405026e-01   1.6637826e-01  -7.6212103e-02   3.2581132e-01  -2.8644229e-01  -1.6633734e-01  -3.8294043e-01  -1.4266746e-01   2.1485072e-01   2.7964946e-01  -2.8311343e-01  -4.4422643e-02   1.1355804e-01   5.3815566e-01  -1.6176137e-01   2.4712421e-01   5.0998655e-01  -1.4973385e-01  -3.6608713e-01  -1.8559720e-02   2.2903007e-01  -9.7025556e-02  -1.9916307e-01  -5.4890066e-01  -4.6975767e-01   2.9467816e-01   3.2919975e-01   6.1818193e-01   2.9807016e-01  -2.7873254e-01  -4.7138854e-01   2.7302750e-01   1.8984105e-01  -2.8991212e-01  -1.5127074e-01   1.9079911e-01   2.0628688e-01  -2.9018997e-01  -4.8854730e-01  -2.9621151e-01  -1.9722286e-01  -3.6171771e-01  -4.2173210e-01   5.4867642e-01   2.7072927e-01  -1.8232924e-01  -4.1376137e-01   1.6716101e-01  -3.4874995e-01  -8.3546064e-02   1.1599830e-01   5.7363116e-03  -8.9466701e-02
