   0.0000000e+00   6.0984504e-02  -2.9515978e-01   1.3109412e-01   1.5086135e-01  -2.1935143e-01  -5.5221823e-01   4.0060892e-01   4.5010060e-01  -4.4556720e-01  -1.4687776e-01  -3.0075446e-01  -1.7051376e-01   1.3110038e-01  -3.8864247e-01  -3.6151046e-01  -9.0483673e-02  -4.6409517e-01   1.4495658e-01  -6.3113733e-02  -4.6154702e-01   1.0712630e-01  -5.7588137e-01   5.7555380e-01   7.3612443e-02   3.4208333e-01   4.6248083e-02   4.0302998e-01   2.9063965e-01  -2.7847925e-01  -4.1018558e-01  -1.7293763e-01  -9.1205300e-02  -5.4273192e-01  -9.2139162e-02  -2.4722121e-01   4.3124726e-03   3.7413208e-01  -3.3992963e-01  -2.5479632e-01  -2.0702068e-01  -1.6214212e-01   2.4054186e-01  -2.6388037e-01  -1.8043482e-01   5.2632228e-01  -1.4893976e-01  -5.2422536e-01   8.4947230e-02   3.3558188e-02  -3.5814239e-01   2.6364439e-01  -3.3386718e-01  -3.2206751e-01  -2.3639478e-01  -2.5626052e-01   3.5557770e-01   1.2615493e-01  -1.1189027e-01  -1.3794083e-01   1.2753125e-01  -1.4605710e-01   1.8411676e-01  -2.1017979e-02   1.9346308e-01  -3.0320161e-01  -1.8881016e-02   1.4909989e-01   1.9042695e-01   3.5774377e-01  -2.8215330e-01  -1.5078967e-01  -2.0816439e-01  -3.3357696e-01  -2.8172068e-02   1.4688239e-01   3.5500029e-01   1.4969090e-01   7.2847031e-02   8.3431322e-02  -2.7601494e-01  -7.2115273e-02  -3.0683284e-01   1.6718389e-01  -3.0201134e-01   1.1445196e-01  -2.0443771e-01  -1.4250322e-01   1.3401616e-01   6.3654686e-01   2.5579220e-01   1.4523144e-01  -2.9138912e-01   3.2535290e-01   5.5770466e-01  -2.5598707e-02   3.0018616e-02   1.9943371e-01   1.0828410e-01  -4.7648145e-01  -2.8113019e-01   1.4497047e-01   5.4198170e-02   1.5683645e-01  -1.5806061e-01  -1.1302306e-01   1.8163410e-02   2.0205996e-01  -3.0894657e-01  -1.9358490e-01  -2.7625168e-01   2.2407768e-02   9.8833581e-02   6.3108592e-01  -1.1756918e-01   2.4689454e-01   2.8910717e-01  -1.1558278e-01   2.8540821e-01   1.2658306e-02   4.7059181e-01   2.5662918e-01   1.8933672e-01  -2.9097258e-01   6.2532519e-01   2.2867765e-01  -3.2328389e-01  -1.0561696e-01   1.9185058e-01  -1.7105712e-01  -2.9288806e-01  -3.9949239e-01   1.7770788e-01  -4.8570357e-01   3.2777936e-01   3.0325627e-01  -4.6065044e-02   6.7196860e-02   2.3736155e-01   5.9386259e-01   2.9099594e-01  -1.6059495e-01   3.4520019e-01  -3.9264919e-01  -3.8395725e-01  -4.9129528e-01  -5.6612334e-01  -1.5260366e-01  -3.7252073e-01  -4.0444414e-01   3.8605240e-01  -1.4805733e-01   2.1708850e-01  -1.1951635e-01  -8.0022791e-02   4.9741075e-01   3.6796636e-01  -3.3603435e-02  -3.6040506e-02  -3.8343040e-01  -5.0713232e-02   2.7827408e-01  -2.5636504e-01  -3.4404524e-01   9.2445115e-02  -1.2764672e-01  -4.3164519e-02   3.7259915e-01  -2.8757907e-02  -1.0005959e-01   4.3009988e-03   3.7247483e-01  -1.5461603e-02   8.4453384e-02  -1.2558123e-01  -2.6115520e-01  -8.0835675e-02
   6.0984504e-02   0.0000000e+00  -2.4029680e-01  -1.1603822e-01   3.0864402e-01  -5.0581943e-01   1.3194847e-01  -2.2413773e-01   4.7418899e-01   1.2632467e-01   1.9106560e-01   4.7113935e-01  -1.6941788e-01  -7.5254149e-02   1.8355649e-01  -1.8456912e-01  -9.2641898e-02   2.3375089e-02   1.1034452e-01  -1.6347818e-01   1.8289962e-01  -5.7481194e-01  -1.2644566e-01  -4.0670722e-01  -1.8546243e-01   4.1308177e-02   1.7646088e-01  -4.5929069e-01  -3.2986487e-02  -8.5110353e-02   4.0615305e-01  -3.7114975e-01  -2.2249107e-01   3.0299843e-01   4.3836785e-01   9.6942629e-03   4.0367704e-01  -2.2487434e-01   9.6103920e-02   1.0470229e-01  -1.0283063e-02  -3.8317961e-01  -6.5337484e-02   1.9369677e-01   1.6617046e-01  -3.7181119e-01  -4.5589955e-01   4.2599069e-01  -2.0922647e-01   2.8870652e-02  -4.4719151e-01  -5.1819791e-02   4.4946222e-01  -2.7751673e-01   1.4192824e-02  -1.8514290e-01  -2.1087197e-01  -5.2698485e-01  -8.9033095e-02   1.0370442e-01  -3.3371603e-01  -3.1742857e-01   4.2412027e-01   5.1567195e-01   4.6737823e-01  -3.3478691e-03  -2.8539872e-01  -4.4028013e-02  -5.2821083e-01  -3.5079368e-01   6.9275095e-01  -4.1654266e-01   3.8524025e-01  -3.0661054e-01  -6.0177278e-02  -2.7415333e-01  -2.4235745e-01  -1.7200601e-01   2.1528601e-01  -5.2045099e-02  -2.9996933e-01   1.1611382e-01   6.5662271e-01   2.0412352e-01   4.1571172e-01  -2.2341264e-01   2.2974020e-01  -3.4892104e-01   2.9991226e-01  -1.7345060e-01   4.1476677e-01  -4.6492450e-01   9.5025452e-02   2.9677279e-01  -2.4717186e-01  -1.6729300e-01  -2.2118926e-01  -1.1083890e-01   8.5806030e-03  -1.6443663e-01   5.9904871e-02   8.5243485e-03  -2.0425757e-01   1.2644925e-01  -6.2036756e-01  -4.3881027e-01  -2.7544011e-01  -3.3954887e-01   8.7339350e-02  -2.9812522e-01   3.1643295e-01  -5.6736523e-01  -2.8447634e-01  -3.4615397e-01  -3.6679463e-01   5.8365197e-01  -1.3633372e-01   2.2139910e-01  -5.6091092e-01  -1.4802204e-01  -3.4132955e-01   1.4136032e-01   1.3650665e-01   3.5895261e-01  -1.1331183e-01  -2.0705273e-01  -1.8011839e-01  -2.5235051e-01  -5.4462073e-01   3.1777500e-02  -2.2647878e-01   5.1431338e-01   7.2740045e-01   2.8578896e-01  -5.2009531e-02  -2.3997873e-01  -1.4121634e-01  -3.5528883e-01  -3.1045776e-01  -2.2700422e-01  -2.6150473e-01  -4.7676542e-01  -3.5813712e-01  -1.4557922e-01  -1.1142032e-01  -1.2900976e-01   1.7239631e-01   6.7416540e-01  -3.0620024e-01   4.8969651e-01  -2.4639878e-01  -1.6282992e-01  -3.5961073e-01   6.2845002e-01   4.4326961e-01  -3.1393878e-01  -2.0003706e-01   2.3612786e-02  -3.3769124e-01  -3.5673862e-01  -5.1918733e-04  -3.0484885e-01   4.4293203e-01  -3.6546910e-01  -5.0463393e-01   3.7758886e-01   3.6586250e-01  -1.7132250e-02  -2.4259629e-01   5.0568702e-01   2.7399828e-01  -2.4183353e-01   2.6815499e-01  -4.2535743e-01  -3.4019567e-02  -2.1248329e-01  -2.1266478e-01
  -2.9515978e-01  -2.4029680e-01   0.0000000e+00  -2.8131730e-01  -1.8427190e-02   2.2055503e-01  -2.5447654e-02  -1.1283202e-01  -3.2417860e-01   7.6848164e-02   2.4650906e-01  -7.7780046e-02   3.6865977e-01  -1.6883203e-01   4.7258387e-02   4.0289506e-01   8.1401365e-01   1.8238981e-01  -5.8237692e-02   3.6363462e-01   1.3075689e-01  -1.4904699e-01   3.2380396e-01  -2.4649288e-01   4.6910232e-02   8.0286581e-02   2.3747236e-01  -2.2063911e-01  -8.3844890e-02  -2.7753724e-01   1.2978290e-01   7.2724378e-02   3.3187307e-01   6.5265055e-02  -2.4895219e-01   2.7980777e-01  -4.6647537e-01  -6.2354196e-02   3.0878147e-01   6.5227484e-01   2.9979906e-01   5.7071967e-01  -4.5342130e-01   3.5046914e-01  -3.1016957e-01   9.1685197e-02   9.7844537e-02   8.0407971e-02  -2.0750446e-01   5.8353298e-01   1.5157186e-01  -3.9995702e-03   1.9150104e-01   4.4352731e-01  -2.8347742e-03   3.2331244e-01  -1.7190942e-02   4.4975666e-02  -6.5643203e-02  -2.0156879e-02   5.6865481e-01   1.1472664e-01  -2.5235921e-01   2.5355607e-02  -4.3109075e-01   5.8096924e-02  -4.1897912e-02  -7.2648761e-02  -1.4106097e-01   3.6838497e-01   9.2487922e-02  -1.2776449e-01   3.4404233e-02   5.3414535e-01   5.6757676e-02   4.4600410e-02   8.2623139e-02  -3.6061751e-02  -2.1722048e-01   1.5057217e-01   5.4714097e-02   9.0655625e-02   1.3757913e-01  -9.5436079e-03   3.9078854e-01  -5.1555386e-02  -2.0653807e-01   1.2560793e-01  -4.5463124e-02  -4.2681292e-01  -2.3202080e-01   4.4170913e-01   4.4788031e-01  -2.6202474e-01  -8.7091880e-02   3.0288952e-01   6.0655225e-02   4.8058618e-02   8.2860379e-02   9.7900699e-02   4.9042551e-01  -5.8370048e-02  -3.2306307e-01  -2.1650560e-01   2.9531480e-02   3.9421467e-02   3.0994140e-01  -1.1620402e-01   4.1513907e-02   2.8982145e-01   1.9155814e-01  -2.4317142e-01  -1.9421135e-01  -1.6261690e-01   1.8135655e-01  -2.5554368e-01  -1.9151776e-01   5.4239399e-02   1.2828448e-01  -2.4183452e-01  -1.0591288e-01  -2.4129353e-01  -9.9844364e-02   4.4418596e-02  -4.4489052e-01  -2.3030747e-01  -1.4727917e-01   2.7403049e-01  -2.5169476e-02   7.1805534e-01   2.9831268e-01  -1.7882362e-01   6.0856455e-03   2.6955093e-01  -2.5411365e-01  -4.3738395e-02   2.5263954e-01  -7.4048457e-02  -1.2139593e-01  -2.7239402e-01  -3.1221748e-01   3.4441273e-01  -1.7703309e-02   5.8362353e-01   2.7120377e-01   3.5175682e-02   4.0853669e-01  -2.2219999e-01   2.6705979e-01  -3.6494861e-02  -5.9215108e-02  -1.3273481e-01   1.8430592e-01  -2.1496737e-01   4.1863114e-01  -2.1661077e-01  -4.8768689e-02   2.5284852e-03   6.0843171e-01  -6.0451025e-02  -2.7007086e-01   1.1652569e-02   1.9080062e-01  -9.9477702e-02   1.7396109e-02  -1.9446812e-01  -1.3146126e-01  -7.0715173e-02   3.3351990e-01   1.9915102e-01  -2.9327466e-01  -3.4033742e-02  -3.7495663e-01   2.5082533e-01  -8.8761200e-02   2.9934874e-01   1.0796964e-01
   1.3109412e-01  -1.1603822e-01  -2.8131730e-01   0.0000000e+00  -1.2530889e-01   3.1107040e-01  -7.6273250e-02   2.5549271e-01   2.6350871e-01  -1.5302048e-01  -5.7329857e-02  -1.4502360e-01   1.2231046e-01   2.1587300e-01  -2.2781781e-01  -2.4555859e-01  -2.1675160e-01  -8.2723938e-03   1.0219272e-01  -5.0960736e-02  -1.8672481e-01   4.0286459e-01  -1.5544418e-01   2.5156126e-01   1.3067488e-01   8.2122228e-02   3.1358297e-02   1.6511188e-01  -6.5484095e-03   1.4197428e-01  -2.7902407e-01   3.0789012e-01   9.4057634e-03  -1.1159853e-01  -8.2422434e-02  -8.2957213e-02   2.7642602e-01   5.7923309e-03  -2.7536960e-01  -2.8248031e-01   8.1557914e-04  -1.3820703e-01   2.6503381e-01  -2.6181893e-01   2.2877843e-01   1.2055957e-01   3.5083032e-01  -1.3663422e-01   4.2737253e-03  -3.0459636e-01   1.3889620e-01  -3.3477688e-04  -1.7464361e-01  -4.4763549e-01  -1.5892174e-01  -1.5180234e-01   3.4486040e-01   2.5391916e-01   2.5558754e-01   1.2736152e-01  -6.5089908e-02   1.5815148e-03  -1.1337569e-01  -1.1127288e-01   1.0326874e-01   1.5853695e-01   4.0775064e-01  -1.0694230e-01   5.2573493e-01   9.5727799e-02  -3.1758844e-01   6.4812450e-01  -2.4464906e-01  -2.1059092e-01  -2.3784681e-01   2.2260309e-01   1.1885032e-01   1.4690015e-01  -1.2427870e-02   3.7921940e-02  -6.8434407e-02  -3.0662833e-01  -4.1942286e-01   4.2599758e-02  -5.1124421e-01   1.5351904e-01   1.8617365e-01   5.5057297e-02  -9.9005461e-03   3.6793827e-01  -3.2244075e-02  -5.5529631e-02  -3.8438244e-01   2.6669489e-01   1.0447858e-01  -4.0611628e-02   2.2713917e-01   2.4349090e-01  -5.4075775e-02  -3.1154515e-02  -4.4544302e-01  -1.1318376e-01   3.9312116e-01   3.5334646e-01   2.0949407e-01   3.1874456e-01  -2.2983082e-01   4.4877312e-01  -6.6729247e-02   8.2811897e-02  -2.2643129e-01   3.5971788e-01   4.7446824e-01   1.8378446e-01  -1.4758919e-01  -1.9924528e-01   3.1986681e-01   3.3374819e-02   9.1502089e-02   7.7682586e-01   2.0420111e-01   6.2055779e-02  -9.6804831e-02  -2.3190104e-01   2.7052565e-01   5.1504402e-01  -1.4072448e-01  -2.6549095e-01   4.9154317e-01  -2.9821521e-01  -2.7667949e-01  -3.2818404e-01  -1.2022045e-01  -1.5777166e-01   3.0704875e-01   2.7177670e-01  -5.6609445e-02   3.5229316e-02   2.9422500e-01   1.6739496e-01   3.0671520e-01  -7.2403070e-02   3.9875525e-01  -1.9222177e-01  -2.7954548e-01  -1.9294296e-01  -2.7428652e-01  -5.7020748e-02   9.0082562e-02  -3.0276652e-01   3.6326574e-02   8.7882027e-02   1.0261759e-01  -5.9388786e-02  -7.4553416e-02   2.0192983e-01   1.6433922e-01   9.9459266e-02  -2.1198524e-01   8.8776937e-02   2.2502035e-01   3.0485647e-01  -1.7700104e-01   3.6317276e-01   4.5057290e-01  -2.9923717e-01  -1.1153294e-01   8.3444726e-02  -2.4393715e-01  -3.6248129e-01  -5.1170243e-02   6.7502834e-02   3.4052461e-01   2.7894472e-01  -9.8622262e-02  -8.9182826e-02   3.9494857e-01
   1.5086135e-01   3.0864402e-01  -1.8427190e-02  -1.2530889e-01   0.0000000e+00  -1.7013593e-01  -3.0676600e-01   2.1570886e-01   5.8702524e-02  -6.0403766e-02  -3.4108799e-01   2.7562287e-01  -2.8376203e-02  -3.8761583e-01  -3.7381469e-01  -2.0881110e-01   1.9786443e-01  -3.9350163e-01   4.0583064e-01   6.5532408e-01  -8.3511616e-02  -3.4925834e-01  -3.6758600e-01   8.6193068e-02  -6.5836686e-02   3.6342217e-01   5.3739384e-01  -7.4409312e-02  -1.8250213e-02  -4.8430896e-01  -3.8378100e-01   3.8040338e-02  -1.4611942e-01  -5.4139866e-02  -3.9646517e-02   5.2257662e-01   7.8362163e-02   1.6240620e-01  -3.2370908e-01   4.4167177e-01   4.9259138e-02  -1.4621040e-01   1.2100503e-01  -8.8883790e-02   4.3606019e-02  -1.0096956e-01  -2.9711046e-01  -2.7977164e-01   8.0382615e-03   6.5752846e-01  -4.1438934e-01   2.3326100e-01   8.4291187e-02  -2.1700221e-01  -2.4376115e-01  -2.4276376e-01   1.0075893e-01  -1.8251909e-01  -1.8718544e-01  -1.1229385e-01  -6.2092859e-02   5.0533943e-02   3.1744917e-01  -1.8494963e-01  -9.3958243e-02   1.5784194e-01   3.0494258e-02   4.4516850e-03  -3.5033478e-01  -5.3548487e-02  -1.1690389e-01  -3.7256023e-01  -1.2434347e-02  -2.8385499e-01   1.8660537e-02   1.9081740e-01   1.7434496e-02  -4.8835497e-03   7.2414653e-01  -7.5796211e-02  -5.5058128e-01  -4.2523000e-02   3.5598986e-02   4.6706452e-01   4.3495030e-02   2.3277784e-01  -4.7363504e-01  -3.1780155e-01   3.3444445e-01   5.6247485e-02   8.1982854e-01  -1.5217755e-01   3.6873434e-01   1.7394221e-01   4.2898157e-02   7.0560039e-01   9.6401920e-02   2.6045658e-01   3.2978117e-01  -2.2341486e-01  -2.4378448e-01  -1.9119117e-01   3.4683062e-02  -4.1929338e-01  -4.3352049e-01  -9.3938069e-02  -2.8801435e-02   1.0140946e-01  -5.7453720e-02  -7.0509791e-02   2.8472849e-01  -4.4804386e-01   2.8415464e-02   3.3591790e-02  -3.3998789e-01   5.3817978e-01   6.7702596e-02  -9.6843885e-03  -1.7172356e-01  -2.1684158e-01  -2.6034628e-02   8.3214483e-01   3.4955042e-01  -2.0643981e-01   2.2203934e-01  -1.2062796e-01  -2.0272475e-01   1.0897426e-02  -1.9135261e-01  -8.0314568e-02  -1.6495438e-01   1.3860327e-01   5.5478677e-01  -3.4052829e-01   2.7325762e-02   1.7349024e-01  -1.1127817e-01  -2.2295229e-01   1.2926696e-01   1.5049121e-01   1.0594694e-02  -6.4388561e-02   7.1678781e-02  -4.1003714e-01  -3.7611240e-01  -4.6955720e-01  -1.8527569e-01   3.3572991e-01  -5.2190817e-02  -7.9885176e-02   1.2248794e-01  -1.2216357e-01  -2.5644067e-01   4.0354751e-02   5.3298638e-01  -7.7934344e-05  -5.4726250e-02  -9.6841385e-02   7.4880663e-02  -4.2597678e-01   7.2075182e-02  -2.0150549e-01   6.0463472e-02  -4.2864582e-01  -2.4148894e-01   4.1566299e-01   1.8253510e-01   7.6574640e-02  -1.3602204e-01   3.7895634e-01   4.8568070e-01   1.6346925e-02   1.6843458e-01  -1.2257398e-01  -6.8206640e-02  -8.0281377e-02  -8.5690589e-02
  -2.1935143e-01  -5.0581943e-01   2.2055503e-01   3.1107040e-01  -1.7013593e-01   0.0000000e+00   1.7795841e-01   5.9091202e-02  -4.1483461e-01  -1.4765351e-01  -2.7801447e-02  -1.8586451e-01   2.6202253e-01   1.4866589e-01  -3.1916651e-01   1.7969477e-01   2.0621020e-01   1.6093210e-01  -9.8110734e-02   3.1076290e-01   1.8282296e-01   5.0678675e-01   2.7858970e-01   1.4297355e-01   4.3791023e-02  -6.0382339e-02   8.6151636e-02   2.9439031e-01  -1.4494872e-01   4.2115264e-01  -3.9298912e-01   3.4956724e-01   1.2377684e-01   2.3127006e-01  -5.9671231e-01   3.6577121e-01  -3.5701353e-01  -7.0360638e-03  -9.3306299e-02  -9.8487259e-02  -6.6307845e-02   2.3830677e-01  -7.9998317e-02  -6.8583108e-02  -1.1351068e-01   3.4145606e-01   7.3597052e-01  -8.7191881e-02  -1.2158530e-01  -9.4776156e-02   6.0852061e-01  -4.9793160e-02   1.0503530e-01   1.3630084e-01  -3.3084851e-02   1.8693748e-01   2.4464310e-01   4.8937497e-01   2.9255931e-01   9.1689685e-02   2.2716724e-01  -3.2210086e-02  -5.1240967e-01  -4.2167621e-01  -6.5296625e-01   5.1807424e-01   6.9667721e-01  -2.8505157e-01   5.6551039e-01   3.4244190e-01  -5.7354942e-01   5.7629968e-01  -3.6946539e-01   3.4306325e-01  -1.6698288e-01   1.7177019e-01   2.3873349e-01   1.6618258e-01   2.2873581e-02  -1.4056006e-01   3.3161758e-01  -2.6517740e-01  -4.9857261e-01  -9.1581689e-02  -4.3272346e-01   8.9560309e-02   1.5931364e-01   1.1821084e-01  -3.3698423e-01   1.7204284e-02  -3.0503615e-01   2.9837784e-01  -5.2605328e-03  -3.4710952e-01   9.2917195e-02   1.9537670e-01   1.6641341e-02   1.7131876e-01  -1.5685794e-01   4.3328265e-01  -2.3145016e-01  -7.1636728e-02   3.1960778e-01   6.0508565e-02   6.6458612e-01   3.7865951e-01   1.9524614e-01   5.1944997e-01  -3.3443213e-01   6.0983323e-01  -1.2167160e-01   5.3859227e-01   1.2641217e-01   1.0318563e-01   1.8958843e-01  -5.6012903e-01   1.9649337e-01  -1.2333190e-01   4.6620540e-01   3.7208153e-01   2.0666826e-01  -6.5169739e-02  -4.0201727e-01  -5.4606329e-01   5.7657290e-03   2.4160823e-01   1.3522399e-01   6.4058384e-03   4.3625429e-01   4.3777193e-02   1.4406341e-01  -3.6678500e-01  -4.4102280e-01  -1.4470267e-01   1.1491519e-02   1.7296262e-01  -2.0167447e-01   3.1401411e-01   3.5549947e-01  -1.0874827e-01   1.6195089e-01   1.9133368e-01   3.6455801e-01   3.1592051e-01  -2.1310005e-01   8.5880633e-02  -1.0629952e-01  -1.7557118e-01   7.4527066e-01  -5.4834048e-01   1.2291866e-01   2.2102034e-01   2.8041546e-01  -3.9986595e-01  -1.9212638e-02   1.3046663e-01   1.3620718e-01   1.0467176e-01   1.8579256e-01   5.7627452e-01  -1.5542255e-01   2.0305294e-01  -3.2897714e-01   5.9993054e-01   5.0599352e-01  -3.4349459e-01  -1.1652134e-01   5.5475293e-03   1.8304688e-01  -4.9117768e-01   7.6384901e-02   9.7740931e-02  -1.5306078e-01   7.7888602e-01  -7.7596713e-02   1.6163588e-01   3.9796533e-01
  -5.5221823e-01   1.3194847e-01  -2.5447654e-02  -7.6273250e-02  -3.0676600e-01   1.7795841e-01   0.0000000e+00  -4.7798442e-01  -2.3906067e-01   5.7769061e-01  -2.8116940e-03   5.8093934e-01   1.5072128e-02  -1.8312877e-01   5.4347147e-01   2.9728920e-01  -1.4123479e-01   3.1196294e-01  -2.5465549e-01  -4.3569300e-02   5.3235853e-01  -1.3497323e-01   8.1353418e-01  -4.4204386e-01  -1.3996874e-01  -3.3794809e-01  -3.1709071e-02  -1.3878495e-01  -2.0014083e-01   3.3368760e-01   2.2360956e-01  -1.1772570e-01  -5.1847875e-02   7.2755909e-01   2.4106214e-01   2.0757940e-01   8.6696233e-02  -4.8511531e-01   1.5895373e-01   6.4057261e-02  -6.3174362e-02  -2.4502538e-02  -2.2038897e-01  -4.3213858e-02   3.8042146e-01  -3.7448302e-01   1.2244419e-01   5.2029196e-01  -2.7310831e-01  -3.2618224e-01   2.0390910e-01  -2.3817990e-01   1.3664230e-01   1.5987031e-01   2.2692941e-01  -1.2594140e-02  -4.7810405e-01  -1.8077815e-01  -3.5674012e-02   2.3031736e-01  -3.6855118e-01   1.7439649e-01  -2.0144816e-01  -1.2938099e-01  -1.5634780e-01   5.4128699e-01   3.3894181e-02  -2.0410146e-01  -2.5091330e-01  -2.1612765e-01   3.8586335e-01   1.9058950e-01   2.3190249e-01   1.2987157e-01  -1.5802923e-01  -1.9142350e-01  -3.5538467e-01  -3.8541769e-01  -1.5836508e-01  -3.1988127e-01   5.0798243e-01   4.9807200e-02   2.6399771e-01  -2.6890198e-01   8.9384901e-02  -1.3119710e-01   2.9873246e-01   2.1114789e-01  -2.2097542e-01  -4.5979199e-01  -2.8361041e-01  -2.7338547e-01   1.6907148e-01  -2.5436027e-01  -4.2952754e-01  -1.4588224e-01  -2.5454193e-01  -3.2957504e-01  -3.1355183e-01   7.3587452e-01   1.0890377e-02   3.9343267e-02  -1.3190279e-01  -1.3063776e-02   1.2236215e-01   1.4242943e-02  -4.1581430e-02  -3.2777120e-01   3.4357378e-01   1.8229493e-01   4.2530273e-01  -6.0466060e-02  -2.5584825e-01  -4.6043230e-01   1.4582213e-01  -3.2725214e-01  -3.6625211e-01   1.2729698e-01  -4.1066771e-01   3.6198087e-02  -4.6198425e-01  -3.1506919e-01  -3.6367091e-01   1.4854471e-01  -4.7004245e-01  -1.4663794e-01   3.3714514e-01  -1.2207008e-01  -2.1479095e-01  -5.1703126e-02   7.3035057e-02   4.3317081e-01  -1.8736601e-01   3.1001825e-01  -2.9541613e-01  -2.7422941e-01  -1.7507521e-01  -2.0582217e-01  -2.0010900e-01  -4.4885519e-01  -2.6301891e-01  -1.0857789e-01  -4.8672972e-01   1.9763328e-01   3.5958225e-01   2.6901367e-01   6.5916364e-01   2.6743540e-01   4.2908652e-01   4.1621930e-01  -2.0489293e-01   1.0242239e-01  -1.9518351e-01   2.5601172e-01  -5.7319383e-02  -3.7247967e-01  -3.2739688e-01  -1.5400133e-01  -2.0850340e-01   5.5918285e-01   3.1816710e-02  -3.4100523e-01   2.1858473e-01   2.7607790e-01  -2.3653089e-01   2.6364342e-01   4.7408965e-01  -3.4770070e-01  -1.2455644e-01   3.0515469e-03   2.5386020e-01  -3.6470958e-01   9.2187518e-03  -1.7573014e-01   1.7062480e-02   8.8632953e-02  -1.1178007e-01
   4.0060892e-01  -2.2413773e-01  -1.1283202e-01   2.5549271e-01   2.1570886e-01   5.9091202e-02  -4.7798442e-01   0.0000000e+00   3.0954439e-01  -1.7950294e-01  -1.7286246e-01  -2.0146978e-01   1.4670926e-01   1.1219025e-01  -2.6791853e-01  -4.5109239e-01  -5.2557921e-02  -4.3475514e-01   5.4820120e-01   1.6738620e-01  -4.6629817e-01   1.8078005e-01  -4.1516712e-01   4.4710161e-01   1.4183106e-01   6.6164832e-01   1.9288545e-01   3.4218148e-01   1.8296949e-01  -2.1024267e-01  -4.3234622e-01   4.3247326e-01   9.3363541e-02  -3.1485200e-01  -2.3843764e-02  -7.8351194e-02   2.9916234e-02   1.9626215e-01  -5.2621840e-01  -1.2896180e-01   3.6873452e-02  -8.3229331e-02   2.4959355e-01  -2.3769276e-01  -1.0898683e-01   4.3645850e-01  -2.1736963e-02  -4.3814798e-01   5.9593029e-02   1.0167997e-01  -1.3879381e-01   7.8576870e-01  -3.3006114e-01  -3.0316694e-01  -4.2041637e-01  -2.8321717e-01   5.9537770e-01   4.0506219e-01  -1.1031028e-02   1.0362248e-02   1.1917594e-01   9.1610341e-02   1.6634600e-01  -9.6685992e-02  -9.9943120e-02  -1.4614940e-01   4.3450619e-01   1.9595710e-02   3.3721832e-01   2.7576616e-01  -4.1168517e-01   8.8182303e-02  -3.8803725e-01  -3.5676260e-01   1.1549945e-01   7.5951820e-01   2.6492542e-01   5.2468011e-02   1.4862541e-01  -9.0575049e-02  -2.9922373e-01  -2.7060157e-01  -4.1361424e-01   6.3453434e-01  -4.6933907e-01   6.6415109e-01  -2.1444098e-01   4.4082024e-03   1.4611054e-01   4.3598891e-01   2.0999452e-01   9.5208298e-02  -1.0792665e-01   3.8694351e-01   2.8410890e-01   2.7223014e-01   1.8342512e-01   6.8825501e-01   1.8994413e-01  -3.6364156e-01  -3.9644710e-01   2.1667576e-01   5.0990714e-01   1.1383562e-01   7.9416987e-02   3.8308280e-01  -3.1130627e-02   6.4191800e-01  -7.2326706e-02  -1.4245565e-01  -1.5623320e-01   8.9519907e-02   2.7997937e-01   3.3220968e-01  -1.8493547e-01   1.9828599e-01   3.3682767e-01   2.5002221e-04   1.6081603e-01   1.6111439e-01   4.7177412e-01   3.6704741e-01   3.1226568e-01  -2.9283902e-01   5.2221658e-01   3.2754684e-01  -2.0246358e-01  -6.0172493e-02   4.4491775e-01  -2.0197718e-01  -1.5854298e-01  -3.7073643e-01   4.7668452e-02  -4.0236985e-01   4.7665755e-01   7.8288059e-01  -1.7478553e-01   1.5248077e-01   7.4137143e-01   3.6715298e-01   2.5979869e-01   2.0586836e-01   4.2211959e-01  -4.6337267e-01  -2.2356109e-01  -2.9707495e-01  -3.9017903e-01  -3.0259081e-01  -1.3420762e-01  -4.8373571e-01   2.4889384e-01   3.1238785e-01   6.9464876e-02  -3.3951526e-01   4.5121834e-02   3.5815219e-01   3.3186243e-01  -9.0482861e-02   1.3821670e-03  -1.7676429e-01   1.5525139e-01   2.8117197e-01  -3.6332301e-01  -1.8645518e-01   3.9686577e-01  -9.1223222e-02  -3.0367625e-01   4.8706456e-01  -6.6806442e-02  -1.2221079e-01   4.3829170e-02   7.8097700e-02  -8.5146544e-02   2.4014487e-01   2.8772803e-02  -1.6293765e-01   3.3394713e-01
   4.5010060e-01   4.7418899e-01  -3.2417860e-01   2.6350871e-01   5.8702524e-02  -4.1483461e-01  -2.3906067e-01   3.0954439e-01   0.0000000e+00  -1.8221170e-02   2.8724185e-01  -5.4502117e-02   3.8109123e-02   2.2465716e-01   1.1722519e-01  -4.5394017e-01  -2.2053903e-01  -6.5580935e-02   2.4875785e-01  -3.2694059e-01  -3.3268696e-01  -1.0924639e-01  -3.1009055e-01   2.1821342e-02  -3.1865536e-02   3.0298259e-01   1.0723632e-01  -5.4203413e-02   2.3447751e-01  -1.9852931e-01   1.7989784e-01  -1.2522144e-01  -5.0167600e-02  -1.5142445e-01   4.1451978e-01  -3.1610036e-01   4.7826784e-01  -5.7881807e-02  -2.3624329e-01  -1.4712157e-01   7.9557548e-03  -3.0113140e-01   2.2969875e-01  -5.5160076e-02   1.8950354e-01  -1.8392820e-02  -1.8264486e-01  -9.1629791e-02   3.5381001e-02  -1.5020438e-01  -3.3231310e-01   2.6819998e-01  -3.8680858e-03  -3.7456946e-01  -1.7317629e-01  -2.0026683e-01   2.1297694e-01  -1.0139725e-01   1.5292749e-01   6.7931384e-02  -1.4481170e-01  -7.4073969e-02   4.5043853e-01   5.1871170e-01   6.2970921e-01  -1.8440789e-01  -4.1720028e-02  -4.9731590e-02   1.6058532e-02  -5.1564872e-02   2.8199575e-01  -1.2523838e-01   1.5589257e-01  -3.9026007e-01  -3.8836542e-02   1.1401578e-01  -1.4181432e-01   1.0328274e-02   1.2275027e-02   2.0982391e-01  -2.4138599e-01  -1.3044462e-01   1.6874310e-01   2.1105375e-01   8.0128384e-04   1.1734530e-01   1.6346736e-01  -1.7862319e-01   3.6925490e-01   2.5264072e-01   2.1872900e-01  -2.4596053e-01  -2.6106811e-01   6.4525580e-01   8.6234208e-03  -2.6500168e-01   5.9186696e-02   2.3645413e-01   3.2679707e-01  -3.9462776e-01  -1.4092023e-01   2.0747143e-01  -9.7567655e-03   5.2913331e-01  -3.3714548e-01  -8.2372944e-02  -2.0858600e-01   1.0940154e-01   1.0217308e-01  -3.0339362e-01  -6.8078781e-02  -1.8713098e-01   4.2095924e-02   5.0390724e-02  -1.9563675e-01   4.7501315e-01   2.4557409e-01   3.4677445e-01  -2.4046146e-01   6.0687267e-02  -2.6071125e-02   3.2935427e-02   1.6952642e-01   3.0018507e-01   2.1202353e-01   1.3559825e-01  -2.0626797e-01  -1.6976166e-01  -1.9606343e-02  -1.7502758e-01  -3.7090729e-01   1.4750107e-01   3.9267968e-01   7.6057160e-03   3.5709393e-01   1.7165759e-01   3.8373593e-02  -1.8869639e-01   5.1722347e-02   2.0551134e-01  -7.0509523e-02  -1.9835212e-01   1.1573084e-01  -3.3230259e-01  -8.9477807e-02  -2.6218866e-01  -1.4540981e-01   3.1362434e-01  -4.3944837e-01   1.5603187e-01  -2.9378816e-02  -2.0890149e-01  -3.0644340e-02   4.8410562e-01   1.1014089e-01   3.2864951e-02  -1.2893699e-02   1.6916146e-01  -1.8850629e-01  -3.9428074e-01  -3.6423996e-02   2.6766674e-01   1.2647870e-01  -2.5964107e-01  -3.0772306e-02   3.2263491e-02   1.3156781e-01   3.5365551e-01  -1.8845493e-01   1.1810024e-01  -8.7189690e-02  -1.3313273e-01   4.2607383e-01  -2.1782308e-01   3.3437802e-02  -1.6253724e-01   7.3501672e-02
  -4.4556720e-01   1.2632467e-01   7.6848164e-02  -1.5302048e-01  -6.0403766e-02  -1.4765351e-01   5.7769061e-01  -1.7950294e-01  -1.8221170e-02   0.0000000e+00  -8.7179928e-03   6.4349646e-01  -1.9575929e-02  -1.3989863e-01   5.7673923e-01   4.4461423e-02  -9.5738375e-02   1.4691115e-01  -3.0440661e-02  -2.5370561e-03   2.1246995e-01  -2.5357985e-01   5.5738262e-01  -4.5873836e-01  -1.4368745e-01  -7.9832857e-02  -1.2225223e-02  -2.3376907e-01  -1.0827705e-01  -4.6449669e-02   3.6064646e-01  -5.5968921e-02  -2.1026376e-01   5.6436586e-01   3.5045556e-01   2.0628084e-02   1.7313382e-01  -4.3106308e-01  -6.6148000e-02   2.8214316e-01   2.5288840e-02  -1.2772314e-01  -2.5225662e-01   1.8578217e-01   2.9382110e-01  -5.8002479e-01  -2.1011195e-01   3.9615777e-01  -2.8778908e-01  -2.5142597e-02  -3.6685472e-02  -4.3802688e-02   1.5414630e-01   2.6396120e-02   4.6568274e-02   1.7145119e-01  -3.2553138e-01  -2.1069645e-01  -9.0458620e-02   1.7009737e-01  -4.0998029e-01   3.6204313e-01   1.4825673e-01   1.2665817e-01  -6.0760398e-02   3.1004322e-01  -1.0588608e-01  -2.1010409e-01  -3.1351213e-01  -3.6675242e-01   4.0166537e-01  -1.0671171e-01   3.5818564e-01   1.5697936e-01  -1.2132208e-01   1.0210948e-01  -4.5121954e-01  -1.9227975e-01  -8.9115610e-02  -1.3960500e-01   2.8680966e-01   1.9048929e-02   4.1885935e-01   1.6850346e-02   3.1593394e-01   9.7978412e-02   7.1891666e-02   3.4214638e-01   1.4632501e-01  -4.5659256e-01  -1.8029352e-02  -3.7301158e-01   4.3116658e-01  -9.1663652e-02  -5.5895111e-01   5.8732563e-02  -3.0830892e-02  -6.1485767e-02  -6.1490604e-02   3.2814040e-01   1.7336856e-01   1.8111672e-01  -7.7082584e-02  -1.3525454e-01  -9.0895247e-02   7.2271883e-02  -2.1904354e-01  -2.6009388e-01   5.8689680e-01  -7.4066115e-02   6.7222333e-01  -2.7441540e-01  -1.7470292e-01  -4.5518093e-01   1.1164037e-01   6.1914556e-02  -1.4859284e-01   3.1731299e-01  -4.3734679e-01  -1.8868250e-01  -5.5166778e-01  -1.3358967e-01  -1.8637015e-01   2.7691540e-01  -4.6810272e-01  -5.3240667e-02   8.2656667e-02  -1.1295909e-01  -2.2232219e-01   6.7169775e-02  -1.8025327e-01   3.8169594e-01   1.4963961e-01   3.7552944e-01  -1.4520843e-01   4.1430153e-03  -5.0170583e-02  -2.0695732e-01  -1.4430319e-01  -2.8924308e-01  -3.5568820e-01  -1.3675576e-01  -3.8087451e-01   1.1188739e-01   5.3017526e-01   2.1389479e-01   7.0909915e-01   2.3411316e-01   1.7356566e-01   4.7283945e-01  -2.5805691e-01   7.0392142e-02  -2.6007656e-01   2.1361091e-01   1.2753090e-01  -3.8004307e-01  -4.5048735e-01  -1.0890037e-01  -1.7795418e-01   1.9708238e-01   5.2803652e-02  -3.0284073e-01   3.2424281e-01  -6.6381571e-02  -2.2537672e-01   3.4224280e-01   3.9106055e-01  -2.8294760e-01  -1.1606505e-01   2.9251080e-01   2.3091216e-01  -4.4082787e-01   2.3327214e-02  -3.6950855e-01   7.2638283e-03  -6.6539716e-02  -3.8707713e-02
  -1.4687776e-01   1.9106560e-01   2.4650906e-01  -5.7329857e-02  -3.4108799e-01  -2.7801447e-02  -2.8116940e-03  -1.7286246e-01   2.8724185e-01  -8.7179928e-03   0.0000000e+00  -2.1517779e-01   2.3185125e-01   1.4719558e-01   4.1530273e-01   1.1471150e-01   3.0623233e-01   6.6704909e-01  -2.3680672e-01  -2.3528639e-01   3.3838466e-01  -7.4640254e-02   1.3829825e-01  -4.2784228e-01  -1.4291157e-01  -1.8054810e-01  -5.3733481e-02  -4.8397451e-01   7.3108382e-02   8.8979278e-02   5.6710944e-01  -5.3433573e-02   8.7816015e-02   1.7430475e-01   1.9345366e-01   1.0441337e-02   1.1777870e-01  -2.6640339e-01   3.8804069e-01   2.9629800e-02   1.2848982e-01   1.4025327e-01  -9.8644458e-03   4.2558152e-01  -3.1895796e-02  -5.4853308e-02   3.1496544e-01   3.8094379e-01  -6.8355085e-02  -2.2397149e-01   3.2166153e-01  -1.6310862e-01   4.1807752e-01   2.4804804e-02   5.9464442e-02   6.8328185e-02  -1.1341863e-01   7.6643597e-03   3.6239540e-01   3.8809618e-01   5.0803411e-02  -1.3947515e-01   4.2912992e-03   6.6822515e-01   2.0886575e-01  -3.1830724e-02  -1.0050287e-01  -2.5051004e-01   6.2047148e-02   3.5444777e-02   4.4463082e-01   6.6907778e-02   1.0648101e-01   5.4810776e-02  -8.5025852e-02  -2.4647721e-01  -2.2787084e-01  -1.5988216e-01  -2.9287204e-01   2.2256631e-01   3.2267335e-02   2.0611252e-02   4.0843807e-01  -1.7523394e-01   3.6174201e-01  -3.3254617e-01   4.1843636e-01  -2.2340579e-01   1.0470882e-01  -3.6248904e-01  -4.8128707e-01  -1.5221803e-01  -4.7854141e-02   2.5777930e-01  -2.6102176e-01  -2.5661369e-01  -9.3529538e-02  -1.3086038e-01   7.5107826e-03   1.1099507e-01   4.5512067e-01   4.0235961e-01  -3.5000258e-01   5.1411016e-01   4.4489255e-02  -1.7348083e-01  -7.2381511e-02  -1.0569502e-01   1.3547190e-01   3.6853492e-01  -7.8274838e-02   4.2666571e-03  -8.6963383e-02  -3.6908734e-01  -6.7412894e-02  -1.1664875e-01  -1.2408396e-01   2.3407611e-01  -1.0127587e-01  -3.4919351e-02  -2.6259127e-01  -4.5765091e-01   1.4901182e-02   3.7803453e-01  -3.4601583e-01  -2.3590751e-01   9.7548450e-02  -6.3516613e-02  -1.2298730e-01   4.4453406e-01   7.6868292e-02   1.5989370e-01   4.7018289e-02   6.7227387e-01   6.6491282e-02  -2.5553495e-01   4.3505321e-02  -1.9115962e-01  -2.4781101e-01  -2.9584233e-01  -3.7866061e-01  -3.8153154e-03  -4.8621193e-02   3.5985502e-01   2.3268953e-01   1.8969700e-01   1.4682502e-01   1.6175501e-01   1.0658011e-01   2.5630268e-01  -4.9404857e-01  -1.9408334e-01  -1.3028663e-01   2.2510358e-01   1.9646929e-01  -2.7416136e-01  -1.6321281e-01   3.8319483e-01   4.0423504e-02  -8.4522452e-02  -1.2199902e-01   3.1324797e-01   4.3112318e-01   2.0406478e-01  -2.2807875e-03  -3.3360369e-01  -9.5133627e-02   1.8806966e-01   1.3734106e-02   1.7324510e-01  -3.1246498e-01  -2.6105830e-01   2.4014923e-01   6.2075106e-02   4.9379939e-02   1.7101929e-01   9.0161187e-02
  -3.0075446e-01   4.7113935e-01  -7.7780046e-02  -1.4502360e-01   2.7562287e-01  -1.8586451e-01   5.8093934e-01  -2.0146978e-01  -5.4502117e-02   6.4349646e-01  -2.1517779e-01   0.0000000e+00  -5.2969806e-02  -2.9292285e-01   3.3555121e-01  -8.3140167e-02  -6.9279041e-02  -5.5366275e-03   7.3966625e-02   1.9519583e-01   4.1179242e-01  -4.3138254e-01   3.4006642e-01  -4.3245189e-01  -1.8563095e-01   2.8500037e-02   1.0442833e-01  -2.8711075e-01  -1.9552290e-01   2.3583921e-03   2.0416672e-01  -9.4125937e-02  -2.1454507e-01   6.6503267e-01   3.6458279e-01   2.4589774e-01   2.8625456e-01  -3.4587857e-01  -9.3415005e-02   2.9367313e-01   3.1480982e-03  -2.6021868e-01  -1.1791712e-01   1.0294964e-01   2.8399959e-01  -5.3125742e-01  -3.8096399e-01   5.1357565e-01  -2.9879748e-01   1.3178966e-01  -2.5911439e-01  -1.1804790e-02   2.8326199e-01  -1.0537817e-01   2.7672578e-02  -1.6439314e-01  -3.2847523e-01  -3.6104684e-01  -2.5333802e-01   2.5594477e-01  -4.5132465e-01   1.2204925e-01   1.2255905e-01   2.2551515e-02  -9.6675886e-02   4.3979670e-01  -1.5266121e-01  -1.7873341e-01  -5.2119110e-01  -4.0241163e-01   4.2889356e-01  -2.3147984e-01   3.7821763e-01  -1.1580563e-01  -1.4629446e-01   6.4249398e-02  -3.5959475e-01  -2.4535058e-01   2.7248300e-01  -2.8516452e-01   1.6388354e-02   1.3852704e-01   4.4731995e-01   2.1306722e-01   2.8854327e-01   9.5682795e-02   9.2720574e-03   9.4121810e-02   1.6842142e-01  -3.7267007e-01   2.8936768e-01  -4.6050984e-01   5.2834155e-01  -5.2750640e-02  -3.7337602e-01   2.1777825e-01  -1.9495482e-01  -4.9275385e-02  -1.2911809e-01   2.4411516e-01  -2.6393844e-02   5.2698320e-02  -5.7671766e-02  -2.0755454e-01  -2.9332351e-01  -1.3888497e-01  -1.4037806e-01  -2.9049099e-01   3.8267595e-01  -1.0265460e-01   7.0974790e-01  -4.1321525e-01  -2.8349453e-01  -4.5547783e-01  -2.3191935e-01   2.5928025e-01  -2.7846823e-01   2.0510870e-01  -5.6957762e-01  -2.1294889e-01  -4.9232223e-01   2.3807648e-01  -2.3162699e-02   1.6446589e-01  -3.0599007e-01  -8.1197517e-02   4.3651452e-02  -1.0217852e-01  -3.5629748e-01  -4.1348998e-02  -8.6314945e-02   4.7919425e-01   3.8697267e-01   2.2646981e-01  -1.7258384e-01  -3.9670380e-02  -2.4686319e-01  -2.9762513e-01  -1.3822496e-01  -3.0059827e-01  -3.1551370e-01  -1.5054014e-01  -4.1944272e-01  -1.4722360e-01   1.9594989e-01   1.2598033e-01   5.6818804e-01   4.1511983e-01   1.3608329e-01   3.9509922e-01  -2.3931683e-01   6.3582135e-02  -4.0549091e-01   1.6184602e-01   3.3897159e-01  -3.4194493e-01  -3.3732657e-01  -2.5997077e-01  -2.6332054e-01   4.9162428e-02   5.3387434e-02  -5.3826867e-01   3.2916542e-01  -2.0818227e-01  -3.3416196e-01   6.1105216e-01   4.4647291e-01  -2.7636118e-01  -2.4668739e-01   4.4552002e-01   5.8777191e-01  -3.6406081e-01  -6.8099794e-04  -4.0571466e-01  -1.7481506e-01  -1.9133061e-01  -1.4328054e-01
  -1.7051376e-01  -1.6941788e-01   3.6865977e-01   1.2231046e-01  -2.8376203e-02   2.6202253e-01   1.5072128e-02   1.4670926e-01   3.8109123e-02  -1.9575929e-02   2.3185125e-01  -5.2969806e-02   0.0000000e+00  -3.4406583e-02   1.1426756e-01   1.6839486e-01   2.8396632e-01   2.5987139e-01   5.6197464e-02   2.4351511e-01   1.2787206e-01   1.2268432e-01   2.2141961e-01  -4.6360413e-02   3.3178208e-01   1.7770552e-01   3.3221491e-01  -7.1670657e-02   5.4760041e-02   5.7463272e-02   4.8755081e-02   3.7538684e-01   4.3279384e-01   6.3451609e-02  -1.3835957e-01   2.6470957e-01  -1.2985477e-02   1.5531477e-01   3.0723390e-02   1.9688779e-01   5.1115852e-01   3.2770525e-01   2.6534089e-02   1.0047034e-01   1.8299073e-01   4.6809810e-02   3.3508782e-01   1.2205394e-01   1.7598044e-01   1.1497221e-01   2.1668019e-01   1.9371308e-01  -1.8776961e-02   1.5946536e-01  -8.6197867e-03   1.3705284e-01   1.8224189e-01   2.0897511e-01   1.9388778e-01   6.7724045e-02   1.9014380e-01   1.6982996e-01  -1.4641805e-01   3.3963065e-02  -1.1641542e-01   1.5926337e-01   2.1639417e-01   3.0005438e-02   1.5237299e-01   1.6712083e-01  -1.0919926e-01   2.2732901e-01   1.3232597e-01   1.4779640e-01   5.8722698e-02   2.3056112e-01   1.4634660e-01   7.5718348e-02  -2.3200205e-02   3.6732070e-01   1.3791281e-01  -1.6008406e-02  -1.0417132e-01   1.0027409e-01  -8.3878036e-02   1.6654279e-01  -2.4669193e-02   1.8832582e-01   5.3382552e-02  -1.9798000e-01  -1.2689506e-01   1.0784787e-01   1.1447567e-01   4.4501320e-02   3.6527600e-02   1.5067140e-01   2.0412410e-01   6.6985529e-02   3.7624055e-01   2.2706588e-01   5.6772829e-02  -4.5293066e-02   4.9252571e-02   4.2745386e-05   3.0156514e-01   3.0425476e-01   3.1502519e-01   1.3388897e-01   8.9175500e-02   3.3716649e-01   1.3914109e-02   1.2598820e-01   3.6773233e-02  -1.5335509e-01   5.1105311e-02  -1.3249741e-01   8.4966180e-02   3.6254913e-01  -4.0086917e-02   2.1710674e-02   5.8272753e-02  -1.1382316e-01   5.0457473e-02   8.6025966e-02  -8.4749200e-02   7.9722644e-02   1.1295519e-01   2.6836838e-01   2.4188518e-01   1.7598835e-01   4.0477439e-01  -4.3113678e-02  -1.7009154e-01   1.5029476e-01   5.7517462e-03   1.3208679e-01   1.8811666e-01  -7.8674174e-03   1.5194712e-01  -3.9995115e-02   5.5305270e-02   5.1355125e-01   1.4890366e-01   1.6376616e-01   1.3539878e-01   9.4176845e-02   6.4374543e-02  -1.6777596e-01   2.7453401e-01  -4.0915266e-02  -5.8862996e-02   2.3362875e-01   2.7348171e-02  -1.8051299e-01   1.0593759e-01  -9.9921995e-03   6.8820349e-02   1.2193020e-01   1.5768495e-01   1.9576908e-01  -1.0254941e-01   1.6475721e-01  -8.5413617e-02   2.4353990e-01   3.1054090e-01  -1.5041213e-01  -7.8109812e-02  -4.8713271e-02   1.1583516e-01  -6.7724257e-02  -7.6592997e-03   1.3452646e-01   3.8971288e-02   1.8753842e-01  -1.4517386e-01   1.5459716e-01   2.4455172e-01
   1.3110038e-01  -7.5254149e-02  -1.6883203e-01   2.1587300e-01  -3.8761583e-01   1.4866589e-01  -1.8312877e-01   1.1219025e-01   2.2465716e-01  -1.3989863e-01   1.4719558e-01  -2.9292285e-01  -3.4406583e-02   0.0000000e+00  -1.0943997e-01  -2.6604133e-01  -1.7063968e-01   2.2902283e-01  -1.2467354e-01  -2.9422447e-01  -1.2397484e-01   5.0161105e-01  -1.8399129e-01   7.7905862e-02  -6.0277546e-02  -6.1651168e-02  -1.9782661e-01   2.6647183e-01   5.8789983e-02   5.0481941e-01   1.7586822e-01   2.0355842e-01  -1.6418666e-01  -6.4360197e-02  -1.0035605e-01  -3.2933195e-01  -1.2706431e-01  -5.8192912e-02  -3.6087434e-02  -4.2565297e-01  -1.4413472e-01  -2.2684924e-01   9.9305015e-02   1.9537182e-01  -1.3895678e-01   2.1463887e-01   2.7509574e-01   1.4087513e-02   1.8844949e-01  -3.2618263e-01   3.4441239e-01  -6.5487461e-02   1.8792790e-01  -2.8184486e-02   1.0868847e-01   2.5712279e-01   2.8931877e-01   2.8090706e-01   3.4017257e-01   1.2415134e-01   7.5858417e-02  -7.6291711e-02  -3.9515161e-02   3.3224924e-01   1.4714423e-01  -1.6231532e-01   2.9158669e-01  -1.1454302e-01   5.4318770e-01  -1.0889769e-02  -1.5439853e-01   1.8086698e-01  -6.7819515e-02   4.8708921e-02   6.9373481e-02  -3.3674333e-02   1.3942250e-01   2.7268644e-01  -5.4941555e-02   7.5917464e-02   1.7818807e-01  -2.0002635e-01  -9.8941131e-02  -2.5796899e-02  -1.0773260e-01  -3.6994143e-02   5.6594484e-01   1.9336808e-01   8.0683113e-02   2.2529584e-01  -2.6718442e-01   1.0569802e-01  -2.5005955e-01  -1.6665487e-02   7.1435862e-02  -3.5878828e-01   6.3589838e-02   8.2661630e-02  -7.8690072e-02  -1.8643255e-01   2.6899969e-02   7.6165598e-02   2.3172742e-01   5.7894216e-01   3.1817338e-01   1.2237314e-01  -4.7092467e-02   3.4508677e-01  -1.9002878e-01  -6.6333444e-04  -2.8031666e-01   4.6149333e-01   5.8938178e-02   9.5668284e-02   6.9985178e-02   4.6789949e-02   2.8509066e-01   6.4135274e-02   2.7841516e-01   2.2607040e-01   1.9652555e-01  -1.8649939e-01  -1.6545775e-01   1.1040788e-02   2.6128317e-02   4.4949563e-01  -1.8023031e-02  -1.1992902e-01   2.7805829e-01  -1.6078553e-02  -6.7824018e-02  -2.0274664e-01  -7.4324722e-03   1.9474380e-02   1.7297141e-01   1.3920816e-01  -8.0629701e-02   3.8885020e-01   6.4958187e-02   1.0609619e-02   2.1947006e-01  -2.0229869e-01   2.8949900e-01   9.0535351e-02  -1.2260305e-01   4.0135959e-01  -2.4598194e-01  -1.7765787e-01  -5.3356921e-02  -2.8877104e-01  -1.0317735e-01   1.3941134e-01   2.8145849e-01  -3.8712795e-02  -1.2625174e-01   1.2518711e-01   1.2015325e-01   3.0689455e-01  -2.3192116e-02   6.5948559e-02  -1.1218424e-01   3.0312894e-01  -1.7101271e-01   3.6742985e-01   4.2227384e-01  -2.5848523e-01  -3.7021361e-01   1.2989724e-01   1.6743062e-01  -3.6349402e-01  -2.0640737e-01   4.0961321e-02   4.8679888e-02   3.6805705e-01  -6.3386157e-02  -6.9760618e-02   3.4863003e-01
