   0.0000000e+00  -5.0673435e-01  -1.7538346e-01  -1.3261267e-01  -4.1575496e-01   1.0122297e-01  -2.9552305e-01   8.4396384e-02  -5.0362649e-02   1.3065251e-01  -9.2807083e-02  -5.2259829e-01  -4.6856472e-02   4.0049961e-01  -1.0148146e-01   1.5758543e-01  -7.4533292e-02  -4.4561725e-01   3.8118536e-02  -4.7062751e-01  -3.1857032e-01   6.0349383e-02  -2.6230529e-01   6.7038281e-01  -3.0782824e-01   3.8842732e-03  -3.5512265e-01   5.2786053e-02   1.2874323e-01  -6.6944812e-01  -2.3340345e-01  -2.6959255e-01   1.8079067e-01  -4.7970507e-01   2.1972508e-01  -1.9421459e-01  -1.2961412e-01   2.2304003e-01   2.3060383e-01  -3.5029091e-01  -2.8101304e-01   2.4475144e-01  -2.4742738e-01  -1.0847509e-01  -3.6961014e-01   1.7783949e-01  -1.3967598e-01  -5.5206784e-01  -2.1944242e-01  -1.2003705e-01  -3.5279648e-01  -2.7476557e-02  -4.9602425e-01   3.8336125e-01   2.6203529e-01  -7.6108500e-02   5.8107938e-02  -1.2556079e-01  -2.8206264e-01  -2.3746101e-01   1.6563457e-01  -3.7093450e-01  -2.4485337e-01  -2.9999477e-01  -3.7105174e-01  -5.9882240e-02   6.3273633e-02   2.9473942e-01  -3.8933393e-02   2.2046475e-01  -4.7809569e-01  -2.3171090e-01  -2.8855478e-01   5.9864160e-01   7.1295534e-02  -1.8322167e-01   2.4141667e-02  -8.5821762e-02  -4.6550467e-01  -7.7091593e-02  -1.2630427e-01   1.1707143e-01  -1.0989066e-01   6.5760056e-02   3.1362742e-01  -2.1557382e-01  -2.7016301e-01   5.6128251e-01   1.8565283e-01   7.0394905e-01  -3.8754266e-01   2.7056471e-01  -2.3043213e-01  -2.9812201e-01   2.7445779e-01  -1.1331674e-01   3.5995167e-01  -7.4811110e-02  -5.6824353e-01  -1.5703178e-01   1.1453872e-01  -1.1004066e-01  -1.5251780e-01  -9.9988456e-02  -2.1416358e-01  -2.8171707e-01   4.9898760e-01  -1.1203622e-01  -1.9641988e-01  -5.4072342e-01  -3.3529382e-01  -1.4623704e-01   3.8033878e-01   7.1166149e-01   1.0232301e-01  -3.1517671e-01  -1.1311253e-02  -4.0345838e-01   5.4956161e-02  -8.1690092e-02   3.4634887e-01  -1.3800203e-01   1.0522361e-02  -5.0848784e-01   6.2828100e-01   5.1281930e-01  -3.3477294e-01   1.9677382e-01  -1.4901448e-01  -5.1294205e-02  -1.3987946e-02  -2.7245566e-01   9.7682977e-02  -3.9123651e-01  -1.7458321e-01  -1.5403992e-01   3.4255202e-02  -3.9248768e-01  -1.4296071e-01   3.4845378e-01   6.1648189e-01  -5.3544482e-02   7.2885396e-03   1.6238613e-01  -1.5334748e-01  -2.9664622e-01  -1.5625669e-01  -3.4850993e-01  -2.6914662e-01  -3.3291951e-01   5.6970232e-01  -1.8306686e-01   5.9734986e-01  -3.0583688e-01  -1.1839507e-01   4.3673597e-01   6.0514361e-01  -1.6957631e-01   3.3469956e-01  -1.9778794e-01   1.1399240e-01  -7.8048812e-02  -8.1158535e-02  -2.4425884e-01  -1.2108900e-01  -3.3509276e-01  -7.5030481e-02  -1.0075171e-01   6.4361811e-01  -4.3718644e-01  -5.5387750e-01   2.2752834e-01  -2.6604145e-01   1.2394221e-01  -9.3801039e-02   1.6771295e-02  -1.5068696e-01
  -5.0673435e-01   0.0000000e+00   1.2714101e-01  -2.7059312e-01   3.7157363e-01  -4.0072250e-01   2.4726093e-01  -2.0575643e-02   2.5549253e-01  -1.4924595e-01  -1.4673410e-01   6.6855330e-01  -3.1916484e-01  -2.6664052e-01  -5.3468662e-02  -2.6257740e-01  -6.5105473e-02  -2.4284291e-02  -1.4921662e-01   2.6881531e-01   1.0310398e-01  -5.0511660e-01   5.0069917e-02  -2.3873573e-01   7.0104039e-02  -8.9558131e-02  -4.0005184e-02   3.1991686e-02  -4.5507503e-02   4.9538478e-01   1.5436703e-01  -5.6163560e-02  -1.4307624e-01   5.1372153e-01  -2.8685353e-01  -1.6116274e-01   2.4933415e-01  -6.3920582e-02  -3.3999175e-01   3.8058046e-01  -5.8853896e-02  -2.4958236e-01   5.5250626e-01  -7.8462446e-03   3.3551016e-01  -3.9372861e-01  -4.0024930e-01   7.1520706e-01   2.9718188e-01   2.3878862e-01  -1.3410599e-01  -1.0311219e-01   7.1891542e-01  -3.6570631e-01  -7.7447585e-02  -6.4068872e-02  -1.5789104e-01  -1.1058366e-01  -7.3888847e-02   1.6877329e-01  -5.6857337e-01   2.8595763e-01   6.9078883e-01   2.8516434e-01   5.7015814e-01  -3.6137438e-01  -3.7446865e-01  -1.8509573e-01  -2.6653169e-01  -4.0317218e-01   8.5860126e-01  -1.9621745e-01   9.5055102e-02  -5.0873278e-01  -5.2300260e-02   2.6433619e-01  -2.3408391e-01  -1.8805269e-02   4.5426308e-01  -2.2708915e-01  -6.6939441e-02  -2.8700429e-01  -2.3042502e-02  -1.2052031e-01  -2.4871254e-01   3.4686014e-01   4.7783469e-01  -1.6934061e-01   3.6371350e-02  -3.4695844e-01   5.4719322e-01  -4.7039022e-01   2.6173234e-01   4.5482331e-01  -1.8789742e-01   2.2044643e-01  -4.6149908e-01  -4.0794592e-02   2.6939003e-01  -2.1378445e-01   2.2121208e-01  -1.3807464e-01   1.4974606e-01   1.1700406e-01  -1.8044323e-01  -1.1507047e-01  -3.1617276e-01  -6.6265982e-02   3.0940618e-01   3.6830057e-01   1.9887540e-01  -3.2254231e-01  -4.2534539e-01  -3.3083134e-01  -3.5270999e-02   7.0750060e-01  -5.4287467e-02   1.4684446e-01  -1.4853595e-01  -4.7939136e-01  -2.4520361e-01   4.2766554e-01   3.3934241e-01   6.8204945e-01  -4.7510229e-01  -3.2866695e-01   4.3272958e-01  -2.5870349e-01   2.5561004e-02  -1.7986005e-01  -1.5794454e-01   3.4520395e-01   2.6905191e-02   3.7108874e-01  -1.3069181e-01   2.0526558e-01  -3.0998166e-01   3.8196506e-01   2.1925678e-01   4.8612315e-02  -4.1148418e-01   2.6168753e-01  -1.8833423e-01  -2.9705716e-01  -2.7247303e-02  -1.4128970e-02   4.3113140e-01  -7.8973612e-02  -7.4855973e-02   2.3610975e-01  -3.7374359e-01   2.5065167e-01  -3.6774194e-01   2.9441072e-01   4.4269577e-01  -5.0564485e-02  -5.1987835e-01  -1.3982142e-01  -4.3435629e-01   7.9690287e-02  -7.6812505e-02  -2.4734226e-01  -1.2484812e-01  -3.1793943e-01  -1.8290814e-01   5.6627072e-01  -1.4563806e-01   3.0189906e-01  -4.9098103e-01   7.1746082e-01   5.7130789e-01  -2.3822977e-01  -1.5126454e-01  -2.4752398e-01   1.1395560e-01  -1.2255341e-01  -1.8792969e-01
  -1.7538346e-01   1.2714101e-01   0.0000000e+00   2.5075369e-01   7.0748331e-02   3.5984964e-01  -1.7261351e-01   2.1371823e-01   3.4762515e-01  -4.1560595e-01  -4.1304278e-02   2.1910084e-01   9.3828674e-02  -3.7729262e-01  -1.8551625e-01  -1.0308116e-01   7.5973291e-01  -5.6363843e-02   3.2967160e-01   3.3630605e-01  -3.4082116e-01   1.8643752e-01  -2.0273257e-01  -1.1144684e-01  -5.6775899e-02   2.9960502e-01   1.8167103e-01  -3.4473919e-01  -1.7512087e-01  -1.6233901e-01  -2.1387135e-01   2.1418725e-01  -6.2446517e-03   1.0433821e-01  -2.3671285e-01   4.0910234e-02  -1.3808261e-01   1.4247076e-01  -1.4304544e-01   4.0368343e-01   2.7679941e-01  -4.1538465e-03   8.5510355e-02   1.4819129e-01   1.7230152e-01   3.3192638e-01   2.6896836e-02  -1.4242594e-01   1.4186927e-01   4.9579827e-01  -3.0323171e-02   1.5500856e-01  -1.8597802e-01  -2.8281741e-01  -2.4267244e-01   6.6608487e-02   3.8599830e-01   1.2575616e-01   1.4008959e-01   2.3433707e-01   2.5948956e-01   2.7681143e-01   3.8806531e-02  -8.3030243e-02   5.3899296e-02  -3.7324074e-01   4.7061869e-01  -1.8478427e-01   9.2343283e-02   3.2557107e-01   4.7196434e-02   1.0839873e-01   1.8193445e-02   9.3401263e-02  -3.2876717e-01   1.1363651e-01   3.6893177e-01   3.2316500e-01   1.5183277e-01   1.2892250e-01  -3.1541108e-01  -2.0368933e-01  -1.2747598e-02   3.3154880e-01  -5.1809807e-02   1.2974483e-01  -2.5008872e-01  -3.1172262e-01  -1.7213521e-01  -1.9090520e-01  -3.5368213e-02   3.5612913e-01   2.9344755e-01   1.4892694e-01   2.1032750e-01   4.3396128e-02  -1.6807148e-01   3.9270770e-01   2.6530787e-01  -2.1533307e-01   1.7591497e-02  -1.5466426e-01  -2.1088339e-01   2.8243964e-01   1.1166373e-01   3.2206327e-01  -3.0058843e-01   3.1001989e-01   8.0909246e-02  -1.4180401e-01  -8.1863856e-02  -8.4879340e-02  -2.1043078e-01  -2.0188907e-01  -3.3015220e-01  -8.4128298e-03   1.8739961e-01   1.9121341e-01  -2.7082470e-01   1.0979881e-01   5.7706952e-02   2.1326570e-02  -7.2089692e-02  -1.1738867e-02   3.2768686e-03  -1.9877732e-02   9.9658154e-02  -1.1477036e-01   2.7812993e-01   4.4670182e-01  -2.2554222e-03  -1.9958636e-01   1.4490714e-01  -3.4491611e-01   2.1926298e-02   1.5374626e-01  -1.7058849e-01  -2.9262514e-01   9.9030720e-02  -6.7295825e-02  -3.2646770e-01   1.7137578e-01   1.3374752e-01  -4.2081011e-02  -1.5660555e-01  -1.7952717e-02   1.6572144e-01   8.7142614e-02  -7.1001491e-02  -3.4809968e-01   3.0537826e-02  -3.1964050e-03  -1.1447612e-01   4.2637806e-02   5.0192997e-01  -2.8162486e-02  -2.0554963e-01   1.4044409e-01   2.7901189e-01  -1.6180787e-01  -1.9216620e-01   1.8498067e-01  -3.7824980e-01  -5.8406576e-02   4.3339630e-01   1.3534252e-01   2.4149642e-02  -1.2044957e-01  -2.4243590e-01  -3.2459986e-02  -4.8838400e-02   7.9420352e-02  -6.8387037e-02   3.3387349e-01  -1.5771044e-01   2.0438895e-02   5.1402355e-01
  -1.3261267e-01  -2.7059312e-01   2.5075369e-01   0.0000000e+00   4.8839324e-02   4.6239322e-01  -2.3244287e-01   3.0237425e-01   1.1224567e-01  -1.3630415e-01   2.7171844e-01  -2.3778887e-01   4.4392512e-01  -1.8030223e-01   1.2420902e-01   2.3840293e-02   4.4481141e-01   2.6055353e-01   3.3060916e-01   1.5499551e-01   4.7089686e-02   5.7592452e-01  -8.4433457e-02  -2.0979970e-01   1.4487794e-01   2.2913562e-01   3.0894680e-01  -2.2542870e-01  -5.3545443e-02  -8.0292763e-02   7.4113475e-02   3.9375201e-01   9.4978033e-02  -1.4689642e-01  -1.9766697e-01  -1.9912985e-02   6.2310213e-02  -1.8050797e-01  -1.1423492e-02  -1.1629700e-01   3.2949843e-01   4.4601142e-02  -2.6002155e-01   2.1487963e-01   1.6615542e-01   3.1381598e-01   4.2239723e-01  -2.6670144e-01   1.3340850e-01   1.1237484e-01   3.7798571e-01   2.4065808e-01  -2.5769607e-01  -9.6353712e-02  -1.8062698e-01   1.8837735e-01   4.0951712e-01   2.9837781e-01   3.8899642e-01   4.2305856e-02   3.4482224e-01   4.0722386e-02  -2.7381269e-01   1.3707215e-01  -1.3753388e-02   3.5081144e-02   4.6126416e-01  -1.5186266e-01   5.4891488e-01  -9.1942729e-02  -3.0633839e-01   4.5734192e-01  -4.3132144e-03   1.1087781e-01   4.8749115e-02   1.8284656e-01   1.6570951e-01   4.2862587e-01   8.8033028e-02   3.4379438e-01  -1.2672259e-01   5.5411318e-02  -5.6818562e-03   2.8412751e-01   1.3223256e-01   1.5011615e-01  -4.2634485e-01  -3.7978951e-01  -2.2866029e-01  -1.0153945e-01   6.6814488e-03   3.0856604e-01   1.3023843e-02  -2.7270574e-02   7.7644310e-02   2.6423559e-02   1.3539758e-01   4.4265039e-01   2.6402356e-01   8.4994199e-02  -1.4986490e-01   2.2021139e-01  -2.7699090e-02   1.0251061e-01   4.0803646e-01   5.4622656e-01  -1.3288872e-01   5.0456037e-01   3.2381324e-02  -8.3393433e-02  -2.3801305e-01   2.1467920e-01   3.9328126e-02  -7.2942740e-02  -3.0320110e-01  -2.5140367e-01   2.7743187e-01   1.4917115e-01  -2.6906385e-03   7.5385745e-01  -4.2060539e-02  -1.6990607e-01   4.6856080e-02  -8.5383494e-02  -1.7325404e-02  -1.7724718e-01  -7.5375474e-02   1.6852575e-01   3.0556874e-01   3.2295757e-02   1.5180966e-01  -3.2935564e-01   6.9203108e-02  -1.1172057e-01   3.5722498e-01   2.8558310e-01   2.9487839e-01  -2.9787197e-01   1.3865752e-01  -1.4439658e-01  -2.3798762e-02   8.4352878e-02   4.7505724e-01  -5.1156970e-02   7.1827253e-02   3.4881485e-01  -2.8081308e-01   2.1573844e-01  -2.3136304e-02  -8.4666513e-02  -5.7407059e-02  -1.7990665e-02   8.5277906e-03  -1.2681306e-01  -1.0629649e-02  -1.2391652e-01   4.9431155e-02   3.5955284e-01   3.8421611e-01  -6.0073503e-02   1.0132517e-01   4.9568990e-01  -8.5894026e-02   4.5850000e-01   5.6500681e-01  -2.8488890e-01  -7.6177444e-02  -1.6662604e-01   3.5519652e-02  -2.6607587e-01  -2.2454636e-01  -7.0818081e-02   1.4597378e-01   2.1267644e-01   1.8113725e-02   2.5631740e-01   6.1816715e-01
  -4.1575496e-01   3.7157363e-01   7.0748331e-02   4.8839324e-02   0.0000000e+00  -2.2755756e-01  -1.1925303e-01  -1.5751806e-01  -7.5284029e-02   1.0677591e-01  -1.6141283e-01   5.2019095e-01   1.4617416e-01  -7.4690839e-02   9.5930025e-02  -2.7813236e-01   3.5352458e-02   3.0610418e-01  -2.1289882e-01   7.7368381e-01   1.4610152e-01  -1.8308291e-01   6.0358468e-02  -2.8165754e-01   3.6726357e-01  -1.4183874e-01  -6.3017233e-02  -1.2497900e-01   1.7244669e-01   2.0609792e-01   6.7577518e-02  -1.3580032e-01  -1.3239579e-01   2.0194047e-01  -1.8821839e-01   2.7691343e-01   3.5254594e-01   5.8403444e-02  -1.7653427e-01   2.4717148e-01   1.9771785e-01  -3.2775718e-01   4.5095731e-02  -2.2769647e-02   3.0277510e-01  -1.7600996e-01  -9.5055514e-02   1.2415315e-01   3.9858924e-01   2.0721091e-01   6.3457121e-02  -1.7200205e-01   3.2446697e-01   2.8004421e-02  -1.8384683e-01  -7.4574267e-02  -1.3601996e-01  -1.7319419e-01   1.0203927e-01  -3.4688254e-02  -2.0964984e-01   3.3848092e-01   1.9567200e-01   5.9180942e-02   4.1373484e-01  -5.4587145e-02  -1.5890035e-01  -5.0193195e-02  -2.0982137e-01  -3.7079250e-01   3.0421591e-01  -3.3290245e-02   1.1109149e-01  -2.2122685e-01   2.9991297e-01  -4.8161050e-03  -1.1893375e-01  -3.1260988e-02   6.8407907e-01   2.6898905e-01  -2.1027762e-01  -2.0261977e-02  -1.6673294e-01  -2.4421226e-01   9.7531469e-02  -6.7836856e-02   2.8765599e-01  -2.3580771e-01  -1.7108942e-01  -1.0292604e-01   5.8422285e-01  -3.7660322e-01   3.5781284e-01   2.2677863e-02  -4.8547303e-02   5.8248472e-01  -2.5711168e-02  -6.1979435e-02   4.5003589e-01   3.8353865e-01   7.2960409e-02  -2.3979869e-01  -6.9554507e-02   2.3836065e-01  -1.3309095e-01   5.9247094e-02   1.2857490e-01  -1.0515747e-02   3.3106470e-01   1.8843579e-01   5.9767670e-02  -1.4841286e-01  -1.2857562e-01  -1.0410906e-01  -9.1993954e-02   5.3077684e-01   5.3160097e-03   1.8712900e-01  -8.5975554e-02   3.5100332e-02  -2.8910977e-01   6.5451265e-01   1.7516195e-01   3.5286952e-01  -3.7959943e-01  -2.9540464e-01   4.1510160e-01   2.7028655e-01  -1.5300356e-01  -3.1941554e-01  -1.6400279e-01   3.4025386e-01   1.4663421e-01   1.5806611e-01  -1.6479121e-01  -4.6651349e-02   1.1597850e-01  -2.4100370e-02  -6.2627494e-02   7.5610161e-02  -2.3126432e-01   2.6889068e-01  -1.7326798e-01  -3.0909211e-01   7.3242343e-02  -8.0812654e-03   1.4341922e-01   2.8900668e-01   1.6436320e-02   4.5472778e-01  -5.1953706e-03  -1.1314370e-01  -2.3667611e-01   1.3826978e-01   2.5228928e-01  -5.3911536e-02  -2.7606785e-01   2.0919429e-01  -2.8597053e-01  -2.4270846e-01  -2.4241477e-01  -1.9899609e-01   1.2593347e-01  -8.2346665e-02   3.6839119e-02   4.0543754e-01  -1.1644969e-01  -8.1471705e-02  -2.3784864e-01   5.1200925e-01   4.3584833e-01  -1.5067686e-01   1.7732823e-01  -1.6669296e-01   3.9688124e-01   4.5791768e-02   2.8102469e-02
   1.0122297e-01  -4.0072250e-01   3.5984964e-01   4.6239322e-01  -2.2755756e-01   0.0000000e+00  -3.5423226e-01   5.3299389e-01   1.4347186e-01  -2.8762902e-01   4.1814331e-01  -3.8579268e-01   8.0527670e-02  -1.4470248e-01   1.0787944e-02  -9.7754233e-02   4.6725137e-01   1.2746880e-01   6.5729461e-01  -1.4904674e-01  -6.0595461e-02   5.9318326e-01  -2.4711348e-01  -1.7999599e-02   1.2695422e-01   6.0069207e-01   2.2006677e-01  -1.8209611e-01  -1.2179219e-01  -2.1803102e-01  -4.5435165e-02   4.9136215e-01  -4.7233406e-02  -4.0830182e-01  -4.3198327e-02  -1.7509178e-01  -2.9361039e-01  -1.2671659e-01  -1.7124157e-01  -3.1645246e-01   1.2996284e-01  -6.5276113e-02  -2.6353668e-01   4.3812962e-01  -1.5910266e-01   6.0336747e-01   4.9551232e-01  -3.4807676e-01  -6.5784799e-02  -1.3139602e-01   1.5954486e-01   4.6849431e-01  -5.4373750e-01  -1.9722646e-01  -3.2774595e-03   4.4503429e-01   7.8354250e-01   3.2668287e-01   1.9301663e-01   3.1004067e-01   4.8602826e-01  -5.6174252e-02  -4.5773517e-01   8.1970631e-02  -2.3536358e-01   6.5872674e-02   8.7145083e-01  -9.2154826e-02   6.3049781e-01   2.6238670e-01  -5.5017231e-01   2.7197601e-01  -1.4885265e-01   4.4745793e-01  -1.7033816e-01   3.3548796e-01   4.1191797e-01   5.1526003e-01  -3.1012829e-01   8.6639305e-02  -2.6910928e-02  -3.1947204e-01   2.1842005e-01   7.0403989e-01   2.2219961e-01   3.1222570e-01  -5.8786927e-01  -7.8177696e-02  -2.8736864e-01  -1.1626414e-01  -2.0101369e-01   4.9796014e-01  -9.9824366e-02  -7.2618675e-02   1.2477861e-01  -3.0436369e-01  -1.0137584e-01   7.2688999e-01   1.4350121e-01  -7.4222431e-02   2.6657719e-02   3.5378708e-01   3.9751886e-02  -8.8946382e-02   4.8758845e-01   5.5755700e-01  -1.9890503e-01   6.7836385e-01  -2.9516708e-01  -1.7526549e-01  -2.8839207e-01   3.4679133e-01  -8.3780972e-02  -1.3166570e-01  -3.0342284e-01  -3.2524742e-01   4.3210331e-01   4.2774374e-02   1.7774709e-01   2.4702772e-01   1.6371162e-01  -3.1982662e-01  -3.5371961e-01  -3.1017063e-01   2.7971558e-01   1.5593619e-01  -2.1345921e-01  -1.3590386e-01   4.2394810e-01   2.1759871e-01  -5.6024722e-02  -4.4746136e-01   2.9910359e-01  -4.0104021e-01   3.5444426e-02   4.1285391e-01  -4.6914080e-02  -3.1568264e-01   3.1617632e-01  -1.9925364e-01  -1.2334244e-01  -1.5861633e-02   5.7051519e-01   4.0969725e-01   8.5707994e-02   2.5769834e-01  -3.9602315e-01   2.2884002e-01  -1.4232376e-02  -3.2368760e-01   1.6085199e-01   2.0885638e-01   1.1631161e-01   6.6225947e-02  -4.7762955e-02  -1.9546738e-01   8.7962255e-02   3.5718480e-02   4.8488711e-01   9.3465414e-02  -5.9143196e-02   6.7843522e-01  -2.1018434e-01   2.7881266e-01   6.1262475e-01  -2.8317524e-01   2.2676639e-01  -3.7752381e-02  -4.3339792e-02  -4.0282927e-01  -2.8549087e-01  -3.3305717e-02   1.1629043e-02   6.4928147e-01   7.8267748e-02  -8.4323748e-02   6.9134283e-01
  -2.9552305e-01   2.4726093e-01  -1.7261351e-01  -2.3244287e-01  -1.1925303e-01  -3.5423226e-01   0.0000000e+00  -4.1247020e-01  -1.1768775e-01   1.4367316e-01  -9.9045570e-02   3.3718300e-01  -2.0856116e-01  -1.9316724e-01  -6.8069342e-02  -2.1342422e-03  -3.6120291e-01   1.3408644e-01  -3.6188756e-01   1.8879099e-02   9.8452734e-02  -2.1728521e-01   3.5773041e-01  -2.3457691e-01  -8.7570760e-02  -4.3415934e-01   1.2024015e-01   6.5289685e-02   2.2665929e-01   4.6914713e-01   4.5001769e-02  -2.7364128e-01  -1.7355810e-01   6.8193596e-01   1.5032052e-01   3.3046297e-01  -3.9071665e-02  -1.6800045e-01   8.4616739e-02   4.1801082e-01  -3.9984649e-02  -1.3921277e-01   1.2115788e-01  -1.6492029e-01   1.0737589e-01  -3.7053556e-01  -1.0665897e-01   6.6821486e-01  -8.0971861e-02  -6.0236380e-02   3.2509918e-02  -4.0491919e-01   4.9192752e-01  -2.7959262e-02  -1.9370824e-01  -2.0766107e-01  -4.2301095e-01  -2.0808778e-01  -5.3781682e-02  -2.1953721e-01  -2.3485294e-01   4.1642640e-02   8.9190576e-02  -6.4790763e-02   1.3785475e-02   2.6991619e-01  -3.8286149e-01   4.7260776e-03  -3.4794068e-01   1.8862125e-01   4.3283257e-01  -1.0808278e-01   3.3107595e-01  -4.3699110e-01  -1.8486843e-01  -1.7948605e-01  -3.2861482e-01  -2.9340084e-01   1.1888765e-01  -1.6573498e-01   3.0903414e-01   3.5716711e-01   2.4661469e-01  -2.9926922e-01  -3.2286666e-01  -1.1473930e-01   3.5574202e-01  -1.5813144e-01   7.1095213e-02  -2.4299607e-01  -1.3049534e-01  -3.7057352e-01   1.3383604e-01   1.6848753e-02  -2.6470671e-01  -6.8885888e-02  -9.3834684e-02  -4.3141891e-01   9.1453807e-02   1.4114826e-01  -2.1060292e-01   6.5815541e-02   2.4772740e-03  -2.0684129e-01  -2.7452180e-01  -2.2751936e-01  -2.5274697e-01  -4.1086837e-01  -7.5415530e-02   5.1716677e-01   6.6435250e-01   1.5679012e-02   9.4900804e-02  -2.7638446e-01   3.1660078e-01  -5.2838247e-02  -3.2663460e-01   1.4845044e-01  -1.2592816e-01  -2.1120335e-01  -2.9537745e-01  -1.1029812e-01  -8.8851938e-02   1.1104642e-01  -3.3229838e-01  -2.1530268e-01   5.5759641e-02  -2.7937221e-01  -2.3577682e-01   2.5712850e-01   1.7139374e-01   4.3566215e-01  -1.9074950e-01   2.5630188e-01  -5.0244643e-02  -2.2281872e-01  -9.4140062e-02   4.5061176e-01  -2.0523281e-01  -1.5788028e-01  -3.5195076e-01  -3.8168313e-01  -2.6532297e-01   9.6494804e-02  -6.2122642e-02  -4.3695008e-02   5.7889123e-01  -2.2801862e-02   5.7009707e-01   2.7707153e-01  -2.8069240e-01  -3.2908459e-02  -4.0213953e-01   5.8232779e-02  -8.0053406e-02  -1.3911311e-01  -4.2789022e-01  -8.7181092e-02  -4.3111321e-01   1.3538765e-01   3.5572899e-02  -2.1286384e-01   2.1220901e-01   2.9753119e-02  -4.2102822e-01   2.0853201e-01   2.6909380e-01   5.4074904e-02  -4.3451115e-01   2.8371225e-01   3.4848314e-01  -1.9523637e-01   1.5738100e-01  -1.3395680e-01  -1.1000832e-02  -1.8801489e-01  -3.2534843e-01
   8.4396384e-02  -2.0575643e-02   2.1371823e-01   3.0237425e-01  -1.5751806e-01   5.3299389e-01  -4.1247020e-01   0.0000000e+00   3.7588324e-01  -2.6992170e-01   3.0062447e-01  -3.3182987e-01  -1.3994029e-02  -9.0632632e-02   2.2222058e-01  -3.0425489e-01   3.2531867e-01  -2.6447649e-02   6.1482224e-01  -2.0113748e-01  -2.9067674e-02   4.2413261e-01  -2.2944335e-01  -3.8441466e-02   2.5741976e-01   8.2381878e-01   2.6162322e-02   1.5337370e-02  -1.1156900e-01  -1.8000824e-01   8.7090705e-02   5.4089234e-01  -1.8952653e-01  -2.9329502e-01  -2.6353991e-01  -5.2709738e-01   2.4433067e-02  -2.2125145e-01  -4.7724642e-01  -2.8202963e-01  -5.8215725e-02  -1.8428676e-01   1.5479641e-01   6.1982121e-01   5.4116808e-02   3.9989698e-01   1.0298605e-01  -2.4807704e-01   1.4535878e-01   2.3184618e-03  -8.1852624e-02   8.1087400e-01  -2.9773700e-01  -3.1633715e-01   1.2340590e-01   6.1484018e-01   6.3891790e-01   4.3243142e-01  -1.1075228e-01   3.7881169e-01   6.0908927e-02   7.3276623e-03   1.4668941e-03   4.8354754e-01   7.6886180e-02  -2.7638115e-01   4.5044821e-01  -1.6304939e-01   5.8954380e-01  -1.5608169e-01  -1.9521721e-01   3.4609516e-01  -3.2917034e-01   2.3462519e-01  -1.1439980e-01   7.3171669e-01   2.2488560e-01   6.9576453e-01  -1.6636427e-01  -2.5544098e-01   7.1835123e-02  -4.9418441e-01   4.5769935e-02   8.3912854e-01   1.0814233e-02   6.9423742e-01  -4.8189225e-01   3.1311173e-02  -1.4217572e-01   1.6163082e-02   9.1097609e-02   1.8835207e-01  -1.3041880e-01   2.4613557e-01   4.6198121e-02  -1.2089453e-01  -2.5850805e-01   7.6815452e-01   1.1728969e-01  -2.4503902e-01   9.5890569e-02   5.4409951e-01   3.9644422e-01  -8.1753785e-02   5.6050533e-01   6.0362095e-01  -3.0546747e-01   8.1501969e-01  -4.8254948e-02  -2.8922756e-01  -3.8256969e-01   2.1620556e-01  -2.5599271e-01   1.6303882e-02  -2.2563169e-01   3.1626245e-02   7.4298078e-01  -1.3684729e-01   1.3694319e-01   1.7882249e-02   1.0658867e-01  -9.8163921e-02   4.6620805e-02   7.4221013e-03   2.5476765e-01   1.6164605e-01   1.4810267e-02  -1.0515838e-01   6.5106810e-01  -1.2855909e-01  -2.9186916e-01  -5.8376619e-01   3.2181177e-01  -1.5338098e-01   1.8384472e-01   8.3384918e-01  -2.3121185e-01  -2.2107859e-01   7.8382938e-01  -5.2533864e-02  -5.2773558e-02   3.7171954e-01   6.6466848e-01  -7.4647224e-02   2.0294624e-01   3.8409262e-01  -2.6563022e-01  -3.6158923e-02  -3.6655242e-01  -2.0045784e-01  -1.2212032e-01   5.6905095e-01   1.4550300e-01   7.5791624e-02  -5.3424305e-02  -1.2762050e-01   1.4701152e-01  -2.1813883e-01   2.5705586e-01   4.0286427e-01  -1.1520117e-01   6.1418880e-01  -2.9173064e-01   1.8452923e-01   5.1956552e-01  -1.4942349e-01   6.6463388e-02   2.8768025e-01  -3.8252090e-02  -2.2649344e-01  -1.2975014e-01  -2.2344643e-01  -5.6913985e-02   1.7287671e-01   5.3404434e-02  -1.4488601e-01   5.1223192e-01
  -5.0362649e-02   2.5549253e-01   3.4762515e-01   1.1224567e-01  -7.5284029e-02   1.4347186e-01  -1.1768775e-01   3.7588324e-01   0.0000000e+00  -3.4023515e-02  -5.5171851e-02   4.0359455e-02  -2.6536491e-01  -2.5171992e-01  -7.6496302e-02  -1.2351043e-02   3.5851036e-01  -3.0577686e-01   3.0724740e-01   8.4417968e-02  -2.5755384e-01  -1.3210034e-02  -1.2105360e-01   3.8939236e-02  -2.8844775e-04   2.7012090e-01   1.9562698e-01  -1.4935630e-01  -1.9972631e-02  -8.0721437e-02  -1.5340592e-01   2.7579110e-01  -2.2108149e-02   1.0865168e-02  -1.2946854e-02  -1.1121823e-01  -9.4241075e-02  -2.4356206e-02  -7.9288619e-02   2.3918011e-01  -1.9164753e-01   2.8531788e-02   5.5203337e-01   6.5081875e-02  -2.7049546e-02  -4.5247297e-02  -1.8211467e-01  -7.5525412e-02  -6.0490187e-02   4.3365733e-01  -2.6972186e-01   3.1651585e-01  -3.4956346e-02  -1.4977014e-01   1.7887419e-02   1.0033155e-01   1.6766939e-01   1.6415298e-01  -2.0303909e-01   3.4908882e-01   5.0104143e-02  -2.7565972e-02   5.3639961e-01   5.6685194e-02   1.2896436e-02  -2.6168070e-01   1.5681883e-01  -3.1911008e-01   1.0446112e-01  -7.4196616e-02   1.3095353e-01   2.1765258e-02  -1.8798225e-01  -1.7645582e-01  -1.0451248e-01   2.8338812e-01   7.8011085e-02   2.6072105e-01   8.8750338e-02  -5.6468345e-02  -3.1105508e-01  -2.2911242e-01  -1.7576089e-01   2.5291282e-01  -3.8242328e-01   3.3083705e-01  -2.3739448e-02   1.7164598e-02   1.7172452e-01  -9.3499587e-02   1.6728483e-01   1.3365965e-01   8.6583293e-02   6.9070817e-01   8.3497567e-02   1.7501081e-01  -1.6320493e-01   3.3960021e-01   1.1581180e-01  -2.5487669e-01  -1.6124648e-01   1.4937740e-02  -3.6931684e-02   3.5351057e-01   6.5189670e-02   1.4506593e-01  -2.3583777e-01   3.0790368e-01  -7.9207024e-02  -1.9259971e-01  -1.6231158e-01  -1.2298869e-01  -1.2572332e-01  -9.9978410e-02  -2.3849862e-01   9.6531692e-02   1.6015388e-01  -2.2494733e-01  -3.0419155e-01  -8.8074009e-03  -6.6978285e-02   1.2207529e-01   4.8904293e-01   8.4884519e-02  -9.9348207e-02   1.2536139e-01  -1.3649119e-03   6.6074196e-02   4.0953892e-01   4.2746022e-02  -1.1467488e-01  -1.5723391e-01  -1.9752213e-01  -1.0046899e-01   4.9743833e-01   3.0832592e-01  -7.9462705e-02  -2.4741165e-01   3.1382076e-01   9.9997787e-02  -1.0295924e-01   9.0449983e-02   1.2764607e-01  -3.0520975e-01  -1.6451754e-01  -2.9238804e-02   1.1175580e-01  -2.8296925e-01  -2.8343540e-01  -1.7827927e-01  -2.3483497e-01   8.4292878e-02  -6.0875138e-02   6.0084304e-02   3.7072239e-01   6.2072647e-02  -1.3356911e-01  -2.4918520e-01   1.2295244e-01   3.5207434e-02  -2.2920854e-02   1.2486508e-01  -1.6500553e-01  -1.8660463e-01   1.8857936e-01   1.6854790e-01  -6.3845068e-02  -7.8497728e-02  -6.2381824e-02   3.7035358e-02   1.0177415e-01   4.9453656e-02  -2.2588466e-01   3.8291590e-03  -5.2609616e-02   1.9275787e-01   4.0807230e-01
   1.3065251e-01  -1.4924595e-01  -4.1560595e-01  -1.3630415e-01   1.0677591e-01  -2.8762902e-01   1.4367316e-01  -2.6992170e-01  -3.4023515e-02   0.0000000e+00  -2.2891561e-01  -9.2863812e-04   2.2723577e-02   4.9143879e-01   2.2527140e-01   2.0619500e-02  -2.0181204e-01  -1.3822088e-01  -3.2163769e-01  -2.3157618e-02   2.0301164e-01  -4.0589181e-03   3.3858511e-01   1.1773449e-01   7.7839255e-02  -3.2009897e-01  -6.3557007e-02   1.9767170e-01   3.7266327e-01  -7.2924853e-02   9.6171156e-02  -3.4654494e-01  -1.1695651e-01  -2.2308150e-02   2.9842009e-01   3.0518653e-01   1.1705755e-01   4.5701725e-02   1.9659329e-01   6.8863661e-02  -3.0928103e-01  -4.5770347e-02  -1.2770681e-01  -2.6941753e-01  -4.1707960e-01  -2.3058931e-01  -2.1062062e-03  -6.0790029e-02  -5.3331869e-01  -1.4310059e-04  -3.3440333e-01  -1.1244913e-01   1.2646400e-01   3.1250839e-01   1.6951758e-01  -1.3917087e-01  -4.7589353e-01  -5.7839215e-02  -3.8975252e-01  -3.3898224e-01   1.7411822e-02  -5.8930394e-01  -1.1112903e-01  -1.5013058e-01  -4.8669670e-01   6.4772161e-01  -2.2850935e-01   4.4992039e-02  -2.1684915e-01   3.1665328e-03  -3.9007980e-02  -2.1520983e-01  -1.3695973e-01   6.4119800e-02   2.1641224e-01  -2.7694809e-01  -8.9255177e-02  -3.4403451e-01  -2.2390757e-02   4.6389092e-02   2.5860065e-01   2.4950605e-01  -1.2073713e-01  -3.0538898e-01   1.5934399e-01  -3.8034932e-01   1.5509191e-01   2.6734467e-01  -5.5351508e-02   3.4182117e-01   1.3580155e-01  -6.0338759e-02  -2.8039338e-02  -1.1865251e-01  -7.2496430e-02   3.5144485e-01   1.5196004e-01  -4.5014305e-01  -3.1030915e-01   4.1478659e-01   3.4963231e-02  -7.2412715e-02   6.7386190e-02   4.6259410e-02  -2.5495644e-01  -1.7623599e-01   4.4322683e-01  -3.5750839e-01  -4.3529754e-01   1.2791764e-01   5.9271717e-02   5.5848621e-02   1.8069150e-01   3.0179017e-01   4.1852008e-01  -1.4809647e-01  -2.2018773e-01  -3.6955527e-01   2.1786218e-01   1.0954486e-01  -1.0085469e-01   1.7132831e-01   1.4381041e-01  -2.1408626e-01   9.9508214e-03   1.4763943e-01  -3.0675848e-01   2.0176448e-01  -2.2655528e-01  -2.7212813e-02  -1.5471138e-01   1.1592478e-01  -3.7611503e-03   2.4174495e-01  -1.2309228e-02  -2.4042859e-01   1.4033376e-01   1.0465994e-01  -1.8846681e-01   1.0225292e-01   4.1069109e-01  -1.4019555e-01  -3.8852187e-01   3.1936237e-03  -4.6480062e-02  -1.7211519e-01  -6.5472894e-03   1.4807848e-01   3.6374304e-01   5.1408473e-01   2.3448054e-01  -1.5834918e-01   2.0125031e-01  -2.3225583e-01  -1.7480068e-01   2.6685241e-02   1.7888046e-01  -1.6057099e-01  -4.9773058e-02   5.6024669e-02  -3.0598334e-02  -4.4999371e-01   8.5187805e-01  -7.2811170e-02  -2.6371336e-01  -1.7353390e-01  -1.4660584e-01  -2.1852024e-01   2.4812502e-01  -2.5926853e-02   7.4416552e-02  -1.2722501e-01  -1.7015155e-02  -2.2615519e-01   2.1423975e-01  -3.0751433e-02  -2.0564822e-01
  -9.2807083e-02  -1.4673410e-01  -4.1304278e-02   2.7171844e-01  -1.6141283e-01   4.1814331e-01  -9.9045570e-02   3.0062447e-01  -5.5171851e-02  -2.2891561e-01   0.0000000e+00  -2.2129386e-01   2.2183394e-01  -6.9862304e-02   3.1563915e-01  -5.2923060e-02   1.3858277e-01   4.4803204e-01   2.1200340e-01  -2.2394719e-01   3.9255806e-01   5.0570661e-01   1.1591583e-02  -3.1683735e-01   9.4052295e-02   3.0677729e-01   1.4529892e-01  -6.6109815e-02  -1.6011460e-01   2.1584849e-01   4.8750167e-01   5.1725648e-01  -1.9884221e-01  -2.3209854e-01   1.3516691e-01  -1.0357336e-01   2.6589906e-03  -4.2412927e-01  -1.4044001e-01  -3.8333808e-01   1.2178689e-01  -1.5923436e-01   1.6136327e-02   6.5463291e-01   2.0338767e-01   1.2050729e-01   6.4694588e-01  -6.6274186e-03   2.7150578e-02  -3.8524765e-01   4.8343631e-01   3.9916785e-01  -1.1637893e-01  -1.1389689e-01   1.8562514e-01   5.9393682e-01   3.5968743e-01   4.3279774e-01   1.7407472e-01   4.0478600e-01   3.0271850e-02   2.3813471e-01  -2.7125012e-01   4.9123252e-01   5.0946497e-02   1.4850636e-01   1.7682748e-01   1.1088739e-01   6.9427922e-01  -1.6797323e-01  -2.1977546e-01   5.5610205e-01   3.6158959e-04   7.4353588e-02  -7.2118277e-03   2.9025842e-01  -1.1273523e-01   4.4126486e-01  -1.0771889e-01  -5.2486401e-03   3.5170297e-01  -1.1931141e-01   3.8190317e-01   4.0324742e-01  -1.2220525e-01   3.0420964e-01  -1.8335752e-01  -1.0753469e-01  -7.7653450e-02  -2.9835523e-01  -8.8587071e-02  -1.1465988e-02  -1.6500763e-01   8.2199134e-02  -3.3419939e-01  -3.6671286e-01  -3.5722963e-02   4.0024089e-01   1.5975739e-01   2.0860118e-02   4.4481016e-02   6.0299964e-01   3.5008404e-01  -6.2966526e-02   6.1821065e-01   4.2756602e-01  -2.0066222e-01   4.8365801e-01   3.4947555e-02   1.9785416e-01   3.1722720e-02   5.4398708e-01   1.3397344e-01  -3.0936428e-01  -2.1722272e-01  -2.5458889e-01   4.1493269e-01   1.9994487e-01   2.4135848e-01   2.0527224e-01  -2.8843016e-01  -3.6507008e-01  -2.6468271e-01   6.1442066e-02  -9.4761751e-02   1.0587439e-01  -1.7146230e-03  -1.1835260e-01   3.1177919e-01   2.5237725e-02   5.3449493e-02  -1.3728962e-01   2.8770373e-01   1.6906674e-01   2.1152176e-01   3.2376063e-01  -5.1608349e-02   1.9156941e-01   3.5859335e-01  -3.2315941e-01  -1.1994707e-01  -2.6357104e-03   6.5208299e-01   1.9525170e-01   4.6603353e-01   6.9374648e-01  -3.6654221e-01   2.7124630e-01   7.3515039e-02  -4.4759553e-02  -3.3620961e-01   3.9782408e-01  -1.7564916e-01   4.7224385e-01  -1.1824988e-01  -4.1902985e-01  -1.8437307e-01  -7.8654159e-02  -3.1038199e-02   3.3087691e-01   2.2616610e-01   7.4163374e-01  -3.5892479e-02   6.4012578e-01   3.2561524e-01  -2.5529424e-01   5.8012382e-01   2.2768902e-01  -1.1443219e-01  -1.7156903e-01  -1.8320630e-01  -4.2645041e-01   4.9205725e-01   1.7823594e-01   7.4824397e-02  -9.9742729e-02   2.9158490e-01
  -5.2259829e-01   6.6855330e-01   2.1910084e-01  -2.3778887e-01   5.2019095e-01  -3.8579268e-01   3.3718300e-01  -3.3182987e-01   4.0359455e-02  -9.2863812e-04  -2.2129386e-01   0.0000000e+00  -1.4028773e-01  -2.8460852e-01  -2.1335855e-01  -1.6888560e-01  -3.4203230e-02   8.2376533e-02  -2.5316032e-01   5.2942874e-01  -4.0494374e-02  -4.0700436e-01   1.4029629e-01  -2.8111078e-01   3.4578203e-02  -2.4553323e-01   5.3411544e-02  -2.4295960e-01   7.4259598e-02   4.2127553e-01  -8.3239563e-02  -3.0703221e-01  -1.4719990e-01   5.8413932e-01  -2.0320316e-02   1.2821570e-01   2.0688944e-01  -2.8500214e-03  -1.2491645e-01   4.7877176e-01   4.5632534e-02  -2.0381531e-01   4.0917593e-01  -1.4137322e-01   2.9107966e-01  -3.5670140e-01  -3.0219386e-01   5.3481356e-01   2.7534601e-01   2.4264104e-01  -4.2250741e-02  -3.0700880e-01   5.2280818e-01  -1.1832847e-01  -2.6307236e-01  -1.9828667e-01  -2.6766417e-01  -2.3198586e-01  -1.0953008e-02   1.2623266e-01  -3.6407956e-01   3.3029479e-01   3.8777533e-01  -4.3658876e-02   3.2501346e-01  -1.6766499e-01  -3.5283078e-01  -1.1784583e-01  -3.5754157e-01  -2.2079104e-01   6.0232890e-01  -2.5502337e-01   1.6849451e-01  -3.5988414e-01   6.9108177e-02  -1.4996089e-01  -1.9947868e-01  -1.0296352e-01   6.3005888e-01   6.1117131e-03  -1.2743094e-01  -2.0732426e-02  -2.1575415e-02  -2.9137691e-01  -2.5975810e-01  -1.0104319e-01   4.6156014e-01  -2.8245855e-01   1.0156167e-01  -3.3290744e-01   3.8809696e-01  -4.1311132e-01   4.8507699e-01   2.4866544e-01  -2.0380320e-01   4.6130084e-01  -2.5585884e-01  -1.9104991e-01   2.2942434e-01   1.4210050e-01  -1.1889952e-01  -3.0066388e-01  -1.4292659e-01   3.3508145e-01  -3.4470190e-01  -1.7124337e-01  -1.2242970e-01  -2.1099064e-01   2.3703611e-01   3.8222052e-01   3.5156606e-01  -2.4272478e-01  -1.7371218e-01  -3.5201605e-01  -8.7908544e-02   5.1007706e-01  -1.7633407e-01   1.3594185e-01  -3.6297900e-01  -2.2235410e-01  -2.9565425e-01   5.3118576e-01   2.5440791e-01   3.5722849e-01  -4.6044044e-01  -6.5091587e-02   3.9529234e-01  -7.0911827e-04  -2.0695747e-01  -8.2690960e-02  -1.1838477e-01   4.2497711e-01   1.1123263e-01   8.0937512e-02  -1.3036561e-01  -2.0129193e-01  -1.1642500e-01   1.7963463e-01  -1.5784835e-01  -5.4910464e-03  -4.6393240e-01   1.1561199e-01  -3.0725635e-01  -2.7779102e-01  -1.3331757e-01  -1.8588259e-01   5.7675752e-01   1.9113123e-03   2.6572091e-01   3.6028401e-01  -1.9918325e-01  -8.4870714e-02  -4.2832737e-01   2.4480065e-01   3.7133332e-01  -4.7487567e-02  -5.5398625e-01   4.8620147e-02  -4.3418276e-01  -8.1370837e-02  -1.2401021e-01  -3.0453965e-01   4.0400205e-03  -2.2384370e-01  -1.5109338e-01   6.1730314e-01   7.4893993e-02  -4.0577911e-03  -4.8157110e-01   6.2889656e-01   6.3802186e-01  -1.4743163e-01   1.5093272e-02  -1.6539742e-01   1.4199799e-01  -4.1243597e-02  -1.2096895e-01
  -4.6856472e-02  -3.1916484e-01   9.3828674e-02   4.4392512e-01   1.4617416e-01   8.0527670e-02  -2.0856116e-01  -1.3994029e-02  -2.6536491e-01   2.2723577e-02   2.2183394e-01  -1.4028773e-01   0.0000000e+00  -5.6863334e-02   9.7258972e-02   1.4646820e-01   1.5979694e-01   2.1141309e-01  -1.5408336e-01   2.3190982e-01   2.7864442e-02   2.3211810e-01  -8.1823322e-02  -1.7437250e-01  -9.9579522e-02  -1.0135502e-01   1.2043067e-02  -1.8539306e-01   5.4629706e-02  -1.6852565e-01   9.0624561e-02  -4.1037266e-02   1.8064385e-01  -1.1246643e-01  -7.3850597e-02   2.4139704e-01   1.7507667e-01   6.5219523e-03   2.0572339e-01  -3.2583025e-02   6.2651677e-01   9.8323175e-02  -3.3211318e-01   5.3664783e-02   2.1550915e-01   1.8204054e-01   3.2967026e-01  -2.7382709e-01   1.1519785e-01  -9.8599905e-03   3.3141094e-01  -7.5063640e-02  -1.5619428e-01   2.4313079e-01  -1.6404143e-01   3.3796607e-02  -1.5670912e-03   1.0049662e-01   3.6203767e-01  -1.3439832e-01   1.6598080e-01   1.1860641e-01  -2.9318233e-01  -5.7286213e-02  -5.7982164e-02   6.0709902e-02   8.1698393e-02  -1.8453633e-02   2.1124536e-01   9.7924159e-02  -8.7986257e-02   1.8802590e-01   2.3857328e-01   1.3489237e-01   3.8240136e-01  -1.7386557e-01   5.8179074e-02   2.9749541e-02   4.3187152e-02   4.1037465e-01  -4.5392263e-02   3.1827706e-01  -4.9494938e-02  -7.7563593e-02   1.8044820e-01  -2.2206557e-01  -1.2252619e-01  -2.8955449e-01  -1.9510376e-01   2.7283575e-02  -1.3615849e-01   1.2794182e-01   3.5685895e-02  -2.4427875e-01   4.0422846e-02   6.8832405e-02   3.4041129e-01  -4.2037858e-02   7.7432172e-02   1.6861241e-01   5.1215066e-03   2.0442943e-02  -1.6650890e-01   1.3900431e-01   1.1975629e-01   7.2111018e-02   2.0938241e-01   2.5743690e-02   2.5029830e-01  -5.8955060e-02  -3.9488483e-02   6.7600283e-02   1.1023502e-01   7.9808880e-02  -2.4365133e-01  -2.0370630e-01   8.4062236e-04   4.4536827e-01  -4.2179806e-02   5.9311604e-01  -3.3567913e-02  -1.5580384e-01  -1.4197905e-01  -1.3343931e-01   4.6827608e-02  -9.7568583e-02   2.0925185e-02   3.1467481e-01  -1.1777600e-01   1.4624986e-01   3.9323307e-01  -5.5189731e-02   2.8791501e-02  -2.6860118e-02   1.5591133e-01  -8.1134323e-02   4.2649623e-01  -9.0769877e-02  -1.8641663e-01  -1.1152990e-01   3.0877372e-02   3.2069751e-01   1.3824283e-01  -9.4294401e-02   5.5197383e-02   1.0949575e-01  -1.9274321e-01   2.5964449e-01   2.6699087e-02   3.0572364e-02   8.5557727e-02  -2.0257343e-01  -7.8291728e-02  -1.8819883e-01   4.3210386e-02  -1.4951413e-02   1.0384257e-01   5.1669385e-01   1.1898075e-01  -2.3927540e-01   1.2367175e-01   1.6542047e-01   1.3452197e-01   2.9416789e-01   1.5982669e-01  -2.6392567e-01   2.9019504e-02  -1.2015319e-01   1.1418584e-01  -1.6595673e-01  -2.7421980e-01  -2.3554484e-02   1.5442685e-01   9.3458455e-03   8.3132250e-03   1.8978271e-01   4.2122968e-02
   4.0049961e-01  -2.6664052e-01  -3.7729262e-01  -1.8030223e-01  -7.4690839e-02  -1.4470248e-01  -1.9316724e-01  -9.0632632e-02  -2.5171992e-01   4.9143879e-01  -6.9862304e-02  -2.8460852e-01  -5.6863334e-02   0.0000000e+00   4.5825109e-01   1.5242020e-02  -2.1398486e-01  -1.5512825e-01  -2.1466419e-01  -2.2995395e-01   3.4773792e-01   1.4426337e-01   1.7489431e-01   2.3760408e-01   8.8725973e-02  -1.8561869e-01  -2.0474680e-01   4.8833557e-01   1.6618935e-01  -1.4744733e-01   3.2049419e-01  -1.4294190e-01   4.3733481e-02  -4.5850727e-01   2.5350080e-01  -7.5062856e-02   1.3324087e-01  -1.7733621e-02   1.3058715e-02  -3.1146810e-01  -4.6888000e-01   1.4753345e-01  -1.6411238e-01  -2.3398126e-02  -2.5460706e-01  -1.1706315e-01   1.2185255e-01  -2.3476508e-01  -2.7737223e-01  -2.5049423e-01  -1.2408693e-01   2.5646764e-02  -1.5949659e-01   2.3222051e-01   6.6439149e-01   1.0261405e-01  -2.2014868e-01   1.1271271e-01  -3.4067609e-01  -7.7449338e-02  -1.5250446e-01  -4.5212318e-01  -1.4127380e-01   4.1876187e-02  -2.9505312e-01   3.3370580e-01  -1.4997422e-01   1.6333597e-01   1.8547561e-02  -1.2889690e-01  -2.7340836e-01  -1.0841706e-02  -4.1698247e-01   2.7558064e-01   6.4697952e-02  -1.1480549e-01  -9.4443360e-02  -1.8177094e-01  -1.0764652e-01  -1.7255221e-01   4.0253145e-01  -5.3099395e-02  -4.9837944e-02  -1.2758116e-01   3.6654782e-01  -1.9634326e-01   1.5812262e-01   6.1243520e-01  -5.8304899e-02   3.9766685e-01  -4.5678337e-03   4.7393964e-02  -2.2801654e-01  -2.3205369e-01  -1.3253726e-01  -7.9816222e-02   7.0010293e-02  -2.9323688e-01  -3.9315920e-01   1.2652614e-01   3.6933478e-01   1.3406963e-01   3.1287719e-01  -3.5358881e-02  -2.3813280e-02  -1.2194262e-01   4.5980030e-01  -1.9193147e-01  -1.7717618e-01  -2.0107090e-01  -1.8964574e-01   2.2849722e-01   7.3816816e-02   4.0575586e-01   5.3569300e-01  -1.9690474e-01  -7.2722697e-02  -3.7685730e-01   5.8929294e-01  -2.0482055e-02   5.1665721e-02  -7.7261466e-02   6.4221218e-02  -1.2580823e-01   9.5643361e-02   2.4808205e-01  -1.6077905e-01   2.7279167e-02  -1.6040879e-01  -2.7422921e-01  -1.9401683e-01   4.6609146e-03   2.1904532e-01   1.8428706e-01  -7.8148434e-02  -6.8141101e-02   1.6252024e-02   2.5468071e-01   1.2285998e-02   1.5777617e-01   6.7550152e-01   4.5698457e-02  -8.0847627e-02   2.2513888e-01   2.1441404e-01   6.9659385e-03  -4.0097476e-01   5.4114187e-02  -7.8960868e-02   1.4114546e-01   2.1424019e-01   1.1279576e-01   5.2124165e-01  -3.5138640e-01  -2.4044745e-01   2.7181937e-02   3.8531720e-01  -2.5288017e-01   4.6979447e-02   2.2225393e-01  -6.6292383e-02  -2.4859487e-01   3.6413517e-01   6.9286669e-02  -2.4115334e-01  -2.8209625e-01  -2.4741775e-01   8.6701590e-02   6.1562788e-01  -2.3954606e-01  -2.3402975e-01  -2.2745261e-01  -7.1805889e-02  -1.0775285e-01   5.5010984e-02  -9.8784334e-02  -3.1732500e-01
