   0.0000000e+00  -2.6881683e-03   1.0464886e-01   1.1225522e-01   1.0338204e-01   1.8026558e-01   6.7406264e-02  -1.8607721e-02  -7.2892439e-02   1.9503200e-01   6.1374355e-02   1.3036486e-01   1.1292284e-02   3.7144841e-01  -3.5914682e-02  -1.8669638e-02  -3.1596856e-02   2.5613879e-02   1.0175979e-02   1.3656922e-01  -2.5550992e-01   1.4427269e-01  -1.2283716e-01   5.0196501e-01   1.1748888e-01  -5.5908086e-02   1.2299778e-01   9.3549022e-02   1.4608376e-01   1.8812897e-01   5.7388313e-02  -4.7792895e-02   2.3210706e-01  -1.8740473e-01  -3.7787612e-02   1.6430017e-01  -2.2978346e-01   5.8152671e-01   5.9008129e-02  -3.9046763e-02   9.4845649e-02   1.5433620e-01   8.0413879e-02  -2.3382298e-01   1.1829039e-01   3.3792822e-01   1.6681672e-01  -2.6783692e-02  -1.5134065e-01  -4.5147218e-02   5.2106467e-02  -1.1529403e-01  -1.4791954e-01  -4.7906012e-02   2.3996190e-01  -2.7205220e-01   2.6173299e-01  -2.0501829e-02   1.2225193e-01   2.1579679e-01   4.1453143e-01  -1.5372716e-01   2.6693965e-01   1.5224242e-01   6.9559523e-03   5.4746815e-02   1.4253902e-01   1.3467245e-01   8.5629798e-02   1.3504662e-01  -1.0018874e-01  -6.6904495e-04  -9.8721224e-02   5.9280968e-01  -1.3764807e-01  -1.3707974e-01   4.9124823e-01  -1.0513617e-02   8.8547440e-02   5.8519593e-02  -2.3037425e-01  -1.7447763e-01  -2.5299366e-01  -9.3108770e-02   4.5683276e-01  -1.6830381e-01  -3.2076827e-02   3.0622276e-03   8.6150955e-02   4.7336780e-01   1.2022813e-02   1.5406425e-01  -5.0689439e-02   1.2941458e-01   5.8726361e-01  -2.7361854e-02   1.3836338e-01  -8.9987816e-02   1.8518777e-01  -1.9212032e-02  -8.7045770e-02   1.2233095e-01   1.6775853e-01   7.9741100e-02  -5.5621852e-02  -2.6209386e-02   2.1187212e-01   7.4861941e-02  -2.5291446e-01  -7.1978546e-02  -2.1312348e-01   3.0077662e-01   1.8579933e-01   6.9252184e-01  -9.5039667e-02   1.0998019e-01   5.9391795e-02   6.0706422e-02   6.0827495e-02   8.2215075e-02   3.7753909e-01   6.4288303e-02   1.4623431e-01  -1.5056235e-01   4.2761482e-01   1.3882568e-01  -6.6491217e-02   1.1049751e-02   1.4190928e-02   7.8972369e-02  -4.9824391e-02  -2.7688845e-02   4.8506025e-01  -2.8896794e-01   1.7666055e-01  -3.3862530e-02  -4.6312734e-02  -6.8687255e-02  -7.5061344e-02   5.9816326e-01   5.5718199e-01  -6.0289407e-02   9.4008525e-02  -2.7512238e-01  -1.6414448e-01  -8.1547045e-02  -1.8453546e-01   6.9620762e-02   1.1412089e-01  -1.3555557e-01   3.6141411e-01  -2.2354652e-01   4.6972223e-01   1.2654183e-01  -1.3980280e-03   4.7911525e-01   5.6983850e-01   1.2333214e-02   1.7899906e-01  -1.7541675e-01   2.0077531e-01   8.0982048e-02   4.7035657e-03  -1.8230372e-02  -3.4630551e-02   1.4679267e-01   8.2256275e-02   3.5513640e-01   5.5813064e-01  -1.0419753e-01   3.4093898e-01   3.4588972e-01   1.1333281e-01  -9.8874870e-03  -1.2185832e-01  -8.5089688e-02   2.3530172e-02
  -2.6881683e-03   0.0000000e+00   3.4375827e-01   2.1951736e-01  -1.7438006e-01   4.8251050e-01   5.0726738e-01   2.9407139e-01   3.4244680e-01  -1.4702977e-01  -2.0094520e-02   5.8880839e-01  -4.4059823e-01   4.2570592e-01   3.9685912e-01   1.3404538e-01   1.4255305e-01   3.3955131e-01   1.6041321e-01  -2.1814137e-01   2.3512821e-01   3.4686917e-01   1.1444639e-01  -2.8017181e-01  -1.5899655e-01   2.9104854e-01   2.1984617e-03   4.8535872e-01  -5.3954450e-02   3.2303993e-01   1.4908322e-01   2.6308784e-01   4.3139921e-02   1.6417410e-01   2.4120679e-01  -2.8157446e-01  -2.6454868e-01   3.1986197e-02   1.0567230e-02  -1.7226290e-01  -3.0695825e-01   2.1490061e-01  -3.5891111e-03  -5.2150147e-02   6.9077508e-02  -5.9572654e-02  -1.2351850e-01   2.4368849e-01  -2.8931844e-01   3.0142664e-02   3.0778743e-01   1.4876677e-01  -1.8461562e-01   2.4605104e-02   1.8553074e-01   9.3602491e-02   5.0671809e-01  -4.4263172e-02   3.5599178e-01   4.1291353e-01   1.4520271e-01  -2.8793807e-02   5.9301750e-02  -2.1315089e-02   8.7825305e-02   1.9276715e-01   2.3095918e-01  -1.4416330e-01   2.0906391e-01   4.7671117e-02   3.5252382e-02   2.2803309e-01  -3.5353291e-01   1.2781066e-01  -9.2118014e-02  -2.1704160e-02   5.0752146e-02   1.6640400e-01  -1.1222478e-01  -1.7448830e-01   1.8487554e-01  -2.8732406e-01  -1.0481369e-01   3.9875835e-02   2.6144969e-01  -1.5647082e-01   1.8812855e-01   4.6006967e-03  -1.8858252e-02   3.9869387e-02  -1.7024021e-01  -1.1535244e-02   1.3268074e-01   1.4621080e-01  -1.0932681e-01  -3.6503665e-01   5.9409433e-02   6.8353155e-02  -1.5168201e-01   2.9084667e-01   2.2246318e-02   2.6762023e-01   4.2444628e-01   3.3291225e-01   2.0496594e-01   3.6185724e-01  -9.2065203e-02   3.4388587e-01  -2.5457004e-01   2.8045063e-02   4.9836613e-02   1.1379933e-01   1.0427530e-02   7.0711526e-02  -8.2834030e-02  -2.2235327e-01   7.0457864e-02  -4.3318934e-01   6.4388652e-02   1.3831300e-01   1.1234455e-01  -1.4189588e-02  -1.3516778e-01   7.4335557e-02  -3.4844112e-02   1.0038495e-02   1.7654020e-01  -4.2126174e-02   1.6438095e-01   5.0815339e-02  -2.5547867e-01   1.8786394e-01   3.0209960e-01  -3.9753686e-02  -2.5896330e-02   6.0829208e-02  -2.1028845e-01   1.1806879e-01  -5.8286493e-02   2.0010570e-01   1.5991982e-01  -4.0197242e-01   1.9270456e-01   3.9450253e-01   2.8297109e-01   2.1739044e-01   2.0233071e-01   1.9145254e-01   7.1002352e-02  -1.1659622e-01  -6.4661441e-02   1.3632358e-01   7.4833120e-02  -3.3965564e-01   1.1007483e-01  -1.1076768e-01   2.1465112e-01   8.3865990e-02   4.6771616e-02   1.5527725e-01  -1.7003042e-01   8.0622211e-02  -1.3223779e-01   2.8544675e-01   2.9000528e-01   1.7223988e-01  -4.3378917e-02  -2.7068702e-02   1.6960391e-01  -1.6730577e-01  -1.4688351e-01  -7.5384436e-03   2.4920463e-02   4.8606887e-01  -3.8762338e-02  -9.3778142e-02   3.0662209e-01
   1.0464886e-01   3.4375827e-01   0.0000000e+00  -5.3032945e-02   7.0281399e-02   1.6146313e-01   2.5467699e-01   1.4641170e-01  -1.8392300e-01  -1.4494383e-01   5.2447478e-02   2.0411083e-01  -1.5516281e-01   1.5843879e-01  -1.5409464e-01  -7.1840486e-03   6.8709371e-01  -1.7723004e-01   2.6270629e-01   1.5948991e-01  -2.3271345e-01   2.2519957e-01  -2.3204583e-01  -1.6536671e-01  -3.8161760e-01   2.6196446e-01  -9.3418724e-02   2.2556206e-01   1.3540048e-02   1.9655867e-01  -2.1685728e-01   1.9950247e-01   1.4434488e-03   1.4076753e-01  -1.8585383e-01  -1.0990666e-04  -3.9179828e-01   1.4659957e-01  -4.6143551e-02   3.3012057e-01  -2.8705900e-01   1.0279486e-01   1.9341615e-01   1.2079004e-01  -3.1227655e-01   1.9115033e-02  -1.3281795e-01   3.0212995e-01  -4.4268368e-01   6.1270505e-01  -1.5506356e-01   8.3374409e-02  -1.6679492e-01   2.5384804e-02  -6.2722275e-02  -2.9107035e-02   3.7174478e-01   2.0930562e-01  -4.5558246e-03   1.4628909e-01   4.5384258e-01  -2.5814799e-01   6.1533053e-02  -1.4315480e-01  -3.7070755e-01   7.4058373e-02  -2.3648331e-02  -1.7661449e-01   1.2306248e-01   1.3428893e-01   3.8694408e-01  -7.0222694e-02  -2.7109555e-01   1.1948387e-01  -8.5550066e-02   1.9273364e-01   3.1361154e-01   2.1346776e-01   1.7797827e-01  -3.4693951e-01   1.6168278e-01  -1.6555590e-01   1.6489578e-01   1.7580996e-01   1.2368172e-01   6.2006955e-02  -1.2894837e-01  -6.0267699e-02  -2.0695232e-01  -2.0375594e-03   1.0383749e-03   2.4244441e-01   3.0620390e-01  -7.0747734e-02   1.0815730e-01   2.4087873e-01  -2.3843618e-01   1.9238900e-01  -3.0344845e-01  -1.8419424e-01   3.4919300e-01  -1.6846266e-01   2.4639510e-01  -2.9509554e-02   1.2348712e-01   2.0221863e-01   1.4557079e-02   2.1129379e-01  -2.3909526e-01  -1.4190670e-02   2.9310903e-01   1.9182989e-01  -1.6483856e-01   8.3403178e-02   1.2985306e-01  -1.1177142e-01   9.3332940e-02  -1.0666044e-01   2.6242700e-01  -1.1285202e-01   1.4284274e-01   2.4853507e-01  -1.8561490e-02  -5.2063726e-02  -1.8228829e-02   1.8794256e-01  -2.4209834e-01  -4.1269562e-02   2.7977158e-01   3.3973634e-01  -1.5879696e-01   1.8275107e-01   4.8741151e-01   5.6334378e-02   6.5175160e-02   1.5969132e-01  -2.0161511e-03   2.7728226e-01   7.0446343e-02   1.1001479e-01   5.6283635e-02  -1.1773888e-01   1.3947845e-01   4.3425008e-01   2.4832079e-03   1.0849324e-01   4.5696655e-01  -9.0207156e-02  -9.3327410e-02  -1.5240681e-01  -1.3185570e-01   1.7207059e-01  -1.5266107e-01  -2.8913928e-02   6.8958283e-01  -2.6674764e-01   1.9049381e-01  -1.4317770e-01   1.7907711e-01  -7.5304471e-02  -1.7671392e-01   2.1112742e-01  -7.1516771e-02  -8.9464800e-03   1.8948332e-01   3.0836142e-01   2.3770149e-02  -7.0778201e-02  -1.5061493e-01   6.0689054e-02   8.9726186e-02   6.9036100e-02  -3.2577728e-01   3.2281832e-01  -1.4865532e-01  -2.1274203e-03   1.5805314e-01
   1.1225522e-01   2.1951736e-01  -5.3032945e-02   0.0000000e+00   3.4851532e-02   3.2229653e-01  -1.1508032e-02   2.6348303e-01   2.0060501e-01   1.7334888e-01   1.9411286e-01   2.4546162e-01   3.5999217e-02   4.8881605e-02   2.6779826e-01   1.1119414e-01  -1.5070276e-01   4.8033736e-01   5.7089392e-02   8.7787301e-02   2.7837649e-01   4.4728760e-01   9.5625816e-02   1.2066893e-02   1.5583657e-01   1.9312046e-01   2.0783433e-01  -1.0299502e-01  -1.8146870e-01   5.0103993e-01   2.6594474e-02   2.4758785e-01   1.2913433e-01  -2.0156078e-01   3.1660708e-01   1.7773168e-02  -2.3796700e-01   1.4049940e-01   4.8263950e-02  -3.9158824e-01   8.3877478e-02   3.1720711e-01  -1.2634171e-01  -3.0800152e-01   3.9211268e-01  -3.7716745e-02   3.1522356e-01  -3.2666082e-01  -1.8146607e-01  -2.2478137e-01   3.8548141e-01   1.6592724e-01  -4.2273104e-01  -9.0473617e-02   2.8529985e-01  -2.6153091e-01   2.4553092e-01   1.7354259e-01   4.0987880e-01   6.1416549e-01  -2.4783797e-02   9.3730419e-02   7.4722517e-03   9.4802830e-04   2.0012496e-01   7.4166516e-02   2.5914632e-01   2.5664832e-01   4.7765651e-01   5.9579961e-02  -4.1607640e-01   5.2028218e-01  -1.0153400e-01   2.1687584e-01   6.6132580e-02   7.5682005e-02   8.7489545e-02   2.0820641e-01  -1.7666572e-01   2.9111398e-01  -2.5918040e-01  -1.0186310e-01  -4.8367561e-01  -6.7256716e-02   2.1354667e-03   5.0343685e-02  -1.9839890e-01   5.3568179e-02   8.8791488e-02   8.3699865e-02  -2.2056210e-01   5.7104322e-02  -1.8710885e-01   4.4727152e-01   3.1636839e-01  -2.4053755e-01   3.9461956e-01  -1.7831255e-01   3.5880839e-01   2.4158920e-01  -5.2008722e-01   2.8223914e-01   1.9647883e-01   3.3540500e-01   3.4520105e-01   3.8407532e-01   8.9014862e-02   3.0137622e-01  -2.0227759e-01   1.1630132e-01  -4.9863729e-01   5.5961060e-01   4.9271861e-01   1.3451728e-01  -4.8394398e-01  -3.0108229e-01   2.5654088e-01  -2.2152019e-01  -4.2338813e-01   6.7263905e-01   1.0144091e-01  -9.7836088e-02  -4.4344124e-02  -2.1783946e-01   4.6212260e-02   5.9248312e-02   2.0365164e-01   1.1701248e-01   3.0388895e-01  -2.1519314e-01  -2.2802031e-01  -1.8310710e-01   1.9764858e-01  -2.2434856e-01   2.6389213e-01   1.7911987e-01  -1.3139764e-01  -5.1977584e-01   1.7323362e-01   1.8675227e-01   1.0485858e-01  -1.5709673e-01   2.9823074e-01  -1.8510433e-01   3.4671203e-02   2.0084144e-01  -4.5900725e-01   2.7245180e-01   3.8655767e-01  -2.9813209e-01  -2.9989764e-02  -3.4752223e-01   3.2349622e-01  -1.6568063e-01  -3.5107653e-01   1.0761928e-01   2.4595732e-01   3.3856514e-01   2.0875784e-01  -1.9954161e-02   2.7503425e-01   2.4331900e-01  -3.5565429e-02   5.6559424e-01   3.4500165e-01  -1.1143391e-01  -5.9174727e-02   7.0289903e-02   3.8181415e-01  -4.2925772e-01  -6.7147154e-02   3.2683357e-01   5.5359887e-01   1.4094628e-01  -3.9209276e-02  -1.7741069e-01   3.9757093e-01
   1.0338204e-01  -1.7438006e-01   7.0281399e-02   3.4851532e-02   0.0000000e+00  -1.5966969e-02   1.7943448e-01   4.3414873e-02  -1.0026938e-01   3.6293522e-01  -7.8736904e-02   1.3350104e-01   4.1503041e-01  -2.0473072e-01  -7.0284194e-02   1.6682588e-01  -1.8258541e-01  -1.7109355e-01  -3.4530213e-03   8.0016929e-01   1.0777726e-01  -2.4058771e-01  -2.1890656e-01  -6.8158516e-02   7.9922062e-02   1.1751073e-01   2.4191774e-01  -2.0718157e-01   2.0561766e-01  -2.4167386e-01  -1.7093251e-01  -1.2947510e-01   9.4677640e-02   1.5472747e-01  -1.4966367e-01   5.8482745e-01  -2.2918680e-01   1.9447746e-01   2.0229842e-02   6.9625185e-02   3.5655883e-01   4.4344312e-02   3.8122752e-01  -1.2109297e-01   2.4903360e-02  -2.5192426e-02  -2.3828426e-01   2.0050281e-01   1.7944681e-01   2.4763894e-01  -1.4804758e-01   1.8625972e-01   2.9175706e-01   1.1013264e-01  -4.4253491e-02  -1.3841922e-01   8.2167307e-02  -2.3570546e-01  -1.0765192e-01  -2.2447259e-01  -2.0292972e-01  -6.9245546e-02   1.8587262e-01   4.0603724e-02   1.1836916e-01   4.6993198e-02   8.0304520e-02   2.7928048e-01  -3.2274875e-01  -1.5333790e-01   2.1148318e-01   1.9843066e-03   1.0890635e-01  -3.8341877e-03   1.2550063e-01  -2.2488618e-01  -1.5742343e-01   2.9765323e-02   6.5006346e-01   2.4541573e-01  -2.3275012e-01   1.9873629e-01  -3.0567482e-02   1.2835106e-01  -1.0471618e-02  -1.2073298e-01  -1.5777241e-01  -3.1912879e-01   2.3264311e-01   1.4170708e-01   4.7594354e-01  -1.4612981e-02   4.4755092e-01  -1.8214209e-01  -1.3703225e-02   5.4949712e-01   2.5434645e-01   2.4390128e-01   3.0960018e-01   2.0886926e-01  -1.7119792e-01   1.2281203e-01  -1.6670465e-02  -3.0561344e-01  -2.6354600e-01  -1.9981226e-01   1.5833779e-01  -7.4378765e-02  -5.6831658e-02   7.1099822e-02   1.1595102e-01  -8.0544246e-02   1.5124028e-01   1.2809494e-01  -2.5723491e-01   4.7192593e-01   8.4993740e-03   4.0681214e-01  -1.1588370e-01  -1.5107899e-01  -1.7548607e-01   7.2490569e-01  -2.2425561e-02  -1.5271915e-01  -1.4222080e-01  -1.7085656e-01  -9.5288739e-02   1.9155653e-01  -3.3158173e-01  -2.8536719e-01   1.0544779e-01  -6.0462025e-03  -1.3226858e-01  -2.4022792e-01  -1.5845057e-01  -1.5939358e-01   1.3171849e-01  -2.9411646e-01  -5.9131652e-02  -7.7920221e-02   1.9526604e-02   1.7827697e-01  -2.3547687e-01  -1.4293180e-01  -2.5863836e-01  -3.6243355e-01   6.7274304e-02   1.1670762e-01   1.2752574e-01  -2.6640433e-01  -9.3144564e-02  -1.2334361e-01   5.3905586e-02  -1.7949947e-02   1.5561839e-01   1.0359342e-01  -1.4915541e-01   6.5207681e-02   7.8627582e-02  -1.2826268e-01   2.0966358e-01  -2.0513491e-01   2.4065326e-01  -2.8998431e-01   1.1231768e-01   4.2375744e-01   1.8964832e-01   1.7015363e-01  -2.3349966e-02   3.0044538e-01   6.0544125e-01  -1.4826506e-02  -5.5346384e-02  -2.0384169e-01   3.1870946e-01   1.3655731e-01  -2.2456585e-01
   1.8026558e-01   4.8251050e-01   1.6146313e-01   3.2229653e-01  -1.5966969e-02   0.0000000e+00   4.4510792e-01   5.2246889e-01   1.4423320e-03   2.0935536e-01   3.7261299e-01   5.3810583e-01  -1.9091876e-01   1.8119300e-01   5.6148632e-01   1.0235539e-01   1.4732075e-01   5.6761338e-01  -8.5568518e-02   1.0289462e-01   3.6891453e-01   3.9324993e-01   2.2558299e-01  -2.7301357e-02  -1.9861978e-02   4.6395176e-01   4.4309816e-01   4.8604918e-01   1.1862421e-01   2.7624580e-01  -1.0401294e-01   1.9830618e-01   1.0195238e-02   7.8787302e-02   3.7983955e-01   4.0142916e-02  -4.8829037e-01   2.8360878e-01  -2.4094356e-01  -3.3129725e-01  -1.4501802e-01   1.2459521e-01  -6.9551181e-02  -9.6209220e-02   4.9042017e-01   2.2148222e-01   2.6303535e-01  -9.0540525e-02  -1.8381279e-01  -7.7580520e-02   5.9555965e-01   4.8405518e-01  -5.6631544e-01  -1.9435113e-01   2.4979424e-01   1.0585821e-01   6.2954156e-01   1.6061008e-03   4.8301704e-01   5.6032827e-01   1.4187265e-01   1.7350223e-01  -2.3582499e-01  -1.8346253e-02  -7.0273967e-02   4.3410875e-01   8.0474109e-01  -2.3029459e-02   3.4645454e-01   5.2692647e-01  -4.6961578e-01   4.1179703e-01  -5.7235006e-01   4.1922857e-01  -1.4476385e-01  -1.1565376e-01   2.4418726e-01   3.9336232e-01  -1.4623892e-01  -8.6949811e-02   1.4618551e-01  -4.7743784e-01  -4.8187730e-01   3.6206709e-01   4.9914815e-01  -1.3218053e-01  -2.9076181e-01  -9.2330845e-02  -1.9787062e-01   3.7620683e-01  -3.6368491e-01   1.7155305e-01   5.2664202e-02   2.4303605e-01   1.5223317e-01  -3.2601751e-01   2.2338284e-01   1.7856930e-01   1.9639814e-01   4.8765984e-01  -3.9946949e-01   6.7616999e-01   6.0407872e-01  -1.2810409e-01   2.2293758e-01   1.5177293e-01  -9.4759806e-02   3.7452817e-01  -7.0670861e-02   4.7796574e-01  -3.5311839e-01   2.6096418e-01  -1.0458725e-02   3.4167750e-01  -3.4709539e-01  -4.2690109e-01   2.7355169e-01  -4.1814062e-01  -1.3758553e-01   2.3226248e-01   3.6775384e-01  -9.4543471e-02  -1.5847952e-01  -3.2103722e-01   1.3009751e-01   4.4541510e-02   3.4251369e-01  -2.9088237e-01   1.3510578e-01   1.4484910e-01  -2.5022422e-01  -1.5528944e-02   2.4880287e-01  -2.2584186e-01  -1.4672659e-01   9.3333396e-02  -2.5948018e-02  -8.3380430e-02   7.0919896e-02   2.4167791e-01   2.2215143e-01  -2.1861226e-01   2.6899718e-01   1.1407732e-01   2.1180388e-01   1.4335741e-01  -3.5262241e-01   6.2704698e-01   6.6139560e-01  -4.9612075e-01   3.2138328e-01   5.7943546e-02   3.0212426e-01  -3.4931704e-01  -1.1260963e-01   2.5047126e-01   2.5920743e-01   2.6875308e-01   1.3737182e-01   2.9474075e-01  -1.2636796e-01   5.5572514e-02   6.3823134e-02   3.4564376e-01   3.1793351e-01  -1.2510328e-01   1.1221156e-01   4.6250822e-01   3.3439565e-01  -3.9034702e-01   1.6191566e-01   1.1744251e-01   1.7169132e-01   7.1896829e-01   3.2068579e-02  -1.8303141e-02   6.0764269e-02
   6.7406264e-02   5.0726738e-01   2.5467699e-01  -1.1508032e-02   1.7943448e-01   4.4510792e-01   0.0000000e+00   2.3891197e-01   1.2510096e-01   4.6620668e-02   2.0281505e-01   5.9337334e-01  -2.6340468e-01   1.4871598e-01   4.9005212e-01   1.8209988e-01   5.5892259e-02   1.6691507e-01   6.2701109e-02   2.0921138e-01   1.4337120e-01  -4.0354699e-03   9.6644067e-02  -3.0419763e-01  -1.5302032e-01   2.0267714e-01   2.6442716e-01   4.4981693e-01   2.0702076e-01  -1.7625117e-02   1.4097391e-01   2.1889110e-02   3.7735031e-02   3.4692440e-01   1.1382028e-01   2.2000305e-01  -3.4114904e-01  -3.9520770e-03  -1.5024078e-01   9.7358622e-02  -7.3762041e-02   1.0361581e-01   1.9936721e-01  -5.1172472e-02   2.6183326e-01  -1.5058756e-01  -1.3212819e-01   6.2798754e-01  -2.1451323e-01   1.2349338e-01   1.8138428e-01   2.0905247e-01   5.0863828e-02   4.1817837e-02   3.9177410e-02   4.1356063e-02   3.3405114e-01  -3.2356932e-01   1.5364952e-01   1.1566791e-01   7.0380664e-02   7.8799856e-02  -1.0405761e-02  -3.0385357e-02   2.8199436e-01   5.2412614e-01   3.0721166e-01  -8.1782661e-02   7.9013684e-03  -1.1297361e-01   2.0966038e-01   6.8529959e-02  -4.1886143e-01   1.0659458e-02  -2.1692982e-01  -1.3136046e-01  -2.1884773e-02   1.2072979e-01   2.9128612e-01  -2.2241034e-01   1.7464731e-01  -2.4862918e-01  -1.0365280e-02   4.6851470e-02   1.1894623e-01  -1.6149331e-01   1.2136510e-01  -2.7626231e-01   1.1165149e-01   1.7316417e-01   1.7194654e-01  -3.5465613e-02   4.0795622e-01  -1.8288880e-01  -1.2268561e-01  -1.6815203e-01   1.0904254e-01   2.0220504e-01   7.3349478e-02   4.8056312e-01  -5.8245285e-02   5.2476501e-01   2.3433421e-01  -7.7970375e-02  -1.2826382e-01   1.5199955e-01  -1.2628524e-02   2.0681870e-01   2.9583434e-02   6.4844485e-03   2.6842788e-01  -2.5894275e-02  -1.5083635e-01   1.5036919e-01  -9.7013533e-02   9.5055411e-02  -3.4962890e-02  -2.5751502e-01  -4.7068364e-02  -1.3826974e-01   8.3617686e-02   3.6801535e-01  -2.4519705e-02   1.4313845e-01  -2.4005767e-01  -2.6342724e-01   3.9618400e-01  -1.1926071e-01  -1.6528364e-01  -2.2165818e-01  -6.8905917e-02   4.9969921e-01   9.6299115e-02   9.0744243e-03  -3.4051496e-01  -9.6491681e-03  -3.5475379e-03   1.2778441e-01  -4.0558753e-02   2.3710845e-01   2.1537704e-01  -2.2217494e-01  -2.4338165e-03   1.5853984e-01   2.7888617e-01  -5.9947904e-02   3.4866962e-01   3.0263873e-01   2.0602109e-01  -1.3234189e-01  -1.2322567e-01   1.5098521e-01   5.7878304e-02  -1.0364048e-01   2.4986688e-01   5.6343574e-02   1.2409964e-01   3.4750848e-02  -2.5117391e-02   6.3263446e-02  -1.1064340e-01   7.1491938e-02   7.3196806e-02  -9.7306708e-02   2.2713904e-01   4.0453169e-01   2.2360524e-01   1.0687504e-01   1.3225011e-01  -7.3951737e-03   4.2048149e-01  -1.6969857e-01  -9.8855297e-03   2.0725671e-01   4.3296600e-02   7.5810283e-02   3.2403375e-02
  -1.8607721e-02   2.9407139e-01   1.4641170e-01   2.6348303e-01   4.3414873e-02   5.2246889e-01   2.3891197e-01   0.0000000e+00   4.8750624e-02   8.0567941e-02   5.1063815e-01   3.9332810e-01  -1.6917225e-01   1.1111885e-01   4.6846339e-01  -2.0997043e-01   7.6228298e-02   3.1048427e-01   2.9090517e-01   5.4453770e-02   3.6288390e-01   1.9219590e-01   1.2350540e-01   6.0401503e-02  -2.9076146e-01   5.1056089e-01   2.0445426e-01   3.1908972e-01   3.5814552e-02   2.3934144e-01   1.8731895e-01   3.6203690e-01  -2.6133141e-01   1.9846261e-01   2.5051327e-01   8.1394797e-02  -2.3297828e-01   2.2392125e-01  -4.9916493e-01  -9.1412037e-02  -8.0736843e-02  -1.1808043e-01  -1.2599762e-01   2.6618260e-01   2.0504131e-01   2.4311291e-01   2.2502323e-01   1.7070083e-01   1.7445081e-03  -3.7062536e-02   3.0891356e-01   6.7329766e-01  -1.3738037e-01  -2.2819597e-01  -2.0266203e-02   2.4954786e-01   4.0720190e-01   1.9035591e-01   5.1775033e-01   3.7184412e-01   3.1614837e-01   1.2628984e-01  -2.7384802e-01   4.1265175e-01  -1.5676355e-01   1.6527844e-01   4.0245035e-01   5.4799676e-02   3.7243817e-01   3.2522274e-01  -2.5510086e-01   4.5196518e-01  -3.4543873e-01   3.3036412e-01  -1.8531951e-01   1.8500629e-01   3.1969135e-01   5.3195261e-01  -7.1146662e-02  -2.4274459e-02   1.9566469e-01  -3.7730922e-01  -1.0079969e-02   3.7567561e-01   3.2242825e-01   1.7453462e-01  -1.1123388e-01  -9.1292263e-02  -1.4242179e-01   2.6268952e-01  -1.3704883e-01   3.1026318e-01   1.3295070e-01   1.3709346e-01   9.9077601e-02  -2.5121762e-01   1.5889866e-01   3.9503376e-01   1.5183991e-01   3.5154184e-01  -1.4486099e-01   4.9525673e-01   4.7057767e-01   1.4483017e-02   3.0651147e-01   4.0226344e-01  -2.4936247e-01   5.1659366e-01  -1.1143781e-01   2.0812698e-01  -1.0433609e-02   2.7602355e-01   5.0532670e-02   2.8089081e-01  -1.3970375e-01  -2.2242796e-01   2.6821934e-01  -1.4260115e-01   3.8264596e-02   3.4821250e-01   2.5009786e-01   4.9890233e-02  -2.5778850e-01  -8.5326132e-02   1.9493414e-02   3.0026628e-01   1.1200861e-01  -9.3167728e-02   2.5826152e-01   1.2032647e-01  -3.4226565e-01   2.2274524e-01   2.4628236e-01   1.2058072e-01   5.3859401e-02   3.8552019e-01  -1.6442070e-01  -3.3673382e-02   3.6051245e-01   1.2625062e-01   2.1954351e-01  -4.5334043e-01   4.9006342e-01   2.1662120e-02   2.8479353e-01   3.4209812e-01  -1.3592959e-01   3.4627852e-01   3.4534566e-01  -2.2402742e-01   2.8665577e-01   3.2752384e-01   1.4932947e-01   5.0852786e-02  -8.4004862e-02   1.1861903e-01   2.0422584e-01   3.6073671e-01   3.4441437e-01   2.6923745e-01  -1.4273380e-01   3.5195342e-01   5.5703745e-02   3.1778899e-01   4.3319075e-01   2.1669670e-01   4.1099013e-01   3.7934378e-01   1.7547508e-01  -8.9322166e-02   3.9659690e-02   2.1883413e-01   9.7651588e-02   3.6786183e-01   1.0257905e-01  -1.8115705e-01   2.1333823e-01
  -7.2892439e-02   3.4244680e-01  -1.8392300e-01   2.0060501e-01  -1.0026938e-01   1.4423320e-03   1.2510096e-01   4.8750624e-02   0.0000000e+00  -4.3109020e-02  -1.0732885e-01   1.8547602e-01  -1.8109142e-01   2.5633975e-01   1.4177289e-01  -8.4290981e-03  -2.4837960e-01   2.2309074e-01   6.7406780e-02  -1.2998632e-01   6.7414468e-02   1.3913375e-01   1.2380597e-01  -1.5735439e-01   6.0663423e-02   1.7043230e-01  -1.2274760e-01   1.7119450e-02  -5.7606485e-02  -3.0623702e-02   3.7256756e-01   2.0559223e-01   3.0555139e-02   2.7125757e-02   3.0747481e-01  -1.9061133e-01   2.3787423e-01  -7.3168993e-04   8.7349419e-02  -9.6444943e-02  -3.5483495e-02   8.3147339e-02   9.2650768e-02   9.9133266e-02   3.3352493e-03  -2.0423558e-01  -1.8118328e-01   9.9480926e-02   1.5474229e-01  -1.5194145e-01   1.1156699e-01  -7.3285439e-02   1.8821865e-01   2.7489266e-01   2.1903949e-01   7.4455525e-02   7.4890432e-02  -1.6868541e-01   1.9787231e-01   1.7794371e-01  -7.5041997e-02  -1.5538501e-01   3.1106576e-01   2.4589865e-01   4.2033204e-01  -1.1221761e-01  -7.6923898e-02   2.0453328e-01   7.3878062e-02  -2.7706383e-01  -8.9808401e-02   1.8105745e-01   2.3669194e-02  -1.5684486e-01  -1.5906007e-03  -5.9004203e-02  -1.0742429e-01  -1.6218844e-01  -2.4246482e-01   3.4818000e-01  -1.2164622e-02   1.0408711e-01  -6.0431235e-03  -9.0073857e-02  -1.4677480e-01  -1.5459617e-01   3.8969646e-01   1.4585834e-01   4.4970701e-01  -9.2005509e-02  -1.4660497e-02  -2.7378836e-01  -5.7167326e-02   4.0059745e-01   1.0215293e-02  -2.8955053e-01   6.5412562e-02  -1.1507525e-01   1.9136280e-01   1.9914025e-01  -1.0465721e-01   1.9931343e-02  -1.2596045e-01   7.3432929e-01  -4.4184411e-02   2.9169112e-01   2.0208432e-01   1.4662064e-01  -1.2169768e-01  -3.4492761e-01   5.3186213e-02  -1.2034463e-01   3.5517063e-01  -4.0239508e-02   2.1487330e-02   1.3319740e-01  -1.0334531e-01  -1.0370789e-01  -1.8334141e-01   1.4797330e-01  -2.7241783e-01  -1.8503391e-01   1.0047665e-02   1.9516749e-01  -1.2825919e-02   8.6367907e-02   2.9311041e-01   2.8984772e-01   2.8518268e-02  -3.3621144e-01  -2.9004555e-01   3.8472156e-02  -4.1699807e-03  -7.1961091e-03   2.0245493e-01  -5.3811321e-02  -3.4444547e-01  -8.4495658e-02  -1.6971452e-01   7.8141077e-02   4.5756900e-02  -2.8969294e-01  -2.0066859e-02  -2.9455025e-03   1.9304618e-01  -1.1253376e-01   2.4906232e-02  -9.8028904e-02  -2.1469112e-01   1.9794458e-01  -1.6899061e-01  -9.2719405e-02   4.3708104e-02  -5.7910438e-02  -2.1414817e-01  -8.4123558e-04  -6.5693850e-03   5.7205488e-02  -1.7116078e-02  -9.1696318e-02   2.4591044e-02  -1.9395854e-01  -7.8668288e-02   1.7653845e-01   2.7022678e-01   1.6756293e-02  -9.3136643e-02  -1.2657806e-01   2.4321607e-01  -1.5784195e-01  -2.8825866e-01   2.7362125e-01   3.3392897e-01  -3.1380515e-02   1.8486295e-01  -2.7535124e-01   3.2173044e-01
   1.9503200e-01  -1.4702977e-01  -1.4494383e-01   1.7334888e-01   3.6293522e-01   2.0935536e-01   4.6620668e-02   8.0567941e-02  -4.3109020e-02   0.0000000e+00   2.0295389e-01   8.3383640e-02   2.3290375e-01  -1.3264408e-02   2.1840612e-01   7.2552207e-03  -7.6602566e-02   1.9041894e-02  -1.3224607e-02   4.7077360e-01   1.7397053e-01   6.2209041e-02   1.8288549e-01   2.2662616e-01   6.7220631e-02  -2.2577637e-02   2.0823320e-01   2.2033787e-01  -1.5925011e-01  -8.3986182e-02  -4.6120930e-02  -9.8873340e-02   2.2030440e-01   2.8084762e-01   4.8146945e-02   4.6880953e-01   1.2120528e-02   2.4052416e-01   5.1690710e-02   4.0064170e-02   2.3943148e-01   1.7550094e-01  -2.6502812e-01   6.4729169e-02   3.4903842e-01   1.8183334e-01   2.3400233e-01  -1.2632389e-01   1.2890406e-01  -1.9687192e-01  -4.9282450e-02   2.2155592e-02  -1.4956407e-01  -9.2487597e-02   2.0398191e-01   1.0233421e-01  -1.5881617e-01  -3.0079064e-01   3.7958647e-02   4.6518388e-02  -1.1045565e-01   1.9001899e-01  -1.2898908e-01   1.8186708e-02   1.7109518e-01   4.5250354e-01   2.7467595e-01   2.3263716e-01  -7.2482042e-02   2.1633822e-01  -2.5456826e-01   5.7976220e-02  -4.9984432e-02   1.5464797e-01  -1.3141326e-01  -1.9409488e-01   8.3816545e-02  -8.2981388e-02   1.8300414e-02   8.0242386e-02   1.3370071e-01  -6.9087961e-02  -2.6107215e-01   5.6859261e-02   2.1486869e-01  -2.1600408e-01  -9.6872671e-02   1.4715962e-02   8.2660175e-02   2.4398191e-01   6.9251737e-02   5.3751017e-02   1.8524200e-01   2.0129133e-02   2.6207349e-01   1.9449086e-01   3.6864794e-01   2.1362078e-01   4.4542268e-01   3.7724382e-01  -1.8654244e-01   2.7104889e-01   1.3553419e-01  -1.1851591e-01  -1.4891466e-01   8.2926569e-03   2.1359965e-01   7.6641624e-03  -3.4246412e-02  -4.9792533e-02  -6.1145262e-02  -7.0489994e-02   1.2981863e-01   3.2240846e-01   5.2683377e-02  -2.2351938e-02  -5.0523528e-02   2.1665008e-01   1.3730628e-01   8.8665096e-02   1.9788938e-01   6.3187253e-02  -2.3878564e-01   2.7333129e-03   2.6300331e-01  -2.6590823e-02   3.9694826e-01   1.6565804e-01  -1.9554657e-01  -1.6816389e-02  -3.2001611e-02   1.5705280e-02  -3.9148851e-02  -9.0077596e-02  -1.8816552e-01  -1.5691826e-01  -2.1068461e-01  -5.2477216e-02  -2.1446592e-01   1.5632787e-01   1.5169201e-01  -1.5014788e-01  -1.3900138e-01  -1.5365813e-01   1.7483324e-01  -7.8319378e-02  -1.9644774e-01   7.6719268e-02   2.3839684e-01  -1.1288855e-01   2.5049679e-01  -2.0562369e-02   3.2944703e-01  -1.2846659e-01  -2.9936269e-01   3.8964465e-01   1.1200701e-01   1.1457071e-01   5.9190644e-02   1.8902096e-01   2.7372077e-01  -9.4923965e-02   3.9777690e-01   7.6918764e-02  -8.6612479e-02   1.6581599e-01   1.7405485e-01   4.2754404e-01   3.1588742e-01  -2.3699602e-01   3.8045840e-01   1.9495133e-01   4.8908256e-02  -1.1783022e-01  -3.0988208e-01   1.0725652e-01  -1.6501711e-01
   6.1374355e-02  -2.0094520e-02   5.2447478e-02   1.9411286e-01  -7.8736904e-02   3.7261299e-01   2.0281505e-01   5.1063815e-01  -1.0732885e-01   2.0295389e-01   0.0000000e+00   1.4258442e-01  -1.9772125e-02   1.0040852e-01   3.1345015e-01  -3.9284489e-01   2.1297565e-01   2.7032732e-01   1.8745931e-01   2.1139539e-02   2.9169204e-01   1.9402396e-01   1.7453118e-01   1.6140810e-01  -2.4318363e-01   3.0965820e-01   3.1544625e-01   3.0247177e-01   6.5760893e-02   5.7007137e-02   1.7933464e-01   2.6518402e-01  -2.7262823e-01   1.7915382e-01   1.8681774e-01   4.6625747e-01  -1.6269915e-01   7.0508533e-02  -4.1648619e-01  -2.1575792e-02   7.4871003e-02  -1.5511258e-01  -3.0388514e-01   2.6076613e-01   3.5279943e-01   3.0703868e-01   7.0663553e-01   1.1605091e-01  -1.3908937e-01  -2.6801396e-01   2.9172954e-01   4.3514776e-01  -1.6590020e-01  -3.5942753e-01  -6.4558875e-02   1.9301708e-01   1.3745971e-01   1.9790600e-01   3.9590280e-01   2.2517176e-01   2.0189913e-01   3.4497086e-01  -2.6911516e-01   2.4853277e-01   4.3482466e-02   4.3733353e-01   3.0941925e-01  -6.6584416e-02   4.6999648e-01   3.4783820e-01  -2.0613521e-01   3.2776414e-01  -2.8429918e-01   2.2983695e-01  -2.4983942e-01   2.7845642e-01   2.5831299e-01   2.8350917e-01  -1.1117301e-01  -1.1857587e-01   1.9248279e-01  -3.7772055e-01   3.7694195e-03   9.2809973e-02   2.1135145e-01   2.7291606e-01  -2.3528396e-02  -1.3377523e-01  -1.2576118e-01   1.7126369e-01  -2.0751691e-01   7.6616723e-02  -3.9723615e-02   1.6153003e-01   2.6395437e-01  -3.3674588e-01   2.0048193e-01   3.4200836e-01   1.3205621e-01   2.9116325e-01  -1.0396470e-01   4.4491917e-01   2.2009623e-01   5.2956485e-02   3.6253167e-01   3.3155961e-01  -1.2477435e-01   2.8459916e-01   1.5135182e-02   1.7390574e-01  -5.9882804e-02   2.1960768e-01  -3.9581980e-02   2.4522960e-01  -3.4534634e-02  -9.9509901e-02   2.5251792e-01   5.2095109e-02   1.4455347e-02   4.1040977e-01   1.8264089e-01  -1.4618219e-01  -1.9605110e-01   1.6297379e-01   4.8755399e-02   8.0701427e-02   3.1087002e-01  -5.0601067e-02   2.0473483e-01   2.0764691e-01  -2.4939792e-01   4.6964786e-01   2.6731510e-01   2.4258313e-01  -8.9671775e-02   3.6486466e-01  -4.8988200e-02   3.4985498e-04   3.7310951e-01   1.2581206e-01   1.7867537e-01  -3.6897033e-01   4.3583582e-01  -1.1919087e-01   2.5587110e-01   3.1586769e-01  -1.9592680e-01   2.3665743e-01   3.6092089e-01  -3.4428546e-02   2.4921118e-01   1.1105962e-01   5.2214182e-02   4.0945799e-01  -1.4207801e-01   1.4420174e-01   3.1181564e-01   2.6279379e-01   1.8907352e-02   1.9324133e-01   7.0712367e-02   4.1120843e-01   2.8257842e-01   2.9098857e-01   3.2117038e-01   1.2443316e-01   4.6530219e-01   2.4826380e-01   1.0112411e-01  -1.7983486e-01   2.1076287e-01   1.9075091e-01   2.4416596e-01   1.7599831e-01  -1.2227899e-01  -2.4448055e-01   2.1317130e-01
   1.3036486e-01   5.8880839e-01   2.0411083e-01   2.4546162e-01   1.3350104e-01   5.3810583e-01   5.9337334e-01   3.9332810e-01   1.8547602e-01   8.3383640e-02   1.4258442e-01   0.0000000e+00  -1.1426175e-01   1.5518645e-01   5.5233859e-01   1.1572704e-01   4.2110419e-02   3.1872318e-01  -3.1481525e-03   1.4286006e-01   2.0907459e-01   2.5727698e-01   2.4163225e-02  -2.6287622e-01  -1.1615179e-02   3.0103429e-01   1.2293697e-01   3.9408966e-01   1.7467007e-01   1.8549469e-01   1.8067581e-01   1.3709091e-01   1.4082070e-01   1.2653395e-01   3.7142339e-01  -5.1853803e-02  -2.8548167e-01   1.4398617e-01  -1.5189139e-01  -2.7819406e-01  -1.3567751e-01   1.8878337e-01   7.7379865e-02  -2.9810522e-02   4.1013683e-01   1.3258888e-01  -6.6238033e-02   2.1814801e-01  -9.5236946e-02   5.4143167e-02   3.3120069e-01   3.5150292e-01  -2.3497456e-01  -4.8754575e-02   1.8376712e-01   1.2167303e-01   3.4591766e-01  -1.4527282e-01   3.8576398e-01   3.8235539e-01   5.4487377e-02   2.8654526e-02  -1.6595288e-02   1.3552629e-01   1.1410324e-01   3.1697327e-01   4.1033243e-01   1.6427546e-01   2.5712439e-02   2.4397507e-01  -1.8286665e-01   3.1932974e-01  -4.5105648e-01   3.5225611e-01  -1.0049821e-01  -2.0419825e-01   1.1276010e-01   2.6367690e-01   7.3143120e-03  -2.6919213e-02   1.1875682e-02  -2.5412223e-01  -2.8849617e-01   1.5286881e-01   3.3638253e-01  -2.1880200e-01  -8.2043047e-02  -2.3352733e-01   9.7196925e-02   1.7497959e-01  -8.9004469e-02   2.0456202e-01   2.0993985e-01   4.9538460e-02   1.4591462e-02  -2.3676580e-01   2.1710061e-01   1.1687016e-01   2.1423099e-01   5.3176766e-01  -1.7328297e-01   5.4936893e-01   4.3701533e-01   4.9594343e-02   8.6562998e-02   3.1479852e-01  -4.7511066e-02   1.1552538e-01  -1.5274916e-01   1.6266734e-01  -6.0726623e-02   9.1372949e-02   9.3497735e-02   3.0687268e-01  -1.9384964e-01  -1.4080678e-01  -4.2010390e-03  -3.4006213e-01  -3.0565045e-02   1.3126701e-01   3.7636010e-02   1.5138456e-01   8.1941427e-02  -2.1823737e-01  -8.5490297e-02  -1.1956565e-01   3.0119435e-01   6.6119684e-03   9.2047237e-03  -5.8547020e-02  -1.9613396e-01   6.1700735e-02   2.0127404e-01  -1.8241673e-01  -1.1833506e-01  -5.7064473e-02  -6.2517151e-02  -7.0446043e-02  -8.5561360e-02   2.8578466e-01   1.2798910e-01  -2.0520883e-01   8.3761078e-02   2.2777183e-01   1.9721221e-01  -6.5727240e-02   3.7948796e-02   4.4506540e-01   3.2451005e-01  -3.6871244e-01   2.9582351e-01   3.7261400e-02   2.3645093e-01  -2.0713984e-01  -2.2891203e-02   6.3039889e-02   9.6955342e-02   1.0087034e-01   1.5512981e-01   1.7794605e-01   1.4398504e-03  -4.6729062e-02  -4.0858356e-02   1.5615921e-01   3.4175458e-01   1.6279585e-01   1.6920833e-01   3.9617894e-01   2.6670770e-01  -2.4982083e-01   2.1488184e-01  -8.8498360e-02   1.2399258e-01   4.1624710e-01   2.2705161e-01  -3.1859160e-02   1.6664048e-01
   1.1292284e-02  -4.4059823e-01  -1.5516281e-01   3.5999217e-02   4.1503041e-01  -1.9091876e-01  -2.6340468e-01  -1.6917225e-01  -1.8109142e-01   2.3290375e-01  -1.9772125e-02  -1.1426175e-01   0.0000000e+00  -1.9447085e-01  -1.5710351e-02   2.4420296e-01  -3.6091636e-02  -1.8790689e-01  -1.3916494e-01   3.2872960e-01   1.5993075e-01  -1.2195108e-01   1.3438854e-01   9.8026437e-02   2.9866957e-01  -7.9112634e-02   7.1998983e-02  -2.4742225e-01   6.6440045e-03  -3.0911089e-01  -1.4587469e-01  -1.1980012e-01   1.2515102e-01   2.1182174e-01  -5.9942436e-02   3.6881010e-01   1.4947587e-01   1.5317647e-01   1.9206167e-01  -8.4642660e-02   4.8427391e-01   1.3745490e-01  -6.8659902e-02   1.6001878e-02   1.8721290e-01   5.1403913e-02  -7.9607739e-03  -2.0006012e-01   3.2085481e-01  -5.6869862e-02  -1.6169928e-02   1.2799433e-01   9.8749015e-02   1.0330873e-01   1.3368342e-01   4.6564460e-02  -1.9301951e-01  -1.3433173e-01  -1.3861184e-01  -2.6626134e-01  -1.6191487e-01   2.1711122e-01  -6.5597959e-02  -5.2866977e-02   1.0523048e-01   1.6198491e-01  -1.0297931e-02   2.1689203e-01  -3.3085834e-01   1.6991457e-01  -1.0215937e-01  -6.6700854e-02   2.4959526e-01   5.2655224e-02   1.3662067e-01  -2.3033575e-01  -6.3495418e-02  -1.3915511e-01   9.6980387e-02   2.1071538e-01   1.6946634e-04   1.6148648e-01   7.8560719e-03  -1.0700419e-01  -2.2727100e-02  -1.5568950e-01  -1.8403189e-01   1.6745645e-02  -4.2730442e-02  -3.5393463e-02   1.4235015e-01   8.0036531e-02   1.4269169e-01  -2.3277050e-01   7.0274793e-02   3.0149443e-01   1.6649425e-01   8.5029381e-02   2.9774379e-01   2.2455240e-01  -9.5528443e-02   4.1331212e-03  -7.6188315e-02  -2.5285946e-01  -1.8912102e-01  -1.7631369e-01   5.3199036e-02  -2.8503211e-01   2.1031007e-01   2.5974661e-01  -5.2610874e-04  -2.2331881e-01   5.4831345e-02   6.7246971e-02  -8.2117749e-02   1.1089220e-01   8.7265991e-02   4.4800755e-01  -1.2298082e-01  -4.0194330e-02  -9.6458111e-02   9.4018177e-02  -1.6347107e-02  -1.0716520e-01  -2.8264860e-02  -2.1993850e-01   9.5340942e-02   1.2763410e-01  -3.4413605e-01   8.7896239e-02   4.1441248e-01  -1.0495947e-01  -1.7553845e-01   7.3649531e-02  -1.8275369e-01  -3.0575458e-01   1.9249735e-01  -1.8743899e-01  -1.4666272e-01  -8.3919797e-02  -1.6682779e-01   4.8512281e-01  -3.8677011e-01  -1.1879827e-01   6.8904823e-03  -3.1804989e-01  -1.8750615e-01  -1.4273068e-02   1.7814813e-01  -3.9214832e-02   4.3342822e-02  -3.8115935e-02   1.0542457e-01  -8.7966902e-03  -1.8125150e-01   1.3773233e-01  -1.6520979e-01   8.5277747e-02  -2.7306343e-02   1.5644183e-01   2.0156895e-01  -3.2694031e-01   1.5125606e-01  -2.3729674e-01  -1.3103341e-01   8.3506072e-02   7.8856968e-02   8.1724040e-02  -5.2381751e-02   1.1767159e-01   2.5591227e-01  -7.9541517e-02  -4.2954426e-03  -2.6199804e-01   2.9545854e-02   2.1545128e-01  -1.8917469e-01
   3.7144841e-01   4.2570592e-01   1.5843879e-01   4.8881605e-02  -2.0473072e-01   1.8119300e-01   1.4871598e-01   1.1111885e-01   2.5633975e-01  -1.3264408e-02   1.0040852e-01   1.5518645e-01  -1.9447085e-01   0.0000000e+00   2.4051589e-01   1.0909804e-01   4.3978304e-02  -1.4018920e-02   2.3366577e-01  -2.0417317e-01   8.5183147e-02   1.3306769e-01   2.4917011e-01   1.5430992e-01  -7.3829877e-02  -4.2276008e-02   4.1691317e-02   3.5295261e-01  -1.7767584e-01   2.9039618e-02   3.0156470e-01   5.6678798e-04   1.3963623e-01   2.5165681e-01   2.4860406e-02  -6.1527781e-02   3.3665991e-02   3.0177085e-01   4.5877728e-02   1.5602683e-01   2.9192801e-02   2.7574445e-01  -4.0995271e-02   1.1550447e-01  -6.9892319e-02   7.3852594e-02  -2.2042830e-02   8.2122093e-02  -2.0159078e-01  -4.0746012e-02   4.9089936e-02  -1.7323403e-02  -3.0111120e-02   1.4322921e-01   5.1721709e-01   1.4969751e-01   1.9794749e-01  -1.3332575e-01   2.8131584e-01   3.1943406e-01   3.9048193e-01  -8.1274792e-02   1.7166870e-01   4.5460748e-02   7.9408323e-02   1.9512518e-01  -6.4325944e-03  -1.8122831e-01   1.1002289e-01   3.4805903e-02   5.3703846e-03  -9.2685171e-02  -2.7093246e-01   2.0252533e-01  -2.1877241e-01  -9.9773458e-02   2.8244504e-01   1.1943245e-01  -2.3963877e-01  -1.9839120e-02   2.7137461e-01  -4.4005474e-01   1.9782994e-01  -4.8061261e-02   2.8314744e-01  -2.2850810e-01   3.6257175e-01   2.3183668e-01   1.9574499e-02   2.4315539e-01  -1.3018809e-01   2.2961202e-02   1.2154164e-01   1.5286919e-01   2.1421301e-01  -9.6958350e-02   7.2553597e-02   1.8478843e-01   1.7566022e-03   9.8340798e-02   2.0485732e-01   9.7637301e-02   2.9638120e-01   3.8684523e-01  -5.2061438e-02   1.9329900e-02   2.0375845e-01   2.2248081e-01  -2.5370046e-01  -1.7159791e-01   9.1108376e-02   4.3037987e-02  -4.0613108e-02   2.2276553e-01   2.2119934e-01  -1.1152436e-01  -2.4575535e-02  -1.1583303e-01   1.7028717e-01  -2.0498674e-02   2.6547159e-01  -2.1224182e-01  -9.1004425e-02   3.1894053e-01   2.4966095e-01   3.3561346e-01   1.5018909e-01   1.7577026e-01  -1.0158752e-01   2.6452871e-01  -4.8935983e-02   1.2939097e-01   3.8652381e-01   3.7228083e-01  -1.1754028e-02  -1.4307318e-01  -1.1661470e-01   3.0751438e-01  -1.6943899e-01   2.4188394e-01   4.7071516e-01  -3.6268181e-01   4.4654238e-02   1.6308608e-01   3.6500622e-01   1.6886330e-01   9.5210557e-02  -1.4266625e-01  -7.6163026e-02   1.6446454e-01   1.9741610e-02   2.4909972e-01   2.1931512e-01  -3.4881686e-02   1.2582233e-01   1.9891149e-01   4.9922287e-01   2.1476320e-01   2.6921763e-01   2.3257076e-01  -4.1298394e-02  -4.0251683e-02   1.7145875e-01  -3.0443936e-03   7.3978880e-02   2.8194795e-01  -4.2668127e-02  -1.7912059e-02   3.4241595e-01  -7.3837609e-02  -2.5493400e-02   1.3111554e-01  -5.9117381e-02   7.3453959e-02  -1.2265990e-01   1.8951475e-02   8.5521285e-02
