   0.0000000e+00  -3.5324723e-01  -1.9646062e-01   3.1268865e-02  -2.7781731e-01  -5.0283888e-03  -9.1103680e-02   3.7136503e-02  -8.5584082e-02  -7.3899421e-02  -2.1644164e-01  -3.5397409e-01  -3.4073268e-01   2.6313092e-01   9.4788525e-02  -1.9840832e-01  -2.0078430e-01  -1.6453738e-01   5.4129680e-02  -3.2724915e-01   6.7177820e-02  -7.9839631e-02  -8.1079438e-03   7.6028235e-01  -5.1373600e-02  -7.0689895e-02  -7.2818815e-02   5.0934642e-01  -5.5834689e-02  -2.4660627e-01  -1.6381968e-01  -1.5235357e-01  -2.2300565e-02  -3.8216246e-01  -4.8188547e-01  -3.1992681e-01  -2.7011342e-02   6.3293846e-01  -1.6104714e-01  -2.1566355e-01  -1.9235257e-01   1.4390539e-01  -4.2632889e-01  -8.7577792e-03  -2.5434325e-01   5.2723903e-01  -1.5136439e-01  -1.6686089e-01  -2.0382760e-01  -1.6500444e-01  -1.5461754e-01   6.4431253e-02  -2.9703997e-01   1.0741138e-01   1.6805996e-01  -2.6412798e-02   9.5283174e-02  -1.9617165e-01  -1.5755510e-02  -1.2807971e-01   3.5071033e-01  -1.9658793e-01  -1.9179769e-01  -6.6482841e-02  -1.7907285e-01   1.3459270e-02  -2.4990064e-01  -1.7077256e-01  -3.0089924e-01   2.8330303e-01  -4.4345910e-01  -1.5024936e-01  -2.3408446e-01   1.0272336e-01  -1.2053339e-01  -2.4068459e-02   3.5110539e-01  -1.3074378e-01  -2.8001085e-01  -9.5686678e-02   1.7348958e-01  -1.9067990e-01  -2.0059230e-01  -5.1947505e-03   4.5905123e-01   2.3358736e-02  -3.5226602e-01   4.6285192e-01  -2.1222841e-01   7.8481043e-01  -2.2084122e-01   1.8614589e-01  -4.0231243e-01  -3.9864004e-01   5.6787447e-01  -2.5907469e-01  -1.6327283e-01   6.8526318e-02   4.0809270e-03  -1.2685905e-01   4.0277786e-01  -1.7852774e-01  -9.5672295e-02  -1.9784511e-01  -2.6366442e-01  -2.8229838e-02   5.6710392e-03  -1.1468829e-01  -2.5335318e-01   1.5864553e-01  -4.4788782e-01  -1.4824675e-01  -1.5304029e-01   7.7171080e-01   3.7903211e-01  -1.6407601e-01  -1.1559024e-01  -1.9201461e-01   6.3086171e-02  -1.3241320e-01   6.1435634e-01  -1.7371551e-01  -3.5394362e-01  -1.7507366e-01   7.0051019e-01   1.8863915e-01  -2.7704313e-01   1.0870687e-02  -2.2184506e-01  -1.5529400e-01  -2.0084877e-01  -2.0775023e-01   3.2723588e-01  -9.3055974e-02  -2.5538228e-01  -1.4951847e-01  -1.7940152e-01   2.9220695e-01  -7.2950093e-02   5.0610162e-01   5.9231515e-01  -8.7460115e-02   9.1945244e-02  -1.3992802e-01   9.5515779e-02  -8.8900353e-02  -2.7344977e-01   7.8519308e-02  -9.5729697e-04  -1.3832555e-01   1.5875386e-01  -1.1360161e-02   4.4549032e-01  -9.5693901e-02  -3.8299628e-01   6.8485335e-01   4.9612989e-01  -1.7502391e-01   2.2196959e-01  -2.1580269e-01  -2.9072323e-01   5.7902890e-02  -1.8073014e-01  -2.0272393e-01  -3.0037945e-01  -2.3114337e-01  -1.1835357e-02   1.5014913e-01   5.0028571e-01  -2.2055920e-01  -1.3639784e-01   4.8656399e-01  -2.0743559e-01  -1.5090311e-01  -8.4110279e-02  -6.6781992e-02  -2.6193611e-02
  -3.5324723e-01   0.0000000e+00  -2.6726979e-01  -2.1021462e-01   3.2693380e-01  -2.7853571e-01  -1.5786633e-01  -2.1021246e-01   2.1498596e-01   3.7582716e-01  -3.5060252e-01   3.9658408e-01   1.5351739e-02  -5.2553017e-02  -1.4420641e-01   2.1782042e-01  -1.6386461e-01  -5.1414638e-02  -2.7541474e-02   3.3127098e-01  -1.4692939e-01   1.8802459e-01  -2.9574522e-02  -2.0718473e-01   2.1224455e-01  -1.7466082e-01   6.9663728e-02  -3.4356168e-01   7.2749618e-02   5.3570649e-01  -2.8059629e-03   2.2315333e-02   1.1425261e-01   2.5603416e-01   4.1272098e-01   2.3702417e-01   6.7069484e-03  -3.3311420e-01   2.3266923e-01  -6.8358606e-02   9.9322828e-02  -1.4136839e-01   7.6547304e-02  -2.6139492e-01   4.0568146e-01  -2.5891844e-01  -8.7338438e-02  -1.0680706e-02   2.2669324e-02   5.2129095e-02   1.4518372e-01  -1.8748556e-01   2.2667643e-01  -1.8694318e-01  -1.6130067e-01  -1.9243454e-01  -2.2277080e-02  -5.9944226e-02   1.9900423e-01   6.6375627e-02  -3.2244858e-01   2.4872573e-01   2.9472527e-01   4.9642260e-01   2.8176160e-01  -8.2009793e-02  -1.0471834e-01  -6.2157481e-03  -1.6246514e-01  -3.1616474e-01   3.5081826e-01   5.7363730e-03  -2.8374241e-02  -1.3510519e-01  -1.8924094e-01  -3.4017722e-01  -2.6939707e-01  -1.2081007e-01   6.1033884e-01  -4.8489916e-02  -1.5608207e-01   3.9477213e-02   1.5652393e-01  -6.6256455e-02  -3.4296654e-01  -2.0524898e-01   1.4969093e-01  -1.3751282e-01   7.2155676e-02  -2.2989485e-01   2.9479532e-01  -3.1782987e-01   4.1662969e-02   2.4713926e-01  -2.7826713e-01   4.5646230e-01   2.8403457e-02  -2.3311866e-01  -5.9145957e-02   2.8335332e-01  -3.4538239e-01   3.0557211e-01   2.5838302e-02   4.9804939e-01   1.9388098e-01   1.7309502e-02  -2.7628955e-01  -1.3976762e-01  -1.2647966e-01  -5.0462231e-03   3.1351250e-02   2.5714569e-01  -3.0737108e-02  -1.8297889e-01  -3.8595977e-01   4.7737093e-01  -2.2787967e-01   3.4629155e-03  -2.0205805e-01  -8.0863920e-02  -3.6581585e-01   3.7642700e-01   1.5108791e-01   6.0624747e-01  -3.8862994e-01  -8.7821683e-02   5.1440441e-01  -1.2985047e-01  -7.6131005e-02  -5.1688321e-02   2.9898759e-01   3.0832333e-01   1.7281107e-02   4.5511031e-03  -3.7135478e-02  -2.2102778e-01   4.8580763e-02  -4.4799104e-01  -2.4267231e-01  -1.2204216e-01  -2.4963474e-02   1.9549825e-01  -1.7244798e-01  -2.3170738e-01   1.1149739e-01   2.8986251e-01   6.5755175e-02   1.8529375e-02   1.5137293e-01   1.1602075e-02  -3.3721115e-01  -1.6594460e-01  -2.8572681e-01   3.9735920e-01   2.5964869e-01  -2.4045221e-01  -6.5776887e-02   8.7479431e-02  -2.5808835e-01   9.9848157e-02   7.3340824e-02  -2.1695145e-01   2.6365441e-01   2.2239010e-01   2.0924958e-01   3.8840954e-01   1.2018091e-01  -1.9020178e-01  -3.0529100e-01   3.1212916e-01   4.1866251e-01  -2.1564278e-01   4.4795951e-01  -8.2549704e-02   8.0477782e-02  -1.8719303e-01   9.7547764e-02
  -1.9646062e-01  -2.6726979e-01   0.0000000e+00  -2.7085203e-02  -5.4849812e-02   1.6334581e-01   1.4938687e-01   9.8564179e-02  -5.9034057e-02  -1.6049672e-01   2.3210863e-01   2.0357316e-01  -1.3453063e-01  -2.4490538e-02  -8.6315749e-02  -1.0683924e-01   7.5203168e-01   3.9138073e-02  -4.0778715e-03   5.9809198e-02  -1.4304369e-02   6.0265062e-03   1.1571514e-01  -2.1023290e-01   4.1215898e-02   8.6207500e-02  -7.1658462e-04  -5.8565170e-03  -1.3249898e-02  -1.9081889e-01  -1.2475332e-01   5.2670460e-02  -1.6326161e-01   3.7873597e-02   1.4827559e-01   3.7788110e-02  -1.9457622e-01  -1.0443743e-01  -1.8366181e-01   1.3497256e-01  -2.7948679e-01   2.0278379e-02   2.9219870e-01   3.1269334e-01  -3.3143119e-01  -1.5700845e-02   1.3608740e-01   2.0609409e-02  -5.2401463e-02   8.1824623e-02  -1.9230906e-01   1.7537200e-01   8.3518824e-02   2.4732430e-01  -2.0980629e-01   2.7075892e-01   7.2026953e-03   2.3529549e-01  -1.1822795e-01  -4.7666167e-02   1.9443179e-01  -9.6894033e-02  -5.2079986e-02  -3.9619190e-01  -3.2003584e-01  -5.5966307e-02   1.9238826e-01   1.4523146e-01   2.0924861e-01   4.9712092e-01   2.3566189e-01   1.0255555e-01  -2.9733969e-02   1.6716340e-01   3.8876854e-01   2.2550640e-01   9.1051942e-02   1.0345153e-01  -2.8125181e-01  -2.5869824e-02   9.5863284e-02  -2.6384892e-01   2.5964864e-01   8.1861024e-02   1.0663073e-01   2.2744343e-01  -7.9816471e-02  -1.1184970e-01   9.5447081e-02  -2.5177888e-01  -9.4673213e-02   3.8122571e-01   3.4219328e-01   6.8580917e-02  -2.7484178e-01  -7.2550227e-03  -1.5784629e-01   6.9766166e-02  -1.4289804e-01  -2.7309738e-01   7.7746500e-02   3.0748946e-02  -1.3936275e-02  -1.5534221e-01   3.4493224e-02   2.3208133e-01   3.6470335e-01   1.5654414e-02   2.9524021e-01   9.1320665e-02   3.1330801e-01  -1.4435215e-01   1.0205956e-01  -3.4885645e-01   1.2514329e-01  -2.9754838e-01   1.2052199e-01  -1.8873754e-01   9.6207841e-02  -1.2453595e-01  -6.2239403e-02  -1.7413166e-01   2.0293686e-01  -2.8244396e-01  -5.2952959e-02  -3.9175895e-02  -3.2455741e-01   6.0233859e-02   2.2267464e-01   6.3789863e-01  -3.2285445e-01  -2.4836895e-01   2.8877140e-02  -9.9156920e-02   1.0666174e-01   9.5846179e-02   2.2725384e-01   1.8105546e-01   1.8893715e-01  -2.7747417e-01  -2.4245819e-01  -1.1670690e-01   6.0755774e-02   2.5139107e-01  -2.3775740e-01  -3.1050037e-01   2.5171769e-01  -2.3527189e-01  -7.0987014e-02  -6.6452162e-02   2.7047923e-01   2.0089429e-01   1.3605530e-02  -3.5614389e-01   2.3667200e-01  -2.5079808e-01  -2.2837686e-01  -3.2260154e-01   2.7569611e-01   8.6430952e-02   1.2262799e-01   7.2800072e-02  -2.0564220e-01  -1.5214821e-01  -1.4200541e-01  -2.0823534e-01  -1.0638850e-01  -1.1250192e-01   1.2027119e-01   4.9142479e-02  -2.1008957e-01  -3.7447490e-01  -2.2107301e-01   2.6169616e-01   2.3033346e-01   2.4966551e-01  -9.1282247e-02
   3.1268865e-02  -2.1021462e-01  -2.7085203e-02   0.0000000e+00  -1.1519886e-01   1.0876034e-01   1.0404264e-03   1.0824181e-01   2.8409855e-01   5.1324077e-02   2.9514246e-02  -1.2433813e-01  -3.4743440e-02   1.6609258e-01  -4.5538858e-02  -2.6076931e-01  -2.0920151e-02   2.4030781e-01   1.4186668e-01  -1.5286469e-01   2.0726244e-01   3.5087468e-01  -2.8715120e-01   2.3528244e-02  -6.6352980e-02   9.9829244e-02  -1.0852222e-01   1.0201572e-02   5.3038283e-03   5.4543598e-02  -1.5865855e-01   2.6915922e-01  -9.7089719e-02  -1.7806916e-01   2.7346423e-02  -3.0820814e-01  -5.8146721e-02  -1.8681290e-03  -6.2052306e-02  -2.3046255e-01   1.4277009e-01  -1.0965255e-02   1.4567585e-01  -2.1622755e-02   2.8432476e-02  -3.1102601e-02  -8.2251677e-03  -1.3395702e-01   8.2092422e-03  -1.9552021e-01   1.0241727e-01   1.0914351e-01  -2.4400515e-01  -9.8765571e-03   2.0781987e-01  -1.5663806e-01   2.6744333e-01   3.3074217e-01   2.3979901e-01   2.2992497e-01  -2.6520624e-02   6.6488839e-02   2.9561204e-01  -1.2179899e-01   5.7894670e-02  -1.6361947e-01  -1.1934161e-01   1.0975848e-01  -2.8243399e-02  -4.4284045e-02  -1.8906797e-01   1.4836062e-01   1.9713773e-01   1.6414153e-01   1.6032597e-01   2.3664090e-01  -9.2615082e-02   5.5333012e-03  -9.4100205e-02   2.7126841e-01   2.1664679e-01  -8.0963786e-02  -3.2261979e-01   1.0787527e-01  -6.4673055e-02   9.9945237e-02  -5.4184507e-02   9.7876165e-02   1.3194581e-01   1.5279377e-02  -6.8081766e-02   9.7122801e-02  -6.7412992e-02   4.7967195e-02  -7.2775945e-02  -8.9257956e-02   1.3866416e-01   2.1722477e-01   1.8088117e-01  -1.3507532e-02  -4.3969959e-02  -2.3961850e-01   2.3121225e-01   1.5038634e-01   1.0380295e-01   4.2727367e-01   1.1923641e-01   2.0295851e-01  -9.1114086e-02   1.3357814e-02  -1.8098782e-01   2.1667517e-01   4.0214735e-01   1.1208434e-01   3.2242475e-02  -5.4461482e-02   2.2526603e-02   1.1480738e-01  -1.5310617e-01   4.4218300e-01   1.0848270e-01  -2.0850731e-01  -4.3970860e-02  -1.1453713e-01  -5.6094316e-02   2.6637828e-01  -1.9505446e-01   9.7823233e-02   4.4688547e-01  -1.0042946e-01  -1.6412249e-01  -2.5208651e-01   2.4156067e-01  -1.0353104e-01   2.7901546e-01   2.5598504e-01   3.8739423e-02   1.8749630e-01   1.0344241e-01  -7.7147204e-02  -5.0758260e-02  -5.1262319e-02  -2.0039164e-01  -2.3836323e-02  -1.0690331e-01   1.9220239e-01  -1.4528778e-01  -1.7554205e-01  -2.0763358e-01  -1.4138236e-01  -6.0767893e-02   2.3387698e-01  -3.8289081e-02  -1.4936939e-01   2.4950355e-02   3.8407363e-02   9.8876727e-03   1.6211281e-01  -2.8128415e-02   1.7377175e-01   2.8825040e-01   1.1214348e-01   1.1055537e-01   3.6084929e-01   4.0462570e-01  -7.4498488e-04  -1.9244930e-02  -2.0272548e-02  -3.9709617e-02  -1.6689330e-01  -4.3119434e-01  -1.5095212e-02   7.7583298e-02   2.6317995e-02  -2.4700778e-02   3.6916257e-02   4.5393136e-01
  -2.7781731e-01   3.2693380e-01  -5.4849812e-02  -1.1519886e-01   0.0000000e+00   2.6039705e-01  -3.7594951e-01   6.5367825e-02   3.2162502e-02   1.4485644e-01  -1.8571310e-01   1.6541423e-01   2.0457340e-01  -3.1489590e-01  -7.0289070e-02   1.0138385e-01  -1.9727928e-02   1.9509033e-01   1.3503147e-01   6.6702674e-01   1.1769339e-01  -1.6575209e-02   1.3413028e-02  -1.7926717e-01   1.7487201e-01   2.2791003e-01   2.8367243e-01  -1.5011074e-01  -6.9421448e-02   6.1866614e-02   7.8833027e-02   9.5643272e-02   3.4314114e-01   2.3348826e-02   1.7352052e-01   5.0307297e-01   9.4767752e-02  -3.2169311e-01   1.1509450e-01   5.1536054e-01   1.6588203e-01   4.5366452e-03   7.3200181e-02  -3.2093742e-01   1.7351829e-01  -2.6241762e-01   2.0659311e-01  -2.4884012e-01   2.3264953e-01   4.2592724e-01   6.6289827e-02  -3.7164642e-02   9.5006533e-02  -4.9270942e-02  -2.8233103e-01  -3.0462174e-01  -5.0036624e-03   1.7184227e-02  -3.6253047e-02   3.4232849e-01  -4.2992950e-01   2.7080697e-01  -7.8221083e-02   2.8177476e-01   3.2917518e-01   9.8026391e-02   3.2000692e-01  -2.2059360e-01   2.2557598e-01  -3.4000428e-01   2.7300825e-01  -1.8976599e-01  -1.5750337e-01   6.7772380e-02  -3.8590569e-03  -1.7528635e-01  -3.1862586e-01   7.6689043e-02   6.3175814e-01  -7.8318052e-02  -1.9437953e-01  -8.2513900e-02   1.2597440e-01   1.2846160e-01  -1.8591412e-01  -1.6383954e-01   4.3146413e-02  -1.3836391e-01  -3.9619475e-02  -1.6565796e-01   6.7626557e-01  -3.2403599e-01   2.4105221e-01   1.9782286e-01  -3.2892777e-01   5.8082453e-01  -2.6316439e-02   4.9248069e-02   5.1659822e-02   2.0492384e-02  -1.6494348e-01  -7.0646064e-02  -2.1806787e-01   2.6313820e-01  -8.9157343e-02   8.0595920e-02   1.5736442e-01   1.6082267e-01   2.4020770e-01   1.3978592e-01  -6.1572411e-02   1.0256408e-01  -2.3960142e-01  -2.6152029e-01  -2.4524006e-01   4.6033248e-01  -1.9306390e-01  -1.0937632e-01  -9.4613720e-02  -2.5925233e-01  -2.2100588e-01   5.9926318e-01   9.7462542e-03   3.1452629e-01  -2.9293785e-01  -1.7900603e-01   2.9560859e-02  -1.8806289e-01  -1.2101863e-01  -2.5521217e-02   8.9349086e-02   3.0002385e-01   3.1205466e-03  -7.2091107e-02  -1.9574171e-01  -3.8844572e-02  -1.5427832e-01  -3.0985519e-01  -1.4462184e-02  -2.3672438e-02   1.6515316e-02   1.2797770e-01   5.1142168e-03   3.3272300e-02  -1.9936563e-01   2.5062632e-02  -3.0296906e-02   3.5728949e-01   1.3260534e-01   1.8015764e-01  -1.8036662e-01  -2.8785049e-01  -8.2032124e-02   1.7065209e-01   5.9546782e-01  -1.8140719e-01  -1.7603544e-01   2.7710891e-03  -2.8845927e-01  -1.7536528e-01  -4.6440870e-02  -9.6640485e-04   2.9360306e-01  -1.3675681e-02   3.0447096e-01   2.9233011e-01   1.2772936e-01   3.5732096e-02  -2.5528995e-01   4.8888144e-01   5.1686244e-01  -2.9675375e-02   5.5843494e-02   2.4668472e-01   1.6961824e-01  -2.0809066e-01   6.6869141e-02
  -5.0283888e-03  -2.7853571e-01   1.6334581e-01   1.0876034e-01   2.6039705e-01   0.0000000e+00   1.2013024e-01   4.2470228e-01  -1.4504054e-01  -1.1954505e-01   1.8435436e-01   1.3960424e-01  -1.3560892e-01  -4.4183460e-02  -2.3186635e-02   1.3206775e-01   1.6136444e-01   1.3387186e-01   2.1018635e-01   1.9503534e-01   3.7100227e-01   9.4590663e-02   1.9863377e-01   4.4339974e-02  -9.8864203e-02   4.3883498e-01   5.6027136e-01   3.3140200e-01  -4.2079360e-01   2.1885714e-02   1.9006440e-03   2.8878285e-01   4.4789432e-01   2.4803456e-02  -1.0853900e-02   1.9697699e-01  -1.4314472e-01   1.7044674e-02   4.3030479e-02   3.2774600e-01   1.6138405e-01   3.1616605e-01  -5.6005216e-02   1.1632743e-01  -4.0454562e-01  -1.3297143e-01   5.0116448e-01   1.1130949e-01  -2.0982886e-01   1.9198332e-01   9.2562145e-02   3.5253667e-01   6.3521873e-02  -9.9728573e-02  -1.7615565e-01  -1.9084260e-01   4.4465428e-01   2.5648330e-01   2.1131474e-01   3.8584038e-01  -1.3877909e-01   6.0208327e-02  -3.0484907e-01  -3.9461618e-02  -2.4694942e-01   3.2439581e-01   7.2198848e-01  -3.1920916e-01   5.2139017e-01   1.9106834e-01  -9.5355932e-03  -4.7625222e-01  -4.9879526e-02  -1.4991951e-01   5.3938322e-02   3.8850594e-01  -9.0861411e-02   1.5592778e-01  -1.4423995e-02  -7.7709000e-02   2.5190192e-01  -1.4185821e-01  -1.5991789e-01   4.7240476e-01   5.1912351e-02   3.2657679e-01  -2.8658212e-01  -5.1151420e-02  -1.1587064e-01  -2.9002601e-02   9.8178995e-02   1.8379488e-01   2.2228928e-01  -1.9560571e-01  -2.5907545e-01  -2.1107009e-02  -2.9293490e-01   5.2051008e-01   1.8192289e-01  -7.3097812e-02   2.0713273e-01  -2.4840117e-01  -1.2028048e-01  -2.1179435e-01  -6.7464631e-02   2.5447769e-01   3.0568187e-01   5.2122295e-01  -4.9722425e-02   4.3915393e-01  -2.6340211e-01   1.7661488e-01  -9.1978291e-02  -6.0644969e-02   1.8780170e-01  -6.3401358e-02   5.8494483e-02  -1.9052009e-01   2.2471721e-01  -1.7753859e-02   2.8279458e-01  -1.9268582e-02  -3.7668823e-01  -1.5099487e-01  -4.3584383e-02   6.7710617e-02  -1.9872719e-01  -1.4007520e-01  -9.9264037e-02   7.9959575e-02  -1.5881197e-01   4.6071122e-02  -2.3651327e-01   1.2680228e-01  -1.5274944e-01   4.2505137e-01  -3.2804786e-01   4.0820373e-01   4.9856932e-01   2.7603825e-01  -6.0384003e-02  -2.3822282e-01   1.9509295e-02   4.2376612e-01  -8.5230741e-02  -4.0385718e-02   1.2421233e-01   3.9383762e-01   2.0166580e-01  -1.0939392e-01  -7.1521934e-04   2.1260263e-01   4.4759346e-02  -4.1422947e-01   4.0417846e-01   1.1580394e-01   8.2878970e-02   3.0177541e-01   2.5578405e-01   1.8759591e-01  -1.9773438e-01   2.2034095e-01   9.1391178e-02  -1.6319169e-01   3.4499183e-01  -1.9897467e-01  -3.4122258e-01   2.2556351e-01   2.3350732e-02  -3.3325549e-02  -7.6278167e-02   1.5082269e-01  -4.7998930e-01   4.7391306e-01  -4.0741866e-02  -3.8967513e-03   3.9767879e-01
  -9.1103680e-02  -1.5786633e-01   1.4938687e-01   1.0404264e-03  -3.7594951e-01   1.2013024e-01   0.0000000e+00  -7.6138619e-02  -1.4187030e-01  -1.4728128e-01   3.4301999e-01   3.6521141e-01  -2.7510361e-01   1.9906103e-01   3.0516854e-01   1.2640933e-01   2.0765321e-02   1.4006593e-02   1.6559594e-02  -2.1742886e-01   6.1754346e-02  -3.2697754e-02   3.8650657e-01  -8.5835094e-02  -1.1895265e-01  -2.2695301e-01   7.0462385e-02  -1.5605771e-01   3.7186340e-02   1.4211962e-01   2.6108104e-01  -7.5184663e-02  -1.1751808e-01   2.6749141e-01   2.5040585e-01  -1.0859950e-01  -2.6183176e-01  -1.3940943e-01   3.6056240e-02  -5.4936820e-02  -2.0655109e-01   4.3962896e-02   7.8190180e-02   2.9693171e-01  -1.9198380e-01  -2.5502767e-01   5.3214077e-02   7.7266613e-01  -3.0296634e-01  -2.1484076e-01   4.3297086e-02  -1.0228120e-01   1.9643070e-01  -1.1857094e-02   1.3319399e-01   5.5145966e-01   8.6597992e-03   2.1029773e-02   1.1904875e-01  -1.0900544e-01   3.4274302e-02  -2.6502643e-01  -9.0451537e-02  -2.3820242e-01  -4.1510860e-01   2.8237562e-01   2.6148761e-01   1.6308308e-01   1.7455919e-01   2.2360803e-01   2.0675245e-01   5.4800787e-02   2.2624410e-02  -2.4176159e-01   3.3299364e-02   1.8348716e-01  -7.2951515e-02  -7.6585402e-02  -5.2960534e-01   6.1238807e-02   3.1962590e-01  -3.4588650e-02   1.6117753e-01  -1.0730395e-01   1.8766052e-02   2.7165376e-01   1.7402543e-01   5.5686477e-02   7.0815193e-03  -1.7573756e-01  -5.2810114e-01  -2.5454669e-03   3.5518557e-01  -1.6274937e-01  -1.8612696e-01  -3.3179234e-01  -1.3965278e-01  -3.3426900e-02  -1.6398082e-01   4.3960074e-03   5.4208324e-02   2.4615143e-01   3.4947002e-01  -1.8307147e-01   1.9513510e-01   8.4291521e-02  -6.6422567e-02  -3.2729412e-02  -1.2791737e-01   1.6678014e-03   4.3972647e-01  -1.8471071e-02   2.0888142e-01  -1.0958376e-01   1.6915617e-01  -4.7852613e-01   2.4708931e-01  -1.5682631e-01   2.2790940e-01   1.8263129e-01  -2.9731698e-02  -2.9274215e-01  -1.4291358e-03  -3.0062988e-01  -1.5043774e-01   6.1164923e-02   1.1226584e-01  -1.5121771e-01   1.3385790e-01   6.0434067e-02  -4.8198406e-02   8.5682099e-02  -1.5544201e-01   2.8046769e-01   2.5103690e-01   2.3783138e-02  -1.0921092e-01   2.1813209e-01   1.3725685e-01  -1.5433487e-01  -2.8904011e-01  -1.4663987e-01   1.5104859e-01   2.3258498e-01   4.3784055e-01   4.3435122e-02   6.4639715e-01  -2.0828699e-01   1.4719777e-01  -1.8879794e-01   1.4943110e-01   4.1672894e-01  -1.4533421e-01  -1.4019554e-01  -1.9292474e-01  -1.4031577e-01  -2.3775269e-01   9.2154550e-02  -1.5932303e-02   2.9877092e-01   2.0169030e-01  -7.1097850e-02  -3.0010540e-01   4.0760315e-02  -1.3835831e-01  -2.1473491e-01  -1.5018960e-01  -2.1079540e-01  -7.3538964e-02  -1.4381836e-01  -3.4722170e-01  -2.7395149e-01  -1.5260873e-01   1.1211577e-01  -3.5865380e-02   2.6665777e-01   3.4565689e-02
   3.7136503e-02  -2.1021246e-01   9.8564179e-02   1.0824181e-01   6.5367825e-02   4.2470228e-01  -7.6138619e-02   0.0000000e+00   1.0565315e-01  -1.2883990e-01   3.5429330e-01  -2.0921029e-01   1.0283697e-01   3.0805449e-02   1.0377303e-01   1.1717985e-02   1.0391597e-01  -1.0834091e-01   2.5997628e-01   1.1776138e-01   2.7837479e-02  -1.6779097e-01  -2.4939458e-01   4.0140854e-02  -5.8985777e-02   6.6902050e-01  -6.8782746e-02   2.0797960e-01  -2.1576190e-01  -2.6767334e-01   1.1569103e-01   1.7367310e-01   1.7187969e-01   7.5024310e-02  -1.5362123e-01   2.6589575e-01   1.5264029e-01   7.3783667e-03   4.6020379e-02   4.9230020e-02   1.7007688e-01   2.4608648e-01   1.3340082e-01   2.5665016e-01  -1.6243475e-03   1.7444183e-02   2.6619478e-01  -4.3260482e-02   2.0637555e-01   1.1044347e-01  -1.0556271e-01   7.6253526e-01   1.7040384e-01   3.0989300e-01   7.4424929e-02  -1.0506398e-01   4.6552380e-01   2.6365548e-02  -3.0436128e-02   1.5627849e-01   1.1627192e-02   2.3630379e-01  -2.0581554e-02   2.1324871e-01   3.1567550e-02   1.2767408e-01   9.5560818e-02  -1.1127539e-01   2.4758478e-01   7.3660803e-03   1.8072449e-02  -2.4876984e-01   1.0730899e-02   2.0743490e-01   2.8383839e-01   2.5039812e-01  -1.7437186e-01   4.1169368e-02  -6.9652292e-02   1.4180025e-03   1.2779683e-01   5.6089598e-03   1.6271752e-01   6.6216477e-01   2.1094100e-01   1.4991322e-01   2.7784988e-02  -1.1372618e-01  -4.9159816e-02   4.9972984e-02   1.9160089e-01   8.6195895e-02   2.3895050e-01  -2.7774295e-03  -7.2999059e-02  -1.4058582e-01   1.4704493e-01   7.6744280e-01   1.4442777e-01   1.3698197e-01   2.1004732e-01   9.7146379e-02  -2.1197940e-01   8.8017081e-03  -4.1062185e-01   2.3692958e-01   3.8804042e-01   4.1880704e-01   2.1978101e-01   3.4437535e-01   9.2063056e-02  -2.9777977e-01  -6.5734022e-02  -1.3413347e-02   7.4300983e-02   8.7586021e-02  -7.8434230e-02   7.0430908e-02   7.7918738e-02   8.9575954e-02   8.3138331e-02  -2.7140402e-01  -2.8230354e-01  -9.4848925e-02   1.1997489e-01  -4.9219712e-02  -1.3688716e-01   1.4775414e-01  -5.4424087e-02  -1.1111484e-01  -2.2251154e-02   1.3713101e-01   6.9176915e-02   4.9563187e-02  -2.8551280e-02   4.8513860e-01  -5.5810663e-02   1.2669654e-01   4.6083660e-01   2.3263462e-01  -2.1403046e-03  -3.5291766e-02  -4.3312955e-02   1.7935464e-01  -1.6659231e-01  -1.1314787e-01  -1.1596266e-01   2.0873978e-01  -1.9808806e-01   6.3032742e-02   1.0757943e-01   1.8971757e-01   5.7735002e-02   2.7127822e-02   1.6552446e-01   2.3801627e-02   1.3153287e-01   1.3415868e-02   3.1119703e-01  -1.0319150e-01  -1.4137049e-01   1.9000157e-01  -7.6619382e-02  -3.4631674e-01   1.4429351e-01  -1.1017521e-01  -8.4803047e-02  -4.1405149e-02   6.7701459e-03   8.3815256e-02  -2.2810462e-01   8.2839709e-02  -2.8219946e-01   3.3363202e-01   2.6632690e-01  -9.4919108e-04   1.7336901e-01
  -8.5584082e-02   2.1498596e-01  -5.9034057e-02   2.8409855e-01   3.2162502e-02  -1.4504054e-01  -1.4187030e-01   1.0565315e-01   0.0000000e+00   2.3411722e-01  -7.6604010e-02   2.5288417e-02   2.3385349e-01  -2.5268324e-01  -6.5666977e-02  -2.2126654e-01  -5.1954601e-02   6.6603788e-02   1.2124181e-01   2.6236614e-01  -1.3346410e-01   3.0875876e-01  -1.3478034e-01  -2.0335605e-01  -8.6748875e-02   1.5822172e-01  -7.1183343e-02  -2.7676416e-01   7.4564058e-02   1.0591040e-01  -1.9065384e-01   3.4180821e-01  -2.0078727e-01   1.4930107e-01   2.2163505e-01   1.1401706e-01  -1.2749224e-01  -5.7099105e-02  -1.4479002e-01  -1.0744003e-02   5.3092568e-02  -1.9407455e-01   3.0093024e-01  -1.5995429e-01   2.5651219e-01  -7.4964704e-02  -9.8366606e-02  -2.9469171e-01   2.3447539e-01  -2.2357471e-01  -3.3172446e-03   2.5090102e-01  -1.5766549e-01  -2.4287687e-02  -6.2107734e-02  -1.9040279e-01  -3.5946102e-02   1.6790422e-01   2.0751630e-02   2.3173784e-01  -1.6041609e-01   1.8804143e-01   6.2654281e-01   2.1437568e-01   3.0506406e-01  -4.8884431e-02  -3.1020502e-01   1.3180601e-01  -8.7714765e-03  -1.8165166e-01   8.9127723e-03   3.3419328e-01   1.3101055e-01   3.6597816e-02   2.9263981e-01   1.4747192e-01  -2.1700999e-01   1.2027298e-01   2.1694557e-01   1.5008712e-01  -2.1538160e-01   4.2860224e-02  -9.9252338e-03   1.4440552e-01  -3.6426411e-01  -4.3667595e-02   9.2771271e-02  -3.7588159e-01   1.0958020e-01  -1.1619621e-01   1.1523957e-01  -2.5808072e-01   1.2755388e-01   5.7212545e-01   4.4846227e-02   1.6326645e-01   3.3924251e-01   1.6992351e-01   2.3535626e-01   2.0888042e-01  -3.0637998e-01  -5.2944608e-02  -2.1842140e-01   5.6742546e-01  -6.5393607e-03   3.3586968e-01  -2.3968152e-01   2.4094028e-01   5.4648818e-02  -1.5193166e-01   1.9573096e-01   1.5640890e-01   2.5160468e-01   3.0763134e-03  -4.0065317e-01   1.1286612e-01  -5.3525433e-03   1.7468946e-01  -4.1650398e-01   1.0381877e-01  -3.1670925e-01  -4.0004148e-02   2.2200919e-01   1.2439015e-01  -7.4965840e-02  -1.5353462e-01  -1.0951840e-01   8.2058380e-02   3.9328452e-01  -2.3051389e-01  -1.6779776e-01   4.1207231e-02   1.0038817e-01  -2.1086762e-01   4.6109219e-01   2.2866359e-01   1.8221344e-01  -2.9387913e-01   2.4163696e-02  -5.0623863e-02  -1.0672359e-02  -1.0894529e-01   8.1842718e-02  -3.1991838e-01  -1.7411891e-01   1.9141816e-01   6.5232970e-02   1.0237393e-02   1.0984392e-02  -2.2651751e-02  -4.5272134e-01  -1.1587002e-01  -2.8878317e-01   3.0281224e-01   1.2187442e-01  -4.7031739e-02  -1.2109277e-01   6.5573281e-02  -1.9073552e-01  -1.7379629e-01   5.1754746e-02   1.4416738e-01   1.9522857e-01   2.0673704e-01   4.7476436e-01   6.6282712e-02   2.3101889e-01  -1.9649982e-01  -2.2283772e-01   6.4247376e-02  -1.0148998e-01  -2.0389345e-01   3.1271705e-01  -2.1599150e-01   1.8643317e-01   5.0715373e-02   3.5176719e-01
  -7.3899421e-02   3.7582716e-01  -1.6049672e-01   5.1324077e-02   1.4485644e-01  -1.1954505e-01  -1.4728128e-01  -1.2883990e-01   2.3411722e-01   0.0000000e+00  -3.5873301e-01   2.5766754e-01   1.7186326e-01  -3.0316772e-01  -2.8588817e-01   1.0343072e-01  -2.3373702e-01  -3.1931195e-02   2.2884108e-01   2.4349181e-01   2.6976613e-02  -3.1438933e-02   1.1432269e-01  -1.1376805e-01   2.5693887e-01   1.9072644e-01  -5.8985767e-02  -8.4745364e-02   1.8444282e-01   5.1385655e-02  -2.9019480e-01   9.8529251e-02   2.3537027e-01   1.6597710e-01   1.5293035e-01   4.3142991e-03   2.8547300e-01  -3.1466817e-01   1.8005813e-02   7.8031732e-02   2.1253748e-01   9.6462747e-02   2.6782472e-03  -3.8893137e-01   1.7489372e-01  -6.0815488e-02  -2.2893142e-01  -2.4118198e-01   2.4586162e-02   4.2557230e-02  -6.8618949e-02   4.3201945e-02  -1.9466002e-01  -1.3959617e-01  -2.9824674e-01  -2.0506082e-01   1.8574460e-01   2.2010564e-03   4.2802486e-02   1.1223033e-01  -3.6778564e-01   1.8088736e-01   1.9018538e-01   5.8821118e-02   2.2599942e-01   1.5473205e-01  -1.7030015e-01  -2.8504934e-01  -2.3411456e-01  -1.4249050e-01   1.0170986e-01  -1.1298212e-01   2.6886829e-01  -9.3822847e-02  -1.3674649e-01  -3.0233013e-01  -1.7807960e-01   8.8943765e-02   4.2770164e-01  -1.9415461e-01  -1.1910530e-01   5.6709390e-02  -1.8328818e-01   7.1370793e-02  -4.3992746e-01  -2.9278903e-01  -1.4084095e-01  -4.6704972e-02   1.8125051e-01  -5.1766356e-02   1.5663093e-01  -2.3268412e-01   1.3860395e-01   2.3395262e-01  -3.2981986e-01   1.9867142e-01   1.1484898e-02  -3.9242445e-02  -5.7091874e-02   6.4428524e-01  -2.9705710e-01  -6.3164039e-02  -1.0865655e-01   2.7317972e-01   1.7658082e-01   1.6413200e-01  -8.5838018e-02   2.3967511e-02   1.9290430e-01  -1.6117229e-01  -5.6308900e-02   2.5148015e-01  -1.0542673e-01  -1.4019716e-01  -3.3460385e-01   3.1491063e-01  -1.7322275e-01   2.8914359e-01  -2.0607351e-01   1.4505305e-02  -2.4880961e-01   3.3660348e-01  -3.8207047e-02   2.7743770e-01  -9.6882082e-02  -1.2516412e-01   2.1873681e-01  -1.9057548e-01  -1.4474905e-01  -1.2820952e-01   4.9975622e-02   1.8960158e-01  -4.3930035e-02  -1.3232507e-01  -4.7276815e-02  -2.5851104e-01  -1.4960067e-01  -2.5298771e-01  -1.1010441e-01  -2.4235881e-01  -1.6569923e-01   3.7569039e-02  -1.0840324e-01  -2.0212979e-01  -7.7573900e-02  -4.7811049e-03   1.1159380e-02   1.7054194e-01   2.8795411e-01   2.2755057e-01  -4.0995522e-01  -1.2259777e-01   5.4434914e-02   1.9680311e-01   1.5645709e-01  -9.4068258e-02  -2.4450708e-01   1.1873071e-01  -2.5203276e-01  -8.2132159e-02  -1.7709716e-02  -5.5381901e-02   2.6964282e-01  -3.5292703e-02   2.4316410e-01   3.7964369e-01   1.1584087e-01   1.0278136e-01  -1.3999555e-01   1.0611590e-01   1.9647363e-01  -3.2711816e-01   6.3218637e-03  -9.4281220e-02   1.6337428e-02  -3.8604664e-01   1.6880001e-01
  -2.1644164e-01  -3.5060252e-01   2.3210863e-01   2.9514246e-02  -1.8571310e-01   1.8435436e-01   3.4301999e-01   3.5429330e-01  -7.6604010e-02  -3.5873301e-01   0.0000000e+00  -6.2808714e-02   1.4665088e-01  -7.1927781e-02   4.0558759e-01   1.5208775e-01   2.3624172e-01   1.7889545e-01   1.0672752e-01   2.4259380e-02   1.7513557e-01  -1.8104410e-01   2.3054985e-01  -2.4941888e-01  -2.4136550e-01   1.4737720e-01   5.7604405e-02  -1.1876145e-01  -1.4966715e-01  -4.7920503e-02   3.8963567e-01   1.8350929e-01  -1.7290412e-01   3.5982194e-01   1.1053217e-01   4.6975627e-01  -1.1044824e-02  -1.8747163e-02   2.1741498e-01   4.7211592e-02   9.9582923e-02  -3.7585486e-02   2.9043878e-01   4.5166979e-01   8.3929196e-02  -5.5323698e-02   5.8709601e-01   3.4945376e-01   1.9211757e-01   9.5601091e-02   2.7475389e-01   3.2461778e-01   3.6813521e-01   2.4026673e-01   1.1768701e-01   4.9926599e-01   6.3170023e-02  -5.0488573e-03   4.4776485e-02  -1.0012256e-01   2.6490705e-01  -7.1676062e-02  -1.2136314e-01  -5.4921471e-02  -1.7468721e-01   2.8303274e-01   2.5378995e-01   4.0759320e-01   5.1049941e-01  -1.0665744e-01   9.8028589e-02   2.0866527e-01   5.8233105e-02  -1.4606046e-01   2.8802006e-01   2.6860325e-01   4.9781626e-02   1.2853811e-01  -3.8999384e-01   2.5422654e-01   7.5376430e-02   1.4504568e-01   3.7239632e-01   1.7103469e-01  -1.3351875e-02   2.5953722e-01   1.0593138e-01  -3.0491007e-01   5.8852937e-02  -3.4863243e-01  -1.1461716e-01   2.2629679e-01   4.7102415e-01  -2.5896817e-02  -1.4699655e-02  -1.1320621e-01   1.7335357e-01   2.0550917e-01   1.1063897e-01  -8.8678147e-02   5.8780328e-03   3.7880130e-01  -2.7998472e-02  -2.1277431e-01  -1.4074919e-01   4.3589388e-02   1.1007271e-01   2.8793880e-01   2.0421195e-01   1.1880386e-01   4.6433773e-01  -3.0676111e-01   2.2801001e-01  -2.1891501e-01  -1.8410811e-02  -2.0499441e-01   3.1996070e-01   5.4027010e-02   1.8470802e-02   1.2845395e-01   5.1030854e-02  -1.2761720e-01  -4.9433205e-03  -1.6155421e-01  -1.8544363e-01  -1.9373833e-01   3.3303061e-02   3.0440682e-01   9.3024624e-02   6.8893817e-02   2.1166776e-01   3.6183064e-01  -3.1290015e-01   3.3322594e-01   1.8614509e-01   2.5540321e-01   1.3370410e-01   1.4624238e-02   3.7657796e-01   2.8929520e-02  -1.9942614e-01  -1.1412885e-01   2.3906747e-01   1.7348922e-01   1.9383257e-01  -1.5919929e-01   1.9786190e-01  -9.3785253e-02   1.0297309e-01   1.0623364e-01   1.5280162e-02   1.2938536e-01  -1.9361748e-01   1.4931263e-01  -1.1071923e-01  -1.8016384e-01  -4.0230256e-02   3.2095592e-02   2.3899980e-01   3.9669544e-02   1.2490909e-01   2.3843603e-01  -3.1452951e-01   7.4408708e-02  -8.9818018e-02  -2.1598898e-01   1.6516287e-02  -2.1486479e-01  -1.8050955e-02   2.3948385e-02  -5.5111052e-02  -5.1808248e-02   2.7199285e-02   1.8693657e-01   2.8570139e-01   3.1163706e-01  -7.8010360e-03
  -3.5397409e-01   3.9658408e-01   2.0357316e-01  -1.2433813e-01   1.6541423e-01   1.3960424e-01   3.6521141e-01  -2.0921029e-01   2.5288417e-02   2.5766754e-01  -6.2808714e-02   0.0000000e+00  -1.6007688e-01  -1.0727270e-01   5.3889202e-02   2.2024484e-01   2.8748390e-02   1.9726708e-01   1.4966102e-01   3.5819251e-01  -4.6004654e-02   1.1398126e-01   2.5396300e-01  -2.7236516e-01   1.5257431e-01  -2.3215761e-01   3.1942303e-01  -3.6817955e-01   8.2929280e-02   2.6172973e-01  -3.6727156e-02   6.8153855e-02   2.0517642e-01   1.9541045e-01   5.0593344e-01   7.3430496e-02  -1.7376764e-01  -3.2531919e-01   4.9199836e-02   1.8398597e-01  -1.2828927e-01   1.0918495e-01   3.7945572e-01  -1.8737600e-01   6.3524199e-02  -3.4114655e-01  -3.1439776e-02   2.5743647e-01  -2.9462688e-01   2.9399227e-02   4.1715138e-02  -1.1903428e-01   7.0851960e-02  -1.4132562e-01  -2.7555973e-01  -5.4478420e-02   3.4170819e-02   2.3950301e-01  -5.0288779e-02   3.2278608e-01  -3.6862664e-01   1.0042093e-01   7.2530648e-02  -4.0573419e-02  -9.4586153e-02   5.0222832e-02   3.3155048e-01   1.8044761e-02   1.4246459e-01   9.4405373e-02   4.0990244e-01  -8.6278975e-02  -8.9453692e-02  -1.1837549e-01   6.9695769e-02  -1.8137270e-01  -2.5016036e-01  -7.0439239e-03   1.0055982e-01  -2.6287268e-01  -1.3401457e-01  -9.7210978e-02   3.8533404e-02   1.4579579e-02  -3.5849736e-01  -1.0855506e-03   8.6360228e-02  -1.3613214e-01   1.1713245e-01  -2.2191903e-01  -5.9188035e-05  -1.6335081e-01   3.7962061e-01   1.5063374e-01  -3.9853842e-01   1.9379742e-01  -1.6256756e-01  -1.1408154e-01  -2.3008016e-01   1.7001407e-01  -2.7086504e-01   2.7387716e-01  -4.2180294e-02   2.0664800e-01   2.9513761e-01   2.7937852e-01  -4.7929473e-02   1.2648220e-02  -3.4460496e-02  -8.0744751e-02   1.7726270e-01   2.0016164e-01   1.5510301e-01  -2.6601093e-01  -2.7125240e-01  -4.2430418e-02  -7.3095369e-02  -2.5522091e-01  -1.7156914e-01  -7.7517262e-02  -2.8739904e-01   2.1585014e-01   1.6319247e-01   1.7279293e-01  -3.0713943e-01  -8.7016571e-02   1.9628071e-01  -2.6647001e-01   6.8908580e-02   1.4753768e-01   1.5260836e-02   2.8188352e-01  -1.0345057e-01   8.8848649e-02   6.1493618e-02  -2.3409007e-01  -7.9718875e-02  -2.3282321e-01  -1.5321493e-01  -1.1885334e-01  -3.2896980e-01   4.5286163e-02  -5.8312674e-02  -1.0839976e-01   1.5734449e-01   1.9606318e-02   6.1305921e-01  -1.3087971e-01   1.9757633e-01   4.7401200e-02  -2.0916591e-01  -3.9471450e-02  -3.6694447e-01   3.3613446e-02   2.1714584e-01  -2.3939575e-01  -2.8463006e-01  -6.7757720e-02  -2.4809013e-01   4.1799968e-02   1.4945255e-01  -9.0547231e-02   2.5168269e-02   4.7831241e-02   1.3504733e-01   1.9150060e-01  -7.5099293e-02  -3.1272076e-01  -3.3019485e-01  -1.7440104e-02   8.5701043e-02  -2.7874543e-01  -3.6457820e-02  -8.9400036e-02   1.8911285e-02  -1.5113367e-01   1.9983313e-01
  -3.4073268e-01   1.5351739e-02  -1.3453063e-01  -3.4743440e-02   2.0457340e-01  -1.3560892e-01  -2.7510361e-01   1.0283697e-01   2.3385349e-01   1.7186326e-01   1.4665088e-01  -1.6007688e-01   0.0000000e+00  -5.3043998e-01  -1.7001443e-01   2.3957608e-01  -1.0956898e-01   1.4179756e-01  -1.7823404e-02   4.0687719e-01  -6.7180205e-02  -1.4217003e-01  -5.6943491e-02  -4.7066544e-01  -9.8471378e-02   2.0124334e-01   2.9381883e-02  -3.7287649e-01   1.3260207e-01  -1.9011600e-01   1.0632287e-01   1.3399674e-01   1.3738166e-01   9.2474242e-02   1.0573951e-02   3.7838673e-01   3.3713256e-01  -1.9545568e-01   2.0508082e-01   3.3436278e-01   5.9891501e-01  -2.9919986e-02   6.3267013e-02  -5.9941973e-02   3.1059911e-01  -2.4714626e-01   1.2041160e-01  -2.4989533e-01   5.2378004e-01   1.4634987e-01   1.8509563e-01   1.1929310e-01   4.2779913e-02  -9.2572584e-02  -2.0671562e-01  -1.5095782e-01  -9.7113621e-02  -5.7604056e-02  -4.7836559e-03  -1.7587620e-02  -2.6896893e-01   3.2943709e-01   1.0412162e-01   1.7977995e-01   4.3943738e-01   1.2178515e-01  -5.5604383e-02   5.8383066e-02   2.1654798e-01  -4.2067071e-01  -4.5768472e-02   1.2845496e-01   4.0471798e-01  -3.7439414e-03   2.1279977e-01   6.7584221e-03  -2.0981796e-01   2.0491713e-01   2.1855953e-01   2.2224276e-01  -3.7746513e-01   4.5553221e-01   3.7775750e-02   1.4904751e-01  -4.3610728e-01  -1.0667866e-01   1.3455019e-01  -4.7243054e-01   2.1432181e-01  -3.2007877e-01   1.7945220e-01  -2.0240525e-01   9.6301772e-02   2.9133668e-01  -8.0106385e-02   1.0662030e-01   3.8036594e-01   4.9464418e-03   3.2937716e-01   3.1036125e-01  -3.2923303e-01  -9.1680743e-02  -1.7895376e-01   1.7732594e-01   8.5452711e-02  -5.5881440e-02   4.9121773e-02   1.5870258e-01   3.0099118e-01  -2.2759282e-01   1.9812232e-01  -4.4248059e-03  -8.1997017e-02  -2.6791616e-01  -5.1112980e-01   2.8398929e-01   7.7397189e-02   6.5042964e-01  -2.3618226e-01   7.1095035e-02  -3.4126554e-01   1.6204757e-01   1.0415650e-01   3.1097168e-01  -2.8986292e-01  -3.7769189e-01   1.1799921e-01   5.2569697e-02   6.3800181e-02  -2.7465774e-01   4.0837137e-01   1.5246460e-01  -2.3328713e-01   2.6409151e-02  -1.2713477e-02   8.7431571e-02   1.1975466e-01  -3.8113029e-01   1.2751562e-01  -1.0662680e-02  -1.3290849e-01   4.1135495e-01   1.8042381e-01  -2.0151319e-01  -1.4176172e-01   4.5351849e-02  -1.4619650e-01   1.4922107e-01   3.6588886e-02   4.7279987e-01  -4.3325367e-01  -2.8855207e-01  -1.6702594e-01   3.7589346e-01   1.1294490e-01  -2.5141587e-01  -2.2721922e-01   2.0733482e-01  -2.1137442e-01  -2.6380989e-01  -2.0957606e-01   2.4232828e-01   4.1398601e-02   2.0423549e-04   1.9753472e-01   1.8033507e-01   1.1231981e-01   8.0978108e-02  -2.0889043e-01   1.3668814e-01   1.7315803e-01  -1.1483716e-01   1.7697610e-01  -9.5159856e-02   6.3687596e-02  -1.6508036e-01  -7.4958827e-02
   2.6313092e-01  -5.2553017e-02  -2.4490538e-02   1.6609258e-01  -3.1489590e-01  -4.4183460e-02   1.9906103e-01   3.0805449e-02  -2.5268324e-01  -3.0316772e-01  -7.1927781e-02  -1.0727270e-01  -5.3043998e-01   0.0000000e+00   2.2199303e-01  -1.0247358e-01  -2.2254083e-03  -1.1593736e-01  -1.5039355e-01  -4.2223957e-01   4.8211731e-02   2.3396334e-01  -2.0112509e-01   4.5114899e-01  -7.3725766e-03  -1.0723746e-01  -3.1901890e-01   3.8839434e-01  -4.1467704e-02   2.1414997e-01  -5.0013356e-02  -2.5067146e-01  -1.4697215e-01  -1.2879954e-01  -1.3972799e-01  -3.8165778e-01  -1.1482581e-01   2.1674166e-01  -5.6919141e-02  -5.1994810e-01  -2.2302235e-01  -1.0400613e-01  -1.4293211e-01   2.8531788e-01  -1.8574847e-01   2.5470689e-02  -1.7639111e-01   2.6246013e-01  -2.4146992e-01  -1.9933372e-01   3.1501693e-03  -2.8181586e-02   1.1266822e-02   1.4381915e-01   4.9803158e-01   2.0661278e-01   1.3762878e-01  -1.3304957e-01   1.3549775e-01  -4.7903588e-02   2.0125624e-01  -2.2863487e-01  -1.3562458e-01  -1.8229226e-01  -3.4877309e-01  -2.2999809e-01  -2.5272977e-02  -1.6622413e-02  -1.2785245e-01   2.3621408e-01  -1.7853591e-01  -6.3105103e-02  -1.9266382e-01   2.4670180e-01  -1.9958180e-01  -1.2258299e-01   5.9039699e-03  -2.0826040e-01  -2.6108204e-01  -8.4931760e-02   5.5055712e-01  -2.3108625e-01  -5.2288650e-02  -3.0130450e-02   5.1755814e-01  -7.4038376e-02   2.0089081e-02   4.5139977e-01  -1.8247743e-01   3.5135804e-01  -3.0521552e-01   1.2542057e-01  -2.4245024e-01  -2.5306028e-01   4.8525346e-02  -2.4527825e-01  -1.5264325e-01   1.4655920e-01  -1.6137771e-01  -3.1941290e-01   3.8089916e-01  -3.8072787e-02   5.7091543e-01  -2.2921033e-01   4.8864905e-02   1.4776521e-01   1.2555377e-01  -9.1433372e-02  -2.5834739e-01   1.9061322e-01  -1.7388344e-01   1.3335983e-01   4.3800570e-02   3.1397758e-01   5.8533990e-01  -3.9867146e-01   2.2215327e-01  -1.6221318e-01   4.2291490e-01   1.1769364e-01   2.2933539e-01  -3.0052599e-01  -1.8053424e-01  -1.7549461e-01   1.5687931e-01   6.2013860e-01   4.6458850e-02  -1.2302039e-01  -1.0505569e-01   1.1107718e-01  -1.3638654e-01  -3.3751527e-01   3.1218050e-01   7.0801677e-03  -1.4617164e-02  -4.6140757e-02  -1.2500358e-01   4.8192533e-01  -1.6560396e-01   5.8486357e-02   1.8744857e-01  -1.0553977e-01  -3.5835864e-02   3.6443215e-01   2.1182583e-01   9.2292964e-02  -1.3069708e-01  -1.8445467e-01  -2.5035925e-01  -3.6449394e-01   5.7824668e-01   5.5487544e-01   1.5720113e-01  -2.4675185e-01  -1.6106131e-01   2.5598898e-01   2.0816021e-01  -7.6586569e-02   1.1214667e-01   4.3893266e-01   1.4456823e-01  -6.7269989e-02  -2.0051216e-01   9.8603840e-02  -2.2798421e-01  -2.0180853e-01  -1.1108567e-02   5.1049510e-02   1.8007690e-01  -2.0415490e-01  -2.6505136e-01   2.7646942e-01  -7.6573936e-02   1.8564552e-01  -1.3656969e-02   6.0008548e-02   2.4386677e-02
