   0.0000000e+00  -1.7081462e-01  -1.3238569e-02  -3.3052185e-01  -5.4522201e-01   1.9775815e-01  -2.2814780e-01  -1.9829525e-02  -8.0448429e-02  -3.1609043e-01  -2.8126315e-01  -4.4979625e-01  -3.6279784e-01   5.8647812e-01   1.5839431e-01  -1.6789209e-01  -4.0616322e-01  -4.4125515e-01  -8.0121653e-02  -5.0950740e-01  -4.3595328e-02  -3.0102329e-01  -1.8376102e-01   8.0343782e-01   4.4534873e-02   1.9625089e-01  -3.0428136e-01   4.2919227e-01  -2.3064153e-01  -3.8968800e-01   1.5021640e-01  -3.3712704e-01  -1.5734197e-01  -2.5982419e-01  -1.7657805e-01  -4.8688233e-01  -1.5630553e-01   3.2153964e-01  -2.1547231e-01  -3.6158466e-01  -4.7274888e-01  -5.5952962e-04  -3.0445722e-01   2.1149411e-01  -2.2069044e-01   1.8484160e-01  -3.7824328e-01  -2.0687226e-01  -1.5319946e-01  -4.6903202e-01  -4.4976286e-01   1.2067299e-01  -2.0237512e-01   3.6468464e-01   2.2188990e-01  -2.6212659e-03   2.4000761e-01  -4.0111942e-01  -3.3742456e-01  -1.7199309e-01   5.9160803e-02   1.8836499e-01   9.2992663e-02  -1.1277776e-02   2.3288616e-02  -2.9043554e-01  -1.1455856e-02   1.6606373e-01  -4.1968817e-01   3.8433372e-01  -2.5815268e-01  -9.2590760e-02  -1.4514432e-01   3.7877590e-01   3.6134766e-02   1.0106538e-02   2.0479781e-01  -2.3561273e-01  -3.0170142e-01  -5.8263804e-02   8.5368511e-02  -1.1942556e-01  -2.1710126e-01   8.4935745e-02   3.2015495e-01   3.5051556e-02   1.6101464e-01   4.9972498e-01  -6.0558427e-02   8.2894309e-01  -1.6873221e-01   1.0587142e-01  -2.7530304e-01  -2.3219982e-01   3.9720178e-01  -1.3093094e-01  -9.1658250e-02  -1.3123771e-01  -1.3981618e-01  -8.8214315e-02   8.8323290e-02   3.7286227e-01  -3.2776559e-01  -4.3236735e-02  -4.2446542e-01  -4.0766783e-01   7.5338856e-02  -2.4712497e-01  -1.2542824e-03  -2.8165416e-01  -1.6242618e-01  -2.4182281e-01   1.3208662e-01   9.0435232e-01   5.0466838e-01  -1.3766108e-01  -3.5277985e-01  -2.4361868e-01   3.1558970e-01  -9.2609627e-02   6.0406581e-01  -3.0081469e-01  -6.3669209e-03  -5.8511272e-02   6.7440330e-01   1.6721126e-01  -1.7537053e-01   2.1132068e-01  -2.8779868e-01   9.1767920e-03  -3.7650212e-01  -3.6246600e-01  -9.5124864e-02  -4.8336435e-02  -9.6615903e-02   2.7745445e-02   3.0729528e-01  -6.6545383e-02   8.2040492e-02   6.3695510e-01   7.1745216e-01  -3.3576483e-01  -3.3947188e-01   6.8464121e-02   1.8926195e-01  -3.3389806e-01  -3.1540058e-01  -3.5402904e-01  -4.0528933e-01   6.7228392e-03   5.9688434e-01  -6.1591743e-02   6.6245528e-01  -5.8251551e-02  -1.3937725e-01   6.4053054e-01   5.7747964e-01  -2.5421422e-01   7.2309614e-02  -1.7760771e-01   6.1850912e-02  -3.3270366e-01  -4.7592378e-01  -5.1311925e-01  -2.3458255e-01  -2.5219707e-01  -1.1440727e-01   3.1526324e-01   4.7804393e-01  -2.7365181e-01  -2.6436874e-01   3.7180878e-01  -1.2807475e-01  -2.1873525e-02   8.2604775e-02   1.0515640e-03  -2.8428793e-01
  -1.7081462e-01   0.0000000e+00   2.3738353e-01   6.3230606e-02   5.0739863e-02   7.0392606e-02   2.9900219e-01   8.3950908e-02   1.2734147e-01  -1.2644607e-01   6.7532726e-02   5.1823061e-01  -1.5342588e-01   1.8350355e-01   4.4700772e-01  -1.1836448e-01   2.4312908e-01   1.4715566e-01   7.1886547e-04  -1.3647692e-01  -2.6634409e-02   9.9498693e-02   9.1762353e-02  -1.0269048e-01   2.3231470e-01  -1.4596342e-01   1.1435109e-01   1.8565831e-02   6.7378561e-02   3.6569327e-01   2.7982946e-01  -3.9898997e-02  -1.8760034e-01   5.3713777e-02   5.5356581e-01  -7.1564482e-02  -1.5439568e-01  -3.1255188e-01  -1.1979813e-01   5.6059335e-02  -4.5665287e-02  -1.1153543e-01   3.6068871e-01   8.2646466e-02   2.9226513e-01  -2.6666842e-01  -1.8044099e-02   2.6604162e-01   1.4048683e-01   3.1911983e-03   2.3233987e-02  -1.6592509e-01   9.8335517e-02   5.6611767e-02  -2.3713275e-01   5.2049891e-02  -5.2502022e-02  -2.0801415e-02  -3.2940556e-02   4.0170191e-01  -1.2791569e-01   1.4004840e-01   3.8108568e-01   4.8376824e-02   1.8504356e-01  -3.1292106e-02   2.6683341e-01   4.1309331e-02   7.1014607e-02  -3.0968942e-01   2.9907425e-01  -6.4069604e-02   6.0847562e-02   2.2752560e-01   1.2699687e-01   8.1146844e-02  -1.4304480e-02  -6.2041061e-02   5.9880659e-02   2.1975771e-01   1.3759854e-01   1.9672588e-02   2.4247280e-01  -1.9906824e-02   1.4455253e-01   7.0637105e-02   5.5086264e-01  -8.3401706e-02   3.9506525e-01  -1.1574793e-01   1.0650460e-01   1.0924849e-01   4.8993569e-02   1.1244585e-01  -2.4043569e-01  -7.2967244e-02   1.9966170e-01   2.8833886e-02   2.6350988e-01   2.0300333e-01   7.6892144e-02   2.3428303e-01   2.0342513e-01   1.6277650e-01  -4.1772175e-02   4.8779220e-02  -8.4878481e-02   1.0898893e-01  -1.7354968e-01  -4.3310791e-02   1.3850822e-01  -1.4113751e-02   1.5946950e-01  -1.9245871e-01   6.0556504e-02   2.3454207e-01  -9.1460743e-02  -7.1339368e-03  -4.3180891e-02  -2.4204914e-02  -8.9090606e-02   7.4227719e-02   2.0171365e-01   1.1832571e-01  -2.0446082e-01   5.3655621e-01   2.9005735e-01  -1.4043184e-01  -5.2991823e-02  -1.2808613e-01   2.0000871e-02   1.4290593e-01   2.9993335e-01   1.9814526e-01   7.0994453e-02   1.1418495e-01   4.2259159e-02   1.8066681e-01   7.5421872e-03  -5.5159237e-02  -5.5425029e-02  -2.8523935e-01  -6.9734843e-02   1.3666473e-01   3.5778813e-01   7.6217025e-02   1.2093141e-01  -7.2461839e-02   5.4824932e-02   4.1295304e-02   2.0220371e-02   1.8869711e-01  -8.7590418e-02   3.5068517e-01   3.6212729e-01  -1.4655322e-01  -1.2539992e-01  -9.5009263e-02   9.3203370e-02   9.5869254e-02   1.9103646e-01   8.6417335e-02  -1.5247804e-01   4.9314995e-02   1.2818242e-01   9.7117146e-02   2.0872417e-01  -4.2535432e-02   7.4265553e-03  -2.1088334e-02   2.4129704e-01  -2.9360778e-01   2.0125940e-01   2.7420703e-01   2.0938231e-01  -9.1486132e-02   1.6756583e-01
  -1.3238569e-02   2.3738353e-01   0.0000000e+00  -1.0995183e-01   1.3127984e-01   3.9160368e-01  -9.0879925e-02  -1.7755713e-01  -2.3360218e-01  -2.6976490e-01  -1.1309848e-01   2.9380097e-01  -4.6212059e-02   5.1501527e-02   7.0762692e-02   1.4014345e-03   7.0896196e-01   5.3284756e-02   8.1171393e-02   1.6570355e-01  -3.1797099e-01  -9.5580753e-02   3.9662316e-02  -5.0782319e-02   8.4455630e-02  -1.3090790e-01  -2.4276514e-02   6.3413172e-02  -2.2645855e-02  -1.3228842e-01  -2.1565001e-01  -7.8004957e-02   7.4332130e-02  -2.9556032e-01   1.0327575e-01  -7.0203644e-02  -2.9504544e-01   1.0550721e-01  -7.5458794e-02   1.5711193e-01  -6.4076588e-02   2.6329799e-01  -4.7442321e-02  -9.1842327e-02  -1.9209745e-01   3.1384581e-01  -1.0976286e-03  -3.0119879e-01  -1.3385043e-01   4.9674237e-01   2.2416286e-02  -1.9879845e-01  -3.9185863e-01   3.8161489e-01   7.8740411e-02   6.7893034e-02   2.1303850e-01  -1.8433285e-01  -5.7145253e-02   2.1916874e-02   2.8387445e-01  -2.9933667e-01  -1.6464213e-02  -2.8830157e-01  -2.9053673e-01  -1.6262565e-01   2.4186903e-01   1.1530223e-02  -1.3291727e-02   4.5196020e-01  -5.7950313e-02  -6.4298327e-02  -1.6663088e-01   3.7236780e-01   6.8298917e-02  -1.9148693e-01   2.8847441e-01  -2.4347244e-02   5.7034052e-03   8.6301782e-02  -6.6403761e-02  -2.7358529e-01  -9.0913347e-02  -5.8827880e-02   2.3909794e-01  -1.9513505e-01  -2.8053255e-02   1.7500220e-01   1.8676847e-01   5.6407127e-02   1.2716475e-02   6.2477627e-01   1.5113976e-01  -1.2875053e-01   1.5821436e-01  -1.0246121e-01  -1.5479043e-01  -1.1248678e-01  -6.8728521e-02  -2.5579186e-01   2.3367030e-01   4.8108202e-02   5.6048557e-02  -1.8128329e-01  -7.6857543e-02  -1.2882076e-01   1.7701311e-01  -8.2076673e-02  -1.3190266e-01  -3.8311220e-02  -6.5344767e-02  -3.0697026e-02  -4.6718687e-03   6.0169408e-02   1.9978974e-01  -5.0904135e-02   2.9461129e-02  -1.0248082e-01   1.9287430e-01  -1.6230651e-01   1.2512360e-01   7.3964723e-02   8.4243674e-02  -2.9169898e-01   1.1400728e-01   3.0065896e-01  -8.8748916e-02   1.6594044e-01  -1.9366262e-01   3.2517381e-01  -1.4016292e-01  -2.7344401e-01   4.4328134e-02  -1.0491661e-01  -8.7772679e-02  -2.0008387e-01  -7.2791678e-02  -9.8532119e-02  -2.6934033e-01   1.8472456e-01   1.5799339e-02   2.9896191e-03  -6.7405582e-02   2.8978883e-01  -5.3832238e-02  -1.5512472e-01  -6.7571882e-02  -2.9808696e-01   4.0192860e-02  -3.3279919e-01   3.0585498e-01  -5.1755385e-02   2.7443729e-01  -1.5923431e-01   4.9777960e-01   1.6601853e-01   2.1132370e-01  -7.1862749e-03   4.8818512e-01   7.3089173e-02  -9.4169957e-03  -2.0946209e-01  -1.3305389e-01  -1.2046105e-01  -1.1151010e-01  -1.4674683e-01  -1.8417488e-01   6.1730866e-02   2.0449659e-01   1.1674627e-01  -2.4573826e-01   3.0335289e-01  -3.2394358e-01   3.5900085e-01   1.3890872e-01   8.1970344e-02  -1.2808610e-01
  -3.3052185e-01   6.3230606e-02  -1.0995183e-01   0.0000000e+00   1.3716134e-01  -5.9887064e-02   5.7853360e-02   9.3575953e-02   3.8518695e-02   1.8632023e-01   3.8915671e-01  -6.8012880e-02  -8.4130260e-03  -1.3067912e-01   6.6560548e-02   2.5218242e-01   1.5531916e-02   5.3488140e-01   6.5466726e-02   2.1160819e-01   2.2325101e-02   4.7855792e-01   1.8709725e-01  -2.3950645e-01  -1.4691667e-01  -1.5945462e-01   4.9307083e-02  -1.3248731e-01   2.6659406e-01   5.4273381e-01  -2.5551786e-02   4.5797429e-01   3.8226989e-01  -6.9634084e-02  -2.4266637e-01   2.7994189e-01   2.7448208e-01  -2.6454969e-01   1.6727677e-01  -9.8246014e-02   2.1133679e-01   2.9915246e-01  -1.1517546e-01  -8.8364869e-02   4.0732990e-01  -1.2744597e-02   3.6339605e-01  -2.7965664e-02   1.3165897e-01   9.9346598e-03   5.2785939e-01  -1.0821631e-01  -1.5403670e-01  -3.5160097e-01  -1.4753547e-01   1.7163667e-01   1.3678438e-02   4.7504514e-01   4.4850566e-01   1.3183522e-01  -1.4725779e-01   5.6230672e-02   1.6372593e-02   1.0121600e-01   9.3622561e-02   1.0041792e-01  -1.3477294e-01  -1.6166412e-01   3.7918180e-01  -8.0755124e-02  -1.1124273e-01   5.9102599e-01   1.1756825e-01  -2.1406792e-01  -1.1649519e-01   2.3241934e-02   2.6682888e-02   1.5446835e-01   4.1279338e-02   2.2371410e-01   1.0480580e-01  -9.5530303e-02  -2.6566136e-01   3.3700138e-02  -2.5992756e-01   5.2084893e-02  -2.9127075e-01  -7.7678281e-02  -2.0626625e-01  -2.9371970e-01  -8.7348520e-02   3.1123366e-02   4.1614461e-02   1.3660599e-01  -2.1222838e-01  -3.9290779e-02   3.7847602e-01   2.7109423e-02   2.9945352e-01   1.9599919e-01  -1.6585114e-01  -1.1050579e-02   3.2265300e-01   1.0906450e-01   5.4668497e-01   5.9463749e-01  -1.7348719e-01   1.5952633e-01   3.0310333e-01   1.5861713e-01  -2.2082058e-02   5.8402713e-01   3.7693719e-01  -3.4820537e-01  -1.2776640e-01  -1.4398094e-02   2.3644312e-01  -4.0250627e-02  -1.0736879e-01   6.3488227e-01  -1.9147120e-01  -7.5384895e-02  -3.7232499e-01  -5.8874641e-02  -2.4108157e-01  -6.3351133e-02   2.4643700e-01  -2.7663929e-01   4.9837617e-01  -1.5575781e-01  -9.3681427e-02   1.3683520e-01   2.2745446e-01   5.6644927e-02   3.9359861e-01   3.5371781e-02   5.6966702e-02  -2.0925907e-02   6.2402708e-02  -5.0234242e-01  -2.9213430e-01  -1.0512085e-01   3.8245329e-01  -2.0251103e-01  -2.7488299e-02   3.2517540e-01  -6.3135860e-02  -6.3382620e-02   1.0528038e-01   4.1121980e-02  -7.5782956e-02   1.5130653e-02  -2.4132605e-01  -7.6317440e-03  -2.7015923e-01  -3.8734435e-01  -2.5364111e-01   3.4373214e-01   5.1297600e-02   1.8732287e-01  -3.4977656e-02   2.7370022e-01  -8.3810392e-03   5.1841109e-01   3.9548844e-01  -3.8864743e-02   1.2753046e-01   1.7191767e-01  -2.0921078e-01   4.4188227e-02  -1.3779119e-01  -2.5118348e-01   5.1623098e-01  -3.8382615e-02   1.3751279e-01   3.6589769e-01   4.2530737e-01
  -5.4522201e-01   5.0739863e-02   1.3127984e-01   1.3716134e-01   0.0000000e+00  -1.6426647e-01   1.4991807e-01  -2.2087623e-02   1.1660070e-01   2.3928021e-01   1.2526025e-01   4.4562186e-01   3.5141176e-01  -5.5541155e-01  -3.6330931e-01   6.9309545e-02   5.2442573e-01   2.1618564e-01   1.4341578e-02   8.4722511e-01   4.6708243e-02   1.9159411e-01  -1.5903099e-03  -5.9932926e-01  -4.7868779e-02  -1.0232136e-01   4.9538248e-01  -5.9086553e-01  -9.4239654e-03   2.0896591e-01  -3.0533641e-01   1.9922250e-01   4.9290035e-02   1.4597733e-01   2.0365073e-01   7.1746580e-01   1.4802230e-01  -2.1011073e-01   9.7448695e-02   5.6869496e-01   3.8813746e-01  -6.4499170e-02   2.4044472e-01  -3.3868915e-01   1.7353857e-01  -2.1255592e-01   5.1024867e-01   1.3935556e-01   1.4135342e-01   4.9438516e-01   2.8765119e-01  -7.8772212e-02   1.9638917e-01  -2.7554931e-03  -2.2050706e-01  -2.4895366e-01  -2.9516157e-01   3.3274349e-01   8.2738913e-02   2.4640918e-01  -8.3236913e-04   4.9210213e-02  -6.9758623e-02  -1.2287406e-01   6.1846652e-02   2.1243377e-01  -6.3969405e-02  -7.4809066e-03   2.3299139e-01  -2.3441033e-01   3.8457144e-01   1.2703294e-01   1.3751354e-01  -3.6253492e-01   1.1096181e-01   2.0073590e-02  -1.7374162e-01   1.6589425e-01   5.9997160e-01   1.8168186e-01  -2.8954673e-01  -1.1481890e-02   1.2299649e-01  -1.4581432e-01  -2.5666186e-01   4.3274686e-02  -9.8489761e-02  -6.1954345e-01   2.9745385e-01  -6.7048054e-01   4.2812130e-01  -1.3523591e-01   1.1673284e-01   2.5492610e-01  -2.9847380e-01   4.5064383e-01   1.3616549e-01   9.9282932e-02   4.1919495e-01  -1.5996892e-01  -8.3754023e-02  -5.4400082e-01   5.7208825e-02   1.1349782e-02   2.3511422e-01   2.1982614e-01   1.4788747e-01   2.0307327e-01  -6.7053193e-02   1.8318884e-01   3.1643727e-03   7.1332352e-02   5.9311402e-02  -5.3949871e-01  -5.7828049e-01   2.4755474e-01   2.2971444e-01   2.4551110e-01  -4.3472430e-01   1.4865497e-01  -4.3571004e-01   6.1565025e-01   2.5022759e-01   1.6915718e-01  -4.2235471e-01  -7.8140768e-02   8.5174582e-02   2.0344789e-01   7.6392202e-02   1.5478243e-01   2.0084048e-01   2.7747441e-01  -3.7203474e-02  -1.6395216e-01   2.1685293e-01   3.4134239e-02  -1.8945306e-02   4.4204534e-02   3.7528421e-02  -2.5064794e-01  -4.7995663e-01   3.2977840e-01   1.4265825e-01  -2.1275127e-01  -3.7157717e-01   5.6339516e-02   3.5344993e-01   4.5105942e-01   3.2610907e-01  -1.0483258e-01  -6.2899840e-01  -8.8391097e-02  -4.9077715e-01  -1.2586250e-02   3.8583590e-01  -4.1113159e-01  -3.1991446e-01   1.2171163e-01  -1.4616300e-01  -1.0814754e-01   2.8475003e-02   9.7882443e-02   5.7068975e-01   2.4300348e-01   2.5616284e-01   2.7548674e-01  -8.1110826e-02  -4.4762956e-01  -4.2652220e-01   1.9538170e-01   2.8714281e-01  -3.1438981e-01   2.1128840e-01  -7.9732142e-02  -4.7343981e-02  -4.2517754e-02   1.9697315e-01
   1.9775815e-01   7.0392606e-02   3.9160368e-01  -5.9887064e-02  -1.6426647e-01   0.0000000e+00   1.7110790e-01  -1.8602128e-01  -3.5956801e-01   1.1970073e-01   2.8678855e-01  -1.0189214e-01  -6.7843218e-02   2.5561260e-01   2.2845848e-01   2.6339569e-01   2.8908764e-02   8.0720229e-02  -9.3640989e-04  -7.3155663e-02  -1.5573590e-01  -4.6951058e-02   2.3204210e-01   1.9251430e-02   1.2794760e-03   6.4792335e-03   8.3846820e-02   3.6551803e-01  -1.2934078e-02   2.4333028e-02  -1.1989356e-01  -1.1766607e-01  -7.7302782e-02  -7.3457876e-02  -1.2035944e-01  -6.1565667e-02   1.8020390e-02   8.0245360e-02   1.8574404e-01  -6.0894788e-02   4.0435362e-02  -4.3292773e-02  -2.1382668e-01   2.7437216e-01  -1.5214927e-01   2.4468825e-01   2.4919068e-01   5.7266207e-02  -2.6187429e-01  -2.9392304e-02   4.5219368e-02  -3.3942679e-02  -1.0185071e-01   2.6440090e-01   9.5012686e-02   4.6723899e-01   3.7757723e-01  -2.6617711e-01   1.1340812e-01  -3.1182148e-01   2.7180794e-01  -2.9315188e-01  -1.3002168e-01   8.4915083e-03  -2.9605029e-01   2.1740515e-01   7.6147556e-01   2.4844077e-03   3.5265827e-01   5.4686216e-01  -4.4482522e-01   2.5726892e-02   1.5997482e-01   1.9971625e-01  -2.8284181e-01  -2.8176845e-01   2.8845285e-01   5.8650571e-02  -3.1331200e-01  -4.5241706e-02   3.3988035e-01  -1.8200411e-02  -5.0025233e-02  -8.4523862e-02   1.1914560e-02  -2.7312502e-01  -1.5125696e-01   9.4897237e-02  -9.5950482e-02   1.3509778e-01  -5.2114625e-01   4.0601156e-01   4.2247314e-01  -3.6420753e-01   2.4416234e-01  -4.4994918e-01  -1.5508411e-01   2.4261871e-02  -1.3164191e-01  -4.5937907e-02   1.9981473e-02   2.9714700e-01   1.5650885e-01  -3.6723966e-01  -1.3461305e-01  -6.6961306e-02  -1.2130047e-01   3.7081911e-02  -2.0154463e-02   3.0403161e-01   1.9940771e-01   1.1557951e-01   8.6070797e-02   1.3847835e-01   3.4688430e-01  -2.3501601e-01   8.3795735e-02  -8.8052443e-02   4.7392434e-01   1.4834697e-01   2.5261021e-01  -4.1841887e-01   1.1323292e-01  -3.5065428e-01   1.1413128e-01  -2.8913951e-02   3.3400604e-02  -1.6615970e-01  -2.8684095e-01   4.0432147e-01  -1.8693622e-01  -8.6384275e-02  -4.3925931e-02  -2.0244174e-02  -2.9698309e-01  -1.7929659e-01  -6.2082563e-02   8.4240239e-03  -2.4950152e-01   1.7918995e-01   2.6322721e-01  -1.6269582e-01   2.5724177e-02   5.6647602e-01   9.1355869e-02  -2.6120891e-02  -1.0422472e-01  -5.3767791e-02   2.7478931e-01  -2.1887490e-01   4.5655740e-01   2.1635348e-02   3.7950541e-01  -6.0301297e-02   7.4662030e-02   8.1276205e-02   2.2788840e-01   1.8169299e-01   3.0574939e-01   2.6244080e-01  -4.0826458e-02  -1.0502640e-01  -2.2887916e-02  -5.3489477e-02   4.9741057e-02  -9.3470504e-02   6.1627337e-02   4.0343735e-01   4.9627737e-01   3.1537155e-01  -1.8791551e-01   1.4061788e-01  -9.5271797e-02   6.3328261e-01   5.0542185e-02  -1.2339354e-01  -7.9642710e-02
  -2.2814780e-01   2.9900219e-01  -9.0879925e-02   5.7853360e-02   1.4991807e-01   1.7110790e-01   0.0000000e+00  -2.4079291e-01  -1.7083016e-01   5.3509966e-01   3.6917307e-01   3.9976344e-01   1.2074912e-01  -8.4031060e-02   2.1575423e-01   3.4967605e-01  -3.9323193e-02   9.9360823e-03   2.7540206e-02   2.3747583e-01   3.0009538e-01  -1.5690529e-01   6.8281943e-01  -3.8264468e-01  -1.0846560e-01  -3.9466416e-01   2.6347119e-01   2.1450107e-02   4.0066331e-02   3.5032062e-01  -4.5132772e-02  -2.8036717e-01  -3.4687561e-02   6.2144324e-01   4.6367085e-01   4.2843873e-01   3.0451962e-01  -8.1214210e-02   3.8862216e-01   1.2277157e-01   3.6061409e-01  -1.1336264e-01   5.7121672e-01  -1.5027601e-01   3.8985996e-01  -3.2176848e-01   2.2807804e-01   7.0934311e-01  -2.2450342e-01   8.7690702e-02   2.2425140e-01  -4.1664462e-01   4.0383820e-01  -8.2191962e-02  -7.8154890e-02   2.1833261e-01  -2.4465295e-01  -3.2920578e-01   2.5806727e-01  -7.7891111e-02  -1.1913484e-01  -3.2294744e-02  -1.2777398e-01  -3.8191650e-02  -1.8253496e-01   7.0062477e-01   2.7942550e-01   3.9244866e-03  -2.0898496e-02  -8.0743581e-02   2.0911703e-01  -8.9581195e-02   4.3770362e-01  -3.3884124e-01  -2.8855803e-01  -2.5736195e-01   1.3155069e-01  -1.7197603e-01   1.5216875e-01   8.1812194e-02   4.2283539e-01   4.4714400e-01   2.9052877e-01  -3.7333812e-01  -3.0844314e-01  -3.4641351e-01   5.1171083e-02  -2.5316570e-01   2.1215947e-01  -2.9062963e-01  -1.3739431e-01  -6.2776551e-02   3.7672916e-01  -3.3607399e-02   2.7062715e-03  -3.9675956e-01   7.9551736e-02  -2.3950515e-01   6.0648407e-02   4.2323900e-01  -2.0202848e-01   9.0339677e-02   3.2172215e-01  -3.0278843e-01  -1.2328883e-01  -1.7328490e-01  -1.8519725e-01  -2.4767027e-01  -3.7791456e-02   3.3644882e-01   3.6388068e-01  -5.7757475e-03  -1.1067195e-01  -2.4342486e-01  -9.3188896e-02  -3.4584034e-03  -6.8244126e-02   2.7518039e-01  -2.2883139e-01  -5.0919295e-02  -1.7234744e-01  -6.9631491e-02   1.1725170e-01   1.2749828e-01  -3.2836612e-01  -8.1281248e-02   3.1165192e-01  -1.7653457e-01  -3.4943051e-01   1.2864083e-01   3.9475089e-01   3.8118301e-01  -3.0894479e-01   1.9017644e-01  -1.5307787e-01  -2.7357491e-01  -8.7796862e-02   3.5316603e-01  -2.4821002e-01  -1.6643234e-01  -3.8732124e-02  -1.5581457e-02  -2.2879282e-02   2.7569089e-01   2.9892939e-01   1.3698535e-01   5.4814325e-01   4.7068981e-01   6.2400155e-01   1.2254878e-01  -1.6249066e-01   8.3338479e-02  -1.2406888e-01   2.5968561e-01   2.2449471e-01  -2.6103349e-01  -8.1721395e-02   3.4698793e-01  -1.8041035e-01   1.9422689e-01   3.5721522e-02  -7.7463167e-02   2.8983842e-01  -2.8853382e-02  -5.8466676e-02   4.0695222e-01   4.8218567e-01  -2.3678990e-01   5.5037040e-02   2.3844778e-01   4.9436159e-01  -3.1556656e-01   1.4640837e-01   1.6327811e-01  -9.8832564e-02  -1.2168221e-01  -1.1373167e-01
  -1.9829525e-02   8.3950908e-02  -1.7755713e-01   9.3575953e-02  -2.2087623e-02  -1.8602128e-01  -2.4079291e-01   0.0000000e+00   5.7319536e-01  -1.4695552e-01  -4.2266446e-01  -1.1043189e-01  -1.1565040e-01  -2.4630580e-01  -3.2200000e-01  -3.7525794e-01  -2.7511731e-01  -1.5946318e-01   5.0325378e-01   1.2863182e-02  -2.8477652e-01   5.1237881e-01  -4.6261567e-01   1.4520934e-01   1.5612208e-01   6.8769691e-01   2.1490777e-01  -4.1820176e-01   2.5008072e-01   1.8965232e-01  -2.2182777e-01   4.3996262e-01   6.1801026e-02  -9.3467788e-02   1.4575970e-01  -2.4324663e-01  -2.4395024e-01  -4.2686574e-01  -5.9041948e-01   9.6370926e-02  -4.0346911e-01   6.7395166e-02   3.3318614e-02  -3.6597056e-01   1.5533167e-01   2.8537681e-01  -2.1912604e-01  -2.8637570e-01  -1.6255525e-01  -2.0284085e-01  -1.4375347e-01   6.5493456e-01  -2.9087624e-01  -2.2111631e-01  -2.3048056e-01  -4.5906584e-01   3.1824789e-01   5.4271351e-01  -3.8192207e-01   4.9690440e-01  -3.3378937e-01   1.1079759e-01   3.9476534e-01  -3.0097764e-01   4.2612870e-01  -2.8446896e-01  -2.9703570e-02   6.2665449e-02   2.0775510e-01  -1.2512538e-01   1.9066232e-01   2.6106531e-01  -4.6043512e-01   1.8815076e-01   1.7600222e-01   6.9289757e-01  -4.0942332e-01   5.1229956e-02   2.3825736e-01  -3.2935580e-01  -2.4271695e-01  -2.8351835e-01  -4.8798206e-01   7.8289747e-01  -1.1753749e-01   7.0433427e-01   1.2659358e-01  -1.7083454e-01  -2.5385095e-01  -3.6292060e-02   2.9846846e-01  -7.0848330e-02  -3.0842958e-01   5.6868315e-01  -4.1890082e-01   4.7995877e-01  -1.2611678e-02   6.4882934e-01   9.2550247e-02  -1.4118856e-01  -3.4146797e-01  -3.6399555e-01  -2.1178340e-01   7.4330322e-01   3.1703559e-01   4.7095083e-01  -3.8137211e-02   6.5312233e-01   5.8613455e-02  -3.7158047e-01  -3.6594435e-01  -4.0748518e-03   2.6360803e-01  -4.4848833e-02  -4.1908627e-01   4.3211437e-01   8.0204836e-02  -2.3224536e-01  -4.0898101e-01   1.0327982e-01   7.7057940e-02   3.1439638e-01  -1.7925693e-01   7.2908890e-02   2.4615445e-01   1.6442960e-01  -1.6435537e-01   5.2238286e-02   6.8689667e-01  -5.7293496e-01  -2.1186706e-01   8.9445002e-02   1.6278522e-01  -5.2660027e-01   5.8868936e-01   8.5187158e-01   8.6304723e-03  -3.8129888e-01   7.8176056e-01  -6.4282432e-02  -8.0009687e-02  -1.8507581e-01   7.8357773e-02  -5.8336631e-01  -3.7927548e-01  -2.0673341e-01   6.1102350e-02  -2.6257175e-01  -1.3649738e-01  -1.8663638e-01  -2.8132902e-01   6.1032541e-02  -2.2881657e-02  -5.2787686e-02  -1.9860033e-01  -3.6052935e-02  -1.2208283e-01  -4.3557498e-01  -1.0306228e-01  -5.6619471e-02   3.8731818e-01   8.8670776e-02  -2.0410208e-01   1.1150040e-01   6.2767273e-01   2.7462226e-01  -3.2488609e-01  -5.0700960e-02  -2.6447368e-01  -4.9817021e-01   2.5432998e-01  -1.9546861e-01   2.6744897e-01  -5.2325568e-01   3.1105326e-01  -7.0812168e-02   6.6637660e-01
  -8.0448429e-02   1.2734147e-01  -2.3360218e-01   3.8518695e-02   1.1660070e-01  -3.5956801e-01  -1.7083016e-01   5.7319536e-01   0.0000000e+00   8.7031696e-04  -3.6235816e-01   5.0985223e-02  -7.4879943e-02  -2.5924928e-01  -3.2532603e-01  -5.4760337e-01  -2.6225699e-01  -1.9515359e-01   3.4766054e-01   5.3748102e-02  -3.4430649e-01   2.7763759e-01  -5.5830666e-01   1.0611991e-01   3.3888264e-01   3.7534687e-01   2.5762060e-01  -4.9002151e-01   1.7311483e-01   4.0296861e-02  -1.5175526e-01   1.6085533e-01  -2.0030744e-01   8.3443172e-02   3.5268228e-01  -8.2739111e-02  -1.9875845e-01  -3.2327200e-01  -5.6268955e-01   1.6633498e-01  -3.1620981e-01  -1.8958818e-01   2.9914648e-01  -3.4668725e-01   2.9209557e-01   4.5635252e-02  -3.0229331e-01  -2.1009980e-01  -5.7313077e-03  -1.2930436e-01  -2.7698013e-01   2.6816886e-01  -1.7340912e-01  -2.0064104e-01  -1.1799370e-01  -3.9438559e-01  -9.6231183e-03   3.8037980e-01  -4.6315092e-01   4.2962880e-01  -2.4085262e-01   3.3199901e-01   5.9583461e-01  -3.3606247e-01   6.7781293e-01  -2.1897089e-01  -1.6079882e-01   1.7827937e-01  -1.6937409e-01  -2.6482407e-01   3.8568198e-01   2.5146097e-02  -3.2707374e-01   4.2066941e-02   1.6318688e-01   3.5268977e-01  -2.8339077e-01  -6.4614128e-02   4.4965326e-01  -2.5077988e-01  -4.4095214e-01  -1.7241175e-01  -2.5201339e-01   4.4259793e-01  -2.5421755e-01   4.1483542e-01   4.5473389e-01  -2.4831335e-01   9.5574071e-02  -3.7086792e-02   4.3826923e-01  -1.0367803e-01  -4.0017292e-01   6.7107213e-01  -2.2883979e-01   5.7227343e-01  -6.8910408e-02   4.6410588e-01   2.8918508e-01  -1.2621348e-01  -2.8929637e-01  -3.3443420e-01  -4.0971863e-01   7.6213661e-01   3.6424726e-02   2.5981765e-01   7.5640329e-02   2.7693920e-01   5.3205131e-02  -3.7841000e-01  -2.1054811e-01  -2.5164930e-01   2.3281864e-01  -3.2010135e-02  -4.6940572e-01   6.6943214e-01   3.8187016e-04  -1.8156174e-01  -5.6127467e-01  -1.8802949e-02   1.8422163e-01   5.0088729e-01   5.9887198e-02   2.7450527e-01   2.4946142e-01   9.2855478e-02  -1.2844320e-01  -9.7456673e-02   4.9812959e-01  -5.5671335e-01  -1.6453655e-01   4.6996724e-01   1.4349059e-01  -4.5799541e-01   5.6743001e-01   4.7919021e-01   4.8968591e-02  -3.6632687e-01   5.3756920e-01   7.9038500e-03   6.7752538e-02  -1.5982224e-01  -1.3805268e-01  -5.9941618e-01  -3.6572173e-01  -4.1431710e-01   1.2018266e-01  -1.2508883e-01  -2.0101276e-01  -1.5275127e-02  -4.3007506e-01  -2.0616794e-01  -1.1880710e-01   2.8230392e-01  -5.2094777e-03   1.5741025e-02   6.2603273e-02  -4.6555959e-01  -1.9680431e-01  -3.9412667e-01   4.1382979e-01   8.5069614e-02  -1.1685493e-01   1.6169841e-02   3.5755667e-01   3.6685962e-01  -8.5812418e-02  -3.7325008e-01  -1.4476026e-01  -3.8991874e-01   3.9838995e-01  -1.0155829e-01   3.9128483e-01  -4.9430278e-01   1.8713756e-01  -3.1838076e-01   3.9791074e-01
  -3.1609043e-01  -1.2644607e-01  -2.6976490e-01   1.8632023e-01   2.3928021e-01   1.1970073e-01   5.3509966e-01  -1.4695552e-01   8.7031696e-04   0.0000000e+00   5.0838211e-01   1.2079063e-01   2.3640304e-01  -3.6600271e-01  -1.4946888e-01   3.5498829e-01  -2.2102673e-01   1.7955749e-01  -9.7213331e-02   3.9989031e-01   6.8310757e-02  -1.7028651e-03   3.2570062e-01  -4.6414586e-01  -5.7533698e-02  -2.1228583e-01   2.6584674e-01  -1.5867685e-01   8.2687845e-02   1.5318649e-01  -2.3881656e-01  -9.3656719e-02  -4.2988228e-02   5.2042030e-01   1.0471941e-01   5.4434752e-01   3.0023512e-01  -1.7328252e-01   3.4203249e-01  -2.7135361e-03   4.3702037e-01  -2.1991442e-01   3.7990854e-01  -1.7839185e-02   3.1499669e-01  -9.2715295e-02   3.9947795e-01   3.3852013e-01  -3.2932674e-01  -6.3766785e-02   2.5084029e-01  -1.9291724e-01   2.6547382e-01  -3.4235434e-01  -1.8464643e-01   2.7677946e-01  -2.3908069e-01  -5.3566476e-02   2.4507108e-01  -2.3764036e-01  -9.6070975e-02  -1.7026175e-02  -2.4348991e-01  -6.9271899e-03  -1.2403736e-01   7.4530108e-01   1.3462948e-01  -7.6878212e-02   2.5114032e-01  -5.1082459e-02  -6.2311279e-02   5.0704420e-02   3.3307537e-01  -5.2720287e-01  -2.1043384e-01  -2.8127696e-01   3.9194975e-02   1.0545897e-01   1.2914797e-01   8.6458487e-02   1.5256651e-01   2.9426912e-01   1.3360504e-01  -2.5109898e-01  -6.0947779e-01  -2.3255263e-01  -2.3995017e-01  -3.7055765e-01  -7.7816048e-02  -4.5482124e-01  -2.9961296e-01  -1.8689209e-01   4.0135057e-01  -6.5336096e-02  -1.8287593e-01  -2.1769004e-01   9.8742618e-02   1.9628027e-02   8.6228473e-02   2.2109080e-01  -3.0889761e-01  -9.7358283e-02   1.6871455e-01  -2.6196510e-01   1.2242843e-01   6.5742566e-02  -2.4731901e-01  -4.7567126e-02   1.8428393e-01   3.6794210e-01   3.9802671e-01   7.3653699e-02  -1.7270790e-01  -4.0963096e-01  -2.9678519e-01  -1.0023777e-01   1.9125610e-01   2.6772070e-01  -2.2455843e-01   1.3324616e-01  -2.0831067e-01  -3.3967717e-02  -3.1283683e-02   2.6242526e-02  -3.4903405e-01  -4.8002880e-01   2.0400839e-01  -2.0763555e-01  -5.9674426e-02   1.4159526e-01   1.9566525e-01   5.2459547e-01  -2.1789528e-01  -1.9592435e-02   7.7064602e-02  -2.1120525e-01  -7.9037988e-02   9.0752585e-02  -1.7161861e-01  -3.5172275e-01  -1.2574602e-01   1.6004765e-01   2.6651957e-01   8.1430263e-02  -9.4636849e-02   1.1704462e-01   3.7153706e-01   4.8518333e-01   5.4799896e-01   3.7665568e-02  -3.2880154e-01  -5.3689576e-02  -2.6374120e-01   1.3008901e-01  -1.1011898e-01  -4.3818721e-01  -1.8239783e-01   4.0428622e-01  -2.4608325e-01  -1.6240165e-02  -7.8415345e-02   2.0361979e-01   5.0393434e-01   2.5051967e-01  -2.5895130e-02   3.5996969e-01   5.0367211e-01  -1.6856856e-01  -9.9822401e-02   3.4067060e-01   4.2164600e-01  -3.2357970e-01   2.6488419e-01   8.1950620e-02  -1.5904021e-01  -3.6728094e-02  -8.4076253e-02
  -2.8126315e-01   6.7532726e-02  -1.1309848e-01   3.8915671e-01   1.2526025e-01   2.8678855e-01   3.6917307e-01  -4.2266446e-01  -3.6235816e-01   5.0838211e-01   0.0000000e+00  -4.9114190e-03   1.3256831e-01  -3.7398562e-02   1.6384234e-01   4.2415402e-01  -8.3072524e-03   5.9624066e-01  -1.8021456e-01   1.7526323e-01   1.8579495e-01   1.5568756e-01   4.8901931e-01  -3.8269700e-01  -1.3086039e-01  -3.6841957e-01   9.9487561e-02   6.8053805e-02   1.0439870e-01   3.2699676e-01  -2.0173224e-02   1.3394570e-01  -8.2743278e-02   1.1373808e-01  -1.4684557e-01   4.3547114e-01   4.6360615e-01  -4.3335450e-02   5.1486860e-01  -2.3189460e-01   4.3820181e-01  -2.2846793e-01   1.6726626e-02   3.5031567e-01   3.9490428e-01  -1.3818175e-01   6.7335385e-01   2.8703020e-01   1.8843777e-02  -1.6848152e-01   6.6139797e-01  -2.9159479e-01   2.1763031e-01  -9.7574747e-02  -5.3657089e-02   6.1397868e-01  -1.7541774e-01   6.5381704e-02   5.8584999e-01  -2.4209236e-01   8.5381009e-02  -6.1316626e-02  -3.4475610e-01   2.9906890e-01  -3.2014409e-01   4.9461483e-01   2.0056839e-01  -8.5934616e-02   5.3920931e-01   5.2777001e-03  -3.4116398e-01   2.9632191e-01   4.6353274e-01  -4.0260661e-01  -1.4004007e-01  -4.6286568e-01   1.4818822e-01   3.9252119e-01  -2.8179095e-01   2.3640908e-01   2.2656809e-01   2.3200156e-01   3.5397729e-01  -3.7687122e-01  -3.7708601e-01  -4.2855706e-01  -3.9055563e-01  -2.1946430e-01   2.3424169e-02  -3.7704174e-01  -5.5593661e-01  -3.5097497e-02   4.5494216e-01  -3.5561456e-01   2.4029728e-03  -4.9912239e-01   2.5494154e-01  -1.0325552e-01   2.3266902e-01   2.5083919e-01  -2.4782463e-01   2.7101322e-01   4.1978546e-01  -4.6219633e-01   3.6842273e-01   1.8604940e-01  -2.1823755e-01  -5.7479529e-02   3.7965084e-02   4.4943644e-01   4.8384609e-01   3.3476671e-01   5.3247629e-02  -3.5939778e-01  -2.2052859e-02  -3.7768591e-01   4.6291006e-01   1.7557922e-01   2.0043222e-01   3.4791649e-01  -1.6132104e-01  -4.0168325e-01   6.5689901e-02  -1.3336676e-01  -3.7549049e-01  -3.0907101e-01   4.9545994e-01  -2.4501647e-01  -7.9996122e-02   2.6687576e-01   1.1223888e-01   3.5024655e-01  -8.5388263e-02   2.7394964e-01  -2.3795583e-01  -4.8685403e-01   1.2071200e-01   2.1238807e-01  -4.7462068e-01  -2.3236327e-01  -5.7016383e-02   4.6475204e-02   6.2365574e-01   2.7257794e-01   1.5279675e-01   3.9601065e-01  -3.3255092e-02   3.0255777e-01   4.6008785e-01   6.9770103e-02  -5.7730291e-02   4.0955895e-02  -2.1473084e-01   3.2024088e-01  -2.5388928e-01  -3.6919621e-01  -6.6868627e-02   5.2320839e-01  -5.4473993e-02   1.8730560e-01  -1.9065106e-01   5.9228808e-01   2.3900783e-01   4.4883967e-01  -8.6505106e-02  -6.1057888e-02   6.4118159e-01   1.9965710e-01   1.2503461e-01   5.5328620e-01  -9.5196428e-02  -1.2483242e-01   3.2192448e-01   4.6238626e-01  -2.5942809e-01   1.0071406e-01  -7.0518020e-02
  -4.4979625e-01   5.1823061e-01   2.9380097e-01  -6.8012880e-02   4.4562186e-01  -1.0189214e-01   3.9976344e-01  -1.1043189e-01   5.0985223e-02   1.2079063e-01  -4.9114190e-03   0.0000000e+00   1.1240180e-01  -2.6063659e-01  -4.8216171e-02   1.0024777e-01   4.6233215e-01   4.5837739e-02  -9.5735162e-02   4.4199400e-01   1.4690830e-01  -7.3822255e-02   1.7643006e-01  -5.4622448e-01   9.3850867e-02  -2.4890931e-01   3.3787480e-01  -3.6829448e-01  -2.9911221e-02   1.1216622e-01  -1.1099785e-01  -6.4548296e-02  -1.9535947e-02   3.4485419e-01   4.5404105e-01   3.7684721e-01  -1.7338451e-01  -1.4196640e-01   1.5045924e-01   4.1254394e-01   3.3011504e-01  -1.5072204e-01   5.0060699e-01  -1.8193509e-01   5.8628534e-02  -4.3973252e-01   1.2755504e-01   3.0417877e-01   3.2620994e-03   4.1522182e-01   7.3993961e-02  -3.1544316e-01   2.4211085e-01   1.2864531e-01  -1.7758328e-01  -2.3295658e-02  -3.9865644e-01  -5.4381222e-02   4.7450945e-02   9.8551404e-02  -6.3341340e-03   4.6033036e-02   3.4470576e-02  -9.9761170e-02  -9.1976640e-02   2.1350886e-01   7.3611905e-03  -5.1292547e-02  -4.3005107e-02  -4.0030071e-01   4.7958093e-01  -1.8908532e-01   2.6847525e-01  -2.8527289e-02   1.7845223e-01   3.2772032e-02   1.4708906e-02   5.2113685e-02   4.2504513e-01   2.4570037e-01  -1.0028233e-01   2.0833728e-01   3.9936784e-01  -1.8057969e-01  -4.2089206e-02  -3.7254619e-02   2.1985790e-01  -4.5439744e-01   3.9819860e-01  -4.7851145e-01   3.2407108e-01   4.0113786e-02   1.4018716e-01   7.5035196e-02  -2.5978933e-01   1.2573047e-01   1.5656846e-01  -5.5512008e-02   3.0210193e-01   1.1537114e-01   5.5054648e-02  -1.5081636e-01   1.4803685e-01  -8.1011257e-02  -7.4622127e-02   3.1668109e-02   7.3729078e-02   1.0811524e-01  -1.6991553e-01   7.3748856e-02   3.2304382e-01  -1.6214884e-01  -1.7605147e-01  -4.3670820e-01  -3.1183307e-01   2.3803938e-01  -2.1672053e-03   2.7326078e-01  -3.7835513e-01  -1.6542953e-01  -3.3458127e-01   4.8113569e-01   3.3883407e-01   2.0385492e-01  -4.8881907e-01   8.9539645e-02   2.0940088e-01   4.9046535e-02  -1.5699359e-01  -7.0643512e-02   2.3222743e-01   2.5442929e-01  -9.5922806e-02   7.1969842e-02  -5.1459053e-03  -1.0657306e-01  -2.0077232e-02   1.3645639e-01  -1.8932765e-01  -2.3535885e-01  -2.8701257e-01   5.4157992e-02  -1.1318895e-01   6.6615805e-02   7.4316918e-02   1.7372971e-01   5.9960961e-01   2.2126824e-01   2.0602781e-01   7.2661660e-02  -3.4409942e-01   4.2676267e-02  -3.2339615e-01   1.6699005e-01   4.9082858e-01  -4.1101751e-01  -3.2526672e-01   6.8118945e-02   1.2579939e-03  -7.7217120e-02   5.6832730e-02  -1.8422016e-03   2.9708121e-01   1.1630171e-01   5.6090703e-02   3.7763851e-01   1.7976473e-01  -4.5834648e-01  -1.9961195e-01   1.8548465e-01   4.6915747e-01  -3.6537318e-01  -2.1794241e-02   5.6572871e-02  -6.1040284e-02   4.9796535e-02   5.5916387e-02
  -3.6279784e-01  -1.5342588e-01  -4.6212059e-02  -8.4130260e-03   3.5141176e-01  -6.7843218e-02   1.2074912e-01  -1.1565040e-01  -7.4879943e-02   2.3640304e-01   1.3256831e-01   1.1240180e-01   0.0000000e+00  -2.8248290e-01  -1.2701786e-02   2.5278717e-01   1.0258334e-01   1.5241248e-01  -1.3467869e-01   3.0367283e-01   1.0376608e-01   3.3415001e-02   2.6738160e-01  -3.2239360e-01   4.7233699e-02  -8.8848513e-02   3.3634780e-02  -6.4907059e-04  -2.4769265e-02   2.1968247e-01   1.4930621e-02  -3.2335922e-02  -6.0938195e-02   1.4888741e-01  -1.0716095e-01   2.8460836e-01   2.9883135e-01  -1.1862664e-01   3.9375932e-01   9.6343545e-02   6.7921029e-01   1.4821916e-02   3.3714519e-02  -9.9393737e-02   3.7998578e-02   6.6995169e-02   1.7930214e-01   1.5561144e-01   1.6941491e-01   2.7322959e-01   2.8484102e-01   1.8377693e-03   2.1648412e-01  -1.2226315e-01  -2.1377138e-01  -2.5239607e-02  -2.5429020e-01   1.2249500e-01   3.8991894e-01  -4.1227001e-02  -1.2254108e-01  -7.2875433e-02  -3.0906101e-01   8.3034264e-02   4.2206464e-02   2.9839520e-01  -1.5757566e-01  -3.2386867e-01   1.8168182e-01   4.3846333e-02   1.0105690e-02   3.0347525e-02   3.8440027e-01  -2.6236910e-01  -7.3059636e-02  -1.8507119e-01  -4.7834546e-02  -1.2249816e-02   2.0024935e-01   2.0033782e-01   4.0247993e-02   5.5183120e-01   6.5368733e-02  -6.0318868e-02  -3.4350500e-02  -1.4387250e-01  -2.1919247e-01  -1.1606954e-01  -4.8810385e-02  -3.0419722e-01   6.6758335e-02  -2.0782070e-01   3.6450193e-01  -6.7786076e-02  -2.2048298e-01   1.5585270e-02   2.2674646e-01  -7.3158713e-02   1.0667195e-01   3.1261005e-03  -3.6467094e-02  -1.4215495e-01   2.2045484e-01  -1.3052186e-01   1.3340192e-01  -5.7919690e-02  -5.0410191e-02   1.5195137e-03   1.3793558e-01   3.3651337e-01   1.8285492e-01   1.5565190e-01  -2.1120792e-01  -4.2491967e-01  -1.6188161e-01   4.2059886e-02   1.8069158e-01   7.9317396e-01  -4.9813563e-02   1.5069482e-01  -2.6301006e-01   8.3808987e-02   1.3866904e-02   5.3455302e-02  -1.7429719e-01  -1.5086195e-01   1.4947352e-01  -9.8282515e-02  -3.0551921e-02   1.7778175e-01   6.2428058e-01   8.8976314e-02   2.7074985e-02   1.5898771e-01  -6.6361215e-02  -1.9206235e-01  -1.3749328e-01  -3.0675679e-02  -1.2636449e-01  -3.3467659e-01  -3.6323653e-01   7.0455135e-01   2.1268111e-01   3.5891693e-02  -1.2349756e-01   2.0075028e-01  -2.1404945e-02   3.7669617e-01   3.3462110e-01  -1.5003197e-03  -1.8541956e-01   1.1549317e-01  -2.7264282e-01  -5.0076105e-02  -6.0067310e-02  -3.2507538e-01  -3.3186449e-01   5.0892456e-01  -2.3663038e-01   1.1428317e-01  -2.9866964e-01   9.3771192e-02   3.2831056e-01   2.7203301e-01  -2.8425219e-02   1.1164280e-01   1.9141091e-02  -1.1192885e-01  -2.5836866e-01   2.4232581e-01   5.1944964e-02  -2.9180518e-01  -1.1069475e-02   8.0076357e-02   5.1277365e-02  -4.2820495e-03   3.6382316e-02
   5.8647812e-01   1.8350355e-01   5.1501527e-02  -1.3067912e-01  -5.5541155e-01   2.5561260e-01  -8.4031060e-02  -2.4630580e-01  -2.5924928e-01  -3.6600271e-01  -3.7398562e-02  -2.6063659e-01  -2.8248290e-01   0.0000000e+00   5.1859350e-01  -4.7480237e-02  -1.8551078e-01  -1.3088406e-01  -1.2201361e-01  -6.2219312e-01   1.6536451e-01  -1.4166872e-01   1.1524718e-01   5.6385005e-01   8.7496443e-04  -6.7046404e-02  -4.0013172e-01   6.6543750e-01  -1.9693197e-01  -7.9977301e-02   4.4742349e-01  -2.6832111e-01  -2.2735323e-01  -2.0592153e-01  -1.7700147e-01  -5.0268759e-01  -6.4298978e-02   8.8310775e-02  -1.9611839e-02  -3.6122696e-01  -2.6501501e-01  -1.5708315e-01  -3.6230549e-01   4.6201971e-01  -2.1459488e-01  -9.1051309e-02  -2.7098872e-01   7.0413966e-02   2.0635650e-01  -3.9401228e-01  -2.9261145e-01  -1.2389280e-01   5.4852260e-02   2.9094186e-01   2.6297512e-01   3.3167646e-01   1.5029020e-01  -3.7382991e-01  -4.9606858e-02  -2.0434288e-01   6.7660521e-02   8.3299829e-02   4.1645989e-02   2.5430025e-01  -1.6966956e-01  -1.6947052e-01   2.6500929e-01   1.2733273e-01  -2.0570161e-01   2.2556920e-01  -2.5061268e-01  -1.3659298e-01   2.6425779e-02   4.6856294e-01  -7.4275972e-02  -1.3888534e-01   1.0437450e-01  -1.8181032e-01  -5.1428682e-01   7.4873582e-02   3.7294062e-01   2.3301798e-02   1.6328743e-01  -9.9193958e-02   5.1764538e-01  -1.6560209e-01   2.8605900e-01   5.9270848e-01   3.3515149e-02   6.2363265e-01  -3.0702806e-01  -9.7102710e-03   6.3517810e-02  -4.0103256e-01   2.3483683e-01  -3.3215171e-01   1.0425727e-01  -2.3749822e-01  -1.1429555e-01   8.8800186e-02   4.5998025e-01   5.7347146e-01   1.3882864e-01  -2.1444961e-01  -3.7065381e-01  -3.7283327e-01  -1.1731485e-01  -2.3438611e-01  -9.5836621e-03   1.2680001e-02   1.2712781e-01  -1.0032240e-02   1.5436308e-01   5.0003477e-01   7.3494784e-01  -2.5017461e-01  -2.1379201e-01  -1.2457076e-01   6.6544039e-01  -6.6943053e-02   3.4414632e-01  -4.7148149e-01   4.7694250e-02  -1.6014474e-01   2.4261475e-01   3.5500818e-01  -4.0007219e-02  -4.7392874e-02  -3.1625937e-01   2.4056627e-01  -2.2557746e-01  -3.9651100e-01   2.7069726e-01   4.4170123e-01  -3.5757705e-01  -1.8151101e-01   1.9428580e-01   2.5098200e-01  -2.0779666e-01   3.0595030e-01   5.1021014e-01  -3.1287311e-01  -2.4856889e-01   4.4411963e-01   4.9230921e-01  -3.9884034e-03  -3.3745537e-01  -2.5612144e-01  -3.0503851e-01   4.7314561e-02   7.6642226e-01   2.5444066e-01   4.3898463e-01  -5.0531856e-03  -9.2704008e-02   3.4516870e-01   2.6543726e-01  -9.7095352e-02   5.4494538e-02   2.1074579e-01  -3.3282312e-03  -2.2154564e-01  -2.9171106e-01  -3.4453859e-01  -3.4575099e-01  -3.9534029e-01   7.9451543e-02   4.2593343e-01   4.1509555e-01   5.5130658e-02  -4.3813420e-01   1.2788270e-01  -1.5596955e-01   3.7760315e-01   1.0499355e-01  -8.1616881e-02  -3.2298025e-01
