   0.0000000e+00  -5.8589671e-03   3.2986179e-01  -3.1360339e-01   2.5157776e-01  -1.9013253e-01  -3.1250453e-01  -1.0654679e-01  -4.6729280e-01   8.6338371e-02  -3.4194971e-01  -5.8866207e-02   4.4047519e-02   5.9603533e-02  -1.4258199e-01   8.4037905e-03   2.6765905e-01  -1.9598253e-01  -2.4232606e-01   1.7983916e-01  -2.4475866e-01  -1.8715613e-01  -2.5748729e-01   7.8394228e-01   5.2431131e-02  -1.3335814e-01  -8.6388921e-04   5.6632284e-01  -1.8486295e-01  -3.7633490e-01  -3.1343444e-01  -1.1735636e-01   1.6880792e-01  -1.4771964e-02  -3.0042717e-01  -1.3938881e-01  -1.0307802e-01   3.5716383e-01  -2.2740068e-03   1.0160646e-02   6.3311683e-02   1.5085469e-01  -1.5177374e-01   1.1626666e-02  -2.9871023e-01   1.6915814e-01  -2.6316196e-01  -4.2529220e-01  -1.0608301e-01   1.8409243e-01  -2.5763722e-01  -3.1828579e-02  -1.8373055e-01   2.5407973e-01  -1.7417844e-01  -6.0887803e-02  -1.2728804e-01  -3.2157303e-01  -1.1134024e-01  -1.6561268e-01   1.6507017e-01  -1.9005958e-01  -3.1732396e-01  -3.9760285e-01  -4.1167928e-01   9.1788035e-02  -1.5135106e-01   5.7640083e-02  -3.4895816e-01   2.8985740e-01  -1.9617969e-01  -1.6886868e-01   6.5220985e-02   2.7666678e-01   6.6555762e-02  -1.3110090e-01   1.4194259e-01   7.3862354e-02   2.5561298e-02  -3.8903933e-02   6.4161080e-02   8.2622229e-02  -2.2530515e-01  -4.6156185e-02   6.0117880e-01  -3.3506580e-02  -4.4688284e-01   3.8035368e-01  -2.0516619e-02   7.7003979e-01   6.7819983e-02   1.6972904e-01   2.8451043e-01  -4.5589270e-01   2.7986660e-01   3.4424539e-01  -1.1012574e-02  -3.7389750e-01  -5.7128427e-02  -4.1978246e-01   4.2205970e-01  -2.6115951e-02  -1.0895111e-01  -2.5264116e-01  -3.4739178e-01  -2.0230980e-01   7.5402810e-02  -3.1724351e-01  -1.1176601e-01  -6.3554460e-02   4.8203721e-02  -5.1586980e-02  -3.3871076e-01   8.0711614e-01   3.4571658e-01  -2.0744981e-01   7.5803767e-02   1.2870625e-01   4.0455523e-01  -2.1032515e-01   3.3435396e-01   1.4555548e-01  -4.2837611e-02  -2.4420846e-01   4.6563364e-01   2.0247992e-01  -3.8976045e-01  -9.7257376e-02  -4.3969922e-01   4.6118158e-01  -9.7886744e-02  -2.9341536e-01   7.3507725e-02  -2.8214211e-01  -4.9779954e-01  -9.2670143e-02  -3.0717491e-02   1.5192947e-01  -1.5589163e-01   5.3935332e-01   6.3007159e-01   2.2482834e-01  -2.3602994e-01  -1.4705717e-03  -3.3335678e-01  -4.8379053e-01  -9.7819820e-02  -1.1487526e-01   9.5236164e-02  -3.5181083e-01   6.7589039e-01   3.6562655e-02   4.7572861e-01  -3.6789199e-01   1.4699121e-01   5.3543809e-01   3.1391829e-01  -4.7704452e-02   8.0061344e-02   1.2988206e-01   2.1337954e-02  -7.8506185e-02  -1.7071981e-01  -3.2600499e-01  -1.6592351e-01  -8.8170123e-02  -1.6466679e-01   4.7641400e-01   3.8388264e-01   1.4532848e-01  -1.4270727e-01   3.1267965e-01  -1.7498249e-01  -2.4257212e-01   8.3268976e-03   9.6608588e-02  -4.2361923e-01
  -5.8589671e-03   0.0000000e+00  -2.5009832e-01   5.5153426e-04   2.8204904e-01  -2.6141612e-01  -7.8276418e-02  -1.6783495e-01   1.0314564e-01   5.2891364e-01   8.5143053e-02   6.4362837e-01  -4.8695079e-02   2.4741954e-01   1.3250622e-01  -1.2388462e-01  -1.0615734e-01   1.0810072e-02  -2.3726813e-01   1.9580350e-01   2.3766635e-02   1.9978469e-01   3.6890290e-03   1.1264896e-01   1.2227124e-01  -1.9044574e-01   1.3787534e-01   8.3646340e-02   2.6692644e-01   6.4767420e-02   2.3649960e-01   2.4568235e-01  -1.5259252e-01   3.0019898e-01   2.4952815e-01   1.0696218e-01   3.3945159e-02  -3.7332996e-01   3.9847351e-03   2.3658148e-01  -7.2792294e-02  -2.5361640e-01   2.8393875e-01   1.5881670e-01   8.8929207e-02  -5.0696068e-01  -8.0016602e-02  -2.7534680e-02   1.1639823e-01   3.8072088e-01   6.4122510e-02  -1.7952874e-01   2.8878392e-01  -1.2010285e-01  -2.5901961e-01   9.9829071e-02  -1.3776611e-01   2.7144372e-01   9.8462430e-02   7.8908240e-02  -3.9140011e-01   3.9385150e-02   2.7070385e-01   4.7151739e-01   7.9146404e-02   1.9183385e-01  -5.4164818e-02  -6.0059056e-02   4.0860122e-02  -4.0959918e-01   5.8520317e-01  -7.9901637e-02   1.6010536e-01  -6.5067273e-02  -5.5272200e-02   3.1878708e-01  -4.5650191e-01   6.4700346e-02   3.6655291e-01   1.2722429e-01   8.0748026e-02   8.1299018e-02   2.8997853e-01  -7.0188172e-02  -5.6326407e-02   2.9331770e-01   3.1707691e-01   1.0812573e-01   4.1384981e-01   5.4263711e-02   4.0610638e-01  -3.8805003e-01   1.9612752e-01   5.3934058e-03  -4.2910766e-01   1.1641042e-01   3.1980966e-02  -2.2101705e-01   2.3418935e-01   3.4793540e-03  -8.3067684e-02   2.9554479e-02   2.6599362e-01   1.6493194e-01  -2.4805368e-02   1.2983813e-01  -2.1009946e-01  -1.5160587e-01   8.7291397e-02   1.4753140e-02   3.8207264e-01   3.1537523e-01  -3.9554915e-02   1.6976973e-02  -1.7511522e-02   2.9854920e-01   1.9360958e-01  -2.8357422e-02   5.2431212e-02   6.1754169e-02  -3.7666168e-01   4.6389844e-01   3.8667363e-01   2.5396049e-01  -3.4950967e-01   2.1258969e-02   9.7453154e-02  -1.1399356e-02   1.1455385e-01  -2.0732919e-01   9.8548013e-02   2.6025764e-02   3.3998287e-01  -3.2277758e-02   9.1957160e-02   1.6710350e-01   7.8663249e-02   2.8077831e-01   1.4287081e-02  -2.1243519e-01   1.0969693e-01  -2.1768008e-01  -1.7872501e-02  -1.6117757e-01  -9.9561115e-02   1.8071016e-01   1.1103691e-01   1.6704428e-01   6.2524828e-02   1.6152063e-01  -1.6310049e-02   1.2234445e-01  -2.4796737e-01   9.6131327e-02   4.0624707e-01  -7.2460630e-02  -3.9367836e-01  -6.0420655e-02  -3.1298332e-01   2.0447493e-01   8.8264758e-02   1.5696057e-02   2.0130873e-01   6.1018226e-02   9.8006710e-02   1.8786751e-01  -1.4787674e-01   9.7546201e-02  -2.5204260e-01   5.3547492e-01   4.0497345e-01  -4.9988499e-01  -7.1392090e-02  -3.3794422e-01   5.3810606e-02  -3.5991286e-01  -9.7456446e-02
   3.2986179e-01  -2.5009832e-01   0.0000000e+00  -2.5314917e-01   1.2432380e-01   1.4275272e-01  -1.1181274e-01  -2.3716897e-01  -2.1826227e-01  -2.0533727e-01  -4.4831583e-01   2.1177141e-02  -3.5813287e-02  -2.3713919e-01  -3.3865674e-01   1.2950185e-01   8.2744501e-01  -2.4242882e-01  -3.4735880e-02   1.3147245e-01  -3.8518329e-01  -2.2267045e-01  -1.6525618e-01   4.0638331e-01   1.0443776e-01   1.1230575e-01   2.8605941e-01   5.9434322e-02   2.2365777e-02  -2.2062178e-01  -4.9986742e-01  -1.2116059e-01   2.3198496e-01  -2.6404365e-01  -3.3235024e-01  -7.9772032e-02  -2.7410548e-01   6.1530918e-01   3.1670675e-02   2.0171318e-01  -2.0615948e-02   4.5612424e-01   5.3146890e-02  -1.6979761e-01  -3.0703626e-01   4.1269462e-01  -5.1787745e-02  -4.4265764e-01  -2.2969451e-01   2.6389010e-01  -1.3174175e-01   2.9949542e-01  -4.7824365e-01   3.1965570e-01  -8.8267916e-02  -3.1534319e-02   4.3150733e-02  -1.7157651e-01  -2.0333848e-01   8.3400573e-02   4.8940441e-01  -5.4084617e-02  -1.2933423e-01  -5.2080861e-01  -4.3249659e-01  -9.5063274e-02  -4.7944296e-02   5.7276636e-02  -3.2976358e-01   7.0141115e-01  -3.3574594e-01  -1.5148981e-01  -7.7765130e-02   4.2055880e-01   1.5989637e-01  -3.8729300e-01   4.9308924e-01   3.7360346e-02  -2.0942115e-01   4.1339053e-02   5.1803039e-02  -5.8532016e-02  -8.9299158e-02  -2.1714152e-01   4.1506660e-01  -3.7556682e-01  -5.7358230e-01   2.6355735e-01  -4.4761407e-02   2.4143000e-01  -1.3220142e-01   5.0001701e-01   1.5896162e-01  -4.1549468e-02   5.4278186e-01   2.7239361e-01   6.3509407e-02  -1.8770944e-01  -9.5085841e-02  -2.3305999e-01   5.0709168e-03  -1.9735865e-01  -2.9504793e-01   4.2403458e-03  -3.7250998e-01  -2.3630605e-01   4.2427900e-01  -2.2299207e-01  -4.3266290e-02  -1.3736982e-01  -2.7284247e-02  -1.6783700e-01  -1.0325228e-01   2.0728914e-01   1.1828743e-01  -2.8399883e-01  -4.0805014e-03  -6.2791785e-03  -8.3695486e-02  -1.0483182e-01   5.3493240e-01  -6.9049521e-03   1.1093727e-01  -4.2960012e-01   4.1369467e-01   1.6530360e-01  -2.4373423e-01   1.0706071e-02  -3.0663706e-01   5.1129293e-01  -3.5185618e-02  -3.3140418e-01   1.2145586e-02  -4.5225826e-01  -8.8777612e-02  -2.9948732e-01   1.0533727e-02  -4.0186146e-01  -2.3667068e-01   3.6308861e-01   1.0248467e-01   9.7247525e-02  -2.3177271e-01   1.6446500e-01  -2.6138875e-01  -5.4374405e-01   1.7043973e-01  -3.0887420e-01  -1.2824454e-02  -5.7745103e-01   3.4249948e-01  -3.5402694e-01   5.2486181e-01  -1.8833530e-01   2.9297586e-01   3.5190192e-01   4.2994443e-01   3.8041555e-03   3.9254221e-01   9.8110344e-02  -1.3341933e-02  -1.4749090e-01  -3.3125980e-01  -3.7176693e-01   3.7184059e-02  -1.2526206e-01   7.8476290e-02  -1.8451955e-01   4.9983345e-01  -6.3256951e-02  -3.7987161e-01   5.8311050e-01  -1.7210416e-01   5.3947049e-02  -7.1761375e-02   3.2766272e-01  -7.6901961e-02
  -3.1360339e-01   5.5153426e-04  -2.5314917e-01   0.0000000e+00   9.2666983e-02   3.9383702e-01   1.8966736e-01   7.8993893e-03   4.8760840e-01  -2.3470723e-01   4.1437779e-01  -6.7169843e-02   2.6450677e-01   1.1388070e-01   8.7982879e-02   7.7115850e-02  -2.9889033e-01   6.0081921e-01   1.7450573e-01   1.3958650e-01   1.6416680e-01   4.5294434e-01   5.7109564e-02  -2.3369971e-01  -7.7199431e-02   4.9949965e-02   2.1128939e-03  -1.0515523e-01   4.3342327e-02   6.1364574e-01   2.2571667e-01   3.1316676e-01   2.2301584e-01  -3.9906041e-02   9.4675919e-02   3.3144145e-01   3.4550758e-01  -1.8535747e-01   2.3961049e-01  -7.6030567e-02   4.0621948e-01   8.2945559e-02   2.3798350e-02   1.5230122e-01   4.2128883e-01  -7.7825187e-02   4.2465985e-01   2.1413652e-01   4.3249870e-01  -1.6061178e-01   6.2575017e-01  -1.0630745e-01  -7.1100164e-02  -1.3697165e-01   2.5951216e-01   6.0918081e-02   2.2516985e-01   2.6346150e-01   7.0460157e-01   2.6841044e-01  -1.1118772e-01   3.6934598e-01   3.0290641e-01   1.9622227e-01   4.2206089e-01  -1.2425364e-01   2.8243406e-01   1.0338961e-01   4.2166491e-01  -2.9162942e-01  -7.1715310e-02   5.3715287e-01   2.9988256e-01  -1.3006885e-02   1.6435700e-01   1.5274881e-01  -9.5509296e-02  -1.1619937e-01   6.9473347e-02   3.4889634e-01  -2.0624168e-01   4.2205622e-01  -4.8499806e-03   8.2220995e-02  -2.1108801e-01   1.0525863e-01   1.7868964e-01  -2.0209040e-01   3.5498508e-02  -2.1644144e-01   3.2057200e-02  -1.3234736e-01  -5.7874031e-02   2.0480843e-01  -1.4396978e-01  -6.3505053e-02   4.9382955e-01   1.9580334e-01   3.8713574e-01   9.3710286e-02   1.9778139e-02  -3.2777545e-02   3.0457015e-01   3.7277571e-01   4.8973817e-01   5.0889440e-01  -7.0391454e-02   2.4283362e-01   1.2234111e-01   1.2837072e-01  -8.6994475e-02   4.9535330e-01   6.1801851e-01  -1.3329309e-01  -1.0809324e-01   1.5629173e-01   4.1552079e-03   2.7455364e-01  -5.0898647e-02   7.1741137e-01  -8.7590723e-02  -1.1064728e-02  -2.9956219e-02   3.2208970e-01  -1.4673634e-01  -1.7141405e-01   3.7380006e-01  -2.2725890e-02   5.8751850e-01  -5.0155455e-01   7.2155420e-02   1.7388260e-01   8.4253943e-02   1.2286501e-01   3.9351166e-01   1.7804323e-01  -4.3180481e-02  -5.9591788e-02   1.0634280e-01  -1.9420407e-02  -4.9649254e-02  -3.0898307e-01   2.6567822e-01   9.2210601e-02   1.9702808e-01   3.7295494e-01  -1.2840930e-01   1.4613417e-01  -1.8092674e-03   1.8917979e-01  -1.9215927e-01  -1.4813112e-02  -1.4371980e-01   2.6481677e-01  -9.7456085e-02  -1.7101598e-01  -1.0468548e-01   5.5049225e-01  -1.5659540e-01   7.2278854e-02   8.3489641e-02   2.6155633e-01  -1.7920547e-02   6.5895527e-01   5.3014151e-01   2.7038183e-02   1.4933580e-01   7.6660716e-02  -6.4984003e-02   2.7179805e-02   5.4983131e-02  -1.1713357e-01   4.9957517e-01   1.5818275e-01  -1.5775242e-01  -4.6540266e-02   5.5288108e-01
   2.5157776e-01   2.8204904e-01   1.2432380e-01   9.2666983e-02   0.0000000e+00  -1.0929408e-01  -2.4202357e-01  -1.3881780e-01  -1.1766477e-01   2.6628131e-02   1.2690289e-02   9.7285877e-02   2.3063765e-01  -7.4786921e-02  -6.6947126e-02  -1.6314377e-01   2.7675728e-01   6.4514106e-02  -1.9915810e-01   7.0565925e-01  -8.9979011e-02   9.6819150e-02  -2.1598805e-02   4.4295941e-01  -4.2771972e-02  -1.6354948e-01   4.8279401e-01   2.2408931e-01   2.0177287e-01  -1.0163236e-01  -7.8964639e-02   4.0898999e-01  -2.1102541e-02  -4.3563350e-02  -1.8331533e-01   5.2174088e-01   1.2961432e-01   1.0931086e-01  -3.8538270e-02   2.3719836e-01   3.2675911e-01   1.5907055e-01   1.7990444e-02  -7.3465814e-02   1.9861764e-01  -1.7829207e-01   2.6307109e-01  -2.7486879e-01   3.4995574e-01   4.6014095e-01   1.2865518e-01  -5.8430221e-02  -2.0390667e-02   3.2960120e-01  -1.7073131e-01   1.3625302e-02  -1.1245769e-01   2.3779328e-01   2.1773418e-01  -6.9568595e-02  -6.3844454e-02   4.2893392e-01  -7.3413933e-02  -3.5952991e-02  -6.9600339e-02  -2.1939691e-02  -7.8993889e-02  -4.5414448e-02  -4.1282081e-02  -2.1088290e-01   1.8764154e-01   1.2452162e-01   3.9322544e-01   1.2487240e-01   3.3456284e-01   1.9413651e-01  -5.4715393e-02   9.1434599e-02   4.5609638e-01   1.1604870e-01   2.4259158e-01   2.5467780e-01   1.5340835e-01  -5.0902893e-02   1.5113853e-01   2.4953585e-01  -2.6190865e-01   3.0762356e-01   3.2547534e-01   4.7010977e-01   5.5968889e-01  -5.8887005e-02   4.5190748e-01  -1.9345786e-01  -8.5865248e-02   6.9013872e-01   2.3818065e-01  -2.8070851e-01   3.4017220e-01  -1.1527751e-01   3.1431015e-02  -4.9259175e-02   1.3914336e-01  -1.2438450e-01   4.2322239e-02   1.4253573e-01   1.0794616e-01  -2.3129320e-01   3.0318318e-01  -3.7604395e-02   1.9676041e-01   2.5737292e-01  -1.7376721e-02   3.1535127e-01   1.6069037e-01   3.1308145e-01   1.5028943e-01   3.0276062e-01  -2.7608563e-02   1.0639593e-01   1.6928953e-01   7.1780676e-01   3.3677769e-01   2.0854674e-01   1.6755680e-01   1.3402586e-01   1.2426113e-01  -3.4597363e-02  -1.0640571e-01  -1.9870107e-01   7.5125882e-02  -7.3046839e-02   9.4639611e-02  -3.2101671e-01  -7.2207106e-02   2.0411400e-01   6.7531891e-02  -4.1071428e-02   2.3616699e-01   1.0354848e-01   1.5838604e-01   7.2627879e-02  -6.1561294e-02  -1.7918371e-01   6.3602015e-02  -7.7098131e-02   1.1224876e-03   1.0107239e-01   7.2454407e-02  -1.5989811e-01   4.1751069e-01  -1.4658755e-02   3.2080747e-01   1.0951881e-01   2.8089068e-01   1.0494310e-01   2.7196265e-02   2.0503634e-01  -4.8246270e-02   3.4561068e-01   4.1120560e-02   1.2063179e-01   1.5172463e-02   5.9699975e-02   1.3399803e-01   3.5096387e-01   1.1363347e-02   1.1247092e-01   2.3425281e-01   6.1436786e-01   3.4685186e-01   2.6449875e-05   1.9999373e-01  -2.9062496e-01   7.1135547e-02  -6.9918126e-02  -4.5043726e-02
  -1.9013253e-01  -2.6141612e-01   1.4275272e-01   3.9383702e-01  -1.0929408e-01   0.0000000e+00   3.3451920e-01   1.5155988e-01   1.6583796e-01  -4.4859388e-01   2.1652096e-01  -9.2313399e-02  -1.0034643e-01   8.9115311e-02  -5.5839865e-02   1.4189090e-01   1.4768068e-01   3.7951087e-01   5.9466517e-01  -7.5074239e-02   1.9050019e-01   1.0546775e-01   5.4331550e-02  -2.7842005e-01  -1.8865881e-01   3.4275835e-01   1.7344768e-02  -1.0583278e-01  -4.0663420e-01   3.3318776e-01   5.1611068e-02  -1.1342454e-02   1.3896802e-01  -2.4418049e-01  -9.4323299e-02   9.1685594e-02   1.3414961e-01   1.3602413e-01   1.1486500e-01  -2.1358563e-01   3.9803199e-02   2.0812251e-01  -1.3728820e-02   8.4662835e-02  -2.2045618e-02   2.6961617e-01   4.2401157e-01   3.2857233e-01   1.8457762e-02  -2.5873231e-01   2.6035435e-01   1.9657232e-01  -1.4460763e-01   3.9313642e-02   2.7670947e-01  -6.3147283e-02   4.5794127e-01  -3.8568016e-02   1.6270816e-01   2.4317032e-01   2.9054328e-01  -5.9795639e-02   1.2859916e-01  -2.8320221e-01   1.1070230e-02  -2.1218350e-01   7.3666387e-01   3.5267843e-02   5.1970867e-01   1.3499906e-01  -3.3692469e-01   2.0279974e-01   2.7690366e-02   1.7866389e-01   2.1088491e-02  -5.6533822e-02   2.5222509e-01  -9.8713985e-02  -2.8765260e-01  -8.3694404e-02  -1.6563470e-01   1.1351146e-01  -1.2171819e-01   1.3865051e-01   2.6992140e-02  -1.1429725e-01  -1.5457431e-01  -1.7631326e-01  -3.3067109e-01  -2.8401680e-01  -4.4261364e-01   2.4161205e-01  -8.2746099e-02   1.1605156e-01   2.0938923e-01  -1.8794712e-01   1.2718257e-01   5.3156826e-01  -4.6764041e-02  -1.2902974e-01   1.5552234e-01  -1.5216234e-01   2.9188907e-02   2.2608106e-01   1.6422751e-01   1.7107693e-01   9.9126653e-02   5.1803091e-01  -1.9604942e-01   3.9794226e-01  -2.4063234e-01   1.2277889e-01   3.6824574e-01  -1.3823226e-01   5.4231193e-03  -2.4950090e-01  -7.1221488e-02   7.9921628e-02   1.5010087e-02   2.2186669e-01   9.7934725e-02  -3.8821285e-01  -2.8452300e-01  -1.5231441e-01   4.7545293e-02   2.0859498e-02   4.0473116e-02  -1.5719574e-01   1.8147306e-01   8.0132938e-02  -1.3195918e-01   7.2757716e-02  -2.1487378e-01   1.7053728e-01   1.3493502e-01   6.2648192e-02  -2.2465804e-01  -1.5376921e-01   8.6339896e-02   1.4465650e-01  -1.6417109e-02  -2.7931616e-01   1.4899236e-01   3.8541384e-01  -3.4311437e-02   6.7668544e-02  -7.8260902e-02   2.0792417e-02   1.0651912e-01  -9.7327256e-02  -1.1696813e-01  -3.2939807e-02   5.9396350e-02  -8.9537850e-02  -2.6348608e-02  -1.4309343e-01   1.5717383e-01   1.9506058e-01   2.0831126e-01  -9.6094346e-02  -6.1063003e-02   1.7648025e-01  -1.2103795e-01   2.3839257e-01   3.3333011e-01  -3.1848989e-01   1.0062139e-02   2.8701562e-02   1.7070120e-01  -2.2815736e-01  -2.5943006e-01   1.3644666e-01   2.4454307e-01   6.6890961e-01  -2.3393243e-01   2.1255359e-01   3.4332344e-01
  -3.1250453e-01  -7.8276418e-02  -1.1181274e-01   1.8966736e-01  -2.4202357e-01   3.3451920e-01   0.0000000e+00  -1.7371980e-01   7.9986290e-02   1.5483742e-01   2.3434477e-01   2.7350251e-01   1.3795684e-01   3.7076976e-01   6.8490990e-01   3.5590986e-01  -1.7354154e-01   3.3374292e-01  -7.2228439e-02   3.1787132e-02   3.2099656e-01  -6.5165975e-02   4.2851691e-01  -4.5125252e-01  -1.3734867e-01  -1.8525674e-01  -7.6675652e-02   1.3959805e-01  -1.3758402e-01   3.9397873e-01   2.7283275e-01  -3.3996780e-01  -7.9354033e-03   4.7073217e-01   6.5041052e-01   2.4798032e-01   2.6856545e-01  -3.3435648e-01   2.6138076e-01  -1.0533710e-01   1.8641523e-01  -1.5420826e-01   3.4501899e-01   3.0399586e-01   1.8560522e-01  -1.8953582e-01   2.6713818e-01   6.6239968e-01  -1.3347571e-01  -3.3552583e-01   3.7955033e-01  -2.7051573e-01   2.4033799e-01  -2.8418458e-01   1.1845036e-01   6.2655761e-02  -1.2873853e-01  -1.4062535e-01   1.0753905e-01   2.4202814e-01  -2.1741827e-01   8.4456306e-02   1.2642682e-01   2.1505803e-01   4.7816216e-02   3.7921269e-01   2.5106138e-01  -9.3822778e-02   5.0015076e-02  -1.0926652e-01  -6.0243964e-02   7.2731480e-02   2.1356139e-01   1.1111351e-01  -2.4479139e-01  -1.3668994e-01  -2.7053197e-01  -2.1602533e-01   2.3224865e-01  -8.7107723e-02  -4.7046109e-02   2.6658853e-01   2.1823328e-02  -1.8332038e-01  -7.7516346e-02  -1.8920412e-01   1.0529024e-01  -4.6942804e-01  -4.3570209e-01  -3.3988846e-01  -4.7210932e-01  -2.4786223e-01   1.8043113e-01   3.5990064e-01  -3.0009268e-01  -3.1017286e-01   4.5472556e-02  -1.0663482e-03   2.9563808e-02   4.9315714e-01  -4.3963594e-02   5.5484089e-01   1.7701747e-01   2.0175142e-01   2.1110146e-01  -9.8148533e-02  -1.6715316e-01  -1.1921595e-01  -5.1464140e-02   2.8416375e-01   3.2441204e-01  -4.0342645e-02   1.5677114e-01  -2.7514326e-01   1.1712929e-01  -3.4952322e-01  -1.8151342e-01   1.9590016e-01   1.5483423e-01   1.1662379e-01  -3.4986120e-01  -4.1904303e-01  -3.3552466e-01  -8.4210368e-02  -4.2970995e-01   3.3303780e-01   3.4645898e-01  -8.9721620e-02   1.2030868e-01  -9.9430756e-02   3.6168687e-02   5.7041492e-01  -1.2481408e-01   3.4602940e-01   2.0955678e-01  -1.5874224e-01  -1.7929634e-02   1.7950822e-01  -2.2707429e-01  -1.8891698e-01  -9.2216615e-02  -1.7265038e-01  -8.7945514e-02   3.8148460e-01   2.4019729e-01   2.0311847e-01   4.7416675e-01   2.1463127e-01   3.9707926e-01   1.3893409e-01  -1.5902886e-01   1.0694837e-01  -3.3068750e-01   2.5404069e-01  -1.9761753e-01  -4.1529577e-01  -3.1211262e-01   2.2312478e-01  -2.7225075e-01  -1.3283603e-01  -4.2964804e-02  -1.4286385e-01   1.9030449e-01   2.4255695e-01  -1.7564823e-01  -2.6563318e-01   5.2095937e-01  -3.3125163e-02  -3.2459470e-01  -1.9877958e-01   9.0970312e-02  -2.6544442e-01   1.0094603e-01   1.1048383e-01  -8.2965728e-02  -5.6891086e-02   1.3581782e-01
  -1.0654679e-01  -1.6783495e-01  -2.3716897e-01   7.8993893e-03  -1.3881780e-01   1.5155988e-01  -1.7371980e-01   0.0000000e+00   2.2822354e-01  -2.5176293e-01   3.8345104e-01  -2.2708717e-01  -2.0753547e-01  -1.1241993e-01  -2.1888806e-01  -3.3670194e-01  -1.7695821e-01   4.7367564e-02   3.0231501e-01  -3.1424280e-01   1.4564704e-02   1.5405863e-01  -1.9820647e-01  -1.1652844e-01  -1.1499786e-01   3.7683893e-01  -2.1237930e-01  -6.2809491e-02  -7.9965980e-02  -7.2634977e-02   1.2533911e-01   7.8458004e-02  -2.7538585e-01  -5.4336069e-02  -1.9710484e-01  -9.5317946e-02  -8.4724943e-02  -2.0956992e-01  -3.7232930e-01  -2.4212596e-01  -2.6806348e-01  -1.3306562e-01  -1.8489559e-01   3.3267646e-01  -8.5378984e-02   1.7635632e-01   1.3075030e-01   6.9382156e-02  -3.8571143e-02  -7.0884283e-02  -1.4183504e-01   1.4304033e-01  -6.2684545e-02   1.6942687e-02   2.3516364e-01   2.3200857e-01   1.5014793e-01   9.5727007e-02  -9.3979681e-02  -1.6215896e-01   7.7426672e-02  -8.7131681e-02   7.1611059e-02  -8.7395295e-04   1.1593652e-01  -2.6817855e-01   1.5612157e-01  -4.8931666e-02   4.8824424e-01  -1.8220908e-02  -1.1873923e-01  -7.5854060e-02  -2.2611403e-01  -1.1426801e-01   6.1107835e-02   5.1649276e-01   9.8626424e-02   4.8273300e-01  -1.0410372e-01  -2.7316371e-01   4.7663695e-02  -2.0905198e-01   1.5908237e-01   6.8694357e-01  -1.2080940e-01   4.3670648e-01   1.4100259e-01  -7.4010488e-02   1.3030694e-01  -2.1927768e-01   2.0369059e-02   3.8881871e-02  -9.9791641e-02  -2.0981331e-01  -8.4242652e-02  -1.4116953e-01  -2.4543598e-01   4.2093507e-01  -1.5851517e-01  -1.6632402e-01   3.5182286e-02  -5.6580595e-02   2.2681270e-01   1.0356518e-01   2.7413748e-01   2.8785685e-01  -1.0768230e-01   6.3141042e-01  -1.9301737e-01   9.8041800e-02  -1.0077838e-01  -1.2509020e-01   7.6305766e-02  -8.0644248e-02  -8.3569212e-02   3.0022045e-01   3.6148808e-01  -1.4229713e-01   1.3526075e-01  -2.4037513e-01  -1.4053891e-02  -2.2662981e-02   1.4573731e-02   1.4173782e-01   9.3773802e-02  -1.5760013e-01  -1.5948493e-01   2.9281204e-02   2.5728899e-01  -2.0347181e-01  -1.4561021e-01  -3.5977778e-02   5.4424781e-02   6.1565914e-02  -2.8187103e-02   6.0288566e-01  -1.6145702e-02   1.6686812e-01   5.8618513e-01  -4.2484348e-02  -2.0177120e-01   7.1164943e-02   5.4001409e-01  -2.5356360e-02  -1.0821919e-01   1.4204899e-01  -1.5033460e-01   9.2779360e-02  -1.8656724e-01   1.2641548e-01  -1.9595394e-01   4.0544119e-01  -9.8897501e-02   3.0223684e-03  -1.2153339e-01  -8.3956552e-02   4.0542215e-02  -2.2944308e-01   8.1561784e-02   3.9674105e-03  -2.1785168e-01   6.0793996e-01  -8.0308207e-02   1.0949887e-01  -4.8958840e-02   5.8326258e-02  -1.5757128e-01   3.0185593e-01  -1.2607193e-01  -1.4513477e-02  -3.5634066e-02  -9.6639552e-02   1.1016639e-02   1.8566017e-01   2.6384269e-02  -7.4637957e-02   1.6473424e-01
  -4.6729280e-01   1.0314564e-01  -2.1826227e-01   4.8760840e-01  -1.1766477e-01   1.6583796e-01   7.9986290e-02   2.2822354e-01   0.0000000e+00  -1.8309879e-01   3.6870104e-01   5.4521450e-02   1.2845334e-01   6.7556709e-02   1.2324017e-02  -6.6004870e-02  -1.2425554e-01   3.2108882e-01   4.7979939e-02  -2.1870750e-01   9.0089622e-02   3.0931539e-01  -1.5512083e-02  -2.6995541e-01  -1.9663039e-02   2.2906360e-01  -1.9561854e-02  -3.8073235e-01   9.7385692e-02   6.3541503e-01   3.5672484e-01   1.4820237e-01  -1.4990034e-02  -6.2301807e-02   1.2533019e-01   8.8678751e-02   4.3753710e-03  -3.0873273e-01   7.2845146e-02   4.6438382e-02   1.0740332e-01   2.8989081e-02   1.8150486e-01   6.1435252e-02   3.6343984e-01  -7.6294729e-02   3.0516330e-01   2.1275239e-01   3.5399472e-01   2.0152188e-02   1.8881073e-01   9.2013845e-03   9.7838155e-02  -3.6931256e-01   1.7054976e-01   3.5647689e-02   8.5710053e-02   2.5770063e-01   2.5980841e-01   6.5539948e-01   3.6008981e-02   1.4659744e-01   6.7358010e-01   4.6639579e-01   6.3394767e-01  -1.8864204e-01   6.4842233e-02   3.5438088e-02   3.0814189e-01  -1.6759148e-01   8.0125017e-02   1.9456084e-01   9.2712221e-04  -1.0034670e-01  -3.6897173e-02   2.5239653e-01  -4.8503684e-02  -4.7773928e-02   1.0715438e-01   1.5031422e-01  -2.1117468e-01   9.2891425e-02   8.7996085e-03   1.8333325e-01  -4.5964659e-01   5.2981349e-02   4.1789386e-01  -1.0240756e-01   2.3581812e-01  -5.9691958e-01   2.0467611e-01  -2.8518830e-02  -2.4541232e-01   5.7014445e-01  -1.5408187e-01  -2.2034019e-01   1.8589968e-01   2.0329089e-01   1.4485805e-01   3.9174732e-02  -4.6944976e-01  -7.3240574e-02   1.0371663e-01   7.3039732e-01   2.6797484e-01   2.8945636e-01  -3.1847534e-01   2.7690716e-01   8.7670074e-02  -2.8034306e-02  -7.4334426e-02   3.1331532e-01   4.4404328e-01  -5.1891161e-01  -4.3288888e-01   4.1065806e-01   1.2396758e-02   8.0181820e-02  -2.2206203e-01   3.0133692e-01  -2.1177797e-01   6.1266634e-02   3.4572580e-01   5.2161731e-01  -2.3080462e-01  -3.4404058e-02   3.1409601e-01   2.4789214e-02   6.5783840e-01  -4.7418858e-01   1.0118991e-01   1.1369085e-01   4.2996179e-01   2.1129619e-01   6.9846829e-01   3.1955456e-01   1.2547994e-02  -4.4288301e-02   2.3463404e-01  -3.5545251e-01  -3.4824823e-01  -3.0788917e-02   3.3537464e-01  -2.7079375e-02   2.1597806e-01   4.7070625e-01  -1.7342883e-01   1.7206571e-01  -2.9979636e-01   3.0514068e-01  -5.9528225e-01  -4.7935854e-02  -3.2354912e-01   2.9594584e-01   2.1016747e-01  -3.0932054e-01  -1.6975979e-01   1.6940323e-01   2.1612319e-02  -9.6565577e-02   4.8314104e-02   3.6210282e-01  -1.1132988e-02   3.2307423e-01   3.9352743e-01   1.2497504e-01  -6.0402536e-02  -1.6360346e-01  -2.8789303e-01  -1.3614294e-02   2.4449423e-01  -2.3151240e-01   2.0392002e-01   2.0931314e-01  -1.3421283e-01  -7.1216139e-02   6.5247328e-01
   8.6338371e-02   5.2891364e-01  -2.0533727e-01  -2.3470723e-01   2.6628131e-02  -4.4859388e-01   1.5483742e-01  -2.5176293e-01  -1.8309879e-01   0.0000000e+00  -2.7230548e-02   5.5711473e-01   1.4493379e-01   2.3369830e-01   4.0464151e-01  -4.2366576e-02  -2.4401061e-01  -9.5692114e-02  -3.6494546e-01   2.5581662e-01   9.7518967e-02   2.1148078e-02   2.9037214e-01  -1.4360523e-02   5.4519937e-02  -4.0130124e-01   2.5088213e-02   9.2829402e-02   1.6080706e-01  -8.7595284e-02   1.2393710e-01   1.0840979e-02  -2.6037581e-01   6.8598330e-01   4.7265032e-01   4.0606280e-02   6.0959467e-03  -4.3041844e-01   9.8403906e-03   2.8413571e-01   3.1334881e-02  -2.7887634e-01   3.2239210e-01   1.4772527e-01   1.0726432e-01  -5.9264270e-01  -1.6490926e-01  -5.8430693e-02  -4.7529205e-02   1.8933940e-01  -4.5096920e-02  -3.6809662e-01   3.1373695e-01  -2.4504483e-01  -2.7386991e-01   8.9505429e-02  -3.4134707e-01   1.8593310e-01  -8.3752127e-02  -4.3490947e-02  -4.8143549e-01   6.5174929e-02   7.4415275e-02   3.4632545e-01  -6.5596731e-02   6.1743372e-01  -2.7992612e-01  -1.2465309e-01  -1.6605140e-01  -3.8007764e-01   3.4087851e-01  -1.7314639e-01   8.0619550e-02  -1.2711632e-02  -1.6177339e-01   1.3910301e-01  -5.4653005e-01   7.5472000e-03   3.0453244e-01  -1.5583374e-02   8.1099871e-02   5.7197725e-03   2.5208710e-01  -1.2932266e-01  -2.0688367e-02   2.0005843e-01   1.4824720e-01  -8.3928972e-02   8.6296389e-02   1.4140329e-01   1.9428283e-01  -3.9875881e-01   4.3107459e-01   8.5949849e-02  -4.4721983e-01   1.0931200e-01  -1.1933807e-01  -3.6360308e-01   1.2637224e-01   2.9697996e-01   2.9308993e-02   3.4587453e-01   2.1303714e-01  -1.7508268e-01   3.1264119e-02  -6.1976891e-03  -2.3308748e-01  -3.6376378e-01   1.6152382e-01   1.1471662e-01   5.6738556e-01   4.6515190e-02  -1.9744063e-01   1.7796649e-01   1.0366124e-01   9.7137765e-03   5.6695804e-02   1.9580580e-02   1.9186037e-01  -1.3881548e-01  -4.3816327e-01   2.4670235e-01   1.3091745e-01   1.0372866e-01  -4.6818050e-01   1.7103763e-01   5.1800718e-02  -1.5870477e-01  -2.2825538e-02  -1.4823881e-01   2.4473213e-02   1.2209974e-01   1.5153550e-01   2.6985713e-02  -3.2113716e-02   2.8907966e-02   1.9963550e-01   2.9987241e-01  -7.3476138e-02  -5.4932255e-02   1.7545167e-01  -7.3611705e-02  -1.9346148e-01  -1.2823130e-02   5.6846703e-02   6.1493588e-03   3.6680159e-01   2.7010878e-01   4.0942366e-01   1.5273146e-01   4.9581785e-02   1.5426755e-01  -2.7574511e-01   7.9813041e-02   1.3524536e-01   5.0686571e-02  -3.9660495e-01  -1.2698984e-01  -3.5169870e-01   1.3308787e-03  -2.4185065e-02  -1.6412137e-01   4.1419950e-01  -3.3921851e-02  -3.0685760e-01   2.0216101e-01   1.2488210e-01   1.1929509e-01  -2.8309816e-01   2.6027060e-01   3.0443765e-01  -4.3077434e-01  -1.5270442e-01  -4.8063019e-01   6.1943516e-02  -2.3256951e-01  -2.1026564e-01
  -3.4194971e-01   8.5143053e-02  -4.4831583e-01   4.1437779e-01   1.2690289e-02   2.1652096e-01   2.3434477e-01   3.8345104e-01   3.6870104e-01  -2.7230548e-02   0.0000000e+00   5.8739165e-02   1.0978483e-01   3.8384285e-02   3.3300851e-01  -1.7594803e-02  -3.6399431e-01   5.3601917e-01   1.2178319e-01  -1.5058369e-03   3.9260630e-01   2.3469737e-01   2.2866276e-01  -4.4257264e-01  -1.4454406e-01  -4.9499188e-02  -1.1683094e-01  -6.5051180e-02  -4.5948860e-02   3.5618759e-01   5.5110616e-01   2.1422892e-01  -1.9647649e-01   2.4854279e-01   1.7979215e-01   3.8038310e-01   3.4382052e-01  -5.4936715e-01   1.0390961e-01  -1.7458424e-01   1.9516577e-01  -1.5747450e-01   1.0772500e-01   4.1571232e-01   2.7286822e-01  -3.1256724e-01   5.1231634e-01   4.0109764e-01   3.5890002e-01  -1.2192476e-01   4.9045312e-01  -1.5146972e-01   8.6902940e-02  -1.4342984e-01   4.6247714e-02   2.1930701e-01   9.2217537e-04   3.0694828e-01   4.1781876e-01   6.3229984e-02  -2.8375292e-01   1.5041873e-01   3.0201186e-01   3.3403721e-01   4.6133130e-01   8.4971380e-02   1.8420387e-01  -6.7485943e-02   5.9124562e-01  -4.9209061e-01   1.3599051e-04   2.1936486e-01   2.2381267e-01  -2.1911046e-01   3.8954613e-02   3.2689809e-01  -2.8790612e-01   1.6107948e-01   1.1112798e-01   6.6086654e-02  -8.7802130e-02   1.8144733e-01   2.1619867e-01   1.2109645e-01  -2.7282055e-01   2.9457307e-01   3.0438533e-01  -4.2408397e-01  -4.1658811e-02  -2.7787215e-01   2.8636212e-02  -2.5734816e-01   5.8440096e-02   1.9465427e-01  -4.0436145e-01  -1.2710655e-01   1.2320615e-01   1.7839289e-01   1.6270934e-01   2.4785083e-01  -2.9388342e-03   3.1931651e-01   2.6010243e-01   2.7357141e-01   6.0510380e-01   4.7302177e-01  -2.0828595e-01   3.4247751e-01   1.6152381e-01   3.0733857e-01   6.6430107e-02   2.6688711e-01   2.9035239e-01  -2.6264276e-01  -1.2188625e-01   2.5231857e-01   2.2403810e-01   1.7034635e-01  -6.5085193e-02   3.1125509e-01  -3.2722136e-01  -1.0138449e-01   6.0992182e-02   4.1233827e-01  -4.0803208e-01  -1.2686880e-01   3.2517810e-01  -1.1691104e-02   5.3785119e-01  -4.9842526e-01   1.3499731e-01   4.9784469e-01  -4.8164743e-02   3.3799168e-01   3.1895117e-01   3.3078955e-01  -1.6059105e-02   2.1368029e-01   2.7140485e-01  -2.6682994e-01  -2.0237716e-01  -1.7773204e-01   5.3278014e-01  -5.8343165e-03   2.8013814e-01   4.9037782e-01  -8.8925551e-02   3.2294452e-01   2.0859797e-01   3.7003260e-01  -2.1015850e-01   2.7379599e-01  -2.8308330e-01   4.5418278e-01  -2.1095035e-01  -3.9405526e-01  -2.9073434e-01   2.8349320e-01  -2.2618386e-01  -1.6211604e-02  -1.7347620e-01   5.0519450e-01   2.4533699e-01   4.9172440e-01   2.3087637e-01   1.4527388e-02   2.2068926e-01   1.5055203e-01  -3.0713213e-01   2.0473413e-01   1.7300338e-01  -3.9875893e-01   1.8025774e-01   6.5607742e-02   5.2290871e-02  -2.0485193e-01   3.7761555e-01
  -5.8866207e-02   6.4362837e-01   2.1177141e-02  -6.7169843e-02   9.7285877e-02  -9.2313399e-02   2.7350251e-01  -2.2708717e-01   5.4521450e-02   5.5711473e-01   5.8739165e-02   0.0000000e+00  -1.0055018e-01   2.2655278e-01   2.6585305e-01  -9.6850475e-02  -2.2786100e-02   2.4868171e-02  -1.9950667e-01   1.3336221e-01  -3.9505641e-02   1.5831446e-01  -3.0220934e-02  -7.4232527e-02  -1.0037695e-01  -1.7465499e-01   4.5660398e-02   2.1447372e-03   7.6389372e-02   2.1177182e-01   1.4750053e-01   2.4301180e-02  -1.2806006e-01   4.1082542e-01   3.9421841e-01   1.2120449e-02  -1.4203442e-01  -3.4207638e-01  -5.8216833e-02   4.0427104e-01  -5.6442890e-02  -1.3193965e-01   4.0503106e-01   2.3412435e-01  -4.9644885e-02  -3.3419369e-01  -2.2897008e-03   3.0702368e-02  -9.5180347e-03   3.5867522e-01   7.3970778e-02  -1.5051201e-01   2.4135179e-01  -9.4845461e-02  -1.9038271e-01   3.3879734e-02  -9.5180309e-02   2.4780337e-01   1.1777620e-02   3.1977385e-01  -2.2308866e-01  -2.3232174e-02   2.5581829e-01   3.3577892e-01  -8.1602865e-02   1.9479294e-01  -1.5158865e-01  -1.1787663e-01  -1.2281944e-01  -2.0598980e-01   3.7658797e-01  -1.6221613e-01   7.7797864e-02   3.1841827e-01  -1.2124819e-01   1.0568800e-01  -3.1518394e-01   7.5436105e-02   1.8624910e-01  -6.1459754e-03  -1.0551040e-01  -8.3960153e-03   3.0988802e-01  -1.5594528e-01   1.3237294e-01   4.1105513e-02   1.5755313e-01  -1.5369120e-01   2.3389480e-02  -1.4831009e-01   2.1797792e-01  -1.3366929e-01   3.5868940e-01   7.1617978e-02  -2.9784406e-01   9.4748975e-02   1.5175175e-02  -2.3886106e-01   9.2986751e-02   1.1868752e-01  -5.4572485e-02   3.1457142e-01   1.0192681e-01   2.9548694e-01  -9.1013961e-02   3.9032129e-02  -4.9660241e-02  -2.7301211e-01   1.0641185e-01   1.3248536e-03   6.1482271e-01   9.2062780e-02  -9.2135611e-02  -7.9332668e-02  -1.2753572e-02   6.9145542e-02  -2.6891998e-02  -1.1180581e-01   1.3432657e-01   5.3706557e-02  -3.5569563e-01   1.7539791e-01   2.4701141e-01   1.0873927e-02  -4.0810958e-01   3.0549896e-01   6.0096063e-02  -2.2347977e-02   9.2868102e-02  -1.5165352e-01  -1.6213613e-01   8.5450548e-02   4.2839132e-01  -2.5836052e-02   2.0563216e-01   1.2225902e-02  -6.0503888e-02   1.0657938e-01  -1.4774973e-01  -1.3295491e-01   2.2017179e-02  -2.2412628e-01  -2.7150438e-02   1.3302586e-01  -9.3523491e-02  -1.0705583e-02   4.2324804e-01   1.8492945e-01   9.2920825e-02   1.5064909e-01  -7.3037613e-02   6.4655549e-03  -1.9621065e-01   1.9347014e-01   4.0244819e-01  -1.6220849e-01  -3.2491824e-01  -2.0448513e-02  -1.0633909e-01   3.2453133e-02   1.5250870e-02   3.4069011e-02   1.8456271e-01  -1.0784767e-01  -1.5070579e-02   1.9140495e-01   2.0406858e-01   6.1118837e-02  -1.7510357e-01   3.4944928e-01   1.9690824e-01  -3.5315513e-01  -3.2880849e-02  -1.1812857e-01   2.9202736e-02  -2.1431228e-01   3.4874551e-02
   4.4047519e-02  -4.8695079e-02  -3.5813287e-02   2.6450677e-01   2.3063765e-01  -1.0034643e-01   1.3795684e-01  -2.0753547e-01   1.2845334e-01   1.4493379e-01   1.0978483e-01  -1.0055018e-01   0.0000000e+00   1.5660810e-01   2.3035736e-01   2.3878289e-01  -4.6496247e-02   5.2745085e-01  -1.8264983e-01   4.0955343e-01   1.5065533e-01   4.1401178e-02   2.3729206e-01   1.4828601e-02   9.4150210e-03  -8.3500044e-02   5.5601853e-02   2.0502082e-02  -1.7013433e-02   1.3861116e-01  -3.9422284e-03   7.7927216e-02   1.1811531e-01   1.9431305e-01   1.0031686e-01   3.7037816e-01   3.4440248e-01  -9.9121427e-02   3.9606169e-01  -1.8573392e-01   7.5176028e-01   8.0787791e-02   2.6313425e-01   1.6705841e-01   5.0800837e-01  -2.3105336e-01   1.9784969e-01  -3.0605374e-02   2.6160388e-01  -9.9968208e-02   5.1357596e-01  -1.6344123e-01   1.8578090e-02  -2.0242646e-01   9.0604890e-02   1.2853860e-01  -1.5362550e-01  -4.0627929e-02   4.4698060e-01   1.3731655e-01  -2.0591759e-01   4.6166994e-01  -9.2061237e-03   3.2815039e-02   1.2612770e-01   4.5740113e-01   8.1243456e-03  -1.3462269e-01   5.0368408e-02  -1.5755930e-01  -2.8354215e-01   3.6876651e-01   5.3451034e-01  -5.5224409e-02   2.5685795e-01  -2.9928308e-02  -2.1252625e-01  -3.8605633e-02   2.5027382e-01   4.7076595e-01  -1.1852734e-01   5.8035472e-01   4.3940880e-02  -3.0594212e-02  -1.7700119e-01  -7.8347592e-02  -2.2372103e-01   6.0620385e-02   1.6215997e-01   5.6406345e-02  -1.7455159e-02  -1.7959838e-01   1.6344368e-01   2.7419969e-01  -1.5385887e-01   1.5859735e-01   4.3688176e-01  -2.0075821e-01   4.5537775e-01   1.8567728e-01  -1.7620906e-01  -1.8968068e-02   2.2590079e-01   5.1158839e-03   2.8735916e-01   6.9895485e-02  -1.1559590e-01  -1.3386457e-01   7.2526342e-02   2.3812204e-01   4.8382600e-02   2.6237249e-01   2.6182713e-01   3.6367389e-02  -7.2083934e-02  -3.5950364e-02   8.0406474e-02   7.1468907e-01   7.4571472e-03   2.4327109e-01  -1.7115843e-01   1.3518985e-01   1.6369132e-01   2.7728751e-01  -1.5436045e-01  -8.3153650e-02   3.3051071e-01  -3.9627385e-02   9.5676660e-02  -2.0813384e-01   4.1708167e-01   2.2294359e-02  -1.1340235e-01  -9.6017556e-02   1.5330881e-01  -1.2036577e-01   3.3189150e-01  -6.2418633e-02  -1.6856286e-01   8.8169478e-02   6.4296848e-02   2.7773995e-01  -1.8362224e-01  -1.0827234e-01   1.2943345e-01   1.2311378e-01  -1.5908138e-01   2.6154438e-01   4.1883324e-01  -1.7234486e-01  -8.0896136e-03  -3.1387955e-02  -8.4337976e-02   1.0624543e-01  -9.4228985e-02  -1.0959297e-01  -1.6810419e-01   5.1427486e-01  -1.8257845e-01   1.3340429e-01  -3.0567162e-02  -7.6103647e-02   1.5680482e-01   4.9574368e-01   2.3562173e-02  -8.6602664e-02   1.0713726e-01  -9.2792584e-02  -1.7661188e-01   2.6714000e-02   2.1277611e-01  -1.0154455e-01   2.3029534e-01  -3.2799252e-01  -1.2901938e-01   2.4470191e-01   7.7305110e-02
   5.9603533e-02   2.4741954e-01  -2.3713919e-01   1.1388070e-01  -7.4786921e-02   8.9115311e-02   3.7076976e-01  -1.1241993e-01   6.7556709e-02   2.3369830e-01   3.8384285e-02   2.2655278e-01   1.5660810e-01   0.0000000e+00   2.6306028e-01  -3.0769019e-02  -1.3262544e-01   2.1164848e-01  -1.0736358e-01  -1.8671470e-01   9.5265242e-02   1.6231347e-01   7.9461528e-02   8.9009100e-02  -1.9765795e-01  -7.3348335e-02  -3.1635178e-01   2.7356498e-01  -1.3835735e-02   4.0147093e-01   1.8326805e-01  -1.1636649e-01  -6.8746711e-02   2.0091501e-01   2.3954341e-01  -5.4450028e-02   1.1363381e-01  -2.0296954e-01   1.8354180e-02  -2.9251923e-01   1.3054325e-01  -2.8137928e-01  -8.5758724e-03   2.7551257e-01   2.6331116e-02  -1.5251095e-01   7.5421841e-02   3.2930705e-01  -8.8086300e-02  -1.0203516e-01   1.2775904e-01  -1.6935245e-01   2.3662676e-01  -2.3896051e-01   3.4263097e-01   7.2852346e-02  -6.6799886e-02  -1.3723584e-01   1.6430004e-01   1.6710102e-01  -1.5842272e-01  -2.2772020e-01  -8.6162912e-02   1.8938535e-01   1.6345334e-01   2.2999274e-01   1.6444738e-01  -2.9236710e-01   6.4329685e-02  -2.3072648e-01  -1.0852017e-01  -7.0523170e-02   1.4253739e-01   1.4337380e-01  -3.3475210e-01   1.1595524e-01  -2.6550814e-01  -4.2080445e-02   1.1842120e-01  -8.6990170e-02   6.1622335e-02   1.5044256e-01   8.2971291e-02  -3.8261573e-03   1.0633844e-01   7.1363529e-02   7.8037685e-02   2.2544594e-01  -1.6403952e-01  -4.6406319e-02  -1.2734197e-01  -2.4149549e-01   2.4209353e-02  -1.7197419e-02  -2.2495413e-01  -2.2559209e-01   2.2378338e-02  -1.3969290e-02   7.1307134e-02  -4.2557013e-02   8.9647329e-02   6.7097793e-02   3.1854718e-01   1.4879574e-01   3.0915241e-02   2.2910716e-02  -3.1856047e-01  -6.8245341e-02  -2.5287637e-01   3.2443642e-01   1.9745796e-01   2.3620998e-01  -6.5317186e-02   1.4834358e-02   1.7760460e-01  -1.7107495e-01   3.7929244e-02   9.5214384e-02   4.0977952e-01  -3.7031944e-02  -3.1211091e-01  -8.6860292e-02  -2.6111904e-01   8.8860763e-02  -1.7809891e-01   4.4669714e-01   4.5963099e-02  -2.5505027e-01   8.2236869e-02  -4.4020400e-02  -4.7543970e-02   4.5144974e-02   1.8554695e-01   2.0297126e-01  -1.4418193e-01   3.9555453e-02  -1.7498197e-01   2.9868994e-01  -4.9131636e-02   7.3562612e-02   2.3781217e-01  -3.0747550e-02  -5.4812344e-02   3.4569239e-01  -8.6670174e-02   2.8368558e-01  -2.8273732e-02   3.5135016e-01   1.7927758e-01   1.3409778e-01   5.4332417e-02   2.2069588e-01  -2.6044082e-01  -1.6925362e-02   1.2235679e-01  -1.1046675e-01  -2.4013419e-01   1.1753583e-01  -2.2394000e-01   1.4108023e-01  -1.8938657e-01  -7.1647927e-02   2.8806523e-01   2.2772482e-01  -4.2129626e-02  -2.9268187e-01  -6.7274697e-02   2.5295831e-01  -2.7482436e-01   1.0467665e-01   1.7020158e-01  -2.0899594e-01  -1.3991227e-01  -4.5846942e-02  -1.8985412e-01  -1.6956289e-01  -1.2523433e-02
