   0.0000000e+00  -3.6136550e-01   1.3602406e-01   4.4044793e-02  -8.4114149e-02  -1.9297412e-01  -7.5369852e-02  -2.7518512e-02  -2.6859520e-01  -9.6067711e-02  -2.0943980e-01  -2.3081020e-01  -9.1686570e-02  -5.9861254e-03   2.7370781e-03  -1.4578312e-01   2.7220895e-01  -2.9555743e-01   5.7661117e-02  -1.6468881e-01  -2.1672752e-01  -2.6616332e-01   9.1644717e-02   7.0939769e-01   2.7481390e-01  -1.8340027e-01  -4.7445465e-02   2.9993170e-01  -1.3260722e-01  -4.3807527e-01  -2.1263799e-01  -1.7547004e-01   2.7619022e-01  -2.0321142e-01  -9.5847013e-02  -1.7302942e-01  -1.8020107e-01   7.0225582e-01  -2.5779692e-01  -1.7289295e-01  -1.6972912e-01   6.6787276e-01   1.3826618e-01  -1.6475408e-01  -7.0188187e-02   7.3846508e-01  -8.7134121e-02  -2.3841069e-01  -8.2713961e-02   1.6815659e-01  -1.6254580e-01  -4.7041448e-02  -2.4739345e-01   6.1876167e-01   2.9490001e-01  -1.1768115e-01  -6.1566139e-02  -3.1118760e-01  -1.9483807e-01  -1.8093369e-01   6.5061277e-01  -1.7021390e-02  -8.5393685e-02  -3.6337878e-01  -1.4210364e-01  -2.5464620e-01  -2.9820171e-01   2.0116868e-01  -1.2645872e-01   5.2539569e-01  -4.1705102e-01   2.5719291e-02  -1.0052361e-01   4.6932469e-01   2.5495426e-01  -6.3092404e-02   6.4459609e-01  -3.6326481e-01  -2.3323005e-01  -5.3683765e-02   1.4192531e-01  -1.0525077e-01  -3.6741860e-01  -7.3308268e-03   6.0803382e-01  -1.1773881e-01  -3.7835226e-01   4.1981578e-01  -1.3139070e-01   7.4825160e-01  -1.8360898e-01   6.2389264e-01  -2.5260341e-01  -1.0127892e-01   7.3167784e-01   1.4959777e-02   2.2055624e-01  -1.0810309e-01   3.7076671e-03  -2.1131719e-01   4.5741791e-01   3.6113414e-02  -1.0573255e-01  -3.6176062e-01  -2.4423949e-01  -1.6158669e-01   4.8101179e-01  -1.1822291e-01  -2.9370615e-02  -2.4812846e-01  -3.0706787e-01  -3.7161688e-01   3.1867378e-02   8.2842673e-01   1.2446370e-01  -2.6927718e-01  -3.4412792e-01  -2.6074749e-01   1.1597550e-01  -1.6510448e-01   7.6265316e-01  -1.3524341e-01   2.6151007e-02  -3.2566811e-01   7.3239446e-01  -1.2863393e-01  -8.9090578e-02   3.3480784e-01  -1.6307800e-01   4.2990904e-01  -3.8282152e-02  -3.7799922e-01  -6.5796030e-02  -4.2860066e-01   2.4924083e-01   1.3145638e-01   1.2930113e-01   5.0027846e-02   8.6397992e-02   4.6991139e-01   8.0897927e-01   1.1045493e-01  -1.3030287e-01   1.5729466e-01  -9.3414671e-02  -2.6256075e-01  -1.8482848e-01  -1.6637269e-01  -1.3434446e-01  -3.5181385e-01   5.8489363e-01   5.8321856e-02   7.0721566e-01  -2.3767695e-01  -1.6340648e-01   1.2430737e-01   7.3826261e-01  -2.6409672e-01   6.3371577e-01  -1.6648853e-01   1.0362644e-01  -2.4625263e-01  -1.8557995e-01  -2.0181853e-01  -2.8747007e-01  -2.0581743e-01  -2.6284252e-01   1.4815503e-01   6.7854235e-01  -2.8668413e-01   9.0376700e-02   5.8801090e-01  -2.1756499e-01  -8.0936859e-02   2.2829889e-01   2.9422088e-01  -2.8589888e-01
  -3.6136550e-01   0.0000000e+00   3.4547918e-01  -4.3087965e-02   4.7174134e-01   5.3203376e-02  -1.5949738e-02  -1.7136704e-01   3.2448427e-01  -1.0545939e-01  -2.8315605e-01   4.8740169e-01  -1.2893517e-01  -5.8678436e-02  -1.6211871e-01   8.2134567e-02   2.3163377e-01  -1.2995012e-01  -4.9038444e-02   4.3835472e-01  -4.6014258e-02  -1.5456345e-01  -1.7040690e-01  -1.9847369e-01  -1.4930722e-01  -9.8272608e-03   9.7971380e-02  -1.5370203e-01   3.5062418e-01   1.0514960e-01  -4.4886659e-03  -8.7249083e-02   5.1867542e-03   3.4636924e-02  -1.3331818e-01   1.9502863e-01   1.9901725e-01  -3.0158158e-01   1.6761625e-01   5.4630093e-01   9.0971585e-02  -3.6443472e-01   4.9721719e-01  -2.3071238e-02  -1.1816627e-01  -3.1803310e-01  -1.6831576e-01   3.6154842e-01   7.8905533e-02   2.2364169e-01  -2.3006735e-01  -2.3819533e-01   4.1620278e-02  -2.5912132e-01  -3.0474753e-01  -1.5193520e-01  -1.1340960e-01  -2.1839305e-01  -1.3194700e-01   4.0455611e-02  -2.5637837e-01   1.7346216e-01   5.4850011e-01   3.3768128e-01   1.8569158e-01   3.8851806e-01   7.8569671e-02   1.2865465e-01  -1.6257883e-01  -2.1506284e-01   3.7292902e-01  -2.3826919e-01   1.3654374e-02  -3.9446916e-01  -8.8802042e-02  -1.7860620e-01  -3.4319122e-01   1.0720575e-01   6.2171833e-01   7.2642651e-02  -2.4707099e-01  -1.6007541e-01   4.9708411e-01  -3.4950803e-02  -1.2051990e-01  -2.4373433e-01   5.2626176e-01  -3.0667057e-01   2.2445960e-01  -1.9998398e-01   6.4304930e-01  -1.6656685e-01   1.0307365e-01  -1.1678212e-01  -3.3086526e-01   4.4080688e-01  -2.2998942e-02  -6.7095489e-02   2.7956017e-01   1.9892008e-01  -2.8604520e-01  -3.0066620e-01  -1.1284162e-01   1.0743867e-01  -2.5039998e-01   1.0751515e-02  -2.2076007e-01  -1.2475908e-01  -1.5494773e-01  -1.6336308e-01   3.0270074e-01  -1.7191989e-01   9.6692359e-02  -2.1854389e-01  -1.4155526e-01   6.5105542e-01   1.1077867e-01   4.6105858e-02  -1.2587633e-01  -6.5147318e-02  -3.2724841e-01   4.9825262e-01   4.1243083e-01   6.3652352e-01  -3.0781292e-01   1.8403259e-02   5.8985171e-02  -2.4397417e-01  -1.4982133e-01  -1.2872454e-01  -8.3623419e-02   9.7194672e-02   3.7354124e-01   5.4993603e-01   3.7918750e-02  -1.6324406e-01  -2.5870489e-01  -1.4463570e-01  -2.3965783e-01  -7.8143794e-02  -1.9215383e-01   4.9047688e-02  -3.0498482e-01  -2.8851327e-01  -9.8208381e-03   3.0354896e-01   7.8646350e-02   3.6792637e-01  -2.4796317e-01   4.1365840e-01  -1.7361168e-01  -9.6341238e-02  -2.2135996e-01   3.6323138e-01   6.3099197e-01   1.0937805e-01  -3.2389990e-01  -2.5483834e-02  -1.6002297e-01  -6.6384266e-02   1.6560320e-01  -2.1590222e-01   1.0642320e-01  -1.5702704e-01  -1.1201474e-01   6.0142259e-01   3.5127477e-02   9.2586446e-03  -1.9055072e-01   2.2525564e-01   2.5481019e-01  -3.9129901e-01   2.4163037e-01  -6.5715725e-02  -1.1607154e-01  -8.8233770e-02  -8.2582409e-02
   1.3602406e-01   3.4547918e-01   0.0000000e+00  -8.2583940e-02   5.0951257e-02   3.3142157e-01   1.5343134e-01  -2.6743425e-01  -1.5428837e-01  -1.3634851e-01  -2.2751550e-01   4.9670845e-01  -2.8132760e-01  -1.2005163e-01   2.3011252e-01   4.0086935e-01   7.7168414e-01  -2.8526350e-01   3.2158258e-02   7.8579075e-03  -3.3980350e-01  -2.2767663e-01  -2.9340626e-02   1.0503656e-01  -2.7121204e-01  -1.1025624e-01   3.9438390e-01   3.0720481e-01   3.9924641e-01  -1.1033995e-01  -9.6687238e-02  -1.2524499e-01   1.6106011e-01   1.3489493e-02  -4.5967270e-02  -1.8977301e-02  -3.7368163e-01   2.2018535e-01   1.4855272e-01   5.3921152e-01  -2.1551755e-01   3.3693632e-01   3.0732104e-01   5.2810009e-02  -3.2311272e-01   3.0592928e-01   8.1111441e-02   2.3007188e-02  -2.8522037e-01   5.8827814e-01  -2.4106487e-01  -3.0685856e-01  -9.6620465e-02   2.9403455e-01  -8.6966214e-02   1.2836410e-01   4.4411905e-02  -3.5990515e-01  -1.8196076e-01   2.8801816e-01   3.9884746e-01  -7.6736498e-02   9.8429597e-02   3.8163280e-02  -2.4508492e-01   4.2591027e-02   2.4214099e-01  -4.4520559e-03   6.8337765e-03   5.7906460e-01   1.2884763e-01  -3.2619571e-01  -1.4509730e-01   2.9056072e-01   6.7584575e-03  -1.9034306e-01   4.1670791e-01   1.8589583e-02   1.7404228e-01  -1.4261313e-01   1.1048104e-01  -1.8618789e-01   1.0583745e-01  -1.1225736e-01   3.8127251e-01  -2.3850033e-01  -4.1512727e-02   8.2557604e-02   1.4321697e-01   2.3687870e-01   8.0326540e-02   5.1441149e-01   2.1122359e-01  -2.8464883e-01   2.9751928e-01   2.0540438e-01  -7.5000295e-02  -2.1879743e-01   5.5061710e-02  -2.2472690e-01   2.0916930e-01   2.2311564e-01   6.7359325e-02  -3.3094721e-01  -4.1098809e-01  -6.9014590e-02   2.5314618e-01  -9.9505100e-02  -2.2704743e-01  -2.1497672e-01   3.4531235e-01  -1.6953730e-01  -1.7809671e-01   2.3674010e-01   3.1552356e-01   2.2839560e-02   4.8976519e-02  -1.8721651e-01   3.5796422e-01  -2.3849737e-01   2.7014647e-01   7.0414571e-02   2.4522950e-01   3.9717021e-02   2.0050820e-01   2.0022270e-01  -1.3408456e-01  -1.0519623e-01  -3.5867484e-01   5.8553263e-01  -1.4012342e-01  -2.0207479e-01   3.6675164e-02  -4.4463756e-02  -2.0523661e-01  -9.6656953e-02  -2.3946936e-01   1.2460591e-01  -2.4336264e-02   1.2505936e-01   1.6920141e-01   7.3361332e-02  -3.2625309e-01   2.9192647e-01   8.2658994e-02  -1.7154621e-01   3.9601364e-01  -1.4113173e-01  -1.0869639e-01  -2.6297504e-01   3.9531724e-01  -4.6225764e-02   3.5134620e-01  -8.5526634e-02   6.6202844e-01  -8.6926904e-02   3.5559504e-01  -1.7031133e-01   4.2255739e-01   2.9024194e-02   2.6274534e-02  -2.2258924e-01  -1.0567307e-01  -3.4628348e-01  -1.3677322e-01   1.0843766e-01  -1.8958138e-01   3.1156524e-01   3.4730563e-01   8.8454931e-02   1.1063898e-01   9.9398296e-02  -2.8212614e-01   3.0318716e-01   8.4352431e-02  -1.2916553e-01  -1.4133565e-01
   4.4044793e-02  -4.3087965e-02  -8.2583940e-02   0.0000000e+00  -2.1662081e-01   1.2630021e-01  -2.5055322e-02   3.6524258e-01   4.7382178e-02  -1.1143285e-01   2.7925108e-01  -2.0285754e-01   1.8197219e-01   1.8907912e-01   4.2378729e-02  -1.2224215e-01  -2.3032355e-02   1.7832748e-01  -1.2270831e-01  -1.9941759e-01   1.5013945e-01   3.1053351e-01  -3.6757466e-02  -1.0315253e-01  -2.5517054e-02   3.9822537e-01   1.9942791e-01   1.3296851e-01  -7.2905238e-02   3.4699504e-01   1.6463745e-01   4.5317652e-01   9.6319565e-02  -1.0553040e-01  -1.0546253e-01   8.7274040e-02   5.6102285e-02  -1.6807797e-01  -1.9371158e-01  -4.4910493e-02   2.8285485e-01   2.8030548e-02  -7.6713626e-02   3.7708871e-01  -7.2734213e-02  -4.4746817e-02   3.0287568e-01   2.2938002e-01   7.2705892e-02  -8.1402490e-02   1.8580611e-01   3.3966953e-01   1.8976155e-01   3.9034756e-03   7.9058522e-02   2.4264458e-01   1.6754772e-01   3.3728839e-01   4.3978308e-01  -1.8573086e-01   3.6230436e-02  -8.7624596e-03   1.0426560e-01   2.6109009e-01   7.4086441e-02  -1.8511622e-01   2.2634340e-01   6.6150919e-02   4.3840074e-01  -2.0638839e-01   6.0514530e-02   4.3671462e-01   2.6953781e-01  -1.0063863e-01  -9.1206193e-02   2.7504702e-01   6.3342536e-02   3.9804242e-01  -1.1037185e-01   1.4516901e-01   2.4498532e-01   1.4717498e-01   2.1682942e-01   4.4065852e-01  -1.9800153e-01   3.4914496e-01   2.0518986e-01   1.0057116e-01  -4.9500492e-02   4.3484488e-02  -5.6703642e-03   2.8273990e-02  -2.0488076e-03  -8.2201503e-02  -8.0502563e-02  -2.4590607e-01   2.1757416e-01   3.1434838e-02  -1.5207126e-02  -8.7249853e-02  -9.0620468e-02   9.4750391e-02   2.6861463e-01   1.2228315e-01   3.2677159e-01   6.5560828e-01   1.7901692e-01   4.3381531e-01   7.4907208e-03   1.2513036e-01   2.9972378e-02   1.3583836e-01   3.9966568e-01  -1.2407843e-01  -3.7426412e-02   4.1956530e-02   3.5243709e-01   2.4291384e-01  -1.7923355e-02   6.8371985e-01  -6.4558076e-03  -2.3989826e-01  -1.9526720e-01   1.0500601e-01   7.5214169e-03  -2.7527759e-02  -5.2708627e-02  -5.7369117e-03   4.5031049e-01  -1.5800331e-01   1.9518298e-01   1.2724851e-02  -7.1569661e-02   1.0946964e-01  -3.1315510e-02   2.9594683e-01   1.4176720e-01   2.2276097e-01   2.8205589e-01  -5.9973442e-02   1.0155009e-01   4.8927754e-01   4.0893246e-01  -1.2490683e-01  -1.4600390e-01   3.4988815e-02  -1.5237153e-01  -1.0522153e-01  -4.2870240e-02   1.5698349e-01  -5.5770597e-02   3.1150278e-01  -6.8199669e-02   1.7837683e-01  -5.8502032e-02   1.4507642e-01  -8.7349306e-03   2.3827331e-01   3.4505249e-02   2.0724339e-01   1.5499741e-01   2.7237417e-01   4.6103010e-02   4.1236046e-01   4.0959672e-01  -1.3103217e-01   1.6673863e-01   2.7931809e-01   2.6475198e-03   1.3583216e-01  -9.1889577e-02  -1.0016366e-01   1.0333634e-02  -3.5950595e-02  -4.9501874e-02   3.7896136e-01   3.9127008e-01
  -8.4114149e-02   4.7174134e-01   5.0951257e-02  -2.1662081e-01   0.0000000e+00  -7.0886149e-02  -1.3387703e-01   8.1646796e-02   1.5805532e-01   3.7903809e-02  -1.6260396e-01   8.8550902e-02   1.8454413e-01  -1.1358080e-02  -2.3920959e-01   6.9115456e-02   5.8908986e-02   4.2740350e-03   7.7691372e-02   7.5220475e-01   8.4833977e-02  -1.4309219e-01  -6.1340298e-02   5.3719323e-02   2.2380501e-01   3.0939044e-02   2.7836779e-01  -2.0974395e-01   2.4794112e-01  -4.6969297e-02  -7.1053975e-02  -2.5076029e-02  -4.4739335e-02   2.8450663e-02  -9.8258208e-02   3.7298529e-01   3.4235263e-01  -1.0886446e-01   1.5874235e-01   3.5746988e-01   2.5412032e-01  -2.2761774e-01   2.4235862e-01  -3.5448954e-01   3.9134466e-01  -6.6309542e-02  -9.6936038e-02   9.5778846e-02   3.8260255e-01   6.7159795e-02   3.7025664e-02  -2.7296785e-02  -1.3233879e-01  -1.4991086e-01  -1.8563341e-01  -2.5348861e-01  -1.6206073e-01  -2.7301738e-01  -1.0791650e-03  -1.0271671e-01  -1.3426096e-01   5.1608367e-01   4.6809054e-01  -2.0880364e-02   5.0313044e-01   4.5220070e-01  -9.4712957e-02   3.0583580e-01  -1.8214270e-01  -1.6689664e-01  -8.3391087e-02   1.1506876e-01  -5.1819680e-02  -2.5271820e-01   2.9240068e-01  -1.0857807e-01  -2.1438043e-01  -1.5621083e-01   7.6479375e-01   4.7197416e-01  -3.1982355e-01  -9.0547246e-02   1.2869026e-01  -1.9095106e-01  -3.5662245e-02  -1.1705052e-01   1.1841948e-01  -1.5284005e-01   2.5669821e-01   3.0330261e-02   6.2771738e-01  -1.3973944e-01   1.1497343e-01   7.9900962e-02  -1.4210779e-01   6.7022354e-01   3.1836526e-01   1.1111874e-01   6.7940231e-01   3.0278168e-01  -1.3472615e-01  -3.9901513e-01  -9.1396559e-02  -1.0993145e-01   6.1031859e-02  -1.5153613e-01  -2.0249481e-01  -9.9825183e-02   2.0501001e-01   4.0222267e-02   2.0830527e-01  -1.3908647e-01   7.9659757e-02   2.6120894e-02  -2.5793396e-01   7.1822961e-01  -9.4896060e-02   1.6993632e-01  -1.9254229e-01   3.7130847e-03  -1.4560023e-01   6.9912631e-01   3.9363996e-01   3.3992509e-01  -2.6602040e-02  -1.0255803e-01   1.7260426e-01   7.0426618e-02  -9.5362037e-02  -1.7348099e-01  -1.2987807e-01   2.4774229e-02   2.3740905e-01   2.9051804e-01   1.6474780e-01   4.3807380e-02   7.0503663e-02  -3.1607733e-01  -4.7495893e-02  -1.2068046e-02   3.5380623e-02   5.3026643e-02  -1.2862169e-01  -3.5252219e-01   1.0038670e-01   4.0843026e-01  -2.4563230e-01   6.0873797e-01   2.7781706e-02   2.2809515e-01  -9.6112659e-02  -6.7745963e-02  -2.0177620e-02   3.5500152e-01   3.8658773e-01   1.8942585e-01  -1.9791687e-01   5.4767355e-02  -1.6099023e-01  -1.8231913e-01   3.5592014e-01   1.3750500e-02   6.5809343e-02   2.6197026e-02  -1.7941204e-01   5.4461603e-01   7.4715502e-02  -2.9372239e-01  -7.3377923e-02   2.0574438e-01   4.3185436e-01  -2.1286961e-01   5.2666287e-01  -1.3901422e-01   4.0197037e-02  -2.2958509e-01  -1.7313521e-01
  -1.9297412e-01   5.3203376e-02   3.3142157e-01   1.2630021e-01  -7.0886149e-02   0.0000000e+00   8.4058624e-02   4.8862647e-02  -1.9804450e-01  -3.4500943e-01   1.0151495e-01  -1.0074228e-01  -9.6613168e-02   4.0946893e-01   3.6963214e-01   4.9888024e-01   3.2387263e-01   4.7065433e-02   2.3294734e-01  -3.1150093e-01  -2.0066887e-01   1.5112182e-01  -1.2997442e-01  -2.2073062e-01  -3.3077678e-01   4.9505435e-01   4.1288176e-01   5.3260383e-01   6.0786626e-02   4.4098216e-01   7.4149595e-02   3.8509186e-01  -1.9643728e-01  -6.7984431e-02  -5.9172783e-02  -5.4923098e-02  -4.5073041e-01  -1.6954416e-01   3.2100656e-01   1.2131346e-01   7.0870980e-02  -4.4533437e-02  -3.1608126e-01   5.3391084e-01  -2.0827401e-01  -4.5747867e-02   5.3612322e-01  -9.3706552e-02  -1.5807076e-01   1.2820792e-01   5.2305902e-02   1.0667999e-01  -1.9508298e-01   6.6723123e-02   7.5273352e-02   6.2775511e-01   6.1558892e-01   9.7706640e-02   1.7610567e-01   1.0069138e-01   1.1981786e-01  -3.1847693e-01   3.0589170e-02   9.3855736e-03  -6.5724727e-02  -2.3544630e-01   7.1736211e-01  -1.9291361e-01   6.3564870e-01   1.9723863e-01  -9.8127649e-02  -3.4812157e-02  -1.4120243e-01   4.1194407e-01  -2.2296737e-01   8.5209855e-02   8.8027210e-02   4.0936063e-01   7.8778679e-02   6.3874559e-02   5.8419478e-01  -6.8176506e-02   1.7305925e-01   4.5760701e-01   5.2531714e-02   1.3809186e-01  -2.1327962e-01   7.3958486e-02  -3.9029738e-02  -1.7355333e-01  -1.4978509e-01   1.2747340e-01   8.6153932e-02  -3.0990476e-01  -1.2243589e-01  -3.6600900e-01  -1.4983011e-01   1.5034377e-01   3.6237007e-03  -3.1156314e-01   2.7941914e-01   2.9098713e-01   5.7222030e-01  -1.0017922e-01   1.1407111e-01   2.7818600e-01   1.6155274e-01   5.3437922e-01  -2.3699030e-01   2.5159844e-01   1.1713077e-01   5.0126670e-01  -1.8124226e-01  -1.9976448e-01   5.0731838e-01   2.3399450e-02   4.8996382e-01  -7.1895802e-02   2.5488846e-01   1.8607986e-01  -9.7578917e-02  -2.6191572e-01  -3.2650612e-01  -1.5542184e-01  -1.6561408e-01   5.5607752e-01  -1.6112383e-01  -2.9506433e-02   1.0526473e-01   1.7359320e-01  -7.9757965e-02  -1.2778432e-01   5.7457251e-02  -8.5708297e-02  -2.9404430e-01  -7.3381062e-04  -2.7765330e-01   2.1323485e-01   1.7137004e-01  -3.3975038e-01  -2.8685504e-01   6.8032132e-02   1.8908540e-01   4.6913069e-01  -4.6666148e-02  -1.5770604e-01   1.3831208e-01  -1.0364108e-01   1.3376275e-01  -1.3879167e-01   1.7369537e-01   2.5628422e-01   2.7180058e-02   9.8530167e-02   3.5778830e-01  -3.7974508e-01  -7.9171667e-02   1.8685368e-01   1.0144667e-01   7.6282475e-01  -2.8935069e-01   9.0382445e-02  -3.4203816e-01   1.2176806e-01   4.2938306e-01  -1.5560561e-01  -3.8548738e-02   4.9971285e-01   2.2956130e-02   9.9395615e-02  -7.9693943e-02  -1.5957185e-01  -1.5729536e-01   6.9857788e-01  -1.7357385e-01  -2.4034705e-01   3.4282689e-01
  -7.5369852e-02  -1.5949738e-02   1.5343134e-01  -2.5055322e-02  -1.3387703e-01   8.4058624e-02   0.0000000e+00  -1.9174493e-01  -8.1765657e-03   6.7264236e-01   4.8539754e-01   3.7618554e-01   1.7601114e-01  -9.8661410e-03   4.2366133e-01   2.9999867e-01  -2.2999628e-01   4.6637279e-01   7.3690201e-02   1.6306636e-01   4.5109041e-01   6.5844845e-02   7.8513508e-01  -1.0280688e-01  -2.0168919e-01  -1.6368581e-01   5.3758560e-03   9.4439916e-02  -1.3800343e-01   9.1501250e-02   1.2139164e-01  -1.7267824e-02   3.4825194e-02   7.6413512e-01   4.2686181e-01   5.3219709e-01   7.5889866e-02  -2.3732056e-01   1.9743516e-01   1.3101819e-01   3.6739515e-01  -1.0000994e-01  -1.8974312e-01   1.1017881e-01   1.2007594e-01  -2.7816450e-01   3.3144732e-01   6.0416737e-01  -4.2585116e-01  -3.5868371e-01   4.7475925e-01  -3.2144077e-01   5.5141016e-01  -1.6034408e-01   7.6291638e-03   2.9910330e-01  -1.7725098e-01   2.3974862e-02   2.4809917e-01   8.4202040e-02  -2.1625906e-01   2.5662257e-01  -2.9532282e-01   1.3374868e-01   6.7209471e-02   4.5730238e-01   3.1095570e-01  -1.3852154e-01  -7.5944926e-02  -1.1166967e-03   4.7047150e-01   2.8215312e-01   1.0285235e-01  -1.4894333e-01  -9.4124471e-02   2.9218176e-01  -2.3131449e-01  -1.4803418e-02  -2.9729341e-01  -1.2013145e-01   4.8610527e-01   1.3925065e-01  -9.9592764e-02   1.1259260e-02  -2.4593190e-02   2.2498220e-01   8.4115205e-02   2.8678807e-01  -1.4909703e-01  -1.6309205e-01  -4.6500971e-01  -2.5484094e-01   5.6220116e-01   3.1725266e-01  -2.2744610e-01  -7.8297181e-02   2.0286911e-01  -2.7994476e-02   9.1486574e-02   4.6925239e-01   6.7367442e-02   4.0627477e-01   3.1107795e-01   3.2364181e-02   2.0959418e-02   6.2944378e-02  -5.4203375e-02   6.3471240e-02   1.6650471e-01   3.5024189e-01   3.2681365e-01  -5.6749546e-02   7.9952851e-02  -2.2622108e-01   3.8274907e-01  -2.7026129e-01  -1.1075980e-01   3.4708248e-01   3.9705437e-01   1.8576326e-01  -3.2317204e-01  -9.2773359e-02  -1.8595395e-01  -1.5955350e-01  -3.2045629e-01   1.1141183e-01   2.8165524e-01  -3.8531755e-01   2.4165244e-02  -3.0864186e-02  -5.5986077e-02   6.0428627e-01  -4.1368454e-01   7.3951733e-02   4.6244094e-02   8.4387401e-02  -6.6794499e-02   4.7171909e-01  -1.0406640e-01  -5.6365013e-02  -2.2321333e-01   6.6478458e-02  -6.5011843e-02   2.5649407e-01   6.4202875e-01  -3.5102396e-02   8.0464101e-01   1.0992860e-01   5.1674130e-01  -1.8054506e-01  -1.3820920e-01   5.1004302e-01  -2.3814367e-01  -4.3531365e-02  -6.7802439e-02   2.4516264e-02  -2.4866860e-01   1.8776389e-01  -2.0562817e-01  -6.0121167e-02  -1.9306454e-02   2.7765624e-01   5.3641130e-01   2.0697020e-01  -7.6417940e-03   1.9562456e-01   4.7211095e-01  -1.0559976e-01  -2.1150219e-01   1.5426549e-01  -5.3659410e-01  -2.8332651e-01   2.9163465e-01  -2.3466806e-01  -2.8901638e-01  -1.9926420e-01   6.9370488e-02
  -2.7518512e-02  -1.7136704e-01  -2.6743425e-01   3.6524258e-01   8.1646796e-02   4.8862647e-02  -1.9174493e-01   0.0000000e+00   1.8469624e-02   4.7493646e-03   3.9174686e-01  -2.1279920e-01   1.6994608e-01   2.6039180e-01  -4.5567039e-02  -9.3622041e-02  -1.3906117e-01   3.2656360e-01  -2.6743560e-03  -4.8074469e-02   2.7041659e-01   3.4149673e-01  -1.7177832e-02   3.5960410e-02   1.2635075e-01   6.1654897e-01   9.6816222e-02   6.5845005e-02  -2.1609437e-01   2.0280600e-01   1.5851933e-01   5.1945713e-01  -1.3678920e-01  -9.0105901e-02   3.5559473e-02   4.4479196e-02   6.8332298e-02  -2.3396273e-01  -7.8106716e-03  -9.4210446e-02   1.8413391e-01  -3.6434770e-02  -6.9946740e-02   2.6945121e-01   1.5529017e-01  -5.5574188e-03   1.6247628e-01   3.7206626e-02   3.1243240e-01  -1.9740959e-01   3.4829455e-01   7.7239500e-01   1.0907722e-01  -1.6874079e-01   2.1917525e-01   9.8147615e-02   5.5287255e-02   3.3860863e-01   4.1627139e-01  -1.0489917e-01   1.3776260e-02  -3.1335422e-02  -1.8262751e-02   2.4204292e-01   1.5442118e-01  -1.1670750e-01   1.2453002e-01  -6.1340846e-02   2.7654696e-01  -1.8847722e-01  -1.3560107e-01   3.3102738e-01   2.6550196e-01   2.5291583e-02  -3.2406214e-03   5.0775852e-01  -4.1171033e-02   3.1543165e-01  -1.2974398e-01   4.2186497e-01   3.5703367e-03   1.4119528e-01   1.3939317e-01   3.2707284e-01  -1.2295758e-01   5.4240079e-01  -2.7307894e-02   3.4702491e-02  -1.8277038e-01   9.1027260e-02   7.6396099e-02  -8.3126963e-02   8.2073251e-02   1.0638031e-01  -1.8579556e-01  -1.3145700e-01   1.6259236e-01   3.1968906e-01   9.6183988e-03  -2.1428831e-02  -1.5219221e-02   1.1123497e-01   2.5787722e-01   3.1637298e-02   5.6327625e-01   3.5266267e-01  -9.0431283e-02   3.0251714e-01   7.8723932e-02   4.2032132e-01   1.2248734e-01   2.0079631e-01   1.0559975e-01  -1.9835205e-01  -8.1913809e-02   1.9867188e-01   2.9747724e-01   2.6428808e-01  -1.2278164e-01   3.1113415e-01  -1.0937021e-01  -1.3014708e-01  -2.6565830e-01   2.9701416e-02   1.0006679e-01  -1.2927920e-01   1.5942971e-01   1.4612937e-02   4.1603390e-01  -1.0050051e-01   1.6652846e-01  -5.1965508e-02  -7.5951836e-02   9.5752440e-02  -1.1055305e-01   6.2527141e-01   2.2310155e-01   1.0235707e-01   6.2295054e-01  -2.0167128e-01   7.0169625e-02   1.4306153e-01   4.7675459e-01  -2.1942414e-01  -8.2502108e-02   3.0690514e-01  -2.7788800e-01   1.6175902e-01   2.0262470e-01   1.0165716e-01   5.2907649e-02   1.0645465e-01  -7.9197028e-02   2.2466869e-01  -1.4207418e-01   6.7851572e-02  -7.6155157e-02   2.5870324e-01  -8.8266057e-02   3.0855700e-02  -6.8007315e-02   3.9033930e-01   1.3230267e-01   4.7108797e-01   2.7652893e-01  -3.2898301e-02   2.2743739e-01   6.9233560e-02  -5.3840773e-02   3.7297274e-01   1.1204121e-01  -2.7886653e-01   1.3406399e-01  -1.2959911e-01  -1.0477310e-02   1.6712494e-01   2.4109178e-01
  -2.6859520e-01   3.2448427e-01  -1.5428837e-01   4.7382178e-02   1.5805532e-01  -1.9804450e-01  -8.1765657e-03   1.8469624e-02   0.0000000e+00   7.9139670e-03   1.9929783e-01   6.8943095e-02   2.2608312e-01  -2.0816676e-01  -1.9669342e-01  -1.8480261e-02  -2.6004096e-01   1.3537386e-01   3.2431213e-02   2.8577472e-01   2.3176469e-01   6.8242070e-02  -6.9915402e-02  -1.2150610e-01   3.1517004e-03  -6.2897329e-02  -1.1057356e-01  -3.3091199e-01   5.7220674e-02   1.3961878e-01   2.7471454e-01   9.1319586e-03   1.8324432e-02   6.3001443e-02   1.0607606e-01   2.6091330e-01   9.5425931e-02  -2.1834250e-01   3.5380829e-01   3.9476265e-01   2.5813147e-01  -5.1331222e-01   3.3681609e-01  -1.7047949e-01   1.5607294e-01  -3.1736328e-01  -1.6523405e-02   3.6733187e-01   1.4671052e-01  -1.6466546e-01   6.0895928e-03  -1.6485912e-01   2.4552200e-01  -3.7038412e-01  -2.8966041e-03  -3.7483651e-01  -1.2999272e-02   1.2110436e-01   2.4979681e-01   1.8564081e-01  -4.2003881e-01   1.9650115e-01   5.2463992e-01   3.6813631e-01   4.0078178e-01   1.4206185e-01   7.0491309e-02   8.1228873e-02  -1.1509904e-01  -4.5901995e-01   3.9865938e-01   8.0859423e-02  -1.4446528e-01  -5.7712488e-01  -3.7910905e-02   8.0604966e-02  -3.3052179e-01   1.3900107e-01   2.1661476e-01   1.5154885e-01  -2.7322332e-01  -1.1594529e-01   2.2096179e-01   7.4830411e-02  -2.8211296e-01   2.3433674e-02   6.2135317e-01  -8.6363001e-02   5.0755334e-01  -1.4739239e-01   2.3836596e-01  -3.8772336e-01   3.4743317e-02   5.3273735e-01  -2.8288230e-01   3.6369787e-02   4.9086535e-02   4.7986353e-02   1.7785744e-01   1.6774058e-01  -3.4041466e-01  -4.1313007e-01  -9.9784051e-03   6.3931221e-01   2.6963266e-02   7.2877616e-02  -2.6705718e-01   4.4663425e-02   1.0087009e-01   1.5647653e-02  -5.9798287e-02  -2.0541018e-01   2.5624875e-01  -1.7959511e-01  -3.0880070e-01   1.9145464e-01  -1.7245919e-01   2.0237299e-01  -1.7900015e-01   9.8323548e-02  -2.4639256e-01   2.1697265e-01   2.6535698e-01   3.7601593e-01  -3.5360256e-01  -4.5677907e-02   7.9140485e-02  -1.8385357e-01   2.3744584e-01  -3.5940862e-01   2.5164870e-02   4.4212454e-01   4.0220905e-01   5.1362755e-01   3.6072159e-01   1.6641398e-01  -6.7209542e-02  -1.8251463e-02   7.7885374e-02   1.2822226e-01  -1.3635941e-01   5.4447993e-02  -5.8093856e-02  -5.3182015e-01  -7.5548654e-03   3.5426931e-01  -1.8548192e-02   3.1119271e-01  -6.0069328e-02   2.5043607e-01  -3.8878509e-01   1.5037056e-01  -1.2615632e-01   8.4955372e-02   2.5755940e-01   2.5130932e-01  -3.1864372e-01   2.9040168e-01  -3.2449354e-01  -2.3082882e-01  -8.1376338e-03   1.8471567e-01   1.3963500e-01   3.0122859e-01   2.4958835e-02   3.2656778e-01   1.2316457e-01  -2.6905063e-01  -2.5871441e-01   1.2792940e-01   1.5899277e-02  -2.9388136e-01   4.1194127e-01  -2.4914803e-01  -2.0967617e-01  -1.1042153e-01   5.2361201e-02
  -9.6067711e-02  -1.0545939e-01  -1.3634851e-01  -1.1143285e-01   3.7903809e-02  -3.4500943e-01   6.7264236e-01   4.7493646e-03   7.9139670e-03   0.0000000e+00   4.7110102e-01   3.8938505e-01   3.2510329e-01  -3.1328541e-01   5.8521855e-02   2.2155263e-02  -4.3836014e-01   5.4945265e-01  -5.0081778e-02   4.2870993e-01   5.4757580e-01  -3.9591635e-02   7.2231744e-01  -1.1158635e-01  -1.5940706e-02  -3.0106147e-01  -2.0052394e-01  -2.8377362e-01  -1.5789157e-01  -1.6795924e-01  -7.4866080e-02  -2.7430809e-02  -1.3678319e-02   7.4293943e-01   4.0397273e-01   5.5460955e-01   4.0905801e-01  -2.3445178e-01  -1.1901801e-03  -7.2820834e-02   4.0793084e-01  -1.6383205e-01  -1.0839171e-01  -2.0599435e-01   3.6610745e-01  -2.7477769e-01   3.4227926e-02   4.6867382e-01  -1.4753462e-01  -4.6757490e-01   5.9016336e-01  -1.8412805e-01   5.7190564e-01  -3.7670993e-01  -1.9484224e-01  -1.1710429e-01  -4.7350188e-01   7.6927606e-03   2.1496855e-01  -5.5112961e-02  -3.0764963e-01   5.2517840e-01  -3.4058668e-01   4.5122086e-02   1.8763740e-01   6.9655357e-01  -9.1693511e-02  -9.8292851e-02  -2.9121075e-01  -1.6240294e-01   3.3645167e-01   4.3774947e-01   2.2996480e-01  -3.7537639e-01  -6.0623074e-02   2.0513442e-01  -3.3882746e-01  -1.8195526e-01  -2.3639236e-01  -5.8927359e-02  -1.9344747e-02   2.5344379e-01  -1.1812228e-01  -2.7202423e-01  -2.2772522e-01   1.6418288e-01  -3.4018578e-02   2.1906187e-02  -1.9747972e-01  -1.4668704e-01  -2.5372675e-01  -3.8148590e-01   6.8455853e-01   4.4535878e-01  -2.5855717e-01   2.4699305e-01   2.7592049e-01  -7.0827442e-04   1.7807093e-01   5.6133867e-01  -2.7683061e-01   1.6554914e-01  -9.6931067e-02  -2.3166210e-02   3.0570812e-01  -9.1813561e-02  -2.8184096e-01  -1.7262976e-01   3.0930204e-01   4.2964219e-01   3.7733450e-01  -1.2511712e-01   9.5253260e-02  -2.4959469e-01  -8.8550423e-02  -1.2867602e-01  -2.1223701e-01   4.3166693e-01   1.6542116e-02   1.3548375e-01  -3.6120697e-01   2.2834383e-01  -1.4902986e-01  -7.3177014e-02  -2.4076840e-01  -2.8142680e-01   3.8700297e-01  -3.7332327e-01   5.6860408e-02  -2.0404226e-01   5.2961418e-02   5.3259401e-01  -5.2492176e-01   1.4560414e-01   6.6479790e-02   7.8494828e-02   1.2499426e-01   9.1759915e-02  -5.1216947e-02   3.3389278e-02  -2.0116837e-01  -5.0077453e-02   5.1223322e-02  -3.5653990e-02   5.2900080e-01   1.3063178e-01   5.0923852e-01   3.0075735e-01   6.4270946e-01  -9.7862365e-02  -3.3110435e-01   1.2966696e-01  -4.0358209e-01   3.6631009e-02  -3.4677147e-01   2.4281834e-01  -3.2946589e-01   2.2670462e-01  -3.6420014e-01  -4.1584091e-01   1.6347602e-01   3.4067329e-01   8.1662932e-01   2.7493564e-01  -1.3867839e-01   2.3144975e-01   5.1033904e-01  -4.6926485e-01  -3.2022685e-01   2.8429318e-01  -2.9064519e-01  -3.0129315e-01   4.8349931e-01  -5.6807146e-01  -1.5950888e-01  -6.3770363e-02  -1.8914850e-01
  -2.0943980e-01  -2.8315605e-01  -2.2751550e-01   2.7925108e-01  -1.6260396e-01   1.0151495e-01   4.8539754e-01   3.9174686e-01   1.9929783e-01   4.7110102e-01   0.0000000e+00  -8.8645646e-03   2.4748971e-01   5.4828297e-02   3.0318790e-01   8.3325467e-02  -4.6114878e-01   6.6307830e-01   2.7075159e-01  -5.3196933e-02   5.7323134e-01   1.1851328e-01   4.9536473e-01  -2.3621969e-01  -4.5255549e-02   2.7938451e-01   4.0115204e-02   3.9908766e-02  -2.5951523e-01   2.0183280e-01   3.3315230e-01   3.2943080e-01  -1.6164494e-01   4.1985297e-01   2.9554690e-01   3.5456598e-01   1.3217409e-01  -4.2683810e-01   1.0670434e-01  -1.0117720e-01   4.6487115e-01  -2.4892634e-01  -2.9612307e-01   3.1047967e-01   3.0594135e-01  -3.5008973e-01   4.3681268e-01   4.0406290e-01  -9.7151472e-02  -5.5000856e-01   6.7398429e-01   2.2984677e-01   5.6507189e-01  -2.6494399e-01   2.5256748e-01   3.2752405e-01   1.0668025e-01   2.2519593e-01   5.8951015e-01   1.6203986e-02  -2.5006007e-01   2.5758385e-01  -1.8411526e-01   3.1974115e-01   3.2623892e-01   1.3113377e-01   4.2042033e-01  -1.1455834e-01   3.0704236e-01  -3.3918127e-01   2.0547647e-01   5.7661480e-01   9.9171597e-02  -1.5131422e-01  -8.4624884e-02   3.6600907e-01  -2.7806847e-01   3.5996845e-01  -3.7783652e-01   2.1339468e-01   3.5834082e-01   1.3282132e-01   6.9692835e-02   2.7251671e-01  -2.2475852e-01   4.4829026e-01   1.0397759e-01   2.5602898e-01  -1.4862255e-01  -2.7092715e-01  -4.4631838e-01  -3.3306048e-01   4.2983358e-01   3.7297570e-01  -3.8271754e-01  -3.1233513e-01   2.4307533e-01   3.8715577e-01   1.0015466e-01   2.6495145e-01  -1.9519338e-02   2.9242154e-01   3.1059749e-01   2.5932973e-01   5.4938314e-01   2.6409214e-01  -4.0095654e-03   4.8389523e-01   2.6682597e-01   6.7561177e-01   2.3071402e-01   7.8990221e-02   1.8721957e-01  -4.2899557e-01   1.6939756e-01  -1.5037198e-01   1.8938542e-01   5.2274733e-01   2.2334266e-01   4.0581340e-01  -4.2389284e-01  -2.7205348e-01  -3.5099825e-01  -2.3504370e-01  -2.9911272e-01  -3.9617555e-02   3.0358922e-01  -2.5422927e-01   3.2022222e-01  -3.4529782e-01  -5.3306544e-03   5.4612555e-01  -3.2606346e-01   1.4808753e-01  -7.5113121e-02   3.2601401e-01   1.3266556e-01   4.1875495e-01   2.7132264e-01  -2.0698977e-01  -1.7943508e-01   8.6432365e-02   4.7938310e-01  -1.5268804e-02   3.0129577e-01   2.2878315e-01   3.4079177e-01   2.2738777e-01   5.7694477e-01  -5.0757405e-02  -2.6463024e-01   4.7865740e-01  -2.7141011e-01   1.7933914e-01  -3.1119885e-01   2.9092669e-02  -4.0188658e-01   4.6631984e-01  -2.9459032e-01  -5.6449597e-03  -3.9472861e-02   7.6913780e-01   4.5813685e-01   6.3797910e-01   1.9294399e-01  -4.2723675e-02   6.0880881e-01  -8.0782098e-02  -2.6196998e-01   4.2726983e-01  -2.7264033e-01  -4.6844871e-01   4.3713607e-01  -1.8559806e-01  -1.0322070e-01  -2.8136745e-02   1.4590146e-01
  -2.3081020e-01   4.8740169e-01   4.9670845e-01  -2.0285754e-01   8.8550902e-02  -1.0074228e-01   3.7618554e-01  -2.1279920e-01   6.8943095e-02   3.8938505e-01  -8.8645646e-03   0.0000000e+00  -2.0257330e-02  -3.3179881e-01  -9.4376346e-02   1.8042697e-01   1.8239207e-01   3.2275350e-02  -9.5808427e-02   3.3589658e-01   8.3898196e-02  -2.4218448e-01   1.8755257e-01  -1.7539946e-01  -2.5239200e-01  -2.0901483e-01   1.8350781e-02  -1.9576188e-01   2.7704706e-01  -1.0247531e-01  -2.5929275e-01  -1.5721249e-01   2.2717709e-01   4.2537812e-01   2.4779481e-01   3.0285906e-01   9.9135917e-02  -1.9184220e-01   1.3542079e-01   4.6463969e-01   1.3326562e-01  -9.8527922e-02   4.8505948e-01  -1.3702127e-01  -2.3398154e-02  -2.2249709e-01  -1.2429192e-01   4.1293495e-01  -2.0514223e-01   2.9923511e-01   2.7158508e-02  -3.1238662e-01   3.3629147e-01  -1.2855132e-01  -2.6809792e-01  -1.9002622e-01  -3.0105290e-01  -2.7694818e-01  -4.3976235e-02   2.2202799e-01  -1.6300732e-01   2.2791527e-01  -3.7488723e-03   1.1390208e-01  -6.0053627e-02   4.4290380e-01   1.0860067e-01  -9.3904111e-02  -2.2601849e-01  -7.4839832e-03   3.9890462e-01  -1.8837688e-01   3.1518684e-01  -2.9431967e-01   9.7904474e-02  -1.4040831e-01  -1.0217382e-01  -3.2163061e-02   1.6828203e-01  -1.3157900e-01  -2.0993442e-01   1.5785720e-01   2.8774987e-01  -1.7307348e-01  -8.0330734e-02  -2.6161750e-01   1.8430785e-01  -1.4595395e-01   1.7418786e-02  -1.8435836e-01   1.8273141e-01  -1.1035333e-02   4.8400506e-01   1.2034286e-01  -1.9978943e-01   5.0318723e-01   7.9819245e-03  -1.1512807e-01   7.4747563e-02   2.7200961e-01  -3.1690917e-01   4.1116367e-02  -1.6439482e-01  -1.6055142e-01  -8.0615224e-02   3.9883185e-02  -1.8422295e-01  -1.8452550e-01  -7.7385525e-02   6.7930060e-02   5.0628118e-01  -2.8445994e-01  -8.8602943e-02  -2.2138665e-01  -9.0107740e-02   1.0256131e-01   2.0400029e-03   2.0580275e-01  -5.5389739e-02  -2.1268574e-01  -2.0606804e-01   2.9692980e-01   2.6341926e-01   2.5052034e-01  -2.3698380e-01  -5.4575564e-02   3.2509812e-01  -2.5448426e-01  -1.7381129e-01   3.2980374e-02   1.2655592e-01   1.8491226e-01  -2.0362810e-01   1.9385182e-01  -1.9733133e-01  -2.4443058e-01   4.1131303e-02   3.1071556e-03  -3.0501399e-01  -5.0970037e-02  -1.9204762e-01   1.9158026e-02  -2.3981030e-01  -7.8491658e-02   2.0252004e-01   7.5119592e-02   5.2469930e-01   1.1608610e-01   1.0118926e-01   4.5648922e-02  -1.9404924e-01  -9.4585387e-02  -1.9597541e-01   1.5514295e-01   3.6036862e-01   3.9352233e-02  -1.5792632e-01   4.6205436e-02  -4.9235329e-02  -3.0719149e-01   1.6949745e-01  -2.6358614e-02   4.1504883e-01  -5.6117775e-02  -1.7660395e-01   3.4373461e-01   1.6299897e-01  -1.2057771e-01  -1.1511474e-01   3.3077730e-01   1.8042392e-02  -3.2691687e-01   7.3176727e-02  -2.1384165e-01  -5.3328330e-02  -6.4674290e-02  -2.1219075e-01
  -9.1686570e-02  -1.2893517e-01  -2.8132760e-01   1.8197219e-01   1.8454413e-01  -9.6613168e-02   1.7601114e-01   1.6994608e-01   2.2608312e-01   3.2510329e-01   2.4748971e-01  -2.0257330e-02   0.0000000e+00  -1.9049730e-02  -2.4889291e-02   5.4931475e-02  -3.5243646e-01   3.7403232e-01   6.2069181e-02   2.8150538e-01   1.6205331e-01   1.9957698e-01   1.3346263e-01  -4.9667712e-02   2.4893878e-01  -8.4554883e-02  -3.3355891e-02  -3.2272589e-01  -7.8758294e-02   1.2410691e-01   6.4891138e-02   2.4230525e-01  -7.5189676e-03   1.7618015e-01   1.5045084e-01   4.6279309e-01   1.9752466e-01  -2.6551431e-01   1.4213976e-01  -4.6938057e-02   6.6850535e-01  -2.9665628e-01  -1.0231829e-01   4.2049611e-03   3.1621784e-01  -2.0697315e-01   2.7330453e-01   2.9704826e-01   7.2292212e-02  -4.0919763e-01   3.9697122e-01  -2.2807350e-02   2.1821755e-01  -1.1859860e-01  -1.5654153e-02  -9.5278176e-02  -1.1010869e-01   2.7947275e-01   4.1472529e-01   1.1439892e-01  -3.6172979e-01   3.4346316e-01  -2.9737679e-02  -1.1546620e-02   2.0179543e-01   2.7779658e-01   1.0832544e-01  -1.5418887e-01   1.3948217e-02  -3.5206575e-01   1.4606662e-01   3.5973205e-01   1.5363878e-01  -1.5425216e-01   2.6484565e-01   2.5514515e-01  -2.9080452e-01   1.9850273e-02  -2.6221871e-02   1.4961724e-01  -7.5589614e-02   1.3456350e-01   1.6030580e-01   1.1724386e-01  -2.9419415e-01   1.5042360e-01  -2.5053191e-02   1.9007970e-01   1.5894203e-02  -2.5860419e-01   7.1307613e-03  -3.8157388e-01   3.1424722e-01   4.9093002e-01  -2.9705268e-01   8.7937798e-02   2.6362875e-01   7.6418399e-02   1.9947790e-01   2.2050824e-01  -2.5233667e-01  -2.0791348e-01   1.1296120e-01   2.3972800e-01   3.2601408e-01   2.4654469e-01  -2.2212316e-01   1.2796482e-01   2.0670425e-01   3.0897810e-01   1.1320840e-01   2.1654445e-02   4.1564939e-02  -1.6068779e-01  -2.3371942e-01  -1.3579262e-01  -1.1238719e-02   6.1068766e-01  -2.2109373e-01   2.9632966e-01  -2.2565387e-01   1.0397973e-01   3.5341302e-02  -6.7963375e-02  -2.7851587e-01   4.2374551e-02   9.5311659e-02   2.2918537e-02   4.0952937e-01  -3.2188006e-01   2.3789478e-01   3.8816506e-01   2.2948684e-02   1.0432092e-01   1.9033204e-01   2.8973380e-01   2.6015651e-01  -1.2920617e-01   1.2618935e-01  -5.6906511e-02  -1.2100271e-01   3.6081310e-01   1.7341877e-01  -2.8982933e-01   9.5904580e-02  -7.9668667e-02   2.5739424e-02   3.4549326e-01   3.2053187e-01  -8.4396391e-02  -3.1072613e-01   1.4547976e-01  -1.7596406e-01   1.2922935e-01  -1.3606253e-01   1.9842754e-01  -2.5783552e-01   4.1728460e-01  -3.0752977e-01  -9.8809356e-02  -8.8074020e-02   2.4468044e-01   3.5351976e-01   4.0408756e-01   1.7064832e-01   2.1104745e-01   3.1900517e-01  -2.1404733e-01  -3.0747427e-01   3.0046387e-01  -1.9190803e-01  -2.6801937e-01   2.8081688e-01  -2.5007024e-01  -3.3603238e-01   3.6070680e-02   1.8897523e-01
  -5.9861254e-03  -5.8678436e-02  -1.2005163e-01   1.8907912e-01  -1.1358080e-02   4.0946893e-01  -9.8661410e-03   2.6039180e-01  -2.0816676e-01  -3.1328541e-01   5.4828297e-02  -3.3179881e-01  -1.9049730e-02   0.0000000e+00   1.3492469e-01   9.3784642e-02   6.6138899e-02   2.9625772e-04   2.4271026e-01  -2.1834149e-01  -3.9163914e-03   4.5212194e-01   4.0409136e-02  -3.4452467e-02   6.6020603e-02   3.6064312e-01   1.4589114e-01   3.2879478e-01  -2.2279088e-01   3.5660587e-01   1.2955989e-01   3.1440790e-01  -1.1757448e-01  -2.6474015e-01  -8.7437575e-02  -1.9940815e-01  -1.6781560e-01  -9.1923565e-02   3.6079165e-02  -8.1067812e-02   2.1043622e-02   3.5281383e-02  -2.9818784e-01   4.5350436e-01  -7.1607637e-02  -1.3782542e-01   1.9526759e-01  -1.0838184e-01   1.7823722e-01  -7.2804859e-02   1.0460796e-02   3.1710198e-01  -2.0807990e-01   1.2703585e-01   1.8822243e-01   4.7071133e-01   4.5995881e-01   3.0969881e-01   7.9736457e-02  -9.3883344e-02   1.0317505e-01  -5.8271503e-02   1.4080188e-01  -1.3439644e-02  -1.3551853e-01  -2.6313108e-01   2.8482052e-01  -1.3295730e-02   4.0136118e-01  -1.6041677e-01  -1.3609372e-01   1.8863652e-01  -3.8930864e-02   3.8025532e-01  -3.4759811e-02   2.2693011e-01   7.6897470e-03   2.9001822e-01  -8.0431504e-02   3.3467601e-01   4.4907385e-01   1.7831598e-02   1.3796961e-01   4.3253951e-01   1.4373262e-02   3.0457242e-01  -6.1338978e-02   1.8878952e-01  -5.5519381e-02  -9.4600639e-04  -8.3530786e-02  -3.8670729e-02  -1.1949731e-01  -2.6489757e-01  -4.7640586e-02  -2.8282548e-01   4.2984100e-02   2.3002040e-01   1.4051989e-01  -1.7005392e-02   2.0011666e-01   6.3702340e-02   4.9097701e-01   5.8143011e-02   9.4011942e-02   3.6392095e-01   1.7120357e-01   4.4448473e-01   1.0286229e-01   7.4307846e-02  -5.7331913e-02   4.6986577e-01   1.7297152e-01  -2.1541738e-02   3.0170484e-01   9.8174069e-02   3.0717094e-01  -7.9410054e-02   5.3073871e-02   3.2330934e-01  -1.3746149e-02  -2.7982302e-01  -1.7049520e-01  -1.4382245e-01  -3.4084852e-02   5.5009535e-01  -1.0425726e-01   1.9478358e-01   2.0007875e-01  -1.8386334e-01  -1.7226989e-01  -1.0257326e-01   2.6449725e-01  -2.0686473e-01   1.2776640e-01   8.3372929e-02   2.8196689e-05   2.0467843e-01   1.1313876e-01  -1.8921224e-01  -3.5006196e-02  -1.5841383e-02   2.4056191e-01   1.6888032e-01  -7.9189030e-02  -5.8600774e-02  -3.6530161e-02  -1.0632855e-01  -1.3729224e-02  -6.0778203e-03   8.7204723e-02   3.4112491e-01  -3.3256094e-02   1.5983400e-01   1.6778337e-02  -1.5771735e-01   3.7203761e-02   6.4575744e-02   1.3258564e-02   4.9972898e-01   1.3474028e-02   1.2234333e-01  -3.0305926e-01   3.6783223e-02   3.9802498e-01  -1.4081216e-01  -6.3229953e-02   2.9762901e-01   2.6541444e-03   7.9343819e-02   5.4244571e-02   8.3215400e-02  -1.6056742e-01   3.0247233e-01  -1.3916046e-01   1.2343823e-01   4.5685250e-01
