   0.0000000e+00  -5.3687437e-02  -1.9699850e-01   7.2273202e-02  -8.7784243e-03   4.2761114e-02  -3.9046952e-01   2.4171646e-01   2.8070088e-01  -2.0330279e-01  -1.7590972e-01  -2.9561946e-01  -3.9760293e-02   1.1669122e-01  -2.8043203e-01  -1.3380388e-01   2.8356053e-02  -1.4991563e-02   2.7090075e-01   2.4507030e-02  -2.2649798e-01   5.9690758e-02  -3.0003402e-01   6.7091948e-01   1.1682991e-01   2.4071135e-01  -2.6653044e-02  -4.0876463e-02  -1.7066378e-01   1.8942402e-01  -1.3524747e-01   2.3052273e-01   1.6349707e-02  -2.1182311e-01  -1.7235693e-01  -1.4525213e-01  -3.2240600e-02   3.8147073e-01   2.2373323e-02  -1.0585449e-01   9.6418407e-02   8.1041943e-02  -1.5293035e-01  -2.0714244e-01  -8.6462486e-02   3.7536109e-01  -3.3955036e-02  -5.1698945e-01   9.5021822e-03  -9.3533480e-02   1.4243541e-01   3.9369810e-01  -3.0891932e-01   1.3017104e-01  -1.0627950e-01  -1.5064186e-01   1.8141030e-01   1.2251717e-01   2.7214783e-01   1.9144221e-01   2.8633178e-01  -8.4137438e-02   2.6000301e-01  -1.1254086e-01   1.1648094e-01  -4.1247794e-01  -4.0609549e-02   1.5433478e-01   2.8466087e-01   1.3948793e-01  -1.4970532e-01   7.2430410e-02  -4.0694125e-03   2.3739391e-01  -1.8224994e-01  -1.0496046e-01   3.9897104e-01  -1.4890048e-01   9.2902746e-02   2.9230681e-01  -9.1523211e-02  -1.2778245e-01  -9.4025004e-02   2.6248847e-01  -1.2161124e-02   7.5198084e-02  -3.1931058e-02   5.2447045e-01   2.1005873e-02   6.5898347e-01   1.4473217e-01  -2.3773813e-02  -3.9183246e-01   4.1473730e-02   2.1734283e-01   1.6488849e-01   9.1255632e-02   1.8859564e-01   3.7540132e-02  -1.0074647e-01  -1.0920476e-01  -4.0330235e-01  -3.5771061e-02   2.1099215e-01   1.4282443e-01   1.4344589e-01   3.2080204e-01   3.0701477e-01  -8.0793078e-02   3.7225751e-02  -3.2316027e-01   3.2953931e-01   2.5496998e-01   7.3541933e-01  -3.4937279e-01   9.9787124e-02   1.3698752e-01  -5.2508735e-02  -3.3060626e-01   2.4386288e-01   4.2218286e-01   7.1342053e-02   4.2999289e-02  -5.8851112e-02   5.5015331e-01   3.3947193e-01  -2.9766650e-01   3.3302713e-01   1.9123922e-01  -2.7967552e-01  -7.3644275e-03  -2.6797304e-01   1.1646835e-01  -2.7710994e-01   1.1444354e-01   1.2225816e-01   6.3704200e-02  -1.3102778e-01   3.4377166e-02   2.5907523e-01   4.4707460e-01   1.5314031e-01   2.2579123e-01  -2.6409152e-01  -2.3270982e-01  -1.6149923e-01  -3.8990255e-01  -1.5632406e-01  -3.0389259e-01  -1.1772353e-02  -8.9339619e-02  -6.7178845e-02   6.0920595e-01  -6.6232897e-02  -2.5645188e-01   4.0240255e-01   4.4862169e-01   2.5901803e-01   1.3554221e-01   1.2695157e-01   1.4209841e-01   8.8348079e-02  -1.3133315e-01   1.4563550e-01   2.7841893e-01  -5.3318701e-02  -2.0250756e-01   5.1252712e-02   6.2741935e-01  -1.9370001e-01  -7.2737339e-02   4.2007839e-01   1.0286140e-01  -2.5824851e-01  -1.1169169e-02  -6.7554107e-04   1.9769894e-01
  -5.3687437e-02   0.0000000e+00   2.4352707e-01  -3.2136336e-01   4.1517172e-01  -4.9145084e-01  -4.9297994e-01  -5.2513349e-02   1.3180062e-01  -4.2920802e-01  -3.1718876e-01   4.6221876e-02  -7.7693542e-02  -5.9399619e-01  -5.0409214e-01  -3.0796719e-01   3.2514207e-01  -1.4165256e-01   3.8558289e-02   1.2234302e-01   7.9824848e-02  -5.0915732e-01  -6.1894608e-01   1.9490990e-01   1.0341646e-01   1.3731828e-01  -1.9175415e-01  -4.2272555e-01   1.6110270e-01  -4.2788644e-01  -1.5876403e-01  -7.0729620e-02  -2.3117214e-01  -4.7976455e-01  -5.7307999e-01  -2.0614330e-01   2.2914468e-01  -1.1627952e-01  -9.3822033e-02  -7.0640141e-02  -3.8981683e-02  -1.9229096e-01   2.4469408e-01  -1.9052296e-02  -2.4894736e-01  -2.2721256e-01  -4.4478857e-01  -5.8283994e-02   3.5876615e-01   2.3041477e-01  -4.1049573e-01  -2.0111808e-01   4.0079237e-03  -5.2333934e-02  -1.4757008e-01  -5.9575883e-01  -6.1967948e-02  -7.4793943e-02  -1.1178120e-01  -4.2180339e-01  -8.9795508e-02   8.5079027e-02   2.0914715e-01   2.5140617e-01   4.8334152e-01  -2.0037083e-01  -1.2098419e-01  -7.4268069e-02  -4.2698421e-01  -6.2015558e-01   8.1492606e-01  -4.5829934e-01   3.6516987e-01  -3.9629765e-01   2.3293183e-01  -3.4825020e-01  -1.2954452e-01   9.4710056e-02   6.4546134e-01  -8.2551216e-02  -5.8212855e-01   1.4127494e-01   3.9793230e-01   2.3580838e-02  -3.0532982e-01  -5.0121910e-01   1.1476608e-01  -1.7858679e-01   2.0559432e-01  -5.3151929e-02   5.6145721e-01  -6.7126395e-02   9.0371347e-02   2.1535652e-01   6.2356719e-02   3.2390149e-01  -2.8210305e-01   1.4667425e-01   7.5550573e-02  -1.4003453e-01   1.0212604e-01  -1.8661105e-01  -4.9087005e-01  -4.0304504e-02  -4.0904642e-01  -6.1748130e-02  -1.1045720e-02  -1.4404645e-01  -1.7396160e-01   2.2379674e-01   4.2692293e-01  -3.4887006e-01  -1.8880835e-01   1.0033993e-01  -2.8401751e-01   5.2121353e-01  -2.9058166e-01   1.2054607e-01  -5.7613772e-01  -3.9771981e-01  -2.5292799e-02   4.2162712e-01   5.5958591e-01   4.9517941e-01   1.2108813e-02  -5.1161740e-01  -3.9009863e-02  -7.1165551e-02  -1.1165408e-01  -1.8071627e-01   3.0963713e-02   3.5200319e-01  -7.6437768e-02  -1.3585312e-01   4.6210578e-02  -3.1423844e-01   1.5200477e-02  -3.3688850e-01  -2.8041387e-01   2.5019881e-01   1.3248680e-01   1.0409890e-01  -3.2312535e-01  -4.9429316e-01  -5.7096455e-01  -1.3202054e-01   4.1683975e-01  -1.4048791e-01  -4.9598166e-01   4.1840411e-01  -2.3431418e-01  -4.3928580e-01  -6.2118206e-02   1.2505941e-01   5.5956093e-01   1.0688292e-01   4.2323670e-03  -1.7237616e-01  -3.1796038e-02  -4.8269147e-01  -1.1298693e-01   2.6987183e-02   6.0873357e-02  -1.1524828e-01   6.6151289e-02   5.2336322e-01  -2.6874816e-02  -3.7071611e-01  -1.7969684e-02   2.2216467e-01   3.6092664e-02   9.1775559e-02  -7.9920311e-02   3.2177824e-03  -7.4511934e-02   1.9077428e-01   8.2483593e-02
  -1.9699850e-01   2.4352707e-01   0.0000000e+00  -1.1570920e-01   2.5360876e-01  -3.7675694e-03  -2.0204892e-01  -2.5315752e-01   1.3214174e-01  -9.8257688e-02  -3.7438743e-01   4.1642540e-01   2.0420216e-01  -4.6574965e-01   1.8636016e-01  -1.2050066e-01   7.1216216e-01  -3.3786842e-01  -2.1890810e-01   3.7363220e-01  -1.7930978e-01  -4.5272805e-01  -1.1199580e-01  -2.8836506e-01   4.4288103e-02   6.9497898e-02   8.8102988e-02  -3.2086313e-01   4.2531934e-02  -3.5628639e-01  -2.6124255e-01  -1.6108037e-01  -1.0532867e-01  -2.7048679e-01  -9.8340690e-02  -3.0450719e-02  -2.1317310e-01  -2.0021370e-01  -2.1571265e-01   3.3832410e-01  -1.2146213e-01   1.6908547e-01   3.2457745e-01  -1.4172240e-01   9.5004541e-02   2.6273419e-02  -3.3185626e-01  -2.7628168e-01   2.3201107e-02   5.9216625e-01  -5.3946780e-01  -8.0679846e-02  -4.7300488e-01   2.5791980e-01  -1.4063084e-01  -1.1768333e-01  -2.5523618e-01  -1.6559246e-01  -2.7457210e-01  -2.1792633e-01   1.6254749e-01   2.3106636e-01   6.8682147e-02  -2.4947660e-01  -2.7675388e-01  -2.4358471e-02   2.4642158e-01  -9.5082043e-02  -3.2818377e-01  -2.2328334e-01   3.2526359e-01  -3.5722689e-01   1.5260232e-02   1.3369788e-01   3.9094733e-01  -1.3459981e-01   1.5095035e-01  -1.6145405e-01   2.8237544e-01  -7.3620432e-02  -1.8794220e-01  -4.0242062e-02   1.7400937e-02  -1.3102966e-01   1.8424142e-01  -2.7029117e-01  -3.5482278e-01  -2.3385767e-01   2.0767139e-01  -3.2257299e-01   3.0286029e-01   6.1668749e-01   1.8521978e-01   2.4201524e-01   9.3357634e-02   4.5928758e-01   3.0357631e-02  -1.0347913e-01   8.8948907e-02  -1.9633835e-01   4.2556853e-02   1.9456607e-01  -2.0231970e-01  -5.3737127e-02  -4.4648950e-01  -8.9246852e-02   2.5587522e-01  -3.3679980e-02   2.3425276e-01  -1.8117734e-01   6.7106917e-01  -3.8413870e-01  -6.1795204e-02  -1.3680854e-01   2.1469807e-01  -4.4263424e-02  -2.5278968e-01  -1.0680585e-02  -1.3411942e-01  -2.4134742e-01  -2.5086033e-01   6.7692714e-01   3.9098928e-01  -2.2761753e-01  -1.8228278e-01  -3.9427319e-01   5.9383718e-02  -2.9718259e-02  -7.5584217e-02   2.0033410e-01  -1.2339712e-01  -1.7200297e-01   9.5916805e-03  -5.0095482e-01   9.8754889e-02  -6.1856861e-02   4.0907280e-01  -3.4272096e-01  -3.6160360e-02  -8.2213510e-02  -9.1245412e-02   1.9145668e-01  -4.1014721e-01   1.1309158e-01   1.8748684e-02  -4.8142740e-01   5.3730936e-01  -3.0129467e-01  -1.2485942e-01  -2.6008600e-01   4.7035624e-01  -3.1696186e-01  -1.7222004e-01  -4.3199752e-01   7.2696690e-01  -2.7351905e-01  -1.1720721e-01  -3.3368991e-01   4.3422692e-01  -2.2434226e-01  -2.3457390e-01  -2.0570966e-01  -9.4555663e-02  -3.7136741e-01  -1.1409170e-01   2.3270381e-01  -1.4206320e-01  -3.2175055e-01  -1.5305711e-01   1.3913080e-01   1.3013307e-01  -2.3096080e-01  -2.5334543e-01   4.9018065e-01   1.6867533e-01   2.1342342e-01   2.3814413e-02
   7.2273202e-02  -3.2136336e-01  -1.1570920e-01   0.0000000e+00  -1.9241814e-02   3.3355352e-01   4.6691741e-02   1.9783628e-01   3.7402530e-02   7.1112018e-02   1.0861271e-01  -1.1973370e-01  -1.4819378e-02   3.2487404e-01  -6.6800294e-03   4.0742002e-01  -9.4358677e-02   3.9022357e-01   1.3388659e-01   1.7327443e-02   7.5802838e-03   3.9639221e-01   1.5540587e-01  -4.4949298e-02   1.6689514e-01   3.6428407e-01   2.2313139e-01  -3.1860724e-02  -8.0971868e-02   4.9856198e-01   1.4087797e-01   3.6092596e-01   3.3898270e-01   6.6829101e-02   2.4448353e-01   2.1138757e-01   5.1367085e-02   1.9122821e-01   2.0305626e-01  -1.5823422e-01   2.3412186e-03   1.8557859e-01  -9.7948285e-02  -5.5293164e-02   2.4059802e-01   9.8495577e-02   3.5942156e-01  -2.0595820e-01   1.5575097e-01  -2.2872045e-02   4.8404073e-01   2.3317102e-01   1.2840954e-02   2.2401405e-01   7.3189391e-02   2.4547754e-01   1.4050955e-01   1.7203099e-01   3.8112012e-01   4.0994606e-01   1.7749633e-01  -1.3408157e-01  -9.0289738e-02   1.0817008e-02   4.5349505e-02  -1.6625561e-01   3.1237914e-01   1.1107954e-01   4.6828992e-01   2.1630603e-01  -4.1783308e-01   4.2287068e-01  -4.2265003e-02   3.7413101e-01   4.3569251e-02   1.7448406e-01   2.3198736e-01   6.1944059e-02  -1.7506536e-01   2.4401312e-01   4.6460201e-02   6.2899995e-02  -2.1255188e-01   3.0404085e-01   2.7460928e-01   2.1516696e-01   5.6690089e-02   4.7599088e-02  -4.6797765e-02   1.7396236e-01  -1.4137413e-02   1.0499043e-01  -2.1001266e-01   1.2693193e-01  -1.3363160e-01  -1.6052797e-01   2.3830448e-01   2.7821466e-01   2.1284721e-01   5.3130974e-02  -1.4165625e-01  -2.2133756e-01   3.5536332e-01   4.3094391e-01   3.9658845e-01   4.2238008e-01   2.3448547e-01   4.9599735e-01  -4.4147862e-02  -3.3123008e-02  -3.7317329e-01   3.3037191e-01   3.8157891e-01   7.5304912e-02  -1.3109451e-01  -7.5965996e-02   3.9179504e-01  -5.7620883e-02   7.0245879e-02   6.9410209e-01  -1.1298979e-02  -1.2623253e-01  -8.5167955e-02  -2.0836707e-01   2.1960727e-01   2.6276200e-01   1.3870823e-01   5.6409716e-02   2.5529256e-01  -2.6337953e-01   1.7466901e-02  -2.5219627e-01   3.3478196e-01   4.5667024e-02   2.3151170e-01   3.4027042e-01   2.8789138e-01   8.0080360e-02   2.7916089e-01  -1.7923486e-01   5.5437327e-02  -5.3060888e-02   2.9486796e-01  -2.6760798e-02   1.6821141e-01   2.4329962e-01  -4.5416763e-01   9.5416886e-02   1.2058301e-01  -1.2334877e-01  -2.7399869e-02   2.1908947e-01   1.6135556e-01  -1.7817294e-02  -3.7707951e-01   3.9324798e-03  -6.8482735e-02   4.5138396e-01   1.7371918e-01   2.2975191e-01   1.3440095e-01   4.5455924e-02  -1.3778506e-01   3.7732552e-01   4.5092807e-01  -2.4262189e-01  -2.6940023e-01   2.2908586e-01   4.6883796e-02  -1.5323161e-01  -3.1593167e-02  -1.0320551e-02   2.2252027e-01  -9.8976950e-02   9.8470033e-02  -1.6716769e-01   4.2192781e-01
  -8.7784243e-03   4.1517172e-01   2.5360876e-01  -1.9241814e-02   0.0000000e+00   1.4799670e-02  -4.8091528e-01  -1.0700858e-01   2.4253637e-01  -1.3414837e-01  -8.6398090e-02   7.3434389e-02   1.2316562e-01  -1.4397433e-01  -4.5453927e-01  -2.0685743e-01   3.1580617e-01   1.1761308e-01  -5.8080765e-02   7.2589580e-01  -3.9939049e-01   8.6756459e-04  -4.5890996e-01   1.1960223e-01   2.0605673e-01   9.7078607e-02   3.9512722e-01  -2.5921828e-01  -1.1942210e-01  -1.4189505e-01  -2.8584577e-01   1.4375950e-01  -1.8492660e-01  -2.5775289e-01  -1.7656563e-01   5.4072775e-01  -2.7425432e-01  -4.2728447e-02   5.7716511e-02   1.6530297e-01   9.6447771e-02  -2.8046310e-02   4.2502510e-01  -1.8523979e-01  -2.1724964e-02  -6.8497046e-02   1.8118495e-01  -3.0036530e-01   3.3352071e-01   2.9028710e-01  -1.0207327e-01   6.2969921e-03  -2.0701912e-01   1.3143278e-01  -1.5151988e-01  -3.7367646e-01  -1.1087180e-01   6.0124804e-02  -1.2765213e-01  -2.7165791e-01   2.4271707e-01   2.6473714e-01   9.7033013e-02   1.6254409e-01   1.2470811e-01  -2.6173666e-01   2.3868001e-01  -3.6404071e-02   2.9707777e-02  -3.1777167e-01   4.2932109e-01  -1.1592994e-01   2.5466448e-01  -8.4503057e-02   3.4359696e-01  -1.2824721e-01   1.5841642e-01   2.7248866e-01   5.1036529e-01   9.6313500e-05  -3.0468314e-01   8.2327478e-03  -3.9252972e-02   1.8101347e-02  -3.1475135e-01  -1.6303245e-01  -6.5631044e-02  -8.1174420e-02   1.6908060e-02   1.6548269e-02   6.8747833e-01   2.3261485e-01   1.3942981e-01   2.1971809e-01  -8.3941227e-02   4.2551986e-01  -7.9022492e-02   5.0757530e-02   5.6331272e-01  -2.8764922e-01  -2.9878620e-01  -3.2548641e-01  -1.4019748e-02   9.4380012e-02  -2.3823569e-01   1.7627523e-03   1.2325654e-01   1.0269765e-01  -3.2355501e-01   4.3524776e-01   1.5476913e-01  -4.6243752e-02   5.6931995e-02   2.4675522e-02  -4.7772437e-01   6.6912522e-01  -1.2321001e-01   1.2146836e-01  -3.3154728e-01  -3.6076969e-02  -5.0989194e-02   5.5201237e-01   2.2175676e-01  -4.6837641e-02   4.6576989e-02  -2.0240335e-01  -5.7759605e-02   1.6947594e-01   7.3277784e-02  -7.3561409e-02   5.5592114e-02   1.8930729e-01   6.6945154e-02  -4.5580663e-01   1.9867978e-01  -2.1545809e-02   1.4337252e-01  -3.9380298e-01  -5.8108777e-02   4.5832875e-02   4.6315897e-02   3.4201818e-01  -1.2229069e-01  -2.3690862e-01  -4.0513980e-01  -2.8884060e-01   9.5742735e-02   1.8697106e-01  -1.8732116e-01   2.5802407e-01  -2.2267912e-01  -9.5727734e-02   5.8816021e-02  -3.1053236e-02   3.4003942e-01   7.1918808e-02  -1.4493039e-01  -1.5074505e-01   2.0339474e-01  -6.0483545e-02  -1.9320176e-01   1.8785830e-02  -8.0737580e-02   1.7435846e-02   7.1550929e-02   2.3594598e-01  -1.8331638e-01  -2.9411938e-03  -1.1750318e-01   2.6694700e-01   3.4028436e-01   2.1789107e-02   9.7634915e-02   2.1655702e-01  -7.6080375e-03   1.2013503e-01   4.9141246e-02
   4.2761114e-02  -4.9145084e-01  -3.7675694e-03   3.3355352e-01   1.4799670e-02   0.0000000e+00   3.5416294e-01   1.4303623e-01  -7.1217556e-02   3.7050160e-01   3.4925864e-01   3.2268428e-01   9.6579580e-02   3.2778791e-01   1.3358656e-01   4.1061174e-01  -2.7332661e-01   2.4185405e-01   1.2771277e-01   1.8162891e-01  -4.8717446e-01   4.6098160e-01   2.5337478e-01  -2.5418789e-01   1.8134836e-01   1.2540722e-01   5.5755670e-01   2.0339019e-01  -3.5505632e-01   4.7173095e-01  -3.1792020e-01   2.5265357e-01   7.6846643e-02   4.5909595e-01   5.6460171e-01   3.6238053e-01  -4.2825506e-01   2.2403325e-02   2.3769920e-01   2.6549138e-01   1.7250092e-01   2.4230477e-01   1.3546795e-02  -1.0122179e-01   8.4907815e-02   2.7468636e-01   6.2658119e-01  -2.2224079e-01  -3.5044004e-01  -1.6972664e-01   3.8638892e-01   3.3560103e-01  -6.3978550e-02   9.1268969e-02  -1.2293554e-01   5.6297366e-01   3.3095302e-02   6.7509159e-02   5.5468756e-02   2.2072193e-01   1.5353971e-01  -1.6790078e-02  -3.3466141e-01  -1.4408015e-01  -5.1554551e-01  -2.7459668e-02   5.9828791e-01   1.2689600e-01   6.8985515e-01   5.6818368e-01  -6.1792897e-01   4.6897831e-01  -2.4342510e-01   4.7900371e-01  -4.2037950e-02   1.9694263e-01   2.9968823e-01   2.0387676e-01  -4.6894053e-01   8.3444909e-02   3.5665423e-01  -4.1717253e-02  -5.1486433e-01   3.1410388e-01  -2.7244744e-02   4.0154626e-01  -1.7378785e-01  -6.7768507e-02  -1.5861724e-01   7.1028531e-02  -2.4588190e-01   2.3613040e-01   2.1145082e-01  -2.2898044e-01   9.7924518e-02  -2.9617458e-01   2.7228039e-01   2.6522137e-01   1.5504354e-01   3.0891569e-01  -5.3900732e-01   7.7924964e-03   2.8936569e-01  -7.1686085e-02   4.8777417e-01   2.6848951e-01   2.3407647e-01   5.7078068e-01  -2.2063220e-01   9.2583305e-02  -2.4705310e-01   4.2239916e-01   1.7681845e-01   3.7102418e-02  -8.7548723e-02  -1.4917098e-01   2.1336886e-01  -3.1810715e-02   3.8531580e-01   4.5462747e-01  -1.0794679e-01  -2.3806128e-01  -1.3772882e-01  -5.4888263e-01   8.9229523e-02   3.3885867e-01   9.6610076e-02  -6.8680716e-02   2.8570642e-01   1.2571341e-01  -7.5381580e-02  -1.4502570e-01   2.0222086e-01  -2.6142583e-01   1.0333157e-01   2.6991557e-01   1.5281463e-02  -9.9566940e-02   2.9233435e-01  -2.0456304e-01  -3.1281962e-01   1.4449545e-01   3.0596239e-01   4.7057411e-01   3.6629704e-01  -9.4166249e-02  -3.4171527e-01   3.0200845e-01   5.7318315e-01  -1.0762308e-01   1.1587612e-01   2.4045250e-01   2.3842675e-02  -1.1656183e-01  -4.1547094e-01  -2.4107715e-01  -2.7395985e-02   1.3715224e-01   2.5530412e-02   3.4718009e-01   9.7054311e-02   8.8439466e-02  -2.6303514e-01   1.8987017e-01   1.4743804e-01  -1.6662217e-01   1.9149266e-02   2.6574060e-01   5.0569924e-02  -1.3243077e-01   3.3654092e-01  -2.2870802e-01   2.2458131e-01   3.6055303e-01   8.9644432e-02  -1.6872668e-01   1.8863312e-01
  -3.9046952e-01  -4.9297994e-01  -2.0204892e-01   4.6691741e-02  -4.8091528e-01   3.5416294e-01   0.0000000e+00  -1.0798208e-01  -4.0712259e-01   5.0907723e-01   4.9095326e-01   3.1655887e-01  -7.4873695e-02   2.1661028e-01   5.5712233e-01   2.9181704e-01  -4.8432901e-01   8.2957803e-02  -4.2792074e-02  -3.0931436e-01   1.1218525e-01   2.7305431e-01   7.1302126e-01  -4.7301156e-01  -5.5225425e-02  -1.5476164e-01   7.7973510e-02   4.7787664e-01   4.3667357e-02   1.0226622e-01   7.7154442e-02  -1.6241438e-01  -1.3972829e-02   6.8379748e-01   4.3339303e-01   8.7856734e-02   2.1162655e-02  -1.5579493e-01  -4.1161594e-02   2.4816904e-02  -1.6398090e-01   7.8622321e-02  -1.0700019e-01   3.0495744e-01   2.8245978e-01   1.4894255e-02   2.1999485e-01   5.5544524e-01  -5.3900009e-01  -3.9398693e-01   2.8787400e-01  -1.3344391e-01   4.4767359e-01  -9.6008578e-02  -1.0588643e-01   6.3246397e-01  -9.7517643e-02  -4.4817998e-02  -1.1377294e-01   1.0276615e-01  -9.2575833e-02  -2.1044697e-02  -3.7330210e-01   9.5358767e-02  -4.1275413e-01   5.9980738e-01   6.8140599e-02  -7.3025898e-02   5.2047752e-02   4.1704489e-01  -4.6113005e-01   2.4702397e-01  -2.0001058e-01   6.5059257e-02  -2.9465184e-01   2.9529694e-01  -8.9250469e-02  -1.8289567e-02  -6.2161664e-01  -1.0852160e-01   6.7280199e-01   8.6047733e-02  -1.4020458e-01  -2.1214260e-01   6.1746620e-02   3.7100760e-01  -7.8931077e-02  -1.7269663e-01  -3.3687601e-01  -3.1940892e-01  -6.4339392e-01  -1.0399611e-01   4.5427658e-01  -4.0025270e-01   3.7056837e-02  -6.2969360e-01   4.2087640e-02  -1.9094407e-01  -1.4074080e-01   5.6016807e-01  -1.2077433e-01   5.5428900e-01   2.4668625e-01  -1.9138070e-01   2.9204437e-01  -3.6969707e-02  -2.4022877e-01  -1.4188540e-01   7.5764372e-02  -6.7662765e-02  -1.3859411e-01   3.7648107e-02  -1.2714731e-01  -3.4302288e-01   5.7018242e-01  -4.3184428e-01  -3.4622084e-02  -6.1573491e-02   5.7938061e-01   6.1510607e-02  -2.4956354e-01  -6.2102379e-01  -2.6163302e-01  -1.9412373e-01  -2.9515085e-01   1.2199278e-01   3.3899056e-01  -3.7636299e-01  -3.0637401e-02   1.6891724e-01  -1.2044773e-01   1.9040444e-01  -1.5899322e-01   3.5139630e-01  -2.0537262e-01   2.0222224e-02  -2.5775673e-01   2.9894281e-01   1.6061708e-01  -1.8844627e-01  -3.8788287e-01  -4.3103850e-01   1.1648755e-01   5.5146351e-01   5.6443165e-01   1.7135728e-01   1.3081861e-01   2.9766782e-01   6.7166880e-01  -1.6288680e-01   1.6686550e-01   2.3235591e-01  -2.3056738e-01   1.8541587e-01  -3.0103144e-01  -2.2353300e-01  -9.6979592e-02  -5.3855645e-02  -1.9612993e-01   2.4701087e-01  -6.0422777e-02  -5.2479950e-02   1.4703944e-01   4.5189625e-02  -2.9366204e-01  -1.2469469e-01   4.4572088e-01   1.4749829e-01  -2.1073353e-01  -1.7909075e-01   1.2570464e-01  -2.1139951e-01   8.7058780e-02   1.5451161e-01   4.7487295e-02  -1.1198811e-01  -2.2867978e-01
   2.4171646e-01  -5.2513349e-02  -2.5315752e-01   1.9783628e-01  -1.0700858e-01   1.4303623e-01  -1.0798208e-01   0.0000000e+00  -1.8977528e-01  -2.4885727e-02   3.3963873e-01  -3.2846133e-01  -1.1448860e-01   4.2277222e-02  -2.6789469e-01   3.9252413e-01  -3.6859014e-02   5.1731739e-01   2.8755589e-01  -3.5652491e-01  -7.9653505e-02   1.7940727e-01  -1.4115673e-01   2.9100320e-01  -1.2967900e-01   4.1338587e-01  -4.7315879e-03  -4.4736797e-02  -2.3442108e-01   2.9860523e-01   7.9677084e-02   6.1310211e-01   2.8846315e-01   1.6607202e-01  -1.2471637e-01   2.8285887e-02  -6.9346419e-02   5.3308071e-01   3.6902717e-01  -1.6267425e-01   1.9935120e-01   5.9718798e-02  -2.5473052e-01   8.8444650e-02  -2.9375851e-01   4.5655044e-01   2.8459737e-01  -2.8504940e-01  -1.5584592e-01  -1.6781193e-02   4.7969797e-01   7.2936363e-01   2.3574921e-01   1.0204720e-02   2.6643323e-02   1.9668067e-01   1.9813651e-01   3.6070606e-01   5.9846056e-01   2.2872169e-01   3.7610218e-01  -4.8424716e-01  -7.3862089e-02   3.4667873e-01   1.2696031e-01  -2.2438511e-01  -6.0646815e-02  -1.1398446e-01   3.5004081e-01   3.0273316e-01  -1.9558435e-01   1.0416094e-01  -1.9217840e-01   3.2561613e-02  -4.5000207e-03   2.4339638e-01   3.4944885e-01   1.6020288e-01  -3.3611262e-02   2.1657832e-01   4.4853580e-02  -1.0567846e-01  -1.4133107e-01   6.5635698e-01   5.6099079e-02   3.8395129e-01   9.0388971e-02   2.5264068e-01  -2.9458881e-02   4.5793838e-01   4.6073236e-02   1.2784559e-01  -1.6818146e-01  -2.1705060e-01   2.8612353e-01  -2.0332714e-01  -1.7953368e-02   4.2193994e-01  -8.4266631e-02   1.5486016e-01  -8.2274809e-02  -3.6265697e-02   1.1422323e-01   2.2962236e-01   4.9092641e-01   4.9846173e-01   1.0363993e-01   4.2969546e-01  -3.0947792e-01   2.1907337e-01  -3.4950587e-01   4.7643018e-01  -1.4652090e-01   4.0669509e-01  -2.5250212e-01   2.5272730e-01   2.4876175e-01   6.8225617e-02  -2.1446476e-01   3.4587777e-01   4.3046606e-01  -2.4762802e-01  -1.3704284e-01   1.6612224e-01   5.2581111e-01   3.2502291e-01  -9.8612020e-02   1.1940079e-01   3.5942495e-01  -9.7144912e-02   1.5772188e-01   1.2079022e-01   9.0527228e-02  -7.9122897e-02   1.7555683e-01   5.7370427e-01   2.5909872e-02   2.0488273e-02   3.8945690e-01   1.1735202e-01   1.4536445e-01   3.7070747e-03   4.7028037e-01  -1.3732365e-01  -3.4266998e-02   2.4765049e-01  -4.9025226e-01   5.3818058e-02   4.8419161e-02   4.0676648e-01  -1.4507111e-01   1.9840833e-01   4.6472425e-01   9.3164148e-02  -3.0242235e-01   2.3754599e-01   4.4458945e-01   5.2252104e-01   2.2385426e-01   1.0186269e-01  -2.3528438e-01   2.9860416e-01  -1.0341937e-01   4.1507400e-01   3.9312951e-01  -1.3036186e-01  -1.2356290e-01   1.8341586e-01   5.4939060e-01  -8.7906138e-02  -1.7142376e-02   9.8890708e-02   2.1155798e-01  -3.3745111e-02  -8.9441869e-02  -6.9329965e-02   2.1059284e-01
   2.8070088e-01   1.3180062e-01   1.3214174e-01   3.7402530e-02   2.4253637e-01  -7.1217556e-02  -4.0712259e-01  -1.8977528e-01   0.0000000e+00   2.0662120e-03  -2.4282682e-01   2.6553894e-03   1.9890799e-01  -4.1649158e-02  -1.6051276e-01  -3.5153841e-01   2.5677814e-01  -2.2576729e-01   1.9326675e-01   3.8528118e-01  -2.5931441e-02  -1.9773471e-01  -2.5391235e-01   1.2341868e-01   1.7384576e-01   1.5682572e-01   4.3928960e-03  -3.6789759e-01   2.1173901e-01  -1.0469859e-01   2.1362738e-02  -1.0405638e-01  -1.1700781e-01  -2.8701840e-01  -1.8685563e-01  -8.0478118e-02   4.8887083e-03  -2.0057936e-01   5.0186243e-02  -2.9701293e-02   2.2407074e-01  -3.7587574e-02   1.6040400e-01   4.5785339e-02  -2.2528088e-02  -7.3906775e-02  -8.0961525e-02  -1.4002630e-01   2.9340264e-01   1.8226829e-01  -2.4345137e-01  -9.8901939e-02  -2.6485802e-01   1.8608643e-01   3.1528459e-02  -2.6326079e-01   1.7949262e-01  -6.9421485e-02   2.8443937e-02  -8.7255504e-03  -9.5368502e-02   2.0412550e-01   4.2980278e-01  -1.2062776e-01   1.0918672e-01  -3.2412832e-01   1.8922104e-01   1.9045682e-01  -3.2011882e-02  -2.1981139e-01   2.3769968e-01  -9.6805428e-02   3.5253956e-01   1.1149081e-02   2.2676114e-01  -3.5924003e-01  -9.1642299e-02  -9.5958945e-02   1.4559988e-01   1.5935050e-01  -3.5562485e-01   1.5773548e-01   1.6979648e-01   5.5381549e-02  -3.6028076e-02  -4.8354580e-01   2.3216607e-01   5.5471007e-02   1.7153601e-01  -1.0481119e-02   3.1134892e-01   2.3765271e-02  -6.3665767e-02   4.7882049e-01  -1.5458114e-01   5.1021452e-01   1.9156782e-01   2.1018635e-02   1.7272992e-01  -3.1898381e-01   1.8479606e-01  -1.4086632e-01  -2.7310273e-01   2.7724562e-01  -2.0880552e-01  -6.2128836e-02   5.3605765e-02   5.6248362e-02   1.7471494e-01   1.4411679e-01   3.1897639e-01  -2.1742271e-01   3.1673824e-01   1.1743277e-01  -1.2551141e-01   1.1832766e-01  -1.6932100e-01   2.8123056e-01  -2.1540368e-01   8.7377188e-02  -2.1017136e-01   4.6138384e-01   2.2601837e-01  -7.1702717e-02   1.9826172e-02  -2.7638813e-02  -2.2502112e-01   1.2605930e-01  -5.2213907e-02   6.7271913e-03   4.5849599e-02  -1.3495652e-01   4.6145883e-03  -1.7254845e-01   2.1321432e-01  -2.7995746e-01   1.9410436e-01  -8.8574522e-02  -3.0929854e-01   1.3063342e-04   1.2591697e-01   2.4415342e-01  -3.5721911e-01  -3.1007004e-01  -3.4368429e-01  -2.3446513e-01   1.5221722e-01  -9.1394087e-02  -3.1510584e-01  -6.4378592e-02  -4.4038355e-02  -3.8957390e-02  -2.9926273e-03  -6.0396726e-02   1.2359547e-01  -7.2355913e-03  -1.5204258e-01  -1.5856485e-02   1.2590747e-01  -2.8559421e-01   2.2968349e-01  -1.2553352e-01   1.0813076e-01  -5.1207676e-02   1.1023248e-01   9.4077593e-02  -1.1139213e-01  -1.6416804e-01  -8.1993182e-02   2.0866131e-01  -1.2081037e-01   6.4649606e-03  -2.1124954e-02  -1.1798838e-01   2.4863961e-01  -2.7432165e-02   7.4707644e-02
  -2.0330279e-01  -4.2920802e-01  -9.8257688e-02   7.1112018e-02  -1.3414837e-01   3.7050160e-01   5.0907723e-01  -2.4885727e-02   2.0662120e-03   0.0000000e+00   4.8822398e-01   1.7072918e-01   1.9181504e-01   9.9925751e-02   1.8440236e-01   2.0599446e-01  -2.7452594e-01   1.3947066e-01   1.4099100e-01   1.6667411e-01   1.5279479e-02   2.3675661e-01   5.4000441e-01  -4.5323727e-01  -8.9655333e-02  -3.3573688e-02   1.9423842e-01   1.4503210e-01  -1.3670605e-01  -9.4235808e-02  -2.4919631e-02  -7.9652986e-02   9.4837629e-02   5.2295622e-01   2.3412426e-01   3.4784565e-01  -1.9403034e-02  -1.2876362e-01   2.0364250e-01   2.8922219e-01   2.2108490e-01   1.1443392e-01   2.7056539e-03   3.8779745e-01   2.0949055e-01   9.1759517e-02   3.9709672e-01   3.0357568e-01  -3.9708095e-01  -1.1448139e-01   3.0090628e-01   6.9125757e-02   1.5078369e-01  -1.4597059e-01  -2.6406029e-01   3.9984565e-01  -3.7019508e-02  -5.0492216e-02   4.4476090e-02   7.4019012e-02   9.4621981e-02   7.9659012e-02  -6.6863615e-02   4.7190723e-02  -3.9572636e-01   4.8487704e-01   1.4343829e-01  -1.0110887e-01   7.5293920e-02   2.5174178e-01  -3.0717278e-01   1.3136696e-01   9.2808212e-02  -1.6369114e-01  -9.7978522e-02   2.5946862e-01   3.5156150e-02  -2.8301659e-02  -4.9135852e-01  -3.9617262e-02   2.9869984e-01   1.8449151e-01  -4.6345666e-02   6.6364051e-02  -9.1043692e-02   2.4060172e-01   4.2734124e-02  -2.6338394e-01  -5.6933795e-02  -2.2619951e-01  -3.0817112e-01   4.2360684e-03   5.2135122e-01  -2.1030744e-01   7.0092589e-02  -1.8949708e-01   2.3952989e-01   1.5024617e-02   1.6738599e-01   4.0508825e-01  -5.8835232e-02   3.6809999e-01   1.0295124e-01  -1.2948284e-01   9.8842463e-02  -1.3899519e-01  -2.1669759e-01  -1.5384223e-02  -1.2971062e-01   1.9342393e-01   5.7629052e-02  -7.5296400e-02   1.0098816e-02  -2.1486142e-01   2.6560759e-01  -3.0447862e-01  -2.2958690e-01   1.6832175e-01   4.1626399e-01  -2.0561948e-02  -2.0214893e-01  -2.3805259e-01  -1.8203990e-01  -2.0291949e-01  -2.9490202e-01   5.2680634e-03   6.7374639e-02  -1.2589533e-01  -3.1818609e-02   4.4937500e-01   9.2434200e-02   1.7387884e-01  -2.3150252e-01   1.7235317e-01   1.1775241e-01   9.2752023e-02  -4.7453513e-02   2.2328113e-01   4.4257738e-02  -2.2529108e-01  -4.5935632e-01  -3.8160852e-02  -1.5882019e-01   3.8519160e-01   2.6863997e-01   7.9623599e-02   6.9166226e-02   3.4286434e-01   6.0538122e-01  -8.8540829e-03  -9.8179103e-02   2.8069197e-01  -2.0997505e-01   5.1050186e-02  -2.0771037e-01  -2.5011704e-01  -1.0139430e-01  -4.3072515e-02   8.3161174e-03   5.4354320e-02  -1.1312077e-01  -1.2461311e-02   4.0945886e-01   6.7012349e-02  -3.1113857e-01  -2.0171535e-01   1.7898381e-01   3.1603177e-01  -2.1116937e-01   2.3472113e-02   1.4271812e-01  -1.9851617e-01   4.8877372e-02   1.2130340e-01   1.6545245e-03   1.0400851e-02  -2.1769157e-01
  -1.7590972e-01  -3.1718876e-01  -3.7438743e-01   1.0861271e-01  -8.6398090e-02   3.4925864e-01   4.9095326e-01   3.3963873e-01  -2.4282682e-01   4.8822398e-01   0.0000000e+00   1.9420929e-02   6.4007341e-02   2.7785416e-01   1.5899174e-01   3.0411631e-01  -4.9560066e-01   5.7163798e-01   8.1566479e-02  -5.3712091e-02  -1.8131798e-02   4.7749010e-01   4.3662925e-01  -1.5372797e-01  -1.8078650e-01   2.4870748e-02   1.4356423e-01   1.8161305e-01  -1.6209299e-01   1.6782133e-01   1.0385598e-01   3.0508017e-01  -3.7087430e-02   7.0687571e-01   2.9215656e-01   4.4701652e-01  -2.8124341e-01   1.3584092e-01   2.4532222e-01   8.1276925e-02   1.9876762e-01  -1.4246809e-01  -1.0753325e-01   3.6665672e-01   3.3428268e-02   1.9449322e-01   6.9929236e-01   1.9748047e-01  -3.7870344e-01  -3.9750969e-01   6.6846533e-01   2.6434136e-01   5.0413757e-01  -2.6041848e-01  -9.4656791e-02   5.2274509e-01   2.6148776e-02   3.1459637e-01   2.4240334e-01   1.1727355e-01   9.5207208e-02  -1.4802696e-01  -2.2691702e-01   4.4149656e-01  -2.1853937e-01   2.8752084e-01  -3.8779628e-02  -9.2406200e-02   3.1043697e-01   4.1035086e-01  -4.1044547e-01   4.0860514e-01  -2.6455732e-02  -1.2078056e-01  -1.7867857e-01   3.9481871e-01   5.8102104e-02   1.9746690e-01  -6.0359366e-01  -8.9388199e-02   3.7086450e-01   6.3828038e-02  -1.8257325e-01   1.5130847e-01  -2.3456647e-01   4.7687491e-01   1.1148259e-01  -1.5122817e-01  -1.8945700e-01  -4.7346543e-02  -3.9990652e-01  -1.4330974e-01   3.4227331e-01  -3.3326879e-01   8.9703049e-02  -4.9954257e-01   2.7355484e-02   2.0559953e-01   2.1410110e-01   4.4813060e-01  -2.1941643e-01   3.1769413e-01   2.5251428e-01  -1.1222043e-02   5.0231157e-01   1.8843663e-01  -1.9443953e-01   7.8125174e-02  -2.7396915e-01   4.0932769e-01  -3.0158379e-01   3.0789353e-01  -3.8998140e-02  -1.8999483e-01   1.0230347e-01  -4.7148428e-02  -9.4925337e-02   2.2838951e-01   2.4689837e-01   1.9799313e-01   8.8787995e-03  -5.8112232e-01  -2.2152661e-01  -2.2356785e-02  -4.0585889e-02   1.7368257e-01   1.5038786e-01  -1.9312057e-01   2.9044337e-01   3.0445354e-01   8.0788935e-02   3.9227790e-01  -9.5591796e-02   2.0658485e-01   1.1107506e-02   2.5987517e-01  -3.2328269e-01   1.9526147e-01   3.4257948e-01  -4.3716719e-02  -3.4463349e-01  -1.3728379e-01   3.1036796e-01   2.2751559e-01   2.6543733e-01   3.1057211e-01  -2.7533566e-01   6.3207797e-01   6.4033885e-01   2.8794749e-01  -2.2130868e-01   2.5518098e-01  -9.9188070e-02   4.4178922e-01  -4.7107123e-01  -5.7212784e-02  -3.6964666e-02   1.3452684e-01  -1.6494376e-01   1.7384335e-01  -1.2077057e-01   3.1545778e-01   9.8395527e-02   3.9218552e-01  -1.1429957e-01  -2.2168598e-01   3.3202294e-01   2.1613938e-01  -8.1395297e-02  -1.5932079e-01   8.2044180e-02  -8.4253427e-02   4.4054737e-01   8.5928499e-02  -1.5780845e-01  -2.3811671e-01  -3.6184314e-02
  -2.9561946e-01   4.6221876e-02   4.1642540e-01  -1.1973370e-01   7.3434389e-02   3.2268428e-01   3.1655887e-01  -3.2846133e-01   2.6553894e-03   1.7072918e-01   1.9420929e-02   0.0000000e+00   2.0648030e-01  -2.9336216e-01   1.3321840e-01  -1.4015342e-01  -3.6955359e-02  -2.1809640e-01  -6.0793391e-02   2.2099533e-01  -3.9590233e-01  -4.1085619e-02  -3.9363685e-02  -4.3694420e-01   1.1335887e-01  -1.6599577e-01   7.1791305e-02  -1.3571113e-01  -1.0400948e-01  -5.5759933e-02  -5.8503311e-01  -2.0405053e-01  -3.2792419e-01   2.5240532e-01   3.8488543e-01   9.0649209e-02  -3.2978192e-01  -1.8620402e-01  -1.3211961e-01  -2.8410071e-02   1.3274617e-01  -4.5869225e-02   3.1837843e-01   2.9808266e-02   2.5702375e-03   7.9281577e-02   4.4789961e-02   1.1494230e-01  -4.2521396e-01  -2.1079447e-01  -1.7798691e-01  -1.6343731e-01  -4.3921840e-02  -1.4879798e-01  -3.7960959e-01   1.8745874e-01  -1.0662181e-01  -1.1953278e-01  -2.2223026e-01   2.8363890e-02  -1.0874618e-01   1.0212460e-01  -2.4539238e-01  -2.7294910e-01  -4.6316823e-01   9.8368533e-02   2.8647729e-01  -6.4698347e-02   7.1822998e-03  -5.1611606e-02  -2.8091852e-02   2.8166588e-02   4.2952438e-02  -4.5197475e-02  -3.5079145e-02   1.7742784e-04  -1.6241216e-02  -3.2786020e-03  -2.2194598e-01  -3.5871705e-02  -5.0937927e-02   1.5279039e-01  -2.8675792e-01  -5.7634477e-02  -1.9631557e-01  -1.4876166e-01  -2.2107678e-01  -4.3189548e-01   8.5337824e-02  -3.6578987e-01  -5.6098545e-02   1.4915795e-01   4.7807275e-01   1.1231459e-02   9.2032110e-03  -2.2603230e-01   5.2157180e-02  -1.2057071e-01   6.3316320e-02   2.5741334e-01  -3.7478097e-01   3.1568864e-01  -1.5341281e-01  -2.5035949e-01  -8.5627614e-02  -1.2732524e-01  -4.9031497e-02   3.2189636e-02  -9.7797502e-02   2.3310191e-02   4.0121063e-01  -2.3094563e-01   9.2311502e-02  -1.5028205e-01   1.0570617e-01  -1.6151706e-01  -1.6033823e-01   8.0545053e-02   1.3494005e-01  -1.3350219e-01  -2.7970218e-01   1.4062653e-01   4.0539448e-01  -4.2085259e-01  -1.0282201e-01  -3.0736785e-01   7.3929856e-02  -2.0210965e-01   7.1127219e-02   1.5951305e-01  -1.8165190e-01  -1.1468833e-04  -3.6081488e-02  -2.1782657e-01  -1.6321588e-01  -1.3053681e-01  -6.5754378e-02  -3.9288797e-01  -3.4967750e-02  -1.3807889e-01  -4.4896111e-01   2.1944806e-01  -2.0472164e-01   2.6421599e-01   1.3815087e-01  -4.7471153e-01   4.7586921e-01   1.9095762e-01   4.5128544e-01  -1.2845769e-02   7.4988008e-02  -2.0699733e-01  -3.2241398e-01  -2.2573168e-01   1.7894016e-01  -3.0906411e-01  -2.4776972e-01  -2.4379012e-01  -6.4550037e-02  -1.5561265e-01  -4.7028237e-02   7.2088358e-03  -1.9967337e-01  -6.1876134e-02  -2.9207189e-01   2.9784836e-01   2.7294780e-01  -1.7388318e-01  -2.5683124e-01  -1.6150766e-02   5.8546275e-01  -2.6871780e-01   2.5364683e-02   4.7359428e-01   1.5119388e-01  -1.2538827e-01  -1.5630420e-01
  -3.9760293e-02  -7.7693542e-02   2.0420216e-01  -1.4819378e-02   1.2316562e-01   9.6579580e-02  -7.4873695e-02  -1.1448860e-01   1.9890799e-01   1.9181504e-01   6.4007341e-02   2.0648030e-01   0.0000000e+00   2.6121369e-02   4.8592938e-02   6.3769203e-02   1.3650291e-01   8.2044738e-02   9.4882570e-02   3.4716054e-01  -1.9607682e-01   2.3205592e-03   6.5280621e-02  -3.2497866e-01  -5.2265304e-02   8.5575334e-02  -1.2160610e-03  -1.0135812e-01  -1.7459169e-01  -3.9597040e-02  -1.9235690e-01   3.0581720e-03  -1.3948317e-01   4.9964958e-03   3.2120170e-02   1.6102722e-01  -2.7199476e-01  -2.1040960e-01   3.3687659e-01   9.1451716e-02   4.6770193e-01  -1.1080273e-01   2.9761741e-01  -8.8136171e-02   4.8456175e-02  -1.1572213e-01   1.0537292e-01  -1.6449469e-01  -3.0972374e-02   7.0256094e-02   3.0921805e-02   2.4278481e-03  -1.0776801e-01   8.6120539e-02  -7.1978632e-02   5.4553238e-02  -1.4312079e-01  -9.9369522e-02   9.2346654e-02  -1.2259558e-02  -4.7624942e-02   2.6378627e-01  -3.8807091e-02  -1.0004278e-01  -2.4467171e-01  -2.4189799e-01  -1.3376540e-01  -9.2675384e-02   3.2417779e-02  -7.6686200e-02  -2.4890562e-02  -2.0173184e-03   1.4013921e-01  -5.5749224e-02   5.6746781e-02  -8.1609014e-02  -5.6995665e-02  -1.1608248e-01  -4.7359546e-02   1.1271099e-01  -2.7336928e-02   3.1072802e-01  -2.4773424e-01   1.5067288e-01  -1.6131321e-01  -5.9702956e-03  -1.1356043e-02  -1.6825570e-01   5.8618176e-02  -1.6292727e-01  -3.8398677e-03   1.0511980e-01   2.7036505e-03   2.2140102e-01  -9.8934574e-02   1.6690656e-01   3.7263348e-01  -1.2866367e-03   2.3824585e-01   1.1688743e-01  -1.7189854e-01   1.2200884e-03  -7.0760014e-02  -5.8848937e-02  -1.2779025e-02  -3.4978239e-02   3.5828489e-02   7.9948965e-02   9.3305720e-02   7.2735787e-02   1.2538401e-01  -6.9764599e-02   1.0155627e-01  -1.2867527e-01  -2.9305025e-03  -1.3902533e-02  -4.4412414e-02   5.0508849e-01   6.2077202e-02  -1.1207991e-01  -2.5277585e-01   2.0494721e-01   1.2697596e-01  -6.6433123e-02  -2.5762418e-01  -8.9642676e-02   9.9466881e-03   1.2661762e-01  -3.4731310e-02   1.5657341e-01   4.4296854e-01  -1.1909724e-01  -1.1712869e-01  -2.6311452e-01   1.3075473e-01  -9.6790396e-03   8.8941034e-02  -1.6667712e-01  -1.1262332e-01  -1.3025144e-01  -1.5276162e-01   5.7736489e-01  -1.2877526e-01   1.2078675e-01   2.5501727e-01  -1.8509010e-01   5.0314868e-02   1.0366472e-01  -2.4155580e-02   1.7511191e-01  -1.6299183e-02  -1.0349519e-01  -2.2614445e-01  -1.8988704e-01   5.9913675e-02  -3.4151778e-01  -1.7326837e-01   1.2656645e-01   2.5432453e-02  -1.1418516e-01  -4.4838818e-02  -1.6547440e-02  -3.7443221e-02   5.4520148e-02  -6.1704195e-02   1.0048197e-01   1.4495368e-01  -3.7300975e-02  -2.6526353e-02   6.4593568e-02   2.0630135e-01  -2.1234633e-01  -1.9876859e-02   1.1924308e-01   1.4889163e-01   1.5998697e-02  -2.3820856e-02
   1.1669122e-01  -5.9399619e-01  -4.6574965e-01   3.2487404e-01  -1.4397433e-01   3.2778791e-01   2.1661028e-01   4.2277222e-02  -4.1649158e-02   9.9925751e-02   2.7785416e-01  -2.9336216e-01   2.6121369e-02   0.0000000e+00   9.9379620e-02   3.3348449e-01  -4.1158511e-01   3.0712297e-01  -4.1485538e-02  -1.0520570e-01   5.4761006e-03   6.1269131e-01   3.5273350e-01  -2.3746955e-02  -1.9806251e-02  -1.7639243e-02   1.0534592e-01   5.4118702e-01  -1.3074401e-01   5.1132661e-01   2.8272895e-01   9.2371676e-02   1.9947808e-01   3.0986639e-01   3.8002429e-01   2.5131882e-01  -1.2350101e-01   3.7971188e-02   1.7737910e-01  -8.0152043e-02  -1.7612316e-02   5.2076365e-02  -2.0844582e-01   5.4642509e-02   2.0623361e-01   3.4057209e-02   4.4724522e-01   5.6001488e-02   5.3857057e-02  -2.9593776e-01   3.8973850e-01   4.4091677e-02   2.0277969e-01   2.5758041e-02   4.2385531e-01   4.2314229e-01   2.3957323e-01   6.8955356e-02   8.0633153e-02   2.1675989e-01   6.7817124e-02   1.0678097e-01  -1.9766303e-01   2.8002317e-02  -2.8339621e-02   1.6796844e-02   1.8299370e-02   2.1864281e-01   4.8558533e-01   4.7363359e-01  -5.7159029e-01   4.1831414e-01  -3.1944079e-01   4.8911722e-01  -1.7225079e-01   1.1187356e-01   4.9848231e-02   4.9257041e-02  -3.3183470e-01  -5.1669802e-02   5.1094100e-01  -1.4066129e-01  -3.1520801e-01   1.7480569e-02   3.1413889e-01   3.9372740e-01   1.7699969e-01   3.7188161e-01  -2.8722427e-01   2.0919173e-01  -2.6494144e-01  -1.0407589e-01  -1.9346293e-01  -1.5584108e-01  -1.6595236e-01  -2.7931859e-01   1.7685886e-01  -1.2336752e-01   5.6587372e-02   7.7251759e-02  -1.1945743e-01  -1.3099555e-01   5.7836116e-01   1.3872161e-01   4.3518935e-01   2.0985059e-01   1.9785259e-02   1.6277884e-01   1.1613678e-01  -2.3474045e-02  -5.3946881e-01   4.5027222e-01   1.7737691e-01  -1.2002214e-01  -5.2061199e-02  -1.2478264e-01   3.5507965e-01  -1.0745932e-01   5.5954961e-01   3.7970298e-01  -4.2759088e-02  -4.5431562e-01  -5.7090934e-01  -1.6800709e-01   8.8987133e-03   5.4789115e-01   1.5914781e-01   3.1374846e-02   2.3006971e-02  -1.1088986e-01   7.0569990e-03  -1.5272181e-01   2.5222162e-01   2.6038726e-01  -1.7762566e-01   1.6430819e-01  -1.7991553e-01   3.6501222e-01   1.0236769e-01  -2.0471732e-01   7.7993766e-02  -1.7972907e-01   3.5458644e-01   3.7080679e-01   3.0666663e-01   4.0859118e-01  -5.6407630e-01   1.9631304e-01   2.4503032e-01  -1.3066509e-01   1.3065582e-01   5.7907074e-01   8.8205550e-02   1.4840307e-01  -6.0970079e-01  -4.2375146e-02  -1.8301902e-01   1.5218314e-01  -1.7363302e-01   5.4704045e-01   3.0816174e-01   2.4870704e-03  -1.9510398e-01   1.6301107e-01   9.1300201e-02  -4.1935531e-01  -3.8054266e-04   4.4365891e-01   4.1212436e-02  -9.7268070e-02  -6.2186878e-02  -5.7740999e-02   1.6419002e-01  -1.5712684e-01  -1.5415353e-01  -2.7230142e-01   1.0602154e-01
