   0.0000000e+00  -1.7110416e-01  -1.4898252e-02  -3.1206831e-01  -1.7396489e-01  -1.3765080e-01  -2.9411286e-01  -1.8862179e-01  -2.5600498e-01  -2.0711040e-01  -1.3140479e-01  -1.9612460e-01  -2.4461468e-01   3.1008720e-01   1.3154351e-01  -1.7104896e-02  -4.7338276e-02  -1.3590514e-01  -1.3600379e-02  -1.6570466e-01   4.7407983e-02  -3.1298286e-01   3.1077507e-02   7.4197014e-01  -1.8945119e-01  -1.2951308e-01  -2.1617186e-01   4.5444998e-01   4.4194082e-02  -2.6696914e-01  -7.2682021e-02  -1.1988430e-01   1.6042227e-01  -2.3745545e-01  -1.9718597e-01  -2.9629884e-01  -4.2049398e-02   1.7348691e-01  -1.2347980e-01   3.7156254e-02  -1.7015482e-01   2.0679358e-01  -1.3834253e-01   1.0373620e-01   4.9349725e-03   3.6605684e-01  -1.6822069e-01  -1.6961222e-01  -2.0508278e-01  -9.0521645e-02  -1.8827120e-02  -1.4097560e-01  -2.2574692e-01   3.1738887e-01   1.6691525e-01  -7.4090164e-02  -4.4281184e-02  -2.1158293e-01  -1.6881800e-01  -1.5780084e-01   2.6289760e-01  -2.0951036e-01   5.5288551e-02  -1.6155894e-01  -3.4881613e-01  -1.8408116e-01  -1.9910519e-01  -9.3795524e-02  -1.4359103e-01   2.6598405e-01  -1.8237108e-01  -6.9247084e-02  -1.8893615e-01   1.0641942e-01  -9.9584901e-02  -2.1400958e-01   3.6943534e-01  -2.1509317e-01  -1.6854254e-01  -1.4473904e-01  -1.6734193e-02  -4.4007356e-02  -2.5342173e-01  -2.4008053e-01   5.4814111e-01  -1.7663232e-01   2.5610936e-02   3.1912188e-01   5.4492688e-02   7.8635260e-01  -2.4410778e-01   1.2613149e-01  -1.7048939e-01  -2.6706268e-01   3.9217346e-01  -6.3431035e-02   8.5188432e-03  -1.2444400e-01  -1.7730921e-01  -9.6924262e-02   5.7916419e-01   5.1457294e-03  -2.0111332e-01  -2.8964304e-01  -1.1392180e-01  -2.7981212e-01   3.8542840e-01  -1.3690869e-01  -1.3985474e-01  -1.3216866e-01  -1.9091116e-01  -6.3268528e-02  -1.8779901e-01   8.5696384e-01   3.4432211e-01  -2.4972472e-01  -8.7460363e-02  -1.2717625e-01   2.4525213e-01   9.7372163e-03   4.4466803e-01  -1.1768279e-01   8.4089330e-02  -1.3482588e-01   6.0499662e-01   2.8671639e-04   1.2324346e-01  -5.4931644e-02  -2.7336585e-01   3.1959345e-01  -1.2886651e-01  -2.2499246e-01   3.9175735e-02  -1.9325746e-01  -2.0251427e-01  -2.7712219e-01   3.8371169e-02   1.4788804e-01  -1.3208308e-01   6.4910110e-01   7.9685060e-01  -5.2646386e-02  -2.6299619e-02   1.2031788e-01  -1.0939597e-02  -6.4544763e-02  -1.3766706e-01  -1.7295248e-01  -8.5196589e-02   7.9229435e-02   6.6188402e-01  -4.0131614e-02   6.0987021e-01  -2.6634372e-01  -1.6472967e-01   6.8785300e-01   5.1857427e-01  -9.5594625e-02   1.7734560e-01  -1.3318951e-01   1.2203178e-01  -9.7093004e-02  -1.5580292e-01  -1.9961673e-01  -1.8715464e-01  -2.2303719e-01  -1.3561131e-01   6.2568188e-01   5.3511007e-01  -3.0263658e-01  -2.2471976e-01   1.6963698e-01  -1.7030978e-01   9.2332546e-02  -1.2448013e-01   3.8885374e-02  -2.6881406e-01
  -1.7110416e-01   0.0000000e+00   1.8458288e-01  -3.0140292e-01   2.9431007e-01  -1.1502197e-01   1.3875383e-01   3.5724014e-02   2.0715455e-01   7.5571513e-02  -1.6354312e-01   5.7222707e-01  -2.2834928e-01  -3.1192375e-01  -3.6087952e-01  -1.7810996e-01   2.1565714e-01  -2.6482042e-01  -1.2341362e-01   1.4117228e-01  -1.2808332e-01  -2.1326778e-01  -2.5862522e-01  -8.8359850e-02  -1.1702187e-01   1.7703053e-02   2.2802652e-01  -3.9858526e-01   9.8328734e-02   4.4082344e-01  -2.7248642e-01  -1.4598329e-01   2.3485300e-01   2.1279183e-01   3.9021897e-01   1.0642017e-02   1.9947977e-01  -2.6246378e-02  -9.9418647e-02   1.0292419e-01  -2.7810054e-02   9.3176667e-02  -9.3881657e-02  -3.0174676e-01   5.2352530e-02  -8.5358288e-02  -2.8991622e-01   5.5730776e-01  -1.5457840e-01   1.6962371e-01  -2.9545522e-01  -8.8548849e-02   3.8678433e-01  -7.1591893e-02  -1.8575762e-01  -4.3336349e-01  -1.5131076e-01  -2.0562524e-01  -1.4865252e-01   9.5333911e-02  -2.5251482e-01   2.8805841e-02   1.3501254e-01   2.0310958e-01   2.3956428e-01  -1.0605312e-01  -5.8823303e-02  -5.9602201e-02  -2.6182008e-01  -5.2056252e-02   5.5689624e-01  -2.8469310e-01   1.9239348e-01  -4.2889343e-02   5.4169587e-02  -6.0368808e-02  -3.2945097e-01  -1.3808575e-01   4.2755357e-01  -6.2810076e-02  -3.7698200e-01   2.4505568e-02   3.3673243e-01  -2.8112507e-02  -8.3618514e-03  -8.3652043e-02   1.8096759e-01  -2.3774829e-01  -1.1353982e-01  -1.1038704e-01   5.1198505e-01  -2.5110363e-01  -2.7340765e-01   2.8898257e-01  -1.6452004e-01   2.4825396e-01  -4.8268614e-02   3.2664084e-02  -1.4954478e-01   7.1799693e-02  -2.9853696e-01  -2.7678765e-01  -3.6504241e-01   1.6889763e-01  -2.6232400e-01  -1.4812533e-02  -1.7898746e-02   4.6888744e-02   9.0617833e-02  -1.9317212e-01  -1.6762780e-02  -2.7491341e-01  -3.1655246e-01  -1.6763272e-01  -2.5896409e-01   5.5437281e-01  -1.3633619e-01  -2.7722959e-02  -3.3302813e-01  -2.4824784e-01  -3.2077277e-01   5.2020899e-01   2.3976711e-01   3.6239445e-01  -2.0645796e-01  -1.2398607e-01   2.2043553e-02   2.3741173e-02  -1.2882763e-01  -4.0005453e-02  -5.9166535e-02   3.7242662e-01   4.6371554e-01   2.5943448e-01  -2.7943106e-01  -1.1971694e-01  -2.0048484e-01   8.5229146e-02  -1.8095242e-01   4.1943620e-02  -2.0387540e-01  -1.1256155e-01  -2.5347468e-01  -2.8519583e-01  -1.0114111e-01  -2.2313113e-01   2.8721608e-01  -1.0002753e-01  -3.3805761e-01   3.5394833e-02  -8.9793003e-02  -3.2374689e-01  -2.3406684e-01   4.7507817e-01   4.1713134e-01  -3.1831408e-02  -3.4367365e-01  -1.1621331e-01  -2.5590771e-01  -4.6886047e-01  -2.2594738e-01  -1.2090906e-01  -4.9899785e-02  -2.6399016e-01  -8.9525494e-03   6.5791168e-01   2.2997538e-01  -7.3662756e-02  -9.6671004e-02   2.2820864e-01   4.2370833e-01  -1.3457465e-01  -2.3202889e-01  -5.8018648e-02  -1.5739596e-01  -6.5780937e-02  -8.4252812e-02
  -1.4898252e-02   1.8458288e-01   0.0000000e+00  -4.5885980e-01  -1.7924443e-01  -1.7812727e-01   1.6648815e-01  -4.2348961e-02  -1.9984756e-01  -2.7324499e-01  -3.9214794e-01   7.2258050e-01  -3.4619280e-01  -1.6125339e-01   1.3642937e-02   2.7838027e-02   9.1319227e-01  -5.7497141e-01  -1.7424186e-01   8.4890611e-04  -3.4801804e-01  -3.8059652e-01  -2.8734108e-01  -7.0296883e-03  -1.9889771e-01  -1.4996607e-02  -1.5141362e-01  -1.6516951e-01  -3.8302915e-02  -3.8170516e-01  -2.9786546e-01  -3.1948530e-01   7.2571491e-02   2.3961177e-01  -3.4589061e-01  -1.8132480e-01  -2.9701034e-01   1.0287200e-01  -1.0997090e-02   6.0199829e-01  -3.2249164e-01   3.0843991e-01  -6.3495800e-02  -2.1385555e-01  -3.7702604e-01   5.6910673e-01  -4.5697177e-01  -1.1448291e-02  -1.8261522e-01   7.3878990e-01  -6.2971012e-01  -1.4894613e-01  -1.9510481e-01   3.9548541e-01   2.0529444e-01  -9.6324003e-02  -2.6606636e-03  -4.0640215e-01  -4.6409631e-01  -1.8454020e-01   3.3361190e-01  -4.0302146e-01   1.3277098e-01  -3.5066698e-01  -4.8691609e-01  -4.8355726e-01  -2.1877217e-01  -3.0844717e-01  -3.7504445e-01   5.6462317e-01   5.9563363e-01  -5.9856751e-01  -1.2179659e-01   4.7153211e-01   6.2201248e-03   1.2328234e-02   2.4469302e-01  -2.4277152e-01   3.8980962e-01  -2.4869820e-01  -1.1290506e-01   4.8447925e-02   2.0984662e-01  -4.7865954e-02   1.9985578e-01  -7.1694615e-02  -4.1425481e-01   2.0610183e-02  -1.9733009e-01  -1.9179609e-01  -5.7813494e-02   6.7482304e-01   9.1581306e-02  -1.7517853e-01   2.0874048e-01   3.4836783e-01  -3.0974463e-01  -6.3800944e-02  -3.8503413e-01  -2.9280864e-01  -7.1708306e-02  -1.9696139e-01  -4.8415721e-01  -1.9382601e-01  -4.5990852e-01  -1.2744864e-01   3.5383982e-01  -1.9504747e-01   9.7094748e-03  -4.7126966e-01   5.3917434e-01  -4.7924701e-01  -5.5807986e-01  -1.3188554e-02   4.0197292e-01   5.3913810e-02  -1.4543149e-01  -2.9700892e-01   2.7545905e-02  -3.6174523e-01  -6.9055578e-02   3.5646540e-01   3.9180838e-01  -3.9562562e-01   1.3133917e-01  -1.7343049e-01  -4.1576935e-01  -1.5212329e-01  -2.7358110e-01   4.4148326e-01   3.5534917e-02   1.5123599e-02   7.9983450e-02  -1.9685148e-01  -2.1479760e-01  -1.4955545e-01   1.9675236e-02   1.4972781e-01  -3.7996448e-01   1.9862462e-02   1.2255618e-01  -2.4544011e-01  -4.0768067e-01   4.0478432e-01  -6.8812252e-02  -4.3404795e-01   7.1575958e-01  -3.6636051e-01  -4.4433257e-01  -4.2453701e-01   3.2901110e-01  -4.0080731e-01   5.4694224e-03  -1.1200835e-02   7.9853016e-01  -1.4834879e-01   9.3757870e-02  -3.1946866e-01   5.4467726e-01  -4.5206820e-01  -4.2439233e-01  -2.7158558e-01  -3.9665765e-01  -5.4652286e-01  -2.5889973e-01   2.8902770e-01   2.5337279e-01  -4.6850484e-02  -4.6415691e-02  -1.4049453e-02   3.1368322e-01   1.5569679e-01  -5.2904233e-01   3.4982214e-01  -1.2900809e-01  -7.6875109e-02  -1.8575479e-01
  -3.1206831e-01  -3.0140292e-01  -4.5885980e-01   0.0000000e+00   2.9973176e-01   3.0151866e-01  -2.0680963e-01   1.0911683e-01   4.4520898e-01   3.5643520e-01   1.8315625e-01  -4.7364629e-01   4.7741167e-01  -2.5274039e-01  -4.8632235e-02   2.2032087e-01  -5.3336859e-01   6.9389188e-01   1.5313535e-01   2.2725082e-01  -1.7673494e-02   6.0088295e-01  -7.9123703e-02  -3.4070473e-01   4.1247103e-01   7.3500802e-02   1.4263477e-01  -1.7230562e-01   1.8746038e-02   2.3704012e-01   1.2505283e-01   6.1423200e-01  -9.7841066e-02  -3.0799114e-01   1.2060141e-01   3.4009827e-01   1.3053716e-01  -4.6649658e-02   1.1307001e-01  -5.5543857e-01   4.7744596e-01  -1.9107519e-01   4.5206855e-01   3.9623387e-02   3.7498052e-01  -4.7539086e-01   4.2624913e-01  -3.4040420e-01   4.5733397e-01  -4.4890125e-01   5.8807699e-01   2.3181126e-01  -3.0559338e-02  -2.7343756e-01  -5.1977291e-01   2.0627973e-02   9.5719101e-02   7.1153532e-01   6.8394338e-01   2.9975871e-01  -1.8807033e-01   5.6465495e-01   1.1488555e-01   1.9544742e-01   5.8778648e-01   3.7099500e-01   2.8940425e-01   4.1689371e-01   5.3989731e-01  -5.3615712e-01  -4.5728646e-01   7.5165866e-01   2.9665034e-03  -3.2738595e-01   1.9880326e-01   4.1176597e-01  -2.1284672e-01   3.3335602e-01  -3.5043458e-02   5.4395513e-01  -1.5053294e-01  -2.0289819e-01  -1.6743490e-01   5.4302800e-02  -4.7897030e-01   4.7270633e-01  -9.6512928e-02  -2.3207821e-01   2.2738996e-01  -2.4080860e-01   1.9496455e-01  -1.4181327e-01   6.2984776e-02   4.6524179e-01  -2.2995295e-01  -5.0247865e-02   5.1264504e-01   4.8008200e-02   6.2944071e-01   1.0515389e-01  -3.6738174e-01   9.4339703e-02   4.2085331e-01   4.0510069e-01   6.0968735e-01   5.7350414e-01  -4.3553415e-01   1.6381604e-01   2.3284756e-01   4.3586290e-01  -3.2027917e-01   4.0807370e-01   7.4415471e-01  -3.1537886e-01  -4.5118999e-01   1.5197811e-01   4.9959590e-02   3.1507396e-01  -1.0013208e-01   6.1189815e-01  -9.3215869e-02  -1.6565285e-01  -2.1842878e-01   4.4753843e-01  -2.2583681e-01  -2.3575837e-02   1.0525551e-01   2.3983278e-01   7.3580435e-01  -5.1417511e-01  -6.8313170e-02  -2.4862699e-01  -2.8138745e-01   6.8771420e-04   6.7039684e-01   4.6189095e-01   3.3309414e-01  -5.3045805e-01   4.6921786e-01  -2.5351657e-01  -4.0155373e-01   3.0782811e-01   2.4898658e-01  -1.9630105e-01   4.9481094e-02   4.4391273e-01  -5.8111740e-01   5.2302904e-01   3.7131474e-01   1.3270050e-01  -4.8480454e-01   8.3169160e-02  -5.5941864e-02   5.6039250e-02  -5.0533442e-01  -1.9563515e-01  -1.8942620e-01   6.0887007e-01  -2.0071096e-01   3.6452021e-01   4.3780945e-01   2.9836214e-01   4.0193607e-01   6.9044432e-01   5.7745766e-01  -2.6310897e-01  -3.4334459e-01  -2.8281797e-01  -2.0473896e-01   6.7790619e-03   1.1435797e-02  -5.4693449e-02   6.7560239e-01  -2.4173675e-01   3.7970460e-01   2.0495781e-01   5.3450536e-01
  -1.7396489e-01   2.9431007e-01  -1.7924443e-01   2.9973176e-01   0.0000000e+00  -1.7588444e-02   1.0872643e-01  -1.0349749e-01   1.2894663e-01   5.7414043e-01  -1.7971777e-01   2.2552284e-02   3.4633640e-01  -4.0389639e-01  -4.0079584e-01   2.5162998e-01  -2.2437995e-01   3.0371805e-01  -4.8890135e-02   8.5403840e-01   4.7497126e-02  -1.4730191e-01   3.8241944e-02  -5.6065582e-02   9.6879029e-02  -6.2649576e-02   3.8156584e-01  -4.0115955e-01   1.8133840e-01   1.3467969e-01  -3.9429799e-01   1.2257665e-01   1.1897406e-01   2.9764451e-02   2.5854500e-01   6.3133252e-01   2.9651628e-01   1.1965232e-01   2.0455086e-01  -1.1386847e-01   3.6979424e-01   1.0618463e-01   2.6125967e-01  -3.8097122e-01   4.8229191e-01  -1.4954294e-01   1.1176240e-01   1.8622454e-01   3.6382849e-01  -1.7485428e-01   2.5934929e-01  -6.8124249e-02   2.5557863e-01  -2.4477643e-04  -4.6036117e-01  -3.7563830e-01  -2.4022474e-01   1.3122273e-01   2.2019708e-01  -4.1500084e-02   5.0078670e-02   6.4102590e-01   2.2709259e-01  -1.6108465e-01   3.4354437e-01   4.0059742e-01  -7.5481547e-02   2.7111317e-01  -1.7335908e-01  -2.5161411e-01   3.8674998e-02   1.8371778e-01   4.1044873e-01  -2.6242001e-01   2.4503513e-01  -1.1685080e-01   5.3092005e-02   1.0142896e-02   3.5774943e-01   1.4680333e-01  -3.7696609e-01   2.5395986e-01   1.0702880e-01  -2.1871758e-01  -3.0574091e-01  -1.1202012e-01  -1.3837682e-01  -2.1232585e-01   2.2045082e-01  -1.4223917e-01   4.6265287e-01  -8.6712283e-02   2.2431193e-02   3.1310503e-01   6.1171555e-02   4.6125735e-01   2.6454198e-01  -1.7475483e-01   3.9858617e-01   4.5781610e-01  -5.0512784e-01  -3.4851731e-01  -1.3369815e-01  -9.4670225e-02  -2.1358748e-02   1.5892635e-01  -1.1231433e-01  -2.3166024e-01   5.4546554e-01   1.8281270e-01  -2.0207031e-01  -1.3034559e-01   1.9619357e-01  -1.1713724e-01  -5.0689522e-01   6.9303485e-01   2.8909952e-02   3.2697950e-01  -4.3819358e-01   1.4923691e-01   9.4058561e-02   5.0070594e-01   1.8691843e-01   4.3640037e-01  -1.9358127e-01  -2.4512503e-01   2.5734487e-01   1.8023635e-01   5.9871622e-02  -3.0632120e-01  -1.1124242e-01   9.4562699e-02  -1.7105066e-01  -1.6482193e-01   9.1917684e-02  -1.6829095e-01  -1.7968184e-01  -4.9719894e-01  -1.0211782e-01  -8.0861080e-02  -2.2677063e-01   3.4129853e-01  -2.1897634e-01  -4.9382553e-01  -6.3088131e-02  -1.2599773e-01  -1.7160416e-01   3.8612982e-01   1.3140073e-01   3.4990584e-01  -4.2683355e-01  -2.5932118e-01   9.3566723e-02   2.3060564e-01  -1.1824731e-01   6.0380822e-02   2.5372991e-02   2.7605033e-01  -5.2359716e-03  -1.8494985e-01   1.6518381e-01  -1.9866881e-01   5.9431762e-01   9.8114690e-02   1.9466251e-01   3.5717820e-01   2.9473195e-02  -6.0105387e-02   1.3869907e-01   2.9987930e-01   4.9764420e-01  -1.8428920e-03   2.4678750e-01  -3.6186100e-01   1.0056471e-01   8.0359644e-02  -1.1251076e-02
  -1.3765080e-01  -1.1502197e-01  -1.7812727e-01   3.0151866e-01  -1.7588444e-02   0.0000000e+00   1.6388741e-01   4.3538987e-01  -5.9301138e-02   1.8153314e-01   1.5715460e-01  -2.3287827e-01   1.0342512e-01  -8.8483794e-02  -4.2728712e-02   2.0685181e-01  -2.2732513e-01   2.2067998e-01   3.5823099e-01   2.6830740e-02  -2.4119151e-01   4.7607641e-01   1.3502869e-02  -2.6711909e-01   1.0329308e-01   4.5663561e-01   4.3326097e-01   9.3881830e-02   3.7898469e-02   1.8029004e-01  -2.1599071e-03   3.2347811e-01  -7.6116487e-02  -8.5357556e-02   3.7406427e-03   2.8483506e-01  -6.4456064e-02  -2.2225924e-01   1.8829043e-03  -1.3204568e-01   1.2336266e-01  -1.4150864e-01   1.3066460e-01   3.3960141e-01  -4.8340988e-02  -4.3471634e-02   4.4581579e-01  -5.6303268e-02  -1.5772804e-01  -3.1278255e-01   1.9918429e-01   3.9635381e-01   6.7098597e-02  -4.3561289e-01  -2.2895253e-01   1.7064143e-01   5.0484669e-01   4.0597573e-01   2.9278607e-01   2.3904819e-01  -2.6414282e-01   2.0284449e-01  -2.7294771e-01   1.5940320e-01  -2.4090775e-02   2.7623950e-01   8.5056334e-01   1.3261278e-01   6.0941202e-01   8.9151799e-02  -2.8372646e-01   1.7838073e-01  -2.8210951e-01  -9.9584969e-02  -1.5595407e-01   4.2773394e-01  -1.1355922e-01   3.8778813e-01  -1.6863660e-01   8.0753457e-02   2.3318054e-01  -2.4353278e-01  -1.8295699e-01   5.2342850e-01  -5.4836514e-02   3.9829016e-01  -2.9687633e-02  -2.5351423e-01  -9.6300421e-02  -1.5836998e-01  -2.1091564e-02  -2.9693951e-02   1.4720812e-01   1.8955793e-02  -2.8852499e-01  -2.4917296e-01   5.3025982e-02   3.8545034e-01   9.6406769e-02  -4.3167765e-02  -1.3538690e-01   3.1179568e-01   3.4587514e-01   1.5395261e-01   3.0392957e-01   3.8547768e-01  -2.6699163e-01   5.5859054e-01  -1.3946766e-01   3.1664147e-01  -1.2519021e-01   4.7213177e-01   2.0736408e-01  -1.1788910e-01  -1.1788673e-01  -1.4921064e-01   2.8178887e-01   5.1990560e-02   7.9183293e-02   2.8613179e-01  -1.1857502e-01  -2.4426953e-01  -2.3244320e-01  -7.5789805e-02   4.8088262e-02  -2.3712219e-02   6.9967770e-02  -1.1804915e-01   3.2243919e-01   7.4427516e-02  -2.3403507e-02  -1.4744178e-01  -1.8023044e-01  -1.1960026e-01   2.5908315e-01   6.3122793e-01  -2.0082100e-01  -1.7141371e-01   6.4044322e-01  -1.5649473e-01  -1.9223125e-01   2.6710541e-01   2.5601811e-01   1.5372609e-01  -1.4125147e-01   9.9591142e-02  -2.8584524e-01   2.4091032e-01   2.6544275e-01  -6.7097101e-02  -1.1050397e-01   3.3469952e-01  -1.3880269e-01  -2.1926602e-02  -1.1206157e-01  -1.0680022e-01  -1.8572542e-01   2.7395073e-01  -1.5372207e-01   4.4013881e-01  -6.0645906e-02   2.7645213e-01   2.5343737e-01   2.0911111e-01   4.9705924e-01  -2.7008836e-01  -1.4133752e-01  -1.2130736e-01  -1.1332191e-01   1.4555256e-01  -1.3750703e-01  -1.6955170e-01   1.1037587e-01   4.3231307e-01   1.0140355e-01   3.8901194e-02   5.3263685e-01
  -2.9411286e-01   1.3875383e-01   1.6648815e-01  -2.0680963e-01   1.0872643e-01   1.6388741e-01   0.0000000e+00  -2.2883686e-01  -2.8920617e-01   2.7724692e-01   1.9816715e-01   4.0227150e-01   1.3311518e-01  -1.1392806e-01   8.3215495e-02  -4.3228125e-03   1.1559456e-01  -6.7947490e-02  -1.9730935e-01   2.3006894e-01  -4.3818300e-03  -8.8994694e-02   3.7027250e-01  -3.2828459e-01  -2.5734041e-01  -1.6558491e-01   3.9254585e-01  -1.5456449e-01   6.4867042e-02   1.3712204e-01  -2.6160869e-02  -2.7813030e-01  -1.0735262e-01   6.9474033e-01   2.4931874e-01   3.6727668e-01   2.2757693e-01  -3.0838243e-01  -1.9951462e-02   2.3639916e-01  -8.5213021e-03  -1.6610497e-01  -1.5375429e-01  -1.4200439e-02   1.3276583e-01   6.8256491e-02   1.9943184e-01   5.7122736e-01  -1.0127865e-01  -1.9118499e-02  -5.4267068e-02  -3.0498121e-01   3.5533748e-01  -2.0415922e-01  -6.1828965e-02   2.4237159e-01  -1.6753700e-01  -2.9931620e-01  -7.5086627e-02   3.5110766e-02   4.9454370e-02   9.2079110e-02  -3.2842102e-01  -2.3181979e-01  -2.1205039e-01   4.2455983e-01   4.9468985e-02   5.6555734e-02  -2.0691985e-01   4.2627255e-01   5.1864662e-02  -2.7498968e-01   9.8252133e-02   2.7123994e-01  -3.3708300e-01  -1.8673513e-01  -1.3979192e-02   2.1845198e-01  -2.6771183e-02  -3.3612558e-01   3.7191467e-01   6.9395531e-02   1.3491849e-01  -8.4587603e-02   9.1360705e-02  -2.9202554e-01   2.0981474e-02  -1.8383161e-01  -1.5233547e-02  -3.7973446e-01   3.4239294e-02   1.0649520e-01   5.2888133e-01  -2.7961792e-01  -1.6016716e-01  -2.0882744e-01  -3.4395292e-01  -2.4042724e-01  -8.0877369e-02   2.6464493e-01  -1.7830167e-01   1.4812110e-01   1.6260762e-01  -3.1505760e-01  -2.4270862e-01  -1.2320302e-01  -1.2969998e-01  -2.5091026e-01   2.8167653e-03   2.2970153e-01   4.3030617e-01   9.5154923e-02  -2.0114377e-01  -3.0126091e-01   1.2233203e-01   1.4068350e-02  -1.5285031e-01   5.1468583e-03   5.7321538e-02  -2.4449787e-01  -1.8726472e-01   2.2128823e-01  -8.4122818e-02  -3.7454595e-01  -3.2289129e-01  -6.9183159e-02   1.8561362e-01  -4.8023050e-01  -1.6204172e-01   3.3079621e-01   1.4580925e-01   5.2261485e-01  -3.3252533e-03   4.8166389e-03  -3.0506770e-01  -2.1687057e-01  -5.2074014e-01   1.2316832e-01  -2.5801611e-01  -4.5470018e-01  -1.6065914e-01   4.9309909e-02  -9.0478230e-02   2.9731234e-01   1.9271538e-01  -2.4451901e-01   4.1246085e-01   1.4209213e-01   2.2638806e-01   6.1428766e-02  -5.6235260e-02   1.4304218e-01  -1.8693478e-01   9.1161128e-02   2.4630410e-01  -3.7645932e-01  -1.1060161e-01  -7.1025761e-02   4.0913368e-02   1.4153515e-01  -3.4136900e-01   7.0386508e-03   2.7214625e-01  -7.0079452e-02  -3.1824090e-01   2.9045565e-01   5.5212672e-01  -2.0000488e-01  -1.3984221e-02   2.8919911e-01   2.8899250e-01  -2.5873501e-01  -4.1937321e-02   2.7415936e-01  -3.2485569e-01  -2.7761689e-01  -1.7219448e-01
  -1.8862179e-01   3.5724014e-02  -4.2348961e-02   1.0911683e-01  -1.0349749e-01   4.3538987e-01  -2.2883686e-01   0.0000000e+00   3.0519681e-01  -5.0380665e-02  -1.0413988e-01  -1.3530360e-03  -1.2797398e-01  -1.0871190e-01  -2.3908786e-01  -6.2156727e-02   2.9899369e-02  -1.0701882e-01   5.6642127e-01  -8.0027655e-02  -2.5898022e-01   2.5229645e-01  -2.4531075e-01  -8.0309828e-02   5.3620300e-02   8.0247369e-01  -9.4543784e-02  -7.4282322e-02  -1.1371770e-01  -1.0445643e-01  -1.5270723e-01   1.6592578e-01   9.1612389e-02  -2.7201525e-01  -2.3877379e-01  -2.0495575e-01  -2.1780330e-01  -1.2647304e-01  -1.4405987e-01  -1.2795460e-01  -5.6694594e-02  -1.2931021e-02   2.4124795e-01   2.8140054e-01  -4.7535923e-01  -2.8819233e-02  -1.8141349e-01  -1.6651030e-01  -1.2581450e-01   6.4807254e-03  -1.4141775e-01   8.2393180e-01  -8.8209291e-02  -1.2064677e-01  -1.0549978e-01  -7.8755302e-02   4.2011485e-01   3.4206133e-01   7.3193397e-02   3.5614618e-02  -2.9075639e-01  -1.4448517e-01   6.5227211e-02   3.1919446e-01  -2.2776421e-02  -2.6136778e-01   4.8868925e-01  -1.1264115e-01   2.5600678e-01  -3.2934652e-01   1.3483788e-01  -9.0315345e-02  -1.6681600e-01  -3.9351522e-01   2.2616936e-01   4.9452280e-01  -2.1785387e-01   1.0291926e-01   1.1135164e-01   1.3369184e-01  -1.2070252e-02  -1.5456370e-01   3.3977761e-02   7.5557989e-01  -3.2651728e-01   4.1005543e-01  -1.0965487e-01  -1.4813121e-01  -8.2962466e-02  -8.3864619e-02   1.6366405e-02  -7.4982664e-02  -1.9014062e-01   2.7186926e-01  -2.4052856e-01   9.1104328e-02   6.9915879e-02   8.6170872e-01  -1.0695699e-01  -1.7178896e-01  -2.6266559e-01   1.5387018e-01  -8.9004050e-02   3.5005670e-01   1.3252167e-01   3.1216916e-01  -5.6125481e-02   8.0660001e-01  -9.9566492e-02  -1.8408662e-01  -6.4862259e-02  -9.8285723e-02   3.9618522e-02  -9.8914909e-02  -2.0191979e-01   7.0038995e-02   4.2642433e-01  -4.9154400e-02  -2.8451911e-01  -3.4511661e-03  -5.5360567e-02  -4.6886578e-02   1.5619639e-02   1.0040349e-01   1.7770829e-01   1.7131886e-02  -3.5528415e-01   2.6351844e-01   2.6372954e-01  -3.5862655e-01   5.6010861e-02  -1.5744969e-01  -2.7058018e-02  -8.4986695e-02   3.5764274e-01   6.9482610e-01   8.2099009e-02  -1.6988109e-01   6.1939101e-01   3.8390075e-03  -2.7956668e-01   5.0939165e-02   1.0375587e-01  -2.6541924e-01  -3.1363870e-01   1.5426403e-01  -3.5330835e-02  -1.5891556e-01  -2.6284719e-01  -2.8555080e-01  -1.8613645e-01   1.6524420e-01  -2.5431568e-01   2.0411376e-01   1.3406569e-02   3.5729283e-02  -2.2927797e-01   6.1437140e-02  -1.5964235e-01  -8.1285596e-03  -1.2703372e-01   1.4585736e-01  -8.6282320e-02  -1.3391109e-02   4.9238960e-01  -3.2343196e-03  -1.3531603e-01  -2.0669592e-01  -3.3518960e-01   1.0959513e-01  -1.8973189e-02  -1.6792609e-01  -1.9037193e-01  -1.7873883e-01   1.9501892e-01  -1.7043673e-01   4.5667685e-01
  -2.5600498e-01   2.0715455e-01  -1.9984756e-01   4.4520898e-01   1.2894663e-01  -5.9301138e-02  -2.8920617e-01   3.0519681e-01   0.0000000e+00   1.0781813e-01   1.2584062e-01  -5.6565476e-04  -8.7434381e-02  -3.2069994e-01  -2.8770841e-01  -1.1387459e-01  -1.8986078e-01   1.7367520e-01   1.3434029e-01   5.6756069e-02  -2.3141246e-01   3.6240558e-01  -3.0646830e-01  -1.5219328e-01   1.6037474e-01   2.3538304e-01   6.6717251e-02  -3.1685068e-01  -8.2023552e-02   3.4477651e-01  -8.4699792e-02   2.3973995e-01   3.0272746e-02  -1.8784151e-01   1.9075721e-01  -1.3700268e-02  -7.5973727e-02  -9.7740575e-03  -4.1420143e-02  -4.3511816e-01   5.4652536e-02  -1.5788002e-01   3.6045857e-01  -8.4014042e-02  -4.4747754e-02  -3.0949134e-01  -1.5164333e-02  -1.1969311e-01   4.0368321e-02  -9.3497440e-02   1.0866526e-01   3.5799875e-01   1.6766597e-02  -1.8320785e-01  -2.8657277e-01  -2.5791528e-01  -1.9433004e-03   3.7320726e-01   2.7729422e-01   2.6776890e-01  -2.4268700e-01   1.2327723e-01   2.6124042e-01   4.9944075e-01   5.0933941e-01   1.0157381e-03  -3.3941856e-02   2.1059119e-01   2.1821161e-01  -5.4308640e-01   2.8088710e-02   3.1899251e-01   4.5421369e-02  -4.3582580e-01   1.3904285e-01   3.7316725e-01  -3.5038709e-01  -7.0677551e-02   1.9853812e-01   4.0097333e-01  -2.7002091e-01  -1.2125736e-01  -7.3801192e-02   1.5862750e-01  -4.6513552e-01   3.3747045e-01   1.4992985e-02  -1.9661481e-01   1.0870790e-01  -2.1673685e-01   2.9981688e-01  -2.4109978e-01  -2.6314814e-01   7.2699530e-01  -1.6872453e-01   4.2946715e-02   2.9169215e-01   2.3962615e-01   2.7993976e-01  -1.4994264e-01  -3.5241203e-01   3.0350914e-02  -2.2498806e-02   7.5656476e-01   2.4805555e-01   3.1623180e-01  -2.9313956e-01   2.7478345e-01  -1.2434283e-01   1.8805119e-02  -2.8888482e-01  -6.5172999e-03   2.5412553e-01  -2.5868532e-01  -4.6555997e-01   3.4848761e-01   1.1408236e-01   1.3092073e-01  -2.8740769e-01   1.5281909e-01  -1.1722589e-01   1.2268034e-01  -6.3212925e-02   5.9842401e-01  -1.1599586e-01  -4.1319940e-02  -1.0443002e-01   3.5034761e-01   4.3967252e-01  -5.0909460e-01   2.4221966e-02  -1.0348996e-01   1.6400096e-01   2.4761854e-01   4.0412885e-01   3.0854776e-01   3.9577901e-01  -2.3438014e-01   2.8090012e-01  -1.1747339e-01  -4.2091172e-01  -1.9975507e-01   3.9757364e-02  -3.5570363e-01  -1.1414326e-01   2.8553209e-01  -1.5730330e-01   1.5015902e-01  -1.3044727e-02  -1.5946845e-01  -3.8831406e-01  -1.8731934e-01  -2.0841471e-01   3.5768980e-01  -1.1185338e-01  -1.5247980e-01  -2.1801701e-01   1.5819355e-01  -2.0974587e-01  -1.0482379e-01   1.1050365e-01   2.1891387e-01   1.0353236e-01   2.5336525e-01   3.7832799e-01   8.2281710e-02  -1.2179688e-01  -2.2689918e-01  -2.5754284e-01  -1.5728813e-01   1.3433561e-01  -4.9403075e-02   3.3069868e-01  -4.0091126e-01   1.7963335e-01   3.2859297e-02   4.1568654e-01
  -2.0711040e-01   7.5571513e-02  -2.7324499e-01   3.5643520e-01   5.7414043e-01   1.8153314e-01   2.7724692e-01  -5.0380665e-02   1.0781813e-01   0.0000000e+00   1.2396782e-01  -2.2736997e-02   5.3886915e-01  -3.7354440e-01  -1.1715803e-01   3.1627089e-01  -3.4722264e-01   4.5947330e-01  -3.2463711e-02   4.7221985e-01   2.3048501e-02   6.8882498e-02   2.7705288e-01  -2.1393660e-01   3.2528414e-01  -2.7129682e-02   2.2991661e-01  -2.8978560e-01   6.6225329e-02   1.9622824e-01  -9.7253968e-02   3.5770850e-01   2.5710568e-02   2.9546568e-01   2.1858094e-01   4.2592782e-01   5.1458053e-01  -3.9139938e-01   2.3670194e-01  -2.4307697e-01   5.7538139e-01  -2.0259175e-02   4.3364857e-01  -8.8043169e-02   4.9517211e-01  -1.3826170e-01   1.8354716e-01  -1.8969784e-02   2.3211818e-01  -4.5205712e-01   5.3530646e-01  -7.6764039e-03   4.0065284e-01  -9.5228187e-02  -4.4659450e-01   7.3812141e-02  -1.1915783e-01   3.1981309e-01   4.0335566e-01   1.5680907e-01  -2.1387029e-01   7.6619914e-01   1.3319931e-01  -6.5536948e-02   2.0224708e-01   4.6432979e-01   8.8696116e-02   2.4934800e-01   9.3601624e-02  -6.9734721e-02  -2.5368121e-01   2.9974359e-01   3.1785923e-01  -2.1724631e-01   3.6109915e-01   1.0379102e-01  -2.6999422e-01   1.3560050e-01   2.1339000e-02   2.6251538e-01  -1.7230127e-02   1.0325479e-01   1.6249572e-01  -1.0408289e-01  -2.0061050e-01   1.0671239e-01  -9.4485621e-02  -1.0708768e-01   8.9947745e-02  -2.7900671e-01   1.0869848e-01  -1.0270019e-01   4.1157679e-01   3.2621840e-01  -3.1119756e-01   2.4943899e-01   4.3683780e-01  -6.6083409e-02   4.8504286e-01   6.2618669e-01  -4.3715363e-01   2.1284037e-01   1.6191909e-02  -7.7695204e-03   3.3260274e-01   2.6463440e-01  -7.9145784e-02  -1.7340485e-02   5.0491768e-01   3.0214766e-01   5.8661194e-02   1.2726884e-01   4.2406698e-01  -2.7464164e-01  -3.7138182e-01   3.8240495e-01   7.3772981e-02   6.3637042e-01  -3.1343469e-01   1.1059976e-01  -8.4798539e-02   1.0757987e-01   1.2430744e-01   3.2250996e-01  -2.9520682e-01  -1.2811686e-01   2.5043428e-01   1.8853493e-01   2.7662717e-01  -2.4213950e-01   8.3252133e-02   1.5033020e-01  -2.4001726e-01  -4.7348076e-02   2.2720243e-01  -6.6453086e-02  -1.3289763e-02  -4.7891755e-01   1.0759101e-01  -3.1335561e-01  -3.5608843e-01   3.5455806e-01   2.2887250e-02  -2.1929853e-01   9.9235252e-02   2.2376695e-01  -2.1771479e-01   3.6157575e-01   2.6626204e-01   5.2838969e-01  -4.7887678e-01  -2.4227220e-01   1.0462863e-01   1.1874707e-01  -2.3232599e-01  -2.7086284e-01  -2.2674365e-01   5.1990850e-01  -1.3258677e-01   1.0726719e-01   1.4648185e-01  -2.0200626e-02   6.5962657e-01   3.0952388e-01   2.2383843e-01   1.2216949e-01   1.1368582e-01  -3.2573430e-01   1.8995983e-01   2.6632926e-01   4.1350145e-01  -4.2017102e-01   2.3659451e-01  -2.0750117e-01   3.5562694e-01  -2.8116212e-02   1.3373126e-01
  -1.3140479e-01  -1.6354312e-01  -3.9214794e-01   1.8315625e-01  -1.7971777e-01   1.5715460e-01   1.9816715e-01  -1.0413988e-01   1.2584062e-01   1.2396782e-01   0.0000000e+00  -2.9571280e-01   2.7369619e-01  -7.1389023e-02   1.7204491e-01  -4.7636929e-02  -3.7724457e-01   4.0314532e-01  -7.9914705e-02  -1.8532488e-01   1.3370274e-01   4.4667635e-01   2.0555831e-01  -2.3536289e-01  -4.8963489e-02  -1.9279965e-02   2.6855623e-01   2.3938745e-01  -2.6853210e-01   4.8038715e-01   3.5917727e-01   1.3000445e-01  -1.6238163e-02   9.3335591e-02   3.0393481e-01   2.2685888e-01   1.7842509e-01  -2.0964764e-01  -6.7043049e-02  -2.5308654e-01   1.8047132e-01  -6.3661841e-02  -3.0530813e-02   3.2563660e-01   1.2593763e-01  -1.5937857e-01   6.4227788e-01   8.2547032e-02  -1.4829981e-01  -3.9427897e-01   4.5895072e-01   2.4751811e-02   2.7575244e-01  -5.3619381e-01  -5.7840819e-02   4.2213703e-01  -1.4009005e-01   2.4769640e-01   2.5178033e-01   3.6125670e-01  -6.3794628e-02   1.9657168e-01  -2.6719630e-01   3.8279486e-01   1.8401592e-01   4.2499417e-01   1.3200486e-01   9.6264783e-02   5.1493112e-01  -2.1298187e-02  -3.6997437e-01   3.6096055e-01   6.4843915e-02  -1.0625843e-01  -2.1245605e-01   8.6031244e-02   4.0874722e-03   3.0093058e-01  -3.0226638e-01   1.5656200e-01   2.8085794e-01  -5.4530262e-02   1.9688023e-03   6.3233033e-02  -1.0847612e-01   8.2075579e-02   2.8201020e-01  -1.3858286e-01  -2.0560692e-01  -5.5039627e-02  -8.6247738e-02  -2.3299563e-01   3.4819705e-01   5.3130011e-02  -9.3655372e-02  -4.1308505e-01   1.0490503e-01  -8.5644446e-02   3.0016055e-01  -2.5366911e-02   3.0957697e-02   4.8274147e-01   4.1123648e-01   2.0960164e-01   3.4166616e-01   3.3313862e-02  -3.1209582e-01   1.0379916e-01  -2.7579619e-01   4.6327915e-01  -2.2465941e-02   5.5717513e-01   3.0145084e-01  -6.3952605e-02  -1.5371160e-01  -1.8328225e-01   1.5747326e-01   2.9261833e-01   5.4522583e-02  -3.0050608e-03  -1.0668128e-01  -4.0203954e-01  -5.8536455e-01  -5.1900505e-03  -1.6247308e-02   9.7954097e-02   2.3765468e-01  -1.5152869e-01   2.0415024e-01  -5.1365772e-02   1.6682265e-01   2.6900915e-01   7.2840710e-03   1.9083125e-01   5.5907260e-02   9.8646238e-02  -1.6939539e-02   1.0227180e-01   2.5749546e-01  -2.3405543e-01  -1.1529460e-01   5.1599808e-02   6.9774458e-01   7.1170780e-02   6.0487017e-02   3.0097506e-01  -3.0572846e-01   3.1787118e-01   5.5851929e-01   1.9603237e-01  -1.3865096e-01   2.4872746e-01  -1.6816122e-01   1.6470814e-01  -2.9119485e-01  -2.6208258e-01  -3.6498379e-02   2.7034795e-01  -1.1473679e-01   4.2933246e-01  -1.7787272e-01   6.3882693e-01   2.0291796e-01   4.3698093e-01  -7.7201901e-02  -2.4117002e-01   2.8468035e-01  -2.6285675e-02  -5.9751924e-02   2.4258367e-02  -1.6505992e-01  -7.2260087e-02   4.9795666e-01   4.8405174e-02  -3.8774784e-02  -6.9618624e-02   5.5311863e-02
  -1.9612460e-01   5.7222707e-01   7.2258050e-01  -4.7364629e-01   2.2552284e-02  -2.3287827e-01   4.0227150e-01  -1.3530360e-03  -5.6565476e-04  -2.2736997e-02  -2.9571280e-01   0.0000000e+00  -2.9275411e-01  -2.4955644e-01  -4.2610207e-02  -1.4493830e-01   7.0956466e-01  -6.0169301e-01  -1.8956713e-01   1.0577210e-01  -2.4735695e-01  -4.2208850e-01  -1.4097143e-01  -1.1263536e-01  -2.7418343e-01   3.0627395e-02  -7.7794331e-02  -3.4625751e-01  -3.9493799e-02  -8.1484787e-02  -2.8535667e-01  -4.4127058e-01   1.6620479e-01   5.3508822e-01   5.6632233e-02  -1.3874058e-01  -1.2249836e-01  -1.0247029e-01  -1.3225105e-01   4.8739706e-01  -3.0881112e-01   1.7225438e-01  -7.4537417e-02  -2.6675313e-01  -1.9945261e-01   2.9668967e-01  -5.5366057e-01   3.6400244e-01  -2.7947939e-01   5.9730191e-01  -6.6360323e-01  -1.4247948e-01   1.2517180e-01   1.9575523e-01   7.0514430e-02  -1.9456703e-01  -1.0376573e-01  -4.6014416e-01  -4.7082981e-01  -4.8727245e-02   1.2059731e-01  -2.8343966e-01   1.1288024e-01  -1.6130695e-01  -1.8640433e-01  -3.4429501e-01  -2.2920026e-01  -2.3364137e-01  -4.8536931e-01   3.7618706e-01   6.7337336e-01  -6.5728824e-01   1.8833669e-02   3.5317627e-01  -3.5076801e-02  -1.4798877e-02  -9.0568448e-02  -2.2672507e-01   4.9110188e-01  -2.7218316e-01  -1.1813101e-01   6.2530279e-03   3.5625830e-01  -1.5152686e-03   1.2152285e-01  -1.8485808e-01  -1.8165331e-01  -4.6817368e-02  -1.4642228e-01  -2.8133820e-01   9.8724712e-02   3.4846478e-01   2.8011594e-02   5.3389969e-02  -3.6267438e-02   3.2414675e-01  -2.8704455e-01   9.3130561e-03  -3.9953919e-01  -7.2289760e-02  -2.2835018e-01  -2.0328749e-01  -5.3634633e-01  -8.6801474e-02  -5.7896434e-01  -1.6403250e-01   1.7069891e-01  -1.4079888e-01   1.9932758e-02  -4.3446713e-01   5.0801417e-01  -5.2699875e-01  -5.7219044e-01  -2.3535355e-01   2.0874005e-01   3.3975291e-01  -1.0902761e-01  -1.9276119e-01  -1.5652497e-01  -5.0728668e-01  -2.8176662e-01   5.8704188e-01   4.3081447e-01  -1.2635972e-01  -1.6578283e-01  -7.7231886e-02  -2.1905111e-01  -1.8078396e-01  -3.2283057e-01   2.0694111e-01   2.8381658e-02   4.0310217e-01   3.6186729e-01   1.4177408e-01  -3.5615002e-01  -2.4249695e-01  -1.3650086e-01   1.8282888e-01  -4.1644098e-01  -1.6930713e-01  -1.1801805e-01  -2.2851026e-01  -4.5873370e-01   1.4476969e-01   1.4800182e-01  -4.3202941e-01   8.1142130e-01  -3.7822697e-01  -5.1379782e-01  -2.6638271e-01   1.2773132e-01  -4.0702551e-01  -1.8017945e-01   2.8454382e-01   7.6674126e-01  -3.2342671e-01  -1.8335561e-01  -3.8004204e-01   2.3904424e-01  -5.4808667e-01  -4.5425766e-01  -2.5051823e-01  -2.6218045e-01  -6.0004582e-01  -2.2484466e-01   6.8483120e-01   4.9886665e-01  -1.7278988e-01  -8.3390337e-02   9.0867055e-02   5.8924585e-01  -1.3362868e-01  -5.0814036e-01   1.2002938e-01  -2.2408754e-01  -1.7268207e-01  -2.0818463e-01
  -2.4461468e-01  -2.2834928e-01  -3.4619280e-01   4.7741167e-01   3.4633640e-01   1.0342512e-01   1.3311518e-01  -1.2797398e-01  -8.7434381e-02   5.3886915e-01   2.7369619e-01  -2.9275411e-01   0.0000000e+00  -1.4536618e-01   4.9298915e-03   3.5049052e-01  -4.1828720e-01   5.9282460e-01  -3.0109099e-02   3.5791232e-01   2.0789938e-01   2.4743090e-01   1.1748020e-01  -2.3441381e-01   2.7145555e-01  -1.3132747e-01   1.6275646e-01  -1.5005702e-01   6.9897387e-03   1.0808978e-01   7.1827693e-02   3.4204039e-01   3.2276124e-02   4.4154548e-02   1.2878290e-01   4.4835010e-01   3.4428569e-01  -6.3695429e-02   3.7240446e-01  -2.6812602e-01   6.8009920e-01   1.9309414e-02   2.1087482e-01  -3.1764773e-02   4.5068715e-01  -3.0802379e-01   4.0876100e-01  -7.3835577e-02   3.9672562e-01  -3.8993899e-01   5.5573535e-01  -5.3033204e-02   2.3978266e-01  -1.6350610e-01  -2.4346340e-01   1.5067265e-01  -1.0097127e-01   3.6371126e-01   4.1579289e-01   1.2375875e-01  -1.0199525e-01   5.9638411e-01  -1.5459291e-01  -1.1836602e-01   3.1480554e-01   4.0282886e-01   1.2367324e-01   2.2470719e-01   2.7268213e-01  -2.8984977e-01  -3.3935436e-01   4.4774878e-01   2.0666320e-01  -1.2878043e-01   1.8093022e-01  -8.4545825e-02  -5.5045255e-02   3.6764878e-01   4.6532583e-02   3.9046948e-01  -6.2281290e-02  -1.0131512e-01   1.9128200e-01  -1.3235287e-01  -2.7183422e-01   1.0541336e-03   2.7251852e-02  -1.3014680e-01   1.9926379e-01  -1.9067981e-01   8.4385921e-02  -6.9997666e-02   3.6399648e-01   7.7360434e-02  -6.5584483e-02   7.5106736e-02   3.9855314e-01  -1.7872105e-01   5.4267409e-01   3.3280408e-01  -2.3013668e-01   7.7132444e-02   2.5380183e-01  -1.6313938e-01   3.1047317e-01   2.2208470e-01  -1.9451884e-01  -1.3059839e-01   3.3967506e-01   4.8546547e-01   5.6171052e-03   2.6793206e-01   5.0950415e-01  -2.1630617e-01  -2.9812428e-01   1.8875257e-01   1.6109246e-02   4.2947624e-01  -7.0355665e-02   2.0205605e-01   8.5551045e-03  -1.3747471e-01  -2.6217760e-01   3.6766850e-02  -2.2355258e-01   2.1915130e-02   1.8857738e-01   9.9422872e-02   3.0960610e-01  -3.3512799e-01   2.9112862e-01   1.2439396e-01  -3.7301327e-01  -1.0836197e-01   2.5557501e-01   3.6839101e-02   2.1174467e-01  -3.5382805e-01   8.9845788e-02  -1.4218519e-01  -2.2648029e-01   6.2053509e-01   2.7098330e-01  -1.1055347e-01   1.9461292e-02   7.1107598e-02  -3.6490336e-01   4.7188560e-01   3.2521471e-01   3.5812736e-01  -4.2914590e-01   1.6472540e-04   8.7541425e-02   5.4413374e-02  -3.7413101e-01  -1.2435465e-01  -2.0500356e-02   5.6499727e-01  -1.4773390e-02   2.7888818e-01   1.3131597e-01   1.5607891e-01   4.0462598e-01   4.3636720e-01   1.6935595e-01  -7.5590576e-02   2.5420517e-02  -2.6869688e-01   1.3855346e-01   4.2771175e-01   1.5083529e-01  -4.3363437e-02   4.4216390e-01  -1.2952532e-01   2.4034943e-01   2.2008827e-01   9.6956940e-02
   3.1008720e-01  -3.1192375e-01  -1.6125339e-01  -2.5274039e-01  -4.0389639e-01  -8.8483794e-02  -1.1392806e-01  -1.0871190e-01  -3.2069994e-01  -3.7354440e-01  -7.1389023e-02  -2.4955644e-01  -1.4536618e-01   0.0000000e+00   4.6153309e-01  -2.3346729e-02  -1.1183454e-01  -2.4052647e-01   7.1622494e-02  -4.6641551e-01   3.1041029e-01  -1.4398458e-01   2.9233310e-01   2.9085152e-01  -2.6641461e-02  -1.7010364e-01  -4.1384751e-01   5.4857259e-01  -7.6187215e-02  -2.1551726e-01   3.8602434e-01  -2.6170216e-01   5.1166939e-02   6.6812427e-02  -1.2602685e-01  -4.0705458e-01  -5.3335622e-02   1.2741630e-01  -1.6507776e-01   1.1000172e-01  -2.9619115e-01  -4.6718234e-02  -2.4035106e-01   4.0282081e-01  -1.7009303e-01  -8.9467131e-02  -1.0608796e-01  -8.9959035e-02  -8.8986310e-02  -5.4271054e-02  -2.1064208e-01  -9.8380404e-02  -8.4460015e-02   1.4422335e-01   5.8149300e-01   4.2077468e-01  -6.7445653e-02  -3.5200898e-01  -2.2807251e-01  -2.0146007e-01  -3.7045214e-02  -3.6060591e-01  -3.0513007e-01   5.9305243e-02  -2.2822222e-01  -1.4443126e-01  -5.2474810e-02  -1.5694104e-01  -5.4215615e-02   1.2751493e-01  -2.1085247e-01  -1.5302397e-01  -3.3672768e-01   4.1540469e-01  -1.6278902e-01  -3.7011930e-01   9.5412842e-02  -3.8788419e-02  -3.1361536e-01  -2.0626020e-01   4.2425015e-01  -2.7996422e-01   1.3545246e-01  -2.3661841e-02   5.6173755e-01  -3.6270366e-01   5.2489748e-01   6.1335099e-01   1.0224295e-01   4.3722836e-01  -2.9281715e-01  -7.0827506e-02  -9.5191127e-02  -4.0745715e-01   9.3798687e-02  -3.9488873e-01  -1.9723433e-01  -9.0877194e-02  -3.8156141e-01  -3.3707123e-02   7.2523043e-01   1.0230575e-01   3.7283857e-01  -2.4963871e-01  -1.4814440e-01  -4.6338111e-01   2.3418752e-01  -1.0184912e-01  -2.3045007e-01  -6.1826563e-02   7.1804393e-02   2.1504190e-02  -1.3067782e-01   2.6471362e-01   5.5949337e-01  -4.4614201e-01  -6.1428969e-02  -3.0391266e-01   7.0896429e-01  -5.5466313e-02   1.6500132e-01  -3.8433445e-01  -1.8898009e-01  -2.2808620e-01   7.5066017e-02   4.0147956e-01   8.7790256e-02  -1.2862790e-01  -3.3688486e-01   2.5224428e-01  -2.0732005e-01  -6.9653131e-02   1.5481754e-01   1.0110092e-01  -2.9140586e-01  -2.0636687e-01  -5.3675560e-02   3.7304923e-01  -1.4801072e-01   1.7502854e-01   3.6148572e-01  -1.3972234e-01  -1.1782454e-01   3.4385346e-01   2.8822242e-01   2.8703549e-02   1.4449615e-02  -2.6265183e-01  -6.3961146e-02  -6.7247777e-03   5.6329082e-01   6.0894384e-01   1.0180509e-01  -2.1258625e-01  -2.2345512e-01   2.3326306e-01   1.0420879e-01  -3.3206613e-01  -6.9940592e-02   3.9514610e-01   9.6389696e-02  -1.3332756e-01  -3.2875180e-01  -1.2635645e-01  -2.8504264e-01  -2.4402712e-01  -6.6632036e-02   2.6569810e-01   1.1062443e-01  -1.0118364e-01  -3.5472868e-01   1.4238961e-01  -2.4970237e-01   2.0447919e-01  -2.1415356e-01  -1.0386436e-02  -2.9140626e-01
