   0.0000000e+00  -1.4377190e-01   1.7357070e-01  -1.3739959e-01  -3.4604002e-02  -3.6661139e-01  -5.5935655e-03   5.4859215e-03  -9.2560754e-02  -9.1936325e-02  -1.3962202e-01  -1.6736110e-01  -4.2040767e-02   1.6136556e-01   4.4278451e-01  -1.8886074e-01  -1.4776941e-02  -1.5625302e-01  -3.7151309e-01  -2.9449696e-03  -3.7821677e-01  -3.4079661e-01   1.4945030e-02   8.6995164e-01  -7.4798022e-02  -5.2604296e-02  -1.1599657e-01   1.6758751e-01   1.2225769e-01  -3.8521466e-01  -1.8582220e-01  -1.4682631e-01  -1.4010926e-01   4.7571896e-02  -9.1558714e-02  -1.0253198e-01  -5.4183963e-02   3.4846812e-01  -2.2647855e-01  -1.8635527e-01  -6.3158469e-02  -1.6105238e-01  -2.1012123e-01  -1.7646194e-01  -7.2814308e-02   3.4306354e-01  -2.2821803e-01  -2.3005619e-01  -8.4009257e-02   8.5085776e-03  -6.5879415e-02   3.0545887e-01  -1.5460556e-01  -1.6255838e-01   2.6484635e-02  -9.1166314e-02  -2.6168414e-01  -3.7091249e-01  -3.5342059e-01  -4.5221721e-01   2.2194460e-01  -1.3675332e-01  -1.9704844e-01   1.1470818e-01  -2.0136608e-01  -1.2133915e-01  -3.1111493e-01   1.0706803e-01  -4.8876446e-01   3.8787778e-01  -2.2000497e-01  -2.2344950e-01   5.4301955e-02   6.0423291e-01   7.4459705e-02  -2.0998759e-01   2.7562498e-01  -3.1236018e-01  -1.1150295e-01  -1.6275055e-01   1.0215974e-01   1.3866654e-03  -2.0442751e-01  -3.5719904e-01   5.4228451e-01  -1.5450692e-01  -2.0014565e-01   6.1545412e-01  -7.3346592e-02   8.0668676e-01   7.1106979e-02   1.6077572e-01   1.3291436e-02  -3.5630188e-01   4.5116319e-01   6.9998951e-02  -1.0950798e-01   5.3074021e-02  -4.0753035e-02  -1.7261470e-01   5.9538493e-02   1.6743572e-01  -3.7187778e-01  -3.7365039e-01  -3.1516048e-01  -1.1936712e-01   5.1185645e-02  -2.2490189e-01  -1.9761906e-03  -3.6876736e-01   3.5447795e-02  -3.6176393e-01  -3.0535166e-02   8.6457417e-01   2.8724755e-01  -6.3339373e-02  -1.1623200e-01   4.3549474e-04  -1.0524188e-01  -1.8443833e-01   5.6016336e-01   7.3747956e-02  -1.5741607e-01  -1.4079203e-02   5.6478630e-01   1.6070908e-01  -7.3148659e-02  -9.7314622e-02  -2.4976011e-01  -7.2984148e-02  -1.2593416e-01  -7.3937593e-02  -2.0083180e-01  -3.5545132e-01  -2.3458745e-01  -6.1500312e-02  -1.6756989e-01  -1.9603389e-01   2.7088918e-02   6.4158884e-01   8.4285871e-01  -6.1113722e-02  -3.4433518e-01  -1.6642269e-01   5.4517370e-02  -3.0957818e-01  -7.4873335e-02  -2.6634779e-01  -2.0732754e-01  -2.1533864e-01   8.4444298e-01  -1.9380077e-01   6.3478094e-01   1.7795514e-01  -1.5691660e-01   7.3455603e-01   3.0559106e-01  -3.3458302e-01   1.0200214e-01  -1.6719239e-01   1.4482022e-01  -3.3965694e-01  -2.8411834e-01  -7.7202100e-02  -1.5428664e-01  -1.3075571e-01  -1.5631140e-01   4.3658476e-01   5.3511787e-01  -1.4262236e-01   2.2656378e-02   1.8345264e-01  -2.2505073e-01  -2.5266734e-01  -8.6867820e-03   1.1234391e-01  -2.1644434e-01
  -1.4377190e-01   0.0000000e+00  -2.1294138e-02  -1.3609141e-01   5.2432409e-01  -3.0904472e-02   3.5088668e-01   3.4940213e-02   4.4705895e-01  -1.7704153e-02  -1.2223549e-01   7.1336635e-01   8.9632733e-02  -4.0549719e-01  -2.6906595e-01  -2.3792122e-01   1.3989409e-01   1.2586543e-02  -7.5096514e-02   1.9005573e-01  -4.1652956e-01  -2.0208299e-01  -3.1600253e-01  -2.2401978e-01   1.2967008e-02  -3.4007105e-02   1.9539522e-01  -2.4769499e-01   9.5772079e-02   2.8865486e-01  -8.2587431e-02   3.6914346e-01   1.1910359e-01   3.1862220e-01   3.9528766e-01  -9.8960397e-02   5.0577555e-01   1.1850236e-01  -7.7745138e-02   2.3450317e-02  -9.3842643e-03   7.5647871e-02  -7.4324161e-02  -1.2941654e-02   1.0980336e-02  -2.2678884e-01  -5.4096965e-01   7.2428569e-01  -1.8870052e-01   3.0207884e-01  -3.4134769e-01  -3.1439404e-01   8.1287061e-01   1.6209146e-02  -2.4655486e-01  -2.5976011e-01   1.0184817e-01  -2.1568862e-01   1.2186543e-01   5.5281936e-01  -9.0814878e-02  -3.6666459e-01  -6.2509950e-02   3.7360558e-01   4.5556827e-01  -5.1787559e-01   7.2005504e-02  -2.6121564e-01  -1.0554747e-01  -2.3780606e-01   6.5783051e-01  -2.7572103e-01  -7.9589124e-02  -2.5389685e-01   2.5758351e-02   6.5662808e-02  -2.4123897e-01   3.2666277e-01   6.2791540e-01  -8.5845589e-02  -1.3317251e-01  -1.1287421e-01   3.1015106e-01  -1.5351271e-01  -2.8691439e-01   6.2188691e-02   2.8253032e-01  -3.6015367e-01   2.5058106e-01   7.8177660e-04   6.6861131e-01   1.3925652e-01   5.3451962e-01   1.4133042e-01  -2.0087379e-01   4.2652205e-01  -7.7270074e-02   2.5039556e-01  -2.2615008e-01  -3.4461122e-01  -7.4973515e-02  -2.6747990e-01  -3.9041061e-01   4.7757356e-01   2.9187369e-02   2.5568051e-01   2.3086633e-01   4.3598261e-01   2.3598786e-01  -2.2425522e-01   2.7952220e-01  -1.9107046e-01  -3.1324361e-01  -1.1085863e-02  -3.2506224e-01   5.7316714e-01   3.0920240e-01   1.8143807e-01  -5.7829133e-01   1.9062254e-01  -2.5399110e-01   3.9878472e-01   4.3025392e-01   4.2095324e-01  -1.5020757e-01  -1.9227823e-01  -1.4606554e-01  -1.2657823e-01   2.4364429e-01  -2.8612542e-01  -9.7997245e-02  -9.9386052e-02  -3.9364156e-01  -2.4549426e-01   5.2814195e-02   2.8788939e-01  -1.6083115e-01   3.7290012e-01  -2.8921399e-01   1.5639700e-02  -1.7321302e-01  -2.2524170e-01   2.4043625e-01  -1.3528951e-01  -3.1804077e-01   1.2383009e-01   5.0131143e-02  -1.0586080e-01  -4.8549802e-01   3.0536409e-01  -2.0984197e-01  -3.0846854e-01  -8.7485456e-02   3.3946845e-01   7.2756758e-01  -1.3962656e-01  -3.2687222e-01   4.1817636e-02   2.1207116e-01  -3.4477847e-01  -2.7353056e-01   3.0793584e-01  -2.7616137e-01   1.4816017e-01   2.2814625e-01   8.2584780e-02   2.5437000e-01   1.7373315e-02  -7.9943516e-02   4.9493942e-01   3.1556641e-01  -4.1964988e-01  -2.6046567e-01  -5.1132729e-02  -7.7326633e-02  -3.6441363e-02   2.8437703e-01
   1.7357070e-01  -2.1294138e-02   0.0000000e+00   1.1950266e-01  -1.1596824e-01   2.3419254e-01   1.1842404e-01  -1.9854982e-01  -5.2595015e-02   3.1058916e-01   9.9348047e-02   9.1578847e-02  -1.4593013e-01  -2.2005435e-01  -8.1067940e-02  -1.0744397e-01   8.9890458e-01  -1.1165819e-01  -1.4232645e-01   7.2703987e-02  -2.5789468e-01  -2.8921166e-03  -1.1037438e-01   2.8358205e-01   2.9099482e-01  -2.8746001e-01   4.1789298e-01   4.6370215e-02  -1.0239795e-01  -3.2723378e-02  -4.6430980e-01   1.5621555e-02   1.7532767e-01  -7.4300993e-02  -1.8844671e-01   1.6691787e-01  -7.9889805e-02   7.4745095e-02  -1.9915530e-01   4.3843085e-01  -7.3692127e-02   3.0443833e-01   6.6558985e-02  -2.0032370e-01  -2.1527201e-01   7.4634463e-01   2.0056708e-01  -8.6855076e-02  -1.1122477e-01   3.1731909e-01   1.7359287e-01  -2.7248827e-01  -1.2945728e-01   9.2149005e-02  -5.9207132e-02  -2.1813573e-01   6.6624393e-02  -9.7618842e-02  -4.0478777e-02  -1.8112060e-01   8.2569062e-01   1.4063268e-01  -1.7762073e-02   1.5069423e-01  -4.4796429e-01   1.3354264e-01   1.9851096e-01   1.0172361e-01  -5.5228014e-02   8.0960366e-01   9.7516966e-02   1.6987141e-01   1.4869507e-01   2.0120883e-01   4.2363928e-01  -2.2290580e-01   7.2161036e-01  -6.6723777e-02  -1.1174519e-01  -1.0783330e-01  -1.7743017e-02   2.7261849e-01  -3.0313803e-01  -2.8810187e-01   2.3884376e-02  -3.4677973e-01  -2.4966395e-01  -1.2034325e-01   7.2419537e-02   2.9653755e-01  -2.3728809e-01   7.7510209e-01  -1.9829085e-01  -1.1957840e-01   6.4820352e-01   1.7714812e-01   5.2045610e-02  -2.6066192e-02   1.7874642e-01  -1.2096823e-01  -7.0619209e-02   5.2980956e-02  -3.7999016e-01   5.0185908e-03  -7.0678916e-02   2.5736723e-01   3.7824181e-01  -6.0904975e-02  -2.4612982e-01  -1.1029800e-01  -4.7498335e-02  -5.5228819e-02   9.6841909e-02   1.8567631e-01   2.0421014e-01  -2.5358381e-01  -1.1165370e-01  -2.2430048e-01   4.1684372e-02  -1.9962196e-01   6.2981946e-01  -1.7300174e-01   1.1068430e-01  -2.8246947e-01   6.0761258e-01  -2.8009415e-01  -2.7888138e-01   1.7972814e-01   1.2553786e-01   7.2266270e-01   7.9902731e-02  -1.8516675e-01  -3.2693498e-01  -2.9492459e-01  -1.2587135e-01  -9.8482824e-02  -5.2600970e-02   2.4159732e-02  -4.6701573e-01  -1.4505531e-01   2.7773982e-01  -9.6224713e-02  -2.0256162e-01   4.2363084e-01  -3.7817080e-01  -3.6326961e-01  -5.5307233e-02  -1.8700199e-01   1.1290439e-01  -2.1277936e-01   2.4920528e-01  -2.7708445e-01   4.9258341e-01   2.7675372e-02   2.0793423e-01   3.1076391e-01   7.4024294e-01  -8.1447701e-02   6.6828156e-01  -1.4753172e-01   1.0485454e-01  -1.6245863e-01  -1.2374862e-01   1.9630597e-01  -3.9545617e-03  -3.8291103e-01  -6.2708358e-02   3.1142075e-01   5.4538719e-01   1.6488287e-02  -2.9420396e-01   4.0346088e-01  -7.5895785e-02   3.9808329e-02   2.0349923e-02   3.3829596e-01   1.0920567e-01
  -1.3739959e-01  -1.3609141e-01   1.1950266e-01   0.0000000e+00  -3.5457104e-01   1.4555758e-01  -9.4294216e-02   1.6314269e-01   7.2240913e-04  -1.2642484e-01   4.9727653e-02  -6.8531109e-02  -6.7001906e-02   1.3237753e-01  -1.6408310e-01  -5.1178437e-02   1.2019458e-01  -3.9752832e-03   3.2428180e-01  -2.8748299e-01   5.4832491e-02   4.1318087e-01  -1.2538028e-01  -1.1151490e-02   3.3661927e-01  -8.6762458e-03  -2.3334990e-02  -4.1532720e-02   3.2398759e-01  -1.3279307e-01  -8.9309783e-02   2.4919922e-01   1.1174616e-01  -2.5853350e-01  -2.1739013e-01  -2.3220221e-01  -2.1098326e-01  -4.8101749e-02  -5.6812455e-02   1.6563041e-01   7.1390516e-03  -6.2560153e-02   3.7952581e-01   1.0687068e-02  -2.4354164e-01  -7.6038448e-02   2.6803303e-01  -2.3627819e-01  -2.1730323e-01   2.2833942e-01   4.5451161e-02  -9.8297549e-02  -2.6040137e-01   1.3292603e-01   1.5517841e-01  -1.5914996e-01   1.1912540e-01   4.9263175e-01   3.4512467e-01  -1.6482605e-01   1.6612452e-01  -5.9168504e-02   6.1441830e-01  -1.2465879e-01  -2.1264275e-01  -3.2716749e-02   2.4279026e-01   4.2461907e-01   4.3444229e-01  -6.8714596e-02  -6.0377281e-02   4.3975362e-01   7.2200698e-02  -1.3398378e-02   2.9943360e-01   2.8292418e-01  -2.7596749e-02   6.7168591e-02  -1.9133862e-01   4.4189482e-01  -2.2019336e-01   2.5506929e-01  -3.0898197e-01   2.2466716e-01  -1.3929267e-01   1.8348800e-01  -3.1457006e-01  -5.6263859e-02   1.3061127e-01  -1.1210938e-01  -2.2265828e-01  -2.1839437e-02  -2.7391723e-01  -4.3979799e-02  -7.0781721e-02  -2.8117060e-02   4.0616267e-01  -7.4700908e-02   2.5011158e-01   1.9830419e-02  -2.9437761e-01   4.1295738e-02   1.7876300e-01  -8.4315909e-02   2.3462753e-01   4.8283412e-01   2.9449872e-01   1.4340209e-01  -3.3445310e-01  -9.1033464e-02  -2.5756248e-01   1.3003279e-01   7.6908877e-01  -1.0862255e-01  -1.9633605e-01  -2.5069016e-01   4.7388840e-02  -1.0862576e-01  -4.2404412e-03   5.3604703e-01   1.9178479e-02  -3.1041150e-01   7.5244710e-02  -1.0584307e-01  -1.0176584e-01   3.5362626e-02  -8.0469285e-02   2.7258561e-01   3.9281356e-01  -1.8174926e-02  -1.1061891e-01  -1.2306923e-01   9.6187845e-02  -5.3580463e-02   4.7706783e-01   9.1595649e-02   1.4922952e-01  -7.5990001e-02   1.9191219e-01  -9.5409788e-02   3.7748678e-02  -3.1589708e-01  -4.1614954e-04   8.5553499e-03  -2.8769683e-02   2.9290428e-01  -1.4994934e-01  -9.0665149e-02   1.9861532e-03  -1.6765415e-01  -2.7578334e-01  -7.1035376e-02  -1.7372487e-01  -3.3741545e-01   4.4544156e-02  -4.2357174e-02   1.0184765e-01   3.8069900e-01  -1.3420586e-01  -1.5598783e-01   3.1141585e-01  -3.7670055e-03  -2.0365019e-01   1.5406424e-01   5.5341793e-02  -2.8621168e-01  -2.4775126e-01  -9.1232787e-02   4.7092141e-02  -2.0178622e-01  -3.2942477e-01  -1.6877106e-01   1.2749951e-01   4.3690679e-02   2.9530503e-01   1.2854605e-01   1.9893721e-01
  -3.4604002e-02   5.2432409e-01  -1.1596824e-01  -3.5457104e-01   0.0000000e+00  -1.7728777e-01  -7.2882214e-02  -6.6085263e-02   4.2488139e-01  -1.3586240e-01  -1.6494231e-01   2.0739483e-01   1.5744557e-01  -4.6982744e-01  -2.7286450e-01  -3.5315044e-02  -6.5030940e-03   7.3854459e-02  -1.2485101e-01   6.7842137e-01  -2.0810301e-01  -3.2024050e-01  -2.9726262e-01  -7.6351332e-02  -8.1630250e-02  -1.6938846e-01   8.1009992e-02  -4.6053183e-01   1.1697239e-01   3.5243533e-01  -1.0706219e-01  -2.7669399e-02  -1.3127653e-01  -9.2613454e-03   1.7023759e-02   3.7112350e-01   1.8087806e-01   6.4144732e-02   3.4348054e-02  -3.3162406e-02   1.3630297e-01  -9.7467219e-02  -6.3076916e-02  -1.9161304e-01   2.8356797e-01  -1.2871773e-01  -1.0647972e-01   4.2632848e-01  -1.0949917e-01   9.0127477e-02  -2.3754290e-01  -3.6330169e-01   5.9872382e-01  -5.4179002e-02  -4.4460720e-01  -4.6617279e-02  -1.4451642e-01  -3.9510759e-01   1.3040510e-02   3.6284412e-01  -1.2056669e-01   7.6160929e-02  -2.1651201e-01   1.6527392e-01   2.7351912e-01   3.0915169e-02  -1.3666062e-02   1.0166773e-01  -1.3434567e-01  -1.4952954e-01   2.2099807e-01  -3.9558305e-02   1.0752311e-01  -2.9145347e-01  -4.2704849e-02  -9.2651187e-02  -1.6487388e-01  -1.0543916e-01   8.1207822e-01  -1.2469653e-02  -3.6711063e-01  -8.5979422e-02   6.3334094e-02  -3.8732599e-01  -2.5271930e-01  -9.0207195e-02   5.1650142e-02  -3.3930142e-01   2.5057957e-01   3.5265251e-02   7.3561705e-01   9.5537527e-02   2.0380009e-01   3.3011063e-01  -7.1298618e-02   5.3331061e-01   3.9841563e-02   2.8354706e-01   1.7103297e-01  -2.6224806e-01  -2.3071566e-01  -3.7443356e-01  -3.1557726e-01   4.0132900e-01  -2.4325524e-01  -1.9481698e-01  -1.7351721e-01   1.3844397e-01   1.3621561e-01  -6.0896079e-03  -7.2616959e-02  -1.0972587e-01  -2.4586460e-01  -8.6991449e-04  -4.4579920e-01   6.3332084e-01  -2.6499145e-03   3.0321550e-01  -5.0954256e-01  -5.8902022e-02  -2.2304876e-01   7.2454241e-01   2.4829579e-01   2.2408258e-01  -3.7733841e-02  -4.1567131e-01   1.5637843e-01   8.8311675e-03  -2.0967522e-01  -1.9076042e-01   1.3517168e-01   2.2056538e-02  -2.7318590e-01  -2.0313022e-01  -1.7143909e-01   9.9722358e-03  -3.3693612e-02   1.4164931e-02  -2.7210232e-01   7.9660752e-02  -8.1871067e-02  -7.0511249e-03   9.7208029e-02  -3.1044137e-01  -2.5257939e-01  -8.7587059e-02  -2.5852321e-01   3.8477859e-01  -2.0155627e-01   2.2295697e-02  -1.4817493e-01  -4.3436782e-01  -1.6370892e-01   4.1101454e-01   4.4529078e-01  -1.8335485e-02  -2.0382231e-01  -9.9753193e-02   5.5318855e-02  -3.2952728e-01   8.5452273e-02  -4.0248738e-02   7.6400751e-02  -7.3919367e-02   7.2319435e-03   4.5091146e-01   4.0613643e-01  -1.4513291e-01  -2.8268894e-01   2.7093354e-01   6.0549299e-01  -6.6172781e-02   7.7190366e-03  -5.6705879e-02  -7.2113080e-02  -1.1521268e-01  -1.0549810e-01
  -3.6661139e-01  -3.0904472e-02   2.3419254e-01   1.4555758e-01  -1.7728777e-01   0.0000000e+00   7.0993869e-02   3.5723497e-02  -5.5100556e-02   3.9161493e-01   2.0390820e-01   1.0164938e-01  -1.0047093e-01   4.8481035e-02  -4.3482055e-02  -1.5755324e-01   4.1728788e-01   5.4170019e-02   3.8731304e-01  -6.6676758e-02   2.5275077e-01   3.4733243e-01   1.4640084e-02  -4.4872786e-01  -1.0236922e-01   1.9545614e-01   5.8588139e-01   8.6278008e-02  -2.8890505e-01   3.0223766e-01  -1.4901105e-01   8.2191763e-02  -1.4135422e-01   6.4070213e-02  -8.2895231e-02   3.0154573e-01   8.1609877e-02  -1.5841882e-01  -2.3630262e-01   5.3844979e-01  -1.4660771e-01   1.2638240e-02   2.5738059e-02   8.1770198e-02   1.0186392e-01  -1.5713664e-02   2.2116583e-01   2.0559545e-01   4.1016187e-01   6.3366563e-02   1.6402016e-01  -1.5366081e-01  -1.4651360e-01  -1.1386481e-01   6.7934680e-02  -9.7742928e-03   6.3913047e-01   2.2491675e-01   7.8885530e-02   3.4039023e-01   2.8972261e-02   3.7056204e-01   2.5870278e-01  -1.1353258e-01  -1.6995399e-01   2.7602510e-01   7.2991334e-01  -7.6092368e-02   2.9035666e-01   1.6001055e-02   6.6673500e-02   7.6787532e-02  -3.7268232e-01  -9.0995269e-02  -1.3111642e-01  -1.1793866e-01   2.9260411e-02   4.9795462e-04  -1.7339611e-01  -9.3886948e-02   1.6689718e-01  -1.9913289e-01   3.6015923e-02   2.7359146e-01  -4.3428025e-02  -6.6284361e-02   3.6731052e-02  -1.7023217e-01   5.7436782e-02  -3.4702105e-01  -4.6209012e-01  -8.2978541e-03  -3.5349776e-02   4.0011048e-02  -7.6979407e-02  -1.8595609e-01   1.1656557e-01   3.0330763e-01   1.7208314e-01   1.9801296e-01  -8.6902803e-03   3.9118777e-02   1.8610758e-01   2.9482692e-01   8.7042428e-02   6.8453356e-02   1.7292913e-02   2.7554463e-01  -9.5240379e-02   3.9092200e-01  -1.1012426e-01   5.4709735e-01   7.5545442e-03  -3.7562845e-01   1.5675247e-01  -3.5228414e-01  -6.9004038e-02  -2.3972242e-01   4.3087974e-01  -2.2235715e-02  -5.0407472e-02  -3.4181633e-01   2.3796814e-01  -1.6049281e-01  -2.1970677e-01   1.1821178e-01   6.6072076e-02  -8.7120828e-02   2.5621239e-01   4.8760795e-01  -1.1495023e-02  -1.3385767e-01   1.7691200e-01  -2.3421375e-02   1.3587554e-02   1.1907028e-02   3.1173796e-03   2.2147631e-01  -3.1713109e-02  -3.0141441e-01  -4.3128175e-01  -5.5847711e-02  -4.1198824e-02   4.2674067e-01  -3.3191806e-02  -1.3461956e-01   6.0714647e-02   1.9911558e-01   4.4205166e-01  -2.5418252e-01  -2.2842165e-01   2.5809957e-01  -3.9635616e-02  -1.3331714e-01   1.9329247e-01  -3.1159991e-01   8.1481094e-02  -6.2307305e-02   8.3167758e-02   3.9708859e-01   6.0860578e-02   6.9403306e-02   2.6057013e-01  -1.3915986e-03   1.7315031e-01  -2.9173290e-01  -1.7978063e-02   1.2447655e-01  -3.4696892e-02   1.4081545e-01  -3.4055823e-02  -5.4001580e-02   3.1702980e-01   5.8971539e-01  -1.4098318e-01   7.1203017e-02   1.1554569e-01
  -5.5935655e-03   3.5088668e-01   1.1842404e-01  -9.4294216e-02  -7.2882214e-02   7.0993869e-02   0.0000000e+00  -8.4911963e-02   3.7630666e-02   4.7855217e-01  -2.0788134e-01   4.3822931e-01  -4.3869756e-02  -2.0593498e-01   1.1145077e-01  -1.3642255e-01   1.8913909e-01  -1.6236005e-01  -3.0325849e-01  -4.6364883e-02  -1.5418483e-01  -3.4047928e-01   4.5852241e-01  -1.7465583e-02  -1.6875236e-01  -1.8293259e-01   4.5577763e-01   4.1131028e-01  -4.4750376e-02  -2.9510937e-01   5.7054906e-02  -7.4064793e-02   6.4016520e-02   7.8855084e-01   4.2159197e-01  -9.4770069e-02   3.5877497e-01   1.2911803e-01  -1.4911992e-01   3.1999920e-01  -1.3484625e-01   5.1543801e-02  -7.0927677e-02  -2.1077273e-01  -2.0678650e-01  -6.8770693e-02  -5.2047152e-01   5.3864630e-01   1.1092545e-01   2.6680931e-01  -1.6522261e-01   2.8394816e-02   4.4209837e-01  -3.8759038e-02   1.0509132e-01  -3.3801454e-01  -8.9533742e-02  -3.0077878e-01  -2.0455846e-01   8.9805837e-02   6.4520544e-03  -2.9285502e-01  -1.8329347e-01   5.6704652e-01  -3.4234287e-02  -3.4450733e-01   1.3205842e-01  -2.6032035e-01  -2.6475047e-01   2.5720242e-02   6.3144879e-01  -2.6655752e-01  -2.7074561e-02  -1.7407019e-01  -1.2914436e-01  -9.4883785e-02  -8.5754314e-02   1.4089012e-01   7.5711599e-02  -3.3305460e-01   5.6271274e-01   7.3259358e-02   2.4881483e-01  -5.3857309e-02  -2.2097303e-01  -1.8961767e-01   2.2817152e-01  -1.6782574e-01  -2.5797213e-01   5.5820507e-02   3.6720202e-02   8.9126696e-02   5.2171579e-01  -1.7065368e-01   3.6602387e-02   4.0220096e-02  -2.3288951e-01   4.3661968e-02  -3.7429211e-01   2.3941040e-02   2.9945487e-01  -9.9807710e-02  -3.2698163e-01  -1.2425888e-01  -2.6421708e-01  -3.6484386e-02   1.7087277e-01   1.7724955e-01   3.2649952e-01  -9.2920081e-02   6.6734884e-01  -3.4724088e-01  -2.2963834e-01   1.0034636e-01   2.0923460e-01   1.9987566e-01   7.1061981e-03   1.4919443e-02   4.6577336e-02  -4.6209114e-02  -1.2707676e-02  -7.9027846e-02  -7.9230069e-03  -4.3387954e-04   4.3736852e-03  -2.4382860e-01  -4.5091613e-01  -2.6890398e-01   7.9407634e-03   1.0953765e-01  -1.1478749e-01   3.8532856e-01  -5.6602564e-01   1.7858305e-01  -2.3068951e-01  -2.7966623e-02  -3.5044046e-01   7.3690540e-01  -2.0550499e-01   9.9112120e-02  -1.6556467e-02  -2.6238373e-01  -1.5829215e-01   4.7250915e-01  -4.8439145e-02  -2.3200224e-01   3.9471897e-01  -4.8736501e-01  -1.0987449e-01   5.5395816e-01  -1.3032560e-02   1.7661593e-01   1.6165862e-02   8.8560108e-02   3.8609676e-01   4.9318800e-02  -1.1807357e-02  -1.7633336e-01   1.5570237e-01   2.7891292e-01  -1.3549627e-01   4.5072160e-02   1.6977135e-01  -4.0903202e-02  -1.9260125e-01  -1.4366900e-01  -2.1101906e-01   1.1219161e-01   5.7193857e-02   4.3729409e-01  -1.2109081e-01  -1.5168523e-01  -3.7930757e-01  -2.9261326e-01  -8.2178140e-02  -4.5977522e-02   3.6851472e-02
   5.4859215e-03   3.4940213e-02  -1.9854982e-01   1.6314269e-01  -6.6085263e-02   3.5723497e-02  -8.4911963e-02   0.0000000e+00   1.4536783e-01  -2.6571713e-02   1.9005666e-01  -9.0617623e-02   1.0899611e-01   1.4344151e-02   2.7740161e-02  -1.5620721e-01  -1.1818827e-01   1.7321000e-01   1.5492229e-01  -1.9712054e-01   9.9123719e-02   3.2418496e-02  -5.9705219e-02  -7.0379590e-02  -1.1288834e-01   2.1390508e-01  -9.9932547e-02  -5.2148077e-02   5.9718315e-02   6.4306742e-02   9.4052185e-02   1.7247851e-01  -1.6174701e-02   2.6347411e-02   1.3851799e-01  -1.3747784e-01   2.5188652e-02  -3.0305047e-02  -4.9004263e-02   9.2795659e-03  -9.4910164e-03  -2.0634163e-02   1.7249697e-02   3.1542520e-01   5.6216466e-02  -1.3546640e-01   2.7447089e-02   4.6899466e-02  -1.8879649e-03  -1.0966601e-01  -1.5811191e-01   1.6563445e-01   3.3308884e-02  -1.6976594e-02   2.6976870e-01   2.7201350e-01   6.4512148e-02   4.2613881e-02   2.0985088e-01   1.5082557e-01  -5.2514522e-02  -4.4318457e-02   1.6727931e-01   6.0232250e-02   2.2162292e-01   1.5164712e-01   1.5408948e-01  -8.4263066e-02   1.2838991e-01  -1.6204240e-01  -2.4312246e-02   9.0533605e-02   9.3647566e-02   5.0350635e-02  -7.4067617e-02   1.6407658e-01  -1.0435414e-01   3.8064954e-01  -9.2262749e-02  -5.0579064e-03  -1.1677638e-01   8.2172648e-02   1.8753527e-01   2.9282752e-01  -8.1500673e-02   1.0247341e-01   1.0985761e-01  -1.1453824e-01  -2.2522221e-03  -8.2396098e-02  -3.2684557e-02  -1.2486801e-01   4.2724698e-02   2.4239302e-01  -9.4575645e-02  -2.1088524e-01  -3.1053795e-02   2.1703124e-01  -2.0741088e-02  -3.9022559e-02  -1.8170739e-02   1.4263948e-01   9.1146322e-02   8.4262861e-02   1.4793779e-01   2.3436418e-01   2.5776141e-03   2.2029391e-01   2.7619166e-02   9.7241016e-02  -4.9617773e-02  -2.7085833e-02   9.7966991e-02  -1.5105189e-02  -1.4272019e-01   5.3347137e-02   2.8879651e-01   1.3539761e-01   4.3004137e-02   3.2711779e-01  -5.9113714e-02  -1.3658542e-01  -7.8025851e-02   1.8259006e-01  -1.1218847e-01  -5.1538248e-02  -5.8023623e-02  -1.1715217e-01   2.2186490e-01  -1.2896918e-01  -6.4350780e-02  -1.0220063e-01   7.0877706e-03  -1.2699571e-02   2.9490840e-01   3.6189514e-01  -7.2424654e-02   7.0974210e-02   1.9569714e-01  -6.7049970e-02  -1.8814127e-02  -9.0914944e-02   7.7437431e-02   1.0508988e-02  -5.0681954e-02   1.8188667e-01  -1.2544039e-01   1.7542196e-01   7.7784357e-02   4.3674846e-02  -9.9124076e-02   5.5942545e-02  -6.2355331e-02   5.9255765e-02   2.8367756e-02  -2.2644730e-01  -2.0451199e-01   8.6051308e-02  -1.3008032e-01  -5.2181653e-02  -1.1783257e-01   1.5346918e-01  -6.2628571e-02   1.7947471e-01   7.4704878e-02   1.2857152e-01   1.0327268e-01   1.3631734e-01  -1.1564285e-01   2.1606991e-02   3.3563442e-02  -2.2892529e-01   1.1756756e-01   1.2917725e-02   5.7547836e-02   6.5948962e-02   1.7621099e-01
  -9.2560754e-02   4.4705895e-01  -5.2595015e-02   7.2240913e-04   4.2488139e-01  -5.5100556e-02   3.7630666e-02   1.4536783e-01   0.0000000e+00  -2.3113712e-01  -1.9545773e-02   8.0192072e-02   2.7588643e-01  -3.9885263e-01  -3.1461892e-01  -1.6303500e-01   1.3437279e-01  -4.7950067e-02   3.4800010e-02   1.0415142e-01  -4.9433771e-01  -1.6759807e-01  -4.6441740e-01  -1.3788755e-01   1.8155002e-01  -2.4760357e-01   2.4713086e-01  -2.6216788e-01   2.5005892e-01   5.6306854e-01  -3.6032093e-01   1.9385697e-01   4.0446850e-02  -5.5918898e-03   2.4349713e-01   2.0249873e-02   1.6901815e-01   5.8016021e-02  -3.1905752e-02   1.9422431e-01   1.6155449e-01   9.8185845e-03   2.1425319e-01   4.7540571e-02   1.4598609e-01  -1.1854966e-01  -7.0517137e-02   3.3290161e-01  -2.1238693e-01   3.4029896e-03  -2.5021724e-01  -3.6324359e-01   3.8303042e-01   1.6074382e-02  -1.9397268e-01  -1.3355302e-01   7.0818971e-02  -1.3598789e-01   1.3148382e-01   3.8273184e-01   2.6819819e-02  -4.0053277e-02   1.6932289e-01   1.9511050e-01   2.8902571e-01  -9.8112646e-03   8.3391670e-02   2.0569129e-01   5.8855613e-03  -1.2058917e-01   6.4472262e-02   1.6283855e-01   1.7443836e-01  -8.3782298e-02   2.3417708e-01   1.3969162e-02  -1.4796286e-01   1.2895850e-01   3.6089572e-01   1.7395428e-01  -2.5557181e-01   3.2472905e-02  -1.0581705e-01  -3.5224507e-01  -2.7820095e-01  -1.2409006e-01   7.1983428e-02  -3.8365031e-01   2.3088585e-01   1.9887151e-02   2.6526302e-01  -6.3560290e-02  -7.1553333e-02   5.2596238e-01  -9.3907311e-02   1.7329989e-01   1.7261804e-01   2.2937902e-01   1.1505373e-01  -2.1665194e-01  -4.6072640e-01  -3.7716304e-01  -2.7099123e-01   6.7520887e-01   1.0065493e-01   2.6926321e-01   6.0472456e-02   2.1618051e-01   8.8288361e-02  -1.5948475e-01  -2.5710219e-01  -6.2336814e-02   2.9724888e-02  -8.8913277e-03  -3.8363900e-01   5.3589657e-01   1.0019599e-01   2.0100422e-01  -2.9888919e-01   2.6450281e-01  -1.5780476e-01   2.2925527e-01   2.2399378e-01   2.0882369e-01  -1.1524267e-02  -3.7873265e-01  -4.4932102e-02   8.2005985e-02   2.5154132e-01  -4.5896395e-02   1.8729010e-01  -1.4972521e-01  -2.5911510e-01  -4.6148476e-01   6.4617069e-02   1.0269204e-01   3.6464999e-02   1.8612231e-01  -3.7790174e-01   5.3706211e-02   1.1847733e-02   4.3342676e-02   3.8514815e-02  -1.2306353e-01  -4.0928354e-01   1.0540754e-01  -3.3962965e-01   2.6246433e-01  -1.7590868e-01  -1.3250258e-02  -1.7928259e-01  -4.6772190e-01  -9.1275999e-02   3.9615123e-01   4.4628034e-01  -1.1923916e-01  -1.8966881e-01   3.0247022e-02  -1.3299551e-01  -3.5711074e-01   1.1745136e-01  -1.9211393e-02  -3.5475710e-01   3.8734374e-01  -5.0710030e-02   2.2035874e-01   2.4388687e-01   1.1816290e-01  -1.5430349e-02  -1.3838102e-01   1.9307419e-01  -2.5244987e-01   1.5727936e-01  -1.1839164e-01  -4.4167596e-03   9.5558265e-02   2.3966831e-01
  -9.1936325e-02  -1.7704153e-02   3.1058916e-01  -1.2642484e-01  -1.3586240e-01   3.9161493e-01   4.7855217e-01  -2.6571713e-02  -2.3113712e-01   0.0000000e+00   2.0650682e-01   6.9892861e-02   1.4227675e-02  -1.0955461e-01   7.0288675e-02  -3.4547278e-01   3.5233027e-01  -3.2293557e-02   2.3209264e-02   3.5177904e-02   1.5291542e-01   2.7717723e-02   3.2856008e-01  -1.2503936e-01  -4.3552060e-01   1.1156502e-01   5.1347510e-01   3.4575333e-01  -2.7180947e-01  -1.5338655e-01  -7.0920920e-02  -6.3592590e-02  -1.5464488e-01   5.1265504e-01   1.1143053e-01   3.9649395e-01   3.8066292e-01  -1.6423468e-01  -4.0574641e-01   2.9254957e-01  -2.9293099e-02   2.3054319e-02  -2.2947961e-01  -8.6230963e-02   1.4863642e-01   2.6026997e-01  -5.7798667e-02   2.8976812e-01   4.8291680e-01  -1.3415469e-01   1.1796141e-01   3.9364169e-02   9.4400128e-03  -2.7702642e-01   5.4366212e-02  -1.6581687e-02   2.2404554e-01  -1.1617263e-01  -8.8045444e-02   4.9860747e-02   2.1626274e-01   3.7224960e-01  -8.2141956e-02   2.2603931e-01  -7.6237557e-02   2.9416302e-01   3.3404361e-01  -2.2020349e-01  -3.6359731e-02   3.0620038e-01   1.2319150e-01   5.5715058e-02  -1.0757786e-01  -8.5105915e-02  -5.9674325e-02  -1.8924989e-01   2.0667849e-01   3.3209743e-02  -1.6170772e-01  -4.2227240e-01   4.3316647e-01   3.4478628e-03   7.0820700e-02   1.1404495e-01  -4.5891061e-02  -1.7928035e-01   1.1832141e-03  -2.2003101e-01  -4.3101889e-01  -1.1922873e-02  -3.6437502e-01   1.1887715e-01   1.9244144e-01  -4.4624438e-02   9.1505904e-02   2.2975947e-02  -7.0921524e-03   1.7762084e-01   1.6087228e-01   2.8885803e-01   9.9566885e-02   2.5255796e-01   1.1135523e-02  -1.4051192e-01  -5.6267067e-02  -1.2907076e-02   1.2503590e-01   1.1266474e-01   3.1456333e-01   2.9309027e-01   3.2976577e-01   1.7517939e-01  -1.5879607e-01  -4.2487301e-02   2.3196670e-01  -1.8003168e-01  -1.1303026e-01  -3.6973508e-02   2.7290855e-01  -1.9221712e-01   1.6523610e-01  -2.9596446e-01  -2.3206612e-02  -2.4272976e-01   8.3696470e-02  -1.5414322e-01  -2.5226881e-01  -2.5083663e-01   1.8004343e-01   4.3257913e-01  -5.7483597e-02   1.8994318e-01  -2.4725031e-01   1.2650490e-01  -1.3436716e-01  -1.6142958e-02  -2.0904750e-01   3.0977677e-01  -2.1079974e-01  -2.1518853e-01  -1.4938163e-01  -2.7348441e-02  -1.4821968e-01   5.8080205e-01   1.8297994e-02  -3.5609644e-01   1.5560268e-01  -3.3135569e-02   3.6318475e-01   1.3535362e-01   2.7163316e-02   2.7261254e-01   2.2346899e-02  -3.3045445e-03  -6.9223359e-03  -5.2897853e-02   2.2975681e-01  -1.6647134e-01   1.9977781e-01   4.6895803e-01  -8.7677197e-02   1.2233669e-01   4.1223022e-01   4.1661167e-02   5.4025687e-02  -1.4869110e-01  -9.6817179e-02   2.5802868e-01  -2.1506334e-02   2.9310805e-01  -4.5470071e-02  -1.4877112e-02   2.0347846e-01   7.4670828e-02  -1.4667177e-01   1.5761587e-01  -1.5543816e-02
  -1.3962202e-01  -1.2223549e-01   9.9348047e-02   4.9727653e-02  -1.6494231e-01   2.0390820e-01  -2.0788134e-01   1.9005666e-01  -1.9545773e-02   2.0650682e-01   0.0000000e+00  -2.9969282e-01  -2.7350744e-02   1.1856525e-01   1.5049109e-01  -4.1494119e-01   1.7983418e-01   4.0383346e-01   2.9748679e-01  -2.3137706e-01   1.9933833e-01   2.8147455e-01   1.1903859e-01  -1.3261818e-01  -2.0719994e-01   3.7607373e-01   1.0054633e-01   3.5320094e-02  -2.1091433e-01   1.5543728e-01   7.9927928e-02   2.9090703e-01  -7.4235086e-02  -6.0693564e-02  -6.2719146e-02   2.8801065e-01   2.6257835e-01  -2.1629910e-01  -3.5899413e-01  -1.5160711e-01   2.3373119e-02  -8.3211435e-02  -2.1980169e-01   5.6184475e-01   2.3337146e-01   3.0049211e-01   4.1084487e-01  -4.6859492e-02   3.3988674e-01  -2.5957361e-01   3.4410988e-01   1.6940627e-01  -2.1267636e-01  -1.7493426e-01   6.2018547e-02   5.5197283e-01   3.2924603e-01   2.3044217e-01   2.5759775e-01  -1.6641450e-01   2.7730056e-01   3.7343640e-01   3.0842656e-01   2.0360662e-01   1.2483494e-01   3.8981222e-01   8.7976023e-02   1.1014431e-01   4.4370032e-01   1.7986062e-01  -1.9670785e-01   3.2623646e-01  -2.2633624e-01   3.8742199e-02   1.0333248e-01   1.1593371e-01   3.4997074e-01   2.9044437e-01  -2.9695968e-01  -1.0704563e-01   1.0806432e-01  -1.2318219e-01   1.3517788e-01   4.3883850e-01   4.1403102e-02   2.8504364e-01  -1.0818255e-01   2.3802357e-02  -1.3865326e-01  -1.2552700e-01  -3.4176667e-01  -5.1138061e-02  -1.2889950e-01   1.4779828e-02   1.2991044e-01  -2.4837622e-01   2.5853864e-01   2.4372192e-01   3.9858870e-01   9.7616654e-02  -8.9071119e-02   5.9058630e-01   2.8483759e-01   1.5010734e-01   4.3963644e-01   2.6275918e-01   6.4195683e-02   2.9865743e-01   5.9847984e-02   2.9673247e-01  -5.4519286e-02   5.0786205e-01   1.0545407e-01  -2.2307949e-01   7.4917044e-02  -1.2026914e-01   4.1627202e-01  -4.2791705e-02   1.3392495e-01   7.9190415e-02   7.2449669e-02  -4.1424455e-01   1.4963523e-01   8.0346408e-02   1.5321313e-02   1.3746558e-01   1.4839961e-01  -3.0662066e-01   4.6134809e-01   1.4173136e-01  -7.7276449e-02   6.7162188e-02   7.4382029e-02  -5.4197273e-04   4.3775251e-01   3.4977479e-01  -1.9023866e-01   9.5158374e-04   1.6082468e-01  -3.7691770e-01  -1.3413015e-01  -1.8762465e-01   3.9853238e-01   1.2386758e-01   1.6190471e-01   2.2666134e-01   1.1877713e-02   3.9825828e-01   4.5957904e-01  -5.5398189e-02  -9.7039506e-02   1.9910393e-01   9.3676337e-02   2.9374052e-01  -2.5467321e-01  -2.1314089e-01   1.1669777e-01   2.8275470e-01   9.0258272e-02   2.0704278e-01   7.6701360e-02   6.0486904e-01   5.6941443e-02   4.3534289e-01   5.1557285e-01   4.9072043e-02   2.1021523e-01   3.7822694e-01  -5.2694695e-02  -1.8311330e-03  -3.3241579e-02  -3.7974286e-02   6.1946400e-01   2.6113903e-01  -3.5800692e-02   1.4047865e-01   3.4590301e-01
  -1.6736110e-01   7.1336635e-01   9.1578847e-02  -6.8531109e-02   2.0739483e-01   1.0164938e-01   4.3822931e-01  -9.0617623e-02   8.0192072e-02   6.9892861e-02  -2.9969282e-01   0.0000000e+00   5.1911305e-02  -4.4787487e-01  -1.9807504e-01  -7.8763651e-02   1.6575796e-01  -1.5464070e-01  -3.3087030e-02   1.6228965e-01  -3.6009867e-01  -1.6380582e-01  -1.5916597e-01  -1.3972367e-01   5.6494842e-02  -1.3240947e-01   1.3266429e-01  -4.9869648e-02  -1.1360645e-01   2.0164521e-02  -1.3749801e-01   1.9588454e-01   1.3910735e-01   3.0308503e-01   2.7274015e-01  -1.5253574e-01   2.6053632e-01   9.9764499e-02  -7.6002711e-02   8.9830002e-02  -1.5174543e-02   2.7384846e-01  -6.7830186e-03  -1.4180060e-01  -2.0881824e-01  -2.6316815e-01  -4.7895620e-01   5.1342356e-01  -3.0414666e-01   4.8519032e-01  -3.0557108e-01  -2.7294190e-01   6.3628104e-01   1.4176179e-01  -2.6285042e-01  -2.8027336e-01   1.7179398e-01  -8.9353562e-02   8.6876115e-02   5.4807098e-01  -1.3676288e-01  -4.5150068e-01  -1.9750344e-02   1.7168121e-01   5.5793403e-02  -4.9844086e-01   8.4311491e-02  -4.4752934e-01  -1.1309260e-01  -1.8641233e-01   6.5398468e-01  -3.7646942e-01  -3.7598348e-02  -1.3383690e-01  -8.6013958e-02  -3.7150676e-02  -3.0388305e-01   3.0008531e-01   4.8124767e-01  -6.7543319e-02  -2.7144896e-02  -7.3926961e-03   1.7705035e-01  -1.0800102e-01  -2.8777533e-01  -3.7267113e-02   2.8000502e-02  -2.0896501e-01   1.8726834e-01  -1.3725743e-02   4.3894878e-01   2.2731376e-01   5.5623930e-01  -8.3172788e-02  -2.7337757e-01   3.7459491e-01  -1.8257129e-01  -2.2600830e-04  -4.2544509e-01  -2.6584031e-01   8.1722854e-02  -2.9895624e-01  -3.8116955e-01   1.3555267e-01  -1.5142942e-01   1.8876491e-01   3.3566734e-01   3.2752136e-01   9.3925859e-02  -1.8370392e-01   4.0428107e-01  -1.7478449e-01  -3.3131130e-01  -6.6965213e-02  -7.5330479e-02   2.6105527e-01   1.7345564e-01   5.4499146e-02  -3.5476430e-01  -1.6358759e-02  -2.1650575e-01   3.7516657e-01   3.4686972e-01   5.0455409e-02  -1.5916345e-01  -3.8135818e-02  -1.6657694e-01  -7.9450981e-02   2.2521924e-02  -1.5094376e-01   6.5956589e-02  -1.5646669e-01  -2.8484238e-01  -1.1985009e-01  -8.0100117e-02   1.2466928e-01  -7.8253165e-02   2.3842858e-01  -1.3369484e-01  -2.9793158e-02  -1.9086624e-01  -2.7634156e-02   2.1906558e-01   1.3072686e-01  -2.3253212e-01  -6.1820654e-02   2.5296477e-01  -3.1579395e-01  -3.1724066e-01   2.3054530e-01  -1.4065583e-01  -2.8416931e-01   8.6447234e-03   8.5555843e-02   6.6145637e-01  -1.2051793e-01  -2.4372695e-01   8.0387789e-02   2.8629759e-01  -2.6977452e-01  -3.4617203e-01   1.7361615e-01  -1.5895656e-01  -8.4355970e-02   1.5932595e-01  -6.9135276e-02   1.9765546e-01  -1.4383729e-01   4.7800119e-02   5.1265810e-01   1.2209449e-01  -3.7329272e-01  -5.1387968e-01   3.9012952e-02  -5.3619091e-02   3.7498343e-02   1.3543044e-01
  -4.2040767e-02   8.9632733e-02  -1.4593013e-01  -6.7001906e-02   1.5744557e-01  -1.0047093e-01  -4.3869756e-02   1.0899611e-01   2.7588643e-01   1.4227675e-02  -2.7350744e-02   5.1911305e-02   0.0000000e+00  -2.4267275e-01  -2.1651248e-01   2.1431009e-01  -1.3432430e-01   1.5736394e-01   9.6641626e-02   4.3241144e-01  -2.1935980e-02   2.1296128e-01  -1.4348418e-01  -1.7750802e-01   1.5707553e-01   1.2635135e-01  -2.1033154e-02  -2.7300958e-01   2.1960148e-01   1.8349596e-01  -2.4180624e-01   2.3092769e-01  -3.1976666e-02  -1.3412772e-02  -3.9571647e-02   1.0382134e-01  -3.6529275e-02  -1.1780364e-01   2.5877800e-01  -7.3436969e-02   6.9753430e-01   1.4002715e-01   2.2253154e-01   1.1056452e-01   2.3504752e-01  -1.1278226e-01  -1.1541561e-01  -4.1436771e-03   1.2271769e-01  -1.3020479e-01   1.6735713e-01  -2.5347001e-03   9.8919221e-02   3.6199622e-02  -1.4883715e-01   1.0769243e-01   2.3900118e-02   1.6887327e-01   5.0036794e-01   2.9028053e-01  -2.2862579e-01   7.8555963e-02  -2.2250393e-02  -1.1518785e-01   9.7500691e-02   1.0375632e-02  -6.6581322e-03  -1.2691688e-01   1.8617892e-01  -1.8865698e-01  -5.6919588e-02   2.5157768e-02   2.9641491e-01  -2.8675074e-02   4.3292619e-02   1.9140219e-01  -2.5805273e-01   2.6119467e-02   1.0422000e-01   3.6552998e-01  -2.3446853e-01   2.1439156e-02  -2.0457124e-01  -4.0608363e-02  -1.1907496e-01   1.7703133e-01  -1.3514798e-01  -1.9824844e-01  -9.5799385e-02  -6.9752529e-02   1.0808526e-01  -6.5798551e-02  -4.6030467e-02   2.8480089e-01  -2.1415459e-01   1.8009464e-01   3.4262135e-01   1.6671676e-01   1.8999988e-01   6.4748357e-02  -3.3061493e-01  -1.3996267e-02   8.1242784e-02   2.0446130e-02   2.5128864e-01   1.5092253e-01  -6.0311167e-02   3.0844415e-01   1.8565746e-01  -2.2128452e-02  -8.9147788e-02   1.1201617e-01  -7.2523771e-02  -6.7244605e-02  -3.1051428e-01   5.9752696e-02   5.8361011e-02   6.4017193e-01  -1.7421528e-01   3.2436275e-01  -3.1033944e-01   2.0975650e-01   1.2956941e-01   6.0374809e-02  -8.9383897e-02  -1.7473936e-01   2.3717635e-01   1.3393065e-01   1.8803170e-01  -9.8467895e-02   5.0664380e-01  -2.1688850e-01   9.5047459e-02  -1.5942484e-01   7.9974365e-02   1.2619390e-01   3.5252263e-01  -1.6372857e-01   1.1663067e-01   6.2334000e-02  -8.9829355e-02   2.9422880e-01   2.4396447e-01  -1.4232572e-01  -1.3613459e-01   1.9631764e-01  -2.1230485e-01  -6.8377033e-03  -6.3931228e-02  -5.9539436e-02  -1.1693585e-01  -2.8258057e-01  -1.0695027e-01   5.4415014e-02   3.6651664e-03  -1.4994731e-01  -2.1006777e-01   4.0902669e-01  -1.5587079e-01  -4.6304270e-02  -5.3068483e-02   1.7468486e-01  -8.1431654e-02   3.3677762e-01   2.3883001e-01   6.2008430e-02   2.9142021e-02  -1.9757744e-01  -2.4805324e-01  -4.4856484e-02   9.9122035e-02  -3.3914552e-01   3.4100888e-02   8.0140007e-03   5.1191973e-03  -5.8643809e-02   2.7890300e-01
   1.6136556e-01  -4.0549719e-01  -2.2005435e-01   1.3237753e-01  -4.6982744e-01   4.8481035e-02  -2.0593498e-01   1.4344151e-02  -3.9885263e-01  -1.0955461e-01   1.1856525e-01  -4.4787487e-01  -2.4267275e-01   0.0000000e+00   5.1128922e-01  -6.9451919e-02  -2.6874767e-01   3.9023617e-01  -1.7352692e-02  -4.1996648e-01   4.5169654e-01   2.4676030e-01   4.1268584e-01   8.3261434e-02  -2.2540602e-02   3.6772756e-01  -2.0641258e-01   3.4294385e-01   3.7142025e-02  -1.7808488e-01   5.5837779e-01   7.3538843e-02  -6.5016709e-02   1.8190899e-02   6.2615893e-02  -1.8019005e-01   7.9717216e-02  -7.7081464e-02  -1.1745654e-01  -2.4094002e-01  -2.1279547e-01  -1.9174918e-01  -1.6437068e-01   1.2636895e-01   2.4050298e-01  -2.7438249e-02   4.4125128e-02  -3.3977889e-01   2.8977290e-01  -1.1757929e-01   4.3514816e-01   5.6513470e-01  -4.9045385e-01  -2.0581246e-01   4.7839142e-01   1.8655594e-01   7.3922685e-03   8.0720785e-02  -1.5886298e-01  -3.8925933e-01  -1.2781382e-01   8.1256173e-02   2.0320981e-02  -2.0915468e-01   1.3328959e-01  -3.5440636e-02  -1.9509712e-01   1.0252735e-01  -7.2383744e-02  -6.0758891e-02  -3.5861054e-01  -5.5283566e-02  -2.4527179e-01   2.9607465e-01  -1.1211681e-01   1.3083921e-01  -1.1285903e-02  -4.0708778e-02  -4.5890745e-01  -1.3865369e-01   3.8720790e-01  -8.9879405e-02   1.9678987e-01   4.4732385e-01   6.0994590e-01   2.5539204e-01   3.0003367e-01   6.2294237e-01  -2.4005211e-01  -9.7553052e-02  -3.9835901e-01  -3.6203195e-01  -1.8488004e-01  -3.8385811e-01   2.9237826e-02  -5.4870863e-01   1.1638229e-02   5.5644335e-02   7.2395850e-02   4.9454982e-01   3.8230299e-01   3.8372847e-01   5.3691520e-01  -1.1017819e-01   1.7546381e-01  -9.4302178e-02  -9.6089777e-02  -2.3946177e-01   1.2815064e-01  -2.1357112e-02   5.3751245e-02   2.9587625e-01   1.3913845e-01   3.7114913e-02   4.2664806e-01  -3.0230043e-01   1.6872920e-01  -2.5553292e-01   4.3604949e-01   1.1699230e-01  -3.5262419e-02  -4.7200743e-01  -6.4256434e-02   2.5142185e-01  -6.3736637e-02   7.3452709e-01   3.7032481e-01  -2.2856478e-01   2.7734639e-02  -1.3527665e-01  -2.8891713e-01   2.9252652e-01   5.4042208e-01   3.1010170e-01   9.8033736e-02  -2.1983683e-02  -2.3765946e-01  -3.6640172e-02   3.6608186e-01   3.4351326e-02   1.0774131e-01  -3.2746401e-01  -1.2365413e-01  -1.1619665e-01   6.9570118e-01   1.8883703e-01   3.0299357e-01  -5.7160470e-02   7.5140421e-02  -4.9727002e-03   1.5785048e-01   6.2351483e-01   4.9997582e-02  -2.6807890e-01  -5.7278602e-01  -8.4900679e-02  -8.0173411e-02  -1.3840357e-01  -2.8148915e-01   4.8500106e-01   6.6265385e-02   9.0052360e-04   5.3423341e-02  -1.4928596e-01   7.5888863e-02  -1.7961076e-02  -3.9189431e-01   3.1212866e-01  -2.1146741e-02  -2.6635887e-01  -1.3600533e-01   3.2984989e-02   1.6356234e-01   7.4896124e-02   1.0216412e-01  -2.0127907e-01  -1.0480815e-01
