   0.0000000e+00  -5.2006716e-02   3.9170572e-01  -2.6030057e-01  -1.4721587e-01   2.0298425e-01  -4.6873834e-01   2.0490467e-01   1.4508566e-01  -3.5335573e-01  -3.4838609e-02  -2.2341944e-01  -1.7403445e-01   4.9513964e-01   2.3512835e-01  -1.7184181e-01   2.0130047e-01  -2.2357547e-01  -2.1065932e-01  -2.1476968e-01  -5.3402641e-01  -3.0596181e-01  -5.2581966e-01   8.3535965e-01   1.8115251e-01  -9.5645857e-03  -1.9435287e-01   5.6064088e-01   5.5731692e-02  -1.1664577e-01   6.6070880e-02   2.6188391e-02   1.3915779e-01  -5.2217348e-01  -2.6183088e-01  -2.7480769e-01  -2.8478284e-01   5.4676278e-01  -2.3874947e-01  -3.4544080e-02  -2.2518009e-01   9.8628687e-02   2.8897149e-02   6.6385623e-01  -3.4330442e-01   7.6960753e-01  -2.6737987e-01  -4.4936772e-01  -7.2419785e-02   2.7599966e-01  -2.1133766e-01   2.8998566e-01  -1.1570226e-01   1.1467673e-01   3.2243786e-01   2.5874913e-01   3.4682520e-02  -1.5552284e-01  -3.6949481e-01  -2.9678653e-01   5.5416198e-01  -3.2398087e-01   9.0451598e-02  -1.8483659e-03  -8.9059979e-02  -2.4912018e-01   3.0989871e-02   3.4523997e-02  -3.5948861e-01   6.7990587e-01  -1.6975682e-01  -2.2813911e-01  -3.5742333e-01   6.8436594e-01   1.0836907e-01   7.1472924e-02   6.7591581e-01  -3.8582501e-01  -2.2358407e-01  -2.8306334e-01  -1.8578759e-01  -2.6198396e-01   8.8877859e-02  -9.1858629e-02   6.8985080e-01   1.8174893e-01  -1.5972701e-01   3.5316368e-01  -1.2023179e-01   8.5593490e-01   6.9374353e-02   5.2953798e-01  -3.2539346e-01  -8.7268481e-02   6.7304795e-01  -1.4527226e-01  -3.0957647e-01   2.1861579e-01  -2.0620709e-01  -3.0840919e-01   1.0820691e-02   4.4241670e-01  -3.1798466e-01  -1.9220731e-01  -1.7950428e-01  -4.9200535e-02  -8.4172210e-02   1.3838763e-01  -4.9584395e-02  -5.2593073e-01  -3.9951896e-01  -3.2171332e-01  -1.4077663e-01   8.2986144e-01  -1.5457685e-01  -2.4263312e-01  -2.3287615e-01  -4.0776582e-01   5.4421418e-01  -2.4228350e-01   6.6113987e-01  -1.4484803e-01   3.4863230e-02  -2.9072822e-01   8.3852339e-01   3.8534870e-01  -3.8387641e-01  -2.8139425e-02   8.0326009e-02   5.3397288e-01  -1.4006776e-01  -4.0864254e-01   5.4144857e-01  -4.1482141e-01  -2.4364769e-02   1.8347382e-01  -9.4442393e-02   2.8772480e-01   2.5378212e-01   6.7612578e-01   6.7278354e-01   1.5568028e-01   8.1776663e-02   2.1075186e-01   2.5432971e-01  -1.9266731e-01  -5.1118429e-01  -1.3492685e-01  -4.5560570e-01  -2.7735454e-01   7.8135405e-01  -9.0852184e-02   5.6274314e-01  -2.3511445e-01  -5.8121762e-03   6.3400408e-01   5.7324901e-01  -3.9492506e-01   5.4116453e-01  -1.1193166e-01  -2.4752426e-01  -1.4850008e-01  -5.5876844e-01  -3.3804398e-01  -1.2221516e-01  -4.9520676e-01  -2.9538130e-01   5.9846889e-01   5.7517958e-01  -3.5072048e-01  -1.3535362e-01   4.7775463e-01  -2.1278257e-01  -1.0795996e-01   6.3036552e-02   1.1723957e-01  -1.4863179e-01
  -5.2006716e-02   0.0000000e+00  -5.9592097e-02  -5.5379586e-02   4.4568144e-01  -3.3983329e-01   1.5867431e-01  -1.5003365e-01   9.1868947e-02  -1.0480030e-01  -6.7369129e-01   5.4013313e-01  -1.6452498e-01   1.3226000e-01  -3.3376055e-01  -2.9210064e-02   9.8801444e-02  -6.4095351e-01  -3.5685179e-01   3.3351250e-01  -3.4616811e-01  -3.4612574e-01  -3.0349237e-01  -2.1432300e-01   8.7841494e-02  -1.8852494e-01  -7.2205588e-02   3.1564691e-02  -1.5051824e-01  -1.4849159e-01  -3.0974496e-01  -2.6003654e-02  -6.2969444e-02   2.7620675e-01   3.0555588e-01  -3.2736736e-01   2.0336958e-01  -3.1851278e-01  -9.6507321e-02   2.5725159e-01  -9.1950075e-02  -7.0265727e-02   3.8969735e-01  -5.0990126e-02  -4.1224232e-01  -1.3218570e-01  -4.9724392e-01   1.8868399e-01  -1.1654311e-01   4.7477391e-01  -6.0804967e-01  -1.3327214e-01   3.8370151e-01   2.4464741e-01   9.7625501e-03  -4.6939311e-01  -1.3134918e-02  -4.0385749e-01  -3.1710587e-01   1.4037283e-01  -1.3204427e-01  -9.9960565e-02   5.0433723e-01  -2.9878092e-01   6.8198196e-02  -5.4958000e-01  -2.5742809e-01   1.0165019e-01  -4.4634775e-01  -2.8232133e-01   5.8139098e-01  -5.1219613e-01  -8.4592767e-02  -4.3590407e-02   3.1124237e-03  -2.1589675e-01  -1.5201520e-01  -3.1370992e-01   3.3185279e-01  -1.0586693e-01  -1.8091539e-01   2.0409326e-02  -2.5824088e-04  -1.5061694e-01   1.2908413e-01  -1.6657496e-01   1.5524669e-01   7.6931273e-02   2.6953359e-01  -2.8338943e-01   5.1973457e-01  -1.1278650e-01   6.5045961e-01  -4.0939183e-02  -3.8222782e-01   5.9791593e-01  -1.2726970e-01  -4.6370352e-01  -9.0493776e-02  -3.1119210e-01   3.4921314e-01  -3.4062538e-01  -1.4797430e-01  -2.6027319e-01  -3.2142241e-01   2.7029590e-02   2.1781838e-01  -4.9278369e-01   2.5641008e-01  -5.9454470e-02   2.6593474e-01  -4.0882345e-01  -1.0880150e-01  -2.4514543e-01   1.8210220e-01   6.6300610e-01  -2.4246032e-01   4.0230901e-02   8.0854638e-02  -1.1497207e-01  -4.1629866e-01   5.5685841e-01   4.6257493e-01  -2.3387107e-02  -1.2369340e-01   1.7522372e-01   1.7660344e-01   9.6996563e-02  -1.2007376e-01  -3.2540239e-01   5.2264841e-03  -2.9411395e-02   2.6005796e-01  -5.1101100e-02   2.1201131e-01  -6.7835412e-02   1.3334202e-01  -3.7146654e-01  -2.8130225e-01  -2.7278050e-01  -1.3100671e-01   1.7560084e-01  -2.7954997e-01   5.1463246e-02  -1.1453046e-01   5.7247859e-03   4.5578991e-01  -2.2794496e-01   8.9688480e-02  -3.7779192e-01  -1.9309515e-02   1.5818992e-01  -2.3466791e-01  -2.0623764e-01   3.8263212e-01  -2.6841657e-01  -3.5654329e-01  -3.0776390e-01  -5.2294247e-02   8.5335665e-02  -1.5283836e-01  -2.8743561e-01  -2.0382032e-01  -5.0080457e-01  -1.2980250e-01   4.9387063e-01  -1.7384973e-01   1.2280061e-02  -3.4551510e-01   6.3403550e-01   5.1898759e-01  -2.1599260e-01  -6.0233679e-01   8.1868717e-02   2.2529781e-01   2.3743758e-01   9.3081505e-05
   3.9170572e-01  -5.9592097e-02   0.0000000e+00  -3.9155126e-02  -2.3160975e-03   4.6684351e-01  -3.5374054e-02  -1.4970179e-01   1.4215885e-01  -2.7048492e-01   1.0148084e-01   9.3650419e-02  -1.9292103e-01  -7.8059800e-02   5.8083047e-03   2.1553311e-02   8.2600999e-01  -3.6977150e-02   1.8134450e-01   5.6900930e-02  -1.7863895e-01   1.3760749e-01  -3.6489651e-01   3.0063451e-01   9.5313994e-02  -1.7773472e-01   3.5028907e-01  -8.5408869e-02   2.7519042e-01   1.5156587e-01  -2.7422333e-01  -6.4552139e-02   1.1520407e-02  -3.3442757e-01   1.3232019e-01   1.5925027e-01  -1.5451015e-01   1.8793520e-01  -6.8141603e-02   4.0362190e-01  -1.5398933e-01  -7.8103403e-02   4.6919362e-02   2.9890790e-01  -2.3735777e-01   5.1696396e-01   1.1115990e-01  -6.7198083e-02   9.4023559e-02   3.4807232e-01   1.3359710e-01  -1.4558661e-01  -1.0153206e-01   3.2663494e-02   2.4214368e-02   1.4216961e-01   3.3664988e-02   7.8381505e-02  -1.7114477e-01  -7.6113474e-02   6.2568159e-01  -2.4183374e-01   6.4280846e-02  -5.1318059e-02  -2.1496620e-01   9.0661170e-02   4.4330225e-01  -1.8504901e-03  -7.8156238e-02   6.9172962e-01  -1.3310364e-01   8.5298404e-02  -2.8456094e-01   3.3423769e-01   2.7612513e-02  -1.6201567e-01   6.0303917e-01  -1.6495319e-01  -4.0012015e-02  -2.8712618e-01  -3.2775377e-01  -1.2793560e-01  -6.7629695e-02  -8.7939302e-02   4.0155818e-01  -1.6483744e-01  -7.7685753e-02  -4.0379133e-01  -7.2979437e-02   3.3552416e-01  -4.0873118e-02   6.0540995e-01  -1.2745033e-01   5.1245252e-02   4.2475877e-01  -3.1382742e-01  -7.2603234e-02  -7.3702600e-02   5.4912922e-02   5.2484434e-02  -2.3739262e-01   2.2694107e-01  -2.8384489e-01   5.1760962e-02   4.3295295e-02  -5.5218105e-02   3.9532683e-02   4.6821021e-02  -8.5255079e-02  -7.9306245e-02  -3.5843708e-01   1.6175576e-01  -9.0422018e-02   3.2593802e-01  -3.1875317e-01  -2.5007666e-01  -1.8325143e-01  -4.3267057e-01  -7.0334162e-02  -1.0807008e-02   3.3483771e-01  -7.7685837e-02  -3.8755090e-02  -2.0007862e-01   3.8967065e-01  -1.4407249e-01  -3.0487907e-01   2.9209019e-02   6.0222749e-02   7.2108627e-01  -5.2896267e-02  -5.6177925e-01   1.7142187e-01  -4.9418740e-01   7.4029858e-02  -3.5571921e-01  -1.3079002e-01   1.1201212e-01  -1.0158315e-01   2.8807855e-01   3.2367155e-01   9.0312594e-02  -4.6674839e-02   3.0756317e-01  -2.4276553e-01  -5.4945680e-01  -1.7276024e-01   1.5171896e-01  -1.9881069e-01  -9.5145397e-02   1.8915274e-01  -5.2816235e-01   3.4201248e-01   1.9165891e-01   5.0380511e-01   2.2261471e-01   3.2843966e-01  -3.7271816e-01   5.5460519e-01  -4.7169170e-01   2.6873262e-02  -4.6618658e-02  -4.7423131e-02   4.4120606e-02   4.7890786e-02  -2.8546546e-01  -1.8678010e-01   1.3386510e-01   4.6322134e-01  -4.5445761e-01  -2.4759463e-01   1.0568169e-01  -1.1724782e-02   3.7706938e-01   1.5985446e-01   5.6534666e-02   4.1291916e-02
  -2.6030057e-01  -5.5379586e-02  -3.9155126e-02   0.0000000e+00  -1.3965035e-01   2.3701861e-01  -1.1466241e-01   4.0286331e-02   1.4361809e-01   1.5177284e-01   3.4505301e-01   8.2125246e-02  -1.5897033e-01  -1.9073451e-01   9.5866208e-02   2.5897566e-01  -7.3621285e-02   2.1417701e-01   3.3800542e-01  -2.8089215e-01   2.4287301e-01   5.6042927e-01  -9.8408737e-02  -3.0857433e-01  -9.1061744e-02   3.6316982e-01   2.0490680e-01  -3.2298679e-01  -5.3057119e-02   2.4501253e-01  -1.9304650e-02   3.1420847e-01   1.9408192e-01  -1.7455440e-01   1.0458373e-01   1.1512284e-01  -1.0522433e-01  -2.6880032e-01   3.0764069e-01  -1.2788796e-01  -5.4098948e-02   1.2707514e-01  -1.8233872e-01  -2.8015786e-01   3.7260042e-01  -1.4503013e-01   3.2164951e-01  -9.8816875e-02   1.8349526e-01  -4.0875624e-01   3.1857122e-01   2.1580731e-01  -8.7146420e-02   2.2138138e-03   1.0676228e-01   2.7514507e-01   3.3201836e-01   6.2973117e-01   3.0665325e-01   4.1192043e-01   8.9096468e-03   4.5866415e-01  -3.1372751e-03   2.9735114e-01   1.9275318e-01   1.9801092e-01   2.3446257e-01   5.7727860e-02   4.3996279e-01  -1.8436480e-01  -3.2018857e-01   6.0023732e-01   1.3045901e-02  -1.2894366e-01  -1.9751444e-01   2.2810741e-01  -2.7108256e-01   2.0375023e-01  -1.6061749e-02   4.9638044e-01  -1.8314464e-01   1.0279883e-01  -2.5133236e-01   1.8268185e-01  -1.8551694e-01   1.0094063e-01   1.1154604e-01  -2.1467319e-01  -8.9799333e-02  -2.2958569e-01  -1.0012835e-01  -9.8162180e-02  -1.4226938e-01   4.3323907e-01  -8.6263632e-02  -1.8698412e-01   5.2540267e-01   8.3961178e-02   1.5501148e-01   3.2374703e-01  -3.0179278e-01   9.9701944e-02   2.5155897e-01   6.0180106e-01   5.0291271e-01   4.7234508e-01  -8.8325908e-02   2.6345034e-01   1.0766314e-02   1.4175623e-01  -1.6490011e-01   3.7976299e-01   5.7158698e-01  -2.3763784e-01  -1.6376578e-01  -1.9042409e-02   1.3065432e-01   6.3927794e-03  -2.1337475e-01   7.0958998e-01  -1.5828120e-01   3.4799535e-02  -1.5423420e-01   3.2394716e-02  -2.9740331e-01  -5.5290820e-02   1.5908258e-01  -1.7542622e-01   4.6370077e-01  -8.6828799e-04  -7.1910062e-02  -8.6051309e-02  -7.7585524e-02  -1.6611973e-02   5.0724137e-01  -9.8740218e-02   1.4346371e-01  -3.4612612e-01   1.2376157e-01  -2.8307402e-01  -2.1515835e-01  -5.4280655e-01   1.7550764e-01  -9.1674732e-02  -2.3329565e-01  -1.0480705e-01  -2.0173617e-01   1.4019864e-01  -1.4593256e-01   2.4581024e-01  -3.5331780e-01  -2.8350449e-01  -1.4443859e-01   1.1991548e-01  -4.9387730e-03  -2.7107473e-01  -7.6868372e-02   3.2174665e-01  -1.4878383e-01  -2.3146252e-01   2.5806670e-01   9.5489670e-02  -7.2604256e-02   4.9809668e-01   4.4870630e-01   5.0271095e-03   1.1411725e-01  -2.7450652e-01  -5.8306325e-02  -1.9152927e-01  -1.1337219e-02  -2.4122150e-01   4.7739185e-01   7.2268843e-02   1.4677233e-01  -2.9647100e-01   6.2180269e-01
  -1.4721587e-01   4.4568144e-01  -2.3160975e-03  -1.3965035e-01   0.0000000e+00  -1.9686885e-01   9.7597274e-02  -2.0699217e-01   2.5010062e-02  -3.0580483e-01  -3.5920116e-01   4.6922128e-01  -1.4827513e-01  -1.0339813e-02  -7.9305731e-02  -2.7843484e-03   6.7462581e-02  -2.7683813e-01  -1.8758526e-01   6.0609685e-01  -2.5691122e-01  -1.7820188e-01  -2.7289501e-01  -1.8785127e-01  -2.4297985e-02  -2.7113925e-01   2.0962274e-01  -1.3121907e-01  -2.3583497e-02   2.1349456e-02  -2.8435880e-01  -2.9378436e-01  -7.1345109e-02   1.0409717e-01   4.2847161e-02   2.0625459e-01   1.5727968e-01  -1.2510463e-01  -2.6626165e-02   2.4031114e-01   3.0931467e-02  -9.7542434e-02   2.2532480e-01  -5.6756592e-02  -1.7158275e-01  -7.9790103e-02  -5.1668905e-02   1.8659144e-01   2.6092385e-01   3.1707772e-01  -3.2698353e-01  -2.6095159e-01   1.7812969e-01   4.0318365e-02  -1.0692501e-01  -2.2688561e-01  -3.7066748e-02  -4.1288236e-01  -1.0470430e-01  -1.4530748e-03  -1.8969182e-02   2.2201854e-01   3.0072275e-01  -2.5108120e-01   1.5432586e-01  -1.3588580e-01  -3.1691034e-02   2.1924547e-01  -6.8078388e-02  -1.6255006e-01   2.1485220e-01  -2.2198935e-01   2.2154487e-02  -8.9634730e-02   1.6946350e-01  -3.7493119e-01   1.6678181e-02  -4.5746147e-02   6.3237225e-01  -2.8400160e-02  -3.3840019e-01   1.5004871e-01  -1.5269034e-01  -2.5725741e-03  -1.9918144e-02  -3.1785588e-01   1.5489002e-02  -3.1674144e-02   3.3719688e-01  -1.0601064e-01   7.1328035e-01  -2.2493953e-02   3.9560703e-01  -5.1016078e-02  -1.3934874e-01   5.8938197e-01   1.4162724e-02  -2.2298334e-01   3.6779444e-01  -1.8080465e-01  -3.3706810e-02  -2.1963734e-01  -8.1375077e-02  -2.6868388e-01  -4.0635097e-01  -2.0626297e-01   1.0986892e-01  -2.0504910e-01   7.9001017e-02   1.7127677e-01   9.4041474e-02  -1.5237331e-01  -1.3564430e-01  -9.0059885e-02  -9.8543667e-02   5.5565976e-01  -1.5714363e-02   4.5888987e-02  -1.1873804e-01  -1.1095802e-01  -2.0818773e-01   7.0919994e-01   3.6674549e-01  -7.3096616e-02  -8.7104003e-02  -4.5238012e-02   3.4784802e-02   2.7213642e-02  -3.8757606e-01  -2.8459714e-01   5.5746388e-02  -6.0336581e-02   4.8897326e-02  -2.2198867e-01   1.3498668e-02  -2.0949414e-01   4.1148006e-03  -4.5234853e-01  -3.2307946e-01  -9.9072383e-02   9.9276587e-04  -1.6222171e-02  -1.3049267e-01  -1.0919455e-01  -4.0320198e-01  -1.6850530e-01   2.0216328e-01   2.2563382e-01   1.9565413e-01  -5.5796163e-02  -9.5692306e-02  -6.4080185e-02  -1.8957141e-01  -7.2736636e-02   8.3339443e-02  -2.2484353e-01  -2.2190420e-01  -9.2966863e-02  -2.1393722e-02  -1.5462360e-01   1.2934643e-01  -1.1940477e-02  -1.9189463e-01  -2.1480856e-01  -1.5130674e-01   3.8521498e-01  -1.7348831e-02  -8.0577366e-02  -2.1228279e-01   3.3760203e-01   5.9184928e-01  -6.3947232e-02  -1.7033032e-01  -6.0020434e-02   1.2786798e-01   1.5280562e-01  -1.7025962e-01
   2.0298425e-01  -3.3983329e-01   4.6684351e-01   2.3701861e-01  -1.9686885e-01   0.0000000e+00  -1.5432104e-01   1.3047973e-01  -1.2053623e-01  -1.3872679e-01   3.7542554e-01  -2.3851963e-01  -3.7986987e-01   7.2685268e-02   2.1741657e-01   6.0248351e-02   1.8615315e-01   2.1628210e-01   6.1173634e-01  -2.9580949e-01   1.1848272e-02   2.4771311e-01  -2.2245272e-01   1.3083835e-01  -2.4782053e-02   2.2553590e-01   1.8380710e-01   3.2096348e-02   1.7923171e-01   8.4735691e-02   3.6574457e-02   1.4008305e-01   1.5461436e-01  -4.2958336e-01  -2.6450747e-01   1.1080069e-01  -1.0629288e-01   6.1609753e-02  -1.2785261e-01  -6.7133860e-02  -2.3105087e-01   6.7094078e-02  -3.7680600e-01   2.3597152e-01  -4.2441157e-02   5.2758137e-01   3.4488683e-01  -1.6831641e-01   1.3719686e-01  -1.6941040e-01   4.4836551e-01   2.0965992e-01  -4.5222161e-01   2.1052389e-01   1.0708727e-02   5.6062248e-01   2.4717927e-01   3.3505836e-01   1.0053579e-01  -9.7282748e-02   5.5987313e-01  -2.2118277e-02  -4.7149762e-02   1.2436593e-01  -2.0170852e-01   2.7076069e-01   8.1401606e-01  -1.2554435e-01   3.0839363e-01   6.2688866e-01  -5.6787844e-01   2.2889724e-01  -2.8846735e-01   5.1071633e-01  -1.3380180e-01  -9.9897823e-02   4.7471850e-01   1.9614460e-02  -3.5004001e-01  -2.7302759e-02  -3.6520674e-02  -2.5782538e-01   4.7403798e-02   1.0111360e-01   4.4238777e-01   7.3670907e-04  -3.0753543e-01  -2.2288808e-01  -2.3278185e-01   1.6016250e-01  -3.6154870e-01   4.9012596e-01  -3.1068392e-01  -4.8959654e-02   2.8059817e-01  -2.9551882e-01  -2.1111031e-03   3.5463623e-01  -1.3687484e-01   2.9504977e-01  -1.6798310e-01   5.1723759e-01   1.4149054e-01   2.0164308e-01   3.2480000e-01   2.7081858e-03   1.8003232e-01   3.9895612e-01  -3.6292513e-03   1.9426810e-01  -5.0272096e-02   5.1751931e-01   8.8551452e-02   9.7405450e-02  -4.6777134e-03  -4.6959860e-01  -3.9358063e-02  -3.3751520e-01   2.2105325e-01   2.7054935e-01   4.2872827e-01  -3.5973978e-01  -1.8894680e-01  -2.8004139e-01   2.4038658e-01   2.3161922e-01   4.5051320e-03  -7.2125560e-02   7.5551735e-02   6.9738168e-01  -2.3024097e-01  -4.4327593e-01   6.0632713e-02  -4.1204053e-01  -8.8789085e-02  -2.0446558e-01  -1.0228131e-01  -2.0905727e-02   3.2392583e-01   1.0475911e-01   3.9241979e-01  -1.4807279e-01   3.6277154e-03   6.1101800e-01   1.2058465e-02  -2.8116868e-01  -3.9684332e-01   1.2539748e-01  -1.7727167e-02   6.2487115e-02   3.0175765e-01  -4.3505537e-01   5.1435305e-01   5.8330188e-02  -1.2593743e-01  -4.5951098e-02   4.3842070e-01   1.8351250e-02   4.0195689e-01  -2.0311324e-01  -5.9842760e-02   9.1393922e-02  -4.8606860e-02   3.9421096e-01   2.7027363e-01  -4.5340355e-01  -2.2368863e-02   2.4522138e-02   5.5059187e-01  -4.9548516e-01  -3.7968911e-01   1.0115541e-01   2.3138872e-01   4.5277922e-01  -1.2857935e-02  -8.7544660e-02   1.4879732e-01
  -4.6873834e-01   1.5867431e-01  -3.5374054e-02  -1.1466241e-01   9.7597274e-02  -1.5432104e-01   0.0000000e+00  -3.1149701e-01   5.9126916e-02   2.7685145e-01  -2.3830431e-01   1.7504994e-01   2.3029963e-03  -5.4301269e-01  -2.0391602e-01   1.4810198e-02   9.9617571e-02  -6.2994080e-02  -1.6565048e-01   4.9000771e-01   2.4976693e-01  -5.5000033e-02   6.2676474e-01  -5.2312406e-01  -2.6611661e-02  -4.2268581e-01   4.2730865e-01  -5.3385529e-01   2.2900013e-02   1.5637496e-03  -3.2736898e-01  -3.2849645e-01  -2.9069433e-01   7.2898346e-01   5.0255169e-01   3.6530166e-01   3.6796903e-01  -2.4125333e-01  -1.3249949e-01   3.6509573e-01  -6.9203185e-02  -2.5009859e-01   2.4892813e-01  -3.9300535e-01   2.5787657e-01  -4.6839810e-01  -1.0033694e-01   7.5880405e-01  -1.2609791e-01  -1.2558207e-01  -9.3212488e-02  -3.9112037e-01   2.8210162e-01  -2.0741520e-01  -3.2757114e-01  -3.2925275e-01  -4.8436686e-01  -9.5377994e-02   4.8207179e-02   1.5720237e-02  -4.2587469e-01   1.0015646e-01  -1.4227975e-01  -3.0551168e-01  -1.3705856e-01   2.6593612e-01   1.2793386e-02  -3.1598596e-01  -1.0942223e-01  -3.4947889e-01   2.7262876e-01  -8.0371388e-02   7.6665530e-02  -5.5395566e-01  -2.9502512e-01  -1.4681002e-01  -3.2889845e-01   8.8269673e-02   4.4373624e-01  -5.7603960e-02   4.1919855e-01   9.1815411e-02  -3.2458307e-04  -2.7654930e-01  -4.6389234e-01  -1.9670735e-01  -3.3046252e-02  -4.9222285e-01   2.2237422e-01  -5.2708816e-01   8.7990358e-03  -3.9690721e-01   3.9047639e-01   2.0903094e-01  -3.4067543e-01  -3.6521914e-02   9.7750898e-02  -3.9495306e-01   6.6687390e-02   3.3794777e-01  -9.5444059e-02  -2.7095391e-01   2.3903805e-01  -3.4324101e-02  -9.0963867e-02  -2.8445513e-01   2.6611013e-02  -4.1409707e-01  -1.2739013e-01   3.1193863e-01   5.1939553e-01   1.3619992e-01  -2.0098449e-01  -4.4280898e-01   5.2798944e-02   3.4433020e-01  -2.6318249e-01   2.5967924e-01  -4.4338237e-01   1.0389915e-02  -4.6848955e-01   1.9706020e-01  -1.7478894e-01  -4.9809534e-02  -3.8907150e-01  -4.6301731e-01   2.1825555e-01  -6.0527184e-02  -1.6114524e-01  -2.3060643e-01  -1.4080020e-02   1.7765177e-01  -3.8155111e-01   1.0543030e-01  -1.1547009e-01  -2.3772313e-01  -3.0333820e-02  -8.9912934e-02  -3.5544063e-01  -1.8005098e-01  -2.2037664e-01  -1.0238029e-01  -2.6987900e-01  -4.4757748e-02  -1.4320220e-01   4.6645537e-02   5.7091777e-01   2.0168258e-01   7.8997402e-01   8.3586334e-02  -5.5453413e-01   8.9095383e-02  -4.3444991e-01  -3.2634516e-03   3.1758211e-01  -2.3698479e-01  -4.0155143e-01   9.0432853e-02  -4.0181248e-01   2.7661653e-01   6.7439731e-02  -6.9468266e-02   5.8264261e-01  -4.1137438e-02  -4.0404102e-01   7.2792613e-01   3.4524593e-01  -4.8163939e-01  -3.3477314e-01   2.1368454e-01   2.3369887e-01  -4.6452785e-01  -1.4055310e-01   1.5808090e-01  -8.9289789e-03  -1.3811502e-01  -1.7094673e-01
   2.0490467e-01  -1.5003365e-01  -1.4970179e-01   4.0286331e-02  -2.0699217e-01   1.3047973e-01  -3.1149701e-01   0.0000000e+00  -6.4924696e-02  -1.7024367e-01   2.4758478e-01  -1.2309502e-01  -2.0995428e-01   2.8032674e-01   2.7517504e-01  -7.0266269e-02  -2.1935786e-01   1.7932169e-01  -5.0091024e-02  -4.6032721e-01  -1.7342319e-01  -1.4275193e-01  -1.0045407e-01   1.4370480e-01   1.2231652e-01   2.1201983e-01  -4.4725082e-01   3.0173048e-01   2.5018672e-01  -7.5862919e-02   2.6379590e-01   3.0275311e-01   1.5495466e-01  -6.5425089e-02  -1.3921751e-01  -2.9345404e-01  -1.7767586e-01  -2.2700658e-02   4.8249077e-02  -2.6622804e-01  -1.4358120e-01   1.1351122e-01   1.1112579e-02   2.9170374e-01  -1.0582612e-01   2.0852745e-01  -8.8897376e-02  -2.4255824e-01  -1.5494286e-01   2.9683696e-02  -1.9312363e-02   6.8959396e-01  -1.9223596e-01   1.8331721e-01   2.0701505e-01   1.8916281e-01   2.7245429e-01   8.6557718e-02  -7.1033311e-02   3.3280489e-02   1.4179383e-01  -2.4163686e-01   1.0045379e-01   3.8748465e-01  -1.4574825e-01  -8.2214176e-02  -1.5621117e-02  -6.5365320e-03  -2.2247340e-02   1.1265376e-01  -2.1793245e-01   7.8317111e-02  -1.2031852e-01   2.5684836e-01  -1.2521492e-01   4.9703782e-01   6.7754322e-02  -4.9139648e-02  -3.0282886e-01  -5.8518676e-02   1.7602175e-01  -1.1632024e-01   2.0544123e-01   3.0008093e-01   1.8272983e-01   6.5969378e-01  -9.2044764e-02   2.1170394e-01  -9.4115584e-02   1.1437660e-01  -1.9643915e-01   8.8582227e-02  -5.2917087e-02   4.0250852e-02   1.2077479e-01  -1.3649720e-02  -8.4545021e-02   3.8161511e-01  -2.8714357e-01  -1.9560127e-01   1.3708587e-01   2.9936914e-01   2.4345351e-01   5.4777900e-02   2.3048866e-01   3.3384029e-01  -1.0286641e-02   2.6545997e-01   2.7429170e-02  -2.4773744e-02  -1.8852742e-02  -4.1321642e-02   4.2098579e-02   1.1901756e-01   1.8174742e-01  -2.1240687e-01   7.5094030e-02  -1.8568467e-01   3.4030835e-01   2.0785348e-01   9.7738422e-02  -2.2484642e-01   8.6122482e-02  -7.7955418e-03   8.0013408e-02   3.9170459e-01   7.8673551e-02  -7.2280013e-02   2.7926924e-01   8.0738111e-02  -4.0760680e-02   2.3482827e-01   1.5669993e-01  -1.0659541e-02  -7.3086720e-02   6.2773035e-01   1.2869039e-01   1.1335269e-01   5.9294785e-01   5.5986805e-02   3.5787049e-02  -1.3403737e-01   1.5521440e-01   7.2199324e-02   2.5516112e-01   2.3966273e-01  -1.8525973e-01  -2.5916323e-01  -2.0558991e-01   2.2176768e-02   2.2548486e-01   2.8152040e-01   1.4655369e-01   1.9619269e-01  -1.9550085e-01   1.9195141e-01   2.0241735e-01  -9.5133515e-02   1.9369937e-01   2.5378373e-01   6.8134680e-02   1.1662007e-01  -1.6689271e-01  -1.5910029e-02   1.2355924e-01  -2.6792818e-01   1.2728162e-01   2.2673608e-01   2.5866066e-01  -1.2245246e-02  -7.9281361e-02  -1.5524333e-02   8.2891698e-02   2.2338679e-02  -1.1986786e-01  -1.9046016e-02   8.2623428e-02
   1.4508566e-01   9.1868947e-02   1.4215885e-01   1.4361809e-01   2.5010062e-02  -1.2053623e-01   5.9126916e-02  -6.4924696e-02   0.0000000e+00  -5.9479347e-02   6.2998359e-02   3.3293019e-02   4.5996063e-02  -3.3770132e-02  -3.8880431e-03  -2.7630186e-02   2.7662221e-01   2.9049220e-02  -4.9320761e-02  -1.3861944e-02   3.8551494e-02   9.0696603e-02  -9.8071490e-02   7.9768728e-02   9.2239483e-02  -1.6609039e-02   2.9189701e-01  -1.7835165e-01  -1.0304755e-01   5.8153298e-01   1.4039703e-01   3.5012909e-02  -2.1517008e-02  -9.2830841e-02   2.3163784e-01  -2.7980262e-02  -9.5261974e-03   1.0093480e-01   1.2447577e-01   2.7161270e-01   3.2490921e-02  -1.8736848e-01   3.1025491e-01   5.1818972e-03   7.3846793e-02  -1.6681987e-02  -4.8299818e-02   3.0703146e-02   1.2456468e-01   5.2197796e-02  -4.8547853e-02  -1.5222748e-02   5.9892457e-01  -2.7751958e-01   1.1917786e-01  -1.8129831e-03  -2.7169686e-01   9.2227875e-02  -3.8758229e-03   5.5732275e-02  -1.1625606e-01   8.9611612e-02   2.5816241e-01   4.7501917e-01   6.5035728e-01  -4.6956416e-02  -8.3016209e-02   3.5092404e-01   6.3500568e-02   1.6734284e-02   1.6812473e-01   6.5182322e-03   3.7899682e-02  -1.2474773e-01   3.4951973e-02   2.7292865e-02  -3.4025604e-02  -2.8642830e-02   4.0536253e-01   5.5447440e-02  -1.6453228e-01  -9.9438126e-02  -1.8708717e-01  -1.1603535e-01  -4.3096155e-02  -6.4752494e-02   4.8866862e-01  -1.3975685e-01   1.0181407e-01   2.5396433e-01   3.5152452e-01  -2.2570442e-01  -2.1967311e-01   2.2812472e-01   1.8117871e-01  -3.8839598e-01  -2.8468777e-03  -9.7030198e-03   2.7554394e-01  -2.1985140e-02  -2.2619084e-01  -1.4375455e-01  -2.3136716e-01   5.1203469e-01   2.2568338e-03   1.1005696e-01  -1.5064877e-01   1.0104789e-01  -1.2051442e-01  -1.6895846e-01  -3.8566358e-01  -1.7258670e-01   7.5635974e-02   2.3686580e-01  -4.3279524e-01   3.4934227e-01   5.4299444e-02  -1.3620936e-01  -2.5452519e-01   1.3288744e-01   5.9318282e-03   1.3430977e-01  -1.6310790e-01   4.6406029e-01   1.7908455e-01  -3.0846895e-01  -3.3342853e-01  -1.7600644e-01   1.2816606e-01   1.0519364e-01   7.1130488e-03   4.3109439e-02   9.2028152e-02   2.3026949e-01   2.8562428e-01  -4.8565056e-02  -1.4783537e-01   2.4233995e-01  -1.2864398e-01   2.7754337e-01   3.3790011e-02  -1.1051640e-01   2.2216075e-01  -2.9526603e-01  -3.1210126e-01  -3.6133266e-01  -2.1369367e-01   2.9398734e-01  -2.0478621e-01   2.6300925e-01  -1.0853498e-01  -2.9614818e-01  -1.0704366e-01   1.9651751e-01   4.5003211e-01   2.6865111e-01  -1.1934503e-02   8.0814849e-02  -1.3122234e-01  -3.6803963e-01  -3.6593088e-02  -1.3308788e-01  -2.3811448e-01  -4.4542605e-02   7.3837463e-02   4.1477236e-02  -2.1487655e-02  -1.3380696e-01  -8.5592521e-02  -1.5920463e-01   2.5845488e-01  -1.2950801e-01   2.9688210e-01  -2.2579983e-01   2.3855426e-01  -2.3164174e-01   1.9329840e-01
  -3.5335573e-01  -1.0480030e-01  -2.7048492e-01   1.5177284e-01  -3.0580483e-01  -1.3872679e-01   2.7685145e-01  -1.7024367e-01  -5.9479347e-02   0.0000000e+00  -4.1656004e-02  -2.5534242e-01   2.5130767e-01  -2.3932119e-01  -3.1034454e-01   1.1306934e-01  -8.2980734e-02   3.0139574e-02   1.0270204e-01   1.1683147e-01   3.1382897e-01   4.3710126e-02   5.3079507e-01  -3.0844797e-01  -2.3175651e-02   1.4700366e-01   9.2935440e-03  -1.1566947e-01  -3.6045671e-01  -4.4498385e-02   4.3890088e-02  -9.7593168e-02   7.8853374e-03   3.0737408e-01   4.3289938e-02   6.6317003e-03   2.5095440e-02  -3.1183964e-01   1.3371151e-01   1.1696257e-02   9.8725055e-02   1.4940429e-01   2.2720667e-02  -4.5371050e-01   5.7900651e-01  -3.7000742e-01  -7.9308776e-02   3.9410168e-02   1.5772236e-01  -1.8202270e-01   1.3358253e-01  -1.6089802e-01   1.3007985e-01  -6.0794525e-02  -1.5186110e-01  -2.4038954e-01  -3.5940543e-03   9.1889732e-02   9.5124416e-02   1.1392968e-02  -3.3661436e-01   4.1338707e-01  -1.4153002e-01  -1.2846010e-01   1.9014378e-01  -1.5712779e-01  -9.0042615e-02  -1.9885934e-01   5.8041985e-02  -2.8253830e-01   1.0171040e-01   8.6117006e-02   3.4792005e-01  -2.8309138e-01  -2.5197826e-01  -1.1200352e-01  -4.1533305e-01   1.6110679e-01  -6.3377001e-02   1.8978551e-01   3.8400022e-01   2.0517391e-01  -2.4451055e-02   1.6012476e-01  -3.6688659e-01  -7.1529442e-02   8.3605270e-02  -1.8829257e-02   1.6661957e-02  -3.5879745e-01  -1.7487922e-01  -3.0780915e-01   5.9178738e-02   1.4290680e-01  -4.4755619e-01  -9.2159133e-02   6.8110508e-02  -1.0221524e-01  -1.1666943e-02   4.1482822e-02   2.8085004e-02  -3.8721761e-01  -6.0885308e-02   5.9773084e-02   1.7369632e-02   1.1702429e-02  -1.7031930e-02  -9.3578461e-02   4.0101932e-01  -4.7627925e-02   2.0644734e-01  -1.4605134e-02   1.4636586e-01  -4.1047205e-01   1.3514553e-01   1.5028940e-02   9.1373518e-02   3.0018834e-01  -3.2480075e-01   9.0049265e-02  -3.1712520e-01  -2.1900397e-01  -2.5346312e-01   7.3815307e-02  -3.7320484e-01  -1.7903568e-01   1.6359963e-01   4.9768614e-03   7.7525289e-02  -2.2294936e-01   6.5205460e-02   2.7685157e-01  -2.9186585e-01   3.1105833e-01   9.7823662e-02  -1.5544125e-01   1.1940450e-01   1.8501563e-01  -2.2661807e-01  -3.2591652e-01  -4.3351803e-01  -1.3452867e-01  -8.0984441e-02  -1.1848404e-01   1.4319821e-01   5.1565624e-02   2.6434705e-01  -1.9193181e-01   8.2237849e-02  -1.4180529e-01  -2.5861447e-01   4.8045300e-02  -2.2964083e-01  -1.5921179e-01  -1.3223990e-02  -2.8064401e-01  -4.4739512e-01   1.9682070e-01  -3.3600071e-01   2.1106456e-01   9.8009174e-02  -1.3289607e-01   2.9981393e-01   6.2696500e-03  -9.6928283e-03   1.5456199e-01  -1.4049305e-01  -1.0852800e-01  -3.5670773e-01   4.0123532e-02  -2.2787424e-01  -2.2723578e-01  -8.6600938e-03  -9.4868627e-02  -2.3070707e-01  -2.4656898e-02   5.2687630e-02
  -3.4838609e-02  -6.7369129e-01   1.0148084e-01   3.4505301e-01  -3.5920116e-01   3.7542554e-01  -2.3830431e-01   2.4758478e-01   6.2998359e-02  -4.1656004e-02   0.0000000e+00  -2.6491888e-01  -9.1793889e-02  -2.4464849e-01   4.0857315e-01   1.9292502e-02  -6.8507628e-02   7.3152767e-01   4.3103786e-01  -3.9695817e-01   1.9920939e-01   6.1874329e-01  -2.7624293e-02   1.3860003e-01  -2.8847762e-02   4.4863508e-01   1.3973813e-01  -2.0681478e-01   1.9819523e-01   3.8384167e-01   1.6000672e-01   2.9549149e-01   5.4433896e-03  -3.9552717e-01  -2.8451912e-01   3.6718661e-01  -1.5151823e-01   9.9198715e-02   1.5436349e-01  -3.5435658e-01   1.3991413e-01  -1.1771524e-02  -3.9576879e-01   7.3713563e-02   3.4076377e-01   4.6132254e-02   7.2751708e-01  -1.8298981e-01   2.0294256e-01  -4.7060575e-01   6.9770682e-01   2.8574046e-01  -3.4836049e-01  -2.9247183e-01   1.0099154e-01   6.1679511e-01   4.8872119e-02   7.3015434e-01   5.5424028e-01   1.2332857e-02   5.7556969e-02   1.5203166e-01  -3.3118992e-01   5.1967146e-01  -2.9437818e-02   6.3106711e-01   2.9080189e-01   1.2400046e-01   6.6884856e-01   1.2513734e-01  -5.8850550e-01   7.4002201e-01   4.4618288e-02   2.1299734e-02  -1.2948099e-01   3.2785863e-01  -1.6181061e-03   3.7759194e-01  -2.6092024e-01   1.4341277e-01  -4.7901333e-02  -9.7287744e-02  -1.3772018e-01   3.1874609e-01  -1.3321690e-01   2.5073267e-01  -1.6110113e-01  -1.7551369e-01  -2.8145787e-01   1.7061806e-01  -4.0558715e-01  -7.1952877e-03  -5.8590536e-01   1.6830861e-01   2.7212636e-01  -5.5643380e-01   3.1240857e-01   5.4581834e-01   2.3877693e-01   4.0095839e-01  -5.2802656e-01   4.6777392e-01   2.5281308e-01   5.4696312e-01   6.4607682e-01   3.0390018e-01  -3.3578987e-01   6.5208736e-01  -2.7304314e-01   2.4440305e-01  -3.9241402e-01   6.1915194e-01   2.2285777e-01   1.5922100e-01  -4.4969428e-01  -5.2837903e-01   3.2089327e-01  -1.4468535e-01  -1.9350193e-01   4.0679184e-01   3.2532788e-01  -2.8870359e-01  -3.1824099e-01   1.1150783e-01   1.7497488e-02  -1.4354124e-01  -2.3503330e-01  -2.5860950e-01   2.6325913e-01   2.6077706e-01  -1.3273409e-02  -1.8215421e-01  -4.1700302e-02  -3.8676864e-02  -1.1525672e-01   5.8537882e-02  -2.1479179e-01   1.5155256e-01   4.8269590e-01   9.9812501e-02   2.0139264e-01  -3.5951949e-01   3.3742343e-01  -1.7764875e-01  -1.1955169e-01  -1.7075657e-01  -5.6748982e-01   3.3735318e-01  -1.7653244e-01   3.9044092e-01  -1.4481367e-01  -3.2330858e-01   1.7648582e-01   3.4471217e-01  -1.8149105e-01   1.5673743e-01   3.9843394e-01   4.6345170e-01  -3.9624807e-03  -2.9208373e-01   1.8176262e-01   4.3959632e-01   8.6135008e-02   7.3460239e-01   4.3482877e-01  -5.0716850e-01   2.4011642e-01  -1.0788186e-01   2.3040897e-01  -5.1722218e-01  -3.6978471e-01  -9.7865038e-03   7.7460341e-01   7.9683339e-02  -1.0788453e-01  -3.1568317e-01   3.7933866e-01
  -2.2341944e-01   5.4013313e-01   9.3650419e-02   8.2125246e-02   4.6922128e-01  -2.3851963e-01   1.7504994e-01  -1.2309502e-01   3.3293019e-02  -2.5534242e-01  -2.6491888e-01   0.0000000e+00  -2.3941595e-01  -2.2807688e-01   1.7533643e-01   3.2473577e-02   9.1030144e-02  -2.4345754e-01  -1.1994768e-01   2.9298819e-01  -2.5525505e-01   8.9139090e-02  -2.6269500e-01  -3.1643311e-01  -1.0615771e-01  -7.5852199e-02   1.3888734e-01  -2.2149195e-01   1.4009914e-01   9.3371154e-02  -4.6256009e-01  -5.3522626e-02  -2.9655321e-01   1.8054759e-01   4.1867744e-01   1.3884937e-01   1.5220051e-01  -2.4435573e-01  -1.5823961e-02   2.9109292e-02  -5.6412752e-02  -3.2523646e-01   4.8500891e-01   1.0044324e-02  -2.1910239e-01  -2.0105447e-01  -2.6587453e-02   1.8507690e-01  -1.7864481e-01   1.1658818e-01  -2.2261854e-01  -2.4727425e-01   9.3806930e-02  -1.2250363e-01  -1.7135538e-01  -1.2612433e-01   1.7172535e-02  -6.1233434e-02  -1.4155521e-01   4.7833389e-01  -1.7155367e-01  -7.8760894e-02   2.8552447e-01  -2.5590090e-01  -1.6402821e-01   9.9389230e-02  -6.7151945e-02   1.6162814e-01  -2.2807318e-02  -3.3819345e-01   5.3154886e-02  -2.3429874e-02  -2.3778256e-01  -1.0249113e-01   6.6675210e-02  -1.3936451e-01  -1.5281363e-01   9.4099813e-03   4.2045886e-01   2.6180960e-02  -2.2478266e-01  -4.3927015e-02  -1.7810699e-01   3.9510278e-02  -1.3259501e-02  -1.8882641e-01  -1.9569628e-01  -1.9399097e-01   3.1161137e-01  -2.6165419e-01   2.8633032e-01  -2.2739919e-01   5.7336942e-01   3.6089161e-01  -2.0663146e-01   2.6970045e-01   9.2825584e-02  -3.2683968e-01   2.2355307e-01   8.9497500e-02  -1.7072800e-01  -3.4348873e-02  -1.8204553e-02  -1.7171723e-02  -7.5391100e-02   9.1186651e-03  -1.2413261e-01  -2.2063401e-01  -1.8034004e-01   2.8174843e-01   1.1651387e-01   1.2238142e-01   3.2407299e-02  -2.5063050e-01  -1.6941140e-01   3.5329781e-01  -8.9041014e-02   1.0306937e-01  -8.6848205e-02  -6.5564913e-02  -3.5934797e-01   7.0468351e-01   4.2138847e-01  -8.6074721e-02  -2.1717856e-01  -9.1919705e-02   1.4441028e-01  -1.5884922e-01  -2.9541915e-02  -3.3088900e-01  -9.8738794e-02  -2.5614139e-01   2.1204809e-01  -3.0738115e-01   2.9349556e-01  -1.6061222e-01  -3.4668664e-02  -4.7231297e-01  -1.7085130e-01  -3.2800131e-01  -1.9567616e-01  -8.3362406e-02   2.8542302e-02  -5.6647195e-02  -2.5960231e-01  -1.1981913e-01   1.9041167e-01   1.9261343e-01   2.5045550e-01  -1.2033357e-01  -2.9157231e-01   1.0404651e-02  -3.9803561e-01   2.7797582e-02   3.8591319e-01  -3.2984304e-01  -2.8084435e-01  -1.8476550e-01  -2.2622739e-01  -8.8609772e-02   3.0598668e-01   1.4631325e-01   3.4091342e-02  -6.4535186e-03   8.8924621e-02   4.2295023e-01   1.7569900e-01  -7.3148983e-02  -2.9416574e-01   1.8198569e-01   5.0718878e-01  -3.2950889e-01  -1.6555936e-01   4.1782254e-01   4.0203751e-01  -1.3650989e-01   2.2810395e-01
  -1.7403445e-01  -1.6452498e-01  -1.9292103e-01  -1.5897033e-01  -1.4827513e-01  -3.7986987e-01   2.3029963e-03  -2.0995428e-01   4.5996063e-02   2.5130767e-01  -9.1793889e-02  -2.3941595e-01   0.0000000e+00  -1.3249939e-01  -3.4095237e-01   1.2109454e-01   3.7488824e-02   9.8329847e-02  -1.5371101e-01   1.2075439e-01   1.9830278e-01  -2.0543958e-02   2.6746097e-01  -1.0803958e-01   9.0500466e-02   5.2079027e-02   1.1001660e-01  -1.1062388e-02  -1.8617907e-01   1.7412217e-02  -1.2951861e-02  -2.5477445e-02   1.6528140e-01   9.5653988e-02  -3.7162848e-03  -4.4748585e-03  -4.0332203e-02  -1.0336723e-01   2.6442598e-01   2.5995668e-01   6.0042766e-01   2.0475451e-01   5.6709402e-02  -3.2901698e-01   1.2320294e-01  -3.8338949e-01  -1.2377588e-02   1.2296253e-02   1.0579205e-01   1.4700507e-01   6.6023166e-02  -2.4147323e-01   2.1298695e-01  -9.2624557e-02  -2.2767607e-01  -2.8658971e-01  -1.3797859e-01  -7.3116459e-02   1.7120474e-01  -2.8329029e-01  -3.2334144e-01   1.4907366e-02   8.4673939e-02   2.1695309e-02   2.6126956e-01  -9.6915490e-02  -3.6741323e-01   7.6186768e-02  -3.2690215e-02  -1.6651911e-01   3.7027508e-01  -9.1320663e-02   5.1383424e-01  -4.0082851e-01   1.8323494e-01   1.9620992e-02  -3.6803721e-01   1.0629746e-01   9.9888473e-02   1.5476866e-01   7.5222066e-02   3.3734101e-01  -1.7986176e-01   4.5872750e-02  -4.5012451e-01  -8.5368252e-02   3.1507160e-01  -5.5042006e-02   2.3037575e-02  -1.2114030e-01   3.9956650e-02  -2.9006534e-01  -5.3715123e-02  -1.4262621e-01  -1.9594057e-01   3.2905319e-02   2.2227431e-01  -7.4609716e-03  -3.6559222e-02  -1.7321423e-01   4.3491282e-02  -3.5201058e-01  -2.9914012e-01  -9.1828695e-02  -1.1762090e-01  -7.0418397e-02   3.2356329e-02  -1.9779666e-01   1.0129498e-01  -8.5688758e-02  -1.2987856e-01  -2.2160557e-01   1.3278995e-01  -1.1679089e-01   1.7706775e-03   5.4079813e-02   9.7413228e-02   5.1612799e-01  -2.4733463e-01  -1.2529090e-01  -2.9409133e-01  -1.1392285e-01  -6.9600799e-02   2.9768586e-01  -2.2960962e-01  -4.0475632e-01  -2.4681089e-01   2.0011822e-01   3.0963165e-03  -1.6105244e-01   5.6213348e-01   2.2350725e-01  -3.2465369e-01   3.0048755e-01  -3.4115517e-03  -6.6003352e-02   2.1071005e-01   2.5028078e-01  -3.4425638e-01  -1.5793485e-02  -3.3795875e-01   1.5377042e-01  -4.2746893e-02  -2.6717011e-01  -8.9149704e-02   6.7311156e-02   2.2757496e-01   4.2682617e-02  -9.8624694e-02  -6.5108704e-02  -2.1883165e-01   4.6040641e-02  -2.7265878e-01  -1.5322112e-01   7.5618739e-02  -3.9380387e-02  -3.0040611e-01   1.7239721e-01  -1.6894844e-01  -6.5152246e-03  -4.7640644e-02  -1.2387837e-01   9.8856181e-02  -1.1027772e-01  -8.5231972e-02  -2.0408664e-02  -1.4245952e-01   6.4252812e-02  -2.7372752e-01   1.2990724e-01  -1.1239858e-01   1.2390107e-01   1.8988438e-03  -3.1185465e-01  -2.2360118e-01   1.1468592e-01  -1.5307348e-01
   4.9513964e-01   1.3226000e-01  -7.8059800e-02  -1.9073451e-01  -1.0339813e-02   7.2685268e-02  -5.4301269e-01   2.8032674e-01  -3.3770132e-02  -2.3932119e-01  -2.4464849e-01  -2.2807688e-01  -1.3249939e-01   0.0000000e+00   9.5170008e-02  -1.3120074e-01  -1.2465231e-01  -1.9231108e-01  -1.3106258e-01  -3.5332154e-01  -1.3294471e-01  -4.0756724e-01  -3.6636459e-01   4.0386879e-01   9.1625441e-02  -2.4161992e-02  -6.0119085e-01   6.7364615e-01   1.1768117e-02  -2.3227152e-01   5.2124963e-01   2.0328864e-01   2.3507598e-01  -2.9322654e-01  -3.1045335e-01  -4.4224567e-01  -2.5171855e-01   1.6168436e-01  -8.0691194e-02  -2.4377938e-01  -2.7018259e-02   2.2871628e-01  -1.5029062e-01   2.7125753e-01  -3.6505314e-01   4.6668380e-01  -3.0596828e-01  -3.7479928e-01  -1.3522261e-01   1.8815767e-01  -2.5220769e-01   3.3346238e-01  -1.0345569e-01   3.9046591e-01   4.6957848e-01   7.7590362e-02   2.6493152e-01  -2.8686485e-01  -2.7830434e-01  -7.1466684e-02   3.2213493e-01  -2.4021355e-01   2.2176226e-01   3.7174692e-02  -2.9751120e-02  -5.4682459e-01  -1.1406434e-01   1.1287709e-01  -2.9728374e-01   3.0631007e-01  -5.9720616e-02  -3.5875951e-01  -1.0415069e-01   5.6735416e-01   2.4355400e-01   5.3437763e-02   3.0135919e-01  -2.9611718e-01  -4.1624444e-01  -1.6245067e-01   8.9876512e-03  -1.4461723e-01   3.0123880e-01  -1.6350577e-01   6.4556110e-01   1.8895662e-01   6.0578321e-02   6.9004189e-01  -2.5790089e-01   3.5521532e-01   3.4221236e-02   3.1076675e-01  -9.5821038e-02  -3.4564828e-01   1.8764651e-01   1.4862947e-01  -4.1090026e-01   8.0582251e-02  -3.1314705e-01  -4.1385425e-01   6.1715167e-01   8.3851457e-02  -1.3543652e-01  -2.5654260e-01  -2.1093537e-01   1.7127715e-01   1.6631622e-01   7.0740600e-02   2.4224168e-01  -3.5473160e-01   4.0459697e-03  -3.8631462e-01  -4.7992080e-02   3.1610635e-01   4.0871383e-01  -1.1629677e-01   8.3782509e-02  -3.2677986e-01   5.9958752e-01  -1.0032822e-01   3.0367733e-01  -2.5934913e-01   2.2751977e-01  -2.1922740e-02   4.0895830e-01   6.9118121e-01   5.0782746e-02   8.1174070e-02   6.0130888e-02   1.7373230e-01  -1.6960039e-01   1.7011016e-01   3.9890896e-01   1.7390617e-02  -8.8148943e-02   3.7676230e-01   7.8080952e-02   1.4952573e-01   2.2115539e-01   1.7248198e-01   2.7608649e-01   2.1166555e-01   2.1452248e-01   3.0573432e-01   4.2232376e-01   2.7181405e-01  -1.8127823e-01  -4.6619927e-01  -3.7906317e-01  -1.9972184e-01   7.0547784e-01   2.6299854e-01   3.9355047e-01  -1.0727905e-01  -3.0623984e-01   1.9817499e-01   2.4562386e-01  -2.3434897e-01   3.5425433e-01   1.6049148e-01  -2.3628518e-01  -2.1898213e-01  -4.0783550e-01  -3.5594631e-01   2.1913485e-02  -3.1658568e-01  -2.0568677e-01   3.3573628e-01   3.3723438e-01   1.1390395e-01  -1.3347596e-01   2.7653446e-01  -2.8912010e-01  -1.8873402e-01   6.3923072e-03   2.2947925e-01  -1.0853539e-01
