   0.0000000e+00  -2.9019292e-01  -3.0023902e-01  -3.1146688e-01  -3.0919485e-01  -2.3115965e-01  -2.2419798e-01  -1.3567756e-01  -3.7605572e-01  -1.4242360e-01  -4.9329884e-02  -1.9095496e-01   2.3148990e-01   4.8786740e-01   4.2166453e-01  -2.5322167e-03  -3.9310241e-01   1.4432798e-01   3.1331585e-01  -2.2077232e-01   1.1259544e-02  -1.2557597e-01  -4.7607680e-02   7.7254798e-01  -6.5975719e-02  -5.5377775e-02  -3.9737335e-01   8.2023985e-02   1.2174849e-01  -3.1364041e-01  -3.3269299e-02  -7.4855506e-02  -1.0413600e-01  -6.5120302e-02  -1.0976820e-01  -2.1176913e-01   2.0800496e-01   6.8830033e-01   2.7575172e-02  -3.3526795e-01   5.1876275e-02  -7.8642519e-02  -2.4417212e-01  -8.9741569e-02   3.4125027e-01   7.4882077e-01  -1.1329289e-01  -1.6230348e-01   1.4618151e-02  -2.3295235e-01   2.0156019e-01   7.7311778e-02  -2.2630436e-01   9.8005473e-03   4.6944579e-01  -6.1917869e-02  -1.2484524e-01  -2.1042127e-01  -1.3684002e-01   1.8022945e-01  -2.0587555e-02   7.3551078e-02  -3.4171488e-01   1.3816308e-01  -1.2722617e-01   1.2051454e-01  -3.8938262e-01  -1.1780527e-01  -2.7641289e-01   5.6571396e-01  -2.3097112e-01   4.0787566e-02  -1.2500666e-01   3.6365861e-01  -1.0399373e-01  -2.4373102e-01   4.1731283e-01  -1.7185791e-01  -3.0801277e-01  -1.1491003e-01  -1.2124927e-01  -7.1023635e-02  -9.3156153e-02  -1.5823895e-01   7.1477397e-01  -7.4715257e-02  -2.8404220e-01   4.9022736e-01  -2.1660827e-01   8.4215206e-01  -3.4179522e-01   1.6383639e-02  -2.4249018e-01  -1.3041384e-01   5.0039853e-01  -2.8133054e-01  -8.8058425e-02  -2.1579886e-02  -6.7171652e-02   1.0373224e-01   5.5349162e-01   2.2949192e-01  -9.3344791e-02  -2.7723626e-01   8.2905859e-02  -2.5061349e-01  -2.1045119e-01  -3.0363208e-01   2.5867656e-01  -3.2319837e-01   7.7580924e-02   2.0396228e-01  -2.0057741e-01   8.7341615e-01   3.0277699e-01  -1.4937515e-01  -1.4364496e-01  -5.9754220e-02  -2.3155211e-01  -1.7827690e-01   5.9107959e-01  -1.2878254e-01  -1.0365513e-01  -2.4077948e-01   7.2630597e-01   4.7285360e-01   2.0904305e-01  -2.8231059e-01  -2.6786369e-01  -2.0608084e-01   7.8719517e-02  -5.5826127e-02   1.6226475e-01  -1.5156077e-01  -1.9007017e-01  -3.1373544e-01  -7.6889502e-02  -2.8669251e-01  -2.9486888e-01   7.7486855e-01   7.9682334e-01   2.1252356e-01  -2.9595090e-01  -3.6687914e-01   1.6982835e-01   3.0932160e-02  -2.9512213e-01  -3.1621110e-01  -2.4459523e-01  -9.1947745e-02   6.7152358e-01  -3.8464343e-02   6.7635257e-01   1.2597506e-01  -3.2368851e-01   6.8075366e-01   5.1421190e-01  -5.4634793e-02  -2.8253486e-02   5.1840866e-02   4.4784212e-03  -2.3791766e-01  -1.2989766e-01   2.7599655e-02  -1.3118772e-01  -6.3273609e-02   1.4079221e-01   1.0242116e-01   4.9206252e-01  -1.6176682e-01  -2.2341309e-01   4.4457900e-01  -3.5466537e-03  -3.4375781e-01   1.8033096e-02  -2.2775536e-01  -1.4118899e-01
  -2.9019292e-01   0.0000000e+00   5.7117813e-01  -1.1116145e-01   3.5416087e-01   7.3501957e-02   5.7454984e-01   1.8023283e-01   6.3483680e-01  -1.2826473e-01  -2.9808418e-01   6.3142800e-01  -6.7335817e-02  -4.8128159e-01  -3.6190998e-01   5.1436176e-02   5.5377299e-01  -2.6124065e-01  -2.5785384e-02   9.0127334e-02  -5.8286410e-01  -2.6837991e-01   1.6279289e-01  -4.8279279e-01   3.9386247e-01  -3.2538988e-01   5.1060979e-02  -9.8673659e-02   4.9367597e-02   6.2707135e-01  -6.9815202e-02  -1.0220214e-01   4.1849315e-01   4.5134314e-01  -2.9120777e-01  -3.3736916e-01  -2.8417246e-01  -2.6299478e-01   1.4138712e-01   7.3050781e-01  -5.6892956e-02   1.7089219e-01   7.1956253e-01   2.5153152e-02  -2.1593471e-01  -3.8954706e-01  -4.1427779e-01   7.3459000e-01  -3.6316906e-01   5.2071260e-01  -4.9107988e-01  -2.2473357e-01   8.3735857e-01   8.3303654e-02  -1.1771965e-01   6.7161723e-03  -2.0996234e-01  -5.9559319e-02  -1.3944648e-01  -1.4180696e-01   1.5579921e-01   1.2473770e-02   7.7824766e-01  -9.1813832e-02   4.7112417e-01  -6.2356233e-01   8.0986445e-01   5.2034017e-01  -6.4353029e-02  -9.8853840e-02   8.3480601e-01  -5.6535731e-01   8.6578172e-02   1.7971585e-02   3.3936020e-01  -2.1188573e-01  -1.2952888e-01   8.1605450e-02   6.7954856e-01   1.4070114e-01  -2.4765734e-01  -7.7968846e-02  -3.7686317e-02  -2.5108042e-01  -3.3085892e-01  -3.1982538e-01  -1.9532238e-02  -2.7003212e-01   4.5029873e-01  -3.9716725e-01   6.5089697e-01   1.0709950e-02   3.8835461e-01   4.7493333e-01  -1.6181200e-01   3.5955918e-01  -1.0966494e-01  -8.1103267e-02   1.4962035e-01  -6.8016118e-01  -1.1278822e-01  -3.1472781e-01  -3.6499267e-01   4.9607780e-01  -5.0096260e-01   1.8469786e-01   2.1727791e-01  -6.7479971e-02  -5.3717786e-01   2.9164025e-01  -4.2056721e-01  -6.1185701e-01  -1.7385860e-01  -3.3538090e-01  -2.9194702e-01   6.9330814e-01  -6.3189685e-03   1.0412609e-01   4.0117070e-02  -8.6634551e-02  -5.6256530e-01   5.9532092e-01   6.3948155e-01   5.4458691e-01  -3.2613872e-01  -5.1918787e-01  -1.2556605e-01   2.8898944e-01  -1.0946158e-01   5.7469022e-01   1.4094860e-02  -1.0833821e-01   3.7173827e-01   4.9927893e-01   1.7895307e-01  -5.4139401e-02   1.7378478e-01   4.8452723e-01  -1.8159711e-01  -2.4719693e-01  -2.3340715e-01  -1.1554109e-01   9.7600443e-02   3.9455643e-01  -2.2440581e-02  -4.1759105e-01   5.5253299e-01   1.1350470e-01  -2.9946155e-01   1.0283107e-01  -3.4740128e-01  -1.5502812e-01  -3.1449618e-01  -2.7325718e-01   7.5754363e-01  -3.5550832e-01  -4.3726252e-01  -7.9927941e-02   1.5020096e-01  -5.6974917e-01  -9.8035766e-02   8.6578817e-02  -2.1799418e-01  -3.7535391e-01   4.2675635e-02   2.5909723e-01  -3.8500183e-01  -2.5338932e-01  -3.5680486e-01   6.9522151e-01   6.4234750e-01  -4.1462330e-01   1.4641456e-01   4.2518704e-01   8.9183065e-02   5.9686680e-03   5.0289860e-02
  -3.0023902e-01   5.7117813e-01   0.0000000e+00   9.0958741e-02   3.0849769e-01   3.0940269e-01   1.6231821e-01   3.9792728e-01   2.5212629e-01  -2.6451580e-01  -2.5275477e-01   6.1360792e-01   2.6349631e-02  -3.5812632e-01  -2.9075227e-01   4.9064419e-03   9.0121740e-01  -2.1960435e-01  -1.1088609e-01   2.2480925e-01  -5.0991801e-01  -1.7265398e-01   1.1335656e-01  -4.8138350e-01   2.4123484e-01  -1.7998283e-01   2.6003578e-01  -1.5162003e-01  -9.0503863e-02   1.7814367e-01  -4.5476363e-01   1.6454275e-01   5.2025735e-01   1.7926119e-01  -1.6031382e-01  -9.6398709e-02  -4.4429506e-01  -1.8971908e-01   1.1011211e-01   4.7488063e-01   8.0958526e-02   5.4598480e-01   5.1974771e-01   2.1718300e-01  -2.1866211e-01  -2.4983986e-01  -2.7020148e-01   1.2648921e-01  -9.1815003e-02   7.5415004e-01  -4.0041007e-01  -1.0416347e-01   3.5907852e-01   2.9840167e-01  -2.1544487e-01   3.7807231e-02   3.9165263e-02   3.6149119e-02   5.1362229e-02  -8.7621651e-02   4.7728970e-01   1.0031301e-01   5.1099570e-01  -1.0426394e-01   1.2287922e-01  -5.5264800e-01   5.0158199e-01   8.9814037e-02   1.0544217e-01  -1.2766459e-01   5.4466013e-01  -3.8070454e-01   1.7211546e-01   9.3008961e-03   4.3214880e-01   5.4931672e-02   7.4322266e-02   1.6050270e-01   3.3038750e-01   2.2844136e-01  -1.7833622e-01  -5.4171684e-02   2.7087220e-02  -1.4924465e-01  -1.3112869e-01  -1.2998113e-01  -1.8664794e-01  -2.5954610e-01   3.2174387e-01  -3.5828853e-01   3.9777996e-01   5.4238212e-01   4.5741866e-01   2.8559135e-01   3.5303719e-02   4.2928658e-01   2.5123179e-01   1.7256964e-01   3.3125506e-01  -4.0185610e-01  -1.5088404e-01  -4.6305195e-01  -2.8747526e-01   1.6349263e-01  -2.7558892e-01   3.6640592e-01   6.3125965e-01   2.2171098e-01  -4.7529332e-01   3.0315555e-01  -2.5946380e-01  -6.1629032e-01  -6.1492643e-02  -2.7764183e-01  -1.1774313e-01   3.5462000e-01   7.1665641e-02   1.2024198e-01   2.2920103e-01   5.1369253e-02  -4.3606050e-01   4.1384209e-01   5.8211313e-01   2.7454811e-01  -2.8130118e-01  -2.9003599e-01  -2.5631717e-01   4.6174084e-01   2.2290203e-01   3.9561654e-01   1.6342109e-01  -2.2591362e-02   4.7733365e-01   6.8147001e-02   3.1334624e-01   1.4939932e-01   2.0554757e-01   8.6009948e-02  -1.4815314e-01  -1.5154883e-01  -2.4675804e-01   2.4522497e-02   2.2482807e-01   5.8819823e-01   3.1513478e-03  -2.2517788e-01   5.3420352e-01   2.5823546e-01  -3.3435251e-02  -9.2558364e-02  -2.4245758e-01  -1.9884675e-01  -2.3780281e-01  -1.1993814e-01   6.9156253e-01  -3.1591049e-01  -3.2409459e-01  -9.1411842e-02   6.2306497e-01  -4.2242108e-01   2.1230549e-02   2.4705520e-01  -4.0165578e-01  -2.3164208e-01   1.4541119e-01   1.0551093e-01  -3.0034004e-01  -1.6545297e-01  -3.1097458e-01   4.4332118e-01   4.1774470e-01  -3.7391639e-01  -1.4136453e-01   6.0508201e-01   8.9694575e-02   1.7330864e-01   2.3552754e-01
  -3.1146688e-01  -1.1116145e-01   9.0958741e-02   0.0000000e+00   1.6772874e-01   2.2651011e-01  -6.5431726e-02   2.7719750e-01   1.6265944e-01   2.0192909e-01   4.2917564e-01  -3.0069676e-02   1.1791379e-01  -7.8768354e-02  -2.5101100e-02   2.5330972e-01   1.7173258e-01   1.4859852e-01  -2.0660337e-02   2.8818739e-01   2.2381545e-01   5.1710485e-01  -1.9027977e-02  -4.2681769e-01   4.8323253e-02   4.1151966e-01   3.1284064e-01  -2.7710387e-01   1.1429249e-01  -5.9284985e-02  -3.3252338e-02   5.3411008e-01   1.8770629e-01  -1.2634406e-01   3.3933126e-01   3.1507215e-01  -2.8235746e-02  -2.0617539e-01   5.9063091e-02  -1.7861136e-01   1.6687220e-01   2.4633588e-01   5.5221882e-03   2.7666721e-01   6.2582291e-03  -1.4798978e-01   3.1073414e-01  -2.5541056e-01   2.9539147e-01   1.7925811e-02   1.9387366e-01   3.8040963e-01  -1.7584263e-01   8.2336228e-02  -1.2411538e-01   3.3920852e-01   2.3649010e-01   6.5176808e-01   5.1147969e-01   2.9990309e-01   1.9059616e-01   8.8639452e-02   8.8725975e-02   1.7315438e-01  -1.1115951e-01   1.2036246e-01  -7.3001915e-02  -4.5182875e-02   5.4005621e-01  -3.7740528e-01  -1.6040237e-01   5.0940888e-01   1.6689312e-01  -2.5455402e-02   1.0890558e-01   5.0701061e-01  -2.2725658e-02   3.1332932e-01   4.4516013e-03   3.8026495e-01   1.0002574e-01   1.1713903e-01   1.8145039e-01   1.7063928e-01  -3.0456859e-01   4.5791134e-01   1.4926476e-01  -2.3019603e-01   3.0023500e-02  -3.6738124e-01   1.1463641e-03   1.5930106e-01   1.9820251e-01   2.5148427e-01   1.6548908e-01   1.8110222e-01   4.6239234e-01   3.8355563e-01   1.9875978e-01   2.5864899e-01  -2.6618245e-01   2.6423874e-01   2.7372739e-01   1.1905637e-01   4.9607617e-01   5.9948713e-01   1.7849423e-01   5.2844256e-01   9.1526981e-02   3.6194677e-01   7.1341048e-02   2.6828408e-01   7.8303650e-01  -3.6379834e-01  -2.1176679e-01   7.8028728e-03   4.4201865e-01   5.6658317e-02  -1.5756052e-01   8.0391638e-01  -8.4113045e-02   1.1243081e-01  -7.1655620e-02   3.6041450e-02  -2.8780496e-01   1.0573050e-01   1.1833712e-01   2.5295965e-01   6.1557452e-01  -2.1712215e-01   7.3185126e-02   1.9569388e-01   5.0713817e-02  -1.8078165e-01   4.5719320e-01   4.5931445e-01   2.4848195e-02  -2.2209043e-01   4.8455187e-01  -2.5786557e-01  -4.0255590e-01  -6.4205182e-02   4.2455487e-01  -6.0718361e-02   1.9959125e-01   3.6532273e-01  -2.5080398e-02   1.5340311e-01   1.8588288e-01  -2.7999668e-02  -4.0442148e-01   2.6041827e-02  -2.8092032e-01   1.5614782e-01  -1.4328235e-01  -4.1857039e-01  -4.2502717e-02   3.9901669e-01   1.2467234e-01   3.0285604e-01   2.7121018e-01   4.9899149e-01   6.1371119e-02   4.0971763e-01   6.7334248e-01   1.2469293e-01   2.7294358e-01  -2.0169707e-01   2.8717920e-03  -3.5713350e-02  -4.4159665e-03  -2.4665301e-01   1.7753223e-01  -1.4973997e-02   1.6629109e-03   1.1816945e-01   6.2427244e-01
  -3.0919485e-01   3.5416087e-01   3.0849769e-01   1.6772874e-01   0.0000000e+00  -6.2928751e-02   5.2265059e-02   9.5349730e-02   3.1314700e-01   1.4526014e-02  -7.9592390e-02   3.3436537e-01   1.3806478e-01  -3.3513069e-01  -1.9554123e-01   1.7153833e-01   4.1483976e-01   1.0405981e-01  -2.1599865e-02   7.6517883e-01  -5.5694727e-02  -9.1943011e-02   2.3244558e-02  -4.2078334e-01   4.5760933e-01  -1.3333556e-01   1.2913589e-01  -3.4099986e-01   1.3386306e-01   3.2007986e-01  -1.7907078e-01   9.7260690e-02   2.1179507e-01  -1.2181387e-01  -1.6181025e-01   4.3976290e-01   7.4139026e-02  -3.5147617e-01   2.7591542e-01   1.9456603e-01   1.4886277e-01   3.5697247e-02   3.0947756e-01   4.4076830e-02   6.9373601e-02  -2.2432335e-01   1.9568329e-01   1.2720360e-01   1.1098315e-01   2.4528771e-01  -1.1305003e-01  -4.9635874e-02   2.3203061e-01   8.7242523e-02  -2.0106188e-01   1.4259831e-01  -2.4666773e-01   2.0320789e-02   1.2567096e-01  -1.8809787e-01   1.1630509e-01   2.7615122e-01   3.8076509e-01  -6.6249104e-02   3.7594080e-01  -2.0449018e-01   3.5814631e-01   2.6917116e-01   2.1759707e-01  -2.8916158e-01   3.1534798e-01  -1.0605161e-01   2.0470369e-01  -2.0585646e-01   2.7981053e-01   1.0532763e-01  -1.2758246e-01   1.1023931e-01   3.8885178e-01   4.1530247e-01  -2.0043557e-01   1.3742879e-01  -6.6306037e-02  -1.5678187e-01  -3.7447614e-01   5.5649177e-02  -9.8121869e-02  -4.7035200e-01   1.0739392e-01  -3.9658553e-01   4.9345316e-01   6.4118571e-02   1.0180478e-01   2.6849391e-01  -4.9323494e-02   5.5220720e-01   5.2426136e-02  -1.6156252e-01   5.0354753e-01  -2.8637811e-01  -3.8925126e-01  -1.8370063e-01  -1.1502756e-01   2.1340352e-01  -7.8651348e-02   1.9414112e-01   1.4785984e-01   1.1217163e-01   1.4696911e-03   1.6359627e-01  -2.3336290e-01  -2.0427507e-01   2.1266719e-01  -2.9536829e-01  -3.1362925e-01   2.9236758e-01   1.0433604e-01   1.6183128e-01  -1.1456780e-01   1.5326605e-01  -3.0188014e-01   4.9343655e-01   4.0142112e-01   2.9087938e-01  -2.7893517e-01  -2.0817212e-01  -9.4548943e-02   5.1187475e-01   4.1363639e-02   1.3832880e-01   3.6506827e-01   1.2599928e-01   6.0752902e-03   1.0266549e-01   1.6580056e-01   1.5111697e-01   3.7071449e-01  -5.5757069e-02   1.3024181e-01  -2.5676708e-01  -3.5179142e-01   2.4356981e-02   2.2059218e-01   8.5820046e-02   5.8854261e-02  -5.5009249e-02   9.2538131e-02   3.4924646e-01  -1.0031876e-01  -2.2688074e-01  -4.3361243e-01  -2.5996415e-01  -2.8501296e-01   4.3408802e-02   3.7554731e-01  -4.3729790e-01  -2.8601433e-01   3.8614817e-02   2.3289765e-01  -2.0391186e-01  -2.5059225e-01   2.5132735e-01   1.4791351e-01  -7.3574062e-03   1.5375208e-01   2.5681571e-02  -2.4639194e-01  -2.6444641e-01  -1.5075405e-01   2.5598908e-01   3.7762675e-01  -3.3190557e-01   4.1298287e-01   2.1041547e-01   6.7284709e-02   3.0931200e-01   2.1887765e-01
  -2.3115965e-01   7.3501957e-02   3.0940269e-01   2.2651011e-01  -6.2928751e-02   0.0000000e+00   2.2973225e-01   1.8106282e-01  -1.5436870e-01   9.5758192e-02   3.4278205e-01   2.3379458e-01   2.9428005e-02   1.7783353e-01  -8.8277149e-03   3.3170590e-02   1.8167201e-01   3.1881128e-01   3.8188127e-01   9.2266694e-03   5.1746060e-02   2.3930876e-01   1.6193636e-01  -2.9510664e-01  -1.3627305e-01   4.8535467e-01   4.9813539e-01   2.4230450e-01  -2.6671188e-02   3.5705040e-02  -2.2832366e-01   1.7386005e-01   1.6229947e-01   3.2150408e-01   4.8521007e-01   2.9555413e-01  -3.3550258e-01  -2.6123396e-01  -2.1252816e-02   1.7757883e-01   1.0657614e-01   4.6506804e-01  -4.8867562e-02   1.3503395e-01   9.0715009e-02  -3.3530940e-01   2.9682392e-01  -2.4925409e-02   1.4660531e-01   1.6377008e-01   3.2458027e-01   4.3313026e-02  -1.2358023e-01   8.0854844e-02  -1.0410602e-01   2.9848345e-02   7.4047216e-01   1.9468414e-01   1.4783944e-01   2.5816945e-01   1.8052455e-01   2.6127239e-01  -7.7144122e-02  -3.0975859e-01  -4.0889763e-01   1.3758253e-01   2.4749325e-01  -1.8671456e-01   3.5528921e-01  -2.3261964e-01  -1.5648889e-01   2.5499632e-01   1.0683029e-01   2.9896346e-01  -1.5773566e-01   8.5560851e-02  -7.3398886e-02   1.2375634e-01   2.3631713e-01  -1.9077460e-01   4.1316058e-01   5.7084788e-02   2.3110860e-01   4.7148743e-01   2.7970066e-02   8.6881281e-03   2.3880076e-01  -6.9582149e-02   1.1692306e-01  -1.8142193e-01  -5.6502725e-02   3.0208880e-01   3.4652508e-01   1.8348664e-02  -1.3522311e-01  -7.0955349e-02   4.1121635e-01   6.4326702e-01   2.4097280e-01   2.1276457e-01  -1.7754787e-01  -6.6399063e-02   1.2545936e-01  -8.2389555e-02   1.3680847e-01   2.1259076e-01   3.0994005e-01   4.8324052e-01  -5.0755303e-02   3.2919252e-01   3.5416163e-01   1.2133292e-01   2.6975277e-01  -2.9319231e-01   1.5160806e-01  -6.9022132e-02  -6.3607160e-02   1.2306230e-01   2.3435263e-01   2.0375940e-01  -4.4357378e-01   9.1081976e-02  -8.2595853e-02  -1.7265406e-01  -2.8727615e-01   1.7032032e-01   2.4004553e-01  -7.4589818e-02   2.8787271e-01  -4.7674999e-02  -3.5553606e-02   3.1999772e-01   2.8421499e-01  -1.8850021e-01   1.1888601e-01  -1.2838237e-01  -1.9831768e-01   4.6522783e-02  -1.0110791e-01  -1.3753851e-01  -2.1172254e-01  -9.8648725e-02   1.2548489e-01   4.5370072e-01   1.0454200e-01   4.7624598e-02   2.6065253e-01   4.1977923e-02   5.7642758e-01  -9.7329037e-02  -5.7728868e-02   2.5366608e-01  -2.0361818e-01   9.6811072e-02   4.7614175e-02  -2.6983800e-01  -1.7495607e-01   7.6657035e-02   1.8650180e-01   2.5378144e-01   3.3800183e-01   2.2822635e-01  -1.4440237e-01   1.1697768e-01   1.9228870e-01   5.7999352e-02   2.3935700e-01   2.3850798e-01  -1.1156150e-01  -2.0053255e-01   7.2645299e-02  -3.9471110e-01  -1.5793214e-01   4.5622607e-01  -3.2369608e-01   2.1183420e-02   2.2279110e-01
  -2.2419798e-01   5.7454984e-01   1.6231821e-01  -6.5431726e-02   5.2265059e-02   2.2973225e-01   0.0000000e+00  -1.0476245e-01   1.8249627e-01   3.5584681e-01  -7.2988051e-02   5.4081967e-01  -2.1556566e-01  -2.6038084e-01  -1.9519030e-01   5.3667875e-02   1.0872635e-01  -1.4056586e-01  -1.6812326e-02  -6.2316801e-02  -2.0827168e-01  -1.6186290e-01   2.2366866e-01  -3.7428226e-01  -1.5639244e-01  -1.7948886e-01   1.8665884e-01   9.1000463e-02   1.7570999e-01   5.3896038e-01   1.8284813e-01  -2.0289591e-01   2.3474813e-01   7.1925534e-01   8.5655872e-02  -2.3071963e-01  -5.7942938e-02  -2.2008319e-01   1.8554856e-02   5.0032632e-01  -1.1989939e-01   1.6321606e-01   4.5184605e-01  -1.1574752e-01  -7.0927200e-03  -3.6293439e-01  -3.0080765e-01   6.9152448e-01  -3.9185344e-01   1.0365367e-01  -1.6452656e-01  -4.1799801e-01   4.4760320e-01   6.5247847e-04  -9.6078622e-02  -1.9631687e-01  -2.7956108e-03  -1.3265030e-01  -8.2173511e-02   7.9959946e-02  -7.0362996e-02   1.0078602e-01   2.7297859e-01  -3.1354846e-01   4.4834141e-02  -2.5663939e-01   4.9203239e-01   2.9399829e-01  -5.1314816e-02  -1.0542616e-01   4.1758834e-01  -2.5807244e-01   2.4840040e-02  -5.2408675e-03   9.4294615e-02  -1.4066583e-01  -1.4699660e-01   6.6481484e-02   5.3216494e-01  -1.7558937e-01   1.5783728e-01   2.5758743e-02   1.0530375e-01  -6.5466083e-02  -2.7690536e-01  -1.8091653e-01   2.7802794e-01  -2.1228429e-01   2.4415578e-01  -3.1804763e-01   3.0714167e-01  -1.3120291e-01   5.1867469e-01   2.2154688e-01  -1.8764910e-01   1.1271011e-01  -1.6280746e-02   3.3236555e-03   2.6413436e-02  -3.5998007e-01  -2.2639833e-01  -3.3239888e-01  -7.8071785e-02   2.5601995e-01  -2.9374823e-01   5.5022286e-02   1.0422301e-01  -1.0804361e-01  -3.7447228e-01   3.3169947e-01  -1.6085632e-02  -1.7242987e-01  -5.4867730e-02  -3.1205629e-01  -2.6034603e-01   4.6288020e-01  -6.9950671e-02   4.6264400e-03  -2.8671586e-02  -6.3850503e-02  -5.3026355e-01   2.9239581e-01   2.9886957e-01   1.5354720e-01  -3.2678591e-01  -4.5729623e-01   2.2797281e-01  -4.6924295e-02  -9.2297605e-02   2.9297234e-01  -1.3954832e-01   3.3401355e-02   1.5196914e-02   3.1469198e-01   1.8221082e-03  -1.9798039e-01  -1.0194745e-01   4.4484150e-01  -3.4117160e-01  -2.6368064e-01  -2.3632128e-01  -2.8313965e-01   3.9565850e-02   3.3587992e-01   5.0718031e-02  -2.3452929e-01   5.3089619e-01  -4.2538173e-02   1.6045719e-01   2.4368812e-01  -2.8266709e-01   6.3729473e-02  -3.4963803e-01  -1.7974949e-01   3.3074210e-01  -3.0880398e-01  -3.3569648e-01   7.9094258e-02  -1.5644072e-01  -2.2282852e-01   9.5546594e-02   8.1022370e-02  -1.0256737e-01  -1.8532251e-01  -8.4840665e-02   4.2133404e-01  -1.1814327e-01  -1.3880548e-01  -3.3415055e-01   3.7049139e-01   4.8472531e-01  -3.1014247e-01  -2.6415049e-03   2.3581163e-01  -1.0190569e-01  -2.0602976e-01  -5.6954554e-03
  -1.3567756e-01   1.8023283e-01   3.9792728e-01   2.7719750e-01   9.5349730e-02   1.8106282e-01  -1.0476245e-01   0.0000000e+00   8.2759481e-02  -2.4399560e-02   2.4138037e-02   1.5148601e-01   1.5242819e-01  -2.9980311e-02  -4.5401015e-02   1.7112087e-01   4.4993727e-01  -1.6763046e-01   5.0333028e-02   3.5492330e-02  -1.0814519e-01   2.8307181e-02  -4.5740612e-02  -3.6680095e-01   2.5797935e-01   3.8463753e-01   2.5534098e-01  -4.1221442e-02   9.1438332e-02  -1.8537525e-01  -2.1303049e-01   3.2503315e-01   1.5067288e-01   9.3801295e-02   2.9900903e-02  -1.5059133e-02  -1.8343003e-01  -1.8960011e-01   5.3842190e-02   7.9862399e-02   2.5089276e-01   2.3655031e-01   3.6518395e-02   6.6144866e-01  -3.2942896e-01  -2.2477161e-02  -4.7046336e-02  -1.1152641e-01  -5.7432959e-03   2.2678148e-01  -1.8206298e-01   6.1071303e-01   1.3295968e-01   1.8435722e-01  -5.4729914e-02   5.9217324e-01   2.5771654e-01   2.4929988e-01   1.1268112e-01  -6.7494482e-02   2.5933192e-01  -4.5025445e-02   1.4412653e-01   1.9986347e-01  -4.6215057e-03  -1.3941130e-01   2.4521421e-01   6.9477578e-02   1.8543712e-01  -1.5414255e-01   2.0910437e-01  -8.7380390e-02   9.4456039e-02   6.6276142e-02   1.4883228e-01   1.8569758e-01  -6.5547499e-02   2.9254090e-01   4.6034817e-02   2.9927114e-01  -2.3428269e-02  -7.6695356e-02   1.5007293e-01   1.3382452e-01  -2.6115888e-03   7.5741588e-02  -9.5401605e-02  -8.5126519e-02  -7.6652819e-02  -2.1463236e-01   1.2165771e-01   1.0792997e-01   3.3542694e-01   1.2663524e-01   1.3402035e-04   1.4098533e-01   9.5810654e-02   2.2932380e-01   9.2333394e-02  -8.1818171e-02   2.6084579e-02   2.6579575e-01   7.3509970e-02   1.1787354e-01   1.6446486e-02   3.4582696e-01   3.7657537e-01   4.8142050e-01  -1.2718495e-01   3.8270743e-01   2.6370361e-03  -1.9361054e-01   1.2480876e-01  -1.7906884e-01   1.0453462e-01   1.4358864e-01   4.2051989e-01   7.8525978e-02   2.3490475e-01   2.5930339e-01  -2.3706541e-01   2.1953660e-01   7.0149188e-02   9.2521128e-02  -9.7140658e-02   6.8483177e-02  -1.8928814e-01   2.3379229e-01   1.6302524e-01   1.1556285e-01  -5.6054987e-02  -9.9212381e-03   3.7870936e-01  -4.4752257e-02   1.8101143e-01   4.4713166e-01   9.6425365e-02  -1.0346741e-01   3.6281386e-01  -1.3697634e-01  -1.7520682e-01  -4.9480558e-02   4.5711024e-01   3.2694025e-01   6.6911680e-02   6.1621731e-02   2.3274480e-01   2.3504287e-01   1.5298159e-01  -2.0471887e-01  -1.1222521e-01   7.1808512e-02  -1.2829135e-01  -7.9853545e-02   1.8337131e-01  -3.4890627e-01  -2.6105297e-01   5.4859086e-02   2.8513486e-01   1.0249846e-01  -1.9257316e-01   3.9243470e-01  -9.0740450e-02  -5.6244638e-02   3.0939060e-01   1.2297868e-01  -1.0609648e-01  -1.0388630e-01  -1.2340345e-01   1.9941166e-01   2.3881556e-01  -3.5822019e-01  -1.8570129e-01   3.7817710e-01   1.4274083e-01   3.8523982e-03   3.6245751e-01
  -3.7605572e-01   6.3483680e-01   2.5212629e-01   1.6265944e-01   3.1314700e-01  -1.5436870e-01   1.8249627e-01   8.2759481e-02   0.0000000e+00  -5.3389030e-02  -9.2439566e-02   1.2976030e-01  -8.9324464e-02  -4.7409332e-01  -4.7066060e-01  -3.3299557e-02   3.0962130e-01  -1.6106296e-01  -1.8645802e-01   1.0273938e-01  -4.2007499e-01   4.8711932e-02   5.0424771e-02  -4.5342250e-01   3.9671139e-01  -2.4865495e-01   2.1552429e-02  -2.3519595e-01  -1.2121813e-01   4.2067372e-01   4.1165868e-02   1.7745732e-01   2.7884032e-01   2.9847040e-02  -3.3852784e-01  -2.0754525e-01  -2.6981221e-01  -2.4971335e-01  -5.4320918e-02   5.5927132e-01  -1.7076966e-02   1.0660706e-02   5.8376730e-01  -3.7774668e-02  -3.0317878e-01  -3.0772718e-01  -1.7235793e-01   3.9638649e-01  -1.3312116e-01   3.9572428e-01  -3.2635623e-01  -7.7318658e-02   5.9622331e-01  -1.4038002e-01  -5.6375164e-02   3.8121138e-03  -3.3254831e-01   3.1650995e-01   5.9102035e-02  -1.3758502e-01  -4.3908606e-02  -1.5080426e-01   7.2883545e-01   4.4034132e-02   5.2994983e-01  -4.2168399e-01   5.7344958e-01   2.3630230e-01   3.2598623e-02  -1.5419300e-01   5.6829839e-01  -2.3415222e-01   3.0199370e-02  -2.8624189e-01   7.5023670e-02   1.6135216e-01  -1.7509420e-01   1.2274395e-01   4.4832626e-01   1.4661041e-01  -2.1381772e-01  -1.3003256e-01  -1.8971795e-01  -1.8542967e-01  -5.9507258e-01   1.0593416e-01  -2.1113341e-02  -1.8697281e-01   4.2213762e-01  -3.9265101e-01   5.2819493e-01  -8.8430112e-02   1.1029299e-01   4.3552921e-01  -1.0055177e-01   2.9332882e-01  -1.5368186e-01  -9.2723849e-02   2.6619516e-02  -3.9245023e-01  -1.4336854e-01  -1.4719695e-01  -2.7650008e-01   6.3222860e-01  -1.0845432e-01   4.1102583e-01   6.7259500e-02  -3.2579115e-02  -3.4016999e-01   1.3884764e-01  -4.7413027e-01  -4.2578847e-01   3.1073954e-02  -3.7984708e-01  -4.8042505e-01   5.1448234e-01   7.3674663e-02   5.0171333e-02  -1.3272029e-01   1.6372982e-01  -2.3310433e-01   3.2244675e-01   3.2809614e-01   5.9708835e-01  -3.0596166e-01  -4.1256964e-01  -2.3502942e-01   2.4390365e-01   2.4002213e-01   4.3226156e-01  -7.2585842e-02  -1.1462923e-01   1.0337621e-01   3.9665816e-01   2.1929464e-01   3.1576813e-01   1.1847410e-02   3.8375353e-01   2.3276138e-01  -3.1881070e-01  -2.9493077e-01   2.7694843e-02   1.4044399e-01   3.1723284e-02  -2.0514523e-01  -2.3400449e-01   1.8272837e-01   8.5357678e-02  -4.0654189e-01   1.8126397e-01  -5.7082553e-01  -1.9467971e-01  -3.4718349e-01  -1.4259219e-01   5.4348741e-01  -2.7370119e-01  -1.8640157e-01   1.1734992e-01  -1.0963402e-02  -4.1625399e-01  -1.7341426e-01   8.2009259e-03   6.0159470e-03  -1.2414367e-01   2.7008634e-01   1.5260281e-01  -2.2660426e-01  -2.0156011e-01  -2.6255173e-01   5.5572101e-01   2.6938456e-01  -1.3363248e-01   2.2902068e-01   7.8134244e-02   2.3414257e-02   1.1303162e-01   1.3550568e-01
  -1.4242360e-01  -1.2826473e-01  -2.6451580e-01   2.0192909e-01   1.4526014e-02   9.5758192e-02   3.5584681e-01  -2.4399560e-02  -5.3389030e-02   0.0000000e+00   6.1080060e-02  -2.2828879e-01  -6.2898966e-02  -1.5604688e-01  -5.5708786e-02   7.9898209e-02  -1.9219376e-01  -8.5027999e-02  -2.2846737e-03   1.7589974e-01   2.1509089e-01  -5.3734797e-02   2.1313374e-01  -1.1800960e-01  -2.0751470e-01   1.4693760e-01   3.4474350e-01   2.5464444e-01   2.8892369e-01  -5.8584837e-02   2.8353661e-01  -1.2491613e-01  -1.4177074e-03   2.1412551e-01   1.6840076e-01   2.6641762e-01   2.0085633e-01  -2.4130353e-01   2.5005344e-04  -3.7408396e-02  -4.6024711e-02   4.2657116e-02  -2.2757898e-01  -1.1676129e-02  -1.6684137e-01  -2.0271342e-01   9.8227288e-02   7.0086012e-02  -1.5708699e-01  -3.6064119e-01   7.0503394e-02  -1.8924606e-02  -9.3243139e-02  -8.0937645e-03  -7.4598214e-02   1.1146082e-01   1.5587189e-01  -1.0286812e-02  -1.0264702e-01  -1.3913593e-01  -2.0431489e-01   9.4285233e-02  -1.2989755e-01   1.0640652e-02  -1.7227174e-01   3.8143771e-01   5.5481902e-03   5.4913755e-02   5.1900675e-02   3.2754213e-02  -1.7381006e-01   1.2722360e-01  -7.3450055e-02  -2.3841264e-01  -9.0283616e-02   1.0235322e-01  -3.0922845e-01   1.0093143e-01  -1.7117060e-02   3.7808001e-02   4.7094888e-01   7.6925031e-02   2.6502203e-01   3.0558436e-01  -2.1288613e-01   1.1002666e-01   1.5028427e-01  -1.3134419e-01  -9.1874179e-02  -1.4344693e-01  -2.0103597e-01  -2.1284575e-01   1.9648656e-01  -1.3178152e-01  -2.1260048e-01  -1.0079823e-01   3.6747130e-02   9.5935085e-02  -1.9123116e-02   2.2010319e-01  -3.1090595e-01   6.0506934e-02   9.4919809e-02   1.7938304e-02   1.2401036e-01  -7.9593270e-02  -5.1652528e-02   7.5458072e-02   1.9599065e-01   2.2271113e-01   3.7233365e-01   1.4183921e-01   2.2494849e-01  -2.3450952e-01  -2.4991734e-03  -2.7790899e-02   1.0921058e-01  -1.1987424e-01   3.2429472e-02   1.6678103e-01  -5.3809958e-02  -1.9863847e-01  -2.3161757e-01  -1.6456199e-01  -1.9058284e-01  -1.7928432e-01   2.1936682e-03   1.3728516e-03   3.6976952e-02   7.3371691e-02  -6.3696294e-02   1.6891996e-01  -3.3734382e-01  -2.8802644e-03  -4.1456805e-02   1.4257660e-01   2.2686235e-02   2.0542800e-01   7.2861212e-02  -1.8582540e-01  -2.8392522e-01  -2.9764943e-01  -1.8442616e-02   2.0596770e-01  -1.4813093e-01  -3.0083688e-02   4.9431408e-02   1.0653136e-01   5.4075198e-01   1.0140495e-01  -1.9644677e-01   1.9509247e-01  -1.0929910e-01  -4.8789665e-02  -2.2261983e-01  -2.3503182e-01  -1.5362012e-01  -4.5641749e-02  -1.8935603e-01   2.1796948e-01   9.0599163e-02   1.7018972e-01   3.4996639e-01  -2.7374269e-02  -2.0943643e-02   1.6009538e-01   4.6015786e-04   6.1433624e-03   5.0122831e-02  -1.0080513e-01  -1.0205009e-02  -1.5398549e-01  -3.9398354e-02   4.0346724e-02  -1.7308498e-01   7.3956009e-02  -6.5423287e-02
  -4.9329884e-02  -2.9808418e-01  -2.5275477e-01   4.2917564e-01  -7.9592390e-02   3.4278205e-01  -7.2988051e-02   2.4138037e-02  -9.2439566e-02   6.1080060e-02   0.0000000e+00  -2.5600821e-01   2.0318401e-01   1.7830893e-01   8.2241667e-02   9.7780558e-02  -2.9901214e-01   5.4472264e-01   3.0272850e-01  -5.1624956e-03   3.5409359e-01   5.4744696e-01  -4.4713456e-02  -9.8297288e-02  -3.2124441e-02   5.6039543e-01   2.4800558e-01  -9.5333848e-02   1.2314104e-01  -9.5327956e-02   1.1764992e-01   4.9539832e-01  -2.7588488e-02  -5.8554172e-02   2.9011556e-01   3.8474803e-01   1.2747649e-01   7.0308974e-02   7.9953758e-02  -2.4703331e-01   2.6791848e-01   1.3524585e-01  -2.7374744e-01   2.6163831e-01   3.4072515e-01   1.4995697e-01   4.8350911e-01  -2.3589178e-01   4.2137414e-01  -1.9689453e-01   6.2688608e-01   3.6882071e-01  -4.1851376e-01  -1.6970970e-01  -2.0515935e-02   3.5202583e-01   3.1285464e-01   3.9121209e-01   5.3144857e-01   4.0481225e-01   1.1826730e-01   1.7680720e-01  -2.7407848e-01   3.6186581e-02  -2.2643049e-01   3.4279802e-01  -2.0991693e-01  -3.2961095e-01   5.7798978e-01  -1.9920135e-01  -4.3461307e-01   6.4794085e-01   2.9009319e-01   6.4048408e-02  -2.4870922e-01   3.7255421e-01   2.4078661e-01   2.4325807e-01  -7.5282864e-02  -9.4730599e-03   2.0522163e-01   2.4500605e-01   2.5844040e-01   3.5984936e-01   8.3224179e-04   3.6436359e-01   2.2975928e-01   3.6224025e-02  -1.2144408e-01  -3.5550327e-02  -1.0953225e-01   1.4947353e-01   1.8667446e-02  -9.3407450e-02   1.5257803e-01  -2.1928638e-01   3.8996308e-01   4.9164507e-01   2.1766989e-01   4.1218170e-01  -7.8391155e-02   4.5582563e-01   3.2904096e-01  -1.0380103e-01   6.8664102e-01   3.4853106e-01  -7.5058003e-02   4.5419273e-01   2.3386605e-01   1.2971830e-01   2.7471255e-01   5.4400170e-01   5.2907371e-01  -7.1124849e-02  -1.2228133e-01  -2.4401234e-02   3.1772746e-01   2.3086420e-01  -1.8571155e-01   3.9741931e-01   9.2631005e-02  -2.0290489e-01  -3.4189362e-01  -1.3584346e-01   8.5209084e-02   2.9234287e-01   3.3134066e-01  -2.2917333e-01   4.0854283e-01  -3.0238316e-01   4.4081090e-02   5.2818640e-01  -6.3313000e-02  -2.3550619e-01   4.8018312e-02   5.3176256e-03  -2.9207320e-01  -1.5201317e-01   2.7895380e-01  -2.4517263e-02   1.7777115e-02   8.2051452e-02   5.2333294e-01  -2.9406341e-01   1.1736681e-01   3.8035487e-01  -3.6472229e-01  -6.2023279e-02   1.2477089e-01   1.1093057e-01  -9.0196725e-02   1.8204161e-01  -3.0422376e-02   5.5419655e-01  -4.3482155e-01  -3.2410893e-02   2.1558445e-01   4.4216816e-01  -1.4867941e-01   4.4487141e-01   1.6212770e-01   4.4428095e-01   1.2564249e-01   6.3192997e-01   4.2178772e-01   2.0092282e-01   7.1363207e-01   2.3141949e-02   1.0439124e-01  -2.2948110e-01  -2.2020102e-01  -1.5754967e-03   2.6503425e-01  -3.0486636e-01  -1.9558302e-01  -1.1718274e-01   4.3292950e-01
  -1.9095496e-01   6.3142800e-01   6.1360792e-01  -3.0069676e-02   3.3436537e-01   2.3379458e-01   5.4081967e-01   1.5148601e-01   1.2976030e-01  -2.2828879e-01  -2.5600821e-01   0.0000000e+00  -5.3802181e-02  -1.7960839e-01  -1.6421624e-02   2.7133887e-01   5.0959271e-01  -2.0009154e-01  -9.0032409e-02   1.7937435e-01  -4.5114743e-01  -1.3980667e-01  -1.7868114e-01  -3.8075956e-01   2.5321384e-01  -2.4542692e-01   9.0586482e-02  -2.8661884e-01   1.0910233e-01   5.0277486e-01  -3.1867060e-01  -5.3222352e-02   3.5955036e-01   4.0296994e-01   1.5406749e-01  -1.2102161e-01  -1.6051471e-01  -2.7315563e-01   2.4499085e-01   4.9852122e-01   2.9660552e-02   2.6406753e-01   6.5415022e-01   1.2795112e-01   2.8391250e-03  -3.4404555e-01  -1.6616148e-01   3.3240149e-01  -1.6472187e-01   5.1530070e-01  -3.8150360e-01  -2.6904192e-01   4.2776867e-01   2.8665741e-01  -1.5540720e-02  -1.0847806e-01  -3.8756112e-02  -7.3842033e-02   1.5985817e-02   2.7475713e-01   1.6036769e-01   2.5177621e-02   3.4199983e-01  -2.1400377e-01   2.3599166e-01  -4.0226451e-01   4.8644894e-01   3.3468444e-01   9.4008159e-02  -1.9238768e-01   5.2866358e-01  -3.9762511e-01   1.9701231e-01   3.1229477e-01   3.6555095e-01  -1.1524236e-01  -8.9359035e-02   7.3447790e-02   3.8315004e-01   1.0551480e-01  -3.5603733e-01   8.5053378e-02  -1.4613125e-01  -3.6240953e-01  -1.2226453e-01  -2.0095901e-01   1.8651309e-01  -3.3637676e-01   1.9897721e-01  -3.1729740e-01   6.1171876e-01   8.4415580e-02   4.6073739e-01   4.7383344e-01  -1.1262610e-01   6.0545558e-01   1.2503777e-01  -1.1752512e-01   2.9861977e-01  -5.8155462e-01  -1.8493134e-01  -3.0817998e-01  -1.8084457e-01   2.9341374e-01  -4.1018960e-01   1.8428243e-01   3.6142465e-01   5.2159670e-02  -4.0412755e-01   2.5379166e-01  -2.9694403e-01  -2.7325041e-01  -1.2407342e-01  -2.7835890e-01  -1.7619638e-01   4.2861593e-01   6.8911526e-02   1.0206461e-01  -6.7863091e-02  -2.9354736e-02  -5.6457860e-01   7.0576315e-01   5.8808553e-01   1.7691165e-01  -3.4435964e-01  -1.8312455e-01   7.8541734e-02   3.1087812e-01  -5.6596154e-02   2.0973261e-01   1.1802470e-01  -2.2035365e-01   3.9456778e-01   3.9854974e-02   2.5175069e-01  -3.8729174e-02   1.8640427e-01  -4.7757551e-02  -2.6447382e-01  -2.3951854e-01  -2.1626250e-01  -1.4742400e-01   1.4382582e-01   3.9598889e-01   1.8900566e-01  -2.8348567e-01   5.2068624e-01   2.8208024e-01  -3.5205149e-02  -1.6555238e-01  -1.6752384e-01  -3.7434513e-01  -3.0970695e-01  -1.6011979e-01   5.7690341e-01  -3.9634723e-01  -4.3513106e-01   1.1568219e-01   1.5356562e-01  -4.1616074e-01   3.4755710e-02   8.9026824e-02  -2.6700142e-01  -1.8002293e-01   7.1508850e-02   2.4229525e-01  -2.0165411e-01  -3.8141431e-01  -3.9437328e-01   3.8644691e-01   7.5283642e-01  -4.6466571e-01   1.0027664e-01   3.1813154e-01   2.5328382e-01  -1.0594886e-01   1.4092834e-01
   2.3148990e-01  -6.7335817e-02   2.6349631e-02   1.1791379e-01   1.3806478e-01   2.9428005e-02  -2.1556566e-01   1.5242819e-01  -8.9324464e-02  -6.2898966e-02   2.0318401e-01  -5.3802181e-02   0.0000000e+00   1.2913162e-01   3.6607431e-01   3.2384312e-01  -2.8903021e-02   1.9947456e-01   3.7166900e-01   2.5074591e-01   4.9477877e-02   6.6231047e-02   2.7672295e-02   7.1857321e-02   2.5804516e-01   1.7945584e-01  -6.7944365e-02  -1.2393934e-01   2.9176189e-01  -3.0754910e-01  -1.1519560e-01   1.4606707e-01   7.0049897e-02  -4.3825230e-02   3.6464983e-02   1.2388674e-01   1.6381621e-01   2.6638999e-01   3.6247743e-01  -1.9912872e-01   7.4962381e-01   8.4734906e-02  -3.6573698e-02   1.4822362e-01   4.4315809e-01   3.2947605e-01   9.7619651e-02  -1.5793474e-01   2.1717448e-01   5.6607107e-02   2.5028405e-01   2.4232748e-01  -1.0411221e-01   2.6249218e-01   1.7011903e-01   2.9083512e-01   9.6834899e-02   4.0972542e-02   2.9078306e-01   1.4810375e-01   1.1137819e-01   4.1254471e-01  -3.4294144e-02   1.7373295e-01   1.1210948e-01   7.5860838e-02  -2.2190767e-01  -9.4591949e-02   1.2707359e-01   6.8404986e-02  -4.8700985e-02   1.4510614e-01   5.6454236e-01   2.1493830e-01   2.6393839e-01  -1.1299105e-01   3.4448807e-01  -8.3235075e-02  -1.4279603e-01   2.9962893e-01  -1.1898838e-01   5.0457892e-01   7.6375515e-02  -2.4278080e-01   2.7274213e-01   8.5795406e-02  -1.4397491e-01   7.2776785e-02  -6.7017081e-02   1.8489871e-01   6.2835857e-02   1.5128569e-01  -1.3331792e-01   3.6744339e-02   1.9121012e-01   1.5176878e-01   5.1333707e-01   1.5405804e-01   5.0484197e-01   9.7338792e-02   1.5025081e-01   2.4588163e-01  -8.6282796e-02  -1.5361397e-01   2.0418441e-01   6.0060617e-02   1.6333375e-02   1.2635579e-01   3.0241746e-01   1.0868146e-02   1.0750821e-01   1.5293230e-01   1.8210856e-01   2.4245782e-01   1.9213904e-01   1.1896908e-01   1.4566664e-01   7.5214022e-01  -2.3335387e-01   1.5078402e-01   2.2156012e-01   1.9202282e-01   1.6709351e-01  -4.8800746e-02   3.0119880e-01   2.0811053e-01   2.4895537e-01   1.3929871e-01   2.3226609e-02  -2.3656919e-01   6.4307717e-01   2.7358799e-01   3.2855650e-01  -1.1357829e-01   5.5462579e-02  -7.0834994e-02   1.9007593e-01  -3.4336303e-01   3.4337705e-02   1.5108927e-01   2.3490971e-01   4.2679907e-01   1.4574325e-01  -2.9968251e-01   4.0174266e-01   1.4868065e-01  -1.2204581e-01  -9.9721699e-03  -1.4743544e-01  -1.6127120e-01   3.1618687e-01  -1.2544573e-01   3.1991672e-01   1.8397634e-01  -1.2925496e-01   1.1490094e-01   5.0107077e-02   3.0994089e-01   5.1620319e-03   9.4118672e-02  -7.1947175e-02   2.2171515e-01  -6.1113254e-02   9.4517415e-02   2.5049231e-01   1.2616498e-01   1.1191692e-01  -1.4917534e-01   2.1947183e-01  -2.4867151e-02   7.4135877e-02   1.0744115e-01   2.0557803e-01  -1.8928934e-01   1.1173998e-01  -1.9587367e-02   1.8931737e-01
   4.8786740e-01  -4.8128159e-01  -3.5812632e-01  -7.8768354e-02  -3.3513069e-01   1.7783353e-01  -2.6038084e-01  -2.9980311e-02  -4.7409332e-01  -1.5604688e-01   1.7830893e-01  -1.7960839e-01   1.2913162e-01   0.0000000e+00   4.1253382e-01  -7.2041277e-03  -4.3064792e-01   3.3254065e-01   1.8077608e-01  -2.3312106e-01   4.6652254e-01   2.6038933e-01  -1.4234741e-01   4.7723891e-01  -2.2816059e-01   4.4817796e-01  -7.8094525e-02   3.1088036e-01  -1.5666513e-01  -3.3633054e-01  -4.3434638e-02   5.0785871e-02  -2.2504222e-01  -1.1318131e-02   5.0282821e-01   1.3633269e-02  -2.5671467e-02   2.9511681e-01  -1.6826766e-01  -4.6461719e-01   2.0445361e-01   9.3269944e-03  -4.4920797e-01  -1.7694697e-02   2.7674501e-01   3.0348422e-01   3.0451442e-01  -3.8652112e-01   4.2753970e-01  -3.0426563e-01   3.8369157e-01   2.4114876e-01  -4.9030438e-01  -3.1688262e-02   4.2005170e-01   5.3569772e-02   2.5020927e-01   5.6737978e-02   7.7521937e-02   2.0504887e-01  -6.5392925e-02   1.0547235e-01  -6.0005991e-01  -1.9005009e-01  -4.7703813e-01   2.4805208e-01  -4.5812181e-01  -2.7973521e-01  -2.5374119e-02   1.2873625e-01  -5.6433864e-01   3.0327075e-01   1.5148875e-02   4.4887370e-01  -4.2647246e-01   2.3557335e-02   2.2785045e-01  -8.7870882e-02  -2.1167754e-01  -2.7267838e-01   2.7750847e-01  -5.4233550e-02   1.2634546e-01   3.5025413e-01   5.6958441e-01  -1.7836750e-02   2.1799145e-01   4.8463116e-01  -3.4531803e-01   4.6546131e-01  -3.2562529e-01   1.7332056e-02  -1.4953805e-01  -3.6780329e-01   2.2994206e-01  -3.2902632e-01   1.2618156e-01   1.3317757e-01   1.1856071e-02   4.8870510e-01   3.4003428e-01   3.0459704e-01   4.6365958e-01  -4.1753695e-01   2.2530942e-01  -1.5495844e-01  -6.1631151e-02   2.8095805e-02   3.3028894e-01  -2.0716293e-01   4.8663925e-01   4.9579946e-01   3.4851444e-03   4.3552136e-01   5.5236509e-01  -4.2375473e-01  -1.2412913e-01  -2.0507751e-02   1.3161624e-01  -6.8042914e-02   2.3652516e-01  -1.9841721e-01  -4.1891643e-01  -4.5428072e-01   2.9764694e-01   7.5849263e-01   4.2382325e-01  -2.8381297e-01  -4.8069022e-02  -4.9908832e-01  -1.0597201e-01   2.9962132e-02   1.1896336e-01  -3.5072765e-01  -2.1931840e-01  -2.8529901e-01  -2.6012410e-01  -4.0533744e-01  -5.1983500e-02   3.9038296e-01   4.5641543e-01   1.3694513e-01  -1.1318563e-01  -2.4054612e-01   3.4402031e-01   3.8318497e-01  -1.2055345e-01  -2.3311141e-01   1.5735152e-01  -2.7029631e-01   4.5132822e-01   2.4757202e-01   3.4289073e-01   1.9453848e-01  -5.4707307e-01   3.2372195e-01   3.7127661e-01   4.1400801e-02  -1.1841006e-01   5.6341839e-01  -6.0356023e-03  -1.2863118e-01  -1.1452591e-01   1.1665377e-01  -7.9868278e-02  -1.9206438e-03   4.8364779e-01   3.9237612e-01   3.3145049e-01  -5.5564494e-01  -2.4026448e-01   2.1596087e-01  -1.2931302e-01  -2.7447672e-01  -2.2404574e-02  -3.0099486e-01  -8.4325392e-02
