   0.0000000e+00  -3.9672001e-01   4.2281407e-01   3.3572288e-02  -3.6304960e-01  -1.3698828e-01  -5.2503285e-01   6.8060671e-02  -1.6130745e-01  -4.4865734e-01   2.1447931e-02  -2.0433398e-01   1.2969359e-01   1.7799094e-01   1.6437167e-01  -1.1126812e-01   1.4806082e-01  -1.6868399e-01   1.8106770e-01  -3.2038708e-01  -3.6890055e-01   1.4590609e-02  -3.3760377e-02   6.7225293e-01   1.8938639e-01   4.3759983e-04  -3.7090207e-01   4.0288715e-01  -1.7144584e-02  -1.8143761e-01  -3.3554583e-01   1.8383116e-01   7.5267533e-03  -3.5821022e-01  -2.6236919e-01  -3.3577605e-01  -3.8779479e-01   3.9978568e-01  -2.9033063e-01  -2.3263281e-01  -1.4605662e-01   5.1019044e-01  -3.6231919e-01   3.3785819e-01  -2.0523159e-01   7.0322569e-01  -2.7589409e-01  -3.5226438e-01  -1.8625858e-01  -8.0176136e-02   1.8764868e-02   2.5711943e-01  -3.4210054e-01   4.2051047e-01   2.6472050e-01   3.4014191e-01  -3.9291746e-02   3.0674510e-01  -1.7732042e-01  -6.6647524e-02   6.7278007e-01  -2.3684462e-01  -2.5021182e-01  -6.0745007e-02  -4.4624986e-01  -1.2749881e-01  -2.7705089e-01  -2.7973446e-01  -2.4412572e-01   5.6308864e-01  -4.7717682e-01   1.6052992e-01  -3.7650757e-01   7.0598579e-01   3.5411461e-01  -1.2400913e-01   6.2725761e-01  -1.7894985e-02  -3.9284175e-01   5.4866700e-02  -4.1349564e-02  -3.6128981e-01  -4.6862880e-01  -7.2170976e-02  -4.8882029e-02   4.4610320e-01  -2.9639516e-01   7.6115773e-01  -1.4708529e-02   7.9685480e-01  -3.0098109e-01   6.9061994e-01  -5.1597036e-01  -2.2474392e-01   6.8187941e-01  -3.4462849e-01   3.3950375e-02  -1.3455988e-01  -2.9152972e-01  -3.0934129e-01  -1.4758162e-01   4.2892209e-01   1.8512621e-01  -2.5009820e-01   7.2849202e-02   1.9414599e-01   2.6416221e-01  -2.3857764e-01  -8.8351087e-02  -5.1199603e-01  -3.9033587e-01  -4.8949297e-02   3.2675181e-01   8.5854673e-01   3.1758910e-01  -3.0322538e-01  -2.3510501e-01  -4.2208698e-01   1.4954279e-01   2.0459602e-01   7.4473156e-01  -2.9530230e-01  -3.0942207e-02  -2.4618735e-01   6.0806869e-01   7.0986962e-01   1.3607140e-01   2.1372702e-01   6.6692193e-02   1.6369441e-02  -1.2863954e-01  -3.7475640e-01  -1.1423795e-01  -5.0930755e-01   3.5159435e-02   2.5378492e-01   3.0172897e-01  -2.4993921e-01   2.9344492e-01   6.9000698e-01   7.8145606e-01   3.6916476e-01  -2.2210974e-01   2.3175534e-01   2.7658634e-02  -2.6389018e-01  -5.1813127e-01  -3.9992912e-01  -4.0938734e-01  -4.0872598e-01   8.1265331e-01   1.9304058e-01   8.1900271e-01  -1.9897342e-01  -3.6978674e-01   3.8644365e-01   8.4437631e-01   4.7574395e-03   6.1272236e-01   6.8015806e-02   2.9737747e-03  -1.0566698e-01  -5.1986562e-01  -1.9881160e-01  -9.3358619e-02  -2.3730500e-01  -1.3048875e-01   1.9760798e-01   8.0613046e-01  -4.1048013e-01  -2.9763683e-01   5.3043053e-01  -1.9993729e-01  -1.9638016e-01  -7.3959993e-03   1.3654132e-01  -8.2849036e-02
  -3.9672001e-01   0.0000000e+00   5.6453854e-03  -1.2045009e-01   4.1084771e-01   1.0411889e-01   4.8784564e-01  -3.1586984e-02   4.4174358e-01   2.3266083e-01  -1.8202844e-01   3.3071711e-01  -3.9322029e-01   7.5804125e-03  -3.8335439e-01   8.0954944e-02   2.1503706e-01  -1.3853824e-01   5.0903388e-02   2.1786203e-01  -2.0196191e-01  -1.7323457e-02  -4.9396390e-01  -4.8674977e-01  -4.3573373e-02   2.2159400e-01   3.2629914e-01  -2.3295952e-01   2.0855379e-01   1.3422114e-01   4.3348330e-01  -1.0401784e-02  -9.1755791e-02   4.4772254e-01   1.9366913e-01  -7.3191774e-02   4.0984878e-01  -4.5163184e-01   1.3596939e-01   4.5893158e-01  -2.0968496e-01  -4.6174141e-01   4.0428314e-01  -1.8409747e-01   1.2301687e-01  -3.5571916e-01  -9.1845767e-02   4.8134833e-02  -2.4618109e-01   1.7260997e-01  -2.6433718e-01  -2.9134690e-02   6.4358993e-01  -3.1333632e-01  -6.6723430e-03  -3.5760413e-01  -2.3363687e-02  -1.8503008e-02  -9.7781144e-02   2.0338727e-01  -2.9516344e-01   2.2997029e-01   4.8543931e-01   2.3717400e-01   4.2122549e-01  -2.0855295e-01   2.8088794e-01   3.1396152e-01   1.3425723e-01  -2.5241519e-01   5.5871924e-01  -7.8197595e-02   1.7798628e-01  -3.7397001e-01  -1.3375127e-01  -1.9816685e-01  -4.5080302e-01  -4.5012023e-02   6.5067357e-01  -2.8962842e-01  -1.5818357e-01   2.3342096e-02   1.1749617e-01   1.9856979e-01  -9.5601514e-03  -4.8886347e-01   4.4833618e-01  -4.9205767e-01   4.0577394e-01  -4.9950520e-01   5.7567289e-01  -3.1232207e-01   4.5797571e-01   4.2802942e-01  -4.8302892e-01   2.6181420e-01  -8.8848389e-02   1.3042879e-01   2.8439141e-01   1.4620470e-03   8.1404055e-02  -4.3232817e-01  -1.5535046e-01   5.2053074e-01  -1.7188420e-01  -7.7347727e-02  -1.0430100e-01   1.8219143e-01  -7.8388957e-02   3.1428597e-01   2.1618976e-01   1.0183453e-02  -2.6586055e-01  -4.0283458e-01  -3.2488725e-01   5.9529779e-01   3.3151310e-01   1.7355847e-01  -1.1617358e-01  -1.9780405e-01  -5.2875953e-01   3.8769647e-01   3.8566899e-01   2.9631604e-01  -3.8021989e-01  -3.1665326e-01  -2.5280394e-01  -7.6289113e-02  -1.6998188e-01   2.3213862e-01  -5.7461195e-02   1.6255851e-01   5.5906705e-01   1.2275399e-01   2.2915363e-01  -1.1121911e-01  -3.0540980e-01   1.0925432e-02  -1.5711907e-01  -3.7579286e-01  -3.9686771e-01  -5.2755445e-02   1.7043562e-01  -2.5611807e-01  -3.9861531e-01  -2.1583540e-02   3.2608147e-01   1.4161198e-01   1.1738134e-01   2.6395656e-01  -4.9026361e-01  -7.2798738e-02  -4.6120749e-01   1.5485791e-01   6.1945393e-01  -4.4414668e-01  -3.3473129e-01  -2.3465798e-01  -3.0257819e-01  -2.7719085e-01   2.9981538e-01  -3.0623569e-02   2.5410403e-01  -4.9168239e-02   2.1281712e-01   4.4812323e-01  -8.4369756e-02  -1.0266597e-01  -3.6009537e-01   3.9094549e-01   5.2801827e-01  -4.3896871e-01  -3.9501791e-02   3.0696629e-01   1.8173907e-01  -7.3357608e-02   1.3644665e-01
   4.2281407e-01   5.6453854e-03   0.0000000e+00  -7.0783045e-02   8.3827225e-02   8.0360974e-03  -4.7963369e-02  -9.2765010e-02   1.7245283e-01  -2.5445879e-01  -1.0685997e-01   2.0685904e-01  -2.2317881e-01   5.9865526e-02   1.2988156e-01   1.1885307e-01   7.2765799e-01  -2.8363806e-01  -1.1317666e-01  -2.1590362e-02  -4.0250311e-01  -2.8697066e-01  -3.0997117e-01   6.9800179e-02   1.7176960e-01  -1.8787890e-01  -1.5430338e-01   2.7345570e-01   1.5120143e-01  -3.9979548e-01   5.2705621e-02  -7.7765061e-02   9.7514406e-02   1.0764822e-01  -1.9379307e-01  -2.8896150e-01  -1.0804660e-01   1.1995543e-01   5.0058111e-03   3.4360755e-01  -2.5814567e-01   3.5610427e-01  -1.3656174e-01   1.0267975e-01  -2.4319310e-01   6.3772376e-01  -3.2352530e-01  -2.9985223e-01  -2.1961940e-01   5.5888470e-01  -2.1910345e-01  -1.5518294e-02   1.9993689e-01   3.1584177e-01  -1.2627243e-02   4.6076824e-02  -1.8867001e-01   7.1988271e-02  -1.5480646e-01  -2.5493156e-01   6.9110581e-01  -8.4209811e-03   1.6577796e-01   4.0406049e-01  -1.5716269e-01  -3.2476676e-01  -2.0454162e-02  -3.9721187e-02  -3.8753673e-01   6.6489886e-01   8.5788292e-02  -2.3320167e-01  -9.0019391e-02   4.3159112e-01   3.9198145e-01  -1.5854330e-01   4.2386244e-01  -1.3661547e-01   2.1022249e-01   8.7011962e-02  -2.3569370e-01  -2.6303214e-01  -7.5482717e-02  -3.3346636e-01   7.2726454e-02   2.3853309e-01   1.4644449e-01   1.2103094e-01   2.3623800e-01   3.0711505e-01   3.1954335e-01   7.4782016e-01   1.3767198e-01  -3.5136501e-02   3.9203210e-01   1.4842808e-02   3.7959898e-02  -3.4856819e-01  -1.3051228e-01  -1.8483454e-01   1.0714426e-01   1.6722991e-01  -9.8330254e-02  -1.1157748e-01  -2.4560023e-01  -7.4093049e-02   4.0804707e-01  -4.5628906e-01  -1.7242245e-01  -2.2682270e-01  -5.4289311e-02  -3.6455995e-01  -1.0166044e-01   3.9234175e-01   1.7264123e-01   2.1321441e-01  -3.4564425e-01  -1.8844201e-01   9.8829801e-02  -7.9223311e-02   3.4098992e-01   3.0640510e-01   4.7871339e-01   1.0587828e-01   4.8819306e-01   5.8747598e-02   7.7839340e-02   1.7816429e-01  -1.3578121e-01   3.3736596e-01  -1.5753638e-02  -1.0784989e-01   4.2313362e-02  -3.0939319e-01   6.4655940e-02  -1.2564876e-02   1.7501234e-01  -2.2798680e-01  -4.1738972e-02   1.3069983e-01   2.0995032e-01   1.0638501e-01  -3.3140756e-01   1.1419233e-01  -7.9937981e-02  -3.1801301e-02   1.6062421e-01  -3.2798546e-01  -2.6299512e-01  -1.7255604e-01   4.2775058e-01  -1.6727422e-01   5.4583040e-01  -1.7142130e-01   3.5721831e-01  -9.7475602e-02   4.1551508e-01  -2.9890863e-02   7.0653730e-01  -3.1819301e-01   3.0026045e-01  -3.1919970e-01  -2.1020000e-01  -3.7187109e-01  -3.4366515e-01   2.9259148e-01  -3.2620583e-02  -1.6664557e-02   4.1886623e-01   2.2197014e-01   2.4891191e-01   1.9449284e-01  -3.9349763e-01  -2.2692522e-02   2.1208683e-01   1.6861687e-01  -3.7780044e-01
   3.3572288e-02  -1.2045009e-01  -7.0783045e-02   0.0000000e+00  -3.2256407e-01   3.4970656e-01  -3.8413109e-01   3.0837182e-01  -3.5567785e-01  -1.8121018e-01   5.8982850e-01   2.5813644e-01   1.0231802e-01   9.7191631e-03   4.5797942e-02   3.4481642e-01  -4.8446795e-02   5.1834254e-01   1.6887040e-01  -1.5031243e-01   2.2569409e-01   5.7015959e-01   3.1304648e-01   4.4160257e-02   1.2852050e-01   3.3465875e-01  -3.3980654e-01   3.0315218e-01   1.2715817e-01   5.7503229e-01  -3.5122585e-01   6.1100702e-01  -4.0327637e-02  -4.4282960e-01   4.2729095e-01   1.0481928e-01  -1.5015779e-01  -5.0197323e-03   3.0007769e-01  -5.0948379e-01   5.9644415e-02   2.0113965e-01  -4.0689399e-01   4.2977521e-01   2.3238729e-01  -5.6756104e-02   3.6086728e-01   1.7098431e-01   1.9156829e-01  -1.1465183e-01   5.4078428e-01   1.4897715e-01  -5.2982285e-01   1.9416385e-01  -7.8676849e-02   4.1850894e-01   5.0122162e-01   5.4342589e-01   5.3543774e-01   3.5796032e-01   1.4285695e-01  -2.2660315e-02  -2.2050043e-01  -2.1092711e-01  -2.6386662e-01   2.9812128e-01   7.4607870e-02  -1.9138304e-01   3.9781468e-01  -2.2135837e-01  -5.2726258e-01   4.9971754e-01   9.7417391e-02   1.2307718e-01  -2.1408018e-01   2.0228688e-01   6.7733777e-02   4.0651641e-01  -3.5627660e-01   3.4519251e-01   7.7665222e-02   9.3374036e-02  -1.5233077e-01   1.7665809e-01   8.6941484e-02   2.7032605e-01  -5.0192529e-01   2.0338310e-01  -1.7726098e-01  -6.9421094e-02  -2.4551898e-01   1.7323685e-01  -2.7615318e-01  -1.0616178e-01   2.1297784e-02  -2.6381798e-01   3.1406212e-01   1.3055434e-01  -6.5446773e-03  -2.8215385e-01  -5.5888421e-02   2.8937103e-01   5.8437980e-01  -2.9813417e-01   6.6465610e-01   5.8089135e-01   1.6669116e-01   2.4943823e-01   2.4777793e-01  -2.1858899e-01  -3.3180814e-01   6.4384331e-01   5.6509111e-01  -7.0556311e-02   1.0348503e-01  -4.6299381e-01   2.1701146e-01   6.9952221e-02   1.6120717e-01   7.8130174e-01  -7.2186826e-02  -1.7030618e-01  -1.5192428e-01  -5.9912039e-02  -7.6763000e-02   3.0900277e-01   3.9069757e-01  -1.0745021e-01   6.5507823e-01  -3.8357080e-01  -7.4468913e-02  -3.0453915e-01  -7.0466220e-02  -1.7601016e-01   3.0295138e-02   2.2192804e-01   3.5587221e-01   6.9674328e-02   4.6155573e-01   3.5450710e-02   1.0608922e-01   1.2528690e-01   1.8086959e-01   1.8149814e-01   1.3728986e-01   1.4630995e-01  -1.7112646e-01   5.5396821e-02   1.1042587e-01  -2.9792023e-01   4.8623987e-02   3.6324762e-01   8.0996390e-02  -6.1549240e-02  -2.8368628e-01   3.6976712e-02  -3.2711800e-02   6.2066147e-01   1.1227299e-01   5.1514314e-01   4.4981611e-02   5.5654914e-01  -1.0309717e-01   5.2483681e-01   3.5144105e-01  -2.3192911e-01   4.5435676e-01   4.1541715e-01   1.7126505e-01  -4.4957341e-01  -1.4795018e-01  -4.7702779e-02   3.7594580e-01   2.4177802e-01   1.2573940e-01   6.6276290e-02   5.3112419e-01
  -3.6304960e-01   4.1084771e-01   8.3827225e-02  -3.2256407e-01   0.0000000e+00  -2.3776459e-01   7.5923197e-01  -2.7246986e-01   5.2851533e-01   5.6421870e-01  -2.6028301e-01   6.4660850e-02   1.8728799e-02  -4.5053420e-01  -4.2824352e-01  -1.9525831e-01   1.2965401e-01  -1.5663337e-01  -3.2843361e-01   8.3438575e-01  -3.1170374e-01  -2.5505523e-01  -3.4771643e-01  -3.0861776e-01  -1.8089825e-01  -1.6721690e-01   6.3085543e-01  -5.7401912e-01   2.1665429e-01  -3.5800976e-01   1.7947405e-01  -3.2375238e-01  -1.9916778e-02   5.4428855e-01  -1.8571811e-01   3.9730098e-01   2.9187539e-01  -3.6936065e-01  -4.8976571e-02   4.5323779e-01   2.7069575e-01  -4.0417406e-01   6.3514638e-01  -4.9967620e-01   2.7657394e-01  -3.3812496e-01   5.4892506e-02  -1.2765182e-01  -2.0276389e-01   2.9229019e-01  -2.3323589e-01  -1.6011513e-01   5.8248831e-01  -4.0844524e-01  -3.0928131e-01  -4.5814349e-01  -4.6835861e-01  -2.4870697e-01  -1.6552956e-01  -2.9227354e-02  -1.9801879e-01   5.1458364e-01   4.1508131e-01  -4.0199549e-02   2.6788675e-01   4.8174772e-02   8.3543352e-02   5.4294916e-01  -1.1610342e-02  -1.5468059e-01   5.7494178e-01  -1.7024372e-01   2.9227629e-01  -5.2816556e-01  -5.0972249e-02  -4.0027746e-01  -3.9428902e-01  -2.3134304e-01   6.7128736e-01   3.1534728e-02  -3.1334245e-01   1.1875424e-01  -7.8350834e-02  -1.3401222e-01  -3.4153822e-01  -4.9649262e-01   2.8777379e-01  -5.2213351e-01   4.3467244e-01  -4.1969394e-01   7.7566020e-01  -2.7471626e-01   7.5720016e-01   5.0849114e-01  -3.7030006e-01   8.2467677e-01   2.8138705e-01   7.1832073e-02   5.8728234e-01   2.3288655e-01  -4.1781168e-01  -4.8209788e-01  -5.3564992e-01   4.3286897e-01  -3.5934272e-01  -3.6439478e-01  -3.3528530e-01   1.0805641e-01   1.5359229e-02   6.3781952e-01   4.0672441e-01  -3.7851381e-01  -4.3953160e-01  -4.0077652e-01  -5.3353223e-01   6.9897396e-01   9.0656139e-02   3.6771728e-01  -5.4104025e-01  -4.5124345e-01  -4.0415934e-01   7.7797046e-01   2.9771533e-01  -9.6902095e-02  -3.4474736e-01  -5.9208501e-01  -3.4866036e-01  -1.1229373e-01  -3.2739786e-01   1.5435312e-01   3.5626237e-01   3.5281220e-01  -5.8862476e-02   1.5238240e-02   2.1123060e-01  -3.3652540e-01  -2.0876475e-01  -4.9052123e-01  -4.1911765e-01  -3.7792588e-01  -3.2460527e-01  -2.1651718e-01   3.9631275e-02  -5.1379210e-01  -4.2522004e-01  -4.0296855e-01   4.8745722e-01   4.8256889e-01   4.5277329e-01   2.1191909e-01  -4.9913131e-01  -4.6148302e-01  -4.2364393e-01   4.6815892e-01   4.5123686e-01  -2.8693555e-01  -2.2460285e-01  -2.3459244e-01  -1.8722024e-01  -4.7474104e-01   2.9162478e-01  -2.3989107e-01   2.1052781e-01  -1.6443636e-01  -8.3551795e-02   7.1643852e-01  -1.8450332e-01  -4.5157553e-01  -3.1656654e-01   6.8340857e-01   7.5307599e-01  -4.3825800e-01   1.6886516e-01  -2.8883596e-01   1.7057074e-01  -1.6318735e-01  -1.6989512e-01
  -1.3698828e-01   1.0411889e-01   8.0360974e-03   3.4970656e-01  -2.3776459e-01   0.0000000e+00  -1.2609319e-01   1.8393949e-01  -3.5690483e-01   7.8150232e-02   2.3039986e-01   2.9635634e-01  -1.0126248e-01  -6.8550007e-03   2.3141747e-02   4.3558397e-01   5.8833663e-02   5.5808211e-01   3.5705064e-01  -4.6433434e-02   4.3313811e-01   2.3649583e-01   3.7454143e-01  -2.8949626e-01  -1.4517384e-01   2.9922747e-01   1.2668051e-01   1.7656793e-01  -5.8426706e-02   4.2885381e-01  -2.8474880e-02   2.4658833e-01  -1.7358904e-01  -2.8396126e-01   3.2782974e-01   3.2477999e-01   1.2112695e-01  -1.6241791e-01   3.5725619e-01  -5.7306873e-02  -5.8724496e-02   5.8172731e-04  -2.2516912e-01   3.0652160e-01   1.9887066e-01   6.0542010e-02   5.1081327e-01   4.1232313e-01   9.0305777e-02  -3.8574341e-02   4.0873344e-01  -3.9315742e-02  -2.6891188e-01   9.7755451e-02  -2.8714102e-02   2.3809071e-01   5.2675753e-01   1.5570912e-01   3.0990621e-01   3.0784309e-01  -7.7256386e-02  -2.8502916e-04  -2.5790110e-01   4.3161925e-02   4.8290945e-02   4.1771481e-01   6.0844156e-01  -2.0251403e-01   3.6746536e-01   8.3926315e-02  -1.8196102e-01   2.4696104e-01  -7.6734832e-02   1.4185625e-01  -1.1336516e-01   3.1977847e-01  -1.0027640e-02   3.8834668e-02  -2.1100520e-01  -2.0391569e-01   3.6519244e-01  -1.1529721e-03   2.7405887e-01   9.6979879e-02   2.8244347e-01   7.9238578e-03  -2.1742162e-01  -1.2287471e-01  -2.6279812e-01  -1.9479352e-01  -1.9281682e-01   4.8920872e-02  -1.7384231e-01  -2.2675779e-01  -1.2425895e-02  -1.2094741e-01  -7.4130621e-02  -4.8088970e-02  -3.7420321e-02  -6.1198761e-02   3.2148858e-01   2.4905894e-01   3.5474456e-01  -2.7781039e-01   3.4277448e-01   1.6589282e-01   1.3344436e-01   1.7455130e-01   5.2976552e-02   1.1252778e-01   5.3601513e-02   4.8993115e-01   4.2207947e-02  -8.6534921e-02   2.1344619e-01  -3.6194646e-01   1.0521919e-01   3.4462617e-02   5.9088567e-01   3.2808552e-01  -2.0322055e-01  -2.9143880e-01  -3.5326981e-01   2.6628759e-01  -6.3599636e-02   9.0540347e-02   3.3497313e-01  -3.3021721e-01   2.2273453e-01   2.7509015e-01   2.2096224e-02  -1.9158861e-02   2.4297988e-01   1.6856433e-01  -1.0555932e-01   7.5259831e-02  -3.5922754e-01   4.7450352e-01   1.8748850e-02  -1.7220527e-01  -1.8648818e-01   1.4302428e-01   6.8520998e-03   6.7125894e-01   1.7168648e-01   3.6911987e-01   7.8661614e-02   3.4905673e-01   3.5565638e-01  -3.8791386e-02  -5.3059847e-02   2.8252787e-01  -9.8437375e-03  -4.6206341e-02  -5.0538260e-02  -2.8218372e-01  -2.1319699e-01   1.5902329e-01  -3.8193102e-02   3.5866696e-01  -1.3999814e-01   1.3116609e-01   2.0456538e-01   3.9862420e-01   1.6885118e-01  -3.3837669e-01   3.9002815e-01   3.1039503e-01  -2.6320581e-02  -3.3216253e-01  -1.6003396e-01  -7.6729835e-02   2.3526514e-01   6.9475016e-01  -8.4616426e-02   1.9123082e-02   1.4395304e-01
  -5.2503285e-01   4.8784564e-01  -4.7963369e-02  -3.8413109e-01   7.5923197e-01  -1.2609319e-01   0.0000000e+00  -3.0373771e-01   4.4431535e-01   6.3462088e-01  -3.5284432e-01   5.1071083e-02  -9.0967957e-02  -2.1029143e-01  -1.9441888e-01  -7.1659404e-02  -4.1564348e-02  -7.7423508e-02  -3.5771221e-01   6.4465257e-01  -3.8896227e-02  -3.8364707e-01  -1.5936168e-01  -3.7546500e-01  -2.2787215e-01  -3.0137086e-01   6.0796715e-01  -4.7854861e-01   6.1064732e-02  -3.7674469e-01   4.5620497e-01  -4.2084718e-01  -2.5010723e-02   7.1431472e-01  -1.7933826e-01   3.7308072e-01   4.8723044e-01  -2.6625264e-01   1.8100299e-02   5.3974859e-01   1.7944323e-01  -3.7684328e-01   7.2427695e-01  -4.9424383e-01   2.6407338e-01  -3.9056492e-01   3.2184114e-02   1.5061980e-01  -6.0273939e-02   1.4772038e-01  -1.9888777e-01  -3.0197405e-01   6.4382903e-01  -4.8950916e-01  -3.6277576e-01  -5.6510595e-01  -4.8143768e-01  -3.9416341e-01  -1.4021905e-01  -1.3197384e-01  -3.0734097e-01   4.3055985e-01   2.8749905e-01   1.8641614e-01   4.8167052e-01   4.1925317e-02   1.9026534e-01   5.0621961e-01  -1.3137609e-01  -2.4911638e-01   7.6699940e-01  -2.3621381e-01   2.9820843e-01  -5.9626577e-01  -1.0827805e-01  -1.9084995e-01  -3.6243839e-01  -3.5486221e-01   7.1306387e-01  -1.4232479e-01  -6.9860836e-02   1.4649898e-01   2.1684034e-01  -2.7326183e-01  -2.0167343e-01  -5.1210516e-01   4.7226268e-01  -6.3613801e-01   3.1347544e-01  -4.4231436e-01   5.9295904e-01  -3.7789176e-01   7.5020610e-01   3.7811356e-01  -3.1603686e-01   6.1162035e-01   9.1380421e-03  -5.6618982e-02   5.1201801e-01   4.3805698e-01  -8.6042455e-02  -4.5330354e-01  -5.4157334e-01   4.0838470e-01  -4.0183846e-01  -4.0428386e-01  -2.9257841e-01   1.9027981e-02  -5.6512550e-03   6.6428379e-01   5.8572071e-01  -4.0988198e-01  -4.6958954e-01  -4.5607665e-01  -3.3101804e-01   6.4244201e-01  -3.0616350e-02   3.1084581e-01  -3.4750923e-01  -5.6946088e-01  -3.8942707e-01   5.7659496e-01   2.2271597e-01   1.2658748e-01  -3.3733064e-01  -7.6366742e-01  -1.9860752e-01  -1.1156983e-01  -4.2439993e-01   2.0734686e-01   2.8586782e-01   5.8074068e-01  -1.5882055e-02   3.5370075e-01   1.2806306e-01  -3.5237195e-01  -3.9885439e-01  -1.0797344e-01  -4.9208529e-01  -3.5937157e-01  -3.7423855e-01  -2.3010335e-01  -1.0212058e-01  -3.7547946e-01  -1.7186788e-01  -7.3358371e-02   6.2825746e-01   4.0843361e-01   4.3563293e-01   4.9868191e-01  -5.4585692e-01  -4.3809179e-01  -5.4708297e-01   4.2311761e-01   4.7067902e-01  -2.5960366e-01  -3.3382024e-01  -2.5954278e-01  -3.0440943e-01  -3.9051379e-01   2.2527922e-01  -3.2180297e-01   4.1901183e-01  -1.3783607e-01  -1.5590828e-01   5.8138412e-01  -1.5984755e-01  -4.8263686e-01  -4.5765876e-01   6.1197468e-01   5.9876241e-01  -3.5254421e-01   8.1545585e-02  -1.9802443e-01   1.4918775e-01  -5.3252383e-02  -2.6065798e-01
   6.8060671e-02  -3.1586984e-02  -9.2765010e-02   3.0837182e-01  -2.7246986e-01   1.8393949e-01  -3.0373771e-01   0.0000000e+00  -2.2716928e-01  -2.0422973e-01   3.6876903e-01  -4.3419934e-02   4.8094987e-02  -3.0070630e-02  -1.5308682e-01   2.1790213e-01  -2.1300362e-02   2.9474900e-01   2.9187490e-02  -2.0438305e-01   1.0148314e-01   5.8257808e-01   1.0806764e-01  -1.6461545e-01  -4.3441348e-03   6.7541919e-01  -1.8466695e-01   2.1077184e-01   1.4675685e-01   4.4704773e-01  -3.1557512e-01   4.7601779e-01  -1.0100784e-01  -2.0565395e-01   2.2095336e-01  -1.4303278e-02  -1.8591261e-01  -2.1812847e-01   7.7335994e-02  -2.6902419e-01   1.7128704e-01  -3.7967649e-02  -2.6783770e-01   5.0594159e-01   4.3868825e-02   1.9968215e-02   1.1284010e-01   1.1036399e-01   4.8775299e-02  -1.8824234e-01   3.4698884e-01   7.5491945e-01  -2.5978774e-01  -1.2718280e-01   2.2101034e-01   5.3074110e-01   3.3398435e-01   3.3080041e-01   3.4236479e-01   4.5025644e-01  -8.5389568e-02  -9.7929265e-02  -2.0221474e-01  -2.6800005e-01  -1.0605749e-01   1.9875963e-01  -3.7903195e-02  -2.7255206e-01   3.8646117e-01   1.1809142e-03  -3.0310992e-01   3.4049599e-01  -1.7742714e-01   3.2092215e-02  -1.6519456e-01   2.4219549e-01  -1.2388743e-01   4.8187850e-01  -3.2863189e-01   1.3480118e-01   2.4983064e-01  -1.8150290e-01   3.5803528e-02   5.2139568e-01  -8.9924039e-02   1.8135843e-01  -2.7746332e-01   1.1376136e-01  -2.8935868e-01   1.3748965e-04  -2.0331394e-01  -9.7752105e-02  -2.5568606e-01  -1.2195062e-01  -2.0318444e-01  -2.0021882e-01  -1.4449886e-02  -1.6296145e-01  -3.3832779e-01  -1.7185146e-01  -4.0012566e-02   2.1546849e-01   5.8447504e-01  -3.9215702e-02   4.7116092e-01   5.7728088e-01  -1.8937133e-01   3.4617495e-01  -2.2405348e-02  -4.1953621e-02  -1.0016498e-01   4.9386897e-01   1.9712460e-01  -1.0908173e-01  -8.2788192e-03  -2.4858343e-01   5.2218581e-01  -1.6177226e-01   1.5731887e-01   2.6946677e-01  -3.3100988e-02  -2.3694497e-01  -2.5856592e-01  -6.8575893e-03  -7.9750477e-02   3.2097308e-01   2.8958646e-02  -3.9057551e-01   4.8314109e-01  -1.8684975e-01  -1.8899750e-01  -2.3316045e-01   1.5873776e-01  -6.8957459e-02  -5.3649913e-02   5.2170299e-01  -6.6782039e-02   1.9377337e-01   5.6017552e-01  -1.3382999e-01  -1.1006107e-01   1.7668506e-01   1.6237178e-01   1.7572386e-01  -7.4788786e-02   1.0211091e-01  -2.7164626e-01   3.2445660e-02  -2.7430912e-02  -1.4082640e-01  -4.6838119e-02   6.4063419e-01  -7.0705312e-02  -1.4196099e-01  -1.6055700e-01  -1.6411118e-01  -1.0206754e-01   2.8053432e-01  -2.2111620e-01   5.0158729e-01  -1.5163255e-01   4.2695506e-01  -4.8790585e-02   3.9939049e-01   4.0084845e-01  -2.7717519e-01   3.2746375e-01   3.8943329e-01  -1.3408567e-01  -2.7054207e-01  -2.3438114e-01  -1.6802314e-01   2.3153280e-01   1.5964919e-01   4.5129054e-02  -5.3293234e-02   4.3600455e-01
  -1.6130745e-01   4.4174358e-01   1.7245283e-01  -3.5567785e-01   5.2851533e-01  -3.5690483e-01   4.4431535e-01  -2.2716928e-01   0.0000000e+00   1.3459148e-01  -3.4647680e-01   5.9435665e-02  -1.7209298e-01  -4.3789341e-02  -1.5526924e-01  -3.1417461e-01   3.5913782e-01  -3.2305754e-01  -1.2073112e-01   3.1546734e-01  -2.9369438e-01  -2.3746693e-01  -4.1772496e-01  -2.6995385e-01   1.0165788e-01  -1.5411513e-01   1.0078079e-01  -2.4073579e-01   2.5344494e-01  -3.1659120e-01   3.6842190e-01  -2.1576264e-01  -5.7804423e-02   4.5152911e-01  -1.7955824e-01  -2.1173360e-01   2.6980303e-01  -3.9105083e-01  -2.3707976e-01   4.3247535e-01   2.3383303e-02  -3.5142925e-01   4.2350436e-01  -3.0481357e-01  -1.7159917e-01  -1.1718030e-01  -3.9036940e-01  -2.5665928e-01  -1.4667020e-01   2.6765650e-01  -4.0726921e-01  -9.1953509e-02   6.4472665e-01  -1.3727503e-01  -1.1009277e-01  -3.6676580e-01  -2.7697690e-01  -1.0859353e-01  -2.9713433e-01  -8.1994329e-02  -1.5488222e-01   2.5558495e-01   7.8753531e-01   3.1835971e-01   2.7669641e-01  -3.0145461e-01  -6.7836235e-02   3.4505873e-01  -3.1146014e-01  -6.8193634e-02   5.2971023e-01  -1.8949017e-01   2.1950569e-01  -2.7888997e-01   1.9295273e-01  -2.0726043e-01  -3.5139378e-01  -1.2884715e-01   5.2552350e-01   2.4329650e-02  -2.1562633e-01  -1.3534214e-01   5.0340896e-02  -7.0148093e-02  -1.3706126e-01  -2.3504500e-01   5.0509972e-01  -3.6041374e-01   6.0913104e-01  -1.5441760e-01   4.7842274e-01  -9.4437139e-02   5.3381724e-01   5.0028071e-01  -3.3660357e-01   4.1044829e-01   9.5447166e-03   2.7401545e-02   1.5170675e-01   9.6314308e-02   1.6713618e-03  -3.2105785e-01  -3.8280067e-01   7.2557345e-01  -3.9344805e-01  -2.0172854e-01  -2.7408813e-02  -1.7082478e-01   3.9167104e-02   2.6532606e-01   1.8612522e-01  -4.0579079e-01  -2.9709840e-01  -1.8706822e-01  -2.4602095e-01   5.6099284e-01  -2.2175735e-02   3.4474005e-02  -3.9514569e-01  -4.9316883e-01  -2.4364639e-01   4.8856826e-01   5.2983889e-01   1.6996055e-01  -1.9875245e-01  -3.5041173e-01  -3.5372342e-01   2.1354580e-01  -2.3656672e-01   1.0707499e-01   5.6512507e-02   1.3794954e-01   1.9618669e-01   9.0686719e-02   3.6817760e-01  -5.1697532e-02   1.2186575e-02  -2.3221792e-01  -1.4141093e-01  -1.9980160e-01  -2.5059986e-01   1.5892817e-02  -1.5046575e-01  -5.2495957e-01  -2.3229839e-01  -8.6853382e-02   2.8355988e-01  -6.0795199e-02   6.0006793e-02   2.9758502e-01  -2.5032331e-01  -2.5902163e-01  -1.7982312e-01   8.7514552e-02   5.4928698e-01  -2.5874024e-01  -6.3199339e-02  -3.0578235e-01  -1.4604508e-01  -3.9411748e-01   1.9334404e-01  -3.3361602e-01   1.8782875e-01  -3.1642136e-01  -6.7706310e-02   3.5293383e-01  -3.4604176e-01  -3.2203447e-01  -1.9268691e-01   6.0458247e-01   3.6746733e-01  -3.3542165e-01  -1.4125033e-01  -1.1695910e-01   2.6967251e-01  -1.3397033e-01  -1.2209747e-01
  -4.4865734e-01   2.3266083e-01  -2.5445879e-01  -1.8121018e-01   5.6421870e-01   7.8150232e-02   6.3462088e-01  -2.0422973e-01   1.3459148e-01   0.0000000e+00  -1.3392416e-01  -2.6057832e-01   1.3142094e-01  -3.1927179e-01  -1.6780417e-01  -1.0195770e-01  -3.1612803e-01   2.3549272e-01  -1.6433974e-01   6.8390680e-01   2.8080686e-01   1.2729598e-02   2.1121780e-01  -3.5992076e-01  -4.0688911e-01  -1.4984668e-01   6.7557921e-01  -4.6888098e-01  -1.8977570e-01  -7.8837903e-02   2.9797209e-01  -1.3453509e-01  -2.8409442e-01   4.6894915e-01  -5.3295265e-02   7.0376442e-01   5.7499321e-01  -4.3588428e-01   2.7913098e-02   3.0112439e-01   3.6679984e-01  -4.8565542e-01   5.1891901e-01  -4.1033993e-01   5.4823468e-01  -3.6300651e-01   3.4664258e-01   3.6589878e-01   9.0640772e-02  -2.4919564e-01   1.1827588e-01  -1.1482048e-01   2.7577579e-01  -5.9561222e-01  -2.3711867e-01  -4.3562266e-01  -4.2298746e-01  -8.4234082e-02   2.7010414e-03   2.2331259e-01  -3.5575803e-01   5.5392374e-01  -2.3738349e-02  -3.9285595e-02   4.4722054e-01   4.8115495e-01   2.8336585e-01   4.9480642e-01   1.3046406e-01  -2.2506904e-01   5.0136531e-01   8.4809069e-02   1.2245193e-01  -6.1509473e-01  -1.5808486e-01   1.9170752e-02  -4.6827199e-01  -2.4980323e-01   4.4538811e-01  -1.1822142e-01   1.3931584e-01   7.4605375e-02   1.5339955e-01  -1.0271521e-01  -4.6330636e-01  -3.6518188e-01   1.8278845e-01  -4.6369737e-01   2.2535368e-01  -4.8771312e-01   2.9735322e-01  -4.2380694e-01   4.7185306e-01   2.4777695e-01  -3.8081525e-01   4.7851679e-01   1.0997711e-01   8.4370756e-02   5.5054614e-01   6.8119423e-01  -2.2262055e-01  -2.1981956e-01  -2.9028732e-01   3.4385745e-01  -2.5548247e-02  -1.0830791e-01  -4.6241678e-01   2.1928225e-01   2.0650646e-01   6.7519495e-01   6.3037275e-01  -1.2616351e-01  -1.7748135e-01  -4.7525862e-01  -4.0179534e-01   3.5990050e-01   1.4752045e-01   3.2519435e-01  -2.0067356e-01  -3.2047014e-01  -3.9154526e-01   2.1829262e-01  -2.9225576e-01   1.3750126e-01  -4.4450081e-01  -5.5573129e-01  -2.8964923e-02  -3.3625445e-01  -1.0310139e-01   2.4895728e-01   3.6162600e-01   6.2187678e-01  -2.3355587e-01   4.7403964e-01   1.8778408e-01  -1.0280107e-01  -5.0548809e-01   2.6526996e-02  -2.4997923e-01  -4.3874124e-01  -4.0266713e-01  -2.4261176e-01  -5.3954547e-02  -2.0159647e-01   8.7525064e-02  -1.6492390e-02   1.9178897e-01   5.9281280e-01   6.9675617e-01   4.8529201e-01  -5.3222968e-01  -2.7828773e-01  -5.4861760e-01   4.2630485e-01   7.6209605e-02  -2.7078806e-01  -2.8970233e-01  -1.5332120e-01  -4.0510913e-01  -1.3913942e-01   1.4733935e-02  -1.2348905e-01   4.3974588e-01   2.7349594e-01   1.1810306e-01   1.7430035e-01  -5.0343511e-02  -3.7608057e-01  -4.3936738e-01   1.7948575e-01   3.0828958e-01  -4.6354705e-01   4.2036054e-01  -1.5959679e-01   2.8266684e-02  -2.8518275e-01  -1.8516883e-02
   2.1447931e-02  -1.8202844e-01  -1.0685997e-01   5.8982850e-01  -2.6028301e-01   2.3039986e-01  -3.5284432e-01   3.6876903e-01  -3.4647680e-01  -1.3392416e-01   0.0000000e+00  -3.5701992e-02   6.9435801e-02  -2.7039924e-01  -1.2580123e-01   3.5736481e-01  -3.9953088e-02   5.1606862e-01   5.6135376e-02  -1.4503578e-01   2.6533025e-01   5.3572509e-01   2.7289134e-01   5.2488217e-02   6.6348123e-02   2.7109637e-01  -1.8020859e-01   5.9900396e-02   8.8520107e-02   4.0064206e-01  -2.8004940e-01   5.4749360e-01  -8.0120250e-02  -4.5914528e-01   4.1593841e-01   2.5096896e-01  -3.2237604e-01   5.9765497e-04   2.6453060e-01  -4.2217570e-01   1.1357706e-01   1.2024859e-01  -3.8677811e-01   3.2288577e-01   2.2537055e-01  -2.4437919e-02   5.5081450e-01   2.0510517e-01  -7.0276193e-02  -6.1896391e-02   5.5653275e-01   1.1066542e-01  -4.2982095e-01  -9.4953470e-02  -1.5045002e-01   4.3924838e-01   3.5608563e-01   4.1539097e-01   7.0544586e-01   3.0082682e-01   1.9108029e-01  -1.4287765e-01  -2.5920271e-01  -1.2506037e-01  -1.8662873e-01   5.1255481e-01  -4.3232784e-02  -1.5217902e-01   5.5002661e-01  -1.2328134e-01  -4.1781649e-01   3.9194177e-01  -3.0957457e-02  -7.0218707e-02  -3.0228362e-01  -2.2181572e-02   5.9854235e-02   3.5329569e-01  -3.8261367e-01   3.5829344e-01  -3.0499308e-02   9.3044979e-02  -1.3022166e-01   1.8255671e-01  -1.6355457e-01   2.0932703e-01  -4.9072057e-01  -2.3006747e-02  -1.2064073e-01  -1.2524375e-01  -1.4031579e-01   4.9072490e-02  -2.8294635e-01  -9.7971317e-02   1.8001675e-02  -1.7394186e-01   2.4069243e-01   2.5271805e-02  -1.0574633e-02  -2.4976705e-01  -2.4099841e-01   4.3626504e-01   4.2028284e-01  -3.2069085e-01   6.5600698e-01   4.2477294e-01  -1.1438780e-01   2.4929118e-01   7.0130657e-02  -5.3559886e-02  -3.9140422e-01   6.5240999e-01   3.2556482e-01  -2.0256586e-01  -2.7156372e-01  -3.9275373e-01   1.7861680e-01   6.8058375e-02  -1.1833067e-02   6.0328486e-01   3.0538492e-02  -1.9802556e-01  -1.8546573e-01  -7.8749882e-02  -4.1370528e-02   1.7606872e-01   2.0333977e-01  -3.2101120e-01   6.0106445e-01  -2.4634573e-01  -6.0659678e-02  -1.3021540e-01  -2.5514555e-01  -1.0045836e-01  -2.0608605e-01   1.6806946e-01   1.9357459e-01  -1.4328501e-02   2.9820622e-01  -5.7523092e-02  -5.5002688e-02  -8.2125793e-02   2.6941284e-01   8.6008893e-02   4.3119378e-02   6.2211895e-02  -3.0438268e-01   2.6404556e-01   1.5073980e-01  -3.0924280e-01  -6.1491116e-02   2.2931064e-01  -3.6718207e-02   8.5175849e-02  -3.3496497e-01   2.0825718e-02  -6.2569095e-02   7.3185565e-01   6.4493501e-02   3.7461086e-01  -1.0488772e-01   7.6840422e-01   5.1187053e-04   5.8419763e-01   1.8260191e-01  -1.7000988e-01   5.7304528e-01   2.2267055e-01  -3.3073772e-02  -3.6131087e-01  -1.4802494e-02   1.1112182e-02   5.2056987e-01   5.5994711e-03  -1.0590808e-01  -6.5208872e-02   3.7085585e-01
  -2.0433398e-01   3.3071711e-01   2.0685904e-01   2.5813644e-01   6.4660850e-02   2.9635634e-01   5.1071083e-02  -4.3419934e-02   5.9435665e-02  -2.6057832e-01  -3.5701992e-02   0.0000000e+00  -1.1646394e-01  -4.4559340e-02  -8.2332622e-02   2.9317541e-01   4.1079766e-01  -8.7452952e-02   1.6829289e-01   2.3333883e-02  -2.6959363e-01   3.0041223e-02  -3.1865357e-01  -2.4001731e-01   6.5766217e-02   2.2897530e-01  -1.0939629e-01   7.7734680e-02   3.4279535e-01   2.7958105e-01  -7.2199087e-02   5.4191700e-02   1.9090616e-01   2.5101128e-03   3.6443719e-01  -2.5098149e-01  -1.0825870e-01  -1.4283503e-02   1.7179971e-01  -2.8545354e-02  -2.2407976e-01   9.7811268e-02  -3.1829986e-02   1.8824820e-01  -4.6104895e-02  -1.4934773e-01  -7.9836260e-02  -2.3465404e-01  -1.2709208e-01   5.4784069e-01  -1.8911253e-01  -1.2797991e-01  -9.2052979e-04   3.2525758e-01  -1.7989142e-01   3.2775113e-02   3.8143331e-01  -1.2402734e-02  -1.6872469e-02  -3.1183839e-02  -4.8080424e-02  -3.2259933e-03   3.2831323e-01   3.3542151e-02  -2.2509806e-01  -2.4669638e-01   2.6261320e-01  -1.6961015e-01   1.6477810e-01  -2.0804300e-01  -8.1514287e-02  -2.0790925e-01   2.2918938e-01   1.0074586e-01   7.6251771e-03  -7.0624274e-02   3.1744311e-02   1.5589565e-01   1.3716978e-01  -6.0002744e-02  -2.5628292e-01   9.5104873e-02  -4.8297244e-02   1.4447031e-01   5.8179845e-01  -1.3057494e-01  -8.8736624e-02  -1.4824640e-01  -1.1954634e-02  -2.0261935e-01   2.2451868e-01   1.1098292e-01   3.4246915e-01   3.8995040e-01  -4.6191063e-02   1.4639087e-01   7.9492377e-02   1.9835427e-01   1.1204643e-01  -3.8497169e-01   1.6084889e-01  -1.7548913e-01   1.1220591e-01  -1.2331784e-01  -1.0786072e-01  -1.8681659e-02   4.2340625e-01   1.1914472e-01  -7.5217346e-02  -1.4253597e-01  -1.9634994e-01   8.7276283e-02  -6.5907448e-02  -1.4023691e-01   1.3395878e-01  -3.0505349e-02   1.6130571e-01   1.8161551e-01   4.9443912e-02   1.7059029e-01  -3.0428844e-01   4.8320041e-01   5.2949008e-01   9.4563773e-02  -7.2521530e-02  -3.8125199e-02   1.4649890e-01   2.1156349e-01   9.7666710e-03  -2.1396905e-01  -1.6575943e-01  -3.5603485e-01   4.6804277e-01  -3.2286559e-01   2.1441558e-01  -1.1100170e-01   1.7768221e-01  -1.1201229e-01  -3.9363150e-02  -1.6186167e-01  -1.1332142e-01   1.2935194e-01   2.6803613e-01   3.1933941e-02  -1.8636462e-01   1.0954156e-02   6.2436706e-01  -1.7369487e-01  -1.7368756e-02  -2.0184650e-01  -1.0991081e-01   1.2293646e-01   2.0076947e-02  -1.7231621e-01   3.8368043e-01  -2.2317470e-01  -1.9376091e-01   5.7158006e-02   1.4989014e-01  -5.9053144e-02   1.6522808e-01   8.4316698e-02   3.6765417e-02  -1.5405028e-01   1.2291180e-01   3.5460705e-01   2.0541963e-01   1.4950237e-01   9.2757214e-02   1.6397490e-01   4.0142452e-01  -3.4350043e-02  -2.2176119e-01   4.5068808e-01   2.5765083e-01   2.2180684e-01   2.1364595e-01
   1.2969359e-01  -3.9322029e-01  -2.2317881e-01   1.0231802e-01   1.8728799e-02  -1.0126248e-01  -9.0967957e-02   4.8094987e-02  -1.7209298e-01   1.3142094e-01   6.9435801e-02  -1.1646394e-01   0.0000000e+00  -7.9196399e-02  -1.7614137e-02  -2.0157157e-01  -3.4949796e-01   1.3954214e-01  -3.2652840e-02   2.6073553e-01  -6.1004822e-02   2.2293315e-01   1.9270889e-01   1.5750414e-01  -1.5158750e-01   2.0940692e-02  -8.1828745e-03  -6.9967441e-02   5.4865298e-02  -3.2979602e-02  -4.5483454e-01   1.2568742e-01  -1.2872450e-01  -2.0776344e-01   2.1877248e-02   2.4237730e-01  -3.0477707e-01   9.3786946e-03  -1.2420290e-01  -3.6365184e-01   6.6375726e-01   6.7053146e-02   2.0666842e-02   5.9133212e-02   2.4788968e-01  -6.2221099e-02   1.5675919e-01  -1.3732611e-01   1.3171660e-01  -3.3104458e-01   2.3530553e-01   1.7341853e-01  -4.4834529e-01   6.1478716e-02   1.1787917e-01   1.0612849e-01  -1.2134066e-01   1.7891436e-01  -7.2584107e-03   1.3832943e-01  -5.3865062e-02   6.6323996e-02  -9.7864228e-02  -4.0341046e-01  -4.0092633e-01   2.2567357e-01  -2.4162034e-01   2.4253564e-02   5.1916454e-02  -9.0376505e-02  -3.6232174e-01   2.9208915e-01   2.1203895e-01  -5.2223907e-02   3.4037904e-02   2.5544772e-02  -3.8292319e-02   1.3757220e-01  -3.4115202e-01   2.6430371e-01   2.8878619e-02   1.3215207e-01  -4.4648603e-01   3.4519232e-03  -3.3675794e-01   1.9417214e-01  -4.4441039e-01   1.8198415e-01   4.0503703e-02   1.0440097e-01  -2.0158979e-01  -6.5779158e-02  -1.2064056e-01   1.0402657e-01   7.3241762e-02   1.1252939e-01   3.5048092e-01  -8.6619420e-03   3.1294736e-01   6.7721096e-03  -4.7390144e-01   3.0992757e-01   6.5234794e-02  -1.4077253e-01   2.2771534e-01   6.7776840e-02  -1.5238954e-01   8.9001464e-02   1.8313992e-01  -7.1287746e-02  -1.5003970e-01  -2.1348080e-02   9.2990452e-02   8.9204296e-02  -1.3781537e-01  -3.6280996e-01  -1.0727118e-02   2.8232317e-01  -2.7981847e-01   5.2066700e-02   1.0990396e-01  -6.1438153e-02  -2.1791112e-01  -3.2609277e-01  -7.9858109e-02   8.0814095e-02   1.8325818e-01   1.1299636e-01   2.0420637e-01  -3.5250809e-01   3.1770792e-01  -1.4851396e-01  -3.8175388e-01  -2.0158033e-01   2.5751342e-01   2.2182130e-01   1.8485092e-01  -2.7658678e-01   1.7928723e-01   1.3770985e-01   1.1608750e-01   3.5692232e-01  -1.9852295e-01  -3.2371657e-02   7.7460253e-02  -2.9254802e-01  -1.9134440e-01   7.6608852e-02   1.4835324e-01  -2.4036097e-01   7.2003450e-02   5.4048803e-02   8.5178995e-02   2.3025925e-02  -4.5366949e-01   2.4370367e-01   8.8010055e-02   1.2933861e-01  -9.6562022e-02   7.8219031e-02   9.2752498e-02   2.1354810e-02  -2.4032545e-01   1.5491920e-01   3.1169427e-02  -1.5721793e-01  -3.1722309e-02  -6.5551293e-02   1.3255907e-01  -3.4876157e-01  -1.1480355e-01   9.4307654e-02   2.9295743e-01  -2.6626782e-01  -7.4887828e-02  -5.5526805e-02   1.0116349e-01
   1.7799094e-01   7.5804125e-03   5.9865526e-02   9.7191631e-03  -4.5053420e-01  -6.8550007e-03  -2.1029143e-01  -3.0070630e-02  -4.3789341e-02  -3.1927179e-01  -2.7039924e-01  -4.4559340e-02  -7.9196399e-02   0.0000000e+00   3.9334526e-01   5.3680036e-04   1.3062967e-01  -9.8572696e-02   9.5361419e-02  -5.6962648e-01   1.8479187e-01  -2.1969853e-01   4.1702073e-02   4.8482346e-02   1.7518916e-01  -1.5330006e-01  -4.4399869e-01   2.8835642e-01  -3.6497372e-02  -6.8419209e-02   2.7939874e-01  -1.3721857e-01  -2.5801023e-02  -3.2472796e-02  -1.4486374e-01  -4.5009404e-01   8.4655564e-02   1.0543003e-01   1.4142930e-02   1.0992826e-01  -2.0801335e-01   1.9529356e-01  -4.4533019e-02   1.9698384e-01  -3.0906131e-01   1.5984520e-01  -3.8258219e-01   1.7406129e-01   3.6934089e-01  -8.3031427e-02  -1.2574800e-01  -3.0351221e-02   6.9164378e-02   1.7996557e-01   3.0422878e-01   4.2533316e-02  -3.5452365e-02  -5.6324317e-02  -8.3397767e-02  -1.4886297e-01   1.1538686e-01  -1.5739775e-01   4.4579821e-02   3.9168961e-01   2.0270468e-01  -4.2759260e-01  -5.2030835e-02  -7.9647537e-02  -4.1702809e-01   5.4619313e-02   3.8933954e-03  -4.8966141e-02  -2.2126921e-02   2.9479510e-01   9.1792866e-02   3.9390943e-01   1.4900481e-01  -1.0725706e-01   2.5703925e-02  -6.8099785e-04   1.4574489e-01  -3.6354792e-02   3.1528144e-01  -1.6758905e-01   2.9767907e-01   2.5248040e-01   4.3444169e-01   1.9602709e-01  -1.5452728e-01   1.8037878e-01  -2.1821165e-01   2.2273380e-01  -3.1065590e-01  -2.1682473e-01   1.3822397e-01  -5.2894059e-01  -3.0051082e-01  -1.6656663e-01  -3.1843975e-01  -1.3320022e-01   5.5255393e-01   1.6722580e-01   1.5077890e-01  -6.0779700e-02  -1.6866544e-01  -5.5945306e-02   3.2258726e-01  -3.6479143e-01   7.6175689e-02  -3.6040273e-01  -3.6496391e-02  -1.7304253e-01   8.5569061e-02   2.0730557e-01   3.9686836e-01  -3.5193055e-02  -2.2131937e-01  -2.9917786e-01   3.7484167e-01   4.4982200e-03   1.4396671e-01  -3.4997122e-01   9.0969716e-02   2.7691437e-01   9.8538171e-02   7.0285286e-02   9.5295039e-02   2.4590675e-01  -1.6913663e-01   7.4351496e-02   6.1161762e-02  -4.0831407e-02   2.6661001e-01   1.8041496e-01  -4.3132647e-02   1.6850339e-01   1.1182043e-01   4.4724725e-01   7.8566216e-02   1.5558483e-01   1.3187155e-01   2.9800991e-01  -3.0573581e-01   1.0086826e-01   2.7818669e-01   4.8055673e-01  -1.7997401e-01  -4.3451988e-01  -4.7880413e-01   1.2767841e-01   2.6550300e-01   1.3057619e-01   2.4980761e-01  -4.0993554e-01   1.3797474e-01   6.1766662e-02   9.0562716e-02  -5.5489020e-02   1.3701608e-01   6.1548170e-02  -5.7936866e-02  -2.2170888e-01  -3.2517020e-02  -2.1083669e-01  -1.5776267e-01  -2.6241601e-01  -7.1612715e-02   2.1358012e-01   1.5242281e-01  -9.8630427e-02  -3.3391502e-01   1.4720847e-01  -4.2787329e-01   2.4721019e-01  -7.7083091e-03   1.0930239e-01  -2.1624511e-01
