   0.0000000e+00  -1.3348441e-03   9.9129044e-02  -2.5337611e-02  -1.4213199e-01   9.3666639e-04  -1.6264429e-02   2.6388007e-01   1.0954936e-01   9.4857051e-02  -1.7665702e-01   6.8124167e-02  -2.0490196e-01   1.7352951e-01  -4.0288721e-02  -3.4622769e-02  -1.0000181e-01  -2.8619719e-01   2.0219891e-02   3.7633644e-03  -3.8914307e-01  -1.9935984e-01  -1.5305491e-01   6.3195121e-01   8.7450048e-02   2.8970436e-01   2.6443485e-02   3.8251904e-01   2.4113600e-01  -3.7131106e-01  -3.0283402e-01  -2.0327039e-02  -5.1414165e-02  -4.4850358e-02   7.7340658e-02  -1.7796964e-01  -2.2375185e-01   5.0727136e-01  -2.5210412e-01  -1.6648746e-01  -2.5154264e-01   2.9027066e-01   1.0852925e-01   1.2237217e-01  -8.1872128e-02   6.2616180e-01  -1.5367698e-01  -3.7308205e-01  -2.2253573e-01  -1.7868704e-01  -1.3647878e-01   3.3281052e-01  -2.5923151e-01   7.2949234e-02   2.4970948e-01   5.8687638e-02   8.7271136e-02  -6.4962522e-02  -1.3699254e-01  -4.9258099e-02   4.1296118e-01  -8.8037912e-02  -5.4393004e-02  -1.7085525e-01  -2.2625513e-01  -1.4144836e-01  -1.9778421e-01  -6.4017291e-02  -4.7519125e-02   3.3100815e-01  -2.8901911e-01  -9.1446907e-02  -5.7512666e-02   2.3267351e-01   9.2666289e-02   3.6525910e-02   5.5619731e-01  -3.9326297e-02   2.2931623e-02  -1.1601876e-01   2.3140893e-01  -1.7951996e-01  -2.7272177e-01   3.1476283e-01   3.5150369e-02   4.0729363e-02  -3.2905969e-01   3.0313318e-01   1.6904563e-01   7.7732443e-01  -8.3201490e-02   3.7151843e-01  -9.6936626e-02   4.7764988e-03   6.4592979e-01   1.2980945e-02  -7.7135125e-02   1.9939669e-01  -1.3146523e-01  -1.5506353e-01  -1.2998265e-01  -1.8560313e-01   5.5060043e-02  -2.8072703e-01  -1.6421987e-01  -1.1686219e-01  -2.4137764e-02   1.9012236e-01  -7.6901577e-03  -5.1415174e-01  -8.9117733e-02  -4.7139835e-02  -1.5467313e-01   8.2656212e-01   1.7788962e-01  -8.2758506e-02  -3.1315728e-02  -3.8684472e-02   1.2903087e-01  -5.1842419e-02   5.5042981e-01  -3.8124766e-02  -1.0215178e-02  -1.5862622e-01   6.4557142e-01   3.1036924e-01   1.7909205e-02   1.7433291e-01  -1.7748319e-01  -6.3760698e-02  -3.0487069e-01  -1.1914131e-01   4.5422125e-02  -4.6571057e-01  -1.5209022e-01   1.0933665e-01   4.7738961e-02  -3.5065955e-02   1.3728594e-01   6.6733288e-01   7.4440969e-01  -1.6627876e-01  -8.5092589e-02  -4.4369729e-02  -4.9633210e-02  -2.4110095e-01   6.2623178e-04  -2.3545922e-01  -1.9765828e-01  -3.7617470e-01   4.2909423e-01  -1.5006807e-01   4.5780050e-01  -1.6002125e-03  -1.5331018e-01   3.3632801e-01   6.3440322e-01  -1.2054526e-01   3.5506216e-01   1.4746528e-02   4.2080317e-02  -8.4714137e-02  -3.6468730e-01  -2.1490765e-01   2.8708547e-02   9.9171184e-02   2.2984405e-03   1.6432649e-01   6.5575743e-01  -1.8246205e-01   1.1320384e-01   3.9036190e-01  -2.8858711e-01  -1.6017579e-01   1.2004239e-02  -8.4095436e-02   3.7331491e-02
  -1.3348441e-03   0.0000000e+00   3.4700122e-01  -5.9168191e-01   2.6597147e-01  -4.7254897e-01  -1.5054949e-01  -5.3799542e-01   2.8590095e-01   4.5050658e-01  -5.1463166e-01   4.0873532e-01  -2.8291291e-01   9.7242360e-02  -5.7872344e-01  -5.3163481e-01   4.9795652e-01  -6.1977972e-01  -3.8391451e-01   8.0277307e-02  -4.8577279e-01  -6.7603033e-01  -4.2637859e-01  -7.4768847e-02   8.5659792e-02  -4.2979736e-01   1.7367784e-01  -1.7303533e-02  -7.8134116e-02  -1.1020675e-01  -5.4103932e-02  -6.9540904e-01   2.1794743e-01   3.8615641e-01   1.2840335e-01  -4.2169302e-01   4.4309082e-01  -1.2107580e-01  -2.7671178e-01   4.3727918e-01  -2.0710720e-01   1.2832502e-01   4.9272052e-01  -1.8397006e-01  -3.0891468e-01  -5.0207403e-03  -6.6664224e-01   3.5024229e-01   2.0666498e-01   6.3082918e-01  -6.0604496e-01  -4.0059976e-01   7.8027446e-01   2.6070500e-01  -7.6134603e-02  -2.7111372e-01  -4.4088174e-01  -6.5827946e-01  -3.6409520e-01  -7.3369169e-01   5.3730721e-03   1.0092350e-01   4.5322211e-01   1.7966122e-01   3.8659110e-01  -3.7121800e-01  -2.1232221e-01   1.9434615e-01  -6.2232782e-01   1.6471063e-01   6.3801466e-01  -7.1747430e-01  -2.2202407e-01   3.2554514e-01   2.4927233e-01  -5.8721535e-01  -1.5064616e-01  -2.3861343e-01   4.6524910e-01  -1.9761341e-01  -4.6737630e-01  -2.8379701e-01   6.6493019e-02  -3.2720378e-01   5.2909308e-01  -5.3827954e-01   2.4244115e-01  -3.6778551e-01   1.2766700e-01   2.9228054e-02   6.7338674e-01   2.7808665e-03   3.6757377e-01  -5.7234715e-01  -1.0575243e-01   2.1472805e-01  -1.6686653e-01  -3.4215581e-01  -3.9007103e-02  -3.3102660e-01   3.6690178e-01  -6.6707266e-01  -4.8862630e-01  -2.7976782e-01  -7.0400173e-01  -7.3046400e-01   3.6482664e-01  -4.6377026e-01  -2.4167774e-02   7.6890977e-02   3.0953985e-01  -5.6024543e-01  -4.8920400e-01   4.2800722e-02  -2.6592442e-02   5.5319413e-01  -3.1696305e-01  -2.6232463e-01   1.9031075e-01  -6.0811052e-01  -3.1698761e-01   3.4970233e-01   4.1659987e-01   2.2541609e-01   7.6413404e-02  -3.0341335e-01  -4.1431626e-01   2.2038500e-01  -6.4723955e-01   4.0181099e-01  -1.8697894e-01  -2.1193484e-02   5.5388928e-01   3.3275277e-02  -4.0027606e-01  -5.5160627e-01  -1.8550630e-01  -4.7453776e-02  -5.4773029e-01  -1.3102227e-01  -5.4351554e-02  -1.4528337e-01  -5.4589786e-01  -1.0268627e-01  -4.8270982e-01  -6.3309869e-01   3.9123554e-01  -5.0320895e-03  -5.1969252e-01   3.2443216e-02   1.4891471e-01  -2.5528685e-01   1.0466018e-01   3.5509564e-01   6.7149375e-01  -6.9252481e-02  -4.8612431e-02  -4.2791220e-01   1.6764890e-01  -4.7749337e-01  -2.9413312e-01  -5.2332467e-01   5.4720229e-01  -6.7051452e-01  -4.1009731e-01   4.6060700e-01  -2.7590782e-01   1.4100463e-02   3.1356600e-02   6.5333754e-01   3.2852720e-01  -6.8811358e-02  -4.4030882e-01   3.4442155e-02   4.0658457e-01   3.0075303e-01  -5.6620096e-01
   9.9129044e-02   3.4700122e-01   0.0000000e+00  -2.4890689e-01   1.4892485e-01   2.8969650e-01  -5.6748666e-03  -2.7767959e-02   8.9344817e-02   2.7602301e-01  -3.3467173e-01   3.6702832e-01  -2.8280732e-01   1.0483441e-02  -3.6773216e-01  -2.9318172e-02   7.3310850e-01  -4.5387876e-01   5.9542728e-02   2.9374211e-01  -4.4783359e-01  -3.1273806e-01  -3.0674245e-01   7.1623007e-03   1.4964166e-01  -3.5862408e-02   3.5626606e-01   5.0312632e-02   1.1528166e-01  -1.8498155e-01  -3.7531874e-01  -1.3659253e-01   2.9115112e-01   2.2734268e-02   3.0423379e-01  -1.1888896e-01  -2.6461067e-01   2.6112563e-01  -2.1510664e-01   5.1830000e-01  -3.1207227e-01   5.2752218e-01   4.8962411e-01  -2.9315717e-01  -4.0325753e-01   3.6370574e-01  -1.5839693e-01  -8.3566819e-02  -5.9422555e-02   6.0930268e-01  -2.2476397e-01   5.0151685e-03   3.8260219e-02   5.3464185e-01   1.9031216e-01  -2.8676583e-01   1.8770862e-03  -1.8295620e-01  -1.4247434e-01  -2.1921806e-01   5.4079840e-01  -1.4370078e-01   2.8302173e-01  -2.8791048e-01  -1.6829497e-01  -1.2157272e-01   1.7449823e-01  -2.1528218e-02  -1.5254544e-01   6.6396239e-01   2.2233961e-01  -3.3045059e-01  -3.6866811e-01   6.4021796e-01   3.0490637e-01  -3.0386562e-01   4.0582012e-01  -3.2852119e-01   9.0555665e-02  -1.3536465e-01  -5.6960869e-02  -3.9034720e-01  -9.7231606e-02   1.3262106e-02   4.1130739e-01  -3.3317066e-01   1.4189698e-02  -1.8986432e-01   4.5293730e-02   2.5106044e-01   1.1276750e-01   6.4349865e-01   2.9277742e-01  -2.1798519e-01   2.7212902e-01   2.8321308e-01  -1.3083325e-01  -2.0209233e-03  -1.4327361e-01  -2.2455463e-01   1.3824400e-01  -3.8009186e-01  -3.2257649e-01  -1.5012132e-01  -2.2994045e-01  -1.7523207e-01   5.0061231e-01  -1.9705249e-02  -7.3521857e-02  -3.6919668e-02   1.4550416e-01  -2.3900838e-01  -2.6869898e-01   2.6643834e-01   1.6972387e-01  -2.3405094e-01  -3.0832632e-01  -3.5941954e-01  -2.4932242e-02  -1.9964242e-01   1.5304033e-01   3.2743866e-01   4.9082348e-01  -1.5493849e-01   3.5684751e-01   2.8449926e-02  -3.3556395e-01   3.8784825e-01  -1.4886773e-01   5.4809998e-01  -3.9400955e-01  -4.7312886e-01   1.0388273e-01  -3.6191906e-01  -5.7504380e-03  -2.8955415e-01   1.4156314e-01  -1.6055681e-02  -1.7501883e-01   2.6897205e-01   2.7337546e-01  -2.1269197e-01  -1.6616847e-01   3.0024027e-01  -3.8290376e-01  -3.5606255e-01   3.8227848e-01  -2.1369013e-01  -2.1133177e-01  -2.5246287e-01   4.4626255e-01  -3.1561088e-01   4.5322717e-01   1.6832951e-01   5.9646145e-01   2.1048288e-01   3.6581324e-01  -1.2662521e-01   6.9226536e-01  -2.9909827e-01  -1.9314691e-01  -3.5533909e-01  -2.0410022e-03  -3.3723194e-01   2.0099146e-02   9.0963557e-02  -2.5716051e-01  -1.6337018e-01   5.1784897e-01   1.5901554e-01   1.8278109e-01   3.7766495e-01  -4.4570875e-01   4.8099503e-02   2.6048449e-01   1.7849566e-01  -4.1723311e-02
  -2.5337611e-02  -5.9168191e-01  -2.4890689e-01   0.0000000e+00  -9.3717067e-02   3.9414881e-01   2.9255375e-01   3.5504118e-01  -9.9008678e-02  -2.7016780e-01   6.3309682e-01  -6.6356949e-02   2.8438943e-01  -7.8239002e-02   5.4642703e-01   4.7513804e-01  -2.6059397e-01   6.5048752e-01   1.6946543e-01   2.8371211e-02   4.7776391e-01   4.9611115e-01   4.1377957e-01  -2.2307978e-01  -9.8042164e-02   1.5462562e-01   1.9127727e-01  -1.2034904e-01   1.4229907e-01   1.9710439e-01   2.4110804e-01   6.8871782e-01  -2.6211550e-02  -2.0755908e-01   5.4002979e-02   4.9131330e-01  -2.4501511e-01  -9.1082587e-02   4.3789990e-01  -2.1563313e-01   3.6951802e-01   1.3148760e-01  -3.7626063e-01   1.6444142e-02   3.3348527e-01  -6.3465094e-02   6.8399444e-01   9.9729548e-02  -2.6318231e-02  -5.2824285e-01   6.0090995e-01   1.2584982e-01  -3.8788279e-01  -7.8358407e-02  -7.7102328e-02   9.1482053e-02   2.7718109e-01   6.0952662e-01   7.1321050e-01   6.8432478e-01  -7.4042586e-02   1.2082776e-01  -2.5229353e-01  -3.4178781e-02  -2.1022437e-01   2.7798121e-01   3.4172771e-01  -3.4242461e-02   6.6793776e-01  -7.0976016e-02  -2.6626178e-01   7.9744979e-01   4.8718937e-01  -1.6623642e-01  -3.1416383e-01   5.1846201e-01   1.1835934e-01  -1.4225048e-01  -3.2062738e-01   2.7026435e-01   3.7252058e-01   4.9792919e-01  -3.5929428e-02   9.5100015e-02  -5.0372551e-01   4.2646109e-01  -1.6982221e-01   2.3839766e-03  -2.4290623e-02  -1.6869530e-01  -5.1314251e-01  -1.1666641e-02  -2.9616477e-01   4.7570003e-01  -4.5048936e-02  -2.5678904e-01   4.0723028e-01   1.6830149e-01   3.0076210e-01   2.4784059e-01  -2.6331925e-01   5.5303984e-01   5.8922262e-01   2.9645613e-01   6.8495091e-01   7.4120011e-01  -1.1357376e-01   2.7009386e-01   1.4189000e-01  -1.0513389e-01  -1.7538296e-01   6.0323703e-01   6.8525594e-01  -1.4316106e-01  -7.1614925e-02  -2.7504529e-01   1.2674698e-01   4.0944297e-01  -1.9006470e-01   8.3560449e-01   1.3177667e-01  -2.4189449e-01  -2.7456606e-01  -2.7310595e-01  -1.7691951e-01   3.1264816e-01   2.8390989e-01  -2.1034276e-01   6.1230155e-01  -2.3847830e-01   1.1191094e-01   2.2523178e-01  -3.7678653e-01   2.4240714e-01   4.8787951e-01   5.2768670e-01   1.8907541e-01   2.7265787e-01   4.6535497e-01  -1.0991366e-01   4.8225142e-02  -1.1295263e-02   4.8010009e-01   1.1276774e-01   5.2873400e-01   5.0037564e-01  -9.7977437e-02  -6.3136081e-02   3.6686703e-01   1.2600583e-01  -2.1983022e-01   4.0957489e-01  -2.2262774e-02  -1.7429254e-01  -4.1942981e-01  -1.5722352e-01   1.7543527e-03   6.0835051e-01  -1.5342917e-01   5.1638661e-01   4.0181302e-01   4.3437969e-01  -3.6624842e-01   6.7917228e-01   5.2923415e-01  -3.3910145e-01   3.5031109e-01  -1.4309616e-01  -3.9933185e-02  -3.9347820e-01  -3.0475560e-01  -1.7789764e-01   5.3793137e-01  -3.0596248e-02  -3.8144104e-01   6.8124763e-02   3.8232032e-01
  -1.4213199e-01   2.6597147e-01   1.4892485e-01  -9.3717067e-02   0.0000000e+00  -2.3982974e-01  -1.7987297e-01  -2.4590714e-01   1.9810143e-02   1.8301056e-01  -3.2074766e-02   6.8711011e-02   1.9944087e-01  -2.4047437e-01  -2.6527269e-01  -8.1837947e-02   2.4132180e-01  -7.2613497e-02  -2.0484384e-01   7.9289408e-01  -1.0167014e-01  -3.4148837e-01  -7.5676979e-02  -9.1448189e-02  -1.3439032e-02  -2.3708257e-01   3.3229639e-01  -2.7857916e-01  -1.2055450e-01  -1.9834157e-01  -1.0399023e-01  -1.9667198e-01   3.0096770e-01   2.1561095e-01  -9.9293678e-02   4.9104350e-01   1.4396499e-01  -2.0585179e-01   1.6552594e-01   3.5472475e-01   2.3973156e-01   2.1598050e-01   3.9893249e-01  -1.3708982e-02   3.5872168e-02  -2.6639115e-01   6.6802640e-02   1.5302701e-01   4.1195260e-01   2.2153801e-01  -1.6442742e-01  -1.2558346e-01   2.5691400e-01   2.3047593e-01  -7.7678683e-02  -2.4114642e-02  -2.0780791e-01  -3.4580941e-01  -1.4911954e-02  -2.3254965e-01  -9.8877393e-02   4.2346105e-01   4.1634204e-01  -2.5328012e-02   3.7674495e-01  -4.2116453e-02  -4.0382852e-02   1.5360834e-01  -1.9737183e-01  -1.0728483e-01   3.1789149e-01  -1.2427357e-01   1.8851894e-01   2.2618432e-02   1.9263823e-01  -3.9364749e-01  -1.4959918e-01  -1.1364537e-01   7.3634907e-01   2.4039667e-01  -4.8117312e-01   7.7716289e-02  -2.0071099e-01  -1.8620191e-01   9.5678289e-02  -2.7401376e-01  -1.0001318e-01  -4.3460871e-01   1.1299850e-02  -1.0547612e-01   5.3436932e-01  -1.2511345e-01   2.6294999e-01  -1.9276600e-01  -2.6981463e-01   7.4690283e-01   5.9153703e-02  -1.4025176e-01   3.3875122e-01  -8.6938020e-02  -4.0347817e-02  -2.6620813e-01  -4.1974829e-01  -1.5672879e-01  -3.1465100e-01  -2.4875875e-01   1.9965675e-01  -2.1739149e-01   2.0267197e-01   2.7695844e-01  -5.8819841e-02  -4.0579585e-01   6.1166821e-02  -1.4470053e-01  -3.5555849e-01   4.4647262e-01  -1.7959963e-02   2.8340112e-01  -2.4148552e-01  -9.3781446e-02  -9.9029285e-02   7.7768702e-01   2.9575459e-01   2.4408964e-01  -1.8490226e-01  -5.0336904e-01  -6.1948966e-02   2.9775476e-01  -4.1067525e-01  -1.6854264e-02   2.1541019e-01   2.0680031e-01   2.3414764e-02   1.2520100e-02   7.7677863e-02  -3.1622495e-01   1.7032208e-01  -2.7640252e-01  -2.9319132e-01  -1.2942964e-02  -8.0281232e-02   2.1768102e-01  -3.0424034e-01  -1.9952264e-01  -1.1412027e-01  -2.6766247e-01   1.2021062e-01   1.4281492e-01  -1.8248669e-01   1.0157657e-01  -2.1381646e-01  -2.7133893e-01   1.6830382e-01   1.4291415e-01   3.1894348e-01   1.9368266e-01  -2.1309640e-01  -1.1343211e-01  -2.7663967e-02  -4.8167400e-01   3.9873434e-02  -2.6504737e-01   3.6259745e-01  -3.4190858e-01  -3.0404897e-02   1.6632076e-01  -1.2084541e-01  -3.1595416e-02  -1.7216224e-01   3.2991292e-01   4.8591356e-01  -5.0713069e-02  -2.6363992e-04  -2.8482345e-01   1.6311507e-01   3.7720663e-01  -2.6485530e-01
   9.3666639e-04  -4.7254897e-01   2.8969650e-01   3.9414881e-01  -2.3982974e-01   0.0000000e+00   3.6615671e-01   4.5082542e-01  -6.2831174e-02  -1.6063614e-01   2.0442506e-01   1.3195981e-01  -1.1896444e-01  -1.3114630e-01   3.8513372e-01   5.1894305e-01   1.2030848e-01   2.1216162e-01   4.2779226e-01   4.7459705e-03   1.4739588e-01   3.8855374e-01   2.4054876e-01  -1.5584320e-01   1.1398544e-01   3.1503084e-01   2.3441241e-01   1.4620298e-01   7.3254027e-02   2.3150691e-01  -1.4092753e-01   4.3208960e-01  -3.3408102e-02  -1.7656795e-01   1.5604432e-01   2.2729923e-01  -4.2406622e-01   2.7251634e-01   8.4306064e-02   5.2282850e-02  -1.7619159e-01   2.3094564e-01  -1.6608031e-01  -2.1509826e-01   4.8024514e-02   2.2527156e-01   4.8034713e-01  -1.6182475e-01  -1.9713964e-01  -2.2225620e-02   3.5821288e-01   2.9122370e-01  -5.1921524e-01   8.3729804e-02  -2.9212035e-02   1.1222061e-02   5.6427852e-01   4.2357633e-01   2.5065972e-01   5.1795476e-01   2.8040178e-01  -8.8613342e-02  -2.0385656e-01  -4.0607055e-01  -3.7375060e-01   3.4472534e-01   7.1436311e-01  -1.0548579e-01   5.4588810e-01   4.1921618e-01  -4.2189132e-01   4.6846026e-01  -2.4222660e-01   2.4542222e-01  -8.5399180e-02   2.4517950e-01   3.7401334e-01  -2.1855254e-01  -4.6794615e-01  -7.6202659e-02   5.4034868e-01  -1.0441918e-01  -1.8999834e-01   2.2528637e-01  -2.6018080e-01   1.5318732e-01  -2.3349832e-01   9.7100767e-02   2.4663498e-02   4.4888468e-02  -5.3357485e-01   3.6081921e-01  -8.9352518e-02   3.9658565e-01   2.2473016e-01  -1.2463291e-01   1.4254381e-01   3.0181436e-01  -3.8356422e-02   1.4469019e-01  -2.7349464e-01   3.1520729e-01   3.1723865e-01   2.0000614e-01   4.8948495e-01   4.7106508e-01  -6.9255952e-02   3.7297023e-01   3.1173630e-02  -1.2760023e-01  -1.5046210e-01   5.1325130e-01   2.6434602e-01   3.6098150e-02   1.6706027e-01  -6.2888171e-01   1.1368793e-01  -1.7307037e-01  -1.6465503e-01   4.8793548e-01   2.4836431e-01  -1.7151772e-01   1.7061167e-02  -3.2401079e-01   1.3637990e-01   4.2649189e-01   3.3518060e-02  -9.1447407e-02   5.6724260e-01   9.0081015e-02  -3.4184816e-01  -3.0392787e-01  -4.3344821e-01  -1.9377925e-01   3.5760396e-01   2.5504268e-01   2.3342400e-01   1.1119025e-01   3.2836290e-01   6.4421069e-02   1.2671153e-01  -3.4105241e-01   3.0985187e-01   4.7337301e-01   1.0697988e-01   2.7892870e-01  -6.9181655e-03  -1.0614176e-01   4.0455477e-01  -3.3040125e-01   1.9787901e-01   1.4575029e-01   1.4712465e-01  -5.7553702e-02  -7.2939680e-02  -6.1918492e-03   3.1850633e-01   2.6945989e-01   2.1377386e-01   4.9902282e-01   1.2593238e-01   1.6642726e-01  -3.8163934e-01   4.4585841e-01   2.9081621e-01  -2.1606245e-01   1.7917559e-01  -7.8208201e-02   2.7016139e-01  -5.2120630e-01  -8.9315043e-02   2.0673859e-01   1.3836408e-01   1.9344789e-01  -1.3389678e-01  -2.4658119e-01   3.3977186e-01
  -1.6264429e-02  -1.5054949e-01  -5.6748666e-03   2.9255375e-01  -1.7987297e-01   3.6615671e-01   0.0000000e+00  -2.0371107e-01   7.5541420e-02   3.6394618e-01   9.0543100e-02   5.9942513e-01   4.7151115e-02  -1.7832426e-01   1.3213797e-01   4.8061005e-01   2.6562104e-01   2.4528878e-01  -1.9133724e-01   1.0076271e-01   9.2368862e-02   7.5477139e-02   7.7975875e-01  -2.4314920e-01   1.2543659e-01  -3.7013693e-01   3.8021159e-01   1.8317044e-01  -3.3037956e-02   2.2825345e-01  -1.3541576e-01   1.9820973e-01  -1.1192379e-01   5.6603688e-01   3.2422299e-01   3.0732607e-01   9.7139623e-02  -2.8252062e-01   1.6520377e-01   3.6483878e-01   1.1145111e-01   7.0707830e-02  -2.2402834e-01  -4.8279663e-01   3.9016188e-01  -1.4192195e-01   1.9745984e-01   4.4965537e-01  -5.1969268e-01   5.9047744e-02   3.8546130e-01  -3.2902536e-01   2.7729513e-02  -1.2327135e-01  -1.6450569e-01  -2.6036025e-01  -6.0533893e-02   3.8713393e-02   3.6763228e-01   1.7958031e-01  -1.3775600e-01   2.0962250e-01  -3.2225390e-01  -2.2079247e-01  -3.7820873e-01   4.9079522e-01   2.0461689e-01  -9.7991528e-02   1.3749953e-01   3.2948598e-01  -1.4568073e-01   2.5030769e-01   1.4960769e-01  -1.2585793e-01  -2.1053125e-01   6.6608046e-02  -7.3082351e-03  -4.3722894e-01  -3.5073183e-01   5.7798038e-02   6.9853557e-01   3.0136721e-01  -1.9177520e-01  -3.1680304e-01  -2.5084690e-01  -6.4000922e-02  -3.4625518e-02  -3.9293161e-02   4.7471864e-02  -1.4809696e-01  -5.5038708e-01  -1.0148352e-01   3.1009635e-01   9.3288340e-02  -1.7155820e-01  -9.6141459e-02   2.6224847e-01  -2.1215816e-01   3.0283552e-01   7.5001036e-01  -1.9840903e-01   1.8363369e-01   1.8895014e-01  -8.5274228e-02   3.1277296e-01   1.9869577e-01  -1.5050181e-01  -2.7245623e-01   3.0087288e-01  -2.3581291e-01   4.8153167e-01   4.6129872e-01   9.2491090e-02  -9.8452742e-02   3.0361298e-01  -2.7744297e-01  -7.9794087e-02   2.1737860e-01  -1.5528324e-01   2.2870161e-01  -1.4215268e-01  -2.3609275e-01  -3.3538159e-03  -1.7067701e-01  -2.5947778e-01   3.0083677e-02   2.5881257e-01  -1.7058008e-01   2.7042046e-01   2.1795135e-01  -3.4185032e-02   4.5640915e-01  -5.1378648e-01   4.5414724e-02  -2.6677282e-02  -4.7857365e-02   1.6932737e-01   1.7615086e-01  -2.0378525e-01   2.2443493e-03   1.0419775e-01  -3.8586113e-01  -4.7740145e-02   6.3877407e-01   3.8430727e-01   1.7644241e-01   4.9960956e-01  -5.6596818e-02   5.1631876e-01  -1.6065560e-01   9.2753563e-02   1.1715771e-01  -2.6914378e-01  -1.6821700e-01   5.6793047e-02   8.8729446e-03   1.9503405e-02   4.0419584e-01  -1.3682397e-01   6.2277443e-01  -7.3553384e-03  -8.6717193e-02  -1.2099020e-01   2.9065032e-01  -1.7399949e-01   3.8221214e-01   3.7565151e-01  -2.4621586e-01   5.1323795e-02  -3.6171238e-01   5.0523962e-02  -2.8369279e-01   1.4173404e-01  -8.1095641e-02  -2.3149098e-01  -3.0589652e-01  -3.6084537e-02
   2.6388007e-01  -5.3799542e-01  -2.7767959e-02   3.5504118e-01  -2.4590714e-01   4.5082542e-01  -2.0371107e-01   0.0000000e+00  -1.0428594e-01  -4.0681218e-01   3.9565990e-01  -3.3090401e-01  -2.7824099e-02  -1.7729139e-01   4.1320392e-01   1.3682588e-01  -3.4260740e-01   2.8179373e-01   6.1068417e-01  -1.6388736e-01   2.3776470e-01   4.4638160e-01  -1.1742639e-01   2.2942143e-01  -1.5848497e-02   7.5120876e-01  -2.4442533e-01  -9.6314082e-02   2.3648270e-01   1.0223654e-02  -3.7631968e-02   5.8826758e-01  -1.0029833e-01  -4.9903980e-01  -2.5541396e-01   1.2392727e-01  -4.9883355e-01   5.2027144e-01  -3.0824660e-02  -5.4027356e-01  -6.7699643e-02  -1.1430703e-01  -2.7791643e-01   2.7525099e-01   1.3651851e-02   3.8132387e-01   4.6348729e-01  -4.3829032e-01  -4.6720370e-02  -4.0731121e-01   3.2609284e-01   7.7230436e-01  -5.0043723e-01  -2.4144576e-01   1.8381216e-01   2.4014451e-01   4.5064069e-01   6.2799556e-01   2.1034072e-01   6.5687872e-01   4.6170817e-01  -2.4779149e-01  -2.3005927e-01   5.3018777e-02  -1.9245626e-01   1.7055480e-01   1.8556767e-01  -2.6320093e-01   6.2515916e-01  -7.5601508e-02  -4.7794540e-01   4.5476154e-01  -2.9468893e-02  -1.5387802e-01  -1.7212964e-01   5.3758284e-01   5.3243537e-01   2.5378349e-01  -2.6878073e-01  -9.2310709e-02   1.7354105e-01  -8.5101877e-02  -9.6083836e-02   7.1062925e-01  -4.8487788e-01   5.9157261e-01  -3.8423902e-01   3.0387807e-01   1.4600907e-01   1.7182769e-01  -2.3429525e-01   4.5712906e-01  -6.1330170e-01   4.1301053e-01   4.5163927e-01  -1.7974173e-01  -5.5696274e-02   6.6702778e-01  -2.1103065e-01  -1.4061212e-01  -4.0942844e-01   5.7800871e-01   2.6841837e-01   2.4074954e-01   5.4134094e-01   4.5408518e-01  -3.7994600e-01   7.4980419e-01  -2.3384041e-01  -8.2087796e-02  -5.7727073e-01   3.3189997e-01   2.0757281e-01   1.7413161e-01  -3.2507534e-01  -2.7724758e-01   3.7103588e-01  -3.5614900e-02  -2.7408352e-01   4.3486905e-01   5.4353000e-01  -2.5347659e-01  -2.7124155e-01   2.7212978e-02   3.6653641e-01   2.7126004e-01   2.4164772e-01  -1.7977111e-01   4.7699770e-01  -4.4935168e-01  -2.7135065e-01  -2.5539430e-01  -2.3110237e-01  -2.0470976e-01   3.1737979e-01   5.9098288e-01   3.8730899e-02  -1.2077556e-01   7.6343370e-01   3.2233699e-01   2.5026955e-01  -1.3514289e-01   5.6465363e-01  -2.7391419e-01   5.6797604e-02   3.6003567e-01  -4.7959543e-01   1.9090048e-01   1.9830356e-01  -1.8247168e-01  -1.5694141e-01   9.7427668e-02   1.6118036e-01  -6.3259343e-02  -4.9837423e-01   1.4892443e-01   4.1488303e-01   2.4684906e-01   2.5112596e-01   2.3109622e-01   1.7131948e-01   4.6352458e-01  -3.1549127e-01   4.1041066e-01   5.0128474e-01  -4.8102520e-01   2.2617778e-01   5.3746861e-02   2.0035595e-01  -4.7571039e-01  -9.2924129e-02   3.8393908e-01   1.1084960e-01  -1.1423605e-01  -1.4799504e-01  -3.1497406e-01   5.0244668e-01
   1.0954936e-01   2.8590095e-01   8.9344817e-02  -9.9008678e-02   1.9810143e-02  -6.2831174e-02   7.5541420e-02  -1.0428594e-01   0.0000000e+00   2.7526986e-01   9.6452469e-02   3.8175190e-01  -1.5342390e-01  -1.6483863e-01  -6.8110236e-02  -1.9270766e-01   1.7037030e-01  -1.2927077e-01   8.0730341e-02  -5.5717792e-02  -2.3277829e-01  -1.6875691e-02  -8.7076647e-02   6.0554495e-03   1.2934347e-01  -8.4133957e-02   1.2730116e-01  -1.7775231e-01   7.6441299e-02   2.8596822e-02   3.5996368e-03  -1.0906776e-01  -4.8358087e-02   1.9433673e-01   3.6643338e-01  -1.7087916e-01   1.4312781e-01  -6.0457320e-03  -1.0318033e-01   1.9767890e-01  -1.6020192e-01   1.4597035e-01   3.3523707e-01  -1.4210882e-01   1.3436006e-01  -3.0102844e-02  -9.6230676e-02   1.6738465e-01  -5.9594163e-02   2.4365106e-01  -8.5514326e-02   1.0720226e-01   2.1281265e-01  -1.9344219e-03   4.5128100e-02  -2.1338766e-01  -1.6605253e-01  -1.0319318e-01  -9.4359612e-02  -2.3775435e-02  -6.8513441e-03   2.5371783e-01   3.6734711e-01   2.0159594e-01   2.0237889e-01   8.8004125e-03  -3.0389922e-02   1.0860735e-01   2.0181215e-02   6.3788405e-02  -1.0756729e-02  -2.1566255e-02  -9.0988185e-02  -4.3659320e-02   7.7765827e-02  -8.0290481e-02   8.2777827e-02   8.6190411e-02  -3.8242688e-02   8.8161326e-02  -8.8292713e-02  -9.7074078e-02  -3.7056635e-02  -1.1451246e-01  -1.6298094e-01  -1.6645411e-01   2.9096499e-02  -2.9734897e-01   1.1650941e-01   5.9055767e-02   6.0535975e-02   3.0813764e-02  -4.1979067e-02   3.8158522e-01   1.3196122e-01   5.5949822e-02   1.5149007e-01   2.1961720e-01   8.9701148e-02  -6.4431919e-02  -1.4992438e-01  -1.0837641e-01  -1.6992112e-01   2.7515430e-01  -1.4977116e-01  -1.4167620e-01  -9.9693119e-04   1.3377178e-01   2.2880364e-01  -8.5722570e-02   1.3469941e-01  -2.7463489e-02   5.5206621e-02   6.4664760e-02  -1.4470108e-01   1.9105500e-01   2.7822058e-01  -3.4852581e-02  -1.3924713e-01   1.6775705e-02  -4.5387733e-03   2.4575065e-02   3.5793013e-01   1.3748516e-01   7.9235959e-02  -1.0280617e-01   5.2717221e-03  -3.7362030e-02   8.7560823e-02   1.3821055e-01  -1.8847583e-01   5.8963714e-02   3.6786002e-02  -9.5554190e-02   3.3454893e-01  -1.6699608e-01   2.1997628e-01  -1.0921036e-01  -1.7923135e-01   2.1634898e-01   1.0053883e-01  -1.9194764e-01  -5.9846691e-03   6.0055246e-02  -2.1377666e-02  -1.0998192e-01   3.3959432e-02   2.1482516e-02  -8.3372175e-02  -1.9524916e-01  -4.8011646e-02  -1.6837699e-01   1.0729241e-02   2.9618032e-01   2.4339493e-01   1.4786722e-01   6.6990620e-02  -1.0412524e-01  -6.6153045e-02  -1.8546611e-01   2.5117625e-01   8.5599391e-02   7.1965083e-02  -7.9285942e-02   1.0471815e-01   3.8547993e-01   8.5397449e-02  -2.8444792e-01  -7.9080635e-02   5.2402843e-02   2.7014570e-01  -4.0001221e-02   1.5804926e-01  -8.7474840e-02   1.4108509e-01   1.6596147e-01   2.1891764e-02
   9.4857051e-02   4.5050658e-01   2.7602301e-01  -2.7016780e-01   1.8301056e-01  -1.6063614e-01   3.6394618e-01  -4.0681218e-01   2.7526986e-01   0.0000000e+00  -3.6771212e-01   6.4283589e-01  -1.3674528e-01  -1.0171146e-01  -3.7050021e-01  -1.6587907e-01   4.2290322e-01  -3.2557765e-01  -3.2850189e-01   2.7908580e-01  -5.0587655e-01  -5.0065471e-01   9.9927808e-02  -2.1370474e-02   2.4530237e-01  -4.4049009e-01   2.5420838e-01   1.6679960e-01  -5.4153996e-02  -2.9212945e-01  -1.7438878e-01  -3.4933654e-01   1.7425725e-01   7.6044514e-01   2.8334590e-01  -1.1421338e-01   2.8894776e-01  -1.3945299e-01  -2.3193304e-01   4.5005833e-01  -8.4433156e-02   3.1944265e-01   4.6511768e-01  -3.0447258e-01   8.3612135e-02   3.5623860e-02  -3.6908861e-01   3.9562150e-01  -2.3209080e-01   3.6900903e-01  -2.7092425e-01  -2.9382001e-01   4.8934910e-01   9.6730937e-02  -8.8245173e-02  -2.8161949e-01  -3.0205861e-01  -4.7778735e-01  -1.9716462e-01  -4.3541662e-01   8.4340879e-02   2.4145259e-01   2.2062779e-01  -1.0120575e-01  -1.1005158e-01  -1.0884422e-01  -1.9723418e-01  -1.5512429e-03  -3.7667452e-01   3.5210059e-01   3.1477089e-01  -3.6278158e-01  -3.6416919e-02   1.2656428e-01   1.7786837e-01  -3.6310275e-01   4.3132854e-02  -4.0140401e-01   3.6871423e-01   6.1671410e-02   1.0938694e-01   1.3508497e-02  -2.5466771e-01  -3.6412430e-01   2.2251591e-01  -3.8862661e-01  -1.0385668e-01  -2.2840116e-01   2.4494695e-01   7.7181589e-02   1.9621405e-01   8.9407264e-02   4.5180389e-01  -3.0927403e-01  -5.8790271e-02   3.1228362e-01   3.8360334e-02  -2.4088653e-01   2.8612351e-01   2.2339014e-01   6.4688979e-02  -3.9244686e-01  -3.6035205e-01  -4.0472066e-01  -3.9461744e-01  -4.1851682e-01   1.6480645e-01  -4.0500471e-01   6.4886290e-02  -1.5738655e-01   6.2795600e-01  -2.8738976e-01  -1.5011999e-01   1.0631704e-01   2.0821354e-01   1.8396624e-01  -3.3159552e-01   6.1904909e-02   6.8247145e-02  -3.2367887e-01  -1.6173113e-01   2.7899509e-01   2.7660308e-01  -6.7663931e-02   5.9189334e-02  -2.3649479e-01  -1.4257170e-01   2.7439076e-01  -3.0800297e-01   3.8315942e-01  -1.5080252e-01   2.3827201e-01   4.5930678e-02  -1.2558432e-01  -2.2730642e-01  -3.6515511e-01   1.4103829e-01   3.2927757e-02  -4.5519818e-01   1.8984217e-01   2.1155425e-01  -2.2797476e-01  -4.7576636e-01   2.5022033e-01   2.2006134e-02  -4.0098541e-01   7.1521942e-01  -2.3999262e-01  -1.3528249e-01  -1.2705232e-01   2.0978916e-01  -1.9823209e-01   8.6270014e-02  -1.5171144e-01   5.2405018e-01   1.6017484e-01   7.5826172e-02  -1.7532028e-01   1.3060251e-01  -8.8184011e-02  -1.7506822e-01  -4.1163989e-01   3.4786218e-01  -3.9478075e-01  -2.9268235e-01   5.9131262e-01  -9.5512881e-03  -1.9442578e-02   1.6572751e-01   1.6745241e-01   4.2583597e-01  -7.1884409e-02  -2.4495890e-01  -4.2712356e-02   1.6860026e-01   1.0375119e-01  -3.1611799e-01
  -1.7665702e-01  -5.1463166e-01  -3.3467173e-01   6.3309682e-01  -3.2074766e-02   2.0442506e-01   9.0543100e-02   3.9565990e-01   9.6452469e-02  -3.6771212e-01   0.0000000e+00  -1.7599977e-01   2.5169222e-01  -1.4952421e-01   6.1134511e-01   3.4554149e-01  -3.5004134e-01   7.9514772e-01   2.6400838e-01  -9.1907260e-02   6.1272785e-01   6.1259563e-01   2.8540900e-01  -1.9949903e-01  -1.4524577e-01   1.4408283e-01  -3.3749331e-02  -3.6909918e-01   1.7015092e-01   3.7545613e-01   4.8046809e-01   6.1447196e-01  -1.3670579e-01  -2.8208885e-01  -5.4560932e-02   4.7528416e-01  -2.2093518e-01  -1.0297767e-01   5.5809345e-01  -3.1739869e-01   3.7295396e-01  -1.8673426e-01  -4.6965854e-01   2.9723941e-01   3.8604534e-01  -1.4156901e-01   7.6012746e-01   1.7845681e-01  -1.8080852e-02  -4.8212048e-01   6.9054557e-01   1.5180511e-01  -2.6287315e-01  -2.9154707e-01  -4.2784339e-02   2.0986707e-01   1.9236727e-01   6.7307987e-01   6.0765129e-01   6.7813251e-01  -6.8497018e-02   1.2433722e-01  -1.2224575e-01   2.2072202e-01   1.4171387e-02   4.0216051e-01   2.0941927e-01  -9.7937561e-02   7.4751984e-01  -2.4724334e-01  -2.1081538e-01   6.7390023e-01   4.3428829e-01  -3.9657831e-01  -3.8857553e-01   4.1680853e-01   1.1222185e-01   1.8487720e-01  -3.2191874e-01   1.5655819e-01   1.5231564e-01   4.2901795e-01   2.9232247e-01   1.6021664e-01  -6.0832736e-01   3.3577646e-01  -2.0083591e-02  -1.2015425e-01   1.1371698e-01  -3.8047479e-01  -3.7486417e-01  -1.1453646e-01  -5.2428045e-01   5.5075473e-01  -4.1169212e-02  -2.1387367e-01   2.4864238e-01   1.6455023e-01   1.6997257e-01   1.9368409e-01  -2.6066538e-01   6.9484441e-01   5.0353919e-01   4.3095589e-01   6.4440694e-01   6.1716301e-01  -2.5738101e-01   3.5768937e-01   8.4490275e-02   9.3303204e-02  -3.1041020e-01   5.8323929e-01   4.5014072e-01  -3.7845136e-01  -3.5251044e-01  -8.8304585e-02   3.9461540e-01   4.1709677e-01  -2.3402640e-01   7.1651400e-01   1.3645949e-01  -3.2095438e-01  -3.1687741e-01   7.2194924e-02  -2.2534640e-01   1.0366580e-01   3.9047620e-01  -3.6899979e-01   5.9907794e-01  -2.9092747e-01   1.4810123e-01   3.3768866e-01  -2.2521874e-01   4.2095776e-01   4.8439173e-01   4.1809255e-01   2.4565991e-02   2.0253239e-01   3.2669122e-01  -2.1213910e-01  -4.3507264e-02  -2.9639804e-03   6.8933403e-01  -5.7000775e-02   4.4543643e-01   6.7642249e-01  -4.4093799e-01   2.0041652e-01   4.9647799e-01   2.6726349e-01  -4.9362948e-01   4.4706439e-01  -2.1654515e-01   1.4598451e-02  -4.7871394e-01  -1.3811473e-01  -8.2139257e-02   5.9232288e-01  -3.0764983e-01   3.1080250e-01   3.4324925e-01   6.4143154e-01  -1.3134046e-01   6.5843023e-01   5.5259830e-01  -3.5009553e-01   4.7784761e-01  -5.5001370e-02  -2.5329548e-01  -2.9318606e-01  -3.2421752e-01  -2.1922619e-01   6.4204204e-01  -9.1516945e-02  -2.7473887e-01  -5.5812156e-02   4.2136421e-01
   6.8124167e-02   4.0873532e-01   3.6702832e-01  -6.6356949e-02   6.8711011e-02   1.3195981e-01   5.9942513e-01  -3.3090401e-01   3.8175190e-01   6.4283589e-01  -1.7599977e-01   0.0000000e+00  -1.8596346e-01  -2.4324505e-01  -1.8965207e-01   4.7177229e-02   5.4212251e-01  -1.6685493e-01  -2.3495734e-01   2.8649018e-01  -4.2337354e-01  -2.7145756e-01   1.8191240e-01  -2.1991687e-01   3.9874575e-01  -4.4368042e-01   3.6856612e-01  -3.5397114e-05   1.1790180e-01   1.0592164e-01  -2.2359265e-01  -9.7147882e-02   2.4444263e-02   6.9982805e-01   4.2069536e-01   3.4810301e-02   1.1976495e-01  -1.7731174e-01  -8.7675241e-02   4.3103152e-01  -1.0890732e-01   3.1986404e-01   3.4671101e-01  -5.2057665e-01   2.3736314e-01   4.8974470e-02  -1.2822804e-01   3.9370039e-01  -3.7972640e-01   3.5401057e-01   1.4530265e-03  -3.8552197e-01   3.5171540e-01   1.6484388e-01  -2.2979381e-01  -4.1086196e-01  -1.1569897e-01  -2.2275549e-01   4.5874422e-02  -1.1313137e-01   4.0332475e-02   3.8480242e-01   1.4173479e-01  -2.4418662e-01  -1.5164087e-01   1.8344678e-01   8.0344914e-02   1.6979033e-01  -1.3392482e-01   4.6849411e-01   7.7720787e-02  -9.2381548e-02  -1.2810841e-01   2.4973729e-01   1.5351033e-01  -1.2799426e-01   5.6651010e-02  -3.8704925e-01  -3.7385117e-02   6.2934708e-02   1.8181089e-01   4.5770160e-02  -2.9495205e-01  -3.8507406e-01   2.4494010e-02  -2.8450368e-01  -1.1942829e-01  -3.3672188e-01   3.0279861e-01  -2.3714316e-02  -1.0869041e-01   1.0567079e-01   3.0959871e-01  -3.8851074e-02  -1.9947744e-02   1.1238346e-01   2.3458688e-01  -2.2736229e-01   3.9966705e-01   2.2720669e-01  -1.4059641e-01  -1.6257934e-01  -2.3934305e-01  -2.5069062e-01  -9.7216715e-02  -1.6297091e-01   1.5729104e-01  -3.3421009e-01   1.2237834e-01  -2.6987105e-01   4.7098274e-01   3.5401251e-02  -1.8887613e-02   9.9747700e-03   1.0391697e-01   1.6874539e-02  -1.6801217e-01  -1.0719667e-02  -1.3210249e-01  -5.8208307e-02  -6.6363776e-02   2.7152061e-02   5.0492288e-01  -4.8267386e-03  -1.6688726e-02  -7.1420618e-02   1.0672126e-01   1.2357312e-01  -8.8168160e-02   4.2222728e-01  -1.3988505e-01   2.2156864e-01  -1.4999709e-01  -1.9434661e-01  -6.9092261e-02  -2.2141470e-01   2.9256911e-01  -2.0373692e-02  -3.7888818e-01   1.1116358e-01   2.0418639e-01  -3.9831111e-01  -2.6039391e-01   4.6058474e-01  -1.1005442e-02  -2.3129713e-01   5.9850266e-01  -9.8797009e-02   8.9911143e-02  -3.7736339e-01   1.3409660e-01  -2.5075026e-01   4.2507990e-02   9.4321834e-02   5.1032909e-01   1.5773202e-02   9.8215223e-02   1.2621503e-02   1.1427381e-01   6.3070321e-02   7.5942146e-02  -2.8060512e-01   1.8297974e-01  -1.6700371e-01  -1.0854096e-01   6.1727814e-01   2.6388340e-01  -1.0534067e-01   1.8437130e-01  -6.8012987e-02   4.1105791e-01  -1.2866678e-01  -4.8215488e-02  -1.2165205e-02   1.5220388e-01   6.0150612e-02  -2.2129947e-01
  -2.0490196e-01  -2.8291291e-01  -2.8280732e-01   2.8438943e-01   1.9944087e-01  -1.1896444e-01   4.7151115e-02  -2.7824099e-02  -1.5342390e-01  -1.3674528e-01   2.5169222e-01  -1.8596346e-01   0.0000000e+00  -1.9983626e-01   1.3832934e-01   2.1499519e-01  -2.1454829e-01   4.0220469e-01  -7.0147918e-02   1.9752550e-01   2.1343489e-01   1.7935482e-01   3.9799106e-01  -7.6589668e-02  -3.2914007e-02  -3.0963943e-02   9.2258732e-02  -2.6789879e-01  -7.2806209e-02   1.0792071e-02  -3.1762403e-02   1.8697151e-01  -5.1458328e-03  -3.6722372e-02  -1.9036984e-01   4.3227967e-01  -8.4869722e-04  -1.7989335e-01   3.0753968e-01  -7.9579323e-02   7.8400272e-01  -2.6017453e-01  -3.0013280e-01  -9.5741864e-02   2.7819696e-01  -2.4821648e-01   3.5613848e-01  -6.8826239e-02  -1.1458350e-01  -2.2684731e-01   3.7866400e-01  -7.7745156e-02  -1.8231343e-01  -2.4289686e-01  -2.3241502e-01   5.0218684e-02  -1.5899577e-01   1.9395836e-01   4.0233452e-01   2.1696445e-01  -1.9238647e-01   2.9378698e-01  -1.5306887e-01  -8.0012901e-02  -1.8239624e-01   3.8269861e-01  -1.3043476e-01   3.2986193e-02   1.0983181e-01  -3.3221176e-01  -1.2051799e-01   3.6197765e-01   4.7599835e-01  -4.4310263e-01   1.2848831e-01   1.2200035e-01  -1.2335072e-01   4.9240519e-02  -3.4621201e-02   4.1022627e-01   3.1130466e-03   3.4548124e-01  -1.9793367e-02  -2.5559863e-02  -2.2234911e-01   1.5731572e-01  -1.8587621e-01  -8.6293036e-03   1.4416795e-01  -2.2091096e-01  -8.4301170e-02  -2.5445943e-01  -1.3801350e-01   5.8067569e-02  -2.0598187e-01   2.8869642e-01   4.6379197e-01   4.5052892e-02   3.6632406e-01   3.7506859e-01  -2.0814534e-01   1.9233648e-01  -5.3008716e-02   4.6983078e-02   2.8851597e-01   2.8042883e-01  -2.4642107e-01   1.0635713e-01  -7.3973724e-02   1.1203659e-01  -1.0679132e-01   1.6526335e-01   1.4579055e-01  -1.8147863e-01  -2.3649181e-01  -8.0465640e-02   5.2743938e-02   7.0657700e-01  -2.5144726e-01   1.8801327e-01  -1.0056363e-01   1.3264909e-02  -1.7191387e-01   4.6327673e-02  -2.4506811e-01  -2.6618309e-01   1.9434206e-01  -4.0077094e-02   1.7388941e-01  -2.1124169e-01   5.0198072e-01   2.3701858e-01  -2.6963643e-01   4.6504808e-02  -3.6770693e-02   1.2017499e-01   1.8212088e-01  -7.8808221e-02   3.6377123e-02   1.6853291e-02  -1.0702205e-01   5.4059058e-01   2.5753797e-01  -1.3670826e-01   1.2593947e-01   1.9193058e-01  -1.9248211e-01   1.8336609e-01   2.9332275e-01   3.6280645e-02  -2.5961890e-01  -1.2939011e-01  -3.0970203e-01  -1.0105451e-01  -3.3836532e-01   1.5449192e-01  -2.2126551e-01   4.5737758e-01  -3.4564650e-01   8.1039996e-02   9.2320128e-02   3.4030821e-01  -1.0782182e-01   3.7895188e-01   5.5781154e-02  -2.4278237e-01   1.3624095e-01  -2.1566402e-01  -3.0072228e-01  -2.1630131e-01  -1.3312891e-01  -2.3537890e-01   3.7108156e-01  -3.0007280e-01  -5.9454613e-02   5.9916453e-02   2.2593618e-01
   1.7352951e-01   9.7242360e-02   1.0483441e-02  -7.8239002e-02  -2.4047437e-01  -1.3114630e-01  -1.7832426e-01  -1.7729139e-01  -1.6483863e-01  -1.0171146e-01  -1.4952421e-01  -2.4324505e-01  -1.9983626e-01   0.0000000e+00   2.3188544e-01  -1.6517787e-01  -1.8509789e-01  -2.8095567e-01  -1.6065490e-01  -3.2274119e-01   1.0006386e-02  -9.8999031e-02  -1.6167293e-01   2.0680807e-01  -1.1621337e-01  -1.5282564e-01  -1.1500229e-01   4.4078124e-01  -9.5818260e-03  -1.7981582e-02   4.5540042e-01  -2.9187967e-01   1.6912763e-02  -2.1318321e-01   3.6472849e-01  -4.6635956e-01  -2.7116608e-02   7.0273516e-02  -3.7456356e-02  -6.2173593e-02  -1.7276163e-01   1.1756928e-01   9.9872322e-02   3.9178462e-01  -3.8493380e-01  -9.0319247e-02  -3.6482179e-01   7.6529978e-03   2.0172341e-01  -8.7179375e-02  -4.3808063e-01  -1.1800143e-01   1.7832583e-02   4.7021686e-01   5.3166859e-01   3.4601084e-01   1.0197961e-01  -1.2673340e-01  -1.9829780e-01  -2.3229415e-01  -1.1371931e-01  -3.7467962e-01   8.1681699e-02   1.7364597e-01   5.4816266e-02  -5.2570907e-01  -6.9128755e-03  -9.0747433e-02  -2.2714936e-01  -3.8863784e-02   1.9289078e-01  -3.3365963e-01   4.1286214e-03   3.7112585e-01  -2.5864920e-03  -9.3978282e-02  -7.8459732e-02   9.3065985e-02  -3.4958319e-02  -1.7189198e-01   1.0461287e-01  -6.3884524e-02   4.8036418e-01  -1.2230329e-01   5.1709491e-01  -8.3595928e-02   6.2899511e-01   4.7509585e-01  -1.4792946e-01   1.4283458e-01  -5.0558908e-02  -9.5112457e-02   2.5037274e-01  -2.9230632e-01  -2.3224864e-02  -3.5660442e-01  -2.5106688e-01  -1.9230105e-01  -2.9789879e-01  -2.1824050e-01   7.3439876e-01  -2.7807579e-01   4.6607784e-01   1.6752190e-01  -3.0158138e-01  -1.2759263e-01   4.2831366e-01  -1.1579465e-01   2.5172534e-01  -5.4711289e-02   2.1412498e-01  -1.1965624e-01  -1.8969012e-01   7.0163918e-02   5.3091775e-01  -6.4584715e-02  -9.4509864e-02  -1.7166463e-01   6.4203900e-01  -1.9304693e-01  -1.9647110e-01  -3.2662110e-02  -2.3491550e-02  -2.3553832e-01  -9.8975114e-03   6.1804956e-01  -3.3225529e-01   1.3489379e-01  -2.1280441e-01   1.4757595e-01  -1.9919969e-01  -1.8435892e-01   5.0443655e-01   2.7736765e-01  -6.4051663e-02  -5.1897691e-02  -2.3700760e-01   6.3064222e-01  -3.9877562e-02  -1.0749879e-01   6.1008666e-02   2.8200079e-02  -2.6706162e-01  -1.4659075e-02   2.4422918e-01  -7.6008178e-02   1.0362313e-01  -5.2612281e-01  -3.2424713e-01   3.6189220e-01   5.0454092e-01   4.5653892e-01   1.2921027e-01  -1.4668528e-01  -1.2394532e-02  -7.1164241e-02  -8.8620465e-02  -1.4620047e-01  -6.8667530e-03   1.6212802e-01  -1.6202599e-01  -2.3329473e-01  -1.6479349e-01  -2.5991169e-01  -8.6578188e-02  -9.5797508e-02  -4.0782974e-01   5.9287270e-02   1.6670038e-01   3.4279699e-01  -4.4374743e-01   5.0282998e-02  -3.1090785e-01   1.7677654e-01  -1.8522348e-01   3.3088091e-02  -9.5811073e-02
