   0.0000000e+00  -2.6055177e-01   1.4991115e-01   1.4765957e-01  -1.7335186e-01  -2.8080202e-01  -3.2812210e-01   2.3846175e-01   6.1993764e-02  -3.0726463e-01   7.8843943e-03  -3.7955373e-01  -1.0197839e-01   2.5505215e-01   2.4792445e-01  -1.3480271e-01  -3.5740579e-02  -7.1515241e-02   1.2008026e-01  -7.7488533e-02  -1.2011590e-01   2.0567035e-01  -1.1460031e-01   7.4972563e-01   2.9415388e-01   3.6655548e-01  -2.1199107e-01   3.0455305e-01  -2.3428453e-01   1.9913534e-01  -2.3331901e-01  -8.4640343e-02  -6.5957884e-02  -3.6554326e-01  -3.9864909e-01  -1.9614041e-01  -1.8100309e-01   3.0931854e-01  -2.3788204e-01  -5.3660600e-01  -1.4762089e-01   1.9346966e-01   1.0077837e-01  -1.4618524e-01  -1.6883779e-01   7.2140116e-01   2.3419041e-01  -3.8363393e-01  -1.9895581e-01  -3.9335550e-01   1.2645771e-01   2.2971135e-01  -5.0890184e-01   7.6899159e-02   1.4990219e-01   1.6206296e-01   1.2594948e-01   2.3757004e-01  -3.2986687e-01  -3.7328506e-01   6.4113774e-01  -1.8627547e-01  -1.0352773e-01  -1.9924970e-01  -1.5429112e-01   1.1028343e-01  -1.4512528e-02  -1.1622896e-02   1.5535182e-01   4.9026452e-01  -4.8957890e-01   2.5058768e-01   5.7035918e-02   6.4427766e-01   4.8609729e-02  -3.7613480e-02   6.1694561e-01   2.7002543e-01  -1.0974077e-01  -1.4931894e-01   9.0279863e-02  -1.6120052e-01  -4.4301746e-01   1.7607400e-01   1.0376584e-02   5.4469151e-02  -3.4840028e-01   6.2049215e-01  -1.0005311e-01   6.4511653e-01  -2.0099702e-01   6.0207620e-01  -2.6571528e-01  -7.8582468e-03   4.9692907e-01  -2.4439936e-01  -1.5258048e-01   2.0166924e-01  -1.5188840e-01  -1.4650537e-01  -1.0535803e-01   2.2294241e-01   1.9784914e-01  -3.2987274e-02   2.0193596e-01  -1.6702309e-01  -1.1590056e-01   1.7869503e-01  -2.5509245e-01   2.3591178e-01  -4.1538697e-01   3.4329992e-01  -3.5870698e-03   6.2906633e-01   3.4448908e-01  -2.1411429e-01   1.8778081e-01  -2.4616949e-01   3.2439726e-01   6.1015657e-02   7.2504350e-01  -3.1323177e-01  -1.2813583e-01  -3.0999654e-01   5.9317135e-01   5.2937684e-01   1.2777896e-02  -6.4349750e-02   4.7372654e-02  -9.8694816e-02  -2.2443381e-02  -3.6936894e-01  -2.6552036e-01  -4.2322500e-01   1.1090415e-01  -1.0389024e-01  -9.0238857e-02  -1.0233354e-01   3.6554171e-02   4.7146117e-01   6.0338180e-01   6.0807300e-03   3.4269989e-01  -2.9524981e-02  -1.8139242e-01  -2.3733862e-01  -4.3372053e-01   2.0549346e-01   1.4225966e-01  -3.7468839e-01   6.3558798e-01   1.3471463e-02   7.6360706e-01   1.4535504e-01  -2.6974359e-01   5.0554327e-01   7.1787994e-01  -2.0207835e-01   4.8653357e-01   1.2878168e-01   1.2719681e-01   1.7316559e-01  -3.6869302e-01   1.3052713e-01   2.1836568e-01  -2.3525309e-01  -1.6190917e-01   4.9868021e-01   4.7111781e-01  -1.6522161e-01  -1.5775908e-01   2.2823204e-01   3.3266857e-02   1.3758785e-01   1.3915577e-02  -5.7472877e-02   1.3696939e-01
  -2.6055177e-01   0.0000000e+00   2.0340636e-01  -1.6171564e-01   2.3007547e-01   5.5023713e-02   1.6204964e-01  -3.3103383e-01   1.1379152e-01   2.7298381e-01  -3.7055278e-01   6.6503738e-01  -2.1808321e-01  -3.1628312e-01  -5.0428091e-01  -2.4490747e-01   2.4010863e-01  -2.7638900e-01  -1.0529767e-01   3.3143589e-01  -3.5802517e-01  -2.3128878e-01  -2.2211459e-01  -6.2056542e-02  -4.7189306e-02  -2.3910478e-01   2.1681265e-01  -4.8966254e-01   6.5072643e-02  -1.1915062e-01  -7.5494970e-02  -1.8330999e-01  -4.2736157e-02   3.4378148e-01   1.5494557e-01   1.5187242e-01  -1.4946411e-01  -1.0149804e-01  -1.1034407e-01   3.6196241e-01  -1.1883636e-01  -2.1064185e-01   1.5123460e-02  -3.1499358e-01   2.9408190e-01  -2.0370736e-01  -3.8984642e-01   8.3824978e-02   3.9488830e-02   4.7179398e-01  -3.5008564e-01  -2.7792873e-01   2.7772465e-01  -4.9945656e-02  -3.7815416e-01  -4.1846800e-01   3.3885819e-03  -2.4910015e-01  -1.1097696e-01   6.1302083e-01  -1.9912941e-01   3.4800481e-02   4.8002859e-01   2.7560034e-01   4.3168326e-01  -7.5017497e-02  -6.0746021e-02   6.7916154e-02  -2.6037975e-01  -4.4294704e-05   3.1212404e-01  -3.6358447e-01   1.0747479e-01  -2.2548990e-01   1.0281108e-02  -1.5067912e-01  -2.0059419e-01  -2.2305204e-01   4.5378074e-01   2.2291648e-02  -3.6954634e-01   3.2883858e-02   6.2899363e-02  -1.9130760e-01   6.7263410e-02  -1.7618227e-01   1.0123777e-01  -2.4929813e-01   5.1084661e-01  -2.8360320e-02   4.5887397e-01  -1.5215100e-01   1.1994390e-01  -3.5020998e-01  -1.3316768e-01   3.7764753e-01   2.6111623e-02  -9.8101637e-02   2.7770032e-01  -2.9643658e-01  -1.3796819e-01  -3.4078729e-01  -4.0149414e-01   4.4993450e-01  -2.6420123e-01  -1.0427481e-01   2.0099849e-03  -2.6472221e-01   3.2653930e-02  -2.6362054e-01   1.9746254e-01  -1.4816575e-01  -1.9708556e-01  -1.6222824e-01  -4.3585591e-01   5.0195415e-01  -2.5160424e-01   8.2913523e-02  -1.9938113e-01  -1.2624534e-01  -1.4927372e-01   3.0013559e-01   4.7756508e-01   4.3656409e-01  -1.0796969e-01   3.9750018e-02  -1.1400559e-01   7.3992306e-02  -1.0982411e-01   2.4671706e-01  -1.7241033e-02   2.1599010e-01   6.5708135e-01   2.1842052e-02  -1.0709368e-01  -2.0827514e-01  -4.0175327e-02  -2.9939978e-01  -3.2002483e-01  -3.9265613e-02  -2.1325108e-01  -1.3359203e-01  -3.2554963e-01  -4.1148120e-03  -1.5455651e-01  -2.5526944e-01   6.3438294e-02   2.6553401e-01  -3.8734391e-01  -1.5685311e-01  -3.6236086e-01  -3.2654900e-01  -2.3021682e-01   1.6346551e-01   6.6748088e-01  -3.6598754e-02  -1.1648853e-01  -8.2885603e-02  -1.6055431e-01  -4.3574748e-01   6.4375135e-02  -4.0099022e-01   2.3531521e-01  -2.5505493e-01  -8.0413608e-02   5.1666991e-01   2.1606313e-01  -4.6559124e-01  -3.6640198e-01   3.8360769e-01   3.0284297e-01  -4.2639350e-02   2.4384134e-02   3.8946290e-03  -3.0650404e-02  -4.2009891e-02  -1.6963423e-01
   1.4991115e-01   2.0340636e-01   0.0000000e+00  -2.2792404e-01   3.6301826e-01   4.8121231e-01   1.0683737e-01   6.4116521e-02  -2.6904220e-01   1.0681111e-01  -2.8104717e-01   4.2317378e-01  -1.8794738e-01  -2.9631396e-01  -1.1805890e-01  -1.6789734e-02   8.8115464e-01  -3.0950511e-01   5.7428690e-02   4.3731158e-01  -3.7249686e-01  -2.8368710e-01  -9.1136631e-02   1.4956079e-01  -3.1257896e-01  -1.2486118e-02  -4.1650241e-03  -6.5610365e-02  -9.0180633e-02  -2.0425575e-01  -4.6099371e-01  -1.3893887e-01   1.8231771e-01   3.1548193e-02   3.5359194e-03   2.1003900e-01  -2.7812580e-01   2.0041892e-02  -1.8829178e-01   1.8898363e-01  -6.5616175e-02   1.7589531e-01  -2.6948412e-02  -2.5244677e-01  -1.7045467e-01   2.5567257e-01  -2.1227181e-03  -2.5728727e-01   2.7136001e-02   4.5078360e-01  -2.9340489e-01   1.0839481e-01  -2.1854344e-01   5.0415599e-01  -2.3439468e-01   4.6305031e-02   4.5914970e-01  -1.7557827e-01  -2.7056086e-01   2.3447419e-01   2.5984634e-01   3.8875766e-02   1.9394580e-01  -3.1026428e-01  -4.2547988e-01  -2.1865514e-01   2.3583910e-01  -2.3507317e-01  -4.0830666e-02   3.3067308e-01  -8.5616510e-02  -1.9339381e-01   1.2700369e-01   3.7240302e-01   4.0272615e-02  -1.0545234e-01   1.8436390e-01  -6.0826777e-02   2.9786130e-01  -2.3506519e-01  -2.1609090e-01  -1.5969766e-01   2.4066545e-03   1.3018257e-01   5.5039494e-01  -6.3358779e-02  -3.0385444e-01   1.7436010e-02   2.8337313e-01   1.0693400e-01   2.9367176e-01   4.9628917e-01   4.0630663e-01  -1.5830137e-01   3.5764258e-02   4.8165149e-01  -1.3469221e-01   1.4108697e-01   5.6615050e-02  -2.1203606e-01  -1.3476920e-01   1.3612126e-02  -2.6134239e-01  -7.1769316e-02  -2.1505240e-01  -8.3427966e-02   4.0296159e-01   7.7159006e-03  -3.0505165e-02   6.2855226e-03   2.5676519e-01  -1.7427840e-01  -1.9844262e-01   1.0538899e-01   2.1645931e-01   1.9608795e-01  -2.1669187e-01  -6.9858312e-03   3.9785475e-01  -2.4253735e-01   1.3543932e-01   4.2901952e-01   3.2075483e-01  -1.9736539e-01   1.7626390e-01   2.2763614e-01  -1.0819497e-01   1.8798025e-02  -8.7156093e-02   4.8082870e-01  -3.5434469e-02  -7.1476516e-02   4.2989344e-01  -3.5986916e-01  -3.0796800e-02  -1.0781724e-01   6.5872455e-02  -3.9000942e-01  -1.7948264e-01  -2.0763666e-01  -4.7472626e-02  -7.4121824e-02  -2.3707848e-01   4.9670980e-01  -1.8486699e-01  -5.0855823e-01   3.1902006e-01   1.7832253e-01   3.6490394e-02  -4.2739007e-01   3.2852732e-01  -2.7867452e-01   2.6164640e-01   4.3412821e-02   4.3737744e-01  -1.7232018e-01   1.7250503e-01  -2.1783242e-01   4.3061960e-01  -1.6375023e-01  -2.2207899e-01  -2.5037718e-01  -1.6921997e-01  -2.8304775e-01  -1.1937629e-01   1.2447800e-01  -1.0233875e-01   4.5882430e-02   2.6016509e-01   4.8416569e-01   2.6349914e-01  -3.2713658e-01  -2.8793298e-01   4.5241264e-01  -6.4719471e-02  -3.7211129e-02  -1.7324003e-01
   1.4765957e-01  -1.6171564e-01  -2.2792404e-01   0.0000000e+00  -3.1235843e-01  -1.5630973e-01  -1.4849960e-01   2.6286219e-01   3.1252932e-01  -2.0421848e-01   4.2692900e-02  -3.0622253e-01   2.3922572e-02   3.1988832e-01   1.1265833e-01   1.5216982e-01  -1.9060614e-01   5.3747690e-01   2.6269020e-02  -3.2688889e-01   3.4199329e-01   7.0236865e-01  -2.1111798e-02  -6.3367983e-02   3.0753278e-01   7.2916088e-02  -1.9104906e-02  -8.4671344e-02  -8.1033409e-02   5.3083926e-01   4.7633619e-02   5.7931313e-01   1.1582551e-01  -2.6885247e-01  -5.4307653e-03  -2.6114319e-01   1.1942362e-01  -3.0041512e-01   1.8905700e-01  -3.9877151e-01  -8.1804820e-02   8.7633521e-02   3.2303335e-01  -3.0074646e-02   2.0979724e-01   8.6628652e-02   3.0178997e-01  -3.7028144e-03   9.4116581e-02  -3.0518361e-01   5.5373561e-01   1.5658468e-01  -3.8278579e-01  -1.9203093e-01   2.3743708e-01  -1.1376941e-01  -7.3678374e-02   5.4490205e-01   3.5318020e-01  -1.6140284e-01   2.4040684e-01   2.2898361e-01  -1.1696532e-02  -2.3726593e-01   1.9292287e-01   2.3348445e-01   2.1908932e-01   1.2610889e-01   4.2930710e-01   1.0729826e-01  -3.7891180e-01   5.9069241e-01  -1.1200529e-01   1.4309451e-02   9.9174226e-03   4.5772340e-01   1.0533846e-01   3.1375315e-01  -2.8651275e-01   3.6863144e-01   1.3315416e-02   5.3316186e-02  -2.8455096e-01  -5.1292720e-02  -7.5844541e-02   4.9481708e-01  -1.0274527e-01   8.4955912e-02   2.4273628e-02  -5.1097847e-02  -3.5003217e-01   1.9832794e-01  -4.0890490e-01   3.5896275e-01  -2.4706841e-02  -4.2175333e-01   2.4485749e-01   1.2698925e-01  -4.5599178e-03   1.7707787e-01  -1.2692393e-01  -6.4435543e-02   3.6796393e-01   3.7207380e-01   6.0509896e-01   5.8917975e-01  -3.1461178e-01   3.6409044e-01   1.4608643e-02   3.0082295e-01  -4.2344505e-01   5.3231647e-01   5.6656568e-01  -1.3423104e-01  -1.3742691e-01  -3.0522607e-01   3.6066989e-02  -3.8571018e-01   1.0651125e-01   7.3869430e-01   1.8269070e-01  -4.4286083e-01  -1.4307202e-01  -2.5638325e-02  -2.0332468e-02   1.7257628e-01   2.9076845e-01   3.2269974e-02   7.2269010e-01  -2.3146214e-01   4.3695596e-02  -3.0299674e-01  -1.7701540e-01  -8.9009610e-02   5.1284335e-01   2.5433406e-01   3.2937097e-02   2.8181980e-02   4.8087758e-01  -4.8933031e-02   4.8753378e-02  -9.9367767e-03   4.1207116e-01  -1.3271549e-01   1.1337253e-01   3.0843492e-01  -4.0092084e-01   1.3185028e-02   1.9897833e-01  -6.4182109e-02  -1.4352795e-02   1.3073680e-01   1.2114462e-01  -1.6160454e-02  -2.9467059e-01  -4.9073234e-02   3.8656919e-02   2.2928591e-01   1.8572112e-01   1.5950046e-01   2.8365769e-01   4.2150199e-01  -2.8931871e-01   6.4643629e-01   5.3652035e-01  -1.8276274e-01  -2.1326287e-01  -9.8959883e-02  -4.4134878e-02  -1.9187025e-01  -1.8153701e-01  -3.6859697e-02   4.7702264e-01   4.3588446e-02  -6.9181205e-02  -6.5379908e-02   6.9546920e-01
  -1.7335186e-01   2.3007547e-01   3.6301826e-01  -3.1235843e-01   0.0000000e+00   2.0703950e-01  -2.3578096e-01  -3.4447856e-01  -1.3813452e-01  -2.7278930e-02  -2.3116371e-01   3.9137634e-01   5.9676487e-02  -1.6812178e-01  -2.4112371e-01  -5.3956159e-02   4.4235097e-01  -3.8397952e-01  -1.4753690e-01   8.4260305e-01  -4.5838773e-01  -4.2285997e-01  -3.0554078e-01  -1.2193486e-01  -6.6903283e-02  -2.2882922e-01   7.0690414e-02  -1.9473267e-01  -1.5922122e-01  -5.9459552e-01  -2.6832465e-01  -1.9076044e-01   1.4214186e-02  -8.5579911e-02  -2.1628931e-01   6.0950577e-01   1.7328193e-01  -2.7561297e-02   1.2784778e-01   5.2516272e-01   2.8841436e-01  -1.6655452e-01   6.0975289e-02  -1.5071933e-02  -1.7042868e-01  -3.2220832e-01  -9.9409806e-02  -2.9124880e-01   4.3347291e-01   7.7155702e-01  -6.1124073e-01  -1.8972896e-01   2.6421024e-01   4.1933897e-01  -2.4217054e-01  -1.8136219e-01   1.3924485e-01  -3.2466138e-01  -7.7319029e-02   1.9768415e-01  -2.3443392e-01   2.4954370e-01   5.2515611e-01   1.6629070e-01  -2.2948207e-01  -4.0491894e-01  -1.7146740e-02  -2.6604545e-01  -1.4602591e-01  -2.5517477e-01   3.8232690e-01  -4.9250446e-01   1.5088860e-01   9.3661859e-02   1.8263027e-01  -9.6509675e-02  -2.3839490e-01  -3.2965641e-01   7.8689966e-01   1.7311580e-02  -4.8816429e-01   1.6672587e-01   5.0315611e-01   1.9888752e-02   4.4553679e-01  -1.5459019e-01  -4.4464681e-02   2.0191415e-01   3.4620841e-01  -1.3289630e-01   8.6861182e-01  -1.2588900e-01   4.2883253e-01  -2.1268851e-01  -1.1118490e-01   8.0623987e-01   6.8091915e-02   5.9745945e-02   1.1210402e-01  -3.3108725e-01   2.4032668e-02  -4.3934123e-01  -2.5933302e-01  -1.8818571e-01  -5.8488018e-01  -1.3926428e-01   3.7103876e-01  -2.3494360e-01   1.7172888e-01  -3.3630297e-01   3.1059946e-01  -5.7268799e-01  -2.0069382e-01   1.7922746e-03  -1.1816861e-02   7.3914068e-01  -3.0192907e-01   1.7584039e-01   6.7904521e-02  -2.1981800e-01  -2.9151368e-01   8.2297029e-01   3.4921668e-01   1.3998032e-01  -4.9971575e-02   1.2954033e-01  -3.5689372e-01   1.9759439e-01  -3.1925516e-01   3.9710151e-01   3.5385841e-01   7.0493835e-02   6.2274469e-01  -7.0119498e-02  -3.2296350e-01  -1.4485322e-02   2.8329677e-02  -2.9971974e-01  -2.1378366e-01  -1.9278745e-01  -9.3308631e-02  -1.4045954e-01  -3.9103262e-01   4.4386196e-01  -3.5311444e-01  -3.9250704e-01   2.9639250e-01   1.9496356e-01  -2.7032212e-01  -2.2762264e-01  -1.1020965e-02  -2.6794922e-01  -7.2698910e-02   2.7082442e-01   6.4181097e-01  -2.4352515e-01  -2.9063412e-01  -4.0734243e-02  -1.6090768e-01  -4.4301526e-01  -2.8102020e-01  -2.9256512e-01   2.4694570e-01  -4.8443781e-01  -3.8554447e-01   4.8037653e-01  -1.2504069e-02  -1.8199334e-01   9.2722264e-06   7.3960613e-01   5.1655237e-01  -4.4909564e-02  -4.5899499e-01   7.7130056e-02   4.9090759e-02   7.6753852e-02  -2.0588133e-01
  -2.8080202e-01   5.5023713e-02   4.8121231e-01  -1.5630973e-01   2.0703950e-01   0.0000000e+00   5.8690548e-01   9.6100526e-02  -5.1060242e-02   3.8710879e-01  -7.1376882e-02   4.1739289e-01  -4.8283449e-02  -1.3047160e-01   1.5577036e-01   3.0991052e-01   4.2054000e-01   1.6627620e-02   4.6561357e-02   2.0376120e-01   5.6905339e-02  -6.6015569e-02   3.4603820e-01  -3.1024881e-01  -3.4632838e-01  -7.2811255e-02   4.0981909e-01  -3.5775514e-02  -1.4206250e-01  -2.9997613e-02  -1.0069783e-01   9.8370122e-02   3.9715928e-01   1.4260369e-01   3.4424575e-01   2.2905079e-01  -5.4024045e-02  -2.3049044e-01   4.4883373e-02   3.9702646e-01   1.4893178e-01   1.1680084e-01  -4.0885614e-02  -9.9168188e-02  -1.0990897e-01  -1.8243012e-01   1.4936852e-01   2.8756974e-01   9.8431646e-02   3.0547815e-01  -5.4895533e-02   9.2589983e-02   8.1696424e-02   1.7750799e-01   3.6625073e-02   8.0034397e-02   4.8467888e-01  -8.8557769e-02   9.7008028e-02   3.3058203e-01  -3.0894437e-02   1.5394581e-01   4.9155849e-02  -2.5258061e-01  -3.6097965e-01   1.6899617e-01   6.2334975e-01  -1.3817641e-01   3.2150927e-01   7.6609085e-02   8.9049089e-02   1.0722117e-01   1.8496530e-01  -8.8733001e-02  -2.9445489e-01   1.0274173e-01  -2.5059185e-01  -7.8540172e-02   4.5271870e-03   1.2629107e-02   1.5137056e-01  -2.5833102e-02   1.7129798e-01   1.6256766e-01   3.2782197e-01   1.5293762e-01  -1.4073251e-01  -3.6099121e-01   9.1385058e-02  -2.8869759e-01   3.4709196e-02  -1.0637120e-02   4.9037224e-01   1.5237161e-01  -3.4096740e-01   1.9020731e-01   2.0109092e-02   2.4670833e-01   3.3123484e-01   1.1533906e-01  -1.5903896e-02   1.2547090e-01  -2.6667135e-02  -2.3888525e-02   4.5540059e-02   6.2061923e-02   1.5094505e-01   2.7103383e-01   1.1724051e-01   1.3299445e-01   3.9391486e-01   3.2735319e-02   4.3761596e-02  -1.8248135e-01   1.8062203e-01  -1.1198779e-02  -1.8463239e-01   1.5197812e-01   1.5960013e-01  -5.1018649e-02  -3.8547436e-01   3.1433716e-01   3.0054035e-02  -1.6286172e-01  -3.1243511e-01  -1.0791393e-01   5.1872635e-02  -5.9193130e-02   3.8554278e-02   2.9425471e-01  -1.0441399e-01   2.0775062e-01   2.1497693e-01   1.5160342e-01  -3.5842792e-02   1.3826606e-01   9.2398490e-02   3.7077536e-02   7.3224191e-02  -4.2976520e-01  -3.8929811e-01  -6.3958219e-02  -6.3946789e-02   3.6761207e-01   2.2236470e-01   3.3639311e-02   5.9276597e-01   1.3708608e-01   4.3127044e-01  -6.5666284e-02  -2.8377125e-02   1.4279506e-03  -2.2642265e-01  -3.4820596e-01   2.3370543e-01  -4.5595971e-01  -2.8644504e-01   3.8589857e-02  -8.0748751e-02   2.5382726e-01  -2.4981539e-01   1.1681456e-03   9.6933761e-02   2.7030951e-02  -8.1764539e-02   3.0405568e-02  -1.4673147e-01   2.0895773e-02   5.7713105e-02   2.3585850e-01   3.8719112e-01  -6.2632493e-01  -1.1758594e-02   5.3231234e-01   1.2906491e-01   1.5405405e-01   5.3052666e-02
  -3.2812210e-01   1.6204964e-01   1.0683737e-01  -1.4849960e-01  -2.3578096e-01   5.8690548e-01   0.0000000e+00  -6.1434871e-03   4.6958532e-02   6.1842860e-01  -9.3307669e-02   4.4714583e-01  -2.8489367e-01   2.6672011e-02   1.3295448e-01   2.7928861e-01  -8.1371264e-03  -1.4061997e-02  -1.0163988e-01  -3.0185603e-01   1.9396602e-01  -2.2039411e-03   6.6474236e-01  -3.0251299e-01  -3.0617712e-01  -1.9708700e-01   2.1852993e-01   4.9482193e-02   1.0426217e-01   1.0066008e-01   2.8743540e-01   2.2517394e-02   3.0029782e-01   5.6882959e-01   7.0719930e-01  -1.7350497e-01  -1.3243426e-01  -2.6044594e-01  -3.4214300e-02   3.3060932e-01  -2.0349683e-01   1.8313662e-01  -2.6153618e-01  -1.3237576e-01   1.4057513e-01  -1.6808069e-01  -2.2245142e-01   6.5501286e-01  -1.8035973e-01  -3.9107365e-02   1.7312631e-01  -9.9997164e-02   2.2315462e-01   6.2208691e-02   5.3800497e-02   1.0617431e-01   3.0388704e-02  -1.2227705e-01   9.4206208e-03   4.1527411e-01  -2.3545931e-01  -1.7239475e-02  -3.1681202e-01  -3.5518705e-01  -5.7097567e-02   2.3074765e-01   2.1494535e-01   1.2203057e-01  -5.8443358e-03   1.1628840e-02   3.0381741e-01   9.5525527e-02   7.3835568e-02  -3.8070992e-01  -2.2467921e-01  -2.2016907e-02  -3.4752161e-01  -7.8774882e-02  -3.7007303e-01  -4.3798044e-02   5.2255364e-01  -1.1237641e-01   1.0095382e-01  -8.9034241e-02   7.3028516e-02   1.2738766e-02   1.8443747e-01  -4.3567050e-01  -1.2206467e-01  -3.4815353e-01  -3.4651934e-01  -2.3588460e-01   4.3456293e-01  -3.8745786e-02  -3.6170291e-01  -2.1669648e-01   7.7743583e-02  -4.6086544e-03   2.1133970e-01   4.5805307e-01   1.2402420e-01   3.3319004e-01   4.3570899e-02  -3.9776553e-03   1.9794415e-01  -2.6580599e-02   2.1755441e-01  -7.6935781e-03   2.0492987e-01   1.0274329e-02   5.1785258e-01   1.5238955e-01  -4.3112132e-03  -2.9044914e-01   1.4119555e-01  -2.4158711e-01  -1.4682672e-01  -1.3893147e-02  -1.9998102e-01  -9.0502080e-02  -3.5691441e-01   2.4126800e-02  -3.3024405e-02  -1.3604194e-01  -4.4485693e-01  -1.5710966e-01   1.7483622e-01  -1.1386972e-01   3.8476349e-02  -4.2897170e-02  -2.5900479e-01   5.3226314e-01  -3.5740826e-02   2.9084128e-01  -8.0709961e-02  -1.3279313e-01   2.7880154e-01   3.8451374e-01  -1.1073684e-01  -3.1076704e-01  -4.2444035e-01  -9.4433531e-02  -9.4298156e-02  -5.4957668e-02   6.5639753e-01   2.0728326e-01   6.6671317e-01  -2.4279198e-01   2.3195985e-01   2.8134760e-01  -1.8208077e-01   1.5916096e-01  -3.1595681e-01  -5.5572164e-01  -9.7083849e-02  -3.0629685e-01  -2.3820549e-01  -2.5897087e-02  -2.1623949e-01   3.8817681e-01  -2.3190695e-02  -1.7519862e-01   9.0609494e-02  -7.8681648e-03  -5.8714371e-03  -4.0674085e-02   1.6076932e-01  -2.1601965e-01  -1.2837604e-01  -2.0499393e-01   1.5031925e-01  -4.5151736e-01   8.6609193e-02   9.4092670e-02  -1.7285946e-03   4.2520694e-02  -9.5261271e-02
   2.3846175e-01  -3.3103383e-01   6.4116521e-02   2.6286219e-01  -3.4447856e-01   9.6100526e-02  -6.1434871e-03   0.0000000e+00   3.7481769e-02  -1.6031178e-01   2.4829779e-01  -2.3341981e-01   7.7337038e-02   8.3616395e-02   4.0697725e-01   3.0351311e-01  -9.1750825e-02   1.8163899e-01   4.6412536e-01  -3.4402026e-01   1.0270661e-01   2.8018543e-01   1.1950949e-01   3.7769665e-02   8.4294198e-02   5.4082865e-01  -9.9522355e-02   2.9907297e-01   2.6482537e-02   2.3474710e-01   7.9436610e-03   3.4340807e-01   1.9773620e-01  -8.1683170e-02  -1.2736214e-01  -3.4855330e-01  -1.5575095e-01   4.0046922e-02   5.2933087e-02  -3.5981245e-01  -3.4472787e-02   2.7661103e-01   3.5544861e-02   1.8032226e-02  -1.3952452e-01   2.4380405e-01   2.3774016e-01  -7.2960438e-02  -3.5278254e-01  -3.5013935e-01   3.0859910e-01   5.5404117e-01  -3.3061277e-01  -1.0883507e-01   2.2526310e-01   4.6612006e-01   4.6448037e-01   3.6512226e-01   8.7736118e-02  -3.7738321e-01   2.2887053e-01  -1.8482742e-01  -2.6097060e-01  -4.9818070e-02  -1.3254150e-01   2.0242910e-01   4.4243428e-01  -8.5130636e-02   2.9833663e-01   9.0477162e-02  -4.2795542e-01   3.5939157e-01   4.0658685e-02   2.9621889e-01  -1.0859347e-01   1.8411980e-01   2.1610055e-01   3.5049047e-01  -2.4211763e-01   8.5940333e-02   2.8778630e-01   1.3135316e-02  -3.6660184e-01   6.9930446e-01  -3.6402503e-02   3.0796682e-01  -1.8205574e-01  -3.3403240e-02  -3.8712182e-01   7.9053089e-02  -3.2415524e-01   3.1422171e-01  -1.5439777e-01   1.3567673e-01   7.9009659e-03  -2.8601745e-01   4.2505910e-02   5.5211645e-01  -3.4895682e-02   1.5068786e-01  -1.3446373e-01   5.1919672e-01   2.1837083e-01  -6.6417386e-02   4.2940312e-01   2.5373255e-01  -2.5554057e-01   7.0256587e-01  -2.1296546e-01   1.1267319e-01  -1.1765454e-01   2.6989041e-01   1.4902771e-01   6.8505778e-02   2.5157726e-01  -3.1217478e-01   2.8572757e-01  -2.4631603e-02   2.3248700e-01   2.4587426e-01   1.6936155e-01  -3.2295591e-01  -2.0319219e-01  -2.2694992e-01   5.5826706e-02   4.1096144e-02   1.3415246e-01  -6.3523960e-02   2.3365504e-01  -2.4790680e-01  -9.0998109e-02  -1.9961442e-01  -2.2968184e-01  -1.6248191e-01   1.4973210e-01   2.6917320e-01   3.0718279e-02   3.5192412e-02   4.1402754e-01  -1.4227358e-01   1.1133002e-01   6.9102789e-02   4.6061005e-01   1.2690159e-01   2.3063781e-01   1.0582780e-01  -1.5504022e-01   2.9693647e-02   2.4128963e-01  -8.6525408e-02   3.3117069e-01   2.4596414e-01   1.7933495e-01  -5.0728153e-02  -2.4411617e-01  -1.1580297e-01   8.7626410e-02   2.0115957e-01   1.6894425e-01   4.3047191e-01  -7.0612556e-03   4.1578677e-01  -3.6396374e-01   2.8352170e-01   4.5211704e-01  -2.7883227e-01  -9.9555062e-02   4.4258470e-01   2.2754361e-01  -2.3636644e-01  -2.3129183e-01  -1.8359756e-01   1.9298185e-01   4.8811481e-01  -4.0787237e-02   1.1013153e-03   3.1645384e-01
   6.1993764e-02   1.1379152e-01  -2.6904220e-01   3.1252932e-01  -1.3813452e-01  -5.1060242e-02   4.6958532e-02   3.7481769e-02   0.0000000e+00   5.7424770e-02   1.8254279e-01  -5.1808234e-02   1.0493975e-01   2.3596559e-01   3.0777980e-02   5.4875507e-02  -3.0950872e-01   5.5375657e-02   1.0546562e-01  -1.6624310e-01   4.9569476e-02   2.5631921e-01   1.6155272e-01   3.7046151e-02   2.7075225e-01   2.0083387e-01   3.9050850e-02   1.3745798e-01   1.8459665e-01   6.5475312e-02   7.9960707e-02   9.5984546e-02   1.2687116e-01   3.1705255e-02   1.9285408e-01  -1.5590042e-01  -1.8199854e-01  -1.3962264e-01   3.2580505e-02  -5.1062070e-02  -7.1398083e-02   2.1021482e-02   1.6614615e-01  -6.0138185e-02   1.1371494e-01   4.9707083e-02  -1.4894383e-01   4.1058864e-03   2.4469154e-01  -1.6587649e-01   6.4031422e-02   1.9031914e-01  -4.2025885e-02  -3.5344075e-01   1.2887757e-01   1.5632691e-02   7.2288045e-03   1.8841972e-01  -1.6727038e-02  -3.5234996e-02   1.5526927e-02  -3.5201080e-02   1.7175164e-01   2.8696752e-01   3.2585409e-01   9.8243043e-02  -1.5962153e-02   2.2985467e-01   6.5352314e-02   3.1810392e-02  -1.9710253e-02   7.3392190e-02  -1.6927797e-01  -7.3483268e-02  -1.2606559e-02   1.1572070e-01   2.0478820e-02  -2.5460934e-02  -9.2114858e-02   1.3314908e-01   2.8523726e-01  -2.8327862e-02  -1.9985586e-01   9.9745374e-02  -3.4059969e-01   1.1068695e-01   1.4233986e-01   7.3179552e-02  -1.4318363e-01  -2.0051955e-02  -3.6206049e-02  -4.9077167e-02  -2.1575413e-01   1.4283689e-01   7.3770276e-02  -1.7754962e-01   7.7699801e-02   6.1144950e-02   6.6325734e-03   1.1410848e-01  -1.0402735e-02  -1.3587308e-02   2.3532986e-01   3.0530457e-01   1.4367523e-01   3.6632013e-02  -3.2899886e-01   4.1526380e-02   1.9268155e-01  -8.5958373e-02  -1.8438582e-01   1.4121614e-01   5.9823805e-02   6.6594795e-03  -8.8933029e-02  -6.1775605e-02  -9.0343721e-03   5.2470524e-02  -2.9505745e-01   2.6875833e-01   9.1961341e-02  -1.4292039e-01   4.7420275e-02   2.4964157e-01  -2.3057879e-02   1.3231737e-01   1.5495063e-02  -1.9612987e-02   2.6674695e-01  -2.2463249e-01   1.2015494e-01  -7.7932346e-02  -1.4108842e-01   8.4956460e-02   3.5005732e-01   6.9690228e-02  -8.7197568e-02   1.3783488e-01   1.6169274e-01   2.4444822e-01   2.4826324e-01   4.9266497e-02  -2.9394615e-02  -2.7493686e-01   1.4963594e-01   2.9362062e-01  -2.0814619e-01   2.1830704e-02  -2.3250317e-02   5.9056794e-02  -5.3911856e-02   2.3277265e-01   1.0075673e-02   2.3016841e-02  -1.3318338e-02   9.9733809e-02   1.6236757e-01   5.2018313e-02   2.0383137e-02   1.7598058e-01   1.3397616e-01  -2.9962252e-02   1.2154439e-02   1.8945664e-01   1.1917454e-01  -9.6297055e-02   5.3914884e-02  -4.2297063e-02  -1.6286774e-01  -2.0390084e-01  -6.7554944e-02   6.3340730e-03   1.9679232e-01  -1.1337588e-01   2.7166234e-01  -2.5648280e-01   1.3180497e-01
  -3.0726463e-01   2.7298381e-01   1.0681111e-01  -2.0421848e-01  -2.7278930e-02   3.8710879e-01   6.1842860e-01  -1.6031178e-01   5.7424770e-02   0.0000000e+00  -1.0066406e-01   5.9669764e-01  -1.4913373e-01  -2.9717001e-02  -1.0099681e-01   1.0021085e-01   5.4692330e-02  -9.9571031e-02  -1.3596431e-01  -9.3674605e-02  -1.0550255e-01  -2.5256223e-01   3.8095052e-01  -2.7354862e-01  -2.6802458e-01  -2.6056677e-01  -5.2314743e-02  -4.4528563e-02   3.0974936e-03  -1.2833366e-01   1.9172382e-01  -1.3957760e-01   3.0632501e-02   6.7112885e-01   5.6005587e-01  -5.0598473e-02  -1.1436417e-01  -2.5622314e-01  -9.7472546e-02   3.7547488e-01  -1.0427825e-01  -2.3522376e-02  -1.8658870e-01  -1.3433539e-01   2.0145377e-01  -2.7109807e-01  -3.5052985e-01   3.4459445e-01  -1.8150861e-01   1.5759461e-01  -6.5966117e-02  -1.4835797e-01   3.5064499e-01   1.4054264e-01  -1.1140201e-01   1.4476418e-02   6.5810397e-03  -2.6658042e-01  -4.4767725e-02   4.9547000e-01  -3.7908600e-01   6.3673404e-02  -2.0687888e-02  -1.6756329e-01   7.5212311e-02   5.0320741e-02  -7.7992197e-02   9.3453197e-02  -1.1002083e-01  -9.3212330e-02   3.8556835e-01  -2.5749099e-01   1.5339422e-01  -2.9380755e-01  -2.2697829e-01  -6.2089044e-02  -4.2759895e-01  -2.0187094e-01   7.4373467e-03   7.0967475e-02   1.8188536e-01  -4.6284305e-02   2.5477538e-01  -4.4977407e-02   2.0904821e-01  -1.0296072e-01   2.3982094e-01  -3.1618650e-01   7.1425586e-03  -2.6863844e-01  -1.8509184e-02  -3.4355347e-01   5.1516527e-01  -2.2766163e-01  -2.5425700e-01   8.6428577e-02  -7.3758516e-02  -1.0252759e-01   9.5865691e-02   2.4899868e-01   1.2925896e-01   2.0094645e-01  -1.8610312e-01  -2.7843744e-02  -1.0022672e-01  -1.5574602e-01   1.9351896e-01  -1.9404518e-01   3.2225562e-01  -1.0766432e-01   6.0015441e-01  -1.1803001e-01  -2.6477651e-01  -1.4797697e-01   7.0261251e-02   7.1506211e-02  -2.0218862e-01   1.2708696e-01  -1.3001287e-02  -1.9523618e-01  -3.6427826e-01   2.6867220e-01   1.7998019e-01  -2.1650734e-02  -2.7616783e-01  -1.5643550e-01  -9.8019975e-03  -5.6518218e-02  -1.7143933e-01   1.0159467e-01  -4.3903419e-02   3.6633119e-01   2.2261287e-01   2.2886846e-01  -1.4443550e-01  -1.4761713e-01   1.8767284e-01   2.0728437e-01  -2.4352848e-01  -2.5565859e-01  -3.1824440e-01  -7.4029040e-02  -2.0760997e-01   1.7585249e-01   4.1357153e-01  -7.5828673e-02   6.0886980e-01  -1.7089307e-01   7.0974877e-02   2.5341681e-01  -1.3782840e-01  -7.9634508e-02  -2.5668756e-01  -3.5795898e-01   1.5233186e-01  -1.9776176e-01  -1.8622578e-01  -7.7962084e-02  -2.5969121e-01  -2.1730990e-02  -1.4942191e-01  -2.7626169e-01   4.2633080e-01  -2.4594071e-01  -1.3155874e-01   1.7766078e-01   2.0185535e-01  -2.6184015e-01  -9.4538095e-02   1.9056556e-02   2.7069967e-01  -1.6920864e-01  -1.8213947e-01   9.9402394e-02   1.4877844e-01  -1.4250030e-01  -2.1412169e-01
   7.8843943e-03  -3.7055278e-01  -2.8104717e-01   4.2692900e-02  -2.3116371e-01  -7.1376882e-02  -9.3307669e-02   2.4829779e-01   1.8254279e-01  -1.0066406e-01   0.0000000e+00  -3.5500575e-01   4.3563647e-01   3.6024895e-01   4.4536632e-01   2.2080332e-01  -3.6656913e-01   3.9083905e-01   1.7710689e-01  -1.9295640e-01   2.2424876e-01   1.3091817e-02   2.2560799e-01   5.3030054e-03   1.3697505e-01   4.3433077e-01   3.6809025e-03   4.8435259e-01   3.7126316e-02   8.9251797e-02   4.1165611e-01   1.2363977e-02   7.3839398e-02   1.0663663e-01  -3.5538700e-02   3.2601972e-02  -3.1893454e-02   1.5720857e-01  -1.6643752e-02  -1.7147584e-01   3.6336513e-01   4.2900280e-02  -2.1832870e-01   4.4379170e-01   9.3303830e-02   4.6502443e-02   3.8766411e-01   1.2158442e-01   6.3207007e-02  -3.4649525e-01   3.1596311e-01   3.6792334e-01   1.1992374e-01  -1.1538867e-01   2.1006035e-01   4.4216171e-01   6.3710611e-03   1.6289498e-02   1.5134260e-01  -4.3049729e-01   9.2516992e-02   1.2518903e-01  -2.9834686e-01   1.8772684e-01   1.4354249e-01   1.1961000e-01   1.6214545e-01  -2.9717056e-02   4.0189928e-01  -1.1599402e-01  -2.4551652e-02   1.3080379e-01   1.4013814e-01   1.1572999e-01  -6.1333140e-02  -5.4876771e-02   8.7861039e-02   1.4570440e-02  -1.8517781e-01  -6.1670882e-02   4.1978643e-01   9.1950562e-02   4.9710951e-02   2.7119890e-01  -2.4401315e-01  -6.0053354e-02   1.0782739e-01   2.0523740e-01  -3.2809480e-01   1.2098964e-01  -1.8413979e-01  -1.4837145e-02  -1.9434337e-01  -1.4814652e-02   1.4599730e-01  -3.3082718e-01   3.6977355e-02   8.5598717e-02   5.6297319e-02   1.7269730e-01   2.7192771e-01   4.7292927e-01   2.9456824e-01  -1.5780595e-01   1.0833025e-01  -1.1424069e-01  -1.6487817e-01   3.5206154e-01   1.2163192e-02   1.1380402e-01  -1.0072078e-02   1.3255115e-02  -7.7802783e-02   1.3985965e-01   3.3037440e-01  -2.2269210e-01   3.6331115e-01   3.9560967e-01   8.8811544e-02   4.9288847e-02  -4.1418712e-02  -2.1540729e-01  -3.2256884e-01   1.4050192e-01   1.0975885e-01   5.8382687e-02   1.6167111e-01  -7.9643666e-02  -1.5053292e-01  -2.3494211e-01   1.3151005e-01   1.3663242e-01  -4.3330338e-01   3.5453274e-01  -8.9678053e-02   1.0268275e-01  -1.2812452e-01   4.4500422e-01   1.1047204e-01   1.5292329e-01   2.9413000e-01   1.9369871e-01   2.5730034e-01   4.1754982e-02   3.5331695e-01   2.2421196e-01  -6.4048888e-02   5.6085355e-03   2.8956442e-01   1.7470850e-01   2.2790166e-01   3.9511724e-01   1.0872135e-01   1.8659142e-01  -3.4811431e-01   1.0501990e-01   9.6999655e-02   1.8852566e-01  -8.0119808e-02   4.3882174e-01   3.8681015e-03   3.1145134e-01   6.2312712e-02   1.2322492e-01  -1.6785955e-03  -1.5359257e-01   1.8592118e-01   2.4522542e-01   1.4610449e-01  -3.9555626e-01  -2.4492140e-01  -3.0886106e-02   9.0812630e-02   4.5282772e-02   1.2087563e-02  -3.9690852e-03   7.5086345e-02
  -3.7955373e-01   6.6503738e-01   4.2317378e-01  -3.0622253e-01   3.9137634e-01   4.1739289e-01   4.4714583e-01  -2.3341981e-01  -5.1808234e-02   5.9669764e-01  -3.5500575e-01   0.0000000e+00  -2.6320147e-01  -3.0838885e-01  -3.0575267e-01   1.1051227e-02   3.6077308e-01  -4.2383343e-01  -5.8943047e-02   3.9399875e-01  -4.0881673e-01  -3.6697146e-01   2.6756242e-02  -2.6324782e-01  -4.0002383e-01  -2.8873970e-01   4.3632746e-02  -3.3689478e-01   5.6980006e-02  -3.1222917e-01  -1.4998951e-01  -2.0807437e-01  -3.1907163e-02   6.3873364e-01   4.5616404e-01   1.1218371e-01  -1.4966350e-01  -2.2805918e-01  -1.2385623e-01   5.8924982e-01  -9.7137745e-02  -1.2850650e-01   1.4491642e-02  -3.1079065e-01   2.5271491e-01  -3.6856260e-01  -4.6437394e-01   6.9553258e-02   2.8940633e-02   5.9928511e-01  -4.5622174e-01  -2.1814530e-01   3.0904395e-01   2.5294457e-01  -2.6686428e-01  -1.9773114e-01   1.3042815e-01  -3.1797625e-01  -8.4233907e-02   7.8531660e-01  -4.2164898e-01   1.0986662e-01   3.9517953e-01   3.6151412e-02   2.7830214e-02  -1.6498347e-01   1.1880059e-02  -7.6523036e-04  -2.7493899e-01  -1.2634403e-01   3.8474368e-01  -4.0390398e-01   1.1640887e-01  -1.3274467e-01  -1.7740192e-01  -1.1432783e-01  -4.5534423e-01  -3.6799371e-01   5.1459061e-01  -1.0866172e-01  -2.4333320e-01  -4.4731123e-02   2.7992012e-01  -1.2281095e-02   3.5699020e-01  -1.5708078e-01   1.4333283e-01  -3.3846043e-01   2.9792485e-01  -2.6491711e-01   4.5586833e-01  -2.5836496e-01   6.8332595e-01  -2.2065154e-01  -2.9801457e-01   5.0026992e-01  -1.9856592e-02   1.3813677e-02   1.6502352e-01  -5.6585500e-02  -9.9981183e-02  -4.1989327e-02  -4.8188607e-01   1.4685076e-01  -3.1490389e-01  -8.4275250e-02   2.6946485e-01  -2.0360131e-01   1.0335799e-01  -3.3450540e-01   6.8316400e-01  -2.8865855e-01  -3.1367001e-01  -2.6884889e-01  -1.1204698e-01   5.5118494e-01  -3.2879842e-01   1.8210076e-01  -4.4582998e-02  -2.4195198e-01  -3.9527049e-01   6.5277249e-01   5.0259238e-01   1.8850530e-01  -2.6650862e-01   4.7786891e-02  -1.1682029e-01   1.7140773e-02  -1.6672093e-01   2.5565091e-01  -4.4337338e-02   3.2426416e-01   7.0540482e-01  -7.8303303e-02  -2.0897806e-01  -1.8043278e-01   1.2567623e-01  -2.6329905e-01  -3.3490948e-01  -3.4977195e-01  -4.0922593e-01  -1.4463221e-01  -3.6100407e-01   3.7646224e-01   9.8893753e-02  -3.2663135e-01   5.8200709e-01   3.6372174e-02  -2.4610317e-01  -8.4065434e-02  -1.8637794e-01  -3.5324542e-01  -3.1029220e-01  -1.6422605e-02   6.7525097e-01  -3.4539996e-01  -2.8299503e-01  -8.3308371e-02  -2.5617760e-01  -3.3327779e-01  -2.0756907e-01  -4.4654159e-01   1.7051585e-01  -4.4754556e-01  -1.8462864e-01   6.0567819e-01   3.3673469e-01  -4.2747509e-01  -1.5281093e-01   4.7373013e-01   5.8984818e-01  -2.9063998e-01  -2.9464386e-01   2.0836784e-01   1.2137388e-01  -1.5915783e-03  -1.7959902e-01
  -1.0197839e-01  -2.1808321e-01  -1.8794738e-01   2.3922572e-02   5.9676487e-02  -4.8283449e-02  -2.8489367e-01   7.7337038e-02   1.0493975e-01  -1.4913373e-01   4.3563647e-01  -2.6320147e-01   0.0000000e+00   9.7792575e-02   1.6021268e-01   1.7566654e-01  -8.4754506e-02   3.8649934e-01   1.6161417e-01   9.7855387e-02   2.8400723e-02   5.2601800e-02  -5.6248310e-02  -1.5444128e-01   2.3721916e-01   2.3934585e-01   2.7145943e-03   2.5249216e-01  -1.9802090e-02  -1.0209579e-02   2.9484627e-02   6.9301347e-02  -1.1724359e-01  -2.4229378e-01  -2.7289576e-01   3.8177604e-01   1.5311962e-01  -7.4826655e-02   2.3817494e-01  -1.6054355e-01   6.9719385e-01  -5.1649154e-02  -5.6303857e-02   2.4450201e-01   4.0090143e-02  -1.1966419e-01   3.7051497e-01  -9.6591605e-02   1.7067320e-01  -1.2166559e-01   1.6564884e-01   1.1482125e-01   1.8969550e-02  -4.4057886e-02   1.6560611e-01   1.5999793e-01   1.2482232e-01   1.1039466e-01   1.4019717e-01  -2.8996286e-01   4.2459554e-02   2.6069572e-01  -9.3664067e-02   1.8351472e-01   1.5186556e-01   3.6848316e-02   2.0463450e-02  -1.0728854e-01   2.7614360e-01  -1.6140638e-01  -3.3622219e-02   3.5225572e-02   1.5932465e-01   2.7910625e-02   1.6247467e-01  -1.6891143e-02  -6.2229187e-03  -2.1998053e-02  -1.3865095e-02   2.5016332e-01   1.2321593e-01   1.4670210e-01   2.0922344e-02   1.9262392e-01  -1.4911947e-01  -4.3918097e-02  -8.3441385e-02   1.2453058e-01  -8.0181034e-02  -2.7729470e-02   4.1909221e-02  -1.2251983e-01  -2.7598914e-01   1.2820717e-01  -8.7740367e-02  -1.8243036e-02   2.0216803e-01  -1.4004053e-01   2.2722668e-01   3.0778709e-02   8.7994318e-02   1.2238818e-02   5.7896606e-02   4.2122607e-02  -1.8112935e-02   2.0377582e-02  -8.2655500e-02   1.0208828e-01   2.2647119e-01   6.8769770e-02  -2.2706693e-01  -8.8748213e-02   1.1774182e-02  -5.6928271e-02   1.2228878e-01  -1.8230631e-01   9.6608107e-02   5.5587464e-01   1.1430932e-01   8.8507072e-02  -1.6844855e-01  -9.4216351e-02  -2.1234981e-01   7.4704671e-02   3.9530086e-02  -1.0812515e-01  -4.3859894e-03   2.6999608e-01  -5.5551703e-02  -2.7404082e-02   3.0080518e-01  -2.0062099e-01  -2.1963927e-01   2.2049227e-01  -1.4368519e-02   1.4566343e-01  -8.8871516e-02   1.3295680e-01   9.8236483e-02  -8.4382055e-02   1.4744758e-01   3.9334928e-01   3.8989964e-02   7.3316552e-02  -1.1387212e-01   1.0106730e-02  -1.7638295e-01   9.3808238e-02   1.8942712e-01  -6.6229392e-03   3.3728106e-02   1.3839337e-01  -6.8441045e-02  -6.6135723e-02  -1.2276651e-01  -1.1242625e-01  -1.6219712e-01   2.9143682e-01  -1.1561734e-01   1.8218329e-01  -7.2815136e-02   7.9219222e-02   1.9152070e-01   1.2782801e-01  -1.1894059e-01  -1.8969231e-01  -2.0001139e-01   2.3955432e-01   6.0512471e-02  -5.8736403e-02  -1.0303033e-01   5.0022014e-02   8.2396684e-02   1.2061415e-01   1.6564318e-01   3.5076950e-02   1.7517645e-01
   2.5505215e-01  -3.1628312e-01  -2.9631396e-01   3.1988832e-01  -1.6812178e-01  -1.3047160e-01   2.6672011e-02   8.3616395e-02   2.3596559e-01  -2.9717001e-02   3.6024895e-01  -3.0838885e-01   9.7792575e-02   0.0000000e+00   3.6070721e-01   4.4721095e-02  -2.9446299e-01   2.8455461e-01  -2.0063289e-01  -2.9734550e-01   4.5826365e-01   3.4789246e-01   2.3104218e-01   6.1381374e-02   2.5007695e-01   2.6269100e-01  -7.7510553e-02   3.0803044e-01  -1.9236315e-01   2.0957725e-01   4.1753187e-01   9.8038790e-02   1.2547399e-01  -5.1433683e-02   1.4169623e-01  -1.7534130e-01   1.4205371e-01  -5.1560887e-02  -7.3745469e-02  -1.7597840e-01   1.3456498e-01   1.7565535e-01   6.6898893e-03   2.8766938e-01  -5.7660746e-02   9.8342362e-02   1.7590878e-01   2.2588111e-01   1.0220477e-01  -3.4768255e-01   2.7179646e-01   3.1413321e-01  -6.8374008e-02   2.9744516e-02   3.9258441e-01   1.3348418e-01  -3.1024725e-01   2.5502842e-01   2.9658456e-02  -2.5110943e-01   1.3010125e-01   1.2137915e-01  -2.9524961e-01  -1.4676667e-01   5.2822128e-02   1.9463248e-01   5.8278404e-03  -5.7758657e-03   3.1752478e-01  -6.2353570e-03  -2.1032013e-02   3.6294688e-01   4.1582594e-02   7.7649942e-02   1.0647290e-01   3.9722195e-02   3.1669489e-02  -2.9008439e-02  -3.4093343e-01   9.8048463e-02   4.2377436e-01   1.9684987e-02   7.1215487e-02   1.0326858e-01   8.9750784e-02   9.6852805e-02   2.6552679e-01   3.6579935e-01  -1.9490613e-01   8.5893152e-02  -2.9563968e-01   8.6461855e-02  -1.5988991e-01   5.1376351e-02   6.9736607e-02  -3.5629187e-01   1.7545872e-01   7.2869561e-03   2.3812351e-03   3.4204200e-01   3.2555898e-01   2.7552519e-01   5.5181009e-01  -7.8579683e-02   3.3892485e-01  -3.7246172e-02   1.1551258e-01   1.5637015e-01   9.7253231e-02   1.5830343e-01  -1.4836949e-01   2.3325797e-01   2.0383284e-01   1.6018605e-01   2.0224945e-01  -2.4531474e-01   5.6903199e-02  -1.6339757e-01   2.5088263e-02   2.9243765e-01   8.2249972e-02  -1.9989356e-01  -2.7699316e-01  -1.4961351e-02  -3.3457505e-02   2.5148794e-01   1.4319975e-01  -1.6667308e-01   2.1594000e-01  -2.5796070e-01   1.9281415e-01  -8.4350808e-02  -3.5035742e-01   1.3154143e-01   1.9264226e-01  -8.7748286e-02   6.2760220e-02   5.2051814e-01   1.0677017e-01   1.3050954e-01   2.5223782e-01  -2.8756436e-02   3.1500193e-01  -1.5280905e-01   3.4031207e-01   2.8309785e-01  -6.7492613e-02  -1.4502936e-01   1.8564812e-01   2.9729528e-01   2.4646351e-01   4.5469261e-01   2.7992721e-01  -8.8336670e-02  -4.5834443e-01   5.7014513e-03   1.0351089e-01   3.8440075e-02   1.5582186e-01   4.0180018e-01   8.1080215e-02   2.5813452e-01   1.4678883e-02   3.1668498e-01   8.4371733e-02  -2.9185876e-01  -3.6750149e-02   9.2036574e-02   2.6771118e-01  -2.5113109e-01  -1.4867900e-01  -2.0596915e-02   1.4187851e-01  -1.2473076e-01  -8.6433607e-03  -5.4680805e-02   1.2731658e-01
