   0.0000000e+00  -2.6912750e-01   9.0185766e-03  -9.6068256e-02  -2.9807372e-01   1.9270635e-01  -2.8716105e-01   3.2796101e-01  -2.0237227e-01  -1.4692758e-01   1.7051493e-01  -3.0692550e-01  -1.6429020e-01   3.2009989e-01   2.0408441e-01  -2.1963090e-01  -3.5127842e-02  -6.5745054e-02   1.6756545e-01  -2.7398488e-01  -5.7042242e-01  -5.5616965e-02  -3.2034307e-01   7.6209016e-01   1.5077039e-01   1.3559726e-01  -2.6911462e-01   6.8763820e-01   9.7667250e-03  -1.0042420e-01  -2.1851806e-01   1.6931124e-01  -9.7313210e-02  -3.4004856e-01  -1.5651744e-01  -3.3685981e-01  -4.2032248e-01   2.8006537e-02  -2.8631857e-01  -5.9098626e-01  -2.3605085e-01   1.4893368e-02  -1.6081239e-01   4.0747193e-01  -2.1809528e-01   6.6265600e-01  -1.2603414e-01  -4.3522838e-01  -2.6606793e-01  -1.9484108e-01  -5.4995544e-03   2.2016376e-01  -3.6095274e-01   1.9962395e-01   1.3156734e-01   2.5243512e-01   1.8524459e-01  -1.3035552e-01  -1.2897351e-01  -3.1682752e-01   1.5756752e-01  -1.1878858e-01  -2.8301402e-01   3.4555692e-01  -2.8434631e-01  -4.5796504e-01  -1.4797866e-01   1.5446776e-02   8.1093266e-02   5.3061172e-01  -4.5903977e-01  -3.9259015e-02  -3.1344839e-01   5.4419146e-01  -2.5190750e-02   2.3166365e-01   2.9258110e-01   1.8805788e-01  -2.6676138e-01  -9.9467393e-02   4.6126527e-01  -2.4825950e-01  -2.6261776e-01   2.7601754e-01   3.0359523e-01   3.0707449e-01  -4.5776836e-01   7.7106998e-01   9.1864076e-02   8.1275133e-01  -1.9706801e-01  -8.0267660e-03  -3.8952152e-01  -1.2562981e-01   1.3322413e-01  -4.1553187e-02   1.0512980e-01   2.8081332e-01  -1.5726243e-02  -1.3435039e-01   2.4890399e-02   2.9663206e-01   4.1171905e-01   1.8853759e-01  -6.2032145e-02  -1.6403713e-02  -1.7740119e-01   2.5503130e-01  -2.4006064e-01  -3.6068924e-01  -3.7387376e-01   2.2503852e-01   1.6215582e-01   8.6957330e-01   2.4098262e-01  -3.7427992e-01   1.4460338e-01  -2.5402999e-01   4.7676462e-01   7.9864090e-02   7.5373349e-01  -1.8098584e-01  -3.0741262e-02  -2.6520958e-01   6.9483781e-01   5.2430598e-01  -3.5778868e-01   3.0739871e-02  -1.7341852e-02  -4.8234331e-02  -4.3543031e-01  -5.1729711e-01  -1.8489129e-01  -3.5176785e-01   1.0640522e-01   1.9391889e-01  -1.0590088e-01   2.7560887e-01   2.2870897e-01   4.3171705e-01   7.7516174e-01  -1.1056316e-01   8.7775182e-02   1.0980255e-01  -5.6251793e-02  -3.8821467e-01  -3.8310317e-01  -3.3929611e-01  -4.3019194e-01  -4.1992010e-01   7.2945820e-01   3.3266243e-01   7.6977184e-01  -7.6335681e-02  -3.0036056e-01   6.6505396e-01   6.5690397e-01  -2.1837749e-01   7.3250905e-02   3.1746628e-01  -5.6832397e-02   9.8074843e-02  -3.3019903e-01  -1.3838662e-01  -3.1661956e-02  -6.0655553e-02  -1.3824993e-01   7.6031445e-01   7.4221590e-01  -5.2826858e-01  -2.5632993e-01   8.5405706e-02  -2.9435682e-01  -1.3254186e-02  -2.1181223e-01   1.1165234e-01   1.2426299e-02
  -2.6912750e-01   0.0000000e+00  -1.8823953e-01  -2.3546483e-01   5.3430992e-01  -2.3397455e-01   1.3075650e-02  -2.4517818e-01   5.8344282e-01  -2.7269954e-02  -8.7687614e-02   5.0660336e-01  -4.4658846e-02  -4.2509247e-01  -2.5766410e-01  -7.9575025e-02   3.7225674e-02   1.2048016e-01  -3.1303667e-02   2.0105271e-01   1.6158088e-01  -4.9852081e-02  -2.7079427e-01  -1.9731438e-01  -2.8073156e-01  -1.2948449e-02   3.3136990e-01  -4.5823334e-01  -2.4374469e-01  -1.4949920e-01   1.9246530e-01  -3.2653406e-01  -2.1014596e-02   3.6212448e-01  -2.5981110e-02   3.9002136e-01   5.3451473e-01   1.7050856e-01   4.1582818e-01   2.2140728e-01   1.7427347e-01  -4.5171510e-01   4.6913802e-01  -4.9968950e-01   1.1325785e-01  -2.4530621e-01  -2.4379678e-01   1.4081909e-01   9.8418023e-02   3.2441248e-01  -2.0739837e-01  -2.8000678e-01   8.2832567e-01  -5.2422189e-01  -4.1455450e-01  -5.0545847e-01  -3.8046421e-01  -1.0684584e-02  -9.6487496e-02   1.8557171e-01  -5.2009369e-02   3.0748089e-01   4.9193447e-01   3.0492665e-01   5.3530831e-01   3.1021948e-01   6.1312513e-02   1.5288357e-01  -2.7284052e-01  -3.0780190e-01   8.5404307e-01  -2.8630261e-01   2.2254096e-01  -5.6980887e-01  -3.3306234e-01  -9.0383326e-02  -5.3417161e-02  -8.5119958e-03   5.9422894e-01   3.4162240e-03  -5.2632405e-01   1.2032884e-01   1.0490626e-01  -1.8487561e-01  -3.9653281e-01  -3.4650515e-01   5.6288067e-01  -3.7875142e-01   2.1097791e-01  -1.7284227e-01   6.6208955e-01  -2.7772821e-01   2.9448624e-01   3.1455385e-01   7.4091352e-02   1.2602876e-01  -1.2680326e-01   1.2850161e-02   2.9120020e-01  -3.8522570e-01  -1.6648159e-01  -2.3707774e-01  -3.9824195e-01   3.1742917e-01  -3.2297117e-01  -2.2831155e-01  -3.4397038e-01  -1.1054141e-01  -2.8801623e-01   3.7659537e-01  -1.3742850e-02  -2.6511220e-01  -2.3605381e-01  -3.2278170e-01  -5.6418830e-01   7.2884772e-01   4.0096190e-02   6.7279513e-02  -5.0453149e-01  -8.2406195e-02  -2.7089370e-01   4.4754765e-01   1.6623510e-01   1.6352791e-01  -2.1585670e-01  -4.5640517e-01  -3.5430798e-02  -1.0552346e-01  -1.0946691e-01   7.4686125e-02   2.8419530e-03   2.9064324e-01   5.8036121e-01   9.4137768e-02   1.3596488e-01  -2.1019040e-01  -2.6194019e-01  -2.1826613e-01  -3.5495424e-01  -1.4941365e-01  -2.2556792e-01  -8.6923407e-02  -3.4201356e-01  -4.3279568e-01  -2.7074844e-01   8.6727449e-02   3.8100029e-02   6.6528509e-01   2.1071299e-01   3.3334828e-01  -5.8746353e-01  -4.0886598e-01  -4.2355005e-01   6.7400193e-01   4.3788513e-01  -1.3026467e-01  -2.0286204e-01  -1.8700753e-01  -2.5578311e-01  -3.4795945e-01  -1.0010994e-02  -3.5121753e-01   5.9049581e-01   6.3190512e-02  -6.4817904e-02   4.1595284e-01   2.4168939e-01  -3.9802985e-01  -3.3414516e-01   6.2629634e-01   4.5202183e-01   1.8700482e-01   4.8704977e-01  -2.3155848e-01  -1.2191646e-01  -3.1340698e-01  -7.2157345e-02
   9.0185766e-03  -1.8823953e-01   0.0000000e+00  -7.7744812e-02  -6.5853446e-02   2.0786149e-01  -9.6017809e-02   1.4307970e-01   1.4175891e-01   1.5250827e-01   5.2907167e-02   1.8252637e-02   1.8549318e-01  -3.8265749e-02  -2.6115752e-01   1.6592598e-01   8.5482840e-01  -7.9334663e-02   1.6474508e-01   2.1070895e-01  -3.5664331e-01  -2.6151063e-02  -4.2968745e-02  -2.2854262e-01   9.1924593e-02   1.7402131e-01   4.7774418e-02  -4.0623694e-02   1.6949533e-01   4.1140591e-02  -7.7332062e-02   1.7410607e-01   1.9204744e-01  -1.0311269e-01  -2.7016172e-01   6.2172379e-02  -5.1645703e-01  -1.6715516e-01  -3.0073728e-02   5.4534476e-02  -1.2399259e-01   2.7939763e-01  -6.4639671e-02   2.4506267e-01  -2.7125456e-01   3.5409154e-01   2.5066177e-01  -2.3669867e-01   1.2051229e-01   4.4032924e-01   1.3741869e-01   1.2211131e-01  -3.3950263e-01   3.9934739e-01  -1.4524135e-01   2.1238424e-01   1.8557627e-01   2.3098954e-01  -1.2534053e-01   9.8752674e-02   4.3553860e-01  -5.4619259e-02   9.7872380e-02  -2.0423222e-01  -2.8717309e-01  -1.1216508e-01   6.4122844e-02  -6.7802265e-02   1.9682472e-01   5.7681091e-01  -2.4974970e-01  -6.8924416e-02  -3.9802548e-02   2.5311651e-01   1.0072812e-01   1.7130301e-01   3.2574065e-01   2.0757293e-01  -9.7628000e-02   4.0613913e-02  -3.4773215e-02  -2.8454373e-02   1.3371485e-01   1.6657861e-01   3.0483109e-01   1.3641721e-01  -3.1452694e-01  -1.5766793e-01   1.7008119e-01  -2.0205040e-01  -8.2717652e-02   7.0196565e-01   1.4003427e-01   8.4738893e-03  -2.3940685e-02   2.8669161e-01  -6.5119617e-02  -1.3926483e-02   1.4724734e-02  -3.4133522e-02   6.5402273e-02  -2.0657235e-01  -1.1768588e-01  -1.2630427e-01   1.2324469e-01   1.4836730e-01   4.0718687e-01   2.2726217e-01  -2.5450689e-02  -2.2412019e-03   2.0186678e-02  -5.5267461e-05  -2.8326095e-02  -6.2447962e-02   2.9613085e-01  -3.4465413e-01   2.5439901e-02  -3.2620037e-02   2.0844314e-01  -2.6543666e-01   5.7310778e-02  -1.1401050e-01   1.0937146e-01  -1.7062254e-01   8.2547342e-02  -1.3443468e-01  -2.4699884e-01   8.3705530e-02   1.6241568e-01   6.8600626e-01   4.5384001e-02  -5.2813577e-02  -1.1797481e-01   5.6961647e-02   7.4259938e-02   3.5834346e-02   5.2902577e-02   1.3612852e-01   1.5184520e-01  -1.8297937e-01  -1.7946516e-01   2.0694281e-01   1.4452818e-01   4.6160468e-01  -1.0371665e-01  -8.0621499e-02   6.1579222e-02  -7.3993371e-02  -3.1208568e-03  -2.6305082e-01   2.0800860e-01  -1.4485808e-06   7.7937135e-02  -3.0301855e-01   5.1458923e-01  -2.9141538e-01   2.5747583e-01  -1.7297505e-01   5.9497057e-01  -1.0310867e-01   8.8888708e-02   2.5675160e-01  -2.9310451e-01  -2.5594034e-01   1.7562456e-01  -7.4465112e-02  -7.3726850e-02  -1.7448949e-02   1.2746262e-02  -2.0272789e-01  -1.1286013e-01  -8.5376569e-02  -2.5439505e-01   2.7751589e-01   6.9098441e-02   1.7039188e-01   1.0573644e-01
  -9.6068256e-02  -2.3546483e-01  -7.7744812e-02   0.0000000e+00  -3.7663865e-01   4.1293866e-01   2.1952626e-02   2.4271053e-01  -2.2225332e-02  -2.1028102e-01   1.6605204e-01  -2.3148965e-01  -7.0597969e-02   3.6686181e-01   2.3082446e-01  -8.7499702e-02  -8.1085489e-02   6.7182202e-02   8.5472724e-02  -2.1601016e-01   2.7108369e-02   4.8007580e-01   1.0073925e-02  -1.7136349e-01   1.4814115e-01   2.3550996e-01   2.3779872e-01   1.2985938e-01   8.9837637e-02   5.0038569e-01   2.9663122e-02   5.0732459e-01   8.2787588e-02  -2.9581308e-01   2.3479917e-01  -1.5700554e-01  -8.4029883e-02  -2.4669722e-01  -6.9333410e-02  -1.6976726e-01  -5.3591593e-02   1.0593691e-01  -1.5872806e-01   6.8081127e-02   9.8308554e-02  -2.5869456e-01   2.0834154e-01  -3.4125528e-02   6.1521256e-02  -3.1055540e-01   1.0490962e-01   3.6290805e-01  -2.6359920e-01  -5.6514789e-02   3.1012362e-01   1.8130801e-01   2.5039775e-01   3.2069325e-01   4.0165843e-01   2.8606777e-01  -1.3587301e-01  -2.1694504e-02   1.2729713e-01  -7.5189800e-02   2.6663520e-02  -1.6372793e-01   4.8921337e-01  -2.5188059e-01   4.5892235e-01  -1.3230477e-01  -2.4951206e-01   4.8576827e-01  -1.3495778e-01   7.9891299e-02   1.4007332e-01   7.8241366e-02  -3.4719155e-01   2.6272237e-01  -2.4356637e-01   3.3606876e-01   2.8519847e-01   4.4406281e-02  -1.5287364e-01   2.3853950e-01  -1.4708407e-02   2.4442592e-01   3.4320774e-02   1.6629747e-01  -2.5890708e-01  -1.2063253e-01  -3.1104305e-01  -8.8046582e-03  -2.2958375e-01   1.7681603e-01  -4.0410305e-01  -2.8945923e-01   2.8108472e-01   2.2097722e-01   1.4432975e-03  -5.6445187e-02  -1.0897591e-02   1.4453868e-01   3.7721141e-01   3.1859187e-01   5.2428357e-01   6.3586932e-01  -8.2166564e-02   4.2700976e-01   2.2888205e-01  -1.6404446e-01  -2.8411127e-01   4.5331537e-01   3.8205964e-01  -1.2236459e-01   1.7322063e-01  -2.9404092e-01   2.3137596e-01  -4.5687416e-02   5.4128927e-02   6.9178852e-01  -1.0345365e-01  -2.9251228e-01  -8.9630112e-03   1.6045201e-01  -3.0521007e-01   3.7694812e-01   2.4039841e-01   4.0157646e-02   3.9057913e-01  -1.1144931e-01  -3.1092915e-01  -1.9422657e-01   3.5391417e-02   8.9907662e-03   9.8557506e-02   2.1674690e-01   3.8423517e-02   1.1028445e-01   3.1781209e-01  -2.8893075e-01  -1.1150005e-02  -1.6234671e-01   3.1735926e-01   5.9698788e-02   6.2115696e-02   1.8166097e-01  -2.3269643e-01  -3.8740555e-01  -6.9926820e-02  -5.8178240e-02   7.8468205e-02   2.9258438e-01  -3.2499601e-02  -3.8166020e-01  -3.1709213e-01  -2.5682273e-01  -2.4135184e-01   3.5462543e-01  -8.3943660e-02   3.7688553e-01   3.2556853e-01   4.0430430e-01  -2.9029099e-01   3.7145995e-01   3.6485835e-01  -3.2006984e-01  -1.8343621e-01   3.7356369e-02  -6.4432350e-02  -2.9873660e-01  -3.0770270e-01  -2.4605862e-01  -2.3247873e-03   3.2611734e-01   1.6974690e-02  -1.3316049e-02   5.3140127e-01
  -2.9807372e-01   5.3430992e-01  -6.5853446e-02  -3.7663865e-01   0.0000000e+00  -4.1569622e-01  -3.0663732e-01  -4.3027528e-01   3.5185263e-01  -1.9350830e-02  -1.3937157e-01   2.7369657e-01   2.7873149e-01  -6.1070884e-01  -3.6180653e-01  -7.1131888e-02   1.7012293e-01   6.4871333e-03  -1.5995209e-01   8.0313333e-01  -4.4793149e-02  -3.4446600e-01  -4.0028723e-01  -1.5615110e-01  -2.9258850e-01  -1.9163463e-01   4.4709082e-01  -5.2833636e-01  -8.9693312e-02  -5.2297363e-01  -1.0901928e-01  -4.4971680e-01   2.3645545e-01   1.4079882e-01  -1.8237936e-01   6.6399802e-01   3.1596719e-01   2.3759553e-01   3.0208012e-01   1.8388504e-01   3.6082779e-01  -2.4406697e-02   3.5204732e-01  -4.4687795e-01   1.3983327e-01  -1.6015393e-01  -7.2674668e-02  -1.8841864e-01   4.8005101e-01   6.2943954e-01  -9.0816986e-02  -3.2578769e-01   5.9622072e-01  -3.4990685e-01  -4.9988112e-01  -5.4562441e-01  -1.8079387e-01  -2.8730767e-01  -8.3507289e-02   5.1694481e-03   1.4143774e-01   6.1078790e-01   3.0238585e-01  -2.9700462e-02   4.5098827e-01   1.7221771e-01  -2.8029934e-01   2.2406326e-01  -3.9140235e-01  -3.7332699e-01   4.9386153e-01  -2.1452248e-01   3.7704514e-01  -5.4589134e-01   1.2449098e-02  -3.3109844e-01   1.8093578e-01  -6.8830792e-02   7.8739911e-01   1.6203986e-01  -6.4555067e-01   2.1206311e-01   6.4357194e-02  -4.1032844e-01  -3.9418805e-01  -4.4392606e-01   1.2888687e-01  -3.5944965e-01   3.9884824e-01  -1.5643932e-01   8.8377611e-01  -4.6635652e-02   1.8804710e-01   8.8718777e-02   3.4856390e-01   6.9380733e-01   1.8155773e-01  -1.7983273e-01   5.9530866e-01  -3.3343959e-01  -3.2489092e-01  -3.0590205e-01  -5.2297148e-01  -1.9353421e-01  -4.7671893e-01  -3.4855240e-01  -1.4889589e-01  -3.3367974e-01   5.1832581e-02   3.0937081e-01  -8.8491822e-02  -3.3367811e-01  -2.7101678e-01  -2.3690936e-01  -6.6597864e-01   7.3955619e-01  -1.2923379e-01   2.1770708e-01  -5.2389731e-01  -1.5803074e-01  -2.3395733e-01   8.5365652e-01   1.8651392e-01  -8.0513998e-02  -1.8954801e-01  -5.4581454e-01  -1.0317756e-01   1.2662688e-01  -4.3971068e-01  -6.6792823e-02   3.8712348e-01   2.9347583e-01   1.9948971e-01  -1.5220303e-01  -5.6635903e-02  -4.3399450e-01  -9.0667810e-02  -4.7182165e-01  -4.7724633e-01  -2.0819427e-02  -2.6647141e-01   1.8390778e-01  -4.6190169e-01  -5.3875164e-01  -4.0045491e-01  -2.3998903e-01  -1.9172397e-01   7.4043145e-01   1.0572572e-01   1.3121007e-01  -5.8103971e-01  -5.9115061e-01  -3.6876186e-01   5.1468596e-01   2.7066756e-01  -9.6548667e-02  -9.3458478e-02  -3.3198565e-02   2.3949512e-02  -4.7051531e-01   1.3603828e-01  -4.8866891e-01   6.3380883e-01  -1.4035395e-01  -1.1551184e-01   6.5649125e-01   1.5866113e-01  -4.1819911e-01  -2.3996739e-01   5.7739859e-01   7.1616143e-01   3.1407125e-01   5.1703534e-01  -4.5023750e-01  -7.0650102e-02  -3.4379424e-02  -3.2894469e-01
   1.9270635e-01  -2.3397455e-01   2.0786149e-01   4.1293866e-01  -4.1569622e-01   0.0000000e+00  -7.1859321e-02   6.1622439e-01  -8.8470114e-02  -1.5279261e-01   3.4535189e-01  -2.0803426e-01  -1.6574265e-01   1.9022290e-01   2.6061773e-02  -1.4881834e-01   1.7020874e-01  -3.4600123e-02   3.3857595e-01  -1.3714570e-01  -3.3415412e-01   3.2835927e-01  -1.6747541e-01   1.2557350e-02   2.6679607e-01   6.1099588e-01   1.7144032e-01   1.3628161e-01   2.4317293e-01   3.8729915e-01  -1.2157950e-01   5.2722317e-01   8.2492904e-03  -2.8301088e-01  -1.1698610e-01  -5.6308105e-02  -3.4316371e-01  -3.9379380e-01  -1.3216211e-01  -3.3867008e-01  -3.3386456e-01   1.2316107e-01  -1.3940592e-01   3.1477409e-01  -1.0994302e-01   1.6936510e-01   4.0257929e-01  -2.1551533e-01  -9.9763708e-02  -2.2791754e-01  -1.2683918e-03   5.6256576e-01  -3.9153785e-01   7.9061948e-02   1.5282698e-02   2.6489472e-01   6.3935603e-01   3.3321083e-01  -6.4534077e-02   7.6229631e-02   1.7199579e-01  -3.4030421e-01   1.3526110e-01   5.4184103e-02  -4.1672633e-01  -2.5571665e-01   7.5443243e-01   1.2790869e-01   7.1233806e-01   2.5650985e-01  -4.3269558e-01   3.0605860e-01  -3.3819778e-01   1.3461584e-01   8.9436334e-02   3.7830117e-01  -9.1838549e-02   3.1932043e-01  -2.9080680e-01  -1.2107384e-01   1.3187290e-01  -1.2615737e-01  -1.7573640e-01   5.9661356e-01   2.7762927e-02   4.2490679e-01  -2.9851238e-01   9.2261052e-02  -4.0632315e-02   4.6659460e-02  -2.8108432e-01   2.8736477e-01  -1.0098547e-01   5.0327444e-02  -4.2256741e-01  -1.3233882e-01   8.1418929e-02   5.0673579e-01  -9.9683419e-02  -2.1141825e-01  -1.0243920e-01   1.6535332e-01   3.2723962e-01   1.6890745e-01   3.0579352e-01   4.8358074e-01   7.5481548e-02   7.5763340e-01  -1.9561556e-01  -5.6880703e-02  -2.9395758e-01   2.6264669e-01   4.2967551e-01   1.5050774e-01   5.6956634e-02  -4.9142997e-01   3.3307240e-01  -2.5282772e-01   1.3502736e-01   2.8567626e-01   9.0973988e-02  -2.9127065e-01   9.2945510e-02  -1.9373825e-01   8.0908421e-02   3.1267069e-01  -1.9501894e-01  -1.1565869e-01   4.4240237e-01   8.9503875e-02  -3.1657713e-01  -1.7330993e-01  -1.2821205e-01  -1.0395176e-01   1.2430622e-01   4.6592240e-01   7.0882727e-02   8.0872878e-02   4.8464577e-01  -1.2220106e-01   9.3549434e-03  -1.4767695e-01   2.9014899e-01   1.4821983e-01  -1.1403022e-01  -6.6629182e-02  -2.5676974e-01  -3.2001259e-01  -1.0386619e-02  -3.4821822e-01   2.6522383e-01   2.1844175e-01   1.2660613e-01  -2.7306981e-01  -1.2548880e-01  -1.0732064e-01   8.8195445e-02  -1.4384410e-01   2.1741451e-01   2.2317457e-01   2.0901107e-01   5.3116563e-01  -4.4906421e-01   1.3182133e-01   5.0184951e-01  -2.9094112e-01  -1.1832172e-01   3.0712496e-01   6.7847582e-02  -4.1696723e-01  -3.3635217e-01  -3.9656080e-01  -8.4031458e-02   6.3085616e-01  -1.0247301e-01   2.4455448e-01   5.8359563e-01
  -2.8716105e-01   1.3075650e-02  -9.6017809e-02   2.1952626e-02  -3.0663732e-01  -7.1859321e-02   0.0000000e+00  -1.9201213e-01  -2.5341567e-01   5.2911932e-01  -3.0517203e-01   5.0626975e-01  -3.2647367e-02   3.6093422e-02   1.5238397e-01   3.6735613e-01  -2.6820536e-01   1.9691733e-01  -2.7204238e-01  -1.9049908e-01   2.8643886e-01   1.9412238e-01   7.4488103e-01  -3.2819071e-01  -1.5812283e-01  -3.4923585e-01   3.5658747e-02  -1.4889556e-01  -1.2887620e-01   2.7914521e-01  -8.5636107e-02  -4.9752915e-02  -3.1802757e-01   6.5533304e-01   5.6195818e-01  -3.8869381e-02   3.5937190e-01   1.9258094e-02   1.0114631e-01   2.6952348e-01   3.4381677e-02  -1.7270830e-01   2.2941330e-01  -3.1542385e-01   4.2855373e-01  -2.7027417e-01  -1.9655659e-01   4.1929711e-01  -4.5301656e-01  -3.3273053e-01   3.8516404e-01  -3.3206340e-01   1.0721845e-01  -2.5339728e-01  -1.2245955e-01   3.9468149e-02  -2.7998012e-01  -8.0530543e-02   6.2131690e-02   1.9265158e-01  -2.3991079e-01  -6.9832172e-02  -2.1392128e-01  -2.9351757e-01  -2.7225897e-01   6.8986314e-01   2.2275014e-02  -4.9021394e-02  -1.9430014e-01   1.1609440e-01   1.3671190e-01   1.1277190e-01   1.3717474e-01  -1.3626816e-01  -3.3458745e-01  -1.0620228e-01  -2.7161304e-01  -1.5673866e-01   2.6218850e-02  -2.6763863e-01   1.5254948e-01   1.3433731e-01  -1.0281633e-01  -1.6462283e-01  -2.8908935e-01  -1.8369520e-01   3.0182144e-01  -3.6556610e-01  -5.2554542e-01  -3.8127086e-01  -3.4018334e-01  -2.3955976e-01   4.2675356e-01   2.5983998e-02  -8.4031792e-02  -4.9674844e-01  -2.1440820e-01  -3.9863245e-01  -2.2858907e-01   4.9564139e-01  -7.5239876e-02   1.6727926e-02   1.3700595e-02  -1.2750405e-01   3.5638824e-01  -1.0256418e-01  -2.1080433e-01  -2.9618570e-01  -2.0922122e-01   8.9292833e-02   6.1442991e-01   1.5423897e-01  -2.9721628e-02  -2.9313383e-01   2.8895951e-01  -3.6510435e-02  -2.7534483e-01   2.1497977e-01  -1.7568077e-01  -1.9699357e-01  -3.8825492e-01  -1.8264552e-01  -1.6958168e-01   4.8789986e-03  -3.1336184e-01  -4.6284057e-02   4.0693444e-01  -4.5823474e-01   1.9713291e-02   6.3838400e-03   2.3982699e-01   4.2123067e-01  -2.0761944e-01  -2.8254396e-03  -2.8674000e-01  -1.0872895e-02  -7.6651894e-02  -1.1403960e-02  -1.3585051e-01   6.7065512e-03  -2.5803919e-01  -1.3867373e-01   1.0238711e-01   2.3641385e-01   4.8262586e-01   2.2402734e-01   6.9718325e-01  -3.1590130e-01   5.4600987e-01   9.1415631e-02  -2.2545644e-01  -1.1180423e-01  -3.5132992e-01  -2.2671306e-01   8.7227302e-02  -1.2953874e-01  -2.7303301e-01   1.0866524e-01  -3.2512907e-01   2.0331071e-01  -1.0648289e-01   1.9995351e-02  -1.2906680e-01   4.5117093e-02  -2.0585710e-01  -4.7648124e-02   3.7958312e-01  -2.1400947e-01  -3.6750918e-01  -6.5753723e-02   2.8497777e-02  -8.3048338e-02   7.8723164e-02   1.5826322e-01   9.8551652e-02  -3.4871459e-01  -5.1055321e-02
   3.2796101e-01  -2.4517818e-01   1.4307970e-01   2.4271053e-01  -4.3027528e-01   6.1622439e-01  -1.9201213e-01   0.0000000e+00   1.5536562e-01  -7.1466177e-02   4.0070648e-01  -1.5892389e-01  -1.6714531e-01  -1.0690166e-02   2.4792217e-02  -2.7934074e-01   1.0555544e-01  -1.4969899e-01   5.4201833e-01  -2.3983641e-01  -4.6093283e-01   2.8354442e-01  -1.5480698e-01   2.8383596e-01   4.7017262e-01   6.4561397e-01  -1.3022980e-01   2.9611720e-01   1.6496876e-01   1.6401683e-01  -1.9183988e-01   5.7686490e-01  -2.3900187e-01  -2.8634150e-01  -2.1636352e-01  -2.9727354e-01  -4.8579182e-01  -3.3115713e-01  -3.7292370e-01  -4.2810447e-01  -3.6373458e-01   3.7494651e-02   5.2783946e-03   2.7691097e-01  -1.8476051e-01   3.9369179e-01   2.1951364e-01  -3.6784662e-01  -1.2206892e-01  -2.0674326e-01   4.9116114e-02   8.0722148e-01  -4.9682754e-01   2.2469933e-01   1.5602375e-02   8.3303622e-02   4.5892627e-01   5.2755171e-01  -1.8050777e-01   3.9376221e-02   1.1974079e-01  -4.1559753e-01   1.6860988e-01   2.0521378e-01  -3.6918888e-01  -3.0708929e-01   3.9842618e-01   1.1785847e-01   4.7863986e-01   2.4174112e-01  -4.5367302e-01   2.4834002e-01  -4.8829505e-01   9.6996949e-02   3.0746772e-01   5.7326762e-01  -1.0348476e-02   2.1356716e-01  -2.8532676e-01  -9.6534219e-02   4.7446281e-02  -2.7829900e-01  -4.8812298e-01   8.5556004e-01   4.9907869e-03   7.3879311e-01  -3.6480492e-01   2.0309558e-01   1.6392630e-01   3.2651143e-01  -3.0088914e-01   2.0806659e-01  -3.1956430e-01   2.7883043e-01  -3.3603194e-01  -2.0650473e-02   1.2996838e-01   6.9041830e-01  -2.5232382e-01   2.1252487e-03  -2.6315659e-01   3.6198519e-01   3.8624424e-01   3.7491065e-01   2.5921919e-01   4.9239050e-01   4.8463383e-02   6.8791048e-01  -9.9161915e-02  -3.1638500e-01  -3.3738068e-01   1.8905010e-01   4.9188149e-01   4.0227681e-01   2.4427694e-02  -4.5849451e-01   3.5054770e-01  -4.2813540e-01   7.6358747e-02   1.1964972e-01   3.9131823e-01  -2.6879295e-01   4.0123664e-01  -3.7099224e-01   3.8047347e-01   1.9063346e-01  -3.1961711e-01   7.7274436e-02   5.4059851e-01  -2.0373017e-01  -4.4671819e-01  -3.7444597e-01  -2.2296574e-01  -1.8826415e-01   5.1174141e-01   7.2856184e-01   2.0391987e-01   1.8600164e-01   7.1546381e-01   1.4212076e-01   1.7142077e-01  -1.8310239e-02   3.6401592e-01  -1.1283772e-01  -9.2483009e-02  -2.3199776e-01  -2.0890578e-01  -3.2197659e-01  -1.8406227e-01  -3.9221312e-01   3.5258633e-01   3.8866081e-01   3.5140505e-01  -2.6260010e-01  -2.2291214e-01   2.0389676e-01   2.9237357e-01  -2.9275457e-01   3.0965174e-01   3.9270646e-02   1.7506081e-01   6.3315796e-01  -4.1229455e-01  -3.4673147e-02   4.1198577e-01  -9.3686869e-02  -2.5549401e-01   3.6796947e-01   2.6044465e-01  -5.6415458e-01  -2.7223805e-01  -3.0393008e-01  -3.2564233e-01   1.6293748e-01   5.3740409e-02   2.1377639e-01   4.4120602e-01
  -2.0237227e-01   5.8344282e-01   1.4175891e-01  -2.2225332e-02   3.5185263e-01  -8.8470114e-02  -2.5341567e-01   1.5536562e-01   0.0000000e+00   3.3902900e-02   1.0742979e-01   1.8809248e-01   5.3538706e-03  -5.2511881e-01  -2.2638497e-01  -1.5084070e-01   3.2474484e-01  -2.1925167e-02   2.3126509e-01   2.0857927e-01  -1.6510417e-01   1.4568392e-02  -2.8189045e-01  -1.9872115e-01  -9.9618876e-02   3.0369917e-01   2.1819277e-01  -2.5420013e-01  -2.9674788e-01  -1.6802560e-01   2.3101795e-01   7.9944084e-02   9.9824304e-02   1.7154987e-01  -2.7408882e-01   1.8615650e-01   6.6284152e-02  -1.1924983e-01   7.5650545e-02   8.6273720e-02  -5.2039490e-02  -1.8592705e-01   3.5665232e-01  -2.8194829e-01  -9.8782532e-02  -1.4919132e-02  -1.9980100e-02  -1.4481514e-01   2.4119683e-01   3.9881225e-01  -9.8337811e-02   2.5389960e-01   3.8609487e-01  -1.8430763e-01  -2.8069690e-01  -3.1006481e-01  -1.2873672e-01   3.5248078e-01  -8.8109589e-02   2.3353273e-01   1.0402986e-01   1.7962696e-01   7.4796528e-01   1.6602687e-01   4.4925782e-01   1.0939133e-01   9.3922626e-03   1.8000672e-01   4.3469566e-02  -9.3814087e-02   4.7124999e-01  -7.6499982e-02  -2.4383372e-03  -4.1933763e-01  -3.8868792e-02   2.1920524e-01  -1.9910031e-02   7.1655011e-02   3.7714438e-01   8.2964391e-02  -4.3422487e-01  -1.2145278e-01  -2.1529554e-02   1.5402581e-01  -2.3697907e-01   7.7370527e-02   2.4437633e-01  -3.1517186e-01   3.6120221e-01  -1.2226718e-01   4.8784834e-01   4.6684024e-02   7.1957863e-02   5.8892100e-01  -1.5208568e-01   3.2167325e-01  -5.0285222e-02   3.8116449e-01   1.7292816e-01  -2.3673534e-01  -2.6557783e-01  -1.5146671e-01  -2.2216347e-01   4.5023093e-01  -2.1320029e-01   2.2440293e-01  -6.3503126e-02   2.7123739e-01  -9.0719398e-02  -1.4399739e-02  -9.8127929e-02  -2.2024786e-01   1.2345935e-01  -2.4652338e-01  -3.1254808e-01   3.9887120e-01   3.3770902e-01  -1.4095137e-01  -3.9215888e-01  -4.2060256e-03  -2.3722887e-02   3.0612580e-01   4.2443358e-01   6.3356224e-02  -1.2667810e-01  -4.5208546e-01  -2.0948105e-01   6.5418399e-02   2.7591273e-01   9.3326291e-02  -1.1032579e-01   1.3531273e-01   4.0669128e-01   1.4186914e-01   6.1010985e-01   1.2852952e-01  -6.6202670e-03   1.2255234e-02   3.7528732e-02  -2.4947697e-01  -2.4291476e-01   5.1886635e-02  -1.2335398e-01  -4.2140951e-01  -2.0915101e-01   5.3285304e-04  -4.1937308e-02   4.3706598e-01  -4.7161873e-02   2.6477258e-01  -3.7869009e-01  -6.3915143e-02  -2.6429363e-01   3.3075032e-01   2.6975890e-01  -2.1266272e-01   2.0847432e-03  -2.5340265e-01   1.5115694e-01  -3.6217010e-01   2.6068588e-01  -1.3325197e-02   3.4872309e-01  -3.0270072e-02   2.5739852e-01   4.1505428e-01   1.2735865e-01  -3.0256938e-01  -2.1548535e-01   2.2554956e-01   3.3432515e-01  -9.7365258e-02   2.5621802e-01  -3.5795489e-01  -4.2159059e-02  -4.3963071e-02   1.0485080e-01
  -1.4692758e-01  -2.7269954e-02   1.5250827e-01  -2.1028102e-01  -1.9350830e-02  -1.5279261e-01   5.2911932e-01  -7.1466177e-02   3.3902900e-02   0.0000000e+00  -3.1938253e-01   3.9831444e-01   5.9572945e-02  -3.0306362e-01  -3.4778930e-01   2.5106919e-01   6.5667810e-02  -5.6575882e-02  -7.8576249e-02   2.0412158e-01   1.4964869e-02   7.3517441e-02   4.2110098e-01  -1.9520241e-01  -2.0765496e-01  -5.6003966e-02  -5.7368994e-02  -2.6136455e-01  -1.6948232e-01  -1.2159024e-01  -3.3297533e-01   3.5843989e-02  -1.1697814e-01   6.8336466e-01   5.9143766e-02  -3.2500962e-02   2.0841744e-01  -6.3141815e-02  -4.6159729e-02   2.1525574e-01  -1.0048307e-01  -1.3239468e-01   2.9092802e-01  -2.6926119e-01   9.8557163e-02   4.1817987e-03  -2.2277836e-01  -1.9329680e-02  -1.4019361e-01   1.1346192e-01   2.2090898e-01  -1.5554013e-01   4.0307307e-02  -7.9640366e-02  -2.4011634e-01  -1.5398786e-01  -3.0188517e-01  -6.2938497e-02  -6.7029725e-02  -8.7892847e-02   1.6747330e-02  -4.6874465e-02   8.1175546e-02  -4.3698195e-01  -4.4359029e-01   6.9580749e-01  -2.6572479e-01  -2.1288159e-02  -1.7151693e-01   8.1242258e-02   6.1804390e-02  -1.6538144e-01  -5.4830739e-03  -1.9527371e-01  -3.5162041e-02   1.5245537e-01  -4.0705985e-02  -6.7150468e-02   2.4716245e-01  -2.6792811e-01  -1.9144718e-01  -4.1663665e-02  -6.5763997e-02  -6.9944937e-02  -2.9564797e-01  -1.0646452e-01  -6.4170920e-02  -3.3130501e-01  -1.7470676e-01  -2.7576731e-01  -2.6415366e-02  -4.2483552e-02   5.2655501e-01   6.0085373e-02  -3.1991076e-02   1.2417695e-01  -2.3811366e-01  -8.2111009e-02  -1.1970449e-01   5.6717636e-01  -2.3398832e-01  -3.6472279e-01  -1.0763180e-01  -2.0957381e-01  -8.2229671e-02  -2.4474532e-02  -6.4811192e-02  -1.4272072e-01  -1.2789892e-01   8.1360829e-02   5.0382461e-01  -1.9426478e-01  -1.4220296e-01  -2.0764832e-01   1.1739212e-01   9.5538690e-02  -1.7693757e-01  -6.3798020e-04  -2.4160664e-01  -4.4068538e-01  -1.8022983e-01   4.1449804e-02   4.0820292e-02  -3.2855420e-01  -1.6286791e-01  -3.8270255e-01  -5.6457445e-02  -2.9036135e-01   3.2529817e-02  -3.9479317e-02   2.4218803e-01   3.1189798e-01  -3.7574086e-01  -8.3337039e-02  -6.8911788e-02   3.0553354e-02  -6.7694660e-02  -2.8813727e-01  -6.3278206e-02   1.8779954e-02  -2.7143464e-01   3.2678122e-02  -4.5912018e-03   3.2782757e-02   1.1272111e-01  -1.1127686e-01   5.4225758e-01  -2.9891283e-02   3.1877048e-01   9.6781802e-02  -2.4932838e-01  -1.5330310e-01  -1.5359931e-01  -1.4925658e-01   2.3702255e-01   1.6568643e-02   2.0911107e-02  -3.1353965e-02   6.8078763e-02  -1.2239510e-01  -6.8337395e-02  -9.6172210e-02   1.6761919e-01  -3.5043299e-01  -1.6110008e-01   4.1341394e-01   3.3658817e-01  -2.8344820e-01  -2.8144506e-01  -2.8116278e-02   2.7922511e-01  -1.2680064e-01  -9.4777395e-02  -5.8162256e-02   1.6020515e-01  -2.8456911e-01  -1.9524306e-01
   1.7051493e-01  -8.7687614e-02   5.2907167e-02   1.6605204e-01  -1.3937157e-01   3.4535189e-01  -3.0517203e-01   4.0070648e-01   1.0742979e-01  -3.1938253e-01   0.0000000e+00  -2.3663492e-01   2.6449499e-02  -3.8316561e-02   2.4634978e-01  -1.0068468e-01   1.3790680e-01   4.5254889e-01   8.9526725e-02  -1.1142874e-01  -1.6271326e-01  -3.2161699e-03  -2.4809512e-01   1.6161997e-01   2.3380695e-01   3.9218419e-01   2.0703038e-01   2.1751421e-01   1.1823887e-02   5.6881827e-02   2.6629461e-01   2.4197507e-01  -2.5524885e-02  -3.4598007e-01  -2.1643203e-01   1.8228350e-01  -3.7946725e-01  -6.4116647e-02   1.1645180e-01  -3.2063375e-01   1.2424516e-02   2.0150667e-01  -1.3445180e-01   4.0845858e-01  -1.4495259e-01   2.8631788e-01   6.8449528e-01  -4.0291697e-02  -1.1791814e-02  -1.2199845e-01   3.1609029e-01   4.7381355e-01  -1.4975407e-01   6.3182687e-02   8.3870176e-02   2.8788500e-01   2.4271419e-01   1.7950470e-01   7.9153915e-02  -6.2084448e-02   3.7302558e-01  -2.4971239e-01   1.0149574e-01   2.7883114e-01  -6.5430578e-03  -4.0047042e-01   2.9316808e-01   9.5911677e-02   6.5762824e-01   2.2346784e-01  -2.1230447e-01   1.9951088e-01   7.4096587e-02   3.3323969e-02   1.9735348e-01   1.3611479e-01   3.4232821e-01   2.6101231e-01  -2.9517488e-01   1.6997224e-01   5.3857476e-02   9.7407984e-02  -8.5615742e-02   3.4984522e-01   7.4580971e-02   3.3591588e-01  -2.5981585e-01   1.8208449e-01   1.6975687e-01   2.6482288e-01  -1.3622272e-01   3.4701291e-01  -1.4357992e-01  -1.4298414e-02   8.2749809e-02  -8.2477108e-02   9.6622228e-02   2.0118582e-01   6.7379668e-02  -3.7062219e-01  -3.3531373e-02   3.6081261e-01   1.6715702e-01   2.4986568e-01   5.3773506e-02   3.3215104e-01  -9.2017435e-02   4.4148971e-01  -7.5094953e-02   1.0960783e-01  -2.9288865e-01   1.3445498e-01   3.3740253e-01   2.4016726e-01  -3.2709719e-02  -2.6310245e-01   3.9972277e-01  -2.4139346e-02   1.2785174e-01   3.1885589e-01   3.5639831e-01  -1.3465597e-01   2.2864005e-01   3.2948853e-02   3.5764957e-01   1.6330520e-01  -1.5506713e-01   1.2376366e-01   1.4664378e-01   7.1403218e-02  -2.5630798e-01   2.9403131e-02  -3.9557481e-03   1.8838886e-01   1.8954357e-01   1.7562217e-01   8.8830394e-02   3.5040656e-01   2.3062713e-01   9.2599130e-02   1.0057235e-01  -9.4472304e-02   4.0462600e-01  -7.9750669e-02   6.1896446e-02   1.8780189e-01  -2.9917905e-01   9.2215035e-03   1.3995249e-03  -1.6634978e-01   2.3646657e-01   2.7290407e-01   3.2665346e-01   9.4444215e-02  -1.6213456e-01   9.6037336e-02   3.1743731e-01  -9.2236138e-02   3.2520253e-01   4.9239653e-02   2.1116824e-01   5.2322244e-01  -5.4235734e-02   3.7548640e-01   3.7210939e-01  -2.9432506e-01  -2.1354363e-01   3.0380035e-01   3.3021405e-01  -3.4524633e-01  -4.1872655e-01   4.2678832e-02   1.0999396e-01   1.4268359e-01  -1.1706118e-01   3.9779037e-01   2.6121601e-01
  -3.0692550e-01   5.0660336e-01   1.8252637e-02  -2.3148965e-01   2.7369657e-01  -2.0803426e-01   5.0626975e-01  -1.5892389e-01   1.8809248e-01   3.9831444e-01  -2.3663492e-01   0.0000000e+00   6.6567052e-04  -3.7743708e-01  -6.2586209e-02   1.3260996e-01  -8.5959270e-02   5.7499158e-02  -8.0826527e-02   1.7322808e-01   3.9092361e-02   6.0498436e-02   3.5850485e-02  -3.7798988e-01  -1.3594801e-01  -1.4615368e-01   2.9155057e-01  -4.6323413e-01  -2.5747288e-02   3.4769411e-02  -1.3200782e-01  -1.4965183e-01  -1.8364412e-01   7.6424994e-01   4.1816354e-01   3.5948116e-01   4.2513935e-01   6.5447620e-02   2.2576659e-01   1.1621114e-01   2.1784733e-01  -2.5427626e-01   7.1591211e-01  -4.7020321e-01   4.4579693e-01  -1.8855560e-01  -9.8907737e-02   1.9094093e-01  -2.4541183e-01   4.7011954e-02   1.2574100e-01  -2.8664624e-01   5.3410120e-01  -4.1010033e-01  -5.3031638e-01  -3.4769593e-01  -3.4612648e-01   2.8945232e-02  -8.8871336e-02   4.6115495e-01  -4.6726069e-02   2.5378531e-01   1.7319290e-01  -1.0141384e-01   2.8783415e-02   5.3184799e-01  -3.6380457e-02   9.7024467e-02  -2.7717565e-01  -4.0646475e-02   5.1840541e-01  -1.4862095e-01   3.3957156e-01  -4.4558143e-01  -2.1956282e-01  -1.8437862e-01  -1.1105293e-01  -4.0351911e-02   5.4395372e-01  -7.6674183e-02  -4.6289878e-01   3.2944074e-01  -8.8426832e-02  -1.0773311e-01  -4.7293353e-01  -2.8563002e-01   4.2457312e-01  -5.6829183e-01  -8.3657334e-02  -3.9172948e-01   3.0868306e-01  -1.0079553e-01   4.2463632e-01   3.5437519e-01   3.8290652e-02  -5.6443867e-02  -1.0542792e-01  -2.1276539e-01   1.9990085e-01   1.2669655e-01  -3.1080172e-01   9.5659469e-03  -3.8840918e-01   4.1007698e-02   2.9617695e-02  -1.8029482e-01  -3.1926249e-01  -1.8925385e-01  -4.2656695e-01   2.4606372e-01   4.5734274e-01  -3.3247400e-02  -6.2103087e-02  -3.7944529e-01  -2.7981837e-01   3.9769546e-01  -1.2473223e-01   2.8344713e-01  -4.9396250e-01  -2.6834962e-01  -3.4813341e-01   3.8901017e-01   2.5482449e-01  -6.0841101e-02  -3.0025422e-01  -3.4757519e-01   2.7225989e-01  -2.6743684e-01  -1.2009652e-01   1.2289759e-02   3.0546497e-01   3.5137129e-01   9.7027883e-02  -1.3922584e-01   3.5412705e-02  -1.3738166e-01  -2.1847308e-01  -3.3511891e-01  -3.2597382e-01  -8.0626562e-02  -4.4084693e-01  -2.1510041e-03  -1.3905909e-01  -1.5277621e-01   1.1747223e-01   4.2370248e-02   4.5369736e-01   1.7794666e-01   4.1434862e-01   1.1994039e-01  -5.3630378e-01  -5.1217582e-01  -4.9576332e-01   2.2779170e-01   3.7383609e-01  -1.6056235e-01  -2.0468332e-01  -9.3163928e-02  -2.1946969e-01  -4.0097275e-01   4.4020709e-02  -9.6429728e-02   2.0249314e-01   7.5550633e-02  -3.8221544e-02   3.9761011e-01   3.9662026e-01  -4.0839985e-01  -4.3253822e-01   2.4024676e-01   4.1272862e-01   8.8924426e-02   3.5962872e-01  -9.3054551e-02   1.0895681e-01  -4.0401491e-01  -3.5300505e-02
  -1.6429020e-01  -4.4658846e-02   1.8549318e-01  -7.0597969e-02   2.7873149e-01  -1.6574265e-01  -3.2647367e-02  -1.6714531e-01   5.3538706e-03   5.9572945e-02   2.6449499e-02   6.6567052e-04   0.0000000e+00  -1.6758405e-01  -1.6747272e-01   2.7772706e-01   2.0793256e-01   1.2068290e-01  -1.0683726e-01   4.7836188e-01   5.9150344e-02  -2.6603757e-01   3.1721706e-02  -7.9919054e-02  -1.6567142e-01  -8.0050478e-02   1.3400764e-01  -8.9399000e-02  -1.6907494e-01  -2.6308287e-01  -1.2214747e-01  -9.6540664e-02   3.0567881e-01  -2.7955302e-02  -8.5983684e-02   3.4485952e-01  -4.0634200e-02   2.4507483e-01   2.0131531e-01   8.5563061e-02   6.7288487e-01   1.9395164e-01  -6.5286222e-03   3.7799965e-02   4.0939000e-02   2.7611984e-02   1.3116122e-01  -1.2384887e-01   2.4171755e-01   2.9464785e-01   4.2827689e-01  -1.8659640e-01   9.1333346e-04   1.3019321e-01  -1.0683647e-01   5.3307638e-02  -3.8782911e-02  -1.3786561e-01   4.0244281e-01   2.3906140e-02   8.4766599e-02   1.3264971e-01   4.1782302e-02  -1.0186538e-01   7.8325540e-02   5.5834391e-02  -2.3167478e-01  -2.4237161e-01  -7.5162824e-02   5.1746486e-02  -1.1192940e-01  -2.8777978e-02   3.3787275e-01   5.0080626e-02   2.6757852e-01  -3.1481638e-01   2.5041331e-01   6.1740067e-02   8.5079391e-02   2.0433542e-01  -1.8662302e-01   1.8489233e-01   4.7467141e-02  -1.8537414e-01  -1.9061669e-04  -3.2632561e-01  -1.0196933e-01  -8.3834009e-02  -1.5186005e-02  -2.5027654e-03   8.4700869e-02   2.0758154e-01   1.5558465e-01  -1.1802580e-01   1.9420965e-01   3.1678207e-01   2.0811995e-01  -2.5771619e-01   6.9442947e-02   6.0178098e-02  -1.6828121e-03  -7.0079344e-02  -1.9688757e-01  -1.2894886e-01  -5.7552009e-02   1.0704753e-02   1.1324222e-01  -1.5397204e-01   1.7794983e-01   1.5988003e-01   1.6190283e-01  -1.4255661e-01  -2.3113873e-01  -1.1427923e-01  -1.4321445e-02  -3.2137696e-03  -6.4438348e-02   4.4520226e-01   2.7754550e-02   3.3945798e-02  -2.1926952e-03   2.2575259e-01   9.4053024e-02  -1.2063987e-01   5.0674060e-02  -2.1363242e-01  -9.1910680e-02   1.6124905e-01  -2.1618736e-01   3.8558979e-02   5.3218278e-01   1.7907199e-01  -8.6972388e-02   9.4558600e-03  -1.5273334e-01  -4.2348047e-01   2.5527010e-01  -1.1318028e-01  -3.2737901e-01  -4.6351165e-03  -5.2714143e-02   5.7306235e-01  -2.1236163e-01   6.4376352e-03  -3.7814418e-02  -9.8636961e-02  -1.7418770e-02   1.8336384e-01   7.1265039e-02  -7.8149003e-02  -5.1979672e-02  -7.8967950e-02  -5.6574869e-02   5.4796797e-02   1.2309545e-01  -4.0666536e-02   5.9762399e-02   3.8488662e-01   1.8563200e-01  -2.0000818e-01   2.2283349e-02  -1.9776116e-01   7.6422355e-02   9.7886142e-02  -1.4743582e-01   1.1236751e-01   1.1529846e-01  -1.5238249e-02  -3.1825454e-02   5.3537504e-02   1.4464068e-01   1.6672301e-01  -2.3841191e-02  -9.3087128e-02   2.0765990e-01   1.9058425e-01  -2.3062163e-01
   3.2009989e-01  -4.2509247e-01  -3.8265749e-02   3.6686181e-01  -6.1070884e-01   1.9022290e-01   3.6093422e-02  -1.0690166e-02  -5.2511881e-01  -3.0306362e-01  -3.8316561e-02  -3.7743708e-01  -1.6758405e-01   0.0000000e+00   5.2792542e-01   1.5500597e-01  -2.2650912e-01   3.5872526e-02  -2.3330097e-03  -5.7402258e-01   2.0269263e-01   1.3844488e-01   1.3684613e-01   1.6756905e-01   1.3655837e-01  -5.2117759e-02  -2.9580245e-01   5.4934495e-01   1.5058376e-01   4.7606635e-01   3.1314610e-01   5.6937960e-02   3.9987308e-02  -3.8683523e-01   3.2023794e-01  -3.5828597e-01  -2.0301200e-01   6.9635207e-02  -7.6727305e-02  -1.5457116e-01  -1.8743393e-01   7.7113587e-02  -5.0952516e-01   5.3611637e-01  -6.7647122e-02  -1.1538811e-01   5.6684384e-02   2.3670897e-01  -1.9724456e-01  -5.4778590e-01  -6.3149940e-02   1.3761176e-02  -4.2737352e-01   3.6893809e-01   7.7304882e-01   5.2424319e-01   1.4896935e-01  -3.2944179e-02   1.1161213e-01  -2.3193740e-02  -2.0210006e-01  -1.3053026e-01  -4.9940084e-01   1.6211541e-01  -1.2584284e-01  -3.7766456e-01   2.1237240e-01  -2.0457499e-01   1.0925109e-01   1.3732654e-01  -3.8388824e-01   9.0637152e-02  -1.3154711e-01   7.0880386e-01   4.2939817e-02   4.0707386e-02  -1.2727332e-01   1.2105511e-01  -5.8333328e-01   3.8753047e-02   7.4504643e-01   4.9948203e-02   1.8593703e-01   6.3536942e-02   6.0500982e-01   9.6804208e-02   9.7527143e-03   5.8208635e-01  -3.2079427e-01   1.7162822e-01  -5.6637907e-01  -7.2589373e-02  -3.0045260e-01  -3.1893518e-01  -6.2684657e-02  -5.6231027e-01  -1.7464505e-02  -1.4623160e-01  -2.3651086e-01   5.0899662e-02   6.0556343e-01   2.5097237e-01   5.1666446e-01   4.2217725e-02   1.7390813e-01   4.3932920e-02   1.6780472e-01   8.6992798e-03   9.4092010e-02  -1.9281010e-01  -2.0943920e-01   3.2402308e-01   8.4231462e-02   1.7020409e-01   6.1963342e-01  -5.5083298e-01  -5.7883344e-02   2.9379135e-02   7.5240006e-01   2.2581587e-01   1.2962847e-01  -5.7046569e-01  -2.7924516e-01   4.2613987e-01   3.8184891e-02   7.2781547e-01   2.9833788e-01   6.0494190e-03  -5.7958249e-02   1.1710342e-01  -2.4258350e-01  -3.6216624e-01   2.9827447e-02   1.7900915e-01  -2.4625767e-01   2.8719978e-02  -2.9328516e-02   5.1961458e-01   1.5359112e-01  -5.4542926e-02   4.5513877e-01  -1.5425843e-01   5.9291142e-02   6.3395551e-01   3.5641942e-01   2.7194239e-01  -1.6844007e-01  -5.6736854e-01  -2.2644071e-01  -2.4560414e-02   5.8906732e-01   5.8302260e-01   3.5086970e-01  -3.6205935e-01  -2.0687643e-01  -1.3001703e-02  -2.9498900e-02   8.9771149e-02  -2.2680286e-01   6.1136513e-01  -6.7843275e-02   1.4968729e-02  -5.1480559e-01   1.1692360e-01  -1.0517628e-01  -6.6327051e-01  -3.5619420e-01   4.3725161e-01   3.4253401e-01  -3.1947189e-01  -6.0619456e-01  -6.0811750e-02  -3.7832627e-01   5.3301870e-01  -1.3529770e-02  -6.6483346e-02   9.3044038e-02
