   0.0000000e+00  -1.4111432e-01   3.3616126e-01  -1.8912567e-01  -2.2026266e-01   2.3631923e-01  -7.0672043e-02  -4.3791462e-02  -1.2599704e-02   4.9857585e-02  -1.6594219e-02  -2.3897622e-01  -3.2369482e-01   1.9283921e-01   1.1651937e-01  -4.3015293e-02   1.8848562e-01   2.0347907e-02  -1.4794151e-02  -1.2195920e-01   5.0600253e-02  -6.2475949e-02  -1.4395029e-04   5.2368003e-01   6.8968257e-02  -8.6786491e-03   1.2205321e-01   6.5745906e-01  -6.2268187e-02   7.7195608e-02   9.3185532e-02  -2.8161497e-02  -3.3644789e-01  -2.1313485e-01  -1.2000306e-01   4.4933530e-02  -1.1481213e-01   8.2727280e-02  -1.2477993e-01  -3.7913533e-02  -3.6516311e-01   3.5051619e-02   9.8811089e-02   2.5515120e-01  -2.2406439e-01   4.2530055e-01   1.8872604e-01   3.9700644e-02  -1.8809342e-01  -1.0600803e-01  -4.7853064e-02  -3.9195874e-02  -1.6647667e-01   1.8764973e-01  -2.6348064e-01   1.8216289e-01   1.2271413e-01  -2.4336509e-02  -2.6779745e-01  -8.4206681e-02   5.2149939e-01  -4.1311867e-01   7.9259815e-02   9.5730355e-02  -2.1575963e-01  -1.4015889e-01   3.1984087e-01  -1.3688069e-01  -6.3208893e-02   5.4614962e-01  -1.7708911e-01   1.3727631e-02  -1.6260480e-01   5.6191410e-01  -1.1926262e-01   7.3201048e-02   4.0770464e-01  -1.8143173e-01  -2.7914022e-01   4.5918828e-02   2.0277114e-01  -2.8982003e-01  -4.3093987e-02  -1.9618574e-01   2.3762693e-01   2.2065408e-01   1.3289082e-02   3.3798428e-01   2.5987377e-01   5.9158359e-01  -1.1008511e-01   3.9171731e-01   1.5271588e-01  -1.8299544e-02   3.4482032e-01  -1.5631463e-01  -4.3452436e-02  -2.0589462e-01  -4.9721092e-02  -9.1207433e-02   3.9630158e-01   1.5710376e-01   1.1109784e-01  -1.2847595e-01  -6.3501247e-02  -1.7388485e-01   2.0263510e-01   4.3299347e-02  -7.5510068e-02   2.0290380e-02  -9.1800379e-03   6.3875820e-02   1.0854487e-01   5.9374140e-01   4.8016537e-01  -2.5907745e-01   6.7908081e-02  -1.8798305e-01   4.5048210e-01  -2.1912421e-01   3.6380792e-01  -1.7663072e-01  -1.5073469e-01  -1.1902065e-02   3.4569183e-01   3.0348291e-01   5.8500808e-02  -3.8011834e-02  -1.5718485e-01   2.6774953e-01  -3.1324780e-01  -1.2999806e-01   6.2750703e-02  -2.6756195e-01   2.1994737e-02   7.7688164e-02   1.6454787e-01   4.5295968e-01   1.3079721e-01   3.8990129e-01   3.9380275e-01  -4.5106422e-01  -2.4687998e-02   3.2872957e-01   1.9730738e-01  -1.0919702e-01  -8.0912984e-02  -1.3173567e-01   5.0958003e-02  -1.4310128e-01   7.5049509e-01   1.0922202e-01   5.7758250e-01   4.4943361e-02  -1.6062894e-02   1.7906702e-01   4.7575541e-01  -2.6453398e-01   6.2404569e-03   1.0973571e-02  -2.9140686e-03  -4.7857792e-02   7.0562571e-02  -4.9975564e-02  -7.7925646e-02  -2.9851220e-01  -1.2381708e-01   6.9866962e-01   3.6628353e-01  -1.4694184e-01  -2.3008012e-01   1.7266465e-01  -6.9343817e-03   2.9188688e-01   1.4706436e-01   1.1222617e-01  -7.6815209e-02
  -1.4111432e-01   0.0000000e+00  -2.6411749e-01  -5.6370726e-01   4.5988188e-01  -4.7127106e-01   3.4314782e-03  -1.4801765e-01  -3.2248387e-01  -2.3830355e-01  -6.7720687e-01   7.6410660e-01   8.4335076e-02  -6.1660644e-01  -2.5347224e-02   4.5568774e-02   1.1600694e-01  -5.6993931e-01  -3.8425728e-01   3.6046190e-01  -4.7661247e-01  -6.0832841e-01  -6.2343690e-01   8.8996119e-02   9.9846458e-02  -3.4432732e-01   2.3184160e-01  -2.5098858e-01   3.6327460e-01  -5.0551565e-01   1.4340631e-01  -4.9204886e-01  -6.4443094e-02   2.6233057e-01   4.0631691e-01  -6.3109081e-02   3.9374614e-01   2.7760829e-01   1.0639093e-01   2.7422380e-01   1.4144748e-01  -5.3030690e-02   3.5023318e-02  -3.8583890e-01   1.4858075e-01   6.2382532e-02  -5.9592827e-01  -2.2119850e-01   2.7983667e-01   3.7075236e-01  -5.4657525e-01  -1.7647771e-01   8.1065796e-01  -5.7435012e-02   1.5447713e-01  -6.3455235e-01  -5.3613426e-01  -6.3603210e-01  -4.8357392e-01  -1.4462980e-01  -2.6717739e-01  -1.2701876e-01  -1.6209453e-01   1.3795254e-01   1.1832180e-01   2.3225963e-01  -3.0659032e-01   2.6436506e-01  -6.3171628e-01  -4.9550801e-01   7.4713258e-01  -6.2215884e-01   2.5234173e-01  -4.3744730e-01   1.5943359e-01  -1.3713971e-01   1.5691027e-02  -2.1535750e-01   6.9178541e-01  -1.2722657e-01  -6.6358588e-01  -1.0493810e-01   6.2894915e-02  -2.8544695e-01   5.2006080e-01  -2.6904843e-01  -1.1772634e-01  -1.1375008e-01   6.0230392e-02   1.8185876e-01   5.8238300e-01  -1.6636175e-01  -3.1118310e-01  -1.4119647e-01   2.3860807e-01   3.4010305e-01  -2.0867107e-01  -2.1236876e-01  -1.8778105e-01  -1.7302490e-01  -1.4952464e-01  -3.9860677e-01  -5.0003721e-01  -9.7103376e-02  -6.5141200e-01  -2.6559179e-01   6.4576501e-02  -3.0901852e-01  -1.9886631e-01  -2.6889345e-02  -9.9886213e-02  -6.2110719e-01  -5.7302057e-01   2.0359229e-01  -2.3851174e-01   7.4588370e-01  -2.3956029e-01   3.0617676e-01  -4.3492960e-01  -5.9667942e-01   1.3672285e-01   5.8550265e-01   5.3882351e-01   7.9533855e-02   1.0534422e-01  -3.9018532e-01  -4.7273380e-01   2.0430170e-01  -6.2626948e-01  -2.5040698e-02   2.4693430e-01  -4.7354988e-02   6.8988977e-01  -1.2485299e-02  -5.0805437e-01  -6.8047233e-02   1.0264135e-01  -2.6834619e-01  -1.9755934e-01   3.5831734e-01   3.0911302e-01   1.0851081e-01  -5.3199468e-01  -2.8313106e-01  -4.9673498e-01  -2.6648764e-01   4.6608182e-01   7.5209928e-01  -3.0869731e-01   2.9038217e-01  -2.9655156e-01  -4.1994427e-01   2.9665056e-02   5.4267956e-01   5.6682464e-01   3.5469785e-01  -3.0923769e-02  -3.1855700e-01  -9.7180765e-02  -5.5950437e-01   3.2441145e-01  -5.1992036e-01   2.7947768e-01  -6.3607796e-01  -5.9356298e-01   5.1337417e-01   1.7347667e-01   9.1625738e-02  -4.4151103e-02   1.3729354e-01   7.4082481e-01   3.4146462e-01  -6.4738033e-02  -2.0385435e-01  -1.2462580e-01   3.3391214e-01  -6.0814831e-01
   3.3616126e-01  -2.6411749e-01   0.0000000e+00  -1.3344354e-01  -2.2772200e-01   1.9975916e-01  -1.4187315e-02   4.4436238e-02  -2.9206211e-02   2.8087737e-01   5.6826020e-02  -1.4761224e-01  -6.1065583e-03  -7.3519203e-02   4.6489540e-02   1.9860257e-01   7.6897830e-01   8.7117744e-02   1.4398173e-01  -3.9266879e-02  -7.9881276e-02   3.3223804e-02   9.3635364e-02   1.7186544e-01   1.6975564e-01   6.5341954e-02   6.9119193e-02   3.0901200e-01  -4.9527935e-02  -8.0419454e-02  -2.5908265e-02   1.6980753e-01  -1.1214970e-01  -2.5873443e-02  -2.2518040e-01   4.4741687e-02  -1.8138078e-02  -7.0039417e-02   6.9084553e-02   3.5311565e-01  -1.5447971e-01   6.6316693e-02  -6.5758245e-02   9.2733919e-02  -1.4290824e-01   2.9012145e-01   2.0646569e-01  -2.3718368e-01  -3.3451109e-01   3.1920731e-01   1.1863390e-01   8.0310416e-02  -2.1725432e-01   2.3835069e-01  -2.5762845e-01   2.0773292e-02  -9.1394424e-02   1.0936016e-01  -2.6668516e-02  -9.1969821e-02   7.1862518e-01  -4.6942148e-03  -1.3922192e-01   2.9984243e-02  -5.6236187e-03  -8.1956081e-02   3.3191053e-01  -3.8982933e-01   1.7175843e-01   5.9508132e-01  -2.0794709e-01  -1.7425181e-02  -7.6628056e-02   5.6591786e-01   6.0665142e-02   1.2235534e-01   3.0069535e-01  -4.7966881e-02  -3.6213705e-01   2.2521991e-01   1.6677880e-01  -2.0866006e-01  -4.7649365e-02  -1.6025336e-02   3.2489270e-01   1.5673902e-01  -9.9494349e-02  -5.3692854e-02  -9.4423495e-02   1.9422993e-01  -2.9357864e-01   5.6546152e-01   3.4381223e-01  -7.1098423e-02   1.1558085e-01  -3.6994174e-02  -2.2982846e-01  -5.8467799e-03  -1.7013913e-01  -3.8281649e-02   1.1024770e-01   8.8523630e-02   7.6440730e-03  -1.8842888e-02   8.6597661e-02   3.2740977e-02   1.5973460e-01   1.6304921e-01   8.9519881e-02   7.6198266e-02   2.7947887e-01   4.6568963e-02  -7.0742206e-02   1.3273737e-01   3.6376767e-01  -3.2635360e-01   9.2354007e-02  -6.4518683e-02   2.8571077e-01   4.0515364e-02  -4.4778982e-02  -3.0738655e-01  -2.8501845e-02  -9.7949101e-02   3.1344059e-02   1.2181738e-01   6.6673438e-02  -1.8101260e-01  -6.7837373e-04   4.7299425e-01  -3.1092775e-01  -1.5493924e-02  -1.8227166e-01   9.3421479e-02  -4.5416127e-02   1.2745040e-01   4.0104083e-01   1.5834420e-01   1.9270337e-01   3.9142009e-02  -6.3936010e-02  -1.7363018e-01   9.0581214e-02   6.0577192e-01   2.7793314e-01  -8.8892295e-02   1.2425991e-01  -3.7302297e-01  -4.2087891e-02   8.4807637e-02   4.5195250e-01  -4.2418730e-02   3.4776669e-01  -7.5675073e-02   3.6484024e-01  -7.3208102e-02   1.6186289e-01   7.5537610e-02   4.7151326e-01  -3.3333536e-02  -2.4932090e-01   6.7198809e-02   1.2508367e-01  -2.7703827e-02   9.2824736e-02  -4.1961157e-01  -1.5111588e-01   1.5430450e-01   3.9656426e-01   7.8681103e-03  -3.5252307e-01   1.1008687e-01  -2.7465865e-01   2.5572481e-01   8.2262505e-04   6.3090452e-02   7.2203982e-02
  -1.8912567e-01  -5.6370726e-01  -1.3344354e-01   0.0000000e+00  -1.2446333e-01   2.8620247e-01  -7.6212970e-02   2.4016494e-01   5.5490924e-01  -5.4067348e-02   5.6112560e-01  -5.8117792e-01   6.0565497e-02   5.1904819e-01   1.2422966e-01  -2.0004014e-01  -2.5532330e-01   4.2565396e-01   4.4117187e-01  -1.9410803e-01   3.1407145e-01   5.9003571e-01   3.8994967e-01  -1.8488914e-01  -3.1520597e-01   3.8468891e-01   4.7231815e-02  -1.0672976e-01  -4.1559363e-01   4.9997633e-01  -6.0662630e-02   5.6095374e-01   1.3399157e-01  -1.7683442e-01   3.5367490e-02   9.9004924e-02  -2.3361832e-01  -2.6176643e-01  -2.6334836e-01  -2.7142857e-01   1.5293728e-02   1.8626670e-01   1.3413891e-01   1.3097555e-01   8.1173929e-02  -1.8830226e-01   5.1395202e-01   2.0672435e-01   6.9390341e-02  -2.1070077e-01   3.6958424e-01   1.9222066e-01  -4.5432834e-01  -3.8702006e-01   1.7680668e-02   3.9275600e-01   5.0947703e-01   6.6682140e-01   5.9456239e-01   4.5371185e-01  -6.7084106e-02   1.3812107e-01   4.0980926e-01  -5.1671403e-03   6.9036092e-03  -1.4866517e-01   1.6057266e-01   1.0858570e-01   6.3975415e-01   1.1103553e-01  -4.1483504e-01   7.4745418e-01  -4.5762603e-01  -5.4800068e-02  -3.2500432e-01   2.1585349e-01  -8.6696817e-02   2.6801001e-01  -3.1821110e-01   1.0490013e-01   5.2405297e-01   4.4234106e-02  -1.8106371e-01   4.1634561e-01  -6.4167804e-01   2.7900112e-01   3.3152394e-01  -3.1832892e-02  -1.9818627e-01  -3.6385827e-01  -1.6840570e-01  -1.1927691e-01  -1.0507639e-01   4.1688356e-01  -3.2431517e-01  -2.7379118e-01   4.2202950e-01   2.4266613e-01   4.2974543e-01   8.8942022e-02  -1.4043990e-01   1.7262125e-01   5.2806957e-01   3.9946957e-01   5.5098055e-01   3.0685980e-01  -3.8388339e-01   3.0042391e-01   1.8700087e-01  -8.0743267e-02  -1.9673554e-01   5.2844401e-01   7.0452621e-01  -3.2732162e-01  -1.7654018e-01  -4.3966271e-01   1.7813859e-01  -3.5359378e-01  -7.4297267e-02   8.6081433e-01  -1.5006258e-01  -3.0941647e-01  -4.5038764e-01  -2.1997403e-02  -1.7061748e-01   4.1532671e-01   2.4593635e-01  -2.7543403e-01   8.3062843e-01  -1.1184159e-01  -1.6616803e-01  -1.2000898e-01  -2.7517761e-01   2.1882724e-02   7.5147135e-01   2.1168022e-01  -3.1920421e-01  -3.1576471e-02   3.0778069e-01  -3.8956286e-01  -3.5234742e-01  -5.4945874e-02   4.7502137e-01  -1.7156253e-01   2.3644811e-01   2.2129557e-01  -4.9664408e-01  -2.9493126e-01   2.3468860e-01  -2.9501867e-01  -1.7475719e-01   4.8548915e-01  -4.5417972e-01  -3.9513021e-01  -3.6241259e-01  -2.6035681e-01  -1.7365955e-01   3.9875525e-01  -1.6638816e-01   6.8580014e-01  -5.9275238e-02   4.0991740e-01  -3.1029247e-01   7.1551909e-01   6.4427544e-01  -3.3291948e-01  -3.0505736e-02  -4.1205443e-01  -3.0559591e-01  -1.5991885e-01  -3.8408968e-01  -3.8732529e-01   4.5723061e-01  -1.1224665e-01   9.8518034e-02  -2.1718678e-01   6.1577638e-01
  -2.2026266e-01   4.5988188e-01  -2.2772200e-01  -1.2446333e-01   0.0000000e+00   5.9510491e-02   1.2221479e-01  -2.9864269e-01  -3.1882193e-01  -3.8337167e-02  -8.6621209e-02   4.2760508e-01   3.3054727e-01  -1.6347095e-01  -1.2678404e-01   1.3570080e-01   3.4942968e-02   1.5029536e-01   3.4175301e-02   6.8747728e-01   2.0687210e-01  -2.5367047e-01  -2.7396817e-02  -1.3289100e-01  -4.8525418e-03  -3.0316388e-01   2.3783505e-01  -4.6154177e-01   1.0552384e-01  -1.4255904e-01  -8.0374787e-02  -1.6453464e-01   1.3816530e-01   1.6301532e-01   1.9440377e-01   5.0733694e-01   2.1736529e-01  -3.5524483e-02   5.6772889e-02   2.3485299e-01   4.1036602e-01   9.7513824e-02  -1.8860538e-01  -2.3038227e-01   3.2465130e-01  -2.6278480e-01   3.7803372e-03   2.1042262e-01   2.2947868e-01   3.0135289e-01   6.3668471e-04  -2.8727922e-01   4.6187125e-01  -1.4684829e-01   1.1883017e-01  -2.3748409e-01  -5.8252820e-02  -3.1109315e-01  -7.5233924e-02  -9.4531906e-02  -3.2058226e-01   1.3605947e-01  -2.0163007e-01  -3.1228904e-01   6.3507870e-02   2.6884379e-01   5.1928399e-02   2.3385092e-01  -3.0117814e-01  -2.5444317e-01   4.1948470e-01  -6.9148932e-02   2.0629008e-01  -3.6971865e-01  -9.6822470e-02  -1.5052669e-01  -1.8854319e-01  -8.2628465e-03   5.7106397e-01  -9.3069569e-02  -3.7586144e-01   1.6066368e-01   1.1632873e-01  -1.9623320e-01   1.4950587e-01  -2.5618618e-01  -2.7594977e-01  -1.8609836e-01  -3.0894528e-01  -2.4803723e-01   3.3847319e-01  -2.8640845e-01   1.0630719e-01  -2.4230828e-01  -1.8662371e-01   3.2414102e-01   1.3883697e-01   5.4292352e-02   2.8294956e-01   1.0573978e-01  -8.8344645e-02  -3.2370191e-01  -1.7915176e-01  -9.8807601e-02  -2.0823861e-01  -1.5414925e-01  -3.3990338e-02  -1.4516137e-01   1.4915863e-01   3.2788432e-01  -9.1147819e-02  -6.0242765e-03  -1.6712351e-01  -3.3048373e-01  -2.6303825e-01   3.6820979e-01  -2.8357194e-01   3.9036436e-01  -1.9402327e-01  -9.7842313e-02  -2.0366920e-01   5.6300394e-01   9.1187940e-02   4.1169757e-02  -2.8821992e-01  -1.2299106e-01  -2.2410828e-03  -3.5985605e-03  -2.2372633e-01   1.2241251e-01   2.3408424e-01   3.1627297e-01   2.0023907e-01   2.2507187e-02  -2.8078402e-01  -2.2294492e-01  -3.0642077e-01  -2.0161684e-01  -2.8422094e-01   3.2498415e-02   3.5189324e-02   2.7943667e-01  -2.3109859e-01  -1.8072887e-01  -2.7610578e-01  -3.5910657e-02   2.2198903e-01   5.5538839e-01   1.2526112e-01   1.9206845e-01  -4.0708630e-01  -2.7825288e-01  -1.8078919e-01   4.2364245e-01   3.1701349e-01  -4.1244085e-02  -3.6493870e-01  -1.9086271e-02  -9.0950424e-02  -7.1944302e-02   7.4154733e-02  -2.8114828e-01   3.5027575e-01  -7.0303657e-02  -2.9676466e-01   4.1734176e-01   2.5183263e-01  -1.3582336e-01  -1.8718759e-01   3.9547193e-01   3.9260359e-01  -1.7771276e-03   1.9258749e-01  -7.5264829e-03  -1.5215742e-02   1.5377685e-02  -2.7535356e-01
   2.3631923e-01  -4.7127106e-01   1.9975916e-01   2.8620247e-01   5.9510491e-02   0.0000000e+00   4.0932896e-01  -3.6202708e-01  -1.3255562e-01   4.5315426e-01   5.4553858e-01  -3.1590596e-01   1.4206732e-02   3.7914796e-01  -1.9590106e-01   2.6632553e-01   1.2059104e-02   5.9412310e-01   2.6246674e-01  -6.8563270e-02   5.8950022e-01   2.5148918e-01   6.2284874e-01  -2.3517112e-03  -1.7835847e-01  -1.4549956e-01   2.4079392e-02   2.3614064e-01  -2.3098724e-01   3.9508914e-01  -3.3593722e-01   1.2327245e-01   9.2992884e-02   2.5152689e-01  -4.3342517e-01   5.2791933e-01  -6.5445318e-02  -3.4912714e-01   1.9503290e-01  -2.4272026e-01   2.1719764e-02   1.9779631e-01  -2.7769801e-01   1.5220260e-01  -2.3060286e-02  -1.9426368e-01   6.5978658e-01   5.6274540e-01  -3.2497254e-01  -1.6895276e-01   5.6317574e-01  -3.7046160e-01  -1.4488137e-01   3.0807935e-02  -1.1834797e-01   3.6609659e-01   6.5785167e-01   1.3909380e-01   2.9207349e-01  -3.2231294e-02   5.7603530e-02   4.7508852e-02  -2.4377974e-01  -4.1258353e-01  -2.0266526e-01   2.0163143e-01   5.3851229e-01  -1.8491310e-01   2.7674717e-01   5.8619660e-01  -4.2312594e-01   5.4107734e-01  -9.8643257e-02   4.1542072e-01  -3.3331508e-01  -3.3813893e-01  -2.3176677e-01  -2.0984287e-01  -4.4765044e-01  -1.0936629e-01   5.1042357e-01   4.8798503e-02  -4.8807858e-03  -1.4886150e-01  -2.2538389e-01  -2.2869012e-01  -3.1159408e-01   1.8283372e-01  -3.8167692e-01  -2.8416707e-01  -6.0319864e-01   6.7883902e-02   5.8416031e-01  -3.1991533e-01  -3.9332968e-01  -4.3301555e-01   1.0403422e-01   9.8839221e-02   6.0140266e-02   5.1606882e-01   9.4899879e-02   1.9821587e-01   1.6871353e-01  -1.6716483e-01   5.8823424e-01  -1.4197007e-01   5.1229187e-02   2.0463358e-01   3.7608816e-01   5.7935087e-01   2.1726739e-01   6.4377810e-01   3.1628336e-01  -3.3418630e-01   3.9810137e-01  -5.3666522e-01  -2.1706010e-01  -2.5110753e-02   5.5416470e-01   3.4706216e-01  -4.3519041e-01  -4.4438809e-01  -5.1519022e-01  -2.4422986e-01  -5.1298693e-01   1.4732889e-01   4.9724985e-01  -2.8303281e-01   1.8854137e-01   4.8457554e-01  -7.5447724e-03   4.3098139e-01  -3.4485496e-01   8.2653438e-03   1.5849437e-01  -3.7629683e-01  -2.4732577e-01   3.8233756e-01  -2.6621997e-01  -1.8322429e-01  -1.2161353e-01  -1.1068756e-01   1.7004098e-01   5.7972907e-01   1.5756645e-01  -1.0907830e-03  -2.8692912e-02  -2.7131552e-01   7.7271966e-01  -1.2029157e-01   1.4229894e-01   6.2685425e-02  -3.4457942e-02  -4.1762484e-01  -3.5499467e-01  -3.7269362e-01  -2.9323040e-01   2.3526505e-01  -1.3618964e-01   4.3700001e-01  -3.6323826e-01   4.3744784e-02  -3.9775784e-03   4.6431697e-01   3.0517303e-01  -3.1338530e-01   8.8175893e-03  -1.4320132e-02   7.3206907e-02   2.0378500e-02  -4.2777992e-01  -3.6266177e-01   4.4035031e-02   7.2836144e-01  -1.8092026e-01  -1.9326298e-01   2.9594629e-01
  -7.0672043e-02   3.4314782e-03  -1.4187315e-02  -7.6212970e-02   1.2221479e-01   4.0932896e-01   0.0000000e+00  -6.8667908e-01  -3.7256171e-01   5.4940211e-01  -7.1420571e-02   2.0247757e-01   3.7371969e-02  -7.2270462e-02  -1.4288149e-01   1.3892017e-01  -1.2465937e-01   2.3341746e-01  -9.6672064e-02   4.1133430e-02   3.4111960e-01  -1.5665013e-01   5.9294549e-01  -2.0445977e-01  -3.1985805e-01  -5.7061642e-01   1.9192274e-01   2.1680705e-02   1.8197994e-01  -8.5891635e-02  -6.0767143e-01  -3.9010837e-01   1.5653929e-01   6.2808478e-01  -3.9652734e-01   3.6525426e-01   2.0785667e-01  -9.8224220e-02   1.6216006e-01  -1.0462765e-01   4.5323008e-03   1.9289673e-01  -2.9114176e-01  -3.5525334e-01   2.5976640e-01  -1.5250793e-01  -8.0802187e-02   6.2480301e-01  -3.5527873e-01  -2.5358482e-01   2.8340907e-01  -6.3812940e-01   2.2747169e-01  -1.9355757e-03  -7.8448539e-02  -1.0221996e-02   1.5859777e-02  -2.6703081e-01   4.6210372e-02  -1.6007137e-01  -1.2319211e-01   4.2029890e-01  -4.5144286e-01  -6.5587588e-01  -1.2748229e-02   5.7509170e-01   2.3558191e-02  -1.9883992e-01  -2.9510409e-01   1.9994479e-01   2.5970561e-01   2.7384925e-01   3.5396917e-02   8.1329612e-02  -2.5871746e-01  -5.9882773e-01  -2.5110936e-01  -4.4813047e-01  -1.6551920e-01  -1.6630335e-01   3.0312519e-01   4.3012426e-02  -1.1798984e-02  -5.2262644e-01  -8.0105651e-02  -4.5343344e-01  -4.1915328e-01  -2.4515949e-01  -4.9278928e-01  -1.4303243e-01  -3.3761117e-01  -2.8194466e-01   3.7247267e-01  -5.1130963e-01  -2.9075765e-01  -1.4035763e-01  -9.0452069e-02  -1.7042200e-01   2.4300997e-02   7.8486258e-01   5.1992505e-02  -8.0183449e-02  -2.6567970e-01  -4.4891057e-01   3.7000029e-01  -5.1910746e-01  -9.2093081e-02  -2.7333948e-01   3.4341256e-01   3.2023903e-01   5.4568874e-01   2.2763027e-01   7.9063492e-02  -3.4578427e-01   4.3354615e-01  -2.0015700e-01  -5.1287576e-01   1.4400086e-03   2.1458861e-01   3.7573421e-02  -4.8976381e-01  -6.7657852e-02  -1.9354551e-01  -5.6555291e-01  -4.3119635e-01  -1.8792722e-01   3.5888150e-01  -2.4273794e-01  -2.5752418e-01   4.1670168e-01   5.0419210e-02   4.8460150e-01  -1.6540918e-01  -1.4898199e-01  -2.0891023e-01  -6.5708337e-01  -3.4100523e-02   2.2850878e-01  -6.0847275e-01  -1.2411770e-01  -2.6830841e-01  -1.3067875e-02  -2.4423600e-01   3.8289460e-01   3.5543614e-01  -1.4403106e-01   6.3427967e-01  -1.3557295e-01   5.3467862e-01   3.3255389e-01  -8.5746924e-02  -3.3285762e-01  -1.7228594e-01  -1.5845849e-01  -2.0785101e-01  -2.3587722e-01  -3.1694747e-01   1.2792450e-01  -1.7822126e-01   1.5230589e-02  -1.2570729e-01  -3.6453695e-01   2.6261619e-01   1.4171062e-01  -2.3124056e-01   5.5218150e-02   2.5216985e-01  -1.4459324e-01  -1.3750636e-01  -3.5413638e-02   7.0912915e-02  -1.4036608e-01   7.3824643e-02   2.3676627e-01  -4.4314931e-01  -5.2228029e-02  -2.2515607e-01
  -4.3791462e-02  -1.4801765e-01   4.4436238e-02   2.4016494e-01  -2.9864269e-01  -3.6202708e-01  -6.8667908e-01   0.0000000e+00   5.6364258e-01  -5.6114055e-01   8.5869827e-02  -2.4962698e-01  -1.3158875e-01   1.9823178e-01   4.1825094e-01  -2.5563004e-01   1.8076778e-01  -1.5584429e-01   2.2143227e-01  -6.6483775e-02  -2.4851219e-01   3.7661627e-01  -3.5730774e-01   1.6455321e-01   2.0054751e-01   8.3977557e-01  -1.8804798e-01   1.4046844e-01  -1.7879196e-01   1.6412984e-01   5.3063528e-01   6.3263314e-01  -1.8087262e-01  -5.0318277e-01   4.6015674e-01  -4.2074244e-01  -3.1283787e-01  -3.1507332e-02  -2.1420476e-01   1.4300967e-01  -3.2322909e-02  -4.1940935e-01   3.8554775e-01   4.4924747e-01  -1.3319099e-01   1.2259700e-01   1.7322724e-02  -4.8253316e-01   2.9886476e-01   2.4391777e-01  -1.3067294e-01   9.4496287e-01  -3.5208576e-01  -3.3078100e-02   1.0570617e-01   2.0178099e-01   3.6700963e-02   4.5464946e-01   2.0122276e-01   3.1072044e-01   1.3871938e-01  -2.7898062e-01   5.3135254e-01   7.5625503e-01   5.1938247e-02  -6.0502223e-01   9.9726513e-02   1.0235355e-01   5.6661988e-01  -1.1099188e-01  -2.8147835e-01  -1.7025110e-01  -4.9719512e-02  -8.6286954e-03   1.3845103e-01   7.9481014e-01   1.2668209e-01   6.0693594e-01   9.9075635e-02   1.6876096e-01   6.6907959e-02  -1.4587903e-02   5.1708272e-02   8.3314427e-01   1.7837878e-03   6.5497647e-01   6.4924054e-01   2.1563100e-01   4.3987458e-01   6.1125855e-02   2.7071417e-01   2.1763857e-01  -3.0918378e-01   6.5573901e-01   9.5497111e-02   2.3584305e-01   1.5019430e-01   4.1595436e-01   1.1357875e-01  -5.1826303e-01   5.3554329e-02   4.3986069e-01   5.3635003e-01   4.6465779e-01  -9.9151242e-02   6.9783512e-01   1.0864876e-02   6.2564025e-01  -3.6870931e-01  -5.2446178e-01  -2.5509155e-01  -2.2655170e-01   5.4939442e-02   2.2616155e-01  -1.8438045e-01   1.2686898e-01   7.3336228e-01  -9.0607431e-02  -1.7746012e-01   1.0229119e-01   4.7318434e-01   3.0781399e-02   1.8004887e-01   5.4831399e-01   4.6098755e-01   2.5265720e-01  -1.6493847e-01   1.4082612e-01   4.3097103e-01  -4.5588703e-01  -5.3115127e-02  -5.0373921e-01  -6.8978464e-02   1.9137159e-02   3.9904341e-01   8.9842241e-01   3.7946942e-02  -1.0979247e-01   8.4971505e-01   7.1002111e-02   2.3418011e-01  -1.2186304e-01   4.1490038e-01  -3.7032466e-01  -1.8545589e-03   3.4308808e-01  -4.4678234e-01  -9.2885037e-03  -5.4691923e-01  -3.2162749e-01   2.0726715e-01   6.0009828e-01   7.8285923e-02  -6.3458239e-02   8.6373969e-02   1.2017686e-01   3.5688917e-01   4.7243276e-02   1.2206046e-01   1.4776769e-01   7.0407424e-03   5.3588823e-01  -4.2357705e-01   8.8565286e-02   3.3126621e-01  -7.0690574e-02  -1.3700957e-01   1.1161971e-01   5.5102445e-02  -4.3189045e-02  -1.6704355e-02  -2.1419141e-02  -5.6857470e-02  -3.1591627e-01   4.6034733e-01   3.7994959e-02   4.5260458e-01
  -1.2599704e-02  -3.2248387e-01  -2.9206211e-02   5.5490924e-01  -3.1882193e-01  -1.3255562e-01  -3.7256171e-01   5.6364258e-01   0.0000000e+00  -1.0126864e-01   2.3828685e-01  -4.4562606e-01  -2.3204447e-01   4.3808398e-01   4.0638517e-01  -4.0706620e-01  -1.8461483e-01  -2.6175979e-02   1.5473797e-01  -3.6523105e-01  -1.1838408e-01   4.9016371e-01  -4.4664982e-02   9.7479548e-02  -6.3728702e-02   5.8851757e-01   1.4749599e-01   5.4916762e-02  -3.3319709e-01   2.7535392e-01   1.6435140e-01   5.4642916e-01   1.0785484e-01  -3.8569318e-01   3.6174432e-01  -2.9365999e-01  -2.5567365e-01   7.9843538e-02  -3.3514007e-01  -1.6739272e-01  -2.2197781e-01  -7.1707457e-02   6.5707093e-01   2.3026455e-01  -1.7687285e-01   1.6326517e-01   1.6627372e-01  -2.0524068e-01   9.8382131e-02  -1.8488159e-01  -7.7968849e-02   5.6049326e-01  -5.0228415e-01  -3.9904011e-01  -8.7079633e-02   2.3699660e-01   1.8034663e-01   6.6586049e-01   1.9053933e-01   6.2818713e-01   1.2015237e-01  -1.0685381e-01   8.1312030e-01   4.2298700e-01  -1.5383156e-01  -3.4858285e-01   1.9821391e-01  -1.1872540e-02   6.3086721e-01  -1.5024037e-02  -3.7648040e-01   3.5234989e-01  -5.4132427e-01   2.6755142e-02  -8.6581404e-02   5.9464444e-01   1.8858281e-01   3.9770632e-01  -2.3994492e-01   1.8424063e-01   2.9515761e-01  -1.0244955e-01  -2.5324927e-01   4.5855494e-01  -4.4644439e-01   6.1568115e-01   6.7107380e-01   8.3618630e-02   3.2268788e-01   1.6706051e-01   2.0016755e-02   4.1555756e-02  -3.2908317e-01   8.1957749e-01   7.8810000e-02  -1.8868271e-01   3.1441294e-01   2.3311438e-01   2.2400187e-01  -3.4872497e-01  -1.9589899e-01   2.1174571e-01   5.3403415e-01   5.7831600e-01   9.5779768e-02   3.9707667e-01  -2.9928110e-01   4.1900886e-01  -2.2441906e-01  -4.7077880e-01  -3.6278263e-01   1.7371021e-01   5.0264756e-01   2.1260353e-01  -2.3324602e-01  -3.3602841e-01   4.3211950e-01  -5.4263867e-01  -1.4689218e-01   4.6080777e-01   3.7867329e-01  -2.2237096e-01  -5.2560475e-02   2.5944209e-02   4.0312819e-01   4.5799497e-01  -1.8551431e-01   1.6445682e-01   6.5148904e-01  -3.5130110e-01  -4.2735863e-01  -4.7617657e-01  -8.8109201e-02  -2.8970913e-01   7.7302957e-01   6.4603668e-01  -1.4993106e-01  -2.0868334e-01   6.7682314e-01  -2.2624169e-01  -9.7155176e-02  -2.1963860e-01   3.6458664e-01  -2.9156175e-01   4.7163589e-03   9.0932967e-02  -4.4878751e-01  -2.2271179e-01  -2.3211939e-01  -4.5518801e-01   6.2106046e-02   5.9088992e-01  -1.6752395e-01  -1.9862338e-01  -1.4940651e-01   9.0105923e-02   2.0818639e-01   3.9057561e-02  -8.5670952e-02   4.0847350e-01  -4.1475307e-02   4.2025394e-01  -4.1628353e-01   2.8193128e-01   4.4193051e-01  -2.4122843e-01  -8.8361405e-02  -1.8316830e-01  -1.5684110e-01  -2.6118264e-01  -2.7361917e-01  -1.2228091e-01   1.3784443e-01  -2.9809484e-01   2.2393375e-01  -1.2851734e-01   4.4094967e-01
   4.9857585e-02  -2.3830355e-01   2.8087737e-01  -5.4067348e-02  -3.8337167e-02   4.5315426e-01   5.4940211e-01  -5.6114055e-01  -1.0126864e-01   0.0000000e+00   1.9305583e-01  -6.1026773e-02   4.1333847e-02  -3.1240603e-04  -1.9837727e-01   7.9418964e-02  -3.5112887e-02   2.5689917e-01  -8.4694275e-02  -9.1578029e-02   2.4335857e-01  -4.9657462e-02   5.0263473e-01  -8.6869533e-02  -1.3064995e-01  -4.1811480e-01   9.9192346e-02   5.9449084e-02   1.3856990e-01  -6.1789310e-02  -4.6787430e-01  -2.3519588e-01   5.8103089e-02   4.4132109e-01  -4.3325543e-01   2.7519375e-01   1.1930751e-01  -9.0388621e-02   4.5942964e-02  -1.7622360e-01  -9.9578842e-02   2.2038958e-01  -5.2025207e-02  -8.5338865e-02   4.9419624e-02  -1.9470121e-01   9.7328742e-02   2.6241078e-01  -4.9078745e-01  -2.5900259e-01   3.6676560e-01  -5.2574383e-01  -3.4194659e-02   7.8450410e-02  -1.6415289e-01   3.5258811e-02   5.8668733e-02  -5.8681706e-02  -6.2270776e-02  -9.1056947e-02   3.0651930e-02   3.5119695e-01  -2.9782105e-01  -4.9316644e-01  -3.4331823e-01   4.7386052e-01   1.0393553e-01  -2.6263245e-01  -1.4882311e-01   2.1424331e-01  -2.2031374e-01   3.3222490e-01  -2.8868466e-02   2.8835148e-01  -2.6210907e-02  -4.3764530e-01  -1.9983382e-01  -2.9710959e-01  -4.2045443e-01  -4.4675080e-03   2.0734139e-01   7.4964422e-02  -1.2627400e-01  -3.9912755e-01  -1.2120267e-01  -2.7400288e-01  -3.8544294e-01  -5.0265998e-02  -3.0869374e-01   5.1001476e-02  -5.2262832e-01  -9.5855286e-02   5.1140218e-01  -3.2139457e-01  -1.6592726e-01  -2.7299466e-01  -1.4145329e-01  -2.1025590e-01  -1.3782575e-01   4.9662197e-01  -1.8638968e-01  -1.5975465e-01  -2.5659848e-01  -1.7931441e-01   3.2707743e-01  -4.0207360e-01  -9.6799065e-02  -2.3798635e-01   2.6716990e-01   4.1360094e-01   3.8424097e-01   2.9137536e-01   1.4264193e-01  -1.5495766e-01   2.2816799e-01  -5.1056197e-01  -3.5385594e-01  -4.9520127e-02   3.3979392e-01   9.7246251e-02  -4.3340325e-01  -2.8018293e-01  -9.8095728e-02  -6.2170559e-01  -4.1537047e-01  -8.8416273e-02   1.3911221e-01  -2.1070780e-01  -8.4493966e-02   3.0097811e-01  -2.7609675e-01   3.5763301e-01  -3.0521321e-01  -1.4430986e-01  -1.0445859e-02  -5.3219380e-01   1.6495826e-01   3.0006808e-02  -4.4437210e-01  -1.7670007e-01  -2.9774732e-01   5.1655327e-02  -1.3276418e-01   4.5783198e-01   1.7867786e-01  -2.8393206e-01   2.7907659e-01  -4.0086897e-01   5.3345713e-01   1.0805872e-01   2.2819757e-02  -2.7008195e-01  -6.4593371e-03  -1.6202485e-01  -1.5869373e-01  -1.9420874e-01  -3.0219260e-01   3.9617139e-02  -1.9295510e-02   8.0562214e-03  -1.0545600e-01  -1.8130180e-01   3.5531301e-01   3.0176056e-02  -6.7634592e-02  -1.3095691e-01   1.0862213e-01  -1.9397470e-01   2.3675816e-01  -6.1977205e-03  -3.6923278e-01  -1.4360437e-01  -1.0956533e-01   3.2298860e-01  -3.1946441e-01  -2.2524922e-01  -1.3463853e-01
  -1.6594219e-02  -6.7720687e-01   5.6826020e-02   5.6112560e-01  -8.6621209e-02   5.4553858e-01  -7.1420571e-02   8.5869827e-02   2.3828685e-01   1.9305583e-01   0.0000000e+00  -5.5506125e-01  -3.5654566e-03   5.7843017e-01  -1.6524814e-01   8.0474800e-02  -1.7881852e-01   7.5559801e-01   4.8985390e-01  -1.5797105e-01   5.5616064e-01   6.5960535e-01   5.7294615e-01  -1.4432414e-02  -3.0922348e-02   3.5222736e-01  -2.5189768e-01   7.6239602e-02  -3.2141821e-01   6.0976025e-01  -7.9873938e-02   6.1270424e-01   1.2193307e-01  -1.4739550e-01  -3.2522513e-01   2.4745281e-01  -3.2372732e-01  -3.2165854e-01   5.8910955e-02  -3.5670476e-01   6.7068984e-02   8.6015520e-03  -2.2770470e-01   5.7752179e-01  -1.4921743e-01  -3.1103742e-01   8.1843797e-01   2.5266723e-01  -2.5046990e-01  -2.6766546e-01   6.4639532e-01   1.0854779e-01  -4.6485483e-01   4.3872846e-03  -4.7361027e-03   7.0863576e-01   6.8918774e-01   5.8998043e-01   5.5700871e-01   7.0785331e-02  -8.0706114e-02   9.0883102e-02   6.5259900e-02  -1.2020873e-01  -2.0863240e-01  -1.9203093e-01   2.1141852e-01  -5.7657766e-02   6.3272420e-01   2.4958782e-01  -6.5595937e-01   6.1729041e-01  -6.4245839e-02   2.4267548e-01  -1.8275200e-01   6.8762401e-02  -2.5074512e-01   3.8866868e-01  -5.1241022e-01   5.9079363e-02   5.3032408e-01   2.0627612e-01   1.8337216e-01   3.2290638e-01  -4.5790111e-01   1.6995123e-01   3.2071837e-02   1.8482128e-01  -6.9467193e-02  -3.4388702e-01  -5.1386403e-01  -4.3022825e-02   3.1221906e-01   8.1457249e-02  -3.5804022e-01  -3.3423443e-01   2.6817779e-01   3.4297600e-01   2.8346278e-01   1.4790943e-01   5.0244383e-02   3.7324583e-01   5.2272893e-01   1.2440710e-01   6.8034593e-01   3.3017793e-01   1.1470341e-02   3.7715808e-01   1.6737737e-01   4.4731968e-01   8.3930079e-02   7.1332576e-01   4.8827672e-01  -2.6667506e-01   2.8396096e-02  -5.1568214e-01   2.6139946e-01  -9.6032027e-02   3.1422447e-01   6.4217902e-01  -2.2827108e-01  -5.5304865e-01  -6.1953648e-01   4.7925189e-03  -2.7930040e-01   1.7411483e-01   4.6882516e-01  -8.0170659e-02   6.2027348e-01  -6.5760096e-02  -7.4751802e-02   3.1705333e-01  -5.4573162e-01   5.7045013e-02   5.2649519e-01  -3.3450051e-02  -1.7341894e-01   1.1899319e-01   9.2589338e-02  -2.1604838e-01  -1.5141831e-01  -6.7653005e-02   6.6087380e-01   1.4678568e-01   2.0765732e-01   3.3020872e-01  -4.8252797e-01  -3.8487197e-01   4.9218641e-01  -3.2302828e-01   5.2184812e-02   3.4858447e-01  -1.2708773e-01  -2.4797131e-01  -5.2545402e-01  -2.0874179e-01  -1.7248494e-01   4.3015738e-01  -5.5611645e-02   6.9466107e-01  -3.0093408e-01   6.6167601e-01  -7.9333220e-02   7.3239734e-01   7.1676305e-01  -3.6433454e-01   3.9482862e-02  -1.1655583e-01   3.5351663e-02   1.0790633e-01  -6.0634268e-01  -4.0417812e-01   6.7573360e-02   3.6846275e-01   9.2373294e-02  -3.9199372e-01   7.0582506e-01
  -2.3897622e-01   7.6410660e-01  -1.4761224e-01  -5.8117792e-01   4.2760508e-01  -3.1590596e-01   2.0247757e-01  -2.4962698e-01  -4.4562606e-01  -6.1026773e-02  -5.5506125e-01   0.0000000e+00   9.4452376e-02  -7.0170901e-01   2.9945930e-02   1.6359853e-01   1.6394492e-01  -4.1937453e-01  -2.7041680e-01   4.6054736e-01  -3.5587952e-01  -6.1023090e-01  -3.6987351e-01  -5.7214262e-02  -8.8330994e-02  -3.3967943e-01   2.8864876e-01  -2.5522261e-01   3.2285237e-01  -5.9834826e-01  -9.6154505e-02  -4.4763792e-01   6.3157476e-02   5.1703968e-01   2.1241555e-01   8.8215255e-02   4.0038410e-01   7.7176945e-02   2.1967153e-01   4.3759454e-01   2.5620039e-01  -2.0588543e-01  -3.6833653e-02  -3.7248272e-01   2.3913368e-01   2.9954980e-02  -5.4105397e-01  -2.0709618e-01   1.4045789e-01   5.1975703e-01  -3.5649939e-01  -2.3780343e-01   7.3359233e-01   5.0925458e-02   1.4947281e-01  -4.8450392e-01  -3.7124461e-01  -5.4078400e-01  -3.1313627e-01  -2.5747890e-01  -2.5047358e-01   1.5974037e-01  -3.7769976e-01  -1.1753916e-01   1.4798199e-01   4.9709313e-01  -2.0380305e-01   1.0539836e-01  -5.2418969e-01  -3.8836139e-01   6.8273997e-01  -5.4469482e-01   3.4920566e-01  -3.4212922e-01   4.8542609e-02  -1.8064765e-01  -1.7836934e-01  -1.8148879e-01   6.4836287e-01  -1.2530982e-01  -5.7812746e-01   5.6396351e-02   1.4834625e-01  -2.4716779e-01   5.0677700e-01  -2.8039008e-01  -4.3900895e-01  -1.1485901e-01  -7.0271467e-02   3.9094620e-02   4.8251907e-01  -1.1025539e-01   9.5485392e-03  -3.0696780e-01   6.8706144e-02   4.6711417e-01  -1.0025937e-01  -7.1453122e-03  -1.2443123e-01   1.9863682e-01  -1.3759658e-01  -1.8026453e-01  -5.1247121e-01  -3.3832034e-01  -3.7336406e-01  -2.2541673e-01   9.8049899e-02  -1.7980374e-01  -1.3385444e-01   5.9978255e-02   2.1123173e-01  -4.3825174e-01  -6.0178742e-01   1.3168164e-01  -1.0006611e-01   6.8245094e-01  -2.0494976e-01   3.6159101e-01  -3.1345661e-01  -5.5749741e-01   2.6091622e-02   6.4777141e-01   6.0049522e-01  -1.1377928e-01  -6.3732002e-02  -4.3695216e-01  -2.4918060e-01   1.7043194e-01  -5.9667950e-01   2.5523425e-02   3.0451562e-01   1.6298823e-01   3.3700913e-01   1.0895260e-01  -5.1605265e-01  -1.8441026e-01   3.3078516e-02  -2.0628605e-01  -3.0067114e-01   2.5215326e-01   1.1454284e-01   1.3451001e-01  -3.6143723e-01  -9.7938696e-02  -2.4072483e-01  -2.7552648e-01   7.3790870e-01   5.7694305e-01  -1.2233828e-01   4.6705608e-01  -3.0241757e-01  -4.9567631e-01   5.7488243e-02   3.4726053e-01   5.0949939e-01   2.5185305e-01  -1.8562951e-01  -1.7776084e-01   2.4776918e-02  -5.1057229e-01   1.8859660e-01  -4.2157766e-01   3.3733743e-01  -5.9467361e-01  -4.5382560e-01   6.7274653e-01   2.5039535e-01   9.8740955e-02   5.0348123e-02   2.9454806e-01   8.0089077e-01   1.5316717e-01  -2.3324710e-01  -3.8117198e-02  -8.4250042e-02   1.4552400e-01  -4.4556769e-01
  -3.2369482e-01   8.4335076e-02  -6.1065583e-03   6.0565497e-02   3.3054727e-01   1.4206732e-02   3.7371969e-02  -1.3158875e-01  -2.3204447e-01   4.1333847e-02  -3.5654566e-03   9.4452376e-02   0.0000000e+00  -2.8555842e-01  -2.4553671e-01   3.9626560e-01   1.4138208e-01   1.8990729e-01   1.1327567e-01   3.3339004e-01   1.0561811e-01  -1.3817250e-01   1.4239953e-02  -1.3665589e-01   2.9806558e-02  -1.5525956e-01  -2.8967541e-01  -4.8129379e-01   3.2186430e-02  -2.6885303e-01  -9.0954170e-02   4.1551107e-03   3.9329173e-02   1.0659750e-01  -1.3662426e-01   4.9018097e-01   2.5195589e-01  -1.0009920e-01   2.2886068e-01   1.6408228e-02   7.7236695e-01   4.4954019e-01  -2.8751980e-01  -3.5999651e-01   3.0686936e-01  -2.2691245e-01   1.7132548e-01   1.2054048e-02   2.5187919e-01   2.4660973e-01   2.2557686e-01  -1.7208934e-01   1.9841319e-01  -7.6333902e-02   2.7544178e-02  -3.6524233e-01  -1.3585638e-01  -1.4777775e-01   2.6762768e-01  -1.4506965e-01  -9.5536898e-02   3.6459044e-01  -2.8722530e-01  -1.5549632e-01   1.8035638e-01  -8.6982225e-03  -1.1376229e-01  -1.2126274e-01  -7.1204652e-02  -2.9705359e-01   1.2817198e-01  -5.3970560e-02   2.4896131e-01  -1.9353226e-01   8.7159418e-02  -2.9970208e-01  -7.0072515e-02  -2.3108766e-01   3.3061524e-01   3.7696232e-02  -3.7074399e-01  -2.8938867e-02  -1.1370323e-01  -9.4496363e-03   5.0136942e-02  -3.9370434e-01  -2.8573451e-01  -2.9398133e-01  -4.1268194e-01  -1.6630550e-01   9.7729453e-02  -3.9857179e-02   1.7311172e-01  -1.5336509e-01  -1.8320099e-01   3.6849134e-01  -1.7015531e-02  -1.4226563e-02  -1.1193618e-01   1.6560500e-01  -2.1204672e-01  -3.5837080e-01  -3.4914332e-01   8.0842468e-02   6.2888694e-02  -1.1632457e-01  -8.8877532e-02  -1.3679986e-01   5.7187586e-01   2.8365627e-01  -8.0826483e-02  -1.8593068e-01  -3.1933834e-01  -2.5241514e-01  -3.0110381e-01   7.8229298e-02  -1.9899261e-01   5.4827800e-01  -2.8933059e-01   1.7378734e-01  -2.2281462e-01   2.0914712e-01  -2.0814820e-02   2.1168627e-02  -1.4721257e-01  -3.0094135e-01  -4.6199316e-03  -1.1889787e-01   1.7163665e-02  -8.4483078e-02   5.0445456e-01   2.5637873e-01  -1.4486867e-02   1.4993425e-01  -2.0865749e-01  -1.6642608e-01   1.0947413e-01  -2.7707131e-01  -2.1055611e-01  -7.3919182e-03  -1.9150050e-01   6.5916232e-01  -2.0786616e-01  -1.8240548e-01  -1.6832318e-01  -1.7012640e-01   4.5091088e-02   2.0421013e-01   1.6188592e-01   1.8799890e-01  -4.5130279e-01  -3.2786627e-01  -1.6551533e-01   5.1459064e-02   1.4825801e-01   7.3958169e-02  -2.9082635e-01   3.7245141e-01   1.3675960e-01  -1.6853162e-01  -2.5109390e-01  -1.5725760e-01   1.9050090e-01   1.3698368e-01   1.1918933e-02   1.8797304e-02  -5.0513928e-02  -2.1352261e-01  -5.9453149e-02   3.2871085e-01   1.1487864e-01   1.4722093e-03  -6.8046783e-02  -1.3658488e-01  -2.1056502e-01   1.9201715e-01  -8.1621574e-02
   1.9283921e-01  -6.1660644e-01  -7.3519203e-02   5.1904819e-01  -1.6347095e-01   3.7914796e-01  -7.2270462e-02   1.9823178e-01   4.3808398e-01  -3.1240603e-04   5.7843017e-01  -7.0170901e-01  -2.8555842e-01   0.0000000e+00  -1.0974694e-02  -2.9114817e-01  -3.4688155e-01   4.3424807e-01   2.7164524e-01  -3.2466237e-01   4.3687239e-01   6.9415457e-01   4.2648899e-01   1.3530717e-01  -9.9825013e-02   4.0282174e-01   1.3655277e-03   2.5093289e-01  -3.9692819e-01   8.1605431e-01   1.3295385e-01   4.5845386e-01  -3.2083239e-02  -4.5561011e-01  -1.2843623e-01  -6.4275070e-02  -4.7376989e-01  -6.8547053e-02  -2.8983438e-01  -2.4180865e-01  -2.9826014e-01  -3.6102295e-02   1.3612537e-01   4.4335339e-01  -2.5946100e-01  -8.9102863e-02   4.4584319e-01   3.9779952e-01  -1.6596681e-01  -4.7376788e-01   2.5764344e-01   2.1680467e-01  -5.7167283e-01  -7.8048369e-02   1.2005301e-01   5.8810118e-01   5.2618018e-01   5.8330577e-01   2.9351456e-01   2.6862614e-01   4.8233795e-02  -1.7595433e-01   3.7486464e-01   1.1862213e-01  -5.7877405e-02  -3.6618603e-01   3.6452881e-01   2.7558700e-02   5.3080926e-01   2.8999546e-01  -4.7896939e-01   5.9797935e-01  -3.3942641e-01   2.8391726e-01  -2.8643485e-01   2.7366895e-01   9.6881726e-02   2.7458167e-01  -5.3282831e-01   9.8677462e-02   6.5116890e-01   1.4609712e-01   4.1555464e-02   3.3361816e-01  -5.1185536e-01   3.4616362e-01   4.7965188e-01   3.0805479e-01   5.7944491e-02  -1.1682102e-01  -3.4307284e-01  -6.5112199e-02  -1.8771015e-02   2.7426215e-01  -1.1828878e-01  -4.5893829e-01   3.8451880e-01   1.4129453e-01   4.2261787e-01  -5.6484844e-02   2.5479981e-01   3.3750169e-01   6.3169846e-01   2.8154594e-01   3.7779798e-01   3.4123325e-01  -2.0790687e-01   2.6355556e-01  -2.5634353e-02  -5.8815960e-02  -8.1886922e-02   5.6653990e-01   7.3103447e-01  -1.3545251e-01   1.5787195e-01  -4.8984934e-01   2.0591863e-01  -3.6534528e-01   3.8540894e-01   4.7601904e-01   6.9166339e-02  -4.9341427e-01  -5.8207325e-01   2.1757201e-01   5.8605632e-02   6.1415786e-01   3.4453467e-01   1.0876013e-03   5.5907431e-01  -1.0091608e-01  -4.4578031e-01  -8.9560249e-02  -2.1366591e-01  -9.1586979e-02   5.3040916e-01   1.9830553e-01  -2.4867529e-01   3.6313021e-01   2.6313744e-01  -3.0100235e-01   2.4445394e-02  -3.1895750e-01   3.2605062e-01   3.6777585e-02   2.6557828e-01   4.6468529e-01  -5.5889647e-01  -4.1499785e-01   1.7308288e-01  -4.4389450e-01   2.5537091e-01   6.1405585e-01  -1.3472090e-01  -2.3009063e-01  -5.0032415e-01  -1.9999720e-01   1.5966749e-01   3.7223165e-02  -1.8069878e-01   6.3169962e-01  -1.2667606e-01   4.1584866e-01  -3.4652811e-01   5.8714190e-01   4.8734628e-01  -4.4285801e-01  -1.1896466e-02  -5.7658283e-03  -1.0883531e-01  -1.8698017e-01  -5.7983753e-01  -2.1435559e-01   3.3647991e-01   8.6172876e-02   1.9428625e-01  -2.8677838e-01   4.9941883e-01
