   0.0000000e+00   2.9221900e-01   4.7641185e-01   4.2204280e-01   2.3462521e-02  -3.2890795e-02  -2.0694043e-01   3.0384784e-01   7.9746618e-01  -2.5605558e-01  -4.3297322e-01   5.3212864e-01  -4.1393614e-01   4.5409717e-01   3.8699330e-02  -2.6500529e-01   3.5614277e-01   2.9623946e-01  -2.0103087e-02   1.9094271e-01  -4.8711491e-02   4.4885661e-01  -1.7196038e-01  -1.8777578e-01  -7.0477669e-02  -3.9776464e-02  -3.5118101e-01   9.7165058e-02   1.3494529e-01   3.8525692e-01  -4.6740230e-03   2.7028056e-01   5.5225213e-01  -2.3083319e-01   2.2436661e-01  -1.9297579e-01  -1.9524122e-01   5.3063321e-02  -2.9148365e-01  -2.0578806e-01   1.7626038e-02   3.0988433e-01   5.0767983e-01   2.8054395e-02   5.2680122e-01   3.1750207e-01  -2.0392246e-01   1.1692569e-01   3.8641788e-01   3.9748719e-01   5.2808542e-01   2.2181347e-01   4.5271821e-02   1.5872202e-01   6.8552815e-01  -2.9870211e-01   2.7885956e-01   3.5181090e-01   1.2188522e-01   6.0717872e-01   5.9132046e-01   6.7449294e-02   4.9033828e-01  -5.0594373e-02   5.0789247e-01  -9.6660484e-02  -5.0809001e-03  -5.2196016e-03   2.8156307e-02   2.8808512e-01   6.2681517e-02   3.7124388e-01  -2.8122095e-01   4.0454899e-01   3.6010065e-01   5.5855771e-02   5.3578420e-01  -4.2635910e-01  -1.7868809e-01  -1.0980034e-01  -5.5666696e-02  -2.5604173e-01  -1.0230150e-01   6.7244825e-02   5.3332280e-01   7.2573909e-02  -5.2581746e-01   1.7888737e-01   3.9467270e-01   3.4269852e-01  -1.6136209e-01   6.8728373e-01  -4.9391562e-02   5.7333857e-01   2.5960727e-01  -2.0640865e-01   1.5050419e-01  -5.0457406e-02   2.2331099e-02  -1.7967578e-01   2.1906787e-01  -1.2365956e-01   1.8173845e-01   7.9467522e-01   4.0642687e-01   6.1824132e-01   4.6403475e-01   3.7322113e-01  -4.8894865e-01  -1.9059321e-01  -1.8509982e-01   2.9889272e-01   3.2390582e-01   8.4216531e-01  -2.1428602e-03  -2.3092423e-01  -3.4339133e-01  -1.4031156e-01  -1.0213898e-01   3.5630255e-01   3.6414937e-01  -3.4830984e-01   1.0240169e-01   4.6582314e-01   5.4027150e-01   6.3566746e-01   3.7646446e-01   1.1468176e-01   6.5193270e-01   1.8496113e-01  -2.2204626e-01  -2.6320760e-01   6.5396783e-01  -2.6216187e-01   3.8517958e-01   2.6563093e-01  -2.1997513e-01   1.0972417e-01  -1.4683696e-01   2.4779704e-01   8.1540706e-02  -7.8049088e-02  -2.5354540e-01  -2.5590785e-02  -2.2467396e-01   1.0440634e-01   6.5759808e-02  -2.4800486e-01  -1.3557395e-01   1.5532647e-01   2.0497372e-01   1.4674963e-01   4.0017404e-01  -5.1539328e-01   2.8454382e-01   1.6908229e-02   3.6215481e-01  -1.6006781e-01   7.0906964e-01  -7.7652240e-02   2.8367021e-01  -3.6644560e-01   3.2298262e-01   1.6815132e-01   4.6949239e-01   5.5945401e-02  -4.3484789e-01   2.2951178e-01   3.8394224e-01   1.4169505e-01  -3.5678569e-01  -1.3114406e-01   3.4200491e-01   1.0564340e-01   1.1076962e-01   1.3210341e-01   3.8225583e-01
   2.9221900e-01   0.0000000e+00   4.5470956e-01   3.0676039e-01   5.2064770e-01   3.6862500e-01   3.0594609e-01   1.3946845e-01   4.7736343e-01   2.7778511e-01   3.4971765e-02   4.6868778e-01  -2.2775500e-01   2.9129084e-02   1.2118895e-01   1.7228020e-01   4.7511708e-01   4.2535621e-01   3.1469907e-01   4.6713948e-01  -1.3139636e-01   8.8768479e-02  -1.5038684e-01  -2.1146772e-01   1.7088914e-01   4.6950193e-02   1.8653595e-01   8.9966789e-02   1.8183476e-01   6.5420073e-01   1.7574106e-01   1.6399303e-01   2.4343982e-01   1.8115355e-01   1.5127416e-01   2.4546481e-01  -2.5345703e-02  -1.1062041e-01   1.7537100e-01   5.3262902e-01  -8.8922368e-03   3.3099659e-01   4.8652549e-01   2.2598396e-01   4.8083132e-01   3.1551827e-01   2.0527223e-01   5.8480523e-01   6.7084846e-02   4.5178651e-01   1.6701488e-01   1.8034535e-01   5.2384170e-01   1.5057293e-01   2.0186975e-01  -5.4120840e-02   4.9244792e-02   1.2292739e-01   2.0130771e-01   6.2002325e-01   4.5782397e-01   2.3876600e-01   3.6042922e-01   2.1021231e-01   4.7913064e-01   2.4546477e-01   5.2135036e-01   7.0255594e-02   1.4133493e-01   3.2277976e-01   5.9676717e-01   2.0648305e-01   1.1993575e-01   6.6790732e-02   3.8517948e-01   1.9426486e-01   3.3909653e-01   2.8794733e-02   4.6591000e-01   2.4323946e-01  -6.2512608e-02  -1.4614962e-01   1.3534864e-01   6.0925337e-02   2.3363226e-01   2.0903429e-01   1.7850929e-01  -2.1483695e-01   3.6030321e-01   4.6972459e-02   1.7269820e-01   3.8036023e-01   2.4182290e-01   5.2999588e-01  -9.0122433e-02   4.7532292e-01   2.7019597e-01   2.1638115e-01   4.0741803e-01  -1.3949685e-01   2.5847018e-01   1.7297355e-01  -8.0496892e-02   3.9540159e-01   2.8938120e-01   2.5007062e-01   2.3941402e-01   2.5746595e-01   9.3893095e-02   5.0778259e-02   2.8514829e-01   3.4764154e-02   2.5899384e-01   2.4032273e-01   1.5996001e-02   5.2745260e-01  -4.2810122e-03   7.0760476e-03   1.5174797e-01   2.9292900e-01  -7.6576543e-02   2.6890475e-01   1.6820652e-01   5.8849203e-01   2.6599339e-01   1.6746502e-01   3.2009687e-01   3.1510767e-01   1.9996008e-01   2.5575247e-01  -1.0524962e-02   3.3324607e-01   3.5799274e-01   1.6339474e-01   3.8300896e-01   1.9825434e-01   8.8368007e-02   1.0661997e-01   2.3001876e-01  -9.5159911e-02  -9.1292480e-02   1.2636460e-01  -5.3566746e-03   2.3686549e-01   1.8835301e-01   3.8211969e-02   2.7874940e-01   1.1792001e-01  -3.8050919e-02   2.7424197e-03   9.3709077e-02  -4.8031355e-02   1.5941161e-01   1.1767295e-01   6.5717878e-01  -1.1543350e-01   2.2430881e-02   5.0541538e-02   4.6383421e-01  -2.7267513e-02   1.8420030e-01  -1.5228480e-01   5.2170675e-01   2.3481135e-01   4.0238146e-01   5.3101359e-01   2.0370341e-01   2.6993524e-01   2.7296577e-02   2.0304188e-01   1.5686846e-01  -4.9140196e-01   2.5065028e-01   2.9364625e-01   2.2383432e-01   2.0235892e-02   2.5264918e-01
   4.7641185e-01   4.5470956e-01   0.0000000e+00   2.4296071e-01   3.0252571e-01   3.4247898e-01   1.0071724e-01   4.1177491e-01   5.0233021e-01   2.0914740e-01  -1.8377176e-01   7.1248464e-01  -2.6178036e-01   1.8915378e-01   2.8002740e-01  -2.4653838e-01   8.6557152e-01   1.7607585e-01   4.2800087e-01   3.6029625e-01  -6.9721205e-02   7.2372165e-02  -2.3801833e-01  -2.8642256e-01  -5.4493671e-02   3.0434346e-01  -2.3695007e-01   5.1715838e-01  -2.9729644e-02   2.8878567e-01   3.7581801e-02   1.7786549e-01   4.4221456e-02   3.4046613e-02  -2.9989743e-02  -1.7249874e-01  -2.5921875e-02  -2.2091193e-01  -3.1823360e-01   5.3798910e-02  -6.1535206e-02   1.2428479e-01   3.9922290e-01   3.3585688e-01   2.9156667e-01   5.7237749e-01   8.9947604e-03   1.2697038e-01   9.5795355e-02   3.8802951e-01   2.1031269e-01   5.3767271e-01  -6.8568910e-02   1.1717185e-01   3.4712746e-01   1.5206715e-01   5.2739741e-01   4.0069798e-01   9.6986842e-02   6.2480392e-01   4.8114506e-01   1.0235797e-01   3.6793199e-01   1.4673601e-01   2.3630624e-01  -6.0728376e-02   3.3815139e-01   2.4384072e-01   2.4088930e-01   7.9744272e-01   3.7949603e-01   9.9299182e-02  -8.2969431e-02   6.5346526e-01   1.5296738e-01   2.2245681e-01   4.8902258e-01   1.2383104e-02  -7.6443094e-02  -2.7611584e-01   2.7432865e-01  -2.7670557e-01   2.3947327e-01   3.1885758e-01   5.9013571e-01   2.2887454e-01  -1.8502887e-01  -1.1629206e-01   4.6016065e-01   4.5072404e-01  -1.2833552e-01   5.9566075e-01   2.7084250e-01   4.0930750e-01   9.0084567e-02   7.3506642e-02  -2.1061957e-01   3.1762304e-01  -7.7049082e-04  -2.2321618e-01   5.9178747e-01   3.1808569e-01   2.5989785e-01   4.8399374e-01   2.2803561e-01   3.3639800e-01   1.9988608e-01   4.7929507e-01  -1.4133601e-01  -4.5248690e-03   2.8640966e-01   1.6900283e-01  -1.0706795e-03   4.8309325e-01   4.4103376e-01  -9.3450226e-02   1.6829510e-01   1.2069610e-01   2.8182195e-01   1.8579302e-01   2.2192380e-01  -4.8946822e-02   1.9838606e-01   4.2940854e-01   6.9405897e-01   4.2038953e-01   3.5258925e-01   7.2612203e-02   4.1373576e-01   5.2752706e-01  -3.8886140e-01  -1.0387498e-01   4.6568902e-01  -1.8326949e-01   5.6465815e-01   3.9041337e-01  -2.6550657e-01   2.5183513e-01   3.0946337e-01   2.3105566e-01  -4.6075601e-02   8.6551621e-02   2.6989409e-01   4.2417565e-01   9.0145540e-02   3.2788496e-01   4.1199453e-01  -3.5940976e-01   1.4780589e-01  -7.4733901e-02   5.9547798e-01   2.3010471e-01   4.0613778e-01  -2.1950057e-02   5.9734428e-01  -1.5477145e-01   2.6596029e-01  -1.3863404e-01   4.8939847e-01   2.1072285e-01   1.8450105e-01  -4.0065047e-02   3.5844492e-01   2.1439468e-01   4.0569021e-01   1.9888598e-01   7.4724474e-02   4.8155414e-01   2.1271805e-01   2.2602048e-01  -2.4503653e-01  -4.3380917e-01   2.9117232e-02   4.4688864e-01   8.5739858e-02  -1.3382909e-01   3.0756658e-01
   4.2204280e-01   3.0676039e-01   2.4296071e-01   0.0000000e+00   2.6789133e-01  -1.8028410e-01   1.1495117e-01   3.3472106e-04   5.2329114e-01  -1.5875370e-01   4.3327266e-02   1.2918996e-02  -2.1704530e-01   3.1602740e-01   9.0283672e-02   4.7117321e-01   1.5811928e-01   6.8163166e-01   4.8570125e-02   4.6550535e-01   1.8640580e-01   4.3344934e-01  -7.3501901e-02  -4.4933804e-01   2.0458142e-01  -1.8997371e-01   2.4159309e-01  -1.6870698e-01   1.3114366e-01   5.8171081e-01   2.2156330e-01   6.1848697e-01   6.0686381e-01   2.9831412e-03   3.4494310e-01   2.1353936e-01  -2.4521902e-01  -4.7706886e-02   3.8593054e-01   1.1130749e-01   1.6096604e-01   5.8837359e-01   4.2716757e-01   9.0199615e-02   5.8052731e-01   4.4167455e-02   3.3797185e-01   3.5694349e-01   2.1313406e-01   2.9514103e-01   5.8120533e-01  -1.4744207e-01   5.2454746e-02   1.1162605e-01   6.1972954e-01  -6.1410307e-02  -1.1407506e-01   4.4388303e-01   6.5605442e-01   3.1712118e-01   4.4336256e-01   3.3482383e-01   5.4424923e-01  -9.7161766e-03   5.9889632e-01   3.3827815e-02   5.6969248e-02  -1.5741139e-02   1.5314154e-01  -4.2785271e-02   3.2628649e-01   7.3516400e-01   1.5731895e-01  -1.1594036e-01   3.7266897e-01   4.2911221e-01   3.7845739e-01  -3.2550654e-01   6.5840485e-03   1.7515537e-01  -4.4305105e-02   2.5684672e-02  -7.3298461e-02  -2.9655987e-01  -4.4185162e-02   3.8298311e-01   5.8282494e-02  -3.9301339e-01   4.0140464e-01   9.7389085e-03   1.0428560e-01   3.4385750e-01  -2.3868654e-01   6.0818649e-01  -7.1694152e-02   1.2554288e-01   2.9890696e-01  -3.6041915e-01   4.6823626e-01   2.5390524e-02   1.9584490e-02   4.9896120e-02   2.1654096e-01   6.5703998e-01   5.6670064e-01   6.5377054e-01   4.7742626e-01   1.7046517e-01  -1.1181861e-01   4.5859120e-03   6.8447422e-03   4.4848796e-01   7.3025407e-01   3.2547370e-01  -2.6994040e-01  -1.1033358e-01  -2.9171984e-01   2.4571836e-01  -1.3294522e-01   8.5978817e-01   1.8276778e-02  -8.6644161e-02  -5.7870281e-02   6.1858635e-01   1.9695419e-01   7.6843355e-02   2.8111940e-01   1.6281481e-01   6.8035326e-01  -8.7788856e-02   1.0602249e-01   1.0871597e-01   3.1523262e-01   3.9878296e-02   4.9533121e-01   4.0828681e-01   1.1676291e-01   2.6923053e-01   1.4964161e-01  -1.1296226e-01  -4.0432739e-01   9.0176234e-02  -2.5189678e-01  -2.4171881e-02  -1.5117520e-02   4.7127423e-01  -2.4842351e-02   6.3471111e-02  -1.8432607e-02   5.2102513e-01  -1.7641872e-01   8.2114282e-02   1.0969885e-01  -1.7956081e-01  -1.1591893e-02  -4.5571373e-01   2.8632173e-01   3.6160459e-01   4.9774999e-01  -1.0807135e-01   9.2957570e-02  -2.3407714e-01   1.1020481e-01   7.7296842e-01   5.4184350e-01   6.3996090e-02  -1.6413166e-01   5.7889179e-03  -1.8716486e-01   1.3205116e-02  -1.1876860e-01  -4.0637994e-01   7.0561896e-01  -2.5010365e-01  -7.1974924e-02   3.6301473e-01   7.3100837e-01
   2.3462521e-02   5.2064770e-01   3.0252571e-01   2.6789133e-01   0.0000000e+00   3.7769940e-01   4.9129142e-01   2.4078668e-01   2.9006163e-01   2.3294670e-01   3.3684906e-01   2.5482922e-01   1.7768617e-01  -1.5605838e-01   1.4741488e-02   2.7890177e-01   2.2495852e-01   5.2138570e-01   3.5371153e-01   7.4646399e-01   1.0623040e-01  -1.6696895e-02  -4.4853465e-02  -4.9402172e-01   1.2625775e-01   6.5220727e-02   3.7618987e-01   8.6875567e-03   2.0396143e-01   4.8480761e-01   2.6734105e-01   3.1327823e-01   2.3141952e-01   3.4303386e-01   2.7612799e-01   6.4147279e-01   6.6786989e-02  -5.4959915e-01   2.5780174e-01   5.0610521e-01   3.8504689e-01   3.2472707e-01   3.9611381e-01   3.2925690e-01   4.4758394e-01  -1.0690602e-01   5.8876791e-01   5.3590305e-01   1.6370028e-01   1.7259554e-01   4.1183226e-01   2.8956661e-02   4.3631576e-01   2.2635310e-01   1.9766850e-01   1.5950782e-01   1.0538348e-01   1.0062953e-01   4.2167492e-01   3.2654693e-01   1.5453212e-01   4.0979924e-01   3.4309275e-01   9.0377559e-02   5.3298066e-01   2.8388872e-01   5.2091384e-01  -6.2962192e-02   2.2620023e-01   1.5034627e-01   3.5639324e-01   2.8609609e-01   3.2937801e-01  -1.3031077e-01   2.1324040e-01   3.4095622e-01   1.5277575e-01   1.5220613e-01   4.9238619e-01   8.0229619e-02   7.9141225e-02   1.6129141e-02   3.0637805e-01   1.5127413e-02  -1.4885181e-01   1.5837157e-01   3.8655301e-01  -3.6994725e-01   2.6843353e-01  -1.8267417e-01   4.3898954e-01   1.8849249e-01   3.3725571e-01   4.0368571e-01  -4.9393382e-01   5.4170977e-01   1.3093871e-02   2.3941492e-01   5.3016101e-01   1.7570404e-02   7.3812258e-03   2.1611326e-01   1.3870808e-01   2.5354193e-01   3.0367933e-01   2.3364495e-01  -7.9300055e-02   2.6945972e-01   1.2611917e-01   2.8437314e-01   4.8373929e-01   1.1559879e-01   1.2169162e-01  -5.2940851e-02  -6.0664230e-02   4.8219342e-01   1.3675058e-01   4.2643998e-01   1.0195073e-01   3.1857788e-01  -2.2015436e-01   4.8117624e-01   1.0310969e-01   5.8947621e-01   4.3490115e-02  -1.3128712e-01   3.3238437e-01   6.1648672e-02   2.0396490e-01  -6.0028842e-02   5.5062582e-02   5.9598832e-01   1.6888210e-02   1.0385646e-01   2.3389305e-01   1.7729289e-01  -1.4999919e-03   1.7013449e-01   2.7388215e-01  -4.0843732e-01  -4.1090775e-01   3.2999735e-01   1.7968171e-01   2.8896833e-01   1.9216689e-01   1.7258661e-01   2.2538555e-01   1.5830266e-01   9.7356446e-02   2.8256824e-01  -1.2259498e-01   1.8218474e-01   5.0599126e-02   2.7530464e-01   4.5120108e-01  -3.3325410e-01  -1.6856870e-01   3.0489372e-01   3.0288443e-01   5.2213496e-02  -1.9332783e-04   2.9086779e-01   5.9467104e-01   2.7486402e-01   3.4092132e-01   4.8333599e-01   3.0542437e-01   1.0201954e-01  -2.3716633e-01   3.3972159e-01   2.9098843e-01  -6.9521270e-01   2.9930061e-01   2.2446678e-01   2.6553609e-01  -1.7374735e-01   2.3649400e-01
  -3.2890795e-02   3.6862500e-01   3.4247898e-01  -1.8028410e-01   3.7769940e-01   0.0000000e+00   3.7975194e-01   3.3733228e-01  -6.5894140e-03   2.9257492e-01   2.9047540e-01   3.1493298e-01  -2.5709079e-02  -5.1572864e-02   2.6784191e-01  -4.2234943e-02   3.7569547e-01   4.8782218e-02   5.4037317e-01   1.9352895e-01   1.4860929e-01  -3.1972386e-02   2.0644713e-01  -2.2610960e-01  -2.6249882e-03   4.9066262e-01   2.7082535e-01   3.2210999e-01  -8.0486212e-02   2.1047606e-01   3.1662740e-01  -6.8239562e-02  -1.3616796e-01   5.1008511e-01  -5.7141777e-02   3.1358808e-01   2.4918076e-01  -3.2014101e-01  -5.1124943e-02   5.7228534e-01   4.0898587e-02  -9.0205196e-02   1.3037436e-01   5.7429860e-01   6.5412786e-02  -1.3823605e-01   3.5426067e-01   2.8965166e-01   3.0341484e-02   2.9249192e-01   1.7772724e-02   4.0655716e-01   3.5093957e-01   7.9306212e-02  -6.2564090e-02   3.1482724e-01   3.8797052e-01  -1.3211650e-01  -2.2130159e-03   3.6773392e-01   4.8072978e-02  -2.4449766e-02   1.6966711e-01   2.8454633e-01  -3.7985827e-02   2.9139420e-01   7.2425864e-01   7.9857965e-02   4.7531577e-01   1.8587514e-01   3.2117949e-01  -6.0846070e-02   8.0306097e-02   1.1617384e-01   1.4163000e-01   2.9218689e-02  -2.6017668e-02   3.1894266e-01   3.9726391e-01   8.3007948e-02   3.5320740e-01  -1.1788853e-01   6.0170188e-01   5.2397818e-01   1.8509429e-01  -1.0084873e-01   5.5054360e-02  -4.7892958e-02   1.1868282e-01  -7.1385856e-02   1.7776627e-01   1.3094436e-01   6.6656629e-01   4.9845876e-02  -3.2951609e-01   4.3270758e-01  -9.0738248e-02   5.6320365e-01   1.3551505e-01  -8.3984354e-02   1.6482227e-01   3.9725925e-01   2.7036383e-01  -2.3103236e-02  -2.4430866e-02  -2.4841226e-02   8.6097116e-03   4.1931745e-01   4.0109070e-02   4.6870363e-01   5.1112473e-01  -4.3571097e-02  -7.3217771e-02  -7.2223206e-02   1.4480951e-01   4.4497897e-01   3.1721511e-01  -4.4285475e-02   4.1429153e-01  -1.0128471e-01  -1.6362988e-01   3.4026575e-01   1.4786706e-01   8.4606296e-02   1.5056439e-02   1.0466851e-01   1.0352778e-01   4.8037349e-02  -1.4387122e-01   3.1778780e-02  -4.8464489e-02   4.6951443e-01   9.7358699e-02   2.2945339e-01   7.5866682e-02   7.7911000e-02  -2.5595207e-02   1.9038978e-01   2.0097009e-01  -1.6974645e-01  -2.5622672e-03  -2.8048315e-02   4.2516981e-01   5.3172346e-01   3.0946794e-01  -2.6081299e-02   4.3666581e-01   1.4059249e-01   5.4531325e-01  -3.2751820e-02  -1.6532884e-02   4.2808024e-01   2.6474835e-02   2.1707447e-01   6.5005254e-01  -2.6138944e-02  -7.7643995e-02   4.2635253e-03   6.9923777e-02   3.9112741e-01   4.3321860e-02   3.1265100e-01   4.3459298e-01  -1.0363781e-01   9.0986034e-02   3.1980708e-01   2.4441504e-01   3.2666242e-01   6.8407800e-02   5.5036155e-01   1.8134725e-01  -4.6917389e-01  -9.6406637e-02   7.6785587e-01   1.2874168e-01  -1.7224829e-01  -8.1955125e-02
  -2.0694043e-01   3.0594609e-01   1.0071724e-01   1.1495117e-01   4.9129142e-01   3.7975194e-01   0.0000000e+00  -1.0555067e-01  -4.1891324e-02   4.7380254e-01   4.9539357e-01   2.7223734e-01   1.4365450e-01  -2.0092618e-01   2.0877063e-02   3.8675065e-01   1.1711166e-02   3.2322609e-01   1.6337415e-01   3.6576360e-01  -1.3737396e-02  -1.5202451e-01   3.9291666e-01  -3.0010825e-01   1.8716837e-01   1.4394038e-01   6.0490140e-01   4.2324260e-02   3.7956827e-01   2.3690281e-01   1.2249714e-01   1.7007299e-01   7.9392340e-02   7.5863641e-01   2.8505020e-01   4.9040580e-01   2.0402760e-01  -2.6563344e-01   3.7464271e-01   6.0114172e-01   1.5975200e-01   2.1514523e-01   2.5110091e-01   1.5038832e-01   2.7544804e-01  -2.4180229e-01   3.9795343e-01   4.8741431e-01  -1.0308010e-01   1.0197294e-01   2.4822715e-01   5.7883160e-02   3.1251230e-01   1.1505768e-01   8.0556956e-02   2.9287012e-01  -9.7865600e-02   9.4616634e-02   3.2752989e-01   3.1448312e-01  -6.5384088e-02   3.3943640e-01   1.4516447e-01   1.2179418e-01   1.6830111e-01   6.2543230e-01   2.9582211e-01  -1.6270204e-02   1.4378726e-01  -1.0332084e-01   3.2190166e-01   2.8205872e-01   4.0378896e-01  -1.8211623e-01  -3.4028559e-02   4.3318028e-02  -1.9282989e-02   2.3511021e-01   5.9481359e-01   2.2235090e-01   3.4289601e-01   2.9412208e-01   2.3669486e-01  -5.7482013e-02  -3.1829809e-01   8.4492917e-02   3.8001719e-01  -2.7566819e-01   1.0594897e-01  -1.5196482e-01   3.2193388e-01  -1.0545255e-01   4.0505140e-01   1.7203062e-01  -3.3608065e-01   4.5267509e-01   9.6846310e-03   1.5393183e-02   3.6137810e-01   4.4488020e-01  -2.0860125e-01   4.5240084e-01  -4.4661334e-02  -6.5252699e-03   2.4438982e-01  -1.2688306e-01  -9.5986621e-02  -1.7621840e-01   3.7091882e-01   2.6207599e-01   6.7276060e-01   2.3856394e-01  -1.2528289e-02  -1.7976796e-01   1.6102780e-03   4.5139733e-01   2.2830033e-01   3.9967235e-01   1.6197502e-01   2.7103549e-01  -3.5600236e-01   3.9309896e-01  -2.5490954e-02   1.4793917e-01  -1.6266292e-01  -2.2578903e-01   2.0291700e-01   6.9559220e-02   2.8622917e-02   3.6653421e-02   2.2657839e-01   6.9395984e-01  -1.8062084e-01   1.8944600e-01   1.3376356e-01  -1.1178610e-01   2.2101303e-01  -1.5484431e-03   3.4678328e-01  -2.8292150e-01  -4.1973274e-01   1.5904139e-01   2.3866295e-01   5.5411393e-01   4.0412644e-01  -2.2051499e-02   6.5997187e-01   1.8507620e-01   4.1826867e-01   2.2025130e-01  -1.5085493e-01  -3.3538369e-02  -1.6323532e-01   2.7959872e-01   3.1937661e-01  -2.3801234e-01  -3.9184675e-01   4.5234862e-01   4.7568511e-02   3.6563550e-01   6.1637383e-04   3.2224080e-01   3.3326453e-01   1.1003076e-01   2.6333269e-01   5.0616893e-01   3.6801789e-01   5.8213978e-02  -4.5415231e-01   1.1266741e-01   5.1884026e-01  -3.4733014e-01   2.3764204e-01   6.3812613e-02   1.0210077e-01  -1.2105689e-01   3.7920941e-02
   3.0384784e-01   1.3946845e-01   4.1177491e-01   3.3472106e-04   2.4078668e-01   3.3733228e-01  -1.0555067e-01   0.0000000e+00   4.0438926e-01  -9.0269909e-02  -2.0444046e-01   3.7784663e-01  -8.9340652e-02   4.1181650e-02   1.9583514e-01  -2.7982487e-01   2.1316296e-01   1.0995833e-01   1.8497843e-01   1.8265531e-01   1.1731147e-01   7.3980792e-02  -2.8329185e-01  -1.8879315e-01  -1.7394141e-01   1.9382545e-01  -1.4465678e-01   3.7049913e-01  -1.3501244e-01   2.0942074e-01   1.4042695e-01   1.6786717e-01   2.2840515e-02   1.2050028e-01   6.5798951e-02   2.1618326e-02   9.2577100e-02  -3.6570703e-01  -3.7129515e-01   4.5939107e-02   1.9860552e-01   2.8325470e-02   2.2629585e-01   3.7263092e-01   1.7279901e-01   2.4786139e-02  -5.1841056e-02   2.1542840e-01   2.7384828e-01   1.7343720e-01   2.5231972e-01   4.3268105e-01   2.1294227e-01   2.6758329e-01   2.5469292e-01   1.6411388e-01   5.4858937e-01   1.3621100e-02   1.5523008e-01   2.6992083e-01   1.2078083e-01  -1.1658054e-02   3.0718670e-01   8.7348937e-02   3.1526003e-01  -4.9395477e-02   2.9668415e-01  -4.5743107e-02   1.3415451e-01   3.9555694e-01   3.8976796e-02  -5.3525249e-02   1.5526665e-03   2.3473729e-01   7.3437411e-02   1.8855682e-01   1.1236472e-01   1.2600729e-01  -7.5481849e-02  -1.9759902e-01   1.9200156e-01  -1.2524599e-01   3.1090302e-01   4.3676326e-01   2.5224212e-01   6.9012155e-02  -8.3586899e-02   2.8721747e-01   1.3466121e-01  -9.6337056e-02  -6.2079520e-03   2.1484724e-01   3.8124454e-01   2.8047124e-01  -2.5225746e-01  -5.8115848e-02  -2.3995901e-01   4.2603389e-01  -2.4144677e-02  -3.6643983e-01   3.4558987e-01   1.9893146e-01   4.3459599e-01   3.1032385e-01   6.7998493e-02   2.1066716e-01  -2.0742281e-01   4.9685399e-01  -3.7233396e-01   6.7477147e-02   1.5746641e-01   7.5132860e-02  -1.7381565e-01   1.6040559e-01   1.7623735e-01   2.9154423e-02   1.9527958e-01   2.6631110e-02   1.4143028e-01  -3.3312138e-02   1.5630075e-01  -8.6727697e-02   1.9656055e-01   3.6933620e-01   1.9713742e-01   1.7860761e-01   2.0734727e-01  -1.9887704e-01   2.6760134e-01   1.3171882e-01  -2.3042784e-01  -3.8323178e-03   7.2493749e-02  -4.1128473e-02   7.8485001e-02   5.4879925e-01  -2.1843493e-01   4.3556422e-01   1.3478830e-01   4.6340455e-02   1.0832851e-01   2.4225113e-02   2.5986584e-01   1.2498380e-01   7.0060268e-02   1.4560992e-01   8.7455689e-02  -1.5948655e-01  -2.0381599e-02  -2.8617731e-02   1.1720362e-01   5.7573096e-01   2.3140491e-01  -4.3641124e-02   3.4459579e-01   1.3340933e-04   1.4258648e-01   3.9349357e-02   3.1260561e-01   1.4224995e-01  -9.5614004e-02   1.5485242e-01   2.7913497e-01  -9.6990133e-02   1.7532203e-01   2.6466581e-01   1.0704799e-01   1.3939532e-01   1.3252709e-01   3.8384060e-01  -1.0357715e-01  -3.4004623e-01  -8.0952134e-02   4.0540605e-01   3.1384284e-01  -3.1006881e-01   5.4063784e-02
   7.9746618e-01   4.7736343e-01   5.0233021e-01   5.2329114e-01   2.9006163e-01  -6.5894140e-03  -4.1891324e-02   4.0438926e-01   0.0000000e+00  -2.1727438e-01  -3.4623629e-01   5.2757128e-01  -3.2965194e-01   2.6488940e-01   5.1434195e-02  -4.7039131e-02   3.1338567e-01   5.0618168e-01   4.0483233e-02   4.2693805e-01  -1.1275102e-01   3.5453337e-01  -3.0271163e-01  -3.3463062e-01  -1.2875835e-02  -2.2803267e-02  -1.6301970e-01   3.6570808e-02   2.5362797e-01   5.6891907e-01   3.8422330e-02   3.9350900e-01   5.8525516e-01  -8.4550144e-02   3.2568319e-01   2.8458208e-02  -2.3795219e-01  -5.9419090e-02  -1.1532061e-01  -5.3708260e-02   1.4492809e-01   4.5134843e-01   5.8046318e-01   6.8822549e-03   5.2160008e-01   3.0474611e-01  -6.7382374e-02   3.7455179e-01   4.6559771e-01   3.8419078e-01   5.5410422e-01   2.1629060e-01   2.6358426e-01   2.3362706e-01   7.4790249e-01  -1.3127685e-01   2.5643084e-01   3.8869168e-01   3.2626418e-01   6.5566421e-01   5.6694221e-01   3.0386407e-01   5.9467008e-01  -9.7033817e-02   7.0832476e-01  -2.4618781e-02   1.1776015e-01  -1.2749453e-02  -7.0109566e-02   2.8847982e-01   2.8408744e-01   3.8835319e-01  -6.6436382e-02   2.2209453e-01   3.1939386e-01   3.0582165e-01   5.0437343e-01  -3.4632962e-01  -8.2362202e-02  -6.2844452e-02  -7.3887372e-02  -1.8803978e-01  -1.1846854e-01  -1.0707065e-02   2.8852163e-01   2.6986189e-01  -2.1969278e-01  -4.5625965e-02   4.7551314e-01   1.1250849e-01   1.1925726e-02   5.8844424e-01   8.3519569e-02   7.4527200e-01   8.1223960e-02  -1.0038485e-01   1.3090458e-01  -1.0662903e-01   2.4507208e-01  -2.5700093e-01   1.2275763e-01   6.7153590e-02   8.6309099e-02   8.3949931e-01   4.3950364e-01   6.4214160e-01   3.8255424e-01   3.6281202e-01  -3.3878957e-01  -2.1218221e-01   5.7652381e-02   2.8193055e-01   2.8942086e-01   6.6209120e-01  -1.3391113e-01  -9.9390107e-02  -2.1545237e-01   3.9197429e-02  -1.7950528e-01   4.4632687e-01   2.4713467e-01  -2.3554783e-01  -2.8469736e-02   7.1245236e-01   4.3267574e-01   3.8233956e-01   2.9973597e-01   1.3071342e-01   7.2750218e-01   1.1766372e-01  -1.9908387e-01  -3.7423677e-02   4.8310483e-01  -1.3853133e-01   4.0590827e-01   4.8260990e-01  -1.1562017e-01   1.3783721e-01   1.3641970e-01   1.2073377e-01  -1.3188207e-01   3.0631315e-02  -2.3797183e-01   5.2819079e-02  -1.5638970e-01   1.7862485e-01   1.2744963e-01  -2.0077043e-01  -1.9764086e-01   1.6564320e-01   7.1579275e-02   7.7391315e-02   3.4889347e-01  -3.7166741e-01   3.5932557e-01  -1.5669650e-01   2.6330039e-01   4.3340122e-02   7.2571044e-01  -1.3231170e-01   2.1285179e-01  -2.9967566e-01   3.2772882e-01   2.6940440e-01   5.9222588e-01   2.8971745e-01  -2.1795574e-01   1.5288483e-01   9.0287794e-02   1.8489542e-01  -2.3712361e-01  -3.2319337e-01   4.6120223e-01   1.5069173e-01   2.1206681e-01   6.4169458e-02   4.7867173e-01
  -2.5605558e-01   2.7778511e-01   2.0914740e-01  -1.5875370e-01   2.3294670e-01   2.9257492e-01   4.7380254e-01  -9.0269909e-02  -2.1727438e-01   0.0000000e+00   2.6263023e-01   2.8738919e-01   2.6124836e-01  -2.4797697e-01  -1.3294725e-02  -3.4150544e-02   2.3402591e-01  -1.2108672e-01   2.3968285e-01   1.4949673e-01  -2.3773663e-02  -2.4171313e-01   1.0279383e-01   3.0117993e-02   5.6600627e-02   3.0082266e-01   1.6103071e-01   8.9307961e-02   7.9601883e-02   1.3822975e-02  -4.3876158e-02  -1.8065824e-01  -3.5424388e-01   3.5784266e-01  -1.0873161e-01  -2.6604539e-03   4.7991833e-01  -2.8076527e-01   1.9931679e-02   4.2147515e-01  -7.6156418e-02  -1.4601446e-01   1.5286505e-01   1.9984632e-01   1.4693232e-01   7.8449540e-02   1.6372489e-01   1.2427280e-01  -1.7740681e-01   1.8495585e-03  -1.9464550e-01   9.7060779e-02   1.7316502e-01  -1.2654193e-01  -2.4118419e-01   3.1543305e-01   1.1572633e-02  -7.6624081e-02  -5.5465005e-02   2.1453474e-01  -2.6950111e-02   2.7929184e-01  -8.0766458e-02   2.4948796e-01  -1.7875578e-01   5.0567782e-01   2.1045113e-01   2.0815154e-01   2.7038532e-01   2.2294928e-01   1.9279858e-01  -1.4541973e-02   2.4536248e-01   2.6261391e-01  -1.5172602e-01  -5.1925018e-02  -2.1820418e-02   3.7888912e-01   3.0607567e-01  -3.0724600e-02   3.9610361e-02   6.4310028e-02   2.9191430e-01   3.3267708e-01  -8.1133959e-03  -1.2863978e-01   2.9193138e-01  -1.1993741e-01   6.8632254e-02   2.9933184e-01  -2.2683406e-02  -2.1279880e-02   3.9527761e-01  -8.5782302e-02  -2.4742201e-01   4.7552114e-01   1.2131955e-02   3.3007892e-01   8.5579855e-02   5.6446701e-01   6.5115993e-02   3.3188880e-01  -1.5780080e-01  -2.4969914e-01  -4.6593229e-02  -2.5855865e-01  -1.6699728e-01  -1.2410536e-01   6.2989819e-01   2.1342010e-01   4.5228344e-01  -2.0383936e-02  -9.1891878e-02  -6.2228155e-02   2.6252218e-01   3.9624295e-01   3.8025215e-01   2.3849639e-01  -3.3231941e-03  -8.6162681e-02  -1.6172364e-01   3.1762696e-01   2.1779313e-01  -7.4441323e-02   1.0997604e-01  -1.0434627e-02   1.1537774e-01   1.7808850e-01  -3.3589413e-01   1.1788388e-01   1.0516983e-01   3.0452414e-01  -2.7297976e-02   1.1838585e-01   1.8232944e-01  -2.3583210e-01  -1.8201428e-02  -1.4961998e-01   3.9392783e-02  -9.3657653e-02  -5.7987492e-02   1.9852764e-01   3.3102732e-01   1.5459888e-01   3.0666543e-01  -6.9585908e-04   4.4453808e-01  -7.0839626e-02   3.4670012e-01  -1.2260863e-01   2.3577535e-01  -1.6470918e-01   1.3393115e-02   3.4558903e-01   3.2630699e-01  -4.5672012e-02  -2.0710343e-01   2.9608132e-02  -1.1237074e-01   9.8127690e-02   1.2808681e-01   1.5636845e-01   2.7968241e-01  -1.2989926e-01  -1.0129067e-01   2.6797697e-01   3.3888070e-01   3.2856494e-02  -1.3363335e-01   1.5159547e-01   1.8480230e-01  -2.6750198e-01  -1.2999434e-01   1.9833131e-02  -1.2971798e-01  -1.4277237e-01  -2.7907059e-01
  -4.3297322e-01   3.4971765e-02  -1.8377176e-01   4.3327266e-02   3.3684906e-01   2.9047540e-01   4.9539357e-01  -2.0444046e-01  -3.4623629e-01   2.6263023e-01   0.0000000e+00  -2.4188788e-01   3.0422354e-01  -8.6326131e-02   2.9355348e-01   5.4783620e-01  -3.3863952e-02   1.3847124e-01   3.1120331e-01   9.7245537e-02   2.7225986e-01   1.8888368e-01   4.9929075e-01  -1.1848153e-01   1.6365226e-01   1.3594563e-01   5.6780438e-01  -7.3846713e-02   8.8427898e-03   1.3610130e-01   4.2779087e-01   1.5902929e-01  -3.2075424e-02   5.4614778e-01  -2.6303245e-02   4.7094531e-01  -8.0447319e-02  -1.4880779e-01   5.5981807e-01   4.9632913e-01   1.8502236e-01   7.3813104e-02  -1.2797484e-01   3.4894381e-01   5.1879248e-02  -2.4257186e-01   6.9175888e-01   2.8052580e-01  -8.1743422e-02   6.7968192e-03   2.7582596e-02  -8.4779743e-02   1.7739841e-01  -8.4567984e-02  -2.1972104e-01   3.7183485e-01  -2.9947786e-01   2.8480664e-02   2.9844588e-01  -9.6351629e-02  -1.0618399e-01   2.0115475e-01  -2.3557466e-02   3.9619159e-01  -1.2110982e-01   3.4963279e-01   2.9463954e-01  -1.1933662e-01   5.5649157e-01  -2.2280173e-01   2.2608643e-01   2.0675944e-01   4.1878828e-01  -3.7909932e-01  -1.1016849e-02   2.3410739e-01  -8.3352851e-02   5.0345795e-01   5.5832320e-01   2.7763270e-01   3.5318897e-01   2.0730729e-01   3.5787940e-01   1.1162833e-02  -2.8550507e-01   2.1779460e-01   3.9526046e-01  -3.1103261e-01  -5.9412625e-02  -1.7129322e-01   1.7092760e-01  -1.8494034e-01   1.2255364e-01  -1.1829681e-01  -1.7528120e-01   4.8873582e-01   1.1972343e-01   2.3429053e-01   3.0255129e-01   3.2468568e-01  -1.3352434e-01   5.5486585e-01   1.1297997e-01  -2.5871374e-01   1.8342429e-01  -1.3508573e-01   2.5002132e-02  -7.0823699e-02   3.5099856e-01   4.4816793e-01   5.4517678e-01   2.1639026e-01   5.3084990e-02  -2.8349845e-01  -1.0090695e-02   4.5639934e-01   3.4096762e-01   3.0410327e-01   2.5307917e-01   1.6728253e-01  -3.0495333e-01   5.7125502e-01  -8.8121289e-02   4.3420893e-02  -2.7470661e-01  -2.2850370e-01   2.7242629e-02   2.1279563e-01  -1.2291021e-01  -1.9018788e-01   3.9111674e-01   7.2572885e-01  -1.9578707e-01   4.6862157e-01  -5.5583865e-02  -9.4663076e-02   2.4361348e-01   2.4440897e-01   3.3065776e-01  -2.4903405e-01  -3.6481263e-01   1.9410215e-01   4.0740371e-01   3.3313455e-01   5.7668196e-01   2.8518630e-01   2.0769456e-01   4.2891881e-01   3.7542842e-01   2.4786206e-01  -2.2994867e-01   1.2871895e-01  -2.3496635e-01   6.1855039e-01   4.5517777e-02  -1.7000886e-01  -2.3312555e-01   4.1548844e-01  -1.5702449e-01   2.3718588e-01  -2.0234512e-01   6.0772378e-01   9.1785801e-02   2.2750654e-01   7.5039517e-03   2.0617494e-01   4.1304441e-01   3.9767876e-02  -3.4963540e-01  -3.4400071e-02   3.3354015e-01  -2.5355534e-01   4.3129597e-02   6.4641355e-03  -6.6121466e-02   1.4193591e-01   1.1690606e-01
   5.3212864e-01   4.6868778e-01   7.1248464e-01   1.2918996e-02   2.5482922e-01   3.1493298e-01   2.7223734e-01   3.7784663e-01   5.2757128e-01   2.8738919e-01  -2.4188788e-01   0.0000000e+00  -2.2030839e-01  -9.2777847e-03   1.1139830e-01  -3.5004418e-01   5.5055594e-01   3.8244038e-02   2.8451064e-01   2.7734950e-01  -2.8768602e-01   2.3652939e-02  -1.8906485e-01  -2.6608286e-01  -2.3028498e-01   3.5367422e-01  -2.9263401e-01   3.7738502e-01   1.8849267e-01   2.1341822e-01  -1.3785349e-01   1.0897462e-01   4.2028812e-02   1.4289340e-01   8.4063540e-02  -1.1858905e-01   9.4880678e-02  -2.7635694e-01  -4.4735279e-01   1.0398362e-01  -3.6741932e-02   1.2136258e-02   5.0364304e-01   1.7835215e-01   3.8227498e-01   3.9885409e-01  -1.4659053e-01   1.4149675e-01   1.1497827e-01   3.4153916e-01   2.3381333e-01   4.9948700e-01   6.5469494e-02   4.0143310e-02   3.6262755e-01   3.9298215e-02   5.5338784e-01   2.1989323e-01  -3.4207902e-02   7.5895240e-01   3.9195113e-01   1.4123543e-01   3.1197642e-01   3.9103259e-02   1.7937603e-01   1.5545094e-01   2.2527245e-01   1.9223522e-01   1.7436650e-01   5.7504532e-01   1.8154323e-01   7.1006503e-02  -1.3275388e-01   6.0675610e-01   1.1871139e-01  -5.1755280e-02   4.0247362e-01   9.6196262e-02   6.3808796e-02  -3.3687365e-01   1.4981336e-01  -2.9551635e-01   6.7795047e-02   3.4802684e-01   4.7140988e-01   1.8078777e-02  -2.2633211e-01   9.3105179e-02   3.8985377e-01   3.9115203e-01  -1.2518680e-01   5.8116313e-01   2.9563024e-01   4.3687086e-01   5.5232771e-03   3.2788135e-02  -3.3618806e-02   2.7112737e-01  -2.8357200e-02  -2.5620723e-03   3.8016939e-01   2.2918589e-01  -3.1121806e-02   4.3718185e-01   2.6853965e-01   2.6566740e-01   9.4970832e-02   2.4883404e-01  -2.6433497e-02  -9.7424197e-02   2.8466658e-01   2.1035354e-01  -4.1577183e-02   5.4424085e-01   3.9349582e-01   3.0065878e-02   2.3496582e-01  -7.2485155e-03   6.5805249e-02   1.0484735e-01   2.1769065e-01  -6.5414858e-02   3.1504608e-01   3.1594365e-01   5.5189270e-01   4.4099289e-01   4.2862316e-01   7.2807295e-02   2.4197405e-01   3.3617298e-01  -3.3586274e-01  -2.4319240e-02   4.0755096e-01  -2.2431731e-01   4.9749969e-01   1.0284612e-01  -3.4562229e-01  -1.1535049e-02   1.0022460e-01   2.0430387e-01  -2.4504312e-02  -8.1269596e-02   2.9698628e-01   2.8015314e-01   5.5461461e-02  -5.4225946e-02   4.5274015e-01  -4.1203788e-01   3.9790234e-02  -2.1578245e-01   4.9491054e-01   1.3099506e-01   3.8263044e-01  -5.8478276e-02   5.6964186e-01  -3.4103672e-02   1.1986417e-01  -1.1316424e-01   4.8766923e-01   1.9906975e-01   2.6176350e-01   2.2690163e-02   4.2803461e-01  -8.7973296e-02   4.3333073e-01   4.4248174e-01   1.6189791e-01   3.3289611e-01   1.9735884e-01   1.7286641e-01  -1.7425472e-01  -3.4891780e-01  -3.2548178e-02   3.7383572e-01   1.0125102e-01  -1.7436860e-01   6.1598030e-02
  -4.1393614e-01  -2.2775500e-01  -2.6178036e-01  -2.1704530e-01   1.7768617e-01  -2.5709079e-02   1.4365450e-01  -8.9340652e-02  -3.2965194e-01   2.6124836e-01   3.0422354e-01  -2.2030839e-01   0.0000000e+00  -2.6308857e-01  -1.5529005e-01  -3.1583799e-02  -2.2897319e-01  -2.5359362e-01   1.3174050e-01   8.9136549e-02  -1.0746475e-02  -2.6507475e-01  -1.8550364e-02  -1.4691451e-02  -2.8149183e-01   1.0040532e-01  -3.5985316e-02  -2.3812384e-01  -5.9612232e-02  -7.1829282e-02  -5.7145359e-02  -2.5854983e-01  -2.4083706e-01   2.0386148e-01  -1.5134009e-01   1.0911894e-01   2.7690577e-01  -3.6255731e-01  -8.2414972e-03   8.5550071e-02   5.5734370e-01  -1.8845140e-01  -2.1973538e-01   9.1893968e-02  -1.2395877e-01  -3.4519160e-01   1.4809066e-01   8.1451384e-02   1.2709258e-01  -8.3625492e-02  -2.2933307e-01  -2.9586187e-01   2.2375064e-03  -1.5126838e-01  -2.8777475e-01   2.0651541e-01   6.7455122e-03  -4.2632691e-01  -9.0783935e-02  -3.0177708e-01  -3.1793516e-01   4.4030775e-01  -9.0010895e-02   4.5088872e-02  -1.2696567e-01   1.0327318e-01  -1.9849194e-01  -9.9567892e-02   2.9632689e-02  -2.1321247e-01  -8.9543637e-02  -2.6683540e-02   3.2041309e-01  -2.4026295e-01  -2.7048586e-02  -3.6667344e-02  -2.8785231e-01   4.5828580e-01   1.4471905e-01  -8.3076447e-02  -1.5742325e-01   1.0568695e-01   2.1433978e-01  -4.3166258e-02  -4.3208293e-01  -1.9354372e-01   4.1312768e-01   1.0480790e-01  -1.9531583e-01  -2.4199781e-01   2.4586500e-02  -2.6102386e-01   1.3042658e-01  -2.1693330e-01  -3.5503039e-01   2.7732385e-01   5.5530096e-02   1.7481350e-01   9.7545692e-03   2.1872931e-01  -2.9764042e-01   1.3046702e-01  -1.7080897e-01  -4.0750439e-01  -1.9125913e-01  -3.0229614e-01  -3.4223672e-01  -2.6121545e-01   4.9913977e-01  -1.2729464e-02   2.6865038e-01  -2.0269174e-01  -2.0402005e-01  -3.7492415e-01  -1.1448559e-01   9.6017681e-02   4.0747126e-01   4.4661597e-01  -2.2966953e-01  -2.0676812e-01  -1.5295064e-01   3.2261596e-01   1.6370240e-01  -5.9269775e-02  -4.6361076e-01  -2.6934807e-01  -1.5794468e-01  -2.0537235e-02  -4.6112954e-01  -5.0689703e-01   2.1624334e-01   2.2115275e-01  -4.0505735e-01   1.3694427e-01  -8.3630111e-02  -1.7982053e-01  -6.1713023e-02  -4.7650611e-02  -6.2548670e-02  -2.8658732e-01  -2.0063966e-01   5.9155248e-01   1.9655024e-01  -2.4876646e-01   1.6706938e-01   1.3778915e-02  -6.8793674e-02  -1.1314359e-02  -5.0537439e-02  -1.2728872e-02  -2.1092635e-01  -1.7882309e-01  -6.3276318e-02   4.0612747e-01  -1.6802718e-01  -1.7897308e-01  -2.9778078e-01   8.4172217e-02  -2.5726763e-01  -1.8032494e-01  -9.9555829e-02   3.0815990e-01   1.2582571e-02  -1.7043139e-01  -3.0428819e-01   1.4632947e-01   4.3407613e-01  -2.7928399e-01  -1.7804050e-01   1.3829877e-02   1.8880045e-01  -1.2514889e-01  -1.1990152e-01  -9.4878695e-02  -5.1668627e-02   9.4028759e-03  -3.1878458e-01
   4.5409717e-01   2.9129084e-02   1.8915378e-01   3.1602740e-01  -1.5605838e-01  -5.1572864e-02  -2.0092618e-01   4.1181650e-02   2.6488940e-01  -2.4797697e-01  -8.6326131e-02  -9.2777847e-03  -2.6308857e-01   0.0000000e+00   2.8165344e-01   3.0143232e-03   2.2915285e-01   1.1082077e-01   8.9370063e-04   2.3973188e-02   2.0324922e-01   4.3820934e-01   2.9682223e-01   2.1528802e-01   1.8870629e-01  -6.7934496e-02  -1.4200121e-01   7.0166351e-02  -2.0975938e-01   2.7491056e-01   2.5706716e-01   2.4569241e-01   1.9451649e-01  -2.0669733e-01  -1.6889460e-01  -1.9473246e-01  -6.8373167e-02   3.8028771e-01   9.3260808e-03  -2.3166490e-01  -1.5480748e-01   2.7536522e-01   1.3768726e-01   2.7249857e-02   9.8570635e-02   2.5715442e-01  -5.0172694e-02  -2.5785706e-02  -2.6286442e-02   1.7967572e-01   7.8307225e-02   1.3771027e-01  -2.0172891e-01   1.3883129e-01   3.2267411e-01  -4.3482369e-02  -7.0630026e-02   4.1791635e-01   9.2405216e-02   2.3579751e-01   5.0218677e-01  -1.4199898e-01   1.0179017e-01  -8.0527486e-02   5.7384359e-02  -3.2298325e-01   1.0571193e-01  -1.4518104e-02   3.1724984e-02   8.8163564e-02   5.3854302e-02   3.4833095e-01  -3.3104085e-01   1.5584952e-01   3.3942702e-01   1.6868934e-01   3.8417204e-01  -3.0168642e-01  -2.3259272e-01   2.6291006e-01   6.6023395e-02  -2.7533549e-01   6.7663490e-02  -1.1147668e-01   4.7897002e-01   2.0744111e-01  -3.4696797e-01   1.7100361e-01   2.9568150e-01   3.3407382e-01  -2.9138549e-01   4.3464564e-01  -2.8895819e-01   2.4769064e-01   3.8617507e-01   2.9421888e-02   9.2681195e-03  -4.7774323e-02   8.9795340e-02  -6.4083894e-02   2.9655750e-01  -1.0812692e-02   4.1856619e-01   3.7434058e-01   1.3981043e-01   2.3287431e-01   3.0897018e-01   1.2659120e-01  -1.2743925e-01  -1.6140166e-01  -1.6610958e-01   3.7495488e-01   3.5302726e-01   4.9159969e-01   4.4961424e-02  -2.2307531e-01  -1.6220114e-01  -2.2195689e-01   1.9794924e-01   3.4336257e-01   3.7337589e-01  -3.6682984e-02   2.0027454e-01   3.8497436e-04   1.6644312e-01   6.2828814e-01   2.0159295e-01   3.0824473e-01   3.8761446e-01   1.5045108e-01  -1.5669144e-01  -2.8870322e-01   6.7300722e-01  -8.9077287e-02   2.7879448e-01   2.1250177e-01   1.0578684e-01   3.2332181e-01   6.0037594e-02   3.3585610e-01   3.5745043e-01   1.6946374e-01  -2.3704808e-01  -7.6915076e-03  -1.5636307e-02   2.7675584e-01  -6.3008599e-02  -3.0969081e-02   1.0379820e-01   3.4076762e-01   4.5002113e-02   7.8163641e-02   3.0424716e-01  -2.1953454e-01  -6.9913634e-02   1.6810119e-01   3.3416791e-01  -5.1068315e-02   3.7707413e-01   1.1981360e-01   9.5046010e-02  -2.5177363e-01  -3.4112202e-02   3.7261403e-01   1.7429777e-01  -2.4076388e-01  -2.9130660e-01   3.3812994e-01   5.0259854e-01  -1.7644459e-01  -3.5771323e-01   4.1418270e-02   6.9909549e-02  -4.3433611e-02   7.8506681e-02   5.9096781e-02   1.7879185e-01
