   0.0000000e+00  -3.9259818e-01   8.5573470e-02  -1.3870214e-02  -1.1440239e-01   1.4602579e-01  -3.4921975e-01   2.9354193e-01  -2.3161845e-01  -2.3390563e-01  -8.2611382e-02  -3.8740053e-01  -3.2409558e-01   3.7810416e-01  -1.9479253e-01  -1.9260449e-01   1.8933806e-01  -1.4529522e-01   2.4262864e-01  -1.3819183e-01  -1.5733824e-01   4.2507966e-02  -2.2707350e-01   7.3293262e-01   1.9053043e-01   3.2331324e-01  -3.4207156e-02   7.3203314e-02  -1.3864475e-01  -1.5302502e-01  -2.9410844e-01   2.8287932e-01   7.8123298e-02  -2.9572152e-01  -2.6236408e-01  -1.2383587e-01  -2.3648309e-01   1.7597762e-01  -2.3929249e-01  -2.2939667e-01  -2.4123094e-01  -1.1033018e-01  -4.0837110e-01  -2.6907584e-01  -2.2864477e-01   5.5462588e-01  -1.0337395e-01  -3.0303681e-01  -2.8142377e-01  -2.5592725e-01   1.0854424e-01   3.8588814e-01  -1.6252047e-01   4.3726554e-02  -1.6254639e-02   9.2053684e-02   4.3592284e-01   1.4264448e-01   1.7773025e-01  -6.0460991e-02   1.0614279e-01  -2.6845944e-01  -1.7932632e-02  -1.7877733e-01  -2.4332167e-01  -3.1846689e-02  -2.7916435e-02   1.1860499e-01   2.3035158e-01   4.1142179e-01  -4.2480253e-01   2.4124307e-02  -1.9751663e-01   6.0317756e-01  -2.3858702e-01   1.5061558e-01   6.5849689e-02  -1.1630187e-01  -9.6042577e-02  -1.5319207e-01   9.2573492e-02  -2.4036382e-01  -3.5609753e-01  -3.0606634e-02   5.7926118e-01   3.0866476e-01  -2.4023956e-01   5.1898350e-01  -3.1384900e-02   7.1168720e-01  -6.7645055e-02   2.2530842e-01  -3.5671177e-01  -2.2788498e-01   2.9928734e-01  -2.7397757e-01  -3.8062470e-02   3.4534556e-01  -1.8526573e-01  -1.6502433e-01   9.0814911e-02   1.0035118e-01  -7.3251865e-02  -1.7325108e-01   2.1716646e-01   1.5027864e-01   1.1143244e-01   2.7308851e-01  -1.3307252e-01  -4.6944139e-01  -2.1286689e-01   2.6610010e-02  -4.2356681e-02   7.7053450e-01   2.2469805e-01  -2.2661103e-01   1.9408807e-02  -1.0656514e-01  -3.1464546e-01   1.7887740e-02   6.2133392e-01  -2.3437421e-01  -4.7069694e-01  -1.4015624e-01   5.1922293e-01   2.0324680e-01  -1.5737886e-01  -1.0654351e-01  -1.5347118e-01   4.7820342e-01   1.2505606e-01  -2.3887106e-01   5.7579118e-01  -3.3239062e-01  -1.3711304e-01   3.4173119e-01  -1.8299082e-01  -2.6479428e-01   4.4373277e-01   5.3360596e-01   8.2637410e-01  -1.8714621e-01   3.2516282e-01  -2.2409164e-01  -2.4323588e-01  -1.4392955e-01  -4.0902977e-01  -9.2809886e-02  -2.4451746e-01  -2.6959233e-01   5.6018849e-01  -1.9920099e-01   5.6917908e-01  -1.1053543e-01  -1.6348381e-01   7.3294827e-01   5.9345860e-01  -2.9436017e-03   5.3285010e-02  -2.0283035e-03  -2.1449283e-01   1.2752941e-01  -1.7693613e-01   2.0775588e-02   2.5415590e-01  -2.3942311e-01  -3.5941549e-01   5.9678187e-02   6.8963394e-01  -3.3306545e-01  -4.0632842e-01   3.9067072e-01  -1.3435648e-01  -1.7311206e-02  -3.1016492e-02  -2.2927332e-01   2.2851105e-02
  -3.9259818e-01   0.0000000e+00   3.9363212e-01  -1.3077931e-01   2.2642456e-01  -3.3023459e-01   2.8054885e-01  -6.6275445e-02   6.0173058e-01  -2.4410740e-02  -1.6407966e-01   7.4950837e-01   5.0676284e-02  -8.5301712e-02   6.9940288e-02  -9.5827072e-02   2.3643809e-01   4.6083447e-02  -4.9233481e-02   3.9610159e-01  -1.9833766e-01   6.8480642e-02   1.6005489e-02  -2.9312484e-01   2.8150457e-01   2.2008166e-03  -1.8177160e-02  -1.2597683e-01  -5.3756138e-02   2.0858973e-01   2.3661324e-01  -7.7042127e-03  -3.4872760e-03   3.9991128e-01   3.4450141e-01  -4.2109388e-02   6.3165209e-02  -1.6456365e-01  -1.9994957e-01   5.1904407e-01   1.2398441e-01  -1.0000464e-01   4.0703602e-01   2.5213628e-01  -2.4305707e-01  -2.7562201e-01  -2.5543213e-01   4.6474283e-01   7.3622765e-02   6.3839210e-01  -1.2700932e-01  -1.6118588e-01   2.7139414e-01   3.3958548e-02   9.8311811e-02  -2.3486910e-01  -2.5866828e-01  -3.8587716e-01  -8.1936294e-02  -2.4794956e-02   1.1027519e-01  -1.0561973e-01   2.4624647e-01   2.1312086e-01  -3.1749783e-02  -3.3092578e-01   2.6029646e-02   3.2712163e-01  -4.0516503e-01  -1.2574311e-01   7.1302133e-01  -2.8887415e-01   9.4068242e-02  -2.1149425e-01   2.9621135e-02   9.1275872e-03   9.6817431e-02   7.7421431e-02   3.5459065e-01  -1.6880820e-01  -3.1114939e-02  -2.6013838e-02   6.0792360e-01  -2.0867226e-02  -2.5989926e-01  -3.0746836e-02   2.6312527e-01  -1.3772599e-01   1.4740954e-01  -3.6464990e-01   3.3614018e-01   1.7679931e-01   6.2395499e-01   3.5454015e-01  -2.5657603e-01   3.6972743e-01  -3.1606766e-01  -1.2611371e-01   1.4773920e-01  -2.9461698e-01   4.2697306e-01  -4.3998286e-02  -1.9573408e-01   3.7146427e-01  -1.3683723e-01  -4.6389976e-02   2.5112001e-01  -1.5800312e-01  -1.8383633e-01   1.2878152e-01   2.8903654e-01  -2.9827142e-01  -8.1745134e-02  -3.3201898e-01  -1.9822034e-01   5.0033673e-01  -1.0686877e-01   1.4073199e-01   2.4969717e-01   3.5358889e-02  -2.4120935e-01   1.6429680e-01   3.6407107e-01   2.6432903e-01  -2.5192232e-01  -6.1167811e-02  -5.1336755e-02  -5.9745345e-02  -2.1934837e-01  -1.3019424e-01  -4.3226410e-02  -6.1706576e-02  -9.5232275e-02   4.8087824e-01   2.4883358e-01  -2.8479468e-02  -1.6531572e-01   3.5289181e-01  -1.3662870e-01  -2.4867905e-01  -4.5229766e-01   1.9400782e-02  -3.3187615e-01   2.8357674e-01   6.1414530e-02  -8.3746895e-02   6.3253677e-01  -9.8798792e-02   2.6279363e-02  -1.7576367e-01  -2.5038754e-01   6.1270454e-02  -1.3001532e-01   8.4831127e-02   6.3147740e-01  -3.3883131e-01  -3.1162743e-01  -1.4891732e-01  -1.4960602e-03  -2.2537570e-02  -2.8375859e-02  -1.5235223e-01  -1.5372862e-01  -2.0992640e-01   2.4073033e-02   3.5514278e-01  -3.9468194e-03  -1.4901033e-01  -1.3998687e-01   5.1126732e-01   3.4800450e-01  -1.3786104e-01  -1.4855711e-01   9.8079880e-02   1.4342887e-01  -1.8268750e-01   2.5402479e-01
   8.5573470e-02   3.9363212e-01   0.0000000e+00  -8.0895423e-02   3.0275625e-02   6.6501592e-02   1.7951662e-01  -1.5252675e-01   6.9739888e-02  -9.1067738e-02  -1.0574292e-01   5.7394637e-01   1.6572970e-02   1.5500541e-01   1.4880010e-01  -1.4275245e-01   8.6057110e-01  -1.7016825e-01  -3.0060652e-02   2.1411495e-01  -2.4745874e-01  -4.8309936e-02   1.0743814e-01   5.9443420e-02   2.8465243e-01  -6.5535795e-02   1.6637570e-01  -3.4924668e-02  -3.3861825e-02   3.8452828e-02   4.1804571e-02   1.3163375e-01  -5.8824336e-05   1.4183830e-01   2.1819932e-01  -2.2262644e-01   2.3128475e-01  -4.2347501e-03  -3.2920409e-01   4.3181837e-01   2.4469183e-02  -4.6059231e-02   2.0346446e-01  -5.5554917e-02  -1.6142292e-01   2.7583920e-01  -2.8119611e-01   1.9115110e-01  -1.7476759e-01   5.1319069e-01   2.8606382e-02  -4.6710021e-02  -1.1136089e-01   1.7000207e-01  -2.1030735e-01  -1.1947069e-01   1.8856013e-01  -2.4959120e-01   9.5020495e-02  -1.1638923e-01   3.7380162e-01  -5.7503014e-03   1.2197679e-01   1.2207989e-01  -2.3266067e-01  -1.9804793e-01   1.5130467e-01   1.9301456e-01  -1.5846140e-01   6.3183467e-01   2.1940296e-01  -1.6886049e-01  -5.2057217e-02  -2.4553905e-03   7.4934646e-02  -1.4144267e-01   2.2406729e-01  -2.0923778e-01  -9.3614584e-02  -1.7418814e-01   2.3489275e-01  -4.1329718e-01   2.4029985e-01  -1.8406662e-01   1.6510019e-01  -9.3376081e-02   1.4718410e-01  -1.0294092e-02   7.8216918e-02   2.5980304e-02   4.5414706e-02   5.6538652e-01   3.4933163e-01   2.6354847e-01  -7.2735272e-02   1.1199098e-01  -2.2712717e-01   1.1401805e-02  -1.2520130e-02  -2.3485333e-01   4.4025003e-01   8.2281977e-02  -1.6486529e-01   1.4916489e-01   1.2140753e-01   1.0410113e-01   2.7406092e-01   9.2820992e-02  -2.9943410e-01  -2.8329175e-01   3.3456850e-01  -1.6206527e-01  -3.0048952e-02   1.8098029e-01   1.4384044e-01   3.9950911e-02  -2.3208141e-01   1.6540604e-02  -1.6216518e-02  -3.1108423e-02   2.8138026e-01  -9.0243145e-02   1.6117767e-01   1.0052049e-01   1.6073190e-01  -2.2117346e-01   9.9329637e-02  -8.4355317e-02  -2.0520281e-01   5.5134172e-01  -2.2038914e-01  -2.1685683e-01   1.5454505e-03  -5.8218996e-02   1.6892392e-02  -1.6910514e-01   8.0214849e-02   3.9489530e-01   6.6701639e-02   1.2876799e-01   7.1804788e-02   8.2807468e-02  -2.4611487e-02   2.2790988e-01   7.9317291e-02  -4.5199443e-02   4.2714115e-01  -3.1740772e-01  -1.2440674e-01  -1.7790223e-01   2.3409979e-01  -1.1202751e-01   3.3380782e-01  -1.0954266e-01   6.1349556e-01   2.2756589e-01   5.0753877e-02   4.4502052e-02   3.2616233e-01  -1.6474093e-02  -1.7612023e-01  -2.3386533e-02  -1.6034037e-01  -1.6765879e-01   4.2138469e-03   7.7227326e-02  -2.8763735e-01  -2.8633829e-01   3.6842969e-01   6.7335515e-02  -1.2527816e-01  -2.0825636e-02  -1.2209382e-01   1.0134293e-01   4.2972384e-02  -8.4143044e-03   1.5961514e-01
  -1.3870214e-02  -1.3077931e-01  -8.0895423e-02   0.0000000e+00  -6.9613227e-02   1.8032686e-01  -1.1554337e-01  -6.5929717e-02   4.1467577e-03  -2.5566101e-01   1.2226961e-01  -1.9605587e-01  -2.0198844e-01   1.3251767e-01   5.2719388e-02   2.4607511e-02  -1.0670163e-02   3.6481919e-03   3.4626875e-03  -2.0294099e-01   4.0897130e-01   2.6993281e-01  -1.7305863e-01   7.1637376e-02  -1.1346348e-01  -1.9388129e-03  -5.4745583e-02   1.2986178e-01  -2.8153027e-01   2.3471319e-01   3.7509116e-02  -4.6520005e-02  -8.1202754e-02  -2.0818277e-01   1.3952990e-01  -5.9506308e-02   1.2363543e-01  -1.1351324e-01   2.0334589e-01  -2.8484148e-01  -2.4620764e-01   1.6203853e-01   7.0791751e-02   7.3479787e-02   2.3164866e-01   2.3063136e-02   1.7254220e-01  -1.9059714e-01  -1.5515883e-02  -3.7900648e-01   1.1593656e-01  -3.2278455e-02  -3.6643967e-01   5.2851260e-02  -3.6643620e-02   1.1663220e-01  -3.2104177e-01   6.0128521e-01   6.3379086e-02   4.4977873e-01  -1.5085086e-02   6.7784843e-02   2.6030540e-01  -8.6294732e-02   6.8785102e-04   1.7243679e-01   1.1186578e-01  -5.3778752e-02   2.6167615e-01  -5.9400770e-02  -4.2275044e-01   6.1221426e-01  -3.8419447e-01   7.1831613e-02   1.0339645e-02   1.8836024e-01  -5.8621865e-03  -4.3364661e-02  -2.3720770e-01   4.6761963e-01   8.6500393e-02   1.6762229e-01  -4.2243139e-01   6.2729451e-02   6.4111726e-03   5.1374572e-02   3.0420015e-01   5.6533105e-02   1.2702394e-01   9.6909191e-03  -3.2460689e-01  -1.5434762e-01  -3.2705881e-01   3.4330704e-01  -1.4675074e-01  -3.4881855e-01   5.9409280e-01  -2.3278736e-01   6.8239832e-02   2.6093201e-01  -1.1773549e-01   2.3543740e-03   3.3903980e-01   3.2153183e-01   1.9428435e-01   3.4829621e-01   1.0147842e-02  -8.0909248e-03  -5.6328081e-02  -1.2805522e-01  -2.2702962e-01   4.0031965e-01   7.2335033e-01  -6.1633308e-02   7.9327260e-02  -3.1976056e-01   5.2416368e-02   7.5528281e-02   1.4052638e-02   5.6240516e-01  -5.2797365e-02  -2.1798325e-01   8.0029117e-02  -7.0879886e-02   1.9659038e-02   2.5354159e-01   1.7535656e-01   4.4343143e-01   5.7567295e-01  -5.9416945e-02   8.1951164e-02  -8.5205600e-02   6.6242749e-02  -2.2633651e-01   2.6805164e-01   9.8003182e-02   5.0937173e-02  -9.6309512e-02   3.4747572e-02  -1.8528550e-01   9.4866123e-02  -2.4034359e-01   4.2500414e-01   8.7887437e-02   1.8725791e-02   2.8054594e-01  -1.8880354e-01   1.1875960e-01  -1.0168270e-02   4.0953985e-02   1.1988478e-01   1.1781711e-01  -1.1530162e-01  -2.2259156e-01  -2.6821739e-01  -4.0577466e-03   1.0201450e-02  -5.4603474e-02  -2.3695085e-01   1.7724595e-01   3.4159207e-01   4.0782429e-01   1.3674188e-01   4.9268653e-01   1.7992717e-01  -1.9344795e-01  -2.1050248e-01   4.2901810e-02  -2.4806969e-02  -3.6368318e-01  -1.1402980e-01  -9.1373758e-02   4.6619216e-01  -1.9610111e-01   1.7214495e-01   2.5897493e-01   1.7644711e-01
  -1.1440239e-01   2.2642456e-01   3.0275625e-02  -6.9613227e-02   0.0000000e+00   6.5126097e-02  -2.1985481e-01  -7.0495439e-02   1.3208987e-01   1.9191568e-02   1.7756452e-01   2.4300882e-02   1.6624189e-01  -1.2404706e-01  -3.4143189e-01   2.2519989e-01   9.2584906e-02   2.9615026e-01   9.7627643e-02   7.6002825e-01  -1.4553859e-01  -2.1767871e-01  -3.6096678e-01  -4.6741178e-02  -2.6041153e-02   1.2827012e-02   4.0022922e-01  -3.8731682e-01   2.8014463e-01  -9.2641751e-02  -5.9355404e-02  -6.5793180e-02   2.4810276e-01  -8.3210845e-02  -2.5478321e-01   6.4803355e-01   7.1811398e-02  -1.6615435e-02   2.1445982e-01   3.1362879e-01   3.0622318e-01   2.2669765e-01  -2.0474106e-02   1.2848758e-01  -9.8482993e-02  -2.2724518e-01   2.2208000e-01   2.9838579e-01  -1.4752473e-01   3.8303107e-01  -1.4810844e-01  -1.9277890e-01   4.2159030e-01  -1.6756726e-01  -1.2703808e-01  -3.2379468e-01   6.3797925e-02  -3.4647438e-01   3.6092266e-02  -3.5370214e-01  -1.3679333e-01   1.3876392e-01  -4.4886411e-02   1.1989916e-01   1.2496041e-01  -7.0922613e-02   3.4243991e-01   1.2369541e-01  -4.9231218e-02  -2.4819680e-01   2.8254830e-01  -2.0287587e-01   2.1721353e-01  -3.0907960e-01   2.4787316e-02   6.6951035e-02  -8.0720844e-02   1.3685549e-01   5.6907917e-01   2.2776807e-01  -4.7722235e-01  -6.9744219e-02   2.1660228e-01  -3.8124214e-02  -3.4904367e-01   3.5003973e-02  -4.8155608e-02  -1.7173987e-01  -2.1333962e-03  -7.9690315e-02   5.3364819e-01  -2.3273504e-01   9.6580248e-02  -1.0680682e-01  -2.3171285e-02   5.7558364e-01  -4.0884210e-02   7.5535435e-02   6.4305415e-01  -2.3156468e-01  -1.8831045e-01  -4.2221380e-01  -1.7763761e-01  -2.1148953e-01  -2.9925498e-01   2.7909357e-02  -1.6339350e-01   8.9864195e-02  -1.4328952e-01   2.8603798e-01  -1.6893918e-01  -2.8313546e-01  -2.4832142e-01  -1.5976050e-02  -5.7063401e-01   5.7732151e-01  -2.0247660e-01   2.6938224e-01  -2.3960991e-01  -1.6267729e-01  -2.2378997e-01   3.5550387e-01   8.9271521e-02   3.7881403e-01  -1.6046121e-01  -2.0872760e-01  -1.4763047e-01   2.2578860e-02  -2.8302458e-01  -1.2048963e-01   2.0614777e-01   1.6143321e-01  -2.2827536e-01   2.5967188e-01  -2.6525878e-01  -1.4419719e-01   1.3215867e-01  -1.6472720e-01  -2.6531210e-01   9.8398902e-02  -6.0553403e-02  -7.5288889e-02  -1.9915260e-01  -8.3519904e-02  -3.2039000e-01  -1.2893563e-01  -2.2138042e-01   4.0575319e-01   2.5245659e-02  -1.0566227e-01  -4.2513771e-01  -1.8411871e-01  -2.8941636e-01   2.2876147e-01   3.3673176e-01  -1.2035644e-01  -3.8118119e-01  -2.3901395e-02  -1.8488354e-02  -4.2693607e-01  -8.9726787e-03  -1.2497281e-01   4.0297968e-01  -1.7583581e-01   9.9801495e-02   1.9940465e-01   5.2758669e-02  -1.3697666e-01  -3.5576464e-01   3.5200930e-01   4.0174903e-01  -4.6540054e-02   2.6041173e-01   2.4953681e-01  -1.3201024e-01   1.6475723e-01   3.1506315e-02
   1.4602579e-01  -3.3023459e-01   6.6501592e-02   1.8032686e-01   6.5126097e-02   0.0000000e+00   1.4909166e-01   8.4616288e-02  -3.6984769e-01  -2.8848532e-01   2.2040037e-01  -4.7516733e-02   4.1812584e-02   1.2243184e-01   2.2756077e-01   8.5190845e-02   1.0399514e-01   1.6165092e-01  -1.1235040e-01  -1.7397927e-02   1.9447374e-01   2.3844758e-01   9.5512143e-02   1.0090195e-01   7.1692239e-02   1.2104409e-01   4.7775195e-01   5.7495874e-02   2.4317049e-01   4.7889588e-01  -2.4242018e-01  -1.2557052e-01   1.9693101e-02  -2.7570957e-01   2.3579556e-01   2.9099447e-01   2.4669993e-01   6.6149635e-02  -1.4392481e-01  -2.4358925e-01  -1.3022336e-01   1.1794376e-01  -2.4525936e-01  -9.1185881e-02   4.1775837e-01   9.0137082e-02   3.6537333e-01  -5.2025127e-02  -1.2593142e-01  -2.8337074e-01   2.5531394e-01   1.3154142e-03  -4.6035343e-01  -3.0372035e-01  -1.6096501e-01   2.1082206e-01   1.0150348e-01   9.2778545e-02   1.9545259e-01   3.1567440e-01  -1.8699837e-01   2.9572771e-01   3.0752572e-02  -2.0242127e-01   6.5968954e-02   6.0282183e-01   6.6213120e-01   1.0470639e-01   4.4441507e-01   2.6441196e-01  -3.9987647e-01   2.7359969e-01  -2.2537008e-01   6.2996175e-02  -1.2173444e-01  -5.9644948e-03  -9.5872072e-02  -2.7420415e-01  -4.7394877e-01   8.2210776e-02   2.0603373e-01  -1.9826080e-01  -4.5551126e-01   2.3169792e-01   9.6579732e-02  -1.9651756e-02   1.0130684e-01  -4.9224170e-02  -1.3893280e-02  -1.1860594e-02  -3.9988958e-01  -1.3655296e-01  -2.9686708e-01   1.1235953e-02   1.2425774e-02  -2.3141994e-01   1.1765597e-01   6.2154342e-02   1.3969810e-01   3.6587740e-01  -1.1393335e-02   1.6626978e-01   3.8869129e-01   4.6669663e-02   2.1942853e-01   3.6586597e-01  -4.7300215e-02   3.5014424e-01  -2.0479385e-01   3.0169678e-03  -9.0424259e-02   4.6426913e-01   1.1443164e-01   1.6840456e-01   1.8274620e-01  -4.3987890e-01  -1.4015346e-01  -1.2583592e-01  -2.9698033e-01   8.3457997e-02   6.1033881e-02  -2.4889480e-01  -1.8196306e-01   4.7939675e-02   1.5717468e-01   2.2658352e-01   6.0119516e-01  -1.2117961e-01   1.1512667e-01   1.8390038e-01  -9.2436483e-02  -1.2639302e-01  -8.3586815e-02  -4.9136795e-01  -1.4516285e-01  -3.1633607e-02   2.4712443e-02  -8.7166931e-02   1.1313822e-03   1.1493880e-01   1.9842223e-01   1.2057686e-01   3.3152334e-01   3.0418760e-01   2.4386830e-01   1.9482827e-01  -2.1564375e-01   1.7532933e-01   3.5615558e-01   1.4004250e-01   1.8467578e-01   1.9910304e-03  -3.9418395e-02   2.0710474e-02  -1.8396098e-01   1.2557876e-01   1.6970491e-02   1.8731710e-01  -1.0174694e-01   1.0122497e-01   1.8535321e-01   3.0090106e-01   1.6537126e-01   3.3922456e-01  -1.0080936e-02  -2.5805779e-01   1.5541112e-01   9.5708112e-03   3.0685944e-03  -3.8314263e-01  -3.2981343e-01   4.9266252e-03   4.6188072e-01   3.0827565e-01  -6.1046232e-02   1.1899497e-02   9.0579536e-02
  -3.4921975e-01   2.8054885e-01   1.7951662e-01  -1.1554337e-01  -2.1985481e-01   1.4909166e-01   0.0000000e+00  -8.5427005e-03   1.4997625e-01   2.2603093e-01  -2.4133456e-01   5.8154133e-01   1.3946977e-02  -2.6570577e-01   5.2305833e-01  -6.5170103e-02   1.0188196e-01  -3.9233211e-02  -1.9374594e-02  -6.1450538e-02   4.4317497e-04   5.8063674e-02   6.7795597e-01  -4.9480243e-01  -4.4832110e-02   4.5219384e-03   2.8933092e-01  -1.2688156e-02  -3.1712160e-02   3.6114894e-01   1.4423960e-01  -2.1383788e-02  -2.7320024e-01   6.3978538e-01   6.5357584e-01  -8.7861875e-02   3.7248984e-01  -2.4054979e-01  -2.7452886e-01   3.8748819e-01  -6.1620210e-02  -4.1047725e-02   2.6219402e-01  -1.5436604e-01   1.9713420e-01  -2.6723917e-01  -2.8023193e-01   5.7150947e-01  -3.4921251e-02   9.4309171e-02  -7.0687659e-02  -1.3321468e-01   1.1215473e-01  -1.2745226e-01  -1.1240786e-01  -3.1390981e-02  -1.9787481e-01  -3.0009860e-01  -5.7679888e-02   2.5389775e-01  -1.4089852e-01  -5.1563846e-02   8.8973462e-02  -3.6006512e-02   9.7334290e-02   2.6253470e-01   4.6204432e-02  -5.8093108e-02  -2.3533107e-01   9.8954303e-02   4.1277886e-01  -1.4137652e-01   2.5061286e-02  -3.3953157e-01   1.7642636e-02   7.1752602e-02  -9.6147257e-02  -8.6098011e-03  -1.2741802e-01  -2.1187937e-01   5.0855287e-01   3.2678748e-02   1.4868477e-01   4.5779791e-03  -2.5597966e-01   3.7588176e-02   3.6094760e-01  -3.7754632e-01  -2.6676744e-03  -3.8332636e-01  -1.7518459e-01  -3.7678969e-02   5.3242774e-01   2.5788541e-01  -3.6288500e-01   7.9215566e-02  -1.6599556e-01  -9.2369189e-02  -2.9361285e-01   3.1322541e-01   2.0311857e-01   3.1770726e-01  -6.4025189e-02   2.1316419e-01  -1.2210623e-02  -1.1359147e-01   3.0104718e-02  -8.6564230e-02  -1.2072359e-02   1.1369607e-01   6.7430174e-01   1.1910233e-01  -4.3111735e-02  -3.8671054e-01   1.1877577e-01   4.4717223e-02  -1.2164801e-01   9.1245392e-02  -1.9306445e-02  -1.2403244e-01  -2.0111542e-01   2.1311663e-02   7.3973470e-02   4.9583966e-02  -2.2964729e-01  -2.8722740e-01   3.3287003e-01  -8.0752882e-02  -7.2077092e-02  -1.0584961e-01  -4.3453499e-02   3.6102345e-01  -2.3582299e-01   2.1332570e-01  -5.5379967e-02   2.4033756e-02  -1.3952609e-03   5.1214419e-01  -1.0246652e-01  -2.9050907e-01  -3.6935069e-01   6.9613337e-02  -8.9887657e-02   5.8035388e-02   5.0230006e-01   8.0811643e-02   6.9167897e-01  -2.6860250e-01   2.7595287e-01   2.1224502e-01  -1.4883642e-01   1.5693832e-01  -1.6092569e-01  -2.2927485e-02   1.6997127e-01  -3.5445339e-01  -2.6689060e-01   7.2786417e-02  -1.9973994e-01   3.1403601e-01  -7.1798598e-02  -1.5080410e-02  -1.9435703e-01  -6.2553966e-02  -1.7438074e-01   3.7832046e-01   4.2884536e-01  -2.7198597e-01  -9.9943245e-02   1.0195896e-01   1.9757699e-03  -2.2668809e-01  -1.9194457e-01  -1.4090487e-01  -8.5657611e-02  -3.9844150e-02   1.6029478e-02
   2.9354193e-01  -6.6275445e-02  -1.5252675e-01  -6.5929717e-02  -7.0495439e-02   8.4616288e-02  -8.5427005e-03   0.0000000e+00   1.0633516e-01   2.5344541e-02   3.9610810e-02  -1.6281444e-01  -1.8823017e-01   2.2400405e-01   1.1963781e-01  -2.0559366e-01  -5.7651495e-02   2.2001995e-02   1.8797227e-01  -4.5950310e-03  -1.1581637e-01   3.9785466e-02   3.1366035e-02   1.4674461e-01  -5.9213106e-02   7.5714044e-01  -9.2821642e-02   8.9119161e-02  -1.3807882e-01   1.1995171e-02   2.2486329e-02   3.1527459e-01   1.1156702e-01   7.4955477e-02   8.2140301e-03   2.9755900e-02  -1.3281794e-01   6.3309149e-02  -2.5059371e-01  -3.8008379e-02  -2.4678034e-01  -1.5364399e-01  -1.3621014e-01   1.6114677e-01  -7.6941316e-02   2.2259098e-01  -1.4151239e-02  -7.3411736e-02  -9.2335116e-02  -2.0919563e-01   2.5941910e-02   7.0109671e-01   1.2938373e-01  -1.5181131e-02   3.5434892e-03   8.3915421e-02   2.4884746e-01   7.4917607e-02   6.3993924e-02   9.3540071e-02  -2.5723214e-02  -1.2599111e-01  -8.2780443e-02   2.8188557e-01  -7.8359417e-02  -1.8270378e-01   1.9401621e-01   2.2020348e-02   4.3983926e-01  -3.9855633e-02  -9.5806118e-02  -1.9617681e-01   2.0268148e-01   1.8786546e-01   2.4105318e-02   4.8417173e-01   6.1584396e-02   3.9095792e-01   5.1857139e-02  -2.0697342e-01   2.1971624e-01   1.1911502e-01  -5.0295522e-02   5.7698928e-01   2.8281030e-03   5.7357068e-01  -7.4918468e-02   2.0367340e-01   2.3403278e-01   9.4521837e-02   9.6456770e-02  -3.1856335e-02  -7.5189207e-02   1.2954756e-01   1.4480003e-01  -2.9210439e-02  -3.9421283e-02   5.0492079e-01  -8.7393176e-02  -2.3341910e-01  -1.9875171e-01   3.1865732e-01  -8.0875638e-02   7.1610009e-02   6.5958146e-02   2.0852466e-01   1.4483431e-01   5.8547346e-01  -8.2477847e-02   3.6163844e-02   1.0310640e-01  -4.7542895e-02  -1.1886349e-01   1.5814614e-01  -5.9948104e-02   1.7548711e-02   2.1439376e-01  -2.2938270e-01  -3.0143093e-01  -3.8325461e-02   2.4658495e-01  -1.4786289e-01  -6.8300353e-02   5.1453233e-02   2.2845392e-01   1.2856618e-01  -4.3638572e-02  -3.0311468e-01  -6.7633098e-02  -2.9971182e-02  -1.1159611e-01   5.8684581e-02   1.7430448e-01  -9.2639425e-02  -3.0358872e-02   6.2670544e-01  -1.7051600e-01  -8.9821818e-02   6.6488951e-01   1.7538271e-01   1.8784938e-01  -1.3750777e-01   3.4665217e-01  -4.2804538e-01   4.4691073e-02  -1.2590929e-01  -1.3493621e-01  -7.1787704e-02  -2.8656855e-01  -2.9577447e-01   6.8555300e-02   1.1861192e-01   1.9675776e-01   1.4276372e-01  -2.0060068e-01   1.9901724e-01   1.6718423e-01  -7.8533164e-02  -1.3880844e-01   1.5313300e-01  -7.3250268e-02   9.5185999e-02  -2.2121032e-01   8.1043648e-02   4.7097144e-01   1.6155543e-01   1.8611636e-01   2.6794058e-01   2.0252604e-01  -4.6142602e-02  -1.3574161e-01   7.2061534e-02  -1.4081728e-01  -4.2687345e-02   4.6798772e-02  -2.3028458e-01   4.2786379e-01
  -2.3161845e-01   6.0173058e-01   6.9739888e-02   4.1467577e-03   1.3208987e-01  -3.6984769e-01   1.4997625e-01   1.0633516e-01   0.0000000e+00  -7.4784673e-02  -1.4198943e-01   2.5854439e-01  -7.8470269e-02   1.9588376e-02  -9.8114766e-02  -3.1390338e-01   5.1193988e-02   5.8529510e-02   5.5757088e-02   2.7753408e-01  -3.2003950e-01   2.8449938e-01  -1.6634353e-01  -1.6312306e-01   1.0864746e-01   1.2777383e-01  -4.5309783e-03   5.9926042e-02  -2.4696022e-01   2.1610210e-01   1.7700595e-02   1.8193464e-01  -1.5475803e-02   1.6098562e-01   8.3107634e-02   4.4475042e-02  -6.8665017e-02  -1.4254074e-01  -1.8761100e-01   3.9973912e-01   9.8382149e-02  -1.1043736e-01   4.1824769e-01   1.1464580e-01  -2.4695400e-01  -7.2635388e-02  -1.5278303e-01   3.3447805e-01   2.9736077e-02   2.6496385e-01  -4.8950207e-02   2.5808031e-02   3.4934884e-01   1.5650728e-02   3.2796357e-02  -1.1525228e-01  -5.2642008e-02  -7.7938887e-02  -7.9957510e-02   2.2900353e-01   9.1159804e-02  -1.4663776e-01   4.9988125e-01   1.6625731e-01  -3.6152582e-02  -3.2208738e-01  -2.7673945e-02   2.0463120e-01  -3.0894825e-01  -9.4899264e-02   4.8519148e-01  -9.9423643e-02   8.7411239e-02  -4.9260891e-02  -7.4802934e-02   1.1907607e-01   1.2399620e-01   1.9886793e-01   3.2316331e-01  -1.3994471e-01   4.7413314e-02  -5.2072539e-02   3.3768022e-01  -3.9674225e-02  -1.7691392e-01   1.0479368e-01   4.3547003e-02  -3.5356608e-03   4.9043196e-01  -1.4069116e-01   3.8524535e-01   9.6176447e-02   2.5498005e-01   5.2470292e-01  -2.0076788e-01   2.5851326e-01  -1.3017559e-01   9.2452171e-02   1.2323864e-01  -2.4877441e-01   3.7895078e-02  -5.2635351e-03  -1.9825388e-01   4.6597494e-01  -9.5637856e-02  -5.5951932e-02   1.5403008e-01  -2.2694421e-02  -7.1799716e-02   7.1711440e-02   1.6337390e-01  -1.9080558e-01   3.9519246e-02  -2.2608217e-01  -1.5111904e-01   4.3646538e-01   6.6798039e-02   1.2291311e-02   1.0425764e-01   7.2715689e-02  -8.4290122e-02   6.8925832e-02   3.0103666e-01   1.8304636e-01  -5.0421200e-02   1.7831423e-03  -1.9275839e-01   5.6428957e-02   8.5985839e-02  -1.0017799e-01  -1.9657238e-01  -1.2033494e-01   8.7884825e-02   2.7779074e-01   4.7457633e-01   1.1130937e-01  -2.4029672e-01   1.8840668e-01   9.9459062e-02  -2.9166956e-01  -2.2185440e-01  -6.4605268e-02  -1.3723331e-01   3.8804370e-03  -1.0236499e-01  -1.5024987e-01   2.9687600e-01   2.4357638e-02  -1.7429698e-01  -2.2808870e-01  -1.9136768e-01  -4.0287910e-02  -6.5493719e-03   8.1143190e-02   3.0314279e-01  -2.0052112e-01  -1.4690031e-01  -2.3563096e-01  -4.1201617e-02   4.8236167e-02   8.0810185e-02  -1.8549358e-01  -8.6055930e-02  -1.4465166e-01   2.5420215e-01   1.6320190e-01  -3.2866708e-02  -9.1928947e-02  -1.4380296e-02   3.2319891e-01   2.4631570e-01  -1.7357828e-01  -3.2724505e-02  -4.3223366e-02   1.4465764e-01  -2.2645662e-01   4.6066010e-01
  -2.3390563e-01  -2.4410740e-02  -9.1067738e-02  -2.5566101e-01   1.9191568e-02  -2.8848532e-01   2.2603093e-01   2.5344541e-02  -7.4784673e-02   0.0000000e+00  -4.1239735e-01   2.1068015e-01   2.6081897e-01  -4.4513434e-01  -1.3470061e-01   4.0187250e-01  -2.4678200e-01  -3.8038298e-01   2.3715824e-01   4.5587181e-02  -2.7458809e-01  -4.6281572e-01   1.7953187e-01  -4.5285446e-01  -1.0831222e-01  -5.7642262e-03  -1.2565864e-01  -5.0376450e-01   6.3758553e-02  -3.9038810e-01  -6.3723035e-02  -1.8207231e-01   9.5093737e-02   6.5518672e-01  -9.3943022e-02  -2.6395471e-01   1.3142765e-01  -1.3358496e-01   3.3018932e-01   3.3509237e-01   2.3834236e-01   1.3501487e-01   1.7149345e-01  -4.2006626e-02  -3.0420570e-01  -3.9545313e-01  -4.7526291e-01   2.1954592e-01   5.0557753e-02   1.8475883e-01  -6.1091623e-01   2.0884310e-03   5.5406213e-01  -2.1386488e-02  -2.0489069e-01  -2.5402357e-01   5.1701875e-02  -3.4931637e-01  -2.2523640e-01  -4.0114542e-01  -4.6358955e-01  -3.0233187e-01  -2.8376244e-01   3.9358928e-02  -1.4747446e-01  -2.4202791e-01  -3.1709517e-01  -3.1182597e-01  -2.9722503e-01  -2.9460395e-01   2.8945835e-01  -4.7982464e-01   2.6791347e-01  -4.3790253e-01   2.9842396e-01   1.2228949e-01  -4.3460217e-01   1.9395352e-01   3.1979571e-01   1.6137520e-01  -2.9998637e-01   4.7649958e-02   3.6538977e-01   5.4587751e-02  -3.8559498e-01   4.8308317e-02  -1.1381447e-01  -4.7264741e-01  -1.1938246e-01  -3.1961424e-01   2.4395314e-01  -3.1327214e-01   3.4546737e-01  -9.5876472e-02  -8.7409250e-02   4.6818260e-01   7.6212683e-02   3.0820222e-02  -1.8069358e-01  -1.0762090e-01  -1.9689454e-01  -1.0980953e-02  -3.2782121e-01  -4.0501380e-01  -5.4822719e-01  -5.4301988e-01  -3.0013342e-01  -2.3842590e-01   4.6526353e-01   1.7241197e-01   2.8951976e-01  -5.0320771e-01  -2.2316682e-01  -1.6987091e-01  -4.6331004e-01   2.3487276e-01  -1.7495403e-01   3.6307277e-01  -1.4645290e-01  -2.1037545e-01  -3.7650813e-01   2.6505768e-01   2.3733823e-01  -1.9326311e-01  -4.5243035e-01  -5.1431041e-01  -3.7356988e-01   1.4496027e-01  -2.8690797e-01  -3.6296421e-01   1.9994024e-01   3.7568247e-01  -2.9058972e-01   3.7189795e-01  -2.0326543e-01  -1.9973292e-03   2.1348216e-01  -1.4850704e-01  -1.6710017e-01   3.5566098e-02  -2.2942427e-01   2.5807179e-01  -4.4285398e-01  -1.6324942e-01  -9.6225644e-02  -2.7707499e-01   1.7407325e-01  -2.1175087e-01  -5.4948607e-02  -4.4346069e-02  -5.1673382e-01  -1.3485308e-01  -3.6374203e-01   9.4368367e-02   2.6041503e-01  -2.7421809e-01  -3.9844802e-01  -5.7856714e-02  -2.1899313e-01  -3.4988439e-01  -1.3927898e-01  -3.6611344e-01   1.5982559e-02  -4.1478048e-01  -1.5522439e-01   6.1047854e-01   2.3447994e-01  -2.7314962e-01  -3.3300634e-01   1.7270744e-01   3.7044551e-01  -2.3595195e-01  -4.9852497e-01  -2.4921835e-02  -4.3660404e-02   2.7001437e-01  -2.6442947e-01
  -8.2611382e-02  -1.6407966e-01  -1.0574292e-01   1.2226961e-01   1.7756452e-01   2.2040037e-01  -2.4133456e-01   3.9610810e-02  -1.4198943e-01  -4.1239735e-01   0.0000000e+00  -3.1501199e-01   4.3072988e-02   4.1444563e-01   2.5440394e-01  -8.0900456e-03   9.5055979e-02   6.0390515e-01  -2.3182295e-01   4.6887991e-02   4.6058898e-01   1.9753218e-04  -1.0977448e-02   7.8872531e-02  -2.4722310e-01  -2.6306903e-02   1.9409147e-01   1.6749986e-01   8.9028722e-02   1.3238992e-01   3.9056857e-01   3.1503807e-02  -2.9705179e-02  -3.3334803e-01  -9.1292164e-02   5.0694801e-01   1.6879955e-01  -1.1439127e-01   7.7406983e-02  -2.8537685e-01   1.4870398e-01  -1.6920435e-02  -1.5611524e-01   2.5477576e-01   4.0827960e-01  -1.1243278e-02   7.5455852e-01   5.6181928e-02   1.0622634e-01  -2.4672867e-01   5.0770770e-01  -1.0438562e-01  -1.0981745e-01  -1.6396975e-01   5.9500393e-02   2.4929987e-01  -8.6108655e-02   1.9020287e-01   4.1393213e-01   3.0396650e-02   2.2676543e-01   4.1794479e-01  -1.0450884e-01   4.4980203e-01   4.3079541e-01   3.0362463e-01   4.6234817e-01  -3.2902115e-02   4.4828336e-01  -1.5045083e-01  -1.7620900e-01   2.3699316e-01   1.7566545e-01   9.2003803e-02   7.3231390e-02  -1.2165766e-01   2.1725496e-01   1.0432007e-02  -1.7046723e-01   2.1318335e-02  -1.9906456e-02   2.8448347e-02  -6.3770503e-02   1.5257228e-01   1.9104895e-01  -8.9909206e-02   2.0655823e-01   2.1972181e-01   1.2819619e-02  -5.8392076e-03  -7.7424423e-02  -1.5490992e-02  -3.5252022e-01  -3.3609042e-02  -7.4577409e-02  -2.6240088e-01  -7.2193679e-02  -1.1002221e-01   3.9649897e-01   1.7130394e-01  -6.3034483e-02  -6.1105286e-03   3.8833485e-01   7.0451786e-03   3.2472515e-01   3.6202303e-01   3.1502603e-02   2.4387993e-01  -1.5927507e-01   2.7047706e-01  -7.4460815e-02   3.7588314e-01  -1.8585480e-02  -1.6947150e-01   8.6544992e-02  -3.6884097e-02   1.1332860e-01  -4.5603566e-02   2.2381357e-01   4.0338755e-02   4.2842976e-02  -1.1223220e-01  -2.0624754e-01   5.1456759e-01   2.4662508e-02   2.2924008e-01   3.4373227e-01  -1.1225257e-01   6.2965594e-02   5.3600288e-02  -1.0278830e-01   1.7887380e-01  -7.1796399e-03  -3.8220176e-02  -6.8116461e-02  -9.4819022e-02   6.3472444e-02   1.2277817e-01   4.9403478e-02  -9.3649722e-02  -1.2899606e-02  -3.0458976e-02   3.4261126e-01  -7.8090701e-02   1.8906097e-01   4.0155710e-01  -3.5783932e-01   3.7332619e-01   1.7872404e-01   3.6490139e-01   1.4615009e-01   3.4222398e-01   3.0434599e-02   2.6210816e-01  -3.2558492e-01  -2.7744945e-02   1.3403088e-02   3.4486426e-01   1.0175912e-01   1.1934534e-01  -3.2197791e-02   4.0339060e-01   2.9333730e-01   4.6935390e-01  -6.1061916e-02  -3.1364715e-01   1.8385781e-01   2.9526718e-01   1.6142421e-02   5.1225414e-02  -7.9380116e-02  -4.6650129e-02   6.0141782e-01  -7.6271709e-02  -1.4107189e-01  -3.3415757e-02   1.1678929e-01
  -3.8740053e-01   7.4950837e-01   5.7394637e-01  -1.9605587e-01   2.4300882e-02  -4.7516733e-02   5.8154133e-01  -1.6281444e-01   2.5854439e-01   2.1068015e-01  -3.1501199e-01   0.0000000e+00   1.2028819e-01  -2.9003633e-01   2.9874580e-01  -3.0351641e-02   3.5784996e-01  -1.7603124e-01  -5.2865696e-02   2.4401199e-01  -2.3069483e-01  -5.7744639e-02   3.0644573e-01  -3.9337699e-01   2.8870521e-01  -6.0767081e-02   6.7370144e-02  -2.6622275e-01   1.1138303e-01   1.7094705e-01   1.5853237e-01  -9.2114813e-02  -7.5862391e-02   6.3668945e-01   5.2947809e-01  -2.7349838e-01   2.4641759e-01  -1.5122698e-01  -2.6400795e-01   5.4345296e-01   9.1532789e-02   4.7957367e-02   5.2107112e-01   5.3011730e-02  -1.2360367e-01  -2.3854322e-01  -4.5634038e-01   4.5700419e-01  -2.6179933e-03   6.2079996e-01  -2.2553973e-01  -1.5109317e-01   1.2924504e-01   5.5099661e-02  -9.4320081e-02  -2.0308959e-01  -1.8151970e-01  -5.2039553e-01  -7.0150555e-02  -3.7738800e-02   4.0708803e-02  -8.7047055e-02   1.1288129e-01   1.2097926e-02  -4.9278101e-02  -1.6000005e-01   6.6159190e-02   1.5995496e-01  -3.5931393e-01   5.9716632e-02   6.5109646e-01  -3.9867687e-01   8.9641031e-02  -2.7494587e-01   2.0956003e-01   7.0813297e-03  -1.8358154e-02  -4.9044752e-02   7.8400650e-02  -1.6908224e-01   1.0475830e-01  -1.0625190e-01   5.6095498e-01  -5.9512079e-02  -2.5695225e-01  -5.4999686e-02   3.2627440e-01  -3.7756220e-01   2.7339557e-02  -4.7122532e-01   5.5479236e-02   2.1826800e-01   7.7838712e-01   3.0222025e-01  -2.9375543e-01   3.4278439e-01  -2.9936304e-01  -1.3707437e-01  -8.4726795e-02  -5.3232285e-02   4.6633975e-01   1.2191377e-01  -2.2342553e-01   2.2489895e-01  -1.4452250e-01  -1.6017750e-01   2.4718007e-01  -1.5301371e-01  -6.1702973e-02   1.0065834e-02   5.4806548e-01  -2.5934464e-01  -9.7938668e-02  -2.8519999e-01  -1.4286414e-01   2.7015347e-01  -2.2566603e-01   1.6068671e-01   5.5659648e-02  -1.6410109e-01  -2.3376747e-01   1.4023753e-01   3.8981896e-01   1.3814766e-01  -2.4478742e-01  -2.9131607e-01   1.6955626e-01  -5.9480056e-02  -2.8711469e-01  -7.2939303e-02  -9.5690195e-02   6.0413567e-02  -2.2020896e-01   3.1229851e-01   2.7832231e-02  -9.4174391e-02   7.6242114e-02   3.6278956e-01  -1.9504670e-01  -1.9497079e-01  -4.3323723e-01   1.6702727e-01  -3.4826290e-01   2.7115206e-01   2.6116277e-01  -3.2607165e-02   8.1425226e-01  -4.1042108e-01   1.1418879e-01  -2.7362708e-02  -2.3978017e-01  -2.4000564e-02  -1.2909864e-01  -2.3834632e-02   6.5200439e-01  -3.0904418e-01  -2.8724890e-01  -9.0479874e-02   9.2384375e-02   7.4542981e-03  -1.0625720e-01  -1.7430892e-01  -2.6955570e-01  -2.5579373e-01  -1.3808415e-01   5.5342176e-01   9.0148848e-02  -3.7321155e-01  -7.6497170e-02   4.0545425e-01   2.5993844e-01  -1.9222824e-01  -3.0127224e-01   8.4883944e-02   8.9264212e-02   1.3940078e-02   7.0185469e-02
  -3.2409558e-01   5.0676284e-02   1.6572970e-02  -2.0198844e-01   1.6624189e-01   4.1812584e-02   1.3946977e-02  -1.8823017e-01  -7.8470269e-02   2.6081897e-01   4.3072988e-02   1.2028819e-01   0.0000000e+00  -1.9125275e-02   1.7515538e-02   1.2389858e-01  -9.8661326e-02  -3.5265038e-02  -1.0717253e-01   1.3982797e-01  -4.0696689e-02  -1.0972535e-01   6.0509636e-02  -2.8638533e-01   6.4377717e-02  -3.3282201e-01   9.6952934e-02  -2.3889230e-01   2.8880063e-01  -2.4994894e-02   4.2822119e-02  -4.0697258e-01  -6.8392838e-02   3.4224708e-02   3.1980522e-02   1.4102485e-01   2.3301472e-01  -2.0758093e-01   3.5386518e-03   8.2942553e-02   6.8164713e-01   3.9557583e-02   2.0284534e-01   1.3454413e-01   5.6529106e-02  -3.2086073e-01   6.5011741e-02   5.0576071e-02  -1.0356464e-01   8.2952075e-02  -1.3853553e-01  -2.7817020e-01  -2.1880091e-02  -3.2864007e-01  -7.0211887e-02  -1.0686428e-01  -1.7133600e-01  -2.4641671e-01   1.5344742e-01  -2.2079676e-01  -3.1749162e-01   7.1121589e-02  -5.3144023e-02  -1.1880316e-01   5.0826043e-02   6.9473218e-02   1.2226310e-01   1.4984229e-01  -6.9434118e-02  -1.5912623e-01   8.5340611e-02  -1.2252077e-01   3.5000608e-02  -3.5580638e-01   4.4704304e-02  -2.0569101e-01  -3.6319791e-01   1.8605564e-02  -5.8946175e-02   7.1526917e-02  -2.1517693e-01  -1.3193243e-01   9.1368158e-02   1.1762274e-01  -1.5418060e-01  -2.5750000e-01  -2.4749075e-02  -2.0715929e-01  -7.2294039e-02  -3.5559203e-01  -1.6893166e-02  -2.9531878e-01   1.8075892e-01  -2.8259288e-03  -2.4247793e-01   3.7989795e-01   2.8978147e-02  -3.2024454e-01   1.9832064e-01   2.2505665e-01  -1.6118064e-01  -1.6951626e-01   1.7934246e-01  -2.3617581e-01  -9.0232102e-02  -1.1483136e-01  -8.9065028e-02  -2.2103516e-01  -5.8903732e-02   9.6638341e-02  -7.3508170e-03   3.7428296e-02  -5.5374686e-02  -2.7534272e-01  -3.1915192e-01   1.3819972e-01  -1.6558221e-01   1.2864279e-01  -1.0908947e-02  -2.9358293e-02  -3.1397389e-01   3.4705968e-01   2.2409850e-01   1.6860933e-01  -3.9929294e-01  -1.7904714e-01   1.2503083e-01  -1.0217459e-01  -2.3990883e-01  -1.5960857e-01  -3.7162454e-02   1.0973312e-01  -3.1509530e-01  -9.3050823e-02   1.1197763e-01  -3.0011752e-01   1.3554362e-01  -4.1541562e-02  -2.8028898e-01  -1.4080199e-01  -4.1971226e-02   6.2354722e-01  -3.1573039e-01   2.2495132e-04   1.2727368e-01   1.1580531e-01  -1.6583629e-02  -8.2493925e-02   1.9068896e-01   2.3817431e-01  -3.1144662e-01   1.6388059e-01  -2.8349098e-01   1.4244930e-01   1.1071622e-01  -2.7232439e-01  -3.8699104e-01   2.6554622e-01  -2.3773403e-01  -9.5913167e-02   1.8212175e-01  -1.0408855e-01   1.3511998e-01  -6.2863837e-02  -3.0087103e-01   8.3512692e-02   2.9434420e-01  -1.4093985e-01  -2.4679134e-01   1.1444322e-01   4.4949994e-02  -3.3962014e-01   2.8923749e-02  -2.3805012e-02   2.3241175e-01   1.0707993e-01  -1.4004710e-01
   3.7810416e-01  -8.5301712e-02   1.5500541e-01   1.3251767e-01  -1.2404706e-01   1.2243184e-01  -2.6570577e-01   2.2400405e-01   1.9588376e-02  -4.4513434e-01   4.1444563e-01  -2.9003633e-01  -1.9125275e-02   0.0000000e+00   2.1561725e-01  -4.2990933e-01   2.1124324e-01   1.7364199e-01  -1.1262917e-01  -1.5595823e-01   2.6597841e-01   3.1892976e-01  -1.0441683e-01   5.1165132e-01   1.5785272e-01   1.1956979e-01  -4.8335021e-02   5.5024649e-01  -2.0533890e-01   1.2163649e-01   2.4755439e-01   2.4728970e-01  -2.4267243e-01  -3.6082935e-01   3.1201550e-02   1.3055260e-03  -5.4059442e-02   1.8014330e-02  -3.2802767e-01  -3.8111309e-01  -6.6074561e-02  -3.9499654e-01  -8.8968052e-02   3.2209716e-01   2.2123232e-01   2.3724144e-01   2.9826074e-01  -2.1490938e-01  -1.2437758e-02  -2.7518446e-01   3.9934847e-01   2.9713913e-01  -3.1241438e-01  -5.7077476e-02   8.9600455e-02   4.4718096e-01   1.0925617e-01   2.7633950e-01   3.3366204e-01   1.8294977e-01   2.1620622e-01   9.3800982e-02   9.6525685e-02   1.7071627e-01   1.2895577e-01   5.5114773e-02   2.4365860e-01   2.1131519e-01   3.3657262e-01   2.1734224e-01  -3.8223659e-01   1.8500866e-01  -1.6680576e-01   4.8192938e-01  -1.3452415e-01  -9.9038522e-02   2.0144353e-01   1.5239280e-01  -2.5713246e-01  -1.5238643e-01   4.2698874e-01  -1.7416066e-01  -2.9715244e-01   2.2575872e-01   6.7801189e-01   6.9373943e-02   1.5911581e-01   7.1447418e-01   1.4397756e-01   4.1900121e-01  -1.8883224e-01   1.8541280e-01  -3.6161444e-01   3.8558599e-02  -2.5820911e-02  -4.5902634e-01  -1.3330927e-01   4.1259737e-02  -1.4497949e-02   1.4647574e-01   2.0070425e-01   1.8701153e-01   5.6531508e-01   1.5672133e-01   4.8342299e-01   4.3581257e-01   1.5461537e-01   2.1708061e-01  -1.4852220e-01  -2.1393896e-01  -8.8014399e-02   3.7672725e-01   8.1207881e-02   2.0041066e-01   4.6307690e-01  -1.2057388e-01   4.3587421e-01  -1.5091165e-01   3.5443168e-01   1.7491201e-01   4.0428286e-01  -3.2867670e-01  -2.1713473e-01   2.7307529e-01   3.2710793e-01   4.8948137e-01   2.8004166e-01  -1.9220028e-01   2.6629696e-02   3.2495490e-01  -1.5496188e-01  -1.9211500e-01   4.7771034e-01  -3.1411356e-01   1.1121915e-01   8.8174307e-02  -2.0700868e-01   8.2125445e-02   4.4489549e-01   7.9044428e-02   4.9692462e-01   1.6986812e-02   4.1430106e-01   4.8278647e-02   2.1105136e-01   3.6220428e-01  -2.7711039e-01   9.4936733e-02  -1.7415261e-02   6.5462330e-02   6.3781812e-01   4.1598183e-01   3.7408600e-01  -1.0247526e-01  -2.2386032e-01   3.6542132e-01   2.7016180e-01   3.0769172e-01  -4.6940176e-02   4.5069682e-01  -1.9194678e-02   4.7902303e-01  -5.8872574e-02   4.6932799e-01   1.4441513e-02  -3.7419322e-01  -1.8024324e-01   5.4963652e-01   4.9730391e-01  -2.7728944e-01  -4.3133221e-01   7.6464588e-02   1.8565256e-01  -9.6796796e-02  -2.1739875e-02  -3.2980144e-01   1.6239728e-01
