   0.0000000e+00  -5.5507539e-02  -1.9121112e-01  -3.1892269e-01  -1.1437800e-01  -2.0235138e-01  -2.2142547e-01  -1.3975651e-01   1.8747562e-01  -2.0304632e-01  -3.0831963e-01  -1.3072693e-01  -3.1619404e-01   5.0705713e-01  -6.5114523e-02  -1.6845739e-01  -1.6757389e-01   4.1175654e-02  -2.7203001e-01  -7.8266011e-02   1.3647725e-01  -3.7132799e-02   7.1206631e-02   7.5501037e-01  -9.2728747e-02  -7.9268016e-02  -3.7853230e-02   4.6922972e-01  -1.5786860e-01   8.8029241e-02   2.1644497e-02  -4.3879686e-01   8.1431584e-02  -1.0719726e-01   1.1081154e-01  -9.0555769e-02  -1.6028148e-01   4.7321092e-01  -2.2170678e-01  -8.1652696e-02  -4.6226245e-01  -4.0134715e-04  -4.5731552e-02  -9.9690887e-02   1.4264014e-01   4.2789777e-01  -1.9740602e-01  -2.6221652e-01   1.5962190e-01   1.1865383e-01   8.1965370e-02  -1.4417498e-01  -2.1201811e-01  -9.0818375e-02   1.8759618e-01  -9.4876857e-02  -5.8751322e-02  -1.0782164e-01  -3.2855269e-01   4.0400010e-02   1.4232968e-01   2.1840789e-02   1.0793088e-01  -2.4443766e-02   2.2353683e-01  -7.1901470e-02  -2.4277789e-01   5.9895054e-02  -2.2916643e-01   2.0269266e-02  -3.6525807e-01   2.8726703e-02  -2.9063067e-01  -2.7766451e-02  -3.6748229e-02  -2.0910187e-01   1.7778514e-01   1.7312824e-02  -6.4969591e-02  -2.1110265e-01  -5.0190430e-02  -1.6617617e-01  -2.8710380e-01   1.1320490e-01   2.5133377e-01  -2.9948948e-01  -9.7575436e-02   3.7948040e-01  -2.9510938e-01   6.7568037e-01   7.6358277e-02  -1.3706393e-01  -1.9427702e-01   1.2906513e-01   5.1827196e-01  -2.0824152e-01  -2.2367665e-01  -2.4424661e-01   6.4080884e-02  -3.5609636e-02   1.2287179e-01  -2.0020677e-01  -2.3139667e-03   2.0827633e-01  -8.0921853e-02  -1.7446197e-01   9.7560259e-02  -2.0596237e-01   7.9331924e-02  -1.3946608e-01  -3.5670492e-01   1.3373425e-01  -1.0051552e-01   7.8501809e-01   2.3462413e-01  -4.3846425e-02   3.7391344e-03  -1.7705533e-01  -9.1250357e-02  -2.4108783e-01  -2.8762817e-02  -1.4768394e-01  -1.0520735e-01   1.8306084e-01   3.4054844e-01   2.1474139e-01   4.4469337e-02   2.5085850e-01  -1.3459529e-01   1.7601592e-01  -3.7107453e-01  -1.6977061e-01   3.1685850e-01  -2.1128234e-01  -2.9583038e-02  -3.3760412e-02   1.5131197e-01  -3.4042445e-01  -7.6988629e-02   5.8425306e-01   7.1997888e-01  -1.5698074e-01  -2.5760660e-01  -1.6686012e-01  -2.8187068e-01  -2.1375543e-01  -3.1005880e-01  -2.6698086e-02   1.7341623e-02  -2.4420086e-01   1.4364267e-01  -1.3866437e-01  -1.4120024e-01  -2.2713261e-01  -2.5690276e-01   4.9582441e-01   2.2615212e-01  -3.0817712e-01  -6.2395758e-02  -8.3038576e-02  -2.1464379e-02  -1.7725752e-01  -1.9861797e-01  -1.0014957e-01  -2.2444690e-01  -1.6597822e-02  -2.1316861e-01   2.5345926e-01  -9.7916858e-02  -2.0003929e-01  -1.0113420e-02   3.5739093e-01   1.7471874e-01  -9.2603674e-02  -5.9595428e-02   5.4794451e-02  -1.9869773e-01
  -5.5507539e-02   0.0000000e+00  -2.4345758e-01  -1.3325907e-02   1.3586976e-01  -3.4735593e-01   1.0369702e-01  -8.5308367e-02   3.3118140e-01  -2.7509765e-01   1.4990445e-01   1.8724831e-01  -1.3940550e-01  -1.6992396e-01  -1.2846580e-02  -1.4181556e-01  -5.4151710e-02   1.2122886e-01  -2.7179318e-01  -1.1817841e-01  -2.1804915e-01  -3.3090994e-01  -5.8056771e-01  -7.9498141e-02  -1.8202173e-01   6.6081407e-02   7.7467742e-02  -3.3069990e-01  -5.0271961e-02   4.7131142e-01   5.2568753e-01  -1.1037671e-01   8.3847633e-02  -2.7186264e-01  -7.0915251e-02  -9.3035007e-02   2.0385644e-01   4.4004194e-02   1.0421439e-01   1.2376351e-01  -1.3918473e-01  -1.1821856e-01   2.6020445e-01   5.8198764e-02  -5.0440450e-02  -2.1558453e-01  -7.2428235e-02   6.3331568e-01  -2.3075531e-01   3.0166380e-02  -3.1747849e-01   8.2544286e-02   4.8304145e-01  -1.5675134e-01  -2.2791295e-02  -5.4281372e-01  -4.8023962e-01  -1.9122489e-01  -6.4126120e-02  -1.4325137e-01  -2.5522674e-01  -4.6475731e-01   5.7884094e-02   7.7883384e-01   7.3477449e-01  -3.4184920e-01   6.7961916e-02   1.7848762e-01  -2.0290493e-01  -3.7251369e-01   5.7559666e-01  -3.9100133e-01   1.0750263e-01  -1.4049978e-01   9.4812874e-02   1.7983382e-01  -1.8422332e-01  -1.1402122e-01   2.9079478e-01  -1.7312096e-01  -3.6672872e-01  -3.0358104e-02   5.2309058e-01  -2.0109096e-01  -3.0520420e-01  -9.7637862e-02   6.8002279e-01  -3.0107459e-01   3.1264896e-01  -1.8568612e-02   4.5719891e-01  -1.5411524e-01  -4.2041669e-01  -4.9608664e-02  -7.4261476e-02   9.3732712e-02  -1.9340184e-01   1.5079807e-03  -1.9570020e-03  -3.3106048e-01   1.2396197e-01  -3.5366085e-02  -4.0523612e-01   3.6255068e-01  -4.1194536e-01   3.0676963e-02   3.2661254e-02   2.3701892e-02  -3.8701718e-01  -2.5404994e-01   4.3109160e-02  -5.1492015e-01  -2.5914181e-01   4.3247664e-02  -2.9451942e-01   5.9070015e-01  -2.4320400e-01  -1.4330752e-01  -1.8999714e-01  -2.4159793e-01  -1.9763398e-01   2.1671140e-01  -1.9844880e-02   7.2263791e-01  -1.5298205e-01  -2.9121559e-01  -1.4265108e-02  -1.1503116e-01  -1.0367375e-01  -1.3481723e-01   5.7526396e-03   3.2669725e-01  -1.2697166e-01   3.8867598e-01  -6.2092886e-02   2.8411720e-01  -2.4820095e-01   4.7252446e-01   1.2007089e-01  -1.2811560e-01  -6.3956146e-02  -3.8478841e-02  -1.4217380e-01  -3.8442454e-01   1.1719758e-02   3.3800224e-01  -9.3866267e-03   1.6086853e-01  -5.4013910e-01   1.3848830e-01  -3.5814209e-01   1.4694169e-01  -1.5274509e-01   6.4413298e-01   4.5748143e-01   1.1576313e-02  -2.8825847e-01  -8.3610123e-02  -1.5935295e-01  -4.5743605e-01  -1.0859026e-01   2.8874410e-01   2.3580303e-01  -2.7028099e-01  -1.5456996e-01   1.0346669e-03   1.5178919e-02   5.7579106e-03  -1.2757494e-01   4.3286217e-01   2.0386547e-01  -1.2008948e-01   3.4156313e-01  -4.8837944e-01  -1.4811045e-01   2.3260090e-02  -1.3038125e-01
  -1.9121112e-01  -2.4345758e-01   0.0000000e+00  -1.7217413e-01  -7.8952360e-02  -9.0055459e-02  -3.1618104e-01   7.3873263e-02  -3.4995952e-01  -2.1865224e-01  -3.0957602e-01   1.3052182e-01  -8.3954289e-02   7.6272752e-02  -2.3329662e-01  -1.6214617e-01   8.9716743e-01  -1.7213483e-01   3.5852009e-01  -1.6070360e-01   1.3466068e-01  -1.8729739e-02  -7.0309599e-02  -1.7535964e-01   1.6088941e-01   1.7184118e-01  -2.2246214e-01   1.3102463e-01  -6.8145131e-02  -3.8927395e-01  -1.1641525e-01   1.1352163e-01   1.7034951e-01  -3.1287717e-01  -3.3362300e-01  -3.0590643e-01  -3.3222170e-01   2.1990763e-01  -1.7159088e-01  -1.2455444e-01  -2.6042717e-02   3.8005271e-01  -7.5215428e-02   6.5440624e-02  -1.4702594e-01   3.9565885e-01  -2.0967930e-01  -3.9423083e-01   2.7772908e-02   1.5480008e-01  -1.5901353e-01   6.3076612e-03  -3.3703947e-01   3.1298375e-01   1.7579283e-01   2.1398823e-01   1.4879466e-01   3.1289368e-02  -1.9799372e-01   1.5726224e-01   6.1584262e-01   7.5139969e-02  -1.9141538e-01  -3.0387130e-01  -2.4472858e-01  -3.0361004e-01  -5.4476385e-02   4.0855469e-02  -1.4554698e-01   6.0461387e-01   7.0385274e-02  -7.5262272e-02  -5.3237543e-02   4.0244735e-01   3.0935890e-01   6.8912792e-02   4.9078332e-01   1.4606668e-01  -3.0214355e-01  -5.9647347e-03  -1.7488397e-01  -2.5614687e-01  -9.9270442e-02  -8.7626094e-03   5.2586245e-01   2.1142038e-01  -3.2210637e-01   3.8550379e-02   9.4077462e-03   2.1595332e-02  -1.5761197e-01   7.1522279e-01   8.3769715e-02  -1.9936151e-01   1.5163350e-01   1.3147340e-01  -9.8010250e-02   1.1568841e-01  -6.5008151e-02  -3.2130506e-01   2.9514473e-01  -1.1047891e-02   1.5045171e-01  -2.5680129e-01  -4.9443458e-02   3.6809585e-02   4.6529274e-01  -9.3118654e-02  -9.7269429e-02  -6.0882312e-02  -9.8644290e-02  -4.1042153e-02   7.7162643e-02  -5.2307561e-02   2.3126665e-01  -2.9438697e-01  -6.5571620e-02  -1.4058030e-01   3.4329213e-01  -1.5706109e-01   4.4925898e-01  -1.2444348e-01  -6.4783897e-02  -1.7679927e-01   3.2039459e-01   7.4828051e-02   8.7390232e-03  -5.2773570e-02  -1.6918710e-02   5.0042141e-01  -5.1895352e-02  -3.9472433e-01   1.6740418e-01  -2.4956166e-01  -2.4057403e-01   9.3349429e-02   1.1452487e-01  -1.7805366e-01   1.7255251e-01   1.9971654e-01  -6.0628355e-02   1.3772378e-02  -2.8036869e-02   5.4339235e-01  -2.5834989e-01  -6.2562504e-02   1.6874693e-01  -2.1400303e-01  -1.7032540e-01  -1.7364173e-01   4.7957602e-01  -2.1868235e-01   6.0446502e-01  -2.8566733e-01   2.5812568e-01   8.7447291e-02   3.3248482e-01  -1.1480286e-01   7.8949936e-01   6.3397462e-02  -7.2772643e-02  -2.1530976e-01  -2.6885357e-01  -1.4044449e-02   1.7140994e-01  -2.6804336e-01  -1.1160275e-01  -1.2913887e-01   6.4690771e-01  -4.7061974e-02  -1.1538822e-01   2.2291454e-01  -2.5295350e-01   3.6677962e-01  -3.6534953e-02   1.7215920e-01   1.5182842e-01
  -3.1892269e-01  -1.3325907e-02  -1.7217413e-01   0.0000000e+00   1.7293660e-01   3.7588096e-01   2.3232762e-01   1.4228112e-01   2.8869624e-01   2.1662760e-01   4.6235009e-01  -9.9855462e-02   8.6449400e-02  -1.8322950e-01   1.5201507e-01   3.7916041e-01  -2.1514034e-01   2.3188790e-01   6.7489863e-02   2.5688637e-01  -4.7429382e-02   4.5833869e-01   2.4493008e-01  -2.3398258e-01   2.2952500e-01   3.6078542e-02   5.6872875e-01  -2.1442212e-01   2.6138649e-02   2.0987266e-02  -3.5630897e-02   6.5497668e-01   2.0403388e-01   1.2214974e-01   1.8945998e-01   4.6021168e-01   3.1539874e-02  -5.9549055e-01   3.5075564e-01   4.0385028e-01   2.3990709e-01   8.8194655e-02   4.3070501e-02   1.0646884e-02   2.5918127e-01  -4.9896555e-01   5.7278916e-01   6.8012523e-02  -2.7702587e-02  -1.6476149e-02   4.0656262e-01   6.2163437e-02   9.0328096e-02   5.1846476e-02  -5.6265497e-02  -4.4719795e-03  -1.2877891e-01   5.6399580e-01   5.5299364e-01  -7.0532582e-02  -3.9329307e-01   2.3839319e-01   3.4054438e-01  -1.0693299e-01  -7.3285198e-02   2.0150450e-01   3.6255312e-01  -6.3893731e-02   5.2420001e-01  -1.1723824e-01   1.3310988e-01   4.0417810e-01   1.7429749e-01  -3.7858149e-01   8.2139568e-02   2.6082213e-01  -4.0710583e-01   4.3823847e-02   1.5055088e-01   4.1786073e-01   3.2016527e-01   1.9691566e-01   3.2991706e-02   3.8041113e-02  -3.1547452e-01   2.5847862e-01   7.7588563e-02  -2.5053364e-01   2.3314990e-01  -4.7609828e-01  -1.1388653e-01  -2.4771426e-01   7.6550635e-02   4.3122634e-01  -5.9986286e-01  -2.8832882e-02   4.8092922e-01   2.7243517e-01   2.2665783e-01   1.4279122e-01  -1.5881820e-01   4.3456764e-02   1.6452385e-01  -1.5109136e-02   4.9632065e-01   4.1746493e-01  -4.7902969e-02   5.0469839e-01   2.6658320e-02   1.0095938e-01   1.9111151e-01   3.3235209e-01   4.3020367e-01  -4.3666333e-01  -8.1989614e-02  -4.3145611e-02   1.7039290e-01   9.3449105e-02   3.2241075e-02   6.7157205e-01  -2.9750500e-01   1.9339603e-01   1.2871063e-01  -6.0101316e-02  -4.3655978e-01  -7.3932778e-02   1.9685752e-01   9.0174181e-02   5.5902109e-01  -2.3875498e-01   2.2614169e-01   1.6657079e-01  -3.2705336e-01  -2.2801541e-02   3.2756683e-01  -7.9572568e-02  -1.1293679e-01   2.0151059e-01  -4.5084313e-03  -4.9277138e-01  -2.9199688e-01  -3.2128553e-03   4.0284971e-01  -4.2456694e-02   2.9958076e-01   1.9988556e-01   1.2595568e-01   2.9625160e-02   2.2439838e-01   1.1623188e-01  -1.4964324e-01   5.6813200e-02  -2.9747917e-01   1.9971186e-02   1.1170634e-02  -4.0833555e-01  -2.7914641e-01   3.5482825e-01  -2.1504136e-01   2.0484040e-01   1.4227727e-01  -2.6886631e-02   6.0766843e-02   4.6024044e-01   4.5274004e-01   1.7726146e-01   2.6548459e-01  -1.9338610e-01  -2.2541426e-01   4.6618469e-03  -9.8285081e-02  -5.2343506e-01   3.4816514e-02  -1.3225958e-01   6.9516155e-02   2.1250080e-02   3.8101950e-01
  -1.1437800e-01   1.3586976e-01  -7.8952360e-02   1.7293660e-01   0.0000000e+00   5.7066565e-01   5.1464846e-01  -2.0410122e-02  -1.7682573e-01   4.6125172e-01  -1.1785128e-01   4.5302237e-01   3.9056453e-01  -4.0572077e-01  -2.8893435e-02   3.0791197e-01   5.8563596e-02  -2.5545590e-01   1.8517028e-01   7.6430360e-01  -2.3161318e-01  -3.2758651e-01  -2.5514364e-01  -2.3714231e-01  -2.2726594e-01  -7.0799327e-02   4.7872174e-01  -3.0200316e-01  -2.0768170e-01  -4.7844735e-02  -2.5817762e-01  -1.6485468e-01   7.5398360e-02   3.8755873e-01  -2.0107938e-03   6.0080591e-01   4.6163291e-01  -2.3733217e-01   3.6488650e-01   5.2691170e-01   4.0453361e-01  -5.3614852e-02   3.4548084e-01  -1.9551480e-01   1.4387465e-01  -5.2305691e-01   2.4196808e-01   3.7666515e-01  -1.2434404e-02   2.1288130e-01  -4.1126613e-01  -9.9062901e-02   5.4673034e-01  -2.0658199e-02  -8.7669790e-02  -1.4085323e-01  -7.9673801e-02  -2.9678515e-01   2.8952641e-01  -4.4112231e-01  -4.7391620e-01  -1.4308666e-01  -2.0348528e-01   1.8315841e-02  -4.7696593e-03   3.8043917e-01   6.3508305e-01   1.1772584e-01  -6.6220597e-02  -3.0700199e-01   4.5893935e-01  -1.8206955e-01   5.1121602e-01  -4.3128961e-01  -3.1329040e-02  -2.3832113e-01  -5.0162408e-01  -8.4774356e-02   7.5094658e-01   2.2264851e-01  -1.5322576e-01   3.3469068e-01   4.0706049e-01  -1.9992429e-01  -3.1445035e-01  -3.3606092e-01   3.4302965e-05  -2.2491458e-01   1.5750667e-01  -3.6795554e-01   2.3078721e-01  -4.2280550e-01   5.0360775e-01  -1.6258233e-01  -3.7529172e-01   7.0014088e-01   1.5396332e-01   8.5597384e-02   3.5256433e-01  -8.1244717e-02  -1.8771055e-01  -9.0397821e-02  -2.6347600e-01  -3.7418907e-01  -2.7908072e-01  -2.3178708e-01   1.1436890e-01   3.4480067e-02  -5.2721634e-02   4.9249216e-01   4.7017228e-01  -3.7403824e-01  -2.4797330e-01  -1.7418010e-01  -2.8220671e-01   5.4415173e-01  -5.1690587e-02   2.3708235e-01   5.3842517e-02   6.6645136e-02  -4.8782492e-01   6.8095916e-01  -2.8668307e-01   1.4295245e-01  -5.2093568e-01  -3.8759615e-01  -3.2909878e-01   3.8283259e-02  -2.9452807e-01  -2.6487498e-01   4.4863850e-01   2.5331822e-01  -2.8211745e-01  -2.0639673e-02  -2.5317535e-01  -2.5222013e-01  -8.9286049e-02   1.7532552e-01  -2.8338471e-01  -4.2795775e-01  -2.2529772e-01  -1.1563427e-01  -1.5847459e-01   1.2026088e-02  -1.0488555e-01  -2.1676888e-01   1.6684083e-01   2.6309154e-01   1.0728419e-01   1.3478755e-01  -4.3486300e-01  -2.7039409e-01  -3.1882413e-01   8.3155541e-02   5.2570518e-01  -3.4739728e-01  -5.5953507e-01   2.9412191e-01  -2.8325135e-01  -3.7722006e-01  -1.4341059e-01  -2.2512428e-01   4.5194136e-01  -3.0933602e-01  -1.8179519e-01   5.0326369e-01   9.7312478e-02  -1.3295450e-01  -2.8460673e-01   7.2136197e-01   5.8919528e-01  -4.5060543e-01  -9.6697889e-02   1.0967439e-01  -1.3251703e-01   2.3013873e-01  -1.3518227e-01
  -2.0235138e-01  -3.4735593e-01  -9.0055459e-02   3.7588096e-01   5.7066565e-01   0.0000000e+00   5.7726690e-01   1.3027052e-01  -2.3891504e-01   6.3040389e-01  -8.3527794e-02   2.2234815e-01   4.0459100e-01  -2.5319512e-01  -6.3374762e-02   5.7012563e-01  -1.7909080e-01  -3.0223212e-01   3.0960435e-01   6.8809221e-01  -9.0351632e-02   2.0451749e-01   2.7794343e-01  -2.9543565e-01   7.2109950e-02  -1.1259713e-01   5.9013762e-01  -1.9801143e-01   9.8326258e-02  -2.4972333e-01  -5.1942525e-01   1.0667675e-01  -5.5546375e-03   5.3696396e-01   1.7722775e-01   6.5275721e-01   3.1146179e-01  -4.4994506e-01   3.2873084e-01   5.9530287e-01   3.2209427e-01  -3.6827192e-03   1.7606396e-01  -2.7703155e-01   9.7611679e-02  -6.4429825e-01   4.3204148e-01   1.8129826e-03   2.2557886e-01   1.7576642e-01   3.5539379e-02  -9.6344904e-02   1.6555310e-01   1.7347000e-01  -2.7052365e-02   1.0743373e-01   2.5743025e-01   1.2334824e-01   4.1429854e-01  -2.5904820e-01  -5.9323445e-01   2.4629977e-01  -9.6638165e-02  -4.3764205e-01  -5.4405439e-01   6.4622988e-01   7.3224998e-01  -2.5872517e-02   2.7132833e-01  -1.3415030e-01   1.4932990e-01   2.9209044e-01   2.3092995e-01  -4.2827763e-01   4.8820298e-02  -6.1929180e-02  -6.4094516e-01  -3.6893978e-02   3.8573600e-01   3.8135300e-01   4.2383857e-01   3.1419661e-01   5.9582702e-02  -9.6004318e-02  -3.2228902e-01  -1.9431177e-03  -1.8841180e-01  -1.9029224e-01  -8.2184210e-02  -5.3727618e-01  -2.7600755e-01  -4.4815661e-01   7.2837469e-01  -9.7755471e-03  -5.4452356e-01   4.1129959e-01   4.7366120e-01   2.2061554e-01   2.0782471e-01   2.7360719e-01  -2.8688580e-01  -2.3593954e-02   2.0198626e-01  -4.9775329e-01   1.3591017e-01  -1.0053164e-01   9.7120933e-03   2.4780673e-01   3.0431144e-01   5.3760599e-01   5.6563524e-01   1.0228848e-01   2.1359070e-01  -2.9361163e-01  -1.1659195e-01   2.5485469e-02  -6.4673995e-02   1.6792412e-01   2.0720597e-01   5.0129919e-01  -5.5312532e-01   2.8567114e-01  -7.7689047e-02  -4.2693064e-01  -6.2652721e-01  -6.7142314e-02  -2.6896614e-01   9.5240324e-02   9.2973484e-02  -3.1525771e-01   2.7417502e-01   5.8807948e-02  -2.8343469e-01  -2.6558582e-01   8.4902249e-02  -3.7186690e-01   1.6951903e-01   3.6618915e-02  -1.9923298e-01  -4.4689015e-01  -2.6857198e-01  -8.5213546e-02   1.1489065e-01   3.1275447e-01   9.4934476e-02  -3.0367055e-01   3.4028173e-01   4.6268634e-02   5.5679740e-01   8.3502321e-02  -3.4773866e-01  -1.4908029e-01  -4.1404896e-01  -3.1219372e-01   1.9421429e-01  -4.7202585e-01  -5.1899286e-01   4.0429390e-01  -4.0409778e-01   6.0999636e-02  -6.4827012e-02  -2.6792911e-01   1.6111652e-01   1.1725270e-01   9.6814763e-02   4.3017687e-01   1.2334711e-01  -2.0489730e-01  -3.9124630e-01   2.5537156e-01   1.7183915e-01  -5.4886467e-01  -2.8694011e-01   3.3995554e-01   1.4524513e-01   7.0896156e-02   6.7882891e-02
  -2.2142547e-01   1.0369702e-01  -3.1618104e-01   2.3232762e-01   5.1464846e-01   5.7726690e-01   0.0000000e+00  -7.4495939e-02   3.9646320e-02   5.6532994e-01   6.6792544e-03   5.6905808e-01   2.0929483e-01  -3.9810801e-01   2.8309877e-01   3.6757003e-01  -2.8329947e-01  -2.6586813e-01  -2.4560051e-03   6.2840972e-01  -2.7785762e-01  -1.7222499e-01  -8.4400532e-02  -3.2445870e-01  -2.3242032e-01  -2.5611033e-01   3.1827228e-01  -3.1368304e-01   7.0926269e-03   2.8807430e-02  -8.0645806e-02  -9.1750393e-02  -8.6018868e-02   6.2452109e-01   2.8726172e-01   3.5701480e-01   4.3565557e-01  -3.1900018e-01   2.4253843e-01   3.0904658e-01   1.8246224e-01  -1.3563084e-01   4.8608147e-01  -1.3105461e-01   1.1174037e-01  -5.8547010e-01   4.2816046e-02   5.3762520e-01  -1.0932116e-01   1.5877764e-01  -2.2398059e-01  -1.1839261e-01   5.1793154e-01  -4.8605691e-02  -1.7680314e-02  -1.0687586e-01  -9.9611191e-02  -2.0738808e-01   2.3444014e-01  -4.6010799e-01  -6.2827749e-01  -1.1952725e-01   3.1930154e-02   9.0656368e-02  -1.2896245e-01   6.0425434e-01   4.5117258e-01  -1.2688947e-01  -5.8719021e-02  -4.1468803e-01   4.0443524e-01  -1.4983491e-01   1.9381809e-01  -5.0000025e-01  -1.2268002e-01   3.0633714e-02  -5.2631429e-01  -1.4984863e-01   5.6137953e-01   1.0134152e-01   3.2023213e-01   2.1569076e-01   4.4509385e-01  -3.0983199e-01  -5.8702678e-01  -8.1135027e-02   2.1738660e-01  -3.2716116e-01  -5.1150244e-02  -4.3715146e-01  -3.6087300e-02  -5.2491290e-01   5.8751614e-01  -1.5214199e-01  -3.7334184e-01   5.0652946e-01   1.3539423e-01   2.1646253e-02   3.1508018e-02   2.9777407e-01  -2.1674643e-01   2.9528962e-01  -1.9164369e-01  -2.2567461e-01  -9.6303094e-02  -5.5001208e-02  -1.4110311e-01  -8.4892016e-03  -4.3329488e-02   2.6945442e-01   8.6999456e-01  -2.6710234e-01  -1.5631185e-01  -3.3047721e-01  -3.0073137e-01   3.6918199e-01  -1.7736892e-01   1.4879775e-01  -4.2842162e-02   1.8217176e-01  -5.5823460e-01   4.8324628e-01  -9.8959976e-02  -2.6714457e-02  -5.4012154e-01  -3.7079033e-01  -2.0962407e-01  -4.5981259e-02   4.1118411e-02  -5.2927597e-01   2.0162976e-01   4.2705267e-01  -4.4775157e-01   1.0550713e-01  -1.0182932e-01  -2.3182724e-01  -1.0619361e-01   3.1429979e-01  -2.0660080e-01  -5.0091286e-01  -3.6104953e-01  -1.5241361e-01  -9.8396922e-03   5.0373360e-02   3.8253549e-01  -8.8473184e-03   4.4907533e-01  -6.7129168e-02   1.4818137e-01   2.4828584e-01  -5.6713824e-01   5.6121453e-02  -5.1606457e-01   1.6888369e-01   3.5639642e-01  -3.5330351e-01  -6.0372391e-01   2.6354487e-01  -5.4591011e-01  -1.5996592e-01  -1.6332892e-01  -7.9229108e-02   3.5641944e-01  -1.3591247e-01  -1.6037959e-01   6.8388406e-01   4.5548072e-01  -1.3952687e-01  -5.6516535e-01   4.7379402e-01   3.7367953e-01  -4.3166314e-01  -2.4630915e-01   1.6560870e-02  -6.9568948e-02   9.4538669e-02  -1.1989906e-01
  -1.3975651e-01  -8.5308367e-02   7.3873263e-02   1.4228112e-01  -2.0410122e-02   1.3027052e-01  -7.4495939e-02   0.0000000e+00   4.5939056e-02   4.0355048e-02  -5.5993273e-02   1.2947797e-01   2.3611921e-01  -2.8341433e-01  -1.4826396e-01  -9.5331252e-02   1.1182176e-01   2.1767982e-02   4.8585717e-01  -5.4295568e-02  -1.7050379e-01   2.6252389e-01  -5.9434533e-02  -2.9750795e-01  -1.7680926e-01   5.2270770e-01   5.3773922e-02  -1.1263042e-01   7.2282327e-03   6.9569698e-02  -2.0490691e-01   2.3495242e-01  -4.6610835e-02   1.1608636e-01  -2.7450903e-02  -5.6510724e-03   3.1494202e-02   2.5593558e-02  -1.5398518e-01  -4.0140564e-03  -4.0585833e-02  -7.7918095e-02   3.5650001e-02   4.6596193e-02  -8.3859604e-03  -7.7155898e-02   2.8400867e-02  -6.4090321e-02  -2.8219271e-01   1.1074396e-01  -5.0446922e-02   5.2204057e-01   6.8579399e-02   3.3417716e-02  -1.9838234e-01   1.2152728e-01   3.6595126e-01   2.9157599e-01   2.1028544e-01   2.4613037e-01  -5.8221461e-03  -2.2124840e-01   1.1900648e-01  -6.6137018e-03  -9.4883270e-03  -9.9517373e-02   2.9844400e-01   1.5866771e-02   1.9720141e-01   1.5490032e-02  -4.5957764e-03  -3.6276383e-02   1.0531084e-01   1.1861079e-01   2.5458838e-02   3.5153845e-01  -5.1383576e-02   1.4986980e-01   3.9903819e-02  -1.7508399e-02   7.1711366e-03   2.3677031e-02  -4.1302511e-02   4.9878078e-01  -8.5643793e-02   4.3057859e-01  -1.0838273e-01  -1.7764203e-01   1.0461562e-01  -4.9213297e-02  -5.2085357e-03  -3.9238180e-02   4.9775052e-02   2.7733224e-01  -7.9557720e-02  -1.9002318e-01  -6.5767535e-02   6.6914365e-01  -1.5254523e-01  -4.5430792e-02  -3.1134815e-01   1.3633749e-01   4.2392070e-01  -1.6346443e-02   1.9041973e-01   3.8536764e-01  -1.2903200e-01   5.9235264e-01  -6.8797892e-02   1.4805446e-02   5.9977470e-02   9.8784071e-02   7.9790447e-02   8.4507943e-02  -2.4850316e-01   7.4745979e-02   2.0010139e-01   1.1396132e-01  -1.5623099e-01   1.1033856e-01  -5.1807939e-02   1.2519274e-02  -1.9348173e-01  -9.7214220e-02   7.9696659e-02   1.0128386e-01   4.3687787e-02  -1.3832475e-01   2.3430325e-01   7.6337354e-02   2.0137593e-01  -1.8625886e-01   1.8979659e-01  -3.1871961e-01   9.5803963e-02   5.6910460e-01  -9.1957337e-02  -9.1892801e-02   6.1295162e-01  -8.5453187e-02  -2.5200913e-01  -6.2781588e-02   2.4120011e-01  -5.0676529e-02  -2.4759131e-01  -7.1075448e-02  -9.9047291e-02   1.1817460e-01   6.3538840e-02  -2.1229054e-01  -4.5667781e-02   8.1119156e-02  -7.0695081e-02  -1.0752161e-01   8.7620693e-02  -8.7975738e-02  -1.0058547e-01   1.0341610e-01   1.1608128e-02   2.2836006e-01  -2.3971357e-01   1.3636117e-01  -1.6816740e-01   9.9874540e-02   3.8599652e-01   2.5631941e-02  -3.7033406e-02  -1.4341377e-01  -4.9547355e-02   5.0617684e-02   1.1398348e-01  -2.2902004e-01  -2.0064979e-03   4.0772469e-02  -1.3283226e-02  -1.0235469e-02   4.6033296e-01
   1.8747562e-01   3.3118140e-01  -3.4995952e-01   2.8869624e-01  -1.7682573e-01  -2.3891504e-01   3.9646320e-02   4.5939056e-02   0.0000000e+00  -1.7282479e-01   4.0787062e-01  -1.3726153e-01  -3.4178671e-01   9.1049962e-03   3.3419715e-01  -1.3191178e-01  -3.5632121e-01   4.4555417e-01  -3.6215605e-01  -4.8756545e-02  -1.2288172e-01   9.1159659e-02  -9.1086088e-02   8.6490503e-02   1.2382756e-01   1.0210260e-01   7.2767154e-02  -4.9375813e-03   1.6375462e-01   2.6058011e-01   3.5458900e-01   1.7263452e-01   5.1129355e-02  -3.9485540e-02   2.8286102e-01  -9.5613365e-02  -1.6396998e-01   7.4153456e-03  -5.4180692e-02  -4.8285675e-02  -3.0455516e-01  -1.5890864e-01   3.1436208e-01   2.0686526e-01   2.8499725e-01   7.1100064e-02  -7.7236573e-02   4.7394852e-02  -1.8570735e-01   1.2532783e-02   2.9995625e-01  -9.0975639e-02  -4.7286595e-02  -2.3390096e-01  -1.5862999e-01  -1.1285412e-01  -3.8482227e-01   1.5455365e-01  -5.0062348e-02   1.9918792e-03  -1.1078229e-01  -8.1028130e-02   6.1357626e-01   3.4530468e-01   5.0172453e-01  -1.6883612e-01  -2.4917566e-01   1.6461397e-01  -2.5419374e-02  -1.4437648e-01  -1.2640310e-01   1.0024494e-01  -3.4163124e-02  -1.3492871e-01  -6.1437634e-02   1.7423714e-01   1.0551882e-02   1.1270456e-02   6.7837139e-02   6.2171193e-02   1.4179121e-01  -2.8740100e-03  -3.2545788e-02   8.0657034e-02  -3.8056527e-01   4.1663984e-02   3.3946818e-01  -3.1200496e-02   3.6350085e-01   4.7749619e-02   1.5913347e-01  -1.4930082e-01  -3.8070130e-01   4.5500602e-01   1.1490676e-01  -1.8174893e-01   3.0027107e-02  -4.6118892e-03   1.9479421e-01   4.3020892e-02  -8.0104101e-02   2.5112967e-01  -9.2012012e-02   5.9567073e-01   1.9300294e-01   3.6817132e-01  -1.9499332e-01   2.1194118e-01  -1.9362161e-01  -4.2183043e-01   1.4399816e-02  -1.7667797e-03   2.0514188e-01   1.3321737e-01  -6.5918854e-02   9.3809310e-02   5.2907394e-02  -6.4128568e-02  -4.0901554e-01   1.0191197e-02  -1.8226435e-01   2.7772053e-02   2.4147503e-01   2.8289407e-01   4.8862209e-02  -2.4064322e-02   2.2088206e-01  -3.6094838e-03   4.1285411e-01  -1.4387261e-01  -2.3026654e-01   2.1133197e-01   5.9055787e-02   6.4737559e-02   3.9438310e-01   3.2838487e-01  -1.6165116e-01  -9.0249087e-05   1.1942319e-01   6.2074092e-02  -1.8855688e-02   1.7061511e-03   9.7443090e-02  -4.8278107e-01   2.9994995e-01   2.9786161e-01  -1.2129992e-01  -4.7190775e-02  -2.6178226e-01  -5.4006426e-02  -9.2277609e-02   5.4848724e-02  -3.9852696e-01   3.6528411e-01  -1.2134534e-01   5.1567632e-02  -8.1675703e-02  -2.0659607e-01  -2.4158329e-01   8.8959898e-02   2.0020863e-01   3.3883871e-01  -7.6165394e-02   1.6983856e-01   1.9657664e-01   2.0871529e-01   3.4613236e-01  -5.3013264e-02  -4.5748328e-01  -1.4888586e-01  -8.1135841e-02  -1.1527600e-01   4.8142382e-01  -4.6600965e-01  -1.0217685e-01  -1.9438338e-01   2.2143603e-01
  -2.0304632e-01  -2.7509765e-01  -2.1865224e-01   2.1662760e-01   4.6125172e-01   6.3040389e-01   5.6532994e-01   4.0355048e-02  -1.7282479e-01   0.0000000e+00  -8.9420916e-02   1.7308064e-01   4.6222352e-01  -3.5628176e-01   3.6073255e-02   3.1204987e-01  -2.1161993e-01  -3.5300640e-01   1.5949490e-02   6.2082754e-01  -8.9353686e-02  -9.9538362e-02   3.0675376e-01  -2.7400797e-01  -8.6345158e-02  -1.5794483e-01   3.2987117e-01  -1.4817397e-01   1.2990627e-01  -2.5901902e-01  -3.3440223e-01  -1.3674282e-01  -1.1021519e-01   4.8603497e-01   1.5391107e-01   4.5194394e-01   4.9076738e-01  -2.8707182e-01   1.4033173e-01   3.6379866e-01   3.7333361e-01  -9.1377077e-02   2.4235274e-01  -2.1804430e-01   1.6963612e-02  -4.4816037e-01   1.2228543e-01   1.6730332e-01   1.2568204e-01  -4.2432861e-02  -6.2275041e-02  -1.2489483e-02   2.4170342e-01   1.0898819e-01  -1.2388841e-02   1.2079455e-01   8.2730894e-02  -1.2021301e-01   2.2151702e-01  -3.8519292e-01  -4.3337014e-01   2.7012234e-01  -8.8783553e-02  -2.7338038e-01  -3.9190938e-01   7.2433933e-01   3.4948013e-01  -1.1033246e-01  -8.1136282e-02  -2.5756900e-01   1.2320321e-01   5.8904776e-02   1.6987967e-01  -4.4648738e-01  -5.3331521e-03  -7.7545925e-02  -4.0176962e-01  -1.1975540e-01   3.3767013e-01   2.0957892e-01   3.9955374e-01   3.1002370e-01   1.3175621e-01  -2.2357764e-01  -3.5796066e-01  -3.7403962e-02  -1.2576227e-01  -1.4007051e-01  -1.3286827e-01  -4.3110636e-01  -2.2985230e-01  -4.4117423e-01   6.7160009e-01  -2.2850963e-01  -2.6776761e-01   3.9116123e-01   1.8612788e-01  -6.9102338e-02   3.9808677e-02   5.8648474e-01  -2.5834432e-01   1.2000002e-03  -5.2733886e-02  -2.9542550e-01   5.8578259e-02  -1.1178400e-01  -2.6271492e-02  -1.3646788e-01   4.5398922e-01   4.9143048e-01   5.5381226e-01  -5.5008057e-02   1.1649174e-02  -2.5607016e-01  -9.5858555e-02   1.1825499e-01   2.7299650e-04   3.2131576e-01   1.1746861e-01   2.1224490e-01  -3.4064425e-01   3.4703679e-01  -6.2424033e-02  -3.3733116e-01  -4.2167112e-01  -2.6660503e-01  -2.1786962e-01  -1.0623019e-01  -3.8200331e-02  -3.7104542e-01   2.4108553e-01   2.3686027e-01  -3.9962440e-01  -2.3838304e-02  -1.3237016e-01  -2.5843584e-01  -1.7622747e-02   5.4474885e-02  -2.2090394e-01  -2.8053984e-01  -1.4912015e-01   1.8096446e-01  -6.8065991e-02   1.4900812e-01   2.8226359e-01  -2.0941686e-01   3.6193840e-01   8.9943925e-05   4.3416768e-01   3.2234422e-01  -3.6024176e-01  -1.8467361e-02  -3.5802974e-01  -1.2435472e-01   5.0492283e-02  -3.0893707e-01  -3.2547681e-01   2.8677098e-01  -3.9911388e-01   1.5634626e-02   2.8219591e-02  -1.6948716e-01   4.9215603e-01  -6.9946453e-02  -1.5846975e-01   4.5672926e-01   3.2435798e-01  -2.6979066e-01  -3.5955585e-01   2.6292446e-01   1.7199851e-01  -3.0865490e-01  -3.1433308e-01   1.9682437e-01  -9.4644961e-02   4.0274414e-02  -1.8385951e-01
  -3.0831963e-01   1.4990445e-01  -3.0957602e-01   4.6235009e-01  -1.1785128e-01  -8.3527794e-02   6.6792544e-03  -5.5993273e-02   4.0787062e-01  -8.9420916e-02   0.0000000e+00  -3.6065482e-01  -4.3685189e-02  -2.9074413e-02   4.4982268e-01   1.0111119e-01  -3.2072425e-01   5.9538931e-01  -1.5109997e-01  -1.9843958e-01   1.6976904e-01   1.0383280e-01   1.8313266e-01  -1.2719849e-01   1.3073576e-01  -1.0652681e-01   2.3044139e-01  -5.7882569e-02   1.7340937e-01   3.2903011e-01   5.3534909e-01   2.9687071e-01  -2.8794264e-04   4.9511838e-02   1.2627851e-01   2.7622239e-01   7.8677537e-02  -4.5547326e-01   2.7358900e-01   7.5396944e-02   1.4172383e-01  -1.0200534e-01  -3.2815326e-02   4.5046840e-01   9.8734604e-02  -3.3313108e-01   5.1106441e-01   1.6734078e-01   8.9413305e-02  -3.7482825e-02   4.4535304e-01  -1.4188773e-02   6.8913627e-02  -2.8240196e-01  -1.3626649e-01   1.0750759e-01  -2.6923441e-01   1.8050678e-01   3.0692437e-01  -5.8483309e-02  -2.4490683e-01   1.3416329e-01   2.8603043e-01   3.8753789e-01   2.7507460e-01  -4.9683899e-02  -2.3874060e-02   1.2759654e-02   4.5089678e-01  -1.9306012e-01   3.1072265e-02   1.6012317e-01   1.5939587e-01  -2.9949889e-01  -2.1520277e-01   1.1848660e-01  -2.4764188e-01  -6.0496636e-03  -4.6045436e-02   1.5904711e-01   2.8551633e-01   2.2748428e-01   1.5503845e-01   5.6204956e-02  -3.3944477e-01   9.3015565e-02   3.4519497e-01  -1.6563664e-01   3.8347832e-01  -3.4203067e-01   1.5609414e-02  -2.3262986e-01  -2.4179911e-01   1.6337533e-01  -3.3650957e-01  -2.5550511e-01   3.2207998e-01   5.1518582e-02   2.4019083e-01   1.9558048e-02   1.3203305e-01   3.1401980e-01  -1.1644479e-01   3.5848827e-01   3.8383377e-01   2.5590649e-01  -3.5924210e-01   2.4710104e-01  -1.1676575e-02  -1.5692034e-02   7.6853795e-02   1.1086736e-01   1.1110622e-01  -3.9026116e-01   1.4330885e-01   1.0941347e-01   3.3511391e-01   5.1919433e-02  -6.1172932e-02   3.1103135e-01  -1.7055104e-01  -1.0528642e-01   1.8872220e-01   1.7279478e-01  -3.5706629e-01  -2.5335882e-01   3.2020198e-01  -2.4835237e-01   2.6214673e-01  -1.9928621e-01   2.3029083e-01   5.5369070e-01  -2.9064789e-01   4.8921588e-01   2.1505468e-01   1.2780890e-01  -3.2261373e-01   4.1336501e-01  -2.5931418e-03  -3.0583569e-01  -1.5969934e-01   1.3761439e-01   5.3005083e-01  -2.2703346e-01   5.7031903e-01   4.9580787e-01   9.3317393e-02   2.5747640e-01   5.4057643e-02   2.6045001e-01  -1.1311155e-01   3.5552999e-01  -1.7238007e-01   5.5902159e-01  -2.3369005e-01  -2.4730741e-01  -1.6440180e-01   9.8573220e-02  -2.3214441e-01   2.1053963e-01   1.7891415e-01   5.0475145e-01   5.3464885e-02   3.9306444e-01   1.2248648e-01   7.9407831e-02   4.1553112e-01   2.9292649e-01  -1.9394156e-01  -1.0719806e-01  -2.5052094e-01  -3.0489960e-01   3.3425173e-01  -3.6513355e-01   9.7220324e-02  -8.7222650e-02   2.0042660e-01
  -1.3072693e-01   1.8724831e-01   1.3052182e-01  -9.9855462e-02   4.5302237e-01   2.2234815e-01   5.6905808e-01   1.2947797e-01  -1.3726153e-01   1.7308064e-01  -3.6065482e-01   0.0000000e+00   1.0441338e-01  -2.8648806e-01   1.8120512e-01   1.7645202e-01   2.2374959e-01  -4.1589138e-01   2.5462111e-01   4.5744428e-01  -2.9149262e-01  -2.4857696e-01  -3.9199876e-01  -3.3317841e-01  -2.7623168e-01   2.9435003e-02  -2.2942446e-02  -3.0106418e-01  -1.9210398e-01  -2.1129079e-02  -1.6397696e-01  -7.9361397e-02  -6.8396331e-02   4.0212895e-01   2.6787837e-02   6.7369426e-02   1.7467259e-01   6.8718999e-03   1.4649719e-01   2.4033580e-02   5.5649350e-02  -4.7481874e-02   4.6495760e-01  -8.2801333e-02   1.9337259e-01  -2.3099856e-01  -2.2409959e-01   2.9872708e-01  -3.7356676e-01   1.9758760e-01  -4.7097953e-01   7.5221939e-02   3.6148346e-01   8.3549345e-02  -7.2647413e-02   2.9210424e-03   1.0718282e-01  -2.2900686e-01   1.2063670e-01  -1.7225629e-01  -2.1192609e-01  -3.2445607e-01  -1.7099917e-01   7.1161060e-02  -3.7188851e-02   2.7764177e-01   2.4373526e-01  -7.6927094e-02  -2.0436656e-01  -2.9092135e-01   3.7428649e-01  -3.9077535e-01   2.6642135e-01  -6.2905053e-02   3.1498023e-02   1.2185050e-01  -1.6671150e-01   1.1504512e-01   5.7181397e-01   4.1578547e-02  -1.5397759e-01   1.4463454e-01   2.9604193e-01  -8.0946328e-02  -1.9389308e-01   4.8387465e-02  -3.9624595e-02  -9.8633825e-02  -4.7338710e-03  -1.9337798e-01   2.5028173e-01  -1.7710078e-01   4.2213881e-01  -1.0009546e-01  -1.0361498e-01   4.2936999e-01  -6.5679389e-02   8.3685154e-02  -7.6560804e-03  -9.1083311e-02  -2.3401321e-01   2.4701242e-01  -5.2045876e-02  -2.3488605e-01  -2.3604079e-01  -4.9096072e-02   1.1118720e-01  -8.5739833e-02  -2.3714214e-01   1.8117181e-01   5.7874183e-01  -3.1178253e-01  -3.2785545e-01  -7.1869698e-02  -4.6202909e-01   2.9298661e-01   2.8916167e-02   7.7218354e-02  -1.4754627e-01  -7.5912205e-02  -2.8686901e-01   5.3471994e-01  -2.6179827e-01   4.8034354e-02  -2.1966141e-01  -1.4698458e-01  -1.9464964e-01   4.9205885e-02  -1.4862913e-01  -3.2321230e-01   1.4640196e-01   6.5413834e-03  -4.8923502e-02  -1.9029965e-01  -2.8910022e-01  -1.2594527e-02   3.3100685e-02  -1.6712147e-02   7.2350148e-02  -2.8027148e-01  -3.4332352e-01  -2.8363315e-01  -1.7906434e-01  -3.7851276e-02  -2.8600175e-02  -8.4412083e-02   1.3469772e-01   2.3942119e-02  -2.3503543e-02  -1.2841927e-01  -3.6906208e-01  -1.7471227e-01  -1.7945660e-01   1.5293456e-02   6.0853915e-01  -1.8728350e-01  -4.1312797e-01   1.6115217e-01  -1.3647895e-01  -2.3687764e-01  -3.2060000e-01  -2.2801426e-01   1.0469310e-01  -3.1508595e-01  -7.6702660e-02   4.9654581e-01   1.5736593e-01  -1.3891309e-01  -2.1350028e-01   5.0625128e-01   6.2796878e-01  -2.0470007e-01  -2.6590222e-01   2.3222276e-01  -1.6905012e-01   2.1346434e-01  -3.5307266e-02
  -3.1619404e-01  -1.3940550e-01  -8.3954289e-02   8.6449400e-02   3.9056453e-01   4.0459100e-01   2.0929483e-01   2.3611921e-01  -3.4178671e-01   4.6222352e-01  -4.3685189e-02   1.0441338e-01   0.0000000e+00  -3.9169968e-01  -1.0686487e-01   2.9062677e-01  -2.0828840e-02  -1.7179839e-01   3.2223787e-01   2.8977099e-01  -1.7693884e-01  -7.7839931e-02   1.2496592e-01  -3.5242667e-01  -1.4116863e-01  -9.6057512e-02   2.2743474e-01  -2.8263119e-01   2.0280780e-01   1.7487260e-02  -2.3684581e-01   1.1654656e-01  -1.4042376e-01   1.8020714e-01  -1.1639273e-01   3.3270012e-01   4.1717560e-01  -2.1965491e-01   2.6184395e-01   1.9780262e-01   6.8993377e-01  -8.3116668e-02   7.9628854e-03  -2.7293182e-01  -3.3439577e-02  -3.9367905e-01   1.8171511e-01   1.6142296e-01   3.1872821e-02  -1.0734341e-01  -1.7111236e-01   1.8454201e-01   2.2057277e-01   2.2116175e-01  -5.0338923e-02  -2.0709547e-02   2.6339203e-01  -3.2495113e-02   4.0412464e-01  -1.4759470e-01  -2.6478664e-01   2.5250504e-02  -3.0882408e-01  -7.8228219e-02  -9.5974850e-02   2.4904458e-01   3.8097185e-01   4.8811639e-03   7.3275870e-02  -2.0854633e-01   1.1696806e-01  -8.3712129e-02   4.9807622e-01  -9.7045841e-02   4.1852419e-02  -1.3721521e-02  -3.2504977e-01  -1.1019478e-01   2.3740608e-01   2.8025716e-01  -2.9397219e-02   5.9109154e-01   1.3858168e-01  -7.6051624e-02  -2.1687242e-01   2.3376957e-02  -1.6833434e-01  -1.3179245e-01  -3.2783856e-02  -2.3503824e-01  -1.0107479e-01  -2.2830293e-01   4.5263888e-01  -1.5293034e-01  -3.4718260e-01   2.4106111e-01   1.6405866e-01   1.4942951e-01  -1.5841112e-02   2.5078312e-01  -2.5854225e-01  -5.4044735e-02   5.9376216e-02  -2.7067876e-01  -8.7966682e-02  -2.3391437e-01   1.1454689e-01   6.9563359e-02   2.0937945e-01   2.9811454e-01   2.2891051e-01  -1.0608632e-01  -1.1851423e-01  -2.8631467e-01  -1.3259868e-01   2.4692991e-01   9.3455724e-02   6.6791232e-01   6.3748927e-02   1.8567697e-01  -1.6195975e-01   3.2975040e-01   3.9328682e-02  -1.4369781e-01  -2.7940423e-01  -1.8925650e-01  -1.2140749e-01   6.7190104e-02  -2.4747866e-01  -1.7722739e-01   5.4685974e-01  -9.7853605e-04  -1.9588223e-01   2.4066635e-02  -1.4202856e-01   7.0967946e-02   9.5147485e-02   8.3596110e-02   8.1439352e-02  -3.8321543e-01  -3.3654338e-01   6.9747117e-03   1.6228107e-01   3.8719181e-02  -1.0044001e-01  -2.8638317e-02   8.1196778e-02   2.1630014e-01   3.1227507e-01   1.8432301e-01  -2.1878245e-01  -3.5006486e-02  -2.0313024e-02  -3.9959291e-02   4.9868048e-02  -2.4860632e-01  -2.0283750e-01   6.3074573e-01  -1.6668142e-01  -2.9723467e-02   2.4113490e-02   7.9202251e-02   1.9219922e-01  -6.5888734e-02  -2.1441622e-02   1.7472039e-01  -6.3538253e-03  -8.6755163e-02  -4.7193211e-02   2.6096217e-01   2.4784041e-01  -2.6041898e-01  -7.7584849e-02   8.9543269e-02  -6.2244709e-02  -1.2544999e-01   4.9552108e-02
   5.0705713e-01  -1.6992396e-01   7.6272752e-02  -1.8322950e-01  -4.0572077e-01  -2.5319512e-01  -3.9810801e-01  -2.8341433e-01   9.1049962e-03  -3.5628176e-01  -2.9074413e-02  -2.8648806e-01  -3.9169968e-01   0.0000000e+00   9.8221491e-02   2.6290467e-03  -1.6691675e-02   1.6438132e-01  -2.6280191e-01  -3.2452217e-01   6.4648829e-01   2.2968150e-01   3.8097160e-01   5.5103210e-01   2.7532525e-01  -1.6718393e-01  -1.3608003e-01   6.0311706e-01   4.7855804e-02  -1.2617294e-01   1.8070283e-01  -9.6749991e-02   9.1404030e-02  -1.8967337e-01  -1.6678912e-02  -1.9367884e-01  -3.2327684e-01   2.9013602e-02  -1.5229235e-02  -9.7782028e-02  -2.0110009e-01   8.0960479e-02  -2.4309892e-01   2.1152513e-01   4.6757394e-02   3.3438347e-01  -5.2106440e-02  -4.6839551e-01   5.5111412e-01   1.0742441e-02   3.5328806e-01  -1.1531596e-01  -4.6411977e-01   6.1124595e-02   3.9137755e-01   2.4488720e-01  -4.0754013e-02   1.5564128e-01  -1.6049852e-01   5.3282066e-02   2.2137191e-01   4.0445525e-01   9.5220793e-02  -1.7636931e-01  -3.7929283e-02  -1.8239513e-01  -2.7081039e-01   8.8578305e-02  -6.8490388e-02   1.3238809e-01  -3.4762398e-01   2.7048483e-01  -1.8560976e-01   7.6163962e-02   3.8774710e-02  -5.3918891e-02   1.6028435e-01   2.0186034e-01  -3.8654012e-01   8.2528188e-02   1.4434467e-01  -1.4034759e-01  -3.4224824e-01   1.0925797e-01   4.5439867e-01   2.3484948e-02  -1.1795791e-01   6.3847019e-01  -1.5922707e-01   3.0173515e-01  -1.3153100e-01   7.1568731e-02  -2.3599363e-01   1.5612921e-04   1.8469389e-01  -3.1331612e-01   1.0127695e-01  -3.3713036e-01   1.2245528e-01  -1.2143584e-01   4.8656754e-01  -7.4246887e-02   1.7506477e-01   1.7470139e-01   1.9537175e-01  -4.5585571e-02   1.4565058e-01  -2.2930185e-01   2.4566625e-01  -6.1089179e-02  -4.1473520e-01   3.8398791e-01   2.1340971e-01   2.6665359e-01   6.3203794e-01  -3.8195906e-01   5.5988587e-02  -2.4528887e-01   2.3414473e-01   2.5517150e-02   5.1656179e-02  -4.9050615e-01   2.9190498e-02   4.3894238e-05   1.7864783e-01   4.1699140e-01   2.9101086e-01   9.1539022e-02   4.4642430e-02   1.6368815e-01  -3.1585824e-01  -1.6192282e-01   3.0350235e-01  -3.0208568e-02   9.8844938e-02  -1.0505644e-01   2.6100180e-01  -2.2802658e-01  -1.0090981e-01   3.5440020e-01   5.2416188e-01   8.3150622e-02   4.7967886e-03   1.4554919e-01   1.7604442e-04   9.9444727e-02  -2.2151451e-02  -4.4331620e-02   5.8584097e-02  -4.4891154e-02   4.3212241e-01  -3.6853292e-02   9.8754356e-02  -3.1171510e-01  -3.3329643e-01   1.1275615e-01   2.5358416e-01  -1.7836541e-01   1.2207713e-01   2.0480228e-01   1.3130181e-01  -1.2909734e-01  -3.2301969e-01   2.9417633e-01  -6.6264704e-02  -2.9191041e-01  -2.2436403e-01   3.1652982e-01   1.6349281e-01  -4.1857294e-01  -3.9921088e-01   1.9868956e-01   9.8601204e-02   7.0452165e-02   2.2846340e-01  -1.2068565e-01  -1.3201721e-01
