   0.0000000e+00  -1.3194950e-01   3.5852576e-02   1.6156001e-01  -9.5575096e-02  -1.0798060e-01  -2.2205797e-01   3.4363387e-02  -9.2939619e-03  -6.0741806e-02  -2.1673138e-01  -7.2085004e-02  -9.0209541e-02   1.8126205e-01  -1.0374057e-01  -7.0415176e-02  -2.2904880e-02  -1.2035616e-01   3.4124137e-02  -1.9371245e-01  -1.2123991e-01  -7.7477147e-02  -8.5123942e-02   5.3190419e-01  -1.3257220e-01   5.7548832e-03  -1.1739239e-01   2.7666805e-01  -1.0905725e-01  -1.9021130e-01  -1.2891443e-01   1.0368767e-01  -1.2165546e-01  -2.0236058e-01   1.7081229e-02  -2.5136651e-01  -2.4259899e-01   3.3408129e-01  -2.0320711e-01  -2.2684393e-01   1.4233853e-01  -2.3822307e-03   9.4555623e-02  -9.5529365e-02  -5.0722407e-02   2.4819096e-01  -4.1240482e-01  -3.1609328e-01  -2.1438302e-02  -1.2253154e-01  -1.3603103e-01   1.1847355e-01  -1.4201578e-01  -2.8865815e-01   1.3992680e-01  -2.6026803e-01   6.0569367e-02  -1.0640358e-01  -1.4210510e-01   1.9981225e-01  -3.3186786e-01  -1.3207185e-01   1.7933713e-01  -3.7577847e-01   1.2641818e-01  -8.6293885e-02  -7.7750548e-02  -1.8089726e-02  -7.0533694e-02   9.6393776e-03  -1.5632118e-01  -2.6399479e-02  -7.7520942e-02  -2.0440036e-01   2.1954247e-01  -2.0271571e-02   1.2960380e-01  -3.5122674e-02   1.0295010e-02  -1.5370174e-02  -1.3762199e-01   8.9628072e-02  -1.1143695e-01   1.4810754e-01  -9.2082833e-02  -9.9151941e-02  -1.8741861e-02   2.0642556e-01   2.2924938e-02   1.1355584e-01   3.5042804e-03  -1.4646927e-01  -2.2499193e-01   1.1380039e-02   2.1871444e-01  -1.9006053e-01  -2.7693092e-02   2.7564252e-02  -2.8254010e-02  -1.3982097e-01  -2.2481958e-02  -2.0614428e-02  -7.9003641e-02   3.0102847e-01  -7.8970865e-02  -3.2398410e-02   5.2747602e-02  -1.1925763e-01  -1.4851940e-01  -1.2049864e-01  -2.3598518e-01  -1.1185258e-01  -7.3169635e-02   1.7656926e-01   9.4690327e-02  -1.1659222e-02  -1.0141721e-01   1.8531240e-01   1.5416791e-02   1.3647494e-01   2.1437336e-01  -1.5854219e-01   2.3685501e-01  -2.4628901e-01   2.7429855e-01   2.1920179e-01  -5.4251884e-03  -5.2299500e-02  -4.1640362e-02   1.2245063e-01  -1.4055232e-02  -1.3298715e-01   1.7367700e-01  -3.5481470e-02   1.2954532e-01  -2.0801330e-02  -1.1574662e-01  -1.6412304e-01  -1.7645030e-03   4.3012398e-01   2.7147743e-02  -2.8695578e-01  -6.9923772e-02  -1.9396403e-01  -2.1313752e-01  -9.6367381e-02  -1.0433847e-02  -7.7956630e-02  -6.7212219e-02   3.7522938e-02  -6.1948425e-02  -1.2942043e-01   1.1018292e-02  -1.4737040e-01   3.2305558e-02   5.1089038e-01   8.1181665e-02  -1.1026664e-01  -4.6611410e-02  -1.4302776e-01   7.0757084e-02  -2.4753994e-01   6.8364255e-02  -2.5913114e-01   1.0953050e-01   5.4325470e-02  -3.0032537e-01   1.8485618e-02   3.1655681e-01  -8.7954967e-02   1.0704210e-02   1.8144587e-01  -1.0269718e-01   1.6035191e-01   2.1372200e-01  -7.3759195e-02   1.1664243e-01
  -1.3194950e-01   0.0000000e+00   1.5941391e-01  -3.5203862e-02   5.1584785e-01  -2.8758880e-02  -5.1880429e-02   1.9412197e-01   3.8884923e-01   2.6208857e-02   2.8523067e-01   2.0901572e-01   2.2760983e-01  -9.5368693e-02   1.3544983e-01   7.3728374e-02   3.6744610e-01  -1.3618986e-02   1.2832616e-01   3.3910324e-01  -1.0402245e-01  -2.5976753e-01  -7.9000315e-02  -1.5618760e-02   3.7808858e-01   3.1769463e-01   4.1413770e-01  -1.0943449e-01   5.6319467e-01   1.6525862e-01   2.9140335e-01   8.9091135e-03   2.2890857e-01   1.5607853e-01   3.5936794e-01   1.0572348e-01  -9.8999463e-03  -2.5958609e-01   1.9765788e-01   5.0234050e-01   1.0770613e-01   1.7947539e-01   4.5413873e-01   2.8003123e-01  -6.3057911e-02  -1.7680230e-01   2.3425448e-02   1.4668245e-01   1.8752640e-02   4.6224847e-01  -4.2108891e-02   3.9855548e-01   4.8610829e-01  -1.1380509e-01  -7.7698679e-02   1.3684232e-01   1.6874134e-02  -2.4737994e-01   3.1634416e-01   1.0868481e-01  -6.8957664e-02   2.3540510e-01   1.7572973e-01   4.0217256e-01   8.9595886e-02   9.7812661e-02   3.9362258e-01   5.4164745e-01   8.9860150e-02  -3.1953351e-01   6.3760003e-01  -1.5628704e-02  -1.7299229e-01   6.5305209e-02   4.4688598e-02  -6.8345606e-03   1.8662688e-02   1.8523082e-01   1.9004647e-01  -2.9031276e-03  -1.2087395e-01   1.0053234e-01   2.4347667e-01   1.4801249e-01   2.9337426e-01   1.3400267e-01   5.8405129e-01   1.7063513e-01   1.5395777e-01  -1.2065650e-01   3.9848082e-01   6.2599412e-02  -2.7830097e-02  -1.3961958e-01  -1.6712222e-01   3.9722333e-01   3.4336405e-01   2.0635774e-01   1.7083068e-01  -1.1111918e-01  -4.1272377e-02   2.4326492e-01  -8.6675648e-02   1.5946367e-01   1.7558847e-01  -1.6920268e-01  -9.1931414e-02   1.6325343e-01  -2.5566165e-01   6.2067877e-02   2.4783314e-01  -2.4370582e-01   2.2095612e-01  -1.8251002e-01  -1.4490242e-01   3.3766472e-01   3.8905790e-01  -9.0529048e-02  -2.9210468e-01  -1.9746484e-02  -3.5448390e-02   2.3174551e-01   1.4874538e-01  -1.4922865e-01  -1.4291923e-01   2.8688324e-01   2.3194875e-01   5.1361608e-03  -2.0137279e-01  -1.3162427e-01  -1.7321125e-01   3.7482724e-01   3.5230408e-01  -1.4137576e-01  -1.8528829e-01   1.5242085e-01   7.5574427e-02  -1.1044891e-01   5.9203022e-02  -7.7197780e-04  -1.6604681e-01   1.2265894e-02   8.8545737e-02  -3.0613126e-01   8.5619449e-02   4.1282265e-02   4.3437812e-02  -2.5805142e-02  -1.6868999e-01   1.4259389e-01   3.7879642e-02  -8.3655086e-02  -1.3428810e-01   4.8081223e-01   3.8025759e-01  -1.5397958e-01  -1.2479142e-01   3.0233319e-01  -1.2143165e-01  -1.5422096e-01   1.8687220e-01   2.9835841e-01   2.5985986e-01   2.8693598e-01  -1.1918534e-01   2.9107005e-01   3.6781440e-01   2.4392102e-02  -2.3384832e-02   3.2509836e-01   3.7728321e-03  -9.6124423e-02   5.7695255e-01  -1.0759648e-03  -3.7034119e-01  -8.0877018e-02  -5.6136684e-02
   3.5852576e-02   1.5941391e-01   0.0000000e+00  -2.4236390e-03   7.4362422e-02   2.4412645e-01   8.1574664e-02  -1.6578663e-01   1.5766321e-01   1.7634474e-01   2.0047452e-01   5.2806057e-01  -3.2256587e-03  -1.0095052e-01   1.7083333e-01   1.0294173e-01   6.6288436e-01   1.3683104e-01   2.9401703e-02   4.2660814e-01  -6.1415451e-02  -2.5050500e-01  -4.1400139e-02  -2.4489519e-01   6.6790980e-02  -5.9634543e-02   4.5240928e-01  -1.2539055e-01   7.6356783e-02  -6.3051176e-03   1.4484908e-01   3.9767778e-02   3.2936220e-01   1.2294171e-01   2.4801918e-01   2.8168637e-01   6.0758156e-02  -1.7221311e-01   8.0182659e-02   4.9592391e-01   2.6621395e-01   2.1379961e-01   1.3021833e-01  -1.9166703e-01   6.9715294e-04   2.7477875e-01   1.6908846e-01  -5.3959268e-02  -1.2922948e-01   5.9298973e-01   5.9854588e-02  -5.0936481e-02  -1.1525234e-01  -4.9796675e-02  -8.6347539e-02  -7.9255383e-02   1.6252701e-01  -2.2862047e-01   7.7762031e-02   2.8292244e-01   2.1809151e-02   3.1999507e-02   1.1863591e-01  -2.0406879e-01   1.7503194e-01  -6.4520653e-02   7.9376113e-02  -9.9248303e-03   3.0356087e-01   4.4331640e-01   1.9918961e-01  -8.7577623e-02  -2.6483793e-02   3.3944182e-01  -2.0634168e-03  -1.9077564e-02   1.1390634e-01  -2.0594204e-01   5.6872698e-02   2.0287931e-01  -2.0944272e-01   3.1466304e-01  -1.6846262e-01  -7.2437814e-02   1.2354256e-01  -1.4984921e-02   1.4651412e-01  -4.5411088e-02  -1.4206145e-02  -2.1366631e-01  -1.9645758e-01   1.3437599e-01   4.9551409e-02  -1.8062152e-01  -2.6242744e-02   1.8021547e-01   2.5390249e-01  -1.0809559e-01  -1.8547623e-01   1.3025623e-01   4.3731543e-02  -1.4747111e-02  -1.1692821e-01   7.8979195e-02  -7.0577027e-02  -1.4391343e-01   8.0591519e-02   3.2506333e-02   1.3959739e-01   8.4986235e-02   1.6334355e-01  -7.1496910e-02  -1.5799740e-01  -2.7533265e-01  -2.4560155e-01  -1.3860674e-01  -8.6169132e-02   2.3220191e-01  -1.5181305e-01  -3.2894302e-02  -2.5520224e-01  -1.0104100e-01   5.0823123e-02  -3.0089766e-01  -1.7273302e-01   2.0038346e-01   9.3251069e-03  -6.7557611e-02  -2.2711177e-01   4.0610860e-01  -1.4107302e-01   5.3373434e-02   7.2089995e-02  -1.2981896e-01  -2.3240886e-01   6.7737810e-02   6.8151846e-02   8.6433176e-02   1.0701195e-01  -8.8506185e-03  -1.2433068e-01  -7.1088166e-02   2.2504675e-01   9.3474509e-02  -1.5363452e-01  -5.6331749e-02   3.8037764e-01   7.0462808e-02   1.9964896e-02   2.4744186e-01  -1.0274089e-01  -3.8145276e-01  -1.0713037e-01  -1.8246781e-01   5.6751054e-01  -1.2946885e-01  -2.3433156e-01   1.8826713e-01   5.1464495e-02  -1.3252256e-01   8.6403610e-02  -2.6581776e-02  -7.4491455e-03  -5.1918894e-02  -8.9870453e-02  -2.3635398e-02   4.2698905e-02   2.7362756e-02   6.0984554e-02  -7.4683927e-02   3.4616549e-02  -1.4733945e-01  -1.6678553e-03   3.4125703e-01  -7.1475613e-02  -2.9326166e-02   8.2283426e-02
   1.6156001e-01  -3.5203862e-02  -2.4236390e-03   0.0000000e+00  -1.4246074e-01  -1.7858699e-01  -1.0831636e-01   4.2059941e-02   2.7060606e-01  -1.1210600e-02   8.5903747e-02  -2.8925061e-02  -3.4529282e-01   2.9536156e-02  -1.3375837e-01  -1.8343455e-01  -1.7254121e-02   3.7700246e-01  -1.3560260e-01  -1.9523054e-01   1.6713011e-01   4.6272146e-01   3.2449421e-02   1.0167625e-01   1.4319875e-01  -1.3287647e-01   1.0280652e-01  -2.2794892e-02  -1.8265699e-02   3.4070777e-01  -9.5659318e-02   5.8403305e-01   1.2796734e-02  -1.8644017e-01   1.2616866e-01  -7.8305697e-02  -4.8183672e-02  -1.0591780e-01  -1.0304347e-01  -8.4952395e-02  -1.5767361e-01  -3.6084747e-01   2.3474372e-01   3.5996374e-02   2.8900792e-01  -3.9969634e-02   2.1595410e-02   1.2387132e-01  -3.6510812e-01  -1.9963159e-01   2.3791131e-01  -8.8527388e-03  -5.9864292e-02  -2.3692187e-02  -3.3569706e-01   1.7645377e-01  -4.6905659e-02   3.6619889e-01   3.1753690e-01   1.3913637e-01   1.7013696e-02  -3.4023991e-01   3.7096783e-01  -2.3102819e-01   1.7232476e-01   6.6625114e-02   5.9448237e-02  -1.7253467e-02   2.3313594e-01  -3.4376346e-02  -6.3102917e-02   4.5195269e-01   1.7176738e-01  -6.9306139e-02   1.3267350e-01   3.5955003e-01  -1.0023439e-01  -5.4519929e-02  -5.4906202e-02   4.0377532e-01  -3.9943385e-03  -5.3002339e-02  -8.3225398e-02  -3.0524274e-02  -1.0324121e-02   1.5866088e-01  -2.9044377e-02  -1.1496001e-01   1.3553964e-01  -8.0309084e-02  -8.0575549e-02  -1.4277503e-01  -1.0784616e-01   5.0452198e-01  -5.0906892e-02  -1.0116164e-01   3.1019843e-01   2.9689583e-02  -1.0173315e-01   1.2455062e-01   7.3339829e-02   9.7360857e-02   4.2588804e-01   2.6690140e-01   2.8676986e-01   6.0353217e-01   9.3954673e-02   1.4749771e-01   1.5396365e-01   6.3617843e-02  -2.0118523e-01   3.5465763e-01   6.5217479e-01  -3.9790558e-02  -1.2098942e-01  -1.7367138e-01   6.2807824e-02   8.9982005e-02   2.6046378e-02   7.6077172e-01  -3.7749330e-03  -1.4705104e-01   3.4058503e-01   1.6101065e-01  -2.2154845e-01  -1.6734390e-01  -1.4004908e-01  -1.5969011e-04   5.4136547e-01   4.9631492e-02  -3.7081988e-02  -1.7918068e-01  -8.1536581e-02  -1.6772146e-02   6.3913782e-01   1.2017192e-01   3.7630254e-01   1.3368389e-01   1.7013833e-01   2.2798528e-02  -9.9285988e-02  -4.2775764e-01   1.6158017e-01  -7.2913478e-02  -2.0277266e-01   2.9473920e-01  -1.0836221e-01   2.2091333e-01   2.0699568e-01   2.0181432e-01  -4.6082349e-02   3.5415178e-01   8.7699684e-02  -2.3087099e-01  -1.4032651e-01   1.5488169e-01  -1.7010534e-01   1.6172965e-01  -1.2832713e-01   2.7874359e-01   1.1657881e-01   2.4256561e-02  -1.5107695e-01   2.5705828e-01   4.1759106e-01  -7.1428997e-02  -1.8841855e-02  -1.2960787e-01   2.6150492e-01  -1.8176970e-01   7.0902429e-02  -3.8249728e-02   1.3278146e-01   2.7428801e-02   2.9449323e-01  -8.1675213e-02   4.7630088e-01
  -9.5575096e-02   5.1584785e-01   7.4362422e-02  -1.4246074e-01   0.0000000e+00   5.9350285e-02  -6.5856206e-02   2.6725943e-01   2.9214143e-01   2.3947671e-01   4.0739423e-01  -5.0646877e-02  -5.2358344e-02  -1.9186692e-01   2.6504766e-01  -2.7884293e-02   2.2949955e-01   1.3348801e-01  -4.3350477e-02   7.0609678e-01   1.8721405e-01  -3.1001526e-01   1.3314369e-01  -1.7409567e-01   2.9308094e-01   2.6279921e-01   3.8798933e-01  -1.0962743e-01   4.3156065e-01   1.1172635e-01   2.2731984e-01  -4.3690328e-02   5.1080046e-02   1.5105595e-01   2.0310050e-01   4.0330970e-01   1.1854736e-01  -1.4400522e-01   2.2702398e-01   3.4636120e-01   2.8046091e-01   7.8493313e-02   2.2647810e-01   3.0194684e-01   2.4021116e-01  -1.7229341e-01   3.6111254e-01   1.5456464e-01   2.0138703e-02   2.7340858e-01   2.7736149e-01   4.6820043e-01   4.2560474e-01   1.3556943e-01  -6.9899625e-02   1.6312656e-01  -9.0548626e-02  -1.3157933e-01   3.5830601e-01   3.6558680e-02  -2.4922667e-01   2.0793147e-01  -1.3514428e-01   4.7639920e-01   1.5948091e-01   2.7454871e-01   2.8244396e-01   3.4567539e-01   2.6625393e-01  -2.2403073e-01   2.9672745e-01   9.1106567e-02   1.3990313e-01  -2.4296893e-01   2.5259533e-01  -8.3732308e-02  -3.2103833e-02   2.7997773e-01   6.3008982e-01   1.6435826e-01  -1.8301299e-01   3.0594749e-01   2.7973862e-01   1.4921608e-02   1.0665748e-01   1.2354290e-01   2.2378323e-01   1.2058437e-01  -1.2696265e-01  -7.4344109e-02   4.8395470e-01  -9.6212345e-02   8.8768941e-02  -1.1813019e-01  -8.9585936e-02   4.8911570e-01   4.2445179e-01   2.1962146e-01   1.0583597e-01   2.0623435e-01  -7.4836672e-02   1.9128790e-01  -1.5752383e-01  -1.7673253e-02   1.9928889e-01  -2.0877770e-01  -2.6057823e-01   3.8563849e-01  -1.4582535e-02   2.6678093e-01   1.1399871e-01  -1.7411160e-01   1.6642414e-01   8.7161816e-02  -1.6698050e-01   5.2454916e-01   3.7140971e-01   2.7936067e-01  -1.8296172e-01  -1.6942586e-01  -5.2164308e-02   4.8478835e-01  -6.0661733e-02   7.1641390e-02  -1.1454166e-01  -3.2527806e-02   1.0574611e-01   1.0608063e-01  -2.1469497e-01  -4.1728854e-02   1.5161585e-01   5.9182551e-01   4.4420983e-02   6.7904641e-02  -2.2060562e-01   2.0800049e-01   6.8483683e-02  -1.8456031e-01   4.6135982e-02   2.8861243e-01  -9.9897386e-03  -1.4858496e-01   1.9110973e-01  -3.4097160e-01   2.2561044e-01  -6.8658734e-02  -1.2175178e-01   2.7265244e-01   1.1015655e-01   2.4622187e-01  -1.2106159e-01  -1.2324058e-01  -1.0277063e-01   5.2714037e-01   5.8590786e-02  -6.2483630e-02   2.5226345e-02   2.7537465e-01  -2.0316853e-01  -5.9694392e-02   3.2234121e-01   4.0278873e-01   3.3857228e-01   1.5998365e-01  -3.2029990e-01   3.7689603e-01   2.9418296e-01  -6.1627340e-02  -1.5069440e-01   2.6150703e-01   2.4293544e-01   8.2301517e-02   5.1179866e-01  -2.2200792e-01  -1.7529936e-01  -1.3910186e-01  -1.5230802e-01
  -1.0798060e-01  -2.8758880e-02   2.4412645e-01  -1.7858699e-01   5.9350285e-02   0.0000000e+00   1.9195871e-01  -2.7640586e-01   2.7945852e-02   2.6302809e-01  -1.4557252e-01   3.2868143e-01  -1.8219008e-01  -1.7137119e-01   1.6470575e-01   8.7228243e-02  -2.5742578e-03   2.2237854e-01  -1.3573545e-01   2.5650715e-01   2.7200230e-01  -3.3118149e-01   1.8115870e-01  -1.0044985e-01  -1.4642022e-01  -7.4853724e-02   2.5640099e-01  -2.6503444e-01  -6.4223576e-02  -2.0436386e-01  -7.8525166e-04  -1.9193481e-01  -1.0453030e-01   1.6347348e-01   3.0192469e-02   2.6381721e-01   9.9106033e-02  -1.6699596e-01   1.5101999e-01   4.5703322e-01  -1.5144094e-01   1.0324661e-01  -1.0426641e-01  -6.5468071e-03  -9.0283062e-02  -3.5380453e-01   3.4674539e-01   7.8504728e-02   1.2193878e-01   1.3720128e-01   2.5654441e-01   1.0646769e-01   2.1401896e-01   2.7175427e-01   4.5568075e-02  -3.8696251e-02   2.0143544e-01  -9.5946243e-02   1.8186616e-01   2.4815513e-01  -8.4723453e-03   8.6751046e-02  -1.4920652e-01   3.3096648e-02  -2.7841593e-01   2.1931533e-01   3.6706615e-01   7.0497358e-03   8.3912262e-02  -7.7513449e-02   7.1427514e-02   7.8612286e-02   3.2851506e-01   3.5130941e-01  -1.0823669e-02  -1.8085457e-01  -3.0317885e-01   1.0662839e-01   1.5691513e-01   9.8315630e-02  -1.7280231e-02  -6.9700833e-02   4.9965732e-02  -2.9497878e-01   1.0140755e-01   5.4129958e-02  -1.1305167e-01   5.4023008e-02  -3.3452126e-02   7.6755159e-02  -3.1790610e-02  -1.0973236e-01   1.8077140e-01  -2.2086667e-01  -2.6396890e-01   1.5320645e-01  -1.7532715e-02   1.9751796e-01   3.1840746e-01   1.9753205e-01  -1.7649240e-01  -5.6066405e-02  -2.9493668e-01  -2.8511913e-01  -7.8864306e-02  -4.1297795e-02   8.1101315e-02   2.7916249e-01   2.5377453e-02   2.7220074e-01   1.3608398e-01   6.9596150e-03  -8.3293097e-03   4.4585099e-03  -2.5481012e-01  -8.0613291e-02  -1.7736922e-01   8.1636347e-02   1.5542530e-01  -2.6858825e-01  -2.1852807e-01   2.6589843e-01   1.8106424e-01   2.5723080e-01  -1.6650311e-01   2.9919184e-01  -1.7158251e-01   2.5962838e-01  -2.6061236e-01  -2.1611122e-01  -6.5865797e-02   9.2386996e-02   2.7062244e-01   3.2905407e-01  -1.9898964e-01  -1.9497536e-01  -8.1655152e-02  -1.4729404e-01  -1.5291912e-01   4.9799324e-02  -1.6726581e-01   1.3744327e-01  -1.8416353e-01   3.6923350e-01   2.6402645e-01  -2.9974650e-01   5.1477138e-02   1.4992113e-01   1.6455720e-01   4.3133387e-02   3.0229370e-02  -2.6318073e-01   1.3031537e-01  -1.4698576e-01   3.3025306e-01  -2.0369762e-02  -1.7697959e-01   1.7959164e-01   2.4714899e-02   4.4966620e-02   2.9335262e-01   2.2986447e-03  -2.2395608e-01   4.7155338e-02  -8.5275352e-02   9.9399961e-02  -6.3107936e-02  -1.5681321e-01  -2.2093310e-01  -2.7939073e-02   1.7093732e-01  -1.6466193e-01   8.7618549e-02  -1.3216717e-01  -2.1000287e-01   1.3666894e-01  -1.3308785e-01
  -2.2205797e-01  -5.1880429e-02   8.1574664e-02  -1.0831636e-01  -6.5856206e-02   1.9195871e-01   0.0000000e+00  -2.7002120e-01  -2.1799687e-01   3.4278398e-01   1.9513720e-01   5.5698113e-01   3.0166229e-01   6.9176569e-02   6.1525958e-01   4.9692567e-01   8.4386435e-02  -6.5247631e-02   8.1130258e-03   1.3597411e-01   1.8398442e-01   4.1071599e-02   7.6257230e-01  -2.3263752e-01   6.4259382e-02  -1.3616261e-01   6.1692954e-02  -5.1873560e-01   1.0220105e-01   3.4554463e-01   2.9960839e-01  -8.7485489e-02   2.9849972e-01   6.7772592e-01  -1.2854757e-01   5.1030579e-01   2.6338768e-01  -3.6632206e-01   3.8615054e-01   2.1285727e-01   1.8846812e-01  -2.7877662e-03  -4.6397835e-02  -1.7071146e-01   3.9125641e-01  -3.3516498e-01   2.0343496e-01   6.8401932e-01   1.7458486e-01  -5.2715212e-03   1.8942016e-01  -8.8928499e-02   1.3656764e-01  -1.4268304e-01  -1.6346341e-01   1.9331745e-01  -1.6351931e-01   2.1003661e-01   2.4674030e-01   1.1279632e-02  -4.1473425e-01   4.3453854e-01  -3.8260692e-01   8.5268982e-02   3.1737858e-01   3.7812953e-01  -1.8402232e-01  -2.4686087e-02   3.9778451e-02   1.9485248e-01   1.6930440e-01   3.1375028e-01  -7.1991039e-02   2.2970139e-01  -4.3499295e-01  -8.7591678e-02  -3.3773289e-01  -4.9973409e-02   1.2746286e-01  -1.0681837e-01   3.7530496e-01   3.6318093e-02  -1.3977078e-01  -1.7469636e-01  -2.5387378e-01   2.9464322e-01   6.9752525e-02  -3.3240367e-01  -4.6279903e-01  -3.7143115e-01  -3.2206568e-01  -4.2303777e-01   1.9326629e-01  -1.2000898e-01  -4.0009504e-01  -6.6784987e-02   6.4412547e-02   2.0716616e-02   2.1781346e-01   6.3794076e-01  -5.3513856e-02   2.7993371e-01   2.2858255e-01  -1.5119055e-01   3.6776569e-01  -9.3132075e-02  -3.1630604e-01  -1.0817662e-01   4.4352559e-01   5.2367690e-02   4.4910885e-01   4.8672512e-01  -1.1142300e-01  -4.1535868e-01  -1.8411755e-01   3.3880114e-02   7.4964302e-02  -3.3412834e-02  -4.6389168e-01   1.0916349e-01  -3.9358401e-01   3.7503689e-01  -2.7918228e-01   2.0825143e-01  -4.5621917e-01   1.2529341e-02   2.9294199e-01  -1.6443344e-01   8.6969149e-02   6.8441398e-02   5.9822681e-02   4.3302306e-01  -2.3421882e-01   2.4689657e-01  -8.9393958e-02  -6.3847639e-02  -1.1089075e-02   5.4000668e-01   1.8932409e-01  -2.0647167e-01  -2.1049350e-01   2.7580347e-01   2.0404418e-01  -3.3347669e-02   4.9021431e-01   2.4203238e-01   5.0465365e-01   2.5506920e-02   4.0951008e-01   3.8598874e-01  -8.1553299e-02   9.6200069e-02  -4.2168443e-01   1.6699575e-01  -3.2838414e-02  -4.5594105e-01  -4.2024120e-01   4.5595363e-01  -4.7039209e-01   5.2746450e-01   2.0729043e-01   4.1383337e-02  -1.5329796e-01   3.6852709e-01  -2.4937179e-01   2.0104026e-01   4.0982637e-01  -1.2005948e-01  -5.3104098e-01   5.0501675e-04   4.4759999e-01  -3.1730140e-01   3.5363647e-02  -1.9089320e-01  -3.0646693e-01  -2.5869503e-01  -1.6246021e-01
   3.4363387e-02   1.9412197e-01  -1.6578663e-01   4.2059941e-02   2.6725943e-01  -2.7640586e-01  -2.7002120e-01   0.0000000e+00   1.3978313e-01  -2.1537344e-01   4.1072387e-01  -3.2037574e-01   3.2794154e-01  -1.6158694e-02   1.1751001e-01  -2.3183808e-01  -3.1106361e-01  -1.0947318e-01   4.8896708e-01  -6.9772292e-03   2.7108418e-02   1.1488578e-01  -1.4252377e-01   2.1415278e-01   4.2083078e-01   6.6684845e-01   1.5118066e-01   2.9268375e-01   3.4813249e-01   1.7709227e-01   2.1624949e-01   1.9072369e-01  -3.1802597e-02  -6.3685269e-02   1.3952876e-01  -1.5452185e-01  -2.7876376e-02  -7.9097781e-02  -3.6063973e-01  -2.4312157e-01   2.7945551e-01  -1.1025596e-02   3.4950517e-01   6.4965710e-01   1.0689581e-01   7.2247437e-03  -4.4305388e-02  -7.4997471e-02   2.4506969e-02  -1.0231060e-01  -1.7394268e-01   4.9785633e-01   1.6384568e-01  -2.9922350e-01  -7.6050069e-02   9.4244373e-02   4.1619139e-01  -9.4691468e-02  -4.3275232e-02   1.1024886e-02  -3.7176633e-02   1.8029122e-01   7.5923539e-02   3.4756575e-01   2.4495246e-01  -2.3940629e-01   3.8535934e-01   4.5336356e-01   3.8521034e-01  -3.3825446e-01  -1.4070470e-01   7.0370023e-02  -5.1521286e-01  -1.2619414e-01   1.8602102e-01   3.7247929e-01   2.7399118e-01   3.6593295e-01  -5.4412943e-02  -1.4239282e-01   2.9702408e-01   1.4024934e-01   1.8214182e-01   7.2481703e-01  -2.6523726e-01   3.4800032e-01   5.5875638e-02   2.0771316e-01  -5.0012871e-02  -8.0402833e-02   1.8803291e-01   2.6480063e-01   1.9810615e-01  -5.5995831e-02   1.3512632e-01   1.8493458e-02   2.3860651e-01   4.5217745e-01   1.4673311e-01  -3.6713731e-01   3.4791712e-02   2.3828823e-01   2.6430918e-01   1.6705046e-01   2.2406607e-01  -5.3211529e-02  -1.1282726e-01   5.3412011e-01  -2.7612293e-01  -6.8987181e-02   8.5093046e-02  -1.8706565e-01   1.0424261e-01   2.1100644e-02   2.3609913e-01   3.0750490e-01   1.8671060e-01  -1.6302552e-01  -2.0938157e-01   1.1402627e-01   3.8469782e-01  -9.9768218e-02   1.2995299e-01  -1.0284772e-01   1.2288963e-01  -6.0589531e-02   3.3867868e-01  -2.5040669e-01   1.9083566e-01  -2.6695690e-01  -1.3442990e-01   1.2726772e-01  -1.0513368e-01  -1.1714477e-01   9.1250257e-02   6.9798599e-01   6.0028905e-02  -2.0072654e-01   4.5342187e-01   2.2137089e-01   2.3285630e-01  -5.2668078e-02   3.7729733e-01  -4.4441356e-01   2.1055607e-01   3.7903391e-01   3.7212518e-02  -1.1077428e-01  -2.5664711e-01  -6.9903148e-02   1.5936881e-01   3.1298782e-01  -1.3010619e-01   3.9995440e-01  -2.5217082e-01   3.0726480e-02   4.1642829e-01  -1.0745958e-01  -4.0831329e-02   9.3805959e-02   1.7151197e-01   4.3944677e-01   4.0733503e-01   2.3112023e-01   1.5885277e-01   1.7449654e-01   1.2406738e-01   2.9597970e-01   2.2146321e-01   3.2181845e-01  -1.4189238e-01   2.5941031e-01   4.1554490e-01   2.7606067e-01  -1.9902851e-02  -4.5511838e-02   2.9674123e-01
  -9.2939619e-03   3.8884923e-01   1.5766321e-01   2.7060606e-01   2.9214143e-01   2.7945852e-02  -2.1799687e-01   1.3978313e-01   0.0000000e+00  -1.5280306e-02   2.8420601e-01   4.3786650e-03  -2.4077294e-01   1.9012280e-01  -2.0107252e-02  -1.6905550e-01   4.9163477e-02   3.0911921e-01  -1.3692299e-01   2.5976720e-01  -5.6705486e-03   1.9521143e-01  -9.7713870e-02  -6.0250182e-02   2.1229727e-01  -6.3011168e-02   2.5091689e-01  -2.2986160e-01   2.0736861e-01   1.8256477e-01  -7.9045180e-02   2.7322586e-01   7.6700452e-02  -1.6149571e-01   5.0401547e-01   1.9889843e-02  -4.1983336e-02  -2.1725910e-01   4.3063189e-02   2.1717433e-01  -1.2657778e-01   4.3161665e-02   6.3007622e-01   4.4832041e-02   1.0226370e-01  -1.6090215e-01   5.1566279e-02  -1.2222662e-01  -3.2422349e-01   3.1178677e-02   1.2390916e-01   8.1331150e-02  -2.0103671e-02   7.6211302e-02  -1.2554714e-01   1.7376688e-01  -2.3388824e-02   1.6279848e-01   3.0645752e-01   2.1272373e-01   6.5230364e-02   6.3701715e-02   6.6721915e-01   2.1145974e-02  -2.8352191e-02   1.0725297e-03   1.6343346e-01   8.1760828e-02   2.9672866e-01  -1.3911629e-01   5.9391969e-02   1.2773044e-02   2.3797627e-01   4.0704545e-02   9.4033405e-02   1.8363710e-01  -1.2113812e-01   2.0409164e-02   1.7441475e-01   1.8098007e-01  -8.3067033e-02   2.0133895e-01   1.5421609e-01  -9.8437691e-02   2.6796446e-01   2.3975606e-02   2.7542336e-01   3.7744164e-01   4.7667167e-01  -2.8766407e-02   1.1034093e-01   6.0508030e-02  -1.8989367e-01   3.0109995e-01  -2.2268616e-01   1.1304866e-01   1.9028736e-01   3.2138114e-02  -2.3363691e-01  -7.0885716e-02   1.1797232e-01   1.9979304e-01   1.8485250e-01   5.0056897e-01   1.9571723e-01   3.6581824e-01  -2.1919170e-02   2.6466390e-01  -7.0828208e-02   4.3643363e-02  -3.2748618e-02   3.1532914e-02   2.8225706e-01  -2.2786332e-02  -2.0773460e-01  -7.0525695e-02   1.6388612e-01   8.0950394e-02  -2.8870212e-02   4.6535704e-02  -7.9649527e-02   1.1644718e-01   9.5450835e-02  -3.2185850e-02  -1.6747875e-01   2.3298189e-01  -5.0506228e-02   1.7619909e-01   2.9341943e-01  -1.6659662e-01   6.6860110e-03  -4.6813772e-03   3.9543470e-01  -1.6885920e-01   2.7613253e-01   1.4238987e-01   3.9288051e-02  -3.4053778e-02   8.0242818e-02   1.5990898e-02  -1.5298943e-01  -1.3415139e-01   2.1477164e-01  -9.4652348e-02  -2.4482695e-02   1.7245095e-01  -5.5008426e-02   8.3038974e-02   4.5099287e-02  -2.8149345e-02   3.2714771e-03   1.1698128e-01   2.5462072e-01  -8.7912392e-02   1.3588261e-01  -4.3729959e-02  -8.0210544e-02   9.5472039e-02  -3.6499678e-02   8.8706367e-02   2.6789173e-02   1.7175946e-01  -1.1522033e-01   1.4341426e-01   1.5843122e-01   1.0474226e-02   4.1096636e-02  -7.6320260e-02   1.2418557e-01  -7.3825904e-02  -1.9500086e-02  -1.6693867e-01   3.1584268e-01  -1.1982141e-01  -1.0235782e-01  -1.2357955e-01   3.5241847e-01
  -6.0741806e-02   2.6208857e-02   1.7634474e-01  -1.1210600e-02   2.3947671e-01   2.6302809e-01   3.4278398e-01  -2.1537344e-01  -1.5280306e-02   0.0000000e+00   4.8787778e-03   4.9721162e-01  -1.4977426e-01  -2.3159046e-01   4.8044312e-01   2.9471994e-01   1.1953766e-01  -5.3194668e-02  -5.4435716e-02   5.1538372e-01   2.4117298e-01  -2.4166967e-01   6.1839245e-01  -2.2930430e-01  -4.7962013e-02  -7.0821306e-02   2.3195974e-01  -1.6556134e-01   3.6976676e-02  -3.7851371e-02   3.2180738e-01  -1.5740906e-01   1.2901372e-01   5.7397055e-01   2.9228980e-02   6.1581815e-01   4.3706475e-01  -2.1511887e-01   2.8441454e-01   4.7537177e-01   1.5334625e-01  -1.2038545e-01   1.3823241e-02  -3.6186994e-03   1.9746780e-01  -2.3552585e-01   2.4395134e-01   2.2732442e-01   1.6383068e-01   1.5780575e-01   3.0730506e-01   1.4720776e-01   3.3537271e-01   9.6532433e-02  -1.6997805e-01   2.7547297e-01  -1.8562955e-01   5.6227048e-02   9.6780612e-02   7.6182965e-04  -4.9525876e-01   3.4019390e-02  -3.4734267e-01   1.2024643e-01   1.7286886e-01   7.9853798e-01   1.0081974e-01   8.2954071e-02   8.6595297e-02   9.2673689e-03   2.7922259e-01   1.1303741e-01   1.8702349e-01   1.9358602e-01  -6.9869862e-02  -2.3281799e-01  -4.1142336e-01   2.3336579e-01   5.2290121e-01  -9.5424274e-02   1.8116973e-01   1.6597111e-01   1.6562178e-01  -2.5811544e-02   2.4169447e-01   1.9456481e-01  -3.8775892e-02  -6.4156624e-02  -3.2766899e-01  -2.6855943e-01   1.1456762e-01  -4.2349265e-01   4.2847344e-01   6.2638499e-02  -1.7124184e-01   2.7274956e-01   1.4347959e-01   1.9360207e-01   3.7269928e-02   7.1892813e-01   3.1650512e-01   2.3172268e-01  -1.2309098e-02  -3.3570626e-01   2.4291276e-01  -2.1881907e-01  -2.8768533e-01   1.6862730e-01   5.1900150e-01   4.6567128e-01   3.9636653e-01   1.4512100e-01  -1.1202359e-01  -1.0856378e-01  -1.3444537e-01   2.5496909e-01   2.4424054e-01   2.1975067e-01   2.9139810e-02   5.8649664e-02  -4.5339907e-01   7.0122742e-01   7.9592045e-02   2.5297290e-01  -3.8512159e-01   5.6794841e-02   2.0135723e-01  -1.0576063e-01  -2.6509928e-01   2.1672822e-01   7.2461295e-02   3.5780845e-01  -2.0601334e-01   4.3895995e-01  -7.2873875e-02  -1.7461854e-01   1.4057574e-02   1.9136159e-01  -2.5160818e-02   2.7897978e-01  -4.2864248e-02  -2.3928394e-01  -1.3195368e-02  -5.0453942e-03   3.9673037e-01   5.4083035e-02   2.0362903e-01   2.5667647e-01   6.3399628e-01   4.9166280e-01   2.0576411e-02  -8.2650381e-02  -3.1305777e-01   1.0635759e-01   1.2940193e-01  -1.7816644e-01  -5.0151616e-01   3.1771036e-01  -4.3759931e-01   1.5921894e-01   1.7717461e-01   5.7411426e-02   5.7384665e-02   6.6232667e-02  -9.4754947e-02   3.3457442e-01   1.8288484e-01  -5.2246766e-02  -4.9840376e-01   1.4881126e-01   7.9184356e-01  -2.3483024e-01   8.1542253e-02  -1.2096440e-01  -3.2929259e-02  -1.8088969e-01  -2.1373224e-01
  -2.1673138e-01   2.8523067e-01   2.0047452e-01   8.5903747e-02   4.0739423e-01  -1.4557252e-01   1.9513720e-01   4.1072387e-01   2.8420601e-01   4.8787778e-03   0.0000000e+00   1.5229481e-02   1.3141836e-01   3.9050989e-02   3.7769368e-01   9.6588929e-03   2.2835940e-01   1.9327630e-01  -3.4240196e-02   3.8172510e-01   2.9381883e-02   4.4363448e-02   1.5397254e-01  -1.7684391e-01   3.1280207e-01   1.7082616e-01   4.3851184e-01  -2.0269331e-01   3.2020478e-01   3.9403996e-01   1.1703334e-01   4.5170952e-01   4.1168503e-01   2.6246741e-01   1.3163433e-01   4.1146255e-01   4.3615795e-02  -3.7997917e-01   4.0656102e-02   1.3101498e-01   2.6349535e-01   1.2448121e-01   3.2026275e-01   3.0511603e-01   4.6440139e-01  -1.8335336e-02   4.2485890e-01   2.8613590e-01  -1.8231957e-01   1.3622978e-01   2.5025738e-01   2.2669745e-01   1.0867109e-01  -1.8379754e-01  -2.3600757e-01   4.3841901e-01  -6.8463246e-02   1.1654760e-01   2.4405147e-01   1.2733167e-02  -1.2255381e-01   3.5131371e-01  -4.0473484e-02   2.5346070e-01   3.3606387e-01  -7.2398836e-02   1.4798253e-01   3.1633552e-01   7.6756103e-01   1.4066214e-02   5.2099564e-02   2.1379143e-01  -1.5000447e-01  -1.3776826e-01   6.4551453e-02   4.6048679e-01   1.3827307e-01   2.4583291e-01   2.9734191e-01   1.6408464e-01   1.2264331e-01   3.8333713e-01   1.6623579e-01   1.6714939e-01  -3.1463794e-01   5.1565563e-01   1.5633888e-01   6.7155852e-02  -2.3930854e-01  -4.5249887e-01  -5.7263260e-02  -5.2884407e-03   8.0003988e-02  -3.9785128e-02  -5.9738789e-02  -4.7546895e-03   4.7855771e-01   1.9100784e-01  -3.3038772e-03   1.1239210e-01   1.5135449e-03   4.5466185e-01   1.9942779e-01   8.1355916e-02   4.3020138e-01   8.8453788e-02  -8.7966239e-02   5.4091380e-01   2.1673452e-01   7.6097501e-02   2.6629128e-01   1.7807569e-01   2.0393888e-01  -2.4429420e-01  -1.6282723e-01   2.6263424e-01   5.4712400e-01   1.8971768e-01  -3.9326128e-01   1.4110959e-01  -2.6988163e-02   9.4894390e-02  -1.2774783e-01  -1.2593337e-01  -3.2574574e-01  -2.5395673e-01   1.3718596e-01  -1.5781492e-01   2.3824803e-01   4.0784239e-02  -1.9233838e-01   5.0798599e-01  -2.8942257e-01  -2.8728504e-01  -3.3445685e-02   5.5859768e-01   2.0813287e-01   1.3903130e-01   6.0525282e-01   5.8600281e-03   5.7194189e-02  -3.6236004e-02   8.0601624e-01  -3.9529290e-01   1.8686778e-01   2.7795801e-01   1.4071484e-01   1.0747752e-01   2.3803416e-01   2.8585520e-01  -1.2378257e-01   1.1275074e-01  -2.0918019e-01   3.8271659e-01  -2.4105747e-01  -3.0094848e-01   1.1617033e-01   3.3838041e-01  -1.3446315e-01   2.7538078e-01   2.0241493e-01   7.0897017e-01  -6.3690400e-02   2.2669325e-01  -1.5861300e-01   1.9672013e-01   4.1595710e-01   1.3469038e-01  -9.9348052e-03   1.3450087e-01   2.1137355e-01  -8.6876905e-02   3.9548678e-01  -1.1018797e-01  -1.9116780e-01  -9.3511773e-02   2.3552979e-01
  -7.2085004e-02   2.0901572e-01   5.2806057e-01  -2.8925061e-02  -5.0646877e-02   3.2868143e-01   5.5698113e-01  -3.2037574e-01   4.3786650e-03   4.9721162e-01   1.5229481e-02   0.0000000e+00   1.4582299e-01  -1.2606202e-01   4.9676537e-01   2.3162741e-01   3.7305121e-01  -6.5427514e-02   4.2281220e-02   3.5911593e-01   1.0185895e-01  -3.0989593e-01   5.6317746e-01  -4.6416073e-02   8.7169888e-02  -8.6530926e-02   3.0198865e-01  -2.8777947e-01   1.4070633e-01   2.8125342e-02   3.4952711e-01  -1.6764014e-01   1.6036037e-01   6.5413215e-01   1.2945770e-01   5.2328618e-01   1.5308424e-01  -3.6165613e-01   1.4368521e-01   5.8101353e-01   2.0307375e-01  -1.8997477e-02   2.1882758e-01  -5.3415822e-02   9.6682109e-03  -2.1088304e-01   2.5379990e-01   2.8182272e-01   5.6503998e-02   4.1254645e-01   1.8937209e-01   7.7940021e-02   2.8829836e-01  -1.9351806e-01  -1.7718526e-01   1.8596054e-01   3.0755446e-02  -2.4730323e-01   3.1083163e-01   2.3222458e-01  -2.7377938e-01   2.1669438e-01  -1.9246129e-01   1.4607615e-02   2.1619207e-01   4.9451817e-01   7.5744030e-02   4.0515836e-02   8.5548044e-02   1.2695052e-01   5.3192960e-01   7.4878876e-02   3.3750835e-03   5.8276749e-01  -2.0355691e-01  -2.1522006e-01  -2.0628671e-01   6.6148871e-02   1.6662242e-01   6.6138431e-02   1.3700154e-01  -3.3862706e-02   1.1922793e-01  -7.1462911e-02   1.2169922e-01   8.6980636e-02   2.0881549e-01  -2.0839023e-01  -1.9133775e-01  -2.0269756e-01  -8.0581541e-02  -1.6259911e-01   3.3373020e-01  -1.1884432e-01  -3.2649927e-01   2.5251766e-01   9.7050086e-02   6.4878419e-02   9.4201245e-02   4.3415627e-01   1.5483327e-01   2.2548475e-01  -9.8980486e-02  -1.7059050e-01   1.4606793e-01  -2.7749774e-01  -2.3935039e-01   5.9930475e-03   1.8405513e-01   3.1661002e-01   5.9012053e-01   3.2356087e-02  -1.1043322e-01  -4.1300373e-01  -8.9440911e-02   5.1236863e-02   1.1586535e-01   4.9890567e-02  -1.7568139e-01   7.1602798e-02  -2.9935433e-01   3.8685544e-01   8.5996131e-02   1.4360727e-01  -3.9693284e-01   3.6724919e-01   2.9177275e-01  -8.7379105e-02  -3.0156426e-01   2.0871291e-01  -1.0885270e-01   2.6470391e-01   1.3173545e-02   3.3365831e-01  -1.8607784e-01  -2.1094184e-01   2.9396658e-02   3.2783611e-01  -5.6267958e-02  -8.5060628e-02  -6.9404544e-02   8.5874836e-02  -1.7989875e-02   2.0109929e-01   2.9260861e-01   7.7017202e-02   5.8747322e-01   1.0222616e-01   2.1937533e-01   4.0318780e-01   1.0914969e-01  -2.3630865e-01  -3.2303592e-01   7.1653876e-02   5.3071869e-01  -2.1108605e-01  -5.0952920e-01   4.8569357e-01  -3.5734057e-01   4.1415088e-02   1.2879094e-01   2.6237336e-03  -6.2692729e-03   2.5810964e-01  -1.4048189e-01   2.7142357e-01   3.7354952e-01  -3.9022650e-02  -3.1196067e-01   1.6691227e-01   4.3673045e-01  -2.8924835e-01   1.3207798e-01   2.1679156e-01  -2.0487225e-01  -1.6958355e-01  -1.6399473e-01
  -9.0209541e-02   2.2760983e-01  -3.2256587e-03  -3.4529282e-01  -5.2358344e-02  -1.8219008e-01   3.0166229e-01   3.2794154e-01  -2.4077294e-01  -1.4977426e-01   1.3141836e-01   1.4582299e-01   0.0000000e+00  -5.4455001e-02   3.4269929e-01   1.9666452e-01  -3.0937583e-02  -4.2490465e-01   4.9170197e-01  -4.5341813e-02  -7.9510953e-02  -1.3981841e-01   9.4835789e-02   1.2277885e-01   1.8588183e-01   4.8737051e-01  -6.4816998e-02  -1.2309678e-02   2.2223726e-01   9.1719553e-02   3.5583580e-01  -2.5876889e-01   1.3789602e-01   3.8055768e-01  -1.4876520e-01  -1.0972389e-01   1.0288262e-01  -1.9393557e-01  -3.8414454e-02  -2.3557053e-02   5.5412364e-01   6.6942287e-02   8.7484674e-02   2.0908304e-01  -1.7518897e-01  -1.2029919e-01  -2.6772440e-01   1.0847828e-01   4.0871845e-01   1.2368559e-01  -3.3611373e-01   1.6670485e-01   9.8614874e-02  -4.4543985e-01  -1.5357211e-02   1.3854053e-02   2.5532454e-01  -2.9218023e-01  -6.1929073e-02  -1.9769773e-01  -1.3653502e-01   5.7313861e-01  -2.3422954e-01   1.6859317e-01   2.5788040e-01  -1.5686528e-01   1.6178814e-01   4.1554147e-01  -5.7512223e-02  -4.7793637e-02   1.8841540e-01  -2.0626358e-01  -7.0121952e-01   1.8448341e-01  -1.5864260e-01  -7.2421394e-02   1.4408255e-01   4.5504527e-02  -2.3081426e-01  -4.0014106e-01   3.0505205e-01  -6.1387689e-02  -6.6011787e-02   3.9116704e-01  -1.5853017e-01   1.5821208e-01   1.1051972e-01  -5.1831532e-02  -2.6888016e-01  -1.0763484e-01   1.2453827e-02   7.0427847e-02   2.4870935e-01  -3.8735761e-01  -1.1508235e-01   6.4876340e-02  -4.4646902e-02   2.5968953e-01   2.0236957e-01  -2.4802492e-01  -7.1662950e-02   1.1197284e-01   1.1425653e-01  -9.0973045e-02   1.0042364e-01  -3.9104397e-01  -1.3603244e-01  -4.7941797e-02  -1.8740281e-01  -2.1013115e-01   3.9854781e-01  -1.5779415e-01  -3.3964686e-01  -2.2666610e-01   3.0324129e-01   2.1362232e-01   2.7059689e-02  -2.7889389e-01  -4.8596989e-01  -8.7521740e-02   8.3846711e-02  -9.0792823e-02  -2.9929186e-01  -2.1708041e-01  -2.5727608e-02   9.7940787e-02   5.4671997e-01  -3.1830474e-01  -9.4448685e-02  -1.1993429e-01  -2.2729757e-03   1.8122016e-01  -7.4933904e-02  -9.9269568e-02  -3.5103320e-01   3.0198297e-01  -6.3465162e-02   2.7633785e-02   1.8985989e-01  -1.7975577e-01   1.0901947e-01   5.4520344e-01   1.6066685e-01  -2.8175388e-01   2.5821941e-01   2.5091001e-01   4.5468150e-01  -2.8170857e-01  -3.0683477e-01   1.0133900e-01   1.4915608e-01  -6.5146848e-03  -4.2929907e-01   3.9614127e-01   2.1681494e-02  -2.2414578e-01   1.9299605e-02   1.1189781e-01  -2.2148860e-01  -7.9861031e-03  -8.1381861e-02   1.4502720e-01   4.3074827e-01   2.4975243e-01  -1.7542063e-01   2.2304187e-01   3.1335960e-01   2.6163092e-01  -8.1998306e-02   2.8554098e-01   7.5159403e-04  -1.7055901e-02   2.2015498e-01   2.3735067e-01  -3.1031420e-01  -1.4379178e-01  -1.8621734e-01
   1.8126205e-01  -9.5368693e-02  -1.0095052e-01   2.9536156e-02  -1.9186692e-01  -1.7137119e-01   6.9176569e-02  -1.6158694e-02   1.9012280e-01  -2.3159046e-01   3.9050989e-02  -1.2606202e-01  -5.4455001e-02   0.0000000e+00  -1.1892179e-01   1.3506669e-01  -1.4925844e-01   1.3057833e-01  -1.0160922e-01  -3.0711412e-01   6.9405224e-02   3.1299676e-01  -1.2255717e-01   1.0667767e-01   5.1945399e-02  -2.6950217e-01  -1.7738434e-01  -2.3030067e-02  -1.0865459e-01   3.3398146e-01  -1.1939580e-01   1.8167650e-01   6.6434737e-02  -1.8721456e-01   1.0114889e-01  -2.3137582e-01  -3.4272729e-02  -3.3570072e-02   6.0055788e-02  -2.3508178e-01  -1.3345317e-01   7.7314941e-02   5.5178675e-02  -1.6945289e-01   1.2444068e-01   5.5607276e-02  -2.1157516e-01   1.0273576e-01   4.5081856e-03  -1.4019576e-01  -1.2851175e-01  -2.4997296e-01  -2.7425453e-01  -1.3983831e-01   2.6521245e-01  -2.0487055e-01  -1.4241420e-01   2.8147273e-01  -9.2202849e-02   5.8140985e-02  -9.6957934e-02  -4.4996253e-02   3.0716826e-01  -9.8943540e-02   1.5591679e-01  -2.4934181e-01  -2.2060056e-01  -2.7086409e-02   5.3349103e-02   4.7586049e-02  -2.1290034e-01  -4.8725218e-03  -4.0476484e-02  -1.5092873e-01  -1.5377352e-01   1.1884621e-01  -1.3352971e-01  -7.6618896e-02  -1.7881987e-01  -2.1201793e-01   6.3362234e-02   8.0258320e-02  -2.5044704e-01  -1.8680679e-01  -1.4925091e-01  -1.0600088e-01   3.1257782e-01   1.0602891e-01   2.0620820e-01  -1.5807229e-01  -2.5905802e-01  -2.2064861e-01  -2.9126160e-01   1.5178323e-01  -1.3198278e-01  -4.1001502e-01  -6.2533095e-02  -1.2736234e-01  -1.9968707e-03  -3.6604541e-02   3.9126019e-02   3.2610548e-02   1.9057802e-01   4.2137369e-01   2.8572363e-02   2.0432257e-01   1.1774054e-01  -1.7195903e-01   1.6559822e-01  -3.8026239e-01  -1.9474833e-01   3.4506523e-01   1.0272663e-01  -2.5834322e-02  -1.9785087e-01  -1.4407541e-01  -9.1164358e-02  -1.1994337e-01  -1.4127477e-01   4.5731566e-02  -9.2810773e-02  -1.4235848e-01  -3.3820712e-02   7.8040554e-02   3.2312349e-02   9.3044089e-02  -9.4978209e-02   6.0366046e-02   3.7245341e-01  -4.2830493e-02   2.0029193e-02  -1.4557350e-01   1.5130900e-01  -1.1715629e-01   1.5854364e-01   3.7205979e-02  -1.4961704e-01   2.8013943e-01   1.0063627e-01   6.8874298e-04   4.3935077e-02   1.3267848e-01   2.2967226e-01  -1.8396879e-01  -1.2201293e-01   2.4895446e-01  -7.8815474e-02  -1.0105930e-01  -1.0492690e-04  -1.1503733e-01  -3.4713208e-02   9.2000286e-02   4.0618457e-02  -1.5246088e-01  -2.9451000e-01  -4.0510178e-02  -2.8145504e-02  -1.6941826e-01   1.1372139e-02   1.3517218e-01  -1.0350790e-01  -2.0748368e-02  -2.7190291e-01   1.0058436e-01   1.5864516e-01  -1.7686204e-01  -1.0737853e-01   7.1503859e-02  -4.9163789e-02  -1.7383277e-01  -1.5967959e-01  -2.4037456e-01  -5.0938955e-02  -2.0051293e-01   5.9962978e-02  -7.5730856e-02   2.4280985e-01
