   0.0000000e+00   2.2795657e-01  -1.8449208e-01  -3.2211403e-01   1.9812172e-02  -3.8299504e-01  -1.0615358e-01  -2.0318359e-01  -1.9078242e-02   1.0542880e-01  -4.0800974e-01   1.7961622e-01  -3.7018406e-02   6.0006399e-01  -7.2663152e-02  -5.3082273e-01  -3.0461924e-02  -3.0834534e-01  -1.4282410e-02  -1.6592473e-01  -1.6859141e-01  -2.6329000e-01   3.8424091e-02   8.1072631e-01   1.7450321e-01  -1.6337315e-01  -4.0133692e-01   1.4794346e-01  -3.3874441e-01  -3.0031814e-01  -6.2993841e-02  -4.0452667e-01  -4.0430066e-01  -1.6940499e-01   2.2557682e-01  -4.8014377e-01   1.1734510e-01   4.0526286e-01  -4.5735453e-01  -5.0859871e-01  -6.0002014e-02   1.1565991e-01   6.7759530e-02   9.2401399e-02  -1.9776189e-01  -4.8602473e-02  -4.6526265e-01   8.8127676e-02  -3.6765453e-01  -2.0093622e-02  -4.4555668e-01  -1.1867434e-01  -6.4115486e-03   4.9560595e-01   4.4380977e-01  -4.0632165e-01  -2.8155118e-01  -5.0294149e-01  -3.2101893e-01   3.8592375e-01  -2.4088109e-01  -1.6016598e-01   8.3723849e-02  -3.5205878e-02  -5.8348692e-02   9.5573947e-02  -3.4644248e-01  -5.0074905e-02  -4.1724382e-01  -2.1733397e-01   2.5700068e-02  -2.9800250e-01  -1.3230674e-01   6.7720033e-01   3.6883044e-01  -2.9698120e-01  -1.5366322e-01  -1.2016786e-01  -5.0018113e-02   2.2062413e-01   2.6761139e-02  -2.8399363e-01   2.0113460e-01  -2.4249451e-02   7.5803692e-01  -2.4177267e-01  -1.9624707e-02   5.5379479e-01  -1.0901271e-02   8.3391521e-01   6.6159761e-02  -9.6623001e-02  -1.4613012e-01   2.4615098e-02   1.8875602e-01  -2.5497586e-02  -2.7249705e-01  -2.8635314e-01  -1.5369295e-01  -1.1785033e-01   2.8893289e-01  -1.7600923e-01  -1.3957151e-01  -1.6129433e-02  -4.4086433e-01  -4.4752285e-01  -3.5367054e-02  -3.9658631e-01   1.8239797e-01  -1.8537876e-01  -1.6718777e-01  -2.7730835e-01  -2.6250809e-01   8.4822471e-01   3.6958661e-01   2.1013084e-02  -4.2670228e-01  -3.1634554e-02   2.6333138e-01  -4.4880025e-01   6.2799909e-01  -1.9460064e-02   6.2052217e-03   6.6769576e-03  -1.3423405e-01   8.4955221e-01  -3.5359923e-01   1.0160899e-01  -4.9630237e-01   1.0261527e-01  -2.3014013e-03  -2.8921920e-01   6.9436846e-01  -4.9138125e-02   2.3671258e-03  -1.8840505e-01   4.1827126e-02   1.1530936e-01  -2.5769858e-01   5.9849046e-01   6.6830114e-01  -2.7256045e-01  -4.6262833e-01   2.5754228e-01  -1.4465368e-01  -4.3045090e-02   1.3010462e-01   1.3225781e-01  -3.3714657e-01  -3.1559217e-02   3.2466941e-01   2.5721756e-01   3.1181563e-01  -1.1117002e-01   5.6463701e-02   7.0364798e-01   1.1827915e-01  -2.3211016e-01  -1.3609590e-01  -1.2863104e-01  -2.6211857e-01  -4.1606424e-01   2.5970850e-01  -4.0522265e-01  -4.3450356e-01   2.5570956e-02  -7.4953027e-02   1.3739504e-01   3.6091063e-01   2.6199245e-01  -6.3805098e-02   4.0454489e-01  -1.9808322e-01   2.9620051e-05   3.2829995e-01   3.3612717e-01  -3.7225289e-01
   2.2795657e-01   0.0000000e+00   1.2019546e-01  -5.4302922e-01   3.1806109e-01  -4.7029676e-01   3.2665398e-01  -4.7987753e-01   4.8093826e-01   3.1119480e-01  -4.1642538e-01   4.8884848e-01  -1.9987177e-01   1.3091176e-02  -3.6386267e-01  -4.6465613e-01   1.7649973e-01  -2.2055061e-01  -1.5567990e-01   1.7022211e-01  -1.8028495e-01  -1.5590789e-01  -4.0967783e-04   1.9525062e-01   1.6426169e-01  -8.1589111e-02  -6.5582858e-01  -1.6415831e-02  -1.6969525e-01  -5.2558136e-01  -4.8988045e-02  -2.7830851e-01  -1.4769567e-01   3.3146102e-02   1.8129921e-01  -3.8802190e-01   3.8773938e-01   9.9460072e-02  -4.3148697e-01  -3.9518354e-01  -1.2568690e-02   1.2711361e-02   5.5127919e-01   1.6485396e-01   1.3646179e-01  -1.4121663e-01  -6.4174165e-01   1.5692127e-01  -2.5289567e-01   1.4065976e-01  -4.0841020e-01  -1.1006185e-01   3.8635758e-01   7.4749688e-02  -2.1848236e-01  -2.6396021e-01  -5.0090563e-01  -3.9354254e-01  -5.0290328e-01   2.8733218e-01  -1.5356406e-01  -6.5575626e-02   5.9012938e-01   5.2319509e-02   3.7836726e-01   3.9698752e-01  -6.0635496e-01  -6.2021774e-02  -6.7658950e-01   4.2554217e-02   5.8541603e-01  -3.6299202e-01   1.3208040e-01   8.5801181e-03   7.3756219e-02  -2.4670025e-01  -9.6338634e-02   3.6026509e-02   4.5383262e-01  -2.1588457e-01  -9.4162473e-02   9.2593333e-02   3.0017596e-01  -3.9814218e-01   8.8705983e-02  -3.0637743e-01  -1.3177113e-01  -9.0486484e-03  -1.2300003e-01   2.2892785e-01   2.4423218e-01  -5.5476909e-02  -4.0776590e-02   4.4271102e-01  -6.9988993e-02   7.8005962e-02  -7.1963565e-02  -4.6691026e-01  -8.6008347e-02   9.4425582e-02   4.4209162e-02  -4.0650533e-01  -2.8879729e-01   2.6713103e-01  -4.1257756e-01  -3.1022977e-01  -5.5278140e-02  -5.5752291e-01   3.0387069e-01  -3.5618200e-01   3.7848292e-01  -4.1747845e-01  -3.5326504e-01   7.3205182e-02  -9.1037636e-02   5.2790340e-01  -4.1305003e-01   1.1248774e-01  -2.6396006e-01  -4.5269528e-01  -8.9682178e-02   3.7599547e-01   3.3525789e-01   1.7223090e-01  -6.7154126e-02   2.6076687e-01  -5.6245769e-02  -1.1129108e-03  -2.3084095e-01  -3.5600328e-02   1.5183757e-01   1.1580789e-01   5.3158010e-01  -3.5531885e-02   3.0450339e-01  -2.3669544e-01   1.1059287e-01  -1.7906584e-01  -4.1352994e-01   2.6048004e-01   2.5056008e-02  -1.7045204e-01  -4.4368020e-01   4.1434944e-01  -1.1435667e-01  -2.6227430e-01   2.6736826e-01   5.6155741e-01  -2.7377338e-01   3.9507949e-01   9.1096086e-03  -5.9040333e-02  -1.9820420e-01   7.3267945e-02   4.7278845e-01   3.0492138e-01  -1.6084837e-01  -4.6995417e-01  -1.5631171e-01  -1.4906427e-01  -2.0972699e-01  -3.3170722e-01   1.5448782e-01  -4.2195254e-01  -2.2315267e-01   4.0969293e-01   2.7987046e-01  -1.9029974e-01  -2.8058486e-01   8.0264111e-02   3.7647004e-01  -5.3638160e-02  -1.7861002e-01  -2.8099144e-01   3.2459760e-01  -1.5886329e-01  -3.2673745e-01
  -1.8449208e-01   1.2019546e-01   0.0000000e+00  -2.2520269e-02   2.4501943e-01   1.1112178e-01   2.0336004e-02   1.6040999e-02  -2.6330178e-01   2.1360645e-02  -3.4927111e-01   2.8837359e-01   4.5064945e-02  -5.1167163e-01  -1.6912949e-01  -3.2633176e-02   7.0026880e-01   1.1287919e-01   4.1912706e-01   3.3981983e-01  -5.1270909e-01  -7.0478153e-04  -2.9618647e-01  -1.9840996e-01   1.4586000e-01   1.0946092e-02  -8.4569966e-02   2.0927229e-01  -3.1351207e-02  -2.6579127e-01  -3.2587080e-01   6.0177911e-02  -3.3402738e-02  -1.9441476e-01  -4.8411623e-01   1.7345827e-01  -3.8455122e-02   1.4329884e-01  -2.1333779e-02   1.1437491e-01   3.0947737e-01   3.1564638e-01   7.3622483e-04  -2.3530681e-01  -1.9417643e-01   6.0168372e-01  -1.2333888e-01  -4.9236908e-01   9.8497891e-02   5.4716899e-01  -6.3924158e-02  -8.2380565e-02  -2.8282624e-01  -9.5221603e-02  -2.9062500e-01  -2.2666764e-01  -2.5591850e-02   1.2177008e-01  -1.9897881e-02  -7.5980902e-02   7.1304465e-01   1.0523527e-01   3.1158377e-01   2.6938640e-01  -5.6427307e-02  -2.1942067e-01   1.7288282e-03  -2.9187603e-02  -1.4826456e-01   8.1518196e-01   1.1937229e-01  -1.1674887e-01   2.7076704e-01  -1.3470243e-01  -1.7055814e-01  -7.5370242e-03   7.3325984e-01  -3.4711408e-01   2.2072220e-01  -1.0952297e-02  -2.6355286e-01  -2.3410130e-02   8.5720959e-02   1.8449832e-01  -5.1908535e-02  -1.3522615e-01  -4.6967012e-01  -3.1571288e-01   1.3819674e-01  -1.3819192e-01   1.7749951e-01   8.1610608e-01  -2.5444682e-01  -1.3980977e-01   4.8773226e-01   2.4093487e-01  -5.2394702e-02   2.3871956e-01   1.0159923e-01  -3.1026317e-01   3.5788635e-02  -2.0424204e-01  -3.8583296e-01  -2.0444529e-01  -1.7160068e-01   5.0105067e-02   1.4539516e-02   8.9896423e-02  -5.4500883e-02  -3.2677316e-01   1.7202258e-01  -2.5317742e-01  -5.6393950e-02  -1.5301343e-01   1.2214803e-02   1.4467954e-01   1.2710096e-02   2.4291843e-01  -1.0792478e-02  -3.1231734e-02   7.4368580e-02   3.2849349e-01   2.4689683e-01  -1.7612977e-01   7.0078001e-01  -1.2468736e-01  -1.7555583e-01  -1.0958331e-01  -3.5402287e-02   2.6785917e-01  -8.7025252e-04   2.4725796e-02  -1.9027928e-01  -4.5208350e-01  -1.0278223e-01  -4.8259475e-02   5.8373007e-02  -4.2462194e-01  -2.3317531e-01  -1.3259816e-01  -3.8912945e-02   7.2574548e-02   5.5594313e-03   6.0761352e-01  -2.7889711e-01  -4.6423293e-01   7.4019531e-02  -1.7095287e-01  -3.1590511e-01  -1.0444889e-01   5.5551892e-01  -1.2973166e-01   3.0247113e-01   1.3563731e-02   5.0304110e-01  -1.3219829e-01   5.0212154e-01  -2.7080035e-02   6.5932227e-01  -2.5787412e-01  -2.8116044e-01  -2.4242006e-01  -3.1374812e-02  -7.5581158e-02   3.0805133e-01   1.4983766e-01   2.1934037e-01  -3.9146485e-02   2.3284189e-01   9.3744851e-02   7.6004446e-02  -8.7716988e-02  -7.9115680e-02   4.1120608e-01  -2.8137386e-01  -1.4353043e-01   2.4227630e-01
  -3.2211403e-01  -5.4302922e-01  -2.2520269e-02   0.0000000e+00  -2.2894892e-01   2.8517841e-01  -3.5987968e-01   2.4666929e-01  -1.6405498e-01  -3.4288871e-01   3.7775775e-01  -4.5780392e-01  -1.4351149e-01   4.1150619e-02   1.6123552e-01   3.7467758e-01  -1.8925854e-01   4.2008920e-01  -3.6120268e-02  -1.2728254e-01   3.5624572e-01   3.9010499e-01   8.5235860e-02  -2.3049168e-01  -1.1519428e-01   7.0698287e-02   5.3260111e-01  -2.7608213e-01   2.6691822e-01   6.3037465e-01   8.7364625e-02   5.3199806e-01   2.9171585e-01  -1.3000856e-01   5.6301101e-02   3.9716289e-01  -3.2028155e-01  -2.6956298e-01   3.7658940e-01   2.8109365e-01  -1.1839810e-01   7.8570424e-02  -3.7343010e-01  -1.3035137e-01   1.7895214e-01   5.8933116e-02   6.7252575e-01   3.3985396e-02   5.2334411e-01  -2.1359571e-01   5.5851294e-01   1.2586073e-01  -2.7356425e-01  -1.1457286e-01   1.9756189e-01   1.0745835e-01   4.6245232e-01   4.6828247e-01   5.8427819e-01  -2.6897473e-02   1.6063582e-01   3.5220689e-01  -1.7875948e-01  -1.3493236e-01  -5.0616092e-02  -2.7129087e-01   4.6289780e-01   1.6901428e-01   6.6113178e-01  -6.0797500e-02  -5.0992338e-01   6.5653033e-01  -1.8140452e-01  -2.3425688e-01  -1.9205036e-02   1.5286338e-01   5.3908838e-02  -2.4461416e-02  -4.4242605e-01   2.7917769e-01  -1.0084284e-01  -2.1414187e-01  -2.6495673e-01   1.6387128e-01  -2.7592734e-01   2.1548513e-01   2.5320914e-01   5.5105842e-02   2.2918216e-01  -3.1097054e-01  -3.9632563e-01   8.0995726e-02  -7.6628596e-02  -1.7218311e-01  -8.4526203e-02  -1.4277670e-01   3.7749733e-01   2.5871564e-01   4.0098288e-01   3.8559924e-02  -2.7339970e-01   2.8902712e-01   3.5689811e-01   6.5848958e-02   6.0951965e-01   5.2190780e-01   2.7970926e-01   5.0221135e-01  -2.3426786e-01   4.1253714e-01  -4.3935569e-01   5.4514399e-01   6.3794105e-01  -3.7550736e-01  -1.3971430e-01  -4.8761696e-01   2.1268094e-01  -3.0309394e-01   7.1168568e-04   7.3044106e-01  -1.7770179e-01  -3.4396110e-01  -1.2826692e-01  -8.5984799e-02   5.2340103e-02  -1.9847431e-01   1.9233251e-01   1.2243816e-01   5.3939689e-01  -2.8211543e-01  -4.2880755e-01  -8.7568289e-02  -3.0406951e-01   8.7904897e-02  -2.8954845e-02   1.4031627e-01  -1.5858789e-01   3.9689428e-02   3.8454501e-01  -3.1849190e-01   4.2290854e-02   9.9305409e-02   3.8357255e-01  -3.9128013e-01   9.7658412e-02   3.1355019e-01  -4.2753929e-01  -3.0735833e-01   3.5490161e-01  -3.6093474e-01  -1.4625294e-01  -5.1153178e-03   6.6186712e-02  -2.5263667e-02  -4.3592155e-01  -3.3728997e-01  -6.0015548e-03   3.9973380e-01   4.9727389e-02   1.3624926e-01   4.0990822e-01   3.3718823e-01  -1.7789671e-01   6.5599883e-01   4.3679445e-01  -4.3408962e-01  -2.0258817e-01   1.0677545e-01   1.8351769e-01  -2.1423456e-01  -4.8345333e-01  -2.9608168e-01   4.5003151e-01   2.9446666e-01  -3.2173112e-01   4.1616169e-02   4.1673535e-01
   1.9812172e-02   3.1806109e-01   2.4501943e-01  -2.2894892e-01   0.0000000e+00  -1.0581635e-01  -2.0475076e-01  -2.3111318e-02   3.3223128e-01  -8.8616109e-02  -2.6925378e-01   2.7425963e-01   8.2521451e-03  -2.4603416e-01  -3.0855364e-01  -2.7496465e-01   1.9786752e-01   7.3828037e-02   7.6671144e-02   7.7024177e-01  -1.8085468e-01   2.1130601e-02  -2.9632490e-01  -6.7297854e-02   1.7358007e-01  -1.0176154e-02  -4.2173149e-01   1.0315338e-03  -1.1820288e-01  -3.8044358e-01  -2.5859241e-01   9.8178125e-02  -5.7439546e-02  -2.3107598e-01  -3.1300329e-01   2.2274574e-01   3.2121483e-01   2.9489446e-01  -1.7862246e-01  -2.8290085e-01   3.1768851e-01   1.4767396e-01   3.6264532e-01  -1.7208053e-01   1.8907379e-01  -1.1964212e-02  -1.2119429e-01  -2.5352006e-01  -6.3487161e-02   2.2855608e-01  -8.3018954e-02  -8.4555269e-02   8.8006777e-02   6.3639690e-02  -2.2978249e-01  -4.6357353e-01  -1.7442965e-01  -9.6783374e-02  -1.0693511e-01   6.4422895e-02   1.7251801e-01   1.1550843e-01   5.5685059e-01   2.4062856e-01   2.6723600e-01   9.9445346e-03  -3.4356094e-02   1.7213245e-01  -2.5384886e-01  -1.2279224e-01   1.4242451e-01  -1.7348365e-01   2.0767424e-01  -2.5335091e-02   3.4205049e-02   1.4889849e-01   2.4592301e-01  -6.8589243e-02   8.1766663e-01  -4.8781599e-02  -3.0364042e-01   1.7896777e-01   2.4477617e-01   1.5365175e-02  -3.4959420e-03   1.6011860e-01  -2.6335098e-01  -6.5439614e-02   1.9430554e-03   1.8223995e-01   6.5559445e-01   1.6297916e-01  -1.9705132e-01   2.8001561e-01   2.2816268e-01   3.7673207e-01   3.4877367e-02  -1.9957639e-02   2.3908132e-01  -4.4307068e-01   3.5170322e-02   4.4479640e-02  -1.7988279e-01   9.6108039e-02  -2.2986639e-01   6.4338906e-02   2.1565271e-01  -1.5252881e-01   1.3648141e-01  -3.9986096e-02   1.1552672e-01  -3.0830898e-01  -1.3910113e-01  -3.6291383e-02  -4.0942274e-02   7.6534728e-01  -3.5041652e-01   4.8131693e-02  -1.3593552e-01  -1.6530089e-01  -4.3707453e-02   6.0336597e-01   2.2731027e-01   3.6958677e-01   2.1776614e-01   4.8259082e-02   5.0697676e-02   1.6398769e-01   8.8744492e-02  -4.7954096e-02   2.7906384e-01   1.4970878e-01   8.2514208e-02  -4.3532483e-01   3.1444688e-01   1.9040553e-01   1.3181898e-01  -4.7973379e-01  -1.1640625e-01   3.6834202e-01   2.1385435e-03   1.6533624e-01  -5.8796808e-02   2.8891017e-01  -4.3670814e-01  -3.3578667e-01  -1.5947050e-01   5.3563194e-01  -3.9240727e-01   9.3483336e-02   1.2607610e-01  -1.7106753e-01  -9.3561006e-02   1.5351051e-01   4.5471254e-01   2.1792374e-01   8.7108948e-02   5.9820764e-02   1.3851777e-01  -4.3514189e-01  -1.3678909e-01  -5.3516182e-02  -3.8618215e-03  -1.0226789e-01   2.1541317e-01   6.1041262e-01   3.3699928e-01  -5.6662287e-02  -1.4717305e-01   4.9017415e-01   5.0555912e-01   1.0682213e-01   2.3004734e-01   2.6806778e-01   2.2530566e-01  -6.9291692e-02   2.3195781e-01
  -3.8299504e-01  -4.7029676e-01   1.1112178e-01   2.8517841e-01  -1.0581635e-01   0.0000000e+00   2.6695846e-02   4.9678637e-01  -5.9753268e-02  -2.7584788e-01   4.9546952e-01  -2.0676408e-01   1.0957138e-01  -1.1353155e-01   5.3448330e-01   3.0793780e-01  -2.3402557e-02   4.6438437e-01   2.0264534e-01   1.1848928e-01   2.4403650e-01   4.2368824e-01   1.6545142e-01  -3.7836151e-01   1.5544455e-01   3.4068601e-01   5.4470721e-01   1.1006107e-01  -7.4533475e-02   4.9423716e-01   1.9435873e-01   4.8612135e-01   2.1464113e-01   2.4582455e-01   2.4837870e-02   5.9457919e-01  -8.2057237e-02  -3.1125696e-01   3.1652340e-01   4.9489036e-01   9.4932412e-02   6.3719467e-02  -3.7028999e-01  -3.9225653e-02   1.9403185e-01   5.9169901e-03   6.0439784e-01   4.4620643e-02   2.8617312e-01  -3.5053165e-02   5.9151662e-01   4.0438761e-01  -7.6217439e-02   1.7466041e-02   2.2651291e-02   3.9013406e-01   6.4239334e-01   4.8120891e-01   5.2744043e-01  -7.1922792e-02   2.0479097e-01   4.0790242e-02  -3.3654855e-01  -9.0276135e-02  -8.2279544e-02  -7.9949296e-02   7.4751099e-01  -1.2060801e-01   6.5284701e-01   8.4494793e-02  -2.0509112e-01   2.9977808e-01  -1.7519110e-02  -1.8781558e-02  -4.1435779e-01   4.1105445e-01   6.8171296e-02   1.0648108e-01  -1.4884543e-01  -3.9671368e-02   3.0194491e-01   1.3972141e-01  -7.0209310e-02   2.3441496e-01  -7.2751972e-02   3.7981401e-01   1.7787988e-01   3.5483649e-03  -1.1815006e-01  -3.2205483e-01  -3.3577450e-01   1.3421667e-01   3.1022790e-01  -1.4009525e-01  -1.7486566e-01  -5.9425261e-02   1.4064808e-01   5.7775473e-01   1.1104060e-01   1.9867651e-01  -9.1554418e-03   4.6471634e-01   2.3343439e-01   1.0427341e-01   4.5614448e-01   4.7236851e-01   3.0003842e-01   6.7687601e-01   1.7684955e-02   3.2835683e-01  -6.6154355e-02   5.2867749e-01   1.3458367e-01  -2.5799091e-01   1.2638094e-01  -3.5213723e-01   4.2248422e-01  -5.2870053e-02   1.8304354e-01   4.2424410e-01  -1.6466777e-01  -2.7002622e-01  -2.2217101e-01   1.6180503e-01  -2.8156243e-02  -3.6824896e-01   3.8332284e-01  -3.1137244e-01   4.3051313e-01  -2.7336485e-02  -8.9865792e-02   1.6545280e-01  -4.0531873e-01   2.6451626e-01  -1.2266904e-01   3.8254861e-01  -3.4318203e-01   1.8938157e-01   5.4597439e-01  -3.1585737e-01  -3.6970473e-02   2.2063683e-01   4.7968076e-01  -1.3376446e-01   3.2748124e-01   2.5190205e-01   3.3381963e-02  -4.2101733e-01   4.3280891e-01  -1.5961387e-01  -8.0366085e-02   6.5887929e-02   5.0390911e-02  -1.5152198e-01  -2.7922924e-01  -3.6207554e-01   4.4711132e-02   3.3664316e-01   1.7921048e-01   3.6691008e-01   2.9576107e-02   2.7699168e-01  -2.9458556e-01   5.2704727e-01   3.8425207e-01  -1.8686918e-01  -2.4739549e-01   4.6370404e-02   1.4550729e-01  -1.5352708e-01  -1.0245327e-01  -2.6612604e-01   2.2461042e-01   4.8693944e-01  -2.0047627e-01  -3.0207906e-01   4.9747517e-01
  -1.0615358e-01   3.2665398e-01   2.0336004e-02  -3.5987968e-01  -2.0475076e-01   2.6695846e-02   0.0000000e+00  -2.9100967e-01  -4.3229524e-03   3.2582616e-01   4.0309420e-02   6.2922709e-01   3.6931181e-03  -9.3426096e-02   1.7943537e-01   2.9314579e-02   1.6819483e-01  -3.1480152e-01  -1.6133952e-01   1.0595830e-01  -1.8896008e-02  -1.0615960e-01   4.2597811e-01   2.0144377e-02  -1.0954502e-01  -3.2772533e-02  -2.2277606e-02  -2.2644694e-01  -7.4820332e-02  -1.5973857e-01   1.0516630e-01  -3.6420460e-01   1.1637179e-01   6.1863445e-01   9.6174613e-02   3.1371910e-02   2.1702029e-01  -8.7914542e-03  -5.4732676e-02   3.8435047e-01  -1.6944931e-01  -7.1946154e-02   1.9818002e-01  -1.8282756e-02   8.2992696e-02  -3.3597438e-01  -1.9646295e-01   3.8808816e-01  -1.0099358e-01   2.2353855e-01  -1.6657504e-01  -5.8549968e-02   2.2655782e-01  -1.2206049e-01  -1.6893239e-01   3.3774518e-01  -2.4318988e-01  -3.1641155e-01  -3.4369562e-01   1.2181930e-01  -2.4494736e-01  -1.3311758e-02  -1.3734605e-03  -2.3036775e-01  -1.2410963e-01   6.8103117e-01  -2.9630600e-01  -1.2349205e-01  -2.7109305e-01   1.8536104e-01   5.6892701e-01  -2.4899943e-01   9.9965535e-02  -2.7974662e-01  -4.1338070e-02  -2.8908070e-01  -3.1993039e-01   8.9033173e-02   1.3082005e-01  -2.6914912e-01   8.5645224e-03   2.3571482e-01   1.7208159e-01  -4.0714844e-01  -5.5146485e-03  -2.5462952e-01  -5.7198241e-02  -2.0644486e-01  -1.5039039e-01  -2.2835734e-01  -1.8201150e-01  -2.4577741e-01   6.0028903e-01   3.3050269e-02  -2.5084515e-01  -1.5856530e-01  -2.6491953e-02  -3.3074255e-01  -2.6215618e-01   5.0086724e-01   1.9210366e-01  -1.4497318e-01  -1.3364203e-01  -8.8335642e-03  -1.4293245e-01  -1.5553923e-01  -8.7530951e-02  -3.4929179e-01   3.2137185e-01  -3.0878007e-01   6.6698926e-01  -1.9966276e-01  -2.1184252e-01  -1.3764263e-01  -2.3817450e-01   3.5376215e-02  -2.0275263e-02   1.9944357e-01  -2.6982000e-01  -3.6543345e-01  -1.3272159e-01   3.4024689e-02   2.8192275e-01  -2.1762571e-01  -4.0084662e-01  -1.6088551e-01   1.5566795e-01  -2.0220185e-01  -2.0863493e-01   4.2973288e-02   8.7509622e-02   3.9600836e-01   4.9709847e-02   1.9058785e-01  -7.7885524e-02  -2.6401409e-01   7.4086814e-02   1.5853560e-01  -4.0515289e-01   5.9806849e-02  -9.9176229e-02  -1.1920673e-01  -2.2392890e-01   3.2814549e-01   3.8461246e-01  -4.4118960e-02   7.4416036e-01  -2.4163319e-02   1.8511668e-01   2.5359185e-01  -4.0126102e-01  -2.6412815e-01  -2.6590162e-01   8.2619220e-02   2.7563228e-01   1.2298504e-01  -3.0925088e-01  -3.1310199e-01  -2.1786110e-01   5.8673740e-02  -1.4203867e-01  -2.7556177e-01  -7.6738229e-02  -2.1127157e-01  -4.0976624e-01   3.1707065e-01   3.5474890e-01  -1.7470358e-01  -2.3770052e-01  -1.7522160e-01   3.3968751e-01   7.6728820e-02  -3.3576301e-01  -3.3681679e-01   8.4352226e-02   4.4703597e-03  -3.4594132e-01
  -2.0318359e-01  -4.7987753e-01   1.6040999e-02   2.4666929e-01  -2.3111318e-02   4.9678637e-01  -2.9100967e-01   0.0000000e+00  -1.8455176e-01  -4.1944276e-01   4.4309105e-01  -3.3096378e-01   2.2979300e-01  -1.3869106e-01   3.0937803e-01   1.6240099e-01   7.9149230e-02   4.2878068e-01   2.3466199e-01  -3.5060079e-02  -1.5245726e-02   2.7534107e-01  -1.9421556e-01  -3.1416337e-01  -3.0855604e-02   3.4780422e-01   2.8979288e-01   1.8815733e-01   5.6097814e-02   3.0235079e-01   1.6191562e-01   3.5092926e-01   1.6580534e-01  -7.1286666e-02  -2.0094700e-01   2.8891222e-01  -1.4925449e-01  -6.0082761e-02   2.0009376e-01   1.5817163e-01   1.6984397e-01   1.4093272e-01  -4.6989169e-01   1.8122429e-01  -1.0157872e-01   2.5033934e-01   4.3535131e-01  -1.5215667e-01   9.4103945e-02  -2.7515054e-02   3.0728972e-01   4.7035715e-01   1.7665520e-03  -2.9590974e-02  -4.0036861e-02   1.8891478e-01   5.8070771e-01   4.5518368e-01   5.1685773e-01  -2.8149500e-01   3.5313039e-01  -1.9491107e-01  -4.2580369e-01   2.1410638e-01  -4.4728570e-02  -5.6182649e-01   4.6586154e-01  -1.3156963e-01   5.3939577e-01  -5.0899921e-02  -2.2753220e-01   7.8116170e-02  -7.2149788e-02   4.3957869e-02  -1.9986402e-01   4.8041027e-01   2.5599464e-01   2.1688070e-01  -1.6799326e-01   1.2820393e-01   1.9936708e-01   4.3991100e-02   8.0194069e-02   5.9827638e-01  -1.3424238e-02   3.2830683e-01   4.9718023e-02   2.0802916e-02  -1.4557862e-01  -1.7697297e-01  -1.3941069e-01   1.9979159e-01  -1.0697907e-01  -2.7356528e-01   1.6839309e-01  -1.1410077e-01   1.0754782e-03   7.7866119e-01   6.0827810e-02  -2.8435030e-01   4.0316226e-02   6.4083514e-01   2.6174414e-01  -4.8207488e-02   2.4411719e-01   2.3587393e-01   7.3199670e-02   7.7606090e-01  -1.9915272e-01   1.8171894e-01  -1.5757197e-01   2.5713826e-01  -3.6720999e-02  -9.6998092e-02   2.3384732e-02  -1.8756654e-01   4.8616363e-01  -1.4411144e-01   3.2320490e-01   3.7981863e-01  -6.0918651e-02  -2.6425903e-01  -3.5811669e-01   9.4257858e-02   1.4655753e-01  -2.4524177e-01   4.8361045e-02  -1.8829605e-01   2.7392523e-01   1.4214799e-01   4.3792002e-02   2.7024683e-02  -3.0026598e-01   1.3559010e-01  -2.9582304e-01   6.5449421e-01  -1.3262654e-01   1.4988895e-01   5.7668684e-01  -1.6855855e-01  -1.0741049e-01   1.4430563e-01   6.4195565e-01  -3.3827987e-01  -2.1838388e-02   1.8381288e-01  -1.8989337e-01  -2.6392329e-01   2.4436032e-02  -1.6000325e-01   8.3952399e-02   4.4587798e-01   1.8139826e-01   1.6834154e-01  -2.8270949e-01  -3.0869718e-01   1.1369792e-01   4.0624421e-01   3.2285122e-01   1.2700683e-01  -5.5983227e-02   5.4019327e-01  -2.0949103e-01   3.9264810e-01   3.8480005e-01  -2.5474575e-01  -1.4286353e-01   2.0325065e-01   1.4956618e-01  -2.5497218e-02  -2.6560571e-01  -4.0888074e-02   2.3872167e-01   2.8459201e-01  -1.1615621e-01  -1.2870909e-01   5.0376521e-01
  -1.9078242e-02   4.8093826e-01  -2.6330178e-01  -1.6405498e-01   3.3223128e-01  -5.9753268e-02  -4.3229524e-03  -1.8455176e-01   0.0000000e+00   8.2290939e-02  -1.1301472e-01  -5.9794696e-02  -2.5453489e-01   1.3098810e-01  -2.0476017e-01  -2.6103706e-01  -1.8662997e-01   8.3340882e-02  -2.4097389e-01   1.1937453e-01   2.0839724e-01   3.4414366e-01   5.4536773e-02  -9.0320966e-02   1.3825257e-01  -4.1739103e-02  -2.1968942e-01  -9.1057481e-02   1.1222378e-01  -1.0003663e-01   4.7767979e-02   2.0672811e-01   1.2396350e-01  -5.0878345e-02   2.5186884e-01  -1.0800249e-01   2.2868363e-01  -2.0524428e-01  -1.9266891e-01  -2.2713458e-01  -2.2005666e-03  -6.2362906e-02   5.9025256e-01   5.1121483e-02   3.8684754e-01  -2.9782327e-01  -2.0990967e-01   1.1311377e-01  -5.5797629e-02  -1.8749949e-01  -3.8270930e-02   4.0795619e-02   2.8933733e-01   3.0046491e-02  -2.1363965e-01  -2.0506655e-01  -5.1790574e-02  -1.9003239e-02  -1.5957837e-01   2.1792281e-01  -2.3594631e-01  -6.3993873e-02   5.3107552e-01  -8.6926232e-02   3.9247841e-01   2.7979719e-01  -8.2793716e-02  -4.7778526e-02  -1.7396690e-01  -3.3301318e-01   1.2131931e-01  -4.9158578e-02  -6.9723259e-02  -3.6100069e-02  -6.9647882e-03   2.3084510e-01  -2.4208394e-01   2.5496619e-01   3.2820528e-01  -1.0785828e-01   1.1954194e-01   2.7108317e-02  -3.0016882e-02  -2.4124837e-01  -9.8751031e-02   2.6661656e-01   8.6045105e-02   6.0061952e-03  -2.9297429e-01   3.5184065e-02   1.2642468e-01  -3.0021150e-01  -2.7019309e-02   7.8682976e-01  -3.0299296e-01   1.1881082e-01   1.1314633e-01  -1.7819771e-01   2.4111378e-02   1.2265741e-01  -1.6422702e-01  -1.0012615e-01   1.2734385e-01   6.2357766e-01  -2.9656105e-02   2.5541427e-01   1.1744651e-01  -1.3934851e-01   1.5494502e-01   5.3196393e-02  -3.3314205e-02  -7.1268061e-02   5.7118581e-03  -8.0275894e-02  -7.9614041e-02   3.6084891e-01  -3.4425611e-01  -1.4374750e-01  -2.2704086e-01  -4.7354464e-02  -3.2570888e-01   1.9732135e-01   5.6933927e-02   5.4419181e-01  -2.1865004e-01  -6.0891108e-03   1.8205129e-01   1.1709231e-01   3.8752041e-01  -1.8672860e-01   1.1154409e-01  -3.6428480e-02   3.8166708e-01   9.9833525e-02   7.1404114e-01   1.6263552e-01  -2.9519315e-02   2.7128801e-02   1.5561964e-01   1.7709086e-02  -2.1432047e-02  -6.3426461e-02  -1.0156634e-01  -1.5367037e-01   3.6218531e-02  -3.7595844e-02  -1.0888817e-01   4.6681197e-01  -4.6487501e-02   2.0447888e-01  -2.5245094e-01   4.0918124e-02  -3.6147639e-01  -1.8125255e-01   3.5570854e-02   2.6214154e-02  -3.0947208e-01  -2.5612770e-01  -2.6413203e-01   7.5018389e-02   2.0668698e-01  -2.2731813e-02  -4.5915516e-02  -3.3853054e-02   1.0345615e-01   1.4884169e-01  -1.6794290e-02  -6.1632452e-02  -3.6945649e-01  -2.9043360e-02   2.0183851e-01  -3.2188220e-01   1.0707491e-01  -1.2712529e-01   3.4163652e-01  -2.5177424e-01   1.8248415e-01
   1.0542880e-01   3.1119480e-01   2.1360645e-02  -3.4288871e-01  -8.8616109e-02  -2.7584788e-01   3.2582616e-01  -4.1944276e-01   8.2290939e-02   0.0000000e+00  -2.9026607e-01   3.4474536e-01   1.3900903e-01  -1.8422298e-01  -3.7622265e-01   2.4571399e-02   2.0351300e-01  -4.0572649e-01  -2.5430820e-01  -6.3781244e-02  -3.4687473e-01  -2.2635531e-01  -1.3888293e-01   2.3222702e-01   1.0232602e-01   2.6264574e-02  -1.4517704e-01  -5.5806718e-02   2.2379064e-01  -3.7900855e-01  -2.5192986e-01  -3.8970600e-01  -2.0437679e-01   6.3359622e-03  -4.1695848e-02  -2.3889367e-01   2.1930023e-01   1.8393635e-01  -6.7525153e-02  -5.9455926e-03   5.8166352e-02  -1.0561633e-01   2.7307288e-01  -2.4430704e-02  -5.5884706e-02  -4.3199088e-02  -4.8198692e-01  -3.9297722e-02  -6.0393291e-02   3.0145189e-01  -3.8933388e-01  -7.0362189e-02  -6.1717243e-02   3.5649843e-02  -3.3529965e-01  -7.1910178e-02  -4.9239526e-01  -2.2178006e-01  -4.8843129e-01   2.7297544e-02  -5.7281175e-02   2.2597929e-02   2.2975695e-01  -1.5487202e-01  -9.1781262e-02   2.4121357e-01  -3.6066004e-01   3.4138681e-02  -3.1062366e-01   7.5719578e-02   2.4664666e-01  -2.8535830e-01   1.6929115e-01  -1.9008009e-01   3.2189200e-01  -2.9569102e-01  -7.7252582e-02  -1.2758273e-01   1.1606549e-01  -7.2936122e-02  -5.5693060e-02   1.4136799e-01   1.1497694e-01  -2.5025629e-01   4.3664659e-02  -2.7192283e-01  -1.8945188e-01  -3.3523395e-01  -1.7892348e-03  -2.4529215e-02   3.2298107e-01  -8.4426735e-02  -1.4283964e-02   5.6191638e-02   8.8394625e-02   5.9764002e-01  -1.6434539e-02  -4.4125630e-01  -3.4410911e-01   9.0581933e-03   4.3933424e-02  -3.6324325e-01  -1.6497863e-01  -1.2134046e-01  -3.7971337e-01  -4.5746229e-01  -2.1297703e-01  -4.0453669e-01  -6.6461408e-02  -4.8496877e-01   3.2167967e-01  -3.7694131e-01  -1.1303264e-01   3.9826295e-03  -2.5770251e-01   7.9676450e-02  -2.4105858e-01   4.0875619e-01  -1.4202476e-01  -4.4901877e-01  -4.6597186e-02   4.7402674e-01   1.6360638e-01  -4.1027256e-01  -8.2562490e-03   1.1216414e-01  -2.8293268e-01   6.5655221e-02  -3.3864726e-01   4.8782505e-02   9.2974148e-02   2.7726796e-02   2.2545241e-01  -1.4189197e-01   3.4679147e-02  -3.8808194e-01   4.2409567e-01  -1.6320510e-01  -3.1255983e-01   1.4296102e-01  -1.3861514e-01   3.1621858e-02  -4.5028928e-01   3.3881915e-01  -5.1676259e-02  -3.1845902e-01   2.6984078e-01   1.0267569e-01  -2.4681982e-01   1.7648711e-01  -1.6091341e-01  -1.3554530e-01  -1.2199059e-01  -1.5107987e-01   2.3471429e-01   1.2102161e-01  -1.7882992e-02  -2.0091157e-01   6.2771330e-03  -8.4717385e-02  -5.2403508e-02  -3.5368931e-01   5.9509679e-01  -4.4301114e-01  -3.1148298e-01   8.2141231e-02   1.8055450e-01  -7.5282725e-02  -1.6754087e-01   5.5060962e-02   2.4199891e-01   1.9039808e-01  -3.1132778e-01  -2.0743297e-01   3.6881072e-01   5.6963749e-02  -4.0460917e-01
  -4.0800974e-01  -4.1642538e-01  -3.4927111e-01   3.7775775e-01  -2.6925378e-01   4.9546952e-01   4.0309420e-02   4.4309105e-01  -1.1301472e-01  -2.9026607e-01   0.0000000e+00  -3.0921310e-01   7.2569852e-02   2.8967071e-02   4.5352081e-01   3.1845875e-01  -3.2800075e-01   5.4518931e-01  -1.0372842e-01  -1.4334978e-01   4.7876515e-01   3.3018208e-01   3.1745019e-01  -3.4028644e-01  -2.0770914e-01   1.1167400e-01   4.2515666e-01  -2.0632659e-01   1.2918853e-01   6.2338798e-01   5.8146516e-01   3.3934247e-01   3.8149024e-01   3.7485537e-01   9.6022054e-02   4.1953554e-01  -1.9884110e-02  -4.9031073e-01   3.5973504e-01   3.4605549e-01  -1.2320081e-01  -1.3328412e-01  -5.0967146e-01   3.1247944e-01   2.6512163e-01  -3.0208069e-01   6.3127563e-01   4.0712174e-01   3.0503015e-01  -2.8318705e-01   6.2781961e-01   2.5336645e-01   2.7574827e-01  -8.1787794e-02   1.1863233e-01   5.2432396e-01   5.0217503e-01   4.0095909e-01   5.2149642e-01  -1.3496714e-01  -1.7559263e-01   1.5347830e-01  -5.6006519e-01  -9.5097833e-03   1.2459494e-01  -7.8432870e-02   4.7953112e-01  -1.3515186e-01   6.5002605e-01  -3.0719478e-01  -1.1346264e-01   4.1355302e-01   1.1292277e-02  -2.5101498e-01  -1.8245391e-01   3.0836160e-01  -3.0492323e-01   2.9130313e-01  -2.8731052e-01  -3.3549816e-02   1.4566735e-01   2.3518094e-01  -1.9790595e-02   6.1879689e-02  -1.7797237e-01   2.0663505e-01   3.9160849e-01   3.3661654e-02  -2.1563360e-01  -4.4626894e-01  -3.6458276e-01  -2.5762911e-01   4.3002190e-01  -2.5951102e-01  -4.1206918e-01  -2.9334968e-01   2.1672458e-01   2.7738914e-01   1.5559575e-01   2.7407608e-01  -2.1862527e-02   5.0831107e-01   4.4416698e-01   7.3738888e-02   5.6108105e-01   4.1870768e-01   1.2524744e-01   5.0674817e-01   9.9120052e-02   4.2537241e-01  -5.2716209e-02   5.3693731e-01   1.8270410e-01  -4.0442125e-01  -2.1187434e-01  -3.6037850e-01   4.4685343e-01  -1.9469988e-01   1.1309512e-02   4.0255408e-01  -2.6558532e-01  -5.1160270e-01  -3.9464126e-01   8.2275382e-02  -3.7045375e-01  -3.3803726e-01   4.2629151e-01  -1.8939882e-01   3.7307547e-01  -2.3466332e-01  -6.9097552e-02   4.2334481e-01  -3.4688350e-01   5.5588679e-01  -2.9829216e-01   3.4364689e-01  -1.4217458e-01   3.7790441e-01   4.3178382e-01  -3.3689922e-01  -3.2398130e-01   1.3585341e-01   4.8413548e-01  -4.9461073e-01   3.6662619e-01   6.7043544e-01  -5.8028196e-02  -1.3173590e-01   5.7250660e-01   1.1119216e-01  -4.3992717e-01   1.1696648e-01  -8.2006984e-02   2.6390743e-01  -4.5526202e-01  -3.9978495e-01  -3.3253543e-01   3.5109230e-01  -1.9102623e-01   3.2962293e-01   1.8897069e-01   6.7343417e-01  -1.3926789e-01   6.4511112e-01   1.7528991e-01  -2.2298518e-01  -6.6751098e-02  -2.5320120e-02  -1.6713544e-03  -1.1682314e-01  -2.0626422e-01  -2.7085398e-01   4.0163018e-01   8.4154358e-02  -2.1321239e-01  -1.1795014e-01   2.6086274e-01
   1.7961622e-01   4.8884848e-01   2.8837359e-01  -4.5780392e-01   2.7425963e-01  -2.0676408e-01   6.2922709e-01  -3.3096378e-01  -5.9794696e-02   3.4474536e-01  -3.0921310e-01   0.0000000e+00  -1.3257376e-02  -1.4643562e-01  -1.4648060e-01  -1.5120157e-01   3.7998096e-01  -4.4402235e-01  -1.2740946e-01   3.4923461e-01  -4.1077728e-01  -3.2238992e-01   2.5147149e-02   3.4514531e-01  -5.7437558e-05  -9.4971703e-02  -3.0817792e-01  -1.8256743e-01  -1.3643743e-01  -4.6001465e-01  -1.1037330e-01  -4.3268554e-01  -1.4566295e-01   2.3045458e-01  -8.2303360e-02  -2.8084796e-02   2.3650160e-01   3.0842470e-01  -1.0866338e-01   6.9263792e-02  -2.5406071e-02  -1.3969679e-01   2.3870482e-01  -5.1949626e-02   1.4329289e-03  -2.4423696e-01  -4.4879484e-01   1.3561829e-01  -3.4221560e-01   5.0945083e-01  -4.3303385e-01  -1.6421465e-01   1.4886592e-01   1.5091491e-01  -1.4855141e-01  -1.3483494e-01  -5.1036626e-01  -4.8329968e-01  -4.9353357e-01   3.0756763e-01  -1.3858496e-01  -4.5266517e-02   3.5893392e-01   2.6852343e-02  -5.7809615e-02   4.3378102e-01  -3.7874995e-01  -1.3218916e-01  -4.8657019e-01   2.1260266e-01   6.5084032e-01  -3.5571900e-01   2.5946311e-01  -5.7915703e-02   1.7300509e-01  -3.1906062e-01  -8.9863466e-02  -4.2566786e-02   4.9733578e-01  -2.8769450e-01  -3.4235705e-01   2.8980178e-01   4.3029534e-01  -3.0467735e-01   2.6976905e-01  -3.2256547e-01  -2.3351548e-01  -2.0568122e-02  -2.0416323e-01   1.2021057e-01   3.1034609e-01  -6.7066517e-03   1.7521370e-01  -6.8671191e-02   3.3164923e-02   9.3845014e-02  -2.2444704e-01  -4.0173926e-01  -1.5509795e-01  -3.7974681e-02   3.9750557e-01  -2.3729497e-01  -4.0267373e-01  -2.5816005e-01  -4.2829293e-01  -3.8209938e-01  -8.2817468e-02  -5.1728765e-01   2.4778296e-01  -5.3766697e-01   7.0407641e-01  -4.6490379e-01  -2.0101149e-01   8.2628316e-02  -1.2639059e-01   3.7831819e-01  -2.9795476e-01   2.4273862e-01  -1.7745037e-01  -5.4219616e-01   1.2702068e-01   4.0103666e-01   4.6254308e-01  -2.1638004e-01  -1.5943045e-01   2.2581746e-01  -1.8623742e-01  -6.3793676e-02  -4.3522194e-01   1.1740420e-01   2.6371623e-01   3.7119602e-01   1.1191525e-01  -1.9290023e-01  -4.6334032e-02  -2.7402209e-01   2.2940273e-01  -2.4156611e-01  -6.1150558e-01   4.2801494e-01   7.6877143e-02  -1.6835245e-01  -3.6340105e-01   7.5761628e-01  -9.9668101e-02  -2.6690993e-01   6.6519665e-01   2.1009574e-01  -2.9970534e-01   2.3828626e-01  -1.0219093e-01  -2.7171014e-01   4.7371939e-02   2.3773753e-01   6.8297041e-01   4.5498588e-01  -5.6264832e-02  -3.4414905e-01  -1.0830855e-01  -4.0811543e-01  -2.3341535e-01  -3.9202296e-01   1.0179588e-01  -4.9301136e-01  -3.5559940e-01   5.6600171e-01   5.9239587e-01  -3.1010662e-01  -8.3010492e-02   2.6714583e-01   4.6126168e-01   3.1141262e-01  -3.4900768e-01  -5.4482863e-02   2.5965378e-01  -1.2014425e-02  -4.0602085e-01
  -3.7018406e-02  -1.9987177e-01   4.5064945e-02  -1.4351149e-01   8.2521451e-03   1.0957138e-01   3.6931181e-03   2.2979300e-01  -2.5453489e-01   1.3900903e-01   7.2569852e-02  -1.3257376e-02   0.0000000e+00  -1.1640590e-01  -1.3766873e-03   1.8646150e-01   3.3596690e-02  -1.7355922e-01   2.1628379e-02   1.4234204e-01  -3.2469966e-01   3.3350109e-02  -3.4161220e-01   2.7235707e-02   6.1500737e-02   1.3628295e-01   1.9022650e-01   1.3220194e-01   2.2472792e-02  -1.2863389e-01  -2.8370154e-01  -6.1432702e-02   1.4721857e-01  -2.8283546e-02  -2.5508398e-01   4.3982794e-02  -2.5978674e-02   2.8646170e-01   1.7636497e-01   1.0868942e-01   2.0876432e-01   3.2431515e-01  -6.4419421e-02  -4.1282828e-02  -8.6430689e-02   3.2423527e-02   6.2730289e-02  -2.0941209e-01  -1.4181883e-01   2.6396574e-01  -7.9507594e-02   4.5343487e-02  -2.6745264e-01  -4.6335086e-03  -1.2924543e-01  -4.5281865e-02  -5.3778783e-02   1.5597074e-01  -6.6431613e-02  -2.5287183e-01   1.3163801e-01  -9.2078538e-02  -1.5369313e-01  -8.4003395e-03  -2.4638900e-01  -1.6823743e-01   1.7599505e-01  -2.5187649e-02   1.8405616e-01  -3.3510093e-03  -1.3780841e-01  -9.0144334e-02   1.7842002e-01  -1.2708130e-01   1.5446350e-01   1.1714473e-01   1.7846861e-01  -2.3111898e-01   7.3652420e-02   1.0752017e-01   1.9238406e-02   3.2788442e-01  -6.6577449e-02  -3.7398178e-03  -8.0802174e-02   1.3462058e-01  -2.4601942e-01  -1.5262599e-01  -1.4888986e-01  -8.6254472e-02   2.6503348e-01   1.2824019e-01  -9.5393825e-02  -1.1555340e-01   1.4952764e-01   1.9261074e-01  -1.9124591e-01   1.6861381e-01  -2.2469190e-01  -3.0534737e-01   2.1674077e-02   1.5322172e-01   1.2669127e-01  -1.6580658e-01  -7.7405559e-02  -1.2755908e-01  -5.5457797e-02   1.6679656e-01   2.3420765e-02  -1.3985160e-01   9.1816118e-02  -2.1424320e-01  -9.5624153e-02  -4.9344889e-02  -1.3262695e-01  -2.4227102e-02  -1.7338953e-02   4.1896910e-01  -5.6103120e-02  -2.2554609e-01   1.3314538e-01   1.0746574e-01   1.3754493e-02  -1.7019016e-01   8.1950844e-02  -1.1312856e-01  -4.7751862e-02   5.5824259e-02  -2.6094819e-02   4.8293660e-03   2.6426703e-01   8.2147757e-03  -1.0631372e-01  -2.0508074e-01  -1.1549337e-01   1.7338176e-01   2.3365769e-01  -1.4951111e-01   9.3840743e-02   2.3439163e-02  -1.3830342e-01   1.7686464e-01  -2.8973311e-02   8.3360627e-02  -1.4948562e-01  -1.9166800e-01  -2.2504941e-02  -2.5405161e-01  -1.4498631e-01  -1.1348089e-01   2.7932143e-02   6.3360236e-02   6.6449731e-02   3.2730629e-02   5.0125669e-02   2.1099909e-02   7.3261078e-02   2.1566165e-01   1.5255755e-01  -5.1065861e-02  -1.2272164e-01   3.6014859e-02   3.9347383e-02  -2.0689339e-01  -5.0813174e-02   1.6880518e-01   7.8523226e-02   1.0213475e-01   7.6082347e-03   9.1394552e-02   2.0730206e-01   3.5271774e-01  -1.0645243e-01   1.6616993e-01   1.3359292e-01   1.9179897e-01   4.7449613e-02
   6.0006399e-01   1.3091176e-02  -5.1167163e-01   4.1150619e-02  -2.4603416e-01  -1.1353155e-01  -9.3426096e-02  -1.3869106e-01   1.3098810e-01  -1.8422298e-01   2.8967071e-02  -1.4643562e-01  -1.1640590e-01   0.0000000e+00   2.7315245e-01  -2.6820291e-01  -4.1983281e-01   4.1972439e-02  -1.4778510e-01  -3.6450045e-01   3.3328325e-01   1.0564555e-01   3.6494575e-01   5.1590504e-01  -8.3569455e-03  -1.2391268e-01  -5.8179069e-02  -1.3898315e-01  -2.4559433e-01   2.8115311e-01   2.9872572e-01  -3.2374594e-02  -1.1997107e-01   1.0924535e-01   6.0074099e-01  -3.4050776e-01  -6.4413061e-02  -1.0352394e-01  -2.3140239e-01  -3.1542902e-01  -1.9961431e-01  -4.8361264e-02   3.9472477e-02   1.8567421e-01   8.9452888e-02  -4.1703550e-01  -2.3963941e-02   5.2357251e-01  -2.3128757e-01  -4.3544320e-01   5.6907952e-02   3.2173367e-02   1.1450713e-01   3.1065795e-01   6.5883649e-01  -7.2556817e-02   2.2193921e-02  -1.5981930e-01   6.8904661e-02   4.4280301e-01  -5.1254660e-01  -2.3068967e-02  -1.7663349e-01  -2.3921584e-01   1.0282312e-01   2.3375588e-01  -5.3943497e-02  -1.2346017e-01   2.0537251e-02  -4.6521264e-01  -1.6252508e-01   1.1483082e-01  -1.4029675e-01   4.3479612e-01   1.1968674e-01  -6.0786134e-02  -5.2380935e-01   1.4585614e-01  -4.0174197e-01   1.1815712e-01   2.1667606e-01  -1.7276430e-01  -2.7404990e-02  -2.3707700e-01   4.3777821e-01   9.4949174e-03   4.7806892e-01   6.7718934e-01  -9.5281593e-02   3.9577948e-01  -3.9149004e-01  -4.1392290e-01   9.9383589e-02   1.1327261e-01  -3.0813397e-01  -3.7746686e-01   1.0709285e-03  -2.4929403e-01  -4.5689943e-02   3.0612348e-01   1.6446938e-01   6.4395978e-02   3.8205271e-01   2.0429676e-01   8.3192121e-02   6.5147298e-02   3.8320682e-02  -1.6942435e-01   2.2391805e-01   2.3512484e-01  -3.7163658e-01   2.4139934e-01  -1.3625545e-02   4.4116328e-01   3.1192762e-01  -3.2025882e-01  -2.3470960e-01  -2.7020826e-01   2.0032499e-01   3.0987350e-02   2.2095383e-01  -4.6596335e-01   7.0074888e-03   1.9743059e-01  -4.9449514e-01   5.2322774e-01   8.4713525e-02   2.6699494e-02  -1.6434636e-02  -1.1618217e-01  -1.2773208e-01  -2.0024716e-01   4.8390681e-01   4.1373783e-01   2.0204867e-01   1.2602634e-02  -1.0082376e-01   5.5652975e-01   9.8476717e-02   2.1344289e-01   4.5819770e-01  -1.6132185e-01  -1.5766689e-01  -1.7941308e-01   3.1256036e-01   4.4617613e-01   7.3968091e-02   3.2706712e-02   2.4362690e-01   9.5160551e-03  -1.3288710e-01   3.2025766e-01   2.9190351e-02  -1.5049182e-01  -3.5847031e-01   4.0085586e-01  -2.8399826e-01  -2.6759058e-02  -4.9301427e-01   2.4686421e-01   4.8442186e-02  -1.4648900e-01   4.2311185e-02   1.2317778e-01  -1.8644691e-01  -2.1731391e-01  -2.7610951e-01   1.7246608e-01   1.7041603e-01  -3.7973779e-02  -2.3641007e-01   1.4204230e-02   3.6180222e-02  -7.1057657e-02   1.0646094e-01   1.1006290e-01  -2.4976792e-01
