   0.0000000e+00   1.1781120e-01   3.8996718e-01  -3.0178927e-01  -3.4532213e-01   3.6362817e-02  -4.8846396e-01   1.2006302e-01   3.8468013e-01  -3.8711760e-01  -4.7048248e-01  -1.4503034e-01  -4.6677275e-01  -7.2902048e-02  -5.6774248e-01  -5.5919103e-01   2.5310111e-01  -2.7709189e-01   3.0172355e-01  -5.1272731e-01  -2.4195117e-01  -1.1613995e-01  -5.9745998e-01   8.4708327e-01  -8.1255961e-02   3.8330850e-01  -5.5944881e-01  -1.3888105e-01   1.6702905e-01  -4.0217081e-01  -1.7743473e-01  -1.4079989e-01   2.1732550e-02  -5.2659518e-01  -1.3395828e-01  -6.1893672e-01  -3.7909390e-02   7.0179868e-01  -5.7990592e-01  -4.5444796e-01  -3.8953542e-01   5.2018019e-01   2.7590267e-01  -3.2841535e-01  -5.1736474e-01   8.8400187e-01  -6.7090810e-01  -3.5200213e-01  -4.7612201e-01  -1.0188371e-01  -5.2663182e-01   3.3738068e-01  -1.9807823e-01  -1.0339868e-03   8.0714013e-02  -2.0246990e-01   4.5150607e-01  -1.8716113e-01  -4.1737697e-01   2.0889805e-01   6.5401170e-01  -3.9140239e-01   1.7946179e-01   2.2685343e-02  -1.9417037e-01  -3.4297643e-01  -2.0406284e-01  -4.7034987e-01  -6.2256688e-01   6.6644488e-01  -1.9532936e-01  -5.9295841e-01  -2.6798120e-01   8.5953092e-01   2.5586472e-01   2.5187990e-01   6.4179919e-01  -1.6485960e-02  -2.4339973e-01  -1.9130321e-01  -9.3989334e-02  -5.3297992e-01  -2.9140370e-01   1.3477442e-01   5.8981466e-01   3.7605173e-02  -3.2667767e-02   5.1314639e-01  -1.4014718e-01   8.9602272e-01   9.0792569e-02   5.3451623e-01  -3.7861952e-01   5.4187840e-02   7.4816210e-01  -3.4318837e-01  -3.2580727e-01   1.6919457e-01  -5.2731584e-01  -2.3611798e-01   4.3913737e-02  -4.0748880e-01  -1.4219794e-01   3.1359136e-01  -5.2805382e-01   2.0019297e-01   3.0862410e-01  -2.3040157e-01  -9.0328973e-02  -3.2517872e-01  -4.8034183e-01  -4.8224599e-01  -3.8303981e-01   8.9099277e-01  -2.6273201e-01  -1.1406145e-01  -2.7414378e-02  -2.8430957e-01   9.0492493e-02  -4.7717106e-01   7.6650709e-01  -3.6538748e-01  -1.3351681e-01   3.7412176e-02   8.5957876e-01   3.8237512e-01  -5.6643718e-01   6.1580763e-02   4.3892160e-02   1.4483803e-01  -7.2504898e-02  -4.5863646e-01   6.8571010e-01  -5.0013378e-01   1.2502193e-01   4.0299185e-01  -1.8541986e-02  -1.5043603e-01   1.7762354e-01   8.2807896e-01   6.7424263e-01  -3.2334067e-01  -4.3754011e-01   2.9506241e-01  -4.0042293e-01  -1.4448685e-01  -4.9273416e-01  -3.2518086e-01  -4.7693637e-01   1.8474574e-02   7.3596107e-01   5.6534310e-01   4.0765852e-01  -1.9483517e-01   3.0230925e-01   8.0122662e-01   7.9430221e-01  -3.7499765e-01   5.0075083e-01  -3.4897395e-01  -4.4195801e-01  -2.1549723e-01  -2.5698218e-01  -1.5386053e-01   3.3100731e-02  -3.8972850e-01  -5.5753985e-01   1.6345673e-01   4.8462664e-01  -2.5943428e-02  -2.9634091e-01   6.2001538e-01  -4.7827858e-01   3.9058465e-01   2.4187794e-01  -1.4018847e-01   9.7991487e-02
   1.1781120e-01   0.0000000e+00   7.7506589e-02  -3.1342453e-02   2.4915611e-01   1.0802456e-01   1.2284077e-01   2.2586129e-02   3.4098629e-02  -1.6871218e-02   3.6694316e-03   3.2145135e-01  -1.5539892e-01  -3.1212277e-03  -1.4371989e-01   4.4373202e-03   1.4822504e-01  -2.8408958e-02   2.5782649e-01   1.6897650e-01  -2.5604151e-01  -4.0872750e-03  -5.9420258e-03   2.1817478e-01  -2.4927992e-01   1.4661811e-01   1.8605396e-02  -3.5177710e-01   1.3523312e-02   3.3200045e-01  -4.2351631e-02   1.0002767e-01   2.7897033e-01   2.7976284e-02   1.0416732e-01  -6.8416819e-02   2.4177561e-01  -1.1344809e-01  -1.0321879e-02  -2.5842873e-01  -1.1395963e-02  -2.8678851e-02  -1.4888348e-01   1.2677754e-01  -7.0937256e-02  -2.6032015e-02  -2.2902860e-01  -7.5591203e-02   3.5991576e-03  -9.5126206e-04  -1.3906334e-01   1.9215964e-01   2.8929265e-01  -3.4595420e-01   6.4258493e-02  -5.8330142e-02   2.8905371e-01   1.7045122e-02   1.1140291e-01   3.4027010e-01   1.9926903e-01  -1.9650931e-01  -8.2942466e-02   2.0134535e-01   3.5855281e-01   5.6875095e-02  -4.6084159e-02  -2.4985201e-01  -1.6253507e-01  -2.0604371e-01   2.5096942e-01  -6.5420314e-02   1.6348228e-01   2.1802390e-01  -1.1692755e-01   8.3655475e-02   1.2989929e-01   1.8797786e-01   2.2826934e-01  -4.7852353e-01  -2.1376234e-01   3.4004771e-02   6.5789564e-02  -1.1895341e-02   3.8610429e-01   8.5007518e-02   1.9601772e-01   1.5252250e-01   7.2514894e-02   3.4300173e-02   3.4437255e-01   1.5336447e-01   6.1450448e-02  -2.1047800e-01  -3.4352460e-02   1.5209694e-01  -4.0454439e-01   1.5791121e-01  -6.9945078e-02  -2.6669143e-01  -2.2488841e-01   1.3642984e-01  -4.6054205e-02   4.2084699e-01   6.0234830e-02   6.6023002e-02  -1.6462081e-01   1.4523273e-02   7.5847030e-02   4.3224379e-01  -5.3413319e-02   1.4134529e-02  -2.2584807e-01  -7.3666205e-02  -4.6122295e-01   4.5212281e-01   8.4749210e-02  -1.4481034e-01  -2.8243627e-01  -1.3490291e-01   2.1131091e-01   4.4390923e-01  -5.4261820e-02   3.2157024e-01  -1.5595816e-02  -1.5323646e-01   3.8342577e-02  -1.8080888e-01   6.4325495e-03  -3.0500589e-01   1.7237572e-01   2.7632594e-01   3.6233928e-01   1.4377052e-01  -1.0949192e-01  -1.2416735e-02  -4.7469245e-01  -1.9618657e-01  -9.3565700e-02   1.2429109e-01   3.0866372e-01   2.1341996e-02  -1.3959265e-01  -1.6313812e-02  -1.1758199e-01   1.4746533e-01  -6.8310262e-02   9.6017292e-02   9.1249445e-02  -1.1742531e-01   1.0074564e-01  -1.0661355e-01   1.4883788e-01  -4.3690626e-02   4.1230631e-01  -3.0618126e-02   5.0407839e-02   1.1757258e-01  -3.1555575e-02  -4.0729947e-01  -3.3573469e-01   5.5938425e-02   2.1477920e-02   2.0190719e-01   6.3277777e-02  -4.3818350e-02   2.6166640e-03  -1.6603497e-01   1.2080903e-01   3.6875014e-01   1.8050982e-01  -9.3337234e-02  -2.7554542e-01   2.5906022e-01  -3.9161257e-01  -3.1772951e-01   1.5943444e-01
   3.8996718e-01   7.7506589e-02   0.0000000e+00  -3.5582403e-02  -2.5332139e-01   3.3717583e-01  -5.6721462e-02   8.0975895e-02   2.3506503e-01  -1.2138945e-01  -2.2958352e-01   3.1582283e-01  -3.3294201e-01  -1.9278513e-01  -4.7222649e-01  -3.5580985e-01   7.8922214e-01  -5.7655091e-02   4.1123322e-01  -2.4985092e-01  -5.2780818e-01   6.6761461e-02  -2.6301392e-01   4.1374365e-01  -2.0284450e-01   2.2210841e-01  -1.5111101e-01  -4.7163441e-02   2.9866916e-01  -2.4752521e-01  -4.8760190e-01   1.1039046e-01   7.9494872e-02  -3.1120948e-01  -2.5894170e-02  -2.9536392e-01  -7.2151113e-02   3.7191503e-01  -3.7650558e-01   8.8610833e-02  -1.5404757e-01   4.5412315e-01   7.6956515e-02  -4.9375302e-01  -4.1597532e-01   4.7307362e-01  -4.4188556e-01  -5.2765670e-01  -4.8000835e-01   4.9666133e-01  -2.2355443e-01   2.0859175e-01  -4.0197714e-01  -9.8281469e-03   2.0478741e-01  -4.3375687e-01   2.3032395e-01  -3.4117358e-02  -1.1835464e-01   1.0933735e-01   5.3810932e-01  -2.5975578e-01   1.7899309e-02  -2.9126992e-01  -3.1738225e-01  -7.3444776e-02   2.3849814e-01  -6.0269030e-01  -3.3937284e-01   6.4602932e-01  -1.5058078e-01  -1.9642425e-01   9.2137503e-03   4.2564695e-01   8.0927646e-02   1.1480429e-01   5.0906054e-01  -1.7304518e-01  -3.9914914e-01  -1.2354323e-01   1.4327285e-02  -4.4589586e-01  -5.9238155e-01   7.9668733e-02   3.7460775e-01  -1.4816664e-02  -8.0569361e-02   3.6850121e-01   6.1064536e-02   3.7706270e-01  -8.8811556e-02   5.6388439e-01  -3.9141196e-02   1.2116896e-01   4.2771344e-01  -5.5480877e-02  -2.9245713e-01  -5.5734728e-02  -4.9552135e-01  -2.5148297e-01   4.7265626e-02  -3.2741472e-01   4.3911541e-02   1.5115216e-01  -1.7060557e-01   2.2284147e-01   1.0947166e-02  -1.1110243e-01  -1.9542015e-01  -3.0884931e-01  -1.7928533e-01  -1.3214570e-02  -7.8490673e-02   3.9045679e-01   9.7389051e-02  -3.2914904e-01  -4.3451013e-02   2.6493854e-03  -1.0212858e-01  -1.2606268e-01   5.2006295e-01  -8.7791665e-02  -2.1980074e-01  -3.2839695e-01   4.4118096e-01   8.8536712e-02  -1.9333665e-01  -2.1899113e-01   1.0070560e-01   3.9498616e-01   1.0010348e-01  -4.8271219e-01   2.4616381e-01  -5.2885868e-01   2.2827765e-01   2.1124137e-01  -1.1066632e-01  -3.0047530e-01   2.4926141e-01   3.5857068e-01   2.8390088e-01  -5.6627735e-02  -2.5814814e-01   3.9734776e-01  -2.9495980e-01  -2.9783671e-01   1.5730277e-01  -1.7667254e-01  -9.7032612e-02  -3.7397505e-01   4.2557741e-01   3.4577776e-01   3.5717946e-01  -3.7042228e-01   6.0662211e-01   4.2554052e-01   5.3032254e-01  -1.6760354e-01   4.5182775e-01  -7.5805122e-02  -3.9803734e-01  -2.8726697e-01  -1.3118801e-01  -5.6101393e-02   3.5360736e-01  -3.3320581e-01  -2.5200577e-01  -3.2911320e-02   4.8742721e-01  -2.5592873e-01  -7.2012861e-02   2.9833086e-01  -4.1726225e-01   4.0897137e-01   2.4025081e-02  -8.1073444e-02   3.2914505e-01
  -3.0178927e-01  -3.1342453e-02  -3.5582403e-02   0.0000000e+00   2.0218620e-02  -4.5744136e-02   3.0051764e-01   2.7745648e-02   3.2378391e-01   4.3640660e-01   5.3395713e-01   2.9526182e-01  -9.2922355e-02   2.0112125e-01   3.6257461e-01   3.6091874e-01  -9.1720465e-02   4.6798377e-01  -1.8268437e-01   1.5111635e-01   1.2864152e-01   5.1465274e-01   3.8559983e-01  -3.2699412e-01   1.9110678e-01  -2.6334761e-01   3.1777657e-01   6.2141318e-02  -1.5618353e-01   3.4577653e-01   1.2973469e-01   3.1339619e-01   1.7996354e-01   3.0808173e-01   3.4477738e-01   4.1282398e-01  -2.0762547e-01  -3.8614263e-01   3.2519987e-01   1.8246217e-01  -2.4471011e-02   2.8719396e-02   1.2677997e-01   2.2652413e-01   4.7873531e-01  -3.6683989e-01   4.9735361e-01   1.5942555e-01   1.0834054e-02  -4.1216480e-02   4.9878359e-01  -1.9598820e-01   7.2690135e-02  -6.2847807e-02  -1.0179045e-01  -1.1329612e-02  -3.0049959e-01   3.9386589e-01   4.8302484e-01   1.2619330e-01  -2.7327547e-01  -3.5118960e-02   2.4862854e-01   7.8848704e-02   9.8965461e-02   4.3679067e-01   2.5125686e-01   2.5904666e-01   5.1647650e-01  -2.0895142e-01  -1.1448208e-01   7.1476211e-01   1.7220400e-01  -3.6209836e-01  -2.2526976e-02  -1.4011534e-01  -2.9478703e-01   1.6866762e-01  -1.7050601e-02   1.4842549e-01  -1.8909959e-01   3.2728769e-01   5.2820175e-02   6.4710593e-02  -3.3113498e-01  -1.0511834e-01   2.9548037e-01  -1.6568463e-01   9.4479860e-04  -3.2137289e-01  -1.7634372e-01  -3.1314810e-01   1.5443067e-01   3.4763789e-01  -3.4139283e-01  -2.4538518e-01   2.3678823e-01  -4.0083017e-02   3.6560695e-01   9.6324430e-02  -1.1162416e-01   3.1752263e-01   2.9263407e-01   1.6455696e-01   5.9896084e-01   2.3146926e-01  -1.3591252e-01   3.1835610e-01  -8.2574240e-02   1.3141047e-01   2.4103802e-01   4.5855212e-01   5.6585871e-01  -3.2694773e-01   2.0070130e-01  -1.0995115e-01   1.1399541e-01   8.2629154e-03   4.9553037e-02   6.3253767e-01  -3.2726400e-01   1.4009927e-01   3.0538905e-01  -2.4525260e-01  -3.6588465e-01  -3.5911640e-02   3.2290237e-01   7.5484455e-03   2.7156375e-01   6.1879689e-02  -5.9791971e-02   3.0834188e-01  -3.5203426e-02   1.8493445e-01   3.6915807e-01  -2.6694730e-01  -8.0238479e-02   8.0097088e-03  -6.0447548e-02  -3.6167539e-01  -2.6367171e-01  -8.8534496e-02   3.6872354e-01   6.1029264e-02   1.9635174e-01   8.5759712e-02   2.1368597e-01   4.1181214e-01   3.1589421e-01  -1.7856135e-01  -4.0141795e-01  -9.2059235e-02  -1.7660791e-01   1.8230484e-01  -1.3881036e-01  -4.0831531e-01  -2.6705421e-01   4.1577765e-01  -1.3604597e-01   2.3239838e-01   2.9617464e-01   2.1316931e-01   3.0587276e-01   3.9960119e-01   2.4757239e-01   1.8374738e-01   3.8556097e-01   1.2773991e-01  -6.7122047e-02  -2.0280810e-01   2.7972613e-01  -4.3639477e-01   5.5218356e-01  -1.7639180e-02  -6.2962518e-02   3.6704317e-01   3.4500531e-01
  -3.4532213e-01   2.4915611e-01  -2.5332139e-01   2.0218620e-02   0.0000000e+00  -2.2190493e-01   4.2868211e-01  -1.5649769e-01  -2.7609201e-01  -4.0216878e-02   1.6108340e-01  -2.1171505e-02   2.5820682e-01  -3.7338991e-01   1.0530219e-01   4.3539093e-01  -3.0717193e-02  -7.5558733e-02  -9.5676452e-02   8.5867573e-01  -1.2123777e-01  -8.3444489e-02   2.2627674e-01  -2.5872607e-01   2.4495815e-01  -1.4744117e-01   5.2131876e-01  -4.4096541e-01  -1.1755984e-01   1.9538231e-01   6.9084359e-02  -2.3738169e-01   3.0698520e-01   5.4106301e-01   9.3783965e-02   5.7724361e-01   6.5150679e-03  -4.4277966e-01   4.9567425e-01   4.4010090e-01   2.5089103e-01  -1.0438182e-01  -2.7364595e-01   2.4056335e-01   3.4136750e-01  -3.5667465e-01   3.5189209e-01   3.2685044e-01   3.5967440e-01   2.9814923e-01  -2.3046575e-02  -2.0873139e-01   6.8606379e-01  -3.5228498e-02  -1.2149558e-01  -4.8351147e-02  -1.1121905e-01  -1.0484047e-01   2.9784073e-01  -8.7003236e-02  -3.7265114e-01   7.9385552e-02  -1.9266315e-01   1.0562313e-01   2.9722105e-01  -1.6938119e-01  -1.7328171e-01   4.8768296e-01   1.8664563e-01  -5.0075513e-01   5.6219575e-01   7.3820425e-02   2.6191677e-01  -2.0404968e-01   1.7711915e-02  -2.9738057e-01  -3.1219985e-01   3.6584808e-02   7.8136337e-01   3.2452655e-02  -3.8035254e-01   3.5918658e-01   1.4283450e-01  -1.3239381e-01   2.6589174e-02  -9.4289474e-02   1.1729410e-01  -2.2617890e-01  -1.1813179e-01  -3.4157519e-01   5.5364152e-01  -2.1919060e-01   2.9829027e-01  -1.7916840e-01  -4.3107475e-01   5.6796371e-01   2.4848437e-01   3.9318538e-02   6.3885813e-01  -1.9470827e-01  -1.3857686e-01   2.2067943e-01  -3.4558960e-01  -1.5842612e-01   1.3238199e-01  -2.1447345e-01  -4.3782721e-02   3.9686440e-02  -1.5656244e-01   5.2529303e-01  -1.9694896e-03  -5.6309425e-02  -4.9121954e-02  -4.0520390e-01  -3.1417743e-01   6.8358408e-01  -1.5707212e-01   1.2429011e-01  -6.2386538e-01   1.1597927e-01  -2.7492881e-01   5.9910731e-01   4.3696688e-02   4.2396723e-01  -3.5652588e-01  -2.6924906e-01   3.7809570e-01   6.5040505e-02  -1.5413942e-01  -5.5923838e-01   3.6054105e-01   5.9263347e-01  -2.2521855e-01   6.2573180e-01  -2.1800253e-01  -3.1181385e-01  -1.0726680e-01  -3.6814468e-01  -2.8841462e-01  -3.3085021e-01  -1.6422812e-01   5.8492055e-02   6.9638972e-02  -6.7701251e-01   5.7076311e-02  -6.6329503e-02   2.2840110e-01  -2.8767520e-03   1.3995329e-01  -2.4307621e-01  -3.1374569e-01  -4.8204469e-01  -2.6986837e-01   4.6056686e-02   1.3602603e-01  -3.7855232e-01  -3.9885068e-01   2.8534795e-01  -1.8531094e-01  -2.9952040e-01   2.7077460e-01   1.5751377e-02  -1.1978597e-01  -1.6941260e-02  -1.1671544e-01   4.3932295e-01   1.6400120e-01  -2.8880519e-01  -2.9209350e-01   4.1671200e-01   3.8081352e-01  -4.0847580e-01   1.0924870e-01  -4.3469683e-01  -8.4711519e-02  -1.9845786e-02  -8.6256219e-02
   3.6362817e-02   1.0802456e-01   3.3717583e-01  -4.5744136e-02  -2.2190493e-01   0.0000000e+00   1.5391195e-02   1.5235188e-01   2.5522172e-01   4.3677621e-02   1.3955420e-01   3.1715127e-01  -1.3374896e-01   5.1660234e-03  -1.8579808e-02  -5.6244984e-02   2.5979681e-01   4.2111676e-02   4.8092573e-01  -1.9991067e-01  -6.4885113e-02   8.2658535e-02   1.2038736e-01   9.6568335e-02  -2.2970833e-01   3.1304484e-01  -8.2643474e-03  -7.9750759e-02   1.4276159e-01   8.9813518e-02  -2.2715113e-01   2.0459013e-01   1.7436419e-01  -1.1944316e-01   1.5823269e-02  -5.8477418e-02   6.3132559e-02   5.3186204e-03  -6.6220596e-02   1.6327907e-03  -5.5517879e-02   2.8996241e-01   1.8553141e-01  -6.4438211e-02  -6.3887633e-02   2.5137209e-02  -5.3562623e-02  -2.4232979e-01  -9.7002465e-02   1.7041850e-01   1.5132369e-01   3.5378537e-01  -2.6647106e-01   5.1619075e-02   2.4654797e-01  -2.1413108e-01   3.0759625e-01   6.9326439e-02   5.0700001e-02   1.2258475e-01   2.5330392e-01  -1.5376131e-02   1.2979830e-01   1.9606848e-02  -6.8396183e-02   1.6809970e-01   6.6767836e-01  -2.6784830e-01   2.8477736e-02   1.7900763e-01  -1.9182927e-01   6.5273728e-02   7.5254972e-03   1.3195661e-01  -5.7240560e-02   2.9788946e-01   8.5547188e-02  -1.8118508e-01  -1.9567100e-01  -8.4916643e-02   1.9534425e-01  -5.7326096e-02   9.6763041e-03   1.9425403e-02   7.6692497e-02   1.7168729e-01   1.4034614e-01   9.2394519e-03   2.5764023e-02  -1.8913876e-02  -2.6176998e-02   2.5932063e-01   6.1465816e-02   1.6555650e-01   4.4328833e-02   5.2590383e-03  -3.2361619e-01   2.2525035e-01  -1.4801023e-01   1.3307553e-01  -1.4835356e-01   5.6811419e-03   1.5564283e-01   1.3796251e-01   8.2673013e-02   1.2416770e-01   8.5758431e-02   1.8143356e-01   1.3088244e-01   6.6497297e-02   1.7405172e-01   1.8056748e-01  -9.9648159e-02  -3.1657837e-02   1.0852767e-02  -2.3775428e-01  -2.4955543e-02   8.7778681e-02   5.3454150e-04  -2.1031547e-02   1.9262850e-01  -3.7747408e-02   1.8655155e-01  -1.6101452e-01   2.8600546e-02  -2.3093167e-01   1.2907209e-01  -1.3575741e-01   2.1907553e-01   1.7251314e-01   7.8633422e-02  -6.5736356e-02  -1.1293616e-03  -1.4474909e-01   3.1033071e-02   2.9789193e-01  -2.0339205e-01  -1.0031335e-01   2.5372707e-01   1.3105543e-01   8.0773332e-02   5.1927255e-02  -1.5133194e-01   3.4387304e-01  -1.6360323e-01   4.6197667e-02   1.9291573e-01   1.5035918e-01   4.0535675e-01  -9.8308013e-02   1.2713542e-01   1.0338330e-02   1.7720302e-01   8.2236153e-02   1.6341664e-01   5.2834293e-02   2.1414218e-01   4.0703774e-03   2.3111885e-01   8.5727901e-02  -2.1002235e-01   8.2059462e-02   1.9940863e-01   3.6940071e-02   3.6954501e-01  -1.5260868e-01   1.4969284e-01  -2.0578985e-01   2.2055392e-01   7.3767409e-02   3.1078060e-02  -2.9952540e-02  -2.0679951e-02   4.2364916e-01  -1.7716939e-01  -2.1020773e-01   3.0342160e-01
  -4.8846396e-01   1.2284077e-01  -5.6721462e-02   3.0051764e-01   4.2868211e-01   1.5391195e-02   0.0000000e+00  -4.3812659e-01  -3.1180366e-01   2.6241227e-01   1.2259412e-01   3.7681683e-01   8.1130001e-02  -2.0503803e-01   9.4953987e-02   6.3368606e-01  -7.8415751e-02  -4.5099864e-02  -9.0968357e-02   5.9665603e-01  -2.0294781e-01  -9.3404544e-02   6.9787971e-01  -4.6325966e-01   1.1863354e-01  -4.1832849e-01   6.5043776e-01  -2.0379355e-01  -1.1400960e-01   2.3491792e-01  -3.0519139e-01  -6.7143776e-02   3.1591345e-01   8.1608059e-01   8.6095647e-02   5.7200792e-01   1.3045698e-01  -3.4665248e-01   6.1760849e-01   5.4676796e-01   6.2566802e-02  -9.6882452e-02  -4.8980662e-01  -5.0535052e-02   2.4871650e-01  -5.1254786e-01   3.8446576e-01   4.9013108e-01   7.9694399e-02   2.3964192e-01   1.7050351e-01  -5.4303903e-01   4.8536729e-01  -2.6428794e-01   8.8404630e-02  -1.5919113e-01  -4.0123875e-01  -2.9250430e-01   1.9089148e-01  -3.1227424e-01  -4.8800269e-01   6.6052333e-02  -1.9557476e-01  -1.9111586e-01   8.8985579e-04   8.7441854e-02   8.9588215e-02   1.8038417e-01   1.9219593e-01  -3.4553082e-01   4.8916868e-01   3.4118619e-01   4.8991048e-01  -4.8920877e-01  -2.3331851e-01  -4.9437096e-01  -3.2071905e-01  -2.5289703e-01   3.0254927e-01   5.6536718e-03  -1.0708363e-01   4.1461349e-01   2.8732850e-01  -4.5402836e-01  -2.7059492e-01  -3.6899792e-01   1.4304192e-01  -3.5864043e-01   4.5982134e-02  -4.7445400e-01   8.6675669e-02  -3.5002678e-01   6.7083921e-01  -1.1714096e-01  -3.9088624e-01   2.5123193e-01   1.1000959e-01  -3.1154843e-01   4.0924264e-01  -3.1587334e-02  -6.1179833e-02  -2.6391279e-02  -1.0235245e-01  -3.3570669e-01   1.6828510e-01  -3.0397470e-01  -3.0926815e-01  -1.9779321e-01   1.2465075e-01   4.3179308e-01   4.4784085e-01   6.8051311e-02   2.9028799e-01  -4.6879528e-01   2.7945211e-01   3.0015463e-01  -3.6003038e-01   1.7619935e-01  -3.4636911e-01   1.8933294e-01  -3.4270945e-01   3.1440301e-01  -1.7067646e-01  -2.4060552e-02  -3.9871775e-01  -3.9596000e-01   4.9954839e-01  -2.3489682e-01  -3.1181914e-01  -1.4253402e-01   1.8578530e-01   4.6376527e-01  -4.0297601e-01   6.2155539e-01  -1.1980929e-01  -5.4147466e-01  -2.1077747e-01  -1.4436508e-01  -4.4400143e-01  -4.8437352e-01  -3.9535563e-01   1.0341155e-01  -9.7129681e-02  -1.8669419e-01  -1.3428462e-01  -2.6050964e-01   7.5459792e-01   2.2507216e-02   5.9098923e-01  -3.8281095e-01  -3.9657755e-01  -5.2822982e-01  -2.8493105e-01   5.9015964e-02   1.7131950e-01  -4.1965784e-01  -3.5602815e-01   1.6906151e-01  -2.7156374e-01   8.6034579e-02   7.0594654e-02  -2.9021500e-01   2.4229651e-02  -4.2230900e-02  -1.9825430e-01   6.4590935e-01   3.2959883e-01  -4.5996534e-01  -2.0106644e-01   2.0623510e-01   5.1638403e-01  -3.0022594e-01   1.4936366e-01  -3.5480979e-01  -2.4820443e-01   2.0189106e-01  -1.2677840e-01
   1.2006302e-01   2.2586129e-02   8.0975895e-02   2.7745648e-02  -1.5649769e-01   1.5235188e-01  -4.3812659e-01   0.0000000e+00   3.9008935e-01  -7.3568523e-02   3.7334526e-01  -5.4941960e-02  -1.8906936e-01   1.4328812e-01   2.0304024e-01  -3.6239901e-01  -6.8848311e-02   1.4915070e-01   1.3177253e-01  -2.5231569e-01   1.1801488e-01   5.2904172e-01  -1.5213316e-01   1.7878673e-01  -5.7428055e-02   4.7446541e-01  -3.0955120e-01   2.4150630e-01   1.0423142e-01   7.1053316e-02   3.7501316e-01   3.4122688e-01  -2.1797868e-01  -3.0019485e-01   1.5705912e-01  -1.7626696e-01  -2.3564094e-01   7.2617824e-02  -2.7389988e-01  -4.3949958e-01  -1.2948215e-01   1.5645864e-02   5.4719963e-01   3.7378013e-01   8.5614327e-02   1.0674458e-01  -5.5488089e-02  -3.2060973e-01  -9.9648995e-02  -2.3664804e-01   1.6372595e-01   6.6669813e-01  -2.1634063e-01   1.5765168e-01   6.6533804e-02   2.7577232e-01   3.8366910e-01   5.3279056e-01   2.0209699e-01   4.4624364e-01   4.1484257e-01  -1.4576418e-01   1.7920349e-01   3.8002029e-01   1.1078088e-01   1.3249932e-01   5.8727690e-02  -8.6536163e-02   2.5674005e-01  -1.0102490e-01  -4.4581821e-01  -2.9353444e-02  -3.5075335e-01   1.4591550e-01   1.8104206e-01   5.3505949e-01   2.5748233e-01   4.0393753e-01   2.6606936e-02  -1.6691961e-01   2.5558938e-01  -1.0259463e-01  -2.1169034e-01   7.7183394e-01   4.3443597e-02   5.6248379e-01   2.2473580e-01   2.1687673e-01  -5.1531341e-02   9.8806186e-02   1.2857486e-01   2.7502895e-01  -3.5013809e-01   2.7518687e-01   1.5513421e-01  -2.0159294e-01  -1.4561254e-01   3.7618003e-01  -7.9538965e-02   6.5852616e-02  -2.3877101e-01   4.5602370e-01   2.6317169e-01   3.4911077e-01   3.3358324e-01   5.0508058e-01   2.8536237e-01   7.4613557e-01  -2.5372496e-01  -2.3518586e-01  -1.0818932e-01   3.5806028e-01  -2.4605766e-01   4.2614657e-02  -2.0227148e-01  -4.4161544e-02   3.4586734e-01  -1.8013690e-01   9.4370037e-02   1.3099178e-01   1.5980298e-01   1.5477178e-01   5.1264257e-01   1.1282093e-02  -1.0250137e-02   1.4176945e-01  -3.6649304e-02   1.7927943e-01   5.5482428e-01  -2.0534580e-01   1.2405311e-01   4.7072461e-02   2.2019370e-01  -3.4939452e-01   2.3440920e-01   5.9253369e-01  -8.3903043e-02   5.5421935e-02   6.9357181e-01   1.6844334e-01   1.9099951e-01  -1.7766068e-01   4.6601171e-01   1.0260913e-01   5.1909661e-01   4.8826509e-01  -4.4158046e-01   3.0599731e-01  -1.3976162e-01   5.9749999e-02   1.3130540e-01   5.7425643e-01   1.4791667e-01   7.4479263e-02  -1.9922801e-01   1.1846548e-01  -2.8701321e-02   2.5017798e-01   2.2035385e-01   1.7862882e-01  -1.0174693e-01   5.4107485e-01  -6.0207964e-03   1.9905410e-01   5.3722722e-01  -2.8369647e-01   2.6365554e-02   3.0001276e-01   4.6951436e-02  -1.1911460e-01  -7.0118016e-02  -7.6502418e-02   2.5597484e-03   3.0892631e-01   4.0310657e-02  -2.1185595e-01   5.2466884e-01
   3.8468013e-01   3.4098629e-02   2.3506503e-01   3.2378391e-01  -2.7609201e-01   2.5522172e-01  -3.1180366e-01   3.9008935e-01   0.0000000e+00  -5.3169053e-02   1.7204610e-01   1.2514319e-01  -1.9946535e-01   1.4899670e-01  -1.4525754e-01  -2.5801764e-01   2.0387660e-01   1.9979265e-01   2.6796241e-01  -3.5958092e-01   1.0953133e-01   4.8259314e-01  -1.8357465e-01   4.0104074e-01  -1.6269180e-01   2.5304705e-01  -3.1653152e-01  -3.4781289e-02   1.5609679e-01  -1.0125612e-02   2.1039416e-02   2.8173135e-01   1.0244563e-01  -3.0279251e-01   3.1907651e-01  -1.6536201e-01  -2.2387212e-01   9.1361037e-02  -2.6544247e-01  -2.9085612e-01  -2.0409424e-01   5.0672453e-01   6.7981616e-01   2.0460905e-03   2.7780018e-02   3.1147239e-01  -1.3378296e-01  -2.0598320e-01  -2.1410195e-01  -1.2689216e-01   6.0952728e-02   3.3124372e-01  -2.4028688e-01   1.2458894e-01  -5.5499729e-02  -6.5457366e-02   3.6627562e-01   4.3039682e-01   1.8028451e-01   6.4920442e-01   4.0689852e-01  -2.2512593e-01   4.7000352e-01   1.9951879e-01   3.2609980e-03   9.4482195e-02   2.2671443e-01  -2.7894477e-01   6.7794309e-02   2.6575649e-01  -2.4764404e-01  -1.8148900e-02  -5.9965792e-02   3.3728822e-01   2.9197760e-01   3.6484055e-01   2.6338476e-01   8.6047620e-02  -2.5717855e-01  -1.3704928e-01  -1.1465779e-01  -2.0828367e-01  -1.8950544e-01   2.7315107e-01   2.8897505e-01   2.5094827e-01   4.4491337e-01   3.2021817e-01  -4.4480483e-02   2.8783153e-01   3.5830644e-02   3.1627139e-01  -2.7096973e-01   6.5702801e-01   1.8104805e-01  -3.6633962e-01  -2.3015510e-01   3.1028226e-01  -1.6521797e-01   1.7057976e-03   4.0023823e-02   4.9648657e-02   2.0925104e-01   6.0216830e-01   1.6833120e-01   5.7253955e-01   3.9258281e-01   3.1299866e-01  -7.5322240e-02  -2.0951990e-01  -1.3830856e-01   1.8735748e-01  -6.1597344e-02   2.2834158e-01  -8.0388310e-02  -1.7770922e-01   9.1227606e-02  -1.9938851e-01   1.9723759e-01   1.3596751e-01   3.7857888e-01  -1.2082590e-01   4.7097255e-01  -9.4181554e-02   2.2614224e-01   6.6202027e-02  -1.3548223e-01   9.9896403e-02   5.9879646e-01   9.3813234e-02  -2.5578254e-02  -1.4146757e-01   3.9490326e-01  -2.9412275e-01   6.3873251e-01   4.0844515e-01  -1.2156129e-01  -9.7138323e-02   4.0561085e-01   2.8096308e-01   3.5955950e-01  -1.9738374e-01   1.2443333e-01   3.1938241e-01  -3.8597957e-03   1.5522987e-01  -3.2138550e-01   1.3907887e-01  -1.0305508e-01   8.2818373e-02   2.8836012e-01   3.4359833e-01   3.2738262e-01  -7.0524526e-02   1.7978396e-02   1.7902474e-01   2.9384091e-01   1.3059278e-01   3.9556437e-01   4.8429047e-02  -2.7184047e-01   2.7453631e-01  -5.3224137e-02   1.8344604e-01   5.5538175e-01  -2.0209984e-01  -1.2761609e-01   2.7500968e-01   4.0741571e-01  -9.5079653e-02  -1.5212671e-01  -5.8333855e-02  -8.6332454e-04   4.2353846e-01   1.1015654e-01   8.8437991e-02   5.9655606e-01
  -3.8711760e-01  -1.6871218e-02  -1.2138945e-01   4.3640660e-01  -4.0216878e-02   4.3677621e-02   2.6241227e-01  -7.3568523e-02  -5.3169053e-02   0.0000000e+00   5.5474280e-01   1.9747007e-01   1.3015238e-01   3.7673960e-01   5.5904841e-01   4.2839197e-01  -2.4959277e-01   5.4280470e-01  -3.4549824e-01   1.4866621e-01   3.3112195e-01   1.9195765e-01   3.8653761e-01  -3.9520179e-01   1.5543591e-01  -2.4025870e-01   3.5582146e-01  -3.9974640e-02  -1.0879414e-01   5.8738931e-01   1.9305644e-01   1.5913562e-01   3.9453494e-02   2.6941006e-01   1.3288763e-01   4.6337329e-01   1.4166022e-01  -3.8878519e-01   4.2295835e-01   1.4497797e-01   8.3902900e-02  -1.8199987e-01   2.9827611e-02   3.0222896e-01   6.2537438e-01  -4.8336937e-01   5.4904987e-01   1.9708434e-01   1.6250107e-01  -2.0354683e-01   6.3798669e-01  -1.4544488e-01  -2.0691969e-02  -6.8230084e-02   1.4400040e-01   1.1536627e-01  -3.7752690e-01   2.1087280e-01   2.8979979e-01   1.5491441e-01  -4.5525055e-01  -5.4839633e-02  -5.2150401e-02   1.1541749e-01   1.8693574e-01   6.9541587e-01   2.6512214e-01   3.2157732e-01   4.5641289e-01  -2.8026452e-01  -2.4760620e-01   5.5637524e-01   8.0735726e-02  -4.0365987e-01   4.7614620e-03  -1.4207918e-01  -4.3352924e-01   1.6777673e-02   5.7956923e-02   2.2538390e-01  -8.5118043e-02   3.7148180e-01   2.3271610e-01  -1.5579705e-01  -5.0907446e-01  -1.5032715e-01   2.0865882e-01  -1.6906212e-01  -1.1358968e-01  -3.7689902e-01  -2.3151592e-02  -5.2242574e-01   3.7272381e-02   1.5128512e-01  -3.5922810e-01  -1.4407311e-01   2.6575826e-01  -2.9098266e-01   2.7674300e-01   3.2734469e-01  -3.5721721e-01   3.6689287e-01   3.1710149e-01   1.3690195e-01   4.8843393e-01  -1.6856385e-01  -1.6301191e-01   1.7394174e-01   4.8416758e-02   2.6515754e-01   2.1903953e-01   5.5361714e-01   2.2818939e-01  -3.7675950e-01   3.2964499e-02  -2.1591479e-01   3.8159494e-02   1.0080726e-01  -2.5764823e-02   2.7706005e-01  -4.6484842e-01   3.0261410e-01   9.6841023e-02  -1.6784527e-01  -4.6438114e-01  -1.2743278e-01   3.2082195e-01  -7.9717412e-02   8.3306254e-02  -4.9525620e-02   2.3509986e-02   3.7088539e-01  -2.0992964e-01   1.2394146e-01  -2.7177511e-02  -3.1214054e-01   1.4976344e-01   8.9010320e-02  -1.6577709e-01  -2.1175928e-01  -5.9363857e-02   8.8223533e-02   3.1548967e-01  -6.7152905e-02   2.7343677e-01   2.2436211e-01   8.0222246e-02   6.3206274e-01   5.5198745e-01   8.4344171e-02  -3.8212798e-01  -2.4556533e-01  -2.9099958e-01   4.2792604e-01  -2.5245137e-01  -3.8345419e-01  -3.6261231e-01   3.1988104e-01  -4.1587642e-01   3.6526608e-01   3.6803893e-01   1.6465293e-01   7.1898235e-01   3.2678341e-01   3.5820497e-02   1.5953562e-01   4.5473893e-01  -1.0593131e-01  -3.3558921e-01  -2.7516913e-01   4.2788291e-01  -3.7944159e-01   5.5597648e-01  -1.1929036e-01   5.8926993e-02   2.2653473e-01   4.6726672e-02
  -4.7048248e-01   3.6694316e-03  -2.2958352e-01   5.3395713e-01   1.6108340e-01   1.3955420e-01   1.2259412e-01   3.7334526e-01   1.7204610e-01   5.5474280e-01   0.0000000e+00   2.5222691e-01   1.0725986e-01   3.2373995e-01   6.8803228e-01   3.5893455e-01  -3.3118205e-01   4.8576471e-01  -1.5803689e-01   2.3396304e-01   2.1381466e-01   6.3888473e-01   4.2968247e-01  -3.5502990e-01   2.5547077e-01  -1.3631981e-01   3.5371129e-01  -4.1349807e-02  -1.3774696e-01   6.8150961e-01   3.5889120e-01   3.2098323e-01   1.3025791e-01   2.6157524e-01   3.9830659e-01   5.6924484e-01  -2.0011349e-01  -5.0998342e-01   4.2283324e-01  -1.1677390e-02   5.2794029e-02  -2.0211892e-01   1.7892267e-01   5.7615120e-01   7.9834428e-01  -5.6741802e-01   7.1013255e-01   1.4011959e-02   1.2177542e-01  -2.5529024e-01   7.3212515e-01   1.1623553e-01   3.5014105e-02  -5.3037179e-02  -4.4161469e-02   2.0464946e-01  -1.5744582e-01   5.8288916e-01   5.7805344e-01   3.1641393e-01  -3.2671061e-01  -3.1912188e-02  -2.8032291e-02   3.1158926e-01   2.6807795e-01   6.7032963e-01   2.7349197e-01   4.4744901e-01   8.1403771e-01  -5.2720390e-01  -3.7418753e-01   7.1227965e-01  -9.4197350e-02  -3.8627755e-01  -1.0394860e-01   6.3709347e-03  -3.8001909e-01   1.6129862e-01   2.1966184e-01  -6.6639055e-03  -1.5247163e-01   3.4317069e-01   1.5634561e-01   2.4974982e-01  -4.8567306e-01   1.5883761e-01   4.5429359e-01  -1.3191070e-01  -1.3766981e-01  -4.9681696e-01   8.9311968e-02  -4.1916731e-01  -9.2717528e-02   2.9101291e-01  -4.5331660e-01  -5.6296399e-02   2.9424484e-01   6.6638471e-02   4.6400647e-01   1.4851113e-01  -5.6662007e-01   7.9663428e-01   3.6627529e-01   2.6344765e-01   7.9824226e-01   1.8009403e-01  -4.3053640e-02   6.4537326e-01  -1.8658939e-01   1.8074789e-01   1.8844750e-01   7.8921614e-01   1.6451527e-01  -5.4822084e-01  -1.4793708e-01  -2.4488668e-02   1.5765066e-01   9.2197903e-02  -8.3916874e-02   5.6734143e-01  -4.4146470e-01   4.9748362e-01   5.0095188e-01  -1.4057225e-01  -5.9105599e-01  -4.3604497e-02   4.3793779e-01  -9.5118872e-02   4.3169418e-01  -3.1711181e-01   9.8581265e-02   5.7743174e-01  -1.2486036e-02   1.3232719e-01   1.4250375e-01  -1.2235092e-01  -1.2535947e-01  -2.8170922e-02   1.7565895e-01  -4.1419200e-01  -1.9937641e-01  -6.3093932e-02   6.8219705e-01  -1.8163013e-01   4.9984702e-01   4.2375407e-01  -2.0900669e-02   7.6372873e-01   4.3774071e-01  -2.0003538e-01  -4.7393152e-01  -1.8346619e-01  -3.6317443e-01   5.1529676e-01  -3.4144796e-01  -5.1219232e-01  -5.2324834e-01   5.1279488e-01  -3.1465144e-01   2.8725359e-01   3.3829648e-01   5.7070696e-01   5.6078235e-01   5.0046854e-01   4.1293043e-01   1.2309458e-01   5.6780529e-01   7.7314322e-02  -3.6403065e-01  -2.3318380e-01   3.2049014e-01  -5.6697490e-01   6.9077739e-01   6.7126248e-02  -4.0383055e-02   2.6817737e-02   3.5511338e-01
  -1.4503034e-01   3.2145135e-01   3.1582283e-01   2.9526182e-01  -2.1171505e-02   3.1715127e-01   3.7681683e-01  -5.4941960e-02   1.2514319e-01   1.9747007e-01   2.5222691e-01   0.0000000e+00  -2.0266392e-01   1.7208325e-01   1.0332247e-01   1.8817190e-01   3.2093378e-01   2.3337496e-01  -5.0531917e-03   6.8938695e-02  -1.2328672e-01   2.3967998e-01   3.8895140e-01  -9.6231957e-02  -2.0129836e-01  -6.0113359e-02   1.4825410e-01   2.2651059e-02  -3.4257905e-02   3.2570433e-01  -2.6561330e-01   2.2562947e-01   2.1149141e-01   2.7966690e-01   1.9781570e-01   2.2451265e-01  -5.4213558e-02  -1.6145197e-01   8.8510394e-02   1.1742003e-01  -1.4138873e-01   1.0740701e-01  -4.2585946e-02  -5.2748227e-02   2.2892083e-01  -1.9936488e-01   1.8159655e-01  -2.1565676e-02  -1.1857494e-01   1.5375482e-01   3.5316420e-01  -1.5594429e-02  -8.0885620e-02  -2.3893820e-01   5.9568890e-02  -2.6960681e-02  -2.5799470e-02   8.5257045e-02   1.3442765e-01   1.8574461e-01   3.8911418e-02  -1.0096659e-01  -1.6191601e-01  -2.2567272e-01   8.0656182e-02   3.3698196e-01   3.4058924e-01  -2.1825146e-01   2.0748245e-01   7.8383545e-02   3.5975281e-02   3.3774727e-01   2.6240914e-01  -1.5742939e-01  -1.2472620e-01  -1.0064952e-01   3.6127772e-03  -1.6884799e-01  -5.3055865e-02  -2.1629542e-01   3.3406921e-02  -1.2883888e-02   3.6910966e-02  -2.0085766e-01  -5.2051441e-02  -6.3101367e-02   1.1793334e-01   6.1210041e-02   1.7424352e-01  -1.9754964e-01   4.8989126e-02   1.6590678e-02   3.4562317e-01   2.9711629e-01  -1.2600485e-01  -1.2695739e-02  -1.0577035e-01  -2.9607531e-01   5.4715636e-02   8.0375928e-02  -1.0601475e-01   1.3399135e-01   2.1304659e-01   1.8627980e-01   3.0435756e-01  -5.7798508e-04  -3.0012952e-01   6.2086864e-02   1.1529754e-01   2.1781846e-01   3.1443376e-01   3.6002561e-01   3.1837952e-01  -1.9228592e-01   2.5943921e-01  -1.0063295e-01  -1.7011690e-01  -1.0076146e-01   2.0588529e-02   3.0501437e-01  -2.0786501e-02   3.0503245e-01  -1.7307486e-02  -2.8141800e-01  -1.3586306e-01  -1.0744539e-01   3.5510110e-01  -1.7788191e-01   9.9825753e-02   2.1257074e-01  -8.0186618e-02   1.3058350e-01   2.7073704e-02   4.8891587e-03   1.0980367e-01  -1.1858743e-01  -1.4147786e-01  -2.1487420e-05   1.2040523e-01  -1.6852676e-01  -9.5970773e-02  -1.4446668e-01   1.5295886e-01   3.7487744e-01   4.2004288e-02  -6.6701408e-02   4.7069619e-01   3.2721271e-01   4.3728496e-01  -2.5753476e-01  -7.0751752e-02  -1.9711004e-01   2.7817563e-02   1.2528972e-01   2.4321688e-01  -1.9498510e-01   1.8971221e-02   6.0463352e-02   3.9967249e-02   1.3877682e-01  -1.9928099e-01  -3.8435861e-02   2.8800787e-01   2.1364341e-01   3.1044129e-01   9.8660313e-02   3.2600233e-01  -8.6059119e-02   5.1959498e-02  -7.5953930e-03   2.3221991e-01  -2.2396105e-01   1.9766466e-01   1.1667203e-01  -1.5432820e-01   1.7972712e-01   1.9997452e-01
  -4.6677275e-01  -1.5539892e-01  -3.3294201e-01  -9.2922355e-02   2.5820682e-01  -1.3374896e-01   8.1130001e-02  -1.8906936e-01  -1.9946535e-01   1.3015238e-01   1.0725986e-01  -2.0266392e-01   0.0000000e+00  -9.4011419e-03   2.2898212e-01   3.5702558e-01  -2.4713315e-01   1.3000841e-01  -2.4073059e-01   2.4824198e-01   1.8672990e-01  -3.6234469e-02   1.0401899e-01  -4.6372886e-01   1.7455574e-02  -1.7280120e-01   1.9748835e-01  -1.8655454e-02  -1.5500379e-01   5.6605028e-02   1.9746312e-01  -1.0206141e-01  -7.0455610e-02   1.4877275e-01   3.3857745e-02   2.3553671e-01  -6.2350105e-02  -3.7708737e-01   4.4584588e-01   1.6866277e-01   7.7728219e-01  -2.0106802e-01   6.9690258e-02   2.0651021e-01   1.8180454e-01  -3.9781648e-01   2.8865118e-01   2.2057380e-01   4.0512511e-01   4.9150019e-05   1.5362800e-01  -1.7212410e-01   9.4787619e-02   1.5286200e-01  -4.2335689e-03   9.7092542e-02  -1.4353743e-01   3.1268319e-02   1.7030201e-01  -1.1611821e-01  -3.9811098e-01   4.8405270e-01  -1.9693439e-02   3.0686312e-02   8.8732082e-02  -3.6623452e-02  -5.3970582e-03   4.0276686e-01   2.6646209e-01  -3.6281586e-01   1.8196639e-01   7.2944996e-02   2.3724101e-01  -4.2396056e-01  -1.0085418e-01  -1.3521963e-01  -3.3817160e-01  -3.1770952e-02   2.1012630e-01   2.8976985e-01  -9.8766454e-03   3.8957992e-01   1.7665425e-01  -1.1907620e-01  -2.7648135e-01  -4.3514926e-03  -7.5701442e-02  -2.4691418e-01   9.4533492e-02  -4.4727605e-01   3.0676955e-02  -3.1571012e-01   1.0635235e-01   5.9443909e-02  -3.8509079e-01   3.4266729e-01   2.4510098e-01  -4.6183190e-02   4.2314947e-01   1.1410306e-01   7.8417354e-02   7.6477005e-02  -2.1290862e-02  -1.4585038e-01   6.3990425e-02  -2.3777698e-01   2.3521247e-02   5.5820870e-02   6.1467568e-02   1.1424941e-01   1.2154782e-01   9.2921500e-02   3.2360392e-02  -4.1100242e-01   1.9067517e-02   1.7647576e-01   2.2890055e-02   4.1586067e-01  -2.9898613e-02   9.2584190e-02  -4.3123030e-01  -1.2280118e-02   1.6074317e-02   6.4958159e-02  -3.7065570e-01  -1.2913737e-01   1.1887355e-01   1.3335853e-01  -7.1653667e-02  -1.9961138e-01   3.3305505e-01   1.4602653e-01  -3.8729283e-01   2.1039574e-01  -1.1467571e-01  -2.5469702e-01   2.6081001e-01   5.6596567e-02  -2.1659698e-01  -4.1602531e-01  -3.0257224e-01   5.2853753e-01   2.0582648e-01  -2.9360948e-01   6.7676192e-02   6.6029115e-02   1.0380377e-01   6.9641402e-02   3.0723668e-02   1.8844394e-01  -4.3631712e-01  -2.7475723e-01  -3.4511172e-01   1.2733189e-01  -2.1079012e-01  -4.4002067e-01  -4.2541074e-01   2.3302330e-01  -3.1187562e-01   1.4505789e-01   3.9589169e-01   1.4630755e-01   6.3024230e-02  -1.9638747e-01  -1.5585981e-01   2.7349227e-01   1.5205778e-01  -5.2147564e-02  -4.1100416e-01   4.3264358e-02   7.3736408e-02  -3.4734834e-01   2.3689590e-01  -2.4225597e-01   4.6509049e-02   8.2980821e-02  -3.0957049e-01
  -7.2902048e-02  -3.1212277e-03  -1.9278513e-01   2.0112125e-01  -3.7338991e-01   5.1660234e-03  -2.0503803e-01   1.4328812e-01   1.4899670e-01   3.7673960e-01   3.2373995e-01   1.7208325e-01  -9.4011419e-03   0.0000000e+00   4.4229197e-01   2.5576231e-02  -3.2507598e-01   4.3614557e-01  -1.5345466e-01  -3.5375250e-01   4.4447487e-01   3.3054782e-01   8.3809979e-02  -1.6945399e-01  -7.3005724e-02   4.1501946e-02  -1.7508713e-01   3.3107521e-01   5.2862782e-02   4.9874285e-01   4.5944411e-01   1.6301968e-01  -1.9127381e-01  -1.2861626e-01   7.8967637e-02  -2.3370433e-02   2.1033956e-01  -1.7069590e-01  -3.5142220e-02  -3.0118594e-01  -1.0439070e-01  -1.8140903e-01   1.9676004e-01   3.0014364e-01   3.0168867e-01  -2.2455885e-01   2.0870383e-01   1.1825848e-01   2.5395512e-01  -4.5748678e-01   4.5624395e-01   1.3752051e-01  -2.0906346e-01  -1.0465099e-01   1.5630870e-01   2.5955304e-01  -7.6964649e-02   2.8126039e-01   3.3507806e-02   1.2946205e-01  -1.8928665e-01  -1.0223957e-01   9.9267083e-04   1.5130882e-01   9.4976097e-02   5.5279162e-01   2.3604344e-01   6.4352163e-02   3.0521710e-01  -1.3578224e-01  -3.7674685e-01   3.1090325e-01  -1.8745770e-01  -2.2555331e-01  -2.6088524e-02   1.1532603e-01  -1.9140837e-01   1.7082277e-01  -2.4083755e-01  -6.0520473e-02   2.0175292e-01   3.1742172e-02   3.3235024e-01   1.0170956e-01  -3.9046868e-01   4.0445135e-02   1.6244489e-01   9.2997546e-03  -6.0116174e-02  -1.6016083e-01  -2.3432279e-01  -3.1126544e-01  -3.3769701e-01   2.0295787e-01  -1.8775659e-01  -4.3299435e-01   3.3686685e-03  -4.1923455e-02  -1.8097892e-02   4.5901719e-01  -6.8363957e-02   2.9455777e-01   6.9907818e-01   2.0960655e-01   3.5301281e-01   6.2011366e-02  -2.1512619e-01   2.7123640e-01   1.6977658e-01  -8.6039218e-02   1.5476026e-01   4.7188082e-01   1.8855434e-01  -1.6222823e-01   1.0634661e-01  -3.0797927e-01   2.4756073e-01  -1.8077129e-01   5.9877241e-01   1.3923140e-01  -2.9227161e-01  -1.3474637e-01   1.1068022e-01  -1.8103485e-01  -2.1801155e-01   2.2518656e-01  -7.6828551e-02   3.5456855e-02   2.3813913e-01   2.5230777e-01  -3.9095747e-01   5.1207422e-02   2.4053031e-01  -6.6716580e-02   8.3684443e-02   3.3430944e-02   1.2376424e-01   6.5275965e-01   1.5365766e-01  -1.0634512e-01  -8.1094504e-02  -1.3659019e-01   3.1599608e-01   3.2410346e-01   2.8233527e-01   4.8126567e-01  -1.9475320e-01   5.1418208e-01   1.5995640e-01   2.9679938e-01  -3.1960557e-01   8.4450848e-02  -3.1336145e-01   4.3167262e-01  -4.5642644e-01  -2.0651501e-01  -2.1775963e-01  -1.0144782e-02  -2.7966646e-01   4.1764967e-01   1.6929568e-01   2.8847440e-01   5.3134057e-01   3.2697690e-01   6.8124662e-02  -2.0462691e-01   1.8371984e-01   3.7360936e-01  -2.7845508e-01  -2.5263024e-01  -1.1574073e-01  -2.2513337e-01   4.5254000e-01   1.9505944e-01   2.6134265e-02   7.8905530e-02  -6.5578814e-02
