   0.0000000e+00   1.6017656e-01   7.2634453e-02   1.7454169e-01   2.3540396e-01   2.5531613e-01  -1.8711116e-01   4.5028613e-01   4.0040862e-01  -4.4914253e-02   1.3803077e-01  -2.7660481e-01   2.2980765e-02   4.8219747e-01  -1.2494110e-01   1.2015605e-01   1.0823208e-01   1.7302544e-01   4.2652769e-01   1.0445423e-01   6.7775270e-02   3.2268762e-01   4.8946609e-02   6.2947898e-01   2.4703290e-01   3.5971917e-01  -1.6540030e-01   1.8244153e-01  -1.5968368e-01   1.0426396e-01   6.0808426e-02   3.6745256e-01   3.2605760e-01  -1.7983156e-02   3.2661074e-01   2.2002383e-01  -3.1052669e-01   6.5387139e-01   1.8332071e-01  -9.1516313e-03   2.2056581e-01   1.9895311e-01   1.2479341e-01   6.9341411e-02  -1.4619226e-01   4.4343670e-01   1.6964373e-01  -1.8609779e-02  -2.2697600e-01   1.9864013e-01   1.8479682e-01   4.5487207e-01  -1.4244857e-01   1.7571677e-01   2.2961844e-01   1.8888503e-01   3.3029351e-01   2.1232425e-01   3.8466161e-01   2.0344043e-01   3.9739205e-01  -1.1794763e-01   1.2177184e-01   1.5874468e-01   2.1250846e-02   1.8192800e-01   2.8245465e-01  -1.9195910e-01   8.9442159e-02   1.3256741e-01  -1.2697900e-01   4.8316496e-02   1.2966475e-01  -9.2102164e-03  -4.6644658e-02   2.9081646e-01   3.6115655e-01   2.2624864e-01   1.1441556e-01   2.7757057e-01   1.4329138e-01   1.0172295e-02   1.9029924e-02   3.8202792e-01   2.0448265e-01   1.5232665e-01   1.0181329e-01   3.6576687e-01   6.5814143e-02   5.6849391e-01   5.7706060e-02   3.3836814e-01   2.4738795e-01   4.6945559e-01   3.1362139e-01   1.0456648e-01  -1.9741237e-02   5.5714048e-01   5.2150516e-02  -2.1762266e-01  -8.2984155e-03   1.3397233e-01   2.5923727e-01   4.7005590e-01   9.3067890e-02   3.4793970e-01   3.5554447e-01   4.1289564e-01  -3.6285918e-01   6.3322600e-03   7.9162460e-03   1.4924740e-02   2.3490240e-01   6.5588027e-01   8.3490288e-02   7.0225643e-03   2.3131310e-01  -3.2385386e-02   2.0607379e-01   1.7185360e-01   4.7447541e-01   1.2697734e-01  -1.7325634e-01   7.0391388e-02   4.7109312e-01   2.0254156e-01   4.1371685e-02  -9.6394019e-04   1.4433923e-01   3.9583700e-02  -1.8642715e-01   7.9600373e-02   2.9066786e-01   8.4004221e-02   1.3099551e-01   4.9785845e-01   9.0735890e-02   1.4352083e-01   3.7900137e-01   4.3136034e-01   4.5634435e-01  -1.9409068e-01   2.0727849e-01   5.0072165e-02   5.3939589e-03   1.1771454e-02  -3.3596978e-01   1.7825089e-01   1.9887733e-01  -2.1192688e-01  -1.5258933e-01   1.6502413e-01   3.9993371e-01   5.1699514e-03   1.4400111e-01   5.5474777e-01   6.0538690e-01   3.8226272e-01   4.7679225e-01   7.0272897e-02  -1.1546917e-01   2.4677945e-01   9.3012992e-02   2.3684420e-01   2.7637266e-01  -1.4947909e-01  -2.0562033e-01   2.0167252e-01   7.0879193e-01   8.1401960e-02   1.3879565e-01  -4.4656686e-02   8.6894083e-02   1.8010173e-01  -1.0393460e-01  -3.1833912e-01   3.4833191e-01
   1.6017656e-01   0.0000000e+00   3.6795223e-01   9.7475455e-02   2.8411793e-01  -9.1391534e-02  -5.5171010e-02  -1.8418934e-01   5.2087067e-01   1.8020044e-01  -1.5981118e-01   2.6530223e-01  -8.8279591e-02  -1.0146501e-01   7.7790036e-02  -2.1042751e-01   4.5140707e-01  -1.0030767e-01  -1.2760860e-01   2.8023650e-01  -1.8174836e-01  -2.2937698e-01  -1.3769487e-01   1.0469779e-01   1.2998409e-01  -1.3642628e-01   2.2432403e-02  -1.0151187e-01  -2.1931167e-01  -2.1667682e-01   4.6523868e-01  -1.8833885e-01  -1.4651914e-01   1.4021483e-01   2.8300724e-01   1.7737537e-01   1.4840583e-01   3.2603880e-02  -2.0284836e-01   3.8299338e-01   1.0435386e-01  -1.1547763e-01   2.4208866e-01  -1.8174569e-01   1.9083193e-01  -3.1963861e-02  -2.4247412e-01   4.2517027e-02  -2.1168597e-02   3.9398637e-01  -2.1209418e-01  -5.4575971e-03   4.0097202e-01  -1.8330390e-02   7.1313258e-04  -8.9049981e-02  -4.6076844e-02  -1.9078446e-01   5.1273003e-02   1.4505571e-01   1.7093616e-01   1.2469162e-01   6.1879283e-01   6.0596258e-01   4.8083458e-01   1.2645705e-01  -8.1425439e-02   1.9125028e-02  -2.7018783e-01   1.9080047e-02   6.0557572e-01  -1.0187166e-01   2.8286723e-02   2.6054359e-01  -4.1208623e-02  -2.5716817e-01   6.7206801e-02  -1.7088720e-01   4.2553421e-01   9.4144381e-02  -4.0206579e-02  -4.7847706e-02   3.3179953e-01  -3.5898321e-02   3.5738514e-01  -3.2137955e-01   4.9778865e-01  -1.8155592e-01   2.2721064e-01   6.7743839e-02   5.6856246e-01   7.5477001e-02   2.4126775e-01  -1.5590285e-01  -1.1585223e-01   1.9290202e-01  -1.2536624e-01  -4.5853976e-02   2.6737734e-01   2.3262030e-01   6.7119724e-02   1.2609003e-01  -2.4262922e-01   1.9702843e-01  -2.9930881e-01  -1.7919400e-01   5.1328443e-02  -1.0629365e-01   3.1236022e-02  -2.5441131e-01   2.8964916e-01  -3.0344118e-01   5.4484764e-02  -1.1561599e-02   4.2274600e-02   5.5080771e-01  -9.2834140e-02   9.0881347e-02   4.4877598e-03  -1.3099750e-01  -1.6339979e-01   3.2489222e-01   3.8036613e-01   4.8091334e-01  -5.2314930e-02   1.2541815e-01   2.4440257e-01  -1.9845144e-02  -3.6684178e-01   1.1632116e-01  -2.6050245e-01   2.9890268e-01   4.8832511e-01   3.7538706e-01  -3.0282944e-01  -5.6446896e-02  -1.8471004e-01  -7.9207558e-02  -2.5043974e-01   2.7125811e-02   1.1899420e-01  -2.3871543e-02  -2.4333194e-01   1.9311574e-03   1.1490168e-01  -1.3740528e-01   1.9516124e-01   2.1677326e-02  -2.3706686e-01   1.8113145e-01   2.2220986e-01  -2.1317724e-02  -1.9565927e-01   5.2901591e-01   3.6665632e-01  -5.2922841e-02  -1.4825587e-02   2.1219456e-01   4.2498668e-02  -1.1549106e-02  -8.8590136e-02  -1.7901893e-01   3.4452066e-01  -3.9363203e-02   1.2366216e-02   4.2068061e-01   2.5958850e-01  -1.9750686e-01   5.2645396e-02   3.5844370e-01   4.0744848e-01  -1.6120612e-01   1.0424435e-01  -7.6197127e-02  -3.1732820e-02  -1.4579030e-01  -1.3570690e-01
   7.2634453e-02   3.6795223e-01   0.0000000e+00  -1.6205875e-01   4.8306246e-01   2.0069587e-01   2.5597722e-02  -3.1459075e-01   2.7189291e-02   4.3766328e-01  -3.4701704e-01   4.2450838e-01   1.5180182e-01  -1.4696909e-01  -1.4836278e-01  -6.6060441e-02   8.1226456e-01  -3.5418410e-01   2.6486351e-01   6.0816385e-01  -5.0148656e-01  -3.2966471e-01  -3.3349757e-01   1.8294231e-01   1.3495348e-01   4.3094139e-02   2.6685827e-01   2.8625425e-02  -9.7114971e-02  -2.9430815e-01  -1.6373118e-01  -2.4460252e-01   2.6319610e-02   3.2379471e-01  -7.0117315e-02   4.3768335e-01  -1.2253638e-01   3.1705244e-02   2.0203941e-03   8.0702799e-01   6.2229000e-02   1.6892859e-01   4.5883545e-01  -1.1401455e-01  -1.3473333e-01   2.8758975e-01  -1.6828187e-01  -7.4338780e-02  -4.0169136e-01   7.4152355e-01  -2.8278106e-01  -6.5157650e-02   2.6539360e-01   4.3576332e-01  -2.7073655e-02   5.8308470e-02   9.8195860e-02  -2.6387170e-01  -2.2030260e-01   1.3241533e-02   4.3358838e-01   2.8499774e-02  -5.4252949e-02   7.4072506e-04  -2.7022273e-01  -1.0889299e-01   1.9152289e-01  -2.5574165e-01  -2.1371205e-01   2.1156561e-01   4.7037294e-01  -3.2616258e-01   1.7059407e-02   5.0100511e-01  -7.1281135e-03  -3.6955060e-01   2.4458641e-01  -3.4233256e-01   4.6289024e-01   2.2508975e-01   2.7014293e-01  -3.6946801e-03   3.2017879e-01   1.0689708e-01   5.6561609e-01  -5.2143433e-01   1.9507784e-01  -4.0501663e-02  -1.4846899e-01   3.0636405e-01   2.7050943e-01   4.5363907e-01   5.5458590e-01  -1.9687180e-01   1.7244689e-03   5.4954739e-01  -8.0312603e-02   7.1890482e-04   4.5618496e-02   8.0834521e-02   1.4339272e-01   1.6191218e-01  -2.4540510e-01  -9.5640154e-02  -3.3725764e-01  -1.9114860e-01   3.7599360e-01  -1.6173444e-01   8.7825945e-02  -1.9902718e-01   6.5976550e-01  -3.1698404e-01  -2.6167234e-01   7.2301025e-02   2.2666975e-01   3.9037063e-01  -2.8822979e-01   3.2038536e-02   1.4514971e-01  -3.1122291e-01  -1.3365321e-01   4.9866733e-01   6.6713312e-02  -3.1923831e-01   8.8384139e-02   1.5797362e-01   1.4063711e-02  -1.4065660e-01  -4.5648255e-01   4.8797276e-01  -1.8135854e-01   3.4702461e-01   3.0953062e-01  -2.0978471e-01  -3.6435399e-01  -3.8576903e-01   2.1300115e-01  -4.0199684e-02  -3.9924786e-01   7.5337546e-02   1.7113374e-01   6.9336639e-02  -3.6334028e-01   3.5807056e-01  -8.5023317e-03  -2.9923279e-01   5.1090573e-01  -4.9528711e-01  -3.1388571e-01  -1.3624573e-01   5.1174233e-01   2.2381553e-02   7.5579851e-02   2.3371119e-01   7.3445697e-01   1.2225149e-01   3.3078227e-03  -8.4143498e-02   3.9715950e-01   8.9706316e-02  -2.9013805e-01  -5.3208672e-01   9.7541667e-02  -4.5151458e-01  -1.0907016e-01   4.2390791e-01   2.9941982e-01  -1.5591684e-02   1.1766698e-01   5.0482678e-01   7.9549724e-02   9.5383431e-03  -3.7752819e-01   3.0150993e-01   1.3843680e-01  -1.8569120e-01  -1.2697813e-01
   1.7454169e-01   9.7475455e-02  -1.6205875e-01   0.0000000e+00  -8.2156217e-02   3.0331496e-01  -3.2579001e-02   2.4418310e-01   3.5412586e-01  -9.7097232e-02   6.4120662e-02  -3.4591453e-01   5.4560249e-02   1.6585934e-01   4.8328524e-02   9.0217072e-02  -1.4976165e-01   1.3159062e-01   2.6580287e-01  -3.9203863e-02   2.7465974e-01   5.1674175e-01   1.8359476e-01   1.3545844e-01   3.9985776e-01   1.7218635e-01  -3.7190840e-01  -3.3375048e-02  -6.4276801e-02   2.8925497e-01   1.8602350e-01   2.9533226e-01   2.5120905e-01  -6.9312669e-02   1.3625197e-01  -8.2592224e-02   3.5435938e-02   1.0982520e-01   2.7519890e-02  -1.2529035e-01   2.5272622e-01   1.2277029e-01   2.5983733e-01   1.9238629e-01   1.8466508e-02  -3.7142434e-01  -6.5636407e-02   5.7952683e-02   1.4065055e-03  -1.6177297e-01   2.2981078e-01   2.5583632e-01  -1.2719177e-01   2.9045667e-01   2.7978178e-01   8.9533884e-02   3.3822139e-01   2.2297552e-01   3.3750414e-01   2.6642241e-01  -9.1335312e-02   1.3468404e-01   3.5135114e-01  -7.6647341e-02   2.2713273e-01   1.6213406e-01   1.7230683e-01   1.3385272e-01  -4.7291701e-03  -4.7870802e-02  -3.1395366e-01   6.3456223e-01   6.3508546e-02  -9.7615437e-02   7.4218602e-02   1.9186238e-01  -1.7596421e-01   2.8486647e-01  -2.7924687e-02   5.4961172e-01   1.2790236e-01  -2.2629260e-01  -1.5926347e-01   4.0871313e-01  -1.1580039e-01   7.9315714e-02   1.1705310e-01   1.6760295e-01   3.0581214e-01   6.1557786e-02   1.2223805e-02  -5.3508225e-02  -9.8469553e-02   3.9116195e-01  -1.1602781e-01  -1.8320836e-01   2.0460622e-01   2.8457687e-01   1.3936137e-01   4.3697899e-02   2.0372985e-02   1.8870696e-01   2.4566977e-01   1.8423189e-01   2.1329690e-01   3.8585154e-01   1.3359419e-01   3.6934791e-02  -1.1057537e-01   8.4103275e-03  -3.8548207e-02   2.2259105e-01   8.7853696e-01   7.5184475e-02   7.7744226e-02   4.9705349e-03   3.0370276e-01   2.5056484e-01   1.5107619e-01   7.6485652e-01   4.2053070e-02  -3.3574813e-02   1.3080548e-01   8.6639349e-02  -1.5091353e-01   1.1313482e-01   9.7555979e-02  -1.9285605e-01   3.9336818e-01  -1.3665720e-01  -2.2575911e-01  -1.0630932e-01  -6.7769734e-02   1.4790875e-01   4.1084096e-01   3.0289597e-01  -1.2536845e-03   7.1043337e-02   1.8973454e-01   1.5049464e-01   3.2381182e-01  -4.1465983e-02   2.2076755e-01   1.2891152e-01   1.9091986e-01   1.0997170e-01  -3.6708822e-01   7.2054705e-02   1.8583789e-01   1.3718117e-02  -2.2589813e-01   3.1540975e-01   8.3837254e-02  -7.1769934e-02  -8.5059260e-02   1.8787042e-01   2.1823177e-01   2.6603695e-01   4.5776322e-02   2.2660355e-01   4.9357004e-01   1.9038282e-01   4.1389362e-02   4.6780359e-01   7.4727003e-01   2.7094598e-02  -3.9025260e-03   3.2114404e-01   2.7169626e-01  -1.6303620e-01   1.7076092e-01  -7.6380861e-02   6.2087210e-01   1.9318156e-01  -1.4397671e-01  -5.4526545e-02   6.2373586e-01
   2.3540396e-01   2.8411793e-01   4.8306246e-01  -8.2156217e-02   0.0000000e+00  -1.7394272e-01  -5.4502215e-01  -2.8418446e-01   1.7511886e-01   4.7742189e-01  -3.8800136e-01   6.9336672e-02   5.4830480e-02  -2.5773270e-01  -3.6629439e-01  -1.3109809e-01   6.5129647e-01  -4.2304865e-01   2.1860792e-01   8.5776884e-01  -5.5875856e-01  -4.2995672e-01  -5.3748524e-01   2.9731938e-01   1.6176389e-01  -1.4608738e-01   2.0815211e-01  -3.5097935e-01   7.6753771e-03  -6.6175949e-01  -1.8103342e-01  -2.6665911e-01  -6.3453140e-02  -1.7499290e-01   7.9895123e-02   7.7948899e-01   1.2887160e-01   1.1228286e-01  -8.0236773e-02   4.9324729e-01   2.7090464e-01   1.1120022e-01   4.5353923e-01  -3.6667057e-01   3.6803738e-02   2.0682492e-02   2.4334806e-02  -4.9479083e-01  -4.5435517e-01   7.3594365e-01  -3.4982447e-01  -1.4257585e-01   7.9285512e-02   3.1872204e-01  -2.4206804e-01  -1.1743119e-01  -1.0032311e-01  -2.4153439e-01  -1.2444431e-01  -5.0376917e-02   4.4826528e-01   7.6702235e-05   1.9321715e-01   3.6280564e-02  -1.7728713e-02   1.4278548e-02  -8.9734292e-02  -2.9522426e-02  -3.2434488e-01  -3.3933706e-01   3.9524532e-01  -3.0347425e-01   1.3082977e-01   2.6960670e-01   1.8179839e-01  -2.5065053e-01   1.3661967e-01  -2.7042672e-01   8.2560141e-01   1.9161158e-01  -3.5095931e-01   4.6989256e-02   4.8895946e-01  -5.9770606e-02   2.8476159e-01  -2.9122063e-01  -1.4222149e-01  -9.7347503e-02   9.3612554e-02  -1.5254407e-02   6.8297939e-01   4.5529236e-01   5.9163502e-01  -6.8144158e-02  -3.0216594e-03   8.4886663e-01  -6.4477835e-02   2.9907288e-02   4.2365848e-01  -2.0491311e-01  -3.7630139e-01  -2.4093618e-02  -4.4089893e-01  -1.0054437e-01  -5.7845303e-01  -3.1112693e-01   3.8695959e-01  -1.8153800e-01  -4.4531175e-02  -3.2920304e-01   4.9428882e-01  -5.8034106e-01  -9.0151415e-03   2.0982567e-01  -4.1031016e-01   5.5409710e-01  -1.9520207e-01   1.4334728e-01  -2.6595250e-01  -3.0386702e-01   1.1060671e-02   8.2791244e-01   2.7453591e-01  -2.2926151e-01   3.2303122e-03  -3.8608350e-02   5.9216905e-02   4.5565991e-03  -4.5117372e-01  -2.8194465e-02  -7.6824915e-02   1.8593360e-01   1.8060627e-01  -2.1930831e-01  -2.1358196e-01  -3.0903759e-01   1.2770613e-01  -5.0737515e-01  -1.7866571e-01   2.0456260e-01   1.8679356e-01  -5.3426737e-02  -3.2525524e-01  -2.1959614e-01  -2.5076236e-01  -5.2376384e-01   8.6494647e-03   3.1460439e-02  -3.4630748e-01  -1.7576293e-01  -1.3007810e-01  -3.8335640e-01   2.8513685e-01   4.4805467e-01   4.6181931e-01   1.4282635e-01   1.0689229e-01   3.8827412e-02   5.7046802e-01  -3.9397046e-01  -4.4071305e-02  -3.8582625e-01   4.2135281e-01  -4.0204966e-01  -8.6771191e-02   4.9446138e-01  -2.5972155e-02  -1.7502632e-01   1.7687551e-01   6.3854508e-01   4.9708720e-01   2.2382546e-01  -1.5511383e-01  -6.0404816e-02   3.4866272e-01   1.4817621e-01  -1.8097280e-01
   2.5531613e-01  -9.1391534e-02   2.0069587e-01   3.0331496e-01  -1.7394272e-01   0.0000000e+00   5.5517836e-01   4.3715530e-01  -7.2555895e-02  -6.6457519e-02   3.7542710e-01   1.5034949e-01   6.7333880e-02   4.6596369e-01   4.6374423e-01   3.2467058e-01  -1.7828568e-01   4.8629031e-01   3.4025282e-01  -9.0155774e-02   4.8626818e-01   4.4248998e-01   5.3092890e-01   1.1237982e-01   2.4086623e-01   4.6579598e-01   1.8579976e-01   6.6078808e-01   8.4062435e-02   6.5724112e-01   1.3329167e-01   5.4678249e-01   5.9100081e-01   4.0659760e-01   8.8775024e-02   2.4283566e-02  -1.6224022e-01  -5.1525748e-02   2.0319582e-01   1.3094122e-01   3.3920395e-01   1.5096954e-01   1.2459124e-01   6.7638244e-01   3.7915621e-02   5.6514845e-03   2.3488936e-01   5.6429416e-01   1.1090543e-01  -1.9303052e-01   5.0249988e-01   3.8069146e-01  -9.4088311e-02   1.9309420e-01   2.8658070e-01   3.3271714e-01   6.9278714e-01   1.2885307e-01   3.3045835e-01   1.5854916e-01  -1.3469643e-01   3.0562209e-01  -2.4983578e-01  -2.6351772e-01  -7.5719915e-02   3.5271067e-01   8.6375604e-01  -2.2343660e-01   6.2855865e-01   5.8377357e-01  -2.4027722e-01   3.7970608e-01   3.0102371e-01   1.4162758e-01  -4.1277364e-01   4.6062484e-02  -1.6772922e-01   3.9714869e-01  -2.4375847e-01   4.0081731e-01   7.5714961e-01   1.3499592e-01  -4.1145394e-01   6.0922713e-01  -4.3042767e-03  -9.6903433e-02   1.0341146e-01   1.9361193e-01  -3.9024323e-02   5.1378845e-01  -3.8984445e-01  -1.4163156e-01   1.8289457e-02   3.2785443e-01  -3.4826108e-01  -2.0217385e-01   3.4559009e-01   5.2472680e-01  -3.8023264e-02   2.2075270e-01   3.4811809e-01   4.0133500e-01   4.7698505e-01   2.1811037e-01   5.6825422e-01   4.7914126e-01   1.7691081e-01   6.4004115e-01  -1.5273111e-02   4.8735564e-01   1.0980648e-02   5.5072422e-01   1.1700884e-01  -2.9611209e-02   5.9945211e-01  -1.9145125e-01   2.6580528e-01   2.0260439e-01   5.0952540e-01   3.5853361e-01   9.9916833e-03  -2.7602597e-01  -1.4449172e-01  -7.7680992e-02  -3.2787120e-02   3.9979111e-01   1.2831517e-01  -3.1520318e-01   3.8819640e-01   3.1887534e-01  -3.1124120e-01   2.6983465e-01   1.9817254e-01   2.9281087e-02   1.5951571e-01   2.4767031e-01   2.4295063e-01   6.0167318e-01   1.5832681e-01  -1.5849391e-01   2.2466286e-01  -4.3936972e-02   4.2431161e-01   6.4703917e-01   3.8458832e-01   5.4374355e-01   1.3369453e-01  -1.2014029e-01   5.4637762e-01   9.6531586e-02   1.5288637e-01   7.4545639e-01   1.3330419e-01  -2.9781381e-01   1.8260051e-01   9.7826945e-02   1.1059203e-01   3.1172196e-01  -5.4242413e-02   6.2142158e-01  -6.8809065e-02   1.7553517e-01  -1.1745746e-01   4.9442759e-01   3.5773182e-01  -9.9530783e-02   2.7880325e-01   4.3399097e-01   4.0328111e-01  -2.9433580e-01  -7.4774361e-02  -4.4708032e-01   1.8829498e-01   8.0905357e-01   5.7829639e-03  -4.1722848e-01   4.9340695e-01
  -1.8711116e-01  -5.5171010e-02   2.5597722e-02  -3.2579001e-02  -5.4502215e-01   5.5517836e-01   0.0000000e+00   2.2874239e-01  -2.8859626e-01  -1.5544643e-01   2.9548600e-01   6.0953371e-01  -1.6061897e-01   2.9768866e-01   6.7197777e-01   1.3671971e-01  -4.2446652e-01   4.2365756e-01  -1.5373098e-01  -3.8797540e-01   6.2172747e-01   1.8854833e-01   6.7892181e-01  -3.4942062e-01  -5.3233982e-02   1.6227990e-01   7.7939231e-02   5.7700194e-01  -3.0663577e-02   7.0231651e-01   2.1392381e-01   2.1070126e-01   1.5719291e-01   6.1102495e-01   8.1098759e-02  -3.2166304e-01   4.3706780e-02  -3.6737576e-01  -6.1531439e-04  -3.0511884e-02  -7.6437925e-02  -9.8169171e-02  -9.0132892e-02   5.1611322e-01   2.9583765e-01  -1.4301291e-01  -6.8325847e-04   8.2487429e-01   4.4411913e-01  -4.3047389e-01   4.4438571e-01   9.0419457e-02   9.3704206e-02  -1.9699508e-01   1.7234252e-01   2.3826086e-01   2.0707287e-01  -3.5141519e-02   2.0030820e-01   1.2021216e-01  -4.6125574e-01   4.9220850e-01  -3.2345617e-01  -1.5989825e-01   6.4333990e-02   2.5192462e-01   5.0067998e-01  -1.5691149e-01   4.0146214e-01   4.6571376e-01  -6.6336881e-02   2.8772986e-01  -3.3671083e-02   2.9647784e-01  -4.8444748e-01  -1.0760254e-01  -3.0695717e-01   1.9048146e-01  -4.3417069e-01  -2.7067999e-02   6.8276952e-01   1.0802538e-01  -4.3860233e-01   1.7833044e-01  -7.6704460e-02  -8.0910189e-02   3.5740905e-01  -1.1425295e-01  -1.9724113e-01   1.9919253e-01  -4.4124564e-01  -4.6318840e-01  -2.4908750e-01   1.6403546e-02  -4.0897442e-01  -5.7981481e-01   2.3731980e-01   2.0311821e-02  -1.3867425e-01   5.5082824e-01   3.6549243e-01   2.9118132e-01   3.6617988e-01   7.1668982e-02   6.2700730e-01   2.1239123e-01  -2.5808297e-01   3.1107494e-01   3.1859184e-01   5.5090859e-01  -4.5760137e-02   5.8280361e-01  -1.1767516e-01  -4.1204778e-01   6.3607954e-01  -1.5220334e-01   9.3821932e-03  -6.3422641e-02   2.8135769e-01   1.7733322e-01  -1.5792598e-01  -5.6868593e-01   4.7465537e-03   1.8306429e-01  -2.3909502e-01   4.2653731e-01   3.0626752e-01  -1.2181758e-01   2.4909059e-01   2.1974224e-01  -1.8535387e-01   2.3952655e-01   2.6637989e-01   9.0437524e-02   5.8783472e-02   7.9048667e-02  -9.3230555e-02   6.2475510e-01   2.3652687e-02  -4.5107455e-01  -2.2229933e-01  -3.4914307e-02   2.1966055e-01   4.5342811e-01   4.6125175e-01   6.2813782e-01   5.2723248e-01  -9.3887131e-02   5.0615467e-01   3.5925213e-01   3.4957158e-01   5.7206330e-01  -1.3588202e-01  -2.3718842e-01  -1.6010076e-01  -3.7809354e-01  -2.7024730e-01   2.2789773e-01  -5.2190155e-01   5.3939341e-01  -4.3359724e-02   1.8746234e-02  -3.0143802e-01   4.0987110e-01  -3.8942111e-02  -6.1006550e-03   4.5757754e-01   2.0896062e-01  -1.8343086e-02  -4.5521815e-01  -5.4160221e-02  -5.9131800e-01   6.1461301e-02   3.8370184e-01  -9.6068783e-02  -4.3176534e-01   1.1826381e-01
   4.5028613e-01  -1.8418934e-01  -3.1459075e-01   2.4418310e-01  -2.8418446e-01   4.3715530e-01   2.2874239e-01   0.0000000e+00   1.1720655e-01  -3.4310238e-01   4.1193922e-01  -1.9844045e-01  -1.5918370e-02   5.8297839e-01   4.0836821e-01   2.1335889e-01  -4.5808508e-01   5.4837665e-01   1.4528324e-01  -3.6616537e-01   4.9163002e-01   6.3003712e-01   5.1325158e-01   1.5283111e-01   7.4054752e-03   5.2752391e-01  -1.1688902e-01   4.1848717e-01   8.4397119e-02   5.9857446e-01   2.6940706e-01   6.3912410e-01   3.0534073e-01   6.2042669e-02   3.2711119e-01  -1.4993868e-01  -1.9944882e-01   2.3589942e-01   2.1557616e-01  -3.9652958e-01   9.2292105e-02  -3.1251052e-02  -1.8372338e-01   4.8281894e-01   1.4647524e-01   1.2807752e-01   3.9787208e-01   3.0855436e-01   2.3719614e-01  -4.3524281e-01   4.8600518e-01   5.6759571e-01  -3.0213513e-01  -8.0220399e-02   1.5041589e-01   2.2609806e-01   3.2779792e-01   4.4021841e-01   5.1066796e-01   1.7284585e-01  -2.1214818e-01   1.5191454e-02  -8.3746500e-02  -7.8566358e-02   1.1107567e-01   2.7414073e-01   5.1779149e-01   1.3686412e-02   4.9788022e-01   1.8974829e-01  -4.8324471e-01   3.7107407e-01   1.2455167e-01  -1.5522441e-01  -1.6402597e-01   5.1395652e-01  -1.2857853e-01   5.4477794e-01  -3.4330205e-01   1.5469654e-01   2.5561569e-01   1.4498709e-01  -4.1179629e-01   6.0348760e-01  -3.5044216e-01   4.7480130e-01  -4.1394007e-02   2.6709654e-01   3.0957184e-02   2.5977466e-01  -3.7337714e-01  -2.1466691e-01  -8.8490910e-02   4.4591843e-01  -3.4173097e-02  -4.0746630e-01   2.2096492e-01   4.8796603e-01  -5.2375350e-02  -1.1015128e-01  -1.4817113e-02   2.6979155e-01   5.1020207e-01   3.2111229e-01   5.7088166e-01   4.8140498e-01  -4.7701064e-02   7.2115935e-01  -3.7108750e-01   2.8807934e-01  -3.3282777e-01   5.2680291e-01   2.5298547e-01   1.9902083e-01   1.7266327e-01  -3.0108971e-01   4.1928243e-01  -4.8462701e-02   1.8359110e-01   3.8484136e-01   3.0413131e-01  -3.2510295e-01  -1.7826306e-01   1.8717039e-01   1.1325043e-01   3.3187597e-01   1.5916961e-01  -7.5990897e-02   6.1213412e-01  -1.8060224e-01   1.4211833e-02  -1.0213032e-02   1.2492316e-01   1.0004736e-01   4.0361445e-01   7.1736185e-01   8.8514238e-02   3.3486836e-01   6.7858505e-01   1.0011413e-01   1.6356163e-01  -8.3363080e-02   6.3439585e-01   8.8639378e-02   2.7197598e-01   4.8429530e-01  -3.4461529e-01   2.1580169e-01   5.6120596e-01  -8.3122416e-02  -3.1179908e-01   3.9200425e-01   1.4123514e-01  -1.5571359e-01  -3.7033046e-01   1.9020520e-01   3.0863578e-01   4.0082995e-01  -7.0909159e-02   2.9546265e-01   1.5802105e-01   5.3244057e-01  -2.8766020e-01   5.9679515e-01   3.9359050e-01  -3.3524299e-01  -4.0098661e-02   3.8188587e-01   2.8744972e-01  -4.5208604e-01  -2.7198367e-02  -2.3619539e-01   3.7861575e-01   2.5255006e-01  -2.2986270e-02  -2.5935360e-01   5.5107412e-01
   4.0040862e-01   5.2087067e-01   2.7189291e-02   3.5412586e-01   1.7511886e-01  -7.2555895e-02  -2.8859626e-01   1.1720655e-01   0.0000000e+00   1.7355095e-01   2.7683126e-02  -2.3733989e-01   1.1413393e-01   2.2411189e-01  -1.0900901e-01  -4.0373092e-02   1.3697058e-01   1.5404593e-01   2.2858140e-01   1.6942872e-01   1.6234381e-02   1.4974664e-01  -8.8510984e-02   1.6745613e-01   3.1697617e-01   3.1641801e-02  -2.6154633e-01  -8.2479931e-02  -1.6499110e-01  -2.6664224e-02   3.5138803e-01  -2.0854723e-02   3.8987998e-02  -2.7500711e-02   4.0548711e-01   2.6283726e-01  -8.4163217e-02   3.3493202e-01   1.2405419e-01  -5.8425421e-02   2.8999543e-01   1.9609894e-01   2.3561392e-01  -1.1826308e-02   1.0925182e-02   4.9883422e-03   1.3829995e-01  -7.6241221e-02  -2.6714115e-02   1.7132047e-01   1.1549196e-01   6.4046322e-02   1.2673807e-01   2.1509635e-01   1.3055676e-01   1.3887478e-01   1.2907420e-01   1.0890110e-01   5.0663636e-01   3.4732353e-01   1.1587325e-01   1.0991507e-03   6.8808248e-01   4.1664498e-01   3.7920041e-01   3.1388591e-01  -1.4084956e-02  -1.2561714e-02  -1.1434213e-01  -1.0267954e-01   6.8222503e-02   2.8045778e-02   1.1305846e-01  -1.5750254e-01   1.9951804e-02   1.3323256e-01   2.1864764e-01   1.6768861e-01   2.4405436e-01   3.8817084e-01  -9.7715357e-02  -2.3624913e-01   1.7127818e-01   2.3674894e-01   1.0563187e-01   1.5350627e-02   2.8121577e-01  -1.5566699e-02   5.1372868e-01   1.3839995e-01   3.3722341e-01   1.7392052e-01   2.2477988e-01   1.8588321e-01   1.8045767e-01   8.0426117e-02   1.0368930e-01   1.3509451e-01   1.1062081e-01   6.9863915e-02  -6.5605023e-03   4.6928709e-02  -1.1921789e-02   2.9603930e-01  -1.3114153e-01   6.6145284e-02   2.4463748e-01   5.4811411e-02  -1.5940326e-01  -1.6205790e-01   9.3216766e-02  -1.4002162e-01   4.7992525e-01   3.1536947e-01  -9.6015312e-03   2.2235827e-01   1.2070755e-01   3.4772904e-02  -5.6994099e-03   1.1008635e-01   8.9742330e-02   1.3634118e-01   2.1130674e-01   3.6609157e-01   9.8755388e-02   6.7276686e-02   2.0530268e-01   7.3334216e-03   4.1713666e-03  -1.1308418e-01  -5.7548429e-02   7.6878622e-02   3.3275894e-01   3.2743094e-01   7.2944144e-02   4.0203718e-01  -8.3241842e-03  -7.3678057e-02   3.2507712e-02   3.8531986e-01   3.3603201e-01  -9.3104367e-02   9.2048400e-02  -8.5058597e-02   9.3925369e-02  -3.3454674e-02  -3.1343821e-01   1.7148971e-01   6.3597320e-02   5.3081505e-02  -1.1994909e-01   7.6890215e-02  -3.8854784e-02   2.0994300e-01   6.9803293e-03   2.4091322e-01   3.4186153e-01   3.2094298e-01   2.9381543e-01  -1.4754272e-02   2.6099230e-01   2.2797118e-01   2.0948128e-01   2.1773388e-01   2.6801546e-01   1.1853464e-01  -6.0255936e-02   2.9417566e-02   1.4970128e-01   1.8217854e-01   2.6691811e-01   1.4132207e-01   2.2227804e-01   6.2862642e-02   1.2629544e-02   5.9072277e-02   3.1787213e-01
  -4.4914253e-02   1.8020044e-01   4.3766328e-01  -9.7097232e-02   4.7742189e-01  -6.6457519e-02  -1.5544643e-01  -3.4310238e-01   1.7355095e-01   0.0000000e+00  -2.4563227e-01   1.4395695e-01   4.4443977e-01  -3.1461730e-01  -2.6709544e-01   2.7337369e-01   5.0786581e-01  -2.8600151e-01   1.6407104e-01   5.9289785e-01  -2.3211748e-01  -4.6968137e-01  -2.0623894e-01  -1.9344940e-02  -1.5262945e-01  -2.3449719e-01   2.1247842e-01  -2.2360653e-01  -1.5626224e-01  -4.7799106e-01   2.4370782e-02  -3.6596284e-01  -4.6900496e-02   3.7112381e-01  -4.4237820e-02   4.7047712e-01   1.2224522e-01  -1.9000583e-01   2.1650952e-01   6.0674305e-01   2.3278317e-01   1.1336325e-01   2.0054517e-01  -5.2496732e-02  -1.4074068e-01  -3.4681678e-02   1.0449835e-01  -1.3125326e-01  -7.6684697e-02   4.5421819e-01  -1.3436112e-01  -2.2618439e-01   3.5276494e-01   2.9458059e-01   2.3702697e-02   1.1119918e-01  -1.4009683e-01  -3.2528605e-01  -1.1101916e-01  -3.6485298e-02   2.3559401e-01   1.0402849e-01  -1.0084620e-02   1.3231385e-01  -1.9558893e-01   2.9333043e-01   6.6434552e-02  -6.8166750e-02  -1.9482276e-01  -3.1620846e-02   3.3742257e-01  -1.2221263e-01   2.4485964e-01   2.9625272e-01   1.9959130e-01  -2.7578295e-01   5.2646148e-02  -1.2813000e-01   2.5449640e-01   8.0377323e-02  -2.3163572e-02  -1.8967180e-01   4.5884972e-01  -6.7122379e-02   4.0955390e-01  -3.2830126e-01   1.0356759e-01  -2.2894605e-01   1.8310502e-01   3.9983124e-02   3.1514996e-01   2.8790150e-01   6.3374389e-01  -1.1329300e-01  -1.6132536e-01   6.0995037e-01   1.1062047e-01  -1.2395910e-01   5.0910461e-02   3.1127226e-01   2.5576084e-02   3.0196705e-02  -3.0990759e-01  -1.6071735e-01  -4.5166202e-01  -2.2576217e-01   3.2240665e-01  -2.9157405e-01   3.7367432e-01   2.5745550e-02   6.4916181e-01  -3.9208688e-01  -3.7280629e-02  -3.9466413e-02  -1.3507328e-02   3.2804648e-01  -1.6282890e-01   3.6106578e-02   7.2295594e-02  -1.8320806e-01  -2.2176413e-01   4.6571854e-01   1.9588621e-01  -2.4515226e-01  -1.1388483e-01  -9.3209096e-02   4.5535137e-02   9.9465369e-02  -4.8142512e-01   3.5579351e-01   2.2434118e-01   1.7502591e-01   2.0720846e-01   1.2789607e-01  -2.7239211e-01  -2.1465863e-01   1.9023257e-01  -2.5877873e-01  -3.3267793e-01  -9.8502827e-02  -7.4788867e-02   2.7749794e-01  -3.4690782e-01   1.5978352e-01  -1.1385582e-01  -2.2875030e-01   3.2312133e-01  -1.4146927e-02  -8.8535020e-02   6.4065292e-02   2.8612672e-01  -1.9145851e-01   5.6238156e-02   2.5554952e-01   4.8717282e-01  -1.3171173e-01  -1.6884973e-01   1.0533362e-02   3.0844512e-01  -1.1981588e-01  -7.0767543e-02  -3.3749853e-01   5.5797683e-01  -3.3597575e-01  -1.4698777e-01   3.1616091e-01   2.3333431e-01  -1.0894590e-01  -4.1496664e-02   6.0262813e-01   8.6392614e-02   1.0353324e-01  -2.9524886e-01   3.8286207e-02   1.0253630e-01   8.5668028e-02  -2.6400910e-01
   1.3803077e-01  -1.5981118e-01  -3.4701704e-01   6.4120662e-02  -3.8800136e-01   3.7542710e-01   2.9548600e-01   4.1193922e-01   2.7683126e-02  -2.4563227e-01   0.0000000e+00  -1.7957163e-01  -6.0294386e-02   2.6054314e-01   4.3003909e-01   3.0158156e-01  -5.2214113e-01   7.8847112e-01   4.9931902e-02  -3.5710655e-01   6.7515411e-01   4.4658567e-01   6.0532592e-01   9.4107320e-03   4.9829366e-02  -7.5547032e-03  -6.3624565e-02   2.9038067e-01   1.6874062e-01   5.0678075e-01   2.4541439e-01   4.1264777e-01   2.9408457e-01   1.4815056e-01   2.6308050e-01  -1.3622901e-02  -2.8598096e-01   4.9661660e-02   1.5751627e-01  -4.4964228e-01   3.1706369e-01   3.1697729e-03  -3.4471823e-01   5.9858260e-01  -3.4283166e-02   1.2799374e-01   4.9125463e-01   3.3538836e-01   3.0801438e-01  -5.2659983e-01   6.4098578e-01   2.1310483e-01  -1.5308717e-01  -2.3917291e-01   1.0815435e-01   4.6642797e-01   2.5253724e-01   2.1591017e-01   3.2181229e-01   8.0910350e-02  -1.3927780e-01   1.1446893e-01  -5.0791518e-04   1.7801875e-01   1.3838666e-01   4.9756002e-01   3.0492618e-01   9.0586740e-04   7.3335279e-01   3.7844841e-01  -4.7372936e-01   3.4986858e-01   2.9007142e-01  -2.8037523e-01  -1.8506577e-01   3.0512211e-01  -1.6508131e-02   5.5038377e-01  -4.2695736e-01   1.1343704e-01   2.2681493e-01   2.7158043e-01  -3.2998018e-01   5.9958429e-02  -2.9275516e-01   2.5337482e-01  -4.0656148e-02   9.3674780e-02  -6.4866830e-02   2.4577815e-01  -4.1458157e-01  -2.5313948e-01  -7.7699017e-02   1.0556492e-01  -5.9689470e-03  -4.5675859e-01   2.8485242e-01   2.9991467e-01   6.3890840e-02  -2.3341979e-02   2.9418983e-01   2.2106983e-01   4.4800958e-01   2.9031260e-01   5.5418059e-01   4.9978999e-01  -2.0089466e-01   6.0100878e-01  -1.8365787e-01   5.2196808e-01  -2.5201839e-01   4.8773646e-01  -3.1723669e-02  -6.0718247e-02   4.0960678e-01  -3.8901365e-01   5.2388338e-01   2.9601734e-01   3.2953830e-01   1.4517591e-01   3.3682802e-03  -3.8269425e-01  -3.3938163e-01   3.3489649e-01   7.6983053e-03   2.7877085e-01   1.2724212e-01   7.2380935e-02   4.2894803e-01   8.6764097e-02   1.0499498e-01   1.8929952e-01  -2.0438084e-02   3.8037079e-01   7.9473151e-02   4.7334501e-01   8.6802138e-02   3.3007803e-01   3.2810432e-01  -1.5645612e-01  -2.0398512e-01  -1.5039491e-01   5.9616253e-01   2.8970427e-01   2.5750950e-01   4.8750348e-01  -2.3552928e-01   3.4610984e-01   6.3140791e-01   3.7794169e-02   2.5426000e-03   3.8362682e-01  -1.4209975e-01  -1.5462038e-01  -3.2047899e-01   5.3598796e-02  -4.8697180e-02   3.2485454e-01  -2.5721164e-01   2.2408379e-01  -1.6225823e-01   6.1611646e-01  -4.4434039e-02   6.4038845e-01   1.0433005e-01  -4.4311156e-01   1.1337103e-01  -1.5374309e-02   6.9093885e-03  -3.6497398e-01  -1.5130598e-01  -1.4512001e-01   3.5961232e-01   2.3412022e-01  -3.2752525e-01  -2.4375630e-01   1.8584759e-01
  -2.7660481e-01   2.6530223e-01   4.2450838e-01  -3.4591453e-01   6.9336672e-02   1.5034949e-01   6.0953371e-01  -1.9844045e-01  -2.3733989e-01   1.4395695e-01  -1.7957163e-01   0.0000000e+00  -2.0390441e-01  -1.6807909e-02   4.3739911e-01  -2.2228550e-01   9.7664515e-02  -7.9016480e-02  -2.5087384e-01   2.0446715e-01  -7.4461370e-05  -3.0917754e-01   1.4238633e-01  -3.5168604e-01  -7.7663409e-02  -6.2468134e-02   2.6737047e-01   1.9091467e-01  -1.8692526e-02   7.1900160e-02   2.3234026e-02  -1.9481533e-01  -1.2272267e-01   4.7829919e-01   8.1352823e-02   1.1209567e-01   2.8120973e-01  -4.3812527e-01  -2.9952685e-01   3.5022919e-01  -2.1767307e-01  -1.5974163e-01   2.2836034e-01  -2.7625680e-02   5.5529476e-01  -9.9201045e-02  -1.1958518e-01   4.3733485e-01   1.3012453e-01   1.3531848e-01   1.6420758e-02  -1.9543720e-01   1.9752768e-01  -1.6923677e-01  -1.8622272e-01  -1.3590240e-01  -8.1405367e-02  -2.6533383e-01  -1.0091572e-01   2.3194223e-02  -1.8258488e-01   3.8847670e-01  -1.7909376e-01  -1.4136597e-01   5.9139630e-02   6.4670097e-02   1.7779378e-01  -8.7019908e-02   1.0270178e-03   4.8494810e-02   5.1014041e-01  -7.1327911e-02  -1.7266929e-01   5.9616962e-01  -3.4362394e-01  -3.0023554e-01  -1.9845997e-01  -3.1737005e-01   2.4084917e-01  -1.6290917e-01   2.4464437e-01   7.3039839e-02  -1.4787916e-01  -8.7847802e-02   3.8137073e-02  -3.2516706e-01   2.8770341e-01  -3.4144082e-01  -2.4421237e-01  -6.8060593e-02   1.0634268e-01  -2.8122814e-01   1.8426277e-02  -2.3155769e-01  -3.5263507e-01   3.7376781e-02   6.9679276e-02  -2.5225357e-01   1.9650253e-01   4.2135133e-01  -5.6097349e-02   1.7811111e-01  -1.6373012e-01  -6.2836949e-02   8.7361696e-02  -2.5862191e-01  -2.0406089e-01  -1.8312680e-02   3.6994780e-01   8.9051885e-02   2.0603950e-01  -1.4582095e-02  -3.7874700e-01  -4.2535162e-01   1.3231134e-01   3.4581504e-01  -3.7361905e-01  -1.6525910e-01  -1.6862313e-01  -2.6041303e-01  -2.1095560e-01  -1.5996029e-02   3.7255383e-01   5.9374366e-02  -3.1965412e-01   3.6288348e-01   4.1817312e-01  -2.6909753e-02  -2.2861480e-01   6.5670932e-02  -2.3664885e-01   4.8360397e-01   4.4605167e-01  -1.7039701e-01  -2.0235755e-01  -3.9651650e-01  -1.0550338e-01   1.0397995e-01  -2.7146727e-01  -3.6749239e-01  -2.2018119e-01  -3.4003863e-02  -1.7043963e-01   4.1813171e-02   2.0379977e-01   7.3868693e-02   7.9358900e-01  -2.4585080e-01   3.1690555e-02   1.7269218e-01   3.0474004e-01   5.4144711e-02  -6.5404208e-02   1.8567476e-01   7.3889076e-02  -4.7329784e-01  -3.0403478e-01   3.5336224e-02  -2.9437494e-01   8.2828498e-02  -1.2737607e-01  -4.6347521e-01  -1.9950334e-01  -1.5166217e-01  -3.1749887e-01   5.0629418e-01   4.1451734e-01   3.0549506e-02  -1.7877921e-01  -4.3364488e-02   3.0725499e-01  -3.5101009e-01  -1.3250908e-01   1.3020323e-01   2.2360751e-01  -1.5197522e-01  -2.2271229e-01
   2.2980765e-02  -8.8279591e-02   1.5180182e-01   5.4560249e-02   5.4830480e-02   6.7333880e-02  -1.6061897e-01  -1.5918370e-02   1.1413393e-01   4.4443977e-01  -6.0294386e-02  -2.0390441e-01   0.0000000e+00  -2.3406872e-01  -9.1921844e-02   3.5865740e-01   2.1145524e-01  -1.5377848e-01   2.1529369e-01   1.8713826e-01  -1.1505011e-01  -1.9947976e-02  -4.0484778e-02   1.4444320e-01   9.2351851e-03   1.8931942e-01   4.7743668e-02  -6.0730989e-02  -1.7005794e-01  -1.6665053e-01  -3.6760381e-02  -1.6555575e-01  -1.6103834e-01   1.4809361e-01  -2.0530727e-02   3.8991382e-04  -1.1360736e-01   5.7895312e-03   4.5011206e-01   1.5025726e-01   1.6564583e-01   1.4434835e-01  -1.0352181e-01   8.9022560e-02  -2.5199142e-01   6.2339576e-02   2.1902497e-01  -1.3467999e-01   8.6514553e-02   1.3780522e-01  -1.3168090e-01   1.6673181e-01   1.2685506e-01   2.4879825e-01  -5.7452961e-02   1.0835705e-01   3.6581549e-02   1.0553307e-01   1.4334672e-02   2.4003163e-01   7.3217017e-02  -5.1387475e-02  -3.4550105e-03  -6.6053827e-02  -2.2605900e-01   8.4572109e-02   1.0309353e-01  -8.2751826e-02   2.5461164e-02   4.1361516e-02  -1.0525049e-01   3.8321129e-02   2.0302055e-01   1.4429251e-01   6.9142890e-02   4.6706668e-02   5.8620781e-02   1.1644841e-01  -4.2776689e-02   2.5859165e-01   6.8302711e-02  -4.0294671e-01   4.5675056e-02   1.5835548e-01   7.1027548e-02   7.6255786e-02  -7.0003116e-02   1.9630991e-01   5.0000891e-02   3.8758025e-02   8.2671616e-02   3.4961196e-02   2.4554253e-01   1.0710422e-01  -5.9826255e-02   2.8714169e-01   1.2558636e-01   2.2393803e-01  -2.7339168e-01  -6.7422951e-02  -4.6063537e-02   1.6769816e-01  -1.6255929e-01  -2.6116163e-01  -2.0190969e-01  -3.4233133e-02   1.5680477e-01   3.5563349e-02   1.6306256e-03  -1.2453675e-01   1.6757802e-01  -1.1882272e-01   4.1796331e-02   1.6891951e-03   3.6390959e-02   8.9231186e-02   3.0052829e-02   2.5025266e-02   6.8400644e-02  -1.0210599e-02  -2.3895797e-01   1.4528906e-01   6.9190491e-02  -2.0522946e-01   3.6885212e-02  -8.1975563e-02   5.1707552e-02  -2.1579417e-01  -2.3071084e-01   1.1206227e-01   3.0160272e-01  -5.8367726e-02  -1.8169934e-01   4.0475255e-02  -2.0738795e-01   5.0941307e-02   2.5331649e-01  -1.4838592e-01   4.3352942e-02  -2.5690679e-02   1.1646550e-01   7.1821410e-01   8.2256413e-02   1.9394467e-01   1.6363610e-01  -5.0258378e-02   1.0129546e-01   1.6207532e-02   2.2090154e-02  -1.9856434e-01   6.5717314e-02  -1.4049864e-01  -1.5428270e-01   4.8288510e-02   1.6936173e-01   1.9168444e-01  -6.3478646e-02   1.0034705e-01   1.0143780e-01   2.0773532e-03   5.5373098e-02   1.5321696e-01   1.6442160e-01  -8.4263013e-02   1.1218450e-01   6.6175229e-02   2.2192067e-01   4.5347482e-02  -1.8324212e-02   1.8270288e-01  -1.0898003e-01  -5.9878967e-03  -1.6059452e-01   1.8315132e-01  -7.3006605e-02  -6.7933354e-02   5.0948629e-02
   4.8219747e-01  -1.0146501e-01  -1.4696909e-01   1.6585934e-01  -2.5773270e-01   4.6596369e-01   2.9768866e-01   5.8297839e-01   2.2411189e-01  -3.1461730e-01   2.6054314e-01  -1.6807909e-02  -2.3406872e-01   0.0000000e+00   2.4988189e-01   1.4021317e-01  -3.5194772e-01   4.8495314e-01   1.5180269e-01  -3.3550108e-01   3.8430165e-01   4.6719373e-01   3.9007380e-01   1.3915765e-01  -8.9236482e-02   3.5474965e-01  -1.4916600e-01   5.9960700e-01   9.9214876e-02   6.2103810e-01   1.8859850e-01   4.8880290e-01   5.1062670e-01   1.1173621e-01   3.4840556e-01  -6.1347227e-02  -3.2790853e-01   2.8415075e-01   8.4513101e-02  -2.4374272e-01   9.5706532e-02   2.0229216e-01   2.1233248e-02   3.9495746e-01   6.3197614e-02   2.3028530e-01   3.1701471e-01   4.1088103e-01   6.7463588e-02  -2.6987408e-01   5.2803637e-01   2.6669134e-01  -2.9302055e-01   7.8627894e-03   3.8145328e-01   2.3650185e-01   5.2804926e-01   1.8656004e-01   4.5603683e-01   2.3164852e-01  -1.3611374e-02  -1.8163876e-02  -1.1067639e-01  -1.5254675e-01  -3.4540885e-03   2.6372374e-01   5.3547561e-01  -9.5377139e-03   4.3909451e-01   2.9530533e-01  -3.3736874e-01   2.1029959e-01   6.7852252e-02  -1.0575686e-01  -2.2786249e-01   3.7528891e-01   1.0222707e-01   2.8588771e-01  -2.8083368e-01   2.7683208e-02   3.7957724e-01   2.2054845e-01  -4.2155916e-01   3.9292676e-01  -1.1226680e-01   2.0850256e-01   1.3352164e-01   3.8377085e-01   9.6199052e-02   3.5694321e-01  -4.2749485e-01  -9.3538035e-03  -1.9541543e-01   5.2805855e-01   1.0161463e-01  -3.8775663e-01   1.4857699e-01   2.6858252e-01  -6.0469387e-03   8.5648263e-02   1.6267744e-01   9.3456608e-02   4.8401758e-01   6.5178113e-01   5.2358135e-01   4.7862742e-01   1.3877695e-01   5.3388637e-01  -2.0003824e-01   2.7012479e-01  -2.8004655e-01   4.9458736e-01   1.6152058e-01   3.4467338e-01   3.3373464e-01  -3.4415783e-01   2.2894448e-01  -1.6377253e-01   2.2661191e-01   2.8648803e-01   5.2216439e-01  -3.7786245e-01  -1.7561013e-01   6.8868018e-02   1.4721711e-01   4.8782251e-01   3.7149340e-03   1.2394506e-01   5.8089798e-01   6.6169147e-03  -2.2459643e-01   6.2639295e-02   3.8710527e-01  -3.3236854e-02   5.1593672e-01   4.5646092e-01  -3.5452045e-02   4.7707463e-01   3.2206591e-01   2.5606144e-01   3.9494103e-01  -2.7982593e-01   3.8825189e-01   1.6579351e-01   2.1004461e-02   4.0821016e-01  -2.5426995e-01  -8.6560821e-04   4.9107351e-01  -8.4364867e-02  -1.1080935e-01   5.4918429e-01   3.1866254e-01  -3.2746759e-01  -1.8723032e-01   2.4634983e-01   5.3157158e-01   2.1220779e-01   1.0882573e-01   3.9995003e-01   6.8712968e-02   2.9357203e-01  -3.7918891e-01   4.8826576e-01   2.1111092e-01  -2.6602673e-01  -1.8393034e-01   3.6335677e-01   3.4669044e-01  -4.2149855e-01  -2.9714382e-02  -1.9693968e-02   1.7792500e-01   4.1328529e-01   8.2164063e-02  -1.4343627e-01   6.3631878e-01
