   0.0000000e+00   1.7416795e-01   4.1623589e-01  -3.8097843e-01   1.1830454e-01  -9.6822288e-02  -3.1593858e-02   3.1289362e-01   4.1095189e-05  -1.4567947e-01  -3.1589712e-01   2.0240422e-01  -1.8463522e-01   1.7008015e-01   5.6375699e-02  -3.9181727e-01   3.0235230e-01  -9.0222282e-02   1.1455787e-01   1.9485933e-01  -1.1079219e-01  -2.1649684e-01  -1.2360314e-01   5.8002003e-01  -9.0504216e-02   3.1437381e-01   2.5349411e-02   1.5704371e-01  -2.7619589e-01   7.0165465e-02   1.8129622e-01  -2.4411285e-01   1.3340252e-02  -8.7839273e-02  -7.8621586e-02  -2.3036366e-01   2.9048386e-01   5.9059836e-01  -3.7229573e-01  -3.6940564e-02  -2.6872373e-01   2.3579136e-01   2.6702533e-01   3.0202451e-01   2.7537660e-01   6.5176797e-01  -3.1836477e-01   1.9041409e-01  -2.3488189e-01   5.8374060e-02  -2.0027063e-01   2.8710926e-01   3.1281101e-02  -2.2338968e-02   4.0820516e-01   5.5643122e-02  -9.6299752e-02  -1.8605587e-01  -3.5018822e-01   1.1147108e-02   5.1285862e-01  -1.1639006e-01   1.4388862e-01   9.9633716e-02   2.6664680e-01  -2.9181385e-02   7.3362781e-02  -4.6850178e-03  -1.7893603e-01   5.4229601e-01   6.1483772e-03  -2.1778998e-01  -1.8103579e-01   3.7745044e-01  -4.0279386e-01  -5.6145466e-02   5.3028358e-01   2.5628603e-01   2.1008949e-01  -5.0616358e-01  -1.9939661e-01  -1.6683725e-01   1.2670526e-01   1.3049749e-01   6.4921375e-01  -9.1052358e-02   1.9726670e-01   4.6304934e-01   1.6526818e-01   8.4777458e-01   2.8676078e-01   5.2052298e-01   3.7236432e-02  -1.6002063e-02   4.9730680e-01  -2.8781956e-01  -2.8528363e-01   3.2254386e-01   3.0021568e-02   1.3405546e-01   4.1428218e-01   9.6509216e-02   8.5560091e-03  -1.7588995e-02  -1.7643862e-01   7.0476240e-06   2.4462555e-04   2.5048744e-01   6.3784853e-02  -1.5112360e-01  -4.9101388e-02  -2.0284416e-01  -2.3533537e-01   7.7111166e-01   2.4039125e-01   2.7047393e-01  -4.8588546e-02  -2.0226717e-01   4.4641719e-02  -4.3567594e-01   3.9814229e-01   1.1943959e-01   1.8164734e-01   3.4623017e-01   7.2829426e-01  -4.5285946e-02   2.1662627e-01  -3.7973906e-02  -6.5146596e-02   5.3831243e-01  -1.5059401e-01  -1.5287988e-01   5.1356155e-01  -1.1818098e-01  -1.5721357e-01   1.2823472e-01  -3.2515402e-01  -1.2442704e-01   1.1806168e-01   4.4462342e-01   4.3099324e-01  -1.2144314e-02  -7.9886743e-02  -1.6199259e-02  -9.0664829e-02   3.2918551e-01  -1.9087646e-01  -1.6324560e-01  -2.4554286e-01  -8.0080911e-02   6.2329938e-01   8.4881116e-02   2.9738966e-01  -5.9911868e-02   6.9518161e-02   6.2141568e-01   1.7256783e-01  -3.9675844e-01   4.2237690e-01   1.3595944e-01   1.0768699e-03  -3.4787466e-02  -1.5940449e-01  -5.7460777e-03   2.7449453e-02   2.6035811e-01   9.6410524e-02   3.5957750e-01   2.1335870e-01   1.2710256e-01   2.5965683e-01   4.1670707e-01   1.7263542e-01   1.4581650e-04  -1.9981854e-01  -8.1880763e-02   1.9443109e-02
   1.7416795e-01   0.0000000e+00   1.7417648e-01  -4.0753466e-01   3.7738431e-01  -1.9496881e-01   3.5878855e-01   1.2112047e-01   5.7618190e-01  -9.1758582e-02  -3.0864979e-01   5.6388859e-01  -3.0098381e-01  -2.5059361e-01   3.0646082e-01  -2.9626217e-01   3.6905916e-01  -5.4327355e-02   8.5982918e-02   3.2325735e-01  -3.6324931e-01  -4.5196967e-01  -4.7527470e-01  -3.0142913e-02  -3.6757893e-02   1.3282845e-01  -7.7470515e-02  -2.7686548e-01  -1.2976107e-01   6.5531675e-01   4.2308680e-01  -2.8283929e-01  -1.9446979e-02   1.0024337e-01   3.5333799e-01  -8.2607837e-02   5.1162184e-01   3.5425195e-01  -7.3407424e-02  -5.2240051e-02  -2.0181351e-01  -4.3575446e-03   5.3620192e-01  -9.0254586e-05   3.9937172e-01   2.5385757e-01  -3.1606257e-01   7.2581036e-01  -4.0322566e-01  -6.1160333e-02  -3.4630580e-01   1.7164283e-01   5.8006396e-01   1.3588848e-01   1.1047677e-01  -8.9630381e-03  -1.8148920e-01  -3.7534834e-01  -2.0691562e-01   4.5093962e-02   2.1630194e-01  -4.5157712e-01   2.1197267e-01   7.3500357e-01   6.9342464e-01  -1.2769701e-02   2.0828707e-01   2.8967472e-01  -1.9445001e-01  -7.2718101e-02   5.0894610e-01  -3.7567080e-01   1.9411787e-01   2.5903943e-01   1.1600845e-03  -3.1418669e-01   2.2400783e-01   1.5986005e-01   5.4878129e-01  -1.4827868e-01  -4.2395295e-01   1.2121024e-01   2.7863946e-01  -2.4572098e-01   8.7352254e-02  -3.5968835e-01   6.5600663e-01   1.2283792e-01   3.1054974e-01   2.9591586e-01   7.1626555e-01   2.4226366e-01  -2.1499727e-01   2.3366333e-01   2.5526310e-01  -1.4255590e-01  -1.0119520e-01   3.4915034e-01   3.0473291e-01  -1.5376112e-01  -6.0831062e-02   2.3754071e-01  -4.2155659e-01   3.5692461e-01  -4.2981295e-01  -2.5834843e-01   1.0029313e-01   1.5199879e-01  -2.7411959e-01  -4.6757669e-01  -3.0076500e-02  -4.7567597e-01  -4.2026436e-01   2.5241734e-01  -3.2149903e-01   6.4061742e-01   7.0728389e-02  -1.2683325e-01  -3.3035273e-01  -3.2694564e-01  -1.2841396e-01   3.1192772e-01   4.9720654e-01   6.4766176e-01   2.6985474e-01  -3.7389407e-01   6.2842442e-02   1.9249465e-01  -2.0309753e-01   1.4801508e-01   1.3457873e-01   1.4724986e-01   2.0305953e-01  -1.3262119e-02  -1.5950420e-01   2.9174638e-02  -1.6667149e-01   1.4518381e-01  -8.5993556e-02  -5.5543665e-03  -1.7608711e-02  -1.2149083e-01  -2.3499404e-01  -3.7761788e-01  -1.0565253e-01  -1.8081086e-02  -6.8765270e-02   1.7903734e-01  -5.5964532e-01  -2.7523132e-01   1.9167022e-01  -2.2287915e-01   8.6359837e-02   2.7493565e-01   4.5754015e-01   1.2690530e-01  -1.7611837e-01  -2.2720022e-01   2.7850598e-01  -3.3427595e-01   2.3204914e-01   2.5477011e-02   1.4980117e-01  -2.2907991e-01  -6.6683212e-02   4.6276729e-01   8.3379458e-03  -1.8721791e-01   1.1961140e-01   2.5307517e-01   5.0677196e-01   4.0635572e-02   4.9055458e-01   8.5909511e-02  -2.2120511e-01   1.9648577e-01  -1.1337899e-01
   4.1623589e-01   1.7417648e-01   0.0000000e+00  -4.3799341e-01   3.5958379e-01   2.6406872e-01   2.3241469e-01   5.6064916e-01   2.2881207e-02   1.8939565e-02  -4.6031208e-01   4.9450757e-01  -1.4131672e-01  -2.1062291e-01   1.5975543e-01  -3.2699937e-01   8.4683133e-01  -2.4609484e-01   2.4596525e-01   4.4019838e-01  -4.5244730e-01  -3.9807563e-01  -3.5266044e-01   1.9259727e-01  -4.7427409e-02   4.1864384e-01   9.4198202e-02   1.3339372e-01  -1.0629051e-01  -5.0946447e-02  -2.2486411e-02  -1.9389606e-01  -4.6447168e-02   1.0199379e-01   3.6516936e-02  -2.3033821e-01   1.8253545e-01   3.2379315e-01  -2.2883801e-01   2.1995978e-01  -1.6324340e-01   1.3246489e-01   4.7802103e-01   3.4207292e-01   1.7531857e-01   5.5173032e-01  -4.3494457e-01   2.6669521e-01  -4.3421885e-01   1.8819712e-01  -4.0832547e-01   4.6628555e-01   1.4384121e-01   1.9968825e-01   3.1113858e-01   1.6609016e-01  -6.7652958e-02  -2.4062856e-01  -2.3800732e-01   1.0356715e-01   6.4922237e-01  -4.0790494e-01   1.1728462e-01   1.3705198e-01   1.3976148e-01  -7.5611416e-02   4.4564858e-01   1.4418287e-01  -1.4205446e-01   6.5693083e-01   3.2362617e-01  -4.3501812e-01   2.3083738e-02   3.1285764e-01  -2.4090767e-01  -2.3730104e-01   6.6996639e-01   3.7669345e-01   3.0522113e-01  -3.7806534e-01  -7.3824213e-02  -5.5538447e-02   1.8672798e-01   5.3761247e-02   4.1431860e-01  -1.9886096e-01   8.0476874e-02   1.2449586e-01   1.2026608e-01   4.3438076e-01   2.3668227e-01   6.2075836e-01   3.0775040e-01   5.4111390e-02   3.5895134e-01   1.1551686e-01  -1.9867181e-01   5.7939134e-01   1.5854527e-01  -1.6017028e-01   2.5522665e-01   3.5820054e-01  -2.8537782e-01  -5.9784855e-02  -3.7050426e-01  -5.2859240e-02   3.7138575e-01   4.4503508e-01  -1.8872537e-01  -1.3058588e-02   2.7333769e-01  -3.7612986e-01  -4.4891409e-01   3.5468983e-01   7.0721558e-02   3.0565674e-01   1.1899727e-01  -4.2670483e-02   3.7281179e-01  -4.2964181e-01   3.0818057e-01   2.9141604e-01   2.3934200e-01   2.6169279e-01   5.1359289e-01  -1.8330012e-01   3.9584327e-02   1.6326211e-02  -1.2362401e-01   6.7256012e-01   1.1003038e-01  -1.1590604e-01   2.8741009e-01  -1.0914987e-01  -2.0052273e-01   2.3829823e-01  -2.6525150e-01   9.9288351e-02   1.2326599e-01   1.9754645e-01   6.4463646e-02  -2.1119148e-03  -2.0569783e-01   4.0672367e-01  -4.8735854e-02   2.3837545e-02   2.8347621e-01  -2.1274939e-01  -3.4585236e-01  -1.2541222e-01   4.8938146e-01  -8.9061089e-02   2.7155384e-01  -3.2111251e-02   3.6993952e-01   3.3959286e-01   1.6510072e-01  -2.4521093e-01   5.1428641e-01  -1.2726274e-02   7.2695068e-02  -2.4117820e-02   1.0914570e-01  -2.4014185e-01   1.4856682e-01   2.9964764e-01   1.9107520e-01   1.6734672e-01   4.0588315e-01   4.0010869e-01   3.5200422e-01   4.0506915e-01   5.7338239e-02   2.2155206e-01  -2.2620110e-01   1.1229819e-01   1.0441092e-01
  -3.8097843e-01  -4.0753466e-01  -4.3799341e-01   0.0000000e+00  -5.1283670e-01   1.8670834e-02  -5.3715142e-01  -1.9966707e-01   1.0791016e-02  -2.1739075e-01   5.5933788e-01  -4.6785869e-01  -1.5859410e-01   2.4307268e-01  -3.5504083e-01   3.3644698e-01  -4.9759466e-01   1.7447572e-01   9.6339249e-02  -5.3844033e-01   3.8107769e-01   7.2026782e-01   3.7429611e-01  -3.9562233e-02   3.4309165e-01  -7.6012279e-02   1.6762288e-01   2.3086486e-03   4.8880577e-02  -1.8705341e-01  -3.1519128e-01   6.7509937e-01   1.7843530e-01  -3.4541113e-01  -8.6171424e-02   2.0887702e-01  -5.6368084e-01  -4.1852288e-01   1.0106898e-01  -5.3679312e-02  -1.3523294e-01   7.7001473e-02  -4.3263747e-01  -3.7691912e-02  -2.6185294e-01  -4.4598434e-01   5.9081071e-01  -6.7326239e-01   3.4335073e-01  -1.6867346e-01   6.3015043e-01  -1.7098042e-01  -6.1792256e-01   1.2606509e-01  -2.3601301e-01   1.2497524e-02   2.7254988e-01   6.8188393e-01   4.0685793e-01   3.1492095e-01  -3.1576775e-01   3.1976688e-01   1.5794934e-01  -5.2521531e-01  -4.9254714e-01  -1.7178851e-01  -3.1384197e-01  -6.4960643e-02   4.9142406e-01  -2.0642696e-01  -5.7455828e-01   7.6020849e-01  -1.1853612e-01  -5.1599863e-02   4.3388879e-01   5.0426313e-01  -3.8526762e-01  -2.6941292e-01  -6.7378505e-01   3.8163976e-01   2.4840821e-01  -8.8338593e-02  -5.0994573e-01   1.8909638e-01  -1.9851178e-01   6.2754023e-01  -3.1241941e-01   1.3943484e-01  -1.2356609e-01  -3.7121557e-01  -6.7319703e-01  -2.8382288e-01  -2.9758393e-01   3.4413312e-01  -3.4195923e-01  -2.0017379e-01   3.1647378e-01  -2.7138507e-01  -1.3179537e-01  -8.0355503e-02  -2.5932733e-01  -3.5227876e-01   5.1968148e-01   1.6027325e-01   6.8126333e-01   5.5304214e-01   3.6046858e-02  -1.9961160e-02   8.2924892e-03   2.1292765e-01  -3.5820909e-01   6.8611323e-01   7.8291936e-01  -2.9415398e-01  -2.3421371e-03  -6.9351374e-01  -9.2345695e-02  -1.6204387e-01   3.1823847e-02   8.6010844e-01   5.5470053e-02  -5.7889649e-01  -6.6529380e-02  -7.0893300e-01  -4.0387413e-01   4.9551762e-01  -1.9356017e-01   1.0735323e-01   6.4457284e-01  -4.0263497e-01  -2.6455482e-01  -2.3725459e-01  -8.0050843e-02  -1.2918849e-01   6.6968991e-01   4.2565199e-02   3.3440786e-01  -3.3759392e-01   1.9903103e-01  -1.3271796e-01   2.3736866e-03  -2.9008789e-01   4.2597980e-01  -7.3267330e-02  -9.5691392e-02  -9.8815925e-02  -2.0946532e-01  -3.6159645e-02   4.8373041e-01  -7.1485846e-03  -2.3744365e-01   6.4174510e-02   9.7915420e-02  -2.2811543e-01  -5.3259729e-01  -2.4224056e-01   1.8810664e-01   3.6383064e-01  -2.3647053e-01   2.2852896e-01  -4.6316429e-02   1.7837894e-01  -3.3498506e-01   4.7943179e-01   4.6202399e-01  -6.5090901e-01  -2.8732873e-01   2.8040428e-02  -3.4693271e-02  -6.0922706e-01  -6.6596828e-01  -2.6721255e-01  -1.5833776e-01  -2.8407418e-01   1.8548803e-01  -6.7189838e-02   4.5390411e-01
   1.1830454e-01   3.7738431e-01   3.5958379e-01  -5.1283670e-01   0.0000000e+00   4.4155154e-01   5.9283975e-01   3.6486089e-02   1.1219994e-01   4.0332399e-01  -2.5981407e-01   5.9110711e-01  -2.9949665e-01  -4.2476146e-01   3.0516283e-01   8.1029690e-02   3.7829353e-01  -5.3365200e-03  -1.0788687e-01   8.8781891e-01  -5.8244085e-01  -6.2936205e-01  -4.8063842e-01  -2.1215763e-01   3.8853192e-02  -1.1156877e-01   2.9475099e-01  -1.3928686e-01   2.2585186e-01   1.8600021e-01   1.2045431e-01  -3.3714274e-01   1.3960059e-01   5.2989036e-01   1.1075795e-01   3.7427521e-01   4.4324950e-01   6.3793029e-02   2.5930148e-01   4.1032488e-01   4.7959797e-02   3.1968865e-01   6.0327541e-01  -9.9680674e-02   4.3563550e-01  -1.5258455e-04  -2.0435941e-01   5.7830040e-01  -4.8211917e-01  -1.0723384e-01  -4.0093261e-01  -4.1107894e-02   6.7150333e-01   3.2022738e-01   3.2237803e-02  -7.1583202e-02  -3.9400758e-01  -3.3030209e-01   6.8496295e-03  -2.1209225e-01  -1.1191649e-01  -4.4682275e-01  -1.2514836e-01   4.5897722e-01   2.7311297e-01   2.0701442e-01   7.2545397e-01   4.4169989e-01  -3.4540498e-01  -1.4639949e-02   5.8966688e-01  -4.9439780e-01   5.5688502e-01  -1.0481728e-01   5.0317803e-02  -3.9664332e-01  -3.1517371e-02  -2.0190903e-02   8.1124768e-01  -5.2495785e-02  -2.0037643e-01   4.7922346e-01   4.8943536e-01  -3.1925641e-01  -1.1176903e-01  -3.4832546e-01   2.3484829e-01  -2.0139194e-01   7.1384918e-02   3.4276777e-02   6.8539426e-01   1.2971492e-01   4.9542314e-01   1.2000899e-01  -5.3670729e-02   4.2547153e-01   2.2516798e-01   2.9547365e-01   5.8371987e-01  -1.6990643e-01  -1.3174301e-01   2.9887838e-01  -5.8684502e-01  -1.7641531e-01  -5.5358388e-01  -3.4329678e-01   3.0784583e-01  -4.6803883e-02  -1.3080263e-01   5.5822152e-02   5.1867569e-01  -6.3941552e-01  -5.4192984e-01  -1.5675083e-02  -2.8718582e-01   6.6202863e-01   1.5114311e-01   2.0482399e-01  -2.4467395e-02  -3.6314473e-01  -4.1079668e-01   6.6558827e-01   2.7893861e-01   4.3388304e-01  -2.4986465e-02  -5.5699097e-01  -8.1783914e-02   2.9516468e-01  -3.6087508e-01   1.1667743e-01   3.7865019e-01   3.4388644e-01  -2.3426070e-01   1.5591723e-01  -2.7084186e-01  -8.9441016e-02  -8.4127545e-02   4.2093711e-01  -1.7919512e-01  -2.5015011e-01  -3.2996744e-01  -4.0533213e-03  -3.8441208e-01  -5.4423201e-02   6.7975932e-02  -1.9259639e-01   3.1708200e-01   2.2673691e-01  -2.3546010e-01  -1.7205912e-01  -5.9447199e-02  -2.7739879e-01  -1.3769385e-01   4.7021632e-01   7.7083632e-01  -2.1769604e-01  -5.1437354e-01  -2.4798657e-02   5.0346376e-02  -3.3584797e-01   3.8168426e-01  -7.3802671e-02   5.6502734e-01  -4.4599042e-01  -2.1241447e-01   6.7497539e-01   2.1381130e-01  -5.3963080e-02  -1.4800810e-01   7.9572117e-01   7.6145055e-01  -1.6279808e-01   2.5705696e-01   2.2398115e-01  -2.1066468e-01   1.9259926e-01  -1.9463028e-01
  -9.6822288e-02  -1.9496881e-01   2.6406872e-01   1.8670834e-02   4.4155154e-01   0.0000000e+00   4.1366813e-01  -1.6562688e-02  -2.4330879e-01   4.9237489e-01  -2.5043470e-02   2.7112876e-01  -3.2465015e-01  -1.0184435e-01   2.3054672e-01   2.7039579e-01   4.3805335e-02  -7.0490540e-02   1.0912281e-01   5.3896673e-01  -6.5030427e-02  -8.7705101e-02   1.4485545e-01  -3.0606724e-01   1.7022533e-01  -8.7315161e-02   5.9923575e-01   2.4953359e-01   2.0186326e-01  -1.7154315e-01  -1.3896492e-01  -1.2662959e-01   2.7622391e-01   5.4168008e-01   2.1627679e-01   3.5759963e-01  -2.0927439e-01  -2.2475803e-01   2.0637617e-01   6.6851266e-01  -7.7992094e-02   2.2762581e-01   2.0600481e-01  -8.2077578e-02   5.5404680e-02  -2.4517027e-01   7.7248910e-02  -6.6247842e-02   9.3635095e-03   5.2670748e-02  -3.9641325e-03  -6.0533395e-02   6.3143038e-02   2.6348129e-01  -5.6714182e-02  -1.5926913e-01   6.4712588e-02  -1.0005947e-01   2.4503670e-01  -3.9906687e-02  -2.1819346e-01  -3.5562990e-02  -1.2991109e-01  -2.1845790e-01  -3.2598293e-01   4.0607470e-01   6.8881624e-01   1.4046727e-01  -4.2496146e-02   2.0993386e-01   1.6622634e-01  -1.4043801e-01   2.5377273e-01  -2.3068558e-01   1.7297068e-01  -2.1229155e-01  -1.9346308e-01  -1.4663756e-01   2.6214532e-01   6.1206882e-02   4.4468197e-01   3.0654209e-01   1.5982000e-01   8.6279209e-02  -2.6597143e-01  -6.7396302e-02   6.6393937e-03  -2.0706806e-01  -1.3224598e-01  -2.4091964e-01  -6.6688060e-02  -7.4467131e-02   6.0189987e-01  -2.4592088e-02  -2.5848178e-01   3.5144442e-01   3.1508444e-01   2.9041039e-01   2.4818607e-01   1.6460962e-01   7.2159099e-03   1.7812647e-01  -1.0106364e-01  -3.3867763e-01  -4.0978721e-02  -9.2501649e-02   3.1200373e-01   1.0816756e-02   1.7696963e-01   4.1067199e-01   5.4946780e-01  -6.1562485e-02  -2.0834506e-01  -2.3811438e-01   1.5725997e-01  -3.7973987e-02   4.8658497e-03  -2.6719697e-02   3.9978730e-01   4.9074962e-02  -3.7141904e-01   1.8066414e-01  -1.2934388e-01  -1.5360817e-01  -2.5638688e-01  -5.3764459e-02  -2.7548534e-02   2.8265025e-01  -1.0758727e-01  -2.8614414e-02   2.5017629e-01   1.4772020e-01  -2.3474581e-01   1.6029278e-01  -1.1276621e-01  -4.6196632e-02  -1.9985498e-02   3.6095477e-01  -1.3010652e-01  -2.7370606e-01  -3.8681115e-01  -2.4001431e-01  -1.8908327e-01   4.1040241e-01   2.9214604e-01  -1.2864313e-01   5.9424154e-01  -4.0772622e-02   2.7883839e-01   8.0301172e-02  -2.0082658e-01   7.8939797e-02  -2.8952038e-01  -2.9594384e-02   2.6454153e-01  -4.0273020e-01  -3.6630604e-01   2.1407663e-01  -1.8979786e-01   8.1229057e-02   1.1814679e-02  -1.4281319e-01   2.8989866e-01  -8.8387830e-02  -1.7906650e-02   2.8669769e-01   3.0985344e-01   2.2285216e-01  -3.0181674e-01   2.9379624e-01   2.5621258e-01  -3.0474575e-01  -2.4696764e-01   1.6937228e-01  -2.9934988e-02  -2.1386648e-02   5.2621952e-03
  -3.1593858e-02   3.5878855e-01   2.3241469e-01  -5.3715142e-01   5.9283975e-01   4.1366813e-01   0.0000000e+00  -6.8747120e-05   1.8179992e-02   5.6690921e-01  -3.4993747e-01   6.2006178e-01  -1.6799308e-01  -3.7168940e-01   5.1733259e-01   1.1727045e-01   2.2776235e-01  -6.5862407e-02  -1.8492418e-01   6.9136578e-01  -4.3097738e-01  -6.2078010e-01  -2.8043098e-01  -3.6358748e-01  -5.7801325e-02  -2.7548065e-01   1.4662394e-01  -4.1250594e-02   9.4335535e-02   2.2957943e-01   9.7966001e-02  -4.1459747e-01   6.9883082e-02   7.1675004e-01   4.7364644e-01   9.3139786e-02   4.5178034e-01   1.3236108e-01   2.5604474e-01   2.5884255e-01   1.2625649e-01   6.0840382e-02   4.6598604e-01  -7.1273096e-02   4.4638170e-01   1.1670894e-02  -4.1914292e-01   6.4931339e-01  -4.1061029e-01  -8.6458625e-02  -3.8039268e-01  -9.8275793e-02   6.0699697e-01   3.1300585e-02  -8.1622987e-02  -1.2067313e-01  -3.9442987e-01  -5.5609011e-01   8.0010288e-02  -2.2661699e-01  -5.2557588e-02  -2.9701930e-01  -2.6132343e-01   4.5420791e-01   2.7186007e-01   5.0155108e-01   4.3207067e-01   2.2895462e-01  -4.4637728e-01  -8.8979973e-02   5.4194100e-01  -6.2116778e-01   4.5123801e-01  -1.3452706e-01  -1.1260921e-03  -4.3493032e-01   5.7966642e-02   9.1984421e-03   7.4044658e-01  -1.6068044e-02   7.3334219e-02   5.1454882e-01   4.0021966e-01  -4.0679965e-01  -2.6648887e-01  -4.8915205e-01   2.8939561e-01  -2.9245538e-01  -1.1629040e-01  -7.4883172e-02   4.5114177e-01  -8.6854095e-02   4.8168465e-01  -8.7839183e-02   6.2974747e-02   2.3870245e-01   1.7349270e-01   1.8528122e-01   3.4359675e-01   2.6239742e-01  -2.0527824e-01   5.1799601e-01  -4.9610412e-01  -2.0543929e-01  -5.0180532e-01  -4.8124408e-01   1.0588310e-01  -1.4988435e-01   6.9133467e-02  -1.0855083e-01   7.2731318e-01  -6.0417318e-01  -6.7063126e-01  -1.2083405e-01  -2.1285121e-01   5.7667888e-01   4.7093789e-02   2.4973506e-01  -1.3258046e-01  -4.7115447e-01  -3.5966209e-01   5.6697655e-01   3.9102007e-02   4.3477388e-01  -3.7972880e-02  -5.2536371e-01   1.2631076e-01   1.5635594e-01  -5.3928677e-01   1.5664635e-02   3.6291615e-01   3.8545795e-01  -2.0292118e-01   1.4647711e-01  -5.6825567e-01  -5.8534167e-02  -1.9969192e-01   3.9974470e-01  -2.6243030e-01  -1.5184821e-01  -2.6561078e-01  -4.6904695e-03  -5.6986763e-01  -2.4275489e-02   4.1244695e-01  -1.1293350e-01   5.5482101e-01   6.4971873e-02  -2.8166401e-01  -1.4480028e-01  -1.8801581e-01  -1.6023828e-01  -3.5430477e-01   1.9873648e-01   5.8176622e-01  -1.5654193e-01  -3.9594961e-01   1.0685053e-01  -1.9528694e-01  -2.5522019e-01   1.4623991e-01  -1.4707764e-01   3.7044057e-01  -3.4327645e-01  -4.0275618e-01   7.8351439e-01   3.5387795e-01  -1.5664445e-01  -2.4512538e-01   5.1874348e-01   6.9265563e-01  -3.0063569e-02   1.3960845e-01   6.9515597e-02  -1.2329773e-01   4.8407826e-02  -2.9699167e-01
   3.1289362e-01   1.2112047e-01   5.6064916e-01  -1.9966707e-01   3.6486089e-02  -1.6562688e-02  -6.8747120e-05   0.0000000e+00   2.5292422e-01  -1.5178727e-01  -2.0612235e-02   3.5739307e-01  -7.0009941e-02   1.0476178e-01   3.0984976e-01  -4.2862815e-01   5.8094399e-01   1.4097675e-01   5.0315400e-01   1.2547675e-01  -1.1590985e-01  -3.1313662e-02   3.5132881e-02   7.7625350e-02   4.2077054e-02   6.3630293e-01  -8.0646766e-04   3.4529824e-01  -1.2194645e-01   1.2547053e-01   2.4126486e-01   1.7123995e-01  -1.7149900e-01  -1.6654673e-02   7.9233429e-02  -1.7874665e-01  -4.4986601e-02   6.3425435e-02  -4.4572939e-01  -1.8761745e-01  -9.3605719e-02  -9.3679986e-02   4.1000559e-01   6.3636587e-01   2.2197259e-01   4.3504666e-01  -1.4487792e-01   2.9975464e-02  -1.9732932e-01   1.5300031e-01   1.0222679e-01   7.8873088e-01  -1.4719091e-01  -5.4597798e-02   1.8129913e-01   5.3737928e-01   1.5918251e-01   9.1462832e-03   1.1520079e-02   5.0545449e-01   6.2386576e-01  -7.8445878e-02   3.7570897e-01   1.6777319e-01   2.2816544e-01   1.9199282e-02   1.1349830e-01  -2.6608796e-02   3.2598210e-01   4.7024356e-01  -9.8647862e-03  -1.2282900e-01  -1.2517322e-01   3.3163277e-01  -8.8949378e-03  -2.1624003e-03   5.5603116e-01   5.5112162e-01   9.1249193e-02  -2.6741127e-01   1.7190846e-01  -1.2997282e-01  -7.3539751e-02   3.8847250e-01   3.9574698e-01   1.3293451e-01   1.0482183e-01   2.7574315e-01   3.0929969e-01   2.8740091e-01   5.0942689e-02   5.1339769e-01   1.8010206e-02   2.5342743e-01   6.6382263e-02  -1.4372183e-01  -8.5051021e-02   6.4334281e-01   1.0622291e-01   1.0909526e-02   2.0531878e-01   5.1520032e-01   6.4438014e-02   2.8616448e-01   7.7977826e-02   2.7935603e-01   1.3975607e-01   8.2890051e-01   7.5296743e-03  -8.2144524e-02  -3.8868855e-02   6.1064902e-02  -2.2882577e-01   3.5412201e-01   2.4444107e-01   1.1351121e-01   4.4590559e-01   5.3088303e-03   1.8124809e-01  -1.1151917e-01   2.2857140e-01   1.1591984e-01   2.9513949e-01   1.3444739e-01   4.4706265e-01   1.4938619e-01   3.3783638e-01   8.4954939e-02   2.1175913e-01   4.6827373e-01   8.7842100e-02  -5.8482352e-02   4.7993419e-01  -7.7968412e-02   6.9910158e-02   6.6270768e-01  -2.3378155e-01  -1.0693885e-01   5.7818271e-01  -2.4178123e-02  -4.6655224e-02  -4.2441577e-02   2.8063062e-01   1.6004805e-01   1.6872122e-01   2.2390347e-01   3.4729292e-02  -2.1863590e-01  -1.2781824e-01  -2.0101578e-02   4.0167998e-01   2.3251959e-01   1.5244319e-01  -1.5195309e-01   8.9362474e-03   1.6703322e-01   7.6292144e-02  -1.0211345e-02   3.8263924e-01   4.6717454e-01  -7.0279987e-02   4.5084303e-01  -1.7342164e-01   1.5418793e-01   4.1655363e-01   1.5433547e-01   2.4300091e-01   3.2259380e-01   2.5789567e-01   4.9288623e-03   1.6819094e-01   1.6248330e-01   1.4232223e-01   9.1207424e-02   9.4252125e-02  -1.2570632e-01   4.2370918e-01
   4.1095189e-05   5.7618190e-01   2.2881207e-02   1.0791016e-02   1.1219994e-01  -2.4330879e-01   1.8179992e-02   2.5292422e-01   0.0000000e+00  -1.1917207e-01   4.6614749e-02   2.7657625e-01  -2.3700542e-01  -1.5649265e-01   2.1813423e-01  -2.4796585e-01   2.5037050e-01   2.5646907e-01   1.4969882e-01   1.0178371e-01  -1.7627417e-01  -3.2645292e-02  -1.9103368e-01  -6.8397435e-02   1.3738708e-01   1.9644066e-01  -1.3832855e-01  -3.0518899e-01  -1.3690728e-01   5.9256978e-01   4.4442176e-01   9.8169518e-02   9.4936394e-03  -1.1747781e-01   2.8210089e-01   1.8909840e-02   2.3974723e-01   1.3042025e-01  -1.4970407e-01  -2.9505433e-01  -1.4316892e-01   5.2502661e-02   4.9503382e-01   6.1323091e-02   3.4388139e-01   1.3245152e-01  -5.6981290e-02   2.3278205e-01  -1.6305468e-01  -2.0039359e-01   9.7482284e-02   2.7368286e-01   1.3267386e-01   1.4930645e-01   1.7457203e-01   1.1025968e-01  -9.5536612e-02   6.1464342e-02  -5.1524767e-02   4.3835245e-01   1.6904827e-01  -2.5659756e-01   6.4429331e-01   5.0205874e-01   5.5056163e-01   9.1422537e-02  -1.4151699e-01   3.2184873e-01   1.0432372e-01  -1.8399296e-01   1.1631935e-01   1.8920729e-02   6.7615903e-02   1.8117430e-01   1.8202942e-01   7.2778289e-02   1.0876569e-01   8.3807530e-03   2.3952610e-01  -5.3251301e-03  -2.6272592e-01   4.3769234e-02   1.5851729e-02  -9.2524936e-02  -9.4737591e-02   3.7024065e-02   4.3890129e-01   1.9999886e-01   4.7632179e-01   8.5635330e-02   3.3004279e-01   2.1198815e-01  -2.1541083e-01   6.9982186e-01   8.6520974e-02  -2.4795546e-01   1.5758857e-01   2.3743692e-01   3.5749227e-01  -7.0241067e-02  -1.8564619e-01   2.8244439e-01  -1.5574935e-01   7.0283421e-01  -1.6609383e-02   2.1563373e-01   1.3210759e-01   3.0939774e-01  -2.0483566e-01  -4.0650077e-01  -1.6812443e-01  -1.2242230e-01   8.1740302e-02   1.3889995e-01  -2.4623917e-01   3.4183769e-01   3.9933585e-02  -9.9356521e-02  -4.3375449e-01   7.6026564e-02  -1.3236442e-01   1.9363204e-02   6.8099414e-01   2.8660457e-01   1.2824345e-01  -9.4831181e-02   1.1504675e-01   2.6640120e-01   3.2517721e-01  -8.2655259e-02   7.6058003e-02   1.9146818e-01   2.3450552e-01  -1.4668185e-01   4.4663783e-01   3.5068738e-01   1.7007726e-02  -1.4852929e-01   2.5150589e-01  -1.4587065e-01  -1.2973220e-01  -9.8882652e-02   1.0845024e-01  -4.4114443e-01  -1.7285906e-02   1.5111198e-01  -1.9190898e-01   9.4992967e-02  -1.9969143e-01  -1.9218607e-01  -5.3274693e-03  -8.4421123e-02   5.2818958e-02   1.5071679e-01   1.1703892e-01  -3.1391110e-03  -1.6486675e-01  -2.5267306e-02   2.6135262e-01  -9.7150602e-02   3.6881916e-01   3.2937906e-01  -4.5960873e-02   9.1244148e-02   3.5230668e-01   1.9542963e-01   4.6838822e-02  -2.2457790e-01  -7.7410269e-02  -1.0927860e-01   2.0472051e-01  -4.8157911e-02   4.6777975e-01  -1.8029373e-01  -1.7451989e-02   9.5950291e-02   3.7580309e-01
  -1.4567947e-01  -9.1758582e-02   1.8939565e-02  -2.1739075e-01   4.0332399e-01   4.9237489e-01   5.6690921e-01  -1.5178727e-01  -1.1917207e-01   0.0000000e+00  -1.0672076e-01   1.3083816e-01   2.5614562e-02  -4.5176431e-01   1.8733957e-01   2.9518916e-01   4.8194067e-02  -9.8807864e-02  -2.9248580e-01   5.1624889e-01  -3.2676367e-01  -3.4027039e-01   3.1439265e-02  -3.3164741e-01  -1.1684408e-01  -2.2162344e-01   3.3747545e-01  -1.2068770e-01   2.1226210e-01  -9.8622164e-02   4.3657558e-02  -2.0435867e-01   1.1970734e-01   7.1991704e-01   1.3766535e-01   2.6642733e-01   1.2651828e-01  -1.6026653e-01   3.8674712e-01   4.6558173e-01   3.5445283e-01   8.9802488e-02   2.4974073e-01  -1.4563150e-01   7.9464464e-02  -2.3646070e-01  -1.4666853e-01   1.8865462e-01  -2.0037357e-01  -1.6505095e-01  -1.9202652e-01  -1.2737996e-01   4.1616220e-01  -5.3953072e-02  -1.1154978e-01  -2.6080510e-01  -4.5425247e-01  -1.8733536e-01   1.9864291e-01  -2.7759430e-01  -2.5938618e-01  -2.9478009e-01  -1.8828255e-01   1.5973045e-01  -3.9343290e-02   4.6783477e-01   2.8456970e-01   9.5107024e-02  -4.5437343e-01  -2.3276717e-02   2.3815681e-01  -3.1292606e-01   4.4340437e-01  -4.4451097e-01  -1.5472282e-02  -1.4056098e-01  -2.0381755e-01  -7.6682678e-02   3.7892337e-01   3.1120324e-02   2.2697973e-01   4.2475157e-01   3.7690990e-01  -2.1511140e-01  -4.7166575e-01  -1.8127924e-01  -4.3543595e-02  -4.3978145e-01  -1.5092779e-01  -2.3870871e-01   1.4314089e-01  -2.7902403e-01   6.1051632e-01  -1.2754111e-01  -1.6352003e-01   2.3535828e-01   1.9864737e-01   9.3793170e-02   1.8352423e-01   4.4429105e-01  -1.3604670e-01   2.7526113e-01  -3.2506528e-01  -2.5488562e-01  -2.5911076e-01  -3.1744952e-01  -7.6393897e-02  -1.7641492e-01   2.9523891e-01   1.8675795e-01   6.9456268e-01  -3.3628649e-01  -2.8480167e-01  -4.1840496e-01  -1.0029417e-01   2.5301653e-01  -6.7215929e-02   3.7021041e-01   1.0505411e-01  -1.8575808e-01  -4.2459368e-01   2.5545062e-01  -1.1890850e-01   1.6136529e-01  -2.9337958e-01  -4.4335818e-01  -1.8540077e-01   9.4549629e-02  -2.8640272e-01  -8.0772691e-02   3.1284838e-01   2.3854817e-01  -4.1484990e-01   4.0444429e-01  -2.8312422e-01  -2.3950589e-01  -1.1738251e-01   4.2761065e-01  -2.7768737e-01  -2.3704141e-01  -2.8846100e-01   2.0692003e-02  -4.1209068e-01   1.9247117e-01   3.7396326e-01  -1.2182391e-01   4.6609812e-01   2.1907700e-01   2.6710196e-01   4.6461412e-02  -3.5218215e-01  -1.3806083e-02  -4.2906183e-01   1.7102735e-01   3.6093451e-01  -3.8407675e-01  -3.8038049e-01   2.4038177e-01  -2.8784184e-01  -1.2077747e-01   9.1352880e-03  -2.5327607e-01   5.2433943e-01  -3.0934672e-01  -3.2331933e-01   4.2254844e-01   2.6601195e-01  -1.5802512e-01  -3.8410090e-01   4.0464032e-01   4.0857019e-01  -2.4606709e-01  -1.1191064e-01  -1.7914254e-01  -1.2947672e-01  -1.5476548e-01  -2.2199073e-01
  -3.1589712e-01  -3.0864979e-01  -4.6031208e-01   5.5933788e-01  -2.5981407e-01  -2.5043470e-02  -3.4993747e-01  -2.0612235e-02   4.6614749e-02  -1.0672076e-01   0.0000000e+00  -4.0696577e-01  -6.0511329e-02   5.8430174e-02  -1.4717983e-02   4.2685122e-01  -4.3537273e-01   6.2641497e-01   1.4700212e-01  -3.5744443e-01   2.7129535e-01   6.4133853e-01   4.6407594e-01  -6.8166107e-02   2.0980915e-01  -1.6496260e-01   8.3589824e-02   1.7206382e-01   6.9777267e-02  -7.2621946e-02  -1.5592300e-02   5.7290220e-01   1.5959407e-01  -8.1941437e-02  -3.8117963e-01   4.7834197e-01  -4.3102399e-01  -3.9856483e-01   2.3802880e-01  -1.1192759e-01   1.5625504e-01  -8.2707932e-02  -2.9573000e-01   1.3853658e-01  -1.2291747e-01  -3.7708423e-01   8.2639130e-01  -4.8672330e-01   2.0937303e-01  -1.4402862e-01   8.2367685e-01  -1.3520281e-01  -4.7370691e-01  -1.2742737e-01  -3.6213429e-01   2.8385764e-01   1.4116279e-01   6.3218578e-01   5.6754045e-01   3.2172065e-01  -3.4570436e-01   3.3149321e-01   5.8922520e-03  -1.8155791e-01  -2.9427315e-01   4.7353595e-02  -2.6333111e-01  -1.9909550e-01   6.7514533e-01  -2.3491711e-01  -4.6608483e-01   6.2193625e-01   1.3908210e-01  -2.8287459e-01   2.1739740e-01   5.3895148e-01  -3.6862654e-01  -1.0256537e-01  -3.7407840e-01   3.9097472e-01   3.5112990e-01   1.6435430e-01  -4.3530664e-01   3.1249997e-01  -1.8754074e-01   6.4360453e-01  -3.8791768e-01  -8.3628643e-03  -9.2618088e-03  -3.3079049e-01  -4.0416646e-01  -2.8778741e-01  -1.7060376e-01   3.4430925e-01  -4.1480726e-01  -1.3485712e-01   3.3231373e-01  -2.3035200e-01  -1.1794097e-02   5.3996501e-02  -2.9327955e-01   4.4890895e-02   5.1598701e-01   2.0682819e-01   6.9303725e-01   4.8387285e-01  -1.1987472e-01   6.1060574e-02   1.1641320e-01   1.7066973e-01  -2.7377378e-01   6.7973423e-01   4.6638639e-01  -2.7863234e-01   1.9296710e-02  -4.0359935e-01   1.4345143e-01   1.1945222e-01  -6.4456548e-02   5.8927562e-01  -8.1208903e-02  -3.1939937e-01  -1.4688832e-01  -4.7525282e-01  -3.6187562e-01   3.1119448e-01   1.1473079e-01   3.9150159e-02   5.2589442e-01  -3.6295670e-01   2.0878916e-01   1.4352865e-01  -1.8890849e-01  -3.4365513e-02   3.7756184e-01   3.8347926e-01   2.6805152e-01  -1.6477905e-01   5.7929918e-01  -2.3336264e-01  -7.3213303e-02  -2.0715557e-01   7.0548886e-01  -1.1536055e-01   1.8561537e-01   1.5998404e-01  -2.1083108e-01   9.9476745e-02   6.2972975e-01   1.1801735e-01  -2.1495446e-01   2.6179507e-01  -1.1481694e-01   1.1506090e-01  -3.0079698e-01  -2.7561622e-01  -6.0115161e-02   6.0131277e-01  -4.0183623e-01   5.2530586e-01  -1.8625760e-01   6.1674225e-01  -2.6133797e-01   6.1829251e-01   2.9746262e-01  -3.9618099e-01  -9.3355196e-03   7.9319803e-02  -1.9764690e-01  -4.1320165e-01  -4.1709561e-01  -3.0536690e-01  -1.1760621e-02  -1.9494809e-01   2.6841763e-01  -6.6928585e-02   4.0399365e-01
   2.0240422e-01   5.6388859e-01   4.9450757e-01  -4.6785869e-01   5.9110711e-01   2.7112876e-01   6.2006178e-01   3.5739307e-01   2.7657625e-01   1.3083816e-01  -4.0696577e-01   0.0000000e+00  -2.9092277e-01  -9.7775667e-02   5.3469756e-01  -2.5099474e-01   4.7800173e-01  -8.3764715e-02   1.9014547e-01   6.7050898e-01  -3.1734528e-01  -4.7592874e-01  -3.2927126e-01  -1.8819125e-01   1.0197593e-01   1.1553517e-01  -5.6071714e-02   4.4776975e-02   6.0915974e-02   2.7643042e-01   1.9403972e-01  -2.2330230e-01  -3.2321638e-02   3.8829472e-01   4.6309181e-01  -9.6112157e-02   3.3650579e-01   2.8225169e-01  -1.7830441e-01   1.0709542e-02  -1.2980840e-01   1.1584574e-01   7.1973536e-01   1.2137765e-01   5.4709268e-01   3.1014149e-01  -4.0258510e-01   4.8894717e-01  -3.3974355e-01   1.0608586e-01  -3.7707257e-01   2.9657287e-01   3.5842643e-01   2.3020117e-01   1.7294025e-01   1.7673474e-01  -1.6645621e-01  -4.3814432e-01  -5.6780093e-02   1.3985069e-01   2.6886795e-01  -2.7667950e-01   1.3853578e-01   4.1146874e-01   3.3951410e-01   3.0907963e-01   5.1264735e-01   3.5657479e-01  -1.1511215e-01   3.8405681e-02   5.3842429e-01  -5.2724843e-01   2.2258165e-01   2.7720962e-01   6.3137419e-02  -4.4828937e-01   3.0269031e-01   3.2371305e-01   6.7959730e-01  -7.7275611e-02  -2.1187241e-01   2.6211063e-01   2.6722771e-01  -2.2706475e-01   1.7816265e-01  -3.7314944e-01   4.0171732e-01   1.0824276e-01   3.2815776e-01   2.4346046e-01   5.8339027e-01   2.3671066e-01   3.9164304e-01   1.7389591e-01   1.6456742e-01   2.3367144e-01   9.0670708e-02   5.1204444e-01   3.1390007e-01  -7.0732341e-02  -1.3092837e-02   5.3594598e-01  -4.5233705e-01   1.0692455e-01  -4.3887018e-01  -2.4023055e-01   3.3281243e-01   3.2031658e-01  -1.4064072e-01  -1.4023617e-01   4.0959001e-01  -5.0037745e-01  -6.1348504e-01   2.7414976e-01  -1.0962836e-01   4.9951414e-01   2.8595082e-01   3.7816583e-02  -1.8298388e-01  -3.6545032e-01  -2.1550798e-01   5.7336198e-01   3.6168423e-01   4.4099792e-01   3.0603032e-01  -1.6595775e-01   3.2106055e-01   3.2570342e-01  -2.1838910e-01   1.8365119e-01   2.1597201e-01   1.9201725e-01   2.3029340e-01  -1.4363645e-01  -3.0916638e-01   1.3880548e-01  -8.6126300e-02   8.1653476e-02  -2.9191545e-02  -1.1089036e-01  -2.5200186e-01  -1.1419238e-02  -3.2978502e-01  -1.6706305e-01   1.0566640e-01  -7.7893945e-02   3.9436376e-01  -1.4997998e-01  -4.4889583e-01  -2.1890846e-01   2.1423950e-01  -2.6143100e-01  -1.4928659e-01   7.9358842e-02   5.6560007e-01   4.1412055e-02  -2.9191528e-01  -4.9341384e-02   1.7118719e-01  -1.5852348e-01   1.8824521e-01   6.3954972e-02   1.1612698e-01  -2.3386988e-01   3.9822768e-03   7.2497276e-01   3.0166057e-01  -6.3473898e-03  -1.8706179e-02   5.1158517e-01   7.4682509e-01   6.7310325e-02   2.3116439e-01   1.8637512e-01  -3.3974489e-02   1.9754141e-01  -4.5376605e-02
  -1.8463522e-01  -3.0098381e-01  -1.4131672e-01  -1.5859410e-01  -2.9949665e-01  -3.2465015e-01  -1.6799308e-01  -7.0009941e-02  -2.3700542e-01   2.5614562e-02  -6.0511329e-02  -2.9092277e-01   0.0000000e+00   1.4146554e-01  -1.5700880e-01  -8.9479325e-02  -7.2217035e-02  -1.4925391e-01  -1.5786572e-01  -2.9904829e-01   2.2113923e-01  -2.4861781e-03   1.5072092e-01  -8.6254568e-02  -4.1428495e-01   7.2758309e-02  -4.0036099e-01   3.5944609e-02  -2.9265388e-02  -2.2098883e-01   1.1252909e-01  -1.2829656e-01  -2.7670219e-01  -1.4964587e-01  -1.4312289e-01  -3.8220568e-01  -5.7631429e-02  -1.3676718e-01   1.2637004e-02  -1.5559607e-01   6.4349688e-01  -2.4901243e-01  -2.5536267e-01   1.0799497e-01  -3.8189216e-01  -8.1861289e-02  -2.4483026e-01  -2.1042398e-01   3.1038926e-01   1.5425366e-01  -1.3374019e-01   8.8072262e-02  -8.5705406e-02  -3.5832909e-01  -5.4125579e-02   5.3524339e-02  -1.7243328e-02  -1.2292658e-01  -9.4869119e-02  -1.7512056e-01  -4.4888453e-03   3.7683590e-01   3.0269818e-03  -1.2437030e-01  -1.0665385e-01  -1.0758737e-01  -3.4496768e-01  -2.8842239e-01  -2.0208366e-01  -1.1992733e-01  -5.9887019e-02  -1.1469245e-01  -2.0808847e-01  -2.0625075e-01  -3.5882281e-01   9.2952549e-02  -3.8423987e-02   2.0415073e-01  -2.6668996e-01  -8.2127161e-02   7.3277341e-02  -2.4815729e-01   1.0330553e-01   4.5161652e-02  -5.6240761e-02  -5.9061221e-02  -1.8619052e-01  -1.8913289e-01  -1.1841270e-01  -1.3792325e-01  -1.6525639e-01  -2.3143929e-01   1.4661050e-02  -3.9601715e-01  -7.2346315e-02   1.6764011e-01  -4.2512493e-01  -2.5227971e-01  -4.5582799e-01   1.0169271e-01   2.2342267e-01  -5.9047733e-02   4.1863621e-02  -9.4189534e-02  -7.1084419e-02  -1.8900857e-01  -2.3430173e-01  -7.3892851e-02   2.2459644e-01   1.0939986e-01  -4.9090038e-02   6.4224779e-02  -8.6232413e-03  -1.5345128e-01   2.1023838e-01  -1.2949319e-01   2.0655248e-01   3.7640720e-01   8.5268280e-02  -1.8027354e-01   3.8678336e-02  -1.7010797e-01  -3.3306166e-01  -1.3807183e-02  -9.4032770e-02   6.7766715e-02   6.7467841e-02  -4.2201377e-01  -1.6780634e-01  -1.0439112e-01  -7.4139380e-03  -9.3310473e-02  -1.5478372e-01   2.0330795e-01  -1.2496859e-01  -1.1770913e-01  -9.5948312e-02   7.6218914e-02  -6.6989937e-02   4.0974591e-02  -7.0609161e-02   8.0841073e-01   6.6103135e-02   1.1326307e-01   6.4094932e-03   1.8632839e-01   1.4809952e-02  -2.3014646e-02   2.0667348e-02   3.8718228e-01  -1.5383430e-01   2.1932579e-01  -2.0496108e-01  -2.2621626e-02  -2.0194376e-01  -7.7455733e-02   1.6072037e-01  -6.6263644e-02  -1.7854492e-01   6.8645685e-02  -1.6999473e-01  -5.3250643e-02   1.1659430e-02  -1.2955241e-01  -2.4150785e-01  -2.2233060e-01  -4.3808764e-02  -9.7465892e-02  -4.6932172e-02  -2.5302769e-02  -2.0611046e-01   9.9621713e-02  -2.6409969e-01  -3.1532743e-02  -3.2601925e-02  -2.2370758e-01  -2.9314526e-01
   1.7008015e-01  -2.5059361e-01  -2.1062291e-01   2.4307268e-01  -4.2476146e-01  -1.0184435e-01  -3.7168940e-01   1.0476178e-01  -1.5649265e-01  -4.5176431e-01   5.8430174e-02  -9.7775667e-02   1.4146554e-01   0.0000000e+00  -3.7009137e-02  -2.9119731e-01  -3.0652334e-01   4.9781880e-02   2.6285722e-01  -4.1931843e-01   6.5918026e-01   3.5872543e-01   3.8530735e-01   1.0930466e-01   3.3643205e-02   3.3642579e-01  -1.9329210e-01   5.5267354e-01  -9.0103801e-03  -5.5759761e-02   8.7640685e-02   1.2420178e-01  -2.3053799e-01  -3.5517377e-01   6.0892486e-02  -3.1364247e-01  -1.9155260e-01  -1.5079806e-01  -4.7024207e-01  -2.6439943e-01  -1.3877990e-01  -1.3623943e-01  -3.2391231e-01   3.0428141e-01  -1.1709110e-01   1.5421649e-02   3.5629914e-02  -3.4521107e-01   5.6799904e-01   2.2262477e-01   1.6016578e-01   2.2032783e-01  -4.0619448e-01   4.9082054e-03   2.4600113e-01   3.3028971e-01   5.7474948e-01   5.7705988e-03  -3.4474424e-02   1.4938663e-01   8.6808046e-02   5.8783889e-01   1.8171056e-01  -4.1054961e-01  -2.1138776e-01  -1.5810105e-03  -1.3334226e-01  -1.1657953e-01   3.6081430e-01   7.3223759e-02  -2.8418148e-01   1.7888045e-01  -4.5278531e-01   2.3840634e-01  -1.1304618e-02  -3.5258762e-02   3.2892432e-02   8.2045880e-02  -4.0926862e-01  -9.5980918e-02   2.3122120e-01  -3.6254150e-01  -1.9606707e-01   4.8321611e-01   3.4988274e-01   4.7677615e-02   1.3898445e-01   4.9595506e-01   1.8815456e-01   1.7308498e-01  -3.4548218e-01   1.7169491e-02  -2.2892952e-01  -1.4242128e-01  -2.2341024e-01  -2.0878823e-01  -2.1720626e-01  -1.0750178e-01  -3.5430740e-01   1.2726093e-01   4.4031032e-01  -2.9237940e-01   5.2570957e-01  -2.2111477e-02   3.1066229e-01   1.9014154e-01  -3.7223869e-02   1.7853092e-01   2.2192039e-01   2.4118627e-01  -3.3782111e-01   4.8465404e-01   1.7624086e-01   2.2503372e-01   5.9948609e-01  -4.4958440e-01   9.6402503e-02  -2.1607714e-01   1.3320265e-01   1.4725933e-01   1.6239743e-01  -3.5858028e-01  -1.6463932e-01  -2.6545869e-01   1.5613996e-01   6.9172065e-01   3.5874073e-01  -2.7640780e-02   1.2816998e-01  -7.0060243e-02  -3.2079944e-01  -2.7777238e-01   4.0570973e-01  -6.6037639e-02   9.6202793e-02  -2.1056937e-02   4.4481569e-02  -2.2980408e-01   2.0954087e-02  -1.4001127e-01  -4.7889243e-02   1.5589782e-01   2.9323884e-01  -1.0869005e-01  -8.0075301e-02   2.3069793e-01  -1.4047091e-01  -2.7791488e-01   6.5808122e-02   2.1025166e-01   2.9401268e-01   4.0076353e-01   6.7176849e-02  -3.7999049e-01  -5.1888089e-01   2.1223310e-02   6.8772868e-02  -1.4181161e-01   2.9307431e-02   4.2930280e-01  -2.7524471e-01   6.5462179e-02  -3.3364661e-01   3.5594098e-01   1.9398179e-01  -2.8685614e-01  -1.7935836e-01   5.3662703e-01   6.6252665e-02  -3.9409529e-01  -3.2767199e-01  -1.4053658e-01  -2.0136861e-01   9.7974017e-02   1.5664756e-01  -1.8072720e-01   8.1196466e-02
