   0.0000000e+00   1.7505841e-01  -2.6398528e-01  -3.1380160e-01  -5.0097896e-01  -1.5085644e-01  -1.6443354e-01   2.3172042e-02  -5.8973698e-02  -5.7649873e-02  -3.9973840e-01   1.7868964e-02  -1.7129431e-01   6.3864997e-01   1.7702909e-01  -4.3044812e-01  -2.3521486e-01  -2.8933031e-01   3.9198877e-02  -5.3337998e-01  -6.4984788e-02  -2.3074553e-01   4.4412152e-02   7.0770269e-01  -2.9356278e-01   7.6148918e-02  -4.0941117e-01   5.1932133e-01  -6.0403373e-02   2.2955310e-02   1.8593250e-01  -3.0029618e-01  -1.4227327e-01  -8.2926128e-02   1.6618752e-01  -5.6035487e-01  -2.6191782e-01   1.5237636e-02  -4.2530429e-01  -3.9211265e-01  -1.1221791e-01  -1.9578160e-01  -7.0855473e-02   2.1851604e-01   1.1378204e-01  -9.1797347e-02  -4.8966391e-01   4.7461587e-04  -2.1222785e-02  -8.5227630e-02  -3.7589757e-01   9.5623471e-02   8.7004762e-02   3.3092050e-02   1.3466877e-01   1.6299014e-01   1.1019195e-02  -2.0848804e-01  -3.0501413e-01  -7.4498548e-02  -2.7147501e-01  -1.9753612e-01  -1.4738456e-01  -2.9137141e-02   6.4953628e-02  -1.9041749e-01  -1.6434891e-01   6.3986689e-02  -3.3923438e-01  -2.9678159e-01   8.3699949e-02  -2.7156244e-01  -4.2849546e-02   3.0883077e-01   4.6468385e-02  -1.2305717e-02  -2.1615217e-01   3.5462536e-01  -1.4482851e-01  -2.8305387e-01   3.8774279e-01  -1.9443606e-01  -3.8893747e-02   2.3849308e-02   3.9829749e-01   9.3735487e-02   1.2759739e-01   5.2576087e-01  -1.5352260e-01   3.9602988e-01  -1.0639556e-02  -2.3350880e-01   1.6563387e-01  -3.6081297e-01  -5.7906729e-02  -4.0846700e-01  -1.6348668e-01   5.4386617e-02  -4.3700488e-01  -1.3806011e-01   1.6559783e-01   2.0139275e-02   1.9013135e-01   3.1449834e-02  -2.6221662e-01  -6.8111598e-02   1.3938868e-01  -1.7855425e-01  -1.9416072e-01  -1.5680208e-01   6.6133923e-02  -9.6973535e-02  -2.7612992e-01   5.2470995e-01   4.0760186e-01   2.1564221e-01   1.1048892e-02  -6.3266475e-02   2.1531859e-01  -3.6398105e-01   1.1423717e-01  -2.5970804e-01   6.0223886e-02   1.0424771e-01  -5.7966181e-02   3.9175289e-01   1.2901356e-01  -1.5957829e-01  -2.8517431e-01  -1.2324725e-01  -2.8134303e-01  -3.0487621e-01   3.9022421e-01   1.1620466e-01  -3.4281905e-01  -1.9710526e-02  -3.0039750e-01   4.9451706e-01  -8.2885387e-02   4.7618755e-01   5.9476701e-01  -3.3867221e-02  -2.8551903e-01  -3.1505814e-02   2.6346011e-01   1.0926220e-02   1.9560292e-01  -6.3808640e-02  -1.5768692e-01  -5.1843702e-02   5.3380413e-01   9.2664214e-02   8.0668359e-03   9.5515701e-03  -9.5339319e-02   5.7494014e-01  -2.0270823e-02  -3.4374044e-01  -2.9846529e-01   9.9820537e-02   2.1658407e-01   3.7859895e-02  -3.1215335e-01  -2.7003038e-01  -9.7738393e-02   1.6196086e-02  -1.1251536e-01   1.9129771e-02  -1.9084495e-02  -1.3442869e-01   1.7073634e-01   2.0344442e-02  -3.4561774e-01   5.3869591e-02  -1.0898592e-01  -2.4815152e-01  -2.4127262e-01
   1.7505841e-01   0.0000000e+00  -2.2683250e-01  -3.0840330e-03   2.3935299e-01  -1.3301918e-01   2.1243854e-01  -8.4474421e-04   2.3535815e-01   1.4732901e-01  -2.2372622e-01   7.3804208e-01  -3.1444939e-01   3.6067474e-01   7.6434047e-02  -3.0164338e-01  -1.5410387e-01  -5.0007351e-02  -1.7806979e-01   7.8218951e-02  -1.3296092e-01  -1.5569845e-01   1.8119629e-01   2.2003702e-01  -3.0986681e-01   1.1544909e-01   6.4689254e-02   4.5485885e-01   2.1255965e-01   2.0148813e-01   8.6625256e-04  -1.9996959e-02  -1.7231191e-03   3.5031328e-01   4.1922636e-01  -1.4622390e-01   2.0536168e-01  -2.3266470e-01  -3.4386591e-01  -6.4563416e-02  -2.0097815e-01  -2.1793624e-01   5.6053849e-02   3.5806042e-02   5.3487073e-01  -2.7651354e-01  -5.5916397e-02   4.9261229e-02  -8.6283390e-02   2.9147435e-01  -7.5756302e-02   3.2239472e-01   6.2194794e-01  -1.7053419e-01  -1.8685789e-01   1.6821534e-01  -8.1127970e-02  -1.5491017e-01   2.8206766e-02   2.6402073e-01  -3.3722666e-01  -3.6097767e-02   3.0867352e-01   2.6259665e-01   3.8680895e-01   2.1293764e-01  -1.0443941e-01   3.5511546e-01  -9.0707942e-02  -3.5445974e-01   1.7070808e-01  -1.4531844e-01   3.3383961e-01   3.0358911e-02   1.2225606e-01  -7.8473455e-02  -2.9858890e-01   2.3168558e-01   4.1094738e-01  -9.1985380e-02   3.6714827e-01   1.6646634e-01   1.6157465e-02   1.6236079e-02   7.7040204e-02  -2.7757572e-02   9.4993240e-02   1.3718499e-01   1.2569227e-01  -2.0304550e-01   5.8527929e-01  -3.7220578e-01   2.5636940e-01   2.9871410e-02  -2.6497246e-01   8.1758337e-02   1.2943105e-01  -2.4810818e-02   1.6047019e-01   2.5748082e-01  -1.0591856e-01   2.5301671e-01   1.2385513e-01   2.0377208e-01   9.7406186e-02   1.6018839e-01   1.8435942e-01  -1.6024804e-02   7.9049776e-02   1.6445481e-01   3.3710926e-01  -3.6278043e-02  -1.6958150e-01  -1.1590781e-01   2.4200554e-02   6.6389766e-01   1.6439465e-01   2.2166175e-01  -1.1998942e-01  -4.6333066e-02  -3.4591934e-01   3.3292103e-01   1.7972701e-02   6.0620834e-01  -3.1742869e-01   4.3838721e-01   3.7364902e-01  -1.1824346e-01   2.9897621e-02  -2.1394058e-01  -7.7619316e-02   6.1593460e-02   4.1734269e-01  -4.5048563e-02  -1.9686686e-01  -1.1324348e-01   1.6537032e-03   8.5160537e-02  -2.1855441e-02  -7.3297675e-02  -3.5930922e-02  -3.4189055e-01  -3.9009666e-01  -1.3748464e-01   3.5080650e-01   3.3033099e-01   3.9957612e-01   4.3133141e-01   3.3975931e-01   1.0201692e-01   3.8944735e-02   6.9637499e-02  -2.5852067e-01   1.8765217e-01   2.5741123e-01  -4.4135200e-02  -2.9542255e-01   4.3830534e-02  -2.5860086e-01   2.9641637e-01   1.9771697e-01   2.5148768e-02   1.2747112e-01  -7.5288164e-02  -2.9470782e-02   3.3475089e-01   1.2715665e-01   2.6738955e-02  -2.6227586e-01  -4.8956415e-02   5.5423406e-01  -4.1087478e-01   3.2160988e-02  -1.2623586e-01  -1.3095793e-01  -1.8257585e-01  -8.8271929e-02
  -2.6398528e-01  -2.2683250e-01   0.0000000e+00  -1.6335313e-01   1.3247864e-02   3.0291083e-01  -3.3852501e-01  -5.6286643e-02  -1.1548873e-01   2.2881067e-01  -2.1554820e-01  -9.8325411e-02   1.7103523e-01  -3.0762732e-01  -2.8980237e-01   4.1969209e-02   7.4730181e-01  -2.8591628e-01   2.1119748e-01   2.2695959e-01  -4.9621761e-01  -2.3051891e-01  -3.2319634e-01  -2.8215285e-01   1.0479658e-01   3.1531227e-02  -1.1646845e-01  -1.7757124e-01  -6.1621992e-02  -4.9634906e-01  -3.4669326e-01  -8.8575807e-02   3.1797394e-01  -3.8715598e-01  -1.4390694e-01  -5.8274981e-02  -3.5078558e-02   1.1928777e-01  -5.3492511e-02   9.0916751e-03  -1.6467835e-01   5.1416631e-01   1.0000267e-01  -4.6723266e-02  -2.5350027e-01   5.4081927e-01  -6.4472216e-02  -4.5751345e-01  -2.2923642e-01   2.0990743e-01  -2.1881840e-01  -4.4261261e-02  -4.2585384e-01   4.8376145e-01  -2.7333377e-01   3.1448076e-02   1.1349397e-01   4.2997424e-02  -1.6508993e-01  -7.9037681e-02   6.1248810e-01  -1.3127498e-01   2.0799287e-02  -5.9665337e-01  -2.8173260e-01  -3.2435897e-01   8.8644452e-02  -1.1994061e-01  -1.7917776e-01   4.2559003e-01  -4.0409415e-01  -2.8919575e-01  -4.1940544e-01   3.3740160e-01   2.4985300e-01   4.2407246e-02   5.4128503e-01  -9.0437937e-02  -1.5300370e-01  -1.0146921e-01  -3.3435462e-01  -3.0470082e-01  -7.3306585e-02  -1.3821821e-02  -2.9064349e-02   4.6839386e-02  -2.2991684e-01   3.0012873e-02   1.4464698e-01   2.4018787e-01   5.4547514e-02   7.5263975e-01   2.1434342e-01   2.0067107e-01   2.8333543e-01   2.2594422e-01   2.6352287e-02   2.0159897e-01  -2.8109763e-02  -4.3095395e-01  -2.0852456e-01  -6.5071949e-02  -2.3336204e-01  -1.5288608e-01  -3.9967729e-01  -8.9822474e-02   2.0322823e-01   8.0213069e-02  -2.3678485e-01  -2.1507363e-01  -9.7964683e-02  -1.7989803e-01  -4.2556250e-02   5.0621879e-02  -2.7986570e-01  -2.8254847e-01  -2.6801731e-01  -2.2323609e-01  -5.5073944e-02  -1.2327218e-01   5.3163782e-01   1.2367095e-01   3.3852472e-01  -3.8228748e-01   5.2545810e-01  -1.9781472e-01  -3.8742036e-01   1.5132048e-01  -2.6279985e-01   1.4681611e-01   1.6197497e-01  -2.4184087e-01  -9.1680556e-02  -4.0240018e-01   5.8810955e-02   9.7320364e-02   6.3326150e-02  -4.5561554e-01  -2.1201518e-03   2.4311335e-02  -2.5480528e-01   3.4270754e-01  -9.3551509e-02   3.3814411e-01  -4.0273524e-01  -4.1963864e-01  -1.3241409e-01  -3.5191932e-01  -1.6920738e-01  -4.2724075e-01  -5.5402441e-02   5.5735111e-02   6.4194512e-01   6.6153490e-02   4.9603595e-01  -9.7695627e-02   4.6658906e-01  -5.1959845e-02   6.6117451e-01   1.7976580e-02  -7.5323827e-02  -2.3877715e-01  -1.2843697e-01  -3.1956408e-01   1.2730760e-01  -1.9953323e-01  -7.1079384e-02  -1.4739752e-01   5.9692564e-01  -2.0280934e-04  -1.6790682e-01   2.9359319e-01  -3.0106258e-01   2.3533092e-01   1.3325319e-01   3.3147208e-01   2.4056453e-02
  -3.1380160e-01  -3.0840330e-03  -1.6335313e-01   0.0000000e+00   3.0940116e-01   2.1039024e-01   1.9950451e-01  -5.2549229e-02   2.2446318e-01  -1.9513836e-01   4.2676916e-01   1.1414271e-01  -1.8344817e-01  -3.6623895e-01  -9.5569793e-02   2.9658687e-01  -5.2720460e-02   4.8489258e-01   7.2258288e-02   3.7748510e-01   9.6351025e-02   5.1531512e-01  -1.0209832e-01  -3.1822795e-01   5.3455477e-01  -1.4421100e-01   5.2447486e-01  -3.3062028e-01  -9.2006232e-02   3.1639314e-01  -3.4427838e-02   4.4197680e-01   1.3063459e-01   9.1860062e-02  -1.4738144e-01   4.5210098e-01  -2.0791528e-01  -1.0710936e-01   2.6266209e-01   2.0083081e-01   2.3876675e-01   7.8267114e-02  -1.3419733e-02  -3.0809269e-01   2.4779930e-01  -3.9166252e-02   5.4456646e-01   1.0888212e-01   1.3019789e-01  -1.4849394e-01   3.7960243e-01  -1.5955522e-01  -6.0922398e-02  -1.2546441e-01  -2.7114583e-03  -1.0427767e-01   1.9545928e-01   2.7377027e-01   5.7711757e-01   1.9597025e-01  -5.1155318e-02   3.0753341e-01   3.2678960e-01   2.4399234e-01   2.3695126e-01   1.7131323e-01   2.8621538e-01   1.8239134e-01   5.2877529e-01   2.1293654e-02  -6.7413689e-02   6.5087506e-01   3.0959065e-01  -4.0531448e-01   1.0098886e-01   2.3403629e-01  -2.3655038e-02  -1.6687780e-01   1.7541295e-01   5.4351340e-01  -2.4803358e-01   1.3044645e-01  -1.5341962e-01   3.0163596e-02  -3.7687206e-01   3.3319276e-02  -2.0585059e-01  -3.6740893e-01   2.3866669e-01  -4.3117806e-01  -4.2556420e-02  -5.5290221e-02  -5.9472091e-02   3.2861618e-01  -2.2768809e-02   2.8184704e-01   3.5721575e-01   7.6257943e-02   6.7695075e-01  -1.8715485e-03  -1.8006124e-01  -3.9073989e-02   1.6317400e-01   2.5540546e-01   3.7196404e-01   4.5798137e-01  -8.4206616e-02   3.3049295e-01  -1.6746373e-02   9.1100952e-02  -4.8455692e-02   3.6881294e-01   7.7618552e-01  -3.7157426e-01  -3.6264905e-01   6.0615978e-02   1.3691680e-01   1.8342019e-01  -2.3668828e-01   6.9545967e-01  -2.8739038e-01   2.2227470e-01   1.1616537e-02   2.1214820e-01   4.2570456e-03  -1.8258930e-01   1.9255695e-01   2.7472626e-01   4.1814317e-01   4.3678041e-02   1.1053398e-01   1.3755927e-01  -2.1796782e-01   4.9296695e-02   4.0823368e-01   1.1648724e-01   4.6179525e-01  -1.7809375e-01   6.1934151e-02  -2.1230999e-01  -1.1245244e-01  -3.7344548e-01   3.7873730e-01  -1.6821931e-01  -3.7859105e-02   2.8025632e-01  -9.2476866e-02   3.0453324e-01   1.6735004e-01   5.6226971e-02  -4.7236207e-01   1.4020136e-02  -9.7457438e-02   7.3206127e-02  -8.4389166e-02  -2.7174512e-01  -1.7398129e-01   4.4714909e-01  -7.2975261e-03  -7.8850261e-02   9.4965792e-02   1.3255603e-01  -1.3046777e-02   6.8604754e-01   2.3681810e-01   1.6944781e-01   1.4771464e-01   3.0703316e-01  -1.6570128e-01  -7.2277534e-02   1.0826704e-01  -2.5558830e-01   7.1433297e-01   1.1276126e-01   4.6020249e-01   4.5527004e-01   4.8487046e-01
  -5.0097896e-01   2.3935299e-01   1.3247864e-02   3.0940116e-01   0.0000000e+00   9.6259777e-02   2.4586731e-01  -2.7046159e-02   1.3155584e-01   1.5799472e-01   3.1966265e-01   3.8135519e-01   1.2449790e-01  -2.2988292e-01  -2.0904269e-01   2.6467046e-01   1.4403792e-01   1.9237034e-01  -1.3148835e-01   7.5494497e-01  -1.0070704e-01   1.1864589e-01  -7.4891929e-03  -3.4537896e-01  -9.6384685e-02   1.5675739e-02   4.6514538e-01  -1.6205770e-01   2.0675473e-01   9.3905417e-02  -2.6155569e-01   3.0514772e-01   8.5329714e-02   3.2802959e-01   1.0443367e-01   7.0457282e-01   3.8105615e-01  -3.7181909e-01   2.4348988e-01   3.6819461e-01   4.9100957e-02  -1.4404143e-01   9.7462964e-02  -4.0962835e-01   1.6350784e-02  -2.5099437e-01   5.8675342e-01  -9.3511424e-02  -9.3238351e-02   2.6134597e-01   3.0012443e-01   9.4385050e-02   9.1885720e-02  -2.9087448e-01  -6.4933789e-02   2.3123303e-02  -6.3149351e-02   6.7719671e-02   3.0805660e-01   2.0213650e-01  -1.4802557e-01   3.7832243e-01   2.1245512e-01   6.8903027e-02  -9.7951784e-02   3.5703778e-01   1.9126345e-01   1.4887554e-01   4.9396638e-01   2.5241544e-02  -1.0962750e-01   1.4039550e-01   2.3698123e-01  -1.6746745e-01  -1.6086233e-01   5.4632972e-02  -2.0859396e-01  -3.5231297e-01   6.0322965e-01   1.0682848e-01  -7.7019146e-02   2.9254314e-01  -1.4323898e-01  -1.2476348e-02  -2.9828577e-01  -7.2736942e-02  -8.9194819e-02  -3.6506653e-01   1.7116688e-01  -4.2203832e-01   2.1981380e-01  -1.3834885e-01   8.4603219e-02   2.7900971e-01  -3.8035614e-01   7.1889427e-01   2.4995206e-01  -1.0920535e-01   5.6362770e-01   2.7655344e-01  -2.8015537e-01   1.1800887e-01  -1.8512130e-01   1.1609347e-01   2.4668926e-01   1.2741101e-01  -2.6940351e-02   1.8481740e-01   3.2930306e-01   2.7910913e-01   2.0887169e-01   2.8022287e-02   1.6774417e-01  -5.2756275e-01  -2.9141721e-01   1.4355533e-02   1.0281065e-01   1.9287760e-01  -3.5335587e-01   4.5279986e-01  -4.5451692e-01   5.2277037e-01  -1.1745114e-01   9.6326003e-03  -2.2216384e-01  -5.6165086e-02   2.7997219e-02  -1.2357058e-01   1.5792055e-01  -1.5775550e-01   1.6498864e-01   4.3850118e-01  -5.2431530e-02  -2.0682728e-01   1.2156812e-01  -2.3708255e-02   8.9081854e-02  -4.6880328e-01   2.2205215e-01  -5.8026014e-01  -3.8593347e-01  -1.6027024e-01   1.8824398e-01  -9.1175473e-02   1.2827322e-02  -5.4331366e-02  -1.8823436e-02   2.6948062e-01   4.4207814e-01  -6.9049902e-02  -3.3316693e-01  -3.9884674e-02  -2.7586957e-01   4.0667160e-02   2.1421873e-01  -4.9104137e-01  -3.5119367e-01   3.0811303e-01  -4.7097836e-02   9.4576162e-02  -5.7850662e-02  -4.1245932e-02   4.6370265e-01   2.4174095e-01   1.9945616e-01   1.2363238e-01   1.6676979e-01   9.6043493e-02  -2.2223165e-01  -6.0084570e-02   1.9937503e-01  -3.7959130e-01   2.9576569e-01  -8.9779707e-02  -7.5463137e-02   1.3381480e-02   2.2612716e-01
  -1.5085644e-01  -1.3301918e-01   3.0291083e-01   2.1039024e-01   9.6259777e-02   0.0000000e+00  -1.1281168e-01   3.2792564e-01   1.1868513e-01   1.8753497e-01   7.7388987e-02  -1.5132582e-01   2.2160761e-01  -4.0084238e-01   5.7570981e-02  -2.8637823e-01   3.6611007e-01   1.3838758e-01   6.8640171e-01   2.6466594e-01  -2.3180265e-01   2.0123377e-01  -6.9746603e-02  -9.9015886e-02   2.7001548e-01   5.5368504e-01   1.9094390e-01   1.3972453e-01  -1.9101311e-01   5.3195406e-02  -3.4995017e-02   1.0758522e-01  -4.5896350e-02  -1.8176607e-01  -7.4363872e-02   1.3946012e-01  -1.6625100e-01  -3.8047244e-01  -2.4642960e-01  -1.0923200e-01   7.7209398e-02   2.3455616e-01  -8.8002547e-02   6.5976254e-03   9.7536062e-02   1.9930135e-01   2.4814536e-01  -4.2045122e-01  -1.0184581e-01  -3.9517849e-02   1.4676939e-01   3.5242507e-01  -1.8662643e-01   2.2968006e-01   4.8487337e-02   1.9988349e-01   7.7566870e-01   1.6562036e-01   1.6661277e-01   3.9108868e-01   9.8279117e-02   2.0197940e-01   3.7661401e-02  -2.2208300e-01  -5.0800158e-02   1.5800760e-01   8.0854081e-01   9.0745912e-02   2.3151321e-01   1.9008707e-01  -4.6342989e-01   1.0218845e-01  -1.4308610e-01   2.2830885e-01   2.8586459e-01   2.2711183e-02  -4.4099592e-02   1.9594066e-02   2.3128139e-02   1.4878934e-01   5.2746972e-02  -3.3597178e-01  -1.1936269e-01   3.3728510e-01   4.8583213e-02   3.1147276e-02  -1.8284702e-01   1.0231061e-01   1.2263429e-01   4.1658181e-02   1.3691739e-01   2.2707405e-01   2.9843340e-01   7.3958918e-02  -3.1109171e-01   2.1214550e-01   3.7575026e-01   7.2505968e-01   2.4509469e-01  -2.1495012e-01  -3.2722351e-01   1.9120641e-01  -2.0008361e-01   2.0641639e-01  -9.8564464e-02   2.3876599e-01   8.9289205e-02   7.3668084e-01  -6.6551559e-02   3.6457013e-02  -3.4079667e-02   1.5515159e-01   1.0647392e-01  -3.0236883e-01  -2.2876498e-01  -1.0159160e-01   1.1754723e-01  -3.3481825e-02  -1.2746925e-01   1.6756646e-01   3.2675288e-03   3.0328109e-01   3.6269680e-02  -1.2602820e-01   2.3344505e-01   3.6693318e-02   2.1436320e-02   4.3003900e-01   4.4986608e-02  -2.0566389e-01  -6.3268251e-03  -1.6642454e-01   6.5133632e-02  -1.1734578e-01  -1.5728276e-02  -6.1400891e-02   3.8615788e-01  -3.0856370e-01   1.4112907e-01  -2.9221619e-01  -2.8837934e-01   2.1130881e-01   2.2040855e-01   3.5674861e-01  -3.3488502e-02  -1.9123951e-01  -3.6474355e-01   4.4616434e-02   2.7294086e-01  -1.9515582e-01  -1.5114647e-01   3.7221283e-01   3.3192541e-01   5.5787444e-02   2.1045564e-01  -2.4814614e-01  -1.6703594e-01   1.6168281e-01   1.4323412e-01   3.2262689e-01  -4.4858769e-02  -3.0868242e-02  -2.0108241e-02   8.7334453e-02   4.4556881e-01   3.3404289e-02   7.5895852e-02   3.7486108e-01   2.0703594e-01   5.2964728e-02   6.9076934e-02  -3.1810041e-01   1.4345441e-01   8.0553600e-01   3.5422430e-01   1.9829855e-01   4.4641665e-01
  -1.6443354e-01   2.1243854e-01  -3.3852501e-01   1.9950451e-01   2.4586731e-01  -1.1281168e-01   0.0000000e+00  -1.7431820e-01  -1.5436176e-01  -1.3216551e-01   4.1902604e-01   3.4483732e-01  -6.9496986e-02   3.1295174e-02   2.0168816e-01   3.9830110e-01  -2.3708330e-01   3.5587094e-01  -3.8516691e-01   3.0065201e-02   4.8636555e-01   3.4239057e-01   4.6066598e-01  -1.5205985e-01  -1.9423619e-01  -2.9296620e-01   4.1051424e-01   4.8392119e-02   1.8908835e-01   6.5070162e-01   7.7392404e-02   3.0076202e-01   5.3845499e-02   6.1833344e-01   4.3833139e-01   2.9482776e-01   3.9826238e-01  -1.8865310e-01   3.6133937e-01   2.9304954e-01   9.0318016e-02  -2.7708635e-01  -4.0550472e-01   1.7187297e-01  -1.7947946e-01  -2.9253176e-01   2.3641022e-01   6.5424204e-01  -1.5891120e-01  -1.9700156e-01   5.2911938e-01  -2.0453160e-01   2.7666958e-01  -2.3814573e-01  -1.8514170e-01   2.8416261e-01  -2.4634170e-01   1.2043029e-01   2.5342468e-01   2.4414718e-01  -2.8116762e-01  -5.7152023e-03  -1.8224255e-01   6.8900013e-01  -8.3286208e-02   3.5845503e-01   4.2447477e-02   1.6693618e-01   3.4744024e-01   2.2148067e-01   3.6329131e-01   2.4867443e-01   1.3425007e-01  -2.0388199e-01  -2.3447918e-01  -1.4978156e-01  -2.7635702e-01  -1.0132688e-01   1.8206443e-01  -9.0273685e-02   2.9402880e-01   1.3054655e-01   3.1820300e-01  -2.1179125e-01  -1.0605858e-01  -1.5911125e-01   3.9791410e-01  -1.6835093e-01   3.0234478e-02  -1.4513108e-01  -5.5210044e-02  -2.9772850e-01  -3.7223416e-01   1.7045193e-02  -2.4598042e-01  -2.6287734e-01   4.4245884e-02  -4.2148295e-01   1.2148842e-01   5.5451045e-01   1.5947079e-01   1.4409623e-01   2.6000052e-01  -1.8908451e-01   6.8888348e-01   9.0274888e-02  -9.7471818e-02  -2.0001865e-01   9.1688556e-02   4.8865004e-01  -2.4885310e-02   4.5124347e-01   9.3892821e-02  -2.3785344e-01   2.0483501e-01  -6.5467637e-02   3.4355681e-01   8.0996759e-03   2.1220889e-01   3.8280001e-01  -2.5771819e-01  -1.9903063e-01  -3.4715699e-01   1.9145297e-01  -2.7526727e-01   3.5155968e-02   7.6246881e-02  -1.2395533e-01   1.3287100e-01   2.3180455e-01  -1.2052473e-01   6.5018523e-01  -2.8100847e-01   2.7259758e-01  -5.8839586e-02  -1.2652510e-01  -1.4052961e-01   2.7692811e-01  -5.6206204e-02  -3.5870859e-01  -7.3383830e-02  -2.7950737e-01   2.7493968e-01   3.8616133e-01   1.5235954e-01   2.4303424e-01   1.5744707e-02   2.0192917e-01   1.3521380e-01   5.3929635e-01  -5.4975254e-02  -2.5137768e-01  -2.1625885e-01   1.2426403e-01  -2.4858867e-01  -2.1443711e-01  -3.0712173e-01   2.9341202e-01  -2.0038985e-01  -5.1664832e-02  -5.0115784e-02   1.1369446e-01   4.5281893e-01   2.3229661e-01   1.7642127e-01   9.0989451e-02   1.2945799e-01  -4.2383474e-02  -1.4828270e-01   2.1891465e-01  -2.2355265e-01  -2.1694579e-01   2.3589097e-01  -2.6218609e-01  -1.9679588e-01  -9.9178023e-02   1.5260285e-01
   2.3172042e-02  -8.4474421e-04  -5.6286643e-02  -5.2549229e-02  -2.7046159e-02   3.2792564e-01  -1.7431820e-01   0.0000000e+00   2.7309364e-01   2.1831231e-01   7.9403582e-02  -7.8942636e-02   1.3079238e-02   5.0045223e-02   3.1720386e-01  -3.1929529e-01   1.6876669e-01   1.2666307e-01   3.7608528e-01  -3.5967499e-03  -4.0027322e-02  -8.3509148e-02   1.7424567e-01   2.8575923e-02  -1.6286214e-01   4.4685849e-01  -1.1769308e-01   2.2408901e-01  -1.6000494e-01  -9.1988743e-02   3.3986696e-01  -2.4737719e-03   1.3770365e-02  -5.2800332e-02  -7.1785286e-02   4.0889681e-02   2.5381412e-02  -3.4583701e-01  -2.2667271e-01  -1.0477012e-01   7.1852731e-02  -9.0370426e-02   2.8774210e-01   2.6275821e-01   1.9058999e-01  -1.0983988e-01   1.6374842e-01  -1.6664304e-01   1.2498930e-01   1.6887263e-01   1.3896153e-01   3.3412932e-01   2.2289038e-01  -7.9130857e-03   1.4764941e-01   1.0217308e-01   2.7499370e-01  -9.8119356e-02   1.5137673e-01   2.4566433e-01  -1.3590081e-01   7.6764349e-02   1.5808054e-01   1.1997884e-02   2.5649334e-01   2.1917692e-01   4.6367041e-01  -5.0809412e-02   1.5121602e-01  -1.2110374e-01  -5.0090125e-02  -8.9725287e-02   4.6984550e-03   1.2554290e-01   3.6124328e-01   2.6747358e-01  -1.0736622e-01   3.3611734e-01  -2.4408504e-02  -1.0561745e-03   1.4651073e-01  -1.0105973e-01   4.3457777e-02   6.2788264e-01   2.6073957e-01   2.1929412e-01   8.9813378e-02   1.4174794e-01   5.9354072e-02   2.9025374e-02   1.9578726e-01   2.7659782e-02   2.7039683e-01  -3.4397583e-02  -3.7550419e-01   3.5578644e-03   1.3085381e-01   4.3938991e-01   1.4011886e-02  -1.3666582e-01   5.8620473e-02   2.6807082e-01  -1.7437995e-02   2.3922395e-01  -1.7715515e-01   3.9966496e-02   8.9320315e-02   5.1885538e-01   2.5869297e-02   2.9958038e-02   7.4833546e-02  -2.7574493e-01  -7.5015906e-02  -3.6835300e-04   7.6073782e-02  -1.4975286e-02   1.1017442e-01  -3.5291246e-02   1.0694610e-01  -2.4482986e-01  -5.9589790e-03   1.0188569e-01   2.4048523e-01   1.2914002e-01  -5.7235829e-02   5.0070727e-02   2.7692731e-01   2.1203600e-01   2.5062285e-02  -2.3518410e-01   8.9493604e-02  -1.2928965e-01   1.5802384e-01   2.2561727e-01  -1.3727239e-01   1.8053540e-01   7.5173406e-02   1.5829744e-01   3.5200970e-01  -4.2880900e-02   2.9616469e-03   1.7139753e-01   9.0657212e-02  -3.9415712e-02   2.1054258e-01   1.8017958e-01  -1.1512683e-01   1.7667792e-01   2.1952122e-01   2.3531947e-02   1.6798074e-01   4.8358652e-01   5.1962056e-02   3.0088050e-01   6.0475301e-02  -5.4739822e-02  -2.1820619e-01  -7.8181277e-02  -7.9291691e-02   1.1143015e-01  -6.4143696e-02   3.2463047e-01  -5.1475213e-02   1.7591677e-02   3.5763231e-02   1.5338182e-01   1.9187977e-01   2.2349886e-01  -4.6622406e-02   1.3656600e-01   1.3958478e-01  -2.5574931e-01  -5.1852704e-02   2.2822974e-01   8.4310496e-02  -5.0738546e-02   3.9529582e-02
  -5.8973698e-02   2.3535815e-01  -1.1548873e-01   2.2446318e-01   1.3155584e-01   1.1868513e-01  -1.5436176e-01   2.7309364e-01   0.0000000e+00   2.5189795e-01   3.7361236e-02   2.4971329e-01   3.1938086e-02  -3.6645799e-02   1.6516926e-01  -1.7303005e-01  -3.4467027e-02   1.7743637e-01   5.7071535e-02   2.9203928e-01  -3.5557418e-02   2.2326788e-01   2.0859959e-01   1.4267209e-01   1.5540072e-01   2.6676905e-01   2.2361616e-01   5.6988253e-02  -2.2737087e-01  -8.9715880e-02   2.8977144e-01   1.2166668e-01  -9.2827430e-02   2.4985421e-02   8.0313381e-02   1.2821097e-01  -1.6118961e-01  -2.4515560e-01  -8.3447605e-02   1.7432270e-01   2.0202968e-01  -1.5473680e-01   4.3029499e-01  -3.1042359e-01   5.6512351e-01  -7.4342551e-02   2.6878036e-01  -2.0028655e-01   1.0211742e-01   4.1370608e-01   8.7042876e-02   3.1841886e-01   2.0929467e-01  -2.3909941e-01   1.8566127e-01  -8.4953494e-02   1.8362863e-01   6.7022402e-03   1.4919753e-01   3.0060741e-01  -1.0285593e-01   3.7286373e-01   7.8660146e-01   6.5478812e-02   5.8874145e-01   1.3274140e-01   1.3190061e-01   1.9134898e-02   2.0779065e-01  -1.6376651e-01  -6.9375669e-02   1.5432284e-01   1.7350983e-01  -1.0631004e-01   2.7529153e-01   1.3705678e-01   1.3655463e-03  -1.2306370e-01   1.1476445e-01   3.4881591e-01   6.7523065e-02   4.8326409e-02  -2.7064162e-01   3.3881173e-01  -3.3595940e-01   2.5018480e-02  -1.5892432e-01  -3.5383188e-02   2.2850837e-01  -4.0454207e-01   1.5865873e-01  -1.0510092e-01   2.6107172e-01   4.9905418e-01  -1.6509599e-01   2.8973370e-01   1.6100799e-01   1.8671231e-01   2.7778542e-01   2.1987885e-01  -1.0892287e-01   1.5392750e-01  -7.7632136e-02   7.7685696e-01  -6.4405731e-03   9.8047279e-03  -2.6092717e-01   3.6907631e-01   3.6435969e-01  -3.5467312e-01   2.6445058e-01   5.4805223e-02   2.1511276e-01  -3.6358088e-01  -1.1627856e-01   2.6547229e-01   1.0725292e-01   3.0152959e-01  -3.0981430e-01   2.5935264e-02  -2.8920164e-01   4.0918405e-01   3.0547661e-01   4.6903172e-01  -9.6333159e-02   3.7385971e-01   4.9583786e-01   4.3445372e-01   5.3964406e-01  -2.4684794e-01   9.2251666e-02  -2.1555091e-01   3.4365624e-01   2.6643434e-01   3.9505232e-01   6.6086932e-02   2.4435117e-01  -5.0832161e-03   1.7315187e-01  -7.1416099e-02  -1.4566062e-01  -1.9275593e-01  -1.9921614e-01  -4.1560480e-01   3.3092712e-01   3.4574872e-01   1.9322951e-01   3.6244567e-01   2.4516015e-01  -2.0227134e-02  -1.9547374e-01   3.2642755e-01  -1.8893294e-01   2.3590940e-01   2.1611060e-02  -2.3149844e-01  -1.5297733e-01   5.9207878e-02  -1.7618729e-01   2.1593348e-01   9.9114193e-02   9.7386805e-03  -2.5547278e-01   2.2889466e-01   2.9097525e-01   3.1114499e-01   2.4139014e-01   1.4579027e-01  -4.6964398e-01  -2.7753025e-01   4.7917614e-01  -3.7700132e-01   9.9389128e-02   4.6858893e-02   2.9812699e-01   1.4947968e-01   3.6637210e-01
  -5.7649873e-02   1.4732901e-01   2.2881067e-01  -1.9513836e-01   1.5799472e-01   1.8753497e-01  -1.3216551e-01   2.1831231e-01   2.5189795e-01   0.0000000e+00  -1.1567653e-01   1.2117447e-01   2.8897099e-01   6.5482628e-03   2.3273509e-01  -1.1015893e-01   2.4273018e-01  -3.0929252e-01   1.3527782e-01   4.2794609e-01  -1.2908739e-01  -2.6349904e-01   4.0913910e-01   1.2733464e-01  -2.6485051e-02   3.9648776e-01   6.4993537e-02   1.3633814e-01  -1.3693244e-01  -4.6651871e-01   1.1038445e-01  -1.1488731e-01   1.0939748e-01   2.3409109e-01   4.2640999e-02   4.7802337e-02   3.0779610e-01  -3.0209464e-01  -8.2876697e-02   1.9665764e-01  -2.2153751e-01   2.0798905e-01   3.1947042e-01  -6.7341924e-02   1.2573455e-01   3.9029490e-02  -6.9783961e-02  -2.9821593e-01  -2.7682070e-01   3.3631406e-01  -1.0938794e-01   3.2345095e-01   1.9586535e-01   1.6922587e-01  -6.0833072e-02  -5.7001195e-02   3.0572566e-03  -1.1078554e-01  -1.6592871e-01   9.4100193e-02   1.4630182e-02   1.6556311e-01   2.8327450e-01  -1.6465945e-01  -1.9998317e-02   1.7403971e-01  -6.1605055e-02   1.8510927e-02  -1.6741304e-01  -8.9834132e-04  -6.2237479e-03  -1.8871125e-01  -2.1323122e-01   3.0412148e-01   2.6609747e-01  -8.6824767e-02  -7.3793774e-02  -1.2131006e-01   2.3318133e-01  -2.9312759e-01  -1.1232206e-02  -2.2022485e-01   2.2426083e-01   1.6576716e-01   9.6779884e-02  -1.5651466e-02  -4.6606179e-02   2.6666124e-01   3.6105970e-01  -5.2316164e-02   4.9232489e-01   1.0227453e-01   6.0044537e-01   1.7596774e-01  -2.1459748e-01   3.8116770e-01   2.1846434e-01   1.1770660e-01  -1.7748075e-02   1.6354127e-01  -1.5585818e-01   4.3502614e-01  -3.9337621e-01   1.9813109e-01  -2.6381777e-01  -1.8034379e-01   1.9221867e-01   8.8019032e-02   2.3109383e-01  -1.4772010e-01   5.3417152e-01  -2.1084902e-01  -1.1417186e-01  -2.1902507e-01   1.1555601e-01   1.2596512e-01  -5.2098263e-02  -1.5210470e-01  -1.9285789e-01  -4.9683165e-02  -1.0552449e-01   4.5170350e-01   2.1837554e-01  -1.9749991e-02  -3.4476056e-02   2.1433458e-01   7.0248237e-02   1.6886228e-01  -6.1877685e-02  -2.7449816e-01   1.9557393e-01  -5.5340583e-02   3.5605141e-01   6.2777378e-02   1.3036401e-01  -7.9806066e-02   1.6981693e-01  -2.7603207e-01   2.6886113e-01  -2.0415897e-01  -1.5913128e-01   2.7359268e-01  -3.1169855e-01  -4.3872076e-02   1.6335527e-01  -1.8849981e-01   3.1160249e-01  -1.9448604e-01   1.8570593e-01  -1.2761570e-01   2.0290310e-01   2.0358580e-01   6.3061205e-02   1.3459321e-01   2.1148169e-01  -2.3294710e-01  -1.0361215e-01   3.4290801e-03  -7.0936419e-03   2.3719428e-01  -3.9903678e-02  -2.7678672e-01   1.6267193e-01  -2.8896862e-01   1.5217379e-01   3.9010933e-01   2.8019816e-01  -6.4139625e-02  -2.2578819e-03   3.1086506e-01   1.6812841e-01  -2.8880023e-01  -2.3589845e-01   3.0344354e-02   1.3552204e-01  -1.2926639e-02  -3.3310918e-02
  -3.9973840e-01  -2.2372622e-01  -2.1554820e-01   4.2676916e-01   3.1966265e-01   7.7388987e-02   4.1902604e-01   7.9403582e-02   3.7361236e-02  -1.1567653e-01   0.0000000e+00  -1.5075765e-01   3.0257260e-02  -3.3994692e-01   1.6965650e-01   4.8014550e-01  -2.2516833e-02   6.9403409e-01  -5.9455394e-02   3.4309614e-01   4.6101511e-01   4.9266507e-01   2.7907451e-01  -3.8789995e-01   1.8465063e-01  -1.2459798e-01   4.5102234e-01  -2.3626501e-01  -1.5449910e-01   4.4882576e-01   1.3044053e-01   5.4718655e-01   1.2806575e-01   3.4671679e-01  -1.0421296e-01   7.2807991e-01   9.0109673e-02  -9.3004023e-02   4.6482476e-01   3.5231416e-01   2.4457010e-01  -4.8011982e-02  -1.2691150e-01   5.0226330e-02  -9.4797258e-02  -8.6877273e-02   6.8903269e-01   4.5576895e-01   2.8782709e-02  -4.5621668e-02   7.1791038e-01  -7.2186373e-02  -8.9824609e-02  -2.0873618e-01   2.3503106e-01   2.4608250e-01  -1.4345768e-01   3.4144307e-01   6.3291759e-01   1.1853149e-03  -4.5656642e-02   3.5974262e-01   3.0036791e-02   5.0647156e-01   6.9501389e-03   3.0903513e-01   1.7427715e-01  -3.9566567e-02   6.8034926e-01   2.6780485e-01   1.4083595e-01   5.3384748e-01   1.3381105e-01  -3.5869503e-01  -8.6557066e-02   1.8168452e-01  -1.0456130e-01  -8.9072807e-02   1.4190995e-01   3.1657230e-01  -1.1490752e-01   1.4717419e-01   1.5353588e-01  -2.0467833e-01  -2.5302646e-01  -1.8753755e-03  -2.0631787e-02  -4.0378870e-01  -5.0218570e-02  -3.0297652e-01  -2.6200560e-01  -1.9669057e-02  -9.3605233e-02   3.8585343e-02  -1.3567556e-01   1.1675073e-01   1.6437898e-01  -1.8795691e-01   4.5977287e-01   1.9167019e-01   1.2339098e-01   2.0789207e-01   2.6428539e-01   4.2624859e-02   6.3872895e-01   3.0000518e-01  -1.9084142e-01   1.5965571e-01   5.0118814e-02   3.2134083e-01   8.4495401e-02   3.6026451e-01   3.4743964e-01  -2.9246324e-01  -1.1892539e-01  -2.2575350e-01   4.0898267e-01   1.5809629e-01   3.1740860e-02   4.7002721e-01  -2.4915324e-01   9.1333698e-04  -2.9121434e-01   9.3062451e-02  -3.0736863e-02  -3.3018201e-01   2.2796430e-02   1.9097007e-01   3.8704127e-01   1.7931182e-01   2.7758261e-02   5.7360603e-01  -4.2706872e-01   3.4360945e-01   1.4715277e-01   2.0784768e-01   2.4447321e-01   2.1621148e-02   2.4359615e-01  -3.4755015e-01  -1.8504984e-01  -3.3042933e-01   7.1301097e-01   1.1754126e-01  -1.2661834e-02   3.4850729e-01  -1.1693961e-01   1.7418982e-01   2.2308767e-01   2.8951327e-01  -2.6171296e-01  -3.2593499e-01  -5.1239555e-02   2.6536013e-01  -3.4487232e-01  -4.0443383e-01  -1.3475790e-01   5.5422823e-01  -3.7123216e-03  -1.5197926e-01  -2.5291172e-01   5.2420881e-01   2.3604095e-01   6.6083619e-01   1.5530611e-01   1.1923860e-01   4.3401249e-01   1.7626702e-02  -6.0940236e-02   1.6720787e-01  -1.6461598e-01  -1.4432700e-01   4.9514183e-01  -1.4938029e-01   1.0267434e-01   1.2317578e-01   2.1440388e-01
   1.7868964e-02   7.3804208e-01  -9.8325411e-02   1.1414271e-01   3.8135519e-01  -1.5132582e-01   3.4483732e-01  -7.8942636e-02   2.4971329e-01   1.2117447e-01  -1.5075765e-01   0.0000000e+00  -1.9852552e-01   2.2072924e-01   9.8258901e-03   8.2611018e-02  -5.8331964e-02  -1.4774951e-02  -3.3796023e-01   2.5623613e-01  -1.4934733e-01  -9.4799552e-03   7.8122972e-02   1.6994784e-01  -2.6352678e-01  -4.4035889e-02   2.2758278e-01   1.9189752e-01   2.6353484e-01   1.9773120e-01  -2.9376524e-03   2.4253035e-01   6.2616559e-02   3.9407697e-01   3.8484368e-01  -2.8234190e-02   1.6156696e-01  -2.6168420e-01  -8.3953424e-02   6.3165836e-02  -1.0618393e-01  -1.5054534e-01   3.3014935e-01  -1.0321085e-01   4.6133918e-01  -2.5178735e-01   1.0475105e-01   2.7449115e-02  -1.4950886e-01   4.2985959e-01   1.5548657e-01   3.2069111e-02   4.4149518e-01  -1.6769501e-01  -2.9281825e-01   2.9691959e-02  -6.0584095e-02   1.1293062e-02   7.9082248e-02   5.5187240e-01  -4.1519918e-01   4.4463478e-02   2.3179070e-01   2.4536127e-01   2.2917988e-01   2.6000325e-01  -6.4685468e-02   2.9116655e-01   7.1011041e-02  -1.9920948e-01   4.3825820e-02  -1.5274227e-02   2.1901289e-01   8.8915163e-02   1.5987143e-01   4.2718116e-02  -3.3555156e-01   1.2480846e-01   3.9161962e-01   5.4218156e-02   1.6284529e-01   1.8184768e-01  -1.1953435e-01  -1.3109383e-02  -9.7439385e-02   1.0711607e-01   8.6357799e-02   1.2471762e-01   1.8859070e-01  -2.5856847e-01   4.4553476e-01  -4.0308105e-01   1.7065171e-01   2.0117670e-01  -3.0777991e-01   1.9781670e-01   2.2655567e-01  -1.1207653e-01   1.7628141e-01   3.6559602e-01  -2.2883771e-01   2.1852372e-01   1.2033715e-01   1.7195002e-01   2.2151401e-01   1.8434829e-01   1.3038039e-01  -4.0497897e-02   1.1053174e-01   6.4548090e-02   1.7026235e-01   7.4968764e-02  -9.7789731e-02  -3.0789021e-01  -2.3767076e-02   4.4266547e-01   1.3449641e-01   1.8443621e-01  -2.9840219e-01   1.6216572e-01  -2.9501505e-01   4.0305888e-01   2.5324951e-01   4.0121029e-01  -2.6641307e-01   5.2803097e-01   3.6920572e-01  -8.8417543e-02   2.8273954e-02  -1.5550557e-01   6.4362011e-02   1.0693546e-01   4.4457338e-01  -1.0147319e-01   1.0735866e-02   1.8319823e-02   1.1389443e-01   3.0326716e-02   6.0397401e-02  -2.0956562e-01  -2.2978945e-01  -3.0291142e-01  -2.1744497e-01  -1.6534938e-01   3.9767377e-01   2.3160902e-01   3.4431180e-01   3.2670238e-01   3.6948730e-01   7.5218531e-02  -8.8243556e-02  -6.2827543e-03  -3.0335653e-01   1.1886043e-01   3.8406856e-01  -8.8180482e-02  -3.4427641e-01   1.4434590e-01  -2.6765201e-01   7.8529406e-02   2.4030093e-01  -3.4708748e-02   9.8670603e-02  -4.2879912e-02   1.1019003e-01   3.7736324e-01   8.3418834e-02   4.6585012e-02  -3.4181204e-01  -1.9758167e-01   5.1166125e-01  -3.9677065e-01  -5.3776975e-03  -1.3212716e-01  -6.1990458e-02   6.9517692e-02   6.8340438e-02
  -1.7129431e-01  -3.1444939e-01   1.7103523e-01  -1.8344817e-01   1.2449790e-01   2.2160761e-01  -6.9496986e-02   1.3079238e-02   3.1938086e-02   2.8897099e-01   3.0257260e-02  -1.9852552e-01   0.0000000e+00  -1.1498792e-01  -1.6008067e-01   4.0670648e-02   1.3976716e-01  -5.8992530e-02   1.7366899e-01   2.8603042e-01  -4.0047311e-02   4.0617350e-02   4.5415555e-02  -1.8087061e-01   1.4783210e-01   1.4358208e-01   1.6231355e-01   4.1657612e-02  -2.5500314e-01  -1.4913593e-01  -3.8075383e-02  -3.0605534e-01  -1.3755262e-01   3.0827172e-02  -3.7986823e-02   7.6505456e-02   4.1783667e-02  -1.3909395e-01   6.3718837e-02   6.0480361e-02   2.4176133e-01  -1.0740359e-01  -1.6766371e-01  -4.6207738e-02  -9.7633020e-02   2.3011681e-01  -6.6856902e-03  -1.7710138e-01  -1.3940790e-01  -7.8531532e-02  -9.2694360e-02   1.4890817e-01  -1.7089226e-01  -1.1487799e-01   1.7801811e-01   8.2968010e-02   6.2015948e-02  -1.4326327e-01  -1.6004461e-01   3.5430350e-02   7.6568014e-02   3.9321767e-01  -4.0210280e-02  -1.5424995e-01  -8.9092395e-02   1.9729589e-01   1.0958546e-01  -2.4091238e-01  -6.0622341e-03   3.3880204e-01  -1.0462688e-01  -1.5372212e-02  -1.0594450e-01  -1.6069984e-02  -5.2732661e-02  -3.4935369e-01   2.4292268e-02  -1.4368843e-01  -1.0953104e-01  -2.8151228e-01  -3.1642536e-02   3.1665301e-02   5.2160981e-02   1.3151451e-01  -2.3915650e-01  -2.6607452e-01  -1.0667843e-01  -7.2786262e-02   5.4035493e-02   1.9884925e-02   8.1158182e-02   4.0351429e-03   1.2891560e-02   1.2697426e-01  -7.1552759e-02   1.9412245e-01   9.6553907e-02   9.0628310e-02   3.0678677e-02   2.8568703e-02  -3.4950397e-02   1.9290249e-01  -4.3489287e-01   1.9422742e-01  -2.1708000e-01  -4.1065746e-01  -2.5244504e-01   1.0089548e-01   2.2090216e-01  -1.6681686e-01   7.2636047e-03  -1.8794616e-02  -7.4886113e-02  -2.1785340e-01  -1.6997483e-02  -3.0826321e-01   2.8283716e-02   1.2813054e-02   1.3596885e-02  -1.1615821e-01  -5.4291291e-02   2.0928955e-01  -1.2769935e-01  -2.2615917e-01   1.8280248e-01  -3.0088688e-02  -3.5758794e-01   2.0461874e-01  -6.8264167e-02   9.2020446e-02   2.3363375e-01  -3.4806697e-02  -6.4972904e-02   3.8042138e-02  -7.5103553e-02  -3.1286245e-01  -4.3928482e-02  -1.7470765e-01  -1.0060302e-01  -3.6708559e-01  -1.8305124e-01   7.2683146e-01   5.6308437e-02   2.2072196e-01  -1.7999459e-01  -2.7674411e-01  -1.5860441e-01  -1.9014708e-01   1.5086229e-01  -1.3061398e-01  -4.0097249e-02   1.0121981e-01  -6.4677968e-02   4.8131950e-02   6.9945197e-02  -2.6624035e-01   2.7626968e-03  -5.8402616e-02  -6.0994120e-02   8.8877535e-02  -8.4705262e-02  -4.2009542e-02   5.3060504e-02  -8.2257364e-03   1.0603047e-01  -2.9667438e-02  -3.3135377e-02   7.6958685e-02  -7.6355058e-02  -4.3092192e-02  -1.2927991e-01  -1.4313787e-01  -1.9353927e-02   1.6489728e-01   1.7623931e-01  -1.0381850e-01   1.8353095e-01
   6.3864997e-01   3.6067474e-01  -3.0762732e-01  -3.6623895e-01  -2.2988292e-01  -4.0084238e-01   3.1295174e-02   5.0045223e-02  -3.6645799e-02   6.5482628e-03  -3.3994692e-01   2.2072924e-01  -1.1498792e-01   0.0000000e+00   3.3715794e-01  -2.5251990e-01  -2.7769420e-01  -2.9670624e-01  -2.1386542e-01  -4.0930310e-01   1.2426054e-02  -2.4658630e-01   2.3481093e-01   5.7449257e-01  -5.3277772e-01  -4.6483105e-02  -1.8767082e-01   4.9377940e-01  -4.8604437e-02   1.5793109e-02   3.1613236e-01  -1.6990215e-01  -8.2767304e-02   2.2929974e-01   3.4985654e-01  -4.4125633e-01   1.3936211e-01  -1.2870297e-01  -3.0873691e-01   4.1440393e-02  -2.5275123e-01  -4.4640124e-01  -1.2446558e-02   2.2115326e-01   1.1396336e-01  -3.3237902e-01  -4.2185161e-01   2.4232628e-01   1.2536397e-01   1.4603096e-01  -2.5622138e-01   3.7991310e-03   3.1679716e-01  -2.6605508e-01   1.7134925e-02   1.5064796e-01  -2.6137408e-01  -2.3076231e-01  -2.1861179e-01  -6.2317825e-03  -3.9262899e-01  -6.9956548e-02  -1.0300436e-01   1.6156374e-01   1.1479595e-01  -9.0435340e-02  -2.7814733e-01  -1.3082391e-01  -2.6786533e-01  -2.2231762e-01   4.0926465e-01  -3.6983707e-01   1.7411994e-01   9.4378322e-02  -2.0180039e-02   8.0054735e-02  -1.5917280e-01   2.9680248e-01   1.8799264e-02  -3.7163717e-01   3.6650739e-01   1.1629664e-01   2.6738821e-02   4.5659215e-03   2.5271912e-01   1.9692441e-01   3.0679950e-01   3.6410948e-01  -2.1409139e-01   1.1123359e-01   1.0123708e-01  -3.6324245e-01   6.2436212e-02  -2.2722584e-01  -2.0504027e-01  -3.0607386e-01  -3.0505023e-01  -8.6171428e-02  -4.0742911e-01   1.0376983e-01   4.1500633e-01   2.1336040e-01   2.5872222e-01   8.7396875e-02  -1.5467571e-01  -2.3344680e-01   1.7841289e-01  -3.0045480e-01   2.9562444e-02  -1.2399755e-01   1.6785392e-01  -1.7697925e-01  -3.3008901e-01   3.1167211e-01   5.2688347e-01   2.4137904e-01   1.1054037e-01   1.2883756e-02   3.1154431e-01  -3.1890867e-01  -1.5268168e-01  -1.2450456e-01   3.7878760e-03   1.4919696e-01  -2.7732156e-01   4.8556287e-01   2.6806632e-01  -3.7454837e-01  -2.1794846e-01  -1.8417911e-02  -1.0748231e-01   2.1068395e-03   4.0387090e-01   1.4563813e-01  -2.3224665e-01  -1.2213335e-02  -3.2300109e-01   5.4914668e-01   8.0071942e-02   2.7230976e-01   4.9973222e-01  -9.5102753e-02  -3.3552733e-01  -1.0048043e-01   5.1536610e-01   1.9276288e-01   4.1118999e-01  -6.3437070e-02  -1.0540101e-01   9.7295814e-02   5.9830023e-01   1.4630860e-02  -3.3463722e-01   6.9014437e-02  -3.0582657e-02   3.7993565e-01  -2.1217023e-01  -2.7116747e-01  -4.3597475e-01  -3.4965550e-02  -4.7800895e-02   5.7993059e-02  -1.0864802e-01  -2.7135325e-01  -1.8488500e-01   1.5626137e-01   3.1218586e-02   3.7243782e-02  -3.1788384e-01  -9.9692642e-02   2.1209006e-01  -1.1405810e-01  -3.7519383e-01  -2.7250304e-01  -1.2744591e-01  -4.4516961e-01  -3.8477682e-01
