   0.0000000e+00   3.3971266e-01   1.3546039e-01  -1.4777985e-01  -3.0267880e-02  -3.6287385e-01  -4.1423105e-01  -1.0007248e-02  -8.6132218e-03  -1.4116756e-01  -4.1040457e-01   6.4179695e-02  -2.7186949e-01   1.7579246e-01  -5.5018714e-01  -3.3464344e-01   4.0664055e-01  -7.1355663e-02   5.1296051e-01  -9.1939847e-02  -1.1516454e-01  -1.7167848e-01  -3.5672940e-01   6.6891934e-01  -4.1446591e-02   3.7276864e-02  -3.9324032e-01  -1.7343708e-01  -2.4335849e-02   9.1061966e-02  -1.4895254e-01  -4.1431436e-01   2.9306130e-02  -3.8839379e-01  -8.5333724e-02  -3.8124066e-01   1.8486967e-01   7.0671683e-01  -4.6782406e-01  -1.4788781e-01  -4.9898221e-02   3.5189719e-01  -2.2337184e-01  -1.3247143e-01  -2.2391755e-01   7.6285948e-01  -3.7010535e-01  -1.1073290e-01  -8.9768399e-02   1.8275330e-02  -3.4618218e-01  -1.2788814e-01   2.9414208e-01   2.1642171e-01   1.9745087e-01  -3.9833195e-01   1.8322387e-01  -3.5802636e-01  -3.7803530e-01  -1.1017808e-01   4.3795312e-01  -1.4674486e-01   1.8894863e-01  -1.1095762e-01   1.7190727e-01  -7.1279848e-02  -1.0971126e-01   3.1115940e-02  -2.8316697e-01   2.4753209e-01   1.7081702e-01  -3.3639119e-01  -2.6775354e-01   2.4657868e-01   2.3817287e-01  -1.7359188e-01   6.2344055e-01   2.9226369e-02  -1.8805181e-01  -1.3437549e-01  -5.0428859e-01  -3.8253988e-01  -1.1865286e-01   1.9818067e-01   3.4256549e-01  -4.1156825e-01   3.9093050e-02   3.4428669e-01   1.2583375e-02   5.4087201e-01   3.1164108e-01   3.0131821e-01  -4.2152590e-01  -2.1415195e-01   7.3236362e-01  -3.9989699e-02   2.1376388e-02   6.3481717e-02  -8.6220056e-02  -1.7778439e-01   8.2521158e-02  -3.8679324e-01  -3.3834217e-01   1.5274157e-01  -3.9955241e-01  -1.7213535e-01   2.2236906e-01  -1.2879128e-01  -2.1650126e-01  -2.2926775e-02  -4.9353813e-01  -3.0422111e-01  -2.4968214e-01   8.0476912e-01  -2.1374278e-01   7.3939436e-03  -2.8609431e-01  -3.3747828e-01  -1.8352199e-01  -3.7055131e-01   7.4880303e-01   1.4049010e-01   3.9580699e-04   1.2121791e-01   7.5689385e-01   3.6769991e-01  -2.7036313e-01   2.2451481e-01  -2.2174882e-01   5.7564007e-02  -2.7005627e-01  -4.7304727e-01   5.5984974e-01  -2.0280650e-01  -2.6369238e-01  -1.7855986e-01  -2.0111880e-01  -2.2471177e-01  -3.7872669e-01   7.7771479e-01   6.9371218e-01  -4.7593151e-02  -1.6822798e-01  -4.4843425e-01  -5.3541629e-01  -1.6464925e-01  -2.9185160e-01   9.1480102e-02  -2.6484775e-01   1.3577170e-01   1.4740387e-01  -8.5168352e-02   2.2762177e-01  -3.0977059e-01  -3.6899431e-02   6.1045015e-01   7.7079055e-01  -2.8456297e-01   2.8435857e-01  -4.4887445e-01  -2.7139707e-01  -2.2102482e-01   1.9888616e-01  -9.4650617e-02  -1.7342280e-01   5.1589333e-02  -3.3898882e-01   2.8166873e-01   5.3453089e-01   3.3298258e-02  -6.6144965e-02   7.6002618e-01  -1.8875985e-01  -2.2025487e-02   2.3248140e-01  -5.8843319e-02   3.1011976e-03
   3.3971266e-01   0.0000000e+00   2.7420970e-01   1.7587923e-01   1.8555966e-01   5.4743930e-03   1.8312217e-01  -2.7886560e-02   2.5287063e-01  -5.3756485e-02  -2.5855822e-01   5.8299800e-01  -4.6124385e-01   2.9740577e-01  -4.8487581e-01  -9.0987767e-02   4.6349811e-01   3.9105240e-02   4.5432434e-01   1.5203740e-01  -6.1672406e-03   9.5602742e-02  -9.4237838e-02   1.5710424e-01  -2.4825080e-01  -1.0373230e-01  -4.3158862e-02  -3.5627471e-01  -1.3058007e-01   4.7539074e-01  -2.3656719e-01  -1.5925056e-02   2.0629643e-01  -4.8429660e-02   3.8035960e-01  -7.5266637e-02   3.6865024e-01   2.4597009e-01  -8.2426217e-02   2.2132154e-01   4.1465640e-02   3.9520034e-01  -7.8440924e-02  -3.6153661e-01   1.1786041e-01   4.7412896e-01  -1.8662629e-02   3.1553594e-01  -2.8971648e-02   1.7285588e-01  -1.0631337e-01  -1.5384072e-02   4.1286512e-01   2.1343830e-01   4.6469580e-01  -3.8244502e-01   4.3446857e-01  -1.7588124e-02   5.4247908e-02   3.1225011e-01   2.9338971e-01   5.1725313e-03   3.2839590e-02   1.8822536e-02   5.4547668e-01   2.0498867e-01   2.1734125e-01   5.8655144e-02   8.6940491e-02   2.6823615e-01   5.7823225e-01   1.0429000e-01   1.2575326e-01   2.7570846e-01   2.8879113e-01   5.2804626e-02   2.7592669e-01  -1.0530270e-01  -2.9866218e-03   1.9616563e-02  -2.6928473e-01  -1.2975297e-01  -7.4527406e-02   6.7464047e-02   4.0103710e-01  -5.7333619e-02   3.2478357e-01   1.9467904e-01  -1.5749255e-01   1.0597699e-01   4.2556807e-01   1.9365388e-01  -1.5168013e-01   1.4495267e-02   2.1362097e-01   1.1131497e-01   8.7361748e-02  -1.8740957e-01   3.9416173e-01   1.3108914e-02   7.6228464e-02  -2.1566988e-01  -1.4517970e-01   6.3706663e-01   9.5600331e-03   2.7413136e-02   4.7562781e-02   4.6601959e-02  -4.1274055e-01   1.2760309e-01  -3.0498401e-01   8.4076184e-02   3.7906510e-02   1.9570346e-01  -2.0327077e-01   1.6578465e-01  -3.2618114e-01  -1.5192601e-01  -1.0916555e-01  -1.2030648e-03   1.7520429e-01   2.6787333e-01   2.3914531e-01   3.7136160e-01   4.1503879e-01   1.2779805e-01   4.2504852e-02   2.3949954e-01   7.0002206e-02   2.3550384e-01  -1.4321520e-02  -2.8195843e-01   5.9081668e-01  -7.4128015e-03   2.1820066e-02   2.2073103e-02  -6.8486506e-02  -2.3788159e-01  -2.1525882e-01   2.1716502e-01   3.8389811e-02  -6.7588524e-02  -1.5284870e-01  -5.3802738e-02  -2.2698373e-01   1.7802975e-01   4.3282592e-02   3.5026752e-01  -4.8660168e-02   1.6072032e-01   6.1229448e-02  -7.1479349e-02  -7.4120374e-02  -1.6921479e-01   3.4853620e-01  -1.0741835e-02   2.9708517e-01   5.7612013e-03   2.4948499e-01  -3.0928458e-01  -1.9986353e-01  -2.6134446e-01   3.6749096e-01   4.2832785e-01  -9.7914733e-02   1.9071057e-01   5.6995538e-02  -4.9144953e-02   2.6399038e-01  -1.1146650e-01   9.1675174e-02   1.4446555e-01   1.2635285e-01   2.7317130e-01   3.8138769e-01  -3.2452962e-02   1.0985451e-01
   1.3546039e-01   2.7420970e-01   0.0000000e+00  -1.8201508e-01   4.8481995e-01   3.8020430e-01   3.2420713e-01  -4.2644969e-01  -2.6486756e-01   1.6580300e-01  -1.8292381e-01   6.0571961e-01   2.0834253e-02  -3.5227417e-02  -1.7583139e-01   1.2508730e-01   7.7347213e-01  -1.1898022e-01   3.0653130e-01   2.8763559e-01  -2.7360231e-01  -2.1079023e-01  -1.1191995e-01   2.1252700e-01  -1.0819462e-01  -1.3436214e-01   5.7250844e-02   2.0665670e-01   7.6603094e-02  -2.0237128e-01  -1.5809614e-01  -6.2202968e-02   1.8339274e-01   1.6138651e-02   2.8995962e-01   1.0610246e-01   3.0250762e-01   1.5441065e-01  -4.7008726e-02   4.1342151e-01  -1.5526544e-01   4.4423653e-01   5.2469095e-02  -2.7854674e-01   7.8405043e-02   2.1889277e-01  -6.3819667e-02   1.6931779e-02  -2.1064718e-01   5.3933225e-01  -1.0818095e-01   2.5580166e-02   2.0454647e-03   4.4779145e-01   2.3025766e-01  -1.3431258e-01   3.4364792e-01  -9.4368134e-02  -2.4399933e-01   1.8468279e-01   5.9134034e-02   7.3744943e-02  -1.0476908e-01  -1.8578494e-01   1.7365801e-01   5.5975907e-02   3.8759432e-01  -5.7960689e-02  -1.5738797e-01   5.4577635e-01   3.3778772e-01  -1.6914644e-02   1.4265885e-01   6.0713017e-01   1.5917996e-01  -3.9893152e-01   2.5058112e-01  -2.9879242e-01   1.7261976e-01   1.1014495e-02  -3.0800776e-02   1.6472863e-01  -1.4171621e-01  -1.6806339e-01   3.7856458e-01  -3.1408689e-01  -5.4074030e-02   2.6902779e-01  -5.9120137e-04   4.1685615e-01   3.7505285e-01   3.7433566e-01   5.2120593e-02   3.0095790e-04   1.6479072e-01   3.2328581e-01   1.3655741e-01   1.7600185e-01   1.2110163e-01   5.9001353e-02   1.9865634e-01  -1.2975250e-01  -3.3824922e-01  -1.5425822e-01  -8.4751713e-02  -2.9768642e-01   2.6509723e-01  -4.2723247e-02  -1.6228886e-01   1.0867151e-01  -1.9072066e-02   1.1785061e-01  -2.3293588e-01   1.9084836e-01   3.2971947e-01   1.6120933e-01   5.0864214e-02  -3.1119424e-02   3.4231064e-02  -1.6949579e-01   2.1073643e-01   1.3996761e-01   2.2230930e-01  -9.9110521e-02   3.3126000e-01   2.0563489e-01   4.5620785e-04   2.2632439e-01  -3.9455924e-01   5.3794340e-01   9.0463880e-02  -9.8011848e-02   9.7851410e-02  -1.3073569e-01  -1.2970916e-02  -4.7232001e-01   5.6726637e-02   8.8442759e-03  -2.8677528e-01   7.8601776e-02  -2.3419035e-01  -2.9762344e-02  -2.9606325e-01   2.7245737e-01  -2.4732926e-01  -2.9295212e-01   6.3165760e-01  -2.8982763e-02   5.4603207e-02   1.6559034e-01   3.2435724e-01  -1.9739743e-01   5.3530100e-01  -2.2596155e-01   6.0356600e-01   3.0899045e-02   8.3773962e-03  -1.4663484e-01   2.7005052e-01  -1.2753957e-01  -3.0376421e-01  -3.7125281e-01   4.1260500e-01  -1.3933144e-01   4.7234633e-02   2.6616686e-01   8.9110431e-02  -1.0210446e-01   2.3759780e-01   6.5774144e-02   2.7529920e-01   8.6838005e-02  -4.1759514e-01   3.1240995e-01   6.3641650e-02  -2.4695607e-02  -2.4254750e-01
  -1.4777985e-01   1.7587923e-01  -1.8201508e-01   0.0000000e+00  -4.1286159e-02  -7.2032809e-02   2.5407701e-02   4.4696013e-01   6.0913963e-01  -7.0087466e-02   5.9040056e-01   4.6419828e-03  -2.0818130e-01   9.4730273e-02  -9.9704833e-02   2.1023841e-01  -1.6840628e-01   4.4345889e-01  -1.6960388e-01   6.3416505e-02   2.5741016e-01   7.4065158e-01   2.1796918e-01  -3.0619582e-01  -3.5837406e-02   4.4643395e-02   2.9274063e-01  -3.8631858e-01   1.6385550e-01   7.2262525e-01   1.7068183e-02   4.8998496e-01   3.2624131e-01  -2.1582010e-01  -1.7234010e-02   3.2703718e-01   1.0888572e-01  -2.9883369e-01   2.9263370e-01  -2.7977760e-01  -1.4921262e-01   1.0338132e-01   2.8358173e-01   7.1922135e-02   4.2405685e-01  -2.6426835e-01   5.9859069e-01  -4.3810421e-02   6.1986392e-02  -1.8935855e-01   5.7878332e-01  -6.3635222e-02  -2.9426187e-01  -1.3042648e-01   4.2522282e-02   2.7827162e-02  -7.8512730e-02   5.4232449e-01   4.7740832e-01   4.2764025e-01  -1.4627535e-01   1.8396377e-01   2.8384501e-01   1.0144107e-01   6.4044194e-02   3.3933246e-01   1.3789625e-01   2.3595859e-01   6.0362910e-01  -1.6375035e-02  -3.1395725e-01   5.8278299e-01   1.0965223e-02  -3.0372829e-01  -1.3656645e-02   6.0625190e-01  -2.8151978e-01   3.2113765e-01  -5.4492435e-02   8.7643083e-02   1.7805216e-01   3.6083054e-02  -1.1098463e-01   3.5078552e-01  -1.9037689e-01   4.8550794e-01  -2.8330251e-01  -2.4104529e-01   1.8661123e-01  -4.3901902e-01  -1.8736077e-01  -2.0621783e-01  -6.4057760e-02   4.8910406e-01  -3.5357531e-01   7.1670279e-02   1.9333907e-01  -2.8932623e-01   2.5945413e-01   2.0287304e-01  -3.0507989e-01   1.3075376e-01   5.9901028e-01   5.3599561e-01   4.7844666e-01   7.1438340e-01  -1.7188184e-02   3.9272875e-01  -1.9287075e-01   6.4727799e-02  -1.8775613e-01   4.5988906e-01   6.5178860e-01  -2.9565611e-01  -2.6028027e-01  -2.2207724e-01  -6.0159339e-02  -1.2653494e-01  -6.1156896e-02   6.6853036e-01  -3.1223830e-01   3.3476976e-02   1.5871616e-02   5.4894668e-02  -3.1311719e-01  -2.8198230e-01   3.5246824e-01   6.8022857e-02   6.4505776e-01   1.0871729e-02   1.7675514e-01   1.7426194e-01   1.6373548e-01   7.4048991e-02   6.3181947e-01   6.0013485e-01   1.7587909e-03  -1.0742504e-01   2.9888259e-01  -1.9615983e-01  -3.4975959e-02   4.0608084e-02   4.6023002e-01   7.5686266e-02   2.7231913e-01   3.7298836e-01  -3.1617234e-01   4.0924625e-02   2.2640453e-01  -1.9356792e-01  -2.7035395e-01   1.2140937e-01  -2.3332257e-01   3.4159345e-02  -2.8304553e-01  -2.7246291e-01  -1.4029613e-01   3.3366350e-01  -1.5192704e-01  -1.8367933e-02   2.0150318e-01   5.4464891e-01  -3.3359385e-02   6.8480926e-01   2.3836072e-01  -1.6891998e-01   2.9565741e-01  -3.6679579e-01   8.7880692e-03  -3.7630701e-01  -9.6689475e-03  -2.9557955e-01   5.1889947e-01  -2.7964717e-01   8.4172294e-02   1.7023791e-02   7.3635887e-01
  -3.0267880e-02   1.8555966e-01   4.8481995e-01  -4.1286159e-02   0.0000000e+00   2.7835320e-01   4.3120601e-01  -5.0204555e-01  -2.3858069e-01   6.6676324e-01  -2.7099639e-02   3.9853061e-01   3.5275903e-02   9.9071033e-02   1.2198793e-01   1.5544771e-01   3.5940777e-01   2.1486601e-01   1.2646096e-01   8.9425703e-01   1.3476033e-01  -2.0521365e-01   2.6706204e-01  -7.4982686e-02   5.9850265e-03  -3.5675084e-01   1.8940577e-01   1.9700783e-01   5.1921673e-02  -1.7778644e-01  -1.0172352e-01  -1.5043648e-02   2.2059513e-01   2.7494746e-01   2.6028299e-01   6.9463595e-01   3.9163322e-01  -1.8093376e-01   7.9393636e-02   3.0557821e-01  -6.6392829e-02   2.4758288e-01   2.4932781e-02  -1.1374127e-01   5.0179146e-01  -7.8038639e-02   2.4108024e-01   1.2887378e-01  -1.8974832e-01   1.3524843e-01   2.6746027e-01  -1.3621889e-01   2.3535669e-02   1.5704385e-01   2.1447257e-02   1.2015877e-01   2.1559134e-01  -9.6539109e-02   1.4273072e-01   1.0797922e-01  -1.0805493e-01   4.6678177e-01  -9.1505411e-02  -1.6049003e-01   3.1056853e-01   4.7692226e-01   2.2584461e-01  -1.6253697e-01  -4.8170933e-02   3.5440194e-01   2.3920680e-01   2.4967375e-01   4.5297726e-01   3.4748514e-01  -3.8233656e-02  -3.3178264e-01  -1.6517477e-01  -4.0292142e-02   6.2397983e-01   4.1480540e-02   1.0685810e-01   3.3464431e-01   4.2060917e-02  -1.9756960e-01   1.9156682e-01  -1.8037699e-01  -6.7473227e-02   1.3146970e-01   5.2482047e-02   1.6890419e-01   6.6852741e-01  -3.5113783e-02   3.9222334e-01  -5.9720045e-02  -1.9809652e-01   7.4920866e-01   3.2113991e-01  -1.0642994e-01   2.0503653e-01   5.9382263e-01   5.7895853e-02   4.4976160e-02  -7.6486938e-02  -1.3025217e-01   3.7632868e-02  -1.9006615e-01  -7.9743566e-02  -1.3157945e-01   2.2311707e-01   5.1005241e-01   2.1818180e-01   6.2373487e-02  -5.4690531e-02   1.0224938e-02   3.0382035e-01   5.2445969e-01   7.5251782e-02   2.6294254e-01   1.7078156e-01   3.2345914e-02  -2.3232379e-01   5.4562362e-01   1.2736766e-01   1.5446350e-02  -3.0912618e-02   9.2455109e-02   4.4960244e-01  -7.1332913e-02  -1.9534387e-01   4.5798658e-01   2.2023851e-02   3.2903532e-01   2.2954309e-01   1.0130098e-01   2.2412052e-02  -4.3980093e-01   1.0304195e-01   2.9249060e-02  -3.0971226e-01  -6.0835604e-02  -2.9031077e-01  -1.9767096e-01  -3.1740944e-01   2.7709873e-01   5.6245003e-02   2.2489124e-02   4.1620858e-01   4.6044661e-01   5.1592959e-01   3.0025800e-01   1.4977992e-01  -1.1811616e-01   2.1146775e-01  -9.8253030e-04   4.4365145e-01  -2.7217110e-01  -2.3790663e-01   2.2904223e-01  -4.4202179e-02  -1.9084787e-02  -3.0005256e-01  -3.2409397e-01   6.6707723e-01   1.0572312e-01  -1.9780757e-01   6.2033978e-01   2.3725918e-01  -1.3689775e-01   5.1211781e-03   1.1122891e-01   7.2481711e-01  -2.9048430e-01  -8.4789475e-02   2.4222639e-01   6.4204519e-02  -2.1365111e-01  -2.5854014e-01
  -3.6287385e-01   5.4743930e-03   3.8020430e-01  -7.2032809e-02   2.7835320e-01   0.0000000e+00   5.4574572e-01  -2.6054858e-01  -1.2186781e-01   2.6823237e-01   2.7480774e-01   5.2877912e-01   1.6689571e-01  -3.5014747e-05   1.7043016e-01   2.8597575e-01   3.0175347e-02  -8.0328755e-02  -1.4209145e-01   2.1257710e-01  -2.8069243e-02   2.3450986e-02   2.3187753e-01  -2.0587504e-01  -1.5571857e-01  -1.1135464e-02   4.0637953e-01   1.8922555e-01   1.8500319e-01  -8.4621042e-02  -1.0635470e-01   5.0608627e-02   2.3813084e-02   2.4373304e-01   2.2790057e-01   3.5350415e-01   1.0274128e-01  -3.9802653e-01   2.3409558e-01   3.0936567e-01   4.4575283e-02  -3.8311173e-02   5.5594005e-02  -7.5012980e-02   1.0596459e-01  -3.3538908e-01   3.9543474e-01   3.3614724e-02  -2.3641720e-01   1.6833445e-01   1.9790899e-01   1.2241815e-01  -3.0830841e-01  -3.6138963e-02  -4.9093470e-02   3.1301214e-01   3.6329525e-01   2.0784899e-01   1.0619949e-01   3.3198157e-01  -3.3264676e-01   6.0216806e-03  -2.6032674e-01  -1.7051726e-01  -2.8512478e-01   3.2948307e-01   6.6445443e-01  -2.4391864e-01   1.8900926e-01   2.2067050e-01  -1.0403063e-01   1.3175139e-01   2.6924318e-01   2.8161541e-01  -2.3782020e-01  -2.1612572e-01  -3.3823452e-01  -9.3911988e-02   1.8761253e-01  -2.4433362e-02   3.8186959e-01   1.3951175e-01  -4.9039532e-03  -2.0359064e-01   1.0464540e-01   3.0353687e-02  -2.1460597e-01  -1.5528918e-01  -1.2328496e-01  -8.7106986e-02  -3.7945545e-02  -8.4863627e-02   4.1366427e-01   1.1507290e-01  -4.2077444e-01   3.6248127e-01  -5.8317906e-03   6.2885568e-03  -8.1856182e-02   1.8880672e-01   7.9126925e-03   4.0504975e-01  -3.6505161e-02  -2.0687109e-01   1.8587701e-01  -2.7230194e-01  -1.3494456e-01   2.9900593e-02  -9.3985946e-02   2.9248767e-01   4.6844782e-01   3.4455307e-01  -1.9785864e-02  -3.1899838e-01   2.6814233e-01  -1.7185071e-01   2.7968960e-01   6.0775565e-02   2.9416081e-01   8.7132990e-02  -3.7879628e-01  -3.5664386e-02   9.2793112e-03  -4.2125261e-01  -2.6928753e-01  -1.4851524e-03   1.7171725e-01  -1.5395066e-01  -1.2728981e-01   3.7702800e-01   1.7798675e-01   3.2956496e-01  -5.7175491e-02   1.0849255e-01   1.7669024e-01  -2.3759335e-01   1.4689746e-01   1.4257343e-01   8.4469992e-02  -3.9486176e-01  -5.0323759e-01   6.6361309e-02   7.6387438e-03   6.8866722e-01   1.8250372e-01  -3.1472664e-01   4.4556328e-01  -1.6254841e-01   5.1254409e-01  -1.6963357e-01   2.5222680e-01  -1.9017834e-01   1.0692539e-01  -1.8305044e-01   2.0437766e-01  -3.1949788e-01  -4.6562189e-01   1.2594486e-01  -1.8992216e-01   1.5540485e-01  -1.3829040e-01  -9.4594384e-02   9.7772686e-02  -1.1298885e-01   4.9991475e-03   4.1735504e-02   3.4799415e-01  -2.1762095e-01  -2.4825546e-01  -1.2422283e-01   1.5952174e-01  -4.5864870e-01  -2.6588339e-01   5.1876363e-01  -1.8303728e-01   1.2034327e-01  -1.9788541e-01
  -4.1423105e-01   1.8312217e-01   3.2420713e-01   2.5407701e-02   4.3120601e-01   5.4574572e-01   0.0000000e+00  -3.1848308e-01  -1.8669012e-01   4.7221590e-01   2.1395558e-01   5.2278714e-01   7.7477502e-02  -9.0795082e-03   3.6630851e-01   4.4337333e-01   5.7791669e-02  -8.7813704e-02  -3.4506379e-02   4.9536466e-01  -6.2384700e-03  -2.8508017e-02   5.2446667e-01  -1.7999710e-01  -3.6877373e-02  -1.8391291e-02   5.2879884e-01   2.7857766e-01  -7.2003467e-02  -3.5838045e-02  -9.4059002e-02   2.1925788e-01   1.7986739e-01   6.7759699e-01   5.8772955e-01   4.4780514e-01   2.1170304e-01  -4.6589494e-01   4.0236444e-01   5.6574512e-01  -1.2815540e-01   1.4184441e-01   3.5117904e-02  -2.0030153e-01   3.4300247e-01  -2.2769505e-01   4.1880955e-01   4.1438802e-01  -2.6905433e-01   1.7195847e-01   3.3968220e-01   1.6504578e-01  -2.1780542e-01  -2.6318538e-02  -1.5704534e-01   3.4987896e-01   3.1544981e-01   2.5569829e-01   2.2247729e-01   3.4111064e-01  -2.8657760e-01   2.3423943e-01  -2.9853727e-01  -7.2535140e-02   7.4391940e-02   4.8676896e-01   3.1069554e-01  -1.3283491e-01   3.0200568e-01   2.9125722e-01   1.6890596e-01   3.2260391e-01   4.7960034e-01   2.0414606e-01  -1.5794565e-01  -1.3079607e-01  -3.2708772e-01  -1.1367368e-01   4.5906509e-01   1.8715353e-01   5.8032649e-01   3.1915359e-01  -5.4379982e-02  -1.9856240e-01  -1.4252357e-01   1.7756234e-01   1.1338964e-01  -1.7047768e-01  -2.6157329e-02  -6.4610965e-02   1.6162635e-01  -2.1627107e-01   4.0538543e-01   2.0078616e-01  -4.2991494e-01   3.3299158e-01   1.2600049e-01  -1.0256619e-01   9.9101674e-02   4.4144896e-01  -4.9114408e-02   4.5135903e-01  -1.1236336e-01  -3.8548515e-02   3.5086788e-01  -2.1323056e-01  -3.0694920e-01   7.6874053e-02   9.5606794e-02   1.4212392e-01   5.1550926e-01   3.5854992e-01   5.0047293e-02  -3.8574004e-01   4.3754734e-01   2.6509827e-01   3.8280106e-01   1.9086558e-01   1.4355007e-01   3.0957577e-01  -4.4058544e-01   8.9946543e-02   1.9512161e-01  -1.8587497e-01  -2.4327534e-01   1.5273136e-02   4.8393463e-01  -7.8579735e-02  -1.2527895e-01   3.7205981e-01   2.6859660e-01   4.2800640e-01  -1.1615043e-01   1.0016290e-01   2.6431862e-01  -1.4313472e-01   3.2438249e-03   1.9641679e-01   1.1219355e-01  -5.0659646e-01  -6.4818134e-01  -2.0154045e-01   1.4815688e-03   5.8535159e-01   4.5254819e-01  -9.7390751e-02   7.2919067e-01   9.3066448e-02   4.7884133e-01   1.3312428e-01   1.4507718e-01  -1.5159515e-01   4.7698452e-02   8.3137060e-02   3.8183274e-01  -5.2862355e-01  -4.8485561e-01   3.6754167e-01  -2.1979454e-01   3.2245335e-01  -9.3171871e-02  -1.9649388e-01   3.5736607e-01   9.8509156e-02   1.3091182e-02   2.6275467e-01   4.7719130e-01  -2.9074127e-01  -3.0526812e-01  -1.7732234e-01   3.2357725e-01  -5.7872149e-01  -3.3052936e-02   2.2552288e-01  -2.4488205e-01  -1.8754444e-01  -2.6350245e-01
  -1.0007248e-02  -2.7886560e-02  -4.2644969e-01   4.4696013e-01  -5.0204555e-01  -2.6054858e-01  -3.1848308e-01   0.0000000e+00   5.0338048e-01  -4.6721472e-01   2.9157646e-01  -3.4782077e-01  -1.3500827e-02  -8.2334943e-02  -4.6227976e-03  -2.6485928e-01  -2.7510790e-01   6.5817728e-02  -1.9228477e-01  -4.5661056e-01  -1.1158153e-02   6.0630246e-01  -1.0784151e-01  -6.9405455e-02  -1.2883260e-01   5.0442267e-01  -2.7704862e-01  -1.8768027e-01   7.8226243e-02   5.0578194e-01   1.1256597e-01   3.9697077e-01  -7.0555391e-02  -3.0436664e-01  -2.7871459e-01  -2.7625097e-01  -1.9198377e-01   6.7703190e-02  -9.7499631e-02  -4.9821844e-01   3.5649412e-02  -1.6090363e-01   2.4311623e-01   2.7323908e-01  -9.1111698e-02   3.3380524e-03   3.6408223e-02  -1.1885079e-01   2.1377606e-01  -2.7789320e-01   1.8628595e-01   4.5790884e-01  -6.3646589e-02  -1.6494067e-01  -4.2572121e-02   5.6543465e-02  -2.3214716e-01   3.2896533e-01   1.6031135e-01   9.2405417e-02   2.6835108e-01  -2.0801807e-01   3.1597321e-01   2.2414222e-01  -1.6301739e-01  -2.1260699e-01  -9.5519835e-02   8.8856243e-02   2.2466882e-01  -4.5572295e-01  -2.3543191e-01   1.8937033e-01  -2.4748619e-01  -3.5991416e-01  -3.3407307e-02   6.7684150e-01   1.6505846e-01   2.2525536e-01  -3.1079002e-01   5.3917369e-04   1.6711058e-02  -2.3613429e-01   2.7950240e-02   5.4334398e-01  -1.3486687e-01   4.6129151e-01  -3.8662230e-02  -2.6400059e-01   1.6433573e-01  -2.2938330e-01  -4.0281342e-01   2.1660040e-01  -2.2394957e-01   3.5791853e-01   9.6011988e-02  -4.3738776e-01  -1.0868181e-01   1.9143519e-01   2.8615253e-03  -2.7266541e-01  -9.8878457e-02   2.5540647e-01   4.6871851e-01   4.4048322e-01   3.4220139e-01   5.9481209e-01  -3.0197483e-02   4.6396167e-01  -1.2578254e-01  -3.1428071e-01  -2.0536538e-01   2.2772835e-01   4.4433581e-01  -4.5040268e-02  -3.7945631e-01  -3.2301728e-01   1.1675252e-01  -2.1178090e-01  -9.5957242e-02   3.3790035e-01   9.8844219e-02  -2.8642214e-01  -5.5435973e-02   1.6607454e-01  -1.3475807e-02  -1.7574178e-01  -1.4333517e-01  -7.9904999e-02   5.7715210e-01  -4.3736545e-01  -6.4831141e-02  -7.7803836e-02  -3.5093284e-02  -3.2782171e-02   4.0491352e-01   7.2160634e-01   7.9712652e-02  -1.8937082e-01   6.4481354e-01   9.5340915e-02   2.0846341e-01   2.7533201e-01   5.5484329e-01  -4.0707710e-01   1.6568110e-01   2.5541731e-01  -4.6455524e-01  -2.7156521e-01  -1.9439696e-01  -2.0500870e-01  -2.0229213e-01   3.1562230e-01  -2.3125537e-01   1.7958842e-01  -4.8153470e-01   1.1234507e-01   2.3062906e-01   1.7417063e-02   1.4250875e-01   2.6425232e-01   2.9599811e-01   5.4967042e-01  -3.8413993e-01   2.6683982e-01   3.8730938e-01  -3.2077013e-01   2.0535721e-02   8.0618370e-02   5.0021621e-02  -1.7864242e-01  -4.0592895e-01   1.1184304e-01   2.1784593e-01  -2.0258383e-01   1.6674436e-01   1.0389412e-01   6.8104144e-01
  -8.6132218e-03   2.5287063e-01  -2.6486756e-01   6.0913963e-01  -2.3858069e-01  -1.2186781e-01  -1.8669012e-01   5.0338048e-01   0.0000000e+00  -3.9153507e-01   3.0324351e-01   1.6216706e-02  -2.8115731e-01   1.8519066e-02  -1.2630783e-01   7.2019291e-02  -1.2550855e-01   2.6753012e-01  -4.2803772e-02  -1.7429547e-01   2.8068501e-04   5.9130863e-01  -1.6529319e-01  -1.2518803e-01  -3.7006396e-02   2.5329535e-01  -2.2317296e-02  -3.7713528e-01   1.5636858e-01   6.2621848e-01   4.4074478e-02   4.1771050e-01   3.9221421e-01  -2.2894225e-01   2.4982285e-02  -6.5544621e-03  -2.0498840e-01   4.5308231e-04   1.7005993e-01  -2.2295350e-01  -7.4673602e-02   1.8373332e-01   4.1131696e-01  -2.5505977e-02   1.6144078e-01  -5.8002807e-02   2.1790817e-01  -5.3523714e-02   2.3351273e-01  -1.5153661e-01   2.1858170e-01   1.1990780e-01  -5.6881332e-03  -4.9457816e-02   1.0886123e-01  -1.7462672e-01  -9.4881017e-02   4.4048651e-01   3.7911474e-01   3.3843348e-01   1.1849777e-01  -8.6049811e-02   4.0272058e-01   2.0737453e-01   5.6545523e-02  -7.8735728e-02  -1.3478266e-02   9.6812564e-02   2.6158779e-01  -2.9495696e-01  -1.1414732e-01   4.2083282e-01  -5.4315817e-02  -2.4176986e-01   9.6348167e-02   6.2105543e-01   1.6648670e-02   1.9961072e-01  -1.1113445e-01   1.1051209e-01  -7.1096563e-02   1.1659867e-01  -6.0947666e-02   2.4181841e-01  -1.2266623e-01   4.6206337e-01  -1.3581207e-03  -2.0725662e-01   2.5385458e-03  -3.5568276e-01  -1.3595372e-01   9.2615696e-02  -7.9996896e-02   4.9285479e-01  -6.7358455e-02  -1.1395789e-01  -1.2210347e-01  -1.6068547e-01   2.3552169e-01  -2.2761337e-01  -2.1528829e-01   1.2204551e-01   3.3375640e-01   5.8721469e-01   3.7248556e-01   6.2581245e-01   1.7082385e-01   4.1418875e-01  -2.8519997e-01  -1.7372993e-01  -2.0369306e-01   2.8207844e-01   3.9808868e-01  -1.8794898e-01  -4.3732852e-01  -1.3732568e-01  -1.3605448e-01  -7.5371205e-03  -2.6587170e-01   4.6480926e-01  -1.1601213e-01   1.5746526e-01   1.4092169e-01   2.0912568e-01  -1.2033967e-01  -1.6253770e-01   3.7967284e-02   2.8188094e-02   6.3118573e-01  -2.8703056e-01   6.6449510e-02  -7.0932477e-03   5.0010830e-02  -2.4467670e-02   5.5452179e-01   6.2516213e-01   8.3476884e-03  -2.4316296e-01   4.1428799e-01  -1.1196803e-02   1.4606419e-01  -6.8966367e-03   3.6181029e-01  -2.5082727e-01   1.0677514e-01   3.1439728e-01  -3.9251592e-01  -5.6386462e-02  -1.0461722e-01  -2.7562257e-01  -2.7913066e-01   6.3295327e-02  -2.2627205e-01   1.6640869e-01  -2.1933820e-01  -9.5832493e-02   4.8770708e-02   9.9270433e-02   1.4315707e-01   1.5951302e-02   3.2238586e-01   4.3741131e-01  -3.3650391e-01   4.1465571e-01   3.8145899e-01  -7.1741364e-02   1.7727242e-01  -2.0795676e-01   1.0863348e-01  -1.8826207e-01  -9.2178651e-02  -6.6945413e-02   3.8614244e-01  -2.5572270e-01   8.6996818e-02   2.3586184e-01   6.8609027e-01
  -1.4116756e-01  -5.3756485e-02   1.6580300e-01  -7.0087466e-02   6.6676324e-01   2.6823237e-01   4.7221590e-01  -4.6721472e-01  -3.9153507e-01   0.0000000e+00   1.3679630e-01   1.1170323e-01   3.0480459e-01  -5.8711447e-02   1.2899852e-01   1.4551836e-01  -4.8480578e-02   7.2603775e-02  -9.1752369e-02   7.0757628e-01   1.7108169e-01  -1.6482154e-01   4.1522523e-01  -1.9363400e-01   2.2446717e-01  -3.3563611e-01   4.3557538e-01   1.1022070e-01   1.1537427e-01  -2.2531346e-01  -1.1188040e-01  -1.8705412e-01  -8.4537796e-02   4.9936903e-01   2.6560679e-01   5.6480455e-01   1.9593911e-01  -3.8173301e-01   3.5370279e-02   3.0576382e-01  -3.5897045e-02  -1.1412422e-01  -1.6676376e-02   8.0468286e-03   4.3803607e-01  -1.4996786e-01   3.2646107e-01   8.7881566e-02  -2.8201104e-01  -1.1324156e-01   2.8289321e-01  -2.2711199e-01  -1.4719807e-01  -2.7335933e-01  -2.5997932e-01   3.0659020e-01   5.9116403e-02  -1.5984376e-01   1.7872287e-01  -8.1386482e-02  -3.7446652e-01   3.5743537e-01  -1.0207918e-01  -1.1911730e-01   1.2709846e-01   6.1137253e-01   1.4665793e-01  -1.0956381e-02   8.2061819e-02   3.2721853e-01  -4.7886559e-02   1.7672568e-01   3.4527077e-01   1.5907994e-02  -2.4542581e-01  -3.8544654e-01  -3.8766409e-01   3.5296709e-02   5.6398841e-01   5.9721664e-02   1.7256408e-01   2.1738434e-01   1.6780717e-02  -1.8590772e-01  -1.1638151e-01  -1.6161144e-01  -1.2855298e-01  -1.8367973e-01   1.3438141e-01  -3.5988457e-02   4.5315559e-01  -3.6554750e-01   4.9984076e-01  -2.3509467e-01  -3.8470150e-01   6.9830747e-01   2.1097423e-01  -1.2086325e-01   3.9951863e-03   6.3169424e-01  -1.8440000e-01   1.4397001e-01  -1.2621117e-01  -2.2711760e-01   4.0916937e-02  -3.1426487e-01  -3.4045898e-01  -1.6251821e-01   3.9864891e-01   4.6242291e-01   4.3717507e-01  -5.1473886e-02   1.1731172e-01  -1.2611039e-01   2.5702721e-01   4.7570767e-01   2.1795696e-01   3.2542821e-01   8.8272951e-02   8.4204910e-02  -2.9334384e-01   4.0289961e-01   3.7488624e-02  -9.8035905e-02  -1.7080684e-01  -6.7735192e-02   4.5611429e-01  -1.9207246e-01  -1.5270931e-01   2.5032165e-01   7.6915570e-02   3.4813748e-01   6.8551743e-02   1.5116924e-01  -6.2528017e-02  -4.5370634e-01  -9.3483669e-02   6.3083112e-02  -2.8851003e-01  -1.9074001e-01  -3.1608988e-01  -1.0046045e-01  -1.1727649e-01   4.2425276e-01   2.5830290e-01  -1.2934701e-01   3.2298673e-01   5.1656707e-01   6.9471769e-01   1.4633355e-01  -2.2199795e-02  -2.5399526e-01   3.9269735e-02   6.7818747e-02   2.1513196e-01  -3.1380088e-01  -3.7854110e-01   3.3911956e-01  -3.6334553e-01  -6.4314900e-02  -1.4940471e-01  -1.6117965e-01   5.9657925e-01   9.2950721e-02  -4.1657097e-01   4.5780394e-01   2.2492009e-01  -1.9931052e-01  -2.9169758e-01  -6.9923306e-02   6.8855378e-01  -3.6883281e-01   8.5575138e-02   1.4763395e-01  -1.6758802e-01  -2.2615704e-01  -4.2609553e-01
  -4.1040457e-01  -2.5855822e-01  -1.8292381e-01   5.9040056e-01  -2.7099639e-02   2.7480774e-01   2.1395558e-01   2.9157646e-01   3.0324351e-01   1.3679630e-01   0.0000000e+00  -4.7022597e-02   1.9617759e-01  -2.8009538e-01   2.6932610e-01   3.1460052e-01  -4.0065346e-01   3.6866284e-01  -4.9452485e-01   1.2909835e-01   1.6439377e-01   6.1285898e-01   2.9089210e-01  -4.3981908e-01  -2.1052587e-01   1.1965234e-01   5.1687976e-01  -1.0993469e-01   1.0141807e-01   3.8354786e-01   3.1997609e-02   5.2652600e-01   1.1592103e-01   2.1366231e-02  -1.3006900e-01   5.5791800e-01  -1.3261607e-01  -5.9294960e-01   3.9169892e-01  -1.7653196e-01  -8.2313799e-02  -1.8692634e-01   3.4812670e-01   2.7606038e-01   4.1962055e-01  -4.8161443e-01   7.7090655e-01  -1.7190196e-01  -2.0174867e-02  -2.2155044e-01   6.8067564e-01   4.5679888e-02  -5.2154354e-01  -3.2645908e-01  -3.3516354e-01   5.5548811e-01  -2.1861441e-01   6.1693071e-01   5.1934195e-01   3.4626700e-01  -4.7531464e-01   2.0773214e-01   8.5585310e-02   4.0414222e-02  -3.5842005e-01   4.2017350e-01   2.2131598e-01  -4.9219012e-02   7.0590043e-01   4.8833493e-02  -5.3341149e-01   4.8194811e-01   4.3767027e-02  -4.2593776e-01  -3.9929990e-01   4.9042698e-01  -5.3761986e-01   4.1802627e-01  -3.5264596e-03  -8.7615652e-02   4.2085749e-01   2.1574431e-01  -6.4182939e-02   1.6610272e-01  -5.3175887e-01   6.0467406e-01  -4.6935731e-01  -5.4705914e-01   5.3089743e-02  -5.8685687e-01  -3.4325224e-01  -4.3339852e-01   1.5542031e-01   4.5294646e-01  -5.6350723e-01   1.1153217e-01   8.2369830e-02  -5.2974520e-02   6.1119661e-02   1.2012847e-01  -4.4044450e-01   5.4246888e-01   5.0250872e-01   7.7282473e-02   6.4083029e-01   5.6652151e-01  -2.9142492e-01   5.9640140e-01  -5.6830249e-02   1.2291868e-01   2.3057657e-01   5.3142668e-01   4.0803394e-01  -5.6442456e-01  -9.4412481e-02  -2.5746310e-01   3.4871859e-01   1.1847046e-01   4.4184715e-02   6.0602921e-01  -5.0035185e-01  -5.5370614e-02  -1.6615778e-01  -2.2844276e-01  -6.0476413e-01  -3.9443898e-01   4.9418122e-01  -3.4316905e-01   5.9486835e-01   9.2107022e-02   1.8507127e-01   5.1088678e-01  -2.0676264e-01   1.0091973e-01   5.4796733e-01   4.6751185e-01   8.7182017e-02  -1.5938024e-02   4.9186943e-01  -4.1425421e-01  -1.9596673e-01   4.4007863e-02   6.8434037e-01   3.5359332e-01   4.9688671e-01   1.1258818e-01  -1.1288918e-01   4.4373230e-03   5.5480945e-01  -4.2013666e-01  -3.9353085e-01  -9.1782833e-02  -3.6430098e-01   2.8550602e-01  -2.3213192e-01  -3.7927747e-01  -4.5749001e-01   3.7950512e-01  -5.2837391e-01   2.2521222e-01   2.9574647e-01   7.1940104e-01  -1.6491146e-01   4.2043797e-01   2.8509505e-01  -1.3417670e-01   6.0545211e-01  -4.7235872e-01  -4.0500399e-01  -4.4952059e-01   1.4468437e-01  -4.9313683e-01   2.7163695e-01  -1.6283786e-01  -2.0741731e-02   1.1210273e-01   4.8204740e-01
   6.4179695e-02   5.8299800e-01   6.0571961e-01   4.6419828e-03   3.9853061e-01   5.2877912e-01   5.2278714e-01  -3.4782077e-01   1.6216706e-02   1.1170323e-01  -4.7022597e-02   0.0000000e+00  -2.3131544e-01   8.8849172e-02  -1.4174377e-01   2.2091177e-01   4.1018324e-01  -7.5835310e-02   3.5839615e-01   3.3290038e-01  -1.8674303e-01   6.1892533e-02   5.7825159e-02   1.8260936e-01  -2.5200727e-01   1.4465753e-02   1.9308947e-01  -3.6600182e-02   5.2313533e-02   1.6857088e-01  -4.2733531e-01   1.5652479e-01   2.5501670e-01   9.7828472e-02   6.0865233e-01   1.5312985e-01   3.6000293e-01   2.3559676e-02   1.1718984e-01   4.0036942e-01  -1.0214923e-01   4.6470845e-01   1.1381839e-01  -3.7769873e-01   2.6260865e-01   2.1949235e-01   2.7149683e-01   8.2093583e-02  -2.9220382e-01   2.9372583e-01   1.4960704e-01   1.4205856e-01  -4.5255586e-02   3.1506309e-01   1.9746919e-01  -9.9040474e-03   5.7663632e-01   2.6446167e-01  -2.0654210e-02   6.7145122e-01   1.7408922e-02   1.3751976e-01  -2.4893163e-01  -2.8851741e-01   1.6830848e-01   4.1576206e-01   4.4152361e-01  -9.8757792e-02   2.0411257e-01   4.4324900e-01   2.3307407e-01   2.9580695e-01   2.2643296e-01   6.6043439e-01   1.7107846e-01  -2.2510976e-01   1.0609516e-01  -2.8457068e-01   1.0823764e-01   9.6864492e-02   1.3425592e-01   1.7836062e-02  -2.8907316e-01  -8.9254372e-02   2.7264944e-01   7.9375025e-03   1.4184552e-02   1.0915909e-01  -2.3413157e-01   2.4917846e-01   3.6862679e-01   1.5010082e-01   6.6826573e-02   2.4309546e-01   3.0921681e-04   3.3315659e-01   1.0990858e-01  -1.2267551e-01   1.3903861e-01   1.8662481e-01  -5.2966109e-02   1.8727240e-01  -2.0152541e-01   2.1758060e-01   2.3681021e-01  -2.6930812e-01  -8.7044954e-02   5.4417187e-02  -4.8153505e-01   1.4897161e-01  -8.2125014e-03   4.6788346e-01  -7.7847203e-02   9.5818291e-02   8.0844316e-02  -1.5895077e-02   1.1023747e-01  -1.3156255e-01  -4.0924782e-02   1.4067855e-01  -1.0358256e-02   1.7114523e-01   3.5662685e-01  -2.3789483e-01   2.7324929e-01   3.0714377e-01   2.7002448e-01   1.6472076e-01  -1.7211982e-01   4.1651460e-01   8.6788496e-02  -2.7639107e-02   3.3409791e-01  -2.2034156e-01   2.1827407e-01  -2.1988119e-01   9.5858456e-02  -1.8123964e-01  -6.8003777e-02  -1.4485846e-01  -3.2253905e-01  -1.0583616e-01  -1.9116542e-01   2.7481300e-01  -6.0534129e-02  -1.6193667e-01   4.6173848e-01   1.0761842e-02   2.3382195e-01  -6.0388682e-02   2.7567792e-01  -2.2907225e-01   2.1508233e-01  -4.1237850e-01   3.6711734e-01  -1.5182569e-01  -1.0042900e-01   9.3379212e-02   6.9258480e-02  -2.7172934e-02  -2.7193332e-01  -3.0675122e-01   3.2439827e-01   1.5759393e-01   1.2579129e-01   2.6743235e-01   4.1885764e-01  -1.5781457e-01   3.7705151e-03  -2.0698904e-01   2.9178509e-01  -1.1751715e-01  -2.2804163e-01   3.1420287e-01   9.4825770e-02   9.4898014e-03  -1.4027891e-01
  -2.7186949e-01  -4.6124385e-01   2.0834253e-02  -2.0818130e-01   3.5275903e-02   1.6689571e-01   7.7477502e-02  -1.3500827e-02  -2.8115731e-01   3.0480459e-01   1.9617759e-01  -2.3131544e-01   0.0000000e+00  -4.4134423e-01   1.6523971e-01  -6.2264109e-02  -2.4053075e-01  -1.9235144e-01  -2.4998195e-01   8.6538841e-03  -2.2079210e-01  -8.3580113e-02  -5.1653349e-02  -1.3911101e-01   2.6760592e-01   1.2987370e-01   1.8753936e-01   2.1238050e-01   3.2853254e-01  -3.1808665e-01  -1.7605295e-01  -3.2003941e-02  -3.9883965e-01   1.4770553e-01  -8.4728243e-02   9.4698668e-02  -1.7393831e-01  -3.0171750e-01  -1.0351534e-01   3.2580773e-03   3.0822800e-01  -3.9040356e-01   6.1631973e-02   6.8305124e-02   1.1826637e-03  -3.1809707e-01   1.5358136e-01  -1.5788702e-01  -7.3524883e-02  -1.9823186e-01   1.0637496e-01   1.1438899e-01  -3.5491192e-01  -2.7033493e-01  -3.8303958e-01   3.7626243e-01  -5.8683588e-02  -5.8133749e-02   1.1778552e-01  -2.4612475e-01  -3.2077306e-01  -1.4124132e-02   7.4808525e-02  -2.1406216e-01  -2.6295078e-01   4.7452502e-02   2.3350905e-02   2.1189896e-01   1.2141472e-01  -4.1246758e-03  -2.1802900e-01   1.6970797e-02   2.1736947e-01  -1.6843449e-01  -9.7720407e-02  -1.4447607e-01  -3.1890629e-01  -1.0936429e-02   2.2814207e-02   1.5863573e-01   2.0620081e-01   6.8850459e-02  -1.1990600e-01  -3.8390416e-02  -3.0380939e-01  -7.0936709e-03  -9.5886031e-02  -3.1598878e-01   3.1980192e-01  -9.8834888e-02  -2.4017246e-02  -1.5180269e-01   9.0179195e-02  -1.6346926e-01  -2.7723379e-01   8.8987283e-02   1.6693526e-02   2.5877858e-01  -5.3640792e-02   5.3778606e-02  -2.1059643e-01   1.7508069e-01  -7.8410941e-02  -3.3917853e-01   6.8174945e-02  -1.7760250e-01  -1.9648294e-01   1.0963261e-01   2.7475378e-01  -9.5008110e-02   1.9129654e-01   2.2514522e-02   9.1221884e-02  -2.6896397e-01   9.6437207e-02   5.8580507e-02   4.3877729e-01   4.4297913e-01  -3.9319349e-02   4.9823816e-02  -1.7744365e-01  -1.5249108e-01   1.2023225e-02  -3.2546446e-01  -2.8156018e-01  -2.0098672e-01  -8.6652462e-02  -1.9980518e-02  -1.1980647e-01  -1.1302939e-01   2.0798961e-01   3.8293628e-02  -3.1879285e-01  -1.8342786e-01   1.0130586e-02  -1.5377612e-01   2.0484148e-01   3.3231078e-02   1.8576051e-01  -2.2680159e-01  -2.6421261e-01   4.6398665e-01   3.0340221e-01   1.3874889e-01   6.1191277e-02  -2.9116650e-01   1.6487228e-01   5.3647816e-03   1.6917466e-01  -1.4888164e-01  -1.8809585e-01  -2.1346945e-01   7.2007681e-02   2.0249919e-01  -1.5053082e-02  -1.3638093e-01  -3.0212963e-01   1.9653514e-01  -2.5606440e-01   1.9674114e-01   1.3133453e-01   1.8312749e-01  -5.5668102e-02  -2.0573669e-01  -4.6272270e-02  -2.0930179e-02   1.3332581e-01  -6.3866860e-02  -4.0554532e-01  -1.6639243e-01   1.0801590e-01  -1.9293066e-01   2.5098375e-02   1.9606978e-02  -2.5826065e-01  -7.6595684e-02  -2.7633069e-01
   1.7579246e-01   2.9740577e-01  -3.5227417e-02   9.4730273e-02   9.9071033e-02  -3.5014747e-05  -9.0795082e-03  -8.2334943e-02   1.8519066e-02  -5.8711447e-02  -2.8009538e-01   8.8849172e-02  -4.4134423e-01   0.0000000e+00   2.3359361e-02   3.8367455e-02   2.4986769e-01   4.9359129e-01   3.7998295e-01   1.3155347e-01   5.8164987e-01  -1.5791244e-01   4.2574030e-01   7.3577488e-02  -2.6333716e-02  -2.3617743e-01  -2.6639328e-01   2.3619647e-01  -1.0802476e-01   1.4167570e-01   4.9678643e-01  -2.9604189e-01   2.8133256e-01   2.5313424e-02  -1.1221234e-01   4.6217256e-02   4.6684767e-01   3.3594065e-01   8.8391176e-02  -7.7307597e-02   2.7862738e-01   3.6577833e-01  -3.9378071e-01   2.5650227e-01  -9.5338754e-03   1.1824597e-01  -1.3419417e-01   4.8381492e-01   3.2068589e-01  -2.4009019e-02  -9.8704067e-02  -1.7310735e-01   2.0425606e-01   4.4030288e-01   5.4303221e-01  -2.1984267e-01   2.1965969e-01  -2.6316265e-01   1.0006601e-01   5.3984322e-02   4.9433173e-01   1.6248194e-01  -2.3101561e-01   4.1866891e-01   4.4626575e-01  -2.9152760e-02   1.8532900e-01  -9.0622478e-02  -2.0640078e-01  -7.5051539e-02   2.5536050e-01  -1.2084457e-01   2.8681935e-01   1.6278756e-01   3.8148787e-01  -1.6297909e-01   3.2081846e-01   5.4269521e-02   4.1615320e-02   2.1502442e-01   1.2401624e-01   3.7315299e-02   4.3040669e-01   2.8121400e-02   6.5283081e-01  -3.0853180e-01   1.6504128e-01   5.2204402e-01  -2.4513142e-01   1.6006380e-01  -8.0793836e-02   2.9654364e-01  -7.8508133e-02  -1.3069900e-01   2.5084433e-01  -5.8832181e-02   1.8173197e-01  -2.6372370e-01   2.2752550e-01   2.0477052e-01   6.4274229e-01  -1.6522779e-01   1.4560714e-01   2.0765144e-01  -3.7622767e-01  -1.8792753e-01   3.0995452e-01  -4.4493002e-01   1.0257073e-01   2.2156748e-01   1.2226473e-01  -2.1789573e-01  -7.3077339e-02   2.6039870e-01   3.9018965e-01  -1.4567859e-03  -3.6894280e-01   2.7978223e-02   5.9006717e-01  -1.6308862e-01  -1.5740844e-02  -1.9664136e-01  -3.8187474e-02   4.1417488e-01   1.9720117e-01   3.1783606e-01   6.3556708e-02   3.8226452e-01  -2.4708775e-01   3.0301222e-01   1.5985722e-01   1.9621147e-01   4.4227644e-01   5.3455193e-01  -1.5477479e-01  -1.0712054e-01   2.1626769e-02   5.1937619e-01  -3.9399334e-01   2.6713858e-01   2.2581743e-01  -1.2256005e-01  -3.9469417e-01   1.6516951e-01   7.4012099e-02   4.9927274e-01  -1.3815937e-01   7.1896524e-02  -1.5502725e-01   6.6164680e-01   5.9944469e-01   5.7130057e-01   8.0936490e-02  -2.1731992e-01  -1.3270921e-01   1.9566105e-02   2.3316933e-01   1.2568294e-01   4.4925535e-01  -9.7046523e-02  -3.5615868e-01  -3.0648594e-01   4.1287410e-01   1.8204910e-01  -3.1888368e-01  -2.1042378e-01  -3.8110231e-01   1.5658952e-01   4.8231853e-01   3.1672449e-01  -2.0529381e-01   4.8735865e-02   1.3154101e-01   2.2221065e-01   1.2544800e-01   9.1573061e-02   3.0962005e-02
