   0.0000000e+00   6.5603677e-02   5.0848257e-02   3.0663615e-02  -2.5394557e-01   3.9129621e-01  -5.3552524e-01   2.0934093e-01   2.5124438e-01  -4.5761093e-02  -3.2122826e-01   3.0546589e-01   1.1450258e-01   6.7052084e-01   2.1543652e-01  -6.3296477e-01  -5.0410191e-02  -2.0717825e-01   4.7132240e-01  -4.0354827e-01  -1.1430433e-01   6.5172165e-02   8.6208105e-02   8.2604942e-01   1.9888217e-01   3.1637476e-01  -5.2904824e-01   3.7485217e-01  -1.3502894e-01  -9.3295399e-02   1.5299639e-01   2.1676234e-02  -1.4180349e-01  -1.9551359e-01   5.2036688e-01  -4.7647375e-01  -2.3883370e-01   4.0996725e-01  -6.1696703e-01  -4.5921746e-01  -4.5806322e-01  -2.0185947e-01   1.1936984e-02   4.7090275e-02  -1.0123967e-01   7.6449250e-01  -3.5497690e-01  -5.6464222e-01  -8.2599274e-02  -3.4961869e-01  -1.3840970e-01   2.1632375e-01  -5.5869958e-01  -5.9193283e-02   5.4264743e-01   5.2285648e-02   4.9703867e-01   2.7151055e-01  -1.8340767e-01   5.0914658e-01   2.4301119e-01   3.2494466e-02   2.5326238e-01   2.2310399e-01  -2.1855687e-03   3.9422091e-02   3.3354622e-01   2.5228417e-02   1.4501904e-01   7.3729435e-01  -4.8881779e-01  -1.0732664e-02  -3.5485418e-01   7.7129484e-01   2.1766520e-01   8.3922582e-02   2.9585474e-01   2.1983916e-01  -2.9896738e-01  -1.8687945e-01  -5.9919170e-02  -2.2656758e-01  -3.0053554e-01   2.7998347e-01   5.3703510e-01   2.3701866e-01  -2.7807101e-01   6.6953113e-01  -9.5162082e-03   7.8857062e-01  -4.5915867e-01   3.0832314e-01  -3.0148163e-01   1.8358320e-01   4.5818617e-01  -4.1239325e-01  -1.1601100e-01   4.9980587e-01  -1.4162059e-01  -2.6507496e-01   6.1596851e-01   3.3492069e-01   9.1761572e-02   3.9747278e-01  -4.3970375e-02  -6.9730564e-02  -1.6734996e-01   1.4532496e-01  -2.1839290e-01  -2.8786187e-01  -3.5780818e-01   1.2221738e-01  -9.9547012e-02   7.9236691e-01   7.4686131e-01  -2.1559415e-01   1.0768615e-01  -4.0039713e-01   3.3604644e-01  -1.5322544e-01   7.3236774e-01  -1.2542705e-01  -1.4273090e-01  -1.5549096e-02   6.4403871e-01   7.9999733e-01  -1.2260629e-02  -1.5743735e-01   2.0066674e-01   1.2873715e-01  -3.6769180e-01  -4.1822711e-01   6.6793561e-01  -2.0795237e-02   3.9652544e-01   2.6348825e-01  -2.1381623e-01  -8.4214932e-02   2.9123161e-01   8.2609621e-01   8.1240740e-01  -6.3556184e-02   4.6205570e-02  -4.9832159e-02   3.0762926e-01  -1.8659654e-01  -2.1518451e-01  -2.6571401e-01  -2.1628740e-01  -2.9728577e-01   7.7275451e-01   7.8704258e-02   6.2288403e-01  -1.9555139e-01  -3.6444635e-01   5.6718987e-01   7.0256440e-01  -2.7076601e-01   1.7353537e-01   2.6297520e-01  -6.8572538e-02  -1.2152383e-01  -1.7296181e-01  -6.6593760e-02  -2.5479526e-01  -4.5646998e-01  -1.7429548e-01   6.5051445e-01   4.5864894e-01  -2.1507090e-01  -3.3713669e-01   5.0791929e-01  -4.0814179e-02   3.0931668e-01   1.7934055e-01  -2.0716045e-01  -7.4884889e-02
   6.5603677e-02   0.0000000e+00   3.1316344e-01  -8.2975048e-02   1.8963356e-01   7.9083896e-02  -1.6426567e-01   1.0096582e-01   5.7018043e-01  -6.9418805e-02  -3.2187537e-01   4.4251620e-01  -1.1680587e-01   3.4997135e-02   5.8349489e-02  -3.3262538e-01   3.4038253e-01   9.0724786e-02   2.4821885e-01   4.9833303e-02  -1.7029195e-01   7.9015127e-02  -2.1090544e-01  -4.2614271e-02   2.5403181e-01   2.3093654e-01  -1.1426803e-01   1.0916576e-01   2.5322842e-01   1.4256880e-01   1.6901937e-01   9.7425115e-02  -2.6658453e-01   3.7151994e-02   5.3250276e-02  -1.1078266e-01  -4.0807933e-01   1.3929500e-01  -2.5996810e-01  -6.1865966e-02   1.2676058e-01  -2.6767574e-01   5.0733553e-01   1.2261978e-01   2.6285893e-01   2.3720120e-01  -3.0023883e-01  -7.1504299e-02   2.6433917e-01  -6.6689313e-05  -1.4879856e-01   1.5838004e-01  -7.6620212e-02  -9.9785580e-03   7.0315133e-02  -6.0560648e-02   1.8184766e-01   1.2702781e-01   6.7890237e-02   3.7281658e-01   2.8770607e-01   8.9559453e-02   4.0103241e-01   1.1403744e-01   4.7544024e-01  -2.6722227e-01   1.4452558e-01   1.0765793e-02  -3.3743221e-01   1.1522301e-01   6.5065448e-02   3.8435901e-02  -7.1417699e-02   2.0452893e-01   1.0290446e-01   1.0680761e-01   3.8227968e-01   1.9345032e-01   3.3592022e-01  -2.0523676e-01  -2.3869447e-01  -9.7247272e-02  -1.4102108e-01   1.5418636e-01   2.9659814e-01   1.5870886e-01  -2.5924126e-01   2.1841126e-01  -2.0101718e-01   3.8277524e-03   1.8014995e-01  -2.3035653e-02  -9.8713852e-02   3.3661893e-01   2.3311814e-01  -1.1203767e-02   2.0158539e-01   6.3356728e-02   2.6108690e-01  -2.6011946e-01   2.5727226e-01  -6.5891317e-02   7.2831963e-02   3.1284363e-01  -5.2724816e-02  -5.0319954e-02  -1.0926362e-01   3.2686708e-02  -9.1357383e-02  -1.8907975e-01  -1.9142401e-01   2.7142924e-02   5.3086355e-02   1.2539276e-01   1.1721460e-01   1.8350605e-01   1.2088154e-01  -4.0234657e-02  -9.0491916e-02   1.9413382e-01  -2.0773473e-02   1.8499352e-01   2.1088351e-01   5.4613589e-01   2.3759314e-01   1.8303781e-01   3.4859645e-01  -3.0220531e-01  -2.9677609e-02   5.1722769e-03  -8.0565030e-03  -4.9911783e-02   4.1910034e-01   8.2879207e-02   2.0533501e-01  -2.8130897e-03  -2.4215139e-01  -2.5097758e-01  -2.1525776e-02   4.2883771e-02  -1.4760412e-02  -7.0590900e-02  -1.6729314e-01  -2.8476440e-01   1.3471830e-01  -4.5635778e-02  -8.4532123e-02  -1.2556464e-02  -3.3957144e-01  -1.4312245e-01   2.4032916e-01  -2.8124502e-02   8.0972785e-02   6.0135781e-02   2.0787732e-01  -1.0043176e-01   2.5337291e-01   1.9238723e-01   5.7722501e-02  -8.1351101e-02  -3.7906100e-02  -4.4057682e-02  -9.3199591e-02   7.1237125e-02  -1.8166838e-03  -1.7018219e-01  -1.2467019e-01   1.9465213e-01  -5.5896837e-02   8.4672239e-02   3.7317538e-02  -1.0662069e-02   2.0373168e-01   2.9126010e-01  -5.8240349e-03  -1.5315438e-01   2.3888174e-01
   5.0848257e-02   3.1316344e-01   0.0000000e+00  -1.7325206e-01   2.0520547e-01   2.8947760e-01  -1.9597257e-02   1.4187178e-01   1.1186487e-01   1.6467402e-02  -1.0282636e-01   3.8380079e-01  -2.1595071e-01  -2.8851839e-02  -3.3432113e-02  -4.3072825e-02   7.8264604e-01   8.8190321e-03   1.4617330e-01   1.5539579e-01  -1.1780641e-02   4.3604933e-02  -6.2680305e-02  -8.3588743e-02   2.1210668e-01   9.1514783e-02  -5.4132515e-02   1.7370130e-02   3.9196763e-02  -1.7413785e-01   5.2784957e-02   1.6032115e-01  -1.0071534e-02  -2.1384947e-02  -1.9025920e-01  -6.2028415e-03  -4.1932925e-01  -1.1709811e-01  -3.4492353e-02   1.9218805e-01   3.4858204e-01  -8.8866474e-02   2.0259529e-01   2.5166471e-01   1.1681900e-01   1.4853134e-01   2.9012959e-02  -8.9452747e-03   2.0470789e-01   3.5749512e-01   1.1796218e-01   1.4457867e-01   3.8669470e-02   3.1181031e-01   6.3472064e-02   2.0627431e-01   1.8518132e-01  -4.4766709e-02   2.0226549e-01   1.5980721e-01   7.3842748e-02  -3.1110546e-02   2.0219400e-01  -9.5710848e-02  -4.0725274e-02  -6.1602798e-02   3.6176925e-01  -9.3498816e-02  -1.1248805e-01   1.4645336e-01   1.7289971e-01  -4.8168493e-02   6.3697218e-02   2.9285538e-01  -3.9886694e-02   1.4789928e-01   1.7648951e-01   3.3958561e-01   1.3633062e-02  -2.8139432e-01  -1.7136778e-01  -1.5560362e-01   1.9765149e-01   1.7725222e-02   1.9085320e-01   1.3712645e-01  -1.6373188e-01   2.9825440e-02  -2.2436076e-02  -1.0227081e-01   9.5747877e-02   5.3779462e-02  -2.7730891e-03   9.1736858e-02   5.8710197e-03   1.5310490e-01   8.7626018e-02   1.2991347e-01   2.4550535e-01  -1.1616677e-01   1.9165707e-01   2.3327240e-02  -2.1676006e-02   8.8266902e-02  -5.5257985e-02  -2.1347485e-02   1.1777132e-01   8.1421423e-02   1.1067992e-01   3.8585361e-01   2.3440685e-01  -1.4275620e-01   1.7322537e-01   6.7611013e-02   7.2052527e-02   4.2107562e-02   1.9865220e-01   1.2409376e-01   6.5539258e-02   1.8368342e-01  -5.7821907e-02   1.7084809e-01   1.9218036e-01   7.6698214e-02   1.5349866e-01   5.6891068e-02   1.9681743e-01  -1.9690589e-01  -1.2722040e-01   3.0330538e-01   1.4240594e-01  -1.1306915e-01   4.4766122e-02   5.4356059e-02   4.2971038e-02   3.4171412e-03  -1.9219174e-01  -1.1002877e-01   7.5792408e-02  -9.5734999e-02  -4.9680245e-02  -3.7611497e-02  -1.1124127e-01   2.2203405e-01  -1.3974159e-01  -1.0515008e-01   3.2097379e-01   1.0680815e-01   1.2174736e-01  -2.5462525e-01   1.0694371e-01   5.6211698e-03   1.9442592e-01  -1.2569812e-03   3.9486023e-01  -1.1108313e-01  -1.0410425e-03   2.2915429e-01   7.3875388e-02  -1.3879058e-01  -2.1325104e-01  -1.0629721e-01   2.4084645e-02   1.1890615e-01  -1.7365121e-02  -1.7736897e-01   4.1007507e-02   9.3874552e-02  -1.0999121e-02   1.8096449e-01   5.2280738e-02  -1.5658316e-01   1.8066458e-01   5.2856294e-01   5.0141998e-02   1.0182073e-02   3.1790937e-01
   3.0663615e-02  -8.2975048e-02  -1.7325206e-01   0.0000000e+00   5.6547800e-02   6.1292026e-02  -1.0798586e-02   1.0761058e-01   1.1502882e-01  -3.6537735e-02   2.5676725e-01  -1.8860394e-01   5.7225943e-03  -2.5783051e-01  -8.8073741e-03   4.9127112e-02  -2.2328834e-01   5.1256617e-01  -1.4369748e-01  -2.4360956e-02   1.9002966e-01   2.9593881e-01   1.8250137e-01  -1.3677756e-01  -1.2529561e-01  -6.4454824e-02   1.8655501e-01  -4.5349000e-02  -1.0131889e-02   5.0256164e-01   1.3789006e-01   5.1134160e-01  -2.5812253e-01   7.4123126e-02   1.2374158e-01   8.0848027e-02   2.9271995e-01  -2.0412694e-01  -5.2328689e-02  -1.4647045e-01   6.0186836e-02  -1.6151433e-01  -7.1013025e-02  -1.2362485e-01  -2.0483107e-02  -7.5162649e-02  -1.3875183e-02   3.2948557e-02  -5.7446197e-02  -2.1564962e-01   3.1095874e-01  -6.1227748e-03   3.2046185e-03  -1.1113383e-01  -2.3609171e-01  -5.9980221e-02   3.3181550e-03   5.7553411e-01   2.7960033e-01   1.5853789e-01  -4.4313393e-02   1.4459173e-02   5.9505152e-02   5.7388842e-02   1.9322808e-01   1.3851506e-01   8.9803003e-02   5.1052879e-01   3.7619812e-01  -1.2922967e-02   3.6694056e-02   6.0045347e-01   7.7900243e-02  -7.7923633e-02   3.8515178e-02   2.8020413e-01  -1.9212801e-01   9.6060716e-02  -1.9923577e-03   2.5570748e-01   1.1133836e-01   1.5804564e-01  -8.1559026e-02  -1.2253322e-01  -1.4869828e-01   1.6028527e-01  -1.5097589e-01  -2.3679478e-01   8.2638836e-02  -1.1178596e-01  -1.0358161e-01   9.9412597e-02  -3.4910424e-01   9.6340310e-02  -7.3171783e-02  -3.0908840e-02   4.1037267e-02   3.6352485e-02   2.1013575e-01   1.1802393e-01  -1.4695468e-01   3.5782033e-02   2.9831359e-01   2.3666461e-01   3.9622799e-01   6.3673142e-01   2.0477891e-02   2.3716036e-01   1.1361155e-01  -1.8248964e-01  -1.4306214e-01   4.5869685e-01   1.4926468e-01  -1.0648873e-01  -1.1247338e-01   7.4031159e-02   3.7377150e-02   8.0005125e-02  -7.7808088e-02   3.2682009e-01  -1.9309889e-01   1.3522355e-02   1.5779804e-03   5.5494424e-02  -8.3851324e-02  -1.7029414e-01   2.0140773e-01   2.0261763e-01   5.7054271e-01   8.9205909e-02  -2.2169335e-01  -1.5677224e-01  -7.5749566e-02  -2.0255347e-01   3.6175385e-01   3.3836664e-01   2.0009529e-01  -2.8361451e-02   2.7380589e-01  -4.7386013e-02  -2.2674012e-01  -9.6971973e-02   2.3976310e-01  -1.6575474e-01   2.4672572e-01   4.7788427e-01  -5.9413747e-02   1.8494530e-01  -3.3986747e-02  -1.4031388e-02  -1.2386021e-01   1.0151171e-02  -2.0306071e-01  -1.4411100e-01   1.1085268e-01  -1.9654758e-01  -2.3493435e-01   1.9321336e-01  -1.5214636e-02   1.2143970e-01   4.4698500e-01   1.1094855e-01  -1.0337129e-02   2.9588680e-01   6.2349276e-01  -1.7263356e-01  -7.2277684e-02  -5.7502854e-02  -1.0784847e-01  -2.5207289e-01  -1.5519902e-01  -2.7168317e-01   2.6119572e-01  -1.8091142e-01   2.5614224e-01  -1.8439913e-01   3.5303595e-01
  -2.5394557e-01   1.8963356e-01   2.0520547e-01   5.6547800e-02   0.0000000e+00  -2.4049975e-01   1.4591968e-01  -1.8004614e-02  -1.6666710e-01   1.6064328e-01  -7.4876497e-02   3.8284121e-03  -2.4429229e-01  -4.9282399e-01  -3.5870231e-01   2.7557121e-01   2.9982141e-01   1.6921294e-01  -1.8281143e-01   7.1556134e-01  -2.4821483e-01  -5.0547457e-02  -2.3751613e-01  -3.4143799e-01  -1.4329105e-01  -2.5250193e-01   2.4601600e-01  -3.9327488e-01   1.0693122e-01  -3.4706198e-02  -5.7353621e-02   3.0392686e-01   1.2515256e-02   4.5660427e-02  -4.3011121e-01   5.8801183e-01  -1.5450977e-01  -1.2762918e-01   2.6998697e-01   4.2773622e-01   4.9473320e-01   5.5688530e-02  -6.7947197e-02  -1.9193156e-01  -9.7448973e-02  -2.6079712e-01   1.5407907e-01   3.4042897e-01  -1.5034291e-01   4.6820857e-01  -1.6032495e-01  -2.0996391e-01   4.3328103e-01  -1.4329076e-01  -4.9925672e-01  -3.4586590e-01  -3.6662052e-01  -8.8276514e-02   3.5985650e-01  -2.2036830e-01  -3.8882306e-01  -3.3690084e-01   5.5836164e-02  -2.1132846e-01   7.4008524e-02  -7.0941774e-02  -2.0035242e-01   2.2304796e-01  -1.3230351e-01  -2.4299334e-01   6.1283520e-01   7.5782795e-02   4.2494497e-01  -1.6727186e-01   1.7081522e-02   2.0279001e-01  -9.2173155e-02   2.1088837e-02   7.1264313e-01   3.2023309e-01  -5.8390080e-01   6.7220961e-02   1.4852185e-01  -1.7788756e-01  -1.6952792e-02   1.3266285e-01  -4.0723078e-01  -4.2459312e-01   1.1051186e-01  -3.1801406e-01   4.1026077e-01  -4.5933618e-01   1.0354730e-01  -2.6538119e-01  -3.1669996e-01   5.8707626e-01  -7.4525775e-02  -1.9882244e-01   4.8019969e-02  -1.2366680e-01  -1.1777874e-01  -4.4400918e-01  -1.9199730e-01  -2.5239070e-01  -1.4522437e-01   1.9993439e-01   3.2483582e-01  -8.1582610e-02   1.4644686e-01   3.0563748e-01   1.8018685e-01  -2.2587907e-01   1.3152890e-01  -2.6621791e-01  -3.0700384e-01   5.4216944e-01  -1.0141420e-01   3.0825517e-01  -2.3274900e-01   4.1803417e-01  -4.1648115e-01   5.1095451e-01   2.5422520e-01   9.9095443e-02  -3.3161625e-01  -3.1267792e-01   1.0163942e-01   1.3279880e-01  -1.6798811e-02  -1.3170204e-01   2.9001781e-01   2.2738045e-01  -2.3506084e-01  -1.4748727e-01  -1.4953753e-01  -5.4779242e-02   1.0709601e-01  -2.9505568e-01  -1.6391146e-02  -3.7505468e-01  -2.8634520e-01  -5.9450466e-02  -2.7131824e-01  -2.4513415e-01  -2.3025407e-01  -1.0115225e-01   2.1340697e-01   5.4442987e-01   3.2835916e-01  -8.2109304e-02  -2.4980658e-01  -2.2575555e-01  -1.6386184e-01   1.6033444e-01   4.6667790e-01  -2.3915589e-01  -3.6081379e-01   3.5726151e-01  -4.3982977e-01  -4.7881770e-01   2.4677999e-01  -1.2005713e-01   1.1152723e-01   4.1039620e-02   2.9902046e-01   2.3975065e-01   2.9097562e-02  -2.7722118e-01  -3.3435484e-01   4.5020111e-01   3.5373427e-01  -2.7159501e-01   9.9710697e-02  -4.6135959e-02  -1.7226811e-01   3.1611604e-01   2.4026180e-01
   3.9129621e-01   7.9083896e-02   2.8947760e-01   6.1292026e-02  -2.4049975e-01   0.0000000e+00  -2.1511200e-01   5.7001093e-01   2.8392672e-01  -2.5623461e-01   2.2820022e-01   2.5471333e-01  -8.5154907e-02   4.5750208e-01   4.5925161e-01  -3.0582264e-01   3.1079662e-01  -4.4824475e-02   5.9984626e-01  -3.9723920e-01   2.8279896e-01   4.2068932e-01   3.0618534e-01   2.6360381e-01   4.1436570e-02   6.5649271e-01  -1.7739477e-01   3.9082011e-01  -3.2540341e-01   1.9247799e-01   4.7845021e-01   1.2411458e-01  -7.5137090e-02   1.2518452e-01   2.7984428e-01  -2.7707442e-01  -5.4172609e-02   4.7484274e-02  -4.8919794e-01  -2.9359586e-01  -3.1221767e-01  -1.4028928e-01   1.5041237e-01   3.8750036e-01   8.4776802e-02   5.2050683e-01   7.6892215e-03  -2.4321375e-01  -3.8973000e-03  -2.3169913e-01   1.2087124e-01   6.1020612e-01  -2.6246982e-01  -1.7058889e-02   4.5199396e-01   4.8553609e-01   7.4120693e-01   4.0987037e-01  -9.0362790e-02   5.0387875e-01   4.2387235e-01  -1.2681601e-01   2.1099048e-01   4.8194337e-01  -3.8625046e-02  -3.9363928e-02   9.1006542e-01  -1.1064550e-01   4.9194542e-01   4.4569208e-01  -3.6723552e-01  -1.3946432e-01  -1.0062750e-01   4.4397385e-01   1.0917711e-01   3.7301472e-01   4.5582194e-01   2.9143735e-01  -2.3872937e-01  -1.3540152e-01   3.2334406e-01  -2.7474984e-01   1.0504314e-01   5.3349066e-01   2.3704953e-01   5.3021463e-01  -7.6072471e-02   3.5344577e-01  -7.8212037e-02   1.6383648e-01  -3.3868789e-01   3.9300978e-01  -8.5338104e-02   5.3080589e-01   5.2322765e-01  -5.0215660e-01  -1.0086650e-01   6.1786848e-01  -5.7885372e-02  -8.9327177e-02   2.7030151e-01   5.8907216e-01   4.9728754e-01   5.6548238e-01   3.5995024e-02   1.0494747e-02  -8.3797809e-02   6.1035591e-01  -1.4575876e-01   1.3892060e-01  -8.6442559e-03   4.4808120e-01  -1.3962972e-01   3.0947873e-01   4.5923516e-01  -1.4705275e-01   2.5460547e-01  -4.1399548e-01   4.1198285e-01  -1.0441012e-01   3.2059011e-01   4.6439716e-02   5.3688293e-02   8.5180520e-02   4.6592811e-01   3.2881499e-01  -1.2658169e-02  -2.6621856e-02   3.0510031e-01   6.7620018e-02  -1.8982783e-01  -1.1838760e-01   2.6570499e-01   2.5480169e-01   5.0346861e-01   6.5933531e-01  -1.8672589e-01   2.7820126e-01   6.5238438e-01   4.2160497e-01   2.6596803e-01   1.1509308e-01   3.5028789e-01   2.4994346e-01   3.6068458e-01   1.2419669e-01  -9.4051040e-02  -1.0856167e-01  -1.1667722e-02  -1.7777973e-01   4.2511587e-01   5.3879089e-01   4.6579907e-01   1.3890761e-01  -1.9016436e-01  -6.0805989e-02   4.4932888e-01  -7.5516087e-02   4.5438612e-01   5.4589217e-01  -3.0699796e-01   1.3189425e-01   4.3795637e-02  -9.2853050e-02   1.1001042e-01  -1.9241202e-01   4.7841084e-02   4.6250343e-01   4.7292681e-01   1.0490712e-01  -6.0608826e-02   7.3698835e-02  -5.8151365e-02   5.7862916e-01   2.5287974e-01  -3.3401831e-02   3.6067808e-01
  -5.3552524e-01  -1.6426567e-01  -1.9597257e-02  -1.0798586e-02   1.4591968e-01  -2.1511200e-01   0.0000000e+00  -3.1250905e-01  -2.7963360e-01   1.8303020e-01   1.9597923e-01   7.2493699e-02  -1.5648488e-01  -5.7448265e-01  -3.2190387e-01   5.0431867e-01  -5.8976614e-02  -3.8900114e-02  -4.2513529e-01   4.0570859e-01  -1.9531822e-01  -2.5237734e-01  -2.4170795e-01  -4.2207469e-01  -1.2111310e-01  -3.6336293e-01   4.8751397e-01  -4.7630382e-01  -5.1210228e-03   2.9708411e-02  -2.9715872e-01  -1.5189980e-01   1.1294976e-01   2.0558612e-01  -3.1635962e-01   5.1243469e-01   1.6036961e-01  -5.4208900e-01   5.1372676e-01   5.3065023e-01   2.1440502e-01   2.6889914e-01   1.9714150e-01  -1.5286418e-01   1.1045094e-01  -6.7013942e-01   3.3333930e-01   3.8328782e-01   3.4398558e-02   3.3413048e-01   1.2673161e-01  -3.1691748e-01   3.8547706e-01   1.3170507e-01  -3.6459467e-01   4.3476121e-02  -3.5278679e-01  -3.3621077e-01   2.6832377e-03  -4.6822690e-01  -5.2251594e-01  -5.0602311e-03  -2.6272658e-01  -4.4846137e-01  -1.8882481e-01   1.5366786e-02  -2.0342737e-01  -6.0932506e-02  -9.5077123e-02  -4.7380188e-01   3.3143093e-01  -1.0077816e-01   1.8631201e-01  -5.5143260e-01  -1.2951458e-02  -2.0378852e-01  -5.5760472e-01  -1.8538430e-01   1.7841599e-01   1.9030270e-01   4.2879988e-02   1.4582276e-01   8.5075407e-02  -3.6178060e-01  -3.6751493e-01  -2.9317455e-01   5.4757563e-02  -4.5287942e-01   1.4970688e-01  -4.9039874e-01   1.7163107e-01  -3.6708305e-01   4.0298411e-01  -1.9607828e-01  -6.0650773e-01   3.5568916e-01   2.3240508e-01  -4.8536959e-01   8.0313755e-02   1.3578569e-01  -6.2146132e-01  -8.4189585e-02  -3.0731096e-01  -4.7424989e-01   9.2286642e-02  -1.3500273e-01   3.5775134e-01  -1.4877752e-01   1.0800866e-01   3.0368462e-01   3.8297977e-01  -1.6658257e-01   1.8405519e-01  -4.3176775e-01  -6.5980710e-01   4.4003522e-02  -5.9214044e-02   5.6606386e-02  -4.3136692e-01   6.0478747e-02  -3.7338672e-01   1.7092737e-01   2.2485742e-01  -1.1902508e-01  -6.4211141e-01  -6.1033349e-01   1.7395671e-01   2.2106974e-01  -3.3062906e-01   8.8445337e-03   3.5526220e-01   3.3081827e-01  -4.0269131e-01  -2.3149637e-01  -3.1608903e-01  -2.6857004e-01   3.2696243e-01  -1.4114452e-01  -3.3813867e-01  -4.6633672e-01  -5.0563318e-01  -3.7691571e-02   7.9518876e-02   2.1633059e-01  -2.6779573e-01   1.3766041e-02   6.1920492e-01   2.1150802e-01   2.1914940e-01   1.9074225e-03  -6.6221789e-01  -3.5967331e-01  -5.2799471e-01   8.7025616e-02   4.8416176e-01  -2.9631960e-01  -4.9715586e-01   1.4359279e-01  -3.3475363e-01  -2.8003462e-01   1.0615805e-01   2.3126703e-01  -1.7083579e-01  -6.3424631e-02   2.3573495e-02   3.4425683e-01   1.2481801e-01  -6.5957178e-01  -2.7406461e-01   1.9216851e-01   3.5967702e-01  -4.7095495e-01  -7.2652265e-02  -2.8563639e-01  -1.4472913e-01   3.3875414e-01  -1.9840570e-01
   2.0934093e-01   1.0096582e-01   1.4187178e-01   1.0761058e-01  -1.8004614e-02   5.7001093e-01  -3.1250905e-01   0.0000000e+00   3.2115525e-01   3.0250580e-03   2.6149355e-01  -1.6400593e-01   9.1473740e-02   2.3935886e-01   6.0418074e-01  -3.4014546e-01   2.5743286e-01  -8.0737041e-02   5.3403711e-01  -3.7459402e-01   2.9660078e-01   1.4159039e-01   1.8968488e-01   3.9568126e-02  -2.4579866e-01   7.0596352e-01  -2.3660176e-01   3.4313202e-01  -9.2952007e-02  -6.3007096e-02   7.4222360e-01   1.0798227e-01  -1.8299808e-03   1.1494074e-01   2.0793757e-02  -1.9477803e-01  -7.6217079e-02   4.7755162e-02  -3.7500480e-01   2.1517889e-02  -1.1435108e-01   3.3824716e-02  -1.6468047e-02   7.0146065e-01  -1.5599135e-01   3.3509726e-01  -3.5129985e-02   7.6774212e-02  -7.3519910e-02   6.3593674e-02  -3.2226330e-01   6.8306787e-01   1.6932137e-01   1.1577050e-02   3.3053073e-02   1.9449668e-01   4.1751355e-01   3.3565550e-01  -2.0460939e-02   1.5581706e-01   3.8996848e-01  -2.8036138e-02   1.3198130e-01   6.2026188e-01   1.7570605e-01  -1.9453895e-01   6.0153976e-01  -1.2552310e-01   2.7135913e-01   1.1063755e-01   5.0090981e-02  -3.0286216e-01   2.3325787e-02   1.1776493e-01   1.6471605e-01   5.6977937e-01   5.3226511e-01   4.4567930e-01   1.9841608e-01   1.3879170e-02   1.0720399e-01  -1.2034462e-01   2.6220096e-01   7.9766030e-01   7.0916695e-02   6.9695525e-01  -8.0312634e-02   8.9592634e-02   1.4140048e-01  -4.9778722e-02  -4.6484268e-02   3.1447032e-01   7.8544629e-02   1.7277621e-01   4.1055706e-01  -2.0349646e-01  -2.7193727e-01   7.5862050e-01  -2.8288532e-01  -4.8089664e-02   3.4570575e-01   4.3669190e-01   5.5834981e-01   2.8734166e-01  -3.6736089e-01   1.6559219e-01   2.6121450e-02   7.8636775e-01  -1.3502434e-01   1.7929528e-01   1.1093917e-01   1.0279861e-01  -4.6571098e-01   9.4692562e-03   3.7325762e-01   4.6987916e-01   3.9539157e-01  -2.8757219e-01   4.7988818e-01  -2.4542929e-01   4.2332655e-02   3.6468428e-02  -1.7856837e-01   4.1048367e-01   3.3758807e-01   1.0229901e-01  -7.2716715e-03   2.0197780e-01   3.0155397e-01  -1.6069497e-01   3.3751276e-03   3.0426697e-01  -6.7624122e-02   5.9962943e-01   3.7706252e-01   6.7789390e-01   1.3545183e-01   3.9490348e-01   7.3213580e-01   1.5159530e-01   9.6644694e-02  -2.3678800e-02  -1.2880008e-01  -7.0948933e-02   5.3079367e-01   4.3436204e-02  -2.5653253e-01  -2.0544298e-02   4.8245170e-02   2.0137751e-01   3.3342824e-01   6.9199202e-01   2.1590530e-01   3.2209168e-01  -9.0458034e-03  -2.3191044e-01   1.5468601e-01  -3.2872565e-02   3.2125035e-01   3.3939624e-01  -1.8248625e-01   1.7460746e-02   4.4344546e-02  -2.8609072e-01   7.8550879e-02   1.1136256e-01   5.5365745e-02   3.8835965e-01   1.0469309e-01   3.8580513e-01   5.4359124e-02  -1.8245512e-01  -3.0358592e-01   2.6153234e-01   1.8533798e-01   1.1871094e-01   3.2872133e-01
   2.5124438e-01   5.7018043e-01   1.1186487e-01   1.1502882e-01  -1.6666710e-01   2.8392672e-01  -2.7963360e-01   3.2115525e-01   0.0000000e+00  -1.4422500e-01  -5.6985234e-02   1.6825274e-01  -9.4102756e-02   2.3996692e-01   2.5563210e-01  -4.9340881e-01   3.8947420e-02   9.8629698e-02   4.1621092e-01  -4.1833311e-01   9.5312453e-03   2.4925894e-01  -3.2353365e-02   1.2442793e-01   4.2197205e-01   4.7311172e-01  -2.5197401e-01   2.2022403e-01   9.3121729e-02   1.5680422e-01   3.1958973e-01   1.1845609e-01  -3.8504540e-01   2.8318333e-02   1.3397387e-01  -4.7058870e-01  -3.3130072e-01   5.3428210e-02  -4.8572151e-01  -3.0367986e-01  -4.8479639e-02  -3.1583529e-01   5.0545744e-01   3.1155246e-01   4.4965561e-01   3.9805640e-01  -3.4799733e-01  -1.3734132e-01   5.2949405e-01  -3.0789012e-01  -6.7306099e-02   2.9904722e-01  -3.9727004e-02   2.1638926e-01   2.3372024e-01   7.2991479e-02   4.0281001e-01   4.4454209e-01   6.7940665e-03   4.0599595e-01   4.0770139e-01   2.5323332e-01   5.7352665e-01   3.1212952e-01   7.4647069e-01  -2.4764709e-01   2.5787199e-01   2.8515964e-02  -1.1741491e-01   3.0991433e-01  -1.3998888e-01   2.0715348e-01  -1.3596708e-01   2.0015634e-01  -9.2801452e-02   2.6278685e-01   2.5678094e-01   4.4538194e-01   5.5772033e-02  -3.8580387e-01   8.4226644e-02  -2.9214140e-01  -1.1765464e-01   3.6655775e-01   2.1946765e-01   3.2839499e-01  -9.5684701e-03   4.2901312e-01  -6.6938637e-02   1.8486659e-01  -1.2084073e-01   1.4977326e-01  -2.3065486e-01   5.4219423e-01   3.2359204e-01  -3.2352906e-01   3.1813688e-01   4.3225233e-01   3.8796789e-01  -2.3588785e-01   2.9454839e-01   1.5810767e-01   2.3991756e-01   5.5008173e-01   1.3729795e-01   5.2210824e-02  -2.2356231e-01   3.4250511e-01  -3.1561340e-02  -3.7698601e-01  -1.0301463e-01   1.6018525e-01   1.1561354e-01   2.5253910e-01   2.6707980e-01   1.0256260e-01   1.8095518e-01  -1.6294770e-01   9.6462565e-02   7.0625460e-02   6.1478146e-02   8.7864462e-03  -1.4686822e-01   5.8889016e-01   3.4084147e-01   2.9371735e-01   2.9961934e-01  -3.1746666e-01   2.2847017e-01   5.4055484e-02  -3.4111340e-01   6.4197005e-03   3.6526899e-01   2.1836859e-01   2.7765562e-01   2.4641953e-01  -3.0385692e-01  -3.3087579e-02   1.3521380e-01   2.1351062e-01   1.2259967e-01   2.2555569e-02   1.2867417e-01  -2.4528157e-01   2.3297213e-01   4.1521258e-02  -3.9488464e-01  -1.1823453e-01  -4.0904382e-01   6.8753476e-02   3.3479809e-01   1.3398343e-01   2.3452117e-01   1.2030491e-01  -5.9211818e-02   9.8851697e-02   2.2250010e-01  -7.1772043e-04   1.7132946e-01   1.1490028e-01  -1.3529918e-01   1.9555091e-01  -1.0211614e-01   2.7846946e-01   1.6703974e-02  -1.9430301e-01  -2.2371578e-01   2.7421349e-01  -2.4408506e-02  -1.3850873e-01   1.7062399e-02  -3.7820995e-02   3.4098058e-01   1.3912604e-01   2.4182577e-01  -4.2694085e-01   3.9102060e-01
  -4.5761093e-02  -6.9418805e-02   1.6467402e-02  -3.6537735e-02   1.6064328e-01  -2.5623461e-01   1.8303020e-01   3.0250580e-03  -1.4422500e-01   0.0000000e+00  -3.5019276e-01  -1.5058171e-03   1.9556686e-01  -1.5949259e-01  -1.6368525e-01  -6.8787375e-02   1.1823722e-02  -2.8049897e-01  -1.0847696e-01   2.0275995e-01  -2.5042428e-01  -4.6258441e-01  -3.9699346e-01  -3.1129984e-02  -6.5523331e-02  -1.7587252e-01  -7.7660050e-03  -2.4263697e-01   2.5330700e-01  -2.1838633e-01  -1.5854144e-01  -2.3614057e-01   2.4754876e-02  -2.1327009e-01  -3.0951419e-01   1.2727493e-01  -2.7083223e-01   9.6383698e-02   8.3649595e-02   2.9000386e-01   4.6508250e-02   2.3627384e-02   1.1499167e-01  -5.2571935e-02  -1.6613685e-02  -9.2275011e-02   4.7445727e-02  -6.7279855e-02   1.8455953e-01   2.9448169e-01  -2.2231096e-01  -2.2233406e-01   2.1574475e-01   1.8058347e-01  -2.7008552e-01  -1.8933200e-01  -2.4014432e-01  -2.7867049e-01  -2.2241880e-01  -3.8666769e-01  -1.0248080e-01   3.3417233e-01  -1.0066413e-01  -2.0096130e-01   3.7453203e-02   1.4539226e-01  -2.6108779e-01  -2.6776736e-01  -4.5197915e-01  -9.1196043e-02   1.7651536e-01  -7.7970141e-02  -3.3219996e-01  -1.7903080e-01   1.4086586e-02   1.0873016e-01  -8.3668660e-02   1.3286256e-02   1.3147465e-01  -2.3468739e-01  -4.0079567e-01  -2.0235792e-01  -5.6252357e-02  -5.0399735e-02  -1.8180417e-02  -1.8321905e-02  -7.9712123e-02  -1.9642355e-01   1.8135891e-02  -5.9911799e-02   2.9645885e-01  -1.4335908e-01   4.9507426e-02  -2.4119745e-01  -5.7683092e-02   3.7364113e-01   1.7277447e-02  -1.0661856e-01  -6.9379454e-02  -2.3212534e-02  -1.1216916e-02  -2.1407835e-02  -1.6650789e-01  -3.3440632e-01  -1.5065110e-01  -1.3199898e-01   1.8681114e-01  -6.7574811e-02   3.1004530e-01   1.3166789e-01   3.0514323e-02  -3.6860519e-01   4.0617685e-02   3.4825252e-03  -1.3567765e-01   7.1866302e-02  -7.0811566e-02   5.0413322e-02  -1.6277196e-01  -6.5530940e-02  -1.6068936e-01   2.7985066e-01  -2.3655365e-01   4.7052002e-03  -2.2534552e-02  -1.9351797e-01   3.4173198e-01  -4.0972405e-02  -3.1794480e-01   5.8451529e-02   1.2974331e-01   1.4852933e-01  -1.1154135e-01   5.8530931e-02  -2.0134431e-01  -9.7550197e-02   8.5707687e-02  -2.2160175e-01  -1.2841962e-01  -4.0858148e-02  -6.1788955e-02  -1.0434948e-01  -2.2503531e-01   7.0340490e-02   2.0677975e-02  -2.2628461e-01   2.0829981e-01   1.6641497e-01   1.6196206e-01   5.7327466e-02  -2.2956753e-01  -2.2854094e-01  -2.4339749e-01  -3.8214465e-02   2.3403471e-01   5.5813738e-02  -7.8687688e-02  -8.9791987e-02  -1.5916552e-01  -3.9176495e-01  -4.6161187e-02   2.6610632e-02   1.3057492e-01  -7.6136954e-02  -2.3923125e-01   1.1252639e-01  -1.6733425e-01  -2.2645050e-01  -1.9021471e-01   1.3493900e-01   2.2048899e-01  -7.1905094e-02  -6.5559033e-02  -8.9989544e-02  -1.8790664e-01  -1.9292213e-02  -8.3525358e-02
  -3.2122826e-01  -3.2187537e-01  -1.0282636e-01   2.5676725e-01  -7.4876497e-02   2.2820022e-01   1.9597923e-01   2.6149355e-01  -5.6985234e-02  -3.5019276e-01   0.0000000e+00  -4.5534290e-01  -1.0226418e-01  -1.3360478e-01   1.6838581e-01   4.8378117e-01  -1.0240841e-01   2.5332599e-01  -1.1986215e-01  -1.0865323e-01   4.1761066e-01   3.9965843e-01   3.2907831e-01  -2.5107352e-01  -2.7247576e-01   8.7905496e-02   3.0823152e-01  -1.0934367e-01  -2.3477731e-01   2.8483036e-01   2.3396813e-01   2.9051349e-01   2.6731807e-01   4.0115683e-01  -8.0671875e-02   1.5211542e-01   3.7422853e-01  -4.3927066e-01   2.4983620e-01   8.4237404e-02   7.3104583e-02   3.3984650e-01  -2.0718121e-01   2.7505869e-01  -2.3829189e-02  -2.6725134e-01   4.4542303e-01   3.8017419e-01  -1.0537695e-01  -2.9037772e-02   3.1178531e-01   1.1327271e-01   2.8558410e-01  -4.9405737e-03  -7.4885095e-02   2.5729481e-01   7.5568380e-02   3.8607552e-01   2.3177037e-01  -7.0461968e-02  -8.2309216e-02  -2.3077071e-01  -1.6168708e-01   2.6345381e-01  -1.0969592e-01   7.6572503e-02   2.3833795e-01   1.4330128e-01   4.7598874e-01  -2.9641780e-01   6.4762252e-02   5.0023562e-02   4.1761361e-01  -2.5849491e-01  -1.1628936e-02   1.6657565e-01  -1.2071747e-01   3.5543329e-02  -3.5725796e-02   2.4739321e-01   3.8561186e-01   2.3272640e-01   3.5447226e-01   6.9422464e-02  -2.9066899e-01   2.1576459e-01   2.8626603e-01  -2.2524398e-01   1.2435806e-01  -3.5145364e-01  -2.9123120e-02   2.1838367e-02   1.2124700e-01   1.5980058e-01  -1.2412585e-01  -1.9427418e-01  -1.2962536e-01   6.0251734e-02  -3.4074223e-02   1.6686886e-01  -4.2960181e-01   2.1447195e-01   3.4636784e-01   2.1227795e-01   1.8352582e-01   3.1695267e-01   7.1595245e-02   3.3739001e-01   6.6663002e-03   1.9533939e-01   2.8169801e-01   3.5919091e-01  -1.0692584e-01  -3.4402532e-01  -3.2253921e-01   1.3863230e-01   6.8722951e-02  -1.4387223e-02   6.5491046e-02   8.7630109e-02  -1.8057151e-01   1.4647657e-02  -1.1794549e-03  -1.4950312e-01  -2.8476964e-01  -3.4927525e-01  -1.2309195e-01   2.9014822e-01   3.2917053e-01  -7.4041901e-02   9.1978927e-02   2.1465397e-01  -3.5664534e-01   1.0535969e-01   1.6342920e-01   4.1398240e-01   1.7185645e-01   3.2848910e-01   3.6877867e-01  -2.9890702e-01  -2.6539805e-01   1.7959449e-01   3.4160041e-01   8.0240380e-02   3.9749686e-02   4.4708289e-01  -3.6746579e-02   1.4509705e-01   1.6835930e-01   2.0549049e-01  -3.2666006e-01   3.3368443e-01  -9.8420843e-02   4.8340126e-01  -5.2637620e-02  -3.5015151e-01  -3.3044003e-01   2.0715544e-01   1.6308887e-01   2.7267810e-01   5.5438699e-02   2.5513178e-01  -4.2714494e-02   8.8999743e-02   4.5579503e-01   2.9134572e-01   2.0931438e-01  -2.4400433e-01  -7.6619267e-02   9.3437633e-02   2.4187239e-01  -3.6512306e-01  -6.7891909e-02  -1.6936747e-01   2.2382509e-01   2.9568396e-01   2.5806233e-01
   3.0546589e-01   4.4251620e-01   3.8380079e-01  -1.8860394e-01   3.8284121e-03   2.5471333e-01   7.2493699e-02  -1.6400593e-01   1.6825274e-01  -1.5058171e-03  -4.5534290e-01   0.0000000e+00  -1.2995981e-01   1.1773186e-01  -6.6790777e-02  -2.8488662e-01   3.3199056e-01  -1.1806960e-01   1.1487002e-01   1.1785685e-01  -3.0714657e-01  -1.0818092e-01  -1.3168312e-01   2.2723492e-01   3.0348390e-01   3.6681644e-02  -2.5086110e-01   4.1465139e-02   4.5890885e-02   2.3099984e-02  -1.5347205e-01  -5.5965016e-02  -1.4491366e-01  -2.6109517e-02   2.6809768e-01  -1.2623192e-01  -2.9861473e-01   4.4299155e-02  -2.9924840e-01  -1.6657332e-01  -1.7324081e-01  -2.0899737e-01   4.4306733e-01  -1.7650464e-01   1.7846137e-01   2.2544714e-01  -1.6581248e-01  -4.0932005e-01   8.6334291e-02   6.1914375e-02   1.6573574e-02  -1.3238967e-02  -3.9155016e-01   7.8389835e-02   3.3276897e-01   1.0979168e-01   2.2584415e-01  -1.2550408e-01  -1.0641253e-01   3.7365805e-01   4.8996425e-02  -4.9921377e-03   2.5198031e-01  -1.3417909e-01  -8.5425095e-03  -1.0758360e-01   2.6379869e-01  -9.6781049e-02  -1.6956243e-01   3.3310560e-01  -2.1038062e-01   2.5544167e-02  -2.2294992e-01   4.1619749e-01   4.5030626e-02  -1.2543367e-01   5.9179283e-02   2.9133020e-02  -8.0867634e-02  -2.5632960e-01  -1.3939957e-01  -1.0995304e-01  -2.5016223e-01  -7.4397543e-02   3.6914225e-01  -1.0329206e-01  -3.8068415e-01   3.6185865e-01  -3.0603026e-02   2.2889594e-01  -1.1769067e-01   6.7792828e-02   1.2924553e-01   3.2091675e-01   3.5370956e-02  -9.4653852e-02   2.0765151e-01  -6.7830405e-02   1.8100439e-01  -3.0807065e-01   2.4983626e-01   2.1606319e-01  -2.2533120e-01   1.8065349e-01   8.0612096e-02  -2.8047376e-01  -2.0340164e-03  -1.9660657e-01  -1.6059277e-01  -6.3925412e-02  -2.7217675e-01   1.3902097e-02   1.8176306e-01   3.3249724e-01   1.9109619e-01  -2.4845066e-01   1.1285742e-01  -1.1206725e-01  -2.2546768e-01   1.1056525e-01   2.5542636e-01   2.2852741e-01   2.0915833e-01   6.8144137e-02   1.9193801e-01   3.7234373e-01   2.3562332e-01  -2.1655166e-01  -2.2730853e-01  -1.8081071e-02  -8.0346838e-02  -3.0207990e-01   5.0567019e-01  -1.6074112e-01   2.7632553e-02  -1.2330787e-01  -1.5467933e-01  -3.3395372e-01  -9.9888815e-02   2.3790475e-01   1.6887079e-01  -6.8348128e-02   6.4293972e-02  -3.6824077e-02   1.1107928e-01  -2.3036169e-01   3.7935364e-01  -2.4955066e-01  -1.2525722e-01  -4.0534027e-01   2.1513366e-01  -2.6833968e-01   2.8462361e-01  -3.0390726e-01   8.0485411e-02   1.2547330e-01   3.4704253e-01  -2.2544221e-02   7.3570817e-02   5.2885451e-02  -4.9774610e-02   2.1800170e-02  -9.1688095e-02   1.3853450e-02  -2.2386838e-01  -3.1832098e-01  -3.1962515e-02   1.9359025e-01   2.5016633e-01  -3.7888235e-02  -1.3520017e-01   1.1974921e-01   1.5304792e-01   4.4208464e-01  -9.4862551e-02  -6.8479103e-02  -1.1303477e-01
   1.1450258e-01  -1.1680587e-01  -2.1595071e-01   5.7225943e-03  -2.4429229e-01  -8.5154907e-02  -1.5648488e-01   9.1473740e-02  -9.4102756e-02   1.9556686e-01  -1.0226418e-01  -1.2995981e-01   0.0000000e+00   4.8427346e-02   1.5654690e-01  -1.2605594e-01  -2.4066704e-01  -6.3162296e-02   9.2994921e-02  -1.4511834e-01  -8.9872610e-02   9.0832014e-02  -9.3949151e-02   4.1912461e-02  -1.5261941e-01  -5.5702045e-02  -2.9272188e-01   1.3109349e-01  -9.6149587e-02   1.5205444e-01   8.8361593e-02  -3.5044782e-01   3.6071438e-02  -7.4311606e-02   1.8600082e-01  -2.5381025e-01   2.8901636e-01   2.3224674e-02  -1.4055885e-01  -1.9126088e-01  -2.0790298e-01   9.2625026e-02   1.9560393e-03  -4.5133250e-02   8.5147673e-02   1.7385393e-02  -2.3899850e-01  -2.1731362e-01   3.8357674e-02  -2.4629980e-01  -4.7624907e-02  -3.4265196e-02  -2.1273032e-01  -7.3569570e-02   1.3162709e-01   6.8503933e-02   3.5700186e-02  -4.3236662e-02  -2.0279956e-01   9.9575585e-02   2.1949307e-01   4.8285227e-01  -2.6747580e-01   1.9337169e-01  -7.4044252e-02   1.0763447e-01  -1.0735357e-01  -4.8214304e-02  -2.8486506e-02  -9.6179393e-02  -3.2328833e-01  -6.0479731e-02  -1.4147694e-01  -6.6405552e-02   9.5162984e-02  -1.9574379e-01   2.1797168e-02  -4.4269042e-02  -2.3328444e-01   2.1399949e-01   1.1759416e-03   3.1194109e-01  -1.3588558e-01   6.2056576e-02  -1.6780744e-01  -1.6896128e-01   1.4682413e-01   2.8231170e-03   1.7131319e-01   5.6953704e-02  -7.5780698e-02   2.6845975e-01  -9.9443986e-02   9.6630252e-02   1.1928408e-01  -7.1607798e-02   5.7320727e-02   1.6600950e-01  -1.6718622e-01   5.8698520e-02  -6.4234627e-02   2.1584003e-01   7.7967817e-02  -2.8572449e-02  -2.3581586e-01   1.0654703e-01  -1.2297799e-02  -9.9997087e-02  -2.3815216e-02  -1.8137964e-01   4.8848215e-02   1.1811817e-01  -7.8328624e-02   1.8587885e-03   1.2774051e-01  -1.3566557e-01  -1.1363695e-01  -4.5278264e-02   5.8021823e-02  -3.0602665e-01   1.1545739e-01  -8.7796703e-02  -1.2342677e-02  -1.5531941e-01  -4.7868029e-02   6.9118244e-02   7.2764638e-02   1.8513301e-01   1.8279445e-01  -1.6177970e-01  -1.5609380e-01  -1.3780434e-01   4.9136758e-02  -2.6559218e-02   8.1129209e-02  -2.8618480e-02   1.6497035e-01  -5.9359376e-02  -6.6224059e-02   1.4117798e-01   1.5040206e-02   2.3280642e-01   2.7844079e-02  -1.5473701e-01   1.6961059e-01   5.5412463e-02  -1.6344449e-01  -9.9829000e-02  -5.3059477e-02  -1.0436376e-01   2.7908577e-02   1.9480192e-03   2.9033267e-02  -9.4615625e-02  -2.1979019e-01  -6.1772629e-02   8.0014563e-02  -1.8769527e-01   2.4302199e-01   9.5335935e-02   2.0167397e-01   1.5574216e-01   8.6160249e-02  -1.8132225e-01  -1.4107283e-01  -1.2331403e-01  -2.4503109e-01   1.3538558e-01   1.4578605e-01  -1.9184759e-01  -1.0876223e-01   5.6224128e-02  -2.0514739e-01  -6.6826864e-02   3.0198389e-01   7.6385389e-02  -2.0795053e-01
   6.7052084e-01   3.4997135e-02  -2.8851839e-02  -2.5783051e-01  -4.9282399e-01   4.5750208e-01  -5.7448265e-01   2.3935886e-01   2.3996692e-01  -1.5949259e-01  -1.3360478e-01   1.1773186e-01   4.8427346e-02   0.0000000e+00   4.6314325e-01  -5.8313177e-01   2.1404432e-02  -2.9201537e-01   4.8906575e-01  -5.8861213e-01   1.8109816e-01   4.2567434e-02   3.0992478e-01   7.3504286e-01   2.6184206e-01   4.9906918e-01  -4.7405112e-01   5.3006454e-01  -1.8721638e-01  -1.3690329e-01   2.4720331e-01  -2.0198947e-01  -4.9103095e-02  -1.2651199e-01   4.7000971e-01  -5.9198207e-01  -2.4174956e-01   4.8694501e-01  -6.0556070e-01  -4.4657797e-01  -4.9353973e-01  -1.7814812e-01  -5.4325174e-02   2.5190453e-01  -5.4226085e-02   7.3280955e-01  -2.8038731e-01  -4.9696134e-01   3.5244785e-02  -3.4690273e-01  -9.4239118e-02   4.3030906e-01  -5.0501285e-01  -6.3268972e-02   6.8984876e-01   2.5675815e-01   4.8539854e-01   1.2146432e-01  -3.0893655e-01   4.3507310e-01   4.3633971e-01   1.6162958e-02   2.5928861e-01   3.6506062e-01   2.0928370e-02  -5.7650161e-02   4.1438043e-01  -2.4914907e-01   1.7381934e-01   5.6139089e-01  -5.5315209e-01  -2.2274021e-01  -3.4841154e-01   5.5900967e-01   8.9347961e-02  -3.5471857e-02   4.8891088e-01   2.2537817e-01  -3.6438100e-01  -3.5839949e-01   2.4554491e-01  -3.1688053e-01  -1.0723124e-01   4.8269853e-01   5.2178506e-01   1.3894537e-01   2.0187597e-02   7.7168525e-01  -1.3279302e-01   6.5148355e-01  -4.2262356e-01   3.0475889e-01  -6.7697066e-02   2.9340580e-01   6.3800882e-01  -5.1654182e-01  -8.8518567e-02   4.8909533e-01  -1.8910092e-01  -3.3188457e-02   5.4108911e-01   3.7031857e-01   2.5532258e-01   4.4603634e-01  -1.1378409e-01  -3.0525535e-01  -4.0679866e-01   1.8595194e-01  -2.6920565e-01  -2.4140124e-01  -1.8515298e-01   1.4181412e-01  -2.5012653e-01   6.9159590e-01   7.0010775e-01  -3.0772078e-01   6.4422716e-02  -3.9588040e-01   4.6553844e-01  -3.0624538e-01   6.7849439e-01  -2.1735288e-01  -2.4299226e-01   4.5806140e-02   6.6544927e-01   7.0047781e-01  -1.5728456e-01  -2.6040348e-01   5.0579867e-02  -1.6731839e-02  -3.0881517e-01  -2.2276166e-01   4.8590076e-01   2.1536231e-01   2.6233696e-01   2.0506595e-01  -4.1736201e-01   1.9653072e-01   2.2790268e-01   7.3311670e-01   7.6718945e-01  -9.3636895e-02   3.2426422e-02   7.7524842e-02   2.8886105e-01  -1.2987691e-01  -3.9074021e-01  -4.2180492e-01  -2.5046806e-01  -2.8971685e-02   6.6413456e-01   3.8932729e-01   6.1991274e-01  -1.1502211e-01  -5.6291554e-01   5.0429794e-01   7.6228778e-01  -2.4000830e-01   3.5265087e-01   4.5560051e-01  -3.3988932e-01  -1.4643358e-01  -1.8978673e-01  -1.4641005e-01  -3.9690548e-01  -2.7541409e-01   7.1558030e-02   6.8964533e-01   4.4598004e-01  -1.3043089e-01  -3.0941008e-01   5.6784125e-01  -1.1862151e-01   2.4690174e-01   1.9011452e-01  -2.6394280e-01  -8.1577095e-02
