   0.0000000e+00  -1.8237348e-01   1.4121685e-01  -9.8638365e-02   2.6234154e-03  -2.1404566e-01  -3.4631559e-01  -1.6014848e-01   3.9058096e-01  -2.1033328e-01  -5.2681333e-01   4.9160566e-02  -1.4021104e-01   3.5124876e-01   9.2184552e-02  -3.5880775e-01   8.7186352e-02  -1.5774755e-01  -2.1800799e-01  -1.5205280e-01  -3.1853956e-01  -3.2172386e-01  -4.1195820e-02   6.3794216e-01   9.4422519e-03   1.5932499e-01  -3.9046626e-01   2.0514963e-01  -7.2824225e-02  -2.6210284e-01  -1.4016630e-01  -2.9815856e-01   9.8679328e-02  -2.3084705e-01   9.2750563e-02  -2.1824835e-01   2.6422449e-01   5.8942955e-01  -4.6447980e-01  -1.8838949e-01  -1.0543750e-01  -1.6571775e-02   1.9940635e-01  -3.6496846e-01   2.8082613e-03   4.2117845e-01  -4.5738075e-01  -3.1370719e-01   1.9279890e-01   1.2798302e-01  -3.3842081e-01  -1.9364969e-01   1.4089955e-01   3.4638625e-01   4.5455266e-01  -1.8116369e-01  -3.8491071e-01  -2.7037081e-01  -2.4727532e-01  -4.2707595e-02   4.0850519e-01  -1.2877620e-02   2.3791159e-01  -2.0775389e-02   2.2635985e-01  -3.6470421e-01  -1.1104800e-01  -3.9807761e-02  -5.4292411e-01   1.3818699e-01  -1.1706513e-01  -2.0258927e-01  -2.8211819e-01   7.9646663e-01   9.0464753e-02  -5.9186657e-02   4.6825451e-01  -2.5889801e-01   1.3164028e-01  -1.0648884e-01   7.8760120e-02  -4.2960922e-01  -1.1621849e-01  -3.7424679e-01   5.5589928e-01   1.6912888e-01   7.2055745e-02   6.2574013e-01   1.3383305e-01   7.1684835e-01   3.2460031e-01   3.9204320e-01   5.7731356e-02   3.1735274e-01   5.7909611e-01  -1.7025245e-01  -4.1589539e-02  -2.7176165e-01  -2.2073745e-01   9.7226272e-03   2.3312413e-01  -2.6722261e-01  -2.5055162e-01   3.0857519e-01  -2.2531805e-01  -8.2737736e-02   4.4991325e-01  -4.2374497e-01   2.1110646e-01  -1.0628178e-01  -1.3681942e-01  -4.1859952e-01  -3.3110955e-01   7.8251230e-01   3.8453502e-01   1.2271086e-01  -3.4335317e-01  -2.3427898e-01   9.4389139e-02  -1.0067747e-01   5.5478410e-01  -1.4469820e-01   2.0793765e-01   8.9807176e-02   5.2782248e-01   4.8406874e-01   3.5342923e-03   1.2662696e-01  -2.3982601e-02  -1.7809188e-01  -4.0901379e-01  -4.1479245e-01   5.9646796e-01  -5.4877272e-02   1.6712516e-01   1.8851371e-01   1.2307790e-01  -3.3822872e-01   9.0498577e-02   5.0324974e-01   5.8983728e-01  -3.4385566e-02  -3.4377533e-01  -2.0753256e-01  -2.3327193e-02  -1.8965499e-01  -7.0566270e-03  -2.1832195e-01  -3.0632129e-01  -3.0094236e-01   5.8501520e-01  -2.2005751e-01   5.6898623e-01  -1.8769817e-01  -5.5242098e-02   5.3148783e-01   4.4917983e-01  -2.2039901e-01   4.0533738e-01  -1.9095346e-01  -2.0917062e-01  -3.4249651e-01  -1.1380589e-01  -1.6837601e-01  -1.7976663e-01   1.4478121e-01  -2.2202945e-01  -2.7858141e-01   6.4152057e-01   2.4369165e-02   2.6839552e-01   5.2126292e-01  -1.0829419e-01  -6.3677192e-02  -5.5414955e-02   1.2707592e-01  -2.4384805e-01
  -1.8237348e-01   0.0000000e+00  -2.7556248e-02  -7.9052002e-02   2.7340663e-01   3.5652556e-01   6.4769328e-02   9.7385374e-02  -1.1161673e-01  -3.7115208e-02   2.2949171e-01   6.0033725e-01  -3.9426698e-02   1.5398764e-01   4.3805429e-03   1.5876137e-01   4.1258169e-02   2.1838277e-01   1.6154007e-01   1.6967181e-01   7.7460737e-02   1.7773128e-01  -2.1372721e-01  -2.1676355e-02  -1.6353514e-01   1.3372018e-01   2.0214337e-01  -1.1321655e-01  -7.5064821e-03   4.9146403e-01   1.0962090e-01   2.2635986e-01  -1.3817591e-02   6.3198671e-02   1.3470255e-01   3.9582621e-01   3.2008020e-02  -2.9391893e-01   1.7089721e-01  -1.1947685e-01  -1.1534381e-01  -3.2031169e-02   2.2437213e-02   1.7565778e-01   1.0089732e-01   4.8913096e-02   7.4528735e-02   3.5235387e-01   3.2714344e-02  -2.0148223e-01  -1.1670729e-01   7.7347383e-02   2.1345929e-01  -1.7962377e-01   2.3115013e-01   8.4714781e-02   2.6137463e-01   2.1345940e-01   1.5969028e-01   5.8607521e-01  -1.4309801e-01   1.3475533e-02   6.2139308e-03   1.4450095e-01   1.6964097e-02   2.5589574e-01  -9.0061314e-02  -1.4828315e-01   9.7739897e-02  -1.2911787e-01   2.4202322e-01   1.2113633e-01   1.8318348e-01  -1.9194230e-01   1.3682659e-01   1.1127819e-01  -1.7899818e-01   2.1716829e-01   4.7045294e-01   2.2091280e-02  -1.4249496e-02   3.2996436e-01   2.1405629e-01   9.7310840e-02  -1.5779510e-02  -1.3586776e-01   3.4204638e-01   5.2354413e-02   3.4260310e-02  -1.4096844e-01   1.6757901e-01  -1.6507770e-01  -1.5790780e-01   2.3191021e-01  -3.0715488e-01   9.2176934e-03   5.9656260e-03   2.2178014e-01   1.0331094e-01  -2.4885186e-01  -2.5325142e-01   2.7240208e-01   6.5662391e-02   3.4149087e-01  -7.2710984e-02   2.0491337e-01  -2.3723315e-01   1.3000456e-01  -1.1264272e-01   3.3996519e-01  -1.5646633e-01   4.0640547e-01  -1.6820032e-01  -1.2249817e-01  -4.0772672e-01   2.0035264e-01   1.3090153e-01   1.6253632e-01   8.0472780e-02  -4.9806888e-03  -3.0494659e-01   4.1147758e-01   2.4653299e-01  -1.0239345e-01   6.1366505e-02   2.3573387e-01   1.5024560e-01  -1.6434026e-01  -1.6331579e-01  -3.5625079e-02   1.3909219e-01   2.3260591e-01   2.4959469e-01   2.5806152e-01   1.1599172e-01  -1.3026047e-01   7.4912761e-02   1.1370594e-01   9.7479598e-03  -3.1456045e-01  -9.9030444e-02  -6.4968713e-02   1.0036684e-01   5.1183578e-02  -1.5406846e-01   1.4322467e-01  -1.7253995e-01   2.4144525e-01   1.3075912e-01   8.6845059e-02  -1.5945010e-01   1.9035887e-03  -1.8756482e-01   1.6871857e-01   1.9471291e-01  -2.2127242e-01  -2.1945257e-01   2.6194989e-01  -2.2547143e-01   4.6473023e-02  -4.6250873e-02   1.4224469e-01   4.8409136e-02  -6.0119188e-02   1.7895432e-01   2.1727426e-01   2.4326274e-01   3.8445704e-03  -2.7344660e-01  -1.2266943e-02   1.8023455e-01  -3.1564334e-01  -2.7839278e-01   1.8236580e-01   1.1347603e-01   3.4357068e-02   2.5631604e-01
   1.4121685e-01  -2.7556248e-02   0.0000000e+00  -1.5591897e-01   3.3894043e-01   2.3042049e-01  -1.6758813e-01  -1.5334678e-01  -4.8278126e-02   2.8172581e-02  -1.8008395e-01   2.1547878e-01   3.6198352e-01  -2.7225848e-01  -3.1666546e-02  -1.0961244e-01   8.6205500e-01  -5.2412722e-02   7.1567453e-02   3.1351832e-01  -3.7929064e-01  -1.6592752e-01  -2.5777492e-02  -2.5995232e-01  -6.7821952e-02   6.8254145e-02  -1.5458603e-02  -3.4934336e-01  -8.7099280e-02  -1.9414461e-01  -5.3776224e-01  -4.8560242e-02   1.9640265e-01  -1.2720003e-01  -7.9060031e-02   9.5264116e-02  -1.3852443e-02   1.6485623e-01  -2.3625423e-01   1.4596630e-01   1.0627405e-01   1.3158377e-01  -1.2642536e-01  -1.6688958e-01   3.8900783e-02   2.6637278e-01  -2.7277973e-01  -4.5425095e-01  -1.4355351e-01   4.2307424e-01  -7.5892199e-02  -1.5215448e-01  -1.9664229e-01   2.5939853e-01  -8.9541762e-02   6.3305213e-02   3.8745533e-02   6.4152799e-02  -4.0805770e-01   7.8839068e-03   4.9963405e-01   1.7072742e-01   1.1698958e-01  -3.3839769e-01  -2.9885913e-01  -1.3147052e-01   2.6570372e-01  -4.7654896e-02  -1.6082319e-01   8.0174672e-01   7.6964419e-02  -3.9864163e-04  -1.1406019e-01   2.5008198e-01  -2.4525143e-01   7.6880484e-02   3.0948556e-01   1.1994150e-01   2.2142063e-02  -1.2442899e-01  -3.6703313e-01  -6.9103955e-02   3.8769185e-02  -3.6383632e-01   2.8134723e-01   2.0776048e-01  -3.7894298e-01  -1.0312811e-01   1.4774750e-01   1.0095863e-01  -1.3164108e-01   5.5099876e-01   1.4540966e-01   1.1371918e-01   2.3802493e-01   2.9378326e-01   4.1434279e-02   1.3796555e-02  -1.1363157e-01  -2.1581236e-01  -8.8432559e-02   7.8080083e-02  -5.0569944e-01  -8.9762616e-02  -2.7921192e-01  -1.8264968e-01   6.0240266e-01   6.2405782e-02   2.8253868e-01  -2.6778072e-01   6.4080081e-02  -1.4381653e-01  -9.0694878e-02   7.7106934e-02   5.5913949e-02  -2.8817209e-01  -2.0241966e-01   1.0946971e-01  -1.0472698e-01  -1.4689905e-01   9.3615849e-02   7.0077896e-02   1.3097764e-02  -2.2876500e-01   1.3636980e-01  -1.1013847e-01  -2.9241416e-01   6.7097389e-03   1.5440369e-01   4.7756988e-01  -2.0468622e-01  -2.9073664e-01   2.9795739e-01  -1.3149350e-01   6.0805221e-03   1.4827912e-01   6.7866261e-03  -4.5797500e-01   6.5871033e-02  -1.2963948e-03  -1.7055544e-01   3.4751670e-01  -1.3548916e-01   3.3173173e-01  -1.2740873e-01  -4.7522136e-01   2.6842632e-01  -1.5949051e-01   4.4792767e-02  -7.8978802e-03   1.6537352e-01  -5.6361918e-01   3.2702423e-01  -1.7312958e-01   2.9524260e-01  -7.2591695e-02   2.1297698e-01  -2.8838820e-01   5.3943369e-01  -5.1668865e-01   1.8658448e-01  -2.1894996e-01   1.3503553e-01  -3.8845551e-01   2.5063472e-01  -7.9643781e-02  -9.3936349e-02  -2.9080463e-01   3.6666622e-01  -1.4888964e-01   1.6615256e-01   5.4798430e-02   6.1601063e-02   4.1294735e-01  -1.0833237e-02   2.1079583e-01   1.5761272e-01
  -9.8638365e-02  -7.9052002e-02  -1.5591897e-01   0.0000000e+00   6.4020249e-02   8.2911431e-02   2.6154376e-02   9.0282187e-02  -7.3413502e-02  -5.6769564e-02   4.0108434e-01  -5.4243886e-02   2.3175242e-01  -3.2064659e-03  -1.2279228e-01   3.3071636e-01  -1.0268149e-01   5.1708824e-01   1.5995765e-01   6.5491082e-02   9.5633474e-02   3.9617552e-01  -1.7124797e-01  -1.6161163e-01   6.3592968e-02  -2.7187681e-01   3.2550219e-01  -4.3958156e-01   2.3217292e-01   1.6947099e-01  -1.3710788e-02   8.1633190e-02   4.9741014e-03  -7.2163735e-02   6.4607302e-02   1.7470835e-01   6.4402118e-02  -1.6825870e-01   3.6241036e-01   1.0488370e-01   4.5193873e-01   1.7048369e-01  -1.3704030e-01   9.4263851e-02   1.6304991e-01  -2.1684739e-01   4.2241252e-01   2.0485583e-01   1.2391948e-01  -2.2246588e-01   5.8061270e-01  -2.4836610e-01   8.4953312e-03  -9.2343769e-02   7.2624630e-02  -1.7812397e-01   4.0705805e-02   3.2016451e-01   5.1258642e-01   1.1639742e-01  -2.2006684e-01  -1.0170824e-01  -1.0987898e-01  -9.0504912e-02  -1.7365325e-02   1.3826716e-01   1.4186055e-01  -1.0286862e-02   4.8494508e-01  -9.0300075e-02  -8.0978731e-02   5.9276174e-01   8.0025567e-02  -2.4784377e-01   7.7303059e-02   1.8515330e-01  -2.2849207e-01   2.2237106e-01  -1.6470614e-01   2.4390163e-01  -3.4883042e-01   1.9291387e-01   8.0558284e-02   2.2549541e-01  -3.9690791e-01  -1.2822495e-01   7.9386574e-02  -1.1713662e-01  -2.5293481e-01  -3.4253123e-01  -7.2001902e-02  -1.7759147e-01  -1.6340500e-01   5.6774104e-02  -1.5857038e-01  -1.5101011e-01  -1.1042694e-03   3.3234577e-02   2.0521645e-01   6.3290945e-02  -1.8567750e-01  -4.6998983e-02   2.1520526e-01   3.0816624e-02   5.9093830e-01   3.9679286e-01   7.0581307e-02   2.2084669e-01   7.0516083e-02   1.8829188e-01  -9.4195417e-02   3.5102691e-01   5.3256055e-01  -2.3867193e-01  -3.7594157e-01  -6.9116220e-02  -7.9222379e-02   1.2910206e-01  -2.2219761e-01   6.5742797e-01   4.9688721e-02   1.4249850e-01   3.4259946e-02  -1.7846808e-01  -2.4160454e-01  -4.6277026e-02   7.3204773e-03   5.8474791e-02   5.6739604e-01   2.2174076e-02   3.2398836e-01   7.7021715e-02  -4.2809817e-02  -6.5916894e-02   3.3669534e-04  -1.3824869e-02   1.0368182e-01  -1.5221753e-01  -4.1693093e-02  -1.0354279e-01  -1.0338537e-01  -5.4058579e-02   1.7960195e-01  -1.6769606e-02  -2.9420270e-01   1.4432629e-01  -2.1279787e-01   2.5392096e-01   1.9418718e-01   9.6976026e-02  -5.2960509e-01   7.4483462e-02   1.4103738e-02   9.1626902e-02  -5.9075085e-02  -1.4742329e-01   2.9655132e-02   4.6205984e-01  -4.8964860e-02   1.4850550e-01   4.5674674e-01   2.7417504e-01   1.8706148e-01   6.2081999e-01   1.4037330e-01  -2.7687895e-01   1.4927887e-01   2.3906769e-01   3.5293603e-03  -6.3260891e-02  -1.4304533e-01  -5.0791553e-02   3.3893258e-01  -1.5992608e-01  -3.1672808e-03   3.1662335e-01   2.4007234e-01
   2.6234154e-03   2.7340663e-01   3.3894043e-01   6.4020249e-02   0.0000000e+00   2.8022310e-01   1.0324646e-01  -4.9236082e-02  -1.4899086e-01   1.0461111e-01   9.0198779e-02   1.5325503e-01   2.9763913e-01  -1.2778798e-02  -1.0437834e-01   7.7387981e-02   3.7821478e-01   1.2917518e-01  -1.5144447e-02   6.9225751e-01  -7.0439558e-02   1.1614738e-01   4.7871209e-02  -1.8113014e-01  -1.3108983e-01   8.9493545e-03   3.6643953e-01  -1.7771362e-01  -5.9880723e-02   6.4739342e-02  -9.2299593e-02   2.3661565e-01  -2.5459876e-02   1.7757988e-01  -1.5391599e-01   6.0612778e-01   2.9163177e-01  -6.0264626e-02   6.1478762e-02   2.9637061e-01   2.9737430e-01   3.7601279e-02  -1.5102270e-01   7.8462352e-02   1.8229185e-01   5.2206199e-02   1.4789340e-01   1.1303447e-01   1.2752890e-01   7.8081730e-02   9.8129860e-02  -1.2112970e-01   1.8136276e-01  -1.2518138e-01  -2.3194087e-02   1.5100597e-01  -6.4527959e-02   2.2527144e-01   1.6954054e-01   3.3254099e-02  -1.4265730e-02   2.8671385e-01  -1.1859273e-01  -8.1935152e-02  -5.8004053e-02   2.2060152e-01   7.2469325e-02  -1.0494958e-01   2.0385818e-01   2.2550071e-01   2.5396186e-01  -1.4251799e-02   3.4126079e-01  -5.6529772e-02  -2.3743332e-01  -1.1507964e-01   4.1877254e-02   1.7625268e-01   4.1007554e-01   2.1709108e-02  -2.0196392e-01   3.5047318e-01   3.0937962e-01  -6.3912985e-03  -1.4801965e-01  -1.5802421e-01  -3.1308028e-02  -1.1873889e-01  -7.6219283e-02  -4.3913402e-02   2.7912658e-01   8.6242576e-02   1.8408366e-01   1.2193156e-01  -3.3751684e-02   1.8868773e-01   4.7879753e-02   2.8712602e-02   2.5675484e-01   5.9744558e-02  -1.9642033e-01   2.4253053e-02  -2.1338758e-01  -8.8766398e-02  -5.6263984e-02   1.7683294e-01   1.7824114e-01   7.9983924e-02   6.2764508e-02   1.7435954e-01   6.8173137e-02   6.0813575e-02  -2.2283102e-01  -7.6875999e-04  -2.4435019e-01   2.0077075e-01  -8.0892046e-05   5.3650518e-01  -3.4599601e-03   7.5746764e-02  -1.8916827e-02   5.4752679e-01   1.2975845e-01  -4.1878686e-02   1.8297118e-01  -5.4483303e-02   1.6508575e-01  -1.8306945e-01   8.6549709e-02   2.6982575e-01   1.8032235e-01   3.5450219e-01  -2.8953876e-03   9.8724868e-02  -4.5068158e-02  -7.5899800e-02  -5.3496548e-02  -5.6303992e-02  -1.1291159e-01  -1.6030835e-01  -2.2885167e-01   1.1116173e-01   1.1523651e-01   1.5399807e-01  -9.7846391e-02  -1.1651000e-01   9.0149329e-02   2.3895614e-01   1.6197562e-01   3.5910943e-01  -4.7831778e-02  -1.1722639e-01   6.6856151e-02   8.0606158e-02   4.1771589e-01  -2.1541901e-01   3.8333937e-03   2.0938861e-01   1.1006401e-01  -2.3247581e-01  -6.9678793e-02   3.0568770e-02   4.6158830e-01  -4.6494637e-03   1.6797944e-01   3.5013774e-01   3.0231042e-01  -8.3169108e-02  -3.7144151e-02   3.1610496e-01   4.2365357e-01  -9.0485920e-02  -1.1317176e-01   1.3944516e-01   7.6022633e-02   1.0281083e-01   2.0297065e-01
  -2.1404566e-01   3.5652556e-01   2.3042049e-01   8.2911431e-02   2.8022310e-01   0.0000000e+00   3.0928297e-01   8.2059879e-02  -5.8486256e-01  -4.7265261e-02   3.7660523e-01   3.2413959e-01   1.8598395e-01  -1.7153140e-01   2.3214383e-01   2.0987131e-01   1.6690214e-01   8.5468898e-02   3.9572617e-01   4.4420230e-01   1.4823829e-01   1.6339371e-01   2.3170659e-01  -3.0569367e-01   1.6938820e-02  -1.0269901e-01   5.1589009e-01  -2.9435965e-01   9.3951529e-02   3.6661807e-01  -2.0968620e-01   3.0559179e-01  -1.9347442e-01   1.9104436e-01   1.1498958e-01   4.9431155e-01  -1.8829859e-02  -3.5259947e-01   2.0921390e-01   3.8756946e-01   9.4312762e-02   3.5540262e-02  -5.1594507e-01   2.3003892e-01  -2.2099323e-01  -2.5689857e-01   4.1707725e-01   2.2373435e-01  -2.6727074e-01  -4.3794472e-02   1.7547938e-01  -4.5599564e-02  -3.2001793e-01  -1.9977511e-01  -1.6351011e-01   2.7520982e-01   5.4892417e-01   2.9139913e-01   1.5421322e-01   2.1734992e-01  -2.6965972e-01  -6.0676134e-02  -3.5506933e-01  -1.9634588e-01  -4.2773444e-01   4.6573242e-01   6.0406340e-01  -4.0764417e-03   4.8294387e-01   2.2618472e-01  -6.8627721e-02   2.2996036e-02   1.8557950e-01  -1.5686533e-01  -2.2611267e-01   7.8653822e-02  -3.2926336e-01   3.5633597e-01  -1.2567892e-01  -1.7898055e-01  -1.5020167e-01   2.9662085e-01   3.1845951e-01   5.3736130e-02  -9.0597249e-02  -9.2076607e-03  -8.2915613e-02  -2.3723422e-01  -2.1524555e-01  -2.7208545e-01  -3.4835549e-01  -1.9744534e-01   1.9537487e-01  -2.1207101e-01  -2.8199840e-01   1.3790218e-01  -2.5281243e-01   2.9651874e-01   2.2054018e-01   1.4788412e-01  -1.0461108e-01   5.3445928e-01  -4.0545302e-03  -1.9899081e-01   2.0219167e-01   2.1474026e-01  -4.6219744e-03   3.8816455e-01  -8.9672209e-02   1.7564392e-01   2.1520498e-01   4.9117444e-01   8.2341094e-02  -1.6589840e-01  -1.5791909e-01  -2.3914304e-01   9.8074588e-02   1.6205443e-01   1.8873114e-01   6.4186452e-02  -3.5401688e-01   2.7485320e-01  -1.8807944e-01  -3.3966638e-01  -2.7807885e-01  -2.0991741e-01   1.5842013e-01  -1.0481984e-01   2.5396825e-03   2.6263786e-01   1.0799508e-01   3.5273789e-01   1.5302934e-02  -1.1498418e-01  -2.6717014e-01  -5.6723998e-02  -2.6204771e-01   3.5557752e-02   2.9544939e-02  -2.7896432e-01  -2.3973877e-01   1.2757808e-01   1.1567721e-01   4.8433125e-01   1.1646932e-01  -7.2056674e-02   2.2372002e-01   1.8988248e-01   4.5817793e-01   2.6341451e-01  -2.5017414e-01  -4.4594218e-02  -1.3806122e-01  -4.9994199e-02   2.6866271e-01  -3.6027253e-01  -2.5222732e-01   1.6772746e-01  -2.2163937e-01   8.7701275e-02  -1.3373093e-01   3.6277060e-01   3.4669757e-01   6.5256989e-02   3.2125442e-01   3.4427632e-02   2.0224206e-01  -6.5535789e-03  -1.6350953e-01  -7.9024688e-02   1.5595065e-01  -3.9572527e-01  -2.1454829e-01   5.3015999e-01  -7.1752921e-02  -7.3732177e-02   3.7658312e-01
  -3.4631559e-01   6.4769328e-02  -1.6758813e-01   2.6154376e-02   1.0324646e-01   3.0928297e-01   0.0000000e+00  -6.1759936e-02  -6.2438368e-01   5.6226255e-01   1.1822528e-01   1.2490126e-01   1.5963762e-01   6.9540334e-03   5.5367927e-02   3.1266146e-01  -1.5340051e-01   2.2398031e-02  -6.1127592e-02   3.6411117e-01   2.0026170e-01  -6.7306899e-02   3.7066099e-01  -2.5921707e-01   2.6110158e-02  -2.7680194e-01   4.8810217e-01  -2.7466884e-02   8.0161847e-02  -7.8470431e-03   9.3600337e-02   1.3193198e-01  -4.7185956e-01   8.1846901e-01  -1.1446694e-01   3.9060003e-01  -1.5112659e-02  -5.0992394e-01   3.5147064e-01   3.9582284e-01   1.1604307e-01  -2.4447485e-01  -1.8272764e-01   2.0040978e-01  -2.1825714e-02  -3.1511609e-01   3.8022291e-01   6.7712265e-01  -3.6879178e-01  -2.7772504e-01   1.9977671e-01  -1.5817260e-02  -1.0006971e-01  -4.2635509e-01  -3.1374720e-01   4.6629134e-01   3.0774910e-02   1.4692348e-01   2.5898585e-01  -5.8007294e-02  -5.2001663e-01   2.1874571e-01  -5.5367500e-01  -2.2640743e-01  -3.4611971e-01   4.0110782e-01   7.0658376e-02   8.4374220e-02   3.4733143e-01   1.5362417e-01  -2.0291290e-02  -1.2753086e-01   2.7939692e-01  -3.7420502e-01  -4.2252412e-01  -9.7920072e-02  -4.9505316e-01   2.1698415e-01  -2.2506403e-01  -1.3273401e-01   2.1893296e-01   3.7334168e-01   2.3183724e-01   1.2509210e-01  -3.5741208e-01  -1.0473640e-02  -2.1945011e-01  -4.0563695e-01  -2.7181027e-01  -3.6665067e-01  -2.7349473e-01  -4.7735310e-01   2.6956277e-01  -5.0825600e-01  -4.8726570e-01  -5.4011676e-02  -2.5508260e-01  -6.4521259e-02   2.7932868e-01   4.0521918e-01  -1.1975671e-01   1.2390567e-01   1.6580747e-01  -4.9282549e-01   1.6273270e-01  -5.4804694e-02  -3.3808546e-01   6.6253480e-02  -3.8677571e-01   2.5807847e-01   6.4799185e-01   3.1193442e-01  -1.8336403e-02  -3.3011818e-01  -7.5994696e-02  -2.1714906e-01   2.2578837e-01   3.4712079e-01   3.7660125e-02   5.0715087e-02  -3.3880635e-01   3.8939747e-01  -1.2553885e-01  -2.4889200e-01  -2.7684239e-01  -2.0441371e-01   1.3788754e-01  -4.4586167e-01  -1.6511800e-01   4.2149665e-01   2.2917444e-01   4.6452434e-01  -3.3643597e-01  -8.4927509e-02  -3.3859425e-01  -1.9108474e-01  -4.3039412e-01   5.3781269e-01  -8.6224912e-02  -4.3964155e-01  -3.1261062e-01   6.2326350e-02   1.8456230e-01   4.9627089e-01   2.4719096e-01  -1.5484912e-02   4.2456679e-01   8.3628085e-02   4.4983835e-01   5.5848143e-01  -3.5507962e-01   2.9190919e-01  -4.2409240e-01   1.3096851e-02   2.4202954e-01  -4.3652499e-01  -3.2245295e-01   3.6002919e-01  -4.0434081e-01   2.0270432e-01  -6.2883875e-02   2.2813960e-01   3.1680401e-01   3.0269129e-01  -6.5406616e-02  -1.3433316e-01   3.4219483e-01   2.2822669e-01  -3.4325619e-01   1.3259512e-01  -6.4706894e-02  -4.4530452e-01  -1.6075289e-01  -3.1529120e-02  -1.2262271e-01  -2.7605202e-01  -1.0417036e-01
  -1.6014848e-01   9.7385374e-02  -1.5334678e-01   9.0282187e-02  -4.9236082e-02   8.2059879e-02  -6.1759936e-02   0.0000000e+00   9.6190942e-02  -1.9345537e-01   4.0834707e-01   7.9385390e-02  -1.2515430e-01   1.4310013e-01   2.4415789e-01   2.1196627e-01  -2.0043159e-01   1.9184849e-01   4.4075936e-01   5.3127812e-02   6.7899718e-02   4.3636974e-01  -3.1937892e-02  -3.2523020e-02   1.8162386e-01   1.9012799e-01  -5.5830974e-02   9.9644639e-02   1.8612977e-01   1.7698466e-01   1.2235345e-01   2.5591017e-01   1.4787881e-01  -5.9590822e-02   3.1466009e-01  -2.6792256e-02   8.1172688e-03  -1.1458450e-01   1.6811031e-01  -2.4571175e-01   3.3524952e-02   3.5171350e-01   2.7706392e-01   4.3389260e-01   2.0976657e-01  -7.8646903e-02   1.8392563e-01   4.7897640e-02   2.1930455e-01  -4.3700920e-02   2.4340849e-01   3.8625501e-01  -3.4594912e-03  -2.3364420e-01   1.5390821e-02   9.7094670e-02   2.7714343e-01   3.1192843e-01   1.4679847e-01   3.3364735e-01   8.9201605e-02   7.9245829e-02  -4.5077000e-02   1.1176458e-01   1.7409159e-01  -2.5549692e-02   1.2276266e-01   9.3522278e-02   2.7262198e-01  -1.5015399e-01  -1.8180382e-01   1.1459126e-01   8.7645178e-02  -1.5690915e-01   2.6318924e-01   5.6023216e-01   9.3955429e-02   3.9230694e-01   6.8418722e-02  -2.0543479e-01   9.0755827e-02   5.8023119e-02  -7.1626372e-02   6.8354662e-01  -2.2715141e-01   2.9145636e-01   6.0094897e-02  -6.0930592e-02  -5.4689522e-02  -1.4840513e-01  -5.3303117e-02   7.3007129e-03  -1.5382819e-01   2.0321212e-01  -1.5266140e-01  -8.0107852e-02  -1.0401918e-01   4.6124876e-01   2.3480001e-01   6.4658733e-02  -2.5601128e-01   2.8757830e-01   3.7075339e-01   2.9795038e-01   2.6341613e-01   5.3062328e-01  -3.3013665e-01   5.6018541e-01  -1.5399884e-01  -1.3741052e-01   2.8117305e-02   1.9787102e-01   1.8384216e-01  -1.7805636e-01  -1.7612387e-01   1.1290036e-01   1.7406055e-01   5.0281631e-02  -9.4690639e-02   1.1308794e-01  -1.3865002e-01  -2.8921916e-02   6.9155626e-02  -2.1110308e-02  -1.8141638e-01   7.9999103e-02   2.3259250e-01  -2.4213692e-02   3.1153139e-01  -3.0854042e-01   2.2440010e-01   2.6376880e-01  -2.5046897e-02   3.7082963e-02   1.7332151e-01   4.7620756e-01  -1.8304900e-02  -1.3564332e-02   4.4567411e-01  -2.1058520e-01  -1.3849181e-01  -7.8750825e-02   2.7454047e-01  -1.3771043e-01   1.7098813e-01   4.5913016e-01  -2.4073204e-01   4.6171000e-02  -2.5432049e-03  -1.9206294e-01  -9.4231357e-02   4.3359740e-01  -5.8618358e-02   6.7941854e-03  -2.7790397e-01  -1.2077268e-01   2.1398120e-02   2.2194524e-02   8.0951362e-02   3.0184221e-01   1.8055631e-01   3.8865852e-01  -1.4238870e-01   2.4916759e-01   3.9186085e-01   1.3529465e-01   1.5636644e-01   2.9392915e-01  -7.1616557e-02  -1.2931570e-01   7.3952176e-02  -1.9283079e-01   1.0438743e-02  -5.1290983e-03  -1.5252123e-01   1.5085237e-01   4.2476796e-01
   3.9058096e-01  -1.1161673e-01  -4.8278126e-02  -7.3413502e-02  -1.4899086e-01  -5.8486256e-01  -6.2438368e-01   9.6190942e-02   0.0000000e+00  -3.6390838e-01  -3.0489775e-01  -1.2332753e-01  -1.9976341e-01   1.6154683e-01  -7.8508414e-02  -4.6976738e-01   4.2603518e-02  -6.7999724e-02  -4.7075722e-02  -3.9982192e-01  -2.1496439e-01   1.1798247e-03  -3.4792553e-01   4.4883281e-01  -1.3708452e-01   4.5265058e-01  -6.2431025e-01   2.7999742e-01  -1.2288797e-01  -1.7958853e-01   2.4441478e-01  -1.4721893e-01   1.9528169e-01  -4.2004938e-01   6.3351347e-02  -5.2155779e-01   2.4597789e-01   4.5799280e-01  -4.4456822e-01  -4.4516710e-01  -7.2836360e-02   1.3102769e-01   5.5064676e-01  -3.1145993e-01   2.6605017e-01   3.5234303e-01  -5.6298485e-01  -2.8699684e-01   5.1341334e-01   4.1186702e-02  -2.8673602e-01   2.4836591e-01   4.6796291e-01   2.8753402e-01   2.9682224e-01  -4.1074216e-01  -3.2163456e-01  -1.3721604e-01  -1.7166242e-01   9.9565207e-03   4.6906546e-01  -5.3965405e-02   6.9648749e-01   4.1299161e-01   6.3567427e-01  -4.9061268e-01  -3.0236977e-01  -1.0421085e-01  -5.0359603e-01  -2.7836304e-01   2.1566634e-01  -2.5008280e-02  -2.7796255e-01   3.3981315e-01   3.2256854e-01   1.1326940e-01   4.4025480e-01  -3.4848741e-01   3.5001671e-01   1.6774459e-01   1.7067943e-01  -4.3445344e-01  -2.1517847e-01  -1.4167568e-01   2.6421672e-01   8.9861519e-02   4.6802952e-01   3.7830596e-01   3.4636969e-01   5.0210074e-01   4.8854238e-01   4.5744265e-01  -1.2877563e-01   6.4405440e-01   3.8949165e-01  -1.2471411e-01   2.7310752e-01  -8.8573999e-02  -2.8139922e-01  -1.8283258e-01   1.5676017e-01  -2.3060793e-01  -1.1610466e-01   5.0961164e-01  -1.9061439e-01  -1.5421723e-02   1.5204476e-01  -1.7690665e-01   1.4682979e-01  -1.7889155e-01  -3.2053935e-01  -4.7811856e-01  -2.3269593e-01   3.3104080e-01   1.4241424e-01   5.5083118e-01  -1.1145821e-01  -2.1444026e-01  -8.5043838e-02   1.4739009e-02   2.7833194e-01  -3.0872608e-01   2.5096353e-01   4.2521266e-01   3.2167525e-01   3.1193698e-01   2.2768037e-02   5.9333934e-02   2.1248153e-01  -4.4671693e-01  -2.3588114e-01  -3.5319525e-01   2.2436848e-01   2.7388438e-01   5.6766932e-01   2.3563471e-01   4.2906830e-01  -1.9923568e-01   2.0256942e-01   3.6882306e-01   3.1608839e-01  -8.7056464e-02  -1.3697513e-01  -5.7634883e-01  -2.2388072e-01   8.4212114e-02  -3.0551891e-01  -2.2050124e-01  -5.3184168e-01  -4.7138365e-01   4.0930292e-01   1.1826399e-03   2.7211130e-01   1.7321794e-01  -2.0260552e-01   5.7858311e-01   2.8163676e-01  -1.7548100e-01   3.6167916e-01  -5.8350816e-02   2.7848542e-02  -2.9352580e-01  -4.8229510e-01  -2.3541232e-01  -7.7240462e-02   2.4775697e-01  -1.8232243e-01  -2.1240326e-01   2.4839964e-01   1.6440353e-01   1.8401622e-01   4.5700625e-01   2.3755011e-01  -3.2897503e-01   1.3375715e-01   1.3720741e-01  -1.5819324e-01
  -2.1033328e-01  -3.7115208e-02   2.8172581e-02  -5.6769564e-02   1.0461111e-01  -4.7265261e-02   5.6226255e-01  -1.9345537e-01  -3.6390838e-01   0.0000000e+00  -1.5446919e-01   1.8307727e-01   4.1251118e-01   1.8731565e-02   1.8437804e-02   2.7943631e-01  -2.2402278e-03  -6.8108276e-02  -1.9524994e-01   2.9912112e-01  -2.3150621e-01  -1.6743543e-01   9.2994556e-02  -1.4667645e-01  -6.7154682e-02  -2.0092991e-01   2.3416561e-01   3.4964157e-03   1.7310685e-01  -1.2818351e-01  -2.1601441e-01  -1.2170297e-01  -1.7285911e-01   4.5407384e-01  -1.0502974e-01   1.6209958e-01  -1.3177914e-01  -4.0398127e-01   2.3621999e-01   1.4708563e-01   1.8427959e-01  -2.4292830e-01  -9.6046598e-03  -1.8643605e-02   1.8655128e-01  -2.7165922e-01   5.8862389e-02   2.1678707e-01  -3.7613769e-01  -1.0071513e-01  -5.5892644e-02  -7.6138395e-02  -1.6425024e-01  -9.4092001e-02  -1.9814748e-01   1.5903817e-01  -1.2337313e-01   1.7341180e-01  -4.5741253e-02  -2.6618352e-03  -2.9783452e-01   2.7057637e-01  -2.9373256e-01  -2.7082815e-01  -2.1713377e-01   8.8746787e-02  -1.6042063e-01   5.8209508e-02   5.9041673e-02   9.2657005e-02  -5.6915009e-02  -5.9827533e-02   1.0384345e-01  -2.1552564e-01  -3.9371510e-01  -1.2404236e-01  -3.4113527e-01   5.6471175e-02  -1.7044407e-03  -1.2948776e-02   7.9513722e-02   2.8342572e-01  -2.2703377e-01  -5.2532715e-02  -3.8150182e-01   1.5221619e-01  -4.0575722e-01  -2.0134733e-01  -1.4487972e-01  -2.1530853e-01  -2.5941037e-02  -1.9883926e-01   6.3290348e-02  -3.5735880e-01  -3.6864814e-01   3.2750205e-01  -2.7057026e-02  -1.2149260e-01   7.9483843e-02   2.3322799e-01  -4.2984017e-01  -1.5589428e-01   2.9344199e-02  -2.9078627e-01   7.9754121e-02  -2.4487280e-01  -1.4311362e-01  -3.9624151e-02   1.1438129e-01  -1.9966747e-01   2.9014191e-01   1.3855493e-01  -1.3151578e-01  -3.2258057e-01  -2.4257742e-01  -2.8456055e-01   9.7303176e-02   2.4338551e-01  -2.9919910e-01  -5.9598609e-02  -2.8001631e-01   3.2924876e-01   1.6728470e-01  -1.8306546e-01  -2.3575548e-01  -2.3384769e-02  -8.2981929e-02  -3.8812259e-01  -6.8550744e-02   2.0208126e-01   1.0229876e-01   1.0296512e-01  -7.6468023e-02  -2.4323396e-01  -1.6854408e-01  -1.0328173e-01  -3.0828269e-01   1.4114552e-01   2.6353591e-02  -3.3020538e-01  -2.0548093e-01   3.7530437e-01  -4.1303962e-03   2.1632631e-01   1.3527939e-01  -1.3683153e-01   2.0234374e-01  -1.1599848e-01   1.6323986e-02   2.5810383e-01  -2.2754880e-01  -3.7631967e-02  -2.9963803e-01  -2.2380243e-02   1.9211546e-01  -3.1678431e-01  -2.4416725e-01   4.5401317e-02  -1.9021264e-01  -4.7056922e-02   4.1509051e-02  -2.8670151e-02   3.5770482e-01   1.4808818e-01  -1.4080481e-01  -4.0067599e-02   2.7570244e-01   7.8985090e-02  -1.6575136e-01  -1.9098175e-01   4.9055368e-02  -3.2577040e-01   5.8705298e-02   1.4823183e-01   4.0646776e-02  -1.0098810e-01  -2.4009522e-01
  -5.2681333e-01   2.2949171e-01  -1.8008395e-01   4.0108434e-01   9.0198779e-02   3.7660523e-01   1.1822528e-01   4.0834707e-01  -3.0489775e-01  -1.5446919e-01   0.0000000e+00   7.2388484e-03   1.3596037e-01  -6.9511046e-02  -5.9991414e-02   5.1229652e-01  -2.2563097e-01   4.6002675e-01   3.7638463e-01   2.3137404e-01   3.5685710e-01   5.7606885e-01  -8.4046354e-02  -4.5347834e-01   1.8101599e-01  -1.6974813e-01   4.3639735e-01  -2.7878121e-01   1.8544202e-01   7.0007170e-01   5.9194164e-02   4.3239023e-01   1.2325328e-01  -1.1563643e-01   7.4759049e-02   4.5307546e-01  -1.7105217e-01  -4.6053067e-01   5.1913218e-01   7.1536968e-02   2.5313787e-01   2.4595799e-01  -2.7100872e-01   4.7361756e-01   4.5868112e-02  -3.8123435e-01   6.4478632e-01   2.7410302e-01  -4.2628982e-02  -4.0216300e-01   5.9220163e-01   6.4435922e-02  -2.5217737e-01  -4.5137743e-01  -1.8757056e-01   1.9199895e-01   4.6031143e-01   4.0975524e-01   4.9728415e-01   2.6521569e-01  -3.4220553e-01  -9.0831786e-02  -3.1539611e-01  -2.3001788e-02  -1.2272291e-01   2.9324653e-01   2.0017522e-01   9.9607699e-02   7.7097472e-01  -1.3255706e-01  -1.9909908e-01   3.2227960e-01   4.1071636e-01  -5.2202024e-01   1.1263042e-01   3.1276623e-01  -2.7092865e-01   5.4559422e-01  -1.1920895e-01  -6.6407073e-02  -1.8058116e-01   5.2019385e-01   1.6179710e-01   4.7308266e-01  -3.7362197e-01  -2.1993759e-01   9.0445652e-02  -3.7201272e-01  -2.1932639e-01  -5.2965616e-01  -2.7957980e-01  -3.5150345e-01  -2.7667699e-01  -8.9875364e-02  -4.9345871e-01  -4.3102576e-02  -2.0158720e-01   5.1751073e-01   4.6985001e-01  -4.9832173e-02  -1.0700004e-01   4.6311329e-01   3.2661928e-01   5.1064179e-02   4.1719546e-01   6.6500401e-01  -3.2777195e-01   6.1746243e-01  -1.6614215e-01   1.0652089e-01  -6.4635339e-02   6.4634321e-01   4.6255008e-01  -3.7115217e-01  -3.2761643e-01  -1.0520421e-01   2.8638603e-01   2.9476498e-01  -9.5756049e-02   3.0523690e-01  -2.6340261e-01   6.3996323e-02  -2.5384685e-01  -6.8016803e-02  -4.2193908e-01  -3.6353953e-01   2.0820649e-01  -3.3588718e-02   2.6263479e-01   3.2163268e-02   4.5021795e-01   5.8378985e-01  -2.3289138e-01  -2.6084928e-02  -1.6180527e-01   8.7245352e-02  -1.7809306e-01   1.3795216e-01   1.5867945e-02  -4.3309451e-01  -3.6988984e-01  -8.1293460e-02   4.1696998e-01   7.4900990e-02  -1.6529269e-02   3.4275781e-01  -2.6057015e-01   2.3506418e-01   2.2477736e-01   5.0569599e-02  -4.8671812e-01   2.1792182e-01  -2.0393770e-01   2.9421790e-01  -1.6396827e-01  -5.2039890e-01  -1.5869246e-01   4.2709971e-01  -2.7128040e-01   2.5436488e-01   2.5002187e-01   6.6790117e-01   1.1522102e-01   3.8079955e-01   5.2431570e-01  -8.0912523e-02   2.9061165e-01   2.5367521e-01  -3.0407893e-01  -2.1915724e-01  -2.4946854e-01  -5.3116491e-01   1.8275629e-02   6.2195009e-02  -8.0286640e-02   1.0134307e-01   6.8943303e-01
   4.9160566e-02   6.0033725e-01   2.1547878e-01  -5.4243886e-02   1.5325503e-01   3.2413959e-01   1.2490126e-01   7.9385390e-02  -1.2332753e-01   1.8307727e-01   7.2388484e-03   0.0000000e+00   3.0129102e-02   2.6464139e-01   3.5919082e-01   1.2544776e-01   2.1322865e-01   1.5789061e-01  -2.4534055e-02   2.8127438e-01  -2.0594112e-01  -5.5179421e-02  -1.9382533e-01   7.5584477e-02   1.5316736e-02   4.6203725e-02   1.2699778e-01  -9.5100037e-02   8.8770614e-02   9.4606584e-02  -3.1133486e-01  -6.7375613e-02  -1.4325206e-01   1.7022466e-01   3.6061268e-01   2.2869198e-01  -5.4827364e-02  -2.7974070e-01   1.9695932e-02   3.1901597e-02  -1.3826404e-01   6.0954213e-02   2.0461755e-01   4.9488748e-02   1.8009995e-01   1.2360376e-02  -6.0101270e-03   1.3792421e-01  -1.6130042e-01   5.8253374e-02  -1.1557709e-01  -5.7829284e-04   5.2633217e-02  -2.0329645e-02   3.6808098e-01   4.3085287e-02   1.4866180e-02   9.9520407e-02  -1.2317392e-01   7.5105715e-01  -1.1478259e-01  -1.6485269e-02  -3.0219566e-02  -1.1841966e-01  -1.7946350e-01   1.5465256e-01  -2.5684515e-02   1.0223519e-01   8.5518815e-03   9.5666870e-02   8.1348575e-02   1.8383401e-01  -2.2533743e-01   1.0434040e-01   1.2676753e-01   1.3096711e-01  -2.7428998e-01   1.4772821e-02   2.8832614e-01  -1.2514022e-01   6.2491253e-02   9.2570186e-02  -3.1229488e-02  -1.0485940e-01  -1.2398663e-02   5.2146526e-02  -1.1437186e-01   1.4009240e-01   1.2203837e-01  -3.7928884e-02   2.8733610e-02  -7.8027001e-02   1.2403106e-01   3.6704838e-01  -2.5133509e-01   2.5691633e-01  -7.1560260e-02  -1.6074194e-02   5.8800507e-02  -1.1537760e-01  -3.3054955e-01   2.1560332e-01  -7.6376621e-04   3.8385828e-01  -5.8632676e-02  -8.1431125e-02  -1.3844503e-01   1.5193897e-02   4.7378110e-02   8.4605711e-02   3.1448910e-02   2.5089771e-01  -6.4200459e-02  -6.3675827e-02  -2.7856369e-01  -4.5829720e-02  -7.3305115e-03   7.3930631e-02  -9.5249534e-02  -1.5991603e-01  -3.5629609e-01   4.2321836e-01   5.6457638e-01  -2.8927910e-01  -8.4630274e-02   4.3784543e-01   1.1637471e-01  -2.9237548e-01  -9.8063527e-02   1.0498768e-01  -6.7846848e-02   9.8418799e-02   5.6977188e-01  -7.7522814e-02   2.2347067e-01  -3.4366537e-02  -4.3803049e-02  -6.6533767e-02   6.0115972e-02  -2.7270702e-01  -2.8480964e-02   2.5101030e-02  -1.2043940e-01   2.6789314e-01  -2.0372725e-01  -2.4774440e-02   1.1770995e-01   1.9425195e-01   1.3136033e-01   2.0518534e-02  -4.4323216e-02  -3.7164334e-02  -1.6533308e-01  -7.0056741e-02   4.4198067e-01  -2.1092017e-01  -2.0962947e-01   3.1116498e-02  -5.2263656e-02  -6.3002755e-02   9.1125493e-02  -7.4375599e-02   1.7987690e-01  -8.4319141e-02   2.5324094e-02   1.6043289e-01   1.9215534e-01  -7.2621814e-02  -2.1379931e-02  -2.1123985e-01   4.3321180e-01  -2.9944089e-01  -1.5286361e-01   3.7319593e-01  -8.3561504e-02   1.3905054e-01  -1.1919700e-02
  -1.4021104e-01  -3.9426698e-02   3.6198352e-01   2.3175242e-01   2.9763913e-01   1.8598395e-01   1.5963762e-01  -1.2515430e-01  -1.9976341e-01   4.1251118e-01   1.3596037e-01   3.0129102e-02   0.0000000e+00  -7.5934035e-02  -2.5801822e-01   4.5672617e-01   3.1587082e-01  -2.9593012e-02  -7.7593958e-02   3.2241264e-01  -3.0932804e-01   1.3259303e-02  -2.4792526e-01  -3.5770007e-01  -7.8370432e-02  -2.5424225e-01   4.8234986e-01  -3.7917723e-01   3.5378353e-01   8.2771456e-02  -3.6709516e-01   7.0723541e-02   8.7513440e-02  -3.1409015e-02  -2.5008471e-01   2.6311801e-01  -3.4911053e-01  -4.0890685e-01   4.2489787e-01   3.9983704e-01   5.9490094e-01  -3.1587887e-03  -3.2317804e-01  -9.8918055e-02   1.1300538e-01  -2.0502108e-01   2.5106801e-01  -4.4880524e-02  -2.7955041e-01  -1.1638123e-01   1.3119201e-01  -1.2476085e-01  -4.2947715e-01  -5.9707869e-02  -1.4969861e-01  -5.0648563e-02   1.7899372e-01   2.9878413e-01   1.3426498e-02  -3.6464959e-02  -9.4753260e-02   2.3279438e-01  -6.0983416e-02  -4.8080414e-01  -4.4207837e-01  -7.9380131e-02   5.4419453e-02  -5.7613874e-02   2.7682950e-01   3.1078234e-01  -4.6139535e-02   6.9800646e-02   1.9076543e-01  -3.2203755e-01  -4.5252892e-01   1.3907973e-01  -2.3984062e-01   2.0918821e-01  -1.5287876e-01   1.2020518e-01  -3.6556265e-01   4.0972072e-01  -7.5796433e-02  -1.1799891e-01  -3.0877130e-01   4.8649081e-02  -1.8091737e-01  -3.1884748e-01  -7.8667843e-02  -2.8458849e-01  -2.8316596e-01  -4.6275083e-02  -1.7059725e-01  -1.3692253e-01  -3.0728270e-01   5.8624458e-01  -2.9165261e-02   3.3519048e-02   2.9908819e-02  -2.1720065e-01  -3.9802001e-01  -1.2071580e-01  -2.0790188e-01  -1.7847205e-01   5.2170956e-02  -7.6942894e-02   1.6951148e-01   1.8064140e-01   1.0571016e-01  -3.6675632e-01   2.1959861e-02   2.4832623e-01   2.2157233e-02  -2.4831770e-01  -4.5746914e-01  -3.3047589e-01  -8.1287238e-03   2.4820408e-01  -3.4700887e-01   1.8231771e-01  -2.7995165e-01   2.5090922e-01  -2.1551891e-01  -3.8293939e-01  -2.7523389e-01  -1.5581782e-01  -2.7369128e-01  -1.6637271e-02   1.8634554e-01   4.5807815e-01   3.2955086e-01  -1.0268521e-01  -2.2825647e-02  -3.4357817e-01  -1.3288481e-01   1.1055500e-01   6.4696079e-03  -1.5689646e-01   2.1071928e-02  -2.8439381e-01  -2.7852392e-01   7.3443714e-01   9.0362018e-02   2.5361892e-01  -1.5605685e-01  -3.7484807e-01  -6.5637859e-03  -2.7318116e-01  -2.2040916e-02  -5.8800764e-02  -3.7846131e-01  -3.1337981e-01  -2.2601535e-01   4.1505739e-02   3.2702051e-01  -3.2508006e-01  -5.8948678e-02   2.3523827e-01   3.4822958e-02  -2.6217830e-01   2.2987105e-01   1.9022995e-01   2.8396925e-01  -3.9375490e-02   1.2255202e-01  -2.0263454e-01   1.9634355e-01  -7.7329386e-02  -7.1010093e-02  -2.9901347e-01  -1.5812892e-01  -3.4506301e-01   1.7547284e-01   2.7325952e-01   4.5162589e-02   1.2792030e-01   8.1693251e-02
   3.5124876e-01   1.5398764e-01  -2.7225848e-01  -3.2064659e-03  -1.2778798e-02  -1.7153140e-01   6.9540334e-03   1.4310013e-01   1.6154683e-01   1.8731565e-02  -6.9511046e-02   2.6464139e-01  -7.5934035e-02   0.0000000e+00   1.1937978e-01   2.1048645e-02  -2.1069188e-01  -3.9289259e-02  -2.4340674e-01  -1.2486868e-01  -6.2353476e-02   4.2998901e-02  -3.0085452e-01   4.3153483e-01   5.6409822e-02   1.5479420e-01  -5.2509166e-02   4.1968495e-01  -1.3436213e-01   8.4673546e-02   6.9808883e-03  -4.5494478e-02   8.2604873e-02  -9.9254123e-03   2.6922255e-01  -1.0045861e-01  -5.1156378e-02  -5.5370681e-02   2.4790295e-02  -2.2664399e-01  -1.2926441e-01   1.0105337e-01   3.1381029e-01   1.2113660e-01   2.0355532e-01   3.4908481e-01  -1.3867465e-01   2.3314235e-01   1.9472853e-01  -1.6264299e-01  -1.3769244e-01   1.3155061e-01   4.2090727e-02  -2.5868346e-01   4.9538865e-01   6.5460740e-02  -2.4592815e-01   2.8127321e-02  -2.4704139e-03   3.6124137e-01   9.8816719e-02  -1.0827440e-01   2.1976850e-02  -7.4637997e-02   3.3886679e-01  -1.2644438e-01  -3.3313780e-01  -3.4500382e-02  -1.2299577e-01  -2.4266945e-01  -1.7623214e-01  -2.3768926e-02  -1.2135495e-01   1.3969269e-01   1.1408727e-01   1.2813016e-01   1.3124225e-01  -1.2932106e-02   1.5586889e-01  -1.5724202e-01   4.2947943e-01   1.5179088e-02  -2.1724819e-02   1.2577627e-01   1.5105665e-01  -1.2403513e-01   1.9541395e-01   4.0007045e-01   7.4816503e-02   2.3669412e-01   3.4219415e-01  -2.5768449e-02  -1.2572406e-01   3.7502341e-01  -3.5322984e-02  -8.5935555e-02  -1.7366283e-01   1.0518775e-03   9.2057582e-02  -2.6741651e-02  -1.6865776e-01  -5.8810759e-02   3.4771947e-01   4.5785930e-01  -1.0090312e-02   3.1966302e-02  -3.8285192e-01  -1.4730371e-02  -1.0881379e-02   2.8200124e-03  -1.8958281e-01   6.5387911e-02  -1.2183343e-01   2.7480079e-01  -1.8938672e-01   2.9726886e-01   1.8335205e-01  -6.0718059e-02  -9.0683202e-02  -2.9547668e-02   1.2290245e-01   2.3138057e-01   2.8648162e-01  -1.5622329e-02   3.0439010e-01   5.9044051e-01   2.7222273e-01  -1.2089960e-01   1.0616574e-01  -2.1017600e-01  -8.4598142e-03   4.2144608e-02   3.8335226e-01  -2.0204664e-01   1.9346887e-01   1.5155011e-01  -3.7009953e-03   1.4774041e-01   9.1023113e-02  -1.0846123e-01   2.9419831e-01  -7.3626606e-02  -1.1747867e-02  -3.7500357e-01  -1.2905434e-01   2.3905442e-01  -3.6063727e-01  -1.3446731e-01  -1.9716135e-01  -1.9110275e-01   2.4917614e-01   3.4864882e-01   2.9858051e-02   2.6675945e-01  -6.3143615e-03  -2.2885823e-02   2.1697127e-01   6.3479754e-02   1.8468950e-01   2.4388803e-01  -1.9891438e-01  -3.9846444e-03  -9.0953632e-03   9.3687443e-02  -1.5486676e-01   3.3590764e-01   1.8075687e-01   2.3010219e-01   1.6936306e-01  -7.4390422e-02   2.5981331e-01  -4.3415491e-02  -1.9485103e-01  -3.4991413e-01  -4.0595095e-02  -5.4355525e-02  -8.1688748e-02
