   0.0000000e+00   1.7773354e-02   1.3009053e-01  -3.0867042e-01  -2.2619186e-01  -1.5920694e-01  -6.3328049e-01   1.2157788e-01   1.6715541e-01  -3.2492511e-01  -5.4131202e-01  -6.3836797e-02  -2.8340441e-01   1.8910662e-02  -4.8467059e-01  -5.6913821e-01   2.6951830e-02  -3.4244246e-01   3.8905775e-01  -2.4907810e-01  -4.4392345e-01  -3.5455773e-02  -4.6440972e-01   8.9013784e-01  -6.7457566e-02   3.2222005e-01  -4.8175233e-01   6.9484616e-01   1.3111100e-01  -2.3266988e-01  -1.9468196e-01   4.8945687e-02  -2.6757712e-02  -4.0607343e-01  -2.3861955e-01  -4.5841787e-01  -4.1036215e-02   4.2728931e-01  -5.5970411e-01  -5.2930645e-01  -3.5214434e-01  -1.2202097e-01   7.4891269e-02  -4.6113561e-02  -1.3253404e-01   7.1861280e-01  -4.8394529e-01  -5.1224786e-01  -3.7603475e-01  -3.6890171e-01  -4.7919538e-01   1.5706344e-01  -2.6064925e-01  -2.7551391e-01   4.6579055e-01   4.3858349e-02   4.2378819e-01  -3.0909892e-02  -5.9770249e-01   1.4969690e-01   1.3848356e-01  -1.8581802e-01   2.7948589e-01  -1.8800442e-01  -5.3824094e-02  -4.1480521e-01  -2.4605341e-01  -3.7930156e-02  -3.3788258e-01   5.6297935e-01  -2.8349755e-01  -2.6484507e-01  -5.9863755e-01   4.0429365e-01   1.1099357e-01  -4.6409864e-04   3.3420223e-01   6.8692842e-02  -3.0093200e-01  -4.4124757e-01  -4.9288877e-01  -6.2043140e-01  -4.3701281e-01   4.2169838e-01  -3.8136724e-02  -1.1990602e-01  -1.6343114e-01   7.7626944e-01   3.7355907e-02   9.0526059e-01  -1.3379735e-01   2.8257579e-01  -4.8197350e-01   2.9068486e-01   4.8334157e-01  -2.3048606e-01  -4.1787891e-01   3.8048171e-01  -2.8202459e-01  -4.0592028e-01   1.0230036e-01  -2.7450103e-01  -1.4151967e-01  -1.8860190e-01  -3.3291046e-01   1.0401048e-01  -3.2424799e-01  -1.6007633e-01  -3.4571686e-01  -4.4791402e-01  -3.6188035e-01  -2.4414518e-01  -2.2389907e-01   9.2055946e-01   4.1857632e-01  -1.0471319e-01   1.0777305e-02  -5.1142622e-01   3.4439666e-01  -2.6455488e-01   5.9595082e-01  -1.8647284e-01  -1.8236855e-01  -4.4042506e-02   8.2012936e-01   5.6734966e-01  -5.1177401e-01  -2.2671249e-01  -2.2350193e-01   2.6517647e-01  -5.0199366e-01  -4.5490959e-01   5.0597890e-01  -4.4942841e-01   1.6927474e-01  -5.9341734e-02  -4.2550799e-01  -4.5131158e-01  -1.0982452e-01   9.0744033e-01   9.3137611e-01   1.0063919e-01  -4.2225965e-01   3.9120747e-01  -4.2729621e-01  -2.9503323e-01  -3.8096650e-01  -9.7301806e-02  -4.0517604e-01  -3.6082528e-01   8.1075310e-01   1.7514178e-01   4.6073381e-01  -1.5066613e-01  -5.1519221e-02   9.0240459e-01   7.0935244e-01  -6.2831238e-01   2.1975403e-01  -3.3469518e-01   1.4012540e-02  -3.9413365e-01  -2.5450364e-01  -2.7104947e-01   1.0979510e-01  -2.8255333e-01  -2.5227630e-01   4.2990823e-01   6.2667083e-01  -2.2172422e-01  -5.5176852e-02   5.2870634e-01  -2.8960346e-01   2.6340066e-01   3.8060809e-02  -1.6947467e-01   1.4366515e-02
   1.7773354e-02   0.0000000e+00   2.7756646e-01  -4.6754868e-01   3.1667258e-01  -2.9449056e-01   1.4527094e-03  -1.4006752e-01   4.9333686e-01   1.3141338e-01  -2.7799624e-01   6.3262916e-01  -1.4315780e-01  -2.8925093e-02  -3.5784299e-01  -1.4880800e-01   4.9603420e-01  -3.3757157e-01   2.5109178e-01   2.4746055e-01  -4.7395005e-01  -1.5982593e-01  -2.0800204e-01   7.7469919e-02   2.0574879e-02   8.4854829e-03  -2.0503043e-01   3.1707430e-02   2.6465360e-02  -2.3882716e-01   5.8689322e-03  -2.1424981e-01  -4.2241749e-02   2.1789227e-01   4.3719353e-01  -4.0256262e-02   1.9703318e-01   2.4385933e-01  -1.8067264e-01   1.6281961e-01  -2.8826003e-01   1.3851011e-01   3.5461935e-01  -6.2016764e-02   3.7578568e-01   2.3304170e-01  -4.0350458e-01  -4.2860915e-02  -1.7437166e-01   2.5240189e-01  -3.9538285e-01  -5.1259435e-02   6.5513117e-01  -1.7584297e-02   2.5984956e-01  -5.6159760e-02   5.2212915e-02  -2.0692498e-01  -3.4844108e-01   4.3824074e-01   2.6777120e-01   2.8206820e-02   3.9412647e-01   5.3493121e-01   2.8615157e-01  -2.6506675e-01  -2.8295720e-01   7.0052745e-03  -4.8531435e-01   2.8910030e-01   4.0973787e-01  -4.5774919e-01  -1.3853549e-02   1.3090402e-01   8.7761585e-02  -1.4664991e-01   2.7364026e-01   7.1849052e-02   5.8638592e-01  -1.8724486e-01  -2.3066001e-01  -1.1679045e-01   4.7662551e-02   3.8913183e-02   2.3772170e-01  -2.1090290e-01   2.7132692e-01  -9.0294570e-02  -9.7665951e-03   2.4437056e-02   4.9081233e-01   7.9303106e-02   2.7252572e-01   2.6579997e-01   2.2850153e-01   9.9172189e-02  -2.0205475e-01  -3.2526039e-02   1.7391018e-01  -8.8048269e-02   3.5570173e-01  -1.8256307e-01  -3.0850880e-01   4.3668303e-01  -3.8145120e-01  -2.5565824e-01   2.3017595e-01  -3.2171312e-01   1.3650537e-01  -1.8270383e-01   2.0904834e-01  -4.4312876e-01  -4.2488575e-01  -9.7739777e-05   1.4058934e-01   6.4628079e-01  -7.5967279e-02  -5.3973502e-02  -1.8111712e-01  -4.7546976e-01   7.6792465e-02   4.1706929e-01   5.9605942e-03   4.3581467e-01   1.1264229e-01   9.6600926e-02   1.2951808e-01   2.5457707e-02  -2.5947173e-01   4.1232292e-01  -3.6651829e-02   1.8398317e-01   2.7278033e-01   1.3696543e-01   5.1056514e-03  -2.3389595e-01  -1.4233676e-01  -2.0508661e-01  -2.9338296e-01  -1.3407184e-02   1.9605767e-02  -1.1980788e-01  -3.9839703e-01   7.2539854e-02   4.6633679e-02  -2.0460604e-01   3.0198499e-01   1.5549787e-01  -8.1971905e-02  -5.2652752e-02   1.3982301e-01  -5.2486055e-02   9.6395736e-02  -1.1331652e-02   4.7448961e-01   3.4999364e-02   1.2081562e-01  -2.1817339e-01   1.7335283e-01  -3.2473748e-01  -7.0312873e-02  -3.9293557e-01  -4.3429509e-02  -4.6777348e-01  -1.4375424e-01   4.6330291e-01   1.0710708e-01  -3.3148613e-02   4.3560196e-02   3.1469900e-01   6.0132912e-01   2.1247575e-01  -1.8515437e-01   1.4523001e-01  -1.2748786e-01  -2.5874357e-02  -6.4402883e-02
   1.3009053e-01   2.7756646e-01   0.0000000e+00  -3.5704655e-01   3.4784972e-01   3.0342742e-02  -8.3009549e-02  -1.2459371e-01   2.4269410e-01   6.8502813e-02  -6.2927323e-01   6.0264175e-01  -1.4605682e-01  -3.8639844e-01  -4.6973801e-01  -3.5788725e-01   8.2447306e-01  -5.1113794e-01   2.7053294e-01   3.4515055e-01  -4.7826274e-01  -8.9422933e-02  -1.5939698e-01   2.0798011e-01  -1.3312153e-01   3.0566247e-01  -4.0916606e-01   1.0071324e-01   4.0249882e-02  -4.5442316e-01  -5.2704097e-01  -1.8515291e-01  -2.4286138e-02   8.4950156e-02   1.6674360e-01  -1.0446174e-01  -5.3658976e-02   4.9925871e-01  -4.5003584e-01   1.7654275e-01  -2.0714819e-01   9.5306550e-02   3.4831648e-01  -4.4629092e-01  -1.0256380e-01   4.9855955e-01  -4.2248265e-01  -4.3840452e-01  -2.6453209e-01   5.1793099e-01  -5.1561935e-01   1.2565322e-01  -1.6219347e-02   1.9016293e-01   1.3472875e-01  -4.6663813e-02   1.4735562e-01  -1.2181975e-01  -4.0187949e-01   2.0221964e-01   4.8105502e-01  -4.5712711e-02   4.3412962e-01  -2.6192754e-01  -4.3197561e-01  -4.0493844e-01  -2.0428730e-01   1.2703784e-02  -5.3587558e-01   6.2498039e-01   5.6363534e-03  -4.9085324e-01  -2.2059277e-01   5.4398597e-01  -7.2318674e-02  -4.4708078e-02   5.7618355e-01  -1.9118861e-01   1.9238677e-01  -2.2465644e-01  -3.4946739e-01  -4.1329257e-01   1.7597577e-01   2.0557267e-01   4.2898058e-01  -9.2084651e-02  -1.5297717e-01   1.3325172e-01   1.5963492e-01   2.0718371e-01   3.0860259e-01   6.1924223e-01   4.1698737e-01   1.2793600e-01   4.8170574e-01   3.5643542e-01  -3.7894813e-01  -3.1464434e-02  -2.2736154e-01  -3.2562646e-01   2.3008597e-01  -3.4233398e-01  -3.2725560e-01  -4.2927367e-03  -4.2693999e-01  -6.2532505e-02   2.1193496e-01  -3.2254912e-01   3.3208901e-02  -8.1189974e-02   4.7652440e-01  -4.7800214e-01  -3.3178683e-01   2.7827906e-01   2.5604042e-01   1.7453497e-01  -4.7565420e-02  -6.8806176e-02  -2.8566390e-01  -4.3383440e-01   2.4400420e-01   4.8464228e-01   1.8806328e-01  -1.1890426e-01   3.8774298e-01   1.8141248e-01  -3.0511645e-01  -5.5764585e-02  -2.2515963e-01   5.3554314e-01  -1.4127926e-01  -4.1407699e-01  -6.0358483e-02  -2.9006741e-01   1.3048922e-01  -1.5843306e-01  -1.7926995e-01  -5.0490453e-01  -1.7165603e-01   2.5216731e-01   1.8963052e-01  -2.5194623e-01  -5.5147718e-01   3.9171737e-01  -2.9224731e-01  -5.1880593e-01   3.0943589e-01  -1.9054544e-01   9.1743598e-02  -3.8860076e-01   4.6905072e-01  -1.1603869e-01   3.3678497e-01  -2.5262927e-01   5.9160218e-01   2.8157166e-01   4.2602668e-01  -3.7612565e-01   5.9453329e-01  -3.4842142e-01  -1.4957490e-01  -5.2281508e-01  -6.1173494e-02  -4.6335833e-01  -3.2483305e-02   3.1421794e-01   2.7227244e-01  -2.4423055e-01   3.3721923e-01   3.6189224e-01   3.5036763e-01   4.5062369e-01  -5.1283096e-01   3.5942947e-01  -9.4622682e-02  -1.4778809e-02   1.6000065e-02
  -3.0867042e-01  -4.6754868e-01  -3.5704655e-01   0.0000000e+00  -2.0622346e-01   4.6439688e-01   2.7559472e-01   1.2159822e-01  -1.2393442e-01   6.2105119e-02   5.4713002e-01  -4.8442183e-01   3.4338174e-01   1.5228548e-01   5.8159941e-01   4.5385424e-01  -3.2261329e-01   5.6166009e-01  -3.7527567e-01  -4.6416165e-02   5.0420168e-01   3.9349466e-01   2.8146113e-01  -4.8288747e-01   3.0524665e-01  -8.6752035e-02   5.6951128e-01  -2.7907915e-01  -8.6522724e-02   5.4411260e-01   3.7050821e-01   5.1080337e-01   2.2899300e-01   6.3072014e-02  -1.8607303e-01   3.7149689e-01  -2.5045531e-02  -5.0400965e-01   4.9953060e-01   1.4043484e-01   2.0069938e-01   1.4626486e-01  -3.7179288e-01   5.3100783e-02   6.9591382e-02  -5.4239575e-01   5.7457484e-01   3.9401724e-01   3.2338664e-01  -9.3081904e-02   6.6913730e-01  -2.0017254e-02  -2.3372825e-01   1.2031502e-01  -2.1669024e-01  -5.3382349e-02  -6.6164904e-02   4.2236103e-01   6.0298449e-01  -2.8356361e-01  -2.0274509e-01   2.9262208e-01  -2.7186761e-01  -9.4639785e-02   1.3129274e-01   3.9173591e-01   6.0993032e-01   3.4705772e-01   6.8954070e-01  -5.2580273e-01   4.3695933e-02   7.6739964e-01   3.2155578e-01  -5.2948273e-01  -6.4667938e-02   2.7674860e-01  -4.1844915e-01   6.1143597e-02  -1.0718654e-01   5.9023158e-01   4.6667581e-01   4.2865225e-01  -7.7407728e-02  -1.1429984e-01  -3.2614575e-01   3.2892849e-01   7.9980520e-02  -3.5010574e-01   1.9829989e-01  -4.3088840e-01  -3.5528440e-01  -3.5466743e-01  -1.7327729e-01  -5.2284433e-02  -4.6762533e-01  -2.4162113e-01   5.3870557e-01   7.5202959e-02   2.9544526e-01   4.0123407e-01  -3.1927467e-01   3.7567135e-01   5.1491384e-01   7.6032744e-02   6.5137990e-01   4.1341735e-01   9.9637138e-03   6.0815065e-01   6.4509186e-02   3.6028014e-01  -2.4561792e-01   6.5057871e-01   7.7331215e-01  -4.0785314e-01  -3.9174785e-01  -2.5254716e-01   1.8686282e-01   3.2776160e-01   9.8821963e-03   8.0290428e-01  -5.2031915e-01  -4.5003908e-01  -6.1458908e-03  -1.5073238e-01  -5.4668220e-01  -3.0157220e-01   2.6349092e-01   1.9243012e-01   5.1999845e-01  -3.9677130e-01   2.0089030e-01   3.1003727e-01  -2.0891411e-01   9.6627713e-02   1.1788145e-01   3.0517363e-01   4.0890032e-01   5.3910881e-01   4.0908280e-01  -3.0077814e-01  -3.2092877e-01  -3.3899550e-01   6.1888106e-01  -3.5939398e-01   3.2317747e-01   4.4283649e-01  -1.7036687e-01  -2.2767139e-02   2.3531224e-01   2.4289472e-01  -5.6121489e-01   1.1596879e-01  -5.1129014e-01   2.3031446e-02  -3.0634208e-01  -4.4756275e-01  -4.5172338e-01   5.4727297e-01  -3.0884123e-01   4.8295896e-01   1.1368774e-01   6.0953347e-01  -1.0638884e-01   5.8665296e-01   2.8538911e-01  -2.7257386e-01  -1.0839115e-02   3.2553760e-02  -3.5484759e-01  -2.6291191e-01  -4.3485337e-01  -5.5938690e-01   5.0199069e-01  -1.1174283e-01   1.3663934e-01   2.8533779e-01   2.7718274e-01
  -2.2619186e-01   3.1667258e-01   3.4784972e-01  -2.0622346e-01   0.0000000e+00  -5.6570185e-02   1.4259460e-01  -4.2829472e-01  -3.8050677e-02   3.3424653e-01  -1.9325223e-02   4.6506201e-01   1.6696010e-01  -1.9985374e-01  -3.2946177e-01   1.9734690e-01   3.5561962e-01  -2.6633424e-01  -3.1992618e-02   7.8342442e-01  -2.5299974e-01  -2.7005619e-01  -2.6349187e-02  -2.0260155e-01   1.1379901e-01  -1.7535922e-01   1.3950326e-01  -3.3657687e-01   1.7836942e-01  -3.9799868e-01  -4.9764232e-02  -3.7823179e-01   2.9499509e-02   2.8167357e-01   9.4431059e-02   5.5848203e-01   2.6044929e-01   1.8721555e-02   1.2690800e-01   5.2586176e-01   2.2697967e-01   7.4134740e-02   1.7882552e-01  -1.8265207e-01   1.5588320e-01  -1.7470415e-01   9.7675147e-02   1.2476649e-02   3.8570475e-01   6.6391097e-01  -3.1159522e-01  -8.0450924e-02   3.9253434e-01   3.2929807e-01   1.0664538e-01  -2.5868290e-01  -1.9427998e-01  -3.5372383e-01  -6.6066143e-02   6.1242406e-02   2.0668977e-02   2.2558173e-01   1.3086439e-01   8.2449777e-02  -3.9926570e-02  -1.8546302e-01  -1.0780073e-01   1.7452353e-01  -1.6671790e-01  -6.4001171e-02   3.7991069e-01  -2.3648181e-01   3.1627164e-01   1.2595391e-01   9.4613284e-02  -1.9092193e-01   1.6786144e-02  -1.6464883e-01   5.2514503e-01   9.9955462e-02  -1.9038889e-01   2.4710060e-01   4.8867346e-01  -2.3715480e-01   3.1787328e-01  -2.1952683e-01   8.9098200e-02  -1.7249161e-01   1.2786652e-01  -2.5153509e-01   7.6841996e-01   4.6844351e-02   6.9762911e-01  -2.3188159e-01  -8.5402341e-02   7.5177734e-01   9.2752890e-02  -2.3565684e-01   3.3487092e-01  -3.9355645e-02   2.4679961e-01  -3.5893654e-01  -2.5717421e-01  -1.6788033e-01  -3.8662854e-01  -2.3505219e-01   4.8968097e-01  -1.9858286e-01   5.3695079e-01   1.6805587e-01   6.0307457e-01  -4.1037764e-01  -2.1666784e-01  -2.7382884e-01  -7.3994800e-02   5.2830833e-01  -1.3716978e-01   2.9867522e-01  -4.3183439e-01  -2.1889539e-01  -2.8726156e-01   7.1439407e-01   4.0775099e-02   4.7290428e-02  -2.0174060e-01  -1.7598129e-01   1.2709483e-01   2.3788771e-01  -3.4611889e-01   1.6806059e-01   3.4067299e-01   2.8127010e-01  -1.5438457e-01   1.2658848e-01  -2.2190209e-01  -2.2058643e-01   6.9772913e-02  -2.0546908e-01  -3.1354165e-01  -2.2080765e-01  -1.3355945e-01   9.6584897e-03  -3.3224233e-01  -2.6301879e-02  -1.1116034e-01  -4.0003357e-01   4.5589330e-01   1.0809160e-01   1.6903521e-01  -5.0993180e-02  -1.1969848e-01  -3.0386748e-01  -2.2143291e-01   6.1821833e-03   4.8543664e-01  -3.0089793e-01  -3.0511497e-01  -3.5191781e-02   1.3141401e-01  -2.5633968e-01  -4.7262475e-02  -3.7505634e-01   3.9039872e-01  -3.8409880e-01  -2.6834030e-01   5.6645413e-01   3.9896817e-01  -4.4302087e-01  -2.3727636e-01   7.9528692e-01   3.3845949e-01  -1.0308767e-01  -1.2851740e-01  -5.0835227e-02  -1.0352370e-01   8.3145244e-02  -3.3267148e-02
  -1.5920694e-01  -2.9449056e-01   3.0342742e-02   4.6439688e-01  -5.6570185e-02   0.0000000e+00   2.0829802e-01   2.7058109e-01   1.6768537e-01   1.0955777e-01   2.0067676e-01  -1.1763485e-01   3.0881410e-01  -9.8779028e-02   2.6361465e-01   2.0230102e-01   2.7565508e-02   4.0514191e-01   8.2156162e-02   4.2244375e-02   2.4789533e-01   5.2491980e-01   2.1501943e-01  -4.0011708e-01   1.0315902e-03   1.6942265e-01   3.3429815e-01  -1.7793921e-01  -2.6483070e-02   3.9517356e-01   1.4977949e-01   3.7710080e-01   1.0852895e-01   3.6719147e-02  -8.7579336e-02   7.0914836e-02   2.9415454e-02  -3.1893837e-01   1.6662028e-01   2.2478507e-01   1.8845421e-01  -2.2517743e-01  -1.8974246e-01  -1.4283170e-01   9.7207553e-02  -2.0228094e-01   3.0551166e-01   8.1673055e-02   2.7710086e-01   1.4000021e-02   3.2327900e-01  -3.9319346e-02  -3.3905491e-01   1.4994775e-02  -1.0738245e-02  -3.7077909e-02   4.9994080e-01   3.9243839e-01   2.8181769e-01   1.6754209e-02   6.5104075e-02   2.3270187e-01   6.8061845e-02  -2.3111802e-01   6.7949961e-02   2.3791524e-01   8.2477761e-01   4.6382827e-02   3.5158229e-01  -1.2126857e-01  -1.1204657e-01   4.1784885e-01   4.5504802e-02  -1.0546405e-01  -1.8618156e-01   3.2242635e-01  -2.0057288e-01  -5.4228190e-02  -1.3415670e-01   2.3427553e-01   1.7370134e-01   8.4781791e-02   7.0762867e-02   1.4325268e-01  -7.4768667e-02   2.4581146e-01   3.9143106e-02  -2.9165966e-01   2.1172459e-01  -2.7928160e-01  -2.7873579e-01  -2.7746649e-02   5.1044310e-02   2.2572486e-01  -2.0841804e-01  -1.7193368e-01   1.8758249e-01   4.5629138e-01   1.7497715e-01   2.8952764e-01  -1.3065543e-01   2.3462152e-01   3.0130921e-01   2.3615812e-01   4.1161625e-01   5.3318996e-01  -7.1778599e-02   6.6611851e-01   1.5463682e-01   6.2744982e-02   4.7163041e-02   3.7183046e-01   3.5958642e-01  -2.2926954e-01  -1.2649580e-01  -2.8814490e-01   1.0501419e-01   9.0720181e-02  -1.3860786e-01   5.2566222e-01  -5.2072286e-01  -1.8240708e-01  -1.9970465e-02  -1.0503196e-02  -3.3212924e-01  -6.2171148e-02   2.7290840e-01   5.0345308e-02   4.8999087e-01  -6.4916722e-02  -4.4132096e-02  -3.2373440e-02  -1.9257827e-01   1.2181455e-01   4.0830166e-01   3.5804739e-01   4.1360556e-02   2.3293116e-01   2.8847167e-01  -7.2303147e-02  -1.3081366e-01  -7.8495090e-02   4.1261159e-01  -6.7383301e-02   3.6657674e-01   2.4914398e-01  -5.5522984e-03  -2.0160150e-01   3.1029175e-01   2.2566382e-02  -1.9481912e-01   1.9500356e-01  -1.8708471e-01   6.6090483e-02   4.4526565e-02  -2.9661299e-01  -8.9828551e-02   1.8118619e-01   2.4380082e-01   2.7846653e-01  -1.6078192e-01   4.3151662e-01  -1.4024463e-01   3.1715078e-01   3.9883822e-01  -9.6813565e-02   2.4288505e-02  -1.0868326e-01  -7.3148455e-02  -1.5276502e-02  -2.3292922e-01  -4.1480783e-01   1.1778816e-01   3.3317294e-01   1.6581707e-01   1.4570813e-01   6.6826073e-01
  -6.3328049e-01   1.4527094e-03  -8.3009549e-02   2.7559472e-01   1.4259460e-01   2.0829802e-01   0.0000000e+00  -2.0876904e-01  -3.4780234e-02   5.9200015e-01   3.2333200e-01   2.1232958e-01   2.9362977e-01   4.1324018e-02   5.3418850e-01   5.0832097e-01  -8.2745440e-02   2.6484828e-01  -3.6706946e-01   3.5654789e-01   2.9454346e-01   1.1990984e-01   7.6583610e-01  -5.8165127e-01   1.2027429e-01  -3.5339066e-01   5.7672743e-01  -3.7535989e-01  -1.6485440e-01   2.4665104e-01   1.3812723e-01  -4.9883190e-02  -6.5518181e-03   6.3230441e-01   4.0085171e-01   5.4768663e-01   2.7325884e-01  -4.2992066e-01   4.3120726e-01   5.3281744e-01   2.1146944e-01   1.8261672e-01  -9.2479898e-02  -5.6782900e-02   2.9813656e-01  -5.5691237e-01   4.3526835e-01   5.4080978e-01   2.3045883e-01   2.2736768e-01   4.1192466e-01  -2.5622913e-01   1.4037334e-01   1.5253917e-01  -2.5723867e-01   4.3936834e-02  -3.8076186e-01   1.0737430e-01   3.9121741e-01   5.0124772e-02  -2.3505689e-01   3.4526288e-01  -2.4598015e-01  -3.5777685e-02  -6.1837066e-02   5.3135801e-01   1.7970949e-01   1.5608456e-01   2.3944651e-01  -3.0502562e-01   3.0743285e-01   2.0623832e-01   4.7779978e-01  -2.9633747e-01  -2.4511701e-01  -6.5625802e-02  -2.8317909e-01  -8.2368507e-02   4.6220543e-01   4.0578665e-01   6.9742937e-01   4.8639236e-01   1.9904460e-01  -4.1175318e-01  -1.4205227e-01   2.3300705e-02  -1.4498033e-02  -5.1812416e-01   1.4349844e-02  -5.9772426e-01  -1.2749570e-01  -2.5862408e-01   4.8410028e-01  -1.4688861e-01  -4.8146673e-01  -3.7775803e-02   2.8364638e-01  -2.9229352e-01   2.4154168e-01   5.6287215e-01  -2.4658042e-01   1.1136595e-01   1.1900369e-01   2.4082281e-01   2.1454620e-01  -8.5900965e-02   1.6852828e-01   5.4095639e-02   3.1955004e-01   3.5900056e-01   3.0514380e-01   3.2070134e-01   2.4589444e-01  -6.2639225e-01  -1.3291188e-01   1.8365491e-01  -2.2719800e-03   4.6599964e-01  -1.9308586e-01   2.7296931e-01  -4.9701917e-01   1.5926122e-01   2.4058418e-02  -1.4556166e-01  -5.6912787e-01  -2.8445537e-01   5.8125440e-01   1.0813974e-01   1.5209437e-01  -1.4385381e-01   3.0316047e-01   4.8022765e-01  -3.5275649e-01   3.0963077e-01  -9.2701593e-02  -6.9623790e-02   2.4662236e-01   4.5293911e-01  -7.5968219e-02  -5.8890434e-01  -5.9888684e-01  -2.1236881e-01   2.7117618e-01  -1.4914815e-01   3.9913562e-01   9.7297910e-02   5.4548207e-01   7.2857238e-02   5.9147233e-01   2.3975341e-01  -5.8372784e-01  -1.2846512e-01  -3.0092068e-01   8.2627844e-03   2.5963477e-02  -5.7513337e-01  -5.5651881e-01   4.6312383e-01  -2.6572970e-01   4.5353551e-01  -1.3175328e-02   2.2434394e-01   8.1727072e-03   1.9363748e-01  -4.4529536e-02   3.9296372e-01   5.5746918e-01  -2.2610384e-01  -3.7967651e-01  -4.7908759e-02   1.2651235e-01  -5.2297893e-01   2.2152033e-01  -1.9869366e-01  -1.8125152e-02   1.6404969e-01   1.0389156e-02
   1.2157788e-01  -1.4006752e-01  -1.2459371e-01   1.2159822e-01  -4.2829472e-01   2.7058109e-01  -2.0876904e-01   0.0000000e+00   3.6820294e-01  -2.8021667e-01   2.6193089e-02  -3.5714671e-01  -1.0124934e-01   1.7518812e-01   3.0122197e-01  -2.9771827e-01  -4.3095900e-02   4.1347429e-01   1.3329906e-01  -4.1209220e-01   1.1159805e-01   5.2382570e-01  -4.0318249e-03   8.6644158e-02  -5.8965636e-02   5.1861598e-01  -1.8563156e-01   2.0595419e-01  -2.8169717e-01   4.6704313e-01   3.2674109e-01   4.9152038e-01   4.9789525e-02  -2.8664718e-01  -1.5926854e-01  -3.7630191e-01  -2.2737550e-01  -1.1859009e-01  -2.1067917e-01  -3.6132105e-01  -2.3046346e-01  -2.0564591e-01   7.0295220e-02   2.4482091e-01   9.1446420e-02   1.5763593e-01  -3.7525956e-02  -2.4849916e-02  -1.1003555e-01  -4.6275263e-01   2.7616645e-01   2.9962587e-01  -2.2441818e-01  -3.8774566e-01   2.0975851e-02   3.9194736e-01   3.4371954e-01   5.0222102e-01  -3.8168260e-03   1.9325033e-01   3.3491313e-01   3.4790263e-02   2.9081206e-01   6.8461211e-02   1.2190862e-01   6.5697207e-02   3.4895468e-01   5.3823140e-02   1.9479882e-01  -1.9262135e-02  -3.9928971e-01   1.0233294e-01  -3.6579551e-01  -1.8285714e-01   1.2041707e-01   6.6944656e-01  -4.4456321e-02   4.2869253e-01  -3.2597518e-01  -2.2258756e-01   1.4786446e-03  -2.9113860e-01  -1.2269974e-01   5.8757762e-01  -2.3531353e-01   5.3624824e-01  -1.9557174e-01   1.2942396e-01  -9.3212073e-02   5.7686090e-02  -4.2300486e-01   8.8322569e-02  -4.2550253e-01   5.5491501e-01   2.2258237e-02  -5.5335186e-01  -2.3074183e-01   4.2617038e-01   3.6026519e-02   2.6616370e-02  -2.0939198e-01   5.9485705e-01   5.1396793e-01   3.2403414e-01   5.7117945e-01   4.9536947e-01  -3.0409300e-01   4.6287287e-01  -3.0321377e-01  -1.1565904e-01  -3.9588969e-01   3.9783622e-01   3.0626880e-01   1.3384619e-01  -2.0983080e-01  -3.5846870e-01   4.3397978e-01  -3.0307194e-01   1.7082366e-01   2.7571788e-01  -6.9705636e-02  -4.4398605e-01  -1.0864120e-01   2.6001680e-01   8.0490771e-02   1.4152577e-01   5.5014696e-02  -1.8683458e-01   6.4729237e-01  -2.2781556e-01  -2.8829275e-01  -2.7991162e-01   7.3087277e-02  -7.9487996e-02   5.4989386e-01   7.2147737e-01  -2.3367764e-01   1.8136691e-01   6.6039666e-01   8.4613365e-02   2.8799362e-02   6.1785876e-02   4.1205895e-01  -3.2562803e-01   3.1400969e-01   4.9590098e-01  -4.6506332e-01  -1.0698780e-02  -8.0491051e-02  -1.2943055e-01   8.8642185e-02   7.0980926e-01  -2.2598926e-02   2.3754806e-01  -4.4298149e-01   5.5782515e-02   2.2401022e-01  -9.5876466e-02   3.4465381e-01   3.2511772e-01  -1.1031224e-01   5.2052666e-01  -3.3825469e-01   3.8978716e-01   4.1181977e-01  -3.6846856e-01  -2.3471358e-01   3.1093265e-01  -3.2821335e-02  -3.2396490e-01  -4.6668871e-02  -1.5369806e-01   2.2332546e-01  -1.3050953e-02   1.0817745e-01   1.9309051e-01   4.9299960e-01
   1.6715541e-01   4.9333686e-01   2.4269410e-01  -1.2393442e-01  -3.8050677e-02   1.6768537e-01  -3.4780234e-02   3.6820294e-01   0.0000000e+00   2.4158915e-01  -3.2665186e-01   2.5202410e-01   8.9765664e-02  -1.6173815e-01  -1.4413542e-01  -2.6969659e-01   4.6021151e-01   1.7934196e-02   3.5709395e-01   3.4439085e-02  -3.8772676e-01   4.2837739e-01   1.2885892e-02   1.3256197e-01   1.0430904e-02   3.8464900e-01  -2.5741295e-01   2.2094984e-01  -7.4781789e-02   6.7608858e-02   1.4744597e-01   2.0304514e-01   1.1198747e-01   2.5663107e-01   2.8508746e-01  -2.2264594e-01   1.0398517e-01   2.0004239e-01  -3.2375015e-01   1.7318675e-02  -3.3666961e-01   1.4707825e-01   4.6832275e-01  -1.3784913e-01   2.9733972e-01   3.9965601e-01  -3.9012217e-01  -2.2504117e-01  -1.3752674e-01   2.4110047e-02  -8.5729477e-02   9.9754809e-02   2.0070163e-01  -2.9763360e-01   2.6891404e-01   1.5721567e-01   3.5155249e-01   3.3999959e-01  -3.4097465e-01   5.3067962e-01   5.5585611e-01   2.1574876e-01   6.9981200e-01   2.7056152e-01   1.9273439e-01  -1.0326242e-01   1.0603854e-01   1.1208990e-01  -3.9709598e-01   4.3285774e-01   2.0476717e-01  -2.5464167e-01  -3.6094511e-01  -6.5881031e-02  -3.5979669e-02   2.5292170e-01   3.9573830e-01   1.4775665e-01   3.0011754e-01  -1.6327057e-01  -1.3488017e-01  -3.5800149e-01  -2.2374556e-01   3.1320609e-01  -9.7942832e-02   7.3739572e-02   1.2151754e-01   3.7976550e-02   5.6967313e-03   9.5466761e-02  -2.7162438e-02   3.3995047e-01   1.1602702e-02   8.3350638e-01   2.6883107e-01  -3.0475089e-01  -3.0818532e-01   3.2626536e-01   1.7592391e-01   1.6298851e-01   1.6678256e-01   1.1106781e-01  -8.7167721e-02   6.1831507e-01  -4.4118498e-02   2.2075011e-01   1.5508935e-01   5.1599818e-02   7.4268054e-03  -2.9554760e-01   1.8838327e-02  -1.5168531e-01   3.8076465e-02   1.7199385e-01   1.5235875e-01   1.7636212e-01   2.0434132e-01  -1.9031389e-01  -1.5029497e-01  -1.5690617e-01   4.9951628e-02   3.7652343e-02   1.0941948e-01   3.4996935e-01   2.1616708e-01   9.6932767e-02   2.6214245e-01   8.1764603e-03   3.3788630e-01   2.9454596e-01  -2.6145409e-01  -9.7750138e-02   6.0915339e-02   5.9390407e-02   6.9201318e-01   1.5607601e-01  -3.6617449e-01  -1.4617297e-01   7.2180688e-02   1.9497297e-01   1.3286119e-01  -7.2658785e-02  -1.3317947e-01  -6.1637837e-02   3.1898444e-01  -1.3039232e-02   1.8663633e-01  -8.5683611e-02   2.6969827e-02  -1.7962221e-01   2.5086815e-01   3.1990045e-01   1.6518276e-01  -7.2419964e-02   8.3350418e-02   1.4837603e-01   3.4459343e-01  -2.9919367e-01   4.4997650e-01  -8.3411463e-02   8.9834595e-02  -8.7185673e-02  -3.9491259e-01  -1.3691722e-01   3.6658146e-01   8.7659202e-02   4.5778994e-02   6.3001141e-02   1.4487617e-01  -8.7427451e-02   4.0288224e-01   1.6286630e-01  -3.9412416e-02   1.8007547e-01  -1.1050563e-01   4.7301320e-02   4.5228827e-01
  -3.2492511e-01   1.3141338e-01   6.8502813e-02   6.2105119e-02   3.3424653e-01   1.0955777e-01   5.9200015e-01  -2.8021667e-01   2.4158915e-01   0.0000000e+00   1.8708056e-01   2.7160502e-01   3.0188612e-01  -2.9036087e-01   3.0691668e-02   3.4043743e-01   1.0158731e-01  -8.6320648e-02  -1.4044118e-01   5.9947780e-01  -9.3225203e-02  -2.5611297e-02   5.6511974e-01  -3.2466296e-01   4.0093789e-02  -3.2247898e-01   3.9594836e-01  -1.2294317e-01   1.0974416e-01  -1.6351534e-01   1.0312994e-01  -2.3430019e-01   1.2060419e-01   7.5838302e-01   2.4397474e-01   6.2227511e-01   4.2283683e-01  -8.2169634e-02   2.0998975e-01   4.4588502e-01   1.9305613e-01   2.7575421e-01   7.6753620e-02  -4.7161422e-02   2.6723237e-01  -2.6574332e-01   2.0968989e-01   1.2516686e-01   2.9211505e-01   3.0848493e-01   8.1789576e-02  -2.7174969e-01   2.9962582e-01   1.0807012e-01   5.1807784e-02  -9.6754578e-02  -2.7459131e-01  -5.2996130e-02   1.2528915e-02   1.4503440e-01   2.9849106e-02   4.3755352e-01   8.4615473e-02   2.3850218e-01   2.6380302e-02   2.9280384e-01  -5.5339344e-02   1.9330461e-01  -7.7634088e-02  -5.1856350e-03   5.6638788e-01  -9.7141455e-03   2.7870753e-01  -2.3686996e-01  -2.4102681e-02  -2.4059336e-01   5.8132646e-02  -6.2082021e-02   4.8930312e-01   2.2817483e-01   3.0886215e-01   3.6463269e-01  -1.6576480e-02  -3.3154926e-01  -2.6713107e-01  -2.3071041e-01   5.3235086e-02  -3.6196247e-01   1.2299050e-02  -2.8638824e-01   1.0286012e-01  -5.5305637e-02   4.8568133e-01   9.3619974e-02  -1.5233982e-01   1.6799784e-01   2.3897451e-01  -1.9179585e-01   3.3533087e-01   4.7212050e-01   1.9738739e-02  -1.3852246e-01  -2.8170310e-01   1.0629452e-01  -1.8822590e-01  -1.4326139e-01   3.7162148e-01  -1.3095409e-01   5.0530055e-01   5.8994235e-02   3.1048087e-01  -1.8526777e-01   5.2022083e-02  -3.5284373e-01   6.2069765e-02   3.4586765e-01  -3.9594791e-02   3.7511392e-01  -3.4387164e-01  -2.7781723e-02  -2.4865218e-01   3.6387150e-01   4.8837633e-02   1.1229095e-01  -2.5058472e-01  -3.2808240e-01   4.5753534e-01   2.5427840e-01  -1.0111878e-01   1.1461416e-01   1.9065443e-01   5.8982057e-01  -4.1307577e-01   3.1576404e-01   5.9104963e-02  -1.6760679e-01   1.0427319e-01   5.3560369e-02  -2.7940087e-01  -2.8544806e-01  -3.4817407e-01  -8.9390640e-02  -5.4361825e-02  -6.5482479e-02   3.2624516e-01  -3.0047708e-01   6.6341049e-01  -4.0296578e-03   6.0310237e-01   1.3580945e-01  -3.1368622e-01  -3.2086018e-01  -1.7313972e-01  -2.5067310e-02   9.2617262e-02  -3.0040934e-01  -2.9292206e-01   1.4453192e-01  -7.9044340e-02   1.5469725e-02   2.4307609e-01  -1.2451114e-01   1.3781921e-01  -1.6943169e-01  -1.4089504e-01   4.1649005e-01   6.4913459e-01  -3.3011612e-01  -2.5501745e-01   9.4355941e-02   3.3484715e-01  -1.3740996e-01   7.7551066e-02  -1.9502376e-01  -3.7630724e-02   2.4012489e-01   2.0327710e-02
  -5.4131202e-01  -2.7799624e-01  -6.2927323e-01   5.4713002e-01  -1.9325223e-02   2.0067676e-01   3.2333200e-01   2.6193089e-02  -3.2665186e-01   1.8708056e-01   0.0000000e+00  -3.5016843e-01   4.0890611e-01   6.7368704e-02   5.1350056e-01   6.6217651e-01  -5.4214459e-01   6.0557721e-01  -5.9028581e-01   5.5930081e-02   6.6568698e-01   9.3339275e-02   2.5666592e-01  -5.8699014e-01   2.1076023e-01  -5.6104452e-01   6.8329595e-01  -5.4098523e-01   3.6002483e-02   4.7089890e-01   4.4915551e-01   1.2788358e-01   1.8196321e-01   1.9786429e-03  -2.6964232e-01   5.7072533e-01  -2.0823216e-02  -6.9686457e-01   7.2008862e-01   1.4202706e-01   6.0493711e-01   4.1548618e-02  -4.0957617e-01   3.7672017e-01   1.8893150e-01  -7.4786721e-01   8.1712965e-01   6.3207939e-01   4.3426816e-01  -1.2928593e-01   6.7963574e-01  -2.6478182e-01  -1.5639783e-03   1.0307708e-01  -2.8644515e-01  -3.3231279e-02  -3.6649325e-01   1.0170970e-01   6.9254870e-01  -3.0014195e-01  -4.8770178e-01   9.8352564e-02  -4.3644745e-01   2.8095547e-01   3.0573268e-01   6.2058498e-01   3.7237912e-01  -1.1715324e-02   7.8382373e-01  -6.8459526e-01   6.8281726e-02   6.2638673e-01   5.4952377e-01  -5.7294971e-01   6.3036558e-02   5.2243385e-02  -6.4054583e-01   8.1826979e-02  -1.2346946e-01   5.6293329e-01   3.2033880e-01   6.8063523e-01   1.5001441e-01  -4.6966458e-01  -3.5224182e-01   1.2441318e-01  -2.9330629e-02  -4.8581173e-01   9.4121932e-03  -5.7231445e-01  -1.0416601e-01  -5.7207674e-01  -5.9066459e-02  -2.1322352e-01  -7.1407079e-01   6.8259619e-03   6.5660780e-01  -2.3418029e-01   3.7762806e-01   2.8090819e-01  -3.7305636e-01   4.2906529e-01   3.0293986e-01  -4.6591445e-02   5.1095132e-01   2.7566099e-02   4.0474402e-02   4.5074155e-01   1.5874161e-01   4.1657733e-01  -1.8876393e-01   4.9105144e-01   4.7152736e-01  -6.5842451e-01  -5.3099203e-01  -1.4085211e-01   2.4408710e-02   4.4551837e-01  -9.3697931e-02   5.1323443e-01  -4.7446547e-01  -2.0480731e-01  -1.5272061e-01   9.3528307e-02  -7.0104759e-01  -4.8791968e-01   4.2527620e-01   3.0050943e-01   3.3682314e-01  -3.8198590e-01   4.4491676e-01   6.3578210e-01  -2.1020337e-01   4.1552425e-01  -1.5048023e-01   2.0960230e-01   5.1356979e-01   5.4052974e-01   2.0731011e-01  -6.1358102e-01  -5.8461210e-01   4.2161683e-02   7.5329658e-01  -3.8631208e-01   2.8745600e-01   5.0940881e-01  -1.5983873e-01   3.7326890e-01   3.5513611e-01   3.2516822e-01  -7.5931154e-01  -1.2457905e-01  -4.6620247e-01   5.1709229e-01  -2.9342390e-01  -6.4026368e-01  -6.9486044e-01   6.5637518e-01  -5.3223187e-01   2.8797648e-01   2.2295900e-01   6.8596729e-01   3.7708235e-01   5.9220198e-01  -5.1616155e-02  -1.7655250e-01   2.1442353e-02  -1.6106007e-01  -5.5851195e-01  -8.5755252e-02  -2.3060725e-01  -6.6406518e-01   6.5141116e-01  -2.4637086e-01   1.1534339e-01   7.4292555e-02  -2.7275376e-02
  -6.3836797e-02   6.3262916e-01   6.0264175e-01  -4.8442183e-01   4.6506201e-01  -1.1763485e-01   2.1232958e-01  -3.5714671e-01   2.5202410e-01   2.7160502e-01  -3.5016843e-01   0.0000000e+00  -6.0908166e-02  -1.5565166e-01  -3.9330768e-01  -2.0297259e-02   6.1095607e-01  -4.1811448e-01   1.0698805e-01   4.9265263e-01  -4.1332207e-01  -2.0082270e-01  -9.2287373e-02   5.5100149e-02  -4.8251927e-02  -1.3426558e-01  -1.7566394e-01   5.1339739e-02   1.2455876e-01  -4.4558984e-01  -2.2564502e-01  -3.8142616e-01   2.3852473e-02   2.7568051e-01   5.2442252e-01   1.1594026e-01   7.2853635e-02   3.2266185e-01  -1.3707981e-01   3.8572547e-01  -1.3470674e-01   2.3955039e-01   3.0379038e-01  -1.7834105e-01   1.9814997e-01   2.0753707e-01  -3.2020123e-01  -1.5583802e-01  -6.2531448e-03   5.4577491e-01  -4.4627579e-01  -1.8205829e-01   3.0848829e-01   2.9879452e-01   2.1883648e-01  -1.4878294e-02  -1.4826286e-02  -2.8937273e-01  -2.7193429e-01   4.7326207e-01   1.8318416e-01   4.8242628e-02   3.0828058e-01   1.5576537e-02  -1.6250571e-01  -2.4198206e-01  -2.8721841e-01  -1.1229718e-01  -5.0721258e-01   4.3201665e-01   2.5340678e-01  -5.5137138e-01   3.9495229e-02   4.4777879e-01  -4.2878047e-02  -2.4005099e-01   3.8690288e-01  -8.8960600e-02   5.1205122e-01  -3.7966882e-02  -1.8059204e-01  -7.6955756e-02   2.9509033e-01  -1.9079203e-01   4.6903467e-01  -2.6092975e-01   4.4591149e-02  -1.1374336e-02   1.5503888e-01   2.1415482e-02   5.1766646e-01   2.6815786e-01   6.5129792e-01   8.6252733e-02   2.6398989e-01   3.6155971e-01  -1.8315654e-01  -2.6154994e-01  -8.2250356e-02  -2.3540762e-01   3.6324116e-01  -2.5126497e-01  -4.9973092e-01   2.2235228e-01  -5.2675188e-01  -3.3252353e-01   4.1928420e-01  -4.2542045e-01   1.8047208e-01   3.4578840e-02   5.8411197e-01  -5.2046019e-01  -4.5643852e-01  -2.8602537e-03   3.3562083e-01   4.6627039e-01  -1.2142459e-01   1.1402462e-01  -1.2966006e-01  -5.2364703e-01   8.9059200e-02   6.9487771e-01   1.0004821e-01   1.6539880e-01   1.3150242e-01   2.2546560e-01   1.0615664e-01   6.3518669e-02  -3.5906683e-01   5.4935035e-01   4.2339553e-02  -5.5696904e-02   1.1193613e-01   3.5359894e-02  -3.3594691e-02  -3.6162071e-01   5.2259049e-04  -2.8107709e-01  -4.1834284e-01  -1.9619277e-02  -5.2413765e-03  -2.3115190e-01  -4.8533213e-01   4.5062154e-01  -9.5495306e-02  -4.5470208e-01   5.7608388e-01   8.1506931e-05   1.6902881e-01  -2.7872251e-01   2.2782074e-01  -2.9979528e-01   2.3830506e-01  -3.8519749e-02   7.2841944e-01   5.3027605e-02   1.2123130e-01  -1.5462993e-01   2.9923134e-01  -4.2970756e-01  -9.7339261e-02  -4.8978335e-01   8.3047422e-02  -5.0778622e-01  -2.6124001e-01   5.9442144e-01   3.1678995e-01  -2.2141913e-01   2.0661284e-01   4.6625716e-01   5.6628182e-01   2.6008204e-01  -4.2358027e-01   3.6838850e-01  -1.1773237e-01  -1.4005869e-01  -9.1700528e-02
  -2.8340441e-01  -1.4315780e-01  -1.4605682e-01   3.4338174e-01   1.6696010e-01   3.0881410e-01   2.9362977e-01  -1.0124934e-01   8.9765664e-02   3.0188612e-01   4.0890611e-01  -6.0908166e-02   0.0000000e+00   3.9723688e-02   2.4386294e-01   4.9118210e-01  -1.0633299e-01   2.9427904e-01  -1.6659333e-01   1.8397669e-01   2.8789082e-01   1.8982927e-01   2.3125896e-01  -4.0835285e-01   9.1585561e-02  -3.6043090e-01   3.9763154e-01  -4.2422292e-01   2.4613463e-01   2.4510845e-01   2.7340044e-01   3.3368859e-02   3.9222944e-02   1.6695986e-01  -5.8284838e-02   4.3002571e-01   5.5174252e-02  -3.1211537e-01   5.0252169e-01   2.8852772e-01   6.2322464e-01  -4.6698667e-03  -7.5404733e-02   3.9719409e-02   9.2887196e-02  -3.6665285e-01   4.2621882e-01   3.3467179e-01   2.1319884e-01   1.7506980e-01   2.4203814e-01  -1.7773254e-01   2.9403156e-03   7.2964299e-02   7.4936250e-02  -1.8013493e-01  -9.8054756e-02   5.9866917e-02   3.9213260e-01  -1.0193895e-01  -1.4004100e-01   2.3092814e-01   3.7453852e-04   1.3833999e-01   1.6312601e-01   3.0040776e-01   3.2308297e-01   6.3243241e-02   2.7775378e-01  -3.4595773e-01   1.6599996e-01   2.9929621e-01   4.0369461e-01  -2.0252237e-01   5.3607267e-02  -2.6300459e-02  -2.0439008e-01  -1.4443071e-01   5.7059734e-02   4.2827874e-01   8.3937519e-02   5.3179851e-01   2.6891849e-01  -3.1641874e-01  -3.1118380e-02  -3.3715191e-02  -3.7842520e-02  -3.7613201e-01   1.3997421e-01  -3.7761269e-01   4.5613536e-02  -1.9290296e-01   1.6884378e-01   6.3888813e-02  -3.1902455e-01   1.1624775e-01   4.5839294e-01  -1.1588323e-01   2.9976726e-01   3.1856364e-01  -9.3205142e-02   1.2349370e-01   1.0754612e-01   7.2313459e-02   1.3169035e-01   8.6749757e-02   2.4827641e-01   2.0177206e-01   2.4446121e-01   2.1305765e-01   1.1700176e-01   1.7759081e-01   2.4400137e-01  -3.8940996e-01  -3.0804520e-01  -2.9674973e-02  -1.7150738e-01   5.4777296e-01  -1.6263670e-01   3.2350118e-01  -2.8586872e-01   1.0676679e-01   2.4749716e-04   4.4841867e-02  -3.9245546e-01  -2.6312550e-01   2.7510381e-01   4.2981905e-01   1.1961467e-01  -1.3744897e-01   4.1461694e-01   3.5885399e-01  -9.7544703e-02   2.2816914e-01   1.1647846e-01   3.1589420e-02   2.7024659e-01   3.1950905e-01  -6.1512208e-02  -2.2256167e-01  -2.6167889e-01   1.6976641e-01   2.7730952e-01  -4.7258550e-02   2.4852220e-01   2.9577589e-01   1.3138862e-01   1.0929795e-01   2.7990956e-01   2.4053541e-01  -3.9864324e-01  -4.7562701e-02  -3.2441342e-01   1.7270341e-01   1.4043559e-01  -3.3657856e-01  -2.9971120e-01   4.4878090e-01  -1.9058076e-01   7.1334672e-02   2.1971841e-01   2.3550984e-01   1.6475037e-01   2.2442563e-01  -1.9579959e-02  -1.1157214e-01   1.8161904e-01  -1.8843948e-01  -2.8052104e-01   1.2233697e-01  -6.1688204e-02  -2.6782525e-01   2.4105434e-01   7.7451428e-02  -3.9737497e-02   9.1307659e-02   1.5820807e-01
   1.8910662e-02  -2.8925093e-02  -3.8639844e-01   1.5228548e-01  -1.9985374e-01  -9.8779028e-02   4.1324018e-02   1.7518812e-01  -1.6173815e-01  -2.9036087e-01   6.7368704e-02  -1.5565166e-01   3.9723688e-02   0.0000000e+00   4.5749516e-01   7.5050112e-02  -2.5120136e-01   2.9886245e-01   6.3761102e-02  -3.2756250e-01   2.9047147e-01   9.0629691e-02   6.5565086e-02  -2.2532964e-02  -2.3249097e-02   9.6801548e-02  -4.8823471e-02   1.6426662e-01   1.5142938e-02   3.1828546e-01   4.8767324e-01   2.3429753e-01  -1.1356960e-01  -5.2855964e-02   2.9005613e-01  -1.4998977e-01  -4.3402551e-04  -2.2237475e-01   1.3795031e-01   8.1027324e-02  -1.6321544e-01  -7.3940199e-02  -1.0195422e-01   5.1042522e-01  -8.9898163e-02  -1.6038709e-01  -6.5456416e-02   2.5796315e-01   1.2933996e-01  -1.8055847e-01   1.2616207e-01   1.2113536e-01  -2.3142932e-02   1.4872635e-01   1.3827760e-01   3.2198179e-01  -2.4799506e-02   3.4833990e-02   8.1009344e-02   1.7804313e-01  -1.3397722e-01   1.1141251e-01  -2.2014603e-01   9.9341007e-02   2.8648664e-01   4.9592022e-02   1.6441354e-01  -4.6677252e-03   7.4123288e-02  -2.6197784e-01  -3.0995670e-02   1.1554316e-01   2.5411248e-02  -1.5184177e-02  -6.7743863e-02   1.2902013e-01  -2.3878073e-01   3.7535400e-01   2.8568581e-02  -1.6625888e-02   3.6275232e-01   8.7247220e-02   1.4265853e-01   1.5653077e-01   2.4852175e-01   9.7152631e-02   4.1751290e-01   8.3952585e-02   8.4217520e-02  -4.6314263e-02  -1.2054573e-01  -3.3822557e-01  -1.7488839e-01  -6.4645434e-02  -1.5010218e-01  -3.4274746e-01   2.6237141e-02   1.0389349e-01  -5.1456212e-02   2.7799434e-01   2.6829176e-01   2.6764724e-01   2.8823077e-01   2.8205223e-01   2.6803498e-01   1.3249370e-01  -6.6648894e-02   7.8118204e-02  -2.2935205e-01   3.4368372e-02  -1.5326334e-01   3.6977985e-01   2.9000924e-02  -9.1169415e-02   7.2120583e-02  -6.3760383e-02   2.0723825e-01  -7.3210450e-02   5.8361842e-01   2.0886677e-01  -1.3662514e-01  -2.5630749e-01  -8.0284826e-02   2.1791463e-01  -1.6687737e-01   3.4632861e-01   9.8151484e-02  -4.3085797e-02   1.1117832e-01  -2.9554553e-01   6.7783926e-02   7.5413537e-02   4.4101767e-01   1.0230650e-01  -4.3064417e-03   8.7933104e-02   1.5424913e-01   5.9338493e-01   1.1563083e-01  -1.3694546e-01  -8.3512452e-02  -4.4153009e-02   1.1662833e-01  -1.4008391e-01   3.1849989e-01   5.0354632e-01  -1.2212669e-01  -6.0459241e-02  -2.3230342e-01   4.2575250e-01  -4.7038667e-02   3.9294415e-01  -1.5898915e-01   7.2501707e-02  -1.4478997e-01  -1.1234854e-01  -1.5704756e-01   4.5563987e-02  -1.7360953e-01   3.9193391e-01  -1.3980688e-01   1.2485064e-01  -2.2098256e-01   2.0132413e-01   4.1797547e-02  -1.8789211e-01  -2.1770217e-01   4.4886358e-01  -8.2486604e-02  -5.4439335e-02  -2.3098204e-01  -2.1590571e-01   2.9203285e-02  -4.4520646e-02   1.2810448e-01  -1.2730173e-01   1.1204131e-01
