   0.0000000e+00   6.0647199e-01   4.4666745e-01   1.4059411e-01  -3.2954569e-01  -3.0544393e-01  -5.0807339e-01  -1.6458566e-01   4.0714433e-01   3.8307934e-02  -2.4807629e-01   6.2606937e-01  -1.3988678e-01   5.3479796e-01  -2.3093286e-01  -2.5663895e-01   4.6941744e-01   1.0268175e-01  -3.3147288e-01  -2.3097201e-01   1.6245070e-01  -2.1164991e-01   9.4812501e-02   7.2987107e-01   2.3302916e-01  -5.2903033e-02  -3.6484762e-01  -6.8296663e-02   4.6996643e-01  -4.3259844e-01  -2.2596166e-01   3.2928773e-01   2.5872490e-01  -8.4995837e-02   1.1450837e-02  -3.1877319e-01   1.6078260e-01   5.3374717e-01  -3.3654587e-01  -4.0763153e-01  -1.5910666e-01   4.4372053e-01   4.3306709e-01  -1.7108970e-01   1.7727549e-01   7.1812293e-01  -4.3821253e-01  -3.6226849e-01  -3.3291924e-01   5.3656591e-01   3.5993902e-01  -1.9954165e-01  -2.0598038e-01   2.6598013e-01   6.9040832e-01  -2.1320111e-01   5.4998952e-02   3.5596976e-02  -1.8309099e-02   1.9355506e-01   4.9174729e-01  -3.1657854e-01   5.1605138e-01  -1.3535636e-01   2.3307771e-01  -1.9164963e-01  -3.0285142e-01   1.7026299e-02  -2.9196077e-01   4.3262904e-01  -7.1157554e-02   2.9516254e-01  -2.5367056e-01   7.3289407e-01   4.1664617e-01  -8.5076840e-02   5.6288857e-01  -2.1414662e-01  -3.2725651e-01  -3.9687863e-02  -3.7371770e-01  -7.8048038e-02  -8.7615631e-02  -5.1596832e-02   6.6590681e-01  -2.0364651e-01   5.8861039e-02   4.5899959e-01   4.6944707e-01   7.9046834e-01  -1.3235118e-01   4.5205374e-01   3.4665276e-02   3.7653213e-01   5.1843108e-01  -2.9285503e-01  -3.2083769e-02  -4.8631247e-02   3.9330615e-02   2.9782090e-01   9.4815323e-02  -7.1656217e-03  -2.7782863e-01   4.1792062e-01   1.3788547e-01   9.0279896e-02   4.9004675e-01  -3.3369491e-01   7.0318341e-03  -2.8660872e-01  -5.6536387e-02  -4.2788788e-01   4.7533633e-01   8.5217959e-01   3.2360044e-01  -1.1311658e-01  -2.7874872e-01   1.3063452e-02   7.8621863e-02   1.9953085e-01   6.4574280e-01   8.6007757e-03   5.1130538e-01   3.4333966e-01   7.5108998e-01   4.1488140e-01   3.7715739e-01   1.9333349e-01   5.0404528e-02   1.1480987e-01  -1.6980961e-01  -2.5021507e-01   8.5493835e-01   1.3380908e-01   4.4057544e-01  -2.8104798e-01  -6.9420114e-03  -2.3911476e-01  -3.2116161e-01   7.2815567e-01   7.8179124e-01  -2.0787764e-01  -1.4908756e-01  -1.0136014e-01  -9.3017869e-02  -2.8679640e-01   2.2868995e-01  -3.0802472e-01   2.4162120e-02   4.6216522e-02   7.3125722e-01  -1.6571872e-01   4.2795816e-01  -3.0443719e-01  -9.5928489e-02   7.4817480e-01   6.1310221e-01  -2.0280391e-01   5.7805944e-01  -5.2994050e-01  -3.9152555e-02  -3.6928410e-01   2.4563806e-01   1.9629308e-01   1.0565060e-01   5.2343426e-02  -7.2638267e-02   9.0723111e-02   6.3012024e-01  -7.9453335e-02  -1.4358166e-01   6.0320932e-01  -6.3806071e-02  -8.5347744e-02   4.0442222e-01   3.5274086e-01   6.0760195e-02
   6.0647199e-01   0.0000000e+00   4.5352491e-01   3.3944922e-01  -2.2827446e-01  -7.8275363e-02  -6.8337488e-02  -2.8877002e-01   5.6305461e-01  -1.0452032e-01  -1.6224770e-01   7.4295773e-01  -4.5398265e-02   2.6851447e-01  -6.9139223e-02  -1.9642268e-02   4.8777857e-01   2.4191400e-01  -2.1042716e-01  -1.2101016e-01   2.0086329e-01   1.5000806e-02   1.8312226e-01   3.7525099e-01   2.0931686e-01  -1.2838776e-01  -2.6318374e-01  -1.7023675e-01   2.3694383e-01  -1.8093283e-01  -1.2692934e-01   3.4113880e-01   1.4307740e-01  -6.8407605e-03   1.9338559e-01  -7.5537344e-02  -5.7836992e-02   2.9792031e-01  -6.1914097e-02  -2.3978876e-01  -3.5197593e-04   2.3919570e-01   4.0361038e-01  -1.1498173e-01   3.1098358e-01   3.5250621e-01  -2.2371580e-01  -5.9507306e-02  -5.3881846e-01   5.5282083e-01   4.2001505e-01  -1.1505115e-01   7.1208984e-02   9.1343856e-02   5.5395721e-01  -3.2532659e-01   1.3504530e-01   1.2237321e-01   2.1140890e-01   2.8439533e-01   3.3716162e-01  -1.3455984e-01   5.5324472e-01   3.6724473e-02   4.2969851e-01  -3.7835004e-02  -2.3370429e-01   1.7017484e-01  -1.8152234e-01   2.1303185e-01   4.2838858e-01   3.2417896e-01   1.1406275e-01   4.9580992e-01   2.1623034e-01   9.9230420e-02   3.3335587e-01  -1.2098196e-01   5.1577968e-02   5.9406668e-02  -3.8010266e-01   1.4001419e-01  -8.8418221e-02  -1.7227668e-01   7.1579318e-01  -1.0837365e-01   3.4567323e-01   2.5483247e-01   5.7691236e-01   4.2904961e-01   4.1453194e-02   3.0906601e-01   2.8116024e-01   3.8755347e-01   3.0069200e-01  -5.1824510e-01   7.1055340e-02  -9.9615085e-02   2.5351716e-01   2.9361315e-01   2.0914959e-01  -1.5195063e-01  -2.9528179e-01   6.0439237e-01   1.0522886e-01   2.3959271e-01   3.2281928e-01  -3.7463715e-01  -1.9376686e-01  -8.9084124e-02  -3.3952283e-02  -2.8998527e-01   4.2293364e-01   4.4673488e-01   1.8261368e-01   1.4011903e-01  -3.6644227e-01   2.6609626e-01  -7.5892854e-02   3.0861139e-01   2.8711026e-01   1.7246506e-01   4.0710685e-01   5.9046640e-01   4.3333907e-01   4.7623506e-02   4.4906251e-01   2.7952581e-01   3.0703042e-01   1.5438048e-01   2.4264509e-02   7.0198387e-02   5.5779906e-01   2.2482704e-01   3.3451801e-01  -5.8886291e-02   5.9378874e-02  -2.0054066e-01  -1.9894471e-01   5.5438096e-01   4.6336495e-01  -3.4085656e-01  -1.3414574e-01   8.9719193e-02   5.1222168e-02  -7.4922068e-02   6.1039926e-01  -1.0348788e-01   1.1497979e-01   1.1928515e-01   4.3681798e-01  -1.7541685e-01   2.6312633e-01  -1.8082757e-01   3.1600810e-01   4.3802388e-01   3.2299150e-01   5.2880142e-02   3.9216632e-01  -5.4890333e-01   2.9557852e-02  -3.3396450e-01   2.2755912e-01   3.3084112e-01   2.4362616e-01   1.9081605e-01  -1.4646050e-03  -9.8165182e-02   4.3063967e-01   2.0614477e-01   1.3766396e-01   3.7807644e-01   9.8100529e-02   1.4109949e-02   1.6137203e-01   2.7588247e-01   9.5814157e-02
   4.4666745e-01   4.5352491e-01   0.0000000e+00   1.1131038e-01   9.1637993e-02   2.3667520e-01  -5.8368301e-02  -9.0124594e-02   4.4494657e-01   1.4094808e-01  -2.6516686e-01   4.3563835e-01   7.7133304e-02  -1.5279267e-02  -4.0139108e-02  -1.1652278e-01   8.9528457e-01   7.2526215e-02  -1.9219319e-01   2.4491986e-01   7.6097462e-02   6.1961676e-02   6.3977654e-02   3.4707503e-01  -5.0229383e-02  -1.1750029e-01  -1.1944993e-01  -1.1432822e-01   2.5046651e-01  -3.5214185e-01  -1.1777142e-01   3.3992259e-01   7.5926020e-02   5.2323432e-02   1.7011302e-01  -1.0384505e-02   7.8330931e-02   5.7161757e-01  -2.3450352e-01   5.5545035e-02   1.4703104e-01   2.3707158e-01   1.8001855e-01  -3.0623849e-01   2.4698743e-01   6.1495617e-01  -3.3946494e-01  -2.1189564e-01  -1.3890978e-01   6.3969317e-01   2.2908724e-01   1.3730345e-02  -2.4963711e-02   2.4701737e-01   3.4877751e-01  -1.7106540e-01   2.1680642e-01   1.0109715e-01  -7.5990357e-03   2.2781476e-01   8.3228168e-01   9.9432995e-02   3.7363021e-01   1.2721983e-01   2.9872563e-01  -1.1020144e-01   7.9174861e-03  -9.0392205e-02  -1.8692301e-01   7.5147872e-01   2.8038669e-01   1.1849890e-01  -1.5673921e-01   4.9425996e-01   1.1753852e-01   1.8753471e-01   7.6620576e-01  -1.8499966e-01  -7.2825901e-02  -1.3364462e-01  -3.4545824e-01  -9.3177629e-04  -4.4789630e-02  -1.0441753e-01   7.8509723e-01   1.1153203e-01   4.0698330e-02   2.9695046e-02   1.9037757e-01   5.3657451e-01   1.1108214e-01   7.3199400e-01   1.2398674e-01   3.1305185e-01   7.0969800e-01  -1.0759475e-01  -1.8293872e-01  -2.2918569e-02   3.0072945e-01   2.4906594e-01   3.7586870e-01   5.3421845e-02  -2.0106269e-01   3.4203797e-01   1.6398588e-01   3.0426389e-01   4.1328797e-01  -1.5035848e-01   2.2453614e-01  -1.9229982e-01   1.2169108e-01  -1.9506452e-01   1.7717507e-01   5.2244438e-01   4.5608850e-01  -6.1232340e-02  -1.6261624e-01   2.3762787e-01  -4.8067402e-03   8.6978637e-02   4.8904259e-01   2.8041995e-01   3.6067128e-01   2.9670994e-01   6.0032857e-01  -3.5135543e-02   2.5744196e-01   1.4622398e-01   1.8054180e-01   4.8756480e-01   4.0163753e-03  -1.8899260e-01   3.0424844e-01   9.0546498e-02   2.2061184e-01   3.3568288e-02  -3.6543093e-02  -1.5041496e-01   5.3124065e-02   5.2164747e-01   3.2129524e-01   4.3508043e-02  -8.6221600e-02   3.0764209e-01  -8.6107744e-02  -6.7094106e-02   4.5635566e-01  -2.7930613e-01   9.9924825e-02   4.0327747e-02   6.7113595e-01  -1.4822232e-01   5.5888885e-01  -2.2942229e-01   3.8234183e-01   5.6525541e-01   6.1423626e-01  -1.3582741e-01   7.1690765e-01  -3.7598299e-01   1.2264695e-01  -2.8571682e-01   2.0356842e-01  -4.8060901e-03   3.0690148e-01   9.6781899e-02  -9.1305778e-02   1.6389045e-01   6.2397820e-01   1.6141041e-01   4.6271175e-02   6.3406453e-01   4.8634320e-02   2.4708390e-01   1.6165040e-01   8.4184261e-02   2.3709566e-01
   1.4059411e-01   3.3944922e-01   1.1131038e-01   0.0000000e+00   3.4379953e-02   9.7978420e-02  -7.2833631e-02  -1.7273741e-01   5.1545606e-01   2.3530221e-02   2.6173870e-01   1.8673022e-01   1.1231550e-01   2.2415555e-01   2.2512586e-02   3.2157649e-01   2.1751235e-01   6.6706464e-01  -1.7372752e-01   1.5818372e-01   2.1469391e-01   4.1117837e-01   3.7451909e-01   8.0455216e-02   2.2555418e-01  -6.4230695e-02   3.8414879e-02  -3.9906275e-02   3.0692693e-01   2.6052591e-01  -7.5196797e-03   6.6642266e-01   3.3004026e-01   7.3926712e-02   2.0670737e-01   2.4007086e-01   1.1794623e-01  -2.8154899e-02   2.0272650e-01  -7.4996135e-02   3.1930922e-01   4.1167072e-01   2.1749049e-01   1.3637670e-02   5.4549357e-01   1.3468587e-01   3.1731078e-01  -9.1139613e-02  -1.3019304e-01   1.6007933e-01   7.7672520e-01  -1.0307287e-01  -4.0109626e-02   3.2816249e-01   3.2531205e-01  -8.3421266e-02   8.3792035e-02   4.4654692e-01   7.7670894e-01   3.3682869e-01   1.4336844e-01   1.6063191e-01   5.1142284e-01  -8.5078505e-02   5.5535018e-01   2.6524658e-01   9.1103949e-02   1.2365240e-01   2.8334854e-01   2.7262751e-02  -4.3045823e-02   7.7135595e-01   3.3132951e-01   3.3013639e-02   3.2856160e-01   1.4012435e-01   1.3042509e-01  -9.9506766e-03  -6.6040357e-02   4.7000964e-01  -2.4921219e-01   3.4783435e-01   3.3418126e-02  -2.1128214e-01   2.4000347e-01   1.5451184e-01   3.6255017e-01  -5.8169273e-03   3.6964694e-01   1.0602911e-01   1.1287972e-01   2.8292732e-01  -2.4260477e-02   4.0500421e-01   5.2233660e-02  -2.0111887e-01   5.3461620e-01  -4.9042710e-02   4.1091597e-01   4.6383349e-01  -3.5320314e-03  -9.3339846e-02  -1.4196947e-01   5.1603469e-01   5.1113382e-01   5.9287239e-01   4.2239851e-01   3.5573466e-02   1.3902655e-01   5.3275384e-02   5.1549041e-02   1.5402595e-01   6.9963716e-01   1.0772094e-01   2.6583131e-02   1.1674186e-02  -2.2142849e-01   4.5192466e-01  -1.1203993e-01   8.3558372e-01   8.3220190e-02   1.1967070e-02   2.4940225e-01   4.0427945e-01   2.1022629e-01   1.9071572e-02   5.1570470e-01   2.8942957e-01   6.9982542e-01  -5.3538470e-02   4.0553628e-01   9.8571987e-02   2.2540412e-01   8.5959922e-02   4.1904122e-01   1.4491077e-01   2.5647290e-01  -1.9289343e-01   6.3691495e-02   6.4461225e-02   1.9100082e-01  -4.1320399e-01   2.2225098e-02  -1.7269695e-01   2.1708902e-01   8.4696390e-02  -3.6890851e-02   1.8303738e-01   2.5552753e-01   2.6880186e-01   1.1618685e-01  -1.8197719e-01   1.8523595e-01   1.5267683e-02   3.4836600e-02   1.4109056e-01   1.5182633e-01   6.2785016e-01   2.7190696e-01  -1.5763972e-01   2.1094678e-01  -4.6362949e-03   2.4455306e-01   7.1541397e-01   6.1930851e-01   8.9373470e-03   8.9123918e-02  -3.6108552e-01   2.5086259e-01  -1.3208130e-02   1.2361567e-01   9.8281509e-02   4.3062048e-01  -1.3411219e-01   3.1747089e-01   1.8144537e-01   3.8310205e-01
  -3.2954569e-01  -2.2827446e-01   9.1637993e-02   3.4379953e-02   0.0000000e+00   4.4724190e-01   1.9046111e-01   1.0902942e-01   1.3777246e-01   4.9419937e-01   2.9852365e-01  -3.0645008e-01   3.4377465e-01  -3.9116515e-01   1.9102825e-01   1.5210697e-01   4.3705417e-02   2.2384252e-01   3.4198924e-01   8.1499575e-01   1.8758272e-01   1.6916402e-01   5.4324733e-02  -4.1384634e-01  -2.5081186e-01  -1.9642820e-02   1.0235412e-01  -8.1701765e-03  -1.6615038e-01   9.3703588e-02   2.9762721e-01  -2.3686522e-01  -3.5876326e-01   3.1275173e-01  -5.1313853e-02   5.8914499e-01   2.3486018e-01  -1.2071583e-01   1.7391418e-01   3.9366378e-01   5.5901276e-01  -4.1115248e-01  -3.8285095e-01   1.2614881e-01   1.8214171e-02  -2.3464898e-01   4.4655106e-01   3.0109546e-01   4.2027337e-01  -2.4400074e-02  -5.3163933e-02   7.2699763e-02   4.3825863e-01  -2.7513769e-01  -7.2586985e-02   4.7120856e-02  -3.6338350e-02  -1.2528444e-01   1.5357834e-01  -1.4564318e-01  -5.2894792e-02   2.4056442e-01  -2.6870482e-01   2.9335544e-01   3.3815322e-01   3.0145031e-01   3.0978859e-01  -2.9312662e-01   3.2876320e-01  -5.7464938e-02   2.6057799e-01  -2.5815748e-01   1.4683679e-01  -2.0901362e-01  -4.9890759e-01  -2.6010380e-02  -8.6067520e-02   3.0571497e-01   5.3378543e-01  -1.1632988e-02  -2.3665930e-02  -1.2667734e-01   2.5242264e-01  -1.9784725e-02  -8.0147742e-02  -3.1341387e-02  -9.9885239e-02  -4.1429535e-01  -3.6380985e-01  -2.1469015e-01   7.7155097e-01  -1.2906641e-01   2.8649608e-01  -2.3077900e-01  -4.1130940e-02   4.6618482e-01  -1.6750122e-01   6.4958244e-02   5.0824844e-01   3.7799419e-01   1.7415975e-01   1.3590276e-01   1.0627899e-01  -2.8447344e-02  -2.3032002e-01   8.0631007e-02  -1.2274575e-01   3.3728912e-01   4.9921230e-01   3.4006757e-01   2.0891558e-01  -1.0998855e-01  -3.5144106e-01  -2.9055994e-01  -1.9671036e-01   3.4129450e-01   3.4001524e-01   3.5782840e-01  -3.6496052e-02  -1.9339722e-01  -3.9775261e-01   7.0283901e-01  -3.2442965e-01   2.0974639e-03  -2.2928087e-01  -3.9600266e-01  -1.0070542e-01   3.7044385e-02   2.9217867e-02   9.4458927e-02   2.1041241e-01   4.3573749e-01  -2.6859082e-01   7.6361080e-02  -2.6615846e-01   1.9101355e-01  -1.2632217e-01   1.3008459e-01   3.9563401e-02  -2.4607438e-01  -3.1465660e-01   4.2239262e-01   3.0485098e-01   4.1388092e-02   1.4368713e-01   1.5895761e-01  -1.1575892e-02   4.0267803e-01   1.9473322e-01   5.2093211e-01  -2.5439093e-01   8.6946581e-02  -1.9745249e-01   4.2276162e-01   2.1558154e-01  -2.5413315e-01  -1.6999688e-01   2.3857751e-01  -1.7490423e-01   4.3640394e-02  -2.6823921e-02   3.5947666e-01   4.7603093e-01  -1.3693494e-01   5.8894823e-02   2.1096326e-01   4.2719812e-01  -1.3689410e-01  -1.4415682e-01   4.4094794e-01   4.0236046e-01  -8.6498602e-02   4.0726107e-01   1.8037251e-01  -1.0380683e-01  -2.6606185e-01   2.6006427e-01
  -3.0544393e-01  -7.8275363e-02   2.3667520e-01   9.7978420e-02   4.4724190e-01   0.0000000e+00   3.5957313e-01   2.4499141e-01   6.4319282e-02   1.2814720e-01   3.4748796e-01  -3.3433538e-01   1.1356914e-01  -4.0598056e-01   8.4597097e-02   1.2396147e-01   2.1569706e-01   9.0363836e-02   3.5199840e-01   4.6711480e-01   2.1220761e-01   2.1569309e-01   1.6924972e-01  -2.9437782e-01  -2.8305127e-01   1.5868179e-01   3.5794794e-01   1.1164985e-01  -1.0960311e-02   2.0418490e-01   1.8375442e-01   3.8518210e-02   1.9831880e-02   3.2898631e-01  -2.0435404e-01   5.0777549e-01   1.9257481e-02  -1.0894655e-01   9.0628129e-02   5.6021247e-01   2.4509650e-01  -1.4551550e-01  -4.2328022e-01   1.8103261e-01  -5.0276246e-02  -1.4084716e-01   4.7396143e-01   5.1055058e-01   1.2039355e-01   4.8031387e-02  -6.2335885e-02   1.7671115e-01   5.2257613e-01  -1.4630116e-01  -1.8688085e-01   1.3112624e-01   2.7766085e-01  -5.5957680e-02   9.1220832e-02  -1.9597469e-01  -1.4443673e-02   1.8189932e-01  -2.2337372e-01   2.8139519e-01   1.1044322e-01   1.5945296e-01   7.5068801e-01  -2.9175773e-01   5.5244876e-01   1.3056003e-01   4.1865256e-01  -1.5122474e-01  -1.2843645e-02  -2.4707196e-01  -3.4765092e-01   2.8277485e-01  -7.3986384e-02   1.5302794e-01   1.1108429e-01  -1.0928889e-01   2.6563057e-01  -4.5800629e-05   3.8473602e-01   2.3902479e-01   9.7766136e-02   2.0549280e-01  -1.9955204e-01  -4.4881883e-01  -2.5940003e-01  -1.5912815e-01   2.8519890e-01   3.1409476e-02   3.4848141e-01  -2.0340965e-01  -5.3598574e-02   5.6603431e-02  -1.8927169e-01   3.0763673e-01   1.5808374e-01   6.8290755e-02   4.7796135e-01   1.2358576e-01   1.9255389e-01  -4.6905057e-02  -3.6486176e-02   3.6575816e-01   1.5567830e-02   5.6677908e-01   1.1322533e-01   4.2955022e-01   4.5640221e-01  -1.8117351e-02  -1.8924422e-01  -2.1310502e-01   2.3848245e-01   1.8613509e-01   2.0619889e-01   2.2671569e-01   2.1352393e-01  -5.8447441e-02  -2.6878662e-01   1.5815058e-01  -2.4438451e-01  -2.5544828e-02  -1.4296225e-01  -3.6149350e-01  -1.0736123e-01  -2.5280325e-02   1.8551523e-01   4.0519775e-01   9.4619058e-02   3.3005871e-01  -2.8491558e-01   2.0596650e-01  -2.2460102e-01   3.7268246e-01  -5.1061413e-02   3.3859826e-01   2.5532646e-01  -2.5891528e-01  -2.3205210e-01   1.0242117e-01   3.2476869e-01   4.4530047e-01   8.2497846e-02   2.2674504e-01   4.9019087e-02   3.6127335e-01   3.5043383e-01   1.6757607e-01  -8.3461019e-02   2.6558012e-01   5.8424291e-02   3.7945273e-01   5.3130438e-01  -1.4487942e-01  -1.3432439e-01   1.0972861e-01  -7.3147286e-03   1.3982899e-01   3.3396800e-02   2.7574219e-01   1.6725190e-01  -1.7132365e-01   2.5229738e-01   1.2532934e-01   2.5810575e-01   1.8192995e-01  -1.7178311e-02   4.5177708e-01   1.4552310e-01  -9.8371335e-02   2.0363282e-01   6.2567916e-01  -1.8323526e-01  -1.2997284e-01   3.7863342e-01
  -5.0807339e-01  -6.8337488e-02  -5.8368301e-02  -7.2833631e-02   1.9046111e-01   3.5957313e-01   0.0000000e+00  -1.1787426e-01  -5.9733473e-02  -3.7102866e-02  -3.7278582e-02  -1.6416610e-01   3.6315581e-02  -3.3897970e-01   1.2675606e-01   2.5845344e-01  -4.0267993e-02   5.0567683e-02   4.9091744e-02   2.2340492e-01  -4.3257493e-02  -3.3187874e-02  -5.5984119e-03  -3.9347284e-01  -2.4198183e-01  -1.4911239e-01   3.2526867e-01   1.6954059e-01  -3.4715961e-01   1.8673002e-01   7.5906437e-03  -1.6255996e-01   1.0115162e-01   3.4398875e-01   2.6000354e-01   3.5380901e-01  -2.2581093e-01  -1.9684938e-01   3.3873622e-01   5.4733012e-01   1.1451478e-01  -6.1674390e-02  -1.1435882e-01  -1.5898427e-01   1.1147395e-01  -4.2619146e-01   1.6660882e-01   5.0512097e-01  -1.0338496e-01  -1.8939150e-01  -1.3045021e-01   2.8247715e-02   3.7369729e-01  -1.6938902e-02  -2.9644778e-01  -4.8935402e-02   2.4045746e-02  -1.5591909e-01   6.1745904e-02   4.6026161e-02  -2.4471095e-01   3.0348406e-01  -2.2534621e-01   3.1405798e-02   3.0142944e-02   1.4967362e-01   1.1128807e-01  -9.1401974e-03   1.1596083e-02  -2.4419417e-01   4.6605948e-01  -1.3764781e-01   2.9503100e-01  -2.7382979e-01  -2.0895584e-01  -8.9449472e-02  -3.3924827e-01   9.6325747e-02   2.0615463e-01   4.0644368e-02   4.0434183e-01   2.8614326e-01   1.1235384e-01  -1.3368911e-01  -2.1882914e-01  -1.7919443e-02   8.6192695e-02  -2.9003952e-01  -1.6885428e-01  -4.0415889e-01   2.0133463e-01  -2.4941259e-01   2.9911545e-01  -1.1033676e-01  -1.7070846e-01  -3.3802760e-02  -7.3072072e-02  -2.0500152e-01   8.9414888e-02   7.0838252e-03   2.0506113e-01  -1.0233985e-01   3.7800241e-02  -1.3043349e-01  -1.7528747e-01  -9.3738392e-02  -9.9692747e-02  -1.2992764e-01   6.4036966e-03   3.3227259e-01   2.1100916e-01   1.5835061e-01  -2.9861044e-01  -4.2737446e-01   1.2048833e-01   8.4390036e-02   7.6358688e-02   2.2561052e-01  -1.2009623e-01  -1.2070851e-01  -4.5757715e-01   1.4648461e-01  -2.5909908e-01  -1.1585564e-01  -4.1447865e-01  -2.6216312e-01  -3.7689898e-02   5.4177655e-02  -1.3147153e-01   1.9599824e-01   3.0158901e-01   3.5287586e-01  -4.4814891e-01   3.4773441e-02  -3.1370935e-01  -9.3399564e-02   1.6848948e-01   2.7073724e-01  -6.8587025e-03  -2.4643062e-01  -4.6086542e-01  -4.0317549e-02  -5.3625025e-02   3.2109289e-01   2.1069422e-01  -3.7257693e-02   4.0555038e-01   2.9138151e-01   4.4846205e-02   9.6844109e-02  -3.3632095e-01  -7.7091667e-03  -3.0511005e-01   2.8550734e-01   5.5890154e-01  -3.9298914e-01  -3.7805653e-01   1.5284396e-01  -3.5557323e-01   2.3213341e-01   1.0494246e-01   1.3143773e-02  -1.1844887e-01  -1.7027040e-01  -1.6795294e-01   1.0123863e-01   1.1405489e-01  -8.3356224e-02  -3.3628387e-01   2.9339049e-01   2.6809270e-01  -3.0825986e-01   1.5362189e-01   6.8582847e-02  -2.4300891e-01  -3.9115296e-02  -2.0183374e-01
  -1.6458566e-01  -2.8877002e-01  -9.0124594e-02  -1.7273741e-01   1.0902942e-01   2.4499141e-01  -1.1787426e-01   0.0000000e+00  -7.8484366e-02   3.3360541e-01   5.0801679e-01  -9.6464679e-02  -2.7670580e-01  -2.7194129e-01   5.1017282e-01  -2.6672646e-01  -1.7624753e-01  -1.9222875e-01   2.7245691e-01   2.1756933e-01   4.6438736e-01   1.8573188e-01   4.0432979e-01  -7.0286867e-02  -1.0536948e-01   7.0444378e-01   7.3425165e-02   5.1104890e-01   6.1555388e-03   4.5240145e-02   5.8049048e-01  -1.3563872e-01  -1.4651072e-01   2.7272744e-01  -1.1829108e-01   2.0717147e-01   1.4340450e-01  -1.2815592e-01  -3.9014947e-01   1.7287055e-01  -3.3616906e-01  -1.9292091e-01   6.1915909e-02   6.5083611e-01  -6.6869426e-03  -7.2030051e-02   2.2532351e-01   1.7379280e-01   2.2770997e-01  -1.3328571e-01  -1.6250579e-01   5.8220715e-01   2.4231035e-01  -1.6692342e-01  -1.9342655e-01   6.4748475e-01   3.2708019e-01   1.6251429e-01  -2.1874258e-01   1.6254565e-01  -3.8517169e-02   2.4403171e-01  -1.6618695e-02   5.0472988e-01  -2.6240584e-01   3.2183285e-01   4.9634870e-01  -3.4459992e-01   5.7459790e-01   7.5519117e-02  -2.6996949e-02  -1.8359740e-02  -1.9858359e-01  -9.3155731e-02  -1.6122065e-01   2.3101119e-01  -4.6257879e-02   5.4369754e-01   2.7311292e-01  -4.0906185e-01   5.1303785e-01   5.7131673e-02   4.9922849e-01   8.5683929e-01  -2.6869633e-01   2.7167015e-01  -3.6139053e-01  -5.5404770e-02  -1.1037031e-01  -1.7118813e-01   3.4697015e-02  -3.8215359e-03   1.3170525e-01   1.6092229e-01  -1.5644003e-01   2.1978859e-01  -8.1402910e-02   4.9055846e-01  -1.5025772e-01   3.3300517e-02   1.7507423e-01   6.7856327e-01   5.6551415e-01  -1.4579710e-01   1.7854058e-01   1.5964724e-01  -2.1212692e-01   7.0817118e-01  -5.1701678e-02   2.8593930e-01   4.2857405e-01   2.4500910e-01  -8.1236315e-03  -2.0161403e-01   1.5363899e-02   2.1909410e-01   5.8716294e-01  -2.1939211e-01   4.9405078e-01  -1.0322503e-01  -2.3048308e-01   2.5550140e-02   3.5241847e-02   1.5361774e-01  -2.2714893e-01   2.2761962e-01   1.2357667e-01  -3.5899007e-01  -5.9204858e-02   2.2386653e-02  -8.0828954e-02   9.9835397e-02   5.6772302e-02   4.5792887e-01   1.3746615e-01   4.0016599e-01  -3.0684912e-01   3.9016878e-01   5.4275009e-01  -2.3370514e-01  -1.1977871e-01  -6.9313651e-02   4.6716534e-01   5.6894742e-02   3.8077780e-01   5.5104550e-01  -1.2129263e-01   2.4514572e-01   3.1380554e-01   5.6145090e-02  -2.9081385e-02   6.9763720e-01  -1.7956373e-01   4.1923617e-01   5.8755196e-02  -1.1817645e-01  -1.8784217e-01  -1.4234927e-01  -5.5944313e-02   4.8802328e-01  -3.2293501e-01   6.7203477e-01   1.3179924e-01  -1.2376745e-01   1.9456765e-01   3.5088416e-01   3.4137783e-01   2.1472251e-01  -1.9554481e-01   2.3982061e-01   1.1065639e-01  -6.2884762e-02  -2.9114022e-01   4.2745552e-01   1.2897008e-01  -3.5217477e-01   4.3526945e-01
   4.0714433e-01   5.6305461e-01   4.4494657e-01   5.1545606e-01   1.3777246e-01   6.4319282e-02  -5.9733473e-02  -7.8484366e-02   0.0000000e+00   2.4954290e-01  -4.6048423e-02   4.7113491e-01   6.6856988e-02  -5.8979551e-02   2.2415952e-01  -3.2033942e-02   5.5754173e-01   3.3475927e-01  -3.0451298e-01   2.7922272e-01   2.9720997e-01   1.6848359e-01   3.6755405e-01   2.5844965e-01   1.1207858e-01   7.0433677e-02  -6.7096721e-03  -1.2965657e-01   2.9419883e-01  -1.2672172e-01  -2.5471821e-03   5.0025847e-01   2.3327672e-01   1.6766928e-01   3.5610197e-01   1.4549489e-01   1.3401189e-01   1.9330019e-01  -1.5520886e-01  -4.1804656e-02   1.8574017e-01   3.2688294e-01   5.2595359e-01  -7.9327634e-02   4.8712595e-01   3.4271963e-01  -1.3697915e-01  -9.3318723e-02  -7.9662669e-02   4.0195753e-01   5.0130754e-01   2.6924447e-03   1.8778277e-01   2.5853212e-01   4.7083319e-01   6.5056132e-03   3.0216924e-01   3.6156626e-01   3.3434863e-01   5.4222075e-01   3.9267738e-01   5.2699788e-02   6.8297494e-01   2.0834615e-01   5.6512027e-01   8.3807166e-02  -8.3801234e-03  -5.6588243e-02   6.1232089e-02   2.5589091e-01   4.1315870e-01   4.5045924e-01   1.7226323e-01   3.5348285e-01   2.9844018e-01   1.1274268e-01   3.1298154e-01   1.5560888e-01   1.5743663e-01   1.9673566e-01  -2.9374751e-01   2.5998953e-01   3.8551965e-02  -2.8436341e-02   4.2896258e-01   9.4162411e-02   2.8710036e-01   2.5683544e-02   3.8709781e-01   2.5766151e-01   3.6066581e-01   3.8122680e-01   2.0298564e-01   6.0745935e-01   2.8985332e-01   2.0395299e-02   1.4682725e-01  -3.0194868e-02   3.7668886e-01   5.7569849e-01   1.9469761e-01   1.2526636e-01  -1.9900818e-01   7.3563341e-01   3.9339915e-01   5.0551230e-01   4.9501128e-01  -7.2917468e-02   2.1727931e-01  -9.8159541e-02   5.0612393e-02  -1.5073713e-02   4.4953387e-01   2.7258508e-01  -4.8600510e-02   9.9714088e-02   6.5110337e-02   3.1575551e-01  -3.8179902e-02   4.2413099e-01   7.1310353e-02   3.4250326e-01   3.4632495e-01   5.5591533e-01   3.2491208e-01   2.0844258e-01   5.7600793e-01   2.4496570e-01   4.6383930e-01  -9.9333132e-03   1.5240950e-01   8.2528309e-03   4.2828412e-01   3.5424502e-01   5.2024164e-01   1.3199687e-01   1.2259890e-01  -1.5768055e-01   1.5265517e-01   3.8174655e-01   2.8948924e-01  -3.2994877e-01   9.6077922e-03  -2.7072607e-01   1.8690661e-01   7.1324410e-02   3.7151669e-01  -2.2079973e-02   9.5152117e-02   4.1713451e-01   2.4924778e-01  -1.4391596e-01   1.8638471e-01  -1.7788625e-02   3.3910534e-01   3.8087708e-01   2.1888796e-01   2.9831333e-01   4.3739687e-01  -3.0252557e-01  -3.0614746e-02  -1.8711917e-02   3.0780960e-01   3.2904714e-01   5.7999850e-01   2.4570522e-01   9.8856359e-02  -2.9449627e-01   3.4477126e-01   3.2715261e-01   2.4807770e-01   2.9563918e-01   1.8137373e-01  -1.2380897e-01   3.9644629e-01   1.3055234e-01   4.0834559e-01
   3.8307934e-02  -1.0452032e-01   1.4094808e-01   2.3530221e-02   4.9419937e-01   1.2814720e-01  -3.7102866e-02   3.3360541e-01   2.4954290e-01   0.0000000e+00   3.3390160e-01  -9.8268138e-02   5.6939078e-02  -2.6071768e-01   3.5994284e-01  -1.3598126e-01   5.4116664e-02   2.9377815e-01   1.4835552e-01   5.2857293e-01   4.9696899e-01   2.4012972e-01   4.8937213e-01  -9.9440443e-02  -2.0649338e-01   1.6038371e-01  -8.7081410e-02   2.1432436e-01  -2.6299474e-02  -5.1411112e-03   4.4667385e-01  -3.6577566e-02  -7.6012166e-02   4.8357103e-01   2.3156447e-01   3.3737208e-01   4.8467895e-01   9.3438267e-02  -1.5665786e-01   2.4544343e-02   9.3251702e-02  -1.1852012e-01   8.8106868e-02   2.5616797e-01   2.4509718e-01   1.4415013e-01   1.8868216e-01   1.1295035e-01   2.9254257e-01  -7.5178246e-02   1.4808713e-01   1.7594701e-01   3.0925761e-01  -1.1296366e-01  -3.5983330e-02   2.6448837e-01   2.4442989e-01   1.3398392e-01   4.2833412e-03   2.4756110e-01   2.0166916e-01   1.3653114e-01   1.2546761e-01   3.6956893e-01   3.5102905e-01   5.6126285e-01   1.2221936e-01  -3.7540834e-01   2.8810030e-01   1.8738391e-01  -8.6448628e-02   7.9494404e-02   4.4041106e-02  -2.3178450e-02  -1.5061184e-01   1.8575901e-01   1.3401895e-01   4.3866985e-01   2.5258428e-01  -1.3728800e-01   4.1442119e-02   1.0905751e-01   3.7184772e-01   3.2524716e-01   2.4167781e-02   1.7793055e-01  -2.0145332e-01  -3.0044215e-01  -1.5227838e-01   7.9753955e-02   6.1546762e-01   1.5772979e-01   2.1657884e-01   1.5065728e-01   1.5515341e-01   4.2897817e-01  -2.6122154e-01   2.3223032e-01   1.9681416e-01   6.8936507e-01   1.7870163e-02   4.3467526e-01   3.4767136e-01   8.1895362e-02   1.8766040e-01   1.4920686e-01   1.5589862e-02   2.4532316e-01   5.9506710e-01   3.3900023e-01   4.6944017e-01   8.0849562e-02   1.9414181e-02   1.1734771e-01   2.8760226e-02   3.5529923e-01   4.2312816e-01   2.5052486e-01   7.4792094e-02  -3.8626413e-02  -1.0379479e-01   5.3138435e-01   1.5905493e-02   2.8566209e-01   6.1562924e-02   2.6328290e-02   2.7033918e-01  -2.2722627e-02   5.2443168e-02  -2.4207394e-02   1.3537339e-01   2.0783997e-01  -2.6683691e-02   3.7158130e-01   1.3490582e-01   2.2343510e-01  -1.6530586e-01   1.3214888e-01   1.4802612e-01   1.0417099e-01  -1.0331917e-01   7.5893191e-02   3.3897418e-01  -1.8978619e-01   4.0587250e-01   3.6245248e-01  -1.5263075e-01   3.8871008e-01   4.4108312e-01   6.7211598e-01   1.8120506e-01   2.9522749e-01  -9.2849020e-02   3.6846298e-01  -4.2023888e-02   1.3890873e-01  -1.4527940e-02  -7.1763618e-02   1.1770832e-01   1.6354300e-01  -2.3229629e-01   4.3811806e-01   6.7619513e-01   7.6559923e-02   2.2320813e-01   3.0286939e-01   4.8716958e-01  -1.0412023e-01   1.0175970e-01   2.6337652e-01   4.3246127e-01   1.6587223e-01   1.9943541e-01   8.8431500e-02   1.2230125e-01  -2.9692537e-01   2.8713593e-01
  -2.4807629e-01  -1.6224770e-01  -2.6516686e-01   2.6173870e-01   2.9852365e-01   3.4748796e-01  -3.7278582e-02   5.0801679e-01  -4.6048423e-02   3.3390160e-01   0.0000000e+00  -3.3445588e-01  -6.5170502e-02  -5.9430244e-02   3.2281171e-01   3.1036331e-01  -2.9042000e-01   3.4477722e-01   3.4605540e-01   3.7423561e-01   5.3094645e-01   3.6399040e-01   4.1910071e-01  -1.6970914e-01  -7.6589372e-02   3.7269446e-01   1.2413582e-01   4.1749752e-01  -5.1220095e-02   3.4774127e-01   5.4683286e-01   1.6660235e-03   5.1104312e-02   3.3030713e-01  -1.5791588e-01   5.9376413e-01   1.3635429e-01  -2.6282390e-01   2.1285453e-01   2.6448587e-01   8.3952627e-02  -5.8318160e-02  -1.8539359e-01   7.0865563e-01   1.9385164e-01  -3.0518850e-01   7.5263936e-01   3.5263887e-01  -2.5515421e-02  -1.5184200e-01   1.9745012e-01   2.6913555e-01   4.2279775e-01  -1.6092267e-01  -2.0289015e-01   4.1345920e-01   1.9920042e-01   1.2134566e-01   3.0542952e-01  -5.9086205e-02  -2.2097241e-01   2.9332644e-01  -8.5404387e-02   4.5966581e-01   6.1206659e-02   6.2478805e-01   3.8560135e-01  -2.1892387e-01   7.5617332e-01  -2.6301371e-01  -4.1949169e-02   1.3752672e-01   2.8079992e-01  -3.5111565e-01  -2.2426121e-01   2.0810189e-01  -2.1698561e-01   4.9574315e-01   2.8947076e-01  -3.2104527e-02   3.3962148e-01   2.6737568e-01   6.4989641e-01   3.6105286e-01  -2.2908856e-01   1.5454895e-01  -1.1849920e-01  -2.1963951e-01  -5.5890568e-02  -2.7809828e-01   2.6049977e-01  -8.7381589e-02   3.1125068e-01  -5.4389391e-02  -3.2523612e-01  -8.1501984e-02   1.7938943e-01   3.4952577e-01   1.3641202e-01   2.0848829e-01   2.3001636e-02   4.2360560e-01   4.0409623e-01   3.6175246e-02   1.3557338e-01   2.7066784e-01  -1.3011799e-01   6.1594300e-01  -5.6714982e-02   6.8898246e-01   5.4426022e-01   9.8902677e-02   7.6608718e-02  -2.6786664e-01  -5.1796894e-02   4.2125419e-01   3.5379726e-01   1.7189297e-01   2.9083744e-01   8.6926048e-02  -2.6250328e-01   1.0370843e-01  -2.3633547e-01   2.2393428e-01  -3.2187924e-01  -8.0859843e-02   1.7711781e-01  -2.4303664e-01   1.9322048e-01  -8.9965321e-02   3.9194849e-01   6.2285481e-01  -9.1134076e-02   3.2223898e-01  -3.4923425e-02   3.6410474e-01  -2.4791841e-01   3.3105811e-01   2.3671967e-01  -2.7283876e-01  -1.2970597e-01  -2.5012591e-01   5.4747936e-01   4.8462701e-02   3.6407830e-01   5.4636357e-01  -3.3425987e-01   6.8346234e-01   6.0594954e-01   3.3401125e-01  -1.4589159e-01   4.4410487e-01  -1.0511599e-01   7.1269130e-01   1.3283083e-02  -2.0248633e-01  -2.7004015e-01   2.9010858e-01  -1.4150943e-01   2.4080835e-01  -1.8365129e-01   7.0142060e-01   4.6495023e-01   2.0240801e-01   3.0714296e-01   3.3855572e-01   6.6166968e-01   2.2740709e-02  -6.8777306e-02   3.9768101e-01   4.0645237e-01  -1.7744831e-01   1.2665944e-01   3.5408947e-01  -1.1156264e-01  -2.1202915e-01   4.4468665e-01
   6.2606937e-01   7.4295773e-01   4.3563835e-01   1.8673022e-01  -3.0645008e-01  -3.3433538e-01  -1.6416610e-01  -9.6464679e-02   4.7113491e-01  -9.8268138e-02  -3.3445588e-01   0.0000000e+00  -2.8944310e-02   3.0330153e-01   9.6625984e-02  -1.2074586e-01   4.4408349e-01   3.3103923e-03  -3.7116074e-01  -2.1091470e-01   1.5712878e-02   4.0643641e-03   1.4341658e-01   5.3784554e-01   2.9509759e-01   7.7762192e-03  -2.8528746e-01  -2.0861832e-01   2.6621574e-01  -3.5238254e-01  -1.6708893e-01   3.1124821e-01   8.5684386e-02  -1.2348079e-01   3.4363616e-01  -3.0646132e-01  -5.7784680e-02   3.5855810e-01  -2.1713773e-01  -2.8570397e-01  -1.2156369e-01   2.8427039e-01   6.0357463e-01  -1.5950302e-01   2.7945677e-01   4.0862950e-01  -5.0035176e-01  -3.6714495e-01  -4.3707768e-01   5.8650629e-01   3.7275205e-01  -4.6348294e-02  -2.7328619e-01   2.4305190e-01   5.6473237e-01  -1.6271644e-01  -1.2923046e-02   1.8259209e-01   1.0904192e-01   6.0408503e-01   3.7622823e-01  -1.4228608e-02   5.8401636e-01  -1.0707640e-01   1.9633067e-01  -8.2279950e-02  -3.7726534e-01   3.0559546e-02  -3.3376458e-01   2.6194768e-01   1.4188481e-01   3.3106101e-01  -1.2349606e-01   7.1466441e-01   3.7581298e-01  -9.2921435e-02   4.0075903e-01  -2.1499160e-01   4.0341149e-02   9.7208905e-02  -3.0717469e-01  -3.7322058e-04  -2.9477923e-01  -6.8993953e-02   5.4710201e-01  -1.3029337e-01   3.0901555e-01   5.7300681e-01   4.5669510e-01   4.9390330e-01  -7.9827658e-02   3.1059007e-01   5.7367210e-02   6.0510152e-01   3.8656639e-01  -4.2061752e-01   7.1730402e-02  -1.8122831e-01   1.8506540e-01   2.0151411e-01   2.3693209e-02   3.2962448e-02  -3.0509313e-01   5.4911951e-01   1.6746710e-01   3.1800938e-02   2.1647687e-01  -3.5100782e-01  -7.4892785e-02  -3.8328308e-01  -1.5390095e-01  -5.0361149e-02   3.8331887e-01   4.5344119e-01   1.3545482e-01   8.1475630e-03  -3.6126012e-01   1.1843004e-01  -1.6950239e-01   3.1757535e-01   3.5055411e-01   1.7440397e-01   5.2898675e-01   4.0913464e-01   4.1640936e-01   4.5546242e-01   4.1997495e-01   1.9293012e-01   1.4357543e-01   2.0404300e-02  -2.7053394e-02  -2.0191697e-01   6.5779948e-01   8.1883341e-02   4.7494688e-01  -1.9004097e-01   6.1611558e-02  -3.6597535e-01  -9.6345086e-02   5.7136236e-01   4.9553412e-01  -2.1408460e-01  -2.0068648e-01  -1.0580682e-01   1.0790445e-01  -1.8918970e-01   6.5460189e-01  -3.4402418e-01  -7.0362170e-02  -8.1886593e-02   4.7742730e-01  -1.7418599e-01   2.8206338e-01  -4.1402797e-01   1.1941046e-01   5.1073694e-01   3.4814262e-01   7.6197630e-02   3.6668176e-01  -3.8639642e-01   1.1918791e-02  -3.0263594e-01   1.3464934e-03   1.5774134e-01   1.5399510e-01   2.1268439e-01  -1.8865314e-01  -8.2483449e-02   3.2715354e-01  -5.7129968e-02   4.7022786e-02   4.4908322e-01  -9.3283765e-02  -2.0792030e-01   3.4219678e-01   1.8427826e-01   3.5633795e-02
  -1.3988678e-01  -4.5398265e-02   7.7133304e-02   1.1231550e-01   3.4377465e-01   1.1356914e-01   3.6315581e-02  -2.7670580e-01   6.6856988e-02   5.6939078e-02  -6.5170502e-02  -2.8944310e-02   0.0000000e+00  -7.6780273e-02  -1.3834294e-01   2.2977528e-01   9.7360232e-02   3.3697468e-01   5.6800687e-02   3.1519895e-01  -1.8541323e-01   2.3495350e-01  -1.8407249e-01  -3.5174863e-01  -1.1080943e-01  -3.3016957e-01   1.1004101e-01  -4.0518181e-01  -2.7734961e-02   8.5170996e-02  -1.4534834e-02  -9.9227682e-02  -3.7147547e-01   2.5600407e-02   2.0721551e-01   6.2899943e-02   1.4282745e-02  -1.0930659e-01   3.0248080e-01   5.5606611e-02   8.3990138e-01  -2.6311815e-01  -3.9881771e-01  -2.1923513e-01   6.6490866e-02  -1.1217563e-01   9.7397576e-02   1.9029748e-02   1.7487500e-01  -1.9133007e-01   1.8184988e-01  -2.8710271e-01  -1.4507518e-01  -1.7311356e-01   6.3458423e-03  -2.9102039e-01  -3.4735084e-01  -2.0987965e-01   1.7629487e-01  -1.7882851e-02  -2.0099447e-01   2.9623504e-01  -2.9962729e-01  -1.6669977e-01   3.5055024e-01  -1.0008607e-01  -5.5587027e-02  -9.5030959e-02  -5.8128107e-02   2.8120733e-02  -6.5471024e-02  -9.8811203e-02   1.9364906e-01   6.8525773e-02  -1.7569343e-01  -2.0180675e-01  -1.4094720e-01  -3.5928622e-01  -1.0550191e-01   1.9656659e-01  -1.7321488e-01  -1.1285482e-01  -1.7415900e-01  -1.6494766e-01   1.3065320e-01  -1.4539027e-01  -8.2605152e-03  -2.7575212e-01  -3.3511212e-01  -1.8921687e-03   1.7961263e-01  -2.8276592e-01  -2.0103744e-01  -2.5916269e-01  -2.7921648e-02   2.6783168e-02  -1.0407689e-01   1.7725051e-02   5.1682216e-01   6.2694761e-02   6.3283131e-02  -2.4419732e-01  -1.4224735e-01   1.0225747e-01  -1.6537179e-01  -1.6470384e-01  -2.2199528e-01  -8.3837976e-02   4.2325559e-01  -1.0420788e-01  -1.1986648e-01  -4.7318997e-02  -2.1792131e-01  -7.2710243e-02  -1.0184431e-02  -9.6786064e-02  -2.3524982e-01   6.1045444e-01  -4.2354103e-01  -6.3604352e-02  -2.7244714e-01   1.5024041e-01  -2.9329705e-01  -1.7568782e-01  -2.8996428e-02  -2.7089638e-01  -2.1621771e-01   2.1067760e-01   1.2526380e-01   1.9137477e-01   2.3403358e-01  -7.3013291e-02  -1.1934556e-01  -2.7069377e-01  -2.3652696e-01  -4.7619444e-02   1.2147473e-01  -8.1054169e-03  -1.8964873e-01  -1.2078665e-01  -2.8855097e-01   6.3735314e-01  -1.6595254e-01   6.3446952e-02   1.0266431e-01  -1.0770100e-01  -4.2871922e-02   4.5757791e-02  -1.8279268e-01   1.6491858e-01  -1.5800443e-01  -1.8641223e-01  -1.7915819e-01  -1.7051939e-01   2.3805895e-02  -1.4322299e-01  -1.7741250e-01   3.1652042e-01  -2.7827728e-01  -1.2044008e-01   2.0636403e-01  -9.6472210e-02   1.7201573e-02  -9.9320854e-03  -6.2510096e-02  -2.8750209e-01  -1.7386411e-01   1.7792851e-01  -2.0941694e-01  -2.1950746e-01  -9.1106229e-02  -1.1193990e-01   6.7774744e-01  -1.4518642e-01  -7.0855260e-02  -3.5580345e-01  -1.5987854e-01
   5.3479796e-01   2.6851447e-01  -1.5279267e-02   2.2415555e-01  -3.9116515e-01  -4.0598056e-01  -3.3897970e-01  -2.7194129e-01  -5.8979551e-02  -2.6071768e-01  -5.9430244e-02   3.0330153e-01  -7.6780273e-02   0.0000000e+00  -3.0139518e-01   1.2450011e-01   7.3293350e-03   2.0949607e-01  -2.7542510e-01  -3.2682931e-01   7.1366321e-02  -7.1960934e-02  -3.8607615e-02   4.8827860e-01   3.7683781e-01  -1.8468536e-01  -1.2404710e-01   1.5741589e-01   1.9335112e-01  -1.4464998e-02  -8.7225280e-02   8.8166338e-02   2.2683406e-01  -2.1683283e-01  -8.2343724e-02  -2.3405224e-01  -5.7731299e-02   2.9666086e-01   1.1591545e-01  -2.1502096e-01  -7.9671091e-02   3.6999639e-01   9.3278052e-02  -5.2214681e-02   1.4211310e-01   2.8077371e-01  -6.9012378e-02  -1.6335336e-01  -3.1425393e-01   2.8005338e-01   3.2950341e-01  -3.4502828e-01  -3.8535377e-01   1.7209880e-01   5.8486364e-01  -2.7082866e-01  -3.0736198e-01  -1.1283193e-01   2.2458227e-01  -5.3022456e-02   1.0198395e-01  -2.0902295e-01   1.2137293e-01  -2.8023954e-01   8.9470435e-02  -1.3972381e-01  -3.3816614e-01   2.5286704e-01  -2.7870241e-01   5.6470395e-02  -2.8977543e-01   2.5744363e-01  -5.5117827e-02   2.9889701e-01   2.6804896e-01  -3.9750523e-01   2.0379554e-01  -3.2537605e-01  -3.0013965e-01   2.4307308e-01  -7.3981518e-02  -3.9049750e-02  -5.4300357e-02  -2.5349206e-01   2.3644312e-01  -4.3980261e-01   3.8897673e-01   5.1945275e-01   2.7890047e-01   3.8216738e-01  -3.5530894e-01   1.0774007e-01  -1.6977446e-01   1.4678068e-02   1.8159581e-01  -4.2951621e-01   2.3383774e-01  -2.7912788e-01   5.3592265e-03   9.1173404e-03  -1.5411978e-02  -2.5260154e-01  -1.9339129e-01   3.4179280e-01  -9.5118064e-03  -1.0823832e-01   2.5935371e-01  -3.4892269e-01  -1.5771852e-01  -1.3969761e-01  -1.4638218e-01  -2.7912452e-01   3.6697694e-01   4.2751790e-01   3.4752266e-01  -2.5688134e-01  -5.1143287e-01  -3.8594376e-02   1.8263865e-01   1.8455592e-01   4.1225984e-01  -2.1088987e-01   2.2328068e-01   7.1948644e-02   3.3062026e-01   3.5993426e-01   1.6854433e-01   9.8378666e-02  -5.9497979e-02   5.2683346e-02   4.0842584e-02  -6.9743225e-02   5.5162970e-01  -6.7388826e-02   8.4178874e-02  -4.3056670e-01   1.0898714e-01  -1.7567657e-02  -5.1083523e-01   4.5691847e-01   5.1265564e-01  -1.4515649e-01  -3.2170879e-01  -2.5742706e-02  -8.1170036e-03  -1.9485277e-01  -5.3767401e-02  -1.5530723e-01  -2.0441137e-02  -7.7418099e-02   3.9858501e-01  -1.8048831e-01   2.2591897e-01  -2.8745480e-01  -2.7689234e-01   3.2604536e-01   2.9617955e-01   1.3698370e-02   1.9300829e-01  -3.2484857e-01   7.6567590e-02  -3.0728925e-01   6.6787885e-02   3.8599769e-01  -1.1958380e-01  -8.8988343e-02  -1.9195279e-01   1.3199214e-01   3.2835660e-01  -2.9390219e-01  -2.5436649e-01   2.2241264e-01   6.8208801e-02  -2.2775726e-01   1.5741123e-01   3.5697104e-01  -1.2930364e-01
