   0.0000000e+00  -3.5288329e-02   1.6341561e-02  -1.1784721e-01  -2.7257463e-01  -1.6027226e-01  -2.7384747e-01   2.4794033e-01  -8.9637013e-02  -1.1217245e-01   2.7788913e-01  -1.8273169e-02   1.3802715e-01   1.2266846e-02   3.0248512e-01  -1.6820237e-01  -9.2585503e-02   1.0227724e-01   1.1518613e-02  -2.6430726e-01  -1.2460595e-01   1.3016448e-01  -1.0786170e-01   5.4942216e-01   6.9870475e-02   1.9648982e-01  -1.7794622e-01   1.8269758e-01  -1.6128626e-01   2.1694136e-01  -6.4299916e-02   1.1357620e-01  -2.5881918e-01  -1.1709880e-01  -3.2378107e-01  -1.2728773e-01   3.7615560e-02   2.5026177e-01  -1.0532764e-01  -2.2168573e-01   4.1518188e-02  -1.6237798e-01  -5.6021586e-02   1.6490303e-01   6.8768796e-02   4.6844490e-01  -6.8243228e-02  -1.0567781e-01   1.4688463e-02  -3.6500958e-02   1.4012541e-01   2.1515225e-01  -3.1187141e-02  -3.0891404e-01  -5.6576953e-02   1.9358188e-01  -2.9153625e-02  -7.3939332e-02   3.9653886e-02   1.4258640e-01   2.0297540e-01  -3.4098141e-01  -1.0826391e-01   7.8590634e-02  -2.6216688e-01  -6.0812672e-02  -1.9457423e-01  -3.7250327e-02   7.5197602e-02   1.1005907e-01  -2.1546798e-01   6.8646122e-02  -5.4363511e-02   4.1512801e-01  -7.7524441e-02   1.4779450e-01   3.4284949e-01   6.8069441e-02  -3.4999061e-02   1.3772878e-01   2.5616951e-02  -1.7437741e-01  -1.7726778e-01   4.1933610e-03  -6.6465055e-02   1.7730924e-01  -2.4759412e-01  -8.0963051e-02   1.8691493e-01   5.1346770e-01   1.0217007e-02   3.1734483e-02  -2.9630318e-01  -5.3556585e-02   4.2166908e-01   1.3261041e-01  -6.5449245e-02   2.8285149e-02  -2.2247320e-01   6.4727674e-02  -4.3450581e-02   2.6107367e-01   1.9062270e-02   3.3495036e-02   1.1859789e-01   2.1835898e-01   7.5930210e-02   1.1471018e-02  -2.9095740e-01  -2.1126993e-01  -1.0966630e-01   1.5974255e-01  -2.0478334e-01   5.9788812e-01   1.5100352e-01  -1.6628376e-01   6.7541264e-02   1.6308925e-02   2.0946064e-01  -5.4434000e-02   3.6760280e-01  -4.2528039e-02  -1.0042322e-01   2.7802408e-02   5.4460843e-01   5.4038639e-01   2.0044102e-01   7.0225852e-03   1.6780268e-01   1.2702500e-01   3.7837374e-02  -7.2880494e-02   4.0514061e-01  -4.9583157e-02  -9.1669254e-02   1.4545023e-01  -9.6098572e-02  -5.2445924e-02   1.4327449e-01   4.7048069e-01   3.0505373e-01   2.2594602e-01   2.2075136e-01  -5.6895514e-02   1.1381794e-01   1.6152471e-01  -2.3955830e-01  -5.7718458e-02  -1.9916292e-01  -7.8003759e-02   4.3252846e-01   3.2447337e-02   2.5507952e-01   1.3261858e-01  -1.2918334e-01   4.7789643e-01   3.5795677e-01   8.2325572e-02   5.0981317e-02   9.4559497e-02  -1.2802856e-01   2.2163805e-01   1.3094375e-01   2.5451114e-01   1.2546020e-01  -1.7978129e-01   6.2968834e-02  -5.8123754e-02   7.7011531e-02  -3.1014646e-01  -8.2226268e-02   4.0825064e-01  -9.3451349e-02  -1.6510711e-01   1.4383341e-01  -4.4298934e-02   1.5793327e-01
  -3.5288329e-02   0.0000000e+00   3.0418332e-01   6.3837499e-03   6.5273425e-01  -2.5171825e-01   1.5055764e-01   2.3015226e-01   3.5009190e-01   1.6591439e-01  -1.1407885e-01   5.6226575e-01  -8.7781361e-02  -3.2011523e-01  -2.7641399e-01  -1.5389411e-01   4.4993952e-01  -3.7426466e-01  -1.3860118e-01   3.8342038e-01  -3.4346951e-01  -2.9866216e-01  -1.9353584e-01  -3.4769822e-01  -3.4528338e-02  -2.1215543e-01  -8.4915516e-02  -3.0269097e-01  -3.1548879e-01  -2.6743842e-01  -9.7272280e-02  -1.5127112e-01   9.3952811e-02   3.5113936e-01   2.7631925e-02   3.5830492e-01  -1.7109350e-01  -1.8484950e-01   6.0412351e-02   4.9592310e-01   1.6571838e-01  -1.5738229e-01   3.1780217e-01  -1.3303055e-02  -4.0683941e-02   1.2115017e-02  -3.2235175e-01   3.5718778e-01  -5.3198788e-02   4.8026047e-01  -3.8693334e-01  -2.7205357e-02   4.3111951e-01  -1.1142688e-01   9.7195660e-02  -1.9321357e-01  -1.5408997e-01  -4.9328916e-02  -9.9557091e-02  -1.2462570e-01   1.9370123e-01   4.1736487e-01   3.1331510e-01   2.7722761e-01   2.6776259e-01  -2.8156764e-01  -1.8769442e-01   4.1124807e-01  -1.0942368e-01  -2.8755461e-01   7.9231428e-01  -2.4022840e-02   3.4598338e-01  -3.9108287e-01   2.7899494e-01  -2.5953486e-01   2.1919685e-01   2.4627513e-02   6.2548408e-01   2.5660180e-01  -4.8885535e-01   8.6788767e-02   3.4140744e-01  -2.6715693e-01   4.0914177e-01  -4.0067950e-01   5.3887383e-01  -4.7988972e-01   2.6001914e-01  -3.5229099e-01   6.0164537e-01   1.7611735e-01   1.6231993e-01   4.1421191e-02  -1.2702292e-01   4.9129957e-01   3.5302842e-03  -1.6993043e-01   6.3210677e-01  -4.5390987e-01   5.7826676e-02  -1.8493868e-01  -4.9161499e-01   5.1875914e-01  -4.8921021e-01  -8.8258085e-02   5.5102410e-02  -1.8598476e-01   1.5304831e-01   2.4056461e-01  -2.4676894e-01  -4.5369144e-01  -2.6264717e-02  -2.8610470e-01  -1.4415772e-01   6.9643326e-01  -2.8100043e-02   1.5490683e-01  -2.8454610e-01  -1.6794542e-01  -2.5162219e-01   6.0243551e-01   1.3711186e-01   5.3563703e-01  -8.2592211e-02  -4.1274970e-01  -3.1752272e-01  -1.3067389e-01  -2.6424468e-01  -1.2038783e-01   1.0693268e-01   2.7511486e-01   2.4347984e-01   5.9365322e-01   6.4671472e-02  -2.7628441e-01  -1.9718913e-01  -2.6599273e-01  -3.0508057e-01  -1.1267147e-01  -1.7384520e-01   5.1835408e-02  -3.6041928e-01  -2.8639685e-01  -4.0134807e-01   2.4309867e-02   5.3797125e-01   3.6965600e-02  -2.2029201e-01  -2.0865729e-02  -4.2726551e-01  -2.4426010e-01  -2.6590918e-01   4.5193567e-01   6.1417469e-01  -3.6585452e-01  -1.8610547e-01  -1.6373831e-01   3.6650147e-01  -5.4291853e-01  -4.2894356e-02  -2.2715314e-01   6.0171950e-02  -2.3743888e-01   2.2585317e-01   4.7466273e-01  -1.1964326e-01  -4.1482590e-01  -2.9083676e-01   6.2866138e-01   4.0993626e-01  -1.4799594e-01   5.3609830e-01   3.3981790e-02   1.2570934e-01   1.5145249e-01   2.9313740e-01
   1.6341561e-02   3.0418332e-01   0.0000000e+00   1.7381303e-02   3.1218806e-01   3.9455095e-01   2.1654159e-01   2.2917673e-01   2.2255914e-01   1.7592278e-01  -4.6219180e-02   4.9709305e-01  -1.8271914e-01   5.0492274e-02   5.7332037e-02   1.4703593e-01   8.1615734e-01  -1.5759033e-01   2.5890063e-01   3.2357734e-01  -1.9097273e-01  -1.3099923e-01   6.3599809e-02   3.6190178e-02   1.4101382e-01   1.0144810e-01   1.3195362e-01   3.7083736e-01  -1.0968913e-01  -6.6993303e-02   2.3437439e-02  -1.6020524e-02   2.7152500e-01   3.5084206e-01  -3.1970164e-01   2.3222908e-01  -1.5088175e-01  -3.6305458e-02  -1.9504492e-01   5.8624904e-01  -1.6358873e-01  -6.9991039e-02  -5.1764471e-02   2.2052583e-01  -6.5342015e-02   4.3079526e-01  -1.2170838e-01   9.0912592e-02  -7.8535394e-02   5.9552306e-01  -1.8124767e-01   4.1233547e-02  -1.1242933e-01  -1.1310531e-01  -1.3914881e-01   1.4885272e-01   2.4870024e-01  -2.4537627e-01   1.8534230e-01  -1.3911634e-01   2.3891790e-01   1.4595777e-01   4.7615586e-02   9.2815482e-02  -1.9009312e-01  -9.8823469e-02   3.1874692e-01   8.6209155e-03  -1.5035227e-01   3.7021557e-01   1.5496419e-01  -2.0013704e-01   1.2384048e-01   1.4190597e-01  -7.0295581e-02  -1.2182625e-02   4.5382383e-01   4.0957050e-02   3.0943810e-01   1.8037028e-01   1.2883429e-02  -6.7542690e-03   3.1485056e-01   1.4095939e-01   6.1706177e-01  -1.8059862e-01   4.7719516e-02  -9.7211982e-02   4.5040432e-02  -2.6795868e-01   1.4599180e-01   4.1840461e-01   3.9849381e-01  -8.7568994e-02   1.0912031e-01   2.7128679e-01   1.3955031e-01  -5.5516108e-02   2.7102737e-01  -3.0015460e-01   3.7780366e-01  -3.6489834e-01  -1.0042370e-01   2.1156894e-01  -3.8938262e-01   8.5480299e-02  -5.9167795e-02  -1.3209822e-01   2.6322152e-02   6.5669517e-02   2.7873283e-01  -2.5493554e-01   9.3046551e-02  -5.2669112e-02   5.6175284e-01   1.6106340e-01   7.5749903e-03   4.7843902e-02   1.6972191e-01  -4.2088365e-02   1.7615861e-01   2.2893760e-01  -1.1953899e-01   4.9396242e-02   1.0888347e-01   1.0134574e-01  -4.7761748e-03  -1.6150781e-01  -1.3010503e-01   4.4172702e-01  -2.1785960e-01   8.3381836e-02   2.9739009e-01   1.2543975e-03  -1.6785138e-01  -1.0171433e-01  -1.0615278e-01   4.9495319e-02  -1.9412191e-01   2.2759656e-01   3.1593306e-02  -2.2886319e-01  -2.3031901e-01   3.4255749e-01  -2.1062299e-01  -1.9595494e-01   4.4469984e-01  -7.1604191e-02   2.2307010e-01  -2.8606456e-01   1.8330654e-01   6.0943698e-02   6.8895180e-02   8.4328552e-02   6.4115784e-01   9.3139310e-03   1.3759197e-01   7.6996687e-02   4.2092437e-01  -2.1726651e-01  -3.0010742e-01  -3.4927851e-01  -1.2284933e-01  -2.1070956e-01   9.4921749e-03   2.2826469e-01   3.5670403e-02  -1.1110518e-02   7.0089297e-02   1.9557768e-01   1.9927891e-01   3.0929449e-01   1.0089413e-01   4.9531846e-01   2.8729454e-01  -2.0278347e-02   6.4553054e-03
  -1.1784721e-01   6.3837499e-03   1.7381303e-02   0.0000000e+00  -9.0285277e-02  -1.1901148e-01  -1.6084861e-01  -1.1353599e-02   4.8442240e-01  -1.2482217e-01  -3.2202602e-03  -1.3019205e-01   7.6707338e-02   2.9863949e-02  -5.9213594e-02  -5.4830592e-02  -4.8798363e-02   1.1968631e-01  -6.5944894e-02  -1.8882919e-01   1.2007213e-01   3.3546598e-01   4.2471589e-02  -1.9094068e-01  -2.5790509e-01   1.2137000e-01  -1.3497596e-01  -2.2133732e-02  -2.3089472e-01  -5.5646380e-02  -1.3635464e-02   1.2880202e-01   3.0878770e-01  -2.0372167e-01   5.4199034e-02  -1.6539432e-01  -1.2438794e-01   7.8030401e-02   1.0303123e-01  -2.5638556e-01   1.6219705e-02   5.6298031e-02  -9.0067698e-05   9.4534645e-02   1.0470200e-01   7.8435132e-02   3.3199348e-02  -2.5143139e-02   1.4417080e-02  -2.7201547e-01   6.0160453e-02   3.3212405e-03   3.7619049e-03   1.6389680e-03  -1.3507362e-01   4.5718838e-02   4.5517551e-02   3.7366063e-01   2.2116990e-01   5.6423097e-02   8.1700324e-02   2.6801342e-01   5.2369131e-01  -5.4749073e-02   6.8913266e-02   4.5570823e-02  -3.3174417e-02   4.3317418e-01   1.3427864e-02   6.6195673e-03  -2.2856261e-01   5.4366601e-01  -1.6504892e-01  -1.4713426e-01   4.1943009e-02   1.5253792e-01  -8.9454183e-02   2.3606393e-01  -1.4769288e-01   2.1614866e-01   2.7107558e-02   2.2062953e-02  -8.1139054e-02   1.3069128e-01  -8.2415071e-02   6.4586465e-02  -4.5589975e-02   3.6767224e-02   1.5609950e-01  -6.6804702e-02  -1.4298559e-01  -3.3870988e-02  -1.2835023e-01   8.8095182e-02  -1.5592010e-02  -1.7148282e-01  -2.0414757e-01  -4.6108268e-02   2.0663159e-01   6.1616159e-02  -1.9243944e-01  -7.3072065e-02  -6.0025537e-02   3.4874991e-01   1.8247856e-01   4.0233974e-01  -2.0843668e-02   1.4551568e-01   1.3595577e-01   4.9991888e-02  -8.7435195e-02   2.2438000e-01   5.5719831e-01  -1.1034847e-02  -1.4918422e-02  -1.4773413e-01  -4.0056272e-02  -4.0318531e-02  -8.4464890e-02   5.2734031e-01   2.0646531e-03  -1.2890064e-01   5.8124359e-02  -1.3725819e-01  -8.5084350e-02   2.0601715e-02  -1.1076390e-02   6.6449256e-02   3.2413977e-01  -1.8665958e-02   5.3382273e-02  -1.6774164e-01   7.5293725e-02  -4.5497890e-02   4.3404887e-01   6.4963257e-02   5.0175559e-02  -4.6986383e-03  -1.0210581e-01   9.3743205e-02  -5.9098515e-02   4.6958816e-02   1.7247322e-01  -2.2402140e-02  -3.6726887e-02   2.5576247e-02  -9.6425963e-02  -1.3939326e-01  -6.2314182e-02   7.2057867e-02  -1.8880046e-01  -5.7850638e-02   6.2133954e-02  -5.4356645e-02  -2.5634954e-01  -1.1825348e-01   1.5660866e-01   9.5898795e-02  -5.9161905e-02   1.1512890e-01   1.8743312e-01   8.8349448e-02  -2.1891796e-01   3.8763228e-01   3.1500252e-01  -6.1508319e-02   3.3066141e-02   8.1048615e-02  -2.6808498e-01  -1.4078561e-01  -2.8844239e-02  -6.1098790e-02   2.7681021e-01  -1.1926333e-01  -1.1475702e-01   3.2280431e-01   5.3754280e-01
  -2.7257463e-01   6.5273425e-01   3.1218806e-01  -9.0285277e-02   0.0000000e+00  -1.0467198e-01   1.8027575e-01   4.6332066e-02   3.0908086e-01   3.8936293e-01  -1.2408478e-01   6.8822637e-01   7.1007629e-02  -5.4346436e-01  -3.4638416e-01   9.1072501e-02   4.5176445e-01  -2.8122529e-01  -9.4063394e-02   8.1032368e-01  -4.1075574e-01  -2.5645898e-01  -2.4201143e-01  -3.4292542e-01   6.6038218e-02  -3.2052575e-01   9.9226893e-02  -3.6172516e-01  -4.3368402e-02  -4.0909841e-01  -3.3929156e-01  -2.8532871e-02   1.6610379e-01   4.1733489e-01   1.6631424e-01   6.7910124e-01  -2.9030000e-01  -2.4614783e-01   1.7699125e-01   7.1583918e-01   1.9506423e-01   1.6112647e-01   4.5561119e-01  -5.9720081e-02  -1.2680896e-01  -2.1565276e-01  -6.9611210e-02   6.8079234e-02  -6.7358276e-03   7.0508251e-01  -3.8182500e-01  -1.5393955e-01   1.6195478e-01   2.6695718e-01   5.8805056e-02  -6.8886251e-02  -9.4462568e-02  -1.8298649e-02  -7.6081567e-02  -1.3743531e-01   1.0564052e-01   4.1379179e-01   2.3356802e-01   1.5652467e-01   1.2193936e-01  -1.6030303e-01  -9.6629980e-02   2.4460001e-01   5.6346289e-02  -3.3578053e-01   7.2908566e-01  -1.6294322e-01   4.9138524e-01  -3.1591190e-01   4.1482612e-01  -6.0748462e-02   9.3255270e-02  -9.1060256e-02   8.3463636e-01   2.6086442e-01  -6.0323424e-01   3.6737136e-01   3.3358909e-01  -3.3710027e-01   3.6717538e-01  -1.8140742e-01   4.0032590e-01  -2.7370252e-01  -1.5161012e-02  -4.1051408e-01   7.2672384e-01   2.7998724e-01   4.4972519e-01   2.1151740e-01  -3.1725427e-01   5.1749154e-01   2.7939778e-01   1.7648230e-02   7.0166025e-01  -4.7130681e-01  -1.9319260e-01  -2.1470518e-01  -5.4383503e-01   1.7408928e-01  -4.8307622e-01  -1.9340273e-01   2.0394598e-01  -1.7309443e-01   3.6412359e-01   3.4005477e-01  -1.0023889e-01  -5.4012284e-01  -3.9551900e-04  -4.3315888e-01  -2.5368829e-01   7.9623931e-01  -1.4611211e-01   4.4173640e-01  -5.0508281e-01  -1.8075293e-01  -3.5029117e-01   8.1279749e-01   2.4999104e-01   4.4039958e-01  -1.7181179e-01  -5.0804798e-01  -4.0661730e-01   1.2047893e-01  -2.7851542e-01  -3.5705610e-01   2.1707754e-01   2.5746865e-01  -3.5353959e-03   4.0435020e-01  -3.0665153e-02  -1.1141667e-01   6.7391313e-02  -4.9989194e-01  -1.7555780e-01  -2.2406036e-01  -3.0353114e-01  -6.6842533e-02  -5.4213689e-01  -3.0962515e-01  -4.8655641e-01  -2.5911358e-01   6.8939770e-01   2.6554371e-01   3.4637628e-02  -2.0250492e-01  -4.5135481e-01  -4.6352259e-01  -1.5901384e-01   2.1677072e-01   6.1489445e-01  -4.6337072e-01  -4.0465759e-01  -9.5318036e-02   5.3487349e-01  -6.1657543e-01   1.9851005e-02  -3.7007234e-01  -5.3768293e-02  -3.5580963e-01   1.5042903e-01   7.1231473e-01  -2.3097771e-01  -5.5203074e-01  -6.4148916e-02   6.6474710e-01   6.7526986e-01  -2.3294747e-01   4.6309227e-01   7.3292927e-02   8.9735923e-02   1.7732920e-01   8.3594297e-02
  -1.6027226e-01  -2.5171825e-01   3.9455095e-01  -1.1901148e-01  -1.0467198e-01   0.0000000e+00   3.8352565e-01  -5.9136992e-02   5.6443380e-03   3.3469765e-01  -6.5001286e-03   1.8454082e-02  -2.7141858e-01   4.9444929e-01   1.4010121e-01   4.1298368e-01   2.8496647e-01   2.0373831e-01   5.1431214e-01   2.4019826e-01   3.8707731e-01   3.7213566e-02   2.9177134e-01   7.7457616e-02  -6.5689386e-04   2.7000217e-01   4.5593218e-01   4.4373873e-01   2.9804786e-01   2.6296974e-01   1.9457474e-01  -2.8998346e-01   1.4320167e-01   7.7065461e-02   5.6894131e-02   2.4037889e-01  -1.3884127e-01   7.4498465e-02  -1.5779287e-01   1.9210860e-01  -2.5427062e-01  -1.2586566e-01  -2.4392050e-01   6.6250024e-02  -4.4452715e-02   1.7897588e-01   3.4116087e-01   2.0464734e-01  -2.5712240e-01   9.1210287e-02   1.9336969e-01   7.7163594e-02  -3.1009627e-01   1.1414414e-02  -2.9924326e-01   1.4121029e-02   5.3681686e-01  -3.5215393e-01   2.1568881e-01   8.4001282e-02   1.5800792e-01  -1.7047157e-01  -2.5976476e-01   1.5525791e-01  -2.9417956e-01   5.2426311e-01   8.7911853e-01  -3.3045235e-01   1.1874158e-01   5.3322374e-01  -3.8316631e-01  -2.3267986e-01  -3.9763134e-02   2.4030992e-01  -3.0990411e-01   1.0325760e-01   1.5807275e-01   5.5426266e-02  -1.5436578e-01  -1.3056674e-01   4.9831916e-01  -1.9720417e-01   7.2221583e-02   4.7815140e-01   8.9049276e-02  -4.1039663e-02  -3.4196098e-01   2.9018235e-01  -3.3385956e-01  -1.0590945e-01  -3.8044099e-01   1.5503908e-01   2.8934695e-01  -1.9540480e-01   1.8276995e-01  -2.6987719e-01   6.3212889e-02  -4.8884038e-02  -1.7405914e-01   3.4107324e-01   3.4541513e-01  -1.6822030e-01   3.9227411e-01  -2.5798412e-01  -1.1193488e-01  -3.0213215e-01  -2.8056178e-02   3.5659694e-01  -2.2181576e-01   2.7953758e-01   5.2772337e-01   2.0956718e-01  -7.5841125e-02   6.5324549e-02   5.0502066e-01  -3.4321308e-01  -1.2812925e-01  -2.2893592e-01   4.7135601e-01  -8.3581864e-02   2.9610762e-01  -3.2144340e-01  -8.1906184e-02  -2.8141608e-01  -1.2056276e-02   2.8017480e-01  -2.8857752e-02  -2.3347296e-01  -2.4010590e-01   4.8591793e-01  -3.6315641e-01   1.8440761e-02   7.7426483e-02  -2.7786324e-01  -7.9585589e-02   4.6152684e-02   4.4174359e-02   4.2884583e-01  -5.5418962e-02   1.4469864e-01   1.8573574e-01  -5.1407703e-01   5.7570972e-02   7.6079527e-01   2.8521343e-01  -4.6252400e-02  -6.0161059e-02   2.1349156e-01   7.4999312e-01   2.9562301e-02   2.5757229e-01   3.7532797e-01   3.8538118e-01  -2.7997033e-01   2.3616254e-01   9.0198515e-02   3.0691201e-01   1.1599176e-01   2.1241836e-02   3.5528204e-01  -6.3158820e-03  -9.2897941e-02  -2.7878750e-02  -8.1579890e-02  -4.5759510e-01  -1.0492256e-01   2.0646507e-01   5.4802813e-01   3.6978235e-01  -1.8766795e-01  -2.5345027e-02   3.8258083e-01  -4.9856968e-01   7.4029778e-01  -3.1886191e-02  -3.4940853e-01  -4.5803380e-01
  -2.7384747e-01   1.5055764e-01   2.1654159e-01  -1.6084861e-01   1.8027575e-01   3.8352565e-01   0.0000000e+00  -9.8713149e-02  -3.2508405e-02   4.8660337e-01  -1.5780611e-01   1.1716187e-01  -3.4117256e-01   1.2880460e-01  -2.4849907e-01   2.1556027e-01   1.4455992e-01   1.5291150e-02   5.9276861e-02   3.7347405e-01   2.4515145e-01  -7.4606438e-02   5.1188575e-01  -1.9995373e-01  -2.2564169e-01  -1.8118495e-01   4.1463147e-01   2.1031660e-01   7.0206273e-02   9.2541612e-02  -1.7475600e-01  -3.1137321e-01  -1.6624340e-01   5.4014104e-01   1.1283120e-01   2.8539311e-01  -2.9703430e-02  -2.3832375e-01  -3.5259712e-01   2.9436299e-01  -1.6967787e-01  -2.8509087e-01  -9.3455917e-02  -8.2978513e-02   1.2478708e-01  -1.9172169e-02  -4.4572048e-02   5.9396676e-01  -1.7796387e-01   1.8428470e-01  -2.8741771e-02  -3.4388542e-02  -6.8135478e-02  -7.2871416e-02  -1.0629656e-01  -1.0764277e-02   1.3892130e-01  -3.3291950e-01  -1.5705638e-01  -1.2109731e-01  -3.1049499e-02   5.6502333e-02  -1.8388653e-01   1.4845616e-01   1.6759720e-02   5.0251846e-01   2.5140383e-01  -1.7121444e-01  -1.6962078e-01   4.0185270e-01   2.0055812e-01  -2.9127914e-01  -1.0914361e-01  -6.8203434e-02  -1.6404304e-01  -1.0099546e-01   2.0208028e-02  -5.8430647e-02   1.6573067e-01  -2.1241486e-01   3.1462412e-01  -7.3237427e-02   1.6012557e-01  -4.1442544e-03   8.9476919e-04  -2.5391270e-01  -9.3906926e-02   9.1903895e-02  -1.9041594e-01  -2.3829685e-01  -6.7955197e-02  -1.2317985e-01   6.3235504e-01  -2.4809751e-01  -1.6008504e-01  -7.3993931e-02  -1.1428157e-01  -2.5287185e-01   1.0580510e-01   2.4403934e-01   1.5277425e-01  -2.1364308e-01   1.2144064e-01  -1.7686246e-01  -1.7625044e-01  -1.9788342e-01  -6.4728576e-02   1.2094219e-01  -1.9047625e-01   3.6290140e-01   4.8830021e-01  -2.4609207e-03  -1.5289010e-01  -8.2236837e-02   3.1765940e-01   9.2766872e-02  -2.7820733e-01  -2.3600157e-01   1.1572570e-01  -3.6178044e-01   6.8411082e-02   3.5080411e-02  -1.6221786e-01  -1.5278096e-01  -1.4293797e-01  -1.9002938e-01  -4.2731825e-02  -3.1142923e-01  -1.0631269e-01   3.0156129e-01  -2.8346427e-01   2.2732813e-01  -8.9752717e-02  -8.6969948e-02  -1.9993713e-01  -1.4725361e-01  -2.4409334e-01   2.4802190e-01  -2.3977825e-01  -1.6523839e-01  -1.0375316e-01  -3.6175204e-01  -1.5787517e-01   5.2879080e-01   9.0307825e-02  -1.6657592e-01   4.7138130e-01   2.4155072e-01   5.2723394e-01   1.3531839e-01  -3.3338867e-02   1.3384366e-01  -3.2059116e-02  -2.1959933e-01   4.5232230e-01  -2.3928632e-01  -7.4693684e-02  -2.0546251e-01  -1.6000745e-01   2.5237946e-01  -1.8568933e-01  -1.8086803e-01   2.2177985e-01  -4.5313406e-02  -2.6678274e-01   3.4823860e-01   2.4559441e-01   8.0147402e-02   1.0005084e-01   1.7274617e-01   2.8074936e-01   7.1464632e-02  -6.7404530e-02   4.3421703e-01  -1.1541458e-01  -3.5111102e-01  -1.5075188e-01
   2.4794033e-01   2.3015226e-01   2.2917673e-01  -1.1353599e-02   4.6332066e-02  -5.9136992e-02  -9.8713149e-02   0.0000000e+00   1.8792274e-01   7.6520718e-02   3.6379760e-01   1.3416087e-01  -4.2846890e-02   1.2592093e-01   4.6250749e-01  -5.1258667e-02   2.2291317e-01  -1.4513458e-03   1.4672572e-01  -3.4302131e-02  -1.8149707e-01   1.4593610e-01   2.2529898e-01   4.4741285e-02   1.0006674e-01   3.6228782e-01  -3.7235760e-01   3.0109979e-01  -7.9465019e-02   2.7449857e-01   4.2439691e-01   3.2201738e-02   1.1800893e-01   3.2436937e-01  -2.4583020e-01   9.2405713e-03   2.4711083e-01  -9.9918447e-02  -1.6353071e-01   1.2717383e-01   7.8935938e-02  -2.7190383e-01   1.0182138e-04   6.3607945e-01   1.5389297e-01   1.7784292e-01   5.5466595e-02   7.9281047e-02  -2.5520315e-02   2.5643789e-01   1.9088486e-01   3.0821457e-01   2.3112950e-01  -3.9955962e-01  -3.1199327e-02   4.6942911e-01  -9.0311359e-02   2.2914057e-02   3.0350066e-01   1.0101099e-01   1.2762246e-01   1.7033465e-01   4.8508427e-02   4.1279993e-01   1.4432172e-01  -4.6332700e-02   3.5876379e-02  -7.3554182e-02   3.2106426e-01  -1.9812895e-01   1.5658251e-01  -5.9029033e-02   7.9720036e-02   4.6143535e-02  -4.6007019e-02   1.4274488e-01   5.2600994e-01   3.4599832e-01   2.6150288e-01   1.3743643e-01   1.0272087e-01  -1.4405212e-01   3.0869790e-01   3.8184672e-01   1.7364447e-01   6.3779607e-02   3.0485411e-02  -1.9005918e-01  -5.2774205e-03   5.8739421e-03   2.6589223e-01   1.5636475e-01   1.1487330e-01   1.4566730e-01   1.8791284e-01   1.1700001e-01   1.2900082e-01   3.0392921e-01   2.0870428e-01  -2.0393566e-02   3.7113164e-01   4.3682973e-01   1.8730342e-01   2.8759455e-01   6.4631916e-02  -1.7208019e-02  -9.6002916e-02   3.0021912e-01   1.3520506e-01  -1.5925453e-01   1.2475532e-01   9.6943721e-02  -1.1220883e-01   8.0923960e-02   2.8016222e-01   2.2133350e-01   1.0303317e-01   9.5333063e-02   2.5024273e-01  -6.2913899e-02   1.0304056e-01   2.1589938e-01  -1.8732709e-01   3.1379494e-01   1.5771964e-01   1.4910509e-01   4.3247804e-01  -9.0564991e-02  -5.3667795e-02   3.6014633e-02  -6.5233560e-02   2.5328467e-01   2.4087364e-01   1.4759751e-01  -1.3038392e-01   2.9761993e-01  -5.3258980e-02   4.6494310e-02   3.3634220e-01   8.3868043e-02   2.4730600e-01  -1.5716147e-01   2.7568311e-01  -1.8135040e-01   2.5856510e-01   3.8780664e-01   1.6379232e-02  -1.9023655e-01  -5.4998900e-02  -1.2845737e-01   9.9266973e-02   2.9955878e-01  -4.6642996e-02   2.7320572e-01   8.0169937e-03   1.2876966e-01   2.4267367e-02   2.7726974e-01   1.0862035e-01   1.2436663e-03  -2.3096820e-01   3.6952386e-01  -1.2749205e-01   1.1533710e-01  -8.5578716e-02   1.8549089e-01   2.8842399e-01   3.6363967e-02  -1.2570376e-01   2.3200848e-01   1.2590811e-01   2.4169740e-01   1.7349416e-02  -2.3632394e-01   1.1003099e-01  -1.0818038e-01   1.3984260e-01
  -8.9637013e-02   3.5009190e-01   2.2255914e-01   4.8442240e-01   3.0908086e-01   5.6443380e-03  -3.2508405e-02   1.8792274e-01   0.0000000e+00   3.0708839e-01   1.4659360e-01   2.1483186e-01   1.1069786e-01  -8.8151622e-02  -1.5291563e-01   8.5320683e-02   2.2113342e-01   1.5513042e-01  -8.3221643e-02   2.0261964e-01  -1.3305631e-02   1.4844906e-01  -2.9935680e-02  -3.4742528e-01  -1.7890536e-01   2.6857969e-02  -1.8492131e-02  -3.5007590e-02  -2.8134948e-01   1.0816872e-02   9.7284625e-02   1.0001349e-01   3.8879198e-01   1.3899240e-01   9.8661030e-03   3.5934253e-01  -9.6477751e-02  -4.5093921e-02   5.7118954e-02   1.6540135e-01   2.0665175e-01   2.2543905e-03   3.6675931e-01   1.0390848e-01   2.5996608e-01   5.4022392e-02   9.7224862e-02   1.9180718e-01  -3.9325552e-02   1.8641845e-01   1.1506054e-01   4.5300311e-02   1.6767884e-01  -1.4755557e-01  -1.4134841e-01   9.8037020e-02   8.1439745e-02   3.5572959e-01   3.5111566e-01   3.3797679e-01   1.5150910e-01   4.2367485e-01   3.9879737e-01   1.7613863e-01   3.1530576e-01   1.0806452e-01   5.9267269e-02   3.7803562e-01   1.2931863e-01  -1.5038366e-01   2.0727531e-01   3.5461839e-01   2.3329237e-01  -2.4190075e-01   1.8217747e-01   1.7384916e-01   1.5585626e-01   1.7763068e-01   2.6707314e-01   2.7186565e-01  -1.7735657e-01   5.0701832e-02   1.4193945e-01   1.0884437e-01   1.5272180e-01   9.4738294e-02   2.1272091e-01  -2.0047505e-01   1.6932925e-01  -1.7409828e-01   1.5368556e-01  -1.1018919e-02   9.9777142e-03   4.4176947e-01  -7.8295440e-02   1.3256865e-01  -5.5396140e-02   6.7148878e-02   3.3170883e-01   4.5353730e-02  -1.0330197e-01   2.6906947e-02  -1.8581602e-01   3.8444964e-01   6.0694320e-02   2.6959661e-01  -9.0552330e-02   1.6972602e-01   1.5700123e-01   1.0342324e-01  -1.1920454e-01   7.6492512e-02   2.0715505e-01  -1.2386419e-01  -1.5339755e-01   2.0729783e-01  -2.8453837e-03   1.5611326e-01  -1.3988125e-01   2.7764651e-01  -1.7649491e-01   1.4107130e-01  -5.9011916e-02   2.7481385e-01  -2.3793528e-02  -1.7769090e-01  -1.4514321e-01   4.3713817e-02   2.5097446e-01  -5.1463344e-02   5.6054672e-02   1.5083805e-01  -3.5675210e-02   2.7072849e-01   3.5291895e-01   1.6695373e-01  -1.5960246e-01  -1.0319107e-01  -2.3637671e-02   4.3315388e-02  -3.4237593e-01  -1.0325978e-01   4.0249149e-02  -5.1677806e-02  -9.1910518e-02   1.1028216e-01   1.8043338e-01   9.0858007e-02   3.8934321e-02   9.7988611e-02  -2.2442752e-01  -7.4657906e-02  -3.8202872e-02   9.5900939e-02   1.8404177e-01  -1.9604307e-01  -5.0876369e-03   2.0366458e-01   1.1386690e-01  -3.7240181e-02  -1.2721252e-01   4.9418587e-02  -2.1891247e-02   1.9485967e-01   3.4720454e-01   1.2710210e-01  -5.4307780e-02  -1.3706478e-01  -3.8302765e-01   1.5625346e-01   2.2148194e-01  -3.3330105e-02   4.4596337e-01   2.7550857e-02   1.1143685e-02   2.8036624e-01   4.7257496e-01
  -1.1217245e-01   1.6591439e-01   1.7592278e-01  -1.2482217e-01   3.8936293e-01   3.3469765e-01   4.8660337e-01   7.6520718e-02   3.0708839e-01   0.0000000e+00   5.9429640e-03   1.7244307e-01  -1.7653489e-01  -1.5580630e-02  -1.5714442e-01   3.0080578e-01   1.4268627e-01   1.8251689e-01   1.5277101e-01   4.9951093e-01   1.5087894e-01   2.4605390e-03   3.2968628e-01  -1.6939410e-01  -2.8377872e-01  -1.4325349e-01   3.5408828e-01   1.2095280e-01   2.4424157e-02  -4.2656401e-02  -4.6511975e-02  -8.8501627e-02   4.4417266e-02   4.0638883e-01   1.3567648e-01   6.6327274e-01  -1.2106261e-01  -4.2824935e-02   2.6460105e-02   2.7415664e-01   4.1277246e-02  -5.5756820e-03   2.8469532e-01   7.4068975e-02   1.8493370e-01   8.4675543e-02   2.9620870e-01   3.1744639e-01  -1.1699938e-01   2.5379061e-01   1.6836532e-01  -1.1816216e-01   3.5676658e-02   5.6754556e-02  -3.3748694e-02   6.4185378e-02   1.8399857e-01  -6.9909404e-02   8.7940401e-02   6.1389173e-02   2.4081507e-01   2.5255640e-01  -2.2444620e-02   2.2690702e-01   2.7202752e-01   5.6278223e-01   2.9517932e-01  -7.1982890e-02   1.2412085e-01   1.6350779e-01   2.2667432e-01  -4.7959269e-02   3.2212680e-01  -1.4895319e-01   6.6039157e-02   4.7727910e-02   2.2729809e-01  -5.0059360e-02   2.8794216e-01  -5.2386861e-02   7.8255833e-02   1.8409626e-01   2.5851600e-01   6.9811471e-02  -1.4125829e-02  -9.2835263e-02   1.1653600e-01   2.2761084e-01  -6.5760495e-02  -1.1538834e-01   1.0209650e-01   1.7543577e-02   4.8147780e-01   2.2128946e-01  -2.5615383e-02  -2.2152546e-01   1.3385815e-01  -2.9289725e-02   2.2291622e-01   3.4465256e-01   7.2571715e-02  -9.6229202e-02   4.4295902e-03  -1.2785515e-01  -1.4529893e-01  -2.1856777e-01   1.0876525e-02   1.9542972e-01   1.8295716e-01   4.1199013e-01   2.8778376e-01  -1.3415310e-01  -3.5039444e-02  -3.0233021e-02   1.8402599e-02   2.5002530e-01  -2.8888818e-01   1.8290151e-01   1.0134277e-01  -7.8475039e-02   2.1570261e-02   1.5425426e-01  -1.0316442e-01   8.7892693e-02   4.0348371e-02  -2.4799804e-01  -4.2083367e-02  -1.0105947e-01  -2.2349859e-02   9.3972621e-02   6.4117639e-02   2.5961011e-01  -1.9457385e-01   1.0911880e-01   3.2321086e-02  -4.2969592e-02  -1.9482442e-01   5.8826044e-02  -1.0090121e-01  -1.0301603e-01  -1.1681121e-01  -4.7801113e-01  -1.8029722e-01   3.7533639e-01   4.3259858e-02   4.5085561e-02   3.4122886e-01   5.1311560e-01   5.2082404e-01   2.1198042e-01  -4.6712622e-02   9.1912909e-02  -2.9340187e-02  -8.5315051e-02   3.6022266e-01  -2.8246004e-01  -3.9374947e-02   3.4490208e-02   3.1405412e-02   2.7841562e-02  -1.2926232e-01  -1.0467362e-01   1.0558511e-01  -1.3421358e-01  -1.3440618e-01   3.6690321e-01   3.8490145e-02  -1.3021215e-02  -6.2489306e-02   2.5724898e-01   4.2273621e-01   9.7574594e-02   3.4037113e-02   3.8376852e-01   5.0612069e-02  -1.0896061e-01  -5.4782236e-02
   2.7788913e-01  -1.1407885e-01  -4.6219180e-02  -3.2202602e-03  -1.2408478e-01  -6.5001286e-03  -1.5780611e-01   3.6379760e-01   1.4659360e-01   5.9429640e-03   0.0000000e+00  -1.9572920e-02  -1.1717404e-01   1.6602325e-02   2.2767157e-01   1.0302131e-01   8.4440718e-02   4.7411784e-01  -6.7612582e-02  -1.7163622e-01  -9.5032402e-05   2.8605407e-01  -6.6374061e-02   1.0192156e-01   1.4856117e-01   3.2554132e-01  -3.4974189e-01   2.7823497e-01   1.6095287e-01   3.7547220e-01   2.4352749e-01   2.2189486e-01   5.0514957e-02   1.8239289e-01   4.0084463e-02  -2.4921588e-04   1.2964873e-01  -1.9479223e-01   1.8468114e-02  -1.0402562e-01  -1.0751726e-02  -1.7713792e-01  -5.1697235e-02   4.2571458e-01   6.0074787e-02   2.0620417e-01   1.1930640e-01  -3.3208464e-02  -1.4490917e-01   1.1946845e-01   3.3765609e-01   3.4199666e-01   2.7164434e-01  -3.3158964e-01  -1.4506792e-01   4.5267484e-01  -1.0429177e-01   2.4168062e-01   5.8437809e-01   4.3001018e-01   1.6861969e-01   4.7914362e-02   1.1076167e-01   6.1713256e-01   1.7842402e-01   1.0771625e-01   7.8921600e-02  -2.1815015e-01   4.9648036e-01  -1.4573353e-01  -5.7259060e-02  -3.0756199e-02   2.8698765e-01   2.4251576e-01   7.1924817e-03   3.1602578e-01   2.5743881e-01   3.8066787e-01   8.5949069e-02   3.5327570e-03   4.8503256e-02  -4.3318134e-02   3.2548491e-01   1.3006585e-01   2.5050881e-03   4.8743165e-01  -9.8566770e-02  -5.8251752e-02  -2.1491873e-01   1.8634090e-01   1.8413033e-02   1.1260330e-01  -4.4002992e-02   2.3515073e-01  -1.1719221e-02  -2.5726012e-02   1.5833582e-01   2.0908314e-01  -1.0503367e-01   1.2147207e-01   5.3001470e-02   6.1481131e-01   1.1445372e-01   1.0619922e-01   3.8201215e-01   1.8119694e-01   6.2624910e-02   3.3430463e-01  -1.3918632e-01  -8.6022840e-02   2.6899937e-01   3.4358207e-01  -2.0894485e-01   6.1938940e-02   3.9822057e-02   3.6336948e-02   2.8387109e-01   1.2052905e-01   2.4607293e-01   7.8562150e-02   1.1693993e-01  -1.1146340e-02   1.8323779e-02   3.3978625e-01   2.3703991e-01   4.8530576e-02   1.9003034e-01   1.2782674e-02   4.5463096e-02  -4.0419193e-02  -1.1809175e-01   4.4806352e-01   1.9845728e-01   1.5559928e-01  -7.7227035e-02   5.7248217e-01   1.3884574e-01   1.0378116e-01   5.3180768e-01   9.5113803e-02   2.3602028e-01  -3.0248300e-01   6.8561042e-01  -1.0942196e-01   3.3672302e-01   4.5023209e-01  -1.5881024e-01   6.0884754e-02  -5.3583805e-04   1.3803712e-01   1.7214423e-01   4.4404971e-02   2.1379759e-01   4.0454665e-01  -1.1286086e-01   1.6093755e-01   1.6528142e-01   6.4007115e-01   6.0699295e-02   1.5242924e-01   2.3277407e-02   6.8617373e-01   7.8817259e-02   5.2915506e-01  -1.6185884e-01  -8.8553306e-03   5.4113172e-01   6.8361723e-02   1.4044943e-01  -7.2926712e-02   1.1381373e-01   1.3271395e-01  -6.9847446e-02  -1.1356139e-01   9.1692653e-02  -2.6894642e-01  -1.1682038e-01
  -1.8273169e-02   5.6226575e-01   4.9709305e-01  -1.3019205e-01   6.8822637e-01   1.8454082e-02   1.1716187e-01   1.3416087e-01   2.1483186e-01   1.7244307e-01  -1.9572920e-02   0.0000000e+00   4.2132489e-02  -4.6915926e-01  -1.8084423e-01   8.2989776e-02   5.6579960e-01  -3.0111827e-01   1.2012660e-01   5.6382536e-01  -5.8298425e-01  -3.0406506e-01  -3.7955630e-01  -1.2962953e-01   1.6473097e-01  -1.8403023e-01  -5.0830268e-02  -2.4026902e-01  -4.5604304e-02  -3.7430691e-01  -3.1440151e-01  -1.3215892e-01   1.9283240e-01   4.3076544e-01   1.6373572e-01   3.6875204e-01  -3.1233110e-01  -2.0380805e-01   1.3015845e-01   7.9479192e-01   1.6735072e-01   1.6426568e-01   4.3040329e-01  -1.2482107e-01  -3.3002826e-01  -6.6498428e-03  -1.2462711e-01  -1.2605003e-01  -6.1224906e-02   8.0300040e-01  -3.6295145e-01  -2.5170497e-01   9.5124186e-03   2.4515730e-01   2.3285764e-01  -1.4434384e-01   2.3164546e-02  -2.4600099e-01   1.1670996e-01  -1.2238203e-01   2.5173912e-01   1.9083615e-01   2.5489586e-01   1.8092770e-01  -5.7292755e-02  -3.3446789e-01  -3.9530324e-02   1.9373782e-01   2.0914745e-02  -1.6476838e-01   5.5575345e-01  -2.3190915e-01   4.0303484e-01  -8.6368920e-02   4.5354046e-01  -3.2286635e-02   1.3296841e-01  -1.4767930e-01   7.8356043e-01   4.1126057e-01  -6.4005471e-01   3.9137151e-01   2.6342281e-01  -2.7945433e-01   5.5453910e-01  -1.3188554e-01   3.4308405e-01  -2.8981792e-01   7.5030727e-02  -3.6601094e-01   7.2016457e-01   5.0730739e-01   4.1746126e-01  -4.9872042e-02  -1.2422769e-01   6.4955510e-01   2.3778746e-01   1.5166174e-02   5.7083692e-01  -5.8126219e-01  -1.8474241e-01  -1.2103699e-01  -6.5571748e-01   2.3350210e-01  -5.8549123e-01  -1.0033753e-01   3.5905994e-01  -2.3595704e-01   1.5659280e-01   1.1790118e-01  -1.0264458e-01  -5.4276473e-01  -4.2586746e-02  -2.4827818e-01  -9.3930123e-02   7.1054892e-01  -1.7245986e-01   3.8376032e-01  -3.9123289e-01  -2.4542068e-01  -1.1907012e-01   8.1692498e-01   3.5695420e-01   4.1672279e-01  -2.9117146e-03  -2.0153686e-01  -2.2088028e-01   1.0321036e-01  -2.6898228e-01  -3.2540563e-01   2.0652398e-01   1.1608952e-02   3.1744302e-01   3.4905186e-01  -1.1275030e-01  -1.3082030e-03   1.5468971e-01  -5.8002995e-01  -2.2463945e-01  -3.9880653e-02  -2.9502407e-01   3.9168829e-02  -4.2178286e-01  -2.5762117e-01  -4.4369520e-01  -3.4814454e-01   6.7868758e-01   5.8979688e-02  -4.1698383e-02  -4.4741192e-01  -2.5572878e-01  -5.8538581e-01   1.2450755e-01   3.0587529e-01   6.5765641e-01  -3.2206313e-01  -2.3846759e-01   5.3568234e-02   6.7309927e-01  -6.9475219e-01  -6.8327727e-02  -2.5797526e-01  -2.2620547e-01  -1.9687318e-01   1.4771423e-01   5.9831045e-01  -2.5068071e-01  -6.0084015e-01   1.0364385e-01   5.4103942e-01   6.6391874e-01  -8.7843342e-02   3.4463639e-01   9.6095923e-02   1.9941232e-01   2.2752231e-01   9.5719141e-02
   1.3802715e-01  -8.7781361e-02  -1.8271914e-01   7.6707338e-02   7.1007629e-02  -2.7141858e-01  -3.4117256e-01  -4.2846890e-02   1.1069786e-01  -1.7653489e-01  -1.1717404e-01   4.2132489e-02   0.0000000e+00  -1.6824474e-01   2.5841723e-01  -4.5606631e-02  -1.6781626e-01  -2.1665756e-02  -5.0537243e-02   8.7867768e-02  -7.9806546e-02   1.2537466e-01  -1.6514003e-01  -1.3058267e-01  -2.3512441e-01   4.0388908e-03  -3.5595409e-02  -1.7922586e-01  -1.3596126e-01  -3.7285672e-02  -6.2218686e-02   1.7524878e-01  -1.8855841e-01  -9.7948966e-02  -1.6266569e-02   7.9340833e-02   5.0611480e-02  -1.7078743e-01   9.1100562e-02  -5.1871003e-02   7.2440648e-01  -2.3666830e-02   1.8935492e-01  -1.3563651e-01   9.9048308e-03  -2.8128564e-01   8.3631732e-02  -2.2325857e-01   4.0470818e-01  -5.9835284e-02   1.1333134e-02   8.8653270e-02  -1.6319302e-01   1.1672553e-01   1.3943362e-01   5.9833271e-02   1.7568418e-02   3.4432946e-01   5.0172134e-02   7.2152367e-02  -1.6648928e-01  -9.6933541e-03   6.6452693e-02  -2.8195601e-01   1.0352261e-02  -1.3130145e-01  -2.2585887e-01   2.0125661e-01  -1.2417220e-01  -3.0077908e-01  -7.1853955e-02   3.4364150e-01   1.7296329e-01  -1.0231236e-01   1.9169413e-01  -8.4229427e-02  -1.9777606e-01  -1.8395033e-01   7.3389163e-03   3.4464976e-01  -7.3395261e-02   1.3393708e-01  -2.2701043e-01  -6.1273114e-02  -1.3776617e-01   1.2086683e-01  -4.4071135e-02  -7.9023925e-02   2.7316322e-01  -6.3406272e-02   1.4513081e-01  -2.7130014e-01  -2.0879775e-01   1.7687881e-01  -2.4761664e-01   3.1455603e-01  -1.3700780e-01   1.8731884e-01   1.0362398e-01   4.5110517e-02  -3.7850227e-01   1.5633242e-01  -1.4384053e-02  -8.6512831e-02   1.6613632e-01   9.1401373e-02  -1.5866614e-02  -1.6787015e-01   1.6023598e-02  -5.1758594e-02  -2.1060445e-01   1.8728472e-01  -4.6736740e-02  -1.4682819e-01  -2.5609871e-01   4.3698517e-02  -9.6441796e-02   4.7727149e-01  -1.4014785e-01   2.1307307e-01  -3.3933760e-01   1.2266259e-01   2.0975555e-01  -8.5974262e-02  -1.7719854e-01   1.7991952e-01   1.1719891e-01   1.6976770e-01   9.4076615e-02  -2.9120023e-01   2.9406780e-01  -1.7207985e-01   1.3732908e-03  -9.5076118e-04   2.4797735e-01  -2.9058324e-02  -1.0230910e-02  -1.3701619e-01   1.8472796e-01  -3.8509121e-03  -2.1393058e-01   5.2584130e-01  -1.0451452e-01  -2.9961294e-01   7.0079174e-02  -3.6281292e-03  -1.2140874e-01   5.4285337e-02  -1.3631281e-01  -1.5437168e-01  -1.5455556e-01  -3.2131013e-02  -2.2244464e-01  -1.2515860e-01  -1.3047943e-01  -1.2166912e-01  -3.5532975e-01   1.9819258e-01  -1.0791421e-01   3.6912565e-02  -2.4381130e-02  -4.7625036e-02   4.1508640e-04   6.1454801e-03   3.2428401e-01  -7.5075128e-02  -2.7488618e-01  -7.8763744e-02  -2.6526289e-01  -1.0900062e-01  -6.9621623e-02  -2.1356009e-01   6.7672291e-03  -2.7467935e-01   1.0621382e-01   2.3553687e-01   2.7151686e-01
   1.2266846e-02  -3.2011523e-01   5.0492274e-02   2.9863949e-02  -5.4346436e-01   4.9444929e-01   1.2880460e-01   1.2592093e-01  -8.8151622e-02  -1.5580630e-02   1.6602325e-02  -4.6915926e-01  -1.6824474e-01   0.0000000e+00   3.2286369e-01   1.3429478e-01  -6.8793328e-02   2.1110447e-01   3.0068099e-01  -2.2837438e-01   5.8602757e-01   2.4906537e-01   3.9374699e-01  -3.1369962e-02  -1.3550007e-01   3.0219288e-01   2.6104585e-01   5.2013223e-01   7.5925175e-04   4.7583264e-01   4.9504694e-01  -2.4382356e-01  -1.2252146e-02  -6.1241653e-02  -6.1318294e-02  -2.4522388e-01   2.0260184e-01   3.8238702e-02  -2.7079767e-01  -2.5554602e-01  -1.7672496e-01  -3.2077465e-01  -5.2469358e-01   1.1990604e-01   1.1267692e-01   1.8377778e-01   1.2188364e-01   3.3669157e-01   2.7653674e-02  -3.6310714e-01   3.1783241e-01   2.0709104e-01  -5.9705606e-02  -2.7901648e-01  -1.3565525e-01   6.3174891e-02   2.6356909e-01  -1.6861210e-01   9.2793583e-02   1.9021762e-01   7.4116073e-02  -1.0062725e-01  -2.7828971e-01   8.9650216e-02  -7.9762778e-02   4.1770271e-01   5.1528268e-01  -1.2378162e-01  -8.0293612e-02   4.5115654e-01  -4.7880555e-01   1.8347010e-01  -2.8906823e-01   2.7373457e-01  -4.8111094e-01  -4.9614231e-02   7.8452361e-02   1.6505036e-01  -4.9693984e-01  -1.1602497e-01   7.2022879e-01  -4.5702237e-01   6.4497272e-02   5.0217172e-01  -4.9172964e-03  -1.2056305e-01  -2.4438241e-01   2.7491762e-01  -2.2744253e-02   5.4472378e-02  -5.5751491e-01  -1.3730119e-01  -9.0931240e-02  -1.7611096e-01   1.4256860e-01  -4.5913626e-01  -1.3580318e-01  -3.7463161e-02  -3.4471089e-01   5.3599928e-01   5.4355906e-01   2.1000450e-02   6.8024556e-01  -9.7746592e-02   1.4977752e-01  -7.6515774e-02  -1.1328192e-01   4.0961548e-01  -2.1638096e-01   3.1515886e-02   3.4086740e-01   5.4695235e-01  -1.7488818e-02   1.6378702e-01   4.9591933e-01  -5.1426733e-01   6.2470509e-02  -4.0561553e-01   6.0543111e-01   2.0310924e-01   1.9780463e-01  -6.3099292e-01  -7.7596791e-02  -3.5617846e-01   7.7657828e-02   4.7793128e-01   3.0433261e-01  -1.9671357e-01  -6.6654330e-02   5.3374958e-01  -2.5851859e-01  -3.9187002e-02   2.5154725e-01  -2.1840707e-01   1.4714371e-01  -5.0364324e-02  -7.2062970e-02   7.3976287e-01  -5.3566066e-03   1.4894994e-02   3.2680543e-01  -2.2069131e-01   3.9793114e-01   5.6931668e-01   6.0684891e-01   2.5742701e-01  -3.7756945e-01  -1.0471690e-01   3.8298182e-01   2.6851219e-01   2.4229204e-01   7.1931436e-01   1.0321657e-01  -2.6043168e-01  -1.6605617e-01   1.6207120e-01   3.3584953e-01   4.4607798e-02  -3.1313077e-01   6.2916712e-01   5.4015056e-02   1.1319622e-01  -3.0361492e-02   7.5549670e-02  -3.3133237e-01  -3.5599714e-01   3.3111079e-01   7.3360974e-01   2.5384192e-02  -3.2648750e-01  -2.6862297e-01   2.7315775e-01  -6.2958472e-01   3.7568785e-01   6.7162925e-02  -2.8415801e-01  -1.5808367e-01
