   0.0000000e+00  -1.0464682e-01   7.0128147e-03  -2.6308555e-01  -3.9244414e-01  -1.9718436e-01  -2.9526626e-01   6.6417534e-02  -1.9733414e-01  -4.5688946e-02  -3.5155526e-01   2.0236708e-01  -3.4782897e-01   3.3918186e-01   2.5064214e-01  -8.3595991e-02   7.6007315e-02  -3.3166926e-01   1.1614321e-01  -3.4014528e-01   1.6641869e-01  -9.9001063e-02   2.3805989e-01   6.2718173e-01   1.7650851e-02   1.3502376e-01  -5.2046134e-01   1.8025821e-01  -3.2972234e-03  -2.8703588e-01   1.2697283e-01  -6.3109648e-02   1.6056617e-01  -1.2766713e-02   9.5859182e-02  -4.0515987e-01   8.8934292e-02   3.9586923e-01  -2.5504080e-01  -4.8988056e-01  -2.4579920e-01   3.3589205e-01   1.6415991e-01  -2.9619756e-02  -1.7073570e-01   3.3310724e-01  -2.2510102e-01  -4.1642184e-01  -7.2378383e-02  -2.5083929e-01  -8.7377451e-02  -1.0978695e-01  -3.1958983e-01   4.9937048e-01   2.9760415e-01  -1.9204312e-01   1.7041586e-01  -1.0641833e-01  -1.0013261e-01   7.9923664e-02   1.9114785e-01  -1.6987361e-01  -7.4287198e-02  -1.2436705e-01  -1.7807007e-01  -4.1707893e-01  -2.5076364e-01  -9.3358306e-02  -2.7515354e-01  -6.2900836e-02  -1.6793480e-01  -1.0684094e-01  -1.1090599e-01   4.8174897e-01   5.7584749e-01   2.1233554e-01   3.0950878e-01  -7.6747791e-02   2.2254568e-01   6.2877025e-02   1.0385799e-01  -1.6054458e-01  -3.1551359e-01   3.3541553e-02   5.0938681e-01   2.5422244e-01  -1.2129030e-01   4.3822402e-01  -2.6359256e-02   7.9776823e-01  -2.0172715e-01   1.8303579e-01   3.6076277e-02   2.4792687e-02   4.9887482e-01  -2.4880155e-01   2.2545706e-01   2.0510046e-01  -2.9054807e-01  -5.6367105e-02   8.4667764e-02  -3.4666399e-02  -1.8549953e-01  -9.5739901e-02  -2.1096795e-01  -1.4753258e-01   3.2366276e-01  -1.4247326e-01   2.0078455e-01  -3.2398535e-01  -1.6802803e-01  -3.3653902e-01  -3.3537625e-02   8.2384537e-01   2.7972922e-01   2.1676261e-02   8.5700557e-03  -1.8768264e-03   3.4262092e-02  -5.0262170e-03   6.5162435e-01  -1.2183274e-01   1.8210240e-01  -4.8644410e-02   4.2418023e-01   5.5264119e-01   2.6098168e-02   2.3707034e-01   4.6336102e-04  -4.9042429e-02  -2.3919713e-01  -2.9024952e-01   4.2965882e-01  -5.5502845e-02  -3.3819725e-02   2.2282088e-01   2.0037287e-01  -3.7850619e-03  -7.0461990e-03   7.7291959e-01   6.6854292e-01  -2.6206255e-01  -2.7593028e-01  -1.7162824e-01   2.0793898e-01   7.3286165e-02   1.2440735e-01  -3.1407526e-01  -4.1438224e-01  -5.8949337e-02   6.9545115e-01   1.5592429e-01   5.8973783e-01   1.0519911e-01  -1.8397117e-02   6.9171026e-01   5.4062462e-01  -6.4452570e-02   1.1308905e-01  -1.4129872e-01   3.8544461e-02  -2.1465580e-01  -4.2561694e-01  -1.4957052e-01  -2.3922056e-01   4.5300121e-02   7.5007743e-02   1.6715861e-01   3.7616616e-01  -2.3577851e-01   5.3442189e-04   5.6904599e-01  -3.6767816e-01  -1.4143469e-02   1.1089466e-01   5.7214268e-02  -2.2807271e-01
  -1.0464682e-01   0.0000000e+00  -7.0744603e-02   1.1608304e-01  -3.5540216e-02   1.1632716e-01   5.0764857e-01   2.2911260e-01   7.3010775e-01   3.1632053e-01   2.1492318e-01   3.9108418e-01  -3.6574499e-01  -2.5222767e-01   4.4178592e-02   1.5305530e-01   3.3506725e-02   1.4583936e-01   1.9586759e-01   7.0229461e-02   6.6361755e-02   3.5187562e-01   1.3427098e-01  -3.2353651e-01   4.4732090e-02  -6.7243644e-02   2.3299237e-03   1.8809254e-02   6.1376160e-02   2.0510956e-01  -5.3091387e-02   2.0992109e-01   5.7610687e-02   4.4190447e-01   3.3774676e-01   1.6163360e-01  -3.4344467e-04   8.7763855e-02  -4.5483918e-02  -1.9808505e-03  -6.3544997e-02  -7.2522954e-02   6.4736470e-01   2.8185585e-01   3.8156495e-01   6.4754659e-02   4.2245708e-02   2.0490881e-01  -5.1378523e-01  -2.5896441e-01   1.8309665e-01  -5.2440778e-02   4.2280156e-01  -1.5712287e-01  -4.0663365e-02  -5.5228939e-02   2.1234812e-01   3.0546536e-01   4.6170278e-02   6.8681984e-01   7.7839049e-02  -3.2163437e-01   3.3711799e-01   4.6681783e-01   3.2622121e-01   2.6795308e-01   1.5971551e-02   3.7775334e-02  -3.2055025e-02  -8.3480644e-02   5.5297958e-01   7.2702774e-03  -1.8082230e-01   1.8852456e-01   1.0348156e-01   1.1614619e-01   1.5363670e-02   2.1532008e-01   3.7505113e-01  -1.8759704e-02   5.4864013e-02  -1.6126083e-01   1.2197448e-01   3.1350555e-01  -7.1711041e-02   1.6504416e-01   1.5755492e-01   9.0536258e-02   2.5006412e-01  -2.1111012e-01   6.9487374e-02  -6.9780513e-02   3.8359239e-01   6.7589161e-01   4.5508765e-02  -1.6751666e-01   2.1225525e-01   2.1259799e-01  -4.4633377e-02   1.8003192e-01  -7.4406484e-02   3.5475673e-01   2.5903969e-01   6.6523888e-01   1.3648610e-01   1.1881714e-01  -3.2133304e-01   2.3534202e-01  -3.9303050e-02  -2.6817963e-02   3.1728800e-01   6.7377346e-02   3.4050294e-02  -2.5171392e-01   1.1283655e-02   3.7613568e-01  -8.1388609e-02   1.3303559e-01   5.5879895e-02   2.0950785e-01  -1.9994852e-01  -1.9849439e-01   4.3024067e-01   5.8365831e-01   1.1022430e-02   7.3379126e-02   4.4720270e-01  -4.7764259e-01   3.0731288e-01   6.9974851e-03  -2.2231487e-01   3.0987631e-01   4.8859259e-01   4.2054572e-01   4.7021622e-01   2.3559176e-01  -2.2419923e-01   3.9023857e-03   2.4839600e-01  -1.6067836e-01  -1.4512959e-01  -3.2809072e-01   1.1739742e-01   3.0080939e-01   2.5411848e-01   2.0651402e-02   3.6090081e-01  -1.6366056e-01   5.5189994e-02   1.2577404e-01  -1.2717057e-01  -5.1734583e-02  -2.1794693e-01   2.8745613e-01   3.9623569e-01  -1.2891640e-02  -1.2424302e-01  -1.1570346e-01  -6.3062821e-02  -1.6859642e-01   1.2279281e-01   2.7860432e-01  -1.8851989e-01  -3.3467985e-02   3.0080930e-01   3.3606406e-01   1.8222244e-01   9.2909504e-02  -1.4137174e-01   6.7720794e-02   8.2348649e-02  -2.3186485e-03   3.6254382e-02   1.1763093e-01   8.0357437e-02  -3.4792427e-02   3.8347936e-01
   7.0128147e-03  -7.0744603e-02   0.0000000e+00  -2.5794065e-01   2.4673677e-01   2.8830671e-01  -1.4862671e-01   2.1149819e-01  -1.5738784e-01  -1.3121899e-01  -1.6403375e-01   4.1075817e-02   1.6314664e-01  -2.3006614e-01  -2.3927450e-01  -2.8680296e-02   8.2525671e-01  -1.5366343e-01   1.6055161e-01  -2.8694940e-03  -3.3340147e-01  -1.6851154e-01  -3.4352661e-01  -4.4878305e-02   2.6683672e-01   7.8548254e-02  -7.5669148e-02  -2.4904317e-01  -3.4016576e-02  -9.3113980e-02  -2.4388745e-01  -2.0475297e-01   1.3440667e-01  -1.8486226e-01  -3.7241813e-01  -9.9123464e-02  -7.0750906e-02   1.2855206e-02  -7.9798488e-02  -4.3541953e-03   1.2916202e-01   2.3260000e-01  -2.1289163e-02   2.4516855e-02   5.5992313e-02   5.4934986e-01  -1.7681151e-01  -3.2108462e-01   1.0114126e-01   3.0828533e-01  -2.1445072e-02   7.9496298e-02  -1.5378592e-01   1.6289980e-01  -6.3462961e-02   9.1647649e-02   3.6257465e-01  -2.8293165e-01   7.0996891e-03  -1.0190478e-01   6.3729031e-01   1.7626566e-02  -1.5706641e-01  -3.4382259e-01   8.6920304e-02  -1.6287636e-01   4.1751963e-01  -7.7822606e-02  -7.2753945e-02   7.6220477e-01   2.7249072e-02  -1.0573462e-01   2.5070690e-02   5.6453440e-02   6.8237626e-02  -4.5771536e-01   4.4561093e-01   2.3547992e-02   4.6264310e-02   8.0867132e-03  -3.7925770e-01   1.2465396e-01  -5.9852359e-02   3.0534513e-01   4.2347950e-01  -4.1786408e-01  -4.3480640e-01  -2.5143458e-01  -7.0770379e-03   8.6378785e-03   1.5376542e-01   8.2144743e-01  -9.0332932e-03  -1.2783634e-01   2.3783899e-01   1.5527926e-01   1.2140393e-01   2.2248164e-01   3.6973174e-02  -2.2896196e-01  -8.8198966e-02  -1.1666105e-01  -8.8906437e-02  -2.3058883e-01  -1.6069163e-01  -1.4205769e-01   4.9718612e-01   2.9172581e-01  -2.9446359e-01  -2.3113252e-01  -6.9778180e-02   9.1211512e-02  -2.8296744e-01   8.8140535e-02  -7.9063771e-02   2.3320495e-01   2.1550287e-01   1.3310980e-01  -1.0174776e-01  -1.3230498e-01   1.9733171e-01   5.3743218e-03  -3.7145359e-02  -2.0828412e-01   4.4329459e-01  -2.0815147e-01  -8.9400407e-02   1.3458850e-01  -3.1978087e-01   5.0339491e-01   5.3934974e-02  -2.3223507e-01   1.4575555e-01  -1.6638206e-01  -1.6160955e-01  -4.3220618e-01   9.8796958e-02  -2.5197567e-01  -3.8139769e-01   2.0900197e-01   6.9587153e-02   9.5535577e-02   3.8774697e-03   2.4210618e-01  -2.8933351e-01  -4.9968854e-01   1.1148646e-01   1.0636878e-01  -2.2285780e-01  -2.1457361e-01   3.0806024e-01  -5.0585195e-02   4.6764400e-01  -4.8969140e-02   4.3523662e-01   8.5244014e-02   4.0387116e-01  -2.1768964e-02   6.3493473e-01  -2.9991666e-01  -4.9373434e-02   4.7893016e-02  -1.1688007e-01  -1.8397049e-01   1.7259348e-01  -7.3235062e-02   6.0521399e-02   3.0023099e-02   5.0649244e-01   7.1121553e-02   1.5304861e-01   4.0559837e-02  -7.3503991e-02   5.4118856e-01   1.1843521e-02   3.1719479e-02   1.6803075e-01
  -2.6308555e-01   1.1608304e-01  -2.5794065e-01   0.0000000e+00  -1.9242435e-02   2.0856034e-01   1.2509304e-01  -3.0195635e-01   1.8749023e-01  -1.1305263e-02   4.2210175e-01   1.0747763e-01   1.0308282e-01  -1.2665988e-01  -1.6697474e-01   1.9963511e-02  -2.7655188e-01   5.7958941e-01  -1.7587857e-01   2.6925512e-01   1.5017478e-01   4.7736502e-01   1.3345907e-01  -2.0200592e-01  -7.7158124e-02  -4.1828401e-01   2.4238785e-01  -1.2865852e-01   3.2673450e-01   5.8036600e-01  -5.0148723e-02   5.0136585e-01   2.7627436e-01  -5.3806910e-02   4.6775605e-02   3.8921509e-01   9.2054277e-02  -1.6326047e-01   1.1560728e-01  -2.8966776e-02   3.1111341e-01   9.9998211e-02  -6.8113462e-03  -1.2784359e-01   2.1465670e-01  -4.9103345e-01   5.4564744e-01   1.3937008e-01   1.7374862e-01  -1.8416589e-01   4.0913773e-01  -9.9334338e-02   7.7685870e-02   2.7658971e-02  -1.6051953e-01   6.4830042e-02  -3.8935854e-02   5.2219897e-01   6.1465662e-01   1.2056946e-01  -3.5872544e-01  -3.8848703e-03   1.4041801e-01   6.8832402e-03   2.6043336e-01   2.3430950e-01  -5.0050749e-02   1.6491919e-01   3.6377658e-01  -3.5860013e-01  -1.7857263e-01   6.3555388e-01   2.4993487e-01  -3.2377470e-02  -3.1648695e-02   1.0015584e-01  -3.2366068e-01  -1.5169423e-01  -6.4623417e-02   5.2361189e-01  -6.1746739e-02   1.7205527e-01   3.5195305e-02  -4.4222877e-01  -2.4533388e-01  -2.7695304e-03  -8.7309608e-03  -6.4114236e-02   1.7222570e-01  -2.2901756e-01  -1.0188155e-01  -3.1086687e-01  -1.4037653e-01   1.1406575e-01  -2.5042646e-01  -5.3051778e-02  -8.8213892e-02  -2.9482067e-01   3.6589456e-01   2.5211548e-01  -1.0280799e-01   7.7665755e-02   2.1818369e-01   1.2397188e-01   6.6084584e-01   5.8484632e-01   8.1583656e-02   3.6514546e-02  -1.5755081e-02   2.9532450e-01   2.2142077e-02   3.2188422e-01   7.5636427e-01  -3.7605910e-01  -2.4794270e-01  -1.7401176e-01  -6.5851393e-02   6.8363265e-02  -1.4920242e-01   7.7258963e-01  -1.8271472e-01  -5.5795509e-02   2.6028930e-01   4.8443317e-02  -3.2485053e-01  -2.2679879e-01   7.4241797e-02  -1.0783239e-03   5.3608849e-01  -2.3109740e-01   9.8403878e-02   1.8548243e-01  -2.1131993e-01  -2.3389836e-02   5.6822472e-01   8.1555363e-02   2.5137578e-01  -5.0360925e-02   1.3067468e-01  -2.4747556e-01  -1.8843737e-01   7.8132948e-02   1.2816840e-01  -9.3787960e-02  -4.9023687e-03   2.6370729e-01  -2.2351674e-02   2.4153315e-01   4.7931921e-01   1.1804653e-01  -2.7604146e-01  -2.9912871e-01  -1.1651251e-01   7.2605709e-02  -1.0917447e-01  -2.1316521e-01  -2.8662794e-01   5.0790902e-01  -1.1587020e-01   1.1777774e-01   3.5085795e-01   1.6749676e-01   2.2537411e-01   6.8054046e-01   1.9531447e-01  -1.3843410e-01  -2.3263711e-02  -3.1143521e-01  -1.3528689e-01  -6.8611376e-02   4.4292046e-02  -8.5332233e-02   6.3611664e-01   1.6274737e-02  -7.3958602e-02   3.8763991e-01   2.8816678e-01
  -3.9244414e-01  -3.5540216e-02   2.4673677e-01  -1.9242435e-02   0.0000000e+00   2.6985523e-01  -2.4908859e-02   1.2152225e-01  -7.4385095e-02  -1.1864387e-01   2.6728504e-01  -8.9595462e-02   5.1933145e-01  -3.3750239e-01  -2.9815118e-01   8.4575299e-02   2.8898727e-01   1.4517452e-01   2.9010269e-02   7.2188558e-01  -3.5593777e-01  -1.1710093e-01  -4.2334880e-01  -2.3010667e-01   2.3309497e-01   9.4183673e-02   4.8463607e-01  -3.9792447e-01   8.0132791e-02   8.6730060e-03  -2.4745367e-01  -1.0903811e-01  -9.6700781e-02  -1.1657314e-01  -4.1253487e-01   6.5838843e-01  -1.5345427e-01  -1.6656689e-01   2.9067888e-01   4.0754401e-01   3.8602485e-01  -3.1757290e-01  -2.1410908e-01   5.5869771e-02   2.1747842e-01   1.0791518e-01   3.3473588e-01   1.1346278e-01   2.1105582e-01   4.7392723e-01   1.2394058e-01   2.2590251e-01   5.0462218e-02  -3.1276892e-01  -2.4250655e-01   1.9147852e-01   2.9099529e-02  -1.0600592e-01   1.7853623e-01   4.7361848e-02   1.6682549e-01   3.3384582e-01  -2.1570049e-01  -2.7943232e-02   3.5855144e-01   1.6092735e-01   3.6344512e-01  -6.7959580e-02   3.3019686e-01   1.9235283e-01   8.2934033e-02   4.3523483e-02   3.7869938e-01  -1.3012764e-01  -4.4861054e-01  -3.9204562e-01   1.7250801e-01   1.4054578e-01   5.8060414e-02   1.4348299e-01  -4.2857023e-01   2.1857205e-01   2.6348381e-01   1.0322663e-01  -1.6761676e-01  -5.5708142e-01  -2.7261865e-01  -2.6216688e-01  -9.9722862e-02  -3.7587003e-01   4.3543351e-01   1.8748166e-01   4.3778616e-03  -2.8582765e-03  -1.2744166e-01   7.2378137e-01  -4.0651362e-03   3.2114145e-02   3.9338940e-01  -3.5035090e-01  -1.6095671e-01   2.1440532e-01  -1.6555236e-02  -6.0282877e-02   1.0583726e-01  -2.5179716e-01  -3.4393744e-02   3.2094538e-01  -2.2522380e-01   7.2390504e-02   1.4812869e-01   2.0542566e-01  -2.4330128e-01  -3.7226254e-01  -3.9721962e-01   2.2832590e-01   3.4297667e-02   3.0307617e-01  -1.4570165e-01  -6.2599762e-02  -1.1237898e-01   3.4754155e-01  -2.2497440e-01  -2.2664044e-01   8.6098624e-02  -1.5498783e-01  -2.5190876e-02  -3.7926715e-02  -2.2860295e-01   8.4698600e-02   3.6296055e-01   1.9875092e-01  -1.4656022e-01  -2.5772656e-01  -1.8714574e-01  -4.3247573e-01  -1.1582337e-01  -3.5635863e-01  -2.7943542e-01  -2.3268926e-01  -2.2115460e-01   3.7592225e-01   2.0964631e-01  -1.3821483e-01  -3.3881454e-01  -3.9478748e-01  -2.4950363e-01   4.3064696e-01   2.1123916e-01  -2.0672368e-01  -2.6509166e-01  -1.8178200e-01  -7.6428846e-02   2.1802704e-02   1.2417384e-01  -3.4632745e-01  -7.4286425e-03   1.9850405e-01   2.6306531e-01  -4.4844137e-02   3.9170453e-02   1.2353601e-01   1.5687949e-01  -4.6510659e-02   1.8810090e-01   1.2745080e-02  -1.0488989e-01  -8.4744425e-02   1.2823984e-01   5.8575740e-01   2.3910530e-01  -2.5844812e-01   3.0926863e-01   1.4031040e-01  -1.4122625e-01  -2.9542746e-01   1.2357341e-02
  -1.9718436e-01   1.1632716e-01   2.8830671e-01   2.0856034e-01   2.6985523e-01   0.0000000e+00   1.7008909e-01   1.3652787e-01   1.4188677e-01  -8.8190586e-02   1.4855279e-01   2.9619406e-01   5.8444628e-02  -2.2524986e-01  -4.2665591e-02   7.7317822e-02   2.7068859e-01   2.1483723e-01   1.7088548e-01   3.2738149e-01   1.0274445e-01   2.5287639e-01  -3.9923335e-02  -3.9574182e-02   4.2857602e-01  -1.5449138e-01   2.3883400e-01  -1.2454642e-01   6.6810559e-02   2.3999400e-01  -7.4777574e-02   1.2978076e-01   5.6312934e-02   1.0087983e-02  -5.6011672e-02   2.9535369e-01   8.0954750e-02   6.5376404e-02   5.6189432e-02   1.4308987e-01   3.3072978e-02   1.3488119e-01   2.2112100e-01  -6.9631769e-02   2.6261441e-01  -3.5639682e-02   2.7485328e-01  -1.3295816e-01   5.5722865e-02   1.3507432e-01   2.1052793e-01   1.0792225e-01  -8.2356463e-02   1.6918872e-01  -3.1012479e-02  -3.6447727e-02   5.8076123e-01   2.0032744e-01   2.6264997e-01   1.2270804e-01   1.7396102e-01  -9.6554330e-03   2.8644993e-02  -9.9898542e-02   2.6939207e-01   7.1607262e-02   5.0676264e-01   2.8392499e-02   2.4801416e-01   1.4030633e-01  -1.6226593e-01   2.8967974e-01   1.0588579e-01   1.4590928e-01   8.8293991e-02  -1.9006556e-01   3.3473781e-02  -2.8438661e-02   2.0225312e-01   4.0222588e-01  -9.0752782e-02   2.3893790e-02  -1.4412255e-02   4.6640798e-02   7.0205638e-02  -2.9744444e-01  -2.1642839e-01   1.0175021e-01   1.1416097e-01  -2.3113092e-02  -7.9712582e-02   1.6796103e-01   7.7689808e-02   7.2126219e-02   1.1337856e-02   9.2389005e-02   3.9902628e-01   2.3094634e-01   1.7633508e-01   1.4845133e-01  -1.6632350e-01   2.8849021e-01   1.3502602e-01  -9.5964485e-02   3.5389890e-01   6.9362512e-03   3.0912014e-01   4.4411953e-01  -2.6653891e-02  -5.1498069e-02   1.6738949e-01   1.9885958e-01   1.1255936e-01  -1.8798906e-01  -1.1235328e-01  -1.2438329e-02   5.4799955e-03   1.7440663e-01  -1.9627601e-01   1.8822571e-01  -4.5383317e-02  -6.0811477e-02   2.3742429e-01  -2.8393248e-02   6.6411784e-02  -1.3785449e-01   3.0040393e-01   6.2689512e-02   1.4523742e-01   5.2738351e-02   1.1248910e-01   2.2874449e-02  -3.4525648e-02  -6.1115201e-02   2.4418877e-01  -1.3606565e-01   3.3619672e-01  -2.4703218e-01  -1.0311753e-01  -6.5342970e-02  -1.1289479e-01   6.0634870e-02   1.8215317e-01   1.6818624e-01   9.8205460e-02  -8.2625360e-02   1.8088578e-01   1.5588021e-01   1.3980163e-01  -3.3030062e-02   2.9228107e-03  -1.5775839e-01   2.0892085e-01  -4.4939224e-02   3.5531023e-01   5.7896251e-03  -4.7751032e-02   2.3622111e-01   3.1077647e-01  -7.7356603e-03   1.7651105e-01   1.8805033e-01  -1.3252254e-01   2.1039210e-01   2.1196706e-01   2.9986582e-02   1.2305917e-01  -1.8172730e-01   2.0860762e-01   3.5522164e-02   2.3604309e-01  -1.2898444e-01   2.8535970e-01   5.4607920e-01   4.7105910e-02   1.2479931e-01   1.4476162e-01
  -2.9526626e-01   5.0764857e-01  -1.4862671e-01   1.2509304e-01  -2.4908859e-02   1.7008909e-01   0.0000000e+00   3.0866381e-02   4.0307530e-01   5.6586453e-01   5.5354840e-02   3.8506672e-01  -2.0614195e-01  -3.4963580e-01   1.8323720e-02   1.8214580e-01  -1.8751177e-01   1.4658707e-01   1.0558024e-01   2.2480096e-01  -3.5040346e-02   1.8636886e-01   8.0222818e-02  -3.7227110e-01  -1.6759970e-02  -1.8620138e-01   5.0622584e-02   3.6163540e-03   4.7901119e-02   1.5061281e-01  -1.2815155e-01   2.4804663e-01  -1.2920689e-01   6.0504156e-01   3.3844072e-01   1.7365296e-01   4.6726246e-02  -2.4528701e-01   3.1454878e-02   2.7626420e-01   3.9335489e-02  -1.5822350e-01   5.4782466e-01  -4.6503306e-02   4.8090986e-01  -2.7357274e-01  -1.1578424e-03   4.1632847e-01  -3.9111551e-01  -2.8476777e-02   1.3077976e-01  -1.1523519e-01   4.2252774e-01  -2.4304162e-01  -1.4219978e-01  -2.2331723e-01   6.9415487e-02   2.0417145e-01   1.5185257e-01   2.6783466e-01  -2.0899707e-01  -1.4541788e-01   2.4024001e-01   3.4009255e-01   4.1827969e-01   5.4854232e-01  -6.7818727e-02  -1.7837243e-02  -3.4185340e-02  -1.6208019e-01   4.9175146e-01  -1.0038926e-02  -4.7678665e-02   9.8436399e-02  -1.0682383e-02   2.3455099e-01  -1.5022821e-01  -1.6484540e-02   4.1014386e-01  -8.9699528e-02   1.7614908e-01   1.3185665e-01   1.6166916e-02  -3.8152599e-02  -1.3184376e-01   1.7408072e-01   1.8884956e-01   8.4517501e-02   9.4597456e-03  -4.1100372e-01   1.8641120e-01  -2.8148601e-01   4.5205966e-01   3.2735737e-01  -1.6464626e-01  -8.4804535e-02  -7.4671339e-02   5.0155179e-02   7.6677400e-02   4.9771376e-01  -3.7713437e-02   3.7746479e-01   1.5201357e-01   2.7896166e-01   2.1467996e-01   2.5156072e-01  -3.2470851e-01   1.4458530e-01   5.1816425e-02  -4.4816382e-02   3.7278028e-01   6.2265826e-02   2.3953880e-02  -4.3512389e-01   7.9238757e-02   2.5552399e-01  -1.5721954e-01   1.9728301e-01  -1.1665540e-01   1.1387862e-01  -2.3657569e-01   9.5108332e-02   4.7405374e-01   4.2354319e-01  -2.6514671e-01  -3.9163513e-02   4.8430575e-01  -3.6398697e-01   2.9096430e-01  -1.7684600e-01   1.0021704e-02   3.1040309e-01   4.7476113e-02   2.7083916e-01   3.2980685e-01   2.2687551e-01  -1.4347573e-02  -7.7736408e-02   2.5681686e-01  -2.1821049e-01  -1.9964729e-01  -2.5986351e-01   2.7717947e-02   2.3748459e-01   2.5277484e-01   3.6566582e-02   5.2164036e-01  -2.8766650e-02   1.4990302e-01   2.5394444e-01  -1.8695269e-01  -1.7836049e-01  -3.4285229e-01   4.5362971e-02   2.3302482e-01  -3.0379913e-01  -1.7409654e-01   6.4534620e-02  -3.2218508e-01  -1.1502708e-01  -8.1899107e-02   1.3131868e-01   2.6382734e-02   5.4641751e-02   2.0642594e-01   6.2749901e-01   1.2280686e-01  -2.4578789e-01  -3.5306875e-01   1.1243191e-01   2.5130629e-01  -2.0300901e-01   5.2364384e-02  -4.6772895e-02   1.0045633e-01  -1.8610406e-01   2.0897565e-01
   6.6417534e-02   2.2911260e-01   2.1149819e-01  -3.0195635e-01   1.2152225e-01   1.3652787e-01   3.0866381e-02   0.0000000e+00   7.9375511e-02  -1.9102958e-01   1.2848283e-01   1.7835844e-01  -2.6455874e-01  -1.0082550e-01   2.9005356e-01  -3.4046814e-02   1.9987600e-01  -3.7460122e-01   3.4783928e-01   6.4249451e-03  -1.2119516e-01   2.6454343e-01   6.8701007e-02   7.1720537e-02   9.1955707e-02   6.6055012e-01  -2.4796645e-01   3.9786067e-02  -5.4343845e-03  -1.7033557e-01   3.3709841e-02   3.8324368e-02  -1.4604869e-01   1.9481005e-01   5.5669815e-02   4.4444518e-02  -2.4032591e-02   2.2956702e-01  -1.7999191e-01  -1.6099836e-01  -3.0379333e-01  -1.5555893e-02   9.4791012e-02   1.5827693e-01  -3.9004554e-02   3.0749696e-01  -6.4930377e-02  -2.4779616e-01  -3.8464107e-01  -3.7968957e-02  -2.0508582e-01   7.0765331e-01   8.6637987e-02  -2.0393040e-01   4.7848253e-03   2.3984219e-01   4.3178791e-01   1.3575525e-01  -3.0246763e-01   2.6713024e-01   2.9935443e-01  -2.2794213e-01  -2.1166312e-01   1.9494611e-01   4.6856366e-02  -2.1126161e-01   1.0830446e-01  -1.1202645e-01   6.2564901e-02   1.9033715e-01   4.1449289e-02  -2.6987972e-01  -2.5922955e-01   1.9837690e-01   5.4892581e-02  -2.4461659e-01   2.9443462e-01   1.2766550e-01   8.7821411e-02  -2.2648473e-01   1.5006608e-01  -2.6400118e-01  -3.9580990e-03   6.4022458e-01  -4.9808843e-02  -1.6389665e-01  -7.7040362e-02   1.3012031e-01   2.2735286e-02   9.0347469e-02  -2.6434100e-01   2.2109585e-01   1.8172752e-01   3.3416429e-01   1.6522901e-01  -1.5127599e-01   1.1186968e-01   5.0119125e-01  -1.6230930e-01  -8.8267345e-02  -9.6126574e-02   4.6886886e-01   2.0758086e-01   4.5487792e-02  -1.5317662e-01  -2.3483312e-01  -2.1901259e-01   4.4604409e-01  -1.4494517e-01  -4.1378445e-01   1.8405694e-01   1.7801291e-01  -3.5616715e-01   1.3524083e-01   4.3226206e-02   6.8905772e-02   4.9988248e-01  -1.8845558e-02  -1.0935144e-01  -1.1197028e-01   7.4247101e-02  -3.9843150e-01  -7.6663935e-03   8.0128348e-02   2.9025957e-01   2.3532521e-01   3.0951694e-01  -2.4356696e-01  -1.4986505e-01   4.0866926e-02  -9.4943836e-02   6.5239031e-03   1.9096994e-01   1.7636710e-01   7.5265190e-02   5.0185260e-02  -2.5891962e-01  -1.4482494e-01   3.4141373e-01   3.4244424e-02   1.3858418e-02  -2.9984015e-01   4.8962154e-01   1.3667888e-02   2.4137384e-01  -3.0819110e-01   8.7787555e-02  -3.5722598e-01  -3.5371497e-01  -7.8411795e-02   2.7484891e-01   5.0616066e-01   1.5575359e-01   3.6243370e-01   1.8595788e-01   2.0308328e-02   1.1686810e-01  -1.0216127e-01   2.5755758e-01   1.4184424e-01   4.1870956e-03   3.0339195e-01  -4.6862846e-01  -3.1734434e-01   3.6137339e-01   7.2254449e-02   2.7911539e-01   2.0586992e-01   1.3802780e-01  -8.3099033e-03  -1.4208631e-01   5.0453443e-02  -3.0173671e-01   2.6343549e-01   2.7333642e-03  -1.2649456e-01   4.0872416e-01
  -1.9733414e-01   7.3010775e-01  -1.5738784e-01   1.8749023e-01  -7.4385095e-02   1.4188677e-01   4.0307530e-01   7.9375511e-02   0.0000000e+00   3.4044545e-01   1.2049952e-01   3.4418600e-01  -1.7032948e-01  -2.7535027e-01  -5.3987267e-02   3.4565683e-01  -9.0729547e-02   3.5866531e-02   2.0048495e-01   1.2983938e-01   1.4978784e-02   4.8392277e-01   4.1046533e-03  -3.2383676e-01   1.8249814e-02   3.0282747e-04   4.9469206e-02  -8.1913167e-02   3.8159041e-02   1.3318262e-01  -3.7301231e-02   2.2767063e-01  -1.9452277e-03   2.7022107e-01   3.4993069e-01   1.1778054e-01  -7.9473800e-02   1.5020507e-01   1.4858435e-01   1.5903930e-01   5.9157688e-03   7.9993790e-02   6.3524490e-01   5.8972270e-02   2.2636743e-01  -7.1506148e-02   8.7730154e-03   1.3002814e-01  -3.2091983e-01  -1.6523096e-01   3.9839660e-02  -1.0236337e-02   3.0529324e-01  -8.6117103e-02  -2.2795753e-02  -1.1495289e-01   1.5086544e-01   4.2278416e-01  -1.8696436e-02   5.7532377e-01  -4.3747074e-02  -1.6272244e-01   5.8248174e-01   1.9797105e-01   3.4067059e-01   1.0666851e-01   1.9710179e-02   2.3392136e-01  -4.7060280e-02  -1.1726083e-01   4.9395743e-01  -1.1752456e-01  -1.7611477e-01   1.7585569e-01   1.8034017e-02   5.3385107e-02  -3.1332244e-02  -3.3621579e-02   3.5372293e-01   3.1530828e-02  -1.1153183e-04  -1.6429874e-01  -6.4870163e-02   1.8323943e-01  -2.3003791e-01   1.4387566e-01   3.1099524e-01   6.1204490e-03   3.7280013e-01  -2.6651476e-01   3.7302250e-02  -6.8596536e-02   2.6991832e-01   6.5571378e-01  -2.0233177e-02  -1.8499774e-01   2.5460416e-01   9.3101024e-02  -4.7313776e-02   1.1809295e-01  -6.2491108e-02   1.2279744e-01   2.3969638e-01   6.0066162e-01   8.3829550e-02   1.7518892e-01  -3.0538539e-01   1.0589461e-01  -5.9725445e-02  -1.0808891e-01   1.2704357e-01   4.8805642e-02   2.1897831e-01  -2.7051288e-01  -9.6931186e-02   3.3801539e-01  -1.2713433e-01   1.0939559e-01  -1.2933141e-04   1.4148083e-01  -2.0416105e-01  -1.9511596e-01   3.9514192e-01   3.3460726e-01  -9.4416556e-02  -6.9785747e-03   1.8028342e-01  -2.9875406e-01   4.0496473e-01  -6.6799403e-02   2.9599446e-02   2.4740187e-01   3.4585380e-01   3.0741678e-01   5.1592285e-01   1.5441531e-01  -1.9248057e-01  -3.2481931e-03   1.4472448e-01  -2.9532852e-01  -3.7737908e-01  -1.6151600e-01   7.5671241e-02   1.9628356e-01   1.2562493e-01  -1.4220595e-02   3.0081912e-01  -3.2916442e-01  -8.4985224e-02   1.1236036e-01  -2.4082044e-01  -1.7286647e-02  -2.6315364e-01   8.6453280e-02   3.5691332e-01  -1.1134275e-01  -3.1402030e-01  -7.9136313e-02  -1.5235561e-01  -9.3667590e-02   6.6466280e-02   1.6597805e-01  -1.5565421e-01  -1.6421041e-01   3.0403424e-01   3.3384138e-01   7.4232797e-02  -2.1117535e-02  -2.7738759e-01  -2.6980013e-02  -2.2469966e-02  -7.3877691e-02   9.3702672e-02  -7.7287204e-02   1.1360097e-01  -4.6257404e-02   3.7906871e-01
  -4.5688946e-02   3.1632053e-01  -1.3121899e-01  -1.1305263e-02  -1.1864387e-01  -8.8190586e-02   5.6586453e-01  -1.9102958e-01   3.4044545e-01   0.0000000e+00  -1.5267668e-01   1.6342912e-01  -2.0536655e-01  -1.1487131e-01   8.7230225e-02   2.5026046e-01  -8.4043062e-02   3.4654006e-02  -7.3636775e-02   1.0435193e-01   8.6879663e-02  -3.4585372e-02   1.7533857e-02  -3.6080794e-01   2.8863561e-03  -1.1258264e-01   3.0932547e-03   2.3228590e-01  -2.2972525e-02   1.4488772e-02   1.0495114e-01   2.0413412e-01  -2.8127741e-01   4.9941598e-01   2.5555933e-01  -5.8954389e-02   4.1828262e-02  -1.3581121e-01   4.4051845e-02   3.5523659e-01   6.0837109e-02  -1.9883664e-01   4.4193574e-01  -2.6463455e-02   2.2371804e-01  -3.2335156e-01  -3.3461345e-01   3.3547419e-01  -1.8997623e-01   1.8131562e-01   8.7636382e-02  -2.3840426e-01   3.7780833e-01   7.0441362e-02   3.1503839e-01  -3.5648936e-01  -1.9861513e-01   1.1223386e-01   1.4798122e-01   9.2459179e-02  -2.5529464e-01  -1.1017119e-01   3.0005098e-01   2.7780928e-01   1.7517914e-01   5.4332103e-01  -2.3813486e-01   1.2321209e-02  -3.8149781e-01  -1.5964781e-01   5.8655610e-01  -1.7329519e-01  -1.4023337e-02   4.2002642e-02   8.2999235e-02   3.1995076e-01  -5.1356280e-02  -8.2505351e-02   4.7451948e-01  -2.5521317e-02   1.3947472e-01   3.5186374e-02  -7.9210211e-02  -3.0449624e-02   1.3489184e-01   3.3992450e-01   4.5712166e-01   5.7044649e-02  -4.3973298e-02  -2.5447413e-01   4.2936149e-01  -2.9117023e-01   5.5125473e-01   3.4725109e-02  -9.1593962e-02   6.5269265e-02   7.9722647e-02  -3.5554634e-02  -1.2193036e-01   4.4750709e-01   3.0521072e-01   6.6454294e-04   5.2481506e-02   4.1522965e-01  -4.9830359e-02   1.9964813e-01  -1.0993090e-01  -5.5519541e-02   3.2129902e-01  -1.2467890e-01   1.4665260e-01  -3.9185038e-02  -9.7158328e-02  -2.2111421e-01   3.9226469e-01   2.3620196e-01  -1.5246333e-01   1.5667853e-01   8.9672160e-02  -1.3409723e-02  -2.2426855e-01   4.7984030e-01   3.1872397e-01   4.4743676e-01  -2.9216066e-01  -9.8542890e-02   1.7217255e-01  -2.2614092e-01   2.6376732e-01  -1.0244880e-01  -3.7348960e-03   3.1672709e-01   1.3054664e-01   4.4128818e-01   2.3657738e-01   2.1424585e-01  -1.0711620e-01   1.9931277e-01   1.5177732e-01  -1.5324437e-01  -8.0625003e-02  -2.6443713e-01  -1.0333506e-01   2.0491642e-01   2.3450380e-01   7.4507270e-02   6.0608471e-01  -5.3713357e-02  -8.0326277e-02   4.1664870e-01  -4.6921373e-02  -2.1475562e-01  -3.2433492e-01  -6.6743769e-02   2.1421219e-01  -1.6472683e-01  -2.6241243e-01  -9.1802836e-02  -4.4823554e-01  -3.0558290e-01  -9.6322337e-02   3.5005224e-02   2.8608135e-01  -1.0481013e-01   5.1875750e-02   6.6907187e-01  -2.7341895e-02  -1.2243254e-01  -3.3092104e-01   1.4641824e-01   2.1056827e-01  -1.9289599e-01  -1.4578097e-01  -4.3370157e-01   6.5047535e-02  -3.5781276e-01  -5.0107441e-02
  -3.5155526e-01   2.1492318e-01  -1.6403375e-01   4.2210175e-01   2.6728504e-01   1.4855279e-01   5.5354840e-02   1.2848283e-01   1.2049952e-01  -1.5267668e-01   0.0000000e+00  -7.5712868e-02  -1.4367714e-02  -5.4511337e-02   1.2187147e-01   1.3898702e-01  -4.6319844e-02   6.4472840e-01   6.5427424e-03   4.6965689e-01   1.0388084e-01   1.9588728e-01   2.0691823e-01  -2.2636264e-01  -2.1995776e-02   3.4414114e-02   4.1259023e-01  -6.5748064e-02   1.8764618e-01   1.7860455e-01   2.3848368e-01   3.1657782e-01   1.7056283e-01   1.6264391e-01  -7.3174185e-02   7.1692787e-01   3.0104338e-01  -6.6672974e-02   2.0825393e-01   1.1890299e-01   3.2441325e-01  -5.2265720e-02  -8.2972563e-02   4.4469948e-01   4.1868641e-01  -9.6037250e-02   8.0362820e-01   4.8446418e-02  -3.8572870e-02  -6.5186505e-02   6.2486378e-01   2.1165863e-01   1.5393475e-01  -2.2766488e-01  -8.9893300e-02   6.4566355e-01   4.1030915e-02   3.8625587e-01   4.3864063e-01   1.3557704e-01  -1.0499165e-01  -1.2439646e-01  -5.2565650e-02   4.4152260e-01   1.8793587e-01   2.9297630e-01   1.4066051e-01  -6.5469494e-02   7.5841568e-01  -9.2439304e-02  -9.1288558e-02   4.7610586e-01   4.3320637e-01  -2.5744112e-01  -1.5214346e-01  -7.3301597e-02  -9.9839762e-02   3.3377874e-01  -1.4266154e-01   2.5100950e-01   1.8155342e-02   2.3244133e-01   5.2169470e-01   8.5079005e-02  -3.4553754e-01  -2.1472397e-01  -6.3992385e-02  -1.6207152e-01   7.7826391e-02  -3.2907359e-01  -8.4048903e-02  -1.8885865e-01   5.5170201e-02   2.9030255e-01  -1.8793313e-01   1.8007815e-01   4.1651341e-02   7.9956204e-02   1.4553982e-01   4.1433575e-02  -6.7506623e-02   5.1139393e-01   1.7609480e-01   2.4771397e-01   4.5411567e-01   7.9426854e-02  -1.9965991e-01   3.7898820e-01  -2.3913681e-02   2.5758102e-01   4.7335308e-01   2.3291737e-01   2.6378582e-01  -4.1808442e-01  -1.5183909e-01  -8.9665708e-02   1.2524731e-01   3.0917017e-01   2.5659906e-02   4.0791507e-01  -1.9614906e-01  -1.3580727e-01   8.4357083e-02   1.5925231e-01  -1.2133660e-01  -2.5559345e-01   3.7182344e-01  -1.7783770e-01   9.6648158e-02   5.3176457e-03   2.6783379e-01   4.8239186e-01  -1.3129520e-01   1.1464687e-01   2.1268508e-01  -8.0081108e-03  -9.2775892e-02  -5.0696568e-02   2.6057499e-01  -3.4776313e-01  -2.1380788e-01  -7.1937046e-02   5.8087538e-01  -6.0706592e-02   2.4620433e-01   1.1013518e-01  -1.8915860e-01   3.0033728e-01   5.3404874e-01   1.2703154e-02  -2.5949934e-01  -6.1873113e-02  -2.3014433e-01   4.1894055e-01  -5.3526266e-02  -3.0561861e-01  -2.3781583e-01   4.3711208e-01   6.5493977e-02   2.6907862e-01   1.8512248e-01   5.4300589e-01   1.8691650e-02   2.8169782e-01   2.5908645e-01  -1.2128133e-02   4.9149645e-01  -2.0955279e-02  -1.9506090e-02   2.6076476e-01   1.2505647e-02  -2.6292518e-01   3.2783047e-01   1.1535889e-01  -1.8308489e-02   9.8369888e-02   1.2163359e-01
   2.0236708e-01   3.9108418e-01   4.1075817e-02   1.0747763e-01  -8.9595462e-02   2.9619406e-01   3.8506672e-01   1.7835844e-01   3.4418600e-01   1.6342912e-01  -7.5712868e-02   0.0000000e+00  -2.3827529e-01  -5.7506889e-01  -1.0178097e-01   1.3271346e-01  -8.4255729e-02   5.7285915e-02   1.3451271e-01   1.9207317e-01  -2.6095803e-01   5.0498631e-01  -6.8912642e-02   2.1316602e-01   5.3179699e-02  -1.3100353e-01  -4.1554911e-01  -2.8123311e-01   3.0018434e-01   1.5052723e-02  -3.9732775e-01   3.3598821e-01   2.9118531e-01   1.7164107e-01   1.2648172e-01   3.1931196e-02   7.4025620e-03   2.4636857e-01  -6.8564766e-02  -2.1577821e-01  -8.0869788e-03   3.7551353e-01   6.8019090e-01  -2.5332675e-01   2.3290611e-01  -1.3157965e-01   4.9810537e-02  -3.5492979e-01  -3.8298340e-01   3.4939965e-02   1.1455500e-01   8.2849156e-02  -1.6345109e-01   2.4803453e-01  -2.3947725e-01  -3.0769373e-01   6.2173861e-01   4.0062538e-01   9.2717456e-02   5.8922469e-01  -5.4820893e-02  -2.4545849e-01   2.9521130e-01  -7.3821953e-02   3.8605684e-01  -1.6312676e-01  -2.6293593e-01   1.1112851e-01  -6.2956362e-02  -2.3382665e-01   1.6220938e-01   4.3459099e-02  -2.9035210e-01   8.5953465e-01   4.9893351e-01   2.6047862e-01   6.3240214e-02  -2.1783493e-01   6.0318571e-01   3.1950145e-01  -1.5399204e-01  -1.0509206e-01  -3.0331113e-01  -1.8185637e-02  -5.7006999e-02   1.3492450e-01  -2.9061845e-01   6.1414157e-01   2.5157610e-01   4.6404800e-02  -1.9617970e-01   2.0580487e-02   3.0836004e-01   4.6474452e-01   7.7124064e-02  -2.3979874e-01   1.3063703e-01   2.8861087e-01   1.5906500e-01   2.1583421e-02  -4.1098241e-01   3.1553462e-01   5.7086352e-02  -4.2450967e-02   3.3531151e-01   3.2003769e-01   6.5359145e-02   2.0855338e-01  -1.8109911e-01  -5.1884748e-01   6.7119915e-02   1.9329404e-02   1.8042378e-01  -5.6704006e-03  -1.8735519e-01   6.4567054e-02   5.0311300e-02  -2.0961305e-02  -4.9801279e-01   2.9762787e-01   2.0918214e-01  -1.5240529e-01   7.4937596e-01   2.8568242e-02   1.6857046e-01   4.4625245e-01   3.6349310e-01  -7.1789952e-02   5.6070636e-01  -3.1966393e-01  -1.6701246e-02  -1.4415912e-01   5.0026251e-01  -7.5796309e-02   5.5959230e-01   3.4165188e-01   2.7809589e-01  -4.8539117e-01   2.0726865e-01   1.3946661e-01  -9.0577956e-02  -1.4535739e-01   2.8133847e-02   1.7814190e-01   1.9064334e-01  -1.9940207e-01   6.7362544e-01  -3.8288910e-01  -3.6767081e-01  -2.9519721e-01   2.0314915e-01  -2.3207609e-01   3.6982060e-01  -2.9534475e-02   5.4652711e-01   2.7023013e-01   1.0491787e-01   1.2650620e-01   6.1178317e-02  -3.0167705e-01   1.0346786e-01  -8.5699577e-04  -5.1816989e-01   1.1368976e-01   2.1388928e-01   4.3204870e-01   4.6738809e-02  -3.3931358e-01  -1.7666133e-02  -2.0798422e-01   6.6272860e-02   3.2715464e-01  -3.4242500e-02   2.3181974e-01   5.2211157e-03   3.1367502e-02   3.6186558e-01
  -3.4782897e-01  -3.6574499e-01   1.6314664e-01   1.0308282e-01   5.1933145e-01   5.8444628e-02  -2.0614195e-01  -2.6455874e-01  -1.7032948e-01  -2.0536655e-01  -1.4367714e-02  -2.3827529e-01   0.0000000e+00  -2.1511960e-01  -3.6995917e-01   5.5611198e-02   9.9716436e-02   5.6276811e-02   1.8740431e-02   3.6373234e-01  -2.9085765e-01  -1.1310684e-01  -3.8046845e-01  -1.7927809e-01   1.9667720e-01  -2.1848684e-01   2.4808962e-01  -3.8182456e-01   3.3953977e-02   1.3955587e-01  -2.9365423e-01  -3.8780834e-01   3.7811308e-02  -4.5912456e-01  -3.2309810e-01   2.3357227e-01  -4.7630447e-01  -3.6879638e-01   2.8961788e-01   1.5873892e-01   4.7457910e-01  -1.2533908e-01  -3.5846864e-01  -1.9692836e-01  -8.2658284e-02  -5.9158758e-02   1.9266759e-01   1.9596764e-02   5.2203779e-01   2.8602110e-01  -5.9812890e-02  -9.7116623e-02  -2.2299372e-01  -1.0197517e-01  -4.0911276e-01   5.1208756e-02  -1.5775847e-01  -2.6517453e-01   7.9191088e-02  -1.5918075e-01   3.4177622e-02   6.3802826e-01  -7.1879777e-03  -3.5118713e-01  -7.7250327e-02  -1.1425801e-03   2.3340224e-01   1.4426265e-01   1.6597015e-01   1.5747513e-01  -2.6254440e-01   1.0531705e-01   3.1099361e-01  -1.9774359e-01  -3.9873191e-01  -2.9179088e-01  -4.0975011e-02  -1.4702570e-01  -2.3718681e-01   1.6133090e-01  -3.7283882e-01   2.9733077e-01  -1.5292855e-02  -2.7093223e-01  -1.0380927e-01  -4.5432797e-01  -3.0760005e-01  -2.8956817e-01  -9.0517398e-02  -2.3039089e-01   1.7212295e-01   1.5434481e-01  -3.4554711e-01  -3.0123747e-01  -3.0392193e-01   4.0106956e-01  -2.5969984e-01  -1.2618272e-01   4.7782511e-01  -2.4388957e-01  -2.0632878e-01  -2.7485323e-01  -1.6134943e-01  -2.7750237e-01   4.2765720e-02  -2.1466481e-01   1.6652430e-01   5.4447498e-02  -2.7914824e-01   1.9112037e-01  -2.4779460e-01   1.7593320e-01  -6.9521850e-02  -2.8131054e-01  -3.7248978e-01  -5.1201966e-02  -1.3101599e-01   2.1886579e-01  -1.4481490e-01  -1.6670558e-01  -8.6359356e-02   3.0783682e-01  -3.2944260e-01  -5.1548472e-01  -8.7943830e-02  -2.9720206e-01  -4.9258440e-01   3.4832807e-01  -1.7045490e-01   3.9873952e-02   5.0456484e-01  -1.6997463e-01  -3.4821121e-01  -4.4543210e-01  -2.7605951e-01  -4.6110313e-01   1.0795479e-01  -2.5847729e-01  -4.6979825e-01  -2.1224546e-01  -2.8600090e-01   8.2099723e-01  -3.6149132e-02  -4.5782264e-02  -5.0093742e-01  -1.5434413e-01  -3.8056814e-01   3.6422385e-01   2.0284581e-01  -3.2949491e-01  -2.4125353e-01  -2.3574089e-01  -4.0003036e-02  -4.6452896e-01  -1.2473679e-01  -2.8950415e-01  -3.7467058e-02   1.2884097e-01   1.7225297e-01  -6.5013158e-03  -1.8505067e-01  -1.6236377e-01   3.2492479e-01   8.5882216e-02  -1.3919111e-01  -2.9201745e-01  -4.0909638e-01  -3.8438883e-01   4.6753092e-02   8.3572104e-02   6.6230035e-02  -2.0595088e-01   3.4858185e-01   1.0453860e-01  -7.2744906e-02  -1.4839382e-02  -7.4013762e-02
   3.3918186e-01  -2.5222767e-01  -2.3006614e-01  -1.2665988e-01  -3.3750239e-01  -2.2524986e-01  -3.4963580e-01  -1.0082550e-01  -2.7535027e-01  -1.1487131e-01  -5.4511337e-02  -5.7506889e-01  -2.1511960e-01   0.0000000e+00   3.7295483e-01  -2.6350704e-01  -6.6945148e-02  -1.0737279e-01   3.9121330e-02  -4.7299120e-01   5.4372088e-01  -3.6792873e-01   4.1966621e-01   1.6221741e-01  -1.7998978e-01   1.5508023e-01  -7.4351966e-03   5.3159335e-01  -1.9945644e-01  -1.4699858e-01   6.2182682e-01  -3.0515257e-01  -1.5098932e-01  -8.6104633e-03   2.5272790e-01  -3.0038748e-01   1.8702976e-01   4.0198833e-02  -2.0179258e-01  -1.2836276e-01  -3.0693598e-01  -1.3986116e-01  -3.4426811e-01   3.1742156e-01  -3.9951961e-01   1.2347900e-01  -1.7517817e-01   1.3897712e-01   1.3394583e-01  -2.4005529e-01  -1.2945267e-01  -1.4950320e-01   1.6283575e-02  -4.6920901e-03   5.0920043e-01   1.4700814e-01  -3.6147342e-01  -3.4009356e-01  -2.0507789e-01  -2.8969693e-01  -1.8109829e-02  -1.0013325e-01  -2.6548468e-01   1.1429886e-01  -5.3959608e-01   3.4965978e-02   2.8937709e-02  -5.9203255e-02  -1.6488275e-01   4.2678548e-02  -2.7904589e-01  -1.2832910e-01   3.6667259e-02  -3.7054944e-01  -6.4269738e-02  -4.2573438e-02  -9.6337813e-02   1.9829969e-01  -4.5071445e-01  -2.4642218e-01   4.7392794e-01  -1.6489776e-01   2.0339193e-01   1.1315073e-01   2.9831104e-01   1.2209276e-01   3.6149798e-01  -1.3600625e-01  -8.2612098e-02   4.5932594e-01  -1.2998909e-01  -1.0347550e-01  -2.6316056e-01  -2.1398238e-01   1.1120084e-01  -1.2937433e-01   3.5636927e-02  -9.8995983e-02  -3.6186089e-01   5.0293992e-02   5.1961760e-01  -1.9449759e-01   6.8551468e-03   1.1300487e-01  -3.9329039e-01  -3.0532612e-01  -2.6763500e-03  -2.4427139e-01   3.5432698e-01   3.8212520e-01   1.5676453e-03  -2.8410106e-01  -1.0203569e-01   4.2390606e-01   4.2013251e-01  -2.0903063e-01  -8.0775276e-02  -1.4870150e-01   6.1041312e-01  -2.2003641e-01  -1.0680139e-01  -1.1847224e-01  -3.7573849e-01   6.4097662e-02  -9.2160695e-02   9.6192239e-02  -7.8023406e-02   2.0784714e-03  -3.6155429e-01   2.4625468e-01  -3.4926756e-01   6.8889042e-02  -1.4022169e-01   1.5270500e-01  -3.4582048e-01  -4.7658754e-02  -1.7387215e-01   6.1229308e-01  -1.0882892e-01   1.9189008e-01   3.8463334e-01  -1.3848695e-01  -1.3650998e-01  -7.2036038e-02   1.5071067e-01   4.4345050e-01  -4.2580113e-01   6.7574590e-02   1.9091034e-01   2.9111198e-01   1.3838462e-01   4.0537948e-01  -1.5025869e-01   1.0803219e-01  -4.7831446e-01   1.7365819e-01  -3.0305872e-02  -2.2374243e-01  -9.9925617e-02   2.8503710e-01   6.1668115e-02   2.6824324e-02   2.3283282e-01  -1.3562409e-01  -4.1789339e-01  -3.3407923e-01   1.4882182e-01   4.4654961e-01   3.7483994e-02  -9.5134918e-02  -7.3286549e-02  -7.0137429e-02  -2.1386465e-01  -1.7415405e-01  -5.7179618e-02   6.0928075e-02  -4.2822578e-01
