   0.0000000e+00  -4.1658282e-01   3.2386911e-01   4.0001830e-02  -4.6592080e-01  -4.3807664e-01  -5.6379443e-01   2.3980684e-01  -1.8689559e-01  -5.2918444e-01   2.6370841e-01  -5.9886501e-01   9.7703121e-02   2.7479614e-01   3.9441713e-01   2.7584485e-01   2.1548125e-01   1.4131828e-01   6.4883239e-02  -4.8912553e-01  -9.3673045e-02   1.7886121e-01  -1.1784034e-01   6.5673461e-01   9.6103881e-02   4.4953401e-02  -3.7524695e-01   2.5020886e-01   6.2239163e-02  -9.6414623e-02   2.2399632e-01   2.2322348e-01   3.1709681e-01  -5.3619959e-01  -1.4872780e-01  -3.8260217e-01  -1.7387147e-01   4.7298234e-01   1.0430884e-01  -5.1517644e-01   1.8961266e-01   4.6899124e-01   1.4301534e-01   2.5929572e-01   1.4814148e-01   6.2204726e-01   8.7591722e-02  -3.7352948e-01  -1.5532063e-02  -5.6071338e-02   1.5221380e-01   8.5183459e-02  -3.6765086e-01   2.6976841e-01   4.7628717e-01   2.1120690e-01   3.4688180e-01   7.5556512e-02  -5.4860191e-02  -8.9263448e-02   5.2673391e-01  -1.1763679e-01   1.5695579e-01   1.1022515e-01   9.3942443e-04  -1.1642000e-01  -4.1138800e-01  -5.8364760e-02   1.2028269e-01   1.8036081e-01  -5.0233632e-01   1.6519750e-01  -1.2659799e-01   7.0927547e-01   3.0645237e-01   8.9508427e-02   6.3176982e-01   1.0328090e-01  -4.3231541e-01   3.7348978e-01   2.7747259e-02  -6.6476806e-02   7.1711157e-02   2.3866361e-01   7.0557407e-01   1.4803151e-01  -2.9958350e-01   4.9005796e-01   1.3291362e-01   6.6029414e-01  -3.4165480e-01   6.0480220e-01  -2.8279104e-01   4.2547193e-03   5.9014686e-01  -4.2621231e-01   4.8496923e-02   1.2141313e-01  -9.8038586e-02   6.4991184e-03   4.8463082e-01   2.5126304e-01   2.3904959e-01  -1.7606524e-01   3.0629227e-01   1.9485017e-01   2.1267146e-01  -1.1701425e-01  -2.5933250e-01  -3.7498332e-01  -1.1866039e-01   1.1257822e-02   1.0492841e-01   6.8890023e-01   4.8590607e-01  -3.8680954e-01  -2.0853999e-02  -1.4898533e-01  -3.6503238e-02  -2.6856344e-02   7.8604988e-01  -4.0727150e-01   1.2875118e-01  -1.5981179e-01   6.8657219e-01   2.3774965e-01  -2.9392831e-02   3.7544534e-01   1.7723031e-01  -3.5929112e-01   2.0259292e-01  -2.8593878e-01   3.1278957e-01  -3.0749834e-01   1.0278002e-01   1.1994241e-01   1.2282958e-01  -1.9326267e-01   1.7515390e-01   7.7289863e-01   7.7592192e-01   2.9249211e-01   1.8357166e-01  -6.3379324e-01   1.4718626e-01   1.1705375e-01  -3.2790498e-01  -2.7902724e-01  -2.0757339e-01   5.4413988e-02   6.7968238e-01  -1.9942904e-02   6.7136860e-01  -1.1606289e-01  -5.5473784e-01   6.3888986e-01   7.7632941e-01  -4.3841744e-03   3.3375588e-01   1.1034214e-01   1.1168303e-02   1.5921504e-01  -5.4385628e-01   2.5158213e-02   1.7566251e-01  -2.8611018e-01  -7.2396155e-02   3.8927147e-01   4.0783958e-01  -4.1449616e-01  -3.7724904e-01   6.6390165e-01  -1.6748023e-02  -4.1144199e-01   4.1826521e-01   6.2205611e-02  -1.5393453e-02
  -4.1658282e-01   0.0000000e+00  -1.4661546e-01  -2.5598381e-01   5.8221411e-01  -1.0640577e-01   1.0992129e-01  -1.5257052e-01   2.9914192e-01   1.5729402e-01  -4.0659351e-01   6.6643108e-01  -1.1996716e-01  -4.0550914e-01  -3.5330425e-01  -2.6816854e-01   1.8326303e-01  -1.2488699e-01  -1.4224226e-01   3.5391075e-01  -2.1291078e-01  -4.1205910e-01  -3.8020519e-01  -3.2086414e-01   3.9585388e-02  -1.7541424e-01   1.1785143e-01  -5.5464929e-01   4.6376754e-01  -2.3502857e-01  -1.0116986e-01  -2.7561644e-01  -1.2622713e-01   5.7686001e-01   4.1621581e-01   1.1122469e-01   3.3210684e-01  -1.6094479e-01  -1.6823342e-01   9.4666763e-02  -7.5214815e-03  -1.4896649e-01   3.5617763e-01  -2.2855287e-01  -3.8075698e-01  -4.0375485e-01  -3.4156205e-01   1.4906884e-01   1.4110237e-01   5.4440188e-02  -2.3673350e-01  -7.3022798e-02   8.0270388e-01   1.4199028e-01  -2.1622536e-01  -3.8257396e-01  -2.5010063e-01  -4.8026449e-01  -1.6166004e-01   3.3237894e-01  -3.9680541e-01  -1.8308419e-02   6.0883535e-02   1.5225152e-01   1.6194317e-01  -2.9530393e-01   2.0888825e-01   1.3651884e-01  -4.3550862e-02  -1.3445622e-01   8.2042870e-01  -4.4113489e-01   1.5929762e-01  -2.5872620e-01   9.6799517e-02  -2.2097816e-02  -4.1647452e-01  -4.0645661e-02   7.7426690e-01  -2.8054756e-01  -4.9530752e-01   1.2868727e-01  -1.8142082e-01  -9.7253022e-02  -4.4729988e-01  -1.2515062e-01   5.1562557e-01  -3.7204503e-01   1.1914468e-02  -3.9998646e-01   7.0193714e-01  -3.8844523e-01   6.2749038e-02   6.6073096e-03  -2.9457270e-01   3.7850650e-01   1.0529013e-01   3.0020545e-02   1.2724181e-01  -4.3198660e-01  -3.9348930e-01  -3.9406224e-01  -4.8277605e-01   4.4873813e-01  -6.4558469e-01  -2.6098335e-01   2.7428236e-02   1.0874920e-01   2.0043230e-01   2.0372019e-02  -3.0841214e-01  -5.6624151e-01  -2.1163436e-01  -4.9327774e-01  -6.3657863e-01   6.9744579e-01   1.1565326e-01   7.0264166e-02  -6.0719900e-02  -2.0110795e-01  -4.5280955e-01   7.0007690e-01   8.2905805e-02   5.7359366e-01  -4.6899664e-01   2.7661312e-01   1.4140974e-01   7.5894988e-02  -3.0563919e-01   2.9878718e-01   6.5028016e-02   9.7108648e-02   3.7843964e-01   5.4727210e-01  -1.0545157e-01  -1.8764551e-01   6.2323380e-06   7.5016515e-02  -2.5747171e-01  -3.0014283e-01  -5.1569367e-01  -1.3871663e-01  -2.8400197e-01   3.3740969e-01  -1.3177028e-01  -2.7798844e-01  -4.6033043e-02  -4.3890710e-02  -3.0329860e-01  -3.2489289e-02  -4.0775629e-01  -3.0087177e-01  -3.9365461e-01  -1.0808337e-03   7.5933053e-01  -2.8684992e-01  -3.7616645e-01  -1.3926628e-01  -3.3064146e-01  -5.6755909e-01  -1.6260964e-02  -1.6971773e-01   5.1077009e-01  -3.5900157e-01  -1.9409333e-01   4.6871370e-01  -9.5943952e-02  -4.2750833e-01  -2.8911753e-01   4.1117765e-01   7.4396582e-01  -2.9353668e-01  -3.2646468e-01   6.0815804e-01  -7.4452832e-02  -1.5972228e-02  -1.5155708e-01
   3.2386911e-01  -1.4661546e-01   0.0000000e+00  -3.5346408e-02  -1.0085620e-01   5.1970966e-02  -1.9360991e-01   3.9070750e-01  -8.2920260e-02  -1.6110271e-01   1.7644250e-01  -7.9173832e-02  -1.7846323e-01  -1.3929442e-01   4.0695528e-01   3.4267887e-01   8.0122342e-01   2.4786492e-01  -2.7711650e-02  -2.2497627e-02  -3.0012427e-01  -1.7401451e-01   8.2175631e-02   1.0656084e-01   2.5672327e-01   3.6133413e-01  -2.5572836e-01   2.7419149e-01   9.4669455e-02  -4.2918046e-01   1.9915074e-01   2.8440876e-01   4.2401273e-01  -2.3146098e-02  -1.9400138e-01   3.5995963e-02  -2.6880130e-01   7.0772793e-01   1.5630708e-01  -2.1381678e-01  -1.2210138e-01   4.6822533e-01   1.5353603e-01   2.2141762e-01   1.0352216e-02   6.3451144e-01   2.0185009e-01  -4.0340217e-01  -8.0237026e-02   5.5886783e-01   2.4909768e-01   4.3605575e-01  -1.9111217e-01   4.3699656e-01   3.9689738e-01   3.2451553e-01   1.7185681e-01  -1.6142932e-01   1.4177279e-01  -9.8975887e-02   6.0071734e-01   2.2276922e-01   7.5815333e-02   8.0002669e-02  -2.4970786e-01  -2.2584387e-01  -1.4857300e-01  -1.3201879e-02   2.1848386e-01   5.2928171e-01  -1.9373516e-01  -2.2135663e-01  -1.2325589e-02   3.7275368e-01   2.4266522e-01   1.7301668e-01   6.6780619e-01   2.2077380e-01  -6.5127414e-02   1.7924877e-01   1.1227922e-01  -2.8796327e-03   2.6446510e-01   2.1369771e-01   4.5898748e-01   3.9168666e-01  -3.4344966e-01   3.6106354e-02   1.2206478e-01   2.1914367e-01  -8.9232174e-02   5.5046231e-01   3.6669268e-01   1.7549104e-01   6.6476743e-01  -2.3324432e-02   1.3093167e-01   4.3813751e-01   4.5678206e-02  -1.5628906e-01   3.5916578e-01   4.6913940e-01  -7.0719348e-02  -2.4320249e-01   1.4523007e-01   3.6461133e-01   5.5515857e-01   2.8152470e-01   1.1991924e-01  -1.5809791e-01   3.3694402e-01  -2.3314304e-01   6.3754706e-02   1.4877635e-01   3.5918838e-01  -1.5329917e-01   4.5497462e-01   1.9317700e-02   3.4281518e-02   2.6082191e-02   3.6698771e-01   2.8276126e-02   2.8105136e-02   4.9672774e-04   5.3561792e-01  -1.6836699e-01   2.3350088e-01   3.5028553e-01   5.5933281e-02  -1.9749652e-01   4.4768769e-01   1.4204463e-01   9.4205310e-02  -1.3580812e-01   9.6529044e-02   3.3252257e-01   2.5366732e-01  -1.0940633e-01   4.1167626e-01   2.5978868e-01   3.5437633e-01  -1.1783352e-01   2.5927718e-01  -2.3499399e-01   2.9863610e-01  -1.1775982e-01   3.8615070e-01  -2.4955972e-01   4.4417531e-02  -2.3106059e-01   3.9436208e-01  -1.2544998e-01   5.1787802e-01   9.6712093e-03  -5.6083766e-02   2.6058385e-01   4.1430614e-01   1.2618033e-01   3.9710417e-01   5.3996221e-02  -4.4150050e-02   1.8942705e-01  -2.7876649e-01  -2.2952456e-01   2.5258461e-01   1.4569361e-01   1.1470913e-01   1.4596410e-01   5.2965844e-01   1.4917627e-01  -2.4055924e-02   4.7510053e-01  -2.4488102e-01   5.6939947e-02   1.3239985e-01   2.3545990e-01   2.4516723e-01
   4.0001830e-02  -2.5598381e-01  -3.5346408e-02   0.0000000e+00  -8.7729967e-02   2.5330822e-01   6.2530489e-02   7.0404200e-02   2.2981647e-01   4.1582640e-02   2.4378527e-01  -1.6947971e-01  -1.8746115e-01   1.0176193e-01   2.1049951e-01   2.4822287e-01  -1.2553494e-01   4.1003191e-01   1.6973819e-02   1.2522737e-02   3.0758816e-01   4.6852187e-01   2.4058983e-01  -3.9591889e-01   2.7092316e-01   1.0317751e-01   4.6485908e-01  -8.4300500e-02  -1.8072504e-01   2.8769201e-01   1.1898910e-01   4.4310135e-01   2.1129015e-01  -1.0319510e-01  -1.2292651e-01   4.5015990e-01   1.3724051e-01  -1.2216824e-01   3.4985942e-01   3.3564187e-01  -2.5812888e-01   5.9506955e-02  -1.7073974e-01   2.9039963e-01   5.0753578e-01  -3.0815632e-02   5.0528195e-01   1.1628147e-01  -1.4589405e-02  -1.5284276e-01   3.8989240e-01  -7.8729656e-02  -8.9899670e-02   1.0919371e-02  -8.1725313e-02   1.6876964e-01   2.2308546e-02   4.3482226e-01   4.9362709e-01   1.1006380e-01  -7.9649329e-02   1.7967839e-01   1.2933617e-01   4.9209588e-02   2.7424067e-01   1.5254367e-01   1.7949850e-01   4.7297191e-01   2.3740803e-01  -3.2478846e-02  -2.9590296e-01   5.1279144e-01   3.1425343e-01   2.6026727e-02   1.1634576e-01   1.8458763e-01   3.9992472e-02   9.7256595e-02  -2.1551718e-01   1.3463043e-01   1.0072405e-01  -1.6212791e-01   2.3487936e-02   1.4760090e-02  -9.1562691e-02   7.3476043e-02  -1.5145191e-01  -1.4032976e-01  -1.6275764e-01  -1.0746825e-01  -1.5415145e-01  -1.0444581e-01  -1.0635849e-01   2.8812521e-01   4.1405868e-02   1.9693795e-02   2.8697880e-01  -4.7074626e-03   4.1335769e-01   3.3044024e-02  -1.4806675e-01   1.3799470e-01   2.8337588e-01   9.0033082e-02   2.1542980e-01   4.3191674e-01   1.0895183e-01   2.1421650e-01  -1.3039705e-01   2.6382837e-01   1.0645761e-01   4.4289799e-01   5.2167147e-01  -3.1333299e-02   1.1225575e-01  -1.1793714e-01   4.4243996e-02   9.9020526e-02   1.2379237e-02   7.4972179e-01   3.8077266e-02  -1.1832339e-01   3.3709487e-01  -1.2569153e-01   3.5984587e-02  -2.1058445e-01  -6.9394554e-02  -3.4004238e-02   2.0831895e-01   1.2845835e-01   8.9913080e-02   2.3617954e-01  -8.9457473e-02   7.4097574e-02   2.8096852e-01   2.7529975e-01   5.7637419e-02   8.0894959e-02   1.1775745e-01  -8.6319490e-02   4.3490934e-02  -4.9199689e-01   1.3152485e-01   9.3857689e-02   5.3383156e-02   2.9495991e-01  -1.4774667e-01   2.6755218e-01   1.5081716e-01  -5.7599550e-03  -2.1849150e-01   1.5901954e-01   7.7164326e-02   2.6198699e-01  -1.3601447e-01   2.2635862e-03  -1.1723718e-01   3.9954137e-01   2.3083878e-01   1.2904666e-01   4.2635918e-01   3.2307409e-02  -2.4037008e-02   5.6929054e-01   1.9219856e-01  -1.3842299e-01   1.8845323e-01   6.7973903e-02   1.9232498e-01  -6.7966440e-02  -2.1677338e-01  -1.2935732e-01   6.2654707e-01  -1.4768083e-01   1.0241944e-01   2.3299425e-01   4.1924530e-01
  -4.6592080e-01   5.8221411e-01  -1.0085620e-01  -8.7729967e-02   0.0000000e+00   2.1558729e-01   1.8617687e-01  -8.6808039e-02   3.4064079e-01   3.1100231e-01  -1.8661593e-01   4.6131942e-01  -7.6059579e-02  -3.5318169e-01  -1.4252958e-01  -1.3371378e-01   8.0333286e-02  -1.0191769e-01   9.2907026e-02   7.4284183e-01   6.2791409e-02  -2.6982650e-01  -1.3489320e-01  -4.0684074e-01   1.7829057e-02  -6.4999248e-02   2.2037263e-01  -4.1547690e-01   1.2003003e-01  -3.1679546e-03  -2.6685512e-02  -1.7498608e-01  -9.3753434e-02   4.8143159e-01   1.9825610e-01   5.9983306e-01   3.1541227e-01  -1.5789606e-01  -3.0331369e-03   3.0779867e-01   5.0636513e-02  -1.6093322e-01   1.9900360e-01   5.1613477e-02  -2.2814258e-01  -3.2910412e-01   3.9287229e-02   2.0921729e-01   3.2816969e-01   1.2656745e-01  -1.8670493e-01  -6.0975694e-02   6.6351951e-01  -7.3384035e-02  -1.5209096e-01  -2.1164223e-01  -1.1959519e-01  -2.6145900e-01  -2.7519053e-02   2.1866030e-01  -1.8960397e-01  -9.6645205e-02   3.5876370e-02   2.9636311e-01   2.0161248e-01   5.7575358e-02   4.6152440e-01   1.8230810e-01   7.8932467e-03  -2.1265344e-02   6.0317016e-01  -2.2687295e-01   2.0211794e-01  -2.8544937e-01  -1.2771623e-02  -1.1680209e-01  -2.8804178e-01  -5.9797096e-03   7.1453357e-01  -8.8006300e-02  -3.5080065e-01  -4.9292621e-03   1.4859453e-01  -8.9903236e-03  -4.1312319e-01  -5.4196971e-02   4.0900665e-01  -4.5605109e-01  -5.1255699e-02  -4.2935916e-01   4.4258068e-01  -2.8909268e-01   1.5486282e-01   4.7425454e-02  -2.4366576e-01   2.9769369e-01  -1.8748105e-02   1.0550505e-01   9.1271898e-02  -3.3711981e-01  -3.1706429e-01  -1.7915369e-01  -2.8451306e-01   2.1301982e-01  -4.0567744e-01  -2.2357880e-01   5.9231948e-02   2.5781126e-01   2.6403978e-01   4.5602778e-01  -1.0147143e-01  -3.4027209e-01  -3.5278521e-02  -5.0714485e-01  -4.6136903e-01   6.4161298e-01   4.7384488e-02   9.7190420e-04  -1.4282143e-02  -4.4486144e-02  -3.7110414e-01   4.7051617e-01  -6.7413760e-02   2.4932657e-01  -4.0405322e-01  -6.1685509e-02   5.3751529e-02  -1.3380003e-02  -2.3033662e-01   3.5390022e-01  -1.8311768e-02   3.2163026e-01   2.1018392e-02   2.3180537e-01  -1.4043270e-01  -6.0425119e-02  -2.5290126e-02   1.3254276e-01  -2.0308639e-01  -4.7440240e-01  -5.0605930e-01  -7.6989547e-02  -1.4583057e-01   3.6991974e-01  -6.8362232e-02  -1.6009888e-01  -9.3173349e-03   4.3989830e-01   7.5402331e-02   1.4490082e-01  -4.5948010e-01  -1.1384937e-01  -3.8017937e-01   2.9329004e-01   6.5017040e-01  -3.0585629e-01  -3.9138125e-01  -4.1538859e-02  -8.6995217e-02  -3.9767266e-01   6.6637120e-02  -1.2534985e-01   4.5884272e-01  -1.4040287e-01  -1.7724232e-01   3.8704984e-01   1.8583645e-01  -3.1786453e-01  -2.9123285e-01   6.8871395e-01   5.8568149e-01  -2.6727269e-01  -1.3290949e-02   5.6433250e-01  -3.4332745e-01   1.8675063e-01  -1.0811203e-01
  -4.3807664e-01  -1.0640577e-01   5.1970966e-02   2.5330822e-01   2.1558729e-01   0.0000000e+00   5.0723329e-01   9.0247104e-02  -3.8779880e-02   5.9524016e-01   1.7383131e-01   3.6855384e-01   7.6618230e-02  -6.6460618e-02   1.1244478e-01   3.5748312e-06  -1.1551935e-01  -3.0629621e-03   3.6798824e-01   5.6362538e-01   1.2152478e-01   1.9568540e-01   3.3679867e-01  -4.0225294e-01  -2.2900549e-01   2.9716530e-01   2.9770103e-01   5.0991050e-02  -3.9446483e-01   1.7782964e-01  -8.4845269e-03   7.3025778e-02  -1.6603121e-01   4.6641999e-01   7.3676853e-02   4.4236081e-01  -2.3336155e-01  -1.8898736e-01   8.2229499e-02   6.5182663e-01  -6.2777098e-02  -2.4928617e-01  -1.9105487e-01   5.9056254e-02   2.4849711e-01  -2.9863174e-01   3.5368273e-01   1.8926355e-01   8.6865429e-02   3.0783530e-01   1.2738684e-01   3.4627040e-02  -7.1629739e-02  -2.6304119e-01  -1.0258165e-01  -6.7203374e-02   2.0818445e-01   1.8898130e-01   2.1852623e-01   1.6369525e-01  -2.0941169e-01   2.1381028e-01  -1.7433204e-01  -1.4279705e-01  -2.0229122e-01   3.7549046e-01   5.7810373e-01  -9.1724603e-03   1.5124505e-01   1.1626205e-01  -1.3946100e-02   1.8556064e-01   9.6083290e-02  -3.5109004e-01  -2.6343728e-01   1.2554702e-02  -2.1932715e-01   6.3075870e-02  -5.6198517e-03  -1.2094792e-01   2.4050227e-01  -2.1579233e-01   7.9360801e-02   1.1497409e-01  -3.1035220e-01  -8.9240929e-04  -9.7929971e-02  -1.9341877e-01  -2.1554443e-01  -3.2782284e-01  -1.2884095e-01  -2.4038822e-01   4.7388397e-01   2.3456908e-02  -2.4641297e-01   1.8467931e-01  -1.2702437e-01   7.7354712e-02  -1.0627408e-02   2.4886822e-01  -2.4920001e-01   1.4098010e-01   1.3868879e-01  -5.5454749e-02   6.3105344e-02   8.9160645e-02  -1.3180447e-01   3.4000647e-01   3.8361746e-01   4.2012038e-01   4.4535978e-01   2.7125549e-01  -4.0800960e-02  -3.3592175e-01  -1.3260396e-02  -7.7505921e-02   5.3911047e-02  -3.0077844e-02   6.2693733e-02   2.2770703e-01  -2.6539037e-01   7.4253167e-03  -1.6046057e-01  -1.5168171e-01  -2.8561646e-01  -2.8979230e-01  -1.0206550e-01  -3.4498157e-01   1.3097002e-01   2.8093278e-01   3.8499165e-02   3.4508060e-01  -4.1727352e-01  -3.3047988e-02  -1.4603274e-01   2.1761676e-01  -1.5818712e-01   1.3199356e-01   8.8981525e-02  -3.5925009e-01  -2.7138512e-01  -1.1255170e-01   1.2293177e-01   5.5762502e-01   5.4910334e-03  -1.6033272e-02   4.5988212e-01   2.4143476e-01   5.2195078e-01  -1.2206193e-01  -4.5081325e-01   1.7622787e-01  -2.7871969e-01   1.9670640e-01   2.0143434e-01  -2.0137390e-01  -4.3476941e-01   2.1198930e-01   9.7871358e-03   1.6695942e-01  -2.9156589e-02   4.1644653e-02   1.9752667e-01   1.0659384e-01  -1.6695656e-02   2.7338897e-01   3.4912718e-01  -3.5678528e-02  -1.3984347e-01   2.4792514e-01  -1.9992108e-02  -3.3463134e-01   2.4177567e-01   3.5993185e-01  -1.7895453e-01   1.0746559e-01   1.4498350e-01
  -5.6379443e-01   1.0992129e-01  -1.9360991e-01   6.2530489e-02   1.8617687e-01   5.0723329e-01   0.0000000e+00  -2.4709586e-01  -5.2302396e-02   7.5150830e-01  -3.4136058e-01   6.1912232e-01   1.1155762e-01  -5.2070143e-02  -2.8223509e-01  -5.6439045e-03  -1.6529060e-01  -2.4565615e-01  -2.2745042e-01   4.7612437e-01   1.3517149e-01  -1.0534800e-01   4.8193469e-01  -4.1211800e-01  -2.8268146e-01  -7.6905639e-02   2.8629476e-01   1.7930984e-01  -2.7750737e-01   1.5394516e-01  -1.4449309e-01  -1.4125046e-01  -2.2598683e-01   5.4090143e-01  -1.6642089e-02   3.7083818e-01   2.0491166e-01  -4.5314305e-01   9.8702265e-02   6.3251923e-01  -1.2135519e-02  -4.5975168e-01  -4.1761147e-01  -1.4727292e-01  -1.5188997e-02  -4.1527206e-01  -1.4668528e-01   6.8192898e-01  -1.9390252e-01   1.0075482e-01  -1.2107790e-01  -1.6072836e-01   8.3026809e-02  -3.3887319e-01  -4.4436429e-01  -1.4579927e-02  -3.5017868e-01  -1.2028941e-01   1.3529524e-01  -9.3156129e-02  -4.8510392e-01   1.6129586e-01  -3.9343133e-01  -3.1523297e-01  -2.2450555e-01   2.6098217e-01   3.3156375e-01   1.2437314e-01  -2.5739863e-01   6.9661613e-02   3.4415559e-01  -1.9664605e-01   1.4961407e-01  -6.1501225e-01  -5.5727093e-01  -1.3900328e-01  -4.1845252e-01  -1.1485042e-01   9.3593663e-02  -3.7608500e-01   4.2289514e-01  -1.6828612e-01   2.3141921e-02  -2.2090519e-01  -3.9222677e-01  -1.9044912e-01   5.4996167e-02  -3.5556930e-01  -3.7826587e-01  -3.8576004e-01   1.1492317e-01  -5.0621397e-01   3.8536460e-01  -2.2375856e-01  -4.8278037e-01   4.1210871e-01   2.7339539e-02  -2.3517053e-01   1.3276886e-01   4.0905603e-01  -1.8616631e-01  -1.0450983e-01   5.4530478e-02  -2.2079114e-01  -8.9319592e-02  -1.7532861e-01  -3.0837242e-01   8.0000407e-02   2.4718785e-01   2.7726911e-01   4.3920798e-01   1.7342417e-01  -2.0567284e-01  -4.0168807e-01  -9.7965477e-02   6.0095774e-02  -4.6805288e-03  -1.2484579e-02   3.5979934e-01  -1.8689648e-02  -5.9898749e-01   1.6432304e-01  -3.4190542e-01   4.3543079e-02  -4.5265898e-01  -2.5710504e-01  -1.9603302e-01  -4.9239815e-01  -2.1285010e-01   5.5982887e-01  -1.9366947e-02   3.5913884e-01  -4.8030985e-01   1.1413311e-01  -4.2233528e-01  -1.6237384e-01  -3.3392271e-01   5.1210346e-01  -1.5310775e-01  -5.5099244e-01  -4.2350542e-01  -1.6027517e-01  -2.0108783e-01   7.3232676e-01  -1.0550824e-01   3.3524017e-02   5.1960211e-01   1.0022324e-01   2.9774630e-01   1.4126582e-01  -3.8956642e-01   3.1904463e-01  -5.6053648e-01   2.5240680e-02   3.7059878e-01  -5.5150835e-01  -5.6137631e-01   2.3026202e-01  -2.3268718e-01   3.0850867e-01  -8.8179145e-02  -3.0065981e-01   6.0953402e-01  -7.7092734e-02  -3.4669042e-01   2.6586282e-01   7.2569028e-02  -6.1384486e-02  -3.9510766e-01   1.1981123e-01   1.7197021e-02  -5.1804897e-01   7.2233789e-02   2.1534360e-01  -3.0938632e-01  -3.9572437e-02  -1.5045064e-01
   2.3980684e-01  -1.5257052e-01   3.9070750e-01   7.0404200e-02  -8.6808039e-02   9.0247104e-02  -2.4709586e-01   0.0000000e+00   2.4530975e-01  -3.2816569e-01   6.4833257e-01  -3.1996812e-01  -1.7402659e-01   1.1224102e-01   6.5841290e-01   3.8446826e-01   3.4669734e-01   2.8788977e-01   2.5038379e-01  -1.4238725e-01   9.1931028e-02   3.2134802e-01   7.6622838e-02  -1.0679063e-01   1.8334619e-01   6.5609241e-01  -3.4649708e-01   2.6630022e-01   4.2145115e-02   1.0692558e-01   5.6673025e-01   4.4357479e-01   3.8949511e-01  -2.9672548e-02   8.5280579e-02   1.1962132e-01  -2.1497524e-01   2.5503240e-01   2.0433616e-01  -3.5885408e-02  -1.3524732e-01   2.6096492e-01   2.7361811e-01   6.8092705e-01   3.6593164e-01   3.1304259e-01   4.0373827e-01  -1.2377855e-01   5.6115738e-02   1.9664544e-01   3.0894759e-01   8.2441443e-01  -8.8272132e-02   5.6734981e-02   2.2679559e-01   4.2466751e-01   2.1638010e-01   1.4152010e-01  -4.2698688e-02   1.0875388e-01   3.5218021e-01   9.6550078e-02   3.4772913e-01   5.8502890e-01   1.0033318e-01  -1.1358432e-01   7.1287914e-02   1.2007971e-01   6.6022789e-01  -1.0900379e-02  -2.1096484e-01   2.1213746e-01  -4.5262934e-02   1.6445776e-01   2.0674552e-01   4.9627948e-01   3.6579641e-01   5.2423508e-01  -6.4253393e-02   2.1648060e-01   1.9049764e-01  -1.6223135e-01   4.9767435e-01   8.1617074e-01   1.9301468e-01   6.5944643e-01  -6.2463725e-02   6.6766833e-02   3.6826938e-02  -9.4771240e-02  -3.9725516e-01   3.2056853e-01   1.6292943e-01   5.7218176e-01   3.2711148e-01  -3.8783502e-01  -6.7661454e-02   8.5057997e-01   6.6903022e-02   4.8266495e-02   4.2426099e-01   5.3883311e-01   3.2130616e-01   9.9786489e-02   4.2551498e-01   4.8907847e-01   2.7017722e-01   7.0608897e-01  -6.1527353e-02   3.0165144e-02   3.1212264e-01   1.4258521e-01   1.2773656e-01  -1.1786119e-01   2.6115970e-01   7.9948373e-02   5.0652538e-01  -2.3547069e-01   3.6329989e-02   1.3379406e-01   2.4621106e-01  -3.4065011e-01   1.0520591e-01   2.1583881e-01   2.4875224e-01  -1.3779395e-01   2.8556049e-01   3.1053144e-01   4.6162015e-01  -2.0971582e-01   1.6800568e-01   2.3749982e-01   1.0590401e-01   1.4147386e-01   4.1681961e-01   8.0965632e-01   8.4869531e-02   1.2780124e-01   7.9063806e-01   3.3429983e-01   1.8021505e-01   1.2143693e-01   7.1811202e-01  -3.9834617e-01   5.4838811e-01   3.3361665e-01   4.6245758e-02  -9.2403353e-02  -3.5121198e-02   1.3050686e-01   1.8949431e-01   2.0989133e-01   2.6189700e-01   4.0562378e-01  -2.0728383e-01   2.2480905e-01   1.5007694e-01  -2.1230614e-01   9.5921276e-02   1.9245333e-01  -2.6703330e-02   6.6877833e-01  -5.0654230e-01   2.4746615e-02   6.5412867e-01   2.7583322e-01   4.8800138e-01   2.8977008e-01   2.7413095e-01   9.4549758e-02   1.0050109e-02   3.5994460e-01  -4.8498558e-02  -2.5497825e-01   1.7779811e-01   3.0245117e-02   4.8297478e-01
  -1.8689559e-01   2.9914192e-01  -8.2920260e-02   2.2981647e-01   3.4064079e-01  -3.8779880e-02  -5.2302396e-02   2.4530975e-01   0.0000000e+00  -4.4996301e-02   4.9556802e-02   6.3703798e-02  -2.9874152e-01  -1.5610420e-01   5.3888757e-02   1.1378726e-01   1.9746892e-01   5.7499310e-02   7.6544529e-02   1.1886843e-01  -1.1961047e-02   1.7598486e-01  -2.1436839e-01  -4.2906756e-01   2.6008237e-01   6.5166508e-02   1.6504005e-01  -4.1090171e-01   6.0095533e-02   1.1890545e-01   1.4973486e-01   3.2636443e-01   3.1356044e-01   9.6663507e-02   2.4717593e-01   4.0429535e-01   2.5091431e-01  -1.8033970e-01   1.7573120e-01   3.5774220e-01  -4.9565020e-01   1.9047241e-01   4.3481450e-01   1.8462025e-01   1.6356778e-01  -1.7932550e-01   8.8493540e-02   6.6375098e-02   8.6379286e-02   3.0003925e-01   2.6390941e-01   1.9370695e-01   4.4604424e-01  -3.1275879e-02  -8.3290857e-02  -1.6632608e-01  -1.9588675e-01   2.1072006e-01  -7.0491770e-03   4.1301821e-01   4.5773330e-02   8.6354609e-02   5.3971394e-01   3.6154381e-01   3.5242419e-01  -1.9625242e-01   1.4067246e-01   3.2014806e-01   2.6040719e-01  -7.4496141e-02   2.7021544e-01   1.2381611e-01   5.4590659e-02  -3.2408519e-01   3.5534470e-01   3.7543650e-01  -1.3492866e-01   2.6258436e-01   3.1686512e-01   1.4075163e-01  -3.3723245e-01  -8.3034586e-02  -1.1686474e-02   2.0536935e-01  -3.4892829e-01   4.1253763e-01   4.9091326e-01  -3.6658422e-01   1.2779388e-01  -4.7736019e-01   1.8704943e-01  -7.8747345e-03  -3.2161825e-01   6.8411906e-01  -6.4367179e-02   8.1446643e-02  -6.6702570e-02   3.1315397e-01   1.8115970e-01  -3.9048668e-01  -2.0963630e-01  -1.0209203e-01  -4.0624565e-02   5.6234688e-01   9.1865466e-03   3.3009092e-01   2.6129454e-01   3.8572964e-01  -2.4932140e-01   1.1791113e-01  -2.2773568e-01  -1.0325692e-01   2.4283118e-01  -4.0295629e-01  -3.9629465e-01   4.3495382e-01   1.8878058e-01  -1.1445227e-01  -1.1321976e-01   1.9158894e-01  -1.4781554e-01   1.8965164e-01   2.9671711e-01   3.2939149e-01  -2.2410602e-01  -1.2816350e-01   5.6819520e-02   2.1793985e-01   3.9206479e-01   2.8924917e-01   1.1075839e-02   2.4312591e-01   1.2069382e-01   4.1505242e-01   4.0937573e-01   3.2663463e-01   1.0016375e-02   1.2980486e-01   2.7949499e-01  -1.0230344e-01  -1.5834449e-01  -2.4513373e-01   1.2313768e-01   6.7843911e-02   4.0526177e-02   7.1427647e-02  -3.2403063e-01   7.8824800e-02  -2.3079831e-01  -7.6627318e-02  -3.6437080e-01  -8.1289535e-02  -1.3376360e-01   3.7802342e-01   2.3781657e-01  -4.0129177e-02  -2.3207181e-01  -6.6789195e-02   2.0657558e-01  -3.1848272e-01   2.0920952e-01   1.9255999e-01   1.1794410e-01   1.8444944e-01   4.3332004e-01   2.8255441e-01   2.1555021e-01  -1.6059358e-01  -9.3118124e-02   9.3956126e-02   2.3663798e-01  -1.5148853e-01   1.5059490e-01  -4.2102750e-02   2.2051321e-02   1.7746143e-01   3.8820983e-01
  -5.2918444e-01   1.5729402e-01  -1.6110271e-01   4.1582640e-02   3.1100231e-01   5.9524016e-01   7.5150830e-01  -3.2816569e-01  -4.4996301e-02   0.0000000e+00  -3.0675827e-01   6.6582507e-01   1.0677175e-01  -3.1848499e-01  -2.8024579e-01  -3.1234435e-01  -1.2043746e-01  -3.0019971e-01  -1.4245234e-01   6.0222562e-01  -6.5289964e-02  -1.0739718e-01   2.2520605e-01  -3.3177975e-01  -3.4510120e-01  -1.6912156e-01   2.6328419e-01  -1.4631285e-01  -2.8281196e-01  -7.3733672e-03  -2.8993757e-01  -1.2379843e-01  -3.6933504e-01   6.3937546e-01   9.3585261e-02   3.3638774e-01   1.3414599e-01  -4.9690312e-01  -1.8493780e-01   5.9202388e-01   7.3148171e-03  -3.9270426e-01  -3.6895084e-02  -1.8963845e-01   1.7027986e-02  -5.5419464e-01  -9.3708090e-02   3.1088070e-01   4.6589132e-02   1.9658553e-01  -9.9473948e-02  -3.0109875e-01   1.9773201e-01  -2.6258418e-01  -3.6840680e-01  -3.1390099e-01  -1.3220798e-01  -9.3707240e-02  -3.1302016e-02   8.9537920e-02  -4.7560619e-01   1.7786485e-01  -1.5869185e-01  -3.2037680e-01  -3.3399495e-01   4.2003816e-01   3.0987195e-01   2.7325260e-02  -2.4243144e-01  -1.3150630e-02   3.5930960e-01  -1.0068894e-01  -4.7456930e-02  -5.2661177e-01  -3.3583239e-01  -3.1736798e-02  -5.2876415e-01  -9.7631301e-02   1.5960161e-01  -2.9854323e-01   8.3990249e-02  -2.7234255e-01  -1.3089744e-01  -2.4111680e-01  -4.7216001e-01  -1.7268034e-01   8.3596540e-03  -4.3519260e-01  -2.3596956e-01  -3.4117323e-01   2.1901000e-01  -3.9610232e-01   3.5932034e-01  -2.4180273e-01  -5.6922232e-01   4.0068316e-01  -1.0778541e-01  -3.2824309e-01  -3.3753606e-02   2.3427554e-01  -4.4123027e-01  -2.5479064e-01  -1.1263811e-01  -1.2054095e-01  -1.6936953e-01  -1.9557393e-01  -1.5744817e-01  -2.0630229e-02   3.4066470e-01   3.6057612e-01   2.3950523e-01  -1.3206287e-02  -1.3988338e-01  -4.2629654e-01  -3.2186493e-01   9.8095949e-02  -1.9363717e-01  -1.5686718e-01   1.1465331e-01  -6.3078853e-02  -4.7395717e-01   2.9668249e-01  -1.3324074e-01  -7.1035595e-03  -5.4078472e-01  -1.1930492e-01  -1.9727388e-01  -3.5994478e-01  -7.6900839e-02   3.7471565e-01  -1.5366067e-01   2.0245357e-01  -3.5283356e-01   7.2457724e-02  -3.0008318e-01  -1.2321332e-01  -3.1846309e-01   1.5535515e-01  -2.1381153e-01  -5.0714372e-01  -4.4314347e-01   6.1101730e-03  -2.0979811e-01   7.3585595e-01  -1.5869796e-01  -2.4879662e-01   4.2957546e-01   2.0041131e-01   4.6478047e-01   9.4290872e-03  -5.9470305e-01  -6.7037668e-02  -4.7563713e-01  -6.6761497e-02   4.4425194e-01  -2.8195127e-01  -5.3579369e-01   8.5000177e-02  -1.4493020e-01  -1.1374081e-02   5.1298551e-02  -3.3882804e-01   6.8756334e-01  -1.3017882e-01  -3.8582632e-01   2.6793219e-01   9.5450960e-02  -2.5668382e-01  -3.2619979e-01   1.9130363e-01   1.3789200e-01  -5.9724923e-01   1.1548094e-01   4.9474671e-01  -3.6205292e-01   7.5692824e-02  -1.9090251e-01
   2.6370841e-01  -4.0659351e-01   1.7644250e-01   2.4378527e-01  -1.8661593e-01   1.7383131e-01  -3.4136058e-01   6.4833257e-01   4.9556802e-02  -3.0675827e-01   0.0000000e+00  -5.5119496e-01  -8.1308217e-02   1.3176386e-01   6.7520067e-01   3.2034790e-01   8.2211349e-04   4.6689554e-01   3.1501929e-01  -1.8787948e-01   1.7140476e-01   5.1983726e-01   1.4883390e-01  -1.0255670e-02  -2.2180610e-02   5.8705762e-01  -9.4095421e-02   2.0509042e-01  -2.1557677e-01   3.7577746e-01   4.3781475e-01   4.2241448e-01   1.9383872e-01  -2.1949945e-01   5.5803502e-02   1.6141881e-01  -2.5958078e-01   2.0104415e-01   2.0989495e-01  -5.0040313e-02  -1.2104295e-01   1.8615295e-01   1.5278614e-02   5.6355907e-01   6.2664045e-01   3.0232190e-01   7.1071130e-01  -1.9378077e-01   7.9827655e-02  -1.1290279e-01   4.6615172e-01   4.8052154e-01  -2.5403991e-01  -1.0714419e-01   1.4898157e-01   4.6882859e-01   3.7011064e-01   4.8276892e-01   1.4249875e-01   1.4597456e-01   3.6541198e-01   5.1600395e-02   2.5260896e-01   4.6517906e-01   2.0064812e-01   2.7167846e-01   1.3657238e-01   2.5866892e-02   6.2314019e-01   2.7503686e-02  -5.3613224e-01   6.2558800e-01  -6.1196917e-02   2.6037629e-01   1.1739654e-01   2.8043178e-01   3.3290475e-01   3.4539263e-01  -3.1924189e-01   1.6340345e-01   2.8541976e-01  -9.4185769e-02   3.2545152e-01   5.3707807e-01   1.9563115e-01   4.0244792e-01  -2.6308679e-01   2.4207982e-01  -1.0909462e-01   1.2205581e-01  -5.4458226e-01   3.0043792e-01  -8.7225838e-02   4.2075489e-01   3.0137697e-01  -5.7581935e-01  -6.4978670e-02   4.8066970e-01  -8.2216362e-03   1.6090598e-01   2.6851116e-01   6.0503133e-01   4.4277478e-01   1.5558172e-01   6.8341214e-01   3.6778203e-01  -4.0121542e-02   4.1176574e-01  -6.7021131e-02   1.9835532e-01   2.0416486e-01   5.2805295e-01   1.2803677e-01   1.0250224e-01   3.9546581e-01  -1.0779531e-01   1.5036283e-01  -1.5981515e-01  -4.9102156e-02   4.5649103e-01   3.8631197e-01  -5.5689800e-01  -1.4749063e-03  -2.0027231e-01   3.7411662e-01  -1.2246732e-01   2.0704932e-01   7.4636056e-02   4.7161228e-01  -2.7120675e-01   7.1103148e-02   2.8084959e-01   1.7033884e-02  -1.1346774e-01   4.3410085e-01   6.3136272e-01  -1.5742510e-02  -4.1436096e-02   5.9733748e-01   3.6031822e-01   1.9030088e-01   7.1108347e-02   7.8059356e-01  -3.6912544e-01   4.8029376e-01   3.8735533e-01  -2.0292028e-01   2.9781936e-01   3.1823137e-01   2.6466609e-02   1.5298203e-01   1.9161387e-01   3.4037076e-01   3.6837344e-01  -4.7757395e-01   3.2080541e-01   2.4565661e-01  -1.2465242e-02   2.1574605e-01   3.1561305e-01  -4.8038390e-02   7.1471942e-01  -5.4279416e-01   4.3393434e-01   5.2125209e-01   2.0749826e-02   5.6877381e-01   3.7817902e-01   2.3937762e-01  -9.8506578e-02  -2.1086811e-01   2.7354332e-01   3.6348564e-01  -3.2296224e-01   1.5275240e-01  -9.3830096e-02   4.0640401e-01
  -5.9886501e-01   6.6643108e-01  -7.9173832e-02  -1.6947971e-01   4.6131942e-01   3.6855384e-01   6.1912232e-01  -3.1996812e-01   6.3703798e-02   6.6582507e-01  -5.5119496e-01   0.0000000e+00  -5.2876969e-02  -4.7916547e-01  -5.1864398e-01  -2.0359513e-01   1.2135214e-01  -2.9188414e-01  -1.5186493e-01   5.9613693e-01  -3.1174313e-01  -4.2108907e-01  -5.0079786e-02  -4.0557866e-01  -1.3624038e-01  -2.1002298e-01   2.0911764e-01  -3.6945880e-01   2.0471890e-01  -3.1088005e-01  -3.2366740e-01  -2.5607632e-01  -1.9543439e-01   7.6719653e-01   2.3960928e-01   1.9096851e-01   2.1553366e-01  -2.6564613e-01  -7.2561586e-02   4.3076435e-01  -3.5839710e-02  -2.7152117e-01   1.1283582e-01  -4.1892311e-01  -2.8888283e-01  -5.3951455e-01  -3.4214158e-01   2.5987120e-01   5.0893094e-03   2.9781219e-01  -1.9097999e-01  -2.1331420e-01   5.5091388e-01  -6.9883894e-02  -3.1891994e-01  -3.9604560e-01  -2.9207519e-01  -4.1952781e-01   1.9746577e-02   1.9427129e-01  -5.4603470e-01   2.6748854e-01  -2.0426583e-01  -2.8780877e-01  -2.1196803e-01  -1.3071470e-01   3.0557746e-01   4.9387482e-02  -2.4163881e-01   3.4279776e-02   7.5615109e-01  -4.6639866e-01   1.3014664e-01  -4.7185449e-01  -2.3559550e-01  -4.3686855e-02  -5.1310954e-01  -1.7279774e-01   6.0178103e-01  -3.5652866e-01  -1.7991675e-01  -1.5223641e-02  -2.8007609e-01  -2.3259151e-01  -5.2415971e-01  -1.9857298e-01   2.7985640e-01  -5.1353066e-01  -7.5954352e-02  -3.9328038e-01   5.8320226e-01  -5.1010508e-01   4.4528614e-01  -2.4541109e-01  -4.7093257e-01   6.4914527e-01   3.0266402e-02  -1.8584484e-01   1.2117470e-01  -1.5557942e-01  -5.0308027e-01  -3.9538380e-01  -4.5310563e-01   2.4081282e-02  -5.5621113e-01  -1.7348344e-01  -2.0735174e-02   6.3096045e-02   4.3529877e-01   7.0251233e-02   5.3946312e-02  -4.3303367e-01  -1.8112866e-01  -4.9457187e-01  -5.7179684e-01   4.4701323e-01   6.5153620e-02   5.6219780e-02  -7.5569404e-02  -1.8695291e-01  -5.8064360e-01   7.3364161e-01  -9.1266823e-02   3.2590437e-01  -5.8852926e-01   6.2657773e-02  -5.4181420e-02  -1.7371014e-01  -2.7191470e-01   4.0699683e-01   5.5881734e-02   1.8697181e-01  -1.5524042e-02   3.1902881e-01  -3.0743248e-01  -2.0097368e-01  -1.5304603e-01   1.2126402e-01  -2.8635115e-01  -5.2424211e-01  -5.5672824e-01  -2.4659908e-01  -3.4229162e-01   7.2054638e-01  -2.0546747e-01  -4.3959314e-01   4.3107876e-01  -1.2033618e-01  -1.5702503e-02  -5.1418765e-02  -5.4328103e-01  -2.4888095e-01  -5.1019793e-01  -4.2738688e-02   8.3701982e-01  -3.4475267e-01  -5.7266921e-01   1.1934050e-01  -3.0091578e-01  -3.6347070e-01   2.0748136e-02  -3.5489128e-01   7.0713304e-01  -4.4610559e-01  -3.1619662e-01   5.4704712e-01  -3.5074867e-02  -5.3105302e-01  -3.5865681e-01   3.5413572e-01   5.6205352e-01  -4.8184867e-01  -2.4782270e-01   6.6594589e-01  -2.8867224e-01   1.5470766e-01  -1.5334388e-01
   9.7703121e-02  -1.1996716e-01  -1.7846323e-01  -1.8746115e-01  -7.6059579e-02   7.6618230e-02   1.1155762e-01  -1.7402659e-01  -2.9874152e-01   1.0677175e-01  -8.1308217e-02  -5.2876969e-02   0.0000000e+00   2.1885645e-01   4.8044560e-02   6.6127275e-02  -3.1411037e-01  -1.8747561e-01   9.8486596e-03   1.3331553e-01   1.3951204e-01  -1.6374097e-01  -3.0903801e-02   2.8685638e-01  -1.0094453e-01  -5.8274596e-03  -1.4311941e-01   2.6247816e-01  -2.1596832e-01   7.3226170e-02  -1.1981830e-01  -2.2380723e-01  -6.8833182e-02   4.8772079e-02  -1.4079898e-01  -1.4603572e-01  -1.3011018e-01  -1.6956082e-01  -1.3648998e-02  -8.2400835e-02   5.9205713e-01  -7.3256840e-02  -3.1184215e-01  -1.6692669e-01  -4.9916443e-02   8.9558125e-02  -1.4156194e-02   1.2517299e-01   1.7020822e-01  -2.8064629e-01  -2.6814118e-01   3.0640536e-02  -2.2767303e-01  -8.5330656e-02   7.2902864e-02  -5.5950718e-02   1.1452100e-01  -1.2713326e-01  -1.0151639e-01  -1.9657541e-02  -1.0863548e-01  -2.6412753e-02  -2.5787452e-01  -2.3322067e-01  -1.8692703e-01   1.1003338e-01  -2.6309966e-02  -7.1551213e-02  -8.6760421e-02   2.6865917e-02  -1.6656274e-01  -4.0941126e-02  -2.4872249e-02  -3.0890868e-02  -1.2256853e-01  -4.1419504e-01   5.9516331e-02  -3.4525040e-02  -2.1849917e-01   8.8580070e-02   1.5145694e-01  -5.1803901e-02  -1.5649683e-02  -6.0446739e-03   1.3963544e-01  -3.2218146e-01  -6.3033845e-03   1.4427822e-01  -3.7636708e-02   1.1622610e-01  -1.3079478e-01  -1.5503386e-02   2.2901043e-02  -2.5926515e-01  -5.9249759e-02  -9.4907581e-02  -1.4467322e-01  -1.7296650e-01   2.7257212e-02   4.1044266e-01   1.6325886e-01   4.5242093e-02  -3.8379694e-02  -1.5775289e-01  -8.1767309e-02  -3.9400535e-01  -2.2586255e-01  -1.0870746e-01  -7.4629650e-02  -2.2018880e-02   7.6324990e-02   4.1084580e-02  -1.4741157e-01   1.8583519e-01   1.3164406e-01  -1.8457155e-01  -1.3921871e-01   8.6332138e-03   1.1227951e-01  -2.8068375e-01   1.4066282e-02  -2.9231793e-01  -2.1944092e-01  -1.2266256e-01   7.7322122e-05   1.4934093e-01  -8.2901222e-02  -9.7605691e-02  -2.7805292e-01   6.0094397e-02   1.0008056e-01  -5.2259261e-02  -2.4826639e-01  -2.3115656e-01  -3.6465745e-01  -2.9771589e-01  -2.2524686e-01   6.1754371e-02  -1.7798126e-01  -8.8201808e-03   1.3777278e-01   5.6399879e-01  -7.0038906e-02  -1.8234704e-02  -6.1209614e-02  -7.8216717e-02   1.0055151e-02  -2.2805838e-02   1.1124447e-01   7.4548247e-03   2.0291730e-01   1.0238040e-01  -1.2694183e-01   5.0890432e-03  -1.9179283e-01  -2.2005970e-01   2.8268559e-02  -6.2984386e-02  -2.2053822e-01   1.9189686e-01  -2.8466642e-01  -2.0659708e-01  -3.4838009e-02  -1.1655553e-01  -1.4269609e-01  -1.2067312e-01  -1.9207383e-02   2.3971926e-01  -2.8059876e-01  -1.4561263e-01  -2.5734321e-01  -9.1553734e-02  -2.2744124e-02  -1.9933091e-02   3.6141021e-02  -1.3291150e-01  -2.5027457e-01
   2.7479614e-01  -4.0550914e-01  -1.3929442e-01   1.0176193e-01  -3.5318169e-01  -6.6460618e-02  -5.2070143e-02   1.1224102e-01  -1.5610420e-01  -3.1848499e-01   1.3176386e-01  -4.7916547e-01   2.1885645e-01   0.0000000e+00   1.8754775e-01   2.9191584e-01  -3.1547837e-01  -1.5689179e-01   2.0270369e-01  -3.3354171e-01   4.7206585e-01   4.1198427e-01   3.5125784e-01   3.6791164e-01  -7.8061011e-02   1.1026746e-01  -2.4492069e-01   5.4254954e-01  -3.1851292e-01   5.0922084e-01   3.6367920e-01   1.1114840e-01   1.6422382e-02  -3.7116151e-01  -3.1607195e-01  -1.8208867e-01  -1.4072100e-01   3.1965285e-02   3.0477806e-01  -1.3317803e-01   2.1062198e-01  -1.4745857e-03  -4.5019145e-01   2.2185866e-01   8.3494139e-02   1.3565533e-01  -2.1896884e-03   3.6701681e-01   1.0072162e-01  -2.2873571e-01  -6.6546718e-02  -1.2449179e-03  -4.1755956e-01  -2.1401025e-01   2.7354896e-01   1.9422924e-01   2.3355016e-02   3.0681255e-01   1.7263892e-01  -2.9829658e-01   1.4342976e-01  -2.2842522e-01  -2.0918139e-01   4.3746025e-02   2.2409467e-01   9.5465113e-02  -1.1636353e-01  -5.6217304e-02  -8.7651462e-02  -1.7192696e-01  -4.2128090e-01   3.1176383e-01   1.1822580e-01   9.6568662e-02  -5.5141772e-02  -5.8124425e-03   2.5213805e-01   6.8053647e-03  -4.2666481e-01   1.5442616e-01   3.8209214e-01  -1.5938104e-03   3.5662377e-01   7.7227218e-02   3.5164635e-01   1.0934061e-01   5.4412694e-02   4.8026121e-01  -3.0709008e-01   1.9978483e-01  -4.0358529e-01   5.7508499e-02  -1.8982965e-01  -1.0730530e-02   1.2074053e-01  -1.8160546e-01  -5.8352916e-04   2.5518462e-02   3.8642538e-02   5.5406794e-01   4.1137467e-01   1.4606558e-01   6.7677667e-01  -1.3022912e-01   3.1781620e-01   7.0191981e-03  -2.6670564e-01  -1.2580115e-01  -2.9899398e-01  -8.0489818e-02   1.1371615e-01   4.7924036e-01  -8.3559141e-02   2.8536496e-01   4.0030463e-01  -3.9989687e-01  -1.1401591e-01   3.4214613e-02   3.4041813e-01   1.0994237e-01   1.5113819e-01  -5.6045515e-01  -2.5034279e-01  -1.6236746e-01   2.4097604e-01  -1.1015713e-01  -1.4337106e-01  -1.0604711e-01   2.7243714e-02  -4.0808831e-02   1.7167398e-01  -4.6109601e-02  -2.0802948e-01  -1.4485699e-01  -1.9551055e-01   1.5956749e-02  -1.0546807e-01   2.8408729e-01   8.2181159e-02   1.6315090e-01   4.1424488e-01   9.8996719e-02  -1.9361112e-02  -2.4696002e-01   3.4134721e-02   6.8217650e-01  -1.4420733e-01   3.6102048e-02  -4.4359285e-02   2.2412449e-01   3.3085003e-01   6.7124230e-01   3.1654345e-02   4.4989699e-02  -5.5849361e-01  -3.9394236e-02   1.6931273e-01   1.8736249e-01   1.5483947e-02   5.4062157e-01  -1.0322823e-01  -3.5393150e-02  -3.6048442e-01   3.6833920e-01   5.1212979e-02  -4.5786517e-01  -6.3419546e-02   5.7575522e-01  -2.3275264e-02  -2.0069976e-01  -5.9216523e-01   1.9070468e-01   1.4411249e-01  -4.7437299e-01   3.1697634e-01  -1.3823559e-01  -1.1723258e-01
