   0.0000000e+00  -3.4470172e-02   1.2867854e-01  -5.1158873e-02  -4.0761891e-01  -6.2845058e-02  -2.9966895e-01   3.6984027e-01   2.1646405e-01  -1.9373075e-01  -3.3971001e-01  -3.8882641e-01  -4.7790451e-02   5.7028469e-01  -9.7184035e-02  -2.1639897e-01   6.5895536e-02  -1.9836990e-01   1.2357720e-01  -4.3442640e-01  -2.5258195e-01   2.2890005e-01  -1.4650017e-01   4.4421102e-01  -9.7450466e-02  -1.3009487e-01  -3.1090012e-01   3.1041646e-01  -1.5756428e-01  -1.0742450e-01  -7.4738708e-02  -1.1488965e-01   2.2208270e-01  -3.7186578e-01  -4.0134712e-01  -4.6580441e-01  -2.1865939e-01   2.9852014e-01  -9.8892023e-02  -2.4690799e-01  -8.0651214e-02   3.1945112e-01  -8.5811997e-02   2.4837795e-01  -4.3725543e-01   5.1849172e-01  -4.4049860e-01  -3.4714549e-01  -3.6469624e-01   1.5342733e-01  -2.4859806e-01   1.2431508e-01  -2.2588431e-01  -5.9063365e-02   4.4220465e-02   3.9233648e-02   1.9341172e-01  -1.3718662e-01  -2.0084922e-02  -2.1073705e-01   2.8240983e-01  -2.6123794e-01   3.6081264e-01  -9.6425950e-02  -3.2283646e-01  -2.6287549e-01  -2.4409103e-02  -5.0646097e-02  -2.4349195e-01   4.0006597e-01  -3.7765833e-01  -3.3801214e-01  -1.5206973e-01  -2.9799692e-02   2.3964244e-01   2.4520901e-01   3.5149439e-01   2.5590382e-01  -4.2127471e-01  -3.3951894e-02   2.8486400e-01   2.2807071e-01  -3.4827566e-02   3.4067093e-01   4.0434861e-01   8.2504711e-02  -6.4455408e-02   2.4241410e-01   2.5212456e-01   5.8306207e-01  -2.7900358e-01   1.6580252e-01  -8.4395258e-02  -1.8068880e-01   3.3656079e-01  -3.2957083e-01  -2.1220920e-01   2.1730705e-01  -2.5608434e-01  -2.8777706e-01   2.9521218e-01  -5.2897923e-01   3.4536308e-01   2.3936758e-01  -3.9254863e-01   4.2009706e-02   1.8424523e-01  -6.5011622e-02  -2.1086981e-01  -2.8964553e-01  -1.4229706e-01  -2.3553256e-01   1.5191943e-01   7.7216214e-01   3.7800377e-01  -1.9598018e-01   1.4992292e-01   1.2800960e-01  -6.1914722e-02  -1.6562237e-01   3.5337024e-01  -2.1699150e-01   4.4634935e-02  -2.6515213e-01   5.9865483e-01  -5.8951634e-03  -3.6394178e-01   1.3621883e-01   9.5769413e-02   1.4446910e-01  -2.6674261e-02  -4.3398141e-01   2.2508314e-01  -2.2120326e-01  -2.9977142e-01   3.2482332e-01  -3.2053157e-02  -2.2103268e-01   4.5929899e-02   3.3523845e-01   6.9712000e-01  -2.8782092e-01   3.8320168e-02   1.9209213e-01  -2.9873458e-01  -1.1487317e-01  -4.7106371e-01  -2.1947181e-01  -3.6188659e-01  -2.7902124e-01   3.3453749e-01   3.7783707e-01   1.3500881e-01  -3.2787720e-01  -8.7693139e-02   3.8317992e-01   3.9749247e-01  -2.2487683e-01   2.2804314e-01   2.9295677e-01  -2.1031056e-01   1.9554579e-01  -2.7152791e-01  -3.6831152e-02  -5.6572820e-02  -2.2283906e-01  -3.3087261e-01   3.0336911e-01   4.2151346e-01  -1.1616867e-01  -3.0331510e-01   4.4033114e-01  -2.9570819e-01   1.1853591e-01   2.5330353e-01   9.4628623e-02   1.2956255e-01
  -3.4470172e-02   0.0000000e+00   3.0149719e-02  -1.6927122e-02   2.5967207e-01  -2.5103136e-01  -6.2750819e-02   1.7291297e-01   7.0506299e-01  -2.8157755e-01  -1.6336124e-01   3.9059235e-01   1.6128940e-01   2.0914982e-01   1.5016068e-01   5.4775254e-02   2.6809282e-02   1.1897708e-01  -7.8137363e-02   7.2680025e-02   2.0373006e-01  -2.0759659e-01  -2.2160759e-01   2.4928358e-02  -1.0772138e-01  -5.3663825e-02  -1.2383366e-01   5.7724572e-03  -4.7627665e-03   3.8272499e-01   5.2342676e-01  -2.0007565e-01   2.3061172e-01   4.5135744e-02  -2.1096829e-02  -7.4095890e-02   3.0480477e-01  -4.5876307e-02   2.3194624e-01   6.1024147e-02   1.8940671e-01  -4.9185250e-02   2.2339806e-01   4.0875527e-01  -1.8155560e-02   1.6067691e-01  -1.5552047e-01   5.4417663e-01   1.1673993e-01   1.0921094e-01  -1.1448559e-01   4.2178331e-02   6.0383392e-01  -7.6333145e-03   2.7931823e-01   4.6317658e-02   3.3514632e-03  -3.1781764e-01   1.3145275e-01  -1.6334948e-01   5.1969491e-02  -7.8199760e-02   4.5844049e-01   6.7411912e-01   2.3301546e-01  -9.6161774e-02   8.2844622e-02  -9.3908958e-02  -1.3338974e-01  -2.5356996e-01   6.1986827e-01  -3.6734138e-01   2.9113915e-01  -3.4239072e-02  -9.6937829e-03   1.2412766e-01   3.4280877e-02   2.1065838e-01   3.3576980e-01   1.5283051e-01   4.3417443e-02   2.5122530e-01   3.7348526e-01   1.5260086e-01   1.6911841e-01  -1.2318155e-01   4.6025635e-01  -5.2027704e-02   1.0934584e-01  -3.4875015e-02   4.2897433e-01  -1.5925188e-01  -1.9980431e-02  -2.0185475e-02  -5.5907756e-02   1.4666633e-01  -6.6473743e-02   1.5500129e-01   3.0490418e-01  -4.0371815e-01   4.6393708e-01  -1.3141407e-01   1.4480303e-01   4.8142584e-01  -3.6917217e-01  -1.4730477e-01  -6.9590403e-02  -1.6929553e-01   4.7179499e-02   1.2416070e-01   2.2426281e-01  -4.8286745e-01  -4.3533149e-02  -1.8249760e-01   1.0230457e-01   5.2006962e-01   5.1766906e-02   2.8976596e-01   1.1225541e-01  -4.2736368e-01  -7.5078860e-02   1.8005589e-01  -7.5820679e-02   4.0347758e-01   2.2628655e-02   3.2411327e-02  -1.8141533e-01   7.1161160e-02  -1.1465754e-01  -1.1211803e-01   1.7898347e-01   1.2237797e-01   2.8970508e-01   6.4221984e-01  -4.6128580e-01   1.7902667e-01  -9.7875613e-02   4.6180887e-01  -2.0581269e-02  -2.8229826e-01   8.4978767e-02   1.0944856e-02   1.7233885e-01   8.0601810e-02   6.3301954e-02   4.2500674e-01   9.4420652e-02   5.0424237e-01   2.4558716e-02   2.9075207e-01   1.8946632e-02   2.2991367e-01  -3.9500341e-02   3.5581172e-01   5.3470614e-01  -4.1662080e-02  -5.5830216e-02   1.5058614e-01  -1.2352840e-01  -1.2398800e-01  -2.0389663e-01   2.7863864e-01   2.2704457e-01  -7.7498014e-02  -1.0257957e-01   3.9752687e-01   2.3597795e-01   3.7176277e-02  -1.6958773e-01   5.9429157e-01   2.1889118e-01  -1.2087998e-01   7.9083071e-03   6.7258863e-02  -2.1359380e-03  -1.3430070e-01  -1.0266085e-01
   1.2867854e-01   3.0149719e-02   0.0000000e+00  -2.7930568e-01  -2.9380619e-01   9.0520347e-02  -4.4057228e-01   6.0288048e-01   1.1206957e-02   3.0894342e-01  -2.9440447e-01   2.9636465e-01  -3.8610901e-01   2.8718704e-01   4.0996626e-01  -6.8873655e-01   8.3829777e-01  -1.4707622e-01   3.4813659e-01  -3.0143951e-01  -4.7249619e-01  -3.3800233e-02  -4.4965697e-01   6.6063341e-01  -2.0050092e-01   4.4873726e-01  -4.9450402e-01   6.2087389e-01  -1.7969768e-01  -4.8860368e-01   1.5406093e-01   3.8478428e-01  -2.1349804e-01  -2.0421164e-01  -8.4590389e-02  -4.5829817e-01  -2.5469383e-01   6.8940865e-01  -6.8707728e-01  -3.0114988e-01  -3.2787277e-01   4.6535163e-01   3.1783093e-01   3.2829247e-01  -1.0889907e-01   5.2526881e-01  -2.5693778e-01  -3.8904439e-01  -4.0587394e-01   5.3324789e-01   2.1499304e-01   6.2917323e-01  -1.7572339e-01   4.5000615e-01  -2.9928950e-01   3.2943727e-01   7.3526817e-01   1.1794379e-01  -2.3854663e-01   5.7344041e-01   7.7000969e-01   2.0230334e-01   2.8802385e-01  -4.2096585e-04  -8.7753655e-02  -1.6919576e-01   1.8826924e-01  -8.3369550e-02   1.3940943e-02   5.9411500e-01  -2.7229257e-01  -1.0567338e-01  -3.1821911e-01   7.7604072e-01   4.0211422e-01   5.9187671e-01   8.0569941e-01   3.8837342e-01  -7.6719324e-02  -1.3840863e-01   6.0793864e-01   6.8918916e-02   1.7687946e-01   4.8074393e-01   6.1072915e-01   6.1931248e-01  -4.3337564e-01   3.3689117e-01  -1.9638056e-01   6.1349386e-01  -1.2251338e-01   8.4844410e-01   2.5212500e-01   1.5845157e-01   3.7409622e-01  -2.7920335e-01   1.3236180e-01   7.0307540e-01  -1.1501810e-01  -3.2370439e-01   4.2731082e-01  -6.1221301e-02   2.2970676e-01   2.5500868e-01  -2.4603856e-01   2.1692081e-01   3.4087917e-01   1.3237086e-01  -8.7904634e-02  -1.0856879e-01   7.9421863e-02  -1.3284433e-01  -2.6589842e-01   3.2609086e-01   2.8406216e-01   1.1489378e-01   4.1639112e-01   2.7635638e-01  -2.9932463e-01  -6.4726069e-02   7.2700575e-01  -2.9014109e-01   5.5294268e-01  -8.9820462e-02   6.2557451e-01   6.5635274e-01  -2.4664442e-01  -2.0564710e-01  -8.3156745e-02   6.6591885e-01  -5.8286524e-01  -3.2371014e-01   5.7443956e-01  -2.0480099e-03  -2.6577091e-01   5.8839217e-01   1.2097576e-02  -3.5379387e-01   5.8723070e-01   1.9312005e-01   1.7404878e-01  -2.9712461e-01   4.9026004e-01   4.7879834e-01   9.7488834e-02  -2.9143452e-01  -4.0219683e-01  -2.8068984e-01  -1.2180340e-01  -2.8921873e-01   7.5112584e-01   3.9720114e-01   7.2958353e-01   7.4165134e-02   4.1439363e-01   7.1466482e-01   5.9322668e-01  -1.5750124e-01   7.1635408e-01   5.8309023e-01  -2.6594342e-01   3.8612756e-01  -4.2845393e-01  -3.3624604e-01   3.8200111e-01   1.1500880e-01  -8.3423483e-02   3.0810467e-01   5.9173543e-01   3.1793575e-01  -1.6159104e-01   5.9406890e-01  -2.6521676e-01   6.6452010e-01   1.7652696e-01   2.1436982e-01   2.5873845e-01
  -5.1158873e-02  -1.6927122e-02  -2.7930568e-01   0.0000000e+00   2.6632482e-01   3.7885260e-01   4.1044502e-01  -1.7140599e-01   1.7622360e-01  -1.2480039e-01   4.4316885e-01   6.9704759e-02   1.0627747e-01   2.3687418e-01  -5.6097973e-02   5.5756143e-01  -1.2927638e-01   5.4397345e-01   1.5552316e-02   3.8427469e-01   3.8131538e-01   5.7393351e-01   3.3128972e-01  -3.7376247e-01   3.4981659e-01  -8.4123835e-02   5.7148589e-01  -3.6043382e-01   2.2899575e-01   6.9801460e-01   9.2528386e-02   3.2201611e-01   3.5798089e-01   3.2518811e-01   9.2084291e-02   5.0437866e-01  -8.1537133e-02  -4.6328382e-01   4.7342883e-01   3.7674459e-01   2.6170207e-01  -9.1706612e-02   1.0322150e-01  -2.7416357e-01   5.0189645e-01  -3.9117855e-01   4.9848067e-01   3.7727086e-01   4.1560336e-01  -1.7848848e-01   3.6640189e-01  -3.1854169e-01   5.9954543e-02  -1.4912659e-01   4.5437152e-01  -9.6104061e-02  -2.8009965e-01   3.9726022e-01   6.0934285e-01  -5.9509065e-02  -2.4821343e-01   1.9107419e-02   1.0851141e-01   6.3212320e-02   4.0622726e-01   1.0083289e-01   1.6017265e-01   4.1210305e-01   4.4789970e-01  -1.5969655e-01   2.0832710e-01   5.3237012e-01   3.9741818e-01  -2.0691653e-01  -2.0077239e-01   4.1595672e-02  -3.3562363e-01  -2.2572937e-02   1.0134855e-01   4.0583969e-01  -3.4170882e-01  -2.4075057e-01  -8.1148509e-02   8.5584648e-02  -3.3939863e-01   2.3795006e-02   4.1597045e-01  -2.2263814e-01   4.0803575e-01  -3.7812843e-01  -2.6483870e-02  -2.5993053e-01  -1.0008928e-01   2.3497154e-01  -3.8926706e-01   6.7608034e-02   2.6601570e-01  -3.6076426e-01   5.5070026e-01   1.4072088e-01  -3.7440711e-01   2.8241524e-01   1.6814083e-01   1.4534837e-01   4.7474640e-01   5.8959164e-01   2.2293785e-01   3.8877672e-01   1.0634041e-02   1.5473340e-01   9.9213779e-02   3.7914578e-01   7.6026058e-01  -3.5547336e-01  -4.1305340e-01  -2.1837555e-01  -3.8586935e-01   3.8400398e-03   1.3807400e-01   6.1498888e-01  -3.9798987e-01   1.2545032e-01  -2.6215649e-01   3.4215656e-01  -4.3659231e-01  -1.7043963e-01   5.1675459e-01   3.9917798e-01   4.7237743e-01  -1.3464178e-01   1.6280776e-01   2.8130513e-01   8.8435687e-02   1.3612708e-01   4.3024071e-01  -4.5482258e-02   2.5655145e-02   2.9215427e-01  -4.2937942e-02  -4.4310235e-02   1.5702288e-01   4.3705111e-03  -3.2319096e-01  -1.6022384e-01   3.1701238e-01   4.1177522e-01   3.1835039e-01   1.1576906e-01   1.3882172e-01   1.7269521e-01  -3.5702885e-01   1.3599503e-02  -2.7475943e-01  -2.0555536e-02  -5.5383283e-02  -3.9740649e-01  -1.8140804e-01   2.6161930e-01  -2.1842012e-01  -2.6898437e-01   7.9822764e-02  -1.7756887e-01   2.5965462e-01   6.0233106e-01   3.1858410e-01  -6.3461048e-02   1.3746553e-01   7.6915844e-02  -2.7563112e-02  -1.9153561e-01   4.6318169e-02  -4.7208095e-01   7.5646704e-01  -3.2272553e-01  -4.4600004e-02   1.5090935e-01   3.8194718e-01
  -4.0761891e-01   2.5967207e-01  -2.9380619e-01   2.6632482e-01   0.0000000e+00   7.8139359e-02   2.5423275e-01  -2.1847851e-01   9.6658052e-02   9.2504049e-02   3.3544719e-01   2.6284919e-01   3.1002989e-01  -1.7464110e-01   1.7124850e-01   3.7435098e-01  -1.8123240e-01   4.0301748e-01  -3.6841037e-01   6.3314786e-01   4.1238997e-01  -7.5231345e-02   3.0264402e-01  -3.5997654e-01   5.3227203e-02  -4.3652266e-02   3.9987563e-01  -3.4460559e-01   9.8662394e-02   3.9246936e-01   3.1995784e-01   1.1628534e-01  -4.5780426e-02   4.5788049e-01   2.8133027e-01   6.2615380e-01   4.5463608e-01  -3.3487272e-01   3.0596643e-01   3.4025081e-01   2.5490990e-01  -2.9148568e-01  -4.5865207e-02  -1.6262054e-02   5.6889430e-01  -3.9541851e-01   4.1412428e-01   5.2887929e-01   5.9067049e-01  -1.0376189e-01   2.9704908e-01  -1.2812574e-01   3.6934146e-01  -1.0433596e-01   2.4163781e-01   2.2834592e-01  -3.6113398e-01  -9.5306797e-02   3.2562325e-01  -1.4359257e-01  -3.1405092e-01   2.5690613e-01  -1.2651737e-01   3.1763838e-01   4.1509193e-01   3.5313254e-01   2.1265647e-01   1.9267248e-01   2.2422710e-01  -3.7760987e-01   5.8171238e-01   2.6744575e-01   4.7350977e-01  -1.6829700e-01  -1.9286292e-01  -2.2082068e-01  -3.6637247e-01  -1.2519157e-02   6.2862097e-01   8.2449230e-02  -2.2260201e-01   2.2999057e-02   2.3627213e-01  -1.8348229e-01  -2.9867562e-01  -1.7145925e-01   1.6640134e-01  -2.3375407e-01   1.1498365e-01  -3.3144045e-01   6.4701169e-01  -3.5480895e-01   1.1948553e-01   4.6954580e-02  -3.2205191e-01   6.3183203e-01   2.3737677e-01  -2.5263946e-01   5.7135093e-01   1.5137414e-01  -1.5372463e-01   4.7588691e-01   1.4122809e-02  -1.1911156e-01   3.3199828e-01   4.1400726e-02  -8.9892089e-02   1.3380418e-01   2.8165730e-02   4.7674639e-01   2.5636574e-01   1.1579035e-01   1.0222951e-01  -5.1816413e-01  -1.9438010e-01   4.3662074e-01  -1.9801112e-03   2.8256955e-01   1.5004881e-01   1.5597485e-01  -3.3789548e-01   4.7416631e-01  -2.0127228e-01   5.2640433e-01  -4.5012803e-01  -1.9398868e-01   4.4852235e-01   4.9742471e-02  -5.0894398e-02  -2.1870234e-01   1.2936137e-01   5.4485367e-01  -1.6258222e-01   3.7486086e-01   1.2872025e-01  -2.5486705e-01  -7.4131910e-02   4.0308085e-01  -1.8243018e-01  -3.1683263e-01  -1.6514723e-01   3.6518005e-01  -2.3527808e-02  -1.9904958e-01   3.9701651e-01   4.2844582e-01   3.4906029e-01   6.3578069e-01   5.7878796e-01   4.8067488e-01  -3.2898207e-01  -1.1825495e-02  -2.1877883e-01   5.1021639e-01   1.9796050e-01  -2.7458968e-01  -2.8584896e-01   3.2803436e-01  -3.6888068e-01  -2.8953384e-01   3.1128143e-02   6.3919234e-02   7.5668133e-01   3.0154343e-01   9.4621089e-02   2.8605985e-01   4.6914662e-01  -7.7267163e-02  -1.9634263e-01   3.3142484e-01   4.9457824e-01  -4.2902385e-01   4.8306695e-01  -2.3385997e-01  -1.2601315e-01  -1.1047059e-01  -1.2529628e-01
  -6.2845058e-02  -2.5103136e-01   9.0520347e-02   3.7885260e-01   7.8139359e-02   0.0000000e+00   2.6906637e-01   9.8656888e-02  -5.0841178e-02   1.2717687e-01   2.9455320e-01   2.3714836e-01  -1.3168126e-01  -1.0069231e-01  -7.2657736e-02   1.5487386e-01   2.7904435e-01  -6.5141462e-02   5.4715852e-01   2.7811290e-01  -1.4365633e-02   2.7125068e-01   1.4502715e-01  -9.9616672e-02   4.3356633e-01   3.2782484e-01   4.7019825e-01  -1.3697744e-01   2.5813528e-01   2.1226706e-01  -4.3491726e-02   2.5516553e-01  -1.4403798e-01   2.7472240e-01   1.7308702e-01   4.4130366e-01  -3.1487105e-01   9.0667901e-02   1.5802808e-01   4.7216041e-01  -2.1748132e-01   3.6525874e-02   1.8772217e-01  -1.6381179e-01   1.9094230e-01  -1.0680055e-01   5.1152578e-01   1.3151616e-01  -1.2839108e-01   2.6120555e-01   1.4398292e-01  -2.4191559e-02  -1.3930170e-01   9.2194171e-02  -2.2700234e-02   3.0864567e-01   2.2075519e-01   4.7807322e-01  -8.4482276e-02   3.1133121e-01   9.2844192e-02  -2.2970924e-01  -1.0365016e-01   7.0319635e-02  -1.7643803e-01   2.9512367e-01   7.6583508e-01   2.8346854e-01   5.7856657e-01   3.9054158e-01   9.7531302e-02   3.4752211e-01   5.3188853e-02   2.4924329e-01  -1.9014636e-01   3.3981149e-02   8.0096558e-02   5.9450593e-02   1.0817679e-01  -3.9499281e-02  -1.8315429e-01  -1.2472480e-01   1.1701650e-01   3.9913095e-01   2.0471852e-03   4.8404134e-02   4.7107141e-02   1.4117762e-02   7.6514190e-02  -1.4953695e-01  -7.2668831e-02   1.3921298e-01   2.4766019e-01   2.4550897e-01   2.0569797e-01   1.3495443e-01  -4.3309958e-03  -3.1071119e-02   1.5826164e-02   1.2847090e-01  -2.9662036e-01   4.6352868e-01  -5.9865027e-02  -1.6709507e-02   2.8070929e-01   4.9600591e-01   3.3789359e-01   6.5289345e-01   4.4822701e-02   2.4813236e-01   2.4061851e-01   2.8597215e-01   3.0046573e-01   5.0337746e-02  -1.7849174e-01  -2.5732960e-01  -1.1842420e-01  -7.4509894e-02   2.2584771e-01   5.0087888e-01   5.2121485e-02   2.6159087e-02  -1.5152536e-01  -1.1214779e-01  -1.3766309e-01   1.3938374e-01   3.7841061e-01   1.5162828e-01   3.9782064e-01   4.9398905e-01  -1.4644231e-01  -2.1624132e-03   1.8426454e-02   2.3442895e-02   3.9518720e-01   6.5639959e-02   2.8771280e-01  -2.2170893e-02   8.1334639e-02   4.2097341e-01  -5.8086265e-03   3.5270163e-02  -1.6378805e-01   4.5938689e-01   2.5378149e-01  -1.4186124e-01   2.3771227e-01   4.8339871e-02   3.2536846e-01  -2.0610040e-01  -1.0937127e-01  -3.4044379e-02   1.1199399e-01  -3.5998079e-02   3.7558523e-01   4.0150997e-02   1.7583939e-01  -2.3134992e-01   8.8748192e-02  -1.8517586e-01   3.8823524e-03  -4.0376750e-02   1.2487534e-01   3.8709347e-03   4.4942696e-01   3.0123210e-02   2.1535329e-01   4.0994370e-01   2.2382061e-01  -1.2860594e-01   6.3347090e-02  -3.5078261e-03   1.4161288e-01   4.0364667e-01  -4.3459239e-02   1.6362116e-01   3.9155607e-01
  -2.9966895e-01  -6.2750819e-02  -4.4057228e-01   4.1044502e-01   2.5423275e-01   2.6906637e-01   0.0000000e+00  -3.6466071e-01  -2.7285887e-02   7.5832871e-02   2.8767442e-01   2.4542874e-01   3.2262617e-01  -3.1489431e-01   1.7586029e-01   5.8412830e-01  -4.1129552e-01   1.2846420e-01  -4.7387465e-02   4.2000643e-01   5.3349958e-01  -1.5953298e-02   7.3042157e-01  -5.1703110e-01   1.7214466e-01  -1.7689906e-01   5.3301017e-01  -4.1477055e-01   2.8603804e-01   4.2873503e-01   9.3913121e-02   2.2321792e-02   8.3181864e-02   5.5106772e-01   2.8651020e-01   4.8217032e-01   1.5296951e-01  -5.1252243e-01   5.2475115e-01   5.1377464e-01   3.5567765e-01  -1.9509167e-01   3.4195696e-02  -1.8200984e-01   3.9454488e-01  -4.7372015e-01   3.8479026e-01   4.8254971e-01   3.1983768e-01  -2.7824478e-01   1.6377627e-01  -2.7150241e-01   2.9725745e-01  -2.1072116e-01   1.3513007e-01   5.6913720e-02  -4.0773067e-01  -2.9323788e-02   2.4995611e-01  -1.4400939e-01  -4.5861434e-01  -3.1641660e-02  -1.4947550e-01   1.9932691e-01   1.6170991e-01   4.8240050e-01   1.4964414e-01   2.8995117e-01   2.7720377e-01  -2.1735008e-01   3.6972625e-01   3.1121053e-01   4.7756320e-01  -3.8243828e-01  -2.4845684e-01  -3.8669279e-01  -5.4311764e-01  -1.5912115e-01   3.4474646e-01   1.9999480e-01  -3.0867517e-01  -1.6797640e-02   5.5740367e-02  -1.5139318e-01  -5.6778269e-01  -2.4688005e-01   4.6728624e-01  -1.1081880e-01   1.4558331e-01  -5.3381039e-01   1.5225383e-02  -5.0335390e-01   2.2404571e-01   8.9571902e-03  -3.7392385e-01   1.1060989e-01   1.5581277e-01  -4.1932609e-01   2.0224984e-01   6.7641704e-01  -1.6703981e-01   4.8852669e-01  -1.0614369e-01  -1.3005194e-01   3.1619961e-01  -8.4741316e-02  -1.4357415e-01   1.1845029e-01   3.2720740e-01   2.3271787e-01   4.5410743e-01   3.2510423e-01   2.7801577e-01  -3.9098294e-01   5.8261545e-02   1.1858142e-02  -2.1062349e-01   1.5801443e-02   3.8033444e-01   2.8575777e-01  -5.4797513e-01   1.8226702e-01  -3.4580064e-01   9.2618366e-02  -5.6181513e-01  -2.5973915e-01   6.1357329e-01   8.6848223e-02   3.7373933e-02  -2.0513179e-01   3.6428845e-01   5.3264434e-01  -4.0373685e-01   1.5242515e-01   2.9451352e-01  -3.3356932e-01   9.0262501e-02   4.6208205e-01  -3.0318306e-01  -2.4192260e-01  -2.6944185e-01   2.0344010e-01  -2.3123024e-01   3.7126588e-02   3.4921081e-01   2.9409972e-01   7.2651156e-01   2.0230078e-01   4.2262879e-01   2.4101586e-01  -5.0344193e-01  -1.4303017e-01  -3.7691657e-01   5.6828288e-02  -9.8184535e-02  -5.1467620e-01  -4.7570886e-01   3.9568371e-01  -4.7158818e-01  -3.1350699e-01   1.7460567e-01  -1.0498718e-01   2.8510743e-01   1.8841587e-01  -1.0154952e-01   3.5529511e-01   2.4668265e-01  -8.2312976e-02  -3.5391901e-01  -1.3747881e-01   3.8330972e-01  -5.5913909e-01   3.7640216e-01  -3.8422951e-01  -5.8030718e-02  -1.8329415e-01  -5.7174292e-02
   3.6984027e-01   1.7291297e-01   6.0288048e-01  -1.7140599e-01  -2.1847851e-01   9.8656888e-02  -3.6466071e-01   0.0000000e+00   2.5991656e-01   1.7455798e-01  -1.6687757e-01   1.2081541e-01  -9.7754134e-02   4.4503972e-01   3.4905845e-01  -6.3231449e-01   6.5727787e-01  -1.0946586e-01   1.7616902e-01  -3.8883617e-01  -1.9142339e-01   2.0109234e-01  -2.7864116e-01   7.5388244e-01   8.5729688e-02   4.7069967e-01  -5.6916283e-01   6.1694837e-01  -2.1748371e-01  -2.2128076e-01   4.8199932e-01   3.7711133e-01  -1.4090213e-01  -2.9950505e-01  -1.2880204e-01  -3.2677430e-01  -1.2332170e-01   5.8305254e-01  -4.7968013e-01  -3.9130323e-01  -3.2820515e-03   4.7960817e-01   2.8117270e-01   5.3961276e-01  -1.7200390e-01   6.9079589e-01  -1.9710878e-01  -2.3990616e-01  -3.0300506e-01   5.1876772e-01   3.0573715e-01   7.0408083e-01  -1.1806921e-02   3.8830440e-01  -6.3511701e-02   4.8967826e-01   6.2812039e-01   9.5819321e-02   1.1314138e-01   2.9319731e-01   7.9771231e-01   2.5884297e-02   4.4086893e-01   2.4416155e-01  -1.7764094e-01  -1.6334776e-01   4.1848349e-01  -1.9643014e-01   1.1151320e-01   4.1412305e-01  -2.5848479e-01  -6.1333139e-02  -4.6297561e-02   5.5978149e-01   4.4414306e-01   7.0109727e-01   7.3163576e-01   5.5289356e-01  -2.0065432e-02  -5.7608120e-02   7.2936547e-01   4.1256832e-01   3.6737577e-01   8.1200555e-01   5.4035828e-01   5.4089144e-01  -2.5673750e-01   5.7077869e-01   1.2480753e-01   6.0924177e-01   1.3842363e-01   6.2790008e-01   2.2095874e-01   7.2048325e-02   3.7148637e-01  -2.3203764e-01   1.3962053e-01   8.3499077e-01  -8.7352540e-02  -3.2221374e-01   5.0399798e-01  -2.9898555e-01   5.9873462e-01   3.4523636e-01  -2.4425900e-01   3.9108180e-01   3.8562980e-01   3.8770917e-01  -1.3896734e-01  -2.7675281e-02   3.2022060e-02  -6.7293941e-02  -1.0717416e-01   4.2658691e-01   2.1603683e-01   2.1082318e-01   5.5676032e-01   4.9845013e-01  -4.5202472e-01  -8.6609422e-02   7.1566627e-01  -1.8139818e-01   2.3431219e-01  -8.3338669e-02   6.6829730e-01   5.9851164e-01  -1.7665436e-01   5.4996874e-02   1.0508876e-01   4.8359456e-01  -4.4343814e-01  -2.3941371e-01   4.8331234e-01   2.4700496e-01  -4.3645068e-01   8.2062663e-01   2.9931920e-01  -2.0234644e-01   6.4458870e-01   1.7928494e-01   4.4384749e-01  -1.2087726e-01   6.3715195e-01   2.3679887e-01   1.0635983e-01   1.7497443e-01  -5.7553409e-01  -5.3912731e-02  -1.4895334e-01  -1.4494100e-01   5.0808521e-01   7.7337595e-01   6.8079731e-01  -4.5024408e-02   2.9163878e-01   6.6048804e-01   6.9959779e-01   1.8708777e-02   7.2408185e-01   6.0403543e-01  -5.4034321e-01   7.7207810e-01  -1.7933773e-01  -1.2912628e-01   4.2787613e-01   2.0614801e-01  -6.9205710e-02   6.0959148e-01   6.1708773e-01   4.4969993e-01  -7.4117521e-02   5.2300367e-01  -2.5824214e-01   5.0632406e-01   1.7623862e-01   2.4101431e-01   4.8233580e-01
   2.1646405e-01   7.0506299e-01   1.1206957e-02   1.7622360e-01   9.6658052e-02  -5.0841178e-02  -2.7285887e-02   2.5991656e-01   0.0000000e+00  -2.3642396e-01  -1.5831493e-01   1.8647882e-01   1.8033280e-01   3.5723328e-01   1.3040819e-01   8.2345171e-02   1.1018717e-01   7.9666087e-02  -3.3384246e-03  -2.9194992e-02   8.6343624e-02   6.4185884e-02  -1.0788542e-01   1.1006462e-01   1.6620722e-01   1.1602066e-01  -7.3032433e-02   6.1186602e-02  -7.4361895e-05   3.6812863e-01   4.1299300e-01  -6.0728543e-02   3.8673383e-01  -2.8131082e-02   4.5021854e-02  -6.8263496e-02   2.0653379e-01   4.2063272e-02   2.6184571e-01   2.0626013e-02   1.6678522e-01   1.2257129e-01   4.4038596e-01   2.4056836e-01  -5.5691560e-02   2.6163175e-01  -1.1725770e-01   3.2546447e-01   3.1019393e-02   1.1089990e-01  -2.1730996e-02   1.8090868e-01   2.8251203e-01  -1.3120524e-01   4.7052277e-01   2.0134947e-01   1.0283542e-01  -1.8297878e-01   2.8860364e-01  -2.0634385e-01   1.6944891e-01   1.9762440e-02   7.8603858e-01   5.2624200e-01  -1.1739795e-02  -9.6177830e-02   1.6293548e-01  -1.1621184e-01   6.6963548e-02  -7.6409105e-02   2.6374010e-01  -1.9167411e-01   2.6689764e-01  -9.6702125e-02   7.8021335e-02   6.7116054e-02   9.7318623e-02   1.5054726e-01   6.3090872e-02   1.1627009e-01   1.4229453e-01   2.3175346e-01   2.4602955e-01   3.0010287e-01   1.1569499e-01  -1.0576251e-01   4.2152353e-01   1.1807408e-01   4.6611853e-01   9.4700011e-02   2.4442607e-01  -1.2390314e-01   1.2153142e-02   1.6735945e-01   1.3169134e-01   1.4055828e-01  -1.4349371e-02   2.2622275e-01   2.0441652e-01  -2.2839404e-01   3.2292846e-01  -1.6728490e-01   1.6520979e-01   6.9482967e-01  -1.9161585e-01   5.9166607e-02   1.3656024e-01   9.4202629e-02   7.0100319e-02   1.5035869e-03   1.9854136e-01  -3.4588326e-01   2.1821814e-01   2.4287535e-02   9.1101081e-02   1.6992292e-01   2.1547351e-01   2.8570937e-01  -6.1252020e-02  -2.2094927e-01   1.5726440e-02   1.4759575e-01  -2.3970343e-01   1.8770310e-01   1.2780239e-01  -3.9652912e-03  -1.6633872e-01   2.1465377e-01   1.8192164e-01  -4.8504103e-02   1.5148627e-01  -4.8428565e-02   1.8230046e-01   4.4649725e-01  -4.0111896e-01   2.8491766e-01  -3.1482463e-02   2.1675849e-01   1.2158199e-01  -3.1848589e-02   3.7993925e-01  -1.1582161e-01   6.3330084e-02   2.7863143e-02   3.0515469e-02   3.5777452e-01  -6.7107222e-02   3.5141809e-01   4.1840768e-02   1.3115845e-01  -2.2057132e-02   3.0523842e-01  -2.1761874e-02   1.1580632e-01   3.2786022e-01   5.7650222e-04   1.9887731e-01   1.8607386e-01  -3.8148577e-02   4.9159013e-02  -2.2586616e-01   2.6801375e-01   1.9824911e-01   1.0566096e-01   1.5027497e-01   2.2485292e-01   6.3553147e-02   3.0570359e-01   6.0653869e-02   2.8252442e-01   3.1001932e-02  -3.8401660e-02  -3.0426753e-02   1.2585919e-02   8.8087595e-02  -5.7785998e-02   1.9725624e-01
  -1.9373075e-01  -2.8157755e-01   3.0894342e-01  -1.2480039e-01   9.2504049e-02   1.2717687e-01   7.5832871e-02   1.7455798e-01  -2.3642396e-01   0.0000000e+00   4.6558480e-02   2.9054995e-01  -4.8786942e-03  -1.7314068e-01   4.5828378e-01  -3.0345570e-01   2.9499965e-01  -9.7293977e-02   1.4319140e-02   1.9202540e-01  -3.4491440e-02  -1.2771768e-01   3.7369607e-01   2.7912419e-01   2.5625797e-02   1.4732597e-01  -1.9858324e-02   3.4203422e-01  -2.0646606e-01  -3.8467098e-01   2.0467630e-01   3.9552969e-01  -3.7541258e-01   2.5886155e-01   2.4782605e-01   1.1067239e-01   8.8337527e-02   2.4580948e-01  -4.0702049e-01   8.8638534e-02  -1.0502851e-01   2.0360996e-01   2.2031350e-01   1.3948958e-01   2.1582513e-01   1.5322205e-01   8.2396055e-02  -2.0141244e-01  -1.2126175e-01   3.1271107e-01   4.2202559e-01   3.7886333e-01  -1.0451498e-01   2.0481846e-01  -6.3506098e-02   4.1025912e-01   2.6653360e-01   1.3275694e-01   1.0534670e-01   2.8323341e-01   2.8290667e-01   3.4569296e-01  -4.0836925e-02  -3.7540046e-02   5.4932430e-02   6.2308297e-01   1.5340714e-01  -2.9129413e-01   1.5649197e-01   2.2176481e-01  -1.9864209e-01   3.4802192e-01   2.1502514e-02   2.3833611e-01   1.3874640e-01  -3.0968114e-02   2.4895507e-01   2.3010405e-01   3.0315266e-01  -3.2039901e-01   4.2397007e-01  -6.7249666e-03   5.1059254e-02   1.6198361e-02  -9.5678138e-03   2.8826975e-01  -4.2353804e-01   3.6156191e-01  -1.4103270e-01   2.0076548e-01   9.9422797e-02   2.6647499e-01   4.5573425e-01   9.8951281e-02   1.4859135e-01  -1.7689340e-01   3.3665141e-01   3.0334987e-01  -9.5794713e-02   4.6748819e-01   1.1543924e-01   3.6728384e-01   1.6724104e-01  -1.1887950e-01   1.9848836e-01   8.9751257e-02   1.6330273e-01   3.1096211e-01   2.0336342e-01   1.6531987e-01   1.8940310e-01   3.0683399e-01  -1.5205581e-01   8.3094198e-02   1.7317284e-01   3.2252761e-01   4.5157663e-01   3.0174048e-01  -1.9032600e-01   2.0837304e-01   3.3407864e-01  -2.1143472e-01   1.6467589e-01   9.9661168e-03   1.5336817e-01   3.6361829e-01   2.3360438e-01  -2.0540946e-01  -2.5195446e-01   3.1122013e-01  -3.5008985e-01   1.4974827e-01  -5.0188795e-02   1.2330045e-01   7.9059137e-02  -8.3308439e-02   4.7284161e-02  -1.5115036e-01   1.4743536e-01   1.3355766e-01  -1.8506718e-03  -9.7520122e-02   3.2620474e-01   7.9824284e-02   4.3953833e-01  -1.0674499e-01  -8.5532429e-02   5.4093804e-02   4.3251246e-01   1.4639775e-01   2.7559299e-02   2.1503557e-01   3.7005645e-01   2.0012026e-01   9.9880735e-02   3.0111449e-01   2.7451838e-01   2.9729069e-01   2.5585675e-01   4.2366128e-01  -9.8724502e-02   1.3991913e-01   9.3145742e-02  -1.8992952e-01   2.2209217e-01   3.7870005e-01   2.4635279e-01   2.3685733e-01   3.5352615e-01   2.2243002e-01   4.7076411e-01   2.2697056e-01  -1.4202625e-01   2.2776797e-01  -3.3182092e-01   7.5917109e-02  -5.6078080e-02
  -3.3971001e-01  -1.6336124e-01  -2.9440447e-01   4.4316885e-01   3.3544719e-01   2.9455320e-01   2.8767442e-01  -1.6687757e-01  -1.5831493e-01   4.6558480e-02   0.0000000e+00   1.7336502e-01  -1.4925303e-01  -1.6385038e-01   8.0917784e-03   4.2828799e-01  -2.3579193e-01   5.3810013e-01  -1.0842439e-02   4.8166129e-01   3.7456239e-01   4.4922709e-01   3.7039428e-01  -3.1905581e-01   2.2157186e-01  -7.5790987e-02   4.7476223e-01  -3.3301443e-01   3.8077574e-02   4.5899925e-01   3.1455297e-02   3.5019684e-01   1.0304613e-01   2.8278582e-01   3.2811642e-01   7.4116328e-01  -7.4274976e-02  -2.6686312e-01   2.8429655e-01   2.7827138e-01  -8.5616303e-02   3.5332192e-02   3.9756954e-02   1.9990620e-02   5.2005129e-01  -3.4887665e-01   8.2362720e-01   2.1472700e-01   3.3729834e-01  -2.0935542e-01   4.6339986e-01  -2.6319303e-01   6.9186257e-02  -1.0125212e-01   9.2714350e-02   4.1874037e-02  -3.2819002e-01   4.5845739e-01   3.6256132e-01  -1.1162865e-02  -2.3806601e-01   1.5954447e-01  -1.8181127e-01   3.8122883e-02   3.0565040e-01   2.9427834e-01   2.0746782e-01   1.6237539e-01   6.7263348e-01  -1.6688922e-01   1.0172795e-01   4.5364938e-01   1.4514921e-01  -1.4298738e-01  -2.7669241e-01   2.0270774e-02  -2.8898397e-01   2.7199606e-02   2.6767654e-01   2.0099121e-02  -2.4073483e-01  -2.2305251e-01  -1.0709390e-01  -2.2355468e-02  -4.2786182e-01   2.1974107e-02   8.1477224e-02  -2.5483965e-01  -6.7239267e-03  -4.1619572e-01   7.6603123e-02  -2.1732827e-01  -1.1092648e-01   2.8018877e-01  -2.0265913e-01   3.5458330e-02   2.6556012e-01  -2.6983222e-01   4.0128184e-01   1.2345004e-01  -3.8837403e-01   2.9826738e-01   1.9173302e-01  -1.2103577e-01   6.4517010e-01   4.1124308e-01   1.6154073e-02   4.8652976e-01  -8.4676741e-02   3.9695269e-01  -7.0002704e-02   6.3590181e-01   4.0529366e-01  -4.4897780e-01  -4.6094801e-01  -5.5843839e-03  -2.0460758e-01  -2.0539730e-01   2.0724115e-01   5.0485350e-01  -3.0410593e-01   7.6207975e-03  -1.1951104e-01   2.7247747e-01  -3.9206080e-01  -1.2507456e-01   6.4144252e-01   2.1611283e-02   3.6439966e-01  -1.6205626e-01   5.2844970e-02   4.8038033e-01  -2.5985444e-01   1.6449490e-01   4.6929963e-01  -1.8782364e-01   1.0493898e-02   2.9615788e-01  -5.6054808e-02  -3.1676603e-02  -1.3365668e-01  -3.4996184e-03   1.4157088e-01  -1.9696911e-01   2.6337870e-01   3.9457993e-01   2.1009281e-01   2.3599214e-01   2.8621721e-01   1.4843774e-01  -3.7793821e-01   3.1916589e-02  -2.4504781e-01   2.8906955e-01  -7.0975837e-02  -2.2070929e-01  -2.4766996e-01   2.8641567e-01  -2.0572830e-01  -2.2803671e-01   1.0372362e-01   7.0157940e-02   2.8417337e-01   5.3902705e-01   2.9126952e-01   5.4558669e-02   3.9533374e-01   1.3423890e-01  -2.1546400e-01  -9.6063683e-02   2.0286949e-01  -3.0051295e-01   5.3730149e-01  -1.6648625e-01  -2.0109403e-01  -9.9226291e-02   3.1664773e-01
  -3.8882641e-01   3.9059235e-01   2.9636465e-01   6.9704759e-02   2.6284919e-01   2.3714836e-01   2.4542874e-01   1.2081541e-01   1.8647882e-01   2.9054995e-01   1.7336502e-01   0.0000000e+00  -9.3423774e-02  -5.0239344e-02   4.4577642e-01   5.5913690e-03   2.8552449e-01  -5.1358663e-03   6.4902612e-02   3.1562922e-01   1.1235194e-01  -2.3906204e-01   4.6513835e-02   6.6023592e-02   1.4814024e-01   2.5053187e-01   1.4400931e-01  -2.0072373e-02  -7.0626613e-02   7.9407562e-02   3.8014707e-01   3.6004186e-01  -1.4903516e-01   5.2821923e-01   5.7405772e-01   2.3515496e-01   9.9242060e-02   6.7582675e-02  -4.6474753e-02   2.4829027e-01  -1.5016315e-01   1.4748983e-01   4.6659910e-01   1.8126070e-01   4.3860051e-01  -9.2980542e-02   2.6898157e-01   4.1660836e-01   1.2956187e-02   1.3335241e-01   3.4690109e-01   2.2938073e-01   3.6357863e-01   2.4309734e-01   1.2166864e-01   4.0258439e-01   4.5533036e-02   1.9895454e-01  -3.8767348e-02   4.2946597e-01   2.0905313e-01   2.5409198e-01   6.3380365e-02   5.2160243e-01   1.3862171e-01   4.2243878e-01   3.2059810e-01   3.1544768e-02   2.3230402e-01   1.2735476e-02   4.5098805e-01   2.1062451e-01   2.3502204e-01   4.4873356e-01   8.5341830e-02   8.6338210e-02   1.1764281e-01   2.5039583e-01   6.3021608e-01  -1.3273151e-01   1.1801694e-01   1.4081365e-01   3.0930017e-01   1.5736292e-01  -1.3032509e-01   1.8107332e-01   9.4897458e-02   1.8143136e-01  -1.3451423e-01  -1.4168456e-01   2.6233197e-01   1.3546319e-01   3.3938188e-01   3.5443521e-01  -4.5311344e-02   4.7904654e-02   3.9084254e-01   1.5190287e-01   2.0555708e-01   2.6300548e-02   9.8977353e-02   4.5994571e-01  -2.0615255e-02   1.3720559e-01   1.9315477e-01   1.4280417e-01   2.0199367e-01   2.4700377e-01   1.7947875e-01   2.8880551e-01   5.1312770e-01   1.3711393e-01  -8.4859000e-02  -3.7171396e-01  -9.6052394e-02   4.6389495e-01   2.0218225e-01   2.6971763e-01   6.7058606e-02   1.9661032e-01   5.9058592e-02  -2.4635080e-02   1.5370247e-01   1.6926991e-01  -1.5054982e-01   5.0178595e-01   3.6485982e-01  -7.4625804e-02  -8.7914295e-02   2.0234476e-01  -1.8337364e-01   3.6150457e-01   1.6809352e-01   5.0418083e-01   6.2440789e-02   6.3808025e-02  -8.8743018e-02   2.6070063e-01   1.9238123e-01  -1.0342705e-01  -2.1522945e-01  -7.4586347e-02   3.7983203e-01   1.9999324e-01   4.4814907e-01   1.1573717e-01   3.9381633e-01   3.0626630e-01   4.7544995e-01   1.3138186e-01  -2.0316058e-02   1.1581139e-01   1.8974891e-01   5.5390682e-01   5.8790322e-01   7.0457241e-02   5.5680496e-02   3.0224159e-01   1.2336365e-01   4.8583373e-03   6.2297032e-02   2.8673731e-01   1.5439188e-01  -2.9216427e-01   3.9471406e-01   6.7591111e-01   5.4142965e-01   1.9280907e-01   6.4641497e-02   4.6680538e-01   4.6437499e-01  -1.7102925e-01  -5.1046531e-02   1.4483986e-01  -2.9810624e-01  -1.1489236e-01   5.8342284e-02
  -4.7790451e-02   1.6128940e-01  -3.8610901e-01   1.0627747e-01   3.1002989e-01  -1.3168126e-01   3.2262617e-01  -9.7754134e-02   1.8033280e-01  -4.8786942e-03  -1.4925303e-01  -9.3423774e-02   0.0000000e+00  -3.0596472e-01   7.0999575e-02   2.9328392e-01  -1.9285327e-01   9.5343917e-02  -3.3567955e-01   1.7215316e-01   2.8964566e-01  -1.2918564e-01   2.8564723e-01  -3.4209386e-01   2.4647713e-01  -5.1294394e-02   2.4428682e-02  -1.8618824e-01   2.4218518e-01   1.6445487e-01   1.7915581e-01  -1.2576687e-01   1.9979187e-01   8.8023969e-02  -3.1722028e-02   1.1568214e-01   5.1435920e-01  -3.9588890e-01   4.2672857e-01   1.5366550e-01   5.6816078e-01  -1.3397283e-01  -7.3402455e-02   3.4284169e-02   2.5903594e-02  -1.7993739e-01  -7.1886555e-02   2.5889209e-01   3.0200713e-01  -1.1906825e-01  -1.5619045e-03  -1.6265001e-04   2.7194785e-01  -4.7264447e-02   1.4690547e-01  -2.8149535e-02  -2.9862136e-01  -2.3830849e-01   2.7593633e-01  -3.5941871e-01  -2.3081567e-01  -2.0369181e-01   5.8568399e-02   2.9175076e-01  -1.6410689e-02   1.6903054e-01  -1.1181261e-02   6.5838475e-02  -1.4098872e-01  -2.9727905e-01   2.1352563e-01   4.9677235e-02   4.5317933e-01  -3.8070604e-01  -3.5606618e-02  -2.4733611e-01  -3.7569305e-01  -9.6009063e-02   1.9067258e-01   3.0510029e-01  -1.4167977e-01   3.2003467e-01   1.9709930e-01  -7.0690911e-02  -2.1285909e-01  -1.8883637e-01   2.5758106e-01  -8.0440071e-02   4.1422466e-01  -2.6239900e-01   3.2816272e-01  -4.1194496e-01   2.4716290e-01  -1.4268798e-01  -3.4127342e-01   3.8797747e-01  -6.9409211e-02  -1.0584965e-01   2.0691600e-01   3.3989415e-01  -3.2337229e-02   2.0054127e-01  -5.1883625e-02  -6.8526024e-02  -2.2572015e-03  -2.4872234e-01   1.0749671e-02  -6.7809075e-02   3.0931805e-01   1.0580507e-01   2.9682559e-01  -1.5469736e-01   1.1223295e-01  -1.8862133e-01   3.5783215e-02   1.1320521e-01   4.9527625e-02   3.9776891e-01  -8.0561430e-03  -6.5004231e-02  -3.3399138e-01   4.1075839e-01  -5.3351369e-01   1.0805295e-01  -3.1366662e-01  -3.7708601e-01   5.0941964e-02   3.4496602e-01  -8.1839061e-02  -2.8146660e-01   3.8516235e-01   1.9119404e-01  -3.4161471e-01   1.9275404e-01  -1.7705794e-01  -7.8223425e-02   3.2572486e-01   1.3760367e-01  -1.5896723e-01  -3.3131082e-01  -5.6245478e-02   6.1222827e-01  -7.1187833e-02  -1.8141160e-01   8.5596334e-02   2.7686208e-01   2.1257297e-01   3.8162537e-01   2.3184089e-01   3.4420802e-01  -3.4242270e-01  -2.1497956e-02  -1.6343495e-01  -1.3458872e-01  -6.6166459e-02  -4.1350600e-01  -2.6919540e-01   3.1319299e-01  -2.9659630e-01  -2.1040870e-01  -1.9357632e-01   2.9571785e-02   4.3659376e-01   1.2041548e-01  -2.3250000e-01   1.6148743e-01   2.0259194e-02  -9.9110007e-02  -2.2062469e-01   1.2696413e-01   2.4562418e-01  -4.8067614e-01   1.5226512e-01  -2.7208036e-01   7.6169737e-04   3.7675542e-02  -2.1843283e-01
   5.7028469e-01   2.0914982e-01   2.8718704e-01   2.3687418e-01  -1.7464110e-01  -1.0069231e-01  -3.1489431e-01   4.4503972e-01   3.5723328e-01  -1.7314068e-01  -1.6385038e-01  -5.0239344e-02  -3.0596472e-01   0.0000000e+00   1.5876905e-01  -2.2932874e-01   2.1135180e-01   1.5028474e-01  -3.5577967e-02  -2.5307539e-01  -7.9892013e-02   3.7852524e-01  -2.6759738e-01   5.0980333e-01  -1.0764654e-01   1.7226661e-02  -2.4119461e-01   3.4742398e-01  -1.4832778e-01   1.4308634e-01   2.4811368e-01   2.0853814e-01   1.6197966e-01  -1.9257258e-01  -2.5042844e-01  -3.0689138e-01  -1.6308536e-01   2.4020396e-01  -2.3621659e-01  -2.5717069e-01  -1.9021837e-03   2.3043627e-01   7.9015545e-02   2.4084340e-01  -4.5142035e-02   3.5697785e-01  -2.5355239e-01  -1.7394472e-01  -7.6676073e-02   1.7186648e-01   1.2651382e-01   2.7827769e-01  -1.1679864e-01   1.8221636e-02   2.7764930e-01   1.7176524e-01   2.5612412e-01  -4.5494375e-03   3.2099921e-01   3.5479565e-02   3.3470467e-01   3.7261932e-02   5.0393155e-01  -2.3434156e-02   1.6274997e-01  -3.3346506e-01  -1.2342555e-02  -7.6926752e-03  -9.1442970e-02   1.8775991e-01  -1.8546737e-01  -1.0797838e-01  -1.8873548e-02   2.4869881e-01   1.8456761e-01   4.2809878e-01   3.2949736e-01   3.8589434e-01  -1.3936997e-01   3.9018251e-03   4.3143024e-01   1.2854490e-01   5.3864817e-02   3.7991528e-01   4.0625681e-01   2.8811519e-01   1.7357319e-02   2.2428553e-01   1.7662743e-01   5.4662714e-01  -3.3949073e-02   2.3806704e-01  -1.4749708e-01  -6.6413933e-02   8.4940700e-02  -2.6390350e-01   8.6971808e-02   2.8546359e-01   6.5465251e-02  -3.9007167e-01   3.5998653e-01  -4.1429691e-01   5.2291132e-01   5.1774424e-01  -1.9792262e-01   3.9243704e-01   1.6540245e-01   9.2272320e-02  -3.4438581e-01  -1.4875709e-01  -1.5315153e-01  -2.3454632e-02   1.8800214e-01   3.4677126e-01   9.5856007e-02   5.6044433e-03   2.0824380e-01   2.1344151e-01  -2.6791228e-01  -1.5100020e-02   3.2122388e-01  -1.3271314e-01   2.5197577e-01   1.3928653e-01   4.4942907e-01   3.1420760e-01  -1.2425837e-01   4.5815551e-02   1.1750594e-01   9.6695882e-02  -1.8259469e-01  -2.7575621e-01   6.5886998e-01   4.8789049e-02  -2.4858543e-01   4.2959918e-01  -2.3859028e-01  -2.2164471e-02   2.4917371e-01   1.0420359e-01   6.5356465e-01  -4.3957386e-01   1.6734201e-01  -2.6792792e-02   1.0051558e-02   1.9826559e-01  -4.0498836e-01  -1.8145019e-01  -3.2751355e-01  -8.4627511e-02   4.3491561e-01   5.2225743e-01   1.7583007e-01  -9.0829857e-02   3.3214907e-02   3.2293898e-01   4.1904956e-01   1.8160500e-02   2.8191586e-01   4.1478034e-01  -1.0484049e-01   3.0666636e-01  -2.2656462e-01   2.0291050e-01   2.0214255e-01  -5.0021648e-02  -1.5722311e-01   3.9745711e-01   4.7788725e-01   1.0632199e-01  -1.7789829e-01   2.7930805e-01   2.2224729e-02  -2.0610429e-02   1.6900389e-01  -1.0862322e-02   3.6445832e-01
