   0.0000000e+00  -2.8259920e-01   2.3347847e-01  -3.1974631e-01  -1.2327182e-01  -2.5098334e-01  -4.3988952e-01  -9.3799176e-02  -1.8209758e-01  -3.6294068e-01  -2.4339593e-01  -1.5437532e-01  -2.4898592e-01   3.2280262e-01   7.4636503e-02  -2.7375528e-01  -1.4231803e-01  -1.0415529e-01   2.3072005e-01  -2.1450410e-01  -6.5826776e-02   3.3340895e-02  -2.4055980e-01   7.3022980e-01  -1.4941801e-01  -1.7930570e-01  -4.9364437e-01   1.0817196e-01   8.8841011e-02  -2.5264370e-01  -3.7446942e-02  -8.0820071e-02  -3.8396012e-01  -4.8727212e-01   2.3957035e-01  -2.0940069e-01  -3.6583764e-01   5.9896804e-01  -2.6156645e-01  -3.8956213e-01  -1.5148825e-01  -3.3478752e-01   5.1089386e-02  -4.6017602e-02  -6.0358449e-02   4.7083565e-01  -1.6521029e-01  -5.3002808e-01  -2.7219496e-01  -1.8615675e-01  -3.1101291e-01  -1.8411900e-01  -3.4829959e-01   1.6459571e-01   1.7549547e-01   6.9322366e-02   1.2839270e-01  -5.2993687e-02  -2.7187618e-01   1.4760336e-01   3.9091218e-01   3.6844255e-02   1.1744157e-01   7.4559834e-02  -2.1699230e-01  -5.2039096e-01  -8.0693474e-02  -3.7825047e-03  -2.6508600e-01   4.8098807e-01  -5.0589822e-01  -1.4164684e-01  -4.8910094e-02   8.0104148e-01   1.9247731e-01  -5.6494499e-02   3.7206881e-01  -2.4884419e-02  -1.2732868e-01  -3.0188400e-01  -7.9360492e-02  -9.0507274e-02  -4.5575223e-01   8.6790280e-04   2.1602387e-01  -1.5609352e-01  -1.1338706e-01   5.7753764e-01   4.0252463e-02   6.3299311e-01  -2.1907246e-01   3.7717037e-01  -4.0531207e-01  -1.2562945e-01   5.7366070e-01  -4.6488470e-02  -2.2436075e-01   1.0876352e-01  -9.1743262e-02  -3.6005101e-01   2.1803789e-02  -3.1681294e-01  -1.4331842e-02   1.0412229e-01  -1.9808433e-01  -9.1340635e-02   2.6559662e-02  -2.1435695e-01  -1.2954791e-01  -1.4200108e-01  -2.9850174e-01   8.9372150e-03  -2.4831172e-01   6.1022133e-01   8.9060014e-02  -7.5658417e-02   1.9640283e-01  -1.2549178e-02  -2.5232076e-02  -8.9227430e-02   6.0305472e-01  -1.5994596e-01   1.6046224e-01  -2.8717938e-01   5.6217770e-01   5.3056330e-01   2.0666030e-02  -2.0484428e-02  -1.4086327e-01   2.8251989e-01  -3.6787757e-01  -3.1566209e-01   5.4137053e-01  -1.4119791e-01   4.9929569e-02  -2.2843116e-01  -3.2798272e-01  -9.4541780e-02  -2.0347530e-01   5.7698150e-01   5.0468798e-01   5.0539332e-03  -2.2157841e-01   4.0170153e-01  -1.6515398e-01  -2.4361307e-01  -2.2250727e-01  -2.8413926e-02  -2.9921128e-01  -3.8370729e-01   5.7186860e-01   1.0867167e-01   5.8572445e-01  -1.5061784e-01  -6.3302907e-02   5.0731957e-01   5.3445498e-01  -2.6012774e-01   3.1189033e-01   2.9062292e-01   7.3246363e-02  -2.5380854e-01  -4.0977441e-01  -4.7445572e-01  -3.2520212e-01  -6.7824488e-02  -1.9103614e-01  -5.9231320e-02   5.2485146e-01  -2.3112949e-01  -3.6161948e-01   6.4681384e-01  -2.7993466e-01   1.0466647e-01  -2.7696257e-02  -2.6636181e-01  -2.3156551e-01
  -2.8259920e-01   0.0000000e+00  -2.3702606e-02  -3.6434358e-01   3.7467737e-01  -2.6714872e-01  -3.9816963e-02  -3.0000549e-01   6.2335540e-01   1.1535149e-01  -3.4162370e-01   6.4280367e-01   1.6260683e-01  -2.8750114e-01   7.3245553e-02  -1.1674501e-01   5.5553405e-01  -4.0074646e-01  -5.2969430e-02   3.0688119e-01  -3.1630930e-01  -2.8246550e-01  -2.5081397e-01  -3.1909603e-01  -2.9003531e-02  -1.2517103e-01   3.8980875e-01  -4.7129818e-01   1.5945684e-01   3.6759257e-01  -2.1841161e-01  -3.4301849e-01   9.7393765e-03   5.5505333e-01   2.7786638e-01  -8.1116280e-02   4.0716103e-01  -3.1227531e-01  -3.9558741e-02   3.6347574e-01  -9.4108317e-03  -1.0476261e-01   3.3052955e-01  -3.6590755e-01  -4.6243539e-02  -3.0837652e-01  -4.5164418e-01   2.8885154e-01   1.8876136e-01   4.3422772e-01  -4.2394652e-01  -1.4892713e-01   3.6001331e-01   1.8791346e-01   3.3359966e-01  -4.7242435e-01  -1.4983053e-01  -3.1889008e-01  -3.5064563e-01   1.4346838e-01  -1.5084745e-01  -2.8880678e-01   3.1782239e-01   4.3255231e-01   3.4137866e-01  -8.3365253e-02  -4.2434523e-01   2.7820829e-01  -3.8746952e-01  -2.4153659e-01   4.9488082e-01  -4.1885858e-01   2.3269538e-01  -1.6915671e-01  -1.4235366e-02  -8.4694265e-02  -3.8100828e-01  -4.2129837e-01   4.5657675e-01  -2.4648499e-01  -3.6521273e-01   2.0944448e-01   2.6252525e-01  -3.2861503e-01  -2.0786764e-01  -1.2205574e-01   5.6139955e-01  -2.6009436e-01   4.0917751e-01  -2.6990103e-01   4.2080918e-01  -1.7694575e-01   5.2121789e-01  -1.8522577e-02  -4.8669718e-01   2.2452590e-01  -2.1756434e-01  -1.2829602e-01  -1.5327622e-01   8.5682892e-03  -4.4630618e-01   8.0726993e-02  -1.5666666e-01   5.3027037e-01  -4.4033098e-01  -2.8772226e-01   3.7281603e-01  -2.5309388e-01  -8.6010496e-03  -3.2386218e-01  -4.5771303e-02  -2.2941328e-01  -9.9327261e-02  -5.9277431e-01  -5.3197872e-01   4.2445834e-01  -3.5560344e-01   1.3678540e-01  -3.9820922e-01  -2.6074629e-01  -5.2589913e-01   3.5653285e-01   3.5325683e-01   6.2489048e-01  -3.7960238e-01  -4.7879151e-03   2.4640608e-01   1.3256426e-01  -1.3691504e-01  -2.4998241e-01   1.7526863e-02   1.8775736e-01   2.7961738e-01  -1.1502589e-02  -1.5701708e-01   1.2994824e-01   1.9781746e-02  -4.9710671e-01   2.2840807e-02  -3.6061320e-01  -4.8179776e-01   2.4016342e-01  -1.4666253e-01  -2.2332495e-01   1.1933714e-01  -2.0810784e-01  -1.2975292e-02  -1.1090166e-01  -5.0490160e-01   1.7552734e-01  -4.8851689e-01  -3.7119245e-01  -3.8403834e-01   2.9803959e-01   6.8003599e-01  -1.9247733e-01  -4.2035195e-01  -3.5461956e-01  -1.4004598e-01  -1.8702245e-01  -1.6749639e-01   1.0058732e-01   2.2406996e-01   3.9079515e-02  -1.4505205e-01   5.7065019e-01   1.4211360e-01  -2.0666036e-01  -2.6041098e-01   6.2788251e-01   5.1422692e-01  -3.8145506e-01  -2.9183079e-01  -1.9343022e-01  -1.8336873e-01   1.8607446e-01  -2.1557425e-01
   2.3347847e-01  -2.3702606e-02   0.0000000e+00   1.0366496e-01   1.8021578e-01   3.2245418e-01  -6.4439772e-02   4.6746110e-02  -2.7079473e-01   1.5741588e-01   2.0238982e-01  -1.2958120e-02   1.5176288e-01  -4.2354754e-01  -1.0194581e-02   8.9644833e-02   5.6428843e-01   1.8739852e-01   2.5111824e-01   3.7682108e-01  -1.6067143e-01   3.3107636e-01  -5.9449769e-02  -1.3959278e-01  -6.3407404e-02   2.8032088e-01   3.1104421e-01   1.1105014e-03   1.0358673e-01  -6.0984909e-02   1.6207368e-02   1.4893240e-01   1.2363007e-01  -1.8711657e-01  -1.3962925e-01   3.9726603e-01  -8.7978256e-02   6.8201106e-02  -1.1241143e-01   3.5942165e-01   1.3114770e-01   1.4168105e-02  -2.3674959e-02  -1.5396001e-01   4.9531564e-02   5.6605837e-01   2.9909625e-01  -5.9218603e-02   4.5552385e-03   3.6995046e-01   1.0589894e-01   3.0198156e-01  -8.4049506e-02   1.9202027e-01  -1.8593908e-01   7.6218806e-02   2.5308192e-01   3.8733082e-01   2.0794640e-01   2.8746339e-02   7.5017394e-01   4.4324803e-01  -3.8955364e-02  -1.7434037e-01  -3.0344792e-01   5.1732395e-02   4.2280309e-01  -1.6908686e-01   2.0709265e-01   5.1848212e-01   1.3748471e-01   4.5099897e-02  -6.8865905e-02   2.0689055e-01   7.5456263e-03   1.7341280e-01   6.8991803e-01   1.5737302e-01  -1.0944771e-01   1.6664273e-01  -4.5431372e-02  -1.8099243e-01   1.3489113e-03   1.2953498e-01   1.8505530e-01   1.8536710e-01  -4.1918453e-01  -1.4905216e-01  -6.8342792e-02  -1.0376314e-01   1.2875575e-01   7.7992974e-01  -9.5367633e-02   1.1552904e-01   4.2861054e-01   5.5724371e-02   2.0269255e-01   3.7526057e-01   4.1492565e-01  -4.3412844e-01  -8.2028995e-02  -1.6458113e-01   1.7067784e-01  -2.7250899e-01  -4.2273749e-02   2.8376795e-01  -8.5937838e-03   3.1635829e-01  -4.9756392e-02   2.7905072e-02  -9.9922647e-02   3.8600343e-01  -1.2280632e-01   2.2154705e-03  -2.4506218e-01  -1.9324962e-01   6.4341491e-02  -1.8114280e-01  -8.1294945e-02   2.9937788e-01   5.4291311e-01   2.5250691e-01  -7.5301272e-02  -1.2660122e-01   4.1252926e-01  -1.5751641e-01  -1.8739280e-01  -1.5504349e-01   1.4874821e-01  -5.9602892e-02   2.6298440e-01  -4.2320133e-02  -4.6780551e-02  -1.3477831e-01   6.5167677e-02   2.5719842e-02   8.1262902e-03  -2.1720221e-01   2.8330833e-01   2.7323105e-02   5.5089929e-02   9.5580046e-02   2.1889706e-01   2.1926142e-01  -1.0509729e-01  -7.0101028e-03  -6.0827297e-03  -1.7632839e-01  -1.2564438e-01  -1.3410183e-01   2.6831339e-02   1.8071382e-01   7.0268608e-01   1.5345140e-01   1.5684180e-01  -3.0950826e-01   6.6614453e-01   2.3175484e-01   7.7655660e-01   2.6666489e-01  -5.9241788e-02   2.7393787e-01   2.1845387e-01  -1.4393965e-01   3.2034509e-01  -6.0748459e-02   1.8043557e-01   1.3820136e-01   7.2767145e-01   1.6093389e-01  -1.9815760e-02  -6.8967172e-02   4.2016969e-02   3.9566486e-01   1.1649209e-01   5.1716204e-02   3.2794599e-01
  -3.1974631e-01  -3.6434358e-01   1.0366496e-01   0.0000000e+00   1.4017652e-01   5.5251770e-01   8.7910937e-02   3.5269273e-01  -2.0658524e-02   7.7820598e-02   5.3912318e-01  -3.2572784e-01   3.4132443e-01  -5.3368345e-02  -1.7720773e-01   3.8991489e-01  -1.5486021e-01   4.6541149e-01   8.5410467e-02   3.6335677e-01   6.2900006e-02   6.9892584e-01   2.7663947e-01  -2.6194796e-01   3.6832558e-01   4.0981963e-01   1.5947335e-01   3.3469295e-01  -2.7507843e-02   1.4364818e-01  -1.4162031e-01   6.8757993e-01   4.9446868e-01  -2.2115249e-01  -9.7925867e-02   4.4133963e-01  -2.6744168e-01  -4.0077196e-01   2.8072446e-01  -1.0998894e-01   4.1891697e-01   5.4311547e-01   7.6738270e-02   3.2128187e-01   2.8700149e-01  -5.2226267e-02   7.1943794e-01   7.3448081e-02  -7.3440273e-02  -1.6013700e-01   7.3024312e-01   5.0235717e-01  -3.4571542e-01   3.7342250e-03  -4.2177847e-01   4.6503665e-01   2.0259245e-01   5.1571660e-01   7.3927755e-01   1.7488024e-02   3.5966549e-02   4.3431897e-01   1.6896492e-01  -4.3600545e-01  -3.0178424e-01   3.7088067e-01   5.8138455e-01   4.9183958e-02   8.1318790e-01  -3.3173614e-01  -2.9151520e-01   7.7673494e-01  -4.6391337e-02  -4.8524620e-01   2.5854629e-01   3.0449068e-01  -3.2411870e-02   5.9596025e-01  -7.8310803e-02   6.2702641e-01   4.4544547e-01  -1.9020742e-01  -1.8397665e-01   3.2922536e-01  -1.5077596e-01   5.3253640e-01  -3.3548344e-01  -2.7863337e-01  -5.7974836e-02  -3.2725276e-01  -1.2679494e-01  -1.0482330e-01  -2.2909769e-01   5.7183170e-01  -1.5439728e-01   4.3163501e-02   7.0595565e-01   2.4539571e-01   5.3021636e-01   1.5901507e-01  -8.6550622e-02  -4.2207179e-02   5.2921402e-01  -1.9489038e-01   6.8718346e-01   6.6266868e-01  -1.3187932e-01   6.5762484e-01   1.4196358e-01   2.0061700e-01  -1.1820632e-01   4.5013600e-01   7.3508715e-01  -1.2378099e-02   2.2329606e-02  -4.7227789e-01   4.2687993e-01  -9.1388345e-02   2.4476905e-01   7.9099525e-01  -6.7055185e-02   1.9293344e-01  -1.0540522e-01  -1.6305178e-01  -1.1556368e-01  -1.8046196e-01  -1.1799776e-01   1.7793246e-01   6.0904922e-01  -3.2986682e-01   4.5001061e-01   2.0801710e-02  -3.5980263e-01  -2.6330882e-01   5.7775264e-01   6.7259134e-02   3.8767894e-01   3.0286612e-01   3.3135307e-01  -3.1902128e-01  -4.0316189e-02  -6.2829028e-02   3.9354301e-01  -2.9780116e-01   8.1613401e-02   4.2976970e-01  -2.0953354e-01  -1.6899555e-01   3.5064572e-01  -7.0152909e-02  -2.2763822e-01   5.2672287e-01  -1.0070446e-01  -3.7421260e-02  -4.4019061e-01  -2.7873385e-01  -6.7082286e-03   6.6242564e-01  -1.8759025e-02   3.1906359e-01   4.0958390e-01   1.3456423e-02   4.1041233e-02   2.7773127e-01   6.6129789e-01  -1.3860798e-01   1.8876979e-01   3.7837656e-01  -7.3923112e-03  -1.4971553e-01  -2.6116786e-01  -3.6050487e-01   7.3858661e-01   1.2480459e-01   2.8914794e-01   4.1120407e-01   7.2237272e-01
  -1.2327182e-01   3.7467737e-01   1.8021578e-01   1.4017652e-01   0.0000000e+00   3.6291731e-02  -2.1465369e-01   3.9459915e-01   3.5192435e-01  -4.7975364e-02   3.2959439e-01   5.1073906e-02   3.1600893e-01  -2.3472353e-01   1.1623856e-01  -1.4087149e-01   3.3423792e-01   1.1217554e-01  -2.2509947e-02   8.0913142e-01  -1.1848983e-01   2.6530392e-01  -3.4523389e-02  -1.9714852e-01  -8.5910227e-02   3.4437355e-01   4.6684775e-01   1.1975747e-01  -2.2918224e-01   3.3879794e-01  -2.2446068e-01   8.9994720e-02  -7.6554859e-02   8.1888707e-02   1.4129083e-01   5.3650855e-01   1.7347884e-02  -1.5157956e-01  -1.2058576e-01   1.6409556e-01   2.7253526e-01  -1.0683967e-01   2.1226811e-01   1.1038587e-01   2.6933032e-01  -1.1724645e-01   2.2264004e-01   5.5629024e-02   6.4405327e-02   3.3878371e-01  -3.5046166e-02   4.0214486e-01   1.6122277e-01   6.1042638e-02  -1.3591293e-01   1.8503599e-02   2.5082894e-01   1.7680998e-01   1.1132997e-01   1.0685975e-01   1.8392030e-01   2.0160826e-01   4.6307470e-01   3.9117709e-01   1.6068754e-01   2.1007360e-01   2.0267398e-01   2.7148370e-01   1.6556569e-01  -3.4228133e-01  -5.5337534e-02   4.8449305e-02   2.4257882e-01  -1.4403462e-01   1.7898473e-01   4.5064094e-01  -1.0988135e-01   2.3444648e-01   7.4340145e-01   4.0460570e-02   1.6308207e-01  -2.0993225e-02  -1.6982585e-02   2.7470032e-01  -2.2907841e-01   4.4435425e-01  -1.6900743e-02  -2.1831500e-01   8.0582176e-02  -8.5108539e-02   7.3975719e-01  -4.8469316e-02   2.2112548e-01   3.2974937e-01  -2.4712474e-01   2.8966594e-03   2.1433842e-01   2.7865400e-01   5.1155489e-01  -8.2755854e-02  -4.5593755e-01   1.2881569e-01   4.9741988e-01   2.4784486e-01   2.1411546e-01   3.4880849e-01   2.3073647e-02   4.2484315e-01  -2.7698396e-01   6.1265450e-02  -2.7222449e-01   1.9171861e-01   5.5073584e-02  -2.3193190e-01  -1.8214619e-01   3.0821787e-01   1.0686571e-01   1.2390346e-01  -2.2922589e-01   2.8940737e-01  -1.2275661e-01   8.6165001e-01   3.2670208e-01   4.6556005e-01  -6.1423413e-02  -7.3952833e-02   2.8959349e-01   1.9027271e-02   1.7040222e-01  -4.4960925e-01   3.5358593e-01   1.6748984e-01   4.3443707e-02  -1.8584438e-01   4.9795133e-02   5.7678025e-01   7.5530456e-03  -1.8016040e-01   4.6190084e-01  -1.7724382e-01  -2.0573564e-01   3.5347545e-01   3.8671718e-01  -3.3238880e-01   1.7474506e-01   3.0253099e-01  -2.5890390e-01   3.5249920e-01  -2.8489982e-01  -7.8753822e-02  -2.1562205e-01   2.1610741e-01  -1.3160825e-01   7.1232316e-01   1.9047430e-01  -1.2585879e-01  -2.6467346e-02   3.9072532e-02   3.7979688e-02   2.7890779e-01   8.8840363e-02   4.0204025e-01   2.5603430e-01   2.0994803e-01   2.1666671e-01   4.7839808e-01   4.9909698e-01   1.0246643e-01   9.2030881e-02   6.9336427e-01   5.7294785e-01  -2.1058431e-01   2.4523662e-01  -2.4589853e-02  -1.8352496e-01  -5.3797697e-02   3.5535939e-01
  -2.5098334e-01  -2.6714872e-01   3.2245418e-01   5.5251770e-01   3.6291731e-02   0.0000000e+00   4.7319747e-01   3.4835084e-01  -3.1222113e-01   3.4038629e-01   4.5073563e-01  -2.1158606e-01   1.2041598e-01  -1.3085346e-01   8.7634958e-03   3.9178489e-01   6.5542618e-02   4.1431275e-01   2.0258186e-01   3.3421937e-01   1.7074494e-01   4.1699524e-01   4.5990271e-01  -3.1989780e-01   6.5743346e-02   6.5454268e-01   3.4559360e-01   3.5924380e-01  -1.2125122e-01  -5.2760915e-02  -8.7894944e-04   4.4980534e-01   4.0918747e-01  -9.0661834e-02  -2.9794706e-01   5.5914893e-01  -1.9122932e-01  -2.8811969e-01   1.6341615e-01   1.5609737e-01   1.8340312e-01   3.0195474e-01  -1.1448635e-01   4.6237036e-01   2.3395622e-01   8.7079113e-03   6.5837491e-01   3.9844133e-01  -1.6030512e-01   1.4912377e-02   5.7762572e-01   5.9639846e-01  -6.5623361e-02  -2.6755425e-03  -2.5180685e-01   6.0101399e-01   4.6948975e-01   3.5930315e-01   4.9651631e-01  -6.9554005e-02   1.4193760e-01   3.7788004e-01  -1.3132403e-01  -3.0746709e-01  -3.3467747e-01   4.8234527e-01   7.7645104e-01  -9.0928461e-02   6.4977408e-01  -1.5142341e-01   6.9528409e-02   5.0069146e-01  -1.8336285e-01  -2.7346861e-01  -1.1631325e-01   1.4838841e-01   1.3439346e-01   5.2650939e-01  -1.1850133e-01   2.5792777e-01   5.9026679e-01  -3.5149346e-01   1.9943753e-01   3.5759238e-01   1.2472463e-01   3.0458312e-01  -3.7293852e-01  -2.1616373e-01  -1.9168113e-01  -3.1585507e-01  -4.0012587e-02   1.2691657e-01  -3.5995211e-02   2.1037041e-01  -5.3845714e-02   1.7265629e-02   3.8684320e-01   3.9084121e-01   5.1045649e-01   1.3957238e-01   1.9105465e-01   7.6874697e-02   3.8249788e-01  -4.7719521e-01   5.5522030e-01   4.4925632e-01  -3.2643820e-01   6.6847019e-01   8.7428478e-02   4.8397726e-01   2.6037454e-01   5.6527811e-01   2.3001372e-01  -8.5000537e-02   1.1222591e-01  -3.8956676e-01   4.0739486e-01  -2.3177839e-01   4.3697474e-01   5.7234007e-01   6.3147450e-02   2.0547404e-01  -1.4128370e-01  -1.8717361e-01  -4.7205047e-02  -1.5740591e-01  -1.0537609e-01  -3.4898998e-01   2.0591098e-01  -1.1303564e-01   3.9769066e-01   1.0283745e-01  -2.4254257e-01   1.2455906e-02   2.4741352e-01   3.1344926e-02   7.7062677e-02   4.1024638e-01   1.7793721e-01  -3.0480445e-01  -7.9653186e-02  -1.6484781e-02   3.1229840e-01   1.3078214e-02   1.6790574e-01   3.4657575e-01   1.9181353e-01  -4.6727696e-03   4.9125187e-01   1.3046160e-02  -7.9578400e-02   4.6832906e-01   9.5246420e-02  -2.3654794e-02  -1.4037564e-01  -4.2822695e-01   9.3514133e-02   3.8378670e-01   1.4164438e-01   3.6041607e-01   9.2366405e-02   7.3227334e-02   3.7675829e-01   6.0607739e-02   6.4830691e-01  -2.0000918e-01   3.6599163e-01   5.8195549e-01   8.2755162e-02  -9.4838358e-02  -5.8136316e-02  -4.1311353e-01   5.0296205e-01   4.5412134e-01   1.0566774e-01   1.3383085e-01   5.8960964e-01
  -4.3988952e-01  -3.9816963e-02  -6.4439772e-02   8.7910937e-02  -2.1465369e-01   4.7319747e-01   0.0000000e+00  -8.7341142e-02  -1.1434432e-01   5.2473106e-01   2.0924790e-01   3.1421995e-01  -6.5944190e-02  -6.6510097e-02   3.3550293e-01   2.1263119e-01  -1.2219037e-01   3.4614013e-01  -2.4448864e-01  -7.5658078e-02   2.7852957e-01  -1.6624710e-01   6.6233049e-01  -2.9944342e-01   4.4726489e-03   1.7899517e-01   2.5029612e-01  -3.9192064e-02  -1.6191278e-01  -1.7063184e-03   3.6740887e-01   8.6855372e-02   2.2730324e-01   4.6094983e-01  -3.1204693e-01   2.6735183e-01   1.5513714e-01  -3.4049608e-01   1.4759613e-01   2.6926244e-01   8.3163239e-02   1.5240327e-01  -2.0422487e-01   2.7534919e-01   2.2897787e-01  -3.6463793e-01   1.9423016e-01   6.2625218e-01   1.1825068e-01  -9.9060466e-02   3.6404418e-01   8.1964013e-02   3.5153913e-01  -1.9120240e-01   1.0064578e-02   2.3902001e-01   6.1632908e-02  -4.5088243e-02   2.0852677e-01   1.8433433e-02  -3.0979305e-01   1.0449361e-01  -3.2101702e-01  -1.1452590e-01   1.3147637e-01   4.1885092e-01   2.0877466e-01  -1.9120437e-01   1.2625211e-01  -2.0655028e-01   5.1325044e-01   1.4693048e-01  -6.2739628e-02  -2.3670825e-01  -2.6926185e-01  -2.2474160e-01  -9.6117126e-02   2.9411010e-02  -1.7372306e-01   1.8591098e-02   2.5334820e-01  -2.9716117e-02   4.9060809e-01  -1.8023911e-01   2.3240771e-01  -2.1635721e-02   4.8078511e-02  -1.2026704e-01  -3.2732726e-01  -3.0116947e-01  -3.2125527e-02  -1.5079286e-01   3.1129487e-01   1.6563640e-02  -2.7131237e-01  -1.0719877e-01   9.5301723e-02  -1.7588564e-01   1.0603384e-01   3.6141078e-01   4.3137122e-01   5.5643957e-01  -1.1972619e-01  -3.0121760e-01   2.8527339e-01  -8.7901970e-02  -2.6838483e-01   1.5565526e-02   8.4060565e-02   2.3297201e-01   7.3136903e-01   7.1539646e-02  -1.7211701e-03  -1.7698447e-01   2.8802403e-01  -1.2857874e-01  -1.1378973e-01  -1.9041968e-01   3.3108268e-01   5.8403868e-02  -1.0954251e-01  -1.2886268e-01  -2.5949479e-01   3.6137679e-02  -2.9533770e-01  -2.4816434e-01   1.9065643e-01  -3.3762631e-01  -5.0409444e-02  -1.9602540e-02   1.2091561e-01   3.9211878e-01  -2.5893976e-01   4.2320242e-01  -4.1676258e-02  -6.0457970e-02   3.0306557e-02   4.8125985e-01  -5.7294137e-03  -3.3807104e-01  -8.8859585e-02  -8.2831314e-02   8.9223762e-02   9.3257776e-02   4.2192641e-01   3.1651003e-01   8.1763851e-01  -9.2975450e-02   4.8976483e-01   4.8722511e-01  -5.0184074e-02  -9.0580402e-02  -1.3331020e-01  -1.2674222e-01   7.6743567e-02  -3.2073487e-01  -1.7319151e-01   1.5056714e-01  -2.7985838e-01  -1.8237668e-01  -2.3772419e-01   2.1208835e-01   3.2715834e-01   1.2133248e-01   2.8735821e-01  -1.5586625e-01   1.0790771e-01   9.7894573e-02  -1.8291822e-01  -1.8085576e-01   1.1460593e-01  -4.3984284e-01   2.5453119e-01   1.1545043e-01  -1.0528175e-01   8.1986962e-02   1.0792917e-01
  -9.3799176e-02  -3.0000549e-01   4.6746110e-02   3.5269273e-01   3.9459915e-01   3.4835084e-01  -8.7341142e-02   0.0000000e+00  -1.7922356e-01  -1.3695644e-01   5.4281949e-01  -4.0952787e-01  -5.4644987e-02   1.5894334e-01  -9.3363367e-03  -2.2095034e-01  -1.8555846e-01   4.0662935e-01   8.8539923e-02   3.6712497e-01   2.8737415e-01   4.6476894e-01   2.7203419e-01   5.3111439e-02  -1.8662796e-01   4.9176196e-01   6.4566314e-02   5.8536129e-01  -3.5307405e-01   9.4223697e-04   8.1749572e-02   3.0804148e-01  -2.4771358e-01  -3.0886985e-01  -1.4550501e-01   4.6272685e-01  -1.3972761e-01   7.5843006e-02  -3.0518569e-01  -1.8313313e-01   3.0268047e-02  -2.8917294e-02  -2.7800074e-01   5.7784830e-01   2.9287940e-02   1.3856603e-01   4.8849556e-01  -3.7398940e-02  -4.2401833e-02  -2.8310614e-02   2.3670758e-01   5.7459748e-01   1.0931844e-01  -3.1286496e-01  -3.6112693e-01   5.0006563e-01   3.6043938e-01   3.7513542e-01   1.9834839e-01  -1.5453480e-01   2.4546445e-01   5.5583827e-02  -3.1126702e-02   1.1284421e-01  -1.4792501e-01   3.5653876e-01   5.8966718e-01  -1.5750675e-01   4.9243358e-01  -1.0960277e-01  -2.6479778e-01   2.0986112e-01  -1.6752235e-01  -4.9695035e-02  -3.3212040e-02   5.9546623e-01   1.1154034e-01   5.4560113e-01   2.2747659e-01   2.6503854e-02   5.7329514e-01  -3.3084132e-01  -1.2053404e-02   8.3081039e-01   1.4844471e-01   4.0705984e-01  -3.4218087e-01   4.7898809e-02  -2.6523353e-01   1.2915076e-01   3.3511577e-01   4.7743328e-02  -5.6836840e-02   1.5876418e-01   1.3545709e-01  -3.1544398e-01   1.1160899e-01   3.8309511e-01   3.6803952e-01  -2.8373183e-02   1.7047519e-01   5.7946277e-02   7.2820654e-01  -2.4694960e-01   5.1606888e-01   5.6846868e-01  -4.4165707e-01   6.7937704e-01  -4.2513432e-01   5.8812960e-01  -1.0053778e-01   3.0365557e-01  -6.1166627e-02   1.6875621e-01   3.2293307e-01   1.4162788e-01   3.6037340e-01  -2.8225010e-01   3.9398394e-01   2.7847528e-01   7.6535227e-02   2.8530776e-01  -7.0591995e-02  -1.9144043e-02   1.8978338e-01  -1.6122608e-02  -4.9522692e-02  -3.7698316e-01   2.0777250e-01   9.2846442e-03   1.7204411e-01   8.4209372e-02  -1.8334640e-01   9.2106226e-02   5.1486731e-02   6.3332011e-01  -1.8499195e-01   3.8581574e-01   3.3542371e-01  -1.2692141e-01   1.1386177e-01   1.7783980e-01   3.2628549e-01  -1.1671008e-01   1.4764925e-01   5.5728601e-01  -1.1433304e-01   5.0230808e-01   3.0364837e-01  -1.9706706e-01   2.3422751e-01   6.6444217e-01   2.4569012e-02   1.9674833e-01  -3.0174252e-01   8.5607513e-02   1.0884344e-01   4.1100829e-02   9.5225444e-02   3.9391402e-01   2.1284967e-02   2.2124925e-01   9.6945059e-02   1.5453290e-01   2.4532279e-01  -6.2997436e-03   1.9058125e-01   5.0378378e-01   5.8728708e-02   2.2181874e-01   1.8581836e-01   2.2300191e-02   3.8946163e-01   1.6695475e-01  -2.0370311e-01  -3.6050872e-01   4.9051063e-01
  -1.8209758e-01   6.2335540e-01  -2.7079473e-01  -2.0658524e-02   3.5192435e-01  -3.1222113e-01  -1.1434432e-01  -1.7922356e-01   0.0000000e+00  -3.7231361e-03  -2.4787909e-01   4.1533708e-01   1.7658909e-01  -8.0759689e-02   1.8231123e-01  -1.7838433e-01   1.0114093e-01  -1.8272567e-01   2.6569028e-02   1.6644678e-01  -1.2865242e-01  -1.9152774e-03  -1.3978184e-01  -1.6244604e-01   2.2403394e-01  -1.0542839e-01   1.9417665e-02  -3.4377013e-01   1.1449970e-01   5.7685259e-01  -1.7264226e-01  -1.7760178e-01   5.1737436e-02   3.9927390e-01   5.7787405e-01  -1.0886079e-01   2.2429240e-01  -2.4282003e-01  -6.4231107e-02  -2.1419287e-02   8.8385997e-02   4.8404514e-02   5.4880813e-01  -1.2821029e-01   1.1501162e-01  -3.6774163e-01  -3.0550383e-01   2.0568266e-01   1.4924146e-01   8.8078092e-02  -2.5240380e-01  -1.2959188e-01   1.4583476e-01   1.2349585e-01   2.2057193e-01  -2.8932269e-01  -5.1849970e-02  -1.5668050e-01  -1.7227290e-01   3.2103865e-01  -2.5409520e-01  -2.2909599e-01   6.2791204e-01   5.2418545e-01   4.1538590e-01  -7.9195990e-02  -3.7367945e-01   3.8890740e-01  -2.0037507e-01  -4.5921376e-01   6.5584497e-02  -1.3828881e-01   2.3673280e-01  -1.9364034e-01   2.3404148e-01  -3.3533964e-02  -4.8202767e-01  -3.1907773e-01   5.3082265e-01  -2.1170457e-02  -2.8430344e-01   1.3812925e-01   6.7757490e-03  -3.3318381e-01  -2.9902008e-01  -7.3735386e-02   6.1970292e-01  -1.6365490e-01   3.4061156e-01  -2.0963524e-01   3.3915215e-01  -3.4394498e-01   1.6073464e-01   4.5996361e-01  -4.7445418e-01   5.7562065e-02  -7.1742873e-02  -8.8505776e-02  -2.0625433e-02   7.0235758e-02  -3.9769602e-01   6.0847401e-02  -1.9608290e-02   8.1238042e-01  -1.9072157e-01  -1.0827019e-01   2.9137751e-01  -1.7836372e-01  -3.8945562e-02  -2.4131464e-01  -1.0088645e-01  -2.7147694e-01   3.1715215e-01  -4.0738754e-01  -4.2551920e-01   3.1275211e-01  -2.3325094e-01   6.8955057e-02  -3.4475013e-01  -5.7208101e-02  -5.0252846e-01   2.7224938e-01   3.5844828e-01   6.5940635e-01  -3.5110005e-01   8.6170265e-02   3.9816398e-01   3.5125709e-01   2.5759550e-01  -3.8126900e-01   2.4887167e-02   1.1438931e-01   2.6564436e-01   3.4529192e-02   3.5878866e-01   1.4540576e-01   3.1713558e-02  -3.0940420e-01   1.3286669e-02  -2.3844287e-01  -2.5197664e-01   1.1669580e-02  -1.2532625e-01  -3.6542206e-01   3.0106657e-01  -4.9792581e-02  -1.6696407e-01  -6.2117239e-03  -4.2929128e-01   1.1649867e-01  -4.6098309e-01  -1.9113315e-01  -4.5925135e-01   2.1491765e-01   2.9405676e-01  -1.4491440e-02  -4.3726573e-01  -2.1668781e-01  -3.5848290e-01  -2.3220978e-02   7.9242608e-02  -2.3141346e-02  -2.3958118e-02   1.3069144e-01  -1.2019416e-01   4.5228483e-01   9.8134127e-02  -2.1422488e-01  -3.0552274e-01   3.0362905e-01   3.2622466e-01  -2.3725400e-01   1.2744040e-01  -2.9040024e-01   1.1243523e-02   2.7235481e-01  -2.6513795e-02
  -3.6294068e-01   1.1535149e-01   1.5741588e-01   7.7820598e-02  -4.7975364e-02   3.4038629e-01   5.2473106e-01  -1.3695644e-01  -3.7231361e-03   0.0000000e+00   2.4426725e-01   1.2173443e-01   2.3714514e-01  -2.4966621e-01   2.3990338e-01   4.4674407e-01   1.3571118e-01   2.5566563e-01  -6.8288316e-02   1.3643589e-01   1.0881942e-01  -1.3729571e-01   4.3052985e-01  -4.6336518e-01   3.0627314e-01   3.8670351e-02   3.4739792e-01  -2.7613249e-01   7.2384215e-03   2.6168182e-02   2.4202133e-01  -4.8538347e-02   5.0672452e-01   3.2771369e-01  -2.1239666e-01   2.5146013e-01   4.0821676e-01  -3.7859492e-01   3.2074690e-01   4.1494854e-01   3.1928757e-01   2.4156634e-01  -7.2241660e-02   9.4235889e-02   1.0973085e-01  -2.8575184e-01   2.3700177e-01   4.7610009e-01   3.4812627e-01   1.4809561e-01   2.9429059e-01   1.1171843e-01   3.4606251e-01   1.0897953e-01   1.8624318e-01   6.2077179e-02  -7.3228988e-02  -1.4710882e-01   3.6450025e-01  -4.7294076e-02  -9.5261199e-02   2.3528587e-01  -9.6972197e-02  -1.9972169e-01   1.6565280e-01   4.7745818e-01   1.2481361e-01   7.9554509e-03   1.3103149e-01  -1.9562523e-01   4.7997476e-01   2.4543901e-02   1.0188312e-01  -4.0831914e-01  -1.9733537e-01  -2.6779584e-01   3.2521761e-02  -1.1907703e-01  -1.7707204e-01   2.9510971e-01  -2.9326700e-02  -1.8785569e-01   4.7306701e-01  -3.3022366e-01   3.3900270e-02  -9.9725717e-03   7.2918693e-02  -1.4567403e-01  -1.2763077e-01  -6.2174936e-01  -4.8205018e-02  -1.4848520e-02   1.5169306e-01   3.4214521e-02  -1.9328245e-01   2.4293650e-01   2.2002803e-01  -9.6549213e-02   2.6709211e-01   2.4349877e-01   1.8968884e-01   3.7502431e-01  -1.2630081e-01  -1.9778217e-01   1.2229332e-01  -6.3266675e-02   1.1405733e-01   7.1643142e-03   3.9469092e-01   8.5122517e-02   4.5992137e-01   6.6542441e-04  -3.4862774e-02  -3.3008329e-01   1.7884454e-02  -2.5338762e-01  -2.0723174e-01   3.7112201e-02  -3.8939991e-02   3.0532961e-02  -4.6447629e-02   5.3794069e-02  -3.0683337e-01   2.1225329e-01  -3.3428194e-01  -2.6368067e-01   1.1962119e-01   2.1550357e-02  -9.2322883e-02  -2.4033120e-01   2.8119173e-01   2.0697268e-01  -3.7060036e-01   2.7735905e-01  -8.7505866e-02  -1.1464530e-01   1.8258515e-01   3.8391915e-02   1.5241974e-02  -1.9278586e-01  -8.1595968e-02  -7.1994058e-02   2.7282497e-01  -1.8882645e-01   3.4358317e-01   1.8108225e-01   4.7938839e-01  -1.7736940e-01   2.8135854e-01   4.8030696e-01  -2.9466206e-01  -2.2056238e-01  -7.0269680e-02  -1.8268060e-02   3.0222098e-02  -5.2059710e-01   5.1096446e-02   3.3192891e-01  -8.2902575e-02  -3.4541655e-01  -2.4304580e-01   1.7617342e-01   6.9948390e-01   1.8318465e-01   2.2828980e-01  -1.2977783e-01   1.8767414e-01  -1.2731718e-01   1.5069684e-02  -7.5596027e-02  -5.8860794e-02  -3.6868439e-01   1.7381335e-01  -1.0341153e-01   2.6092210e-01   1.9663513e-01   1.4580802e-01
  -2.4339593e-01  -3.4162370e-01   2.0238982e-01   5.3912318e-01   3.2959439e-01   4.5073563e-01   2.0924790e-01   5.4281949e-01  -2.4787909e-01   2.4426725e-01   0.0000000e+00  -3.2477036e-01   8.0697475e-02  -1.3939916e-02   1.8374786e-01   6.4828871e-02  -1.5858260e-01   6.8538133e-01  -1.3387275e-01   4.1757621e-01   3.2376683e-01   4.6844036e-01   5.4885366e-01  -1.6745695e-01  -1.2709575e-02   4.3520758e-01   2.7960772e-01   3.7234664e-01  -2.2294767e-01   2.3607714e-01   3.1978927e-01   5.0218335e-01   3.9501608e-02  -1.4062147e-01  -3.4785132e-01   7.2100557e-01  -2.2287116e-02  -2.9672350e-01  -7.0283802e-02   2.9442425e-02   2.7633739e-01   1.4516470e-01  -2.2833098e-01   4.8753812e-01   3.5341695e-01  -1.2189085e-02   8.1067100e-01   2.1833860e-01   1.7556293e-01  -4.2701892e-02   6.4307961e-01   4.6921858e-01   1.0686579e-01  -6.1476233e-02  -3.8068768e-01   5.1062664e-01   2.1778666e-01   4.7336512e-01   6.7297960e-01  -5.5983727e-02   1.2803609e-01   4.8036015e-01  -7.1806955e-02  -1.0501957e-01  -2.6588775e-02   5.2460086e-01   6.0322144e-01  -1.0509106e-01   7.3663184e-01  -1.4913298e-01  -1.0737757e-01   5.1822263e-01  -7.5395496e-02  -2.2555991e-01  -1.9320089e-02   3.9441642e-01   1.3349904e-01   5.6269309e-01   1.7938664e-02   4.3169966e-01   4.9330016e-01  -1.8852640e-01   7.7688788e-02   4.1154280e-01   1.3473552e-01   5.7476288e-01  -4.4258920e-01  -6.9121877e-02  -3.6168687e-01  -1.6560855e-01   1.4911134e-01   8.2439701e-02  -8.0981954e-02   3.1896037e-01  -7.4391930e-02  -2.4986766e-01   5.4617826e-01   2.3384634e-01   6.4170623e-01   1.6507975e-02   1.9668407e-01   2.7100422e-01   5.8333573e-01  -3.6101934e-01   7.2158445e-01   6.1590928e-01  -2.8939874e-01   6.5318096e-01  -1.9770854e-01   4.1804381e-01   1.9119569e-01   4.3613065e-01   1.4404698e-01   5.5817029e-02   3.0651576e-01  -1.4956901e-01   2.4835177e-01  -2.1362517e-01   2.8090226e-01   5.5016269e-01   1.1962277e-01   3.0355180e-01  -2.9736696e-01   7.9263151e-02   1.4393528e-02  -2.6728798e-01   1.0806608e-01  -1.3633922e-01   3.1936459e-01  -2.0282781e-01   3.7789460e-01   3.4230606e-01  -4.0702428e-01   1.2463566e-01   8.6518810e-02   4.5105848e-01   2.1333601e-01   4.2419629e-01   4.8553370e-01  -2.7485773e-01   1.3073718e-01   5.8667551e-02   6.4911334e-01  -1.1763104e-01   3.1607510e-01   7.1582061e-01   9.2044653e-02   1.7478995e-01   4.2459855e-01   2.1875063e-02   1.3704444e-01   4.7886923e-01   1.3135525e-01   3.4585917e-01  -3.6798029e-01  -2.5129184e-01   1.6589666e-01   5.8186801e-01   8.6803608e-02   1.8692412e-01   1.0067573e-01   5.9226953e-01   2.8564764e-01   4.9309789e-01   4.7698387e-01  -1.3961573e-01   4.1631126e-01   3.4641855e-01   2.3229060e-01   6.2043207e-02  -9.5867668e-03  -3.1978770e-01   6.4039346e-01   2.4211851e-01   9.7711165e-02  -3.5201692e-02   5.4456700e-01
  -1.5437532e-01   6.4280367e-01  -1.2958120e-02  -3.2572784e-01   5.1073906e-02  -2.1158606e-01   3.1421995e-01  -4.0952787e-01   4.1533708e-01   1.2173443e-01  -3.2477036e-01   0.0000000e+00  -5.2582270e-02  -3.0340710e-01   2.7961454e-01  -4.8151296e-02   2.5428869e-01  -2.3518684e-01  -1.0511871e-02   8.0698474e-02  -1.7891743e-01  -3.1294315e-01  -1.0097413e-01  -1.6384188e-01  -3.5243010e-02  -1.8133558e-01   2.1909473e-01  -5.0784574e-01   1.9819885e-01   2.4261228e-01  -4.4572529e-03  -3.1729845e-01   7.0811376e-02   6.9382265e-01   2.7475186e-01  -8.4103396e-02   3.4921494e-01  -1.9456563e-01   2.6703619e-03   3.5211687e-01  -7.5735039e-02  -4.9176081e-02   2.6590582e-01  -3.5134007e-01   6.0099505e-02  -3.0723143e-01  -3.9608936e-01   2.8240101e-01   1.9094884e-01   2.5353179e-01  -2.2680572e-01  -3.0352750e-01   2.8321675e-01   1.0165269e-01   2.1033158e-01  -4.0631226e-01  -7.0184717e-02  -2.7335854e-01  -2.5698297e-01   3.6317692e-01  -2.5004611e-01  -2.1491803e-01   1.3990774e-01   3.5832852e-01   2.3445241e-01  -6.1481111e-02  -3.9465369e-01   1.1444535e-01  -3.8101582e-01  -1.3747967e-01   4.4600770e-01  -2.8604851e-01   2.1413434e-01   6.3165888e-02   3.4987475e-02  -1.5670164e-01  -3.0365251e-01  -3.6355928e-01   2.9931032e-01  -2.4515646e-01  -3.6303285e-01   3.1137221e-01   1.8031765e-01  -3.7081882e-01  -8.3904635e-02  -1.4759127e-01   4.6488013e-01  -1.8652581e-01   2.6222419e-01  -1.1845687e-01   1.9047997e-01  -1.1393183e-01   5.9624212e-01   5.6843828e-03  -3.5331249e-01  -2.6916194e-03  -2.3752843e-01  -2.3355898e-01  -2.3384953e-01   1.1347385e-01  -3.4815743e-01   2.1963281e-01  -2.5293231e-01   3.6000633e-01  -3.6829601e-01  -3.1867621e-01   2.7309610e-01  -3.5328990e-01  -9.3990222e-02  -2.8425940e-01   2.4396287e-01  -1.0451249e-01  -1.0331557e-01  -3.6242854e-01  -4.4544195e-01   3.6000739e-01  -4.2923345e-01   8.3195178e-02  -3.3896187e-01  -2.2195813e-01  -3.3709718e-01   8.6934740e-02   3.3549551e-01   3.3144651e-01  -2.4554862e-01   1.6940683e-01   2.4834089e-01   3.2381966e-02  -1.1024318e-01  -1.5095150e-01  -8.5542350e-02   2.7809353e-01   3.1229523e-01   9.8550763e-02  -7.6013507e-02  -3.9105529e-03  -3.0715333e-02  -3.3812202e-01  -6.7675332e-02  -2.5792839e-01  -3.4649279e-01   1.1390356e-01  -1.6860406e-01   7.5644738e-02   2.1609076e-01  -1.5839491e-01   3.3279502e-01  -2.1711928e-01  -3.2659202e-01   3.1136548e-01  -3.4892010e-01  -3.4554181e-01  -2.1324916e-01   9.6998181e-02   6.6872065e-01  -6.0680704e-02  -3.3135546e-01  -2.7573680e-01  -1.6665621e-01  -1.8959487e-01  -1.9116799e-01   1.3861058e-01   1.3194448e-02  -7.2969805e-02  -7.7617418e-02   3.8721387e-01   4.9490895e-02  -2.5106520e-01  -1.4370900e-01   2.5217232e-01   4.2403881e-01  -3.0364624e-01  -2.3893740e-01  -8.5092601e-02  -1.8719635e-01   2.0226122e-01  -2.2865411e-01
  -2.4898592e-01   1.6260683e-01   1.5176288e-01   3.4132443e-01   3.1600893e-01   1.2041598e-01  -6.5944190e-02  -5.4644987e-02   1.7658909e-01   2.3714514e-01   8.0697475e-02  -5.2582270e-02   0.0000000e+00  -2.1998624e-01  -2.1640093e-01   5.3915393e-01   3.6280737e-01  -2.5498229e-02  -1.7036463e-02   4.4030616e-01  -3.6011833e-01   1.8562547e-01  -1.5868693e-01  -4.6978798e-01   1.7778182e-01   9.7509452e-02   2.6192564e-01  -6.2090519e-02   2.4664452e-01   1.0414587e-01  -4.6042687e-01   7.2143419e-02   4.8870200e-01  -7.6783398e-03   7.0757821e-02   1.7178277e-01  -1.4489754e-01  -3.9727420e-01   4.6601699e-01   2.6759717e-02   7.6942351e-01   2.5737679e-01   2.4261935e-01   1.8960924e-03   1.5427808e-01  -7.0400856e-02   2.6068476e-01   1.0544764e-01   4.4978689e-02   1.4370752e-01   2.5974884e-01   1.3512443e-01  -2.8746401e-01   5.6672267e-02  -1.2983956e-01   5.4795742e-02  -2.0435195e-02   8.7262060e-03   3.2485861e-01   8.9128428e-02   1.5372026e-01   1.6752981e-01   2.2737252e-01  -2.4943401e-01  -1.2070967e-01   1.1998156e-01  -3.5763789e-02   2.7623884e-01   2.1984255e-01  -3.1420756e-01  -4.5229533e-02   3.9079244e-01   3.5544489e-01  -4.3430660e-01   1.4976767e-01  -8.4558226e-02  -5.8559574e-02   2.2769368e-01   5.3960406e-02   2.2640336e-01   3.4462606e-02  -1.4843348e-01  -6.3866343e-02  -4.2796711e-02  -4.3726888e-01   1.5764185e-01  -1.9060518e-02  -2.4503126e-01   2.4766278e-01  -4.4968617e-01   6.5523419e-02  -8.4806100e-02   9.2592798e-02   2.2843390e-01  -2.6602314e-01   5.9160532e-01   3.6595611e-01   6.1737136e-02   4.0564531e-01   1.3175950e-01  -3.8545813e-01  -2.0543657e-02   1.0041366e-01   7.5587060e-02   1.9549481e-01   2.7841850e-02   2.9158409e-03   1.6917919e-01   4.4579797e-01  -1.2218311e-01  -2.0535123e-01   1.2467998e-01   3.3247292e-01  -3.3211465e-01  -2.6138486e-01  -3.4134593e-01   1.2253726e-01   4.2992880e-01  -1.7212379e-01   4.1146945e-01  -1.9007313e-01   3.9858280e-01   1.5254789e-01   6.3133216e-02  -2.8002431e-01  -1.4998159e-01  -9.8113824e-02   2.4470626e-01   1.0063675e-01  -3.7151572e-01   4.1803611e-01  -6.6343746e-02  -1.4249260e-01  -4.7473041e-01   2.7342608e-01  -1.4142920e-01   5.4979214e-02  -1.9384594e-01   3.2005627e-02  -3.5369930e-01  -3.2065016e-01   4.1218048e-01   1.9725608e-01  -3.5360993e-01  -1.0203408e-01  -7.4759592e-02  -1.9252932e-01  -2.6873523e-01  -8.2513290e-02  -1.6073382e-01  -4.5561645e-01   4.9519718e-02  -2.1495618e-01   2.2459483e-01  -2.6250736e-03  -4.1251261e-01  -2.3676506e-02   3.9192662e-01   3.3970865e-02  -7.7244326e-03   2.8822255e-01  -1.1760233e-01   2.1289269e-01   1.0923719e-01   2.9999563e-01   2.2185517e-01   4.1317666e-01  -7.1927601e-02  -5.1718468e-02   1.5475364e-01   1.4699060e-02  -3.1388614e-01   2.7701414e-01  -1.2052857e-01   3.4710704e-01   3.8510252e-01   1.5585855e-01
   3.2280262e-01  -2.8750114e-01  -4.2354754e-01  -5.3368345e-02  -2.3472353e-01  -1.3085346e-01  -6.6510097e-02   1.5894334e-01  -8.0759689e-02  -2.4966621e-01  -1.3939916e-02  -3.0340710e-01  -2.1998624e-01   0.0000000e+00  -2.0598435e-03  -2.5035216e-01  -5.8575216e-01   7.6121091e-02  -7.0300157e-02  -3.3124335e-01   3.7742519e-01  -4.7256781e-02   2.7129136e-01   4.5400310e-01  -1.3282335e-01  -1.5007480e-01  -5.8179933e-01   3.5296907e-01  -6.2799749e-02  -1.9780466e-01   1.2375310e-01   1.4226356e-02  -2.9856377e-01  -2.7108322e-01   8.8489270e-02  -2.5760814e-01  -2.1502362e-01   3.5346380e-02  -2.8824884e-01  -6.6997974e-01  -1.7085445e-01  -8.4386356e-02  -2.0668891e-01   4.5443644e-01  -1.8222921e-01   5.8413278e-02  -3.0852050e-02  -1.2115767e-01  -8.3689551e-02  -4.4467427e-01  -2.0777008e-03  -1.3883484e-01  -1.1626190e-01  -1.9497601e-01   1.1754386e-01   4.2630052e-01   1.8857904e-02  -1.1973810e-01  -7.0639387e-02   2.6190075e-02  -1.1881337e-01  -3.1134299e-01  -2.2582459e-02  -1.1981392e-02  -1.0529598e-01  -1.1132318e-01  -4.4596085e-02  -1.2286272e-01  -7.6253397e-02   5.0044999e-02  -3.5550789e-01  -1.7737816e-03  -2.0502962e-01   2.6756290e-01   7.6689868e-02   4.2406274e-03  -1.3828594e-01   1.6895828e-01  -6.4001442e-02  -2.0026110e-01   2.9292989e-01  -1.8335899e-01  -7.5985270e-02   1.2191221e-01   3.6887773e-01  -1.0783547e-01   1.4287063e-01   6.4978388e-01  -1.2474093e-02   3.8327320e-01  -1.5486402e-01  -1.3266270e-01  -1.9700444e-01  -1.4001484e-01   3.4378913e-02  -1.0187035e-01  -1.0605177e-01  -4.9038806e-02  -2.5348170e-01   9.6735168e-02   4.8828557e-01  -1.1806226e-02   1.0306984e-01   7.9315425e-02   1.6411960e-01  -5.9303156e-02  -3.1397408e-01  -1.3568680e-01  -9.7720371e-02   2.2778420e-01   2.0871290e-02  -2.2098888e-01  -6.6673445e-02   4.6231250e-01   5.8707333e-01  -8.3388017e-02   1.7248958e-01  -1.8381657e-01   5.2171323e-01  -1.1318216e-01  -6.0201541e-03  -2.8178762e-01   6.8434695e-03  -1.4720775e-01   1.1989994e-01   4.3761042e-01   3.0231937e-03  -1.4402450e-01  -1.8116322e-01   3.9023657e-01  -2.9222155e-01  -2.6480826e-02   3.1244198e-01   1.2931479e-01   2.6598225e-02  -6.2875171e-02  -2.9411319e-01   5.5077745e-01  -2.9097745e-01   2.6875304e-02   3.4741726e-01  -6.9293523e-03  -2.2093028e-01   2.1635627e-01   6.8386082e-02   2.0467105e-01   2.3084430e-02   5.7603831e-02   2.9025116e-01  -1.7149537e-01   5.6305440e-01   2.4922575e-01  -1.6006096e-02  -3.3929517e-01  -4.0797443e-01   3.5688054e-01  -1.1534969e-01  -1.0999135e-01  -1.6994367e-01   4.8256235e-02   8.5013163e-02  -3.0086420e-01  -2.2056758e-01  -2.1420271e-01  -3.0874788e-01  -1.0349110e-01  -1.8347762e-01   2.9051979e-02  -1.2185333e-01  -2.3739853e-01  -2.4849956e-01   1.7588883e-01  -1.7886074e-02  -3.6620181e-02  -8.9573825e-02  -1.8757204e-01  -2.8975062e-01
