   0.0000000e+00  -8.4115643e-02  -9.3056713e-02  -1.1929223e-01  -2.9153801e-01   3.9981314e-02  -2.0069439e-01   1.5446984e-01  -2.5582855e-01  -3.2636533e-02  -1.2568321e-01  -1.7210907e-01  -1.7539673e-01   2.4101256e-01   1.2038830e-01  -3.5499179e-01   1.2703318e-02  -1.3904463e-01   1.5465059e-01  -2.4032588e-01  -1.8843592e-01   3.0250894e-02   9.5164259e-03   5.4702945e-01   4.8428985e-02   1.6530848e-01  -2.7607333e-01   4.6807235e-01  -2.3005043e-01  -2.3308894e-01   2.3407040e-01  -1.6455696e-01   1.0192808e-01  -1.4309203e-01  -3.4585634e-01  -2.1255782e-01  -2.5254833e-01   5.5167718e-01  -4.0930190e-01  -9.5539576e-02  -2.4361458e-01   2.6835964e-01  -1.9996957e-01   3.3549909e-01  -1.7813625e-01   2.3649607e-01  -1.3371430e-01  -2.5258175e-01  -2.1322245e-01   1.1861896e-01  -1.3540384e-01   2.0159251e-01  -1.0630340e-01   1.6078407e-01   2.9292203e-01   1.4897945e-01   1.3367990e-01  -1.2704051e-01  -4.4686493e-02  -3.6730602e-01   2.3101101e-01  -1.7677688e-01  -7.8718171e-04   1.5466505e-01   1.7155747e-02  -2.1339955e-01  -4.6161518e-02  -2.2981030e-01   6.5819943e-02   8.8597801e-02  -2.6652612e-01  -1.0082266e-01   5.3207004e-03   1.8969273e-01   1.5638021e-01  -2.1705602e-01   2.0634514e-01   2.3291737e-01  -2.4954819e-01   6.3413018e-02   2.0983014e-01   8.3888154e-02   6.0915249e-02   1.5323511e-01   4.7641614e-01  -2.2882753e-01  -1.2595764e-01   3.3322678e-01  -3.9507804e-02   6.0590030e-01  -4.2545351e-01   6.6984638e-02  -1.5911748e-01  -2.3787350e-01   5.2605827e-01  -3.2732850e-01  -9.2489551e-02   7.5321097e-02  -2.0171856e-01  -1.9884626e-01   1.1002281e-01   2.8311647e-01   1.4525253e-03  -6.0084775e-02  -1.2543829e-01  -7.3558708e-02   5.2337179e-03   9.7265732e-02  -2.3128023e-01  -2.4723870e-01  -2.4681299e-02  -1.6655863e-01  -9.6790988e-02   6.6017299e-01   3.0691532e-01  -1.2618316e-01   1.4117556e-01  -6.4505480e-03   3.2881400e-01  -2.6157022e-01   3.7482146e-01  -2.8057889e-01  -1.7169440e-01   5.0258308e-02   3.0245652e-01  -6.7777876e-02  -2.4337792e-01  -4.2574599e-02  -2.5494729e-01   6.1850916e-02  -2.5750665e-01  -1.4806029e-01   2.1178959e-01  -5.0700960e-02  -2.4951271e-01  -1.1934625e-01   4.0822203e-02   1.3511496e-01  -4.0383169e-02   5.5980734e-01   5.6640995e-01  -1.3313136e-01  -1.2407770e-01  -5.5180263e-02   2.8155692e-01   1.9000604e-02  -6.7615938e-02  -2.0092773e-01  -2.6429731e-01  -1.4912652e-01   4.5808611e-01   7.0978928e-02   2.1435737e-01  -3.7872818e-03  -1.9930305e-01   6.8874999e-01   5.2721776e-01   6.0793828e-02   7.8447901e-02   2.2375880e-01  -8.3991970e-02  -2.2974910e-02  -2.9549665e-01  -9.8149598e-02  -1.1869991e-01  -1.5872585e-01  -2.3761157e-02   3.8865653e-01   2.2675988e-01  -6.3457088e-03  -2.7156041e-01   2.7554685e-01  -2.1395314e-01  -1.1768733e-01   2.4662666e-02  -1.5119699e-01  -2.3077044e-02
  -8.4115643e-02   0.0000000e+00   3.2323124e-01   2.5242272e-02  -4.8875257e-02  -1.8458975e-01   1.3600823e-01  -3.4961770e-02   4.2724805e-01   2.6012595e-01   1.7348191e-01   7.5823106e-01  -9.8034129e-02  -7.8711461e-02  -3.0282313e-02   6.7021135e-02   2.7413798e-01  -1.5038166e-02  -2.0223502e-01   5.2606756e-03  -1.8989253e-01   4.6878603e-02  -9.7911366e-03  -1.0021655e-01   9.5910907e-02  -2.3625144e-01   1.1290641e-01  -3.5848158e-01   4.8679022e-02   3.4473123e-02  -2.0415279e-01  -5.1952803e-02   2.3740803e-01   2.5944814e-01   4.6978851e-01   5.5257501e-02  -4.2428320e-02  -2.8728911e-01   1.3652919e-01   3.4468812e-01  -1.3666768e-01   6.6457001e-02   6.1808848e-01   7.0920540e-02   7.7162878e-02  -3.4708498e-02   1.1725865e-02   2.7661965e-01  -1.9317283e-01   4.1767381e-01  -3.4856550e-02  -2.7054252e-01   2.7016557e-01  -1.8030048e-01  -2.1204590e-01  -1.7269323e-01  -9.3266600e-02   7.0004524e-02   1.4213466e-02   2.9334622e-01  -8.1299506e-02  -2.0690808e-01   5.2054917e-01   1.8738548e-01   2.0048784e-01   1.1969645e-01  -2.5355763e-01   1.3766869e-01  -2.2138316e-01   2.2520718e-03   6.5843590e-01   1.9294891e-02   9.9358773e-03   2.8444185e-02   6.4984320e-02   5.9118171e-02  -1.0890015e-01   1.0341717e-01   1.7557172e-01   9.9109224e-02  -2.5740548e-01   9.8396643e-02   1.3387569e-01  -1.9729116e-01  -2.5152462e-01   6.3531566e-02   5.1604574e-01  -1.3454794e-01   1.6058208e-01  -3.6217397e-01   2.4235195e-02   1.0927174e-01   2.2505299e-01   3.8152478e-01  -2.8814144e-01   1.3480967e-01   5.5532783e-02   7.6656237e-02   9.4165787e-02  -3.7593695e-02  -3.6439300e-02   1.1341544e-02  -2.2980750e-01   7.1649161e-01   9.2297741e-03   1.1413538e-01  -2.1860271e-01  -4.4718668e-02  -1.6101123e-01  -1.2021705e-01   1.7982289e-01  -1.4257881e-01   7.5002616e-02  -3.1995709e-01  -3.2206325e-01   4.2731024e-01  -1.7251773e-01  -1.1172147e-01  -1.7636964e-01   4.7358455e-02  -2.1206920e-01   1.6387698e-01   1.9613415e-01   4.1195480e-01  -1.5900919e-01   3.0689674e-01   1.0808907e-01  -5.9883609e-02   1.8715710e-01   1.7152707e-01  -6.5267829e-02   9.2979025e-02   7.3057748e-02   3.2991270e-01   2.8541592e-01  -6.6725597e-03   4.7669381e-02   1.0794870e-01  -1.0948090e-01  -1.3090787e-01  -2.1899731e-01  -1.9372802e-01   1.7340947e-01  -7.1322767e-02  -2.4287545e-01   1.5880029e-01   3.7330033e-01   2.6775332e-01  -3.0121739e-01   5.4156926e-02  -3.5684320e-01  -7.9981373e-02  -2.5549540e-01   4.3425901e-01   5.1932514e-01  -2.2508489e-01  -1.4244428e-01   1.6814687e-02  -1.3766581e-02  -2.6990502e-01   1.0020807e-01   3.0240372e-01   1.8189746e-01   2.3965884e-02  -9.1426934e-02   1.9306503e-01   1.6593325e-01  -2.4820852e-01  -2.6551822e-01   3.1964691e-01   2.3473843e-01  -2.6328651e-01   2.7022488e-02  -1.7349651e-01   3.0659349e-02   7.7226353e-02  -3.6879341e-02
  -9.3056713e-02   3.2323124e-01   0.0000000e+00   1.2968396e-01   2.9558692e-01   3.8467231e-01  -1.7344181e-01  -7.8808691e-03   3.5958421e-01   4.6308996e-01   1.2874410e-01   3.0817976e-01  -1.5447574e-01  -5.2414958e-01  -1.9946886e-01   1.0584279e-03   8.3290239e-01   7.3035477e-02   6.1910548e-02   2.4186840e-01  -3.9217174e-01   6.6769497e-02  -2.2312356e-01  -2.1353825e-01  -9.3624474e-02  -7.1757035e-02   2.2595376e-01  -4.3401455e-01   7.0643331e-02  -8.3865210e-02  -3.1282965e-01   1.2332431e-01  -1.9081690e-02   4.3014934e-02   1.7854157e-01   2.2502368e-01  -1.9499768e-01   5.9095326e-02  -1.9899830e-01   4.9257298e-01  -1.1268089e-01   1.5140853e-01   4.9157699e-01  -1.1644445e-01   2.4098878e-01   2.2437164e-01   9.4313913e-02  -2.0096381e-01  -2.7487643e-02   5.1548489e-01   4.9833863e-02  -8.3907879e-02  -1.4556648e-02  -1.6789508e-01  -2.2740780e-01  -2.1577652e-01   1.0868037e-01   1.1930547e-01  -7.7351576e-02   2.5245798e-01   4.6210816e-01   2.6012655e-03   4.6816391e-01  -1.0358968e-01  -1.7729103e-01   2.2930556e-01   1.8777280e-01   2.9986169e-01  -1.5891959e-01   5.5903497e-01   4.9706700e-01   4.4376762e-02  -1.9913216e-01   4.9501931e-01  -9.8557108e-02   2.9436012e-02   2.6560607e-01  -2.3814243e-01   3.7576116e-01  -2.5637192e-01  -5.1808536e-01  -2.1816884e-01   1.3294728e-01  -1.4837094e-01   1.7510668e-01   1.2447940e-01  -7.5127956e-02  -3.3702370e-01  -7.7249425e-02  -4.2711791e-02   1.2024661e-01   6.7101766e-01   3.4825093e-01   2.1272636e-01  -1.6623697e-01   3.5849058e-01   1.6795806e-01   2.2819964e-01   1.9155486e-01  -1.6913361e-01  -2.9112556e-01   4.5869465e-02  -3.4196068e-01   1.9379628e-01  -7.1898415e-02   2.0639602e-01   2.3099929e-01   3.0832498e-02  -1.9051101e-01  -1.4152634e-01   3.8578200e-01  -1.5690952e-01   1.4648777e-01  -1.0193812e-01  -1.8322186e-01   1.5514760e-01  -2.7697651e-01  -3.1117018e-01  -2.3327502e-01   2.9204936e-01   3.4762216e-02   2.6994822e-01   1.2327666e-01   1.2256211e-01   1.6889056e-01   2.6517933e-01   1.4997457e-01  -8.1272176e-02   2.9796152e-01   4.8294369e-01  -1.3883310e-01  -7.0840728e-02  -9.3866385e-02   7.5989104e-02   3.4769528e-01   1.8453029e-01  -2.0704266e-01  -3.5663351e-01   1.7963549e-01  -1.5405133e-02  -1.6744279e-01  -1.6080182e-01   1.4154845e-02   3.0429462e-01  -6.6050780e-02  -9.0750520e-02   2.8328557e-01   1.9068447e-01   2.1218475e-02  -3.4871300e-01  -4.2816640e-02  -4.7523560e-01   3.7221168e-01   3.2058508e-01   8.0893089e-01   3.7958563e-02  -2.2935852e-02  -1.1840045e-01   5.7079221e-01  -4.3656121e-01   3.7539625e-01   1.1574074e-01   8.8747779e-02   1.2319642e-01   2.2107719e-01  -5.4749005e-02   2.2888941e-01  -3.2710215e-01   2.7886833e-01   2.1020855e-01   1.6174183e-01  -2.9231835e-01   4.7619870e-02   3.1854969e-01  -1.3954324e-01   1.9588961e-01   2.0416386e-01
  -1.1929223e-01   2.5242272e-02   1.2968396e-01   0.0000000e+00   1.3312457e-01   2.4063037e-01  -4.1218886e-02   3.2409435e-02   4.8290228e-01   1.0917061e-01   1.1289486e-01  -6.5718671e-02  -1.4903855e-01  -1.0545255e-02  -2.4915227e-01   2.6852185e-01   1.9191960e-03   4.0377427e-01   1.2216556e-02   3.4127655e-01   1.2865324e-01   4.9136827e-01  -1.3612683e-01  -1.5462697e-01  -2.5615032e-02  -1.1013405e-01   4.9334529e-01  -4.3724225e-01   1.6401373e-01   4.7593679e-01  -3.1828806e-01   4.5360902e-01   2.1632880e-01  -3.0909500e-01   1.6767962e-01   3.6704293e-01   7.3740780e-02  -1.0989164e-01   2.3825870e-01   8.6543567e-02   1.9642994e-01   1.9151398e-01   1.1188734e-01  -3.0897051e-01   5.1238011e-01  -2.8121992e-01   6.5980604e-01   5.4037792e-03   1.5022721e-01   5.8532074e-02   4.3694193e-01  -3.1613901e-01  -4.0706672e-02   2.3509769e-01   1.2487027e-01  -3.4698061e-01  -3.2468896e-02   5.9106968e-01   6.3824646e-01   4.9641965e-01  -1.9098527e-01   1.8340690e-01   3.5334506e-01  -1.2122072e-01   2.2265882e-01   4.1210401e-01   3.4603874e-01   1.1222928e-01   4.1708534e-01  -2.2687833e-01   1.0220986e-01   7.2617181e-01   2.7623970e-01  -8.5382392e-02   2.3312276e-01   4.0050036e-01  -2.2117208e-01  -2.1497209e-01   1.5486129e-01   3.5574749e-01  -3.0122164e-01   1.1307335e-01  -3.1852147e-02  -1.1784752e-01  -1.9193739e-01   3.3568503e-01  -9.6644224e-03  -7.6234143e-02   1.6443683e-01  -2.9401678e-01   3.0322607e-02  -7.1933799e-02   8.6229580e-02   4.5346003e-01  -2.3460411e-01   8.8860083e-02   5.0326767e-01   1.1850821e-01   2.9924130e-01   1.7377578e-01  -1.0283473e-03  -1.3725122e-01   1.0041570e-02   2.3179996e-01   5.4326888e-01   5.3480481e-01   2.6261676e-01   2.5557084e-01   1.4783036e-01   2.8502332e-01  -2.7820071e-01   2.5084967e-01   7.6677883e-01  -2.6863269e-01  -3.3891128e-01  -2.2020691e-01  -2.5670431e-01   9.6457672e-02  -2.6982133e-01   7.7680777e-01  -2.0613954e-01   2.3781132e-01   4.4759704e-01  -2.4605300e-02  -2.9099346e-01   2.4316161e-01   3.8425261e-01   3.8291173e-01   5.8189274e-01  -8.0364849e-02   3.4342482e-01  -6.8161047e-02  -2.0933604e-01  -1.3182035e-01   6.2356639e-01   3.2013336e-01   3.3160101e-01  -1.8566390e-01   8.7168543e-02  -6.8715367e-02  -1.1360683e-01  -2.1864781e-01   1.5728478e-01  -2.0624771e-02  -8.4214890e-02   1.7509983e-01  -2.8991768e-01   2.1700328e-01   4.4487626e-01   6.9598912e-02  -2.5394357e-01  -4.1790530e-01  -7.3066713e-02  -4.0400705e-02   1.4942169e-01  -6.3024531e-02  -2.0861106e-01   5.0509275e-01  -1.6760505e-02  -3.0193029e-01   3.0848100e-01  -5.4172766e-02  -4.0287373e-02   6.5245646e-01   4.9164242e-01  -1.4022832e-01  -1.7445327e-01  -3.3732922e-01  -7.9008847e-02  -1.4294555e-01  -4.0345941e-02  -2.9871887e-01   4.9100567e-01   2.4929246e-01  -4.8200449e-02   2.1261027e-01   5.0628719e-01
  -2.9153801e-01  -4.8875257e-02   2.9558692e-01   1.3312457e-01   0.0000000e+00   3.2286091e-01  -1.5086321e-01  -8.7662404e-02   6.1876379e-02   5.7727339e-01   4.3188217e-01   9.7766784e-02  -4.4196532e-02  -1.3437816e-01   4.6474196e-03  -1.4043062e-01   2.5738277e-01   5.8575436e-01   1.4946525e-01   7.8528911e-01   1.5226843e-01   1.9987927e-02   8.5735181e-02  -2.4060502e-01  -1.0215435e-02   7.3832900e-02   2.3957014e-01  -3.0016380e-01   6.6359428e-02  -1.3202245e-02   1.4465396e-01   5.2714966e-02   3.0673073e-03   1.5104985e-01  -9.4835508e-02   7.3682365e-01   2.3395846e-01  -1.7853544e-02  -7.2848226e-02   2.7130184e-01   1.8925574e-01   6.1738911e-02   1.7663976e-01   1.4319867e-01   4.6204994e-01   5.8331444e-02   2.8874878e-01   2.1182292e-02   2.5749517e-01   1.0306318e-01   4.3067773e-01   8.3970163e-03   1.8491820e-01   2.9016868e-02  -2.9710788e-02  -1.8684897e-02   1.1369530e-01  -5.9197046e-03   2.9072187e-01   2.7447332e-03   1.8797348e-01   5.1792731e-01   1.6136760e-01   9.7246982e-02   1.5367454e-01   4.5894215e-01   1.9352234e-01   1.9949672e-01   1.4449767e-01   1.5325995e-01   1.0410738e-01   2.1942181e-01   3.6233170e-01   1.2993853e-01   6.1523666e-02  -1.6223238e-02  -2.1527173e-02  -5.5018280e-02   7.1942374e-01  -6.7362667e-02  -3.1978645e-01   1.6652519e-01   3.8717109e-01  -1.0585390e-01   1.2669096e-01  -1.6899232e-01   9.3062911e-03  -1.8475687e-01  -9.6339863e-02  -4.3396679e-03   2.6122287e-01   2.5678501e-01   4.9332914e-01  -1.1920034e-02  -1.8310132e-01   5.7857348e-01   1.8546474e-01   3.0635774e-01   6.2631758e-01   9.7297177e-02  -1.4228798e-01   1.2200313e-01  -2.8532049e-01  -1.4529245e-02  -2.7031916e-02   1.6266989e-02   4.0126823e-01   2.2399318e-01   3.3046016e-01   3.6276256e-01   2.7626097e-01  -3.3028254e-02   1.3575018e-01  -5.9521389e-02  -2.5915699e-01   3.8846265e-01   5.8084100e-02   2.3283191e-01  -2.5542671e-01   1.5790202e-01   4.5915389e-02   5.6288080e-01  -2.2303425e-02   2.7739779e-01   7.4272089e-02  -1.7081035e-02   3.7720166e-01   2.4743830e-01   1.1797517e-02   1.5463609e-03   1.5524483e-01   3.2635668e-01  -1.9465330e-01   3.1891790e-01   1.8824381e-01  -7.2028865e-02   3.5286505e-03  -1.9990641e-01  -6.6577571e-02  -1.7092023e-01  -6.8695801e-02  -7.7099303e-02   4.3846414e-02  -1.1303054e-01   1.5268442e-01   3.1431082e-01   4.8500267e-02   5.8642181e-01   3.1021358e-01   1.2109325e-01  -4.3819263e-02  -3.6409108e-01   2.2762375e-01   3.4140948e-01   2.0199243e-01  -5.4709977e-02  -1.4000969e-01   4.3812405e-02   1.8480887e-01  -2.7714159e-01   2.8646793e-01   2.3016068e-01   2.0795129e-01   4.1800342e-01   7.4081993e-02   3.0048447e-01   2.9222165e-01  -1.4272925e-01   1.9489431e-01   4.2117517e-01   5.9571608e-01  -1.9034341e-01   3.8746033e-01   4.8791199e-02  -1.5226470e-01   3.0766177e-01   6.5320098e-02
   3.9981314e-02  -1.8458975e-01   3.8467231e-01   2.4063037e-01   3.2286091e-01   0.0000000e+00  -3.2615163e-01   4.4103977e-01  -3.1900343e-02   3.3609318e-01   7.1435997e-02  -2.3674350e-01  -2.9214516e-01  -2.3784118e-01  -7.3742417e-02  -2.7530211e-01   4.2456464e-01   1.8649287e-01   7.0735336e-01   2.6444787e-01  -1.3273232e-01   1.3055821e-01  -2.7195586e-02  -2.7819113e-01  -1.5982999e-01   5.5060918e-01   2.1890125e-01   2.1481842e-02  -5.7370301e-02  -1.4492273e-01   1.0888299e-01   1.6779544e-01  -2.1457485e-01  -8.6343631e-02  -2.7570792e-01   3.0778723e-01  -9.7319618e-02   1.9460563e-01  -4.6038448e-01   2.0033443e-01  -1.9696787e-01   9.6733396e-02  -5.4147522e-02   1.9549119e-01   1.9146224e-01   2.2139846e-01   1.5613328e-01  -3.0474881e-01  -4.7967344e-02   2.6150718e-01   1.5566923e-01   2.7028092e-01  -6.0371644e-02   1.5141601e-01  -1.3135303e-01   1.4226120e-01   6.9605947e-01   3.3367962e-01   1.5026273e-01  -9.8137488e-02   4.5077393e-01   1.0355434e-01   1.3144851e-01   8.2718725e-02  -4.9118945e-02   1.3379085e-01   7.7197359e-01   5.9107838e-02   3.5348752e-01   4.6165260e-01  -1.7928362e-01   1.0740351e-01  -1.6913552e-01   1.1640222e-01   9.5430842e-02   1.9499847e-01   3.3367533e-01   8.6088112e-02   2.4197891e-01  -1.4851480e-01  -1.8826556e-01  -5.8054451e-02   2.3531705e-01   4.3096699e-01   3.7002744e-01   1.7232562e-01  -4.8123714e-01  -2.8306555e-01  -3.5634483e-01   1.5983560e-01  -2.3421188e-01   5.1272246e-01   4.4390357e-02   2.1527373e-01   7.9512002e-02   1.6510003e-01   3.5648595e-01   7.2687231e-01   1.1468240e-01  -1.7846007e-01  -6.5836624e-02   1.9213376e-01  -1.3788685e-01  -1.5268571e-01   3.3719918e-02   2.9822161e-01   2.1528141e-01   7.0476586e-01  -2.8509841e-02   4.7166113e-02   2.7049520e-02  -1.1411199e-01   1.3774262e-01   2.4884356e-01  -1.8131790e-02  -9.7931964e-03   1.3421944e-01  -2.1064646e-01   1.5362921e-01   2.3721573e-01   1.7705497e-01   6.8691726e-02  -7.7816463e-02   4.9413147e-02   2.3553226e-01  -2.0651064e-01  -3.9487356e-03  -3.0421423e-02   1.9818711e-01   3.4053550e-01  -2.1529270e-01  -6.7258254e-02  -3.2161472e-01   4.8002275e-03   1.9785069e-01   4.2652372e-01   1.1829003e-02  -2.8138505e-01   3.1793393e-01   1.8253914e-01   1.6373408e-01  -2.2801440e-01  -6.2152947e-02   1.4098131e-01   1.9868907e-01   1.8310133e-01  -1.8612572e-01   1.0970950e-01   3.5355297e-01  -2.2136048e-01   2.8435926e-01  -2.7518032e-01   3.4923043e-01   1.3720475e-02   1.1428602e-01   2.0835399e-01   1.6235379e-01   1.4513478e-02   4.5837995e-01  -1.5506289e-01   4.5767307e-01   9.4395536e-02  -1.4324463e-01   2.8682773e-01   5.8920187e-01   4.8155543e-02   6.6449923e-03   2.7596411e-01   3.4253291e-01   7.8764240e-02   5.2843269e-02  -1.7277771e-01  -1.7201061e-03   6.2401836e-01  -3.1375605e-01   5.6041170e-02   5.7362532e-01
  -2.0069439e-01   1.3600823e-01  -1.7344181e-01  -4.1218886e-02  -1.5086321e-01  -3.2615163e-01   0.0000000e+00  -2.5081217e-01  -4.6048418e-02  -1.3680424e-01   2.0388912e-01   3.7536536e-01   1.8264703e-01   2.0041037e-01   6.2907643e-01   2.0944154e-01  -6.8024786e-02   4.3041786e-02  -2.4492831e-01  -1.2794239e-01   4.4498857e-01  -1.1225314e-01   5.4622692e-01   1.0139674e-01  -1.7013739e-01  -2.2886342e-01   3.0530285e-01   7.7453161e-02   4.4485922e-02   4.1288222e-01   1.4991718e-01   1.0069984e-01   7.6044084e-02   5.7329589e-01   1.3571284e-01  -8.3044656e-02   2.6561381e-01  -2.1223850e-01   3.6502207e-01   2.6806858e-01   1.3171475e-01  -1.5363830e-01  -2.1247155e-01  -9.4343803e-03  -9.2910830e-02  -2.8543112e-01  -5.8699610e-03   7.5240354e-01  -7.5135590e-03  -1.3269829e-01   2.7906868e-01  -2.1497257e-01   4.5949268e-01  -1.0813812e-01   1.0894177e-01   4.0573905e-02  -3.0300731e-01  -2.8337266e-04   3.6847534e-02   1.7160478e-01  -3.8299826e-01   7.7413906e-02  -2.3431948e-01   1.9317900e-01  -2.1885042e-01   8.2548891e-02  -4.3823436e-02  -1.0251488e-01  -1.6491081e-01  -2.6950360e-01   2.5155971e-01   1.5990501e-01   1.7746944e-01  -1.6444258e-01  -1.3169453e-01   1.4929029e-02  -3.0601755e-01   1.2951427e-02  -2.4194091e-01   5.0994703e-02   3.4958361e-01  -4.5254222e-02   2.0826344e-01  -2.0855466e-01  -3.0827456e-01   1.0135591e-01   2.9744047e-01   2.9293994e-01  -6.9859216e-03  -2.9594195e-01   3.8072483e-02  -4.1950818e-01   1.2130176e-01   5.0030041e-02  -3.1575355e-01   1.8792284e-02   5.0250069e-02  -4.4533003e-01  -1.5834680e-01   5.4522025e-01   5.0624817e-01   1.6412568e-01   2.0219815e-01   5.0244145e-02   2.3210428e-01  -4.2147759e-02  -1.6082152e-01  -3.5457369e-01   3.1850192e-01   2.6032504e-01   9.4382048e-02   3.7492299e-01  -3.5328664e-02  -3.5805731e-01   1.8249014e-01  -1.0329210e-01  -4.6961193e-02   1.3091521e-01   5.9409900e-02  -2.5743791e-04  -3.3466897e-01  -1.9144543e-01   1.1340603e-01  -3.7241776e-01  -2.8715702e-01   1.7497041e-01   2.9380041e-01  -3.0112871e-01  -8.7439809e-02   6.8194316e-02   5.4673640e-02   4.9099426e-01   6.4535168e-02   8.5082370e-02   9.0041647e-03  -1.6937548e-01   2.6163177e-02   6.1169084e-01  -1.3371884e-01  -2.9264919e-01  -1.8303592e-01   7.7626484e-03   7.1140544e-02   9.3646069e-02   1.8701253e-01  -6.9607003e-02   5.1919452e-01   7.9172756e-02   4.6464819e-02   2.9223333e-01  -9.2092147e-02   3.2474704e-01  -3.1514430e-01  -2.8143847e-02   1.2865608e-01  -2.7868572e-01  -2.8463740e-01   2.2532757e-01  -4.5265510e-01   1.2495490e-01   1.6077657e-02  -8.0547999e-02   4.2432392e-01  -3.7357833e-02  -8.0954393e-02   9.2536274e-02   2.3533696e-01  -8.8199334e-02  -2.9818882e-01   7.1715699e-02  -3.0946782e-01  -1.9634472e-01  -1.3016984e-01  -1.3212497e-01  -5.1947638e-02  -1.0918598e-01  -1.2687415e-01
   1.5446984e-01  -3.4961770e-02  -7.8808691e-03   3.2409435e-02  -8.7662404e-02   4.4103977e-01  -2.5081217e-01   0.0000000e+00  -1.2896233e-02   7.9231038e-02  -1.6437696e-01  -1.7230955e-01  -1.1515096e-01  -1.0032831e-01  -1.8651483e-02  -1.2279085e-01   3.1553139e-02  -1.5307712e-01   5.8006275e-01  -5.9691260e-02  -2.6667321e-02   2.8463986e-01   1.1055992e-01  -1.9994250e-01   3.3213767e-02   7.3305014e-01   3.4390538e-02   2.3138130e-01  -3.4530452e-01  -1.9307563e-01   2.4611169e-01   1.1698696e-01   2.0024170e-02  -9.1125866e-02  -1.3939943e-01  -1.7852751e-01  -1.9801718e-01  -8.9209893e-02  -3.0493310e-01   3.1969334e-02  -2.1806054e-01   8.7830522e-03  -1.0634713e-01   4.0258480e-01  -1.5447886e-01   1.0427966e-01  -1.4395865e-01  -2.0500179e-01  -1.0399016e-01   2.6512061e-01  -2.5112389e-01   4.0207482e-01   1.5189834e-02   1.6821032e-01  -2.8797337e-01   3.1606918e-01   5.4358052e-01   3.3882818e-01  -3.5835565e-02  -1.8637289e-01   1.5845932e-01  -9.8313109e-02   7.6457623e-02   1.9211885e-01   5.3413253e-02  -5.8102227e-02   4.2656780e-01  -1.1011492e-01   2.8215452e-01   7.5462202e-02  -3.0788615e-01  -1.4938299e-01  -1.5108881e-01  -1.9046199e-01   1.6601091e-01   3.0310008e-01   6.6041723e-02   5.0506197e-01  -5.2889282e-02   6.8065425e-02   2.2596295e-01   2.3530441e-01   9.6052107e-02   8.2665630e-01   6.2692409e-02   2.7635253e-01  -4.2273331e-01  -3.0976485e-01  -6.2578971e-02  -6.9796800e-02  -2.1624623e-01   6.9964864e-02  -8.8313471e-02   3.0123785e-01   4.7375745e-03  -7.3031522e-02  -3.9358799e-02   4.7616047e-01  -1.8408445e-01  -1.1597253e-01  -3.5688465e-02   2.7094451e-01   3.5442490e-01  -7.1159056e-03   1.3799771e-01   3.0534175e-01  -1.5991026e-01   6.3197591e-01  -1.7732435e-01   3.0078683e-03  -7.9412564e-02  -2.7696964e-02  -2.3579314e-02   1.9167884e-01  -6.4366039e-02   5.8056785e-02   3.9969182e-01  -7.9923207e-02   2.7164444e-01  -1.0639097e-01  -6.2866104e-02  -1.0586390e-01  -1.8680032e-01   1.7589699e-01  -5.6862897e-03  -3.2670477e-01  -2.8713455e-01  -1.5823377e-01   2.0926741e-01   6.5542220e-02  -3.1532619e-01  -1.7486658e-01   1.0280328e-01   5.1258119e-02   1.0422475e-01   5.6330819e-01   2.3026480e-01  -1.1072518e-01   4.9932366e-01   2.5260472e-03  -8.9188879e-02  -1.7175664e-01  -1.1943967e-01  -1.2712286e-01   5.3491216e-02   3.6532973e-01  -2.1664587e-01  -4.9067875e-02   9.0158864e-02   7.0737969e-02   1.7944695e-02   2.6665569e-01  -2.2200707e-01   7.9154853e-02  -2.1109897e-01  -7.9047448e-02   1.1823986e-01  -6.2624475e-02   9.0455660e-02   2.7408191e-01   8.2588307e-02   4.9615967e-02  -3.0174975e-01  -2.4050379e-02   4.7823347e-01   2.4077263e-01  -2.8319869e-02   3.9788752e-01   3.1220641e-03   4.4887603e-02   1.1397243e-01  -1.8983293e-01  -1.5723504e-01   2.1670645e-01  -6.8311586e-02  -2.9896188e-01   5.4946391e-01
  -2.5582855e-01   4.2724805e-01   3.5958421e-01   4.8290228e-01   6.1876379e-02  -3.1900343e-02  -4.6048418e-02  -1.2896233e-02   0.0000000e+00   1.8288593e-01   7.3692044e-02   3.3452003e-01   1.3877870e-01  -2.7838055e-01  -1.7582837e-01   3.1535562e-01   1.2865773e-01   1.5857185e-01  -1.1374833e-01   1.8347880e-01  -1.5462538e-01   3.2592526e-01  -2.5474544e-01  -5.1356065e-02   5.6243413e-02  -1.3144695e-01   2.9505227e-01  -5.3351089e-01   1.5407809e-01   3.0680831e-01  -4.5830396e-01   1.3105629e-01   1.6576743e-01  -9.7520520e-02   6.1259221e-01   1.1187349e-01  -1.0537118e-02  -4.3048075e-01   2.7411461e-01   8.0953341e-02   1.3342834e-01   7.5002613e-02   7.1100228e-01  -2.5589765e-01   4.0614384e-01  -1.8050834e-01   3.2955547e-01  -3.2484421e-02   2.8623082e-01   3.6995991e-02   2.6304523e-02  -1.7915593e-01  -6.1468426e-02  -4.6641960e-02  -2.5828436e-01  -2.1490432e-01  -8.8268943e-02   3.4364251e-01   1.4832976e-01   6.9154201e-01  -1.5660423e-01   2.0009307e-01   6.3865026e-01  -1.0048813e-01   1.4372208e-01   2.1339432e-01  -1.1505271e-01   2.8705486e-01  -1.8848856e-02  -1.1258880e-01   3.4044144e-01   2.5565820e-01   1.3758712e-01   1.7875483e-01   1.1094601e-01   1.2362828e-01  -3.0065871e-01  -1.4084590e-01   1.9821623e-01   2.5162136e-01  -3.3824185e-01  -5.8448140e-02  -1.0391588e-01  -1.2758810e-01  -4.8775428e-01   1.5524179e-01   2.9328366e-01  -1.7532492e-01   4.4971475e-01  -5.7117365e-01   2.4269281e-01   2.4796603e-02   2.4105789e-01   6.2425130e-01  -5.4212744e-01   1.5947602e-01   2.4147573e-01  -5.7770919e-03   4.2790782e-01   7.1934712e-02  -3.5517534e-01   1.3236154e-01  -7.5161572e-02   7.0835238e-01   2.1308862e-01   2.1529271e-01   6.4629294e-02  -3.4604712e-02  -1.3563060e-01  -4.3824656e-02   2.3330580e-02   1.1489478e-01   5.3396269e-01  -5.7256769e-01  -4.8845013e-01   1.1682926e-01  -1.3388464e-01  -1.2525846e-02  -4.4019967e-01   4.8591109e-01  -2.3743100e-01   3.0733668e-01   6.1949348e-01   2.1787211e-01  -3.3359371e-01   4.4822052e-01   3.1120044e-01   1.5319482e-01   5.6829119e-01  -6.3083360e-02   2.0721720e-01  -1.2324194e-01   1.9504834e-01   2.4979172e-03   7.3275448e-01   1.1045970e-01   2.0858037e-01  -3.7177567e-01   1.7273887e-01  -3.3549690e-01  -4.8822200e-01  -5.1530039e-02   2.1176637e-01   7.0323048e-02  -3.4286632e-01   5.8509925e-02  -1.4476052e-02   1.7128650e-01   9.9624819e-02   1.6300178e-02  -5.5392045e-01  -3.4311421e-01  -2.1513210e-01   2.3672527e-01   4.3532180e-01  -2.9909798e-01  -3.6840032e-01   1.3629967e-01   3.0068629e-03  -2.8149925e-01   2.9402653e-01   1.2971665e-01  -2.2478889e-02   2.2758751e-01   2.3134019e-01  -2.8550123e-02   5.4397357e-02  -5.7447939e-01  -2.7442841e-01  -5.3356752e-02   2.1697249e-01  -4.3409292e-01   4.7686341e-01   7.4005413e-02   8.7721130e-02   1.7291489e-01   2.9084908e-01
  -3.2636533e-02   2.6012595e-01   4.6308996e-01   1.0917061e-01   5.7727339e-01   3.3609318e-01  -1.3680424e-01   7.9231038e-02   1.8288593e-01   0.0000000e+00   2.3754817e-01   2.7618169e-01  -1.3736848e-01  -3.9809864e-01  -8.2153084e-02  -1.5667758e-01   4.2958199e-01   2.9795653e-01   2.0042562e-01   5.9322025e-01  -2.7934084e-02   1.4155632e-01   1.3956753e-01  -1.7473467e-01   1.1208492e-02   1.8696495e-01   1.2538095e-01  -3.6417326e-01  -1.5132781e-01  -1.3109725e-01  -2.7265725e-02   2.1983535e-02   2.4531175e-02   3.3476654e-01   1.5976227e-01   4.9543461e-01  -5.6985096e-02   3.0387335e-02  -2.1271525e-01   2.6388322e-01  -9.6254388e-03   5.5635328e-02   3.6792547e-01   2.4452986e-01   2.5913290e-01   2.8545205e-01   2.7425947e-01  -6.7272469e-02   1.7633271e-01   2.6741748e-01   2.4315636e-01   1.8200098e-01   3.4800159e-01   9.2309370e-03  -2.1183369e-01   9.4894529e-02   2.6451312e-01   1.4018984e-01   1.2463718e-01   1.1164090e-01   3.6614979e-01   3.7034012e-01   2.6747325e-01   8.6324499e-02  -2.0289434e-02   4.9106570e-01   3.8700450e-02   1.1702586e-01   1.0114853e-01   3.8188624e-01   2.9118501e-01   1.7799507e-01   3.1392976e-01   2.4000471e-01   1.3870148e-01   2.7538964e-03   1.8512520e-01   4.3527793e-02   5.7929591e-01   4.1010898e-02  -3.3055732e-01   2.3894765e-01   4.7551291e-01  -9.4781061e-02   1.4298996e-01  -1.4454207e-01  -2.5099654e-02  -2.3558418e-01   5.8471346e-02   5.4330279e-02   4.7337006e-02   4.3398400e-01   5.4178278e-01   3.4849936e-01  -1.3474326e-01   3.0174436e-01   2.0234205e-01   3.7311486e-01   3.7789451e-01   2.1751465e-01  -3.2211534e-01   2.9637831e-01  -2.2880864e-01   1.8303030e-01   5.5054039e-03   1.3621204e-01   2.1409753e-01   2.7973763e-01   1.0129702e-01   7.6773486e-02   5.1199563e-01  -1.0850859e-01   1.6667758e-01   6.7763762e-02  -3.1112063e-01   4.0024303e-01   1.1497299e-01   2.9527416e-01  -1.5955033e-01   1.5279404e-01   1.0340528e-01   4.0327622e-01   1.2690689e-01   2.9523705e-01   2.2005552e-01   1.1808138e-01   2.3924952e-01  -1.0221223e-01   9.5319214e-02   2.5405990e-01  -1.7323377e-01   2.4915555e-01  -6.9531219e-02   2.6907404e-01   3.8668885e-01   1.1945864e-01   1.2118396e-01  -3.0854328e-01   2.6811555e-01  -7.1149841e-02  -9.1342322e-02  -2.3898222e-01   8.7499352e-02   2.2019026e-02   6.0592973e-02   1.9848022e-01   1.2797998e-01   5.0177262e-01   1.0569517e-01   9.5141213e-02   9.8847606e-03  -3.8985672e-01   2.0019783e-01   4.9799009e-01   3.2753642e-01  -1.8247209e-03   7.6079068e-02   2.3634729e-02   3.7778479e-01  -2.0553888e-01   2.7490457e-01   3.1247921e-01   6.5475606e-02   2.5703826e-01   2.7083616e-01   4.2290157e-01   4.1940755e-01  -2.8839729e-01   2.4290395e-01   5.7986441e-01   4.7277190e-01  -2.2060809e-01   8.7471926e-02  -3.1720182e-02  -8.0822517e-02   6.6602120e-02   1.8212706e-01
  -1.2568321e-01   1.7348191e-01   1.2874410e-01   1.1289486e-01   4.3188217e-01   7.1435997e-02   2.0388912e-01  -1.6437696e-01   7.3692044e-02   2.3754817e-01   0.0000000e+00   2.1478521e-01  -1.9962348e-01   1.3482593e-01   3.3981432e-01   8.8428334e-02   1.7561259e-01   5.6610069e-01  -1.7036583e-01   4.5980062e-01   3.7434308e-01  -5.9652284e-02   3.1127552e-01   3.7637325e-02   7.1768416e-02  -2.3462588e-01   5.2186809e-01  -1.7300327e-01   1.0739037e-01   1.4148506e-01   3.0246864e-01   1.5423183e-01   1.8736332e-01   2.3983877e-01   1.0461551e-02   6.2066873e-01   1.3361653e-01  -6.5596047e-02   1.5157536e-01   1.8970928e-01  -1.0721991e-02   1.2460029e-01   2.0819708e-01   1.8074130e-01   4.2990113e-01  -5.0172821e-02   3.2217802e-01   2.5585779e-01  -1.0461626e-01   5.9668057e-02   6.5858444e-01  -2.7006272e-01   2.5438083e-01  -7.6552681e-02   1.4378455e-01  -2.8806533e-02  -1.5213066e-01  -8.0052183e-02   4.4668660e-01   1.2806426e-01   8.4764280e-02   2.7843303e-01   2.2529141e-01   4.3366795e-01   1.8827738e-01   3.5881253e-01   6.6563822e-02   2.2454700e-01   1.4733908e-01  -1.2415612e-01   1.7952422e-01   4.5215101e-01   4.1761579e-01  -7.6265195e-02   1.1844363e-01  -5.8856627e-02  -8.5788625e-03   3.8417187e-02   4.4689724e-01   1.0531606e-01  -1.7715655e-01   1.2040748e-01   4.2918517e-01  -1.9999733e-01   1.6460723e-02  -1.4281206e-01   2.8028062e-01   2.5629818e-01  -2.4407836e-03  -4.6334885e-02   3.3318553e-01   1.8750504e-02   3.7098594e-01   5.2775597e-02  -2.7728036e-01   2.5254538e-01   2.1138301e-01   2.3812517e-01   4.0420339e-01   2.7173179e-01   1.6857220e-01   2.6009992e-01  -1.2943421e-01   1.7843392e-01   8.3731132e-02  -7.3394455e-02   2.0215933e-01   1.3575352e-01   2.7377788e-01   5.2730798e-01   1.9128656e-01   2.8521011e-02   1.5689456e-01  -1.3381361e-01  -3.7319548e-02   2.6748341e-01  -1.0351655e-01   7.4445684e-02  -1.4630208e-01   2.2405561e-01  -1.6557483e-02   3.9776402e-01   4.1469518e-02   3.7058551e-01  -3.1326704e-02   1.0343357e-01   5.5827196e-01   2.9444487e-01  -5.5718921e-02  -4.0361709e-02   2.8772237e-01   5.7019188e-01  -1.1979361e-01   4.0216493e-01   2.1127779e-01  -1.1958448e-01  -5.4284173e-03   1.7944449e-01  -3.0678424e-01  -2.0762054e-01  -7.6685939e-02  -3.4175997e-01   5.9432428e-01  -2.7772751e-01   3.3678316e-01   3.0217829e-01   1.2619630e-01   4.8595436e-01   2.5372203e-01   1.2666297e-01  -8.9157812e-02  -1.1967450e-01   7.3069181e-02   5.0535587e-01   1.8830161e-01  -1.0624547e-01  -1.0475863e-01   3.3110498e-01  -5.8568762e-02  -2.4151088e-01   2.6094191e-01   6.2387778e-01   3.0470034e-01   3.6035706e-01  -1.2000085e-01   9.1862925e-02   5.1135607e-01  -7.6306181e-02   2.5992630e-03   3.8492442e-01   3.6813791e-01  -1.7309688e-01   3.4115888e-01  -9.2946903e-02  -4.1910814e-02   3.1195208e-01  -9.4356494e-02
  -1.7210907e-01   7.5823106e-01   3.0817976e-01  -6.5718671e-02   9.7766784e-02  -2.3674350e-01   3.7536536e-01  -1.7230955e-01   3.3452003e-01   2.7618169e-01   2.1478521e-01   0.0000000e+00  -4.8257151e-02  -9.5027967e-02   1.6001550e-01   2.6286917e-02   2.1715382e-01   6.3606554e-02  -1.6715884e-01   1.3291707e-01  -8.4872449e-02  -4.7668052e-02   5.8890217e-02   2.1660126e-02  -1.3912501e-02  -2.5706218e-01   1.1156936e-01  -3.4529593e-01   5.7419673e-02   1.0766819e-01  -1.0150696e-01  -2.1477298e-02   1.8987427e-01   5.2314914e-01   4.1111558e-01   8.4460697e-02  -2.9101744e-02  -3.6752983e-01   1.4757600e-01   3.3506155e-01  -1.2220761e-01   5.3838113e-02   4.6841125e-01   4.8050376e-02   7.6625672e-02  -1.9341913e-01   5.3156967e-02   4.2386716e-01  -1.8843969e-01   2.7496124e-01   9.4586180e-02  -2.9828013e-01   3.5957812e-01  -1.4835765e-01  -9.8456902e-02  -1.8511579e-01  -1.5819621e-01  -1.0289831e-02   3.2330220e-03   3.0936460e-01  -1.9717772e-01  -3.6517291e-02   3.0039920e-01   1.3920766e-01   1.9157303e-02   1.8016234e-01  -1.8610518e-01   9.9778080e-02  -1.9616835e-01  -7.1332028e-02   6.0866858e-01   1.0700697e-02   5.5434884e-02   2.0526154e-01  -7.0990773e-02  -3.0344383e-02  -2.8202295e-01   4.6852305e-02   2.7994247e-01   2.5166266e-02  -2.2780903e-01   2.6633516e-02   1.3973316e-01  -2.3894796e-01  -2.7842491e-01   2.9580167e-02   4.1970755e-01  -7.0023661e-02   4.7718095e-02  -3.5542650e-01   1.1837474e-01  -1.4011912e-02   5.0847973e-01   2.2696167e-01  -4.7948754e-01   2.7515061e-01   7.8113716e-02  -4.3600753e-02   1.4312478e-01   7.2395724e-02   1.3160392e-02   1.0592419e-01  -2.6130437e-01   5.3998371e-01   3.9377952e-02   2.3349571e-02  -2.0555568e-01  -1.7454017e-01  -2.6493127e-02   1.4098502e-02   4.0765799e-01  -2.7104300e-02   3.0684175e-02  -4.2102086e-01  -2.9832321e-01   3.5282924e-01  -1.9843354e-01  -1.0391269e-01  -1.5611431e-01   6.9779091e-02  -2.5439035e-01   2.2565717e-01   2.2503221e-01   2.0945622e-01  -2.8541369e-01   5.4844141e-01   2.1000431e-01  -1.5881254e-01   1.1864746e-02   2.1477015e-01  -3.9243252e-02   2.0737511e-01   1.3232939e-01   2.2889524e-01   2.3301045e-01  -1.3903430e-01   4.9093159e-02   1.3492027e-01  -2.1654670e-01  -2.8604933e-01  -3.3183530e-01  -1.3570584e-01   7.6750082e-02   7.2279605e-02  -1.8472838e-01   5.9547953e-02   5.4590357e-01   2.5039701e-01  -2.5331709e-01   3.1975813e-02  -3.2528021e-01  -1.2389019e-01  -2.7276005e-01   4.5338383e-01   5.9662741e-01  -2.1842725e-01  -2.8726761e-01  -3.1919105e-02  -1.1648287e-01  -3.1779591e-01   1.3457850e-01   2.4443536e-01   2.8276948e-01  -1.7195600e-02  -1.1187094e-01   3.5997425e-01   3.6835729e-01  -3.1750858e-01  -3.0051684e-01   3.7832257e-01   1.8903899e-01  -3.2008639e-01   1.1825993e-02  -1.0176448e-01  -2.9540735e-02   7.2563190e-02  -7.0341661e-02
  -1.7539673e-01  -9.8034129e-02  -1.5447574e-01  -1.4903855e-01  -4.4196532e-02  -2.9214516e-01   1.8264703e-01  -1.1515096e-01   1.3877870e-01  -1.3736848e-01  -1.9962348e-01  -4.8257151e-02   0.0000000e+00  -4.4522235e-02  -3.0457889e-02   1.3253945e-01  -1.5992339e-01  -2.5315578e-01  -2.0538295e-02  -7.2548148e-02   2.7621750e-02  -1.4334458e-01  -5.4180369e-02   5.6446832e-02   1.8449665e-01  -2.7064397e-02  -1.8845655e-01  -3.1374188e-02  -8.8663389e-02   1.6510244e-01  -2.8046445e-01  -2.7978839e-01   1.5045426e-02  -1.7034944e-02   2.0879847e-01  -3.2283163e-01  -1.1074901e-02  -3.1780992e-01   1.8075105e-01  -2.4276790e-01   7.4392929e-01  -2.8737301e-01  -8.1634650e-02  -5.7462712e-02  -2.5963607e-01   3.5626063e-02  -2.5047357e-01   1.5669344e-01   6.5564538e-01  -3.0923874e-01  -2.6979620e-01   4.2653718e-02  -2.9296346e-04  -1.1245608e-01  -2.2278475e-01   1.4647131e-01   8.9708187e-03  -1.4905271e-01  -2.6149134e-01   3.0189931e-01  -7.3338950e-02   2.7186815e-01  -3.4902606e-01  -3.2315653e-01  -3.7681383e-01  -9.2601892e-02  -2.7921874e-01   2.5681823e-01  -1.6769896e-01  -8.3635779e-02  -1.3211025e-01  -2.3937470e-01   7.2746488e-02   1.7636885e-01  -2.1959320e-01  -2.0284375e-01  -1.1544643e-01  -1.3421226e-02  -1.9929982e-01   7.9023726e-02   1.3001957e-01  -4.0663675e-02  -7.9316837e-02  -6.5492758e-02  -2.4809506e-01  -1.7324546e-01  -1.0571035e-01   1.0332482e-02   3.1744929e-01  -2.7892019e-01   3.2324998e-01  -1.4591581e-01  -1.4930175e-01   3.9911650e-03  -2.0884000e-01   1.4835016e-01  -4.3987994e-01  -2.4117365e-01  -3.2344081e-02   5.7783442e-02  -1.5213730e-01   7.4037456e-02   2.8143166e-01   3.8792310e-02  -6.9546366e-02  -3.6625397e-01  -6.4095129e-02  -3.6710512e-01  -1.7079921e-01   6.9352273e-03  -3.1671473e-02   2.7522465e-01  -2.8649206e-01  -1.7931769e-01  -1.3297806e-01  -1.3635414e-01   9.9375455e-02   3.4538222e-01  -2.3098238e-02  -1.7854739e-01  -4.2352521e-02   1.5628225e-01  -5.6790607e-02  -2.4625992e-01  -9.1202857e-02   8.4955265e-02  -1.2688596e-01  -3.0263176e-01  -1.2652773e-01  -1.2103733e-01  -1.0746938e-01  -1.2476478e-01   4.2752508e-01  -2.0539249e-01  -1.9223331e-01  -2.6331546e-01   2.2000647e-02   4.5705276e-03  -1.1533634e-02  -4.9279829e-01  -3.2801627e-01   7.0670645e-01  -8.3778493e-02   1.8073596e-01  -2.6386182e-01  -1.3806716e-01  -1.3134226e-01  -1.1556993e-01  -1.1588295e-01  -3.2971102e-02  -2.3551477e-01   1.8963028e-01  -2.2573710e-01  -7.1910332e-02  -5.7583765e-03  -4.1747478e-01  -1.2483342e-01  -4.0221103e-02  -1.4324120e-01   1.8194458e-01  -3.5757207e-01  -1.8104659e-01  -5.7494780e-02  -4.1849788e-01  -1.6691186e-01  -2.4817789e-01  -2.7148807e-01  -8.7512652e-02  -6.8995957e-02   6.8488175e-04  -8.8147024e-02  -2.3269032e-01  -4.7034195e-02   3.7199181e-03   2.9016191e-01  -2.2645743e-01  -1.1780855e-01
   2.4101256e-01  -7.8711461e-02  -5.2414958e-01  -1.0545255e-02  -1.3437816e-01  -2.3784118e-01   2.0041037e-01  -1.0032831e-01  -2.7838055e-01  -3.9809864e-01   1.3482593e-01  -9.5027967e-02  -4.4522235e-02   0.0000000e+00   3.8965178e-01  -6.1524902e-03  -3.6131259e-01   2.0307369e-01  -1.0615360e-01  -1.3084168e-01   3.7501950e-01  -6.2157477e-02   2.5753648e-01   1.3680742e-01  -1.4545242e-01  -1.5600545e-01   5.4067527e-02   4.1586828e-01   2.0557143e-02   1.1366698e-01   5.2347946e-01  -2.3760249e-02   1.7039852e-01   4.0517807e-03  -2.6229841e-01  -7.5100832e-02   1.6326471e-01   2.0515317e-01   1.5126035e-01   1.4531152e-02   4.1791067e-02  -5.9516111e-02  -3.8562860e-01   2.3169929e-01  -8.5482302e-02  -1.1075517e-01   3.5919481e-02   2.4487978e-01  -1.2368076e-01  -7.4517979e-02   2.2117967e-01  -1.9314799e-01   3.0268502e-02   1.5664610e-01   6.5179722e-01   3.9764991e-02  -2.1307105e-01  -1.1566352e-01   2.2030545e-01  -2.4455167e-01  -2.1856305e-01   1.3003414e-02  -2.1134641e-01   2.6426881e-01   3.1022905e-01  -9.5047140e-02   4.3238379e-02  -1.7358813e-01   2.1455395e-01  -4.0060326e-01  -2.6237336e-01   1.2981906e-01   2.8978757e-02  -3.9483666e-01   4.3848709e-02   9.4848982e-03  -8.5566319e-03   2.4779135e-01  -3.1185124e-01   5.7033584e-02   3.3042502e-01   3.2995418e-02   5.7197161e-02  -8.4270231e-02   2.4121642e-01  -4.3344405e-02   2.6908667e-01   5.0153597e-01  -1.8248934e-01   1.8771811e-01  -3.0026753e-01  -4.2889779e-01  -3.3817410e-01  -2.9072891e-01   2.6728494e-01  -1.5919695e-01   1.2191409e-01  -2.4353833e-01  -1.3133716e-01  -3.7208168e-02   6.6618555e-01  -1.1981939e-01   1.9758067e-01   2.5690757e-02   6.0565234e-02  -7.6537149e-02   4.6974583e-02  -1.1736405e-02   2.5291080e-01   9.9820194e-02  -3.7422783e-01   3.3326461e-02  -7.2540707e-02   2.3211838e-01   4.0355557e-01  -1.7991407e-01  -3.2647328e-02   7.9145489e-03   3.4823849e-01  -1.0225789e-01   5.3700831e-02  -2.5192016e-01  -1.4905766e-01  -7.5003174e-02  -2.6950876e-02  -1.4262181e-01   5.0731607e-02   1.7200114e-01  -3.1540735e-01  -1.2322928e-01   1.3450486e-01   6.8477096e-02  -2.7150287e-03   1.1157539e-01  -3.5626000e-01  -2.5900030e-01   2.3591145e-02   5.7574191e-01  -3.5878038e-01   1.8022074e-01   4.3354582e-01  -3.4816838e-02   4.0686671e-03  -2.8400787e-01   3.2367430e-01   2.9832013e-01   6.4328011e-02  -2.1156602e-01  -8.6467044e-02   2.2029637e-01   3.5737726e-01   3.7860410e-01  -1.8131446e-01  -2.4887623e-01  -4.1126040e-01   2.1960062e-01   1.1371042e-01   1.5296658e-01  -4.0359108e-01   1.8210660e-01   8.7127159e-03  -1.1633771e-02   1.1465484e-01   1.6709498e-01  -2.2006189e-01  -5.0006140e-02  -1.3377265e-01   4.2067394e-01  -9.3813181e-02  -2.3894883e-01  -1.9101950e-01   1.9805802e-01   1.1313375e-01  -2.4353988e-01  -3.5498232e-02  -5.9630677e-02  -1.2532995e-01
