   0.0000000e+00  -1.5998852e-01  -1.3258257e-01  -1.4480036e-01   2.6153846e-02   4.7084833e-02   2.5279455e-01   7.3785961e-03   9.0341503e-02   1.6953549e-01   1.0495876e-01   1.6013087e-01   8.1917394e-02   1.8133532e-01  -1.9170306e-01  -6.1829441e-02  -2.6178102e-01   6.9467887e-02  -4.4807620e-03   7.3561545e-02  -4.5996190e-02   2.7026933e-01   1.5527714e-01   2.0158441e-01  -1.9164644e-02  -2.8654647e-01   8.0516940e-02   3.4523785e-02   2.0053164e-01  -1.0355418e-01  -2.5178292e-01   2.5299817e-01  -2.8875196e-01  -1.5800129e-01   1.9026472e-01  -1.1908844e-01   2.6298420e-01   2.0566653e-01  -1.1033286e-02  -1.5099197e-01  -2.7028073e-03  -1.5359641e-01  -1.1653612e-01   1.2466857e-01  -5.3256359e-02   4.2040275e-01   2.1581223e-03  -1.2789003e-01   1.8051809e-01  -1.7501958e-01   7.4577740e-02  -4.9536773e-02  -2.3325136e-01   2.0602138e-01  -1.1841440e-01  -6.5199635e-02   9.2693736e-02   1.6723919e-01   3.8491292e-02   3.4355223e-02  -1.5434659e-01  -7.5083994e-02  -2.5632463e-01   1.0767347e-01   8.7163972e-02  -7.0551248e-02   3.7133625e-03  -3.2800896e-02   1.6626244e-01   2.6992942e-01  -1.3764486e-01   2.5531902e-01   6.3570551e-02   1.3826056e-01   3.1952464e-02  -1.7724420e-02   6.6429193e-02   7.7186185e-02  -1.8874243e-01   8.1447440e-02   1.2315331e-01   1.2989787e-01  -2.2574960e-01   6.6761303e-02   3.5766605e-03   9.6891397e-02   8.8206292e-02   1.7323958e-01  -7.0206542e-02   1.6016500e-01  -5.3232353e-02  -1.5490095e-01  -1.6300705e-01   8.0649125e-02   1.6510443e-01  -9.7999444e-02  -6.1631569e-02  -6.8679562e-03   1.3177492e-01   2.0923841e-01  -8.6507811e-02   6.3773363e-02   6.4762730e-02   9.0920830e-02   2.3957910e-01   1.1473300e-01  -2.2944626e-01   3.5391886e-02   1.5699450e-01  -6.9208461e-02  -1.5771870e-02   2.5307266e-01   1.1106704e-01   4.0108694e-01  -5.7702558e-02  -1.3716296e-01   1.9442105e-01   1.2849170e-01  -8.8817588e-02   1.6693502e-02   2.8102441e-01  -2.6932659e-01   1.6783679e-01   8.1060918e-02   1.6320623e-01   2.5763496e-01   1.2896772e-01   3.9540111e-02   2.7306861e-01  -5.6586126e-02  -3.4519481e-02   3.8870901e-02   1.5004050e-01  -3.1042187e-01   1.0756129e-01  -2.5204664e-02   1.9538057e-01  -3.8204710e-02   2.1416017e-01   2.4940019e-01   4.3161427e-01  -2.3023627e-02   1.5664532e-01  -8.9121002e-02  -3.2126264e-02  -1.9096876e-01   1.3744003e-01   1.2468428e-01  -1.0239266e-01   2.8784677e-03   1.5096388e-02   5.1930876e-02  -1.4052450e-01   1.9597429e-02  -3.1442842e-01   9.4654949e-02   1.4491342e-01   1.2750804e-01  -1.3468958e-01   1.7880469e-01   2.8598160e-01   4.4219974e-02  -9.1407105e-02   1.0769333e-01   7.2065272e-02   1.3344701e-01  -1.1946937e-02  -7.6859942e-02  -2.5264589e-01  -2.1993417e-01  -3.6636670e-01   2.3985614e-01   2.1550519e-01  -5.8731605e-02   2.6691478e-02  -3.7846751e-03   8.5083337e-02
  -1.5998852e-01   0.0000000e+00   1.6159004e-01  -2.0771409e-01   3.9392558e-01  -5.8268608e-01  -3.0763232e-01  -3.3576267e-01   4.3078103e-01   5.5190440e-03  -3.4616198e-01  -9.7890202e-02   2.0459776e-01  -2.2282390e-01   6.9330416e-02   8.8227304e-03   5.5371179e-01  -2.4202239e-01  -3.7458757e-01   1.5916607e-03   9.9411049e-02  -5.8393846e-01  -4.5878166e-01  -1.7609938e-01   6.8462002e-02  -7.1834470e-02   1.2138626e-01  -3.5461210e-01   8.7071495e-02   2.7451596e-01  -6.8870205e-02  -3.1269794e-01  -3.0917634e-02   3.3103281e-01   2.9769102e-01   1.3140555e-02  -2.7110838e-02  -1.5065872e-01  -6.4087813e-02   5.1474666e-01  -2.0269484e-02  -1.5581297e-01   3.0093736e-01   4.4582976e-02  -2.0719741e-01  -3.4178059e-01  -3.4717390e-01   6.2145128e-01  -2.3807003e-01   5.2093700e-01  -3.5062039e-01  -1.1139511e-01   6.0418659e-01   8.6826215e-02   1.0387883e-01  -2.5114856e-01  -1.5708739e-01  -3.5944248e-01  -1.5579914e-01  -3.0782616e-01   6.0379680e-02  -2.4235696e-01   6.8276106e-01  -1.3037326e-02   4.8730038e-01  -6.9806069e-02  -3.7864353e-01  -9.8597189e-02  -3.9737857e-01  -2.7576212e-01   6.3413600e-01  -2.3335093e-01   1.6962054e-01  -6.1426485e-02   7.4652291e-02  -3.4911654e-01  -4.8145935e-02  -3.4140401e-01   6.8927787e-01  -1.0291251e-01  -4.9572030e-01  -4.2329199e-02   3.8795692e-01  -3.2245758e-01   1.3971192e-01  -3.8096480e-01   4.8629737e-01   1.8608660e-01   4.9121550e-01  -1.3626852e-01   5.3732159e-01   5.1505727e-02   2.0484040e-01   3.9565114e-02  -1.5886166e-01   5.5171548e-01  -1.1097923e-01  -3.7246893e-01  -1.5636620e-01  -2.7287749e-01  -1.8391231e-02  -3.8130573e-01  -3.2625849e-01   2.9028468e-01  -5.4665714e-01  -3.2537330e-01   2.4658773e-01  -3.5621449e-01  -2.6760828e-01  -2.7345131e-01  -5.6356453e-04  -6.0304027e-01  -2.1952877e-01  -2.1167141e-01  -2.2531640e-01   6.8677233e-01  -2.6411748e-01   1.8994774e-01  -1.4176348e-01  -3.1957793e-01  -3.0593921e-01   6.5612621e-01   2.8191568e-01   3.6916459e-01   1.7258639e-02  -6.1268638e-01   1.9474636e-01   2.0608663e-01  -5.0406627e-01   3.6979601e-01   4.6177361e-02   3.2911040e-01   3.2360193e-01   4.5956168e-01  -2.8987983e-01  -3.7180850e-01  -7.9296204e-02  -8.5564973e-02  -2.9085375e-01  -1.3004657e-01  -2.9811526e-02   5.3542542e-03  -4.0948374e-01  -8.6860977e-02   1.7868824e-01  -3.7267375e-01   3.2556774e-01  -8.9259523e-02  -1.8930020e-01   1.0668279e-01  -2.3341359e-01  -2.7183587e-01   3.4749397e-02   1.9195102e-01   7.1712358e-01  -5.2339491e-03  -2.8773615e-01   5.6137739e-02   7.4375610e-02  -4.5989683e-01   2.7506996e-01  -2.2000515e-01   2.4813700e-01  -4.5202402e-01  -1.7460395e-01   3.1158056e-01   3.2619180e-02  -1.9067204e-01  -2.8349368e-01   5.7550022e-01   3.8254457e-01   3.9075081e-02  -5.4553373e-02  -1.2491783e-01   8.4852603e-02   4.6814571e-02  -4.0953197e-01
  -1.3258257e-01   1.6159004e-01   0.0000000e+00  -3.0301704e-01  -1.2702978e-01   1.2019859e-01  -4.0353887e-02  -1.9073416e-01  -2.4403464e-02   2.5676605e-01  -2.6510395e-02   3.5302443e-01  -3.1240189e-02  -1.8185527e-01   3.9000242e-01  -9.0431010e-03   7.0778668e-01  -9.6175817e-02  -1.1768151e-02   9.2784013e-02  -4.0462420e-01  -2.8153319e-01  -3.9406391e-01  -3.4124056e-01  -2.5105431e-02  -5.6173980e-02   9.8130593e-02   5.5400239e-02   1.0808409e-01  -6.2049937e-02   2.8926181e-02  -2.5148429e-01   1.1229967e-01   4.5436564e-01  -2.3492432e-01   7.2161512e-02  -3.1897367e-01  -9.1322604e-03  -1.6540878e-01   2.9623888e-01  -2.3553445e-01   9.3937428e-02   1.5597541e-01   1.3894146e-01  -6.4294249e-02  -3.8180193e-02  -1.1735006e-01  -3.3284061e-01  -5.0854750e-01   5.3044817e-01   9.1624781e-02  -3.3294916e-01  -1.0127847e-01  -2.3895220e-01  -9.3511255e-03   3.8101813e-01  -5.6907773e-02  -3.3733085e-01  -3.5694553e-01  -1.0234308e-01   5.2793126e-01  -1.7809972e-01   3.6465699e-02  -2.1214972e-01  -3.2591449e-01   1.8001312e-01   1.0196295e-01   1.0399777e-01  -2.6683070e-01   5.3269060e-01  -8.7760436e-02  -3.6417446e-01  -7.3056471e-02   5.6441468e-01  -8.6888043e-02  -4.4271809e-01   3.7987413e-02  -1.7344758e-02   8.9083393e-02  -1.5797504e-01  -4.2551913e-02  -8.9897640e-02   2.1684849e-01  -9.2790852e-02   5.9171509e-01  -3.8684630e-01  -1.8884717e-01   1.7970515e-01  -9.3290711e-02   1.0373680e-01  -8.4114832e-02   7.1672045e-01   3.9599667e-01  -1.2842141e-01  -8.3711565e-02   2.4938653e-01   1.5219429e-01  -1.5623217e-01  -1.8285346e-01  -2.5809985e-01   7.7693089e-02   2.2030614e-01  -5.3730789e-01  -8.0121774e-02  -3.5511911e-01  -2.5999320e-01   2.9972621e-01  -2.9970961e-01  -2.4074120e-02   9.1716661e-02   4.4083114e-01  -2.4687040e-01  -4.0128725e-01  -2.4376401e-01   1.5329490e-01  -1.0391237e-01   4.6984736e-02   1.0025117e-01   4.3336545e-01  -1.6600100e-01  -2.5358976e-01   1.8814142e-01  -1.2888816e-01  -3.9545009e-01   4.4203237e-02  -1.3366711e-01   2.4777574e-01  -2.3284406e-01  -3.8536571e-01   6.9897856e-01  -2.1533629e-01   7.8098353e-02   4.4412490e-01   1.1612567e-01  -3.9241567e-01  -4.0921581e-01  -1.9082396e-01  -2.2894469e-02  -4.7761036e-01  -4.4783279e-01  -4.3246948e-01   1.2506696e-01  -1.7462267e-01   5.5826466e-01   2.9848506e-01  -4.3567965e-01   4.3195912e-01  -6.6103576e-03   2.8880102e-01  -5.3090975e-01   3.6047548e-01  -2.1807828e-01   2.6331394e-01  -9.7689485e-02   5.3838567e-01  -2.9196186e-01  -6.1294943e-02  -1.1345989e-01   4.2562054e-01  -4.3222448e-01   1.3696988e-01   1.2439949e-01  -1.5480163e-02  -3.5450434e-01  -2.2172917e-01   2.0094835e-02   6.1832093e-04   1.2089287e-01   1.4557042e-01   3.7939940e-02   1.8417872e-01  -1.1795986e-01  -4.1630031e-02   4.4650942e-01   4.7047580e-03   1.0976327e-02  -2.5910649e-01
  -1.4480036e-01  -2.0771409e-01  -3.0301704e-01   0.0000000e+00  -1.6939983e-01   2.2228552e-01  -2.3528688e-03   2.5801012e-01  -2.2247230e-01   1.3354665e-02   1.3624505e-01  -6.5452358e-02  -2.4773568e-01  -8.0819858e-02  -1.2943782e-01   1.5564450e-01  -2.6285433e-01   1.4680976e-01   2.3162116e-01  -4.7082979e-02   9.8423169e-02   3.7391506e-01   2.5007871e-01  -7.0803624e-02   6.1186822e-02   3.2985894e-01   1.7742348e-01  -1.2408626e-02  -1.9110911e-01   2.1685453e-01   2.4712241e-02   2.8153846e-01  -2.1767873e-03  -1.5793141e-01  -6.6377079e-02   1.7589828e-01   7.4383742e-02   6.9968883e-02   8.3359526e-02  -1.8520922e-01   6.9706811e-02   8.3604592e-03   5.0617176e-03   1.8310434e-02  -4.9549640e-02  -1.0945878e-01   3.5865603e-01  -2.8072770e-02   8.7152279e-02  -8.3427410e-02   1.7536181e-01   3.4267336e-01  -1.1458730e-01   3.6064791e-02   2.2484819e-02   2.8318889e-03   1.7197848e-01   2.4816466e-01   4.0068745e-01   2.1796719e-01  -1.1245479e-01   7.1804747e-02  -2.4069944e-02  -6.1600068e-02  -1.8726492e-01   1.2173305e-01   3.5154885e-01  -2.2893672e-01   2.8470333e-01  -8.5414553e-02  -1.2221684e-01   1.3901256e-01   1.9994352e-01  -2.3869479e-01   6.0099222e-02   3.2579199e-01  -8.7081122e-02  -1.1394171e-01  -2.2117029e-01  -1.9537459e-01   3.3108171e-02   2.5571248e-02  -1.3749186e-01   2.1284332e-01  -1.8459193e-01   2.7059321e-01  -6.7517210e-02  -2.5343651e-01  -1.6491169e-01  -1.2591097e-01  -1.2630762e-01  -1.4095709e-01  -2.0849600e-01   2.5836562e-02  -2.1650747e-02  -1.6216773e-01   2.4465502e-01   1.9575702e-01  -2.2231760e-01   6.0735788e-02  -1.1894450e-01   1.1799711e-01   2.3382236e-01  -1.0822136e-02   2.7997547e-01   1.8279064e-01  -1.1833121e-01   4.0264234e-01  -5.6458154e-02  -2.7265031e-02  -3.8665314e-02   2.7167833e-01   3.1348605e-01   1.0979034e-01  -4.3759409e-02  -2.0962128e-01   2.9416692e-02  -1.6459406e-01  -1.5024918e-01   4.0827822e-01   1.3102343e-01  -1.1920840e-01   8.0571321e-02  -3.1536119e-02  -1.9145087e-03   1.1763283e-01  -2.9390931e-01  -1.1726623e-01   3.5780383e-01  -3.2723777e-01   2.4494765e-01  -1.8320193e-01  -2.7502212e-01  -1.5032295e-01   3.0323432e-01   2.9392612e-01   1.8218940e-01  -7.6389256e-02   3.3757021e-01   1.7298175e-01   7.4193741e-02  -1.1577212e-01   1.6233011e-01  -8.6880621e-02  -1.4521422e-01   3.6784556e-01  -2.5611729e-01  -3.6583212e-02   1.5191097e-01   1.0473812e-01  -1.9808539e-01   1.0071814e-01  -1.6465621e-01  -2.0550704e-01  -3.0779195e-01   6.3839183e-02   1.7206726e-01   3.7525812e-01  -2.1921818e-01   2.1697030e-01  -2.3313362e-01  -3.7667954e-02   3.9144024e-03   2.8200625e-01   6.4729425e-02  -2.1512386e-01  -1.6503574e-02  -8.4381817e-02  -5.8616933e-02  -1.9528609e-01  -1.2957105e-01   3.3918541e-02  -1.5918242e-01   7.7951417e-02   9.0479758e-02  -1.4604789e-01   2.5072134e-01
   2.6153846e-02   3.9392558e-01  -1.2702978e-01  -1.6939983e-01   0.0000000e+00  -7.6277032e-02  -1.1698490e-01  -1.1331198e-01   3.9578913e-01   1.3555568e-02  -4.8601184e-02  -1.4200764e-02   1.3776565e-01  -4.0634955e-01  -2.4672062e-01  -4.7057504e-02  -4.1810805e-02  -3.8029081e-02   1.8897394e-02   5.4145132e-01   1.5587634e-01  -5.7348499e-02  -2.7644012e-01   5.2569716e-02   3.1128874e-01   2.7652217e-02   3.4039354e-01  -1.6862071e-01   1.6416374e-01   5.0037724e-01  -1.4726420e-01  -9.5633242e-02  -5.2028509e-02  -5.9789061e-02   3.2733723e-01   5.0294218e-01   2.2604208e-01   1.6323583e-01  -7.3450565e-03   4.6860880e-02   1.2956508e-01  -3.1195690e-01   2.0866670e-01   1.8003342e-01  -4.8152416e-02  -1.2120002e-01   1.5709325e-01   2.7070152e-01   9.9767627e-03   6.6583312e-02  -3.8757637e-03   1.5392541e-01   4.0662522e-01  -1.0912604e-01  -9.4268781e-02  -3.3673479e-01  -9.8977457e-02  -1.1328660e-01   4.1371792e-01   1.4922592e-01  -1.8279904e-01  -6.1203713e-03   3.4170795e-01   2.7377514e-01   5.9380229e-01   2.3307216e-01   1.3828931e-01  -1.2965712e-01  -3.9389389e-02  -2.9921966e-01  -2.3172672e-02   3.6446597e-01   1.8591836e-01  -2.3670089e-01   1.8608360e-01  -1.6915675e-01   2.1791179e-01  -1.0274168e-01   7.3883010e-01   5.3201550e-02  -3.6841648e-01   1.7758311e-01   9.0759712e-04  -8.2366360e-02  -2.2711669e-01  -1.9719095e-01   6.1154322e-02   4.8867675e-02   5.4181860e-01  -1.8134488e-01   5.9908556e-01  -1.9212461e-01  -3.1529064e-02   1.2711332e-01   1.7010827e-01   4.3917156e-01   5.7025900e-02  -1.8158955e-02   2.0443424e-01  -9.6340762e-02  -4.1312773e-01  -1.6632044e-01  -4.5151325e-02   4.8943772e-01  -3.3133107e-01  -2.0944747e-01  -2.8487773e-02   2.6299333e-02  -1.4261692e-01   7.7721316e-02  -2.0622705e-01  -2.4389992e-01   7.3397174e-03   8.0768558e-02  -3.5167666e-01   5.4070380e-01  -4.6652506e-02  -5.1229157e-02  -2.5511284e-01  -8.5872227e-02  -2.6937857e-02   5.7321218e-01   1.9732618e-01   4.7342623e-01   1.0330720e-02  -3.5457141e-01   1.4775603e-01   1.1700818e-01  -1.3351101e-01  -1.9691235e-01   1.9214689e-01   1.3341965e-01   1.6589570e-01   4.7783796e-02  -2.6174017e-02  -1.6171822e-01   4.7098522e-03  -3.4849169e-01   6.5855962e-02   5.1115688e-02   2.5563544e-01  -2.3413311e-01  -5.9479059e-02  -2.0401928e-01  -8.9108504e-02   1.8760976e-02  -2.1872085e-01   4.6580784e-01  -6.5979276e-02   1.2085876e-01  -4.4605928e-01  -2.4532618e-01  -1.6332351e-01   3.9755805e-01   9.8294801e-02  -1.1799878e-02   2.9261556e-02   2.0388928e-01  -1.9010684e-01  -2.5774708e-01   2.5024460e-01   1.2952373e-01   3.2410432e-01   9.3274290e-02   2.6416541e-02   4.1608720e-01   2.3548315e-01  -1.9031054e-01  -1.6685508e-01   1.8719368e-01   3.8585495e-01   3.4451089e-01   4.0462066e-01  -7.1604921e-02   1.0234086e-02   1.1998667e-01  -1.2285079e-01
   4.7084833e-02  -5.8268608e-01   1.2019859e-01   2.2228552e-01  -7.6277032e-02   0.0000000e+00   1.7334639e-01   3.0066061e-01  -3.0696227e-01  -1.8775943e-02   3.8200340e-01   3.7831377e-01  -2.0173567e-01  -6.0740721e-02  -1.9763957e-01   1.2481510e-01  -2.3163803e-01   2.0083606e-01   5.7564631e-01   2.1601498e-01  -2.6728812e-01   5.0698801e-01   1.4707271e-01   6.2363605e-02  -7.6335762e-03   3.2171086e-01   4.0277610e-01   2.8955305e-01   1.3824638e-01   9.3588867e-02  -5.8399498e-02   2.0879366e-01   1.4846667e-02   7.6621839e-03  -4.6357571e-01   3.2270376e-01   7.9362431e-02   1.6532936e-01   1.0157735e-01  -2.8241090e-01  -1.2106279e-01   3.3974702e-02  -1.0596118e-01   1.4806483e-01   3.4476238e-02   2.4577366e-01   5.8095636e-01  -4.9566097e-01  -1.4199386e-01  -2.1954330e-01   3.8158320e-01   1.9793845e-01  -4.3624571e-01  -6.6772487e-02  -1.7209985e-01   3.6460172e-01   3.0111057e-01   1.0986584e-01   3.1641939e-01   2.5552125e-01   1.0461296e-01   3.6148286e-01  -3.7977033e-01   1.3171713e-02  -4.0291739e-01   2.6781631e-01   6.7278886e-01   5.1310103e-02   4.8083606e-01   3.4766428e-01  -6.8915278e-01   2.6052276e-01   8.1436725e-02   2.6245862e-01   4.7682581e-02   1.3512530e-01   1.3514299e-01   1.6980044e-01  -2.9658010e-01   2.6024731e-02   2.2745126e-01   2.4338499e-01  -1.9591822e-01   4.0366579e-01   1.2503978e-01   9.2806460e-02  -4.9650448e-01  -8.3931218e-02  -1.3239642e-01   2.9181412e-02  -2.2466175e-01   1.5951381e-01   3.4689461e-02   3.8244539e-02   8.2889070e-02  -2.0592018e-01   1.3297776e-01   3.4914129e-01   2.5303994e-02   6.6576587e-02  -2.1490263e-01   4.2483902e-01   1.2070715e-03   2.7448082e-02   2.3220703e-01   2.2074745e-01  -1.2417569e-01   4.0992864e-01   2.2981197e-01   3.4218287e-01   2.5583556e-01   4.1055838e-01   1.1043188e-01   2.3058084e-02   5.4266008e-02  -4.9392530e-01   2.5773210e-01  -1.4226139e-01   2.8849211e-01   3.1747454e-01   2.2633375e-03  -3.3285543e-01  -6.4416732e-02  -3.5521063e-01   3.8444371e-02   2.9839825e-01  -1.4853556e-01  -1.1241199e-01   2.3419838e-01  -6.2823276e-02   1.8222083e-01  -2.5604298e-01   1.0231707e-01  -3.7293371e-01   9.9184888e-02   9.6779501e-02  -4.5474414e-02  -1.4603551e-01   1.2039889e-01   2.4259931e-02  -3.5478617e-02  -1.1051977e-01   3.9435122e-01   3.7369202e-01  -1.7325506e-01   1.5378181e-01  -1.8608114e-01   2.6752361e-01   4.3785075e-01  -3.4921511e-01   1.1893003e-01   9.9822386e-02  -1.6705405e-01   4.2040834e-02  -2.9542650e-01  -1.5267377e-01   4.5229460e-02   2.4586204e-02   1.1517792e-02   1.8943785e-01  -5.7332644e-02   3.3693876e-01   2.2708154e-03   2.8789870e-01   2.0368416e-01  -1.4980463e-01  -1.4878717e-02   3.7509707e-01   1.8641393e-01  -4.6010768e-01  -1.6253719e-01  -4.3660476e-02   2.1969529e-01   6.0013585e-01  -2.1829997e-01  -1.4833849e-02   3.1684416e-01
   2.5279455e-01  -3.0763232e-01  -4.0353887e-02  -2.3528688e-03  -1.1698490e-01   1.7334639e-01   0.0000000e+00  -1.2588226e-01  -3.0787314e-02   7.2860528e-02   1.7534771e-01   4.1287232e-01  -8.1207583e-02   1.1736956e-01   1.1777641e-01   1.4899014e-02  -2.1516377e-01   1.9017364e-01  -7.9392597e-02   1.9244992e-01  -6.0298920e-02   1.2712214e-01   3.0108852e-01   9.0552241e-02  -1.3215688e-01  -1.3975158e-01   1.3506106e-03   1.3190644e-01  -1.2852060e-01  -2.7516902e-02   5.5443660e-02   8.8622948e-02   1.4718819e-01   9.1628413e-02   2.2056853e-01   1.2281726e-01   2.4797792e-01   2.2358216e-01   1.0553948e-02  -3.2711770e-01   5.0401154e-02   1.7117630e-01  -1.9186463e-01   2.9194985e-02   3.0230902e-01   3.3791463e-01   1.9614612e-01  -2.3155317e-03  -6.1202153e-02  -1.9233905e-01   1.8781861e-01  -1.6714591e-01  -8.7191434e-02   1.8997237e-01  -8.1266360e-02   2.8260795e-01  -2.3610133e-01   5.2394872e-02  -3.0988107e-02   1.1733202e-01   5.0599306e-02   1.2851879e-01  -2.7477494e-01   9.8262430e-02   2.0444409e-02   1.4942290e-01  -5.9449168e-02  -1.3364714e-02  -6.0430759e-02   1.6982488e-01  -2.4452547e-01   1.2985938e-01   5.2744104e-03   2.1844889e-01   1.5606749e-01   6.7426701e-02   2.1857624e-01   3.1037112e-01  -1.1083380e-01  -7.5638271e-02   4.7980880e-01   9.1538028e-02   8.8028685e-02  -3.5297261e-02  -1.1010593e-01  -5.7172603e-03  -7.6611810e-02   4.1361561e-03  -2.0425960e-01   1.0027770e-01  -7.9868247e-02   1.4507626e-01   1.0065125e-01   1.2900642e-01   2.5931745e-01  -1.8113520e-01  -5.9765198e-02  -6.9178004e-02   3.2649536e-01   4.6242104e-01   6.3670007e-02   2.7167460e-01   1.8996966e-01   3.6352853e-03   3.5662056e-01   2.1107071e-01   6.0818984e-02  -1.3565400e-01   2.5986938e-01   3.7614503e-02   3.4412233e-01   1.0549998e-01  -2.5542910e-02   4.4525313e-02   1.4737961e-01  -1.7942444e-01   1.4841814e-01   5.6009427e-03   1.8449137e-01   2.7970452e-01   1.3775090e-01  -2.7490581e-01  -1.3246161e-02   2.0165181e-02  -1.1217351e-02   1.4628847e-01   3.4819819e-01  -4.7001492e-03   1.2189746e-01  -2.3865655e-01  -2.3860756e-02   1.3836276e-01  -1.3525319e-01  -6.2757672e-02  -2.3208051e-02   6.4623252e-02   2.2012743e-01   4.9666668e-02   1.9803930e-02   1.6425796e-01   1.6680753e-01  -1.3068402e-02   1.3907539e-01   1.8933260e-01   2.9619982e-01  -8.2688092e-02   2.6659284e-01   9.2561886e-02   1.2589761e-01  -5.9176405e-02   2.8255476e-01   1.7877602e-01   9.4551315e-02   8.1549714e-02  -4.2015870e-01   1.6140440e-01   1.7678399e-01   5.1896529e-02   8.8672018e-02   2.0311657e-01  -5.8425377e-03   1.8356414e-01   5.7264292e-02   9.4377197e-02   4.4257024e-02   7.6794667e-02   2.0452324e-01  -5.4294093e-02   2.6314570e-01  -2.0401413e-01  -6.5707242e-02   1.8729805e-01   2.9640386e-01  -1.2777847e-01   3.6207010e-02   1.9196673e-01   1.6415074e-01
   7.3785961e-03  -3.3576267e-01  -1.9073416e-01   2.5801012e-01  -1.1331198e-01   3.0066061e-01  -1.2588226e-01   0.0000000e+00   4.5991093e-03  -2.6053834e-01   2.4500358e-01  -2.2618870e-01   5.0157043e-02  -1.6364331e-01  -3.2182622e-01   1.1149918e-01  -3.7365622e-01   4.6599624e-02   4.8271280e-01   3.8335185e-02  -7.9680897e-02   5.3017212e-01   1.8640023e-01   1.5134932e-01   2.5563793e-02   5.7245159e-01   2.5556401e-01  -1.2875618e-01   1.5817808e-02  -8.3077836e-02  -2.4688745e-01   4.6421145e-01   3.4376534e-03  -2.5397712e-01  -3.5482245e-02   5.1830439e-02  -3.4627240e-02  -1.9410282e-01   7.4238512e-02  -1.6502976e-01  -1.4145077e-01   1.4441942e-01   1.8825970e-01   3.3185589e-02  -9.1685986e-03   1.4682099e-01   1.9815213e-01  -3.3264162e-01   3.0033124e-01  -4.0933175e-01   2.5805022e-01   5.7285284e-01  -3.7835550e-01   3.4794235e-02  -4.5786254e-02  -1.8190245e-01   5.5126256e-01   5.6041196e-01   1.7330598e-01   4.4635941e-01  -2.6055730e-01   3.4471295e-01  -7.8050848e-02  -2.7074194e-01  -1.9901752e-01   8.8007406e-02   4.1761314e-01   1.4078138e-01   6.5416899e-01   7.4522667e-02  -2.1257058e-01   3.1086331e-01  -4.4690855e-01  -2.0212511e-01  -9.7821743e-02   4.5859664e-01   4.2594878e-02   3.1678026e-01  -2.3842230e-01   1.0867562e-01  -3.2775110e-02   1.4013042e-02  -5.3799000e-01   6.6034219e-01  -3.6334725e-01   4.6259273e-01  -2.7193051e-01  -1.5832642e-01  -1.5444498e-01  -3.3218066e-02  -1.8994575e-01  -3.7290377e-01  -3.3860087e-01   1.6896172e-01  -2.2840885e-01  -2.5682586e-01   6.0682590e-03   7.4325287e-01   9.3856908e-02   5.0076754e-02  -3.5684743e-01   2.0368968e-02   2.1793470e-01  -2.1612676e-01   1.7512711e-01   4.8718944e-01  -9.0684294e-02   7.5666036e-01   1.5675305e-01   1.2740703e-01  -1.6808657e-01   5.8964375e-01   4.8829544e-01   1.9587667e-01  -1.9733292e-01  -2.4823515e-01   4.0977559e-01  -1.5282093e-01  -3.8608269e-01   4.7530615e-01   3.1927289e-02  -1.8843039e-01   3.9565616e-02  -3.3544453e-01   1.9979561e-01   2.9654402e-01  -3.9459290e-01  -1.4430035e-01   6.0149243e-01  -2.5924815e-01  -4.4031538e-02  -4.3620430e-01  -2.4013255e-01  -3.6325460e-01   5.7119913e-01   5.5841700e-01   1.4738128e-02  -2.6903768e-01   4.3563382e-01  -1.5517574e-01   1.4642965e-01   1.0841220e-01   4.8230431e-01  -2.9576872e-01  -3.4270438e-01   2.0458983e-01  -3.4287925e-01   1.9598066e-01   2.5392666e-02  -1.0265371e-01  -3.0505129e-01   1.6303811e-01  -2.0544411e-01  -3.3047650e-01  -3.1541311e-01  -6.1841422e-02  -5.0174905e-03   1.0397502e-01  -4.0900830e-01   3.5910027e-01  -3.0591949e-02  -3.8545352e-02  -1.9140049e-01   4.9101594e-01   5.9561605e-01  -2.0267761e-01  -6.6875947e-02   2.6684695e-02  -1.9244666e-01  -2.6814418e-01  -1.6323106e-01  -1.7739235e-01   3.1982048e-02   5.0150678e-02  -1.8031836e-01  -8.8976654e-02   5.2669578e-01
   9.0341503e-02   4.3078103e-01  -2.4403464e-02  -2.2247230e-01   3.9578913e-01  -3.0696227e-01  -3.0787314e-02   4.5991093e-03   0.0000000e+00  -1.2865297e-02  -1.1645573e-02  -6.0517915e-02   1.9864406e-01  -2.1309240e-01  -2.7946438e-02  -1.3416547e-01   1.4624118e-01  -2.3503917e-01  -1.9344142e-01   2.2528976e-01  -8.3827851e-02  -1.0283950e-02  -2.1323837e-01  -8.3885248e-02  -1.9802978e-02   2.3826267e-02   3.6417849e-01  -2.2981818e-01  -5.3952307e-02   3.1783870e-01  -2.1579074e-01   9.3281827e-02   1.3132447e-01  -5.0739857e-02   4.7506287e-01   1.5735431e-01   1.8059072e-04   7.6645784e-02  -3.0105790e-02   2.7525917e-01  -8.4297558e-02  -2.1427025e-01   1.6761555e-01   3.2723717e-01   1.2680910e-01   5.4803468e-02  -6.1933658e-02   2.0667810e-01   5.5064710e-02  -1.2023084e-01  -1.3587068e-01  -1.9951113e-02   2.0565507e-01   2.9184190e-02  -1.4276226e-01  -2.1818950e-01  -7.0728559e-02   1.6199949e-01   3.6879591e-02   3.7059763e-01  -1.8362583e-01  -4.1004966e-02   4.2833332e-01   2.7125298e-01   4.9124536e-01  -2.3660941e-02  -2.2365371e-01   1.2595410e-01  -9.3252582e-02   1.9507562e-03   1.9407165e-01   3.7990411e-01   2.1595144e-02  -2.1617077e-01  -9.2724344e-02  -1.3275240e-01  -4.6070971e-04  -2.9952492e-02   3.9129467e-01   6.7429738e-02  -2.9442151e-01  -1.7548609e-01  -2.3286791e-02  -5.3543952e-02  -2.4245196e-01  -8.5710919e-02   2.9210971e-01   6.0431446e-02   3.6013094e-01  -1.4195105e-01   2.8190519e-01  -1.5446055e-01  -5.1260783e-03   2.2097513e-01   1.0428811e-01   2.3195167e-01  -2.5216845e-02  -3.9021092e-03   3.1280881e-01  -1.5523547e-01  -1.5638138e-01  -7.5687359e-02  -2.2072100e-01   4.7479794e-01  -2.4418275e-01   5.5408629e-02   2.4316596e-02  -3.2376139e-02   2.3362102e-02  -1.5916108e-01  -9.6845182e-02  -5.2905152e-02   2.0274709e-01   5.7421973e-02  -2.1769447e-01   4.0663368e-01  -1.0616187e-01   4.2335505e-02  -2.4472419e-01   5.5978182e-02  -1.6600013e-01   2.8344318e-01   4.0647917e-01   3.3663520e-01   3.0816804e-02  -2.8949616e-01   2.9241902e-01  -7.0864493e-02   5.4673470e-03   6.2645803e-02  -2.2793679e-01   1.0236741e-01   5.7455973e-02  -6.8005892e-03   3.3275873e-02  -1.0366577e-01   4.6442469e-02  -1.2461240e-01   1.1344094e-01  -1.0586149e-02   2.2723926e-01   1.7289097e-01   2.5864624e-02  -2.3709757e-01   1.9634381e-01  -1.4506030e-01   5.1877862e-02   1.9897538e-01  -2.7869775e-01  -5.8890059e-02  -2.3459207e-01  -2.5979077e-01  -1.6685154e-01   2.2654484e-01   9.7422854e-02   2.3541124e-02   1.2007100e-01   1.4282291e-01  -1.3516369e-01  -2.7866806e-01   3.5563640e-01   6.3693866e-02  -7.3169688e-02   1.1741520e-01   3.6610513e-01   3.0106779e-01   1.7630502e-01  -1.3027021e-01  -3.4543010e-01   1.0359664e-01   2.1918178e-01   2.1640627e-01   5.5615081e-01  -2.3001971e-01  -8.4714506e-02  -1.1024022e-01   9.4840090e-02
   1.6953549e-01   5.5190440e-03   2.5676605e-01   1.3354665e-02   1.3555568e-02  -1.8775943e-02   7.2860528e-02  -2.6053834e-01  -1.2865297e-02   0.0000000e+00  -1.6283352e-01   3.4972508e-01  -1.6698516e-01   1.5706717e-01   2.2507291e-01   2.6147006e-01   2.2416314e-01   1.0903167e-01  -1.1636405e-01   2.7698361e-01  -1.2012010e-01  -2.0269031e-01  -1.4933013e-01  -1.0320777e-03   2.8151598e-02  -3.2014804e-01  -5.9260494e-02   2.4302425e-01  -3.3975218e-02   5.0265168e-02   1.5056470e-01  -1.5292498e-01  -1.3056893e-01   1.6724930e-01   7.1109629e-02   1.2995102e-01   4.1023871e-03   1.1437889e-01   1.5544259e-01   1.3116683e-01   2.9656572e-02   5.1267197e-02   6.3944942e-02   3.8331547e-01  -1.0033758e-01  -6.5401533e-03  -6.7569893e-02  -9.7154644e-02  -2.2951083e-01   3.2043124e-01   2.3699935e-01  -3.2830441e-01   9.0388091e-02  -2.3335178e-01   2.8960636e-02   2.8721884e-01  -1.4695100e-01  -3.9771304e-01  -1.6293070e-01  -1.2452901e-01   5.4789958e-03  -2.4879882e-01  -1.0716298e-01   1.3455031e-01   5.4846032e-02   2.3203250e-01  -1.8184457e-02  -2.0398223e-01  -3.3014288e-01   3.8107115e-01  -7.4133454e-02  -2.5016885e-01   2.6620290e-01   2.3155677e-01  -1.1795133e-01  -4.4935267e-01  -6.6675551e-03   1.9519856e-01   1.9478262e-02  -4.8475430e-01   1.0877167e-01  -9.9963467e-02   2.2190921e-01  -1.1477930e-01   3.9048415e-01  -2.4699042e-01  -2.9436544e-02   1.2856655e-01  -5.3633947e-02   4.5101311e-03   1.2170465e-01   1.5490071e-01   1.9498286e-01  -3.3734196e-01   2.7802156e-02   1.8801922e-01   1.2074532e-01  -2.9678468e-01  -5.2285116e-02  -4.1765953e-02   2.2158626e-01   2.3418231e-01  -2.6498917e-01   1.2093850e-01  -1.2945178e-01  -3.2101524e-01   7.1607074e-02  -2.6377408e-01  -1.3021875e-01   3.7273444e-02   3.5248773e-01  -3.0430949e-01  -2.4019101e-01   5.3703935e-02   3.1279920e-01   1.3054190e-01  -1.8476934e-01  -1.8977518e-01   3.1164922e-01  -2.6934584e-01  -1.4429153e-01   1.0217066e-01  -5.8924683e-02   7.5386229e-02  -2.5839716e-01   5.2243937e-02   4.4549475e-01  -3.1677317e-01  -2.6826449e-01   2.6215885e-01   9.9228584e-03   2.9666614e-01   1.4907761e-01   1.1917685e-01  -4.7272619e-01  -4.2431358e-01   1.4519163e-01   1.9750537e-01  -3.3591416e-01  -1.3889690e-01  -1.1188301e-01  -6.2263917e-02  -1.4663063e-01   3.6335934e-01   3.1345141e-01  -1.0999190e-01   2.2897444e-01   1.6408570e-01   1.8128717e-01  -1.1287914e-01   3.0208608e-01   3.8096531e-03   1.1059630e-01  -1.7453518e-02   8.4945637e-02  -1.2908492e-01   7.5335024e-02   2.6800258e-01   4.5991296e-02  -2.5747640e-01  -6.2166713e-03   8.0375199e-02   2.4755480e-01  -2.1399974e-01  -4.3204606e-01   3.4725032e-01   2.5143498e-01  -7.8045048e-02   4.3333572e-03  -5.3456453e-02   1.7696647e-01   2.3080806e-02   7.7290708e-02   2.3935308e-01  -3.6945453e-02  -1.4664200e-01  -3.8861652e-01
   1.0495876e-01  -3.4616198e-01  -2.6510395e-02   1.3624505e-01  -4.8601184e-02   3.8200340e-01   1.7534771e-01   2.4500358e-01  -1.1645573e-02  -1.6283352e-01   0.0000000e+00   2.0111250e-01  -6.4052429e-02   1.8547318e-01   1.4843149e-01   1.6896230e-01  -1.8753655e-01   4.3475947e-01   4.8346784e-02   1.6280537e-01   1.0197084e-01   3.3780388e-01   3.7553704e-01  -1.9382628e-01   2.8552315e-01   2.3524823e-01   1.9830552e-01   4.4189445e-01   6.3262276e-02  -1.2432262e-02   3.5963864e-01   1.7789917e-01   1.3604912e-02  -1.0895719e-01  -5.5905355e-02   1.3372412e-01   1.7683253e-01  -5.9730985e-03   2.2486262e-01  -1.9168714e-01   9.0491292e-02   1.4290814e-01  -4.9054697e-02   3.4485675e-01   2.6840182e-01   5.3419560e-03   5.7963482e-01  -1.8534904e-01   8.0942674e-02  -3.1993037e-01   2.7608676e-01   3.6867821e-02  -1.3980446e-01   4.7392244e-02  -2.5709022e-01   4.2990177e-01   8.9210860e-02   5.5679025e-02   4.4115325e-01   3.2262018e-01  -1.2646271e-01   2.4482899e-01  -2.4408986e-01   2.0573977e-01  -4.0080365e-02   1.1358427e-02   4.5013491e-01  -1.8859414e-01   4.7081630e-01   2.0734043e-01  -2.4197877e-01   4.5687516e-01  -4.5346889e-02   4.1378086e-02   1.4566280e-01   2.0826283e-01   1.2128339e-01   3.2293472e-01  -1.9882792e-01   2.4085800e-01   4.2811858e-01   3.0062938e-01  -1.3657379e-02   2.8828123e-01   1.6601184e-03   8.8461191e-02  -1.4630188e-01  -1.4496621e-01  -1.5462049e-01  -1.3380185e-01  -2.6813950e-01  -4.7265968e-02  -3.7505659e-02   9.7120239e-02  -9.6934000e-02  -3.0190037e-01   3.2058635e-02   2.0719511e-01   2.4484674e-01   2.3004575e-01   7.5467574e-02   4.7555313e-01   4.0449456e-01   1.8017149e-01   4.7757856e-01   1.5545829e-01  -1.8182632e-01   2.8505925e-01   1.8729010e-01   2.7340869e-01   2.2225930e-01   3.4598964e-01   3.2050067e-01   4.4604448e-02   2.3562971e-01  -2.9233229e-01   2.6073301e-01  -2.2037778e-01   1.9721282e-01   3.5476408e-01  -9.5773076e-02  -4.0546149e-01   7.8861757e-03  -2.9858399e-02   6.4705977e-02   4.2507400e-01  -1.3805524e-02  -7.9151199e-02   2.5768600e-01  -1.6309172e-01   1.3118151e-01   3.5490936e-02  -6.4988994e-03  -2.0511348e-02   1.4941803e-01   3.0309467e-01  -1.6171697e-01   2.0768212e-01   2.0075498e-01   1.3438392e-01   5.2731855e-02  -2.0105076e-02   5.2004217e-01   6.9446996e-02   1.7316671e-01   3.4004671e-01  -6.6813170e-02   1.8090107e-01   3.5788240e-01   5.6517041e-03   1.7971721e-01   4.1359751e-01  -6.7470529e-02   1.8305864e-01  -3.3784516e-01  -2.2942035e-01   1.0651816e-01   2.7642410e-01  -2.1570513e-01   2.5336157e-01  -6.7362117e-02   3.8339903e-01  -1.0879431e-01   3.5412538e-01   1.4832324e-01  -2.4383933e-01   2.4285869e-01   3.3560505e-01  -4.3930095e-03  -2.5585630e-01  -2.6475433e-01   2.2998462e-01   1.2278632e-01   1.7829362e-01  -9.5273145e-02   4.2401745e-02   2.0683838e-01
   1.6013087e-01  -9.7890202e-02   3.5302443e-01  -6.5452358e-02  -1.4200764e-02   3.7831377e-01   4.1287232e-01  -2.2618870e-01  -6.0517915e-02   3.4972508e-01   2.0111250e-01   0.0000000e+00  -2.9634338e-02   1.7165920e-01   1.8593956e-01   1.5439790e-01   2.1357865e-01   1.3321810e-01  -2.6807648e-02   2.7011790e-01  -2.7061706e-01  -7.1992850e-02  -8.2542554e-02  -1.3114106e-01   6.4214139e-02  -7.7951728e-02   1.2624169e-01   3.8084799e-01   9.5449185e-02   8.6596532e-02   1.7990908e-01  -1.8917039e-01   1.7505680e-02   3.8073022e-01  -5.2383351e-02   1.8816517e-01   2.8651357e-01   1.7706389e-01   3.7414290e-02  -1.8004869e-01   4.2066883e-02   1.2294025e-01   2.6347819e-02   3.7016553e-01  -3.5432442e-02  -3.9862170e-02   1.4788169e-01  -1.4085641e-01  -2.5809642e-01   1.5169899e-01   8.5852195e-02  -3.7261546e-01  -4.5529803e-02   4.4404863e-02  -1.3883398e-01   5.0894074e-01  -1.5732537e-01  -3.9438842e-01  -8.4520099e-02   1.1695185e-01   1.8922510e-01   9.2525352e-03  -1.3317226e-01   5.3104812e-02  -8.8089718e-02   3.6121267e-01   1.7958261e-01  -9.2917899e-02  -1.0912903e-01   4.7312791e-01  -3.0919849e-01  -2.0300938e-01   2.7346480e-01   6.6524354e-01   4.6960006e-02  -3.6395464e-01   3.1370955e-02   1.0537356e-01  -1.3690763e-02  -2.3103861e-01   2.7070820e-01   2.9952864e-01   3.5440803e-01   1.0125145e-01   5.3840708e-01  -4.4042822e-01  -1.4502682e-01   3.8085761e-01   2.1657552e-02  -8.8579868e-03  -8.7744667e-02   4.0169149e-01   2.0331113e-01  -1.6298455e-01   1.0764955e-02  -5.9870983e-03  -8.9743858e-02  -2.3070835e-01  -2.8250151e-03   4.0991648e-02   1.8768551e-01   4.7375260e-01  -2.1205310e-01   4.1062988e-01  -4.9468740e-02  -2.2419985e-01  -2.7186272e-02  -2.2271487e-01   1.2695925e-01   1.5220670e-01   5.9970789e-01  -1.7410158e-01  -2.2887824e-01  -9.0307228e-02   1.8294665e-01  -1.8583031e-01   1.3825132e-01   9.5724196e-02   6.9574903e-01  -2.3781277e-01  -1.0433605e-01  -8.5795057e-02   1.3763287e-01  -5.4445123e-02  -1.8090430e-01   2.4704236e-01   3.7507445e-01  -1.1820310e-01  -2.9924812e-01   3.6566801e-01   1.0514551e-01   2.0460792e-01   3.9019392e-01   1.8658258e-01  -4.3354787e-01  -4.0540430e-01  -1.4555489e-01   2.0308830e-01  -3.6096650e-01   7.1391311e-03  -9.2410947e-02  -6.4950296e-02  -4.5849198e-02   6.9673999e-01   5.5933425e-01  -1.7137669e-01   3.9104417e-01   1.7545770e-01   3.6464258e-01  -1.7537188e-01   4.5441738e-01   2.5468897e-01   1.6900244e-01   1.5748879e-01   6.1047216e-02  -2.8449632e-01   1.1335514e-02   6.0008965e-02   1.2024595e-01  -8.8326967e-02   9.4652763e-02   3.4641879e-01   2.1403655e-01  -2.1532471e-01  -3.9736321e-01   2.8398762e-01   4.0303597e-01   4.3882902e-01   1.1599686e-01  -2.8730946e-01   1.4518084e-01   2.1039762e-01   6.8853586e-02   5.5422258e-01  -2.0999645e-01   2.1573335e-01  -2.3101327e-01
   8.1917394e-02   2.0459776e-01  -3.1240189e-02  -2.4773568e-01   1.3776565e-01  -2.0173567e-01  -8.1207583e-02   5.0157043e-02   1.9864406e-01  -1.6698516e-01  -6.4052429e-02  -2.9634338e-02   0.0000000e+00   3.0606488e-02  -9.1564406e-02  -1.3073044e-01  -4.0043745e-02  -2.3790652e-01  -1.4087881e-01  -9.0110475e-03  -5.0885354e-02  -1.7368955e-01  -1.2501444e-01   1.1629656e-02  -1.5901736e-01  -3.4487619e-02   1.9028144e-02  -8.6711820e-02  -1.9405787e-02   6.0327586e-02  -1.1548453e-01   2.4770223e-02   3.2671731e-02   1.4956279e-01   7.2780878e-02  -4.8281867e-02   3.3558244e-01  -9.4152722e-03  -1.0900846e-01   5.4342189e-02   4.6288672e-01  -2.1488379e-01   4.0845629e-02   1.1993169e-01  -1.1610714e-01   4.1903002e-02  -3.0639281e-01   1.5139167e-01   2.5023124e-01  -1.6928122e-01  -2.8663812e-01  -1.9976298e-02   1.5681671e-01   1.3526816e-01   1.4497566e-01  -5.4674364e-02   9.7918844e-02  -6.4156670e-02  -2.8492100e-01  -1.1379718e-01  -1.6027821e-01   3.4514610e-01   2.0635408e-01  -5.2747672e-02   1.1687444e-01  -9.7632836e-02  -2.3555821e-01   5.3392989e-04  -1.1794766e-01   8.0306373e-03   1.3846581e-01  -2.2314310e-01  -1.1752817e-01   5.5892027e-02   1.4427942e-03  -2.4979095e-01  -1.9483932e-01  -1.1006619e-01   1.3098834e-01   3.7226131e-02  -9.4665212e-02   2.0090581e-01  -9.3396226e-02   1.9487350e-01   2.2418689e-02  -3.0649658e-02   2.6325337e-01   3.2752856e-01   8.0383127e-02   7.0266515e-02   1.8047601e-03  -1.7597059e-01  -1.4366395e-01  -5.2636997e-02  -7.7132557e-02  -5.8803630e-02  -2.9770598e-01  -1.1689668e-01   2.5771078e-01   5.8251005e-02   4.2156061e-03  -4.0591446e-03  -2.7250879e-02  -5.3222909e-02  -1.0591041e-01  -1.8503155e-01  -1.8268910e-01  -2.2843591e-01   2.7123576e-01  -1.4254388e-01   1.0614489e-01  -3.7466635e-02  -1.5728967e-01   9.8837688e-02  -1.3227409e-01   9.8230720e-02   1.8525526e-01   2.2017659e-01  -2.4723760e-03  -1.2213945e-01  -1.5919342e-01   1.1683263e-01   9.7158644e-02  -7.9329080e-02   1.1488383e-02  -1.0427124e-01   4.8904918e-02   1.6565909e-01  -7.2558459e-02   9.9459431e-02   3.0337255e-02  -9.2774136e-02   1.0326596e-01   3.6158503e-02   3.9453490e-02  -1.0918183e-01  -3.0477834e-01   5.0828938e-02  -7.1356002e-02   9.9717640e-02  -3.7868706e-02   6.2058936e-01  -1.3664292e-01  -1.4246785e-01   2.4371386e-02  -1.5659870e-01   9.6246818e-02  -4.5106853e-02  -3.6831473e-02   9.5436711e-02  -6.7649228e-02   8.8421728e-02  -2.5121528e-01   4.5426222e-03   1.1272565e-01   4.8345385e-02  -1.9258587e-01  -4.8800852e-02  -2.3146074e-01   9.2150175e-02   1.4153770e-01  -4.1639564e-02   1.0546249e-01  -9.7949822e-02   3.7406871e-02   1.4950978e-01   2.3931744e-01   3.3227659e-02  -3.9438740e-01  -1.6117020e-02   1.4012079e-02  -6.3525283e-02   5.4026599e-02  -2.9105208e-02  -3.5168846e-02   6.8721732e-02  -1.2872387e-01
   1.8133532e-01  -2.2282390e-01  -1.8185527e-01  -8.0819858e-02  -4.0634955e-01  -6.0740721e-02   1.1736956e-01  -1.6364331e-01  -2.1309240e-01   1.5706717e-01   1.8547318e-01   1.7165920e-01   3.0606488e-02   0.0000000e+00   2.0012297e-01   1.6417502e-01  -6.6874208e-02   2.2258438e-01  -2.5098740e-01  -2.0013116e-01   1.8112045e-01  -4.9915480e-02   4.9939309e-01   8.5207770e-02  -5.3946757e-02  -3.0726036e-01  -3.5670062e-01   5.9455041e-01  -1.5404167e-01  -5.4426695e-01   4.1243660e-01  -1.6452914e-01  -9.7508653e-02  -8.0844147e-02  -1.6998921e-01  -4.1356204e-01   1.2610182e-01  -4.2675054e-02   1.6738043e-01   3.8831356e-02   2.8047363e-01   3.2268112e-01  -1.3753306e-01   7.7364270e-02   1.4707600e-01  -1.3030891e-01  -8.4307334e-02   3.0429062e-02   1.3483041e-01  -4.0608586e-02   1.0596321e-02  -2.4299798e-01   8.0746726e-02   1.9128060e-01   1.7572536e-01   3.5643098e-01  -1.3103783e-01  -2.3257393e-01  -9.1767015e-02  -1.8970912e-01  -7.1142797e-02   8.9033820e-02  -2.8683420e-01   2.0946189e-02  -1.3558944e-01  -2.2531611e-01  -1.7873205e-01  -4.4081454e-01  -8.2492282e-02   2.3158277e-01   1.8971843e-01  -2.4033910e-01   2.7334014e-01   2.2985835e-01   9.3984700e-02  -2.9152090e-02  -1.3738527e-01   2.0683410e-01  -3.4121577e-01  -6.7066161e-02   5.8360826e-01   2.1229040e-01   3.5102023e-01   4.3385544e-02   3.8204510e-01   4.8159955e-02   3.3676203e-01   2.6011033e-01  -3.6454627e-01   1.5688290e-01  -3.1589974e-01   7.2108772e-02  -2.9797236e-02  -2.4975618e-01  -4.0186977e-02  -1.5199509e-01  -1.5328687e-01  -2.5560585e-01   5.9199419e-02   2.3119425e-01   7.7662027e-01   4.5464809e-02   2.4321210e-01  -1.1652265e-01   4.5156389e-01  -5.0070279e-02  -8.2118068e-02  -2.6528989e-01  -9.6480294e-02  -1.8730327e-02   8.3115399e-02   2.2274985e-02  -6.8347563e-03   2.1641836e-02   6.4375330e-01  -1.9034450e-01  -7.0434900e-02   1.3148583e-02   4.5333759e-01  -1.4293696e-01   8.8611016e-02  -3.3361093e-01  -1.6045665e-01   8.2328315e-02  -2.5864896e-01   5.0915568e-01   1.0418246e-01   1.1351802e-01  -3.1015263e-02   1.8582599e-01   7.4194929e-02   1.8867355e-01  -5.8743402e-02   2.7378597e-01  -2.2688717e-01  -5.8173435e-02  -1.2334160e-01   7.2738547e-01  -1.2413399e-01   2.0416737e-01  -2.5169540e-02   2.9197299e-02   6.2951233e-03   2.5623136e-01   1.4923055e-01   1.8980135e-01   2.7758221e-01  -2.8284577e-01   1.7708968e-01   3.1416410e-01   6.0507107e-01   5.3579977e-01   1.4834683e-01  -2.0298339e-02  -1.0019822e-01  -3.4667780e-02  -4.1201278e-02   2.2826191e-02   4.8836992e-02   3.6710156e-01  -2.6867188e-01   3.2176974e-03  -2.0662180e-01  -1.5383524e-01  -2.6927290e-01  -8.4345873e-02   4.6305452e-02   2.7934717e-01   4.5611398e-03  -9.7539822e-03  -1.5249004e-01   8.9143015e-02  -3.7338156e-01   5.0842215e-02  -1.3740900e-01   6.7384865e-02  -1.7091293e-01
