   0.0000000e+00   8.8295407e-02  -3.6659388e-01  -6.0088418e-02   1.8215994e-01   2.6972902e-01  -3.4481098e-01   1.6073510e-01   2.1087582e-01  -2.2942115e-01  -2.3640035e-01   2.6359782e-05  -4.2193757e-01  -4.6556943e-02   1.0224324e-01  -3.2931372e-01  -9.4311936e-02   4.1032415e-02   4.4660924e-01  -4.0860282e-03   2.7810628e-02  -6.2752150e-02  -1.2092216e-01   5.7316334e-01   1.6720269e-01   3.7883121e-01  -2.6805222e-01  -9.3629634e-02  -1.0804923e-01   6.9441983e-02   1.7354061e-01   1.6318461e-02  -1.3164544e-01   1.0843687e-02   1.2105430e-01  -1.7524228e-01   9.2276939e-02   5.7355260e-01  -3.7633795e-01  -1.1321965e-01  -1.9394296e-01  -1.5533639e-01   3.1824382e-01   2.9338435e-01   1.4745165e-01   4.6700283e-01  -3.6360249e-01  -1.8417241e-01  -9.4931847e-02   4.1685839e-02   1.1453134e-01   2.5395975e-01   1.7086697e-01   1.2493666e-01   2.5177291e-01   2.9411778e-01   1.3144200e-01  -7.1187478e-02  -1.0919631e-01   2.0120125e-01   4.8568598e-01   1.5765174e-01   1.2255185e-01   1.5110504e-02   3.0642468e-01  -1.6330444e-01   2.1953835e-01   8.9481051e-02  -1.6450782e-01   3.4645065e-01  -2.7901221e-01   1.2646078e-02  -6.6421600e-02   5.1269576e-01   2.7838282e-01  -2.5441781e-01   4.9785815e-01   3.3104577e-01   3.0967191e-02  -6.9486939e-02  -2.4204734e-01  -2.1483961e-01   7.7039310e-02   9.0064389e-02   3.9187351e-01  -2.3228011e-01  -2.2906842e-02   3.2963448e-01   1.5664868e-01   6.6482905e-01   1.4287454e-02   3.6550677e-01   2.4762859e-01   2.0092086e-01   6.3939403e-01  -2.6346887e-01   1.5444153e-01   3.4729509e-01   1.9547957e-01  -5.8546710e-03   8.8201720e-02   1.2922919e-01  -1.5703010e-01   2.5919575e-01  -1.2397338e-02   4.3534369e-02  -5.4056980e-02   1.4427965e-01  -2.5403288e-02   7.3617547e-02   8.8041922e-02   1.3109564e-01   2.5648657e-01   7.0040220e-01   6.5119817e-02   2.6568793e-01   2.1677140e-01  -9.9235194e-02   4.5528709e-01  -8.3721539e-02   4.8057554e-01   1.7142948e-01   2.6534155e-01   1.4933890e-01   5.9345683e-01   6.2283949e-01  -2.1194252e-02   9.6940597e-02   1.4481625e-01  -1.3027821e-01  -3.1841651e-01  -7.7986760e-04   4.9754010e-01  -3.6259699e-03   1.8718672e-01   5.7395455e-02  -1.3579442e-01  -4.6056700e-02  -1.5997768e-01   7.1906979e-01   5.2398572e-01  -2.1870296e-01  -5.9502980e-04   1.2001789e-01   8.2219441e-02   2.0094653e-01  -4.2931825e-01   1.8203431e-02  -6.4172934e-02  -2.1190161e-03   6.3458217e-01  -4.0189138e-02   4.2805052e-01   1.3425606e-01   4.7654936e-02   5.4573445e-01   4.6542968e-01  -1.6639927e-01   3.6552176e-01  -6.8218523e-02   2.2519006e-01   5.0201636e-02  -7.9245419e-02  -9.2194112e-02   8.3945123e-02  -1.1119052e-01   1.1871144e-01   3.0867019e-01   1.0028649e-01   1.6415013e-01   3.4122186e-01   4.6819007e-01   5.1584090e-02   2.6970947e-01   4.5711250e-02  -1.0955374e-01  -6.9558267e-02
   8.8295407e-02   0.0000000e+00  -3.5778110e-01  -7.6884272e-02   3.5000439e-01   6.8639885e-02   2.0356549e-01   1.4014557e-02   2.3468013e-01   2.6715374e-01  -1.4279213e-02   6.8671317e-01  -1.0283276e-01  -4.0300916e-03   1.2479966e-01  -2.9468817e-01   6.8108046e-02  -3.9111308e-03  -2.3288710e-01   1.1440976e-01  -5.5481215e-02   1.3373088e-02  -1.1988561e-02   2.2160119e-01  -2.1379612e-01   9.3383549e-02  -5.2708549e-02   5.2672146e-02  -3.9045384e-03   9.7071046e-02   2.2251336e-01   1.6052488e-01  -3.4685252e-01   2.4454915e-01   4.7573141e-01  -9.0475310e-02  -6.4944256e-02  -8.2394446e-02  -2.9896118e-01   1.5391521e-01  -1.3247171e-01  -3.2988416e-01   4.1064234e-01   1.1623031e-01   3.1419383e-01  -1.8944186e-01  -2.8571233e-01   2.4987266e-01   7.8186209e-02   3.5491091e-01   8.7143833e-02   1.4088604e-01   6.0711224e-01  -1.9018505e-02  -8.7115183e-02  -2.7565650e-02  -1.9302202e-01   5.5123392e-02  -4.7479987e-02   4.2404237e-01  -6.4980217e-02   1.5205896e-01  -4.6608523e-02   2.8677595e-01   3.3113865e-01   1.3138459e-01  -1.7093994e-01  -2.1485210e-02  -2.0233523e-01  -1.6030760e-01   5.9398874e-01  -1.6353967e-01   1.0313765e-02   2.4220224e-01   5.4278831e-02  -1.1145898e-01  -3.9200193e-02   1.2649691e-02   3.9488155e-01  -2.1960341e-01   3.3237590e-02  -1.1199234e-01   1.0822659e-02  -1.7839857e-01   1.2309103e-01   6.4823104e-02   5.2914712e-01   1.3920510e-01  -1.4043729e-01   2.0053837e-01   3.4097546e-01  -7.1810772e-02   2.9994896e-01   1.9300431e-01  -1.6993300e-01   2.1282183e-01   8.2207286e-02   7.0959441e-02   2.7174000e-01   2.4905053e-02   2.6811483e-01   1.2856935e-01   1.0603772e-01   4.4067372e-01   1.0655335e-01   9.0015564e-02  -1.7073467e-03   1.1798059e-01   7.9185615e-02   1.1413110e-01   1.4097747e-01   1.6889386e-01  -3.6440133e-01   1.2056476e-01   6.5938107e-02   6.4669462e-01   1.6708981e-02   1.1920688e-02   2.8249198e-02  -6.3380352e-02   1.6956985e-02   2.9531342e-01   3.9741984e-01   3.2015309e-01  -4.4325177e-02   4.3363503e-01   1.3641517e-01  -1.3844173e-01   1.6326891e-01  -3.8120692e-01  -8.3217958e-02   1.2644565e-01   5.9346623e-01   1.9424090e-01   9.8668048e-02   1.4438939e-01  -3.1439843e-01  -2.9597275e-02  -1.5345527e-02   3.0935834e-02   1.0409072e-01   6.5006595e-02   1.3094932e-01   4.4523912e-02   1.1652028e-01   3.4546851e-01   3.3726244e-01   1.6608589e-01  -2.3958261e-02   1.2558906e-01   1.6556787e-01  -5.6651141e-02   1.2548787e-01   3.2808147e-01   3.1132812e-01   8.8913951e-02   4.9575711e-02  -1.3764460e-01  -1.1024548e-01   1.5573609e-01  -1.0572048e-01   1.1865682e-01   1.2503858e-01   8.8265339e-02   6.7795481e-02   3.2726227e-01   7.4908272e-02   1.3868972e-04   1.8032901e-02   3.8014544e-01   2.9740820e-01  -1.3926132e-01   2.2652350e-01  -6.3020476e-02   4.5266429e-02  -2.3615726e-01  -7.7648746e-02
  -3.6659388e-01  -3.5778110e-01   0.0000000e+00   1.2056561e-01  -1.0135562e-01   2.3433131e-01   4.7364067e-01   2.2322269e-01  -1.6942083e-03   2.5093256e-01   2.9165706e-01   5.0544339e-02   1.2699169e-01   3.2922220e-03   6.6826033e-02   8.1175408e-02   5.9091071e-01   9.5482656e-02  -8.2886883e-02   2.9289732e-01   4.1405579e-01   1.6227978e-01   3.7511560e-01  -3.7175740e-01  -1.0424488e-01  -7.7953900e-02   3.7438419e-01   1.3152216e-01  -2.0219521e-01   1.3816096e-01   7.0448491e-02   1.1597689e-01  -7.5159367e-02   2.5303209e-01   7.8464430e-02   2.1261434e-01   1.1228557e-01  -3.7627629e-01   6.0089459e-03   4.2835003e-01   3.3412365e-01  -8.7648153e-03  -3.7046626e-02   2.9962849e-02  -2.8073457e-02  -1.2512349e-02  -3.3324635e-02   1.6110859e-01   1.3568251e-01  -5.6926346e-03   2.9387738e-01   2.4435361e-02  -1.5389466e-01  -1.5180671e-01  -1.4828304e-01   2.3303430e-02  -2.1146064e-03   1.3258567e-01   3.2366076e-01   1.0287583e-01  -8.8766123e-03   9.8142629e-02   7.6283698e-02   1.1143926e-03  -3.4759086e-01   4.3231453e-01   3.8648515e-01  -1.2481464e-01   1.7340121e-01   4.6391150e-02  -3.7011429e-02   2.1803021e-01   9.6537047e-03  -4.4979971e-01  -1.6306673e-01   1.2221602e-01  -1.1524014e-01   1.3548327e-01  -1.9422212e-01  -1.2380180e-01   3.5211834e-01  -1.0582664e-01   2.1650123e-01   2.5704233e-01  -5.6808760e-02   9.5861148e-02  -1.8732945e-01  -1.9587448e-01   1.0353867e-01  -4.0530308e-01   9.0778952e-03   8.4703496e-02   1.0498032e-01   6.0765296e-02  -2.2981199e-01  -1.1616615e-01  -4.3769971e-02   1.3885096e-01  -4.3232692e-02   4.3860084e-01  -6.3413065e-02  -1.4099061e-02   2.1536016e-02  -1.0771311e-01   2.0506377e-01   9.0303354e-02  -2.4211020e-01   1.4670608e-01  -3.8447713e-03   2.9211017e-01   2.7700019e-01   1.1370496e-01   3.8841257e-02  -2.8147113e-01   8.4837508e-02  -4.4647270e-01  -5.2414152e-02   8.5373376e-02  -8.3459157e-02   5.6407317e-02  -2.8118187e-01  -2.5238234e-01  -2.6774312e-03  -1.3575577e-01  -2.8747268e-01  -4.0961463e-01   1.9700743e-01  -2.0852788e-01   1.8027231e-01   8.1600856e-01   1.7287045e-01   9.7627291e-02  -3.5241519e-01   1.5090467e-01   8.6978540e-02  -9.1715596e-02  -1.7785589e-01   1.9759895e-01   1.7384177e-02  -1.9759444e-01  -1.6427710e-01   1.1852097e-02  -4.6555091e-02   5.4269015e-02   4.1844839e-02  -1.5754299e-01   3.2568701e-01   2.1771885e-01   4.3852365e-01   2.7111390e-02  -2.5789900e-01   1.6621949e-01  -1.7722628e-01  -2.6796151e-01   3.3208291e-01  -3.0275791e-01  -1.2887741e-01   2.8360352e-01   2.7728633e-02   1.2509204e-01  -1.3003336e-01   1.1718148e-01   2.4525392e-01   1.4492159e-01   1.1872619e-01   1.1658708e-01   4.7864056e-02  -8.2343223e-02  -1.9377392e-01  -3.7048633e-02  -1.3701649e-01  -2.9389830e-01  -7.6641572e-02   7.3422134e-02   3.4944973e-04  -1.3088522e-01   1.3284005e-01
  -6.0088418e-02  -7.6884272e-02   1.2056561e-01   0.0000000e+00   2.6137673e-01   2.3995130e-01   2.8577786e-01   1.6088223e-01   9.5645886e-02   1.7032115e-01   3.1191311e-01  -5.8859354e-02  -7.1252830e-02   2.4078065e-01   5.3690291e-01   4.8958273e-02   1.0197859e-01   4.8152922e-01  -1.1256179e-01   1.0123117e-01   3.9073820e-01   4.0598758e-01   4.4031123e-01  -3.4872735e-01  -2.9820926e-01   1.9398937e-01   5.2626768e-02   1.2114128e-01   6.0570946e-02   3.8912162e-01   4.0252682e-01   4.2390186e-01  -1.4671427e-01   4.0071769e-01   7.5328617e-02   3.1626212e-01   2.4649279e-01  -1.8454060e-01   5.0202762e-02   4.1467787e-02   1.8916786e-01  -3.2308710e-01   1.4486944e-01   2.1636458e-01   3.9531489e-01  -5.1478019e-02   2.4422561e-01   4.0148141e-01   1.4413173e-01  -5.1877884e-02   4.5280673e-01   1.5162432e-01   1.2675696e-01  -1.3055874e-02   2.1413109e-01   1.6821150e-01  -9.2407505e-02   3.6775625e-01   2.7057529e-01   1.6965686e-01  -3.1567784e-02   3.5556486e-01   1.4830314e-01   3.3802717e-01   2.7835575e-01   2.2451028e-01   3.7327853e-01   1.9574749e-01   5.1791576e-01  -6.9472706e-02  -3.5735924e-02   4.4630601e-01   2.7265857e-01  -1.1829183e-01   6.7304899e-02   1.0608056e-01  -3.2375781e-02   2.3066798e-01   2.9594373e-01  -3.6636457e-01   4.0270978e-01  -2.6031503e-02   2.3305092e-01   3.5409096e-01   1.9847594e-01   1.3175585e-01  -4.8363163e-02  -1.4827209e-01   1.2450774e-01  -1.8827955e-01  -6.0747513e-02  -1.0118072e-01  -1.2154351e-01   3.6671825e-01  -4.6304336e-02  -7.5384116e-02   3.8382977e-02   3.7440852e-02   4.3523855e-01   2.9680328e-01   1.4922973e-01   4.5049679e-01   1.6689565e-01   2.2541916e-01   3.9298894e-01   4.0639747e-01  -9.7800293e-02   3.4650153e-01   1.9904854e-01   2.6842281e-01   2.4343313e-01   4.7271670e-01   2.0307240e-01   1.0422070e-02   9.1663216e-02   3.2480775e-02   9.8016788e-02   2.6953364e-01   6.7041695e-02   3.5953795e-01  -2.7217903e-01   3.9349393e-02   9.3165286e-04   2.8926986e-01  -1.5350830e-01  -1.1412109e-01   5.0432578e-01  -6.7009497e-02   2.7273172e-01   3.4512831e-02   1.9619801e-01   4.3523415e-01  -1.3808088e-01   3.6105462e-01   3.1551523e-01   3.4055153e-02  -2.8883641e-01   3.1556193e-01  -3.2064234e-02  -1.4305423e-01  -2.3327273e-01  -3.1010510e-01   1.9423534e-01   2.7904296e-02   3.8243724e-01   4.3892032e-01  -2.6166296e-02   3.3643853e-02   2.9686198e-01   2.3740582e-01  -8.9518021e-02   4.3348969e-01  -4.2403664e-04   1.6370155e-01   1.3439257e-01  -3.8773869e-01  -1.6319117e-01   8.1345536e-02  -3.8009338e-02   5.4383903e-01  -1.6479750e-01   2.7372596e-01   1.1578794e-01   4.7325783e-01   4.1425641e-01   2.3429235e-01   2.7575981e-01  -1.5040625e-01  -1.0247689e-01   1.3383844e-01   8.7998450e-02  -2.8582444e-01   4.1089332e-01   9.2923865e-02   2.4137960e-01  -1.6429614e-01   3.8474666e-01
   1.8215994e-01   3.5000439e-01  -1.0135562e-01   2.6137673e-01   0.0000000e+00   1.2332131e-01   1.1346874e-01   2.6039440e-02   1.5858000e-01   1.6638119e-01   2.2823610e-01   3.0821875e-01   1.4348241e-01   5.1790838e-02   2.6265405e-01  -1.0823237e-01   1.9271278e-01   3.2876632e-01  -5.7343729e-02   7.0120946e-01   2.4952029e-01   9.0319630e-02   1.9304491e-01  -4.9746718e-02   5.7877266e-02   1.1733330e-01   2.2890886e-01  -2.9384714e-01   1.4640190e-01   2.0599216e-01   2.9314461e-01   2.9667434e-01  -3.9056811e-01   4.3827947e-01   3.0480143e-01   6.1737889e-01   3.7793951e-01  -1.8050330e-01  -5.5766298e-02   3.5729958e-01   4.5178997e-01  -3.5203269e-01   4.0736195e-01   1.6430265e-01   4.0779034e-01  -1.0555696e-01   1.4085868e-01   9.6448849e-02   4.1797326e-01   2.5509069e-01   4.3974610e-01   1.6527529e-01   5.4446700e-01   9.5586214e-02   2.8336783e-01   8.0455532e-02  -2.3405945e-01   1.7343642e-01   3.2194295e-01   3.1315645e-01  -3.1521524e-02   4.5956087e-01   5.2843618e-02   2.0266739e-01   4.8114705e-01   3.7641461e-01   5.2223369e-02   3.0582637e-01   6.2556421e-02  -2.1756294e-01  -2.7308832e-03   1.4560421e-01   4.1298955e-01   2.4438443e-02   9.0550183e-02  -6.0923552e-02  -1.5040238e-01   1.4497900e-01   7.5383838e-01  -1.1394590e-01  -3.5038774e-03   1.3315162e-01   1.9611175e-01  -8.9948012e-02   2.2376460e-01   1.3748802e-01   1.6459128e-01  -3.7128418e-03   1.6299679e-01   1.2991804e-02   3.4311218e-01  -9.1098242e-02   4.3562448e-01   3.0843282e-01  -1.4229638e-01   6.0897200e-02   3.0188045e-01   2.6619608e-02   5.6638890e-01   3.6663609e-01  -9.5934677e-02   3.5912625e-01   2.1236226e-02   2.7256027e-01   3.1875561e-01   1.8231290e-01   3.0425329e-02   1.2322236e-01   3.3305241e-01   4.9954693e-01   2.5782004e-01   3.8586430e-01   1.7164581e-01   1.7044777e-01  -2.9267472e-01   5.7865116e-01   6.2978970e-02   4.6537632e-01  -2.9352351e-03   2.3233542e-01  -1.8069252e-01   6.1796917e-01   1.3008485e-01   3.2530723e-01  -1.2074471e-01   2.2033303e-01   2.7586611e-01  -3.3986353e-02   1.3303541e-01  -2.1124749e-01   1.5206677e-01   4.6159664e-01   2.8019673e-01   6.0415631e-02   5.5040739e-02   5.5741654e-02  -1.7127736e-01  -1.9196470e-01   1.8546307e-02   7.6472221e-02   3.5118453e-02   9.2080349e-03   2.8209502e-01  -1.2926788e-01   2.2961063e-01   2.9858712e-01  -6.1076264e-02   4.7744239e-01   3.0383794e-01   8.2878077e-02  -4.4453452e-02  -6.9954783e-03   1.8201428e-02   2.1808381e-01   3.1658601e-01  -1.7873957e-01  -8.2152590e-02   1.8925487e-01   7.2055438e-02   2.3316126e-01   2.2787925e-01   2.7069997e-01   3.5470340e-01   2.4629904e-01   2.0757615e-01   4.4235381e-01   2.6021453e-01  -1.7651292e-01   9.9909853e-02   4.2815870e-01   5.5993664e-01  -3.4795213e-01   3.8078658e-01  -3.6860548e-02  -7.8739757e-02  -3.8883756e-01   7.8810959e-02
   2.6972902e-01   6.8639885e-02   2.3433131e-01   2.3995130e-01   1.2332131e-01   0.0000000e+00   3.1248275e-01   6.7305235e-01   5.8506849e-01   2.5233365e-01   2.2930330e-01   2.1787218e-01  -2.5306119e-01  -7.6555005e-02   3.9806029e-01  -4.9950197e-01   1.8731211e-01   1.3426894e-01   3.0900397e-01   2.2416111e-01   4.9841745e-01   4.4206464e-01   5.8203106e-01  -1.6753839e-01  -1.8782865e-01   7.3805901e-01   1.7126620e-01   4.0266333e-01  -2.0636462e-01   1.5338297e-01   4.3769095e-01   5.4653433e-01  -4.6914884e-01   5.9785210e-01   3.6051644e-01   8.4457804e-02   2.7986936e-01   1.6107953e-01  -5.3299678e-01   4.0752481e-01   1.1124997e-01  -3.7002686e-01   5.9714492e-01   3.3549765e-01   3.6729214e-01   5.0418382e-01  -1.6621646e-01   1.5656316e-01  -1.5144222e-01   8.1276521e-02   4.0328480e-01   7.8129445e-01   2.1711814e-01  -6.7326281e-02   4.2971508e-02   4.3198514e-01   5.8770786e-01   4.0949380e-01   1.1492446e-01   4.2677150e-01   6.0352022e-01   4.1158937e-01   2.1929193e-01   3.0791407e-01   2.0791291e-01   5.5665474e-01   8.7185026e-01   1.4865102e-02   2.3984321e-01   5.7090035e-01   2.8216331e-02   1.9219714e-01   1.1112335e-01   2.0486518e-01   1.6387646e-01   2.2104584e-01   4.8253615e-01   3.6326069e-01   9.1681372e-02  -6.4334632e-01   3.1624933e-01  -2.6318143e-01   3.8620298e-01   5.6957493e-01   4.5983786e-01   2.0959894e-01  -8.3567362e-02   6.6729190e-03   2.3221079e-01   1.3427486e-01  -6.6810735e-02   5.5337322e-01   3.4209895e-01   5.6176063e-01   2.4222984e-01  -3.6459639e-01   2.4089256e-01   8.4389185e-01   2.6672816e-01   5.4856813e-01   2.0095494e-01   3.0643025e-01   3.7980919e-01   1.8820599e-01   3.5801932e-01   3.2908527e-01  -4.0612354e-01   8.5184349e-01   9.3764208e-02   3.3547022e-01   4.6753471e-01   3.2229211e-01   1.2287025e-01   2.5681508e-01   3.9220272e-01   9.6163653e-02   3.9262975e-01   3.4231077e-01   5.2097291e-01   1.2104433e-01   1.3670423e-01   1.7370792e-02   2.2632814e-01   3.7904137e-01   3.0894850e-01   2.1514345e-01   2.8032437e-01  -2.9477548e-01   3.2918252e-01   3.9614897e-01  -1.9828982e-01   2.8627323e-01   3.5869322e-01   5.2208292e-01   5.9540772e-01   4.6166631e-01  -6.3420712e-01   3.0502811e-01   2.3978578e-01   9.3076577e-02  -1.6718045e-01  -4.2063403e-01   2.3489083e-01   4.8298144e-01   2.9423900e-01   3.6128836e-01   1.3081047e-01   3.5567904e-01   4.6770918e-01   3.6521335e-01   4.2316045e-01   3.2638989e-01   2.8202139e-01   7.7194954e-02   4.8617327e-01  -5.6837008e-02   2.4343390e-01   7.0013652e-02   4.8224793e-01   3.5195370e-01  -3.2446893e-01   3.5891179e-01   2.3216999e-01   1.4738738e-01   5.4669980e-01   2.5491327e-01   1.6534360e-01   4.5344649e-01  -1.8933042e-01   2.7736715e-01   3.6438963e-01  -6.3985729e-02   2.4969966e-01   7.4842151e-01   5.5944239e-03  -5.0984843e-01   5.8462421e-02
  -3.4481098e-01   2.0356549e-01   4.7364067e-01   2.8577786e-01   1.1346874e-01   3.1248275e-01   0.0000000e+00   2.6230742e-01   2.3705450e-02   5.4427975e-01   4.6886710e-01   4.0274543e-01  -1.5386247e-02   1.7438671e-01   4.5997968e-01   1.1472257e-01   1.3680048e-01   2.3699338e-01  -3.9664555e-01   2.8663650e-01   4.7629013e-01   3.3813603e-01   7.5090721e-01  -4.3740727e-01  -1.6730335e-01   4.7615068e-02   4.3690195e-01   4.4368523e-01  -1.2725173e-01   3.7110790e-01   3.0410331e-01   4.2257847e-01  -4.9231524e-01   6.8545788e-01   4.2307300e-01   2.4009444e-01   2.1758029e-01  -5.5036544e-01   1.5272104e-02   3.9304287e-01   1.3973263e-01  -4.6976929e-01   1.7811391e-01   1.5245086e-01   3.0914722e-01  -3.3180817e-01  -3.1803831e-02   6.6670422e-01   1.0510307e-01  -1.3064603e-01   4.9842668e-01   1.4584842e-01   3.4679256e-01  -3.3840496e-01  -4.6713700e-02   2.8001693e-01  -2.2632285e-01   3.5149895e-01   3.6574704e-01   2.8017750e-01  -3.3039881e-01   3.1055263e-01   8.0081201e-02   3.6288497e-01  -4.3472485e-02   7.3722801e-01   3.1586304e-01  -5.2647892e-02   2.8684681e-01  -2.6859552e-01   4.9595022e-01   2.1628476e-01   1.4283371e-01  -2.4568473e-01  -1.6473352e-01   2.1724142e-01  -3.8611809e-01   1.7388958e-01   2.2242245e-01  -3.5790862e-01   7.8512286e-01  -5.3418274e-02   3.6677762e-01   2.8967996e-01  -3.2134314e-02   3.8661667e-01   1.1435306e-01  -1.6558017e-01   1.2633381e-01  -4.5360937e-01   4.8214795e-02  -3.4394736e-01   1.8845230e-01   1.8935685e-01  -4.8059623e-01  -5.9853186e-02   3.8481106e-02   4.6489912e-02   2.1180438e-01   6.0817058e-01   1.1530803e-01   4.0964250e-01   3.3616228e-01   8.7636257e-02   5.5125296e-01   2.8126671e-01  -4.2307942e-01   3.0145247e-01   2.5227586e-01   5.2831646e-01   5.4085002e-01   4.3010204e-01  -1.9506737e-02  -3.1749579e-01   3.3402355e-01  -1.6434130e-01   6.0498821e-02   2.2113969e-01  -1.3798659e-01   3.3671061e-01  -5.7755889e-01  -1.2652688e-01   4.6077790e-02   2.7277795e-01  -5.6625035e-01  -8.0790186e-02   5.9522091e-01  -4.8152266e-01   3.4735049e-01   3.0439574e-01   1.6246503e-01   3.8689777e-01  -1.1801384e-02   4.8745442e-01   1.3194215e-01   1.0213761e-01  -4.6482220e-01   4.0970010e-01   1.2770750e-01  -4.1775632e-01  -3.7116089e-01  -2.1236331e-01   2.4069434e-01   1.3923733e-01   5.1391675e-01   2.0698838e-01   7.8573141e-01   2.3979779e-01   7.1428813e-01   3.9979200e-01  -2.2583595e-01   4.5820093e-01  -3.5347190e-01  -8.2505549e-02   4.2859876e-01  -5.7625198e-01  -4.6084074e-01   2.4202845e-01  -3.2171727e-01   6.0993085e-01  -2.5716521e-01   4.0120368e-01   2.9103127e-01   4.1113537e-01   3.6193482e-01   6.5467993e-01   3.5303885e-01  -1.6319427e-01  -2.6339044e-01   3.1421806e-01   4.1380529e-02  -6.6387725e-01   3.4083572e-01  -3.7851589e-02  -2.0820171e-02  -4.9257078e-01   2.5980703e-01
   1.6073510e-01   1.4014557e-02   2.2322269e-01   1.6088223e-01   2.6039440e-02   6.7305235e-01   2.6230742e-01   0.0000000e+00   5.5729256e-01   3.7765394e-02   3.6290563e-01   1.5143722e-01  -1.9381906e-01   1.0769507e-01   4.9029195e-01  -4.9670722e-01   1.0501389e-01   2.3428370e-01   2.3102611e-01   1.8455891e-02   4.7298637e-01   6.3161489e-01   4.5756442e-01  -1.3894447e-01  -2.1155407e-01   6.7393884e-01   5.6714030e-03   4.0823204e-01  -1.1865415e-01   2.4882336e-01   5.4063684e-01   6.1449675e-01  -4.2965438e-01   4.4804745e-01   3.6121893e-01  -6.4962706e-02   3.5155553e-01   9.6680196e-02  -4.7830914e-01   1.3343694e-01   8.3045229e-02  -3.3224703e-01   5.0801843e-01   4.4894834e-01   3.3380009e-01   3.8782551e-01  -8.6129251e-02   1.9902861e-01   1.1210748e-02  -2.4599985e-02   3.9798588e-01   7.8442549e-01   1.3899396e-01  -1.1814787e-01   1.4080340e-01   3.7787909e-01   4.5505491e-01   5.3954373e-01   1.8613406e-01   3.5447217e-01   5.0872961e-01   2.4149792e-01   1.7283487e-01   3.7881927e-01   2.5287556e-01   3.9853765e-01   5.8160947e-01  -1.0227144e-01   2.0284453e-01   3.7003000e-01  -7.0529741e-02   1.9154400e-01   6.0116193e-02   7.1556557e-02   1.8230239e-01   4.4140411e-01   4.3004163e-01   3.8654030e-01   1.0711972e-01  -4.1573696e-01   3.2776661e-01  -2.1233593e-01   1.2233696e-01   6.6525924e-01   2.6777450e-01   3.5099661e-01  -7.3515810e-03  -1.7588949e-02   8.8937077e-02   6.9031666e-02  -6.6678651e-02   3.3053935e-01   8.8621322e-02   4.3350755e-01   1.9903049e-01  -3.7938371e-01   1.4890373e-01   6.9136324e-01   1.7333758e-01   3.6848088e-01   1.3652201e-01   3.1144266e-01   5.7425477e-01   1.7956589e-01   4.7770235e-01   4.3485245e-01  -3.3479282e-01   7.4325901e-01   7.3994152e-02   2.4553244e-01   3.1467886e-01   4.4681429e-01  -6.8409151e-03   1.4464154e-01   2.5777066e-01  -6.4627082e-03   3.8850233e-01   2.2135024e-01   3.8601961e-01   4.7774624e-03   1.2882574e-01  -2.4635976e-02   1.9277419e-01   3.4307146e-01   1.6390918e-01   1.5510148e-01   2.8519658e-01  -4.1441114e-01   4.3970254e-01   1.9696251e-01  -1.0984446e-01   1.6094890e-01   2.9707257e-01   4.4087195e-01   4.2405838e-01   6.7688969e-01  -4.3145868e-01   3.7564684e-01   4.3452424e-01  -5.2727681e-02  -1.2958471e-01  -3.1592349e-01   2.9129167e-01   2.3462476e-01   3.4896658e-01   4.1876821e-01   8.7366406e-03   4.0817556e-02   4.0771795e-01   3.3185598e-01   3.3576449e-01   5.2206503e-01   1.5447917e-01  -1.2425074e-02   3.0606326e-01  -2.5331680e-02   2.5033573e-01   1.1040230e-01   2.5170126e-01   4.2121565e-01  -2.8264468e-01   4.7335815e-01   4.1755601e-02   2.5150173e-01   5.7387366e-01   1.2856141e-01   8.5249924e-02   4.7452846e-01  -1.1722931e-01   8.4302158e-02   3.2675943e-01  -1.2712260e-01   2.6782302e-01   4.6014585e-01   1.2143972e-01  -5.2487019e-01   1.8693380e-01
   2.1087582e-01   2.3468013e-01  -1.6942083e-03   9.5645886e-02   1.5858000e-01   5.8506849e-01   2.3705450e-02   5.5729256e-01   0.0000000e+00  -8.3993320e-02   2.4124286e-01   2.9915848e-01  -6.7886501e-02   4.2374770e-02   4.1639314e-01  -5.5707069e-01   1.2687498e-01   2.6393246e-01   1.6342504e-01   1.0293889e-01   3.2420065e-01   5.3677536e-01   3.7779489e-01  -1.8795890e-02  -1.4343119e-01   5.8843180e-01   6.6025440e-02   3.3720332e-01   1.2043384e-02   1.3926491e-01   5.3228108e-01   4.4882914e-01  -2.8623552e-01   3.1825206e-01   4.7670448e-01  -2.1185799e-02   2.7286938e-01   1.9374786e-01  -5.3499606e-01   2.3348294e-01   1.8567376e-01  -1.9656217e-01   7.6155608e-01   4.1933930e-01   6.1504756e-01   4.5868785e-01  -5.8186708e-02   3.5898151e-02   9.3199192e-02   2.2390522e-01   3.6648955e-01   5.8424980e-01   7.5617953e-02   3.2750888e-02   1.7678710e-01   3.2322363e-01   3.6006783e-01   4.3950886e-01  -2.6990954e-02   6.3087171e-01   5.5950052e-01   5.1925852e-01   3.6585518e-01   2.6028098e-01   4.2413460e-01   2.5856880e-01   4.2151635e-01  -1.5556181e-02   8.7691930e-02   4.2660609e-01  -1.7507661e-02   6.0168002e-02   7.5838766e-02   2.3253840e-01   2.9726674e-01   5.4028577e-02   5.0891411e-01   1.8676703e-01   2.5835897e-01  -3.7930380e-01   1.4905657e-01  -2.2660533e-01   6.4279933e-03   4.2888709e-01   3.5624290e-01   4.5922897e-03   2.6520182e-01   1.3324881e-01   1.3607727e-01   2.5743544e-01   1.1729442e-01   4.3130246e-01   1.6707903e-01   7.0820622e-01   2.5609984e-01  -3.1343340e-01   3.9514892e-01   5.6680695e-01   4.0350493e-01   3.9129371e-01   3.4403608e-01   2.6437541e-01   2.9707530e-01   4.9800203e-01   3.3252987e-01   3.2126652e-01  -2.4243569e-01   6.3451794e-01   1.7474453e-01   6.7263170e-02   1.6698515e-01   3.2586322e-01   5.5629737e-02   3.1494189e-01   3.6453805e-01   3.4059853e-01   3.9891514e-01   3.5625800e-01   5.3837744e-01   8.1443302e-02   2.8826961e-01   1.3896631e-01   3.4262873e-01   4.8118021e-01   3.7209159e-01   1.6585769e-01   3.2689516e-01  -1.5904044e-01   5.0155243e-01   4.1225579e-02  -2.2266956e-01   2.1491661e-01   4.7347176e-01   3.2668266e-01   5.7516856e-01   4.8441577e-01  -3.4995063e-01   3.0153193e-01   9.7457874e-02   1.3598299e-01   6.3073850e-02  -2.1638354e-01   2.2584866e-01   1.6116403e-01   3.7083763e-01   4.4799660e-01  -1.0007497e-01   3.4048752e-02   9.8389334e-02   2.0065918e-01   4.6325564e-01   3.5819560e-01   3.5732640e-01   1.9261353e-01   1.9827053e-01   9.9107833e-02   3.8011857e-01  -2.9289010e-02   3.9619095e-01   2.2338825e-01  -2.0838011e-01   3.1663694e-01  -4.7037989e-02   1.2687162e-01   4.7026879e-01   1.4853548e-01   9.9093395e-02   5.8132917e-01  -4.9173720e-02   5.9089256e-02   4.5854596e-01  -1.7141170e-02   4.1318461e-01   3.9157420e-01   2.0707331e-02  -4.8163551e-01   1.3034891e-01
  -2.2942115e-01   2.6715374e-01   2.5093256e-01   1.7032115e-01   1.6638119e-01   2.5233365e-01   5.4427975e-01   3.7765394e-02  -8.3993320e-02   0.0000000e+00   2.1531835e-01   3.3650140e-01   2.4325098e-01  -2.7940486e-02   1.1521393e-01   1.5167032e-01   2.7935251e-01  -1.1202394e-02  -3.6018215e-01   4.2647172e-01   3.7865334e-02   9.0022621e-02   2.9315557e-01  -3.9294856e-01  -7.2360243e-02  -3.9706563e-02   3.2486421e-01   1.5419760e-01   1.1173679e-01   8.3494843e-02  -1.3813498e-01   1.5517049e-01  -1.8883864e-01   3.6422111e-01   1.0671599e-01   1.5035897e-01  -1.1360399e-01  -1.9472989e-01   1.1042982e-01   5.3794734e-01   4.1100403e-02  -3.8030595e-01   1.1514088e-01  -6.8015704e-02  -1.5493750e-02  -2.1884515e-01  -1.3140198e-01   1.6911289e-01   7.2091702e-02   2.6623647e-01   1.1953037e-01   1.0258002e-01   1.8964029e-01  -2.1251890e-01  -1.9204887e-01   5.8430437e-02  -7.6826309e-02   2.1371699e-01   3.1017476e-01   4.5067356e-02  -1.6992037e-01  -1.8823346e-02   5.1669359e-02  -6.2492146e-02  -2.7389051e-01   4.5293450e-01   1.9954280e-01  -5.4680071e-02   2.9197240e-02  -2.1650750e-01   3.5727339e-01  -1.6648792e-01   7.2474993e-02  -1.1926775e-01  -3.7144472e-01   2.6448761e-01  -1.8069085e-01  -3.1692858e-02   1.1258088e-01  -2.0210882e-01   3.8352431e-01   1.4196049e-01   2.0975128e-01  -1.2351378e-02   1.6744518e-01   3.9368493e-01  -1.3098612e-01  -3.5966153e-01  -2.8153345e-03  -3.8151248e-01   1.7500102e-01  -1.4749300e-01   4.1981765e-01  -7.0593375e-02  -2.1410840e-01   3.9582804e-01  -1.1712442e-01  -2.1019189e-03   2.0021834e-01   1.9039410e-01   1.5594693e-02   1.3611031e-01   1.9748005e-01  -4.3209385e-02   7.7018413e-02   2.7812739e-01  -1.3530617e-01   1.7358430e-01   1.0950671e-01   2.5852664e-01   3.5342535e-01   9.6259555e-02  -9.9301274e-02  -2.5898913e-01   9.0658119e-02  -4.0426663e-03  -6.5050624e-02   1.7664640e-01  -9.3459068e-02   1.2914560e-01  -4.0754918e-01   1.2524851e-01   6.6608357e-03  -7.4521365e-03  -2.8423624e-01  -1.0041187e-01   1.4432776e-01  -3.3978565e-01   1.4067754e-01   1.2505756e-01   1.0736638e-01   1.8593503e-01   5.7335571e-02   6.1289372e-02  -9.8117217e-02   9.9043502e-02  -4.2383294e-01   3.5737639e-02   3.1409045e-01  -2.7263552e-01  -2.7686703e-01  -1.1409789e-01   2.0076012e-01   1.5389607e-01   1.2935973e-01  -1.1077330e-01   6.1573336e-01   4.0543561e-01   3.7959371e-01  -6.1679508e-02  -1.6477758e-01  -1.8425761e-02  -3.5417454e-01  -1.3029776e-01   3.6138632e-01  -4.4868638e-01  -2.6132006e-01   2.4136245e-01  -1.3496251e-01   2.7966993e-01  -3.2618784e-01   1.2292688e-01   5.0266431e-01   1.4435577e-01   2.0326097e-01   4.2182209e-01   1.5966330e-01  -1.9458738e-01  -9.5480083e-02   1.4432861e-01   6.1335773e-03  -2.9904546e-01   1.5556526e-01   1.1237571e-01  -1.1952343e-01  -2.7471063e-01   1.0477216e-01
  -2.3640035e-01  -1.4279213e-02   2.9165706e-01   3.1191311e-01   2.2823610e-01   2.2930330e-01   4.6886710e-01   3.6290563e-01   2.4124286e-01   2.1531835e-01   0.0000000e+00   2.8503324e-03   1.0383191e-01   3.4808476e-01   5.6263424e-01   1.6164319e-01   1.8308419e-01   5.9703577e-01  -2.2023422e-01   2.2105414e-01   5.8819688e-01   5.4597371e-01   5.2883995e-01  -4.7959344e-01  -2.7006102e-02   1.6940667e-01   2.3324569e-01   2.8504560e-01  -1.4837991e-01   4.8470124e-01   4.2748112e-01   4.8837593e-01  -3.2275406e-01   4.7373249e-01   1.5825531e-01   3.8319211e-01   3.9821261e-01  -3.1606765e-01   9.5604819e-02   9.8506267e-02   3.6108484e-01  -3.2083877e-01   2.5004533e-01   4.9023546e-01   4.6196465e-01  -1.3324624e-01   2.5372758e-01   4.2631120e-01   2.7813278e-01  -8.4733257e-02   6.1864988e-01   2.9128206e-01   1.7346592e-01  -2.8571446e-01   2.7496085e-01   4.0735893e-01  -2.3155741e-01   5.6867724e-01   4.8327639e-01   1.8135152e-01  -1.4914532e-01   3.5658984e-01   1.1746831e-01   4.4548129e-01   1.8313786e-01   5.5102524e-01   2.4521853e-01  -1.4439790e-01   3.4305071e-01  -2.3688926e-01   9.3964126e-02   1.0451863e-01   4.6134717e-01  -2.6941257e-01  -2.1236841e-01   3.5308913e-01  -1.9401010e-01   3.2272005e-01   4.1580474e-01  -2.6700841e-01   5.5872956e-01   2.4440861e-01   3.2662564e-01   3.0488964e-01   1.0619339e-01   4.4451652e-01  -8.1574079e-02  -3.1338925e-01   2.3155135e-01  -3.0592602e-01   8.3676392e-02  -2.7921441e-01   7.8058048e-02   3.3379034e-01  -2.3472093e-01  -1.8674380e-01   1.3086582e-01   1.0094178e-01   4.6979620e-01   4.2524329e-01   2.1467833e-01   5.7686885e-01   4.0967037e-01   1.5593966e-01   6.8877457e-01   3.5843553e-01  -3.0765005e-01   3.1185278e-01   3.6529039e-01   4.5285037e-01   4.0270798e-01   6.3554082e-01  -3.1319386e-03  -2.0579350e-01   4.6961009e-02   3.0032576e-03   3.3492456e-01   4.8836489e-01   7.7566524e-02   2.3944820e-01  -4.0440941e-01  -8.3899565e-03  -2.0984222e-01   2.3757830e-01  -3.6699212e-01  -1.6855511e-01   5.3608079e-01  -4.3954742e-01   5.2690439e-01   1.3242991e-01   3.3513068e-01   6.4562787e-01  -4.5998576e-02   3.6860055e-01   4.1516716e-02   2.5222846e-01  -4.2200235e-01   4.6322708e-01   2.4287449e-01  -3.1803364e-01  -2.4353570e-01  -1.4968412e-01   4.8920743e-01  -2.3938474e-02   4.5954901e-01   3.3024772e-01   1.9051814e-01   1.7466203e-01   5.7822567e-01   4.5653746e-01  -1.4835673e-01   5.0926184e-01  -3.1122204e-01   2.0363977e-01   1.5725513e-01  -4.6031497e-01  -3.0554766e-01   4.1932372e-01  -2.5195331e-01   5.6400053e-01  -3.2325236e-01   6.8816466e-01   2.6338727e-01   6.1240935e-01   4.7543825e-01   3.3243057e-01   3.5171409e-01   8.2254074e-02  -1.8370464e-01   2.4359316e-01   2.8088383e-01  -5.3057708e-01   5.5604866e-01  -3.1847114e-02  -2.8765169e-01  -5.3374364e-01   3.3966010e-01
   2.6359782e-05   6.8671317e-01   5.0544339e-02  -5.8859354e-02   3.0821875e-01   2.1787218e-01   4.0274543e-01   1.5143722e-01   2.9915848e-01   3.3650140e-01   2.8503324e-03   0.0000000e+00  -8.9997501e-02  -9.7395510e-02   2.2545388e-01  -4.4902117e-01   2.9650929e-01  -1.2432775e-01  -1.4034583e-01   3.7843005e-01   1.7504863e-02   4.5454472e-02   2.0182354e-01   1.9696182e-01  -2.1225285e-01   7.3019798e-02   2.0157139e-01   1.5854742e-01   2.6263730e-02  -4.1344012e-02   2.7666806e-01   3.0806057e-01  -4.0382495e-01   3.4449520e-01   6.5076793e-01  -1.7984413e-03  -1.0765626e-01  -2.3378934e-01  -5.2490886e-01   4.6108425e-01  -9.8163616e-02  -3.4049497e-01   4.9869485e-01   3.7067582e-02   3.6131423e-01  -1.7238898e-01  -2.7162566e-01   1.2932766e-01   1.9012541e-01   5.4633156e-01   2.3829198e-01   1.5278257e-01   4.2869478e-01  -7.7001860e-03  -7.4356980e-02  -1.6244464e-01  -1.1873839e-01   1.4888449e-01  -8.4280159e-02   6.8345978e-01  -1.8510837e-02   3.4367467e-01   1.6818991e-01   7.3987653e-02   5.8870887e-02   3.4960213e-01   2.1255609e-02   7.3826670e-03  -1.3682048e-01  -1.1595247e-01   4.1914060e-01   1.6224013e-01  -2.6685888e-01   1.7540842e-01   1.9046195e-01  -8.2325553e-02  -9.5272578e-02   1.3232910e-02   2.1238767e-01  -2.8288614e-01   1.4485728e-01  -3.7297367e-01  -8.7551986e-02  -7.4614082e-02   1.0524492e-01   2.9280903e-02   3.6639333e-01   2.9473175e-01  -6.6045871e-02   1.3190077e-01   2.7952009e-01  -2.7634313e-02   5.7963373e-01   3.4890955e-01  -2.6941532e-01   1.1196030e-01   2.7282094e-01   2.2979094e-01   3.3853486e-02   3.6416817e-01   1.2060833e-01   2.0495815e-02   9.6628595e-02   3.8770094e-01   2.0880473e-01   9.3268686e-02  -1.8100224e-01   2.1270359e-01   1.8900545e-01   1.5594518e-01   2.6723931e-01   1.8537645e-01  -2.1085055e-01   8.0864564e-02   2.2536954e-01   4.6667932e-01  -1.7633590e-01  -1.4620954e-01   4.1825156e-02   1.5082988e-01  -8.6158399e-02   3.1168764e-01   6.5831976e-01   3.7709846e-01  -1.0215345e-01   3.9502056e-01   3.0142922e-01  -2.5567623e-01   8.4210227e-02  -6.1368926e-02  -2.4552652e-01  -5.3766805e-03   5.0959993e-01   2.0021783e-01   2.6122061e-01   2.0024327e-01  -3.9356721e-01  -7.3097898e-02   3.7332222e-02   3.9396904e-02   1.4354898e-01   2.4143922e-01   1.9079152e-02   8.3280196e-02   2.9070282e-01   1.1505317e-01   5.1500629e-01   2.4097787e-01   1.4173232e-01  -2.0016962e-02   1.5573261e-01  -3.2464334e-02   2.2774178e-02   1.2296161e-01   5.2408847e-01   3.8005640e-02  -6.5224314e-02  -1.3466610e-01   9.0324987e-03   1.6451836e-01   1.5070440e-02   1.1956894e-01   1.5427690e-01  -8.4650610e-02   1.1764286e-01   4.7281781e-01   9.7938498e-02   2.5886478e-02  -2.0026439e-01   3.0092790e-01   3.8123683e-01  -3.0113825e-01   1.2062397e-01   5.5793345e-02   1.6387166e-01  -3.6177954e-01  -9.6780581e-02
  -4.2193757e-01  -1.0283276e-01   1.2699169e-01  -7.1252830e-02   1.4348241e-01  -2.5306119e-01  -1.5386247e-02  -1.9381906e-01  -6.7886501e-02   2.4325098e-01   1.0383191e-01  -8.9997501e-02   0.0000000e+00  -2.1972250e-01  -3.4561693e-01   3.7528012e-01   4.7060903e-02  -7.7959820e-03  -1.8819833e-01   3.1962396e-01  -1.7284333e-01   8.0153944e-02  -1.6210629e-01  -3.4635248e-01   1.9998744e-01  -3.2450933e-01   3.9101146e-01  -2.0142474e-01   3.6348485e-01  -1.2857159e-01  -3.7872201e-01  -1.5241048e-02   2.0511309e-01  -1.5852826e-01  -2.8706366e-01   2.5630201e-01  -1.7220544e-01  -1.8351914e-01   5.1308510e-01   1.1355543e-01   4.9772310e-01   3.2292771e-01  -3.6262139e-02  -2.0197356e-01  -2.5355613e-01  -2.2486092e-01   3.5483777e-01  -2.0970920e-01   2.1012745e-01   1.3739500e-01  -4.1901356e-02  -1.6985609e-01  -1.8724879e-01  -8.5454843e-02  -2.4783337e-01  -2.9630468e-01   1.1346503e-02   1.3128800e-01   4.1911275e-01  -2.8292032e-01  -2.4102205e-01  -2.9841568e-01  -8.1059964e-02  -3.5356611e-01  -3.2680715e-01   8.9011070e-03  -3.0975996e-01  -1.1354387e-01  -4.4592561e-02  -3.3699955e-01  -1.5378518e-01  -2.0637339e-01   1.5337918e-01  -3.3422059e-01  -3.7608433e-01   1.2948895e-01  -2.2550304e-01  -3.0679734e-01   3.3211570e-02   4.4418090e-01   1.5946748e-02   5.7969403e-01  -2.8672511e-01  -1.6650218e-01  -3.0835606e-01   1.3782003e-01  -1.9035759e-01  -4.2290235e-01  -1.6046543e-01  -3.4521784e-01   1.2787832e-02  -2.5309843e-01  -6.8786122e-02  -2.2118401e-01  -2.1115758e-01   4.5097182e-01  -5.4787234e-02  -3.0507995e-01  -6.8915651e-02  -1.3348272e-01  -3.4374423e-01  -1.7014963e-01  -5.0943197e-02  -3.1047033e-01   2.5796609e-02   1.0424713e-02   1.2863488e-01  -1.7685721e-01   2.0704587e-01  -9.1011854e-02  -2.0323278e-01  -2.8071004e-02   4.4974206e-02  -3.5099866e-01  -4.1223880e-01  -7.5044887e-02  -4.3474128e-02   3.0106077e-01  -3.8823516e-01   1.4805416e-01  -2.8669480e-01   2.1227219e-01  -2.6493395e-01  -3.2649885e-01  -2.4913780e-01  -4.1286201e-01  -2.8882142e-01   1.0473038e-02   2.3387267e-02  -9.3113192e-02   3.6450305e-01  -1.7624918e-01  -3.2996208e-01  -3.9593378e-01  -3.2468659e-01  -8.5513564e-02   3.0545792e-01  -2.6458222e-01   1.1534532e-01  -2.9270741e-01  -1.7997585e-01   4.3886028e-01  -3.8546004e-02  -3.0095231e-01  -2.2934075e-01  -3.4835807e-01   7.9296551e-02   6.8549662e-02  -4.9544637e-03  -3.6792877e-01  -3.7516113e-01  -2.4227572e-01  -4.2276176e-01  -4.1271862e-01  -1.8779433e-01  -2.2449483e-01  -1.0520576e-01   4.9340278e-01  -1.4017453e-01  -5.7734464e-02   7.8502779e-02  -8.7838018e-02   1.2185385e-01   6.1922529e-02   4.7424131e-02  -6.2235704e-02  -4.3069453e-01  -2.0938972e-01   8.9423582e-02  -2.3718255e-01  -2.3598434e-01  -1.3222794e-01   4.3216057e-02  -2.1888625e-01  -7.2837785e-03   5.0181280e-02   1.1618054e-01
  -4.6556943e-02  -4.0300916e-03   3.2922220e-03   2.4078065e-01   5.1790838e-02  -7.6555005e-02   1.7438671e-01   1.0769507e-01   4.2374770e-02  -2.7940486e-02   3.4808476e-01  -9.7395510e-02  -2.1972250e-01   0.0000000e+00   3.9799134e-01   8.1187704e-02  -5.2336722e-02   3.8479319e-01  -2.2993612e-01  -2.2012390e-01   3.9735775e-01   2.4126022e-01   1.6667100e-01  -2.7364346e-01  -3.3151800e-02  -1.3035109e-01  -2.4770124e-01   3.3465846e-02   2.1613642e-02   5.9246646e-01   4.1790177e-01   1.6597946e-02  -2.0917230e-01   1.3248406e-01   3.1689104e-01  -9.9470678e-02   4.0192946e-01  -3.5806457e-01   4.2247110e-03  -1.5356803e-01   8.5841748e-02  -2.4797837e-01  -9.8701189e-02   4.7522977e-01   3.9034247e-01  -2.7784081e-01  -6.2357569e-02   5.2443507e-01   1.4857533e-01  -3.2439537e-01   3.1849850e-01  -1.5871484e-01   1.4490769e-01  -1.5263963e-01   5.0760961e-01   2.0860403e-01  -3.9242132e-01   1.1145617e-01   5.3195817e-02   2.5567980e-01  -2.8321099e-01   2.6727254e-01   1.1360851e-01   4.4598740e-01   2.9715755e-01   7.5577499e-02   1.0666669e-01   3.1353797e-02   1.0023386e-01  -3.0356449e-01   6.4270492e-02   5.5590373e-02   1.4647243e-01  -6.9237734e-02  -2.5409165e-02  -7.5216542e-03  -2.7765151e-01   2.7296362e-01   3.0517737e-01  -1.5972313e-01   2.2882178e-01  -1.3878143e-01   3.8568465e-01   2.6721880e-01   3.4123196e-01  -7.7613690e-02   3.5582275e-01  -3.3901155e-02   1.3762073e-01  -2.9526335e-01   1.1715301e-01  -3.0019053e-01  -9.2379421e-02   9.7001368e-02  -2.5322401e-01  -2.3163120e-01  -3.4114698e-02  -9.4265403e-02   2.9987671e-01   1.7981972e-01   3.3253677e-01   3.4321535e-01   1.6364230e-01   4.2406041e-01   3.4057411e-01   1.0312594e-01   2.4543035e-02   3.1031639e-02   1.5842802e-01   4.3635706e-01   1.0374667e-01   4.1313841e-01  -6.3531975e-02  -8.3557279e-02   3.1099166e-02  -6.7641372e-02  -1.3474596e-02   3.7912102e-02   5.5642043e-02  -8.8584429e-02  -3.1451843e-01  -2.0245942e-01  -1.4286240e-01   3.0463952e-01  -3.2129854e-01   1.3804082e-01   4.8823355e-01  -2.3291334e-01   2.8371971e-01  -9.1769952e-02   9.4475504e-02   3.9302775e-01   2.0809147e-01   2.9032010e-01  -6.4164458e-02  -8.1167944e-02  -2.1132714e-01   5.4496607e-01  -1.3059932e-01  -2.8383747e-01   2.9690964e-02  -1.5783435e-01   2.6496037e-01   9.7896302e-02   3.6302356e-01   3.9060756e-01  -6.3985449e-03  -5.4900395e-02   3.0810878e-01   3.1592780e-01  -2.1353551e-01   5.3365140e-01  -2.1649913e-01   2.0418804e-01   7.0098317e-02  -4.1831511e-01  -3.4830044e-01  -1.0426406e-01  -3.9010242e-01   3.3114993e-01  -5.7839059e-03   2.6352978e-01   3.1140677e-02   3.9162518e-01   1.5771367e-01   6.5184540e-02   2.1974823e-01   7.5931495e-03  -8.4698111e-02   2.3177691e-01   1.3118109e-01  -4.5572433e-01   3.4948214e-01  -1.3592427e-01  -1.3270212e-01  -1.9002873e-01   2.5170169e-01
