   0.0000000e+00  -1.9039703e-01  -5.6150326e-02   8.6722188e-02  -4.9464050e-02  -4.9340537e-01  -5.3105950e-01   1.4435888e-01   1.0201080e-02  -3.6100940e-01  -3.0045581e-01  -4.1684839e-01  -1.4926748e-01   1.3264705e-01  -2.8240904e-02  -4.0884893e-01  -1.2254678e-01  -2.6525110e-01  -9.6033945e-02  -2.3321573e-01  -3.6361459e-01  -5.4062167e-02  -4.1909163e-01   8.6590853e-01   3.2452834e-01  -2.7148511e-01  -2.4808043e-01   3.2747054e-01   6.3926385e-02  -1.7415355e-01  -3.0005661e-01   5.3467372e-02   5.7423594e-02  -4.5107973e-01  -2.7343865e-01  -3.4559409e-01  -4.2725525e-01   7.8958953e-01  -4.7584226e-01  -3.1182509e-01  -2.3016760e-01   1.1238269e-01  -1.8210489e-01   3.2520102e-02  -5.2053755e-03   8.7946720e-01  -2.7627841e-01  -3.3406912e-01  -2.4870238e-01  -1.4973185e-01  -1.3684777e-01   8.6845139e-02  -3.7119928e-01   3.7384845e-01   5.4067259e-01  -5.9174389e-02  -2.1189614e-01   8.7752361e-03  -2.0688101e-01  -3.0623906e-01   5.6295828e-01  -2.3737538e-01   7.7329386e-02  -2.9510848e-01  -4.7183249e-02  -6.4215525e-01  -2.9668655e-01   1.1650325e-01  -2.0082652e-01   3.2863019e-01  -3.6469220e-01   1.0195092e-01  -2.8152311e-01   6.0663954e-01   3.7529788e-01  -8.7880552e-02   7.2789682e-01   1.4803400e-01  -2.3489199e-01  -5.0938990e-03  -7.4304415e-02  -4.2995689e-01  -1.8846461e-01   2.0627154e-02   2.4954275e-01  -1.0462736e-02  -2.0104288e-01   7.2399941e-01  -7.0034064e-02   9.2607869e-01  -1.7821055e-01   6.1826668e-01  -3.7740665e-01  -4.8182598e-02   8.0573037e-01  -1.4359422e-01  -1.6296755e-03  -1.5489321e-01   4.6226300e-03  -5.2113133e-01  -7.0378208e-02   2.1566003e-02  -1.2365588e-01  -1.9002878e-01  -1.4733710e-01   1.3359790e-01   2.7159919e-01  -9.0741735e-02  -5.0916410e-01  -2.8397335e-01  -5.4765381e-01   4.3156288e-02   3.4454774e-02   9.4742312e-01   1.6434003e-01  -1.6137136e-01  -1.2253383e-01  -2.6404941e-01   5.7017419e-02  -7.7419858e-02   8.3982861e-01  -6.0849298e-02  -5.0627693e-02  -2.7830576e-01   8.6047282e-01   5.3477704e-01  -1.1368088e-01  -5.8684100e-02   4.4959739e-02  -1.4049951e-01  -2.8823469e-01  -5.1688571e-01  -1.2408710e-02  -2.2253551e-01   2.1515954e-01   1.3325982e-02   5.1979512e-02  -4.3049215e-02   6.1222556e-02   7.7944518e-01   8.6145599e-01   7.7251624e-03  -1.2139993e-01  -1.1541474e-01   3.7650964e-02  -3.0822857e-01  -4.8220023e-01  -4.2368751e-01  -2.7725532e-01  -3.8710985e-01   7.2135902e-01   5.7799172e-02   8.3971084e-01  -3.5248103e-01  -3.0804431e-01   8.2086096e-01   8.2574656e-01  -2.8231124e-01   6.5198886e-01  -1.6161982e-02  -2.5107069e-02  -1.8381245e-01  -4.6710068e-01  -1.6993125e-01  -1.3505898e-01  -3.4841841e-01  -4.1109570e-01  -5.7655304e-02   7.8538706e-01  -1.4573152e-01  -4.5194684e-01   7.3818763e-01  -4.5542025e-02  -1.8656026e-01   3.1605855e-01   2.2835481e-01  -2.2114181e-02
  -1.9039703e-01   0.0000000e+00   1.1347120e-01  -2.2718108e-01   3.7421585e-01  -1.0177579e-01   3.2016273e-01  -5.4394955e-02   4.6567078e-01   1.8883782e-01  -2.9206504e-01   4.2148570e-01  -1.5941224e-01  -4.0663605e-01  -1.2510733e-01  -5.9809084e-02   1.7498172e-01  -2.7059299e-01   8.8718192e-02   3.3129412e-01  -1.9028472e-01  -2.3827622e-01  -1.1207847e-01  -1.9423226e-01   3.7576941e-02  -2.1273192e-01   6.8992984e-02  -4.7236687e-01   3.1472042e-02  -4.0894099e-01   1.2049952e-01  -3.5566503e-01  -5.7566552e-02   3.8577809e-01   5.7201817e-02   1.7652124e-01   4.7428984e-01  -1.7821806e-01   6.6670334e-02   4.8049845e-01  -1.5440156e-01  -6.1876532e-02   2.1803628e-02  -5.6927538e-01  -1.5806969e-01  -1.4044020e-01  -3.8700567e-01  -7.5265034e-02  -7.1166923e-03   4.1805856e-01  -4.0264266e-01  -2.2942233e-01   7.0303143e-01  -4.2581526e-02  -2.1031581e-01  -5.2970110e-01  -2.8208348e-01  -2.9297053e-01  -3.0628659e-01   2.6709533e-01  -1.2452261e-01  -1.1947437e-01   2.2665559e-01   3.0078360e-01   4.0614455e-01   1.4036470e-01  -1.6187415e-01   2.0971256e-01  -4.4282745e-01  -8.4950827e-02   6.8854474e-01  -3.3265398e-01   8.0329151e-02  -2.4934659e-01  -1.4278563e-01   2.4307293e-01  -1.8094549e-01  -4.4380488e-01   5.2996924e-01  -1.6271887e-01  -3.7486684e-01  -1.6721122e-01   3.6997739e-01  -1.6833330e-01  -2.4216432e-02   1.5570795e-01   2.9410038e-01  -4.1217564e-01   2.1463317e-01  -2.4907436e-01   3.9002911e-01  -1.5441971e-01   1.2355028e-01   1.0379137e-01  -1.7742810e-01   2.9611269e-01   1.3271840e-02  -6.2367113e-02   1.3046181e-01   2.4145966e-01  -7.5093076e-02  -8.3363245e-02  -6.5831734e-01   4.0448632e-01  -3.0580772e-01  -2.1669479e-01   3.5469127e-02  -6.5809410e-02   2.4580226e-01   2.1769452e-02   6.5594598e-02  -6.2746310e-01  -2.2850975e-01  -2.0225131e-01  -3.6438165e-01   6.1029222e-01  -2.6139578e-01  -1.4125878e-01  -3.2451845e-01  -1.5620274e-01  -2.2419353e-01   2.2122673e-02  -1.6597031e-01   2.8430265e-01  -2.2224455e-01  -5.4956819e-01  -4.7081800e-02  -5.8407818e-03   8.7041061e-03  -3.3910572e-02  -6.3954773e-02   4.1803416e-01   4.5496027e-01   1.6319110e-01  -5.7423480e-02   1.7525902e-01  -3.0109082e-01  -1.1882922e-01  -2.0794734e-01  -1.2669955e-01  -2.5859996e-01  -4.1231563e-02  -1.1741082e-01  -1.9844122e-01  -3.5239076e-01   5.7617842e-02   3.1726665e-01   2.0801208e-01  -4.6428200e-01   3.2547569e-01  -2.9432914e-01  -4.8333161e-01  -2.2302022e-01   1.6410903e-01   5.2393129e-01  -1.4565836e-01  -2.1848448e-01  -2.1218021e-01  -1.2224002e-01  -6.5870916e-01   5.4145917e-02  -1.3741674e-01   4.8009114e-01  -4.5182789e-01  -1.7370832e-01   2.3557526e-01   2.0535981e-01  -4.2423761e-01  -2.8030832e-01   6.8118795e-01   3.8349158e-01  -2.1397363e-01  -1.5170994e-01  -1.0031642e-01  -1.3225644e-01  -2.1319222e-01  -5.1162689e-03
  -5.6150326e-02   1.1347120e-01   0.0000000e+00  -1.8422704e-01   1.9702518e-01   1.4894258e-01   3.3638465e-02  -2.8409675e-01   1.1058728e-01   6.7802668e-01  -3.3956934e-02   5.2686357e-01   2.3756800e-01  -2.5796749e-01  -2.8031817e-01   1.5888946e-01   8.8101622e-01  -1.0824598e-01  -2.6860519e-01   3.4780799e-01  -3.7621917e-01  -1.4214947e-01  -3.5431144e-02  -8.5235846e-02  -3.8251898e-02  -8.7805893e-02   4.4772552e-01  -1.4323266e-01   1.3818091e-01  -2.7840968e-02  -1.9842286e-01  -2.7198040e-01  -3.1014534e-02   5.5075399e-02  -2.5376775e-01   3.2659039e-01  -2.8062999e-01   1.0519751e-01   5.1305239e-02   5.3365776e-01   9.6406171e-04   8.3026323e-02   1.5990209e-02  -1.2358242e-01   1.0559605e-01   1.1346022e-01  -3.5403522e-03  -4.3005727e-01  -2.1278606e-01   6.6989877e-01  -6.6728604e-02  -2.6619630e-01  -2.1782501e-01   2.6307642e-01   3.2032368e-02  -1.4292091e-01   2.7186458e-01  -2.2024108e-01  -1.6798632e-01   4.1855335e-01   4.7213797e-01   3.6841497e-01   2.6719262e-01  -2.0237323e-01  -5.0693229e-01   2.7708110e-01  -8.3067570e-02   3.2434833e-01  -2.2504429e-01   7.2749471e-01  -1.2480221e-01  -1.2177253e-01  -4.8107507e-02   3.4739151e-02   1.1499603e-01   1.4515179e-01   1.4590759e-01   2.3330933e-02   1.0182998e-01  -1.1641772e-01  -1.7268746e-01  -4.2671483e-02   2.4392792e-01  -1.9530658e-01   7.5410150e-02   9.7462809e-02  -5.1274334e-01  -2.0806921e-01   3.0182063e-01  -1.2481224e-01   1.4094319e-01   4.5006889e-01   5.7486300e-01   1.8269100e-01   9.7626341e-02   4.1256578e-01   6.0499060e-02  -4.1570051e-01   3.5524089e-01   6.7238486e-05  -7.1183468e-02  -1.5667820e-01  -1.3997313e-01  -1.1787552e-01  -4.0251479e-01  -3.9457994e-01   2.6010814e-01  -1.3193772e-01   3.0737438e-01   2.0048491e-01   2.0262300e-01  -1.9137320e-01   5.0290806e-02  -6.1796638e-02   5.8214622e-02  -1.9056644e-01   3.3137026e-02   8.1652395e-02   1.8751456e-01  -2.3803023e-02   3.6482730e-02   3.0411971e-01   3.8772453e-01  -5.2877326e-01  -4.9736317e-02  -1.1953529e-01   1.9409656e-02  -1.2302220e-01  -2.5677462e-01   6.3991823e-01   3.0641826e-02   9.5225423e-02   3.5234104e-02  -3.6984430e-01   1.3436994e-01   1.2117427e-01  -7.5569683e-02  -3.5252488e-02  -1.7361168e-01  -4.1465466e-02   9.2624100e-02   1.7517122e-01  -9.1399385e-02   4.1887103e-01  -1.6255342e-01  -1.8545302e-01   2.9380397e-01   1.2114027e-01   1.7775482e-01  -1.8735429e-01  -4.3835083e-03  -2.4624918e-01  -1.7451424e-04  -5.6127460e-02   6.9961689e-01  -4.1198778e-02   4.6454822e-02  -1.1634410e-01   3.3540463e-01  -2.9542228e-01   2.1744137e-01  -2.8997974e-01   1.6583220e-01  -2.7441490e-01  -2.1504521e-01   3.9443206e-01   1.6502397e-01   1.7238712e-01   4.0690716e-02   2.8321755e-02   2.7514027e-01   1.4130680e-01   6.2691071e-02   3.2952912e-01  -4.9995476e-02  -6.5479306e-02  -6.0952701e-02
   8.6722188e-02  -2.2718108e-01  -1.8422704e-01   0.0000000e+00  -6.9170386e-02   1.5956000e-01  -1.2389838e-01   3.1221965e-01   1.3403636e-02  -3.0648529e-01   3.2497347e-01  -3.3139671e-01  -1.5424316e-01  -1.1299329e-03  -1.4226947e-01   4.0661674e-02  -1.6989859e-01   2.2359016e-01  -6.5351495e-02  -6.5468934e-02   7.9513361e-02   4.5420709e-01  -1.5375236e-02   6.2498414e-02   1.4789870e-01   3.4555517e-01   1.2835171e-01   2.8513521e-02  -3.2190042e-02   2.7329199e-01  -3.5968921e-01   4.8761851e-01   1.4397934e-02  -3.7596150e-01  -1.8806463e-01   1.2970974e-01  -3.2091095e-01  -3.0441134e-02  -4.7242650e-02  -3.4093961e-01   5.7792859e-02  -2.2263493e-02   2.2197277e-01   1.1770748e-01   2.9294700e-01   2.1545397e-02   3.7373466e-01   2.6195711e-02   1.6050416e-01  -3.0259130e-01   4.5585576e-01   3.1446636e-01  -1.8856117e-01  -9.4632863e-02  -1.4184675e-01   5.9873156e-02   3.2204331e-01   5.5764354e-01   5.2602651e-01  -1.8260607e-01   3.0834234e-02   1.8989963e-01   9.5612895e-02  -3.9796381e-01   5.6698976e-02  -9.9425134e-02   1.5584942e-01   1.9424257e-01   4.1327828e-01  -1.0262650e-01  -3.6659989e-01   6.5679107e-01  -3.3049356e-02  -6.8827511e-02   2.1254612e-01   1.1670903e-02   5.3326136e-03   3.1227603e-02  -3.9915478e-02   2.7316511e-01  -9.7909708e-03   1.3069705e-01  -2.9151769e-01   2.8459037e-01  -2.2651773e-01   7.1466889e-02  -1.3809770e-01   3.7856001e-02  -1.8210529e-01   4.3364331e-02  -5.2026918e-02  -1.1731058e-02  -1.4686770e-01   2.7589372e-01   2.5015491e-02  -8.9644286e-02   3.2477965e-01   3.7736704e-01   2.0513965e-01  -1.9103261e-01  -3.6415161e-01  -4.8185177e-02   3.2881253e-01   3.7387896e-02   4.6718358e-01   3.9864698e-01  -1.0780842e-01   4.3879119e-01  -9.4016184e-02   1.4494664e-01  -2.9628849e-01   5.3386662e-01   4.7074815e-01  -3.5713341e-02  -1.3940175e-01  -2.4221842e-01   2.4515476e-01   1.5910401e-02  -1.7043941e-01   6.3412341e-01   8.9937115e-02   1.5892338e-01   4.6022954e-03  -9.1513297e-02   3.1222047e-02   1.1969930e-01   2.2809207e-01  -1.5664881e-01   3.4296561e-01  -1.7689201e-01  -1.7562534e-02  -5.8664926e-03  -6.1437017e-02  -2.0823664e-01   2.4206243e-01   3.6646837e-02   3.6704488e-01  -1.7060918e-01   3.2879497e-01   6.1770380e-02   3.0210813e-02  -2.0716208e-01   4.4133294e-01  -1.5636757e-01   2.5754122e-01  -1.0639455e-01  -3.6628702e-01   4.6417645e-02   2.6804300e-01  -1.8781095e-01  -6.6013039e-02   1.6468489e-02   1.1303397e-01  -1.0641201e-01  -2.6154211e-01   5.1541275e-02   2.4766269e-02   4.1054997e-01  -6.6941502e-02   3.8918988e-01  -1.0812150e-05   3.5599090e-01  -1.3225288e-01   4.8001606e-01   5.4119416e-01  -2.8078160e-01  -2.3715294e-01   1.7715894e-01   7.5741004e-02  -3.1385866e-01  -1.9442730e-01  -2.1169749e-02   2.2260042e-01   4.6657586e-02   1.3025268e-01  -3.8691381e-02   5.2780312e-01
  -4.9464050e-02   3.7421585e-01   1.9702518e-01  -6.9170386e-02   0.0000000e+00  -1.8753687e-01  -2.4781348e-01  -1.8798806e-02   4.8570808e-01   1.8695106e-01   4.9833424e-02  -3.7031885e-02   4.3536943e-01  -6.2685310e-01  -4.7381247e-01   1.3924748e-01   2.8341365e-01   2.3065696e-01  -1.9903545e-01   8.7618227e-01  -3.1705848e-01   1.0667340e-01  -3.9171463e-01  -7.0594271e-02   1.2478435e-01  -1.9850461e-01   4.4393088e-01  -4.8563529e-01   4.4521523e-01  -2.9882312e-02  -2.9654962e-01  -2.8686600e-02  -7.0504958e-02  -2.1389705e-01  -5.0203236e-01   6.1874576e-01   3.0650405e-03  -1.6993528e-01   2.1167205e-01   4.7815411e-01   4.9714720e-01   1.2983216e-01   2.4216131e-01  -3.6169606e-01   4.4295324e-01  -1.7550609e-01   7.2692284e-02  -4.7686090e-01   3.6304646e-01   4.7694527e-01   5.0645737e-02  -6.3947085e-02   3.5256322e-04   9.9119202e-02  -3.1323720e-01  -4.8925464e-01  -1.2514472e-01  -4.9429379e-02  -1.7118333e-02  -9.5830550e-02  -2.0771768e-01   4.4365873e-01   5.2879627e-01  -2.8107697e-01   2.3648379e-01   8.9869386e-02  -2.0390472e-01   3.8712232e-01  -3.2416256e-01  -7.1485124e-02  -6.1821893e-02   7.2060307e-02   2.6679132e-01  -3.5478258e-01   1.4718633e-01   1.7134056e-01  -2.6837746e-01  -3.4478378e-02   7.1780531e-01   3.2256490e-01  -6.1288968e-01   1.7636321e-01   1.5113790e-01  -2.0036995e-01  -3.0696193e-01   1.1522085e-01  -2.8475670e-01  -3.2236281e-01   4.8239994e-01  -1.3840423e-01   6.9430356e-01  -1.8133731e-01   3.4138733e-01   3.4780719e-01  -2.3639516e-01   7.7215215e-01   3.7974299e-01  -5.2635460e-02   6.3089242e-01  -1.5825150e-01  -4.5674522e-01  -3.7722842e-01  -3.3321597e-01   1.4918256e-01  -9.2729721e-02   1.2807334e-02   2.1832701e-01   1.1968565e-01   1.3830533e-01   1.9852603e-01  -2.5846297e-01  -3.3340313e-01   2.8435961e-01  -1.2425182e-01  -6.1369213e-01   5.1830422e-01   3.7261740e-02   2.3794310e-01  -2.8593664e-01   1.7842739e-01  -1.7856987e-01   7.0131099e-01   3.8883160e-01   4.7531113e-02  -1.6066370e-01  -4.4154336e-01   7.9906366e-02   1.2344067e-01   1.4667158e-01  -1.1026323e-01   3.7718424e-01   2.4087069e-01   2.8919180e-02  -4.2473917e-01   4.6404553e-01  -4.3561659e-02   8.2147553e-02  -4.9745035e-01  -1.3727231e-01   8.4535838e-02  -4.7961838e-02   2.3860903e-01   2.8344467e-02  -3.9776861e-01  -2.6058108e-01   3.0938240e-02  -1.8131611e-01   2.1493117e-01  -1.3997210e-01  -3.4520387e-01  -4.2692278e-01  -3.8807591e-01  -2.0778698e-01   1.4719379e-02   4.2040498e-01  -1.0654118e-01  -1.8285881e-01   4.2989333e-02  -1.5273212e-01  -4.5799886e-01   5.1849138e-01   2.5090050e-02   1.4458813e-01  -1.0954560e-01   9.1874891e-02   4.9463756e-01  -8.2204982e-02  -2.4710454e-01  -2.1084418e-01   4.4287484e-01   5.6886476e-01  -1.9382685e-01   4.7182345e-01  -7.9369209e-02   1.1223648e-02  -8.4557297e-02   2.2139732e-01
  -4.9340537e-01  -1.0177579e-01   1.4894258e-01   1.5956000e-01  -1.8753687e-01   0.0000000e+00   4.2594877e-01  -2.4059225e-03  -2.6389614e-01   2.0801195e-01   2.6575114e-01   2.2047834e-01  -1.2024994e-01   1.7720357e-01   2.5289005e-01   4.2078837e-01   2.7503313e-01   2.0885890e-01   9.0975956e-02  -3.6556408e-02   4.2456668e-01   4.9370176e-02   6.1406367e-01  -5.5318116e-01  -2.2507638e-01   3.0247241e-01   4.3015268e-01   9.9661652e-02  -2.4002412e-01   3.1702684e-01   2.5130214e-01   7.4258868e-02   6.9562577e-02   1.8806825e-01   2.1722190e-01   2.2921074e-01   1.5591996e-02  -3.3781471e-01   3.6099768e-01   3.4257454e-01   4.6247116e-02   2.3936993e-02   1.2133118e-02   2.2434058e-01   2.2403477e-02  -4.0847643e-01   2.3734513e-01   4.0313384e-01   1.5709881e-01   3.5676918e-02   2.6080017e-01   4.7003063e-02   7.9748122e-02  -1.3581487e-01  -9.6782946e-02   2.9348307e-01   4.8098200e-01   1.9604460e-01   2.1668831e-01   2.9772765e-01  -9.0020650e-02   2.7374563e-01  -2.9478687e-01   1.7154826e-01  -2.4649654e-01   6.7848494e-01   7.9465566e-01  -2.0172678e-01   2.4629942e-01   1.8963587e-01   1.5040991e-01   9.4817164e-02   7.8469522e-02  -1.4166248e-01  -2.2092421e-01   9.2888649e-02  -2.2723131e-01   1.9909790e-02  -1.1391734e-01   2.9890176e-03   3.6629844e-01   2.3073523e-01   1.8076125e-01   8.8026933e-03   7.9051270e-02   3.4040837e-02   7.3532645e-02  -3.4070235e-01  -1.6110905e-01  -4.9010960e-01  -1.5894204e-01  -1.4629058e-01   2.7961220e-01  -2.6605154e-02  -3.0661623e-01  -1.2005499e-01  -1.6457408e-02   1.1601490e-01  -3.2431570e-02   4.1105675e-01   1.0588918e-01   2.7412436e-01   3.6018168e-01   6.5381680e-02   1.4474423e-01  -4.6565965e-02   1.8240007e-02   8.4902263e-02   5.0471985e-01   2.1494134e-01   4.3964775e-01   4.0006604e-01  -3.4862224e-03  -4.8348520e-01   2.5135136e-01  -1.4647188e-01   1.8206073e-01   1.4256395e-01   1.9078813e-01   1.0479327e-01  -3.6523178e-01  -3.6231159e-02   1.2327114e-02   1.1435799e-01  -4.4180267e-01  -6.7738058e-02   1.1253836e-01  -5.9960599e-02  -1.8601622e-01   4.7120764e-01   1.6442930e-01   3.7947430e-01  -2.0486353e-02   1.4746225e-01  -1.4000691e-01   1.4398049e-01   4.2342632e-02   3.6030964e-01   2.1850256e-01  -4.6670955e-01  -4.8236400e-01  -1.8361560e-01   9.1736537e-02   3.8917442e-01   3.0224880e-01   6.5351833e-02   3.7947133e-01   2.4311212e-01   4.8384055e-01   2.5019465e-01  -2.3302849e-01   8.6377799e-02  -3.9414203e-01   1.6019585e-01   1.9712393e-01  -4.7935453e-01  -3.8629739e-01   2.4329200e-01  -3.3994060e-01   4.2730920e-01  -1.1981646e-01   7.6036782e-02   3.6901308e-01   1.9758597e-01   1.6077593e-01   1.6628230e-01   3.3238455e-01   3.5871939e-01  -2.7035879e-01  -1.1041803e-01   1.0203340e-01  -2.7237642e-01  -5.1913070e-02   4.3225108e-01  -2.6368771e-01  -2.8602168e-01  -3.2015484e-03
  -5.3105950e-01   3.2016273e-01   3.3638465e-02  -1.2389838e-01  -2.4781348e-01   4.2594877e-01   0.0000000e+00  -1.1993514e-01  -7.0488687e-02   2.8968879e-01  -8.3109450e-02   7.0556800e-01  -1.7553407e-01   2.7454438e-02   3.3049325e-01   3.2347506e-01   2.9746804e-02  -1.3617944e-01   2.1180539e-02   5.5149485e-03   1.5973334e-01  -3.0626878e-01   6.4363577e-01  -5.3429758e-01  -1.2839235e-01  -2.5205662e-02   1.6039727e-01  -4.3335737e-02  -1.7175630e-01  -1.6241577e-01   3.3332228e-01  -2.9963974e-01   1.3832848e-02   7.4649900e-01   6.0007980e-01   1.0571028e-01   3.6567040e-01  -3.8481373e-01   2.9829670e-01   2.3968618e-01  -1.9400902e-01  -6.3317484e-02   1.5685329e-01  -1.4887276e-01  -1.7964653e-01  -3.9139371e-01  -2.1768481e-01   3.2262543e-01  -2.1461651e-01  -1.7190297e-03  -2.1246482e-01  -1.3745970e-01   4.7910686e-01  -1.2849052e-01  -2.6107098e-01   6.5279339e-02   1.4558470e-02  -2.5079621e-01  -1.4385923e-01   5.8537871e-01  -1.4992198e-01   1.8925434e-03  -2.1098014e-01   4.1201832e-01   2.2008603e-02   6.0530318e-01   1.8933028e-01  -1.2063020e-01  -1.5129099e-01  -4.2384529e-02   4.8839923e-01  -2.9229315e-01   1.3568795e-01  -2.0425638e-01  -2.4453224e-01  -2.3443723e-02  -2.3472131e-01  -3.2334926e-01   1.0113346e-01  -2.3791739e-01   3.7835702e-01   2.0898063e-01   5.4634651e-02  -1.9278686e-01  -8.9376937e-02  -1.5611046e-01   2.8013202e-01  -3.8597938e-01  -1.7366824e-01  -5.3281006e-01  -5.8351101e-02  -2.0514761e-01   2.9824728e-01  -1.7438288e-03  -2.8396906e-01  -1.2204996e-01  -9.5687248e-02  -1.0369454e-01  -2.2554077e-01   6.7262905e-01   1.7546753e-01   3.2910042e-01  -7.8678380e-02   1.5773964e-01  -1.6783898e-01  -3.3590264e-01  -1.4586347e-01  -1.6118655e-01   5.5072969e-01  -1.0939613e-01   6.9194292e-01  -1.9081371e-01  -2.7203854e-01  -4.9471431e-01   1.4438106e-01   8.9482354e-03  -1.8047133e-01   2.1608368e-01  -3.8200302e-02  -1.7259793e-01  -4.5008704e-01  -2.2900994e-01  -2.1369606e-01   2.6218576e-01  -4.7870574e-01  -3.0347248e-01   1.2562139e-01   1.7296375e-02  -2.2030951e-01   1.7227862e-01   9.4921224e-02   5.7528239e-01   1.3597364e-02   2.7353798e-01  -3.8528407e-01   1.3943065e-02  -1.8186354e-01   2.3860203e-01  -1.2793251e-01  -4.3928275e-01  -5.5241350e-01  -1.7177710e-01  -1.8762097e-01   3.1178208e-01  -4.4085008e-02   2.2899034e-01   7.7658912e-01   1.4161594e-01   8.8484028e-02   4.4919922e-01  -2.1269455e-01  -4.8410389e-02  -5.0424882e-01   2.0056324e-01   2.3881662e-01  -5.0863981e-01  -4.2432714e-01  -5.0869988e-02  -2.5938008e-01  -1.4145914e-02  -1.8356903e-01  -1.8397718e-01   2.4699208e-01  -1.8532234e-01  -1.6477145e-01   3.0405977e-01   6.1884809e-01  -4.1034827e-02  -4.7713977e-01  -1.5811188e-02   3.8985262e-01  -3.0496629e-01  -3.4203820e-01  -7.4507721e-03  -3.2261477e-01  -3.8100885e-01  -1.5103891e-01
   1.4435888e-01  -5.4394955e-02  -2.8409675e-01   3.1221965e-01  -1.8798806e-02  -2.4059225e-03  -1.1993514e-01   0.0000000e+00   5.1960120e-04  -2.7980363e-01   1.8794461e-01  -1.6171886e-01  -2.1517345e-01   2.1180476e-02   1.4383651e-01  -7.2475299e-02  -4.0513691e-01   7.0244161e-02   1.9241416e-01  -1.4784095e-01  -2.5650199e-02   3.6367396e-01  -6.3111798e-02   7.7429095e-02   6.2887512e-02   4.0914019e-01  -6.7315660e-02   1.3920592e-01  -2.3674423e-02   6.8484076e-02   2.7983337e-02   3.1326524e-01  -1.7988632e-01  -5.3388963e-02  -5.9890504e-02  -1.7816753e-01  -6.5027213e-02  -3.7672529e-02  -1.0841489e-01  -2.8093690e-01   2.7072254e-02  -1.3333368e-01   4.2912894e-02   2.9559829e-01   1.9453425e-02   1.8150761e-02   9.2417676e-02   3.3308588e-02  -1.7592881e-02  -2.3939349e-01   1.2102685e-01   7.5101502e-01  -6.0509774e-02   1.8316685e-02   2.4374930e-02   2.0851227e-01   3.9489152e-03   3.3512359e-01   2.7114720e-01  -5.5123175e-02  -2.5568560e-02  -1.8789096e-01  -4.0255134e-02  -1.9407719e-02   1.6707463e-01  -2.3880877e-01   1.6518803e-01  -1.0595646e-02   4.6708733e-01  -1.3424808e-01  -1.3241968e-01   1.6837071e-01   5.5179587e-02   6.2300262e-02   1.4275385e-01  -3.9750394e-03   6.4704623e-02   1.5218997e-01  -1.3656918e-01   5.5969788e-02   1.0519666e-01   3.3065623e-02  -1.8987635e-01   6.6897070e-01  -1.6372966e-01  -6.8833476e-02   5.2662011e-02   7.9608086e-02  -2.2977972e-02   1.4673416e-01  -1.4045504e-01   1.9298686e-02  -2.2566709e-01   2.0550452e-01   4.7408228e-02  -1.9829008e-01   2.5057615e-02   7.4237424e-01   5.1554340e-02  -1.5788346e-01  -1.2617539e-01   1.8620718e-01   2.6316062e-01   4.7576934e-02   2.9050576e-01   3.2182431e-01  -4.9116812e-02   5.3256567e-01  -1.1080800e-01  -5.8857104e-02  -2.0244274e-01   1.7188411e-01   1.0337239e-01   7.0251666e-02  -8.2420900e-02   3.2239730e-02   3.9563800e-01   1.0847783e-02  -1.6141410e-01   2.5112299e-01   4.6268919e-02  -1.0793566e-01   3.4065982e-02   7.4845997e-02   1.0844524e-01   1.0945877e-01   4.4578094e-02  -2.7690834e-01   1.9375386e-01  -3.6433537e-01  -3.5255744e-02  -8.5197976e-02  -7.8042828e-02  -4.9301011e-02   2.5026869e-01   9.8306568e-02   1.0035050e-01  -4.1909576e-02   3.5129488e-01   3.5260699e-02   5.5496330e-02  -3.8260730e-02   5.7075538e-01  -2.7866242e-01   1.3763519e-01   7.2480477e-02  -1.9784898e-01  -6.6588824e-02   2.4759247e-02  -9.7123661e-02   6.5323936e-02   3.9073692e-01   1.2892545e-01   3.1171985e-02  -3.3737599e-01  -3.7772362e-02   5.1813710e-02   1.7892333e-01  -1.0192274e-01   1.8886470e-01   1.8908684e-02   6.4543712e-01  -2.1616717e-01   2.2657360e-01   4.4249869e-01  -7.5852560e-02  -1.3702522e-01   1.3567362e-01   1.3175994e-01  -1.2240560e-01  -1.4318110e-01  -9.7627746e-02   3.0271616e-03  -2.0300705e-01  -4.8775671e-02  -2.6273158e-02   4.4012946e-01
   1.0201080e-02   4.6567078e-01   1.1058728e-01   1.3403636e-02   4.8570808e-01  -2.6389614e-01  -7.0488687e-02   5.1960120e-04   0.0000000e+00   5.1705013e-02   8.1921773e-02   1.1518283e-01   1.7161772e-02  -4.5627249e-01  -2.3493245e-01  -1.0961860e-01   1.7931499e-01   2.5884539e-01   2.3597465e-01   3.9760258e-01  -3.6480142e-01   6.4926277e-02  -3.6475045e-01   7.9143266e-02   1.1433805e-01  -9.6874664e-02   2.7137202e-01  -3.2913336e-01   1.7426344e-01   1.7126181e-01   5.3606407e-03  -1.5596140e-01  -4.3814054e-02  -1.0016090e-01  -3.4990836e-01   2.8617690e-01  -7.2343228e-02  -1.1588357e-01  -3.9848178e-02   2.3887255e-01   6.8324917e-02   6.2870324e-02   4.0546574e-01  -2.3773203e-01   4.2035731e-01   1.5996224e-02  -8.5022432e-03  -1.3279058e-01   1.8600604e-02   2.8749008e-01  -3.8413516e-02  -6.6132172e-02   1.3403926e-01  -1.2496288e-02  -3.6927924e-02  -3.8210820e-01   7.2447885e-02  -1.2618589e-01  -1.8328160e-01   8.1535619e-02  -4.4763309e-02   4.2649014e-02   7.2540443e-01   2.0614805e-02   5.2316362e-01  -1.1300740e-01  -5.1473943e-02   3.1871323e-01  -2.6928748e-01  -1.2892917e-01  -2.6248870e-02   5.5449643e-03   3.7015968e-02  -2.1967492e-01   1.6615312e-02  -7.8183096e-02  -4.0330204e-02  -1.8856750e-01   6.0716492e-01   1.0999388e-01  -4.2285803e-01  -3.3570595e-02   1.3360947e-01  -4.9467568e-02  -2.5497882e-01  -8.3680265e-02  -5.4199347e-02  -2.0535657e-01   3.2308035e-01  -3.1458620e-02   6.1109901e-01  -9.1649575e-02   2.9760128e-01   5.2797716e-01  -8.3285971e-02   2.4811967e-01   1.8680780e-01   8.1522791e-02   4.9278752e-01  -2.1885358e-01  -3.3721277e-01  -1.4657998e-01  -3.5833138e-01   5.7181333e-01  -5.4777379e-02  -8.4540249e-02   1.0971406e-01   3.5287476e-01   1.4390053e-03   2.4044310e-01  -2.4519998e-01  -3.4632649e-01   9.8362898e-02  -1.9231309e-03  -5.1032923e-01   4.0964416e-01  -1.0859355e-01   5.0677968e-02  -2.4660358e-01   1.3241071e-01  -2.5656575e-02   4.5180921e-01   1.9510938e-01   2.5622027e-01  -1.6680316e-03  -3.9107452e-01   3.3000049e-01   2.0712501e-01   1.2657066e-01  -1.3740896e-01   1.1116677e-01   2.6340782e-01   2.8373991e-01  -2.7215053e-01   4.6623677e-01  -1.2481715e-01  -6.3590350e-02  -2.0113659e-01  -2.0235904e-01   2.6514759e-02  -2.1846996e-02  -5.9465493e-02   1.7667204e-02  -3.6627994e-01  -1.5124545e-01   3.3336626e-01  -1.7797942e-01   1.8503785e-01  -1.8274936e-01  -2.5443171e-01  -2.0586338e-01  -2.1243644e-01  -3.3565252e-02   1.6019400e-01   4.3846511e-01   4.7735382e-02   2.7627392e-03  -1.4697921e-01   2.1539596e-02  -4.0133493e-01   1.9536682e-01  -6.0716178e-02   1.4268926e-02  -9.3972732e-02  -6.8458265e-03   2.3602916e-01  -5.3259456e-03  -3.8040546e-01  -9.3871763e-02   4.9235768e-01   2.8563309e-01  -1.2432981e-01   4.7080300e-01   9.4697226e-02   2.7415242e-02  -4.5518224e-02   1.6414906e-01
  -3.6100940e-01   1.8883782e-01   6.7802668e-01  -3.0648529e-01   1.8695106e-01   2.0801195e-01   2.8968879e-01  -2.7980363e-01   5.1705013e-02   0.0000000e+00  -1.7637893e-01   6.6658480e-01   4.0235448e-01  -3.4818337e-01  -2.0107045e-01   2.1555597e-01   5.6062889e-01  -1.2839279e-01  -1.1872978e-01   4.0482139e-01  -7.5252085e-02  -1.8455391e-01   1.9556455e-01  -3.6993715e-01  -1.0731935e-01   7.6363468e-03   3.1228609e-01  -3.3632167e-01   2.0485312e-02  -1.6601514e-01   1.2622810e-02  -3.3133790e-01  -2.5743167e-02   4.3815365e-01  -7.3626811e-02   2.5227935e-01   2.0347434e-02  -1.8178318e-01   2.1362582e-01   5.8012672e-01   1.8329897e-01   3.1293028e-02   8.8000743e-02  -1.7890146e-01  -4.1706317e-02  -2.3441916e-01  -1.3285650e-01  -2.6853126e-01   1.8487400e-02   5.0588467e-01  -1.9416995e-01  -1.8923454e-01   4.7374053e-02   1.3751383e-02  -1.8595194e-01  -2.0720483e-01   1.7592516e-01  -3.2128447e-01  -1.8425355e-01   4.5707127e-01  -6.3176767e-02   3.3768785e-01   1.1109962e-01   1.0907401e-02  -3.1684580e-01   5.3161565e-01  -3.2832533e-02  -1.7825518e-02  -1.8896081e-01   4.8385764e-01   1.7698363e-01  -3.5928484e-01   1.0517408e-01  -2.9995882e-01  -6.5622961e-02   1.7526065e-02  -2.2316677e-01  -9.8350564e-02   1.2182101e-01  -1.9680226e-01  -1.3989081e-01   1.8256243e-01   1.9250999e-01  -1.7277896e-01  -1.3633460e-01  -6.7142011e-02  -2.4741075e-01  -4.1235077e-01   1.5445739e-01  -3.8209092e-01   1.5924649e-01  -8.5673346e-03   6.0558150e-01   1.3444284e-01  -1.9195760e-01   4.6961741e-01  -4.6208788e-02  -2.9937432e-01   1.2330378e-01   3.8787818e-01   1.6924006e-02  -7.8638201e-02  -1.9500435e-01  -1.0033099e-01  -3.0773454e-01  -3.9593096e-01   5.9013370e-02  -2.1119117e-01   5.6029241e-01   1.4047139e-01   4.4177179e-01  -3.1519870e-01  -1.3689686e-01  -3.4514263e-01  -2.8214549e-02  -1.1305808e-01  -6.0306663e-02   2.5203928e-01   2.8342210e-02  -1.0012863e-01  -2.4386913e-01   2.1723824e-01   3.1238946e-01  -3.0103986e-01  -3.2056185e-01  -3.3425449e-01  -1.2026513e-02  -1.5299836e-01  -2.4557660e-01   5.0463470e-01   2.4592024e-01   1.6267110e-01  -1.6462690e-01  -4.9420394e-02  -4.0005143e-02  -6.0986253e-03  -1.6067781e-01  -4.4011929e-02  -2.5968819e-01  -2.1385766e-01  -2.4556505e-01   4.0697072e-01  -1.7181958e-01   3.4442927e-01  -2.0147180e-01   7.1137715e-03   5.3426331e-01   7.2990092e-02   1.8163393e-01   4.2510628e-02  -2.8296199e-01  -2.8564881e-01  -2.8888024e-01  -6.3681788e-02   5.7473226e-01  -2.9257752e-01  -2.9041686e-01  -1.1930216e-01  -8.3502139e-02  -3.1430701e-01   1.4547142e-01  -2.3307029e-01   2.9111353e-01  -2.5414954e-01  -1.5520179e-01   5.4680623e-01   2.5879160e-01   2.0739242e-02  -2.9971461e-01  -1.5432228e-03   4.7382625e-01  -1.7777852e-01  -6.8145168e-02   7.4096815e-02  -3.0805261e-01  -1.9805759e-01  -1.1403399e-01
  -3.0045581e-01  -2.9206504e-01  -3.3956934e-02   3.2497347e-01   4.9833424e-02   2.6575114e-01  -8.3109450e-02   1.8794461e-01   8.1921773e-02  -1.7637893e-01   0.0000000e+00  -2.4677634e-01   5.2268298e-02  -1.0621240e-02   6.7231675e-02   4.9930401e-01   5.6229460e-02   6.8889290e-01   7.1199882e-02   8.8167627e-02   7.3330449e-02   4.3657520e-01   1.0335577e-01  -2.9862169e-01  -1.7700318e-01   3.3471341e-01   3.0987026e-01   7.9677610e-03   2.9485194e-02   6.2747529e-01  -8.2293891e-02   3.6812404e-01   1.7535130e-01  -4.0521847e-01  -1.5186549e-01   3.3387061e-01  -2.8170105e-01  -4.1949037e-01   4.2561976e-01  -1.2916431e-01   3.6712668e-01   1.9104484e-01   3.8658246e-01   3.1630926e-01   5.1781311e-01  -3.3689205e-01   7.7938627e-01   1.5834269e-01   1.3670940e-01  -1.3816034e-01   7.4227467e-01   2.3759717e-02  -3.1851902e-01  -1.1234619e-01  -2.2189921e-01   2.9952309e-01   5.1023155e-01   4.0400748e-01   7.0522641e-01  -5.9758774e-02  -7.5825184e-02   3.8675835e-01   1.8114394e-01  -9.9668688e-02  -5.2356945e-02   7.6707911e-03   3.6276353e-01   5.7736482e-02   4.1473523e-01  -1.3677540e-01  -3.2057242e-01   3.9561435e-01   3.1402947e-01  -9.9324007e-02  -2.9107934e-02   2.1136896e-01  -2.1966439e-01   1.1838269e-01   9.8943290e-02   4.5605693e-01   1.2340112e-01   3.9879318e-01  -1.3821959e-01   1.7716708e-01  -1.8435201e-01   2.4117125e-01  -2.1041706e-01  -2.5898600e-01   1.6593381e-01  -2.9582081e-01   3.4899255e-02  -1.5956474e-01   9.4180713e-02   4.0167897e-01  -3.2383470e-01  -8.1368057e-03   2.9836151e-01   3.4332953e-01   3.7219516e-01  -2.0189237e-01  -2.1795891e-01   1.5025662e-01   3.9552716e-01   1.7848375e-01   4.9569052e-01   2.2472482e-01   1.7554177e-02   4.5712397e-01   9.8764099e-02   4.3270331e-01  -4.4974605e-02   5.0305866e-01   3.3654580e-01  -3.0895955e-01  -3.3355832e-02  -1.5893811e-01   3.2104132e-01   2.2530351e-01  -6.7670622e-02   3.7742128e-01  -3.0803010e-01   3.0580955e-01   2.3599098e-01   1.0471442e-01  -2.9966044e-01  -4.2673520e-02   3.6405063e-01   4.1364534e-02   4.8190970e-02  -2.8474501e-02   2.3173335e-01   2.4854452e-01  -6.8864096e-02  -3.0170086e-01   3.3943735e-01   1.6119625e-01   3.6678423e-01   3.7170164e-02   3.5563290e-01  -2.5264990e-01  -2.0521168e-01  -1.3780191e-01   4.6201769e-01  -4.3165519e-02   4.2488535e-01   1.8447834e-01  -1.6995491e-01   3.0595325e-01   5.8587977e-01  -1.0239914e-01  -1.9679463e-01   1.4931353e-01  -2.7842705e-01   3.0523042e-01  -2.0414117e-02  -3.8585617e-01  -2.4742776e-01   6.5801851e-01  -2.7977390e-01   4.1314700e-01   7.9248662e-02   4.7623462e-01   6.0037347e-02   6.0885626e-01   4.0376491e-01  -3.5291147e-02   4.6324420e-02   5.2048202e-02  -1.1255168e-01  -1.4354718e-01  -7.7211672e-02  -3.5536666e-01   4.1849767e-01   3.2246620e-01   1.3724675e-01  -1.2702780e-02   3.3119962e-01
  -4.1684839e-01   4.2148570e-01   5.2686357e-01  -3.3139671e-01  -3.7031885e-02   2.2047834e-01   7.0556800e-01  -1.6171886e-01   1.1518283e-01   6.6658480e-01  -2.4677634e-01   0.0000000e+00   5.6814219e-03  -1.2706907e-01   1.1335346e-01   1.8806524e-01   4.1086158e-01  -3.0090436e-01  -5.6957962e-02   1.7288327e-01  -1.3291417e-01  -3.4007808e-01   3.4605051e-01  -3.8018339e-01  -1.4782395e-01  -3.1499411e-02   1.9221433e-01  -1.2527407e-01  -9.7039693e-02  -2.3395092e-01   2.5591935e-01  -4.5428657e-01  -1.4444253e-01   7.0824652e-01   3.5478071e-01   7.2411439e-02   2.5167482e-01  -2.4334644e-01   1.5720997e-01   4.9688230e-01  -1.8542974e-01  -8.1640755e-02   4.1272267e-02  -1.7502054e-01  -2.0432647e-01  -2.4238120e-01  -3.5569050e-01  -2.1551706e-02  -3.4666629e-01   4.1124203e-01  -4.0459647e-01  -8.5970244e-02   3.1685398e-01   3.4346067e-02  -1.3168648e-01  -8.6571962e-02  -7.8954569e-03  -3.7232785e-01  -3.4094968e-01   7.8374961e-01   2.6540010e-02  -2.3399562e-02  -4.1362844e-03   3.0018866e-01  -1.3819929e-01   5.1832528e-01   2.5346449e-02   1.3787514e-02  -2.0744740e-01   3.0541801e-01   4.1730116e-01  -5.2234444e-01   4.8769767e-02  -1.3297263e-01  -1.3294011e-01  -3.6449588e-03  -1.6329305e-01  -2.2272456e-01   1.3152771e-01  -3.6772853e-01   1.2467741e-01   4.6274468e-02   2.2067303e-01  -1.5282844e-01  -8.7610304e-03  -1.3593189e-01   5.2356990e-02  -3.4578046e-01   4.9267541e-02  -3.9444481e-01   4.0132851e-02   5.1637840e-02   5.3261626e-01   1.2053391e-01  -1.9003334e-01   1.1996789e-01  -1.6406488e-01  -2.2635045e-01  -7.6588393e-02   5.0257284e-01   2.2578322e-01   7.7837909e-02  -2.3833331e-01   1.1226503e-01  -4.6825159e-01  -4.8066510e-01  -6.5353959e-02  -1.9264578e-01   5.2482358e-01  -3.9571349e-02   6.1055565e-01  -4.5360228e-01  -3.5052879e-01  -3.8606681e-01   5.8497195e-02   4.5572463e-02  -7.9259181e-02   1.8160713e-01   1.0111825e-01  -2.3884111e-01  -3.1713991e-01  -1.1524842e-01   1.1942635e-01  -4.3168803e-02  -3.7992102e-01  -2.7906969e-01  -2.5868496e-03  -8.1102686e-02  -3.0517171e-01   4.0872143e-01   4.8893582e-02   3.6624749e-01   1.1333615e-01   9.4203597e-02  -2.1284914e-01  -7.2384093e-04  -3.5218003e-01   1.3547389e-01  -2.6360597e-01  -3.1525924e-01  -3.4946659e-01   8.0854881e-02  -1.9764988e-01   4.0709641e-01  -2.4116469e-01   1.6294223e-01   7.9683337e-01   1.2985966e-01  -3.2109222e-02   2.6258479e-01  -1.4879712e-01  -1.2751730e-01  -3.2564909e-01   8.4783037e-02   5.7922876e-01  -3.6190155e-01  -3.0342302e-01  -2.2909528e-01  -5.3916588e-03  -3.5311492e-01  -6.7911198e-02  -2.2976598e-01   1.7914285e-01  -4.4140349e-01  -2.5926040e-01   4.6822669e-01   4.7674534e-01   2.3064455e-02  -3.9746651e-01   1.3658623e-01   5.0353093e-01  -1.9671082e-01  -3.0753659e-01   8.1750623e-02  -3.1983616e-01  -2.7631426e-01  -1.5771123e-01
  -1.4926748e-01  -1.5941224e-01   2.3756800e-01  -1.5424316e-01   4.3536943e-01  -1.2024994e-01  -1.7553407e-01  -2.1517345e-01   1.7161772e-02   4.0235448e-01   5.2268298e-02   5.6814219e-03   0.0000000e+00  -5.2115566e-01  -4.2981478e-01   1.8277220e-01   2.6632019e-01   1.6744752e-01  -3.3121419e-01   6.1013308e-01  -2.3330371e-01   1.5533205e-01  -2.0974339e-01  -1.2371515e-01   7.5938309e-02  -1.2096908e-01   2.2778263e-01  -4.4757995e-01   3.9186209e-01   6.2374410e-03  -3.6437961e-01   9.6171836e-02  -3.3977947e-02  -9.1127390e-02  -4.5412782e-01   4.4247171e-01  -9.9566645e-02  -1.4852742e-01   2.6050879e-01   2.0867904e-01   6.3817591e-01   1.2979968e-01   1.5773613e-01  -2.0926742e-01   2.7271601e-01  -1.8175826e-01   1.6229067e-01  -4.6430089e-01   1.8942176e-01   1.3870989e-01   1.5101691e-01  -1.0448143e-01  -2.5932607e-01   5.6093827e-02  -3.8451985e-01  -3.1366715e-01   9.7578025e-02   2.6006191e-02   8.7120340e-02  -1.5087188e-01  -1.6265390e-01   5.9146558e-01   2.7364125e-01  -3.6324428e-01  -1.8355930e-01   6.6028020e-02  -2.1760350e-01  -4.8973699e-03  -1.4063257e-01   7.8122660e-02  -2.6137937e-01   3.4488178e-02   2.6728259e-01  -4.4455775e-01   7.2442976e-02   2.5889658e-02  -2.6783276e-01   7.2610990e-02   2.5685165e-01   2.1008751e-01  -3.9956289e-01   2.6768561e-01  -7.2475901e-02  -2.1194712e-01  -3.0456979e-01   7.9434220e-03  -4.7421716e-01  -3.0887510e-01   3.0853757e-01  -2.0527062e-01   4.2243379e-01  -2.2899180e-01   3.0235065e-01   1.1221310e-01  -1.8212719e-01   6.2749249e-01   2.9210438e-01  -1.5237379e-01   2.9033157e-01  -5.5039914e-02  -3.8646835e-01  -2.9374021e-01  -7.0916097e-02  -1.5290364e-01   1.0039421e-01   4.6192691e-02   1.0399016e-01   1.6970310e-02   1.5729065e-01   1.7541182e-01  -5.4218124e-02  -1.2567061e-01   2.3393609e-01  -1.8206316e-01  -4.0889879e-01  -4.3435435e-02   1.2077549e-02   4.9592063e-01  -1.6290584e-01   1.7491296e-01  -1.5966050e-01   5.1749542e-01   5.0507373e-01  -2.8119480e-01  -1.5272883e-01  -3.4125247e-01  -3.8859116e-02   1.1172776e-01   7.2758192e-02   3.0408952e-02   5.8548007e-01  -7.9219050e-03  -4.3312216e-01  -3.9881158e-01   2.3657994e-01  -1.3182985e-01   1.8975353e-01  -4.2970653e-01  -1.3194330e-01   6.7867198e-02   1.4631647e-04   7.7026587e-01   4.3287858e-02  -1.0547641e-01  -2.3465260e-01  -4.6222849e-02  -3.8696269e-02   3.5618696e-02   8.4298003e-02  -3.4935535e-01  -3.4110271e-01  -3.1551295e-01  -2.4260532e-01  -2.2091207e-01   2.0010374e-01  -1.0113138e-01  -1.8892485e-01   1.4019094e-01  -1.5915371e-01  -2.4906398e-01   6.0871401e-01  -4.5658345e-02  -5.6113284e-02   9.1656459e-02   1.7716961e-01   2.7779404e-01  -1.0964548e-01  -8.8326139e-02  -2.1736684e-01  -6.1815502e-02   3.5578651e-01  -1.2473473e-01   2.8675983e-01  -1.6045975e-02  -2.9828123e-02  -6.0531678e-02   1.4923505e-01
   1.3264705e-01  -4.0663605e-01  -2.5796749e-01  -1.1299329e-03  -6.2685310e-01   1.7720357e-01   2.7454438e-02   2.1180476e-02  -4.5627249e-01  -3.4818337e-01  -1.0621240e-02  -1.2706907e-01  -5.2115566e-01   0.0000000e+00   5.7883360e-01  -5.0747965e-02  -2.9927137e-01  -6.3211618e-02   2.1202584e-01  -6.9595522e-01   5.0707254e-01  -2.2785947e-01   3.5761569e-01   9.2136884e-02  -1.9895627e-01   1.4662244e-01  -4.3131725e-01   7.5412620e-01  -4.9326986e-01   1.8949830e-01   5.1510994e-01  -1.6603818e-02   7.9951211e-02   4.4022374e-02   5.8285084e-01  -4.9490013e-01   3.9081103e-02   8.2826484e-02  -5.1856398e-02  -3.9132446e-01  -2.5795525e-01  -4.9885643e-02  -4.5692293e-01   6.2614954e-01  -3.9448950e-01   1.0329715e-01   5.7449256e-02   6.6084388e-01  -1.3626991e-01  -4.1794419e-01  -1.1143414e-01   1.4729415e-01  -3.8662436e-02   1.6300000e-04   5.9815585e-01   7.3189151e-01  -6.7843043e-02  -1.8529120e-02  -3.1560997e-02   4.3968627e-02   1.1284755e-01  -4.5255310e-01  -5.4725028e-01   4.3091997e-01  -8.8228018e-02  -2.1750821e-02   3.3378182e-01  -2.6187378e-01   3.7668397e-01  -8.1465181e-02   4.1971998e-02  -2.3709268e-02  -7.6215606e-02   6.0588962e-01  -2.8309068e-02  -1.3894515e-01   1.9776763e-01   3.3559738e-01  -5.9795629e-01  -3.0695218e-01   6.9660452e-01  -6.4436221e-02   1.1496836e-01   2.3158976e-01   6.3962183e-01  -4.3585548e-02   4.4591589e-01   5.7241049e-01  -4.6660411e-01   1.9923884e-01  -6.3693505e-01   2.1167911e-01  -3.4249114e-01  -5.2018415e-01   1.4886920e-01  -7.6779952e-01  -3.8395503e-01  -5.8917877e-02  -4.7898028e-01   4.2275533e-02   7.1923780e-01   2.6143130e-01   4.7690370e-01   1.8729788e-02  -3.7836143e-02  -2.2467111e-02  -7.4719415e-02  -2.5061503e-01  -1.9567461e-01  -1.1622712e-01   1.8677366e-01   3.0335025e-01  -2.8229116e-01   1.3943839e-01   7.2664044e-01  -3.0316869e-01   1.2185624e-01  -1.7303311e-01   6.5457981e-01  -1.6010643e-01   6.6344757e-02  -6.5036332e-01  -3.3216207e-01   2.1228440e-01   3.7003686e-02   6.7208743e-01  -1.4009047e-01  -2.2903110e-02  -2.2197444e-01   1.4469171e-01  -3.7088103e-01  -2.0222274e-01   2.5000165e-01   5.5290892e-01  -4.6587725e-01   2.8980710e-03  -1.3553319e-01   6.3060919e-01   1.3195039e-01  -1.1116971e-01   4.1396093e-02  -4.0172939e-01  -1.5182858e-01   4.6435330e-01   2.4158343e-01   7.8738690e-02   1.1473525e-02  -2.8144617e-02   1.4660014e-01   3.3148170e-01   4.9975258e-01   7.1315163e-01   2.4764073e-01   1.7925512e-01  -4.7872259e-01   6.5184882e-02   7.1133493e-02  -7.8985972e-02   2.0279555e-01   5.1813300e-01  -6.2213121e-01  -2.7693109e-02  -1.3648985e-01   5.4220158e-02  -2.7441149e-01  -4.1937533e-01   1.1560033e-01   4.4916131e-01   2.2594023e-01  -2.0066412e-01  -5.2743819e-01   1.3833644e-01  -3.3402731e-01   1.7080757e-01  -2.3912568e-02   1.6622812e-01  -2.9675506e-01
