   0.0000000e+00   1.0792250e-01   1.0340377e-01   1.0695014e-02  -1.2760986e-01   1.5812182e-01  -1.1361892e-01   1.7055630e-01   3.9250619e-01   2.1354230e-01   1.6405792e-02  -1.3649834e-01   6.8175123e-02   5.9580824e-01  -2.6445530e-02  -2.1261708e-01   7.3907960e-02  -6.7707942e-02   2.8356994e-01  -2.0738799e-03   1.1388783e-01   1.1472335e-01   2.6660403e-02   2.4516379e-01  -9.3491334e-02  -7.6455345e-02  -2.9737844e-01   9.6226044e-02  -2.5855717e-02   3.6383946e-01  -2.2840178e-01  -1.9056761e-01   1.6959672e-02   5.6139786e-02  -2.3898193e-01  -2.7800304e-01  -5.9545230e-02   3.4551846e-01  -1.7597141e-01  -1.0151646e-01   3.0391057e-02  -1.5092645e-01  -6.0039099e-02   1.7223791e-01  -1.2936835e-01   4.4955080e-01  -1.3837601e-01   1.1743123e-01  -2.5812999e-01  -1.9043678e-01  -1.4894047e-01   2.6214364e-02  -9.5031925e-02  -2.1228401e-01   4.2663147e-01   1.5105431e-01   8.9342887e-02   2.4073103e-01  -9.0671029e-02   5.5049324e-02   3.9299553e-01  -9.8019416e-02   2.1376391e-01   7.3836709e-02  -1.3284687e-01   1.9201059e-01   1.8933372e-01   1.4641538e-02  -5.6173894e-02   4.0331676e-01  -1.1975919e-01  -2.1028458e-01  -8.5261146e-02   2.2770772e-02  -4.0090945e-01   3.7503726e-01   4.4003530e-02   3.8401349e-02  -7.2115932e-02   1.1888885e-01  -1.9352799e-02  -2.9246307e-01   1.7504546e-01   4.2131898e-02   2.1084931e-01   2.4511791e-01   4.4688452e-02  -1.0040578e-01   3.1520749e-02   4.7036337e-01   6.1242399e-03  -2.7804938e-02   8.3686534e-02  -1.6264045e-01   1.4077655e-01   1.3723434e-01  -2.9878997e-02  -1.5970311e-02  -2.7026453e-01   6.3010746e-02   5.0319140e-02   1.9856493e-01   3.3018547e-01   3.2195804e-01  -6.5463500e-02   5.9117551e-02   2.1103061e-01  -5.4493135e-02  -5.0297759e-02   1.5608541e-01   1.2481274e-02   9.9337389e-02   1.1803519e-01   7.4097165e-01   7.1776428e-02  -6.2858772e-02  -3.3965729e-02  -9.9776218e-02   4.5872318e-01  -1.3522306e-01   1.3540356e-01  -5.3709202e-03   1.3446156e-01  -5.9094704e-02   4.9542510e-01   1.2334505e-01   3.7279260e-02   2.2870761e-01  -9.9171651e-02   3.6373619e-01  -2.4616063e-01  -1.6383391e-01   3.9680369e-01  -3.2296839e-02   1.7547869e-01   1.8806866e-01  -8.7902318e-02   2.6390504e-01   1.3407178e-01   1.1825169e-01   3.2643682e-01   1.0144342e-01   9.0636043e-02   3.7686297e-01  -1.6953130e-01  -4.0725321e-02  -1.8776451e-01   5.4957353e-02   2.9327227e-01  -8.8886263e-02   1.0764909e-01   1.1049735e-01   2.1528255e-02  -5.8379325e-02   2.1850563e-01  -5.1911839e-02   3.9414099e-01  -2.3353013e-01   1.2095318e-01   1.1766905e-01  -1.9383245e-01   4.8728739e-02   3.0082570e-01  -6.8347859e-02  -1.0771772e-01   8.8977791e-02  -6.5551214e-03   2.4070282e-01   2.5807677e-01  -1.0770110e-01   1.1434749e-01  -1.7381688e-01  -1.8553874e-01   1.6267905e-01   9.9010609e-02  -1.2890506e-01   1.7265890e-01
   1.0792250e-01   0.0000000e+00  -3.3768296e-02  -3.7758714e-01   4.4031481e-01  -4.6854239e-01   3.8033019e-01  -3.3804008e-01   1.0158186e-02   1.8701560e-01  -1.7216134e-01   5.4950831e-01  -8.3215094e-02   1.3366517e-01  -1.2349756e-01   8.1153459e-02   1.6640879e-01   5.6327728e-02   8.8159421e-02   2.5537420e-01   1.3645122e-02  -5.5773866e-01  -9.2142582e-02  -1.2813526e-01  -5.2229150e-02  -1.2669045e-01   7.6925065e-02  -2.8598830e-01  -2.2569767e-01  -4.6327107e-02   7.4632804e-02  -1.5331340e-01   1.0208533e-01   5.2810744e-01   3.1589424e-01  -6.7462609e-02   3.2723759e-01   8.1270290e-02  -9.1906596e-02   4.3692106e-01  -1.5156621e-01   4.3184539e-02   7.3271565e-02  -2.8357900e-01   5.1940783e-01  -2.9907346e-01  -3.5015040e-01   5.7567171e-01  -1.9354105e-01   3.5440468e-01  -7.6340000e-02  -3.1234381e-01   5.0176400e-01   1.0931785e-01   2.3994484e-01  -3.2988507e-01  -1.9901197e-01  -3.0180446e-01  -2.3564233e-01  -5.2918760e-02  -2.9713164e-01   8.7994281e-02   2.2525815e-01   2.3122471e-01   6.1022477e-01   5.2326890e-01  -4.0579196e-01  -1.6139776e-01  -6.8534719e-01  -3.6548203e-01   7.0855855e-01  -1.6300859e-01   3.1974726e-01   3.6123627e-01   4.1904773e-02  -4.3485594e-01  -3.0951322e-01  -2.4247553e-01   4.0985973e-01  -4.6600913e-01  -2.5828212e-01   2.5084209e-01   4.8429645e-01  -4.1588612e-01   5.3294234e-01  -3.0948718e-01   6.9029419e-01  -1.1833263e-01   6.4346827e-02  -1.1394919e-01   4.2898346e-01  -2.9814759e-01   4.4436232e-01  -1.4193040e-01  -6.8183330e-02   2.4279827e-01  -6.8721734e-02  -8.6874900e-02  -1.6190471e-01   4.1657926e-01   3.6464479e-01   2.1849047e-01  -4.6579231e-01   2.3540614e-01  -1.9230978e-01  -2.6083961e-01   1.7159286e-01  -4.9609955e-01   3.7158339e-01  -1.7201925e-01   3.5964448e-01  -3.0663572e-01  -2.2833511e-01   8.6701086e-02  -2.8747742e-02   6.2127416e-01  -3.1285023e-01   4.3395008e-01  -4.5993348e-01  -1.5875313e-01  -3.9556396e-01   3.6004711e-01   2.0488814e-01   5.4158391e-01  -1.3081168e-01   4.7259077e-01   3.4933266e-01  -1.6141758e-01  -2.7693015e-01  -2.1283506e-01   3.0073899e-02   4.3238163e-01   4.5623452e-01   1.3894468e-01  -1.8713456e-01  -4.0205210e-01  -9.0544152e-02  -3.5839822e-01  -4.8140758e-01   3.2550198e-01  -1.1439584e-01  -1.2994419e-01  -3.7748791e-01  -4.9666185e-01   2.7421019e-01   3.7346407e-02   4.4124686e-01   2.8015959e-01   1.2230807e-01   4.4938364e-01  -8.4025019e-03  -4.4318775e-01  -1.2008839e-01   8.5109173e-02   1.2870954e-01   9.0255749e-02  -1.9435912e-01  -2.1186845e-01  -1.5158265e-01  -4.8858453e-01  -2.3999665e-01  -5.2117390e-01  -3.0804961e-02  -3.3844970e-02  -1.7777034e-01   5.6134720e-01   2.5384868e-01  -5.2681276e-01  -5.0782296e-02   4.6615418e-01   5.1619951e-01  -7.3240556e-02   3.7360229e-01  -5.8930582e-01   2.0873467e-01  -1.2017854e-01  -3.5577183e-02
   1.0340377e-01  -3.3768296e-02   0.0000000e+00   3.0651088e-01  -8.5369671e-02   4.7643567e-01   2.9925294e-01   4.9013533e-02   2.0435892e-01  -2.1024764e-02   2.2875128e-01   5.5358474e-01  -1.4015888e-01   9.6948503e-02   2.6940678e-01   4.1884453e-01   8.1591044e-01   7.0300634e-02   2.9367817e-01   8.3917837e-02  -2.2221119e-01   4.4139785e-02   1.2839071e-01   2.5456923e-01  -6.4551934e-02   3.2862578e-01  -3.4544285e-02   4.9597869e-01   5.2961425e-02  -1.4503906e-01  -1.1572317e-01   3.9237870e-01   4.1587562e-01   1.3304553e-01   2.2011780e-01  -8.8015541e-02  -3.2249428e-01   4.8807292e-02  -2.4016954e-03   5.8499862e-01  -8.0253249e-02   4.7054381e-01  -1.5011991e-01   3.4411915e-01   1.2242271e-01   4.2838968e-02   1.2256662e-01  -2.2513330e-01  -3.0870691e-01   5.1119213e-01   1.5723925e-01   2.1760332e-01  -3.7062760e-01   4.5338231e-01  -4.3796903e-04   5.4203948e-01   3.2787871e-01   1.3296326e-01   2.0477317e-01   4.6799356e-01   5.1885898e-01   2.8472589e-01   1.7313104e-01  -1.0528162e-01  -3.2795126e-01  -1.3195019e-01   2.2183495e-01   5.7419534e-02   1.7651968e-01   5.5316704e-01  -1.9483228e-01   8.6918172e-02  -1.9956352e-01   5.9208433e-01  -5.3255533e-02   3.6332128e-02   3.1880808e-01   3.3987977e-01  -1.1219472e-01   5.6198487e-02   4.6752790e-01  -3.9855031e-02   2.5374615e-01   1.3050732e-01   2.5062897e-01   1.8902830e-01  -2.5327363e-01   3.0360884e-01   2.0007845e-02   2.4447258e-01  -3.1403147e-01   6.7528219e-01   2.1937830e-01   3.9931573e-01  -1.7266228e-01  -2.5840012e-03  -1.2544269e-01   2.4473402e-01   2.9518617e-02  -8.6664443e-02   1.4947986e-01   1.6949106e-01   6.2589512e-02  -6.4759265e-02   2.2921112e-01   1.7560188e-01   4.1728303e-01   2.1560774e-01  -2.9402657e-01  -3.8431644e-01   3.4528630e-01   5.1532454e-01   1.4524425e-01  -1.4548634e-01   4.4188449e-01  -3.6654713e-01   3.9843523e-01   2.7102271e-02   3.5059915e-01   4.5386766e-01   1.1012783e-01  -1.5748579e-01   3.6431653e-02  -1.6101454e-01   2.3934858e-01   3.8545967e-01   2.4775513e-01   6.5514161e-03  -4.2405893e-01   5.2225517e-01  -2.2692791e-01   1.6736198e-02   3.1759935e-01  -1.8349680e-01   1.0511208e-01  -6.1948441e-02   1.1302536e-01   2.3803710e-01   7.1758395e-02  -2.0256116e-01  -4.5770062e-02  -1.9750139e-01   2.8005554e-01   5.8726256e-01   1.7374709e-01  -2.6883003e-01   3.4781953e-01  -1.8822007e-01   1.7790926e-01  -2.7934331e-01   6.8468961e-01   4.0180459e-03   2.2686816e-01  -1.3400705e-01   8.4495213e-01   4.9661450e-02  -1.3271615e-01   2.5744088e-01   6.2198814e-01   3.4423464e-01  -6.7687547e-02   7.8395058e-02  -1.1265730e-01  -4.4284606e-01   4.8810999e-01  -1.2256642e-01   2.5999071e-01   2.3489129e-01   8.6936600e-02  -2.7092066e-01  -1.2382915e-01  -1.5684351e-01  -2.0976702e-01   3.4277834e-01  -2.0891365e-01   1.5607661e-01   3.5768431e-01
   1.0695014e-02  -3.7758714e-01   3.0651088e-01   0.0000000e+00   3.6194905e-02   5.2929206e-01  -1.5051005e-01   3.5131688e-01   2.9330408e-01  -2.7962071e-02   2.8656352e-01  -7.5715415e-02  -2.2401163e-01   1.9772569e-01   6.6286341e-02   2.5669757e-01   2.3540798e-01   3.3028141e-01   1.5598989e-01   1.2709348e-01   7.0913301e-02   5.0851807e-01   1.0156129e-01   1.6740185e-01   1.8214834e-01   2.1611686e-01   1.1912362e-01   1.4720315e-01  -1.9111931e-03   3.7157827e-01  -3.4784005e-02   5.3091676e-01   2.5468350e-01  -2.2589870e-01  -2.1243939e-01   8.0647884e-02  -2.2026204e-01   6.8652281e-02  -4.2838554e-02  -5.7788202e-02  -1.0265834e-02   3.4165910e-01  -2.3606823e-01   3.7633512e-01  -6.4207278e-02   2.2332267e-01   4.2553907e-01  -2.5115634e-01  -1.4089651e-01   1.1114845e-01   3.6484392e-01   3.1853955e-01  -3.5864370e-01   1.5352186e-01   1.0012288e-01   3.3229437e-01   1.5719002e-01   3.5751859e-01   6.5515717e-01   1.4318458e-01   3.1596775e-01   7.7304318e-02   3.3685264e-02  -3.1336468e-02  -1.3523615e-01  -1.6951534e-01   4.8481630e-01   2.6970019e-02   4.6265889e-01   2.4876153e-01  -5.0858880e-01   3.4447690e-01  -5.9835884e-02  -9.8868885e-02   8.8952519e-03   4.3703501e-01   3.5269647e-01   2.1655119e-01  -1.0902381e-01   4.9171840e-01   3.0783918e-01  -6.6716385e-03  -1.5684654e-01   3.2980979e-01  -3.1080090e-01   4.1660192e-01  -3.6851487e-01   2.1464096e-01   1.3923731e-01   9.9938905e-02  -3.5275530e-01   3.4842916e-01  -3.0218233e-01   2.7859466e-01  -7.8528028e-02  -1.7269551e-01  -4.0771065e-02   1.3257091e-01   2.0301301e-01  -1.9845041e-01  -3.5235006e-01   8.3080596e-02   5.8067668e-01   5.9928583e-02   3.9598138e-01   6.8570046e-01   3.4678473e-01   4.7003819e-01  -3.0701845e-01   1.7961104e-01  -2.2278426e-01   6.3061916e-01   4.3024699e-01  -8.4367509e-02   5.8664295e-03  -3.4654621e-01   2.7062807e-01  -4.2025153e-02   4.4087729e-01   5.7195488e-01   3.4269896e-01  -3.2757787e-01  -2.3484078e-01  -2.2210782e-01   1.5928624e-01  -3.0144401e-01   8.8752764e-02   3.2579943e-02   1.0284830e-01   2.2273959e-01   3.7649552e-02  -1.0011355e-01  -4.6596893e-02  -2.5914092e-01   2.1311694e-01   3.8051137e-01   4.1868464e-01   2.2394929e-01   3.9080177e-01  -3.3300473e-01   8.5957517e-02  -1.7938704e-01   4.9850437e-01   4.9651004e-01  -1.1491990e-01   1.3121573e-01  -4.1322854e-01  -5.5288815e-02   1.1224879e-01  -2.7880654e-01   6.6918659e-02   3.4005316e-01   2.8348503e-01   8.8424298e-02   2.7959394e-01  -5.8961731e-02   2.1636319e-02   5.6370195e-01   3.3618486e-01   4.6270791e-01  -1.7586180e-02   4.4916290e-01  -5.7909165e-02   3.1019211e-01   4.3631005e-01  -2.6002929e-01   1.1267859e-01   4.6931892e-01   3.0408570e-01  -3.6947969e-01  -2.3425024e-01  -9.0734670e-02  -1.1338758e-02   4.5741944e-01  -1.3048441e-01   3.0581503e-01   5.7165651e-01
  -1.2760986e-01   4.4031481e-01  -8.5369671e-02   3.6194905e-02   0.0000000e+00  -2.3234521e-01   3.3165273e-02  -1.1989833e-01   4.0023414e-02   4.4229999e-01   2.3454126e-01   2.9668435e-01  -1.0259221e-01  -2.5436032e-01  -5.1788861e-02   1.9777529e-01   2.0464775e-02   4.1056928e-01  -6.8182118e-02   8.2511034e-01   1.4433838e-01  -2.2682255e-01  -3.6035515e-02  -1.6214066e-01   8.5725133e-02   7.2359043e-02   3.0882867e-01  -4.2098469e-01  -2.0726092e-01  -9.8258723e-02   1.4098392e-01   9.0538127e-02   5.8197345e-02   3.8719990e-01   3.4549205e-01   6.7373594e-01   5.5904517e-01   1.9884248e-02   3.8593640e-02   2.1316297e-01   2.0230350e-01   1.4408895e-01   2.0620658e-01  -8.1455805e-02   5.2091361e-01  -1.6660750e-01   3.3773654e-01   2.1686451e-01   2.6371157e-01   3.1514562e-01   2.4643676e-01  -2.2368051e-02   4.1145531e-01   1.0444262e-01  -1.0716398e-01  -2.2816710e-02  -1.8522213e-01  -5.9207734e-02   1.7370006e-01  -4.1174913e-03  -1.9510141e-01   2.8225848e-01   1.0575192e-01   2.0883236e-01   6.2907674e-01   6.8132555e-01  -3.9054271e-02  -4.8027785e-02  -1.3947556e-01  -2.3427938e-01   2.8772446e-01   1.7070618e-01   5.2965052e-01   1.0426113e-01   2.1054129e-01  -1.7334797e-01   6.7098737e-02  -1.1773961e-01   6.7527775e-01  -5.7293032e-02  -1.9392062e-01   3.8651143e-01   3.2954943e-01  -2.4641386e-01   6.9423271e-02  -1.3599813e-01   2.6258811e-01   1.7753222e-03   2.2029821e-01   9.4751787e-03   5.3743015e-01  -1.6021628e-01   5.1530026e-01   1.4246203e-01   1.3562423e-01   2.6055152e-01   1.9530027e-02  -1.7665187e-02   2.3944048e-01   3.4058654e-01  -8.7450259e-02   2.2516641e-01  -3.0966445e-01   1.6170745e-02  -3.8033625e-03   4.3021344e-02   1.1134252e-01  -1.5072384e-02   4.5226401e-01   1.6002800e-01   2.8010639e-01  -1.9264640e-01   2.2227179e-02   5.8993834e-02  -2.6833084e-01   5.8951306e-01  -7.1468357e-02   5.6192482e-01  -2.8405296e-01   9.6421196e-02  -4.6613232e-02   6.2311597e-01   1.4280502e-01   3.6445855e-01  -4.1492262e-02   1.0602334e-01   3.8825301e-01   5.6325592e-02   2.5170556e-02  -2.4895244e-01   8.7217594e-02   6.7008983e-01  -8.0528173e-02   1.8188123e-01  -1.2993518e-01  -2.0389332e-01   2.3859771e-01  -4.4659269e-01  -2.3922967e-01   1.0383575e-01  -2.2177412e-01  -2.6661207e-01  -4.2580188e-02  -3.9170317e-01   1.5990538e-01   1.0786453e-01   8.1612391e-02   5.6764546e-01   4.3068705e-01   3.7499296e-01  -1.5260332e-01  -3.7231806e-01  -4.4711336e-02   3.5066735e-01  -5.3292359e-02   2.2734288e-02  -8.9392220e-02   2.4017880e-01  -1.7811404e-02  -3.4445586e-01  -6.5655530e-02  -1.6588677e-01   2.9114426e-01   2.9286484e-01   1.2530436e-01   5.4068761e-01   3.9395973e-01  -3.7024825e-01  -2.9073246e-02   5.9995467e-01   5.5917942e-01   1.9658807e-01   6.3174207e-01  -3.8920003e-01   7.2685694e-02   1.4623730e-01   4.8045186e-02
   1.5812182e-01  -4.6854239e-01   4.7643567e-01   5.2929206e-01  -2.3234521e-01   0.0000000e+00  -1.3745598e-01   5.5442577e-01   3.1008698e-01  -7.4973111e-02   5.3139755e-01  -5.4520454e-02   7.2648067e-02   4.3439006e-02   1.5006273e-01   2.6632865e-01   3.4743122e-01   1.8401076e-01   4.6623528e-01   2.0891870e-02  -6.4190713e-02   5.4557633e-01   1.1767845e-01   8.6014339e-02  -9.1131978e-02   4.5879884e-01   1.0764754e-01   5.1918015e-01   2.3869733e-01   2.3817949e-01  -2.5990629e-01   3.6333166e-01   2.4001785e-01  -1.1789389e-01  -1.7191317e-01   6.6388075e-03  -3.5843686e-01   6.3583895e-02   1.6019625e-01   9.9762132e-02   1.3025405e-01   2.1149147e-01  -2.2165507e-01   5.2094899e-01  -1.1892473e-01   3.3079662e-01   4.8586528e-01  -4.0036968e-01  -1.3703408e-01   6.7871509e-02   2.4079488e-01   6.0516586e-01  -5.2728684e-01   1.9563155e-02  -1.5461530e-01   5.8723641e-01   6.3489789e-01   5.3090324e-01   4.0098709e-01   5.1109260e-01   5.0806651e-01   1.6889015e-01  -3.6116383e-02  -2.5811188e-01  -4.7321840e-01  -2.6071784e-01   7.9110449e-01  -8.8006921e-02   7.1366066e-01   4.5042009e-01  -6.3754457e-01   8.5742259e-02  -2.6051405e-01   3.1799203e-02  -2.7621675e-01   5.1256773e-01   3.1778879e-01   4.1849493e-01  -2.1804306e-01   4.0965584e-01   4.1511710e-01  -6.7131107e-02  -2.6915647e-02   5.5775557e-01  -2.7204262e-01   4.5529433e-01  -6.3901324e-01  -6.3110283e-02  -2.0949359e-01   1.7621321e-01  -3.9855183e-01   3.6674570e-01  -8.5653377e-02   2.5448969e-01  -1.7320468e-01  -3.2775812e-02   4.7520113e-02   5.7954751e-01  -7.1569421e-03  -3.3918183e-01  -3.3926540e-01   1.4434534e-01   4.7805484e-01  -3.5558569e-02   3.1313255e-01   4.9732953e-01   2.1858060e-01   7.5666431e-01  -4.6471134e-01   5.9542736e-02  -5.5716403e-02   6.6928584e-01  -6.2695863e-03  -1.4272710e-01   9.3718650e-02  -4.9874941e-01   5.9820390e-01  -1.1581221e-01   5.9146622e-01   2.3780957e-01   2.7856991e-01  -2.6516219e-01  -1.5216937e-01  -4.8550011e-01   1.6892282e-01  -1.2739696e-01   1.7296649e-02   3.3050296e-02   7.6542680e-02   3.9615626e-01  -2.2425535e-02  -1.3986948e-01   4.6764381e-02  -2.6182016e-01   2.2365449e-01   4.3035199e-01   3.1903898e-01   3.2060012e-01   4.9625661e-01  -4.0823932e-01   4.9830673e-02   9.3956054e-02   6.1807689e-01   7.1520750e-01  -1.6361387e-01  -1.8554551e-01  -2.7871949e-01  -1.3140410e-01   2.6126376e-01  -5.1571046e-01   1.7289628e-01   4.1502885e-01   1.0247283e-01   6.9372985e-02   4.7224171e-01  -1.3226674e-01   8.3617584e-02   3.2956326e-01   4.2461083e-01   6.0541639e-01  -7.1600762e-02   5.0614518e-01   1.0055813e-01  -2.4002102e-02   5.9090552e-01  -2.3558099e-01   1.3110483e-01   6.9074766e-01  -7.6249532e-02  -3.3111452e-01  -2.3901160e-01  -2.1382543e-01  -2.2693600e-01   8.4942964e-01  -1.7164166e-01   1.8108544e-01   6.3414775e-01
  -1.1361892e-01   3.8033019e-01   2.9925294e-01  -1.5051005e-01   3.3165273e-02  -1.3745598e-01   0.0000000e+00  -1.2640823e-01  -4.7157964e-02  -1.0760838e-01   7.7628039e-02   4.6643028e-01  -9.0357670e-02  -2.8489467e-02   4.8832213e-01   2.6718259e-01   1.5068162e-01   2.3051446e-01   8.6965892e-02   5.4038777e-02  -1.5633918e-02  -3.9679764e-01   5.4966196e-01  -1.3971580e-01  -1.6599453e-01   4.9964575e-02   5.6633540e-02   2.9545304e-01  -1.0989177e-01  -8.8804074e-02   2.2828073e-01   2.6859760e-01   1.5934099e-01   5.8188136e-01   2.0101503e-01  -1.6346237e-01   8.5372371e-02  -9.5961226e-02   2.8048557e-02   6.3874453e-01  -3.1118385e-02   2.8933050e-01  -3.4388225e-01  -7.4827659e-02   4.3349195e-01  -4.3600566e-01  -1.4341206e-01   4.3943658e-01  -8.5833890e-02   1.4390617e-01   3.0631863e-01  -7.4956529e-02   1.9457857e-01   3.0022879e-01   1.5168791e-01   1.1221448e-01   4.4905305e-02  -3.0832134e-01  -7.7390315e-02   4.0633582e-02  -2.1834905e-01   2.3158095e-01  -4.1806949e-02   2.6757355e-01   1.7450440e-01   4.4052018e-02  -2.9799224e-01   3.3436053e-02  -3.4515501e-01   8.5719137e-02   4.7321000e-01   1.9537280e-01   2.2740625e-01   4.1851541e-01   6.9967201e-02  -3.8704703e-01  -1.9656868e-01  -1.1464194e-01  -1.3603943e-01  -1.4475146e-01   5.0215220e-01   3.5186649e-01   3.0447305e-01  -3.8346164e-01   2.5476741e-01  -2.2741001e-02   4.0022699e-01   1.4723331e-01   1.1240657e-01  -2.0855707e-01  -1.3285504e-01   9.4129124e-02   3.0099569e-01  -9.5088177e-02  -2.2159185e-01  -2.0817147e-01  -3.4759167e-02   6.0027158e-02   1.6325256e-02   4.0408520e-01   4.5795352e-01   1.3229360e-01  -2.2896604e-01  -8.7979519e-02   4.2417011e-01  -1.7251976e-02   2.9023875e-01  -2.1906635e-01   6.6307717e-02  -4.6874844e-01   5.3857900e-01   1.4515626e-01   5.6158550e-02  -3.0593700e-01   7.2047720e-01   2.4355333e-02  -9.7292337e-02   5.4524724e-01  -2.5423393e-01   2.0185505e-01  -3.7846591e-01  -6.1028265e-02   6.7995278e-02   3.5217448e-01  -2.4179637e-01   1.9163518e-01   3.2514176e-01  -9.0151548e-02  -3.7018701e-01  -1.2179285e-03   1.4525998e-01   1.7469995e-01   1.3221522e-01   1.2288236e-01   1.4094653e-01  -2.9832494e-01   1.2651881e-01   2.6025773e-01  -2.4041763e-01   1.9913055e-01  -1.8635419e-01  -1.8291230e-01  -7.1690692e-02  -1.0580965e-01   7.0538358e-01   1.4890783e-01   7.3686814e-01  -1.1857083e-01  -1.0461690e-02   8.3202917e-02   3.3899873e-01  -1.7503000e-01  -1.4543980e-01  -8.1542744e-02   3.4169091e-01  -4.9617391e-02  -3.3355619e-01   5.5330938e-02   6.4952411e-02   1.1677266e-01  -5.9638580e-03  -3.3577879e-01  -2.2032614e-01  -1.5414685e-01   3.7411546e-02   7.9121524e-02   1.8335443e-01  -3.7425518e-01  -1.4886245e-01   1.0507902e-01   9.2847324e-02  -1.4595812e-01   1.8419357e-01  -3.1044569e-01  -1.6371510e-02   6.3771845e-02   2.5128395e-02
   1.7055630e-01  -3.3804008e-01   4.9013533e-02   3.5131688e-01  -1.1989833e-01   5.5442577e-01  -1.2640823e-01   0.0000000e+00   3.7087653e-01   1.5582363e-01   6.5605250e-01  -3.7629630e-01  -4.1096860e-02   2.2371574e-02   1.0648475e-01   8.4173955e-02  -3.9865167e-02   1.5288583e-01   2.7925588e-01   8.8414854e-02   2.2951666e-01   5.0575077e-01   2.1703043e-01  -1.2403974e-01  -1.1384312e-01   3.9684209e-01   7.2357021e-02   1.3287929e-01   1.5234462e-01   4.8945462e-01   5.8602526e-02   1.5714815e-01   1.6067785e-01   2.5462324e-02  -2.2705734e-01   1.8557426e-01  -2.3373546e-01   2.4467934e-03   2.3153712e-01  -1.4824663e-01   8.9989694e-02   6.2848406e-02  -3.3623059e-01   5.2841262e-01  -1.3161278e-01   3.9941973e-01   5.5103153e-01  -1.2348951e-01  -7.3168199e-02  -1.2600601e-01   1.9462539e-01   7.0887313e-01  -5.9482086e-02  -1.6685668e-01   1.1327086e-02   4.3276960e-01   3.6971460e-01   5.0674966e-01   4.0360898e-01   2.2170137e-01   1.8684816e-01  -2.1009116e-02  -1.5545450e-01   1.5813857e-01  -2.8162493e-01  -2.1670592e-02   5.4122276e-01  -5.6681010e-02   6.0217288e-01   2.1616624e-01  -3.8940323e-01   1.0141240e-01  -2.1092487e-01  -3.0366094e-01  -1.1793157e-01   8.1424291e-01   3.4405284e-01   2.3560899e-01   5.4855798e-02   4.4454151e-01   2.7286082e-01   4.9239864e-02   9.7413383e-02   5.3740463e-01  -4.3504911e-01   6.5053376e-01  -2.7439944e-01  -1.4972975e-01   1.7195924e-02  -1.3333649e-01  -1.7023142e-01  -1.9206421e-02   2.7055638e-02   2.6248118e-02  -9.6951619e-02  -1.6944040e-01   2.4785365e-02   4.6509094e-01  -3.6825206e-02  -5.7800276e-02  -3.0665537e-01   1.4046080e-01   5.7885113e-01   2.2964518e-01   3.1967484e-01   5.0897883e-01   2.5350778e-02   6.5742288e-01  -2.9706582e-01   4.6016993e-01   1.7685544e-02   3.5665550e-01   3.3233552e-05   5.9092199e-03  -2.4232539e-03  -8.7195470e-02   3.0697316e-01  -6.0864915e-02   3.4540765e-01   1.8747111e-02   3.1926291e-01  -1.3935712e-01  -1.6585919e-01  -2.5289186e-01   1.7113025e-01  -3.2139586e-01   3.0327855e-02   1.9002621e-02   3.3908242e-01   6.8313756e-02   2.2264912e-01   9.4680103e-02  -1.4010058e-01   7.5664156e-02   2.2370203e-01   8.2565102e-01   4.0363761e-01   2.8646824e-01   7.3525032e-01  -2.9288194e-01   1.6809362e-01   1.6713747e-01   7.0906304e-01   3.6931478e-01  -1.2178643e-01   2.6304315e-01  -4.6671221e-01   1.6057906e-01   4.7152885e-01  -1.9641433e-01  -1.7547681e-01   4.9627117e-01  -1.5113149e-02   4.3422428e-01   6.0991509e-02  -1.7794695e-01   3.3888610e-01   3.4684283e-01   1.4935759e-01   5.0985750e-01  -1.5342284e-01   5.7508508e-01   2.0898989e-01   2.3292567e-01   3.5460648e-01   7.7223992e-02   2.6666298e-01   4.3619264e-01  -2.1076696e-02   1.8567085e-02   1.2336465e-01  -1.1209035e-01  -8.3828287e-02   4.7688956e-01  -2.2835395e-01   1.7378954e-01   5.2042257e-01
   3.9250619e-01   1.0158186e-02   2.0435892e-01   2.9330408e-01   4.0023414e-02   3.1008698e-01  -4.7157964e-02   3.7087653e-01   0.0000000e+00   1.7529053e-01   2.4882643e-01  -9.4980836e-02   5.1296576e-03   2.9927178e-01  -1.1067196e-02   1.6258746e-01   1.5392502e-01   1.8888222e-01   2.9759712e-01   1.5881812e-01   2.5439501e-01   1.4285808e-01   1.1685401e-01   1.2305267e-01  -8.2077892e-02   2.8739471e-02  -1.0729518e-02   7.2323088e-02  -8.5386748e-02   4.1177640e-01  -6.1901708e-02   5.9809644e-02   3.8234144e-01   1.2588475e-02  -6.3797915e-02   7.9429644e-02  -1.7520463e-01   2.5015163e-01   1.6787080e-01   8.2585312e-02   2.7107015e-02   5.4505502e-02  -2.6955322e-01   2.9240237e-01   7.1007992e-02   4.1713651e-01   2.3890690e-01   4.2257058e-02  -1.3348781e-01  -1.5172528e-03  -1.1073178e-02   1.5441854e-01  -2.7310395e-02   1.3906942e-01   2.3578370e-01   1.7693553e-01   1.5643286e-01   2.9468125e-01   2.2621165e-01   2.5049588e-01   2.9692293e-01   2.4727429e-01   1.7412173e-01   1.1698194e-01  -4.1319258e-02   1.0428217e-01   3.2525292e-01  -5.0599589e-02   2.1050288e-01   2.3659799e-01  -1.8946261e-01  -1.5576299e-01  -1.0535999e-01   7.1358865e-02  -2.0121026e-01   4.6289799e-01   3.8860742e-01   2.4602188e-01   6.6350801e-02   1.6543118e-01  -3.7602438e-03   8.1347087e-02   7.2423223e-02   1.1698970e-01  -2.7636501e-02   2.7624801e-01  -1.0858454e-02   1.2046679e-02   3.8265528e-02   1.7466081e-01  -5.6346512e-03  -1.4924876e-02   1.2428920e-01   5.3828146e-02   1.1224461e-01   2.1680066e-02   8.2779460e-02   2.1526377e-01  -1.0647961e-01   1.1459809e-01  -1.6356584e-01   1.6454606e-01   4.2261707e-01   2.4333442e-01   1.1166286e-01   2.7924842e-01   3.3830748e-01   2.2551668e-01  -2.0402543e-01   1.2392147e-01   2.1680152e-02   2.5788406e-01   2.6555585e-01   2.7843843e-01  -4.6009037e-02   7.1108483e-02   1.8888181e-01  -8.7611061e-02   2.6885025e-01   1.4738422e-01   2.4505151e-01   6.9228934e-02   1.7546059e-01   5.9615153e-02   3.1888784e-01   2.8003084e-02   7.0088496e-02   1.4139996e-01   4.2057450e-02   1.3128872e-01   1.1946034e-01   1.3229958e-01   2.1349554e-01   2.7915236e-02   2.6555406e-01   3.4841511e-01   2.8961189e-01   1.1516295e-01   2.5795834e-01   2.4374358e-02   1.1727281e-01   1.4394534e-02   2.6363907e-01   2.6147231e-01   4.5697964e-02  -2.5410278e-03  -1.2159238e-01   4.0512524e-02   3.2773756e-01   1.1238287e-02   1.0031526e-01   7.2124456e-02  -7.3892462e-02  -3.7935971e-02   2.5720042e-01  -1.3191061e-01   2.7932363e-01   1.5956501e-01   1.7232787e-01   1.3384287e-01  -3.1587457e-01  -4.4263653e-02   2.3295981e-01  -4.6178035e-03   2.2063116e-01   1.3672007e-01  -1.1373114e-01   2.0230892e-01  -5.9145595e-02  -4.3442011e-02   1.3613246e-01   7.2717159e-02   6.5155442e-02   2.2010712e-01   3.0967254e-02   5.7785202e-02   4.6640090e-01
   2.1354230e-01   1.8701560e-01  -2.1024764e-02  -2.7962071e-02   4.4229999e-01  -7.4973111e-02  -1.0760838e-01   1.5582363e-01   1.7529053e-01   0.0000000e+00   1.9283955e-01  -3.0038245e-03  -6.4611164e-02   2.3219466e-01  -1.5887747e-02  -1.3156520e-01   1.2490966e-01   2.0411026e-01  -2.4197056e-01   4.9350924e-01   3.6085485e-01   1.9449962e-01   2.2899921e-01  -1.3331395e-02   1.0891333e-01  -5.3791126e-02  -7.9093760e-02  -1.9065434e-01  -1.6652732e-02   1.7461721e-01   1.2338998e-01  -1.6157891e-01  -1.5474960e-01   2.6969631e-01  -1.3506895e-01   3.8779063e-01   5.0643863e-01  -2.4398166e-01   1.1549318e-01  -4.5388869e-02   1.5349101e-01  -1.6097984e-01  -3.2728992e-02  -2.8555915e-02   3.1851118e-01   1.2314921e-01   2.0098470e-01   2.3764955e-01   1.0837509e-01   5.8239246e-02   8.0038560e-02   8.7369174e-02   2.2746689e-01  -3.5816493e-01   8.3308340e-02  -1.4684914e-02  -2.5286376e-01   1.5017106e-01   9.9909212e-02  -2.8395642e-02   5.7970408e-02   8.0997290e-02   6.2792092e-03   2.1094667e-01   4.0274537e-01   8.0717029e-01   1.3089585e-01   1.7183121e-02   1.0061080e-01   1.1587938e-01   1.6865972e-01  -1.0050867e-01   2.1163255e-01  -2.0075257e-01   1.7652183e-02   2.6543891e-01   1.3602293e-01  -1.8398113e-01   5.4367369e-01   8.1899605e-03  -1.2611792e-01   3.5944479e-01   2.4925597e-01   2.6325102e-02   2.5376563e-02  -9.9953007e-03   1.6364955e-01  -1.3909643e-01   2.5126183e-01   9.3380439e-02   4.6780961e-01  -1.1617543e-01   4.6674734e-01  -1.6826556e-01  -3.7365793e-03   2.7585170e-01   1.6780721e-02  -1.6057689e-01   9.8826837e-02   7.1455602e-01  -1.3782578e-02   5.0342154e-03   7.1639163e-02   2.3328796e-01  -3.1070009e-03   1.6041414e-01  -4.8652383e-02   6.1516561e-02   5.5390293e-01   4.8972539e-01   2.8568171e-02  -1.1343236e-01  -1.4052088e-02   3.4277247e-01  -8.6690393e-02   4.3977915e-01  -1.5510751e-01   1.0736672e-01   2.9100462e-01  -2.1115734e-01   6.0254844e-02   5.5988771e-01   1.7573646e-01   2.7997537e-01   1.9846981e-01   5.8559460e-02   5.5452207e-01  -3.1269080e-02   3.9141017e-01   1.9437035e-01   1.5068360e-01   5.2758172e-01   1.3966236e-01   2.6643260e-01  -7.1391789e-02   2.0515016e-01   3.8163092e-02  -8.1173926e-02   1.2214606e-01  -9.6091599e-02   2.6287729e-01   1.6133510e-01   1.8537397e-01   1.2303115e-01   2.6246876e-01   2.1547288e-01  -2.7493906e-01   5.4182231e-01   7.4847309e-01   6.0309042e-01  -8.9897958e-02   3.3796944e-02  -1.4176046e-01   4.4024374e-01   7.0577285e-03  -3.2518014e-02   3.0263735e-01   3.6379709e-03  -4.7251311e-02  -4.7479565e-02  -9.3847451e-02  -8.9413371e-02   7.1212077e-01   2.7978399e-01  -5.9964372e-02   6.0838211e-01   2.4801134e-01  -2.5344732e-02   4.7142656e-02   3.8909840e-01   7.1075732e-01   5.0452888e-02   3.2843922e-01  -9.9252894e-03  -6.4706292e-02  -5.4242738e-03   1.2555777e-01
   1.6405792e-02  -1.7216134e-01   2.2875128e-01   2.8656352e-01   2.3454126e-01   5.3139755e-01   7.7628039e-02   6.5605250e-01   2.4882643e-01   1.9283955e-01   0.0000000e+00  -7.7819919e-02  -5.9021688e-03  -1.4636267e-01   2.4895256e-01   3.5152817e-01   1.1231692e-01   4.5702048e-01   3.0569639e-01   4.0643734e-01   1.9963061e-01   2.8922920e-01   2.7405582e-01  -2.3656285e-01  -7.4029074e-02   4.0737673e-01   1.3197319e-01   1.3720362e-01   9.0874785e-02   3.0824124e-01   1.3902844e-03   2.7824716e-01   2.5006300e-01   3.6689395e-01  -3.2492188e-02   4.2144897e-01   6.4609400e-02  -5.7472159e-02   3.4466546e-01   1.4790842e-01   3.2248250e-01   2.3722440e-01  -1.7805126e-01   6.4518445e-01   2.0534392e-01   1.6222796e-01   7.5727566e-01  -9.4200272e-02   3.0613138e-02   1.1128570e-01   3.9349070e-01   5.0591165e-01   4.8019620e-02   2.5111946e-02  -3.3873881e-01   6.4594838e-01   4.1372063e-01   3.7695405e-01   4.3313836e-01   2.4753487e-01   2.3072850e-01   2.2941949e-01  -1.0019586e-01   1.6395337e-01  -5.5607761e-02   2.3106566e-01   4.4516634e-01   9.1607011e-03   5.3388768e-01   2.5631291e-01  -3.0163549e-01   2.5217843e-01   1.1571013e-01  -1.2878995e-01  -9.0950548e-02   4.0924733e-01   3.1547769e-01   3.3011869e-01   2.2233370e-01   3.7735204e-01   2.8974128e-01   1.9564960e-01   3.9599469e-01   2.8590135e-01  -2.8282028e-01   3.2487040e-01  -2.4805856e-01  -1.0246288e-01   5.4826233e-02  -9.1619288e-02  -6.1983657e-02   9.6875129e-02   4.0347286e-01   1.7649774e-01  -7.1031635e-02  -7.4697377e-02   5.1779067e-02   5.7851823e-01   8.5750370e-02   1.7075492e-02  -2.7100344e-01   2.9452494e-01   2.6977424e-01   1.1181942e-02   4.3631224e-01   4.2296309e-01   1.5334771e-01   6.4363211e-01  -1.4526729e-01   3.0305815e-01   3.5448966e-01   3.4561782e-01  -6.4113212e-02  -1.3780896e-01   4.9822449e-02   2.3771258e-02   4.6778101e-01   3.6019377e-01   2.2559343e-01   1.4001506e-01   1.8540897e-01   1.2639041e-01   1.9919706e-02  -1.4759309e-01   2.7428445e-02  -1.9808238e-01   2.8213536e-01   1.2248531e-01   1.2234835e-01   1.0935564e-01   1.8268191e-01   4.6647084e-01  -1.3772004e-01   1.4398480e-02   7.8646352e-02   3.3415746e-01   4.6079204e-01   1.2741896e-01   2.9473114e-01  -2.3678900e-01  -3.0545624e-02  -9.0434249e-02   7.5786634e-01   2.6189852e-01   1.2392484e-01   2.0767494e-01  -1.8844190e-01   3.3525498e-01   6.4287345e-01  -2.0235213e-01   1.3050634e-02   1.5583469e-01  -1.1635684e-01   6.1404296e-01   2.1513148e-01  -1.3320391e-01   1.3621307e-01   4.4884115e-01   2.9140355e-01   2.8975157e-01   1.8715022e-02   5.1621304e-01   3.0648628e-01   2.0764073e-01   5.3460889e-01   2.4041720e-01   5.9887809e-01   2.4890275e-01  -1.2888329e-01   2.8863797e-01   2.8714213e-01  -1.8286963e-02   1.8790371e-01   3.3197604e-01  -1.8687246e-01   2.1476626e-01   4.0535311e-01
  -1.3649834e-01   5.4950831e-01   5.5358474e-01  -7.5715415e-02   2.9668435e-01  -5.4520454e-02   4.6643028e-01  -3.7629630e-01  -9.4980836e-02  -3.0038245e-03  -7.7819919e-02   0.0000000e+00  -1.7578428e-01  -9.5453813e-02  -7.8986161e-03   3.1121806e-01   5.6858545e-01  -4.7175544e-02   1.3390054e-01   2.0418212e-01  -3.9668153e-01  -4.3093843e-01  -1.0462530e-01   1.9914967e-01  -5.5350144e-03   1.3880206e-01   9.5120591e-02   8.9701419e-02  -1.7305356e-01  -4.3366221e-01  -1.6560051e-01   1.6745442e-01   2.6359001e-01   3.6305221e-01   5.1561224e-01  -4.6502858e-02   5.9499605e-03  -2.8987199e-02  -1.6769036e-01   6.4309482e-01  -1.1766671e-01   4.1477583e-01   1.3208111e-01  -1.3255146e-01   3.9136864e-01  -4.0586836e-01  -2.2064413e-01   8.9336719e-02  -3.6477497e-01   6.6250559e-01   6.0067201e-02  -1.1129759e-01   6.3682098e-03   4.6055632e-01   1.7905065e-03   6.8871488e-02   5.6509868e-03  -2.9430033e-01  -5.6853278e-02   3.2729117e-01   5.7396136e-02   1.3162023e-01   1.9892343e-01  -5.8856313e-02   1.2033697e-01   1.8117301e-01  -1.5114636e-01  -8.3563641e-02  -3.7690599e-01   3.3500181e-02   2.6995587e-01   4.6991442e-02   1.3864113e-01   7.7984124e-01   1.6374828e-01  -4.3111092e-01  -6.2416922e-02   2.9568173e-02   1.9594154e-01  -3.0668635e-01   1.2344102e-01   1.9330423e-01   3.2661425e-01  -1.8424827e-01   4.4267097e-01  -1.7328657e-01   2.2626426e-01   2.7631663e-01   6.2823721e-02   1.1971950e-01   5.8727808e-03   3.8274168e-01   4.3130103e-01   2.7558578e-01  -1.8199225e-01   1.2855713e-01  -1.2941596e-01   5.7329708e-02   9.8974978e-03   6.6679242e-02   2.4007144e-01   1.6928401e-01  -4.7486800e-01  -8.0621210e-02  -9.6170653e-02  -1.5353143e-01   3.3013330e-01  -2.2433750e-01   7.5279202e-02  -4.1281413e-01   4.3084540e-01   4.4472529e-02  -6.8627739e-02  -2.1537084e-01   2.5736935e-01   1.0032009e-01   4.0108594e-02   3.1661051e-01  -1.9973750e-01   2.7271537e-01  -2.2487750e-01   1.4960486e-01   1.0047298e-01   4.2924189e-02  -4.9369360e-02   6.8047734e-01   3.1546847e-01  -2.3276809e-01  -5.1919027e-01   6.0440686e-02  -1.3412359e-01   1.9979031e-01   4.0319562e-01  -2.1218855e-01  -1.8029533e-01  -3.9709492e-01  -2.7672805e-02  -2.8099949e-01  -2.7575880e-01   1.5324673e-01  -1.2753718e-01  -2.9882520e-01  -1.8810341e-01  -2.8249286e-02   1.9073953e-01  -3.7233923e-01   6.2466535e-01  -5.4589569e-02   6.3387654e-02  -4.4706453e-02   4.9131418e-01  -3.9908247e-01   1.9658425e-01  -2.5997726e-02   5.7027141e-01   1.8893532e-01  -3.7826994e-01   3.6745946e-02   2.8502967e-01  -1.2865207e-01  -1.2517725e-01  -2.9441761e-01  -2.5171579e-01  -3.8155129e-01   1.8322257e-01   2.3502605e-01   3.8059051e-01  -2.7830900e-01   5.6978236e-02   1.2462746e-01   1.5910638e-01  -6.4238451e-02   6.5012260e-02  -1.4941030e-01   6.0193208e-02   8.6529948e-02   1.1387797e-01
   6.8175123e-02  -8.3215094e-02  -1.4015888e-01  -2.2401163e-01  -1.0259221e-01   7.2648067e-02  -9.0357670e-02  -4.1096860e-02   5.1296576e-03  -6.4611164e-02  -5.9021688e-03  -1.7578428e-01   0.0000000e+00  -6.1119730e-02   4.1460707e-02   4.3597265e-02  -1.9841047e-01  -2.2710774e-01   1.2007815e-01  -1.1851245e-01  -2.6462351e-02  -2.3630200e-01  -1.8945290e-01  -2.3468509e-01  -1.6050210e-01  -3.8130458e-01  -2.6085486e-01   2.4552082e-01   1.4340574e-01  -1.2643053e-01  -1.1021933e-01  -3.6552403e-01  -4.3100274e-02  -8.6196906e-02  -1.4910933e-02  -2.0715108e-01  -2.0978827e-01  -1.0730613e-02   2.3622789e-01  -2.1417721e-01   3.1595729e-01  -1.8956664e-01   1.0234401e-01   1.2740626e-01  -8.4830418e-02  -2.5568829e-02  -5.5398494e-02  -1.3728119e-01   4.8110397e-02  -3.2322184e-01  -3.9072084e-01  -2.1135809e-01  -4.2838954e-02   2.8130680e-03  -7.4237054e-02   5.9245835e-02   1.9215055e-01   8.1489461e-02  -3.2702478e-01   6.7164886e-02   1.1178383e-02   1.4188457e-01   1.3369116e-01  -8.1495790e-02  -1.5542118e-01  -4.7206044e-02   1.1983377e-02  -3.3549819e-02  -5.9679220e-02   7.8319063e-02  -1.3505562e-01  -1.5441883e-01  -6.5844638e-02  -1.1082453e-01  -3.7320753e-01   1.8874835e-02  -4.9272319e-02   1.3295661e-01  -8.0539145e-02  -1.5017322e-01  -1.5217318e-01   1.5547298e-03  -4.7985130e-02  -2.2044893e-01  -9.5640604e-02  -1.5900600e-01  -2.9451086e-01  -1.6738225e-01  -2.9687677e-01  -2.9913105e-02   2.9945338e-01  -1.5791688e-01  -3.3349350e-02  -6.9579587e-03  -2.3663550e-02   5.5302753e-01   1.9555096e-01   1.2196574e-01  -2.1806606e-01  -1.5734931e-01  -1.1865685e-01   1.9146151e-01   3.9075558e-02  -3.7071286e-01  -1.8970011e-01  -3.5919809e-01  -1.5380820e-01  -3.8277006e-02  -9.4219251e-02  -1.4496060e-01   2.1166461e-02  -3.4720445e-02  -1.0190185e-01  -9.0376746e-02  -8.5689877e-02  -3.7427547e-03  -6.1608103e-02  -4.3186575e-02   6.2741481e-03  -2.3032475e-01  -2.3585846e-01   2.1945793e-01   1.0572135e-01  -1.3834476e-01  -1.5237059e-01   3.8114138e-02  -3.7806501e-01   1.6587885e-01  -2.0100906e-01   5.7312945e-02  -1.1377947e-02  -1.0372345e-01  -2.2361972e-01  -6.9235764e-02   1.0561988e-02  -1.0658046e-01   3.0242287e-02   8.9522913e-02  -9.2581489e-02  -1.7936751e-01  -2.9123693e-01   5.3748286e-01  -5.2345065e-02  -4.8426413e-02  -1.8326260e-02  -1.0727266e-01   9.7616093e-02   4.4272527e-03  -1.3057101e-01  -1.3325957e-01  -4.1509874e-03  -1.7155842e-01  -2.8334573e-01  -2.4877916e-01  -9.0631103e-02  -2.9875354e-01  -9.8689856e-02  -1.9666253e-01  -1.2518018e-01  -7.9392211e-02  -1.1534690e-01  -1.3508944e-01   2.9035812e-01  -1.2047116e-01  -1.5730267e-01  -4.7723747e-03  -7.7022685e-02   2.3526037e-02  -3.7421348e-01  -7.9974088e-02  -9.7655123e-02  -1.5022593e-01   6.0950787e-02  -2.7710929e-02   1.1646976e-01  -5.4280510e-02  -1.4422965e-01
   5.9580824e-01   1.3366517e-01   9.6948503e-02   1.9772569e-01  -2.5436032e-01   4.3439006e-02  -2.8489467e-02   2.2371574e-02   2.9927178e-01   2.3219466e-01  -1.4636267e-01  -9.5453813e-02  -6.1119730e-02   0.0000000e+00   1.2399096e-01  -1.9049826e-01   1.9967976e-01   9.6644231e-03   8.6987027e-02  -1.4625673e-01   1.8773011e-01   2.0020563e-01   1.3889852e-01   1.9940269e-01   8.6194439e-02  -2.1365366e-01  -1.5551937e-01   7.5773078e-02   4.7219389e-02   5.3558715e-01   7.7340367e-02  -1.1521201e-01  -8.0047393e-02   1.2290605e-01  -4.0457738e-01  -3.7345802e-01  -5.8548244e-02   8.8466255e-02  -1.1190980e-01  -4.1157092e-02  -4.0318223e-02  -1.5620257e-01  -1.3758828e-01   1.2582546e-01  -8.5974407e-02   1.5535764e-01  -2.4092100e-01   2.8505389e-01  -2.5816970e-01  -7.2875489e-02  -1.4882205e-01  -1.4480440e-01   3.6470893e-02  -1.8166503e-01   3.6121687e-01   1.1707264e-02  -1.0063887e-01   4.2752261e-02   1.0105271e-01  -1.9875571e-01   3.0301013e-01  -1.8257836e-01   2.3887001e-01   2.6625005e-01   9.2681182e-02   1.3976324e-01   9.7489921e-02   4.8675793e-02  -1.1307504e-01   2.8324763e-01   3.6271704e-02  -1.2323779e-01   3.4622955e-02  -4.9995581e-02  -3.5326126e-01   1.7267497e-01   4.6833319e-03  -1.5352440e-01  -5.2128794e-02   2.0715453e-01  -1.9579551e-05  -1.7768926e-03   1.1789318e-01   2.3929439e-02   2.1303545e-01   1.5982792e-02   1.9751472e-01  -3.2391147e-02   1.0065873e-01   1.2085633e-01  -8.0580748e-02   6.9303694e-03  -5.3789169e-02  -2.6086836e-01   7.5752469e-02   1.0975783e-01  -3.5758099e-02  -1.9997378e-01  -1.6846383e-01   1.9871550e-01   2.2961835e-01   2.3460276e-01   4.7925922e-01   4.8670245e-01  -2.3282370e-03   1.6426927e-01   2.1287650e-01  -1.5850314e-01  -1.0713875e-02   1.5402194e-01  -8.6443727e-02   1.2542563e-01   1.9269937e-01   4.0839275e-01   1.8395011e-01  -2.5601133e-02  -2.3506368e-01  -1.5839009e-01   4.3068356e-01  -8.2473164e-02  -1.1567054e-01  -5.5649224e-02   5.2403724e-03   1.8769632e-01   1.5782081e-01   1.4000732e-01   1.6208799e-01   2.8234362e-02   4.4114035e-02   5.0307729e-01  -6.0177330e-02  -9.8341746e-02   5.3641204e-01   4.4016174e-02   2.7938530e-02   2.5321582e-02  -1.1240597e-01   3.8962792e-01  -5.4828432e-02   1.6886495e-01   4.8237325e-01   2.7733339e-02  -5.0451869e-02   3.7144899e-01   9.3270881e-02   3.3282598e-01  -1.4717455e-01  -9.4731446e-02   1.2733418e-01   1.2852618e-01   1.4594212e-01   2.3317444e-01  -3.4730534e-02  -9.5482898e-02   2.3265897e-01  -4.5677368e-02   2.4891094e-01  -1.2340301e-01   1.9382817e-02   1.1113677e-01  -1.2396712e-01  -1.0055952e-01   9.4393053e-02   2.0810629e-01  -2.8162197e-01   6.8436474e-02  -7.5495169e-02   2.2724063e-01   2.4041051e-01  -2.3741014e-01   8.4737803e-02  -7.9059566e-02  -9.5750112e-02   1.0660716e-01   5.3579086e-02  -6.9316021e-02   1.6604015e-01
