   0.0000000e+00   3.1887644e-02   2.2881685e-01   9.5715724e-02   1.7526483e-02   9.9163735e-02   9.4907242e-03   3.2488135e-01   3.4524460e-02  -9.1231896e-02  -1.9502611e-01   2.7663461e-02   2.3168616e-02   2.5520602e-01  -1.0958411e-01  -2.8806636e-01   2.2830990e-01  -3.5060927e-01  -1.3129547e-01  -2.4462783e-02  -1.8031798e-01   8.5329906e-03   4.5330028e-02   6.9879431e-01   1.0718474e-01   2.6765358e-03   7.0107818e-03  -2.9925379e-03   4.5241454e-02  -2.1604476e-01  -2.0209783e-01  -4.5345737e-02  -2.3965025e-03  -1.1708247e-01  -2.3668380e-02  -2.5251274e-01  -2.0953911e-01   3.3449853e-01  -3.8944708e-01   3.3733572e-02  -4.1285917e-01  -1.0083307e-01   7.6793752e-02  -1.5746842e-01  -1.5808086e-01   3.8748361e-01  -1.4152042e-01  -1.2012538e-01  -2.0517067e-01   2.5833242e-01  -1.9616532e-01  -9.3440987e-02  -2.3499302e-01  -1.2470717e-01   1.9459523e-01  -2.0809877e-01  -9.1004507e-02   2.1911264e-01  -2.7006162e-01   1.6302344e-01   3.6875437e-01  -2.8743049e-01   1.2480735e-01  -3.6231311e-01  -2.2054446e-01  -5.0402987e-02   1.4083588e-01   1.7332874e-01  -1.3589052e-01   5.3247400e-01  -1.0933370e-01   8.9443987e-02  -4.5860884e-01   2.4288807e-01   6.4680565e-02   1.9228726e-01   2.8666850e-01   2.3197508e-01  -1.5148655e-02  -1.1015330e-01  -1.8531630e-01  -3.7266018e-01  -1.7550687e-01   3.1585344e-02   5.3906194e-01   1.7848366e-01  -5.5649033e-02   1.2745857e-01   3.8028304e-02   6.7471555e-01  -6.6288460e-02   4.6580778e-01   3.5031444e-02   6.4911717e-02   3.6048103e-01   6.1330720e-02   5.1799985e-02   1.9113217e-01  -1.9058490e-01  -1.9684470e-02   2.2832489e-01  -2.6857716e-02   1.2132500e-01  -9.0615943e-02   9.8658856e-02   2.1640263e-01  -9.8661403e-02   7.0687152e-02   9.2252230e-02  -5.6621077e-02  -6.8961661e-02   1.2606371e-01   6.7702604e-02   6.7416059e-01   1.1117124e-02  -1.3317391e-01   6.0892795e-02  -2.3643337e-01   6.4929718e-02  -1.0470341e-01   5.0957652e-01   7.2849673e-02  -1.4683040e-01  -1.4154293e-01   4.3971332e-01   1.8346626e-01  -9.9193994e-02   7.2025765e-02   1.8455283e-01   5.5953546e-01  -3.2717455e-01  -2.3498746e-01   3.5550353e-01  -3.1256685e-01   8.9425310e-02   9.6866486e-02   3.6034310e-02  -1.5420518e-01   1.7835726e-01   6.0017233e-01   6.7986654e-01   7.2484586e-02   1.1591319e-01   7.9715149e-02  -2.2055502e-01  -1.2315158e-01  -1.6058286e-01  -2.1226653e-01   8.2331896e-02  -5.0005902e-02   5.6666534e-01  -4.9746049e-02   4.0278425e-01  -4.7530137e-01   3.6749179e-02   5.1219551e-01   4.5731128e-01  -2.7315891e-01   3.6364636e-01   1.0692259e-01  -1.0736210e-01  -2.6557618e-01  -2.2264127e-01  -9.9141048e-02   1.1966625e-01   7.6052506e-02  -3.6214459e-02  -8.9220326e-04   3.8506487e-01   6.4024219e-02   1.0248500e-01   2.0372349e-01  -2.3084756e-01  -3.9473626e-02  -2.7298198e-02   4.0433623e-02   1.1832923e-01
   3.1887644e-02   0.0000000e+00   1.6640080e-01   2.1478598e-01   9.4622189e-02  -6.2294493e-02   2.6436654e-01   7.5370051e-02   6.2788265e-01  -1.8093478e-01  -2.8148155e-01   5.8161304e-01  -1.6292510e-01   9.4824902e-04  -1.4330472e-01  -3.5866857e-01   3.2755013e-01   2.2462465e-02  -9.3316295e-02   1.3618388e-01  -3.9542311e-01   9.8538443e-03  -3.7451508e-01   3.5335703e-02   4.5856844e-02   4.8909390e-02  -6.9957370e-02  -4.7136527e-01   2.1591686e-01   4.7297394e-01   2.0178715e-01   1.9534048e-01  -1.7216754e-01  -1.6029519e-01   4.8467939e-01  -3.0586633e-01   7.7017987e-02  -1.8395385e-01  -2.8185639e-01   7.6372128e-02  -2.9994344e-01  -9.5374510e-02   6.0580524e-01  -4.4835247e-01   3.7129113e-01   8.9423486e-02  -2.5105094e-01   4.1480742e-01  -2.1616972e-01   2.6019348e-01  -2.3071259e-01   1.0472100e-01   4.5729481e-01   2.0738312e-01  -2.9740175e-02  -3.5697086e-01  -1.9980685e-02   1.2023586e-02  -7.1397083e-02   3.4663410e-01   1.0185081e-01  -3.2030249e-01   6.1681826e-01   3.5650815e-01   6.9296502e-01  -1.7680424e-01   3.5472347e-02   4.0752262e-01  -1.0226394e-01   4.3693988e-02   3.2523487e-01   1.9385270e-01  -2.3915772e-01   2.3356446e-01   7.1482961e-02   1.1438447e-01   4.8932184e-02  -1.6893850e-02   5.4349038e-01  -6.6804731e-02  -4.2903093e-01  -1.5333816e-01   1.9037292e-03  -2.9129471e-01  -4.3332415e-02   1.1067314e-01   6.7628371e-01   2.2544372e-01   3.7195377e-01   4.6166393e-02   5.6938323e-01   1.9155843e-01  -1.6241497e-01   3.2293099e-01  -1.0582356e-01   1.6579117e-01   5.8257924e-02   2.8478492e-02   1.1893663e-02  -2.5073240e-01  -2.4869720e-01  -5.0106903e-02  -3.3058457e-01   6.5503024e-01  -4.6691296e-02   3.1331290e-01   3.4653261e-01   6.3654428e-02  -2.0146676e-01  -4.4039768e-01  -2.7801415e-01  -3.7363102e-01   1.6822753e-01   1.1197690e-01  -3.6293669e-01   5.7419385e-01  -7.6074417e-02  -1.7447769e-01  -4.1132072e-01   5.3066057e-02  -4.5238482e-03   2.7668776e-01   5.1762363e-01   5.6461489e-01   9.8473660e-02   6.7810730e-02  -1.0621269e-01   1.9848483e-01   4.0166389e-01   1.1791033e-01  -8.7509554e-02  -1.8703628e-01   3.9922254e-01  -1.7336214e-01   4.2134611e-01   1.1777278e-01   8.4445158e-02  -1.5771155e-01   1.4347686e-01   9.9120505e-02  -1.8574473e-02  -1.5210231e-01  -1.0624415e-01  -3.2641763e-01  -3.5656743e-01  -2.9191290e-01  -1.7579637e-01  -2.8439710e-01  -3.3531600e-01  -4.4590619e-01  -6.7986327e-02  -3.7445500e-01   1.2047639e-01  -1.2699091e-01   4.8764645e-01  -6.6804165e-02   2.7201292e-02  -1.4960569e-01   2.3228303e-01  -2.5538585e-01   4.0891489e-01  -1.1153066e-01  -2.3797462e-01  -1.2200624e-01   3.4688704e-02   3.1819222e-01  -3.5576261e-01  -1.9564636e-01   6.6892949e-02   2.9041122e-01   5.7478194e-01  -9.7138735e-02   3.6301634e-01  -2.6443198e-01   1.6562904e-01   6.9481774e-02   1.0046746e-01
   2.2881685e-01   1.6640080e-01   0.0000000e+00   1.2344851e-01   1.3379776e-01   1.7660904e-01  -1.7914079e-01   1.4633313e-01   2.5147658e-01  -2.2951742e-01   2.5600406e-02   3.7550360e-01  -8.6834380e-02   3.9919641e-01  -1.3774366e-02  -6.2711397e-02   7.9527820e-01  -9.3928750e-02   3.9552130e-01   1.1699656e-01   8.2876896e-02   1.8183811e-01  -1.0663322e-01   1.8437695e-01   1.5822869e-01   2.2029599e-01   1.2027282e-01   1.0427697e-01  -1.2728955e-01  -9.3388996e-02   5.9138581e-02  -4.5462441e-02   3.6854155e-01  -2.5820582e-02  -2.3788238e-01  -1.5245329e-01  -3.3328644e-01   7.0475376e-02  -8.9576041e-02   2.7723381e-02  -1.1254857e-01   4.8047142e-01   1.6816363e-01   8.6564965e-02  -1.3802798e-01   5.3286044e-01  -6.0750178e-02  -2.6774816e-01  -3.9784401e-02   2.7125900e-01  -2.1135082e-01   2.1702903e-01  -9.8736278e-02   4.4690852e-01   2.0750748e-01   1.3632566e-01   3.8300135e-01   2.0032109e-01  -1.9032385e-01   2.7958647e-01   6.5649569e-01  -1.3055170e-01   2.2606128e-01  -2.0458905e-01   4.0839984e-02  -1.5403422e-01   3.4186042e-01   1.4162085e-01   1.1903899e-01   6.5103835e-01   1.9490226e-01  -1.1879211e-01  -1.3187033e-01   4.0696486e-01   4.1461719e-01  -4.4088549e-02   6.1056319e-01   2.7154639e-01   3.5612802e-02   2.3487184e-02  -1.0181433e-01  -2.1993832e-01   1.7255017e-01   1.7067861e-01   3.3087303e-01  -1.9875968e-02   2.1747621e-02   3.1644150e-01   1.8313621e-01   1.6154925e-01   1.5989031e-01   7.2202804e-01   1.8575911e-01   1.7303871e-01   2.4731110e-01   1.6780646e-01   3.7960945e-02   3.2784613e-01   1.3007164e-01  -2.8517331e-01   2.5117206e-01  -1.6806585e-01  -8.4504968e-03   8.4021094e-02  -2.3539815e-01   3.5465961e-01   2.8604626e-01   2.7672544e-01  -9.5763030e-02   1.3600242e-01   5.2889553e-02  -1.3487982e-01  -4.1961990e-02   2.7118387e-02   1.9680892e-01   6.4665679e-02   1.0919602e-01  -1.7242897e-01   3.7776122e-01  -9.2286292e-02   4.1705527e-01   1.8433827e-01   7.0431003e-02   7.0891229e-02   3.6907468e-01   3.5080312e-01  -1.1938537e-02   3.1569598e-01   3.2851107e-01   4.4954022e-01   5.5854287e-03  -1.2891960e-01   4.3521196e-01  -1.3546817e-01   2.7838475e-01   1.3980984e-02   2.0260235e-01  -1.3301784e-01   8.3177170e-02   1.7851702e-01   1.6975567e-01  -8.1829931e-03  -1.2099590e-02   4.2103328e-01  -1.0657157e-01   5.9784316e-03   9.2958165e-02  -1.7176978e-01  -5.0572334e-02  -1.9235086e-01   4.2203670e-01  -1.1447472e-01   6.1029840e-01   1.2451655e-02   3.3704787e-01  -3.1389832e-03   3.6980769e-01  -1.4833628e-01   6.3145801e-01  -6.5265572e-02  -9.8921564e-02  -4.7015621e-02  -1.3348216e-01  -4.9706596e-02   3.6650642e-01   1.1822828e-01   1.1966230e-01   6.3005060e-02   6.2345559e-01   3.4642167e-01   1.0785539e-01   1.3863937e-01  -3.2472608e-02   3.0248957e-01   1.6097314e-01   1.6918797e-01   4.7674590e-01
   9.5715724e-02   2.1478598e-01   1.2344851e-01   0.0000000e+00   2.1666753e-01   7.0166793e-02  -2.1140526e-01   6.1600018e-02   3.9276348e-01  -1.9090389e-01   1.7629164e-01   9.3937716e-02   2.3790619e-01   1.6690775e-01  -2.8273546e-01  -1.3412218e-01   3.2956904e-01   2.3877698e-01   1.9569984e-01   3.0338469e-01   1.6761692e-01   4.3794132e-01   1.3243596e-01   4.7515257e-02   1.0377569e-01   1.5365978e-01   2.0262234e-01  -1.4510853e-01   4.8194862e-02   2.0429190e-01  -5.3666662e-02   4.8974597e-01   1.5496714e-01  -3.5613885e-01  -4.4253419e-02   9.3318223e-02  -2.7808320e-01  -1.3840069e-01  -1.0695806e-01   2.0179605e-01   1.3322747e-01   2.2601335e-01   2.1205271e-01   9.2447389e-03   6.2346174e-02  -4.2030948e-02   3.0664917e-01  -1.6560128e-01   2.6222349e-01   1.5657802e-01   9.3757308e-02   9.7606054e-02  -2.7331172e-01   2.3420962e-01  -8.7035242e-02   6.9210650e-02   1.3862545e-01   3.9317422e-01   2.3256528e-01   2.7593028e-01   9.3853356e-03   1.8667408e-01   3.2362505e-01  -1.7181119e-01   3.4683024e-01  -3.7532663e-01   1.4269788e-01   3.2715804e-01   4.1796377e-01   5.9459510e-02   1.3335449e-02   3.9146765e-01  -2.9076727e-02   1.3753511e-01   1.1175897e-01   2.3411631e-01  -1.1360056e-01   3.2906100e-01   2.3520397e-01   2.6586731e-01  -2.4927128e-01  -1.2325106e-01  -2.2266032e-01   8.4331716e-02  -6.1254434e-02   1.2456733e-01  -4.4958962e-02   1.1484399e-01   2.0819676e-01  -2.8449997e-02   3.1203358e-01   2.3280941e-01  -1.4164362e-01   4.1775267e-01  -2.0574856e-01   3.0624958e-01   2.9317257e-01   2.9130454e-01   2.7623409e-01  -1.0751953e-01  -6.4767655e-02  -1.7708950e-01   1.3364565e-01   3.1528393e-01   2.6070190e-01   3.0952598e-01   3.3368994e-01   3.4405770e-01  -7.2645588e-03   4.0254088e-02  -3.3101486e-01   2.6094206e-01   5.3917719e-01  -2.9206785e-02  -6.9448335e-02   9.2234071e-02   1.5037937e-01   4.3318607e-02  -3.9210235e-03   2.6693375e-01   4.3533885e-02   2.4051037e-01   1.6680355e-01   1.2582557e-01  -5.3683134e-03   2.1251133e-01   3.8851159e-02   4.0933333e-01   4.5352574e-01   8.0674177e-02  -1.7753770e-01  -2.2180406e-01   1.7678016e-01  -1.5426559e-01   4.2915242e-01   1.2421796e-01   3.5600616e-01  -1.9727137e-01   2.0197070e-01   1.1938112e-02  -5.5224300e-02   3.5801576e-01   2.7182636e-01  -1.1310804e-01  -3.1943647e-01   4.2521548e-02  -1.4578573e-01  -5.6064866e-02   2.4600106e-02  -6.3965886e-02   4.5918940e-02  -1.2940904e-01   4.6197103e-02  -8.2508497e-02   2.1209965e-01  -8.8628800e-02   9.4688552e-03   1.2631071e-01   3.4744256e-01   1.2122327e-02   1.5447532e-01   2.6080789e-01  -1.2330857e-01   2.8639701e-01   3.1374537e-01   6.6698978e-02  -2.6433974e-01  -1.1891407e-01   1.5863461e-01   9.9454887e-02   1.9612536e-01  -3.4600216e-01   3.6555660e-01  -1.2473275e-01   1.0712541e-01   2.4266081e-01   4.7800475e-01
   1.7526483e-02   9.4622189e-02   1.3379776e-01   2.1666753e-01   0.0000000e+00   2.7744486e-01  -2.6206817e-01   2.0691670e-02  -1.9038078e-02  -3.8615928e-02  -1.9461729e-01   1.6625259e-01   9.9287802e-02   5.5587927e-02  -3.6494667e-01  -8.4054912e-02   2.8486769e-01  -6.9598974e-02  -1.5835608e-01   7.7186438e-01   8.6792984e-02   7.2867762e-02  -1.4738468e-01  -1.3588191e-01  -8.8239764e-03  -9.6483561e-03   3.6125048e-01  -3.5098231e-01   1.4218467e-01   4.6765075e-02  -2.2923460e-01   1.5585526e-01   1.6666187e-01  -2.3282929e-01  -1.2661889e-01   2.2348912e-01  -3.2856816e-02   4.6961880e-04   1.8587364e-02   2.5842461e-01   6.2627982e-02   1.9204775e-01   6.8772874e-02  -1.2485729e-01   9.4824633e-02   1.5046592e-01   5.8252694e-02  -5.1180612e-02   2.9659636e-01   2.7334830e-01  -2.1070354e-01  -5.7465196e-02   5.7787277e-02   2.0629775e-01   9.8905367e-04  -1.5054147e-01   8.0571666e-03   1.5818776e-01   9.0884772e-03   1.1412230e-01   8.6404086e-02   1.4451958e-01  -1.1941374e-01  -3.0133778e-01   2.8655326e-02  -1.0988209e-01   4.2755196e-01   2.5778245e-01   2.3963289e-02   1.1765615e-01   9.2371470e-02   1.9952252e-01  -4.3243606e-02   6.9209662e-02   2.5644552e-01  -2.3318669e-01   7.9051188e-02   1.8936552e-01   5.3842328e-01   2.8702563e-01  -4.7387555e-01   1.8474590e-02   1.2184569e-02  -4.2286922e-02   2.1665851e-01  -1.6390374e-01  -1.7746649e-01  -2.4220855e-01   1.0933908e-01   9.2035631e-02   5.0917583e-01   1.5558228e-01   1.9239435e-01   1.3319152e-01   7.7534206e-02   7.1437916e-01   4.5511626e-01   1.4850354e-01   5.4367341e-01  -2.1961449e-01  -4.3931574e-02  -3.3157141e-01  -2.1277932e-01   3.9581181e-02  -6.0497032e-02   1.2693484e-01   3.3524527e-01   7.4070936e-02  -5.1357139e-02   2.8706781e-01  -2.7397841e-01   6.6638930e-02   2.8931837e-01   4.9042484e-02  -1.5318266e-01   2.3033586e-01   1.3052700e-01   8.4267744e-02   9.0645154e-02   1.2987746e-01   8.5997589e-02   6.6549915e-01   1.3626635e-01   8.0545669e-02   3.0305498e-02  -3.8975749e-02  -5.4185409e-02   2.5776408e-01   3.2012162e-02   2.0421912e-01   4.6683521e-02  -1.1266247e-01   1.6169762e-01  -1.9601372e-01   4.4168735e-02  -1.2598237e-01   3.7208708e-01  -2.4884585e-01  -2.0391715e-01   2.7068081e-01  -1.4233693e-02   2.8927145e-01   5.5057430e-02  -1.7385167e-01  -4.7064862e-01  -2.3230163e-01  -3.1853663e-01  -4.4156325e-03  -7.5989666e-03   1.5833752e-01   5.7774687e-02  -2.5752222e-01   5.2241398e-02  -1.3983446e-01   1.8843799e-01   7.4132034e-02   2.8987972e-01  -6.9348457e-02   2.5684441e-01  -3.9122586e-01   1.8537151e-01  -2.3201002e-02   5.6557625e-02   7.4283610e-03   1.3197217e-01  -6.1870693e-02  -2.4617369e-01  -2.4527940e-01   1.5056556e-01   6.3902527e-01   3.3112385e-01   1.3359520e-02   5.1522273e-02  -1.7947292e-01   1.4826225e-01   3.5989004e-01   1.3656506e-01
   9.9163735e-02  -6.2294493e-02   1.7660904e-01   7.0166793e-02   2.7744486e-01   0.0000000e+00   3.9002567e-01  -8.2308180e-02  -1.7458973e-01   2.6944438e-01  -1.0967506e-01   3.6149002e-01   3.4685463e-01  -1.0811467e-02   5.5119749e-02   2.3014678e-01   1.0053996e-01  -3.2210331e-01   1.1083350e-01   3.7593784e-01  -1.3728062e-02  -3.4913802e-02   1.2606367e-01  -1.2741964e-01   9.5457386e-02  -1.1248552e-01   5.4678737e-01   1.5914061e-01  -1.2989002e-01  -2.0505955e-01  -3.1238952e-01   1.3297636e-01   2.2645771e-01   2.2858215e-01   1.0526593e-01   1.7914140e-01   1.8631716e-01  -1.8316469e-01   1.7648921e-01   6.4546119e-01   2.3596651e-01   1.2318635e-01  -1.3656638e-01  -1.9098691e-01  -1.9085536e-01  -1.8572955e-01   1.7825599e-01   6.0434438e-02   1.5985555e-01   2.0286164e-01  -1.6848823e-01  -2.0414839e-01  -1.8688588e-02   1.6822669e-01  -3.9786471e-03  -1.4953119e-01   4.7364247e-01   1.9238625e-02   1.6543940e-01  -2.7164001e-01  -1.0998697e-01   4.2501235e-02  -9.7790149e-03  -3.6089825e-01  -1.7437870e-01   1.3549017e-01   6.8578139e-01   8.6343621e-02   1.3867923e-01   1.2327775e-01   2.7843025e-01  -1.3143980e-02   2.5547160e-02  -1.6903192e-02   9.5723076e-02   2.0241552e-02  -1.0890621e-01  -2.7539449e-02   5.4924123e-02   2.0169913e-01   1.1189771e-01   4.3101556e-02  -4.3137208e-02  -8.7809897e-02  -4.3641595e-02   1.1938106e-01   6.4178900e-02  -3.7414663e-02   1.0615937e-01  -1.4429096e-01  -1.1347063e-02  -8.3063427e-02   5.9936084e-01  -2.1379242e-01  -1.9709701e-01   3.3936942e-01   2.3043164e-01   3.6899639e-01   9.9281098e-03   1.1926604e-01  -1.4811702e-03  -8.1915813e-02  -1.1090526e-01  -3.8069342e-01   7.1371713e-03  -1.3859761e-02   6.1157124e-02   1.2188165e-01   2.3458173e-01   2.2658791e-01   3.5418697e-01   1.4255565e-01   9.4515569e-02  -3.2663106e-02   1.0753380e-01  -1.1442463e-01  -2.9728189e-02  -3.8279040e-03   3.0189529e-01   1.6970132e-01  -9.7532102e-02   2.8722481e-01  -8.6306983e-02   5.2381926e-02  -3.2534901e-01   1.5358958e-01   5.9029011e-02   7.5897167e-02   4.4660559e-02  -2.8523201e-02   8.4578105e-02  -1.9508760e-03  -1.2000650e-02  -2.1039490e-01  -8.1983738e-02  -1.0685244e-01   1.2851515e-01   3.0532886e-02  -1.3569892e-01  -9.7264895e-02  -7.8734667e-02   2.7666776e-01  -4.4125074e-02   3.7677768e-01  -1.4188838e-01  -3.3231401e-01   2.7620763e-01  -5.2645051e-02   1.5013749e-01   1.2352248e-01  -9.0223657e-02  -2.0654321e-01  -1.0852362e-01  -4.1515333e-02   2.7892750e-01  -2.2522039e-01  -7.3757670e-02   1.6767704e-01  -3.3333643e-02  -6.4861186e-02  -3.4659038e-02   9.0183461e-02   8.8317184e-02  -1.4917098e-01   7.2031323e-02   1.9240702e-01   1.0747523e-01  -6.7279711e-03  -8.0481014e-02   3.0309089e-01   7.1436919e-02  -2.0413924e-01  -2.6920642e-01   3.8222304e-01  -1.2041150e-01   2.8917488e-02   5.7346687e-02
   9.4907242e-03   2.6436654e-01  -1.7914079e-01  -2.1140526e-01  -2.6206817e-01   3.9002567e-01   0.0000000e+00  -1.7404951e-01  -6.4179916e-02   3.5013849e-01  -2.1883404e-01   4.6827446e-01   2.4921993e-02  -2.7252035e-01   3.1761153e-01   1.3142453e-01  -2.2384213e-01  -2.3490265e-01  -1.7333807e-01   2.9510428e-02  -3.5363536e-01  -3.9500470e-01  -1.2982790e-01  -7.7957790e-02   2.0515133e-01  -4.1430326e-01  -4.8803913e-02  -1.6211307e-02   7.0858350e-02   7.9120789e-02  -2.4928052e-02  -1.6377319e-01  -1.9536486e-01   5.4895154e-01   5.8042576e-01  -9.0554697e-02   5.5498781e-01  -1.9729954e-01   9.8867031e-02   2.4785696e-01  -1.1489947e-02  -3.7876637e-01   2.1724674e-03  -5.4007943e-01   3.4871431e-01  -4.1296751e-01  -1.6220401e-01   6.1540573e-01  -2.0421689e-01  -7.8840114e-02  -7.2301394e-02  -3.3479005e-01   4.7664260e-01   2.5845491e-02   6.1922634e-02  -3.8549442e-01   2.1139718e-02  -3.8984536e-01   8.9090017e-02  -2.4779963e-01  -3.8233254e-01  -8.1035496e-02   7.5587845e-02   1.7546135e-01   1.1909493e-01   3.2498612e-01   1.1398317e-01   5.6906629e-03  -3.1058395e-01  -3.0498104e-01   4.1066270e-01  -9.0834771e-02   8.1699753e-02  -1.7658051e-01  -1.7812241e-01   6.8640903e-02  -3.3521315e-01  -3.6323950e-01   2.3365863e-01  -4.3943359e-05   1.5404148e-01   1.0409833e-01   6.8901909e-02  -4.8195498e-01  -2.3302955e-01   1.1801301e-01   5.6084156e-01  -2.6353389e-02  -6.2296278e-02  -2.3859876e-01   1.8644600e-02  -3.4909521e-01   3.9320791e-01  -2.1398476e-01  -2.8323235e-01  -8.8244622e-03  -5.1858169e-02  -1.1203097e-01  -1.1552783e-01   3.2691082e-01  -1.3544089e-01   3.5183545e-01  -4.7635632e-01  -6.8988076e-02  -1.1955963e-02  -2.3153004e-01  -9.8129731e-02  -2.7956118e-01   1.8015358e-01  -2.8640084e-01   5.5374773e-01  -2.7576970e-01  -2.7211262e-02   5.1805324e-02  -7.2939517e-02   1.4562013e-01  -3.4065589e-01  -4.4664467e-02  -3.0967023e-01  -9.4742896e-02  -3.3457066e-01   1.1258799e-01   8.1713407e-02   2.3514949e-01  -3.7204936e-01  -1.1147546e-01   1.0292638e-01  -1.2410181e-01  -1.3079235e-01  -3.5545260e-01  -8.2801335e-02   1.7310356e-01  -2.4435473e-01  -5.2036527e-02  -1.6817444e-01  -7.5665610e-02  -1.3981838e-01   2.0101102e-01  -1.7981362e-01  -2.3589810e-01  -1.7157947e-01  -1.5104124e-01  -3.0514265e-01  -6.7682004e-03   2.1949732e-01  -3.6774728e-01   4.4975288e-01  -1.2801504e-01  -2.9810492e-02  -9.8665550e-02  -2.8018423e-01  -3.0483119e-01  -3.5612269e-01   3.3523048e-02   3.0840289e-01  -2.2803585e-01  -3.4116792e-01   1.0623123e-01  -3.5462718e-01  -5.8513138e-02   1.0587946e-01  -1.7641207e-01   5.8332516e-02  -2.2158641e-01  -3.5647421e-01   5.0281009e-01   2.8021990e-01  -1.3453818e-02  -4.4357700e-01  -1.8040502e-02   1.3402159e-01  -2.2873795e-01  -4.9411218e-03   1.5416155e-01  -2.3742933e-01  -1.8409709e-01  -3.4473553e-01
   3.2488135e-01   7.5370051e-02   1.4633313e-01   6.1600018e-02   2.0691670e-02  -8.2308180e-02  -1.7404951e-01   0.0000000e+00   4.9006589e-01  -3.4945819e-01  -2.0400682e-01  -1.5440930e-01  -1.0290962e-01  -1.1480295e-01  -2.0398238e-01  -4.5619350e-01   2.9198528e-01  -1.1111605e-01   4.6719031e-02  -8.3828363e-02  -2.3666374e-01   2.0749341e-01   8.1749293e-02   2.7492109e-01  -8.6547760e-02   6.0076350e-01   1.2768081e-01  -1.8369977e-01  -2.9707928e-01  -5.8271115e-02  -2.3487605e-01   2.4642329e-01  -1.0071961e-01  -3.5394232e-01   9.1401590e-02  -4.0507248e-01  -2.0485793e-01   6.2171720e-03  -5.2343762e-01  -3.1665667e-02  -3.4849426e-01  -1.6827119e-01   4.1781164e-01   2.1874823e-01  -2.8551918e-01   3.1284644e-01  -3.1572626e-01  -3.2896594e-02  -1.9563182e-01   3.2794863e-01  -1.6908403e-01   5.6897714e-01  -2.0982822e-01  -1.2568574e-01   1.9619128e-02   1.4591165e-02  -1.4688809e-01   4.2744403e-01  -3.1363511e-01   5.2430584e-01   3.0709847e-01  -2.7820502e-01   4.0404907e-01  -1.8656287e-01  -5.9618220e-02  -2.8862682e-01   2.3887642e-01   1.5858611e-01   1.9180735e-01   4.2427327e-01  -1.2650559e-01   2.0120668e-02  -4.6586823e-01   1.5994105e-01   1.2119084e-01   3.1622123e-01   2.1573191e-01   4.9218696e-01  -3.5545697e-02  -2.2605327e-01   9.0836407e-02  -4.9529414e-01  -1.1425505e-01   5.2866055e-01   1.9603126e-01   4.2283466e-01  -4.7937959e-02  -6.1276539e-03   2.9477127e-01   3.2337937e-01   1.5150567e-01   3.5329572e-01  -3.0300450e-01   4.5095659e-01   4.3756356e-02   1.0354831e-01  -4.1554502e-02   6.0000785e-01  -2.5840800e-01   1.4350533e-02  -2.8259233e-02  -1.9017608e-01   3.6534219e-01   2.5257658e-01   2.5034322e-01   4.2732805e-01  -6.2922186e-02   6.6098088e-01   1.6465693e-01  -3.7147563e-01  -2.6628040e-01   2.6574228e-01   1.9075091e-03   3.8785295e-01  -7.8216226e-02   1.3425935e-01   3.5601214e-01  -3.7411019e-01  -6.1182235e-02  -1.1638250e-01   2.7084641e-01   1.1072345e-01   9.4422452e-02   2.8718281e-03   4.9498517e-01   1.0379454e-01   9.9649083e-02   4.0890640e-02   4.8465281e-01   4.4734358e-01  -1.6208051e-01  -2.9585994e-01   3.2346489e-01  -2.6561066e-01   4.3720468e-01   6.3977368e-01  -1.8239145e-01  -3.3460812e-02   6.6156787e-01   1.8625200e-01   3.7146786e-01   2.2044906e-02   3.3252477e-01  -7.5445079e-02  -1.0774265e-01   2.1509138e-02  -2.6654082e-01  -4.0010418e-01  -2.8797093e-01  -1.2369064e-02   1.7038761e-01   3.8174911e-01   1.5329018e-01  -4.6088341e-01  -1.4888838e-02   2.2052672e-01   1.4094276e-01  -3.3158877e-01   3.7248995e-01   4.7882769e-01  -2.5115538e-03   2.2187241e-02  -1.9313307e-01  -4.3090345e-02   4.4020744e-01   1.2274920e-02  -1.7824171e-01  -1.0520226e-01   2.4069378e-01   8.6003475e-02  -1.2052286e-03   6.5048767e-04  -1.2873988e-01  -3.5376865e-01   2.2132010e-01   1.5357381e-01   4.1895403e-01
   3.4524460e-02   6.2788265e-01   2.5147658e-01   3.9276348e-01  -1.9038078e-02  -1.7458973e-01  -6.4179916e-02   4.9006589e-01   0.0000000e+00  -2.8015231e-01   1.5371577e-02   2.7554253e-01  -1.5492844e-01  -1.0465197e-01  -1.9991210e-01  -4.7431096e-01   4.1303606e-01   1.9718635e-01   2.6208622e-01  -3.1585194e-02  -2.4143313e-01   3.3956939e-01  -8.0870407e-02   6.6962546e-02  -2.5315016e-02   5.0276751e-01  -7.9732714e-03  -3.5052884e-01   3.6999425e-02   4.3644133e-01   1.0053599e-01   3.3438941e-01  -1.4777634e-01  -3.2812326e-01   3.3908860e-01  -3.0832845e-01  -1.2268983e-01  -1.9793618e-01  -4.5762361e-01  -8.2546530e-02  -3.6854768e-01  -4.0845781e-02   6.2237577e-01   2.8750010e-02   8.6105018e-02   1.9941156e-01  -1.5426048e-01   1.2065510e-01  -1.4129779e-01   3.4650321e-01  -1.4805415e-01   6.1086135e-01   6.9355017e-02   1.2693618e-01  -4.9127418e-02   1.2159997e-01   5.6612071e-02   3.2506388e-01  -1.7232042e-01   6.8873310e-01   2.6127373e-01  -1.9476016e-01   7.8111616e-01   1.8601454e-01   5.6464245e-01  -3.1994028e-01   9.1546249e-02   2.8925869e-01   2.7325482e-01   1.6510701e-01   7.0176833e-02   1.6164310e-01  -3.9283971e-01   3.4580465e-01   7.7997271e-02   3.6812695e-01   1.8048397e-01   3.6075304e-01   2.5599394e-01  -2.5051250e-01  -1.2704064e-01  -4.2176457e-01  -4.3631228e-02   1.5899454e-01  -7.4587742e-02   3.0291320e-01   3.3862798e-01   3.6030979e-01   4.2383425e-01  -3.0236864e-03   4.6947998e-01   3.1290340e-01  -3.1125765e-01   6.9841067e-01  -1.2786038e-01   5.1878126e-02  -1.3052940e-01   4.3103083e-01  -4.9175577e-02  -8.8155615e-02  -2.9991064e-01  -9.2729909e-02   1.8190425e-01   7.8800306e-01   1.5997340e-01   5.7399992e-01   2.1748334e-01   5.1966516e-01  -7.9946369e-02  -3.4664517e-01  -3.3499428e-01  -4.4111030e-02   2.0503832e-01   9.5217643e-02  -2.7720768e-01   5.4236657e-01   3.1312734e-01  -4.2118591e-01  -3.0297675e-01  -1.5997616e-02   1.3432588e-01   2.2101231e-01   5.4628270e-01   2.7385390e-01   3.0727748e-01   2.2377204e-01  -2.9896030e-02   1.7341830e-01   7.2778949e-01   1.5489137e-01  -1.6929750e-01  -2.3570684e-01   5.7689221e-01  -1.6212673e-01   7.0462240e-01   4.6141974e-01  -6.5992086e-02  -1.5020175e-01   6.0928053e-01  -1.7521066e-02   5.0302647e-02  -7.0838723e-02   2.9435207e-01  -2.4143183e-01  -2.9137604e-01  -5.5118902e-03  -2.1800419e-01  -2.6950250e-01  -2.5299392e-01  -2.4900173e-01  -1.9044540e-02   3.1185592e-02   2.1825017e-01  -1.1156804e-01   2.1783019e-01  -8.7613186e-02   2.0624317e-02  -2.6925595e-01   4.0600263e-01   2.6194189e-01   2.6123328e-01   1.7916299e-01  -6.8712976e-02   5.0614660e-02   3.8311015e-01   3.1624268e-01  -2.9646346e-01  -1.7150493e-01   2.7454840e-01   1.9999727e-01   4.0004689e-01  -1.4157730e-01   3.6963624e-01  -2.3319613e-01   2.6769976e-01   3.4930125e-02   5.5285184e-01
  -9.1231896e-02  -1.8093478e-01  -2.2951742e-01  -1.9090389e-01  -3.8615928e-02   2.6944438e-01   3.5013849e-01  -3.4945819e-01  -2.8015231e-01   0.0000000e+00   1.9892509e-02  -6.0326553e-03   2.7154940e-01   8.8854254e-02   2.8484217e-01   2.5590463e-01  -2.3754994e-01  -1.1036608e-01   4.3451479e-02   1.1076142e-01   2.2755857e-01  -2.3842466e-01   4.5155744e-01  -8.2710954e-02   6.7949061e-02  -3.1045925e-01   1.4764825e-01   3.0027044e-01   2.4535386e-01  -2.1046738e-01   1.1245436e-01  -1.3544698e-01  -5.4841723e-02   4.6451828e-01   1.0469090e-01   3.1116370e-01   3.1417178e-01  -1.4319890e-01   1.9428740e-01   8.0073603e-02   2.4413405e-01  -1.6198556e-01  -4.0870851e-01  -2.1004162e-01   6.3185386e-02  -4.5660264e-01  -2.3945902e-02   2.2059288e-02   2.4850881e-01  -1.8328470e-01   9.2021433e-02  -3.4234363e-01   1.7225169e-01   4.0649578e-03   3.3786071e-01   1.1873957e-02   1.3236583e-01  -2.5429294e-01   9.7706972e-02  -2.2340091e-01  -3.5614852e-01   4.6428639e-01  -1.9131048e-01  -3.4133420e-02  -2.3832649e-01   6.2713134e-01  -2.0097255e-02  -1.4853922e-01  -2.1739722e-01  -2.8857461e-01   1.0653021e-01  -1.6053906e-01   1.4626255e-01  -1.3336366e-01  -8.9287482e-02  -2.8946106e-01  -3.8218974e-01  -3.2853985e-01   5.0058982e-02   4.6925325e-02   3.0844887e-01   2.4776946e-01   1.4481593e-01  -3.0315040e-01  -1.1809032e-01  -3.0271335e-01   1.6927279e-02   1.0371831e-01  -1.4828498e-03  -3.0912869e-01  -9.1098147e-02  -3.1501058e-01   4.0382975e-01  -1.2942834e-01  -2.2749628e-01  -1.9557046e-01   5.0317055e-02  -2.3295887e-01   1.1396416e-02   6.9822091e-01   1.4157966e-01   1.2358309e-01  -2.0447428e-01  -1.2524227e-01   3.0153457e-02  -1.5270183e-01  -7.2083551e-02  -3.4910104e-01   4.0558484e-01   2.3945993e-01   4.1832306e-01   6.5636271e-02  -8.2106186e-02  -1.9348923e-01   2.8710654e-01  -7.3312991e-02  -2.7091671e-01   1.7669913e-01   1.8959636e-01   2.4921815e-02  -3.1415639e-01   6.4139762e-04  -1.2303627e-01  -1.2941663e-01  -5.0239622e-01  -8.4118678e-03   1.3893445e-01  -1.7780910e-01  -2.7546677e-01  -4.3548849e-01  -4.7584845e-02   3.4719689e-01  -2.9331481e-01   1.6241519e-01  -2.2988801e-01  -4.0060574e-01  -1.0815038e-01   1.9407374e-01  -3.8789943e-01  -2.4146594e-01  -1.4580905e-01   6.8619635e-02  -3.1457543e-01   2.5687506e-01   3.3371569e-01   6.9606792e-02   3.8534133e-01   1.0097058e-01   4.1122861e-01   3.0581486e-01  -1.0026876e-01  -7.0150120e-02  -1.7569554e-01   2.7570946e-01  -1.3083269e-01  -1.5130029e-01  -2.8953856e-01   1.3934187e-01  -2.3822252e-01   4.4646623e-03   3.2060383e-03  -2.1252675e-01   5.3345424e-01  -5.1622776e-02  -8.9381517e-02   1.3956689e-01   2.4243535e-01   4.0511063e-02  -1.5519077e-01  -6.0797324e-02   1.4400247e-02  -2.3442191e-01  -2.9642486e-01   3.0433931e-01  -9.6322128e-02  -1.7066478e-01  -1.4152568e-01
  -1.9502611e-01  -2.8148155e-01   2.5600406e-02   1.7629164e-01  -1.9461729e-01  -1.0967506e-01  -2.1883404e-01  -2.0400682e-01   1.5371577e-02   1.9892509e-02   0.0000000e+00  -3.1775811e-01  -2.2994964e-02   1.1052642e-04   3.8638471e-01   4.5229787e-01  -1.4955635e-01   7.2254357e-01   4.7453862e-01  -1.3477046e-01   4.4468741e-01   2.5616493e-01   3.3596894e-01  -1.9448730e-01  -8.2400912e-02  -1.3244900e-02   1.4796708e-01   4.9371134e-01  -8.5289277e-03   1.7687999e-01   5.1788849e-01   1.7785093e-01   2.1889978e-01   2.2934101e-01  -3.5423058e-01   6.1380837e-01  -1.0120693e-01   1.0445537e-01   4.3920720e-01   4.6299179e-02   1.8689284e-01   2.5407535e-01  -2.4750802e-01   5.2588681e-01   1.1244200e-01  -1.6343634e-01   7.9243959e-01  -1.3193000e-01   2.1129315e-01  -2.2775581e-01   7.0364039e-01   1.2092468e-02  -1.0836136e-01  -2.1233168e-01  -2.6435968e-01   4.7134184e-01   9.0311949e-02   1.0571263e-01   4.3500567e-01  -1.0440035e-01  -5.4036469e-02   2.9260552e-01  -2.6986556e-01   4.2163233e-01   1.6312098e-01  -9.2090410e-04  -6.6232045e-03  -2.4233217e-01   5.1553113e-01  -2.3633846e-01  -1.8316870e-01   5.4066080e-02   3.2791085e-01  -3.4068440e-01  -3.2039198e-01   1.8137753e-01   4.1985147e-02   5.8120219e-03  -2.1259424e-01  -7.8220701e-02   3.7013904e-01   2.1338662e-01   2.0763925e-01   1.8554290e-01  -4.7552554e-01   8.8317470e-02  -1.5548882e-01  -7.1624030e-02  -3.0824608e-01  -4.5301406e-01  -2.1199410e-01  -9.3934287e-02  -1.3704608e-01   8.6229637e-02  -4.6648439e-02  -3.2016676e-01  -1.6800097e-01   3.5430470e-02   1.3540908e-01   1.0002568e-02   5.3276724e-02   3.4776617e-01   2.2635143e-01  -1.0406106e-01   1.7285773e-01  -4.7130854e-02  -2.8946767e-01   1.4983022e-01  -5.9370544e-02   4.1816995e-01   7.3325683e-02   1.2318844e-01  -1.9365911e-01  -4.7967557e-01   2.1788759e-01  -1.4218620e-02   8.8708213e-02   7.6368888e-02   2.0536730e-01   1.1751119e-01  -3.0195350e-01  -3.5412613e-01  -3.2164379e-01   1.1902827e-02  -3.2574862e-01  -1.6452004e-01   1.7032628e-01  -3.9347618e-01  -2.5358796e-02  -4.2076098e-01   2.9802233e-01   5.0815383e-01  -2.6208921e-01   4.6906999e-01  -5.4466953e-02   8.5765827e-02  -2.2771468e-01   2.8476463e-01   4.8181292e-02  -4.7290812e-01  -1.7739337e-01  -1.0931214e-01   2.8190888e-01   1.0213703e-01   4.1358526e-01   4.5307998e-01   1.2618171e-01   6.3293549e-01   5.2998032e-01   1.4982475e-01  -1.7442273e-01   2.1096217e-01  -2.3067359e-01   6.7944426e-01  -1.3409431e-01  -3.4580777e-01  -3.7515333e-01   3.4655960e-01  -2.6608022e-01   9.8352072e-02  -2.9555467e-01   5.6518920e-01   2.6050277e-01   3.2384729e-01   1.9345932e-01   5.0428628e-02   4.2093689e-01   5.0279974e-01  -1.9838142e-01  -1.9038772e-01  -1.7054190e-01  -2.4696327e-01   3.6693632e-01   7.4942980e-02  -4.3579807e-02  -1.0576300e-01   2.5865861e-01
   2.7663461e-02   5.8161304e-01   3.7550360e-01   9.3937716e-02   1.6625259e-01   3.6149002e-01   4.6827446e-01  -1.5440930e-01   2.7554253e-01  -6.0326553e-03  -3.1775811e-01   0.0000000e+00  -6.9487486e-02   1.1644745e-01  -2.2648109e-02  -2.2645383e-01   3.9443718e-01  -2.0975552e-01   1.2502327e-01   3.3519390e-01  -2.5533984e-01  -6.5848358e-02  -3.9449210e-01  -1.5036597e-02   2.8018325e-01  -2.2623678e-01  -9.6126531e-02  -3.2303943e-01   2.2328748e-01   2.1525968e-01  -3.1920505e-02  -1.1100162e-01  -1.1500645e-01   1.7332162e-01   4.7896329e-01  -2.5500721e-01   5.2110813e-02  -3.6399201e-01  -1.4324163e-01   1.4419217e-01  -1.0946565e-01  -2.9587779e-02   3.7330491e-01  -3.9287243e-01   3.0437212e-01  -8.8118100e-02  -1.6670664e-01   1.3118664e-01  -1.1723560e-01   2.8542394e-01  -3.8228792e-01  -2.0518298e-01   2.7330880e-01   4.9021017e-01   5.2647862e-02  -3.0415444e-01   3.7731314e-01  -2.0087524e-01  -1.2012200e-01   2.0732456e-01  -3.4669475e-02  -2.3018531e-01   3.5444489e-01  -1.2344684e-02   2.8416366e-01   8.2779939e-02   1.3926692e-01   1.7672343e-01  -1.7818972e-01   4.3951486e-02   4.1177902e-01   1.0798065e-01  -1.0634037e-01   3.7448423e-01   2.0957188e-01  -2.4392948e-01  -1.0024042e-01  -1.1805373e-02   4.7558458e-01   1.9493757e-01  -3.7428340e-01  -2.5215472e-02   1.1228457e-02  -3.2115395e-01   7.3137915e-02  -1.8399078e-01   4.8741440e-01   3.1982488e-01   2.3250152e-01  -7.8470156e-02   4.0659645e-01   1.1825799e-01   3.4110834e-01   3.5476539e-02  -2.5423673e-01   2.9537429e-01   1.6713622e-01  -1.5798945e-04   3.1297973e-02  -2.2052326e-01  -1.2235262e-01   3.8122288e-02  -4.9465124e-01   3.2003148e-01  -2.5665659e-01   1.2329566e-01   4.3389295e-01  -1.2801266e-01  -7.6372736e-02  -7.4099786e-02   3.3260304e-02  -3.7541723e-01   2.1477585e-01  -2.1596353e-03  -2.1171273e-01   1.4430312e-01  -1.8342728e-01  -5.4688022e-02  -2.0884461e-01   2.4241412e-02   8.6060858e-03   4.2982720e-01   4.6079186e-01   2.7244329e-01  -9.3566156e-02   3.0086871e-01  -6.4790267e-02   3.0967964e-01   1.4748003e-01   3.8791721e-03  -1.8898891e-01  -2.1304265e-01   3.2483694e-01  -2.1049125e-01   2.1030717e-01  -2.3566166e-01   2.6369942e-01  -2.6324744e-01  -2.5230335e-01  -2.4729824e-02  -9.6928331e-02   2.8073383e-02  -2.8406142e-01  -4.9073785e-02  -3.2871521e-01  -4.7796497e-01   1.5631891e-01  -2.1708213e-01  -1.8012579e-01  -3.1667671e-01  -7.7996264e-02  -5.2842795e-01   2.0950388e-01  -8.2602730e-02   5.2620291e-01  -1.7595552e-01   5.1966542e-02  -1.0881043e-01   2.1089482e-01  -4.0275443e-01   2.4687816e-01  -2.6782341e-01  -1.9051376e-01  -8.1747485e-02  -1.7242612e-01   3.7181506e-01  -1.3615577e-01  -1.5622157e-01   1.4280002e-01   2.8908737e-01   5.1540725e-01  -1.7983770e-01   1.2630161e-01   2.1986190e-01   3.5085458e-02  -7.5705300e-02   4.1819974e-02
   2.3168616e-02  -1.6292510e-01  -8.6834380e-02   2.3790619e-01   9.9287802e-02   3.4685463e-01   2.4921993e-02  -1.0290962e-01  -1.5492844e-01   2.7154940e-01  -2.2994964e-02  -6.9487486e-02   0.0000000e+00   3.0014059e-02  -5.8542801e-02   1.8014716e-01  -1.2345155e-01  -3.2922501e-02  -7.7480793e-02   1.3355134e-01   5.7378396e-02  -9.6982698e-02   1.3938876e-01  -1.6866078e-01   1.0662945e-01  -2.2403476e-02   3.4649436e-01   1.2135490e-01  -2.0110268e-02  -1.1488396e-01  -1.7460256e-01   3.5178123e-03   7.1410402e-02  -9.3448759e-02   2.2937952e-02   1.8966724e-01  -2.4138227e-01  -1.9457275e-01   1.1664044e-01   2.4979005e-01   5.7792315e-01  -3.0385612e-02  -1.7359281e-01  -3.0874843e-02  -5.1209626e-02  -2.4917287e-01   1.1475552e-01  -1.4204395e-01   1.2627092e-01  -1.5082475e-01   5.4500235e-02  -1.1755262e-01  -2.7598882e-01   9.2626958e-02   1.5256947e-01  -4.7213862e-02   1.4532157e-01  -7.7217876e-03   1.4453414e-01  -2.4000904e-01  -1.6986902e-01   3.0783096e-01   3.0815268e-02  -2.0033383e-01  -9.3761500e-03  -7.3353716e-02   1.6044158e-01   1.9317585e-01   9.6626704e-02   4.9046211e-03  -3.9802857e-02   1.4455513e-01   1.3775646e-01  -1.4115840e-01  -2.3748721e-01  -5.1064661e-02  -1.9004846e-01   8.9964715e-02  -1.0314827e-01   2.5554264e-01   5.9208914e-02   2.1042437e-01  -2.5589766e-01  -8.2030848e-02  -1.8342252e-01  -1.8567165e-01  -7.3636960e-04   6.5485918e-02   1.2100336e-01  -1.8132035e-01  -1.4874901e-01  -9.8647699e-02   1.3980763e-01  -7.8826627e-03  -1.6849784e-01   1.7740356e-01   3.2842405e-01   1.0923402e-01   1.2465031e-01   1.4715002e-01  -1.3366504e-02  -7.0629110e-02  -4.0282047e-02  -2.1165930e-01   1.9882511e-02  -2.8358069e-01   1.3801346e-01   1.6272765e-01   3.7477427e-01   5.6800218e-02   1.5997753e-01   1.8807060e-01   2.2229269e-01  -2.5994009e-01   2.1067326e-01  -1.0944056e-01   1.4231711e-01   3.5377737e-01   1.2867296e-01  -1.2030725e-01  -1.9116818e-01  -2.2481937e-02  -4.1284283e-02  -1.4099187e-01  -3.5513008e-01   1.4277232e-02   1.9640925e-01  -1.2953919e-01  -1.2755719e-01  -1.2888640e-01   1.0432091e-01  -2.2236178e-01  -9.5653130e-02  -3.4943894e-01  -5.2474410e-02  -1.4374548e-01   1.4787944e-01  -6.3912910e-02  -1.2953162e-01  -2.2154678e-01  -1.9447285e-01   6.1807347e-01   7.6429443e-04   9.6968085e-02  -5.5947820e-02  -1.4530281e-01   1.2977212e-01  -3.6633994e-02   6.7654793e-02   1.2651937e-02  -1.0177183e-01  -1.5193625e-01  -1.8855205e-01  -5.8765056e-02  -4.9342768e-02  -2.7336461e-01  -2.3859796e-01   2.5721557e-01  -1.4679777e-01  -6.5810133e-04   2.3443147e-01   1.3328130e-01  -4.4817309e-02  -1.6987488e-01   2.1074266e-02  -2.9518029e-02  -3.4996989e-03   7.5892676e-02  -1.2836417e-01   1.4453862e-02  -5.4895195e-02  -2.5672180e-01  -3.6595534e-02   5.6506353e-02  -1.3650370e-01   1.3152856e-02   5.2406505e-02
   2.5520602e-01   9.4824902e-04   3.9919641e-01   1.6690775e-01   5.5587927e-02  -1.0811467e-02  -2.7252035e-01  -1.1480295e-01  -1.0465197e-01   8.8854254e-02   1.1052642e-04   1.1644745e-01   3.0014059e-02   0.0000000e+00   1.1386477e-01  -7.7783453e-02   3.0408588e-01  -8.2083402e-02   2.5629719e-01   1.5036862e-02   5.3098562e-01   2.2997819e-01   1.5035711e-01   8.2080897e-02   7.3763035e-02  -3.8403348e-02  -9.9648602e-02   3.0424283e-01   1.0322452e-01  -2.0050642e-01   2.5665477e-01  -2.4068103e-01   2.4056290e-01  -5.2776667e-02  -2.3234780e-01  -2.5943034e-02  -2.6869611e-01  -4.5677412e-02  -1.1571993e-01  -1.8189257e-02   4.2173763e-02   2.6212643e-01  -1.7246004e-01   2.1584594e-01  -7.0169302e-02   1.4225605e-01   4.3520358e-02  -5.0231807e-01   3.2259583e-01   1.7829868e-01  -1.0457583e-01  -9.4879959e-02  -1.7647088e-01   2.1469287e-01   3.2832014e-01   1.9213129e-01   2.7202824e-01   3.6351225e-02  -1.2650651e-01  -6.7597823e-02   2.6026518e-01   8.9160310e-02  -1.3295165e-03  -1.9111720e-01  -7.6224126e-02   1.3858838e-01   7.3387103e-02  -4.9973685e-02   4.8460654e-02   3.1579657e-01   3.6880270e-02   1.3510295e-01  -1.3883784e-01   1.0346832e-01   2.9939741e-01  -3.1923862e-01   1.9089527e-01   2.4158089e-01   3.5307991e-02   2.0087582e-01  -1.2937964e-01  -5.1756755e-02   1.2955530e-01   1.2410433e-01   3.5902542e-01  -3.0189821e-01  -1.0480006e-02   1.4209488e-01   1.2675430e-01   1.4886844e-01   9.1071653e-02   3.8525188e-01   6.0310821e-02  -6.8690270e-02   8.2909588e-02  -3.6070528e-02   1.8256002e-01  -4.2868427e-02   1.1338271e-01  -1.9105000e-01   5.6703883e-01   3.5285695e-03   1.4624038e-01  -1.1116991e-01  -7.2270992e-02   1.1369075e-01   1.6092133e-01  -3.8531607e-03  -2.0772972e-02   2.3988825e-01  -4.7173925e-02  -1.0058340e-02   1.3662255e-01  -3.0304730e-02   4.3701310e-01  -2.1482302e-01   1.0070851e-01   5.4162232e-02   4.8237374e-01   9.2222839e-02   2.0027752e-01  -1.4753410e-02  -1.4688322e-01   1.2275422e-01   1.4679858e-01   3.0541489e-01   7.6974945e-02   2.0478747e-01   1.7406880e-02   2.6490069e-01   2.1007871e-02   3.8283322e-02   1.5095282e-01   7.2785797e-02   4.7373928e-02  -2.4786272e-01   2.4331435e-01  -1.7802341e-02  -1.7846608e-01   1.9723181e-01   6.2914119e-02   1.6378903e-01  -4.5651623e-02   2.7463704e-01  -3.3589862e-02   2.7179176e-01   5.7146762e-02  -5.0123846e-02   1.4083978e-01   8.0448822e-02   4.0596048e-01  -6.0474914e-02   4.8240976e-01  -6.8601507e-02   2.6660450e-04   1.4872636e-01   2.0797239e-01  -7.9139641e-02   2.8943608e-01  -2.2416600e-01  -1.8500636e-01  -1.5229154e-01  -2.0616441e-02   3.4588456e-01   1.3725263e-01  -8.9343062e-02  -1.3086356e-02   2.9018373e-01   4.5246623e-01   5.9579553e-02   1.0870077e-01  -5.8595117e-02  -3.7609265e-02   2.3373491e-01   1.3007197e-01   2.2133208e-01   1.0695697e-01
