   0.0000000e+00  -2.2336811e-01   1.8212315e-01   1.9401433e-01  -2.6893257e-01   5.3259673e-02  -4.3779938e-01   7.5037845e-02  -5.6854114e-02  -2.1140910e-01  -1.7303825e-01  -6.2208966e-04   8.5988710e-02   9.8786708e-02   1.8646752e-01  -1.2279604e-01   1.4876988e-01  -2.3649079e-03   5.1961167e-02  -1.8372844e-01  -6.2364536e-02   3.2273700e-01  -2.1741649e-01   6.6855819e-01   3.3486183e-01  -3.5117518e-03  -1.1565853e-01   1.4798631e-01   1.3195949e-02  -2.1006190e-02  -6.0959534e-02   8.8631478e-02   3.4800297e-01  -4.5483582e-01  -1.7401392e-01  -2.0307075e-01  -2.9648729e-02  -2.1847471e-01  -2.0914489e-01  -2.7269398e-01   1.4223046e-02   4.5339139e-01   2.1118778e-01   5.0961940e-03   1.9325887e-01   6.1625409e-01  -1.0675935e-01  -2.6452405e-01   3.3519547e-01  -3.1846246e-01   1.2398022e-01   2.6613666e-01  -2.4816490e-01   2.5062127e-01   1.0106481e-01   5.3850646e-03   4.5868899e-01   3.6465239e-01  -2.9000398e-02   2.0872655e-01   2.9936401e-01  -9.0099060e-03   3.2215919e-01  -1.0753721e-01  -7.3008420e-02  -3.5859457e-01  -1.5816621e-01   3.9431108e-01  -7.3670177e-02   2.3207257e-01  -3.0718628e-01   2.7482914e-01  -2.7693017e-01   4.9438678e-01   3.5058988e-01  -2.6231357e-02   1.8790038e-01   1.2618503e-01  -4.9000862e-01   3.2937086e-01  -1.8174085e-02  -1.9530492e-01  -2.0399008e-01   2.6790663e-01   2.3738834e-01   7.5964087e-02  -4.5335453e-02   2.3739468e-01   7.0728161e-02   8.5813794e-01  -3.4494113e-01   3.8084687e-01  -3.9295063e-01   3.8757414e-01  -1.2059541e-01  -1.6597102e-01   3.9165960e-01   1.5337717e-01   6.9387823e-02  -8.1324124e-02  -9.7807711e-02  -2.6781946e-01   2.1022300e-01   1.1820797e-01   2.7382235e-01  -9.1551310e-02   3.9104989e-01   8.2150829e-02   9.7613689e-02  -3.5491286e-01  -2.7007618e-01   1.0790011e-01   4.8314098e-01   7.7952874e-01  -1.5785844e-02  -4.6702553e-01   1.3133311e-01  -2.1424115e-01  -5.5449515e-02   3.1353124e-01   6.5532796e-01  -3.6879945e-01   4.1116978e-01  -5.7952608e-02   6.8009001e-01   3.5702470e-01   1.8374318e-01   4.4531364e-01   2.0051117e-01   4.6130475e-02  -4.6686468e-01  -4.9505930e-01   3.5372199e-01   1.2281294e-02   5.2970503e-01   1.5278698e-01   3.3817693e-01  -6.0628569e-02   2.4037803e-02   3.2960911e-01   6.4000019e-01   1.1162987e-01  -4.1416445e-02   1.1903111e-01   9.9471890e-02  -5.0456548e-02  -2.5112340e-01  -3.5533215e-01  -4.2559966e-01  -1.4011903e-01   6.1951497e-01   3.0713909e-01   5.7375042e-01  -2.0295811e-01  -1.8946712e-01   5.9683788e-01   7.5230984e-01  -9.2725605e-02   4.4016878e-01   1.0764251e-01   4.1625906e-01  -3.0401434e-01  -1.7745369e-02   1.7002098e-02   4.0494748e-01  -2.9409178e-01  -2.6116957e-01   2.4654120e-01   7.2248448e-01  -2.4512248e-01  -3.2365958e-01   5.1123811e-01   2.7410903e-02  -3.2568054e-02   3.6929658e-01   3.0673823e-01   1.6791169e-01
  -2.2336811e-01   0.0000000e+00   2.3956145e-02   1.5006607e-01  -4.2564735e-03  -5.6729682e-02   1.3943138e-01  -1.5327810e-01   1.7710441e-01  -1.3120508e-01  -2.4794608e-03   2.2438554e-01  -2.8788900e-01   1.0645399e-01   2.2329403e-01  -4.2527073e-01  -7.7349833e-02  -1.5625763e-01  -4.3309347e-02  -7.1677319e-02  -7.5293473e-02   1.1691004e-01   1.4476628e-01  -2.2979940e-01  -2.6212970e-02  -3.3304451e-01   1.6485477e-01   1.5563420e-02   1.6584789e-01   4.3791909e-01   1.8612811e-01   1.9559855e-01   3.4147228e-03   1.5845036e-01   3.4299899e-01   2.7944962e-02   2.1514512e-01   2.0699190e-02  -4.0499478e-01  -9.8894729e-02  -3.2296329e-01  -2.2296728e-01  -3.0360827e-02  -4.1802622e-01   3.7894684e-02  -9.4793666e-03   5.9171074e-02   2.1331613e-01  -8.8885843e-02  -1.4138859e-01  -1.3311549e-01  -1.4010461e-01   6.3095445e-02  -3.0094813e-01   3.8493992e-02  -3.9614764e-02  -3.0122490e-01   1.2976971e-01  -1.5909393e-01   2.7672041e-01  -6.6672210e-02  -1.8809887e-01   1.3750773e-01   3.5531661e-01   2.6580841e-01   4.6143069e-02   9.0484156e-03  -3.6290009e-02   2.7371783e-02   3.1932310e-03   1.2257988e-01   1.3705524e-01  -1.6240975e-01   2.3318728e-02  -4.1449447e-01   8.7017136e-02  -3.6451111e-02  -7.4536553e-02   2.1376798e-01  -3.4630525e-01   1.3817668e-01  -3.5644211e-01  -8.0023720e-02  -1.3756354e-01   1.9690776e-01   1.5681775e-01   2.8765166e-01   1.6778195e-02   4.1763982e-01  -1.0829792e-01   2.1299520e-01  -1.8889823e-01  -1.0717321e-01   1.7613167e-01   7.4149905e-02  -1.4239939e-01  -3.6364550e-01  -2.8886062e-01  -1.6486543e-01   8.3318916e-02   6.6734466e-02   9.8432705e-02  -6.6856243e-02   5.6141585e-01   1.5563958e-01   1.0635199e-01  -1.9293083e-01  -2.5951255e-01  -1.0214409e-02  -2.2342276e-01   8.4149018e-02   2.1508715e-01  -1.0549268e-02  -8.7138270e-02   1.0687598e-01   3.4075742e-01  -1.0472715e-01  -3.2081637e-01  -3.3372206e-02   1.1798660e-01  -2.5481624e-01   8.0612524e-02  -1.8092400e-01   4.4505357e-01  -2.0974019e-02   9.1570895e-02   1.6976627e-01  -2.8015284e-01   1.2162981e-01  -1.3611948e-01  -3.0965544e-01   8.5391102e-02   3.3727207e-01   9.4699161e-02  -1.4762269e-01  -7.5870925e-02  -4.8943216e-01   9.0839648e-02  -4.0515911e-03  -2.1329919e-01  -1.8007771e-01   1.0894509e-01   2.6286330e-02   4.2309323e-02   1.7898576e-01   1.4512847e-01   8.0229956e-02  -8.3482048e-02   1.7597561e-01  -5.5079048e-02   5.9176665e-02   2.2644410e-02  -2.9483970e-01   5.0029053e-02   1.0966562e-01  -1.2440845e-01  -1.8044096e-01  -2.2306070e-01  -2.8478102e-01   1.7853563e-01  -2.5126422e-01  -7.7809651e-02  -3.5677798e-01   7.2533021e-02   6.4874286e-02   1.4602183e-01   2.0628135e-01  -1.4927046e-01  -2.4280798e-01  -2.3414748e-02   1.1327428e-01  -1.8790796e-01   8.5771419e-02   7.1371118e-02  -1.3650903e-01  -1.0485871e-01  -1.1246174e-02
   1.8212315e-01   2.3956145e-02   0.0000000e+00  -2.1324199e-01  -1.3042064e-01   5.2001049e-02  -2.6477115e-01   4.3064841e-01  -1.0522296e-01  -3.2073534e-01  -4.6204847e-01   6.7062069e-01  -1.6358007e-01  -4.7931736e-01  -3.3353579e-01  -1.6917671e-01   8.5388314e-01  -5.6351892e-01   6.7056262e-02   3.1152097e-02  -6.2612937e-01   6.8129501e-02  -6.2100589e-01   1.1879536e-01  -2.0322115e-01   2.4313753e-01  -1.6938913e-02   1.1738677e-01   4.6964984e-01  -3.3572284e-01  -2.9347049e-01   5.3328217e-03  -1.1483226e-01   3.6470799e-02  -1.6137869e-01  -3.4119598e-01  -3.7595101e-01   1.0409559e-01  -1.7718565e-01   4.0212363e-01  -3.4327994e-01   9.2188804e-02   6.2972001e-01  -6.7430358e-02  -4.0526283e-01   3.1923699e-01  -2.6922376e-01  -5.9231354e-01  -2.8334088e-01   5.7474871e-01  -5.3562159e-01   3.8169211e-01  -7.3855790e-02   3.9749195e-01  -6.6258038e-02  -5.9412099e-02   3.0476219e-01   1.2729709e-01  -2.6859455e-01  -2.7875406e-01   3.9646641e-01  -5.0364389e-01   3.2803852e-01  -2.6376386e-01  -6.2746327e-01   1.6788725e-01   1.2055662e-02  -1.3268222e-02   1.0601419e-02   7.2230112e-01   3.2878382e-01  -3.3407838e-01  -1.3039568e-01   5.9637523e-01   4.7355594e-01   3.8555384e-01   2.0846025e-01   1.9755825e-01   9.6584401e-03  -2.0060319e-01  -2.3553797e-01  -1.7551856e-01   4.0182724e-02   2.8411294e-01   6.5534582e-01   8.9195714e-02  -1.6622152e-01  -1.2445141e-01   5.5402136e-02   2.2370399e-01   3.0121559e-01   5.5834988e-01   4.0983728e-01   1.2645117e-01   1.2658789e-01  -1.9698249e-02   2.4778276e-02   2.7743654e-01  -4.2233746e-01  -4.8277682e-01   3.4465408e-02  -2.2642289e-01   3.6281728e-02  -3.8846790e-01  -2.5404204e-01   3.9921607e-02   3.6221084e-01   2.7638846e-01  -9.1243317e-02  -3.0093113e-01   4.9830566e-01  -2.7743151e-01  -1.9433528e-01   2.5124232e-01   5.1868642e-02   5.5286210e-02   1.6979670e-01   1.0971549e-01   6.6541696e-02  -2.4275354e-01   1.0206772e-01   2.0110903e-01   4.5064156e-01  -5.0447618e-01   2.5689935e-01  -2.2732494e-01  -2.5542106e-01   3.1115030e-01   7.4709739e-02   4.6041017e-01  -1.9984766e-01  -4.9390063e-01   2.5131208e-01  -2.4907353e-01   3.8371838e-01   3.3147998e-01   1.5056125e-01  -1.8082753e-01   3.4060628e-01   1.3190413e-01  -2.0726859e-01   2.6997133e-01  -3.4195950e-01   4.0755650e-01  -2.1032934e-01  -4.7304035e-01   5.6486670e-01  -2.5446860e-01  -4.2092197e-01  -1.4575470e-01   3.7666082e-01  -1.3046452e-03   3.0359465e-01  -2.0811010e-01   6.8429970e-01   1.6516132e-01   2.3318386e-01  -1.6512418e-01   4.7003051e-01  -2.0337475e-01   1.3723159e-01  -3.1360735e-01  -2.7021846e-01  -4.7548386e-01   2.1380570e-01   2.9070291e-01  -5.6963853e-02   1.0499444e-01   4.3591077e-02   1.3694787e-01   2.6003459e-01   3.2228174e-01  -5.9002558e-01   8.0496575e-02   1.0527500e-01   2.4724996e-01   1.5567034e-01
   1.9401433e-01   1.5006607e-01  -2.1324199e-01   0.0000000e+00   1.8865407e-02   2.7519846e-01   1.5256504e-01   9.8521499e-02  -6.2361587e-02   1.4797483e-01   4.1525421e-01  -2.9314482e-01   4.0500566e-01   1.8286646e-01   4.0254910e-01  -5.4107534e-02  -5.6194430e-02   4.3945020e-01  -2.1009617e-01   1.1984465e-01   1.7028776e-01   6.4994210e-01   4.0894991e-01  -1.6219440e-02   5.6422843e-01  -5.7543957e-02   1.7666463e-01  -7.2099481e-02  -1.0394422e-01   6.8357233e-01  -3.9330528e-02   7.8076602e-01   1.9089653e-01  -5.5357364e-01  -3.9432734e-02   3.9746602e-01   4.6790894e-02  -2.4954590e-01  -2.0198276e-02  -4.8856934e-01   3.6543030e-01  -1.7019875e-02  -2.8079514e-01   2.0867293e-03   5.1351411e-01   3.0260182e-01   6.7201290e-01  -7.4058874e-02   4.5718908e-01  -6.2174345e-01   7.2208578e-01   8.9125565e-04  -4.7239981e-01  -1.0315374e-01   9.1159889e-02   1.7032224e-01  -6.6459723e-02   6.7384819e-01   4.4264864e-01   7.4330798e-01   2.9886822e-01   4.5466561e-01  -5.5776517e-02   1.6172363e-01   1.8765707e-01  -4.3751531e-01   2.9895098e-01   9.6616059e-02   6.0240318e-01  -2.8657307e-01  -6.4826710e-01   8.7193567e-01  -1.1371263e-02   1.7359190e-02  -1.1415205e-01   2.3843637e-01   1.2831474e-01   2.0451166e-02  -2.7331388e-01   3.4118453e-01   3.6046616e-01  -1.5910757e-01  -5.5982946e-01   3.1298630e-02  -1.1173407e-01   5.4356960e-01  -4.1004007e-01   2.8422558e-01   1.3793602e-01   2.4230264e-01  -4.4383192e-01   2.9246557e-03  -6.4821270e-01   3.6977091e-01  -4.5987445e-02   1.3743890e-01   6.0277280e-02  -2.4163999e-01   4.4932922e-01   1.9533141e-01  -3.7980976e-01   3.5282440e-01   9.6085293e-02   5.0579942e-01   8.3719016e-01   5.3222901e-01  -1.4292574e-01   1.6784534e-01   1.8441639e-01  -9.1894261e-02  -5.9449429e-01   7.9685084e-01   6.8723624e-01   2.4938786e-01  -3.0094304e-01  -3.5007770e-01   3.5519400e-02   2.0582395e-01  -2.8527979e-02   8.6270867e-01   1.2489384e-01  -2.5569671e-01  -4.6206296e-02   1.4031225e-01   2.0098555e-01   5.1785213e-01   4.1531419e-01   1.2216023e-01   6.2142861e-01  -5.3706798e-01  -1.3633223e-01   2.0392798e-02   4.4639639e-01  -3.5382585e-01   7.8447317e-02   2.7156717e-01  -2.0436437e-01   9.5528247e-02   2.7513955e-01  -1.3356412e-01   2.5515256e-01   2.5384751e-01   5.6065263e-01  -1.4250124e-01   5.5581914e-01   4.5030147e-01  -6.5436410e-01  -4.6634498e-02   3.2747543e-01  -4.2062396e-01   2.0785455e-01  -1.9757097e-01  -7.6687289e-02  -2.2931007e-01  -4.8992858e-01   6.1145010e-02   2.1042589e-01   4.2318403e-01   1.3662680e-01   3.4465751e-01  -2.3271437e-02   2.4513330e-01  -7.1961745e-02   7.5097042e-01   5.7938262e-01  -4.9944396e-01  -1.9249298e-02   5.2767217e-02   2.5256822e-01  -7.0458368e-01  -4.9860885e-01  -1.2111864e-01   5.5543272e-01   3.7166519e-01  -3.8164188e-02   4.0704957e-01   6.3024153e-01
  -2.6893257e-01  -4.2564735e-03  -1.3042064e-01   1.8865407e-02   0.0000000e+00  -3.7624724e-01   1.0000736e-01  -2.7755865e-01   3.6616235e-01   5.1137884e-01   9.0141809e-02  -9.5409548e-02   3.4667796e-01  -4.7577223e-01  -1.5063158e-01   1.1917208e-02   1.2727718e-01   3.7604339e-01  -1.2877090e-01   8.7596186e-01   1.3146216e-01  -2.8182526e-01   6.1989893e-02  -4.4772887e-01   1.7519620e-01  -1.3334107e-01   4.2686571e-01  -5.2252454e-01  -2.7081286e-01  -1.7840926e-01  -2.9348751e-01   4.9873582e-02   1.2962767e-01   9.6341645e-02  -4.8718475e-03   7.7417505e-01   4.1990288e-01  -2.3798761e-01   2.5438209e-01   3.9629129e-01   1.8885674e-01  -9.2744397e-02  -5.7620520e-02  -1.6343275e-01   3.8437467e-01  -1.9137772e-01   2.3997842e-01   1.7053042e-01   2.3971143e-01   5.4343677e-02   5.8894724e-02  -3.3070720e-01   3.9880028e-01  -1.9699042e-01  -3.5885525e-01  -3.0848562e-01  -4.2249844e-01  -1.0966063e-01   1.1437971e-01  -2.6219830e-01  -1.8948975e-01   4.7814772e-01  -3.6619322e-01  -3.8106173e-01   2.2183499e-01   2.1946670e-01  -3.3252513e-02  -1.7925098e-02  -1.5179633e-01  -2.0972097e-01   2.6132082e-01   9.3519711e-02   3.6270860e-01  -4.2900490e-01  -7.0326076e-02  -3.7904004e-03  -2.5559822e-01  -3.4270423e-01   7.4723150e-01  -1.3800773e-02  -4.6158379e-01   1.0189210e-01   8.6292607e-02  -3.1034347e-01  -4.0032885e-01  -3.5009096e-02   4.5188838e-02  -5.2555625e-01   6.4734202e-02  -3.4557456e-01   5.6827095e-01  -2.8131780e-01   2.0787176e-01  -1.8658250e-01  -1.7152415e-01   7.8349901e-01  -2.7741294e-01  -3.5589691e-01   6.2269398e-01   4.6186242e-02  -4.3102213e-01  -6.6900413e-02  -5.2132309e-01   1.2244003e-02  -7.7346157e-02  -3.6067639e-02  -1.0151345e-01  -2.9591557e-01  -5.5124050e-02   6.8141919e-01  -3.1460122e-02  -2.2604542e-01  -9.0625695e-02  -2.7334318e-01  -5.8404931e-01   5.8789175e-01  -1.4426017e-01   3.5643283e-01  -4.8281968e-01  -1.7196323e-02  -2.5121468e-01   7.6637966e-01  -2.9958479e-01   1.0699040e-01  -1.4495874e-01  -4.9406896e-01  -2.7358538e-01  -1.5809762e-01  -2.2401535e-01  -2.1395106e-01   3.1922472e-01   1.9075012e-01  -4.7806389e-01   1.7546925e-01  -2.9479874e-01  -1.8759435e-01  -1.9486229e-01  -5.0330868e-01  -6.9327801e-02  -4.2512352e-01  -3.8449397e-01   2.4017041e-02   2.9085700e-02  -5.8433490e-01  -4.5748324e-01  -1.1112404e-01   1.7534688e-01   6.9580363e-01   4.7477448e-01   6.6592193e-02  -5.0715244e-01  -4.6774669e-01  -3.2348602e-01   3.5254538e-01   2.0015997e-01  -3.3511617e-01  -3.3682064e-01  -3.2404027e-02  -1.0574486e-01  -4.5382219e-01  -1.9753805e-01   7.2556395e-02   4.9392180e-01   9.9944488e-02  -1.6309558e-01   3.5724892e-01   2.5831771e-01  -4.3978185e-01  -4.2940004e-01   2.7646533e-01   3.0866285e-01  -3.9932483e-01   3.4379756e-01  -2.8403481e-01  -1.1250267e-01  -8.9137631e-02  -5.2959578e-02
   5.3259673e-02  -5.6729682e-02   5.2001049e-02   2.7519846e-01  -3.7624724e-01   0.0000000e+00   3.4873621e-01   5.0791139e-01  -3.2708508e-01  -1.3915199e-01   2.9689774e-01  -1.1451553e-01  -9.4668746e-02   2.9620475e-01   1.3268372e-01   1.2513708e-01  -2.4935568e-02   5.8207931e-02   1.9169563e-01  -3.0070482e-01  -7.4861454e-02   4.1663292e-01   4.0843162e-01   1.5088715e-01  -2.3654386e-01   5.2647563e-01  -8.5382169e-03   3.9772047e-01   1.3712085e-01   4.1802227e-01   1.9969855e-02   2.6847892e-01  -2.7359470e-01  -3.0479254e-01   9.7842375e-02  -1.5176809e-01  -3.3556274e-01   2.6715459e-01  -1.4777249e-01  -2.0585356e-01  -2.3107900e-02   7.8737040e-02  -7.3629556e-02   2.5036226e-01  -3.6737878e-02   2.4527571e-01   3.5955957e-01  -3.3667379e-02   6.1797271e-02  -2.3137550e-01   3.8206050e-01   5.6399033e-01  -4.9665759e-01   4.5440122e-02   1.2016250e-01   4.1113058e-01   2.0619241e-01   3.0825629e-01   4.1629364e-02   4.7598979e-01   3.9115655e-01   1.8741905e-02   7.5509911e-02   2.0414711e-01  -2.1159518e-01  -4.8908794e-01   8.1410683e-01  -4.7594863e-02   5.4106363e-01   3.2344507e-01  -5.4793361e-01   2.7453196e-01  -3.1217464e-01  -1.2314253e-02  -1.4385162e-02   2.1995611e-01   4.7413655e-01   4.1303753e-01  -3.9926611e-01  -7.2876992e-02   5.4977146e-01   1.3220790e-01  -4.4152230e-01   5.6760518e-01  -1.7260594e-01   3.6604682e-01  -4.5821653e-01   3.1975908e-01  -5.1659776e-02   9.5212259e-02  -5.5322026e-01   3.4055505e-01  -2.3981055e-01   2.3720606e-01   2.2687266e-01  -2.4043244e-01   2.2450513e-01   4.3467265e-01  -6.4063535e-02  -2.6775807e-01  -5.4616630e-02   5.4616740e-01   4.9357828e-01  -1.4832690e-03   3.3090337e-01   3.7837829e-01  -1.2749975e-02   6.3007956e-01   3.1997882e-01  -2.8005115e-01   3.2767820e-02   5.3423704e-01   3.1559960e-01   6.6510323e-02   2.2409320e-01  -5.1203380e-01   3.3771126e-01  -1.5203123e-01   3.9978783e-01   4.0550482e-01   1.6331322e-01  -4.6971496e-01   2.7365102e-02  -2.8660587e-01   1.9810766e-01   5.5758592e-01   1.2797300e-01  -1.1734162e-01   5.2485225e-01   4.7953801e-03   3.3606441e-02   1.6697218e-01   1.3242051e-01  -4.7280097e-01   3.1941319e-01   4.7112592e-01   6.5782172e-02   4.8911847e-01   4.3459580e-01   2.5926310e-01   9.7806841e-02  -1.1823033e-01   4.6858554e-01   2.8788872e-01   4.4081114e-01   2.5278102e-01  -3.9203423e-01  -1.4119607e-01   1.4486788e-01  -3.7827704e-01   4.5644677e-01   1.8693751e-01   1.8532717e-01  -4.0353246e-01  -3.5901272e-01   2.3564501e-01   2.8865242e-01   2.3289033e-01   2.5578359e-01   6.5662910e-01   2.3154180e-02   2.8290393e-01  -2.6377535e-01   3.4526348e-01   2.0225811e-01  -5.3607262e-01   1.1587707e-01   4.9560188e-01   3.0382152e-01  -5.9076564e-01  -4.6988018e-01   2.7991048e-01   1.3821263e-01   7.3970312e-01  -2.8199979e-01   1.9209189e-02   2.9923730e-01
  -4.3779938e-01   1.3943138e-01  -2.6477115e-01   1.5256504e-01   1.0000736e-01   3.4873621e-01   0.0000000e+00  -2.9496807e-02  -8.8360545e-02   6.2314739e-01   3.7215621e-01  -1.4472737e-01   2.2771882e-01   2.0302113e-01  -2.5557513e-03   4.9231751e-01  -1.2895635e-01   3.6570658e-01   1.4753419e-01   1.1084268e-01   3.2154911e-01  -2.6687203e-01   6.9594484e-01  -4.3021148e-01  -2.2480400e-01   1.8624381e-02   3.8431438e-01  -1.0432572e-01  -2.0185418e-01   3.2367810e-01   2.9538452e-02   2.1330721e-02  -1.2604324e-01   3.7190557e-01   5.1447771e-01   2.3072454e-01   7.8698867e-02  -1.3243440e-01   3.5001662e-01   2.7008075e-01   2.1643392e-01  -2.0054031e-01  -4.1566951e-01   6.1910819e-02   4.5552506e-02  -4.2911172e-01   2.8628155e-01   5.8420551e-01   4.7332853e-02  -4.8769684e-02   3.9970284e-01  -1.8967208e-01   1.9503970e-01  -3.1055582e-01  -1.9566824e-01   2.0813903e-01  -3.4633538e-01  -3.1777341e-01   2.7070524e-01   7.9885705e-02  -2.7315971e-01   1.4223341e-01  -4.9617023e-01   1.7516185e-01   1.5824435e-01   1.8645278e-01   4.8988458e-01  -3.3210651e-01   2.1790189e-01   4.7591438e-02   6.5520998e-02   7.7526032e-02   3.3196386e-01  -5.7227098e-01  -2.8922631e-01  -3.4986569e-02  -1.7599188e-01   1.1238434e-01   1.4467024e-01  -1.4268401e-01   2.8199174e-01   4.1674771e-01  -5.3639945e-02  -2.7363822e-02  -2.7662001e-01  -4.0423473e-02   7.5489262e-02  -8.5981952e-02  -1.3850647e-01  -4.8052093e-01  -2.1838490e-01  -3.4080080e-01   1.3506504e-01  -2.9345942e-01  -1.8714681e-01   9.4400702e-02  -2.8066794e-01   3.5460285e-02   7.5215533e-02   3.8532620e-01   3.5999989e-03   5.2683793e-01  -1.9693515e-01   5.2945245e-02  -4.8427996e-02   1.4681925e-01  -4.5644170e-01   1.9968519e-02   1.6718445e-01   2.5384639e-01   4.3758247e-02   1.7389911e-01  -2.1553157e-01  -5.0128106e-01   7.4388739e-02   2.7266613e-02  -2.9918651e-01   3.5352315e-01   2.2583393e-02   4.1538395e-02  -4.4879803e-01  -2.7838646e-02  -5.3362635e-01   1.1939938e-01  -4.1553944e-01  -6.0897347e-02   2.9315129e-02  -2.6003203e-01  -1.7983473e-01  -9.6704468e-03   5.5078647e-01   7.0462089e-01  -4.2074512e-01   9.6933331e-02  -4.8045356e-01  -1.1686745e-01  -2.3402268e-01   2.1315571e-01  -8.6357936e-02  -3.9980762e-01  -3.7517993e-01  -2.5246371e-01   3.0577785e-01  -2.2472351e-01   1.8738714e-01   1.6572216e-01  -3.2585592e-04   2.8601651e-01   6.6567375e-01   2.1272134e-01  -2.0890425e-01  -2.2596868e-01  -4.4788921e-01  -1.2683626e-01  -2.1809099e-01  -4.7878107e-01  -4.4704536e-01   3.1500695e-01  -3.6526398e-01   2.8337956e-01  -3.9792099e-01   3.7200931e-01   3.3701126e-01   2.5869570e-01  -4.2670587e-01  -1.5419602e-01   3.7594104e-01   2.2494997e-02  -3.9048146e-01  -7.2375025e-02  -3.9726426e-02  -4.4855151e-01   2.8615766e-01   2.5893448e-01  -5.3993368e-01  -1.7236729e-01  -7.6283434e-02
   7.5037845e-02  -1.5327810e-01   4.3064841e-01   9.8521499e-02  -2.7755865e-01   5.0791139e-01  -2.9496807e-02   0.0000000e+00  -2.7593796e-01  -3.7363933e-01  -1.4646372e-01   1.6802021e-02  -1.8869529e-01   1.0690931e-01  -1.5737931e-01  -6.9941212e-02   2.8147677e-01  -1.6808424e-01   3.0299107e-01  -2.0127646e-01  -3.6365382e-01   3.0595172e-01  -1.1550198e-01   1.7733646e-01  -2.5886562e-01   7.7291132e-01  -2.0354229e-01   4.6240668e-01   4.6964752e-01   6.0318001e-02   2.1692969e-02   2.3346287e-01  -1.0467888e-01  -2.3336732e-01  -1.0803715e-01  -3.1962756e-01  -3.4144951e-01   3.2056833e-01  -8.2161975e-02  -5.4327776e-02  -3.1366180e-01   1.0657903e-03   8.1830836e-02   5.2112981e-01  -4.2755497e-01   2.9558867e-01  -2.7515625e-02  -2.8909015e-01  -5.2461051e-02   1.5474687e-03  -1.4423717e-01   8.5177021e-01  -3.4935034e-01   3.5587887e-01   3.2326422e-01   3.4585061e-01   4.5327044e-01   3.1863550e-01  -2.4032407e-01   1.2236007e-01   5.7093703e-01  -3.9683967e-01  -1.2958199e-02   3.7966024e-02  -4.5579932e-01  -4.3093751e-01   4.7283425e-01  -4.4155796e-02   3.7656886e-01   4.2410394e-01  -6.2972825e-02  -3.3988917e-02  -3.5677424e-01   2.0175286e-01   3.8421242e-01   6.4330682e-01   5.5814730e-01   5.5432496e-01  -2.0196914e-01  -1.0281557e-01   4.0022062e-01   5.6625392e-02  -8.3215229e-02   6.7907765e-01   1.1864717e-01   4.4302415e-01  -2.0451610e-01   2.7923894e-01  -2.5488045e-01   7.0216645e-02  -1.9524912e-01   5.2373959e-01   6.4956021e-02   3.2238220e-02   3.2637311e-01  -3.1440130e-01   1.9673393e-01   6.0010234e-01  -2.2323000e-01  -3.7494357e-01   2.7619578e-01   2.4014944e-01   6.4587157e-01  -2.3441170e-01  -9.8663556e-03   5.3184208e-01   1.8800148e-01   8.0402118e-01   1.9994892e-01  -3.7676528e-01   1.8726532e-01   1.1961810e-01   6.6029928e-02   6.3622134e-02   3.3140712e-01  -2.4507355e-01   5.1511085e-01  -8.2107318e-03   3.7327601e-01   8.1916650e-02   2.7997698e-01  -3.0599421e-01   1.4956391e-01  -5.2137619e-01   1.1283521e-01   2.7161075e-01  -3.4119153e-01   4.4953719e-02   4.4595711e-01   1.3148533e-01  -3.5180162e-02  -1.1324740e-01   1.5052391e-01  -4.5329883e-01   3.1630999e-01   7.6938627e-01   2.2046879e-01   3.6587800e-01   7.4709639e-01   3.4696871e-01   1.7022136e-01   3.5257261e-02   5.5448143e-02   2.1106258e-01   4.2642739e-02   1.5855773e-02   3.0368430e-02  -1.5418082e-01  -2.7224246e-01  -3.0573719e-01   4.6480573e-01   3.9744627e-01   2.8394822e-01  -4.7221846e-01  -3.2083214e-02   2.0531118e-01   3.7591247e-01   5.7054368e-02   4.0558515e-01   3.3631086e-01   1.9789275e-01  -2.6541512e-02  -3.2660101e-01   8.1963128e-03   2.0122318e-01  -2.9493066e-01  -2.4995995e-01   2.8310699e-01   1.6516315e-01  -2.3439160e-01  -3.0417249e-01   4.9074829e-01  -3.0611316e-01   3.8686388e-01  -1.5172413e-01   1.6299751e-01   2.9765757e-01
  -5.6854114e-02   1.7710441e-01  -1.0522296e-01  -6.2361587e-02   3.6616235e-01  -3.2708508e-01  -8.8360545e-02  -2.7593796e-01   0.0000000e+00   9.2798454e-02   1.2715656e-02   1.4044264e-01   2.0419399e-01  -2.2547173e-01   1.7275041e-01  -2.7522757e-01  -4.9540800e-02   3.9857179e-02   3.1230275e-03   3.3842759e-01   1.0308423e-01  -1.8295976e-01   9.3479521e-02  -1.4306719e-01  -1.5734311e-01  -1.3499753e-01  -1.1109101e-01  -2.5777358e-01  -1.3388187e-01  -5.0586465e-02   8.6378000e-02   2.0714517e-02  -7.7271685e-02   1.7935963e-01   2.3975056e-01   2.3444008e-01   5.3141142e-01  -2.8606404e-01  -1.4596374e-01   7.4305713e-02   1.7248513e-01  -1.7889127e-01   1.1987200e-01  -9.3534499e-02   2.0985190e-01  -1.9558968e-01  -8.5135725e-02   1.8010617e-01   1.1532572e-01  -4.5227331e-02  -8.8404497e-02  -2.0236164e-01   3.4360569e-01  -1.2097797e-01   9.2258645e-02  -5.8706736e-03   3.1321497e-02  -7.3965876e-02   1.2043437e-01  -1.0617877e-01  -2.3019329e-01   3.5314380e-02   2.8744305e-01   2.0498110e-01   1.9627337e-01   9.6508588e-02  -3.1750146e-01   2.5524999e-01  -4.1177535e-01  -2.2303405e-01   1.9707080e-01  -1.0318520e-01   2.6252187e-01  -7.8467775e-02   5.3624865e-02  -1.5232211e-01  -3.5923858e-01  -2.2367932e-01   2.4784018e-01  -8.8281012e-03  -2.4058197e-01   9.4514269e-02   2.1592153e-01   1.2559451e-02  -2.3624304e-01  -4.6127551e-02   2.8978943e-01  -2.5328118e-02   4.7282699e-01  -1.9377065e-01   3.6527753e-01  -1.7116417e-01   1.8862446e-01   2.3295633e-01  -3.8447538e-01   2.1158211e-01  -6.2155070e-02  -5.2191465e-02   2.1617580e-01   5.8270396e-02  -1.1327060e-01  -9.1117441e-02  -2.5558578e-01   4.5387868e-01  -2.1481690e-02  -1.8360640e-01   2.7050317e-02  -2.7069758e-01   9.9980898e-02   2.7716133e-01   1.6420427e-01  -2.3597674e-01   6.1619111e-02  -2.5369893e-01  -1.1791100e-01   3.9007373e-01  -1.0139042e-01   3.0729276e-03  -3.5521483e-01  -2.8746319e-02  -1.0811697e-01   3.3708231e-01   1.5413658e-01   2.9460473e-01  -1.9670879e-01  -1.0149386e-01  -1.2214713e-01  -2.2079000e-01  -8.3928786e-02  -2.5697659e-01  -1.1580965e-02  -8.4320644e-02  -1.7785926e-01   2.8106666e-01   1.0873352e-01  -1.3282380e-01  -6.2037577e-02  -3.9009515e-01  -1.4244141e-01  -1.1396143e-01  -1.4011466e-01   1.0534963e-01  -1.8343849e-01  -3.2628413e-01  -2.3795484e-01   1.0517256e-01   1.5322299e-01   2.6029858e-01   2.3957971e-01   1.9995746e-01  -3.5544442e-01   3.9838170e-02  -7.9259642e-02   4.8812185e-01   1.6572032e-01  -9.5003681e-02  -2.2621191e-01  -2.2096981e-02  -1.3090533e-01  -1.5234351e-01   8.7787802e-02  -4.2961314e-03   2.0799040e-01  -1.8624785e-03  -5.8743759e-02   1.3032804e-01   2.1478760e-01  -1.4981634e-01  -2.1761414e-01   2.0665916e-01   1.1396229e-01  -2.0510095e-01   1.7063385e-01  -4.1677257e-01  -3.2649129e-02  -1.2464112e-01  -1.3951560e-01
  -2.1140910e-01  -1.3120508e-01  -3.2073534e-01   1.4797483e-01   5.1137884e-01  -1.3915199e-01   6.2314739e-01  -3.7363933e-01   9.2798454e-02   0.0000000e+00   1.3676332e-01  -2.0744769e-01   4.6977722e-01  -1.4486625e-01  -5.2189383e-02   4.5480383e-01  -4.0529547e-02   4.4980466e-01  -5.1353580e-02   4.9239476e-01   3.9196596e-01  -4.4370178e-01   5.2704135e-01  -3.1663914e-01   9.0038657e-02  -1.8051878e-01   4.0276940e-01  -4.3482401e-01  -5.8119380e-01  -5.7392319e-02  -1.6044559e-01  -1.0449321e-01   4.9944746e-02   4.3653101e-01   2.9132737e-01   4.9862889e-01   3.5452229e-01  -3.8636322e-01   4.9095966e-01   3.6998156e-01   3.6669119e-01  -6.2011576e-02  -3.0878563e-01  -1.0158541e-01   3.1072702e-01  -3.7975433e-01   1.5942106e-01   4.6477192e-01   1.9720166e-01  -4.0622196e-02   3.5805231e-01  -4.7992296e-01   4.7230705e-01  -3.0034063e-01  -4.0581218e-01  -8.0384071e-02  -3.2095709e-01  -3.6666571e-01   2.3747520e-01  -1.6426138e-01  -3.0746416e-01   3.4455861e-01  -5.1303438e-01  -1.6099462e-01   1.7410453e-01   5.0232804e-01   1.2493541e-01  -1.0728499e-01  -1.3241803e-01  -1.2858924e-01   1.6182033e-01   1.6030665e-01   5.3571838e-01  -4.8808348e-01  -1.6944856e-01  -2.2077343e-01  -4.1846797e-01  -1.7289898e-01   3.5107377e-01   9.7708491e-03  -2.0471972e-01   3.9013210e-01   5.2517259e-02  -2.0405647e-01  -3.3606667e-01  -2.2066802e-01   1.1988991e-01  -4.1271688e-01  -1.6769178e-01  -2.6429169e-01  -1.9877093e-03  -3.9051609e-01   2.3384604e-01  -3.1972977e-01  -3.6867729e-01   4.8297120e-01  -2.2164301e-01  -2.4868774e-01   3.8579888e-01   6.1536161e-01  -2.5407744e-01   1.1078427e-01  -5.6157141e-01  -1.0092953e-01  -1.1890492e-01  -1.7480461e-01  -3.0178576e-01  -2.6222960e-01   1.0164831e-01   5.4283912e-01  -5.4445457e-02  -1.2094830e-01  -1.9464313e-01  -2.8486413e-01  -3.0180897e-01   1.6770946e-01  -3.6700155e-01   5.4522800e-01  -2.9672883e-01  -1.6889003e-02  -3.1677428e-01   3.5120137e-01  -4.2383698e-01   1.0060113e-01  -2.5900394e-01  -2.7892127e-01   1.6013519e-02  -6.6905712e-02  -4.6667269e-01  -3.6361349e-02   5.5156991e-01   4.3020779e-01  -5.2025185e-01   3.1855679e-01  -5.1308244e-01  -3.8857487e-01  -2.0261770e-01  -2.7149084e-01  -3.5872997e-01  -5.1358101e-01  -2.7721445e-01  -1.4116610e-01   2.1314425e-02  -4.6816564e-01  -1.8627502e-01  -1.4877418e-01   8.0691612e-02   4.4687077e-01   6.9250073e-01   3.6058543e-01  -4.4108345e-01  -4.3240252e-01  -2.9495812e-01   1.9817594e-01  -9.6861737e-02  -4.0920846e-01  -4.2450151e-01   1.8395189e-01  -2.7886159e-01  -2.2652523e-01  -2.4580289e-01   1.2324875e-01   6.6102144e-01   1.1736437e-01  -3.9127212e-01   7.8468545e-02   2.6807170e-01  -2.2605328e-01  -3.0815253e-01   1.3314529e-01   1.3964701e-01  -4.8235701e-01   3.0365411e-01  -9.5099967e-02  -3.0866060e-01  -5.1564248e-02  -1.8424684e-01
  -1.7303825e-01  -2.4794608e-03  -4.6204847e-01   4.1525421e-01   9.0141809e-02   2.9689774e-01   3.7215621e-01  -1.4646372e-01   1.2715656e-02   1.3676332e-01   0.0000000e+00  -2.7552631e-01   3.9542317e-01   1.4239099e-01   5.0161418e-01   1.2044872e-01  -4.2844946e-01   7.0018509e-01  -1.0736987e-01   1.4043883e-01   5.4795324e-01   1.8809836e-01   4.9154492e-01  -2.1774649e-01   3.0518637e-01  -1.0608170e-01   3.2463871e-01   1.2166074e-01  -2.6775005e-01   5.8012959e-01   1.7491738e-01   3.2135106e-01  -1.0334614e-01  -2.5015061e-01   2.0147080e-01   5.2460763e-01   2.0325854e-01  -1.9172461e-01   7.6662712e-02  -3.6419363e-01   4.5308177e-01  -1.9180267e-01  -3.7989391e-01   2.7599484e-01   6.2047680e-01  -1.1507965e-01   7.7109734e-01   4.0063604e-01   1.9331727e-01  -4.8619585e-01   7.0877261e-01  -1.5033524e-01  -2.0429899e-01  -3.8505566e-01  -7.2365710e-02   4.9498514e-01  -3.1961529e-01   1.0377895e-01   4.9724146e-01   4.9544313e-01  -1.0631033e-01   5.3753382e-01  -3.4393977e-01   4.5253294e-01   4.6403326e-01  -2.6427357e-01   3.0102232e-01  -1.6293241e-01   5.2355715e-01  -4.6342779e-01  -5.0859355e-01   5.0435202e-01   2.0932139e-01  -3.5286394e-01  -3.2242706e-01  -8.6425099e-02  -7.8043128e-02   3.6303790e-02  -1.4612533e-01   1.1906983e-01   5.0266586e-01   1.4579126e-01  -8.9892278e-02  -1.3564234e-01  -4.3320646e-01   2.2176624e-01  -3.8647061e-01   2.2420749e-01  -2.3095105e-02  -2.3779512e-01  -4.1728122e-01  -2.5242930e-01  -4.8582222e-01   2.1952222e-01  -1.9698579e-01   1.2872062e-01  -1.6695748e-01  -8.5941452e-02   5.2989968e-01   1.3218472e-01  -1.2915304e-01   6.9922152e-01   3.7276676e-02   4.4838957e-01   5.1435910e-01   2.8699970e-01  -3.6219849e-01   1.3610802e-01   6.1560895e-02   2.9716827e-01  -3.9404661e-01   5.5647118e-01   3.6218419e-01  -2.2873749e-01  -1.7391483e-01  -7.6715291e-02  -6.0470226e-02   2.0334097e-01   5.9055835e-02   3.7864046e-01  -2.4249294e-01  -1.1777735e-01  -3.1073998e-01   4.2576713e-01  -2.0632608e-01   1.8132493e-01   3.8437623e-01  -3.4625117e-01   2.9638593e-01  -3.3189657e-01   2.8964949e-01   5.6687759e-01  -8.5247654e-02   5.4157589e-02  -1.5516787e-01   3.8123674e-03  -3.1613390e-01   3.9367902e-01  -4.3968352e-02  -2.9408599e-01  -5.7900268e-02  -1.3662530e-01   7.7909402e-01  -7.5811453e-02   5.5306550e-01   6.8701101e-01  -5.5609465e-01   2.2384257e-01   4.4456143e-01  -9.6882064e-02  -2.9682511e-02  -6.0377774e-02  -3.3528498e-01   2.4581410e-01  -4.7928091e-01  -2.8118911e-01  -1.5880111e-01   3.5825812e-01  -2.0653585e-01   4.2775283e-01  -3.4939389e-01   7.9671213e-01   2.4349070e-01   7.7793670e-01   1.1469823e-01  -2.4982196e-01   4.8000138e-01  -3.9367728e-03  -7.2409354e-02  -4.1068612e-01  -1.9842378e-01  -4.1477266e-01   7.6678611e-01   4.0666156e-01  -2.0808603e-01  -1.9455952e-01   2.6717859e-01
  -6.2208966e-04   2.2438554e-01   6.7062069e-01  -2.9314482e-01  -9.5409548e-02  -1.1451553e-01  -1.4472737e-01   1.6802021e-02   1.4044264e-01  -2.0744769e-01  -2.7552631e-01   0.0000000e+00  -2.2135195e-02  -5.1697476e-01  -1.1486928e-01  -9.9798728e-02   4.7099529e-01  -4.5470860e-01   1.4379094e-01   2.0925499e-03  -5.7077493e-01  -9.9717764e-02  -4.7086179e-01  -1.4138459e-01  -2.2106071e-01  -9.5714856e-02   1.5480068e-01   2.7840033e-02   2.4247138e-01  -3.3721840e-01  -2.6220180e-01  -1.2134253e-01  -8.5877797e-02   2.8157814e-01   1.6494784e-01  -2.7241679e-01   7.6186918e-03  -1.0570696e-01  -1.3004398e-01   4.5628022e-01  -4.5531851e-02  -1.3065588e-02   7.1702083e-01  -2.0033473e-01  -1.3244159e-01  -2.1339637e-02  -2.1933738e-01  -4.7720636e-01  -4.0592696e-01   5.0060741e-01  -5.1905022e-01   5.2045214e-02  -9.4264367e-02   1.0943957e-01  -2.3319397e-01   2.9488523e-02   1.3854229e-02  -1.0403046e-01   1.9000741e-02  -1.9918659e-01  -8.6053202e-02  -3.6310349e-01   3.4925259e-01  -1.3198777e-01  -4.0642437e-01   3.3774828e-01  -1.4707464e-01  -1.8006221e-02  -8.1491073e-02   4.7947562e-01   3.7286687e-01  -3.2932720e-01   1.1701100e-01   5.0069350e-01   2.0729517e-01   7.9466511e-02  -2.0865312e-01   1.1396916e-01   1.4540333e-01  -2.4044848e-01  -1.4996949e-01  -1.0375037e-01   8.7987675e-02   5.7178595e-02   5.0114084e-01  -6.4470427e-03   2.7728863e-03  -1.1729142e-01   2.6382805e-01  -2.7494556e-02   3.8177965e-01   9.0977238e-02   4.6451646e-01   1.7434277e-01  -1.5568109e-01  -2.2787445e-02  -1.6111714e-01   7.0924494e-02  -3.2902024e-01  -2.6552581e-01   3.0751955e-02  -1.6035176e-01  -1.8383054e-01  -1.6338959e-01  -2.8841809e-01  -1.3675893e-01   1.2312175e-04  -5.4900577e-02  -1.5092702e-01  -2.3706178e-01   6.3651112e-01  -2.9343817e-01  -3.0895375e-01   3.0371195e-02   1.1167558e-01   2.8745511e-01   7.2984751e-02   9.1667492e-02   1.1006743e-02  -2.8055303e-01  -2.1548519e-01   3.8700996e-01   3.5605616e-01  -2.6377356e-01  -1.5430652e-02  -2.6496676e-01  -1.7577896e-01  -2.4214081e-02  -1.6566312e-01   2.8056974e-01  -5.1639215e-02  -4.0125176e-01   1.7053075e-01  -1.2112407e-01   1.7447595e-01   1.3148386e-01  -1.9838491e-02  -1.9657234e-01   9.8391277e-02  -8.8804678e-02  -3.7938871e-01   3.0611328e-01  -2.7203168e-01   5.1586155e-01  -1.6489297e-01  -3.9720920e-01   6.6230309e-01  -2.5224609e-01  -2.4622041e-01  -4.9154975e-02   9.9269897e-02  -9.7661759e-02  -1.9742738e-02   2.5373030e-02   7.7008459e-01  -1.1684836e-01  -1.6237094e-01  -1.2807054e-01   1.2216840e-02  -2.4282547e-01  -3.9613507e-02  -6.5171944e-02  -3.2931189e-01  -4.2507164e-01   1.3837247e-02   5.8402031e-01   2.0931558e-01   6.3961109e-02  -1.9928310e-01   2.2400632e-01   5.8594559e-01  -5.7767212e-02  -4.5656305e-01  -4.0640324e-03   8.1048277e-03   6.3706842e-02  -4.8728944e-02
   8.5988710e-02  -2.8788900e-01  -1.6358007e-01   4.0500566e-01   3.4667796e-01  -9.4668746e-02   2.2771882e-01  -1.8869529e-01   2.0419399e-01   4.6977722e-01   3.9542317e-01  -2.2135195e-02   0.0000000e+00  -2.3757763e-01   1.3000135e-01   3.8996026e-01   9.9590907e-02   4.2643010e-01   1.4127453e-01   4.1265194e-01   2.7408116e-01   6.9221371e-02   1.8832457e-01  -3.0162973e-01   3.9463234e-01  -6.2678298e-02   3.8945358e-01  -2.7117870e-01  -5.4047156e-01   1.2237793e-01  -2.9414230e-01   1.6954111e-01   6.4875796e-02  -1.1074945e-01   1.5091654e-01   5.4721217e-01   2.8817928e-01  -4.8088905e-01   4.1055963e-01   1.2806355e-01   7.1732077e-01   5.3750128e-02  -3.7532330e-02   2.0552645e-02   6.0739749e-01  -1.6652767e-01   4.3750432e-01   5.5416700e-02   2.4458306e-01  -1.8007833e-01   4.5561512e-01  -2.3182887e-01  -1.3064971e-02  -1.5524290e-01  -2.0114962e-01   1.2161827e-01  -7.7125530e-02   9.2800196e-02   5.2645383e-01   1.7331035e-01  -1.9043632e-01   5.4958877e-01  -2.2482091e-01  -9.2089877e-02   1.5737003e-01   5.9496570e-02   2.3370473e-02   5.6834145e-02   1.6836518e-01  -2.2052973e-01  -1.5487091e-01   3.2432346e-01   4.7118662e-01  -2.7688069e-01   2.4432206e-02   1.2858053e-05  -3.7167232e-01  -1.6566986e-01   1.3262527e-02   3.6253891e-01  -9.1750941e-02   3.0509311e-01  -1.7079720e-01  -4.8412135e-02  -2.0666741e-01   1.4233114e-01  -2.9096661e-01   1.8973156e-02   1.4619594e-02  -6.5265752e-02  -1.5668970e-01  -2.4079912e-01  -1.1589689e-01   1.9183458e-01  -4.7884776e-01   4.3692249e-01  -3.7726267e-02  -5.4848146e-02   5.9616613e-01   2.1616176e-01  -4.3381681e-01   1.7223211e-01  -2.7153039e-01   1.3975104e-01   3.0793707e-01   1.9344282e-02  -1.4006471e-01  -6.2209928e-02  -1.4657722e-01   4.2751961e-01  -2.7057622e-01   2.2108752e-01   1.9545645e-01  -7.9061876e-02  -4.0086057e-01  -6.9004093e-02  -2.2600370e-01   5.2670772e-01  -2.3354490e-01   3.0838678e-01  -1.3328447e-01   2.0123072e-01  -8.3965665e-02   3.7353310e-02  -2.0945729e-01  -8.1473026e-02   1.6573723e-01   7.6153252e-02   3.4229339e-02  -2.1025000e-01   4.2934011e-01   4.0593610e-02  -2.1182859e-01  -1.0659480e-02  -7.1133971e-02   6.1860513e-02  -1.2940370e-02  -2.8306086e-01   3.0794522e-03  -2.9615796e-01  -1.4798533e-02   2.4594696e-01   4.3347020e-01  -1.9273736e-01   1.1385664e-01   1.3990673e-01  -1.4107818e-01   3.2170093e-01   4.8971393e-01  -2.0485198e-02  -1.5382127e-01  -3.0060863e-01  -1.2923124e-01   1.7306077e-01  -9.9920801e-02  -2.7764695e-01  -9.0707440e-02   3.3577689e-01  -5.4123030e-02  -4.6770338e-02  -1.4409558e-01   3.1773724e-01   5.1898330e-01   3.8659042e-01   1.1104042e-01  -8.3795843e-02   3.4142701e-01  -1.0675359e-01  -7.3580433e-02  -2.3150993e-01  -1.0322028e-02  -3.1533188e-01   4.6113167e-01  -2.1214669e-02   4.8708710e-02   1.6302266e-01   1.7423578e-01
   9.8786708e-02   1.0645399e-01  -4.7931736e-01   1.8286646e-01  -4.7577223e-01   2.9620475e-01   2.0302113e-01   1.0690931e-01  -2.2547173e-01  -1.4486625e-01   1.4239099e-01  -5.1697476e-01  -2.3757763e-01   0.0000000e+00   2.0389537e-01   1.7174751e-01  -5.6982457e-01   1.4149251e-01   2.1390603e-01  -5.6505577e-01   3.5981505e-01   1.3623493e-01   4.8332472e-01   1.8705495e-01  -8.4987923e-02   2.2726685e-02  -3.4681395e-01   3.1836259e-01   6.3935052e-02   4.0994975e-01   5.1952872e-01   1.7805041e-01   2.2869160e-01  -1.2949791e-01   1.4527257e-01  -3.1236773e-01  -7.1802824e-02   2.6554172e-01   4.8497773e-03  -5.5829697e-01   9.9207881e-03   1.4695527e-01  -4.7130256e-01   2.3440470e-01  -9.1256835e-02   1.2681086e-02  -6.7011792e-02   4.3563721e-01   2.1974132e-01  -4.1522555e-01   3.0122749e-01   1.5863348e-01  -1.7542358e-01   8.4974408e-03   6.1412928e-01   1.8193148e-01   9.6914593e-02   9.8894983e-02  -3.9323379e-02   3.9240336e-01   1.3082494e-01   6.4771363e-03  -8.8515833e-02   4.1988384e-01   2.3476248e-01  -3.9479867e-01   7.4252735e-02   9.3440127e-02   9.1800693e-02  -2.1626150e-01  -3.2838279e-01   2.2034627e-01  -2.6142203e-01  -1.7320774e-01  -2.5052945e-01  -1.2822992e-01   3.4296622e-01   2.0117683e-01  -4.8543398e-01   1.5948659e-01   4.5925961e-01   7.0507185e-02  -1.1632328e-01   1.7688650e-01  -1.5347005e-01  -1.1154417e-02   3.2053171e-01   6.7353695e-01  -1.5016174e-01   7.9556301e-02  -4.8822232e-01   2.0348926e-03  -4.2846046e-01  -1.1061138e-02   2.9369090e-01  -5.9232364e-01   2.8721921e-01   1.0158794e-01  -1.6386578e-01   2.4005852e-01   4.2598555e-01   8.4514369e-02   4.3490202e-01   3.2068034e-01   2.4656614e-01   1.5761607e-01   5.6537359e-02   9.1608320e-02   3.0711858e-01  -3.2891399e-01  -4.1049979e-01   3.4269513e-01   2.4868115e-01  -1.4423083e-02   5.0033248e-01  -5.8139579e-01  -6.0660748e-02  -4.5645620e-01   3.3421005e-01   3.5663308e-01   1.5252712e-01  -6.9925152e-01  -1.5744206e-01   1.8243528e-01  -4.8490559e-03   6.2120430e-01   2.2156650e-01   1.0653673e-02   1.5748768e-01  -1.4140771e-01  -1.5776717e-01   2.4634173e-01   1.2196433e-01   2.2276371e-02   2.8293769e-02  -3.7393199e-02   1.5563164e-01   4.9054257e-01  -5.2087958e-02   3.0750956e-01   6.2147717e-01  -2.7167838e-01   2.0624492e-01  -5.4132367e-02   4.1440167e-01   4.9291622e-01  -4.9321795e-01  -1.6537892e-01  -6.5179301e-02   2.2272255e-02   2.4698723e-01   4.9087377e-01   1.1315847e-01  -3.2155160e-01  -7.3411019e-01   1.2545321e-01   2.1862003e-01   2.2762807e-01  -9.7841608e-02   5.3433845e-01   1.7837116e-01   9.7105979e-03  -1.6294643e-01   3.1249263e-01  -1.1700171e-02  -6.6583448e-01  -2.8523356e-01   3.3729219e-01   3.0862908e-01  -3.0459410e-01  -5.8756811e-01   1.6866225e-01   1.7119761e-01   9.2923855e-02  -7.6128159e-02  -3.8067652e-02   3.5141134e-02
