   0.0000000e+00   3.6178056e-01  -1.9979172e-01   4.6668610e-02  -3.3421098e-01  -2.8776636e-01  -4.1815611e-01   2.1609497e-01   4.4934451e-02  -3.2499213e-01  -3.0051742e-01   2.0322168e-01  -4.5696262e-01   7.1316986e-01   1.8290628e-03  -4.5726955e-01  -3.2027522e-01  -1.5636148e-01  -7.3675781e-02  -4.9692766e-01  -2.4510926e-01   2.6983845e-01  -3.1667419e-01   8.1974197e-01  -3.5526249e-01   2.8526083e-01  -3.7179146e-01   3.2778575e-01  -6.3299123e-02   2.5434227e-01  -1.9338603e-01   3.2085650e-01  -9.2225381e-02  -2.9264207e-01  -2.5784219e-01  -4.9209487e-01  -3.3220139e-01   4.9764066e-01  -4.9130044e-01  -5.4810021e-01  -5.9554351e-01   3.7227607e-02  -2.0371785e-01  -1.1396793e-01  -1.8324443e-01   4.4346772e-01  -4.3441934e-01  -1.4315040e-01  -3.9453174e-02  -4.4965562e-01  -1.9170123e-01   1.9355545e-01  -4.6028572e-01   1.7919377e-01   3.7794060e-01   1.4796989e-02   2.4593094e-01   2.1750540e-01  -3.2900250e-02   1.3404374e-01   1.6497560e-01  -2.0099183e-01   9.1573393e-02  -2.8966943e-01  -2.4696236e-01  -4.5933905e-01  -2.6328037e-01   1.0647547e-01  -1.5166500e-01  -1.3284961e-01  -2.4892515e-01  -2.3972756e-01  -6.2472676e-01   7.7378079e-01   3.1376982e-01   2.3918467e-01   3.4777318e-01   1.3801676e-01  -2.7471488e-01   6.1122276e-02   4.1626646e-02  -4.6858817e-01  -2.7085174e-01   2.4987901e-01   4.9798900e-01   4.4512664e-01  -1.5822588e-01   7.2107130e-01   1.1419340e-01   8.8221987e-01  -1.9290260e-01   6.9511672e-02  -3.8255517e-01  -3.5158241e-02   3.9776165e-01  -1.7159981e-01  -3.2790436e-01   2.9788503e-01  -3.1005583e-02  -3.9273396e-01  -2.3648813e-02   6.0562676e-02   4.3978311e-01   3.1299548e-01   1.8728295e-01   2.0420786e-01  -1.0023858e-01   1.6311121e-01  -1.1708745e-01  -3.9796065e-01  -3.8030662e-01   3.0260012e-01   9.1554634e-02   9.3356036e-01   1.6110186e-01  -2.9990886e-01   7.7128913e-03  -6.9998096e-01   2.7863695e-01   1.6961051e-01   5.9991999e-01  -2.1848420e-01  -1.4331384e-01  -1.9162955e-01   5.9084913e-01   8.5622535e-01  -4.8003943e-01   2.1424808e-01   3.4504566e-01  -2.4375932e-01  -6.4724828e-01  -4.5208746e-01   7.8942899e-01  -1.3994843e-01   1.5192871e-01   4.4362239e-01   1.4260325e-01  -1.8337573e-01   4.0165804e-01   8.5398436e-01   8.7654195e-01  -3.8802468e-02   1.8592853e-02  -3.7242599e-01   3.4839004e-01   3.6897426e-01  -3.8239422e-01  -4.8274895e-01  -4.1532105e-01  -2.9488042e-01   7.1143186e-01   3.8355812e-01   4.8291553e-01  -3.3427493e-01  -4.9610574e-01   8.4040198e-01   5.1286341e-01  -2.5724300e-01   3.8621676e-02   3.1758149e-01  -1.1153052e-01  -1.1522027e-01  -3.2233122e-01   4.6130824e-03   8.1162300e-02  -2.8805072e-01  -3.6908270e-01   1.4038692e-01   3.4003773e-01  -1.8344635e-01  -2.5658542e-01   4.3187053e-01  -4.7899760e-02  -4.1505513e-01   7.9767789e-02   7.4258988e-02   3.6275776e-02
   3.6178056e-01   0.0000000e+00  -2.2602415e-01  -9.3753682e-02  -1.3859942e-01  -1.3830890e-01  -1.2505530e-01  -1.5230779e-01  -6.1083798e-02  -2.3077241e-01   1.2074217e-01   5.7315724e-01  -5.0180507e-01   5.4487338e-01  -4.5170842e-03  -8.8708199e-02  -2.5366281e-01   1.2770701e-01   2.8076345e-02  -2.7716461e-01   3.6889535e-01   2.0751145e-02   9.8627741e-02   4.4458511e-01   4.3202650e-02   1.5268626e-01  -2.0950417e-01  -6.8230158e-03  -2.8832610e-01   4.2627507e-01  -5.2183558e-02   2.1401644e-01   1.0552552e-01   3.4575808e-02   2.3771992e-01  -1.1283748e-01   1.0028620e-01  -2.4420144e-02  -1.4512993e-01  -4.6506242e-01  -5.0967413e-01   1.2306325e-01   1.5888952e-02  -1.8263404e-01   1.2239791e-01   3.9504656e-02  -1.2976873e-01   4.5602647e-01  -9.9235103e-02  -4.6540313e-01  -1.4861564e-01  -1.1404972e-01   1.2710810e-01   1.9673783e-01   3.1598657e-01  -2.1856221e-01   1.3851700e-01  -7.0955838e-03  -1.6396008e-01   6.4175677e-01   9.0902594e-02  -8.2860259e-02   1.3802877e-01   2.8122103e-01   2.4592841e-01  -1.8455336e-02  -4.4932752e-02   1.2116306e-01  -4.2130082e-01  -2.4773678e-01   3.6066246e-01  -5.0637366e-02  -3.8612658e-01   4.6338749e-01   1.1311890e-01   5.2879850e-02  -4.7593502e-02  -2.3788800e-01  -5.3881509e-02   1.1321741e-01  -2.6467409e-01  -2.8825718e-01   1.1683545e-01  -1.6514717e-02   2.9229572e-01   1.3099002e-01   4.4825613e-01   5.3509977e-01   1.7060905e-01   2.6357536e-01   1.2774203e-01  -4.0524197e-02  -2.8684499e-01  -1.9491293e-01  -4.0488313e-02  -4.6058843e-01  -8.6510724e-02  -2.8078704e-01   1.1920437e-01  -1.1330423e-01   1.2244790e-01   3.9316130e-01  -1.6005849e-01   4.3279812e-01  -2.6745942e-02  -1.3893073e-01  -1.9050412e-01  -4.2353755e-01  -2.7250954e-01  -3.8033425e-03  -1.0359029e-01   1.8156493e-01   2.7376011e-01   2.1481608e-01   3.2772203e-02   4.5277644e-02  -3.8581840e-01  -3.1025607e-01   6.4904109e-02  -5.9525996e-02   3.1106290e-01  -2.4306705e-01   6.6016775e-02   3.5421600e-01   5.8743748e-02   5.0350642e-01  -8.5437202e-02   6.8580938e-02   5.6333714e-02  -1.2093430e-01  -3.8110626e-01   9.5843080e-02   4.1694167e-01   2.7623548e-01  -6.2572288e-02   6.3233250e-02   4.8314737e-02   6.1212120e-02   1.1398362e-01   2.1042569e-01   5.0812472e-01  -3.4421191e-01  -1.1919049e-02  -1.2149419e-01   4.7859907e-01   2.9769241e-01  -2.0901838e-01   7.6177515e-02  -2.4045128e-02   1.7013838e-01   1.7416012e-01  -2.0209613e-01   2.5714298e-01   8.1956539e-02  -2.3305837e-01   2.8172030e-01   2.1895458e-01  -1.5744158e-01   3.5897822e-02  -8.8943216e-02  -1.3041404e-01   2.6914663e-02   3.5467663e-02   1.8085332e-01  -5.0267651e-02  -1.1550584e-01   1.9852985e-01  -2.4415728e-01   4.1843754e-01   2.3104762e-02   1.1624794e-01  -1.6403748e-01   1.5780404e-01   2.7482157e-02   2.7400619e-01  -8.6171105e-03  -2.2268994e-01
  -1.9979172e-01  -2.2602415e-01   0.0000000e+00  -6.2092309e-02  -2.1241548e-02   4.2068263e-01   5.7056853e-01  -7.5096540e-02  -8.8930216e-02   3.3725200e-01  -2.5533190e-01   1.1835367e-01   3.5902040e-01  -3.5488618e-01   1.7052666e-01   2.6701978e-01   9.3603982e-01  -1.9913551e-01   4.6869586e-03   2.9785179e-01  -1.6270691e-01  -1.1410527e-01   2.6297897e-01  -2.8070362e-01   6.8358525e-02  -1.3422920e-01   1.9330162e-01   8.6497499e-02   4.1032738e-02  -1.9039797e-01  -4.5216321e-03  -2.4723404e-01   9.1975324e-02   1.0229085e-01   3.6256039e-01   1.4348616e-01  -3.5872389e-01   3.1084202e-02   1.6509385e-01   5.4972013e-01   1.2091889e-01   1.0854347e-01   1.7977072e-01  -7.7038236e-02  -1.2799512e-01   2.6849083e-01   1.1359638e-01  -2.8543143e-01  -4.6976514e-01   5.7552841e-01   1.5548532e-01   5.2090878e-02  -1.3969448e-01   2.3363308e-01   3.8120991e-02  -2.7308219e-03   5.9828011e-02  -1.2719930e-01  -3.4046625e-01  -3.6394138e-01   4.6444656e-01   3.0007941e-01  -1.3271969e-01  -2.7921182e-01  -3.9550306e-01   2.8967850e-01   3.7653820e-01  -1.9250076e-01  -6.0671017e-02   8.3815745e-01  -1.3246388e-02  -1.2223545e-02   4.2584333e-02  -2.9526925e-01  -2.6394271e-01  -1.3913342e-01   2.6785969e-01  -1.4107865e-01  -3.2379908e-01  -2.1210035e-01   2.3076987e-01  -7.7426681e-02  -2.2109285e-01  -7.1579707e-02   1.4029220e-01  -2.1089336e-01  -2.3092629e-01  -6.1429907e-02   8.0093204e-02  -1.4211164e-01  -4.9205389e-01   4.6609565e-01   3.6351195e-01   7.4844021e-02   1.9516855e-01   1.0882732e-01  -9.5750638e-02  -1.3275690e-01  -2.4599656e-01   3.1006727e-01  -4.0039061e-02   6.8622220e-02  -7.2266851e-02  -2.8689441e-01  -9.6374780e-02  -3.0925068e-02   2.9332621e-01  -1.5439088e-01   2.6345837e-01  -1.1203488e-03   1.4576575e-01  -1.7013533e-01  -1.5441996e-01  -1.8406545e-01   2.8215124e-01  -3.5529343e-01   6.4004674e-03   7.4876263e-02   3.1795747e-01  -1.4411991e-01  -6.7601331e-02  -1.2470368e-01   2.0646680e-01  -3.6492906e-01   2.4473941e-02  -2.8147283e-01   1.7049027e-01  -1.1849005e-01  -1.3602304e-01   8.0414714e-01   1.6761869e-01  -3.7899208e-02  -1.8684590e-01  -3.9601744e-01   3.0295491e-02  -7.2036131e-02   9.3363449e-02   8.9930203e-02  -2.0681232e-01  -1.7108309e-01  -1.4907657e-01   1.6908822e-01  -2.9278441e-01   3.2775851e-01  -2.5893742e-01  -5.5471461e-01   4.1446920e-01  -1.9588137e-01   3.7275397e-01  -2.3056804e-01   7.7916253e-02  -1.9274101e-01   2.7997643e-01  -2.4818062e-01   4.4030887e-01  -2.3606743e-01   9.5257044e-02  -2.2354005e-01   3.7882203e-01  -1.4086725e-01   2.0168171e-01  -2.7146052e-01   2.7527062e-01  -4.0449125e-01  -5.2222555e-02   8.0931139e-03   5.1074957e-02  -2.1704437e-01   1.9487779e-01  -2.9728377e-01  -7.2581287e-02   8.1786706e-02  -3.2937198e-01   3.0083197e-01  -1.7483490e-01   5.3444021e-02   2.5727444e-02
   4.6668610e-02  -9.3753682e-02  -6.2092309e-02   0.0000000e+00   2.3939100e-02   2.1055774e-01  -1.2928944e-01   2.8362856e-01   2.1015794e-01  -1.3996553e-01  -2.7890277e-01  -1.4749808e-02   3.4978985e-01   1.5593994e-02  -2.2434087e-01   1.3041167e-01  -1.8668619e-02   1.4594311e-01   3.1750858e-01  -1.3437020e-01  -1.6875030e-01   6.3779812e-01  -9.7787123e-02  -8.1788961e-03  -2.5627434e-03   3.7673728e-01   3.2653066e-03  -1.6770972e-01   1.9606015e-01   2.9444848e-01  -1.7701967e-01   3.4396240e-01   3.9903902e-01  -5.5418348e-01  -2.0336580e-01  -1.6398679e-01   7.7346380e-02   4.1666031e-02   4.1426155e-02  -1.4091436e-01   2.2154755e-01   4.0584312e-02   9.3959556e-02  -2.7131508e-01   6.9345554e-02   1.3043894e-01   6.9323762e-02  -9.5251265e-02   3.9124858e-01  -1.4286210e-01   2.4812159e-01   3.4727852e-01  -5.4294500e-01  -1.8805554e-01   2.3058744e-01  -1.5764583e-01   4.0475356e-01   5.9919440e-01   5.8275827e-01   1.2908719e-01   1.0209879e-01  -5.1252883e-02   2.3584244e-02  -4.1404151e-01  -1.8298369e-01  -3.9585126e-01   3.1064500e-01   1.2275699e-01   4.3475254e-01   1.7845238e-01  -4.1698624e-01   3.0061721e-01  -8.7155299e-02   3.1918419e-02  -3.2959779e-02   4.6533210e-01   1.0154085e-01   3.5605243e-01  -2.8689393e-01   5.0582153e-01  -1.4432636e-01   9.8970567e-04  -3.9785916e-01   5.0306733e-01   2.4483461e-02   2.4660534e-01  -1.6760001e-01  -1.1331918e-01   6.4992983e-02  -6.9529846e-02  -2.6288717e-01   1.7672831e-01  -4.6677272e-01   2.1201855e-01   1.4023978e-01  -8.7719873e-02   1.3747671e-01   3.5476389e-01   1.2191610e-01  -1.7968587e-01  -3.8456411e-01  -1.7982074e-02   1.7591670e-01   3.1187346e-01   3.6221039e-01   7.4277476e-01   3.1543280e-01   5.4206334e-01   1.5185632e-01  -1.1603931e-01  -4.1331568e-01   3.0411887e-01   4.1027062e-01   5.5055723e-02  -2.7189078e-01  -3.2547445e-01   2.4158511e-01   1.2095915e-02   7.6336339e-03   4.3515686e-01   3.2726284e-02  -1.5536294e-01  -7.9225137e-02  -2.6808424e-01   6.5656034e-02  -5.1459445e-02  -1.0982052e-01   5.6785502e-02   7.0643497e-01   3.1615726e-04  -1.1094818e-01  -3.9475107e-01   2.5585360e-01  -3.0345401e-01   3.4802439e-01   2.8555697e-01   2.1816323e-02  -2.8909993e-01   1.1971805e-01  -4.2430986e-02  -1.0368125e-01   1.7650493e-01   2.2216043e-01  -2.5274117e-01  -3.1028319e-02   1.0952371e-01  -3.6162649e-01  -2.8959626e-01  -2.6939169e-01  -3.2995769e-01  -7.9243909e-03   9.5728079e-02   1.4442953e-01  -2.8307432e-01  -3.0691462e-01  -7.7268430e-02   8.4229868e-02   4.3696948e-01   2.0032843e-01  -4.9654338e-02  -9.7800227e-02  -1.1554430e-01   1.2729595e-01   2.1820991e-01   6.1267730e-01  -2.2266733e-01  -1.4016212e-01  -2.0324738e-02   3.9698737e-02  -5.0766074e-01  -1.0428665e-01   3.9001148e-02   1.1792891e-01  -1.0487337e-01   2.2210409e-01   2.2088950e-01   7.5033127e-01
  -3.3421098e-01  -1.3859942e-01  -2.1241548e-02   2.3939100e-02   0.0000000e+00   3.1678411e-01   3.6604600e-02   2.8251866e-02   3.6201624e-01  -2.3073526e-01  -2.8218910e-01   1.4725944e-01   3.4875067e-01  -3.1858436e-01  -4.2811782e-01   3.6775685e-01   3.8976596e-02   1.8720752e-01   2.5104262e-01   6.5426018e-01  -3.3911217e-01  -1.4133365e-01  -9.4499461e-02  -3.2757910e-01   1.4380130e-01  -1.1770596e-01   5.0370499e-01  -4.1717736e-01   1.8301395e-01  -3.9066547e-02  -5.1395825e-01  -2.2997716e-01   2.0601811e-01  -1.1408057e-01   3.4414674e-01   4.6061701e-01   2.0044816e-01  -3.8007959e-01   3.7715792e-01   4.2209199e-01   3.0215056e-01   1.2431075e-01   6.3457643e-01  -3.6606764e-01   4.6843996e-01  -2.4615564e-01   3.8245693e-01  -1.5835759e-01   3.1701952e-02   1.7201033e-01   1.0917134e-01  -4.6532019e-02   2.2626248e-01  -3.0809001e-01  -2.5369589e-01  -2.7559579e-01  -1.9034774e-01  -1.6875925e-01   1.1290313e-01  -1.0714256e-01  -2.3845050e-01  -6.2386810e-02   2.1422761e-01  -1.8438641e-01   1.4142618e-02   2.6850521e-01   2.1956206e-01   2.1514703e-01   3.3212405e-01  -1.8617877e-01   2.5336932e-01   1.4513189e-01   2.6718699e-01  -3.3228619e-01  -5.4360467e-02  -2.0613719e-01  -3.5113727e-01   2.2755767e-02   6.1485656e-01   1.4282136e-01  -4.0411922e-01   1.2968573e-01  -3.0596476e-01  -1.4448783e-01  -2.3614421e-02  -2.4921193e-01   4.7313997e-02  -3.3111680e-01   5.4903097e-02  -2.3293855e-01   4.5530447e-01  -2.1233180e-01   3.0955045e-01   2.7923874e-01  -2.9609690e-01   4.8738995e-01   3.2469904e-01  -2.2737498e-01   3.8616584e-01  -2.2447580e-01  -2.6880888e-01  -4.6085895e-02  -1.5438664e-01  -1.3434480e-01   1.7438126e-02   2.6130779e-02   1.6547075e-01   9.8034409e-02  -3.4897319e-01   2.9601436e-01  -2.1257265e-01  -4.3272839e-02  -1.4758550e-01  -2.9680358e-01  -3.8748215e-01   6.2191075e-01   5.2693587e-02   4.4530567e-01  -2.5688849e-01   2.0317343e-01  -3.5025837e-01   7.3723680e-01   2.4734670e-01   9.7083962e-02  -2.3585442e-01  -3.5861865e-01   1.3877776e-01   2.4505170e-01  -8.2620432e-02  -9.1534506e-02   5.0732181e-01  -1.5854955e-02  -3.3913147e-01  -2.0660555e-01   2.1271614e-01  -1.6754767e-01  -2.7543423e-01  -5.4976752e-01  -5.2214490e-02  -3.1500588e-01  -3.1423023e-01   2.8059591e-01  -1.0971093e-01  -1.9566480e-01   2.1955087e-03  -1.5738811e-01   3.0987306e-02   4.1270704e-01   4.5026629e-02  -3.2846199e-01  -2.2845909e-01  -3.7111344e-01  -1.8671215e-01   5.3722255e-04   1.9079814e-01  -3.5222465e-01  -2.5551852e-01   6.2583280e-02  -1.2586448e-01  -2.5293403e-01   3.3918402e-01  -1.5636196e-01   1.8057528e-01  -6.6289523e-02  -1.5586455e-01   7.9858768e-01   2.9341185e-01  -3.1659073e-01  -6.1595131e-02   1.3485994e-01   6.7000593e-01  -3.0745308e-01   2.7559066e-01   2.9132285e-01   7.0732176e-02  -9.8797879e-02  -8.2938627e-02
  -2.8776636e-01  -1.3830890e-01   4.2068263e-01   2.1055774e-01   3.1678411e-01   0.0000000e+00   4.8686076e-01   2.6294781e-02  -9.9749952e-02   9.4756807e-02  -4.2210966e-01   3.5282535e-01   3.0468586e-01  -4.5544091e-01  -2.3392424e-01   3.4228773e-01   5.3402296e-01   1.7203252e-01   4.3322215e-01   4.5062969e-01   1.3322761e-02   8.1746911e-02   4.8400633e-01  -3.9904501e-01   1.8974729e-01   1.1945018e-01   5.9466034e-01  -3.5966308e-01  -9.4201429e-02   1.4969035e-01  -2.6123415e-01  -1.6571173e-01   2.7098931e-01  -1.3619259e-01   1.8545224e-01   4.5955359e-01  -3.1914237e-04  -3.2355968e-01   1.9869510e-01   4.4615821e-01   1.4934986e-01   2.0429225e-01   4.1766918e-01  -5.1178842e-01   3.5138437e-01   2.6751552e-02   4.6398423e-01   6.8497397e-02  -7.8078650e-02   7.3279241e-02   4.9896761e-01   1.2372607e-01  -3.1694249e-01   2.0109488e-02  -2.2004267e-01  -3.8344338e-01   4.8291946e-01  -1.7399476e-02  -1.8679857e-02  -9.1529454e-02   1.5443331e-01   2.0389524e-01  -3.4960483e-01  -4.5740038e-01  -4.6778450e-01   4.9355170e-01   8.2989513e-01  -1.3775768e-01   3.4217450e-01   5.7002340e-01  -1.4379782e-01   2.5918794e-01   9.9370231e-02  -3.1155103e-01  -2.9143057e-01   2.9923398e-02  -7.0188335e-02  -8.5960541e-02  -2.3737757e-01  -1.6797918e-01  -3.8814382e-02   8.4793566e-02  -4.5944275e-01   1.9347369e-01   2.3259407e-01  -2.5784290e-01  -3.0752923e-01  -3.9797430e-01   7.6732937e-02  -4.0848686e-01  -4.1453583e-01   2.1790505e-01   1.4123448e-01  -3.0274257e-02  -1.0880943e-01  -9.3216690e-02   3.0281063e-01  -1.5145725e-01  -1.0638974e-02   1.6276027e-01  -4.7631953e-01   3.3887835e-01  -6.9945621e-02  -2.6686292e-01   9.1663241e-02   1.4475661e-01   1.1413518e-01   1.7307949e-01   1.2055156e-02   4.6581330e-01  -9.4231663e-02   1.4637577e-01   8.0445943e-02  -3.2338822e-01  -3.0278925e-01  -2.5724762e-01  -4.2376022e-02   2.6811996e-01   3.9846721e-02   1.0018415e-01  -1.6298755e-01   4.9993868e-02  -3.5518900e-02  -3.7242861e-01  -1.7000783e-01  -4.2378439e-01   3.5740817e-01  -1.8604952e-01   7.3842438e-02   5.6198785e-01   1.9193416e-01  -1.3648369e-01  -2.0964997e-01  -4.9173666e-01   9.6159538e-03   2.1871844e-02  -2.0239191e-01  -1.7335240e-01  -1.4516015e-01  -3.7597081e-01  -2.5004244e-01  -1.9535164e-02  -1.9733585e-01   3.0158212e-02  -2.2060212e-01  -5.3630475e-01  -1.6579381e-02   7.2558677e-02   6.3778493e-01  -3.6612047e-01  -2.3011669e-01  -2.4088938e-01   1.1014676e-01  -4.2959756e-01  -4.0802612e-02  -5.3317008e-01  -2.2396658e-03  -5.5638792e-02   2.2113700e-01  -2.7488598e-01   1.9872178e-01  -4.4791905e-01   6.6047395e-01  -1.8487013e-01   2.1195362e-01   2.4948703e-01   3.7470209e-01  -2.9361780e-01   2.7386236e-01  -5.5463688e-01   4.5907871e-01  -2.9692783e-01   3.3873776e-04   4.8178736e-01   1.0599875e-01  -2.8533714e-02   2.6385707e-01
  -4.1815611e-01  -1.2505530e-01   5.7056853e-01  -1.2928944e-01   3.6604600e-02   4.8686076e-01   0.0000000e+00  -2.8247274e-01  -2.7003688e-01   5.7548908e-01   1.9736172e-02   6.6082467e-02   1.8712033e-01  -3.8021195e-01   3.8253887e-01   3.5919129e-01   6.4996559e-01  -2.2687517e-01   4.5608258e-02   5.0583603e-01   2.0694047e-01  -3.3544755e-01   7.6222537e-01  -4.5027339e-01   6.2870175e-02  -2.9361829e-01   5.5723063e-01  -9.5549276e-02  -8.1538399e-02  -3.3689694e-01   4.0109818e-01  -2.7575715e-01   4.9788856e-02   4.8991948e-01   4.8791394e-01   5.1903489e-01  -2.4518573e-02  -3.1906212e-01   2.6240345e-01   6.8778468e-01   1.6948022e-01  -8.6462955e-02   2.0778819e-01   2.0144179e-02  -3.0014536e-02  -3.0870641e-01   3.1116096e-01   1.9785802e-01  -1.5542149e-01   4.2735378e-01   2.3083507e-01  -2.3516782e-01   1.6224412e-01   1.4478884e-01  -1.1476928e-01  -2.2384297e-02  -6.8264731e-02  -2.5533656e-01  -4.2341570e-01  -2.2073477e-01  -8.2912431e-02   2.8503026e-01  -4.8039712e-01   1.0672987e-01  -1.5614011e-01   6.1825160e-01   4.5045330e-01  -2.1516019e-02  -1.2825246e-01   4.6471341e-01   2.8315461e-01   8.7474103e-02   1.7717839e-01  -5.1425026e-01  -4.5180219e-01  -2.5328842e-01  -2.3162590e-01  -2.0387753e-01  -7.6774475e-02  -1.4836368e-01   2.9194629e-01   1.1678825e-01   1.3117175e-01  -3.0800524e-01  -2.0979702e-01  -4.1397622e-01   6.7486220e-02  -3.3254564e-01  -3.2172278e-02  -5.4689455e-01  -2.7451468e-01  -8.8988509e-02   5.4808651e-01  -2.3019152e-01  -1.6558921e-01   8.6124654e-02   3.4295785e-01  -3.6464745e-01  -1.0854648e-01   8.2186338e-01   1.1402940e-01   3.5428221e-02  -5.3141850e-01  -3.3797722e-01  -1.9304088e-01  -3.4159352e-01  -8.6567255e-02  -2.6816357e-01   4.7950451e-01   2.4713117e-01   5.6677401e-01  -3.7091715e-01  -4.5228299e-02  -5.2744178e-01   2.5159491e-01  -2.0607836e-01  -1.9276357e-01   3.1238379e-01   1.0958414e-01  -3.8840056e-01  -5.2262112e-01   4.8856068e-02  -4.6130906e-02  -9.8232208e-02  -5.2163481e-01  -4.9594162e-01   6.2494598e-01  -3.2897479e-01  -3.4805436e-01   6.3959830e-01   3.2473893e-01   4.2308319e-01  -4.8967122e-01  -2.1492199e-03  -3.6495775e-01  -3.7706843e-01   1.3872069e-01   3.9508997e-01  -5.2457235e-01  -3.6680755e-01  -3.5697597e-01  -1.8400249e-01  -4.5840010e-01   5.4141834e-01  -3.0439483e-01  -6.1484615e-01   6.2676272e-01   4.0361491e-02   7.1371144e-01   2.2583110e-01  -4.1989303e-01  -4.5796166e-01  -2.5969580e-01   1.1505139e-02   5.0934966e-01  -4.6841746e-01  -3.7389117e-01  -8.0332240e-02  -2.9746203e-02  -4.5768592e-01   9.2831985e-02  -2.3511329e-01   4.3741719e-01  -3.9378602e-01  -2.2749010e-01   1.6862103e-01   3.9684705e-01  -2.9863150e-01  -1.7893695e-01  -8.9706726e-02   7.5741587e-02  -3.6583634e-01  -3.3640900e-01   4.5275836e-01  -1.2688760e-01  -7.7273005e-02  -2.4339222e-01
   2.1609497e-01  -1.5230779e-01  -7.5096540e-02   2.8362856e-01   2.8251866e-02   2.6294781e-02  -2.8247274e-01   0.0000000e+00   2.6159489e-01  -9.6616533e-02  -4.5764931e-01  -1.8923076e-01   7.2968633e-02   2.1234367e-01  -2.0426554e-01  -4.7992801e-01  -6.9610176e-02  -3.8256999e-01   3.3191056e-02  -3.2666464e-01  -4.3981992e-01   3.0392858e-01  -3.6883117e-01   2.5053534e-01  -2.4057219e-01   5.8673346e-01  -1.9550334e-01   1.8370992e-01   1.5060759e-01  -1.0724823e-01  -3.9478417e-01   1.5044045e-01  -2.8616811e-02  -2.5135043e-01  -1.4631269e-01  -4.5857748e-01   1.1914467e-01   2.3823344e-01  -5.5164022e-01  -1.5615187e-01  -1.7901143e-01  -1.4939952e-01  -1.9937792e-02   2.7234881e-02  -1.9242798e-01   4.6874096e-01  -4.7715577e-01  -4.7921529e-01  -9.9066170e-02  -1.6164289e-01  -3.4929915e-01   8.5355828e-01  -4.1553988e-01  -7.6387470e-02   5.4346718e-02   6.7708713e-02   2.5677907e-01   5.3103494e-01   1.2463120e-01  -1.4553597e-01   1.2669699e-01  -3.0955799e-01   2.5541968e-03  -2.5656872e-01  -1.3873038e-01  -3.1076319e-01   1.8787690e-01  -1.4136911e-01   3.2339150e-02   4.3216815e-02  -3.3085297e-01  -2.4130709e-01  -3.9960384e-01   1.8767286e-01  -1.3821354e-01   6.4193948e-01   2.0864372e-01   3.9936938e-01  -1.5760394e-01  -1.2225720e-01   1.6905417e-02  -2.9859339e-01  -3.7856635e-01   7.5761189e-01   2.2069372e-01   6.4896851e-01  -2.3345984e-02   1.9439676e-01   9.4864635e-03   2.8183272e-01  -4.5637855e-02   1.5174159e-01  -1.4857625e-01   2.9695960e-01   2.1769447e-01   6.2099244e-02  -3.3010235e-01   7.1447988e-01  -1.6694658e-01  -3.5324751e-01   3.0992297e-04   1.1504840e-01   5.3204323e-01   1.2643700e-01  -3.3684334e-02   5.8212583e-01   5.9973317e-02   6.2407143e-01  -1.6253069e-02  -3.1359228e-01  -2.4075824e-01   1.7731920e-02  -2.1484463e-01   2.7477953e-01   1.7713932e-01  -9.5689121e-02   2.8733741e-01  -3.6325156e-01   1.9291974e-01   1.2620006e-01   2.9485331e-01   1.1499858e-01  -4.9644499e-02  -3.7935994e-01   3.7229529e-01   9.7700455e-02  -1.4581598e-01  -9.7815727e-02   4.1733777e-01  -1.2040852e-01  -4.4028310e-01  -4.5292979e-01   2.0121150e-01  -2.4013105e-01   1.8237335e-01   8.1790653e-01  -2.2819752e-01  -2.8451103e-01   6.7738966e-01   1.8995816e-01   2.1023900e-01   2.6686223e-01   5.4257419e-02  -2.1981365e-01   1.7429794e-01   2.7423726e-01  -2.2485577e-01  -1.9472918e-01  -3.4917059e-01  -2.9835105e-01   4.7940023e-01   4.2343988e-01   4.5797115e-01  -2.3252187e-01  -1.9467488e-01   2.1200202e-01   2.5517580e-01  -2.5911844e-02   1.5153323e-01   2.5083440e-01  -3.2540861e-02  -6.0312313e-02  -1.1545579e-01  -2.1185573e-01   4.9357290e-01  -1.8260514e-02  -4.3161447e-01   8.2196426e-02   2.2729627e-01  -1.8127088e-01  -7.7634574e-02   2.2136013e-01  -2.4760137e-01  -2.1306527e-01  -7.1222960e-04  -3.9449470e-02   3.5482927e-01
   4.4934451e-02  -6.1083798e-02  -8.8930216e-02   2.1015794e-01   3.6201624e-01  -9.9749952e-02  -2.7003688e-01   2.6159489e-01   0.0000000e+00  -1.4825792e-01  -2.5799395e-01  -1.6749443e-01   2.5753846e-01  -1.3958153e-01  -4.2260529e-01  -5.7405846e-02  -3.2408047e-02  -5.2039661e-02  -9.2306544e-02   7.3359467e-02  -5.7093628e-01   1.6434609e-01  -5.7109464e-01   6.6902684e-02  -1.0937039e-01   1.4330604e-01  -3.3420204e-02  -1.4631745e-02   4.2425557e-01   1.1705716e-01  -5.1676542e-01   1.0291072e-02   3.1181020e-01  -4.3194245e-01   1.5108868e-01  -2.3416665e-01   3.3225402e-02  -1.0830732e-02  -9.8976749e-02   5.0507656e-02   6.8578961e-02   8.1185171e-02   4.9846051e-01  -3.3452730e-01   4.5997208e-02   7.3589768e-02  -1.3398093e-01  -4.8757356e-01   1.3114801e-01   1.1811593e-01  -9.9090882e-02   2.3683206e-01  -1.6897450e-01  -2.2502222e-01  -1.1868528e-01  -2.1721337e-01  -1.6193379e-01   1.1285048e-01   4.0083441e-01   1.8071579e-02  -1.5994314e-01  -1.8440389e-01   4.2335255e-01  -1.9886809e-01  -2.2793777e-01  -2.7620802e-01  -1.3618826e-01   1.8509993e-01   7.6056903e-02  -1.2711545e-01  -2.1761073e-01   7.9585531e-02  -1.7874045e-01  -2.3433523e-02   4.0857882e-02   2.9220027e-01  -1.0723320e-01   3.4164799e-02   1.1467233e-01   2.6329793e-01  -2.6793325e-01  -1.5800585e-01  -3.9424865e-01   1.0605597e-01  -1.0210623e-01   2.3506577e-01  -1.1079435e-01   1.1312567e-02   2.0126369e-01   1.7006138e-01   1.6153591e-01  -1.5686052e-01  -1.3658132e-01   6.7923105e-01  -2.2661306e-02   2.9408060e-01  -1.3353504e-02   2.5802049e-01   2.1643572e-01  -4.8498292e-01  -3.6328304e-01  -3.5636259e-01   1.1940285e-01   2.8749177e-01   3.8120454e-03   3.7749555e-01   2.1672183e-01   2.4651052e-01  -2.1118420e-02  -2.3981318e-01  -4.6198050e-01  -1.6724303e-01   5.1425716e-02   1.4955346e-01  -2.4365101e-01   1.9050639e-01   6.3876486e-02  -2.4451809e-02  -9.7609212e-02   1.9800387e-01   9.0433543e-03   3.7026102e-01   4.1748260e-01  -2.0075885e-01   1.3311144e-01  -4.0162468e-03  -4.4702058e-01   2.6273455e-01   2.3872867e-01  -1.4940877e-01  -6.8375013e-02  -5.1550446e-01   9.3785056e-02  -4.8247836e-01   4.5716261e-01   2.9368340e-01   4.6260161e-02  -5.5907606e-01   2.2179833e-01   6.9759249e-02   3.4168583e-02   3.3694227e-01   3.0100642e-01  -3.2677428e-01   3.1090268e-02   2.5639932e-01  -2.1083680e-01   1.8152467e-01  -3.4797597e-01  -5.1982758e-01   3.5735720e-02   1.5874018e-02  -3.9838046e-02  -4.6145369e-02   2.9483982e-02   9.2678073e-02   1.0653685e-01   1.3153569e-01  -5.4506948e-02  -4.2241113e-02   2.3515349e-03   2.2410758e-01  -4.3394994e-02  -6.5546304e-02   9.9754048e-02   2.5122905e-01  -2.9279789e-01  -8.2531855e-02   3.1567582e-02  -3.7580606e-02   1.9180224e-01   2.6047776e-02   1.0000279e-01  -1.1894742e-02  -4.3041037e-02   7.4456476e-02   2.3221755e-01
  -3.2499213e-01  -2.3077241e-01   3.3725200e-01  -1.3996553e-01  -2.3073526e-01   9.4756807e-02   5.7548908e-01  -9.6616533e-02  -1.4825792e-01   0.0000000e+00   2.8543883e-01  -1.6301587e-01   2.9035459e-01  -3.0507278e-01   5.5272319e-01   7.4043580e-02   3.5122437e-01  -2.0137105e-01  -2.5696872e-01   2.4775339e-01   1.5637550e-01  -2.2083774e-01   4.4980004e-01  -3.9582916e-01   1.0788212e-01  -2.9215480e-01   9.8940975e-02   2.2815507e-01   5.6525991e-02  -3.4959889e-01   5.1286890e-01  -1.7000191e-01  -2.7266967e-01   6.0850764e-01   9.4621067e-02   1.3199335e-01  -9.4535807e-02  -9.3869184e-02  -2.9961181e-02   3.8232795e-01   2.3005958e-01  -2.6027890e-01  -1.7012169e-01   3.0660002e-01  -2.6523660e-01  -1.8287175e-01   8.6497289e-03  -3.6006660e-02  -8.9902452e-02   4.0955904e-01   1.2878531e-01  -1.1805036e-01   1.1366469e-01  -9.3364484e-02  -2.4898907e-01   2.4128826e-01  -3.2415132e-01  -5.0824889e-02  -2.4861783e-01  -1.1584808e-01  -4.6560853e-02   4.0981892e-01  -2.3343891e-01   3.0669913e-01  -5.1659693e-02   5.4090133e-01   9.5481316e-02  -1.3136868e-01  -2.5965611e-01   2.2060284e-01  -1.8515922e-02   2.9354329e-02   9.5065297e-02  -3.7354943e-01  -4.6412396e-03  -1.2580783e-01  -2.2326201e-02  -2.4649726e-01  -1.3141939e-01  -2.3370588e-01   5.0578137e-01  -2.6397337e-02   3.7864424e-01  -2.6857951e-01  -3.7208863e-01  -1.7761847e-01  -8.7450853e-02  -2.4990032e-01  -1.7796711e-01  -3.4840153e-01  -2.2013067e-01   1.4424327e-03   5.6340391e-01   9.2253401e-02   6.9553715e-03   1.4099067e-01   7.1382059e-02  -9.8221549e-02  -1.2965890e-01   6.6422117e-01   2.7992775e-01  -1.4692043e-01  -2.5086934e-01  -1.6889746e-01  -1.4407296e-01  -2.1064825e-01  -9.5367014e-02  -2.4816370e-01   6.6231275e-01  -8.6464650e-02   6.9891543e-01  -3.0504882e-01  -1.6547306e-01  -4.0473037e-01   3.7897878e-01  -2.3711870e-01  -1.1934167e-01   2.5111147e-01   6.0308473e-02  -2.4353884e-01  -4.0723446e-01  -1.4529568e-01   5.7599543e-02  -1.2163025e-01  -3.2284698e-01  -2.7458908e-01   3.6255463e-01  -2.5977648e-01  -1.9706973e-01   3.2159065e-01   1.9626723e-01   3.2546405e-01  -3.1857266e-01   8.6563949e-02  -1.1196753e-01  -2.1654396e-01   9.6501276e-02   5.4566208e-01  -2.7297999e-01  -3.4089181e-01  -4.0741127e-01   2.4394283e-02  -1.1351526e-01   5.9222289e-01  -2.0766760e-01  -2.3590642e-01   5.8991845e-01   9.0381049e-02   4.7122749e-01   3.3322100e-01  -3.3967878e-01   5.3016198e-03  -3.2420854e-01   2.5027059e-01   4.9015189e-01  -3.0446101e-01  -3.3107021e-01   1.5929839e-01  -2.5270932e-02  -4.4900921e-02  -2.7901258e-03   2.1906483e-01   1.8489681e-01  -1.4731070e-01  -1.1367884e-01  -1.2267073e-01   1.8509547e-01   1.2941099e-01  -4.1232857e-01   1.4432322e-01  -3.0528601e-01  -1.6677300e-01  -2.5026930e-01   1.9388668e-01   1.4528812e-01  -1.7003739e-01  -1.5290959e-01
  -3.0051742e-01   1.2074217e-01  -2.5533190e-01  -2.7890277e-01  -2.8218910e-01  -4.2210966e-01   1.9736172e-02  -4.5764931e-01  -2.5799395e-01   2.8543883e-01   0.0000000e+00  -1.6856369e-01  -1.8848365e-01  -7.7901419e-02   5.0320922e-01   1.1065079e-01  -2.9808608e-01   2.4629461e-01  -2.2105803e-01   3.9065446e-02   5.8311794e-01  -2.9822898e-01   2.1310520e-01  -2.8555328e-01   2.2131083e-01  -3.2664202e-01  -1.3820851e-01   1.3368688e-01  -2.5253054e-01  -3.0845472e-02   7.0749881e-01   7.0263879e-02  -3.1910848e-01   4.2849718e-01  -1.2512365e-01   2.3047135e-01   4.6456113e-02  -6.7314174e-03   2.3980761e-01  -1.9052355e-01   2.1929530e-01  -2.2904376e-01  -3.9004248e-01   5.3596686e-01  -4.0203189e-02  -3.7916833e-01   2.5039501e-01   4.7888699e-01   9.1891661e-02  -1.3944677e-02   1.2721529e-01  -4.3267004e-01   5.4941229e-01   3.1467720e-03  -1.1387586e-01   3.5659350e-01  -4.8689672e-01  -3.0924880e-01   1.8555988e-02   3.3080429e-01  -9.1878262e-02   2.7581384e-01  -1.4979297e-02   7.6735336e-01   4.8607327e-01   1.3899223e-01  -3.8271499e-01   3.1452576e-02  -1.1181410e-01  -3.7734630e-01   1.8215873e-01   1.9117285e-01   3.3365953e-01  -2.1075521e-01   2.2849287e-01  -2.8123587e-01  -4.0536287e-02  -3.2548604e-01   1.2157782e-01   9.1692000e-02   2.1199346e-01   2.6496865e-01   7.9022807e-01  -5.2569822e-01  -5.1634595e-01  -2.1684965e-01   1.8182641e-01  -2.0583174e-01  -1.7923783e-01  -3.1756211e-01   1.5986923e-01  -1.8399912e-01   6.5778050e-02  -1.0613234e-01  -1.9810550e-03  -1.9232658e-01   8.1809517e-02  -3.3658957e-01   7.0163092e-02   4.1502216e-01   3.2080441e-01  -3.3338786e-04  -4.5294402e-01   3.4937166e-02   3.7538458e-02  -5.9299708e-01  -2.4423934e-01  -3.8781922e-01   4.2456766e-02   6.6786375e-02   5.2421133e-01  -1.9525553e-01   1.2163221e-01  -3.2535860e-01   1.2376616e-01   1.4234324e-01  -1.3468441e-01   2.1439744e-01  -2.1532217e-01  -1.6834513e-01  -2.4312280e-01  -3.4015323e-01   2.2864486e-02   4.8184615e-01  -3.7170005e-01  -1.3748159e-01   1.0935209e-01  -6.3675291e-02  -3.4663263e-01  -2.4436352e-01   2.1680917e-01   7.3329807e-01  -2.8043005e-01   6.3523876e-01  -1.8903284e-01  -4.8388418e-01   1.7803892e-01   6.0520888e-01  -2.9292831e-01  -2.6050295e-01  -2.9965400e-01  -3.5068744e-01   3.3040858e-01   2.0234822e-01   6.7237751e-02   2.6725524e-01   2.1895848e-01   3.5713101e-01   1.3552522e-01   6.5740334e-01  -3.9794040e-01  -1.2598314e-01  -5.3243925e-01   8.5714305e-01   1.0741608e-01  -1.9517885e-01  -3.0680435e-01   3.3636517e-01  -1.4423217e-01   6.5976320e-02  -2.6648877e-01   6.6612159e-01  -8.3690005e-02   4.5515073e-01  -2.9665283e-01  -3.3503420e-01   3.3035103e-01   1.3865770e-01  -4.6587956e-01   4.4761468e-01  -2.3002149e-01  -7.7563199e-02   2.6537781e-01  -1.5755842e-01   1.3674145e-01  -3.4068543e-02  -2.9346559e-01
   2.0322168e-01   5.7315724e-01   1.1835367e-01  -1.4749808e-02   1.4725944e-01   3.5282535e-01   6.6082467e-02  -1.8923076e-01  -1.6749443e-01  -1.6301587e-01  -1.6856369e-01   0.0000000e+00  -2.3847656e-01   2.4618298e-01  -5.5276962e-02   4.7822903e-02   5.3484026e-02   1.5120608e-01   2.7669384e-01   2.9952574e-02   2.4929496e-01   1.6272466e-01   2.9940702e-01   2.1998786e-01  -3.0935815e-02   9.7332750e-02  -5.6895607e-02  -1.3477342e-01  -5.1514252e-01   4.9573017e-01  -1.9367971e-01   1.1403078e-01   4.8242382e-03  -6.8200435e-02   2.0702734e-01   5.7456756e-02  -1.6460576e-01  -3.4304622e-02  -8.4303510e-02  -2.2777162e-01  -3.5655419e-01   3.3241167e-01   2.1897112e-01  -5.0569745e-01   2.0742724e-01   2.8571312e-01   1.4674601e-01   3.5289380e-01  -3.0858630e-01  -4.1866927e-01   2.2863602e-01  -7.9058012e-02  -1.2229054e-01  -7.6178152e-02   1.9098269e-01  -2.4648114e-01   4.1266798e-01   9.3631288e-02  -2.5506910e-01   4.3995884e-01   3.1042675e-01  -2.0642582e-02  -1.0880700e-02  -1.9683573e-01  -2.0433602e-01   2.6905551e-01   2.2121700e-01  -9.7828828e-02  -4.8754614e-02   1.9790012e-01   2.1006583e-01   9.9107257e-02  -2.4616566e-01   3.4650107e-01   4.3613289e-02   3.0986897e-02   1.4824337e-01  -2.1779746e-01  -1.6629067e-01  -6.0836525e-02  -7.8492274e-02  -4.5234590e-01  -1.4048329e-01   4.8800042e-03   5.7991890e-01   1.5231070e-02   1.4486785e-01   4.1170135e-01   9.8226581e-02   1.3614020e-01  -1.6213751e-01   2.8691704e-01  -1.4946956e-01  -1.2883113e-01   6.2653616e-02  -4.2654626e-01  -1.0136426e-01  -2.6332539e-01  -1.0615650e-01  -1.0260445e-01  -1.2441208e-01   5.3858198e-01   2.2498307e-02   1.7782009e-01   1.7747131e-01   8.3315776e-04  -2.1833211e-01  -2.0993286e-01  -3.4707037e-01   2.9760350e-01  -1.8360881e-01   5.6238665e-01  -3.0323965e-02   1.0321165e-01  -1.0774960e-01  -5.8807484e-02  -2.7243441e-01  -2.7363456e-01   1.0591828e-01   1.0791873e-01   3.6528358e-01  -2.3273555e-01  -1.3218806e-01   3.8231713e-02   2.0236139e-01   3.5434818e-01   2.8014359e-02   8.7559552e-02   1.5275795e-01   1.7864454e-01  -7.0796300e-02  -7.9293367e-02   2.6515951e-01  -9.1909097e-02   1.9823710e-01  -8.8120273e-03  -2.7609859e-01  -2.1868131e-02   1.4954368e-01   4.4246574e-02   3.0308456e-01  -7.5198311e-02  -2.3790924e-02  -4.4012557e-02   3.4559001e-01  -2.5329965e-02  -2.1169235e-01   2.2909604e-02   2.2009294e-01  -1.8858011e-01   1.9705584e-01  -1.4242770e-01   4.6877169e-01  -2.4599814e-01  -3.1506602e-01   6.0579035e-02   3.5963778e-01  -3.9422170e-01   1.9002025e-01   9.4375621e-02   2.7060968e-01  -1.7520540e-01   3.1027167e-01   1.0541987e-01   1.5871457e-01   8.9453615e-02   3.0038070e-01  -2.8094502e-01   5.6284776e-01  -3.1136265e-01   3.1665229e-01  -6.7563511e-02   4.7769896e-02   2.6087274e-01   3.1688565e-01  -3.7383557e-01  -4.9056608e-03
  -4.5696262e-01  -5.0180507e-01   3.5902040e-01   3.4978985e-01   3.4875067e-01   3.0468586e-01   1.8712033e-01   7.2968633e-02   2.5753846e-01   2.9035459e-01  -1.8848365e-01  -2.3847656e-01   0.0000000e+00  -5.2201333e-01  -4.4845088e-02   2.7359928e-01   4.5907271e-01   8.6673103e-02   6.8458076e-02   4.4893664e-01  -2.3114552e-01   1.7423707e-01   4.1755296e-02  -4.7912336e-01   1.3946013e-01  -9.5778138e-02   3.8220471e-01  -2.1785957e-01   4.5472364e-01  -1.6588888e-02  -1.1433466e-01  -8.8673706e-02   1.4814269e-01  -1.6888528e-01  -2.1751469e-02   1.8911382e-01  -5.7073556e-02  -7.1475310e-02   3.9445715e-01   5.0652109e-01   6.6009784e-01  -6.2491278e-02   1.6363523e-01  -1.1137710e-01   1.1119589e-01  -8.8520543e-02   2.5823811e-01  -2.6902489e-01   2.1726245e-01   5.1621713e-01   2.5638503e-01   6.7031250e-02  -1.8060120e-01  -2.7403497e-01  -2.3729250e-01  -6.8208373e-02  -1.1509911e-01   2.1814865e-01   2.8824715e-01  -3.1017871e-01   5.4965503e-02   3.2355818e-01   9.0830973e-02  -3.0236831e-01  -1.7652197e-01   4.9513340e-02   3.0808023e-01  -1.5536099e-01   3.6248181e-01   2.8690115e-01  -2.2799816e-01   4.0826321e-01   3.7009607e-01  -4.3119988e-01  -1.2970559e-01   4.6948297e-02  -2.5697392e-02  -1.1895122e-01   2.8816646e-02   1.5959104e-01  -1.6137349e-02   2.3659691e-01  -2.2853518e-01   3.1407159e-02  -1.7382330e-01  -1.2879899e-01  -2.8129641e-01  -5.1698560e-01  -1.7730491e-01  -3.0839521e-01  -1.1637417e-01   1.3555776e-01   2.1147870e-01   4.6032053e-01   1.2928824e-02   4.8100652e-01   2.5569635e-01   3.6826855e-02   6.8349010e-02   1.4328838e-01  -1.7630861e-01  -3.0879748e-01  -2.0395673e-02  -1.1781181e-01   1.2878528e-01   3.1860017e-01   4.1525275e-01   2.2255928e-01   3.9339151e-01  -3.9415369e-02  -4.1113538e-02  -4.9082119e-02  -4.6990806e-02  -3.5532365e-01  -1.6641258e-01  -7.6435280e-02   1.4765955e-01   4.3382764e-01  -1.4540758e-01   2.3767239e-01  -3.3166218e-01   1.6507137e-01   1.6650701e-01  -1.9671074e-01  -1.5790798e-01  -4.9074206e-01   2.7028729e-01   4.3403250e-02   2.0894381e-01   2.8220163e-01   4.5976313e-01  -9.2143379e-02  -2.1146472e-01  -2.9528545e-01   2.7706134e-01  -4.5173795e-02  -5.1543342e-02  -1.5726922e-01  -1.8978020e-01  -3.2223572e-01  -5.2424453e-01   6.4577635e-01  -4.0363216e-02   1.3035285e-02  -2.4170092e-01  -2.9482778e-01   1.3261480e-01  -1.2719660e-01   1.7555420e-02  -2.4344691e-01  -3.0303064e-01  -1.7176332e-02  -1.8159528e-01  -1.6869995e-01   2.6725412e-01  -3.5519831e-01  -1.3066339e-01   2.8900218e-01   1.5758015e-01  -1.0691501e-01   3.8080558e-01  -3.5403625e-02   2.1754634e-01  -8.2707151e-02   2.4754125e-01   1.1735764e-01  -7.4001994e-02  -1.0129736e-01  -2.7429936e-01  -1.8500834e-01  -9.2095991e-03  -1.3528460e-02   6.9684981e-02   5.1098770e-02  -4.6938901e-02  -4.4542624e-04   3.8675585e-01
   7.1316986e-01   5.4487338e-01  -3.5488618e-01   1.5593994e-02  -3.1858436e-01  -4.5544091e-01  -3.8021195e-01   2.1234367e-01  -1.3958153e-01  -3.0507278e-01  -7.7901419e-02   2.4618298e-01  -5.2201333e-01   0.0000000e+00   9.9815323e-02  -4.0129176e-01  -4.8148549e-01  -1.9788795e-01  -7.3514304e-02  -5.7938150e-01   4.7040347e-02   2.3540325e-01  -1.2694409e-01   7.5950935e-01  -3.1673744e-01   2.2373070e-01  -4.5000845e-01   1.7974918e-01  -1.8756567e-01   2.3198598e-01   1.4601590e-03   3.8308645e-01  -1.4399109e-01  -5.8620432e-02  -1.4060134e-01  -5.1031457e-01  -4.2996661e-02   3.0142080e-01  -3.9159705e-01  -5.9866750e-01  -5.6309124e-01   6.1209613e-02  -3.0042330e-01   8.3896547e-02  -2.1852263e-01   2.0482777e-01  -5.0663176e-01   7.7267214e-02  -7.3787853e-02  -4.8624982e-01  -2.2346288e-01   8.4923761e-02  -1.5352265e-01   1.4504641e-01   6.0509592e-01   1.3246346e-01   1.6617138e-01   3.4114464e-01  -7.0264218e-02   3.2128527e-01   1.1246956e-01  -4.2323832e-01   2.4558931e-01   1.0563688e-02   1.5660882e-01  -4.3642964e-01  -3.5269573e-01   2.8364920e-02  -2.7708968e-01  -3.6944746e-01   3.3926111e-02  -2.2463874e-01  -5.8526703e-01   6.4898809e-01   7.9709611e-02   2.9640741e-01   1.5059353e-01   2.1781414e-01  -1.4285438e-02   2.2464105e-01  -7.6626338e-02  -4.2362465e-01   2.3533187e-02   1.5992878e-01   4.4957556e-01   4.5780388e-01   3.7637035e-01   7.7005564e-01  -3.0299468e-02   5.7126181e-01   1.0979943e-01   1.5905892e-02  -2.9627112e-01  -2.5117888e-01   2.0955225e-01  -1.9275997e-01  -3.3313724e-01   2.2765661e-01  -1.2581252e-01  -2.2924666e-01   3.5217656e-01   1.1389139e-01   3.5943085e-01   4.8130300e-01   1.3914855e-01   1.4797169e-01  -1.3264753e-01   2.5772468e-02  -1.7145044e-01  -2.6787582e-01  -1.6210599e-01   3.1851104e-01  -1.0943652e-02   5.8957084e-01   2.8197212e-01  -8.4337199e-02  -1.2516478e-01  -6.8727528e-01   1.8931729e-01   1.1955107e-01   4.6466432e-01  -1.6700312e-01  -2.1555425e-01   1.7600584e-01   2.9211956e-01   7.7692472e-01  -1.9139289e-01   2.5956826e-01   3.5179872e-01  -4.0751362e-01  -4.8537700e-01  -1.8424555e-01   6.5623790e-01   3.1757549e-01   8.7614044e-02   3.8177454e-01   5.5489209e-02   2.2168027e-02   3.6638354e-01   6.5267035e-01   7.4609911e-01  -1.0937690e-01  -3.2532677e-02  -1.6352325e-01   4.7063085e-01   5.9176801e-01  -2.0721776e-01  -4.0941855e-01  -4.3236593e-01   8.1488642e-02   5.2901747e-01   3.4145525e-01   4.4473287e-01  -1.3757424e-01  -4.2620522e-01   6.8821487e-01   3.2972014e-01  -1.9622895e-01   3.8479468e-02   2.1825327e-01  -9.6807771e-02   2.0145606e-02  -3.8668243e-01   1.6662724e-01   1.0737199e-01  -2.3895437e-01  -3.2927499e-01   1.0455348e-01   3.0758100e-01   6.2527305e-02  -2.6431974e-01   1.9817345e-01  -4.2981705e-02  -3.9367323e-01   1.0623373e-02  -6.7721147e-02  -1.0204249e-01
