   0.0000000e+00  -3.3905693e-01  -1.7338937e-01   4.1825032e-01  -4.3955928e-01  -2.2197680e-01  -6.5626407e-01   5.3154393e-01   1.7955802e-01  -5.2855591e-01   2.1330193e-01  -5.0865427e-01   1.0304460e-01   4.0501497e-01  -3.0299152e-01  -1.2227441e-01  -1.3995223e-01   3.1726732e-01   4.9564499e-01  -2.6694882e-01   2.5960192e-01   4.9463897e-01  -2.1478371e-01   5.7229328e-01   4.1760357e-01   4.9682667e-01  -3.9293900e-01   2.7173656e-02  -2.4688763e-01   3.9831583e-01   6.7516779e-02   3.3618270e-01  -6.1849772e-03  -3.1523197e-01  -1.7148620e-01  -3.2003435e-01  -4.4502687e-01   1.3300323e-01   1.1311076e-01  -4.7330838e-01   1.4520403e-01   4.0509409e-02   6.9178127e-02   2.5496976e-01   7.4815082e-02   4.7184912e-01   1.4496601e-01  -4.7339488e-01  -1.8048756e-01   5.3301906e-02   3.7148318e-01   4.2226618e-01  -2.2972135e-01   2.4191610e-01   2.2991125e-01   4.0418990e-01   5.7605870e-01   4.7921840e-01   2.7155947e-01   4.6999317e-01   2.2356786e-01  -1.3166407e-02   1.2761898e-01  -2.7042024e-01  -3.7936247e-02  -2.8629032e-01  -3.3088176e-01   1.9060819e-01   3.4594340e-01  -1.1141993e-01  -6.2455865e-01   4.0938533e-01  -1.2504788e-01   6.8151470e-01   1.8689839e-01   4.9777869e-01   2.7767965e-01   1.4470365e-01  -5.1025203e-01   2.5030045e-01  -3.5208695e-02   9.7269092e-02  -3.8247452e-01   5.9241174e-01   2.5752661e-01   3.6901941e-01  -3.2576281e-01   5.1581319e-01   6.1218962e-02   4.3797647e-01  -4.2185709e-01   3.1796570e-01  -2.8755491e-01   2.8119127e-01   3.1330252e-01  -3.8877811e-01   4.4416430e-01   2.2030160e-01   1.6657566e-02  -2.8101884e-01   1.3745741e-01   2.0125325e-02   4.8103614e-01   3.6292833e-01   4.2655705e-01   1.8074394e-01   8.1002668e-02   3.3044507e-01   5.3420758e-02  -3.1930235e-01  -4.4093701e-01   3.7717837e-01   4.7838154e-01   7.7834167e-01   4.4433279e-02  -5.2736457e-01   2.1134843e-01   3.0328334e-01   7.0041614e-02   4.7310962e-01   5.7163117e-01  -4.1854881e-01   4.2000188e-02   1.6075060e-01   4.2208016e-01   6.4303545e-01   1.1024234e-03   2.7415834e-01   5.1383670e-01  -3.0982552e-01   4.4517435e-02  -4.6530894e-01  -8.8965404e-02   1.4442612e-02   5.0597569e-01   4.7554266e-01   1.7173221e-01   1.4011952e-01   2.6369836e-01   6.5077516e-01   7.1076515e-01  -1.4944222e-01   5.7969385e-01  -1.4301954e-01   7.8516172e-02   1.8678542e-01  -5.6179779e-01  -3.7136925e-01  -1.3379272e-01  -3.3375060e-01   5.1255069e-01   5.4898543e-01   5.0506935e-01  -1.3591292e-01  -5.0175597e-01   4.0727304e-01   5.0033676e-01   3.4002623e-01   2.0461018e-01   3.0179963e-01   1.8172428e-02   4.4129535e-01  -5.9739358e-01   7.1572041e-02   4.5686857e-01  -5.9946222e-01  -2.8902703e-01   1.9481350e-01   3.3927648e-01  -4.9210085e-01  -6.1731941e-01   1.3462622e-01   1.6498046e-01  -2.4595065e-01   4.6079799e-01   9.5472853e-02   4.6258999e-01
  -3.3905693e-01   0.0000000e+00   5.5122197e-01   3.8515801e-02   6.3208179e-01   1.0698722e-01   4.2337119e-01  -2.4916901e-01   4.7812076e-01   3.9059793e-01  -3.8631790e-01   7.3410435e-01  -2.1434451e-01  -5.7112005e-01   5.1073373e-02  -2.2399417e-01   4.9108604e-01  -6.6495819e-02  -2.1971543e-01   7.2285229e-01  -5.3994019e-01  -2.9838216e-01  -1.6719720e-01  -1.4655916e-01  -1.1526381e-01  -9.1850340e-02   4.6006219e-01  -2.1251363e-01  -2.5484526e-01  -5.0751172e-03   2.3441025e-02   9.4894930e-02  -2.6706206e-01   3.9117805e-02  -2.2413606e-01   3.1691038e-01   1.4003578e-01  -4.1537992e-01  -2.8445736e-01   6.1108750e-01  -1.8252536e-01  -2.3288162e-01   8.2798079e-02  -5.9545432e-01  -1.2707502e-01  -9.8500819e-02   1.5572826e-04   4.3188866e-01   4.5356274e-02  -9.5471411e-02  -2.6022628e-01  -1.8157903e-01   9.4191510e-02   1.5908289e-01  -1.3535841e-01  -6.2059333e-01  -4.2414472e-01  -2.4447788e-01  -8.9493273e-02  -8.2153257e-02   6.9243823e-02   3.8453200e-01   2.5937207e-01   1.8237413e-01  -3.8560309e-02  -5.5987277e-02   2.9294932e-01   1.4796215e-01  -3.3019438e-01   2.7584620e-01   5.7920611e-01  -1.6199054e-01   1.0472672e-02  -3.2504207e-01  -3.1451104e-01  -7.1844125e-02  -6.3971279e-02  -2.2382768e-01   5.9852160e-01  -4.3937202e-01  -2.7572542e-02  -1.5528433e-01   1.1791116e-01  -4.1173536e-01   2.5677554e-01  -1.3769542e-02   3.9762794e-01  -9.3813423e-02   2.5030106e-01  -4.6627336e-02   6.4226428e-01   6.8074563e-02  -1.4915119e-01  -1.9803963e-01  -4.6769580e-01   7.0014598e-01  -2.8618859e-01   5.9148965e-02   3.1097651e-01  -1.7263210e-02  -1.3092857e-01  -1.8237916e-01  -4.8198627e-01   3.5265514e-01  -2.3685664e-01   2.4830904e-01   4.9778877e-02   7.1134351e-02  -3.0075713e-01   9.4701163e-02   1.7959739e-01  -2.8997573e-01  -7.0278140e-02  -2.5202447e-01  -8.0014014e-02   4.6193046e-01  -4.0211063e-01  -2.2126206e-01  -2.6645399e-02  -1.6049824e-01  -2.8542553e-01   6.6082334e-01   3.8374497e-01   5.7681870e-02  -9.9918070e-02  -2.8484578e-01   1.8269792e-01  -2.3433542e-01  -2.5322740e-01   4.3708476e-01  -3.1215083e-01   3.8644905e-01   3.5462066e-01  -7.5383940e-02  -2.7624859e-01  -2.7625736e-02  -4.1804671e-01  -1.1225644e-01  -1.9893617e-02  -3.3620356e-01  -1.0793197e-01   9.2814052e-02  -3.8545141e-01   5.6323709e-02  -2.5948712e-01   2.9617386e-02   4.7861696e-01   2.7777895e-01  -3.6670081e-01  -2.0213707e-01   6.5013265e-02  -6.1215288e-01  -1.5286585e-02   1.5777551e-01   6.6204006e-01  -3.5145443e-01  -3.0874065e-01  -1.0316745e-01   8.8045796e-02  -3.7323783e-01   1.6796073e-01  -4.3949888e-01   9.5707143e-02   1.9603640e-01   4.4303773e-02   5.0420716e-01   1.4583452e-01  -3.0505425e-01  -1.1037852e-01   2.3938422e-01   5.2828012e-01  -5.9700261e-01   1.6178273e-02   2.5972289e-01  -6.0400221e-01  -2.6774121e-01  -4.5688767e-02
  -1.7338937e-01   5.5122197e-01   0.0000000e+00  -7.3234405e-02   4.5465212e-01   3.7745713e-01   1.1979806e-01   3.8035821e-04   2.5551073e-01   3.8201808e-01  -6.8220680e-02   6.0094371e-01  -5.3231674e-02  -6.0450479e-01  -8.2735177e-02  -6.1214702e-03   8.0246254e-01  -1.2886067e-01   1.0776716e-01   3.8985058e-01  -6.6007138e-01  -1.6272415e-01  -1.8867506e-01  -8.5969680e-02   1.1622750e-01  -2.8984622e-02   5.2811663e-01  -1.6614099e-01  -3.6769573e-01  -1.5849221e-01  -2.0602754e-01   8.8843404e-03   6.1068163e-02  -5.2999123e-02  -6.0531898e-03   2.3801891e-01  -2.4213985e-01   2.7058203e-02  -3.2037722e-05   7.5348106e-01  -7.9503147e-02   2.0092671e-01   8.9096144e-03  -4.3247642e-01  -3.0727175e-01   2.5234631e-01   1.4280483e-03  -2.2230872e-02  -1.2902199e-01   4.6352543e-01  -2.0354083e-01  -1.8198606e-01  -1.3238624e-01   3.7039922e-01   2.2139252e-01  -3.4350601e-01   2.0151914e-02  -1.1462785e-01  -1.5419602e-01   1.7081355e-01   5.0177448e-01   5.5113286e-02   3.3545567e-01  -2.3927207e-02  -5.2213700e-01  -1.9021566e-01   5.0634334e-01  -1.6076199e-01  -1.2971408e-01   7.1503332e-01   3.3153222e-01  -1.9314999e-01   9.0023670e-02  -1.2350524e-01  -2.7089384e-02  -7.2019250e-02   3.0173780e-01  -1.2703857e-01   2.5572510e-01  -2.0877279e-01   1.6958460e-02   1.0964323e-01   5.5508721e-02  -6.1357783e-02   2.0519616e-01  -5.4024373e-03   1.4910123e-01   5.6522414e-02   1.1003279e-01  -1.4740228e-01   3.2710775e-01   5.9939611e-01   8.0213236e-02  -2.5363452e-02  -9.1639787e-03   4.7734894e-01   1.1735752e-02   2.6693749e-01   1.8461352e-01  -2.0607835e-01  -2.3597967e-02  -1.3888637e-01  -3.5338042e-01   2.9802297e-01  -2.1405405e-01   1.3920261e-01   2.7159891e-01   2.5250058e-01  -3.1331770e-01  -1.8029283e-01   2.7114080e-01  -8.0619552e-02  -1.6399889e-01  -1.7369081e-01  -7.8880307e-02  -1.5760115e-02  -7.5898405e-02  -9.2212113e-02   3.5538741e-01  -1.2979385e-01   9.5347410e-03   5.5641786e-01   4.9769936e-01  -1.0720207e-01   1.0087480e-01   1.5630419e-02   7.1810840e-02   2.0553699e-02  -7.7987709e-02   7.4729668e-01  -8.4150721e-03   2.6513162e-01   1.6730363e-01  -2.6501126e-01  -7.0783749e-02  -9.6741939e-02  -6.8590138e-02  -2.0932705e-01   6.3992469e-03  -1.9539848e-01  -1.4362799e-01   9.1241306e-02  -7.4279120e-02   4.1738939e-01  -1.4749561e-02  -3.6948246e-01   5.4103037e-01  -2.6181866e-01  -2.4968173e-01  -5.4231597e-01  -2.3349944e-02  -4.1559010e-01   2.4516888e-01  -3.6721532e-02   6.4444430e-01  -4.9277235e-02  -2.8688810e-02   1.0610765e-01   5.9374448e-01  -2.7831860e-01  -6.3878342e-02  -1.1052824e-01  -1.2588907e-01  -1.4413886e-01   4.7826742e-02   2.5015553e-01  -5.9218902e-02  -2.4173969e-01   2.0917665e-01   5.1616337e-02   2.3388596e-01  -1.9200130e-01  -3.3027701e-01   3.8348112e-01  -3.1716891e-01  -8.8772044e-02  -4.9387252e-02
   4.1825032e-01   3.8515801e-02  -7.3234405e-02   0.0000000e+00  -2.0583705e-01   7.9594010e-02  -3.0255733e-01   1.5772611e-01   3.8339688e-01  -2.5652291e-01   1.4598551e-01  -3.8781313e-01  -1.4986667e-02   1.2549068e-01  -1.0892057e-01  -1.0846558e-01  -1.1409260e-01   4.6344422e-01   3.9892109e-02   2.1884519e-01   3.4694193e-01   7.2934874e-01   2.3803974e-01   3.3488844e-01   4.3306088e-01   3.1679358e-01   1.6173531e-02   1.4299446e-01  -3.9881372e-01   7.8757154e-01   8.1620433e-02   8.5573842e-01  -2.1890022e-01  -3.7031408e-01  -9.5914017e-02  -1.4611923e-02  -2.8545793e-01  -1.9361451e-01  -9.2259745e-02  -1.1383863e-01   2.0188057e-01  -3.6039027e-01  -6.3002967e-02  -1.0606188e-01   2.9693144e-01   4.0202067e-01   4.0512881e-01  -2.9437131e-01  -1.1778346e-01  -1.9157796e-01   5.9516341e-01   3.2905919e-01  -4.7027719e-01  -1.7495751e-01  -1.7164944e-01  -1.7597421e-02   1.1764317e-01   7.7378415e-01   4.5594433e-01   4.7132879e-01  -4.6677448e-02   2.7212395e-01   9.2895193e-02  -5.6591673e-01   2.8970983e-01  -3.8864912e-01  -1.7832240e-01   3.5062822e-01   4.8834253e-01   9.0609165e-02  -4.3242161e-01   7.8337686e-01  -8.8985439e-02   3.1428567e-01  -1.5803196e-01   6.8209924e-01   1.8695075e-01  -4.8033776e-02  -3.6580124e-01  -1.3009502e-01   7.3158645e-02  -8.9002730e-02  -3.2512219e-01   3.1191503e-01  -1.2185977e-02   7.7152570e-01  -2.6236171e-01   1.6716905e-01  -1.6687761e-02   2.9707103e-01  -2.5787208e-01   6.0165705e-02  -2.0822423e-01   4.2907629e-01   5.7260987e-02   6.3441563e-02   2.8090714e-01   1.5461102e-01   3.6277038e-01   1.9665035e-02   7.1331606e-02  -3.5034860e-01   4.1753312e-01   4.9933355e-01   7.5740577e-01   7.8026999e-01  -2.4283318e-01   2.8408624e-01   2.8555410e-02  -3.2596601e-01  -3.8869741e-01   5.7343635e-01   8.0541661e-01   4.8571766e-01   6.6219742e-02  -3.4808483e-01   5.6219418e-02   2.2870016e-01  -2.3066037e-01   8.8983710e-01   4.3457907e-01  -1.2265133e-01  -2.2848931e-03   3.6703641e-01   5.5036580e-01   4.5450583e-01   4.9506643e-01  -9.7786792e-02   7.8693428e-01  -2.5675405e-01  -3.7972899e-01  -2.2870018e-01  -9.7753785e-02  -8.2506308e-02   4.6660878e-01   6.0652331e-01  -3.2892709e-01  -3.6219448e-02   5.3916222e-01   4.3656297e-01   2.2803090e-01  -1.3545431e-01   5.0132738e-01  -2.7239878e-01   2.1509022e-01   4.4436607e-01  -4.4152322e-01  -2.6589918e-01  -1.9412232e-01  -4.8046666e-02   4.9124838e-01   3.4143987e-01   3.1532055e-02  -1.2170847e-01  -3.5981388e-01   6.2101236e-02   3.2375856e-01   3.6927246e-01  -2.2537889e-02   4.1754094e-01   1.7852648e-01   2.4603764e-01  -1.8835991e-01   6.4199865e-01   8.1039177e-01  -3.7135440e-01  -2.3789133e-01  -7.5388053e-02  -3.4169169e-01  -4.3436497e-01  -3.0798944e-01  -2.2671071e-01   3.3064261e-01  -3.4351652e-01  -6.5284179e-03  -2.2080830e-01   7.6355913e-01
  -4.3955928e-01   6.3208179e-01   4.5465212e-01  -2.0583705e-01   0.0000000e+00   2.0446877e-01   3.8777393e-01  -3.6878120e-01   2.1573173e-01   4.2069018e-01   2.3290156e-02   7.2573980e-01   6.8719003e-02  -5.4185396e-01   1.0403679e-01   1.9237068e-01   5.2081713e-01  -2.1900848e-01  -4.6228203e-02   5.8223623e-01  -5.0075046e-01  -5.5068740e-01  -2.8748073e-01  -1.7107833e-01  -1.0157135e-01  -2.4486897e-01   3.3506041e-01  -4.6308321e-01  -5.6371432e-02  -2.9313873e-01  -5.3393754e-02  -1.8328410e-01   8.0659216e-02   2.7135020e-01  -2.2299903e-03   6.4895049e-01   5.8522543e-02  -2.0529583e-01   7.5333805e-02   5.1163471e-01   7.3887218e-02   1.5872276e-02  -3.7162438e-02  -2.0780972e-01  -2.5815083e-01  -2.6353964e-01   1.8596846e-01   4.9639925e-01   2.7992021e-01   8.2734878e-02  -2.9161121e-01  -3.3546577e-01   2.7473537e-01   2.2506665e-01   1.7720340e-02  -4.3284540e-01  -2.8450319e-01  -4.9765006e-01   1.0840517e-01  -1.7339377e-01  -4.0006981e-02   9.2523977e-02   2.2756094e-01   2.9731355e-01  -1.0468344e-01   1.1994334e-01   6.7377925e-01   1.3893807e-01  -2.1514804e-01   7.3305614e-02   5.4059333e-01  -2.8101396e-01   4.4727084e-01  -5.2334946e-01  -1.0743210e-01  -2.4907925e-01   1.2738833e-02  -6.8648855e-02   7.8310288e-01  -3.0690996e-01  -2.9727044e-01   1.2327418e-01   3.4544208e-01  -4.2636247e-01   2.4138504e-01  -1.6275834e-01   2.7530563e-01  -1.7987485e-01   1.0489932e-01  -3.2193577e-01   7.9323251e-01  -2.2150978e-02   1.1480642e-02  -2.6554289e-01  -3.6976993e-01   7.5389484e-01  -2.3610254e-01   3.8524144e-02   2.1321690e-01  -1.4799176e-01  -2.1290670e-01  -3.5087734e-02  -4.8926547e-01   2.5233341e-02  -4.2054470e-01  -4.0753900e-02   1.4191060e-01   6.6700019e-02  -4.5751854e-01   3.7018782e-01   2.6002684e-01  -3.0094377e-01  -3.5432916e-01  -4.0601954e-01  -3.1357828e-01   5.9470344e-01  -2.8756314e-01   2.8746897e-02  -1.7329865e-02  -3.4104654e-01  -3.5872260e-01   8.1710190e-01   3.0359736e-01  -5.0467825e-02  -2.7689949e-01  -2.5948675e-01  -4.5558032e-02  -9.0445979e-02  -4.1771655e-01   3.6390129e-01   1.3129489e-01   7.1586160e-01   4.4319418e-01   1.0480771e-01  -3.9604379e-01  -2.0484192e-01  -1.7341376e-01  -2.6998618e-01  -6.6617607e-02  -5.1066457e-01  -1.9151654e-01   2.2652127e-01  -3.3893468e-01   6.5438433e-03  -2.1038872e-01  -5.5566455e-02   4.1887816e-01   2.7326850e-01  -1.0094879e-01  -1.5911095e-01  -3.4105187e-01  -6.7974713e-01  -8.8319599e-02   4.1734014e-01   6.6213918e-01  -4.4064578e-01  -4.1915227e-01   5.9937298e-02   1.3610655e-01  -4.6445057e-01   1.0533937e-01  -1.8157436e-01   1.7716174e-01   6.4448983e-02  -2.6328245e-01   5.5695084e-01   3.6588449e-01  -1.9932273e-01   6.6938039e-02   4.6850471e-01   5.9105405e-01  -4.5895167e-01  -7.0311813e-02   4.4879633e-01  -4.2236467e-01  -2.4246885e-01  -2.2391386e-01
  -2.2197680e-01   1.0698722e-01   3.7745713e-01   7.9594010e-02   2.0446877e-01   0.0000000e+00   3.8079832e-01  -2.1122848e-01  -1.7545865e-01   4.7122483e-01   1.9429542e-01   2.1204838e-01  -9.1289718e-02  -2.6207196e-01   3.7820337e-01   8.4483634e-02   1.6286297e-01  -4.1811979e-02  -7.0173725e-02   2.5258489e-01  -9.4147074e-02   1.3555262e-01   3.9739060e-01   2.1789491e-02  -1.4553379e-02  -2.0093830e-01   7.2919102e-01   1.3457468e-01  -3.2110493e-01   2.1718827e-01  -1.2874027e-01   1.5121705e-01  -2.8136689e-01   3.2639348e-01   1.2556929e-02   5.8226153e-01   2.7677715e-02   2.1452149e-01  -2.4513099e-01   5.4221676e-01   5.2306936e-02  -2.4452606e-01  -5.2248223e-01  -8.9618539e-02   2.4664419e-01   3.3053094e-03   3.8534716e-01   1.5288224e-01   3.4598769e-01   1.1516177e-01   2.0330636e-01  -1.8900375e-01   2.9251354e-02  -3.5461238e-01  -3.0229468e-01  -1.0433293e-01   9.2455399e-02   8.8354585e-03   3.6051844e-01  -9.1638390e-02  -1.7184051e-01   5.4597401e-02  -2.2776503e-01  -5.7055296e-02  -1.3507379e-01   8.0538827e-02   6.6632411e-01  -4.9397592e-01   2.8451802e-01   4.0335581e-01   9.1672132e-02   4.7627078e-03   9.0202845e-02  -1.1871569e-01  -2.2326266e-01   7.7190730e-02   1.8400887e-01   1.4575572e-01   1.8420008e-03  -5.5893914e-01   3.8040926e-01  -1.8001661e-01   1.6033768e-01  -1.6721291e-01  -8.4048264e-02   1.6759709e-01  -3.3188910e-01  -3.4446819e-01  -2.2433725e-01  -1.9694721e-01  -8.5626496e-02  -7.7710475e-02   2.3451251e-01  -1.7817033e-02  -1.5896791e-01   2.8045506e-01  -3.9599237e-01   4.1817970e-01   6.1150433e-02   2.1846847e-01   1.7344763e-02   1.3324099e-01   1.7731738e-01   5.9782951e-02   4.3414288e-04   4.3949826e-01  -3.8487417e-01   4.5916781e-01   2.0741126e-01   1.2418749e-01   4.0798515e-01   2.5632279e-01  -1.8982490e-01  -2.0954636e-01   5.5141921e-02  -9.5413094e-02  -2.3159556e-01   1.5622402e-02   2.6883692e-01   4.4348351e-03  -2.5152958e-01   3.0132206e-01  -2.6876532e-02  -1.0471351e-01  -5.2853366e-02  -7.2010605e-03   1.8756192e-01  -3.8497208e-01   2.6363298e-02   3.0699628e-01  -1.0356837e-01   3.2512716e-01  -6.1977627e-02  -8.6490782e-02  -4.4386063e-01   2.4289609e-01  -5.0260847e-01  -4.5260326e-02   4.2987776e-01  -2.4572537e-01  -2.3993229e-01   1.1287441e-01   6.7283794e-02   3.4983806e-01   4.0516256e-01  -3.7685778e-02   3.1043326e-01  -1.8845512e-01   1.7252442e-01  -9.0251608e-02  -1.0737684e-01   8.6691225e-02  -3.7746670e-01  -2.5301596e-01   1.7856571e-01  -2.5921161e-01  -3.5369995e-01   1.5975598e-01  -1.2532155e-01   9.4821916e-02  -3.9944946e-01   5.3576407e-02   1.0256051e-01   9.0583160e-02   1.2402776e-01   2.0096583e-01  -1.3420745e-01   2.4415428e-01  -4.7854837e-01   1.4827533e-02   1.8322532e-01  -2.8887747e-01  -4.1356916e-01   5.0437893e-01  -6.2049935e-01  -5.0625426e-01   2.8139624e-01
  -6.5626407e-01   4.2337119e-01   1.1979806e-01  -3.0255733e-01   3.8777393e-01   3.8079832e-01   0.0000000e+00  -6.2730050e-01  -1.9375678e-02   7.8636046e-01  -2.5664264e-01   5.3757588e-01  -2.3074823e-01  -3.7421586e-01   5.9428168e-01   3.2616998e-02  -1.0814675e-01  -2.1386236e-01  -3.7536955e-01   4.0922360e-01  -3.8550677e-01  -3.9285088e-01   3.9136979e-01  -3.8982575e-01  -4.0438070e-01  -6.2649126e-01   5.0270614e-01   2.1282731e-01   3.1704042e-04  -1.5898586e-01  -2.9507218e-01  -2.9571228e-01  -3.7534287e-01   5.9000472e-01   1.2642176e-01   4.6505806e-01   6.5547196e-01  -1.0273836e-01  -1.8803318e-01   5.1328972e-01  -7.6613206e-02  -2.9067068e-01  -2.2154766e-01  -2.9234771e-01   1.7715140e-01  -4.9505146e-01  -9.4004598e-02   7.1008760e-01   2.2860104e-01  -3.0884865e-01  -1.0938187e-01  -6.1023473e-01   3.5095174e-01  -3.4642760e-01  -2.6238266e-01  -1.8697734e-01  -4.4035813e-01  -4.5836584e-01  -7.1837586e-02  -4.4700144e-01  -3.4918257e-01   2.6661126e-01  -2.7166160e-01   2.8212393e-01  -8.1119868e-02   5.5054387e-01   2.9943796e-01  -3.3115347e-01  -4.4847322e-01   1.9413953e-01   5.9205831e-01  -2.2888447e-01   1.2729330e-01  -3.6811695e-01  -3.9355520e-01  -3.8253620e-01  -2.5543885e-01  -7.4125715e-02   3.5980332e-01  -4.8191839e-01   4.4434942e-01  -1.7022438e-01   3.3566502e-01  -7.5546227e-01  -1.2071070e-01  -3.2412323e-01   1.5199541e-01  -4.9606833e-01   2.5448197e-02  -4.8263573e-01   1.4291507e-01  -4.3483147e-01   4.6028714e-01  -3.6296923e-01  -4.4323007e-01   4.9481361e-01  -4.6168018e-01  -2.6360973e-01   1.9533487e-01   6.5300973e-01  -1.8146422e-01   2.0315821e-01  -4.1801726e-01  -1.4432346e-01  -4.1337308e-01   5.8797999e-04  -1.6551175e-01  -2.8594843e-01   3.4828307e-01   2.8814681e-01   6.1395491e-01  -1.0630234e-01  -3.0727724e-01  -5.9745729e-01   2.1580425e-01   4.4613841e-01  -5.0854169e-01  -2.4230180e-01   2.4300152e-01  -3.5520862e-01  -7.4093091e-01   3.0772083e-01  -2.2422466e-02  -4.5480609e-01  -6.1102091e-01  -4.6527309e-01  -8.6706347e-02  -4.9887976e-01  -4.9225098e-01   2.7675006e-01  -8.2152963e-02   5.4719038e-01   2.1951975e-01  -6.7738914e-02  -7.0862158e-01  -2.3908781e-01  -3.6045180e-01  -5.7081321e-02  -2.3496329e-01  -6.2371822e-01  -3.8936432e-01   1.2816211e-01  -6.0880589e-01   4.1585869e-01   8.0677536e-02  -2.7825329e-01   6.7773439e-01   4.0806542e-01   4.4621660e-01   2.5252187e-01  -2.4055855e-01  -4.8146946e-01  -5.5808178e-01  -1.4632249e-01   3.6463704e-01  -6.6161743e-01  -7.0578913e-01  -3.4308967e-01  -4.1283971e-01   2.0183824e-02  -1.1830742e-01  -4.5448081e-01   4.6908753e-01  -9.4308835e-02  -3.4897161e-01   5.1833806e-01   1.8990459e-01  -8.9856417e-02  -2.9362444e-01   3.0202397e-01   6.5906356e-01  -5.2855665e-01  -2.6548445e-01   3.3671709e-01  -5.9919779e-01  -3.1061699e-01  -2.7911802e-01
   5.3154393e-01  -2.4916901e-01   3.8035821e-04   1.5772611e-01  -3.6878120e-01  -2.1122848e-01  -6.2730050e-01   0.0000000e+00   6.9076372e-02  -5.5081634e-01   6.8456327e-02  -3.0245757e-01   2.0800818e-01   3.4392287e-01  -3.3495237e-01  -4.4397864e-02   7.9820660e-02   1.3441443e-01   2.6181051e-01  -3.0773067e-01   2.0071796e-01   1.9094317e-01  -1.9307826e-01   2.1304720e-01   4.5352420e-01   6.0223682e-01  -1.7756630e-01   2.7306850e-02  -5.0513697e-02   6.4049083e-02   3.0427991e-01   1.0338533e-01   1.6568501e-01  -4.0785733e-01  -1.7277418e-01  -3.0613794e-01  -3.9429355e-01   1.6930856e-01   1.5967529e-01  -3.1420920e-01   1.4322038e-01   2.9591001e-01   3.2581520e-01   1.8520523e-01  -1.4585854e-01   3.6100146e-01   4.9922113e-02  -4.9457134e-01  -2.9048017e-01   1.8122660e-01  -1.3911220e-01   7.0782659e-01  -2.9122240e-01   3.1783585e-01   3.1520365e-01   1.8800677e-01   1.7283026e-01   2.0170833e-01  -1.1897642e-01   1.9785712e-01   3.7958093e-01  -2.6452393e-01   2.1616147e-01  -4.4273983e-02  -1.2246659e-02  -5.5515900e-01  -1.5550072e-01   3.2523914e-01   3.1083617e-01  -1.5728023e-01  -3.0295529e-01  -3.2621572e-02  -3.1187106e-02   3.0425148e-01   3.9063294e-01   4.1806897e-01   1.1617929e-01   1.8366311e-01  -2.1698983e-01   4.0948404e-01  -6.2735133e-02   4.1482458e-02  -1.5514497e-01   6.5837854e-01   1.0807061e-01   2.2340857e-01   1.1158465e-01   3.9603538e-01   2.2786634e-01   2.6661743e-01  -1.3307870e-01   3.9731302e-01  -2.1579584e-01   2.2608741e-01   3.2098409e-01  -3.6599905e-01   3.9365582e-01   3.0173860e-01  -8.4130936e-02  -4.9243325e-01   1.8621170e-01  -9.7663538e-02   3.5606967e-01   1.1814379e-01   1.6281920e-01  -8.1077604e-03   2.6570312e-01   4.1557954e-01  -2.4662217e-02  -2.7065728e-01  -3.0404489e-01  -1.8977339e-02   1.7204926e-01   3.5528505e-01  -3.8295498e-02  -2.1136329e-01   3.5283020e-01   1.2085634e-01  -2.0291803e-01   1.8802492e-01   4.4192663e-01  -2.8902874e-01   1.7648176e-01   2.9805126e-01   2.4783161e-01   2.5967222e-01   1.2110802e-01   3.1616881e-01   2.2887865e-01  -1.9778744e-01   4.6548876e-02  -4.9412172e-01  -2.7247166e-01  -2.2211720e-02   2.9099217e-01   4.8221161e-01   3.2310636e-01   1.2677220e-01   3.1123344e-01   3.5152479e-01   3.5117321e-01  -1.3092858e-02   3.3095099e-01  -3.2765071e-01  -2.9724717e-03   2.4401044e-01  -3.0062188e-01  -2.8811675e-01  -4.5673183e-01  -1.5756056e-01   1.8567841e-01   4.6395254e-01   4.0653198e-01  -5.9992796e-02  -2.1808524e-01   3.9056634e-01   4.0755682e-01   1.8502836e-01   3.1455259e-01   1.0890377e-01   2.2748776e-01   2.8919280e-01  -2.8141755e-01   5.9233512e-02   1.4932320e-01  -2.7287103e-01  -2.7318852e-01   2.0474384e-01   2.5816269e-01  -1.8153672e-01  -3.5421650e-01   2.3723492e-01   2.1263030e-01  -2.3113353e-01   3.1603487e-01   3.4190179e-01   1.1189627e-01
   1.7955802e-01   4.7812076e-01   2.5551073e-01   3.8339688e-01   2.1573173e-01  -1.7545865e-01  -1.9375678e-02   6.9076372e-02   0.0000000e+00   2.1868902e-02  -1.6338756e-01   3.0446943e-01   5.1201636e-02  -3.4111577e-01  -4.2158350e-01  -4.4189238e-02   2.2023880e-01   6.2864866e-02  -4.8833365e-02   2.9718843e-01  -2.4328204e-01   9.1496313e-02  -3.6951306e-01   7.8022199e-02   2.6431401e-01   3.1894916e-01  -9.8412333e-02  -2.7495774e-01  -1.7048961e-01   3.1262295e-01  -2.7868275e-01   2.2228358e-01  -2.9988710e-02  -3.6626534e-02   9.2891656e-02  -4.8409898e-02  -1.0382074e-01  -3.8224267e-01   8.6394894e-02   1.5563293e-01   1.7262483e-01  -2.0470681e-02   3.4550989e-01  -3.5209991e-01   6.1273152e-02   2.4620045e-01  -2.1376483e-02  -9.6525430e-02  -2.6523681e-01  -1.5772496e-01   1.3790144e-01   8.5436091e-02  -1.1598026e-01   3.4121107e-01  -9.4444970e-02  -3.6661264e-01  -6.0363775e-02   1.9847463e-01   4.3236532e-02   4.2523833e-01   1.5468248e-01   2.5336227e-01   5.5826439e-01  -1.2415037e-01  -8.6972428e-02  -9.3971272e-02  -1.3587616e-01   3.3113795e-01  -2.3303076e-01   2.2298681e-01  -6.1074990e-02   2.1504356e-01  -3.7436099e-03  -6.9422207e-02  -1.0037923e-01   2.1217756e-01   1.6805545e-02  -1.8799772e-01   1.3846941e-01   4.4364031e-02  -2.6278570e-01   2.3948172e-02  -4.2534478e-01   1.2429925e-01  -9.4522169e-02   2.1255373e-01   1.9865026e-01   6.9672874e-02   4.8282467e-01   1.5356409e-01   1.9851843e-01   2.2073558e-01  -2.5816978e-01   3.4452875e-01  -2.2530697e-01   3.6382290e-01   2.4856215e-01  -9.3819920e-02   3.2221027e-01  -8.1707094e-02  -4.1319366e-01  -2.1829733e-01  -3.9890700e-01   5.5235940e-01   2.7276174e-02   2.7445918e-01   1.5223963e-01  -6.0175354e-03  -2.5274161e-01  -2.9379564e-01  -2.4077337e-01   1.4710865e-01   3.6521582e-01   2.9523625e-01  -2.8181380e-01  -8.3174562e-03  -1.3964023e-01  -1.1118752e-02  -1.3976394e-01   2.3101806e-01   2.8482822e-01   3.1318340e-01   5.6775276e-01  -1.8492082e-01   2.4648285e-01   5.7928471e-02  -2.1179856e-01   1.3577033e-01   1.2695238e-01   1.5213723e-01  -7.8273541e-02  -1.4061585e-01   1.2109116e-01  -3.4205519e-01   1.6197642e-01   2.3180752e-01   8.3629677e-04  -4.3531288e-01   6.4880981e-02   2.3977465e-01   1.8598691e-01   2.8343371e-02  -6.7016841e-02   1.5490341e-03  -4.9135753e-01  -1.0994760e-01  -6.6547086e-02   3.4808346e-02  -2.3787446e-01  -4.4471662e-01   1.8839768e-01  -2.6427145e-01   1.9845832e-01  -1.2077457e-02   2.9211160e-01   1.3211599e-01   2.8156889e-01   2.1318473e-01   1.6674575e-01  -2.0534891e-01   4.8046429e-01  -5.5386176e-02  -3.9753736e-01   2.1888862e-01   3.1921327e-01   3.7703520e-02   7.3110328e-02  -2.8343536e-01   9.6708233e-02  -3.4378639e-01   1.1962663e-01  -2.4679373e-01   1.7055138e-01   7.5367338e-02  -8.3856296e-02   1.0937302e-02   2.6211755e-01
  -5.2855591e-01   3.9059793e-01   3.8201808e-01  -2.5652291e-01   4.2069018e-01   4.7122483e-01   7.8636046e-01  -5.5081634e-01   2.1868902e-02   0.0000000e+00  -3.4074508e-01   5.4145982e-01   6.4585279e-02  -4.6439160e-01   3.4842924e-01   1.0484572e-01   1.8769838e-01  -2.9412287e-01  -9.4060490e-02   4.6396491e-01  -4.1684518e-01  -2.8786805e-01   1.9522824e-01  -2.6401990e-01  -2.0676675e-01  -5.2092798e-01   5.6060588e-01  -1.3117994e-02  -7.1291150e-02  -2.0158694e-01  -4.6390647e-01  -1.7238860e-01  -3.1531196e-01   4.5762280e-01   2.2789740e-03   4.2223095e-01   4.7369629e-01  -2.1345946e-01  -5.5466556e-02   7.0589183e-01   1.0869340e-01  -1.3292588e-01  -3.5696509e-01  -4.4324450e-01   2.6024087e-02  -3.9816106e-01  -1.5254894e-01   4.4978783e-01   1.2661871e-01  -8.3421166e-02  -1.6070463e-01  -5.7758123e-01   2.3865474e-01  -2.2677564e-01  -8.8348378e-02  -2.6226718e-01  -2.3801131e-01  -3.8054178e-01  -3.5341534e-02  -3.0787296e-01  -2.3658840e-01   1.6044783e-01  -1.2381632e-01   1.0176432e-01  -2.2635679e-01   4.3000728e-01   4.3046815e-01  -3.8138675e-01  -3.7618815e-01   4.2131021e-01   5.2100791e-01  -2.8432129e-01   1.4657821e-01  -4.2751361e-01  -2.4954236e-01  -3.0595528e-01  -1.8468810e-01  -1.2319008e-01   2.4428391e-01  -4.3811419e-01   2.1644933e-01  -6.2514697e-02   2.3043156e-01  -5.6864756e-01  -4.8255968e-04  -3.1174567e-01   1.7262143e-01  -3.8095519e-01  -4.7304138e-02  -4.2750423e-01   1.5684995e-01  -2.6959520e-01   4.7278539e-01  -2.6195228e-01  -4.6409363e-01   6.2753748e-01  -3.4376789e-01  -4.8365766e-02   4.9235645e-02   5.3807473e-01  -2.3215882e-01  -3.8894513e-02  -4.7756744e-01  -5.5485790e-02  -4.1935622e-01   6.0074483e-02  -7.9175950e-02  -1.5138995e-01   2.5063509e-01   1.6687174e-01   6.5262879e-01  -1.4149544e-01  -3.1332183e-01  -5.4094682e-01   2.6023098e-02   3.1014055e-01  -3.3693549e-01   2.8659258e-02   3.3598726e-01  -2.8469396e-01  -6.0345672e-01   4.2500495e-01   1.3414459e-01  -4.4199700e-01  -4.6808744e-01  -3.8964896e-01  -1.4606458e-01  -3.1105446e-01  -3.4087098e-01   4.7278369e-01   9.6214320e-02   4.0109393e-01   1.4386247e-01  -1.8790603e-01  -5.3872276e-01  -2.8629473e-01  -2.5273929e-01  -1.6729530e-01  -2.3333620e-01  -4.9454235e-01  -3.2077854e-01   3.0225620e-01  -4.4200861e-01   4.5326497e-01   3.8593260e-02  -4.2447345e-01   7.0559985e-01   1.6503757e-01   3.7882719e-01   1.0141275e-01  -3.0645869e-01  -5.6007280e-01  -4.2200250e-01  -2.9506645e-01   4.6514856e-01  -5.5033186e-01  -5.4141030e-01  -1.0742347e-01  -2.1112235e-01  -1.7590009e-01  -1.5183882e-01  -3.2833589e-01   3.8426802e-01  -2.8379553e-01  -1.9643428e-01   4.8967848e-01   3.4729310e-02  -8.0941581e-02  -1.3801960e-01   2.3279415e-01   5.7304993e-01  -4.0345674e-01  -4.9276173e-01   3.9965525e-01  -5.0380860e-01  -3.1051521e-01  -2.0161719e-01
   2.1330193e-01  -3.8631790e-01  -6.8220680e-02   1.4598551e-01   2.3290156e-02   1.9429542e-01  -2.5664264e-01   6.8456327e-02  -1.6338756e-01  -3.4074508e-01   0.0000000e+00  -1.9226661e-01  -4.5402464e-02   3.1530960e-01  -2.4938240e-02   3.3608390e-01  -1.5351893e-02   1.6012057e-01   2.4806079e-01  -3.7617363e-01   2.2536041e-01   1.6737255e-01  -7.4655097e-02   1.9492094e-01   1.7146356e-01  -1.8836920e-02  -2.2357581e-01  -7.1967712e-02  -2.2940489e-01   1.5145575e-01   1.7343322e-01   1.0674095e-01   3.0826841e-01   2.0826125e-01   3.2485242e-01   1.3336418e-01  -3.7838252e-01   3.9777391e-01   2.0416909e-01  -2.6347351e-01   1.0700519e-01   6.5728856e-02  -2.9051802e-02   6.3936704e-01   3.9543361e-02   3.3860222e-01   6.2544717e-01  -6.5126602e-02   2.6766248e-01   2.2362536e-01   4.7642224e-01   1.6521936e-02   4.3274195e-02  -9.0466089e-02   4.8238918e-02   4.9359189e-01   4.4965101e-01   1.5057279e-01   5.3229569e-01   2.9408142e-01   8.0295650e-02  -2.8007418e-01   1.0673232e-02  -6.5981606e-02  -1.3790944e-01   5.9924473e-02   2.7316550e-01   4.1773626e-02   5.0798382e-01  -8.2628782e-02  -3.4393167e-01   3.6072640e-01   1.8652343e-01   2.8640586e-01   6.3523196e-02   5.6913585e-02   5.0516279e-01   2.5395110e-01  -1.7100481e-01  -2.9518594e-02  -3.0792019e-02   9.0115009e-02   4.6355512e-02   2.4489846e-01  -3.9576702e-02   1.2632717e-01  -4.2165128e-01   6.0834826e-02  -3.7485280e-02  -1.1749510e-01  -1.8540846e-01   1.5863878e-01   7.1248579e-02   2.1298778e-01   4.2179122e-01  -1.9130447e-01   1.6811250e-01   1.7544079e-01   2.3900676e-01  -2.5366299e-01   1.0823221e-01   3.9379524e-01   4.1023161e-01   1.4676476e-01   2.4359396e-01   1.3399069e-02  -1.6345081e-01   1.9353834e-01  -1.9361731e-01   2.0304459e-01  -1.5471307e-01   5.0552210e-01   1.2949985e-01   2.5926988e-01  -1.2084416e-01  -2.8644451e-01   3.7236890e-01   1.2738586e-01   2.4066111e-01   2.4434877e-01   3.0074935e-01   1.3174118e-02  -1.1544406e-01   4.2356558e-02   2.3369548e-01   5.4033869e-01  -1.7797745e-01  -7.3069593e-02   1.9496050e-01  -1.0972585e-01   1.5221639e-01   1.9472815e-01   2.6172551e-01   3.2732784e-01   8.6292362e-02   1.7256977e-01   3.4957895e-03  -1.3065859e-01   2.1405597e-01   1.7190238e-01   1.9853837e-01  -2.4627229e-01   4.0979154e-01   6.4539246e-03   2.4937449e-01   1.2321810e-01  -3.8679161e-01  -1.1432584e-01   2.1504537e-01  -2.2653750e-01  -7.9184140e-03   4.3100122e-01   2.3809931e-02   3.2810487e-01  -1.1889025e-01   8.3635244e-02   1.4410498e-01   2.6893872e-01   2.0523741e-01   3.1146531e-01  -2.1422942e-01   4.4059641e-01  -1.4840803e-01   2.2538135e-01   4.4220599e-02  -2.6409193e-01   2.2569981e-01   2.4439896e-01  -3.6207255e-02  -1.1391936e-01  -2.9422562e-01   2.2030459e-01   1.8344535e-01   3.0352250e-01   1.7730728e-01  -7.2625366e-02   2.6673901e-01
  -5.0865427e-01   7.3410435e-01   6.0094371e-01  -3.8781313e-01   7.2573980e-01   2.1204838e-01   5.3757588e-01  -3.0245757e-01   3.0446943e-01   5.4145982e-01  -1.9226661e-01   0.0000000e+00  -1.2737391e-01  -5.7748344e-01   9.2566301e-02   3.2791585e-03   4.8010898e-01  -4.0992679e-01  -1.3069789e-01   4.0134134e-01  -7.0382804e-01  -6.5854390e-01  -3.4798690e-01  -2.3365369e-01  -1.2039733e-01  -2.8611487e-01   3.2378836e-01  -3.6630439e-01  -1.8765669e-01  -3.8724627e-01  -1.9283636e-01  -4.1194365e-01  -4.4694380e-02   4.5692303e-01   7.4465620e-02   3.1314761e-01   8.3958587e-02  -8.0730699e-02  -2.1375397e-02   6.1059113e-01  -9.8257826e-02   1.0335417e-01   1.7015117e-01  -2.9474378e-01  -2.1293911e-01  -2.1545735e-01  -1.7040732e-01   4.4929061e-01   8.1251711e-02   1.2280330e-01  -4.1196518e-01  -3.5009798e-01   4.1304216e-01   3.0160796e-01   3.9007961e-02  -4.0287889e-01  -4.2496133e-01  -6.5556884e-01  -1.2707249e-01  -1.2630251e-01   1.7767729e-01   2.5574131e-01   2.6949346e-01   5.0999708e-01  -3.2753463e-01   2.4765689e-01   4.9178662e-01  -3.3582406e-02  -5.2081398e-01   2.6210966e-01   5.6676150e-01  -5.0934041e-01   1.9215318e-01  -3.7416247e-01  -1.1998804e-01  -4.1136859e-01   4.2281855e-02  -1.1417273e-01   7.4712570e-01  -3.4892741e-01  -1.2910812e-01   1.1202397e-01   3.4056416e-01  -5.0348830e-01   2.1578101e-01  -4.1227544e-01   2.9480317e-01  -1.1879750e-01   2.3552257e-01  -3.9826171e-01   6.9716595e-01   1.2062178e-01   1.2636852e-01  -2.9362534e-01  -2.8047176e-01   6.2665855e-01  -2.1702234e-01   7.5546486e-02   1.2597575e-01  -6.3476801e-02  -2.9349526e-01   1.4676244e-01  -6.2464012e-01   1.3293031e-01  -7.1587828e-01  -1.9716841e-01   2.2667930e-01   4.7550766e-03  -3.3009923e-01   2.9443575e-01   5.5327344e-01  -3.4705632e-01  -4.4091184e-01  -5.0778528e-01  -1.7994351e-01   5.5860299e-01  -2.6804425e-01  -1.8356741e-01   2.5661570e-01  -5.2846624e-01  -3.7384989e-01   7.5544696e-01   4.9151534e-01  -2.9626040e-01  -3.3394484e-01  -2.1358214e-01  -1.9607382e-01  -9.9491363e-02  -6.5756717e-01   5.7356679e-01   1.0061248e-01   5.3490181e-01   5.4158670e-01  -2.0848320e-02  -4.9038053e-01  -2.7572270e-01  -1.3056515e-01  -3.6245139e-01  -2.3647489e-01  -4.8970495e-01  -1.8391282e-01   1.9568406e-01  -5.7055718e-01   3.5476645e-01  -3.3888031e-01  -3.3317005e-01   6.2259842e-01   3.6329739e-01  -1.3313341e-01  -2.9483067e-01  -2.6511288e-01  -7.4245926e-01   4.7031449e-02   2.3147076e-01   8.1326073e-01  -3.2103491e-01  -3.8644167e-01  -2.6547939e-02   2.0496708e-01  -5.2275847e-01   1.0423325e-01  -4.1410686e-01   9.2623869e-02  -2.2810530e-01  -4.3943905e-01   7.2854362e-01   4.0631388e-01  -2.4906448e-01   1.0527641e-01   3.9562894e-01   7.4640708e-01  -3.2400604e-01  -2.6274224e-01   5.9449885e-01  -5.1741222e-01  -1.9387510e-01  -3.6793174e-01
   1.0304460e-01  -2.1434451e-01  -5.3231674e-02  -1.4986667e-02   6.8719003e-02  -9.1289718e-02  -2.3074823e-01   2.0800818e-01   5.1201636e-02   6.4585279e-02  -4.5402464e-02  -1.2737391e-01   0.0000000e+00  -5.9771602e-02  -2.4231076e-01   3.0138603e-01   3.9505719e-02   1.2596042e-01   9.2206483e-02   3.8164551e-02   1.1653203e-01   3.9703076e-02  -2.4611627e-01   5.5732090e-03   1.5481949e-01   4.2592939e-02  -1.9469821e-01  -3.6578067e-01   2.7835904e-01  -2.4660683e-02  -2.2357417e-01   4.8632429e-03   2.0826679e-01  -1.0250890e-01  -8.6415097e-02  -3.3811517e-02  -4.4070859e-02  -1.2946013e-01   4.2053542e-01  -8.3702609e-02   6.7382111e-01   4.0615775e-01  -2.6021917e-01   1.3729928e-02   5.7889279e-02  -1.8036161e-01  -3.9416893e-02  -2.0872320e-01  -5.2390215e-02  -2.5564957e-02  -1.0520625e-01   5.0685749e-02  -1.0726639e-01   1.1571879e-01   2.1854139e-01   3.7394951e-02   1.2109401e-01  -7.6925238e-03   2.2449926e-02  -6.8237480e-02  -8.7691995e-02  -1.0923712e-01   1.7621014e-01  -3.2646430e-01   1.2679550e-02   5.2205411e-02  -7.6429275e-03  -5.7254209e-03   9.5825829e-02  -1.5240853e-01  -2.3441525e-01  -9.0178757e-02   5.1557604e-01  -2.0029279e-01   3.9192197e-01  -3.4445738e-02  -1.4289037e-01   9.0384178e-02  -9.9103177e-02   2.6655019e-01  -3.6240842e-01   4.0844999e-01  -2.7673122e-01   2.0670714e-01  -8.6175901e-02  -1.0427564e-01   7.4557452e-02   4.1031470e-02  -1.1405999e-02  -5.6573583e-02  -3.4183317e-02  -4.6563522e-02  -1.1858983e-01   3.0991810e-02  -7.6025151e-02   1.9912576e-01   1.7104403e-01   8.0809042e-03  -2.7485813e-01  -5.8935907e-02  -2.7975467e-01  -2.2765906e-01  -9.9900311e-02  -1.3606632e-01  -1.8081704e-02  -4.1738918e-02   2.9824759e-01   2.5225806e-02  -1.0295324e-01  -2.1429765e-01  -2.0874642e-01  -4.5772431e-02  -8.5459584e-02  -2.4020493e-02  -4.3525431e-01  -1.0041221e-01   5.1377100e-02   5.2805317e-01  -2.2646001e-01   3.8568922e-02   1.0737691e-02   8.6873410e-02  -1.2113587e-03  -3.1111924e-02  -1.2342210e-01   2.8473945e-03  -1.4989932e-01   5.8489450e-01   2.1547124e-02  -2.2180380e-01   6.6900000e-01  -1.7835046e-01  -2.0365279e-01  -2.1297462e-01  -1.2082330e-03  -1.4276452e-01   2.7212548e-01  -2.8858123e-01  -1.8434662e-01  -1.3378405e-02   4.1567903e-02   6.7371633e-01   8.1970657e-03  -2.7733029e-01  -1.1708260e-01  -1.5965890e-02  -2.6673185e-01  -1.5015758e-01   3.2355036e-02  -6.8531358e-02  -2.1180949e-01  -4.5872139e-02   1.0865226e-01  -5.7191969e-02  -1.0484758e-01   1.4022417e-02   2.1137178e-02   3.1197093e-01  -5.7403083e-02  -1.8746618e-01   2.3732554e-01   2.1203327e-01  -7.2816442e-02  -9.7803583e-02   3.2890848e-02   3.0631817e-02  -1.2281774e-01   1.0116781e-01   2.2148347e-01  -2.0100397e-01  -7.9626050e-02   9.4804975e-02   4.7872815e-02  -8.0494012e-03   2.5820609e-01   2.6006978e-01   7.3103680e-02
   4.0501497e-01  -5.7112005e-01  -6.0450479e-01   1.2549068e-01  -5.4185396e-01  -2.6207196e-01  -3.7421586e-01   3.4392287e-01  -3.4111577e-01  -4.6439160e-01   3.1530960e-01  -5.7748344e-01  -5.9771602e-02   0.0000000e+00   1.3159482e-01   6.3074001e-02  -4.4573509e-01   2.6583355e-01   2.0806080e-01  -5.5935980e-01   6.7257121e-01   1.6263548e-01   1.6093432e-01   1.3786274e-01   2.7713450e-02   1.4566791e-01  -4.3817073e-01   2.7543767e-01  -1.7949017e-01   1.1164794e-01   5.3546492e-01  -3.2990664e-03  -1.5323376e-02  -1.2180524e-01  -9.6870957e-02  -2.7542791e-01   6.6210490e-04   3.0490029e-01   6.4610310e-02  -6.5075761e-01   6.7695439e-02  -1.4870528e-01  -6.0157736e-03   5.4976675e-01   8.6977094e-02   1.7011755e-01   1.4815511e-01  -8.5702992e-02   1.8116221e-01   1.8503014e-03   2.0148630e-01   3.7395165e-01   1.2618198e-02  -2.5374049e-01   1.4879127e-02   5.0769713e-01   1.3736759e-01   1.2897387e-01   2.5759625e-01  -6.8047026e-03  -1.7058700e-01  -2.3690419e-01  -2.3291609e-01   9.3234956e-02   5.0579828e-01  -2.1640016e-01  -2.7316645e-01   2.5248147e-01   3.3586238e-01  -4.7425578e-01  -2.4678412e-01   2.4111750e-01  -1.1477000e-01   4.8745409e-01   6.5855614e-02   1.8200531e-01   1.3867679e-01   1.9133058e-01  -3.1668440e-01   1.1377864e-01   8.6894055e-02  -3.3394222e-02   1.2911241e-01   2.3894887e-01   1.2188739e-01   5.8065813e-02  -5.0463865e-02   2.6686684e-01  -2.0560710e-02   4.3400743e-02  -3.0908234e-01  -1.7351292e-01   1.1822249e-01  -1.0246659e-01   3.5662355e-01  -6.2601885e-01   1.0971027e-01   1.9385680e-02   4.1988292e-02  -1.4178709e-01   4.9035084e-01   7.5204861e-02   5.7680903e-01  -1.2898423e-01   2.6445919e-01  -1.8023065e-01  -3.2006353e-01   5.8407894e-02   2.2696709e-01   1.9404008e-01  -1.3489465e-01   2.0305212e-01   2.3167000e-01   3.1263543e-01   1.9949299e-01  -9.6998031e-02   2.9152181e-01   1.2594489e-01  -3.3031261e-02   1.3757259e-01   2.4735026e-01  -5.2826812e-01  -4.9152763e-01   3.8128237e-01   1.6771472e-01   3.0134190e-01   8.0616126e-02  -1.3458446e-01   1.5381880e-01  -4.5052496e-01   3.2516832e-02  -2.0477737e-01   3.5682735e-02   4.1472758e-01   1.0839576e-01   2.5738506e-01   2.1673384e-02   3.6202139e-01   1.7539819e-01   2.7861454e-01   3.9313837e-01  -2.7035355e-01   3.1659961e-01  -3.6287131e-01   2.5280442e-01   5.1364081e-01  -4.3400203e-01   9.2604083e-02  -5.2985646e-03   4.6015258e-01   1.7267232e-01   5.5173845e-01  -1.1601337e-01   8.4767690e-02  -4.8755461e-01   9.4862722e-02   1.7612195e-01   2.1131574e-03  -2.4223944e-01   5.3218705e-01  -2.4984442e-01   1.5336154e-01   1.5006200e-01   2.4983154e-01  -3.5484065e-02  -2.9968127e-01  -1.1086360e-01   2.6652653e-01  -1.5617372e-01   6.5388162e-02  -3.9445705e-01   2.9415337e-01   4.4146361e-01  -3.3103145e-01   3.1840526e-01   4.8556601e-02   1.0458322e-02
