   0.0000000e+00  -1.7750886e-01   4.6940119e-02   1.4343717e-01  -5.0572792e-02   3.4083916e-02  -7.9995207e-02   2.2660404e-01  -1.0488464e-01  -1.5376059e-01  -2.6347625e-01  -3.6327030e-01   1.1186358e-01   3.8085609e-01  -2.1685701e-01  -1.7067800e-02   8.9421839e-03  -2.4584914e-01   3.4271513e-01  -1.6549066e-01  -3.9862744e-01  -2.2605664e-01  -2.9030861e-02   3.4182905e-01   1.5020980e-01   7.5370949e-02   8.4522747e-03   4.5385411e-01  -1.3276336e-01  -2.3739139e-01  -1.8874172e-01  -3.6386914e-03   2.0353942e-01  -2.0925419e-01   4.3712632e-02  -2.7789085e-01   6.9500274e-02   4.7797708e-02  -6.9130378e-02   6.1054586e-02   1.6580842e-01   1.4406572e-01  -9.7534927e-02  -1.0367200e-01  -4.0773725e-01   5.1552635e-01  -1.5428533e-01  -2.9458235e-01  -1.2769878e-01   1.8891527e-01  -9.1593988e-02   4.1604237e-01  -3.5724559e-02   6.4482413e-02   8.3346233e-02   1.0330433e-01   1.6575183e-02  -3.7176687e-01  -2.4365628e-01  -9.5093712e-02   3.1868266e-01  -8.8168565e-02  -2.4940421e-02  -1.0740584e-01   1.0427978e-01  -6.6440831e-02   2.3007500e-01  -3.1313291e-01   2.4624247e-02   1.0255247e-01  -2.7997866e-01  -2.8741384e-01   2.2235001e-02   1.5760341e-02  -2.9304244e-02  -2.3148050e-01   3.2741027e-01  -1.3256206e-01   1.1619408e-01   2.6075585e-02   3.0008212e-01   6.7223869e-02   1.1836811e-01   3.8498432e-01  -1.8109735e-01   5.6580847e-02   3.0202883e-01   2.5418121e-01   5.5758581e-03   2.6555525e-01   1.8651078e-01   2.7734752e-01  -7.0258257e-02  -2.3116637e-01  -1.1847358e-01   9.6357476e-02   1.2756552e-01   3.9126291e-01  -3.8189360e-01  -1.5761304e-01   2.9096911e-01  -3.1445326e-01   1.6552389e-02  -1.8822013e-02  -2.0481524e-01   3.2600019e-01   4.1326630e-01   4.1631111e-01  -2.1127209e-01  -1.9357872e-01   1.5029948e-02   3.6508583e-02  -7.5471569e-02   3.0431006e-01   1.1281743e-01   2.8510233e-01   2.5324330e-01   1.7889829e-01  -5.8915905e-02  -1.8687606e-02   3.5422854e-01  -5.2006815e-02  -1.0695352e-01   1.0263379e-01   3.6074999e-01   1.4565985e-01  -1.4028097e-01  -1.8343561e-01   1.4971792e-01   1.7004513e-01   1.0619095e-01  -2.9674661e-01   4.3085205e-01  -3.9044249e-01  -5.8549552e-02  -1.4537270e-01   7.3630273e-02  -7.5691519e-02  -2.9002749e-02   5.1434561e-01   6.1256842e-01  -9.9748525e-02   2.1498099e-01  -7.0022391e-02  -1.4589217e-01  -5.1590461e-02  -2.3429317e-01  -6.8376540e-02  -1.8773775e-02   7.6280569e-02  -9.1879198e-03   3.5719392e-02   2.1591364e-01  -1.8321906e-01  -7.3074774e-02   4.1568951e-01   5.0488529e-01  -5.5035722e-02   2.9893477e-01   3.7931508e-01  -1.8189698e-01  -3.3313174e-04  -2.6544712e-01  -1.2506098e-01   1.6670455e-01   1.8249455e-01  -1.5182895e-01  -3.8738587e-02   1.5708299e-01   2.3966819e-01   1.4574588e-02   7.4770956e-02  -3.2827662e-01  -2.0156638e-01   8.5185424e-02   3.9430982e-01   5.0052822e-02
  -1.7750886e-01   0.0000000e+00  -1.4381011e-01  -5.4703484e-01   1.8085051e-01  -7.8389905e-02  -2.3613620e-01  -1.1667963e-01  -2.9996838e-01   8.3884281e-02   4.5963827e-01   2.5950117e-01   7.7660652e-02  -3.4265187e-01   3.9996266e-01   3.8364718e-02  -2.0001365e-01  -3.7449993e-01  -1.3979364e-01   9.2825425e-02   2.0311728e-01  -2.7919619e-01   3.8946798e-01  -6.8431946e-03  -4.7348306e-02  -1.7080932e-01   3.6828481e-01  -3.1191216e-01  -1.8292353e-01  -1.3953412e-01  -3.2377884e-02  -9.2030098e-02  -4.5479035e-01   3.0626944e-01  -9.9721837e-02   4.5180621e-01   2.4360986e-01  -1.0361023e-01  -1.9470766e-01  -5.3224367e-02  -8.9472005e-02  -4.6103969e-01   9.3685229e-02  -5.4168772e-02   1.7610478e-01  -2.6887492e-01   2.7614485e-01  -6.9457361e-02  -4.0932113e-01  -2.1284896e-01   3.7286614e-02   7.8724884e-02   5.8276393e-02   1.2495650e-01   2.5052735e-01   5.3921775e-02  -2.2229866e-01   7.2225609e-02  -7.0681960e-03  -1.1555711e-01  -2.7085593e-01  -2.3467387e-01  -2.8599604e-01   2.6903310e-01   7.4123594e-02   2.3489234e-01  -2.6646001e-02   4.6085401e-02   1.5321247e-01  -1.2975068e-01   3.4677883e-01  -1.6707403e-02   2.4339466e-01   8.8395017e-02  -2.5130867e-01   1.5769498e-01  -4.0613839e-01   9.8485895e-03   2.1599867e-02  -1.4232372e-02  -3.6537305e-01  -6.4411902e-02   5.8678921e-02  -2.9575653e-01   1.3487729e-01  -1.7438907e-01   5.1946032e-02   8.7686209e-02   2.5637607e-02  -1.7594602e-01   8.1281435e-02  -1.1235702e-01   9.7508623e-02  -2.0937209e-01  -1.3228326e-01   1.6225860e-01  -4.0549073e-01  -9.7156933e-02   2.1444279e-01  -1.1071456e-01  -3.7850805e-01   3.3666441e-01  -3.3167282e-01   2.5624214e-03  -1.0286087e-01  -5.3169364e-01  -3.0619425e-01  -8.1118053e-02  -2.3545792e-01   5.7940482e-01   1.0611221e-01  -3.9667209e-01  -2.3896914e-02   3.3364996e-01  -3.0741762e-01   1.6743284e-01   1.0567805e-01  -2.3227598e-01  -2.8235933e-01  -4.4118846e-01  -2.5592721e-01  -6.0228076e-02  -9.1314871e-02  -1.8488300e-01   1.0569655e-01   3.0563064e-01  -1.9673154e-01   1.4300765e-01  -3.2777819e-01  -1.9594524e-01  -1.5337783e-02   1.9505025e-01   1.2162699e-01   9.7335259e-02  -1.6779131e-01   1.3502374e-01  -1.3635081e-01  -1.4344598e-01   1.5456333e-01   2.5232373e-01  -3.3982958e-01  -1.2132981e-01   1.5034302e-01   8.3291707e-02  -2.2687741e-01  -3.3201630e-01  -2.4603547e-02   3.7025410e-01   2.7821778e-01  -7.2582894e-04  -2.7958425e-01  -3.6630270e-01   2.2196819e-02   2.9064300e-01  -1.3285387e-02   2.1235380e-02  -1.8498673e-01  -2.2181597e-01  -4.7058211e-02  -2.6221768e-01   6.2637080e-02   2.7317490e-01   2.4063879e-01  -1.9852731e-01  -2.7047698e-01  -2.6555366e-02   3.9082260e-01  -6.7276133e-02  -1.6550658e-01  -3.9407417e-02   3.0882747e-01  -1.8503408e-01   1.3834219e-01   5.6672806e-02   1.0875811e-02  -4.8928367e-01  -3.2318300e-01
   4.6940119e-02  -1.4381011e-01   0.0000000e+00   2.1933589e-01   2.0614035e-01   6.1456533e-01  -2.1598903e-01  -2.3230964e-01   3.1376169e-01   1.1223055e-01  -8.9120589e-02   2.6040079e-01  -2.7257465e-02   9.4696338e-02   2.1977103e-01   4.4304936e-02   8.6242133e-01  -1.5594809e-01  -8.9422903e-03   3.6889169e-01  -9.1969337e-02   1.2874943e-01   1.5637094e-01  -2.7268339e-01  -2.5568946e-01  -1.3594396e-01   2.8006124e-01  -2.2807033e-01   1.9614591e-01  -1.5257696e-01  -2.2546946e-01   3.8364992e-02   2.6299112e-01   2.2976069e-01   2.6872463e-01   5.5487699e-03   1.8029224e-03  -3.5586032e-02  -7.7656118e-02   6.5778332e-01   1.0621693e-01   2.1215560e-01   4.6532595e-01  -5.5144454e-02  -1.8784127e-01   6.9488109e-02   5.3368171e-02  -4.1650809e-01  -1.6363379e-01   5.1547446e-01   1.4078000e-01  -2.6023279e-01   8.1061785e-02   6.6122920e-02  -2.3240304e-01   9.9026213e-02   9.3128132e-02  -2.8529562e-03   2.4643891e-02   2.8982929e-01   3.1535425e-01   1.3520035e-01   2.4745277e-01  -3.3833111e-01  -3.5669906e-01   3.1099948e-01   3.7476054e-01  -3.7048465e-01   1.3364251e-01   7.7708614e-01  -3.5110488e-01   9.7597440e-02  -1.6871531e-01   4.5764299e-01  -1.6824590e-01  -6.7781676e-02   1.3952824e-01  -1.0370306e-02  -5.8986254e-02  -2.7768577e-01  -2.4980177e-01  -1.8985404e-01  -1.0628282e-01  -1.8815296e-01   9.4328625e-03  -2.9099367e-01  -2.4411600e-01  -2.6128662e-01  -2.0841526e-01   2.8008243e-01  -1.5043060e-02   5.0714216e-01   3.4631928e-01   1.4801896e-01  -3.6350429e-01   1.2809429e-01   2.6694038e-01   1.4025827e-01  -2.2145797e-01  -2.3385779e-01  -2.2654956e-01   4.5221424e-02  -3.2874149e-01  -2.6262674e-02  -1.4904676e-01   2.1183232e-01   3.0666582e-01   2.1641990e-01  -1.6331662e-01  -4.5409703e-02   2.9162936e-01  -2.4049108e-02  -1.8740338e-01  -4.1125208e-01  -1.8509804e-02  -1.1801081e-01  -1.4988670e-01   9.7935955e-02   1.8448944e-01   2.3209517e-01   2.0974177e-01   2.2622085e-01   1.2411550e-01  -4.7030690e-01  -1.0512585e-01   1.6271621e-01   3.8912369e-02  -2.8287488e-01   1.7308573e-01   7.0772205e-01  -9.9294314e-02  -2.3016204e-01   6.6097000e-02  -2.6411954e-01   2.7165573e-01  -3.4541439e-01   1.4186379e-01  -2.9559637e-01  -2.8063286e-01  -5.6521777e-04   7.0982613e-02   1.9197632e-01   5.2241798e-02   4.6106365e-01  -2.2131567e-01  -2.4716664e-01   2.2832550e-01   1.8699007e-01   3.8621459e-01  -3.4043182e-01   3.0210612e-01  -9.2286944e-02  -2.8493970e-02  -4.5336364e-03   7.9213838e-01   1.5127525e-01  -1.1018869e-03   2.8732878e-01   1.1066037e-01  -2.9219821e-01   3.5031290e-02  -3.7992402e-01   7.7352024e-02  -1.0724914e-02   1.3981010e-01   5.8342708e-02   1.1949143e-01   9.3917424e-02   1.7303267e-01  -7.2766035e-02   1.3333736e-01   1.5462441e-01  -3.8342640e-01   6.9977757e-01   3.2247197e-01   1.8612306e-01   2.0809931e-01
   1.4343717e-01  -5.4703484e-01   2.1933589e-01   0.0000000e+00   1.3616362e-01   1.5366963e-01   1.4403299e-01   1.8434028e-01   5.6923296e-01  -8.3813121e-02  -3.3919813e-01  -1.5484677e-01   1.2059283e-01   3.6920984e-01  -2.4082230e-01  -4.1652468e-01   4.6114721e-01   2.4900789e-01   4.1008337e-01   1.4743036e-01   3.0405258e-03   9.1419214e-02  -2.2008787e-01  -4.7090640e-01  -4.1264762e-01   3.6335399e-01  -4.4652350e-01   5.0060100e-02   2.0027648e-01   1.2246134e-03   3.5438719e-01   4.2678423e-01   7.7990337e-01  -2.1000341e-01   2.1071073e-01   1.9003985e-02  -1.0162628e-01   1.9709502e-01   9.6380756e-02   3.2077042e-01   5.1075877e-01   5.4665425e-01   1.1625767e-01  -1.3107517e-01  -5.9899980e-02   4.5132100e-01  -2.6271147e-01   2.3150658e-02   2.6757726e-01  -3.3467079e-02   2.2849423e-01  -3.8527592e-01   4.5593742e-01  -2.5854006e-01  -5.5061609e-01  -2.1579313e-01   4.6626344e-01   3.6996174e-02   9.5245609e-02  -8.2821652e-02   6.8285383e-01   3.9544560e-01   5.3373073e-01   8.8797140e-02   1.4582625e-01  -1.7262465e-01  -1.0142263e-01  -1.5939352e-01  -2.9588690e-01   2.7679414e-01  -1.9428808e-01   1.7425250e-01  -4.0145863e-01   1.2816668e-01   1.4085507e-01   1.0276982e-01   6.0604742e-01   3.7175247e-01   1.3188961e-01  -4.4673884e-01   4.7731639e-02  -2.9441150e-01  -1.3944523e-01   3.4868081e-01  -5.7550721e-01  -2.2672835e-01  -4.5433378e-02  -5.3974688e-01  -2.6274124e-01   1.7766058e-01  -3.6751736e-02   1.5582097e-01  -1.9768964e-01   2.7249628e-01   1.0977968e-01  -1.3497825e-01   4.0166158e-01   2.4929664e-01  -2.3863889e-01   2.6143173e-01   1.6584022e-01  -1.8237653e-01   3.0758124e-01  -5.7004530e-02  -1.7467203e-01   8.3319856e-01   6.2118613e-01   6.0314648e-02   4.2341360e-01  -3.1734599e-01   3.3973123e-01   2.2265729e-01  -1.6157571e-01  -5.3049166e-01  -1.1838265e-02   9.6517493e-02  -2.2068056e-01   4.8255073e-01   1.6601699e-01   6.6889377e-01  -5.6833005e-02   3.2022200e-01  -3.9288952e-02   1.1507950e-01   2.2160291e-01  -5.9814837e-01   1.0724745e-01  -2.1866953e-03   5.1423282e-01   4.3166303e-01  -2.7990487e-02   2.4929600e-01  -1.9310779e-01  -2.6828555e-01   3.9424599e-01  -2.5623460e-01   3.7669537e-01  -1.6514853e-01  -3.0185671e-01  -3.2463575e-01   4.3699686e-01   5.7237541e-01  -2.1449734e-01  -2.1920281e-01   2.9004849e-03   6.2875384e-01   3.0444266e-01  -3.5096353e-01  -2.3712290e-01   3.2169442e-02   3.9139281e-01   5.1578028e-01  -3.7775183e-01  -2.3844991e-01   2.1382791e-01   7.7626197e-02   4.2643819e-01   4.7979857e-01   3.4529149e-02   1.7176572e-02  -1.3061499e-01  -2.0199090e-01  -1.3781919e-01   6.3788260e-01   1.4385819e-01   2.8799995e-01  -1.3756093e-01   1.1768938e-01   4.7457378e-01   3.6566023e-01   2.8008174e-02   5.1000932e-01  -1.3107334e-01   5.8614369e-02   4.0582665e-01   6.9021742e-01   6.2928177e-01
  -5.0572792e-02   1.8085051e-01   2.0614035e-01   1.3616362e-01   0.0000000e+00   1.5919995e-01  -4.7197703e-01   3.5968549e-02   1.9403486e-01   8.5036986e-02   3.2554610e-02  -2.7854276e-02   5.2227442e-01  -4.4066330e-01  -6.1403194e-02  -1.5831138e-01   3.3709090e-01   1.0807926e-01   2.4935974e-01   8.0510870e-01  -2.3800197e-02  -9.9716066e-02   5.0973389e-02  -2.0139478e-01  -2.5531275e-01   3.4564594e-01   5.0662746e-02  -5.2584783e-01   1.7755935e-01  -3.4307583e-01   8.7084845e-02   4.6211783e-01   1.1032853e-01  -3.3698888e-01  -7.0314357e-02   7.5954753e-01   9.6272974e-02   4.5728218e-02   6.3276780e-02   2.8575962e-01   3.6610414e-01   8.4608875e-02   3.3256879e-01  -4.5940342e-01   3.3304274e-01   2.4761877e-01   2.3146560e-01  -4.6275131e-01   1.1782699e-01  -1.4965672e-01   4.3560643e-01  -2.2593931e-01  -1.0127498e-01   1.8823659e-02  -2.4622806e-01  -4.9546487e-01   1.5956762e-01   1.7548921e-01   1.8032454e-01  -4.3859964e-03   3.5774054e-01   3.9409197e-01   1.7796676e-01   1.3690613e-01  -3.4700281e-02   3.5410891e-01  -1.4936260e-02   4.0470097e-02  -2.4117522e-01   2.0371947e-01  -2.7634554e-01   4.0110185e-01  -1.5102976e-01   2.2305077e-01  -3.3870713e-02   2.2370169e-01   1.9002951e-01  -1.0337300e-03   4.4159380e-01  -2.8024251e-01  -3.8451703e-01  -4.4476750e-02  -3.5586604e-01  -2.8551486e-01  -3.7163901e-01  -3.7275228e-01  -2.8259440e-01  -2.8768969e-01   2.4098360e-02  -8.4097601e-02   3.8650746e-01   2.4382043e-01  -1.1158926e-01   1.8516360e-01   2.6588915e-02   7.2171719e-01   4.0731260e-03   9.1071137e-02   2.1730119e-01  -1.0176419e-01  -5.7562503e-01   8.1631409e-02  -3.6880550e-01   4.7946152e-02  -1.9304948e-01   1.3597857e-01   5.6123824e-02  -3.5651858e-02   8.9011146e-02   3.1660022e-01   6.9735646e-02  -3.7938576e-01   4.3688259e-02   1.0643367e-01  -7.2533272e-01   4.7850462e-01  -3.7170978e-01   2.8864484e-01  -4.4077023e-01   2.4895687e-01  -2.1032767e-01   7.3079542e-01  -6.3038691e-03  -2.3173885e-01   3.6927096e-01  -1.7585072e-01  -4.1249588e-02   7.5956558e-02   6.8136972e-02   2.2264870e-01   3.2384092e-01   2.0910717e-01  -1.4660322e-02  -4.7132894e-01   2.0602313e-01   1.8491368e-02   3.1762083e-01  -6.3228433e-01   6.9823530e-03  -1.1691672e-01  -2.8328304e-01   4.4653208e-01   5.2387994e-02  -3.0201842e-01  -4.0851579e-01  -1.4173784e-01   3.3193285e-02   3.0751903e-01   2.6982389e-01  -1.3165819e-01  -2.7814907e-01  -3.0803289e-01  -3.0157131e-01   1.1688324e-01   3.2502055e-01   1.6151779e-01   2.2283243e-01   3.3227874e-01   1.2750672e-01  -2.7252590e-01   2.2711475e-01  -1.7525711e-01   2.7583787e-01   3.2032456e-01   1.2086302e-02   1.0006459e-01   3.5776072e-01  -3.1009096e-01   1.7319583e-01   2.1499981e-01   6.8547916e-01   1.6050683e-01   2.9796246e-01   8.9019486e-02   2.8442234e-01   3.2101251e-02   2.0840329e-01
   3.4083916e-02  -7.8389905e-02   6.1456533e-01   1.5366963e-01   1.5919995e-01   0.0000000e+00   3.4663676e-02  -1.1479911e-02   3.0914819e-01   4.0338200e-01  -1.1965677e-02   3.8540916e-01   8.4145298e-02  -4.8493802e-02   1.8585412e-01   4.0535077e-02   4.8559836e-01   5.8487036e-02   1.5071074e-01   2.9809115e-01   2.8046804e-02   4.5004889e-01   2.0153535e-01  -3.4371270e-01  -2.5651847e-01   2.7349450e-01   4.8255892e-01  -1.8808564e-01   2.3083093e-01   2.2021206e-01  -5.1208993e-01   1.0883814e-01   3.1504003e-02   3.3825270e-01   2.2183018e-01   1.3705430e-02  -1.0336654e-01  -2.6834735e-02  -2.4930601e-01   4.3986040e-01   1.7786961e-01   2.4675685e-01   4.8781297e-01  -9.2853903e-02   9.9218261e-03  -2.6911040e-02   2.6880182e-01  -2.6766860e-01  -2.6581179e-01  -2.3862936e-02   3.8077365e-01   2.7867542e-02  -1.1181065e-01  -2.3749795e-01  -1.3714885e-01   8.7100016e-02   4.8003649e-01   3.4721098e-01   2.6836256e-01   6.4113939e-01   1.4780294e-01   1.7553588e-01   3.4494005e-01  -5.9571985e-01  -5.1879756e-01   6.4624917e-01   6.4674750e-01  -2.0949217e-01   3.3464731e-01   6.6317199e-01  -3.6703587e-01   4.7191365e-01  -3.0076271e-01   1.5456482e-01  -2.3178594e-02   2.1904757e-01  -8.9770473e-02  -1.8968826e-02  -4.5010760e-01  -1.4078292e-01   5.9548758e-02  -1.0893544e-01  -4.2518649e-01  -2.1087731e-01   2.3998940e-03  -3.4554333e-01  -5.0407474e-01  -3.3135241e-01  -2.4101551e-01   3.1022006e-01  -2.2974428e-01   1.0181747e-01   4.4756625e-01   2.3629073e-01  -3.1683641e-01  -5.1565863e-03   3.0861108e-01   5.6000084e-01  -1.1491643e-01  -1.7661390e-01  -3.8423209e-01   3.3814457e-01  -1.6589547e-01   2.4058319e-01  -1.8239742e-01   1.8963086e-03  -1.5880099e-02   5.5612222e-01  -1.4899389e-01   4.9924123e-02   2.4849540e-01   2.1096298e-01   9.9810382e-02  -2.3505706e-01  -6.2905012e-02  -4.7260328e-01   1.8290694e-02   3.4933173e-02   1.6904335e-01   2.7202541e-01   1.1132671e-02   1.2935075e-01   9.6849293e-03  -5.9211906e-01  -1.6459701e-01   1.3554569e-01  -1.3565905e-02  -1.5663284e-01   4.8097622e-01   4.7170128e-01   5.7875361e-02  -2.2260257e-01  -6.5940825e-02  -3.9444416e-01   5.2491530e-01  -1.1812463e-01   1.8020159e-01  -2.4719927e-01   2.3271616e-01   3.5197457e-02  -7.0551763e-02   2.6968024e-01   4.3919056e-01   5.0104956e-01  -2.8374080e-01  -3.6354547e-01   2.5512190e-01   2.5878669e-01   5.8633345e-01  -4.7426222e-01   1.3463473e-01  -1.6666224e-01  -2.4165862e-01  -2.0084349e-01   5.4415106e-01   3.7071166e-01   3.3050529e-02   3.4838345e-01  -1.6249532e-01  -1.1285288e-01   1.8320834e-01  -7.3291188e-02  -1.0657090e-01  -3.9130329e-02   2.0661702e-01  -2.5644871e-01   2.6466568e-01  -4.9157298e-02   1.5512284e-01  -3.7617932e-01   2.1819248e-01   2.5791519e-01  -9.7320152e-02   7.6351156e-01   2.8988318e-01   3.5345190e-02   4.5669687e-01
  -7.9995207e-02  -2.3613620e-01  -2.1598903e-01   1.4403299e-01  -4.7197703e-01   3.4663676e-02   0.0000000e+00   1.2981224e-01  -4.5814419e-02   3.3884092e-01  -2.1490994e-01   4.4044868e-01  -3.8749886e-01   3.0650761e-01   3.1596777e-01  -4.5220173e-02  -2.7360862e-01   1.8859896e-02  -5.7957157e-02  -4.6122445e-01   5.7632567e-02   5.0769968e-02   2.6869011e-01  -2.8348327e-02   9.8020050e-02  -6.8611800e-02  -2.2940542e-01   3.4035939e-01  -2.3644764e-01   3.7461958e-01  -3.7274042e-02  -1.6779905e-01  -9.9686637e-02   4.2497908e-01  -1.3621878e-01  -5.0572948e-01   6.4095655e-02  -2.2429020e-01  -2.0656839e-01  -8.7171690e-02  -2.0476905e-01   7.6146545e-02  -3.7921167e-01   4.0364584e-01  -2.7340095e-01  -1.6435609e-01  -5.4927455e-01   6.5949920e-01  -1.7258945e-01  -2.2497627e-01  -2.8345974e-01   2.9480246e-02   2.0986633e-01  -2.1994576e-01  -4.2484589e-02   4.2928249e-01   2.1320237e-02  -2.3277840e-01  -3.1111850e-01  -9.2913326e-02  -2.0234174e-01  -1.1513140e-01  -1.1131466e-01  -7.8536699e-02  -1.5798454e-02  -2.4929139e-01  -1.4214978e-01  -1.2860090e-01  -2.0316901e-01   5.2889583e-02   3.6533550e-01  -2.0092848e-01  -3.8450078e-02   5.8735826e-02  -1.4203937e-01  -1.3341318e-01  -2.2004723e-01  -3.7402930e-03  -4.7365908e-01   3.9296958e-02   5.3488393e-01   2.1750087e-01   8.8457120e-02   2.1348772e-01   8.7733151e-02   2.7440770e-01  -1.6632088e-01   2.0210651e-02  -2.1897710e-01   3.8069549e-02  -5.0812145e-01  -5.4489984e-01   2.5479352e-01  -3.1096897e-01  -5.1843350e-02  -4.6700899e-01   4.3939433e-02  -7.7273430e-04  -1.4991306e-01   5.5849752e-01   3.6886985e-01   3.3797293e-01   3.5851422e-01  -3.0641795e-01   2.3968839e-01   1.5785957e-01  -6.5187612e-02  -1.0154882e-01   2.4144850e-01  -3.5451908e-01   1.8395618e-01   3.7488008e-01  -4.1296489e-02  -3.3323344e-01   5.3903545e-01  -5.1468648e-01   2.3354480e-01  -7.5344274e-02   4.3167229e-01  -1.5964214e-01  -1.5555979e-01  -4.3417596e-01  -1.2662273e-01  -1.8735489e-02  -3.3226667e-01  -1.3674501e-01   3.1271770e-02  -5.1758985e-02   1.4661318e-02   6.0301375e-02  -7.6542879e-02   1.6902410e-01  -2.3703191e-01   9.0154571e-02  -1.6861287e-01  -2.1256423e-01  -2.6376290e-01   3.8921852e-01  -1.4717823e-01  -1.8982511e-01   5.3741134e-02  -7.4281725e-02  -2.6403447e-01   3.6158215e-01   5.4624783e-01   2.9179260e-01   5.1203224e-01  -4.8822450e-01  -9.1869930e-02   9.7790902e-02   3.9649815e-01   4.7157589e-01  -8.8212131e-02  -1.9729489e-01  -1.6641750e-01  -2.7122056e-01  -2.6820384e-01  -1.3155051e-01  -1.6630035e-01   2.5965870e-01  -3.0555098e-01  -1.9969706e-01  -3.0114633e-01  -1.1776683e-01   1.0191267e-01   9.5027880e-02  -2.2571992e-02   1.1039793e-02  -1.9642973e-01  -2.3665551e-01  -5.4531955e-01  -1.2417521e-01  -3.4246405e-01   3.4126498e-02  -3.3652166e-01  -6.7326019e-02   6.9974994e-02
   2.2660404e-01  -1.1667963e-01  -2.3230964e-01   1.8434028e-01   3.5968549e-02  -1.1479911e-02   1.2981224e-01   0.0000000e+00   1.4117126e-01   2.2573284e-02  -1.3565810e-01  -2.5195340e-01   3.4726000e-01  -4.4877001e-02  -1.3401139e-01   4.4040619e-02  -1.2748238e-01   2.7882877e-01   4.7278469e-01  -1.7516403e-01   1.8560571e-01   4.3527873e-02  -1.6257988e-01   1.6129833e-01  -2.8673164e-02   4.8433587e-01  -2.2881544e-01   1.9946378e-01   8.1094363e-02  -1.8872460e-01   1.7208748e-01   2.7979501e-01   1.9232067e-01  -2.0434536e-01   2.1768727e-01  -7.6855523e-02   2.3174213e-01  -4.2845268e-01  -8.5781447e-02  -5.1098390e-02   3.5043843e-01   2.9386453e-01  -1.5004329e-01   2.0830935e-01  -1.7825700e-01   2.9156365e-01  -1.6204677e-01  -6.9112475e-02   1.4085283e-01  -3.0948947e-01   1.6054839e-01   5.2555107e-01  -4.8785830e-02   1.3448284e-01   4.7509010e-02   5.0944622e-02   3.1112165e-01   1.0655101e-01  -2.1609088e-01  -1.0597884e-02   1.8955952e-02   6.1998970e-02   1.1589040e-01   1.3663297e-01   4.8861948e-02  -1.3080910e-01   7.9552520e-02  -1.7567805e-01  -2.1427672e-01  -1.3165147e-02   3.1667714e-02  -1.3888281e-01   8.5618628e-02  -1.9940532e-01   2.7836499e-01   3.5006318e-01  -1.6143296e-02   1.0924000e-01   3.2291694e-02   8.5261674e-02   3.8038201e-01   9.3427959e-03  -8.0169089e-02   2.8772807e-01  -1.6079150e-01   1.5270348e-01   1.4657860e-01   2.5432667e-02   6.3308809e-02   7.3593022e-03  -7.7283035e-02  -3.8679275e-02  -8.5247729e-02   3.9870212e-03  -3.9800061e-01   4.1162642e-04  -4.6013159e-02   3.5418636e-01  -1.9757513e-01   2.1353783e-02   8.0218765e-02   8.6319972e-02   3.6613370e-01  -1.3841136e-01   5.8893401e-02   3.8555337e-01   1.2298532e-01   2.4645998e-01   2.5745727e-01  -2.2254432e-01   1.0449176e-01  -3.3494856e-02  -7.2028984e-03   1.4263642e-01   5.4973345e-02   1.1870118e-01   6.7921484e-02   3.0160037e-01   1.4507470e-01   1.0526679e-01   3.9227696e-02  -8.8711897e-02  -1.5627992e-01   5.6142042e-02   3.5848367e-01  -1.1356963e-01  -2.2786816e-01  -2.6586588e-01   3.4804261e-01   4.4511688e-02   1.7802956e-01  -1.5257876e-01   1.0152332e-01  -8.9307843e-02  -8.4337770e-02   4.1232211e-01   2.8223421e-01  -8.6869714e-02   4.3420346e-01   9.9088513e-02  -1.0843964e-02   2.3342212e-01   2.8810994e-01  -1.6700834e-01   1.3811277e-01   1.2203787e-01  -2.9030387e-03  -2.2029512e-01  -6.6740026e-02   8.3045395e-02  -2.7165341e-02   2.9950347e-01   1.0639349e-01   6.1261951e-03  -8.3875314e-02   7.4251491e-02   2.0328066e-01   1.3537753e-01   1.5749908e-01   4.6225389e-01  -2.2747184e-01   3.0455316e-01  -3.1994711e-01   1.0061113e-01   3.4370491e-01  -7.6066232e-02   4.1781717e-02  -2.6098589e-01   2.8375276e-01   2.8578594e-01   1.0623556e-01  -4.1366397e-02  -2.2652448e-03  -8.5748925e-02   1.4627891e-01   7.1274587e-02   2.0640496e-01
  -1.0488464e-01  -2.9996838e-01   3.1376169e-01   5.6923296e-01   1.9403486e-01   3.0914819e-01  -4.5814419e-02   1.4117126e-01   0.0000000e+00   9.1684822e-03  -2.5041642e-02   3.7624028e-02   1.7833162e-01   2.9103877e-01  -8.7288792e-02  -2.6822294e-01   5.0952832e-01   3.7494547e-01   2.1411842e-01   2.8835449e-01   1.5228826e-01   4.0840515e-01  -1.3750976e-01  -3.9091014e-01  -5.7915740e-01   3.2563083e-01  -1.5429541e-01  -7.9881685e-02   4.4245657e-01  -7.8141516e-02   1.9102535e-01   3.7688454e-01   5.7272811e-01  -1.3061399e-01   5.5249186e-01   2.2311592e-01   1.7121827e-01   9.4195394e-02  -5.7388521e-02   2.4351014e-01   4.0724802e-01   4.8069941e-01   5.9217035e-01  -1.4901435e-01   1.1088557e-01   4.6647312e-01  -1.1367632e-02  -2.1456460e-01   1.5123672e-01  -1.8941959e-01   3.4297856e-01  -2.1787435e-01   6.7426519e-02  -2.0557811e-01  -5.3020215e-01  -2.7694899e-01   4.3497462e-01   4.0181758e-01   7.6674089e-02   2.6166036e-01   4.4152241e-01   3.6854733e-01   5.8147947e-01  -1.2573425e-01  -2.2247814e-01   6.5396858e-02  -2.1668915e-02   4.4661573e-02  -1.8292884e-01   3.3152715e-01  -2.2425211e-01   3.3530664e-01  -2.6568883e-01   1.0417441e-02   1.9560500e-01   2.7024111e-01   3.1328553e-01   2.0415540e-01  -4.6706168e-02  -3.7677594e-01   2.3240655e-02  -2.4267553e-01  -2.8343423e-01   1.6499948e-01  -4.7212716e-01  -4.0403822e-01  -1.6655089e-01  -6.4042262e-01  -2.2911888e-02   1.4262336e-01  -3.3189507e-01   1.7915516e-01  -8.8538727e-03   4.6154790e-01  -6.5325628e-02  -2.9048528e-02   4.4872964e-01   3.0619557e-01  -1.8258278e-01   5.0669103e-03  -2.1928967e-01  -6.1037083e-02   1.7522709e-01   2.0807707e-01  -8.9677119e-02   4.6392841e-01   3.0317552e-01   1.7175517e-01   4.9131073e-01  -1.5106220e-01   2.5100268e-01   6.7003547e-02   7.4335118e-02  -3.0783223e-01  -2.3639519e-01  -9.3297778e-02  -2.8189559e-01   3.9977268e-01   3.2636308e-03   5.7685988e-01   9.0344334e-02   2.3452290e-01   2.2326328e-01  -2.9632265e-01   3.6965597e-01  -4.2936254e-01  -6.5820725e-02  -1.0558432e-01   5.4615735e-01   2.9976065e-01  -2.5970799e-01   3.8966694e-02  -3.9724540e-01  -1.8625242e-01   5.8926904e-01  -5.5178102e-02   5.1518622e-01  -2.8455548e-01  -7.0294952e-02  -2.5879183e-01   2.2462605e-01   5.8020451e-01  -1.8177231e-02  -1.1058166e-01  -2.5614797e-01   2.5348940e-01   2.4244135e-01  -2.0191137e-01   3.8712444e-02  -2.0774366e-01   1.9458393e-01   2.3324224e-01  -4.6390118e-01  -5.2340648e-02   2.7865845e-01   2.1082261e-01   2.8927751e-01   4.6679459e-01   3.2383655e-02   5.6993298e-02   5.9075184e-02  -1.0121489e-02  -2.2531791e-01   4.3003762e-01   1.5607354e-01  -3.1877433e-02   2.0856265e-02  -3.0039680e-02   4.2568894e-01   4.6300988e-02   1.6526155e-01   4.7361472e-01   1.3424012e-02   1.6629782e-01   4.1971127e-01   3.7289070e-01   6.4969126e-01
  -1.5376059e-01   8.3884281e-02   1.1223055e-01  -8.3813121e-02   8.5036986e-02   4.0338200e-01   3.3884092e-01   2.2573284e-02   9.1684822e-03   0.0000000e+00   4.1393839e-02   6.6107481e-01  -1.8660230e-01  -1.2979684e-01   5.9535015e-01  -2.6517480e-01   4.4288128e-02   1.7423622e-01  -8.3751625e-02   4.8309783e-02   3.5970733e-01  -1.1958602e-01   6.6748391e-01  -1.0416841e-01  -2.4550916e-01  -9.4782389e-02  -5.8810470e-02  -2.0298236e-01  -3.0518708e-01  -3.2734308e-02  -1.2215352e-01   4.6847664e-02  -2.1187695e-01   6.0816846e-01  -1.5258784e-01   4.9402305e-02   4.3512871e-01  -3.8750485e-01  -5.0813385e-01   1.2157936e-01  -1.3393495e-01  -5.8963781e-02   5.5742759e-02   2.6171106e-02  -3.5687747e-02  -8.9981889e-02  -2.2591277e-01   2.2892957e-01  -1.2767207e-01  -2.4842887e-01   1.3661258e-01  -5.3802428e-02   2.0733002e-01  -2.1843272e-01  -3.1956174e-01   1.6385542e-01   8.7257196e-02  -1.3290354e-01  -1.0272039e-01   1.3279340e-01  -1.9691181e-01  -1.1558307e-01  -2.2894476e-01  -1.9706282e-01  -2.1454781e-01   5.0536101e-01  -4.6997136e-02  -3.5031843e-01  -2.3117200e-01   3.3441207e-01   2.1256674e-01   9.9360225e-02  -4.3334685e-01   2.8914340e-01   1.0256829e-01   9.6133799e-03  -2.0348730e-01  -1.7120054e-01  -3.1325291e-01  -2.9181028e-01   1.4048578e-01   1.8325286e-01  -5.1322674e-03  -1.1717853e-01  -1.1899881e-01  -9.5434725e-02  -3.2465165e-01  -3.1916638e-01  -2.6520474e-01  -4.9852326e-02  -3.4708793e-01  -3.3228965e-01   3.8148116e-01  -2.3634509e-01  -2.9905862e-01  -2.7962634e-03   2.5037338e-01   1.1793006e-01  -3.7527968e-01   4.0397648e-01  -3.5783477e-01   7.5502236e-01  -2.5578547e-01  -2.7345634e-01   4.2304026e-02  -8.5616076e-02  -1.7482817e-01  -1.8912420e-01   2.5483841e-01   1.2192285e-01   2.8298564e-01  -2.8100390e-01  -7.0842767e-02  -2.3072636e-01  -1.7289541e-01  -3.3584509e-01   2.6460930e-01   2.4950279e-01   1.2579526e-01  -1.4113046e-01  -2.2375808e-01  -9.5387179e-02  -1.1578186e-02  -6.0128782e-01  -5.2147819e-02  -1.1570882e-01  -2.3071631e-01  -4.5214482e-01  -1.7225417e-01   2.4246891e-01   8.2266033e-02   1.1035800e-01  -4.0221460e-01  -3.2265987e-02   7.9333171e-02  -1.4190016e-01  -1.2025698e-01  -1.5822729e-01   5.4936443e-02  -3.1479994e-02  -9.5575588e-02   9.3152551e-02  -1.3670279e-01   5.3711233e-01  -1.0788018e-01  -1.5114778e-01   4.5379209e-01   2.6707762e-01   7.0510806e-01   1.9829958e-01  -6.4950022e-02  -5.0812241e-02  -3.1564406e-01   6.8179985e-02   2.2537943e-01  -9.3901102e-03  -8.3038608e-03   4.5335298e-01  -2.9131825e-01  -2.2986330e-01  -1.1592186e-01  -3.3657631e-01   2.2799432e-01   1.5287304e-02  -2.1055306e-01  -1.4836089e-01   3.7814089e-01  -1.9940466e-01   9.7099428e-03  -2.5324128e-01   1.8163708e-01  -1.0646097e-01  -6.0837207e-02   3.7570953e-01  -7.3568158e-02  -2.0323837e-01  -5.1959337e-02
  -2.6347625e-01   4.5963827e-01  -8.9120589e-02  -3.3919813e-01   3.2554610e-02  -1.1965677e-02  -2.1490994e-01  -1.3565810e-01  -2.5041642e-02   4.1393839e-02   0.0000000e+00   1.3364830e-01  -3.6510160e-02  -5.2180063e-02   2.5531242e-01  -8.8233419e-02  -1.1440482e-01   6.9644267e-02  -1.4680002e-01  -2.4272835e-02   2.2585702e-01   9.1475729e-03   2.1151569e-01  -2.0986223e-01  -8.9754357e-03  -2.4084621e-01   2.5764553e-01  -2.5147117e-01  -1.7434558e-01   7.8073958e-02   2.3935133e-01  -2.1032274e-01  -2.8775621e-01   1.8731642e-01   3.9890232e-02   2.8003214e-01  -1.7962752e-02   8.4640916e-02  -5.4504671e-02  -2.8239074e-01   2.9513661e-02  -3.3391091e-01   1.9876089e-01   1.4336064e-01   4.8162800e-01  -2.9172666e-01   5.1419295e-01  -8.9156419e-02  -2.9668179e-01  -2.3494156e-01   1.4662943e-01   7.3901084e-02  -1.9388071e-01  -1.9752629e-01   7.2435716e-02  -2.2613261e-01  -2.2293189e-01   1.9848344e-01   2.2850872e-01   1.5898058e-01  -3.2592031e-01  -6.6330545e-02   3.3175199e-02   1.5776444e-01  -1.0059515e-01   4.6362287e-01   7.8193008e-02   2.1176462e-01   4.2939228e-01  -5.0575905e-02   2.6025092e-01   3.3765268e-01   1.5988651e-02  -3.2027159e-01  -8.0553337e-02   7.8369722e-02  -2.5856385e-01  -1.5214543e-01  -2.2933836e-01  -6.2989762e-02  -2.0472470e-01  -1.8857377e-01  -1.3177047e-02  -1.5427872e-01   8.5419609e-02  -2.7523743e-01   3.9130962e-02  -1.4258813e-01   1.8957161e-01  -1.8123933e-02   8.7614795e-03  -6.3240067e-02  -6.1334053e-02  -4.1154955e-02  -7.5295732e-02  -8.2963653e-02  -7.0336481e-02  -8.6921697e-02   2.0681963e-01  -2.3617142e-01  -3.5623299e-01   3.4227347e-01  -3.4973194e-01   2.6417689e-01  -2.3144801e-01  -4.7028742e-01  -3.9338963e-01  -4.1849598e-02  -1.8678530e-01   5.0065031e-01  -2.1645255e-01  -1.9781318e-01   8.2123716e-02   1.1039578e-01  -2.6486067e-01  -7.7047522e-04   8.9836454e-02  -1.3253974e-01  -2.7248444e-01  -2.1723223e-01  -1.4187945e-01  -1.1955083e-01  -9.9384705e-02  -7.6941936e-02   8.5320757e-03   1.4362958e-01   1.1794974e-01   1.3143984e-01   7.4416829e-02  -1.8473438e-01  -2.4902156e-01   2.3373489e-01  -1.5244016e-01   2.1840497e-01   1.2249510e-01   2.1467500e-01  -1.5246342e-01   1.4386104e-01   2.5139574e-01  -9.0516798e-03  -1.5793316e-01  -7.8035818e-02   4.0299577e-01   1.2051595e-01  -2.4410905e-01  -1.9947751e-02  -1.3598638e-01   4.7716467e-01   2.2227164e-01  -1.4739175e-03  -3.1774234e-01  -2.8385466e-01  -2.1072145e-01   2.0080752e-01   9.1679635e-02   1.7366024e-01  -2.3642208e-01  -2.1946709e-01  -2.7227590e-01  -3.8776414e-01   1.7169059e-01   5.4452887e-01   2.4265221e-01   1.6455642e-01  -2.7290478e-01  -4.3550647e-01   3.9405898e-02  -5.9021640e-02  -2.0511584e-01  -3.0333875e-01   1.3707566e-01  -5.3134213e-02   4.3962236e-01   1.3760910e-01   7.2200404e-02  -2.6122406e-01  -1.6343615e-01
  -3.6327030e-01   2.5950117e-01   2.6040079e-01  -1.5484677e-01  -2.7854276e-02   3.8540916e-01   4.4044868e-01  -2.5195340e-01   3.7624028e-02   6.6107481e-01   1.3364830e-01   0.0000000e+00  -1.9326965e-01  -1.0165016e-01   6.5070324e-01  -2.6842837e-01   1.7152766e-01  -1.1555783e-01  -3.3182012e-01   1.0063127e-01   3.2844115e-01  -9.4059675e-02   6.7679951e-01  -3.8019725e-01  -1.8010448e-01  -2.4854705e-01   1.1256857e-01  -4.2216983e-01  -2.2388581e-01   1.5695931e-01  -1.8615094e-01  -5.1932781e-02  -1.5837923e-01   6.8153699e-01  -9.3000282e-02   1.4009070e-01   1.5388016e-01  -7.8715400e-02  -1.9350361e-01   2.6828801e-01  -2.5343248e-01  -3.0271256e-04   2.4599733e-01  -1.4155868e-02   1.2696052e-01  -4.2199243e-01  -1.1650051e-01   2.4209738e-01  -4.5398931e-01  -8.4381307e-02   1.3744957e-01  -3.3143014e-01   1.8206082e-01  -3.6038211e-01  -3.1923674e-01   1.1263010e-01  -1.3057043e-01  -1.0214490e-01   4.7055614e-02   1.0802171e-01  -2.3407752e-01  -5.5687670e-02  -2.7767643e-01  -1.6600000e-01  -1.7143494e-01   4.1072595e-01  -1.0434670e-01  -2.0566342e-01  -1.0314779e-01   3.7316622e-01   3.6242853e-01   2.5104169e-01  -2.0759387e-01   3.2285860e-01  -3.2954102e-01  -2.6178767e-02  -2.9161617e-01  -2.5067802e-01  -3.9878455e-01  -3.8340515e-01  -1.3516196e-01   1.3530158e-01  -1.3623888e-01  -3.5774541e-01  -2.7396206e-02  -3.2732902e-01  -4.3714910e-01  -4.3480867e-01  -3.5039304e-01   8.9565297e-03  -3.6600200e-01  -3.5216150e-01   2.8601070e-01  -3.4380753e-01  -1.4718248e-01  -1.5903493e-01   1.6623824e-01  -1.2871869e-01  -1.0775971e-01   3.5625875e-01  -4.1517178e-01   6.8793737e-01  -3.7164913e-01  -2.5036521e-01  -6.5493222e-02  -2.4388671e-01  -1.5789060e-01  -3.0327336e-01   1.0444221e-01   2.2911013e-01   2.5449337e-01  -1.2098840e-01  -2.5061651e-01  -4.2289244e-01  -1.2019620e-01  -5.0616120e-01   1.4121791e-01  -1.3548735e-02   6.3818164e-02  -3.3507347e-01  -2.1236453e-01  -5.2530546e-02   1.2586036e-02  -4.7931731e-01  -3.7204909e-01  -5.3322707e-02   5.8999863e-02  -4.9803933e-02  -1.7381039e-01   2.7508871e-01   3.0248036e-02   3.2201850e-01  -5.3752854e-01  -7.8990727e-02   2.1673186e-01  -2.6084024e-01  -1.2521716e-01  -6.2249425e-03  -1.8904760e-01  -2.0647562e-01  -1.6794595e-01   1.5752957e-01  -1.3811683e-01   5.0743589e-01  -1.2887038e-01  -8.7682063e-02   6.5057269e-01   1.8249701e-01   4.8321270e-01   4.3274672e-02   1.4844494e-01  -1.8203900e-01  -4.6195570e-01   1.4066017e-03   3.8829809e-01   5.7803537e-02  -2.1130899e-01   2.3200124e-01  -4.5709388e-01  -4.5935848e-01  -7.4592852e-02  -3.1185380e-01   2.2418028e-01   4.9354190e-02  -4.1367397e-01  -1.0335840e-02   4.5303595e-01  -1.9365139e-02  -3.4654410e-02  -4.5175541e-01   2.4610433e-02   8.4235461e-02  -1.0233662e-01   4.6553076e-01   7.5563723e-02  -1.9691514e-01  -2.8446416e-02
   1.1186358e-01   7.7660652e-02  -2.7257465e-02   1.2059283e-01   5.2227442e-01   8.4145298e-02  -3.8749886e-01   3.4726000e-01   1.7833162e-01  -1.8660230e-01  -3.6510160e-02  -1.9326965e-01   0.0000000e+00  -3.2671701e-01  -2.8635584e-01   5.1720151e-02   1.3589092e-01   2.8885007e-01   3.1723573e-01   3.2709090e-01  -8.5865718e-02   7.8753200e-02  -2.9666380e-01  -8.6243604e-02  -1.1061757e-01   4.1850958e-01  -4.0521579e-02  -3.2725558e-01   2.7118764e-01  -2.2309173e-01  -8.2552752e-02   6.2732694e-01   2.2320761e-01  -3.5005057e-01   7.3108753e-02   4.6712360e-01  -1.6998959e-02   4.4550273e-02   3.7399687e-01   6.5911842e-02   5.7716304e-01   1.6754034e-01   2.4269066e-01  -3.8136221e-01   2.8247731e-01   2.5052656e-01   2.6531130e-01  -4.9214799e-01   5.3662945e-02  -2.0597405e-01   4.6221988e-01  -5.1462268e-02  -1.8421304e-01   1.4549078e-01   2.5596704e-02  -4.0521407e-01   1.7337788e-01   2.3592145e-01   3.2886339e-01   2.8920698e-02   2.5754562e-01   3.9555136e-01   1.8771694e-01  -1.5881674e-02   1.5314762e-01   1.2519298e-01   4.0236432e-02   2.3089430e-02  -1.5407864e-01  -3.6763719e-02  -3.0638487e-01   3.0733897e-01   2.7659138e-01  -1.4979124e-01   9.9995346e-04   2.4401606e-01   9.1413898e-02   7.1546111e-02   2.5110428e-01  -3.1720373e-02  -2.4341552e-01   1.4450658e-01  -2.2326016e-01  -4.6149406e-02  -2.3087458e-01  -2.9567862e-01  -1.3075928e-01  -8.3364474e-02  -2.0949622e-01  -1.5480977e-02   2.3723059e-01   1.9911233e-01  -2.7453287e-01   1.0934857e-01   3.3388647e-02   3.2333601e-01   3.9966226e-02   2.0213180e-01   4.1241133e-02  -3.0287146e-01  -3.6610976e-01  -9.9387502e-02  -7.7953046e-02   1.1514621e-01  -2.3701228e-01   1.5648368e-01   1.7477877e-01   1.2759407e-01   1.0687629e-01   2.3340419e-02   1.8160078e-01  -1.1754322e-01   5.1177007e-03   2.3412854e-01  -4.6397687e-01   3.1542753e-01  -2.8768130e-01   4.1907957e-01  -4.2968663e-01   2.4238330e-01  -2.9565562e-02   3.4949240e-01  -1.5201601e-01   7.6344115e-02   4.0633921e-01  -1.1352287e-01   4.4604828e-02   2.6696121e-02   2.7193613e-01  -3.2459248e-02   6.0936257e-01   3.7384954e-02   4.2282034e-02  -4.8640365e-01   1.9616254e-01   1.9494321e-01   5.9280462e-01  -5.2305307e-01   1.3753529e-01   8.6505223e-02  -7.5789142e-02   4.9328815e-01   2.9907450e-01  -4.3748663e-01  -3.3831803e-01  -1.4547302e-01  -2.1144857e-01   9.1200243e-02   7.3323434e-03  -1.2217155e-01  -2.0366520e-01  -3.1091981e-01  -9.6200315e-02  -1.0257225e-02   3.8611578e-02   3.2268835e-01   3.0520307e-01   3.5598365e-01   2.5156510e-01  -2.9554629e-02   7.0369451e-02   1.5504382e-01  -1.1106160e-01   1.9543951e-01   4.3708086e-02  -1.1247437e-02   4.2461965e-01  -3.5422163e-01   2.9231189e-01   1.9619187e-01   4.8586775e-01   1.4643230e-01   2.2794403e-01  -8.5460265e-02   4.5652822e-01   9.0752295e-02   2.9914894e-01
   3.8085609e-01  -3.4265187e-01   9.4696338e-02   3.6920984e-01  -4.4066330e-01  -4.8493802e-02   3.0650761e-01  -4.4877001e-02   2.9103877e-01  -1.2979684e-01  -5.2180063e-02  -1.0165016e-01  -3.2671701e-01   0.0000000e+00   7.4405840e-02  -1.4182473e-02   8.1946218e-02   5.8125124e-02   4.6661063e-02  -3.2642022e-01  -8.4875150e-02   5.3072771e-02  -6.6713311e-02   8.0495841e-02  -1.6282625e-01  -1.4703231e-01  -9.0183763e-02   5.0641458e-01   1.0245079e-02   1.5433310e-01   2.1102151e-01  -2.2116334e-01   3.2525077e-01   5.8395966e-02   3.1810862e-01  -3.8567760e-01   4.6224805e-02   7.0001562e-02  -4.1540025e-02  -4.4734383e-02   1.1266936e-01   1.0354149e-01  -2.1405578e-02   1.8960992e-01  -3.1518159e-01   2.7337483e-01  -3.1031852e-01   1.5776173e-01   6.5290619e-03   4.8496389e-02  -9.0545057e-02   7.8306989e-02   2.0932788e-01  -1.4588282e-01  -1.8694960e-01   2.1839776e-01   1.8855506e-02  -2.2262270e-01  -3.5234255e-01  -2.8933954e-02   8.0213776e-02  -6.0370993e-02   1.1638768e-01   2.1952496e-02  -2.0809419e-02  -2.6603225e-01  -1.8656267e-02   1.0819376e-02   3.4384797e-02   1.6728465e-01   3.4357084e-02  -1.3152094e-01  -1.0396290e-01  -1.6931899e-01   4.7999473e-02  -4.1644117e-01   1.9139047e-01   1.3791440e-01  -2.0602753e-01  -1.1085379e-01   3.5851624e-01  -7.4075596e-02   2.1698569e-01   4.6010332e-01  -2.0195817e-01   7.0243373e-02   3.1868531e-01  -3.2795763e-02  -8.3378310e-03   1.9543958e-01  -3.4460432e-01  -1.0251386e-01  -1.1426580e-01   4.3305879e-02  -5.3737768e-02  -4.3674360e-01   3.4579691e-01   1.1047311e-01  -3.6061166e-01  -4.2155320e-02   3.9001924e-01  -1.9882590e-01   2.1511265e-01   5.2247783e-02   9.2535080e-02   4.6011510e-01   3.4831330e-01   1.1593585e-01  -4.0711809e-02  -2.8526231e-01   3.6294049e-03   2.1411170e-01   1.0004805e-02  -3.1261941e-01   3.5693612e-01  -5.4018977e-02   2.0182133e-01   2.0093467e-01   2.0441868e-01   2.1633389e-01   2.4903377e-01  -3.4162829e-01   1.8342315e-01   7.3185890e-02   1.1478179e-01  -4.7418529e-02  -5.2626828e-02  -2.0087275e-01   2.4868040e-01   2.3865371e-01  -3.4568190e-01  -2.1886469e-02  -1.2640075e-01   7.1668439e-03   4.9976898e-02  -4.2564948e-01  -1.0787277e-01   2.1359097e-01  -2.9226996e-01   1.1439057e-01   6.4863741e-01  -5.4672534e-02  -1.2329518e-01   1.5667219e-01   1.5949561e-01   3.4979802e-01  -1.8024047e-02  -2.9787540e-01  -2.0373432e-01   1.1868154e-02   1.1560129e-01   4.1558050e-01   4.3390528e-02  -4.6889366e-02  -6.0661797e-02   7.1486591e-02   7.4998890e-02  -1.2463205e-01  -1.2146011e-02   2.9154713e-01  -2.9175188e-02  -1.8710965e-02  -2.3563243e-01   1.2754643e-01   1.8794364e-01   5.9217656e-02  -2.5978553e-01   1.0714053e-01  -3.8441583e-03   2.2816889e-02  -3.3418017e-01   1.1138979e-01  -2.8174470e-01  -9.7753630e-02  -2.5395138e-04   3.6462550e-01   2.3212743e-01
