   0.0000000e+00  -1.5162493e-01   2.5975421e-01  -3.6995820e-01  -1.6183623e-02  -2.5228711e-01  -1.5088293e-01  -1.5647845e-01  -2.5823379e-01   5.7304347e-02  -4.3994547e-01  -2.5674073e-02  -7.9340030e-02   2.4002073e-01  -2.5806380e-01  -3.0002516e-01   3.7843324e-01  -3.9200179e-01  -3.2003476e-01  -4.7729456e-02  -3.1891434e-01  -4.5878492e-01  -2.2571344e-01   4.2315865e-01   1.9650295e-01  -8.1016509e-02  -3.7963427e-01   1.1304768e-01  -4.0515147e-01  -4.4605985e-01  -5.0354860e-01   4.6839122e-02   5.9057837e-02  -2.8888226e-01  -2.5521023e-01   2.6789657e-02  -3.1480436e-01   3.7301374e-01  -4.2418543e-01  -2.2782371e-01  -1.1408071e-01   2.2589703e-01   7.6577616e-02  -1.1466929e-01   2.2796117e-01   4.8750231e-01  -2.8819445e-01  -3.7877251e-01  -4.3042981e-02   4.3545316e-02  -2.4761999e-01   2.4151940e-02  -1.3282722e-01   2.0773940e-01   1.9485666e-01  -1.8978131e-01  -1.5248470e-01  -1.5704560e-01  -2.4650161e-01  -1.4141527e-01   3.7974239e-01   1.3164544e-01  -2.1080521e-02  -2.9092692e-01  -2.4158243e-01  -2.9772617e-01  -2.4229697e-01  -4.4561368e-01  -2.7882270e-01   2.8266117e-01  -3.9570593e-02  -1.9400724e-01  -2.2040541e-01   3.3272255e-01   4.9342086e-02  -1.7114614e-01   3.8988355e-01   1.4691298e-01   4.3444549e-02  -1.0399000e-01  -7.0389685e-02  -1.6382102e-01  -1.8833336e-01   3.4022922e-02   4.9587813e-01  -1.5250305e-01  -1.9462135e-01  -1.0192518e-01   8.1548224e-02   6.4414936e-01  -1.6993182e-01   2.8772301e-01   7.2257496e-02  -1.6930874e-01   6.5529150e-01   1.1540915e-01  -2.4097685e-01  -1.5470196e-01  -3.7966271e-01   2.0202148e-01   1.1408976e-01  -2.6634822e-01  -4.6738947e-01  -3.8454521e-01  -2.8438829e-01  -2.6187727e-01   1.9431794e-01  -2.1500970e-01   2.4751694e-01  -1.1969291e-01  -1.6837224e-01  -1.1064241e-01  -3.2724108e-01   7.0924677e-01  -3.7363181e-02  -1.3058120e-01  -1.3339337e-01  -1.6639678e-01  -1.7352270e-01   6.6963254e-02   3.0414821e-01   1.7188823e-01  -1.8988810e-01  -2.3027803e-01   6.2392741e-01   1.4271886e-01  -4.9407934e-02   1.8336916e-01  -3.2079244e-01   4.9460668e-02  -1.4300178e-01  -3.3195732e-01   4.7062929e-01  -3.1750401e-01  -4.6244362e-01   7.0110294e-02  -2.5095770e-01  -2.7863457e-01  -5.2713274e-03   5.9082623e-01   6.3349271e-01   3.1570515e-02  -1.7951227e-01  -5.2051445e-02  -9.1289611e-02  -3.0391393e-01   7.7415293e-02   4.4672490e-02   6.1939571e-02  -3.0569008e-01   4.4659834e-01  -4.3587987e-01   4.1898460e-01  -2.5839782e-01   1.4302746e-01   5.9835429e-01   3.9783477e-01  -1.8816946e-01   2.1377803e-01  -1.4140332e-01  -1.2464102e-01  -2.2758690e-02  -1.9935767e-01  -4.0040721e-01  -8.1306402e-02  -2.4656404e-01  -3.5090542e-01   1.1024729e-01   6.0791964e-01   2.3506294e-02   1.6334612e-01   8.8799422e-02  -3.1906961e-02  -1.1972917e-01  -2.5343098e-01  -1.5631274e-01  -1.4579406e-01
  -1.5162493e-01   0.0000000e+00   2.0697175e-01   2.4464977e-01   2.0902097e-01  -1.6696690e-01  -9.2576556e-02  -1.4501982e-01   3.9535766e-01   2.4075777e-01   1.1861498e-01   4.3183769e-01   3.0296448e-01   8.6248077e-03  -1.2178094e-01   2.1206927e-01   3.9735367e-01   1.0327348e-01   1.4072443e-01   2.7649827e-01  -1.1999802e-01  -1.0856970e-01  -2.7339406e-01   1.1800485e-01  -9.8223205e-02   1.9380668e-01   1.6420377e-01  -2.3520020e-01  -4.9958611e-02   2.1117572e-02   1.5893493e-01   8.7250064e-02   8.9183285e-02  -2.7211446e-01  -6.1194235e-01   5.7853293e-02   1.5476363e-01  -5.8022785e-02   3.9995136e-01   1.8581703e-01   2.6362721e-01  -1.4741503e-01   2.5779805e-01  -8.7199555e-02  -1.0798429e-01   9.6186546e-02  -3.5854744e-01   4.1048999e-01   2.0531763e-01   4.7525940e-02  -1.9100199e-01   9.4110291e-02   3.3258672e-01  -9.1936000e-02   2.7661018e-02  -2.7258309e-01  -2.9262283e-01  -2.4767927e-01  -1.7154976e-01  -2.6656007e-01   9.2612354e-02   8.2701187e-04   4.7942879e-01   1.2414073e-01   3.5521634e-01   7.7237497e-02  -1.2224517e-01  -1.6377745e-01  -2.8029781e-01   1.4164935e-01   4.1368957e-01   2.2907539e-02   3.7629751e-01  -8.1611650e-02  -5.0562100e-03   1.7974297e-01   5.9588912e-02  -1.6829155e-01   3.0975358e-01  -5.0350401e-02  -2.6237441e-01   1.6271663e-01   2.5060923e-01   2.6745229e-01   1.7708266e-01   1.9225172e-01   5.2345800e-02   1.7169839e-01   1.2324786e-01   1.6915622e-01   3.0409423e-01  -4.1172476e-02   2.9062835e-01  -3.4382974e-01   2.1873323e-02   2.8122095e-02  -1.4873026e-01  -1.9093896e-01   1.4480557e-02  -2.8858194e-01   4.8862811e-02  -2.2727412e-02  -1.9541139e-01  -1.7488379e-01  -3.1285813e-01   1.3436199e-01   9.3313906e-02  -6.1892329e-02   2.9632905e-02  -1.1207033e-01  -1.5056110e-01  -3.8769628e-01  -2.7593787e-01  -1.9944735e-01  -1.0944952e-01   6.1889023e-01  -2.1306080e-01   3.3585737e-01  -1.4808878e-01   2.1979207e-01  -1.0194731e-01   1.6008066e-01   2.0513507e-01   2.1364936e-01  -3.8816710e-02  -4.2724636e-01  -3.8012423e-01  -1.8138157e-02   6.9151071e-03   3.9295166e-01   4.9954371e-02   1.4209552e-01  -7.3529628e-02   3.8341731e-01   9.4761156e-02  -1.4726036e-01  -1.9922044e-02  -2.4140067e-01  -8.8124921e-02  -3.0645254e-01  -9.2199615e-02   1.5549568e-01  -5.6548947e-01   4.9481579e-02  -3.0467978e-01  -1.8469261e-01   2.9539280e-01  -1.2335003e-02  -4.1715249e-01   1.6290160e-01   1.3417003e-01  -2.8181903e-01  -2.2714116e-01   4.7670658e-01   3.6141730e-01   7.0295712e-05  -1.8325169e-01  -9.7012311e-02   2.1256511e-01  -1.1395113e-01   1.1007626e-03   6.8539292e-02   2.1075887e-01  -1.4807196e-01   1.0978739e-02   2.7184369e-01   5.8577191e-02  -5.2265230e-01  -1.3560257e-01   3.3806618e-01   2.9237236e-01  -1.8217031e-02   6.1780796e-02   5.3452807e-02   4.8167465e-02   1.8641532e-01  -1.3905636e-01
   2.5975421e-01   2.0697175e-01   0.0000000e+00  -1.8603647e-01   3.7479933e-01  -2.4002023e-01  -1.3899169e-01   1.5858086e-01   1.7824929e-01   1.8502640e-01  -1.6881767e-01   3.7211283e-01   1.2695143e-01  -7.6447824e-03  -1.7304750e-01   1.8157058e-01   9.0343755e-01  -6.0444365e-02  -2.0711508e-01   3.0195738e-01  -5.4879953e-01  -5.0601058e-01  -3.0965971e-01   2.2167283e-01   3.9577213e-01  -1.5278578e-01  -1.8368984e-02  -3.4035550e-01   4.7592282e-02  -1.2940997e-01  -2.8198237e-02   6.1119293e-02   2.6085530e-01  -2.2030132e-01  -2.3073059e-01   3.4093954e-01  -3.9263134e-01   4.7774353e-02   1.0724929e-01   4.6431522e-01   1.6842959e-01   2.1782924e-01   5.0003067e-01  -3.1583500e-01   2.5929562e-01   1.3497334e-01  -1.4509809e-01   1.8647783e-03   2.0624576e-01   4.1000196e-01  -2.6315225e-01   6.6868685e-02   1.1980331e-01   2.2114551e-01  -6.2554091e-02  -8.7676549e-02  -1.0151322e-01  -2.0897275e-01   1.6739127e-01  -6.5046407e-02   4.1417305e-01   9.8009863e-02   5.6713027e-01  -1.7740518e-01  -1.0414419e-01  -1.5595265e-01  -2.4501724e-01  -2.5775104e-02  -3.3183956e-01   5.9376545e-01   5.2119924e-01  -3.1887366e-01   3.6589022e-01   2.4979672e-01   3.3237726e-01  -1.2613871e-01   1.4857180e-01  -3.4691253e-01   5.4619433e-01   3.6403387e-01  -3.8575170e-01   2.3674260e-01   1.9511674e-01   5.8527407e-02   8.3040340e-02  -2.3573293e-01  -1.8138694e-01  -5.3381128e-02   3.4624822e-01   1.3273314e-01   4.1910987e-01   4.4854705e-01   5.7917889e-01  -5.7775205e-02   2.2858562e-01   4.8212400e-01   1.8318392e-01  -1.6220900e-01   1.3599909e-01  -2.7094320e-01   2.8123029e-02  -1.3831249e-01  -5.1414898e-01  -1.4962360e-01  -6.1568223e-01  -5.3196414e-02   5.9899151e-01  -3.8269799e-01   4.6711916e-02  -2.7705943e-01   3.0959740e-01  -4.3406915e-01  -1.2226487e-01   2.2001362e-01  -7.6632622e-02   2.7554214e-01  -1.9410824e-01   3.1336929e-01   1.6992293e-01   9.7250522e-02  -2.9008319e-01   5.6993361e-01  -4.3396679e-02  -4.2379026e-02   6.1855951e-02  -2.2058636e-01   1.0580104e-01   2.4286819e-01  -2.0766490e-01   6.3903580e-01   1.7350990e-01   1.3427388e-01  -3.4854180e-02  -1.7923494e-01  -4.5510317e-01  -8.3011478e-02   1.6469954e-01  -3.5197769e-01  -9.0712049e-02  -1.4339951e-01   1.0057893e-01   1.0472435e-01  -2.1261891e-01   4.7939858e-01   8.7345244e-03  -1.5111038e-01   4.2476820e-01   2.1102222e-02   3.4774219e-01  -3.1665142e-01   2.2460224e-01  -1.6534927e-01   2.4280773e-01   2.6097602e-01   7.5592217e-01  -3.0209432e-03  -3.1884165e-01  -7.3010910e-02   5.1081110e-01  -1.1851751e-01  -2.3514778e-02   1.1939039e-01  -8.6030651e-02  -2.7116796e-01   7.5865915e-02   1.5597529e-01   1.2462972e-01  -1.3466188e-01   2.5414160e-01   3.2625157e-01   4.6198438e-01  -2.6301328e-01  -8.4191080e-02   3.0651360e-01  -2.7005177e-02   2.3154623e-01  -6.6124448e-03
  -3.6995820e-01   2.4464977e-01  -1.8603647e-01   0.0000000e+00  -2.3431696e-02   3.8913828e-01   2.2508720e-02   1.0836578e-01  -3.5721982e-02  -2.1249863e-01   2.4311654e-01   2.4913193e-01   1.5081069e-01   2.1952398e-01  -1.0144279e-01   2.5880771e-01  -1.3083433e-01   1.3570097e-01   2.8163041e-01   5.4982582e-03   2.5017377e-01   4.6188328e-01   1.2778935e-01  -1.2614834e-01  -2.1264306e-01   4.3757291e-01   4.0192593e-01   2.8514998e-01   2.0892341e-01   3.9547483e-01  -1.6198516e-01   1.0870747e-02   2.9419371e-02  -1.5538872e-01   1.1376827e-01   4.2325511e-02  -1.5479173e-01  -3.7595686e-01   5.4657360e-01  -5.3756952e-02   2.3498673e-01   1.3055124e-01  -6.0564323e-02   2.1284070e-01  -3.3700003e-02  -4.5881945e-02  -1.3267949e-01   4.8683320e-03  -1.4021605e-01   1.2920191e-01   1.9827074e-01   2.6308751e-01  -1.8876572e-01   3.4274548e-01   1.0464323e-01   1.6211029e-01   3.5345751e-01   4.4636087e-02   8.9305584e-02   5.2480382e-01  -7.4529660e-02   6.0700033e-02  -5.6788608e-02  -1.0632646e-01  -3.0654602e-01   7.0440069e-02   4.5387067e-01  -1.0047988e-02   1.9675579e-01  -1.9998482e-01  -3.7429276e-01   4.6760735e-01   2.1890884e-02   2.4203363e-01  -5.3588014e-02  -1.7006701e-01   1.7082154e-01   1.9811185e-01  -1.8666346e-01   5.9816289e-02   1.1618719e-01   1.5181586e-01  -1.7427647e-01   3.7682041e-01   5.4716477e-02   7.7346342e-02   2.6535841e-01   3.2599100e-01  -1.1097413e-01  -3.8433625e-02  -1.4797993e-01  -4.2207317e-02  -1.7992095e-01   1.6068314e-01  -3.4285408e-01  -2.4743391e-01   1.7475707e-01   2.5940901e-01   2.3235994e-01  -5.3095782e-02   4.3465335e-02  -6.7909649e-02   5.6045249e-01   4.1746594e-01   1.1827312e-01   5.7604697e-01   1.3290855e-02   3.6513961e-01  -1.8970520e-01   1.3343240e-01  -2.1360792e-01   3.0437712e-01   1.7498721e-01  -1.0484372e-01   1.2675661e-01  -1.1411043e-02   1.6114418e-01   3.0296594e-01  -9.7962559e-03   1.8625562e-01  -1.1743164e-01  -1.3865339e-01   3.9475226e-01  -3.1546232e-01  -3.0056023e-02   5.8576572e-02   2.2870569e-01  -1.0082632e-01   2.8699064e-01  -1.7268116e-01   1.9151520e-01  -6.0804124e-03   3.0096997e-02   2.8214198e-01   4.5594040e-01  -3.1596088e-01   1.3384277e-01  -5.2527052e-02  -1.4612738e-01  -3.4095695e-01  -2.4276615e-01   2.8967334e-01  -5.1792237e-02   2.3120954e-01  -3.8780688e-01   1.0852214e-01  -8.8807707e-02  -3.2441214e-01  -1.5346401e-01  -1.1819926e-02  -3.2921908e-03   3.2662663e-01  -3.0737590e-01  -5.3945551e-03  -1.7953280e-01  -3.3141805e-01   7.2546052e-02   3.9769679e-01   1.8233107e-01   1.7485922e-01  -2.5612842e-03  -1.1476457e-01  -3.1854769e-03   3.9062787e-01   4.1390950e-01  -1.0580027e-01   1.5557558e-01  -1.5017717e-01  -1.7118747e-02  -1.6176421e-01  -1.3066219e-01  -1.2840900e-02   4.2144390e-02   1.1691749e-01   1.0402796e-01   8.1189080e-02   4.5144207e-01
  -1.6183623e-02   2.0902097e-01   3.7479933e-01  -2.3431696e-02   0.0000000e+00  -2.0514531e-01  -3.6394042e-01   2.0972981e-01   2.8653324e-01   5.1842737e-01  -1.5351982e-01   1.9717215e-01   6.1320761e-01  -2.5113343e-01   7.9843469e-02   4.2226494e-01   4.1180965e-01   1.2115956e-01  -3.6077478e-01   8.4155435e-01   7.5928190e-02  -4.2839311e-01  -9.2015177e-02  -9.9981889e-03  -2.3708703e-01  -5.1243061e-02   1.3831257e-01  -5.9927136e-01  -1.2629825e-01  -3.6195473e-01   1.0496422e-01  -8.2501380e-02  -5.2215275e-01   3.0223731e-02  -8.0181029e-02   7.7329306e-01   1.3136706e-01  -3.8159755e-02   2.6265809e-01   2.0813753e-01   5.8923588e-01  -2.3170068e-01   7.4580538e-01  -4.0542617e-01   4.7993391e-01  -2.1175562e-01   4.7323119e-02  -6.3236895e-02   6.7491595e-01  -1.5236229e-01   2.1549650e-01  -2.4783607e-01   4.6088070e-01   5.4291569e-02  -2.1930102e-01  -3.6525987e-01  -3.4319919e-01   1.1959323e-02  -1.3211715e-01  -3.0435747e-01  -1.2655614e-01   4.9643141e-01   6.6347553e-01  -6.2569349e-02   3.2127601e-01   1.1323977e-01  -1.8127348e-01   9.6317802e-02  -4.1263610e-01   2.5596137e-02   3.1452106e-01  -1.0047517e-01   6.1784289e-01  -3.0866243e-01   5.0067359e-01   6.9473619e-02  -3.7351548e-01  -5.7617673e-01   8.2813352e-01   3.6940997e-01  -4.7176906e-01   5.8378074e-01   3.5787940e-01  -2.7541097e-01  -1.7888853e-01  -1.1415497e-01  -1.8936164e-01   3.6490526e-02   5.4410063e-01  -2.6858633e-01   7.5153431e-01  -7.0711688e-02   7.6735426e-01  -3.1914536e-01   9.2260931e-03   7.5730541e-01   1.5250700e-02  -4.2415279e-01   1.7524074e-01   1.0147219e-01  -2.0615928e-01   1.2847299e-01  -4.0237035e-01  -3.4496531e-01  -3.2547863e-01  -2.3045141e-01   1.2193122e-01  -5.2632467e-01   5.5487951e-01   2.2145006e-01   4.0370316e-01  -4.9719125e-01   1.5844121e-01  -1.5004611e-01  -2.3029429e-01   6.5626971e-01  -3.1655921e-01   6.2244340e-01  -1.1467435e-01   5.1534824e-01  -5.0365795e-01   8.0078752e-01  -1.4198120e-01   2.1588384e-01  -4.5656540e-01  -3.6679983e-01   1.2228850e-01  -4.0477456e-01  -2.6036841e-02   2.9615000e-01   6.0158011e-01   5.7892214e-01  -2.8305019e-01   4.9290039e-02  -9.3239091e-02   1.7384857e-03   1.9761786e-01  -3.8249472e-01   5.7869133e-02  -2.1751042e-01  -2.6588993e-01   5.8184649e-01  -3.2817370e-01   9.7028129e-02  -3.1148765e-02  -2.7852853e-01   4.8135732e-03   4.1580148e-01   1.4982976e-01   2.5259673e-01  -1.2951495e-01  -3.3617972e-01  -1.9281904e-01   6.3181800e-01   5.0502799e-01  -1.6868100e-01  -5.5522465e-01  -2.2443299e-01  -1.0184441e-01  -2.9471840e-01   4.5832020e-01  -3.8652973e-01   4.3959962e-01  -2.5536778e-01  -1.2782972e-01   5.8266711e-01   3.8286797e-01  -3.1289690e-01  -1.3784197e-01   7.8190752e-01   7.3806953e-01  -9.9151842e-02   3.6305759e-01   1.8924630e-01  -2.1764234e-01   3.5366469e-01  -1.6955916e-01
  -2.5228711e-01  -1.6696690e-01  -2.4002023e-01   3.8913828e-01  -2.0514531e-01   0.0000000e+00   1.9395670e-01   1.3237336e-01  -2.6991194e-02  -2.9962253e-01   4.1355262e-01   6.7561530e-02  -7.8990587e-02   2.8092804e-01   1.3546855e-01  -1.3032339e-02  -2.8809359e-01   2.3507517e-01   1.9741051e-01  -2.0887662e-01   3.9627183e-01   3.8925434e-01   4.2896981e-01  -2.8374575e-01  -4.1314223e-02   1.9430297e-01   2.8609625e-01   3.9340577e-01  -1.6872623e-02   3.1898766e-01  -2.8434600e-01  -2.1543246e-01   4.1069565e-02   3.0230674e-01   2.9954605e-01   1.0988202e-01   4.3046913e-02  -1.3922299e-01   3.2477970e-02  -9.3244242e-02   9.5719590e-02  -1.3482458e-01  -1.4782482e-01   3.3318286e-01  -3.3080381e-02   8.8903166e-02   4.8968484e-01  -1.9778659e-02  -3.5874143e-01  -8.7590315e-02   5.2962518e-01   7.7856879e-02  -2.1053928e-01  -5.7484542e-02   2.9956024e-01   6.1957877e-01   5.9771703e-01  -1.7356158e-01   1.1813861e-01   5.0821068e-01   7.6432562e-03   1.1898564e-01  -4.6854057e-01  -3.4486241e-01  -3.7074741e-01   3.0351457e-01   7.7311396e-01  -1.4377999e-01   5.0055587e-01  -2.3500050e-02  -3.0997996e-01   3.7568228e-01  -1.1340944e-01   3.9851590e-01  -3.1763780e-01  -1.0131175e-01   9.4721299e-02   6.8907828e-02  -3.7836850e-01  -3.2786403e-01   6.2035626e-01  -1.3517663e-02   1.4635719e-01   1.7816157e-01   1.1891921e-01   1.4583627e-02   3.6790595e-01   1.6454620e-01  -2.3925496e-01  -1.1949561e-01  -3.4129120e-01  -8.0243358e-02  -2.4770975e-01   4.8024315e-01  -2.5254553e-01  -3.5832538e-01   1.7192802e-02   7.3875313e-02   6.2338062e-02   1.4388853e-01   2.5956602e-01   1.6254689e-01   5.8068840e-01   4.7776214e-01   5.8065495e-02   2.2204491e-01  -8.7944416e-03   4.0464924e-01  -1.7503243e-01   3.3203949e-01   3.7475872e-02   2.6876351e-01   5.7752704e-02  -1.3686497e-01   5.4138093e-01  -3.2944204e-01   1.1035782e-01   3.8841227e-02   4.9830905e-01  -1.2480893e-01  -4.1678731e-02  -3.7417634e-01  -4.1210667e-02  -3.0432633e-01   3.6646914e-02   3.9028321e-01   1.1515492e-01  -1.2852660e-01   1.0456749e-01  -2.7845426e-03  -1.6498528e-01   6.2392290e-02   3.3913728e-01   2.2876252e-01   2.0347212e-01  -1.1117853e-01  -1.7273532e-01   3.4878949e-01  -6.3880880e-02  -2.3267487e-01  -1.0869261e-01  -8.4956965e-02   1.6408005e-01   4.1568629e-01  -1.1326062e-01   1.0134659e-01  -3.2181807e-01   1.2213183e-01   1.3718089e-01   9.1825978e-02   1.0755621e-01   5.3913766e-01  -5.8913973e-02  -1.1194784e-01  -2.2204352e-01  -3.2413570e-01  -4.7009510e-02   3.9342315e-01   2.4733214e-02   3.0307240e-01  -6.4200058e-03   9.2812131e-02   1.0447680e-01   2.5950473e-01   4.5647482e-02  -4.7802069e-01   1.4402812e-01   4.2989747e-01   9.5567264e-02  -3.3330824e-01  -4.8567141e-01  -1.9279955e-01   1.8962267e-01   5.3634212e-01  -1.3528249e-02  -1.0917114e-01   1.7721656e-01
  -1.5088293e-01  -9.2576556e-02  -1.3899169e-01   2.2508720e-02  -3.6394042e-01   1.9395670e-01   0.0000000e+00  -2.0642078e-01  -1.5412327e-01   6.7899538e-02   1.5274889e-02   2.2385973e-01  -2.1273139e-01   1.6952152e-01   4.2372276e-01  -1.0535590e-01  -2.3165841e-01   4.4060710e-01   3.8801740e-01  -1.6712539e-01   2.1159612e-01   3.6248237e-01   5.5723608e-01  -1.2239060e-01   3.6328883e-01  -2.3161325e-02  -4.1438883e-03   1.6502466e-01   2.4004915e-02   4.0996912e-01   2.0834001e-01   2.5016037e-01   2.4860122e-01   5.6316746e-01   1.0609081e-01  -3.2656847e-01   1.6729845e-01  -1.9267018e-01  -2.3411455e-01   4.9795442e-01  -3.2532140e-01   1.5474117e-01  -3.9063724e-01  -6.6272812e-02  -1.0339476e-01   1.7048938e-01  -2.8667944e-02   5.8953552e-01  -3.4093559e-01   3.5093857e-01  -1.1470938e-01   2.3216714e-01  -3.3948389e-01  -1.5848491e-01   2.5673666e-01   2.0310292e-01  -3.1914182e-02  -2.8394604e-01   2.0407215e-01   2.3413869e-01   3.7443410e-01  -4.4398762e-01  -5.4053689e-01  -2.8247764e-01   4.7774204e-02   5.6641971e-01   2.3076167e-01   9.7181988e-02   3.6870156e-01   2.3601346e-01  -1.7588171e-01   2.8000638e-01  -1.6537498e-01   2.4825082e-02  -4.0877107e-01  -4.2524004e-02   2.7228816e-01   2.2810239e-02  -2.1892607e-01  -3.5702769e-01   3.2835932e-01  -2.7279600e-01  -1.9205404e-01   8.5256507e-02  -5.0109312e-02  -1.2596808e-01   3.8791590e-01  -1.7891076e-01  -3.8744338e-01  -1.0944095e-01  -2.9784672e-01   2.3013333e-01  -2.4465810e-01   3.6335964e-01  -1.7339327e-01  -1.5964521e-01   2.6879562e-01   2.2892347e-01   2.5673718e-01   4.5363192e-01   3.9259988e-03   8.8694335e-02   3.4639141e-01   3.3135280e-01   1.0515700e-01   2.7635648e-01  -7.8656560e-02   2.6287053e-01  -4.1563295e-01  -1.0450971e-01   1.2535167e-01   2.7936249e-01   2.9051678e-01   9.8111370e-02   3.8629066e-01  -1.7262907e-01  -1.5005062e-01  -2.5158982e-01   1.3348710e-01  -2.1445371e-02   5.1275743e-02  -4.0294940e-01   2.0597808e-01   2.3544860e-01   1.2681363e-01   4.0361097e-01   3.4096511e-02  -1.2535296e-01   1.5313711e-01   4.4476323e-03  -3.4057211e-01   1.1859285e-01  -8.5882781e-02   5.2159829e-02  -4.9147106e-02  -2.8479529e-01  -4.8570135e-02   4.3649050e-01  -2.6559883e-01  -3.1276784e-01   1.8256170e-02  -1.5284893e-02  -7.9456289e-02  -5.0832798e-02   5.8701379e-01   1.6150521e-01   4.9417567e-01  -3.1899084e-01   2.5326353e-01   2.1694052e-01   3.2777068e-03   4.5017406e-01   7.3922237e-02  -3.8982648e-01  -6.5624564e-02  -3.2240350e-01  -1.0007397e-02   8.9404259e-02   2.3627951e-01   4.1129339e-01  -1.1319368e-01  -2.0580984e-01   6.7677756e-03   4.4924945e-01   2.7867935e-01   1.7212453e-01  -4.7281874e-02   1.1223990e-01  -1.4871267e-01  -5.7133646e-01  -3.8049727e-01  -3.4033815e-01   5.8132591e-02  -6.7060553e-02   3.2164723e-01  -3.2381069e-01   2.0795264e-01
  -1.5647845e-01  -1.4501982e-01   1.5858086e-01   1.0836578e-01   2.0972981e-01   1.3237336e-01  -2.0642078e-01   0.0000000e+00   2.0668963e-01   9.2424272e-02   6.5443457e-02  -1.9522740e-01   1.5244547e-01  -2.6512395e-01   2.4523368e-01   4.7322140e-01  -1.4743674e-02  -2.3535772e-01  -4.2913755e-02  -9.5816530e-02  -2.4118941e-01  -1.2904283e-01   3.4772226e-02  -2.3569347e-01  -9.9357716e-02   3.2485889e-01   2.8567776e-01   8.6709439e-02   3.4089075e-01   1.1974835e-01   7.9760480e-02   1.7260442e-01  -3.1017866e-01   1.4529517e-01   2.8916293e-01   1.8943999e-01  -9.5909949e-02  -6.8494503e-03   3.9708009e-01   7.7129564e-02   4.3495482e-01   1.1738777e-01   2.1816124e-01  -1.2355999e-01   5.8196682e-01  -1.3943854e-01   3.4619603e-01  -1.5100392e-01   1.5152040e-01  -1.9178840e-02   5.6385924e-01  -1.0392108e-01   3.1145767e-02   9.2536244e-02  -6.4236811e-01   1.8710910e-01   3.2062713e-01   4.6220797e-01   4.6536340e-01   1.2237820e-01  -1.7230114e-01   5.7191948e-01   2.2466318e-01   1.4075051e-01   3.9228514e-02  -1.7387234e-01   6.6684018e-02   3.2528991e-01   5.3095361e-02  -2.1909275e-02  -2.3301333e-02  -3.6951524e-02   3.9694056e-01   3.6863576e-02   2.9602451e-01  -5.3578599e-02  -1.4225006e-01  -2.4501478e-01  -2.8358746e-02   3.4491142e-01  -1.0020307e-01   4.5954793e-01   9.8752626e-02   3.9165506e-01  -2.7751716e-02  -2.8939105e-01  -3.5800719e-01  -5.5379505e-02   1.6503322e-01  -6.8448971e-02   7.3207060e-02   1.9537811e-01   6.9137972e-02   1.5303669e-01  -1.7027023e-01  -3.1404127e-03   3.4316435e-01   3.2182873e-01   6.4210890e-02  -3.4870521e-02   7.6728257e-02   4.4495345e-01  -9.0420463e-02  -6.4022486e-02   2.2961229e-01   1.5638040e-01  -1.9292791e-01   4.2614969e-02   3.9950307e-01  -1.5882675e-01   4.6252250e-01  -1.3993393e-02  -1.1695610e-01   1.7242827e-01  -5.8605682e-02  -2.1906474e-01   3.7143611e-01   2.3082119e-01   3.8449960e-02   1.5448299e-01  -1.3041795e-01   2.2367933e-01  -8.0320672e-02  -2.3434291e-01  -1.9275274e-02   2.2201785e-02   4.2403401e-01  -1.3561055e-01   3.3022713e-02  -1.6745758e-02   4.0158040e-01   1.2533468e-01   1.6001207e-01  -3.9000483e-01  -2.2782150e-02   3.8299151e-01   2.0842651e-01   2.5239236e-01   4.8474211e-01  -3.0563171e-01  -3.8298369e-01   8.5691912e-03   4.1806817e-01   7.2820982e-02   2.0510101e-01  -6.1274428e-02  -1.0731979e-01   1.2621706e-01   1.8927325e-01  -1.5489138e-01  -1.7082515e-02   1.3720509e-01   1.1430272e-01   2.3249980e-01   7.2348139e-03  -3.7897620e-01  -1.5849754e-01   5.1058781e-01  -2.0450611e-02  -2.0758704e-01   2.5475415e-01   2.6944498e-01  -4.6125433e-02  -2.1726580e-01   1.7026436e-01   5.4786015e-02   4.8188902e-01   1.1924995e-01  -3.3396830e-02   1.8905640e-01   1.6119324e-01  -2.5928250e-01   2.3418660e-02   1.1830381e-01   9.0293755e-02   3.5410287e-02   3.6106160e-01
  -2.5823379e-01   3.9535766e-01   1.7824929e-01  -3.5721982e-02   2.8653324e-01  -2.6991194e-02  -1.5412327e-01   2.0668963e-01   0.0000000e+00   5.2472759e-03   2.6542707e-01   1.9484159e-01   3.4944546e-01  -1.8992480e-01   6.6581232e-02   5.2542303e-01   1.8913862e-01   1.6225442e-01   5.0533769e-03   7.4387376e-02   8.7428599e-02  -1.4128496e-01  -1.2816529e-01   2.4912048e-04  -3.3164636e-01   1.5397484e-01   1.6036387e-01  -2.0609038e-01  -1.3197913e-02   2.1431721e-01   4.0973949e-01  -9.5656983e-02  -3.7189433e-01   9.5638782e-02  -1.1902877e-01   1.4792651e-01   1.5854482e-01   1.0039192e-01   3.9470498e-01   2.5812347e-03   1.3943050e-01  -2.6322746e-01   3.8734455e-01   7.6134228e-02   1.0285996e-01  -4.6527108e-02   3.2851025e-02   3.9439275e-01   1.1537650e-01  -9.8018285e-02   2.0550225e-01   5.5519048e-02   4.5972198e-01  -8.3023256e-02  -1.3364467e-01  -1.1036953e-01  -1.5444484e-01  -1.3054101e-01   7.6149709e-02  -1.0249237e-01  -2.6683123e-02   1.0271313e-01   4.5993474e-01   3.9095867e-01   4.9468565e-01   8.2117450e-02   3.5937526e-03  -8.6838709e-03   2.7858308e-02   7.2708012e-02   2.8597601e-01  -5.3114943e-02   5.1380211e-01  -1.9464553e-01   1.6816165e-01   1.2871900e-01  -1.7813967e-01  -3.1368044e-01   2.6239249e-01  -4.5124559e-02  -8.4012139e-02   3.6743979e-01   3.6280841e-01   1.8887317e-01  -6.7524335e-02   1.3611430e-02  -3.1045775e-02  -4.2209391e-02   1.9283912e-01  -1.2947347e-01   2.3817749e-01  -2.7059932e-02   3.1115952e-01  -4.5836616e-02  -8.8142459e-02  -6.2711488e-02  -1.7387272e-01  -1.6482129e-01  -2.2932864e-02  -1.9005737e-01  -9.7334336e-03   1.1900779e-01  -1.6350773e-01   8.7871592e-02  -4.8948546e-02  -8.5253548e-02  -3.8569746e-02  -1.4254269e-01   1.6823490e-02   1.2269160e-01   5.6158218e-02  -1.7914948e-01  -5.6162711e-02  -1.6300288e-01  -1.5701347e-01   4.3411059e-01  -1.5245204e-03   2.8020804e-01   7.7849843e-02   1.7001250e-01  -6.8296184e-02   1.0815824e-01   1.8360685e-01   3.6968368e-01  -2.4042079e-01  -2.8890995e-01  -5.1120776e-02  -2.8047982e-01  -5.2444496e-02   2.3500129e-01   5.0084442e-01   2.1507821e-01  -6.1123098e-02   2.1260113e-01   1.5660054e-01  -8.9712370e-02   4.8063575e-02   2.0491197e-01  -1.2167340e-01  -2.9660103e-01  -3.2338093e-01   2.2718011e-01  -8.8801304e-02   1.2766384e-01  -3.6483642e-03   1.7280507e-01  -1.2143384e-01   3.6365074e-01  -4.0073769e-02   2.6136576e-01  -7.6396032e-02  -4.2803349e-02  -9.3495938e-02   5.0855515e-01   1.9875921e-01  -3.2901976e-02  -2.4296690e-01   3.0427889e-02  -1.3804423e-02  -5.2540487e-02   2.9430559e-01   1.5920103e-01   3.3745001e-01   6.5590240e-02  -7.3443327e-02   9.5466706e-02   1.9833894e-01   6.2588649e-02  -1.8794375e-01   2.9535862e-01   1.6075587e-01  -1.8883681e-02   1.7879941e-01   2.9078608e-01  -1.3730496e-01   2.5620294e-01  -1.5216786e-01
   5.7304347e-02   2.4075777e-01   1.8502640e-01  -2.1249863e-01   5.1842737e-01  -2.9962253e-01   6.7899538e-02   9.2424272e-02   5.2472759e-03   0.0000000e+00  -1.0746975e-01  -1.7118070e-02   4.4122281e-01  -2.2597321e-01   2.6493622e-01   2.0180917e-01   1.8331936e-01   3.1564278e-02  -2.1652292e-01   5.6596359e-01   1.0583719e-02  -3.2706031e-01   2.8686834e-01   1.7455194e-02  -2.1288854e-02  -1.3285052e-01   7.4681392e-02  -3.9839590e-01   1.1511537e-02  -4.1349753e-01   2.0429349e-01   1.8335236e-01  -2.4396036e-01   3.0745779e-01  -2.6944329e-01   3.4833985e-01   4.7743192e-01   4.8818442e-02   1.1841058e-01   4.1762929e-01   4.2116263e-01  -2.4364451e-01   2.4952308e-01  -3.0012984e-01   2.8246733e-01   1.0892399e-02   3.7206269e-02   2.2792676e-01   3.8233670e-01  -1.0685251e-01   1.5718803e-01  -2.7032044e-01   2.2537144e-01  -2.5279624e-01  -2.9165833e-01  -1.6853505e-01  -5.9696110e-01   4.6202325e-03  -1.6110071e-01  -4.7437889e-01   1.5841410e-01   3.5066776e-01   2.0989124e-01   3.7069048e-02   2.7838150e-01   5.0381427e-01  -1.8223898e-01   2.6206031e-01  -3.7371762e-01   3.5958373e-01   3.1539884e-01  -8.5601559e-03   3.8428539e-01  -1.7064402e-01   3.2635245e-01   5.2598507e-02  -9.9835929e-02  -3.9781187e-01   4.5902377e-01   8.8612794e-02  -2.7950624e-01   3.5518828e-01   3.6288193e-01  -1.3503164e-01   2.6574523e-02  -1.4945424e-01  -1.1259957e-01  -2.8566452e-02   1.3959385e-01  -1.1120000e-01   3.2768891e-01   1.0048197e-01   4.5671208e-01  -3.5710617e-01   1.4826049e-01   6.1738802e-01   1.6137277e-01  -3.5721302e-01   2.1276857e-01   3.5151716e-01  -8.6658858e-03   4.1403142e-01  -3.5308460e-01  -3.4490810e-01  -2.1461579e-01  -1.5875188e-01  -1.4846421e-01  -4.6045439e-01   4.8755328e-01  -6.1386134e-04   5.9171752e-01  -4.9493924e-01   1.0611921e-02  -1.8812938e-03   7.6905065e-02   3.7254388e-01  -4.3940690e-01   3.9072105e-01  -8.5612138e-02   4.0735228e-01  -1.3950763e-01   3.1782792e-01  -1.7339697e-01   2.0174814e-01  -2.2307579e-01  -3.9011071e-01  -2.6828092e-01  -3.5358128e-01   7.1006275e-03   4.0214278e-01   1.6793433e-01   5.3498459e-01  -2.5438786e-01   4.3285161e-02  -1.1895582e-01   8.4112217e-02   1.9399954e-01  -8.4539042e-03   1.7157471e-01  -2.2296455e-01  -2.0233041e-01   2.5742259e-01  -4.0232186e-01  -1.1513415e-01   2.8932672e-01  -3.5149779e-01   4.3021556e-01   1.0215572e-01  -1.2030874e-01   4.3885652e-01   9.1944361e-02  -2.3777823e-01  -1.5284542e-02   3.7837221e-01   2.9838920e-01  -5.5018730e-02  -3.3718364e-01  -2.7719297e-01   1.1619455e-01  -3.1580991e-01   2.6900879e-01  -4.6999058e-01   5.4963038e-01  -3.0513159e-01  -1.7777406e-01   6.1248977e-01   3.9653761e-01  -2.6032912e-01  -1.4342315e-01   3.8134576e-01   3.1611096e-01  -2.7913082e-01   2.8789766e-01  -1.2090128e-01  -1.4052537e-01   2.0687180e-01  -2.7348933e-01
  -4.3994547e-01   1.1861498e-01  -1.6881767e-01   2.4311654e-01  -1.5351982e-01   4.1355262e-01   1.5274889e-02   6.5443457e-02   2.6542707e-01  -1.0746975e-01   0.0000000e+00  -7.8312421e-02   2.6004050e-01   1.6454089e-01   4.7221006e-02   1.9124554e-01  -2.4147233e-01   3.7322311e-01   7.4794365e-02  -1.8975616e-01   3.5310276e-01   2.5640032e-01   1.0003654e-01  -2.6294735e-01  -2.1392774e-01   4.0620749e-02   2.9436217e-01   2.4237126e-01   1.8491481e-01   3.3233840e-01   3.5231368e-01  -6.4625441e-02  -1.0912288e-01   1.9430758e-01   2.7864823e-02   3.3315654e-02   2.5297656e-01  -2.9714133e-02   2.4765216e-01  -1.1317336e-01   1.7304627e-01  -3.1989105e-01  -1.6955699e-01   6.4088736e-01  -2.5269766e-01  -3.2517671e-02   5.5118839e-01   2.5439506e-01   1.7431774e-02  -2.1512863e-01   4.0503685e-01  -9.6328773e-02   9.9235720e-02  -1.9391324e-01  -2.9606081e-02   4.6409875e-01   2.7418630e-01   6.1295232e-04   1.4393492e-01   1.1008770e-01   6.1374776e-03  -1.1888735e-01  -2.2340486e-01   3.8156008e-01   1.1389510e-01   2.5133002e-01   4.1083359e-01   5.1314347e-02   4.1825868e-01   1.9704362e-02  -5.7612580e-02   2.9827305e-01   2.4380982e-01   1.2416595e-01  -7.9098831e-02   3.8207446e-02  -6.3676792e-02   1.0667733e-01  -2.9495989e-01  -1.6790401e-01   3.5610916e-01   2.1127327e-01   2.6457642e-01   2.2182056e-01  -3.8952482e-02   2.3715378e-01   2.8379140e-01   5.2573878e-02  -3.2953754e-01  -1.6219436e-01  -1.2115089e-01  -7.9127472e-02  -1.1284699e-01   2.8175519e-01  -2.5704864e-01  -2.5800785e-01  -4.0480651e-02   5.3607603e-02   1.5167661e-01  -2.3217909e-01   2.7281501e-01   2.9498201e-01   4.7097572e-01   3.4538430e-01   9.5051830e-02   1.3039040e-01  -1.7639744e-01   2.4726491e-01  -2.5766005e-01   3.8146548e-01   2.0044151e-02   1.3618403e-01  -2.1346704e-02  -2.7119345e-01   3.5622592e-01  -5.2280273e-02   3.1322930e-01   2.0546770e-01   4.0327478e-01  -8.7801858e-02  -5.2373365e-02  -3.2079672e-01  -6.2512077e-02   1.4068664e-01  -1.9975919e-01   1.7848689e-01  -1.1396131e-01  -1.2284330e-01  -6.7749289e-02   7.1516392e-02   5.7018887e-02   1.6845833e-01  -2.9114650e-02   4.0443906e-01   2.9499521e-01   3.6379567e-02   6.6161468e-02   5.0874281e-01   1.8854566e-02  -3.2123539e-01  -2.0745189e-01  -4.8628237e-02   2.8905517e-01   8.3412655e-02  -9.9978815e-02   4.7779833e-01  -2.2597147e-01   2.6788851e-01  -1.6829192e-01   2.9567987e-01   8.1668535e-02   5.9398902e-01  -4.1585295e-03   2.0411035e-01  -3.0499317e-01  -2.1882209e-01  -1.2447612e-01   3.4507211e-01   2.1422131e-03   2.5343894e-01   9.6080669e-02   3.4324396e-01   3.9225588e-01   4.0596104e-01  -1.0879306e-01  -2.2421721e-01   5.0266360e-01   3.1323550e-01  -2.1434840e-02  -2.2615711e-01  -4.4452375e-01  -2.5901060e-01   2.0371593e-01   2.5138733e-01  -3.2734200e-03   1.1683490e-01  -1.3003813e-01
  -2.5674073e-02   4.3183769e-01   3.7211283e-01   2.4913193e-01   1.9717215e-01   6.7561530e-02   2.2385973e-01  -1.9522740e-01   1.9484159e-01  -1.7118070e-02  -7.8312421e-02   0.0000000e+00   1.1182685e-01  -1.2958675e-01   1.4397608e-01   1.8678789e-01   3.7607670e-01   2.9865146e-01   1.6855060e-01   2.8650896e-01  -1.1496254e-01  -3.5440762e-02  -7.9864456e-02   6.2738021e-02   1.5530400e-01  -1.2790826e-02   1.8290855e-01  -1.3471641e-01  -8.5728299e-02   1.5107999e-01  -1.0622131e-01  -1.6764882e-02   7.7356100e-02  -6.3518421e-02  -1.2073449e-01   1.0256054e-01  -1.1402915e-01  -2.4624496e-01   5.9892180e-02   2.0753933e-01   1.5711185e-01   4.8532162e-02   3.8652084e-01  -2.0608585e-01   1.6289097e-01   9.5881780e-02  -2.3184636e-01   1.8931668e-01   1.9104700e-02   2.5611366e-01  -2.0885739e-01   1.3902419e-01  -8.0321312e-03   4.5076977e-02   1.2985107e-01  -8.1747950e-02  -4.7283227e-02  -4.6047642e-01  -7.9775130e-02   2.5934067e-01   2.1836230e-01  -7.9848285e-02   2.9305652e-01  -2.9803449e-01   7.8103511e-02   6.5239160e-02   9.1944731e-04  -2.0643911e-01   1.4588270e-02   1.6675827e-01   1.1911149e-01   1.8353820e-01   2.1664593e-01  -4.2953132e-02  -9.2615909e-04  -6.9497876e-02   5.3276275e-02  -1.0475619e-01   2.8906264e-01  -8.0596341e-02  -1.5935548e-01   4.6388815e-02  -5.5783930e-02   2.3532089e-01   7.8075556e-02  -3.1923903e-02  -1.5417519e-01  -2.2755044e-03   1.4459355e-02  -1.4980560e-03   2.0300672e-01   8.6505145e-02   4.6329798e-01   1.3605066e-01  -9.2123210e-02   1.0029026e-01   9.7665420e-02  -7.5888276e-02   2.0806168e-01   9.2922330e-02  -2.0018866e-01  -5.3496851e-02  -9.8613816e-02  -9.5779182e-02  -3.2394872e-01   2.0861125e-01   1.4873685e-01   4.7128641e-02  -1.6069937e-01   2.7343582e-02  -1.0821327e-01  -1.7536749e-01  -3.3766305e-03  -8.2041254e-02  -5.7123201e-02   3.6030131e-01  -1.6632109e-01   2.0214897e-01  -1.9022833e-01   1.3155096e-01  -2.9280212e-01   3.5098213e-01   3.9713665e-01   7.7181381e-02   4.1993215e-02   3.1462001e-02   1.8850670e-01  -1.2661455e-01  -7.9954050e-02   1.8583935e-01   7.0452326e-02  -1.5656093e-03  -2.9721094e-02   8.4961980e-02  -1.2547623e-01  -3.9481930e-01   9.3705743e-02  -3.9285103e-01  -2.6971927e-01  -2.6616736e-01   1.6089975e-02   3.0877274e-01  -3.4520844e-01   2.5461328e-01  -4.1552920e-02  -8.8123223e-02   4.0909889e-01  -1.3199356e-02   3.0685874e-01  -1.0658878e-01   4.4414687e-03  -1.1504258e-01  -1.4677256e-01   8.6952467e-02   4.0879118e-01  -1.5888553e-01  -2.2012032e-01   9.4677885e-02   2.9740863e-01   5.5741915e-02  -3.4694536e-02  -9.0552794e-02  -1.4045845e-02   1.9162385e-01   1.9092211e-01   1.8107288e-01  -1.3496986e-01  -5.0239365e-01  -9.3303553e-02   1.0466388e-01   3.4427340e-01  -8.0453462e-02   1.6847122e-01   9.7908004e-02   5.0034827e-02   3.7874748e-02   7.1393383e-02
  -7.9340030e-02   3.0296448e-01   1.2695143e-01   1.5081069e-01   6.1320761e-01  -7.8990587e-02  -2.1273139e-01   1.5244547e-01   3.4944546e-01   4.4122281e-01   2.6004050e-01   1.1182685e-01   0.0000000e+00  -7.4693776e-02   2.3775133e-01   5.2751187e-01   1.3932022e-01   1.4513984e-01  -1.9444729e-01   5.8698731e-01   2.2004312e-01  -1.0801125e-01   1.0812244e-02  -3.0461434e-02  -2.7281045e-01   1.5302082e-01   2.5981339e-01  -1.7632336e-01   7.6914636e-02  -8.6360488e-02   2.5725546e-01   1.9603226e-01  -4.7725719e-01   1.1752841e-01  -1.7535506e-01   4.7242276e-01   2.7654164e-01  -1.7808578e-03   4.4764630e-01   7.2167811e-02   7.0342946e-01  -2.9665691e-01   3.1398944e-01   4.1243676e-02   3.2781288e-01  -8.6911563e-02  -5.9387868e-04   9.1995553e-02   5.7630001e-01  -1.8098927e-01   3.3513505e-01  -9.9545825e-02   3.3980338e-01   7.5583607e-02  -2.7678785e-01  -1.5164562e-01  -3.2093748e-01   1.4458890e-02   2.6173824e-03  -2.3297989e-01  -5.2290635e-02   2.9845473e-01   4.2471258e-01   2.0613152e-01   3.2517495e-01   2.3212693e-01   6.4550679e-02   1.1670385e-01  -1.8915968e-01   3.8877136e-02  -1.4972794e-03   8.1983047e-02   6.8457999e-01  -1.4302890e-01   4.1873489e-01  -4.2839897e-02  -1.6120303e-01  -2.7113091e-01   4.1619054e-01   2.0715958e-01  -3.1759784e-01   7.6356846e-01   2.9574138e-01  -1.2721667e-02   7.7729373e-02  -4.4331587e-02  -5.5556420e-02   4.3783209e-02   2.3807865e-01  -1.1047628e-01   4.3007211e-01   3.7569049e-02   5.4044419e-01  -2.7112551e-01  -1.0369270e-01   4.3393989e-01  -5.8759706e-02  -1.9762830e-01   3.1681540e-01   1.3058430e-01  -6.8671776e-02   2.8572247e-01  -6.7278221e-02  -1.0159498e-01  -9.3561857e-02   5.1440509e-02  -1.5800770e-01  -2.0817197e-01   4.1202474e-01   1.9065168e-01   1.5648447e-01  -1.7025601e-01   9.5940294e-02  -1.0981306e-01  -4.1976735e-02   3.8900310e-01  -5.6231079e-02   6.1006770e-01  -9.4344503e-02   5.9354016e-01  -3.7324905e-01   3.9623404e-01   1.1547914e-01   2.8546747e-01  -3.0618226e-01  -1.9796211e-01  -9.8635359e-04  -3.9260671e-01  -1.6870141e-02   9.1200964e-02   6.7919705e-01   3.8098350e-01  -1.8243208e-01   2.0361961e-01   1.5788336e-01  -8.7372981e-02   3.1309558e-01  -2.2837035e-02   1.4098177e-01  -3.7636800e-01  -2.7200247e-01   6.4464269e-01  -1.4582906e-01  -5.4905514e-02   3.9415474e-03   7.6049909e-02   2.0132434e-02   3.7409174e-01  -2.0131763e-01   2.7859672e-01   3.3995811e-02  -1.2639888e-01  -1.8689066e-01   5.0953115e-01   1.1755515e-01  -1.7151126e-01  -2.3923349e-01   1.5022975e-01  -6.5086631e-02  -2.4148961e-01   5.3392724e-01  -1.2012853e-01   4.4314995e-01   3.1427356e-02  -2.0044061e-02   4.3183507e-01   3.9675959e-01  -1.9395587e-01  -1.0047794e-01   4.9067719e-01   4.0336390e-01  -9.9163755e-02   4.5135962e-01   2.1844038e-02  -9.5084919e-02   2.1419243e-01  -7.5611230e-02
   2.4002073e-01   8.6248077e-03  -7.6447824e-03   2.1952398e-01  -2.5113343e-01   2.8092804e-01   1.6952152e-01  -2.6512395e-01  -1.8992480e-01  -2.2597321e-01   1.6454089e-01  -1.2958675e-01  -7.4693776e-02   0.0000000e+00  -2.9864711e-01  -2.6473447e-01   3.8325861e-02   7.2067405e-03  -6.1694526e-02  -1.3863844e-01   2.0087638e-01   1.4083689e-01   1.8602896e-01   3.4078546e-01   9.3863859e-02  -6.6869671e-02  -9.2606321e-02   3.8847673e-01   5.3588523e-03   1.1703106e-01  -2.5002601e-01  -5.9515504e-02   2.3260125e-01  -1.3271134e-01  -2.2989359e-02  -2.1462797e-02  -3.3027601e-01   1.8960207e-01  -7.8874073e-02  -9.9770726e-02  -1.1749243e-01   1.0042807e-01  -2.7192255e-01   2.7864570e-01  -3.2493055e-01   3.6958927e-01  -2.0855583e-01  -5.8542262e-02  -1.9740988e-01   1.3556897e-01  -5.9305685e-02   5.6933281e-02  -1.9088392e-01   1.0675752e-01   5.1972812e-01   1.4381097e-01   1.5604449e-01  -1.8409852e-01   3.3764587e-02   9.5138399e-03   3.0291736e-01  -2.2502192e-01  -3.1423695e-01  -2.7145745e-01  -4.2576289e-01   1.4396433e-01   2.3042477e-01  -1.9024299e-01   1.8518526e-02   1.9271398e-01  -2.8825270e-01   2.6173748e-02  -2.5083087e-01   4.3712179e-01  -2.7496587e-01  -1.4415056e-01   4.3226057e-01   1.6969428e-01  -3.0421041e-01  -2.9439631e-02   3.4067730e-01  -2.0807177e-01  -7.4427766e-02  -7.8011881e-02   3.0729534e-01   7.5702770e-02   5.6578606e-01   4.0792975e-01  -1.3356504e-01   3.5996516e-01  -3.1273666e-01   1.4140577e-01  -3.1004219e-01   8.1662937e-03   2.8051943e-01  -1.9187092e-01  -2.3075995e-01  -8.4951703e-03  -1.5370805e-01  -7.8628695e-02   4.3420075e-01  -2.9214192e-01   3.4006774e-01   4.1553893e-01  -1.3803523e-01   8.4735198e-02   2.1725935e-01   5.4864909e-02  -3.0973507e-01   1.7887604e-01  -3.2021619e-01   1.7120184e-01   3.6831214e-03   3.5477878e-01   4.0011546e-01  -1.4328071e-01  -2.1410367e-01   3.8278045e-02   4.1853920e-01  -1.6528876e-01   2.2150605e-01  -3.4558419e-01  -1.4807035e-01  -2.6196180e-01   2.8963335e-01   2.0212900e-01  -1.2789949e-01   1.5386275e-01  -1.1497722e-01   1.0181744e-01  -2.9892129e-01  -1.0980135e-01   4.0651764e-01   3.2171525e-01   6.8792068e-02  -2.2467681e-01  -1.7075453e-01   1.0586591e-01  -3.3089241e-01   2.4935843e-01   5.0368425e-01   3.1055998e-02  -2.0364057e-01   2.3962292e-01  -2.9186333e-01   1.7028881e-02  -2.1426885e-01  -1.2630782e-01  -1.8194567e-01   5.4675092e-02   4.1717991e-01   1.9596818e-01   6.9725032e-02  -1.6415648e-01  -1.7238599e-01   2.4961628e-01   4.9809024e-01   5.1601460e-02   1.4590515e-01   2.5230063e-01  -8.0948191e-02  -2.8936424e-02  -1.3325474e-02   8.8064491e-02  -2.1637130e-02  -4.1667021e-01   1.4517875e-02   3.3214440e-01   5.5260556e-01  -3.8657651e-01  -4.2678435e-01   2.8146765e-02  -1.1583334e-01   2.0079200e-01  -1.7718749e-01  -1.8048686e-01  -5.4244903e-02
